event_id,sipm0,sipm1,sipm2,sipm3,sipm4,sipm5,sipm6,sipm7,sipm8,sipm9,sipm10,sipm11,sipm12,sipm13,sipm14,sipm15,x(mm),y(mm),z(mm),LCE (%)
0,3953,3706,3431,3147,6083,4468,3672,3317,9827,5256,3851,3455,6168,4786,3690,3209,7.32958,-28.8957,8.59949,48.0127
1,3241,3352,3377,3277,3373,3649,3718,3697,3866,4440,5171,4516,4084,6775,9683,5811,29.8972,5.30019,8.79308,48.02
2,5806,4515,3660,3246,9557,5478,3893,3352,6552,4570,3649,3349,4276,3887,3390,3197,-5.31327,-26.1285,8.84198,48.2513
3,3474,3419,3261,3213,4234,3982,3479,3163,7242,5073,3842,3382,10506,6216,3998,3435,20.3345,-24.2078,8.58451,47.946
4,3118,3211,3242,3305,3349,3456,3731,3909,3450,3632,4786,6005,3424,3971,6081,12640,27.2589,33.7085,8.93043,47.54
5,3455,3590,3569,3365,3840,4474,4652,3940,4171,6607,7172,4385,4160,5149,5462,4270,9.56783,1.14974,8.59467,48.174
6,11417,7036,4083,3541,6044,5025,3931,3356,3983,3823,3442,3235,3406,3283,3271,3158,-26.5779,-21.7737,8.80506,48.0227
7,3410,3335,3106,3099,4052,3792,3412,3213,6731,4828,3868,3331,12233,6020,3926,3311,24.229,-28.8919,8.77548,47.778
8,3874,5850,10039,6644,3777,4386,5412,4736,3354,3524,3683,3798,3143,3393,3353,3336,-28.0478,8.33604,8.76614,48.2013
9,3428,3295,3251,3122,3883,3880,3467,3252,6421,4778,3796,3345,12224,6117,3898,3410,25.6888,-32.7843,8.5856,47.7113
10,5799,4539,3617,3280,9309,5289,3870,3384,6690,4784,3689,3280,4175,3871,3398,3127,-4.61473,-26.7465,8.5085,48.0673
11,5582,9507,7070,4173,4268,5042,4656,3972,3605,3740,3711,3427,3307,3409,3359,3163,-31.4894,-4.04578,8.92228,47.994
12,6989,9848,5407,3742,5020,5232,4350,3642,3822,3852,3507,3298,3341,3415,3307,3143,-33.9263,-9.91877,8.93098,47.9433
13,3522,4214,7164,11211,3376,3951,4952,5998,3230,3450,3806,4011,3199,3246,3345,3401,-25.4893,20.9966,8.65887,48.0507
14,3251,3321,3447,3317,3406,3687,3831,3705,3823,4527,5251,4582,3947,6415,9805,5847,32.8785,5.80672,8.82544,48.108
15,3191,3297,3226,3288,3496,3636,3746,3635,3958,4689,5157,4459,4405,6974,9539,5428,28.4756,4.03616,8.8208,48.0827
16,7032,8234,4722,3763,5646,6463,4258,3602,4013,4053,3707,3323,3488,3513,3241,3201,-18.6802,-12.1576,8.97726,48.1727
17,4404,4061,3535,3284,6504,5342,3795,3342,8087,6226,3988,3412,5024,4361,3743,3205,2.97354,-19.053,8.94717,48.2087
18,3376,3452,3290,3169,4114,4096,3678,3326,5587,6683,4576,3663,6533,8125,4900,3695,18.112,-11.0246,8.96544,48.1753
19,3553,3529,3207,3283,4587,4070,3543,3286,8852,5269,3734,3271,8742,5520,3804,3423,14.6154,-33.5951,8.65786,47.782
20,5141,8069,6177,4123,4817,6040,5315,3869,3768,4105,3859,3569,3310,3398,3445,3232,-19.1449,-3.84499,8.59968,48.158
21,3444,3852,4473,4117,3577,4516,6903,5393,3536,4478,6587,5350,3419,3852,4173,4132,-0.645468,10.2806,8.65303,47.868
22,3646,4017,4265,4038,3802,4918,6629,4616,3723,5065,6995,4804,3572,3979,4318,3965,0.181163,5.73342,8.75338,48.2347
23,3390,3707,3746,3575,3725,4561,5046,4052,4177,6154,7691,4688,3832,4774,5180,4230,7.45962,2.96031,8.98966,48.352
24,3354,4011,5411,5396,3448,4324,7358,7179,3325,3935,5070,5096,3261,3445,3775,4033,-7.18765,14.9344,8.6111,48.2807
25,3112,3366,3632,3656,3250,3706,4217,4917,3398,3925,5729,9066,3370,3904,5399,7670,12.3258,23.4081,8.54158,48.2113
26,4409,4079,3531,3288,7662,4812,3810,3198,8904,5028,3723,3349,5213,4266,3518,3293,1.99795,-30.4701,8.89327,48.0553
27,3165,3163,3291,3433,3161,3346,3693,4199,3214,3769,4815,6970,3491,3966,6133,11830,22.2078,27.5125,8.87524,47.7593
28,4391,4112,3551,3190,6538,5405,3913,3320,7697,6292,4007,3353,5004,4634,3676,3287,2.61702,-18.6928,8.75493,48.2467
29,3379,4127,7483,11278,3408,3876,5054,5721,3219,3502,3787,3944,3156,3245,3374,3311,-28.003,20.6531,8.87264,47.9093
30,3448,3661,3652,3376,3948,4823,4376,3731,4796,7597,6103,4092,4530,5552,4885,3945,9.35497,-3.34258,8.66652,48.3433
31,6102,4751,3691,3320,9381,5683,3844,3435,6132,4475,3730,3292,4011,3853,3413,3107,-6.94421,-24.186,8.52968,48.1467
32,3232,3762,4729,5922,3359,3871,5642,9449,3297,3646,4710,6207,3181,3452,3821,4097,-6.16372,23.2301,8.87109,48.2513
33,3301,3549,3266,3078,3890,3855,3535,3222,5521,5019,3919,3439,10125,8123,4365,3544,31.848,-17.7649,8.80562,47.834
34,3156,3338,3640,3467,3401,3807,4591,4105,3651,4594,7526,5864,3714,4536,6808,5740,13.3354,10.798,8.55627,47.9587
35,3489,4641,8574,9446,3411,3941,5131,5524,3322,3545,3913,3810,3141,3252,3423,3429,-31.3038,16.0774,8.83546,47.9947
36,3897,4915,5756,4551,4012,5677,7887,5025,3569,4267,4759,4003,3280,3618,3599,3650,-9.86135,4.409,8.56013,48.31
37,4050,3869,3467,3065,5941,4871,3727,3247,9412,5729,3879,3360,5899,4611,3699,3331,6.51659,-23.3161,8.88881,48.1047
38,5079,4694,3855,3320,7231,7013,4204,3586,5819,5541,3968,3419,3983,3966,3507,3184,-4.21374,-15.8977,8.94069,48.246
39,7142,6371,4135,3400,7485,6546,4113,3490,4543,4298,3621,3241,3598,3595,3286,3202,-14.1755,-17.0855,8.64148,48.044
40,3210,3451,3689,3604,3471,4021,4649,4116,3796,5057,7811,5428,3679,4813,6612,5210,12.1945,8.25158,8.80219,48.4113
41,3403,3385,3254,3206,3737,3874,3476,3266,5085,5107,4218,3630,7640,9584,5188,3643,29.9113,-11.4438,8.76835,47.7973
42,7650,5019,3866,3360,9576,5185,3997,3451,5216,4185,3630,3243,3853,3583,3359,3086,-11.3488,-28.6457,8.52179,48.1727
43,3332,3381,3331,3297,3592,3924,4165,3873,4243,5816,6282,4443,4378,6559,6955,4664,16.9482,1.16113,8.73783,48.1567
44,3245,3410,3171,3117,3990,3775,3503,3249,6397,4724,3766,3352,12439,5964,3883,3419,25.6814,-31.6277,8.81808,47.6027
45,3630,3989,4235,3898,4035,5509,6580,4449,3972,5439,6576,4518,3644,4012,4219,3799,-0.0396743,3.12615,8.76669,48.336
46,3251,3551,4022,4493,3394,3814,5008,7174,3356,3985,5626,8514,3253,3627,4315,5065,1.94993,22.482,8.60399,48.2987
47,3128,3346,3586,3701,3328,3567,4140,4916,3320,3789,5129,9516,3384,3880,5119,8167,12.9702,31.4877,8.79822,48.0107
48,3356,3750,4957,5808,3367,3953,6119,8836,3273,3674,4723,5778,3179,3384,3779,3930,-6.97611,20.8901,8.65958,47.9107
49,3305,3792,4877,6310,3337,3811,5507,9450,3394,3693,4646,6045,3164,3420,3691,3961,-7.78346,24.4912,8.5029,48.2687
50,3204,3505,3493,3350,3554,3873,4120,3718,4293,6106,6467,4494,4363,6445,6639,4554,16.0888,0.645621,8.76823,48.1187
51,3174,3489,3753,4176,3315,3616,4703,6153,3396,3867,5741,9070,3261,3650,4762,5780,6.13795,22.5775,8.79803,47.9373
52,3235,3335,3266,3226,3541,3654,3730,3537,4125,5101,5048,4184,5045,8779,7868,4731,27.0189,-1.13609,8.85726,48.27
53,3418,3391,3383,3089,4152,3917,3415,3236,7799,5006,3809,3376,10875,5849,3966,3298,19.037,-26.8365,8.84678,47.986
54,5171,5301,4089,3513,6583,7648,4499,3625,4941,5141,3961,3443,3907,3825,3486,3183,-7.26683,-13.1568,8.60193,48.2107
55,3820,4396,4352,3743,4293,6440,6294,4128,4131,5734,5576,4153,3649,4076,4040,3540,-2.02497,-0.282498,8.76376,48.2433
56,3167,3216,3415,3490,3337,3427,3762,3992,3314,3721,4661,6018,3349,3918,5790,12267,33.1317,30.9446,8.60643,47.2293
57,3094,3133,3523,3494,3223,3627,4034,4467,3357,3958,5653,7880,3458,4191,6080,8733,16.2683,20.9567,8.91432,47.9367
58,4575,7106,7234,4606,4237,5823,5820,4300,3632,3891,4002,3645,3369,3532,3332,3324,-18.6729,0.0938484,8.68618,48.2853
59,3311,3629,4442,5590,3487,3861,5255,9368,3125,3676,4725,7021,3199,3409,3827,4225,-4.21821,27.9356,8.73953,48.1
60,3214,3293,3227,3154,3786,3793,3543,3406,5184,5445,4323,3691,7111,9901,5535,3762,26.4399,-10.3946,8.93485,48.2453
61,3239,3586,4245,4661,3371,3885,4915,7992,3259,3734,5010,8310,3284,3478,4267,4796,0.522875,33.1046,8.6581,48.0213
62,3180,3446,3797,3843,3334,3782,4837,5007,3483,4270,7313,7523,3388,3952,5464,5887,8.9844,16.3034,8.68062,48.3373
63,3278,3366,3338,3304,3694,3762,3733,3387,4577,5296,4639,3826,5836,9664,6559,4145,29.5646,-5.5738,8.77521,48.2693
64,8549,8333,4532,3661,6020,5762,4072,3452,3986,3999,3553,3296,3356,3388,3310,3134,-21.4622,-15.6645,8.94814,48.2687
65,11124,6211,4028,3419,7069,4960,3988,3369,4149,3871,3589,3249,3386,3397,3262,3091,-21.7704,-25.4846,8.53711,48.108
66,4678,4512,3614,3445,6801,6748,4119,3516,6030,5984,4011,3374,4217,4200,3536,3236,-2.04856,-15.1605,8.89475,48.014
67,3394,3687,3511,3424,4020,4517,4254,3644,4555,7238,6282,4217,4510,5612,5122,4011,10.7755,-2.06817,8.50054,47.9987
68,3254,3375,3950,3966,3387,3780,4877,5701,3416,4079,6590,8172,3403,3842,4897,5484,6.24733,18.1473,8.83505,48.1153
69,3433,4028,6759,11376,3356,3820,5047,6560,3137,3450,3935,4144,3074,3134,3408,3420,-23.2169,22.3705,8.63038,48.054
70,3248,3341,3359,3117,3675,3823,3746,3293,4692,5376,4755,3817,5944,9511,6265,4096,25.3036,-6.45774,8.73804,48.0387
71,3423,4059,5930,6686,3461,4212,6688,7439,3341,3720,4412,4690,3124,3403,3641,3643,-12.2673,16.5362,8.53179,47.9147
72,3275,3344,3228,3188,3934,3911,3575,3305,5646,5428,4129,3492,8343,8797,4823,3543,24.0489,-13.9923,8.75963,47.974
73,3255,3530,3655,3625,3336,3850,4324,4378,3543,4415,7462,6357,3554,4277,6496,6101,12.7838,13.0091,8.65542,48.1053
74,3200,3417,3493,3398,3553,3990,4093,3815,4084,5669,6768,4673,4179,5922,7133,4912,15.8984,3.05212,8.97761,48.1993
75,3461,3335,3241,3102,4037,3906,3472,3185,7273,4923,3881,3382,11490,6006,3894,3378,21.3366,-28.3033,8.74899,47.9773
76,3800,4311,4242,3707,4430,6654,5809,3974,4233,6123,5408,3994,3843,4102,3999,3628,-1.53926,-1.97204,8.82017,48.1713
77,3207,3420,4106,4482,3245,3727,4841,7101,3292,3865,5269,8984,3270,3717,4227,5210,2.88232,25.4693,8.89189,47.9753
78,10638,5664,3844,3491,8124,4974,3856,3339,4435,3847,3488,3226,3468,3412,3280,3043,-18.4321,-28.6319,8.96473,48.086
79,3453,4267,7845,10505,3428,3906,4969,5756,3244,3448,3905,3876,3090,3236,3331,3350,-30.8745,19.0048,8.57329,47.7393
80,3245,3376,3360,3239,3595,3695,3722,3633,3991,4735,5171,4312,4403,7354,9093,5081,27.2705,2.47103,8.76265,48.0033
81,3118,3432,3468,3375,3584,3854,4125,3723,4130,5548,6258,4419,4340,6411,7726,4953,18.2126,2.57724,8.68782,48.3093
82,3493,3863,4790,4758,3580,4392,7128,6526,3417,4093,5743,5492,3307,3659,4096,4141,-3.59861,13.7338,8.52163,48.3187
83,3139,3299,3323,3354,3304,3404,3874,3948,3339,3789,4740,6129,3328,3758,6157,12407,33.4676,25.9299,8.85905,47.528
84,3660,4256,4313,3841,3948,5907,6456,4263,3982,5489,6174,4341,3680,4030,4166,3751,-0.669483,1.70775,8.66078,48.1713
85,3346,3941,5536,8830,3313,3797,5361,8743,3244,3691,4141,4688,3177,3232,3450,3593,-15.017,24.5965,8.60823,48.0553
86,3073,3251,3453,3390,3270,3563,3847,3954,3598,4230,5259,5083,3674,5121,9791,7339,33.3717,11.0819,8.63444,47.9307
87,4319,5531,5467,4225,4414,7083,6589,4506,3845,4515,4427,3747,3373,3393,3677,3369,-11.4842,-0.52815,8.52817,48.32
88,3151,3360,3735,4042,3278,3699,4568,5835,3305,3833,5568,9605,3331,3730,4787,6390,7.79727,25.1271,8.57814,48.1447
89,4781,4608,3816,3257,6667,6966,4319,3486,5755,5921,3993,3419,4147,4076,3605,3298,-2.85701,-14.7577,8.87607,48.076
90,3294,3603,4284,4785,3294,3808,5597,7839,3343,3848,5295,7638,3211,3648,4150,4608,-0.552515,21.9292,8.51191,48.1633
91,3368,3931,6398,12469,3310,3790,4813,5885,3133,3332,3830,3883,3135,3184,3211,3390,-29.4099,25.7742,8.88652,47.3747
92,7632,6579,4248,3548,7106,6262,4127,3473,4355,4250,3667,3383,3621,3551,3272,3175,-15.6355,-17.2758,8.53112,48.166
93,3690,5247,9535,7533,3692,4147,5498,5156,3308,3521,3910,3818,3149,3215,3265,3344,-25.1426,11.5609,8.93313,48.0187
94,3354,3342,3360,3191,3688,3904,3724,3349,4845,5653,4370,3718,6741,9665,5594,3884,23.858,-9.13254,8.80169,48.2547
95,9465,8566,4455,3543,5476,5157,4062,3518,3867,3841,3411,3255,3383,3433,3239,3073,-30.6632,-16.599,8.53591,47.8293
96,5569,7781,5399,3866,5155,7078,4891,3822,3909,4263,3807,3381,3432,3392,3330,3186,-16.7791,-7.38991,8.94291,48.174
97,3264,3616,4179,4462,3437,3919,5744,6677,3391,3934,6177,7349,3327,3578,4472,4644,1.57362,17.5956,8.66002,48.1133
98,3127,3265,3458,3750,3259,3612,4057,4642,3338,3915,5210,9021,3459,3926,5437,8808,14.7526,32.5984,8.61475,48.1893
99,11271,7468,4222,3432,5859,4825,3852,3429,3993,3820,3542,3250,3412,3305,3267,3115,-29.148,-20.8333,8.69653,48.0413
100,3145,3333,3654,3909,3332,3705,4527,5437,3404,4079,5949,9177,3440,3830,5213,6421,9.27508,21.4044,8.69264,48.37
101,3162,3222,3445,3346,3234,3490,3713,3849,3432,3664,4797,6029,3384,4008,6527,12196,32.7506,24.337,8.94672,47.6653
102,3288,3342,3259,3095,3760,3840,3586,3358,5000,5382,4298,3588,7286,9938,5311,3767,27.0645,-10.2223,8.94142,48.0653
103,4885,4293,3634,3228,7693,5714,3815,3439,7243,5610,3854,3444,4552,4037,3566,3333,-1.019,-20.0077,8.81212,48.2267
104,3077,3250,3344,3316,3151,3503,3913,3845,3384,3967,5063,5584,3499,4481,8463,9932,30.3517,17.1399,8.92662,47.848
105,3260,3350,3369,3209,3592,3762,3634,3566,4297,5097,4844,4091,4887,8722,7812,4544,33.2913,-1.50236,8.96267,48.024
106,3387,3382,3174,3117,3931,3789,3332,3168,5915,4713,3890,3351,12303,6361,3892,3450,29.9385,-25.196,8.76545,47.4367
107,3434,3391,3147,3199,4366,3987,3471,3229,8448,5178,3855,3347,9815,5622,3875,3466,16.8786,-33.936,8.90222,47.8867
108,5006,4755,3743,3505,7446,6662,4156,3461,6043,5522,3975,3388,4192,3974,3576,3240,-3.45268,-16.5251,8.77264,48.4293
109,4545,6987,8063,4936,4124,5462,5811,4472,3486,3848,3872,3519,3298,3322,3504,3301,-20.3531,1.75965,8.53495,48.3667
110,3335,3764,4839,6606,3379,3817,5663,9646,3319,3663,4522,5654,3143,3394,3767,3836,-8.93909,23.7829,8.94306,48.2313
111,4497,5674,5137,3960,4721,7610,6171,4049,4051,4778,4180,3657,3467,3647,3455,3334,-10.5602,-3.46614,8.68622,48.2587
112,4414,3991,3636,3296,6270,5540,3901,3266,7547,6386,4024,3462,4909,4408,3700,3374,2.48309,-17.3058,8.90099,48.0827
113,8096,5823,3935,3432,8267,5944,3903,3449,4472,4211,3611,3297,3695,3584,3350,3141,-14.4968,-21.2789,8.5225,48.14
114,3511,3493,3492,3158,4347,4627,3909,3459,5523,7873,4962,3712,5357,6534,4711,3773,12.1655,-8.84751,8.65691,48.294
115,3265,3444,4192,4847,3265,3762,4919,8478,3248,3720,4943,8349,3321,3507,4150,4733,-0.207402,28.515,8.89744,48.0953
116,3475,4059,6499,12149,3384,3760,4775,6007,3243,3472,3823,3780,3048,3236,3322,3372,-30.5155,24.2606,8.64955,47.6027
117,3368,3634,3485,3230,3892,4206,3848,3622,4680,6707,5706,4073,4880,7075,5733,4115,15.6903,-3.64897,8.70491,48.1693
118,3900,3696,3269,3149,5256,4278,3625,3279,9514,5448,3833,3413,7412,5042,3826,3381,10.6395,-26.8349,8.65861,48.214
119,3656,3551,3323,3187,4786,4156,3520,3280,9478,5203,3815,3435,8010,5208,3799,3332,13.1131,-28.4518,8.83375,47.826
120,3184,3373,3303,3268,3329,3630,3838,3746,3731,4514,5668,4820,4037,5948,9571,6165,24.422,7.54744,8.82585,48.0833
121,5566,7775,5485,3852,5194,7107,4880,3813,3775,4109,3790,3485,3436,3569,3272,3191,-16.89,-7.58959,8.99521,48.1993
122,4298,3849,3543,3148,6840,4675,3671,3349,9336,5286,3866,3423,5506,4395,3681,3192,4.38378,-25.9957,8.87284,48.0387
123,3293,3516,4453,5426,3355,3848,5317,9457,3369,3690,4653,7134,3216,3416,3952,4341,-3.89308,27.1232,8.97326,48.2907
124,7020,4983,3812,3326,9887,5201,3790,3383,5427,4133,3575,3321,3651,3623,3343,3075,-10.3095,-30.6395,8.81166,47.7
125,3749,4091,3937,3666,4235,6146,5502,3941,4490,6378,5948,4034,3844,4356,4216,3831,1.67509,-1.43176,8.74241,48.2427
126,3633,3974,4000,3657,4065,5573,5576,4101,4151,6398,6366,4268,3790,4332,4338,3859,2.80724,0.273568,8.53935,48.054
127,3189,3315,3571,3629,3302,3642,4035,4705,3356,3829,5021,9221,3216,3918,5354,8644,13.8388,31.0255,8.83919,47.9647
128,3305,3152,3410,3273,3608,3699,3655,3601,4038,4987,5265,4292,4558,7635,8740,5027,25.7518,1.91091,8.81411,48.1633
129,3784,4905,9159,8115,3594,4203,5521,5342,3379,3494,3861,3867,3065,3234,3380,3281,-25.3591,12.7479,8.86529,48.1227
130,3670,3751,3560,3347,4208,4927,4106,3639,5398,8057,5163,3832,4825,5873,4582,3698,9.74161,-6.91304,8.56545,48.424
131,7867,9339,4956,3683,5188,5411,4192,3575,3832,3979,3485,3384,3332,3329,3264,3114,-31.94,-12.6829,8.5957,47.9533
132,3126,3222,3427,3495,3190,3437,3933,4304,3468,3773,5009,7681,3333,3917,5707,10673,19.2163,28.2165,8.92847,47.7967
133,3320,3869,5306,7216,3324,4003,5830,9167,3240,3687,4299,5121,3116,3287,3547,3670,-11.4241,22.2642,8.71916,48.0013
134,8350,5260,3796,3479,9318,5239,3713,3429,4905,4223,3467,3283,3588,3497,3242,3126,-13.2806,-31.4644,8.93158,47.9433
135,3830,4913,7799,6243,3703,4633,6797,5425,3450,3900,4099,4036,3253,3352,3483,3427,-17.1523,9.81955,8.5452,48.2287
136,3261,3602,4256,4655,3417,3920,5452,7594,3316,3832,5515,7505,3372,3757,4218,4666,-0.0444199,20.811,8.91741,48.2253
137,3275,3552,4070,4724,3408,3745,4834,8242,3452,3694,5083,8258,3244,3541,4214,4877,0.197523,28.1125,8.75485,48.142
138,3964,5359,7927,5485,3726,4931,6877,5112,3563,3815,4086,3988,3187,3468,3412,3282,-17.1084,7.33011,8.81555,48.1213
139,11877,5988,3935,3430,6672,4907,3791,3385,4010,3788,3482,3200,3308,3272,3210,3018,-24.0941,-31.7703,8.54946,47.5153
140,3149,3340,3259,3385,3350,3740,3824,3781,3688,4433,5686,4871,3918,5790,9818,6488,25.3567,8.30889,8.78271,48.3467
141,3093,3428,3703,3873,3233,3694,4317,5592,3399,3834,5324,9857,3376,3745,4894,6981,9.55257,28.1442,8.73365,48.2287
142,7948,7294,4471,3589,6620,6052,4125,3584,4227,4083,3584,3395,3372,3454,3289,3140,-17.935,-16.235,8.75868,48.1513
143,3538,4008,5111,4982,3652,4322,7458,6906,3466,3862,5365,5217,3250,3489,3852,3944,-5.74114,14.346,8.66745,48.2813
144,3285,3368,3414,3208,3597,4024,3879,3633,4440,6625,5874,4152,4750,7151,6419,4404,16.8989,-1.79857,8.93908,48.1487
145,3234,3579,4380,5292,3318,3767,5347,8998,3192,3647,4830,7213,3205,3455,3970,4455,-2.76238,25.0328,8.94481,47.9213
146,4345,6788,9506,5363,4061,4656,5111,4459,3454,3725,3858,3668,3174,3389,3389,3267,-32.3588,4.0614,8.71282,48.142
147,12075,6251,3959,3385,6472,4838,3763,3290,4044,3803,3415,3151,3435,3489,3150,3122,-25.1799,-26.4355,8.66851,47.7613
148,3133,3395,3569,3540,3440,3703,4279,4429,3546,4318,6823,6865,3477,4454,6705,7014,15.0507,14.8489,8.82578,48.46
149,4782,7994,7495,4581,4345,5606,5306,4099,3595,3747,3757,3610,3371,3339,3312,3255,-21.8037,-0.696265,8.78792,48.1293
150,3152,3341,3775,3736,3422,3735,4724,4953,3545,4306,7483,6965,3533,4104,5730,5684,9.65611,14.5964,8.66545,48.1253
151,3463,3634,3904,3785,3729,4378,5710,4400,3785,5179,7796,5243,3662,4222,4950,4327,5.31088,7.16041,8.76948,48.1113
152,3179,3409,3478,3194,3484,3752,4008,3741,3900,4908,6535,4875,4044,5852,8446,5517,18.9409,6.11325,8.95864,48.2147
153,3402,3968,6445,11235,3300,3773,4974,6946,3242,3437,3877,4079,3142,3208,3494,3481,-22.6641,24.7383,8.56506,48.002
154,4936,8596,7802,4591,4223,5098,5052,4120,3669,3755,3756,3506,3276,3353,3323,3270,-26.3169,-1.40991,8.67645,48.2173
155,3673,3556,3400,3053,4778,4360,3617,3267,8736,5859,3935,3426,7436,5532,4030,3384,12.4852,-21.6392,8.80035,48.028
156,3127,3473,3960,4143,3394,3697,5105,5918,3456,4017,6522,8077,3422,3783,4802,5235,5.3086,18.3612,8.76225,48.0873
157,8371,6710,4211,3490,7076,5980,4033,3476,4281,4075,3563,3294,3587,3653,3215,3041,-17.1511,-18.4526,8.57505,48.0373
158,3823,5695,10047,6374,3751,4399,5236,4689,3373,3589,3837,3761,3264,3210,3377,3420,-33.3673,8.30366,8.9663,47.8967
159,5293,6660,4618,3719,5660,7962,4748,3718,4098,4613,3836,3339,3525,3774,3409,3274,-12.6016,-9.5322,8.85781,48.164
160,4400,7445,9009,5250,3998,4914,5119,4298,3560,3773,3732,3660,3238,3319,3412,3285,-33.5027,2.54987,8.748,48.2747
161,3453,3391,3259,3174,4148,3956,3383,3255,7183,5060,3851,3390,11547,6080,3920,3347,21.5458,-26.6326,8.87982,48.2647
162,6524,5648,3997,3429,7931,6629,4143,3447,4993,4440,3746,3398,3800,3759,3282,3120,-10.9013,-18.2333,8.60093,48.1907
163,3576,4356,6173,6117,3593,4359,7312,6896,3338,3898,4516,4489,3161,3369,3542,3696,-12.3987,14.2237,8.73744,48.2607
164,6915,9897,5460,3675,4923,5360,4406,3772,3855,3806,3580,3365,3334,3423,3148,3170,-29.2508,-9.69222,8.54052,48.0593
165,3406,3497,3198,3046,4074,3973,3430,3194,6600,5114,4000,3388,10769,6897,4181,3423,22.598,-21.7574,8.51025,48.1267
166,3548,4531,8186,8916,3483,4119,5582,5968,3273,3511,3889,4039,3054,3203,3467,3354,-21.6941,16.1363,8.98378,48.082
167,3440,3487,3502,3390,3758,4261,4476,3825,4305,6295,6998,4409,4200,5603,5905,4469,12.4498,1.81927,8.65249,48.2153
168,3151,3056,3374,3336,3279,3512,3687,3890,3437,3756,4862,6415,3383,3888,6164,12315,25.516,29.269,8.60502,47.67
169,3909,3803,3414,3176,5692,4485,3660,3330,9222,5858,3960,3403,6242,4937,3745,3346,8.15123,-22.0697,8.95333,48.1213
170,3342,3966,5449,9726,3395,3840,5008,8659,3240,3453,4046,4519,3205,3237,3514,3552,-16.3058,29.0745,8.77697,48.1007
171,3118,3316,3509,3681,3339,3549,3974,4961,3320,3904,5236,9393,3355,3825,5183,8215,12.8645,30.9931,8.92511,47.9187
172,3883,4090,3906,3560,4740,6346,4763,3834,4820,7260,5183,3807,4084,4568,4126,3647,1.70024,-5.40052,8.54967,48.4113
173,3228,3571,4315,5220,3324,3721,4939,9120,3332,3780,4821,7440,3188,3455,4028,4440,-2.66684,28.3758,8.94487,47.948
174,3364,3409,3337,3059,4494,3868,3570,3300,8281,5110,3745,3486,9874,5645,3867,3514,17.2217,-28.3378,8.53873,47.9487
175,5222,8839,7410,4542,4394,5322,4887,4007,3501,3768,3799,3418,3341,3340,3314,3124,-25.0781,-2.5978,8.78876,48.152
176,3436,3584,3481,3482,3814,4402,4149,3722,4399,7256,6106,4160,4513,6089,5460,3974,12.428,-2.71559,8.5562,48.018
177,3477,3399,3177,2975,4061,3962,3465,3276,7069,4946,3754,3379,11516,5950,3962,3397,21.9147,-30.3235,8.54456,47.8433
178,4451,7210,8929,5241,3963,4782,5250,4360,3551,3771,3880,3520,3240,3270,3328,3244,-25.9241,2.90049,8.60758,47.9933
179,4221,5391,6107,4360,4084,6224,7153,4528,3653,4266,4442,3879,3274,3468,3618,3417,-12.6313,2.24673,8.7717,48.0567
180,3999,4887,5846,4638,3946,5731,7918,4878,3622,4247,4700,4023,3340,3547,3654,3483,-10.2288,4.54519,8.81176,48.306
181,10148,5737,3928,3440,7981,5048,3850,3424,4346,4029,3519,3215,3461,3504,3271,3104,-18.2595,-28.1034,8.60869,48.0033
182,3366,3945,5489,7216,3432,4029,6360,8582,3233,3545,4382,4968,2976,3330,3644,3652,-11.9226,19.6847,8.81166,48.0993
183,3398,3730,4863,5954,3361,3920,5912,9120,3273,3802,4687,5994,3159,3355,3884,4061,-6.9839,21.9775,8.58478,48.3153
184,4086,3829,3410,3122,6640,4715,3675,3261,9706,5139,3667,3311,5684,4543,3658,3273,5.29743,-30.8473,8.87475,47.8127
185,4566,7428,8395,5007,3988,5216,5405,4225,3719,3681,3808,3684,3186,3389,3453,3370,-22.9749,1.57571,8.5891,48.3467
186,3393,3895,6040,12728,3424,3741,4647,6155,3220,3470,3794,3933,3121,3223,3313,3322,-27.4402,33.1022,8.80203,47.6127
187,3165,3207,3464,3294,3234,3448,3978,3986,3510,3908,5047,5839,3484,4300,7747,10547,26.7794,18.949,8.8023,48.1053
188,3691,3912,3550,3261,4986,4940,3889,3456,6961,7367,4371,3579,5582,5547,3962,3500,8.74917,-14.3591,8.57579,48.3693
189,3322,3407,3107,3210,3970,3836,3469,3133,6449,5115,3874,3295,11405,6723,4084,3408,23.9037,-23.0743,8.96409,47.8713
190,3649,3558,3313,3068,4727,4150,3453,3291,8646,5566,3808,3417,8605,5500,3870,3365,14.6587,-24.3345,8.68171,47.9907
191,3229,3672,3722,3759,3528,4045,5368,4627,3709,4877,7977,5957,3603,4197,5323,4930,7.30725,9.83156,8.53985,48.3487
192,4106,5162,4988,4001,4474,6831,6711,4333,3876,4820,4648,3947,3537,3716,3801,3538,-7.9842,-0.458958,8.51792,48.326
193,3618,4726,7832,6762,3548,4463,6670,5895,3319,3612,4244,4012,3081,3226,3535,3485,-17.5336,12.502,8.57912,48.0187
194,3643,3532,3267,3126,4676,4150,3539,3285,8822,5434,3802,3450,8878,5373,3891,3374,14.8154,-27.0265,8.63136,48.1613
195,6379,5257,3861,3355,8392,6441,4036,3496,5243,4585,3657,3258,3772,3894,3325,3127,-9.76538,-19.2508,8.57845,48.052
196,3353,3946,5585,9464,3417,3846,5226,8312,3257,3421,3986,4438,3148,3225,3456,3518,-16.8724,32.7251,8.52487,47.732
197,3304,3385,3443,3195,3648,3907,3831,3481,4615,6205,4864,3908,5456,8885,6353,4216,20.9437,-5.20891,8.79948,48.464
198,6880,5227,3923,3341,8977,6074,3901,3319,5283,4343,3683,3337,3723,3557,3332,3105,-10.6225,-21.4352,8.77819,48.0033
199,3208,3220,3409,3543,3241,3337,3634,3867,3429,3732,4692,5851,3322,3816,5959,12663,33.5176,33.6216,8.95041,47.282
200,3382,3424,3123,3190,3880,3660,3476,3132,5975,4740,3705,3367,12529,5854,3812,3311,32.9127,-32.6001,8.91697,47.04
201,3454,3321,3210,3172,4081,3780,3463,3118,6486,5130,3772,3305,11526,6641,4033,3375,23.1605,-23.7507,8.92249,47.9113
202,6574,9761,5810,4068,4816,5451,4416,3709,3811,3710,3600,3478,3420,3392,3262,3025,-25.1799,-8.61814,8.69088,48.202
203,3627,3494,3389,3168,4685,4112,3704,3429,8362,5943,3954,3483,7937,5866,3942,3386,14.1111,-21.151,8.55835,48.3207
204,4540,4179,3607,3205,6968,5493,3943,3323,7547,6038,3948,3349,4840,4401,3634,3252,1.49103,-19.2248,8.73254,48.178
205,12306,5930,3942,3453,6242,4791,3816,3417,3967,3874,3507,3214,3384,3478,3261,3026,-25.6072,-29.0931,8.50776,47.7387
206,8412,5949,4013,3482,8201,5783,3881,3499,4563,4158,3583,3260,3650,3558,3313,3065,-15.1382,-21.1272,8.95002,48.2467
207,7935,9195,5097,3632,5134,5517,4131,3549,3870,3864,3539,3324,3420,3512,3276,3190,-25.3028,-12.298,8.54512,48.1233
208,3629,3687,3578,3372,4180,4979,4332,3628,5007,8145,5658,3947,4514,5246,4520,3743,7.48693,-5.23517,8.74642,48.11
209,4273,6854,9486,5598,3901,4808,5162,4401,3395,3686,3829,3784,3400,3327,3211,3269,-30.7434,3.94473,8.61702,48.256
210,5437,4574,3684,3346,8773,5981,4037,3455,6213,4822,3777,3405,4187,3818,3526,3268,-5.43229,-20.6492,8.63281,48.202
211,3473,3918,6057,12336,3392,3679,4859,6563,3178,3529,3763,3957,3097,3198,3323,3360,-24.3675,30.2311,8.97545,47.788
212,3230,3474,3306,3325,3611,3783,3724,3483,4401,5148,4711,3951,5139,9314,7036,4335,33.5856,-3.68866,8.70464,47.9807
213,4749,7978,8481,4815,4186,4900,4948,4149,3490,3656,3695,3630,3362,3338,3322,3200,-30.6805,0.398172,8.97635,47.9327
214,4081,4973,4718,3900,4475,7319,6505,4243,3979,5124,4764,3814,3527,3764,3663,3551,-6.52388,-1.65807,8.60302,48.2667
215,3289,3586,4404,4859,3404,3853,5357,8360,3254,3819,5232,7690,3301,3454,4119,4526,-1.20149,23.4071,8.76778,48.338
216,4103,3870,3558,3163,6341,4567,3632,3361,9768,5254,3812,3450,5729,4655,3631,3289,5.75835,-33.3875,8.58756,48.122
217,3171,3318,3388,3378,3363,3566,3858,3935,3415,3988,5267,5945,3467,4443,7958,9765,25.0591,17.9708,8.59377,48.15
218,3612,3584,3276,3176,4536,4100,3495,3193,7634,6169,4080,3410,7803,6197,4036,3491,15.0021,-19.0237,8.63425,47.8613
219,3414,3644,3843,3518,3763,4852,5257,4101,4055,6177,7510,4680,3803,4581,4892,4090,6.03296,2.44411,8.61743,48.12
220,3595,3944,4245,4029,3800,5168,6496,4454,3886,5273,6809,4713,3664,4134,4392,3899,0.612776,4.48866,8.5366,48.334
221,4406,4047,3616,3183,7343,4882,3599,3352,9103,5093,3735,3354,5135,4373,3625,3317,2.69791,-30.3333,8.86123,48.1087
222,3460,4072,5685,9865,3455,3821,5148,8225,3237,3470,3989,4262,3138,3272,3459,3554,-17.6851,32.2319,8.61,48.0747
223,6240,9987,6033,4070,4667,5148,4391,3688,3740,3679,3438,3252,3262,3322,3287,3164,-30.4218,-7.08281,8.85137,47.5787
224,8635,7343,4367,3324,6802,5942,4191,3371,4143,4090,3570,3192,3421,3501,3195,3023,-18.9249,-17.6855,8.67212,48.0733
225,3624,3813,3554,3400,4183,4934,4264,3571,4980,8009,5505,3919,4457,5418,4590,3729,8.45542,-5.898,8.74703,47.9667
226,3869,3558,3305,3134,5552,4345,3596,3217,9906,5383,3869,3278,7082,5058,3635,3250,9.70173,-26.5199,8.95675,48.0247
227,3357,3394,3273,3215,3964,3888,3605,3296,5751,5172,3891,3454,10455,7933,4272,3329,33.6671,-18.5193,8.78557,48.166
228,12269,6611,4026,3319,5948,4808,3820,3327,3947,3760,3513,3132,3447,3383,3264,3132,-29.9799,-23.7717,8.78223,47.804
229,3927,3992,3629,3433,5132,5767,4150,3595,6053,7736,4547,3582,4664,4806,3952,3437,3.70122,-11.5315,8.72059,48.268
230,3950,4364,3796,3539,4734,6816,4841,3700,4914,7223,5116,3715,4029,4515,3985,3562,0.891,-6.7412,8.89932,48.5327
231,3086,3105,3364,3396,3312,3425,3843,3944,3457,3794,4933,5944,3283,4107,7435,11208,33.9067,20.0672,8.89958,47.7573
232,8855,5340,3937,3378,8682,5069,3932,3306,4616,4257,3547,3237,3551,3410,3238,3212,-15.3924,-33.4735,8.72904,47.7113
233,5569,8101,5650,3952,4911,6678,4925,3870,3742,4011,3830,3505,3343,3396,3276,3303,-18.0681,-6.4776,8.70115,48.0413
234,10801,6674,4251,3420,6702,5069,3961,3383,4099,3907,3481,3159,3451,3472,3166,3137,-21.8126,-22.0282,8.86115,48.0887
235,3322,3817,4936,5944,3373,4038,6124,8821,3484,3644,4842,5663,3173,3457,3709,3950,-7.24899,20.3553,8.50029,48.198
236,10713,7141,4207,3276,6397,5065,3811,3453,4053,3924,3423,3279,3421,3461,3227,3021,-22.8499,-20.7583,8.74165,47.9147
237,3197,3230,3360,3475,3289,3399,3752,3891,3413,3889,4904,5895,3285,3883,6317,12243,32.4236,25.344,8.57729,47.6147
238,3307,3321,3277,3407,3467,3687,3719,3585,4070,4907,4940,4244,4355,7816,9007,4971,33.2033,1.63905,8.96327,48.0533
239,9722,6101,4002,3328,7700,5345,3966,3505,4414,3898,3613,3275,3505,3480,3221,3137,-17.9197,-23.2703,8.70224,48.1413
240,3457,3569,3330,3147,4200,4215,3733,3394,5825,6932,4593,3725,6220,7589,4693,3808,16.3628,-11.2458,8.70351,48.2867
241,4198,6033,8906,5777,3816,4771,5960,4788,3396,3634,3835,3764,3132,3392,3420,3351,-21.1654,6.0119,8.74267,48.1153
242,3283,3582,3446,3362,3721,4136,4095,3674,4667,6730,6268,4145,4575,6694,5956,4331,14.7931,-1.53352,8.83989,48.4433
243,3952,4531,4375,3711,4417,6763,5983,4210,4229,5642,5421,4091,3645,4075,4027,3599,-2.66207,-1.68807,8.96143,48.4473
244,3985,4403,4118,3627,4498,6888,5491,3899,4411,6248,5213,4048,3853,4191,4051,3539,-1.48261,-3.66421,8.54757,48.3087
245,4160,4658,4592,3876,4500,7339,6417,4168,4103,5276,4880,3726,3662,3842,3695,3475,-5.50264,-1.84425,8.968,48.246
246,3700,4241,5287,4612,3752,5071,8148,5397,3580,4210,5291,4385,3247,3688,3997,3755,-6.56172,7.81373,8.63461,48.2407
247,6128,7770,4910,3768,5697,7195,4640,3743,3996,4341,3829,3417,3416,3477,3218,3135,-16.4025,-10.2867,8.75437,48.4533
248,12376,6498,4010,3343,6069,4709,3902,3411,3988,3829,3344,3169,3537,3413,3257,3054,-27.829,-25.4188,8.85003,47.9393
249,3343,3808,5013,6530,3472,3804,5973,9090,3310,3830,4446,5498,3234,3370,3732,3901,-9.03352,21.7134,8.64557,48.236
250,3272,3513,4103,4673,3426,3697,4893,8109,3338,3761,4993,8429,3250,3553,4251,4837,0.656546,28.9513,8.58115,48.0653
251,3462,3504,3569,3403,3839,4445,4341,3754,4498,7162,6687,4204,4233,5690,5474,4175,11.1125,-1.02968,8.76573,48.2933
252,3486,3941,5240,5251,3633,4398,7588,6780,3396,3894,5141,4901,3331,3542,3731,3771,-7.27753,13.7215,8.81573,48.016
253,12823,5890,3896,3404,5894,4590,3733,3340,3939,3722,3418,3259,3390,3318,3355,3200,-32.8281,-32.0733,8.78632,47.4473
254,3658,4610,8090,7980,3593,4265,5982,5870,3280,3546,3948,3996,2996,3303,3479,3502,-20.1822,14.5321,8.78889,48.0653
255,3296,3293,3196,3112,3792,3790,3460,3259,6470,4900,3904,3331,12532,5872,3892,3430,26.394,-30.4148,8.77035,47.686
256,3692,5173,9698,7715,3677,4104,5213,5142,3329,3573,3774,3814,3113,3327,3408,3386,-28.845,11.5044,8.79371,48.092
257,3339,3785,5166,7884,3353,3844,5167,9322,3269,3621,4195,4955,3229,3344,3544,3682,-12.7613,33.2023,8.51722,47.7993
258,3366,4036,5527,10317,3374,3829,5021,8160,3337,3450,3902,4257,3140,3214,3442,3458,-18.2381,31.258,8.86602,47.8867
259,5566,5678,4182,3493,6770,7747,4524,3483,4651,4910,3843,3455,3578,3700,3430,3202,-9.90378,-13.2817,8.61392,48.1413
260,3458,3290,3297,3131,4078,3754,3424,3182,6016,4954,3798,3319,11924,6799,4035,3438,30.9583,-22.8702,8.73005,47.9313
261,5085,9160,7258,4162,4386,5015,4853,4045,3591,3934,3765,3458,3388,3301,3405,3165,-33.9844,-2.57811,8.77771,47.9807
262,7115,9819,5337,3680,5023,5215,4341,3685,3698,3813,3617,3314,3310,3376,3309,3205,-32.9371,-10.8093,8.74759,47.9047
263,7413,9892,5141,3664,5028,5408,4297,3611,3766,3829,3596,3296,3341,3245,3217,3172,-31.5209,-11.2359,8.78741,47.944
264,12728,5858,3899,3399,5869,4695,3719,3416,3885,3736,3383,3264,3262,3451,3373,3166,-30.5947,-33.3776,8.929,47.402
265,5151,4834,3748,3336,7360,6743,4161,3431,5679,5310,3925,3423,4216,4094,3485,3189,-4.87432,-16.4405,8.71109,48.0567
266,3388,3376,3275,3005,4095,3949,3500,3119,7217,5233,3869,3401,10615,6438,3993,3456,20.784,-22.5142,8.85413,47.9527
267,3106,3302,3557,3744,3375,3646,4142,4774,3392,3868,5599,9065,3407,3907,5469,7972,13.3101,23.6,8.65048,48.2167
268,4056,5984,9962,6163,3736,4449,5264,4685,3365,3624,3873,3564,3160,3351,3308,3332,-29.7821,7.29366,8.85489,47.9173
269,3395,3618,4262,5184,3285,3809,5098,8879,3378,3709,4692,7556,3242,3460,3951,4492,-2.1038,29.2972,8.63972,48.0067
270,3888,3852,3320,3196,5868,4458,3569,3269,9837,5213,3869,3381,6556,4846,3817,3362,7.99021,-28.0903,8.77804,48.2007
271,4618,5425,4364,3701,5532,7968,5009,3816,4407,5225,4272,3397,3807,3775,3747,3422,-7.22623,-8.01106,8.56025,48.3233
272,6282,4952,3714,3311,9284,5910,3953,3369,5738,4697,3615,3343,3866,3728,3403,3123,-7.90905,-22.4803,8.55372,48.192
273,3476,3385,3233,3078,3853,3811,3365,3206,6038,4900,3883,3417,11451,7484,4214,3307,27.5154,-20.7273,8.96481,48.0673
274,5401,4431,3543,3251,9358,5101,3823,3270,7202,4613,3637,3410,4346,3973,3460,3327,-3.28327,-27.2579,8.95968,48.0973
275,3449,3765,4328,4171,3718,4578,6830,5112,3693,4717,6994,5168,3484,3837,4404,4190,0.176766,8.93291,8.87463,48.292
276,8725,5226,3833,3394,9355,5078,3794,3365,4747,4170,3493,3265,3581,3455,3212,3141,-14.1542,-30.2798,8.88102,47.8893
277,3707,5061,9264,7457,3504,4330,5605,5332,3356,3545,3944,3896,3089,3259,3343,3202,-24.1659,11.9327,8.62605,47.9293
278,3558,3540,3441,3108,4431,4513,3691,3232,6908,7078,4352,3471,6479,6577,4393,3542,13.6589,-14.4087,8.68556,48.2093
279,9227,5833,3973,3415,8103,5467,3901,3466,4474,3990,3643,3309,3499,3544,3205,3099,-16.7008,-23.0616,8.97198,48.0987
280,3322,3902,5634,8674,3402,3883,5333,8923,3176,3521,4064,4653,3135,3323,3496,3509,-15.0053,25.334,8.73365,47.9667
281,3260,3603,3796,4029,3509,3968,5256,4888,3503,4380,7641,6578,3576,4012,5205,5134,7.03397,13.3322,8.63435,48.2253
282,3485,3516,3286,3195,4091,4185,3682,3445,5596,6850,4553,3630,6300,7695,5008,3782,17.0011,-10.5821,8.67989,48.1993
283,3447,3934,6079,12372,3364,3765,4865,6585,3197,3434,3778,4004,3042,3238,3464,3383,-24.7291,27.9396,8.67387,47.9673
284,3486,3373,3198,3122,3856,3830,3463,3125,6182,4829,3898,3329,12640,6277,3975,3432,27.4048,-26.6561,8.94628,48.01
285,3167,3509,3983,4203,3383,3690,4643,6578,3343,3886,5165,9421,3292,3598,4512,5668,4.81412,33.2598,8.60478,48.0273
286,3441,3337,3181,3090,3877,3822,3582,3201,5381,5457,4064,3603,8555,8977,4831,3670,25.8236,-14.013,8.78868,48.046
287,3038,3362,3613,3447,3227,3675,3935,4204,3493,4118,5793,6612,3506,4295,7205,8476,18.8665,17.5626,8.52597,47.9993
288,12303,6098,3898,3417,6261,4731,3641,3424,3979,3793,3517,3233,3391,3410,3241,3099,-26.7393,-28.6794,8.53506,47.624
289,3155,3285,3407,3403,3164,3508,3976,4352,3452,3946,5419,7309,3413,4088,6497,9702,19.1364,21.6787,8.59694,48.0507
290,4568,3949,3516,3132,7564,4882,3697,3359,9053,5088,3806,3338,5051,4290,3620,3214,2.15954,-28.0604,8.76972,48.0847
291,4177,6504,8648,5257,3986,5067,5864,4519,3536,3856,3956,3622,3252,3313,3339,3225,-20.8684,3.88841,8.90876,48.0807
292,5668,6626,4552,3763,5809,7437,4705,3723,4326,4504,3921,3442,3643,3538,3344,3268,-13.1169,-10.5724,8.63509,48.1793
293,4405,3935,3416,3216,7143,4732,3692,3214,9324,5022,3715,3438,5529,4333,3680,3298,3.56862,-29.6538,8.5175,48.0613
294,3199,3390,3536,3716,3328,3487,4385,5270,3377,3970,5713,9598,3322,3796,5206,7118,10.8447,23.1264,8.74953,48.274
295,9204,7549,4409,3472,6259,5425,4071,3524,4021,3932,3540,3349,3514,3339,3206,3025,-21.9295,-18.186,8.60145,47.8927
296,5568,4456,3632,3270,9568,5102,3725,3319,6959,4608,3761,3281,4282,3849,3538,3165,-4.42364,-27.5468,8.72047,48.0553
297,7177,5267,3882,3352,9257,5846,3942,3427,5076,4520,3673,3197,3718,3665,3373,3178,-11.1323,-22.3708,8.76859,48.3667
298,3362,3423,3296,3134,3859,3891,3591,3232,5155,5287,4176,3507,7725,9721,5087,3575,32.0968,-11.998,8.68459,48.014
299,3327,3240,3262,3189,3752,3849,3650,3439,4615,5617,4781,3940,5571,9074,6501,4172,24.0798,-4.7588,8.59779,47.986
300,3922,3882,3401,3118,5677,4515,3598,3280,9978,5206,3824,3381,6675,4742,3820,3344,8.58435,-31.4215,8.90917,48.242
301,3612,3558,3354,3137,4865,4241,3540,3189,9358,5501,3914,3357,8067,5290,3843,3328,13.2466,-24.2905,8.82629,48.1027
302,3498,3323,3142,3147,4161,3898,3494,3187,6894,5212,3832,3445,10765,6605,4004,3272,21.4196,-22.7241,8.79924,47.9193
303,3175,3405,3622,3852,3314,3592,4303,5631,3319,3711,5123,10075,3390,3547,4861,7054,9.7239,30.3107,8.95283,47.9827
304,3964,3764,3395,3154,5774,4293,3630,3304,10109,5276,3814,3408,6634,4672,3728,3217,8.32687,-27.9441,8.81975,48.0907
305,3213,3258,3187,3114,3911,3748,3496,3298,6331,4853,3801,3409,12523,5936,3959,3388,25.7161,-32.0479,8.95073,47.6167
306,10595,7804,4149,3325,5899,5020,3842,3391,3960,3854,3529,3251,3457,3498,3289,3178,-33.5382,-19.1168,8.73375,48.0273
307,3031,3266,3546,3420,3304,3689,3979,4294,3569,4156,6438,6775,3457,4496,7319,7766,17.6268,15.967,8.8185,48.3367
308,4037,4223,3757,3457,4881,6278,4474,3611,5347,7357,4909,3747,4415,4507,3820,3444,2.03564,-9.07023,8.5808,48.176
309,3254,3266,3325,3242,3420,3693,3739,3594,3983,4961,4956,4380,4471,7486,8965,5164,28.3222,2.33071,8.62991,47.9327
310,6371,8038,4957,3778,5548,6710,4468,3674,3980,4104,3747,3381,3497,3470,3262,3173,-17.9694,-11.0902,8.52686,48.1053
311,3417,3381,3207,3010,4355,3871,3433,3181,7913,5109,3696,3422,10229,6064,3848,3336,18.594,-25.7261,8.94821,47.648
312,3695,4770,9140,8723,3540,4081,5225,5422,3166,3487,3766,3787,3157,3235,3361,3305,-28.0615,14.6043,8.69557,47.9067
313,3072,3175,3509,3458,3172,3431,4059,4465,3474,3921,5360,7799,3314,3980,6169,9599,17.9031,22.5341,8.83579,47.9713
314,3437,3469,3262,3141,4121,3896,3428,3268,7430,4930,3718,3398,11206,5919,3853,3354,20.7847,-30.0819,8.6171,47.8867
315,3492,3580,3455,3258,3900,4496,4062,3601,4966,7383,5639,3890,4841,6515,5326,3870,12.899,-4.49226,8.52764,48.1827
316,3346,3397,3251,3077,3997,3803,3490,3227,5732,5398,3928,3530,9993,8029,4491,3546,26.707,-17.8034,8.50087,48.1567
317,12302,5888,3885,3417,6296,4752,3777,3447,3927,3776,3382,3269,3371,3401,3311,3212,-25.1213,-33.1434,8.81863,47.6087
318,3224,3439,3795,3656,3495,3896,4909,4423,3739,4802,7981,5879,3686,4313,5804,5117,9.69611,10.4755,8.90916,48.1053
319,4790,4228,3516,3150,8349,4957,3801,3275,8359,4936,3690,3378,4781,4246,3587,3204,0.147054,-27.5507,8.85394,48.1647
320,3447,4121,6934,11189,3364,3827,5044,6638,3221,3403,3784,4003,3036,3168,3389,3363,-23.4646,22.9569,8.94994,47.954
321,3029,3308,3345,3365,3119,3522,3738,4044,3486,3918,4970,5961,3514,4178,7270,11261,27.6584,20.65,8.58648,48.0187
322,5050,8541,7511,4525,4215,5225,4945,4039,3585,3798,3722,3601,3257,3401,3445,3311,-24.9779,-1.59714,8.56198,48.114
323,11019,7512,4273,3336,5781,5257,3890,3347,4020,3875,3475,3187,3364,3346,3151,3125,-33.9697,-19.7301,8.80056,47.972
324,4855,4853,3900,3416,6376,7518,4346,3557,5245,5626,4110,3494,4036,4011,3622,3272,-4.58973,-12.9102,8.58813,48.158
325,3147,3315,3362,3280,3227,3486,3630,3880,3331,3795,4849,5976,3463,3957,5949,12504,30.6728,31.1365,8.87754,47.434
326,7165,7726,4616,3605,6062,6491,4355,3620,4162,4130,3739,3361,3528,3473,3196,3211,-17.5295,-13.4606,8.92816,48.2933
327,3414,3940,5955,8016,3431,4034,5862,8155,3358,3590,4239,4660,3093,3388,3543,3635,-14.4429,21.0784,8.6008,48.2087
328,4250,5557,5415,4314,4386,7015,6641,4197,3815,4427,4378,3768,3440,3537,3581,3385,-11.082,-0.674987,8.90238,48.0707
329,12747,5965,3876,3291,6067,4759,3644,3240,3988,3754,3421,3218,3414,3393,3222,3149,-33.6224,-30.1738,8.93784,47.432
330,3814,5281,9804,7351,3514,4211,5379,5044,3320,3489,3910,3786,3117,3376,3373,3316,-27.4928,11.0997,8.80414,48.0567
331,4392,4038,3557,3220,7084,5242,3724,3435,8332,5735,3769,3379,5064,4389,3628,3273,2.65749,-21.2238,8.71962,48.174
332,3114,3307,3386,3436,3376,3643,3792,3798,3804,4380,5298,4849,3814,5367,9751,6802,30.7664,9.70352,8.71812,47.9447
333,3239,3456,3827,4197,3286,3594,4557,6606,3297,3858,5287,9677,3294,3666,4527,5792,5.37188,26.8768,8.79037,48.1067
334,3762,4366,6580,5625,3743,4647,7921,5916,3382,3862,4504,4298,3122,3500,3510,3543,-12.5733,10.7618,8.91496,48.1873
335,3517,3563,3270,3258,4651,3980,3519,3221,8676,5253,3793,3409,9317,5306,3897,3420,15.9023,-32.4177,8.94489,48.0333
336,4736,4298,3690,3252,7686,5343,3816,3264,7768,5309,3855,3399,4723,4195,3620,3296,-0.0209115,-21.6932,8.63695,48.1667
337,4590,5118,4148,3527,5976,7963,4723,3568,4761,5529,4206,3599,3827,3930,3556,3315,-5.54147,-10.7252,8.74885,48.224
338,5276,4370,3531,3304,8745,5415,3803,3316,7228,4753,3757,3286,4511,3956,3462,3239,-2.79092,-24.3674,8.69602,47.968
339,5194,6749,5167,3828,5297,7528,5226,3861,3976,4325,3895,3483,3484,3522,3493,3256,-13.8173,-6.83664,8.53242,48.1893
340,3430,3393,3167,3115,4182,3882,3458,3163,6460,4942,3783,3311,12166,5906,4045,3431,24.4125,-31.5395,8.56544,47.8893
341,8132,9350,4765,3542,5240,5198,4301,3457,3950,3848,3515,3312,3387,3303,3294,3201,-33.6651,-13.0154,8.80999,47.8633
342,3490,4179,6009,5821,3659,4422,7537,6849,3368,3732,4634,4592,3144,3481,3738,3692,-10.9778,13.4385,8.82804,48.2313
343,3151,3430,3411,3205,3537,3784,3867,3669,3985,5116,6049,4669,4207,6411,8534,5282,20.4002,4.10332,8.70792,48.2047
344,3529,3867,3865,3776,3788,4833,5861,4428,4011,5686,7473,4584,3671,4211,4598,4125,3.3372,3.8027,8.6508,48.204
345,3103,3140,3442,3334,3183,3533,4036,4140,3369,3964,5431,6882,3526,4159,6912,9850,20.6064,20.3186,8.74604,48.0027
346,3323,3426,3435,3216,3648,3905,3908,3629,4326,5493,5671,4159,4679,7440,7505,4772,20.4343,0.490498,8.51299,48.3567
347,3173,3210,3283,3388,3297,3511,3806,3981,3478,4100,5604,5688,3706,4646,8708,8753,23.3213,14.8811,8.88531,48.2213
348,3117,3248,3367,3336,3199,3394,3772,3836,3432,3982,5109,5841,3420,4182,7406,11318,28.2948,20.5707,8.75164,47.9727
349,3753,3693,3359,3156,5371,4417,3656,3416,9809,5118,3731,3313,7012,4966,3883,3302,9.8659,-31.3763,8.63397,47.97
350,3737,3523,3276,3169,4896,4243,3607,3148,9307,5511,3917,3304,7910,5356,3803,3362,12.5813,-24.6696,8.82944,48.046
351,3435,3378,3228,3097,4079,3909,3561,3205,6163,5346,3981,3422,9853,7570,4291,3380,22.9122,-18.4792,8.60066,47.932
352,3167,3370,3450,3320,3387,3765,3682,3627,3844,4669,5222,4394,4187,6745,9565,5630,32.6015,4.39567,8.805,48.016
353,4818,4311,3486,3321,7995,4939,3877,3426,8204,4983,3846,3334,4686,4162,3613,3251,0.305612,-33.956,8.5628,48.168
354,5183,9034,7195,4362,4422,5142,4778,3961,3714,3805,3737,3456,3223,3498,3400,3225,-33.5857,-2.78556,8.522,48.09
355,3208,3388,3372,3171,3769,3828,3730,3393,4707,5602,4659,3816,5781,9479,6398,4007,24.9388,-5.70662,8.76065,48.2053
356,11386,6209,3838,3479,7156,5010,3818,3366,4091,3762,3512,3215,3446,3458,3289,3083,-21.7638,-24.3801,8.95353,48.0787
357,3289,3597,4591,5886,3378,3752,5371,9528,3374,3755,4460,6548,3283,3444,3859,4163,-5.89142,26.7942,8.62,48.1853
358,3412,3960,6222,10506,3400,3935,5218,7436,3261,3493,3999,4127,3140,3263,3445,3426,-20.061,23.3879,8.84908,48.162
359,3318,3443,3430,3242,3654,4013,4012,3579,4276,5774,6256,4566,4550,6672,7004,4780,17.4858,0.899335,8.74835,48.3793
360,3065,3283,3478,3591,3250,3584,4043,4579,3271,3914,5418,8414,3364,3907,5742,9137,15.889,24.4246,8.61816,48.0267
361,3202,3464,3874,4112,3365,3910,5036,5704,3509,4073,6600,8064,3260,3869,4696,5447,6.34834,18.4314,8.63254,48.1233
362,3260,3930,5804,11650,3368,3714,4780,7133,3270,3562,3828,4210,3101,3166,3371,3337,-21.763,30.3975,8.95594,47.656
363,3266,3293,3488,3554,3302,3584,4169,4620,3518,3896,5851,8239,3409,3971,5856,8415,15.1755,21.1556,8.5709,48.2873
364,3996,4095,3692,3410,5119,5835,4062,3500,6183,7640,4564,3576,4655,4945,3917,3324,4.23736,-11.9793,8.711,48.342
365,3477,3853,5385,8119,3432,3829,5303,9250,3350,3495,4125,4839,3092,3272,3599,3665,-13.4224,25.5661,8.58557,48.0567
366,3277,3786,6020,12672,3412,3742,4754,6110,3278,3524,3816,3966,3126,3232,3342,3430,-32.77,29.8042,8.91181,47.658
367,3308,3781,5022,7101,3433,3854,5364,9811,3379,3522,4387,5339,3102,3186,3599,3757,-10.1452,25.6841,8.71699,47.9633
368,3171,3522,4037,4431,3397,3820,5445,6882,3376,3989,5926,7902,3272,3719,4454,4902,2.16462,19.6358,8.56378,48.1633
369,5083,8270,7117,4583,4344,5608,5261,4135,3511,3854,3889,3442,3305,3451,3320,3319,-21.7268,-1.89499,8.61674,48.328
370,3099,3230,3451,3625,3219,3512,4136,4626,3366,3904,5138,8915,3400,3894,5486,8896,14.8693,27.8798,8.81221,47.9313
371,7062,5132,3876,3359,9232,5698,3908,3493,5225,4327,3619,3280,3821,3669,3294,3088,-10.3661,-23.6601,8.57957,48.0553
372,3176,3617,4371,4952,3339,3822,5409,8742,3354,3849,5094,7144,3144,3458,4044,4376,-2.19025,22.5996,8.92769,47.9273
373,12454,6220,3913,3308,6547,4776,3769,3244,3908,3720,3478,3198,3405,3463,3257,3207,-26.7053,-28.2156,8.6144,47.9113
374,3266,3728,4393,4959,3442,3962,5851,8090,3421,3734,5294,7011,3182,3533,4119,4384,-1.78738,20.4058,8.76501,48.246
375,3273,3683,4092,4438,3374,3964,5851,6243,3457,4133,6492,6938,3327,3766,4481,4741,1.9565,16.2523,8.62301,48.1687
376,3507,3484,3247,3084,4613,4118,3420,3235,8544,5223,3952,3399,9417,5474,3812,3383,16.0857,-27.6108,8.6006,47.9413
377,3265,3922,6493,12286,3413,3807,4891,5993,3267,3554,3766,3919,3077,3279,3415,3419,-31.1116,24.924,8.82915,47.844
378,3179,3171,3387,3627,3110,3541,4109,4629,3380,3834,5443,8564,3281,3868,5615,9114,15.8065,25.1415,8.77994,47.9013
379,3568,3988,4379,4049,3704,5127,7105,4748,3766,4675,6692,4775,3467,3896,4192,4072,-1.00732,6.36178,8.80792,48.1353
380,3474,3643,3444,3225,4083,4356,4003,3604,5209,7685,5054,3830,5208,6813,4950,3752,13.2358,-7.36081,8.93132,48.222
381,3503,3714,3698,3519,4003,4932,4883,3885,4458,6828,6756,4272,4006,4847,4793,4016,6.78102,-0.198082,8.54782,48.0753
382,3981,6026,9545,6069,3785,4580,5709,4590,3443,3668,3795,3750,3129,3247,3459,3336,-23.8194,7.17727,8.62736,48.0747
383,3365,3987,4583,4633,3498,4348,7189,6155,3541,4189,6144,5570,3375,3688,4176,4103,-2.71092,12.9952,8.65153,48.3627
384,3760,3595,3355,3121,5517,4374,3603,3238,9880,5312,3855,3390,7055,4929,3801,3391,9.90701,-28.1288,8.69846,48.1173
385,4010,3897,3457,3144,6008,4661,3637,3360,8975,5992,3951,3430,5826,4818,3661,3245,6.61522,-21.6445,8.52171,48.048
386,12477,6059,3938,3281,6330,4844,3732,3368,3987,3751,3464,3258,3450,3406,3202,3160,-25.9881,-31.5216,8.78039,47.8047
387,4332,6356,7352,4950,4191,5566,6461,4538,3574,3889,3953,3766,3246,3504,3404,3311,-17.2631,2.75682,8.77227,48.262
388,3468,3790,4568,4515,3522,4245,6953,6908,3479,3988,5978,5853,3350,3626,4147,4219,-2.32413,14.8894,8.95491,48.406
389,6666,7442,4578,3686,6039,6821,4408,3583,4152,4287,3747,3393,3433,3350,3331,3225,-16.5164,-12.931,8.82494,48.094
390,3109,3308,3476,3738,3393,3565,4138,4931,3422,3811,5406,8963,3351,3784,5278,8377,13.5292,25.6163,8.68936,48.0333
391,3581,3445,3359,3081,4431,4183,3604,3350,7521,6258,4052,3589,7728,6424,4186,3398,15.1717,-18.402,8.76011,48.1267
392,3387,3357,3135,3214,3900,3808,3440,3335,6636,4789,3910,3447,11856,6044,3971,3370,23.6561,-33.1134,8.63859,47.7327
393,5481,4483,3668,3278,9513,5125,3796,3376,7007,4562,3719,3323,4240,3926,3446,3312,-4.02539,-31.585,8.83069,48.17
394,3402,3956,5587,8274,3400,3916,5519,9161,3209,3508,4195,4807,3010,3203,3624,3571,-13.6909,23.8951,8.9234,48.228
395,3593,3669,3456,3183,4313,4668,3888,3498,6015,7796,4871,3712,5336,6268,4587,3664,11.4412,-10.2087,8.64344,48.3447
396,4164,4007,3626,3284,5556,5880,3932,3453,6629,7177,4233,3637,4789,4634,3871,3493,3.40067,-14.0774,8.67074,48.2433
397,3097,3269,3423,3603,3169,3577,3992,4333,3325,3829,5263,8130,3405,3888,5916,9574,17.0092,24.2081,8.61402,47.862
398,4909,4352,3581,3143,8460,5153,3754,3417,7829,5014,3795,3262,4689,4146,3517,3315,-0.850142,-25.0391,8.63534,48.224
399,5722,6695,4645,3598,6092,7783,4601,3656,4170,4435,3803,3463,3522,3568,3467,3214,-13.2416,-11.2284,8.55157,48.2893
400,3190,4028,5623,7336,3377,3977,6145,8745,3237,3608,4331,4898,3113,3288,3548,3808,-12.3212,21.1654,8.93493,48.168
401,3099,3241,3370,3388,3234,3404,3760,3816,3396,3693,4725,6127,3408,3797,6187,12894,29.8489,27.2059,8.93241,47.6927
402,3771,3925,3514,3135,4587,4864,3931,3383,6380,7973,4635,3670,5282,5694,4223,3601,9.39477,-11.9081,8.6924,48.3787
403,3749,3989,3826,3577,4170,5819,5163,3982,4479,6970,6157,4176,3957,4430,4325,3796,2.87185,-1.80168,8.84972,48.3767
404,3358,3674,4474,4425,3491,4430,6986,5735,3452,4260,6747,5700,3388,3567,4298,4229,-0.849673,11.6978,8.772,48.1427
405,12351,6202,3905,3410,6016,4743,3792,3405,3818,3819,3419,3382,3386,3306,3201,3206,-27.0948,-33.854,8.6264,47.574
406,3090,3361,3438,3358,3415,3630,4054,3913,3727,4468,6576,5386,3769,5101,8259,6412,18.6445,9.8912,8.76319,47.9713
407,3367,3920,6110,12619,3303,3714,4703,6323,3300,3485,3622,3902,3126,3265,3454,3382,-26.3193,29.5378,8.92374,47.73
408,3132,3297,3607,3595,3355,3559,4331,4651,3553,3982,6062,8167,3334,4031,5982,7715,14.1679,20.0255,8.53547,48.2353
409,4171,4089,3548,3234,6835,4854,3756,3399,9152,5099,3904,3450,5268,4393,3705,3409,3.65161,-33.9764,8.53481,48.1773
410,3724,4180,4472,3976,4036,5944,6936,4599,3982,5272,5837,4228,3618,3867,4108,3710,-2.35789,2.39053,8.69666,48.326
411,3293,3790,4405,4507,3493,4047,6531,6343,3423,4203,6247,6198,3344,3607,4237,4395,-0.497268,14.9608,8.68557,48.042
412,3485,3503,3329,3073,4258,3948,3667,3293,7114,5512,3969,3433,9452,6921,4160,3345,19.2024,-20.1431,8.6178,48.308
413,3120,3207,3463,3432,3198,3495,3907,4089,3381,3980,5353,6497,3482,4321,7380,10045,21.818,19.29,8.81842,48.2333
414,3097,3259,3461,3435,3314,3433,3710,3871,3313,3774,4630,5879,3374,3917,5878,12356,32.9514,31.1526,8.6901,47.134
415,9045,8754,4800,3714,5289,5016,4115,3437,3914,3804,3573,3230,3372,3387,3268,3151,-29.9789,-15.523,8.64903,47.9127
416,11851,6475,3884,3327,6631,4843,3825,3354,4141,3756,3491,3188,3314,3316,3273,3133,-23.9543,-24.6054,8.87506,47.868
417,3671,4705,8874,8936,3404,4023,5405,5327,3182,3603,3814,3857,3127,3295,3336,3411,-27.2905,15.1688,8.69089,47.98
418,3232,3337,3428,3318,3302,3828,4079,3972,3836,4556,6689,5273,3870,5330,8283,6143,18.55,9.34434,8.94069,48.3173
419,3472,3715,3815,3737,3819,4794,5269,4055,4057,6208,7620,4594,3727,4655,5026,4134,5.91107,2.78906,8.71456,48.4647
420,4461,3933,3459,3178,6982,4973,3857,3436,8482,5670,3867,3393,5117,4387,3679,3140,2.64145,-22.6203,8.50294,48.0093
421,12629,6082,3817,3314,6004,4700,3765,3364,3842,3732,3313,3351,3428,3468,3284,3231,-33.8755,-27.4103,8.85023,47.5493
422,5317,4621,3787,3396,8620,5825,3914,3451,6556,4984,3775,3329,4205,3998,3426,3180,-4.0451,-22.3311,8.51576,48.256
423,3877,4342,4445,3800,4230,6398,6615,4253,4185,5397,5547,4020,3629,3974,3989,3689,-2.69556,0.351191,8.84349,48.26
424,7952,6523,4131,3528,7261,6218,3990,3519,4420,4116,3686,3304,3589,3566,3390,3032,-15.6017,-18.2369,8.5397,48.15
425,7890,5173,3747,3418,9421,5211,3741,3444,5142,4295,3531,3252,3725,3625,3345,3169,-12.3853,-30.0114,8.55149,48.086
426,3199,3556,3787,4172,3319,3684,4645,6042,3458,3821,5685,9287,3278,3725,4767,5970,6.34145,22.8515,8.70224,48.2633
427,7112,10027,5448,3811,4963,5214,4249,3729,3839,3898,3593,3268,3371,3338,3266,3153,-30.8571,-10.2085,8.74284,48.186
428,3498,4005,6266,9626,3481,3901,5415,7610,3264,3494,4002,4325,3108,3306,3444,3550,-18.0286,22.7133,8.6567,48.1967
429,3423,4026,6187,12339,3294,3793,4851,6102,3233,3439,3720,3893,3100,3225,3367,3438,-26.7588,32.9969,8.50971,47.62
430,4226,5227,4445,3781,5070,7959,5635,3911,4258,5239,4358,3579,3618,3767,3542,3454,-7.26578,-5.2813,8.69781,48.046
431,3627,4138,4973,4524,3659,4944,7793,5545,3586,4356,5756,4753,3526,3699,4018,3781,-4.86479,8.83758,8.59181,48.452
432,3317,3640,4647,5887,3381,3885,5097,9792,3299,3754,4538,6297,3315,3448,3882,4034,-5.90703,33.2904,8.78049,48.142
433,3942,5693,8600,6050,3792,4789,6387,5163,3429,3653,4024,3992,3120,3398,3405,3291,-19.5735,8.16731,8.693,48.4853
434,3326,3410,3169,3154,3900,3762,3435,3223,6136,4692,3786,3397,12701,6035,3857,3463,27.2265,-28.9315,8.76528,47.6307
435,3730,5058,9212,7032,3626,4294,5894,5234,3176,3499,3946,3772,3163,3337,3509,3434,-22.5235,11.1723,8.85018,47.944
436,3269,3367,3441,3331,3345,3709,3820,3626,3946,4723,5307,4459,4368,6871,9253,5500,26.6225,4.37036,8.59025,48.2233
437,11539,6812,4023,3459,6299,5113,3756,3333,4097,3893,3463,3221,3355,3438,3166,3101,-24.5963,-22.4055,8.73745,48.0453
438,4169,3855,3319,3130,6557,4732,3689,3373,9558,5288,3866,3319,5810,4542,3661,3230,5.26926,-26.4426,8.80719,48.0653
439,3128,3484,3762,3826,3351,3908,4984,4949,3539,4223,7479,7168,3616,4043,5427,5473,7.98187,14.6772,8.63545,48.24
440,3467,3483,3495,3205,3995,4332,3714,3420,5493,7073,4636,3642,6054,7634,4953,3793,16.4053,-9.79378,8.84552,48.2593
441,3261,3430,3915,4063,3362,3853,4998,5701,3422,4083,6819,8037,3422,3791,4928,5417,5.87205,17.7657,8.86874,48.3347
442,3196,3597,3887,4072,3478,3911,5350,5731,3395,4209,7011,7405,3447,3758,4827,5097,4.82712,16.2277,8.50819,48.2473
443,3412,3521,3150,3036,4338,4039,3523,3270,7804,5002,3934,3416,10113,6040,4002,3377,18.6948,-24.2412,8.54977,47.9847
444,4110,5706,8038,5255,3892,5219,6689,4800,3504,3823,4127,3836,3207,3406,3496,3413,-17.4669,5.41573,8.95851,48.3473
445,3319,3333,3337,3114,3929,3854,3451,3181,5893,4685,3843,3344,12674,6057,3918,3362,28.3287,-30.961,8.86836,47.5293
446,4750,7463,6888,4540,4377,6007,5520,4226,3660,3963,3935,3524,3387,3446,3378,3291,-18.6787,-1.35062,8.79399,48.2367
447,5427,7535,5369,4000,4980,7063,5133,3835,3890,4436,3785,3515,3417,3501,3408,3276,-16.0324,-6.5772,8.6005,48.38
448,3164,3259,3441,3367,3220,3389,3776,3996,3440,3904,5189,5626,3508,4262,7980,10239,31.9356,18.1553,8.74714,47.84
449,3430,3896,6039,12214,3442,3740,4780,6582,3259,3561,3807,3950,3097,3117,3450,3366,-24.534,30.459,8.53377,47.82
450,4172,4315,3788,3361,5093,6463,4359,3580,5674,7295,4653,3649,4345,4639,3846,3299,1.79737,-10.3138,8.98544,48.354
451,3399,3414,3175,3048,4130,3907,3407,3192,6746,5025,3784,3413,11674,6267,3911,3384,22.9452,-25.3852,8.64525,47.9173
452,4053,3790,3463,3310,6184,4833,3669,3357,8811,6007,3909,3454,5443,4675,3702,3314,5.07601,-21.1738,8.77986,47.9827
453,8361,5376,3692,3396,9225,5429,3868,3321,4898,4284,3595,3266,3634,3571,3363,3094,-13.6482,-25.5508,8.74906,48.2487
454,4062,5272,6107,4552,4147,6202,7387,4719,3689,4097,4440,3899,3373,3467,3625,3358,-11.8082,2.67979,8.65231,48.264
455,5424,9013,6730,4231,4477,5654,4834,3830,3701,3868,3755,3376,3367,3381,3262,3157,-23.1416,-4.5969,8.99676,48.04
456,6071,4485,3754,3292,9608,5318,3866,3400,6349,4479,3622,3239,4081,3978,3530,3236,-6.04362,-26.0333,8.77133,48.2053
457,3423,3605,3617,3441,3755,4489,4430,3737,4246,6885,6730,4340,4210,5484,5321,4173,10.6797,-0.674533,8.77426,47.924
458,3153,3251,3468,3604,3266,3521,3974,4363,3334,3899,4949,8098,3424,3992,5583,9929,17.6132,33.3236,8.61124,47.872
459,3446,3463,3155,3190,4080,4075,3593,3311,6438,6425,4259,3494,7399,7490,4554,3625,17.3783,-14.5207,8.99959,47.998
460,3167,3328,3359,3344,3368,3608,3872,3934,3623,4237,5502,5049,3836,5211,9487,7302,26.5858,11.2344,8.63375,48.1513
461,7216,5031,3815,3323,9493,5572,3882,3393,5334,4413,3495,3367,3929,3627,3347,3103,-10.8532,-24.5414,8.59284,48.2267
462,6393,4792,3607,3334,10026,5215,3757,3328,6010,4410,3706,3264,3984,3720,3323,3301,-7.7073,-30.7943,8.76463,48.1133
463,3920,3827,3474,3324,5135,5034,3838,3206,7798,6987,4196,3427,5703,5101,3908,3326,7.67469,-16.5419,8.6331,48.136
464,3276,3418,3572,3434,3293,3668,4389,4373,3592,4319,7044,6569,3607,4442,6663,6765,14.379,14.3871,8.61436,48.2827
465,9500,8409,4369,3512,5502,5099,4085,3491,3956,3837,3545,3203,3367,3337,3260,3231,-33.0741,-16.6419,8.73447,47.802
466,7370,9391,5151,3768,5173,5698,4366,3636,3766,3735,3699,3401,3470,3362,3226,3001,-23.4161,-11.3846,8.84171,48.142
467,3416,3534,3284,3224,4105,3698,3426,3246,6389,4961,3822,3400,11212,6960,4065,3451,24.9887,-21.9643,8.57842,48.1287
468,3530,3449,3393,3194,4142,4325,3683,3321,5889,6999,4504,3774,6176,7396,4788,3665,15.9661,-11.0498,8.62958,48.152
469,3458,3605,3488,3195,3980,4453,3993,3571,5092,7957,5382,3855,5035,6586,4911,3838,12.3554,-6.24494,8.86518,48.266
470,3646,3552,3309,3157,4569,4124,3567,3227,9119,5141,3777,3327,9257,5390,3813,3329,15.2035,-30.781,8.99256,48.2027
471,8829,8823,4661,3612,5574,5462,4095,3540,3858,3900,3515,3286,3429,3305,3256,2990,-24.6436,-15.0048,8.95514,48.09
472,3968,3947,3541,3262,5403,5422,3933,3495,6957,7382,4225,3596,4988,4886,3821,3470,5.19678,-14.511,8.6417,48.1973
473,4220,5993,7621,5106,3973,5448,6642,4716,3518,3923,4142,3802,3283,3357,3482,3361,-17.145,3.97716,8.96018,48.3913
474,3183,3291,3496,3230,3317,3659,3792,3767,3742,4386,5336,4881,3759,5609,9954,6594,33.8077,8.78888,8.67171,47.9973
475,4806,5796,4475,3686,5461,8246,5079,3839,4371,4760,4087,3538,3466,3766,3444,3320,-9.89316,-7.996,8.90852,48.0933
476,3178,3369,3476,3343,3350,3670,4061,4058,3576,4127,5937,5893,3689,4845,8338,7645,20.5329,14.0308,8.58175,48.37
477,4763,5278,4221,3526,5615,8136,5015,3708,4463,5465,4007,3557,3792,3825,3614,3256,-6.77446,-9.41795,8.6225,48.1607
478,3128,3367,3708,3908,3320,3623,4441,5942,3354,3837,5323,9819,3265,3794,4771,6598,8.12303,26.3815,8.6302,48.132
479,6191,8459,5086,3858,5115,6349,4706,3810,3856,4067,3652,3398,3446,3591,3264,3250,-18.7342,-9.19112,8.57157,48.0653
480,4164,6507,9629,5708,3922,4469,5225,4616,3485,3642,3818,3642,3118,3231,3371,3311,-31.193,5.18702,8.65876,47.9053
481,3264,3591,3985,3974,3482,4165,5716,5114,3543,4615,7829,6054,3436,4014,4935,4636,4.91278,11.2659,8.79719,48.2353
482,3254,3454,3441,3256,3626,3900,3899,3438,4681,5664,4858,3844,5277,8803,6493,4183,21.8782,-4.49983,8.66648,48.0473
483,3307,3360,3300,3072,3668,3789,3501,3312,4674,5300,4403,3692,6603,9988,5803,3972,30.5311,-8.31583,8.95119,47.8293
484,3451,3787,4299,4206,3524,4356,6750,5482,3529,4471,6979,5656,3370,3809,4311,4282,0.264665,11.2587,8.97309,48.1747
485,3101,3331,3396,3498,3207,3451,3906,4275,3365,3897,5066,7854,3367,4056,5689,10613,19.0438,32.5688,8.98593,48.048
486,3452,4095,6358,9025,3495,4014,5776,7646,3249,3449,4108,4293,3058,3240,3499,3515,-17.1818,20.2178,8.88669,48.1813
487,4124,5448,6848,4834,3969,5699,7185,4703,3610,3982,4275,3917,3239,3496,3494,3297,-14.7105,4.03601,8.67515,48.08
488,3176,3251,3403,3386,3207,3399,3968,3984,3366,3890,4841,7050,3439,3893,5793,11763,21.6647,33.5233,8.90053,47.8727
489,3310,4129,7117,11445,3379,3752,4904,5787,3177,3483,3829,3946,3148,3277,3435,3418,-32.5522,21.5397,8.78156,47.6907
490,3226,3433,3610,3833,3367,3748,4718,4694,3568,4384,7820,6880,3531,4173,5833,5628,10.2161,13.7964,8.97128,48.2973
491,7621,7088,4360,3500,6723,6284,4118,3509,4198,4129,3669,3223,3423,3618,3356,3054,-17.0654,-15.9513,8.74012,47.9153
492,3403,3840,5598,8566,3377,3990,5345,8713,3253,3496,4013,4714,3116,3291,3528,3643,-14.6859,24.1502,8.62915,47.924
493,3227,3736,4927,7091,3459,3818,5198,9873,3250,3612,4394,5537,3126,3262,3664,3898,-9.78296,28.8874,8.83677,48.048
494,4894,8414,7977,4712,4235,5050,4890,4174,3600,3774,3815,3486,3246,3429,3221,3287,-33.4883,-0.750452,8.81646,48.136
495,3233,3332,3340,3189,3628,3776,3724,3497,4181,5121,5121,4160,4735,8063,8195,4791,26.128,0.16656,8.7557,48.0573
496,3129,3318,3533,3414,3518,3803,4228,3772,3878,5229,7025,4917,4073,5700,7595,5230,16.5062,5.31822,8.91233,48.2413
497,3148,3301,3381,3329,3438,3571,3762,3736,3832,4539,5387,4697,4149,6054,9661,6149,25.0602,6.89573,8.91851,48.0893
498,8229,6489,4155,3532,7326,6160,4003,3466,4307,4155,3661,3349,3488,3544,3279,3191,-16.2672,-18.3217,8.87347,48.2227
499,3385,3786,4701,4939,3452,4093,6805,7252,3414,3959,5488,5846,3320,3642,3983,4123,-3.88634,15.9534,8.93267,48.1253
500,3653,3722,3180,3113,5077,4208,3581,3196,9468,5475,3840,3371,8026,5288,3817,3458,12.7539,-25.472,8.94141,48.3153
501,3143,3252,3398,3285,3282,3516,3894,3875,3391,4125,5670,5534,3663,4894,8947,8267,23.596,13.7548,8.95493,48.0907
502,3312,3831,5012,7643,3438,3912,5240,9533,3288,3620,4127,5198,3196,3232,3647,3676,-11.3228,31.7551,8.68893,47.9367
503,3991,6134,9844,6076,3833,4501,5242,4685,3363,3650,3852,3684,3108,3275,3304,3287,-31.0492,6.61732,8.53691,47.886
504,3605,4838,9469,8024,3614,4174,5205,5260,3234,3624,3857,3759,3102,3315,3370,3301,-32.9804,12.7756,8.80658,47.834
505,3210,3400,3866,4263,3329,3769,4674,7114,3386,3894,5160,9369,3280,3677,4455,5435,3.54405,29.1479,8.88798,48.1873
506,5544,7079,4742,3818,5488,7586,4864,3818,4201,4517,3745,3451,3432,3574,3467,3172,-14.1307,-9.41738,8.7247,48.332
507,3417,3262,3223,3117,4216,3900,3418,3199,7372,5184,3814,3317,10864,6146,3968,3398,20.147,-25.4346,8.8127,47.8767
508,4174,3955,3430,3249,6809,4728,3765,3373,9635,5109,3801,3352,5409,4465,3671,3331,4.0526,-33.542,8.71886,48.1707
509,3158,3455,3483,3452,3481,3957,4207,3937,3771,5094,7375,5124,3843,5286,7434,5392,15.5596,6.64007,8.96921,48.2993
510,12325,6035,3992,3358,6377,4854,3771,3427,4013,3828,3487,3273,3411,3365,3239,3092,-24.7641,-32.2352,8.73982,47.898
511,3385,3478,3251,3181,3897,3991,3506,3243,5391,5744,4259,3621,7750,8734,4909,3655,22.4125,-13.032,8.76442,47.9967
512,3285,3820,6183,11685,3419,3873,4969,6978,3230,3457,3885,4037,3016,3250,3353,3312,-22.8611,26.1933,8.81811,47.8347
513,4194,4552,3928,3532,5115,7362,4758,3709,4834,6463,4629,3630,4030,4318,3774,3507,-1.49155,-8.51006,8.72607,48.2233
514,3734,4093,4535,3935,4020,5618,7018,4540,3827,5057,6149,4478,3537,3955,4140,3829,-1.83933,3.68226,8.5596,48.31
515,3418,4090,5727,5722,3587,4288,7585,7026,3351,3909,4653,4911,3200,3507,3584,3824,-9.90558,14.5009,8.8949,48.2547
516,3508,3437,3172,3107,3931,3726,3433,3270,5535,4980,3990,3437,10190,8362,4465,3525,30.0477,-17.6673,8.76702,48.0453
517,9546,6212,3958,3319,7800,5471,3988,3375,4400,4089,3638,3181,3432,3414,3237,3144,-17.8322,-22.2618,8.96808,48.136
518,3749,3670,3388,3147,4342,4609,3774,3275,6745,7599,4472,3617,5814,6112,4294,3570,11.3053,-12.9754,8.56668,48.118
519,3075,3411,3553,3572,3305,3516,4117,4721,3481,3881,5112,9240,3312,3860,5290,8587,13.9162,31.9207,8.64111,48.022
520,4217,5590,5914,4476,4236,6242,7226,4586,3739,4363,4489,3798,3358,3476,3582,3451,-12.1835,1.94575,8.79628,48.4953
521,3531,4076,5859,5793,3531,4469,7654,6862,3461,3704,4664,4762,3204,3306,3673,3769,-10.4353,14.2508,8.97379,48.212
522,3510,3399,3235,3161,4338,3919,3313,3274,8131,5084,3812,3320,10318,5627,3912,3421,17.9997,-30.8006,8.72196,47.8493
523,3245,3414,3550,3420,3521,3881,4402,4042,3808,4990,7162,5296,3775,5039,7198,5534,15.1602,8.19892,8.56837,48.1847
524,3275,3387,3301,3162,3554,3857,3634,3514,4238,5122,4898,3998,5133,8989,7481,4452,28.4416,-2.53448,8.86014,47.9967
525,3247,3466,3181,3082,3705,3917,3603,3366,5420,5738,4211,3622,7353,9351,5109,3724,23.4185,-11.6869,8.74702,48.0633
526,3587,3961,4160,3887,3831,5147,6542,4486,3900,5274,6896,4596,3698,4081,4410,3974,0.675695,4.18981,8.76875,48.2867
527,3313,3919,5999,12734,3292,3765,4743,5911,3324,3415,3694,3839,3200,3293,3378,3406,-28.3179,33.8146,8.89373,47.4833
528,3285,3791,4712,6774,3376,3975,5363,9964,3249,3639,4363,5716,3196,3361,3713,3896,-9.11739,26.9977,8.84169,48.2487
529,10242,5515,3853,3397,8165,5066,3718,3477,4285,3840,3513,3156,3477,3476,3379,3119,-17.8549,-29.6127,8.94543,47.7853
530,3606,3469,3247,3044,4810,4059,3584,3296,9053,5484,3760,3309,8499,5578,3921,3364,14.5124,-24.9155,8.81375,48.0553
531,3377,3618,4043,4010,3509,4254,5791,4855,3688,4909,7742,5403,3572,4041,4923,4409,4.34069,8.98435,8.71822,48.096
532,3324,3483,3182,3070,3997,3794,3385,3290,6448,4726,3760,3286,12333,5890,3926,3468,25.3357,-32.5208,8.8623,47.5747
533,3516,3778,4170,3875,3660,4651,6300,4648,3708,4903,7614,5170,3533,4041,4693,4193,2.70012,7.94194,8.90116,48.302
534,3482,3453,3355,3068,4076,4119,3612,3342,5876,6411,4221,3498,7311,8058,4685,3623,18.5667,-12.9878,8.87098,48.1267
535,3220,3340,3768,3892,3196,3571,4491,5608,3302,3849,5322,9879,3296,3677,4818,6515,8.47185,33.1111,8.77262,47.8293
536,3606,4623,8525,8906,3504,4154,5364,5931,3285,3555,3996,3962,3106,3159,3392,3375,-23.3335,15.567,8.84065,48.2953
537,3143,3159,3410,3504,3209,3440,3834,3994,3322,3768,4987,6966,3280,3796,6021,11788,22.2137,29.4874,8.85063,47.7473
538,3610,4580,8067,8077,3427,4066,5943,5976,3261,3694,3969,4016,3061,3360,3480,3497,-20.4572,14.7472,8.88662,48.056
539,5787,4682,3698,3283,9336,5465,3806,3315,6338,4624,3576,3317,4197,3835,3397,3132,-5.79947,-24.466,8.65177,47.8587
540,3092,3362,3370,3346,3311,3473,3809,3945,3464,4021,5089,5583,3524,4381,8134,9970,31.6494,17.4723,8.62531,47.916
541,3247,3617,4186,4838,3409,3830,5300,7923,3389,3796,5279,7947,3331,3576,4173,4816,-0.410521,23.568,8.67081,48.438
542,3400,3408,3134,3057,3944,3935,3618,3381,5597,5839,4232,3616,7635,8874,4909,3680,21.967,-13.1894,8.60729,48.1727
543,3381,3844,5608,7962,3377,3989,5762,8774,3164,3725,4172,4820,3036,3292,3569,3765,-13.5251,22.2023,8.96295,48.16
544,6221,9755,6110,4077,4687,5271,4446,3865,3621,3860,3626,3495,3366,3479,3151,3104,-27.7205,-6.77135,8.79189,48.0893
545,5572,6817,4633,3679,5805,7810,4865,3708,4163,4465,3759,3465,3499,3569,3432,3204,-13.0267,-9.66865,8.96177,48.2967
546,3213,3555,4193,4721,3374,3581,4893,8150,3368,3779,5071,8170,3322,3656,4231,4690,0.527688,32.1428,8.53189,47.978
547,3455,3312,3259,3181,4008,3720,3500,3180,6010,4697,3728,3320,12466,6003,3887,3348,31.674,-30.0803,8.53512,47.3827
548,3172,3390,3880,4156,3457,3625,4696,6156,3369,3966,6027,8738,3229,3794,4706,5755,5.62875,21.22,8.57446,48.0773
549,7193,4912,3764,3282,9637,5577,3890,3305,5394,4306,3636,3269,3945,3775,3361,3239,-10.1689,-25.8379,8.55737,48.3233
550,3447,4024,5636,8171,3427,4017,5727,8526,3278,3579,4183,4681,3111,3263,3583,3666,-14.4618,22.5647,8.51941,48.2127
551,3320,3402,3304,3128,3761,3829,3693,3272,4669,5159,4693,3920,5728,9600,6241,4122,32.1454,-5.98444,8.58191,47.894
552,7237,6621,4188,3427,6794,6736,4321,3446,4374,4274,3587,3282,3595,3638,3371,3103,-15.1574,-15.8083,8.76452,47.996
553,3347,4112,6761,11739,3384,3873,4898,6126,3214,3472,3811,3926,3130,3199,3400,3349,-27.6475,23.3298,8.80597,47.8273
554,3808,3702,3332,3128,5872,4433,3577,3341,10135,5207,3717,3457,6500,4572,3695,3278,8.27693,-30.9635,8.88452,47.836
555,10507,6700,4164,3491,6925,5264,3915,3457,4172,3992,3430,3243,3456,3398,3185,2982,-21.1575,-22.2242,8.7239,48.1873
556,5993,9620,6138,4067,4734,5440,4439,3811,3774,3770,3748,3461,3394,3364,3263,3165,-26.1487,-6.46239,8.58153,48.1207
557,3712,4676,9308,7869,3571,4177,5293,5199,3320,3618,3952,3932,3119,3280,3430,3466,-33.9738,13.1229,8.56813,47.948
558,3749,3560,3353,3172,5106,4111,3564,3277,9862,5049,3880,3345,7538,5135,3774,3334,11.4619,-30.5719,8.99037,47.8727
559,5079,8760,7857,4508,4319,4938,4759,4179,3607,3686,3750,3456,3369,3389,3352,3392,-30.8037,-1.24707,8.79154,48.2667
560,3355,3795,4506,4253,3689,4480,6998,5707,3495,4287,6683,5508,3407,3693,4321,4173,-0.74699,11.1681,8.83769,48.2333
561,3197,3201,3482,3477,3243,3579,4055,4394,3362,3844,5574,7483,3453,4095,6149,9333,18.0143,22.1153,8.54115,47.9473
562,5127,7756,6091,4158,4623,6505,5372,3983,3796,4036,3829,3571,3333,3483,3420,3309,-17.979,-3.93111,8.69557,48.2613
563,3278,3308,3421,3386,3259,3450,3742,3949,3335,3656,4686,5925,3359,3715,6313,12469,33.3785,25.7621,8.93719,47.5007
564,3421,3437,3218,3044,3812,3856,3634,3318,4970,5222,4384,3661,7326,9973,5214,3761,32.9494,-10.841,8.67162,48.1673
565,3327,4080,7027,11464,3409,3821,4890,5905,3200,3491,3846,3914,3194,3386,3307,3443,-32.8059,21.4195,8.9768,47.8027
566,3395,4132,6431,9716,3365,3997,5596,7331,3271,3535,3952,4243,3128,3256,3456,3524,-18.6564,21.6508,8.59583,48.2187
567,3325,4086,6909,11876,3419,3868,4916,5979,3256,3382,3826,3970,3186,3199,3382,3410,-30.5727,22.4072,8.85608,47.9927
568,3119,3321,3678,3842,3322,3687,4634,4936,3360,4074,6597,8189,3423,4033,5508,6467,10.1852,18.5116,8.84549,48.1267
569,10991,6566,4021,3488,6902,5165,3826,3452,4131,3853,3526,3271,3448,3476,3148,3051,-21.5395,-22.8308,8.90743,48.21
570,3311,3462,3241,3167,3810,3930,3585,3297,5177,5310,4104,3576,8078,9388,4957,3711,27.7814,-12.9402,8.7315,48.0693
571,3980,3847,3407,3142,6041,4512,3610,3351,9572,5680,3794,3309,6068,4593,3803,3327,7.04199,-23.7482,8.93389,48.024
572,6657,9621,5641,3833,4873,5516,4456,3754,3698,3810,3636,3372,3246,3499,3313,3125,-24.9174,-9.31633,8.81916,48.0333
573,3919,3661,3280,3179,5145,4474,3582,3183,9022,6323,4067,3326,6761,5321,3848,3372,10.2521,-20.938,8.89794,48.3087
574,3114,3234,3333,3360,3206,3404,3832,3877,3338,3756,4725,6066,3400,4060,6020,12360,26.6409,33.1223,8.51733,47.39
575,5333,4500,3731,3268,9369,4997,3699,3339,7078,4778,3630,3260,4379,3850,3484,3252,-3.58228,-31.4813,8.93102,47.9647
576,6019,9438,6089,3981,4798,5786,4549,3793,3714,3905,3534,3404,3284,3419,3301,3200,-23.5247,-7.01065,8.83515,48.1427
577,3388,3657,4243,4380,3434,4135,6346,6481,3579,4133,6544,6556,3338,3742,4215,4533,0.325905,15.5303,8.92032,48.4693
578,3459,4038,5038,5397,3561,4197,7329,7216,3479,3866,4995,5069,3122,3580,3898,4038,-6.77048,14.8773,8.68551,48.188
579,3304,3308,3407,3303,3554,3823,3807,3650,4250,5010,4825,4094,4946,8716,7889,4474,32.9495,-0.952107,8.62744,48.24
580,10275,7815,4286,3503,5748,5042,3942,3447,3937,3832,3397,3139,3455,3449,3276,3133,-26.7953,-18.5843,8.54668,47.784
581,4589,4213,3629,3178,7238,5501,3890,3352,7537,5744,3975,3455,4751,4323,3610,3362,0.277554,-19.9909,8.69182,48.2313
582,3225,3375,3405,3274,3648,4139,4140,3697,4377,6332,6018,4196,4618,7038,6567,4308,16.6218,-1.31268,8.97773,48.238
583,3044,3321,3473,3561,3262,3796,3922,4046,3636,4555,6673,5492,3771,5081,8360,6632,18.6177,10.9171,8.83823,48.4167
584,6427,5185,3849,3377,9086,6188,3978,3462,5216,4455,3645,3219,3782,3727,3469,3083,-9.76415,-20.9044,8.96813,48.0987
585,4001,5072,6163,4588,3962,5873,7471,4887,3554,4088,4458,3958,3363,3540,3491,3513,-11.7256,3.73142,8.81133,47.988
586,9800,8497,4544,3466,5513,5015,3925,3419,3915,3888,3387,3206,3374,3510,3297,3132,-30.8658,-16.6165,8.65483,47.9253
587,3250,3393,3322,3146,3696,3811,3675,3425,4620,5553,4598,3900,5839,9633,6238,4070,24.4029,-6.16756,8.87121,48.1127
588,3181,3432,3947,4204,3356,3716,4604,7041,3440,3752,5077,9649,3361,3602,4467,5518,4.14161,29.6537,8.81647,48.2313
589,3570,4257,5578,4859,3674,4938,8218,5913,3498,4070,5019,4474,3307,3456,3728,3666,-8.72658,9.60591,8.84742,48.15
590,3160,3387,3342,3420,3285,3519,3877,3864,3453,3927,5163,5853,3389,4304,7687,10542,26.3626,19.0461,8.88717,48.1147
591,3657,3517,3402,3092,4917,4131,3446,3237,9705,5271,3798,3356,8182,5277,3857,3312,13.0004,-27.4313,8.91831,48.1047
592,9015,5757,3956,3348,8470,5488,3828,3449,4511,4056,3622,3178,3535,3468,3279,3111,-15.7116,-23.7946,8.70876,48.0473
593,8871,8452,4505,3630,5855,5519,4139,3497,3879,3808,3617,3162,3515,3466,3280,3092,-22.5411,-15.5066,8.98512,48.1913
594,3481,3428,3160,3120,3783,3694,3518,3321,5389,5065,4054,3462,9009,9039,4717,3567,29.3945,-14.7884,8.89891,47.8713
595,8689,5573,3852,3302,8685,5521,3784,3361,4591,4021,3612,3350,3632,3460,3322,3165,-15.1141,-24.4126,8.93517,47.9467
596,3232,3331,3363,3280,3269,3597,3753,3769,3801,4639,5813,4830,4075,5847,9734,6227,23.5391,7.11095,8.97051,48.3733
597,3528,4145,4860,4534,3664,4779,7837,5833,3582,4194,5908,4862,3298,3630,3904,3785,-4.55603,10.1248,8.87637,48.2287
598,3435,3922,6275,12419,3164,3788,4712,6202,3282,3449,3775,3926,3110,3275,3363,3434,-29.9056,26.9354,8.86446,47.6873
599,3360,3924,6726,11938,3392,3665,4863,5931,3245,3458,3840,3946,3127,3214,3361,3433,-31.5534,23.7844,8.72206,47.6153
600,3199,3380,3382,3276,3667,3688,3754,3521,4198,5033,4872,4099,4989,8542,8156,4602,31.361,-0.796256,8.79624,48.2387
601,3315,3364,3210,3158,3974,3723,3433,3279,6005,4830,3797,3416,12647,6325,4034,3496,29.6873,-25.191,8.84138,48.004
602,8706,6863,4135,3439,7005,5749,4101,3512,4290,3973,3551,3303,3519,3467,3252,3075,-18.4314,-18.3113,8.62317,47.96
603,6078,9444,6252,4137,4649,5615,4642,3762,3678,3740,3604,3300,3185,3412,3313,3165,-25.5762,-6.43084,8.52278,47.984
604,3143,3250,3376,3391,3227,3467,3822,3921,3347,3801,4810,5757,3444,4179,7289,11609,29.0801,21.3804,8.89092,47.8887
605,3348,3920,5141,8153,3410,3894,5192,9116,3259,3575,4073,5036,3145,3358,3621,3683,-13.3245,31.4032,8.50326,47.9493
606,3141,3282,3371,3436,3237,3387,3791,3994,3363,3819,4907,6602,3421,3953,6145,11768,23.6054,33.4666,8.53093,47.7447
607,3783,4122,4291,3921,4063,5803,6263,4132,4063,5690,6240,4246,3698,4077,4142,3808,-0.351978,1.39413,8.66958,48.228
608,3887,4969,5971,4477,3980,6030,7774,4826,3666,4274,4746,3946,3293,3574,3611,3469,-10.4443,4.04076,8.86869,48.3287
609,3128,3250,3429,3461,3264,3493,3905,4396,3371,3806,5135,8145,3346,3884,5562,10194,17.8655,31.1058,8.83349,47.846
610,3533,4124,5171,4895,3609,4617,7847,6384,3465,3910,5175,4839,3222,3564,3969,3690,-7.00235,11.6675,8.67053,48.0093
611,3347,3552,3508,3445,3601,4041,4641,4142,3882,5448,8018,5027,3867,4825,6219,4910,11.878,6.05935,8.7544,48.3153
612,3389,3448,3280,3234,3917,3795,3394,3254,5969,4910,3850,3436,11493,6878,4056,3420,31.2425,-22.166,8.70226,47.8153
613,3912,3845,3494,3211,5677,4853,3737,3269,8419,6531,4053,3392,5813,4940,3762,3376,6.98666,-19.5781,8.58002,48.1893
614,3441,4031,4721,4642,3668,4497,7405,5852,3573,4217,5906,5208,3346,3639,4118,3989,-3.34777,11.217,8.70839,48.1687
615,4534,7135,9047,5138,4006,4837,5230,4382,3491,3729,3764,3548,3224,3335,3375,3310,-26.9925,2.9597,8.52747,48.0567
616,3304,3419,3321,3074,3937,4011,3531,3247,5378,5659,4244,3520,7967,8897,4797,3607,23.1749,-13.4275,8.63279,47.942
617,3064,3313,3447,3434,3273,3512,3954,4065,3323,3962,5481,6401,3472,4265,7225,10005,21.7431,19.0376,8.95275,48.1307
618,12753,5884,3883,3453,5857,4733,3744,3337,3837,3768,3330,3240,3434,3334,3288,3112,-32.9533,-32.3099,8.89159,47.3247
619,12856,5912,3852,3428,5863,4799,3755,3355,4001,3776,3433,3277,3352,3432,3164,3102,-31.7204,-30.1333,8.79833,47.5713
620,10484,5664,3895,3438,8111,5106,3786,3380,4204,4087,3478,3203,3496,3465,3263,3049,-18.3338,-29.2026,8.99453,48.0727
621,3363,3389,3144,3086,3965,3837,3470,3188,6369,4867,3895,3417,11915,6868,4029,3308,25.9799,-23.4091,8.8477,48.0733
622,4879,4279,3602,3223,8350,5231,3766,3400,7878,4958,3811,3298,4658,4200,3470,3153,-0.793053,-25.0893,8.99336,48.104
623,3228,3269,3479,3421,3357,3625,3736,3730,3711,4430,5458,4772,3871,5754,9970,6423,32.9037,8.0363,8.8299,48.156
624,3753,5594,9833,6859,3679,4299,5295,4895,3393,3687,3985,3727,3232,3210,3330,3374,-31.9695,9.73396,8.70817,48.0967
625,3399,4234,6625,11264,3308,3970,5118,6613,3152,3404,3890,3991,3109,3235,3323,3407,-22.8721,22.7927,8.98626,48.028
626,3979,5763,10006,6683,3697,4399,5236,4681,3341,3641,3734,3727,3160,3344,3479,3314,-30.2666,8.22025,8.79162,48.1227
627,11697,7020,4122,3464,5839,4828,3810,3399,3946,3882,3352,3128,3375,3376,3321,3170,-31.1951,-21.9347,8.76365,47.8193
628,3336,3358,3268,3169,3679,3715,3638,3537,4568,5369,4690,3888,5640,9385,6731,4208,26.1416,-4.90408,8.81189,48.1193
629,3979,3808,3437,3205,6083,4630,3637,3295,9520,5636,3800,3462,6109,4687,3817,3324,6.88296,-24.2454,8.68961,48.286
630,3509,4196,5925,6083,3466,4350,7356,7118,3382,3721,4535,4645,3311,3411,3677,3610,-11.4333,14.6519,8.55559,48.1967
631,3150,3225,3458,3382,3256,3422,3826,4058,3304,3863,5160,6270,3395,4110,7047,11204,24.073,21.5625,8.82642,48.0867
632,5364,9366,6813,4351,4482,5276,4660,3946,3619,3885,3661,3438,3296,3389,3330,3172,-26.7296,-4.35895,8.51781,48.032
633,3200,3287,3459,3333,3398,3539,3882,3636,3802,4538,5355,4743,4125,6317,9676,5844,26.3394,6.36977,8.7645,48.0893
634,3818,4068,3689,3430,4724,6023,4234,3573,5586,7838,4763,3635,4432,4783,4036,3660,3.63058,-9.22581,8.70102,48.1947
635,6818,8915,5333,3779,5207,6094,4452,3670,3854,4074,3696,3265,3353,3399,3291,3224,-21.2831,-10.3795,8.58294,48.2827
636,3375,4019,6032,8567,3422,3892,5631,8016,3151,3628,4156,4484,3135,3294,3472,3564,-15.7515,21.2537,8.858,47.892
637,3187,3225,3379,3368,3232,3548,3831,3862,3460,4161,5161,5360,3537,4641,9106,8644,29.4625,14.5398,8.62323,47.8013
638,3182,3310,3404,3234,3367,3788,4016,3833,3754,4451,5896,5082,3821,5405,9220,6604,23.064,9.2033,8.59097,48.2447
639,3405,3989,5720,6073,3554,4196,7065,7532,3247,3743,4590,4888,3208,3451,3563,3768,-10.6331,16.2705,8.59751,47.9947
640,5712,6561,4732,3710,5720,7703,4828,3676,4194,4461,3867,3612,3505,3644,3446,3275,-13.0051,-9.81283,8.59322,48.4307
641,3334,3721,4417,5211,3449,3738,5124,9110,3367,3741,4869,7149,3173,3535,3928,4474,-3.01052,31.3146,8.52959,48.2267
642,3103,3392,3697,3789,3315,3736,4564,5142,3499,3960,6266,8794,3352,4034,5146,6530,9.83881,20.4794,8.64487,48.2127
643,6978,5636,3974,3398,8224,6302,4081,3520,4943,4382,3655,3298,3738,3632,3488,3184,-11.5913,-19.4892,8.61001,48.2887
644,4525,5576,4591,3778,4885,7946,5663,4001,4055,5020,4398,3592,3625,3789,3670,3425,-8.47734,-5.12389,8.8857,48.3593
645,3921,3634,3306,3183,5434,4586,3618,3298,9010,6044,3942,3387,6550,5098,3896,3300,9.5506,-21.3924,8.53873,48.138
646,4334,5914,5419,4048,4495,7110,6400,4112,3789,4551,4255,3731,3432,3569,3635,3430,-11.6038,-1.74771,8.62718,48.1493
647,3180,3311,3302,3336,3275,3712,3924,3696,3760,4581,5704,4902,4008,5614,9669,6361,24.196,8.15919,8.86924,48.2233
648,3429,3935,5636,10452,3261,3836,4908,7885,3231,3561,3892,4280,3144,3162,3465,3507,-18.8186,28.2847,8.67795,47.7227
649,3313,3683,4306,5511,3356,3873,5570,9374,3353,3629,4721,6762,3116,3402,3927,4166,-4.62637,24.2903,8.96753,48.0413
650,4628,4376,3707,3408,7060,6274,4036,3438,6609,5870,3905,3366,4445,4232,3571,3327,-1.18487,-16.4414,8.90454,48.168
651,3648,4007,3670,3537,4221,5563,4865,3769,4702,7479,5917,4043,4059,4704,4271,3826,4.59438,-3.38689,8.75917,48.1873
652,3484,3657,3407,3217,4248,4499,3941,3343,5281,7833,5131,3831,5064,6592,4962,3904,12.6722,-7.42129,8.89214,48.2627
653,3523,4685,8231,8704,3619,4111,5480,5871,3327,3626,4020,3939,3134,3213,3351,3366,-22.2543,15.6669,8.58094,48.1333
654,3960,4032,3719,3368,5016,6206,4335,3630,5603,7578,4640,3678,4428,4693,4115,3472,3.04691,-9.59299,8.72024,48.3153
655,8304,5524,3911,3367,8966,5435,3825,3423,4833,4075,3610,3211,3636,3633,3188,3084,-13.9468,-24.031,8.9409,48.0167
656,3297,3544,4311,4782,3332,3764,5251,7927,3323,3804,5217,7839,3192,3565,4130,4819,-0.100888,22.569,8.6278,48.0647
657,3298,3512,3444,3425,3751,4273,4169,3617,4495,7031,6258,4051,4528,6239,5888,4359,13.221,-1.28312,8.96066,48.2253
658,3737,4018,3782,3510,4386,5872,4814,3776,4610,7399,5713,3924,4071,4672,4159,3617,3.24023,-3.87659,8.80862,48.04
659,3299,3575,3916,3816,3453,4041,5380,4825,3653,4758,8102,6075,3482,4047,5130,4810,6.27626,10.432,8.8693,48.2413
660,4277,4177,3676,3361,5735,6311,4042,3584,6375,6838,4293,3566,4516,4465,3682,3383,1.23167,-13.6745,8.91391,48.1873
661,3245,3406,3171,3190,3643,3814,3627,3387,4769,5524,4491,3679,6567,9983,5740,3987,26.4531,-8.44526,8.99207,48.1487
662,3313,3412,3247,3200,3841,3897,3518,3363,5100,5401,4081,3597,8048,9560,4945,3710,27.7192,-12.8248,8.85215,48.1553
663,5020,4312,3586,3148,8465,5166,3815,3456,7700,4985,3816,3305,4606,4045,3598,3199,-1.07603,-25.4122,8.65434,48.148
664,3338,3393,3321,3153,3880,3696,3518,3179,6078,4781,3657,3275,12609,6045,3869,3293,30.4845,-29.4695,8.79191,47.39
665,3003,3209,3306,3391,3261,3541,3855,3935,3510,4114,5262,5794,3605,4551,8571,9168,24.9235,15.9441,8.50103,48.0507
666,3411,3518,3462,3365,3897,4261,4032,3549,4805,7382,5437,3884,5030,6899,5358,4011,14.1748,-5.62649,8.53041,48.2007
667,10281,6849,4040,3436,6918,5339,3872,3377,4116,3847,3466,3237,3380,3424,3265,3080,-20.5081,-21.057,8.88802,47.9513
668,3229,3592,4032,4293,3331,3784,5119,6831,3383,3906,5768,8311,3296,3656,4476,5049,2.8573,21.3069,8.77246,48.0373
669,3161,3426,3427,3341,3505,3771,3869,3625,4154,5404,5697,4320,4577,7400,7651,4874,20.5213,1.26518,8.72864,48.1347
670,9566,5451,3933,3447,8622,5193,3728,3411,4398,4070,3537,3165,3573,3578,3279,3051,-16.311,-33.2931,8.9936,48.0013
671,9007,5472,3692,3380,8907,5148,3790,3503,4787,4092,3591,3315,3669,3478,3211,3202,-14.9836,-31.5306,8.6899,48.1627
672,5543,5437,4020,3493,7572,7193,4207,3409,4993,4947,3880,3385,3803,3683,3498,3199,-8.39352,-15.9125,8.76132,48.1747
673,5036,4412,3615,3381,7723,6192,3969,3497,6612,5501,3808,3440,4399,4155,3531,3154,-2.33317,-18.9761,8.9118,48.2833
674,3321,3386,3396,3259,3562,3898,3977,3782,4099,5447,6319,4430,4416,6456,7753,4983,18.3812,2.67931,8.82645,48.3227
675,4690,6319,5239,3902,4801,7729,5761,3834,3893,4471,4241,3648,3353,3597,3430,3305,-12.4259,-4.35459,8.61365,48.142
676,3672,3977,3606,3445,4507,5943,4574,3562,5103,7888,5105,3761,4243,4848,4094,3554,3.66691,-6.91727,8.93446,47.9213
677,4139,6561,9342,5569,3904,4647,5112,4495,3489,3675,3857,3699,3232,3457,3362,3385,-32.7281,4.52158,8.54467,47.95
678,4555,4723,3994,3432,5724,7774,4849,3644,4935,5963,4185,3520,3960,3891,3687,3384,-3.90529,-9.77569,8.62469,48.1467
679,3176,3259,3440,3419,3181,3370,3818,3946,3401,3883,4960,7178,3355,4008,6064,11703,21.8856,27.9721,8.80223,48.1073
680,3112,3250,3580,3598,3311,3609,4076,4693,3329,3840,5276,8873,3403,3960,5435,8909,15.1999,27.3918,8.50963,48.1693
681,3760,5350,9385,7125,3731,4324,5715,5161,3411,3578,3863,3834,3173,3341,3315,3329,-23.4031,10.5736,8.66834,48.2633
682,3567,3630,3569,3435,3778,4681,4859,3927,4370,7001,6981,4279,3992,5049,4995,4087,8.03882,-0.215257,8.96858,48.1333
683,4978,8301,7490,4543,4336,5579,5287,4055,3533,3818,3707,3530,3248,3374,3346,3153,-22.3949,-1.36076,8.65178,48.1853
684,3150,3349,3300,3371,3274,3516,3940,4073,3443,4113,5738,5996,3534,4510,8057,8575,21.1474,16.093,8.6801,47.9593
685,3427,3927,5934,11392,3498,3804,5034,7206,3336,3513,3867,4044,3107,3191,3405,3495,-21.2227,30.0633,8.63522,48.12
686,3256,3317,3293,3173,3655,3978,3619,3395,4935,5637,4517,3731,6244,9644,5830,3933,23.2833,-8.22744,8.88435,48.1047
687,3517,3859,4595,4663,3549,4489,7069,6369,3475,4048,5929,5497,3333,3642,4091,4056,-3.331,13.0118,8.54149,48.1207
688,3681,3727,3350,3150,4857,4418,3679,3397,7968,6627,4143,3502,6601,5692,4093,3375,11.4043,-17.8858,8.56684,48.1733
689,11599,6538,4121,3371,6532,4952,3764,3294,3950,3797,3413,3136,3424,3425,3169,3097,-24.5466,-23.4759,8.96046,47.7213
690,3118,3305,3296,3439,3230,3465,3894,3838,3332,3790,4884,5917,3307,3915,6275,12536,32.2839,25.9774,8.68218,47.694
691,5101,8890,7678,4409,4230,5017,4858,4001,3572,3737,3714,3561,3350,3397,3348,3252,-30.1392,-1.93719,8.79594,48.0767
692,3328,3681,4592,5903,3298,3750,5353,9777,3252,3650,4504,6606,3251,3377,3916,4103,-5.77576,28.8853,8.82977,48.2273
693,3990,3728,3369,3185,5989,4507,3639,3300,9880,5319,3823,3294,6398,4673,3705,3258,7.24567,-29.2236,8.78367,48.038
694,3557,3561,3268,3034,4389,4263,3646,3305,6834,6783,4345,3585,6869,6878,4319,3579,14.7834,-14.6411,8.69339,48.1433
695,3440,3477,3352,3067,4328,4023,3518,3198,7599,5390,3946,3352,9858,6229,4146,3463,18.5819,-22.5076,8.5653,48.2573
696,3881,3684,3275,3120,5425,4572,3666,3338,9060,6183,3954,3372,6320,5115,3752,3346,8.69743,-20.9936,8.93824,48.042
697,3093,3226,3345,3371,3243,3366,3857,4104,3269,3806,4846,6535,3300,3912,6212,12416,24.9464,27.2174,8.95213,47.934
698,6673,8819,5172,3813,5148,6178,4533,3672,3916,4074,3694,3392,3341,3314,3335,3097,-20.6827,-10.1878,8.66758,48.114
699,3634,3738,3453,3307,4479,5060,4012,3450,5709,8196,4942,3714,4985,5538,4246,3672,8.53737,-9.36719,8.86304,48.09
700,3866,5554,8484,5881,3845,4824,6362,5044,3407,3744,4068,3765,3204,3375,3438,3373,-19.0861,7.48174,8.51514,48.156
701,7592,7173,4350,3607,6851,6428,4285,3487,4161,4105,3821,3268,3470,3436,3276,3077,-17.1229,-15.4852,8.7773,48.258
702,3851,4364,4785,4045,4133,5862,7502,4649,3833,4955,5428,4228,3582,3828,4031,3671,-4.794,2.89563,8.84209,48.498
703,3493,3487,3300,3134,3954,4095,3800,3450,5175,6995,4924,3944,5680,7836,5265,3969,16.7131,-7.31584,8.7143,48.334
704,9850,6898,4249,3466,6554,5348,4057,3482,4154,3991,3527,3263,3436,3470,3171,3108,-20.808,-19.776,8.50297,48.016
705,3371,3481,3479,3257,3983,4209,3819,3560,4937,7331,5293,3936,5147,7307,5351,4083,15.503,-5.91527,8.68399,48.3627
706,6104,4694,3722,3198,9965,5347,3831,3310,6314,4485,3467,3272,4121,3795,3433,3165,-6.7503,-27.106,8.83383,48.1487
707,3270,3286,3178,3157,3979,3754,3445,3303,6259,4787,3803,3395,12425,5926,3994,3482,26.0886,-31.6286,8.83132,47.6287
708,3981,5476,5807,4300,4380,6419,7276,4519,3717,4453,4466,3859,3375,3519,3603,3514,-11.3743,1.61029,8.79337,48.4427
709,3417,4286,7848,10337,3406,3987,5091,5864,3264,3474,3912,3974,3122,3294,3467,3371,-33.8033,18.5916,8.83234,48.076
710,3347,3468,3206,3150,4000,4030,3598,3325,5875,6235,4367,3669,7228,8218,4810,3644,19.146,-13.2974,8.66695,48.1133
711,3515,3818,4290,4007,3748,4699,6454,4718,3676,4832,7460,5112,3536,4010,4529,4278,1.83011,7.21469,8.91992,48.4547
712,6811,6178,4204,3495,7563,6861,4261,3450,4648,4465,3664,3269,3664,3633,3309,3127,-12.7215,-16.4064,8.60819,48.4013
713,8465,8681,4783,3551,5548,5555,4181,3597,4055,3866,3469,3322,3352,3387,3243,3073,-23.559,-14.558,8.93701,48.0853
714,3463,3543,3300,3047,4181,4114,3610,3308,6559,6227,4199,3518,7907,7237,4305,3548,17.7443,-16.0715,8.81909,48.044
715,3173,3478,3900,4216,3419,3639,4694,6632,3426,3831,5214,9598,3391,3643,4348,5776,5.24333,30.27,8.72063,48.252
716,3859,4999,6428,5071,3813,5315,7807,5166,3659,3903,4445,3962,3190,3578,3538,3485,-13.0678,6.45725,8.85642,48.1453
717,3494,3371,3267,3153,3769,3858,3483,3220,5576,5084,4024,3497,9961,8265,4492,3515,28.6777,-17.2436,8.57589,48.0193
718,3529,4385,8279,9493,3477,3966,5093,5614,3272,3468,3838,3888,3066,3275,3374,3527,-33.6442,16.6959,8.7044,47.696
719,7425,9526,5094,3800,5012,5519,4341,3584,3806,3917,3664,3281,3345,3477,3292,3115,-24.8708,-11.1391,8.83022,48.132
720,3418,3418,3365,3237,3845,4037,3912,3575,4762,6591,5422,3975,4956,7420,6051,4223,16.9647,-3.58005,8.59904,48.138
721,5614,9630,6731,4201,4473,5162,4522,3902,3665,3866,3662,3377,3386,3398,3323,3210,-27.5828,-5.02718,8.74198,48.0813
722,3232,3257,3373,3500,3298,3555,3897,4094,3579,4043,5915,6118,3637,4495,8015,8331,20.6615,15.3461,8.98071,48.226
723,3435,4172,7543,11061,3405,3913,4937,5900,3221,3468,3814,4010,3119,3207,3356,3420,-29.8786,20.0412,8.56784,47.9873
724,11283,7375,4145,3385,5902,5033,3909,3468,3828,3859,3433,3119,3357,3376,3182,3056,-28.32,-20.8083,8.95605,47.8067
725,3388,3429,3346,3154,3990,4087,3625,3461,5419,6602,4485,3564,6471,8622,5127,3760,19.0201,-10.1105,8.94316,48.3533
726,3613,3709,3543,3186,4512,4558,3821,3459,6554,7499,4313,3465,5833,6040,4477,3592,11.9448,-13.4531,8.64364,48.116
727,3949,4556,4590,3843,4422,6533,6631,4241,4032,5211,5311,3914,3605,3902,3858,3632,-4.21112,-0.0622442,8.63152,48.1533
728,3426,3466,3213,3206,3785,3787,3537,3372,4814,5315,4308,3571,6986,9739,5299,3940,30.9726,-10.2624,8.57089,47.8427
729,5383,6111,4480,3637,5870,7907,4742,3728,4388,4730,3856,3455,3611,3665,3443,3275,-11.0682,-10.2569,8.56492,48.1873
730,3363,3480,3250,3159,4346,3939,3519,3317,7558,4890,3790,3214,11084,5735,3868,3396,19.8796,-29.1621,8.6552,47.9387
731,3089,3367,3416,3293,3372,3522,3921,3883,3629,4220,5199,5147,3720,4918,9552,7995,29.7115,12.5826,8.73942,48.162
732,3146,3344,3559,3461,3387,3806,4093,4121,3622,4455,6937,5820,3720,4782,7594,6694,16.6413,11.5311,8.74357,48.3607
733,12585,5845,3906,3485,5814,4751,3805,3457,3906,3746,3311,3280,3443,3467,3239,3195,-32.5865,-31.5544,8.65972,47.49
734,3376,3271,3165,3063,3957,3723,3499,3236,6334,4841,3771,3447,12585,5987,3937,3354,25.9544,-31.8941,8.96185,47.6973
735,3200,3385,3399,3245,3518,3732,3895,3580,3994,4900,5454,4451,4404,6926,8621,5222,23.5535,3.0274,8.53073,47.9507
736,3453,3904,6056,12172,3356,3883,4829,6415,3260,3432,3770,3895,3155,3264,3316,3369,-25.18,32.2493,8.64239,47.686
737,3149,3179,3314,3447,3183,3474,3795,4218,3330,3776,5094,7061,3377,4016,6304,11390,21.8362,24.3667,8.94702,48.0713
738,3361,3527,3359,3164,3942,4061,3691,3444,5102,6472,4712,3777,6178,8519,5268,3901,19.5281,-8.84741,8.66911,48.3187
739,3393,3991,5991,12433,3309,3805,4828,6145,3294,3420,3837,3966,3087,3244,3324,3369,-25.8067,33.2459,8.62317,47.624
740,12731,5920,3816,3414,6238,4673,3838,3405,3923,3831,3433,3200,3358,3372,3208,3044,-26.5167,-31.8125,8.82238,47.6027
741,8551,9171,4797,3706,5161,5346,3957,3615,3850,3973,3583,3286,3411,3320,3150,3141,-27.4145,-13.9036,8.71068,48.012
742,10636,7775,4240,3418,5779,4929,3873,3404,3946,3792,3518,3298,3431,3463,3211,3137,-32.3773,-19.1769,8.79589,47.9
743,3953,5376,7303,5449,3896,5069,7139,5152,3418,3923,4239,3963,3211,3414,3434,3486,-15.7401,6.74845,8.62215,48.2833
744,4399,4504,3979,3659,5138,7353,5011,3651,4797,6395,4742,3699,3983,4202,3824,3525,-1.90302,-7.08667,8.73257,48.574
745,3189,3385,3355,3212,3468,3815,3876,3498,4189,5160,5100,4328,4657,7654,8216,4916,24.9624,1.08472,8.6,48.012
746,9371,6674,4077,3513,7212,5677,4072,3468,4258,4077,3542,3229,3434,3370,3236,3133,-18.4987,-19.9325,8.54974,48.2287
747,3114,3249,3346,3350,3251,3587,3950,3888,3543,4290,5690,5583,3543,4794,8626,8118,22.7329,13.97,8.70685,47.948
748,3468,3419,3297,3202,3963,3789,3444,3233,6047,4894,3818,3317,11757,6547,3968,3419,33.9887,-23.2613,8.58127,47.7213
749,3249,3410,3518,3481,3469,3708,4232,4096,3836,4720,7569,5408,3712,4758,7323,5758,15.0363,9.13237,8.98906,48.1647
750,3330,3475,3395,3342,3559,4017,4110,3734,4159,6143,6284,4506,4434,6616,6721,4699,16.3628,0.467178,8.97063,48.3493
751,3476,3388,3178,3103,3926,3802,3472,3229,5793,4879,3885,3362,11234,7326,4060,3434,31.2716,-20.961,8.78863,47.698
752,3962,3815,3406,3233,5513,4787,3755,3357,8345,6497,4055,3391,5758,5163,3788,3356,7.47062,-18.8663,8.63613,48.1207
753,4891,4260,3649,3239,8655,4912,3759,3453,7902,4804,3753,3326,4718,4075,3598,3201,-1.19773,-30.7077,8.79879,48.13
754,3464,3870,5905,10227,3579,3749,5206,7903,3249,3423,3976,4293,3144,3187,3467,3490,-18.5997,25.5693,8.66389,48.088
755,3241,3582,4460,5138,3376,3890,5491,8738,3264,3693,5116,7214,3168,3462,4041,4519,-2.76369,22.8196,8.98739,48.262
756,5308,8804,6944,4338,4285,5590,4947,3958,3575,3777,3657,3626,3276,3476,3337,3143,-23.0128,-2.96812,8.97379,48.0273
757,3107,3209,3515,3590,3238,3551,4168,4398,3452,3918,5182,8489,3329,3867,5730,9600,16.7419,25.2806,8.94529,48.2287
758,3059,3223,3450,3388,3167,3463,3742,4212,3332,3814,4879,6994,3375,4034,5917,11607,21.8543,30.8238,8.85858,47.7707
759,3282,3198,3383,3129,3628,3882,3668,3445,4585,5499,4454,3745,6089,9898,6130,4004,26.0586,-7.09641,8.8181,48.0127
760,3961,4241,4025,3628,4392,6588,5458,4019,4366,6493,5507,4055,3857,4348,4041,3689,-0.0704878,-2.99701,8.84285,48.4453
761,8248,8371,4618,3614,5905,5853,4175,3613,4010,3928,3562,3361,3300,3417,3265,3063,-21.4205,-14.6832,8.98911,48.202
762,8490,9222,4707,3523,5302,5379,4116,3445,3882,3814,3674,3189,3412,3328,3248,3210,-33.6939,-14.3214,8.84951,47.9607
763,11334,5938,4003,3376,7506,4953,3802,3228,4136,3893,3491,3253,3501,3441,3192,3064,-20.5879,-29.5648,8.87201,48.074
764,3377,3406,3286,3108,3927,3717,3298,3249,6391,4765,3679,3359,12622,6132,3994,3329,25.4014,-33.1435,8.89859,47.7593
765,3343,3319,3216,3073,3868,3884,3428,3209,6757,4905,3761,3315,12218,6152,3863,3322,24.033,-28.0137,8.8275,47.7553
766,3379,3953,5488,9975,3527,3846,5028,8223,3274,3435,3919,4490,3174,3309,3421,3480,-17.5873,30.6183,8.54418,47.9473
767,7000,4928,3780,3342,9574,5383,3924,3393,5480,4296,3503,3428,3754,3666,3432,3155,-10.1569,-25.3815,8.62641,48.0253
768,3299,3766,4933,6838,3368,3918,5129,9734,3245,3499,4364,5424,3338,3504,3559,3758,-9.61949,33.8065,8.74076,47.784
769,3530,3480,3303,3066,4275,4082,3480,3335,6986,5837,3962,3491,8752,6918,4223,3463,18.2757,-18.5427,8.82684,48.122
770,5578,9094,6488,4256,4546,5454,4816,3993,3637,3885,3656,3432,3288,3415,3217,3192,-24.6451,-5.00741,8.55489,47.9647
771,3369,3644,3501,3403,3811,4476,4222,3777,4720,7512,6191,4085,4660,6026,5274,4040,12.0339,-3.09226,8.90091,48.474
772,10023,5821,3877,3335,8038,5180,3836,3435,4414,4171,3457,3321,3534,3419,3155,2999,-17.6752,-25.9701,8.57456,48.01
773,3583,4804,8715,8133,3549,4233,5790,5582,3361,3554,3837,3966,3217,3269,3450,3229,-22.2548,13.8592,8.99012,48.1813
774,3149,3201,3374,3429,3267,3543,3905,3936,3388,3994,5072,5752,3346,4272,7513,10702,32.5572,19.503,8.8491,47.8953
775,3515,3442,3312,3096,4017,4000,3455,3286,6687,5748,4078,3503,8789,7501,4303,3584,19.7462,-17.3767,8.70987,48.2107
776,8497,8944,4864,3505,5397,5673,4097,3534,3776,3914,3536,3257,3328,3520,3284,3074,-24.6707,-14.0004,8.91038,48.1333
777,4213,6869,9188,5449,4004,4677,5209,4469,3471,3743,3808,3567,3175,3232,3277,3385,-25.6228,3.89152,8.51913,47.824
778,5233,8716,6678,4389,4503,5794,5093,4040,3660,3868,3629,3534,3241,3303,3293,3089,-22.5269,-3.24465,8.69722,48.042
779,3249,3459,3849,3614,3566,4038,4920,4394,3807,4807,8238,5812,3773,4376,5863,5069,9.27044,9.83069,8.82967,48.556
780,3216,3460,3557,3601,3570,4124,4786,4246,4040,5338,8202,5226,3846,4622,5848,4780,9.92452,6.64618,8.91357,48.308
781,3638,4613,7529,7310,3462,4296,6445,6190,3312,3696,4189,4096,3152,3397,3451,3352,-17.573,13.9207,8.67322,48.0853
782,3604,4271,5535,4771,3656,5003,8320,5793,3444,4078,5161,4397,3275,3458,3856,3666,-7.86785,9.36039,8.92249,48.192
783,4337,5292,4873,3841,4628,7525,6235,4118,3994,4908,4493,3832,3552,3638,3596,3402,-8.51332,-2.61876,8.5042,48.176
784,3433,4151,6822,7737,3478,4011,6479,7210,3225,3621,4197,4353,3145,3317,3557,3556,-15.9815,17.173,8.7066,48.1947
785,3436,3998,6407,11476,3363,3864,4935,6657,3235,3422,3789,4072,3086,3238,3435,3347,-23.8351,24.6142,8.54629,47.84
786,7898,5016,3849,3341,9415,5252,3797,3410,4978,4212,3547,3326,3739,3621,3371,3245,-12.351,-31.5456,8.50529,48.0113
787,3366,3335,3140,3144,3876,3837,3527,3260,5725,5120,3925,3459,10110,8409,4389,3456,27.8226,-17.4416,8.8381,48.052
788,3577,4420,7444,8856,3487,3960,5694,6464,3218,3697,4141,4055,3198,3319,3420,3483,-19.943,17.1659,8.63517,48.2887
789,3874,3756,3376,3193,5293,4782,3774,3339,7779,7007,4288,3491,5604,5115,4026,3449,7.7967,-16.3348,8.94777,48.0973
790,3494,3831,3855,3715,4014,5051,5527,4113,4099,6177,7055,4362,3798,4501,4604,3984,3.97013,1.67635,8.59547,48.12
791,3384,3427,3149,3070,3988,3946,3562,3194,6752,5014,3796,3393,11271,6484,3976,3422,22.4142,-23.6483,8.70654,47.8853
792,7420,8444,4960,3645,5536,6041,4418,3621,4070,3952,3651,3358,3531,3489,3212,3139,-20.6607,-12.6988,8.5372,48.3247
793,3300,3782,4901,6571,3431,4008,5626,9647,3348,3634,4535,5528,3135,3417,3710,3898,-8.74674,23.7641,8.93466,48.314
794,5358,9201,7042,4194,4529,5149,4809,3905,3600,3726,3745,3551,3308,3327,3334,3267,-31.369,-3.60733,8.55283,48.03
795,5949,8411,5258,3900,5119,6441,4655,3623,3896,4101,3770,3397,3445,3395,3376,3146,-18.8389,-8.38551,8.56775,47.9213
796,3501,4048,4660,4246,3887,5137,7435,5118,3655,4573,6083,4714,3525,3856,4063,3815,-3.07978,6.46233,8.57193,48.2107
797,7012,9436,5351,3785,4955,5661,4351,3711,3786,3899,3599,3289,3292,3273,3263,3059,-24.2728,-10.0767,8.97197,47.8147
798,11342,5906,4042,3449,7044,4979,3792,3492,4175,3890,3344,3203,3396,3399,3231,3075,-21.8474,-28.002,8.56321,47.8393
799,3532,3356,3297,3000,4094,3895,3496,3150,6576,4889,3859,3301,10979,6746,4215,3471,23.1762,-22.2737,8.55797,47.904
800,3452,3355,3233,3093,3908,3900,3547,3346,5953,5657,4094,3489,8776,8310,4559,3549,22.3421,-15.7397,8.81935,48.1473
801,7548,6693,4249,3481,7342,6390,4196,3463,4427,4234,3671,3390,3572,3582,3379,3105,-15.3383,-16.9405,8.92173,48.4813
802,3461,3453,3295,3015,3948,3787,3551,3326,5821,4974,3842,3351,11128,7449,4136,3386,33.2134,-20.6508,8.95786,47.9487
803,4448,6588,6802,4578,4294,6110,6125,4255,3673,3974,3991,3671,3392,3504,3406,3333,-16.4401,0.226223,8.77264,48.096
804,3284,3715,3752,3763,3562,4305,5307,4482,3869,5401,8046,5317,3738,4413,5204,4465,6.93303,7.2568,8.67131,48.4153
805,4667,7831,8027,4777,4257,5157,5266,4112,3576,3826,3771,3582,3221,3359,3410,3215,-23.0525,0.210729,8.56691,48.036
806,3309,3844,4857,4874,3553,4449,7521,6836,3498,4065,5572,5345,3262,3547,3888,3999,-5.09655,14.1688,8.97454,48.2793
807,3731,4011,3764,3426,4444,5784,4589,3761,4989,7374,5513,3971,4195,4818,4204,3623,4.07852,-5.47839,8.57886,48.1313
808,10239,6714,4073,3403,7161,5150,3870,3393,4265,3876,3535,3228,3367,3482,3312,3062,-20.0344,-21.2704,8.95775,48.0867
809,3143,3350,3803,3948,3328,3770,4932,5001,3513,4285,7028,7725,3478,3973,5323,5768,8.87541,16.2728,8.7468,48.2453
810,4641,4047,3611,3120,7543,5121,3871,3316,8133,5347,3865,3351,4875,4338,3663,3260,0.990665,-22.5415,8.68598,48.068
811,12088,5950,3865,3411,6681,4895,3811,3314,3960,3740,3534,3188,3356,3374,3244,3099,-24.5813,-27.9263,8.84345,47.6733
812,5901,8955,5708,3955,4877,5969,4696,3823,3763,4032,3501,3390,3326,3399,3380,3130,-20.9546,-7.38437,8.51145,47.87
813,3733,3582,3316,3175,4631,4577,3542,3303,7087,7397,4403,3505,6030,6045,4210,3573,11.6045,-14.8418,8.81094,48.0727
814,3411,3902,6341,12345,3391,3739,4819,6018,3152,3539,3754,3888,3194,3179,3310,3456,-29.3694,26.3938,8.56484,47.6253
815,3146,3360,3418,3571,3352,3732,4189,4015,3640,4559,6925,5558,3750,4801,7690,6389,17.1579,11.2995,8.78884,48.0633
816,3342,4092,7451,11167,3407,3770,5101,5911,3090,3533,3795,3909,3262,3238,3447,3365,-31.462,20.6933,8.60063,47.92
817,6921,5085,3838,3330,9728,5542,3827,3313,5550,4334,3547,3249,3907,3766,3289,3139,-9.47097,-24.9897,8.8879,48.2433
818,3317,4164,7047,11654,3404,3780,4873,5800,3254,3545,3797,3867,3099,3228,3417,3420,-29.8658,21.4547,8.92399,47.7773
819,12345,5799,3884,3288,6027,4768,3700,3310,3951,3810,3405,3289,3421,3383,3175,3234,-33.8672,-30.3181,8.54572,47.1927
820,3290,3362,3206,3137,3738,3758,3432,3178,5953,4806,3849,3371,12648,5995,3996,3414,28.8614,-33.0521,8.88778,47.422
821,3598,4609,7055,6729,3579,4334,6892,6477,3384,3787,4309,4305,3151,3363,3548,3433,-15.2443,13.8348,8.92666,48.3687
822,3401,3910,5582,8654,3510,3883,5456,8549,3251,3560,3993,4553,3076,3285,3592,3578,-15.2094,24.3312,8.79701,47.8887
823,3985,5592,8977,6151,3777,4589,6194,4890,3427,3744,3964,3811,3196,3281,3476,3275,-20.835,7.75411,8.89067,48.2193
824,5097,9007,7671,4450,4273,4906,4764,4000,3701,3800,3661,3529,3229,3372,3271,3323,-30.7871,-1.85778,8.81681,48.036
825,3384,3902,6401,12417,3285,3754,4775,6101,3226,3461,3763,3946,3143,3182,3443,3343,-33.7713,25.4756,8.67948,47.684
826,3781,4898,8091,6548,3729,4482,6605,5478,3401,3575,4048,4027,3247,3338,3457,3413,-18.4635,10.6819,8.56647,48.0787
827,3762,3833,3485,3296,4564,5235,4111,3451,5669,8406,5037,3814,4690,5327,4216,3604,7.00994,-8.83742,8.9179,48.3333
828,3258,3437,3832,3813,3444,4097,5396,4694,3659,4697,7949,6143,3604,4058,5190,4896,6.91447,10.9501,8.69431,48.1113
829,3146,3338,3339,3447,3192,3569,3875,4209,3460,3842,5121,7274,3495,3984,6448,10630,20.5131,23.5318,8.74512,48.246
830,3350,3419,3267,3250,3754,3981,3708,3463,4739,5792,4566,3721,5919,9430,5986,4059,22.6867,-6.72551,8.77607,48.2693
831,3401,3331,3281,3185,3813,3768,3593,3311,4903,5408,4172,3701,7331,9886,5438,3852,27.6475,-10.2672,8.73696,48.2493
832,3089,3242,3394,3467,3320,3562,4041,4383,3349,3821,5071,8379,3485,3906,5533,10129,17.5003,28.3301,8.90753,48.114
833,3283,3416,3856,3709,3494,4260,5397,4462,3719,4969,8111,5753,3548,4163,5364,4752,6.97492,9.34309,8.83721,48.1707
834,3379,3900,5421,9382,3477,3872,5054,8679,3236,3546,4000,4437,3171,3268,3524,3424,-15.9271,33.1281,8.68721,47.8467
835,3154,3593,4093,4580,3428,3792,4807,7964,3438,3787,5132,8299,3290,3631,4110,4918,0.850965,32.9028,8.51939,48.0107
836,3663,4273,5586,5099,3697,4706,8174,6095,3359,3927,5038,4551,3304,3431,3781,3750,-8.59136,10.9449,8.81043,48.2893
837,3450,3374,3358,3034,3924,3912,3478,3255,5555,5140,4056,3354,9377,8680,4465,3460,26.928,-16.1034,8.67295,47.9147
838,6484,4812,3747,3393,9976,5223,3826,3325,5895,4314,3526,3333,3903,3758,3386,3114,-8.32381,-29.0795,8.93195,48.01
839,3080,3288,3664,3791,3263,3596,4177,5056,3316,3859,5455,9703,3302,3739,5000,7615,11.8218,25.6688,8.8755,47.936
840,10026,6055,3997,3343,7520,5352,3763,3321,4249,4049,3504,3247,3559,3441,3288,3130,-18.6227,-23.0045,8.92174,47.896
841,3306,3411,3307,3190,3797,4031,3951,3441,4473,6067,5209,4094,5133,8173,6417,4259,20.1535,-3.39467,8.83519,48.1727
842,3392,3479,3271,3072,4000,3954,3660,3325,5866,5810,4073,3504,8121,8296,4756,3595,21.1146,-14.6791,8.55267,48.116
843,3690,4647,8996,8307,3650,4126,5420,5562,3309,3709,3815,3836,3171,3258,3363,3385,-24.8899,14.1926,8.54045,48.1627
844,3139,3473,4123,4712,3329,3757,5075,8052,3321,3763,4978,8363,3242,3585,4196,4827,0.707306,27.5971,8.70632,47.9567
845,4036,5596,7485,5333,3934,5138,7012,4921,3493,3768,4262,3844,3282,3372,3371,3314,-16.3711,6.14387,8.85882,48.1073
846,4568,4525,3858,3352,6554,7081,4246,3477,5913,5836,4151,3502,4011,4196,3547,3329,-2.26114,-14.0293,8.7274,48.0973
847,3297,3316,3303,3142,3693,3821,3616,3436,4553,5591,4744,3902,5702,9402,6580,4130,24.8406,-5.13158,8.90759,48.152
848,3106,3225,3352,3215,3242,3578,3803,3832,3634,4126,5505,5218,3640,4922,9150,8117,25.7349,12.8725,8.69155,47.7767
849,3492,3953,4900,4896,3538,4446,7511,6479,3532,3992,5573,5166,3360,3612,4023,4026,-4.85688,13.0366,8.61317,48.3327
850,10910,6663,3997,3350,6867,5263,3804,3404,4101,3794,3498,3223,3423,3476,3204,3091,-21.7017,-22.4168,8.77644,48.0453
851,3367,3539,3552,3304,3735,4125,4187,3611,4221,6369,6498,4281,4435,6234,6373,4569,14.6955,0.398804,8.84207,48.2667
852,3814,4502,4728,4093,4180,6212,7310,4545,3925,4996,5516,4085,3399,3892,3987,3519,-4.76683,1.93588,8.85435,48.4687
853,3228,3410,4010,4175,3328,3877,5198,6268,3371,3878,6346,8189,3312,3771,4673,5333,4.71095,19.7475,8.5744,48.2447
854,3362,3453,3751,3705,3425,3999,4842,4634,3554,4578,8080,6310,3516,4319,5663,5228,9.1569,11.8104,8.70854,48.2793
855,3237,3476,4095,4598,3315,3793,4941,7687,3284,3707,5009,8708,3426,3684,4236,4929,1.37723,32.5626,8.66988,48.0833
856,3290,3509,3318,3131,3869,4082,3654,3421,5286,6457,4615,3750,6651,8232,4948,3795,19.2248,-10.9447,8.63136,48.0053
857,3562,3570,3322,3150,4489,4174,3669,3285,7505,6146,4121,3454,7806,6447,4274,3396,15.3631,-18.1838,8.72216,48.2467
858,3440,4413,8550,9657,3547,4043,5056,5576,3345,3360,3813,3922,3186,3244,3413,3308,-32.3895,16.3553,8.91859,47.9153
859,3415,3760,6018,12340,3368,3840,4885,6475,3224,3454,3720,3967,3171,3257,3393,3397,-26.0991,27.95,8.6213,47.7893
860,3897,4386,4078,3843,4405,6644,5671,4068,4334,6136,5524,3973,3678,4040,3989,3616,-1.18362,-2.02819,8.76167,48.188
861,9302,5577,3856,3395,8400,5274,3844,3416,4565,4076,3603,3245,3660,3441,3266,3065,-16.2051,-26.1456,8.627,47.99
862,10322,7071,4244,3452,6651,5145,3942,3533,3956,3928,3473,3284,3416,3304,3239,3050,-22.2739,-20.3321,8.62649,48.0067
863,4732,4961,4056,3493,6023,7995,4684,3594,4943,5594,4024,3496,3907,3942,3577,3301,-5.32866,-11.542,8.81472,48.2147
864,3426,3444,3233,3088,4032,3917,3436,3281,6566,5212,3867,3393,10601,7050,4152,3483,21.9497,-21.0554,8.9048,48.1207
865,3390,3413,3219,3040,3892,3886,3534,3317,5466,5395,4111,3515,8502,9016,4778,3692,25.5974,-13.8432,8.63599,48.1107
866,4214,3861,3372,3269,6533,4693,3667,3440,9219,5469,3728,3354,5791,4563,3714,3174,5.31712,-25.5691,8.60606,48.0407
867,3547,3890,3988,3702,3910,4927,5536,4228,4063,5985,7256,4574,3845,4341,4665,3974,4.28749,3.03531,8.65983,48.2873
868,3421,3859,4739,4625,3621,4601,7471,5899,3574,4131,6000,5316,3386,3614,4104,4040,-2.95561,11.404,8.67789,48.2673
869,3510,3646,3510,3412,4004,4571,3905,3521,5544,7784,4883,3843,5216,6414,4789,3667,12.0788,-8.54123,8.6639,48.146
870,3393,3379,3263,3006,4036,3812,3472,3267,6455,4964,3777,3411,11927,6480,4067,3276,24.7135,-24.4051,8.96566,47.99
871,4078,4595,4693,3874,4365,6903,6756,4238,4008,5109,5032,3920,3558,3955,3745,3442,-5.37783,-0.506787,8.98176,48.1807
872,3103,3198,3308,3372,3239,3506,3776,4117,3329,3845,4832,6811,3459,3938,5859,11948,22.7712,31.3846,8.77266,47.76
873,5615,6267,4300,3538,6233,7851,4613,3668,4336,4583,3922,3483,3541,3675,3396,3270,-11.3685,-11.6393,8.80073,48.194
874,3163,3183,3412,3464,3129,3494,3922,4357,3476,3718,5257,7851,3321,3868,5894,10825,18.9002,25.8506,8.89909,48.2227
875,11037,6053,4033,3354,7174,5041,3835,3359,4137,3931,3494,3338,3445,3412,3215,3091,-21.8166,-25.4352,8.52477,47.966
876,3558,3487,3160,3075,4276,3938,3519,3236,8193,5134,3994,3396,10068,5587,3875,3306,17.758,-31.0622,8.53133,47.868
877,9498,7238,4177,3582,6559,5463,4061,3486,4021,3995,3557,3278,3427,3384,3253,2958,-21.0569,-19.0082,8.66166,47.958
878,4585,4036,3538,3200,7628,4689,3599,3260,8972,5014,3810,3341,5190,4315,3519,3210,2.2377,-29.6126,8.92655,47.9373
879,4362,5480,4857,3894,4739,7582,6025,4130,3997,4794,4464,3679,3405,3669,3680,3347,-9.12877,-3.25617,8.54242,48.0693
880,4036,4500,4229,3827,4658,7224,5520,3960,4359,5875,4924,3779,3826,4140,3791,3580,-2.59121,-4.28781,8.50792,48.152
881,3578,3636,3411,3146,4318,4517,3865,3416,6258,7485,4479,3576,6085,6794,4413,3596,13.4948,-12.5636,8.7979,48.382
882,4339,6707,8066,5080,4091,5295,6061,4447,3494,3901,3873,3575,3250,3366,3332,3288,-20.0527,2.5817,8.94563,48.11
883,3770,4511,4996,4286,3999,5951,7700,4726,3802,4569,5263,4129,3432,3742,3896,3669,-6.49442,3.81239,8.73802,48.294
884,4190,3891,3493,3015,6280,4737,3762,3250,9206,5791,3964,3418,5621,4743,3687,3139,5.82328,-23.0565,8.73998,48.1247
885,10148,5674,3893,3381,8175,5091,3810,3418,4403,3982,3487,3214,3566,3369,3281,3064,-18.0966,-30.2047,8.5867,47.9707
886,3155,3332,3503,3488,3489,3711,4235,4003,3753,4902,7133,5204,3960,5273,7611,5595,16.3454,7.59233,8.705,48.2313
887,3204,3478,3524,3511,3383,3764,4418,4021,3729,4935,7405,5518,3876,4949,6931,5528,14.7304,8.52462,8.54329,48.116
888,4320,4845,3972,3491,5181,7730,4997,3625,4783,5986,4595,3690,3811,4013,3798,3361,-3.68377,-8.08998,8.63836,48.132
889,3669,3860,3595,3385,4231,5290,4364,3595,4929,7854,5563,3934,4413,5168,4364,3730,6.36826,-5.57507,8.56174,47.9627
890,3317,3361,3277,3225,3703,3568,3466,3218,5996,4557,3739,3484,12753,6075,3885,3390,30.8561,-33.5172,8.99575,47.3427
891,3111,3492,3905,3924,3397,3752,5172,5336,3384,4092,7027,7786,3369,3856,5063,5580,7.16768,16.6557,8.55861,48.164
892,3574,3957,4231,3922,3839,5158,6578,4670,3896,5148,6691,4728,3576,3952,4371,4027,0.228278,5.24692,8.84644,48.212
893,5002,8771,7577,4583,4347,5100,4969,3994,3523,3742,3866,3517,3280,3393,3309,3267,-33.0741,-1.82805,8.69529,48.16
894,3352,3421,3265,3120,3884,3927,3525,3335,5687,5422,4186,3498,9004,8374,4538,3581,23.761,-16.0523,8.614,48.0793
895,12540,5974,3850,3352,5947,4738,3837,3281,3942,3750,3544,3203,3387,3436,3231,3183,-31.1252,-29.2554,8.7964,47.4633
896,4486,5086,4247,3575,5228,8141,5306,3815,4452,5444,4364,3515,3664,3888,3608,3323,-6.40301,-7.09388,8.99798,48.0947
897,9871,6816,4143,3410,7288,5435,3972,3393,4319,3977,3523,3248,3385,3419,3143,2943,-19.4181,-20.7142,8.89861,48.19
898,3266,3608,4436,5240,3414,3736,5026,8986,3271,3707,4766,7589,3185,3473,4028,4485,-2.29608,31.4315,8.77016,48.144
899,11064,6037,3844,3360,7588,5013,3936,3415,4256,3832,3404,3129,3510,3370,3292,3089,-20.6781,-26.2382,8.87458,48.0927
900,4898,7074,5797,4140,4723,6965,5612,3983,3898,4170,3957,3606,3331,3565,3484,3276,-15.2894,-3.76964,8.98713,48.3193
901,3401,3469,3340,3117,3884,3730,3402,3288,5852,4590,3651,3332,12683,5888,3837,3309,32.3839,-32.817,8.75489,47.182
902,3243,3609,4684,5966,3392,3694,5419,9536,3316,3669,4580,6332,3166,3368,3869,4065,-5.91524,25.4405,8.61103,47.9387
903,3138,3207,3445,3346,3257,3668,3703,3878,3474,4135,5232,5633,3568,4504,8826,9014,25.8964,15.4036,8.78395,48.0187
904,3251,3706,4758,6372,3397,3760,5227,10228,3171,3663,4450,5860,3105,3371,3738,3820,-7.90693,29.4442,8.84689,47.918
905,3381,3905,4861,5475,3396,4138,6690,7850,3278,3828,5043,5847,3235,3524,3881,4163,-5.87034,17.7997,8.75098,48.33
906,9293,5514,3910,3320,8772,5056,3834,3326,4490,3971,3505,3335,3574,3559,3227,3015,-15.664,-32.885,8.813,47.8007
907,3397,3834,5243,8860,3319,3836,5121,9074,3185,3543,4032,4683,3090,3316,3541,3619,-14.682,30.7723,8.79157,47.7953
908,3426,3372,3263,3162,4046,3812,3438,3091,6591,4761,3763,3368,12193,6346,3872,3311,24.3255,-26.5979,8.94989,47.8767
909,3365,3335,3350,3148,3897,3766,3535,3274,6480,4782,3913,3416,12129,6023,3961,3370,24.4806,-32.1329,8.65893,47.8293
910,3335,3486,3330,3181,3664,3772,3657,3376,4625,5395,4414,3743,6237,9609,5965,4089,27.2532,-7.24713,8.52581,47.9187
911,3238,3407,3336,3421,3355,3592,3974,3747,3554,4300,5285,5028,3686,5285,9811,7289,32.7726,10.7832,8.68656,48.2053
912,3479,4164,6989,10070,3400,3748,5433,6880,3307,3491,4022,4223,3106,3238,3402,3446,-19.9938,20.3625,8.91126,48.2653
913,9755,6941,4148,3394,6923,5428,3931,3369,4141,3929,3415,3190,3395,3523,3314,3168,-20.4815,-19.8186,8.89848,47.976
914,9038,8066,4454,3527,5918,5422,4103,3524,4000,4010,3546,3237,3309,3417,3266,3208,-23.256,-16.3647,8.54063,48.03
915,3457,3990,4356,4099,3700,4967,6647,4678,3929,4952,6933,4807,3600,3946,4400,4074,0.559068,6.64467,8.53125,48.3567
916,3439,3605,3543,3393,3944,4642,4237,3665,4748,7724,5983,3968,4449,5856,5131,3939,10.7909,-3.90783,8.79672,48.1773
917,3758,5400,10084,7030,3609,4411,5054,4887,3374,3602,3770,3790,3180,3291,3380,3391,-30.6707,10.1195,8.87666,48.0073
918,3066,3289,3353,3286,3486,3624,3790,3690,4005,4810,5466,4482,4363,6916,9155,5392,24.3898,3.79926,8.9508,48.1153
919,4174,3916,3564,3180,7008,4676,3673,3290,9453,5177,3721,3371,5395,4465,3672,3193,3.78155,-30.3526,8.60049,47.952
920,3383,3408,3238,3164,3735,3842,3491,3417,5123,5197,4283,3542,7658,9754,5230,3826,28.1156,-11.6096,8.60122,48.194
921,3129,3392,3754,3870,3259,3654,4401,5690,3290,3687,5420,9824,3369,3730,4917,6731,9.00252,27.0199,8.56098,48.078
922,4551,7276,7696,4681,4127,5644,5754,4179,3587,3862,3898,3722,3182,3467,3494,3246,-20.2756,0.450885,8.75052,48.244
923,5396,4661,3721,3207,8771,5932,3888,3304,6363,5032,3779,3349,4206,3877,3614,3136,-4.46006,-21.0282,8.90453,48.1573
924,3504,3701,3469,3384,4168,4751,4111,3650,5079,7862,5334,3942,4768,5962,4835,3805,10.3571,-6.12918,8.50263,48.2167
925,3475,3476,3257,3003,4166,3908,3483,3234,7584,5074,3731,3450,10773,5891,4015,3399,20.0059,-25.4408,8.86619,47.946
926,3317,3816,5663,8920,3379,3801,5366,8502,3239,3534,3996,4765,3027,3304,3564,3628,-15.1485,25.7095,8.65467,47.8807
927,3055,3235,3578,3635,3327,3508,3983,4581,3374,3860,5217,8538,3368,3855,5796,9595,16.4689,25.6682,8.624,48.3367
928,3044,3272,3555,3575,3353,3674,4528,4781,3412,4091,6688,7950,3485,4014,5866,6813,12.2425,17.9174,8.74576,48.0673
929,3271,3453,3494,3383,3647,4059,4255,3904,4148,5968,6863,4558,4207,5853,6407,4528,14.2014,2.24921,8.98626,47.9987
930,3216,3119,3333,3436,3230,3335,3744,3975,3393,3951,4961,6441,3541,3952,6346,11910,25.3157,25.6701,8.62239,47.922
931,3457,3471,3181,3150,3855,3890,3393,3281,5990,4903,3820,3338,11918,6734,3970,3317,29.6538,-23.4928,8.70481,47.7787
932,3933,3799,3298,3156,5604,4669,3658,3302,8843,6266,3957,3316,6062,5035,3950,3247,8.07666,-20.6485,8.66506,48.0633
933,4132,6072,9302,5848,3821,4762,5842,4639,3288,3583,3952,3678,3269,3397,3351,3333,-22.8799,6.3567,8.57232,48.1793
934,4129,4974,4957,4089,4416,7070,6765,4273,3861,4718,4737,3732,3577,3738,3605,3388,-7.69614,-0.625325,8.90469,48.0193
935,3090,3155,3378,3309,3238,3499,3789,4085,3451,3828,5046,6422,3455,4200,6906,11269,23.6154,22.1415,8.86274,48.08
936,3425,4038,6333,10922,3311,3798,5060,7060,3272,3538,3818,4129,3127,3222,3463,3483,-21.3362,24.0846,8.55657,47.9993
937,3969,4214,3759,3617,4630,6335,4708,3751,5021,7277,5090,3770,4115,4494,4151,3468,1.64302,-6.40743,8.96548,48.246
938,3291,3369,3306,3195,3686,3691,3773,3403,4299,5245,4840,4023,5527,8905,7125,4418,26.2842,-3.09382,8.62092,48.064
939,3528,3460,3267,3115,4511,4052,3559,3223,8191,5529,3915,3373,9092,5932,3953,3433,16.3296,-22.1994,8.92463,48.0887
940,5108,7613,6336,4312,4540,6403,5525,4089,3782,4105,3874,3585,3300,3410,3429,3299,-18.0907,-3.35998,8.56632,48.4733
941,3907,5514,9552,6946,3766,4439,5341,4985,3424,3681,3766,3748,3090,3275,3404,3378,-25.8801,9.94645,8.54594,48.144
942,3254,3918,4965,7361,3356,3766,5349,9911,3340,3687,4243,5148,3159,3317,3629,3826,-11.2829,32.4216,8.78518,48.1527
943,4284,5180,4921,3884,4546,7565,6217,4045,3914,4997,4551,3598,3612,3877,3677,3486,-7.89934,-2.85188,8.79447,48.236
944,3235,3574,4275,4335,3499,4051,5958,6120,3598,4145,6859,6519,3273,3802,4510,4613,1.65211,15.0297,8.98127,48.244
945,4588,6583,5890,4274,4489,6756,6086,4185,3819,4300,4098,3668,3441,3479,3501,3364,-14.8337,-1.77715,8.80328,48.3473
946,3144,3338,3506,3519,3213,3658,4075,4204,3512,4142,6343,6728,3512,4320,6817,7830,16.7823,16.6919,8.71508,47.9073
947,3500,3797,3654,3333,4007,5027,4391,3675,4685,7784,5975,4022,4417,5278,4786,3845,7.85407,-3.84962,8.61801,48.1173
948,3344,3659,4009,3892,3603,4292,5788,4686,3766,4935,7825,5520,3649,4137,4924,4383,4.63685,8.96144,8.76492,48.2747
949,3293,4088,6090,11703,3357,3769,4905,6829,3180,3518,3874,4110,3012,3284,3355,3401,-23.5924,26.4754,8.63487,47.8453
950,4473,6100,5773,4098,4473,6948,6327,4287,3702,4340,4140,3689,3384,3476,3579,3343,-13.3629,-1.12959,8.6927,48.088
951,3652,3749,3399,3201,5167,4600,3618,3188,8654,6586,4064,3461,6454,5428,3854,3356,9.6828,-18.9504,8.91246,48.2873
952,3401,3854,5440,8939,3398,3894,5184,8791,3222,3499,4040,4630,3079,3277,3618,3523,-15.0231,32.7624,8.67284,47.8593
953,6891,6469,4360,3574,6960,6575,4295,3588,4464,4283,3603,3311,3651,3574,3277,3110,-14.3996,-15.6682,8.71817,47.99
954,3193,3443,3990,4307,3318,3769,4705,7251,3342,3767,5103,9247,3407,3600,4333,5185,2.87691,32.8582,8.84946,47.9733
955,4645,4164,3606,3216,7887,5186,3731,3347,8327,5184,3821,3289,4896,4227,3567,3286,0.632795,-25.137,8.85738,48.2527
956,3463,3652,3341,3109,4042,4175,3766,3458,5343,7098,4784,3686,5676,7569,5078,3802,16.23,-8.7322,8.61618,48.028
957,5171,9297,6925,4268,4407,5188,4699,4091,3658,3643,3709,3544,3316,3454,3431,3189,-33.1928,-3.74508,8.84969,47.9933
958,3452,3494,4488,5544,3317,3930,5081,9454,3286,3624,4605,6884,3219,3548,3858,4232,-4.37352,30.6688,8.63909,48.0107
959,3381,3979,6296,12305,3365,3909,4804,6003,3338,3420,3862,3907,3150,3242,3347,3462,-33.7912,24.9972,8.85362,47.8467
960,3440,3364,3227,3170,4056,3851,3378,3218,6177,4740,3806,3208,12544,6136,3834,3239,33.6098,-27.6184,8.52003,47.592
961,3514,3935,4079,3861,3817,4791,6330,4497,3983,5253,7298,4863,3651,4281,4468,3999,2.09568,5.31747,8.79622,48.4133
962,3132,3268,3399,3289,3485,3643,3869,3555,3751,4560,5294,4524,4066,6308,9833,6119,28.7059,6.64556,8.91265,48.0633
963,11960,6862,3948,3383,5958,4890,3752,3358,3875,3810,3492,3300,3444,3515,3262,3117,-28.8852,-22.8939,8.87557,47.9507
964,3358,3421,3216,3061,3929,3709,3439,3334,6239,4910,3635,3394,12622,5989,3874,3376,25.9112,-30.5493,8.74449,47.6707
965,3563,3503,3354,3106,4636,4109,3587,3250,8718,5246,3907,3364,9043,5564,3850,3347,15.49,-26.553,8.74922,48.098
966,3847,4598,4868,4272,4043,6280,7389,4714,3833,4823,5314,4115,3450,3765,3903,3588,-5.53003,2.33521,8.96756,48.5347
967,3056,3194,3303,3306,3400,3497,3876,3739,3651,4219,5091,5177,3674,5081,9506,8070,28.5887,12.4344,8.70014,47.8933
968,5283,8240,6227,4189,4663,6242,5181,4021,3761,4003,3879,3493,3343,3400,3475,3190,-19.3714,-4.1521,8.68556,48.3933
969,5492,4442,3751,3396,8641,5906,4005,3428,6516,5014,3828,3295,4294,3875,3476,3140,-4.08717,-21.615,8.51849,48.3327
970,3309,3726,4942,7046,3405,3718,5189,9936,3330,3491,4339,5566,3093,3379,3652,3730,-9.5048,30.3001,8.88867,47.9007
971,5624,4425,3564,3355,9358,5001,3840,3378,6908,4668,3658,3323,4287,3956,3457,3144,-4.18691,-30.0204,8.53693,47.964
972,3119,3353,3556,3577,3366,3822,4421,4395,3563,4437,7433,6654,3655,4312,6246,6034,12.6003,13.339,8.85427,47.962
973,3775,3708,3285,3132,4959,4862,3730,3436,7679,7152,4169,3514,5886,5439,4001,3502,8.99163,-16.2068,8.93486,48.1527
974,3271,3567,3561,3452,3627,4064,4575,3995,3912,5738,7604,4831,3981,5022,6222,4699,11.7835,4.45815,8.80135,48.0807
975,3608,3803,3572,3408,3954,4964,4395,3763,4786,7751,6019,3937,4346,5303,4673,3902,7.92574,-3.55535,8.97396,48.1227
976,3480,3385,3305,3250,3901,3763,3488,3075,5937,4713,3628,3405,12417,5934,3966,3425,32.1534,-31.9442,8.55891,47.3813
977,11892,6759,4059,3379,6446,4804,3845,3295,3993,3750,3569,3133,3391,3377,3189,3148,-25.8061,-23.7463,8.99681,48.0193
978,12852,5938,3803,3384,6054,4716,3740,3360,3880,3786,3384,3177,3342,3403,3174,3204,-28.4988,-32.7234,8.93937,47.4647
979,3453,3612,3374,3329,3943,4326,3940,3494,5419,7736,5082,3729,5348,7177,4777,3800,14.299,-8.26007,8.6674,48.3593
980,3336,4019,6993,12199,3336,3834,4779,6050,3143,3471,3765,3866,3121,3290,3445,3421,-30.1271,23.4019,8.96588,48.0453
981,6026,4755,3689,3212,10042,5290,3806,3325,6162,4512,3676,3294,3897,3725,3380,3152,-7.00558,-33.5129,8.62019,47.962
982,6755,8575,5015,3730,5613,6317,4324,3711,3983,3909,3671,3378,3317,3551,3263,3080,-19.6842,-10.8008,8.59764,48.128
983,3421,3837,5395,6781,3473,3933,6065,8928,3339,3715,4490,5124,3151,3407,3707,3952,-10.5418,20.7266,8.57731,48.4787
984,3342,3857,5084,6709,3446,3980,5964,9063,3264,3563,4542,5229,3136,3383,3709,3804,-9.78082,21.8095,8.63396,48.05
985,3428,3838,6084,12478,3305,3757,4765,6116,3359,3437,3680,3961,3047,3259,3325,3416,-33.7394,26.2836,8.92202,47.5033
986,3690,3573,3324,3035,4625,4465,3587,3370,7540,6856,4278,3465,6765,6039,4005,3520,12.3382,-16.44,8.82172,48.0913
987,11205,7249,4035,3294,5794,4966,3900,3376,4003,3816,3581,3395,3468,3330,3340,3116,-31.8263,-21.2375,8.52008,47.912
988,3156,3283,3446,3342,3259,3626,3946,3952,3490,4059,5747,6013,3509,4527,8201,8803,21.4133,15.7823,8.99582,48.2393
989,3349,3408,3302,3151,3723,3791,3661,3482,4740,5665,4359,3785,6419,9845,5842,3938,25.0024,-8.31272,8.90663,48.3067
990,4036,4104,3856,3483,4719,6325,4572,3682,5223,7556,4814,3832,4289,4588,3972,3427,2.20805,-7.55731,8.92022,48.3187
991,3436,4042,5808,10708,3432,3806,5082,7508,3180,3535,3887,4254,3075,3279,3526,3489,-19.4878,27.0883,8.55804,48.0313
992,3240,3573,4331,5090,3345,3876,5369,8925,3324,3701,4918,7456,3265,3507,3997,4517,-2.48643,25.7968,8.74098,48.2893
993,3662,4700,8744,8997,3532,4070,5324,5496,3193,3441,3819,3912,3079,3244,3382,3378,-26.7132,15.4815,8.55082,47.982
994,3273,3417,3303,3263,3534,3714,3676,3636,4238,4993,4893,4048,5060,8811,7672,4520,30.2367,-1.74293,8.80118,48.034
995,3584,4177,7424,11252,3493,3891,4918,5787,3174,3443,3644,3895,3097,3285,3419,3367,-28.9325,20.7364,8.8006,47.9
996,3342,3748,4939,7455,3351,3832,5342,9802,3229,3554,4222,5269,3157,3280,3667,3762,-10.9134,27.4117,8.91498,47.9673
997,3657,4444,7974,8938,3459,4010,5606,6085,3236,3593,3921,3997,3046,3165,3377,3345,-22.241,16.3693,8.92624,47.902
998,10419,7532,4261,3513,6061,5124,3985,3468,4039,3861,3542,3178,3245,3360,3169,3107,-24.4129,-19.4808,8.54727,47.9093
999,3304,3441,3106,3129,3840,3795,3564,3298,5779,5099,3879,3471,10761,7739,4206,3478,26.9855,-19.3512,8.69644,47.926
1000,5660,9423,6661,4197,4636,5508,4604,3858,3712,3820,3655,3446,3347,3376,3118,3228,-25.4483,-4.87029,8.77807,48.166
1001,3425,3765,3946,3844,3706,4525,5681,4405,3757,5341,7984,5038,3633,4188,5004,4251,4.94834,6.80548,8.91427,48.3287
1002,3228,3372,3180,3141,3769,3869,3586,3417,4952,5196,4158,3639,6975,9965,5537,3842,30.0419,-9.73634,8.85531,47.884
1003,3882,5737,9921,6867,3741,4410,5186,4709,3316,3584,3842,3760,3221,3209,3365,3359,-29.7361,9.12339,8.85175,48.0727
1004,3510,4197,5142,4861,3636,4561,7928,5893,3441,4142,5378,4778,3275,3506,3900,3841,-6.22302,10.7175,8.72853,47.9927
1005,4143,4437,3860,3467,5011,7088,4742,3681,4952,6767,4683,3674,3973,4252,3914,3585,-0.470185,-7.5535,8.88744,48.1527
1006,3333,4012,5636,9617,3477,3851,5345,8063,3303,3473,4062,4433,3017,3250,3353,3482,-16.8175,25.6989,8.51191,47.8047
1007,3758,4308,4392,3802,4296,6265,6492,4277,4124,5557,5619,4127,3594,3995,4027,3683,-2.22115,0.207158,8.81254,48.2107
1008,3395,3369,3249,3167,3755,3752,3477,3275,5186,5262,4214,3559,8114,9362,4929,3740,26.9813,-12.8951,8.76331,47.87
1009,3658,3559,3243,3166,5050,4203,3607,3302,9573,5295,3849,3316,7741,5212,3726,3362,11.9518,-32.8503,8.82428,47.908
1010,5543,5843,4102,3649,6538,7778,4506,3654,4732,4772,3800,3510,3705,3748,3587,3122,-9.72541,-12.7051,8.84466,48.3927
1011,3508,3683,3884,3629,3900,4923,5397,4090,3979,6258,7388,4444,3781,4592,4686,4009,5.14088,2.22162,8.99279,48.1007
1012,4263,5753,6234,4480,4236,6341,7045,4515,3627,4269,4340,3741,3324,3520,3558,3430,-13.1948,1.71455,8.63072,48.4507
1013,3295,3359,3281,3140,3909,3728,3363,3257,5969,4820,3827,3272,12344,6478,3973,3374,32.9412,-24.9603,8.52547,47.5927
1014,4815,7324,6038,4124,4612,6728,5724,4078,3778,4213,3908,3575,3438,3353,3450,3233,-16.339,-3.05181,8.58912,48.2607
1015,3107,3186,3291,3433,3279,3466,3833,3812,3483,3970,5083,5601,3331,4292,7996,10635,30.9453,18.6979,8.92997,47.8653
1016,3535,3621,3315,3202,3994,4384,3826,3369,5848,7380,4544,3723,6107,7047,4714,3654,14.6731,-11.1638,8.71066,48.1753
1017,3200,3181,3213,3299,3172,3421,3773,3845,3333,3951,4879,6052,3393,3936,5967,12650,29.2439,30.1081,8.66557,47.51
1018,4772,8434,7925,4639,4327,4880,4927,4111,3718,3727,3777,3457,3225,3394,3368,3336,-31.8321,-0.700233,8.74091,48.0113
1019,11094,7369,4070,3431,5878,4902,3790,3480,3931,3798,3533,3371,3383,3262,3273,3150,-30.897,-20.712,8.52112,47.81
1020,3563,3502,3144,3036,4518,4063,3435,3201,8605,5246,3796,3357,9757,5499,3977,3338,16.8713,-28.5342,8.71617,48.0247
1021,5041,4502,3597,3277,8424,5666,3965,3360,7065,5077,3841,3353,4629,4135,3512,3158,-2.38592,-21.8149,8.87834,48.4013
1022,4050,3784,3409,3189,5265,4774,3635,3374,8282,6530,4119,3422,6005,5247,3801,3319,8.51668,-18.5559,8.70531,48.1367
1023,3372,3453,3348,3261,3838,4127,3951,3407,4761,6852,5308,3957,5157,7564,5720,4063,16.5996,-4.58279,8.77124,48.0927
1024,12840,5858,3949,3236,6196,4742,3799,3357,3882,3809,3420,3297,3294,3238,3206,3038,-27.0408,-32.0708,8.79718,47.4407
1025,3275,3361,3364,3177,3635,3888,3840,3539,4091,4976,5227,4190,4560,7786,8480,5034,25.9934,1.03378,8.74214,48.282
1026,3433,4050,6515,10506,3411,3850,5149,6905,3180,3452,3882,4088,3237,3149,3570,3435,-21.0513,22.5907,8.59613,47.8747
1027,3566,4487,8679,9329,3481,4071,5140,5516,3085,3413,3859,3974,3163,3369,3279,3354,-33.0677,15.9679,8.80349,47.8433
1028,3221,3577,4579,5782,3335,3828,5230,9575,3255,3630,4630,6749,3275,3510,3896,4167,-5.26136,29.7179,8.51046,48.1593
1029,12603,6060,3973,3516,6128,4721,3712,3361,3908,3683,3413,3371,3400,3303,3180,3119,-27.4773,-31.6347,8.87175,47.634
1030,3078,3214,3349,3321,3292,3507,3844,3867,3615,4076,5188,5527,3618,4619,8953,8992,28.1764,14.9976,8.73224,48.04
1031,3432,3506,3390,3254,3820,4142,3716,3474,5108,6811,4934,3826,5645,7835,5616,3990,17.4721,-6.67548,8.69711,48.3327
1032,3133,3223,3414,3297,3335,3674,3819,3742,3740,4287,5475,5030,3684,5217,9626,7326,25.8303,10.9598,8.73927,48.0147
1033,3876,4380,4144,3581,4685,6956,5580,3860,4440,6212,5082,3794,3863,4214,3840,3515,-1.80825,-3.48412,8.76483,48.0147
1034,3477,3457,3338,3225,4337,4165,3460,3220,8453,5109,3842,3398,9513,5581,3942,3375,16.4686,-33.8995,8.52711,47.928
1035,3215,3237,3519,3699,3383,3510,4068,4749,3449,3808,5283,9221,3393,3807,5239,8523,13.7966,32.4574,8.74218,48.0687
1036,5093,4917,3875,3436,7078,7192,4296,3459,5501,5431,4000,3440,4015,3989,3571,3202,-4.89124,-15.174,8.56713,48.33
1037,3159,3301,3415,3283,3524,3762,4006,3982,3892,4922,6582,4979,3946,5297,8302,5824,18.2134,7.77588,8.5458,48.1173
1038,3406,3895,5491,7794,3367,3926,5500,9065,3231,3589,4210,4941,3058,3221,3584,3709,-12.7024,24.0072,8.53451,47.9913
1039,3745,4078,3949,3598,4234,5855,5069,3874,4489,6737,6021,4044,3977,4450,4268,3826,2.67539,-2.3076,8.52163,48.1427
1040,3230,3250,3470,3305,3241,3565,3783,3736,3659,4204,5154,4937,3884,5179,9974,7410,30.0953,11.0304,8.73014,47.9873
1041,6281,9939,6051,4064,4720,5348,4467,3745,3750,3790,3587,3355,3252,3328,3309,3146,-27.2958,-7.49379,8.8739,48.088
1042,12347,6109,3876,3398,6351,4907,3739,3448,4038,3830,3345,3176,3442,3345,3170,3165,-26.0148,-29.5668,8.54727,47.7907
1043,8512,5856,3978,3504,8412,5574,3968,3355,4531,4075,3680,3237,3573,3451,3257,3035,-15.2531,-22.8015,8.55202,47.9987
1044,9475,8610,4490,3463,5464,5021,4005,3507,3953,3819,3576,3297,3429,3475,3221,3029,-31.9545,-16.4029,8.79688,47.8893
1045,3378,3917,5508,9399,3423,3742,5164,8525,3285,3528,4048,4591,3180,3175,3474,3577,-16.4853,28.6422,8.51568,47.9427
1046,3480,3981,5862,8838,3484,3970,5600,8312,3259,3477,4211,4539,3071,3294,3458,3495,-15.8535,22.473,8.73262,48.2207
1047,4340,4944,4296,3784,5013,7882,5522,3965,4345,5549,4365,3647,3653,3896,3686,3345,-6.05159,-5.62616,8.82992,48.1547
1048,3682,4691,7418,6611,3617,4420,6889,6115,3453,3666,4111,3999,3213,3327,3458,3409,-16.576,12.8764,8.90275,48.0527
1049,4879,5459,4262,3563,5776,8100,4818,3779,4453,5144,4065,3533,3732,3761,3521,3267,-7.69546,-9.58087,8.51659,48.0747
1050,3332,3374,3171,3137,4131,3911,3506,3246,6860,5125,3880,3366,11158,6239,3996,3414,21.6848,-24.0589,8.87507,47.8973
1051,3422,3411,3361,3087,3896,4090,3625,3250,5413,5854,4305,3754,7396,8757,4979,3682,21.9967,-12.3665,8.66004,48.188
1052,3991,3733,3390,3171,5352,4570,3617,3275,8807,6287,3960,3438,6339,5222,3956,3323,9.29178,-20.0334,8.89347,48.2873
1053,3485,3381,3241,3237,4253,4036,3394,3276,7952,5096,3792,3369,10085,5657,3931,3448,18.121,-32.2007,8.50831,47.7553
1054,3598,3622,3202,3090,4912,4063,3521,3249,9417,5243,3760,3439,8445,5205,3887,3330,13.5126,-29.1233,8.89108,47.9887
1055,8627,8805,4703,3537,5610,5546,4039,3525,3951,3967,3509,3238,3358,3391,3283,3188,-24.455,-14.6748,8.78696,48.1847
1056,9930,5653,3913,3408,8247,5042,3888,3363,4459,4079,3434,3339,3505,3457,3208,3070,-17.3373,-29.3519,8.63631,47.9967
1057,3796,4515,5356,4463,3962,5564,8155,4965,3570,4343,5087,4263,3522,3531,3748,3500,-7.32978,5.4972,8.9909,48.2267
1058,9915,5582,3869,3279,8143,5118,3695,3423,4390,4124,3541,3424,3459,3359,3223,3160,-17.1409,-33.2924,8.86815,47.8027
1059,5198,4369,3559,3290,8987,5061,3792,3369,7452,4685,3663,3357,4446,3945,3438,3264,-2.53924,-29.4303,8.57367,47.9167
1060,3642,4244,4345,3995,3972,5578,6770,4640,3874,5186,6386,4386,3659,3995,4083,3992,-1.18011,3.53928,8.53899,48.498
1061,3065,3150,3375,3382,3152,3620,4031,3976,3510,4030,5349,6017,3484,4453,8106,9507,24.0469,17.0827,8.75386,48.138
1062,3573,3559,3360,3214,4320,4273,3836,3410,6455,7398,4405,3636,6440,6669,4350,3647,13.8771,-13.3615,8.78139,48.3633
1063,3552,3630,3542,3289,4180,4715,4046,3557,5263,8024,5302,3995,4870,5991,4712,3724,10.761,-6.9509,8.69715,48.2613
1064,6214,4654,3576,3305,10056,5213,3746,3454,6165,4583,3632,3182,4094,3788,3424,3162,-6.96516,-30.5089,8.99245,48.1653
1065,3123,3298,3646,3729,3339,3622,4314,5153,3479,3883,5707,9458,3205,3816,5263,7186,11.1492,23.2159,8.84748,48.1473
1066,9128,7211,4344,3525,6503,5705,4049,3444,4159,3961,3601,3282,3337,3441,3290,3144,-19.9288,-18.0172,8.80969,48.0827
1067,4175,6472,9509,5774,3955,4657,5587,4616,3355,3615,3760,3708,3231,3357,3338,3278,-25.2118,5.39411,8.83018,48.258
1068,3644,3902,4038,3699,3772,4959,5825,4242,4067,5727,7154,4743,3820,4402,4620,4028,3.06902,3.10716,8.60119,48.428
1069,3332,3328,3242,3211,3917,3771,3523,3194,5602,5184,4131,3483,9381,8672,4548,3466,33.141,-16.0572,8.80075,47.99
1070,3622,3884,3890,3712,4003,5461,5665,4239,4257,6215,6671,4477,3720,4335,4439,3969,2.80133,1.5283,8.63277,48.3727
1071,3728,3593,3412,3131,4705,4434,3692,3302,7492,6724,4203,3533,6686,5922,4179,3514,12.5457,-16.6786,8.52881,48.1667
1072,3392,3426,3253,3116,3950,3804,3535,3251,6075,5278,4000,3468,10052,7719,4346,3490,24.3809,-18.7447,8.57457,48.1033
1073,3369,3879,4381,4244,3680,4550,6979,5498,3615,4450,6839,5339,3415,3881,4157,4112,-0.380893,10.2129,8.93352,48.2587
1074,3577,4415,7337,8383,3410,4113,5907,6803,3289,3459,4092,4132,3032,3139,3445,3534,-18.6198,16.7646,8.59989,48.0447
1075,6508,4980,3851,3293,9236,5954,3798,3303,5541,4455,3680,3288,3942,3688,3385,3081,-8.73169,-22.2819,8.63755,47.9887
1076,3211,3331,3357,3209,3288,3671,3853,3726,3689,4446,5206,4730,3816,5675,9953,6495,33.231,7.98587,8.81999,47.7707
1077,3979,3745,3466,3133,6388,4601,3605,3410,9832,5296,3836,3396,5959,4602,3654,3351,6.14943,-32.3035,8.68369,48.1687
1078,3032,3286,3432,3458,3250,3552,4015,4429,3390,3746,5067,8086,3372,4015,5901,9926,17.5788,26.1066,8.64456,47.9713
1079,3515,3902,5123,4790,3671,4656,7910,5850,3514,4134,5440,4907,3319,3589,3963,3907,-5.73265,10.8773,8.82634,48.1267
1080,4858,4288,3669,3216,8219,5121,3754,3379,8109,4965,3778,3252,4846,4007,3528,3134,-0.580924,-26.2311,8.59484,48.082
1081,11203,7123,3997,3472,5994,5029,3891,3419,4015,3835,3446,3135,3434,3341,3098,3184,-26.482,-21.7177,8.51424,47.744
1082,3249,3428,4066,4285,3292,3736,4780,6912,3348,3759,5121,9444,3372,3632,4468,5454,4.19037,32.4176,8.58033,48.2307
1083,11737,6813,3949,3339,6012,4844,3863,3500,4021,3859,3437,3282,3361,3388,3238,3153,-32.2462,-22.7765,8.53692,47.864
1084,4295,5206,4648,3775,4751,7764,6097,3999,4082,5136,4513,3640,3618,3718,3598,3427,-7.12116,-4.04534,8.87307,48.178
1085,3316,3695,4318,4426,3557,4173,6113,6090,3600,4236,6572,6388,3371,3739,4451,4510,0.70532,14.4319,8.59878,48.37
1086,3496,3415,3179,3043,4379,4099,3641,3348,7410,6059,4043,3395,8164,6559,4187,3500,16.1113,-18.4704,8.81429,47.9447
1087,3162,3472,3629,3704,3407,3767,4852,4795,3476,4400,7502,7283,3472,3966,5612,5634,9.42903,14.6189,8.81583,48.0887
1088,3291,3779,4953,6943,3368,3926,5133,10094,3223,3539,4312,5400,3209,3378,3576,3803,-9.87909,32.4854,8.79747,47.9513
1089,3308,3668,3991,3864,3501,4241,5610,4816,3672,4891,7987,5688,3469,4025,5125,4703,5.40693,9.66354,8.60647,48.3727
1090,3343,3843,4972,7075,3423,3764,5643,9652,3296,3491,4354,5437,3180,3386,3620,3821,-9.98433,24.823,8.93906,48.2
1091,3214,3223,3333,3338,3434,3570,3747,3783,3646,4226,5214,5137,3614,4842,9193,8122,30.5348,13.1788,8.52997,47.7573
1092,3459,3804,4643,4706,3529,4225,6884,6762,3456,4084,5793,5903,3309,3654,4123,4274,-2.52957,14.8192,8.54829,48.4053
1093,3960,4609,4354,3814,4540,7167,5921,4059,4281,5723,5070,3883,3678,3940,3802,3554,-3.25436,-2.78014,8.68594,48.2367
1094,3546,4078,6586,11822,3415,3815,4950,6331,3180,3436,3827,4025,3140,3289,3431,3449,-24.7014,23.9245,8.96416,48.2133
1095,4021,4474,4049,3705,4676,7197,5240,3775,4591,6388,5027,3824,3855,4255,3841,3593,-1.52144,-5.40212,8.91403,48.3407
1096,3321,3833,5278,8095,3433,3704,5279,9528,3304,3567,4212,4989,3185,3327,3509,3555,-12.7849,28.878,8.85027,48.0793
1097,3447,3631,3197,3074,4271,3862,3514,3299,7492,5126,3892,3433,10535,5921,3941,3305,19.3755,-26.0017,8.68426,47.96
1098,3442,3810,4279,4086,3674,4481,6516,5134,3751,4486,7041,5375,3444,3867,4488,4245,1.25864,9.83968,8.57659,48.0793
1099,3234,3233,3358,3441,3216,3309,3674,3853,3397,3825,4796,6110,3447,3807,6144,12733,28.5508,28.3705,8.95013,47.718
1100,3775,3630,3366,3148,5014,4713,3715,3356,7761,6966,4126,3433,6106,5430,4038,3399,9.71474,-17.1697,8.50465,47.984
1101,5887,9772,6486,4185,4561,5106,4478,3803,3639,3845,3587,3354,3306,3453,3355,3226,-30.7305,-5.89662,8.89605,48.0287
1102,3169,3296,3212,3113,3806,3755,3545,3421,5028,5265,4107,3615,7585,9908,5179,3878,29.0629,-11.1159,8.91046,47.9213
1103,7601,5164,3723,3352,9443,5526,3824,3373,5259,4173,3625,3261,3811,3661,3342,3070,-11.3696,-26.1561,8.82813,48.1387
1104,12393,6629,3995,3448,6197,4860,3840,3432,3948,3702,3397,3189,3459,3240,3241,3077,-28.6711,-24.8052,8.97334,48.0313
1105,3794,5231,9299,7033,3658,4375,5643,5177,3393,3649,3943,3956,3097,3253,3405,3273,-23.5331,10.3769,8.61819,48.1193
1106,3334,4003,6077,11630,3366,3884,4841,6932,3248,3507,3720,4100,3006,3248,3432,3349,-22.5997,27.0513,8.69429,47.7847
1107,7459,5926,4012,3452,8153,6276,3963,3386,4585,4272,3735,3274,3645,3548,3372,3185,-13.6992,-19.2163,8.74495,48.162
1108,5765,9246,6244,4055,4718,5797,4615,3891,3867,3835,3570,3463,3315,3415,3396,3155,-23.2728,-5.91749,8.99824,48.2313
1109,3512,3464,3192,3081,4431,4010,3558,3269,7817,5383,3855,3338,9705,6186,4023,3462,18.0757,-22.4872,8.66994,48.1907
1110,3553,3531,3358,3030,4565,4153,3588,3370,7794,6029,3983,3436,7987,6290,4056,3519,15.2242,-19.3929,8.60272,48.1613
1111,10595,7512,4256,3436,6093,5260,3915,3291,3895,3931,3485,3280,3385,3420,3261,3109,-24.3376,-19.6757,8.89156,48.0827
1112,3413,3449,3208,3103,3930,3914,3510,3302,5761,5219,3929,3519,9794,8360,4495,3610,26.2799,-17.3901,8.67933,48.344
1113,3213,3486,3833,4131,3284,3826,4671,6166,3429,3975,5844,8932,3309,3862,4596,5862,6.09645,22.324,8.55718,48.2793
1114,3541,3644,3504,3217,4264,4802,4100,3574,5290,8026,5382,3738,4893,6085,4575,3783,10.72,-7.08495,8.57066,48.2787
1115,3843,4113,3733,3390,4865,6277,4507,3557,5304,7661,4942,3663,4407,4503,4013,3481,2.94872,-8.59574,8.98402,48.1727
1116,3886,3868,3584,3290,4958,5378,4023,3598,6260,7948,4548,3654,4755,5072,4029,3556,5.98736,-11.5792,8.70847,48.2713
1117,3251,3199,3443,3350,3280,3567,3821,3860,3593,4321,5183,5013,3639,5069,9643,7866,30.7659,11.9258,8.62303,48.0653
1118,8424,7086,4304,3444,6953,6024,4050,3439,4223,4120,3561,3276,3444,3541,3248,3131,-18.0484,-17.7446,8.89564,48.1787
1119,3370,3861,5512,8516,3491,3963,5316,8762,3233,3563,4146,4641,3056,3320,3552,3565,-14.4827,24.7016,8.51838,47.9113
1120,3167,3577,4521,5550,3381,3903,5485,9190,3302,3690,4756,6812,3143,3481,4006,4250,-3.82689,23.7149,8.88538,48.1427
1121,3371,3472,3231,3063,3813,3802,3607,3305,5213,5366,4001,3562,8124,9561,5082,3705,26.7676,-12.8433,8.98992,48.1853
1122,3152,3419,3471,3375,3514,3847,4008,3670,3987,5078,6442,4679,4062,6035,8376,5285,18.8772,4.97093,8.99228,48.2667
1123,3039,3219,3402,3379,3169,3566,3714,3839,3411,3880,5138,5810,3416,4193,7716,11072,27.9659,20.2248,8.86336,47.9753
1124,8279,8544,4726,3656,5696,5789,4135,3510,3948,3893,3571,3378,3310,3391,3353,3136,-22.6741,-14.2399,8.6281,48.21
1125,3723,3590,3415,3109,4824,4608,3661,3324,8256,6803,4052,3474,6483,5407,3895,3346,10.6731,-18.0515,8.98144,47.98
1126,3224,3443,3721,3628,3588,4027,4954,4337,3835,5122,8278,5350,3698,4601,5824,4844,9.53808,7.7482,8.97312,48.316
1127,3405,3910,5093,6198,3333,3984,6350,8761,3376,3709,4476,5513,3128,3467,3744,3857,-8.58015,20.2984,8.6095,48.2027
1128,3288,3328,3199,3132,3953,3869,3428,3318,5787,5029,4021,3370,10505,7915,4368,3450,27.7604,-18.6859,8.8088,47.9733
1129,3286,3814,5185,7503,3372,3815,5598,9243,3258,3591,4156,5220,3091,3366,3604,3771,-11.4451,25.4089,8.59888,47.9153
1130,3648,4065,4400,3960,3962,5403,6703,4544,4026,5222,6585,4458,3537,4088,4189,3961,-0.535925,3.34974,8.61722,48.5007
1131,3520,3567,3573,3163,4202,4489,3950,3466,5485,7662,4963,3674,5353,6574,4761,3730,12.3029,-8.54766,8.84289,48.088
1132,3331,3378,3162,3118,3826,3874,3559,3368,5052,5659,4375,3614,6768,9852,5451,3853,25.9961,-9.87624,8.57316,48.16
1133,12110,6350,3978,3429,5969,4973,3813,3278,4027,3749,3422,3272,3388,3424,3240,3174,-32.3176,-25.322,8.52662,47.7307
1134,3336,3379,3425,3309,3794,4139,3927,3485,4650,6904,5379,3883,5206,7675,5830,4014,16.7537,-4.99559,8.90541,48.2233
1135,3297,3592,3817,3733,3599,4543,5419,4350,3775,5572,8007,4961,3690,4404,5194,4354,6.41468,5.74794,8.91786,48.2047
1136,3441,4125,6140,7497,3341,4094,6276,7906,3302,3519,4169,4712,3184,3327,3595,3635,-14.3849,19.0468,8.64594,48.1753
1137,4348,4191,3569,3310,6589,5759,3993,3378,7172,6236,4001,3441,4652,4499,3733,3409,1.32878,-17.2638,8.63805,48.1867
1138,3302,3388,3533,3508,3423,3869,4277,3898,3884,5194,7083,5063,4047,5372,7177,5276,15.1143,6.50753,8.79103,48.196
1139,3230,3565,4762,6411,3263,3803,5575,9857,3298,3688,4487,5857,3110,3367,3713,4112,-7.48461,25.8699,8.81429,48.0653
1140,3596,3842,3821,3500,4140,5510,4902,3852,4588,7270,6077,3994,4063,4753,4473,3800,4.73356,-2.35356,8.8216,48.1207
1141,3181,3220,3342,3312,3278,3643,3844,3865,3502,4175,5236,5294,3614,4653,8967,8868,33.3816,14.6862,8.76811,47.996
1142,3678,4903,9299,8520,3557,4041,5325,5287,3326,3607,3963,3850,3102,3268,3371,3364,-28.7695,13.8194,8.89602,48.3073
1143,3314,3444,3394,3196,3724,3990,3840,3576,4334,5807,5476,4150,4896,7742,6951,4536,19.7114,-1.50112,8.71248,48.2467
1144,3345,3680,4762,6455,3419,3864,5259,9928,3360,3617,4373,5797,3184,3370,3820,4005,-8.32254,31.7557,8.60164,48.1587
1145,6541,9421,5546,3896,4833,5602,4457,3815,3796,3789,3632,3464,3427,3394,3245,3108,-23.8115,-8.60455,8.52736,47.9773
1146,3415,3421,3214,3152,3979,3706,3329,3300,6078,4731,3756,3288,12764,5846,3956,3401,31.8278,-29.8522,8.77226,47.5573
1147,3138,3186,3305,3329,3284,3395,3783,3898,3375,3839,4744,6745,3390,3919,5980,12150,23.7775,31.2652,8.73249,47.64
1148,3671,3621,3334,3091,5233,4311,3626,3219,9606,5358,3766,3383,7430,5040,3808,3245,11.441,-27.2321,8.54167,47.828
1149,3794,3637,3326,3187,5424,4236,3652,3332,9847,5513,3739,3290,7247,5102,3773,3361,10.3961,-25.5291,8.71896,48.3067
1150,6519,4685,3684,3285,9874,5244,3894,3342,5631,4443,3640,3231,3903,3751,3314,3174,-8.4369,-32.5727,8.90164,47.7427
1151,4271,3980,3583,3305,6934,5192,3789,3331,8559,5867,3868,3389,5173,4459,3630,3305,3.03649,-21.1238,8.90839,48.4233
1152,3560,3313,3315,3114,4381,4026,3466,3204,8007,5265,3999,3335,10080,5817,3863,3415,17.865,-26.0961,8.51853,48.1067
1153,3377,3822,6378,12216,3281,3774,4890,6257,3246,3478,3829,4043,3132,3141,3544,3412,-26.5125,25.742,8.62875,47.88
1154,3222,3252,3323,3304,3595,3762,3828,3651,4002,5127,5166,4219,4564,7618,8730,5000,24.3841,1.71256,8.98198,48.242
1155,3130,3429,3700,3739,3401,3823,4544,4321,3544,4433,7500,6316,3601,4371,6565,5812,12.8143,12.466,8.57828,48.1527
1156,3393,3240,3216,3069,3813,3902,3346,3270,6158,5116,3880,3408,11236,7028,4199,3432,26.7351,-21.823,8.64319,47.804
1157,4447,4223,3803,3353,6124,6539,4230,3452,6089,6525,4173,3514,4351,4318,3697,3410,-0.225145,-13.4715,8.71682,48.1653
1158,3049,3241,3515,3223,3404,3621,3852,3654,3698,4381,5303,4798,3932,5722,10003,6813,28.0752,8.72919,8.73999,48.1393
1159,9300,6257,3980,3471,7636,5484,3868,3377,4374,3913,3629,3289,3489,3315,3244,3090,-17.5968,-21.5632,8.9561,47.8107
1160,3234,3286,3439,3401,3281,3573,4000,4284,3234,3817,5064,8245,3478,3825,5771,9814,17.5631,33.8365,8.59535,47.8307
1161,4043,4767,4536,3838,4420,6938,6649,4294,4054,5018,4870,3902,3520,3808,3759,3532,-5.50597,-1.02535,8.70551,47.9653
1162,3446,3581,3490,3365,4000,4428,4256,3687,4671,7030,6219,4172,4490,5922,5408,4132,11.8687,-2.14832,8.58055,48.198
1163,6030,9924,6253,4136,4582,5248,4515,3703,3579,3822,3727,3362,3285,3413,3260,3184,-30.5963,-6.32076,8.65929,48.0153
1164,3398,4370,8324,10164,3494,3962,5070,5567,3287,3508,3824,3979,3013,3207,3373,3399,-30.8693,17.7649,8.81907,47.9593
1165,6570,4757,3845,3336,9819,5297,3847,3371,5542,4545,3628,3274,3871,3653,3452,3229,-8.89488,-33.5101,8.53487,48.024
1166,3329,3258,3403,3298,3455,3757,3796,3623,3931,4706,5088,4325,4349,7381,9074,5116,33.2244,2.39722,8.69555,47.926
1167,3409,3550,3341,3133,3844,3824,3629,3281,5137,5344,4068,3499,7968,9540,4928,3579,33.5823,-12.7124,8.89946,48.0493
1168,8541,9134,4711,3602,5402,5445,4043,3563,3895,3783,3519,3303,3308,3311,3250,3131,-25.7982,-13.8469,8.81399,47.9607
1169,3425,3958,6339,12327,3402,3761,4833,6409,3278,3404,3779,4014,3225,3206,3352,3397,-26.007,27.2421,8.7586,48.0727
1170,3966,3835,3417,3157,5465,4640,3680,3291,8264,6680,4021,3583,5908,5053,3736,3403,7.99017,-18.9238,8.67004,48.066
1171,3192,3458,3808,3831,3223,3870,4897,5300,3444,4120,7211,7621,3433,3916,5365,5536,7.77834,16.5381,8.50487,48.15
1172,3914,4503,4362,3858,4423,6899,6069,4275,4213,5531,5158,3901,3667,3976,3916,3540,-3.60731,-1.97231,8.56112,48.1367
1173,3332,3703,4782,5800,3444,3888,6000,8994,3297,3673,4680,6024,3190,3364,3909,4184,-6.17308,21.7922,8.67269,48.176
1174,3126,3354,3470,3307,3495,3767,4153,3805,3935,4908,6511,4844,3959,5795,8370,5504,18.8637,6.2617,8.61519,48.202
1175,4290,3985,3506,3115,6848,4947,3713,3364,9128,5642,3770,3305,5440,4380,3767,3221,4.04712,-24.0213,8.87484,48.2807
1176,3324,3557,4058,3960,3480,4055,5580,5369,3498,4180,7247,6975,3476,3874,4870,5074,5.13761,14.8491,8.76023,48.3847
1177,4661,4133,3503,3225,7877,4904,3682,3405,8533,4928,3790,3358,4971,4361,3502,3316,1.39359,-31.5731,8.54198,48.0993
1178,3826,3548,3404,3212,4823,4502,3690,3301,8072,6673,4057,3439,6499,5586,3944,3414,11.2643,-18.0466,8.7176,47.9933
1179,6012,9417,5873,4023,4859,5864,4698,3760,3729,3886,3627,3486,3385,3406,3299,3209,-22.8979,-7.09255,8.9336,48.3553
1180,3150,3325,3758,3784,3278,3738,4453,5415,3453,3984,6265,8974,3368,3819,5139,6375,9.23558,21.1292,8.75525,48.1853
1181,3722,4223,4593,4130,3849,5489,7440,4777,3857,4685,5873,4413,3612,3805,4017,3762,-3.95,4.75429,8.50113,48.1647
1182,3182,3374,3441,3362,3452,3823,4163,4002,3755,4743,7075,5574,3832,5075,7756,5991,16.5924,9.18009,8.9212,48.4
1183,3413,3740,3918,3634,3690,4430,5361,4196,3971,5847,7722,4756,3853,4539,5096,4249,6.24084,4.31317,8.73599,48.2767
1184,3364,4099,7218,11016,3407,3834,4826,5762,3273,3430,3826,4038,3178,3208,3398,3434,-30.9855,20.8381,8.61969,47.5407
1185,3197,3299,3411,3369,3426,3770,3942,3705,3733,4748,6268,5118,3963,5489,8742,6050,19.9529,7.77903,8.83823,48.1533
1186,3280,3359,3226,3161,3611,3702,3705,3466,4816,5466,4639,3781,5860,9534,6325,4192,24.5964,-6.26569,8.95835,48.082
1187,3367,3794,4248,4429,3617,4221,6597,6069,3396,4154,6554,6103,3438,3781,4327,4409,-0.0371196,13.66,8.68558,48.336
1188,4048,4745,4296,3811,4557,7125,5556,3936,4207,5855,4981,4007,3798,3984,3811,3525,-3.03961,-3.46935,8.54152,48.1613
1189,3431,3776,4105,4014,3733,4774,6428,4754,3856,4994,7269,5033,3526,4072,4527,4154,1.95959,7.08625,8.59204,48.2973
1190,3325,3423,3336,3140,3805,3889,3580,3320,4936,5369,4365,3626,7143,9579,5328,3802,27.7935,-10.2275,8.51117,47.9773
1191,3144,3236,3364,3391,3218,3549,3834,3902,3467,3930,5140,5670,3539,4351,8150,9997,29.565,17.767,8.54321,47.9213
1192,3588,3810,3775,3410,4260,5359,4546,3755,4792,7832,5961,4074,4118,4975,4587,3807,6.02517,-3.7891,8.74655,48.4327
1193,3107,3514,3615,3584,3473,3947,4545,4193,3752,4969,7867,5571,3799,4622,6488,5279,11.9803,8.86734,8.59861,48.2167
1194,3896,3691,3395,3177,5758,4325,3639,3361,9930,5310,3774,3283,6622,4896,3714,3273,8.86832,-28.5552,8.5255,48.0293
1195,3248,3255,3500,3574,3237,3552,4137,4968,3290,3799,5133,9589,3358,3796,5255,8264,13.3083,30.744,8.92334,47.97
1196,3834,3598,3423,3123,5383,4161,3553,3342,9834,5532,3814,3426,7114,5042,3745,3217,10.0427,-26.3657,8.78538,48.094
1197,3128,3274,3497,3352,3450,3772,4134,3910,3695,4546,6636,5524,3812,4885,8095,6524,18.3845,10.6623,8.7532,48.156
1198,3042,3162,3541,3454,3214,3520,3835,4147,3419,3868,5244,6846,3314,4105,6950,10311,20.7987,21.2192,8.92846,47.9813
1199,3124,3231,3408,3532,3279,3586,3962,4176,3388,3910,5028,7066,3476,4032,6230,10931,21.4552,24.3236,8.5778,48.2393
1200,3367,3602,3733,3612,3579,4102,4850,3958,3969,5951,7826,4819,4007,4916,5517,4491,9.54304,4.08422,8.67517,48.1993
1201,3400,3610,3446,3372,3797,4158,4254,3702,4323,6535,6630,4283,4435,6115,6001,4463,13.9334,-0.12143,8.81921,48.3493
1202,5538,5689,3982,3530,6794,7674,4356,3591,4738,4804,3759,3387,3750,3785,3393,3277,-9.20122,-13.5654,8.88888,48.0313
1203,3125,3350,3857,4091,3274,3728,4563,5670,3245,3904,5856,9332,3291,3724,4869,6324,7.89292,23.324,8.50866,48.1353
1204,7985,9121,4853,3688,5453,5700,4127,3647,3936,3949,3564,3236,3331,3381,3151,3136,-23.4559,-13.3396,8.69657,48.172
1205,3031,3262,3363,3378,3261,3476,3775,3866,3584,4223,5800,5356,3621,5090,9307,7422,23.2635,11.7733,8.91054,47.8767
1206,3331,3286,3507,3476,3357,3794,4310,4113,3706,4456,6806,5653,3816,4905,7679,6323,16.9675,10.7121,8.65107,48.3453
1207,8624,5868,4056,3418,8145,5720,3910,3429,4527,4066,3614,3291,3598,3639,3226,3133,-15.3714,-21.4972,8.532,48.176
1208,3219,3570,4350,5511,3435,3819,5022,9150,3363,3728,4709,7105,3217,3548,3871,4322,-3.87322,30.4231,8.76566,47.9593
1209,7513,9702,5046,3758,4994,5263,4218,3685,3667,3905,3714,3286,3406,3427,3339,3275,-32.7199,-11.4184,8.83345,48.132
1210,12597,6231,3995,3335,6060,4665,3748,3370,3999,3750,3397,3268,3475,3261,3283,3107,-28.847,-29.263,8.70434,47.694
1211,3654,4067,3773,3560,4187,5785,4924,4006,4634,7258,5928,4046,3979,4647,4364,3737,3.69978,-2.86589,8.72764,48.366
1212,3428,4159,7291,10894,3374,3976,5025,5781,3160,3593,3874,3978,3150,3211,3370,3391,-33.2536,20.0382,8.70609,47.77
1213,3340,3522,3561,3408,3790,4532,4329,3723,4388,6852,6981,4438,4244,5394,5514,4297,10.7856,0.243192,8.71838,48.2087
1214,3434,4040,6020,8459,3343,3877,5791,8101,3272,3652,4231,4511,3121,3212,3585,3563,-15.3897,20.9327,8.59185,48.1413
1215,3220,3374,3773,3923,3346,3670,4636,5273,3369,4071,6465,8274,3396,3886,5376,6290,9.33271,18.5638,8.60664,48.228
1216,3297,3820,5985,12557,3262,3750,4732,6158,3279,3414,3704,3889,3182,3252,3378,3400,-32.927,28.9341,8.5456,47.3727
1217,6001,4703,3704,3406,9702,5150,3741,3373,6110,4537,3629,3298,4021,3857,3407,3331,-6.3443,-32.985,8.54021,47.98
1218,4291,4172,3588,3428,6069,6376,4120,3598,6423,6721,4120,3510,4491,4385,3797,3363,1.18939,-13.9109,8.66548,48.3013
1219,3364,3633,3608,3382,3623,4177,4524,4088,4188,6018,7390,4750,4149,5185,6358,4453,12.117,3.16164,8.99651,48.5933
1220,3036,3242,3525,3468,3332,3486,4071,4425,3435,3853,5075,8385,3369,3880,5376,9842,16.5346,29.9159,8.80028,47.8667
1221,3073,3278,3284,3310,3279,3479,3903,3923,3449,3975,5034,6134,3431,4077,7220,11337,26.9738,21.7459,8.7831,48.124
1222,3182,3280,3508,3262,3557,3667,3795,3590,3919,4778,5175,4254,4377,7168,9000,5375,26.2243,3.28456,8.67438,47.9247
1223,3268,3562,4036,4382,3313,3850,5472,6526,3461,4056,6152,7774,3342,3738,4375,4956,2.66956,18.3506,8.89243,48.1753
1224,11873,6274,4036,3341,6554,4823,3854,3290,4115,3856,3541,3172,3314,3427,3139,3037,-24.2951,-25.9269,8.72796,47.764
1225,4303,5409,5259,4094,4504,7191,6461,4064,3827,4662,4446,3818,3467,3632,3611,3450,-9.52053,-1.23459,8.83656,48.132
1226,3483,3440,3260,3027,4481,4197,3487,3348,8065,5388,3946,3417,9037,5798,4007,3276,16.3805,-23.2732,8.50984,47.7713
1227,3182,3360,3289,3249,3458,3782,3723,3499,4262,4907,5046,4122,4671,8289,8443,4901,27.7961,0.420222,8.93317,48.122
1228,3206,3434,3355,3210,3814,3881,3629,3330,4789,5419,4443,3721,6662,10003,5634,3864,27.0338,-8.76472,8.80104,48.2627
1229,6474,4660,3743,3252,9858,5445,3761,3329,5922,4380,3557,3279,3951,3729,3309,3126,-7.85337,-26.2248,8.73025,47.85
1230,3514,3449,3389,3159,4201,4361,3654,3399,6105,7453,4376,3640,6153,7176,4472,3530,14.5906,-12.1659,8.90439,48.0207
1231,3527,4406,6490,6538,3457,4366,6984,6702,3338,3741,4360,4472,3136,3340,3634,3655,-13.6898,14.6743,8.64905,48.0973
1232,12064,6276,4020,3300,6644,4872,3796,3337,4096,3763,3410,3206,3341,3416,3304,3119,-23.9423,-25.2892,8.60077,47.976
1233,3476,4183,7653,10874,3469,3861,5007,5909,3221,3448,3857,4021,3150,3254,3341,3344,-27.1453,19.6104,8.99061,48.0453
1234,3366,3482,3248,3086,3960,3922,3572,3196,5719,5138,3949,3373,10698,7702,4333,3564,27.6233,-19.2913,8.55059,48.2053
1235,4392,7408,9008,5040,4011,4805,5101,4425,3556,3759,3753,3579,3294,3250,3347,3311,-33.9688,2.38797,8.86106,48.026
1236,3153,3328,3393,3374,3432,3772,4147,4055,3683,4529,6566,5366,3764,5118,8275,6502,18.9432,10.3075,8.54095,48.3047
1237,3506,3618,3306,3100,4084,4174,3605,3381,6067,7049,4458,3541,6612,7372,4579,3701,16.6837,-12.2104,8.64097,48.102
1238,3169,3200,3464,3438,3266,3552,3840,3968,3447,3945,5030,5904,3555,4270,7669,10538,25.4538,19.3122,8.5134,48.17
1239,3622,3488,3401,3148,4486,4451,3670,3326,6797,6919,4062,3446,6818,6577,4391,3513,14.3301,-14.9732,8.86433,48.0767
1240,6698,4756,3789,3345,10170,5190,3860,3326,5673,4366,3597,3290,3882,3783,3413,3213,-8.63003,-31.3389,8.65828,48.234
1241,9431,5365,3691,3374,8735,5147,3886,3337,4596,4039,3536,3314,3530,3454,3258,3149,-15.9277,-28.1601,8.83285,47.8947
1242,3742,5328,9617,7701,3655,4070,5531,5124,3274,3555,3806,3776,3079,3282,3448,3303,-25.8714,11.8521,8.84108,48.194
1243,3403,3420,3252,3050,3957,3801,3592,3321,5710,4966,3912,3423,10759,7598,4288,3432,28.7297,-19.388,8.62702,47.9227
1244,3379,3907,6300,12551,3439,3808,4858,6137,3156,3504,3677,3953,3138,3184,3347,3501,-27.3189,26.1422,8.73487,47.8927
1245,4281,4058,3443,3167,7491,4793,3715,3366,8975,5036,3726,3430,5073,4255,3614,3248,2.34981,-31.5977,8.842,47.7807
1246,3400,3533,3531,3320,3694,4216,4330,3774,4338,6793,6454,4271,4336,6057,5834,4407,13.3464,-0.504552,8.58174,48.192
1247,3472,3355,3229,3027,4228,3785,3566,3267,7105,5000,3862,3422,11140,6248,3989,3464,21.9091,-24.7993,8.65254,48.106
1248,3776,3609,3421,3147,4797,4699,3786,3326,7097,7378,4341,3496,5804,5655,4250,3522,10.0134,-14.6056,8.59001,48.0693
1249,4101,5876,9848,6386,3722,4378,5153,4718,3363,3665,3776,3754,3256,3355,3447,3173,-28.6461,7.96413,8.59439,47.9807
1250,3265,3366,3138,3143,3893,3762,3384,3270,6410,4879,3752,3377,12329,6273,3871,3346,24.8997,-33.8725,8.77868,47.6387
1251,9493,6043,4026,3318,7816,5392,4021,3371,4339,4003,3562,3288,3492,3515,3206,3117,-17.6886,-23.3656,8.55794,48.0013
1252,3423,4347,7947,9625,3509,4010,5437,6067,3269,3671,3818,3921,3045,3226,3513,3429,-22.4339,17.4165,8.8745,48.1713
1253,3476,3493,3226,3037,4244,4008,3440,3270,7096,5551,3936,3439,9564,6729,4205,3333,19.0742,-20.4989,8.6869,48.0313
1254,3465,3971,5492,6452,3451,4082,6669,8197,3365,3639,4550,4926,3126,3345,3802,3732,-10.4576,18.2808,8.79324,48.176
1255,9316,8233,4556,3483,5753,5480,4075,3346,3916,3911,3435,3223,3511,3480,3225,3108,-24.2198,-16.7507,8.61559,48.034
1256,12532,5947,3816,3489,6407,4818,3760,3404,3937,3709,3412,3189,3420,3422,3160,3109,-25.3271,-29.1285,8.78196,47.6873
1257,4717,7158,6521,4422,4441,6328,5769,4007,3737,4102,3982,3625,3383,3431,3558,3258,-16.7095,-1.69843,8.73868,48.2927
1258,3333,3679,3971,3816,3709,4422,5962,4659,3751,5178,7750,5134,3718,4231,4770,4558,4.08363,7.37866,8.8292,48.4273
1259,3395,3846,5218,8457,3394,3891,5303,9358,3260,3563,4091,4875,3212,3276,3641,3599,-13.8271,31.2362,8.73507,48.2527
1260,3546,3953,4680,4357,3661,4901,7441,5464,3630,4501,6021,4760,3345,3872,4125,4058,-3.00705,8.52185,8.61564,48.21
1261,3162,3241,3371,3321,3181,3447,3802,4129,3330,3747,4927,6614,3403,3971,6297,11928,24.0927,25.145,8.84238,47.914
1262,3275,3411,3338,3157,3625,3777,3603,3453,4461,5086,4538,3841,5578,9430,7030,4208,29.6029,-4.31124,8.62434,47.874
1263,3102,3353,3685,4018,3273,3662,4530,6213,3369,3741,5105,10007,3217,3764,4603,6149,6.94945,30.0242,8.94118,47.8607
1264,3136,3336,3409,3358,3406,3736,4180,4115,3599,4530,6707,5859,3631,4819,8193,6685,17.7729,11.754,8.883,48.466
1265,3015,3238,3426,3402,3154,3489,3888,3984,3503,4088,5446,6068,3463,4488,8015,9685,22.9305,17.5197,8.68863,48.2347
1266,3080,3216,3409,3358,3198,3427,3962,4118,3374,3692,5095,7281,3516,4091,6200,11113,20.9452,24.7704,8.98606,48.0867
1267,3283,3695,4389,5009,3362,3743,4967,9027,3308,3764,4866,7396,3215,3459,3979,4446,-2.45197,33.1541,8.92174,47.9387
1268,5839,4607,3676,3315,9905,5134,3833,3346,6410,4591,3617,3341,4122,3780,3420,3168,-5.71683,-32.7666,8.73365,48.0693
1269,8828,5992,3922,3479,8021,5675,3849,3316,4449,4007,3601,3301,3520,3586,3247,3060,-16.2084,-21.597,8.84002,47.902
1270,9209,6306,3972,3387,7482,5596,3911,3391,4507,3972,3465,3322,3536,3478,3297,3083,-17.7271,-21.2522,8.55346,47.9427
1271,3148,3272,3372,3389,3258,3477,3918,4079,3367,3930,4922,7069,3361,4006,6058,11428,21.9269,27.1646,8.55818,48.036
1272,3250,3242,3328,3306,3531,3688,3775,3619,4017,4944,5329,4324,4443,7108,9068,5278,24.6572,3.11187,8.58735,48.1667
1273,11469,6349,3947,3469,6951,5013,3921,3396,4017,3897,3372,3216,3478,3417,3214,3059,-22.6358,-24.6197,8.91928,48.1233
1274,3092,3320,3512,3574,3305,3758,4228,4657,3549,4153,6803,7297,3374,4250,6274,6937,14.0106,16.5058,8.72011,48.0553
1275,5438,4345,3653,3288,9096,5259,3741,3276,7042,4774,3615,3444,4389,4199,3450,3223,-3.30322,-25.9366,8.70299,48.1547
1276,3380,3389,3162,3003,4005,3845,3490,3249,5954,5401,4062,3494,9092,8360,4520,3592,24.1973,-16.2603,8.50096,47.9987
1277,3157,3302,3370,3307,3239,3501,3887,3791,3544,4111,5360,5441,3593,4860,8865,8742,25.5551,14.7671,8.52975,48.0467
1278,3362,3416,3322,3134,4011,3881,3474,3186,6423,4702,3826,3372,12322,5928,3846,3388,25.4378,-29.2008,8.70271,47.7287
1279,3395,3325,3178,3182,3892,3760,3469,3284,6038,4747,3662,3397,12746,5890,3883,3455,30.4602,-32.1772,8.68728,47.5353
1280,3253,3404,3307,3219,3506,3807,3828,3607,4253,5142,5131,4129,4854,8089,7948,4602,24.3412,-0.549605,8.57505,48.0527
1281,7162,6688,4433,3545,6907,6692,4347,3518,4417,4113,3637,3313,3543,3481,3404,3086,-15.1478,-15.4516,8.97887,48.1907
1282,3100,3238,3498,3522,3277,3507,4076,4293,3539,4073,5713,7306,3501,4176,6615,8935,18.038,19.405,8.94527,48.246
1283,3370,3344,3338,3209,3854,3897,3653,3505,5031,6451,4709,3703,5907,8618,5599,3895,19.3044,-7.70537,8.95574,48.0553
1284,3812,5781,9909,6713,3782,4382,5299,4833,3391,3589,3830,3619,3123,3327,3341,3438,-29.0629,9.14926,8.78783,48.1127
1285,12646,6093,3940,3349,6072,4724,3709,3470,3875,3733,3366,3262,3400,3436,3149,3189,-29.5184,-28.6142,8.75038,47.6087
1286,3788,3693,3411,3141,4910,4271,3656,3274,8576,6105,3979,3352,7036,5468,3968,3450,11.6492,-20.2468,8.75215,48.052
1287,3619,4263,5298,4475,3787,5153,8308,5156,3656,4243,5381,4447,3442,3518,3812,3796,-7.00293,7.43882,8.94847,48.236
1288,3949,3774,3366,3141,5777,4526,3628,3283,9841,5743,3764,3340,6442,4682,3787,3299,7.65558,-24.8999,8.99884,48.228
1289,3441,3633,3535,3374,3862,4578,4316,3748,4481,7281,6296,4216,4525,5798,5380,3949,10.7289,-2.40732,8.52,48.2753
1290,3524,4417,7985,10004,3518,3949,5092,5589,3214,3515,3887,3858,3092,3330,3396,3421,-28.66,17.9185,8.57161,47.8607
1291,3228,3406,3537,3480,3539,3749,4223,3958,3661,4766,6998,5364,3797,5138,7884,5931,17.1054,8.97135,8.6824,48.4393
1292,3874,3747,3453,3205,5018,4986,3723,3296,7390,7370,4357,3521,5513,5244,4045,3535,7.76253,-15.0012,8.70899,48.1847
1293,4473,7031,8457,5051,4100,5150,5620,4495,3528,3797,4007,3597,3153,3368,3363,3271,-22.2609,2.43436,8.53254,48.3073
1294,3391,3454,3215,3165,3911,3799,3496,3224,6087,4878,3880,3463,12010,6575,3937,3436,26.9622,-24.4232,8.56141,47.9473
1295,10234,8092,4354,3419,5653,5128,3936,3445,3904,3828,3470,3250,3433,3280,3256,3058,-33.7054,-17.8092,8.95822,47.8267
1296,3208,3303,3427,3368,3476,3840,4310,4095,3659,4831,7317,5432,3756,4961,7408,5970,15.4268,9.44719,8.73578,48.2407
1297,3382,3338,3337,3160,3889,3964,3630,3340,5488,5872,4325,3659,7749,8964,4874,3663,21.7412,-12.7715,8.99041,48.4227
1298,3382,3705,3866,3614,3685,4479,5250,4300,3848,5528,8015,5010,3766,4427,5119,4303,6.16736,4.98971,8.91938,48.198
1299,4293,6966,8922,5196,3926,4879,5453,4473,3453,3783,3828,3626,3140,3291,3329,3323,-23.9827,2.92735,8.8271,47.9207
1300,3306,3660,3885,3812,3538,4133,5552,4723,3730,4954,8044,5586,3577,4070,5140,4630,5.60279,9.16468,8.84452,48.2267
1301,3349,3301,3278,3208,3583,3677,3697,3504,4313,5132,4893,4036,5222,9358,7216,4218,33.6977,-3.14817,8.87222,47.99
1302,3736,4074,4198,3655,4215,5941,5602,4090,4251,6413,6055,4066,3854,4218,4232,3730,0.790735,-0.758289,8.99284,48.22
1303,3302,3827,4756,6923,3430,3862,5360,9690,3373,3645,4298,5666,3196,3416,3664,3762,-9.29939,28.2319,8.52926,48.1133
1304,6188,4635,3665,3264,9856,5195,3726,3390,6222,4510,3681,3326,4188,3874,3431,3118,-6.70042,-30.7495,8.85161,48.1793
1305,5046,6844,5213,3954,5175,7469,5264,3807,3924,4503,3867,3526,3219,3662,3354,3313,-13.9574,-6.62852,8.75753,48.0933
1306,3335,3627,4331,5376,3323,3709,4845,9412,3229,3769,4697,7116,3194,3544,4044,4361,-3.24571,31.0724,8.79988,47.9413
1307,3078,3364,3605,3422,3202,3631,4171,4141,3494,4168,5900,6678,3493,4327,7314,8044,18.2205,16.9897,8.59763,48.0213
1308,4849,6271,4754,3878,5155,7987,5319,3910,4018,4672,3975,3548,3513,3647,3458,3202,-11.5471,-6.27742,8.91936,48.104
1309,4037,6427,9580,5646,3808,4630,5226,4598,3401,3667,3809,3655,3291,3301,3299,3283,-33.7188,5.21458,8.77851,47.772
1310,3488,3833,3924,3571,3932,4828,5413,4055,4076,6358,7368,4519,3785,4533,4935,3971,5.16879,2.03085,8.85995,48.3927
1311,12364,6092,3918,3452,5970,4742,3801,3250,3940,3793,3564,3234,3374,3388,3355,3208,-33.4389,-27.6099,8.67471,47.63
1312,3933,3878,3468,3195,5514,4881,3750,3446,8300,6621,4177,3482,5538,4992,3872,3341,6.96125,-18.3125,8.65624,48.2587
1313,3504,4469,8495,9898,3367,3964,5186,5698,3195,3513,3866,3927,3146,3223,3259,3457,-29.9135,16.9344,8.92643,48.1113
1314,3961,5368,8523,6094,3669,4672,6407,5065,3549,3685,4065,3848,3241,3352,3492,3267,-19.8704,8.54936,8.54425,48.172
1315,3221,3433,3767,4095,3343,3667,4533,6356,3428,3800,5256,10029,3332,3645,4673,6117,6.23401,29.5564,8.83341,48.4633
1316,8466,7595,4557,3555,6560,5816,4158,3575,4130,4050,3582,3310,3362,3378,3259,3071,-19.4673,-16.3826,8.93859,48.2827
1317,8376,9442,4939,3699,5231,5206,4207,3528,3731,3901,3602,3291,3344,3349,3321,3144,-26.9828,-13.3714,8.72426,48.2073
1318,4179,4544,4000,3521,5174,7180,4615,3767,5014,6562,4569,3606,4067,4247,3751,3392,-1.26373,-8.4761,8.6333,48.1253
1319,3303,3821,4982,6710,3392,3889,5685,9418,3300,3612,4388,5339,3141,3400,3643,3909,-9.79882,23.6942,8.78078,47.9547
1320,5182,8781,7285,4519,4381,5513,5055,3973,3537,3874,3785,3404,3238,3394,3256,3178,-23.531,-2.49628,8.73989,48.2367
1321,3585,3846,4338,4100,3579,4777,7202,5087,3721,4686,6915,5098,3469,3778,4345,4067,-0.528572,8.40418,8.92099,48.3953
1322,3387,3759,4890,6737,3345,3799,5286,9872,3289,3539,4428,5754,3158,3412,3690,3793,-9.16546,31.471,8.65678,48.092
1323,3348,3913,5281,9286,3327,3860,5239,8601,3252,3626,4110,4487,3219,3208,3508,3579,-15.9325,32.0767,8.56972,47.896
1324,3780,3682,3245,3100,5190,4174,3564,3275,9866,5319,3836,3398,7445,4901,3641,3300,10.9545,-29.4008,8.74623,47.8107
1325,8960,8512,4661,3520,5752,5381,4167,3478,3982,3933,3560,3233,3357,3264,3269,3136,-24.1453,-15.5933,8.99012,48.11
1326,4529,7094,8224,5053,4101,5148,5668,4430,3555,3867,3984,3585,3262,3451,3418,3261,-22.1242,1.85315,8.52045,48.42
1327,3507,4240,7644,10667,3395,4043,5084,5682,3314,3557,3908,3874,3053,3264,3422,3387,-29.6878,19.4119,8.51844,48.0273
1328,3112,3446,3582,3621,3233,3592,4393,4650,3498,4161,6522,7763,3441,4218,6083,6802,13.0385,17.2765,8.55168,48.078
1329,5075,8794,7453,4512,4286,5269,4820,3895,3643,3935,3704,3633,3225,3374,3268,3142,-26.4663,-2.27172,8.6413,48.0187
1330,6812,6746,4289,3589,7076,6762,4240,3416,4300,4228,3711,3379,3470,3616,3319,3181,-14.4698,-15.1623,8.90543,48.0893
1331,7990,7590,4505,3606,6399,6028,4291,3495,4101,4013,3473,3257,3501,3522,3163,3128,-19.1156,-15.6634,8.55496,48.0413
1332,3583,4381,5346,4633,3856,5192,7975,5478,3581,4165,5258,4416,3459,3581,3804,3636,-7.37437,7.63745,8.50553,48.2293
1333,3327,3879,5091,7431,3338,3877,5382,9628,3280,3518,4305,5277,3078,3420,3670,3780,-11.067,26.6281,8.6676,48.1873
1334,9382,8578,4718,3507,5468,5164,4008,3499,3874,3759,3392,3239,3348,3399,3279,3180,-29.4211,-15.8788,8.88502,47.8627
1335,3973,4584,4630,3963,4385,6936,6825,4304,3991,5155,5010,3893,3459,3890,3805,3658,-5.02543,0.024383,8.88065,48.3073
1336,3926,4276,3788,3575,4774,6622,4965,3805,4972,6908,5149,3807,3969,4368,3868,3632,0.443295,-5.85151,8.59142,48.2693
1337,9416,8729,4385,3505,5547,5153,4026,3482,3853,3755,3490,3112,3451,3279,3315,3184,-33.3973,-16.0834,8.95949,47.788
1338,3372,3374,3421,3275,3594,3854,3937,3806,3996,5350,6286,4470,4363,6457,7793,5010,18.9134,2.8111,8.54167,48.2387
1339,3189,3506,3581,3557,3406,3912,4592,4232,3743,4830,7652,5817,3717,4599,6648,5400,12.9107,9.5223,8.54727,48.254
1340,9408,6087,4099,3389,7998,5368,3900,3379,4441,4010,3606,3202,3557,3436,3190,3126,-17.5398,-22.695,8.8813,48.1307
1341,3170,3334,3765,3750,3447,3800,4807,4719,3535,4380,7517,7137,3495,4203,5717,5640,9.69125,14.3941,8.83566,48.2773
1342,3930,4504,4207,3832,4451,6730,5682,3901,4313,5986,5324,3899,3768,4202,3944,3633,-1.4912,-2.45864,8.59547,48.204
1343,3313,3623,4647,6360,3370,3797,5308,10060,3273,3660,4355,6039,3209,3369,3799,3960,-7.4576,30.9028,8.68964,48.0947
1344,3303,3361,3360,3340,3820,4017,4008,3700,4509,6438,5858,4138,4802,7029,6188,4375,16.3065,-1.68575,8.93303,48.164
1345,3151,3241,3404,3321,3303,3625,3836,3806,3680,4167,5279,4945,3738,5258,9560,7408,28.4431,10.9972,8.60397,47.8147
1346,11550,5904,3980,3320,7014,5050,3815,3389,3933,3858,3424,3292,3349,3450,3166,3146,-21.716,-33.7289,8.70561,47.76
1347,7054,5924,4023,3513,8309,6157,4098,3513,4844,4325,3633,3340,3614,3635,3329,3077,-12.6284,-19.4073,8.52998,48.2587
1348,3458,3868,5596,9868,3331,3859,5183,8419,3320,3496,4008,4487,3186,3172,3391,3455,-16.9734,33.1144,8.76301,48.0647
1349,9379,5587,3887,3371,8508,5196,3862,3400,4557,4091,3503,3178,3561,3318,3287,3071,-16.6329,-25.8367,8.76748,47.8373
1350,3546,3571,3253,3181,4588,4114,3574,3281,8064,6044,3927,3418,7865,6097,4105,3467,14.6679,-19.9141,8.79964,48.0633
1351,4121,6034,9191,5788,3723,4604,5808,4762,3546,3735,4059,3771,3126,3255,3315,3355,-23.0046,6.30395,8.8842,48.1287
1352,3867,4694,6566,5154,3759,5139,8078,5259,3520,3855,4660,4124,3282,3474,3480,3542,-12.2619,7.98175,8.78509,48.302
1353,3115,3393,3551,3623,3337,3606,4267,4454,3431,4102,6581,7504,3572,4148,6328,7109,14.018,17.0617,8.77991,48.0807
1354,3107,3363,3389,3467,3280,3616,4105,4129,3558,4148,5991,6415,3648,4408,7537,7987,18.4176,15.7333,8.88814,48.0987
1355,3315,3614,4272,4518,3431,3846,5702,7438,3300,3726,5895,7535,3260,3621,4309,4719,0.452022,19.6723,8.9621,48.334
1356,3398,3487,3271,3024,3887,3902,3531,3255,5962,5257,3775,3396,10619,7496,4256,3506,25.5343,-19.9297,8.63173,48.0147
1357,5714,9851,6682,4229,4545,5266,4620,3920,3705,3794,3568,3436,3373,3352,3340,3077,-28.3292,-5.10774,8.95349,48.3147
1358,4544,6334,5948,4357,4439,6677,6415,4277,3807,4108,4122,3636,3310,3517,3430,3333,-14.1245,-0.658404,8.84513,48.1693
1359,3353,3848,4428,4277,3559,4328,6896,5691,3503,4341,6743,5601,3464,3904,4281,4361,-0.215673,11.4071,8.65527,48.3853
1360,3718,4758,8039,6962,3600,4333,6559,5899,3410,3685,4008,3988,3105,3207,3410,3444,-18.0527,12.4404,8.86949,48.0833
1361,6441,6207,4202,3597,7260,7034,4335,3511,4575,4337,3782,3350,3555,3662,3382,3220,-12.6327,-15.2275,8.7551,48.3
1362,3607,3657,3306,3104,4642,4240,3551,3264,8694,5597,3737,3388,8026,5591,3967,3462,13.8081,-22.9043,8.52513,47.8887
1363,3426,3324,3367,3072,4006,3991,3609,3378,5361,5801,4355,3569,7376,8910,4896,3773,22.5506,-12.3165,8.74808,48.1427
1364,4202,6309,9528,5848,3888,4596,5813,4684,3349,3702,3911,3677,3096,3367,3515,3329,-23.4126,6.13027,8.97719,48.5427
1365,6422,5205,3987,3301,8600,6637,4023,3462,5188,4412,3715,3245,3824,3726,3358,3236,-9.57785,-19.5037,8.67571,48.2273
1366,3147,3353,3805,3882,3131,3728,4556,5851,3467,3882,5645,9537,3293,3811,4670,6327,7.84961,23.8237,8.82248,48.0567
1367,3096,3222,3315,3427,3370,3395,3777,3946,3379,3798,4806,5889,3439,4122,6688,12162,30.2496,23.5893,8.81925,47.8873
1368,3291,3520,3290,3179,3737,3849,3652,3401,4864,5891,4560,3747,6055,9366,5735,3817,21.8487,-7.46172,8.9272,47.9693
1369,3142,3297,3317,3270,3649,3697,3583,3495,4228,4948,4754,4140,4913,8594,8128,4733,28.9022,-0.774241,8.89421,47.9253
1370,3763,4043,4010,3633,4282,6059,5274,3908,4570,6789,5819,3976,3934,4490,4196,3703,1.82533,-2.52948,8.83112,48.2993
1371,3530,4231,5799,5356,3546,4501,7822,6459,3451,3905,4862,4712,3352,3465,3776,3769,-9.24934,12.6726,8.61679,48.3573
1372,4407,5420,4668,3857,4853,8127,5776,4083,4116,5025,4347,3554,3573,3705,3603,3330,-8.16908,-5.0772,8.87581,48.296
1373,3550,3744,3527,3293,4085,4708,4304,3712,4934,7955,5741,4058,4492,5745,4777,3912,9.67858,-4.47759,8.86052,48.358
1374,3325,3647,4490,5928,3421,3696,5160,9789,3273,3615,4651,6565,3201,3493,3927,3996,-5.27575,31.9142,8.57656,48.118
1375,7747,9615,5154,3745,5096,5197,4170,3575,3779,3828,3542,3347,3334,3276,3387,3239,-31.7408,-11.4449,8.64251,48.0207
1376,3336,3656,3646,3582,3831,4525,5092,4054,4041,6080,7826,4715,3812,4615,5136,4249,7.62092,3.38916,8.99132,48.1307
1377,3268,3704,4463,4973,3337,3923,5688,7881,3366,3777,5365,6906,3200,3540,4155,4504,-1.82222,20.2269,8.57955,48.0333
1378,3229,3250,3436,3241,3361,3739,3927,3795,3703,4525,5574,4787,3932,5764,9616,6439,25.4115,7.74628,8.76611,48.212
1379,3617,3486,3291,3111,4740,4166,3489,3107,9052,5273,3681,3426,8895,5355,3886,3370,14.6221,-28.3771,8.79721,47.9633
1380,10264,7855,4287,3472,5655,5064,3967,3407,3894,3871,3511,3205,3422,3413,3212,3179,-32.9706,-18.3143,8.64143,47.7853
1381,3469,3347,3163,3007,3987,3851,3605,3233,6791,5108,3940,3383,11209,6688,4081,3467,22.7563,-23.1633,8.64248,48.2193
1382,3219,3352,3281,3155,3685,3870,3673,3422,4440,5240,4772,3840,5894,9689,6484,4059,28.2345,-5.67767,8.78547,48.05
1383,3561,3951,4301,3906,3775,5131,6966,4726,3902,5079,6812,4723,3615,3988,4302,3912,-0.120188,5.69539,8.74743,48.4333
1384,3173,3445,3870,4002,3273,3714,4612,5963,3419,3873,5820,9140,3370,3747,4749,5897,6.58386,21.9752,8.70701,48.0447
1385,3676,4299,5661,4794,3768,5083,8213,5558,3561,4108,4980,4324,3341,3447,3675,3716,-9.03916,8.36004,8.63905,48.136
1386,10068,5633,3845,3393,8183,5097,3769,3393,4419,3952,3451,3167,3585,3564,3263,3062,-17.8576,-27.7165,8.87361,47.896
1387,9596,5670,3855,3391,8460,5136,3789,3359,4515,4076,3514,3307,3479,3474,3147,3196,-16.6929,-32.7359,8.85666,47.976
1388,3882,5645,7777,5493,3844,5036,6831,5003,3539,3791,4094,3809,3145,3351,3544,3480,-17.4039,6.04013,8.71671,48.176
1389,3327,3520,3940,3741,3563,4033,5606,4630,3673,4773,8153,5829,3593,4066,5101,4631,6.20236,9.78012,8.97742,48.1193
1390,3190,3343,3535,3643,3189,3555,3985,4629,3429,3903,5311,8984,3330,3990,5415,9027,15.255,26.6325,8.96732,48.3053
1391,4099,3819,3356,3117,6202,4752,3598,3173,8852,6025,3808,3332,5804,4798,3759,3319,6.30916,-21.7244,8.59219,47.8753
1392,3153,3406,3697,3749,3357,3759,4728,4546,3584,4273,7714,6675,3546,4108,5951,5912,11.0814,13.6538,8.82804,48.1053
1393,3177,3506,3850,4213,3270,3712,4913,6551,3279,3855,5927,8789,3290,3677,4631,5585,4.3894,21.4115,8.88686,48.15
1394,3077,3286,3452,3414,3385,3788,4040,3871,3764,4539,6412,5348,3850,5310,8624,6299,19.4325,9.38299,8.65443,48.306
1395,3404,3531,3217,3075,3859,3879,3457,3232,6003,5273,3878,3388,10081,7625,4444,3544,25.257,-18.4443,8.58748,47.9267
1396,3455,3449,3287,2913,4406,4071,3535,3301,8014,5114,3848,3413,10158,5562,3937,3392,18.0438,-29.4753,8.65967,47.9033
1397,3424,4560,8527,9761,3441,4014,5020,5537,3278,3516,3760,3851,3166,3269,3446,3305,-30.5263,16.1968,8.63785,47.9167
1398,3531,4187,7647,10680,3397,3998,5074,5804,3254,3477,3794,3962,3060,3213,3410,3373,-28.2021,19.5318,8.57582,47.9073
1399,3344,3327,3436,3489,3563,4007,4199,3762,3911,5622,7106,4757,4064,5720,7102,4959,15.3449,4.20131,8.86325,48.2453
1400,10547,5763,3897,3420,7961,5172,3779,3313,4246,3924,3512,3173,3481,3399,3231,3180,-19.0883,-29.4845,8.77478,47.9987
1401,3533,4222,6126,6174,3566,4250,7235,7025,3385,3805,4524,4604,3142,3507,3583,3667,-12.2776,14.7739,8.63508,48.232
1402,3444,4070,7070,11378,3384,3910,4904,6211,3249,3534,3788,3985,3052,3198,3425,3392,-25.71,22.1302,8.76657,47.996
1403,10349,6308,4041,3368,7527,5210,3863,3330,4195,3886,3439,3237,3485,3466,3255,3012,-19.4164,-23.1378,8.92421,47.9807
1404,3891,5593,8780,6205,3780,4662,5999,4957,3500,3786,3977,3855,3187,3377,3452,3319,-20.3821,8.42699,8.55491,48.2133
1405,9530,8234,4594,3484,5729,5349,4093,3438,3864,3888,3577,3181,3455,3291,3206,3117,-24.7855,-16.7741,8.98318,48.02
1406,5000,6242,4699,3714,5428,7947,5146,3848,4168,4725,4024,3562,3519,3592,3531,3220,-11.7999,-7.55301,8.6671,48.2433
1407,3202,3538,4351,5151,3376,3810,5134,8982,3318,3635,4837,7387,3194,3518,4035,4476,-2.47896,26.8354,8.77206,47.9627
1408,3760,3654,3314,3142,5529,4324,3489,3323,9911,5283,3766,3397,6923,5013,3717,3425,9.82968,-32.9226,8.78951,47.98
1409,12596,6333,3854,3337,5950,4696,3776,3375,3962,3714,3462,3261,3481,3389,3226,3239,-32.2304,-26.7175,8.74109,47.7673
1410,4060,4811,4480,3798,4577,7377,6082,4230,4069,5391,4927,3798,3645,3983,3778,3579,-5.03806,-2.79623,8.85323,48.39
1411,3524,3550,3439,3215,3971,4347,3876,3451,5463,7332,4982,3779,5556,7236,4861,3851,14.5978,-8.70268,8.91129,48.2887
1412,3497,4365,8042,10195,3431,3901,5097,5594,3135,3514,3861,3913,3100,3297,3291,3459,-30.7948,17.6935,8.86991,47.7947
1413,3105,3186,3469,3476,3263,3534,4009,4188,3515,3972,5519,6492,3498,4229,7525,9249,20.5154,18.2577,8.70074,48.1527
1414,3989,3730,3424,3205,6289,4523,3672,3330,9820,5291,3749,3338,6164,4595,3724,3231,6.85497,-28.3568,8.81975,48.0493
1415,3928,5663,9103,6208,3927,4567,5959,5036,3458,3761,3865,3731,3177,3264,3403,3313,-21.7589,8.11175,8.6836,48.242
1416,3613,3604,3324,3207,5059,4142,3569,3239,9847,5191,3857,3384,7854,5190,3856,3338,12.663,-31.8143,8.90066,48.1827
1417,7136,4824,3848,3373,9738,5411,3900,3374,5306,4237,3478,3246,3838,3644,3361,3183,-10.5149,-27.5622,8.57983,47.9313
1418,9055,7458,4365,3429,6535,5667,4129,3538,4088,4012,3493,3219,3382,3455,3155,3149,-20.5334,-17.8087,8.85883,48.086
1419,3554,4217,6246,6344,3570,4324,7086,7192,3347,3718,4439,4594,3089,3375,3549,3560,-12.6379,15.2715,8.97584,48.136
1420,6839,4876,3692,3394,9602,5587,3852,3309,5578,4380,3713,3240,3931,3760,3396,3111,-9.29288,-25.1787,8.57,48.1733
1421,6987,8239,4815,3723,5832,6421,4533,3691,4067,4070,3619,3395,3423,3366,3234,3215,-19.1187,-12.2499,8.78138,48.42
1422,3593,4338,5669,4964,3752,4973,8168,5761,3483,4019,5043,4327,3276,3584,3813,3772,-9.03773,9.01153,8.9594,48.3567
1423,11801,6863,4036,3409,5948,4831,3710,3359,4003,3728,3444,3219,3445,3350,3241,3122,-30.3264,-23.271,8.54132,47.6727
1424,3164,3349,3435,3205,3508,3825,3793,3631,4093,4667,5146,4297,4428,7160,9126,5170,33.9972,2.72627,8.88012,47.998
1425,3321,3433,3259,3197,3766,3891,3512,3338,4910,5347,4513,3766,6405,9679,5673,3976,33.8793,-8.43599,8.55281,47.9907
1426,4716,7442,7571,4720,4121,5541,5687,4364,3591,3756,3843,3613,3284,3412,3451,3271,-20.8333,0.689084,8.51448,48.2553
1427,3480,3876,5079,5082,3536,4404,7472,6936,3416,4055,5366,5300,3199,3451,3911,3995,-5.27993,14.2117,8.74259,48.372
1428,3376,3670,4159,3992,3500,4175,6009,5424,3464,4438,7428,6178,3505,3889,4676,4609,2.76478,12.576,8.89816,48.328
1429,6020,9902,6313,4006,4558,5474,4456,3852,3637,3838,3651,3403,3241,3327,3355,3121,-26.5998,-6.51212,8.83308,48.1027
1430,3645,4021,4670,4292,3653,4961,7806,5110,3606,4468,6051,4773,3431,3751,4141,3924,-3.02219,7.85795,8.87669,48.202
1431,3431,3538,3539,3397,3766,4375,4479,3861,4237,6343,7115,4519,4133,5571,5769,4296,11.6736,1.53848,8.56048,48.246
1432,12243,6260,3850,3294,5951,4774,3791,3273,3972,3781,3584,3203,3455,3446,3254,3132,-31.1511,-25.6059,8.5538,47.5087
1433,3362,3414,3308,3109,3676,3822,3636,3400,4608,5262,4484,3773,6129,9981,6129,4255,27.8286,-6.58899,8.93006,48.232
1434,10118,7759,4275,3443,6129,5325,3898,3363,3945,3913,3571,3263,3363,3325,3244,3013,-23.8431,-18.6173,8.76399,47.9647
1435,4127,3907,3469,3264,6787,4687,3739,3248,9656,5221,3701,3366,5609,4436,3526,3360,4.66985,-32.0513,8.96577,48.0687
1436,4232,4520,4041,3659,4876,7511,5137,3765,4552,6239,4646,3715,3784,4137,3814,3482,-2.46881,-6.27151,8.85125,48.0733
1437,8476,9292,4815,3551,5122,5155,4101,3537,3825,3802,3579,3317,3435,3313,3362,3134,-29.1748,-13.7895,8.83977,47.8773
1438,3119,3243,3441,3433,3267,3375,3737,4246,3346,3880,4829,7108,3430,3985,5680,11752,21.6109,31.5163,8.88385,47.914
1439,3739,4495,5592,4608,3765,5317,8351,5490,3512,4267,5127,4283,3356,3538,3745,3596,-8.17614,7.20788,8.85827,48.5207
1440,3429,4214,7111,9819,3423,3962,5560,6813,3190,3454,3976,4202,3097,3203,3429,3479,-20.8031,19.4239,8.74674,48.2407
1441,3788,5139,9561,7846,3541,4148,5298,5210,3358,3503,3713,3863,3159,3332,3384,3329,-27.9162,12.109,8.65213,48.1147
1442,4069,5975,8740,5754,3790,4810,6125,4696,3377,3761,4001,3769,3177,3325,3315,3277,-20.4636,5.78555,8.75915,47.974
1443,8662,5183,3812,3360,9265,5084,3784,3370,4839,4190,3484,3272,3591,3525,3359,3043,-14.0617,-30.9371,8.93283,47.882
1444,5399,9273,7191,4444,4342,5288,4788,3863,3628,3787,3711,3438,3229,3294,3258,3176,-26.2376,-3.26673,8.97991,48.0727
1445,3240,3337,3878,4215,3354,3791,4795,6336,3273,3926,5754,9120,3406,3595,4598,5592,4.83002,22.8846,8.76942,48.14
1446,3228,3295,3416,3339,3413,3649,3790,3672,3758,4522,5203,4788,4065,5730,9911,6442,31.7592,7.79671,8.72835,48.1473
1447,4615,5968,5102,3888,4876,7469,5804,4054,3905,4573,4266,3662,3341,3660,3540,3382,-11.5637,-3.66728,8.53531,48.07
1448,3429,3993,5817,9358,3462,3946,5367,8312,3251,3584,3965,4547,2942,3249,3496,3520,-16.6013,24.6442,8.83859,48.1587
1449,3936,3662,3410,3190,5908,4478,3571,3240,9789,5119,3942,3382,6241,4690,3588,3443,7.40947,-32.7698,8.65341,47.726
1450,5727,9174,6102,4034,4772,6000,4819,3816,3748,3955,3737,3488,3240,3323,3310,3145,-21.8449,-6.3632,8.64463,48.26
1451,3470,3952,5662,6510,3463,4169,6872,8074,3319,3682,4657,4936,3162,3341,3723,3760,-10.8614,17.2714,8.79266,48.5013
1452,3487,3542,3487,3114,4201,4474,3775,3505,5485,7642,4856,3738,5449,6967,4858,3802,13.6737,-9.05837,8.99879,48.2547
1453,3133,3488,3739,3977,3283,3770,4515,5865,3411,3868,5255,9700,3386,3631,4745,6502,8.22999,28.445,8.50187,48.1787
1454,4047,3811,3468,3233,5822,4715,3759,3278,9060,5938,3949,3379,5904,4847,3807,3340,7.32684,-21.9009,8.55942,48.238
1455,7029,5211,3895,3292,8963,5818,3976,3366,5226,4325,3613,3261,3862,3567,3381,3043,-10.6524,-22.2257,8.51667,47.8853
1456,4362,6814,7949,4857,4178,5528,6000,4418,3399,3870,3966,3658,3140,3485,3522,3313,-19.3527,1.90767,8.80065,48.306
1457,3895,5624,9973,6669,3661,4380,5206,4775,3280,3617,3773,3781,3165,3327,3426,3408,-30.4224,8.95718,8.70763,47.9733
1458,3190,3331,3569,3597,3323,3642,4247,4861,3386,3871,5988,8599,3369,3923,5624,7903,13.5469,21.4775,8.6507,48.282
1459,3481,3612,3547,3451,3626,4420,4770,4088,4077,6070,7408,4689,4029,5038,5686,4541,10.4802,3.25249,8.6226,48.3553
1460,9930,8109,4425,3527,5663,5188,4080,3455,4001,3801,3552,3215,3320,3530,3214,2979,-28.0305,-17.7203,8.68481,47.9927
1461,3101,3377,3612,3533,3231,3570,4113,4905,3380,3810,5389,9293,3219,3790,5328,8426,13.6589,27.287,8.74317,48.0513
1462,3385,3963,6382,9718,3428,4035,5415,7587,3273,3431,3951,4240,3090,3225,3493,3429,-18.2181,22.0983,8.97714,48.03
1463,3148,3266,3484,3381,3374,3675,4032,3907,3799,4549,5935,5015,3945,5563,9228,6291,21.7062,8.70448,8.6489,48.3947
1464,3051,3208,3468,3426,3289,3483,3910,4286,3274,3893,5289,7079,3371,4177,6543,10053,20.4249,21.5728,8.55539,47.8667
1465,3575,3477,3347,3181,4865,4132,3515,3272,9260,5201,3915,3400,8405,5154,3881,3332,13.6243,-30.7665,8.73128,47.9413
1466,3233,3401,3477,3375,3435,3896,4062,3817,3747,4834,6804,4954,3988,5562,8122,5451,17.8451,6.74601,8.68297,48.1053
1467,3292,3555,4259,5029,3328,3833,5071,8586,3255,3734,4925,7823,3081,3419,4116,4782,-1.13612,30.5848,8.66261,48.0587
1468,3286,3454,3806,3998,3300,3738,4827,5840,3329,4061,6318,8685,3348,3800,4945,5905,6.71788,19.9623,8.60907,48.4267
1469,3203,3778,4653,4842,3445,3961,6452,7714,3399,3799,5451,6441,3194,3514,4081,4262,-3.03322,17.8806,8.90114,48.126
1470,3415,3379,3260,3156,3869,3856,3488,3231,5854,5044,3871,3388,11272,7100,4047,3386,33.6035,-21.348,8.77118,47.744
1471,5609,4626,3489,3246,9600,5118,3815,3328,6773,4653,3695,3340,4268,3837,3485,3213,-5.0323,-29.9118,8.60636,48.0633
1472,7924,5221,3824,3397,9642,5113,3803,3340,4924,4105,3523,3258,3649,3612,3302,3179,-12.6534,-31.7229,8.90865,47.8773
1473,6748,7673,4648,3715,5947,6710,4405,3532,4071,4165,3671,3451,3497,3485,3292,3107,-17.3007,-12.3571,8.79106,48.078
1474,3342,3424,3196,3184,3942,3771,3548,3223,6069,4985,3767,3347,12417,6345,3868,3460,28.8443,-25.4152,8.53606,47.9253
1475,3193,3384,3564,3614,3217,3501,4092,4853,3453,3903,5581,8929,3354,3908,5489,8025,13.2175,23.387,8.71208,48.04
1476,7113,10010,5491,3838,4771,5392,4308,3711,3772,3928,3496,3342,3375,3370,3253,3186,-28.3433,-9.75143,8.9583,48.2373
1477,3365,3960,5117,5507,3479,4227,7254,7373,3414,3848,5135,5266,3147,3537,3786,3909,-7.15013,15.7289,8.66149,48.216
1478,3492,4095,4946,4620,3596,4825,7762,5675,3614,4185,5736,4876,3434,3580,4049,3890,-4.75975,9.34827,8.62266,48.25
1479,3459,3923,5847,11447,3311,3805,4965,6856,3254,3436,3998,4062,3057,3220,3455,3403,-22.0126,32.7718,8.55271,47.6653
1480,3068,3259,3505,3419,3280,3473,3844,4172,3416,3790,5042,6598,3480,4152,6657,10876,22.6545,22.2219,8.64986,48.0207
1481,4431,4958,4157,3625,5514,8086,5039,3648,4657,5770,4257,3546,3801,3952,3721,3336,-5.01369,-8.41674,8.73809,48.332
1482,3530,3345,3227,3176,3894,3782,3503,3186,5580,5052,3926,3433,10463,8146,4298,3403,29.5729,-18.0944,8.81361,47.9627
1483,3907,5234,8216,5871,3740,4686,6851,5211,3475,3739,4018,3878,3185,3287,3495,3372,-17.776,8.50458,8.97206,48.11
1484,3509,4031,5492,5848,3545,4183,7098,7627,3402,3830,4828,4999,3072,3476,3756,3732,-9.46155,16.5598,8.68218,48.2853
1485,6775,8884,5193,3745,5215,6071,4459,3644,3954,3942,3757,3381,3338,3467,3300,3147,-21.2558,-10.3044,8.55011,48.1813
1486,3167,3268,3580,3599,3275,3618,4287,4648,3376,4053,6226,8046,3450,4051,5973,7883,14.1325,19.6464,8.94342,48.3333
1487,3382,3822,5958,12592,3379,3730,4684,5971,3282,3498,3815,3894,3237,3320,3460,3367,-33.1815,32.9846,8.64915,47.594
1488,3541,3553,3265,3122,4434,4155,3638,3388,7839,6088,3994,3421,8092,6214,4068,3382,15.5681,-19.5271,8.78916,48.1293
1489,3104,3346,3486,3416,3187,3612,3866,4171,3361,3784,4998,7314,3470,3905,5903,11152,20.3556,29.1876,8.57912,48.05
1490,3124,3245,3408,3383,3229,3442,3690,3894,3362,3936,4806,5977,3386,3962,6489,12397,32.4507,24.7982,8.75402,47.82
1491,3138,3252,3543,3589,3310,3629,4131,4466,3523,4068,6249,7697,3517,4180,6454,7897,15.6332,18.2707,8.90556,48.4287
1492,4095,5450,5932,4494,4084,6168,7332,4627,3676,4251,4461,3968,3346,3516,3630,3443,-11.79,2.59203,8.93169,48.3153
1493,3707,3750,3598,3164,4962,4603,3675,3277,7921,6713,4074,3538,6218,5435,3938,3400,10.2778,-17.6025,8.70151,47.982
1494,3899,5355,9621,6952,3717,4389,5595,5033,3321,3625,3821,3765,3225,3243,3261,3306,-25.2309,9.81098,8.68612,48.0853
1495,3194,3225,3421,3332,3231,3484,3773,4122,3383,3795,4799,5995,3370,3871,6163,12270,33.6377,26.8626,8.59183,47.6187
1496,4407,4644,4024,3663,5176,7687,5118,3889,4560,6016,4522,3641,3777,4022,3627,3461,-3.56347,-7.34477,8.55041,48.156
1497,3224,3363,3360,3299,3474,3742,3882,3681,4012,4947,5911,4617,4127,6256,8826,5502,21.4085,5.01036,8.55166,48.1487
1498,3318,3900,4692,4659,3535,4410,7155,6349,3571,4137,5806,5471,3226,3662,4042,4007,-3.5473,13.1766,8.61801,47.96
1499,3859,3887,3552,3399,4970,5582,4270,3443,5848,7851,4608,3596,4726,5029,4057,3633,4.99622,-10.6463,8.71436,48.2067
1500,3902,4553,4704,3956,4190,6499,7020,4511,3961,5002,5385,4068,3535,3733,3790,3664,-4.89281,1.24887,8.82707,48.3153
1501,3135,3365,3525,3543,3550,3771,4163,3983,3854,4804,6591,5030,3825,5431,8015,5673,17.9283,7.27921,8.55323,48.172
1502,6958,9851,5548,3806,5035,5202,4332,3552,3787,3882,3580,3177,3137,3415,3374,3231,-31.9211,-9.66936,8.75161,47.9113
1503,9116,7153,4134,3504,6858,5610,3940,3383,4137,4046,3597,3183,3373,3430,3341,3086,-19.5615,-19.0808,8.72039,47.9273
1504,3109,3454,3742,3873,3268,3569,4422,5450,3297,3886,5661,9307,3340,3860,5126,6866,9.86403,23.9459,8.54487,48.1533
1505,3253,3300,3293,3178,3622,3624,3669,3547,4522,5230,4617,3952,5375,9470,7043,4234,28.516,-4.06323,8.89598,47.9527
1506,3484,3285,3265,3111,3996,3800,3514,3238,6281,4947,3781,3391,11695,6727,3992,3390,25.6732,-23.4933,8.58817,47.9313
1507,5748,8976,6158,4105,4662,5956,4632,3786,3711,3971,3665,3437,3353,3413,3437,3094,-21.4994,-6.02475,8.95347,48.0693
1508,3543,3784,4450,3968,3775,5014,6716,4772,3721,4963,6760,4833,3574,3834,4353,4002,-0.139199,6.09772,8.55366,48.0413
1509,8360,6832,4222,3465,6999,6017,4007,3516,4259,4062,3553,3338,3503,3498,3281,3036,-17.5299,-17.9909,8.64979,47.9653
1510,5498,4321,3613,3333,8982,5359,3724,3308,6993,4880,3707,3240,4377,3953,3372,3206,-3.76585,-24.2721,8.74643,47.9107
1511,12267,5990,3974,3347,6491,4983,3816,3295,4054,3902,3384,3238,3359,3370,3139,3113,-24.5641,-30.3866,8.70093,47.8147
1512,9760,5589,3936,3478,8256,5200,3884,3372,4465,4070,3521,3242,3556,3379,3137,3046,-17.3331,-29.5942,8.68793,47.9273
1513,3606,3528,3282,3155,4476,4074,3601,3211,8250,5518,3791,3456,9168,5924,3833,3425,16.397,-23.3642,8.88656,48.1987
1514,4735,8334,8331,4704,4148,4963,4944,4065,3595,3787,3732,3603,3246,3373,3370,3290,-32.2076,0.123116,8.64756,48.1467
1515,6849,8306,4815,3850,5728,6341,4363,3608,4009,4090,3625,3383,3536,3445,3302,3119,-18.8347,-11.9093,8.5144,48.246
1516,3172,3482,3386,3280,3620,3850,3777,3445,4491,5101,4750,3886,5222,9300,6992,4201,33.8494,-3.63652,8.73348,47.97
1517,3272,3607,4286,5166,3379,3864,5151,8896,3378,3741,4763,7456,3221,3521,3921,4681,-2.18063,28.6458,8.53921,48.202
1518,6638,8235,5027,3779,5433,6411,4532,3644,3877,3901,3775,3487,3409,3397,3289,3171,-18.8846,-10.8031,8.5774,48.0033
1519,3520,3509,3310,3113,4081,4088,3652,3349,6006,6450,4371,3680,6840,7676,4563,3646,17.3169,-13.0608,8.55254,47.9027
1520,5405,9361,7250,4341,4302,5113,4711,3989,3532,3822,3585,3418,3258,3388,3239,3146,-28.4599,-3.2556,8.89425,47.9067
1521,3326,3378,3457,3321,3746,4021,3982,3520,4362,6239,5923,4336,4685,7148,6456,4265,17.262,-1.40787,8.50507,48.11
1522,3701,3786,3571,3347,4593,5130,4040,3524,6178,8012,4703,3651,4947,5456,4198,3610,8.16147,-10.6966,8.53946,48.298
1523,3242,3513,3444,3347,3650,3902,3987,3615,4109,5511,6197,4533,4281,6470,7461,4973,18.2891,2.22354,8.96836,48.1567
1524,7439,5092,3820,3301,9663,5322,3887,3374,5168,4130,3625,3293,3727,3613,3409,3188,-11.3414,-27.965,8.66206,48.034
1525,3369,3280,3240,3180,4003,3792,3398,3265,6512,4843,3750,3319,12182,5913,3964,3363,24.7068,-32.6043,8.68629,47.582
1526,3399,3814,5222,7758,3269,3751,5313,9502,3256,3589,4123,5084,3116,3285,3697,3711,-12.0997,33.5535,8.9818,47.926
1527,3402,3346,3227,3159,3899,3827,3463,3234,6436,4789,3875,3360,12408,6077,3909,3377,26.6899,-28.463,8.7371,47.8587
1528,3921,5146,6196,4553,4051,5778,7705,4864,3578,4133,4544,4043,3348,3542,3509,3433,-11.4747,4.20513,8.95881,48.2293
1529,4725,7981,7843,4652,4249,5241,5210,4173,3565,3817,3796,3505,3220,3455,3265,3243,-23.7542,-0.15224,8.74888,47.96
1530,4996,5412,4281,3469,6202,8159,4688,3554,4726,5030,3971,3431,3757,3827,3615,3259,-7.96204,-11.0684,8.95077,48.2513
1531,4631,4617,3902,3423,6138,7372,4384,3647,5378,6081,4110,3472,4064,4073,3666,3266,-2.8485,-12.3984,8.93057,48.1493
1532,3553,3991,4035,3812,3842,4967,6319,4495,3887,5327,7130,4819,3548,4020,4389,4070,2.00893,4.85341,8.89532,48.136
1533,6423,7683,4791,3643,5820,7029,4365,3708,4089,4267,3656,3407,3469,3463,3330,3189,-16.7514,-11.6438,8.85649,48.2213
1534,3098,3260,3533,3677,3268,3617,4202,4633,3526,3957,6260,8058,3471,4070,5903,7486,13.649,19.2604,8.83047,48.0127
1535,3205,3331,3369,3352,3415,3611,3786,3754,3814,4475,5270,4754,3942,5877,9855,6569,30.2547,8.24261,8.50197,48.2527
1536,3224,3383,3551,3649,3357,3744,4395,4393,3628,4271,6894,6727,3561,4355,6620,6737,14.5082,14.7343,8.66738,48.326
1537,3320,3384,3199,3111,3882,3814,3570,3240,5637,5194,4014,3511,9634,8674,4411,3506,26.9959,-16.4935,8.93641,48.0673
1538,3767,4354,4533,3967,4139,6159,6792,4467,4001,5247,5632,4193,3640,3970,3875,3620,-3.21599,1.18971,8.59822,48.2373
1539,3771,3763,3438,3188,5102,4900,3907,3340,7310,7453,4285,3450,5433,5181,4020,3454,7.41186,-14.9043,8.9731,47.9967
1540,3244,3556,3805,3880,3367,3936,5176,4943,3496,4458,7684,6700,3549,4147,5277,5155,7.31729,13.2605,8.7895,48.2487
1541,3774,5646,10158,7009,3618,4323,5270,4881,3253,3610,3916,3702,3149,3311,3331,3340,-29.4645,9.81756,8.6488,48.194
1542,4317,6203,7016,4741,4217,5814,6508,4376,3590,4036,4082,3795,3339,3413,3467,3335,-16.1807,1.9226,8.81563,48.166
1543,5020,4478,3603,3309,7824,5984,3896,3423,6882,5381,3890,3499,4407,3894,3618,3255,-2.10914,-19.4801,8.90985,48.242
1544,3160,3206,3953,4163,3361,3642,4696,6519,3316,3774,5249,9673,3307,3690,4440,5874,5.56951,26.6864,8.79525,48.0153
1545,3877,5822,10074,6631,3711,4399,5225,4761,3307,3628,3800,3717,3099,3376,3357,3343,-31.3722,8.26855,8.97581,48.0847
1546,3013,3278,3523,3557,3204,3438,3878,4166,3425,3812,4892,7724,3432,3877,5756,10944,19.284,29.3184,8.99333,47.946
1547,3080,3168,3435,3391,3213,3471,3908,4199,3427,3793,5079,7416,3396,3863,6295,10635,19.6782,24.2154,8.92211,47.846
1548,3071,3330,3689,3781,3359,3569,4285,5138,3454,3865,5830,9063,3333,3898,5313,7086,11.4723,21.9186,8.77227,48.0427
1549,3179,3436,3431,3378,3418,3777,4051,3929,3692,4626,6518,5103,3816,5278,8396,6257,19.0242,9.14613,8.63858,48.19
1550,3911,5077,9036,7002,3643,4447,6107,5197,3327,3635,4000,3931,3037,3263,3365,3458,-21.267,10.5677,8.98964,48.2907
1551,3299,3379,3342,3280,3696,3817,3808,3521,4295,5317,5017,3987,5138,8619,7471,4540,25.3281,-1.9748,8.55525,48.3507
1552,3982,6486,9833,5875,3885,4537,5202,4666,3404,3562,3740,3627,3165,3294,3330,3273,-28.7446,5.92824,8.88062,47.9073
1553,3078,3479,3657,3645,3228,3674,4346,4678,3416,4115,6497,8001,3374,4088,5893,7019,12.6541,17.7822,8.90868,48.1253
1554,3441,3279,3298,3144,3958,3843,3394,3168,6103,4847,3868,3355,11777,6876,4173,3309,27.4946,-22.9499,8.70618,47.8887
1555,3516,3452,3278,3080,4119,4163,3573,3253,6134,6216,4251,3559,7903,7725,4492,3510,19.014,-15.0755,8.55023,48.1493
1556,3153,3235,3504,3539,3375,3451,4032,4478,3369,3825,5170,8477,3295,3962,5477,9656,16.6502,33.4997,8.96642,47.9987
1557,4048,3971,3646,3350,5615,5810,4082,3464,6401,7015,4327,3511,4719,4800,3830,3524,3.53198,-13.8697,8.52059,48.0753
1558,3248,3561,4045,4600,3346,3816,5404,7365,3464,3847,5542,8116,3159,3669,4322,4895,1.56003,21.5603,8.92909,48.266
1559,3127,3278,3458,3485,3295,3471,3990,3919,3546,4172,5722,5923,3589,4576,8151,8577,21.7631,15.6787,8.55333,48.186
1560,3433,3401,3143,3172,3856,3747,3510,3201,5800,4988,3871,3479,10751,7796,4284,3467,30.1161,-19.4365,8.88037,47.9327
1561,5073,4272,3661,3202,8861,5038,3856,3328,7741,4755,3673,3254,4493,4057,3561,3127,-1.76577,-30.1558,8.68348,47.968
1562,6637,4775,3722,3442,9989,5214,3849,3311,5833,4364,3688,3367,3889,3814,3296,3121,-8.34032,-29.1078,8.71009,48.2073
1563,3457,3773,3918,3817,3714,4591,5899,4536,3802,5438,7670,5033,3575,4227,4681,4262,4.19274,5.83291,8.69093,48.262
1564,3242,3990,6726,12398,3369,3877,4886,5976,3222,3460,3870,3902,3078,3261,3431,3348,-32.0466,23.0656,8.95987,48.024
1565,5079,8623,7995,4659,4243,4971,4857,4133,3515,3733,3730,3515,3288,3283,3233,3127,-29.2381,-0.943446,8.89958,47.9893
1566,3259,3492,4330,5094,3295,3714,4981,8649,3323,3795,4865,7898,3308,3475,4131,4597,-1.43012,30.3203,8.82999,48.1373
1567,10976,6926,4120,3475,6398,5157,3891,3381,3961,3887,3439,3245,3466,3346,3165,3066,-23.9272,-21.3418,8.78908,47.9327
1568,3314,3929,5935,9926,3443,3823,5195,7968,3172,3480,3970,4526,3043,3291,3522,3472,-17.6775,25.6778,8.66335,48.006
1569,4899,4258,3485,3305,8621,5006,3715,3369,7865,4792,3738,3382,4556,4063,3606,3221,-1.17614,-32.4779,8.56749,47.9207
1570,8496,7874,4538,3570,6157,5758,4105,3465,4160,3962,3663,3295,3454,3482,3292,3070,-20.8137,-16.1202,8.69469,48.2273
1571,3098,3266,3367,3352,3317,3381,3807,3782,3391,3822,4654,5972,3320,3993,6024,12527,28.8189,32.7648,8.74463,47.382
1572,3401,3828,5309,7152,3478,3934,5884,9263,3274,3707,4433,5195,3075,3317,3567,3855,-10.985,22.113,8.99995,48.448
1573,3436,3470,3192,3123,4342,4058,3572,3164,7765,5507,3910,3405,9633,6056,4016,3461,17.7762,-22.4978,8.90565,48.0733
1574,3811,3697,3453,3113,5205,4669,3704,3255,8346,6723,4173,3422,6189,5331,4098,3361,9.12786,-18.2579,8.67175,48.3667
1575,3045,3401,3497,3701,3172,3566,3949,4465,3455,3889,5251,8665,3250,3889,5618,9328,16.1777,26.8073,8.87075,48.094
1576,3418,3842,5610,10952,3396,3892,5112,7603,3358,3488,3825,4062,3128,3255,3460,3578,-19.3995,32.2631,8.85517,47.986
1577,5692,7946,5159,3919,5212,6880,4834,3801,3912,4201,3747,3431,3430,3376,3409,3148,-17.0654,-7.74368,8.77977,48.0647
1578,3105,3243,3409,3493,3392,3362,3904,4172,3450,3825,4959,7196,3369,3952,5797,11278,20.756,30.2984,8.87558,47.9373
1579,3927,3667,3464,3162,5835,4467,3675,3276,9689,5546,3865,3390,6342,4814,3669,3298,7.86257,-24.2549,8.96386,48.0573
1580,3128,3260,3491,3475,3285,3502,3993,4512,3454,3902,5170,8665,3279,3863,5593,9581,16.4393,27.3185,8.90038,48.102
1581,4157,3795,3296,3165,6224,4424,3628,3266,9922,5249,3781,3255,5968,4570,3766,3377,6.20098,-27.9217,8.85222,47.8953
1582,3786,4957,9264,7529,3528,4207,5829,5456,3241,3565,3841,3986,3099,3241,3382,3416,-22.4991,12.0607,8.99378,48.218
1583,3565,4433,7390,8309,3477,4189,5916,6417,3223,3576,3984,4126,3047,3294,3468,3444,-19.2824,16.4541,8.80192,47.9053
1584,8836,5706,3932,3276,8705,5310,3953,3297,4713,4050,3604,3244,3590,3555,3293,3176,-15.3444,-25.0485,8.62237,48.16
1585,6780,4783,3730,3298,9775,5231,3853,3404,5733,4345,3577,3284,3924,3692,3453,3225,-8.71807,-28.2662,8.53337,48.058
1586,12026,5777,3960,3267,7086,4825,3722,3284,3919,3833,3374,3258,3467,3306,3253,3078,-22.335,-30.6745,8.99591,47.6233
1587,3489,3367,3358,3118,3941,3861,3555,3262,5969,5441,4112,3469,9360,7918,4328,3605,23.0439,-17.1838,8.72861,48.102
1588,3208,3366,3723,3752,3258,3610,4398,5434,3346,3768,5276,9810,3374,3894,4901,7066,10.2431,30.0275,8.66142,48.1227
1589,3614,3877,3676,3549,4109,5335,4762,3854,4509,7508,6207,4029,4092,4783,4484,3938,5.33803,-2.70715,8.80958,48.2173
1590,3312,3285,3357,3303,3566,3865,3744,3484,4182,5487,5698,4260,4742,7474,7554,4723,20.6146,0.259917,8.92142,48.024
1591,3111,3491,3872,4037,3305,3706,4645,6306,3468,3640,5209,9863,3262,3718,4585,5897,6.31026,31.4827,8.97323,48.0767
1592,3808,3715,3390,3153,4819,4764,3743,3375,7637,7330,4257,3426,5874,5547,4109,3420,9.52201,-15.901,8.86138,48.2447
1593,3075,3262,3413,3395,3153,3493,3785,3958,3572,3941,4893,5905,3461,4154,7068,11538,28.2999,21.6564,8.96603,48.044
1594,3762,4826,7533,5768,3717,4753,7347,5577,3406,3859,4246,4021,3338,3283,3413,3431,-15.3022,9.60801,8.94161,48.1867
1595,3287,3579,3725,3405,3764,4404,4745,3934,4150,6096,7492,4680,4116,4949,5521,4352,9.90081,2.85191,8.8095,48.1327
1596,7249,9040,4997,3661,5325,5821,4261,3726,3845,3944,3626,3309,3422,3387,3307,3119,-22.9982,-11.1474,8.50997,48.026
1597,4223,5212,5077,4032,4460,7425,6740,4264,3912,4736,4526,3819,3502,3642,3528,3466,-8.85197,-0.943908,8.95823,48.376
1598,3812,3517,3349,3119,5264,4444,3656,3302,9351,5834,3936,3428,6823,5154,3688,3412,10.4987,-22.8527,8.68569,48.0593
1599,3117,3312,3527,3645,3261,3587,4276,4532,3390,3847,5522,8257,3554,3913,5922,8796,15.9313,22.9968,8.52875,48.3053
1600,3020,3222,3319,3350,3276,3449,3836,4105,3446,3812,4722,6283,3400,3976,6234,11985,25.8497,25.6443,8.59545,47.6233
1601,3371,3958,6191,12826,3457,3755,4830,6085,3072,3352,3709,3848,3124,3301,3341,3374,-30.5515,27.8353,8.75115,47.7293
1602,7893,8501,4741,3650,5703,5931,4103,3579,3973,3988,3602,3348,3404,3394,3238,3195,-21.647,-14.0217,8.55049,48.162
1603,5313,4306,3627,3128,9319,5384,3775,3295,7141,4770,3750,3259,4408,4023,3440,3237,-3.27389,-26.1357,8.95525,48.1167
1604,3659,3542,3199,3187,5081,4278,3443,3268,9565,5469,3826,3387,8029,5285,3797,3343,12.3353,-27.0582,8.95374,48.2387
1605,3641,4816,9422,8575,3567,4154,5183,5280,3324,3608,3808,3785,3144,3237,3343,3370,-28.6994,13.7282,8.83925,48.1713
1606,5180,4322,3579,3307,9280,5135,3650,3368,7516,4799,3756,3295,4334,3911,3499,3218,-2.61554,-32.4825,8.86082,48.0993
1607,3619,3470,3155,3134,4377,3932,3432,3293,8526,4940,3815,3371,9965,5426,3912,3376,17.0627,-30.3459,8.88139,47.8287
1608,3186,3543,3738,4022,3376,3707,4887,5835,3442,3965,6292,8667,3293,3671,4773,5824,6.63292,19.9248,8.81893,48.1473
1609,3380,4105,6549,9440,3487,3873,5469,7293,3253,3569,4056,4404,3108,3269,3377,3433,-18.1862,20.911,8.56247,48.0433
1610,3903,4034,3689,3340,4471,5724,4247,3612,5475,8145,5019,3743,4485,5058,4149,3596,5.27646,-8.19997,8.66894,48.46
1611,3420,3353,3225,3190,3983,3797,3520,3283,5209,5320,4171,3523,8244,9417,4794,3801,32.7071,-13.289,8.89549,48.1667
1612,10687,7681,4244,3422,5739,4996,3901,3311,3968,3798,3543,3251,3433,3420,3237,3095,-33.5069,-19.1238,8.94528,47.8173
1613,8229,9504,4960,3607,5069,5256,4161,3575,3861,3845,3502,3179,3420,3392,3304,3091,-30.5044,-12.7301,8.68939,47.97
1614,4781,6144,5101,3870,4991,7787,5780,3863,3838,4509,4141,3564,3413,3596,3541,3303,-11.3721,-4.69518,8.70186,48.148
1615,4483,3957,3590,3262,7276,4853,3766,3268,9072,5296,3717,3391,5300,4465,3638,3288,3.13676,-25.4857,8.57808,48.4147
1616,3527,4341,7714,10494,3459,3909,5247,5955,3279,3617,3857,4001,3092,3242,3335,3309,-25.7722,18.6782,8.59467,48.252
1617,3654,3953,4602,4145,3746,4971,7136,4951,3760,4718,6621,4698,3405,3807,4194,3969,-1.77436,6.68896,8.77931,48.22
1618,4182,4265,3750,3479,5286,6827,4525,3693,5340,6913,4633,3684,4183,4273,3748,3471,-0.0549561,-9.5973,8.57208,48.168
1619,6183,4722,3590,3365,9666,5355,3894,3359,6159,4585,3598,3307,4096,3790,3385,3054,-6.83541,-28.922,8.55885,48.072
1620,3033,3270,3375,3408,3229,3395,3835,3907,3462,3980,4956,5671,3550,4246,7648,10779,29.2648,19.6215,8.66194,47.8293
1621,9369,5503,3989,3370,8440,5277,3895,3396,4554,4104,3542,3238,3466,3517,3331,3126,-15.8753,-25.9345,8.87205,48.078
1622,3103,3200,3439,3384,3098,3451,3905,4035,3421,3892,4941,6673,3377,4076,6448,11645,24.0039,24.6953,8.70588,48.0587
1623,3142,3231,3370,3378,3148,3409,3691,3948,3328,3783,4760,6191,3399,3866,6342,12592,28.0478,26.5895,8.83331,47.7187
1624,5213,8881,7586,4430,4371,5039,4900,4010,3533,3771,3651,3578,3309,3345,3359,3250,-30.8958,-2.18436,8.55638,48.1507
1625,3658,3720,3508,3299,4073,4901,4396,3784,4889,8046,5932,4060,4450,5429,4619,3834,8.8069,-4.43031,8.94827,48.3987
1626,3492,3393,3219,3091,4141,3871,3470,3326,6505,5281,3983,3498,10256,7246,4254,3374,22.4469,-20.1739,8.68435,48.2667
1627,3308,3405,3368,3118,3884,3887,3532,3344,4949,5342,4283,3692,7361,9768,5252,3794,27.3346,-10.6476,8.54542,48.1913
1628,3408,3336,3330,3176,4113,3834,3518,3183,7159,4946,3793,3428,11561,5864,3993,3350,22.1548,-30.9513,8.59708,47.9947
1629,4469,4072,3527,3273,7531,5094,3780,3390,8629,5300,3808,3347,4985,4214,3698,3248,1.56277,-24.1067,8.92864,48.2433
1630,3176,3598,3770,4094,3384,3774,5091,5540,3490,4183,7183,7550,3458,3875,4832,5178,5.59042,16.0695,8.82266,48.1173
1631,3382,3695,4411,5470,3269,3769,5105,9346,3371,3590,4714,7108,3132,3476,3880,4357,-3.62113,28.0837,8.83546,48.05
1632,3162,3237,3443,3309,3442,3688,4045,3802,3653,4519,6497,5148,3844,5458,8630,6487,19.9791,9.07163,8.56978,48.2427
1633,3547,3343,3120,3121,4163,3847,3466,3276,7208,5328,3798,3354,10201,6398,4056,3339,19.8771,-22.0633,8.97219,47.71
1634,4139,3916,3439,3178,5993,4912,3783,3246,8760,6077,3913,3402,5546,4740,3822,3287,5.63211,-20.3543,8.84963,48.102
1635,4682,4194,3577,3230,7638,5355,3790,3369,7841,5482,3990,3360,4714,4209,3621,3255,0.314864,-21.6511,8.69393,48.2047
1636,3441,3399,3292,3177,3921,3702,3438,3314,6012,4842,3686,3316,12559,5881,3776,3424,32.5226,-30.2304,8.78968,47.4533
1637,3483,3907,4883,5050,3568,4203,7250,6971,3439,3932,5441,5499,3249,3545,3922,4008,-5.00094,14.9153,8.65629,48.2333
1638,12358,6005,4009,3364,6163,4705,3700,3294,3822,3810,3402,3214,3385,3473,3176,3087,-26.4967,-32.3507,8.59762,47.3113
1639,3240,3184,3483,3485,3377,3449,3858,4207,3441,3785,5074,7592,3393,3880,5739,10809,20.0843,30.3358,8.51843,47.9973
1640,3625,4411,5342,4622,3813,5334,8175,5249,3552,4277,5211,4351,3309,3640,3805,3688,-7.42774,7.11562,8.59504,48.2693
1641,3647,3630,3217,3217,4687,4290,3623,3252,7640,6470,4052,3475,7290,6294,4175,3428,14.3212,-17.8444,8.61403,48.258
1642,3895,3632,3300,3130,5433,4276,3474,3345,9883,5225,3814,3337,7140,4951,3863,3288,9.75143,-27.7776,8.65613,47.9907
1643,4194,6288,7496,4955,4125,5542,6476,4647,3628,3908,4007,3734,3276,3397,3486,3405,-17.3968,2.78628,8.75972,48.376
1644,5014,6346,4973,3897,5001,7934,5478,3805,3996,4685,4060,3645,3490,3616,3351,3244,-11.9325,-5.79091,8.96473,48.3567
1645,3339,3766,4388,4509,3486,4051,6414,6432,3472,4241,6189,6428,3329,3686,4320,4537,-0.271799,15.5904,8.59094,48.3913
1646,5126,6141,4605,3598,5651,8019,5010,3756,4333,4742,3847,3572,3572,3682,3377,3274,-10.8642,-8.85031,8.60349,48.2033
1647,3232,3410,3859,4113,3295,3587,4668,6274,3300,3843,5527,9502,3274,3706,4547,5914,6.21095,24.6917,8.95542,48.034
1648,3324,3516,3743,3501,3798,4277,4601,3903,4275,6383,7355,4612,4047,5168,5762,4434,10.6474,1.91339,8.64291,48.466
1649,6641,10068,5844,3865,4717,5183,4437,3592,3730,3786,3554,3354,3232,3400,3308,3177,-30.5049,-8.31488,8.78757,47.9253
1650,3295,3325,3480,3379,3510,3970,4121,3841,4120,5541,6629,4608,4164,6069,7473,4953,16.7233,3.56548,8.51189,48.3187
1651,3531,3527,3391,3210,4304,4237,3683,3284,6625,6560,4293,3521,7061,7034,4357,3571,15.9461,-14.6783,8.73931,48.126
1652,4970,5728,4369,3603,5716,8080,4905,3662,4394,4898,4109,3470,3659,3763,3582,3340,-8.94789,-9.05002,8.51622,48.1653
1653,3115,3193,3374,3395,3165,3337,3844,3873,3337,3744,4849,6743,3451,4039,6001,11880,23.4868,32.8779,8.68949,47.56
1654,4272,6297,7963,5076,3921,5421,6331,4570,3564,3979,4048,3596,3199,3327,3491,3300,-18.413,3.70661,8.61723,48.2367
1655,3520,3540,3394,3136,4459,4091,3683,3189,8499,5190,3810,3343,9472,5344,3939,3379,16.2446,-29.6768,8.63822,47.992
1656,4073,5590,7356,5191,3934,5135,7135,4837,3567,3841,4269,3845,3168,3394,3436,3445,-15.4166,5.60742,8.55666,48.144
1657,3359,3431,3323,3079,3831,3840,3510,3255,5276,5351,4083,3536,8721,8962,4799,3581,27.8765,-14.3983,8.75529,47.958
1658,3555,3491,3215,3103,4090,3950,3798,3299,5777,6480,4249,3554,7038,8286,4834,3620,18.8166,-12.3762,8.98868,48.226
1659,5394,7826,5447,3811,5012,6974,5050,3793,3902,4244,3853,3458,3390,3423,3368,3158,-16.7807,-6.82832,8.86225,48.0687
1660,5879,4857,3870,3419,8549,6152,3842,3485,5668,4857,3788,3368,4095,3806,3445,3138,-6.89038,-20.1989,8.60123,48.1453
1661,4070,3870,3428,3184,6552,4700,3680,3308,9874,5171,3813,3349,5781,4518,3666,3304,5.59941,-30.3706,8.89054,48.1787
1662,3325,3425,3146,3138,3880,3844,3651,3280,5178,5595,4192,3602,7471,9358,5338,3862,24.5356,-11.3493,8.72094,48.19
1663,3357,3248,3261,3377,3247,3394,3649,3924,3389,3799,4723,5857,3408,3826,5879,12502,32.9727,33.3085,8.88773,47.2267
1664,3341,3600,4424,5400,3365,3780,5098,9331,3333,3679,4577,7161,3200,3496,3966,4339,-3.5029,29.961,8.90968,48.06
1665,12200,5951,4109,3358,6381,4836,3735,3306,3911,3783,3421,3308,3361,3354,3190,3146,-24.5315,-33.9686,8.67291,47.5667
1666,3041,3188,3449,3437,3197,3440,3845,4007,3517,3947,4880,5881,3471,4153,7181,11350,26.7462,21.5238,8.55147,47.9893
1667,6287,6317,4365,3418,6598,7421,4380,3563,4432,4460,3783,3497,3627,3609,3305,3158,-13.0274,-13.7536,8.95637,48.1467
1668,3518,3334,3258,2987,4186,3944,3464,3317,7441,5250,3956,3334,10143,6343,4146,3413,19.4883,-22.6133,8.70912,48.0227
1669,3505,3984,5750,6269,3526,4310,6796,7670,3249,3764,4553,4758,3201,3417,3594,3767,-10.9756,16.924,8.80777,48.0753
1670,3246,3377,3322,3128,3618,3771,3798,3500,4244,5544,5179,4140,5092,8309,7632,4610,22.7583,-1.22385,8.93621,48.34
1671,5532,5523,3991,3474,7267,7484,4376,3601,4793,4915,3759,3457,3739,3630,3415,3167,-8.71953,-14.827,8.87293,48.082
1672,4716,7547,7670,4566,4269,5549,5559,4308,3562,3877,3766,3586,3234,3382,3334,3275,-21.2425,-0.328864,8.98382,48.1333
1673,3064,3209,3490,3488,3251,3549,3949,4203,3426,3779,4978,7891,3328,3975,5611,10577,18.907,30.6957,8.65193,47.8453
1674,3122,3259,3540,3544,3241,3490,3854,4469,3441,3857,5170,8372,3376,3990,5788,9636,16.6045,26.3697,8.91067,48.0993
1675,3514,3459,3318,3139,4230,4034,3546,3303,7354,5399,3990,3455,9694,6459,4105,3466,18.9333,-21.7803,8.53066,48.31
1676,3544,4396,7751,9244,3475,4010,5572,6252,3186,3482,3937,4146,3135,3384,3383,3334,-21.5875,17.5842,8.77257,48.154
1677,10894,5795,4005,3383,7303,5038,3971,3463,3980,3914,3400,3219,3461,3447,3272,3119,-20.4502,-33.9588,8.56654,47.776
1678,2995,3222,3434,3610,3238,3624,4050,4675,3256,3842,5224,8923,3363,3844,5447,9037,15.1881,27.7919,8.91995,47.856
1679,3454,3421,3247,3126,3901,3823,3499,3169,5801,5010,3941,3329,10963,7236,4141,3475,30.8436,-20.4988,8.5965,47.6907
1680,3411,3885,5986,11304,3330,3862,4891,7034,3288,3489,3824,4099,3114,3242,3424,3375,-21.4068,33.113,8.87262,47.7053
1681,3152,3272,3381,3379,3274,3555,3973,3853,3747,4383,5774,5114,3767,5154,9427,7028,23.1624,10.5916,8.76818,48.1553
1682,5373,4508,3638,3217,9340,5035,3869,3386,7017,4588,3762,3304,4407,3879,3444,3236,-3.65863,-32.6759,8.79997,48.002
1683,3335,3977,6227,8524,3354,4121,5873,7896,3333,3635,4183,4428,3094,3221,3571,3604,-15.8533,20.7519,8.80929,48.2507
1684,3467,3632,3485,3329,4028,4584,4131,3606,4935,8002,5890,4053,4593,5939,5065,3870,11.1127,-4.48713,8.96738,48.406
1685,4418,3948,3445,3276,7015,4961,3739,3406,9131,5363,3847,3280,5323,4427,3647,3294,3.48869,-24.6676,8.94895,48.3467
1686,3423,3857,5707,12433,3431,3815,4549,5869,3314,3391,3832,3963,3242,3254,3557,3423,-33.4857,33.0219,8.89443,47.3733
1687,4313,3919,3457,3162,7485,4634,3674,3234,9306,5034,3868,3333,5362,4348,3678,3239,2.89409,-30.5289,8.94606,48.0307
1688,3455,3388,3261,3205,4039,3871,3313,3256,6027,4923,3780,3338,11655,6687,4066,3337,33.6779,-22.6294,8.66528,47.734
1689,3187,3283,3412,3347,3247,3484,3840,3975,3523,4101,5054,5286,3544,4532,8691,9035,32.2569,15.3849,8.64344,47.694
1690,3101,3276,3380,3361,3419,3690,3828,3750,3767,4466,5237,4738,4002,5833,9965,6325,29.6961,7.55752,8.66135,48.092
1691,3673,4675,8758,9228,3523,3997,5230,5352,3256,3589,3750,3829,3049,3282,3423,3362,-28.5523,15.4381,8.93774,47.984
1692,3070,3193,3336,3418,3203,3456,3706,3987,3426,3778,4770,6124,3363,3915,6045,12293,27.6197,31.2222,8.57706,47.3887
1693,3125,3230,3273,3420,3363,3609,3845,3831,3606,4123,5422,5248,3704,5087,9879,7570,26.374,11.3954,8.96835,48.2233
1694,3068,3247,3386,3553,3233,3473,3871,4042,3424,3920,5027,6704,3439,3904,6493,11154,22.6019,24.0737,8.54942,47.9587
1695,3033,3163,3408,3521,3304,3478,4006,4186,3480,4056,5817,6726,3444,4417,7522,8480,19.0221,17.2351,8.80421,48.0273
1696,3492,3454,3270,3165,4125,3733,3463,3321,7221,5336,3802,3359,10522,6434,4076,3397,20.7371,-23.6324,8.51514,48.1133
1697,4061,4229,3953,3588,4939,6851,4874,3665,4842,7087,4763,3876,4085,4317,3966,3579,0.0607022,-6.99543,8.90226,48.45
1698,3450,3454,3245,3066,4022,3904,3529,3245,6179,5491,3936,3400,9275,7864,4430,3530,22.1243,-16.9205,8.57436,48.0133
1699,12494,5988,3943,3369,6239,4857,3794,3471,3760,3764,3452,3157,3334,3341,3210,3109,-26.6766,-33.9135,8.85947,47.5213
1700,3240,3468,3561,3488,3512,3985,4537,3893,3887,5638,7714,4805,4010,5093,6410,4781,12.6243,4.90213,8.87343,48.0147
1701,4714,4155,3588,3303,8245,4899,3719,3390,8250,4845,3756,3367,4962,4073,3453,3213,0.0104105,-31.7876,8.81564,47.9547
1702,3131,3123,3331,3321,3203,3464,3887,4160,3309,3892,4997,7485,3296,3943,5764,11293,20.3678,32.0163,8.96568,47.7327
1703,4181,3841,3434,3169,6134,4991,3691,3326,8812,5960,3923,3389,5585,4804,3694,3376,5.28317,-21.1982,8.67625,48.2067
1704,3397,3366,3213,3033,4070,3906,3518,3186,6457,5188,3863,3362,10747,7033,4235,3547,22.4215,-20.7423,8.83158,48.0807
1705,4014,3949,3684,3469,4847,6304,4523,3745,5431,7594,4673,3711,4339,4741,3903,3501,2.72361,-8.77244,8.795,48.2853
1706,3812,5537,10027,7087,3596,4310,5200,4944,3231,3625,3818,3731,3111,3249,3363,3293,-29.3666,10.0647,8.89324,47.956
1707,3602,3550,3425,3223,4230,4517,3714,3420,6036,7700,4738,3716,5698,6714,4497,3725,13.0067,-11.084,8.69362,48.3367
1708,3187,3344,3749,3861,3394,3893,4537,5055,3463,4143,6493,8162,3352,3995,5546,6524,10.7388,18.9246,8.5192,48.4653
1709,3707,5104,9758,7745,3629,4243,5190,5038,3302,3511,3804,3791,3116,3271,3396,3381,-31.2832,11.4954,8.79727,47.9907
1710,3143,3378,3286,3276,3624,3886,3723,3554,4244,5327,5222,4217,4788,8017,7817,4713,22.7164,-0.371836,8.51648,48.1433
1711,3432,4392,8147,9697,3454,3971,5270,5797,3280,3423,3918,3880,3129,3276,3507,3347,-26.0095,17.4142,8.51914,47.9467
1712,3267,3582,3932,3959,3545,3861,5092,5672,3448,4122,6674,8066,3278,3848,4774,5523,5.88588,18.0948,8.74656,48.4287
1713,6061,9949,6162,4050,4749,5116,4537,3832,3669,3852,3632,3399,3390,3406,3321,3137,-31.9838,-6.74434,8.84457,48.1747
1714,3312,4033,7111,11493,3410,3872,4936,6084,3181,3427,3764,3901,3111,3226,3300,3349,-26.9248,21.7707,8.82457,47.6733
1715,3509,4296,7842,10758,3415,3886,5029,5688,3249,3469,3857,3894,3165,3229,3385,3392,-30.8804,19.3997,8.5069,48.042
1716,3256,3462,3833,4153,3299,3714,4490,6319,3267,3890,5454,9435,3371,3642,4585,5843,5.84062,24.5343,8.78748,48.0087
1717,4184,4024,3520,3314,5642,5629,3910,3459,7067,7027,4259,3437,4827,4734,3796,3381,3.64344,-15.5692,8.96865,48.14
1718,3594,3493,3295,3246,4750,3983,3517,3282,9189,5316,3916,3473,8733,5338,3859,3400,14.6435,-31.3714,8.90394,48.256
1719,3393,3582,3763,3819,3675,4271,5289,4193,3924,5457,7931,5120,3726,4378,5404,4338,7.05742,6.43334,8.62319,48.1753
1720,4091,4348,4187,3616,4851,7400,5408,3858,4465,6384,4884,3886,3854,4051,3814,3525,-2.42459,-5.11903,8.94898,48.4147
1721,3272,3447,3353,3233,3553,3797,3609,3332,4570,5424,4744,3960,5625,9357,6598,4154,24.9483,-4.93063,8.7403,48.0187
1722,3528,4105,5222,4934,3665,4636,7861,6036,3626,4088,5545,4742,3322,3620,3919,3865,-6.22963,11.2257,8.69394,48.476
1723,3227,3369,3510,3597,3343,3462,4027,4572,3364,3814,5099,8691,3317,3910,5466,9173,15.7926,31.9414,8.61193,47.9607
1724,3381,3430,3174,3079,4013,3839,3494,3221,6718,5001,3813,3331,11464,6670,4059,3410,23.5124,-23.7852,8.82448,48.0647
1725,10408,7989,4291,3543,5637,5039,3935,3410,3908,3866,3453,3296,3367,3389,3307,3131,-29.3108,-18.6031,8.68124,47.9793
1726,3430,3459,3355,3203,4029,4169,3763,3429,5687,7096,4654,3730,6004,7528,4961,3656,16.0254,-10.1307,8.66195,48.102
1727,3315,3359,3257,3232,3671,3754,3707,3414,4662,5278,4470,3662,6310,9881,6009,3957,28.5324,-7.20707,8.89171,47.9587
1728,3214,3320,3789,3744,3370,3761,4488,4753,3438,4162,6902,7757,3449,4058,5695,6293,11.2084,17.0511,8.5081,48.1287
1729,10344,7937,4315,3604,5601,5103,4002,3353,3977,3804,3392,3233,3415,3458,3306,3099,-32.8503,-18.1841,8.89778,47.962
1730,3039,3175,3408,3436,3283,3370,3920,3894,3333,3874,4874,6851,3379,4040,5894,11853,22.8326,31.8086,8.88274,47.7487
1731,3164,3422,3631,3670,3265,3552,4354,4781,3641,4159,6736,7796,3298,4029,5963,6723,12.2599,17.3743,8.74595,48.1227
1732,3157,3239,3312,3299,3346,3659,3793,3638,3832,4642,5186,4653,4138,6398,9757,5774,30.2249,5.90031,8.57976,47.882
1733,11828,7117,4150,3367,5863,5005,3869,3311,3904,3834,3442,3175,3348,3357,3197,3073,-30.7534,-22.2983,8.84041,47.8933
1734,3543,4253,7182,9489,3492,4063,5514,6707,3267,3527,4079,4103,3116,3225,3400,3393,-20.1727,18.834,8.64181,48.2353
1735,3392,3445,3261,3122,3872,3910,3516,3293,5393,5449,4212,3583,8517,9055,4706,3708,26.4686,-13.8776,8.53004,48.2893
1736,3281,3630,4709,6093,3399,3882,5211,9938,3236,3612,4532,6149,3195,3417,3860,4060,-6.85518,28.6627,8.77285,48.136
1737,3038,3221,3447,3451,3270,3382,3815,4151,3423,3873,4866,7483,3292,4018,5798,11421,20.6568,30.2247,8.9926,47.966
1738,7463,6564,4200,3391,7424,6302,4206,3408,4455,4234,3746,3274,3513,3554,3328,3087,-14.768,-17.4516,8.76859,48.0993
1739,3410,4105,6360,11678,3302,3865,4872,6826,3248,3520,3874,3970,3100,3184,3381,3410,-23.6872,25.57,8.50589,48.07
1740,3665,4429,8469,9887,3429,3995,5084,5428,3212,3532,3962,3925,3112,3099,3311,3359,-31.4932,17.0853,8.56468,47.932
1741,6837,5130,3836,3394,9284,5946,3872,3477,5248,4480,3639,3260,3810,3724,3344,3166,-10.0053,-22.9801,8.57901,48.298
1742,4014,4872,4548,3896,4657,7541,6250,4131,4028,5205,4736,3852,3572,3846,3712,3505,-6.20029,-2.67852,8.84164,48.2433
1743,4081,4572,4107,3599,4650,6913,5491,3904,4539,6267,5002,3742,3864,4114,3976,3505,-1.62452,-4.70139,8.71857,48.2173
1744,3438,3493,3268,3085,4189,4127,3573,3099,6943,6004,4045,3493,8024,6934,4330,3523,17.5078,-17.1259,8.73213,47.712
1745,3664,3568,3303,3033,4788,4117,3453,3349,9079,5531,3878,3414,8353,5465,3921,3324,13.7577,-24.6294,8.67096,48.16
1746,3972,3845,3461,3212,5838,4818,3714,3289,8838,6155,4050,3460,5831,4794,3898,3351,6.66381,-20.5468,8.75561,48.3507
1747,3417,4038,6390,11564,3308,3824,4859,6536,3309,3443,3854,4198,3166,3313,3425,3398,-23.5288,24.6178,8.61227,48.028
1748,6966,5382,3943,3417,8756,6081,3945,3417,5040,4345,3593,3432,3727,3674,3341,3111,-11.4319,-20.5356,8.99862,48.1133
1749,10539,7898,4356,3436,5781,5169,3880,3457,3938,3871,3481,3262,3336,3382,3187,3054,-26.9612,-18.7618,8.56586,48.018
1750,3347,3532,3333,3103,3930,4127,3673,3357,5279,6880,4674,3705,6043,8183,5102,3776,17.6875,-8.89422,8.88592,48.0293
1751,3161,3203,3396,3409,3244,3624,4041,4298,3598,4190,5970,6560,3475,4401,7451,8434,18.8015,16.6934,8.8636,48.3033
1752,3124,3274,3574,3587,3225,3600,4179,4886,3356,3881,5719,9011,3335,3865,5538,7925,13.1577,23.3702,8.86826,48.0527
1753,3147,3179,3303,3330,3360,3585,3834,3787,3776,4383,5366,4812,3876,5623,10048,6437,33.7144,8.47044,8.90389,47.8973
1754,3975,3797,3451,3169,5625,4753,3877,3295,8576,6587,4131,3420,5681,5001,3714,3370,7.36557,-19.0483,8.98128,48.2813
1755,3717,3868,3642,3401,4113,5197,4593,3701,4645,7709,5959,4039,4280,5138,4515,3903,7.0123,-3.51475,8.56471,48.28
1756,5004,8339,7208,4456,4281,5391,5025,4103,3581,3981,3718,3530,3253,3300,3370,3236,-23.2587,-2.20425,8.61674,47.8507
1757,3309,3377,3764,4028,3314,3679,4439,6079,3443,3817,5278,9861,3327,3671,4749,6185,7.20824,33.8496,8.90856,48.2133
1758,3098,3362,3685,3678,3224,3584,4174,4819,3450,3905,5973,8499,3403,3917,5657,7754,13.4619,21.1933,8.74945,48.1213
1759,5339,8807,7204,4418,4406,5354,4755,3913,3612,3668,3743,3500,3289,3385,3347,3253,-25.3481,-2.96748,8.54432,47.9953
1760,6582,9679,5635,3894,5010,5325,4373,3697,3775,3922,3565,3361,3268,3371,3347,3150,-33.6847,-9.01999,8.52838,47.9693
1761,3112,3445,3968,4257,3419,3782,4992,5930,3448,3978,6244,8507,3442,3724,4638,5353,5.00749,19.776,8.85561,48.1593
1762,3154,3448,3938,4207,3239,3653,4697,6850,3411,3722,5172,9504,3310,3758,4477,5444,4.04823,32.5011,8.59074,47.9893
1763,4329,4230,3739,3382,5752,6362,4108,3443,6281,7016,4259,3527,4570,4488,3772,3326,1.63801,-13.6346,8.99454,48.3893
1764,3299,3283,3361,3241,3497,3726,3733,3423,4401,5130,4699,4001,5314,9477,7266,4354,29.7882,-3.28884,8.91413,48.1367
1765,8765,5347,3863,3451,8799,5278,3878,3447,4614,4218,3654,3343,3557,3456,3392,3034,-14.5466,-33.6834,8.61203,48.064
1766,3435,3999,6359,11808,3437,3765,4828,6632,3239,3361,3837,4110,3031,3199,3391,3474,-24.0241,24.9869,8.63159,47.9367
1767,3508,3786,3862,3609,3827,4829,5259,4150,4153,5935,7427,4531,3751,4667,4878,4017,5.47172,2.77342,8.65105,48.126
1768,3402,3966,6192,10552,3429,4010,5117,7268,3223,3539,4043,4280,3006,3192,3467,3457,-20.0662,24.0397,8.80435,48.0953
1769,4520,4040,3490,3213,7445,4834,3726,3384,9023,5300,3737,3332,5224,4316,3580,3328,2.48204,-25.2063,8.98451,48.328
1770,3389,3323,3230,3048,4119,3937,3614,3449,6227,5902,4303,3455,8515,8097,4397,3506,20.4823,-15.8432,8.74053,48.3407
1771,3224,3232,3407,3250,3539,3675,3848,3439,4008,4897,4932,4235,4622,7952,8503,4896,31.3994,1.0822,8.56221,47.7727
1772,10273,7865,4218,3496,5530,5029,3912,3530,3927,3806,3462,3188,3371,3303,3239,3138,-30.6066,-18.7186,8.50867,47.5247
1773,10900,5794,3897,3331,7562,5002,3837,3412,4235,3842,3465,3285,3457,3310,3336,3046,-19.9074,-31.0922,8.77268,47.8073
1774,4426,5787,5335,4113,4669,7050,6488,4291,3924,4483,4320,3742,3385,3601,3517,3378,-11.0574,-1.33363,8.57788,48.3393
1775,5684,4627,3559,3315,9664,5067,3805,3343,6692,4544,3711,3284,4220,3830,3365,3162,-4.92659,-30.7929,8.97954,47.9147
1776,3497,3652,3424,3063,4301,4394,3790,3338,6025,7383,4562,3550,6128,6836,4490,3750,14.0466,-12.3675,8.61327,48.122
1777,3479,3383,3216,3165,3929,3847,3429,3087,5995,4934,3873,3287,12112,6488,3897,3348,33.8312,-24.1727,8.88299,47.646
1778,5545,4449,3699,3289,9365,5195,3792,3226,6697,4652,3683,3340,4297,4022,3509,3257,-4.21142,-28.7589,8.6011,48.0113
1779,3307,4047,5950,10928,3394,3767,4946,7542,3244,3595,3889,4042,3079,3133,3473,3360,-20.2587,27.9234,8.56374,47.7973
1780,3305,3862,5782,8364,3450,4001,5555,8643,3355,3665,4255,4669,3114,3193,3563,3593,-14.596,23.3172,8.72889,48.246
1781,3314,3504,3499,3421,3813,4279,4053,3691,4407,6404,6157,4280,4545,6401,6237,4312,14.895,-0.692368,8.72408,48.2113
1782,3190,3319,3352,3220,3646,3820,3684,3441,4551,5264,4596,3872,5600,9622,6862,4251,27.2368,-4.75999,8.76517,48.1933
1783,3554,4697,9018,9131,3507,3961,5205,5459,3134,3466,3783,4004,3028,3341,3352,3455,-30.0729,15.2727,8.75248,48.0633
1784,5277,6490,4853,3733,5582,7788,5122,3797,4110,4564,3940,3514,3445,3598,3430,3231,-12.2363,-7.84476,8.6284,48.316
1785,3478,4287,7279,11165,3346,3917,5164,5986,3202,3449,3718,3922,3183,3280,3340,3376,-25.3826,20.7532,8.99806,48.0613
1786,3466,3889,5120,6090,3369,4107,6646,8532,3335,3662,4696,5346,3129,3425,3778,3885,-8.26852,18.8004,8.98435,48.3167
1787,3492,4187,5346,4992,3690,4666,7987,6051,3429,4017,5226,4709,3330,3540,3807,3773,-7.30545,11.2004,8.51883,48.1613
1788,3021,3332,3535,3494,3268,3491,4068,4446,3349,3918,5208,8380,3332,3807,5650,9764,16.7399,26.4664,8.88933,48.042
1789,10884,5870,3872,3439,7333,4966,3777,3409,4248,3947,3482,3196,3380,3398,3269,3075,-20.3507,-32.8907,8.70924,47.6967
1790,9585,6314,3970,3349,7597,5516,3958,3374,4287,3928,3536,3279,3436,3442,3293,3119,-18.3768,-22.344,8.67913,47.9887
1791,3172,3364,3477,3301,3464,3733,3873,3725,3805,4443,5256,4638,4129,6379,9610,5773,26.2375,5.56186,8.70758,48.0947
1792,3419,4172,7536,11038,3467,3888,4892,5822,3226,3368,3831,3992,3090,3201,3383,3407,-33.1355,19.6999,8.88043,47.8213
1793,3457,3650,4566,4948,3501,4121,6207,7486,3253,3858,5522,6296,3251,3460,4081,4311,-3.05476,17.9132,8.58022,47.9787
1794,3171,3286,3752,3599,3406,3695,4303,4511,3515,4097,6806,7217,3486,4237,6225,6883,13.7892,16.4204,8.79599,48.126
1795,10613,7640,4222,3590,5769,5086,3867,3348,3963,3848,3438,3354,3316,3431,3326,3076,-31.8662,-19.2112,8.56313,47.9247
1796,3368,3738,4229,4091,3560,4254,6362,5388,3625,4418,7131,5800,3460,3874,4554,4372,1.85445,11.6012,8.53553,48.1493
1797,3351,3819,4862,5910,3348,3933,6056,8748,3361,3645,4686,5843,3243,3557,3763,3987,-6.95404,20.8024,8.50864,48.0747
1798,3219,3254,3798,3758,3218,3575,4323,5499,3395,3793,5210,9999,3282,3833,4897,6840,9.64942,31.4849,8.96548,47.9287
1799,7965,6716,4192,3477,7335,6157,4065,3530,4376,4261,3724,3149,3602,3497,3270,3116,-16.4055,-17.7481,8.52717,48.288
1800,4079,4652,4241,3627,4568,7335,5676,3924,4419,5806,4881,3826,3631,4019,3855,3589,-3.53416,-3.42672,8.73454,48.0853
1801,6832,8710,5143,3771,5426,6114,4459,3631,3975,4131,3629,3381,3407,3453,3232,3139,-20.2887,-10.7207,8.52854,48.2887
1802,7176,4913,3876,3256,9811,5161,3791,3401,5283,4407,3643,3274,3783,3566,3328,3168,-10.6257,-32.2832,8.62821,47.8913
1803,8688,9168,4746,3649,5464,5123,4024,3497,3853,3896,3630,3301,3355,3303,3334,3160,-31.8335,-14.3179,8.61254,48.1273
1804,11879,6494,3866,3411,6266,4832,3825,3445,4049,3732,3404,3294,3356,3394,3219,3047,-25.4911,-24.5979,8.56709,47.6753
1805,3579,4179,5979,5793,3515,4495,7792,6726,3421,3700,4730,4536,3230,3476,3630,3667,-10.825,13.2809,8.87198,48.2987
1806,3533,3570,3248,3179,4665,4014,3474,3305,9062,5115,3815,3442,8807,5407,3806,3498,14.4778,-31.5947,8.7606,47.96
1807,3431,3562,3363,3243,3994,4373,4022,3483,5128,7735,5085,3938,5286,6734,5046,3894,13.6241,-7.1239,8.87468,48.2113
1808,4090,6400,9559,5864,3831,4621,5161,4675,3392,3742,3862,3496,3168,3305,3415,3307,-29.4725,5.74287,8.56641,47.9253
1809,3158,3249,3468,3476,3227,3545,4028,4574,3353,3900,5086,8794,3349,3917,5307,9134,15.4477,33.1455,8.81042,47.71
1810,3783,4193,3968,3599,4481,6335,5120,3851,4546,6872,5545,3843,4054,4332,4143,3702,1.23749,-3.74507,8.93601,48.2447
1811,3580,3471,3231,3183,4592,3979,3479,3299,8689,5335,3807,3384,9111,5432,3924,3454,15.4368,-32.0482,8.85636,47.9667
1812,12673,5977,3956,3377,5879,4688,3785,3466,3814,3627,3422,3268,3350,3323,3250,3258,-30.5702,-33.2515,8.95006,47.4087
1813,3189,3452,4156,4615,3344,3743,4855,7667,3349,3818,5130,8964,3227,3592,4293,5022,1.82713,30.8385,8.86942,48.2773
1814,10541,7939,4363,3543,5847,5053,3887,3439,3974,3796,3479,3208,3286,3405,3209,3061,-28.5818,-18.5527,8.82846,48.02
1815,3430,3542,3538,3411,3594,4207,4378,3831,4228,6341,6988,4511,4239,5523,6059,4416,12.6049,1.62035,8.75037,48.1573
1816,4368,5126,4075,3582,5237,8070,5177,3840,4556,5473,4384,3574,3784,3802,3671,3357,-5.56737,-7.26521,8.75534,48.0507
1817,3318,3884,5170,7845,3332,3810,5412,9432,3294,3629,4216,5082,3162,3254,3697,3787,-12.4175,26.1704,8.62023,48.216
1818,10986,5754,3931,3323,7729,4969,3776,3206,4202,3838,3420,3267,3455,3534,3144,3162,-19.7806,-29.3502,8.93147,47.7973
1819,4873,7595,6448,4284,4485,6286,5619,3961,3712,4085,3967,3499,3366,3340,3230,3186,-18.0003,-2.48777,8.81608,47.9573
1820,3387,3395,3277,3028,4157,3868,3602,3310,6743,5419,3905,3345,9859,7209,4077,3558,21.0004,-19.572,8.93586,48.0927
1821,3629,3597,3494,3185,4383,4581,3767,3480,6175,7698,4673,3611,5766,6449,4376,3810,12.6163,-11.2968,8.63103,48.4493
1822,3395,3486,3374,3209,3899,4188,3815,3400,5201,6923,4756,3766,5984,7737,5188,3833,17.2075,-8.72829,8.59298,48.1027
1823,11872,5862,3967,3385,7009,5005,3702,3415,4015,3939,3451,3136,3431,3419,3254,3184,-22.3646,-31.25,8.91429,48.0307
1824,3396,3417,3111,3035,4153,3991,3450,3170,7190,5156,3902,3299,10566,6473,4107,3455,20.826,-22.4676,8.95053,47.914
1825,3424,3590,3606,3526,3653,4396,4420,3876,4303,6265,6897,4580,4200,5498,5918,4399,12.286,1.26348,8.57169,48.3673
1826,3142,3301,3390,3232,3531,3511,3722,3708,3768,4516,5220,4540,4204,6507,9960,5672,30.9896,5.58839,8.90447,47.9493
1827,5460,7263,5096,3755,5305,7261,4853,3941,3975,4304,3746,3400,3467,3537,3248,3238,-15.273,-7.89917,8.51117,47.8993
1828,3641,3684,3542,3331,4357,4816,4121,3572,5474,8168,4927,3774,5028,5700,4548,3694,9.44578,-8.92516,8.63039,48.2513
1829,3283,3338,3217,3161,3924,3672,3395,3259,6459,4738,3827,3318,12390,6082,3906,3446,26.7492,-30.7567,8.67341,47.61
1830,5041,8758,7649,4457,4335,5189,4966,4134,3578,3706,3709,3449,3206,3376,3358,3198,-25.0944,-2.08806,8.9055,48.0727
1831,5486,8588,6383,4088,4665,6067,4961,3929,3774,3892,3759,3499,3403,3488,3333,3223,-20.5831,-5.04013,8.69323,48.3587
1832,3895,5152,9301,7543,3642,4278,5529,5256,3290,3534,3829,3854,3075,3249,3334,3289,-24.1383,11.675,8.69066,48.0333
1833,3087,3144,3459,3403,3228,3460,3929,4136,3411,4013,5435,6422,3521,4226,7327,9951,21.6356,19.5689,8.60977,48.1013
1834,8545,5287,3774,3382,9189,5230,3849,3307,4829,4112,3564,3293,3608,3534,3335,3239,-13.8944,-30.3505,8.57388,48.0513
1835,3413,3516,3203,3114,4444,4011,3414,3444,8300,5227,3726,3302,9791,5603,3972,3319,17.1062,-25.9225,8.91443,47.866
1836,7571,5508,3893,3429,8851,5714,4030,3410,4958,4194,3604,3277,3768,3557,3326,3074,-12.4341,-22.5887,8.73029,48.1093
1837,3082,3136,3469,3354,3180,3512,3880,4103,3446,3787,5193,6327,3463,4133,7094,11214,24.4185,21.789,8.83987,48.2487
1838,3376,3369,3383,3268,3764,3839,3525,3495,4667,5188,4455,3842,5834,9665,6269,4183,31.8487,-6.29766,8.59579,48.0813
1839,7376,5192,3915,3232,9460,5594,3903,3386,5248,4259,3547,3325,3835,3640,3346,3064,-11.1788,-23.6841,8.86544,48.2147
1840,3425,3453,3130,3105,3988,3876,3333,3202,6423,4829,3838,3375,12093,6478,4109,3433,25.2405,-24.9608,8.79132,48.06
1841,3097,3214,3364,3342,3257,3380,3904,3944,3458,4003,5286,5650,3560,4460,8073,9848,25.654,17.7153,8.87547,47.8933
1842,5527,4590,3644,3208,9742,5118,3690,3329,6855,4611,3764,3326,4151,3881,3497,3227,-4.52374,-31.795,8.92722,48.1067
1843,5068,8763,7834,4630,4268,5098,4924,4020,3507,3786,3697,3531,3236,3322,3314,3196,-26.4354,-1.43556,8.85834,48.1293
1844,4126,4006,3381,3257,6778,4832,3735,3464,9589,5168,3737,3419,5504,4494,3705,3294,4.20735,-33.5418,8.97731,48.326
1845,3296,3451,3547,3413,3600,4095,4387,3902,3915,5409,7814,4998,3883,5150,6587,4814,12.9619,5.56229,8.93737,48.174
1846,4006,6190,9968,5884,3802,4522,5215,4576,3387,3675,3812,3700,3157,3363,3390,3321,-32.1827,6.31241,8.93566,47.9787
1847,3094,3254,3616,3559,3277,3621,4154,4720,3366,4041,5966,8781,3343,4006,5545,7895,13.2536,21.9919,8.79538,48.1587
1848,3433,3379,3297,3121,3906,3733,3520,3113,5914,4724,3754,3311,12824,6015,3892,3358,30.5195,-30.0724,8.63976,47.5293
1849,6349,4645,3795,3401,9873,5444,3850,3256,5925,4558,3625,3308,3966,3684,3325,3178,-7.68995,-27.0663,8.8255,48.1213
1850,4775,7896,8565,5010,4048,4933,5107,4117,3624,3764,3753,3569,3243,3352,3270,3220,-27.257,1.25004,8.91478,48.164
1851,3185,3321,3258,3312,3617,3762,3717,3617,4152,4795,4823,4195,4760,8396,8089,4677,32.3533,-0.269658,8.74069,47.784
1852,4067,6738,9444,5546,3918,4626,5206,4505,3480,3658,3878,3589,3221,3303,3385,3311,-33.4706,4.65903,8.83683,47.9167
1853,3653,4186,4668,4085,3927,5780,7150,4692,3927,4912,5813,4216,3475,3899,4170,3780,-3.02341,3.25914,8.75848,48.222
1854,3378,3425,3417,3167,3935,3954,3879,3466,4744,6561,5150,3929,5176,7892,5907,4159,17.6262,-4.74967,8.60606,48.0927
1855,5054,5749,4246,3673,5780,8018,4963,3695,4336,4992,3911,3518,3607,3747,3562,3286,-9.10137,-9.52746,8.52894,48.0913
1856,3248,3648,4357,4771,3309,3994,5615,7776,3325,3783,5515,7325,3321,3646,4194,4584,-0.729694,20.8437,8.53649,48.274
1857,5846,4477,3651,3194,9725,5282,3804,3455,6458,4528,3716,3357,4106,3814,3433,3188,-5.69308,-27.7695,8.69198,48.0227
1858,3462,4118,6385,7417,3489,4099,6552,7504,3257,3545,4185,4629,3083,3314,3455,3634,-14.318,17.7703,8.85152,48.0853
1859,3385,3526,3411,3308,3715,4240,4030,3656,4526,6661,5995,4168,4620,6687,6032,4221,15.2851,-1.80079,8.87128,48.1207
1860,3346,3777,4833,6713,3275,3800,5228,10146,3263,3516,4475,5705,3229,3373,3604,3783,-8.6369,29.6035,8.98984,48.044
1861,5660,5930,4137,3418,6965,7587,4303,3636,4787,4629,3810,3473,3674,3759,3377,3187,-10.6278,-14.1641,8.93091,48.2213
1862,5634,5041,3843,3357,7859,6920,4173,3482,5371,4839,3790,3390,4025,3818,3412,3193,-7.41372,-17.3878,8.61501,48.098
1863,3430,3900,5747,10159,3389,3897,5021,8082,3229,3551,4033,4415,3102,3250,3472,3449,-17.9386,30.7791,8.59704,48.084
1864,3394,3458,3186,3110,4264,4037,3461,3129,7243,4887,3830,3444,11303,6020,3938,3403,21.1994,-25.6972,8.91098,48.0713
1865,3339,3349,3170,3172,3739,3791,3552,3333,4903,5190,4400,3647,6873,10042,5666,3844,29.5358,-9.06749,8.80176,48.0067
1866,3379,3316,3206,3118,3998,3847,3447,3248,6559,4888,3838,3364,12194,6124,3956,3393,25.1787,-29.498,8.53452,47.9167
1867,3325,3613,4591,5820,3406,3891,5571,9542,3367,3630,4706,6433,3193,3487,3827,4116,-5.55323,24.9324,8.8568,48.3453
1868,3368,3749,4284,4334,3448,4171,6209,5597,3538,4319,6879,6143,3547,3828,4614,4414,1.43119,13.1892,8.52064,48.2947
1869,3825,3904,3736,3307,4581,5947,4441,3585,5063,7998,5278,3780,4197,4952,4247,3708,4.5138,-6.98752,8.99556,48.366
1870,3374,3477,3331,3161,3766,3775,3667,3359,5117,5152,4262,3670,7644,9472,5016,3688,32.7768,-11.9573,8.60092,47.954
1871,3482,4138,7635,10705,3348,3935,4940,5732,3268,3392,3881,3882,3154,3248,3447,3380,-32.6879,19.0485,8.80347,47.7113
1872,3325,3979,6564,11978,3301,3684,4861,5992,3254,3490,3791,3978,3148,3269,3392,3331,-33.6175,23.5077,8.84383,47.558
1873,5143,7720,5791,4220,4853,6789,5360,3908,3802,4180,3867,3521,3260,3522,3356,3283,-16.6741,-4.64401,8.98413,48.3833
1874,3265,3557,3734,3612,3446,3969,4905,4421,3693,4790,8141,6089,3577,4303,5738,5068,9.54751,10.6363,8.60941,48.2053
1875,12258,5963,3900,3464,6175,4767,3688,3311,4105,3811,3538,3277,3515,3418,3205,3143,-32.763,-28.8324,8.53187,47.692
1876,3620,4351,5005,4454,3861,5412,7843,5103,3665,4331,5411,4314,3374,3638,3889,3738,-6.03869,6.55724,8.60543,48.006
1877,3155,3253,3313,3540,3159,3499,3920,4174,3378,3813,4949,7018,3327,3914,6028,10964,21.176,25.3314,8.54178,47.6027
1878,3260,3185,3391,3285,3276,3454,3784,3889,3481,4056,5183,5251,3646,4648,9044,9013,31.3962,14.744,8.97504,47.8973
1879,3418,3426,3266,3151,4015,3869,3556,3288,5894,5424,4098,3460,9309,8382,4530,3515,23.8791,-16.4878,8.92265,48.4007
1880,5125,4169,3551,3306,8268,5119,3889,3305,7603,4980,3845,3323,4600,4106,3579,3201,-0.97535,-24.2707,8.64627,47.9793
1881,4571,5095,4449,3721,5000,7919,5682,3886,4324,5318,4361,3703,3715,3916,3656,3390,-7.18628,-5.38747,8.58863,48.4707
1882,8496,5202,3779,3322,9621,5145,3717,3359,4867,4086,3505,3256,3706,3662,3305,3247,-13.4238,-30.9139,8.96012,48.1833
1883,3244,3715,3999,3876,3512,4110,5655,4925,3653,4656,8216,5833,3416,4005,5081,4592,5.26238,10.5832,8.94039,48.3253
1884,3664,4445,7826,8709,3495,4009,5722,6147,3172,3624,3923,4032,3141,3350,3387,3428,-21.5968,16.4339,8.61427,48.0493
1885,12367,6204,3946,3348,6062,4834,3709,3344,3952,3850,3582,3205,3380,3337,3258,3210,-32.7257,-26.3327,8.62528,47.7253
1886,3468,3676,3574,3323,4042,4624,4186,3728,4692,7550,6191,4105,4515,5595,4880,4061,10.1697,-3.54218,8.5917,48.14
1887,3858,4517,4370,3751,4284,6792,6388,4207,4127,5698,5303,4023,3728,3988,3897,3583,-2.83167,-1.26722,8.6955,48.3427
1888,3674,4004,4061,3717,4222,5652,5476,4048,4243,6727,6282,4276,3722,4330,4387,3787,2.39258,-0.649023,8.98627,48.4053
1889,6775,9189,5319,3842,5016,5942,4528,3629,3909,3977,3607,3337,3266,3241,3339,3067,-22.2803,-10.1334,8.83078,47.9887
1890,3148,3352,3570,3725,3292,3671,4192,4606,3386,3880,5825,8231,3465,3914,5675,7980,14.2789,21.6629,8.63188,47.9413
1891,4265,6628,9738,5716,3861,4620,5276,4518,3331,3685,3828,3573,3129,3324,3392,3265,-27.8908,4.5076,8.90482,48.0993
1892,4172,3855,3509,3123,6495,4684,3616,3299,9810,5389,3821,3253,5858,4605,3637,3287,5.59338,-25.7716,8.95681,48.2753
1893,3221,3638,4702,6340,3427,3835,5626,9598,3292,3718,4643,6107,3183,3432,3740,3884,-7.2258,24.5766,8.77309,48.2573
1894,3682,4575,6675,5709,3605,4638,7576,6045,3393,3891,4448,4088,3229,3378,3566,3519,-13.3877,11.11,8.61862,48.0113
1895,11995,5964,3907,3331,6932,4884,3894,3309,4132,3833,3378,3230,3287,3403,3218,3049,-22.826,-27.8376,8.86203,47.8307
1896,3875,5587,9878,7134,3650,4280,5383,4975,3390,3505,3841,3746,3092,3292,3359,3285,-27.497,10.0887,8.63232,48.1813
1897,3428,3965,7228,11953,3436,3886,4807,5903,3216,3466,3883,3904,3043,3134,3328,3379,-27.7786,21.9681,8.92708,47.9727
1898,3538,4103,4717,4083,3919,5672,7202,4692,3890,5049,6020,4409,3573,3780,4088,3890,-2.61571,3.85577,8.52229,48.4167
1899,11270,7283,4262,3446,5811,4990,3829,3349,3935,3909,3492,3193,3374,3485,3338,3044,-29.7288,-21.152,8.73528,48.0067
1900,3365,3264,3259,3141,3749,3794,3650,3345,4878,5764,4325,3743,6654,9690,5433,3970,23.7009,-9.14208,8.92797,48.016
1901,5420,9212,6659,4129,4381,5511,4894,3980,3780,3880,3643,3503,3264,3385,3326,3174,-23.9744,-4.58474,8.77587,48.094
1902,3823,4904,5366,4398,3935,5850,7844,4866,3667,4258,4977,4158,3349,3640,3612,3590,-8.48964,4.75809,8.56567,48.158
1903,3647,3543,3294,3222,4848,4230,3588,3334,9368,5187,3820,3413,8254,5274,3865,3289,13.3692,-33.3101,8.84306,48.1173
1904,7381,6597,4151,3470,7108,6477,4145,3412,4440,4180,3656,3345,3528,3652,3344,3162,-15.3403,-16.5123,8.86444,48.032
1905,3256,3302,3531,3624,3359,3685,4422,4464,3506,4365,7177,6413,3587,4480,6824,6455,14.3832,13.1786,8.50877,48.3
1906,10485,5721,4065,3395,7687,5080,3722,3413,4330,3964,3478,3132,3556,3434,3201,3108,-18.9019,-27.0626,8.6842,47.8473
1907,3546,4505,8528,9124,3487,4011,5498,5656,3323,3518,3924,3876,3042,3226,3417,3405,-24.7998,15.9143,8.68997,48.0573
1908,3270,3254,3383,3317,3477,3753,3837,3607,3961,4839,5464,4395,4331,6881,9214,5423,24.4016,3.85524,8.81598,48.2707
1909,4119,6337,9570,5956,3802,4517,5231,4548,3400,3744,3852,3690,3144,3405,3389,3223,-31.8308,5.93749,8.55575,47.9513
1910,12057,6175,3923,3313,6130,4929,3811,3506,4007,3774,3458,3187,3405,3320,3280,3160,-32.5124,-26.0755,8.51968,47.6233
1911,3603,4779,8106,7179,3480,4392,6307,5881,3366,3645,4006,4040,3153,3372,3472,3424,-18.9513,12.7682,8.63028,48.1367
1912,4208,4315,3750,3350,5756,6342,4204,3570,6128,6760,4240,3708,4453,4473,3790,3450,0.890191,-13.2703,8.67109,48.3313
1913,3140,3333,3659,3708,3226,3516,4289,5176,3418,3805,5376,9775,3330,3883,5012,7368,11.2707,26.8076,8.96763,48.0093
1914,3242,3279,3300,3271,3460,3789,3771,3616,4143,4903,5078,4296,4497,7586,8946,4954,33.4097,1.74559,8.9325,48.0873
1915,3104,3261,3437,3331,3301,3560,3802,3792,3512,4103,5189,5354,3457,4639,8914,9221,31.6458,15.5008,8.88365,47.9847
1916,3132,3284,3382,3409,3289,3522,3868,3883,3450,4190,5246,5254,3656,4687,8927,8747,29.9867,14.643,8.55163,47.9507
1917,3527,3487,3181,3006,4455,3899,3511,3174,7965,5127,3834,3418,10000,5623,4031,3390,17.9028,-25.7099,8.54066,47.752
1918,3843,5357,9908,7083,3669,4287,5252,4998,3369,3567,3737,3599,3158,3344,3309,3349,-32.3148,10.0032,8.64064,47.886
1919,3723,4324,4420,3931,4217,6139,6311,4293,4120,5466,5795,4131,3733,4047,3971,3663,-1.77105,0.676504,8.50703,48.1893
1920,3489,3880,4074,3789,3863,4883,5963,4485,3844,5516,7189,4599,3685,4114,4487,4062,2.7578,4.07091,8.76963,47.948
1921,5856,4593,3699,3292,9517,5286,3784,3333,6612,4689,3641,3264,4212,3847,3496,3087,-4.97791,-25.2506,8.97443,48.1387
1922,4162,3966,3422,3171,6023,5207,3738,3416,8311,6345,3984,3530,5347,4814,3824,3423,4.80859,-18.7123,8.96835,48.4553
1923,8804,9016,4834,3581,5341,5258,4154,3606,3851,3788,3581,3321,3395,3376,3251,3083,-31.073,-14.6597,8.87443,48.16
1924,3533,3882,4290,4075,3705,4943,6821,4790,3677,4927,6796,4715,3471,4033,4258,4028,-0.0616528,6.02179,8.72897,47.9627
1925,3790,3673,3365,3297,4986,4801,3710,3388,7468,7249,4273,3523,5796,5456,4087,3399,9.16647,-15.2925,8.79208,48.174
1926,3173,3237,3528,3501,3262,3481,4122,4753,3411,3843,5290,9224,3459,3817,5222,8281,13.5014,32.664,8.7554,47.736
1927,4984,4362,3620,3290,8360,5026,3788,3341,7994,4953,3807,3439,4746,4046,3556,3271,-0.693632,-26.6595,8.5878,48.3887
1928,3045,3142,3379,3341,3310,3472,3777,3858,3695,4192,5480,5083,3724,5299,9639,7361,25.5936,11.0321,8.97187,47.8647
1929,5455,4887,3881,3317,7899,6778,4165,3471,5646,5090,3860,3335,3896,3931,3525,3153,-5.9136,-17.0537,8.6137,48.1927
1930,3756,3932,3630,3434,4698,5872,4359,3661,5310,7701,5050,3725,4370,4860,4292,3611,4.73182,-7.71946,8.55789,48.174
1931,3869,6134,10098,6205,3810,4498,5125,4632,3475,3619,3868,3669,3202,3201,3408,3306,-32.1396,7.42789,8.9451,48.0793
1932,3975,3866,3456,3220,6214,4578,3690,3347,9619,5329,3829,3294,6021,4652,3732,3280,6.90304,-25.8994,8.60046,48.068
1933,3291,3353,3363,3000,3991,3760,3459,3287,6700,5041,3922,3496,11638,6553,4013,3348,23.1591,-23.6491,8.98624,48.1433
1934,3330,3687,4319,5389,3409,3884,5004,9079,3293,3702,4669,7058,3296,3473,3929,4294,-3.57773,33.092,8.64216,47.8767
1935,8502,9007,4878,3547,5491,5420,4025,3597,3818,3839,3538,3221,3407,3469,3217,3160,-25.0931,-14.4251,8.79462,48.0907
1936,3858,3795,3475,3256,5064,5381,3867,3445,6350,7737,4488,3638,4998,5113,4096,3494,6.37118,-12.7163,8.69073,48.0367
1937,3345,3804,4455,4945,3492,4049,6398,7272,3417,3923,5453,6250,3263,3594,4112,4344,-3.11536,17.4466,8.52244,48.0773
1938,11464,7042,4069,3460,5853,4992,3880,3359,3957,3869,3336,3135,3460,3334,3323,3102,-33.0011,-21.9097,8.90269,47.7567
1939,3044,3400,3555,3435,3314,3669,4222,3948,3695,4483,6672,5555,3679,4817,7905,6840,18.2054,11.652,8.53659,48.1553
1940,6504,9277,5332,3781,5075,5899,4468,3831,3875,3875,3587,3342,3258,3368,3345,3113,-22.5928,-9.43539,8.54504,47.9533
1941,12129,6572,3937,3362,5954,4829,3872,3426,3891,3822,3381,3174,3403,3362,3204,3171,-29.5503,-24.5182,8.92503,47.6593
1942,5029,4368,3718,3306,8411,5491,3851,3226,7364,5176,3744,3325,4494,4039,3533,3206,-1.95552,-23.0539,8.83191,48.1873
1943,3157,3251,3393,3393,3295,3543,3859,3813,3593,4122,5250,5238,3610,4913,9470,7872,33.5778,12.827,8.72417,47.848
1944,3359,3917,6196,12914,3334,3823,4666,6027,3254,3374,3772,4064,3176,3143,3436,3387,-31.7823,28.2044,8.84785,47.8947
1945,3336,3457,3179,3136,4094,3740,3417,3159,6894,4829,3893,3343,11996,6205,3823,3388,23.2415,-27.3787,8.89094,47.926
1946,6380,5211,3923,3406,8555,6318,3891,3392,5218,4612,3743,3310,3846,3730,3275,3272,-9.19251,-19.4085,8.79761,48.0547
1947,3531,4647,8920,9007,3432,4053,5172,5516,3362,3483,3841,3747,3105,3248,3403,3415,-30.8548,15.1483,8.59727,47.9213
1948,3331,3356,3089,3188,4133,3822,3566,3156,6909,4880,3855,3397,11783,6095,3927,3406,22.6714,-27.7634,8.7434,47.9287
1949,3627,4278,6021,5343,3733,4697,8026,6018,3497,3871,4834,4484,3263,3529,3673,3640,-9.88276,10.8246,8.7418,48.356
1950,3245,3435,3772,3916,3422,3848,4762,4820,3451,4305,7431,7156,3670,3983,5525,5576,9.14307,14.6601,8.51253,48.2113
1951,3947,5901,9534,6257,3720,4554,5728,4775,3410,3592,3852,3773,3096,3282,3415,3320,-23.9989,7.93452,8.70787,48.104
1952,3413,3404,3154,3088,3818,3888,3442,3203,6069,4987,3904,3438,11224,7105,4206,3410,27.6655,-21.36,8.54402,47.8353
1953,12053,6435,3985,3314,6420,4876,3879,3321,3904,3903,3460,3125,3446,3348,3202,3118,-24.9961,-25.2277,8.66987,47.8593
1954,4056,4532,4024,3583,4703,7083,5085,3785,4749,6641,4855,3726,3955,4172,3855,3603,-1.09181,-5.94263,8.74246,48.2713
1955,3715,5236,9786,7720,3628,4150,5171,5130,3246,3565,3729,3799,3130,3306,3359,3294,-28.5442,11.7405,8.88479,47.976
1956,3286,3396,3214,3138,3795,3850,3635,3362,4754,5299,4405,3874,6273,9862,5856,3957,31.8523,-7.55049,8.70945,47.9707
1957,3442,3842,3800,3758,3694,4548,5576,4458,3831,5507,7964,4949,3695,4256,5148,4395,5.30638,5.78384,8.76599,48.5753
1958,3258,3534,3760,3740,3453,3887,4970,4796,3625,4661,7751,6412,3506,4142,5663,5305,8.73144,12.3959,8.5061,48.3087
1959,3369,3399,3368,3248,3950,4084,3651,3278,5784,6134,4328,3666,7526,8288,4671,3559,19.93,-13.335,8.78679,48.202
1960,3433,3320,3194,3132,3946,3788,3485,3267,6337,4835,3675,3438,12508,6283,3812,3381,26.6369,-26.7659,8.89067,47.8893
1961,3076,3190,3335,3435,3362,3644,4054,4059,3583,4460,6615,5471,3790,4908,8309,6815,18.8051,11.1701,8.94217,48.0707
1962,5661,4646,3605,3244,9715,5303,3725,3333,6403,4589,3719,3291,4263,3964,3455,3174,-5.54855,-27.0104,8.97998,48.06
1963,3980,3687,3397,3248,6066,4549,3680,3240,9491,5530,3872,3369,6095,4723,3667,3307,6.82042,-25.2998,8.6179,47.934
1964,3331,3810,5078,6481,3375,3829,5693,9582,3292,3696,4438,5644,3189,3222,3718,3970,-8.52263,24.3206,8.67454,48.232
1965,9435,6092,4034,3353,7832,5508,3936,3357,4367,4114,3552,3226,3508,3316,3254,3124,-17.5772,-22.3235,8.76382,48.0053
1966,3308,3604,4275,4573,3384,4108,6522,6629,3460,3949,6330,6375,3309,3717,4274,4556,-0.311157,15.7355,8.87277,48.2487
1967,7967,7024,4316,3533,6690,6119,4098,3462,4272,4190,3528,3235,3502,3575,3330,3143,-17.8426,-16.5379,8.52487,47.9893
1968,4946,4242,3582,3213,8377,5467,3734,3379,7607,5159,3691,3349,4580,4126,3568,3168,-1.26515,-22.966,8.98711,48.1253
1969,10714,5940,4036,3524,7551,5071,3809,3451,4151,3864,3410,3230,3498,3363,3107,3140,-19.5663,-33.6601,8.589,47.906
1970,9319,6398,4095,3402,7556,5557,3983,3534,4371,3917,3640,3227,3447,3392,3192,3171,-17.9448,-20.9016,8.89079,48.134
1971,5249,6223,4346,3677,5955,7838,4730,3693,4319,4654,3991,3373,3583,3672,3377,3115,-11.1927,-10.3969,8.72256,47.8633
1972,3163,3329,3445,3425,3420,3724,4016,3826,3585,4526,6466,5354,3698,5120,8461,6622,19.237,10.2373,8.85857,48.12
1973,5607,8816,5789,4069,4752,6289,4844,3858,3730,4045,3823,3468,3354,3417,3334,3120,-19.8022,-6.21181,8.86469,48.21
1974,3443,3964,5648,7465,3524,3950,5957,8365,3299,3673,4249,4833,3147,3261,3647,3603,-13.1315,20.5123,8.54874,48.0187
1975,3547,3382,3312,3100,4201,3799,3525,3286,7705,5000,3871,3360,10593,5642,3976,3426,19.5079,-30.612,8.51445,47.8167
1976,3249,3419,3303,3131,3853,3968,3521,3338,5208,5697,4227,3699,7164,9387,5297,3848,23.3517,-10.5552,8.72856,48.206
1977,3420,3994,6309,12118,3355,3701,4752,5961,3185,3456,3776,3851,3131,3247,3325,3447,-32.2593,25.2429,8.67242,47.352
1978,3379,3380,3203,3058,4005,3832,3319,3158,6223,4803,3760,3529,12246,6386,4013,3456,27.4387,-25.4501,8.65921,47.8333
1979,11423,7268,4160,3437,6215,4796,3943,3386,3968,3922,3422,3210,3324,3422,3198,3122,-25.8101,-21.4273,8.9569,48.144
1980,3318,3451,3320,3125,3904,4143,3758,3417,5292,6957,4700,3590,6117,8089,5120,3939,17.9995,-9.22828,8.74662,48.16
1981,3023,3231,3562,3334,3220,3676,3962,3975,3635,4281,5978,5436,3644,5125,8810,7222,20.9187,11.9888,8.9542,48.076
1982,3145,3263,3488,3514,3168,3425,3807,3986,3263,3773,4835,5988,3399,3876,6147,12759,32.6521,27.11,8.9133,47.8907
1983,4969,5852,4481,3665,5715,8022,4906,3778,4154,4830,4026,3365,3680,3801,3420,3234,-9.92972,-9.23594,8.63531,47.932
1984,3033,3290,3326,3373,3343,3583,3759,3926,3498,3938,5231,5941,3630,4433,8259,9551,24.9146,17.1297,8.79734,48.076
1985,3374,3417,3289,3248,3746,3877,3538,3249,5282,5170,4251,3637,8202,9195,4799,3578,32.3598,-13.34,8.5827,47.9013
1986,3457,3847,6440,12379,3291,3780,4832,6034,3244,3391,3897,4033,3128,3157,3352,3341,-30.9717,24.9413,8.66232,47.7353
1987,3101,3276,3488,3622,3338,3406,4199,4839,3466,3873,5226,9081,3400,3939,5289,8786,14.5477,27.4673,8.96319,48.2193
1988,6496,5071,3849,3384,8666,6189,3921,3572,5386,4652,3667,3239,3798,3637,3431,3125,-9.45586,-20.7206,8.70255,48.0553
1989,3579,3845,3807,3578,3935,5042,5199,3990,4119,6562,6917,4399,3903,4645,4612,3909,5.23197,0.559612,8.77743,48.0273
1990,8740,6212,4203,3302,7698,5792,3852,3412,4474,4093,3639,3221,3611,3494,3254,3114,-16.7094,-20.3909,8.89877,48.074
1991,7665,6263,4171,3402,7628,6318,3998,3369,4443,4263,3611,3272,3549,3553,3304,3088,-14.9009,-18.2824,8.98905,47.9313
1992,3382,3515,3377,3067,4473,3983,3489,3265,8593,4997,3781,3319,9616,5572,3787,3482,16.5272,-32.0418,8.95879,47.7987
1993,3230,3406,3801,3953,3331,3654,4347,5827,3296,3759,5224,9907,3276,3820,4754,6540,8.28151,32.1128,8.60523,48.0833
1994,3228,3622,4248,4738,3284,3742,4946,8594,3317,3818,4957,8000,3273,3570,4072,4722,-0.468522,32.925,8.88715,48.0873
1995,4643,6278,5429,4170,4605,7314,6172,4087,3718,4461,4017,3685,3302,3487,3408,3389,-12.988,-2.63089,8.71406,48.11
1996,3621,3568,3294,3208,4401,4461,3723,3442,7160,7035,4310,3599,6498,6259,4194,3492,13.1034,-15.2872,8.87819,48.1767
1997,3364,3386,3497,3412,3556,3874,4156,3948,3962,5310,7070,4901,4132,5352,7317,5010,15.7595,5.42868,8.90449,48.1647
1998,5983,9318,6152,4017,4570,5664,4756,3825,3725,3772,3697,3537,3285,3466,3331,3119,-23.3338,-6.11907,8.57937,48.1447
1999,6177,9977,6084,4052,4580,5372,4481,3846,3732,3849,3638,3366,3284,3331,3314,3069,-27.3156,-7.26466,8.7588,48.1013
2000,3134,3511,3657,3827,3379,3811,4673,4871,3504,4271,7400,7412,3424,4147,5549,5790,9.73819,15.421,8.9201,48.24
2001,3794,3909,3510,3246,4986,5292,4006,3498,6384,7806,4494,3630,4974,5347,4086,3434,6.55742,-12.2342,8.60683,48.264
2002,6714,9917,5613,3887,4812,5342,4312,3675,3806,3880,3519,3346,3302,3361,3349,3185,-27.4496,-9.10824,8.87704,48.0133
2003,3224,3696,4494,5290,3375,3941,5555,8626,3496,3838,4919,6774,3266,3572,4033,4403,-3.3849,22.0618,8.6905,48.3347
2004,3291,3693,4339,4821,3377,3960,5692,7972,3420,3795,5312,7255,3283,3497,4232,4566,-1.115,20.786,8.96693,48.3367
2005,9514,8506,4583,3538,5497,5087,4078,3506,3885,3682,3476,3239,3377,3344,3261,3160,-30.6865,-16.1967,8.71374,47.822
2006,7123,5109,3905,3308,8997,5925,3813,3430,5158,4342,3693,3310,3827,3803,3429,3226,-11.1678,-22.3811,8.52094,48.2653
2007,3253,3310,3490,3484,3484,3730,4296,4219,3647,4442,7313,6162,3600,4562,7150,6109,14.8692,12.0243,8.65103,48.1673
2008,3302,3639,3910,4035,3478,3920,5664,5295,3501,4431,7391,6788,3430,3884,4884,4894,4.72937,13.7947,8.78334,48.2973
2009,3183,3279,3357,3297,3476,3670,3834,3765,3931,4676,5497,4676,4137,6447,9534,5828,25.6187,5.61325,8.67291,48.3913
2010,6308,5264,3836,3306,8610,6398,4108,3423,5185,4605,3701,3368,3893,3775,3442,3189,-9.38931,-19.6538,8.52643,48.274
2011,3311,3577,4290,5058,3428,3713,5625,8491,3266,3712,5175,7443,3213,3524,4050,4502,-1.90937,22.3163,8.94564,48.252
2012,3464,3492,3333,3078,4173,4330,3775,3372,5887,7033,4501,3592,6245,7490,4821,3695,16.0044,-11.1951,8.55369,48.1873
2013,3237,3308,3481,3382,3395,3622,3957,3682,3795,4418,5312,4795,3960,5849,9608,6472,28.4762,8.19299,8.58686,48.182
2014,3710,4929,9266,7889,3536,4166,5309,5264,3384,3501,3892,3785,3042,3286,3495,3303,-28.3235,12.9278,8.57769,47.838
2015,3533,3568,3373,3260,4346,4362,3781,3350,6179,7168,4521,3684,6309,7124,4495,3625,14.9154,-12.7585,8.81626,48.452
2016,3620,4248,4339,3998,3949,5619,6963,4647,3754,5089,6128,4492,3605,4044,4123,3890,-1.41279,3.81586,8.61656,48.3387
2017,3333,3502,3262,3179,3755,3785,3667,3348,4702,5287,4552,3729,6070,9578,6216,4111,27.8682,-6.35779,8.52734,48.0507
2018,6883,8787,5112,3660,5377,6019,4414,3644,3872,4020,3639,3433,3375,3425,3294,3134,-20.8825,-11.0739,8.86789,48.0587
2019,3092,3401,3836,4172,3326,3690,4519,6445,3314,3756,5176,9645,3344,3669,4608,6004,6.08867,31.3631,8.70309,47.998
2020,3839,3992,3710,3338,4884,5829,4265,3534,5735,7839,4751,3646,4479,4948,3940,3476,4.29795,-10.343,8.9293,48.1367
2021,4689,4166,3596,3226,8152,4906,3708,3332,8531,4909,3644,3304,4843,4171,3617,3215,0.670223,-31.7117,8.90505,48.006
2022,3398,4107,5516,7737,3408,3991,5909,8748,3284,3636,4176,4769,3084,3278,3461,3745,-13.0523,21.8849,8.65677,48.1647
2023,5175,4846,3774,3431,7369,7045,4128,3598,5527,5366,3854,3398,4078,3956,3528,3273,-5.0015,-16.0768,8.57516,48.2307
2024,4736,4067,3503,3241,7926,5093,3750,3376,8142,5221,3688,3308,4823,4161,3570,3259,0.636081,-24.8332,8.78826,47.9093
2025,3705,5045,9006,7505,3469,4327,5847,5405,3319,3651,3947,3821,3134,3291,3351,3335,-23.6165,12.1136,8.72742,48.1053
2026,4040,5590,8191,5716,3716,4872,6754,5023,3249,3819,4077,3750,3177,3341,3393,3450,-18.4475,6.79363,8.55673,48.1053
2027,3410,3358,3276,2999,4014,3772,3498,3350,5976,4813,3839,3320,12069,6732,4089,3400,29.8981,-23.6427,8.64955,47.9433
2028,4022,3788,3365,3106,6180,4382,3772,3243,9961,5254,3856,3401,6243,4713,3522,3379,6.95296,-29.5467,8.7669,48.1247
2029,7017,5537,3946,3464,8779,6235,4019,3383,4955,4430,3571,3254,3703,3602,3289,3057,-11.42,-20.1068,8.97327,48.1607
2030,4002,3755,3420,3236,6075,4622,3611,3356,10082,5186,3733,3298,6218,4674,3616,3332,6.99494,-31.7808,8.76815,48.144
2031,12377,6356,3960,3439,6044,4668,3862,3318,3876,3726,3451,3243,3473,3342,3258,3112,-29.1889,-26.8387,8.53184,47.67
2032,6264,9394,5919,3992,4749,5701,4636,3772,3692,3869,3719,3432,3367,3394,3261,3064,-23.5899,-7.40481,8.81995,48.15
2033,3099,3422,3570,3506,3348,3697,4145,4322,3566,4074,6227,7244,3560,4132,6548,7703,15.6772,17.3896,8.71709,48.1087
2034,3394,3332,3306,3252,3823,3974,3668,3235,4876,5591,4312,3786,6795,9336,5557,3970,24.8395,-9.64549,8.53557,48.138
2035,3110,3332,3655,3647,3326,3579,4195,5010,3424,3858,5283,9405,3344,3732,5135,8047,12.6812,28.7868,8.61697,48.0547
2036,3231,3413,3904,4314,3324,3593,4623,7046,3427,3761,5038,9422,3357,3609,4494,5473,4.11157,28.2487,8.56823,48.0193
2037,3092,3297,3493,3446,3202,3558,3997,4408,3430,3876,5194,7484,3416,3999,6192,10090,19.0772,23.9365,8.50555,48.116
2038,3167,3237,3438,3541,3238,3390,3755,4025,3337,3884,4934,7319,3468,3754,5789,11322,21.0097,28.8059,8.76437,47.732
2039,3778,3937,3642,3411,4403,5468,4387,3609,5212,8097,5082,3852,4441,4965,4342,3586,5.67052,-6.56666,8.93301,48.1413
2040,3497,3472,3653,3452,3700,4386,4721,4002,3969,6057,7628,4847,3875,4955,5558,4453,9.6346,3.98221,8.67273,48.15
2041,3980,4814,4847,4059,4237,6814,6891,4360,3973,5053,4956,3825,3504,3909,3744,3586,-5.96061,0.216612,8.98154,48.368
2042,3203,3294,3355,3290,3411,3728,3749,3570,3862,4731,5353,4459,4287,6919,9529,5521,26.1375,3.92973,8.99239,48.174
2043,3268,3246,3408,3263,3267,3467,3722,3828,3331,3784,4755,5893,3454,4006,6024,12469,29.5935,33.2488,8.7853,47.4567
2044,4901,4185,3629,3196,8256,5208,3796,3328,7970,4981,3733,3267,4651,4180,3552,3207,-0.706174,-24.7266,8.56529,48.0267
2045,3397,3882,5586,9345,3348,3919,5278,8605,3217,3509,3926,4527,3112,3285,3561,3646,-15.9257,27.033,8.76059,48.0953
2046,3132,3146,3445,3392,3379,3428,3968,4015,3478,4161,5769,5582,3692,4643,9006,8203,23.0772,14.2023,8.8339,48.2927
2047,3122,3131,3356,3345,3199,3487,3648,3949,3432,3929,5134,6171,3463,4153,7278,10992,25.2962,20.7689,8.79599,47.8593
2048,3365,3705,3994,4004,3536,4239,5832,4954,3740,4646,7658,5912,3545,3977,4913,4477,3.79133,10.7743,8.50869,48.3313
2049,3296,3400,3251,3207,3809,3957,3630,3421,4879,5662,4513,3741,6410,9462,5718,3928,23.1602,-8.16857,8.63248,48.1893
2050,3419,4400,8044,10394,3437,3924,5092,5637,3277,3458,3790,3864,3067,3230,3428,3305,-30.6673,18.0007,8.79689,47.844
2051,7203,7518,4578,3589,6146,6558,4413,3766,4158,4103,3567,3287,3509,3504,3282,3072,-17.2944,-13.8532,8.59718,48.1687
2052,3241,3212,3408,3320,3218,3477,3830,3995,3438,3665,4751,6707,3318,3990,5802,12022,23.7708,31.7703,8.61961,47.596
2053,3256,3232,3421,3329,3347,3658,3777,3642,3874,4588,5267,4454,4178,6822,9558,5431,32.9279,4.46953,8.80413,47.8893
2054,3119,3113,3323,3487,3234,3494,3692,3887,3442,3736,4908,6436,3364,3944,6022,12506,25.5773,29.2918,8.80841,47.8047
2055,3419,3626,4113,4072,3537,4189,6313,5480,3605,4445,7150,5995,3412,3870,4461,4491,2.15083,11.8972,8.81582,48.1187
2056,3882,5755,9572,6571,3730,4558,5403,4753,3383,3574,3825,3819,3081,3322,3410,3319,-25.6596,8.42878,8.62518,47.9713
2057,6239,9536,6000,3917,4698,5529,4464,3810,3666,3881,3615,3442,3312,3430,3354,3172,-24.9072,-7.794,8.54277,48.0433
2058,5326,4245,3559,3373,9350,5064,3716,3404,7238,4664,3750,3382,4242,4061,3411,3222,-3.13417,-31.9065,8.93813,48.0047
2059,5306,4527,3682,3384,8757,5743,3852,3389,6673,5013,3693,3281,4232,4065,3549,3090,-4.35958,-21.8875,8.9073,48.1573
2060,3641,4720,9125,8819,3416,3979,5210,5405,3276,3595,3838,3778,3208,3273,3357,3430,-28.8055,14.4966,8.76951,48.0467
2061,4123,6683,9672,5631,3934,4645,5218,4516,3426,3700,3827,3714,3203,3358,3330,3296,-31.8999,4.81379,8.96667,48.184
2062,5615,5606,4215,3590,7080,7572,4312,3601,4837,4781,3882,3422,3749,3638,3404,3171,-9.51074,-14.287,8.71723,48.3167
2063,3463,4003,5581,10101,3371,3767,5040,8207,3279,3541,3974,4433,3055,3189,3399,3514,-17.712,27.9989,8.69655,47.9447
2064,3747,4273,4324,3772,4120,6113,6550,4323,3937,5542,5981,4127,3642,3979,4179,3692,-1.44029,1.17489,8.726,48.2007
2065,4879,7900,6919,4231,4508,5953,5384,4075,3618,3867,3863,3541,3287,3309,3342,3237,-19.8688,-2.09897,8.68993,47.942
2066,3139,3213,3289,3368,3258,3393,3787,3781,3414,3816,4921,6197,3341,3842,6106,12373,25.5037,33.4385,8.77846,47.492
2067,3063,3262,3394,3327,3084,3468,3930,4100,3425,3813,5047,6609,3356,4061,6586,11602,23.3073,23.4282,8.86781,48.0847
2068,3791,4704,6163,5014,3814,5075,8029,5496,3438,4013,4764,4109,3218,3594,3670,3627,-10.9042,8.23535,8.79252,48.346
2069,3330,3295,3262,3140,3964,3769,3362,3263,6075,4853,3818,3363,11920,6700,4107,3428,28.2937,-23.6458,8.54921,47.766
2070,3608,3448,3319,3181,4443,3890,3571,3144,7849,5556,4048,3453,9223,6143,4059,3352,16.9062,-21.6963,8.76191,48.1913
2071,3175,3246,3392,3306,3496,3640,3760,3711,3853,4448,5187,4435,4062,6317,9811,5920,28.8838,6.06724,8.65107,47.8393
2072,3234,3366,3328,3220,3560,3799,3902,3662,4048,5217,5642,4367,4571,7244,8125,4992,22.1109,1.54289,8.51107,48.1847
2073,3482,4004,6050,12670,3287,3783,4845,6272,3211,3464,3789,3886,3139,3218,3370,3470,-27.5846,29.3796,8.59334,47.96
2074,4226,4058,3513,3294,6087,5188,3926,3490,7736,6475,4116,3447,5042,4782,3835,3261,4.11942,-17.8217,8.74339,48.3173
2075,3998,4506,4595,3907,4230,6681,6614,4207,3992,5365,5307,4104,3581,3909,3773,3536,-4.2701,-0.258059,8.95416,48.2033
2076,3291,3465,3188,3193,3950,3777,3529,3269,5903,4951,3874,3339,11943,6537,3970,3313,32.1905,-23.5141,8.50003,47.6613
2077,9238,6354,4001,3414,7651,5498,3975,3364,4337,3997,3516,3270,3524,3440,3221,3157,-17.7876,-21.6809,8.81351,47.9713
2078,3322,3476,3260,3060,3898,3758,3502,3265,5458,5609,4274,3440,7978,9364,4938,3724,23.922,-12.9339,8.98679,48.2173
2079,3882,4533,5313,4367,3896,5677,7916,5004,3609,4336,5175,4245,3414,3587,3843,3614,-6.9839,5.1524,8.67862,48.274
2080,3259,3646,4193,4142,3522,4302,6222,5439,3475,4487,7123,6148,3442,3925,4618,4519,2.60831,12.0799,8.65096,48.308
2081,3507,3398,3236,3126,4518,3930,3570,3243,8808,5153,3825,3368,9330,5363,3876,3466,15.6819,-32.2809,8.82196,47.8113
2082,3262,3872,5423,8857,3408,3753,5149,9045,3258,3470,4161,4718,3135,3251,3542,3603,-14.3981,28.2007,8.62779,47.938
2083,3311,3428,3303,3098,3916,3722,3472,3307,5427,5204,4149,3570,8393,9281,4869,3617,31.0119,-13.8315,8.9222,48.0447
2084,3230,3294,3718,4083,3289,3710,4455,6329,3365,3805,5186,9980,3233,3650,4659,6024,6.40328,30.7777,8.98995,48.0067
2085,3148,3347,3444,3457,3311,3859,4350,3946,3641,4732,7109,5575,3761,4846,7652,6078,16.2982,10.1415,8.81692,48.1707
2086,3396,4283,7151,11035,3398,3894,5061,6230,3363,3485,3925,3905,3117,3210,3450,3311,-26.5957,20.7824,8.62871,48.1427
2087,3381,3496,3498,3494,3651,4090,4248,3942,4206,6044,7084,4618,4160,5802,6278,4467,13.635,2.14521,8.90839,48.306
2088,3195,3209,3359,3424,3293,3577,3920,3723,3724,4420,5254,4723,3943,5891,9983,6281,33.0246,7.62006,8.9003,47.946
2089,4801,8203,8036,4809,4281,5000,5046,4143,3653,3819,3851,3516,3239,3320,3354,3288,-32.1559,-0.111092,8.67283,48.2393
2090,3189,3357,3412,3404,3285,3541,3811,3766,3465,4258,5241,5200,3663,4869,9410,8358,30.0115,13.3831,8.70542,48.1527
2091,3286,3332,3155,3092,3839,3835,3557,3168,5872,5037,3988,3371,11199,7373,4187,3435,27.3514,-20.5748,8.87895,47.8173
2092,5437,9298,6933,4298,4428,5173,4454,3950,3723,3891,3653,3434,3295,3364,3479,3211,-31.1305,-4.10629,8.5945,48.014
2093,7322,9759,5379,3696,4958,5518,4292,3592,3769,3733,3629,3361,3360,3331,3218,3159,-26.7267,-10.6803,8.723,48.0507
2094,3527,3387,3328,3140,4456,4077,3606,3312,8203,5297,3916,3292,9635,5889,3859,3372,17.3321,-25.1597,8.85378,48.1973
2095,3453,4076,6587,10350,3438,3904,5181,7122,3203,3479,3905,4219,3204,3228,3439,3491,-19.8334,22.1075,8.82018,48.186
2096,12240,6415,3948,3550,6382,4797,3859,3452,4024,3706,3427,3225,3413,3295,3267,3161,-25.6426,-25.4892,8.84195,48.1073
2097,3369,4000,6799,11973,3428,3795,4819,5879,3247,3400,3891,3983,3138,3326,3328,3467,-31.6165,22.5974,8.85741,47.8947
2098,3509,3951,5979,12649,3304,3771,4740,6130,3213,3398,3676,3871,3196,3280,3252,3338,-28.1303,31.1418,8.7672,47.5047
2099,3261,3599,4019,4208,3480,3846,5625,5741,3504,4266,7062,7018,3323,3793,4643,4992,3.6514,15.2262,8.78356,48.2533
2100,5648,9324,6435,4219,4551,5647,4703,3897,3587,3840,3718,3492,3269,3452,3283,3106,-23.7024,-5.02336,8.79027,48.114
2101,12814,6186,3955,3475,5996,4656,3799,3321,3816,3730,3448,3212,3361,3303,3191,3121,-29.0421,-26.6314,8.94193,47.5893
2102,5859,5259,3932,3440,7941,6744,4116,3454,5173,4777,3839,3393,3845,3742,3506,3171,-8.44506,-17.5549,8.65605,48.1273
2103,4210,5071,4533,3889,4670,7357,6112,4082,4178,5313,4682,3828,3742,3753,3747,3488,-5.72097,-3.02155,8.61497,48.4367
2104,6224,6639,4267,3572,6614,7338,4465,3582,4394,4369,3713,3367,3498,3652,3338,3169,-13.5988,-13.4721,8.66445,48.134
2105,10683,7573,4263,3313,6101,5121,3836,3471,3992,3770,3435,3172,3337,3408,3234,3049,-25.8764,-19.9331,8.72805,47.8387
2106,3166,3467,3908,4138,3332,3625,4691,6946,3333,3870,5156,9447,3222,3725,4355,5557,4.0952,31.0647,8.95269,47.9587
2107,6278,6645,4524,3506,6405,7244,4358,3584,4298,4412,3796,3404,3617,3600,3371,3126,-13.6685,-12.9715,8.64395,48.112
2108,3207,3225,3446,3341,3293,3492,3863,4060,3334,3792,4868,6838,3465,3905,5891,12097,23.1379,31.2144,8.7214,48.078
2109,4298,7123,9124,5250,3996,4897,5060,4407,3564,3783,3840,3672,3266,3276,3325,3394,-33.635,3.00304,8.53509,48.1833
2110,3230,3397,3319,3270,3500,3657,3701,3621,4147,4910,5118,4132,4694,7867,8512,5050,26.5647,1.11165,8.6347,48.0833
2111,3438,3373,3309,3096,3868,3710,3386,3337,5978,4689,3787,3353,12702,6005,3934,3325,29.8732,-28.6443,8.98545,47.5267
2112,4244,3879,3497,3156,6596,4698,3638,3375,9288,5522,3873,3357,5764,4557,3609,3279,5.35502,-24.0222,8.68344,48.2213
2113,12250,6610,3988,3342,6024,4906,3826,3390,4110,3858,3484,3305,3404,3398,3242,3023,-28.5822,-24.5959,8.82457,48.1067
2114,12591,6107,3907,3422,5936,4614,3763,3403,3928,3708,3444,3220,3411,3337,3239,3080,-31.0882,-33.6325,8.84162,47.4067
2115,3458,3932,5881,12555,3300,3718,4797,6085,3275,3453,3823,3836,3127,3247,3326,3408,-28.8126,30.3938,8.56569,47.4807
2116,5276,7254,5288,3933,5192,7062,5015,3801,3849,4326,3876,3520,3459,3591,3413,3238,-15.3298,-7.01808,8.5739,48.062
2117,3360,3963,6367,12296,3297,3802,4776,6063,3286,3529,3846,3923,3102,3240,3369,3358,-29.4867,25.8327,8.72649,47.718
2118,3566,3463,3554,3489,3907,4337,4235,3756,4422,6936,6542,4208,4338,5844,5917,4212,12.8748,-0.901193,8.70666,48.484
2119,9339,5629,4040,3346,8444,5316,3868,3364,4477,4119,3554,3212,3479,3539,3277,3118,-16.5463,-24.575,8.51721,48.0807
2120,3203,3103,3406,3415,3153,3449,3837,4033,3354,3759,4672,7084,3382,4017,6022,11956,22.1874,28.5955,8.79787,47.8967
2121,6512,10004,5845,4032,4643,5474,4310,3689,3794,3890,3569,3409,3264,3329,3233,3083,-26.2932,-7.9416,8.97564,48.0533
2122,3366,3385,3267,3141,3928,3675,3548,3393,5328,5150,3946,3499,9237,8765,4592,3538,28.3024,-15.1608,8.9141,47.8387
2123,3089,3202,3368,3394,3181,3514,3943,4144,3414,3839,4969,7407,3337,3927,6134,11072,20.683,26.6984,8.52054,47.956
2124,3146,3391,3414,3489,3258,3478,3811,3992,3348,3873,5113,5708,3403,4105,7540,10451,33.1301,19.0201,8.66677,47.68
2125,3683,3562,3340,3060,4878,4220,3688,3314,8884,5932,3934,3318,7677,5559,3871,3377,12.7053,-22.2659,8.86193,48.198
2126,6847,8220,4865,3753,5672,6573,4432,3667,4061,3913,3659,3315,3513,3457,3422,3137,-18.7098,-11.8546,8.78279,48.3373
2127,3226,3420,3598,3515,3526,3941,4326,3855,3942,5465,7257,5000,3933,5385,7094,4937,14.9892,5.16292,8.93845,48.28
2128,3666,3536,3239,3073,4784,4064,3612,3329,9246,5200,3710,3311,8672,5269,3901,3356,14.6446,-32.6911,8.64701,47.9787
2129,3361,3370,3223,3058,4148,3855,3447,3270,7336,5002,3836,3401,11201,5985,3869,3345,20.9816,-26.3632,8.79558,47.8047
2130,6422,8305,5066,3786,5433,6450,4576,3686,4077,4013,3663,3381,3419,3361,3286,3212,-18.7067,-10.2965,8.98564,48.0907
2131,7708,5176,3763,3219,9799,5154,3716,3419,5221,4286,3582,3191,3736,3467,3311,3116,-11.7737,-28.7933,8.87721,47.9093
2132,3564,4640,7727,7363,3661,4205,6312,6246,3268,3636,4187,4178,3141,3202,3476,3457,-18.1931,14.0862,8.54926,48.1753
2133,3206,3779,5150,7927,3436,3821,5188,9562,3239,3594,4159,5056,3235,3386,3576,3665,-12.2079,31.2286,8.80755,47.986
2134,7376,6507,4190,3564,7156,6604,4235,3504,4451,4287,3749,3277,3520,3578,3358,3078,-14.9488,-16.4193,8.82521,48.2893
2135,3710,4095,4337,3963,3898,5391,6744,4533,3975,5364,6374,4352,3616,4025,4349,3915,-0.615143,3.68773,8.50841,48.4273
2136,3348,3394,3184,3117,3845,3871,3655,3375,5073,5889,4357,3748,6864,9538,5466,3753,22.77,-9.68702,8.88794,48.318
2137,3240,3487,4038,4617,3292,3678,4799,7996,3290,3714,4941,8737,3285,3539,4258,4970,1.11752,28.8608,8.96045,47.9207
2138,3105,3309,3376,3480,3133,3484,3976,4316,3398,3905,5060,7720,3339,3928,5978,10323,18.7047,25.2083,8.77035,47.8867
2139,3128,3340,3515,3501,3310,3708,4296,4216,3578,4246,6819,6412,3627,4452,7344,6965,16.5768,13.9102,8.93178,48.3047
2140,4879,6984,5667,3992,4721,7034,5615,4103,3802,4237,3979,3557,3383,3473,3351,3333,-15.3422,-3.99224,8.54765,48.0733
2141,3432,3353,3263,3141,3855,3842,3437,3189,6309,5270,3967,3540,10227,7554,4271,3422,23.7432,-18.768,8.97798,48.048
2142,4918,5867,4530,3692,5738,8216,4949,3710,4276,4939,3906,3529,3648,3726,3514,3248,-9.69902,-8.74331,8.71397,48.2707
2143,4000,3868,3457,3097,6792,4626,3618,3339,9670,5156,3862,3433,5537,4548,3655,3260,4.76632,-33.0628,8.8813,47.9453
2144,3282,3270,3662,3563,3470,3747,4549,4394,3709,4571,7808,6431,3548,4455,6432,5911,12.3404,12.1907,8.7696,48.5347
2145,4092,3824,3390,3116,6065,4703,3709,3281,9353,5877,3975,3388,5790,4705,3699,3365,6.55411,-22.5104,8.93971,48.2213
2146,3371,3656,3414,3248,3649,4198,4089,3768,4322,6222,6430,4383,4482,6240,6259,4409,14.5347,0.335374,8.61743,48.0933
2147,3092,3162,3402,3417,3272,3436,3868,3964,3435,3934,4934,5786,3447,4251,7236,11266,30.1733,20.9953,8.69994,47.9347
2148,10829,7849,4168,3377,5770,4905,3822,3372,3956,3683,3382,3305,3405,3438,3299,3075,-31.4587,-19.0389,8.93753,47.7567
2149,3576,3907,3952,3761,3883,5080,5532,4245,4102,6181,7217,4488,3812,4347,4597,3885,3.98116,2.02431,8.87667,48.3767
2150,3326,3397,3270,3130,3981,3793,3428,3360,6303,4786,3864,3342,12454,5904,3949,3393,27.2326,-30.2056,8.54232,47.7867
2151,3213,3426,3809,4126,3355,3638,4526,6307,3390,3914,5306,9852,3268,3654,4599,5913,6.16637,27.1421,8.90875,48.1973
2152,3359,3349,3281,3255,3622,3826,3749,3499,4492,5580,4846,3904,5469,9069,6609,4354,24.2633,-4.51495,8.59043,48.1753
2153,4679,4145,3492,3125,7851,5099,3810,3251,8128,5241,3790,3287,4897,4158,3675,3174,0.505506,-24.8857,8.58449,47.868
2154,5714,7515,4953,3736,5397,7134,4965,3797,3963,4272,3851,3493,3410,3430,3315,3229,-15.7463,-8.52038,8.50173,48.116
2155,10494,8056,4266,3500,5775,5149,3852,3423,4051,3828,3495,3264,3351,3428,3180,3145,-26.3452,-18.912,8.7339,48.1713
2156,8213,8223,4615,3602,5996,5864,4269,3514,3980,4014,3595,3284,3546,3436,3205,3043,-20.9421,-14.5625,8.89623,48.266
2157,5842,7221,4730,3702,5833,7626,4550,3810,4151,4297,3751,3394,3439,3567,3270,3123,-14.5428,-10.3295,8.9977,48.204
2158,3197,3466,3880,4318,3348,3786,4798,6959,3328,3752,5245,9474,3183,3575,4421,5410,3.95354,26.8905,8.85403,48.0933
2159,3171,3288,3407,3418,3324,3716,3985,3948,3661,4311,6184,5290,3842,5067,8677,6838,20.368,11.4931,8.88081,48.0847
2160,3157,3482,3881,4393,3365,3747,4690,6807,3172,3884,5376,9417,3255,3575,4495,5624,4.56952,26.0828,8.84042,48.2133
2161,3744,3762,3451,3297,4743,4929,3905,3448,6469,7857,4531,3538,5248,5582,4163,3510,8.66951,-12.4154,8.63442,48.118
2162,3288,3785,4861,5373,3473,4050,6469,8182,3403,3703,5152,5943,3231,3576,3873,4108,-4.93357,18.7475,8.80903,48.3133
2163,3271,3514,4331,4851,3399,3748,5075,8896,3368,3717,4813,7711,3126,3543,4052,4523,-1.51234,31.8882,8.72274,47.9587
2164,3248,3904,5456,7558,3491,3918,5827,8776,3324,3619,4240,4992,3085,3390,3634,3726,-12.4618,22.6727,8.52906,48.1253
2165,11141,5808,3837,3330,7638,5009,3776,3404,4282,3815,3451,3126,3472,3396,3217,3147,-20.4578,-29.2942,8.7927,47.8993
2166,3176,3247,3421,3232,3332,3628,3896,3753,3582,4410,5908,5081,3808,5350,9332,6793,22.7246,10.0165,8.94392,47.966
2167,3397,3389,3204,3083,3979,3877,3570,3152,5725,5139,4061,3452,9639,8161,4547,3453,25.5913,-17.0149,8.63915,47.8853
2168,4452,7162,9034,5168,4062,4713,5268,4423,3460,3740,3714,3588,3309,3368,3294,3294,-26.1834,2.90791,8.62137,48.0327
2169,10973,7251,4178,3391,6250,5003,3850,3344,3965,3817,3392,3219,3477,3339,3236,3120,-25.2926,-21.0784,8.71234,47.87
2170,3091,3341,3864,3904,3405,3703,4590,5767,3495,3994,5633,9261,3242,3806,4813,6205,7.42215,22.9306,8.68549,48.076
2171,3558,3397,3240,3135,4227,3971,3602,3168,7256,5445,4043,3466,9785,6611,4130,3382,19.2203,-20.7317,8.94396,48.2773
2172,8669,9072,4750,3676,5337,5303,4072,3430,3896,3808,3588,3273,3348,3367,3209,3118,-27.3569,-14.461,8.52119,47.944
2173,3295,3377,3340,3064,3771,3853,3697,3386,4971,5387,4337,3698,7053,9679,5387,3808,26.0192,-10.088,8.66501,48.0687
2174,3510,3357,3263,3130,4114,3877,3479,3292,6539,5048,3881,3443,10714,6928,4148,3490,22.6893,-21.5078,8.71198,48.142
2175,3712,4409,5604,4728,3875,5251,8295,5439,3562,4036,4990,4235,3236,3681,3754,3666,-8.67952,7.44163,8.98657,48.3153
2176,3393,3809,6038,11967,3420,3723,4957,6848,3203,3448,3941,3983,3026,3191,3426,3458,-23.0136,27.4638,8.61723,47.8873
2177,8546,5375,3879,3246,9021,5359,3848,3332,4669,4186,3556,3242,3472,3520,3317,3123,-14.0356,-32.401,8.68898,47.794
2178,3321,3584,4101,4092,3570,3959,5730,6001,3472,4331,6846,6861,3384,3741,4691,4715,2.977,14.6504,8.56985,48.266
2179,3402,3914,6111,12142,3320,3738,4774,6775,3200,3414,3699,3975,3101,3194,3384,3378,-23.8588,28.2694,8.85252,47.6807
2180,4938,5952,4680,3741,5406,8116,5222,3806,4226,4890,3981,3581,3560,3583,3486,3292,-10.0148,-7.62499,8.55907,48.3067
2181,4924,6466,4941,3824,5092,7922,5458,3987,4024,4464,4057,3567,3454,3688,3432,3299,-12.1279,-5.908,8.80522,48.3993
2182,3761,4504,5901,4871,3780,5090,7848,5605,3613,3991,4835,4213,3282,3442,3743,3530,-9.56514,8.15133,8.52296,48.006
2183,3155,3195,3338,3524,3383,3499,3894,3948,3512,3829,5031,5773,3341,4210,7582,10514,33.9041,18.9068,8.69594,47.8187
2184,5172,5501,4198,3498,6308,8034,4667,3584,4693,5015,4033,3484,3765,3655,3489,3163,-8.17662,-11.819,8.80898,48.1727
2185,3530,4711,9029,8920,3472,4076,5274,5387,3353,3526,3902,3875,3045,3219,3379,3398,-27.9267,14.8382,8.99717,48.064
2186,3224,3288,3358,3312,3266,3483,3848,3945,3448,3955,5023,5561,3555,4430,8345,9715,31.8763,16.9854,8.55571,47.8373
2187,3682,3569,3480,3168,4723,4494,3664,3327,7834,6685,4081,3490,6548,5666,4086,3503,11.4262,-17.8794,8.74887,48
2188,3403,4353,7630,10013,3397,4115,5214,6039,3223,3501,3949,3941,3163,3174,3374,3513,-24.2503,18.6596,8.51113,48.0013
2189,3130,3374,3642,3868,3174,3720,4419,5099,3326,3996,5910,9042,3374,3867,5201,7152,10.8685,21.9429,8.79247,48.196
2190,3005,3234,3478,3463,3284,3501,3976,4377,3365,3761,5073,7908,3366,3919,5773,10470,18.8499,27.0662,8.83514,47.9687
2191,3206,3267,3529,3587,3314,3455,4096,4715,3314,3855,5233,9143,3379,3855,5336,8683,14.625,30.5307,8.80424,47.978
2192,3313,4037,5866,12326,3400,3675,4752,5909,3269,3463,3851,3924,3228,3277,3329,3429,-33.1195,33.8367,8.60772,47.3653
2193,3391,3401,3229,3276,3906,3784,3333,3244,5968,4650,3795,3374,12807,6044,3762,3366,32.1704,-30.3748,8.98434,47.5533
2194,3112,3259,3549,3588,3359,3679,4300,4070,3656,4439,6869,6076,3592,4593,7252,6627,16.0654,12.7264,8.56854,48.0133
2195,3163,3508,3696,3644,3489,4033,4884,4532,3610,4557,8041,6322,3588,4189,5706,5026,8.77549,11.4061,8.61268,47.992
2196,7404,8533,4729,3613,5661,6221,4397,3595,4065,3973,3706,3292,3363,3433,3404,3032,-20.0698,-12.8038,8.82381,48.2807
2197,3835,3664,3397,3198,5071,4886,3869,3381,7652,7176,4236,3461,5895,5446,3950,3484,8.90063,-16.4233,8.57368,48.4007
2198,3118,3247,3326,3441,3300,3486,3835,4015,3419,3806,4807,5994,3323,3914,6517,12054,28.9559,24.7448,8.5543,47.7347
2199,9623,5522,3878,3408,8505,5141,3799,3441,4551,4011,3415,3234,3572,3460,3256,3160,-16.4551,-31.49,8.90306,47.984
2200,3412,3483,3275,3150,4311,3969,3638,3200,8011,5154,3779,3408,10294,5532,3888,3381,18.1626,-32.4411,8.68235,47.9233
2201,3973,6181,9190,5829,3763,4708,5800,4734,3406,3687,3944,3683,3201,3297,3402,3312,-22.1526,6.31683,8.51359,48.0733
2202,3166,3249,3494,3375,3222,3409,3869,3997,3406,3749,4709,5972,3494,3722,6159,12494,32.1218,28.0714,8.94759,47.6573
2203,4054,4944,4898,4021,4345,7152,6767,4262,3991,4896,4814,3980,3531,3759,3775,3475,-7.136,-0.483193,8.84924,48.4427
2204,3958,4522,4306,3755,4518,6702,5678,4030,4353,5976,5226,3951,3743,4211,3889,3494,-2.13209,-2.84401,8.52174,48.208
2205,3697,3524,3194,3133,4866,4074,3506,3287,9034,5111,3828,3355,8568,5364,3871,3280,14.4644,-30.2906,8.50558,47.7947
2206,5422,9332,7172,4332,4340,5106,4570,4078,3704,3732,3704,3415,3228,3374,3239,3160,-27.9768,-3.67957,8.92055,47.9387
2207,3744,3610,3328,3101,5043,4187,3551,3249,9457,5618,3764,3433,7853,5272,3717,3276,12.6932,-25.1337,8.96486,48.1353
2208,3280,3714,4700,6336,3363,3820,5170,9819,3181,3616,4457,5739,3149,3446,3739,3930,-7.67808,30.6091,8.54631,47.6393
2209,3295,3928,5991,11671,3295,3746,4745,6999,3250,3532,3832,4034,3054,3244,3425,3356,-22.3385,28.4835,8.58263,47.598
2210,3713,3517,3343,3172,5079,4299,3631,3159,9457,5280,3804,3473,7898,5142,3857,3431,12.3419,-26.2646,8.72926,48.17
2211,3265,3828,4626,5483,3286,3897,5545,9027,3291,3660,4877,6536,3096,3503,3944,4215,-4.55322,23.3753,8.89174,48.0527
2212,8440,5247,3806,3251,9218,5429,3835,3411,4869,4142,3521,3307,3648,3452,3330,3154,-13.8051,-26.7922,8.81134,48.04
2213,3620,4850,9294,8075,3584,4240,5416,5270,3307,3556,3858,3836,3103,3263,3352,3336,-26.7179,13.1176,8.5405,47.9733
2214,3781,3618,3367,3068,5141,4192,3590,3384,9626,5276,3902,3353,7671,5174,3815,3305,11.7311,-30.6992,8.74827,48.1753
2215,3189,3317,3647,3740,3267,3607,4147,5140,3258,3895,5300,9563,3293,3680,5134,7557,11.7723,31.3253,8.56103,47.8227
2216,3708,3647,3383,3155,4394,4707,3880,3378,6413,7772,4439,3463,5797,6264,4381,3595,11.8249,-12.2296,8.92117,48.2507
2217,3097,3378,3478,3598,3137,3635,4130,4433,3399,3885,5814,8087,3503,4021,6050,8454,15.3283,20.7925,8.6937,48.066
2218,3372,3859,5069,5926,3327,4043,6458,8751,3361,3753,4621,5471,3046,3437,3845,4059,-7.55077,19.7091,8.87232,48.2653
2219,3409,3496,3174,3054,3971,3878,3433,3242,6191,4952,3745,3332,12420,6362,4062,3318,26.602,-25.6013,8.73374,48.026
2220,3331,3443,3224,3081,4096,3898,3577,3235,6651,5050,3940,3409,11261,6573,4045,3306,22.7783,-23.9145,8.71246,48.08
2221,8025,5233,3767,3406,9298,5258,3974,3495,4891,4196,3573,3276,3633,3550,3266,3075,-12.6384,-33.4609,8.51863,47.944
2222,4665,7155,7321,4677,4337,5760,5701,4292,3580,3966,3920,3574,3187,3422,3312,3254,-19.4542,-0.169189,8.59268,48.082
2223,3487,3321,3194,3157,4089,3801,3402,3269,6906,4979,3735,3357,11544,6310,3980,3427,22.7856,-25.2083,8.82196,47.972
2224,3451,4324,7589,11265,3367,3974,4884,5818,3231,3447,3718,3888,3150,3194,3303,3375,-30.0386,20.0146,8.87288,47.9853
2225,3185,3258,3540,3593,3201,3489,4001,4385,3512,3881,5112,8523,3382,3825,5515,9662,16.6993,30.6381,8.75214,48.0427
2226,3299,3514,3264,3120,4096,4172,3728,3390,5792,6510,4471,3623,6633,8061,4814,3627,18.2677,-11.949,8.62598,48.076
2227,6077,4682,3676,3285,10087,5257,3761,3272,6244,4463,3580,3273,4145,3803,3445,3182,-6.30919,-28.7694,8.99882,48.1547
2228,4347,4050,3401,3292,7125,4718,3835,3327,9157,5072,3662,3334,5327,4498,3519,3248,3.42576,-30.6841,8.8239,47.9413
2229,3398,3411,3227,3150,4070,3870,3478,3226,6674,4885,3832,3450,11676,5952,3946,3409,23.0956,-32.791,8.59703,47.7693
2230,3690,4699,8171,7226,3548,4321,6123,5975,3291,3685,4232,4073,3200,3256,3484,3363,-19.1048,13.3162,8.63312,48.2247
2231,3024,3268,3350,3422,3299,3552,3869,3901,3511,4040,5145,5588,3555,4369,8523,9771,29.8932,16.6068,8.77218,48.1247
2232,3155,3462,3882,3944,3316,3782,4801,5688,3440,4068,6530,8613,3339,3810,4999,5769,7.00896,18.9245,8.96612,48.3987
2233,3366,3303,3205,3125,3947,3673,3582,3177,5697,4924,3918,3367,11257,7331,4073,3429,32.5157,-20.4187,8.95929,47.5827
2234,4154,4438,4202,3658,4652,7130,5538,3853,4457,6072,4943,3863,3827,4114,3821,3446,-2.17029,-4.47825,8.51773,48.112
2235,3138,3188,3437,3367,3182,3482,3814,4126,3377,3787,4895,6359,3369,3958,6216,11982,24.0859,25.5991,8.94399,47.7847
2236,3281,3507,4195,4650,3300,3834,4939,7951,3368,3808,5216,8380,3301,3583,4161,4919,0.781275,26.4522,8.54358,48.262
2237,6278,4632,3702,3276,9925,5162,3702,3390,6172,4450,3580,3361,3970,3786,3452,3203,-7.51278,-29.5265,8.87955,48.0273
2238,3297,3553,4005,4210,3449,3908,5578,6136,3569,4067,6501,7670,3294,3739,4566,5084,3.53782,17.3802,8.67665,48.4173
2239,3482,4406,8120,10057,3351,4001,5162,5689,3180,3564,3735,3893,3071,3234,3492,3408,-27.5011,17.8227,8.70543,47.8967
2240,11583,6019,3963,3407,7150,4907,3737,3445,4161,3865,3490,3200,3430,3354,3295,3181,-21.7041,-27.6194,8.8926,48.1247
2241,3348,3763,5474,9054,3448,3846,5129,8761,3431,3581,4005,4725,3031,3336,3544,3634,-15.3664,30.8614,8.51687,48.0733
2242,3431,3762,4858,4693,3523,4465,7188,6451,3488,4072,5839,5469,3437,3637,4139,4056,-3.65047,13.2459,8.50782,48.3387
2243,3831,3754,3479,3265,4847,5301,4054,3429,6408,7998,4600,3614,4885,5165,4046,3550,6.49692,-11.9817,8.95898,48.1507
2244,3994,3834,3335,3132,5916,4417,3626,3335,9746,5572,3803,3425,6494,4711,3719,3323,7.99825,-25.6011,8.80704,48.2547
2245,3338,3485,3786,3651,3605,4235,5027,4219,3809,5522,8213,5362,3637,4398,5550,4667,8.23055,6.98944,8.85329,48.336
2246,3553,4708,6516,5401,3732,4744,7997,5755,3525,3850,4504,4232,3252,3378,3597,3592,-12.317,9.58123,8.93959,48.224
2247,7219,5114,3801,3470,9818,5238,3734,3346,5100,4256,3589,3246,3703,3638,3319,3216,-11.0371,-33.4684,8.66002,47.8713
2248,11488,6352,4039,3358,6911,4939,3776,3330,4064,3807,3523,3167,3382,3445,3229,3104,-22.4127,-25.4918,8.83667,47.9427
2249,3099,3226,3306,3450,3374,3439,3726,3755,3354,3710,4699,5807,3361,3901,5928,12755,30.9164,32.9112,8.78206,47.26
2250,4717,6164,5269,3955,4714,7451,5991,4046,4007,4451,4159,3634,3459,3614,3485,3352,-12.4022,-3.45312,8.71466,48.312
2251,3518,3489,3188,3124,4541,3977,3542,3199,8163,5182,3886,3418,9732,5746,3799,3409,17.4182,-26.0688,8.59402,47.942
2252,9411,5599,3840,3446,8671,5128,3901,3411,4429,4003,3378,3209,3586,3461,3246,3110,-16.3388,-27.1101,8.84589,47.886
2253,3575,3894,4156,3795,3904,4947,6182,4581,3916,5466,7240,4641,3612,4134,4443,4029,1.9844,4.24096,8.96706,48.3433
2254,4394,4269,3875,3242,6213,6463,4133,3447,6327,6675,4088,3580,4532,4316,3730,3357,0.322378,-14.4765,8.91184,48.4273
2255,3320,3422,3408,3301,3530,3719,3679,3565,4030,4775,5029,4291,4655,7910,8516,4916,33.1368,0.962552,8.90149,48.044
2256,3370,3475,3196,3166,3967,3926,3500,3285,6030,5959,4282,3587,7625,8053,4714,3575,20.0664,-14.1671,8.72594,47.8067
2257,3348,3380,3254,3117,3846,3981,3615,3332,5545,5908,4241,3680,7595,8789,5037,3773,22.5767,-12.6068,8.61527,48.294
2258,3171,3464,3661,3946,3292,3520,4517,5691,3312,3928,5734,9558,3351,3718,4909,6453,8.39124,23.6204,8.67151,48.15
2259,5586,8015,5630,3993,4990,6800,5023,3946,3898,4208,3762,3428,3357,3423,3457,3174,-17.4302,-6.63585,8.69218,48.46
2260,3529,3915,4097,4026,3815,5014,6648,4687,3797,5089,7211,4779,3434,3998,4370,3957,0.367059,5.80299,8.82571,48.244
2261,3398,3441,3205,3095,4311,3865,3418,3192,7909,4876,3827,3441,11063,5817,3871,3368,19.6658,-31.1094,8.84174,48.0647
2262,3891,4294,4000,3503,4580,6576,5163,3818,4624,6844,5323,3833,3781,4279,4135,3662,0.427349,-4.40634,8.85259,48.204
2263,3291,3553,3919,4342,3426,3801,4572,7107,3308,3671,5083,9356,3131,3648,4426,5424,3.63721,31.4271,8.88888,48.0387
2264,3039,3274,3300,3385,3305,3449,3934,4051,3386,3796,4908,6662,3433,3945,6156,11856,23.2753,26.1717,8.60037,47.9193
2265,4322,3963,3566,3271,5960,5894,3907,3439,7009,6807,4243,3478,4697,4687,3795,3377,2.58483,-15.7696,8.77253,48.2767
2266,3583,4112,4754,4565,3872,4918,7799,5402,3589,4397,5978,4743,3321,3660,3981,4008,-4.1738,8.73266,8.68631,48.4547
2267,5110,8614,7145,4441,4365,5533,5069,4046,3735,3955,3745,3522,3257,3329,3355,3282,-23.0029,-2.35623,8.76735,48.3353
2268,3315,3984,6368,11818,3396,3790,5063,6796,3260,3460,3765,4113,3047,3225,3341,3485,-22.9155,25.1904,8.99814,48.1507
2269,3164,3426,3857,4375,3249,3677,4803,6971,3274,3793,5501,9128,3304,3648,4369,5422,3.66788,24.5565,8.71082,47.974
2270,3140,3252,3357,3324,3433,3710,3820,3713,3841,4524,5167,4549,4204,6440,9836,6020,28.2163,6.11127,8.67655,48.22
2271,3558,4293,7165,9197,3469,4052,5595,6808,3271,3515,3993,4263,3022,3284,3495,3426,-19.8828,18.8758,8.71144,48.2707
2272,3257,3396,3474,3352,3613,3776,3712,3656,4041,5147,5655,4485,4369,7069,8300,5011,21.3346,2.1421,8.695,48.2087
2273,4335,4039,3611,3300,6207,5009,3885,3354,8236,6231,3908,3454,5270,4649,3714,3369,4.39475,-19.7073,8.52104,48.3807
2274,5544,4671,3744,3370,8805,6065,3952,3350,6187,4846,3781,3315,4099,3975,3470,3256,-5.58953,-21.3786,8.52042,48.2867
2275,3434,3833,3916,3983,3590,4270,5935,4856,3776,4771,7691,5582,3485,3975,4773,4378,3.81153,9.16747,8.74431,48.1653
2276,4987,4354,3616,3271,8526,5528,3915,3293,7297,4917,3782,3326,4622,4118,3496,3213,-1.7822,-23.2345,8.87434,48.174
2277,3406,3948,5860,10757,3381,3796,5031,7342,3213,3473,4025,4265,3108,3202,3415,3557,-20.4362,26.7952,8.54522,47.8527
2278,3076,3429,3688,3983,3315,3601,4315,5832,3328,3846,5153,9851,3341,3710,4800,6456,8.10869,32.1775,8.51315,47.816
2279,3381,3363,3171,3183,3950,3970,3608,3208,5541,5662,4070,3533,8106,9095,4802,3586,24.4637,-13.4079,8.88196,48.1527
2280,4305,4711,4052,3522,5451,7675,4939,3667,4816,6172,4303,3733,3821,4122,3772,3305,-3.36472,-8.47151,8.79673,48.244
2281,3909,4064,3542,3355,5171,5845,4095,3433,6115,7626,4631,3600,4698,4668,3907,3347,4.11117,-11.7489,8.97942,48.004
2282,3334,3631,3597,3276,3839,4514,4260,3705,4729,7560,5881,4119,4582,6031,5252,4095,11.6376,-3.24691,8.74801,48.27
2283,3066,3333,3400,3297,3246,3397,3749,4048,3454,3739,4944,7057,3447,3938,5923,11847,22.088,29.313,8.72706,47.9233
2284,4498,5477,4587,3815,5057,8226,5503,3917,4172,5060,4304,3494,3596,3763,3533,3427,-8.42743,-5.78419,8.91648,48.286
2285,6183,9956,6159,4039,4697,5102,4427,3767,3710,3777,3487,3385,3314,3435,3191,3173,-29.4676,-7.04663,8.99916,47.868
2286,4247,3941,3394,3173,6815,4607,3696,3305,9709,5138,3725,3338,5541,4433,3665,3294,4.75488,-28.9336,8.96218,48.014
2287,3467,3436,3273,3137,3948,3840,3601,3253,5605,5291,4123,3467,9253,8812,4553,3556,26.0929,-15.5525,8.76388,48.41
2288,3595,3622,3351,3147,4918,4320,3666,3382,8548,6195,4082,3439,7159,5622,4005,3326,12.1622,-20.1269,8.86254,48.2513
2289,5688,6119,4365,3624,6382,7925,4612,3584,4366,4691,3902,3432,3672,3621,3484,3243,-11.0911,-11.7235,8.98375,48.4733
2290,3364,3673,4561,5184,3435,3971,6140,8262,3368,3813,5167,6441,3278,3500,4030,4207,-3.76749,19.7211,8.82334,48.2627
2291,3134,3311,3368,3493,3160,3437,3900,3941,3356,3895,4956,6014,3351,4162,7233,11253,27.0357,20.7945,8.9441,47.976
2292,3129,3268,3327,3369,3234,3413,3807,3971,3414,3849,4806,6141,3335,3854,6726,12150,27.6952,24.5572,8.56709,47.862
2293,4032,4206,3694,3426,5148,6290,4351,3518,5714,7550,4700,3618,4371,4587,3878,3411,2.431,-10.0687,8.97947,48.3293
2294,4084,3763,3417,3195,6098,4471,3638,3295,9716,5303,3931,3343,6074,4556,3729,3324,6.61465,-27.7187,8.51045,47.958
2295,4397,4240,3632,3258,6489,6040,4099,3370,6888,6266,4049,3486,4560,4381,3712,3281,0.752949,-16.7452,8.84938,48.0987
2296,5111,5082,4074,3467,6881,7509,4399,3514,5182,5159,3911,3374,3964,3887,3611,3362,-6.39284,-13.9796,8.96528,48.3247
2297,3438,3306,3186,3198,3912,3781,3437,3140,5989,4768,3806,3427,12608,5927,3999,3367,27.8513,-31.7782,8.68571,47.526
2298,7508,5282,3789,3395,9143,5614,3755,3401,5016,4213,3733,3227,3619,3711,3359,3119,-11.8042,-23.6754,8.71282,47.9227
2299,3126,3189,3417,3438,3428,3554,4000,3858,3682,4339,5256,4908,3894,5554,9760,6936,33.029,9.36389,8.75066,48.226
2300,3315,3439,3174,3063,3860,3924,3480,3229,6140,4915,3809,3487,11724,7070,4092,3508,27.2527,-22.3462,8.9142,48.1527
2301,3418,3450,3158,3179,4139,3844,3553,3180,7402,5067,3862,3408,11080,6045,4040,3406,20.7553,-26.3427,8.84422,48.154
2302,8757,8642,4637,3643,5654,5462,4190,3446,3906,4009,3537,3234,3486,3477,3222,3089,-24.1252,-15.2392,8.55013,48.2607
2303,4668,7561,7660,4790,4037,5339,5565,4229,3695,3841,3859,3627,3265,3322,3342,3338,-21.1811,0.415223,8.56224,48.092
2304,3340,3715,4718,5781,3301,3940,6171,8988,3316,3727,4782,6001,3209,3458,3794,4140,-6.16635,20.5971,8.98692,48.254
2305,3156,3363,3523,3724,3228,3572,4118,5048,3423,3755,5403,9744,3288,3804,5102,7948,12.3746,27.6045,8.79155,48.1327
2306,8879,8192,4551,3485,5971,5617,4055,3469,4055,4002,3553,3283,3366,3434,3227,3057,-22.3476,-16.0696,8.50491,48.1307
2307,3460,3512,3155,3058,4299,4031,3469,3243,7218,5079,3869,3394,10576,6432,4042,3279,20.0695,-23.3593,8.71323,48.0773
2308,3113,3206,3276,3322,3198,3488,3830,3854,3450,3773,4951,6031,3387,4074,7006,11559,29.5095,22.8065,8.56237,47.6787
2309,3635,5088,9682,7762,3654,4245,5219,5118,3350,3559,3796,3770,3080,3237,3382,3273,-30.8214,11.7248,8.90153,47.9
2310,3366,3801,4986,7809,3307,3890,5250,9518,3211,3619,4174,5167,3160,3350,3552,3843,-12.0193,28.0126,8.62101,48.002
2311,3138,3225,3339,3429,3137,3418,3790,3927,3470,3823,4867,5861,3354,4105,7077,11904,30.9558,22.1775,8.82597,47.9093
2312,5743,6286,4468,3665,6214,7677,4616,3702,4464,4657,3758,3446,3669,3638,3412,3241,-11.9691,-11.7087,8.60111,48.4373
2313,3033,3200,3467,3526,3240,3556,3933,4295,3445,3799,5017,7609,3426,3863,5949,10812,19.7331,26.7777,8.8405,48.1133
2314,3543,4059,6249,11085,3313,3913,5071,6945,3253,3443,3940,4127,2998,3257,3379,3446,-21.1284,24.5693,8.79044,48.014
2315,9599,8262,4504,3513,5663,5145,4025,3441,3920,3817,3548,3209,3416,3348,3293,3121,-25.6229,-16.6467,8.80697,47.8827
2316,3312,3410,3197,3213,3940,3726,3628,3188,6544,4828,3953,3361,11969,5933,3877,3435,23.9566,-33.4108,8.68853,47.676
2317,4047,5138,4921,4120,4340,7158,6678,4254,3969,4827,4642,3837,3578,3557,3635,3465,-8.0388,-0.910258,8.92752,48.1107
2318,9031,8940,4578,3491,5424,5013,4052,3401,3810,3822,3484,3268,3460,3407,3187,3120,-27.488,-15.1907,8.95539,47.6587
2319,9739,7031,4238,3458,6645,5461,4071,3462,4135,3912,3472,3318,3430,3386,3263,3068,-20.554,-19.5859,8.987,48.0593
2320,3019,3186,3427,3376,3160,3506,3844,4247,3360,3945,4997,7240,3466,4012,6072,10909,20.9128,25.7702,8.65855,47.844
2321,3757,4340,4562,4043,4028,5769,6971,4530,3796,5142,5829,4308,3666,3858,4068,3818,-2.5093,2.86108,8.63091,48.3233
2322,5292,5375,3986,3389,6931,7765,4333,3586,4961,4965,3991,3356,3903,3762,3453,3130,-7.75752,-13.8324,8.93383,48.1187
2323,6370,4743,3727,3316,9536,5512,3832,3393,5889,4538,3570,3299,4057,3706,3504,3127,-7.66864,-25.2592,8.67442,48.0793
2324,3865,5828,9889,6366,3747,4560,5273,4820,3288,3570,3793,3660,3154,3380,3306,3359,-33.8019,7.71966,8.77192,47.9053
2325,3153,3269,3336,3439,3391,3630,3831,3700,3650,4431,5383,4800,3723,5381,9865,6949,33.9584,9.43061,8.82013,47.954
2326,3076,3246,3367,3261,3251,3368,3689,3911,3359,3865,4837,6226,3419,3880,6020,12411,25.0681,33.9235,8.81725,47.4573
2327,11135,7229,4156,3370,6106,5096,3949,3349,3978,3763,3491,3249,3347,3432,3231,3116,-25.2379,-21.1448,8.65467,47.998
2328,3409,3775,4929,5197,3470,3973,6662,8036,3411,3840,5198,5743,3175,3597,3884,4158,-5.08846,17.7701,8.71982,48.3047
2329,3285,3992,6020,9560,3347,3852,5436,7795,3366,3450,3933,4397,3090,3279,3560,3524,-17.8359,24.1925,8.52815,47.924
2330,4275,4238,3725,3322,5778,6255,4126,3528,6132,6986,4382,3446,4532,4542,3800,3348,1.51058,-13.153,8.54695,48.2767
2331,4097,4178,3779,3304,5369,6389,4160,3516,6081,7292,4411,3605,4599,4664,3846,3387,2.31438,-11.8946,8.82153,48.4513
2332,3373,3906,6783,12141,3333,3817,4809,5972,3287,3449,3715,3896,3118,3266,3428,3436,-29.6079,23.7199,8.82613,47.8193
2333,3693,4689,6619,5289,3717,4981,7984,5682,3385,3963,4616,4121,3270,3369,3691,3579,-12.3988,8.8546,8.77311,48.432
2334,4018,6032,9785,6413,3732,4424,5318,4602,3321,3617,3855,3661,3166,3236,3449,3330,-27.7473,7.31032,8.56331,47.9727
2335,3124,3287,3375,3476,3277,3455,3710,3879,3461,3860,4692,5906,3468,3905,6053,12674,30.5038,30.971,8.5341,47.7347
2336,3134,3214,3379,3420,3351,3476,3834,3915,3371,3840,4787,6256,3357,3983,6071,12585,25.6716,32.3176,8.93906,47.982
2337,6028,4575,3549,3250,9935,5144,3786,3392,6384,4490,3629,3299,4132,3766,3464,3112,-6.30962,-30.7188,8.92637,47.9567
2338,12006,6294,4069,3410,6513,4835,3856,3311,4131,3730,3494,3086,3441,3308,3285,3105,-24.5588,-26.3274,8.60642,47.916
2339,3380,4204,7648,10699,3424,3874,5211,5713,3332,3464,3687,3953,3070,3169,3450,3443,-33.7545,19.0881,8.75133,47.814
2340,3545,4078,6129,6789,3459,4164,6855,7452,3321,3736,4300,4514,3207,3388,3573,3556,-12.994,16.2834,8.56742,48.044
2341,3331,3404,3368,3114,3733,3888,3673,3422,4498,5783,4962,3966,5371,8739,6707,4244,22.5062,-4.20279,8.78313,48.1353
2342,3515,3524,3311,3189,4287,4270,3779,3338,6466,7107,4380,3582,6173,7040,4364,3574,14.5893,-12.7067,8.69548,47.9327
2343,3099,3265,3410,3372,3184,3597,4010,4167,3387,4008,5250,6790,3487,4111,6862,9992,20.6499,20.5255,8.69259,47.994
2344,4685,4553,3714,3334,6767,6804,4140,3477,5990,5952,4126,3484,4132,4128,3639,3322,-2.02777,-14.975,8.91236,48.1647
2345,3084,3290,3447,3535,3236,3560,3878,4000,3502,4291,6046,5817,3677,4717,8423,7463,19.9853,13.4415,8.845,47.9773
2346,3165,3555,4347,4939,3386,3847,5259,8146,3382,3854,5213,7703,3234,3578,4075,4603,-0.601957,23.047,8.76971,48.1907
2347,3215,3472,3891,4014,3447,3866,4899,5654,3498,4037,6635,7974,3315,3781,5020,5599,6.74154,17.6283,8.7244,48.2113
2348,8697,5678,3887,3547,8415,5466,3993,3369,4644,4132,3657,3188,3580,3643,3206,3048,-15.0129,-23.4987,8.64876,48.1
2349,3320,3391,3359,3228,3774,3863,3648,3432,4636,5157,4709,3978,5609,9350,6612,4327,33.0527,-4.85293,8.62321,48.262
2350,3338,3377,3302,3063,3962,3839,3429,3255,6117,4699,3707,3410,12645,6109,3822,3375,30.0686,-28.9214,8.79499,47.6327
2351,4626,7785,8650,4871,4147,4832,5095,4279,3543,3808,3695,3619,3195,3261,3274,3281,-29.7087,1.08766,8.6768,47.974
2352,3117,3462,3447,3482,3393,3871,4479,4099,3637,4555,7303,5996,3686,4688,7053,5829,14.7412,10.448,8.63148,48.0647
2353,4848,8362,7963,4692,4125,4939,4961,4127,3591,3824,3793,3563,3383,3437,3309,3215,-27.4424,-0.488827,8.73915,48.088
2354,3416,3763,4027,4022,3531,4391,6158,5056,3766,4694,7344,5603,3540,3934,4655,4598,2.84227,9.83099,8.51523,48.332
2355,5444,4421,3646,3231,9301,5308,3901,3402,7001,4851,3686,3316,4401,3900,3461,3066,-3.36296,-25.0165,8.7457,48.224
2356,3344,3642,4368,5324,3398,3719,5408,9015,3354,3738,4852,7097,3234,3537,3888,4348,-3.50266,24.4762,8.73145,48.1773
2357,8296,5254,3962,3401,9400,5209,3836,3281,4783,4243,3516,3288,3673,3550,3271,3134,-13.6419,-33.023,8.75539,48.0647
2358,3118,3256,3437,3365,3209,3359,3872,3907,3477,3787,4785,6417,3331,3939,6046,12293,25.7007,29.6461,8.52328,47.732
2359,8147,5113,3812,3254,9403,5119,3750,3459,5031,4174,3584,3222,3705,3571,3385,3133,-12.5792,-30.4664,8.60761,47.908
2360,3775,3571,3363,3148,5073,4137,3555,3263,9536,5384,3823,3353,7770,5250,3777,3379,12.1616,-26.0876,8.62168,48.1047
2361,7274,4819,3777,3361,9827,5271,3763,3324,5500,4335,3489,3274,3784,3706,3420,3172,-10.0289,-28.9381,8.81517,48.064
2362,3845,5290,10012,7394,3626,4270,5174,5077,3325,3538,3751,3672,3193,3281,3294,3345,-27.3624,10.7306,8.97915,48.058
2363,3517,3525,3524,3420,3903,4636,4383,3611,4682,7539,6232,4219,4417,5668,5089,4049,10.3112,-2.43359,8.9986,48.276
2364,3776,3627,3443,3130,5891,4376,3683,3285,9820,5600,3775,3429,6464,4867,3793,3353,7.99202,-24.9509,8.64676,48.208
2365,3237,3442,3381,3294,3653,3869,3960,3630,4096,5543,5802,4347,4492,7062,7562,4876,19.7698,1.29642,8.56181,48.164
2366,4453,7116,8554,5282,4063,4871,5515,4433,3573,3829,3888,3683,3186,3330,3313,3215,-23.1449,2.834,8.87881,48.2027
2367,3272,3428,3334,3194,3764,3828,3629,3384,4623,5145,4506,3835,5673,9809,6588,4037,31.8311,-5.55138,8.62117,48.0327
2368,3213,3321,3445,3290,3333,3556,3841,3840,3610,4055,5144,5175,3690,4805,9204,8423,29.4568,13.9473,8.80845,47.9633
2369,3357,3784,4985,6552,3380,3876,5274,9741,3329,3625,4355,5575,3219,3330,3619,3868,-9.02908,33.093,8.54112,47.9127
2370,3125,3321,3627,3733,3237,3505,4274,5040,3406,3930,5419,9448,3402,3778,5118,7355,11.4332,33.6713,8.50765,47.812
2371,3107,3157,3440,3410,3181,3474,3767,4021,3369,3804,4991,6277,3389,4180,6786,11477,25.806,22.2192,8.92465,47.8867
2372,4158,4595,4051,3631,5332,7701,4782,3720,4769,6377,4430,3564,3862,4171,3762,3471,-2.61514,-8.63618,8.9109,48.2507
2373,5132,8406,6516,4392,4494,6076,5092,3863,3776,3979,3811,3529,3232,3375,3292,3294,-20.2949,-3.44465,8.76337,48.1727
2374,3955,5181,6953,5073,3945,5172,7546,4969,3503,3961,4524,3918,3188,3425,3480,3518,-14.1631,5.97452,8.64461,48.2073
2375,3296,3406,3265,3068,4173,3945,3374,3113,7560,5007,3813,3530,11087,5745,3930,3346,20.5128,-29.4939,8.67896,47.772
2376,3455,3948,6076,11980,3419,3849,4734,6708,3257,3495,3818,4001,3128,3171,3329,3406,-24.3429,28.1029,8.52798,47.8493
2377,3669,4157,5529,5005,3659,4694,7927,5933,3548,3985,5122,4586,3299,3617,3785,3679,-8.62437,10.3729,8.54646,48.1293
2378,3427,3435,3256,3065,4038,3733,3484,3247,5998,4812,3663,3339,12763,6180,3868,3310,30.179,-28.7905,8.66891,47.7453
2379,11282,7082,4186,3496,5707,4910,3840,3470,3883,3785,3516,3123,3440,3341,3327,3145,-32.3201,-20.9853,8.68287,47.6887
2380,3182,3810,4700,5997,3276,3877,5903,9206,3360,3778,4834,6153,3125,3326,3958,3956,-6.30111,21.9945,8.86616,48.294
2381,3473,3516,3362,3121,4386,4341,3697,3346,6846,6854,4286,3684,6663,6784,4375,3546,14.8082,-14.5612,8.50775,48.1867
2382,3380,3995,5976,9997,3366,3707,5320,8038,3261,3515,3863,4509,3069,3203,3456,3439,-18.1452,24.596,8.91016,48.0627
2383,4017,4149,3586,3196,5266,6024,4131,3639,6290,7574,4481,3631,4684,4847,3764,3462,3.1736,-12.155,8.59686,48.494
2384,3511,3480,3305,3075,4506,4170,3605,3182,8531,5561,3908,3432,8840,5610,4055,3420,15.7456,-23.2281,8.80178,48.1273
2385,3532,3547,3261,3066,4272,4265,3768,3231,6813,6393,4172,3528,7372,6879,4289,3536,16.0188,-16.1537,8.94513,47.9493
2386,4018,6435,9746,5982,3858,4471,5242,4597,3337,3652,3717,3753,3051,3352,3333,3375,-29.756,6.36698,8.96032,47.946
2387,3137,3492,3736,3919,3317,3736,4416,5456,3389,4001,6133,8561,3444,3858,5306,6419,9.3309,20.6438,8.58153,48.2133
2388,3374,3363,3385,3139,3754,3765,3429,3235,5532,5112,3946,3468,9995,8261,4378,3425,30.8641,-17.1885,8.65568,47.7073
2389,3604,4550,8479,8922,3542,3989,5393,5797,3358,3570,3987,4011,3011,3226,3346,3466,-23.4755,15.6335,8.8273,48.1673
2390,3419,3255,3224,3119,3914,3893,3516,3247,5557,4996,3902,3543,9999,8378,4439,3377,31.7914,-17.128,8.81032,47.852
2391,6069,8547,5296,3893,5055,6644,4686,3757,3901,4056,3747,3473,3444,3391,3262,3179,-18.6648,-8.15325,8.90165,48.2667
2392,3347,3353,3266,3200,4033,3745,3473,3220,6629,4808,3831,3322,12280,6026,3878,3382,24.1869,-28.1301,8.79343,47.862
2393,3240,3649,4243,4901,3371,3869,5769,7989,3318,3931,5251,7141,3161,3481,4152,4455,-1.74454,20.7458,8.74582,47.9473
2394,6044,9206,5801,3991,4872,6023,4538,3844,3722,3906,3652,3428,3399,3539,3314,3213,-22.3984,-7.57914,8.5367,48.328
2395,3084,3205,3375,3445,3252,3496,3789,3720,3549,4193,5438,5161,3689,4960,9392,8224,26.1255,12.8668,8.79425,47.9813
2396,3389,3820,4078,3971,3704,4676,6553,4845,3880,4971,7150,5137,3527,4037,4505,4192,1.63971,7.44899,8.79719,48.29
2397,8152,5184,3705,3366,9112,5249,3845,3413,4945,4196,3554,3299,3759,3600,3323,3119,-12.9046,-28.9702,8.52612,47.8807
2398,3643,3780,3565,3359,4129,4696,4111,3642,5137,8089,5490,3848,4651,5885,4681,3790,9.91894,-5.78865,8.86408,48.3307
2399,3112,3266,3256,3306,3253,3544,3853,3783,3655,4058,5312,5089,3691,4847,9557,8246,28.6223,13.0264,8.82552,47.8853
2400,3168,3288,3409,3454,3381,3600,3981,3803,3775,4724,6572,4943,3989,5466,8815,5799,19.732,7.91543,8.9246,48.1113
2401,3278,3277,3435,3364,3369,3582,3723,3788,3647,4347,5125,4847,3796,5542,9909,6926,31.7214,9.17534,8.92774,47.97
2402,3787,3823,3424,3218,5051,4782,3823,3326,8008,6691,4085,3449,6072,5237,3875,3492,9.29763,-17.5179,8.57201,48.0953
2403,3087,3362,3669,3747,3381,3623,4452,5392,3362,3861,5170,9675,3366,3821,4940,6957,9.89298,33.9252,8.52158,47.91
2404,4048,6059,9687,6113,3727,4674,5670,4635,3351,3694,3890,3762,3238,3289,3346,3276,-24.6145,6.82318,8.87446,48.306
2405,4350,4639,4118,3507,5243,7615,5028,3715,4864,6134,4564,3636,3923,4178,3739,3393,-3.211,-7.78566,8.86284,48.4307
2406,8428,5265,3732,3420,9426,5285,3742,3298,4966,4212,3612,3279,3682,3481,3254,3067,-13.2834,-28.0888,8.85751,48.0993
2407,3281,3445,3213,3037,3689,3834,3595,3553,4940,5448,4441,3716,6655,9773,5684,3886,26.2761,-8.63134,8.52334,48.1267
2408,7182,9071,5065,3810,5497,5700,4333,3611,3869,3877,3618,3441,3283,3451,3232,3124,-22.4286,-11.441,8.6401,48.1093
2409,3324,3701,5214,7962,3416,3787,5163,9627,3297,3465,4213,5061,3134,3283,3567,3721,-12.4014,31.8838,8.91876,47.9567
2410,9603,7244,4252,3501,6712,5451,4010,3447,4123,4023,3608,3231,3376,3337,3273,3094,-20.8076,-18.9689,8.58773,48.19
2411,4899,5012,4072,3438,6378,7707,4505,3578,4903,5580,3935,3560,3967,3871,3473,3418,-5.47935,-12.1512,8.63537,48.1973
2412,6464,9274,5499,3738,5032,5910,4408,3819,3788,3999,3608,3343,3430,3444,3309,3188,-22.0191,-8.83629,8.98399,48.1687
2413,3767,4086,4068,3657,4250,5771,5847,4213,4015,6025,6177,4211,3702,4297,4383,3799,0.703436,0.172054,8.59093,48.1787
2414,3704,4087,4906,4582,3711,4975,7831,5490,3526,4329,5800,4527,3443,3574,3977,3750,-4.37732,8.00188,8.67405,48.1413
2415,3180,3203,3368,3497,3268,3441,3915,4337,3309,3750,5128,7962,3365,3956,5636,10160,18.3072,30.7979,8.68342,47.65
2416,3497,3740,3717,3396,3944,4693,4715,4032,4291,6768,7061,4388,4050,4964,4995,4049,8.14513,0.562724,8.78561,48.2
2417,3596,4534,7228,7056,3551,4206,6700,6521,3414,3610,4238,4168,3176,3295,3521,3581,-16.0081,14.2561,8.9926,48.2633
2418,11577,7195,4080,3313,5945,4907,3869,3375,3942,3788,3498,3246,3425,3291,3127,3088,-29.208,-22.3281,8.59416,47.7773
2419,4200,6704,9742,5708,3878,4655,5185,4407,3514,3704,3676,3675,3273,3300,3400,3222,-28.1926,4.72934,8.99944,48.162
2420,3126,3287,3535,3533,3261,3563,4179,4721,3386,3988,5972,8246,3341,3981,5722,7895,14.0838,21.126,8.59026,47.824
2421,3479,3610,3416,3110,4420,4278,3594,3362,7368,6196,4052,3372,7821,6357,4219,3453,15.5079,-18.4414,8.79586,48.0713
2422,3532,3479,3402,3183,4194,4212,3635,3426,6083,6626,4348,3629,6915,7557,4655,3681,17.5272,-13.4148,8.76728,48.3713
2423,8297,5287,3888,3412,9345,5188,3763,3473,4879,4260,3590,3273,3549,3598,3334,3066,-13.4585,-32.5762,8.66558,48.1347
2424,3615,4863,8470,7400,3537,4312,6054,5664,3403,3644,3918,3944,3062,3255,3391,3311,-20.5378,12.6016,8.60077,47.8953
2425,3275,3663,4921,5670,3459,3970,6279,8719,3286,3812,4849,5888,3225,3482,3845,4062,-6.28518,20.3281,8.82785,48.27
2426,4402,4498,3788,3385,6028,6970,4244,3451,5631,6524,4266,3605,4043,4256,3735,3365,-1.03779,-12.2711,8.67104,48.1273
2427,3586,3518,3312,3212,4485,4110,3562,3315,8027,5959,4119,3407,8104,6139,4110,3460,15.2635,-19.9816,8.77507,48.2833
2428,3336,3676,4150,4043,3535,4216,6363,5377,3585,4576,7407,5901,3443,3822,4509,4482,2.22375,11.5457,8.76992,48.2807
2429,3195,3315,3731,3875,3206,3602,4388,5532,3358,3901,5338,9726,3383,3807,4968,6836,9.70339,30.0232,8.61953,48.1073
2430,3096,3319,3328,3314,3332,3595,3927,3676,3820,4444,5652,4867,3914,5764,9705,6534,24.4585,8.65116,8.89663,48.1913
2431,6679,9783,5559,3795,4875,5346,4363,3659,3832,3873,3571,3353,3374,3289,3276,3121,-33.6819,-9.64357,8.51803,47.832
2432,3550,4583,9131,8652,3590,4086,5202,5480,3275,3437,3884,3894,3204,3208,3292,3387,-33.216,14.428,8.79365,47.9033
2433,4539,7886,8662,4803,4195,4761,5026,4161,3557,3766,3799,3571,3241,3371,3373,3243,-32.6751,1.02568,8.95155,47.9693
2434,3722,3999,3973,3755,4027,5612,5801,4150,4192,6218,6531,4161,3953,4261,4389,3812,1.59175,0.164229,8.85413,48.3707
2435,4490,4182,3464,3298,7705,4757,3563,3267,8830,4987,3826,3380,4907,4293,3538,3296,1.6804,-31.4617,8.53748,47.8553
2436,3211,3237,3357,3468,3222,3468,3840,3912,3390,4029,5108,5572,3407,4345,8655,9458,32.963,16.6403,8.54417,47.786
2437,7541,9604,5124,3738,5060,5209,4246,3553,3823,3802,3542,3374,3319,3306,3289,3122,-31.743,-11.4255,8.64948,47.768
2438,3112,3410,3766,3940,3400,3634,4704,5791,3283,3985,5754,9318,3397,3796,4870,6150,7.58122,23.0913,8.69128,48.2067
2439,13150,6014,3853,3363,6060,4683,3830,3386,3970,3706,3459,3302,3362,3334,3181,3065,-29.0834,-29.7202,8.99208,47.812
2440,3173,3278,3396,3371,3431,3660,3752,3717,3811,4563,5319,4663,3930,5982,9831,6113,32.9134,7.15366,8.61935,47.9933
2441,3964,6170,9691,6026,3828,4575,5251,4824,3357,3691,3820,3752,3225,3440,3397,3259,-32.5361,6.91984,8.54705,48.18
2442,4448,6888,7381,4830,4173,5674,5884,4361,3651,3921,3896,3749,3307,3375,3473,3258,-18.5432,1.09947,8.54116,48.1793
2443,6258,8324,5224,3834,5272,6600,4662,3780,3877,4088,3793,3362,3454,3429,3383,3180,-18.5784,-9.25695,8.62102,48.3467
2444,3838,4020,3936,3474,4417,5970,4967,3908,4587,7104,5427,3893,3981,4602,4220,3628,2.05861,-4.05506,8.57286,47.9813
2445,5447,5468,4106,3515,6884,7877,4386,3529,4857,5051,3781,3418,3751,3736,3461,3224,-8.76485,-13.47,8.94765,48.3273
2446,3212,3386,3390,3394,3372,3823,4270,3779,3754,4791,7133,5466,3738,5128,7831,5795,16.7468,8.63747,8.89513,48.1747
2447,3105,3202,3513,3462,3246,3571,4136,4406,3434,4082,5685,7962,3422,4083,6234,8564,16.2485,20.7543,8.50215,48.0713
2448,10983,6222,3865,3326,7176,4971,3625,3406,4154,3842,3408,3228,3475,3360,3175,3075,-21.2212,-25.8242,8.52855,47.5273
2449,3487,3801,3835,3608,3965,4935,5461,4207,4256,6312,6896,4386,3810,4434,4713,3968,3.77171,1.42861,8.51675,48.0493
2450,3503,4494,8679,9253,3392,4144,5389,5441,3231,3627,3807,3909,3212,3234,3487,3341,-33.4755,15.83,8.65019,48.0953
2451,9651,7081,4341,3470,6731,5556,3981,3411,4193,4011,3516,3323,3499,3358,3243,2957,-20.4851,-19.5791,8.69155,48.2147
2452,3305,3645,4043,3984,3424,4142,5833,4940,3546,4675,7779,5951,3393,4005,4978,4538,4.2259,10.8479,8.71295,48.1207
2453,3434,3393,3266,3156,3990,3815,3432,3211,6061,4775,3830,3436,12437,6097,3903,3292,33.345,-27.8804,8.51974,47.6853
2454,3331,3468,3359,3159,4025,4118,3712,3356,5272,6522,4743,3767,6333,8372,5143,3823,19.1464,-9.66934,8.85204,48.3353
2455,3193,3272,3388,3259,3534,3792,3857,3653,3827,4388,5176,4571,3966,6140,9902,6148,31.3341,6.9287,8.6335,48.044
2456,11510,6543,4115,3420,6490,5042,3792,3399,4060,3734,3463,3270,3401,3290,3235,3084,-24.5024,-23.2807,8.79929,47.8987
2457,3140,3350,3823,3967,3349,3745,4660,6492,3261,3826,5239,9755,3386,3658,4619,5810,5.58483,33.4337,8.84769,48.0533
2458,4448,6045,5763,4243,4521,6739,6366,4261,3732,4295,4182,3798,3397,3532,3529,3414,-13.184,-1.19061,8.59755,48.1767
2459,3639,3609,3160,3202,4718,4081,3555,3255,8671,5375,3839,3371,8874,5693,3871,3339,15.3442,-25.2211,8.88615,48.168
2460,3145,3464,3931,4353,3307,3721,4626,6921,3401,3778,5103,9435,3268,3673,4390,5582,3.91084,31.1655,8.59186,48.0653
2461,4256,7278,9302,5323,3949,4589,5040,4283,3410,3776,3701,3698,3219,3439,3329,3246,-30.4011,3.41601,8.90543,47.892
2462,3743,3528,3321,3121,4829,4137,3514,3309,9224,5180,3850,3326,8527,5273,3871,3318,13.7826,-30.2047,8.88443,48.0473
2463,3297,3598,3650,3578,3735,4389,5046,3998,3973,6003,7855,4699,3813,4731,5390,4357,8.25905,4.00738,8.95054,48.0747
2464,3149,3198,3357,3382,3149,3376,3738,3942,3405,3760,4788,6355,3329,4026,5981,12695,26.9332,29.2405,8.82421,47.7533
2465,4752,6384,5062,3879,5018,7772,5514,3921,4092,4528,4163,3601,3491,3554,3444,3285,-12.3596,-5.52717,8.78765,48.3067
2466,4231,5011,4555,3745,4773,7512,6034,4053,4225,5401,4590,3779,3719,3803,3654,3465,-5.77016,-3.40445,8.52377,48.3667
2467,3467,3357,3256,3105,4007,3759,3436,3170,5994,4831,3674,3331,12276,6323,3969,3382,30.5217,-25.6507,8.62711,47.558
2468,3112,3342,3298,3442,3223,3562,3710,3795,3522,4245,5234,5395,3467,4707,9051,8772,31.9671,14.559,8.66005,47.918
2469,3333,4177,6952,11815,3288,3827,4922,6157,3275,3536,3768,3933,3055,3103,3418,3356,-26.8745,23.2521,8.71477,47.9433
2470,5807,9617,6728,4205,4512,5282,4604,3922,3629,3802,3659,3541,3186,3382,3270,3113,-27.4516,-5.09217,8.5396,48.1727
2471,5927,7621,5153,3804,5305,7073,4796,3758,3975,4208,3787,3399,3362,3509,3361,3244,-16.4952,-8.68131,8.52219,48.188
2472,7676,8754,4750,3745,5549,5847,4245,3689,3885,3914,3606,3261,3299,3411,3314,3135,-22.8207,-12.8081,8.51849,48.0533
2473,5551,5526,4157,3308,7006,7500,4339,3541,5046,4979,3842,3344,3808,3808,3518,3290,-8.27819,-14.0909,8.65044,48.3753
2474,8269,7054,4256,3475,7116,6110,4208,3411,4281,4082,3720,3240,3532,3554,3243,3089,-17.338,-17.5209,8.86632,48.4267
2475,3115,3263,3334,3384,3215,3404,3790,3839,3447,3814,4786,6246,3394,3967,6099,12599,25.479,33.9911,8.91093,47.7973
2476,3104,3313,3448,3362,3250,3499,3685,3951,3446,3829,5078,5818,3440,4181,7214,11271,31.9145,20.8559,8.52217,47.926
2477,3452,3993,4263,3894,3853,5052,6517,4528,3780,5494,6790,4516,3546,3979,4431,4019,0.639879,4.52702,8.81021,48.0713
2478,3256,3924,5898,10702,3407,3822,5103,7752,3239,3466,4017,4180,3046,3261,3410,3532,-19.4025,28.0021,8.69838,48.01
2479,3594,4158,5319,4791,3639,4718,7843,5850,3499,4169,5431,4762,3288,3496,3890,3733,-6.52349,10.0348,8.73987,48.12
2480,7459,7583,4554,3617,6238,6353,4282,3463,4158,4097,3746,3365,3463,3428,3281,3127,-18.0804,-14.4598,8.7952,48.1427
2481,3436,4179,7155,11655,3355,3890,5088,6313,3227,3449,3880,3984,3044,3114,3408,3380,-25.9337,21.6311,8.9756,48.3713
2482,3288,3834,4963,7430,3304,3813,5430,9788,3304,3593,3964,5215,3172,3373,3584,3768,-11.0011,27.3035,8.75869,47.882
2483,10449,7584,4267,3387,5700,5051,3910,3370,4050,3893,3519,3196,3492,3452,3221,3219,-33.1369,-19.1159,8.5415,47.84
2484,3201,3379,3870,4070,3321,3721,4617,6187,3377,3984,5169,9604,3325,3719,4701,5819,6.22431,33.6776,8.59144,48.0427
2485,5327,4297,3662,3271,9168,5159,3689,3357,7003,4723,3692,3308,4323,4015,3534,3239,-3.44828,-32.5053,8.72135,47.8447
2486,3298,3481,4190,4905,3279,3642,5084,8558,3272,3799,4775,8102,3219,3583,4166,4635,-0.477235,27.5136,8.87029,47.992
2487,3120,3253,3475,3297,3167,3414,3619,3955,3328,3829,4793,6449,3367,3916,6061,12365,25.891,28.7455,8.95505,47.6053
2488,3300,3386,3933,3921,3374,3793,4744,5259,3454,4025,7124,7622,3448,3899,5350,5753,8.01564,16.7499,8.69851,48.2567
2489,6876,9919,5673,3750,4867,5245,4321,3652,3715,3878,3660,3311,3365,3346,3231,3237,-29.0654,-8.81453,8.67136,48.0307
2490,3650,3752,3558,3369,4219,4919,4118,3557,5102,8101,5375,4029,4666,5824,4709,3642,9.25167,-6.54956,8.84838,48.3933
2491,3107,3187,3338,3354,3262,3387,3810,4010,3343,3816,4702,6285,3391,4014,6037,12510,25.8522,31.8959,8.97665,47.702
2492,11373,6920,3965,3326,5826,5079,3855,3299,3931,3867,3534,3208,3269,3471,3291,3192,-31.9813,-22.3357,8.65786,47.604
2493,3090,3436,3738,3875,3356,3720,4592,5319,3527,4130,6617,8491,3365,3882,5148,6061,8.81227,18.6256,8.6728,48.2313
2494,3288,3282,3222,3078,3687,3818,3733,3371,4706,5677,4626,3773,6308,9707,5872,4036,25.8171,-7.7526,8.59464,48.1227
2495,3419,3456,3320,3188,4495,4099,3580,3281,8611,5021,3826,3398,9354,5446,3934,3325,16.0777,-31.4845,8.69275,47.8353
2496,3403,3903,6021,12268,3337,3666,4712,6069,3125,3543,3827,3892,3114,3284,3497,3415,-31.8617,30.0098,8.51376,47.384
2497,3767,3734,3303,3206,5247,4297,3589,3167,9746,5196,3815,3393,7107,4964,3845,3262,10.5374,-33.0009,8.81771,47.7587
2498,3452,3781,3855,3633,3753,4532,5548,4188,4013,5847,7760,4741,3798,4351,4870,4169,5.20522,4.28379,8.96711,48.194
2499,3171,3337,3317,3315,3293,3647,3905,3773,3681,4398,5142,4884,3958,5571,9937,6798,32.1077,9.48582,8.89842,48.0847
2500,10442,6036,3960,3321,7618,5141,3771,3400,4284,4013,3497,3174,3448,3480,3361,3112,-19.49,-26.2175,8.57587,48.0387
2501,7633,9580,5266,3672,5069,5254,4277,3646,3834,3802,3496,3426,3441,3348,3268,3089,-29.7365,-11.5694,8.69744,48.0673
2502,3508,3612,3380,3315,3950,4411,4137,3554,4900,7770,5635,4040,4750,6464,5145,4019,12.7451,-4.76684,8.91596,48.3933
2503,3091,3370,3318,3460,3297,3582,3762,3879,3476,4178,5125,5455,3569,4581,8800,9140,32.1428,15.3133,8.58022,48.0553
2504,3511,3991,6209,8729,3415,3899,5644,7911,3203,3649,4134,4552,3219,3294,3559,3547,-16.2014,21.7991,8.67969,48.3107
2505,4062,3799,3394,3167,6189,4626,3649,3335,9414,5771,3789,3352,6165,4850,3737,3153,7.11487,-23.086,8.89547,48.3013
2506,3461,4321,7635,10496,3456,3919,4931,5929,3262,3420,3846,4017,3039,3168,3383,3455,-26.3583,19.2403,8.57189,47.8253
2507,3713,4325,5884,5007,3724,4868,8245,5817,3464,4016,4866,4369,3264,3604,3803,3671,-9.41731,9.64817,8.79106,48.4267
2508,3078,3294,3417,3355,3232,3475,3810,3837,3441,4049,5138,5524,3509,4537,8478,9809,29.5652,17.0018,8.74426,47.9887
2509,3463,4273,7619,10003,3464,3975,5233,6063,3304,3594,3856,3995,3123,3239,3361,3394,-24.4632,18.4422,8.52191,47.9727
2510,3125,3273,3552,3477,3247,3578,4108,4254,3397,4002,5667,7269,3445,4196,6541,9185,18.3679,20.3966,8.75527,48.2107
2511,3055,3220,3373,3406,3237,3532,3716,3984,3531,3911,5104,6502,3507,4183,7213,10623,23.3491,20.339,8.9392,48.0647
2512,3171,3274,3518,3602,3214,3597,4066,4583,3306,3818,5096,8788,3456,3903,5387,9218,15.6087,30.1305,8.76538,47.998
2513,5036,4326,3568,3215,8762,5000,3633,3307,7522,4769,3871,3300,4605,4076,3506,3178,-1.68266,-31.3816,8.60148,47.7827
2514,3558,4197,7117,9680,3408,3982,5425,6781,3134,3478,3948,4184,3055,3192,3434,3497,-20.3456,19.3308,8.9964,48.0467
2515,3433,3979,5276,5577,3480,4289,7438,7198,3350,3882,5056,5211,3276,3425,3872,3828,-7.13927,14.8129,8.77518,48.38
2516,3452,3529,3403,3327,3885,4385,4051,3609,5024,7505,5302,3974,5086,6694,5186,3956,13.8761,-5.85797,8.80576,48.2453
2517,5176,4587,3790,3313,8615,5867,3947,3324,6656,5033,3799,3268,4300,4056,3471,3296,-3.60431,-20.8381,8.98891,48.332
2518,3747,4685,6222,4941,3819,5195,8077,5353,3519,3955,4639,4173,3347,3474,3673,3642,-11.5823,7.521,8.66388,48.3073
2519,3209,3325,3312,3328,3448,3679,3906,3773,3608,4501,5789,4944,3973,5606,9490,6440,23.1267,8.4582,8.76316,48.2207
2520,7274,5421,3808,3353,8863,5889,3894,3447,5033,4239,3624,3378,3792,3645,3335,3072,-12.1086,-22.0525,8.56066,48.0447
2521,11935,6854,3961,3498,5966,4911,3747,3325,3959,3773,3524,3135,3440,3402,3266,3074,-30.2559,-23.0279,8.70434,47.8467
2522,7481,4953,3814,3303,9635,5261,3882,3341,4971,4371,3572,3341,3684,3692,3247,3177,-11.6103,-33.1,8.60602,47.8167
2523,4319,4111,3589,3234,6372,5458,3963,3476,7596,6406,3976,3519,4887,4494,3640,3247,2.71597,-17.7378,8.80795,48.1913
2524,6565,9669,5676,3955,5047,5803,4458,3668,3760,3822,3733,3288,3345,3413,3268,3204,-23.5237,-8.57294,8.8505,48.4493
2525,3448,4026,6014,8461,3493,3933,5955,8050,3252,3538,4223,4488,3154,3180,3532,3609,-15.3555,20.5069,8.82113,48.2373
2526,3277,3735,4625,5208,3420,3962,6062,8132,3363,3839,5127,6573,3175,3510,4073,4320,-3.30806,19.9602,8.5884,48.2673
2527,3092,3208,3453,3366,3235,3516,3896,3946,3468,3944,4831,5864,3380,4101,6926,11525,28.662,22.103,8.56421,47.834
2528,3250,3466,3748,3786,3441,3891,5075,4674,3609,4699,7978,6072,3594,4269,5515,5159,8.76117,11.3019,8.55701,48.1507
2529,3513,4348,7637,10071,3434,3929,5364,6318,3214,3502,3870,4063,3037,3304,3358,3367,-22.6192,18.8413,8.92539,48.2193
2530,3352,3874,5943,12377,3432,3759,4851,6528,3245,3344,3666,3943,3014,3349,3446,3441,-24.4206,32.4673,8.80538,47.7093
2531,3308,3400,3292,3290,3841,3842,3701,3425,4938,5974,4515,3734,6102,9389,5717,3984,21.8836,-7.95163,8.71573,48.3013
2532,3425,3898,6131,12500,3394,3774,4917,6269,3209,3453,3794,3878,3143,3298,3297,3386,-27.2586,26.4355,8.93447,47.844
2533,3624,3829,3608,3293,4445,4793,4005,3490,5825,8032,4913,3674,5013,5887,4428,3640,9.95071,-9.82814,8.51477,48.3327
2534,8915,8961,4624,3511,5346,5192,4057,3528,3794,3830,3583,3312,3431,3345,3231,3103,-30.9146,-14.7735,8.71287,47.842
2535,3664,3747,3721,3442,4011,5160,4773,3838,4441,7315,6390,4137,4199,4802,4591,3923,6.36934,-1.79955,8.63888,48.1027
2536,3617,3973,3774,3361,4215,5467,4794,3654,4784,7322,5781,4033,4110,4751,4486,3780,4.31581,-3.58666,8.67728,47.9347
2537,3101,3305,3566,3595,3223,3675,4221,4647,3355,3913,5751,8496,3454,3947,5636,8184,14.1334,22.0247,8.89834,48.046
2538,3161,3125,3361,3364,3303,3321,3890,4010,3422,3834,4947,6538,3325,3848,5933,12145,24.2262,33.629,8.90611,47.6847
2539,3230,3228,3293,3207,3389,3585,3883,3690,3821,4587,5117,4485,4137,6829,9696,5612,30.409,4.79953,8.9819,47.8593
2540,3245,3552,4180,4981,3252,3704,5031,8590,3321,3567,4982,8279,3374,3587,4122,4781,-0.269533,27.0145,8.90771,48.3653
2541,3361,3874,6024,12583,3382,3723,4732,5894,3297,3380,3768,3806,3176,3346,3372,3356,-29.4775,33.2341,8.64304,47.3827
2542,3111,3300,3701,3754,3277,3601,4371,5157,3497,3964,6093,9135,3322,3877,5404,6923,10.4393,21.3911,8.58889,48.3247
2543,3819,3598,3350,3148,5591,4316,3674,3359,9543,5713,3953,3373,6796,5021,3801,3294,9.41918,-24.8431,8.52625,48.2327
2544,3924,6019,9820,6277,3856,4424,5303,4608,3350,3523,3876,3546,3241,3373,3434,3416,-28.5689,7.67311,8.70158,47.9933
2545,3337,3463,3234,3140,3880,3875,3485,3197,5450,5185,3989,3415,9578,8611,4438,3532,30.0339,-16.089,8.57649,47.8727
2546,4053,5149,5652,4428,4072,6338,7432,4640,3740,4216,4572,3974,3471,3550,3626,3472,-9.8753,2.37641,8.89226,48.2567
2547,3514,3996,5948,11523,3368,3670,4955,7155,3308,3483,3829,4086,3110,3134,3340,3466,-21.3461,32.363,8.87136,47.9233
2548,4360,4415,3705,3213,6319,6071,3974,3514,6532,6388,4150,3535,4568,4425,3750,3384,0.706351,-15.6034,8.60798,48.202
2549,4506,4572,3924,3398,5800,7302,4566,3586,5222,6332,4253,3551,4130,4222,3708,3431,-2.06848,-11.3111,8.75148,48.3353
2550,4533,6613,6908,4677,4242,6019,6101,4333,3667,3999,4119,3766,3351,3404,3528,3270,-16.8671,0.462075,8.63907,48.3533
2551,11646,6228,4025,3418,6911,4974,3899,3378,4078,3818,3436,3230,3468,3328,3304,3134,-22.6613,-26.2081,8.71099,48.1833
2552,3508,3561,3513,3431,3845,4561,4301,3804,4409,7005,6460,4140,4435,5858,5452,4142,11.7721,-1.22541,8.65736,48.2833
2553,3124,3223,3399,3292,3259,3655,3806,3822,3467,3989,5289,5474,3544,4727,8827,9001,26.5015,15.0459,8.57452,47.932
2554,3393,4179,7573,10780,3430,4045,4984,5887,3133,3483,3873,4078,3185,3161,3430,3413,-26.4678,19.896,8.7312,48.018
2555,3148,3237,3277,3352,3230,3415,3720,3935,3384,3816,4889,6372,3290,3987,5921,12080,24.5012,33.538,8.63357,47.3687
2556,3254,3406,4009,4581,3389,3723,4674,7648,3422,3697,5029,9027,3245,3638,4337,5145,1.88128,31.5375,8.88988,48.1493
2557,3348,3299,3300,3217,3653,3752,3686,3380,4564,5263,4327,3843,6154,9939,6139,4029,29.4044,-6.97683,8.78234,47.9287
2558,3369,3825,4301,4202,3599,4392,6743,5654,3555,4414,6893,5731,3449,3811,4393,4288,0.535149,11.7236,8.94226,48.4127
2559,4421,4144,3630,3362,6700,5906,3972,3405,7100,6264,3984,3391,4725,4399,3753,3291,0.927044,-17.1779,8.928,48.298
2560,3064,3243,3307,3495,3344,3385,3808,3966,3454,3724,4780,5896,3368,3924,6429,12462,30.9286,25.492,8.68989,47.766
2561,4937,7695,6628,4389,4480,5854,5524,4090,3655,4059,3956,3548,3265,3336,3364,3261,-19.2703,-2.01361,8.64674,48.0273
2562,4696,6320,5070,3887,5035,7732,5619,3957,3888,4392,4146,3558,3487,3627,3521,3325,-12.0267,-5.01731,8.57005,48.1733
2563,3524,4065,6133,9513,3473,3964,5482,7760,3241,3486,3979,4372,3118,3236,3384,3528,-17.7842,22.1766,8.87505,48.172
2564,3604,4829,8041,6857,3683,4327,6498,5752,3286,3678,4139,4080,3100,3346,3426,3523,-18.097,12.2866,8.84639,48.1127
2565,5124,7860,5801,4112,4714,6544,5260,3882,3834,4088,3868,3548,3324,3380,3324,3229,-17.7781,-4.98617,8.67699,47.928
2566,3666,3946,3868,3605,4105,5544,5005,3875,4509,7126,6058,4084,4022,4628,4466,3978,4.01693,-2.03596,8.50873,48.3233
2567,4153,3780,3423,3258,6754,4624,3681,3251,9455,5463,3814,3348,5767,4582,3738,3227,5.46447,-26.4047,8.67954,48.212
2568,3066,3198,3358,3469,3260,3404,3783,4055,3350,3937,4832,6418,3286,4077,6500,11772,25.1862,24.5109,8.56598,47.8433
2569,3068,3211,3492,3375,3295,3472,3856,4101,3469,3768,4963,7148,3305,3881,5903,11459,21.9059,27.8793,8.76756,47.844
2570,3363,3667,4396,5003,3258,3837,5045,8806,3280,3757,4726,7776,3306,3449,3944,4607,-1.67698,29.361,8.57439,48.1467
2571,4970,5107,3899,3393,6875,7545,4457,3594,5150,5437,3950,3454,3892,3842,3523,3234,-6.06562,-13.5797,8.95475,48.2147
2572,3338,3362,3343,3179,3771,3864,3834,3416,4516,5910,4909,4024,5336,8902,6690,4308,21.604,-3.87966,8.94126,48.468
2573,3143,3370,3329,3279,3397,3608,3786,3736,3821,4554,5065,4586,4148,6547,9882,5966,30.9494,5.76704,8.73101,48.1447
2574,3106,3385,3731,4047,3251,3699,4535,6097,3357,3781,5297,9905,3355,3743,4749,6231,6.96646,26.7559,8.87138,48.1793
2575,4296,3788,3475,3138,6889,4693,3660,3516,9585,5029,3817,3485,5729,4513,3591,3199,4.65921,-30.1426,8.59302,48.2687
2576,3368,3972,5982,9862,3310,3847,5182,7879,3218,3410,4010,4399,3272,3254,3421,3529,-18.1283,25.0317,8.57783,47.9433
2577,3580,4950,8931,7687,3539,4158,5870,5385,3341,3648,3787,3978,3086,3263,3317,3449,-22.6479,12.5934,8.70279,47.9793
2578,5834,9446,6350,4101,4729,5520,4671,3839,3694,3808,3705,3367,3269,3403,3278,3238,-24.5082,-5.60727,8.91115,48.168
2579,3590,3931,3793,3520,4101,5441,5228,3954,4403,6876,6317,4129,3988,4555,4461,3878,3.83996,-1.49084,8.71648,48.11
2580,3611,4983,9757,7620,3564,4245,5366,5025,3298,3563,3843,3851,3179,3294,3349,3323,-33.1925,11.4998,8.78884,47.914
2581,6564,10160,5680,3890,4727,5262,4406,3821,3693,3752,3585,3438,3333,3448,3281,3213,-31.0266,-8.61631,8.96275,48.1687
2582,4999,7186,5758,4190,4702,6815,5439,4158,3814,4147,3968,3479,3382,3534,3421,3311,-16.015,-4.0642,8.56529,48.202
2583,7285,4982,3773,3315,9804,5334,3866,3282,5457,4252,3552,3224,3783,3675,3350,3120,-10.172,-27.0384,8.77674,48.036
2584,3148,3430,3646,3672,3412,3550,4427,4893,3400,3946,6222,8552,3419,3990,5507,7188,12.2828,20.0993,8.80726,48.268
2585,3362,3418,3210,2990,3786,3851,3496,3315,5327,5461,4185,3715,7740,9437,5013,3721,25.8051,-12.2256,8.77833,48.018
2586,5760,8231,5500,3910,5003,6679,5009,3932,3843,4056,3799,3445,3315,3466,3496,3190,-18.0467,-6.92114,8.66766,48.4227
2587,3592,3954,4426,4007,3694,5077,7169,4855,3815,4791,6501,4788,3596,3790,4295,3887,-0.901621,6.77567,8.70096,48.158
2588,4889,4562,3830,3360,7179,6496,4098,3538,6269,5696,3976,3374,4141,4054,3506,3257,-3.18954,-16.5685,8.61522,48.15
2589,3696,3743,3476,3197,4959,4216,3817,3315,8350,6122,4118,3447,7037,5578,3912,3391,11.6768,-19.9653,8.81533,48.2493
2590,3421,3330,3332,3172,3888,3853,3350,3264,5979,4917,3899,3338,11827,6909,3912,3339,33.6798,-22.4996,8.82646,47.82
2591,3405,4188,7555,10790,3439,4006,5039,5799,3250,3489,3851,3840,3076,3277,3466,3363,-32.2003,19.4339,8.58774,47.8887
2592,3377,3567,3517,3287,3751,4202,4005,3585,4732,6859,5463,4211,4933,6973,5802,4266,15.7695,-3.79934,8.68078,48.3533
2593,9280,5287,3861,3437,8846,5079,3703,3442,4706,4069,3494,3238,3520,3481,3196,3064,-15.4034,-29.7478,8.87278,47.802
2594,3182,3386,3581,3458,3343,3655,4391,4411,3543,4494,7111,6580,3509,4290,6796,6529,14.1251,13.8565,8.68185,48.1727
2595,3364,3384,3359,3370,3655,4040,3926,3650,4321,5900,5661,4256,4701,7394,6886,4531,18.547,-1.24448,8.65644,48.2653
2596,8705,6979,4481,3594,6605,5701,4040,3543,4140,4146,3593,3345,3475,3475,3312,3095,-19.626,-17.6142,8.56514,48.1527
2597,8438,5712,4087,3297,8288,5625,3821,3348,4674,4033,3578,3281,3617,3684,3324,3113,-15.1588,-22.2868,8.51502,47.9467
2598,3314,3835,4971,7782,3377,3871,5223,9964,3221,3492,4098,5039,3107,3327,3485,3671,-12.1778,33.2109,8.96223,47.8513
2599,3408,3426,3441,3240,3769,4129,3924,3616,4695,6681,5592,4105,4760,7218,6142,4167,16.4183,-3.18698,8.54168,48.2087
2600,6763,7578,4612,3672,6009,6947,4504,3507,4114,4142,3697,3369,3495,3505,3326,3051,-16.5401,-12.6968,8.98785,48.194
2601,5184,4461,3639,3316,8686,5550,3861,3396,7173,5006,3804,3442,4386,4105,3389,3234,-2.60225,-22.8736,8.72231,48.4213
2602,3407,3324,3298,3130,3905,3815,3401,3299,5901,4743,3799,3362,12579,5988,3839,3393,33.7646,-29.5678,8.72718,47.4553
2603,3515,3578,3591,3409,3724,4497,4482,3916,4306,6786,6921,4454,4287,5120,5424,4337,10.7734,0.459196,8.61744,48.2313
2604,3099,3356,3523,3691,3198,3625,4150,4809,3414,3977,5627,8719,3384,3905,5667,8221,13.7881,22.7101,8.80246,48.2433
2605,10241,7806,4260,3369,5570,5001,3822,3550,3891,3893,3440,3215,3444,3487,3320,3104,-31.3296,-18.6951,8.73929,47.6087
2606,3209,3172,3452,3391,3246,3392,3831,3872,3342,3682,4755,6089,3444,3952,6015,12464,27.7136,29.3568,8.56091,47.5387
2607,3244,3483,3631,3667,3443,3823,4755,4474,3664,4748,8106,6236,3605,4219,5958,5325,10.0112,10.9818,8.95205,48.254
2608,3023,3274,3391,3431,3369,3586,3978,3967,3554,4180,5927,5611,3700,4761,8330,7303,20.1569,13.0615,8.71292,47.59
2609,7310,8131,4657,3647,5875,6399,4311,3655,4038,4078,3621,3243,3387,3385,3336,3166,-19.3201,-13.4743,8.75197,48.1593
2610,3311,3856,5536,9037,3383,3799,5110,8933,3246,3534,4110,4533,3025,3246,3486,3613,-15.2033,28.3204,8.87363,47.8387
2611,5082,4720,3795,3389,7356,6896,4203,3426,5846,5448,3946,3443,4175,4052,3553,3310,-4.05035,-16.4218,8.60631,48.4267
2612,7370,4925,3880,3333,9744,5302,3805,3355,5232,4270,3572,3364,3686,3587,3372,3125,-11.0543,-31.8065,8.99219,47.948
2613,3273,3666,5010,6909,3364,3750,5450,9706,3221,3662,4203,5551,3158,3339,3816,3989,-9.41308,25.8003,8.61129,48.0447
2614,3937,4262,3897,3576,4779,6548,4823,3624,4833,7023,5114,3784,4077,4332,4044,3650,1.01636,-6.14709,8.53703,48.202
2615,3749,3570,3289,3166,5055,4154,3544,3364,9587,5232,3719,3405,7821,5056,3785,3314,12.1872,-31.0235,8.7512,47.8733
2616,3346,3977,5515,9926,3356,3802,5040,8264,3279,3495,4066,4457,3121,3197,3442,3556,-17.5279,30.2108,8.5658,47.8927
2617,7151,6098,4067,3439,7909,6407,4133,3485,4717,4388,3613,3362,3754,3618,3351,3165,-13.0519,-17.7727,8.73951,48.438
2618,5279,8867,6807,4356,4522,5716,5039,3927,3570,3921,3806,3512,3404,3337,3276,3193,-22.1686,-3.23674,8.79765,48.3547
2619,3491,4013,6008,12452,3245,3750,4832,6298,3263,3421,3830,3935,3161,3232,3286,3332,-25.6264,32.089,8.80249,47.6993
2620,3481,3651,4130,4101,3619,4204,6017,5317,3604,4473,7446,5798,3457,3934,4660,4459,3.08046,10.8775,8.76095,48.234
2621,5824,7078,4709,3760,5578,7579,4745,3728,4125,4430,3805,3350,3463,3645,3348,3195,-14.4903,-10.2091,8.92933,48.2413
2622,3325,3424,3228,3193,3768,3876,3616,3490,4873,5236,4337,3751,6687,9937,5557,3906,29.3649,-8.98033,8.71913,48.136
2623,6884,10121,5497,3798,4999,5199,4294,3640,3731,3819,3589,3430,3388,3223,3363,3278,-31.9178,-9.91646,8.90084,48.1687
2624,3262,3460,3616,3502,3544,3970,4528,4170,3883,5127,7875,5375,3752,4786,6394,5102,11.7427,7.7103,8.80817,48.2307
2625,3247,3619,3777,3793,3575,4046,5449,4815,3722,4661,7989,6075,3560,4172,5190,4860,6.30987,10.8664,8.56988,48.3667
2626,3187,3335,3775,3806,3311,3602,4478,5363,3337,3813,5246,9688,3309,3753,4970,7130,9.93291,31.5282,8.5504,48.0687
2627,7100,9748,5423,3806,4884,5587,4229,3676,3809,3893,3533,3353,3365,3324,3313,3099,-25.1081,-10.1504,8.8195,48.0947
2628,3849,3611,3380,3289,4955,4507,3628,3312,8518,6505,4073,3397,6483,5442,3939,3419,10.2267,-19.1498,8.72583,48.2047
2629,3387,3896,5846,12644,3418,3691,4713,5947,3277,3381,3710,3860,3142,3174,3287,3391,-32.6615,33.7603,8.78113,47.176
2630,3127,3559,3960,4311,3344,3655,4913,7159,3369,3832,5202,9137,3419,3515,4430,5230,3.2174,26.6301,8.60089,48.108
2631,3386,4421,8420,9516,3451,4033,5157,5613,3340,3572,3760,3961,3008,3294,3348,3424,-33.1885,16.7835,8.55169,47.8027
2632,3524,4388,7632,10192,3510,3895,5245,6044,3291,3478,3845,3956,3062,3247,3317,3393,-25.3415,19.3055,8.52688,48.0127
2633,4911,4428,3557,3371,7473,6262,3977,3491,6505,5490,4013,3473,4292,4198,3488,3287,-2.198,-18.1073,8.77125,48.144
2634,8852,6456,4072,3450,7616,5947,4076,3354,4375,4092,3481,3293,3445,3449,3273,3002,-17.2947,-20.1199,8.95121,48.1553
2635,6260,7505,4683,3753,5768,7102,4484,3567,4133,4221,3684,3460,3485,3545,3285,3134,-15.9362,-11.2931,8.73178,48.046
2636,3535,4081,6862,11599,3492,3804,5025,6266,3276,3422,3885,3886,3132,3338,3357,3478,-26.0248,22.8701,8.8342,48.292
2637,5001,8512,7595,4682,4347,5207,4975,4081,3451,3722,3708,3543,3279,3421,3227,3300,-25.3121,-1.64472,8.75098,48.034
2638,5080,4218,3676,3281,8617,4999,3780,3305,7539,4791,3724,3464,4451,4032,3594,3288,-1.46703,-31.4701,8.58039,47.8927
2639,4180,3915,3426,3174,6188,4688,3598,3329,9679,5400,3829,3279,5952,4675,3770,3294,6.27357,-25.0162,8.75992,48.2507
2640,3206,3355,3592,3635,3391,3803,4569,4544,3590,4498,7722,6566,3686,4228,6039,5894,11.3098,13.0769,8.70248,48.212
2641,3723,3819,3732,3398,4518,5569,4368,3693,5286,8016,5069,3857,4516,5081,4348,3643,5.97512,-7.35858,8.57933,48.424
2642,3447,3342,3211,3229,3954,3693,3394,3240,5954,4720,3687,3388,12163,5877,3995,3494,33.1661,-33.0113,8.63135,47.192
2643,3583,3414,3199,3067,4714,4174,3513,3204,8906,5173,3784,3409,9154,5346,3795,3341,15.4748,-30.841,8.88234,47.8507
2644,3658,4583,8355,9944,3377,3967,5192,5583,3286,3478,3743,3805,3217,3252,3384,3449,-29.957,16.8248,8.73105,48.182
2645,3486,3432,3163,3102,4199,3828,3592,3173,7482,4791,3683,3373,11209,5871,3897,3315,20.7763,-28.346,8.78899,47.7307
2646,7505,7129,4317,3570,6553,6530,4242,3521,4332,4035,3702,3347,3384,3548,3307,3132,-16.5833,-15.2631,8.8603,48.1027
2647,9051,8371,4607,3519,5696,5449,4044,3538,3960,3892,3591,3447,3382,3438,3282,3141,-24.455,-15.8606,8.58223,48.272
2648,3480,3394,3190,3040,3940,3838,3489,3276,5793,5657,4166,3504,8437,8625,4640,3630,22.1746,-14.7317,8.84907,48.066
2649,3366,3613,3732,3608,3590,4270,4942,4176,3829,5667,8126,5269,3693,4503,5427,4415,8.12798,5.62177,8.8872,48.1507
2650,7263,5100,3737,3303,9847,5299,3850,3341,5267,4324,3544,3297,3791,3599,3405,3131,-10.785,-32.347,8.73691,48.0653
2651,10754,7578,4228,3384,5823,5090,3953,3467,3947,3906,3392,3274,3336,3378,3202,3052,-30.2724,-19.2698,8.73922,47.8427
2652,3248,3399,3534,3355,3420,3851,4139,3867,3906,5323,6906,4778,4049,5727,7575,5236,16.7658,4.86774,8.79425,48.2087
2653,3387,3515,3438,3225,4015,4386,3938,3519,5147,7397,5255,3990,5115,6726,5071,3879,13.8544,-5.88307,8.52378,48.002
2654,3771,3875,3736,3404,4661,6064,4437,3671,5286,7633,5005,3823,4381,4621,4139,3673,3.58098,-7.70604,8.50291,48.12
2655,3146,3242,3338,3412,3229,3403,3802,3958,3351,3974,4711,6068,3489,4120,6950,12014,29.45,22.5417,8.97002,48.138
2656,3123,3305,3422,3330,3430,3710,3792,3773,3667,4451,5265,4705,3920,5847,9991,6551,29.9868,8.0817,8.71169,48.188
2657,10861,7206,4189,3430,6211,5227,3746,3302,3973,3730,3455,3110,3404,3388,3225,3023,-24.5007,-20.5198,8.65928,47.6533
2658,3435,3349,3367,3004,3847,3944,3461,3248,5759,5604,4192,3485,8345,8740,4791,3636,23.4094,-14.4828,8.69098,48.138
2659,3423,4151,7625,10933,3368,3919,5005,5902,3209,3457,3788,3965,3140,3326,3446,3292,-32.8354,19.3649,8.95325,47.966
2660,3200,3720,4462,4876,3478,3964,6035,7279,3355,3863,5561,6709,3190,3660,4153,4459,-1.72468,18.1068,8.93588,47.976
2661,4005,3860,3411,3128,6014,4535,3720,3258,9404,5755,3838,3353,5868,4907,3805,3326,6.69699,-22.9503,8.83312,48.1247
2662,3367,3855,5826,10904,3392,3747,4902,7513,3268,3473,3911,4273,3042,3331,3426,3532,-19.8063,29.1074,8.77228,47.8413
2663,3222,3327,3358,3318,3354,3606,3843,3685,3889,4579,5157,4616,4057,6231,9734,5936,28.6168,6.18987,8.76515,47.9413
2664,5325,4451,3582,3230,9032,5495,3690,3324,6911,4949,3748,3330,4495,3947,3404,3227,-3.33174,-25.3884,8.6984,48.0933
2665,3450,4474,8417,9993,3532,4041,5008,5600,3261,3427,3846,3788,3082,3303,3383,3433,-28.9366,17.4156,8.88952,48.0253
2666,3072,3180,3420,3515,3268,3377,3930,4345,3300,3731,4874,7850,3451,3899,5634,10650,19.0873,30.004,8.57251,47.664
2667,4678,7432,7128,4572,4286,5988,5748,4338,3615,3915,4047,3623,3231,3386,3315,3306,-18.7567,-0.534809,8.70178,48.4053
2668,3547,4357,6797,6669,3491,4305,6952,6761,3422,3658,4318,4396,3200,3282,3543,3477,-14.2083,14.2791,8.78616,48.1167
2669,4207,6029,6771,4763,4117,5972,6641,4532,3647,4039,4144,3798,3220,3445,3492,3331,-15.7798,2.18657,8.58832,48.0987
2670,5454,4638,3981,3378,8135,6502,4036,3488,5971,5160,3816,3397,4115,3840,3460,3145,-5.18767,-18.3916,8.96755,48.344
2671,3221,3346,3412,3354,3507,3995,4013,3763,3982,5480,6480,4606,4148,6313,7583,4964,17.9311,3.22615,8.74958,48.1113
2672,3211,3741,4213,4398,3416,4014,5819,6345,3535,4173,6431,6859,3255,3593,4519,4595,1.33287,16.3331,8.84248,48.078
2673,8574,5231,3793,3261,9162,5266,3827,3463,4771,4173,3595,3281,3606,3505,3299,3080,-14.0598,-30.6861,8.7708,47.9247
2674,3459,3903,5389,9258,3357,3725,5175,8718,3194,3509,4141,4593,3129,3291,3512,3443,-15.5148,32.1803,8.75826,47.864
2675,6108,8137,5058,3897,5410,6754,4477,3800,4010,4158,3747,3431,3451,3456,3222,3161,-17.583,-9.36996,8.94799,48.1847
2676,3653,3582,3252,3169,4937,4076,3569,3320,9216,5158,3889,3359,8490,5272,3841,3411,13.8601,-30.0977,8.76546,48.1293
2677,3411,3807,5910,12389,3400,3724,4745,5931,3317,3470,3773,3924,3226,3275,3304,3480,-30.1428,28.2936,8.54223,47.3907
2678,3298,3453,3424,3245,3623,3730,3739,3512,4367,5129,4641,3868,5319,9436,6862,4281,32.3732,-4.44417,8.69957,47.9513
2679,3042,3254,3329,3260,3141,3516,3789,3931,3339,3839,4831,6481,3340,3908,6099,12175,24.3552,33.3006,8.81426,47.516
2680,8736,6525,4129,3325,7539,5817,3998,3444,4376,4168,3576,3289,3525,3489,3362,3119,-16.8548,-19.7523,8.96998,48.278
2681,3117,3257,3394,3302,3370,3699,3874,3934,3739,4256,5955,5279,3805,5088,8990,7308,21.8916,11.8024,8.85715,48.2447
2682,3563,3903,3919,3657,3881,4823,5778,4360,3979,5745,7502,4626,3677,4324,4696,4067,3.72498,3.76009,8.81458,48.3333
2683,3423,4273,7295,10850,3350,3942,4987,5943,3143,3602,3906,3983,3228,3292,3452,3342,-25.8599,20.5905,8.65361,48.0073
2684,3155,3576,3911,4015,3427,3795,4973,5524,3493,4176,6576,8172,3418,3886,5015,5373,6.55957,18.0474,8.57089,48.3233
2685,9488,5617,3887,3437,8531,5169,3846,3278,4513,4049,3446,3224,3466,3563,3380,3112,-16.3472,-25.3122,8.99816,48.004
2686,11080,7432,4220,3476,6039,5012,3839,3334,3968,3846,3539,3236,3335,3306,3247,3033,-25.7685,-20.4933,8.78835,47.9613
2687,3187,3193,3371,3332,3323,3431,3837,3974,3468,3868,5070,5551,3502,4353,8314,9939,31.4413,17.3604,8.83273,47.8087
2688,3700,5097,9661,7984,3592,4137,5278,5183,3295,3632,3805,3788,3237,3211,3290,3296,-27.8734,12.7025,8.73922,48.124
2689,10802,5867,3921,3396,7707,5061,3807,3458,4251,3939,3543,3257,3510,3359,3352,3134,-19.3412,-27.3628,8.81788,48.2427
2690,3323,3838,5335,7761,3394,3910,5458,9325,3251,3562,4120,4961,3161,3228,3587,3700,-12.8018,23.8468,8.98202,47.9427
2691,5182,4293,3693,3305,9031,5107,3681,3366,7427,4718,3695,3352,4442,3936,3470,3289,-2.43331,-32.4441,8.57806,47.9913
2692,3122,3190,3420,3355,3193,3510,3900,4053,3415,3855,4838,7034,3358,3945,5754,11530,21.5166,33.5483,8.97949,47.648
2693,3456,3343,3280,3030,3886,3789,3583,3206,5536,5159,3950,3516,9298,8703,4683,3551,27.3611,-15.6976,8.67898,47.9793
2694,3676,4535,7290,6719,3496,4416,7042,6334,3408,3703,4200,4321,3141,3237,3535,3439,-15.8276,13.0388,8.92505,48.328
2695,3353,3825,5689,10944,3321,3827,4810,7581,3359,3591,3888,4172,3039,3202,3376,3457,-19.7176,30.4044,8.96563,47.6227
2696,3448,4189,7793,10927,3446,3957,4955,5649,3236,3524,3780,3875,3125,3236,3384,3448,-28.5953,19.3625,8.72049,47.9813
2697,3209,3445,4035,4388,3345,3815,4982,6749,3363,3860,5899,8558,3260,3765,4434,5216,3.64258,21.4448,8.77933,48.2153
2698,3124,3425,3623,3700,3251,3717,4514,4776,3440,4061,6517,8333,3500,4087,5576,6792,11.0928,18.7323,8.96404,48.2907
2699,3315,3987,5910,11183,3213,3753,4943,7145,3246,3457,3765,4204,3186,3286,3340,3410,-21.2986,32.5826,8.58027,47.562
2700,11928,6080,4017,3393,6942,4853,3816,3330,4059,3760,3391,3152,3365,3378,3161,3196,-22.5984,-27.9207,8.98882,47.8807
2701,3431,4126,6509,11141,3363,3988,5126,6646,3159,3477,3842,4076,3079,3262,3322,3431,-23.5179,23.3221,8.65797,47.9853
2702,4300,6750,8617,5149,4000,5092,5716,4484,3476,3886,3975,3665,3266,3401,3367,3289,-22.1474,3.48729,8.75842,48.2887
2703,3302,3341,3252,3035,3940,3893,3521,3422,5657,5552,4167,3506,8595,8493,4568,3596,23.5929,-15.0523,8.535,47.8933
2704,5075,7942,6118,4257,4718,6553,5281,4134,3750,4038,3854,3428,3265,3454,3326,3203,-18.0774,-4.0888,8.712,48.264
2705,3407,3496,3360,3183,4105,4114,3793,3492,5421,7147,4788,3715,5851,7646,5105,3802,16.3508,-9.16945,8.76049,48.2833
2706,3592,3545,3367,3261,4601,4247,3635,3290,7715,6344,4020,3527,7552,6173,4105,3566,13.9773,-18.2981,8.55261,48.36
2707,3347,3621,3890,3646,3702,4444,5453,4196,3862,5685,7875,4971,3761,4402,5022,4264,6.2404,5.38038,8.66704,48.094
2708,3375,3933,6068,10950,3346,3725,5045,7167,3223,3514,3947,4207,3059,3298,3403,3388,-21.2032,25.881,8.57581,47.7653
2709,3615,4241,5143,4682,3568,4986,8194,5701,3696,4111,5365,4558,3277,3642,3914,3685,-6.85224,8.79907,8.96119,48.252
2710,3221,3284,3179,3433,3245,3446,3800,3923,3384,3739,4733,6003,3348,3884,5921,12777,31.3115,32.3391,8.6611,47.5467
2711,4195,6596,8157,5095,4032,5148,6233,4521,3578,3724,4131,3585,3205,3394,3379,3399,-19.6593,3.52669,8.99829,48.248
2712,3383,3463,3226,3085,4346,3904,3448,3312,7602,5309,3853,3327,10157,6114,3988,3278,18.8142,-23.4793,8.61902,47.8633
2713,10788,7261,4311,3326,6215,5108,3910,3444,3991,3800,3530,3332,3508,3347,3117,3101,-24.5761,-20.5329,8.60393,48.0593
2714,3177,3216,3257,3369,3396,3580,3917,3811,3629,4387,5320,5105,3860,5352,9922,7048,32.8356,9.86482,8.64803,48.2307
2715,12493,6066,3913,3409,6135,4784,3757,3337,3865,3744,3439,3334,3400,3445,3266,3055,-27.1049,-32.3928,8.7744,47.628
2716,3688,3582,3254,3132,5099,4216,3561,3212,9699,5176,3846,3350,7755,5019,3904,3378,11.8769,-32.1686,8.98958,47.914
2717,8048,5417,3929,3492,8746,5671,3985,3424,4789,4252,3647,3259,3772,3568,3214,3083,-13.7935,-23.3307,8.50693,48.1973
2718,3403,4082,5861,5987,3632,4381,7399,7024,3470,3781,4581,4576,3096,3459,3650,3642,-10.9287,14.6833,8.52892,48.016
2719,3113,3407,3379,3426,3218,3445,4009,4415,3365,3873,5284,7944,3390,3867,6091,10105,18.1809,24.4325,8.80646,48.2207
2720,3029,3218,3524,3435,3317,3480,3998,4428,3441,3879,5238,7994,3441,4059,6010,9874,17.5478,24.0798,8.83477,48.2433
2721,3505,3553,3280,3128,4363,4273,3629,3339,6932,6753,4207,3466,7177,6740,4443,3539,14.9877,-15.7416,8.91744,48.218
2722,3704,3574,3438,3275,4641,4469,3663,3323,7072,7293,4265,3439,6226,5932,4248,3491,11.6539,-14.8595,8.91899,48.0353
2723,3967,4024,3595,3321,5141,5891,4127,3581,6101,7518,4531,3516,4724,4901,4003,3455,4.38354,-12.3476,8.68047,48.264
2724,3450,3671,3695,3497,3599,4464,4873,3917,3993,6239,7726,4678,3847,4862,5385,4354,8.4315,3.15486,8.84771,48.1667
2725,3403,3265,3305,3191,3649,3789,3563,3356,5030,5237,4324,3754,7042,10011,5203,3691,33.3735,-10.1728,8.81366,47.8753
2726,10447,5610,3986,3385,7939,4965,3730,3543,4177,4018,3477,3318,3488,3465,3117,3045,-18.3453,-31.989,8.88858,47.8067
2727,3923,4697,4736,4085,4356,7102,6626,4318,4060,5184,5103,3950,3516,3837,3708,3590,-5.07714,-0.433243,8.99988,48.5273
2728,3433,3428,3281,3133,3873,3986,3631,3376,5086,6374,4734,3766,6232,8628,5408,3910,19.5841,-8.92979,8.54957,48.186
2729,3222,3717,4487,5566,3300,3862,5828,8839,3303,3616,4859,6654,3182,3403,3891,4160,-4.31879,22.6011,8.71109,47.926
2730,3191,3337,3359,3472,3336,3659,4136,4089,3601,4444,6746,5954,3590,4762,7701,6695,17.1462,12.531,8.54961,48.048
2731,3822,4512,4772,3986,4091,6387,7291,4550,3692,4880,5222,4061,3568,3714,3901,3658,-5.33362,1.73547,8.81114,48.0713
2732,5951,4631,3730,3293,9951,5186,3826,3403,6286,4572,3539,3338,3970,3770,3383,3114,-6.68576,-30.9522,8.9474,47.962
2733,3478,3368,3197,3146,4027,3847,3453,3220,6460,4938,3753,3342,11882,6640,4006,3351,24.5033,-24.1259,8.86505,48.072
2734,3400,3365,3372,3189,3766,3762,3662,3284,5118,5158,4198,3592,7979,9487,5012,3744,32.8094,-12.6422,8.78663,48.0587
2735,3264,3497,4070,4558,3464,3646,4745,7627,3414,3892,5016,8777,3193,3629,4279,4989,1.78664,33.1215,8.78383,48.04
2736,3112,3318,3528,3383,3357,3654,3964,4000,3530,4483,6291,5311,3767,5029,8650,6885,20.0865,11.0838,8.97189,48.1747
2737,8722,7581,4382,3523,6609,5748,4118,3579,4082,3973,3470,3250,3532,3522,3293,2990,-19.4453,-17.0855,8.96605,48.2493
2738,3922,4371,4026,3748,4457,6705,5421,3840,4419,6510,5233,4064,3968,4203,3973,3692,-0.146815,-3.89255,8.77403,48.368
2739,3631,3413,3308,3158,4309,4104,3584,3145,6773,6174,4171,3570,8008,7254,4363,3532,17.6624,-16.6868,8.6371,48.3313
2740,3425,3528,3422,3205,3977,4195,3919,3467,5124,6780,5084,3918,5476,7445,5285,3987,16.5027,-6.6584,8.52309,48.158
2741,12796,6011,3960,3325,6015,4652,3763,3349,4031,3797,3368,3162,3389,3429,3265,3128,-31.3028,-28.4391,8.83251,47.6267
2742,5520,7738,5353,3974,5099,7040,4775,3838,3944,4035,3920,3493,3403,3452,3342,3262,-16.7275,-7.33102,8.74027,48.1253
2743,3362,3941,6657,10896,3402,3830,5156,6796,3209,3499,3922,4130,3049,3268,3457,3459,-22.0054,22.4948,8.88098,48.022
2744,3810,3973,3711,3438,4638,6060,4391,3647,5229,7840,5039,3854,4395,4766,4134,3532,3.83631,-7.59114,8.6531,48.3047
2745,3492,3393,3253,3074,4009,3959,3503,3127,6578,4971,3958,3418,11795,6356,3932,3377,23.4113,-25.6321,8.71748,48.13
2746,3368,3960,5896,11881,3332,3789,4829,6915,3316,3448,3834,4045,3136,3208,3365,3513,-22.6686,29.9625,8.86713,47.89
2747,8250,9451,4922,3645,5223,5279,4159,3651,3739,3886,3543,3253,3329,3326,3279,3013,-28.1315,-12.9424,8.722,47.9653
2748,4506,4126,3600,3238,8041,4906,3661,3444,8365,5021,3779,3288,4735,4108,3593,3316,0.475463,-33.9501,8.78008,47.818
2749,3263,3301,3322,3136,3741,3829,3681,3406,4870,5502,4354,3692,6627,9753,5771,3778,25.0365,-8.57128,8.94088,48.0173
2750,5026,4595,3759,3234,7988,6115,3989,3348,6521,5220,3843,3399,4322,4048,3559,3258,-3.00069,-19.0729,8.86086,48.1493
2751,3446,3413,3247,3072,3937,3738,3427,3297,6320,4770,3826,3284,12045,6520,3976,3502,26.6247,-25.7041,8.75081,47.88
2752,3459,4006,4707,4463,3633,4620,7447,5804,3509,4251,6112,5095,3374,3718,4008,4041,-3.09054,10.4258,8.57476,48.1647
2753,3428,3354,3258,3129,3969,3813,3492,3256,5856,5035,3837,3409,11200,7335,4098,3448,32.2721,-21.0823,8.69931,47.9447
2754,3340,3347,3236,3187,3854,3882,3473,3264,5057,5145,4102,3584,8157,9685,4895,3696,30.5261,-12.7534,8.94563,47.936
2755,3473,3353,3261,3086,4104,3899,3467,3180,7284,4999,3694,3399,11236,5888,3942,3441,21.2123,-28.3934,8.58721,47.804
2756,5024,5169,4077,3473,6656,8067,4461,3529,4963,5276,4005,3431,3772,3876,3534,3369,-6.82115,-12.8673,8.95483,48.4547
2757,3966,4290,3864,3485,4969,6928,4851,3755,4845,6749,4841,3717,4067,4319,3939,3562,-0.152955,-6.80236,8.56926,48.098
2758,4763,5900,4866,3945,5149,8000,5391,3784,4077,4729,4100,3515,3566,3623,3622,3252,-10.4116,-6.03748,8.60256,48.188
2759,3154,3379,3493,3575,3319,3787,4348,4132,3627,4406,6877,6073,3657,4484,7079,6544,15.1632,12.4445,8.602,47.956
2760,6724,9883,5551,3886,4876,5428,4405,3713,3771,3779,3574,3289,3361,3351,3352,3126,-26.9029,-9.42581,8.91692,48.046
2761,3695,3591,3337,3181,5089,4412,3687,3257,8748,6153,4058,3387,7050,5213,3948,3282,11.502,-20.71,8.73955,48.0587
2762,3500,3821,4964,4710,3623,4360,7529,6563,3453,4171,5714,5320,3224,3588,3951,4030,-4.19943,13.1754,8.52272,48.3473
2763,5876,9787,6087,4021,4688,5300,4589,3828,3754,3890,3652,3402,3205,3309,3317,3291,-33.3926,-6.69862,8.74526,47.9973
2764,3685,3549,3377,3044,4721,4240,3605,3324,8683,5915,3961,3347,7860,5688,4024,3433,13.7996,-21.3331,8.95441,48.304
2765,12600,5831,3878,3430,5995,4605,3720,3443,3944,3815,3393,3214,3360,3356,3266,3167,-33.453,-31.085,8.87365,47.3447
2766,7160,9737,5268,3703,5112,5337,4406,3684,3888,3876,3485,3329,3399,3382,3273,3106,-32.0696,-10.8481,8.6901,48.0967
2767,3266,3406,3662,3607,3519,4003,4898,4432,3666,4838,8091,6016,3614,4330,5966,5063,10.0654,10.4197,8.8123,48.2513
2768,3298,3529,3398,3145,3712,3957,3755,3405,4591,5893,4988,3885,5313,8442,6389,4187,21.3862,-4.22185,8.50309,47.9247
2769,3347,3803,4413,4599,3659,4391,7198,6344,3394,4157,6113,5503,3381,3679,4194,4056,-2.39542,13.2224,8.67927,48.154
2770,11241,7143,4193,3510,6199,4984,3811,3401,3946,3824,3437,3148,3417,3375,3188,3150,-24.8131,-21.3262,8.99311,47.978
2771,4763,4877,3834,3462,6623,7269,4330,3547,5380,5576,4073,3425,4113,3947,3618,3368,-3.98601,-13.4686,8.69563,48.1367
2772,2998,3289,3386,3351,3394,3671,3725,3751,3600,4232,5352,5050,3745,5498,10027,7040,28.8501,9.73876,8.84598,48.0727
2773,3173,3209,3345,3377,3259,3574,3692,3931,3380,3728,4708,6166,3365,3840,5961,12643,27.2249,32.2426,8.85101,47.5673
2774,3924,5594,9522,6689,3743,4384,5573,5098,3431,3607,3964,3760,3098,3283,3300,3331,-24.6675,9.38939,8.56769,48.2007
2775,12674,6029,3944,3468,5896,4881,3898,3465,3836,3638,3461,3314,3242,3346,3223,3110,-29.6133,-33.4167,8.71745,47.6167
2776,4129,3907,3467,3250,6504,4611,3689,3333,9724,5150,3778,3340,5803,4578,3705,3362,5.63132,-31.2511,8.55336,48.22
2777,12684,6080,3957,3404,6427,4710,3663,3369,3906,3733,3534,3239,3455,3344,3228,3107,-25.6798,-30.9793,8.87448,47.8933
2778,4615,4093,3542,3292,7631,5258,3814,3540,8091,5239,3816,3308,4889,4256,3578,3263,0.789363,-23.1093,8.54122,48.15
2779,5501,4505,3725,3284,9377,5168,3695,3337,6835,4512,3735,3436,4145,3951,3444,3308,-4.79728,-27.6621,8.53883,47.972
2780,3159,3327,3310,3099,3644,3864,3739,3534,4355,5380,4725,3935,5511,9219,6975,4300,25.4857,-4.19134,8.87276,48.0507
2781,3378,3792,5142,7806,3395,3912,5312,9674,3160,3642,4185,5186,3121,3364,3575,3682,-11.8743,26.1955,8.6491,48.2173
2782,4230,4110,3473,3262,6357,5248,3761,3344,7904,6256,4000,3348,5268,4710,3744,3238,3.59459,-19.3907,8.62598,48.1687
2783,3168,3321,3394,3435,3174,3528,3850,3890,3562,3874,5123,6053,3482,4173,7657,10694,25.7085,19.4515,8.73778,48.252
2784,3307,3783,4895,6604,3448,3886,5220,9836,3299,3637,4384,5802,3159,3352,3601,3918,-8.69403,29.4384,8.7118,48.0873
2785,4171,3820,3504,3182,6321,4903,3714,3328,9063,5993,3940,3424,5622,4660,3735,3216,5.42966,-21.8534,8.87329,48.3973
2786,3370,3866,5516,10139,3353,3683,5072,8411,3246,3447,3977,4373,3204,3267,3382,3467,-17.3697,31.1469,8.98032,47.8487
2787,3597,3666,3225,3094,4866,4259,3439,3279,9225,5593,3867,3427,7974,5390,3853,3330,12.9475,-25.2942,8.61735,48.056
2788,3159,3329,3539,3454,3303,3618,3985,4077,3543,4208,6149,5932,3653,4620,8237,7703,19.835,14.0389,8.66246,48.3393
2789,3108,3243,3646,3847,3306,3510,4199,5243,3252,3815,5382,9626,3273,3860,4956,7536,11.4011,26.6613,8.86807,47.868
2790,3255,3358,3407,3269,3475,3727,3772,3578,4218,5095,5340,4350,4504,7508,8425,5084,24.1057,1.68944,8.87407,48.2433
2791,4548,7250,8065,4929,4190,5177,5610,4390,3633,3811,3782,3655,3177,3410,3430,3275,-21.6128,1.58955,8.63051,48.2213
2792,10986,5999,3863,3387,7209,4984,3848,3428,4118,3793,3549,3252,3513,3406,3255,3076,-20.3469,-25.7015,8.68332,47.7773
2793,3254,3343,3244,3188,3763,3757,3690,3412,4532,5280,4646,3931,5803,9502,6477,4157,33.6679,-5.26829,8.54697,47.986
2794,3154,3370,3844,3978,3351,3654,4433,5813,3405,3987,5595,9489,3351,3754,4856,6299,8.29043,24.1663,8.64204,48.222
2795,3179,3304,3456,3380,3370,3579,3844,3925,3665,4213,5239,5223,3616,4896,9421,7842,33.3751,12.5316,8.5052,48.1013
2796,3413,3399,3182,3137,3754,3858,3578,3151,5340,5191,4092,3506,8963,8947,4704,3630,30.5047,-14.7491,8.64784,47.8967
2797,3345,3558,3445,3561,3655,4304,4423,3972,4102,6225,7497,4557,4023,5393,5985,4435,11.4926,2.54269,8.77855,48.32
2798,3188,3227,3370,3453,3289,3458,3794,3947,3320,3832,4819,6505,3373,4039,6054,11953,24.1024,31.031,8.65688,47.7473
2799,3306,3770,6079,12596,3324,3728,4818,6201,3325,3483,3805,3890,3060,3300,3474,3298,-32.997,28.7826,8.77417,47.638
2800,3242,3506,3444,3478,3539,3868,4421,3993,3842,5349,7809,5288,3935,4966,6852,4934,13.1681,6.37855,8.99325,48.3107
2801,3068,3546,3456,3249,3513,3747,3764,3529,4115,4949,5001,4219,4609,7947,8628,4908,28.8768,1.12982,8.76951,48.1653
2802,5270,8864,7056,4306,4464,5676,4945,4008,3649,3836,3823,3424,3265,3399,3256,3222,-22.752,-3.15503,8.90495,48.3087
2803,12002,6470,4071,3452,6468,4828,3857,3350,4010,3763,3546,3218,3339,3474,3185,3156,-24.5433,-24.7904,8.86521,48.126
2804,3637,3439,3257,3154,4591,4081,3546,3219,8457,5394,3898,3457,9026,5670,3969,3376,15.7688,-24.7995,8.50898,48.114
2805,3304,3783,4795,6484,3359,3822,5294,9714,3355,3637,4363,5827,3213,3347,3682,3966,-8.33168,27.6997,8.59799,47.9633
2806,5020,4383,3640,3266,8150,5987,3929,3326,6767,5450,3845,3380,4402,4031,3606,3199,-2.44622,-19.7554,8.85772,48.254
2807,3642,3457,3273,3087,4725,4067,3419,3345,8626,5190,3784,3444,9189,5486,3911,3460,15.5868,-27.9919,8.51748,48.07
2808,4022,3664,3407,3099,5418,4458,3615,3252,9398,5609,3944,3404,6676,5027,3748,3301,9.3791,-23.8255,8.64362,48.028
2809,3329,4056,6436,11083,3289,3786,4973,7105,3195,3480,3933,4129,3147,3150,3316,3366,-21.9245,24.2607,8.59924,47.8487
2810,3568,4682,8848,9081,3527,4064,5159,5280,3281,3529,3785,3841,3129,3240,3382,3452,-29.3339,15.2162,8.83871,47.8987
2811,3244,3401,3765,4031,3261,3649,4475,6213,3270,3786,5501,9980,3312,3628,4671,6294,7.2517,25.9966,8.89315,48.3207
2812,12330,6649,3999,3380,5978,4899,3843,3387,3912,3747,3262,3258,3358,3260,3298,3119,-28.814,-23.7391,8.97861,47.786
2813,3435,4064,5023,5126,3581,4277,7591,6866,3402,4031,5389,5263,3252,3534,3866,3986,-5.99342,14.2457,8.69154,48.4573
2814,3176,3269,3446,3340,3236,3631,4078,3870,3605,4334,5954,5507,3747,4995,8846,7135,20.9148,11.7602,8.8054,48.1127
2815,3189,3179,3431,3372,3241,3552,3885,3866,3460,4108,5351,5522,3578,4665,8787,9241,26.9819,15.6392,8.59049,48.2847
2816,3222,3509,3846,3849,3517,3886,4859,4995,3560,4221,7540,6912,3525,4099,5437,5437,8.56056,14.1276,8.64892,48.276
2817,3351,3792,4501,4575,3432,4310,6966,6335,3546,4081,6125,5829,3310,3659,4248,4331,-1.63533,13.8876,8.68911,48.2607
2818,3484,3439,3245,3044,4217,3978,3576,3208,7295,5099,3936,3394,10764,6195,4054,3350,20.5697,-24.7109,8.56347,48.1853
2819,3338,3977,6809,12146,3361,3797,4841,6046,3164,3479,3792,4039,3181,3243,3365,3257,-27.3195,23.9968,8.78576,47.89
2820,3207,3335,3370,3238,3512,3706,3743,3465,4079,4837,4930,4117,4541,7761,8728,5005,29.9444,1.44942,8.6002,47.716
2821,3169,3120,3325,3455,3126,3448,3770,3909,3483,3929,5105,5532,3601,4477,8388,9945,29.709,17.0839,8.60174,47.8547
2822,3609,3657,3371,3290,4178,4790,3890,3533,5661,8030,4900,3669,5069,6140,4652,3674,11.4628,-8.90971,8.54695,48.0753
2823,3448,3746,4093,3874,3605,4573,6184,4755,3725,5161,7670,4998,3579,4158,4677,4101,2.72916,6.96843,8.96428,48.2313
2824,3508,3876,5551,9374,3400,3671,5149,8439,3300,3524,4102,4461,3178,3303,3502,3534,-16.0615,33.4536,8.6595,47.9147
2825,3480,4146,7383,10685,3422,4012,5208,6281,3068,3427,3850,3936,3062,3210,3355,3438,-24.2294,20.3979,8.87272,47.9753
2826,3707,3639,3288,3082,5193,4104,3480,3250,9560,5178,3752,3345,8062,5140,3740,3346,11.9529,-28.3602,8.93207,47.9107
2827,5459,9462,6921,4142,4536,5094,4744,3923,3533,3803,3711,3473,3292,3402,3330,3327,-33.4205,-4.03354,8.9107,48.1013
2828,3292,3449,3410,3168,3796,4012,3799,3504,4666,5947,4997,3868,5283,8500,6331,4140,20.1115,-4.74589,8.65732,48.108
2829,3302,3339,3134,3181,3958,3819,3460,3180,6142,4658,3697,3450,12439,6322,3953,3305,30.8321,-26.3245,8.86694,47.5593
2830,3395,3404,3105,2987,3747,3811,3509,3269,5858,5144,4018,3474,9691,8320,4488,3443,25.8488,-17.0008,8.99446,47.7753
2831,5342,6980,5031,3939,5350,7355,5057,3759,4024,4360,3812,3535,3497,3575,3478,3239,-14.5042,-7.55102,8.68379,48.222
2832,3340,3977,5606,9384,3268,3935,5341,8402,3324,3429,4055,4515,3084,3333,3493,3585,-16.3202,25.3633,8.90612,48.0473
2833,3585,3611,3310,3087,4622,4319,3599,3345,7615,6664,4130,3453,6815,6121,4168,3437,12.9699,-16.7921,8.78069,47.9207
2834,3194,3329,3375,3292,3400,3584,3836,3730,3870,4493,5238,4548,3955,6189,9773,6227,29.1126,6.80921,8.5052,48.022
2835,3127,3394,3545,3474,3483,3796,4166,3979,3758,4783,7288,5502,3845,4946,7323,5777,15.5747,9.31918,8.52512,48.124
2836,3357,3770,4505,5123,3475,4068,6164,7714,3398,3808,5546,6320,3296,3536,4161,4262,-2.94415,18.2759,8.62277,48.3353
2837,3288,3529,4181,4690,3456,3884,5742,7567,3417,3760,5660,7519,3253,3703,4195,4764,0.035736,20.2117,8.99003,48.4053
2838,3361,3348,3348,3159,3752,3883,3586,3231,5044,5402,4187,3512,7992,9785,5032,3679,30.276,-12.399,8.98005,48.2007
2839,12223,6298,3982,3402,6337,4853,3750,3329,3954,3740,3439,3172,3273,3457,3341,3181,-26.2627,-26.752,8.64602,47.8207
2840,3363,3612,4339,4480,3474,4136,6090,6729,3453,3960,6085,6714,3378,3638,4312,4669,-0.399835,16.9598,8.65634,48.288
2841,3646,3580,3396,3252,4304,4737,4009,3350,6194,7907,4708,3739,5447,6316,4336,3604,11.4578,-11.2272,8.94864,48.35
2842,3989,4351,4082,3559,4754,6941,5163,3870,4616,6500,4916,3911,4061,4178,3931,3519,-1.01167,-5.48497,8.75066,48.2273
2843,3177,3170,3369,3368,3097,3422,3814,3968,3285,3759,4674,6125,3309,3916,6198,12535,33.8413,26.1814,8.83943,47.4573
2844,3196,3394,3890,4081,3225,3789,4524,6005,3437,3849,5887,9088,3318,3757,4638,6137,6.85063,22.58,8.66705,48.1433
2845,3931,5438,7439,5198,3883,5092,7251,4939,3567,3755,4218,3915,3215,3381,3550,3420,-15.8373,6.10496,8.54556,48.128
2846,5360,9173,7056,4441,4413,5187,4796,4017,3526,3785,3695,3505,3309,3477,3403,3179,-27.6385,-3.35039,8.55131,48.2147
2847,3618,4676,8794,8753,3563,4129,5325,5596,3176,3548,3895,3998,3134,3207,3443,3395,-25.8646,15.1683,8.55762,48.1667
2848,4739,8230,7692,4663,4288,5284,5133,4210,3632,3794,3863,3525,3390,3298,3429,3217,-23.3398,-1.07626,8.53582,48.258
2849,3471,3818,4532,4302,3713,4769,7434,5431,3556,4501,6331,5006,3374,3619,4168,3953,-2.0327,8.68342,8.91639,47.9853
2850,3465,3493,3333,3112,4001,3985,3707,3176,6045,6344,4143,3462,7824,8197,4552,3512,19.3523,-14.282,8.98733,48.234
2851,6507,4954,3650,3257,10025,5073,3800,3397,5501,4412,3581,3278,3967,3699,3356,3170,-8.94227,-32.4879,8.87999,47.7513
2852,12394,5883,3814,3367,6536,4905,3808,3363,3908,3810,3419,3192,3414,3310,3257,3103,-24.9239,-31.6747,8.88487,47.6553
2853,12420,6128,3933,3419,6331,4811,3803,3397,3875,3724,3359,3277,3378,3331,3215,3183,-25.9183,-33.6986,8.5817,47.7227
2854,4314,5218,4762,3829,4512,7485,6334,4098,3928,4995,4635,3756,3573,3787,3705,3509,-7.84265,-2.51554,8.77748,48.2933
2855,3084,3279,3428,3468,3242,3583,3968,4577,3442,3757,5134,8713,3415,3788,5382,9482,15.9316,32.0412,8.9126,47.828
2856,3125,3251,3433,3468,3271,3639,4112,4264,3521,4157,6112,6803,3474,4265,6971,8066,17.1459,17.0852,8.71476,47.9547
2857,10888,7271,4258,3521,6310,5026,3850,3403,3975,3864,3417,3262,3484,3348,3055,3104,-24.4806,-20.807,8.88292,48.024
2858,5323,7075,5034,3845,5305,7450,4970,3781,4077,4291,3916,3463,3566,3510,3355,3236,-14.5434,-7.89355,8.75672,48.1313
2859,3312,3683,4090,4012,3548,4328,5984,5196,3550,4555,7308,5935,3449,3903,4794,4588,3.01158,11.0834,8.58494,48.1567
2860,3177,3453,3877,3989,3357,3767,5017,5433,3538,4257,6701,7861,3361,3869,4855,5488,6.6511,17.6842,8.51711,48
2861,9162,8746,4601,3529,5437,5100,4176,3502,3852,3823,3469,3269,3341,3418,3344,3061,-28.7438,-15.3009,8.76148,47.8867
2862,3308,3441,3943,4152,3299,3751,4705,6897,3374,3852,5135,9344,3291,3713,4479,5353,3.77461,32.7363,8.57872,48.0247
2863,3309,3589,3716,3652,3586,4144,5111,4354,3835,4985,8121,5553,3665,4389,5457,4722,8.14373,8.06586,8.75947,48.1253
2864,3206,3421,3963,4151,3295,3730,4656,6694,3319,3749,5268,9592,3340,3732,4564,5392,4.5109,33.9846,8.82074,48.048
2865,12525,5926,3828,3312,6039,4758,3731,3376,3925,3853,3384,3265,3341,3347,3261,3237,-33.7101,-31.4402,8.9477,47.4053
2866,3294,3393,3184,3112,3888,3799,3425,3258,5521,5090,4081,3483,9865,8316,4660,3534,27.1987,-16.818,8.85669,47.9353
2867,3360,3708,4568,5681,3415,3673,5199,9664,3268,3614,4579,6454,3209,3419,3903,4063,-5.40449,33.3508,8.8382,47.8513
2868,3223,3220,3605,3696,3247,3642,4166,4802,3451,3822,5327,9253,3421,3871,5175,7988,12.9476,33.7983,8.50353,47.9393
2869,3388,3836,6178,12454,3345,3700,4730,6234,3296,3448,3794,3843,3101,3179,3362,3368,-32.4382,26.6272,8.56412,47.504
2870,3394,3954,6440,10130,3363,4005,5363,7154,3363,3521,3912,4288,3076,3243,3413,3424,-19.5825,22.4957,8.59651,48.0287
2871,3422,3726,4819,6803,3317,3868,5149,10155,3292,3597,4217,5575,3109,3408,3789,3900,-9.20071,29.9881,8.88733,48.0973
2872,3529,3883,4253,4174,3519,4628,6821,5232,3547,4650,7027,5272,3405,3897,4401,4150,0.358916,9.41296,8.81538,48.2587
2873,3959,3758,3398,3159,5726,4368,3652,3253,9605,5676,3909,3360,6332,4908,3748,3402,8.625,-23.6867,8.76212,48.142
2874,3337,3915,5493,7493,3454,3954,6033,8845,3295,3558,4296,4913,3033,3385,3517,3659,-12.4889,21.3518,8.9768,48.12
2875,3202,3289,3426,3403,3258,3491,3846,3921,3458,3966,5100,5596,3637,4391,8173,9950,30.1498,17.365,8.56385,48.0713
2876,3269,3617,4201,4847,3252,3753,5091,8148,3355,3760,5043,8219,3158,3521,4204,4896,-0.0530267,30.1078,8.51048,48.2227
2877,9122,5533,3808,3418,8858,5230,3822,3401,4664,3994,3520,3208,3655,3494,3231,3063,-15.2125,-27.789,8.92131,48.014
2878,3742,4391,6405,5486,3609,4893,7911,5787,3469,3912,4610,4212,3213,3369,3707,3617,-11.7904,9.91745,8.77989,48.222
2879,3337,3393,3339,3302,3571,3747,3776,3592,4003,4739,5041,4270,4360,7137,9180,5200,32.6862,3.09548,8.72596,47.9913
2880,4140,6657,9586,5567,3820,4524,5162,4511,3406,3637,3802,3703,3259,3225,3360,3359,-32.0085,4.83101,8.61489,47.812
2881,9437,5525,3798,3258,8915,5234,3828,3420,4582,3992,3433,3235,3564,3516,3229,3078,-15.5978,-28.4313,8.86659,48.0293
2882,3149,3196,3415,3352,3275,3415,3872,3922,3395,3801,4866,6755,3366,4005,5917,11945,23.2952,30.1645,8.75712,47.764
2883,3420,3837,5323,6458,3386,4107,6466,8570,3280,3694,4710,5073,3102,3274,3770,3898,-10.1208,19.061,8.52049,48.2453
2884,3607,4095,6643,8338,3386,4063,6065,7419,3250,3598,4180,4332,3086,3286,3508,3508,-16.7489,18.6671,8.53824,48.2427
2885,3317,3333,3244,3168,3892,3794,3473,3341,5255,5558,4209,3595,7947,9298,4920,3745,24.0948,-12.6845,8.74661,48.0593
2886,3192,3235,3393,3356,3431,3812,3829,3735,4119,5072,5605,4398,4380,7088,8730,5146,22.1427,3.04027,8.8928,48.3473
2887,3487,4374,8175,10183,3440,3941,5175,5684,3319,3594,3789,3911,2993,3182,3380,3353,-28.44,17.763,8.99054,47.9867
2888,3586,3582,3301,3074,4865,4202,3564,3236,9007,5220,3818,3349,8687,5274,3798,3389,14.314,-28.3757,8.55041,47.968
2889,3572,4503,8295,9538,3489,4009,5342,5865,3260,3554,3873,3953,3103,3164,3280,3339,-24.0856,16.7753,8.9712,48.0927
2890,3160,3735,4337,4903,3509,3871,5053,8889,3386,3709,4859,7371,3164,3592,4058,4344,-2.1311,33.9375,8.81126,47.96
2891,3270,3277,3334,3274,3594,3720,3758,3568,3964,4845,5043,4248,4656,8053,8552,5095,28.1102,1.14773,8.58458,48.1673
2892,3955,3739,3435,3186,5686,4646,3615,3350,8805,6253,4016,3454,6094,4904,3780,3341,7.84811,-20.3469,8.74239,48.1727
2893,3374,3608,4030,3933,3438,4171,5680,4720,3710,4772,8089,5899,3503,4067,4864,4589,4.97652,10.1294,8.92709,48.298
2894,3430,3408,3312,3013,3933,3837,3585,3301,5676,5506,4024,3535,8693,8489,4549,3489,22.8763,-15.3371,8.81175,47.8533
2895,3899,3785,3305,3169,5237,4503,3655,3339,9068,6244,3986,3266,6439,5309,3779,3291,9.93701,-20.4247,8.99513,48.1827
2896,8419,5285,3873,3392,9380,5261,3857,3353,4787,4167,3601,3159,3731,3478,3309,3139,-13.3595,-27.2818,8.88667,48.1273
2897,4622,7970,8531,4949,4101,5049,5274,4339,3490,3692,3710,3535,3215,3314,3392,3283,-25.8104,1.15773,8.90156,48.3107
2898,3288,3304,3363,3191,3630,3766,3675,3388,4713,5211,4395,3679,6362,9758,5964,4167,28.7884,-7.32545,8.52671,47.9027
2899,3346,3739,4670,5434,3424,3907,6292,8208,3380,3806,5129,6310,3184,3576,3887,4304,-4.4856,19.3262,8.79705,48.3973
2900,3676,4493,8252,9891,3479,3992,5122,5665,3264,3500,3867,3925,3196,3219,3477,3413,-26.4917,17.1533,8.55777,48.2873
2901,3417,3474,3200,2970,4100,3778,3564,3305,6485,5120,3966,3480,10608,7170,4100,3458,23.1793,-20.2863,8.9628,48.13
2902,3058,3218,3310,3502,3273,3418,3810,4038,3463,3803,4883,6938,3353,3948,5957,11657,22.4237,30.2522,8.73461,47.7527
2903,3823,3857,3625,3237,4679,5657,4303,3484,5592,7943,5026,3667,4617,5096,4207,3513,5.36463,-8.8969,8.80365,48.2173
2904,3444,3350,3247,3166,3895,3916,3519,3311,5624,5782,4131,3603,8135,8779,4759,3635,22.7542,-13.7483,8.89736,48.1973
2905,4505,6158,5807,4178,4385,6979,6296,4160,3790,4447,4242,3727,3317,3606,3423,3317,-12.939,-1.06552,8.94668,48.2247
2906,3391,4079,5923,12075,3361,3770,4797,6592,3190,3443,3860,4102,3155,3250,3299,3471,-23.83,31.017,8.60453,47.8387
2907,3305,3595,4091,4201,3341,3901,5251,6363,3369,4157,6021,7970,3330,3690,4581,5218,3.46659,19.2196,8.69767,48.256
2908,3334,3695,3479,3264,3997,4308,3911,3529,5043,7366,5384,3952,5051,6919,5213,4008,14.1192,-5.94573,8.50225,48.302
2909,3425,4168,6937,11337,3384,3825,5154,6086,3198,3506,3869,3954,3237,3273,3311,3398,-33.8962,21.7336,8.59023,48.0413
2910,3408,3450,3252,3110,3933,3650,3440,3237,6024,4669,3799,3319,12714,6030,3945,3305,31.7158,-28.5847,8.83533,47.5233
2911,3419,3494,3205,3107,4235,4003,3533,3170,7852,4976,3796,3292,10562,5750,3941,3355,18.8285,-29.6097,8.8335,47.7933
2912,9165,5359,3838,3309,8900,4972,3952,3447,4558,4051,3659,3241,3536,3542,3298,3155,-15.3967,-31.5504,8.61073,47.988
2913,3288,3210,3323,3374,3613,3676,3741,3520,4085,4718,5074,4323,4628,7831,8727,4960,31.278,1.42566,8.72994,48.0607
2914,12375,5988,4014,3381,6506,4732,3817,3384,3971,3771,3338,3283,3353,3330,3211,3266,-24.6375,-31.5735,8.81513,47.8133
2915,3406,3430,3280,3167,3937,3742,3530,3400,5209,5268,4177,3567,8257,9246,4774,3523,32.9421,-13.3641,8.7885,47.942
2916,3355,4093,6478,10523,3351,3864,5184,7166,3176,3541,3851,4175,3048,3266,3453,3498,-20.1773,22.8015,8.82175,48.0147
2917,3268,3298,3408,3235,3493,3760,3861,3640,4082,4808,5239,4396,4379,7488,8907,4960,33.6121,2.28779,8.66293,48.148
2918,3299,3341,3331,3228,3833,3869,3582,3405,4625,5268,4567,3780,6008,9910,6195,4166,27.1742,-6.75689,8.78997,48.2713
2919,8348,5343,3932,3456,9161,5460,3758,3371,4848,4134,3571,3355,3604,3590,3257,3044,-13.6234,-26.1703,8.71704,48.1547
2920,3378,3451,4372,5502,3347,3826,5132,9472,3331,3668,4671,6942,3240,3497,3924,4194,-4.15893,32.3586,8.89279,47.9647
2921,5710,4972,3833,3324,8433,6543,3957,3441,5701,4886,3697,3343,4036,3819,3491,3109,-6.73055,-19.0198,8.8273,48.1967
2922,3294,3345,3192,3154,3938,3853,3437,3254,6583,4849,3821,3304,11944,5846,4054,3426,23.3234,-33.9439,8.89394,47.5293
2923,3385,3954,6096,12246,3359,3695,4791,6065,3169,3407,3851,3997,3179,3206,3414,3496,-32.9893,28.0331,8.55662,47.54
2924,3198,3361,3236,3326,3244,3412,3744,3867,3297,3676,4794,6219,3424,3917,5951,12622,26.697,33.3093,8.77356,47.5253
2925,4448,5695,4967,3962,4830,7715,6057,4091,4024,4769,4258,3582,3504,3642,3573,3246,-9.7053,-3.93809,8.87658,48.242
2926,3559,4119,5021,4561,3894,4979,7967,5574,3624,4136,5519,4585,3547,3582,3984,3900,-5.44842,8.23959,8.60504,48.3673
2927,3559,3757,3593,3411,4176,5096,4524,3587,4855,7859,5737,4027,4270,5394,4602,3861,8.00314,-4.41206,8.77611,48.2053
2928,3534,3583,3413,3282,4199,4502,3790,3422,5748,7744,4845,3677,5476,6529,4540,3791,12.4226,-9.76431,8.51594,48.05
2929,3467,3803,4730,4781,3451,4221,7175,6864,3548,3930,5675,5436,3240,3498,4106,4107,-3.47509,14.6755,8.98581,48.0213
2930,3162,3190,3389,3206,3428,3644,3726,3724,3811,4774,5385,4588,4100,6519,9758,5932,26.0379,6.00471,8.95732,48.224
2931,3470,4190,6791,8844,3437,4006,5730,7054,3171,3570,4000,4324,3185,3185,3434,3478,-18.2389,18.9557,8.68693,47.9127
2932,3323,3492,3474,3450,3663,4246,4149,3682,4313,6457,6423,4360,4435,6266,6279,4313,14.5911,0.079047,8.82603,48.2167
2933,4458,6696,8708,5239,4110,5022,5755,4362,3435,3848,4032,3666,3206,3257,3418,3261,-22.3841,3.53083,8.59359,48.3153
2934,3364,3940,5994,8236,3398,3956,5751,8370,3307,3651,4200,4640,3126,3205,3610,3521,-15.0263,21.3431,8.78467,48.1793
2935,10214,8098,4375,3523,5708,5091,3818,3459,3941,3727,3358,3276,3393,3342,3309,3129,-27.9159,-17.8941,8.94141,47.8407
2936,4330,4208,3664,3338,5990,5943,4011,3408,6599,6765,4298,3362,4601,4520,3886,3365,1.85891,-14.7864,8.5216,48.192
2937,3547,4008,4412,4158,3712,4638,6997,4984,3712,4634,7012,5136,3470,3992,4313,4115,-0.232685,8.47381,8.92136,48.56
2938,3394,3910,6183,12361,3321,3771,4867,6211,3278,3457,3810,3915,3153,3181,3326,3266,-25.3431,33.9805,8.91544,47.6027
2939,6332,8428,5035,3721,5426,6481,4631,3619,3902,4003,3682,3442,3472,3464,3373,3196,-18.6554,-9.98609,8.96442,48.138
2940,3340,3343,3274,3189,3705,3817,3667,3454,4620,5233,4610,3793,5497,9615,6700,4104,31.6036,-4.75942,8.82877,47.974
2941,8510,8745,4667,3516,5654,5475,4049,3557,3791,3865,3564,3439,3276,3334,3305,3073,-23.7913,-14.7169,8.8119,47.88
2942,3790,4969,8740,7301,3544,4382,5892,5342,3423,3657,3943,3992,3085,3259,3476,3392,-21.629,11.5186,8.66118,48.1247
2943,5239,6057,4504,3645,5751,8089,4805,3659,4335,4856,4132,3575,3658,3706,3414,3266,-10.8772,-9.32441,8.51862,48.4607
2944,3980,4270,3726,3346,5154,6436,4303,3578,5597,7468,4613,3576,4304,4560,3857,3461,2.12412,-10.4047,8.81706,48.1527
2945,3883,3780,3392,3107,5523,4379,3732,3286,9833,5207,3934,3458,6537,4983,3602,3362,8.93609,-33.3152,8.70079,47.9987
2946,3044,3406,3609,3714,3291,3545,4520,4964,3483,4118,6341,8629,3471,3971,5473,6854,11.5635,19.5186,8.81189,48.2887
2947,8201,9314,4835,3675,5159,5257,4188,3539,3951,3841,3553,3244,3275,3315,3221,3123,-30.4055,-13.2337,8.62807,47.794
2948,4138,4265,3664,3545,5408,6614,4522,3528,5579,7274,4543,3498,4324,4512,3856,3432,1.21413,-10.7496,8.87492,48.468
2949,6012,4658,3653,3195,9659,5190,3763,3377,6441,4495,3604,3300,4029,3934,3486,3161,-5.97753,-27.5705,8.694,47.9713
2950,3308,3394,3324,3124,3640,3822,3596,3302,4886,5702,4494,3690,6273,9386,5849,4003,23.1962,-7.92242,8.97476,47.862
2951,3238,3421,3633,3811,3287,3575,4399,5365,3434,3824,5212,9631,3303,3777,5009,7056,10.2634,33.3677,8.54567,47.9833
2952,3185,3228,3436,3481,3254,3439,3858,4006,3454,3758,4856,5955,3286,3884,6397,12037,33.0144,24.781,8.54907,47.676
2953,3091,3197,3451,3527,3246,3528,4133,4238,3484,4013,5746,7105,3596,4200,6939,8589,17.808,18.3957,8.75238,48.0553
2954,3676,4591,8551,8235,3642,4228,5785,5679,3467,3563,3930,3999,3081,3245,3550,3407,-22.4538,14.4973,8.56943,48.4193
2955,3505,3349,3292,3132,4078,3874,3394,3132,7004,4915,3791,3371,11530,6139,3935,3327,22.2782,-27.0081,8.75145,47.8453
2956,3290,3932,5511,8185,3367,3894,5549,9078,3257,3508,4174,5044,3135,3272,3473,3705,-13.0584,25.8671,8.56836,48.2493
2957,3180,3427,4082,4112,3253,3637,5237,5867,3482,4141,6457,8125,3331,3811,4884,5286,5.18511,17.9791,8.97082,48.208
2958,3277,3665,4214,4192,3565,4300,6312,5863,3568,4243,6902,6324,3418,3687,4445,4512,1.73913,13.4618,8.95355,48.3247
2959,7365,9873,5416,3659,5059,5354,4168,3555,3715,3829,3585,3302,3327,3383,3345,3129,-29.6787,-10.6405,8.91654,48.0427
2960,3582,3648,3363,3298,4276,4474,3887,3325,6050,7561,4664,3720,5681,6618,4452,3688,12.9347,-11.1607,8.63236,48.1913
2961,6724,4845,3730,3238,9819,5404,3878,3474,5741,4399,3545,3307,3959,3762,3357,3219,-8.91538,-26.9388,8.68838,48.2673
2962,3090,3251,3422,3332,3294,3287,3886,4067,3413,3823,4895,6505,3414,3937,6153,12147,25.0626,26.5937,8.51688,47.944
2963,3870,5567,9762,6717,3759,4326,5550,4812,3406,3596,3762,3791,3233,3344,3381,3392,-26.0486,9.07065,8.52955,48.1787
2964,3372,3614,4107,4279,3477,3907,5790,6452,3484,4100,6553,6981,3386,3631,4545,4912,1.75186,16.8385,8.81995,48.3933
2965,3430,3430,3190,3086,4300,4031,3513,3297,7498,5620,3941,3519,9044,6515,4131,3345,17.9676,-20.7613,8.96215,47.9267
2966,3400,3893,6170,12442,3337,3692,4802,5972,3185,3392,3806,3990,3172,3167,3344,3486,-33.9853,25.7562,8.77779,47.5
2967,3217,3431,3943,4373,3356,3613,4750,7200,3243,3790,5388,8843,3212,3649,4435,5277,3.03252,24.9014,8.89174,47.8133
2968,3266,3485,3906,3950,3415,3848,5007,5304,3611,4096,7207,7591,3345,4006,5050,5452,7.08023,15.5747,8.53874,48.3593
2969,3537,3397,3272,3222,4245,3925,3461,3185,7684,5013,3908,3369,10620,5817,3858,3362,18.8538,-32.29,8.62153,47.9167
2970,3088,3356,3455,3405,3299,3556,3799,4205,3325,3887,5025,7781,3361,3929,5678,10534,18.8994,30.0105,8.59397,47.7887
2971,4621,7764,8719,4963,4057,4961,5175,4289,3472,3684,3931,3654,3125,3252,3276,3312,-26.9635,1.50039,8.59081,48.17
2972,3316,3384,3338,3158,3837,3908,3698,3436,4706,6417,5081,4054,5467,8365,6170,4009,19.7016,-4.84301,8.68902,48.2293
2973,3464,3921,5877,12178,3493,3795,4831,6519,3208,3405,3758,3956,3140,3161,3371,3344,-24.079,30.7589,8.72172,47.614
2974,3597,4909,9242,8023,3545,4178,5522,5348,3339,3582,3739,3767,3157,3212,3386,3289,-25.9682,12.5677,8.71901,47.89
2975,5939,9749,6285,4112,4603,5262,4631,3831,3753,3753,3692,3433,3263,3419,3394,3115,-33.1207,-6.02067,8.59567,48.156
2976,3059,3417,3765,3720,3250,3569,4155,5396,3337,3751,5269,9808,3341,3758,4997,7236,10.5474,27.9804,8.70264,47.8853
2977,4871,4417,3596,3241,7894,5808,3902,3381,7087,5418,3753,3398,4433,4128,3586,3270,-1.5261,-20.2119,8.83352,48.122
2978,12476,5978,3846,3364,6197,4691,3668,3349,3911,3672,3513,3339,3348,3299,3307,3160,-26.2166,-33.4677,8.96826,47.412
2979,5004,4271,3507,3278,8950,5026,3789,3381,7643,4804,3734,3396,4450,4108,3494,3219,-2.00927,-31.605,8.77971,48.036
2980,5349,9223,7236,4291,4312,5057,4769,3989,3684,3784,3629,3536,3302,3366,3297,3410,-32.3126,-3.08777,8.94297,48.156
2981,3793,3649,3455,3148,5163,4942,3727,3423,7506,7194,4224,3495,5708,5202,3914,3381,8.40759,-16.5251,8.80362,47.9493
2982,3182,3390,3284,3222,3424,3605,3757,3663,3910,4595,5137,4372,4258,6987,9627,5490,30.9926,4.07609,8.82023,47.9353
2983,4093,5545,7357,5014,4008,5281,7067,4714,3687,4001,4242,3816,3264,3384,3520,3425,-15.6976,5.00627,8.75159,48.2787
2984,3343,3967,5587,8636,3349,3905,5522,8835,3254,3524,4080,4784,3140,3283,3512,3563,-14.7732,23.9626,8.85746,48.1893
2985,4416,7152,9006,5151,4027,4843,5264,4435,3493,3725,3789,3654,3143,3398,3331,3284,-25.7573,3.01381,8.53903,48.074
2986,4291,4172,3731,3311,6323,5769,3963,3394,6975,6471,4052,3420,4776,4425,3701,3316,1.53343,-16.5051,8.89581,48.06
2987,6058,9788,6196,3971,4732,5250,4610,3798,3617,3786,3599,3370,3234,3427,3397,3175,-28.7296,-6.48563,8.5469,48.0053
2988,3246,3790,5261,8928,3348,3780,5224,9437,3252,3592,4002,4680,3111,3267,3460,3499,-14.5356,31.189,8.98683,47.918
2989,4142,4637,4501,3832,4630,7505,5871,3978,4192,5578,4798,3729,3834,3958,3853,3423,-4.40507,-3.4301,8.91989,48.3073
2990,9699,8366,4224,3444,5591,5142,4178,3406,3909,3862,3453,3220,3463,3402,3258,3161,-33.6662,-16.5833,8.90773,47.852
2991,5938,8998,5946,4082,4891,6054,4705,3783,3697,3891,3633,3381,3196,3381,3333,3126,-21.4764,-6.91043,8.67001,48.0233
2992,10796,5845,3885,3521,7661,4995,3881,3347,4311,3927,3424,3216,3420,3280,3197,3043,-19.862,-27.2937,8.62516,47.8327
2993,3494,4471,8331,9696,3453,3941,5062,5504,3255,3605,3855,3949,3055,3393,3428,3394,-31.3048,16.7142,8.81623,47.924
2994,3092,3379,3784,3885,3420,3848,4705,5438,3347,4045,6838,8234,3396,3904,5008,5792,7.59133,17.7468,8.98739,48.0767
2995,3821,4627,4478,3747,4446,6794,6317,4227,4154,5487,5372,4140,3607,3905,3872,3698,-3.59507,-0.622971,8.78453,48.4613
2996,4372,4129,3599,3128,7354,5068,3691,3375,8498,5494,3808,3391,5166,4305,3594,3081,2.03515,-23.5826,8.83617,48.0353
2997,8262,5733,4043,3382,8548,5706,3890,3437,4605,4145,3557,3260,3648,3621,3291,3119,-14.4393,-22.138,8.7941,48.1647
2998,3292,3411,3236,3214,3803,3802,3552,3442,4777,5223,4319,3725,6923,10005,5483,3812,32.0879,-9.5782,8.99042,48.0127
2999,3381,3313,3177,3155,3872,3725,3368,3242,6185,4728,3756,3362,12939,5982,4010,3377,28.426,-31.6571,8.99887,47.7147
3000,6135,10100,6231,3929,4582,5173,4475,3731,3728,3784,3677,3400,3319,3421,3291,3198,-31.509,-6.55404,8.88835,48.116
3001,3310,3333,3346,3202,3736,3879,3629,3403,4532,5691,4643,3874,5817,9349,6201,4074,24.1163,-6.15201,8.55364,48.0127
3002,3408,4067,6271,12489,3282,3747,4753,6257,3163,3395,3766,3900,3114,3290,3320,3408,-27.063,26.1934,8.99058,47.7533
3003,12701,5883,3865,3392,6004,4748,3821,3383,3865,3616,3432,3334,3457,3402,3237,3196,-31.0698,-31.9779,8.79561,47.5573
3004,3318,3395,3420,3318,3736,4025,4021,3649,4502,6556,5953,4258,4661,6978,6303,4312,16.1952,-1.35688,8.84778,48.27
3005,5277,5235,3990,3551,6992,7376,4319,3508,5143,5089,3997,3472,3876,3875,3509,3204,-6.82045,-14.5327,8.64984,48.2753
3006,3146,3269,3390,3422,3205,3519,4049,4077,3409,4011,5628,6555,3610,4219,7301,9179,20.7207,18.2088,8.64478,47.9927
3007,3192,3339,3292,3123,3676,3841,3628,3434,4558,5347,4975,4084,5340,9021,7197,4469,24.4133,-3.05541,8.80406,48.344
3008,3739,4700,7848,7039,3615,4398,6487,5954,3389,3699,4253,3933,3204,3311,3452,3306,-17.7755,12.7867,8.65756,48.218
3009,3434,3761,4046,3962,3753,4750,6148,4614,3801,5219,7365,5142,3576,4135,4575,4100,2.4409,6.29945,8.5056,48.254
3010,3689,3910,3879,3570,4063,5141,5253,3995,4262,6827,6694,4227,3869,4694,4565,3829,4.64772,-0.159914,8.74686,48.3113
3011,3516,3336,3294,3034,4193,3782,3301,3268,7517,4920,3746,3376,11109,5964,3967,3371,20.4891,-28.139,8.74377,47.796
3012,3179,3344,3474,3140,3437,3656,3788,3668,3760,4511,5241,4595,4075,6406,9772,5980,29.0716,6.07059,8.76637,48.0173
3013,4420,4007,3449,3208,7357,4655,3624,3344,9301,5023,3823,3416,5247,4386,3660,3240,2.77334,-31.5485,8.80316,48.1067
3014,3143,3482,3805,4136,3304,3659,4578,6210,3378,3789,5500,9347,3308,3752,4750,6074,6.72529,25.2127,8.55185,48.1433
3015,3921,4504,4507,3911,4206,6590,6719,4334,4024,5325,5244,4044,3472,3974,3846,3637,-3.97121,0.247322,8.88589,48.172
3016,3434,3777,3631,3313,3953,4642,4157,3593,4998,7874,5490,3883,4816,6093,4883,3891,11.1069,-5.68668,8.77648,48.2853
3017,3327,3409,3283,3211,3704,3736,3720,3519,4388,5135,4654,4045,5166,9339,7314,4414,30.1979,-2.98425,8.75696,48.2427
3018,4012,5779,7568,4975,3971,5317,6788,4845,3608,3827,4186,3806,3124,3357,3539,3366,-16.6972,4.78169,8.86238,48.0453
3019,3371,3355,3226,3132,3899,3667,3444,3246,6003,4969,3778,3301,12347,6507,3847,3414,30.5654,-23.9987,8.94199,47.6707
3020,3105,3476,3769,3942,3361,3737,4744,5322,3415,4139,6707,8314,3416,3850,5038,5696,7.60196,18.1878,8.90353,48.0207
3021,3665,3548,3267,3129,4769,4228,3552,3251,8854,5703,3914,3397,8239,5640,3893,3400,14.0481,-23.4406,8.54995,48.2993
3022,3736,4242,5132,4430,3929,5347,8170,5110,3629,4219,5449,4397,3355,3626,3937,3620,-6.14644,6.50754,8.88972,48.2187
3023,3176,3307,3382,3246,3359,3629,3858,3764,3643,4447,5254,4776,3922,5727,10049,6414,33.0433,8.216,8.99957,47.9687
3024,3654,5093,9166,7245,3709,4332,5969,5187,3294,3637,3950,3987,3054,3360,3405,3388,-21.7777,11.768,8.95603,48.2867
3025,3331,3365,3332,3102,3574,3815,3828,3586,4353,5444,5062,4194,4969,8250,7386,4563,22.9496,-1.82977,8.519,48.1027
3026,3558,3398,3399,3117,4125,4102,3556,3320,5855,6186,4333,3499,7427,7873,4598,3598,18.9704,-13.6594,8.56747,47.9627
3027,3848,3995,3713,3340,4716,6044,4341,3620,5528,7958,5059,3794,4365,4831,4009,3508,4.07316,-8.64708,8.9553,48.446
3028,4861,8456,7806,4656,4312,5209,4908,4138,3645,3826,3690,3522,3286,3415,3286,3293,-25.1669,-1.25045,8.53954,48.206
3029,12415,5886,4003,3386,6121,4598,3819,3455,3971,3861,3463,3300,3452,3457,3230,3181,-29.083,-30.5337,8.51659,47.732
3030,3393,3346,3262,3134,4290,3887,3518,3190,7655,5001,3860,3441,10991,5787,3874,3378,19.7592,-31.6762,8.61855,48.0047
3031,4221,3899,3412,3285,5902,5007,3796,3340,8537,6279,3910,3357,5486,4674,3807,3308,5.65233,-20.1364,8.67249,48.1467
3032,3351,3866,5442,9273,3347,3813,5185,8832,3365,3526,4096,4611,3211,3308,3529,3511,-15.4599,32.1395,8.68833,48.1773
3033,3297,3473,3263,3203,3723,3715,3599,3404,5011,5234,4291,3596,7117,9727,5263,3749,30.1021,-10.4346,8.59665,47.7767
3034,3174,3161,3452,3384,3178,3481,3865,3891,3470,4022,5348,5484,3548,4621,8767,9337,26.0286,15.8251,8.92532,48.122
3035,3189,3258,3347,3328,3464,3647,3884,3687,3641,4174,5293,4903,3704,5244,9694,7314,30.8765,10.8628,8.83768,47.8473
3036,10742,7587,4211,3449,6139,5082,3880,3390,3922,3897,3530,3246,3431,3329,3188,3063,-25.4289,-19.54,8.97783,48.0573
3037,3715,4906,8813,7980,3575,4279,5661,5504,3361,3648,3947,3925,3138,3263,3435,3283,-22.7598,13.1873,8.81141,48.2887
3038,7284,5128,3727,3327,10052,5301,3849,3266,5438,4254,3637,3212,3741,3685,3320,3032,-10.384,-27.1034,8.99216,48.1687
3039,5849,6227,4272,3523,6603,7630,4393,3549,4494,4619,3719,3427,3626,3673,3380,3164,-11.7078,-13.0003,8.94429,48.0987
3040,12272,5974,3911,3441,5922,4622,3797,3313,3862,3712,3419,3317,3321,3359,3248,3210,-31.3813,-32.6955,8.55466,47.1333
3041,3373,3387,3228,3161,3855,4258,3681,3444,5372,6789,4742,3813,5912,8178,5219,3867,18.008,-8.5613,8.96822,48.186
3042,3117,3539,3720,3815,3389,3844,4877,5098,3508,4299,7274,7611,3431,3879,5273,5632,8.16671,15.7465,8.95351,48.204
3043,4188,3791,3399,3177,6583,4464,3675,3384,9709,5152,3799,3403,5760,4486,3639,3246,5.42749,-30.7248,8.69718,47.9033
3044,5660,9121,6459,4149,4593,5684,4858,3951,3671,3785,3651,3559,3187,3348,3274,3108,-23.1475,-4.96088,8.73674,48.0387
3045,6740,10135,5574,3865,4865,5108,4319,3701,3812,3721,3549,3421,3218,3333,3317,3211,-30.7487,-8.99973,8.97121,47.926
3046,3075,3382,3576,3734,3291,3716,4390,4873,3380,4082,6589,8326,3447,3933,5584,6509,10.9712,18.7279,8.71982,47.9247
3047,3165,3214,3338,3393,3222,3312,3798,3918,3328,3941,4790,6637,3430,3911,5998,12083,23.7527,31.3419,8.60065,47.652
3048,3999,5004,5695,4608,4114,6344,7483,4624,3750,4350,4663,4011,3351,3477,3641,3472,-10.116,2.74638,8.91225,48.3907
3049,3718,5102,9346,7807,3593,4148,5454,5180,3340,3562,3810,3772,3099,3294,3300,3499,-24.8573,12.1088,8.66746,48.016
3050,3929,4581,4656,3940,4368,6616,6594,4443,4019,5130,5188,4006,3690,3867,3945,3617,-4.6017,0.555557,8.64954,48.3927
3051,10296,5889,4075,3396,7892,5270,3806,3340,4287,3955,3534,3335,3502,3352,3271,3050,-18.9189,-24.5737,8.85422,48.1667
3052,3568,5120,8880,6843,3680,4446,6136,5418,3348,3659,4018,3884,3236,3319,3393,3422,-20.758,11.1634,8.76162,48.2467
3053,3770,3990,3636,3390,4555,5610,4283,3500,5330,7967,5051,3822,4589,5014,4272,3471,5.43128,-8.37307,8.71962,48.1667
3054,3687,5195,9767,7543,3569,4258,5307,5192,3286,3644,3925,3841,3069,3234,3429,3354,-27.9187,11.5637,8.92482,48.2
3055,3443,3403,3206,3072,4062,3872,3524,3311,6691,5733,4092,3479,9027,7326,4329,3505,19.619,-17.7682,8.94475,48.05
3056,3221,3412,3942,4622,3271,3716,4825,7601,3301,3743,5025,8767,3178,3609,4348,5204,1.8863,26.5039,8.77919,47.8567
3057,3454,4004,6468,12111,3338,3810,4842,6126,3226,3482,3665,3946,3243,3256,3391,3335,-27.3987,25.3654,8.53806,47.798
3058,3356,3447,3692,3549,3536,4202,4857,4090,3915,5714,7971,5057,3834,4605,5592,4545,9.09275,5.42486,8.79038,47.9747
3059,4092,5880,9235,5663,3775,4840,6019,4815,3341,3553,3929,3732,3149,3398,3367,3191,-21.5816,6.38185,8.65218,47.986
3060,3242,3427,3489,3452,3570,3969,4301,3900,4008,5621,7355,4673,4173,5575,6841,4807,14.3906,3.99107,8.8926,48.2687
3061,3251,3459,3320,3058,3891,3922,3717,3450,4867,6488,4741,3812,5995,8765,5737,3968,20.1165,-7.37873,8.92125,48.294
3062,4127,5489,6518,4764,3972,5819,7096,4643,3672,4146,4285,3904,3230,3420,3572,3517,-13.7891,3.31129,8.56416,48.116
3063,3937,4408,3980,3654,4842,7153,5053,3851,4807,6521,4863,3769,4034,4216,3910,3399,-1.1203,-6.55617,8.78226,48.2647
3064,3241,3529,4167,4641,3356,3622,4978,7713,3326,3783,5332,8486,3197,3550,4368,5032,1.01955,24.7454,8.55878,48.214
3065,10714,5690,3931,3336,7819,5199,3751,3361,4216,3948,3538,3245,3401,3344,3105,3090,-18.8848,-31.3489,8.96049,47.792
3066,3140,3209,3364,3260,3219,3442,3629,4008,3367,3740,4791,6410,3331,3914,6118,12538,25.1332,29.7379,8.97858,47.6533
3067,3446,4206,7015,9640,3427,3886,5501,6905,3326,3506,3992,4078,3065,3343,3377,3330,-20.5407,20.091,8.86808,48.0287
3068,4163,6946,9445,5627,3855,4673,5104,4376,3552,3650,3819,3662,3142,3286,3338,3220,-32.2445,4.05856,8.80056,47.9053
3069,3512,4052,6561,11578,3468,3831,4859,6219,3262,3439,3921,3983,3120,3283,3448,3447,-25.2481,23.5162,8.68986,47.9887
3070,5844,4950,3874,3338,8702,6310,3997,3343,5767,4796,3677,3310,4049,3840,3560,3255,-7.07448,-19.9325,8.75565,48.408
3071,3094,3458,3764,3840,3232,3599,4518,5768,3352,3771,5394,9900,3309,3658,4848,6550,8.53114,27.8411,8.91155,48.0367
3072,3407,3640,3586,3424,3707,4358,4607,4085,4271,6396,7357,4611,4008,5092,5578,4286,10.0835,1.99794,8.59637,48.2753
3073,3232,3230,3502,3481,3254,3452,4028,4666,3426,3768,5238,8583,3362,3873,5450,9302,15.7947,31.345,8.64106,47.898
3074,3251,3402,3286,3231,3793,3859,3662,3376,4778,5167,4391,3890,6348,9875,5787,3998,31.6843,-8.20754,8.58885,48.0627
3075,3463,3753,4283,4107,3568,4303,6506,5521,3536,4349,6795,5817,3443,3885,4384,4379,1.01596,11.469,8.55791,48.0613
3076,5423,4727,3697,3307,8402,6275,3961,3464,6090,5086,3800,3363,4159,3871,3540,3170,-5.04372,-19.4986,8.69997,48.2233
3077,3165,3514,4167,4575,3334,3743,5363,7549,3308,3758,5378,8219,3234,3555,4285,4922,1.18854,22.6257,8.98208,48.046
3078,3024,3144,3349,3404,3245,3517,3921,4052,3477,3969,5373,6295,3489,4337,7507,9903,22.3136,18.8042,8.56971,48.004
3079,3487,3969,5772,9148,3481,3932,5598,8133,3198,3477,4029,4433,3109,3227,3520,3553,-16.5544,22.9106,8.61042,48.044
3080,5312,4360,3524,3305,9051,5160,3653,3396,7340,4747,3743,3230,4450,4000,3530,3278,-2.8366,-28.1511,8.55932,48.0527
3081,12441,6029,3928,3417,5824,4675,3807,3395,3745,3658,3387,3291,3403,3390,3313,3276,-31.4894,-33.9355,8.86862,47.3193
3082,3397,3626,3907,3627,3770,4619,5256,4121,4061,6164,7715,4590,3742,4673,5064,4140,6.69662,3.3693,8.73825,48.3147
3083,3496,4045,5562,5364,3564,4441,7749,6694,3568,3878,5035,4852,3327,3450,3720,3812,-8.60651,13.0131,8.53651,48.3713
3084,3145,3346,3650,3486,3387,3730,4226,4236,3612,4531,6856,6003,3572,4574,7458,6684,16.5431,12.5984,8.56872,48.3307
3085,3151,3204,3436,3582,3210,3604,3959,4276,3355,3781,5150,7816,3351,3996,5717,10310,18.3318,27.1648,8.55634,47.932
3086,4886,7028,5999,4219,4602,6772,5550,3990,3896,4160,4030,3692,3422,3503,3378,3319,-15.9202,-3.23791,8.50458,48.2973
3087,3343,3432,3178,3076,4065,3867,3441,3163,7022,4920,3814,3456,11639,5978,3965,3395,22.6646,-27.7768,8.70982,47.836
3088,4426,4060,3495,3227,6472,5443,3813,3328,7976,6194,4002,3446,4987,4504,3602,3349,3.09634,-19.1772,8.60624,48.216
3089,12120,6378,3979,3324,6047,4815,3761,3229,3995,3774,3511,3152,3469,3407,3252,3197,-33.1918,-25.3299,8.55093,47.6067
3090,3932,3816,3446,3214,4830,5054,3904,3415,6890,7704,4460,3493,5296,5188,3896,3474,7.36497,-13.5526,8.53884,48.008
3091,7725,6924,4320,3589,6909,6342,4162,3501,4256,4136,3605,3233,3563,3437,3244,3096,-16.6414,-16.6584,8.97863,48.028
3092,4131,6186,9485,5819,3875,4647,5689,4677,3392,3677,3909,3759,3165,3356,3365,3225,-23.2959,6.18291,8.81532,48.238
3093,3217,3428,3910,4099,3308,3744,4864,6548,3360,3851,5716,9160,3274,3578,4525,5555,4.64755,22.7258,8.8097,48.0913
3094,3122,3266,3740,3683,3299,3576,4523,5124,3379,3833,5269,9769,3311,3746,4973,7135,10.5912,33.7448,8.69564,47.832
3095,3505,3848,5638,7530,3406,4084,5901,8618,3330,3607,4289,4887,3138,3330,3677,3638,-12.814,21.1705,8.81553,48.284
3096,3308,3363,3436,3206,3743,3870,3759,3426,4881,5148,4384,3707,6582,10100,5715,3888,30.2357,-8.70991,8.81756,48.344
3097,3527,3440,3357,3220,3864,4044,3699,3420,5150,6700,4848,3821,5746,8191,5493,3951,17.9277,-7.47509,8.87884,48.314
3098,7940,5219,3904,3367,9447,5254,3950,3325,5006,4131,3534,3228,3688,3554,3310,3184,-12.5282,-30.7633,8.52876,48.0273
3099,11756,6663,3848,3428,6276,4939,3879,3345,3971,3782,3568,3184,3334,3418,3196,3070,-25.2156,-23.8378,8.769,47.7713
3100,6807,9922,5278,3778,5024,5259,4397,3738,3705,3783,3614,3257,3279,3331,3264,3162,-33.9834,-9.84559,8.60789,47.732
3101,3639,4249,5382,4810,3660,4970,8486,5757,3531,4074,5186,4453,3373,3515,3709,3732,-7.75246,8.99272,8.8475,48.3507
3102,7662,9301,4980,3858,5332,5655,4260,3559,3845,3958,3626,3332,3386,3385,3171,3069,-24.487,-11.9955,8.58715,48.2527
3103,3288,3342,3394,3268,3411,3722,3898,3811,3753,4583,5603,4819,4002,5681,9443,6276,24.281,7.91434,8.66575,48.196
3104,6788,4831,3703,3285,9974,5264,3770,3282,5506,4412,3608,3361,3877,3569,3284,3168,-9.2695,-32.3905,8.83246,47.788
3105,3240,3451,3973,4265,3238,3681,4702,6821,3385,3694,5421,9142,3304,3648,4628,5581,4.37395,26.1891,8.60614,48.116
3106,4440,4047,3542,3291,6979,4781,3641,3306,9030,5352,3793,3283,5303,4470,3513,3333,3.41912,-25.5409,8.68238,48.0693
3107,3162,3222,3376,3473,3232,3487,3807,4207,3421,3890,4942,7493,3426,3918,5738,10984,20.1455,32.2667,8.75265,47.852
3108,3093,3302,3406,3461,3307,3532,3975,3983,3494,4010,5634,6256,3480,4542,7757,8905,21.0669,16.9096,8.80857,48.0913
3109,3487,4136,5645,5035,3578,4564,7965,6332,3416,4075,5085,4730,3295,3484,3847,3626,-8.54478,12.0981,8.98538,48.2
3110,4167,5281,5379,4284,4277,6586,6934,4290,3720,4495,4622,3890,3446,3686,3600,3440,-10.1339,0.894754,8.52053,48.0647
3111,11784,6088,3916,3345,6717,4868,3825,3257,3994,3787,3445,3301,3384,3448,3210,3157,-22.9743,-27.2337,8.82491,47.684
3112,3383,3512,3458,3422,3568,3975,4248,3902,3950,5658,7389,4825,4045,5499,6715,4802,14.3111,4.45889,8.60681,48.234
3113,4073,3785,3485,3138,6354,4559,3719,3266,9708,5210,3835,3360,6005,4594,3776,3287,6.2014,-28.5836,8.56167,48.1027
3114,3158,3509,3790,3771,3397,3969,5043,4795,3692,4478,7809,6607,3546,4011,5596,5250,8.83668,13.0962,8.56128,48.2807
3115,4997,5559,4185,3497,6081,8260,4796,3583,4512,5097,3951,3519,3750,3809,3608,3306,-8.5422,-10.1655,8.75871,48.34
3116,3083,3152,3309,3377,3177,3462,3798,3996,3456,3915,4827,6549,3436,4095,6333,11954,24.7876,25.3531,8.94392,47.946
3117,3025,3276,3406,3436,3458,3530,3847,3805,3515,4176,5250,5221,3655,5135,9543,7895,28.0614,12.3376,8.98607,48.1153
3118,3657,3618,3397,3144,5142,4236,3522,3323,9663,5353,3815,3429,7614,4965,3895,3267,11.6744,-29.6384,8.61305,48.0267
3119,3394,3997,6153,11692,3374,3771,4804,6742,3230,3451,3850,4054,3102,3221,3428,3428,-22.6251,28.7313,8.79917,47.794
3120,3213,3323,3563,3547,3280,3631,4138,4696,3420,3970,5468,8649,3411,3866,5554,8384,14.5646,24.1581,8.52267,48.0753
3121,3305,3679,3974,3765,3542,4013,5488,4677,3570,4768,8097,6019,3516,4108,5102,4746,5.86165,10.6347,8.60768,48.246
3122,5925,9714,6495,4051,4754,5182,4535,3871,3635,3762,3686,3391,3325,3362,3277,3245,-31.5338,-5.81596,8.65311,48.14
3123,3487,3443,3266,3056,3983,3949,3583,3307,5599,5848,4210,3659,7914,8649,4915,3629,22.3143,-13.3248,8.77213,48.3313
3124,3205,3655,4232,4741,3337,3840,5381,7690,3374,3816,5402,7813,3275,3643,4238,4765,0.094826,22.0187,8.74966,48.2713
3125,3614,3935,3866,3620,4074,5205,5271,4004,4241,6449,6476,4300,3952,4559,4566,3968,4.15779,0.247935,8.52489,48.0667
3126,3376,3476,3463,3473,3577,4243,4293,3751,4276,6173,7035,4554,4170,5774,6138,4528,12.865,1.65405,8.74464,48.2
3127,4231,4672,4014,3567,5081,7734,5245,3785,4577,6188,4555,3700,3841,4079,3700,3506,-3.16546,-6.6544,8.95866,48.3167
3128,3265,3393,3342,3253,3620,3901,3972,3674,4320,5985,5896,4194,4767,7027,6957,4639,18.2284,-0.34485,8.70217,48.1367
3129,3567,4721,8527,7838,3510,4343,5880,5650,3356,3577,4013,3953,3064,3352,3393,3416,-20.7803,12.9391,8.66955,48.1067
3130,5586,7396,5106,3786,5439,7200,4725,3792,4163,4194,3800,3415,3371,3602,3355,3161,-15.7701,-9.18167,8.5643,48.0607
3131,3459,3379,3264,3068,4212,3915,3425,3294,7450,5334,4049,3422,9907,6390,3983,3431,19.2062,-22.0383,8.63078,47.988
3132,7204,9776,5229,3766,5095,5226,4248,3692,3823,3780,3514,3304,3456,3527,3303,3192,-32.2026,-10.8272,8.77641,48.09
3133,11427,5969,3912,3389,7026,4921,3834,3352,3997,3910,3361,3232,3421,3426,3306,3119,-21.6936,-33.597,8.8604,47.7347
3134,3475,3336,3094,3158,4126,3871,3482,3177,6684,4960,3857,3278,11137,6781,4120,3352,22.8288,-22.7478,8.73033,47.9253
3135,9297,5412,3828,3393,8768,5048,3864,3485,4598,4078,3477,3236,3693,3439,3301,3185,-15.7949,-30.8249,8.65413,48.068
3136,4784,6611,5507,4092,4707,7294,5826,4000,3801,4234,4093,3557,3352,3532,3426,3294,-13.9043,-3.91411,8.57288,48.0733
3137,4017,4447,4136,3651,4667,7018,5340,3844,4513,6383,5164,3770,3976,4039,3848,3576,-1.38034,-4.73847,8.66809,48.2593
3138,3260,3270,3641,3617,3301,3542,4332,5290,3416,3734,5171,9736,3258,3793,4903,7469,11.0027,29.3337,8.70829,47.822
3139,3091,3436,3772,3984,3324,3571,4267,5838,3353,3792,5215,9854,3347,3687,4852,6728,8.80942,28.0018,8.64135,48.074
3140,3279,3508,3783,3684,3559,4104,5181,4453,3635,5116,8151,5458,3505,4354,5483,4873,7.99545,8.39464,8.56503,48.084
3141,3190,3483,3864,4329,3362,3612,4684,6929,3319,3765,5096,9414,3360,3561,4366,5604,4.43715,29.6923,8.62093,47.9587
3142,4800,8467,7985,4574,4159,4996,4860,4154,3522,3796,3771,3577,3249,3369,3245,3252,-33.9545,-0.881387,8.86254,47.8507
3143,3491,3923,6062,12555,3411,3798,4686,6024,3295,3480,3764,3979,3156,3028,3328,3362,-27.9664,33.1444,8.71562,47.5613
3144,3260,3453,3551,3462,3572,4016,4370,3967,3882,5252,7557,5006,3994,5192,6903,4954,13.6945,5.92974,8.73701,48.2607
3145,3254,3385,3712,3846,3274,3643,4413,5913,3358,3856,5265,9975,3310,3778,4775,6269,7.55384,33.6866,8.9372,48.0173
3146,3466,4198,8000,10619,3408,3944,5078,5561,3141,3412,3790,4001,3189,3269,3431,3343,-32.9876,18.6614,8.95737,47.9
3147,5086,5326,4074,3473,6670,7607,4524,3577,4833,5076,3944,3556,3842,3782,3518,3227,-7.79976,-13.1832,8.51279,48.0767
3148,3300,3586,4104,4915,3199,3704,4947,8776,3352,3639,4832,8127,3184,3610,4104,4738,-0.936196,28.863,8.99772,48.078
3149,3123,3118,3403,3389,3285,3533,3959,4108,3361,3882,5169,6912,3503,3954,6567,10702,22.049,22.9569,8.68163,47.9787
3150,3878,5378,9556,7277,3611,4244,5676,5111,3294,3552,3968,3764,3061,3251,3432,3314,-24.5373,10.9605,8.81702,48.2447
3151,3575,4157,5175,4593,3773,5079,8106,5602,3576,4293,5645,4590,3322,3594,3901,3736,-5.8425,8.48469,8.97028,48.478
3152,3294,3514,3740,3526,3633,4331,4786,4018,3971,6101,7882,4791,3957,4912,5709,4427,9.51325,3.90043,8.92154,48.3947
3153,3755,4458,6293,5223,3629,4908,7953,5900,3389,3927,4738,4378,3270,3252,3644,3562,-11.3758,10.3484,8.76861,48.186
3154,4640,6437,5849,4283,4533,6881,6044,4110,3809,4256,4197,3710,3308,3641,3567,3344,-13.7891,-2.0558,8.73523,48.406
3155,3423,3329,3242,3054,3938,3846,3413,3272,6314,4901,3854,3423,11391,6960,4063,3400,24.4685,-22.5351,8.86783,47.882
3156,3398,3917,4511,4228,3757,4797,6994,5101,3758,4620,6797,4953,3427,3760,4419,4096,-0.532699,8.50308,8.84698,48.3553
3157,6372,9785,5949,4076,4627,5270,4482,3793,3748,3814,3619,3408,3352,3375,3280,3164,-30.9079,-7.69006,8.62226,48.076
3158,3453,3409,3276,3024,4170,4023,3584,3248,6551,5733,4069,3549,8750,7494,4384,3548,19.3077,-17.2959,8.88078,48.1767
3159,3302,3392,3215,3072,3942,3818,3559,3328,5831,5580,4197,3478,8914,8250,4483,3646,22.5869,-15.9217,8.96425,48.0047
3160,12705,5941,3900,3361,5995,4713,3783,3324,3881,3768,3421,3243,3455,3389,3138,3224,-31.9051,-29.7969,8.70334,47.494
3161,3052,3180,3383,3415,3252,3388,3741,3929,3395,3810,4941,5905,3438,3962,6474,12148,29.6776,25.2417,8.68205,47.6087
3162,3174,3272,3422,3327,3431,3595,3687,3739,3624,4228,5453,5125,3751,5247,9733,7530,26.3304,11.5227,8.8245,48.2253
3163,3262,3378,3246,3169,3791,3868,3608,3335,5201,5281,4223,3549,7613,9587,5218,3806,28.4328,-11.2932,8.75001,48.09
3164,3654,3884,3622,3301,4324,5398,4222,3558,5348,8267,5146,3692,4654,5267,4285,3547,6.89391,-7.76893,8.99811,48.1127
3165,3686,3704,3401,3362,4643,4975,3896,3309,6639,7854,4647,3672,5395,5668,4146,3441,9.36938,-12.4319,8.58457,48.292
3166,3584,3908,3701,3520,4110,5203,4997,3913,4327,7246,6336,4130,4150,4770,4637,3966,5.62136,-1.34046,8.6561,48.332
3167,4278,4873,4621,3830,4614,7573,5942,3937,4231,5404,4669,3765,3713,3877,3694,3579,-5.95762,-3.45395,8.90707,48.4
3168,3575,3643,3251,3195,4565,4256,3629,3254,8216,6254,4165,3456,7080,5976,4099,3565,13.38,-18.7918,8.64691,48.1193
3169,3259,3476,3710,3788,3385,3573,4629,5404,3389,4079,6257,8743,3310,3853,5006,6269,8.59631,20.4201,8.56001,48.0867
3170,3320,3669,4369,5032,3259,3877,5370,8564,3210,3651,5083,7460,3197,3555,4078,4462,-2.01898,24.4396,8.72572,48.104
3171,4347,5365,4714,3932,4701,7678,6078,4209,4149,4967,4395,3736,3638,3777,3523,3350,-7.75309,-3.15373,8.84555,48.3727
3172,3105,3365,3527,3823,3151,3679,4137,5085,3424,3898,5463,9346,3353,3848,5226,7838,12.3259,25.2372,8.54557,48.1787
3173,3439,3415,3271,3147,3675,3846,3727,3364,4648,5210,4505,3789,6087,9734,6224,4013,29.8326,-6.70078,8.58301,48.0627
3174,8505,7541,4371,3621,6420,5690,4118,3436,4113,3964,3549,3349,3389,3473,3336,3092,-20.4546,-16.9158,8.56323,47.978
3175,3043,3379,3767,4053,3319,3672,4494,6205,3348,3882,5234,9989,3353,3657,4613,6081,6.72388,27.9025,8.92697,48.0593
3176,3124,3361,3785,4005,3278,3602,4530,5949,3455,3713,5325,9893,3339,3721,4657,6429,7.33055,29.1746,8.73619,48.1107
3177,3245,3576,4339,4961,3338,3734,5462,8177,3431,3817,5193,7366,3119,3500,4145,4672,-1.47572,22.7936,8.73261,48.05
3178,3310,3538,4202,5013,3303,3755,5003,8913,3250,3726,4768,7884,3172,3497,4099,4647,-1.48773,29.5596,8.79733,48.0533
3179,3396,3251,3270,3228,3788,3849,3374,3237,5982,4667,3732,3549,12708,6002,3881,3318,30.5405,-28.5486,8.81552,47.488
3180,3304,3328,3333,3321,3637,3829,3690,3477,4426,5019,4855,3941,5122,9029,7334,4478,33.1085,-2.87552,8.74641,48.082
3181,3150,3231,3260,3342,3397,3651,3902,3803,3751,4430,5077,4896,3796,5463,9817,7149,32.2759,10.4179,8.80598,48.0767
3182,3228,3251,3295,3185,3543,3822,3706,3508,4359,5186,4806,4059,5000,8742,7973,4551,30.5667,-1.51969,8.89324,48.1427
3183,3051,3293,3350,3541,3184,3495,3979,4483,3393,3935,5274,8083,3308,3928,5783,9660,17.2636,24.9314,8.9846,47.8267
3184,3326,3887,5985,12705,3356,3751,4725,6069,3230,3454,3777,3914,3198,3306,3429,3438,-28.8052,27.3609,8.77469,47.7
3185,3318,3728,5010,7231,3231,3894,5388,9546,3261,3616,4320,5409,3267,3375,3671,3822,-10.4511,26.2967,8.68925,48.058
3186,3124,3135,3335,3393,3132,3446,3924,4093,3395,3873,5065,6757,3469,3905,5872,11598,22.4734,31.9489,8.5299,47.6773
3187,3670,3949,3831,3566,4123,5618,5302,3994,4425,6874,6449,4221,3902,4380,4415,3984,3.36047,-1.02489,8.96494,48.4687
3188,3542,3750,3909,3764,3811,4674,5384,4192,4052,5753,7572,4818,3741,4375,4973,4263,5.12845,4.2629,8.80039,48.382
3189,4337,4553,3977,3414,5305,7352,4762,3619,5120,6418,4404,3622,4103,4276,3709,3444,-1.51716,-9.89413,8.60286,48.2767
3190,4164,4511,3861,3565,5402,7083,4529,3671,5110,6745,4612,3595,4197,4307,3766,3363,-0.705832,-9.18987,8.59277,48.3207
3191,3338,3680,4950,7152,3440,3835,5309,9655,3248,3528,4330,5430,3211,3592,3697,3730,-10.105,28.5781,8.5232,48.0833
3192,3716,5066,9340,7855,3676,4160,5513,5340,3290,3448,3890,3878,3075,3254,3365,3220,-25.4617,12.4843,8.76691,48.0573
3193,3359,3422,3256,3143,3858,3957,3648,3374,4700,5807,4496,3649,6365,9370,5698,3931,22.797,-7.86537,8.52907,48.022
3194,3423,3962,5047,5054,3608,4472,7645,6539,3535,4054,5458,5022,3261,3520,3868,3965,-5.85367,12.8401,8.54435,48.2887
3195,5469,8598,6313,4148,4660,6138,4936,3918,3741,3800,3836,3483,3371,3472,3188,3243,-20.6452,-5.05465,8.77703,48.2093
3196,3589,3480,3216,3139,4594,4108,3527,3235,8627,5184,3742,3364,9197,5407,3923,3360,15.6061,-28.9196,8.89008,47.7947
3197,3088,3289,3552,3573,3164,3722,4023,4661,3357,3779,5112,8843,3331,3953,5330,9092,15.0877,28.1006,8.83482,47.9127
3198,3366,3357,3196,3202,3891,3894,3410,3286,6025,4690,3724,3382,12778,6002,3988,3359,31.8952,-27.3998,8.85693,47.7
3199,3324,3361,3279,3181,3968,3840,3491,3169,5969,4898,3794,3509,12009,6649,3986,3358,31.1372,-23.4226,8.91731,47.8567
3200,3406,3746,4686,6454,3324,3817,5019,9994,3314,3701,4512,5897,3069,3461,3697,3944,-7.93107,31.5436,8.75256,48.0273
3201,3211,3243,3585,3639,3245,3504,4180,4849,3367,3834,5388,9186,3392,3868,5444,8147,13.2309,25.0048,8.78005,48.0547
3202,3282,3454,3440,3206,3494,3750,3724,3505,4058,4915,4947,4312,4587,7894,8480,4870,33.5834,0.745166,8.7096,47.9453
3203,3688,3420,3329,3092,4367,4105,3558,3236,7199,5911,4040,3484,8448,6521,4121,3480,16.9963,-18.5617,8.74651,47.9993
3204,3327,3353,3283,3022,4008,3898,3528,3214,5686,5238,4142,3399,9099,8591,4609,3448,26.3169,-15.6641,8.67869,47.8967
3205,8729,5554,3893,3299,8867,5309,3808,3446,4858,4117,3494,3215,3616,3571,3161,3072,-15.1202,-24.9597,8.9371,48.006
3206,3047,3143,3413,3464,3280,3588,3854,4093,3386,3784,4959,7218,3328,3902,5881,11456,20.9174,32.8146,8.86169,47.864
3207,3314,3325,3384,3226,3676,3747,3730,3461,4158,5083,4945,4109,4877,8498,7969,4616,26.1042,-0.959979,8.93814,48.0787
3208,3754,4336,5167,4290,3901,5540,7951,4880,3712,4548,5263,4187,3287,3629,3853,3574,-6.2656,5.33501,8.76799,47.9147
3209,3329,3631,3655,3596,3594,4100,4791,4010,3973,5727,7846,5085,3771,4785,5754,4610,10.0615,5.43677,8.52925,48.1713
3210,5163,8808,7260,4456,4311,5251,5009,3944,3686,3914,3733,3386,3273,3372,3354,3190,-24.65,-2.5355,8.50802,48.0733
3211,3396,3754,4526,5134,3424,4044,6148,8084,3316,3862,5234,6316,3100,3455,3947,4161,-4.02768,19.3309,8.72258,47.934
3212,3196,3230,3342,3300,3294,3480,3712,3880,3366,3902,4860,6005,3432,4021,6934,11851,28.4113,22.9657,8.7894,47.87
3213,3421,3495,3177,3136,3956,3817,3519,3294,5355,5315,4137,3429,8907,8868,4627,3452,32.9471,-15.1107,8.56498,47.9367
3214,5199,4164,3643,3411,8949,5095,3721,3364,7621,4688,3750,3261,4540,3937,3506,3205,-2.44129,-32.0356,8.81347,48.036
3215,3372,3948,6218,12584,3289,3632,4738,6169,3095,3461,3882,3935,3173,3286,3230,3372,-27.1179,25.8776,8.984,47.5893
3216,3033,3289,3419,3330,3364,3578,3833,3783,3643,4297,5206,4982,3706,5122,9687,7514,29.2435,11.3788,8.57946,47.8573
3217,3584,4681,9116,8847,3571,4092,5179,5373,3370,3491,3769,3798,3143,3255,3372,3302,-29.8149,14.5576,8.85111,47.962
3218,3357,3417,3565,3481,3535,4261,4532,3969,3960,5822,7584,4780,3989,5046,6085,4682,11.4086,3.98894,8.5579,48.0433
3219,3263,3516,4245,4791,3363,3781,5076,7808,3347,3837,5214,8036,3285,3539,4269,4930,0.378505,23.7769,8.7467,48.2
3220,3314,3440,3190,3138,3851,3762,3492,3313,6015,4665,3778,3359,12611,5975,3974,3399,28.4744,-31.2577,8.73749,47.5173
3221,4283,6529,7203,4835,4198,5712,6273,4424,3547,3926,4119,3755,3224,3376,3477,3332,-17.1885,1.52823,8.51964,48.142
3222,6190,4665,3723,3478,9881,5244,3733,3407,6109,4557,3599,3265,3964,3721,3393,3232,-7.35755,-32.3929,8.72667,48.1073
3223,7365,9656,5170,3694,5075,5136,4237,3553,3803,3896,3584,3336,3319,3415,3262,3163,-32.3564,-11.4701,8.76342,47.776
3224,3382,3764,5155,8173,3386,3791,5238,9455,3180,3550,4135,4946,3156,3303,3519,3551,-12.7607,31.5722,8.81055,47.7893
3225,3112,3167,3368,3388,3329,3676,3939,3773,3811,4512,5744,4707,3876,5937,9470,6288,24.33,7.55592,8.64762,48.0647
3226,3464,3418,3335,3212,3817,3738,3378,3435,5795,4822,3836,3283,12563,5945,3993,3467,30.7436,-32.9722,8.63567,47.6673
3227,4634,6707,6216,4400,4477,6521,6094,4188,3813,4190,4069,3703,3433,3546,3372,3302,-15.4549,-1.37336,8.8275,48.4433
3228,3588,4079,4560,4210,3813,5058,7328,4978,3686,4570,6350,4571,3416,3817,4159,3975,-2.5146,6.52076,8.71892,48.1053
3229,3344,3728,4562,4666,3495,4223,6409,6716,3511,4061,6132,6289,3183,3565,4129,4270,-1.50481,15.5515,8.79771,48.1887
3230,3529,3639,3756,3577,3731,4588,4740,3943,4289,6545,7184,4476,4169,4958,4988,4209,8.23404,1.27675,8.67583,48.214
3231,3552,5144,9745,7513,3628,4124,5499,5340,3217,3558,3808,3875,3179,3243,3417,3343,-25.5039,11.65,8.89703,48.1233
3232,6357,9998,5734,3796,4765,5234,4469,3718,3785,3802,3580,3373,3287,3419,3380,3278,-33.9665,-8.11273,8.80471,47.9833
3233,3233,3881,5168,7613,3442,3867,5383,9548,3157,3593,4182,4976,3058,3404,3512,3717,-12.2151,25.5116,8.86185,47.8227
3234,3720,4802,5869,4780,3986,5494,7822,4990,3559,4152,4679,4065,3371,3433,3677,3599,-10.1963,5.61503,8.69984,47.9987
3235,8913,5629,3959,3347,8745,5309,3753,3368,4649,4077,3535,3223,3460,3529,3220,3098,-15.1984,-25.4545,8.70691,47.876
3236,3171,3307,3388,3386,3425,3739,4109,3887,3774,4715,6774,5229,3883,5261,8196,6051,18.2843,8.88193,8.7,48.1967
3237,12610,5822,3834,3388,6056,4760,3826,3330,3950,3932,3425,3336,3355,3368,3264,3186,-33.277,-29.988,8.74891,47.628
3238,3368,3301,3204,3124,4014,3802,3535,3247,5769,4898,3891,3452,11205,7532,4220,3435,30.7383,-20.6154,8.6231,47.998
3239,12368,5840,3950,3419,6654,4955,3803,3275,4059,3778,3271,3296,3338,3458,3105,3161,-23.7055,-32.2887,8.84963,47.82
3240,4222,5812,5972,4552,4280,6551,6791,4491,3597,4156,4341,3680,3313,3504,3578,3442,-13.0411,0.70906,8.58462,48.188
3241,3240,3334,3355,3154,3520,3747,3845,3523,4190,5122,4880,4007,4947,8468,7748,4634,28.3088,-1.22991,8.64501,47.8093
3242,3459,4309,7240,7806,3515,4164,6309,6722,3282,3675,4014,4227,3053,3236,3531,3512,-17.2818,15.9992,8.99426,48.036
3243,6404,9180,5459,3839,4994,6170,4590,3657,3793,4169,3628,3317,3402,3450,3330,3166,-21.1078,-8.71216,8.79353,48.3653
3244,12204,6387,3968,3451,6504,4756,3803,3397,4048,3904,3444,3196,3482,3286,3186,3085,-25.178,-25.2981,8.86523,48.0673
3245,3211,3440,3583,3427,3660,4316,4513,3964,4010,5745,7555,4712,3973,5040,6340,4711,12.1711,4.30408,8.63001,48.1333
3246,3606,3903,3801,3408,4120,5147,4622,3824,4637,7575,6015,4147,4184,4941,4609,3941,6.32749,-2.95737,8.53609,48.32
3247,3152,3173,3404,3441,3302,3495,3886,4161,3297,3811,5028,6848,3384,3975,6319,11549,22.7047,24.6591,8.87304,48.15
3248,4807,4946,3914,3521,6412,7504,4375,3660,5221,5463,3921,3505,4048,3957,3629,3428,-4.99354,-12.8113,8.84541,48.2073
3249,3921,4944,5141,4081,4264,6663,7054,4410,3862,4801,4926,3926,3453,3822,3715,3560,-7.37578,0.823411,8.76274,48.362
3250,3422,3765,4068,3804,3562,4378,6012,4579,3659,5026,7894,5390,3504,4152,4771,4446,3.95662,7.63187,8.97026,48.288
3251,3582,3438,3171,3072,4548,4046,3458,3201,8563,5430,3838,3384,9292,5699,3895,3308,16.2055,-24.3444,8.87168,47.95
3252,12138,5754,3907,3439,7076,4874,3691,3395,4132,3877,3526,3248,3359,3278,3206,3049,-22.0993,-30.9115,8.82132,47.966
3253,3124,3343,3555,3603,3284,3685,4405,4745,3462,3944,6386,7907,3457,4077,6000,7169,13.0911,18.5391,8.67817,48.0973
3254,3376,3597,3792,3749,3664,4617,5380,4139,3986,5869,7810,4730,3709,4481,4914,4223,5.67683,4.03936,8.78738,48.024
3255,3724,3737,3434,3106,5241,4552,3604,3323,8224,6626,4016,3407,6379,5416,3990,3482,10.0378,-18.3521,8.51634,48.174
3256,7960,8413,4650,3671,5852,5894,4101,3527,4051,3994,3568,3333,3466,3419,3213,3082,-20.6514,-14.5403,8.98547,48.1293
3257,3107,3164,3319,3414,3267,3453,3884,4076,3315,3878,5064,6592,3356,3944,6752,11355,23.7459,22.638,8.91093,47.96
3258,3248,3352,3206,3196,3572,3874,3780,3526,4361,5925,5242,4098,4872,8193,7046,4478,20.7602,-2.09739,8.82967,47.9793
3259,3173,3288,3378,3276,3442,3605,3936,3872,3798,4696,5848,4670,4100,6113,9306,5757,22.5946,6.29999,8.57918,48.172
3260,5078,8298,7166,4592,4240,5519,5200,4092,3615,3908,3829,3528,3292,3331,3290,3196,-22.7071,-2.20252,8.54492,48.116
3261,5229,7819,5593,4044,4933,6959,5223,3840,3895,4037,3809,3426,3415,3455,3349,3248,-16.6935,-5.51272,8.73374,48.1827
3262,2969,3306,3448,3507,3244,3582,4046,4359,3439,3925,5708,7748,3447,4037,6341,9192,17.3161,21.1424,8.9715,48.1987
3263,3071,3312,3446,3678,3248,3515,4152,4750,3314,3825,5221,9076,3234,3723,5440,8970,14.6343,26.146,8.85103,47.9833
3264,3429,3406,3154,3103,4068,3942,3431,3165,7082,4844,3737,3308,11415,6252,3942,3395,22.4185,-26.1309,8.82273,47.782
3265,3218,3208,3521,3451,3218,3498,3947,4392,3410,3915,5209,8340,3384,3754,5539,9877,16.9441,33.1219,8.85928,47.9207
3266,3287,3765,5982,12508,3403,3767,4708,6052,3208,3458,3737,4086,3181,3210,3454,3387,-33.0092,28.7159,8.77166,47.462
3267,3166,3303,3420,3416,3266,3375,3889,4106,3411,3853,4875,7231,3352,3942,5782,11357,20.7719,30.5963,8.85431,47.8293
3268,4118,5099,5893,4589,4031,5943,7537,4795,3672,4256,4642,3935,3383,3596,3618,3401,-10.6871,3.86285,8.70359,48.3387
3269,4459,4148,3542,3154,6903,5265,3887,3313,7991,5825,3841,3383,5207,4353,3723,3446,2.29751,-20.6826,8.52424,48.2933
3270,3483,3911,4862,5019,3500,4347,7626,6698,3436,4034,5514,5081,3288,3551,3992,3919,-5.29175,13.1839,8.81424,48.174
3271,9619,8306,4437,3604,5900,5250,3983,3488,3872,3787,3645,3320,3365,3302,3206,3066,-25.8624,-16.9493,8.62955,48.1
3272,3439,4311,7059,9061,3408,3990,5756,6738,3309,3562,3923,4184,3038,3313,3432,3490,-19.1461,18.3802,8.91894,48.0087
3273,3065,3220,3321,3381,3150,3495,3806,3986,3348,3795,4631,6167,3369,3998,5883,12749,27.3161,30.1539,8.96486,47.576
3274,3047,3296,3626,3718,3218,3585,4268,5427,3392,3737,5273,9798,3400,3748,5133,7208,10.6503,28.0738,8.64651,47.916
3275,3087,3312,3431,3598,3213,3573,4116,4652,3451,3835,5588,8811,3391,3844,5641,8785,14.7993,24.6002,8.96197,48.2187
3276,12795,6078,3836,3410,6004,4766,3601,3311,3879,3849,3374,3120,3352,3368,3180,3212,-29.4188,-28.7612,8.74882,47.4233
3277,8044,9311,5021,3698,5296,5198,4223,3543,4003,3847,3536,3298,3346,3400,3175,3055,-31.4826,-12.5971,8.56369,47.996
3278,3167,3551,3795,4020,3402,3813,5065,5595,3500,4190,6537,8061,3320,3867,5003,5553,6.21435,17.9807,8.85502,48.2927
3279,3436,3493,3116,3048,4174,4012,3611,3308,6436,5587,4073,3501,9365,7278,4280,3487,20.7318,-18.6357,8.98532,48.1367
3280,3521,3539,3283,3114,4053,4073,3701,3440,5740,6960,4574,3737,6435,7724,4773,3802,16.8617,-11.132,8.77269,48.3127
3281,3855,5587,9824,7051,3694,4127,5335,4973,3283,3630,3686,3743,3152,3245,3390,3308,-26.6206,10.0083,8.9027,47.922
3282,5866,9554,6508,4095,4528,5175,4579,3929,3664,3722,3690,3383,3218,3418,3327,3185,-31.0211,-5.63423,8.64288,47.894
3283,6956,5065,3771,3269,9782,5159,3857,3438,5340,4196,3654,3343,3767,3732,3473,3192,-9.91643,-33.5082,8.53866,47.996
3284,3131,3365,3265,3324,3509,3760,3792,3626,4017,4883,5873,4642,4216,6490,8972,5533,22.3934,4.59724,8.87896,48.2653
3285,10555,7736,4352,3466,5592,5155,3996,3427,3987,3811,3476,3115,3462,3453,3305,3099,-29.8479,-19.1842,8.67441,47.9913
3286,3416,3993,5776,8708,3449,3873,5586,8408,3253,3628,3969,4634,3104,3232,3530,3576,-15.3149,23.0675,8.60625,48.09
3287,3371,4310,7502,10349,3357,3961,5205,6313,3248,3527,3867,4072,3001,3209,3431,3406,-23.4134,19.3136,8.90397,48.086
3288,3473,3392,3212,3167,4159,3839,3485,3210,7417,4956,3731,3491,11231,5739,3961,3417,20.4525,-31.6228,8.7386,47.92
3289,3245,3460,4050,4327,3266,3641,4830,7753,3458,3820,4939,9224,3249,3631,4266,5067,2.49857,30.2185,8.90785,48.1507
3290,12144,6053,3828,3398,6677,4909,3630,3235,3954,3842,3406,3339,3370,3377,3250,3102,-24.0214,-29.5965,8.80273,47.676
3291,5166,6318,4689,3766,5633,7939,4956,3773,4118,4462,3908,3588,3512,3658,3451,3322,-11.7454,-8.3328,8.69393,48.1727
3292,3403,3772,4279,3915,3587,4782,6712,4843,3711,4917,7294,4940,3535,3959,4320,4054,0.879213,7.12887,8.97967,48.0153
3293,3272,3464,3460,3114,3619,3826,3549,3382,5107,5183,4222,3632,7483,9898,4997,3650,32.6882,-11.5328,8.84767,47.9053
3294,3162,3378,3494,3559,3388,3817,4526,4109,3694,4636,7555,5778,3826,4545,6979,5845,14.1943,10.8292,8.90496,48.194
3295,6175,5749,4091,3481,7431,7188,4219,3541,4799,4580,3736,3412,3695,3655,3403,3169,-10.9638,-15.7795,8.8729,48.216
3296,3127,3216,3461,3407,3176,3524,3905,4142,3408,3832,5016,7157,3359,3979,5923,11198,20.9419,32.4517,8.84816,47.8867
3297,3256,3277,3451,3384,3168,3456,3753,4017,3452,3947,5093,5681,3455,4395,8040,10002,32.6108,17.8199,8.57857,47.8847
3298,10032,6029,3829,3528,7751,5435,3870,3362,4297,3815,3521,3235,3391,3480,3273,3034,-18.2764,-23.7295,8.97973,47.9213
3299,4713,4125,3477,3223,7972,4873,3710,3362,8467,5087,3707,3370,4819,4191,3600,3224,0.695912,-28.8821,8.50963,47.9467
3300,5511,9527,6893,4175,4412,5166,4582,3936,3547,3747,3722,3533,3272,3267,3300,3279,-31.6905,-4.44739,8.8179,47.9127
3301,5805,6724,4619,3715,6009,7528,4675,3734,4187,4372,3787,3372,3511,3642,3369,3215,-13.3394,-11.0387,8.76911,48.176
3302,3950,3792,3437,3245,5471,5019,3755,3343,7707,7090,4085,3556,5405,5078,4035,3309,6.62014,-16.4329,8.56897,48.1847
3303,3115,3219,3651,3807,3239,3537,4317,5540,3362,3819,5601,9640,3270,3649,5109,7043,10.2296,25.7795,8.66166,47.9453
3304,5726,4595,3705,3259,9078,5910,3918,3385,6186,4705,3652,3364,4185,3937,3499,3131,-5.61835,-21.9055,8.56304,48.1567
3305,3301,3795,6025,12469,3396,3820,4773,6005,3206,3474,3845,4108,3080,3214,3332,3368,-33.1367,26.8723,8.70774,47.474
3306,3999,4036,3477,3184,5406,5582,4083,3379,6590,7379,4252,3567,4896,4776,4007,3332,4.67668,-13.8985,8.64566,47.9633
3307,3728,4169,4692,4150,3762,5300,7498,4993,3633,4751,5989,4700,3444,3797,4020,3843,-3.10229,5.62855,8.65371,48.3127
3308,3225,3480,3369,3364,3622,4068,4155,3787,3950,5657,6837,4497,4255,5918,7255,4731,16.031,3.36473,8.5785,48.1133
3309,3389,3388,3307,3135,3921,3744,3445,3314,6363,4739,3808,3378,12260,6200,4037,3308,26.3021,-27.6492,8.53033,47.824
3310,3091,3259,3533,3329,3247,3430,3751,3849,3285,3797,4807,6091,3404,3916,5969,12804,28.5878,29.275,8.80642,47.708
3311,3125,3148,3363,3292,3288,3597,3764,3999,3370,3804,5016,6267,3498,4146,6748,11681,25.6631,23.1532,8.52064,48.0707
3312,3507,3851,3846,3769,3915,4817,5493,4076,3965,5899,7325,4684,3815,4438,4967,4211,4.88543,3.59726,8.58782,48.3853
3313,3397,3518,3239,3040,4149,3628,3380,3389,6787,4765,3819,3411,11690,6253,3938,3398,23.4916,-26.6255,8.52473,47.8673
3314,8880,8715,4537,3633,5600,5409,3986,3373,3843,3835,3667,3266,3395,3563,3235,3081,-24.9879,-15.4101,8.81487,48.012
3315,3264,3394,3214,3206,3851,3818,3540,3286,5287,5295,4051,3529,8079,9451,5018,3760,30.0756,-13.0316,8.72265,48.0287
3316,4631,6952,6699,4486,4338,6070,6023,4176,3720,4065,4048,3646,3301,3384,3343,3267,-17.1083,-0.454782,8.97346,48.0993
3317,3644,3489,3302,3070,4492,4014,3569,3289,8452,5581,3788,3373,8923,5730,4007,3302,15.5498,-23.1234,8.91474,48.0167
3318,5311,4399,3660,3243,8830,5246,3871,3309,7200,4807,3758,3323,4354,4050,3544,3350,-2.53922,-25.2822,8.55187,48.17
3319,3350,3433,3376,3358,3808,4187,4114,3655,4442,6583,6384,4226,4548,6439,6170,4371,14.7477,-0.950258,8.75902,48.296
3320,3264,3628,4352,4877,3500,3837,5577,7818,3262,3780,5391,7693,3227,3521,4146,4740,-0.594109,21.515,8.79926,48.4087
3321,4516,5125,4373,3705,5039,7962,5412,3803,4328,5342,4410,3489,3662,3853,3666,3395,-5.98896,-5.99092,8.91982,48.0533
3322,3986,4231,3977,3611,4594,6382,5198,3858,4542,6707,5397,3950,3902,4289,4102,3629,0.535062,-3.9706,8.53167,48.2367
3323,3377,3274,3254,3103,3900,3840,3474,3265,6240,4847,3806,3479,12242,6296,3966,3347,26.1392,-25.9843,8.71303,47.8067
3324,3401,4011,5253,5508,3496,4219,7316,7587,3347,3758,4979,5066,3164,3499,3883,3825,-7.51152,15.8318,8.93789,48.208
3325,3352,3330,3220,3007,3834,3814,3557,3361,5375,5152,4083,3507,8859,9231,4761,3583,29.6599,-14.271,8.83239,48.0173
3326,5521,9217,6792,4204,4539,5514,4784,3981,3502,3876,3710,3475,3321,3378,3281,3251,-24.4443,-4.26965,8.78305,48.2307
3327,3586,4526,6542,5318,3838,4928,8108,5525,3575,3982,4444,4076,3185,3454,3679,3570,-12.2909,9.00443,8.93092,48.224
3328,3346,3690,4664,6085,3417,3761,5487,9880,3260,3563,4590,6327,3108,3374,3830,4064,-6.53495,26.2394,8.96691,48.2973
3329,3180,3328,3286,3269,3332,3631,3832,3674,3905,4514,5205,4560,4160,6223,9734,6048,30.7903,6.15939,8.78971,47.9207
3330,3547,4470,8144,9889,3418,4124,5225,5745,3156,3546,3914,3923,3154,3212,3330,3387,-26.5455,17.3344,8.82847,48.1227
3331,3622,4149,4964,4337,3661,5008,7851,5427,3652,4347,5783,4650,3294,3645,3961,3806,-4.35653,8.31337,8.71607,48.1047
3332,4345,6043,6982,4736,4174,5691,6738,4670,3532,4019,4110,3695,3332,3517,3462,3343,-15.893,2.45678,8.56687,48.2593
3333,3435,3969,5713,9191,3341,3806,5334,8625,3294,3505,4111,4624,3054,3299,3450,3556,-15.6277,25.5347,8.66343,48.2047
3334,3387,3429,3123,3143,3895,3855,3507,3241,5734,4966,3814,3428,11124,7417,4267,3364,29.2109,-20.3763,8.99013,47.796
3335,4590,4238,3677,3241,6853,5874,3976,3441,6949,6023,4105,3348,4666,4285,3563,3217,0.233626,-17.9016,8.71983,48.0307
3336,3013,3198,3433,3437,3181,3486,3771,4045,3367,3839,4933,6770,3424,4070,6594,11567,22.8796,23.8042,8.9825,48.0853
3337,3438,3476,3249,3171,3777,3885,3580,3420,5149,5264,4151,3554,8156,9290,4824,3683,32.8517,-13.3587,8.77328,48.0447
3338,3256,3282,3379,3353,3382,3690,3782,3643,3929,4655,5240,4533,4211,6815,9669,5607,29.1009,4.84059,8.75717,48.284
3339,3566,3610,3375,3060,4042,4451,3844,3410,5659,7548,4763,3807,5712,7252,4806,3787,14.626,-9.19192,8.8233,48.4613
3340,3082,3212,3547,3401,3270,3594,3960,3891,3453,4134,5885,5835,3630,4619,8255,8480,21.7238,15.1297,8.81784,48.1653
3341,3118,3358,3454,3319,3462,3743,3883,3696,3871,4791,5715,4607,4109,6338,9128,5823,22.7993,5.70149,8.66581,48.2767
3342,3409,4205,6640,7023,3539,4229,6649,7179,3277,3625,4233,4346,3117,3319,3621,3536,-14.5964,16.2341,8.86895,47.9647
3343,3187,3452,3427,3558,3542,3899,4542,4055,3678,4882,7629,5511,3698,4725,6630,5434,13.2833,8.86979,8.64804,47.8993
3344,3779,3580,3352,3111,5189,4149,3403,3372,9841,5407,3821,3407,7423,5144,3796,3379,11.1828,-26.4752,8.86216,48.102
3345,6032,5187,3926,3372,8367,6584,4047,3454,5409,4688,3715,3261,3862,3785,3381,3131,-8.26859,-18.526,8.7711,48.134
3346,3554,3671,3563,3216,4310,4787,3874,3460,5593,8231,5048,3822,5107,6196,4604,3659,10.5205,-8.72932,8.96123,48.4633
3347,5677,4417,3722,3267,9558,5407,3714,3338,6672,4743,3722,3304,4187,3886,3352,3127,-4.64928,-27.6342,8.62669,48.062
3348,3355,3477,3308,3054,3974,3808,3510,3250,6114,4692,3702,3264,12485,6513,4033,3381,27.9895,-25.9628,8.77192,47.9467
3349,3343,3760,4446,4336,3494,4372,6700,6084,3538,4264,6552,5868,3350,3753,4424,4300,-0.0346824,13.358,8.87709,48.3893
3350,3293,3307,3432,3257,3535,3725,3898,3539,4100,5299,5574,4288,4521,7548,8005,4848,21.3212,1.17223,8.98883,48.1127
3351,3593,3546,3252,3015,4793,4186,3497,3307,9321,5260,3758,3427,8437,5303,3939,3292,13.7618,-31.3799,8.97375,47.9507
3352,6329,5195,3879,3510,8321,6526,4049,3516,5250,4573,3737,3412,3897,3657,3411,3231,-9.38282,-18.8661,8.62357,48.3287
3353,3343,3294,3185,3057,4082,3694,3442,3255,6539,4803,3774,3434,12503,5976,4007,3428,24.936,-28.3207,8.8325,47.8773
3354,4011,4473,4051,3599,4819,6956,5174,3685,4632,6559,4912,3746,3916,4245,3979,3491,-1.33675,-5.89741,8.61147,48.1653
3355,3527,4484,8329,8525,3528,4200,5732,5883,3364,3597,4121,3890,3072,3234,3441,3453,-21.8246,14.9967,8.72665,48.2533
3356,3415,4344,8521,9824,3558,3977,5127,5619,3291,3516,3736,3964,3099,3214,3424,3466,-31.6679,16.9462,8.62539,48.0633
3357,12588,5933,3870,3448,5833,4849,3667,3374,3823,3709,3486,3321,3422,3428,3255,3143,-29.3562,-32.9928,8.6899,47.4327
3358,3327,3301,3496,3265,3572,3717,3733,3485,4280,4985,4901,4210,4784,8543,7921,4508,32.9456,-0.805687,8.72066,48.0187
3359,4129,5887,7464,4976,3987,5490,6799,4844,3563,3851,4193,3797,3204,3443,3369,3324,-16.8562,4.76827,8.54218,48.2133
3360,4348,3906,3521,3214,6794,5006,3765,3264,8879,5661,3951,3304,5227,4574,3580,3262,3.74699,-22.4467,8.84942,48.1707
3361,9827,8511,4508,3447,5743,5209,3991,3457,3844,3882,3491,3150,3294,3343,3084,3174,-27.1179,-16.6459,8.95946,47.97
3362,3716,3791,3360,3162,4796,4799,3857,3398,6847,7604,4411,3656,5552,5651,4094,3470,9.71001,-13.6088,8.64747,48.1093
3363,3625,4514,8129,9863,3466,4013,5126,5688,3270,3432,3896,3896,3254,3205,3317,3450,-27.6813,17.2091,8.5622,48.096
3364,5663,4490,3592,3317,9482,5201,3722,3349,6884,4634,3618,3322,4235,3896,3393,3127,-4.79685,-30.9557,8.61436,47.95
3365,6862,4952,3777,3263,9757,5244,3773,3361,5469,4377,3596,3191,3755,3743,3360,3189,-9.61839,-30.3023,8.59887,47.7793
3366,3149,3439,3693,3951,3370,3564,4337,5818,3323,3742,5184,10118,3370,3664,4727,6435,7.87118,32.1158,8.9268,47.9227
3367,4875,5662,4524,3575,5425,8131,5108,3791,4336,5090,4181,3400,3724,3707,3594,3290,-8.98556,-8.07299,8.81894,48.2753
3368,3099,3317,3428,3353,3148,3465,3753,3825,3367,3734,4635,5938,3369,3962,5902,12713,30.8134,31.1978,8.9157,47.3387
3369,3730,4877,7371,5704,3803,4795,7406,5432,3511,3746,4411,4050,3157,3425,3476,3498,-15.0373,9.14131,8.71488,48.2613
3370,3506,4235,5361,5413,3618,4307,7516,7014,3370,3885,5018,4965,3196,3432,3759,3857,-7.69697,13.9804,8.65807,48.3013
3371,9095,5345,4012,3411,8856,5117,3836,3334,4567,4178,3549,3356,3569,3467,3207,3107,-15.1405,-32.994,8.80419,48.004
3372,3432,3776,5226,8397,3324,3699,5243,9305,3275,3477,4123,4855,3056,3319,3643,3689,-13.5554,31.7494,8.91194,47.8927
3373,3253,3624,4473,5576,3349,3791,5400,9618,3363,3663,4607,6717,3265,3585,3939,4048,-4.96527,26.3449,8.75375,48.1807
3374,3325,3657,4397,5257,3349,3840,5236,8907,3276,3706,4801,7297,3039,3518,3930,4491,-2.90513,26.1258,8.65334,48.0173
3375,3432,3404,3259,3066,3840,3836,3627,3186,5590,5463,4169,3605,8352,8849,4927,3512,23.8134,-14.3825,8.83268,48.078
3376,3133,3307,3310,3312,3525,3709,3851,3546,4059,4762,4971,4308,4604,7811,8928,4897,29.4206,1.51892,8.90368,48.022
3377,3505,3348,3227,3065,3835,3767,3465,3208,6052,4909,3850,3514,11691,7066,4103,3245,27.7292,-21.9141,8.82501,47.9
3378,3297,3660,4249,4646,3365,3883,5896,7264,3453,3912,5869,6990,3170,3634,4268,4576,-0.35979,18.5125,8.99558,48.088
3379,4951,8823,7818,4640,4250,5097,4914,3989,3609,3766,3690,3511,3207,3303,3300,3167,-28.377,-1.42362,8.93904,48.0233
3380,3922,5126,6928,5210,3887,5103,7615,5163,3530,3844,4324,3953,3210,3362,3496,3486,-14.2291,6.84926,8.90887,48.106
3381,3099,3318,3270,3334,3437,3780,3786,3684,4048,4912,5249,4288,4622,7782,8538,5029,25.3169,1.15609,8.92238,48.1173
3382,3155,3270,3440,3410,3207,3504,3709,3967,3314,3758,4722,5899,3345,3829,6041,12726,31.7741,29.1385,8.88318,47.5307
3383,3106,3337,3612,3669,3169,3571,4185,4984,3316,3962,6029,8843,3361,3883,5442,7401,11.9291,21.4521,8.82043,47.9133
3384,3067,3230,3433,3361,3213,3586,3884,3917,3605,4087,5529,5815,3534,4549,8332,8946,22.7154,15.9066,8.93805,48.0587
3385,3374,3458,3338,3081,4291,4154,3613,3276,6753,6482,4178,3536,7303,7164,4427,3598,16.5942,-15.082,8.93524,48.0173
3386,3208,3307,3431,3452,3188,3403,3887,3969,3351,3809,4664,6008,3284,3886,6205,12635,32.6139,26.2542,8.98574,47.7913
3387,3072,3170,3441,3337,3319,3560,3910,3978,3518,4075,5314,5286,3585,4925,8886,8719,27.3514,14.4436,8.53431,48.0633
3388,7506,5652,3961,3488,8575,5920,4139,3503,4824,4278,3558,3178,3649,3650,3491,3041,-12.9082,-21.2066,8.58816,48.2753
3389,3196,3239,3324,3383,3347,3528,3810,3802,3592,4231,5357,4942,3718,5092,9846,7389,32.0929,11.1136,8.99772,47.864
3390,3159,3325,3498,3755,3305,3605,4292,5305,3359,3715,5261,9867,3333,3828,5092,7508,11.0048,29.6121,8.68793,48.138
3391,4493,5734,5368,4142,4593,7253,6325,4114,3912,4503,4304,3831,3357,3676,3560,3297,-11.0112,-1.8131,8.67031,48.308
3392,4026,5318,6386,4702,4065,6032,7512,4689,3683,4150,4331,3859,3207,3502,3448,3407,-12.6439,3.72049,8.98184,48.2113
3393,5943,6631,4634,3531,6055,7453,4531,3709,4256,4357,3744,3394,3615,3641,3410,3245,-13.2407,-11.4517,8.55759,48.0993
3394,3032,3259,3405,3396,3215,3418,3748,4146,3498,3898,5162,6400,3515,4134,6978,10985,23.8635,21.2187,8.74902,48.126
3395,3375,3987,5790,9568,3304,3824,5140,8203,3220,3602,3948,4460,3177,3321,3392,3633,-17.0777,26.0867,8.64759,47.9627
3396,3352,3627,4374,5595,3301,3893,5314,9247,3356,3813,4704,6707,3203,3396,3897,4342,-4.40012,25.9774,8.52514,48.0807
3397,3460,3888,4356,3972,3700,4759,6465,4612,3757,5083,7029,4735,3634,4022,4389,4066,1.03804,6.10012,8.62524,47.9513
3398,3871,5028,7864,5971,3746,4767,6976,5253,3310,3810,4193,4040,3177,3307,3559,3424,-16.7792,9.15066,8.62864,48.1973
3399,3600,3511,3252,3174,4435,4299,3685,3249,6898,6585,4268,3534,7089,6941,4344,3591,15.3439,-15.5655,8.62611,48.3033
3400,12065,6760,4032,3367,6137,4892,3794,3301,3927,3814,3368,3197,3323,3322,3281,3072,-26.3702,-24.1179,8.76622,47.768
3401,3071,3227,3404,3500,3212,3393,3884,4074,3312,3861,4954,7317,3356,3967,5782,11131,20.5607,30.6641,8.59524,47.63
3402,8299,8851,4887,3668,5493,5506,4159,3454,3845,3856,3592,3211,3356,3470,3282,3143,-24.2731,-14.1278,8.59356,48.048
3403,3416,3505,3247,2977,4024,3855,3491,3183,6451,5194,3936,3440,10647,7131,4275,3451,23.1462,-20.1017,8.6992,48.1487
3404,3434,3424,3270,3067,4033,3775,3443,3227,6036,4693,3746,3306,12626,6284,3874,3336,30.0318,-26.8399,8.92745,47.716
3405,3191,3281,3367,3419,3347,3692,3743,3677,3704,4310,5145,4829,3758,5462,10009,6733,33.7058,9.3188,8.85955,47.778
3406,6012,4638,3685,3415,9781,5255,3693,3383,6102,4619,3642,3299,3934,3819,3321,3177,-6.7281,-32.1904,8.85687,47.85
3407,3172,3378,3591,3547,3202,3521,4199,4549,3401,3978,6168,8131,3361,4041,6127,7859,14.5744,19.7646,8.90515,48.15
3408,3496,3460,3289,3189,4519,4018,3504,3239,8616,5067,3828,3400,9666,5439,3874,3332,16.3951,-28.258,8.95877,47.9573
3409,4445,4034,3486,3208,7628,4753,3782,3401,8625,4965,3808,3464,4910,4334,3576,3318,1.50069,-33.9228,8.6521,47.8247
3410,3287,3898,5733,9971,3360,3824,5174,8073,3195,3426,3939,4281,3213,3322,3302,3490,-17.5853,33.9642,8.65889,47.6587
3411,3763,4486,6075,5126,3755,5045,8212,5764,3532,3941,4792,4387,3249,3484,3646,3623,-10.3407,8.95877,8.58533,48.5867
3412,3126,3370,3406,3500,3293,3710,4355,4205,3615,4205,6927,6600,3567,4485,6880,6847,14.9501,14.2521,8.71729,48.0607
3413,5705,9105,6173,4047,4612,5944,4759,3827,3716,3966,3754,3484,3260,3428,3314,3214,-22.1126,-6.28665,8.59396,48.2053
3414,6105,4669,3736,3401,9863,5327,3779,3407,6354,4423,3697,3335,3975,3836,3413,3161,-6.39211,-26.8117,8.78518,48.3207
3415,3529,3699,3668,3331,3982,4774,4820,3906,4362,7116,6797,4198,4092,5009,5074,4000,8.0613,-0.6648,8.94162,48.238
3416,3297,3455,3294,3364,3797,4074,3988,3602,4560,6663,5640,4151,4775,7278,6223,4248,16.5717,-2.38477,8.94631,48.2727
3417,9408,7340,4252,3566,6600,5628,4015,3456,4104,4035,3575,3378,3518,3463,3124,3004,-20.5864,-17.9706,8.87632,48.3107
3418,3738,4593,4928,4080,4132,6109,7262,4499,3878,4877,5251,4069,3477,3871,3843,3742,-5.25446,2.38928,8.53444,48.2327
3419,5705,9466,6623,4264,4471,5433,4681,3932,3616,3766,3667,3427,3329,3344,3207,3189,-25.1876,-4.83429,8.82409,48.08
3420,3623,4546,7710,8306,3495,4028,5924,6251,3264,3746,3898,4120,3054,3245,3371,3361,-19.5982,15.9578,8.60315,47.9613
3421,3672,4210,4551,3874,3830,5410,7158,4563,3936,5051,6216,4398,3431,3986,4222,4027,-1.80896,4.06108,8.74465,48.3567
3422,5614,9454,6343,4130,4746,5718,4532,3899,3676,3759,3649,3483,3239,3345,3384,3248,-25.0128,-5.46041,8.72347,48.146
3423,3210,3353,3573,3401,3408,3892,4308,3895,3831,5053,7423,5160,3951,5189,7315,5392,14.9085,7.26892,8.96466,48.236
3424,5285,9077,7437,4451,4327,5089,4761,3808,3518,3739,3663,3414,3308,3412,3348,3200,-28.4761,-2.92123,8.98063,47.8913
3425,9222,5528,3978,3353,8540,5211,3744,3340,4518,4027,3541,3348,3519,3495,3148,3174,-16.047,-33.0213,8.62698,47.7907
3426,3355,3347,3197,3133,3726,3849,3556,3313,5235,5570,4112,3553,8343,9187,4888,3631,26.4551,-13.4521,8.75349,47.9967
3427,3522,3657,3448,3274,4308,4728,4024,3557,5859,8093,4975,3726,5159,6156,4369,3710,10.791,-9.68864,8.95511,48.3767
3428,4465,7072,8837,5258,3989,4956,5469,4427,3484,3727,3851,3698,3251,3373,3439,3348,-24.9641,3.07509,8.50979,48.4293
3429,3295,3765,4834,6753,3411,3794,5260,9742,3239,3571,4291,5612,3140,3398,3672,3845,-9.19498,29.5431,8.91527,47.748
3430,4289,4510,3894,3530,5555,7657,4811,3752,5076,6115,4403,3510,3833,4080,3646,3405,-3.15522,-9.56669,8.61189,48.044
3431,3403,4083,6250,9568,3500,4083,5424,7754,3282,3431,3953,4426,3114,3217,3481,3493,-17.7562,22.4034,8.8889,48.308
3432,3387,3773,4085,3939,3571,4452,6227,4880,3630,4890,7450,5217,3539,3999,4613,4270,2.50466,8.60708,8.54313,47.948
3433,4340,5211,4643,3804,4942,7915,5828,3940,4238,5162,4414,3614,3655,3783,3530,3409,-7.11605,-4.8634,8.64128,48.2853
3434,3383,3873,4321,3952,3697,4901,6861,4754,3692,4758,7096,4979,3505,3969,4350,4050,0.623913,7.28416,8.93757,48.094
3435,4213,4338,3633,3488,5243,6178,4352,3583,5582,7369,4599,3613,4445,4591,3911,3472,2.07844,-10.3371,8.51715,48.4067
3436,3133,3258,3353,3411,3195,3400,3746,3913,3349,3773,4828,6321,3355,3845,6026,12537,26.5153,29.6609,8.94872,47.6287
3437,3526,4331,6358,6710,3404,4216,7094,6959,3292,3738,4423,4462,3145,3328,3589,3617,-13.5943,15.1475,8.99427,48.128
3438,3454,3892,5827,11206,3282,3834,5066,7293,3263,3488,3913,4000,3152,3173,3386,3441,-20.6615,32.7314,8.6344,47.78
3439,3031,3307,3454,3408,3249,3526,3871,3870,3437,3888,5232,5662,3497,4389,8034,10281,27.128,17.9082,8.51578,48.0907
3440,3042,3193,3509,3454,3171,3451,3863,3972,3382,3769,4926,6299,3401,4177,6911,11480,25.1966,22.2118,8.8738,48
3441,3380,3821,5389,8203,3437,3777,5567,8817,3353,3586,4268,4805,3090,3341,3553,3793,-13.4278,24.7332,8.65566,48.12
3442,6508,5864,4112,3467,7879,6809,4033,3613,4705,4462,3748,3286,3665,3714,3334,3149,-12.2033,-16.8959,8.94812,48.232
3443,3150,3227,3393,3252,3234,3415,3919,3917,3482,4088,5264,5418,3598,4819,8798,9144,28.0913,15.335,8.65663,48.0787
3444,7877,8299,4659,3599,5818,5980,4266,3627,4003,3979,3688,3211,3283,3535,3337,3184,-20.9421,-14.2181,8.72234,48.23
3445,3687,3536,3328,3126,4651,4331,3581,3203,8544,5935,3869,3485,7718,5683,4065,3365,13.3397,-20.7378,8.95983,48.0713
3446,3364,3331,3357,3239,3694,3804,3670,3342,4807,5102,4586,3821,6164,10052,6067,4044,32.4813,-7.19338,8.86959,48.296
3447,5404,6165,4412,3661,6078,7973,4764,3768,4291,4659,3879,3504,3591,3640,3367,3266,-11.1301,-10.6306,8.64973,48.2813
3448,3550,3783,4251,3972,3736,4840,6758,4801,3703,4888,7056,5072,3555,3982,4384,4211,0.528801,7.20898,8.91257,48.3613
3449,5213,7397,5297,3985,5061,7156,5211,3825,3915,4265,3956,3450,3475,3385,3440,3213,-15.5134,-6.29223,8.6596,48.1627
3450,3239,3340,3398,3580,3365,3600,4177,4246,3467,4294,6661,6465,3608,4446,7315,7229,16.4018,14.4618,8.66509,48.2867
3451,3924,3706,3380,3120,5950,4393,3632,3325,9930,5126,3777,3276,6592,4763,3781,3395,8.38704,-30.7449,8.99387,48.0467
3452,3090,3402,3854,3838,3379,3717,4843,4994,3393,4333,7259,7384,3393,3948,5451,5865,8.90768,15.6528,8.83803,48.0953
3453,3496,4607,8465,9052,3528,3989,5392,5764,3333,3448,3778,3881,3167,3224,3410,3393,-24.7766,16.0129,8.6404,47.9513
3454,4551,3999,3488,3246,7513,4789,3755,3344,8929,5320,3876,3456,5093,4316,3673,3248,2.1273,-25.1207,8.92407,48.3973
3455,3414,3349,3219,3173,4031,3920,3491,3200,6557,4942,3799,3354,11589,6540,4001,3462,23.5221,-23.6148,8.87539,48.0273
3456,3424,3930,5896,11866,3414,3810,4932,6938,3292,3363,3804,4013,2983,3228,3396,3437,-22.9263,27.5753,8.9139,47.8173
3457,3420,3406,3163,3158,4006,3877,3516,3128,6996,4884,3866,3426,11721,5980,3877,3366,22.7738,-29.3001,8.66438,47.86
3458,10874,6372,3901,3335,7041,5186,3816,3383,4170,3948,3458,3258,3469,3427,3290,3126,-21.4183,-23.4657,8.6843,48.036
3459,3291,3581,3856,3927,3493,3924,5293,5046,3702,4445,7606,6585,3474,4029,4998,5055,6.51255,13.0147,8.56105,48.2033
3460,3330,3486,3293,3156,3844,3794,3423,3218,5870,4913,3962,3375,10952,7384,4115,3584,28.277,-20.2002,8.53283,47.7993
3461,3524,4004,4830,4595,3509,4546,7742,6038,3491,4122,5961,5060,3361,3601,4042,4036,-4.02361,11.5278,8.86626,48.308
3462,3320,3422,3268,3188,3855,3789,3540,3265,5372,5145,3989,3551,8735,9056,4787,3588,31.7549,-14.0907,8.85038,47.9133
3463,3588,3496,3400,3041,4858,4111,3608,3244,9174,5196,3853,3382,8785,5342,3796,3357,14.4189,-29.6035,8.70801,48.154
3464,7124,5007,3715,3280,9785,5164,3749,3306,5353,4326,3598,3284,3733,3665,3420,3174,-10.2293,-32.7993,8.66772,47.7887
3465,3449,3463,3423,3297,3807,4283,3838,3530,4839,7257,5401,3973,5084,7284,5489,4129,15.4247,-5.01029,8.94582,48.364
3466,3393,3504,3581,3281,3631,4129,4453,3943,4041,5815,7296,4730,4097,5530,6306,4666,13.0247,3.15106,8.55704,48.264
3467,3443,4078,5360,5333,3594,4452,7645,6935,3486,3963,5077,5089,3285,3464,3718,3815,-7.74445,13.9092,8.79998,48.4913
3468,6618,6267,4248,3603,7150,6784,4274,3498,4471,4395,3616,3291,3574,3630,3425,3184,-13.4732,-15.8893,8.58352,48.0187
3469,3652,4848,9459,8194,3648,4106,5080,5288,3296,3514,3743,3794,3178,3378,3350,3334,-29.8264,13.145,8.77083,47.908
3470,3083,3253,3267,3382,3212,3570,3775,3886,3335,3763,5021,5953,3377,4100,7262,11573,28.3363,21.3801,8.74183,47.8747
3471,3346,3441,3702,3448,3711,4250,4767,4023,4049,5785,7660,4901,3860,4906,5841,4592,10.4531,4.73165,8.68023,48.188
3472,4549,4190,3468,3177,7236,5329,3866,3158,7918,5668,3857,3384,4879,4350,3674,3251,1.31486,-20.8808,8.9568,47.9693
3473,3107,3344,3709,4026,3263,3572,4259,5656,3328,3764,5295,9892,3267,3846,4877,6768,8.70565,28.6382,8.6511,47.982
3474,3191,3349,3520,3561,3281,3807,4227,4280,3510,4371,7207,6598,3507,4398,6758,6449,13.884,13.7155,8.8971,48.0093
3475,3475,3941,5657,6307,3590,4226,6832,7788,3338,3769,4625,4929,3259,3429,3689,3744,-10.1868,17.1511,8.64174,48.3987
3476,3430,3966,6149,12635,3417,3814,4684,6060,3191,3453,3689,3857,3108,3219,3443,3396,-29.7464,27.575,8.71816,47.674
3477,3789,5130,9495,7497,3535,4334,5388,5215,3281,3535,3827,3697,3293,3326,3369,3368,-25.2082,11.6123,8.8731,48.0527
3478,3105,3277,3382,3400,3409,3632,4014,3874,3712,4443,6140,5015,3944,5605,8823,6451,21.0219,8.82092,8.66844,48.1507
3479,3386,3980,5900,11374,3289,3741,4956,7316,3271,3419,3800,4034,3164,3193,3342,3434,-21.1959,33.663,8.65217,47.7327
3480,3220,3403,3332,3172,3528,3844,3808,3510,4268,5582,5210,4158,4923,8167,7399,4472,21.9324,-1.15618,8.8395,47.9973
3481,3348,3856,5747,12369,3361,3722,4813,5989,3300,3374,3703,3800,3182,3290,3411,3428,-33.8573,31.2892,8.63257,47.1287
3482,3470,3915,5075,7744,3387,3836,5135,9410,3249,3548,4168,4958,3248,3379,3559,3712,-12.1905,32.0842,8.60604,47.862
3483,3175,3181,3396,3396,3179,3484,3728,4114,3324,3778,4858,6545,3472,3805,5929,12049,23.5286,30.941,8.60904,47.6087
3484,4306,3970,3491,3212,7197,4631,3674,3286,9224,5094,3676,3354,5318,4376,3608,3401,3.33174,-32.166,8.78054,47.8787
3485,3166,3232,3416,3433,3154,3435,3739,3863,3266,3901,4783,6335,3374,3980,5921,12640,26.6642,30.1919,8.93506,47.7587
3486,9136,8324,4662,3611,5563,5306,4195,3496,3968,3847,3521,3265,3411,3432,3306,3216,-25.6101,-15.9324,8.52984,48.1727
3487,4695,4975,4128,3573,5830,8021,4693,3637,4863,5635,4242,3418,3956,3886,3634,3322,-4.87328,-10.645,8.77469,48.3387
3488,5107,4189,3581,3280,8782,5099,3769,3399,7674,4974,3757,3304,4519,4069,3544,3238,-1.712,-26.6849,8.67865,48.19
3489,3561,4557,7630,7587,3448,4360,6200,6225,3231,3637,3995,4203,3092,3321,3368,3510,-18.5929,14.5764,8.78656,47.95
3490,3415,3701,3844,3706,3674,4559,5693,4433,3877,5572,7643,5060,3684,4253,4867,4295,4.73626,5.26804,8.91438,48.184
3491,3351,3810,6523,12413,3196,3864,4917,6384,3165,3491,3818,3950,3099,3240,3358,3356,-25.7721,24.8171,8.93138,47.9567
3492,3278,3252,3410,3409,3543,3527,3905,3603,3733,4651,5160,4414,4307,6914,9570,5476,29.409,4.18799,8.96887,48.1013
3493,4206,3969,3521,3187,6366,4993,3771,3451,8544,6119,3839,3416,5288,4515,3738,3324,4.31193,-20.4734,8.92108,48.1647
3494,10174,8038,4263,3518,6000,5128,3883,3425,3965,3745,3563,3430,3442,3430,3201,3072,-26.0518,-18.0221,8.84415,48.1847
3495,3617,3540,3228,3196,4773,4036,3674,3168,8458,5482,3860,3430,8539,5551,3829,3306,14.8719,-24.396,8.57337,47.7913
3496,4198,4023,3410,3269,6551,4557,3613,3393,9667,5238,3755,3374,5853,4428,3669,3187,5.29727,-28.7645,8.65767,48.1233
3497,3135,3267,3396,3256,3481,3679,3877,3716,3920,4589,5281,4431,4143,6545,9646,5782,30.2846,5.50429,8.51497,48.096
3498,4305,4620,3928,3401,5488,7474,4721,3621,5128,6471,4441,3551,4080,4019,3718,3446,-2.13802,-9.29342,8.86251,48.2747
3499,3512,3566,3195,3154,4684,4069,3506,3227,9182,5067,3736,3393,8763,5393,3749,3317,14.0463,-32.1635,8.9651,47.6753
3500,3594,4729,7958,7801,3526,4179,6244,6001,3215,3690,4028,3958,3112,3307,3477,3465,-19.2872,13.976,8.87404,48.1893
3501,12866,6120,3981,3400,6108,4661,3749,3311,3939,3731,3354,3226,3449,3444,3200,3094,-27.9055,-31.6927,8.92683,47.7553
3502,3170,3270,3533,3518,3238,3609,4057,4650,3515,3811,5517,8300,3403,4050,5814,8995,15.9374,22.9932,8.66308,48.3
3503,10168,6627,4030,3326,7137,5315,3950,3370,4180,4002,3502,3220,3514,3391,3329,2986,-20.169,-21.5499,8.60307,48.0313
3504,3132,3184,3377,3508,3183,3513,3836,4065,3315,3684,4593,6058,3260,3875,5950,12639,32.5846,29.7064,8.76258,47.448
3505,3752,4733,7359,6140,3591,4551,7259,5843,3420,3724,4303,4137,3258,3333,3577,3517,-15.2432,11.1377,8.98177,48.3313
3506,3522,3373,3281,3105,4367,4050,3536,3270,7011,5869,4103,3474,8436,7007,4195,3529,18.0119,-17.7977,8.6361,48.0853
3507,4042,3963,3428,3213,6799,4779,3715,3209,9450,5268,3815,3394,5601,4599,3675,3362,4.87512,-33.751,8.59375,48.208
3508,3315,3243,3305,3436,3263,3403,3661,3813,3415,3836,4660,6051,3384,3851,5907,12495,32.409,32.2692,8.9079,47.3587
3509,5161,8854,7630,4541,4273,5069,4721,4030,3680,3725,3739,3535,3271,3359,3304,3177,-29.4643,-2.12116,8.55698,48.046
3510,3134,3236,3472,3298,3309,3548,3750,3845,3742,4350,5293,4829,3755,5451,9992,6823,30.6965,9.50002,8.67077,47.8847
3511,3396,3431,3394,3156,3821,3773,3437,3228,6027,4711,3707,3396,12404,5982,3918,3304,31.0132,-32.3899,8.74507,47.39
3512,3370,3473,3366,3147,3881,4068,3718,3485,5087,6558,4747,3801,5774,8442,5426,3957,18.3626,-7.41257,8.75003,48.2
3513,3104,3221,3282,3410,3266,3575,3836,3750,3522,4001,5182,5173,3675,4764,9376,8415,30.9412,13.5786,8.9841,47.7013
3514,9136,8394,4589,3488,5862,5480,4217,3434,3929,3983,3625,3251,3287,3512,3184,3153,-23.6057,-16.093,8.77707,48.3493
3515,4014,6282,9739,5993,3848,4576,5276,4576,3413,3721,3885,3666,3212,3275,3425,3326,-32.0401,6.28162,8.57059,48.1513
3516,4431,7463,8968,5025,4042,4719,5122,4384,3449,3745,3825,3594,3229,3402,3420,3294,-30.977,2.27501,8.60082,48.0747
3517,3222,3371,3430,3114,3504,3812,3730,3551,4237,5077,5155,4034,4817,8223,8150,4654,24.5177,-0.223824,8.93117,48.054
3518,3449,4274,6963,9072,3500,3940,5687,7043,3171,3507,3973,4284,3071,3289,3429,3403,-18.8338,18.7672,8.76895,48.0367
3519,3150,3151,3329,3453,3171,3568,3909,3897,3487,4034,5176,5726,3475,4427,7797,10207,26.6404,18.575,8.63139,47.9713
3520,10542,6094,3919,3387,7486,5116,3815,3379,4293,4010,3469,3232,3448,3428,3228,3043,-19.3192,-25.0285,8.81491,47.926
3521,4662,4094,3613,3332,8123,4855,3789,3390,8224,4880,3760,3360,4834,4158,3566,3253,0.462877,-31.2946,8.52366,47.9287
3522,3654,3529,3278,3114,4924,4177,3567,3261,9247,5508,3939,3355,7884,5408,3849,3365,12.8001,-24.4284,8.8489,48.0393
3523,5035,8887,7485,4441,4288,4984,4893,4087,3583,3794,3683,3495,3267,3386,3260,3230,-32.1863,-2.01497,8.56284,47.8653
3524,12404,6351,3910,3340,6570,4867,3811,3237,4051,3717,3370,3154,3386,3276,3163,3162,-24.6767,-26.2805,8.89727,47.846
3525,3984,4164,3815,3471,4796,6300,4592,3689,4953,7412,5032,3684,4174,4620,3936,3593,1.96832,-6.824,8.61802,48.1433
3526,3392,3561,3479,3357,3678,3994,3900,3637,4591,6419,5751,4084,4626,7083,6191,4225,16.4488,-2.26652,8.72336,47.9787
3527,9503,7769,4560,3685,6106,5407,3971,3544,4007,3889,3535,3204,3397,3356,3163,3059,-22.473,-17.4901,8.59136,48.1033
3528,3867,3713,3457,3180,5484,4439,3621,3162,9290,6117,3889,3445,6511,4943,3704,3372,9.01608,-22.0528,8.93086,48.1293
3529,3398,3850,5530,9281,3322,3925,5118,8946,3217,3515,4053,4626,3089,3282,3558,3428,-15.2779,30.8305,8.92686,48.092
3530,3770,5176,9760,7199,3671,4260,5229,4983,3361,3441,3830,3870,3151,3206,3441,3323,-33.269,10.7187,8.77272,47.7807
3531,6684,8637,5044,3702,5438,6325,4495,3676,4005,4080,3606,3308,3272,3402,3232,3028,-19.792,-10.6058,8.73537,47.956
3532,3332,3504,3656,3411,3838,4392,4400,3851,4332,6474,7199,4578,4222,5470,5599,4355,10.5679,1.32037,8.68183,48.4087
3533,11036,7672,4141,3422,5744,5008,3992,3425,3862,3785,3469,3174,3339,3296,3284,3064,-28.6693,-19.9061,8.84096,47.8087
3534,3755,4919,8592,7060,3685,4382,6276,5397,3297,3639,4023,4079,3154,3304,3425,3352,-20.3703,12.0308,8.59332,48.226
3535,4001,3718,3353,3053,6227,4549,3594,3355,9979,5168,3796,3418,6218,4602,3690,3349,6.79889,-30.2242,8.93243,48.0467
3536,8152,5383,3859,3380,9127,5676,3910,3373,4856,4207,3528,3309,3699,3550,3374,3038,-12.9715,-24.4707,8.7765,48.2807
3537,3822,3596,3431,3199,5020,4298,3603,3380,9320,5956,3846,3321,7006,5171,3808,3259,11.031,-22.7636,8.95255,48.024
3538,3150,3318,3448,3278,3447,3712,3759,3664,3876,4624,5483,4751,4056,6196,9577,5860,25.4615,6.46978,8.59335,48.1327
3539,3825,4695,5135,4163,4086,6271,7542,4595,3761,4694,5201,4086,3503,3707,3741,3584,-7.22519,2.45354,8.95077,48.3927
3540,4436,6937,7496,4816,4157,5577,5858,4297,3562,3939,3960,3656,3199,3409,3455,3378,-18.9847,1.10848,8.67288,48.088
3541,3127,3264,3411,3299,3378,3712,3816,3706,3789,4403,5228,4736,4060,5933,9903,6363,28.4697,7.52965,8.80629,48.0853
3542,3248,3303,3382,3332,3394,3696,3781,3654,3777,4679,5554,4550,4167,6465,9662,5894,25.3851,5.2609,8.83661,48.3587
3543,3135,3370,3436,3330,3348,3634,3946,3744,3826,4457,5453,4791,3807,5754,9804,6286,25.6457,8.22754,8.77785,48.0807
3544,3441,3319,3215,3212,3918,3784,3476,3226,6157,4767,3751,3352,12559,5987,3904,3437,27.6788,-32.4488,8.55075,47.67
3545,3478,3422,3276,3128,4468,4002,3483,3208,8017,4959,3981,3368,9968,5756,3925,3443,17.7956,-32.1963,8.53877,47.9213
3546,3130,3199,3351,3414,3288,3432,3899,3954,3494,3942,5211,5744,3589,4386,8340,9889,27.5326,17.0154,8.86929,48.1747
3547,9721,5632,3841,3344,8623,5141,3767,3325,4487,3987,3487,3247,3488,3388,3286,3231,-16.5247,-29.9189,8.796,47.9967
3548,3442,3914,5639,10372,3356,3724,5197,7981,3125,3543,3973,4238,3208,3237,3403,3493,-18.1734,33.0027,8.69917,47.8967
3549,4447,7241,8246,4915,4058,5385,5554,4408,3513,3895,3847,3611,3163,3278,3333,3243,-21.7214,1.73364,8.7154,48.0913
3550,8071,5205,3818,3397,9528,5335,3827,3389,4817,4155,3723,3333,3634,3514,3198,3241,-13.033,-33.6953,8.9369,48.1233
3551,6328,6515,4249,3550,6960,7263,4318,3537,4438,4491,3730,3366,3637,3703,3368,3211,-12.9276,-14.4294,8.8443,48.4427
3552,3327,3605,3747,3611,3681,4396,5190,4286,4013,5693,7839,4968,3873,4390,5282,4379,7.56926,5.27363,8.68901,48.1867
3553,3458,3643,3184,3189,4618,4062,3588,3177,8705,5114,3800,3428,9170,5453,3927,3307,15.6856,-32.3765,8.73042,47.882
3554,5573,4623,3752,3420,9161,5797,3874,3362,6295,4698,3697,3247,4144,3968,3456,3152,-5.13905,-22.7973,8.72181,48.146
3555,3744,4124,5412,5085,3633,4783,8122,5874,3498,3984,4896,4550,3299,3468,3859,3634,-8.77545,10.2636,8.81884,47.9767
3556,3690,3901,3913,3579,4022,5078,5163,3948,4261,6641,6790,4358,3948,4613,4616,3996,5.06915,0.233201,8.70126,48.3447
3557,3518,3542,3335,3182,4318,4091,3693,3355,6624,6166,4234,3425,7719,7112,4283,3496,17.0474,-15.7498,8.78616,48.062
3558,3460,4010,6617,12074,3317,3760,4776,5948,3218,3454,3857,3974,3105,3211,3425,3353,-30.0527,23.8132,8.57998,47.706
3559,3127,3358,3815,3753,3307,3893,4718,4862,3632,4398,7337,7260,3461,4090,5592,5931,9.77748,15.1135,8.60413,48.356
3560,3180,3247,3425,3291,3442,3788,3801,3572,3797,4568,5067,4608,4062,6187,9688,5846,32.8916,6.11916,8.89403,47.7127
3561,3409,3656,4007,3794,3625,4420,5697,4482,3790,5264,8007,5283,3618,4154,4977,4472,5.09537,7.28506,8.89469,48.4367
3562,3307,3849,6075,13059,3415,3753,4698,5995,3237,3453,3679,3970,3141,3282,3325,3306,-28.5477,31.7659,8.9974,47.696
3563,4086,4510,4445,3849,4374,6887,6324,4118,4058,5700,5235,3900,3572,3955,3935,3556,-3.26025,-1.44473,8.83794,48.336
3564,8653,8789,4744,3577,5359,5399,4054,3568,3872,3938,3566,3359,3366,3470,3292,3160,-25.2883,-14.7208,8.61031,48.1107
3565,6931,5593,3991,3439,8507,6299,3926,3446,5113,4383,3637,3405,3612,3573,3270,3117,-11.2965,-20.1287,8.63193,48.1613
3566,3471,3433,3285,3167,4044,3804,3473,3253,6898,4947,3766,3410,11394,5902,3930,3461,22.5553,-28.7871,8.52368,47.7587
3567,3144,3329,3420,3545,3391,3630,4142,3986,3608,4610,6570,5587,3704,4977,8121,6400,17.93,10.8901,8.71082,48.1093
3568,3308,3328,3349,3231,3814,3739,3478,3310,5715,4745,3834,3406,12668,6050,3916,3468,30.4349,-33.3917,8.98958,47.5727
3569,8050,9446,4846,3644,5309,5386,4168,3537,3820,3848,3514,3369,3376,3438,3263,3052,-27.222,-12.9071,8.60808,48.044
3570,4110,3833,3313,3205,6508,4598,3600,3278,9698,5238,3805,3423,5906,4449,3647,3321,6.03556,-28.609,8.65688,47.9547
3571,3428,3935,5481,9546,3445,3886,5168,8383,3194,3394,4087,4451,3176,3347,3415,3468,-16.5848,33.3252,8.75056,47.8693
3572,4891,8031,7542,4555,4235,5395,5249,4143,3572,3890,3784,3613,3198,3448,3458,3198,-22.7314,-0.824835,8.50138,48.1347
3573,3962,4825,4638,3983,4351,6896,6812,4291,3933,5090,5061,3958,3605,3834,3792,3535,-5.65806,-0.202649,8.91716,48.3773
3574,3329,3965,6576,12324,3441,3821,4729,6075,3177,3408,3768,3944,2947,3278,3379,3361,-30.6962,24.9628,8.77942,47.6813
3575,3237,3389,3265,3271,3395,3706,3749,3563,4081,4980,5139,4326,4645,7897,8630,4955,26.3606,1.15266,8.80754,48.152
3576,11556,7016,4093,3472,5900,4994,3847,3409,3951,3748,3467,3173,3422,3398,3239,3124,-31.8758,-21.748,8.63845,47.8727
3577,3117,3332,3631,3595,3451,3660,4280,4360,3454,4356,6885,6855,3643,4373,6724,6594,13.9838,14.6095,8.63305,48.2067
3578,11259,6265,3902,3406,7045,5049,3869,3425,4165,3841,3431,3168,3379,3333,3234,3047,-21.6185,-24.1891,8.90105,47.8787
3579,3403,3307,3266,3108,3944,3772,3410,3315,6020,4621,3753,3337,12600,5751,3908,3227,33.805,-30.054,8.56102,47.1613
3580,12387,6264,3935,3401,5965,4776,3803,3380,3853,3810,3473,3186,3376,3390,3216,3123,-29.9189,-27.8737,8.56683,47.5587
3581,3589,3539,3306,3231,4577,4235,3679,3309,7424,6844,4254,3460,6931,6372,4208,3520,13.4416,-16.3128,8.86483,48.3187
3582,3566,4449,5623,4771,3627,5009,8209,5715,3526,4095,5151,4411,3323,3482,3721,3699,-8.65651,9.01364,8.81893,48.2513
3583,6590,10013,5649,3848,4621,5213,4292,3720,3624,3872,3648,3406,3300,3400,3222,3283,-31.8472,-8.90322,8.82111,47.8007
3584,3853,4855,5993,4709,3891,5612,8059,4935,3528,4215,4803,4082,3341,3464,3535,3510,-10.3895,5.28979,8.99944,48.2567
3585,3970,3842,3504,3186,5981,5037,3684,3332,8501,6401,4027,3359,5548,4861,3797,3338,6.02012,-19.3519,8.95154,48.2453
3586,8666,5747,3984,3412,8295,5543,3916,3399,4643,4096,3649,3305,3625,3580,3346,3015,-15.1662,-23.0061,8.66687,48.1473
3587,5169,6613,5004,3959,5239,7657,5156,3894,4074,4433,3954,3501,3584,3496,3451,3142,-13.3863,-7.30012,8.66213,48.2173
3588,3454,3447,3330,3175,4402,3884,3538,3204,8029,5048,3805,3478,10139,5576,3860,3366,17.7889,-31.8018,8.91149,47.8233
3589,3541,4166,6719,8344,3440,4072,5961,7291,3314,3569,4083,4290,3086,3350,3448,3510,-17.274,18.5759,8.50385,48.1227
3590,3128,3206,3471,3589,3351,3652,4232,4504,3422,4048,6277,7480,3494,4208,6382,7699,15.0995,18.3782,8.69698,48.0953
3591,7800,7789,4440,3587,6183,6297,4040,3617,4118,4085,3657,3289,3419,3425,3357,3127,-18.7918,-14.8267,8.80966,48.1533
3592,3321,3424,3476,3307,3732,3922,3891,3463,4370,5830,6027,4308,4634,7081,7236,4553,18.2352,-0.178642,8.81963,48.3833
3593,3596,4332,5498,4953,3753,4796,7929,5844,3436,3914,5104,4539,3289,3611,3959,3806,-7.85219,9.96604,8.63481,48.2393
3594,3126,3224,3461,3408,3357,3586,4212,4038,3710,4160,6117,6215,3625,4584,7926,7715,18.9908,14.5579,8.63475,48.3093
3595,3160,3441,3863,3948,3218,3689,4532,6289,3431,3730,5209,9801,3382,3735,4678,5994,6.66512,31.2327,8.52494,48.0667
3596,3334,3638,4364,4226,3459,4073,6278,5842,3431,4363,6978,6227,3480,3676,4468,4526,1.55892,13.5245,8.60141,48.242
3597,11179,6352,4088,3409,6958,5164,3845,3381,4041,3925,3390,3143,3407,3332,3093,3123,-21.9295,-24.5082,8.63777,47.8867
3598,3607,3949,3971,3714,3952,5093,5663,4115,4120,6258,6940,4406,3846,4287,4448,3846,3.13925,1.56674,8.91144,48.1433
3599,3170,3335,3283,3222,3569,3731,3847,3477,4225,5207,4860,4070,4920,8452,7998,4688,30.72,-0.948661,8.58824,48.036
3600,11817,6686,4131,3387,6316,4927,3814,3349,3963,3876,3339,3242,3289,3409,3244,3214,-25.7876,-23.2502,8.64573,48.002
3601,3148,3556,4255,5294,3335,3794,5126,9007,3308,3687,4835,7596,3169,3542,4074,4430,-2.14952,28.0383,8.90652,48.104
3602,3374,4006,6713,12057,3362,3958,4869,5796,3170,3471,3739,4062,3088,3123,3381,3361,-30.6456,23.4173,8.79085,47.6867
3603,3477,3838,5080,5952,3441,3960,6503,8531,3315,3649,4728,5499,3254,3443,3825,3862,-8.28506,19.236,8.92718,48.238
3604,8267,6610,4099,3466,7224,5971,3961,3511,4356,4151,3620,3270,3505,3513,3216,3156,-17.1176,-18.2593,8.60145,47.9307
3605,3269,3364,3342,3269,3704,3832,3672,3456,4607,5066,4526,3915,5566,9641,6846,4216,29.6587,-4.23843,8.87186,48.194
3606,3393,4291,6655,7291,3512,4257,6455,7078,3203,3582,4145,4393,3115,3410,3550,3537,-15.5586,16.2773,8.81107,47.9113
3607,3442,3329,3365,3078,3988,3840,3477,3290,6673,4978,3884,3298,12004,5901,3924,3323,23.3781,-32.5945,8.77919,47.8627
3608,3362,3310,3428,3155,3762,3767,3585,3361,4549,5194,4514,3845,5988,9897,6328,4149,29.9196,-6.18283,8.77077,48.1293
3609,4395,6949,9525,5621,3838,4691,5147,4512,3376,3600,3825,3690,3147,3417,3285,3237,-28.9444,4.46229,8.96066,48.17
3610,3327,3637,4382,5232,3377,3691,5178,9076,3317,3739,4848,7233,3246,3558,4024,4430,-3.17834,33.3088,8.7904,48.1967
3611,12848,5986,4024,3469,6146,4720,3848,3308,3849,3715,3263,3083,3387,3329,3277,3156,-26.9848,-32.6086,8.8898,47.6053
3612,5010,4620,3841,3432,7429,6678,4050,3480,5936,5546,4058,3343,4285,4015,3589,3220,-3.52121,-17.0132,8.62345,48.3547
3613,3389,3526,3696,3602,3661,4233,4547,3846,4031,5862,7583,4759,4005,5134,6029,4534,11.2817,3.7915,8.55254,48.2913
3614,3210,3400,3414,3302,3497,3826,3715,3591,4054,4773,4845,4164,4617,8070,8759,4814,29.9009,1.23709,8.9635,48.034
3615,3373,3488,3309,3130,4067,4100,3517,3228,6305,5669,3997,3612,8615,7816,4326,3503,20.2333,-16.4713,8.88357,48.0367
3616,8301,9241,4821,3797,5314,5117,4137,3711,3880,3793,3508,3419,3403,3386,3167,3084,-29.6966,-13.8092,8.65428,48.0527
3617,3491,3936,4654,4268,3793,5000,7398,5201,3721,4575,6244,4694,3539,3841,4131,3944,-2.64071,7.07892,8.75611,48.2867
3618,4658,4705,3917,3460,6815,6867,4346,3490,5685,5780,3938,3486,4155,4150,3711,3231,-2.98474,-14.8365,8.60017,48.2627
3619,11880,6774,4030,3450,6180,4776,3962,3433,3966,3823,3485,3270,3362,3232,3095,3079,-26.3304,-23.2724,8.72265,47.8647
3620,7949,9507,5036,3676,5211,5268,4241,3570,3749,3832,3554,3242,3261,3478,3419,3244,-30.163,-12.297,8.59062,48.158
3621,3958,4647,4502,3899,4515,6931,6232,4202,4105,5507,5094,3856,3591,3811,3858,3577,-4.28097,-1.31368,8.6553,48.19
3622,3177,3493,4411,5120,3334,3832,5438,8617,3357,3777,4916,7275,3260,3576,4083,4596,-1.98356,24.0428,8.6953,48.1747
3623,5240,8695,6654,4245,4514,5868,4986,3905,3758,3993,3740,3437,3261,3523,3330,3183,-21.2673,-4.08854,8.746,48.2213
3624,4693,6175,4974,3895,4862,7834,5621,3869,3980,4590,4209,3563,3515,3570,3447,3368,-11.4545,-4.88059,8.96008,48.11
3625,3718,4107,4335,4029,4000,5543,6696,4426,3933,5186,6030,4402,3652,4072,4170,3859,-1.17256,2.90469,8.56267,48.1053
3626,3151,3491,4104,4412,3389,3679,4862,7606,3370,3746,5217,8879,3270,3630,4331,5119,2.45235,26.5051,8.74774,48.1707
3627,8177,5220,3805,3334,9367,5139,3863,3393,4875,4232,3579,3302,3716,3527,3325,3193,-13.4227,-32.6551,8.69411,48.0313
3628,3315,3334,3229,3195,4023,3920,3657,3401,5622,5758,4193,3602,7724,8861,4978,3657,22.4069,-13.0029,8.59903,48.3127
3629,4684,7991,8371,4903,4143,4805,4985,4232,3639,3781,3720,3614,3202,3435,3293,3270,-29.5568,0.86781,8.63883,48.0453
3630,3881,4635,4946,4136,3997,6234,7720,4630,3772,4743,5243,4069,3524,3686,3749,3638,-6.14719,3.08332,8.95948,48.402
3631,5826,8881,5897,3913,4786,6177,4878,3836,3726,3878,3685,3563,3182,3441,3283,3192,-20.3875,-6.59402,8.87685,48.096
3632,4677,7447,7771,4724,4180,5413,5786,4237,3540,3795,3891,3557,3238,3333,3342,3199,-20.6196,0.369575,8.96025,48.0867
3633,4562,7692,7733,4726,4229,5278,5531,4266,3608,3936,3778,3559,3231,3397,3350,3300,-21.8723,0.19011,8.6793,48.1173
3634,4175,5777,7460,4983,3971,5398,6963,4837,3492,3860,4104,3788,3211,3375,3482,3388,-16.6312,4.41839,8.91916,48.176
3635,7625,9577,5124,3703,5125,5205,4197,3567,3778,3772,3564,3384,3343,3393,3264,3141,-30.9429,-12.0001,8.50715,47.8413
3636,3973,5726,9857,6625,3809,4470,5505,4786,3354,3649,3949,3687,3139,3264,3357,3251,-25.7808,8.12591,8.90691,48.2673
3637,12187,6720,3943,3440,5953,4749,3852,3352,3991,3791,3530,3313,3335,3406,3326,3108,-29.2425,-24.1608,8.83666,47.9973
3638,4852,4194,3600,3318,7483,5781,3918,3363,7317,5582,3892,3314,4507,4147,3635,3361,-0.729546,-20.1323,8.71256,48.176
3639,3122,3458,4040,4478,3375,3803,4920,7451,3419,3875,5318,8740,3277,3529,4360,5148,2.19287,24.0819,8.75838,48.2087
3640,3268,3400,3386,3233,3890,4036,4065,3675,4324,6472,6258,4150,4603,6781,6304,4325,15.6381,-0.762743,8.82414,48.1133
3641,2988,3260,3359,3396,3135,3568,3941,4056,3382,3972,5247,6553,3361,4113,6966,10470,22.3057,20.6526,8.88185,47.8447
3642,3092,3379,3493,3447,3368,3722,4063,3960,3658,4609,6761,5483,3864,5153,7991,6156,17.6787,9.68475,8.64793,48.1327
3643,3172,3343,3459,3177,3670,3852,3762,3478,4441,5661,5328,4162,4954,8232,7076,4457,21.0739,-2.26112,8.8148,48.1493
3644,3668,4884,9313,8387,3634,4098,5208,5061,3216,3566,3824,3789,3155,3330,3242,3349,-29.0476,13.4673,8.86568,47.816
3645,3124,3313,3305,3255,3377,3588,3794,3680,3714,4356,5397,4784,3931,5700,9892,6792,25.6417,8.56707,8.99355,48.0013
3646,6324,4850,3789,3238,9315,5792,3864,3411,5842,4511,3586,3322,3915,3737,3306,3207,-7.69411,-23.3768,8.56966,48.006
3647,3391,3487,3255,3020,3990,3824,3398,3286,5937,4883,3790,3399,11317,6976,4173,3477,26.9101,-21.4064,8.53651,47.7353
3648,8757,7818,4420,3514,6269,5727,4044,3615,4144,3937,3656,3299,3363,3466,3282,3185,-20.2425,-16.4077,8.94232,48.3307
3649,3390,3465,3345,3123,4090,4068,3627,3376,5914,6509,4329,3561,6894,7935,4931,3632,18.043,-12.7304,8.51324,48.126
3650,3133,3248,3531,3495,3203,3582,3950,4287,3379,3957,5737,7468,3570,4170,6561,8614,17.2552,19.5653,8.94993,47.9233
3651,4231,5509,5727,4309,4318,6739,6963,4339,3836,4218,4453,3901,3376,3504,3519,3432,-11.4415,0.393229,8.70987,48.2493
3652,3818,3898,3769,3430,4695,5934,4605,3696,5124,7631,5288,3885,4162,4750,4095,3684,3.80202,-6.46147,8.59018,48.3093
3653,7246,5058,3682,3379,9800,5373,3745,3285,5483,4231,3627,3329,3740,3567,3426,3258,-10.9188,-27.311,8.61928,48.1527
3654,3321,3805,5558,7625,3435,3871,5847,8666,3372,3710,4264,4873,3143,3268,3640,3684,-12.9445,21.7991,8.75666,48.0547
3655,3351,3788,5089,8192,3405,3864,5149,9459,3318,3538,4204,5156,3164,3228,3537,3771,-12.8598,29.9654,8.91934,48.142
3656,3405,3718,4594,4749,3479,4173,6827,6689,3503,4089,5925,5826,3289,3665,4118,4150,-2.58801,14.88,8.57548,48.1327
3657,3142,3296,3460,3283,3324,3578,3683,3770,3839,4482,5121,4781,3942,5917,10031,6272,32.4376,7.60279,8.92974,47.9473
3658,3415,3967,6202,9400,3275,3826,5585,7794,3097,3443,4086,4465,3086,3318,3475,3604,-17.5496,22.4651,8.8479,48.0253
3659,3106,3277,3559,3670,3224,3476,4223,4991,3459,3961,5412,9414,3322,3833,5337,8014,12.7075,25.5201,8.61208,48.1853
3660,12330,6353,3916,3358,6065,4666,3742,3325,3972,3801,3340,3361,3439,3405,3137,3192,-29.2606,-25.134,8.74469,47.6013
3661,3430,3421,3239,3134,3737,3812,3517,3384,5014,5310,4320,3691,7052,9614,5409,3878,30.1601,-10.2102,8.62105,47.9747
3662,3397,3748,3660,3483,3961,4698,4689,3920,4324,6829,6915,4391,4183,5247,4983,4030,8.39155,0.0542686,8.65106,48.3053
3663,5292,9437,7068,4354,4299,5087,4743,4033,3687,3595,3596,3573,3238,3328,3342,3248,-30.646,-3.30065,8.98084,47.9467
3664,4396,4755,3862,3386,5894,7162,4479,3598,5366,6282,4283,3472,4200,4280,3695,3294,-1.90515,-11.5598,8.68286,48.2693
3665,4000,4430,4208,3666,4665,6854,5372,4004,4380,6247,5023,3916,3851,4116,4005,3607,-1.2478,-4.22158,8.51488,48.2293
3666,3872,5155,8843,6743,3682,4399,6216,5344,3424,3639,3955,3871,3021,3277,3313,3402,-20.3197,10.8816,8.93795,48.104
3667,3565,3949,4164,3941,3780,4972,6699,4605,3859,5132,7076,4816,3557,4042,4340,3960,0.847549,5.43772,8.99597,48.3047
3668,7165,9768,5374,3714,4956,5132,4220,3615,3836,3823,3569,3390,3315,3447,3328,3142,-30.3466,-10.5651,8.71361,47.8627
3669,3210,3482,3777,3835,3267,3705,4485,6209,3274,3799,5285,9755,3287,3715,4714,6004,6.17986,33.931,8.73875,47.8687
3670,3076,3332,3474,3360,3293,3498,3887,3980,3616,4057,5671,5664,3735,4831,8503,8160,22.6623,13.7514,8.66433,48.0913
3671,4639,4374,3618,3415,6826,5983,3930,3396,6872,6051,4119,3476,4616,4307,3672,3374,0.202657,-17.0503,8.59832,48.4453
3672,3240,3471,3927,4264,3347,3745,4724,6904,3326,3751,5098,9609,3382,3676,4408,5575,4.21003,29.2952,8.74003,48.298
3673,3412,3621,3998,3774,3610,4475,6007,4558,3821,5079,7730,5312,3531,4150,4867,4342,3.99013,7.59731,8.6344,48.1913
3674,3306,3423,3407,3167,3765,4179,3840,3571,4560,6464,5517,4218,4920,7613,6186,4270,17.9361,-3.38441,8.71268,48.2707
3675,3926,5827,10140,6616,3717,4356,5262,4768,3290,3645,3812,3768,3110,3297,3386,3274,-29.2578,8.44169,8.80403,48.1293
3676,3097,3173,3410,3335,3263,3457,3798,3838,3353,3662,4888,5903,3337,3987,6508,12187,32.0547,24.3654,8.81463,47.464
3677,4023,3801,3401,3280,6239,4493,3680,3274,10039,5093,3691,3341,6296,4685,3675,3201,6.6235,-29.9455,8.97474,48.1413
3678,3249,3306,3344,3267,3587,3835,3789,3483,4277,5134,5142,4097,4876,8424,7697,4685,25.7409,-1.09355,8.60991,48.128
3679,5875,8137,5134,3912,5251,6887,4702,3707,3969,4122,3767,3364,3367,3478,3308,3121,-17.9897,-8.94513,8.72726,48.0673
3680,3415,3449,3357,3216,3831,3784,3446,3241,6115,4804,3708,3357,12362,6499,3994,3278,29.1909,-25.119,8.7708,47.904
3681,3095,3215,3385,3319,3203,3391,3691,3831,3331,3802,4667,6126,3526,3989,6081,12736,27.0714,32.5555,8.90882,47.592
3682,4213,4969,4637,3884,4676,7418,6188,4064,4055,5137,4815,3658,3488,3869,3670,3462,-6.7157,-2.7185,8.50585,48.1353
3683,3487,3924,6103,12472,3396,3778,4655,5967,3260,3365,3636,3852,3195,3380,3366,3438,-29.3322,33.7487,8.60356,47.516
3684,3618,4433,7945,9113,3502,4078,5409,6210,3320,3443,3846,4186,3193,3231,3447,3350,-21.8598,17.0479,8.69066,48.216
3685,3268,3324,3277,3237,3734,3861,3683,3451,4556,5481,4650,3802,5799,9385,6464,4167,24.738,-5.46662,8.51156,48.0927
3686,3441,3443,3087,3148,3714,3888,3592,3394,4734,5245,4367,3811,6473,9867,5819,3844,32.1468,-7.98093,8.57056,47.9113
3687,3424,4242,7972,10118,3433,3923,5210,5906,3271,3483,3791,3925,3155,3186,3428,3451,-26.2855,18.0801,8.59161,47.9453
3688,3141,3478,3610,3473,3427,3713,4331,4053,3672,4740,7499,5532,3722,4744,7314,5690,14.9646,9.65583,8.94301,48.0927
3689,3226,3666,4224,4506,3360,3985,5888,6816,3485,4035,6347,7194,3218,3688,4313,4696,0.893321,17.1609,8.93801,48.4313
3690,3894,4035,3629,3445,5105,6273,4410,3598,5604,7462,4790,3727,4280,4736,3860,3534,2.57324,-9.76312,8.91762,48.2547
3691,3752,3743,3527,3261,4648,5246,4017,3517,5955,8161,4871,3596,4891,5261,4145,3626,7.07049,-10.258,8.8543,48.1447
3692,5879,9448,6299,4167,4730,5582,4542,3817,3717,3844,3603,3287,3296,3375,3223,3112,-24.6541,-6.27379,8.6574,47.9473
3693,3796,4041,3647,3349,4681,5676,4278,3643,5491,7986,4978,3683,4405,4903,4152,3564,5.19586,-8.24768,8.62849,48.182
3694,3128,3461,3518,3490,3431,3664,4230,4157,3647,4427,6771,5927,3599,4603,7538,6710,16.9232,12.9457,8.57965,48.2007
3695,3355,3809,4685,5705,3522,3963,6228,8650,3216,3813,4758,5996,3115,3438,3838,4073,-6.0721,20.2039,8.60206,48.1093
3696,9496,8671,4596,3561,5606,5165,4013,3552,3849,3836,3581,3235,3287,3315,3102,3145,-28.129,-16.067,8.95311,48.0067
3697,5492,4415,3621,3254,9516,5100,3724,3422,6937,4794,3706,3256,4297,3957,3405,3244,-4.16011,-32.7649,8.97064,48.0933
3698,3645,3703,3462,3243,4836,4626,3910,3373,7152,7287,4329,3530,5917,5838,4091,3562,10.6677,-14.9072,8.51468,48.336
3699,3236,3310,3638,3670,3323,3571,4276,4817,3450,4001,5957,8495,3396,3904,5529,7559,12.9046,21.4764,8.50236,48.088
3700,3397,3449,3241,3110,4074,3748,3413,3300,6782,4734,3742,3364,11992,6098,3910,3505,23.8621,-28.4188,8.63673,47.906
3701,5321,7387,5361,4032,5031,7044,5223,3816,3945,4275,3861,3484,3391,3413,3323,3219,-15.9027,-6.4146,8.63456,48.084
3702,4840,8475,7932,4595,4254,5071,4927,4147,3660,3875,3818,3600,3338,3340,3207,3220,-26.2323,-1.07352,8.75395,48.1993
3703,3249,3419,3528,3463,3522,3739,4295,3964,3767,4984,7398,5349,3879,5033,7098,5407,14.896,7.77161,8.81522,48.0627
3704,9548,8526,4288,3473,5656,5284,4010,3463,3947,3816,3398,3270,3393,3328,3357,3111,-33.1052,-16.9122,8.68393,47.912
3705,4233,3894,3389,3066,6555,4549,3627,3268,9833,5295,3839,3386,5931,4586,3613,3288,5.54581,-27.2657,8.98063,48.2347
3706,5527,4389,3653,3203,9744,5230,3749,3284,6706,4604,3647,3377,4199,3872,3388,3200,-4.90686,-32.4424,8.9933,47.848
3707,3137,3305,3330,3453,3249,3452,3730,3989,3377,3709,4854,6869,3406,3927,5882,11868,22.7388,32.4542,8.97821,47.6913
3708,3498,4402,8319,10184,3271,3999,5080,5533,3252,3455,3964,3981,3077,3200,3386,3467,-30.9909,17.3354,8.95763,48.0453
3709,3528,3203,3252,3064,4100,3918,3497,3217,7365,4977,3786,3457,11148,5744,3985,3383,20.5588,-29.9748,8.88955,47.7493
3710,3987,5598,8096,5513,3822,4945,6634,4905,3445,3935,4099,3881,3241,3338,3486,3405,-18.0038,6.25795,8.7452,48.22
3711,3231,3285,3200,3153,4106,3814,3501,3203,6729,4892,3740,3357,11861,5901,3856,3503,22.8174,-33.1963,8.92813,47.5547
3712,3630,4886,8370,6768,3675,4454,6488,5508,3329,3763,4067,3951,3123,3253,3439,3448,-19.1919,10.8971,8.97099,48.1013
3713,3077,3285,3466,3532,3245,3544,3797,3993,3448,3901,4965,5650,3447,4261,8039,10447,30.8544,18.9128,8.75949,48.0647
3714,7633,7180,4346,3447,6667,6423,4148,3468,4208,4153,3570,3383,3532,3474,3337,3102,-16.9925,-15.4581,8.75675,48.0473
3715,11697,6821,4116,3465,6296,4922,3781,3449,3729,3753,3475,3266,3288,3383,3196,3074,-25.6454,-22.9814,8.98781,47.8073
3716,3467,4284,7483,10522,3418,3778,4943,5928,3242,3546,3912,3943,3137,3313,3369,3353,-26.5791,19.2273,8.50807,47.7587
3717,3398,3957,5333,5222,3589,4428,7797,6838,3365,3952,4973,4800,3293,3532,3706,3727,-8.13981,13.5573,8.79938,47.94
3718,3148,3225,3402,3453,3208,3528,3752,3936,3347,3804,4964,5868,3520,4334,7460,11140,28.689,20.4931,8.61745,48.0593
3719,3404,3342,3202,2989,4104,3969,3562,3172,7369,4906,3722,3436,11432,5828,3898,3363,21.2653,-30.5726,8.56837,47.7987
3720,3476,3468,3191,3110,4111,3901,3581,3331,6355,5689,4080,3498,8873,7598,4432,3632,20.4503,-17.1684,8.66297,48.2173
3721,4892,7226,6452,4409,4542,6272,5576,4163,3625,4047,3955,3622,3313,3422,3470,3303,-17.7666,-1.83906,8.53081,48.1927
3722,3419,3834,6033,12563,3352,3846,4784,5919,3310,3359,3754,3876,3165,3298,3441,3314,-28.683,32.0493,8.5656,47.5113
3723,3083,3248,3398,3366,3242,3529,3795,3935,3523,4048,5103,5403,3506,4380,8904,9268,33.0336,15.7703,8.75643,47.8207
3724,3384,3311,3267,3177,3977,3903,3487,3306,5237,5202,4171,3466,8665,9320,4769,3546,32.4481,-14.2297,8.97386,48.1253
3725,3415,3366,3223,3194,3685,3810,3713,3350,4857,5273,4322,3647,6670,9769,5648,3902,33.5948,-9.04622,8.53657,47.896
3726,3485,3645,3488,3284,4368,4800,3911,3455,5863,8105,4815,3702,5206,6170,4468,3706,10.915,-10.0768,8.94632,48.314
3727,3135,3261,3413,3385,3210,3611,3923,4201,3485,4031,5592,6547,3477,4448,7559,8940,20.4695,17.8971,8.89873,48.1453
3728,3198,3376,3302,3270,3502,3725,3806,3653,4091,4928,4897,4190,4701,7938,8701,4917,30.3668,1.29754,8.84491,48.13
3729,3087,3289,3465,3483,3168,3426,3897,3896,3299,3932,5187,5768,3479,4284,7864,10527,30.3532,18.8798,8.72077,48.034
3730,3685,4164,5042,4684,3742,4906,8008,5752,3628,4206,5503,4625,3341,3636,3962,3861,-5.9714,9.42468,8.64342,48.4967
3731,5316,4910,3876,3451,7663,6711,4192,3548,5754,5181,3871,3387,4048,3841,3486,3234,-5.65248,-16.9911,8.51698,48.3127
3732,3155,3196,3441,3585,3213,3573,4107,4739,3270,3915,5232,8843,3440,3861,5477,9088,15.036,27.3535,8.91056,48.09
3733,3973,3736,3402,3270,5924,4571,3694,3224,9738,5277,3779,3437,6186,4658,3770,3316,7.12754,-33.4902,8.61173,47.97
3734,3207,3364,3450,3222,3472,3713,3664,3580,4234,5011,4932,4222,4767,8145,8416,4853,27.2294,0.242761,8.91327,48.168
3735,3246,3382,3871,3837,3384,3823,4944,4966,3554,4241,7264,7601,3341,4002,5407,5653,8.72067,15.403,8.72724,48.344
3736,3639,3640,3435,3173,4437,4650,3784,3401,6240,7980,4613,3627,5551,6092,4462,3584,11.4062,-11.342,8.85796,48.2053
3737,3530,4330,6970,6812,3619,4293,6800,6544,3488,3661,4279,4401,3136,3376,3511,3591,-15.0881,14.3343,8.67787,48.2273
3738,5693,8284,5700,3912,5071,6585,4799,3815,3747,4126,3741,3453,3347,3643,3371,3130,-18.6485,-6.94979,8.87822,48.278
3739,3379,3425,3363,3217,3794,3857,3642,3385,4688,5157,4497,3629,6781,9756,5499,3859,32.2469,-9.08928,8.58935,47.952
3740,4734,4005,3561,3302,8030,4906,3603,3319,8305,4959,3848,3407,4807,4219,3517,3214,0.0874282,-31.7764,8.55853,47.824
3741,3356,3445,3331,3162,3855,3894,3546,3254,5847,5655,4176,3526,8327,8385,4689,3611,21.7704,-14.6431,8.92191,48.0393
3742,3229,3387,3324,3287,3681,3708,3684,3488,4314,5187,4758,4007,5416,9439,7078,4333,27.9197,-3.64023,8.74708,48.2133
3743,3394,4095,6569,9897,3495,3882,5490,7292,3211,3550,3943,4217,3051,3317,3515,3402,-19.1361,21.8282,8.51878,48.2133
3744,3532,4320,7997,10197,3455,4060,5018,5384,3262,3621,3905,3920,3121,3353,3368,3316,-32.1045,17.5875,8.63246,47.886
3745,3524,3365,3179,3041,4168,3768,3452,3272,6859,5100,3720,3386,11879,5998,3851,3325,22.9053,-27.7016,8.75335,47.9247
3746,5632,5111,3853,3432,7829,6921,4265,3422,5398,4946,3767,3381,3942,3905,3573,3150,-7.38886,-16.8457,8.55872,48.3513
3747,4679,8274,8259,4634,4191,4907,4816,4067,3452,3818,3780,3509,3287,3346,3331,3292,-33.2847,0.183314,8.62706,47.7613
3748,3353,3503,3329,3076,4022,3740,3385,3308,6898,4914,3824,3465,11518,5865,3912,3407,21.9405,-31.1765,8.83636,47.6793
3749,3308,3389,3175,3190,3804,3804,3597,3329,5055,5376,4203,3676,7584,9408,5248,3861,28.9516,-11.247,8.51859,48.0047
3750,4162,4907,4611,3773,4699,7389,5994,3987,4112,5338,4728,3827,3675,3866,3701,3477,-5.5785,-3.30348,8.5798,48.164
3751,12533,6059,3876,3352,6132,4779,3887,3361,3829,3764,3531,3187,3344,3332,3306,3185,-28.4324,-29.5726,8.52132,47.638
3752,5957,9887,6195,3927,4758,5291,4497,3776,3637,3902,3682,3361,3324,3402,3241,3170,-31.5473,-6.93056,8.99131,48.0047
3753,4233,4479,4119,3461,5166,7311,4899,3822,4882,6299,4600,3713,3967,4168,3800,3297,-2.20112,-7.84708,8.54775,48.144
3754,3556,3845,4269,3956,3798,5012,6536,4724,3831,5084,7309,4748,3477,4075,4377,4073,1.21967,6.12775,8.72443,48.4467
3755,4030,3896,3454,3155,5735,4812,3638,3387,8498,6445,4001,3490,5680,5088,3718,3306,6.7962,-19.3361,8.89668,48.222
3756,3782,4083,3948,3700,4323,6030,5679,4000,4335,6512,5963,4175,3884,4283,4172,3744,0.96746,-1.41371,8.88685,48.4087
3757,4266,4784,4313,3679,4891,7789,5545,3863,4263,5544,4666,3850,3844,3884,3797,3471,-4.81915,-5.04597,8.72765,48.2993
3758,3144,3374,3630,3779,3218,3631,4460,4728,3552,4218,7132,7345,3520,4213,6019,6381,11.9026,15.5016,8.92642,48.2293
3759,3255,3505,3321,3259,3599,3825,3708,3569,4187,4899,4901,4117,4905,8506,8008,4790,31.2404,-0.822944,8.7158,48.236
3760,3471,3392,3299,3044,3901,3756,3507,3285,5687,5120,3901,3465,10040,8223,4407,3512,31.3957,-17.4683,8.68594,48.0067
3761,5688,4440,3663,3215,9483,5281,3781,3275,6843,4670,3701,3380,4247,3790,3310,3216,-4.73963,-27.4338,8.75236,47.9887
3762,3537,3615,3392,3266,4184,4404,3851,3405,5335,7694,4913,3812,5369,6805,4856,3786,13.1731,-8.07028,8.6037,48.1493
3763,11314,6778,3961,3355,6257,5061,3900,3445,4046,3899,3374,3323,3401,3373,3229,3045,-24.3052,-22.4069,8.84424,47.8407
3764,3287,3737,5091,6948,3390,3855,5419,9726,3417,3626,4353,5165,3049,3342,3616,3684,-10.2214,33.9604,8.6666,47.8033
3765,4633,5568,4762,3882,4942,7823,5755,4100,4021,4808,4160,3526,3518,3779,3563,3354,-9.54552,-5.01988,8.64408,48.1293
3766,3328,3237,3249,3073,3770,3813,3476,3311,5576,5144,4036,3466,9699,8473,4499,3616,27.9634,-16.36,8.81663,47.844
3767,3468,4188,6434,8249,3411,4024,6032,7537,3264,3597,4191,4388,3060,3223,3449,3646,-16.2836,19.1541,8.74655,48.1073
3768,3365,3263,3143,3061,4021,3701,3517,3125,6282,4775,3804,3333,12208,6523,4044,3438,26.136,-24.6583,8.92031,47.7353
3769,3417,3476,3304,3181,4227,3963,3574,3273,7711,5053,3881,3486,10461,5668,3937,3543,19.0465,-33.3553,8.51639,48.1033
3770,3362,3897,5956,9924,3502,3829,5315,7797,3224,3469,4049,4406,3134,3291,3508,3480,-18.1098,23.7419,8.64582,48.0953
3771,3111,3200,3340,3353,3288,3522,3762,4012,3382,3757,4857,6711,3343,3874,5948,12187,23.8277,29.9257,8.70874,47.7647
3772,3547,3658,3390,3127,4582,4487,3826,3412,6816,7671,4464,3526,5867,6140,4242,3474,11.6125,-13.7004,8.89094,48.1527
3773,3029,3193,3499,3427,3320,3357,3859,4229,3402,3841,5061,7641,3339,3853,5873,10856,19.8552,29.2312,8.63945,47.8527
3774,5559,4489,3486,3347,9617,5165,3770,3380,6751,4514,3744,3376,4152,3993,3512,3207,-5.02178,-31.5427,8.63221,48.0413
3775,3374,3409,3217,3083,3866,3835,3524,3276,5539,5215,4068,3549,9668,8449,4409,3419,26.6027,-16.9773,8.72617,47.9333
3776,3576,3979,4327,3899,3702,4994,6757,4786,3813,5041,7010,4812,3598,3967,4295,3942,0.438923,5.87946,8.76221,48.332
3777,3377,3441,3222,3255,4153,4036,3741,3275,6366,6514,4259,3601,7370,7656,4534,3576,17.4501,-14.3645,8.93962,48.2507
3778,3400,4011,6209,11949,3299,3816,4817,6755,3251,3379,3811,4106,3130,3205,3338,3449,-23.7369,26.274,8.8558,47.95
3779,3957,5652,9804,6670,3699,4365,5395,4833,3365,3604,3850,3781,3179,3292,3314,3252,-25.5965,8.39443,8.89046,48.008
3780,3382,3793,5291,8120,3386,3861,5285,9241,3237,3734,4150,5110,3205,3353,3651,3671,-13.2068,27.7198,8.53793,48.3133
3781,3265,3409,3193,3235,3917,3759,3421,3216,5979,4780,3711,3401,12689,6124,3754,3372,29.8497,-28.2083,8.80316,47.4833
3782,4088,6109,8607,5530,3805,4958,6113,4791,3503,3752,3983,3698,3180,3271,3515,3414,-19.9683,5.70396,8.97128,48.2113
3783,3431,3582,3670,3499,3624,4161,4808,4095,3878,5716,7870,5033,3838,4919,5900,4645,10.3639,5.12253,8.52884,48.446
3784,4103,5349,5360,4301,4235,6832,7168,4434,3739,4345,4561,3883,3370,3579,3504,3435,-10.3623,0.877702,8.96097,48.132
3785,3157,3343,3572,3397,3512,3776,4071,3791,3886,4969,6644,4827,3917,5590,8304,5757,18.6848,6.81022,8.788,48.342
3786,4311,5513,5170,4098,4613,7357,6400,4269,3932,4676,4433,3608,3497,3644,3538,3434,-9.70585,-2.0758,8.91285,48.3287
3787,6111,10049,6286,4082,4611,5102,4541,3803,3741,3899,3592,3299,3336,3397,3181,3147,-30.943,-6.70151,8.99264,48.118
3788,4894,5357,4215,3501,6052,8136,4696,3655,4726,5224,4117,3518,3707,3844,3606,3345,-7.3372,-10.9483,8.88147,48.3953
3789,3114,3309,3693,3680,3262,3519,4413,5319,3324,3880,5714,9512,3295,3726,5132,7145,10.6994,23.7221,8.91811,48.0247
3790,3199,3091,3414,3320,3405,3469,3842,3805,3489,4233,5248,5267,3563,4910,9292,8316,28.366,13.2924,8.6025,47.9087
3791,4059,6616,9665,5614,3817,4617,5243,4597,3475,3760,3791,3734,3215,3268,3463,3346,-32.8215,5.00777,8.62244,48.1867
3792,3221,3442,3862,3938,3357,3633,4486,6080,3473,3770,5186,9713,3310,3611,4631,6255,7.07595,32.0408,8.57113,47.9787
3793,3801,4075,3879,3524,4427,6134,4836,3758,4902,7357,5308,3833,4137,4627,4095,3762,2.68908,-5.33938,8.5123,48.3033
3794,3214,3479,4176,4896,3318,3892,4936,8320,3367,3769,4976,8119,3243,3694,4065,4607,-0.428772,33.7171,8.77204,48.0473
3795,4050,3868,3608,3209,5575,5190,3817,3372,7628,6982,4172,3558,5362,5017,3913,3391,5.9566,-16.8558,8.62943,48.4747
3796,3234,3232,3355,3338,3253,3383,3812,3889,3397,3723,4709,5947,3389,3949,6174,12674,30.568,29.9273,8.77292,47.6387
3797,3201,3073,3319,3472,3271,3475,3742,3912,3414,3804,4737,6513,3424,3902,6113,12325,25.2002,32.002,8.7621,47.798
3798,3312,3294,3324,3278,3651,3785,3752,3447,4671,5259,4616,3782,5846,9747,6383,4086,28.6511,-5.74787,8.94643,48.1553
3799,3517,3583,3457,3385,3623,4205,4216,3762,4288,6608,6843,4295,4232,5894,5990,4358,13.0378,0.588235,8.62627,48.1707
3800,3108,3237,3371,3285,3209,3557,3893,4073,3432,4028,5248,6070,3467,4268,7727,10177,24.4399,18.641,8.77357,48.1
3801,3347,3362,3405,3377,3808,4135,3830,3534,4526,6512,5449,4008,5013,7575,6118,4265,17.5473,-3.4145,8.79861,48.176
3802,5448,4560,3667,3252,9723,5188,3845,3497,6866,4697,3663,3326,4028,3919,3458,3225,-4.72523,-33.2418,8.87289,48.2413
3803,3098,3299,3460,3460,3242,3636,4071,4347,3437,4008,5765,7378,3539,4075,6586,8535,17.0327,19.0771,8.91468,47.9573
3804,3339,4023,5914,11836,3340,3767,4959,7117,3162,3410,3773,4148,3118,3169,3393,3392,-22.2597,28.8538,8.67283,47.9067
3805,3766,3626,3265,3041,5187,4299,3594,3246,9357,5629,3833,3297,7673,5120,3773,3337,11.6648,-25.027,8.60522,48.0287
3806,3597,3501,3228,3011,4796,4080,3512,3276,8435,5706,3872,3422,8565,5789,4004,3379,15.1548,-22.5621,8.8546,48.1153
3807,10623,7782,4254,3391,5699,5087,3825,3461,3943,3785,3470,3150,3465,3391,3294,3058,-32.1829,-19.2071,8.59725,47.7853
3808,3316,3243,3238,3185,4017,3721,3426,3148,6637,4830,3762,3395,12153,6251,4013,3240,25.423,-26.7413,8.80572,47.7167
3809,3104,3209,3410,3321,3198,3382,3905,3988,3360,3762,4811,6183,3408,3976,6737,12022,26.4306,23.6543,8.58543,47.8507
3810,5636,9677,6910,4256,4576,5049,4640,3936,3740,3726,3749,3456,3205,3197,3250,3132,-28.9555,-4.52572,8.9909,48.09
3811,3334,3902,5758,10811,3370,3777,4958,7820,3139,3573,3879,4258,3077,3233,3452,3443,-19.3234,29.5489,8.8344,47.856
3812,3744,5681,10088,6546,3715,4294,5186,4757,3474,3589,3751,3782,3277,3302,3374,3317,-32.6405,8.69088,8.91409,47.918
3813,3441,3359,3263,3186,4226,3867,3406,3231,7886,4957,3784,3400,10515,5815,3899,3541,19.0468,-31.879,8.77336,47.8507
3814,4291,3926,3515,3255,7114,4733,3831,3221,9289,5199,3687,3385,5513,4378,3675,3320,3.56883,-29.5125,8.72062,48.2213
3815,4560,4322,3778,3281,6932,6402,4074,3375,6558,5810,4119,3496,4327,4353,3561,3354,-0.914073,-16.7259,8.59062,48.2013
3816,3660,4510,6765,5992,3690,4597,7299,6207,3486,3807,4289,4312,3275,3346,3590,3631,-14.23,12.1118,8.61687,48.304
3817,3410,4251,6920,8992,3488,4115,5750,6815,3120,3559,4029,4280,3009,3241,3488,3414,-18.9119,18.7426,8.79535,47.9207
3818,3006,3234,3418,3411,3294,3446,3857,4145,3392,3891,5251,6738,3402,4175,6818,10470,21.4275,21.3999,8.98142,47.9653
3819,3097,3135,3287,3429,3234,3470,3676,3977,3356,3811,4928,6165,3409,4019,6409,12460,27.846,24.8988,8.88668,47.908
3820,10631,6151,4077,3339,7306,5312,3903,3421,4188,3803,3383,3257,3456,3384,3188,3183,-20.072,-23.8351,8.6802,47.988
3821,3373,4465,7698,10388,3485,4001,5128,5905,3311,3506,3855,3956,3018,3172,3421,3336,-25.6303,18.9217,8.81218,48.012
3822,3252,3458,3613,3492,3476,3995,4624,4071,3851,5055,7756,5289,3720,4841,6530,5062,12.565,7.41152,8.62543,48.0567
3823,3553,3781,3720,3367,4274,5229,4480,3698,4836,7872,5864,3949,4470,5259,4593,3848,7.06836,-4.04034,8.95295,48.5287
3824,8047,9157,4888,3676,5365,5502,4260,3507,3933,3925,3528,3297,3316,3441,3223,3166,-24.1505,-13.3899,8.86208,48.154
3825,10058,5599,3971,3436,8213,5022,3828,3375,4392,4038,3531,3283,3475,3423,3245,3148,-17.6939,-29.2633,8.98273,48.0247
3826,7330,4951,3803,3187,9846,5269,3723,3330,5323,4309,3470,3254,3857,3611,3368,3189,-10.7258,-28.5956,8.84632,47.88
3827,5802,7889,5118,3920,5196,7003,4867,3762,3860,4209,3726,3500,3428,3629,3485,3125,-16.845,-8.49011,8.60666,48.346
3828,3212,3295,3209,3150,3892,3785,3639,3303,5125,5330,4212,3629,7762,9748,5048,3740,27.9383,-11.8257,8.81342,48.0527
3829,3407,3771,3866,3582,3785,4614,5137,4102,4053,6120,7485,4719,3933,4676,4992,4139,6.01474,2.7693,8.68729,48.254
3830,3778,5289,9860,7163,3696,4367,5250,4896,3361,3613,3854,3762,3206,3286,3421,3331,-31.8518,10.073,8.582,48.0887
3831,3350,3587,4620,6149,3393,3828,5591,9751,3214,3674,4511,6027,3242,3439,3797,3998,-7.07389,24.763,8.83447,48.114
3832,3501,4019,6728,8452,3417,3943,5936,7176,3365,3585,4055,4285,3149,3251,3678,3546,-16.9251,18.5425,8.75482,48.0573
3833,3082,3254,3395,3400,3333,3729,3939,3795,3720,4281,5451,4916,3831,5562,9632,6843,26.6133,9.47656,8.51263,48.1087
3834,7557,8500,4873,3639,5739,5945,4241,3534,4056,3979,3614,3332,3340,3412,3295,3166,-20.8518,-12.9327,8.56081,48.148
3835,5251,6067,4414,3647,5733,7858,4788,3561,4410,4855,3917,3406,3660,3771,3507,3304,-10.1849,-9.97104,8.55114,48.0993
3836,3239,3328,3342,3335,3740,3889,3859,3621,4447,6257,5405,4082,4918,7783,6737,4279,18.9999,-2.13616,8.98268,48.174
3837,3464,3880,5714,11305,3452,3813,5002,7372,3269,3464,3796,4048,3113,3218,3279,3465,-20.9245,33.0188,8.87003,47.7693
3838,3851,3926,3703,3373,4913,5831,4351,3572,5461,7747,4945,3698,4571,4889,4068,3647,4.5638,-8.97151,8.6616,48.364
3839,3501,3332,3210,3109,3959,3747,3584,3265,5373,5293,4059,3589,9016,8783,4770,3576,26.3146,-15.1352,8.62984,48.1107
3840,3734,4262,4365,3874,4156,6045,6581,4393,3867,5557,5839,4196,3600,4022,4020,3713,-1.62247,1.22893,8.95521,48.1493
3841,9346,8476,4594,3485,5424,5123,4123,3579,3745,3849,3486,3359,3288,3405,3315,3212,-32.0172,-15.8352,8.67988,47.8727
3842,3671,3637,3382,3122,4771,4264,3729,3244,8472,6204,4085,3505,7503,5800,4015,3322,13.1057,-19.9715,8.96927,48.484
3843,5166,8821,7569,4432,4423,5075,4774,3925,3679,3798,3606,3473,3318,3273,3345,3211,-31.1647,-2.34375,8.88862,47.9253
3844,3660,4271,4625,4109,3877,5700,7478,4808,3705,4862,5743,4271,3475,3865,4020,3721,-3.82865,4.44335,8.66449,48.1267
3845,4393,4394,3778,3357,5890,6659,4263,3592,5723,6595,4324,3648,4212,4430,3820,3421,-0.239077,-12.7653,8.51336,48.3327
3846,3543,4216,7763,10893,3415,3816,5053,5892,3196,3539,3783,3942,3134,3101,3380,3355,-27.6707,19.9849,8.82512,48.014
3847,3151,3367,3557,3485,3462,3790,4502,4384,3685,4501,7494,6440,3524,4406,6505,6087,13.1584,12.825,8.90053,48.2267
3848,3120,3220,3410,3386,3429,3570,3859,3721,3542,4227,5350,5015,3709,5113,9793,7367,33.2603,11.0881,8.73079,47.8873
3849,8700,7902,4463,3474,6185,5668,3994,3509,4096,3838,3574,3220,3376,3324,3300,3066,-21.4093,-16.1766,8.91439,47.7927
3850,9625,5493,3867,3299,8503,5084,3798,3355,4539,4023,3511,3298,3582,3547,3332,3228,-16.351,-30.1104,8.90081,48.056
3851,12569,6087,3897,3505,5995,4659,3732,3298,3816,3764,3382,3345,3476,3438,3242,3116,-29.8288,-32.5701,8.6014,47.5473
3852,3358,3427,3206,3098,3891,3933,3529,3270,5200,5415,4218,3558,7916,9624,5043,3757,26.4223,-12.3804,8.84097,48.2953
3853,3445,3623,3964,3797,3708,4500,6039,4733,3720,5058,7959,5336,3657,3929,4624,4251,3.85825,7.67578,8.98493,48.2287
3854,3451,3758,4040,3872,3687,4741,6275,4695,3723,5192,7457,5185,3626,4031,4571,4262,2.67481,6.60331,8.90206,48.3773
3855,4130,4892,5011,4119,4352,6924,6826,4307,3976,4818,4913,3844,3503,3642,3709,3531,-7.39413,-0.154205,8.91641,48.3313
3856,3109,3188,3410,3348,3253,3538,3826,3777,3586,4123,5293,5346,3563,4714,9188,8849,28.5098,14.5197,8.81666,48.074
3857,4037,3846,3458,3155,6143,4600,3710,3352,9696,5594,3867,3280,5962,4650,3728,3267,6.30267,-25.0082,8.54469,48.23
3858,3116,3354,3415,3452,3188,3442,3748,3937,3266,3794,4863,6107,3266,3781,6040,12544,33.9621,28.0027,8.71216,47.542
3859,3195,3397,3344,3200,3598,3866,3742,3474,4419,5456,4990,4002,5075,8657,7256,4494,24.2613,-2.45103,8.52967,48.11
3860,3408,3584,3496,3169,3885,4466,4088,3654,4875,7502,5569,3980,4780,6348,5190,4076,12.7272,-4.44187,8.64179,48.0467
3861,3303,3367,3405,3310,3720,4098,3793,3621,4562,6378,5734,4110,4945,7480,6396,4266,17.6325,-2.40848,8.92296,48.3253
3862,3638,4552,6038,4833,3755,5014,8074,5651,3589,3898,4829,4217,3235,3514,3701,3570,-10.2802,8.08566,8.87578,48.072
3863,3218,3296,3377,3280,3338,3729,3899,3633,3870,4575,5087,4601,4052,6185,9930,5837,33.0019,6.15367,8.86583,47.938
3864,3907,4587,4802,4005,4143,6395,6932,4466,3983,4903,5259,4025,3486,3805,3783,3681,-5.09389,1.40505,8.52029,48.108
3865,3218,3472,3820,3797,3395,3912,4866,5064,3502,4263,7344,7420,3485,4074,5205,5607,8.18046,15.3059,8.78542,48.296
3866,8508,5445,3845,3281,9272,5362,3928,3339,4779,4121,3579,3248,3673,3519,3284,3203,-14.0303,-25.3099,8.96578,48.2573
3867,3393,3346,3193,3171,3913,3833,3453,3345,6391,4786,3717,3319,12263,6031,4005,3408,24.5887,-33.5645,8.87284,47.7113
3868,3339,3549,4217,4864,3353,3795,4900,8439,3351,3717,4837,8056,3224,3545,4122,4644,-0.553439,32.2613,8.71547,47.968
3869,5188,4247,3460,3281,9218,5103,3807,3327,7333,4704,3760,3326,4410,3944,3490,3292,-2.92922,-32.1256,8.76707,47.9267
3870,3355,3412,3234,2972,3853,3769,3455,3362,5475,5424,4152,3512,8666,9148,4747,3673,25.5627,-14.2676,8.97082,48.1393
3871,3395,3403,3243,3209,3806,3743,3516,3230,5979,4568,3704,3327,12763,5883,3865,3338,29.6018,-32.0333,8.9066,47.3147
3872,3684,3608,3275,3128,5180,4297,3549,3234,9792,5450,3829,3303,7543,5093,3806,3339,11.4473,-27.3696,8.89579,48.0733
3873,6226,4638,3784,3286,9830,5140,3850,3487,5956,4616,3574,3289,4076,3746,3397,3075,-7.10998,-31.6074,8.5349,47.98
3874,3228,3501,3777,4227,3253,3705,4579,6441,3365,3689,5243,9633,3271,3657,4564,6042,5.99914,26.7556,8.75271,48.1167
3875,5507,4544,3741,3309,9093,5493,3807,3451,6667,4844,3758,3324,4337,3940,3457,3154,-3.92795,-23.0498,8.77153,48.284
3876,3312,3699,4204,4374,3353,3954,6042,6658,3454,4087,6365,6988,3296,3683,4200,4746,0.833429,16.7061,8.95074,48.2767
3877,3054,3249,3553,3573,3171,3560,4188,4713,3442,3847,5573,8883,3297,3919,5594,8431,14.2701,24.4032,8.86209,48.0313
3878,3201,3344,3522,3625,3348,3809,4566,4549,3635,4504,7268,6712,3566,4283,6403,6152,12.5744,13.6743,8.66223,48.3247
3879,3672,3524,3382,3184,4564,4031,3515,3262,8603,5428,4009,3356,8615,5618,3884,3424,15.211,-23.1775,8.7361,48.0473
3880,3970,4258,3915,3580,4612,6320,4938,3906,4729,7128,5314,3759,4128,4329,4135,3614,1.20943,-5.06147,8.85959,48.4233
3881,5278,7639,5413,3851,4999,7096,5136,3699,3885,4275,3907,3426,3384,3523,3437,3301,-16.0426,-6.19676,8.78057,48.166
3882,3248,3633,4033,4195,3365,4041,5635,5853,3444,4229,6845,7112,3382,3901,4617,4952,3.31068,15.8174,8.83913,48.3233
3883,3423,3607,3606,3440,3878,4373,4413,3788,4275,6366,7180,4479,4066,5316,5678,4387,10.8851,1.40914,8.57819,48.1833
3884,3394,4042,6492,12042,3414,3817,4826,6107,3201,3499,3701,3877,3121,3159,3453,3389,-32.2953,24.9185,8.52811,47.6893
3885,3812,3855,3721,3279,4755,5781,4358,3634,5738,7953,4824,3662,4586,4956,4021,3488,4.66596,-9.28189,8.95184,48.282
3886,3998,6199,9340,5975,3996,4642,5779,4740,3352,3650,3838,3793,3187,3338,3408,3341,-23.1707,6.40026,8.5941,48.384
3887,3442,4440,7615,7983,3500,4289,5949,6369,3303,3521,4045,4124,3056,3371,3377,3508,-19.0415,15.8292,8.85514,47.928
3888,4126,4329,3778,3520,5069,6886,4687,3753,5058,6961,4700,3668,4121,4440,3843,3415,0.223363,-8.77535,8.69726,48.236
3889,7174,4991,3703,3323,10046,5400,3828,3302,5506,4308,3533,3302,3857,3668,3249,3082,-9.6925,-27.9155,8.79496,48.1813
3890,3255,3255,3378,3346,3253,3505,3697,3991,3387,4049,5121,5730,3415,4210,7939,10123,33.8702,18.0032,8.68091,47.7693
3891,3116,3288,3584,3494,3273,3507,4089,4661,3347,3875,5207,8727,3352,3810,5402,9077,15.4207,26.5525,8.67194,47.8727
3892,3231,3450,4044,4500,3283,3723,4888,7335,3350,3764,5229,8973,3176,3700,4316,5253,2.60976,25.4267,8.78348,48.1433
3893,11817,6992,4071,3440,6127,4791,3885,3335,3997,3670,3547,3210,3474,3264,3271,3078,-29.7204,-22.9173,8.59891,47.9793
3894,3243,3356,3332,3253,3695,3913,3789,3519,4359,5479,4999,3986,5250,8863,7041,4400,24.0059,-3.26333,8.7863,48.318
3895,4972,4133,3629,3335,8375,5332,3821,3362,7586,5078,3722,3368,4618,4055,3518,3289,-1.06414,-23.7142,8.68824,48.1287
3896,3227,3351,3280,3115,3954,3771,3404,3192,5908,5015,3768,3408,11824,6966,4088,3427,32.2884,-22.0319,8.78363,47.7987
3897,4469,6196,5281,4033,4673,7413,5979,4074,3881,4510,4245,3807,3383,3551,3540,3303,-12.1193,-3.09952,8.76515,48.2253
3898,3985,3750,3446,3084,6248,4546,3706,3306,9793,5430,3769,3481,6161,4639,3627,3336,6.9676,-27.6533,8.63469,48.2047
3899,3431,4111,6168,9446,3399,3809,5391,7931,3184,3430,4010,4444,3054,3171,3467,3535,-17.1644,22.9295,8.79113,47.9873
3900,3914,3997,3592,3376,5233,5756,4069,3443,6267,7708,4576,3668,4727,4668,3861,3341,4.26283,-12.1598,8.72335,48.1307
3901,3439,3536,3269,3180,3793,3955,3836,3550,5005,6230,4653,3709,6041,8787,5562,3913,19.8556,-8.16623,8.76969,48.3053
3902,3257,3301,3335,3378,3678,3833,3713,3378,4312,5002,4681,4044,5325,9094,7339,4351,29.7864,-2.91081,8.53883,48.014
3903,11287,6695,3906,3453,6656,4978,3836,3434,4015,3846,3550,3189,3401,3454,3158,3003,-23.501,-23.4627,8.72834,47.9073
3904,3326,3783,5326,8219,3320,3733,5405,9255,3294,3509,4136,4845,3146,3186,3620,3766,-13.3109,25.7415,8.94982,47.9127
3905,3383,3379,3287,3138,3698,3798,3789,3513,4578,5715,4951,3907,5283,8711,6596,4241,22.3649,-4.00808,8.62968,47.978
3906,3635,4668,8127,7642,3520,4179,6125,6117,3215,3561,4122,4175,3133,3245,3539,3405,-19.2575,14.3883,8.72077,48.272
3907,3385,3431,3200,3084,3892,3799,3366,3198,6124,4926,3767,3333,12188,6640,3958,3484,29.3736,-24.0958,8.73578,47.85
3908,4380,6090,6053,4522,4181,6369,6727,4219,3801,4183,4236,3650,3432,3555,3532,3397,-13.5957,0.441889,8.78199,48.218
3909,3589,4072,4812,4448,3851,5131,7614,5372,3687,4444,5937,4621,3411,3662,4087,3810,-3.64203,7.90982,8.5751,48.3653
3910,3211,3549,4332,4971,3295,3829,5078,8537,3312,3781,4722,7893,3373,3555,4008,4842,-1.06859,29.5123,8.70568,48.192
3911,4672,4148,3448,3253,7775,4862,3599,3385,8719,5068,3763,3404,5038,4150,3524,3261,1.35215,-29.6243,8.63929,48.046
3912,3157,3391,3900,4130,3327,3630,4531,6328,3266,3837,5072,9713,3300,3560,4828,6170,6.28339,29.3846,8.7111,48.0933
3913,12605,6368,3895,3346,5956,4838,3739,3331,4015,3767,3398,3151,3448,3343,3252,3165,-31.6167,-25.6253,8.82963,47.7447
3914,3111,3178,3430,3400,3290,3611,4082,4247,3542,4086,6101,6809,3419,4328,7187,8362,18.1879,17.2659,8.99472,48.122
3915,6267,5101,3831,3250,9092,6139,4088,3425,5471,4554,3643,3305,3859,3699,3359,3203,-8.98219,-20.7711,8.96765,48.1907
3916,3118,3254,3442,3325,3158,3549,3901,3962,3458,3940,5356,6209,3531,4205,7656,9927,23.0841,18.8603,8.8662,47.994
3917,12100,6810,4188,3327,5997,4902,3863,3384,3897,3835,3440,3223,3389,3304,3205,2956,-29.5429,-23.0105,8.89533,47.88
3918,4093,3853,3361,3130,6100,4549,3646,3301,9387,5556,3859,3397,6091,4778,3692,3343,6.67796,-24.5955,8.50227,48.0907
3919,3273,3400,3227,3222,3677,3915,3645,3394,4894,5180,4300,3662,6850,9792,5631,3862,29.0678,-9.40554,8.5606,47.9493
3920,3394,4037,6301,9828,3347,3906,5498,7670,3189,3575,3961,4305,2983,3224,3531,3572,-18.4403,22.1882,8.95726,48.214
3921,4613,6275,5102,3868,4973,7764,5714,3954,3952,4666,4141,3671,3519,3612,3462,3323,-11.5479,-5.03514,8.65245,48.406
3922,3171,3222,3382,3281,3332,3636,3870,3760,3808,4310,5397,4927,3850,5630,9715,6934,25.6121,9.19376,8.69665,48.15
3923,3423,3457,3250,3045,3912,3976,3613,3227,5620,5658,4114,3585,8253,8630,4656,3625,22.5898,-14.2994,8.7646,48.0293
3924,3097,3194,3463,3380,3284,3426,3912,3828,3375,3966,5083,5701,3527,4530,8269,9986,27.8579,17.4932,8.65955,48.014
3925,4104,5076,4920,4068,4250,7009,6823,4250,3998,4755,4746,3883,3429,3746,3643,3388,-7.92441,-0.461511,8.55573,48.0587
3926,5346,9120,7433,4365,4267,5043,4662,3962,3625,3875,3741,3447,3275,3267,3230,3243,-30.2421,-2.84608,8.91265,47.934
3927,3389,4080,7235,11488,3366,3896,4921,6164,3297,3331,3768,3947,3108,3228,3392,3349,-26.3695,21.1327,8.99765,47.9727
3928,3396,3732,4213,4394,3442,4001,5901,6331,3525,4036,6445,6758,3294,3689,4541,4698,1.18945,16.0125,8.57126,48.264
3929,3454,3844,5329,9082,3355,3709,5097,8832,3276,3601,4114,4766,3157,3303,3462,3545,-15.105,31.513,8.65519,47.9507
3930,3358,3422,3312,3264,3648,3759,3702,3593,4352,5592,5248,4200,4811,8082,7475,4744,21.9088,-1.05689,8.70389,48.3747
3931,3891,4101,3740,3399,4773,6247,4434,3729,5254,7652,4905,3667,4348,4652,4048,3510,2.56688,-7.80788,8.97493,48.2333
3932,3322,3897,5080,5985,3338,4185,6672,8372,3356,3638,4785,5490,3216,3347,3793,3796,-8.05317,18.7026,8.74382,48.1813
3933,3427,3378,3256,3199,3848,3739,3393,3201,6048,4612,3759,3454,12756,5979,3773,3383,32.4296,-31.7737,8.97069,47.47
3934,8633,8983,4691,3578,5345,5130,3977,3543,3852,3829,3664,3225,3395,3403,3333,3126,-30.1557,-14.6015,8.76803,47.8047
3935,3813,4129,3984,3638,4289,6042,5681,4078,4153,6297,6039,4052,3813,4330,4097,3697,0.699503,-1.03587,8.76007,48.088
3936,4252,6920,9451,5524,3868,4736,5059,4472,3393,3608,3742,3688,3290,3301,3421,3327,-32.4175,4.35501,8.6808,48.0347
3937,5908,4598,3758,3267,9819,5172,3805,3392,6517,4436,3814,3169,4159,3859,3428,3183,-5.59835,-28.2373,8.79893,48.1893
3938,3316,3374,3291,3179,3510,3719,3779,3545,4184,4997,4874,4162,5021,8689,7826,4572,27.7983,-1.08165,8.64048,48.0253
3939,3470,4075,5717,6669,3435,4082,6538,7914,3364,3652,4495,4972,3128,3403,3773,3742,-11.4821,17.8321,8.70525,48.286
3940,3382,3486,3591,3429,3599,4129,4238,3878,4137,6022,7062,4737,4142,5661,6430,4690,13.6702,2.515,8.72159,48.4087
3941,3432,3458,3210,3158,3918,3790,3446,3314,5857,5027,3972,3348,11117,7312,4187,3336,32.6176,-20.8796,8.54158,47.9213
3942,3224,3322,3284,3263,3581,3657,3724,3632,4050,4955,5191,4325,4699,8065,8407,4923,25.5857,0.569606,8.73679,48.2013
3943,3742,4499,6166,5355,3781,4926,8080,5670,3415,4012,4634,4291,3193,3604,3574,3653,-11.4073,9.11795,8.75287,48.3967
3944,3543,4803,8799,8913,3546,4102,5366,5504,3210,3516,3806,3884,3066,3198,3465,3413,-26.8229,14.9518,8.68151,48.0893
3945,3147,3270,3382,3457,3248,3473,3848,4312,3380,3864,5120,7791,3324,3832,5630,10733,19.0114,31.3383,8.87897,47.874
3946,10052,5469,3907,3321,8350,5125,3749,3403,4485,4142,3594,3186,3428,3376,3323,3043,-17.2185,-28.7769,8.95053,47.9687
3947,4908,4753,3723,3303,7271,6980,4168,3548,5857,5446,3811,3455,4111,4053,3584,3290,-4.06663,-15.8614,8.9413,48.174
3948,7987,6811,4325,3440,6792,6260,4126,3514,4388,4099,3621,3292,3519,3544,3257,3155,-16.951,-17.0178,8.54874,48.0867
3949,3429,3560,3692,3450,3694,4609,4729,3846,4306,6774,7017,4431,4138,5265,5299,4281,9.43098,0.627967,8.7585,48.3467
3950,5305,9291,6975,4280,4448,5165,4788,3932,3585,3749,3706,3443,3149,3348,3409,3310,-31.9473,-3.46345,8.77906,47.922
3951,4865,8450,8207,4681,4225,4958,4961,4240,3637,3671,3703,3547,3155,3400,3284,3230,-28.5463,-0.263792,8.60887,48.1427
3952,10351,5784,3994,3311,8010,5092,3883,3393,4380,3983,3506,3186,3492,3416,3199,3051,-18.5511,-28.3002,8.90334,48.0207
3953,3279,3529,3926,4122,3338,3871,5079,5840,3500,4079,6690,8063,3378,3650,4819,5298,5.39658,18.4366,8.78866,48.3073
3954,3342,3474,3281,3231,3967,3733,3418,3315,5787,5008,3952,3356,10928,7650,4097,3290,32.2359,-19.9072,8.79041,47.886
3955,3447,3666,3696,3522,3916,4660,5172,4044,4095,6252,7509,4660,3897,4566,4947,4261,6.32624,2.73247,8.74325,48.2067
3956,3383,3801,5102,6660,3481,3882,6176,8903,3218,3567,4449,5298,3114,3395,3773,3877,-9.90137,21.2232,8.56857,48.0527
3957,5383,9182,6986,4316,4315,5142,4701,3938,3642,3798,3744,3499,3238,3396,3324,3173,-26.6943,-3.60035,8.78267,47.8513
3958,3586,4706,9019,8601,3625,4044,5219,5279,3283,3597,3909,3891,3126,3267,3422,3446,-31.8819,14.2075,8.80663,48.0133
3959,3381,3445,3255,3057,4096,3789,3451,3210,6540,4772,3683,3495,12362,5876,3977,3409,25.0211,-31.8399,8.83606,47.8653
3960,3543,3605,3498,3192,3974,4510,4157,3646,4970,7635,5677,4006,4766,6089,5209,3973,11.7655,-4.49551,8.58285,48.3
3961,3747,3634,3372,3141,4941,4408,3661,3256,8899,6198,4022,3441,7004,5541,3839,3400,11.4795,-20.543,8.98857,48.336
3962,3242,3643,4394,5088,3431,3692,5121,8962,3185,3785,4773,7364,3248,3526,4046,4509,-2.46364,30.6016,8.72008,48.006
3963,6163,10141,6148,4018,4666,5312,4497,3808,3633,3764,3601,3245,3277,3432,3332,3120,-27.384,-7.10558,8.95767,48.1047
3964,3299,3368,3670,3549,3575,4120,4596,4040,4028,5738,7749,4931,3909,5079,6197,4723,11.7181,4.94376,8.86793,48.3807
3965,3325,3429,3557,3508,3617,3944,4743,4119,3793,5213,8178,5494,3784,4692,6191,5034,11.0855,7.75684,8.95603,48.414
3966,3516,3723,4111,3656,3793,4948,6192,4360,3800,5369,7420,4767,3615,4271,4628,4171,2.81252,5.13818,8.88475,48.2267
3967,6124,4687,3740,3251,9571,5483,3863,3474,6217,4436,3695,3261,4047,3775,3422,3220,-6.5476,-25.7206,8.61626,48.1773
3968,3876,4455,4379,3841,4222,6632,6213,4212,4112,5597,5317,4015,3711,3991,4040,3567,-2.80842,-1.06928,8.935,48.12
3969,3399,3594,3624,3306,3708,4345,4209,3778,4314,6491,6568,4414,4347,5868,5954,4282,12.7197,-0.147005,8.70969,48.134
3970,3075,3361,3482,3775,3210,3549,4240,5149,3339,3732,5265,9397,3431,3820,5350,8102,12.569,29.175,8.80881,48.1847
3971,3262,3588,3298,3069,3875,4076,3661,3486,5176,6571,4614,3725,6076,8486,5342,3975,18.8905,-8.47589,8.59122,48.1867
3972,3445,3407,3354,3210,3773,3995,3714,3437,5205,6090,4479,3819,6695,8888,5302,3710,20.844,-9.74697,8.5786,48.3487
3973,4499,5207,4152,3632,5411,7964,5163,3741,4596,5475,4269,3690,3643,3814,3611,3303,-5.71569,-8.61693,8.66761,48.1133
3974,6481,4789,3759,3287,10095,5178,3778,3266,5841,4333,3670,3313,3988,3716,3368,3112,-8.0277,-28.962,8.98277,47.9827
3975,3038,3226,3251,3266,3177,3387,3766,4074,3434,3839,5034,6237,3388,4120,6824,11893,26.3608,23.1305,8.84188,47.9693
3976,10767,6475,4148,3409,7044,5046,3986,3429,4153,3865,3433,3230,3444,3353,3168,3149,-20.953,-22.619,8.91889,48.066
3977,5059,7958,6357,4191,4542,6150,5353,3997,3727,3988,3928,3515,3334,3373,3315,3258,-19.0178,-3.31395,8.65873,48.03
3978,4251,4570,4437,3837,4499,7159,6146,4037,4254,5467,4993,3841,3635,3889,3867,3490,-3.68595,-2.06437,8.87224,48.248
3979,3410,3998,4949,4657,3631,4627,7762,5951,3565,4199,5773,5019,3316,3664,3919,3922,-4.78539,10.9081,8.75407,48.2413
3980,3561,3824,3550,3372,4105,4913,4359,3674,5035,7783,5815,3966,4476,5369,4594,3818,8.31765,-5.00125,8.52094,48.1427
3981,5635,8891,6324,4138,4589,5911,4894,3895,3684,3804,3755,3618,3401,3287,3304,3204,-21.7847,-5.27413,8.50368,48.2227
3982,5982,9034,5791,3973,4896,6114,4765,3793,3750,3937,3694,3494,3407,3366,3324,3194,-20.6537,-7.24323,8.85572,48.3427
3983,9935,6833,4184,3450,6896,5468,3958,3567,4191,3804,3466,3261,3510,3392,3163,3163,-20.351,-20.4417,8.64061,48.1607
3984,3909,4825,5844,4663,3965,5758,7787,4971,3579,4116,4787,4136,3384,3509,3713,3510,-10.1286,5.36513,8.70613,48.304
3985,3078,3258,3612,3594,3234,3730,4108,4985,3365,3840,5270,9473,3345,3751,5086,7956,12.3029,32.037,8.89054,47.79
3986,5314,4959,3898,3430,7419,7184,4265,3431,5322,5099,3812,3416,4059,3896,3357,3285,-6.3879,-16.0443,8.95251,48.0973
3987,3383,3331,3157,3152,3819,3729,3533,3201,5987,4817,3830,3355,12518,6355,3951,3432,30.3278,-26.3618,8.57157,47.7
3988,6073,4557,3720,3282,10076,5296,3742,3372,6328,4552,3653,3324,4005,3803,3363,3223,-6.34774,-30.2273,8.95204,48.246
3989,4297,6144,7949,5227,3987,5351,6289,4621,3545,3798,4007,3716,3291,3329,3399,3374,-18.6404,3.96285,8.61995,48.216
3990,3401,3995,5573,9876,3430,3915,5100,8041,3218,3574,4035,4457,3193,3369,3334,3468,-17.3482,33.4325,8.60059,47.986
3991,3080,3310,3452,3408,3191,3416,3789,3819,3485,4053,5116,5416,3576,4586,8967,9030,29.2181,15.1828,8.73262,47.796
3992,3357,3523,3963,3856,3468,3905,5549,4979,3621,4448,7888,6421,3568,3928,5079,4859,6.01436,12.2912,8.97516,48.2747
3993,10699,7510,4321,3444,5785,5080,3989,3420,3921,3744,3422,3259,3430,3420,3294,3101,-31.4689,-19.2818,8.545,47.8927
3994,3395,3391,3143,3033,3921,3828,3434,3230,5524,5247,3846,3503,9627,8503,4501,3444,27.5665,-16.4666,8.89164,47.7133
3995,3130,3358,3818,3998,3359,3531,4524,5880,3340,3791,5363,9723,3360,3760,4803,6366,7.70069,25.7889,8.79229,48.0693
3996,3206,3487,3739,3747,3418,3709,4691,4614,3544,4422,7596,7015,3506,4171,5646,5602,9.61224,14.2522,8.94631,48.0753
3997,3368,3397,3203,3047,3892,3783,3605,3387,5344,5520,4115,3474,8539,9091,4844,3594,25.4423,-13.9754,8.74685,48.1353
3998,3493,4050,5453,5543,3511,4329,7522,6875,3508,3808,4915,4753,3262,3409,3853,3853,-8.52657,13.7631,8.6183,48.0913
3999,3240,3759,4829,6391,3429,3764,5492,9721,3354,3612,4519,5733,3207,3423,3843,3818,-8.62962,24.5212,8.61976,48.0893
4000,3256,3287,3366,3169,3488,3804,3855,3596,4022,4880,5448,4266,4511,7104,9006,5249,23.9413,3.19946,8.95464,48.2047
4001,3489,3330,3365,3132,3839,3935,3463,3234,5208,5678,4325,3496,7391,9358,5333,3850,23.6867,-11.3009,8.85531,48.284
4002,3889,5699,10055,6549,3730,4302,5221,4828,3522,3566,3893,3658,3134,3273,3443,3345,-29.9273,8.38174,8.75237,48.0713
4003,3397,3663,4453,4508,3429,4178,6714,6320,3443,3991,6273,6072,3276,3681,4295,4358,-1.08568,14.5259,8.64593,48.034
4004,4999,8115,6981,4353,4366,5751,5337,4098,3630,3877,3796,3594,3391,3358,3358,3296,-20.343,-2.14269,8.81683,48.2
4005,3855,3947,3609,3268,5052,5697,4149,3479,6185,7869,4516,3493,4617,4966,4034,3532,4.88693,-11.7402,8.8349,48.1787
4006,4182,6391,9186,5642,3817,4848,5862,4551,3420,3702,3778,3679,3121,3372,3496,3291,-21.9776,5.17079,8.99753,48.2253
4007,3391,4136,6093,8490,3508,3955,5838,7763,3317,3627,4130,4449,3146,3201,3523,3527,-16.2336,20.5826,8.6544,48.0627
4008,3387,3856,6242,12116,3389,3799,4800,6513,3201,3479,3634,4052,3217,3256,3284,3444,-25.6002,27.3149,8.54989,47.7793
4009,3449,3785,5116,6282,3464,4094,6296,9009,3292,3745,4558,5469,3212,3322,3684,3873,-8.6973,20.17,8.98701,48.4333
4010,5386,7326,5194,3904,5091,7063,5008,3901,3948,4328,3913,3447,3433,3495,3372,3344,-15.7002,-6.78134,8.53192,48.102
4011,3207,3355,3228,3210,3690,3794,3653,3496,4594,5190,4534,3843,6037,9678,6380,4125,28.8812,-6.17063,8.58418,48.0093
4012,3372,3326,3206,3129,4169,3820,3483,3206,7431,4930,3867,3320,11151,5763,3985,3388,20.4445,-33.434,8.85801,47.6973
4013,11061,6709,4077,3504,6533,5194,3839,3308,4124,3879,3486,3167,3422,3445,3267,3093,-22.661,-22.5574,8.72292,48.072
4014,5417,5824,4214,3557,6744,7846,4470,3546,4591,4769,3836,3519,3689,3845,3438,3252,-9.62506,-12.6338,8.69046,48.3713
4015,3616,4204,5517,4876,3683,4591,8232,6036,3410,4089,5214,4604,3256,3524,3742,3701,-7.93568,10.2992,8.93079,48.1967
4016,3529,3416,3259,3048,4282,4016,3587,3263,7476,5673,4077,3403,9010,6589,4059,3395,18.2019,-20.4158,8.52696,48.0547
4017,3265,3410,3351,3207,3675,3804,3687,3423,4342,5168,4568,3873,5650,9633,6903,4287,27.1833,-4.6175,8.8429,48.164
4018,3351,3446,3271,3210,3809,3741,3671,3365,4842,5233,4326,3690,6842,10002,5427,3788,33.2923,-9.79042,8.78419,48.0093
4019,6038,4809,3718,3356,9252,6006,4013,3367,5795,4654,3667,3320,4052,3771,3366,3195,-7.17934,-22.2037,8.76385,48.2527
4020,4959,4266,3547,3318,8684,5031,3747,3269,7838,4808,3754,3344,4380,3995,3461,3221,-1.38179,-32.2944,8.92607,47.748
4021,8736,5557,3785,3370,8751,5416,3867,3377,4715,4154,3644,3186,3688,3447,3383,3130,-14.4418,-27.6444,8.58405,48.1373
4022,7492,9846,5217,3756,5005,5421,4220,3665,3816,3816,3625,3337,3367,3437,3296,2967,-26.7492,-11.1397,8.88718,48.1887
4023,3065,3105,3368,3354,3286,3325,3745,3914,3517,3800,4798,5984,3521,4161,7336,11672,28.064,21.7023,8.88485,47.9673
4024,5845,4589,3700,3276,9710,5328,3861,3339,6338,4617,3703,3371,4029,3918,3420,3120,-5.91824,-32.8613,8.68425,48.1093
4025,3980,4266,3837,3461,5095,6877,4751,3577,5101,7087,4817,3719,4197,4466,3896,3490,0.424285,-8.52059,8.6766,48.4113
4026,3294,3466,3557,3483,3519,4106,4454,4118,3882,5424,7703,5052,3989,4931,6320,4866,12.1011,6.10805,8.631,48.1093
4027,3329,3714,4791,6964,3465,3794,5296,9839,3258,3552,4203,5656,3003,3370,3716,3973,-9.2044,27.5165,8.97464,47.9487
4028,3060,3271,3522,3510,3335,3626,4108,4562,3424,3867,5320,8456,3353,4025,5570,9279,16.2057,25.0917,8.94745,48.192
4029,10683,7726,4316,3346,5820,5025,3924,3325,3836,3830,3345,3328,3461,3382,3256,3122,-28.8686,-19.1544,8.60133,47.8167
4030,3050,3248,3341,3359,3401,3367,3928,4000,3546,3963,5234,5889,3451,4470,8366,9534,24.5876,17.0904,8.87448,48.098
4031,3092,3169,3273,3416,3297,3438,3805,3864,3379,3760,4928,6399,3464,3784,6009,12475,25.2305,32.2451,8.87551,47.7013
4032,4249,4950,4840,4093,4318,6878,6760,4322,3917,4822,4685,3786,3495,3728,3732,3475,-7.51956,-0.470911,8.56635,48.0333
4033,3310,3734,4918,7002,3398,3929,5209,9888,3322,3580,4326,5537,3094,3286,3656,3795,-9.8843,30.3359,8.64611,47.9893
4034,4519,6571,5779,4214,4594,7075,6125,4171,3755,4247,4162,3745,3411,3460,3432,3234,-13.8372,-2.18238,8.84869,48.3293
4035,3154,3301,3648,3985,3316,3710,4368,5515,3421,3806,5280,9831,3387,3833,4845,6883,9.27509,30.5606,8.53224,48.1887
4036,8036,5521,4027,3256,8895,5661,3909,3485,4717,4102,3583,3349,3571,3669,3352,3092,-13.552,-23.5671,8.6792,48.15
4037,3467,3430,3181,3107,4149,3961,3426,3163,7009,5184,3841,3481,10890,6311,4032,3345,21.2231,-23.7668,8.83082,47.9847
4038,3977,4850,5724,4435,3971,6194,7861,4832,3672,4190,4633,4055,3230,3646,3654,3541,-9.76923,3.57088,8.9409,48.31
4039,3083,3346,3372,3460,3200,3366,3912,4167,3334,3692,4922,7602,3476,3910,5753,11011,19.7775,30.0404,8.79273,47.7373
4040,3186,3456,4282,5251,3346,3823,4960,9177,3292,3816,4599,7515,3228,3465,4022,4563,-2.2683,28.8856,8.69441,47.9873
4041,8428,7985,4451,3494,6009,5913,4106,3507,3965,4007,3564,3312,3399,3411,3308,3056,-20.7769,-15.4351,8.61278,47.9433
4042,3181,3141,3371,3331,3300,3596,3773,3798,3429,4055,5213,5595,3484,4538,9008,9101,31.9602,15.2744,8.83462,47.9427
4043,3742,3994,4069,3798,4186,5805,5832,4133,4174,6181,6092,4153,3886,4347,4302,3798,1.29498,-0.0513266,8.51766,48.328
4044,3570,4769,8584,8667,3462,4081,5502,5664,3212,3515,3842,3988,3054,3301,3389,3423,-23.477,15.0475,8.9515,48.0153
4045,3431,3702,3779,3656,3649,4451,5324,4274,3873,5553,7875,4975,3739,4504,5189,4437,6.62441,5.37768,8.76156,48.274
4046,3896,3836,3416,3186,5333,4582,3795,3180,8688,6400,3973,3469,6290,5123,3838,3416,9.28847,-19.9809,8.76208,48.2807
4047,6965,9762,5465,3838,4857,5313,4298,3665,3705,3764,3614,3351,3319,3409,3236,3128,-28.4616,-9.90426,8.7603,47.7927
4048,4377,7307,8504,5151,4098,5104,5615,4401,3609,3719,3883,3636,3304,3354,3333,3086,-22.3423,2.30274,8.92009,48.3207
4049,3264,3451,4074,4840,3319,3770,4918,8470,3398,3743,5003,8228,3276,3564,4058,4588,-0.421844,31.9815,8.943,47.976
4050,5938,6085,4349,3494,6989,7490,4394,3501,4609,4530,3823,3403,3713,3625,3420,3268,-11.4266,-14.1624,8.9299,48.4207
4051,3052,3257,3399,3353,3378,3704,3871,3717,3803,4540,5792,4748,4030,5958,9527,6227,23.1608,7.45521,8.95177,48.2373
4052,3112,3062,3408,3299,3216,3405,3920,3989,3368,3842,4869,6325,3427,3982,6394,12219,26.0044,25.6554,8.61776,47.8913
4053,4477,4346,3875,3225,6326,6705,4230,3417,6074,6276,4155,3404,4348,4301,3693,3383,-1.16026,-14.2945,8.64455,48.1567
4054,8182,6838,4153,3590,6946,6067,4033,3448,4179,4160,3545,3270,3614,3476,3292,3065,-17.3369,-17.8383,8.71042,47.9053
4055,3090,3205,3448,3448,3213,3432,3781,3941,3341,3747,4836,6337,3410,3924,6414,12314,26.1436,25.6439,8.77638,47.9207
4056,3072,3268,3507,3642,3279,3623,4225,4696,3533,3949,5993,8188,3346,4067,5840,7740,13.6423,20.2843,8.81072,47.9787
4057,3146,3340,3483,3394,3142,3396,3809,3876,3450,3840,4894,6031,3447,4111,7008,11521,28.1989,22.361,8.52476,47.9253
4058,3173,3304,3350,3295,3576,3794,3673,3374,4472,5156,4699,3815,5596,9644,7000,4085,30.1452,-4.60293,8.87268,48.004
4059,3117,3286,3379,3324,3290,3610,3795,3772,3643,4073,5341,5061,3772,4983,9521,7891,27.9798,12.2057,8.68069,47.9053
4060,3625,4684,8258,7606,3565,4268,6154,5881,3349,3582,4008,4048,3106,3207,3495,3394,-20.0165,13.6981,8.74395,48.1533
4061,4055,6406,9522,5711,3916,4651,5561,4533,3490,3547,3918,3674,3099,3348,3309,3212,-24.2481,5.38629,8.84241,47.968
4062,6791,6953,4491,3486,6479,6883,4345,3492,4300,4350,3702,3396,3467,3486,3386,3187,-15.2735,-13.9802,8.83,48.1293
4063,3121,3265,3534,3558,3318,3532,3981,4410,3413,3969,5686,7730,3419,4149,6362,8927,17.4487,20.8607,8.61695,48.2493
4064,3475,3919,4051,3673,3817,5104,5910,4326,3991,5743,7052,4639,3754,4269,4608,4077,2.84409,3.52736,8.56372,48.272
4065,11654,5885,3917,3429,7026,5115,3717,3423,4111,3800,3368,3255,3399,3361,3223,3094,-22.4827,-29.4561,8.71349,47.8513
4066,3365,3825,4606,4484,3516,4225,7234,6319,3453,4268,6097,5510,3329,3649,4111,4135,-2.54785,13.0761,8.65208,48.084
4067,4197,3872,3461,3206,6467,4756,3673,3392,9354,5493,3966,3274,5734,4489,3638,3412,5.03257,-24.3202,8.58086,48.256
4068,3464,3590,3494,3265,3949,4382,4066,3575,4717,7432,5898,4000,4680,6444,5371,4100,13.0227,-3.6759,8.7929,48.2847
4069,11419,5864,3945,3334,7367,4846,3745,3314,4118,3925,3419,3260,3431,3422,3213,3073,-21.4272,-29.7919,8.61348,47.7967
4070,4792,4941,4049,3551,5891,7914,4746,3630,4792,5607,4242,3493,3839,3994,3570,3372,-5.51853,-10.2371,8.95038,48.282
4071,3168,3386,3561,3700,3178,3567,4167,5340,3354,3816,5265,9718,3434,3777,4949,7371,10.7952,29.2559,8.71871,47.834
4072,3271,3437,3273,3235,3446,3702,3678,3547,4210,4924,4844,4087,4936,8649,7963,4563,31.2573,-1.01147,8.91117,47.8433
4073,3539,3413,3368,3045,4271,3926,3537,3319,7585,5250,3920,3388,10011,6053,3983,3372,18.8191,-23.798,8.85467,47.9867
4074,3981,4106,3711,3348,4826,6123,4369,3570,5647,7635,4653,3725,4390,4695,3982,3487,3.0653,-9.96943,8.72561,48.1653
4075,3312,3226,3415,3315,3428,3611,3642,3770,3729,4570,5171,4474,3999,6447,9749,6089,30.9645,6.03208,8.72183,47.9647
4076,3112,3271,3586,3456,3364,3723,3990,4041,3509,4256,6025,5983,3478,4565,7775,8077,19.7681,14.9645,8.8271,48.1407
4077,3609,4267,6950,7785,3551,4113,6372,6968,3331,3625,4028,4331,3168,3370,3471,3510,-16.6446,16.8468,8.76532,48.2993
4078,3295,3388,3279,3119,3790,3903,3599,3349,4836,5347,4234,3809,6638,9785,5793,3849,27.1121,-8.80921,8.54415,48.0087
4079,3336,3678,4262,4950,3363,3681,4980,8643,3276,3730,4941,7774,3278,3633,4202,4339,-1.53239,33.954,8.71671,48.044
4080,5345,6047,4440,3760,6223,7961,4618,3694,4407,4801,3923,3425,3663,3656,3501,3303,-10.7719,-10.9012,8.57841,48.5113
4081,3970,5421,7218,5162,3902,5251,7281,5020,3544,3936,4220,3916,3209,3547,3517,3418,-15.0224,5.88355,8.98092,48.3547
4082,4109,4827,4379,3726,4879,7648,5471,3909,4154,5689,4661,3821,3651,4059,3858,3451,-4.53541,-4.71704,8.59349,48.1947
4083,3234,3382,3887,4103,3314,3609,4634,6243,3421,3946,5411,9752,3317,3593,4585,5992,6.24812,24.4643,8.898,48.282
4084,4013,6050,9915,6461,3747,4512,5314,4645,3496,3563,3805,3801,3011,3251,3316,3178,-27.52,7.6781,8.80866,48.052
4085,3950,4698,5389,4380,4033,5893,7957,4781,3726,4305,4992,4195,3353,3629,3666,3543,-8.51924,4.16416,8.91183,48.3267
4086,7262,5051,3843,3349,9770,5178,3773,3401,5221,4261,3616,3246,3720,3605,3300,3171,-11.0516,-33.6199,8.98866,47.8447
4087,4745,6985,6116,4337,4528,6628,5888,4182,3674,4019,3939,3593,3342,3516,3509,3246,-15.7556,-1.95874,8.82161,48.1647
4088,3120,3301,3649,3709,3245,3534,4207,5186,3403,3772,5272,9745,3371,3663,5326,7764,11.9092,27.2578,8.60527,48.178
4089,3618,3397,3325,3083,4452,4031,3463,3235,8418,5280,3870,3359,9818,5428,3778,3317,16.9589,-29.6233,8.85874,47.9147
4090,3355,3903,6046,12674,3334,3713,4709,5912,3298,3422,3679,3954,3186,3253,3366,3423,-30.7087,30.3258,8.53368,47.4847
4091,3350,3491,3352,3148,3885,3997,3712,3347,5236,6582,4717,3741,6461,8335,5268,3642,19.1583,-9.47364,8.62929,48.176
4092,3128,3249,3471,3423,3320,3439,3694,3940,3401,3744,4780,6026,3368,3810,5805,12636,33.3203,29.0235,8.95681,47.4893
4093,3431,3914,5106,5208,3519,4280,7546,7087,3449,3894,5203,5227,3303,3471,3903,3917,-6.48139,14.4666,8.58926,48.3053
4094,3300,3306,3295,3120,3725,3846,3732,3374,4466,5269,5068,4084,4855,8369,7751,4558,23.4994,-1.22283,8.87107,48.0787
4095,8147,7802,4547,3647,6154,5915,4109,3519,4117,4096,3504,3257,3345,3428,3258,3062,-19.7518,-15.357,8.76539,47.938
4096,3329,3395,3274,3159,3881,3849,3495,3328,5425,5272,4021,3535,8939,8917,4583,3647,28.6344,-14.8954,8.61899,48.0327
4097,3163,3609,4383,5377,3286,3689,5078,9348,3368,3749,4621,6996,3169,3563,3982,4395,-3.60614,29.2119,8.6292,47.8507
4098,3828,4102,3671,3473,4551,6208,4575,3627,5129,7577,5179,3747,4226,4765,4075,3537,3.24103,-6.64887,8.71081,48.18
4099,6223,8964,5505,3812,4902,6259,4634,3802,3751,4002,3738,3350,3389,3482,3269,3198,-20.8692,-8.61349,8.90772,48.1867
4100,3119,3384,4082,4477,3356,3716,4826,6900,3340,3847,5225,9105,3253,3698,4409,5426,3.65422,25.1091,8.51101,48.1087
4101,4820,4232,3632,3265,7951,5466,3825,3382,7685,5231,3935,3277,4668,4282,3553,3235,-0.677929,-22.1145,8.64635,48.2927
4102,3484,3876,4190,3938,3695,4719,6754,4777,3791,4869,7168,5114,3471,3970,4509,4121,0.874918,7.2321,8.62199,48.2973
4103,4133,6313,9188,5674,3859,4787,5897,4614,3464,3720,3862,3630,3121,3356,3495,3293,-22.4473,5.53892,8.7608,48.2707
4104,5551,8989,6214,4097,4541,5856,4756,3903,3708,3906,3759,3464,3265,3377,3389,3263,-21.3412,-5.32356,8.52451,48.0253
4105,4387,5062,4147,3629,5472,7890,5116,3846,4585,5684,4335,3509,3706,3884,3601,3375,-5.11759,-7.9942,8.68378,48.152
4106,3113,3302,3342,3285,3434,3659,3853,3789,3970,4551,5358,4732,3949,6403,9760,5743,33.1429,5.77793,8.59906,48.162
4107,3890,5751,9804,6566,3746,4416,5237,4675,3368,3643,3783,3707,3110,3367,3409,3313,-31.2885,8.72343,8.75976,47.8567
4108,3433,3408,3200,3153,3933,3920,3600,3201,6043,5042,3988,3429,11323,7132,4015,3356,27.3667,-21.6214,8.73753,48.1173
4109,3326,3352,3349,3223,3747,3758,3752,3444,4527,5311,4605,3815,5767,9601,6479,4153,27.25,-5.21471,8.57868,48.1393
4110,11407,5666,3967,3403,7219,4973,3754,3339,4092,3860,3372,3237,3351,3377,3281,3074,-20.8259,-33.1011,8.99133,47.5813
4111,3206,3214,3368,3277,3290,3502,3744,4003,3407,3897,5048,5666,3437,4204,7622,10940,29.2924,20.002,8.85572,47.8833
4112,3308,4051,6711,11221,3282,3937,5043,6348,3218,3452,3761,4123,3119,3178,3355,3459,-24.3232,22.8176,8.56465,47.7107
4113,8799,6141,3980,3421,7721,5781,3939,3349,4561,4129,3576,3253,3544,3577,3162,3102,-16.5149,-20.825,8.55402,48.0233
4114,3424,3400,3224,3149,4230,3892,3513,3274,7553,5017,3824,3415,10950,5880,3934,3388,19.7576,-27.9844,8.76478,48.0447
4115,3548,3470,3269,3142,4459,4009,3537,3246,8492,5083,3836,3389,9625,5504,3995,3394,16.7019,-31.3154,8.74901,47.9987
4116,3507,4098,5487,5371,3499,4375,7705,6947,3423,3822,4818,4828,3346,3476,3889,3693,-8.3723,13.7542,8.66731,48.1893
4117,3168,3180,3411,3419,3291,3487,3900,4080,3346,4156,5594,5914,3554,4464,8111,9230,22.5984,16.8608,8.82273,48.2033
4118,4929,8042,7355,4375,4340,5500,5220,4077,3720,3993,3884,3485,3415,3378,3333,3287,-21.8641,-1.25106,8.60404,48.222
4119,12665,6199,3977,3309,6139,4771,3828,3305,3985,3829,3414,3280,3288,3374,3229,3088,-29.1118,-26.8691,8.77705,47.7867
4120,3518,4483,7928,8315,3514,4107,5957,6261,3410,3526,3932,4150,3125,3293,3425,3350,-19.724,15.5246,8.99829,48.196
4121,3596,4413,5892,5166,3746,4852,8091,5813,3534,3890,4781,4406,3243,3568,3736,3611,-10.3297,9.86618,8.66051,48.2253
4122,3555,3589,3391,3151,3924,4153,3888,3487,5024,7185,5262,3920,5180,7096,5450,4025,14.8679,-5.85253,8.62656,48.1867
4123,3370,3371,3098,3172,4034,3823,3453,3170,6551,4873,3826,3369,12001,6524,3994,3379,24.4932,-24.695,8.91564,48.0053
4124,3415,3855,5986,11669,3361,3832,4867,6871,3248,3356,3830,4105,3179,3225,3410,3427,-22.8568,28.5463,8.58202,47.7573
4125,8323,7882,4498,3471,6050,5929,4156,3571,4004,3998,3600,3290,3393,3358,3345,3098,-20.4604,-15.7625,8.50504,47.9773
4126,3376,3881,6131,12809,3275,3718,4632,5978,3202,3438,3793,3936,3213,3301,3360,3358,-31.6365,27.3921,8.87248,47.6007
4127,3322,3462,3322,3209,3707,3919,3668,3465,4674,5173,4488,3926,6201,9938,6044,3957,33.1043,-6.78573,8.93622,48.3167
4128,5631,7971,5604,3958,4942,6648,4987,3857,3854,4095,3753,3404,3378,3510,3251,3205,-17.8725,-6.58726,8.56025,48.032
4129,3232,3237,3364,3524,3277,3398,3765,3805,3406,3742,4811,5996,3417,3909,5877,12596,32.0365,30.077,8.57777,47.5707
4130,3563,4671,7852,7040,3479,4379,6512,6083,3447,3641,4175,4032,3177,3190,3449,3455,-17.7865,13.1823,8.90651,48.0967
4131,3328,3386,3300,3137,3723,3955,3758,3542,4651,5860,4829,3743,5590,8942,6248,4102,22.2461,-5.62405,8.86948,48.0627
4132,3273,3254,3386,3295,3428,3639,3800,3620,4046,4867,5169,4435,4402,6994,9285,5420,29.2672,3.59425,8.54855,48.2087
4133,4140,5240,5301,4225,4337,7014,6993,4387,3830,4544,4591,3761,3340,3723,3574,3416,-9.83857,-0.0140556,8.83094,48.2773
4134,3356,3271,3259,3285,3796,3834,3571,3352,5025,5583,4227,3602,7246,9810,5293,3824,24.9519,-10.8537,8.99539,48.2227
4135,3848,3593,3246,3112,5214,4229,3517,3261,9586,5423,3853,3313,7401,5165,3804,3384,11.3152,-26.1984,8.69267,47.966
4136,3478,4080,6776,11196,3465,3812,5057,6726,3208,3474,3832,4033,3036,3185,3399,3374,-22.4505,22.408,8.84785,48.0873
4137,3206,3488,4146,4676,3343,3822,5003,8324,3454,3771,4910,8321,3236,3452,4232,4683,-0.0583344,33.6384,8.97078,48.0447
4138,3130,3232,3394,3388,3267,3480,3849,3958,3226,3728,4763,6074,3297,3903,5937,12704,28.4919,29.4933,8.89403,47.5533
4139,6571,8097,5083,3776,5546,6478,4435,3653,3989,4138,3753,3337,3416,3482,3303,3105,-18.7704,-10.6004,8.56772,48.108
4140,3122,3289,3408,3345,3242,3521,3946,3843,3430,3952,5022,5553,3476,4344,8585,9436,32.0233,16.2493,8.90534,47.676
4141,8846,7808,4346,3584,6273,5696,4009,3450,4040,3988,3496,3367,3340,3393,3288,3073,-21.0041,-16.8382,8.74677,47.998
4142,3804,4001,3733,3261,4676,5759,4441,3602,5506,7932,5009,3841,4401,4819,4134,3625,4.36667,-8.2197,8.70953,48.3627
4143,3304,3482,3325,3147,3858,3931,3461,3346,5417,5469,4205,3533,7942,8946,4846,3624,24.2866,-13.1651,8.709,47.8907
4144,3279,3280,3352,3247,3588,3817,3718,3484,4206,4828,4799,4198,4949,8729,7694,4574,30.7507,-1.40074,8.51962,47.828
4145,3275,3444,3643,3683,3499,3913,4837,4269,3864,4988,8186,5662,3652,4554,6167,5079,10.5383,8.86182,8.75924,48.4767
4146,3148,3407,3357,3316,3383,3724,3865,3653,3983,4982,5426,4433,4514,7382,8783,5142,24.147,2.493,8.89715,48.332
4147,3579,4461,7301,7418,3539,4310,6486,6340,3365,3753,4081,4017,3063,3290,3476,3584,-17.3557,14.3658,8.63006,48.042
4148,12916,6165,3922,3453,5710,4697,3750,3409,3808,3715,3379,3289,3274,3350,3338,3182,-30.675,-33.779,8.99942,47.5713
4149,3440,3385,3192,3054,4023,3792,3470,3258,6736,4779,3847,3396,12130,6046,3847,3360,23.6644,-28.8158,8.73976,47.8367
4150,3728,5581,10097,6833,3744,4359,5257,4788,3333,3530,3712,3726,3264,3285,3315,3330,-30.2739,9.3781,8.84864,47.9213
4151,3462,3378,3232,3227,3838,3755,3494,3195,5934,4759,3780,3243,12343,6458,3861,3314,32.5463,-25.7394,8.90698,47.5153
4152,3595,3952,4039,3589,3894,5416,5585,4194,4239,6407,6500,4286,3795,4392,4479,3873,2.76867,0.491351,8.63027,48.1567
4153,11183,7310,4133,3423,5945,4977,3859,3436,3952,3878,3466,3198,3378,3349,3265,3201,-33.4737,-20.4571,8.89522,47.9687
4154,3621,3673,3379,3110,4382,4669,3822,3486,6119,7847,4480,3641,5867,6394,4428,3484,12.3391,-11.8989,8.85779,48.268
4155,3149,3339,3661,3721,3268,3624,4243,5104,3347,3870,5283,9590,3319,3675,5078,7719,11.9369,29.9396,8.56017,47.9933
4156,3875,3719,3267,3161,5560,4299,3579,3294,9864,5404,3824,3441,6962,4916,3632,3335,9.48397,-25.9535,8.82993,48.088
4157,5611,8724,5700,4129,4764,6175,4849,3894,3872,3983,3730,3343,3395,3503,3356,3141,-19.6709,-6.41234,8.80682,48.1127
4158,3652,3567,3324,3056,4422,4070,3547,3220,8204,5726,3908,3434,8916,6154,3930,3409,16.2437,-21.9105,8.98001,48.3593
4159,3323,3540,3466,3200,3864,4142,4074,3569,4739,7009,5545,4106,5063,7180,5824,4026,15.5529,-4.44724,8.69793,48.4467
4160,3370,3329,3276,3149,3872,3897,3487,3282,5450,5253,4060,3489,9101,8887,4450,3613,28.8584,-15.1906,8.9607,47.9767
4161,9553,8388,4522,3526,5818,5290,4115,3422,3908,3834,3534,3187,3291,3389,3287,3103,-25.3795,-16.8773,8.71462,48.1113
4162,5256,4312,3676,3286,9154,5189,3753,3295,7285,4689,3694,3346,4311,3957,3534,3184,-3.1294,-29.4437,8.65746,47.9473
4163,3246,3452,3275,3165,3676,3880,3738,3366,4671,6088,4716,3762,5942,9073,6147,4038,21.4345,-6.31872,8.99916,48.1567
4164,3169,3295,3386,3330,3440,3665,3756,3671,3921,4620,5355,4454,4073,6607,9511,5811,26.5124,5.30267,8.51142,48.0427
4165,3223,3514,4235,4878,3340,3771,4878,8635,3343,3626,4859,7940,3153,3521,4169,4706,-0.841488,29.3581,8.69897,47.8607
4166,3773,3712,3488,3157,4574,4772,3827,3518,6452,7768,4581,3668,5686,5946,4297,3575,10.4661,-12.5766,8.5383,48.5293
4167,3561,3956,4476,4136,3775,5076,7214,4890,3684,4715,6542,4734,3535,3837,4182,4021,-1.36019,6.81949,8.75646,48.2227
4168,3187,3483,3833,3963,3372,3835,5167,5304,3478,4320,7238,7367,3480,3981,5057,5513,7.16215,15.6101,8.61808,48.3853
4169,3345,3290,3337,3127,3874,3850,3530,3333,5278,5318,4234,3670,7893,9360,4861,3704,31.5237,-12.5889,8.56383,48.0027
4170,3335,3529,3376,3246,3691,3983,3708,3467,4549,5870,4972,3920,5184,8583,6923,4283,21.9798,-3.47643,8.64907,48.4127
4171,3428,3435,3346,3048,4126,4057,3629,3417,5859,6423,4393,3539,7042,8238,4696,3726,18.6495,-12.438,8.87814,48.268
4172,6481,9455,5657,3920,4958,5676,4313,3683,3826,3977,3675,3411,3405,3394,3266,3137,-23.9652,-8.65197,8.70151,48.156
4173,3755,5233,7855,5725,3655,4861,6964,5247,3508,3771,4244,3945,3132,3391,3397,3459,-16.7786,7.94342,8.8567,48.0947
4174,4610,7292,7429,4654,4202,5712,5812,4354,3694,3929,3962,3670,3185,3330,3358,3282,-19.3946,0.234417,8.7366,48.3167
4175,5329,9390,7323,4309,4496,4998,4693,3949,3602,3894,3634,3387,3367,3443,3240,3177,-28.999,-3.36852,8.85053,48.154
4176,3185,3289,3264,3294,3557,3683,3730,3583,4192,4945,4903,4209,4690,8200,8381,4724,31.2352,0.444346,8.64935,47.886
4177,3690,5005,9376,8140,3580,4173,5215,5167,3201,3543,3773,3881,3094,3325,3292,3399,-29.2969,12.7947,8.61119,47.9027
4178,11500,7182,4179,3423,5858,4951,3830,3480,3918,3725,3402,3198,3452,3397,3256,3151,-31.4048,-21.2064,8.92181,47.9347
4179,3351,3483,3526,3361,3539,4105,4136,3705,4218,5807,6522,4463,4330,6358,6832,4644,16.0872,1.2112,8.916,48.2533
4180,3397,4220,6986,10795,3325,3869,5160,6564,3303,3507,3848,4052,3051,3289,3343,3430,-23.0356,21.4279,8.51538,48.0927
4181,3030,3328,3462,3448,3204,3520,4001,4416,3340,3932,5199,7714,3372,4108,6146,10087,18.7884,24.1199,8.54944,48.2047
4182,12262,5958,3951,3428,6480,4729,3734,3418,4012,3894,3455,3231,3476,3338,3238,3105,-24.0632,-32.3812,8.64969,47.806
4183,3435,3871,5622,8981,3344,3848,5354,8672,3384,3625,4148,4753,3068,3237,3378,3551,-15.4437,25.3977,8.94925,48.1807
4184,4395,4073,3428,3267,7144,4941,3632,3245,9151,5398,3824,3391,5347,4485,3650,3338,3.447,-25.579,8.65027,48.4727
4185,3413,3375,3267,3056,4204,3891,3472,3247,7356,4955,3884,3402,11215,5855,3990,3318,20.5488,-27.5579,8.6043,47.9333
4186,4381,7286,9179,5241,3949,4671,5170,4334,3483,3720,3833,3579,3134,3317,3412,3317,-27.0885,2.85894,8.94489,48.004
4187,3322,3902,5398,7726,3486,3898,5639,8915,3218,3635,4361,5026,3100,3385,3628,3703,-12.5418,22.993,8.62723,48.228
4188,3210,3612,4020,4245,3419,3841,5174,6301,3530,3981,6379,8080,3317,3613,4624,5095,3.66633,18.9555,8.91607,48.294
4189,6467,4809,3787,3349,9966,5306,3868,3304,5974,4571,3731,3231,4003,3829,3306,3118,-8.03336,-28.0381,8.70707,48.4127
4190,5771,6563,4542,3691,6311,7710,4634,3655,4399,4511,3733,3451,3642,3562,3377,3209,-12.5489,-11.7288,8.80952,48.5073
4191,3432,3909,4459,4450,3522,4528,7093,5592,3504,4323,6408,5312,3439,3739,4178,4222,-1.46847,10.7491,8.51974,48.0733
4192,3404,3846,4997,5614,3485,4113,6620,8209,3350,3763,4924,5610,3137,3555,3807,4128,-6.51818,18.2482,8.54847,48.3747
4193,4165,6908,9670,5758,3843,4498,4999,4492,3412,3697,3809,3503,3205,3345,3446,3263,-31,4.86112,8.6544,48.0087
4194,3731,3546,3313,3155,5258,4217,3574,3286,9682,5209,3830,3391,7513,5038,3765,3373,11.1488,-30.861,8.58199,47.9207
4195,3098,3337,3494,3298,3485,3607,3725,3767,3950,4653,5155,4529,4130,6384,9608,5804,30.5305,5.56947,8.59869,48.016
4196,7137,5680,4010,3404,8154,6560,4016,3432,4705,4496,3580,3361,3784,3532,3387,2996,-12.2594,-18.7168,8.82523,48.156
4197,4851,5261,4054,3488,6348,7744,4612,3704,5010,5316,4000,3465,3847,4000,3512,3267,-6.33659,-11.9112,8.54526,48.3193
4198,3490,3882,4132,3775,3719,4996,6150,4481,3943,5483,7175,4720,3673,4057,4437,3998,2.12876,4.87897,8.84748,48.074
4199,3138,3345,3392,3373,3391,3690,4079,3843,3707,4576,6606,5430,3760,5186,8622,6212,18.848,9.15266,8.94479,48.2333
4200,3144,3367,3378,3312,3594,3805,3997,3741,4116,5116,5951,4459,4223,6731,8366,5197,20.8258,3.42526,8.91016,48.3313
4201,4178,3836,3446,3160,6196,4672,3721,3308,9146,5986,3820,3426,5806,4738,3727,3338,6.12445,-21.8101,8.83046,48.336
4202,3318,3945,5416,9034,3361,3824,5166,8983,3210,3570,4112,4488,3151,3320,3442,3619,-15.0121,33.9428,8.93585,47.9727
4203,3320,3563,3718,3646,3494,4150,5179,4207,3802,5018,8219,5380,3712,4423,5728,4697,8.74945,7.67796,8.60939,48.1707
4204,3475,3939,6271,11804,3428,3698,4968,6415,3133,3554,3852,4146,3125,3201,3413,3385,-24.8664,25.9286,8.58971,47.8713
4205,3412,3406,3238,3130,4063,3706,3420,3365,6156,4744,3646,3301,12433,6237,3954,3374,30.084,-28.6986,8.52562,47.7233
4206,3289,3414,3553,3331,3713,4180,4056,3683,4449,6436,5929,4082,4715,6864,6364,4314,16.6432,-1.66153,8.52321,48.248
4207,2953,3165,3558,3432,3215,3481,4050,4154,3393,4140,5703,6649,3420,4330,7655,8885,20.0342,17.507,8.9834,48.122
4208,3310,3529,4230,4624,3475,3880,5729,7099,3401,3903,5801,7286,3308,3670,4363,4663,0.469651,19.3469,8.51254,48.1807
4209,3147,3276,3454,3395,3270,3476,4004,3967,3505,4002,5467,6108,3516,4321,7795,9414,22.7995,17.3553,8.73684,48.078
4210,3117,3298,3352,3360,3352,3604,3793,3806,3666,4234,5307,4799,3750,5288,9739,7313,29.3339,10.2609,8.82144,47.852
4211,3268,3338,3189,3091,3735,3836,3489,3289,5521,5280,4011,3503,9385,8909,4569,3645,28.067,-15.5472,8.97864,48.0387
4212,3459,3648,3837,3716,3631,4341,5487,4332,3753,5211,8027,5287,3745,4187,5112,4415,5.98834,6.95752,8.61501,48.1253
4213,3484,3737,4933,7511,3333,3809,5210,9641,3239,3688,4230,5291,3096,3398,3552,3792,-11.1359,29.3804,8.63523,47.9627
4214,4471,7562,8947,5303,4021,4819,5133,4353,3486,3755,3824,3629,3197,3451,3251,3223,-28.4788,2.34237,8.75529,48.2833
4215,3279,3880,5505,8149,3456,3970,5446,9041,3269,3560,4143,4938,3093,3157,3563,3621,-13.7343,24.1207,8.89292,48.0467
4216,3153,3324,3512,3533,3259,3647,4114,4740,3369,3915,5518,8746,3361,3879,5755,8664,14.6595,23.6468,8.88949,48.326
4217,7795,9281,4942,3734,5149,5240,4268,3597,3840,3867,3528,3371,3366,3290,3269,3115,-31.6638,-12.3023,8.50085,47.768
4218,3658,4891,9369,8040,3550,4256,5528,5161,3413,3508,3818,3849,3012,3215,3425,3338,-25.8588,12.7028,8.85889,48.0207
4219,3411,3436,3295,3129,3765,3773,3617,3252,5185,5486,4207,3571,7653,9385,4969,3746,25.5821,-12.0709,8.80153,47.92
4220,3285,3560,3588,3452,3532,4058,4575,3897,4063,5550,7961,4947,4011,5027,6147,4660,11.5094,4.96559,8.97759,48.2087
4221,4615,6101,5292,3993,4642,7475,5871,4186,4013,4472,4185,3662,3450,3562,3438,3452,-12.3038,-3.41433,8.69425,48.2727
4222,9528,7860,4388,3442,5809,5433,4049,3428,3944,3897,3613,3187,3465,3513,3191,3106,-24.204,-17.6771,8.65209,47.902
4223,7072,9537,5375,3792,5162,5803,4386,3601,3719,3839,3577,3314,3396,3420,3210,3133,-24.0603,-10.3267,8.75806,48.224
4224,3366,3551,3470,3270,3790,4306,4084,3653,4625,6927,6229,4193,4535,6349,5820,4254,13.7212,-1.41097,8.8469,48.2813
4225,3140,3350,3718,3618,3482,3925,4784,4361,3735,4675,8076,6010,3636,4389,6019,5328,10.5503,10.4501,8.73663,48.164
4226,4837,4318,3578,3214,7755,5655,3864,3443,7431,5466,3875,3450,4612,4126,3437,3303,-1.08799,-20.5676,8.81259,48.2427
4227,3401,3327,3063,3097,4047,3842,3422,3122,6966,4954,3870,3264,11955,6334,3945,3406,23.2121,-26.2516,8.98973,48.01
4228,3620,3804,3669,3414,4131,5141,4516,3700,4719,7985,5963,3989,4333,5210,4592,3743,7.35886,-3.91092,8.99154,48.3527
4229,3300,3551,3912,4013,3447,4098,5474,5198,3595,4408,7495,6703,3467,4016,4917,4881,5.12415,13.2964,8.56,48.3167
4230,3545,3457,3307,3010,4270,4124,3640,3227,7610,5383,3916,3510,9244,6359,4107,3373,17.672,-21.2473,8.6989,48.0547
4231,3387,3934,5966,11616,3388,3806,4878,6841,3283,3517,3879,4126,3117,3154,3448,3306,-22.8073,29.9681,8.50114,47.764
4232,4685,7985,7688,4670,4119,5405,5300,4181,3559,3849,3712,3660,3163,3425,3508,3171,-22.2718,-0.516253,8.96678,48.0533
4233,3385,4219,7847,10656,3419,3995,5150,5703,3214,3543,3824,3790,3103,3366,3353,3396,-32.6764,18.8259,8.71821,47.9753
4234,3059,3360,3316,3339,3244,3471,3755,3879,3375,3779,4706,6161,3348,3894,6130,12650,29.1687,27.378,8.69974,47.644
4235,3226,3260,3287,3315,3200,3406,3956,4042,3337,3730,4873,6750,3382,3938,5917,12060,22.9996,27.4606,8.9309,47.786
4236,3543,3412,3298,3152,4213,3913,3468,3286,7713,5119,3803,3407,10530,5762,3899,3377,19.259,-31.1241,8.61682,47.93
4237,3097,3226,3625,3619,3260,3661,4149,4652,3383,4008,5764,8627,3337,3998,5781,8088,14.2037,21.3162,8.93048,48.1833
4238,3300,3766,4741,6677,3391,3739,5510,9934,3216,3595,4374,5834,3171,3373,3766,3885,-8.49058,26.0419,8.94316,48.1813
4239,3287,3519,4402,5164,3436,3842,4998,8758,3405,3818,4872,7402,3225,3553,4072,4446,-2.32423,33.4255,8.75535,48.1327
4240,6159,9719,6326,4063,4586,5077,4439,3795,3613,3607,3678,3439,3265,3378,3415,3182,-30.4393,-6.00173,8.86862,47.8273
4241,3308,3389,3276,3136,3729,3765,3632,3351,4878,5312,4302,3714,6939,9930,5445,3883,29.7149,-9.89611,8.81058,47.9927
4242,3091,3329,3544,3527,3381,3724,4268,4361,3513,4227,6588,6520,3531,4423,7047,7427,16.2709,15.1766,8.9278,48.334
4243,3239,3476,3790,3619,3561,4013,4896,4314,3728,4929,8104,5952,3548,4416,5748,4956,9.17212,9.48252,8.77164,48.1927
4244,6867,5272,3903,3360,9172,5881,3907,3479,5229,4535,3673,3271,3840,3688,3391,3092,-10.7131,-21.5051,8.5557,48.3733
4245,6178,4681,3837,3315,9692,5028,3834,3295,6210,4521,3711,3323,3982,3686,3299,3132,-6.9283,-30.2058,8.53643,47.816
4246,3728,3673,3423,3259,4444,4874,3892,3428,6349,7853,4487,3579,5325,5880,4291,3661,9.7259,-11.8521,8.64196,48.0973
4247,3485,4487,7584,8614,3509,4073,5947,6535,3256,3496,4030,4225,3199,3215,3367,3372,-19.2622,17.0047,8.8577,48.2627
4248,10027,5519,3853,3401,8263,5060,3748,3392,4412,4001,3383,3242,3537,3458,3228,3158,-17.5036,-31.3521,8.98121,47.788
4249,3434,3377,3178,3144,4147,3863,3485,3234,7378,4943,3922,3340,11197,5787,3915,3342,20.4398,-31.8148,8.66892,47.7907
4250,4414,3947,3453,3212,6777,4944,3728,3301,8804,5830,3909,3404,5204,4390,3679,3253,3.56716,-22.1717,8.73726,48.166
4251,3912,4311,3980,3580,4788,6515,5359,3882,4619,6902,5273,3770,3907,4339,4043,3641,0.570989,-4.00145,8.58651,48.5473
4252,3124,3201,3334,3358,3291,3501,3902,4077,3443,3738,4944,7005,3417,4001,5728,11748,22.0531,33.154,8.88275,47.8747
4253,3263,3856,6160,12734,3277,3734,4741,6008,3307,3530,3828,3949,3109,3212,3351,3367,-32.0967,28.0292,8.78961,47.6173
4254,8242,7646,4517,3562,6345,5978,4133,3461,4210,4191,3590,3224,3336,3402,3264,3046,-19.3756,-16.0172,8.76631,48.098
4255,6003,6359,4467,3574,6292,7500,4666,3531,4356,4582,3798,3457,3586,3645,3424,3144,-12.9578,-12.5932,8.85156,48.256
4256,11364,7289,4187,3397,5803,4829,3881,3477,3976,3869,3540,3300,3394,3374,3250,3001,-30.3427,-21.3735,8.50036,47.954
4257,3315,3452,3189,3137,4005,3828,3613,3340,6064,5368,3997,3397,9878,7739,4303,3457,23.632,-18.2135,8.78261,48.0547
4258,3013,3282,3399,3423,3195,3427,3881,4039,3381,3872,4717,6100,3412,3817,6563,12355,28.6523,25.4634,8.54411,47.9173
4259,3244,3578,4196,4634,3405,3830,5534,7420,3463,3866,5489,7571,3347,3616,4326,4874,0.364391,20.8156,8.59062,48.262
4260,4061,3873,3423,3167,6571,4619,3698,3394,9757,5337,3685,3384,5868,4493,3678,3231,5.37146,-27.8949,8.95092,48.1593
4261,3022,3336,3446,3492,3288,3552,4081,4482,3388,3851,5153,8207,3441,3938,5645,9692,16.9856,33.0302,8.54422,48.0093
4262,3388,4121,5383,5417,3491,4473,7609,7017,3313,3674,4885,4807,3183,3516,3838,3730,-8.45226,14.0661,8.70369,47.8967
4263,3493,3515,3325,3096,4173,4153,3626,3337,6320,6606,4390,3726,6828,7375,4658,3608,16.7723,-13.2875,8.63505,48.1527
4264,7733,5182,3742,3373,9503,5212,3808,3402,4905,4202,3556,3295,3684,3697,3346,3151,-12.6544,-33.6614,8.51404,47.8607
4265,7590,5106,3738,3290,9550,5314,3879,3302,5145,4271,3536,3319,3812,3565,3392,3154,-11.7282,-27.6058,8.66912,47.9753
4266,11815,5949,3877,3369,7177,4805,3821,3404,4130,3856,3442,3139,3362,3367,3190,3136,-21.9335,-28.5328,8.95527,47.8927
4267,3831,3749,3466,3134,5170,4330,3680,3208,9125,5837,3968,3524,7066,5422,3775,3458,10.7062,-22.614,8.56146,48.4953
4268,3314,3366,3314,3269,3608,3935,3889,3570,4371,5988,5436,4084,4994,7930,6815,4458,19.5367,-2.1745,8.5111,48.2273
4269,7015,9963,5477,3709,4909,5162,4211,3724,3826,3856,3649,3403,3376,3357,3356,3148,-30.4179,-9.98325,8.62821,48.094
4270,3359,3833,5313,7801,3451,3908,5282,9356,3247,3458,4159,4926,3236,3244,3525,3608,-12.5958,33.8305,8.61545,47.804
4271,3353,3797,4847,5510,3385,3988,6182,8404,3294,3767,4934,5966,3237,3492,3945,4122,-5.91501,19.6561,8.5114,48.1487
4272,3547,4179,6307,7248,3483,4251,6536,7338,3415,3667,4114,4500,3099,3364,3435,3595,-14.3923,17.1784,8.57302,48.052
4273,6754,4869,3694,3375,9901,5408,3874,3380,5502,4308,3532,3283,3906,3714,3316,3228,-9.38215,-26.4675,8.77525,48.0293
4274,3436,3826,5982,11751,3412,3828,4899,6840,3261,3498,3819,4118,3081,3166,3441,3434,-22.6478,29.3161,8.85786,47.8613
4275,11751,5955,3926,3419,6939,4871,3743,3289,4139,3791,3560,3158,3365,3356,3193,3208,-22.3477,-30.6429,8.59288,47.7753
4276,3138,3267,3388,3252,3338,3595,3813,3799,3763,4248,5506,4710,3919,5768,9968,6482,25.78,8.59302,8.84817,47.9693
4277,4323,6758,8588,5227,4080,5074,5703,4405,3559,3861,3936,3707,3160,3342,3450,3289,-21.541,3.55984,8.83687,48.308
4278,3267,3518,4176,4624,3313,3770,5112,7525,3460,3971,5433,8202,3191,3574,4298,4794,0.775132,22.3932,8.65803,48.152
4279,12107,6114,3968,3223,6536,4996,3729,3278,4051,3776,3448,3187,3359,3339,3211,3079,-23.6669,-32.7665,8.94444,47.6007
4280,6858,8404,5119,3807,5451,6355,4570,3676,3938,3934,3721,3302,3434,3483,3359,3109,-19.3345,-11.3065,8.63822,48.3467
4281,4866,4355,3557,3282,8063,5554,3854,3394,7422,5304,3798,3374,4590,4158,3532,3271,-1.09349,-21.6953,8.62138,48.2493
4282,3269,3282,3347,3290,3499,3686,3712,3648,3912,4796,5080,4355,4347,7289,9263,5232,32.2482,2.87767,8.92345,48.0047
4283,6332,4957,3765,3367,9533,5661,3770,3361,5730,4445,3576,3259,3953,3774,3404,3141,-8.56654,-24.8598,8.51072,48.0187
4284,9140,6662,4113,3447,7275,5701,4049,3441,4235,3968,3579,3210,3484,3512,3242,3017,-18.5572,-20.0277,8.68497,48.05
4285,4166,5010,4596,3845,4574,7412,6357,4166,3991,5229,4764,3874,3557,3729,3613,3475,-6.54741,-2.43871,8.54048,48.2387
4286,3129,3294,3337,3451,3178,3526,3969,4447,3262,3723,4977,8030,3350,3903,5894,10355,18.7044,26.7346,8.98492,47.8833
4287,3617,3566,3304,3100,4650,3982,3584,3255,8730,5562,3923,3277,8520,5819,3957,3346,14.9791,-23.4672,8.90165,48.128
4288,3272,3320,3369,3377,3560,3696,3761,3575,4103,4821,5028,4364,4370,7561,9086,4955,33.6705,1.89766,8.8841,48.1453
4289,3137,3437,3481,3505,3278,3551,3951,4317,3374,3751,5067,8381,3420,3899,5535,9707,16.7537,29.6382,8.72637,47.8607
4290,3396,4158,7227,10856,3395,3835,5032,6361,3286,3475,3889,4004,3006,3282,3398,3422,-23.8871,20.9407,8.8495,48.0147
4291,5492,4610,3637,3214,9084,5580,3962,3363,6455,4860,3692,3410,4150,3907,3507,3203,-4.89247,-23.1793,8.78108,48.084
4292,6465,8758,5277,3800,5264,6279,4416,3573,3862,4086,3729,3370,3289,3422,3320,3196,-20.2716,-9.80775,8.76356,48.0707
4293,3372,4020,6818,11039,3317,3918,5156,6425,3111,3519,3958,4089,3004,3161,3454,3545,-23.843,21.9882,8.70891,47.9373
4294,9061,6664,4163,3564,7426,5547,4011,3362,4278,4091,3586,3243,3493,3434,3220,3088,-17.9417,-20.0807,8.74695,48.154
4295,4653,6643,6291,4402,4387,6410,6019,4250,3640,4213,4020,3690,3354,3542,3457,3271,-15.5464,-0.972144,8.62586,48.1613
4296,3240,3322,3438,3214,3507,3782,3747,3504,4144,5008,5102,4166,4785,8200,8172,4848,26.7529,-0.0997238,8.63776,48.1193
4297,6108,4727,3732,3327,9781,5405,3863,3360,6065,4605,3682,3350,3955,3841,3420,3118,-7.28129,-25.2958,8.89202,48.226
4298,3065,3302,3702,3692,3226,3537,4209,5206,3378,3824,5449,9683,3414,3808,5124,7369,11.1977,26.4524,8.92676,47.992
4299,3978,3718,3373,3215,5772,4478,3763,3339,10007,5133,3882,3425,6313,4603,3702,3278,7.79031,-32.8341,8.70928,47.986
4300,3369,3518,3569,3568,3420,3934,4494,4002,3904,5285,7492,5050,3923,5092,6829,5038,13.9445,6.35358,8.52584,48.3247
4301,3823,5733,10018,6854,3703,4403,5218,4733,3442,3643,3755,3721,3169,3216,3414,3253,-29.9999,8.67614,8.82824,48.0653
4302,6989,6318,4260,3410,7414,6567,4245,3541,4611,4368,3746,3309,3617,3554,3354,3212,-13.7806,-16.5008,8.76254,48.3433
4303,3241,3391,3452,3369,3614,4015,4112,3755,4054,5790,6492,4543,4364,6427,7256,4775,16.962,2.03226,8.69532,48.4333
4304,3313,3423,3364,3299,3680,3929,3774,3482,4728,6072,4973,3755,5354,8596,6390,4287,20.0001,-4.48433,8.88147,48.2793
4305,3220,3420,3132,3183,3810,3753,3445,3257,6088,4799,3744,3446,12711,5918,4012,3336,27.1539,-32.8757,8.66326,47.516
4306,4115,4016,3450,3341,6121,5169,3846,3370,8248,6313,3976,3502,5245,4639,3651,3235,4.48557,-18.7674,8.67244,48.158
4307,3644,3511,3281,3003,4703,4099,3556,3158,8515,5340,3805,3335,9095,5552,3903,3387,15.6929,-26.1881,8.6115,47.9247
4308,4118,5252,4895,4074,4380,7156,6478,4231,3982,4774,4616,3852,3551,3735,3612,3434,-8.35405,-1.57374,8.58956,48.0933
4309,9803,5553,3935,3313,7941,5097,3859,3373,4359,4064,3530,3246,3503,3485,3293,3325,-17.2811,-33.6004,8.55851,47.786
4310,3598,4008,3766,3437,4178,5544,5041,3879,4585,7097,6085,3982,4066,4624,4480,3785,4.26699,-2.51373,8.8903,48.1033
4311,4640,4431,3692,3390,6724,6345,4084,3449,6130,6106,3958,3424,4308,4229,3678,3208,-1.01033,-15.4695,8.86489,47.864
4312,3164,3572,4339,5026,3320,3793,5298,8693,3309,3786,4967,7589,3262,3521,4074,4569,-1.75485,24.996,8.79247,48.188
4313,3881,4610,5405,4503,3899,5658,7875,4986,3680,4299,4921,4178,3239,3621,3842,3554,-8.4636,5.2424,8.68748,48.1007
4314,3306,3486,3286,2989,3927,3829,3631,3252,5258,5349,4275,3645,8262,9178,4822,3753,26.761,-13.4086,8.77031,48.1653
4315,6980,6523,4237,3545,7223,6633,4235,3456,4439,4259,3767,3310,3627,3501,3330,3122,-14.462,-16.174,8.70887,48.1247
4316,4795,8201,8242,4835,4086,4972,4920,4109,3545,3842,3825,3549,3300,3337,3380,3289,-31.9549,0.231652,8.5006,48.1513
4317,3237,3455,3395,3217,3622,3825,3680,3569,4172,4949,4907,4111,4733,8331,8112,4827,28.1524,-0.0508102,8.60257,48.0947
4318,4744,6265,5389,3979,4768,7431,5729,4035,3914,4449,4073,3704,3475,3604,3522,3330,-12.6738,-3.85863,8.56108,48.274
4319,3726,4230,4477,3984,4099,5835,6894,4386,3820,5168,6002,4177,3611,3898,4051,3670,-2.42331,2.74776,8.66993,48.0187
4320,3134,3128,3354,3427,3215,3398,3764,3993,3362,3814,4778,6838,3388,3951,5908,11949,23.8697,29.476,8.68333,47.6007
4321,10832,5693,4006,3266,7510,5028,3890,3435,4232,3854,3503,3242,3416,3456,3322,3125,-19.4449,-31.2192,8.67637,47.8733
4322,4573,4697,3991,3580,5641,7652,4664,3610,4958,6162,4290,3539,3908,4095,3637,3397,-3.46843,-9.56501,8.79139,48.2627
4323,3516,3619,3666,3406,3977,4732,4340,3754,4827,7567,6221,4088,4516,5535,4920,3958,9.57331,-3.14067,8.96015,48.428
4324,3427,3473,3189,3104,4298,3974,3497,3332,7989,5060,3777,3414,10428,5739,3926,3350,18.6248,-30.4237,8.6421,47.9847
4325,4366,7008,8287,5109,4132,5218,5729,4432,3571,3769,3993,3610,3163,3380,3360,3302,-21.124,2.40331,8.93466,48.286
4326,3770,3527,3253,3120,5189,4328,3533,3326,9864,5221,3818,3426,7597,5028,3771,3205,11.4057,-29.9617,8.98151,47.984
4327,4159,5860,7491,5090,3994,5418,6808,4757,3589,3860,4198,3849,3131,3521,3474,3434,-16.6647,4.2278,8.83729,48.422
4328,3353,3442,3338,2963,3846,3905,3592,3378,5461,5855,4299,3709,7512,8916,5041,3757,22.6719,-12.32,8.85932,48.2447
4329,8846,5307,3830,3357,9132,5102,3838,3403,4695,4057,3548,3167,3668,3583,3261,3208,-14.1621,-29.7383,8.9234,48.0013
4330,3448,3435,3169,3001,4062,4006,3525,3176,6318,5309,4072,3479,9878,7478,4364,3646,22.603,-19.13,8.64628,48.244
4331,7305,8947,4890,3782,5454,6061,4408,3596,3772,3973,3614,3339,3316,3354,3216,3112,-21.2614,-12.0149,8.97878,48.0927
4332,6251,7089,4788,3806,5946,7263,4603,3717,4212,4359,3790,3429,3437,3495,3384,3174,-15.2034,-11.3545,8.76072,48.4953
4333,3409,3930,6221,12182,3285,3695,4859,6037,3163,3479,3817,4025,3132,3305,3412,3360,-32.8462,25.6898,8.74891,47.5407
4334,3363,3907,5916,12771,3302,3760,4771,6040,3272,3532,3670,3858,3165,3179,3339,3454,-29.5583,30.9711,8.9702,47.5327
4335,6581,9539,5647,4043,4937,5703,4322,3692,3740,3803,3554,3307,3343,3341,3244,3206,-24.1628,-8.72999,8.70211,48.0013
4336,3335,3895,6169,12191,3260,3761,4880,6509,3287,3523,3840,4019,3103,3241,3398,3404,-25.4067,27.3071,8.50428,47.8767
4337,3278,3825,5114,7388,3343,3924,5726,9389,3314,3528,4354,5250,3082,3322,3585,3896,-11.2567,24.302,8.67923,48.212
4338,3154,3262,3460,3446,3252,3481,3950,4271,3346,3894,5093,7268,3430,4033,6101,10868,20.1078,24.1169,8.75319,48.206
4339,3273,3594,4136,4842,3418,3762,4830,8486,3346,3715,4947,8083,3285,3555,4054,4761,-0.42951,31.1339,8.75632,48.058
4340,3366,3325,3302,3107,4147,3863,3461,3177,7166,5043,3868,3381,11014,6163,4016,3443,21.0111,-25.4068,8.76223,47.8947
4341,6074,4793,3725,3293,9535,5765,3840,3384,5885,4633,3714,3306,4086,3784,3373,3132,-7.17313,-23.333,8.71448,48.2147
4342,3514,4179,4567,4177,3735,5163,7303,4974,3726,4757,6248,4511,3412,3790,4114,3907,-2.39148,6.35422,8.87974,48.0513
4343,3406,3361,3305,3092,3970,3703,3464,3126,5957,4829,3893,3292,12148,6793,4008,3439,32.3679,-22.9036,8.896,47.8573
4344,3311,3453,3168,3118,3796,3796,3577,3261,5442,5486,4094,3509,8644,8990,4719,3747,25.9904,-14.382,8.67934,48.074
4345,3176,3341,3340,3230,3563,3654,3867,3598,4159,4934,4947,4004,4913,8631,7979,4721,31.7729,-0.73954,8.85492,48.038
4346,3920,3878,3523,3194,5922,4627,3696,3355,9003,5981,3895,3427,5977,4750,3747,3364,7.24079,-21.6374,8.6931,48.1727
4347,3497,3880,5906,12471,3529,3749,4697,5837,3326,3351,3713,3837,3161,3282,3362,3267,-32.5956,33.6881,8.81419,47.2433
4348,3739,3708,3371,3083,5277,4270,3644,3287,9492,5464,3825,3352,7509,5177,3792,3291,11.2986,-25.537,8.66116,48.1873
4349,3570,3973,6280,7885,3537,4029,6036,7820,3220,3535,4177,4467,2996,3353,3496,3563,-15.0734,19.3968,8.88413,47.958
4350,8931,5347,3692,3426,8684,5154,3896,3374,4587,4117,3602,3353,3518,3597,3242,3126,-15.1575,-32.9927,8.53554,47.764
4351,3383,3914,6065,12893,3411,3681,4826,6248,3273,3420,3749,3962,3016,3265,3340,3317,-26.7443,29.0979,8.88709,47.842
4352,3511,3512,3280,3183,4382,4124,3534,3260,7046,6198,4117,3448,8107,6718,4213,3585,16.6037,-17.5573,8.81399,48.1453
4353,3372,3638,3577,3505,3741,4404,4603,3836,4148,6248,7524,4612,4158,5070,5604,4253,9.82448,2.2621,8.61831,48.1953
4354,12668,5946,3864,3348,5892,4818,3745,3341,4017,3746,3452,3355,3370,3358,3219,3164,-33.256,-29.4844,8.52582,47.5353
4355,3815,4802,5609,4420,4078,5962,7801,4761,3663,4233,4775,4044,3354,3664,3631,3635,-9.38815,3.76544,8.64583,48.1647
4356,3374,3509,4362,4850,3352,3925,5445,8195,3308,3883,5228,7636,3201,3508,4025,4604,-1.24541,23.4142,8.80892,48.27
4357,3377,3437,3336,3280,3795,4115,3909,3507,4986,7006,4891,3737,5531,8037,5331,3873,17.0584,-7.00354,8.97395,48.0987
4358,3028,3264,3604,3474,3279,3607,3884,4292,3419,3795,5165,8243,3504,3871,5617,9949,17.1534,29.9668,8.63181,47.9967
4359,4802,4407,3561,3298,7606,6097,3949,3389,6771,5632,3904,3486,4407,4166,3564,3198,-1.6173,-18.6187,8.94362,48.158
4360,3123,3287,3397,3599,3263,3423,3894,4369,3426,3779,5092,7957,3343,3829,5734,10290,18.2844,31.1582,8.74908,47.87
4361,3504,4014,6765,11837,3312,3739,4752,6223,3273,3326,3806,4032,3141,3219,3364,3238,-26.6275,24.3313,8.67929,47.6967
4362,4945,4570,3748,3343,8006,6158,3877,3398,6607,5287,3833,3378,4383,3957,3534,3172,-2.86674,-19.3727,8.85359,48.1307
4363,4008,3999,3729,3495,4583,6247,4531,3667,5015,7680,5065,3756,4205,4680,4087,3662,2.98925,-7.12343,8.86476,48.2727
4364,3350,3556,3528,3318,3929,4365,4191,3638,4822,7377,6089,4080,4595,6157,5339,4080,11.9539,-2.93497,8.72328,48.276
4365,6665,9261,5318,3764,5244,5996,4469,3623,3925,3952,3651,3374,3340,3386,3239,3113,-21.6211,-9.74996,8.84209,48.2133
4366,3272,3306,3414,3233,3690,3702,3736,3537,4139,4879,5084,4244,4520,8004,8511,4845,33.659,0.541292,8.71682,48.0773
4367,3614,4970,9074,8144,3551,4144,5553,5402,3250,3687,3805,3871,3055,3196,3510,3393,-24.6266,13.4422,8.79753,48.146
4368,3663,4356,6046,5554,3609,4719,7766,6257,3353,3881,4530,4500,3264,3470,3448,3701,-11.3456,11.8221,8.51144,48.078
4369,4854,4104,3477,3280,8549,4914,3758,3392,8069,4983,3741,3455,4600,4167,3592,3252,-0.600384,-32.5317,8.83843,48.1247
4370,3623,4731,9077,8369,3581,4086,5343,5291,3266,3590,3833,3936,3184,3207,3345,3318,-33.45,13.628,8.60727,47.8533
4371,3413,4098,6288,9623,3357,3994,5461,7739,3238,3465,4026,4406,3163,3298,3429,3533,-17.8942,22.1092,8.83514,48.354
4372,4838,4282,3680,3184,8681,5065,3707,3463,7691,4782,3741,3354,4699,4177,3472,3272,-1.25088,-33.9068,8.92126,48.0587
4373,4765,8029,8417,5004,4125,5015,4908,4112,3458,3713,3807,3492,3161,3394,3291,3239,-27.5001,0.69643,8.87458,47.9533
4374,3154,3406,3763,4022,3245,3567,4437,5765,3418,3959,5932,9556,3321,3811,4773,6484,8.85579,23.6498,8.96708,48.4087
4375,5367,4996,3869,3426,7747,6960,4128,3506,5523,4992,3845,3412,4039,3817,3410,3277,-6.34869,-16.6717,8.75812,48.2093
4376,3489,3741,3538,3393,4067,4692,4282,3678,4832,7824,5900,3963,4554,5712,4849,3906,9.49644,-4.41618,8.96211,48.28
4377,3758,3817,3609,3372,4391,5359,4550,3775,4961,7916,5642,3940,4237,4920,4310,3773,5.53495,-5.06292,8.94875,48.22
4378,3434,3389,3278,3017,3972,3814,3398,3183,6602,4852,3855,3425,12208,6123,3940,3427,24.6424,-28.2538,8.69516,47.9447
4379,3388,3687,4893,6489,3343,3795,5131,9842,3364,3570,4324,5817,3160,3410,3761,3836,-8.31872,30.9022,8.78679,47.8733
4380,3114,3278,3382,3398,3440,3678,3904,3937,3630,4204,6092,5325,3744,5128,8961,6938,21.2832,10.9795,8.57375,48.102
4381,6796,5492,3885,3421,8496,6332,4007,3517,5080,4545,3610,3374,3726,3660,3398,3162,-10.8464,-19.5436,8.54869,48.334
4382,3742,3815,3448,3215,4792,5018,3911,3473,6629,7867,4470,3538,5224,5499,4164,3615,8.20456,-12.8193,8.6937,48.28
4383,7249,5553,3775,3350,8909,6060,3925,3392,4916,4291,3632,3335,3599,3542,3323,3125,-11.9055,-21.033,8.98684,47.984
4384,3449,3845,5520,8812,3357,3851,5511,8666,3279,3535,4186,4738,3070,3278,3534,3528,-14.9718,25.3645,8.51665,48.106
4385,3261,3333,3367,3267,3454,3712,3762,3608,3843,4771,5118,4454,4184,6652,9534,5627,33.5478,4.73316,8.80111,47.9647
4386,3092,3371,3466,3386,3297,3593,4103,3992,3472,4126,5787,5986,3620,4595,8265,8148,21.2104,14.9822,8.72049,48.1993
4387,3303,3623,3443,3281,4022,4553,3976,3484,5193,7626,5346,3844,5040,6760,5183,3912,13.3899,-6.21062,8.84928,48.3927
4388,3493,4252,7713,10376,3526,3997,5159,6052,3270,3398,3894,4076,3042,3141,3343,3358,-24.5824,18.9323,8.94092,48.06
4389,3099,3205,3357,3387,3262,3507,3932,4031,3502,4111,5407,6036,3538,4494,7899,9404,22.5351,17.0865,8.75091,48.114
4390,3202,3457,3909,4440,3487,3647,4797,7177,3443,3785,5075,9336,3294,3530,4380,5309,3.59662,29.6127,8.63804,48.1787
4391,3377,3842,5455,8756,3372,3894,5256,8737,3212,3657,4082,4603,3122,3343,3545,3579,-14.5922,31.9767,8.53323,47.888
4392,8304,9354,4918,3636,5153,5273,4220,3527,3821,3783,3596,3234,3490,3477,3233,3109,-29.2743,-13.3254,8.72613,48.0853
4393,3951,5916,9536,6315,3864,4540,5368,4805,3355,3591,3802,3685,3103,3281,3456,3272,-26.0289,7.59659,8.50421,47.8933
4394,3820,3688,3435,3225,4738,4541,3889,3346,7136,7392,4210,3591,5885,5653,4053,3506,10.3621,-14.9593,8.71394,48.072
4395,3206,3240,3357,3383,3276,3522,3752,3948,3353,3819,4846,5890,3401,4178,7184,11406,32.5127,21.0743,8.89895,47.8407
4396,3606,3562,3247,3078,4744,4161,3481,3274,9053,5280,3913,3272,8289,5347,3921,3383,13.7932,-33.2411,8.50927,47.7407
4397,6866,4886,3697,3364,9825,5465,3778,3352,5599,4178,3675,3297,3874,3771,3434,3209,-9.3782,-26.2748,8.63512,48.18
4398,3417,3382,3185,2962,4042,3801,3400,3157,6493,5052,3890,3264,11291,6865,4105,3404,24.6875,-22.1888,8.62588,47.8067
4399,5074,7713,5664,4140,4821,6808,5178,3925,3780,4114,3860,3492,3485,3391,3496,3254,-17.0469,-5.29893,8.73227,48.13
4400,3305,3281,3315,3150,3712,3848,3653,3401,4538,5259,4584,3940,5916,9911,6329,4087,28.8494,-6.18157,8.8353,48.1527
4401,3791,4477,4559,3874,4105,6384,6689,4438,4048,5272,5555,4030,3577,3836,3886,3711,-3.62095,0.909311,8.73325,48.1547
4402,3065,3212,3353,3387,3221,3474,3839,3939,3498,4016,5113,5653,3631,4561,8764,9442,27.2419,16.222,8.84348,48.112
4403,4109,5790,6819,4722,4093,5673,7036,4856,3613,4026,4292,3811,3320,3543,3465,3408,-14.7083,3.59314,8.77309,48.384
4404,3550,3419,3318,3080,4579,4289,3588,3213,7869,6031,4113,3421,7816,6086,4067,3473,14.7583,-19.147,8.8858,47.9413
4405,6460,9239,5621,3907,5032,6045,4457,3618,3890,3979,3656,3500,3230,3515,3218,3072,-21.8157,-8.84825,8.85513,48.2927
4406,3227,3266,3327,3363,3264,3578,3822,3690,3658,4351,5240,5048,3707,5326,9823,7391,27.5199,11.1045,8.83093,48.054
4407,12615,6193,3979,3488,6252,4672,3860,3301,3977,3785,3474,3324,3505,3313,3218,3086,-26.8531,-28.8385,8.7132,48.028
4408,3351,3363,3140,3262,3655,3939,3514,3369,4886,5193,4348,3800,6514,9799,5860,3984,31.2034,-8.54797,8.58979,47.9847
4409,3282,3350,3303,3117,3591,3777,3642,3390,4740,5229,4400,3666,6781,10143,5862,3900,28.9959,-8.63438,8.97683,48.1153
4410,3278,4059,6405,12353,3308,3835,4739,6093,3152,3342,3828,3899,3072,3235,3408,3438,-28.1316,25.5345,8.82518,47.6293
4411,3683,3722,3640,3336,4339,5408,4410,3571,5306,8379,5210,3855,4478,5342,4330,3716,7.12241,-7.00508,8.90199,48.4833
4412,4345,7235,9007,5321,3917,4798,5125,4590,3513,3855,3828,3526,3307,3346,3358,3360,-27.6141,3.19026,8.50932,48.2873
4413,6093,7667,4913,3722,5534,7048,4698,3668,3991,4211,3819,3461,3534,3446,3367,3202,-16.2597,-9.90605,8.66689,48.2493
4414,3212,3440,3934,4129,3321,3789,5085,5948,3382,4134,6556,8312,3358,3788,4804,5357,5.20972,18.5911,8.79788,48.366
4415,3565,3573,3210,3176,4688,3917,3464,3238,8803,5012,3803,3382,9357,5545,3864,3348,15.7425,-31.0868,8.9153,47.9633
4416,3786,3683,3512,3202,4583,4895,3831,3455,6359,7810,4620,3736,5280,5749,4173,3581,9.31425,-12.2653,8.69492,48.17
4417,8305,8644,4810,3626,5651,5456,4128,3545,3992,3929,3515,3352,3532,3349,3228,3082,-23.9597,-14.2785,8.7527,48.096
4418,3037,3438,3611,3752,3244,3590,4264,5318,3257,3853,5633,9455,3416,3761,5241,7466,11.117,24.2204,8.85268,48.224
4419,12856,6049,3944,3410,5802,4673,3763,3426,3787,3736,3480,3248,3245,3354,3172,3122,-29.3945,-32.7714,8.79613,47.378
4420,5118,8329,6795,4298,4422,5694,5199,4035,3652,3904,3815,3475,3264,3358,3329,3191,-20.9183,-2.54712,8.87208,47.9187
4421,10282,6004,3923,3301,7767,5150,3807,3474,4291,3843,3462,3194,3494,3512,3241,3055,-18.9582,-25.1919,8.95629,47.8667
4422,3585,3452,3274,3120,4243,3856,3480,3253,7453,5078,3718,3293,10893,5871,3878,3424,20.1452,-27.4003,8.65502,47.914
4423,12088,6313,4025,3420,6303,4802,3721,3408,3971,3874,3600,3281,3382,3399,3166,3084,-26.0096,-26.2783,8.50261,47.8913
4424,3160,3174,3368,3394,3164,3541,3896,3935,3532,4045,5198,5659,3593,4412,8302,9803,27.4643,17.1589,8.53044,48.1173
4425,3185,3307,3247,3182,3529,3896,3837,3527,4286,4981,5025,4095,4909,8598,8117,4677,30.0682,-0.68355,8.79326,48.2653
4426,3161,3294,3511,3350,3442,3807,3756,3613,4031,4958,5111,4332,4360,7367,8879,5046,33.869,2.13434,8.74749,48.012
4427,3173,3408,3503,3465,3348,3737,4466,4342,3655,4636,7726,6135,3713,4523,6691,5828,13.2834,11.8006,8.99244,48.2327
4428,9869,8187,4358,3587,5559,5170,3971,3432,3783,3901,3560,3298,3415,3474,3221,3013,-27.3827,-17.3747,8.67969,47.8653
4429,3756,4557,8245,8114,3580,4194,6047,6130,3257,3601,4049,4003,3083,3196,3421,3416,-20.3204,14.8894,8.95479,48.4327
4430,3308,3672,4819,6539,3340,3878,5516,9700,3273,3638,4415,5763,3115,3429,3869,3825,-8.49996,25.514,8.52371,48.066
4431,4044,3888,3441,3238,5905,5066,3854,3378,8207,6565,4084,3475,5385,4830,3761,3232,5.54969,-18.3611,8.91945,48.2353
4432,3192,3320,3721,3753,3273,3631,4366,5577,3322,3716,5359,9759,3394,3863,4925,7258,10.3782,30.5145,8.80519,48.286
4433,3430,3737,4392,4070,3528,4417,6363,5156,3573,4607,7308,5512,3536,3861,4459,4345,1.53707,10.0014,8.80543,48.196
4434,3417,3753,3857,3641,3751,4519,5724,4438,3846,5451,7853,5045,3607,4288,5084,4418,5.24279,6.02224,8.88413,48.4613
4435,5474,4793,3841,3272,8535,6214,3978,3391,6076,4824,3671,3400,4015,3969,3443,3200,-5.76093,-20.5793,8.51644,48.064
4436,6026,4577,3795,3238,9704,5139,3686,3412,6456,4534,3556,3219,4113,3913,3452,3204,-5.78757,-31.2699,8.95159,48.016
4437,3992,4842,5310,4155,4098,6335,7444,4562,3718,4542,4849,4016,3401,3779,3703,3523,-8.83777,2.14642,8.80347,48.1793
4438,4952,6400,4929,3909,5007,7938,5561,3943,3987,4437,3963,3496,3436,3683,3480,3226,-12.0865,-6.05196,8.81069,48.2313
4439,3403,3336,3240,3175,3723,3970,3727,3358,4779,5215,4510,3678,6299,9810,5693,3948,33.9816,-7.97561,8.65246,47.9093
4440,4891,4401,3776,3326,7740,6287,3915,3383,6668,5512,3909,3394,4261,4165,3515,3193,-2.68141,-18.8373,8.97413,48.224
4441,3808,3703,3317,3168,4980,4592,3638,3332,7874,6843,4095,3557,6396,5559,4099,3499,10.8696,-17.3055,8.67482,48.3067
4442,4035,6014,9582,6240,3777,4582,5552,4683,3499,3755,3707,3713,3160,3273,3335,3271,-24.843,7.60401,8.86882,48.1187
4443,3875,5063,6753,5125,3895,5231,7628,5197,3480,3999,4390,3940,3263,3451,3523,3452,-13.457,6.35978,8.98109,48.1767
4444,3456,3639,3218,3120,4307,4170,3734,3285,7248,6317,4087,3433,7673,6792,4240,3578,15.9164,-17.1131,8.90339,48.198
4445,3943,4251,4109,3587,4351,6587,5456,3946,4398,6448,5544,3994,3799,4304,4105,3631,-0.421502,-3.05361,8.59818,48.302
4446,3893,4200,4015,3690,4247,6143,5798,4106,4247,6099,5777,3950,3831,4270,4201,3698,0.498555,-1.07867,8.63118,48.11
4447,4261,6951,7963,5124,4114,5230,5880,4385,3486,3799,3888,3641,3273,3293,3391,3290,-20.5223,2.31659,8.65225,47.9793
4448,3352,3500,3392,3221,3756,3935,3915,3621,4485,6317,5505,3966,4931,7865,6394,4341,18.2156,-3.00807,8.7539,48.3307
4449,3885,3680,3335,3139,5247,4499,3557,3331,9516,5711,3872,3272,7067,5052,3837,3328,10.6904,-24.2566,8.84262,48.2187
4450,3502,3326,3200,3120,3771,3770,3496,3260,6271,4781,3816,3296,12259,6426,3918,3388,28.1834,-25.8152,8.67483,47.7333
4451,9776,6155,3985,3441,7828,5176,3910,3255,4434,4033,3521,3200,3504,3390,3380,3128,-17.6062,-23.8274,8.80654,48.0773
4452,3260,3207,3337,3233,3409,3631,3873,3855,3630,4192,5367,4982,3657,5211,9637,7277,33.4887,10.8741,8.62419,47.8387
4453,3185,3439,3509,3430,3432,3825,4155,3757,4026,5176,6633,4697,4226,5853,8134,5187,17.6286,5.17172,8.61686,48.4427
4454,4504,3942,3481,3136,7711,4750,3755,3333,8803,4920,3792,3401,5225,4320,3582,3344,1.84858,-32.3525,8.62058,47.9993
4455,3392,3990,5867,9749,3407,3945,5312,8116,3226,3636,3962,4313,2983,3196,3542,3534,-17.5351,24.2336,8.81422,48.1133
4456,3102,3215,3332,3540,3246,3368,3746,3911,3367,3853,4831,6021,3311,3972,6939,11785,32.3085,22.5049,8.9706,47.6927
4457,3231,3329,3456,3473,3309,3544,3890,4215,3422,3898,5022,7688,3323,3854,5707,10686,19.296,28.2969,8.70668,48.0313
4458,3191,3257,3403,3454,3377,3299,3661,3917,3390,3741,4689,5828,3365,3881,5873,12479,32.3593,32.8426,8.61026,47.2033
4459,3394,4219,6951,9536,3410,3897,5407,7102,3259,3442,4001,4228,3066,3262,3535,3397,-19.7273,19.8578,8.69621,48.0707
4460,3348,3589,3540,3217,3799,4345,4042,3699,4494,7162,6322,4226,4510,6210,5718,4141,12.7439,-1.97289,8.9549,48.2413
4461,3135,3400,3409,3547,3246,3684,4067,4240,3608,4356,6734,6414,3589,4590,7244,6866,16.1496,13.5011,8.69154,48.086
4462,4434,7419,8970,5352,4029,4813,5199,4234,3512,3677,3782,3562,3310,3340,3342,3308,-27.5178,2.77393,8.74325,48.1887
4463,4013,3926,3524,3215,5288,5101,3927,3455,7083,7238,4379,3471,5182,5189,4010,3514,6.77324,-14.921,8.56492,48.3433
4464,3197,3411,3725,3811,3525,3997,5004,4717,3537,4478,7864,6608,3564,4151,5413,5133,8.00307,12.7409,8.76717,48.09
4465,3702,4391,5690,4955,3751,4933,8004,5774,3407,4022,5120,4506,3288,3537,3532,3623,-8.63315,9.60173,8.94868,48.1567
4466,3466,3477,3240,3196,4338,3890,3518,3254,8061,5005,3870,3378,10076,5544,3945,3406,17.588,-31.744,8.73053,47.776
4467,3772,4908,8324,6644,3633,4356,6211,5782,3390,3701,3941,4029,3095,3296,3466,3404,-19.1612,11.3214,8.55996,47.968
4468,11826,5700,3986,3487,6990,4958,3883,3302,4026,3758,3397,3325,3388,3337,3210,3118,-22.648,-33.6743,8.83801,47.794
4469,3263,3442,3314,3211,3804,3882,3734,3344,4684,5836,4692,3848,5571,9118,6258,4089,22.0041,-5.7093,8.96584,48.06
4470,3094,3262,3337,3311,3250,3440,3711,4037,3466,3793,4893,6006,3343,3874,6572,12335,31.3346,24.7171,8.72249,47.816
4471,3853,3746,3401,3198,5585,4530,3744,3276,9118,6055,4024,3419,6211,5009,3827,3424,8.35757,-21.395,8.96407,48.28
4472,3954,4936,5933,4664,3802,5605,7858,4935,3556,4203,4722,4126,3449,3407,3632,3535,-10.6873,5.20228,8.96272,48.2113
4473,3289,3739,5491,8949,3405,3861,5123,8811,3154,3529,4029,4609,3112,3238,3525,3606,-15.135,31.0043,8.68041,47.6467
4474,3108,3386,3406,3508,3319,3633,3969,4012,3613,4254,6002,5632,3704,4837,8657,7400,21.2247,12.5023,8.70807,48.2933
4475,3408,3454,3203,3126,3916,3832,3467,3208,6258,4843,3875,3344,11873,6684,4032,3489,26.2612,-23.6439,8.53873,48.008
4476,5731,4705,3693,3243,9072,5691,3923,3460,6248,4772,3595,3318,4119,3823,3505,3212,-5.57658,-22.3864,8.58899,48.0733
4477,3450,3753,4319,4152,3640,4291,6861,5548,3465,4566,6898,5658,3421,3829,4409,4312,0.488986,11.4447,8.88387,48.3813
4478,4006,3986,3614,3461,5245,5760,4171,3484,6264,7559,4534,3486,4615,4720,3890,3341,3.62505,-12.4377,8.93982,48.0907
4479,11359,6104,3934,3382,7240,4905,3722,3308,4180,3911,3432,3313,3391,3446,3128,3096,-21.2707,-28.0755,8.74049,47.9007
4480,3191,3346,3452,3359,3382,3645,4019,3838,3720,4569,5993,5159,3904,5521,9147,6249,21.5302,8.82125,8.78486,48.3293
4481,11693,7169,4043,3449,5792,4912,3919,3385,3970,3854,3448,3219,3481,3312,3220,3154,-29.6423,-21.2282,8.9493,48.0133
4482,3360,3862,6273,12422,3455,3816,4836,6032,3174,3373,3616,4022,3122,3302,3459,3407,-33.7854,25.2869,8.91598,47.6873
4483,3741,3771,3490,3202,4941,4683,3779,3486,7416,7374,4308,3466,5661,5492,4067,3496,9.03614,-15.0959,8.80445,48.2487
4484,3029,3399,3745,3836,3321,3642,4378,5374,3428,3975,5760,9555,3352,3868,4897,6763,9.91949,23.3167,8.74832,48.2147
4485,12067,6549,4027,3331,6262,4950,3770,3387,3934,3701,3534,3220,3327,3327,3269,3137,-26.3533,-24.2398,8.71717,47.8613
4486,3400,3878,5034,5663,3354,4034,6716,8151,3398,3857,4944,5487,3242,3472,3841,4013,-7.25718,18.1987,8.68081,48.3227
4487,3256,3557,4058,4489,3342,3832,4940,7753,3405,3760,4930,8600,3314,3609,4178,4907,1.1569,33.8337,8.56499,47.9533
4488,3775,4088,4041,3679,4256,5849,5682,4050,4373,6028,6101,4242,3728,4271,4339,3720,0.766182,-0.328633,8.51729,48.148
4489,3582,3535,3430,3157,4449,4333,3763,3399,6456,7469,4463,3590,6075,6787,4306,3625,13.9896,-12.7792,8.7652,48.2793
4490,3141,3419,3375,3298,3316,3626,3982,3700,3633,4246,5247,4842,3850,5438,9986,6959,32.7304,9.92388,8.88519,48.0387
4491,3478,4222,5506,5197,3537,4599,7946,6445,3419,3937,4989,4745,3215,3572,3807,3716,-8.35177,12.1752,8.58319,48.22
4492,3141,3083,3441,3380,3333,3422,3739,3970,3393,3819,4675,6275,3329,3961,6256,12412,27.5699,27.3361,8.53124,47.7527
4493,3411,3704,4786,6170,3329,3939,5681,9079,3198,3645,4786,5874,3211,3486,3771,4035,-7.58233,22.2231,8.62062,48.07
4494,3155,3181,3417,3261,3365,3463,3770,3876,3501,4058,5174,5400,3653,4719,9065,8809,30.4851,14.6154,8.85512,47.9113
4495,3350,3389,3331,3101,3822,3815,3605,3381,4984,5370,4305,3684,7350,9544,5205,3827,32.7478,-11.0032,8.59435,48.042
4496,3136,3288,3474,3302,3267,3524,3752,3997,3425,3944,4692,6112,3450,3925,6032,12449,28.2163,32.7789,8.58528,47.846
4497,3320,3409,3232,3160,3677,3983,3841,3637,4512,5890,5417,4148,4799,7940,6966,4601,20.3949,-1.57426,8.75506,48.3547
4498,6413,5890,4196,3522,7597,6783,4253,3375,4791,4315,3650,3279,3651,3586,3393,3101,-11.746,-16.7186,8.51922,47.8633
4499,3404,3275,3295,3259,3926,3774,3366,3264,5888,4765,3710,3261,12583,5936,3842,3369,32.4999,-31.8562,8.82332,47.278
4500,3456,3415,3254,3100,4016,3705,3517,3190,5957,4901,3832,3387,12190,6723,3945,3339,30.6907,-24.6403,8.54026,47.9513
4501,3160,3384,3784,4253,3378,3594,4509,6025,3280,3831,5428,9734,3223,3723,4780,6171,7.34049,25.4932,8.77047,48.1713
4502,3414,3872,4882,4987,3473,4274,7534,6928,3418,4046,5473,5227,3299,3554,3999,4097,-5.21067,13.9171,8.94372,48.318
4503,3312,3521,3605,3482,3549,3943,4472,4019,4044,5412,7478,5122,3789,5167,6518,4964,13.0501,5.6942,8.66821,48.2647
4504,3148,3436,3761,3995,3284,3608,4485,5885,3244,3936,5481,9757,3221,3806,4677,6267,7.78901,25.8294,8.83697,47.994
4505,3248,3343,3279,3185,3653,3765,3702,3487,4374,5200,4745,3879,5404,9332,7005,4266,27.2013,-3.73987,8.64524,47.9113
4506,3814,3869,3546,3225,4930,5431,4180,3522,5976,7909,4691,3552,4833,5144,4029,3505,6.15701,-11.1553,8.6634,48.104
4507,4206,4975,4156,3664,5152,7978,5329,3763,4475,5799,4540,3670,3791,3946,3681,3421,-4.5611,-6.79394,8.91921,48.364
4508,3106,3302,3439,3316,3397,3606,3976,3727,3668,4246,5368,4776,3735,5478,9810,7002,29.1558,10.0487,8.66321,47.968
4509,3295,3333,3287,3239,3801,3875,3638,3368,5147,5278,4110,3528,7967,9748,4942,3627,31.3307,-12.3223,8.82179,48.122
4510,4107,5064,4753,3900,4540,7407,6280,3974,4009,4902,4775,3898,3509,3710,3783,3433,-7.33269,-2.11522,8.87401,48.0293
4511,3240,3579,4190,4701,3333,3774,5115,8333,3305,3812,4949,8157,3157,3563,4128,4698,-0.327661,32.922,8.62341,48.0227
4512,3459,3956,5799,11203,3391,3821,4845,7345,3274,3560,3809,4038,3259,3323,3375,3513,-20.5935,32.6035,8.65296,47.98
4513,6765,10030,5532,3951,4718,5162,4416,3544,3692,3829,3671,3299,3448,3388,3295,3258,-29.7917,-9.06758,8.64516,47.9987
4514,8715,5620,3947,3403,8672,5385,3924,3522,4563,4090,3534,3358,3613,3573,3172,3055,-15.3095,-24.1066,8.62706,48.0973
4515,3135,3489,4519,5251,3379,3916,5584,8812,3231,3734,4970,7155,3327,3444,3996,4507,-2.88004,23.4796,8.85534,48.2993
4516,3453,3385,3213,3090,3936,3773,3424,3203,6036,4908,3837,3380,12138,6739,4098,3429,31.8404,-23.5646,8.73069,48.028
4517,3397,3998,5708,8021,3388,3909,5762,8464,3281,3512,4214,4788,3093,3323,3524,3593,-13.9319,21.5821,8.64983,47.9833
4518,3005,3184,3411,3238,3225,3488,3792,3978,3475,3944,5057,5634,3507,4325,8000,10364,29.0907,18.3609,8.94923,47.7513
4519,3420,4078,6741,11719,3386,3907,4990,5950,3133,3456,3897,3994,3130,3298,3316,3476,-29.9911,23.053,8.54006,47.9273
4520,3421,3970,5905,12282,3360,3801,4936,6440,3170,3475,3854,4027,3182,3276,3313,3285,-24.1568,32.2213,8.70939,47.798
4521,3360,3878,5986,11397,3461,3848,4906,7032,3255,3497,3785,4148,3171,3149,3457,3437,-21.6671,33.3307,8.68463,47.8447
4522,3804,4241,3936,3528,4331,6532,5497,3934,4400,6575,5590,3974,3961,4260,4022,3619,0.481986,-2.85964,8.82487,48.136
4523,3647,5041,9400,7919,3616,4269,5561,5194,3370,3575,3892,3824,3134,3240,3365,3482,-24.7894,12.2956,8.91239,48.3527
4524,3399,3670,4232,4185,3455,4288,6307,5595,3466,4437,6979,6002,3385,3764,4625,4484,1.87894,12.5997,8.96523,48.182
4525,3895,3897,3644,3383,4856,6024,4370,3619,5709,7889,4788,3747,4493,4732,4020,3460,4.11459,-9.77029,8.86532,48.3507
4526,3765,5033,8825,7317,3520,4321,6169,5526,3289,3621,3972,3921,3166,3288,3424,3347,-20.7451,11.9862,8.91513,48.336
4527,3057,3245,3525,3483,3310,3643,3945,4221,3467,3878,5049,7430,3448,3905,5817,10645,19.7776,32.7136,8.50022,48.0453
4528,4575,5759,4986,3889,4784,7985,5707,3982,4123,4784,4212,3636,3459,3680,3532,3350,-9.74408,-4.36625,8.90312,48.2953
4529,3403,3358,3208,3154,3891,3727,3406,3295,6029,4723,3667,3260,12823,6269,3946,3338,31.3255,-27.4777,8.98574,47.6647
4530,3450,4039,6008,11748,3334,3884,4990,7001,3249,3434,3784,4053,3017,3185,3250,3422,-22.4735,27.1039,8.96315,47.8987
4531,3334,3797,5918,12423,3428,3673,4757,5905,3254,3290,3739,3894,3293,3263,3269,3457,-33.1178,33.3137,8.9452,47.1293
4532,4050,5405,6977,4924,3955,5555,7384,4820,3504,4054,4309,3832,3271,3470,3464,3540,-14.8124,4.78681,8.82006,48.3427
4533,3139,3619,4106,4764,3343,3679,5286,7960,3337,3712,5258,8127,3273,3573,4254,4805,0.181417,23.5013,8.79421,48.1567
4534,3525,3599,3424,3386,3995,4601,3964,3597,4933,7771,5444,4034,4944,6465,5105,4047,12.9364,-5.30169,8.80203,48.556
4535,3196,3365,3360,3358,3332,3649,3880,3769,3776,4582,5782,4808,4078,5840,9295,6072,23.1441,7.42564,8.5305,48.0947
4536,12322,6219,3869,3383,6423,4867,3872,3290,4068,3762,3438,3148,3419,3328,3260,3156,-25.6678,-28.4858,8.74563,47.8827
4537,3359,3348,3198,3058,3918,3880,3438,3167,5776,4912,3902,3387,11407,7318,4029,3404,31.2267,-20.9533,8.96641,47.6673
4538,3641,3562,3437,3254,4202,4524,3861,3553,5488,7756,4982,3755,5428,6568,4651,3758,12.6005,-8.91873,8.57976,48.28
4539,3949,4522,4391,3753,4305,6777,6184,4220,4143,5812,5234,4063,3662,3905,4121,3616,-2.75807,-1.23038,8.83828,48.438
4540,6757,5034,3744,3332,9448,5810,3849,3410,5516,4527,3523,3273,3826,3663,3324,3136,-9.10355,-23.3878,8.84952,48.1147
4541,3438,3335,3213,3185,4064,3984,3565,3116,7270,5090,3850,3425,11112,6342,4004,3408,20.8229,-24.4419,8.97691,48.2673
4542,3382,3432,3242,3177,4026,3744,3436,3208,6596,4830,3721,3353,12151,6021,3884,3347,24.1688,-29.3445,8.55846,47.7
4543,3851,4641,5237,4208,3929,5947,7593,4748,3737,4322,5254,4203,3315,3722,3792,3582,-6.9211,4.13467,8.76579,48.054
4544,5330,9485,6955,4202,4407,5085,4724,3781,3636,3875,3729,3485,3321,3339,3306,3228,-33.3357,-4.04439,8.90131,47.9253
4545,3734,4525,4885,4131,4048,6063,7402,4608,3883,4709,5313,4184,3453,3921,3954,3560,-5.35172,2.96852,8.59855,48.2487
4546,3271,3340,3317,3272,3670,3768,3698,3481,4413,5166,4704,4064,5431,9372,6968,4361,28.427,-3.84369,8.57277,48.1973
4547,10189,8226,4322,3619,5594,5039,4014,3479,3917,3839,3500,3259,3295,3425,3271,3244,-30.7155,-17.7052,8.51618,48.1547
4548,3375,3874,5902,12465,3416,3701,4628,6051,3220,3495,3820,3943,3201,3420,3305,3495,-33.7554,32.1483,8.71764,47.5407
4549,3328,3318,3213,3179,3778,3827,3589,3383,5279,5195,4083,3598,8647,9315,4781,3547,29.9798,-14.2409,8.90098,48.04
4550,3372,3604,4090,4702,3370,4079,5766,7022,3425,3983,5875,7381,3269,3771,4246,4649,0.25937,18.7291,8.6448,48.4027
4551,3388,3943,4540,4236,3659,4716,7038,5089,3659,4661,6734,5074,3399,3809,4353,3968,-0.47635,8.30413,8.96314,48.1773
4552,3086,3144,3370,3342,3150,3438,3786,4169,3369,3752,4855,6656,3369,3988,6028,12168,24.3628,29.5337,8.95912,47.78
4553,3088,3279,3430,3383,3264,3442,3789,3843,3418,3995,5248,5693,3510,4305,7892,10279,31.3027,18.4404,8.51466,47.9053
4554,3496,3860,4359,4161,3684,4777,7026,5013,3690,4653,6951,4939,3446,3952,4341,3960,-0.213509,7.93508,8.99708,48.2053
4555,4844,4499,3718,3347,7422,6443,4053,3523,6260,5654,3881,3419,4308,4022,3580,3212,-2.55277,-17.4991,8.98763,48.1233
4556,3121,3289,3362,3384,3103,3558,3992,4027,3393,4042,5514,6239,3432,4230,7561,9430,21.9427,17.9994,8.62929,47.7847
4557,3214,3390,3399,3464,3265,3360,3711,4016,3364,3663,4668,5857,3437,3883,5850,12425,33.2609,32.9014,8.69335,47.3107
4558,3384,3357,3364,3202,3946,3906,3347,3172,5935,4936,3852,3414,11654,6837,4027,3434,31.6633,-22.1872,8.52813,47.8447
4559,3225,3429,3743,3819,3383,3922,5024,4858,3547,4398,7701,6834,3383,4088,5424,5435,8.45598,13.6012,8.99212,48.142
4560,3585,4615,8493,7991,3470,4212,5791,5710,3226,3650,3784,4086,3114,3366,3466,3487,-21.6356,13.9759,8.51604,48.0307
4561,5820,7815,5070,3817,5397,7060,4714,3713,4074,4369,3738,3427,3385,3554,3354,3190,-16.6875,-9.0898,8.8154,48.3313
4562,11367,7325,4227,3464,5834,4783,3860,3400,3943,3797,3484,3240,3438,3376,3269,3082,-31.6752,-20.8676,8.82868,47.926
4563,3325,3343,3378,3188,3763,3953,3607,3433,4663,5435,4599,3917,5637,9421,6397,4110,24.7355,-5.66498,8.73966,48.1127
4564,12099,6406,3923,3384,5922,4841,3803,3318,3884,3807,3395,3197,3440,3550,3270,3155,-33.2003,-24.4503,8.52669,47.596
4565,4128,5878,7977,5373,3957,5071,6401,4820,3550,3834,4126,3898,3250,3339,3458,3392,-18.46,5.46954,8.51287,48.3013
4566,3093,3253,3375,3307,3225,3447,3674,3855,3418,3784,4712,6406,3306,3887,6051,12752,26.713,29.4423,8.77854,47.6967
4567,3112,3353,3450,3573,3354,3684,4300,4278,3330,4212,6549,6911,3559,4335,6749,7297,15.6226,15.7916,8.90733,48.0307
4568,4281,5614,5446,4292,4410,6879,6628,4347,3738,4429,4378,3619,3417,3725,3563,3439,-11.1209,-0.244134,8.62843,48.1367
4569,3444,3459,3264,3054,4474,4118,3427,3215,8271,5110,3727,3424,9950,5547,3772,3456,17.3804,-30.3254,8.61006,47.808
4570,5817,6771,4529,3571,6056,7536,4648,3587,4337,4436,3936,3400,3685,3578,3393,3200,-13.2965,-11.6357,8.55021,48.32
4571,3336,3847,5999,12321,3354,3789,4818,6620,3256,3343,3817,4025,3103,3326,3430,3466,-24.9829,30.4676,8.69087,47.9
4572,6962,9681,5511,3801,4960,5445,4373,3657,3788,3844,3647,3404,3224,3378,3216,3143,-26.1041,-9.7111,8.5576,48.0227
4573,3396,3688,4750,6376,3326,3859,5365,9813,3281,3667,4398,6002,3228,3353,3731,3883,-7.77006,27.0809,8.51313,48.0773
4574,3268,3473,3343,3259,3591,3996,3965,3628,4451,6089,6093,4257,4564,6966,6625,4507,16.8027,-0.545481,8.65872,48.05
4575,3689,3661,3410,3197,4422,4758,3817,3364,6530,7796,4692,3688,5570,6159,4289,3589,10.8105,-12.1198,8.85283,48.4207
4576,3958,4991,6069,4731,3877,5788,7744,4931,3556,4209,4614,4028,3268,3432,3701,3480,-11.2412,4.59371,8.77324,48.2513
4577,3284,3367,3344,3198,3778,3975,3741,3525,4650,6555,5235,3973,5224,7813,6130,4292,17.9386,-4.34184,8.96285,48.056
4578,3443,3867,5275,7215,3353,3925,5888,8897,3323,3641,4236,5270,3076,3433,3560,3829,-11.0602,22.3284,8.58336,48.154
4579,3626,3875,3861,3614,3998,5062,4946,3905,4234,6874,6715,4259,3990,4669,4703,4008,5.0288,-0.631227,8.76784,48.226
4580,3974,5277,6347,4633,4010,5680,7620,4722,3585,4115,4404,3863,3379,3423,3533,3471,-12.7398,4.01866,8.96282,48.024
4581,3388,3391,3317,3258,3685,3929,3701,3425,4525,6196,4977,3871,5349,8739,6331,4101,20.3749,-4.58585,8.67249,48.122
4582,8608,5395,3856,3362,8988,5287,3804,3385,4738,4141,3741,3236,3526,3533,3277,3111,-14.3109,-29.7661,8.65937,47.992
4583,3413,3853,6191,12573,3375,3697,4841,6150,3277,3532,3749,3908,3076,3263,3270,3390,-28.9576,29.2778,8.51436,47.7053
4584,3535,4217,5276,4761,3693,4683,8305,6031,3484,4060,5415,4649,3202,3549,3871,3860,-6.69848,10.499,8.95899,48.394
4585,3576,3634,3411,3232,4178,4719,3990,3446,5514,8163,5171,3700,5096,6049,4606,3726,10.6126,-8.30687,8.75924,48.1407
4586,3378,3533,3513,3417,3637,4320,4433,3779,4338,6422,6798,4487,4161,5639,5909,4313,11.9767,0.787173,8.50858,48.0513
4587,3260,3348,3440,3410,3554,3932,4222,3797,3882,5167,7278,5020,3990,5438,7232,5147,14.9107,5.49081,8.87567,48.078
4588,3486,3972,4388,3980,3829,4855,6719,4761,3728,5034,7029,4834,3575,3925,4465,3988,0.728121,6.14788,8.62889,48.3787
4589,3112,3304,3638,3642,3309,3640,4122,4965,3339,4006,5918,9045,3428,3955,5379,7425,11.9581,22.1625,8.66291,48.1513
4590,3134,3372,3621,3475,3435,3821,4420,4139,3566,4631,7451,6062,3653,4664,6805,5765,14.079,10.9304,8.72185,48.0093
4591,4433,4149,3498,3211,6502,5429,3858,3345,7691,6238,3984,3414,4964,4444,3744,3399,2.33833,-18.345,8.96917,48.202
4592,3209,3179,3465,3441,3323,3519,3932,4100,3334,4111,5549,6331,3569,4362,7466,9388,21.8527,18.2433,8.79505,48.1853
4593,3348,3341,3681,3455,3606,4170,4409,3941,4035,5910,7414,4809,4034,5312,6365,4774,12.509,3.79097,8.92872,48.4027
4594,3069,3171,3398,3337,3243,3577,3880,4194,3439,3930,5413,6516,3566,4282,7406,9634,21.5172,19.3836,8.64044,48.0367
4595,3516,4311,7668,10610,3449,3991,5043,5816,3206,3559,3736,3917,3027,3224,3384,3547,-27.1838,18.9521,8.60945,48.0027
4596,3143,3408,3620,3517,3322,3657,4395,4526,3512,4055,6568,7416,3414,4168,6396,7230,14.0189,17.0011,8.87606,48.2313
4597,3358,3514,3316,3120,4013,4105,3674,3323,5842,6597,4309,3650,6917,7946,4725,3659,18.2211,-11.9055,8.92818,48.0453
4598,6001,7760,4836,3690,5366,7303,4644,3705,3973,4199,3789,3430,3520,3547,3378,3237,-15.9904,-9.66734,8.96385,48.252
4599,3213,3715,4588,5578,3264,3730,5624,9178,3348,3704,4843,6639,3156,3491,3911,4231,-4.87814,24.0785,8.63606,48.142
4600,3085,3321,3334,3316,3396,3629,3751,3645,3881,4570,5457,4645,4150,6411,9463,5944,24.7266,6.2017,8.89988,47.9987
4601,3750,5412,9305,7205,3597,4382,5589,5117,3331,3587,3898,3906,3129,3293,3341,3221,-24.3469,10.6256,8.70924,48.042
4602,3121,3317,3680,3762,3290,3598,4299,4970,3320,3877,5607,9273,3372,3870,5262,7435,12.1267,24.2765,8.51764,48.0353
4603,11758,6982,4014,3428,6268,5106,3833,3451,3989,3772,3431,3171,3372,3382,3159,3032,-26.9423,-22.8088,8.692,48.0987
4604,3149,3441,3826,4201,3260,3610,4621,6675,3236,3907,5483,9662,3370,3616,4561,5729,5.37842,25.2074,8.98561,48.2313
4605,3388,3948,6086,12617,3389,3810,4760,6158,3263,3478,3807,3873,3127,3255,3454,3436,-28.4015,27.072,8.97241,47.8993
4606,3082,3261,3417,3341,3423,3685,4008,3942,3708,4437,6228,5221,3808,5168,8761,6674,20.3885,10.1803,8.66313,48.1093
4607,3222,3265,3370,3293,3316,3643,3793,3701,3703,4387,5368,4674,3941,5777,10015,6641,29.23,8.38829,8.71362,48.0727
4608,3451,3394,3249,3128,3908,3838,3433,3348,5872,4940,3876,3403,11072,7383,4243,3370,28.9782,-20.2738,8.62553,47.9387
4609,3512,4370,7767,9928,3396,3942,5403,6234,3303,3459,3785,4085,3089,3257,3365,3418,-22.8043,18.39,8.8386,48.2087
4610,3702,4784,7886,6144,3791,4474,7026,5643,3471,3788,4247,4086,3194,3310,3532,3392,-16.6931,10.4409,8.93913,48.3133
4611,3305,3276,3343,3173,3517,3787,3689,3503,4117,5188,4974,4093,4944,8455,7912,4689,26.2446,-0.843266,8.92778,47.9767
4612,4835,7836,6305,4318,4475,6197,5458,4014,3673,3965,3937,3602,3318,3479,3290,3240,-18.2873,-2.74081,8.83409,47.9613
4613,8556,8898,4756,3621,5437,5244,4191,3549,3989,3785,3462,3178,3289,3397,3342,3177,-26.4577,-13.8964,8.83357,47.914
4614,3312,3892,5160,8163,3341,3906,5276,9351,3358,3519,4262,4724,3143,3307,3552,3490,-13.3182,33.9678,8.53283,47.8373
4615,3843,4732,5336,4209,4065,6215,7409,4644,3739,4598,4934,4069,3427,3645,3835,3450,-7.79178,2.53535,8.76846,48.1
4616,3564,3675,3859,3563,3956,5194,5015,3984,4426,6820,6720,4202,4012,4682,4582,3997,5.68208,-0.728155,8.71908,48.1673
4617,4054,3885,3420,3228,5872,4809,3773,3237,8488,6368,4096,3459,5695,4865,3830,3428,6.09577,-19.5612,8.73553,48.338
4618,3387,3792,5216,7583,3323,3890,5581,9457,3371,3592,4141,5030,3073,3326,3583,3732,-11.7266,23.8748,8.78647,48.0513
4619,12546,6056,3937,3310,6203,4854,3664,3408,4037,3828,3376,3329,3414,3363,3244,3189,-33.444,-28.1657,8.76045,47.8387
4620,3334,3392,3430,3432,3360,3391,3760,3930,3395,3659,4562,5980,3382,3819,5873,12656,33.0158,30.4212,8.9063,47.57
4621,12350,5979,4057,3434,6174,4869,3814,3502,3888,3857,3442,3203,3395,3357,3291,3055,-25.929,-32.8211,8.53422,47.778
4622,3482,3636,4228,3973,3610,4614,6355,4779,3764,4816,7675,5169,3522,3927,4599,4165,2.20336,8.019,8.99767,48.2093
4623,4479,5702,4956,3968,4726,7685,6054,4085,4133,4776,4297,3683,3475,3724,3593,3347,-9.27531,-3.79422,8.53796,48.4553
4624,7021,4798,3708,3403,9999,5302,3794,3381,5417,4257,3492,3332,3764,3597,3337,3337,-10.1064,-32.9769,8.91532,47.9593
4625,3447,3376,3280,3181,3933,3929,3577,3224,5583,5729,4166,3525,7770,9093,4877,3719,23.0111,-12.9069,8.92202,48.2727
4626,5110,8855,7879,4496,4393,5058,4951,4038,3492,3716,3663,3565,3188,3378,3334,3230,-26.1036,-1.82137,8.74104,48.2307
4627,3436,3595,3654,3529,3802,4497,4968,4067,4088,6148,7529,4680,3950,4870,5229,4283,8.23595,2.68732,8.60034,48.2167
4628,3218,3276,3390,3218,3546,3730,3723,3534,4034,4914,5047,4341,4657,7941,8770,4857,28.5555,0.997182,8.87055,48.1307
4629,3365,3417,3382,3088,3990,4053,3707,3386,5441,6504,4430,3596,6506,8719,4996,3676,19.2287,-10.8556,8.99825,48.1707
4630,3529,3666,3233,3149,4492,4043,3542,3332,8057,5631,3979,3442,8704,5986,3945,3464,16.2249,-21.6437,8.59108,48.1293
4631,4368,5954,5839,4384,4364,6437,6718,4498,3670,4271,4242,3718,3419,3629,3508,3343,-13.0597,0.356633,8.54698,48.2413
4632,3343,3461,3341,3188,3876,3657,3403,3320,5991,4664,3728,3458,12609,5979,3831,3508,29.5572,-32.7439,8.87878,47.5713
4633,3561,3464,3233,3159,4294,4015,3607,3333,7206,5848,4169,3464,8253,6580,4297,3549,16.9245,-18.716,8.56919,48.0213
4634,8635,9137,4920,3580,5424,5288,4110,3515,3893,3755,3493,3206,3393,3472,3356,3159,-29.7282,-14.1889,8.51378,48.224
4635,3455,3772,3945,3734,3708,4481,5733,4306,3798,5340,7869,5093,3578,4200,4919,4284,4.66445,6.60931,8.97973,48.1433
4636,6398,9864,5750,3901,4768,5388,4533,3722,3699,3921,3637,3408,3322,3403,3238,3177,-33.573,-7.79217,8.55037,48.086
4637,3562,3603,3468,3283,4325,4584,3878,3396,6183,7649,4753,3668,5691,6368,4415,3686,11.6611,-11.4636,8.74676,48.3413
4638,3253,3407,3757,3660,3419,3912,4844,4556,3628,4556,7846,6440,3588,4255,5741,5248,9.65752,12.1791,8.60292,48.0733
4639,3384,3681,5111,7735,3382,3912,5227,9739,3199,3412,4141,5204,3179,3286,3651,3673,-11.6085,30.1357,8.83179,47.944
4640,3305,3400,3654,3711,3518,3871,4836,4631,3720,4555,7985,6468,3545,4173,5784,5249,9.65723,11.9404,8.99515,48.27
4641,9260,8493,4335,3599,5471,5288,4028,3553,3913,3845,3507,3293,3367,3438,3233,3245,-32.2409,-16.1517,8.50195,47.912
4642,7688,5249,3781,3362,9609,5239,3828,3505,4889,4183,3566,3354,3587,3567,3371,3165,-12.2382,-33.6785,8.93534,47.962
4643,3128,3232,3330,3344,3339,3506,3753,3877,3376,3753,4692,6272,3337,3911,6282,12377,27.254,25.7417,8.79174,47.6727
4644,3863,3676,3374,3226,5543,4306,3570,3381,9684,5263,3875,3350,6925,4996,3784,3376,9.88668,-33.8475,8.58693,48.128
4645,3523,3552,3247,3243,4334,4407,3729,3383,6132,7202,4352,3456,6407,7013,4677,3695,14.9031,-12.3789,8.72336,48.2347
4646,3144,3732,4341,4780,3380,3752,5320,8393,3475,3882,5064,7628,3276,3496,4099,4490,-1.3621,23.0818,8.88316,48.168
4647,6748,8665,4995,3701,5551,6353,4502,3598,3905,4067,3642,3239,3400,3388,3263,3068,-19.3701,-11.0298,8.91059,48.0567
4648,3385,3838,5178,6020,3607,4063,6644,8457,3302,3775,4758,5324,3238,3441,3681,4027,-8.7022,18.5124,8.88092,48.492
4649,4416,5734,5122,4150,4646,7264,6361,4116,3792,4592,4395,3709,3400,3679,3470,3434,-10.6788,-2.1835,8.80904,48.1867
4650,3417,3846,4863,5993,3432,3886,6156,8901,3318,3705,4807,5737,3075,3422,3811,3992,-7.32163,20.7082,8.6428,48.2407
4651,3566,4372,7259,8280,3561,4063,5828,6727,3359,3626,4130,4149,3129,3221,3433,3411,-18.8856,16.801,8.68976,48.076
4652,3471,3831,5932,12600,3405,3827,4675,6037,3278,3384,3727,3878,3087,3247,3311,3431,-32.0346,32.1265,8.83007,47.414
4653,4777,4177,3572,3110,8118,4938,3769,3386,8194,5176,3666,3260,4854,4086,3548,3311,0.272447,-25.5751,8.802,47.9613
4654,3081,3422,3768,3821,3349,3653,4513,4729,3445,4121,6744,7990,3377,4064,5703,6616,11.6314,17.721,8.51093,48.264
4655,12517,5982,3881,3436,6095,4715,3658,3325,3870,3633,3436,3208,3397,3328,3269,3177,-32.9348,-30.4269,8.54486,47.2847
4656,3816,5276,8525,6009,3738,4595,6587,5169,3371,3790,4098,3854,3191,3314,3464,3461,-18.7988,8.67653,8.87701,48.172
4657,3129,3196,3320,3547,3352,3474,3828,4341,3392,3796,5031,8304,3299,3862,5471,10362,17.9958,29.9261,8.97773,47.8027
4658,3358,3951,6695,11901,3400,3793,4887,6366,3172,3430,3728,3979,3085,3223,3383,3338,-25.8471,23.6577,8.99315,47.7927
4659,3643,3954,3805,3539,4202,5461,4785,3845,4702,7470,5908,4102,4115,4712,4401,3811,4.90101,-3.06104,8.92249,48.3033
4660,5459,4724,3813,3358,8669,6255,4060,3469,6109,5042,3735,3410,4075,4003,3472,3183,-5.29464,-19.8882,8.78382,48.5573
4661,3547,4539,8270,9831,3443,4066,5200,5622,3195,3588,3792,3795,3115,3158,3439,3471,-26.9165,16.9912,8.58474,48.0473
4662,3093,3262,3457,3382,3250,3623,3967,3764,3673,4276,5657,5137,3678,5211,9480,7009,23.5445,11.0602,8.74877,47.946
4663,10779,7614,4305,3536,5886,4993,3969,3503,3926,3791,3407,3163,3419,3304,3242,3105,-28.5471,-20.1447,8.53721,47.9613
4664,3607,3445,3243,3082,4689,4127,3593,3286,8673,5378,3853,3414,9076,5699,3945,3293,15.4093,-24.9907,8.89249,48.2687
4665,3166,3557,4055,4288,3311,3787,4849,6708,3454,3939,5714,8774,3325,3666,4597,5344,3.69165,22.281,8.53096,48.356
4666,3437,3343,3267,3115,3917,3748,3466,3307,5335,5199,4099,3598,8879,9126,4687,3571,28.7108,-14.8646,8.91495,48.0627
4667,3557,3983,4699,4476,3642,4819,7692,5563,3629,4270,5857,4905,3418,3611,4024,3916,-3.53513,9.43525,8.74778,48.0407
4668,4806,8513,7998,4669,4215,4886,4819,4116,3540,3712,3642,3536,3239,3275,3439,3217,-30.8426,-0.484171,8.53389,47.748
4669,4124,6438,9569,5906,3941,4628,5408,4540,3443,3646,3874,3654,3145,3303,3357,3318,-26.1892,5.94497,8.5035,48.196
4670,5787,6041,4169,3555,6954,7574,4398,3569,4559,4669,3872,3335,3691,3578,3450,3146,-11.2802,-13.5801,8.86474,48.2313
4671,3176,3347,3566,3588,3256,3655,4136,4500,3519,4186,6634,7249,3486,4256,6631,7319,14.6724,16.636,8.84948,48.336
4672,3419,3921,5560,6992,3420,3950,6130,8410,3270,3624,4341,4906,3267,3381,3688,3810,-11.5501,20.0171,8.57851,48.0593
4673,4015,4900,5353,4276,4050,6521,7607,4461,3776,4416,4756,3909,3440,3608,3734,3546,-8.59472,2.24323,8.95164,48.2453
4674,3322,3805,5160,7764,3394,3777,5218,9555,3181,3572,4213,5218,3214,3356,3626,3708,-11.8557,31.7964,8.58917,48.0553
4675,3905,4406,4220,3820,4370,6535,6119,4063,4100,5930,5276,4017,3770,4035,4017,3680,-1.94389,-1.53074,8.56406,48.1753
4676,3382,3757,3944,3781,3731,4580,5755,4391,3888,5551,7791,4978,3753,4210,4826,4184,4.52708,5.30855,8.98545,48.3347
4677,3096,3256,3387,3498,3272,3716,3990,4136,3544,4120,6197,6260,3556,4538,7721,8032,18.9529,15.5801,8.79897,48.2127
4678,3180,3315,3339,3424,3218,3376,3716,3876,3422,3714,4858,5952,3457,3886,6061,12544,31.1446,33.3189,8.76601,47.5587
4679,3032,3279,3546,3703,3396,3618,4230,4732,3566,3918,6280,8095,3549,4073,6004,7469,13.4495,19.0565,8.78641,48.3267
4680,6458,5826,4094,3464,7679,7010,4110,3411,4790,4502,3707,3365,3813,3643,3384,3066,-11.249,-16.8092,8.97156,48.2147
4681,3319,3871,6016,11751,3366,3745,4885,7067,3188,3395,3944,4096,3074,3142,3377,3499,-21.9237,29.5706,8.79441,47.8233
4682,3496,4492,7188,9391,3358,3958,5476,6443,3277,3617,4032,4141,3048,3339,3392,3413,-20.7867,18.4072,8.72984,48.0407
4683,3099,3284,3370,3455,3470,3585,3827,3861,3709,4338,5449,5178,3766,5264,9575,7555,24.7536,11.7959,8.74106,48.5233
4684,3753,3635,3179,3144,5070,4184,3617,3247,9581,5290,3899,3384,7860,5103,3700,3396,12.2162,-27.8177,8.74156,48.028
4685,6364,9009,5267,3933,5131,6248,4464,3724,3808,3958,3660,3383,3270,3296,3325,3241,-20.3568,-9.25325,8.80646,48.054
4686,3380,3914,6310,12469,3290,3710,4897,6005,3311,3418,3778,3749,3147,3284,3347,3366,-29.5033,26.5319,8.60096,47.5833
4687,3631,3555,3313,3047,5030,4195,3513,3239,9284,5304,3853,3301,8146,5216,3693,3413,12.93,-30.2909,8.5057,47.822
4688,3350,3406,3294,3068,4156,3849,3410,3252,7155,4931,3760,3368,11481,6030,3869,3369,22.0598,-26.7255,8.61674,47.832
4689,3244,3341,3297,3273,3625,3756,3737,3588,4204,5176,5208,4249,4678,7956,8185,4894,24.2181,0.425135,8.89716,48.274
4690,5678,4571,3602,3324,9538,5062,3840,3393,6669,4715,3641,3184,4287,3880,3425,3303,-5.07053,-29.8364,8.72294,48.0747
4691,3152,3452,3866,4107,3295,3710,4772,6358,3469,3852,5603,9293,3290,3598,4541,5711,5.33998,23.5104,8.70586,48.046
4692,10930,6227,3913,3354,7347,5149,3932,3413,4209,3817,3484,3192,3493,3362,3267,3085,-20.6277,-23.8431,8.97231,48.116
4693,3757,3842,3486,3255,4801,5430,4067,3478,6266,7852,4556,3665,4852,5188,4014,3437,6.37713,-12.0168,8.64945,47.964
4694,3551,3397,3316,3186,4641,4230,3537,3210,8620,5570,3816,3279,8730,5622,3869,3448,15.2967,-23.8823,8.7014,48.0147
4695,5979,5296,3823,3328,8634,6521,3948,3475,5281,4732,3728,3193,3832,3778,3388,3234,-8.22996,-19.1897,8.77914,48.1133
4696,3269,3335,3229,3131,3674,3681,3634,3405,4894,5296,4438,3731,6999,9969,5525,3901,27.5996,-9.47016,8.92071,48.074
4697,4431,7563,9087,5150,4065,4826,4928,4343,3585,3778,3710,3509,3197,3297,3365,3197,-31.1642,2.08526,8.77748,48.0207
4698,3102,3368,3546,3441,3237,3457,4032,4499,3436,3856,4944,8269,3425,3900,5505,9882,17.4426,30.7732,8.60397,47.9327
4699,4284,5067,4513,3733,4753,7771,5707,3936,4195,5418,4483,3560,3723,3761,3733,3418,-6.13648,-4.85102,8.54475,48.0367
4700,3435,3304,3159,3209,3978,3905,3344,3295,6127,4785,3676,3429,12410,6325,3935,3371,32.7678,-25.823,8.78337,47.7913
4701,4385,6137,6592,4515,4361,6258,6437,4465,3691,4108,4195,3766,3330,3447,3451,3474,-15.001,0.315777,8.60296,48.408
4702,3214,3523,4167,4831,3171,3704,4967,8419,3272,3786,4994,8057,3256,3573,4122,4845,0.0206234,27.5003,8.72874,47.934
4703,9640,6360,3996,3333,7703,5561,3987,3358,4344,4011,3513,3196,3523,3411,3189,3032,-17.8281,-21.591,8.97414,48.1047
4704,3322,3477,3717,3618,3451,4004,4978,4278,3659,5106,8201,5636,3711,4504,6137,5060,10.0841,8.93713,8.75529,48.5727
4705,3621,4574,8808,9178,3505,4223,5230,5407,3297,3567,3845,3899,3093,3291,3299,3393,-29.5179,15.6144,8.57505,48.1533
4706,5464,5521,3994,3381,6835,7542,4323,3513,5061,4876,3906,3361,3869,3733,3457,3276,-8.51905,-14.3045,8.52005,48.0747
4707,3765,4876,8354,7370,3544,4348,6102,5631,3444,3597,4019,3911,3263,3244,3363,3447,-20.0927,12.7547,8.62985,48.1853
4708,4687,7654,8333,4932,4071,5081,5363,4237,3506,3758,3828,3621,3224,3352,3385,3182,-23.4311,1.14432,8.97219,48.1427
4709,7352,9736,5269,3858,4982,5182,4319,3596,3892,3924,3643,3409,3380,3354,3274,3164,-31.5352,-10.6233,8.74765,48.2227
4710,12306,6131,3839,3359,6765,4842,3835,3315,4022,3827,3508,3120,3389,3377,3148,3104,-24.3912,-27.9238,8.78584,47.9247
4711,3956,5895,8689,5906,3836,4848,6144,4797,3421,3744,3853,3817,3210,3339,3398,3411,-20.4848,6.63721,8.8781,48.176
4712,4013,4260,3848,3382,4991,6597,4586,3635,5312,7347,4795,3721,4220,4470,3922,3474,1.28782,-8.65984,8.78777,48.382
4713,3806,5225,8034,5859,3675,4696,6901,5228,3383,3818,4166,4021,3121,3379,3473,3312,-17.624,8.79133,8.65406,48.0647
4714,9196,5554,3854,3450,8939,5256,3861,3310,4755,3974,3543,3199,3528,3477,3291,2980,-15.2926,-28.1055,8.69877,48.1113
4715,7296,6265,4152,3447,7227,6634,4150,3424,4481,4239,3677,3358,3623,3597,3358,3123,-14.7203,-16.8633,8.75127,48.034
4716,4368,7176,9407,5433,3909,4723,5119,4400,3456,3677,3703,3597,3290,3308,3372,3357,-30.4301,3.71884,8.9456,48.1967
4717,5426,6619,4814,3774,5621,7944,4917,3856,4083,4545,3841,3362,3555,3587,3451,3245,-12.859,-9.06702,8.94985,48.4267
4718,3166,3472,3519,3485,3520,3784,4286,4125,3808,4585,7382,5725,3740,4715,7317,6038,15.172,10.376,8.77963,48.4447
4719,3695,4660,6562,5510,3672,4838,7894,5686,3464,3835,4627,4177,3154,3353,3670,3507,-12.863,9.66069,8.68324,48.2027
4720,3467,3846,5168,8917,3319,3795,5081,8892,3132,3600,3944,4740,3233,3322,3585,3675,-14.6343,30.6431,8.66029,47.8107
4721,3165,3271,3424,3346,3405,3690,4076,3901,3735,4580,6320,5028,3983,5547,8684,6218,19.9496,8.31264,8.90375,48.2487
4722,3464,3930,4683,4461,3709,4680,7590,5867,3438,4299,6112,5223,3333,3816,4094,4044,-2.8451,10.7244,8.98319,48.4953
4723,3779,3581,3259,3220,5455,4392,3614,3274,9972,5177,3835,3333,6864,4922,3711,3352,9.6165,-31.5649,8.65752,47.8267
4724,8265,9403,4904,3708,5261,5357,4208,3616,3844,3837,3464,3193,3285,3372,3259,3116,-33.6072,-13.0737,8.8216,48.0613
4725,3992,5680,8625,5696,3826,4742,6409,4974,3449,3776,3973,3919,3182,3257,3425,3386,-19.4128,6.82299,8.83076,48.2073
4726,3271,3716,5115,8015,3480,3814,5337,9468,3211,3553,4159,5115,3178,3291,3536,3701,-12.2537,25.6941,8.98653,47.9733
4727,3104,3355,3444,3419,3535,3738,3984,3552,3986,4713,5195,4350,4348,7226,8953,5142,33.0643,2.89976,8.71501,48.0293
4728,5509,9481,7028,4248,4353,5040,4776,3887,3617,3748,3695,3413,3332,3256,3362,3254,-32.7241,-4.14095,8.80495,47.9993
4729,3431,3704,3867,3674,3600,4631,5410,4303,3951,5685,7904,4758,3772,4409,5119,4202,5.59895,4.73856,8.89625,48.28
4730,4277,4087,3522,3175,6419,5081,3787,3248,8345,6119,3899,3380,5354,4557,3702,3343,4.12893,-19.8636,8.51581,48.1967
4731,7600,5243,3821,3330,9587,5342,3857,3399,4979,4238,3530,3272,3488,3548,3216,3024,-11.9835,-33.1019,8.72609,47.6493
4732,3156,3349,3437,3259,3442,3644,4078,3849,3781,4666,6120,4884,4040,5682,8874,5927,21.1087,7.73537,8.87254,48.1253
4733,7435,7845,4694,3650,5902,6328,4464,3617,3976,4033,3575,3365,3491,3494,3268,3221,-18.7742,-13.1192,8.55319,48.2387
4734,7262,5017,3754,3241,9756,5164,3852,3361,5291,4212,3673,3308,3720,3527,3353,3260,-10.5474,-31.2079,8.51434,47.834
4735,3204,3336,3430,3147,3570,3864,3832,3542,4170,5246,5405,4326,4536,7668,7954,4820,22.2165,0.588722,8.77123,48.0333
4736,3144,3391,3743,4085,3398,3815,4881,5789,3359,4069,6471,8595,3360,3850,4872,5627,5.90563,18.951,8.90625,48.2993
4737,3272,3374,3687,3660,3309,3784,4576,4661,3517,4359,7257,7035,3494,4250,5974,5962,11.1662,14.2722,8.75544,48.114
4738,3376,3350,3138,3157,3813,3846,3391,3195,5453,5157,4093,3404,9460,8764,4487,3484,31.3085,-16.3806,8.93241,47.712
4739,5326,6139,4389,3772,5875,7992,4711,3732,4451,4724,3887,3440,3672,3680,3477,3165,-10.7579,-10.424,8.86626,48.288
4740,10180,5619,4004,3382,8088,5124,3844,3398,4274,4002,3600,3290,3405,3432,3305,3067,-17.8693,-33.0832,8.79903,48.0093
4741,5638,5184,3943,3412,8032,6724,4075,3417,5448,4819,3850,3231,3917,3802,3489,3202,-7.46513,-17.9321,8.50332,48.122
4742,3455,3468,3282,3320,3805,3591,3535,3247,5962,4676,3753,3317,12610,5806,3882,3424,32.5856,-31.4292,8.87554,47.422
4743,3333,3479,3205,3142,4275,3996,3508,3283,7487,4926,3849,3370,10906,6012,3923,3371,20.5517,-27.8478,8.60984,48.0433
4744,4249,5990,7003,4664,4179,5865,6674,4425,3649,4044,4065,3773,3312,3389,3447,3450,-15.5452,2.08712,8.68191,48.1187
4745,3340,3783,4697,5756,3351,3891,5751,9352,3316,3688,4781,6255,3159,3482,3893,4031,-5.48574,22.5136,8.92352,48.3507
4746,3593,3863,3854,3619,4114,5412,4809,3790,4599,7360,6068,3951,4068,4959,4472,3766,5.01117,-2.61707,8.82168,48.198
4747,3174,3432,3560,3302,3649,4056,3998,3805,4033,5822,6353,4429,4513,6421,7105,4595,16.774,1.7546,8.67214,48.1647
4748,3597,3513,3338,3190,4916,4127,3615,3186,9212,5325,3835,3347,8297,5141,3986,3400,13.3992,-27.9547,8.66376,48.0167
4749,4332,3929,3379,3240,6677,4688,3670,3362,9159,5572,3850,3447,5515,4524,3734,3313,4.59046,-24.0525,8.63371,48.2607
4750,3111,3203,3477,3443,3181,3522,4012,4316,3356,3961,5386,7226,3492,4075,6627,10124,19.7769,21.4846,8.72391,48.3413
4751,3219,3441,3671,3999,3252,3626,4406,5917,3413,3794,5339,9816,3259,3749,4803,6490,7.94267,27.8031,8.82368,48.1293
4752,3404,4072,5635,10909,3389,3844,4981,7578,3127,3423,4019,4219,3075,3256,3467,3330,-19.6447,31.7906,8.90073,47.8187
4753,3347,3421,3321,3169,3965,3855,3527,3235,5859,4999,3842,3388,11285,7207,4208,3481,29.6957,-21.6331,8.52251,48.0727
4754,3354,3428,3371,3234,3814,4139,3742,3455,5032,6755,4922,3897,5738,8129,5537,3861,18.0184,-6.98317,8.80809,48.272
4755,3055,3225,3386,3465,3214,3524,3836,3959,3445,4021,5542,6029,3573,4293,7789,9664,22.9299,17.6689,8.72515,48.0133
4756,3962,5241,7844,5566,3779,4985,7071,5123,3465,3734,4188,3922,3234,3363,3497,3368,-16.9047,7.50828,8.94993,48.228
4757,3357,3935,6321,10195,3389,3958,5115,7718,3314,3550,3958,4203,3123,3181,3396,3498,-19.103,23.8107,8.91031,48.1407
4758,3509,3944,6070,12855,3348,3620,4746,5922,3189,3495,3574,3942,3199,3156,3405,3476,-31.8924,31.33,8.90875,47.6333
4759,3321,3299,3340,3324,3456,3707,3759,3572,3851,4640,5236,4276,4195,6739,9699,5508,30.7198,4.71792,8.91062,47.948
4760,9541,6363,3961,3426,7543,5605,4057,3361,4232,3934,3524,3301,3541,3426,3259,3111,-18.2159,-21.5479,8.88083,48.1233
4761,3330,3589,4007,3864,3508,4213,5771,4825,3661,4695,7724,5753,3491,4097,4954,4738,4.99405,10.5492,8.68783,48.1467
4762,3116,3350,3592,3623,3335,3539,4074,4973,3259,3888,5475,9267,3317,3890,5269,8161,13.2052,25.4812,8.88797,48.0853
4763,3395,3377,3175,3070,4034,3829,3446,3254,6710,4939,3843,3428,11484,6525,4128,3387,23.3373,-24.444,8.81672,48.016
4764,3976,4432,4091,3700,4782,7123,5487,3860,4506,6238,4950,3810,3813,4037,3860,3582,-2.16053,-4.55064,8.80123,48.1647
4765,3188,3215,3394,3404,3161,3484,3630,3972,3354,3628,4826,5995,3382,3910,5949,12735,29.7202,29.8663,8.8699,47.4847
4766,3046,3312,3558,3507,3177,3470,4052,4492,3353,3866,5237,8584,3358,3815,5572,9579,16.2336,26.7342,8.86306,47.9853
4767,3301,3573,3455,3300,3816,4225,4086,3593,4553,6615,5830,4186,4620,6731,6182,4265,15.4108,-1.63435,8.80162,48.2207
4768,4403,7016,8902,5333,4063,4861,5356,4441,3488,3748,3890,3641,3181,3308,3439,3279,-24.2978,3.36911,8.55835,48.2327
4769,3377,3402,3267,3254,3589,3868,3752,3602,4418,5042,4711,4060,5329,8930,7413,4392,32.1144,-2.87422,8.65351,48.2707
4770,3824,4162,3680,3498,4725,6297,4466,3623,5293,7662,4838,3730,4305,4661,4022,3618,3.03957,-8.19657,8.98595,48.2693
4771,3330,3711,4446,5361,3395,3812,5191,9444,3414,3695,4704,7030,3206,3436,4027,4386,-3.84482,27.1813,8.6525,48.392
4772,3309,3420,3374,3312,3608,3764,3830,3631,4119,5416,5891,4380,4495,7188,7843,4888,20.2855,1.36479,8.75357,48.312
4773,3848,4456,4417,3778,4177,6453,6424,4278,4127,5336,5464,4069,3634,3900,4024,3749,-3.02637,-0.0157523,8.55208,48.0893
4774,3572,4384,6256,5737,3491,4421,7777,6545,3489,3814,4536,4555,3149,3352,3626,3634,-11.8789,12.737,8.81309,48.2253
4775,4101,7022,9497,5679,4068,4519,5140,4459,3447,3664,3753,3655,3177,3336,3356,3287,-30.0294,4.20988,8.93023,48.1067
4776,3134,3218,3321,3457,3174,3438,3768,4041,3367,3848,4939,7058,3332,3940,5848,11652,21.5662,33.1955,8.95138,47.69
4777,3296,3730,4739,6200,3373,3872,5144,10015,3233,3625,4461,5922,3203,3304,3805,3891,-7.42755,33.3599,8.9927,47.8753
4778,3086,3247,3416,3558,3148,3541,4081,4522,3486,3812,5421,8422,3392,3859,5712,9488,16.5195,24.3276,8.86505,48.1273
4779,3144,3219,3397,3472,3205,3623,3870,4202,3501,4044,5332,7067,3496,4119,6697,9750,20.0142,20.6685,8.60342,48.092
4780,4776,5510,4417,3731,5637,8039,4895,3694,4506,5116,3987,3642,3877,3705,3605,3200,-8.20147,-8.91943,8.51342,48.2247
4781,6928,7754,4767,3658,5958,6636,4379,3582,4158,4135,3625,3463,3434,3576,3300,3123,-17.6856,-13.2465,8.83836,48.3173
4782,3673,4150,4715,4103,3864,5389,7423,4827,3709,4693,6078,4443,3496,3819,4101,3807,-3.24835,5.22861,8.53801,48.1933
4783,7400,9590,5175,3802,5175,5546,4384,3488,3896,3862,3641,3386,3429,3379,3271,3030,-24.4007,-11.3552,8.67463,48.3027
4784,3241,3402,3327,3266,3595,3729,3873,3480,4437,5507,4766,3869,5231,8895,6941,4366,24.0094,-3.4826,8.86719,47.95
4785,3519,3578,3346,3253,4512,4380,3747,3394,6574,7345,4511,3631,6139,6467,4330,3707,12.7302,-13.598,8.75092,48.2887
4786,6849,9463,5375,3860,5137,5797,4316,3735,3833,3814,3668,3216,3334,3398,3256,3112,-22.8083,-10.4157,8.96467,48.1087
4787,3768,4065,3995,3459,4240,5641,4989,3819,4459,7179,5915,4079,4022,4615,4359,3754,3.54904,-2.87684,8.80337,48.2387
4788,3886,3827,3439,3088,5886,4422,3653,3269,9732,5434,3806,3301,6527,4865,3603,3326,8.13783,-25.3875,8.95914,48.0427
4789,3641,4114,4623,4191,3597,5230,7814,5190,3693,4611,6051,4645,3400,3709,4006,3861,-3.36967,7.30071,8.88571,48.2507
4790,5427,5704,4248,3562,6787,7722,4427,3581,4580,4832,3861,3519,3788,3804,3516,3268,-9.8152,-12.7277,8.69714,48.4173
4791,3235,3366,3259,3262,3565,3682,3654,3546,4312,5155,4857,4120,5157,8840,7469,4587,26.7815,-2.09971,8.62811,48.044
4792,11129,5778,3941,3460,7382,4851,3762,3288,4197,3893,3479,3244,3403,3388,3220,3189,-20.6949,-31.0242,8.73036,47.736
4793,3433,3717,4654,4981,3433,4236,6824,7249,3406,3943,5654,5927,3184,3591,4145,4236,-3.51093,16.0616,8.73185,48.4087
4794,3434,4215,6852,8964,3456,3973,5667,6892,3354,3572,3866,4219,3055,3239,3466,3517,-19.1352,19.0195,8.62835,47.8273
4795,4538,4203,3570,3289,7054,5786,3892,3456,7364,5886,3900,3413,4703,4335,3619,3219,0.255492,-19.0895,8.67008,48.1513
4796,4514,6624,6248,4314,4443,6554,6029,4258,3731,4076,4194,3614,3417,3436,3499,3271,-15.2354,-1.11195,8.77043,48.148
4797,3436,3385,3159,3154,3996,3881,3434,3202,6008,4713,3775,3267,12097,6578,3978,3423,31.1342,-24.8118,8.66109,47.6573
4798,3440,3758,4523,4496,3443,4291,6695,6332,3544,4199,6201,5966,3303,3681,4150,4369,-0.88018,14.2786,8.59923,48.2607
4799,5112,4278,3686,3358,9008,5193,3859,3339,7280,4840,3794,3154,4312,4018,3464,3261,-2.85756,-33.1785,8.66269,47.9707
4800,3410,3370,3299,3130,3752,3745,3560,3349,5073,5255,4372,3627,7338,9884,5113,3633,33.1418,-10.8932,8.96064,47.94
4801,12441,6046,3938,3272,6435,4757,3875,3268,3914,3859,3384,3166,3272,3420,3189,3209,-25.7217,-29.4828,8.62943,47.63
4802,6185,6073,3984,3429,7224,7174,4263,3516,4681,4693,3748,3302,3697,3634,3435,3212,-11.5546,-15.0714,8.76576,48.1667
4803,3344,3401,3289,3133,3947,3789,3343,3166,6052,4884,3852,3347,12582,6386,3973,3458,30.5394,-26.551,8.75598,47.964
4804,3022,3310,3363,3459,3217,3562,3903,3991,3328,3806,4927,6177,3373,4071,6688,11766,26.944,23.9693,8.50594,47.9753
4805,3259,3248,3422,3314,3207,3460,3830,4032,3412,3785,4794,6321,3310,3981,5877,12524,25.9118,31.6055,8.84084,47.8507
4806,3429,3368,3261,3124,3745,3784,3585,3361,4879,5526,4270,3715,6856,9774,5544,3955,24.9302,-8.99061,8.52416,48.1173
4807,3465,3623,3579,3397,3690,4243,4161,3753,4511,6805,6490,4295,4436,5967,5740,4339,12.7029,-0.596661,8.91185,48.3293
4808,3403,3899,5666,8571,3401,3786,5586,8717,3296,3545,4113,4695,3162,3339,3569,3699,-14.5631,23.7169,8.50514,48.298
4809,3384,3925,6013,9274,3518,3935,5458,7983,3224,3519,3965,4504,3075,3282,3531,3539,-17.2183,23.3611,8.64556,48.086
4810,3489,3672,3598,3547,3946,4867,4844,3900,4349,7097,6760,4072,4239,5025,4799,4045,7.29998,-0.835873,8.71269,48.166
4811,3039,3330,3320,3428,3243,3492,3721,3796,3450,4037,5113,5773,3430,4478,8271,9851,26.8127,17.3358,8.85628,47.848
4812,3294,3562,3980,3863,3580,4327,5808,4813,3687,4833,7870,5618,3563,4052,4915,4553,4.29288,9.35711,8.97333,48.212
4813,3554,3916,4516,4301,3797,4957,7693,5272,3678,4467,6271,4778,3366,3883,4147,3942,-2.29176,8.30181,8.86132,48.3587
4814,3256,3542,3599,3540,3503,4159,4713,4028,3901,5506,7911,5189,3918,4960,6124,4898,11.0499,6.04909,8.52948,48.498
4815,3435,3934,5298,8259,3408,3799,5117,9107,3288,3544,4121,4949,3103,3212,3581,3615,-13.6736,32.2168,8.62141,47.8467
4816,4600,4108,3610,3343,7921,4866,3774,3435,8290,4894,3782,3403,4766,4135,3612,3312,0.872331,-33.8342,8.67863,47.9007
4817,5949,6086,4323,3476,6854,7507,4460,3445,4467,4688,3771,3329,3653,3686,3425,3139,-11.7674,-13.605,8.89788,48.172
4818,6021,4732,3803,3229,9162,6045,3974,3477,5629,4638,3691,3229,4003,3788,3436,3142,-7.27569,-21.5702,8.93569,47.9993
4819,3095,3261,3442,3509,3324,3464,3983,4314,3349,3858,5366,7271,3373,4065,6548,9947,19.2576,21.7087,8.9913,48.1127
4820,3492,3957,6304,11652,3338,3745,4886,6798,3257,3500,3752,4066,3105,3200,3441,3491,-23.618,26.0092,8.58194,47.9893
4821,3348,3479,3393,3304,3580,4109,4090,3661,4247,6309,6080,4220,4593,6936,6565,4411,16.7202,-0.332333,8.75848,48.2167
4822,5179,7724,5915,4159,4790,6661,5353,3816,3758,4086,3973,3480,3440,3357,3365,3213,-17.32,-4.73367,8.89942,48.1793
4823,6813,8029,4686,3656,5839,6586,4399,3622,4042,4182,3661,3379,3336,3470,3308,3110,-18.02,-12.038,8.72439,48.0787
4824,6471,4737,3684,3347,10075,5239,3734,3272,5975,4318,3579,3283,3885,3753,3387,3102,-8.045,-31.2234,8.92349,47.894
4825,3555,3558,3154,3085,4420,4003,3442,3150,8090,5068,3759,3382,10306,5724,3983,3320,18.1659,-27.2339,8.77514,47.9993
4826,3549,4131,7352,10769,3501,3869,5054,6302,3217,3525,3915,3970,2984,3318,3377,3346,-23.9905,20.3045,8.99402,48.1193
4827,3399,3409,3194,3114,3835,3851,3440,3247,5202,5236,4245,3567,8451,9553,5031,3483,28.6525,-13.3035,8.86924,48.1713
4828,3298,3318,3155,3073,3980,3803,3455,3218,5952,5033,3842,3426,11216,7232,4175,3381,27.8449,-21.1234,8.70923,47.7047
4829,3343,3712,4786,6474,3278,3845,5111,10075,3272,3559,4431,5870,3163,3382,3816,3867,-7.98536,32.3863,8.76132,47.9893
4830,3354,3910,6015,12162,3421,3827,4862,6459,3361,3458,3849,4080,3147,3221,3356,3339,-24.7212,28.7756,8.66225,47.8807
4831,8106,9405,4897,3704,5213,5169,4119,3600,3915,3797,3484,3336,3433,3387,3298,3102,-32.1016,-12.744,8.60437,47.9767
4832,4217,4158,3661,3399,6061,6055,4085,3463,6617,6670,4204,3590,4585,4477,3892,3370,1.81335,-14.758,8.98733,48.336
4833,7148,9236,5310,3768,5066,5642,4325,3649,3889,3986,3654,3390,3381,3441,3302,3263,-23.8631,-10.6494,8.66993,48.3
4834,3365,3547,4290,5042,3271,3812,5106,8833,3317,3753,4879,7841,3266,3569,4064,4535,-1.16071,26.2793,8.94176,48.3267
4835,3242,3338,3323,3168,3728,3837,3689,3501,4504,4988,4642,3938,5703,9611,6668,4197,31.318,-5.32424,8.80063,48.0513
4836,3197,3427,3629,3645,3425,3675,4568,4376,3773,4757,8096,6022,3716,4512,6226,5654,11.5269,11.0176,8.62396,48.4653
4837,3451,3695,3913,3638,3850,4724,5418,4200,4180,6090,7524,4790,3678,4343,4887,4144,5.16868,3.27909,8.97421,48.35
4838,5146,5161,3963,3344,6964,7437,4210,3542,5069,5376,3952,3248,3947,3895,3414,3244,-6.11778,-14.4726,8.86175,47.9413
4839,12280,6005,3927,3408,6565,4815,3919,3377,3839,3775,3469,3186,3333,3330,3161,3180,-23.7373,-33.5043,8.88233,47.7127
4840,5137,4279,3689,3253,8695,5342,3765,3421,7428,4910,3666,3275,4516,4113,3537,3103,-2.08474,-25.2197,8.71008,48.086
4841,3244,3479,3465,3324,3555,3806,4097,3738,3975,5434,6507,4621,4197,5956,7596,5002,17.5909,3.64759,8.63519,47.9973
4842,3183,3447,3202,3195,3879,3912,3605,3289,5416,5125,4120,3589,8530,9044,4734,3590,32.111,-14.1124,8.5028,47.9067
4843,3126,3229,3418,3323,3092,3402,3880,3907,3407,3790,4773,6006,3359,3975,6073,12481,30.6227,29.7398,8.67365,47.494
4844,3499,3678,3993,3851,3592,4194,5932,4771,3774,4819,7785,5556,3628,3927,4849,4504,3.88146,9.17052,8.674,48.2347
4845,3184,3429,3308,3288,3478,3698,3906,3751,4025,4822,5644,4643,4237,6528,9051,5657,23.5518,4.89794,8.71027,48.4327
4846,3856,5633,9740,6878,3781,4332,5533,5082,3338,3536,3910,3663,3089,3335,3437,3272,-24.8774,9.12632,8.86251,48.2767
4847,4199,4015,3560,3269,6311,5067,3787,3310,8483,5927,3937,3550,5334,4588,3747,3261,4.30171,-20.1372,8.52559,48.23
4848,3588,3551,3304,3069,4559,4074,3616,3303,7887,5987,3900,3467,8206,6145,4041,3342,15.519,-20.6758,8.81078,48.026
4849,3210,3566,3968,4343,3214,3723,4644,6914,3407,3742,5545,9085,3341,3682,4285,5446,4.1444,25.0133,8.50898,48.0767
4850,3369,3486,3237,3132,4036,3970,3510,3260,5782,5891,4232,3520,7735,8562,4827,3643,21.0381,-13.8072,8.80817,48.128
4851,4154,3898,3433,3279,6930,4749,3721,3296,9595,5101,3719,3362,5446,4516,3618,3358,4.27422,-31.0925,8.95621,48.1167
4852,7008,6095,4210,3388,7712,6752,4175,3467,4809,4314,3683,3278,3668,3587,3371,3136,-13.2213,-17.3841,8.73164,48.4353
4853,3259,3388,3337,3231,3525,3800,3774,3436,4247,5086,4770,4020,5126,8942,7824,4342,27.4643,-1.70497,8.73186,48.0713
4854,3175,3455,3844,3903,3312,3581,4373,6038,3398,3872,5217,9747,3196,3699,4752,6195,7.07528,30.7836,8.51949,47.838
4855,3559,4069,4704,4242,3784,5076,7537,5069,3756,4605,6088,4729,3497,3815,4126,3954,-2.97074,7.03925,8.51951,48.4067
4856,3444,3784,4569,5793,3389,3800,5403,9545,3210,3628,4540,6323,3259,3492,3902,4149,-5.96753,25.9986,8.63536,48.1533
4857,6787,9811,5679,3952,5046,5506,4262,3686,3665,3749,3682,3343,3290,3447,3224,3089,-25.9727,-9.14291,8.81261,48.1453
4858,3715,5076,8452,6334,3640,4581,6427,5372,3373,3709,4066,4031,3124,3353,3389,3394,-18.5666,10.2136,8.93399,48.024
4859,3140,3125,3407,3430,3296,3531,3858,3899,3549,4032,5198,5438,3525,4596,8695,9263,32.9623,15.6527,8.78618,47.988
4860,3581,3413,3198,3135,3907,3660,3453,3136,5934,4828,3852,3383,12231,6494,3954,3376,31.0737,-25.0479,8.6548,47.69
4861,3106,3195,3405,3259,3193,3601,3859,3940,3407,3795,5011,6199,3334,4143,7131,11327,25.5636,21.5372,8.86074,47.9367
4862,11792,6808,4105,3413,6005,4885,3855,3352,3908,3836,3464,3178,3470,3305,3264,3215,-32.0443,-22.7282,8.56758,47.9033
4863,4259,3943,3348,3280,6761,4580,3686,3368,9677,5263,3715,3376,5707,4432,3588,3308,5.29836,-28.3315,8.57474,48.194
4864,3140,3365,3673,3659,3252,3694,4198,5144,3332,3872,5174,9704,3290,3837,5022,7881,11.6921,31.4342,8.91882,48.158
4865,5451,4412,3501,3232,9524,4984,3801,3314,6969,4611,3660,3346,4186,3870,3528,3332,-4.2533,-31.697,8.8212,47.814
4866,3150,3319,3444,3445,3362,3619,3805,3774,3708,4301,5262,4983,3897,5452,9750,6649,33.8448,9.30764,8.71989,47.9467
4867,6327,4755,3719,3306,9723,5331,3919,3357,5847,4438,3583,3210,3899,3716,3482,3169,-7.7944,-26.1465,8.57777,47.854
4868,6956,4956,3619,3262,9856,5292,3883,3251,5672,4212,3676,3210,3819,3648,3302,3228,-9.90214,-29.2692,8.75328,47.8947
4869,3630,3530,3347,3240,4154,4462,3865,3536,5837,8013,4945,3597,5463,6595,4684,3694,12.5456,-9.69052,8.88949,48.3947
4870,3323,3621,3790,3759,3446,4127,5357,4451,3808,4933,8178,5702,3626,4270,5420,4699,7.49066,9.14558,8.84479,48.34
4871,3739,4395,4382,3984,4142,6106,6902,4494,4013,5149,5793,4159,3580,3958,4090,3563,-2.76192,2.25506,8.63547,48.2993
4872,3370,3418,3407,3181,3682,3922,3497,3417,4892,5325,4516,3807,6249,9654,5980,3967,33.0946,-7.51074,8.52763,48.1893
4873,3206,3525,4030,4481,3439,3832,4817,7496,3421,3798,4930,8641,3296,3575,4369,5107,2.05081,33.4718,8.58289,47.9753
4874,3289,3761,5320,8415,3380,3824,5266,9387,3294,3559,4225,4880,3072,3287,3588,3681,-13.7336,27.3493,8.92689,48.152
4875,3336,3998,5984,11667,3317,3876,4877,6972,3363,3434,3921,4177,3121,3257,3424,3507,-21.938,28.9404,8.75389,48.154
4876,4186,5512,5640,4333,4320,6637,6998,4583,3693,4385,4481,3872,3351,3556,3509,3443,-11.0906,1.00355,8.67213,48.3327
4877,3437,3408,3223,3144,4198,3906,3387,3229,7158,5206,3932,3457,10216,6491,4097,3477,20.4958,-22.4201,8.67937,47.9773
4878,3469,3662,3578,3357,3971,4686,4234,3611,4866,7760,5941,4044,4503,5669,4902,4075,10.0319,-3.88857,8.76664,48.2187
4879,3383,4089,5429,5812,3515,4300,7070,7444,3302,3806,4854,4943,3251,3459,3692,3714,-8.79094,15.8458,8.50156,48.042
4880,4943,7109,5576,4163,4760,7223,5454,3924,3826,4184,3931,3579,3433,3516,3403,3278,-15.1441,-4.41097,8.94733,48.2013
4881,12523,6041,3818,3435,5995,4728,3900,3387,3924,3727,3421,3236,3444,3408,3210,3171,-33.1545,-27.1107,8.60725,47.5787
4882,3224,3375,3751,3956,3326,3714,4437,5857,3513,3840,5067,9725,3284,3772,4791,6356,7.98384,29.2741,8.53764,47.992
4883,3471,3963,5252,7134,3340,4025,5966,8861,3267,3634,4361,5089,3092,3348,3547,3746,-11.2165,21.6282,8.50447,48.064
4884,4763,8097,8690,4976,4009,4835,4970,4308,3529,3750,3735,3483,3184,3319,3402,3255,-31.2716,0.814764,8.72151,48.2033
4885,3603,3491,3362,3024,4711,4078,3689,3201,8686,5523,3836,3411,8561,5587,3891,3517,14.5997,-23.6023,8.52816,48.114
4886,5196,6463,4772,3605,5473,7877,5048,3786,4182,4686,3956,3531,3467,3628,3475,3261,-12.7117,-8.13145,8.56415,48.2707
4887,5609,9094,6774,4184,4484,5481,4810,3851,3746,3839,3610,3419,3349,3286,3180,3119,-24.1127,-4.70616,8.65185,47.89
4888,4860,4209,3669,3174,8193,5132,3833,3315,8064,5101,3846,3344,4794,4269,3557,3175,-0.137507,-24.1115,8.84537,48.3567
4889,3802,4395,4346,3771,4313,6249,6104,4196,4144,5782,5644,4014,3707,4045,4078,3649,-1.59471,-0.616961,8.56302,48.1593
4890,4322,5798,5183,4044,4614,7451,6347,4138,3817,4618,4426,3652,3487,3639,3608,3404,-10.6823,-2.17368,8.84991,48.3653
4891,6382,4761,3674,3275,9874,5333,3821,3320,5918,4425,3685,3283,3916,3731,3361,3180,-7.94188,-26.846,8.84576,47.9593
4892,4087,3934,3500,3268,6397,4787,3686,3317,9315,5613,3832,3409,5634,4582,3644,3399,5.45286,-23.3359,8.91907,48.2693
4893,3266,3441,3963,4331,3340,3860,4635,7228,3399,3796,5038,9143,3234,3637,4363,5253,2.93424,33.0135,8.63205,47.9513
4894,3490,4198,5528,5233,3587,4501,7954,6502,3522,3911,4970,4601,3262,3563,3710,3726,-8.85106,12.0929,8.75641,48.172
4895,3139,3237,3408,3474,3313,3414,3958,4313,3359,3818,5054,7911,3457,3956,5704,10431,18.939,33.763,8.91424,47.964
4896,3559,4023,4034,3836,3974,5269,5708,4074,4087,6120,6652,4264,3825,4307,4548,3931,2.51552,1.38174,8.72142,48.1407
4897,3254,3364,3866,4082,3353,3582,4451,6215,3412,3776,5347,9759,3387,3715,4635,6096,6.65758,27.9309,8.75617,48.196
4898,3320,3409,3426,3218,3576,3877,3773,3557,4196,4888,4956,4180,4709,8179,8077,4747,32.0775,-0.212423,8.54766,48.0587
4899,3370,4043,5595,6291,3453,4128,6907,8240,3370,3681,4647,5048,2983,3323,3764,3763,-10.117,17.4972,8.99059,48.404
4900,4639,4100,3596,3229,7744,4803,3769,3310,8591,4896,3710,3382,4967,4236,3597,3413,1.01549,-33.9235,8.73116,47.988
4901,3455,4324,7581,10785,3380,3943,5077,5911,3189,3586,3835,4081,3208,3158,3381,3419,-26.2899,19.8708,8.71181,48.2087
4902,3336,3396,3214,3124,4175,3919,3496,3343,7235,5022,3698,3351,11115,6152,3984,3386,21.2751,-25.9179,8.72506,47.964
4903,3893,5598,9878,6888,3608,4210,5480,4890,3334,3675,3878,3857,3102,3252,3354,3257,-26.4347,9.48331,8.7743,48.1027
4904,3284,3498,3181,3129,3736,3761,3562,3301,5275,5254,4328,3539,8208,9537,4965,3689,27.0617,-12.9613,8.97971,48.1647
4905,3714,3849,3701,3376,4337,5337,4325,3706,4923,8098,5604,3786,4404,5139,4478,3736,6.5926,-5.74344,8.98826,48.342
4906,10973,6815,4147,3408,6526,5102,3896,3437,4109,4003,3533,3136,3420,3471,3218,3111,-22.9179,-22.157,8.66194,48.2033
4907,3867,4055,3689,3354,4509,6071,4752,3746,4914,7529,5272,3815,4261,4696,4141,3628,3.13454,-5.95446,8.83041,48.1993
4908,3577,3441,3319,3131,4429,4040,3518,3181,7856,5564,3909,3321,9173,6413,3946,3403,17.2298,-21.3525,8.92176,48.1473
4909,3422,3784,5931,12497,3427,3655,4674,5962,3144,3446,3782,4008,3187,3198,3422,3527,-33.186,30.8005,8.80999,47.3773
4910,3497,4266,7297,9829,3348,4025,5423,6400,3296,3602,3987,4073,3108,3135,3446,3466,-21.3013,18.9932,8.77942,48.132
4911,4130,4728,4343,3754,4543,7075,6109,4038,4176,5754,4938,3893,3744,3954,3765,3519,-4.12524,-2.94764,8.55486,48.3087
4912,3680,4881,8479,7323,3571,4309,6118,5742,3361,3556,4123,3953,3167,3236,3364,3349,-20.0245,12.6917,8.9957,48.1413
4913,3120,3492,3893,4253,3379,3634,4671,6910,3358,3758,5190,9669,3321,3736,4388,5619,4.14832,28.8738,8.72284,48.2607
4914,3155,3341,3408,3328,3336,3552,3729,3730,3532,4140,5352,5082,3684,5137,9735,7738,27.6574,11.6802,8.86315,47.986
4915,5153,5373,4045,3506,6586,7755,4585,3633,4827,5154,3858,3414,3788,3766,3407,3241,-7.74514,-12.2586,8.89669,48.0607
4916,3338,3365,3309,3223,3661,3866,3834,3530,4485,5632,4957,3874,5339,8965,6795,4412,22.7172,-3.66285,8.80194,48.39
4917,3312,3435,3361,3184,3539,3829,3923,3563,4086,5097,5216,4211,4744,7687,8249,4899,25.219,0.47844,8.51259,48.2233
4918,4600,8164,8305,4733,4241,4957,5042,4214,3578,3759,3812,3562,3271,3399,3332,3278,-33.9616,0.319902,8.92849,48.1647
4919,3514,4421,8442,9681,3485,3994,5041,5596,3328,3509,3913,3756,2953,3281,3326,3460,-31.1734,16.7207,8.90079,47.8
4920,3615,3604,3314,3191,4266,4208,3725,3352,6504,7050,4448,3522,6507,7001,4377,3487,15.1187,-14.0754,8.97275,48.114
4921,3660,3624,3261,3223,4743,4138,3674,3240,9495,5082,3765,3325,8260,5227,3748,3342,13.4129,-32.6623,8.81396,47.8713
4922,7545,6469,4205,3435,7378,6410,4003,3558,4475,4229,3521,3364,3655,3512,3349,3105,-14.971,-17.3013,8.62218,48.142
4923,4200,6185,8930,5556,3849,4828,5974,4600,3439,3895,4030,3772,3072,3368,3367,3422,-21.1533,5.43799,8.84618,48.3247
4924,3341,3452,3208,3023,4170,3803,3500,3238,6392,5322,3949,3417,10266,7283,4139,3557,22.6996,-19.8029,8.54719,48.04
4925,3341,3769,5114,7380,3346,3932,5391,9603,3319,3648,4243,5319,3161,3370,3653,3780,-10.6224,26.3855,8.65298,48.246
4926,3171,3225,3273,3426,3340,3572,3858,3951,3583,4176,5960,5389,3763,4916,9032,7320,22.0146,12.1133,8.59256,47.97
4927,3438,3506,3199,3075,4124,3943,3620,3287,6950,5486,4037,3421,9510,6855,4263,3403,20.0941,-20.1754,8.5448,48.078
4928,5429,5559,4094,3582,6824,7587,4444,3669,4658,4946,3872,3460,3896,3750,3358,3251,-9.01836,-13.5136,8.57239,48.2527
4929,4442,6991,7829,4840,4185,5496,5928,4367,3488,3729,3926,3685,3243,3375,3374,3219,-19.7325,1.79721,8.88215,48.078
4930,3626,3785,3675,3410,4427,5462,4340,3581,5347,8064,5386,3787,4600,5212,4299,3684,6.65545,-7.33466,8.86907,48.4567
4931,9810,6194,3937,3376,7757,5297,3914,3399,4451,4043,3588,3174,3555,3374,3272,3111,-18.5603,-23.3445,8.58942,48.168
4932,3702,5275,9505,7293,3596,4277,5555,5062,3319,3577,3861,3896,3120,3231,3448,3346,-25.4575,11.3906,8.90557,48.042
4933,4049,5821,7000,4713,4194,5809,6892,4599,3466,4066,4210,3770,3260,3439,3615,3389,-14.869,2.8056,8.72979,48.1947
4934,12406,5924,4022,3497,6225,4858,3800,3468,3881,3703,3386,3343,3222,3323,3169,3196,-25.6942,-33.0709,8.8734,47.6153
4935,3510,3587,3471,3308,3852,4560,4081,3601,4813,7397,6062,4004,4551,5996,5222,4023,11.8143,-3.26612,8.99057,48.0253
4936,3112,3315,3541,3625,3318,3528,4308,4671,3372,3880,5261,9153,3398,3891,5208,8628,14.283,31.0246,8.76895,48.1393
4937,3069,3322,3378,3330,3337,3654,3898,3962,3684,4381,5911,5236,3715,5231,8994,6886,21.9969,10.8046,8.53969,47.992
4938,3681,4961,8426,6747,3742,4453,6461,5395,3372,3655,4108,3963,3107,3335,3366,3428,-19.0371,11.1159,8.73424,48.1333
4939,3062,3218,3385,3368,3109,3413,3776,3927,3375,3712,4765,6142,3415,3941,6012,12525,27.3296,28.451,8.62007,47.43
4940,4107,6201,9705,6132,3882,4493,5476,4549,3477,3674,3767,3811,3161,3287,3327,3275,-25.8321,6.71606,8.8509,48.216
4941,4601,5325,4259,3661,5373,7954,5260,3729,4379,5370,4327,3557,3821,3773,3627,3289,-7.19883,-7.42058,8.58467,48.2033
4942,3209,3492,4213,4612,3402,3961,5426,7142,3415,3844,5661,7828,3207,3752,4376,4902,1.1548,20.258,8.78771,48.2947
4943,3112,3149,3314,3423,3151,3405,3904,3865,3459,3898,5060,6057,3492,4105,7285,11058,26.0639,21.0955,8.63572,47.8247
4944,3788,3689,3424,3170,5455,4385,3666,3274,9394,5824,3960,3398,6639,5114,3797,3358,9.49119,-23.1392,8.58687,48.2233
4945,3280,3402,3323,3115,3557,3687,3717,3393,4331,5230,4762,3993,5304,9108,7239,4451,26.3688,-3.05123,8.86645,47.928
4946,3145,3199,3385,3360,3300,3554,3823,3809,3533,4042,5299,5396,3547,4756,8938,8721,27.1955,14.4915,8.78214,47.8713
4947,3379,3943,5752,9125,3365,3833,5346,8487,3175,3489,4018,4725,3191,3273,3460,3515,-16.002,23.6901,8.9596,48.0507
4948,3239,3851,4638,5700,3424,3948,6043,8722,3349,3794,4763,6041,3280,3436,3848,4155,-5.41733,21.4977,8.57861,48.154
4949,6578,8207,5136,3860,5523,6632,4670,3795,4016,3951,3709,3346,3348,3321,3332,3167,-18.8665,-10.3488,8.57497,48.394
4950,10008,6305,4150,3407,7452,5180,3864,3345,4268,3973,3499,3311,3367,3329,3290,3014,-19.1683,-22.6349,8.8628,47.8413
4951,3393,3363,3216,3140,3652,3807,3564,3281,5164,5135,4158,3730,7499,9773,5291,3772,28.5319,-11.2005,8.9542,47.9587
4952,3634,4740,7395,6350,3643,4467,7137,6005,3353,3783,4196,4079,3222,3380,3532,3413,-15.667,11.6858,8.86389,48.2193
4953,3418,3345,3254,3109,4238,3893,3449,3231,7989,5053,3814,3365,10545,5541,3976,3392,18.4855,-29.8608,8.94127,47.7413
4954,4319,4070,3547,3256,6215,5459,3815,3381,7597,6437,3986,3413,4996,4550,3844,3374,3.04069,-17.4925,8.9409,48.1727
4955,3912,5492,8716,5933,3727,4775,6493,4961,3491,3689,4142,3856,3098,3383,3431,3339,-19.4537,7.99963,8.83917,48.292
4956,3125,3272,3432,3403,3243,3623,3762,3922,3450,4084,5222,5770,3484,4464,8163,9554,24.2904,16.633,8.85032,47.982
4957,4118,5468,6685,4745,3964,5622,7301,4735,3611,3994,4382,3924,3406,3489,3517,3397,-13.7471,3.85777,8.59018,48.2387
4958,8110,8415,4580,3554,6016,5906,4104,3487,4079,3935,3575,3262,3570,3518,3254,3070,-20.7705,-14.7847,8.90431,48.29
4959,3509,4069,6184,9334,3447,4011,5413,7717,3320,3500,4031,4310,3160,3388,3418,3532,-17.5678,21.6796,8.69674,48.2287
4960,3331,3278,3269,3127,3863,3908,3542,3114,6048,5000,3974,3441,10604,7675,4366,3372,25.4614,-19.4314,8.85252,47.9413
4961,3660,4777,7825,6857,3658,4354,6737,5745,3400,3677,4155,4046,3113,3425,3430,3371,-17.6542,12.3097,8.86183,48.1533
4962,3228,3398,3518,3595,3310,3682,4418,4165,3564,4623,7616,5805,3729,4589,6965,5829,14.2627,10.7413,8.60602,48.0227
4963,3381,3260,3220,3129,3891,3702,3468,3212,5917,4840,3860,3391,11925,6542,3993,3400,30.288,-23.9492,8.50678,47.4207
4964,4575,4019,3554,3232,7791,4808,3742,3262,8739,4938,3696,3451,4987,4329,3571,3135,1.61096,-30.41,8.93232,47.886
4965,12460,6180,3963,3366,5925,4775,3707,3369,3846,3772,3495,3189,3263,3351,3251,3191,-28.607,-33.9491,8.63484,47.402
4966,3604,3605,3256,3204,4536,4328,3714,3354,7507,6591,4032,3520,7076,6305,4187,3398,13.781,-17.1464,8.80757,48.1447
4967,3653,4298,5050,4255,3898,5499,7754,5028,3736,4525,5350,4285,3411,3638,3935,3758,-5.78403,5.51467,8.53877,48.0487
4968,7829,5777,3971,3286,8457,5858,4040,3494,4766,4128,3564,3340,3656,3528,3267,3084,-13.8027,-21.8086,8.71837,48.03
4969,3926,5711,9598,6443,3781,4497,5738,4817,3351,3735,3828,3726,3159,3232,3349,3332,-24.8541,8.61344,8.73173,48.1487
4970,3666,4922,9315,8109,3614,4043,5317,5285,3265,3523,3863,3962,3193,3244,3357,3296,-27.0135,13.2007,8.98843,47.9827
4971,3159,3247,3410,3572,3148,3403,3859,3947,3400,3852,4904,5860,3500,4144,7391,10931,33.8862,20.5919,8.52079,47.818
4972,3412,3419,3296,3165,3972,3853,3620,3303,5543,5841,4310,3595,7240,8625,4963,3638,21.1187,-12.2519,8.65102,47.8633
4973,3198,3156,3409,3269,3391,3589,3730,3756,3845,4386,5232,4486,4199,6350,9993,5864,30.0015,6.02561,8.84972,47.902
4974,3776,3749,3467,3234,4648,5008,3870,3487,6262,7889,4644,3583,5274,5626,4198,3578,8.99963,-11.7072,8.92112,48.1953
4975,7919,5271,3850,3504,9533,5198,3791,3478,5130,4175,3595,3279,3654,3625,3331,3076,-12.1939,-31.3561,8.59066,48.2727
4976,2949,3311,3394,3390,3323,3518,3869,4178,3367,3861,4890,7461,3401,3935,5841,11213,19.9909,31.845,8.7834,47.934
4977,3951,3702,3400,3190,6041,4394,3644,3446,9905,5130,3809,3328,6199,4691,3704,3309,7.23438,-31.744,8.74492,47.8953
4978,3487,3618,3337,3087,4539,4012,3390,3294,8527,5565,3874,3311,8964,5733,3981,3404,15.5359,-24.051,8.59656,48.082
4979,3266,3229,3463,3320,3272,3453,3835,3851,3318,3815,4663,6147,3440,3934,6003,12441,29.256,30.0265,8.54235,47.6333
4980,6881,4997,3805,3299,9830,5215,3779,3374,5611,4197,3601,3347,3814,3707,3368,3147,-9.6034,-32.0566,8.78172,47.9813
4981,3255,3646,4442,5639,3407,3707,5296,9324,3243,3637,4663,6689,3161,3462,3861,4264,-4.71886,26.1798,8.50926,47.7973
4982,3396,3369,3240,3187,3743,3733,3429,3207,5955,4705,3705,3439,12912,5978,3793,3299,31.2037,-29.5737,8.81201,47.3933
4983,3073,3306,3525,3676,3278,3611,4197,4940,3334,3778,5245,9466,3374,3800,5119,7956,12.074,32.7343,8.80394,47.7853
4984,3633,3701,3397,3221,4642,4427,3753,3219,7188,7125,4378,3495,6134,5922,4192,3535,11.308,-15.1434,8.85518,47.9747
4985,3830,3903,3713,3442,4178,5526,4919,3940,4665,7341,5904,4021,4247,4711,4382,3721,4.74254,-3.54566,8.52779,48.2953
4986,3377,3802,5172,7985,3430,3875,5159,9516,3352,3617,4198,5115,3144,3429,3625,3624,-12.2763,30.8497,8.6727,48.28
4987,3239,3656,4671,5840,3374,3869,5448,9522,3136,3718,4746,6280,3246,3445,3832,4190,-6.23305,24.4951,8.65578,48.1413
4988,3237,3318,3438,3380,3410,3585,4029,3767,3707,4436,5330,4977,3850,5290,9851,7017,33.4646,9.88941,8.54325,48.4147
4989,3504,3368,3319,3090,4422,3960,3654,3228,7626,5495,3800,3461,9615,6353,4093,3406,18.3675,-21.1798,8.87081,48.2627
4990,6505,9106,5628,3847,4912,5889,4585,3730,3783,4001,3800,3352,3366,3296,3369,3001,-22.5454,-8.42072,8.50878,48.1133
4991,3164,3269,3357,3330,3312,3593,4036,3991,3673,4519,6211,5365,3748,5313,8750,6825,20.5079,10.6678,8.83307,48.304
4992,3946,5639,9361,6382,3635,4450,5792,4926,3321,3635,3952,3763,3117,3260,3346,3286,-22.5608,8.40306,8.99911,47.874
4993,3105,3253,3550,3627,3302,3590,4311,4920,3453,3943,5716,8577,3476,3775,5559,7829,13.4691,22.5304,8.60255,47.9907
4994,3123,3160,3411,3377,3263,3507,3909,3988,3545,4214,5758,5284,3715,4965,9350,7609,23.5315,12.2143,8.75451,48.1187
4995,3591,3914,4077,3837,3860,5112,6124,4316,4014,5592,7022,4627,3670,4251,4406,4162,2.33508,3.53521,8.6161,48.3833
4996,3129,3245,3312,3371,3212,3441,3725,3889,3396,3798,4757,6075,3372,3973,6203,12357,30.4956,26.4447,8.6003,47.5033
4997,3271,3753,4357,5162,3345,3737,5086,9189,3249,3672,4755,7237,3245,3481,3959,4254,-3.30043,32.427,8.79159,47.8347
4998,3147,3416,3622,3653,3298,3771,4719,4395,3551,4405,7664,6681,3638,4194,6086,5765,11.1767,13.5491,8.76747,48.0033
4999,3226,3666,4519,5664,3288,3797,5423,9200,3346,3684,4649,6544,3222,3423,3927,4286,-4.72811,25.489,8.74135,47.9093
5000,3615,3489,3281,3213,4818,4182,3486,3238,9175,5161,3785,3453,8384,5348,3914,3248,13.677,-33.4517,8.96122,47.86
5001,8215,9421,4947,3736,5221,5175,4158,3571,3900,3904,3610,3306,3322,3372,3209,3218,-30.7472,-13.0455,8.83633,48.19
5002,9542,8418,4451,3471,5590,5046,4041,3529,4007,3854,3466,3269,3517,3365,3226,3187,-33.2876,-16.6654,8.58045,47.986
5003,3525,3936,6167,12536,3418,3838,4727,6156,3194,3460,3725,3874,3168,3147,3319,3310,-26.5421,33.9484,8.74137,47.6667
5004,3148,3302,3599,3812,3151,3657,4220,5443,3268,3824,5362,9894,3370,3712,5027,7257,10.4271,27.3903,8.94025,48.0307
5005,3625,3675,3657,3273,3875,4655,4481,3705,4479,7226,6728,4199,4318,5297,5232,4002,9.57221,-1.31013,8.79484,48.2847
5006,3357,3642,4153,4698,3431,3852,5422,7898,3282,3778,5453,7941,3248,3499,4152,4808,-0.150807,21.7756,8.83958,48.4093
5007,3301,3362,3397,3328,3650,3891,4046,3701,4327,5892,5710,4305,4695,7349,7048,4568,19.0718,-0.459121,8.83674,48.38
5008,3486,4493,8737,9351,3422,3982,5187,5527,3238,3604,3830,3791,3057,3276,3448,3448,-27.2917,15.9535,8.62633,47.918
5009,3241,3434,3902,3789,3350,3916,5071,5107,3621,4285,7301,7281,3532,3944,5257,5444,7.72683,14.8764,8.51737,48.3167
5010,3381,3482,3321,3181,3683,3718,3709,3455,4549,5784,4948,4020,5327,8688,6615,4347,22.2178,-3.56748,8.54644,48.1387
5011,3756,5341,9710,7377,3489,4261,5351,4986,3343,3620,3809,3991,3139,3253,3361,3450,-27.7252,11.2468,8.73192,48.158
5012,3495,3351,3228,3053,4428,3860,3512,3236,7950,5233,3760,3400,10319,5969,3902,3358,18.6507,-24.9174,8.95652,48.036
5013,3964,4635,4642,3850,4511,7188,6378,4181,4107,5299,5050,3830,3626,3951,3807,3396,-5.08282,-1.43535,8.94961,48.2767
5014,3929,4273,3916,3443,4723,6875,4972,3759,4843,6823,5001,3868,4052,4330,3983,3560,0.0376623,-6.45506,8.82953,48.2333
5015,3233,3616,4099,4064,3394,3922,5666,5705,3415,4265,6989,7082,3299,3798,4738,4772,3.86133,15.3374,8.85255,48.038
5016,3322,3749,4450,5678,3344,3890,5022,9592,3308,3640,4516,6606,3241,3366,3890,4201,-5.30448,29.5233,8.57612,47.8767
5017,3116,3202,3331,3464,3280,3532,3845,4138,3432,3871,5208,6550,3438,4167,6934,10463,22.0484,21.0569,8.82017,47.9807
5018,4130,3936,3287,3210,6638,4645,3546,3346,9591,5251,3885,3317,5741,4553,3644,3266,5.33591,-32.3032,8.61893,47.9907
5019,3362,3493,3302,3060,3872,3919,3688,3371,5465,6168,4366,3611,6799,8793,5141,3744,20.2739,-11.032,8.84884,48.1027
5020,3169,3445,4045,4483,3257,3813,5192,6456,3462,3958,6219,7984,3343,3617,4521,5207,3.30681,19.4676,8.60257,48.114
5021,3143,3336,3882,4092,3267,3691,4682,6143,3295,3784,5585,9736,3285,3751,4588,6080,6.31067,24.7484,8.97392,48.2267
5022,3623,3548,3208,3091,4831,4049,3418,3226,9295,5376,3902,3342,8654,5488,3842,3392,14.3454,-26.2309,8.91073,48.19
5023,3206,3255,3412,3370,3289,3511,3827,3715,3853,4409,5522,4849,3886,5793,9671,6675,25.0973,8.7016,8.83172,48.162
5024,3346,3400,3305,3101,3795,3813,3698,3273,4909,5138,4321,3689,7348,9863,5217,3761,32.4433,-10.6945,8.72397,47.9847
5025,3282,3874,5639,9525,3324,3834,5210,8343,3287,3483,4004,4555,2993,3299,3681,3567,-16.4637,28.0107,8.54757,47.9333
5026,3852,3852,3561,3241,4763,5382,3987,3561,6185,7795,4741,3517,5010,5325,4046,3535,6.79653,-11.5222,8.81342,48.2353
5027,3449,3833,3922,3680,3732,4583,5634,4328,3932,5642,7843,4876,3722,4301,4911,4207,5.08414,4.85961,8.93745,48.3967
5028,9041,5611,3820,3451,9015,5124,3890,3328,4584,4067,3423,3246,3516,3641,3283,3091,-15.0926,-33.1935,8.98585,48.0873
5029,3126,3347,3346,3344,3364,3533,3783,3897,3605,4376,5446,5044,3756,5224,9567,7374,25.8502,11.1545,8.5741,48.088
5030,3469,3862,4070,3728,3900,5138,5815,4218,3954,6092,7000,4536,3809,4388,4461,4036,3.42582,2.44466,8.65794,48.3173
5031,3145,3150,3582,3453,3195,3530,3762,4064,3309,3827,4960,5819,3439,4063,7325,11236,33.6923,20.6226,8.91171,47.906
5032,5707,4604,3653,3357,9803,5193,3850,3360,6419,4577,3599,3358,4090,3903,3447,3282,-5.77545,-32.9434,8.90192,48.1347
5033,3246,3662,4113,4314,3438,4033,5686,6126,3439,4256,6313,7011,3410,3769,4517,4791,2.43053,15.9419,8.63587,48.0827
5034,4280,4011,3500,3223,6817,4926,3697,3380,9102,5532,3797,3365,5358,4433,3540,3292,3.62917,-23.7786,8.72144,48.1687
5035,3828,5577,10043,7037,3620,4401,5407,5105,3374,3563,3757,3666,3143,3184,3416,3291,-27.3403,9.3433,8.7206,48.2747
5036,3596,4339,7852,10341,3414,3970,5150,5766,3334,3541,3860,3923,2941,3151,3464,3451,-26.4907,18.2362,8.92268,48.062
5037,6843,9638,5578,3925,4919,5532,4451,3735,3757,3861,3596,3367,3290,3389,3290,3143,-24.898,-9.23905,8.75492,48.2093
5038,12395,6192,3962,3302,6211,4794,3706,3392,4012,3731,3391,3327,3458,3376,3241,3158,-27.0248,-26.9175,8.62983,47.7653
5039,6700,4928,3918,3424,9106,6156,3843,3427,5326,4515,3663,3329,3732,3742,3437,3176,-9.68755,-21.7371,8.73098,48.2813
5040,3311,3404,3295,3098,3665,3801,3616,3367,5009,5411,4277,3740,7352,9839,5271,3837,26.6528,-11.061,8.8264,48.1953
5041,3262,3519,3769,3506,3500,4080,4832,4193,3738,5138,7819,5330,3705,4710,6048,4986,10.7986,7.76231,8.58586,48.09
5042,4375,4121,3608,3356,6242,5810,4029,3395,6979,6482,4072,3500,4739,4524,3743,3237,2.04962,-16.5422,8.84178,48.1413
5043,3454,3384,3276,3114,4093,3853,3533,3305,6973,4834,3806,3392,11880,5840,3893,3442,22.6238,-30.6044,8.70025,48.048
5044,5339,9066,7317,4430,4340,5156,4725,4020,3578,3746,3692,3379,3265,3292,3395,3220,-29.772,-3.10989,8.71524,47.9733
5045,4428,5939,5325,4102,4662,7346,6235,4229,3867,4591,4276,3630,3457,3588,3632,3345,-11.2618,-2.12824,8.82798,48.4347
5046,3522,3478,3257,3121,4398,3991,3592,3166,8175,5144,3826,3351,9948,5578,3833,3376,17.0985,-31.3408,8.52654,47.8373
5047,3528,3567,3252,3142,4706,4107,3529,3211,8813,5268,3818,3382,8900,5425,3884,3428,15.1197,-27.6854,8.74692,47.9733
5048,3849,4404,4290,3798,4271,6552,6146,4119,4149,5727,5520,4070,3654,4016,3967,3630,-2.10082,-0.836412,8.70068,48.108
5049,3120,3293,3770,3848,3264,3661,4430,5369,3338,3848,5877,9324,3322,3836,5039,6624,9.47196,23.2733,8.60619,47.9753
5050,3957,3727,3323,3080,5325,4395,3637,3237,9033,6014,3885,3484,6614,5069,3928,3441,9.86096,-21.9731,8.55981,48.0993
5051,3326,3369,3240,3152,3953,3875,3537,3234,5780,5038,4081,3308,10645,7648,4120,3482,33.8382,-19.3411,8.84384,47.8587
5052,4754,4180,3591,3210,7975,5473,3837,3383,7819,5273,3784,3419,4738,4250,3591,3197,-0.0569202,-22.5255,8.97726,48.316
5053,3381,3422,3210,3068,4131,3964,3610,3177,6495,5520,4034,3543,9465,7559,4268,3475,21.1457,-18.6146,8.86576,48.2147
5054,4210,4105,3489,3165,6929,5097,3780,3249,8599,5645,3905,3357,5155,4412,3675,3270,3.02572,-21.7557,8.9076,48.028
5055,3799,3666,3383,3047,5130,4382,3622,3339,9113,5896,3875,3371,7282,5363,3759,3450,11.3866,-22.8937,8.59061,48.318
5056,3913,5125,6605,4812,3875,5328,7972,5074,3507,4034,4475,3912,3337,3387,3508,3428,-13.1869,5.89798,8.94872,48.1947
5057,3651,3754,3552,3366,4555,5041,4061,3420,5927,8224,4732,3736,5022,5787,4230,3458,8.76051,-10.6625,8.61237,48.344
5058,3125,3389,3751,3874,3278,3616,4445,5689,3357,3890,5550,9806,3295,3715,4882,6670,8.98634,24.7421,8.93066,48.2213
5059,3223,3329,3609,3581,3539,3830,4532,4332,3581,4775,7680,5914,3715,4562,6625,5579,12.373,10.5931,8.82365,48.2707
5060,5233,7355,5296,3982,5051,7195,5123,3784,3835,4333,3978,3389,3454,3443,3364,3177,-15.4874,-6.11746,8.5602,47.9947
5061,6518,8809,5392,3928,5212,6195,4379,3700,3883,3993,3664,3522,3391,3389,3292,3205,-20.8888,-9.47732,8.65077,48.3147
5062,3404,3525,3292,3042,4042,3902,3476,3173,6386,4824,3840,3408,12151,6203,3946,3485,25.1664,-26.1778,8.87032,48.066
5063,3232,3306,3384,3264,3664,3671,3829,3543,4043,4826,5034,4280,4596,7697,8829,5053,31.7773,1.57012,8.60716,48.1673
5064,3453,3978,6063,12368,3274,3847,4818,6713,3170,3388,3760,4009,3049,3215,3470,3378,-23.7188,28.4953,8.9865,47.9687
5065,3440,3400,3184,3178,3903,3781,3528,3194,5363,5130,4099,3560,8783,9133,4636,3582,32.1179,-14.5017,8.93479,47.9293
5066,3560,3793,3763,3471,4176,5199,4846,3784,4582,7344,6152,4062,4207,4887,4436,3816,5.60721,-2.40609,8.54861,48.052
5067,3775,3907,3841,3462,4152,5540,4968,3865,4559,7022,6143,4047,4033,4635,4535,3750,4.00916,-2.1304,8.66655,48.156
5068,3284,3486,4060,4645,3269,3772,4695,7951,3384,3875,5039,8816,3256,3546,4229,4877,1.18221,31.4858,8.88938,48.1227
5069,4261,6079,7027,4634,4099,5945,6667,4557,3529,3940,4067,3840,3253,3462,3508,3355,-15.9717,2.49822,8.84416,48.1487
5070,3079,3175,3435,3373,3247,3505,3918,4193,3507,3860,5004,6518,3350,4170,6653,11450,24.3576,22.8208,8.63654,48.2913
5071,10865,7234,4106,3374,5975,5024,3811,3492,3869,3807,3476,3179,3368,3380,3281,3108,-31.7896,-20.8063,8.50194,47.566
5072,5718,9807,6264,4117,4455,5034,4519,3888,3759,3752,3684,3437,3365,3384,3380,3198,-33.5644,-5.79299,8.65873,47.8407
5073,3418,3820,4184,3916,3633,4783,6268,4747,3843,4890,7465,4892,3495,4001,4550,4218,1.99173,7.04698,8.91407,48.082
5074,5365,5139,4063,3444,7077,7194,4192,3493,5336,5020,3804,3392,3998,3898,3551,3290,-6.79117,-15.3741,8.64118,48.1707
5075,3342,3650,4650,5814,3324,3898,5452,9458,3314,3726,4677,6444,3154,3517,3897,3964,-5.8528,25.086,8.53821,48.1873
5076,9944,5624,3918,3372,8111,5161,3870,3309,4345,4095,3448,3247,3530,3465,3225,3009,-17.4643,-33.6608,8.90189,47.782
5077,3341,3930,5702,11152,3452,3879,4966,7508,3312,3445,3941,4248,3149,3165,3380,3379,-20.1482,30.2958,8.96217,47.966
5078,3381,3313,3289,3158,3904,3744,3436,3296,5962,4686,3874,3330,12405,5969,3940,3407,29.9773,-29.5313,8.66328,47.396
5079,10932,5870,3974,3294,7742,4979,3859,3504,4228,3899,3509,3230,3447,3466,3182,3135,-19.771,-31.0621,8.79497,48.1667
5080,3368,3728,5904,9844,3341,3880,5137,8234,3226,3416,3898,4450,3135,3240,3429,3511,-17.1895,27.1426,8.65555,47.8273
5081,7010,10068,5402,3714,4973,5271,4253,3556,3726,3752,3553,3356,3361,3335,3301,3074,-28.2367,-10.3359,8.79882,47.8033
5082,3260,3501,3558,3412,3632,4172,4199,3882,4152,6209,6822,4518,4219,5915,6290,4587,13.7545,1.67872,8.74797,48.2187
5083,5762,5163,3800,3346,8393,6494,3968,3370,5537,4854,3759,3309,3995,3741,3486,3163,-7.60972,-18.3684,8.98672,48.0933
5084,3558,3462,3253,3107,4494,4071,3540,3193,8344,5244,3924,3352,9590,5764,3845,3401,16.6505,-25.5704,8.67746,48.0947
5085,4644,6635,6303,4437,4375,6271,5984,4253,3765,4031,3951,3644,3371,3599,3480,3263,-16.0087,-0.963956,8.70714,48.004
5086,3837,3692,3507,3146,4674,4698,3844,3363,7190,7378,4299,3550,5859,5829,4159,3511,10.3183,-14.8321,8.81826,48.3573
5087,3374,3464,3632,3315,3750,4065,4103,3652,4383,6537,6059,4167,4545,6460,6104,4369,14.8621,-1.12888,8.57564,47.986
5088,3461,3452,3301,3051,4174,3910,3474,3140,7622,4993,3881,3395,11068,5885,3953,3263,19.9766,-27.2004,8.97372,48.0153
5089,3282,3604,4028,3928,3624,4235,5871,4863,3593,4650,7861,5833,3440,4000,4912,4580,4.27255,10.0989,8.70335,48.2027
5090,3320,3485,3289,3149,3843,3990,3739,3432,5147,6040,4511,3621,6267,8913,5370,3878,20.8836,-8.85221,8.61949,47.996
5091,3277,3388,3213,3088,3946,3909,3656,3244,5449,5394,4033,3529,8597,8838,4654,3681,24.8705,-14.6124,8.74246,47.9307
5092,4141,6301,8877,5709,3975,4881,5950,4691,3442,3690,3925,3629,3087,3281,3345,3442,-21.2394,5.29619,8.78326,48.244
5093,3286,3628,3536,3441,3722,4208,4449,3913,4154,6293,6973,4398,4180,5766,6139,4373,12.9262,1.20846,8.52935,48.306
5094,12630,5861,3932,3246,5959,4715,3737,3353,3916,3688,3429,3258,3442,3346,3287,3203,-32.9454,-30.4958,8.89294,47.3347
5095,3334,3297,3389,3124,3780,3870,3608,3474,4690,5225,4417,3778,6427,9749,6037,4099,30.0898,-7.51192,8.52202,48.1987
5096,3361,3355,3323,3170,3519,3764,3648,3383,4252,5047,4732,4076,5190,9186,7395,4511,28.1275,-2.50234,8.7237,47.9413
5097,3579,3616,3334,3136,4869,4174,3636,3293,9276,5274,3875,3254,8504,5222,3796,3229,13.6561,-31.8369,8.54015,48.0447
5098,3427,3334,3230,3109,3801,3754,3510,3238,5906,4940,3756,3419,11605,7064,4192,3418,30.1808,-21.6382,8.91686,47.802
5099,3346,3673,4136,3975,3595,4292,5921,4766,3652,4969,7742,5578,3532,4097,4894,4376,4.23186,9.02703,8.57329,48.3627
5100,10896,7556,4363,3473,5836,5133,3811,3435,3800,3755,3386,3204,3378,3354,3309,3166,-29.862,-20.0928,8.60342,47.9033
5101,7496,4947,3749,3284,9532,5268,3895,3431,5192,4281,3601,3214,3808,3611,3461,3172,-11.3804,-32.7593,8.618,47.9613
5102,7314,7120,4397,3528,6663,6525,4362,3485,4250,4183,3685,3293,3462,3403,3347,3130,-16.4965,-15.1566,8.80341,48.098
5103,4884,8351,8014,4662,4185,4987,4951,4199,3543,3831,3720,3516,3205,3389,3284,3277,-26.4175,-0.476266,8.69468,47.9987
5104,3167,3401,3624,3579,3489,3792,4667,4224,3644,4907,7938,5890,3684,4478,6356,5328,11.9485,10.1468,8.5509,48.112
5105,3296,3811,4413,4452,3505,4099,6693,6368,3489,4036,6376,5963,3290,3687,4253,4319,-0.835752,13.9744,8.98552,48.0333
5106,3281,3388,3266,3332,3614,3843,3753,3418,4239,5256,5171,3957,4841,8269,7843,4882,24.5548,-0.566713,8.71885,48.2353
5107,3463,4091,6203,9554,3429,3867,5403,7740,3193,3583,3974,4288,3059,3293,3447,3578,-18.014,22.1736,8.58811,48.11
5108,3622,4627,7394,6172,3658,4577,7294,6074,3315,3630,4221,4163,3323,3314,3562,3562,-15.6675,11.7134,8.92248,48.3387
5109,3361,3381,3481,3317,3568,3897,3831,3577,4377,5774,5460,4209,4809,7642,7314,4495,19.6703,-0.902553,8.80065,48.3287
5110,3475,3391,3204,3000,4386,4106,3526,3254,7612,5793,3896,3390,8988,6486,4149,3456,17.2684,-20.891,8.93999,48.0747
5111,3103,3165,3450,3357,3266,3500,3916,4103,3366,3853,5073,6856,3365,3985,6631,11247,22.279,23.3255,8.90365,48.1573
5112,3138,3311,3318,3335,3471,3459,3770,3735,3671,4410,5306,4751,3922,5901,9990,6528,29.6648,8.01082,8.88757,48.0107
5113,3450,4009,5815,9176,3393,3918,5342,8267,3165,3515,3975,4558,3101,3278,3432,3518,-16.3332,23.7998,8.65938,47.9413
5114,3411,4095,6411,10986,3355,3880,5063,6817,3263,3429,3828,4136,3033,3181,3366,3491,-21.8101,24.3237,8.56938,47.83
5115,3369,3328,3253,3060,3799,3884,3621,3207,5480,5143,4059,3501,9687,8623,4430,3534,29.064,-16.7648,8.58844,47.9853
5116,3409,3897,5498,7357,3376,3910,5933,9000,3298,3576,4321,4964,3155,3186,3546,3714,-12.1443,21.7223,8.76055,48.0933
5117,4613,4990,3955,3396,6146,7951,4658,3598,4967,5654,4048,3428,3934,3937,3622,3339,-5.16044,-10.9898,8.90351,48.1573
5118,8802,5701,3901,3438,8639,5417,3809,3372,4836,4120,3532,3355,3666,3507,3285,3057,-15.3637,-24.2298,8.99287,48.2913
5119,4817,4668,3835,3389,7078,6905,4194,3354,5840,5666,3950,3481,4088,4068,3567,3225,-3.97601,-15.3484,8.58349,48.0833
5120,3190,3268,3362,3494,3272,3425,3789,3975,3375,3638,4822,5878,3342,3890,6037,12795,31.2885,29.3457,8.81432,47.7013
5121,4291,3940,3557,3135,7286,4874,3782,3283,8954,5381,3797,3423,5262,4514,3658,3194,3.00736,-23.72,8.69782,48.2207
5122,3774,3590,3200,3173,5127,4234,3565,3189,9768,5098,3747,3414,7826,5008,3773,3394,11.827,-30.0571,8.8028,47.92
5123,4189,6005,7948,5383,3965,5084,6421,4698,3584,3833,3930,3687,3230,3397,3355,3468,-18.4131,4.50021,8.5096,48.118
5124,3351,4034,5796,9781,3360,3909,5286,8265,3346,3582,4076,4372,3007,3244,3399,3390,-17.2125,24.4254,8.90526,48.132
5125,3358,3970,5199,5496,3563,4262,7093,7453,3463,3889,4934,5232,3308,3459,3839,3828,-7.03614,15.3653,8.96152,48.2307
5126,3418,3984,6869,11197,3400,3722,5006,6444,3299,3550,3893,4018,3063,3313,3373,3329,-24.0846,22.1109,8.60466,47.9187
5127,3698,5089,9538,7569,3734,4205,5570,5187,3277,3551,3764,3882,3122,3271,3449,3271,-25.3827,11.6962,8.72124,48.118
5128,3463,3696,3900,3712,3852,4846,5469,4113,4083,5908,7292,4582,3798,4398,4959,4059,5.07688,3.39013,8.60207,48.0867
5129,3253,3418,3293,3143,3945,3964,3696,3435,4651,6039,4638,3864,5825,8987,5891,4038,21.4824,-6.66252,8.57757,48.0533
5130,3296,3837,5389,8588,3321,3734,5250,9194,3135,3613,4169,4873,3007,3343,3519,3573,-13.8695,27.4518,8.77988,47.894
5131,3258,3372,3387,3455,3429,3941,4248,3993,3725,5030,7026,5142,3858,5194,7655,5362,15.8694,7.31867,8.74764,48.05
5132,3149,3273,3433,3304,3409,3519,3728,3628,3727,4386,5166,4785,3947,6098,10102,6283,30.8853,7.4911,8.85087,47.958
5133,3163,3349,3563,3723,3292,3571,4158,4933,3285,3851,5497,9224,3408,3770,5316,8151,13.5492,25.3111,8.54764,48.1693
5134,3281,3755,4988,6835,3276,3937,5767,9590,3275,3592,4346,5553,3109,3289,3663,3809,-9.45977,23.988,8.96941,48.0433
5135,6784,4836,3671,3327,9792,5293,3775,3413,5589,4341,3651,3303,3869,3755,3345,3210,-9.40492,-31.4695,8.73453,47.9693
5136,3446,3374,3275,3095,3937,3837,3490,3186,5789,4651,3675,3346,12948,6009,3978,3418,31.3983,-30.5232,8.91773,47.636
5137,3455,3824,4426,4479,3385,4136,6786,6491,3489,4190,6116,6025,3192,3666,4264,4250,-1.35192,14.5232,8.85561,48.116
5138,3725,4810,7429,5987,3685,4796,7265,5684,3334,3754,4289,4176,3162,3500,3439,3498,-15.5553,9.96752,8.71526,48.3553
5139,3889,5421,9002,6474,3634,4481,6131,5086,3433,3801,4016,3916,3079,3292,3445,3391,-21.2303,8.86831,8.5927,48.3273
5140,3371,3334,3224,3067,4234,3940,3362,3246,7431,5238,3899,3313,10721,6243,4192,3484,19.8027,-24.777,8.90619,48.1993
5141,4604,4555,3797,3329,6590,6656,4105,3546,6040,6017,4147,3513,4302,4170,3570,3262,-1.73591,-14.8562,8.67659,48.1353
5142,3510,3500,3388,3158,4117,4266,3691,3361,5726,6894,4538,3685,6317,7631,4730,3746,16.3486,-11.4201,8.59883,48.172
5143,3305,3308,3303,3269,3628,3806,3763,3461,4392,5404,4839,4054,5182,8897,7143,4413,23.3209,-3.0259,8.67196,48.1113
5144,11277,7117,4073,3372,6041,4962,3872,3487,3859,3834,3531,3267,3474,3500,3093,3248,-30.0433,-21.31,8.53652,48.0047
5145,3391,3976,6020,12596,3331,3821,4756,6232,3317,3535,3829,3865,3061,3254,3366,3352,-26.8278,31.1162,8.68151,47.8013
5146,10904,6624,3963,3407,7015,5064,3913,3428,4129,3843,3457,3185,3412,3420,3200,3118,-21.5722,-22.8684,8.88592,48.0547
5147,4086,4867,4710,3977,4543,7530,6033,4063,4148,5128,4519,3748,3575,3900,3733,3503,-6.57056,-2.69535,8.82928,48.042
5148,3600,4026,4239,3932,3826,5077,6622,4624,3933,5334,6800,4679,3552,4053,4386,3875,0.323323,4.67843,8.7339,48.372
5149,4128,3869,3422,3149,6257,4563,3685,3249,9885,5133,3826,3454,5773,4632,3660,3279,5.90722,-33.3549,8.99115,47.976
5150,5051,4249,3579,3235,8513,4986,3889,3441,7607,4945,3815,3314,4450,4082,3576,3268,-1.52885,-33.7816,8.56232,48
5151,3492,3346,3391,3030,4272,3983,3445,3225,6870,5304,3766,3437,10046,6731,4268,3415,20.603,-20.8273,8.80174,48.014
5152,3280,3355,3247,3068,3733,3804,3618,3381,4762,5404,4377,3765,6661,9857,5654,3925,26.5081,-8.47275,8.72334,47.9273
5153,8145,5202,3731,3348,9607,5461,3872,3218,4956,4241,3534,3286,3615,3622,3309,3093,-12.4478,-26.5697,8.82778,48.16
5154,3386,3767,5811,9678,3400,3930,5327,7991,3330,3527,4027,4549,3162,3250,3432,3455,-17.0837,23.9625,8.94384,48.0147
5155,7213,6117,4181,3370,7767,6490,4081,3487,4539,4257,3670,3239,3566,3597,3431,3144,-13.7301,-17.3979,8.93257,48.0993
5156,3393,3459,3304,3131,3855,3815,3599,3326,5488,5503,4193,3517,8655,8762,4854,3576,24.3026,-14.786,8.78898,48.2867
5157,4523,4295,3713,3217,6791,6067,4073,3375,7018,6044,3989,3459,4609,4383,3683,3311,0.136087,-17.1889,8.98892,48.3667
5158,3395,3519,3629,3466,3700,4281,4425,3729,4298,6204,7079,4616,4096,5217,6019,4428,11.8107,2.11706,8.86804,48.0673
5159,3100,3222,3430,3476,3300,3571,4084,4439,3466,4004,5843,7679,3543,4012,6408,8578,16.4148,20.1639,8.54511,48.1033
5160,4745,4410,3761,3171,6992,6411,3972,3467,6490,5758,3990,3499,4465,4259,3598,3278,-1.51265,-16.7963,8.97224,48.1773
5161,4208,4609,4002,3537,5229,7389,5059,3726,4717,6321,4706,3636,3905,4127,3796,3471,-2.08034,-7.71676,8.90284,48.292
5162,3403,3481,3344,3202,3710,3861,3623,3397,4977,5176,4365,3580,6798,9676,5358,3741,32.8148,-9.77367,8.6409,47.7947
5163,6424,5130,3763,3377,8602,6314,3918,3377,5397,4487,3729,3392,3906,3663,3410,3189,-9.32388,-20.3197,8.50906,48.052
5164,5917,9639,6072,4086,4691,5572,4630,3810,3761,3876,3584,3421,3256,3403,3177,3203,-24.3227,-6.91556,8.98315,48.0653
5165,3723,3921,3828,3378,4548,5821,4375,3639,5202,8045,5174,3740,4410,4857,4198,3666,4.59988,-7.22909,8.93771,48.35
5166,3543,3430,3292,3038,4690,4229,3391,3204,8557,5598,3854,3483,8716,5814,4025,3363,14.9755,-23.0358,8.92999,48.1513
5167,3359,3379,3344,3144,3733,3841,3596,3321,5212,5388,4307,3576,7003,9819,5135,3637,33.363,-10.4563,8.56033,47.8627
5168,5852,7969,5184,3890,5294,6838,4805,3757,4007,4142,3786,3529,3399,3476,3398,3241,-17.1805,-8.4673,8.63447,48.378
5169,3621,4456,7364,7244,3537,4270,6579,6351,3450,3603,4198,4097,3115,3341,3528,3514,-17.2538,14.304,8.79728,48.1787
5170,3426,3698,3544,3340,4198,4748,4495,3672,4937,7943,5894,3951,4291,5645,4679,3912,8.89369,-4.14013,8.68844,48.2487
5171,5383,4402,3773,3278,9055,5310,3807,3344,7193,4885,3686,3320,4387,4060,3450,3217,-3.10577,-25.2292,8.91613,48.3667
5172,5471,7964,5544,3906,4941,6677,5027,3910,3919,4066,3867,3503,3433,3434,3361,3228,-17.4664,-6.33289,8.56329,48.1673
5173,4809,4234,3678,3153,8671,4889,3851,3452,7936,4681,3644,3500,4632,4138,3429,3136,-1.13147,-32.3221,8.96477,47.8887
5174,3367,3933,5769,11388,3357,3768,4950,7199,3246,3487,3942,3997,3181,3374,3404,3312,-21.4467,32.244,8.76989,47.7827
5175,3532,4135,6281,7967,3467,4139,6315,7354,3272,3572,4183,4347,3037,3228,3564,3540,-15.7818,18.5722,8.65982,47.9553
5176,3199,3622,4396,5181,3319,3760,5094,9169,3390,3713,4678,7381,3247,3553,3808,4453,-2.88144,32.3311,8.57207,47.9753
5177,3418,4056,6067,8504,3460,4008,5764,7873,3216,3584,4095,4420,3136,3223,3532,3595,-16.1381,20.5783,8.53036,47.9673
5178,3602,3567,3314,3051,4724,4153,3460,3235,8754,5122,3774,3352,8935,5433,3810,3380,14.6555,-28.1665,8.54076,47.7773
5179,4060,6062,9530,5966,3739,4545,5535,4695,3437,3776,3883,3721,3193,3289,3346,3333,-24.4136,6.65536,8.60743,48.0733
5180,3593,3887,3960,3573,4218,5521,5191,3929,4452,7086,6249,4145,3959,4563,4334,3942,3.82152,-1.72098,8.92653,48.4013
5181,3196,3234,3671,3740,3221,3554,4234,4933,3489,3911,5703,8929,3447,4018,5542,7734,12.8279,23.1924,8.60252,48.3707
5182,3380,3845,6377,12181,3328,3838,4887,6067,3300,3397,3757,3910,3157,3296,3287,3448,-33.943,24.8798,8.83809,47.6367
5183,3103,3253,3540,3439,3307,3545,3822,3850,3481,3971,5274,5343,3422,4416,8828,9443,33.6211,16.0851,8.97203,48.0247
5184,3325,3318,3229,3113,4053,3978,3436,3279,7139,4904,3780,3426,11352,5870,3928,3380,21.0104,-33.8293,8.79184,47.6733
5185,5215,4522,3609,3202,8415,5706,4066,3376,6740,4956,3731,3398,4438,3963,3593,3282,-3.47613,-21.3847,8.69235,48.1413
5186,3091,3162,3340,3356,3274,3553,3883,3863,3541,3943,5106,5818,3526,4291,7996,10458,27.1351,18.4904,8.95275,48.134
5187,11447,6537,4000,3370,6940,5086,3890,3518,4203,3846,3396,3244,3406,3366,3202,3082,-22.7241,-23.7637,8.94101,48.3553
5188,4825,7836,8333,4958,4168,4968,5121,4256,3560,3670,3871,3516,3295,3322,3345,3279,-26.3228,0.599953,8.59614,48.2153
5189,3584,4966,9365,8084,3575,4332,5271,5173,3313,3521,3926,3771,3078,3202,3379,3306,-28.4285,12.7292,8.52594,47.8973
5190,4880,7607,6936,4359,4450,6017,5459,4059,3594,3872,3810,3449,3322,3407,3496,3255,-19.5987,-1.68235,8.90199,47.9813
5191,3078,3410,3456,3556,3279,3669,4304,4703,3383,3930,6035,7992,3521,4066,5919,7481,13.8568,18.9149,8.5232,47.8547
5192,3338,3356,3298,3102,3990,3723,3426,3166,6148,4678,3804,3301,12695,6032,3870,3321,29.6044,-28.6461,8.79431,47.4987
5193,3223,3462,3873,4082,3351,3665,4598,6374,3284,3839,5366,9630,3286,3650,4578,5986,6.22824,26.6247,8.54856,48.1647
5194,3382,3330,3269,3135,3832,3742,3321,3191,6010,4691,3656,3235,12901,5978,3903,3408,29.2633,-30.395,8.8199,47.3227
5195,3887,4267,4216,3698,4155,6480,6082,4170,4132,6172,5655,3976,3764,4058,4063,3656,-1.0112,-1.2391,8.97727,48.2873
5196,3359,3857,4748,4633,3507,4444,7385,6250,3502,4101,5936,5555,3303,3635,4183,4124,-3.0902,13.0105,8.6711,48.348
5197,3014,3233,3548,3442,3241,3390,3809,3877,3462,3824,4936,5905,3503,4086,7083,11465,29.2281,21.7407,8.72018,47.8787
5198,10591,5842,3858,3362,7924,5119,3740,3418,4260,4015,3479,3247,3379,3489,3219,3099,-18.9244,-30.9213,8.60438,48.0273
5199,3836,5293,9915,6819,3683,4402,5293,4832,3349,3554,3799,3811,3086,3322,3314,3331,-33.9851,9.57697,8.97132,47.7593
5200,11018,6217,3977,3358,7045,5055,3762,3307,4189,3856,3450,3275,3405,3399,3264,3136,-21.3264,-24.0545,8.88913,47.8087
5201,3324,3314,3288,3179,3793,3989,3778,3433,4985,6099,4655,3785,6131,9007,5684,3942,20.6869,-7.52937,8.95823,48.2573
5202,5218,8419,6871,4371,4543,5825,5031,3915,3579,3869,3731,3481,3258,3421,3423,3122,-21.56,-2.96804,8.70531,48.0513
5203,3295,3761,5726,9337,3333,3886,5305,8395,3274,3402,4029,4566,3063,3270,3583,3581,-16.4109,25.3706,8.71557,47.8707
5204,7331,6604,4313,3501,7124,6531,4201,3500,4374,4157,3574,3354,3570,3642,3325,3139,-14.8876,-16.1046,8.87569,48.16
5205,3254,3423,3663,3473,3555,3903,4411,4043,3792,5419,7563,5227,4018,5066,6826,5039,13.6331,6.62738,8.61625,48.45
5206,3155,3278,3492,3532,3231,3473,3997,4616,3273,3817,5206,8640,3376,3926,5494,9179,15.9161,28.0125,8.67467,47.79
5207,5241,4967,3936,3397,7363,7138,4213,3515,5410,5255,3881,3351,3955,3956,3534,3206,-6.0953,-15.6975,8.549,48.212
5208,4208,3880,3553,3148,6339,4399,3602,3164,9602,5578,3871,3350,5922,4644,3841,3333,6.51433,-24.1097,8.78837,48.2893
5209,4462,6538,6624,4429,4132,6108,6263,4394,3729,4061,3955,3694,3235,3375,3572,3339,-16.2781,0.232144,8.74446,47.94
5210,3230,3198,3607,3543,3250,3609,4102,4683,3459,3816,5180,8953,3428,3843,5314,8829,14.6941,31.0847,8.52361,48.0293
5211,3728,3845,3574,3316,4446,5315,4256,3513,5355,8211,5153,3729,4521,5345,4153,3643,7.21377,-7.67997,8.98041,48.0687
5212,4128,4917,4551,3876,4683,7480,6083,4056,4093,5145,4878,3757,3663,3875,3693,3449,-6.33624,-2.93774,8.73492,48.218
5213,3188,3482,3359,3315,3427,3617,3981,3617,3940,4971,6011,4669,4228,6441,8768,5515,21.7226,4.44904,8.87319,48.3527
5214,3304,3803,4202,4270,3550,4039,6072,6233,3422,4084,6504,6725,3358,3672,4605,4791,1.36244,15.6284,8.80905,48.4227
5215,3351,3736,6007,12733,3383,3737,4735,6117,3209,3531,3827,4034,3128,3250,3405,3355,-33.8149,28.4077,8.92182,47.692
5216,3863,4113,3648,3319,5009,5922,4225,3505,5617,7538,4712,3623,4522,4719,4080,3561,3.88929,-10.1178,8.76168,47.984
5217,3073,3304,3470,3420,3238,3495,3867,4468,3384,3736,5093,7721,3405,3991,5912,10438,18.6945,26.7573,8.77701,48.01
5218,8008,8791,4848,3644,5619,5617,4248,3542,3863,3913,3652,3364,3425,3367,3231,3205,-23.1195,-13.5187,8.59012,48.2247
5219,4217,3986,3524,3218,6365,4982,3737,3337,8491,5927,3874,3314,5330,4699,3705,3379,4.29333,-21.0074,8.60384,48.0567
5220,4118,6586,9301,5631,3935,4791,5184,4426,3414,3793,3732,3766,3305,3360,3319,3341,-33.9252,5.06002,8.50352,48.0013
5221,3079,3264,3375,3308,3365,3609,3918,3814,3805,4539,6112,5004,3838,5560,9162,6312,21.5676,8.51191,8.83525,48.0427
5222,3143,3456,3935,4182,3361,3908,5341,6028,3487,4117,6765,7584,3404,3752,4705,5065,3.88233,17.2947,8.82978,48.1553
5223,5658,7252,4847,3741,5463,7286,4858,3688,3997,4335,3843,3533,3612,3520,3448,3283,-14.8025,-9.32725,8.59129,48.2427
5224,3416,3385,3208,3070,3969,3787,3350,3093,5982,4933,3875,3438,12149,6786,4070,3390,28.3983,-23.4311,8.88946,47.934
5225,3351,3940,6412,12104,3289,3737,4784,5981,3111,3499,3783,3936,3104,3269,3480,3451,-32.84,24.7702,8.79096,47.4873
5226,3192,3305,3321,3455,3422,3781,4220,4107,3684,4507,6958,5821,3813,4742,7512,6311,16.3219,11.1025,8.58637,48.1007
5227,4692,4981,3973,3384,5830,7683,4480,3657,5146,5897,4210,3459,3902,4086,3568,3442,-3.9337,-11.1096,8.78696,48.26
5228,6257,8959,5539,3854,5006,5990,4499,3669,3867,4023,3667,3463,3359,3440,3339,3011,-21.2977,-8.536,8.50984,47.9613
5229,3379,3493,3376,3223,3817,4081,3860,3499,4850,6845,5253,3902,5165,7501,5735,4084,16.5415,-5.12472,8.83947,48.042
5230,3423,4263,7672,10721,3439,3978,4946,5739,3213,3389,3865,3884,3070,3276,3490,3423,-30.1577,19.5119,8.78317,47.8607
5231,4829,8358,8099,4733,4209,5058,4993,4059,3581,3758,3821,3460,3190,3327,3303,3198,-27.8667,-0.22961,8.51987,47.984
5232,3395,3442,3283,3055,3820,3979,3648,3434,5368,5995,4325,3673,7051,8953,5021,3676,22.0002,-11.0965,8.5134,48.0787
5233,3356,3854,5758,10074,3279,3807,5100,8377,3303,3487,4036,4517,3196,3305,3468,3403,-17.5159,26.9486,8.78914,48.2133
5234,3995,5667,7532,5202,3996,5365,6934,4943,3486,3882,4043,3796,3279,3327,3355,3454,-16.7354,4.8357,8.96149,48.1707
5235,3246,3839,5027,7050,3359,3845,5449,9775,3216,3616,4313,5429,3221,3413,3732,3919,-10.0804,25.9199,8.82603,48.2993
5236,3758,3599,3187,3132,5356,4320,3557,3340,9687,5251,3834,3335,7494,5023,3876,3282,11.2018,-27.7509,8.84655,48.0207
5237,3264,3455,3818,3807,3325,3919,5093,4810,3670,4394,7718,6864,3523,4091,5296,5222,7.7112,13.1091,8.74766,48.1793
5238,3435,3270,3235,3077,3965,3763,3512,3300,5916,4945,3919,3551,11140,7227,4068,3433,27.5055,-20.9137,8.59691,47.8373
5239,4399,6950,9298,5390,3907,4904,5505,4337,3446,3698,3764,3697,3107,3299,3335,3276,-24.0716,3.8323,8.97861,48.208
5240,5658,4944,3875,3329,7864,6814,4147,3501,5290,5001,3788,3342,3967,3907,3391,3165,-7.14434,-17.2129,8.66196,47.9887
5241,3443,3825,5753,10542,3447,3859,5076,7911,3276,3462,3945,4382,3178,3219,3411,3424,-18.8244,28.7508,8.84483,48.102
5242,10515,6635,4062,3375,7183,5189,3908,3391,4173,3919,3557,3252,3574,3380,3229,3048,-20.3294,-21.9727,8.94243,48.26
5243,3283,3602,4228,5192,3333,3762,5117,8742,3285,3608,4834,7670,3284,3446,3991,4503,-1.9507,28.6289,8.51708,47.92
5244,3209,3369,3752,3840,3268,3660,4283,5335,3281,3877,5351,9652,3331,3659,5053,7038,10.0157,27.506,8.57357,47.972
5245,3173,3145,3430,3336,3269,3472,3746,4009,3336,3717,4799,6603,3399,3894,6200,12289,24.8275,27.599,8.84042,47.878
5246,3441,3375,3247,3206,3991,4113,3710,3403,5272,6787,4689,3737,6202,8196,5088,3884,17.8515,-9.43592,8.64298,48.2273
5247,3607,3500,3337,3189,4493,4044,3510,3293,8830,5194,3925,3346,8902,5432,3845,3345,15.3439,-33.4289,8.8009,47.8613
5248,7185,9914,5404,3707,4897,5333,4221,3708,3874,3758,3666,3264,3441,3333,3314,3177,-31.0574,-10.2606,8.75484,48.1307
5249,3213,3492,3509,3312,3686,4130,4143,3669,4244,6210,6037,4271,4581,6782,6501,4638,16.524,-0.237196,8.51256,48.2787
5250,4565,7780,8495,4899,4178,5030,5380,4224,3477,3706,3857,3566,3211,3370,3293,3235,-24.3571,1.48016,8.96242,48.1773
5251,3254,3282,3375,3341,3370,3517,3738,3816,3809,4601,5306,4585,4156,6414,9726,5870,27.6563,5.8473,8.95688,48.1067
5252,5237,4468,3655,3333,8582,5748,3773,3293,6815,4953,3784,3372,4347,4041,3432,3245,-3.33202,-22.1045,8.91739,48.052
5253,3191,3328,3605,3853,3325,3634,4443,5488,3306,3853,5676,9614,3400,3820,4982,6568,9.30384,23.745,8.82284,48.0573
5254,5967,5022,3834,3350,8307,6698,4125,3529,5391,4844,3751,3296,3881,3807,3368,3218,-7.82791,-18.5011,8.85627,48.2587
5255,3151,3267,3409,3432,3174,3511,3793,3969,3366,3712,4599,6323,3401,3974,6238,12461,26.6322,27.3869,8.70339,47.8533
5256,8736,5274,3955,3309,8964,5285,3788,3349,4681,4095,3546,3275,3648,3523,3275,3101,-14.4731,-30.6968,8.6288,47.8693
5257,3441,3885,6383,12478,3261,3857,4863,5880,3250,3467,3780,3900,3202,3201,3333,3332,-30.8657,25.048,8.68323,47.6753
5258,5968,5002,3809,3293,8639,6608,4038,3528,5517,4782,3703,3369,3842,3618,3550,3232,-8.24633,-19.3865,8.74595,48.332
5259,3101,3297,3469,3315,3457,3553,3867,3691,3730,4567,5222,4589,3991,6142,9944,6008,31.0746,6.79306,8.91794,47.962
5260,3448,3438,3396,3234,3988,4256,3865,3404,5281,7328,4903,3843,5449,7330,5137,3924,15.5041,-7.67187,8.86708,48.1493
5261,3572,3727,3646,3476,3936,5029,4736,3961,4308,6892,6826,4364,4177,4831,4836,4090,6.87416,-0.285655,8.68365,48.2713
5262,3508,4032,5910,6404,3574,4158,7151,7395,3429,3788,4496,4564,3083,3399,3657,3717,-11.8411,15.6952,8.72161,48.1767
5263,3817,4933,8254,6307,3715,4558,6545,5636,3406,3738,4100,4077,3116,3392,3356,3335,-18.1246,10.7736,8.68522,48.19
5264,3498,3606,3539,3335,4005,4452,3940,3626,4720,7457,5743,3990,4732,6425,5357,3931,13.0654,-3.89169,8.70879,48.2373
5265,3658,5006,9104,8062,3588,4244,5371,5505,3265,3595,3893,3854,3048,3310,3313,3226,-24.6982,13.3376,8.56364,48.028
5266,3873,5329,8974,6433,3667,4558,6273,5116,3400,3665,3984,3845,3166,3164,3648,3290,-20.2975,9.10754,8.74764,48.2567
5267,3276,3405,3311,3252,3609,3698,3647,3561,4104,5025,4824,4134,4855,8487,7928,4676,29.7353,-0.755089,8.5887,47.8613
5268,3157,3327,3777,4067,3217,3573,4425,5691,3509,3795,5328,10080,3341,3647,4704,6775,8.87941,28.4436,8.88132,48.2753
5269,7322,5055,3901,3306,9409,5610,3875,3382,5069,4319,3565,3279,3738,3673,3393,3169,-11.0898,-24.0065,8.87687,48.0433
5270,6850,7829,4769,3725,5796,6696,4510,3674,4007,4191,3599,3344,3530,3456,3433,3106,-17.8513,-12.1995,8.86303,48.3433
5271,4568,7869,8373,4921,4070,4995,4975,4276,3548,3644,3714,3626,3298,3286,3329,3210,-32.2722,1.04761,8.69982,47.8013
5272,3715,4746,9389,8520,3488,4078,5178,5420,3211,3660,3843,3833,3156,3207,3422,3376,-31.1077,14.0426,8.96891,48.1613
5273,3678,3578,3283,3183,4494,4530,3805,3376,7146,7150,4310,3538,6131,6107,4179,3563,11.9442,-14.7362,8.70635,48.034
5274,3442,4226,7828,10856,3358,3928,4907,5616,3207,3504,3728,3873,3185,3195,3419,3364,-31.7934,19.262,8.76948,47.7573
5275,3445,3959,5946,7357,3386,3974,6304,8115,3296,3631,4326,4700,3207,3344,3599,3593,-13.0111,18.9253,8.71213,48.1213
5276,4120,4024,3770,3345,4967,5932,4280,3505,5947,7582,4447,3596,4482,4752,3911,3504,3.29842,-11.5542,8.73011,48.1093
5277,3745,4083,4264,3814,4072,5841,6294,4276,4051,5790,6101,4114,3606,4148,4148,3767,-0.355438,0.817375,8.86696,48.076
5278,3387,3734,5598,9047,3335,3775,5331,8838,3210,3417,4044,4522,3100,3229,3447,3626,-15.2173,24.9068,8.97084,47.76
5279,10864,7568,4187,3417,5739,4953,3993,3437,3871,3927,3485,3231,3379,3262,3259,3081,-31.8059,-19.5205,8.60997,47.7687
5280,3458,3411,3373,3180,3976,4050,3470,3277,5919,6315,4224,3487,7489,8171,4769,3685,19.1305,-13.4189,8.91143,48.1693
5281,3184,3405,3609,3689,3228,3767,4621,4885,3340,4292,7049,7728,3402,4045,5645,6290,11.018,16.6898,8.90192,48.1193
5282,3877,4424,4362,3834,4410,6582,6010,4117,4098,5811,5568,4077,3788,4128,4068,3636,-1.95617,-1.12408,8.77192,48.5267
5283,8788,5853,3913,3366,8494,5492,3883,3429,4604,4138,3555,3273,3641,3506,3226,3019,-15.3593,-23.0832,8.66909,48.12
5284,3393,3445,3198,3220,4017,3774,3355,3277,5870,4670,3803,3377,12719,6070,3826,3350,31.0151,-30.7373,8.87457,47.576
5285,3486,4506,8928,9098,3555,4018,5222,5467,3308,3586,3922,3889,3125,3249,3314,3344,-31.5497,15.3099,8.79923,48.0113
5286,3782,4019,4313,3885,4086,5613,6545,4311,3955,5357,6128,4391,3748,4079,4137,3822,-0.912041,2.25055,8.92949,48.114
5287,3608,3863,3754,3480,4024,5046,4777,3837,4469,7275,6577,4157,4166,4902,4714,3844,6.5861,-1.78488,8.83958,48.3287
5288,4177,6606,9480,5656,3933,4566,5204,4501,3501,3610,3838,3757,3300,3319,3353,3275,-31.5205,4.8506,8.63132,48.0507
5289,3254,3319,3375,3352,3334,3629,3946,3930,3642,4283,5878,5470,3736,4938,8870,7492,21.7451,12.4101,8.67978,48.2987
5290,3498,3918,5900,12383,3508,3769,4804,6063,3332,3443,3637,3954,3159,3354,3386,3473,-32.2652,29.3818,8.74156,47.7207
5291,3714,3946,3670,3385,4462,5867,4469,3618,5170,7888,5277,3795,4364,4907,4126,3607,4.64256,-7.3668,8.91405,48.1767
5292,5777,4616,3860,3333,9641,5200,3880,3357,6680,4559,3666,3270,4179,3837,3448,3209,-5.39245,-29.857,8.70883,48.3413
5293,4865,7325,5853,4252,4702,6803,5513,4132,3691,4167,3904,3717,3376,3581,3387,3308,-16.3134,-3.30837,8.6141,48.384
5294,3392,3724,4342,4265,3610,4385,6767,5622,3625,4324,6781,5555,3413,3677,4270,4294,0.136274,11.5046,8.86254,48.0307
5295,4378,5529,4633,3680,4929,7878,5919,3972,4219,5083,4385,3709,3456,3761,3683,3261,-7.95639,-4.81528,8.99725,48.3167
5296,3387,3329,3081,3147,3769,3923,3481,3254,6033,5038,3784,3271,11690,7158,4035,3474,28.9366,-22.2544,8.75496,47.9027
5297,3252,3450,3148,3161,4012,3787,3325,3246,6232,4789,3808,3473,12299,6095,3920,3358,26.0124,-31.9731,8.52139,47.57
5298,3474,3246,3253,3160,4084,3786,3375,3187,6812,4932,3802,3372,11920,5894,4033,3427,22.7474,-30.36,8.866,47.838
5299,3287,3398,3356,3181,3697,3779,3591,3406,4646,5429,4722,3815,5862,9865,6333,4053,25.3339,-6.04772,8.99383,48.28
5300,3410,4277,6462,7295,3425,4130,6720,7252,3410,3575,4109,4446,3038,3305,3478,3605,-14.5698,16.6295,8.97538,47.958
5301,12107,6134,3899,3365,6597,4895,3806,3374,4060,3832,3465,3274,3380,3330,3230,3119,-24.5998,-26.5732,8.65861,47.9113
5302,7578,5119,3821,3354,9657,5306,3845,3262,5271,4198,3608,3250,3861,3609,3379,3168,-11.6521,-30.3756,8.84339,48.1907
5303,3376,3627,5038,6899,3383,3853,5162,10107,3266,3647,4423,5678,3081,3285,3678,3882,-9.28719,30.7159,8.98464,48.2567
5304,3088,3409,3508,3451,3222,3537,3945,4330,3337,3877,5289,7523,3470,4059,6186,9619,18.1316,22.5367,8.69646,47.9
5305,6482,8961,5506,3932,5143,6230,4480,3649,3979,4087,3651,3359,3359,3423,3227,3195,-21.0635,-9.13562,8.58388,48.442
5306,3208,3440,3689,3941,3217,3699,4666,5458,3510,3914,6099,8958,3247,3899,5040,6304,8.55209,20.8377,8.7239,48.1927
5307,3406,3837,5134,7382,3397,3840,5341,9687,3310,3600,4211,5195,3224,3285,3623,3705,-11.1671,33.4222,8.85096,48.118
5308,3232,3563,4040,3962,3437,3977,5712,5676,3558,4136,7247,6774,3316,3828,4731,4852,3.40396,14.4593,8.98918,48.0273
5309,3419,3813,5450,9473,3433,3862,5135,8678,3268,3465,4030,4466,3155,3321,3482,3503,-15.8515,31.6232,8.52069,47.9687
5310,3621,4414,6793,6670,3549,4293,7003,6566,3358,3730,4292,4384,3143,3348,3469,3594,-14.5197,13.9875,8.72663,48.1513
5311,3050,3200,3393,3378,3181,3468,3823,3824,3412,3774,4711,5991,3488,4086,5984,12490,30.2741,32.7144,8.67807,47.502
5312,4057,4721,4199,3654,4878,7387,5512,3916,4364,5737,4708,3777,3895,3910,3842,3376,-4.19342,-4.96833,8.69463,47.9553
5313,3294,3216,3281,3155,3865,3924,3611,3442,4704,5403,4458,3841,6110,9615,6186,4061,26.1727,-6.5309,8.61361,48.1107
5314,3210,3178,3336,3330,3408,3651,3870,3835,3683,4202,5211,4832,3817,5339,9973,6914,33.652,9.91119,8.7602,47.8593
5315,3114,3300,3578,3435,3366,3737,4143,4200,3550,4402,6666,6653,3558,4527,7195,7250,16.0768,14.4986,8.80423,48.4493
5316,3989,4539,4284,3832,4476,7097,6264,4114,4106,5570,5201,3985,3650,3998,3865,3590,-3.26178,-1.57938,8.94027,48.3733
5317,6542,9508,5691,3973,4902,5703,4484,3584,3651,3910,3609,3526,3249,3317,3269,3159,-24.0014,-8.38758,8.82229,48.0513
5318,4167,6544,9778,5773,3774,4646,5248,4493,3467,3628,3841,3659,3279,3268,3320,3286,-29.1587,5.47228,8.81645,48.114
5319,3443,3394,3325,3095,4067,4056,3479,3117,6479,5538,4088,3562,9469,7406,4260,3554,21.3303,-18.2826,8.53311,48.2213
5320,8267,8894,4896,3776,5508,5481,4162,3569,3830,3809,3577,3218,3460,3334,3222,3078,-24.1317,-13.7973,8.59957,48.054
5321,5012,8837,7091,4294,4417,5520,5009,4117,3552,3811,3714,3575,3229,3413,3328,3204,-22.8974,-2.58053,8.64092,48.082
5322,3476,4058,4944,4926,3423,4441,7726,6493,3587,4029,5474,5101,3174,3591,3998,3971,-5.48942,13.0047,8.83401,48.2747
5323,10207,6508,4027,3384,7352,5253,3976,3373,4287,3908,3543,3263,3517,3500,3149,3056,-19.8307,-23.1314,8.5396,48.202
5324,6934,5104,3765,3349,9287,5885,3933,3417,5406,4342,3605,3265,3787,3665,3371,3179,-10.0411,-22.7628,8.77945,48.196
5325,3409,3424,3363,3230,3943,4294,3898,3543,4753,7074,5573,3984,4847,7141,5836,4156,15.4686,-3.8866,8.59551,48.312
5326,3168,3256,3555,3615,3279,3491,4086,4925,3383,3745,5030,9326,3420,3811,5267,8525,13.6498,31.9776,8.99711,47.9213
5327,3862,5490,9453,6818,3562,4456,5699,5057,3424,3656,3897,3733,3060,3301,3383,3321,-24.1888,9.39365,8.98871,48.1147
5328,3224,3361,3405,3303,3408,3690,3787,3679,3852,4614,5276,4467,4121,6491,9647,5942,28.1603,5.78332,8.71422,48.178
5329,8492,9104,4617,3567,5179,5391,4185,3470,3763,3840,3624,3242,3551,3461,3291,3218,-31.78,-13.8419,8.50928,47.9967
5330,8309,5476,3826,3422,9020,5178,3776,3300,4749,4139,3447,3281,3641,3599,3398,3107,-13.9142,-29.1109,8.54717,47.7787
5331,6294,9528,5828,4052,4818,5816,4555,3820,3654,3810,3572,3420,3269,3420,3345,3188,-23.554,-7.74741,8.59882,48.2593
5332,3550,3443,3333,3091,4253,3918,3569,3165,7093,5713,3958,3547,9074,6856,4200,3480,18.4995,-19.0991,8.98157,48.162
5333,3231,3431,3475,3430,3465,3900,4306,4079,3769,5066,7444,5103,3873,5087,6922,5304,14.3744,7.16107,8.61748,47.9233
5334,4489,3992,3593,3234,7318,4808,3640,3401,8811,5389,3829,3403,5191,4278,3603,3326,2.42802,-24.7561,8.90808,48.2033
5335,12764,6136,3801,3412,5883,4692,3818,3266,3789,3732,3371,3191,3393,3365,3232,3235,-31.2963,-29.1071,8.95558,47.3867
5336,3080,3223,3458,3442,3307,3513,3862,4172,3418,3626,4977,7792,3338,3959,5706,10944,19.6546,29.0134,8.6919,47.878
5337,4665,5693,4646,3712,5205,7992,5465,3883,4111,4872,4283,3663,3594,3727,3587,3284,-9.31043,-6.18899,8.53487,48.2547
5338,3300,3414,3257,3208,3705,3895,3857,3494,4613,5867,5061,4035,5306,8445,6626,4264,20.6604,-3.71534,8.8269,48.2313
5339,4478,4379,3685,3302,6312,6515,4202,3571,6355,6595,4223,3426,4425,4263,3658,3337,0.389464,-14.646,8.99973,48.484
5340,3437,3650,3504,3406,3917,4479,4309,3681,4697,7034,6034,4120,4582,6241,5566,4114,13.0357,-2.43733,8.59667,48.514
5341,3433,3445,3292,3168,3963,3757,3511,3138,6129,4783,3814,3373,11943,6733,4028,3454,29.2672,-23.6796,8.59223,47.976
5342,9023,5199,3741,3334,9002,5171,3909,3362,4706,4126,3525,3234,3616,3458,3188,3136,-14.81,-29.9575,8.71975,47.82
5343,3342,3369,3209,3121,3847,3878,3497,3359,5445,5167,4167,3625,8816,9018,4605,3571,31.6728,-14.5447,8.76046,48.024
5344,3836,3790,3474,3087,5204,4825,3835,3403,7982,7071,4183,3378,5623,5255,3875,3334,7.97913,-16.7204,8.80484,48.1033
5345,3854,3579,3371,3114,5142,4156,3688,3345,9582,5410,3859,3438,7759,5231,3831,3387,12.239,-26.4496,8.82077,48.4973
5346,9190,5470,3955,3432,8616,5248,3840,3346,4647,4124,3548,3352,3531,3544,3326,3039,-15.6476,-26.757,8.72954,48.1387
5347,3618,3983,3821,3474,4228,5705,4845,3898,4614,7244,5938,4068,4142,4700,4432,3730,3.89292,-2.85705,8.63222,48.2933
5348,3180,3301,3707,3798,3290,3627,4391,5679,3440,3750,5245,9807,3367,3772,4776,6819,9.53711,32.0281,8.62764,47.966
5349,3350,3300,3262,3278,3735,3806,3702,3431,4577,5836,4670,3901,5814,9461,6153,4039,23.9811,-6.45238,8.93219,48.21
5350,3492,3524,3403,3407,4001,4401,4031,3437,4940,7241,5481,4026,5054,6837,5218,3942,14.1827,-5.25544,8.50322,48.29
5351,3281,3949,6071,12269,3469,3746,4575,5824,3257,3520,3811,3881,3199,3234,3330,3423,-32.387,33.9237,8.50888,47.226
5352,3348,4026,5673,10440,3423,3887,5054,7950,3221,3467,3915,4309,3122,3228,3433,3542,-18.7099,32.5435,8.54762,48.0253
5353,3353,3517,3312,3157,3982,4103,3764,3453,5343,6776,4710,3686,6193,7968,5126,3831,17.9431,-9.55899,8.72842,48.1827
5354,3399,3389,3157,3042,3953,3894,3555,3204,5983,5153,3823,3377,10558,7795,4250,3457,25.416,-19.7412,8.76703,47.9927
5355,3433,3384,3344,3070,3957,3785,3473,3155,5916,4989,3849,3531,11045,7368,4074,3471,26.9251,-20.8932,8.66112,47.896
5356,3395,3564,4006,3946,3477,4276,6148,5007,3741,4784,7689,5565,3521,4003,4712,4397,3.22669,9.25378,8.84247,48.154
5357,3149,3167,3469,3282,3384,3574,3787,3750,3666,4276,5344,4970,3846,5537,9874,6816,33.4041,9.24507,8.78455,47.9273
5358,6291,4704,3660,3238,10091,5239,3671,3282,6100,4403,3580,3271,3992,3752,3460,3254,-7.34366,-27.6336,8.84575,47.992
5359,3395,4274,7933,10208,3331,4041,5107,5535,3232,3495,3837,3944,3140,3240,3381,3417,-32.4126,18.0661,8.86233,47.6733
5360,3612,3566,3318,3152,4413,4111,3596,3157,8810,5148,3850,3388,8913,5492,3940,3425,15.4038,-33.4201,8.67793,47.9273
5361,4639,7893,8291,5009,4085,5081,5060,4284,3537,3793,3737,3554,3301,3398,3299,3272,-26.8889,0.916639,8.62656,48.1553
5362,3731,4912,7981,6820,3574,4453,6694,5680,3359,3599,4157,4035,3123,3309,3360,3438,-18.281,11.7934,8.90018,48.15
5363,3284,3920,5333,8933,3362,3902,5239,9005,3160,3506,4133,4804,3042,3266,3551,3638,-14.6855,25.9284,8.96489,48.052
5364,3393,3754,5117,7515,3298,3801,5268,9613,3292,3622,4258,5217,3135,3451,3616,3757,-11.5208,29.0178,8.65571,48.0713
5365,6478,4789,3657,3301,10159,5272,3849,3406,5700,4487,3613,3274,3910,3631,3419,3198,-8.15734,-29.3152,8.7442,48.0953
5366,10593,7454,4229,3386,6108,5133,4006,3372,3939,3889,3513,3218,3414,3324,3335,3065,-25.3637,-20.0704,8.57436,47.9853
5367,3309,3969,6127,12397,3367,3779,4785,6133,3243,3358,3849,3765,3171,3296,3216,3381,-27.468,33.6968,8.68443,47.43
5368,5513,9552,6728,4056,4631,5394,4745,3956,3640,3839,3777,3421,3318,3353,3389,3124,-25.5742,-4.46061,8.6808,48.2907
5369,3169,3341,3535,3723,3273,3586,4260,4977,3376,3832,5266,9489,3352,3907,5100,7626,11.7303,33.3992,8.6385,47.8747
5370,3314,3859,5554,10207,3320,3892,5111,8206,3225,3516,3939,4342,3155,3197,3602,3493,-17.8747,28.6222,8.74213,47.9547
5371,3161,3437,3854,3892,3337,3655,4509,6020,3310,3762,5282,9874,3315,3585,4642,6334,7.25475,31.6862,8.72143,47.9793
5372,3275,3937,5912,11944,3380,3793,4869,6741,3332,3459,3854,3992,3130,3282,3369,3467,-23.2413,30.2669,8.67362,47.824
5373,4019,5472,7424,5309,3750,5168,7063,4927,3605,3744,4241,3905,3238,3363,3568,3334,-15.8414,6.18859,8.68366,48.0867
5374,12401,6000,3974,3462,6176,4818,3753,3426,3877,3826,3432,3235,3348,3442,3272,3247,-28.978,-28.2222,8.54327,47.7927
5375,4695,8085,8553,4902,4131,4887,4895,4210,3514,3724,3775,3691,3292,3264,3305,3307,-30.7468,0.625519,8.75061,48.1533
5376,3547,3890,3912,3731,3935,4890,5513,4181,3998,6014,7014,4556,3824,4398,4760,4045,4.29017,2.60985,8.5507,48.1387
5377,3210,3505,4052,4528,3374,3615,4829,7831,3282,3773,4985,8797,3323,3580,4163,5109,1.66934,29.3697,8.67684,47.9707
5378,3154,3237,3367,3360,3442,3780,3881,3709,3697,4452,5696,5000,3960,5541,9481,6722,23.9355,9.36114,8.60524,48.3193
5379,3600,3726,3340,3259,4873,4503,3640,3391,7356,6959,4301,3476,6277,5700,4072,3499,10.9905,-16.5735,8.53091,47.9813
5380,3544,4074,5368,5003,3574,4509,7814,6452,3508,3924,5241,4849,3379,3486,3941,3927,-7.2903,12.1246,8.55252,48.3953
5381,3930,3783,3356,3223,6029,4438,3704,3201,9844,5336,3727,3468,6255,4691,3646,3252,7.46188,-30.6096,8.77402,47.922
5382,3534,3971,4370,3954,3766,5301,6928,4561,3855,5080,6553,4574,3537,4026,4267,3991,-0.481191,4.77732,8.80845,48.1787
5383,3137,3218,3452,3390,3157,3479,3872,3915,3308,3792,4868,6326,3488,4025,6238,12508,27.5305,27.0279,8.62108,48.1153
5384,3440,3277,3244,3046,3975,3804,3507,3241,6117,4853,3860,3244,12316,6541,4041,3418,26.7815,-24.1549,8.97347,47.9493
5385,3320,3531,3978,3950,3519,4095,5627,5114,3497,4412,7584,6394,3456,4006,4986,4762,4.96077,12.6599,8.64701,48.154
5386,10838,7059,4122,3445,6250,5117,3937,3437,4061,3926,3538,3239,3479,3369,3277,3013,-23.5357,-20.8823,8.7798,48.0713
5387,3387,3345,3322,3102,3923,4152,3591,3292,5464,5883,4154,3497,7487,9047,4935,3635,22.249,-12.3057,8.73795,48.144
5388,5907,4730,3608,3233,9702,5851,3917,3397,6227,4715,3669,3304,3957,3901,3377,3148,-6.37143,-23.3335,8.89231,48.4287
5389,10323,6070,3894,3492,7822,5207,3854,3422,4270,3926,3483,3161,3467,3376,3220,2912,-18.9501,-25.7949,8.6252,47.9327
5390,3285,3562,3830,3601,3655,4399,5376,4353,3820,5437,7896,5037,3701,4396,5153,4366,6.22058,5.80697,8.64639,47.9113
5391,5046,4417,3636,3267,8365,5681,3905,3232,6952,5198,3792,3419,4494,4019,3565,3230,-2.6219,-21.3792,8.71646,48.1453
5392,3281,3552,4128,4645,3281,3762,4862,8031,3388,3785,4947,8508,3117,3683,4233,4933,0.740416,29.8516,8.5398,48.0907
5393,3517,3856,3756,3617,3849,4851,5236,4036,4149,6413,7098,4456,3814,4506,4861,4061,5.54006,1.66141,8.50877,48.0507
5394,7670,5253,3840,3288,9940,5265,3787,3417,5080,4224,3596,3274,3764,3553,3352,3150,-11.8154,-31.192,8.69195,48.302
5395,3160,3251,3356,3328,3236,3425,3719,3902,3437,3735,4922,6037,3498,3945,6060,12342,26.8155,33.7998,8.51319,47.5687
5396,3125,3211,3565,3574,3335,3467,3994,4473,3315,3872,5162,8652,3396,3893,5525,9511,16.2334,33.227,8.68977,48.0467
5397,3904,6015,9837,6575,3787,4501,5238,4749,3349,3649,3882,3697,3145,3296,3334,3368,-27.641,8.0218,8.95845,48.2173
5398,4489,7566,8927,5053,4155,4829,5000,4274,3464,3671,3810,3602,3220,3386,3193,3248,-29.5351,1.91618,8.72523,47.9247
5399,3095,3199,3422,3461,3317,3673,3997,4088,3486,3933,5625,6544,3528,4325,7248,9209,20.5546,18.733,8.64616,48.1
5400,3289,3386,3249,3082,3738,3774,3574,3294,5252,5198,4170,3560,8495,9209,4859,3676,28.578,-13.505,8.79982,47.87
5401,3587,3688,3418,3109,4670,4391,3760,3317,7008,7200,4243,3538,6097,6098,4200,3603,11.7258,-14.7747,8.58276,47.9513
5402,3250,3241,3429,3270,3325,3603,3628,3763,3718,4378,5346,4736,3869,5889,10010,6574,28.2579,7.96962,8.89047,48.0193
5403,4026,3829,3329,3256,6012,4476,3542,3317,10070,5189,3871,3259,6281,4558,3733,3361,7.15422,-30.3769,8.70608,48.0727
5404,3466,3941,5471,9586,3465,3855,5104,8418,3241,3552,4114,4495,3177,3247,3447,3559,-16.7439,31.6807,8.68724,48.092
5405,10934,7711,4289,3506,5670,5023,3924,3342,3830,3685,3547,3249,3374,3424,3314,3147,-30.6792,-19.5379,8.78976,47.9793
5406,3338,3844,4804,5516,3314,4036,6497,8271,3308,3781,4936,5935,3255,3445,3926,4108,-5.559,18.7865,8.75769,48.2093
5407,3928,3946,3581,3260,5286,5307,3847,3482,6995,7457,4331,3575,5162,5028,3878,3386,6.10433,-14.5977,8.78256,48.2993
5408,3155,3238,3415,3396,3277,3570,3889,3872,3396,3965,5142,5537,3458,4328,8207,9846,33.292,17.134,8.6994,47.794
5409,6739,6399,4272,3457,7028,7005,4335,3528,4424,4491,3652,3245,3600,3579,3374,3110,-13.9741,-15.351,8.76209,48.1587
5410,3253,3357,3370,3199,3628,3664,3777,3609,4326,5137,4913,4072,5092,8800,7632,4541,26.5134,-1.78452,8.51599,48.2467
5411,3301,3333,3762,3821,3393,3695,4731,4889,3509,4296,7136,7277,3529,4136,5704,5843,9.68251,15.3611,8.61855,48.2367
5412,3283,3273,3465,3243,3457,3677,3819,3698,3955,4715,5355,4534,4337,6753,9257,5665,25.6226,4.49027,8.5789,48.324
5413,3246,3190,3443,3265,3345,3652,3821,3832,3613,4052,5216,5372,3677,4790,9135,8616,27.2459,14.1115,8.64631,48.1767
5414,3728,3667,3307,3163,5047,4203,3547,3288,9374,5341,3772,3344,7846,5049,3761,3465,12.2441,-30.9258,8.50569,47.9347
5415,3527,4277,7041,8670,3581,4151,5726,6823,3274,3501,3895,4212,2969,3276,3377,3344,-18.9852,18.1754,8.51763,47.7627
5416,3169,3369,3568,3651,3280,3656,4385,4621,3439,4143,6753,7503,3551,4163,6118,6774,13.076,17.254,8.6805,48.0953
5417,12560,6032,3684,3380,5860,4711,3762,3265,3904,3729,3449,3253,3403,3422,3230,3164,-33.0103,-31.5563,8.95433,47.2053
5418,3400,3914,5771,10564,3437,3753,5033,7866,3220,3434,3964,4297,3108,3126,3419,3521,-18.6977,27.6554,8.86803,47.8847
5419,3816,3811,3432,3139,5301,4830,3743,3432,8192,6769,4144,3544,5818,5270,3853,3381,7.82856,-17.8198,8.81849,48.3167
5420,4061,5876,8236,5338,3902,5130,6644,4788,3552,3776,4093,3747,3149,3405,3356,3336,-18.2698,5.13983,8.90467,48.2593
5421,3758,4256,4498,3877,4114,6028,6976,4401,3960,5222,5681,4198,3538,4006,3950,3790,-2.82093,2.20405,8.53898,48.1687
5422,3387,3281,3164,3165,4150,3680,3380,3117,6683,4956,3735,3284,12211,6203,3857,3369,23.9347,-27.2745,8.94548,47.748
5423,3398,3675,4379,4394,3535,4112,6685,6313,3457,4137,6407,6271,3373,3674,4285,4441,-0.102519,14.4235,8.68885,48.3573
5424,3336,3789,4650,5966,3414,3855,5515,9633,3250,3605,4538,6214,3127,3461,3756,3932,-6.40518,25.7222,8.75547,48.0273
5425,3534,4214,6391,6774,3558,4344,6940,7150,3320,3646,4231,4422,3129,3462,3565,3576,-13.6241,16.0362,8.83424,48.1707
5426,3862,5216,7947,5869,3891,4798,7072,5293,3511,3712,4190,3812,3231,3376,3475,3353,-17.2722,8.38336,8.93254,48.4053
5427,3177,3379,3317,3157,3675,3793,3624,3461,4384,5237,4721,4040,5421,9283,7182,4306,27.5015,-3.44987,8.86551,48.1047
5428,6634,6939,4430,3592,6328,7204,4510,3624,4281,4264,3713,3395,3509,3541,3378,3165,-14.9335,-13.2692,8.83058,48.338
5429,4992,4211,3559,3256,8451,4927,3880,3293,7893,4945,3883,3345,4503,4074,3583,3296,-1.24864,-33.6211,8.62444,48.0607
5430,6214,5292,3914,3383,8335,6694,4014,3408,5182,4616,3740,3374,3772,3750,3394,3204,-9.42788,-18.3308,8.89477,48.1907
5431,3470,4245,6514,6967,3391,4216,6677,6990,3346,3615,4234,4491,3058,3394,3590,3642,-14.6625,15.9654,8.64442,47.8933
5432,3373,3366,3251,3203,3798,3934,3692,3367,5202,5644,4354,3552,6975,9172,5341,3746,23.6163,-10.1896,8.52624,47.98
5433,11657,6345,4011,3441,6629,4876,3927,3248,4034,3845,3536,3100,3450,3319,3164,3078,-23.699,-25.4887,8.86684,47.7733
5434,4941,6961,5797,4290,4685,6936,5602,4041,3810,4236,4070,3567,3423,3510,3457,3281,-15.373,-3.10046,8.56177,48.4047
5435,4429,4430,3848,3515,5895,6668,4284,3566,5837,6657,4271,3458,4319,4260,3699,3347,-0.238477,-13.1439,8.82325,48.322
5436,4693,7808,8570,4998,4134,5138,5182,4113,3427,3840,3731,3579,3255,3324,3401,3271,-26.0426,1.13098,8.89696,48.3093
5437,7589,9414,5129,3873,5192,5453,4267,3607,3887,3894,3589,3246,3254,3404,3281,3105,-25.3836,-11.7146,8.67721,48.1227
5438,3385,3488,3286,3090,3759,4037,3752,3418,5109,6251,4835,3785,5781,8708,5763,4011,19.7644,-7.33439,8.66338,48.3053
5439,11476,6484,3973,3412,6977,4981,3753,3401,4110,3792,3483,3219,3411,3464,3128,3152,-22.5933,-24.7438,8.80657,48.144
5440,3465,3785,5861,10298,3401,3723,5165,7997,3191,3472,3939,4312,3111,3243,3441,3573,-18.3974,27.8258,8.58456,47.9847
5441,4566,7645,8699,5122,4073,4737,5045,4280,3463,3723,3703,3544,3206,3325,3491,3304,-31.4736,1.62538,8.59109,47.9507
5442,3524,4093,6067,7637,3467,4045,6176,8098,3327,3633,4218,4649,3025,3357,3600,3564,-13.9513,19.4353,8.80804,48.32
5443,5609,6319,4412,3503,6373,7860,4622,3625,4335,4570,3852,3459,3555,3561,3420,3221,-11.6436,-11.6411,8.7201,48.1973
5444,10192,6207,4024,3411,7523,5180,3882,3447,4286,3900,3481,3301,3562,3476,3224,3043,-18.9944,-23.2906,8.78395,48.0927
5445,12736,6027,4015,3317,6107,4755,3675,3401,3972,3744,3295,3270,3407,3357,3196,3136,-28.4747,-28.6541,8.77292,47.6067
5446,7655,5199,3772,3303,9467,5433,3881,3482,5103,4226,3466,3255,3649,3564,3337,3122,-12.2781,-25.2464,8.85762,47.9427
5447,3629,3589,3408,3112,4514,4505,3797,3364,7066,7453,4371,3594,6030,6206,4168,3524,11.6803,-14.1914,8.95096,48.22
5448,3140,3424,3696,3938,3227,3618,4319,5943,3345,3742,5172,10005,3306,3729,4843,6440,8.23091,26.2495,8.99435,47.9247
5449,7612,7267,4397,3602,6433,6421,4215,3575,4271,4162,3621,3356,3510,3516,3364,3168,-17.225,-15.1011,8.55171,48.3267
5450,3221,3311,3296,3293,3449,3677,3810,3648,4084,4879,5201,4272,4636,7530,8734,5087,26.8143,1.83599,8.81423,48.0853
5451,3389,3412,3176,3136,3931,3767,3574,3169,6208,4921,3825,3395,11518,6803,4121,3341,24.9087,-22.6346,8.82645,47.7907
5452,3331,3463,3269,3103,3766,3981,3628,3219,5307,5236,4096,3505,8675,9163,4677,3637,33.0026,-14.5152,8.78526,48.0373
5453,3328,3899,5823,10046,3291,3778,5165,8071,3208,3461,4049,4272,3049,3269,3544,3531,-17.9537,26.8768,8.60114,47.856
5454,9052,8837,4490,3575,5407,5201,4128,3569,3890,3875,3552,3117,3371,3337,3249,3089,-32.7034,-15.2529,8.68372,47.826
5455,3865,5384,9971,6935,3626,4302,5110,4851,3337,3679,3877,3780,3137,3360,3297,3410,-32.8836,9.82522,8.76216,47.9473
5456,3352,3381,3289,3184,3815,3766,3411,3241,5439,5268,3989,3509,9067,8922,4718,3586,26.9422,-15.3038,8.94696,47.958
5457,3103,3294,3449,3343,3197,3457,3794,4000,3271,3883,4862,6749,3362,3983,6395,11548,23.5895,25.4608,8.59501,47.7933
5458,3536,3682,3539,3280,4239,4780,4143,3587,5510,8175,5083,3680,5026,5935,4475,3689,10.1267,-7.82886,8.84778,48.2393
5459,9461,5602,3874,3330,8444,5231,3747,3366,4551,4091,3588,3264,3520,3446,3232,3208,-16.6049,-33.5812,8.77734,47.97
5460,3128,3410,3945,4209,3397,3676,4830,6537,3472,3919,5963,8605,3356,3703,4486,5468,4.33128,21.1902,8.86375,48.0693
5461,7957,9506,4988,3658,5134,5391,4229,3479,3918,3873,3583,3355,3272,3374,3252,3127,-25.4774,-12.4404,8.99169,48.064
5462,9136,8756,4576,3497,5476,5157,4107,3457,3831,3876,3406,3281,3423,3437,3135,3169,-32.188,-15.5773,8.87299,47.8133
5463,3413,3339,3207,3013,4017,3903,3451,3228,6701,4842,3854,3318,11826,6065,3985,3336,23.2578,-28.0742,8.6572,47.6653
5464,3373,3770,4564,5063,3440,4123,6860,7656,3422,3847,5580,5931,3267,3646,3954,4301,-3.97116,16.8626,8.99173,48.5313
5465,3178,3380,3835,4131,3301,3617,4517,6325,3375,3824,5371,9625,3258,3714,4575,5942,6.64558,26.6134,8.54933,47.9787
5466,4802,4241,3696,3304,8308,4887,3755,3408,8049,4853,3767,3336,4600,4123,3525,3348,-0.574782,-32.9587,8.82686,48.0013
5467,6590,5604,4071,3456,8352,6452,4087,3387,4912,4454,3751,3259,3809,3640,3486,3193,-11.0018,-18.3349,8.58576,48.3353
5468,3321,3662,4294,4596,3442,3903,5779,7052,3398,3924,5888,7327,3331,3644,4391,4591,0.573981,18.6789,8.57628,48.362
5469,3585,3606,3354,3203,4470,4432,3739,3321,6912,6983,4322,3660,6591,6646,4323,3575,13.8023,-14.8108,8.64379,48.4813
5470,3038,3174,3297,3326,3169,3412,3793,4018,3256,3689,4949,6532,3520,4131,6466,12042,24.7799,25.4849,8.67701,47.8747
5471,3208,3407,3488,3355,3513,3954,4039,3691,4026,5428,6423,4512,4404,6247,7576,4884,17.6982,2.96189,8.91829,48.1033
5472,6202,10137,6055,3929,4806,5244,4526,3794,3645,3711,3614,3419,3272,3333,3364,3222,-32.1379,-6.87878,8.98929,48.182
5473,3548,4817,8506,8449,3507,4171,5563,5590,3213,3575,3799,3961,3100,3282,3387,3345,-23.1366,14.2684,8.68794,47.8753
5474,4098,3675,3502,3263,6006,4420,3558,3210,9668,5235,3730,3382,6152,4626,3734,3329,7.21843,-30.8607,8.60046,47.7253
5475,2922,3209,3432,3478,3150,3476,3885,4143,3421,3928,5422,6981,3368,4156,6817,10214,20.7873,20.8871,8.94041,48.0013
5476,3227,3406,3469,3329,3475,3866,3968,3702,4033,5305,6259,4591,4266,6344,7946,5040,19.0913,3.57815,8.86007,48.1507
5477,3412,3355,3170,3041,3972,3774,3489,3164,6816,4842,3845,3506,11950,6120,3924,3356,23.3245,-27.4397,8.72075,47.824
5478,3002,3128,3391,3419,3266,3471,3794,3954,3454,4015,5222,5913,3524,4470,8073,10069,25.5017,17.8864,8.83056,48.11
5479,5682,9793,6915,4191,4414,5098,4492,3909,3722,3650,3615,3373,3392,3316,3317,3190,-29.8508,-4.89562,8.84639,48.046
5480,3481,3479,3226,3096,4023,3709,3448,3238,5919,4831,3765,3401,12423,5892,3841,3510,31.9675,-29.7911,8.69557,47.5213
5481,5788,5603,4093,3461,6942,7678,4321,3567,4777,4820,3827,3398,3787,3704,3402,3256,-9.80706,-14.2216,8.63184,48.2827
5482,5619,8233,5624,4018,4974,6703,4860,3821,3817,4098,3739,3507,3379,3486,3384,3253,-18.106,-6.29449,8.79847,48.3433
5483,12651,6084,3883,3376,6210,4746,3744,3408,3846,3745,3416,3235,3488,3397,3187,3137,-27.2855,-27.2327,8.90583,47.702
5484,6859,6529,4206,3493,7206,6642,4217,3405,4358,4345,3568,3409,3583,3641,3257,3145,-14.4117,-15.8383,8.92902,47.9087
5485,3450,3905,5538,6607,3512,4107,6742,7917,3257,3768,4459,4948,3103,3431,3691,3708,-11.0738,17.8806,8.54185,48.0953
5486,3307,3429,3994,4139,3247,3658,4669,6810,3237,3832,5101,9537,3283,3636,4473,5532,4.34362,33.4599,8.99063,47.9227
5487,3655,4022,3793,3372,4375,6149,4744,3784,4696,7576,5481,3920,4076,4683,4214,3775,2.93358,-4.92544,8.94687,48.21
5488,4210,6478,9124,5540,3979,4843,5863,4624,3507,3546,3883,3632,3099,3271,3260,3222,-22.6504,4.9551,8.99809,48.054
5489,9935,6096,4007,3438,7872,5264,3779,3411,4359,3897,3480,3167,3484,3462,3166,3116,-18.2361,-24.3012,8.74353,47.9553
5490,3230,3344,3453,3455,3564,3844,4299,4003,3742,4673,7419,5521,3808,5008,7357,5574,15.2419,8.69658,8.95658,48.196
5491,3917,4497,4388,3747,4347,6583,6363,4262,4119,5601,5284,3947,3654,3999,3943,3625,-3.2366,-0.316694,8.79294,48.184
5492,3444,4003,6028,12861,3346,3780,4763,6169,3214,3432,3690,3861,3183,3199,3372,3419,-28.1414,28.8834,8.91484,47.8427
5493,3211,3353,3374,3486,3448,3586,3814,3669,3835,4740,5871,4595,4005,6266,9383,5759,22.6484,6.06779,8.99553,48.2633
5494,6255,9807,5954,4098,4611,5282,4481,3843,3634,3834,3652,3431,3369,3401,3396,3236,-30.5363,-7.2065,8.5652,48.1893
5495,3492,3492,3229,3019,4350,3991,3661,3275,7218,6005,4094,3482,8261,6796,4212,3477,17.1846,-17.9667,8.82883,48.036
5496,3564,3494,3362,3099,4477,3992,3625,3154,7740,5771,4001,3418,8295,6404,4125,3401,16.1411,-20.0356,8.62014,47.948
5497,4010,3717,3391,3160,6318,4469,3598,3305,9877,5275,3693,3332,6055,4699,3698,3360,6.47018,-31.7504,8.78387,47.9713
5498,3267,3324,3347,3290,3679,3820,3692,3341,4298,5185,4656,4021,5302,9366,7213,4422,31.0628,-3.50846,8.64381,48.1487
5499,3508,4202,5828,5550,3515,4596,7915,6541,3417,3876,4742,4641,3174,3488,3647,3736,-10.2329,12.3476,8.87808,48.2507
5500,3439,3385,3301,3077,4030,3807,3478,3234,6036,4842,3865,3369,11609,7033,4053,3444,29.3128,-22.0825,8.56788,48.0013
5501,6190,4787,3694,3306,9751,5550,3928,3377,5965,4462,3633,3317,3819,3753,3450,3174,-7.39691,-25.1653,8.89539,48.104
5502,4505,6930,6722,4384,4347,6296,5820,4175,3588,3996,4020,3688,3283,3433,3523,3264,-17.2503,-0.845905,8.99914,47.9827
5503,3500,4265,5910,5467,3568,4486,7802,6520,3371,3844,4794,4622,3102,3441,3664,3731,-10.1936,12.4809,8.86247,48.058
5504,3881,3764,3406,3170,5701,4383,3635,3252,9871,5332,3819,3364,6500,4915,3726,3275,8.15019,-32.9426,8.68725,47.996
5505,3194,3678,4208,5260,3382,3718,5252,9131,3252,3586,4713,7426,3227,3489,3880,4397,-2.79107,26.6475,8.98241,47.862
5506,3365,3412,3372,3162,3771,3807,3701,3357,4771,5527,4568,3808,6110,9523,6024,3988,25.2027,-6.91162,8.54424,48.1773
5507,4437,7096,7834,4829,4188,5498,5707,4329,3610,3913,3905,3628,3210,3282,3448,3183,-20.3917,1.27833,8.89944,48.0647
5508,3120,3506,3779,3764,3390,3852,4643,4731,3591,4312,7369,7143,3501,4156,5830,5894,10.5523,14.4825,8.50811,48.3873
5509,3495,3489,3539,3230,3980,4491,4078,3528,4894,7534,5741,4036,4749,6449,5158,4028,12.8717,-4.39213,8.73013,48.2793
5510,7117,5702,3996,3456,8226,6265,3943,3494,4852,4332,3593,3396,3676,3684,3342,3130,-12.5416,-19.3746,8.55997,48.136
5511,3372,3506,3258,3167,3818,4089,3735,3428,4919,6734,4919,3869,5676,8451,5496,3865,18.3887,-7.39772,8.86289,48.2013
5512,3142,3283,3761,3867,3190,3693,4423,6037,3348,3694,5160,9870,3370,3799,4814,6252,7.2977,33.5319,8.98234,47.802
5513,3144,3181,3427,3347,3302,3553,3944,3938,3581,4165,5305,5340,3568,4699,9056,8467,33.7606,14.0087,8.76418,48.0113
5514,3357,3673,4402,4628,3437,4106,6363,6462,3337,4043,6004,6386,3332,3645,4324,4465,-0.435114,15.7577,8.68468,47.976
5515,3016,3220,3395,3441,3079,3477,3874,3871,3353,3838,4905,6447,3437,3994,6676,11601,24.6357,22.7403,8.97628,47.7493
5516,3284,3383,3434,3389,3187,3537,3864,3917,3491,4206,5224,5332,3552,4708,9104,8243,33.9674,13.3862,8.55045,47.9033
5517,3150,3140,3442,3372,3185,3443,3943,4002,3279,3851,4998,5956,3389,4209,7396,11027,25.9295,20.6622,8.92409,47.8547
5518,3115,3292,3402,3246,3154,3687,4032,3864,3560,4183,5509,5408,3705,5079,9262,7974,25.0146,12.8808,8.71902,48.3147
5519,3065,3313,3350,3264,3175,3413,3764,3887,3324,3748,4779,6096,3405,3931,6124,12604,28.8105,28.7625,8.85565,47.4947
5520,3150,3276,3292,3419,3261,3331,3731,4070,3409,3786,4789,6479,3410,3849,6163,12379,24.7383,27.9165,8.91467,47.8627
5521,3070,3372,3549,3510,3172,3505,4134,4489,3513,3959,6047,7714,3454,4136,6326,8226,15.4745,19.0023,8.98535,48.1173
5522,3092,3174,3287,3328,3230,3519,3829,3898,3426,3889,4861,6023,3429,4112,6923,11665,27.0644,22.4839,8.68319,47.79
5523,3199,3592,3878,3960,3499,3960,5419,5254,3543,4357,7440,6575,3351,3964,4958,5108,5.51683,13.616,8.58395,48.038
5524,3450,3461,3269,3070,4317,3896,3495,3194,7638,5011,3820,3385,10954,5722,3807,3402,19.6364,-27.6065,8.76518,47.9273
5525,3135,3323,3405,3305,3334,3548,3873,3768,3569,4433,5229,4956,3877,5652,9925,6863,30.5634,9.15967,8.87321,48.13
5526,10699,6090,3894,3400,7382,5018,3790,3424,4207,3917,3528,3259,3512,3410,3160,3158,-20.1067,-25.5074,8.61608,47.8987
5527,4466,5287,4234,3686,5135,8082,5429,3747,4310,5498,4356,3650,3711,3792,3614,3384,-6.25867,-6.47238,8.92269,48.254
5528,3479,3877,5018,5719,3435,4023,6694,7997,3382,3802,5023,5439,3148,3496,3932,4017,-7.15639,17.9661,8.61854,48.3207
5529,5228,9048,7334,4447,4197,5103,4738,3984,3568,3702,3765,3550,3189,3387,3340,3212,-30.359,-2.35473,8.69942,47.8613
5530,3182,3277,3370,3474,3332,3681,4075,3911,3848,4647,6401,5109,3829,5292,8639,6316,19.7885,9.26665,8.73064,48.2553
5531,3141,3614,4357,4996,3338,3745,5245,8826,3265,3808,4945,7714,3223,3614,4071,4431,-2.07191,24.9569,8.99327,48.222
5532,3273,3410,4041,4690,3272,3661,4909,7675,3274,3708,5194,8954,3296,3663,4301,5119,1.92869,27.0914,8.85127,48.2933
5533,3311,4218,7793,10838,3404,3922,5009,5749,3271,3521,3848,3908,3050,3304,3431,3307,-31.0032,19.1021,8.85002,47.9227
5534,3396,3888,5816,12420,3489,3836,4732,6528,3291,3440,3847,4097,3190,3235,3437,3387,-23.8406,32.4843,8.93333,48.0193
5535,3944,3922,3568,3460,4478,5598,4369,3623,5303,8243,4986,3721,4477,4950,4173,3617,5.29465,-8.04941,8.89601,48.288
5536,3386,3462,3565,3371,3769,4288,4348,3792,4289,6939,6717,4358,4346,5707,5627,4353,11.7371,-0.341135,8.97515,48.2113
5537,3493,4054,5962,6951,3499,4100,6751,7745,3262,3748,4325,4723,3194,3378,3570,3711,-12.5367,17.4924,8.65067,48.3107
5538,4180,3940,3663,3218,5994,5266,3948,3408,7737,6677,4198,3406,5133,4755,3843,3295,4.88431,-17.4133,8.67346,48.4407
5539,8365,5207,3794,3297,9110,5105,3845,3427,4973,4048,3538,3284,3640,3430,3211,3168,-13.8596,-31.868,8.51518,47.628
5540,3569,4359,7327,8396,3528,4034,5948,6738,3255,3601,4121,4172,3086,3199,3564,3606,-18.7182,16.9341,8.73531,48.3353
5541,11307,6348,4007,3267,6929,5040,3871,3370,4123,3891,3475,3178,3410,3406,3188,3205,-22.0604,-24.6754,8.76809,48.01
5542,3290,3534,4386,5108,3347,3792,5129,8815,3365,3713,4911,7549,3151,3482,3955,4548,-1.56321,29.0007,8.66843,48.05
5543,3444,3891,5837,11427,3436,3744,4936,7298,3278,3448,3847,4074,3197,3139,3387,3475,-21.4037,31.5907,8.89786,47.9053
5544,4896,4224,3559,3205,8178,5156,3827,3309,8075,5145,3721,3341,4751,4270,3596,3250,0.130376,-24.299,8.68568,48.3353
5545,4730,5331,4384,3544,5623,8096,5019,3800,4519,5155,4074,3518,3734,3883,3637,3226,-7.55767,-8.87379,8.50343,48.182
5546,5026,5348,4130,3654,6339,7868,4578,3536,4816,5200,3924,3399,3823,3719,3508,3240,-7.38362,-11.8083,8.67403,48.072
5547,3270,3366,3236,3228,3798,3828,3581,3251,5226,5282,4173,3583,8065,9250,4961,3687,27.7378,-13.1735,8.56259,47.8567
5548,4411,7330,9142,5135,4079,4782,5058,4304,3472,3789,3809,3538,3312,3367,3334,3269,-31.1077,2.75591,8.8119,48.0873
5549,3439,3520,3262,3099,4114,3842,3441,3156,7045,4945,3839,3460,11673,6109,3859,3404,21.9288,-26.7437,8.99543,48.138
5550,4916,4344,3561,3162,8105,5582,3964,3379,7363,5290,3746,3309,4573,4024,3555,3238,-1.3824,-21.5101,8.8681,48.074
5551,5040,4325,3633,3260,8736,5430,3750,3370,7342,4914,3742,3307,4454,4080,3468,3223,-2.36991,-24.1529,8.54874,48.0493
5552,9254,5638,3913,3384,8489,5331,3728,3351,4583,3993,3519,3250,3605,3503,3146,3108,-16.2483,-25.3518,8.83501,47.8633
5553,3132,3249,3487,3434,3346,3631,4060,4270,3584,4325,6484,5779,3712,4832,8032,7039,18.4047,12.0006,8.76007,48.264
5554,11522,6667,4150,3435,6443,5012,3846,3347,4017,3904,3461,3114,3360,3358,3270,3179,-24.6684,-23.431,8.66959,48.0567
5555,3288,4014,6317,10932,3433,3934,5161,7162,3180,3481,3962,4181,3125,3240,3454,3412,-20.4533,24.0148,8.99648,48.184
5556,3741,3471,3304,3174,4832,4272,3515,3266,8861,5745,3889,3351,7852,5452,3881,3496,13.2878,-22.1588,8.82935,48.068
5557,3641,4845,8491,7341,3581,4197,6338,5670,3334,3597,3974,4052,3081,3308,3463,3458,-19.6925,12.7837,8.99173,48.2473
5558,3435,3299,3297,3209,3936,3730,3339,3279,6125,4736,3737,3393,12677,5930,3985,3221,33.532,-27.6557,8.74862,47.552
5559,3163,3216,3370,3410,3183,3473,3802,3927,3511,4059,5146,5324,3666,4569,8923,9204,30.4353,15.4974,8.90472,47.964
5560,3261,3508,3966,4589,3351,3657,4714,7453,3273,3753,5148,9092,3310,3630,4316,5199,2.4247,32.0588,8.7745,48.1467
5561,5105,8653,7695,4657,4152,5096,4925,4035,3528,3753,3710,3619,3225,3382,3385,3096,-26.5995,-1.33146,8.68171,48.0107
5562,3214,3458,3339,3152,3698,3799,3651,3401,4650,5453,4575,3895,5766,9590,6494,4234,25.2027,-5.5862,8.90715,48.246
5563,3452,3383,3272,3129,3810,3883,3448,3224,5808,4873,3994,3417,11037,7563,4177,3468,29.9837,-19.7403,8.77191,47.9587
5564,4029,3874,3460,3265,5410,5009,3858,3472,7586,7130,4191,3521,5375,4998,3946,3425,6.27409,-15.9289,8.7075,48.366
5565,3528,3926,4579,4261,3681,4727,7597,5442,3693,4386,6164,4998,3294,3839,4107,3907,-2.40523,9.18751,8.51649,48.086
5566,3371,3972,6337,12514,3236,3689,4840,6454,3208,3457,3820,4028,2965,3247,3253,3338,-25.2868,25.9577,8.94295,47.8193
5567,3338,3394,3299,3204,3743,3977,3810,3440,5042,6519,4742,3799,5799,8586,5658,3888,18.9692,-7.20834,8.90869,48.1587
5568,4273,4045,3489,3227,6305,5204,3810,3416,8044,6217,3981,3466,5045,4527,3701,3306,3.46809,-19.2178,8.62212,48.0373
5569,3365,3385,3265,3152,4083,3887,3506,3188,7054,4851,3750,3319,11853,6033,3850,3372,22.6177,-31.0376,8.55641,47.942
5570,3697,4322,5335,4509,3726,5188,8077,5286,3574,4245,5164,4357,3455,3603,3806,3685,-7.26151,7.08976,8.6697,48.0193
5571,8310,5370,3829,3325,9307,5205,3736,3392,4789,4080,3571,3216,3613,3556,3318,3111,-13.4318,-33.4862,8.85345,47.8187
5572,3306,3681,4618,6229,3370,3880,5695,9642,3381,3609,4538,5967,3074,3409,3814,4064,-7.2433,24.4232,8.73645,48.1847
5573,9011,5380,3827,3372,8977,5184,3817,3387,4806,4098,3486,3223,3619,3530,3128,3136,-14.9056,-31.4121,8.75082,47.9873
5574,3103,3519,3854,3927,3252,3708,4336,5566,3349,3789,5473,9530,3278,3709,4966,6932,9.43545,26.1706,8.62611,48.194
5575,3263,3273,3455,3418,3259,3503,3592,3785,3465,3659,4655,6046,3375,3806,5749,12712,33.2163,32.5066,8.915,47.3433
5576,8024,5204,3797,3313,9473,5195,3790,3392,4923,4075,3560,3338,3612,3605,3348,3137,-12.8894,-31.2657,8.99389,47.8573
5577,3177,3219,3359,3381,3206,3488,3768,3960,3303,3838,4816,6355,3450,3955,6077,12362,26.3187,28.7455,8.52966,47.8093
5578,3821,4800,5399,4372,4166,6050,7592,4722,3798,4432,4811,4044,3408,3571,3729,3525,-9.00503,3.39905,8.57566,48.16
5579,10633,6929,4147,3514,6545,5243,3882,3513,4061,3881,3477,3195,3241,3304,3284,3165,-22.5362,-20.9577,8.78909,48.0093
5580,5042,4404,3608,3247,9047,5096,3776,3298,7549,4754,3765,3355,4388,3968,3530,3271,-2.1137,-33.6915,8.78319,48.0653
5581,3744,5414,9958,6870,3654,4224,5305,4810,3221,3703,3840,3730,3225,3248,3379,3325,-31.892,10.1149,8.65797,47.7667
5582,3851,3797,3414,3282,4591,4686,3760,3351,6665,7678,4511,3565,5534,5967,4233,3468,10.5021,-13.0961,8.84895,48.2353
5583,8947,8766,4693,3631,5463,5144,4133,3412,3978,3966,3577,3223,3356,3369,3230,3137,-32.7257,-15.1033,8.66684,48.0167
5584,4085,6592,9545,5965,3834,4726,5076,4479,3405,3655,3632,3710,3105,3359,3442,3322,-29.4469,5.24946,8.5097,47.9547
5585,3573,4684,8880,8771,3445,4164,5187,5426,3356,3545,3795,3895,3131,3326,3455,3434,-32.7335,14.648,8.6723,48.0447
5586,3909,3966,3538,3183,5314,4936,3734,3341,7660,7164,4133,3441,5596,5253,3849,3518,7.6073,-16.3457,8.72175,48.3567
5587,6302,4739,3692,3286,9779,5380,3728,3410,5988,4487,3723,3258,4042,3707,3494,3169,-7.54011,-27.8922,8.74554,48.1227
5588,3262,3370,3310,3177,3605,3838,3710,3398,4621,5305,4563,3744,5772,9805,6405,4177,26.591,-5.76027,8.90387,48.0413
5589,6007,4729,3714,3242,9582,5468,3685,3392,6142,4559,3624,3222,4147,3829,3481,3299,-6.40634,-25.1924,8.68533,48.0813
5590,3624,4379,8320,9675,3471,3937,5251,5559,3335,3568,3909,3817,3133,3254,3334,3387,-30.8841,16.902,8.57377,47.9687
5591,4383,7116,9146,5376,4002,4822,4999,4416,3496,3640,3773,3620,3286,3326,3494,3150,-30.6315,3.40915,8.71203,48.03
5592,12251,6029,3929,3434,6634,4808,3741,3312,4015,3877,3378,3235,3434,3325,3236,3162,-24.1674,-28.3535,8.83193,47.8667
5593,3660,3435,3221,3092,4730,4260,3544,3258,8592,5729,3906,3396,8170,5832,3945,3357,14.1995,-21.8888,8.83376,48.0847
5594,3133,3275,3437,3420,3285,3384,3903,4188,3505,3871,5015,7152,3363,3848,6022,11111,20.8685,26.2552,8.65022,47.9413
5595,3115,3191,3411,3368,3229,3310,3722,4023,3348,3845,5003,5883,3423,4213,7465,11018,33.318,19.8077,8.77804,47.7113
5596,3404,3351,3304,3007,4138,3969,3576,3280,7273,4992,3747,3414,11342,5924,3957,3365,20.9309,-29.0055,8.7627,48.0287
5597,3374,3245,3216,3064,3742,3792,3682,3337,4950,5232,4361,3560,7336,9866,5243,3775,33.3483,-10.9082,8.9025,47.85
5598,3175,3234,3325,3507,3223,3357,3833,4133,3438,3724,5024,7136,3472,3989,6250,11059,21.6026,25.2285,8.51416,47.9193
5599,3126,3175,3447,3410,3287,3456,3826,3858,3416,3788,4941,6670,3349,4020,5954,11910,23.8347,33.8232,8.51195,47.7553
5600,3564,4089,5113,4836,3593,4842,8074,6135,3521,4115,5449,4736,3300,3611,3797,3785,-6.05027,10.7362,8.83416,48.3733
5601,3358,3359,3257,3175,3819,3835,3432,3325,5379,5298,4124,3489,8441,9421,4778,3619,26.5881,-13.751,8.97112,48.0727
5602,11007,6438,4131,3451,6940,5088,3895,3394,3999,3832,3484,3242,3491,3454,3193,3052,-21.898,-23.5004,8.72783,48.0607
5603,3338,3546,3239,3087,3847,3714,3412,3150,6249,4733,3794,3431,12208,6460,4005,3461,28.395,-25.8879,8.62287,47.7827
5604,3713,4097,3999,3749,4284,5973,5676,4035,4338,6508,5847,4036,3712,4240,4262,3697,0.846524,-1.18428,8.81199,48.1107
5605,4629,4647,3756,3421,6221,7199,4308,3565,5438,5971,4119,3548,4152,4070,3707,3340,-2.74018,-12.9857,8.68412,48.0607
5606,3218,3713,4688,6254,3337,3832,5366,9869,3229,3604,4505,6196,3180,3463,3779,4003,-6.83038,27.8279,8.70443,48.1573
5607,3058,3217,3293,3370,3377,3466,3748,3960,3387,3674,4722,6166,3456,3980,6159,12401,27.1869,33.1862,8.56043,47.6227
5608,3901,4018,3707,3471,4622,6115,4605,3776,5051,7747,5154,3711,4262,4795,4049,3592,3.2505,-7.01421,8.79486,48.384
5609,3806,3847,3658,3214,5210,5602,3907,3470,6429,7813,4412,3493,4967,5010,3949,3522,5.24949,-12.7179,8.96255,48.206
5610,12260,6240,3948,3333,6217,4866,3848,3408,4024,3847,3334,3192,3392,3454,3179,3119,-29.0047,-26.4357,8.54396,47.774
5611,4023,4810,4580,3923,4504,7091,6427,4133,4210,5265,4827,4005,3603,3696,3754,3488,-5.6845,-1.42604,8.68843,48.226
5612,4846,4259,3613,3323,8578,4888,3824,3340,8021,4905,3783,3389,4608,4157,3446,3237,-1.03418,-30.7263,8.72987,48.1447
5613,3432,3414,3262,3043,4200,3878,3466,3302,6665,5468,3919,3482,9158,7246,4303,3498,20.3327,-18.5121,8.73015,47.824
5614,3919,5765,9846,6659,3810,4311,5302,4781,3478,3645,3734,3623,3170,3200,3313,3370,-27.0302,8.52723,8.82977,47.9507
5615,3945,3716,3359,3076,5749,4413,3689,3225,10036,5276,3785,3450,6755,4618,3707,3393,8.45687,-27.9749,8.87014,48.128
5616,3219,3361,3685,3915,3247,3516,4375,5577,3369,3863,5291,9950,3381,3668,4957,6975,9.52523,28.219,8.86729,48.2327
5617,3173,3325,3341,3377,3444,3553,3952,3874,3558,4274,5446,5228,3799,5130,9361,7621,24.5242,12.0436,8.82867,48.304
5618,3273,3414,3410,3210,3510,3864,3822,3752,4073,5156,5710,4310,4323,7150,8347,5058,21.6255,1.97363,8.69467,48.2547
5619,3310,3342,3204,3092,3910,3807,3381,3254,6242,4839,3749,3428,12520,6017,3977,3376,27.3117,-30.0753,8.86624,47.632
5620,3094,3293,3502,3358,3378,3685,3885,3646,3953,4701,5482,4539,4150,6501,9259,5573,23.3396,4.90239,8.68643,47.9993
5621,3232,3832,4809,6197,3302,3926,5693,9421,3208,3640,4502,5936,3240,3405,3780,3932,-7.48149,24.1665,8.62322,48.0367
5622,3276,3366,3430,3233,3536,3685,3833,3407,4258,5037,4805,4075,4994,8569,7623,4472,33.3223,-1.62926,8.68829,47.7327
5623,5036,4326,3617,3222,8625,5224,3745,3334,7545,4995,3801,3288,4532,4039,3539,3184,-1.58749,-26.1667,8.60272,48.0347
5624,9467,5512,3802,3345,8878,5078,3689,3328,4532,4060,3508,3268,3506,3462,3237,3068,-15.6094,-31.1683,8.9845,47.8267
5625,3309,3828,6103,12631,3397,3838,4734,6034,3229,3285,3719,3884,3072,3296,3344,3351,-30.6996,29.0831,8.64419,47.3693
5626,3130,3296,3376,3298,3378,3568,3850,3716,3736,4559,5040,4862,3843,6058,9831,6093,32.1928,7.36894,8.52695,47.756
5627,5497,9164,6921,4565,4435,5275,4605,3985,3589,3827,3545,3476,3223,3337,3256,3137,-26.4487,-3.68215,8.69227,47.8913
5628,3135,3150,3455,3374,3269,3497,3842,4157,3422,3774,4905,7017,3488,3855,5856,11353,21.166,33.3741,8.97595,47.6993
5629,3202,3198,3274,3280,3371,3532,3798,3699,3655,4322,5242,4912,3771,5666,10054,6882,29.5139,9.03647,8.9866,47.9053
5630,3706,4157,4262,3913,4108,5860,6275,4400,4039,5764,6284,4290,3811,4092,4200,3835,-0.284477,1.33379,8.83867,48.664
5631,3362,3411,3164,3112,4192,4055,3567,3278,6705,5649,4135,3391,9206,7015,4187,3481,19.8197,-18.6457,8.61557,47.94
5632,3728,4460,5675,4787,3873,5069,8038,5422,3546,4190,4989,4314,3333,3551,3768,3570,-9.18155,7.71223,8.5425,48.2087
5633,9648,5526,3848,3420,8504,5171,3761,3398,4384,4058,3592,3332,3493,3429,3328,3161,-16.6087,-33.478,8.95272,48.0353
5634,3174,3443,3615,3533,3454,3945,4642,4189,3717,4871,7808,5796,3643,4701,6346,5422,11.9829,9.52956,8.524,48.1993
5635,3381,3840,4084,3943,3741,4395,6269,4699,3712,4816,7585,5339,3583,4060,4652,4321,3.31197,8.42413,8.79553,48.28
5636,4066,5849,9872,6104,3761,4490,5192,4652,3347,3732,3805,3717,3109,3244,3436,3310,-32.267,7.21241,8.70001,47.7907
5637,4431,3857,3552,3195,6948,4642,3656,3327,9520,5176,3854,3370,5631,4395,3697,3258,4.14595,-27.9977,8.93771,48.3393
5638,7423,5218,3886,3318,9312,5569,3867,3378,5136,4310,3695,3210,3656,3601,3249,3148,-11.4383,-24.4942,8.67804,47.984
5639,12457,6385,4060,3456,6264,4793,3817,3353,3990,3754,3352,3280,3301,3352,3082,3172,-27.0501,-27.5447,8.66903,47.912
5640,3071,3251,3403,3503,3219,3484,4027,4364,3453,3801,5328,7989,3438,3965,5934,10180,18.1946,25.2138,8.79359,48.2733
5641,3732,4655,6275,5067,3903,5245,8020,5407,3522,4023,4615,4024,3246,3376,3640,3610,-11.4446,7.57083,8.75592,48.24
5642,3075,3442,3696,3918,3256,3683,4545,5442,3416,4035,5982,9231,3378,3878,5101,6545,8.97914,22.1578,8.59568,48.4153
5643,3250,3430,3310,3104,3758,3763,3714,3393,4670,5656,4748,3886,5844,9349,6240,4224,23.6805,-6.02178,8.73364,48.226
5644,3302,4065,5545,8549,3300,3794,5637,8708,3237,3636,4061,4768,3083,3312,3483,3566,-14.2273,23.2539,8.87234,48.0307
5645,3758,3773,3405,3153,4935,4652,3825,3280,7821,6930,4254,3480,6100,5568,4020,3471,9.95426,-16.521,8.8589,48.2833
5646,5439,4647,3715,3304,8450,6076,3899,3345,6428,4889,3750,3386,4300,4035,3514,3215,-4.60548,-20.6895,8.65316,48.2613
5647,3275,3625,4494,5345,3460,3817,5215,9293,3379,3744,4782,7011,3249,3446,3978,4275,-4.02213,33.0013,8.61226,48.2587
5648,6648,6506,4342,3463,6776,7042,4409,3573,4347,4430,3712,3365,3609,3624,3409,3143,-14.1325,-14.5329,8.61341,48.2653
5649,7931,5105,3806,3449,9889,5072,3971,3275,4985,4141,3557,3314,3608,3615,3258,3147,-12.2478,-33.1618,8.99691,48.082
5650,3287,3334,3295,3121,3733,3914,3639,3357,5109,5318,4081,3566,7994,9397,4998,3665,29.4329,-12.6024,8.63325,47.872
5651,3779,3638,3368,3113,5148,4314,3688,3240,9222,5667,3882,3391,7304,5224,3764,3342,11.3801,-23.4333,8.5594,48.056
5652,3285,3625,3715,3655,3546,4036,5003,4262,3705,5022,8190,5746,3614,4331,5782,4737,8.37304,8.71601,8.74262,48.1693
5653,3141,3309,3464,3589,3315,3509,4183,4314,3496,3965,5861,7450,3401,4122,6411,8201,16.2524,19.2196,8.53568,47.8207
5654,3272,3603,4099,4575,3422,3712,5276,7297,3328,3787,5646,7907,3322,3620,4342,4986,1.32781,21.1888,8.77109,48.1293
5655,3164,3250,3381,3433,3173,3436,3730,3832,3337,3811,4688,6011,3348,3896,6249,12736,28.5266,26.9494,8.99946,47.65
5656,3085,3253,3428,3336,3359,3547,3932,3899,3547,4264,5419,5314,3728,4981,9185,8061,25.0613,12.9898,8.54606,48.2253
5657,3469,3605,3571,3252,4020,4573,3881,3561,5206,7932,5263,3857,5122,6548,4891,3843,12.2672,-6.63843,8.66874,48.396
5658,3888,5804,9752,6222,3797,4467,5300,4684,3441,3624,3900,3827,3208,3359,3331,3298,-33.2208,7.65118,8.61996,47.9347
5659,3192,3395,3809,3990,3350,3897,4582,5551,3375,3895,6072,8861,3307,3855,5017,6135,8.05726,20.7813,8.54936,48.1887
5660,12763,5952,3854,3297,5873,4812,3676,3395,3828,3737,3381,3283,3464,3394,3288,3137,-31.5381,-31.8782,8.95684,47.4227
5661,4267,5472,5892,4510,4249,6480,7123,4426,3712,4151,4419,3921,3254,3493,3533,3385,-11.6161,1.62423,8.96999,48.1913
5662,12800,6014,3862,3435,5868,4682,3656,3262,3978,3747,3436,3305,3384,3545,3234,3123,-32.0433,-28.5183,8.98312,47.554
5663,12134,6568,3880,3351,6131,4893,3895,3331,3999,3875,3307,3290,3343,3365,3229,3077,-28.0282,-24.1192,8.89855,47.7787
5664,3496,4245,6418,6467,3551,4367,6982,7053,3281,3738,4461,4474,3075,3339,3630,3663,-13.6005,14.891,8.82859,48.16
5665,3279,3211,3371,3238,3626,3768,3718,3644,4181,4971,5098,4207,4759,8102,8271,4898,26.4096,0.286082,8.5802,48.228
5666,3154,3300,3302,3303,3399,3563,3805,3830,3730,4288,5356,4934,3689,5319,9873,7157,30.6994,10.4376,8.83685,48.0013
5667,6343,4687,3659,3344,10086,5229,3829,3379,5843,4264,3567,3272,3923,3718,3504,3159,-7.986,-29.1588,8.98881,47.8707
5668,3347,3419,3192,3133,3965,3798,3371,3411,6656,4761,3739,3413,11931,5923,3992,3432,23.5834,-33.7412,8.75368,47.6553
5669,4315,3905,3568,3159,6992,4707,3649,3394,9401,5089,3830,3388,5484,4455,3514,3302,3.96865,-30.6895,8.69135,48.1013
5670,3104,3269,3572,3707,3328,3587,4222,4872,3320,3854,5345,9177,3364,3920,5323,8119,13.6228,26.6046,8.50546,48.0553
5671,3626,3881,3677,3453,4339,5350,4514,3670,4874,7762,5594,4078,4313,5091,4447,3655,6.16375,-5.31303,8.50439,48.216
5672,3785,3985,3631,3315,4656,5414,4143,3489,5648,8264,4819,3698,4565,5268,4167,3558,5.60813,-9.37963,8.78506,48.27
5673,3345,3848,4700,6667,3337,3759,5314,9797,3347,3639,4283,5744,3213,3348,3759,3956,-8.45247,27.9754,8.58744,48.0373
5674,4014,6077,8808,5582,3807,4887,6020,4771,3510,3628,3993,3838,3119,3269,3419,3314,-20.4684,5.64725,8.8188,48.0373
5675,5771,4816,3826,3248,8923,6215,3906,3412,6042,4842,3741,3307,4102,3957,3407,3155,-6.08493,-21.0606,8.85897,48.4467
5676,3101,3336,3343,3215,3483,3614,3778,3654,3778,4521,5290,4552,4187,6395,9878,5966,28.9856,6.18678,8.6525,48.0607
5677,3775,3864,3453,3262,4815,4920,3839,3382,7071,7600,4394,3390,5424,5561,4043,3520,8.66246,-14.1316,8.571,48.2087
5678,10288,7885,4376,3515,5725,4992,3892,3536,3928,3820,3451,3266,3382,3391,3225,3075,-32.3696,-18.2609,8.73966,47.8313
5679,3272,3744,5003,7564,3526,3843,5250,9678,3333,3552,4270,5118,3079,3331,3538,3731,-11.2534,29.288,8.65373,47.888
5680,3187,3513,3741,4110,3376,3689,4544,6614,3338,3771,5076,9898,3286,3623,4563,5861,5.38449,31.9269,8.91845,48.1267
5681,3571,4490,7734,8303,3494,4132,5798,6389,3216,3629,4031,4069,3096,3294,3420,3384,-19.4479,16.272,8.90171,48.0333
5682,4321,7013,9162,5305,3885,4699,4985,4476,3486,3752,3826,3797,3315,3369,3437,3323,-32.0907,3.78973,8.594,48.1007
5683,3079,3321,3572,3898,3199,3629,4320,5583,3453,3846,5189,9909,3300,3691,4920,7105,10.1212,29.6007,8.72808,48.0093
5684,3249,3543,4330,4992,3316,3761,5013,8778,3297,3767,4906,7528,3319,3530,4065,4556,-1.67499,33.3263,8.86005,47.9667
5685,3171,3217,3352,3390,3191,3475,3827,4057,3276,3761,5028,6884,3496,4113,5937,11750,22.3609,33.9891,8.89005,47.95
5686,3407,3463,3236,3242,4077,3870,3423,3110,5730,4974,3907,3390,10878,7716,4034,3515,32.8202,-19.7907,8.60183,47.9813
5687,3192,3514,4113,4684,3412,3742,4842,7963,3307,3766,5171,8689,3168,3608,4174,5082,1.22739,25.9237,8.85793,48.2847
5688,4831,4153,3546,3245,8281,4912,3699,3345,8243,4897,3691,3379,4831,4155,3526,3263,-0.177919,-30.9081,8.59001,47.998
5689,11078,6525,4015,3378,6896,5251,3760,3414,4164,3899,3426,3286,3346,3330,3150,3042,-22.0143,-23.7678,8.64477,47.9733
5690,3277,3737,4769,6354,3345,3858,5283,10002,3263,3632,4495,5831,3183,3414,3817,3836,-8.00704,28.761,8.72489,48.064
5691,3218,3390,3766,3945,3458,3869,4827,4736,3520,4293,7412,6947,3366,4216,5500,5576,9.11352,14.6188,8.69419,48.026
5692,3136,3342,3371,3315,3411,3774,4068,3903,3896,4806,6310,4928,3964,5654,8840,5853,20.2172,7.43067,8.73836,48.3807
5693,3130,3351,3372,3320,3337,3618,3844,3777,3774,4506,5089,4699,4078,6184,9889,6166,31.9635,7.06177,8.62193,48.0893
5694,4852,8500,8063,4684,4217,5037,4922,4115,3509,3764,3705,3561,3321,3352,3347,3344,-31.2414,-0.551046,8.70919,48.1953
5695,3535,3578,3635,3436,3833,4633,4516,3739,4478,7045,6635,4329,4129,5323,5218,4129,9.63661,-0.779391,8.59094,48.1273
5696,3336,3775,4228,4169,3581,4217,6295,5328,3628,4533,7421,5812,3541,3913,4714,4441,2.68301,11.3466,8.86395,48.6213
5697,3158,3281,3424,3340,3392,3606,3824,3641,3756,4498,5402,4702,4129,6056,9756,6104,26.1984,6.9259,8.76134,48.046
5698,3802,3731,3496,3175,4876,4733,3875,3291,7313,7234,4174,3514,5849,5632,4096,3500,9.93799,-15.3585,8.50228,48.194
5699,3810,5371,9115,6770,3630,4410,6034,5251,3332,3719,3967,3786,3072,3264,3283,3295,-22.0753,10.2718,8.71749,48.0727
5700,3412,3769,5687,12526,3352,3712,4810,6007,3258,3351,3746,3973,3289,3301,3335,3388,-33.8387,29.2265,8.57085,47.2773
5701,3349,3603,3767,3658,3743,4214,5235,4174,3870,5517,8112,5150,3721,4475,5381,4472,7.88223,5.68233,8.7051,48.294
5702,3186,3535,4179,4400,3230,3679,4807,7432,3363,3791,5133,9147,3325,3655,4331,5281,2.57983,27.3591,8.65758,48.316
5703,3572,4347,6638,8162,3459,3989,5970,7277,3236,3653,4157,4353,3111,3343,3451,3482,-16.8312,18.2431,8.60133,48.1333
5704,3389,3410,3262,3222,4014,3800,3447,3271,6108,4789,3800,3263,12651,5890,3886,3309,33.749,-27.0265,8.61098,47.674
5705,3235,3518,3703,3704,3425,3841,4917,4291,3736,4912,8369,5954,3552,4400,5953,4985,9.89374,9.76847,8.92486,48.33
5706,3331,3751,4768,5886,3435,3824,5910,9198,3308,3657,4752,6064,3116,3353,3883,4216,-6.25908,22.1641,8.86923,48.3013
5707,3205,3253,3327,3273,3542,3688,3884,3554,4024,4658,5024,4353,4366,7081,9445,5248,31.2964,3.45482,8.86187,47.95
5708,3273,3252,3393,3128,3671,3732,3706,3505,4380,5073,4801,4065,5363,9242,7020,4246,30.7618,-3.45011,8.83254,47.9
5709,3270,3520,4212,4519,3384,3754,4973,7190,3411,3852,5527,8161,3301,3564,4472,5054,2.20758,21.6394,8.7075,48.1093
5710,3337,3388,3241,3138,3839,3865,3538,3157,5223,5255,4074,3540,8067,9604,4955,3600,32.7571,-12.4907,8.92258,47.8807
5711,3414,3804,5455,8569,3444,3902,5398,8858,3292,3525,4035,4835,2999,3289,3554,3654,-14.4875,25.5542,8.60077,48.018
5712,3560,3635,3436,3167,4412,4465,3768,3282,6463,7440,4505,3573,6079,6491,4448,3533,13.2074,-13.125,8.6276,48.1713
5713,4555,6452,5995,4262,4476,6912,6085,4256,3760,4261,4118,3613,3308,3493,3460,3368,-14.5993,-1.4416,8.81762,48.2493
5714,4615,4585,3728,3258,6816,6320,4155,3412,6380,6134,4025,3480,4387,4234,3639,3248,-1.29637,-15.8511,8.76882,48.2773
5715,3461,3988,4886,4872,3538,4422,7614,6730,3423,3858,5454,5379,3262,3470,3979,4030,-5.47288,13.6297,8.72696,48.244
5716,8838,5374,3871,3377,8954,5158,3791,3377,4572,4186,3562,3170,3609,3524,3321,3094,-14.931,-32.776,8.94649,47.852
5717,7312,4902,3786,3243,9989,5346,3828,3440,5394,4243,3627,3235,3685,3656,3221,3156,-10.3949,-31.9666,8.99158,48.042
5718,11584,6474,4097,3394,6567,4908,3742,3477,3994,3844,3481,3257,3338,3307,3163,3057,-23.8359,-23.8239,8.83748,47.7893
5719,3359,3327,3254,3067,3982,3864,3561,3205,6874,5017,3814,3309,11876,6043,3926,3362,23.557,-27.29,8.87879,47.8933
5720,3482,3609,3704,3451,3818,4664,4992,4128,4196,6474,7453,4577,3977,4790,5182,4143,7.01227,1.98696,8.74654,48.4267
5721,3598,3785,3434,3113,4611,4691,3810,3283,7068,7276,4221,3464,6189,5894,4147,3511,11.3298,-14.9351,8.65478,48.0633
5722,3128,3278,3327,3384,3227,3618,3775,3792,3765,4335,5324,4988,3805,5605,9897,7031,26.153,9.71972,8.82693,48.186
5723,3519,3981,5814,6023,3437,4417,7563,7100,3413,3715,4627,4727,3248,3446,3628,3610,-11.0802,14.229,8.97838,48.1787
5724,3334,3872,4407,4740,3424,4138,6221,6750,3436,3956,6020,6568,3368,3635,4293,4473,-0.917711,16.319,8.70091,48.4233
5725,3588,3589,3328,3217,4221,4456,3831,3469,5731,7355,4702,3730,5738,6921,4622,3734,14.2461,-10.2424,8.55573,48.1547
5726,3243,3220,3395,3359,3572,3772,3766,3692,3915,4737,5121,4396,4249,6964,9199,5310,33.9003,3.72359,8.57052,47.94
5727,3582,3617,3676,3363,3757,4506,4624,3984,4205,6635,7107,4435,4085,5051,5213,4290,9.0901,0.718103,8.91733,48.0867
5728,3360,3605,4229,5097,3423,3672,5011,8934,3358,3697,4701,7798,3364,3531,4006,4573,-1.91183,29.9497,8.78621,48.2393
5729,3036,3214,3465,3464,3241,3511,3715,3915,3283,3805,4874,6339,3375,3991,6139,12343,26.464,27.7437,8.75176,47.8067
5730,3142,3114,3398,3420,3244,3507,3936,4102,3481,4002,5633,6897,3385,4148,7111,9350,20.0505,19.5349,8.67355,47.9133
5731,6682,4739,3723,3419,9772,5187,3898,3471,5676,4458,3698,3144,3673,3741,3320,3142,-8.87056,-32.6538,8.50537,47.8287
5732,3397,3414,3338,3210,3732,3953,3697,3520,4823,5943,4675,3879,5866,8906,5967,4056,21.6772,-6.34991,8.73802,48.2507
5733,8478,5372,3908,3346,9110,5187,3781,3318,4689,4230,3609,3309,3599,3414,3319,3198,-14.1854,-33.9554,8.81149,47.9113
5734,3205,3273,3340,3505,3233,3544,3819,3884,3417,3911,4990,5643,3449,4245,7775,10728,31.7417,18.9454,8.73118,47.974
5735,3397,3957,6051,10488,3368,3844,5217,7750,3187,3508,3846,4409,3083,3215,3480,3563,-19.5012,24.8446,8.59796,48.242
5736,3107,3311,3597,3455,3244,3558,4049,4298,3453,3926,5838,7292,3510,4229,6661,8671,17.7701,18.7342,8.77699,48.1327
5737,10250,6284,3930,3321,7515,5168,3891,3304,4204,4097,3463,3353,3469,3431,3224,3061,-19.2062,-23.2331,8.87565,47.9767
5738,4288,5544,5469,4284,4370,6945,6816,4271,3854,4460,4296,3767,3317,3632,3521,3543,-11.2314,-0.440945,8.97585,48.2513
5739,3554,3942,4176,3806,3973,5347,6215,4447,4007,5522,6871,4465,3739,4092,4398,4001,1.26693,2.88838,8.93911,48.37
5740,3281,3366,3443,3224,3575,3785,4095,3722,4128,5399,6011,4440,4284,6467,7947,5095,19.547,3.26044,8.5322,48.1747
5741,3289,3322,3366,3161,3657,3763,3707,3254,4705,5269,4342,3760,6281,10023,6006,4000,31.5059,-7.55019,8.96543,47.9367
5742,3233,3389,3512,3276,3341,3841,4224,3865,3779,5186,6843,4981,3900,5538,7919,5468,17.1095,7.01473,8.51893,48.1967
5743,3655,3534,3318,3047,4996,4191,3586,3065,9446,5072,3884,3358,8009,5299,3755,3322,12.8927,-30.6335,8.58069,47.6913
5744,3254,3483,3866,4100,3335,3773,4715,5685,3321,4067,6396,8798,3316,3821,4877,5837,7.0108,19.9449,8.92137,48.4293
5745,4359,7579,8927,4997,4106,4860,5047,4352,3543,3798,3730,3535,3314,3375,3284,3337,-33.0295,1.96086,8.97704,48.0953
5746,5881,6726,4657,3692,5821,7510,4630,3664,4295,4454,3896,3387,3575,3611,3385,3296,-13.5606,-10.8011,8.56915,48.32
5747,3450,4399,7741,9621,3544,4051,5282,6151,3342,3513,3927,4009,3088,3341,3402,3356,-22.2075,17.7942,8.90327,48.1447
5748,3181,3563,3731,3691,3399,3808,4517,4730,3524,4323,7306,7241,3508,4159,5828,5992,10.9805,15.3958,8.75831,48.334
5749,5712,9724,6584,4071,4539,5132,4647,3786,3573,3911,3593,3388,3375,3397,3218,3177,-32.951,-5.00454,8.98585,47.8847
5750,5033,4508,3564,3301,8360,5786,3812,3330,7191,5181,3903,3403,4504,4089,3416,3197,-2.24555,-21.2783,8.90597,48.3853
5751,3164,3353,3287,3287,3362,3720,3738,3654,3789,4664,5655,4698,3922,6163,9511,6137,24.2712,6.62134,8.85238,48.0693
5752,3409,3594,3652,3385,3744,4447,4680,3846,4212,6655,7248,4499,4133,5080,5520,4288,10.171,1.20729,8.87573,48.2613
5753,11319,6166,3939,3409,6932,4766,3880,3444,4186,3926,3444,3268,3400,3458,3271,3069,-22.2497,-25.786,8.53005,47.918
5754,3150,3315,3690,3757,3285,3656,4331,4998,3386,3985,5860,8590,3299,3910,5463,7206,11.9383,21.2419,8.56419,47.9207
5755,4855,4201,3525,3257,8110,5227,3775,3361,8132,5078,3781,3326,4704,4260,3505,3254,-0.34138,-26.2376,8.53185,48.234
5756,3145,3158,3343,3380,3188,3483,3680,3863,3436,3773,4723,6394,3400,3902,5932,12605,25.7316,31.9503,8.70065,47.6033
5757,3564,4969,9011,8112,3437,4205,5501,5417,3371,3600,3990,3844,3085,3221,3403,3344,-24.141,13.3794,8.98915,48.0493
5758,3764,5120,8563,6532,3640,4488,6394,5297,3400,3703,4021,3899,3120,3303,3370,3330,-19.3854,9.89619,8.76412,47.9627
5759,3361,3367,3268,3211,4085,3821,3406,3161,6753,5002,3887,3398,11906,5926,3905,3483,23.0268,-31.247,8.91597,47.96
5760,3609,3771,3836,3641,3911,4741,5457,4273,3967,6059,7296,4657,3848,4415,4704,4134,4.31452,2.85442,8.76973,48.2127
5761,7667,5547,3915,3463,8601,6078,3865,3411,4841,4270,3638,3268,3666,3512,3406,3101,-13.0913,-21.381,8.74025,48.166
5762,5575,9471,6872,4334,4380,5059,4665,3923,3603,3799,3693,3450,3243,3342,3207,3232,-29.4571,-4.06591,8.81313,47.8987
5763,3273,3326,3326,3227,3553,3765,3722,3429,4298,5148,4836,3987,5170,9108,7391,4394,32.0896,-2.44936,8.92652,47.9687
5764,3542,3656,3571,3439,4038,4803,4339,3689,4742,7697,6086,4068,4305,5586,4811,3892,9.33842,-3.31148,8.78956,48.176
5765,3146,3233,3404,3435,3243,3480,3760,3911,3392,3756,4704,6041,3487,4082,5999,12214,28.8378,32.882,8.56459,47.5247
5766,3786,3857,3433,3150,5959,4537,3694,3140,9889,5278,3956,3466,6146,4608,3764,3256,7.4378,-33.6921,8.74496,47.946
5767,3215,3255,3378,3353,3190,3440,3871,3981,3377,3811,4970,6103,3339,3865,6718,11895,27.3521,23.4024,8.86964,47.8407
5768,3323,3355,3351,3219,3879,3780,3616,3270,5342,5343,4119,3405,8655,8837,4780,3553,33.1634,-14.4324,8.71219,47.8847
5769,3192,3619,4357,4879,3334,3916,5835,7789,3358,3899,5560,6842,3289,3585,4180,4644,-1.63551,19.9338,8.57246,48.1853
5770,5135,4261,3492,3258,8770,4974,3812,3309,7860,4948,3666,3387,4637,3929,3510,3197,-1.33098,-29.7132,8.92111,48.0967
5771,3218,3522,4048,4213,3387,3711,5345,6038,3476,3969,6514,7931,3353,3773,4781,5049,4.17096,17.8117,8.80085,48.2187
5772,10066,5456,3842,3354,8184,5188,3672,3297,4444,3998,3483,3305,3438,3403,3314,3074,-17.3732,-31.9494,8.95944,47.6787
5773,11136,5789,3955,3330,7693,4979,3805,3383,4200,3886,3398,3326,3456,3426,3216,3118,-19.9904,-31.9441,8.9417,48.064
5774,5451,7529,5443,3972,4953,6775,5173,3979,3799,4181,3858,3456,3498,3435,3366,3244,-16.6195,-5.96413,8.5633,48.0747
5775,3739,4922,6989,5473,3860,4885,7532,5423,3456,3745,4341,3963,3151,3475,3503,3535,-14.2775,8.18053,8.7778,47.9947
5776,3348,3620,4175,4361,3488,4075,5999,5904,3417,4101,6688,6550,3350,3788,4495,4605,1.41037,14.4006,8.75945,47.976
5777,3503,3892,5176,4911,3602,4482,7782,6408,3567,4113,5413,4935,3174,3574,3785,3976,-5.71738,12.3067,8.7974,48.1953
5778,3480,4425,6940,7287,3512,4083,6672,6876,3359,3687,4278,4214,3094,3340,3433,3474,-15.5674,15.5355,8.85347,48.1027
5779,3784,3637,3338,3169,5129,4423,3613,3356,8697,6496,4040,3465,6781,5490,4007,3428,11.3316,-19.357,8.90098,48.5687
5780,3427,3894,6099,12382,3453,3736,4730,6353,3214,3421,3827,3881,3059,3258,3429,3359,-26.0279,30.3951,8.60499,47.6813
5781,6562,8453,5056,3670,5442,6536,4492,3764,3947,4062,3659,3257,3470,3490,3266,3103,-19.2082,-10.4453,8.65182,48.1527
5782,4397,4021,3375,3189,6888,4780,3750,3244,9340,5116,3941,3275,5355,4402,3621,3311,3.85429,-33.7346,8.97247,48.0033
5783,6644,8763,5216,3796,5317,6303,4405,3667,3895,3951,3729,3336,3321,3558,3348,3116,-20.1083,-10.1151,8.91818,48.2433
5784,3799,5208,9026,6782,3625,4404,6017,5168,3437,3630,4034,3928,3169,3300,3389,3390,-21.3822,10.2207,8.60557,48.204
5785,3499,3447,3140,3095,4160,4041,3523,3221,7969,5077,3853,3373,10763,5769,3991,3295,19.3138,-29.7673,8.89064,48.144
5786,3371,3405,3500,3276,3568,3916,4090,3846,4014,5642,7031,4651,4277,5815,7108,5044,16.1437,3.47984,8.55033,48.3693
5787,11845,5800,3902,3381,6977,4947,3823,3356,3979,3909,3542,3287,3451,3376,3166,3075,-22.6731,-30.293,8.81317,47.8773
5788,3323,3891,5121,7053,3326,3815,5568,9304,3238,3680,4428,5335,3117,3403,3770,3756,-10.4762,23.6857,8.59834,48.0853
5789,3421,3456,3290,3173,3960,3839,3346,3224,6098,4834,3734,3345,12099,6503,3881,3413,33.268,-24.8112,8.59551,47.744
5790,4539,4430,3761,3321,6769,6562,4060,3381,6341,6054,3969,3352,4372,4135,3663,3308,-1.29808,-15.5061,8.6087,48.0113
5791,3302,3419,3313,3148,3660,3874,3799,3508,4412,5667,5496,4173,4770,7675,7282,4715,20.7098,-0.713115,8.51385,48.142
5792,10031,6199,3978,3469,7577,5485,3872,3433,4266,3952,3521,3250,3440,3415,3271,3039,-19.1024,-23.1477,8.76735,48.132
5793,4471,7088,9436,5438,3909,4746,5177,4306,3425,3653,3801,3512,3167,3411,3312,3210,-27.2498,3.49713,8.89102,48.0413
5794,3526,3509,3321,3214,3916,4184,3885,3421,5201,7163,4818,3852,5486,7704,5196,3784,16.1477,-7.84075,8.93561,48.12
5795,3409,3488,3370,3141,3768,4058,3844,3430,4713,6582,5224,3979,5231,8013,5991,3961,18.2442,-4.77293,8.94313,48.1347
5796,3308,3285,3286,3064,3898,3847,3507,3291,5751,5215,4007,3461,9570,8094,4523,3479,24.7318,-17.2483,8.6097,47.724
5797,4864,7493,6539,4330,4448,6165,5669,4082,3748,4022,3955,3477,3232,3575,3466,3288,-18.4808,-1.70629,8.97387,48.2353
5798,3464,3373,3220,3154,4330,3997,3435,3287,8358,5129,3720,3398,10225,5601,3858,3353,17.6344,-31.6465,8.98004,47.9347
5799,4278,3933,3525,3290,7266,4752,3668,3352,9028,5054,3809,3353,5252,4386,3652,3236,3.0394,-33.5631,8.66815,47.8893
5800,8615,6602,4043,3481,7333,6075,3936,3357,4406,4158,3607,3193,3478,3345,3324,3146,-16.9207,-18.9655,8.71695,48.066
5801,3145,3480,4113,4481,3377,3663,4840,7539,3387,3759,5146,8773,3243,3597,4313,5056,2.00827,25.7092,8.79697,47.9413
5802,3568,3752,3521,3358,4233,5152,4082,3559,5503,8149,5360,3869,4712,5529,4474,3617,8.20665,-7.30585,8.73688,48.292
5803,3134,3180,3334,3374,3327,3489,3852,3887,3381,3795,4774,6418,3327,3880,5937,12530,25.4531,30.4101,8.97507,47.746
5804,3340,3455,3182,3024,4057,3723,3443,3246,6116,4743,3860,3419,12435,6213,3948,3388,27.5117,-26.9028,8.50016,47.728
5805,3263,3312,3268,3232,3632,3772,3837,3587,4129,4793,5018,4254,4670,7913,8703,5030,31.3328,1.22555,8.71378,48.2753
5806,3416,3452,3134,3078,3887,3854,3346,3220,6385,4897,3813,3380,11746,6744,4056,3528,25.8142,-23.5915,8.58858,47.9573
5807,3146,3163,3443,3364,3391,3536,3911,4211,3419,3764,5054,7392,3412,4028,5826,10937,20.1881,30.8904,8.58408,47.998
5808,3417,4071,5556,5814,3498,4310,7379,7483,3495,3673,4625,4914,3175,3463,3674,3834,-9.5693,15.7278,8.91505,48.254
5809,9287,6531,4136,3412,7317,5720,3972,3434,4298,4011,3599,3206,3398,3373,3252,3147,-18.1183,-20.147,8.86199,48.062
5810,7587,9364,5244,3739,5165,5469,4242,3638,3831,3756,3512,3311,3310,3345,3280,3180,-25.033,-11.5818,8.67488,47.982
5811,3359,3982,6893,11966,3450,3913,4786,5880,3122,3455,3791,3853,3113,3238,3418,3495,-30.7155,22.8617,8.75516,47.8093
5812,3507,3902,5773,11091,3407,3788,4987,7525,3315,3549,3928,4251,3124,3276,3421,3489,-19.8543,32.0208,8.86202,48.222
5813,3247,3353,3290,3259,3608,3753,3685,3453,4387,5096,4775,3923,5293,9444,7148,4150,33.5131,-3.56038,8.96572,47.9093
5814,3250,3572,4191,4549,3371,3861,5760,7112,3451,4007,6001,7175,3350,3579,4322,4737,0.395913,18.6287,8.53118,48.192
5815,3530,3557,3301,3131,4524,3994,3452,3250,8012,5346,3916,3273,9597,5951,4056,3418,16.8648,-23.529,8.66852,48.2053
5816,4570,7736,8993,4985,4087,4827,5075,4275,3521,3684,3682,3604,3208,3303,3294,3322,-29.1906,1.67144,8.76907,48.1107
5817,3361,4040,6257,12349,3279,3868,4801,6216,3158,3483,3911,3906,3115,3212,3332,3467,-27.1435,26.7093,8.75686,47.8367
5818,3385,3860,5675,10394,3301,3893,5014,7783,3288,3573,4036,4461,3061,3247,3392,3436,-18.4523,30.2162,8.58506,47.866
5819,3232,3327,3699,3600,3384,3760,4430,4592,3552,4326,7441,6931,3492,4362,6111,6129,12.3232,14.5777,8.72014,48.2453
5820,4113,3846,3306,3217,6372,4494,3634,3252,9655,5218,3935,3391,5960,4536,3751,3305,6.11699,-30.2513,8.54568,47.99
5821,3080,3157,3445,3466,3259,3557,3877,4175,3389,3756,5260,7309,3437,4019,6423,10377,19.9577,22.6111,8.97784,47.9907
5822,3393,3822,4544,4506,3604,4274,7067,6170,3544,4247,6324,5635,3301,3586,4185,4176,-1.72613,13.1326,8.94263,48.252
5823,4219,5025,4449,3856,4836,7717,5722,3986,4147,5413,4482,3669,3700,3916,3722,3454,-5.911,-4.69046,8.61729,48.2087
5824,4560,3911,3502,3163,7337,4638,3608,3406,9146,5020,3694,3448,5172,4175,3516,3150,3.03868,-28.8106,8.93336,47.6307
5825,3502,4539,8427,9499,3512,4018,5092,5504,3224,3594,3849,3857,3124,3257,3394,3361,-29.1153,16.2595,8.55078,47.8353
5826,3824,3757,3411,3100,5152,4829,3816,3402,7771,7186,4164,3548,5743,5226,3978,3377,8.01158,-16.6305,8.92861,48.1893
5827,12528,6097,3889,3404,6009,4760,3754,3359,3931,3718,3506,3368,3382,3428,3236,3219,-32.2598,-28.0274,8.67839,47.7253
5828,7317,9802,5386,3796,4838,5217,4345,3610,3751,3930,3549,3351,3299,3242,3336,3167,-29.7744,-10.5374,8.75995,47.9573
5829,7515,4867,3848,3353,9799,5255,3817,3429,5268,4216,3591,3294,3749,3654,3257,3243,-11.1535,-30.5613,8.64749,48.1033
5830,3063,3287,3344,3396,3219,3433,3736,4051,3489,3884,4959,6157,3380,4094,6845,11640,26.3163,23.1065,8.93309,47.9847
5831,3415,3337,3372,3082,3873,3917,3598,3359,5653,5571,4196,3591,8092,8849,4847,3625,23.5723,-13.6289,8.85114,48.2513
5832,3404,4009,6006,11593,3372,3776,4986,6937,3174,3410,3872,4083,3167,3186,3468,3451,-21.8516,32.9293,8.79977,47.9293
5833,3215,3302,3427,3576,3292,3533,4034,4508,3405,3769,5091,8194,3289,3907,5471,9733,16.9236,32.8443,8.59724,47.8307
5834,3903,5608,8783,5855,3815,4725,6315,5005,3421,3741,4010,3911,3170,3291,3338,3432,-19.8335,7.43905,8.7918,48.2153
5835,3201,3298,3483,3257,3317,3548,3866,3857,3646,4175,5215,5098,3643,5150,9672,7636,28.7113,11.9083,8.99625,48.0413
5836,3800,5375,8608,6309,3721,4633,6402,5140,3373,3633,4067,3903,3144,3384,3468,3269,-19.4883,8.70512,8.74039,48.1527
5837,3378,3386,3237,3172,3801,3797,3528,3236,5552,5190,4077,3545,9333,8724,4480,3480,29.7246,-16.0268,8.59411,47.944
5838,3697,3680,3333,3284,5307,4464,3631,3315,9789,5243,3898,3335,7062,4937,3830,3353,9.9693,-33.9436,8.5111,48.1053
5839,3347,3345,3255,3184,3914,3840,3412,3190,5976,4575,3801,3354,12563,5819,3968,3340,27.85,-32.3585,8.98759,47.2553
5840,4191,6528,9726,5761,3747,4536,5275,4539,3486,3656,3797,3661,3224,3330,3286,3341,-30.7305,5.27446,8.95149,48.056
5841,3165,3291,3332,3291,3420,3737,3696,3476,4050,4779,5127,4264,4714,8266,8434,5022,29.4308,0.688339,8.95294,48.0427
5842,3559,3545,3246,3060,4602,4079,3527,3157,8761,5278,3865,3290,9136,5346,3881,3426,15.8195,-32.217,8.88347,47.8387
5843,5300,6465,4699,3759,5529,7955,5004,3746,4197,4701,3916,3405,3584,3605,3495,3188,-12.2489,-8.49588,8.7061,48.3653
5844,3507,4660,9076,8486,3507,4121,5135,5349,3360,3621,3912,3866,3200,3387,3426,3323,-32.2828,14.4452,8.55764,47.9573
5845,5030,4632,3817,3379,7271,7060,4071,3425,5745,5413,3906,3464,4113,4114,3550,3221,-4.27804,-15.8542,8.80076,48.1407
5846,3255,3271,3593,3634,3251,3620,4053,4986,3467,3820,5239,9562,3380,3813,5169,7803,12.1934,32.6425,8.53339,47.944
5847,3186,3360,3420,3402,3328,3634,3864,3712,3737,4352,5139,4848,3847,5806,10086,6410,31.123,8.38186,8.51661,48.0873
5848,3886,3935,3597,3355,4833,5936,4446,3528,5670,7766,4719,3689,4511,4749,4103,3572,4.17917,-9.12024,8.65991,48.1967
5849,3318,3399,3192,3113,3873,3695,3400,3341,5968,4695,3722,3477,12798,5929,3931,3397,29.7473,-32.8894,8.96304,47.4987
5850,6397,8451,5175,3827,5157,6418,4473,3713,3915,4035,3729,3427,3373,3470,3407,3170,-19.5872,-9.69179,8.6123,48.0913
5851,3431,3420,3186,3118,4202,3904,3578,3237,7428,5002,3935,3310,11045,5741,3885,3290,20.4773,-30.7537,8.74499,47.808
5852,3144,3238,3578,3506,3382,3590,4390,4212,3606,4376,6939,6377,3745,4460,6916,6752,15.2012,13.3639,8.58081,48.1407
5853,4480,7686,8774,5068,4181,4779,5152,4253,3600,3736,3791,3597,3240,3328,3423,3301,-28.0049,1.70195,8.61874,48.2593
5854,3489,3659,3576,3371,4059,4717,4289,3666,4856,7671,6131,4108,4414,5585,4984,3843,9.5875,-3.37579,8.89047,48.2787
5855,10563,6610,4072,3443,7145,5193,3779,3388,4185,3930,3491,3260,3325,3400,3320,3106,-20.4837,-22.4198,8.87393,48.14
5856,3351,3568,4357,4361,3461,4074,6061,6246,3397,4107,6462,6701,3381,3768,4320,4571,0.649029,15.9,8.66426,48.124
5857,3163,3175,3399,3262,3289,3628,3790,3677,3738,4486,5366,4535,3989,6167,10035,6254,28.7872,6.77388,8.87317,47.9687
5858,3135,3365,3513,3564,3371,3661,4261,4386,3587,4323,6688,6544,3540,4264,7100,7108,15.8412,14.7047,8.96922,48.2733
5859,9012,8865,4685,3519,5447,5034,4047,3532,3721,3866,3576,3355,3402,3367,3188,3198,-30.9206,-15.1884,8.87401,47.876
5860,3254,3275,3401,3139,3575,3765,3875,3686,4024,4716,5656,4472,4169,6872,9132,5451,23.8196,4.44209,8.6574,48.308
5861,3507,3958,6617,11439,3355,3768,4829,6392,3294,3436,3852,4037,3075,3206,3376,3371,-24.7422,23.4905,8.70942,47.6747
5862,4014,3801,3386,3152,6652,4574,3699,3312,9956,5136,3811,3388,5891,4480,3561,3344,5.6297,-30.5045,8.99258,48.1047
5863,3338,3442,3222,3190,4196,4061,3493,3226,6735,5389,3928,3341,9723,7010,4266,3496,20.653,-20.0296,8.68648,48.0373
5864,3399,3733,4959,7224,3373,3880,5369,9830,3192,3544,4236,5219,3195,3432,3605,3765,-10.364,28.2123,8.66866,47.97
5865,3394,3679,4822,5448,3426,3969,6027,8497,3309,3712,4964,6249,3274,3450,3814,4100,-4.9998,20.0624,8.84375,48.0893
5866,3454,3748,4213,4126,3631,4678,6658,4805,3742,5022,6931,5000,3464,4037,4483,4177,0.79034,6.90846,8.57045,48.1127
5867,3728,5239,9291,6987,3767,4405,5764,5230,3408,3647,3946,3918,3142,3292,3382,3327,-23.7272,10.1333,8.55626,48.3153
5868,3380,3554,3373,3177,4051,4162,3691,3300,5564,6931,4587,3690,6439,8047,4713,3759,17.251,-11.0332,8.98481,48.2787
5869,3213,3420,3557,3502,3556,4014,4716,4164,3872,5375,7937,5369,3719,4825,6220,4894,11.2802,7.04563,8.77466,48.2353
5870,3267,3373,3642,3804,3552,3926,4765,4615,3703,4548,7973,6289,3541,4304,5987,5376,10.3975,11.6361,8.86405,48.4433
5871,3261,3447,3443,3365,3451,3626,3797,3577,3863,4562,5164,4446,4070,6610,9714,5732,32.1593,5.51812,8.743,48.0853
5872,4550,7532,9027,5040,3974,4878,5218,4258,3649,3647,3729,3528,3125,3498,3387,3266,-27.3033,2.02814,8.98395,48.204
5873,11287,6718,3996,3376,6513,5052,3934,3382,4003,3956,3506,3218,3402,3332,3295,3152,-24.0779,-23.6878,8.68044,48.0813
5874,3075,3392,3401,3551,3386,3733,4141,4064,3704,4513,6590,5610,3739,4962,8097,6661,18.4019,10.6823,8.61956,48.4127
5875,3119,3234,3400,3395,3244,3495,3899,4012,3455,3958,5287,6525,3394,4077,7248,10132,21.8773,19.5933,8.70555,47.916
5876,4576,7676,8671,5021,4098,4907,4982,4391,3476,3699,3768,3718,3213,3255,3343,3270,-28.4362,1.61984,8.56331,48.0427
5877,8303,5350,3869,3374,9235,5398,3768,3348,4763,4043,3639,3249,3632,3535,3199,3149,-13.3759,-25.9532,8.95112,47.9027
5878,3850,5775,9674,6604,3669,4421,5430,4841,3286,3640,3834,3825,3126,3273,3435,3364,-28.0461,8.51438,8.59332,48.0313
5879,7144,9352,5142,3630,5261,5788,4330,3647,3796,3971,3611,3412,3310,3494,3315,3149,-23.0848,-10.8346,8.57004,48.2347
5880,3246,3361,3395,3268,3711,4032,3913,3684,4399,6226,5703,4155,4834,7316,6954,4424,18.2999,-1.30617,8.8666,48.414
5881,3270,3438,3449,3235,3447,3824,4044,3649,4013,5560,6383,4532,4292,6363,7821,4901,18.3855,2.81743,8.97332,48.1473
5882,4156,3887,3493,3290,6763,4844,3730,3380,9395,5271,3811,3416,5341,4428,3704,3285,4.35233,-32.8323,8.71511,48.1293
5883,12727,6016,3853,3368,5930,4695,3761,3452,3885,3891,3461,3277,3431,3424,3200,3192,-31.2898,-28.5394,8.69226,47.7087
5884,3097,3289,3567,3720,3359,3663,4184,4657,3482,3856,5468,8445,3354,4012,5771,8775,15.5033,24.1751,8.52982,48.466
5885,3376,3637,4237,4320,3506,4089,6114,5803,3616,4157,6589,6381,3332,3850,4625,4574,1.58951,14.6036,8.74241,48.1373
5886,3324,3938,5527,9587,3395,3782,5049,8588,3264,3493,4093,4591,3118,3315,3429,3476,-16.3375,32.5806,8.97013,47.9793
5887,3108,3290,3351,3400,3282,3472,3827,3985,3461,3761,4997,5729,3413,4151,7329,11227,30.0848,20.4181,8.72921,47.8553
5888,3518,4235,7304,8797,3500,3944,5788,6596,3257,3565,4040,4153,3041,3269,3402,3553,-19.3523,17.6398,8.63501,47.9747
5889,3639,4303,5997,5449,3726,4710,7949,6424,3344,3808,4702,4527,3229,3440,3691,3707,-10.1665,11.741,8.63734,48.43
5890,3772,3715,3427,3182,5482,4348,3554,3183,9864,5279,3794,3225,7196,4968,3800,3299,10.3073,-26.6269,8.99046,48.0587
5891,3780,3811,3838,3447,4365,5704,4593,3735,5058,7627,5239,3893,4273,4977,4287,3541,4.55848,-5.83376,8.50929,48.112
5892,5572,4971,3729,3381,8457,6214,3960,3392,6029,5000,3701,3353,4045,3859,3532,3130,-5.50198,-19.7585,8.55377,48.2167
5893,3124,3249,3347,3504,3365,3605,3938,3999,3481,4048,5104,5482,3501,4401,8385,9620,32.8237,16.5525,8.84833,48.102
5894,3795,5102,9779,7537,3653,4247,5213,5010,3395,3532,3823,3849,3224,3260,3368,3340,-30.1777,11.2513,8.69089,48.0847
5895,4335,4512,3822,3504,5612,7270,4658,3658,5177,6385,4398,3584,4122,4203,3822,3356,-2.06754,-10.0946,8.65145,48.2787
5896,3451,3395,3220,3117,3991,3788,3454,3107,6723,4967,3799,3374,11744,6470,4031,3292,23.8969,-24.2651,8.88187,47.9487
5897,3732,3607,3338,3102,5495,4308,3562,3203,9940,5183,3802,3401,7048,4799,3697,3377,9.96699,-30.5439,8.80625,47.7293
5898,3442,3955,6112,12267,3363,3820,4808,6410,3209,3363,3701,4014,3165,3305,3384,3465,-25.225,26.597,8.93848,47.8553
5899,3469,3835,4512,4159,3576,4677,7354,5440,3600,4453,6467,5236,3436,3731,4195,4081,-1.46115,9.59995,8.58058,48.1473
5900,3161,3587,4372,5149,3392,3772,5057,9175,3205,3650,4773,7357,3252,3481,4006,4463,-2.79863,30.176,8.79171,47.9013
5901,3230,3248,3323,3269,3367,3649,3856,3835,3712,4338,5214,4740,3939,5673,9965,6547,30.7167,8.66613,8.66353,47.9367
5902,3359,3406,3234,3163,3903,3750,3415,3313,6133,4829,3713,3380,12535,6139,3980,3277,29.8775,-28.1348,8.51473,47.686
5903,3143,3294,3510,3377,3518,3570,3744,3624,3628,4585,5323,4801,4034,5989,9800,6321,26.8306,7.43059,8.81039,48.174
5904,3465,4270,7397,10360,3459,3958,5103,6146,3244,3457,3954,4103,3124,3217,3334,3277,-24.429,19.8247,8.54178,47.912
5905,3779,5524,9755,7066,3619,4409,5276,4869,3392,3647,3800,3886,3167,3223,3398,3351,-27.0917,10.0022,8.55565,48.1073
5906,12287,5904,3898,3417,6468,4637,3705,3417,3883,3891,3463,3172,3389,3418,3334,3229,-25.073,-32.0195,8.54001,47.6747
5907,3192,3552,4307,5325,3389,3750,5240,9119,3307,3792,4792,7373,3109,3453,4059,4453,-2.66009,26.3082,8.91885,48.1413
5908,3449,3365,3157,3096,4181,3937,3583,3164,7435,5230,3825,3317,10616,6198,3976,3388,19.4887,-23.9876,8.84602,47.9447
5909,3150,3318,3523,3495,3376,3833,4221,4058,3653,4712,7027,5478,3877,4886,7581,5826,16.4873,9.60726,8.53246,48.0093
5910,3115,3252,3400,3323,3242,3373,3805,3922,3319,3744,4768,6585,3345,3866,6128,12353,25.4026,29.8268,8.93702,47.6933
5911,3500,3515,3226,3107,4389,3967,3575,3182,8106,5180,3780,3380,10163,5669,3854,3443,17.9195,-29.2791,8.5071,48.024
5912,3288,3204,3328,3090,3687,3776,3722,3405,4919,5238,4301,3760,6819,9877,5618,3939,30.6854,-9.38637,8.50141,47.9807
5913,11517,5981,3949,3339,7281,4933,3899,3382,4108,3835,3440,3178,3447,3363,3111,3139,-21.2425,-28.5035,8.95256,47.9347
5914,3222,3634,4183,4461,3407,3873,5584,6453,3435,3979,6126,7677,3211,3722,4407,4906,1.84777,18.0945,8.89439,48.1867
5915,3118,3503,3337,3221,3599,3711,3831,3599,3808,4893,5870,4505,4288,6739,8841,5431,22.5124,4.15645,8.53904,48.196
5916,3212,3517,3845,3999,3393,3777,5051,5714,3429,3922,6481,8506,3351,3829,4942,5541,6.02161,19.1284,8.73273,48.3393
5917,4327,5584,5749,4265,4401,6594,6858,4386,3794,4445,4215,3753,3289,3550,3630,3390,-12.0962,0.292913,8.72832,48.1533
5918,3378,3409,3258,3277,3630,3834,3624,3359,4618,5186,4499,3786,5978,10030,6155,4001,31.9635,-6.59977,8.92959,48.0147
5919,3231,3439,3773,3925,3447,3898,5098,5023,3554,4402,7545,6821,3416,3989,5210,5175,6.71551,13.5335,8.548,47.964
5920,3383,3371,3260,3126,3937,3720,3401,3209,6445,4828,3730,3406,12275,6424,4028,3382,25.7674,-26.1365,8.9466,47.95
5921,3409,3925,5778,9971,3323,3738,5171,8045,3232,3465,3971,4485,3172,3196,3500,3513,-17.5203,26.5258,8.59248,47.9293
5922,3984,4597,5107,4204,4037,5965,7729,4754,3665,4559,5091,4240,3452,3786,3793,3616,-6.92988,3.6796,8.81696,48.386
5923,12917,5987,3901,3453,5999,4717,3683,3301,3869,3796,3408,3309,3336,3407,3257,3096,-30.7757,-29.7278,8.79812,47.624
5924,3707,5131,9621,7633,3620,4214,5260,5040,3247,3567,3837,3732,3103,3239,3296,3382,-31.8456,11.8502,8.9421,47.7527
5925,3158,3297,3429,3445,3249,3521,3814,3800,3394,4123,5093,5526,3504,4521,8575,9471,33.3369,16.3529,8.98276,47.9467
5926,3689,4519,7044,6644,3676,4407,7024,6258,3371,3695,4315,4239,3185,3357,3561,3475,-15.1798,13.3482,8.8524,48.306
5927,3178,3341,3526,3607,3243,3641,4313,4644,3483,3959,6101,8261,3282,4053,5900,7710,13.9175,20.0124,8.9353,48.1613
5928,3454,3728,3959,3911,3649,4587,6107,4657,3766,5171,7639,5109,3634,4181,4599,4243,3.18395,7.01819,8.74462,48.2627
5929,3316,3359,3172,3207,3946,3875,3404,3308,6082,4661,3775,3342,12653,5988,3840,3439,29.0482,-29.3418,8.79839,47.578
5930,3282,3433,3563,3757,3229,3455,4186,5098,3313,3838,5226,9426,3373,3842,5109,7819,12.3438,30.5912,8.53913,47.966
5931,4140,6132,9751,5996,3761,4598,5517,4637,3515,3635,3846,3735,3143,3327,3368,3368,-25.73,6.13711,8.78054,48.3127
5932,4326,5542,5340,4127,4556,7141,6650,4272,3805,4498,4593,3761,3380,3638,3529,3375,-10.8294,-1.02695,8.94541,48.3553
5933,7411,8775,5107,3724,5383,5927,4314,3580,3954,3920,3572,3304,3469,3487,3320,3213,-21.7691,-11.9992,8.57183,48.3067
5934,3102,3346,3320,3407,3115,3466,3868,3859,3356,3840,4844,5810,3395,4098,7077,11705,29.4046,21.7947,8.98291,47.7387
5935,4152,4278,3901,3471,4972,6906,4739,3678,5138,6953,4755,3612,4161,4412,3920,3424,0.211937,-8.08798,8.92135,48.3147
5936,7924,7301,4430,3640,6379,6228,4086,3467,4135,3977,3684,3236,3546,3495,3294,3199,-18.2113,-16.155,8.77102,48.014
5937,3636,3375,3272,3123,4502,3930,3556,3224,8442,5020,3856,3470,9921,5483,3840,3342,16.9244,-29.9164,8.84007,47.9947
5938,3698,3767,3377,3092,5101,4408,3581,3290,8973,6241,4040,3334,6743,5369,3918,3437,10.2302,-20.4897,8.90127,48.246
5939,7253,5053,3870,3380,10115,5174,3789,3373,5360,4281,3553,3243,3857,3551,3410,3147,-10.6001,-29.8309,8.99872,48.2727
5940,3731,4359,4893,4417,3869,5631,8160,4929,3681,4452,5364,4202,3351,3794,3897,3707,-6.10573,5.57885,8.93,48.2913
5941,7033,7550,4465,3632,6148,6614,4382,3634,4225,4121,3679,3362,3421,3473,3413,3152,-17.1769,-13.37,8.73024,48.2027
5942,4049,5807,9600,6268,3733,4488,5676,4775,3316,3721,3949,3769,3107,3357,3415,3285,-25.0526,7.85362,8.54492,48.21
5943,3292,3386,3427,3099,3572,3870,3888,3580,4260,5865,5625,4116,4646,7379,7264,4629,19.6794,-0.561207,8.82033,47.932
5944,3414,3948,5930,12853,3340,3659,4711,5978,3302,3450,3828,3887,3141,3215,3410,3322,-30.5149,29.4809,8.94929,47.592
5945,3391,3524,3331,3107,4086,3869,3542,3187,6031,5318,3926,3404,10038,7567,4348,3469,23.8962,-18.7864,8.58118,48.092
5946,5250,8572,6538,4254,4643,5995,5224,4030,3827,3815,3749,3579,3284,3461,3325,3217,-20.7467,-3.74791,8.95434,48.5087
5947,3132,3300,3451,3398,3313,3685,4066,3915,3667,4403,6080,5361,3632,4951,8876,6863,21.2881,11.2344,8.58242,48.062
5948,3150,3563,3559,3433,3500,3958,4433,3993,3895,5473,7529,4987,3958,5388,6625,4979,13.6491,5.34536,8.73607,48.282
5949,5079,6301,4625,3768,5343,8095,5110,3742,4064,4590,4065,3493,3581,3527,3331,3223,-11.6566,-7.957,8.9045,47.958
5950,3228,3241,3281,3209,3625,3756,3939,3566,4285,5320,4902,4003,5114,8676,7487,4552,25.3173,-1.96584,8.78238,48.1227
5951,3324,3836,5012,6938,3218,3829,5293,10146,3163,3518,4238,5617,3118,3351,3674,3818,-9.77983,26.9432,8.97174,48.062
5952,3245,3449,3409,3345,3513,3962,4009,3740,3993,5596,6742,4636,4163,5905,7366,4901,16.4803,3.51984,8.89172,47.9827
5953,6482,9673,5797,3900,4793,5482,4440,3775,3720,3796,3663,3494,3326,3467,3229,3144,-25.5167,-7.85977,8.78261,48.1207
5954,3173,3140,3339,3448,3212,3445,3781,3949,3475,3774,4773,6042,3366,3900,6227,12262,30.9997,26.3582,8.51776,47.5373
5955,3428,3935,5654,6722,3376,4094,6485,7964,3453,3675,4443,4858,3170,3298,3755,3758,-11.3841,18.4003,8.57459,48.0453
5956,4523,4465,3787,3315,6107,6599,4349,3493,6034,6317,4269,3497,4282,4416,3627,3315,-0.567506,-13.9194,8.77841,48.2633
5957,3678,3793,3425,3157,4594,4743,3922,3389,6754,7687,4477,3606,5655,5916,4213,3384,10.6462,-13.3437,8.83453,48.262
5958,3393,3557,3568,3399,3686,4322,4271,3843,4372,6772,6638,4233,4363,5965,5718,4318,12.5661,-0.155868,8.98988,48.2787
5959,3419,4353,7655,10224,3411,3973,5222,6035,3189,3512,3912,3978,3066,3214,3517,3457,-23.6904,18.8519,8.92592,48.0913
5960,3315,3719,4317,4512,3504,3853,5997,6989,3386,4065,5818,6804,3427,3631,4153,4559,-0.641242,17.89,8.6021,48.0327
5961,3333,3385,3271,3100,3706,3909,3557,3347,5241,5538,4328,3661,7331,9430,5186,3696,24.4742,-11.3611,8.89253,48.0127
5962,3850,3642,3339,3180,5159,4280,3610,3253,9736,5232,3806,3347,7339,5027,3661,3272,11.034,-31.4811,8.79439,47.822
5963,3130,3403,3830,4172,3263,3699,4628,6692,3385,3789,5232,9703,3334,3676,4515,5613,5.06431,29.4028,8.57992,48.0427
5964,9219,8286,4451,3526,5816,5413,4070,3537,3928,3833,3453,3294,3385,3440,3228,3025,-24.2738,-16.2145,8.58862,47.936
5965,3157,3232,3375,3543,3169,3606,3735,3993,3456,3980,5072,5658,3487,4339,7856,10296,31.4775,18.4231,8.85978,47.9693
5966,3704,5249,10075,7337,3639,4176,5202,5088,3399,3619,3733,3808,3138,3300,3268,3268,-30.8661,10.8432,8.91637,48.002
5967,5643,4738,3740,3376,8609,6127,4043,3445,6088,4949,3761,3331,4060,3938,3496,3090,-5.919,-20.3187,8.66064,48.2893
5968,3363,3732,4185,4061,3505,4331,6298,4971,3739,4717,7626,5621,3449,3953,4520,4372,2.42621,9.68643,8.66381,48.2953
5969,4273,6536,7964,5102,4025,5207,6204,4563,3610,3756,4042,3811,3243,3295,3509,3333,-20.0439,3.17237,8.59592,48.3153
5970,3266,3471,3485,3545,3575,4071,4544,3977,3868,5433,7842,5116,3834,4982,6302,4680,11.9564,5.8396,8.62153,47.994
5971,3053,3188,3376,3448,3169,3492,3741,4052,3367,3650,4693,6030,3452,3961,6239,12320,31.4847,26.5498,8.53007,47.4873
5972,5899,9673,6456,4120,4471,5189,4476,3824,3696,3893,3649,3502,3267,3413,3339,3187,-28.8642,-5.64506,8.77715,48.036
5973,3657,4342,6212,5284,3756,4827,7936,6089,3396,3888,4670,4389,3245,3387,3675,3545,-10.9868,10.2154,8.5725,48.1987
5974,3124,3379,3454,3341,3390,3641,3772,3766,3691,4357,5288,4750,4011,5712,9788,6696,26.8322,8.48313,8.67153,48.1067
5975,3428,3515,3257,3043,4173,3945,3417,3254,7552,5213,3810,3343,10633,5996,3963,3300,19.4744,-24.6911,8.88967,47.8947
5976,3296,3325,3317,3151,3640,3765,3634,3405,4693,5311,4471,3671,6732,10030,5726,3980,27.112,-8.29686,8.9799,48.098
5977,3097,3221,3372,3448,3494,3597,4173,4134,3429,4221,6141,6226,3661,4556,7583,7901,19.2995,15.0339,8.91095,48.1693
5978,3148,3248,3414,3406,3321,3443,3624,4013,3326,3745,4692,6027,3412,3904,5938,12481,28.8969,31.6896,8.91738,47.428
5979,4388,7420,8912,5029,4072,4816,5009,4316,3600,3716,3788,3550,3249,3362,3338,3287,-33.8061,2.13758,8.67502,47.9013
5980,3704,4691,6361,5211,3714,4933,8033,5715,3485,3874,4665,4230,3275,3490,3660,3520,-11.6731,9.32218,8.86833,48.374
5981,3225,3219,3370,3509,3184,3470,4047,4347,3301,3752,5032,8089,3455,3981,5733,10098,17.883,27.0563,8.51949,47.8747
5982,3151,3224,3474,3420,3286,3391,3793,3996,3427,3849,4804,6068,3209,3744,6108,12508,33.6717,28.4629,8.53059,47.6347
5983,11206,6324,4041,3417,7042,5027,3714,3417,4119,3824,3452,3214,3521,3329,3154,3055,-21.6424,-25.0313,8.57288,47.904
5984,5248,8929,7272,4336,4367,5433,4822,4026,3639,3843,3772,3445,3261,3354,3281,3217,-24.2062,-3.17,8.80092,48.1633
5985,3732,3791,3318,3185,4461,4861,3904,3342,6231,7819,4693,3626,5315,5772,4309,3560,10.4146,-11.571,8.71067,47.946
5986,4511,5011,4226,3596,5490,7771,4994,3692,4604,5660,4318,3705,3764,3928,3671,3369,-5.08627,-8.05114,8.54401,48.2067
5987,3533,3541,3357,3132,4458,4106,3650,3157,8222,5569,3805,3448,8852,6151,3935,3481,16.7086,-21.7702,8.86731,48.2647
5988,3074,3217,3358,3448,3275,3447,3893,4187,3328,3968,5252,6728,3372,4239,6801,10445,20.744,20.8224,8.96634,48.0213
5989,3482,3610,3741,3453,3843,4694,4803,3907,4189,6872,7073,4297,4074,4995,4963,4031,7.25922,0.589638,8.88373,48.018
5990,3409,3938,5604,10118,3453,3803,5124,8058,3123,3527,3929,4398,3220,3316,3610,3429,-17.5301,32.388,8.59985,48.0393
5991,7375,8842,4946,3723,5408,5945,4301,3670,3909,3916,3500,3360,3410,3482,3355,3101,-21.5419,-12.3409,8.65485,48.162
5992,3320,3618,4163,4747,3370,3841,5026,8527,3445,3781,4972,7860,3164,3515,4213,4594,-0.881211,33.5777,8.55147,48.104
5993,3674,4863,9536,7980,3529,4119,5224,5217,3356,3498,3744,3937,3181,3240,3344,3368,-33.6194,12.8373,8.99916,47.8733
5994,4791,8210,8489,4775,4187,5010,4940,4235,3586,3753,3680,3521,3271,3358,3271,3325,-26.9286,0.343918,8.71068,48.268
5995,3297,3617,4365,5612,3303,3868,5127,9626,3312,3656,4678,6769,3161,3462,3891,4113,-4.73744,32.2689,8.73142,47.9047
5996,6177,7995,4917,3721,5507,6928,4539,3639,4054,4214,3755,3418,3403,3404,3313,3229,-17.2611,-10.4367,8.75715,48.142
5997,3493,4093,7152,11111,3430,3873,4969,6090,3233,3546,3839,4001,3019,3241,3461,3360,-24.7683,21.159,8.67808,47.9407
5998,4254,3885,3518,3208,6792,5017,3725,3270,8923,5673,3882,3302,5444,4516,3718,3280,3.87904,-22.3227,8.98342,48.2713
5999,5082,4662,3721,3346,7678,6547,4142,3545,6001,5352,3977,3365,4057,3997,3414,3228,-4.08561,-17.3708,8.79195,48.076
6000,5556,8898,6354,4227,4697,5964,4925,3952,3614,4014,3737,3513,3256,3487,3407,3196,-21.5943,-5.02461,8.80797,48.5313
6001,11007,6562,4043,3399,6908,5058,3935,3494,4028,3954,3407,3262,3361,3456,3223,3155,-21.6873,-23.3807,8.89032,48.168
6002,3525,3459,3273,3151,4508,3907,3430,3154,7836,5209,3754,3373,10033,5878,3980,3454,18.1122,-26.1029,8.57703,47.9493
6003,3277,3727,4489,5338,3332,3783,5093,9414,3235,3638,4802,6916,3261,3469,3987,4220,-3.84381,33.8717,8.85343,47.9873
6004,3147,3126,3295,3446,3208,3462,3679,3904,3346,3850,4930,5924,3458,3845,6414,12212,31.0422,25.5539,8.52908,47.4973
6005,4013,4551,4487,3900,4361,6736,6433,4171,4010,5559,5210,3934,3708,3879,3855,3589,-3.63595,-1.10701,8.80899,48.264
6006,3183,3407,3858,3745,3341,3726,4539,5313,3393,3935,6099,8897,3436,3920,5292,6451,9.44883,20.9078,8.58593,48.3567
6007,3547,3889,4019,3638,4151,5586,5428,4161,4301,6651,6431,4227,3852,4327,4412,3823,3.20224,-0.551968,8.55604,48.2953
6008,3104,3277,3403,3282,3321,3559,3826,3966,3692,4301,5700,5439,3604,4952,9286,7550,23.565,12.6857,8.8929,48.1747
6009,3285,3948,6296,11821,3472,3794,4964,6704,3223,3521,3815,3990,3092,3284,3412,3350,-23.6673,25.2538,8.78788,47.9807
6010,4901,6428,5030,3989,5090,7670,5420,3923,3930,4477,4053,3501,3483,3548,3487,3291,-12.3888,-5.54108,8.79587,48.1473
6011,12697,6046,3906,3361,6248,4843,3674,3347,4067,3755,3426,3233,3326,3452,3177,3229,-27.0086,-26.9049,8.91903,47.858
6012,3511,3871,4518,4239,3742,4774,7317,5543,3691,4461,6268,5057,3401,3743,4154,4093,-2.51531,9.99755,8.51776,48.2553
6013,3529,4128,6787,8263,3546,4136,6029,7022,3257,3632,4069,4339,3031,3193,3418,3465,-17.495,18.0736,8.67863,47.896
6014,3366,3348,3268,3055,3885,3842,3438,3206,5686,5196,4020,3389,10262,8204,4452,3450,27.9625,-17.7883,8.74146,48.0447
6015,7141,5007,3768,3341,9658,5570,3802,3260,5457,4309,3609,3275,3861,3729,3370,3100,-10.3093,-24.6987,8.78955,48.1713
6016,3398,3610,3844,3766,3632,4363,5488,4544,3668,5297,8000,5229,3648,4352,5059,4561,5.54821,7.39482,8.70052,48.306
6017,4901,8443,8104,4697,4183,4925,4924,4119,3634,3753,3713,3509,3291,3371,3302,3224,-31.7386,-0.508477,8.63606,48.062
6018,4127,5169,5038,4122,4329,7036,6749,4226,3941,4857,4775,3840,3616,3672,3690,3398,-8.06845,-0.734222,8.68753,48.39
6019,3194,3305,3592,3684,3127,3507,4165,4743,3448,3854,5044,9157,3401,3767,5229,8752,14.0682,30.8817,8.7614,47.9793
6020,3423,3484,3303,3139,4002,4197,3695,3416,5351,6889,4814,3755,5983,7902,5197,3882,17.5072,-9.1155,8.63491,48.288
6021,3322,3824,4880,5642,3466,4029,6278,8741,3382,3635,4860,5795,3195,3391,3845,3992,-6.38719,19.8044,8.67221,48.1847
6022,3363,3854,5862,12834,3278,3778,4637,6003,3146,3427,3716,3976,3264,3305,3345,3380,-33.3528,29.7001,8.93757,47.4453
6023,3400,4364,8345,9620,3524,3975,5153,5547,3362,3599,3850,3902,3108,3265,3404,3450,-33.142,16.6632,8.57028,47.912
6024,3333,3433,3356,3099,3601,3885,3602,3360,4832,5201,4421,3695,6852,9942,5515,3727,29.5324,-9.66642,8.94494,47.9027
6025,4689,4136,3411,3195,7871,5020,3592,3328,8783,5107,3745,3408,5090,4291,3531,3217,1.55621,-29.9586,8.90709,48.276
6026,3879,5444,8586,6063,3829,4869,6558,4965,3305,3717,4062,3880,3098,3369,3341,3369,-19.5625,8.28608,8.63549,48.2227
6027,3298,3557,3818,3665,3505,4094,5182,4597,3651,4971,8224,5651,3647,4240,5411,4822,7.67757,9.30683,8.72521,48.222
6028,3163,3428,3466,3249,3436,3615,3849,3690,3804,4477,5535,4806,3979,5949,9512,6195,24.7288,7.01292,8.75304,48.102
6029,3454,4013,6186,7955,3424,4027,5992,7903,3278,3635,4198,4594,3116,3375,3517,3592,-15.2816,20.0156,8.50578,48.1727
6030,3521,3437,3220,3120,4310,4010,3487,3204,7313,5306,3860,3403,10125,6351,4101,3381,19.4674,-23.1843,8.60843,48.0993
6031,9237,8757,4476,3517,5333,5103,4186,3513,3844,3833,3369,3266,3366,3382,3297,3198,-33.3945,-15.5773,8.80328,47.7847
6032,8836,5288,3880,3379,9061,5099,3718,3467,4652,4249,3497,3228,3532,3514,3230,3181,-14.7692,-30.8837,8.83861,47.874
6033,3041,3277,3323,3365,3282,3435,3874,4155,3305,3862,4848,7281,3403,3716,5862,11555,21.2007,29.3899,8.86585,47.7227
6034,8411,5473,3924,3346,8881,5538,3891,3405,4824,4178,3567,3268,3698,3654,3198,3139,-13.9761,-24.7333,8.62502,48.2633
6035,3321,3319,3284,3125,3606,3728,3623,3372,4682,5270,4568,3834,5839,9815,6724,4228,29.1495,-5.56144,8.8097,48.2253
6036,3368,3297,3088,3108,4082,3934,3460,3139,7027,4966,3855,3369,11671,5918,3970,3442,22.3269,-32.2921,8.66679,47.796
6037,3385,3458,3362,3060,3847,4164,3733,3447,5416,6939,4720,3727,5805,8021,5130,3769,16.9293,-8.66128,8.7579,47.9887
6038,10012,8171,4268,3404,5689,5214,3982,3417,3984,3836,3501,3310,3474,3439,3293,3189,-32.8832,-17.602,8.55363,48.122
6039,3359,3255,3270,3119,4023,3878,3344,3152,6486,4789,3866,3325,12435,6203,3945,3366,24.8459,-27.2323,8.99108,47.8767
6040,3484,3426,3230,3127,4326,3923,3440,3235,7356,5060,3728,3425,10850,5940,3994,3430,19.6951,-26.0641,8.5383,47.9827
6041,3220,3467,3963,4570,3311,3775,5325,7646,3375,3862,5505,8409,3306,3713,4208,4841,1.02843,22.917,8.918,48.3307
6042,3532,3379,3227,3142,4434,3989,3458,3201,8441,5098,3895,3400,9973,5576,3929,3399,17.141,-28.3338,8.74288,48.0487
6043,3609,4117,5128,4679,3590,4734,7995,5948,3487,3979,5401,4814,3359,3511,3898,3835,-6.05688,10.8814,8.96503,48.056
6044,3292,3768,4418,4580,3425,4349,6878,6350,3509,4101,6214,5850,3388,3593,4227,4116,-1.63479,13.8472,8.94038,48.0387
6045,8183,5121,3841,3292,9438,5241,3859,3434,4918,4101,3507,3265,3727,3565,3420,3176,-12.671,-32.2857,8.65814,48.0587
6046,3175,3478,3603,3582,3348,3510,4142,4817,3485,3830,5202,9122,3424,3936,5141,8365,13.7729,31.4297,8.56257,48.1067
6047,3868,4210,3909,3528,4642,6492,4930,3782,4619,7001,5186,3833,3979,4415,4044,3701,0.993284,-5.07025,8.9822,48.0927
6048,3338,3923,5917,12724,3352,3700,4793,6514,3214,3458,3829,3975,3162,3126,3309,3475,-26.0119,30.85,8.89772,47.8727
6049,12231,6092,3900,3348,6443,4789,3843,3417,4030,3745,3434,3159,3410,3304,3150,3165,-25.4103,-29.259,8.65583,47.64
6050,3099,3254,3486,3537,3339,3450,4143,4491,3367,3725,5025,8498,3408,3749,5453,9567,16.167,32.2722,8.98186,47.7273
6051,9583,5901,3942,3425,8101,5382,3865,3418,4343,3965,3552,3161,3580,3532,3242,3121,-16.9229,-24.1549,8.81996,48.0753
6052,3581,3669,3353,3309,4984,4102,3619,3258,9719,5152,3767,3306,7535,5102,3757,3427,11.6312,-33.6958,8.91511,47.76
6053,3220,3435,3907,4223,3316,3685,4579,6910,3299,3793,5164,9368,3228,3641,4521,5617,4.40549,28.8011,8.62303,47.9373
6054,3308,3789,4746,5638,3317,3897,5279,9584,3267,3673,4557,6363,3202,3437,3793,4099,-5.48828,33.1443,8.57102,47.966
6055,5807,4949,3701,3301,8857,6204,3894,3413,5779,4882,3748,3158,3941,3800,3303,3130,-6.7436,-20.1848,8.90158,47.9113
6056,3200,3236,3598,3587,3256,3615,4082,4753,3258,3849,5286,8824,3360,3850,5340,8745,14.8499,25.8073,8.70664,47.8927
6057,3300,3292,3303,3206,3787,3903,3709,3460,4597,5570,4863,3955,5552,9091,6519,4273,24.0223,-4.69505,8.5319,48.2533
6058,3174,3230,3510,3434,3285,3539,3974,4123,3435,4206,5873,6017,3660,4687,8014,7908,20.2887,14.5693,8.6116,48.046
6059,7469,9588,5100,3744,4988,5230,4249,3598,3760,3720,3606,3347,3390,3346,3337,3037,-30.2948,-11.4583,8.82672,47.6727
6060,3774,3872,3485,3171,4725,4833,3768,3505,6892,7731,4455,3528,5493,5578,4121,3532,9.12384,-13.6628,8.86824,48.3087
6061,5512,8601,5967,4078,4690,6242,5050,4038,3692,4022,3789,3536,3245,3468,3403,3071,-19.7369,-5.54425,8.57972,48.2693
6062,3432,3850,5144,5534,3411,4283,7000,7789,3328,3872,4946,5291,3198,3488,3811,3972,-6.9817,16.4061,8.77856,48.2327
6063,3376,3383,3314,3122,3575,3791,3689,3498,4455,5636,4973,3892,5306,8832,6920,4305,22.9929,-3.60778,8.91203,48.0447
6064,3203,3151,3314,3472,3225,3550,3842,3958,3569,3916,4972,5810,3476,4215,7684,10531,32.468,18.8168,8.75462,47.9253
6065,3448,3518,3228,3111,4103,4070,3753,3327,5732,6506,4278,3655,6974,7904,4778,3596,18.0785,-12.3736,8.68616,47.9873
6066,3419,3694,4306,4221,3560,4309,6624,5496,3630,4469,7013,5813,3438,3683,4444,4405,0.949253,11.7622,8.78223,48.3493
6067,3180,3329,3420,3184,3563,3721,3644,3551,4268,5087,4869,4131,4987,8482,7926,4696,27.927,-0.883601,8.88173,48.0253
6068,8236,9327,4936,3541,5145,5313,4017,3550,3866,3834,3553,3224,3370,3289,3370,3154,-31.6498,-13.1727,8.88543,47.8167
6069,3717,3715,3359,3204,4851,4241,3583,3361,8891,5975,3950,3347,7291,5478,3891,3348,12.5717,-21.6553,8.86918,48.1347
6070,3646,3679,3483,3386,4438,4980,3950,3502,5698,8099,4929,3688,5117,5745,4464,3711,9.38045,-9.0637,8.63241,48.3433
6071,5987,8198,5303,4008,5101,6783,4629,3784,3854,4135,3696,3518,3415,3535,3419,3156,-17.9694,-8.25774,8.51771,48.3473
6072,3566,3733,3718,3491,4036,5163,5032,4006,4339,6898,6797,4378,3969,4673,4761,3873,5.19739,-0.129638,8.9836,48.2887
6073,5019,6428,5014,3940,5084,7926,5368,3938,3878,4484,3952,3558,3558,3558,3537,3210,-12.5474,-6.15487,8.92633,48.3013
6074,3651,4529,6666,5927,3549,4572,7329,6193,3413,3745,4431,4254,3261,3437,3577,3543,-13.9451,12.347,8.59232,48.0513
6075,3337,3692,4305,4374,3535,4127,6662,6111,3513,4195,6413,5924,3436,3824,4284,4463,-0.121977,13.5628,8.62261,48.13
6076,3512,3535,3213,3131,4295,4120,3533,3270,7169,5751,4004,3486,9031,6624,4218,3436,17.9446,-19.7801,8.7143,48.2187
6077,3339,3933,4932,4839,3493,4428,7604,6519,3542,4062,5546,5268,3253,3630,4018,4062,-4.59695,12.8849,8.58671,48.312
6078,4815,6965,6189,4330,4400,6451,5828,4203,3695,4102,4094,3656,3296,3518,3405,3381,-16.0457,-2.04542,8.84695,48.2187
6079,3254,3535,3917,3941,3515,3946,5583,5221,3586,4439,7561,6678,3545,3965,4832,4865,4.99116,13.1038,8.7174,48.2553
6080,3060,3219,3505,3592,3190,3677,4168,4712,3498,3969,5834,8163,3409,4000,5858,8327,15.395,21.3672,8.5203,48.1207
6081,3196,3309,3485,3432,3338,3582,4095,4147,3706,4612,6873,5607,3636,4922,7943,6598,17.2404,11.261,8.96184,48.3207
6082,9644,5835,3954,3411,8129,5180,3755,3439,4482,4047,3623,3278,3511,3487,3227,3052,-17.2896,-25.2365,8.50224,48.036
6083,3397,3445,3431,3178,3776,3868,3603,3438,5082,5279,4291,3634,7618,9559,5022,3605,33.8065,-11.5548,8.50651,48.1507
6084,3339,3798,5059,7104,3424,3928,5412,9715,3465,3614,4293,5173,3225,3276,3685,3768,-10.1679,33.6146,8.75773,48.1853
6085,9159,7177,4257,3544,6706,5626,4010,3498,4146,3928,3561,3232,3485,3497,3217,3078,-19.8331,-18.179,8.86644,48.0807
6086,3556,3545,3171,3112,4485,4136,3596,3301,7643,5743,4105,3424,8394,6352,4143,3325,16.1049,-19.9101,8.68888,48.0207
6087,3578,3937,4510,4680,3702,4394,7174,5996,3496,4261,6228,5319,3269,3670,4110,4286,-2.43499,11.7668,8.52626,48.4067
6088,3438,4036,6543,12286,3410,3673,4823,5989,3195,3356,3850,3881,3146,3183,3366,3405,-30.1014,25.5241,8.54236,47.72
6089,3150,3292,3440,3347,3285,3607,3666,3795,3616,4006,5050,5464,3568,4451,8771,9189,31.2343,15.3338,8.66316,47.798
6090,3835,3738,3383,3119,5254,4658,3796,3254,8278,6864,3998,3425,6050,5222,3868,3406,8.50725,-17.9646,8.81537,48.0987
6091,3355,3831,6139,12501,3293,3777,4872,6336,3285,3423,3902,3894,3143,3188,3357,3271,-27.0579,28.0034,8.68027,47.7113
6092,3152,3221,3290,3371,3325,3583,3796,3850,3674,4328,5490,5087,3908,5349,9430,7329,25.0852,10.7565,8.83305,48.122
6093,3348,3434,3483,3266,3712,3999,3937,3631,4396,6262,5725,4174,4877,7153,6581,4249,17.4237,-1.87241,8.80866,48.1513
6094,3256,3748,4867,6789,3422,3855,5318,10057,3383,3577,4293,5652,3242,3322,3710,3901,-9.01628,29.7087,8.87124,48.2613
6095,3226,3558,3684,3719,3503,3853,4857,4672,3700,4534,7705,6517,3425,4186,5738,5272,9.43292,12.192,8.62381,48.0993
6096,4059,4470,4053,3704,4628,7010,5250,3709,4445,6601,4955,3833,3725,4136,3988,3555,-1.25547,-4.87385,8.76175,48.0807
6097,3470,3426,3253,3099,3967,4019,3553,3321,5951,5883,4237,3494,8218,8132,4632,3501,20.852,-14.8824,8.61963,48.104
6098,3716,3716,3144,3047,4976,4104,3595,3329,9572,5393,3756,3420,7876,5173,3847,3319,12.2155,-29.1407,8.81252,47.9887
6099,3352,3943,6356,11496,3435,3843,4965,6870,3239,3549,3711,4084,2983,3227,3315,3323,-22.8233,24.6982,8.84097,47.794
6100,3513,3390,3223,3071,4425,3924,3591,3261,8439,5037,3860,3482,9716,5472,3865,3233,16.9093,-31.1012,8.68154,47.668
6101,3278,3592,4257,4840,3259,3668,4966,8256,3298,3823,4880,8191,3254,3505,4224,4716,-0.535618,33.2885,8.77416,48.0047
6102,3900,3842,3384,3069,5229,4408,3731,3222,8917,6197,4014,3470,6644,5156,3873,3357,9.75069,-20.5969,8.69608,48.2753
6103,7303,8700,4904,3702,5675,6081,4269,3551,3943,4069,3591,3325,3331,3393,3269,3126,-20.7768,-12.4221,8.53974,48.1547
6104,3182,3484,3399,3324,3462,3718,3909,3685,4124,4794,5014,4273,4549,7792,8458,5030,28.0209,1.61021,8.75332,48.1313
6105,3318,3986,5826,12285,3440,3717,4748,6028,3207,3397,3654,3922,3181,3208,3344,3409,-32.4019,31.3538,8.553,47.1133
6106,3149,3281,3519,3651,3310,3683,4335,4736,3382,3881,5659,8680,3367,3871,5700,8209,13.9292,22.7977,8.73104,48.2753
6107,3392,3454,3215,3186,4189,4033,3537,3276,7905,5120,3812,3426,10443,5619,3947,3375,18.5822,-31.8714,8.79542,47.9527
6108,3289,3532,3438,3315,3708,4147,4065,3818,4209,6355,6459,4377,4329,6269,6388,4545,15.4521,0.907067,8.68738,48.162
6109,5586,4396,3667,3307,9413,5201,3808,3431,6832,4601,3717,3298,4144,3890,3433,3258,-4.51267,-32.9254,8.73589,47.988
6110,3524,3586,3322,3238,4272,4386,3843,3331,6180,7514,4568,3574,6099,6725,4490,3635,13.9281,-12.2142,8.93979,48.1913
6111,3313,3433,3225,3094,3840,3862,3704,3288,5530,6208,4327,3470,7072,8580,4999,3708,20.3134,-11.6222,8.8237,47.7687
6112,3446,3869,5047,6485,3410,3963,6244,8725,3314,3653,4468,5354,3177,3297,3792,3861,-9.64862,20.2596,8.58723,48.07
6113,7008,9574,5459,3907,4916,5401,4408,3786,3707,3851,3658,3395,3280,3356,3265,3074,-25.1609,-10.0215,8.55624,48.03
6114,9021,5681,3869,3276,8798,5333,3869,3428,4584,4100,3494,3194,3653,3515,3212,3164,-15.4235,-25.4183,8.8156,48.1273
6115,3231,3367,3857,4298,3297,3588,4550,6559,3333,3704,5117,9565,3296,3746,4476,5890,5.40136,29.9125,8.80867,47.916
6116,3425,3331,3192,3101,4098,3854,3601,3270,6717,4958,3801,3251,11588,6217,4041,3508,23.4545,-25.842,8.53925,47.9687
6117,3299,3358,3245,3033,3802,3758,3613,3284,4898,5368,4297,3573,6935,9878,5617,3883,26.6354,-9.39018,8.81805,47.894
6118,3226,3530,4300,4987,3311,3723,5071,8711,3221,3721,4977,7818,3185,3431,4028,4646,-1.54245,28.7599,8.80702,47.924
6119,3275,3601,4426,4829,3376,3976,5737,7485,3409,3909,5379,7180,3178,3599,4137,4556,-0.854163,20.0471,8.66461,48.0347
6120,3061,3378,3432,3561,3351,3573,4272,4541,3408,3991,6015,8094,3463,3957,6060,8029,14.7933,19.8338,8.97096,48.124
6121,3419,3486,3745,3840,3525,4313,5466,4526,3730,4878,8095,5732,3581,4126,5123,4668,6.75909,9.15277,8.68771,48.1687
6122,3251,3626,4266,5093,3357,3743,5052,8837,3322,3663,4810,7721,3202,3448,4086,4579,-1.85071,28.4092,8.73508,48.0373
6123,3450,3527,3238,3097,4366,3925,3419,3362,7867,5209,3816,3349,10201,5687,4035,3389,17.9858,-33.1446,8.63804,47.958
6124,3163,3254,3403,3358,3373,3782,3993,3862,3824,4490,6203,5068,3833,5407,8795,6214,20.354,8.81063,8.67679,48.0147
6125,3425,3369,3230,3189,4081,4051,3533,3301,6607,5689,3994,3466,9112,7415,4241,3521,20.266,-17.753,8.7986,48.1493
6126,3695,5042,9714,7843,3547,4147,5321,5058,3315,3681,3757,3818,3138,3270,3361,3362,-29.0218,12.4354,8.94547,48.046
6127,5141,8823,7690,4452,4206,5166,4769,3985,3568,3728,3661,3464,3311,3389,3257,3106,-27.2973,-2.09617,8.65048,47.8107
6128,4012,4056,3539,3313,5240,5556,3859,3408,6763,7540,4350,3501,4865,4943,4023,3444,5.14994,-14.1785,8.75208,48.2747
6129,5281,9426,7030,4172,4406,5127,4713,3885,3671,3815,3758,3432,3303,3291,3264,3251,-31.8886,-3.82934,8.82134,47.8833
6130,3285,3491,3299,3192,3779,4038,3773,3431,4704,6604,5227,3989,5266,7829,6083,4029,18.13,-4.49383,8.99623,48.0127
6131,3050,3242,3421,3453,3228,3487,3916,3756,3567,4089,5230,5294,3604,4753,9269,8502,30.9434,13.9277,8.7568,47.9073
6132,3326,3688,4455,5852,3364,3824,5248,9968,3231,3602,4564,6483,3214,3330,3785,4151,-5.60811,28.4851,8.8474,48.0567
6133,3491,4047,4131,3822,3850,5296,6201,4601,3970,5494,6781,4415,3725,4121,4408,3920,1.2679,3.69904,8.52886,48.182
6134,3297,3442,3394,3236,3668,4041,3706,3479,4583,6569,5141,3939,5363,8430,6066,4132,18.6618,-4.82044,8.99541,48.324
6135,3673,3965,3856,3862,3832,5118,5804,4264,4050,5951,6918,4355,3750,4327,4548,4048,2.54428,2.26684,8.89499,48.214
6136,3449,4438,7102,8725,3503,4081,5916,6841,3268,3549,3999,4275,3130,3308,3438,3451,-18.72,18.3378,8.90521,48.3153
6137,3893,4063,3978,3554,4424,6187,4925,3767,4664,7121,5465,3870,4105,4458,4010,3697,2.19483,-4.43961,8.78509,48.1207
6138,3576,3805,3724,3337,4112,5197,4366,3602,4768,7768,5909,4043,4301,5198,4667,3841,7.23768,-3.94047,8.79095,48.1427
6139,8138,6729,4223,3492,7119,6062,3989,3578,4249,4198,3699,3248,3566,3471,3319,3115,-17.0612,-17.9475,8.51352,48.13
6140,3981,3711,3362,3156,5896,4538,3738,3274,9278,5820,3932,3381,6290,4834,3794,3276,7.53639,-23.0006,8.81445,48.174
6141,3560,3447,3320,3169,4224,3843,3466,3215,7826,5085,3709,3326,10856,5778,3914,3423,19.4225,-27.5874,8.92953,48.1073
6142,4918,8754,7782,4647,4196,5103,4817,3936,3635,3891,3800,3574,3236,3392,3316,3211,-30.3466,-1.73979,8.64335,48.1387
6143,3545,3493,3266,3126,4272,3900,3498,3261,7904,5308,3939,3364,9946,6080,3890,3305,18.3891,-24.0276,8.77003,48.0647
6144,4661,6611,5695,4112,4539,6967,5939,4233,3911,4283,4122,3660,3407,3416,3459,3251,-14.0433,-2.78917,8.6651,48.1773
6145,3696,3589,3417,3229,4300,4610,3877,3402,6155,7704,4682,3622,5374,6300,4323,3590,11.5296,-11.097,8.65677,47.9133
6146,7165,4880,3905,3310,9959,5220,3711,3399,5275,4265,3591,3318,3680,3612,3408,3108,-10.29,-33.1686,8.96134,47.8707
6147,3230,3690,4004,3906,3531,4009,5515,5050,3637,4478,7647,6357,3495,3988,4961,4839,5.35286,12.0716,8.64673,48.2247
6148,5729,7620,5028,3842,5496,7270,4698,3800,4025,4280,3779,3354,3381,3514,3414,3180,-15.8548,-9.12749,8.92344,48.2733
6149,3836,3792,3402,3077,5584,4422,3668,3277,9293,5726,3815,3304,6643,4982,3752,3349,8.90871,-24.1722,8.62498,47.948
6150,3396,3438,3396,3015,4039,4237,3718,3463,5769,7276,4522,3697,6161,7503,4882,3643,15.5589,-10.6556,8.95999,48.1033
6151,3348,3889,6135,12684,3299,3805,4703,6141,3255,3397,3762,3994,3247,3186,3359,3297,-32.7012,27.1226,8.90839,47.6673
6152,4642,4753,3910,3435,6251,7905,4458,3640,5143,5829,3975,3515,3928,4019,3528,3264,-4.15888,-12.4337,8.99987,48.13
6153,3311,3326,3645,3666,3427,3784,4606,4268,3444,4461,7467,6446,3477,4398,6421,5973,12.5625,12.5586,8.8024,48.08
6154,3312,3371,3239,3197,3827,3780,3586,3328,4868,5250,4212,3728,7418,9795,5158,3700,32.6276,-11.1194,8.92049,47.846
6155,4225,3847,3486,3164,6954,4776,3718,3248,9294,5496,3773,3265,5656,4465,3646,3220,4.33758,-24.9714,8.73225,48.1553
6156,3146,3267,3461,3524,3242,3555,4050,4616,3392,3909,5558,8551,3413,3999,5851,8560,15.0769,22.6896,8.70013,48.0627
6157,4607,4493,3795,3378,6190,6719,4210,3427,5822,6416,4267,3549,4298,4151,3699,3371,-1.21356,-13.6957,8.55797,48.2613
6158,5403,5096,3928,3522,7147,7324,4228,3566,5157,4965,3866,3408,3938,3796,3418,3335,-7.47534,-15.1536,8.57508,48.0647
6159,4669,8166,8286,4874,4035,4949,4978,4207,3528,3646,3735,3570,3326,3362,3373,3227,-30.4146,0.545585,8.73209,47.954
6160,3207,3590,4348,5066,3371,3809,5184,8768,3275,3743,4812,7607,3262,3541,4090,4539,-2.02835,25.9943,8.57807,48.1413
6161,4189,3917,3404,3326,6996,4836,3739,3295,9368,5178,3877,3389,5375,4399,3567,3243,3.76409,-31.097,8.69785,48.0653
6162,9173,8540,4486,3609,5838,5355,4037,3515,3870,3811,3503,3225,3355,3405,3252,3065,-23.7976,-16.2233,8.93024,48.026
6163,4547,4278,3730,3254,6783,5896,4015,3381,7071,6081,3912,3431,4662,4414,3710,3293,0.434257,-17.6727,8.50352,48.3053
6164,5449,8921,6939,4337,4393,5496,4823,3953,3590,3856,3755,3465,3176,3341,3364,3211,-24.4247,-3.59556,8.67469,48.046
6165,10542,6457,3952,3527,7319,5156,3846,3475,4325,3909,3559,3163,3471,3349,3265,2984,-20.1583,-23.2883,8.83744,48.1993
6166,3201,3301,3442,3374,3384,3583,3854,3618,4009,4482,5158,4386,4232,6829,9593,5631,30.9177,4.43926,8.72281,48.0513
6167,3631,3776,3621,3345,4368,5120,4016,3483,5575,7984,5059,3720,4795,5563,4433,3648,8.61529,-8.41177,8.51813,48.0913
6168,3185,3366,3860,4107,3372,3631,4914,5557,3310,3986,6300,8629,3325,3924,4990,5962,7.0433,19.7427,8.53662,48.2787
6169,3401,3865,6612,11456,3402,3897,4983,6674,3298,3515,3885,4022,3226,3193,3452,3427,-23.6087,23.8176,8.66872,48.2053
6170,3175,3435,3722,4097,3302,3671,4556,6169,3448,3845,5295,9957,3254,3707,4628,6291,6.8045,27.2563,8.79467,48.368
6171,3704,5008,9707,7813,3586,4259,5306,5154,3273,3562,3916,3823,3066,3325,3277,3371,-27.5716,12.0402,8.97643,48.1
6172,6897,9719,5480,3665,4973,5764,4452,3590,3854,3863,3676,3398,3274,3263,3294,3054,-23.6542,-9.43373,8.81275,48.144
6173,3322,3962,5896,12521,3344,3743,4943,6140,3379,3452,3686,3939,3083,3231,3393,3478,-26.6504,31.1405,8.87301,47.6747
6174,3248,3422,3896,4249,3361,3739,4804,6968,3198,3816,5217,9675,3275,3604,4356,5478,4.06157,30.1666,8.89593,48.204
6175,5442,9452,6615,4219,4641,5666,4855,3936,3708,3896,3701,3327,3217,3383,3406,3132,-23.8103,-4.62797,8.757,48.3973
6176,3953,6037,9653,6381,3749,4463,5199,4697,3439,3583,3873,3715,3059,3228,3388,3373,-29.0089,7.48048,8.63377,47.86
6177,3343,3800,5191,8033,3409,3843,5199,9515,3279,3452,4207,4965,3183,3246,3633,3715,-12.6713,28.7749,8.91793,48.0087
6178,3291,3852,5815,12472,3307,3791,4680,5909,3302,3480,3663,3869,3274,3250,3415,3452,-33.159,33.5892,8.72619,47.2147
6179,3258,3533,4141,4585,3217,3739,4844,7424,3375,3665,5062,8804,3355,3643,4279,5153,1.95927,30.1076,8.64003,48.0513
6180,3151,3414,3845,4054,3286,3580,4411,6105,3352,3869,5583,9704,3257,3700,4757,6077,6.71247,24.7498,8.97008,48.0967
6181,3208,3589,4172,4873,3296,3716,5012,8590,3322,3621,4872,8113,3371,3501,4042,4626,-0.718138,30.6057,8.97456,47.9493
6182,3417,3353,3169,3080,3862,3835,3401,3165,6011,4916,3911,3466,12197,6650,3985,3406,29.6951,-24.5508,8.59483,47.8827
6183,3494,3445,3174,3079,3983,3914,3609,3237,6187,5514,4032,3435,9133,7568,4371,3491,21.3501,-17.8958,8.57106,47.7773
6184,3308,3972,5451,7956,3381,3903,5586,9086,3258,3530,4212,5006,3169,3290,3638,3596,-13.1793,23.7615,8.91311,48.228
6185,3556,4612,8756,9279,3507,3977,5229,5349,3169,3562,3892,3929,3136,3269,3370,3307,-29.1483,15.3684,8.83056,47.9327
6186,3689,4168,4119,3622,4182,5727,5610,4093,4239,6400,6202,4217,3846,4335,4063,3800,1.48707,-0.363437,8.57493,48.208
6187,3428,3433,3453,3236,3891,4192,3820,3408,5159,7138,5072,3785,5584,7627,5187,3897,16.1605,-7.46772,8.85174,48.2067
6188,10198,5665,3966,3441,8056,5119,3859,3430,4319,4027,3457,3181,3479,3429,3196,3173,-18.2108,-31.3286,8.52067,47.9967
6189,3149,3255,3374,3320,3278,3344,3824,3961,3376,3720,4708,6091,3453,3898,5998,12837,28.0973,31.4447,8.86003,47.724
6190,3090,3299,3532,3530,3309,3666,4275,4418,3604,4295,6932,6468,3497,4335,7110,6737,15.3004,13.9378,8.84891,48.0647
6191,4041,3843,3444,3201,5737,4898,3826,3309,8174,6638,4068,3373,5491,4980,3759,3393,6.39771,-18.4191,8.69104,48.1167
6192,3226,3333,3397,3225,3626,3933,3882,3622,4268,5683,5495,4180,4579,7396,7425,4707,20.4182,0.289651,8.53762,47.9847
6193,3107,3289,3369,3421,3164,3432,3815,4012,3376,3834,4848,6206,3368,3995,6594,12083,27.56,24.2557,8.78457,47.942
6194,3313,3698,4268,4255,3551,4220,6299,5564,3560,4366,6957,6000,3315,3800,4527,4570,1.72058,12.6086,8.79992,48.1753
6195,4611,4165,3642,3222,8182,4841,3749,3297,8335,4867,3781,3362,4778,4113,3591,3221,0.673553,-33.8818,8.99513,47.838
6196,3402,3275,3174,3094,3866,3811,3363,3253,6312,4793,3818,3509,12440,6106,3945,3462,25.3667,-27.6467,8.92661,47.7487
6197,4227,3948,3640,3319,5841,5427,3928,3450,7340,6839,4079,3381,4997,4714,3851,3509,3.85972,-16.0595,8.54347,48.3267
6198,3365,3857,5291,8396,3377,3891,5261,9182,3319,3626,4204,4809,3063,3335,3526,3639,-13.7043,26.9609,8.5611,48.094
6199,3808,4300,4379,3753,4201,6163,6364,4424,4088,5589,5682,4043,3653,4036,4125,3709,-1.74013,0.746898,8.68776,48.2113
6200,3120,3223,3337,3422,3309,3532,4071,3930,3545,4214,5716,5794,3585,4645,8258,8310,21.8134,14.8379,8.80855,48.0073
6201,12111,6044,3919,3349,6772,4887,3776,3345,3999,3919,3420,3221,3317,3368,3124,3195,-23.7227,-28.1275,8.81375,47.844
6202,6315,4674,3667,3328,9737,5557,3870,3411,5894,4390,3633,3452,4024,3763,3291,3100,-7.60956,-26.3853,8.60754,48.0707
6203,3396,3382,3422,3267,3783,4086,3796,3537,4682,6183,5091,3868,5340,8238,5958,4178,19.0368,-4.93415,8.67242,48.138
6204,3973,3686,3433,3168,5474,4281,3552,3318,10010,5327,3813,3374,7002,4901,3737,3266,9.5196,-28.323,8.76916,48.21
6205,3343,3547,3662,3438,3710,4436,4766,4027,4055,5956,7649,4828,4016,4947,5502,4492,9.6073,3.38915,8.69559,48.2493
6206,3309,3706,4766,6172,3411,3801,5764,9305,3270,3650,4678,5810,3187,3481,3810,4024,-7.30495,23.2986,8.5664,48.096
6207,3226,3467,3381,3209,3429,3658,3901,3802,3793,4388,5176,4663,3889,6018,9860,6118,33.8435,7.26056,8.8363,47.9853
6208,3316,3392,3462,3304,3667,3735,3745,3533,4049,4863,4968,4313,4541,7876,8480,4856,32.8894,0.772838,8.6831,48.0667
6209,11684,6701,4097,3403,6150,4943,3807,3303,4095,3920,3488,3283,3410,3368,3193,3169,-25.3409,-23.497,8.58216,48.0093
6210,3321,3728,4457,4979,3364,3919,5883,7975,3378,3750,5151,7069,3156,3519,4052,4493,-2.26682,20.3271,8.74361,48.1293
6211,3096,3246,3460,3467,3301,3449,3920,4194,3408,3764,5075,7468,3366,3959,6001,10999,20.6216,27.5452,8.51188,48.1153
6212,3098,3258,3426,3316,3214,3585,3881,3846,3444,4017,5153,5515,3542,4390,8285,9767,26.9381,17.1576,8.6421,47.8247
6213,3461,3357,3162,3101,4018,3801,3439,3178,6542,4852,3819,3389,12117,5946,4004,3439,25.1846,-30.0309,8.65862,47.75
6214,4490,3881,3541,3119,7699,4872,3730,3327,9018,5070,3769,3407,5052,4268,3588,3199,1.75169,-26.615,8.97817,48.02
6215,3501,3539,3279,3177,4278,4261,3684,3274,6582,6580,4172,3557,7318,7219,4381,3437,16.5927,-15.0449,8.87654,48.1593
6216,5920,4501,3721,3331,9531,5166,3783,3430,6449,4598,3593,3264,3999,3779,3380,3233,-5.38025,-31.6096,8.84303,47.7853
6217,3490,3821,4040,3722,3840,5054,5740,4273,4075,6023,7104,4479,3790,4258,4620,4068,3.40989,2.51142,8.68871,48.2647
6218,4393,7192,8815,5388,4001,4819,5176,4369,3541,3666,3767,3529,3179,3323,3268,3322,-25.1208,2.84978,8.61484,47.832
6219,3478,3527,3252,3159,4468,4205,3682,3259,7916,5932,3969,3439,8221,6233,4161,3438,15.2223,-19.6515,8.82323,48.226
6220,3804,4719,8603,7339,3641,4398,6045,5523,3266,3530,3972,3939,3039,3377,3372,3447,-20.9488,12.4086,8.80154,48.0093
6221,12301,5992,3924,3471,5900,4688,3781,3426,3940,3786,3454,3205,3376,3457,3381,3123,-31.7865,-30.4972,8.52569,47.47
6222,3216,3666,4197,4677,3359,3781,5000,7836,3264,3730,4896,8575,3244,3487,4204,4925,0.727026,26.5164,8.76618,48.038
6223,8427,8723,4678,3654,5679,5590,4218,3612,3855,3883,3577,3283,3286,3363,3266,3124,-23.8974,-14.5248,8.62379,48.1453
6224,3328,3352,3101,3204,4012,3794,3409,3178,6612,4968,3646,3458,12003,5922,3930,3493,23.1479,-33.657,8.64781,47.6067
6225,3360,3674,4485,4925,3385,4034,6254,7929,3416,3940,5307,6410,3151,3594,4033,4266,-3.3122,18.646,8.82604,48.1087
6226,3412,3392,3211,3072,3950,3882,3364,3177,6253,5262,4136,3451,9822,7721,4394,3520,22.7045,-18.1879,8.81002,48.0127
6227,4495,4876,4079,3505,5760,7886,4692,3720,4905,5935,4175,3565,3929,3937,3611,3313,-4.35259,-10.2305,8.77763,48.2553
6228,8815,5417,3828,3435,8910,5182,3860,3407,4620,4061,3532,3179,3524,3464,3281,3074,-14.7891,-33.9862,8.92658,47.726
6229,4073,5953,9077,5648,3850,4893,6297,4739,3440,3686,4007,3791,3160,3297,3269,3159,-20.1229,6.03206,8.98702,48.226
6230,3244,3708,4945,6815,3378,3908,5490,9864,3297,3534,4341,5557,3089,3371,3660,3834,-9.45761,24.9213,8.88298,48.0233
6231,3679,5093,8891,7139,3750,4247,6043,5465,3305,3597,4107,3822,3084,3337,3362,3398,-21.1771,11.6006,8.98935,48.2127
6232,3166,3226,3446,3359,3259,3450,3787,3951,3461,3733,4811,6550,3438,3901,5984,12375,24.5321,32.211,8.85539,47.9313
6233,4460,4098,3541,3229,7342,5411,3774,3344,8015,5570,3956,3450,4958,4300,3598,3300,1.20922,-21.2124,8.81949,48.2307
6234,3878,5199,8017,5945,3686,4735,6943,5157,3417,3741,4166,3969,3149,3342,3423,3399,-17.0683,8.65259,8.79998,48.1107
6235,3384,3965,5932,9319,3447,3833,5359,8115,3212,3462,3954,4544,3049,3402,3443,3558,-16.7941,23.7112,8.62995,47.9853
6236,12541,6041,3945,3463,6184,4751,3710,3364,3930,3893,3407,3233,3396,3401,3201,3140,-25.4374,-30.1717,8.89475,47.7333
6237,3438,3702,4265,4074,3591,4428,6709,5331,3660,4464,7184,5666,3426,3908,4375,4150,0.924413,10.2765,8.67415,48.2473
6238,3335,3538,3432,3307,3688,4327,4176,3807,4306,6761,6645,4377,4455,6084,5867,4345,12.9778,-0.42231,8.69561,48.3
6239,3212,3298,3599,3736,3267,3497,4114,5046,3291,3788,5235,9651,3387,3892,5150,7783,12.2648,30.1353,8.76061,47.964
6240,11169,6576,4077,3437,6555,5045,3818,3286,4175,3910,3479,3227,3354,3391,3227,2977,-22.773,-23.3018,8.6619,47.802
6241,3232,3286,3346,3356,3304,3587,3787,3781,3735,4251,5548,5092,3765,5316,9633,7162,25.7447,10.5965,8.64478,48.1207
6242,3715,4322,5909,5151,3583,4809,8110,5965,3363,3887,4912,4448,3396,3514,3606,3610,-9.39315,10.2839,8.75785,48.2
6243,3440,3909,4306,3989,3677,4718,6847,4948,3779,4872,6992,4877,3481,3954,4320,4116,0.510509,7.17973,8.6985,48.15
6244,3803,4173,4100,3653,4276,6473,5467,3976,4450,6488,5509,3877,3900,4318,4002,3661,0.247033,-2.7347,8.62421,48.084
6245,4770,4120,3545,3260,8041,5141,3821,3350,8037,5096,3899,3345,4765,4203,3591,3168,-0.111142,-24.4266,8.67337,48.1013
6246,3122,3273,3296,3503,3225,3590,4153,4146,3523,4106,6072,6551,3584,4376,7297,8252,18.5862,16.3534,8.53915,48.046
6247,5222,4927,3934,3469,7182,7347,4264,3455,5273,5412,3873,3368,3989,3831,3401,3278,-6.01858,-15.1096,8.91759,48.15
6248,3374,3339,3271,3132,3747,3857,3721,3373,4916,5664,4469,3714,6218,9423,5858,3954,22.7688,-7.97901,8.69045,48.02
6249,3480,3569,3347,3149,4358,4230,3654,3276,6918,6589,4253,3531,7164,6777,4344,3601,15.1997,-15.6609,8.65252,48.16
6250,3315,3950,4797,5769,3422,4058,6449,8570,3429,3701,4855,5683,3133,3490,3812,3975,-6.81561,19.5369,8.86427,48.272
6251,3319,3366,3359,3198,3496,3827,3813,3612,4112,4962,5284,4446,4599,7619,8419,5011,24.6212,1.23482,8.70954,48.2947
6252,3161,3286,3432,3291,3424,3596,3728,3698,3674,4349,5483,4686,3874,5569,9923,6618,27.9305,8.93933,8.54468,47.8613
6253,3158,3127,3311,3286,3201,3459,3759,3927,3343,3906,4750,5995,3408,4083,6914,12065,30.7359,23.0081,8.89512,47.7947
6254,5580,4402,3716,3308,8931,5932,3946,3394,6260,4859,3682,3390,4250,3821,3541,3214,-5.24323,-21.9889,8.67296,48.1507
6255,3516,3338,3275,3090,4196,3991,3478,3191,7780,4914,3821,3383,10602,5860,3934,3441,19.2606,-33.6316,8.59712,47.8733
6256,3385,3801,4917,5238,3501,4058,6651,7882,3359,3914,5128,5747,3393,3496,3904,4033,-5.33937,17.3945,8.68741,48.2713
6257,3092,3150,3411,3407,3268,3571,3867,4176,3338,3866,5034,7770,3370,3998,5800,10896,19.7252,31.3949,8.81242,48.0093
6258,9731,8264,4398,3459,5656,5108,3916,3418,3911,3918,3545,3230,3452,3343,3378,3219,-33.3017,-17.3087,8.68872,47.964
6259,3508,3439,3344,3073,4158,4273,3612,3522,5960,7002,4471,3621,6522,7384,4471,3704,16.0807,-12.6486,8.92541,48.0427
6260,3565,3578,3654,3330,4094,4718,4323,3622,4689,7521,6202,4054,4304,5540,5096,4071,9.93183,-2.78785,8.72127,48.2407
6261,3450,3706,3922,3719,3678,4473,5589,4375,3821,5371,7994,5115,3692,4288,5009,4396,5.15017,6.04397,8.78678,48.3987
6262,3205,3197,3253,3444,3216,3460,3743,3866,3368,3846,4761,6200,3376,4022,6004,12394,27.1816,33.2955,8.86879,47.57
6263,3132,3215,3338,3406,3176,3527,3851,3831,3309,3792,4988,5809,3398,3988,6945,11841,29.9782,22.466,8.87784,47.6973
6264,3362,3845,4476,4453,3466,4261,6972,6096,3329,4161,6444,5929,3416,3714,4250,4290,-1.01784,13.1332,8.99612,48.3093
6265,8038,7726,4466,3645,6254,6063,4294,3528,4072,4001,3633,3269,3477,3438,3257,3136,-19.3193,-15.0693,8.58413,48.198
6266,3052,3244,3412,3392,3228,3482,3913,3782,3653,4183,5450,5410,3659,4839,9074,7932,24.3297,13.236,8.72486,47.8033
6267,3090,3596,4329,5030,3272,3773,5043,9101,3308,3785,4868,7685,3083,3558,4063,4435,-2.07235,31.452,8.95922,48.0127
6268,4279,4166,3680,3341,5819,6104,4068,3492,6504,6920,4283,3623,4622,4548,3807,3437,1.66692,-14.159,8.7887,48.462
6269,6618,4902,3691,3378,9722,5248,3913,3429,5623,4328,3670,3237,3982,3711,3444,3168,-8.98087,-32.2833,8.62765,48.0427
6270,3489,3581,3347,3113,4314,4297,3736,3384,6326,7068,4572,3684,6458,7009,4501,3655,14.716,-12.8094,8.56487,48.356
6271,3482,4074,5800,8168,3334,3984,5765,8097,3371,3640,4139,4661,3158,3290,3372,3681,-14.676,21.1178,8.56858,48.0107
6272,3348,3499,4261,4744,3311,3717,4910,8573,3322,3646,4871,7911,3188,3480,4165,4799,-0.521503,30.105,8.66678,47.83
6273,3312,3655,4341,5221,3375,3896,5207,8900,3331,3803,4870,7343,3199,3451,3992,4387,-2.68931,25.4237,8.66319,48.1887
6274,7400,5029,3989,3403,9502,5252,3761,3405,5178,4312,3549,3315,3643,3594,3316,3078,-11.2946,-33.5108,8.86259,47.8173
6275,3080,3197,3379,3414,3223,3503,3840,3960,3396,3888,5063,5569,3576,4497,8291,10105,29.6788,18.0121,8.81195,47.9873
6276,3107,3171,3300,3357,3364,3371,3779,3934,3380,3766,4824,6404,3419,3977,6145,12111,24.3257,33.569,8.60348,47.606
6277,10209,5670,3933,3340,8020,5097,3894,3483,4314,3920,3641,3219,3419,3462,3223,3177,-17.8908,-32.0593,8.62616,48.014
6278,4112,5122,4479,3935,4594,7426,6112,4045,4064,5356,4661,3816,3684,3822,3665,3465,-5.72817,-2.8751,8.72419,48.2387
6279,3340,3522,4171,4840,3236,3729,4923,8200,3395,3679,4785,8170,3316,3493,4268,4817,-0.0971818,31.3142,8.59301,47.9227
6280,3432,3883,5249,5809,3472,4208,6984,7871,3389,3725,4862,5361,3288,3313,3853,3841,-8.16325,17.1201,8.55645,48.36
6281,3130,3502,4047,4458,3364,3706,4826,7665,3441,3820,4948,8978,3230,3596,4364,5131,1.59056,32.5675,8.9452,48.1373
6282,6721,8725,5171,3831,5195,6237,4413,3666,3954,4048,3777,3326,3386,3361,3365,3074,-20.7028,-9.97551,8.6531,48.1667
6283,3189,3329,3381,3342,3427,3629,3816,3697,3957,4591,5289,4618,4181,6824,9554,5689,26.3759,4.96866,8.74135,48.342
6284,3174,3313,3360,3324,3418,3584,3745,3675,3748,4383,5315,4771,3878,5685,9950,6557,32.0209,8.8876,8.6866,47.92
6285,3335,3769,5403,7313,3370,3919,5924,9042,3347,3575,4417,5054,2996,3259,3729,3909,-11.5412,22.0885,8.58206,48.2407
6286,3815,4632,5346,4441,3874,5551,8206,5146,3588,4279,5081,4193,3291,3585,3772,3618,-8.21402,6.06819,8.98326,48.2787
6287,3603,3518,3317,3065,4556,4103,3621,3346,7337,6138,4117,3402,8053,6716,4197,3430,15.9157,-18.0755,8.60058,48.346
6288,3322,3449,4060,4076,3453,3996,5491,5751,3552,4212,7007,7312,3515,3868,4765,4804,3.99553,15.4878,8.91769,48.422
6289,7555,7053,4448,3438,6881,6375,4135,3391,4328,4191,3636,3289,3569,3567,3205,3192,-16.7842,-16.1257,8.86672,48.1687
6290,4779,7682,7287,4648,4394,5534,5405,4210,3586,3827,3904,3587,3209,3355,3390,3289,-20.84,-0.821502,8.65859,48.0573
6291,3449,4015,6442,11735,3340,3853,5085,6730,3115,3448,3762,4008,3114,3197,3374,3284,-24.1311,24.9176,8.63525,47.9673
6292,3106,3285,3579,3598,3292,3574,4093,4750,3464,3989,5311,9061,3386,3756,5436,8376,14.0064,33.411,8.68442,48.0373
6293,12043,6162,3929,3421,6626,4768,3872,3312,4099,3919,3355,3195,3459,3424,3235,3103,-23.6527,-26.5523,8.93352,47.948
6294,5050,8950,7433,4469,4371,5172,4922,4015,3666,3764,3746,3495,3309,3401,3336,3310,-25.4651,-2.51512,8.75425,48.2727
6295,3776,3991,3687,3356,4422,5789,4725,3683,4863,7519,5647,3850,4292,4816,4380,3666,4.469,-5.0538,8.73828,48.308
6296,3307,3343,3278,3263,3748,3837,3635,3425,4646,5504,4635,3894,5816,9375,6461,4020,26.1486,-5.71972,8.56936,48.1247
6297,8893,6623,4097,3480,7328,5698,3986,3469,4247,4057,3604,3162,3524,3465,3345,3156,-17.7487,-19.5375,8.64773,48.0893
6298,3197,3300,3371,3292,3485,3604,3812,3690,3811,4530,5115,4619,4092,6232,9857,6078,30.4297,6.15784,8.67181,48.0567
6299,3269,3508,4133,4554,3366,3823,5052,7958,3289,3694,4981,8731,3237,3512,4219,5045,1.11388,27.7645,8.96546,48.2473
6300,3124,3290,3437,3325,3337,3586,3798,3872,3660,4171,5215,5242,3616,4816,9371,8010,30.6365,13.0532,8.53038,47.9133
6301,3123,3339,3403,3478,3133,3424,3764,3849,3335,3757,4894,5979,3386,3969,6308,12580,31.5216,26.7106,8.84773,47.814
6302,4137,3841,3494,3193,6395,4484,3611,3297,9599,5107,3845,3372,5865,4632,3713,3302,5.77214,-31.3555,8.60725,47.9247
6303,3468,3455,3172,3223,4459,4039,3579,3282,8571,5226,3881,3407,9313,5466,3855,3377,16.0359,-33.8556,8.79179,47.8487
6304,3445,3572,3425,3215,3977,4516,4065,3678,4791,7517,5614,4062,4921,6511,5339,3833,13.2448,-4.43275,8.5802,48.3207
6305,3223,3693,4426,4858,3543,3950,6220,7454,3384,3922,5666,6530,3266,3652,4106,4448,-1.70443,18.244,8.82977,48.2273
6306,7058,9017,5094,3774,5187,5979,4313,3529,3839,3921,3691,3368,3437,3373,3315,3146,-22.3209,-11.1468,8.50061,48.0273
6307,11664,5923,3995,3402,6778,4954,3895,3369,3990,3781,3477,3194,3432,3380,3120,3170,-22.2026,-33.6095,8.69215,47.6827
6308,3461,4160,6624,8126,3562,4050,5946,7334,3212,3529,4166,4474,3156,3351,3478,3464,-16.3422,18.4549,8.7315,48.062
6309,3926,5510,8733,5916,3707,4768,6435,5058,3569,3736,3833,3855,3215,3310,3416,3325,-19.3233,7.89476,8.86961,48.208
6310,3180,3299,3760,3985,3341,3674,4549,5961,3391,3778,5410,9952,3174,3638,4550,6277,7.28125,27.0528,8.88406,47.946
6311,3399,4005,6109,9723,3475,3818,5346,7861,3167,3560,3985,4219,3018,3195,3403,3562,-18.0018,23.0934,8.83951,47.8967
6312,12595,5969,3975,3309,6079,4615,3781,3455,3921,3747,3394,3220,3319,3367,3313,3128,-29.7478,-32.1034,8.5848,47.458
6313,3379,4231,7924,10442,3365,3842,4988,5778,3278,3560,3935,3923,3216,3193,3320,3338,-32.097,18.6567,8.65778,47.808
6314,3040,3252,3431,3381,3222,3539,3870,4062,3376,3829,5073,6800,3426,3999,6279,11444,22.9524,25.5953,8.52494,48.0153
6315,5298,9007,7399,4509,4429,5354,4836,4041,3602,3740,3716,3447,3271,3379,3185,3153,-25.0475,-2.8222,8.91012,48.244
6316,3613,3954,3888,3607,3933,5260,5705,4155,4086,6184,6878,4432,3779,4491,4475,3873,3.17798,1.5882,8.94884,48.2087
6317,3227,3325,3454,3453,3531,3966,4168,3811,3864,5337,6768,4776,4189,5720,7660,5153,17.1894,4.94213,8.69079,48.268
6318,3218,3167,3385,3337,3185,3408,3696,4006,3302,3729,4852,6117,3409,3909,6249,12543,29.0411,26.3043,8.96735,47.6747
6319,3116,3293,3476,3495,3278,3584,4029,4510,3405,3968,5238,7551,3388,3872,6308,9629,18.0171,22.8175,8.60781,48.0933
6320,3682,3746,3358,3165,4979,4343,3631,3256,8867,5881,4072,3541,7102,5239,3856,3434,11.5216,-21.8658,8.63164,48.1013
6321,5472,9050,6455,4057,4648,5901,4811,3891,3666,3889,3696,3493,3195,3311,3270,3190,-22.0993,-4.55573,8.93421,47.9967
6322,3247,3488,3435,3201,3517,3908,3722,3461,4089,4877,4789,4210,4696,8066,8502,4887,31.4095,0.313753,8.95307,48.0633
6323,3656,3630,3274,3030,4960,4226,3558,3262,9302,5602,3906,3348,7845,5423,3857,3292,12.7038,-24.2414,8.79708,48.114
6324,3828,4960,8525,6651,3700,4463,6397,5446,3368,3752,3988,3985,3177,3351,3359,3320,-19.2517,10.7003,8.92562,48.18
6325,3198,3276,3424,3311,3492,3641,3766,3527,3863,4633,4985,4375,4284,7253,9145,5407,30.9673,3.39135,8.8335,47.72
6326,5536,4592,3710,3217,8793,6029,3812,3471,6342,4897,3746,3242,4180,3946,3550,3209,-4.80374,-21.1954,8.69203,48.1813
6327,3175,3654,4595,5495,3314,3857,5622,9083,3331,3765,4804,6757,3189,3477,3900,4342,-4.10922,23.149,8.86569,48.24
6328,3147,3370,3433,3391,3291,3556,3955,3863,3658,4399,5888,5266,3764,5280,8984,6892,22.0663,10.7127,8.54733,48.0913
6329,9979,5665,3823,3276,8380,5105,3880,3430,4400,3996,3450,3272,3508,3432,3225,3079,-17.2209,-30.8838,8.8261,47.9333
6330,3392,3955,5897,12294,3370,3808,4795,6308,3291,3368,3820,3925,3238,3312,3344,3386,-26.0252,30.941,8.63314,47.6687
6331,5686,4777,3771,3317,8854,6130,3891,3456,6141,4847,3681,3326,4178,3870,3431,3198,-5.64538,-21.0179,8.9382,48.3693
6332,3772,5422,10153,7043,3743,4239,5145,4995,3292,3491,3910,3750,3077,3258,3348,3230,-30.9453,9.61874,8.893,47.912
6333,4587,3975,3618,3214,8033,5097,3729,3337,8256,5350,3790,3438,4812,4169,3515,3223,0.693626,-24.29,8.79463,48.0953
6334,3331,3333,3267,3074,3947,3831,3556,3259,5159,5443,4278,3570,7657,9394,5191,3748,25.1954,-11.8481,8.85383,48.0253
6335,12400,5881,3912,3398,5843,4729,3732,3423,4048,3683,3484,3255,3373,3442,3351,3215,-32.7165,-32.6009,8.56976,47.446
6336,3413,3352,3348,3064,4053,3898,3392,3280,6383,4896,3776,3341,11937,6446,4007,3437,25.1502,-25.1563,8.70378,48.0153
6337,3711,3601,3282,3209,5096,4086,3438,3327,9831,5148,3714,3464,7683,5099,3869,3411,12.0278,-31.9186,8.98394,47.9793
6338,3102,3254,3300,3237,3286,3433,3832,4048,3442,3743,4923,6388,3345,4076,6363,11998,25.7189,25.2946,8.63664,47.8467
6339,3274,3413,3631,3499,3556,4090,4558,4040,3845,5372,7865,5236,3928,4901,6318,4934,12.41,6.48796,8.92868,48.3067
6340,3129,3346,3717,3902,3388,3703,4534,5406,3414,3971,6006,8843,3434,3887,5032,6386,9.31192,20.7673,8.66722,48.0653
6341,4509,4239,3687,3296,6898,6160,4051,3495,6706,6020,4028,3541,4562,4320,3624,3288,-0.359823,-17.1031,8.89516,48.2827
6342,6250,9211,5866,3905,4842,6022,4593,3664,3769,3944,3819,3379,3268,3453,3344,3052,-22.4325,-7.7641,8.51415,48.254
6343,3434,3935,5896,10745,3380,3751,4959,7981,3255,3416,3899,4377,3049,3238,3464,3416,-18.9709,27.7867,8.96452,48.13
6344,3527,3517,3455,3166,4197,4605,3848,3564,5584,7939,4907,3689,5347,6404,4648,3756,12.5631,-8.85522,8.7374,48.102
6345,5046,7617,6095,4082,4647,6736,5351,4093,3698,4166,3972,3585,3418,3491,3350,3150,-16.9438,-3.91195,8.88435,48.3313
6346,3187,3492,3648,4026,3317,3807,4678,5708,3507,4072,6454,8593,3312,3783,4964,5946,7.36891,19.6434,8.83622,48.3293
6347,3165,3264,3431,3492,3549,3710,4181,4306,3380,4270,6525,7063,3474,4273,6727,7231,14.9639,16.1056,8.81228,48.0273
6348,11866,7013,4034,3538,6124,4981,3879,3369,3910,3817,3406,3215,3448,3388,3209,2996,-26.9152,-22.5764,8.77392,48.1287
6349,5659,9560,6284,4136,4774,5199,4569,3758,3734,3859,3566,3439,3371,3435,3259,3082,-33.1375,-6.17883,8.56921,47.7893
6350,12097,6480,3996,3392,5974,4783,3778,3359,3921,3905,3580,3175,3285,3385,3262,3074,-30.3907,-24.727,8.54084,47.6307
6351,3360,3921,6248,12404,3350,3705,4875,6356,3257,3341,3825,3898,3080,3185,3428,3386,-25.5636,29.2017,8.97711,47.746
6352,3209,3367,3338,3257,3579,3913,3903,3727,4159,5601,5966,4407,4523,6829,7631,4838,19.2629,1.52299,8.81488,48.1647
6353,3446,3422,3269,3286,3847,3735,3373,3290,5861,4900,3648,3420,12541,5894,3937,3348,30.5034,-30.7444,8.8659,47.478
6354,3161,3295,3342,3299,3227,3499,3803,3975,3347,3762,4801,6256,3394,4069,5954,12148,25.4099,32.4958,8.52763,47.5547
6355,7689,9676,5205,3814,5141,5169,4168,3649,3729,3774,3601,3273,3333,3301,3287,3156,-30.665,-11.654,8.78524,47.9767
6356,3188,3521,4007,4538,3189,3736,4933,7467,3328,3789,5236,8987,3278,3512,4220,5247,2.64286,25.9904,8.82585,48.1173
6357,10157,5708,3854,3411,7798,5241,3804,3464,4301,3975,3454,3358,3521,3494,3301,3146,-18.2347,-26.8916,8.60906,47.9913
6358,4527,4480,3873,3398,6140,6867,4394,3584,5803,6421,4122,3407,4145,4290,3671,3316,-1.37691,-13.3582,8.69092,48.292
6359,4054,4119,3850,3410,5125,6087,4270,3475,5743,7468,4662,3662,4453,4592,3946,3470,2.61773,-10.4552,8.6078,48.2573
6360,3406,3479,3383,3327,3659,3984,3869,3589,4444,6128,5767,4201,4559,7190,6705,4435,17.9563,-0.987719,8.61926,48.0833
6361,3667,4039,4122,3756,4132,5667,5936,4179,4125,6103,6312,4169,3841,4155,4381,3859,1.15346,0.766003,8.93406,48.2953
6362,8754,8757,4582,3602,5732,5423,4085,3508,3899,3904,3545,3278,3352,3476,3234,3149,-23.9505,-14.9303,8.95124,48.1867
6363,4613,4691,3876,3485,6428,7102,4401,3686,5543,5909,4108,3475,4048,4187,3621,3277,-3.41082,-13.171,8.53034,48.3
6364,3451,3961,5902,12100,3365,3834,4831,6678,3346,3459,3771,3952,3121,3212,3262,3373,-23.4289,33.6463,8.75457,47.7453
6365,3367,3361,3416,3230,3618,3823,3702,3535,4506,5231,4607,3995,5362,9251,6749,4275,33.9537,-4.35373,8.53704,48.0187
6366,3352,3362,3346,3121,3807,3786,3638,3263,4994,5190,4335,3611,7269,9926,5265,3689,31.6509,-10.7909,8.87718,47.9693
6367,3468,3742,4649,5100,3379,4091,6323,7802,3368,3839,5303,6212,3262,3586,4011,4148,-3.77975,18.0507,8.7043,48.1887
6368,3197,3272,3415,3398,3248,3449,3793,4005,3402,3788,4900,6842,3419,3899,6056,11766,22.7984,30.1451,8.70985,47.8993
6369,6691,5018,3748,3332,9934,5313,3950,3315,5680,4370,3539,3363,3873,3630,3337,3159,-9.03999,-26.6553,8.62346,48.168
6370,3399,3639,3523,3320,3949,4733,4381,3752,4582,7399,6288,4091,4354,5615,4976,3925,9.95934,-2.78167,8.92891,47.9507
6371,3419,3935,5824,11118,3265,3821,4948,7622,3115,3447,3871,4313,3074,3295,3444,3492,-19.8457,29.1948,8.95652,48.002
6372,9829,8271,4323,3536,5715,4982,3928,3375,4073,3883,3620,3296,3417,3494,3223,3117,-32.7645,-17.4555,8.63664,48.0547
6373,4243,6029,6998,4706,4046,5929,6680,4553,3615,4038,4236,3823,3315,3444,3505,3375,-15.4986,2.30834,8.80276,48.3567
6374,3403,3342,3362,3229,3802,3955,3599,3334,5237,5157,4193,3525,8480,9112,4796,3536,30.3789,-14.1724,8.51469,48.0413
6375,3342,3768,4811,6548,3299,3998,5811,9223,3266,3676,4490,5586,3123,3488,3753,3970,-8.62984,23.8274,8.54434,48.1013
6376,3264,3455,3287,3012,3764,3815,3743,3451,4798,5799,4377,3680,6619,9474,5662,3875,23.6405,-8.77119,8.64021,48.05
6377,3234,3359,3323,3151,3554,3911,3804,3483,4431,5795,5287,4086,5003,8179,7044,4368,20.6047,-2.15205,8.94666,48.008
6378,3372,3905,5926,11823,3421,3786,4970,6700,3238,3420,3931,4018,3159,3250,3418,3341,-22.5382,33.7156,8.83845,47.7853
6379,3276,3561,4121,4944,3273,3730,4954,8523,3259,3740,4911,8002,3255,3555,4155,4743,-0.515095,29.854,8.64286,48.0013
6380,3275,3493,3394,3161,3721,3941,3941,3558,4501,5995,5379,4026,4934,7782,6698,4447,20.031,-2.39307,8.53387,48.164
6381,12437,6020,3978,3468,6203,4735,3749,3380,3910,3768,3376,3155,3352,3444,3248,3246,-27.2226,-33.3822,8.7499,47.646
6382,3101,3221,3430,3482,3217,3571,3940,4087,3427,3965,5349,6520,3482,4296,7293,9973,21.795,19.7111,8.73887,48.236
6383,3169,3546,4464,4887,3276,3747,5351,8299,3451,3767,5171,7679,3100,3545,4103,4645,-1.2238,23.2648,8.75996,48.1333
6384,5944,4611,3672,3440,9626,5175,3749,3441,6355,4612,3672,3315,4022,3775,3508,3179,-6.29353,-32.1733,8.71349,48.064
6385,3387,3391,3278,3146,3921,3776,3499,3182,6000,4904,3826,3428,11558,7096,4177,3413,30.4402,-22.0455,8.58868,47.988
6386,7164,4908,3784,3417,9817,5242,3766,3484,5552,4332,3706,3235,3729,3616,3387,3140,-10.2179,-29.6242,8.59664,48.186
6387,2950,3247,3366,3447,3183,3511,3906,4388,3400,3873,5097,7421,3381,4028,6283,10535,19.4476,24.2138,8.91977,48.0107
6388,8336,6112,4018,3336,7910,5816,3990,3529,4543,4109,3524,3304,3635,3559,3315,3066,-15.9861,-20.5187,8.7035,48.068
6389,3470,4020,5311,6326,3393,4026,6631,8286,3264,3728,4710,5172,3146,3467,3627,3839,-9.59428,18.6861,8.57556,48.2773
6390,3242,3343,3281,3116,3670,3895,3585,3379,4755,5279,4359,3812,6283,9786,5878,3981,29.3745,-7.53303,8.50123,47.7627
6391,3537,4198,6242,6931,3411,4211,6584,7396,3333,3730,4434,4559,3140,3309,3527,3610,-13.6142,16.5889,8.55391,48.1013
6392,5496,5640,4101,3533,6696,7738,4496,3673,4653,4818,4050,3551,3686,3700,3467,3213,-9.54999,-13.3487,8.68869,48.3407
6393,3418,3411,3155,3113,3914,3802,3416,3219,7008,4829,3856,3497,11574,5817,3977,3513,22.1721,-32.6113,8.80181,47.6793
6394,3077,3379,3431,3487,3240,3616,4044,4181,3312,3989,5707,6889,3595,4260,7054,8810,18.6837,18.6592,8.89863,48.0473
6395,11031,7255,4111,3373,5860,4914,3890,3466,3926,3712,3612,3367,3500,3418,3276,3078,-28.5166,-21.2046,8.59327,47.8593
6396,3290,3355,3488,3446,3550,3910,4222,3785,3873,5422,6778,4737,4087,5889,7480,5072,16.6691,4.47029,8.68036,48.256
6397,3144,3160,3277,3345,3293,3551,3835,3637,3549,4143,5292,5158,3623,5092,9492,8109,27.7349,12.7372,8.97168,47.8
6398,4720,7868,8535,4966,4032,5007,5079,4205,3541,3692,3715,3561,3205,3432,3321,3237,-26.7464,1.04678,8.62806,48.0773
6399,3548,3920,5114,5329,3505,4357,7498,7091,3438,3912,5064,5033,3238,3522,3817,3860,-7.15243,14.4649,8.87116,48.164
6400,3369,3936,5791,7475,3356,4038,6195,8292,3367,3737,4211,4824,3131,3358,3647,3718,-13.1546,19.712,8.72532,48.2967
6401,3473,3350,3367,3290,3938,3795,3348,3261,5843,4663,3734,3315,12492,6009,3875,3427,31.1058,-31.0921,8.67729,47.4533
6402,4103,3887,3392,3199,6157,4511,3594,3313,9821,5197,3791,3487,6193,4634,3744,3217,6.91897,-27.7385,8.68432,48.16
6403,5195,7739,5736,4142,4773,6913,5336,3936,3841,4094,3815,3460,3428,3500,3458,3245,-17.2331,-4.98282,8.75381,48.4073
6404,5036,6079,4427,3548,5661,8184,4876,3752,4270,4895,3991,3522,3559,3623,3556,3220,-10.0414,-9.41861,8.95471,48.1327
6405,8008,6311,4171,3368,7681,6314,3946,3432,4446,4192,3664,3275,3500,3486,3201,3087,-15.4159,-18.7747,8.9204,48.0547
6406,8939,6972,4279,3381,6964,5847,3913,3486,4097,3988,3631,3330,3478,3448,3274,3124,-18.6872,-18.6789,8.67139,48.1007
6407,3503,4042,4173,3834,3856,5225,6384,4463,4005,5584,6750,4557,3706,4029,4332,3946,0.815718,3.26094,8.64436,48.2593
6408,3241,3426,3474,3318,3633,3967,4069,3757,4111,5777,6073,4305,4477,6889,7193,4717,18.1124,0.901859,8.7165,48.2847
6409,3336,3874,5790,12497,3409,3655,4617,5876,3175,3438,3803,3918,3138,3202,3454,3422,-32.3011,31.6676,8.90272,47.0693
6410,11953,5955,3905,3361,6975,4699,3788,3351,3970,3857,3459,3204,3379,3342,3259,3194,-22.7186,-33.5724,8.88609,47.7673
6411,3440,3627,3724,3505,3813,4418,4538,3903,4287,6903,7068,4398,4159,5262,5240,4142,9.64178,0.597189,8.95054,48.2847
6412,4169,4085,3422,3195,6084,5148,3793,3283,7967,6462,3980,3449,5068,4596,3789,3321,4.11031,-18.3764,8.87928,47.874
6413,3845,3684,3375,3159,5641,4417,3716,3357,9224,6107,3964,3404,6280,5054,3813,3294,8.55079,-22.0527,8.85647,48.2227
6414,3536,4140,6159,6113,3486,4271,7220,7185,3355,3768,4397,4534,3235,3402,3702,3653,-11.8632,14.8571,8.83045,48.104
6415,5666,9678,6544,4245,4670,5334,4611,3903,3724,3845,3684,3458,3278,3348,3211,3314,-25.8209,-5.264,8.9923,48.342
6416,3560,3467,3327,3151,4581,4283,3637,3285,7576,6124,3982,3493,8158,6196,4093,3362,15.6052,-19.6278,8.86082,48.1833
6417,3370,3894,5917,11000,3360,3733,4996,7451,3235,3451,4009,4289,3079,3123,3411,3353,-20.468,27.8944,8.89278,47.7807
6418,3317,3714,4385,4381,3552,4330,6583,6132,3554,4311,6473,5891,3395,3881,4257,4373,-0.368901,13.1124,8.53636,48.3527
6419,3728,4498,5007,4269,3850,5688,7917,4848,3676,4573,5278,4244,3498,3657,3821,3637,-7.0351,4.82013,8.54842,48.126
6420,3206,3556,4148,4744,3205,3782,4711,7936,3360,3810,4968,8496,3359,3556,4197,4932,0.845947,30.7351,8.80204,47.9773
6421,3388,3515,3295,3167,3916,3793,3467,3242,6435,4809,3747,3393,12242,6070,3892,3408,25.2318,-30.9923,8.54955,47.8527
6422,3354,3775,4610,4216,3548,4801,7288,5468,3705,4614,6433,5016,3403,3816,4333,4009,-1.62155,8.90228,8.66634,48.2593
6423,3339,3896,5858,12552,3351,3759,4636,5743,3332,3355,3601,3869,3270,3313,3420,3373,-32.9744,32.9122,8.97627,47.1113
6424,3292,3838,5442,8847,3362,3874,5350,8855,3266,3435,3955,4750,3203,3304,3538,3669,-14.9896,26.5071,8.66505,47.9867
6425,6836,5196,3848,3339,9080,6009,3892,3478,5130,4472,3664,3355,3841,3645,3326,3182,-10.6627,-21.8523,8.97492,48.1953
6426,3308,3474,3455,3411,3707,4145,4130,3758,4336,6509,6560,4369,4462,6143,6337,4414,14.3035,0.501217,8.6756,48.3453
6427,3245,3470,4200,4719,3285,3661,4756,7946,3371,3724,5062,8804,3251,3512,4163,4971,1.0371,29.0562,8.8311,48.0933
6428,3508,3655,3261,3256,4528,4500,3730,3467,7077,6947,4286,3579,6664,6170,4244,3636,13.7281,-15.4429,8.5914,48.3387
6429,3035,3249,3436,3473,3240,3452,3767,3943,3474,3990,5157,6131,3428,4260,7283,10705,24.9542,20.4812,8.55432,48.0153
6430,3452,3672,3904,3658,3722,4675,5457,4367,3925,5805,7699,4716,3698,4492,4982,4188,5.71057,4.39289,8.68504,48.2747
6431,3495,3487,3281,3071,4425,4055,3611,3208,8127,5430,3913,3304,9302,6008,3988,3211,17.138,-22.9828,8.8146,47.944
6432,3470,3522,3351,3132,4196,4222,3650,3277,6310,6214,4210,3599,7862,7635,4388,3462,18.7593,-15.4205,8.52358,48.3333
6433,7347,9355,5132,3635,5283,5540,4350,3562,3798,3840,3536,3395,3401,3403,3297,3150,-24.4192,-11.5874,8.54816,48.016
6434,3373,3515,4159,4148,3550,4059,5948,5866,3467,4197,7065,6673,3402,3797,4635,4706,2.68601,14.7417,8.98668,48.3733
6435,12774,6063,3803,3256,6058,4796,3620,3310,3967,3727,3475,3369,3382,3460,3188,3214,-32.0444,-28.4104,8.86127,47.6413
6436,3565,4399,6923,6816,3551,4258,6786,6570,3456,3697,4321,4262,3205,3309,3522,3676,-15.3944,14.4777,8.78691,48.2107
6437,3588,4490,8423,9357,3439,4073,5085,5627,3242,3448,3894,3881,3083,3316,3386,3344,-32.4019,16.2961,8.53521,47.784
6438,5145,4221,3618,3235,8790,5344,3845,3428,7525,4792,3752,3323,4534,4098,3499,3238,-2.18902,-25.5339,8.64697,48.258
6439,3578,4198,7707,10487,3414,3986,4903,5711,3226,3547,3775,3957,3218,3315,3350,3402,-33.7327,18.6975,8.83465,47.8493
6440,3407,3874,6052,11570,3335,3926,4871,7107,3222,3448,3885,4159,3096,3256,3454,3449,-21.9058,27.2581,8.67404,48.074
6441,3359,3295,3189,3103,4067,3828,3442,3302,6471,4935,3790,3390,12203,5981,3891,3476,24.978,-30.3868,8.72176,47.8147
6442,3280,3430,3759,3873,3317,3793,4777,5153,3453,4193,6847,7991,3399,3979,5451,5936,8.91606,17.2919,8.96641,48.4207
6443,12696,6182,3880,3376,6155,4665,3705,3394,3946,3682,3367,3269,3387,3426,3310,3184,-28.4736,-28.6177,8.84936,47.7493
6444,3372,3480,3265,3246,3829,4008,3711,3397,5087,6313,4493,3716,6167,8862,5406,3905,20.2796,-8.63301,8.67725,48.1713
6445,3857,4291,3832,3491,4598,6395,4855,3853,4851,7166,5314,3777,4012,4531,3937,3541,1.64692,-5.61032,8.754,48.2007
6446,3643,3636,3322,3168,4886,4277,3688,3234,8269,6389,4064,3571,7131,5638,4099,3414,12.0124,-19.6078,8.51059,48.286
6447,12782,6126,3967,3404,6261,4707,3681,3514,3896,3738,3339,3229,3418,3291,3061,3120,-27.2355,-29.4298,8.99511,47.6893
6448,3257,3436,3324,3165,3659,3768,3722,3559,4246,5202,5218,4190,4797,8235,7801,4606,24.3785,-0.627128,8.51247,48.1233
6449,7356,9826,5248,3822,4976,5359,4262,3619,3807,3780,3564,3301,3380,3371,3271,3136,-26.5285,-10.6372,8.82942,48.052
6450,3180,3435,3511,3416,3503,3773,4041,4002,3743,4754,6906,5310,3843,5211,8190,5764,17.2453,8.44188,8.97209,48.388
6451,3880,5772,9881,6652,3793,4341,5409,4933,3397,3597,3790,3851,3097,3304,3406,3303,-26.935,8.56773,8.84164,48.2707
6452,3191,3250,3335,3439,3249,3336,3764,3892,3398,3895,5050,5864,3454,4066,6933,11417,33.251,21.9294,8.77294,47.6887
6453,4402,6849,8006,4970,3999,5207,5779,4542,3534,3753,3976,3594,3256,3246,3472,3272,-20.5574,2.47474,8.8755,47.9047
6454,3178,3520,3609,3516,3421,3833,4363,4242,3748,4946,7834,5396,3767,4753,6915,5351,13.5843,8.29044,8.96683,48.2613
6455,3519,3554,3450,3220,4299,4487,3712,3451,6088,7561,4549,3720,5898,6531,4441,3670,13.0681,-11.8289,8.54771,48.1
6456,6653,4733,3706,3334,10007,5296,3801,3384,5723,4522,3638,3317,3776,3621,3325,3222,-8.56791,-32.6733,8.99831,48.0387
6457,3311,3332,3322,3170,3690,3716,3706,3503,4405,5041,4636,3981,5380,9258,7092,4270,31.0377,-3.6387,8.80136,47.8753
6458,3250,3419,3671,3527,3460,3881,4672,4614,3709,4604,7877,6230,3618,4229,6143,5433,10.5687,11.608,8.71166,48.2247
6459,3175,3279,3317,3331,3404,3727,3921,3734,3791,4591,5951,5014,3949,5849,9190,6018,21.9541,7.4811,8.67158,48.1607
6460,3426,3595,3693,3268,3862,4336,4331,3738,4485,7114,6475,4316,4283,5775,5408,4161,11.1408,-1.22888,8.72591,48.1773
6461,3182,3369,3372,3299,3483,3703,3898,3527,3894,4898,5315,4454,4369,6924,9224,5370,24.592,3.75317,8.98462,48.1873
6462,3270,3391,3342,3407,3555,3803,3945,3647,4037,5156,5782,4492,4529,6717,8500,5148,21.0285,3.13879,8.70859,48.4807
6463,4354,5660,5108,4008,4527,7467,6236,4196,3991,4718,4342,3806,3495,3540,3607,3412,-10.3898,-2.51725,8.81077,48.3113
6464,3176,3255,3367,3305,3218,3656,3901,3909,3464,3913,5315,5310,3626,4630,9075,8648,33.0393,14.3543,8.64733,47.8453
6465,3332,3502,3259,3118,4184,3995,3472,3194,7614,5193,3887,3529,10196,5779,3864,3505,18.9852,-33.6671,8.60495,47.7487
6466,3121,3266,3400,3365,3248,3410,3784,3788,3398,3937,4935,5818,3480,4231,7470,11247,28.2297,20.2023,8.98589,47.932
6467,3615,3933,4536,3994,3857,5096,7003,4735,3690,4788,6536,4726,3583,3896,4203,3964,-1.041,5.81297,8.67745,48.1033
6468,3611,4027,4057,3661,3916,5228,5462,4036,4151,6406,6936,4387,3776,4436,4625,3929,3.54119,1.3393,8.68967,48.4293
6469,3544,3954,4084,3760,4100,5373,5789,4317,4073,5946,6979,4375,3741,4191,4298,3894,2.35508,1.94293,8.99707,48.2787
6470,8361,9314,4852,3509,5300,5312,4077,3679,3757,3801,3582,3304,3398,3370,3399,3104,-28.5705,-13.5446,8.91706,48.0793
6471,7779,5137,3793,3313,9630,5105,3820,3418,5073,4237,3602,3265,3726,3599,3255,3232,-11.7894,-31.2744,8.77619,47.9893
6472,3119,3250,3395,3470,3313,3476,3778,4046,3327,3769,4883,6682,3416,3955,6038,11981,23.6551,29.6081,8.75162,47.932
6473,3214,3261,3380,3389,3280,3607,3855,3926,3539,4032,5228,5394,3658,4724,9323,8317,33.4567,13.6457,8.847,48.0847
6474,3167,3414,3393,3451,3403,3748,4084,4030,3686,4627,6885,5411,3871,5098,8178,6119,17.7605,9.48679,8.85246,48.3767
6475,4414,4016,3588,3283,6911,5258,3792,3335,8220,5988,3909,3460,4905,4481,3594,3319,1.85808,-20.7749,8.94256,48.3153
6476,4751,4543,3510,3319,7097,6464,4009,3495,6162,5757,3953,3476,4448,4100,3675,3324,-2.40646,-16.6736,8.59483,48.0553
6477,3365,3334,3157,3128,3910,3805,3427,3204,5886,4728,3809,3428,12842,5954,3952,3523,29.6986,-30.9379,8.74202,47.6347
6478,3837,3711,3390,3267,4987,4828,3865,3445,7602,7070,4274,3472,5860,5343,3963,3411,8.76428,-16.1947,8.51447,48.2167
6479,3915,4303,4263,3768,4248,6294,6051,4080,4064,5940,5627,4143,3675,4188,3969,3669,-1.02405,-0.632619,8.73013,48.1313
6480,3147,3281,3418,3452,3540,3879,4080,3896,3908,5243,6646,4912,4033,5714,7978,5240,17.5967,5.48649,8.59412,48.2447
6481,3225,3498,3815,3627,3412,3900,4961,4705,3502,4608,7820,6601,3596,4131,5671,5450,8.97975,12.7221,8.69207,48.348
6482,4826,4484,3574,3226,8026,5616,3992,3293,7298,5230,3865,3360,4504,4136,3638,3196,-1.24192,-21.5694,8.9507,48.176
6483,5878,9742,6336,4020,4558,5200,4626,3847,3622,3897,3775,3501,3323,3451,3293,3197,-33.0961,-5.83578,8.80106,48.1773
6484,3387,3372,3376,3214,3878,3821,3466,3219,5491,5168,4053,3465,9120,8631,4680,3499,30.0781,-15.9128,8.5173,47.8933
6485,9422,8473,4487,3703,5535,5136,4027,3444,3932,3929,3530,3257,3467,3447,3299,3140,-31.8316,-16.5238,8.7774,48.152
6486,3173,3689,4268,4938,3336,3808,5253,8258,3429,3761,5120,7675,3177,3553,4147,4555,-1.09864,24.1218,8.61787,48.0933
6487,5494,4484,3649,3354,9436,5100,3777,3401,6913,4585,3686,3304,4314,4047,3481,3227,-4.19257,-30.5021,8.77392,48.168
6488,3397,3329,3125,3067,3963,3868,3546,3101,5960,4858,3723,3294,12120,6618,4139,3382,29.2933,-23.9882,8.62909,47.66
6489,4061,5311,6149,4600,4052,5897,7330,4729,3689,4241,4316,3930,3384,3535,3557,3427,-12.2793,3.33335,8.56586,48.1387
6490,3853,4347,4114,3706,4251,6573,5764,3965,4323,6274,5578,4074,3786,4305,4169,3710,-0.214021,-1.66143,8.87809,48.528
6491,3179,3345,3322,3253,3618,3727,3724,3526,4228,5034,4904,4050,4824,8548,7935,4538,33.4978,-1.05614,8.86741,47.8367
6492,3505,3320,3208,3001,4028,3942,3537,3187,6348,5148,3997,3454,10598,7210,4124,3431,23.091,-20.5217,8.85739,48.0253
6493,11715,6781,4105,3359,5977,4804,3801,3455,3893,3806,3474,3231,3407,3436,3257,3135,-33.1498,-22.6265,8.58356,47.7573
6494,4157,5548,6846,4848,4051,5610,7051,4697,3574,3980,4273,3786,3300,3498,3590,3508,-14.3494,3.69742,8.72758,48.2113
6495,3369,3912,5374,8180,3407,4073,5468,9294,3186,3581,4164,4897,3124,3324,3430,3703,-13.3851,25.3037,8.77243,48.324
6496,3836,3699,3628,3160,4788,4956,3896,3432,6870,7395,4387,3648,5530,5465,4070,3481,8.94879,-14.0136,8.58022,48.1607
6497,3367,3639,4439,5363,3287,3801,5164,9523,3306,3596,4658,7053,3189,3456,3925,4333,-3.61753,32.5671,8.88564,48.066
6498,3258,3437,3219,3084,3876,3803,3555,3305,5648,5089,3854,3502,10271,8220,4366,3486,31.266,-18.1973,8.67971,47.982
6499,4934,8307,8015,4723,4155,4965,4831,4114,3610,3767,3765,3587,3323,3235,3444,3097,-30.4047,-0.463271,8.67542,47.9147
6500,3999,5293,5977,4525,4132,6314,7387,4566,3746,4109,4462,3905,3451,3528,3570,3413,-11.4702,2.31931,8.87597,48.2513
6501,3326,3465,3389,3231,3710,4062,4020,3439,4599,6228,5454,4064,4822,7519,6261,4318,17.8267,-2.60256,8.65788,47.938
6502,4477,7598,9018,5081,4019,4793,5022,4254,3503,3842,3832,3563,3231,3281,3277,3317,-30.8324,2.06566,8.691,48.072
6503,3831,3708,3416,3137,5161,4255,3649,3347,9003,6032,3909,3375,6878,5295,3848,3381,10.7533,-21.2196,8.87249,48.15
6504,3319,3407,3187,3170,3957,3756,3406,3280,5994,4780,3667,3330,12726,5985,3907,3299,32.4167,-31.2426,8.70108,47.4467
6505,3282,3693,4536,5963,3426,3792,5355,9789,3303,3639,4420,6497,3133,3374,3896,4084,-6.21287,27.2573,8.74929,48.1213
6506,11694,6392,3996,3411,6538,4906,3828,3368,4005,3852,3415,3252,3423,3338,3198,3154,-24.6647,-25.6821,8.58596,47.8467
6507,9358,7599,4310,3630,6368,5477,4067,3405,4117,3852,3520,3224,3501,3392,3215,3096,-21.5498,-17.9191,8.64095,48.0873
6508,4191,6265,7447,4966,4029,5624,6381,4505,3619,3885,4054,3819,3173,3406,3423,3323,-17.5693,2.64372,8.80071,48.0733
6509,5139,7327,5615,4031,4778,6957,5306,3940,3712,4190,3956,3584,3274,3580,3430,3329,-15.6954,-4.82936,8.57027,48.0987
6510,5622,6010,4268,3539,6630,7586,4462,3600,4553,4735,3899,3324,3634,3794,3490,3155,-10.2287,-13.1239,8.86855,48.2007
6511,8845,5335,3839,3284,8774,5198,3866,3499,4814,3976,3592,3220,3611,3548,3253,3084,-14.851,-27.6291,8.71495,47.8253
6512,3460,3345,3217,3145,3842,3706,3410,3257,6033,4697,3819,3448,12531,6164,3759,3298,30.7827,-27.8267,8.77311,47.4207
6513,3548,3767,3563,3114,4275,5019,4013,3515,5694,8195,5017,3788,4870,5721,4506,3656,9.43205,-8.57675,8.91687,48.174
6514,12444,5943,3983,3477,6403,4751,3640,3390,3838,3946,3372,3268,3349,3352,3130,3147,-25.3377,-31.7484,8.92166,47.622
6515,3363,3656,3975,3736,3707,4567,5631,4409,3830,5331,7865,5111,3667,4295,4870,4336,4.9395,6.43998,8.58982,48.2327
6516,3163,3287,3227,3412,3096,3580,3908,4207,3360,3949,5188,6903,3396,4061,6381,11291,22.0024,23.9832,8.85539,48.2727
6517,3283,3430,3201,3199,3622,3954,3526,3434,4752,5379,4475,3792,6333,9679,5933,3967,26.4641,-8.00772,8.63213,47.9727
6518,3328,3482,3420,3295,3870,4453,3957,3507,4874,7643,5459,3782,4895,6796,5248,3903,13.5112,-5.65153,8.90817,47.9413
6519,4254,4164,3557,3158,6039,5818,4045,3418,6972,6745,4129,3481,4702,4551,3866,3436,2.52065,-15.5297,8.79058,48.2233
6520,4837,4678,3712,3159,7178,6610,4141,3462,6270,5695,3894,3425,4365,4143,3614,3208,-2.70226,-16.7477,8.9328,48.2607
6521,3146,3147,3481,3359,3283,3623,3896,3931,3567,4146,5741,5749,3686,4650,8611,8204,22.3331,14.438,8.69874,48.1467
6522,6575,5747,4062,3459,7946,6812,4130,3485,4747,4564,3670,3396,3891,3640,3286,3106,-11.5194,-16.9884,8.68374,48.344
6523,3320,3490,3190,3127,4149,3907,3470,3097,6691,4835,3744,3441,12106,6163,3873,3435,23.9535,-27.4572,8.72603,48.0253
6524,3665,4995,8032,6296,3701,4618,7050,5587,3399,3703,4097,3921,3185,3260,3543,3562,-17.1348,10.8257,8.95057,48.4093
6525,3230,3376,4099,4401,3327,3643,4785,7533,3291,3741,4953,8830,3224,3586,4253,5188,2.13426,28.4001,8.74243,47.64
6526,12466,6016,3843,3410,6168,4773,3719,3414,4027,3831,3560,3251,3322,3318,3307,3203,-28.7221,-29.8981,8.56869,47.752
6527,3819,3687,3409,3140,5361,4336,3590,3295,9466,5623,3807,3449,7120,5053,3837,3343,10.7467,-25.1539,8.51456,48.2233
6528,3122,3324,3411,3384,3624,3964,4418,3950,4022,5515,7494,4922,4072,5294,6826,5030,14.0183,5.05004,8.71548,48.248
6529,4633,4049,3516,3182,7672,5010,3805,3309,8488,5205,3925,3332,5211,4353,3607,3267,1.41833,-24.6677,8.53855,48.376
6530,3098,3384,3465,3504,3192,3503,3820,3857,3412,3727,4849,6027,3379,3899,6291,12024,32.7329,24.6663,8.72257,47.6207
6531,3161,3313,3447,3594,3374,3459,4111,4431,3330,3891,5129,8369,3378,3857,5410,9269,16.1113,33.3398,8.55435,47.682
6532,4795,8327,8123,4534,4300,5021,4938,4110,3718,3912,3758,3567,3198,3368,3312,3233,-33.531,-0.524248,8.65091,48.1427
6533,3104,3431,3789,4142,3251,3603,4721,6296,3373,3788,5804,9351,3266,3726,4522,5923,6.10518,23.4282,8.7436,48.06
6534,4011,5158,6308,4732,4107,5832,7674,4809,3523,4134,4531,3935,3333,3416,3571,3464,-12.229,4.29546,8.7983,48.3587
6535,3205,3270,3377,3461,3257,3403,3783,3985,3411,3676,4831,6001,3399,3949,5850,12422,33.2984,31.4221,8.52428,47.52
6536,3389,3443,3156,3065,3970,3860,3353,3235,5910,5114,3974,3483,10534,7413,4212,3435,25.981,-19.9592,8.50812,47.6973
6537,4532,6841,6954,4633,4199,6057,6126,4272,3551,3975,3950,3608,3245,3448,3390,3312,-17.1752,0.424459,8.52004,48.062
6538,3313,3264,3183,3167,3944,3712,3427,3199,6151,4722,3757,3412,12777,5977,3852,3369,27.6007,-31.1776,8.94088,47.484
6539,3318,3312,3389,3335,3794,3981,3959,3493,4387,6128,5557,4072,4799,7593,6755,4340,18.6374,-1.89327,8.82056,48.1413
6540,4311,3894,3353,3156,7006,4592,3688,3306,9543,5131,3786,3298,5482,4406,3690,3291,3.8421,-28.7439,8.95869,47.9553
6541,3925,4112,3820,3565,4752,6054,4574,3702,5021,7395,5121,3754,4247,4629,4062,3495,2.71151,-7.33156,8.59994,48.152
6542,3397,3342,3200,3135,3959,3886,3479,3230,6300,4913,3716,3500,11535,6813,4096,3480,25.1703,-22.4762,8.92417,47.9873
6543,3153,3565,3777,3878,3401,3827,5077,5251,3503,4151,7096,7575,3378,3919,5188,5347,7.27115,15.7861,8.55705,48.0573
6544,3627,4383,6131,5883,3672,4561,7356,6514,3435,3777,4533,4417,3177,3422,3683,3629,-12.11,13.4608,8.78596,48.1333
6545,3360,3621,3607,3570,3750,4340,4690,3903,4063,6215,7434,4643,3888,4965,5564,4403,9.6153,2.9482,8.79216,48.0107
6546,3659,4707,7686,7252,3584,4282,6384,5968,3306,3695,4018,4038,3138,3297,3420,3542,-18.932,13.4414,8.56585,47.984
6547,3167,3249,3346,3445,3197,3425,3789,3904,3418,3769,4687,5974,3380,3901,5947,12670,31.9088,29.3737,8.59059,47.512
6548,3607,3904,4663,4416,3707,4553,7516,5683,3509,4277,6276,5046,3299,3754,4123,3958,-2.34363,10.1928,8.71179,48.194
6549,6916,8398,4871,3677,5627,6369,4421,3641,3920,4103,3676,3431,3389,3465,3302,3096,-19.2053,-11.7723,8.52362,48.2013
6550,7881,6128,4178,3537,8064,6037,3997,3402,4716,4012,3621,3333,3610,3546,3307,3048,-14.7339,-19.496,8.70444,48.278
6551,3646,3755,3510,3400,4474,5242,4161,3545,5345,8255,5269,3891,4597,5294,4321,3656,7.52027,-7.42855,8.71546,48.2407
6552,5263,4362,3599,3225,9127,5145,3742,3256,7464,4628,3627,3271,4537,4056,3494,3169,-2.83216,-30.0262,8.58946,47.9767
6553,3725,3697,3474,3272,4497,4863,3844,3450,6200,8021,4706,3684,5224,5909,4250,3504,9.83717,-11.1653,8.75775,48.2133
6554,3357,3435,3386,3412,3516,3911,4221,3780,4029,5645,6573,4464,4203,6205,7098,4986,16.6715,2.75918,8.5157,48.1473
6555,3353,3354,3256,3063,3938,3844,3414,3226,5919,4764,3783,3357,12305,6669,4089,3367,33.4438,-23.4708,8.97897,47.8007
6556,4887,7492,6823,4592,4197,6002,5593,4263,3594,3957,3969,3666,3313,3416,3349,3220,-18.8176,-1.01432,8.72404,48.222
6557,3209,3553,3951,4014,3319,3838,5202,5889,3482,4083,6570,7896,3348,3771,4631,5239,4.52929,18.0748,8.79907,47.9967
6558,5178,9031,7464,4547,4269,5031,4712,4008,3697,3777,3749,3516,3289,3378,3295,3211,-31.7164,-2.06704,8.97453,48.1013
6559,4033,6266,9948,6015,3863,4460,5238,4714,3320,3665,3901,3658,3164,3331,3376,3252,-29.1034,6.5139,8.86003,48.136
6560,3353,3461,3267,3206,4129,3752,3470,3201,6945,4874,3849,3476,11744,5840,3906,3327,21.8501,-32.2462,8.99525,47.8667
6561,6206,8945,5386,3890,5139,6235,4730,3734,3780,4054,3733,3451,3359,3456,3312,3054,-20.1116,-8.59363,8.8155,48.3093
6562,4956,8569,8046,4697,4211,5094,4901,4112,3563,3775,3689,3603,3160,3310,3365,3252,-27.9658,-0.814177,8.60077,48.202
6563,5596,4612,3685,3247,9678,5083,3757,3335,6650,4657,3694,3327,4081,3802,3473,3128,-4.98523,-32.5494,8.87352,47.87
6564,3366,3519,3406,3152,3996,4490,3791,3467,5319,7564,4967,3852,5435,7062,5027,3680,14.6229,-8.00211,8.9664,48.062
6565,7239,8906,5056,3813,5336,5744,4369,3623,3979,3993,3598,3546,3257,3406,3306,3174,-22.5769,-11.6101,8.53326,48.23
6566,4243,6389,9511,5848,3874,4662,5749,4802,3347,3605,3813,3748,3106,3290,3408,3325,-23.9229,5.99753,8.94033,48.48
6567,3636,3520,3421,3074,4327,4201,3594,3312,6632,6943,4317,3655,6839,6895,4485,3451,15.0272,-14.2703,8.60101,48.2013
6568,3207,3289,3253,3315,3389,3611,3862,3872,3730,4420,5743,5087,3835,5615,9625,6615,22.9591,9.60086,8.97118,48.312
6569,4038,6541,9636,5988,3910,4523,5436,4642,3341,3608,3827,3809,3241,3186,3292,3273,-25.6842,6.38947,8.83586,48.194
6570,4059,5282,7012,5078,3933,5267,7334,5014,3540,3955,4305,3988,3248,3366,3551,3411,-14.1844,5.59057,8.56029,48.2287
6571,3118,3212,3456,3278,3378,3824,3931,3647,3942,5030,6016,4586,4220,6403,8716,5287,21.144,4.4455,8.8108,48.0293
6572,3655,4949,9179,8035,3538,4140,5411,5383,3368,3594,3939,3911,3175,3238,3408,3362,-25.2043,13.2234,8.7235,48.19
6573,4245,3938,3288,3240,5762,5406,3959,3503,7271,6890,4161,3502,5002,4674,3745,3331,4.48273,-16.5057,8.85741,47.9447
6574,3413,3944,5932,12826,3324,3851,4861,6202,3257,3492,3835,3820,3209,3273,3363,3313,-26.6108,32.8664,8.87894,47.9433
6575,5553,8358,5634,3956,4819,6696,4925,3797,3815,4071,3790,3462,3306,3548,3334,3289,-18.892,-6.24488,8.84125,48.2353
6576,3381,4082,5641,8301,3437,3966,5711,8810,3184,3643,4115,4750,3083,3224,3538,3587,-13.9482,22.2251,8.88252,48.302
6577,3460,3966,6144,12522,3497,3764,4736,6057,3293,3413,3807,3827,3144,3235,3286,3371,-27.7407,33.203,8.82549,47.6813
6578,8034,9656,4978,3723,5187,5209,4206,3535,3828,3828,3637,3236,3407,3362,3113,3142,-30.5548,-12.6528,8.66718,48.054
6579,3304,3439,3263,3129,3644,4033,3897,3599,4683,6323,5200,3942,5233,8181,6129,4246,19.2091,-4.45613,8.80681,48.1633
6580,3408,3390,3184,3096,3910,3791,3535,3125,6175,4699,3768,3416,12419,6119,3750,3356,31.2103,-28.678,8.72411,47.4273
6581,3289,3318,3309,3280,3605,3822,3648,3614,4083,5412,5404,4157,4822,8219,7804,4600,22.5121,-0.537192,8.92332,48.2573
6582,6474,9920,5891,3874,4660,5173,4542,3834,3709,3772,3611,3541,3334,3327,3362,3143,-30.0932,-8.06943,8.55403,48.1113
6583,11126,5826,3832,3349,7486,4931,3853,3393,4249,3777,3510,3217,3405,3344,3151,3099,-20.4085,-28.4943,8.65932,47.6987
6584,4702,7664,7862,4683,4318,5270,5305,4228,3608,3853,3852,3589,3256,3403,3435,3270,-22.3937,0.395961,8.68943,48.1987
6585,3102,3243,3456,3461,3270,3619,3736,3855,3654,4251,5234,5190,3698,4942,9496,8023,27.8525,12.6227,8.65524,48.1533
6586,3626,4030,4454,4075,3822,5151,6871,4664,3830,5194,6586,4608,3532,3793,4264,3941,-0.526334,5.16608,8.77765,48.294
6587,6432,8546,5211,3745,5354,6511,4606,3715,3930,3983,3685,3369,3361,3443,3286,3175,-19.3408,-10.2759,8.99166,48.2347
6588,4336,4590,3819,3339,5496,7408,4578,3691,5223,6535,4396,3524,4059,4271,3686,3318,-1.97243,-10.0661,8.90957,48.1793
6589,3699,4248,5069,4265,3856,5323,7988,5057,3629,4452,5654,4443,3345,3602,3977,3721,-5.11402,6.19355,8.81225,48.2187
6590,2999,3237,3289,3472,3328,3602,3882,4140,3444,4075,5727,6578,3484,4405,7503,8937,20.156,17.7714,8.66134,48.068
6591,3372,3405,3215,3104,4028,3844,3500,3260,6287,5268,3915,3516,10095,7625,4424,3470,23.3443,-18.6539,8.80968,48.2187
6592,4634,4411,3628,3293,6953,6464,4084,3446,6358,6044,4117,3533,4324,4293,3619,3304,-0.968336,-15.9343,8.98302,48.3367
6593,3132,3345,3422,3439,3296,3605,4012,3982,3608,4147,5797,5973,3597,4704,8434,7945,20.6009,14.3018,8.91874,48.292
6594,3162,3498,3960,4568,3200,3720,4905,6991,3384,3834,5525,8608,3390,3655,4460,5404,3.31292,23.206,8.52699,48.176
6595,5601,9734,6656,4081,4555,5107,4666,3947,3556,3822,3592,3391,3280,3323,3321,3244,-31.352,-5.10394,8.95782,47.9173
6596,3168,3420,3997,4550,3267,3750,4942,7520,3258,3772,5111,8946,3327,3602,4405,5170,2.27158,27.0851,8.84397,48.1367
6597,8106,5180,3777,3338,9538,5295,3799,3374,5001,4128,3411,3392,3710,3675,3341,3066,-12.7095,-29.9392,8.82945,48.0873
6598,3843,3835,3431,3067,5688,4614,3584,3391,9199,6018,3785,3291,6395,4911,3781,3256,8.3004,-21.9662,8.70182,48.0593
6599,12296,6608,3943,3370,5991,4808,3819,3306,3853,3838,3494,3212,3378,3320,3213,3030,-30.9201,-24.1604,8.95827,47.6527
6600,9354,5471,3878,3486,8644,5125,3938,3317,4615,4016,3405,3303,3525,3467,3330,3064,-15.6232,-28.6152,8.55447,47.9587
6601,3110,3223,3549,3608,3275,3545,3940,4572,3558,3853,5316,8568,3330,3958,5612,9074,15.8879,25.4743,8.86369,48.0607
6602,4145,3875,3410,3162,6716,4714,3784,3427,9554,5133,3777,3386,5720,4478,3592,3328,4.95997,-31.5618,8.70336,48.134
6603,10533,7671,4369,3389,6079,5186,3946,3478,3944,3863,3412,3324,3459,3363,3315,3039,-24.4813,-19.3024,8.89162,48.2467
6604,4055,4921,5276,4197,4161,6274,7359,4537,3726,4614,4796,4012,3385,3656,3692,3519,-8.86813,1.9705,8.71988,48.12
6605,3473,3494,3313,3149,3804,3665,3376,3326,5956,4755,3640,3403,12693,5873,3779,3342,33.9125,-30.55,8.98031,47.3607
6606,3294,3467,3957,3876,3434,3822,5379,5212,3603,4389,7775,6752,3317,4009,5051,5126,6.00596,13.5871,8.92153,48.3087
6607,3310,4226,7618,10949,3413,3822,4995,5775,3254,3420,3818,3987,3172,3254,3419,3410,-31.8566,20.0378,8.64404,47.8947
6608,3023,3118,3538,3529,3228,3509,3936,4441,3334,3764,5239,7977,3383,3991,5925,10049,18.1677,25.0322,8.87162,47.9893
6609,3517,3544,3236,3231,4324,3889,3453,3300,7928,4996,3790,3237,10424,5806,3969,3203,18.5534,-27.4065,8.53131,47.898
6610,3127,3601,3902,4099,3324,3583,4500,6237,3365,3864,5233,9690,3303,3677,4584,5958,6.26968,27.9715,8.52246,48.0313
6611,3368,3336,3287,3021,3937,3832,3438,3212,6198,4783,3850,3369,12254,6626,3979,3412,29.2183,-24.1474,8.82405,47.9347
6612,3391,3675,3834,3669,3608,4315,5343,4487,3938,5411,8050,5215,3643,4240,5035,4471,6.3647,6.42416,8.71201,48.2167
6613,4374,5594,5241,4065,4600,7285,6417,4222,3910,4625,4430,3756,3450,3644,3535,3377,-10.0582,-2.4104,8.9401,48.35
6614,3270,3465,3822,3711,3476,4052,5162,4912,3670,4500,7738,6619,3475,4116,5385,5208,7.67934,13.0352,8.75151,48.3873
6615,5537,4402,3624,3233,9460,5089,3900,3308,7130,4679,3630,3307,4364,3906,3424,3197,-3.54304,-28.6089,8.90223,48.1267
6616,3676,3503,3313,3067,4954,4129,3543,3248,9331,5327,3741,3469,8154,5383,3834,3289,12.8115,-28.1949,8.87997,47.974
6617,3317,3338,3323,3053,4043,3828,3501,3212,6526,5109,3892,3510,10373,7339,4164,3478,22.7147,-20.2534,8.66395,48.004
6618,5368,5460,4083,3425,7125,7411,4383,3466,4888,4971,3828,3363,3770,3743,3463,3133,-8.6408,-14.7797,8.86317,47.92
6619,3394,3580,3325,3123,4108,4053,3443,3224,7318,4973,3848,3304,10957,5701,3853,3378,19.9666,-33.5826,8.68929,47.7213
6620,3233,3433,3601,3459,3568,3960,4771,4145,3718,5170,8058,5322,3694,4683,6425,5056,11.633,7.7432,8.91838,48.1973
6621,3670,3978,4434,4158,3801,5173,7233,5032,3740,4855,6384,4698,3588,3760,3997,3907,-1.88542,6.23854,8.81473,48.272
6622,4986,4170,3730,3321,8399,5310,3747,3433,7619,4905,3712,3331,4686,4145,3523,3220,-1.53245,-24.3755,8.5917,48.158
6623,3058,3205,3300,3321,3223,3470,3729,3957,3398,3811,4610,6139,3422,3890,5869,12577,28.0772,29.7823,8.67284,47.3193
6624,5752,4548,3590,3297,9494,5309,3716,3359,6533,4606,3616,3271,4037,3906,3402,3208,-5.38525,-26.5475,8.71972,47.7627
6625,3427,3702,4571,6194,3537,3762,5263,9810,3265,3541,4660,6288,3155,3386,3733,4084,-6.44191,27.3305,8.76558,48.252
6626,3078,3429,3715,3688,3337,3721,4572,5077,3383,4021,6336,8823,3371,3864,5383,6711,10.4547,19.8465,8.84219,48.3393
6627,3176,3394,3395,3304,3363,3757,3900,3866,3578,4260,6281,5794,3679,4840,8384,7261,19.8821,12.3423,8.73752,48.1547
6628,3351,3365,3214,3172,3782,3965,3672,3301,4849,5975,4443,3750,5924,9313,5956,4090,22.4418,-7.17749,8.91173,48.0813
6629,3286,3818,6119,12541,3356,3681,4711,6144,3408,3387,3739,3916,3144,3220,3360,3449,-28.5314,30.3304,8.55913,47.5193
6630,3598,3624,3510,3356,4090,4795,4297,3611,4924,8055,5587,3931,4626,5873,4920,3893,10.119,-5.16734,8.71139,48.46
6631,3134,3442,3577,3481,3383,3749,4442,4423,3645,4426,7257,6421,3624,4461,6725,6118,13.6553,12.9851,8.81327,48.2053
6632,11023,7373,4133,3410,5733,5055,3889,3476,3947,3779,3410,3299,3462,3402,3174,3079,-33.1477,-20.1596,8.60685,47.7627
6633,3225,3566,4280,5067,3314,3791,5148,8485,3232,3678,5055,7908,3284,3503,3988,4618,-1.34814,27.4008,8.62789,48.0947
6634,3025,3231,3286,3415,3252,3438,3694,3921,3508,3958,5113,5778,3519,4288,7635,10759,27.2507,19.7159,8.91564,47.88
6635,3335,3702,4681,5028,3419,4007,6146,7776,3275,3842,5295,6421,3112,3407,4151,4454,-2.93091,18.6481,8.61962,48.034
6636,9696,7034,4374,3529,6744,5582,4039,3309,4055,3863,3529,3178,3380,3288,3306,3084,-20.3156,-19.2771,8.87139,47.9933
6637,3212,3412,3585,3670,3236,3515,4214,5063,3432,3833,5733,9243,3390,3788,5299,7678,12.5236,24.2469,8.55842,48.202
6638,3360,3711,4865,6419,3356,3797,5731,9322,3330,3639,4568,5666,3140,3271,3777,3894,-8.38799,23.5471,8.65188,47.8973
6639,7490,5356,3923,3434,9026,5825,3986,3448,4967,4289,3529,3358,3719,3590,3313,3062,-11.9605,-22.2898,8.66235,48.21
6640,3431,3956,5455,8191,3262,3988,5507,8853,3351,3606,4126,4764,3110,3280,3623,3628,-13.7731,24.1598,8.68374,48.0873
6641,3996,5517,9183,6432,3703,4532,6124,5056,3438,3612,3897,3863,3156,3315,3400,3288,-21.619,8.63224,8.70664,48.3413
6642,5432,5026,3816,3474,7798,7042,4160,3519,5308,4935,3739,3418,3874,3752,3554,3274,-7.38571,-16.8527,8.64065,48.0807
6643,3882,3652,3226,3122,5641,4339,3654,3292,9818,5367,3835,3372,6822,4918,3814,3461,9.49246,-27.0165,8.83306,48.1433
6644,3438,3409,3220,3006,4172,3986,3425,3244,7987,5163,3816,3300,10512,5669,3877,3299,18.7381,-28.2757,8.91724,47.682
6645,3205,3175,3361,3402,3153,3484,3839,4170,3367,3680,4901,7069,3396,3913,5785,11548,21.7995,30.7468,8.57214,47.632
6646,3418,4338,8626,9987,3657,4020,5129,5440,3285,3470,3843,3832,3046,3313,3427,3338,-31.2926,17.0506,8.92415,48.1127
6647,3218,3233,3641,3663,3312,3598,4243,5064,3403,3803,5298,9704,3346,3847,4958,7599,11.2897,29.5438,8.56607,47.9533
6648,3326,3714,4061,4000,3445,4109,6202,5501,3551,4420,7282,6223,3476,3766,4638,4597,2.57145,12.3858,8.68808,48.2073
6649,3449,3440,3443,3201,3947,4278,3892,3565,4789,6787,5297,3958,5114,7659,5773,3935,16.5204,-4.89014,8.63545,48.3513
6650,3131,3239,3384,3340,3277,3472,3867,3818,3513,4083,5187,5377,3546,4585,8468,9409,30.2973,16.4028,8.57287,47.7973
6651,3186,3187,3366,3429,3137,3475,3815,3995,3367,3830,4816,6533,3384,3927,5928,12224,24.0654,30.7115,8.87016,47.7327
6652,5003,5641,4203,3570,6194,8238,4705,3668,4625,4928,3908,3539,3774,3811,3560,3318,-9.01888,-10.725,8.64353,48.4567
6653,3111,3179,3346,3427,3133,3512,3874,3993,3430,3932,5140,6273,3473,4378,7626,10123,23.6922,18.9066,8.88895,47.9667
6654,3351,3382,3204,3117,3981,3758,3458,3180,6060,4922,3870,3402,11350,7096,4270,3426,27.0732,-22.0295,8.55017,47.8847
6655,3371,3798,4931,5708,3433,4009,6477,8554,3316,3757,4905,5726,3211,3474,3775,4044,-6.86881,19.3126,8.6763,48.326
6656,3357,3531,4165,4875,3494,3776,4887,8383,3401,3703,4756,7972,3214,3538,4224,4554,-0.532793,31.8354,8.87381,47.8867
6657,4000,3714,3284,3097,5713,4378,3613,3360,9869,5400,3858,3408,6516,4857,3683,3261,8.51284,-26.0592,8.9005,48.0073
6658,4068,6540,8682,5415,3981,4970,5882,4649,3514,3915,3833,3591,3200,3347,3411,3342,-21.6244,4.59806,8.72347,48.2267
6659,6015,4585,3707,3381,9798,5285,3776,3356,6334,4517,3713,3365,4149,3843,3338,3150,-6.23025,-26.31,8.65102,48.208
6660,3264,3447,3294,3148,3829,3838,3548,3275,5187,5126,4108,3553,8319,9584,4837,3640,30.7122,-13.2245,8.9569,47.998
6661,3166,3161,3518,3559,3267,3592,4089,4582,3376,3794,5377,8744,3381,3886,5568,8854,15.0811,33.4854,8.67409,47.9427
6662,7466,5209,3836,3312,9814,5345,3803,3389,5063,4318,3559,3340,3737,3594,3237,3149,-11.5228,-33.541,8.81885,48.114
6663,3485,3468,3234,3277,4377,3963,3562,3151,8077,4826,3866,3393,10536,5609,3795,3241,17.9606,-28.1494,8.98229,47.9067
6664,3376,3364,3314,3140,3747,3712,3572,3355,4896,5672,4394,3616,6759,9719,5740,3928,24.4526,-9.37496,8.72884,48.2027
6665,3709,3735,3488,3255,4857,4752,3817,3324,7060,7519,4366,3553,5743,5559,4084,3498,9.33666,-14.3687,8.69582,48.2127
6666,3289,3643,4081,4154,3464,4063,5782,5965,3501,4148,6762,7080,3366,3698,4683,4843,2.7105,15.6379,8.95658,48.348
6667,3137,3232,3435,3379,3382,3681,3797,3849,3636,4227,5164,5168,3708,5071,9526,7509,31.4032,11.5516,8.61998,47.934
6668,6956,6162,4177,3517,7441,6586,4160,3505,4615,4322,3782,3351,3626,3576,3363,3174,-13.6141,-16.8269,8.64196,48.2087
6669,12203,6164,3987,3424,6379,4928,3855,3428,4040,3789,3338,3195,3333,3303,3223,3054,-26.0428,-27.7072,8.70869,47.762
6670,12791,5902,3822,3376,6180,4708,3799,3424,3947,3832,3509,3123,3389,3344,3139,3221,-26.9663,-29.6819,8.98666,47.6707
6671,3409,3319,3229,3043,3999,3870,3525,3306,6554,4838,3698,3393,12010,6009,3909,3308,25.0477,-28.9305,8.6099,47.6127
6672,3376,3480,3301,3054,3894,3825,3611,3456,5290,6012,4331,3551,7030,8927,5056,3733,21.5853,-10.9854,8.65883,47.9513
6673,3277,3706,3769,3548,3499,4240,4971,4200,3882,5580,8168,5179,3662,4579,5381,4594,8.28128,6.13848,8.99376,48.1567
6674,3384,3744,4069,4000,3587,4343,6356,5186,3662,4512,7388,5570,3500,3870,4568,4506,2.18444,10.3301,8.63368,48.1633
6675,3328,3332,3209,3199,4046,3675,3504,3218,6777,4941,3756,3400,12165,5989,3930,3372,22.8454,-33.1239,8.89917,47.894
6676,3192,3555,4050,4474,3370,3856,5027,7001,3360,3814,5735,8437,3308,3597,4389,5100,2.63927,21.5442,8.65189,48.1767
6677,3299,3896,5252,8362,3489,3844,5239,9244,3180,3517,4076,4882,3248,3230,3539,3696,-13.5476,28.7282,8.53292,47.9953
6678,6100,7525,4809,3584,5857,7033,4470,3660,4284,4278,3680,3332,3454,3501,3355,3283,-16.0902,-11.058,8.52886,48.1367
6679,3448,3719,3779,3447,3944,4580,4670,3892,4428,7119,6805,4414,4108,5204,5112,4111,8.70878,-0.654146,8.82187,48.52
6680,8520,7925,4605,3456,6196,5815,4061,3489,4084,3974,3602,3253,3369,3495,3323,3070,-20.4467,-15.8863,8.99559,48.158
6681,3810,5401,9932,6806,3770,4259,5318,4882,3317,3541,3856,3652,3208,3209,3307,3402,-29.5508,9.86006,8.98653,47.78
6682,3225,3221,3353,3430,3265,3492,3880,3887,3350,3857,5166,5779,3344,4130,7292,11242,31.2565,20.8045,8.78008,47.942
6683,3615,3849,3640,3467,4195,5092,4361,3602,5020,8199,5601,4046,4386,5322,4469,3834,7.82271,-5.38974,8.6452,48.4653
6684,3278,3462,3804,3915,3413,3875,5312,5353,3625,4273,7645,6929,3424,3917,5225,5050,6.23438,14.6012,8.91823,48.3333
6685,3639,3581,3241,3097,4698,4065,3542,3369,8752,5517,3949,3457,8596,5462,3970,3510,14.8,-24.3857,8.80674,48.2967
6686,3760,4304,4754,4169,4013,5763,7469,4841,3850,4751,5468,4323,3493,3732,3920,3619,-4.84554,4.03082,8.5981,48.1527
6687,3245,3376,3293,3350,3697,3906,3783,3613,4376,5613,5348,4106,5071,7723,7232,4553,21.0356,-1.47412,8.56611,48.19
6688,3803,4487,5396,4482,3869,5541,7957,5330,3599,4258,5034,4169,3322,3622,3797,3667,-7.94391,6.14891,8.65782,48.222
6689,3379,3410,3269,3043,3861,3883,3618,3268,5097,5700,4235,3750,7071,9297,5239,3851,23.1721,-10.6772,8.77353,47.9807
6690,3397,3585,4220,4269,3460,4085,6202,5938,3509,4218,6855,6599,3438,3584,4460,4638,1.90847,14.4713,8.62961,48.3047
6691,3524,4268,6055,5524,3519,4590,7974,6286,3569,3836,4645,4347,3111,3423,3611,3593,-11.1418,11.858,8.977,47.9167
6692,3165,3332,3639,3982,3391,3600,4481,5487,3394,3930,5838,9616,3252,3768,4864,6554,8.69135,23.5557,8.99187,48.1953
6693,3229,3323,3270,3241,3355,3604,3812,3706,3843,4604,5094,4660,3983,6241,9759,6079,30.6776,6.93905,8.78779,47.8687
6694,3463,3425,3189,3259,3825,3854,3555,3297,5402,5076,4083,3693,8816,9069,4699,3518,32.3967,-14.9806,8.83823,48.1487
6695,3288,3698,4539,5968,3463,3711,5231,9656,3353,3591,4529,6124,3103,3464,3786,4112,-6.47334,32.792,8.73467,47.744
6696,7269,9083,5068,3781,5380,5867,4255,3662,3969,3931,3570,3333,3417,3364,3300,3084,-22.2405,-11.7783,8.52416,48.222
6697,6784,7224,4563,3829,6270,6676,4289,3572,4183,4253,3633,3435,3410,3517,3320,3111,-16.2349,-13.236,8.54078,48.046
6698,3244,3564,3964,4299,3397,3785,5068,6575,3349,3933,6034,8233,3280,3644,4434,5176,3.37869,19.9086,8.71422,47.986
6699,3349,3474,3748,3748,3526,4048,5251,4676,3765,4860,8075,5971,3576,4198,5257,4911,7.35305,10.7163,8.76883,48.2887
6700,4124,4011,3584,3233,5988,5496,3801,3431,7462,6575,4163,3499,4923,4725,3726,3414,3.9437,-17.0653,8.55824,48.1033
6701,5122,4495,3757,3265,8615,5710,3861,3431,6870,5053,3802,3394,4378,4024,3500,3224,-3.48916,-22.0899,8.64924,48.334
6702,7627,5102,3886,3408,9438,5194,3760,3404,5116,4260,3697,3310,3689,3667,3329,3187,-11.3837,-32.5911,8.53913,48.0493
6703,3280,3328,3281,3163,3881,3840,3516,3332,5074,5291,4223,3619,7619,9700,5163,3611,27.3615,-11.3275,8.88603,47.9473
6704,4885,4105,3572,3213,8332,4899,3757,3386,8104,4921,3632,3304,4804,4078,3543,3225,-0.315541,-31.4382,8.76803,47.84
6705,3243,3317,3518,3615,3304,3473,4259,4916,3438,3838,5218,9594,3431,3742,5104,8136,12.7177,29.9772,8.59058,48.0973
6706,5584,9577,6742,4270,4519,5228,4561,3839,3671,3769,3657,3477,3269,3286,3123,3158,-28.4733,-4.5753,8.57522,47.82
6707,5352,4490,3642,3305,9164,5006,3835,3471,6895,4621,3633,3300,4183,3876,3515,3167,-3.70621,-33.1176,8.54206,47.6367
6708,4421,4909,3984,3625,5424,8014,5078,3679,4659,5708,4486,3653,3903,3871,3709,3304,-4.9565,-7.77453,8.86208,48.2847
6709,3401,3422,3453,3150,3675,4115,3897,3441,4612,6493,5208,3912,5244,8015,5833,4266,18.0446,-4.93683,8.79288,48.0913
6710,3235,3656,3985,4285,3343,3901,5433,6166,3364,3948,6400,7783,3253,3836,4594,5178,3.48017,18.5897,8.51449,48.24
6711,3097,3286,3466,3613,3428,3735,4253,4238,3596,4288,6926,6578,3614,4313,7116,6649,15.2089,14.0591,8.93063,48.1307
6712,4027,4401,4345,3604,4377,6831,5743,4050,4164,6108,5186,3946,3882,4044,3931,3564,-1.96734,-2.66479,8.85468,48.1353
6713,3196,3645,3847,3872,3476,3969,5134,4432,3677,4876,8192,5939,3620,4193,5503,4906,7.93281,9.99792,8.69516,48.318
6714,3373,3392,3191,3076,3931,3840,3408,3138,6008,4950,3969,3424,10542,7832,4279,3418,27.1365,-18.9955,8.56194,47.8473
6715,3457,3738,4012,3697,3743,4740,5827,4476,3902,5506,7647,4888,3697,4287,4752,4242,4.00403,4.99491,8.6232,48.4073
6716,3320,3655,4414,5298,3459,3818,5210,9187,3345,3733,4681,7013,3280,3576,3937,4206,-3.65547,33.9099,8.72275,48.088
6717,3165,3601,4309,5215,3383,3694,5274,9082,3319,3684,4688,7268,3180,3454,3932,4433,-2.94827,25.8527,8.99454,47.7873
6718,3335,3357,3322,3144,4117,3907,3410,3246,7257,4919,3895,3412,11337,5879,3883,3504,21.196,-33.3871,8.74762,47.9493
6719,3192,3172,3372,3323,3186,3395,3844,4003,3334,3747,4963,6891,3343,3906,6074,11733,22.4641,28.4379,8.86501,47.652
6720,3865,3704,3599,3320,4848,5834,4310,3542,5415,8043,5005,3678,4502,4769,4129,3627,4.70308,-8.44498,8.93249,48.1267
6721,3405,3877,5919,10799,3393,3821,5204,7596,3305,3436,3932,4307,3050,3156,3471,3448,-19.5962,25.7378,8.84886,48.0793
6722,11260,7074,4179,3412,6170,5084,3941,3395,3965,3821,3540,3201,3491,3306,3210,2989,-25.3358,-21.1537,8.77392,48.0253
6723,3320,3399,3430,3467,3477,3828,4159,3867,3826,5256,7175,4955,4006,5495,7206,5206,15.6385,5.58663,8.81781,48.048
6724,4394,5247,4469,3725,5031,8030,5472,3912,4189,5372,4399,3593,3593,3833,3565,3382,-6.61316,-5.8175,8.85908,48.1373
6725,3180,3224,3409,3375,3122,3436,3840,4124,3344,3858,4979,7304,3368,3943,5760,11236,21.0614,32.6745,8.65861,47.668
6726,3222,3298,3329,3195,3677,3724,3756,3608,4080,4869,5081,4214,4671,7945,8666,4887,29.6282,0.982171,8.81895,48.148
6727,3121,3149,3505,3440,3202,3421,3899,3896,3339,3820,4977,6251,3334,4031,6837,11721,26.221,23.1043,8.63727,47.962
6728,3482,3711,3881,3758,3631,4386,5509,4436,3915,5412,7700,5004,3712,4400,4916,4346,5.56821,5.50383,8.6794,48.1327
6729,3331,3995,6048,11954,3332,3821,4871,6638,3280,3339,3824,4066,3020,3218,3355,3413,-24.4145,28.6592,8.51078,47.67
6730,3791,4885,8731,7693,3535,4268,5820,5490,3309,3586,3924,3957,3126,3274,3390,3328,-21.8009,13.2479,8.66386,48.0713
6731,4863,8414,8076,4754,4212,5013,5015,4227,3490,3814,3831,3588,3205,3353,3266,3206,-27.5206,-0.443863,8.6225,48.218
6732,3729,3677,3510,3301,4318,4929,4114,3564,5563,8184,5236,3707,4709,5638,4516,3795,8.80513,-7.64646,8.85155,48.3267
6733,3136,3251,3391,3501,3265,3418,3922,4155,3538,3990,5389,6942,3403,4185,6677,9811,20.1035,20.3003,8.74024,47.9827
6734,3671,3362,3284,2983,4601,3987,3478,3277,8515,5173,3739,3370,9710,5648,3903,3334,16.7129,-26.5063,8.82041,48.0233
6735,5549,5985,4220,3675,6493,7661,4441,3589,4544,4667,3824,3401,3676,3711,3467,3217,-10.844,-12.3173,8.61309,48.08
6736,4305,4094,3673,3342,6378,5814,4054,3359,7105,6444,4039,3471,4618,4483,3682,3381,1.70482,-16.991,8.93564,48.1613
6737,3896,5705,9916,6786,3615,4362,5420,4835,3283,3774,3796,3679,3148,3210,3244,3248,-26.6463,9.10849,8.94202,47.9447
6738,3228,3710,4694,5779,3316,3859,5580,9534,3314,3632,4628,6234,3164,3419,3841,4146,-6.25064,24.291,8.90625,48.052
6739,10228,8079,4285,3527,5750,5183,4038,3403,3998,3847,3432,3193,3326,3422,3161,3146,-29.1838,-18.2381,8.63338,48.012
6740,3047,3216,3473,3637,3219,3373,4037,4630,3317,3760,5231,9045,3371,3874,5426,9049,15.1471,27.2788,8.79042,47.8033
6741,3368,3499,3226,3084,3979,3932,3601,3160,6041,5198,3884,3376,10181,7610,4242,3553,24.161,-19.1574,8.61996,47.956
6742,3359,3303,3265,3127,3836,3883,3583,3271,5357,5732,4319,3684,7517,9281,5053,3767,22.8116,-11.7589,8.86314,48.2247
6743,2957,3269,3424,3421,3158,3552,3948,4423,3415,3774,5083,8108,3326,3987,5754,10225,18.386,27.498,8.92913,47.8827
6744,3176,3542,4061,4148,3311,3660,4696,6892,3436,3861,5420,9290,3201,3637,4533,5382,4.22756,25.3056,8.73617,48.164
6745,3396,3448,3153,3186,4045,3848,3490,3172,7151,4891,3789,3387,11595,5805,3803,3455,21.299,-30.4571,8.86737,47.7427
6746,3480,3917,4745,4646,3610,4455,7607,6066,3486,4093,5889,5341,3401,3623,4050,3946,-3.77838,11.846,8.70073,48.2367
6747,3376,3592,3699,3498,3890,4436,4675,3971,4391,6774,7162,4477,4098,5133,5269,4175,9.44918,0.963251,8.59765,48.4107
6748,3130,3426,3680,4087,3399,3662,4527,6332,3393,3823,5386,9974,3311,3684,4708,6158,6.87057,26.8237,8.98036,48.4533
6749,10323,8198,4337,3482,5613,4998,3894,3406,3849,3817,3540,3296,3354,3382,3201,3091,-28.1582,-18.2188,8.94975,47.854
6750,3912,5021,5665,4468,3999,5955,7679,4717,3698,4242,4637,4059,3453,3542,3584,3494,-10.1453,3.91483,8.72641,48.0833
6751,4767,4140,3536,3241,8300,5046,3762,3401,8112,5056,3697,3253,4834,4149,3516,3249,-0.367231,-25.5982,8.84266,48.0393
6752,3173,3191,3325,3435,3376,3662,3864,3845,3498,4119,5422,5058,3682,5235,9412,7763,29.5527,11.9459,8.7486,48.04
6753,3169,3598,4122,4213,3314,3856,5209,6751,3429,3894,6098,8143,3336,3678,4431,5128,3.10722,19.8297,8.94157,48.246
6754,7116,9661,5274,3748,4974,5194,4259,3553,3651,3702,3585,3352,3332,3490,3357,3165,-32.6968,-10.2768,8.64838,47.6087
6755,3374,3378,3318,3197,3699,3992,3850,3598,4594,6114,5276,4119,5053,8063,6199,4300,19.1023,-3.8626,8.66934,48.0827
6756,3305,3591,3977,4210,3359,3868,5406,5885,3451,4041,6726,7586,3446,3792,4673,5115,4.54765,17.012,8.66548,48.2873
6757,7211,10186,5276,3700,4915,5190,4180,3603,3770,3846,3586,3352,3439,3341,3323,3165,-31.6103,-10.2636,8.89307,48.0553
6758,3405,4017,6384,11890,3320,3866,4859,6383,3195,3355,3758,4058,3055,3208,3380,3468,-25.587,25.1917,8.50047,47.734
6759,3079,3319,3596,3671,3242,3702,4357,4587,3482,4250,6789,7413,3590,4179,6112,6924,13.3175,16.8868,8.79059,48.1947
6760,3370,3833,5490,9997,3344,3758,5137,8359,3268,3501,4070,4454,3087,3334,3465,3493,-17.3564,30.3459,8.96648,47.9733
6761,10557,7532,4252,3430,5683,4921,3944,3415,3856,3756,3478,3306,3467,3432,3194,3091,-32.4525,-19.272,8.76255,47.5427
6762,3675,3677,3389,3143,4913,4227,3614,3220,8616,5978,3991,3472,7478,5651,3933,3287,13.1056,-20.7989,8.93818,48.176
6763,3249,3372,3619,3587,3439,3855,4801,4316,3701,4708,7873,5952,3558,4415,6097,5470,11.0913,10.6426,8.55795,48.008
6764,3892,5746,9343,6167,3852,4573,5992,4736,3400,3784,3924,3834,3168,3333,3385,3336,-22.062,7.54949,8.94444,48.31
6765,3189,3289,3536,3606,3179,3417,4005,4536,3466,3831,5052,8863,3355,3907,5381,9121,14.8164,31.1606,8.99903,47.822
6766,5165,9006,7464,4362,4411,4978,4858,3977,3596,3806,3727,3439,3208,3232,3276,3244,-30.3171,-2.65506,8.896,47.8327
6767,3416,3373,3257,3022,3793,3755,3657,3404,5188,5234,4203,3628,8042,9337,5001,3682,27.6046,-12.8269,8.57179,47.9947
6768,3665,4283,5891,5649,3648,4482,7798,6613,3322,3789,4770,4477,3157,3521,3661,3723,-10.8084,12.4674,8.69719,48.2993
6769,2982,3335,3475,3481,3351,3685,4191,4356,3544,4262,6312,6927,3533,4283,6692,7549,15.9598,16.5831,8.58141,47.972
6770,3142,3365,3697,3862,3195,3497,4314,5623,3312,3755,5400,9858,3361,3726,4784,6963,9.63379,27.6625,8.53062,47.9027
6771,3141,3302,3315,3499,3226,3508,3857,4088,3380,3770,4953,6964,3284,3942,5990,11696,22.9358,28.2382,8.51877,47.9433
6772,3478,3431,3366,3269,4144,4483,3815,3396,6160,7717,4479,3599,5944,6850,4640,3661,13.4527,-11.6865,8.93697,48.288
6773,5314,5998,4416,3468,6230,7948,4670,3646,4368,4721,3844,3548,3602,3633,3503,3303,-10.8095,-11.4591,8.76666,48.1413
6774,3505,4493,8204,9127,3562,4138,5349,5864,3309,3452,3888,4002,3153,3316,3436,3450,-23.2686,16.6265,8.63665,48.1653
6775,3554,4286,7160,7873,3474,4154,6119,6557,3386,3672,4104,4207,3132,3384,3450,3555,-18.0627,16.428,8.62558,48.0447
6776,5921,7533,4780,3727,5511,7276,4661,3749,4065,4208,3763,3442,3515,3502,3369,3201,-15.6957,-10.1249,8.89717,48.1487
6777,3102,3314,3369,3296,3394,3636,3788,3623,3903,4741,5697,4611,4265,6352,9348,5619,23.925,5.18434,8.56005,48.0387
6778,3232,3403,3560,3626,3418,3812,4473,4420,3686,4404,7669,6388,3552,4379,6435,5792,12.4697,12.2537,8.68573,48.166
6779,3947,5510,7835,5453,3832,5130,6726,5008,3497,3936,4171,3802,3245,3320,3435,3319,-17.1389,6.53747,8.54393,48.1107
6780,9177,5349,3832,3386,8801,5242,3772,3452,4505,4028,3554,3288,3616,3491,3285,3106,-15.2912,-29.0185,8.97726,47.9227
6781,3190,3333,3559,3713,3301,3778,4439,4532,3617,4204,6960,7526,3357,4111,6015,6438,12.0872,16.1226,8.75533,48.0487
6782,3440,3982,5700,8815,3450,3780,5603,8534,3273,3517,4072,4602,3196,3214,3580,3584,-15.2603,23.6338,8.81129,48.228
6783,3494,3958,5998,12637,3310,3768,4822,6037,3225,3398,3794,3888,3136,3256,3288,3239,-28.8516,32.4516,8.83111,47.4987
6784,3298,3864,5063,5931,3436,4051,6269,8599,3216,3657,4692,5616,3212,3507,3858,3997,-7.55642,19.6143,8.73187,48.1773
6785,3191,3395,3359,3268,3500,3828,3973,3631,4067,5215,6014,4587,4229,6594,8185,5145,20.0387,3.45954,8.66637,48.1207
6786,3471,3643,3438,3222,4256,4499,3823,3556,6057,7691,4610,3613,5697,6702,4535,3684,13.1391,-11.3463,8.80061,48.3313
6787,5908,8116,5170,3774,5381,6673,4743,3653,3907,4139,3691,3482,3353,3420,3390,3244,-17.5653,-9.01258,8.62172,48.0293
6788,3313,3969,5696,8825,3396,3887,5517,8478,3254,3659,4158,4608,3081,3200,3541,3585,-15.8275,23.9873,8.63173,48.1113
6789,3282,3429,3254,3329,3727,3914,3793,3563,4466,5761,5255,4069,5086,8421,6803,4319,21.542,-2.89431,8.63264,48.314
6790,3306,3394,3416,3252,3488,3723,3697,3493,4173,4813,5020,4282,4619,7890,8526,4906,28.0847,0.893773,8.74661,47.9987
6791,4102,4217,3758,3286,5680,6079,4095,3467,6493,6949,4318,3530,4566,4703,3870,3427,2.479,-13.6386,8.50426,48.36
6792,3283,3669,4232,4139,3562,4271,6378,5454,3505,4474,7301,5727,3533,3871,4570,4427,1.6321,11.3634,8.65201,48.264
6793,3805,4540,5619,4516,3760,5453,8133,5368,3664,4165,5119,4236,3259,3470,3716,3594,-8.78145,6.4591,8.75091,48.278
6794,12028,5993,3885,3390,6721,4866,3736,3367,3980,3881,3527,3197,3361,3385,3161,3184,-23.1116,-29.1633,8.9491,47.7747
6795,3371,3625,4299,5081,3288,3740,5532,8567,3306,3837,5159,7162,3353,3653,3927,4382,-2.32909,22.7904,8.96958,48.188
6796,3405,3884,4912,4823,3495,4460,7467,6596,3505,4085,5743,5251,3219,3591,3988,3969,-4.80344,13.5616,8.67382,48.262
6797,3311,4001,6263,12614,3319,3752,4715,6120,3171,3447,3838,3954,3215,3252,3394,3487,-28.5072,27.7916,8.98998,47.902
6798,3610,4035,4619,4197,3753,5022,7481,5005,3696,4617,6320,4623,3415,3848,4039,3929,-2.29719,7.01223,8.93851,48.1393
6799,3272,3373,3899,4266,3390,3612,4667,6733,3320,3730,5069,9515,3342,3633,4440,5477,4.25617,33.3447,8.98214,47.8253
6800,3426,3399,3395,3140,3977,4253,3710,3397,5822,6741,4535,3679,6469,7755,4721,3698,17.1363,-11.1192,8.76053,48.078
6801,3301,3512,3495,3414,3535,3927,3971,3728,4092,5684,6465,4588,4308,6175,7269,4815,16.7731,2.67578,8.68209,48.186
6802,3068,3268,3344,3417,3181,3485,3804,3945,3540,3936,5229,5705,3473,4372,7934,10404,27.3725,18.4928,8.5862,48.07
6803,5009,4467,3728,3311,7978,6195,4044,3480,6603,5290,3773,3354,4196,4038,3487,3161,-3.39932,-19.2152,8.95213,48.076
6804,4061,6104,8698,5496,3915,4945,6307,4715,3525,3744,3914,3744,3215,3456,3317,3316,-20.514,5.34012,8.63218,48.3147
6805,3080,3215,3377,3406,3347,3689,3862,3716,3689,4538,5913,5052,3851,5500,9304,6603,22.3542,9.25602,8.91795,48.0947
6806,3410,3330,3318,3142,3930,3744,3500,3332,5352,5124,4017,3470,9246,8593,4552,3618,31.6542,-15.7927,8.82348,47.7853
6807,7966,8549,4807,3617,5716,5796,4222,3579,4044,3855,3669,3327,3312,3421,3367,3015,-22.0385,-14.0311,8.50832,48.1747
6808,3114,3512,3837,3871,3312,3843,5058,5317,3512,4154,7139,7601,3467,3928,5083,5582,7.30092,15.8252,8.86759,48.22
6809,3513,3956,5372,8596,3398,3772,5218,9001,3216,3566,4180,4605,3165,3220,3535,3563,-14.2364,33.8032,8.75834,47.9173
6810,3109,3181,3444,3267,3213,3477,3807,3915,3480,3992,5295,5703,3504,4480,8317,9756,25.614,17.2622,8.84425,47.96
6811,3333,3952,5814,11263,3369,3833,4771,7316,3187,3511,3803,4279,3145,3298,3367,3410,-20.9672,31.9234,8.69326,47.7673
6812,3533,3519,3414,3218,4222,4564,3832,3486,5614,8210,4834,3747,5274,6417,4585,3681,11.6359,-9.14626,8.8693,48.1
6813,3134,3278,3290,3290,3384,3677,3753,3748,3734,4423,5204,4786,3861,5991,9815,6448,28.0994,7.93532,8.57726,47.8773
6814,3673,3819,3569,3245,4475,5116,4036,3579,5822,8206,4892,3753,4891,5509,4373,3511,7.69586,-9.73869,8.85412,48.3127
6815,9720,7318,4128,3544,6473,5507,3992,3507,4198,4025,3456,3285,3367,3430,3253,3129,-20.9334,-19.0829,8.79715,48.2213
6816,3220,3742,4265,4378,3444,4113,6077,6168,3455,4204,6656,6447,3341,3727,4396,4526,0.767663,14.7989,8.95956,48.106
6817,3508,3963,5821,9064,3465,3921,5498,8305,3232,3403,4234,4627,3130,3319,3535,3539,-16.0614,23.6825,8.59927,48.376
6818,6831,4899,3749,3206,9933,5528,3639,3359,5788,4299,3654,3115,3857,3767,3425,3153,-8.87838,-26.4421,8.92451,48.1347
6819,3471,4116,6254,8579,3372,4077,5824,7620,3214,3537,4019,4633,3126,3209,3570,3602,-16.3319,20.3907,8.58184,48.1487
6820,8858,5466,3908,3378,8952,5274,3766,3312,4791,4023,3584,3156,3661,3621,3349,3197,-14.6484,-27.5157,8.82868,48.1973
6821,3340,3516,3660,3658,3556,4027,4966,4276,3819,5231,8070,5213,3702,4571,5907,4893,9.68492,7.35473,8.51537,48.27
6822,3385,3539,3487,3345,3836,4468,4114,3636,4639,7315,5945,4105,4562,6393,5453,4117,12.9706,-3.01711,8.89518,48.226
6823,4020,5120,5124,4290,4198,6833,6899,4470,3791,4533,4633,3896,3444,3749,3662,3437,-8.76465,0.86489,8.54258,48.066
6824,3231,3234,3400,3380,3397,3595,3907,3759,3833,4446,5950,4909,4023,5879,9484,6198,22.7869,7.40319,8.72277,48.4167
6825,3388,3359,3385,3014,4211,3823,3545,3291,6832,4800,3793,3270,11477,6072,4006,3353,22.6804,-28.6923,8.55767,47.746
6826,3300,3445,3581,3368,3558,4007,4382,3791,4047,5693,7233,4809,3911,5486,6929,4787,14.3274,4.45538,8.83212,48.218
6827,3500,3368,3289,3125,4428,3801,3415,3250,7908,4954,3748,3452,10524,5586,3810,3443,18.3379,-29.2062,8.88334,47.734
6828,3378,3497,3341,3118,3827,3930,3514,3367,5101,5841,4443,3762,6542,9460,5514,3782,22.5074,-9.33995,8.8254,48.278
6829,3609,3810,3827,3716,3940,4929,5760,4192,4098,6093,7347,4634,3740,4454,4750,4083,4.20366,2.8723,8.95854,48.6547
6830,5765,8909,5945,4021,4838,6145,4829,3836,3695,3914,3773,3425,3276,3434,3388,3137,-20.3475,-6.36063,8.96005,48.22
6831,12154,6566,3979,3391,5985,4869,3845,3358,3918,3776,3421,3248,3371,3253,3272,3003,-28.8877,-23.9968,8.77805,47.606
6832,3184,3112,3451,3381,3243,3435,3862,4073,3436,3697,4932,7129,3441,3995,5907,11568,21.9907,28.6108,8.53886,47.8973
6833,3312,3307,3321,3230,3891,3673,3303,3212,6546,4939,4006,3271,12170,6042,3940,3431,23.9271,-32.9695,8.80679,47.7293
6834,3314,3514,3542,3442,3616,4165,4332,3739,4215,6154,6767,4460,4300,5958,6402,4653,14.1022,1.53303,8.51361,48.382
6835,5607,6673,4486,3610,5933,7924,4766,3698,4159,4595,3786,3554,3446,3632,3462,3063,-12.7025,-10.3686,8.98398,48.2627
6836,3311,3730,4367,4485,3493,4072,6323,6474,3466,3973,6338,6450,3423,3720,4290,4468,-0.0465963,15.9591,8.62743,48.2553
6837,3342,3468,3619,3477,3448,3957,4296,4102,3888,5340,7704,5234,3830,5034,6630,5077,13.4681,7.00606,8.6986,48.2973
6838,3335,3840,5067,7585,3313,3909,5379,9581,3411,3649,4127,5095,3074,3350,3564,3708,-11.7668,27.057,8.70737,47.9913
6839,3149,3634,4164,4716,3252,3768,5316,7452,3355,3930,5374,7932,3211,3639,4440,4833,0.693151,21.7944,8.54638,48.11
6840,7650,8090,4489,3636,6034,6260,4142,3509,4057,4073,3659,3300,3368,3514,3284,3075,-18.9443,-14.2614,8.8799,48.0933
6841,4084,4062,3555,3238,5364,5406,3996,3486,7032,7044,4244,3485,4945,4993,3866,3424,4.9185,-15.1179,8.53244,48.1493
6842,3112,3318,3633,3797,3209,3552,4235,4788,3284,3972,5963,8483,3433,3942,5623,7802,13.5962,21.8347,8.58901,48.0973
6843,3253,3399,3558,3546,3540,3854,4582,4256,3776,4940,7749,5906,3642,4641,6455,5581,12.7519,10.4286,8.5899,48.452
6844,10549,7499,4195,3546,5959,5144,4075,3442,3983,3874,3425,3228,3409,3388,3098,3035,-25.6045,-19.3703,8.61189,47.8993
6845,3177,3528,4041,4597,3339,3724,4728,7967,3251,3736,4937,8776,3339,3624,4201,4916,1.41055,31.4368,8.97892,47.9207
6846,3554,4289,7679,10099,3323,3936,5303,6009,3219,3498,3846,4003,3174,3221,3391,3378,-24.3971,18.276,8.72999,47.948
6847,3539,3686,3619,3442,3899,4750,4844,3865,4449,6884,7044,4359,4081,4943,4958,4114,7.63901,-0.249285,8.99575,48.3173
6848,11487,5781,3965,3450,6910,5049,3936,3346,4080,3960,3418,3194,3417,3342,3175,3169,-21.5769,-32.6497,8.52791,47.786
6849,3431,3882,6225,12545,3313,3847,4686,6153,3208,3438,3714,3912,3132,3207,3392,3381,-29.5597,28.1724,8.62069,47.644
6850,5719,8496,5692,4051,4796,6345,4928,3934,3795,3979,3799,3354,3395,3424,3377,3247,-19.4347,-6.15501,8.83915,48.2207
6851,3755,4585,5996,4722,3905,5394,7951,5223,3546,4081,4760,4217,3282,3506,3690,3601,-9.96067,6.79991,8.5468,48.1427
6852,7499,5675,3986,3460,8463,6043,4062,3423,4774,4208,3653,3296,3767,3532,3250,3053,-13.0505,-20.3921,8.74771,48.096
6853,3344,3583,3639,3426,3578,4305,4453,3862,4168,6266,7529,4527,3931,5228,5924,4408,11.2595,2.52262,8.95413,48.114
6854,3395,3404,3302,3153,3955,3819,3483,3086,6013,4699,3666,3347,12997,5830,3796,3304,33.0091,-29.95,8.88013,47.4993
6855,3306,3894,6040,12073,3362,3708,4843,6865,3271,3412,3815,3976,3097,3219,3475,3443,-23.4209,29.2236,8.74953,47.866
6856,3460,4074,6413,9735,3432,3938,5292,7377,3139,3509,4082,4272,3104,3250,3481,3599,-18.5649,21.5917,8.63238,48.1047
6857,3416,4170,7291,11532,3370,3801,5025,5914,3164,3479,3768,3908,3086,3211,3213,3504,-27.2201,21.2143,8.67351,47.9013
6858,3490,4188,6984,8598,3478,4114,6079,6981,3275,3607,3974,4182,3077,3282,3525,3565,-18.446,18.0913,8.53898,48.266
6859,3371,3320,3316,3191,3807,3830,3626,3371,5133,5678,4174,3470,7387,9473,5176,3705,24.1056,-11.2616,8.91502,48.0187
6860,3539,3507,3203,3049,4406,3996,3422,3233,8124,4997,3879,3384,10133,5600,3899,3410,18.1535,-30.5429,8.57284,47.854
6861,3521,4107,4934,4548,3742,4708,7912,5773,3614,4236,5778,4908,3278,3591,3920,3901,-4.94769,10.0503,8.84857,48.314
6862,3425,3864,5184,8458,3280,3930,5180,9265,3217,3582,4171,4791,3128,3311,3627,3619,-13.6525,30.5944,8.89533,48.0213
6863,5762,9808,6789,4117,4449,5254,4552,3811,3536,3813,3600,3391,3348,3284,3248,3168,-28.9972,-4.87664,8.97681,47.9533
6864,6066,8697,5817,3956,4873,6105,4675,3812,3795,4048,3696,3442,3409,3392,3324,3162,-20.5979,-7.45816,8.50533,48.1793
6865,7883,5127,3922,3422,9178,5255,3881,3408,4960,4147,3591,3286,3694,3535,3311,3294,-12.6932,-32.0382,8.55615,47.9293
6866,3357,4025,6014,12022,3444,3801,4833,6548,3312,3421,3776,3953,3094,3274,3318,3449,-23.7766,31.4176,8.80149,47.7607
6867,3425,3981,6399,10963,3378,3709,5038,7162,3229,3494,3938,4190,3160,3102,3313,3336,-21.3321,24.0229,8.97823,47.878
6868,3724,4512,5028,4192,4112,5936,7658,4701,3746,4728,5325,4137,3425,3698,3847,3581,-6.10366,3.95619,8.71024,48.2333
6869,3149,3205,3406,3396,3163,3400,3835,3919,3338,3857,4873,6163,3412,3903,6292,12618,28.8062,25.8601,8.62186,47.9527
6870,3557,4577,8389,8281,3417,4149,5750,5801,3269,3569,3950,3995,3164,3246,3377,3398,-21.6247,14.9144,8.98395,47.926
6871,3121,3201,3330,3408,3284,3446,3831,4198,3419,3882,4857,6915,3523,3913,6151,11598,22.037,26.0254,8.92685,48.0513
6872,3459,3338,3239,3078,3934,3732,3556,3351,5607,5153,4044,3478,9668,8286,4505,3565,28.5656,-16.8502,8.54508,47.9953
6873,3172,3288,3399,3439,3267,3510,3865,3801,3462,4013,5193,5557,3490,4550,8324,9761,27.9981,16.7158,8.78252,48.0607
6874,3314,3389,3363,3150,3901,3790,3582,3340,5199,5197,4196,3551,7800,9499,4940,3728,31.9472,-12.5617,8.57743,47.9593
6875,8213,9086,4767,3579,5324,5274,4101,3575,3874,3815,3566,3284,3340,3460,3306,3171,-33.0245,-13.8232,8.68892,47.8233
6876,4946,8831,7659,4588,4283,5098,4897,4065,3566,3738,3650,3476,3276,3406,3352,3249,-26.6586,-1.44386,8.777,48.0533
6877,3247,3581,4176,4341,3456,3880,5608,6311,3488,3990,6306,7529,3374,3727,4497,5104,2.79548,18.222,8.74708,48.41
6878,3397,3916,5968,12609,3339,3767,4806,5989,3299,3420,3724,3825,3189,3272,3419,3398,-27.9227,33.2805,8.79948,47.558
6879,3509,4421,7809,9943,3490,4034,5311,6076,3210,3584,3806,3881,3142,3227,3371,3457,-23.7752,18.131,8.62877,48.1807
6880,3390,3517,3159,3082,4005,3824,3577,3208,6101,4802,3872,3222,12581,6096,3867,3326,30.4855,-28.2757,8.6596,47.7527
6881,3364,4107,6974,11771,3383,3885,4854,6117,3356,3516,3822,3952,3131,3215,3296,3472,-27.5577,22.4764,8.92697,48.1433
6882,10983,6686,4141,3507,6661,5123,4010,3403,4131,3881,3364,3251,3420,3334,3265,3102,-23.0605,-22.3719,8.68538,48.1747
6883,3217,3377,3371,3394,3464,4076,3939,3537,4278,5748,5613,4170,4660,7660,7206,4555,19.5269,-0.885533,8.89399,48.1767
6884,3347,3333,3339,3149,3809,3742,3404,3297,6212,4800,3745,3375,12994,5941,3887,3249,27.3561,-30.8379,8.99011,47.7487
6885,3579,3580,3339,3176,4222,4498,3786,3502,5853,7801,4759,3715,5759,6581,4468,3647,13.0057,-10.2249,8.68909,48.1767
6886,4739,4161,3589,3293,8391,5219,3711,3295,7915,5035,3772,3290,4814,4200,3582,3150,-0.687745,-24.4021,8.79513,48.104
6887,3792,4266,4090,3608,4437,6539,5318,3884,4492,6683,5555,3847,3819,4232,4001,3571,0.374266,-3.18808,8.87111,48.0893
6888,3358,3800,4920,7358,3366,3861,5227,9744,3216,3661,4386,5256,3268,3384,3586,3812,-10.9635,30.0455,8.68095,48.1353
6889,10147,7719,4241,3600,6125,5306,3922,3324,4034,3861,3543,3337,3362,3366,3140,3137,-23.904,-18.7384,8.74505,48.1093
6890,3215,3544,4127,4608,3377,3836,4947,7957,3334,3859,4909,8498,3287,3610,4271,4814,1.02938,32.4654,8.77563,48.1287
6891,3328,3639,4529,5558,3391,3737,5227,9658,3240,3664,4542,6810,3202,3477,4018,4206,-4.83889,27.8928,8.85931,48.1507
6892,3367,3327,3313,3120,4062,3819,3444,3257,6966,4855,3811,3358,11710,5902,3959,3426,22.6114,-32.3442,8.63379,47.7973
6893,6088,7827,5084,3753,5265,6881,4762,3789,4035,4211,3634,3424,3526,3532,3378,3262,-16.8983,-8.90227,8.67498,48.3007
6894,3522,4128,6563,8354,3479,3890,6053,7348,3367,3577,4092,4324,3074,3325,3454,3550,-16.5893,18.6377,8.91531,48.0667
6895,3102,3480,3669,3936,3311,3647,4389,5707,3307,3837,5200,10002,3276,3748,4795,6488,8.6517,31.6319,8.68491,47.9293
6896,3092,3207,3453,3534,3139,3585,3913,4149,3331,3868,5034,6490,3562,4051,6901,10823,22.4643,21.2208,8.76422,48.088
6897,3519,4462,7871,9179,3503,4064,5659,6101,3361,3509,3976,3960,3135,3260,3449,3480,-21.9242,17.1733,8.61911,48.3253
6898,4349,3885,3508,3128,7157,4596,3733,3396,9239,5099,3916,3326,5323,4439,3628,3259,3.54296,-30.3167,8.62118,47.9873
6899,3568,3430,3329,3140,4233,4176,3545,3325,6666,6259,4237,3458,7843,7188,4386,3523,17.4469,-15.6438,8.61918,48.204
6900,4400,5565,5302,4275,4376,7066,6610,4234,3991,4582,4343,3770,3473,3644,3565,3358,-11.026,-0.972606,8.51356,48.3693
6901,3403,3762,4868,7010,3349,3932,5426,9913,3205,3507,4388,5536,3159,3356,3707,3836,-9.55608,27.4358,8.9166,48.238
6902,4157,5340,5724,4317,4330,6413,7169,4641,3678,4383,4509,3803,3410,3621,3650,3385,-10.5864,1.51417,8.64667,48.3533
6903,3096,3254,3261,3298,3245,3441,3908,3843,3601,4319,5307,5024,3606,5081,9919,7591,33.8344,11.3438,8.94649,47.8627
6904,3331,3415,3323,3119,3849,4046,3757,3548,4896,6494,4923,3880,5566,8308,5806,4000,18.9521,-6.1501,8.79104,48.174
6905,3866,3731,3458,3304,5225,4616,3713,3295,8800,6325,4078,3435,6225,5170,3841,3389,9.15537,-19.9846,8.73341,48.314
6906,3183,3380,3282,3191,3472,3628,3792,3459,4028,4919,5092,4249,4612,7824,8933,5046,27.894,1.38728,8.9002,48.06
6907,3356,3554,3786,3694,3562,4100,5385,4516,3694,4987,8165,5678,3668,4159,5216,4760,6.41822,9.18875,8.88134,48.1867
6908,4307,4411,3794,3414,5884,6811,4466,3479,5576,6531,4348,3586,4266,4304,3748,3374,-0.471701,-11.9604,8.61583,48.1993
6909,4383,5221,5094,4118,4510,7211,6404,4238,3969,4854,4606,3849,3488,3696,3592,3399,-8.45471,-1.73497,8.65432,48.4213
6910,5808,6281,4279,3732,6402,7760,4544,3598,4384,4602,3910,3397,3576,3614,3378,3235,-11.945,-12.1895,8.70603,48.3333
6911,3200,3458,3885,4171,3295,3616,4566,6563,3344,3762,5285,9614,3259,3629,4481,5918,5.39455,28.8317,8.63612,48.0307
6912,3106,3338,3414,3272,3398,3377,3788,4118,3312,3808,4680,6952,3498,3921,5965,11873,22.8152,31.3111,8.96488,47.88
6913,3273,3719,4533,5418,3352,3949,5321,9443,3300,3652,4583,6641,3339,3474,3836,4312,-4.27525,26.4314,8.73691,48.0967
6914,3502,3822,3906,3750,3646,4657,5904,4362,3876,5554,7486,4810,3756,4177,4768,4170,3.84268,4.97136,8.60468,48.0973
6915,3139,3420,3660,3844,3270,3555,4310,5123,3330,3934,5815,9144,3448,3824,5151,7124,10.9204,22.389,8.72401,48.0607
6916,3448,3509,3272,3338,4270,4274,3784,3365,6551,6982,4438,3502,6647,7126,4388,3609,14.8403,-13.6267,8.9546,48.3353
6917,3343,3682,4618,5742,3352,3751,5078,9717,3249,3711,4645,6736,3157,3501,3802,4042,-5.33342,33.0966,8.68322,48.084
6918,11851,6814,4043,3395,5998,4989,3829,3374,3845,3807,3462,3186,3395,3404,3233,3069,-28.5682,-23.0738,8.63857,47.796
6919,3172,3198,3392,3179,3267,3452,3646,3776,3316,3739,4728,5899,3369,3875,6141,12791,29.0605,33.5844,8.98443,47.2933
6920,3104,3334,3663,3519,3233,3665,4175,4548,3474,4144,5996,7612,3470,4143,6142,8023,15.5214,19.0873,8.70074,48.1633
6921,5943,9419,6206,4058,4628,5724,4670,3861,3726,3959,3647,3477,3315,3348,3270,3189,-22.8803,-6.51496,8.97751,48.2933
6922,11008,7312,4105,3492,5816,5091,3818,3467,3865,3833,3511,3215,3328,3383,3294,3176,-31.5267,-20.5853,8.51245,47.8093
6923,3409,3447,3164,3083,3919,3900,3604,3264,5658,5566,4204,3572,8049,8969,4711,3578,23.262,-13.7435,8.99697,48.0647
6924,12574,6261,3939,3511,5932,4960,3782,3324,3980,3734,3558,3192,3288,3433,3313,3092,-30.2537,-26.5999,8.80012,47.9153
6925,3068,3296,3420,3421,3278,3545,3980,3914,3418,3826,5305,6321,3594,4254,7496,9973,22.9454,19.1994,8.53372,48.0727
6926,3246,3346,3361,3205,3810,3969,3828,3458,4546,5929,5333,4205,5108,8126,6674,4301,20.0333,-2.6973,8.73724,48.2967
6927,3569,4898,9403,8139,3620,4159,5119,5099,3369,3591,3897,3900,3273,3260,3421,3409,-33.2763,13.0923,8.83923,48.084
6928,12628,5979,3950,3394,6094,4693,3752,3534,4000,3747,3345,3258,3356,3335,3203,3126,-27.6078,-32.3993,8.53923,47.596
6929,3349,3996,5571,10572,3344,3728,4967,8182,3206,3516,3990,4385,3109,3270,3424,3392,-18.3795,29.5031,8.86087,48.0007
6930,3899,4447,4205,3849,4414,6517,6229,4071,4140,5796,5540,4023,3690,3997,4071,3677,-1.94513,-0.844457,8.79363,48.3767
6931,3169,3204,3352,3191,3650,3739,3756,3561,4218,5243,5176,4120,4839,8270,7868,4767,23.8742,-0.537318,8.7573,48.082
6932,12269,5885,3967,3435,5989,4672,3796,3493,3869,3770,3455,3189,3390,3340,3277,3143,-32.0718,-32.7932,8.62384,47.2927
6933,3221,3474,3209,3176,3748,3786,3590,3463,4869,5451,4460,3660,6712,9769,5633,3950,25.7235,-8.77296,8.8899,48.114
6934,8757,5535,3718,3429,8888,5447,3911,3391,4765,4136,3610,3156,3565,3571,3296,3147,-14.7943,-25.3652,8.93286,48.2147
6935,4279,6463,7416,4882,4150,5616,6338,4428,3562,3924,4104,3658,3259,3567,3417,3368,-17.7454,2.18713,8.69945,48.2873
6936,3366,3451,3284,3183,4022,3912,3602,3332,5372,6068,4356,3593,7161,8787,5062,3775,21.0484,-11.6953,8.59861,48.2173
6937,3372,3947,5509,6110,3428,4130,6702,8025,3309,3704,4706,5096,3204,3355,3797,3820,-9.68915,17.3533,8.63793,48.1427
6938,3112,3193,3370,3574,3180,3509,3952,4338,3375,3877,5250,8107,3365,3766,5722,10251,17.9182,27.632,8.87196,47.9607
6939,7967,6379,4152,3428,7339,6219,4132,3416,4464,4249,3636,3357,3716,3442,3256,3068,-15.728,-18.4512,8.71914,48.1467
6940,3418,3928,5294,9451,3321,3793,5277,8722,3194,3554,4094,4499,3117,3283,3423,3557,-15.8203,30.9278,8.7492,47.95
6941,3678,4060,3920,3622,4080,5465,5318,4058,4320,6585,6378,4174,3848,4586,4428,3974,3.20576,-0.437116,8.57872,48.3293
6942,3892,3852,3439,3212,5607,4714,3701,3270,8845,6381,3950,3418,6014,4879,3747,3358,7.33367,-20.3746,8.87546,48.186
6943,6976,5317,3860,3314,8880,6013,4049,3443,5093,4389,3637,3295,3804,3589,3397,3081,-10.7775,-20.6893,8.91153,48.0913
6944,5715,5151,3984,3411,7970,6901,4027,3522,5332,4878,3701,3341,3880,3743,3490,3176,-7.85179,-17.0783,8.73968,48.148
6945,4426,7318,9357,5331,3922,4669,5028,4295,3450,3666,3801,3650,3194,3285,3389,3311,-31.342,3.14857,8.93684,48.0613
6946,3108,3255,3455,3359,3196,3426,3877,3949,3307,3719,4876,6581,3413,4023,6005,11900,23.7084,33.716,8.59757,47.6327
6947,4070,6245,9774,6019,3909,4610,5403,4532,3489,3490,3774,3657,3237,3266,3302,3332,-27.4719,6.33907,8.79785,48.0727
6948,3361,3557,3687,3497,3744,4364,4603,3964,4221,6406,7414,4480,4002,5244,5522,4228,10.0039,2.10137,8.88335,48.196
6949,3397,4034,6153,12053,3442,3723,4820,6643,3242,3478,3812,3979,3081,3170,3348,3411,-24.1125,28.0575,8.83299,47.8573
6950,3792,3847,3700,3380,4336,5434,4405,3591,5180,7898,5172,3744,4460,5163,4282,3730,6.03565,-7.05209,8.61248,48.076
6951,3333,3383,3346,3292,3810,4109,3818,3516,4752,6332,4999,3989,5607,8357,5856,4028,19.4071,-5.82732,8.51852,48.3513
6952,3447,3466,3354,2988,4195,4089,3497,3292,7221,5731,3887,3511,9178,6643,4100,3466,18.2802,-19.6565,8.73871,48.0433
6953,3370,3359,3116,3143,3958,3958,3498,3276,5568,5807,4168,3566,7704,8755,4884,3696,21.7061,-13.1182,8.91234,47.884
6954,3522,4236,7642,10104,3434,3968,5196,6048,3218,3565,3901,4009,3111,3288,3428,3382,-24.2775,18.6013,8.64297,48.0347
6955,4631,4172,3590,3289,7013,5328,3896,3412,7823,5692,3921,3432,4793,4271,3714,3272,1.11296,-20.7233,8.57994,48.166
6956,3305,3354,3477,3240,3650,3776,3743,3460,4242,4924,4769,4146,4976,8515,7712,4499,31.1191,-1.15404,8.57757,47.8587
6957,3369,3867,5615,10427,3416,3822,5065,7992,3300,3573,3999,4262,3047,3301,3414,3404,-18.4429,32.9672,8.59103,47.9153
6958,3318,3458,3266,3301,3788,4090,3947,3535,4579,6450,5586,4073,4908,7544,6019,4311,17.4684,-3.05432,8.61371,48.1153
6959,10797,5720,3885,3353,7523,4943,3765,3386,4217,4015,3500,3219,3491,3482,3202,3117,-19.9064,-28.4635,8.51222,47.7433
6960,3411,3923,6274,12560,3329,3738,4753,6080,3221,3530,3746,3943,3164,3213,3254,3338,-27.0722,28.8286,8.63347,47.6513
6961,4154,3957,3558,3162,6554,4578,3544,3441,9438,5309,3728,3390,5493,4580,3589,3255,5.02414,-25.7228,8.59,47.82
6962,4394,4958,4159,3629,5170,7877,5267,3840,4480,5668,4483,3563,3764,4050,3711,3500,-4.86472,-6.98732,8.67651,48.342
6963,3730,4736,6991,5836,3660,4583,7398,5846,3482,3828,4372,4146,3225,3272,3596,3496,-14.398,10.4133,8.52254,48.1313
6964,3377,3549,3255,3196,3854,3777,3482,3254,5979,4760,3740,3347,11818,6914,4056,3267,31.4572,-22.9589,8.88311,47.75
6965,3122,3262,3319,3374,3407,3490,3939,3911,3683,4045,5478,5459,3647,4805,9028,8332,25.3668,13.8975,8.63104,48.2007
6966,3452,4018,5736,10500,3340,3832,5052,7911,3096,3561,3997,4322,3124,3180,3382,3499,-18.6025,27.5259,8.9968,48.0013
6967,3733,4612,7211,6201,3665,4596,7001,6059,3285,3768,4185,4113,3164,3275,3438,3519,-15.5456,12.1407,8.59378,47.8833
6968,5899,4467,3631,3320,9434,5354,3912,3379,6420,4503,3661,3362,4156,3911,3468,3217,-5.42971,-27.9052,8.5235,48.0627
6969,4123,5025,4735,4068,4448,7113,6824,4191,3962,4963,4832,3837,3515,3637,3661,3486,-7.47476,-0.864119,8.77741,48.28
6970,3490,3378,3234,3218,4272,3918,3379,3163,7835,5015,3836,3500,10732,5580,3952,3438,18.9787,-30.5833,8.83021,47.96
6971,5489,4543,3607,3267,9713,5253,3820,3401,6746,4716,3581,3289,4159,3832,3434,3276,-4.47385,-33.3805,8.90261,48.084
6972,3118,3336,3525,3631,3362,3586,4214,4858,3341,3776,5310,9517,3346,3759,5212,8088,13.0106,32.716,8.92029,47.986
6973,9683,6770,4164,3454,7062,5543,3926,3513,4213,4034,3569,3159,3484,3406,3237,3101,-19.6065,-20.1926,8.84492,48.212
6974,5643,4370,3643,3227,9615,5169,3727,3410,6865,4611,3728,3294,4207,3847,3416,3229,-4.39714,-29.7127,8.95429,48.0007
6975,3141,3231,3375,3496,3202,3430,3648,3970,3265,3738,4821,6120,3378,3768,5917,12755,33.9294,27.5945,8.95307,47.5033
6976,3377,3681,3692,3445,3733,4423,4719,3956,4145,6171,7580,4519,3923,5044,5362,4413,9.36971,2.73695,8.68598,48.122
6977,3370,3311,3243,3107,3738,3826,3718,3464,4636,5067,4439,3706,6013,9899,5930,4039,32.2,-6.65148,8.97255,47.6707
6978,3119,3304,3641,3688,3403,3716,4399,5142,3465,3878,5889,9126,3479,3856,5366,7014,11.3136,21.9257,8.66033,48.3233
6979,3266,3601,4036,4553,3270,3874,5045,7763,3330,3840,5473,8165,3238,3665,4289,5066,1.40963,23.5155,8.57896,48.316
6980,3286,3501,4287,5174,3249,3766,5302,8873,3321,3728,5013,7559,3183,3546,4107,4408,-2.05734,25.5802,8.87231,48.202
6981,3286,3708,4747,6192,3352,3749,5173,10223,3253,3541,4401,5946,3172,3393,3773,3960,-7.42063,30.1368,8.90492,47.9127
6982,3598,4713,8865,8351,3611,4048,5528,5527,3263,3541,3867,3952,3007,3330,3442,3420,-23.7427,14.1336,8.85029,48.042
6983,3542,4535,6977,5861,3759,4648,7633,5994,3429,3735,4353,4185,3201,3438,3568,3566,-14.1363,11.1605,8.89153,48.2827
6984,4902,5538,4212,3645,5933,8007,4877,3670,4432,5059,3978,3547,3712,3743,3581,3213,-8.34705,-9.57915,8.64349,48.0327
6985,3525,3795,3620,3466,3865,4757,4965,3950,4385,6812,7051,4333,3985,4717,4958,4093,7.26563,0.693212,8.88571,48.1847
6986,3654,4361,5399,4727,3683,4978,8189,5583,3456,4127,5384,4496,3229,3471,3659,3745,-7.25119,8.43624,8.92285,48.094
6987,5428,8943,6292,4327,4729,5921,4868,4072,3533,3936,3772,3393,3302,3366,3262,3227,-21.4197,-4.26965,8.94728,48.2473
6988,3632,3989,4095,3782,4076,5465,5928,4117,4186,6197,6564,4313,3777,4376,4450,3691,1.91777,0.790678,8.68752,48.4253
6989,3390,3387,3187,3095,3956,3908,3614,3312,5819,5321,3994,3454,9713,8115,4362,3575,24.93,-17.5281,8.69516,48.1347
6990,3327,3625,4318,4541,3305,3903,5998,6600,3441,4032,6200,6803,3431,3718,4411,4547,0.306821,16.8176,8.85932,48.1333
6991,9728,5469,3933,3351,8407,5103,3824,3311,4490,4010,3546,3306,3489,3426,3143,3216,-16.8191,-32.9617,8.92995,47.8347
6992,10395,5536,3804,3416,7875,5104,3801,3430,4368,3926,3499,3187,3468,3441,3212,3157,-18.5026,-32.189,8.86964,47.746
6993,3416,3881,5985,12592,3347,3689,4628,6037,3287,3533,3692,4004,3210,3267,3397,3513,-32.4541,29.5744,8.59368,47.652
6994,3285,3328,3273,3198,3660,3838,3598,3364,4531,5332,4558,3817,5822,9524,6414,4191,26.304,-5.4426,8.63265,47.822
6995,12478,5853,3849,3427,5931,4690,3786,3427,3913,3727,3390,3258,3353,3310,3217,3231,-31.2499,-31.2273,8.57058,47.2267
6996,3197,3258,3346,3321,3372,3713,3714,3741,3686,4415,5199,4624,4110,6255,10109,6146,30.766,6.80943,8.95841,48.1373
6997,3376,4023,5260,5093,3554,4439,7651,6679,3494,3923,5168,4903,3229,3549,3802,3717,-7.4493,12.9705,8.80828,47.9067
6998,3280,3414,3718,3768,3351,3850,4819,4807,3498,4298,7216,7465,3589,4124,5400,5810,9.06283,15.5873,8.58287,48.2713
6999,6059,6830,4443,3373,6191,7457,4474,3624,4391,4483,3851,3331,3511,3555,3358,3286,-13.6608,-12.0629,8.9871,48.1447
7000,3089,3308,3693,3835,3287,3625,4219,5229,3340,3837,5758,9412,3262,3730,5161,7371,10.9556,24.2739,8.64055,48.104
7001,3185,3325,3662,3652,3241,3640,4226,4634,3417,3936,5970,8318,3471,3985,5737,7782,13.8636,20.8073,8.60421,48.1207
7002,3770,3961,3819,3503,4395,5696,4671,3755,4991,7789,5537,3836,4299,4815,4298,3658,4.81277,-4.8745,8.79635,48.5287
7003,4377,4285,3751,3466,5748,6802,4334,3428,5749,6644,4275,3564,4365,4507,3763,3356,-0.193417,-12.5474,8.56333,48.276
7004,3531,4185,6097,6372,3555,4157,7141,7251,3417,3736,4550,4504,3249,3328,3605,3634,-11.9407,15.4992,8.54348,48.208
7005,3121,3402,3385,3272,3526,3702,3772,3610,3998,4738,5083,4275,4443,7294,9097,5210,29.0933,2.84641,8.53769,47.952
7006,3294,3476,4290,5097,3230,3733,4986,8821,3413,3737,4767,7721,3220,3517,3998,4433,-2.01281,31.0295,8.68868,47.822
7007,3490,3818,3795,3617,3631,4966,5758,4242,4127,5998,7375,4561,3707,4416,4728,4000,4.06165,3.08675,8.9058,48.1527
7008,3571,3938,4859,4493,3688,4675,7628,5811,3557,4218,5920,5030,3364,3514,4058,3863,-3.75396,10.2583,8.75225,48.1247
7009,10518,6800,4034,3503,6816,5234,3893,3380,4004,3948,3557,3312,3484,3328,3244,3098,-21.1281,-21.6458,8.79827,48.102
7010,3280,3803,4898,5322,3453,4042,6461,8324,3235,3835,4995,6147,3310,3443,3905,4125,-5.13164,19.0121,8.87254,48.3853
7011,5299,5026,3929,3489,7502,7090,4199,3484,5384,5029,3847,3373,3856,3854,3466,3189,-6.4477,-15.9807,8.57117,48.0107
7012,3471,3909,6044,12710,3408,3770,4754,6031,3189,3431,3738,4011,3180,3226,3317,3468,-29.9631,28.8803,8.70383,47.7713
7013,3423,4043,6536,12390,3314,3877,4776,5843,3273,3457,3840,3993,3125,3351,3365,3268,-31.0384,25.0429,8.97856,47.916
7014,3775,4576,5483,4584,3820,5402,7961,5244,3674,4224,4966,4280,3405,3643,3747,3489,-8.57516,6.04708,8.73704,48.182
7015,8594,8160,4518,3506,5853,5632,4157,3579,3911,3993,3552,3291,3426,3343,3251,3084,-21.8217,-15.5916,8.82706,47.9
7016,6436,5111,3837,3281,8665,6265,4033,3523,5375,4616,3630,3320,3833,3757,3321,3161,-9.5765,-20.1294,8.87767,48.1093
7017,3130,3234,3358,3192,3370,3609,3860,3675,3757,4406,5382,4548,3863,6120,10000,6395,28.747,7.5389,8.92994,47.9327
7018,3075,3239,3510,3311,3220,3453,3782,3931,3375,3635,4789,6031,3394,3894,6163,12484,30.0626,27.5183,8.55677,47.524
7019,3047,3374,3360,3301,3327,3665,3878,3800,3684,4370,5577,4696,3873,5833,9739,6447,25.6782,8.18967,8.72523,47.9807
7020,3677,4621,8524,9121,3433,4058,5344,5724,3316,3606,3877,3922,3033,3306,3388,3479,-24.3673,15.9217,8.78539,48.286
7021,3214,3383,3444,3396,3577,3838,4116,3637,4126,5370,6173,4424,4292,6508,7660,4964,18.9683,2.2833,8.63856,48.0813
7022,3488,3664,3631,3315,4003,4989,4418,3780,4628,7706,6156,4092,4310,5423,4763,4001,8.17754,-3.04568,8.93449,48.2447
7023,11839,6414,3967,3491,6508,4928,3861,3420,4109,3828,3419,3157,3448,3394,3206,3080,-24.8655,-24.3464,8.95126,48.046
7024,3433,3511,3313,3188,4000,4009,3782,3519,4764,6828,5071,3940,5440,7790,5541,3907,17.4354,-6.59721,8.57545,48.024
7025,8485,5444,3931,3259,9338,5285,3831,3353,4791,4079,3508,3246,3694,3487,3278,3097,-13.8959,-26.3985,8.81045,48.0707
7026,3175,3289,3350,3394,3226,3420,3713,3881,3375,3724,4752,6162,3396,3926,5891,12620,30.3087,30.7993,8.76161,47.5293
7027,3838,3859,3718,3405,4382,5902,4618,3642,5065,7641,5224,3873,4312,4688,4206,3675,3.90941,-6.05713,8.89061,48.032
7028,3322,3304,3276,3200,3979,3812,3403,3121,5971,4720,3810,3468,12641,6140,3834,3275,31.1325,-27.8609,8.75786,47.5173
7029,3431,3335,3305,3120,3970,3812,3708,3338,5273,5159,4199,3552,7833,9533,4862,3688,33.01,-12.3593,8.5088,48.0787
7030,3227,3519,3768,3634,3415,3871,4804,4773,3474,4377,7449,7194,3434,4104,5774,5788,9.87216,14.7273,8.88641,48.4033
7031,3655,4101,5359,4841,3615,4733,8217,6059,3403,4030,5313,4782,3241,3559,3756,3888,-7.14027,11.0894,8.94686,48.368
7032,3950,5759,8717,5963,3704,4725,6262,4885,3522,3815,3944,3818,3226,3310,3402,3437,-20.7754,7.43494,8.86024,48.2927
7033,3491,3446,3363,3146,3941,3858,3433,3163,6106,4824,3749,3367,12535,6240,3825,3251,33.268,-26.078,8.8443,47.8253
7034,5572,5631,4166,3538,6934,7420,4325,3562,4768,4816,3825,3403,3730,3765,3467,3251,-9.37801,-13.9441,8.62874,48.1153
7035,3365,3824,5632,9283,3449,3884,5331,8546,3237,3515,4127,4571,3132,3212,3419,3599,-16.1326,25.1027,8.93605,48.084
7036,4138,5075,5467,4316,4069,6616,7412,4510,3721,4359,4742,3912,3354,3594,3708,3429,-9.37957,1.72357,8.90852,48.2813
7037,3091,3222,3406,3308,3357,3678,3961,3764,3654,4353,5506,4876,3911,5640,9707,6657,24.9325,8.89696,8.7953,48.0607
7038,3968,4573,4910,3916,4231,6477,7055,4439,3919,4846,5252,4080,3454,3723,3727,3554,-5.58764,1.0473,8.58971,48.0827
7039,4333,6848,8397,5073,3928,5185,5819,4424,3583,3917,3987,3735,3151,3447,3375,3283,-20.5668,3.02545,8.91823,48.3233
7040,3407,3835,6030,12416,3322,3660,4746,6091,3314,3519,3672,4002,3179,3195,3297,3405,-30.4373,29.506,8.50479,47.3933
7041,3391,3381,3295,3052,3960,3894,3614,3232,5579,5728,4194,3568,7717,9071,4874,3713,22.5406,-12.7009,8.9208,48.1753
7042,3305,3294,3184,3125,3882,3829,3496,3233,6244,4769,3745,3496,12647,5974,3888,3480,27.8074,-29.7015,8.79751,47.7273
7043,3400,3510,3057,3106,4071,3872,3541,3266,6873,4815,3813,3407,11734,5989,3889,3399,22.6077,-28.8893,8.55863,47.828
7044,3623,3689,3505,3294,4497,4756,3889,3433,6302,7992,4676,3684,5351,5860,4261,3674,10.4719,-11.2416,8.94119,48.324
7045,3038,3163,3475,3419,3259,3447,3902,4066,3294,3772,4953,7172,3420,3907,5909,11410,21.3812,30.937,8.76427,47.7373
7046,3355,3665,3895,3730,3613,4360,5787,4663,3766,4908,7742,5575,3665,4090,4950,4496,4.65853,8.85568,8.51774,48.1733
7047,10699,6581,4174,3343,7017,5069,3922,3342,4158,3848,3382,3242,3429,3362,3214,3054,-21.1014,-22.1903,8.96446,47.8907
7048,6409,4729,3760,3298,9846,5189,3768,3403,5768,4451,3551,3277,3870,3675,3506,3234,-8.30392,-32.1567,8.76226,47.8227
7049,3303,3395,3430,3274,3724,3961,4007,3648,4330,5885,5683,4090,4671,7375,6917,4577,18.9745,-0.836841,8.5898,48.18
7050,3309,3629,3387,3172,3942,4344,4047,3535,5164,7541,5150,3856,5289,7102,4893,3843,14.0609,-7.20982,8.90957,48.1353
7051,6291,9512,5838,3844,4814,5361,4468,3822,3745,3882,3714,3462,3354,3383,3367,3213,-33.6407,-8.0437,8.51125,48.0467
7052,5946,9466,6520,4084,4566,5372,4531,3880,3679,3927,3648,3468,3296,3278,3299,3184,-27.0946,-5.8811,8.56476,48.096
7053,3409,3920,4326,4245,3657,4457,6818,5422,3632,4565,6805,5237,3397,3792,4348,4198,-0.0871554,10.098,8.661,48.152
7054,3291,3871,4304,4111,3630,4464,6434,5254,3551,4556,7189,5574,3566,3836,4515,4246,1.53765,10.6428,8.55445,48.2613
7055,4503,6595,7185,4644,4174,5839,6161,4375,3598,3981,4142,3648,3241,3390,3441,3268,-17.5468,1.19104,8.84228,48.1233
7056,3027,3191,3269,3329,3254,3461,3737,3840,3337,3708,4807,6333,3451,3953,5941,12447,26.0467,31.7584,8.83049,47.39
7057,3264,3510,3847,3993,3517,3871,5191,5280,3502,4349,7354,7163,3486,3814,4948,5153,5.96046,15.0723,8.94403,48.1613
7058,4445,6984,8834,5255,4060,4832,5592,4431,3460,3816,3972,3608,3220,3236,3426,3337,-23.8763,3.22342,8.64221,48.3387
7059,3460,3870,5762,12090,3362,3779,4824,6804,3218,3457,3815,3967,3156,3166,3320,3384,-23.1847,31.9481,8.74332,47.6227
7060,3362,3414,3249,3097,4115,3690,3469,3239,6737,4882,3691,3354,12059,6072,3968,3325,23.7539,-27.9692,8.72633,47.8153
7061,3414,3947,6282,12305,3384,3857,4768,6169,3258,3514,3675,4025,3131,3253,3332,3514,-26.3846,26.061,8.64393,47.8853
7062,12630,6081,3862,3394,5986,4792,3727,3292,3979,3695,3404,3243,3422,3388,3127,3187,-30.4187,-31.8701,8.79099,47.4727
7063,3958,5608,8788,6021,3940,4547,6155,5060,3354,3740,4038,3816,3153,3277,3399,3286,-20.5027,7.80998,8.70086,48.0933
7064,3438,3450,3326,3189,3916,3766,3418,3285,5994,4791,3881,3385,12379,6164,3806,3415,33.3893,-26.4272,8.77825,47.7353
7065,3070,3282,3417,3346,3227,3507,4013,4148,3326,3775,5224,7374,3317,3999,6346,10716,19.9809,23.6613,8.995,48.058
7066,3367,3944,5026,5064,3585,4204,7130,7100,3428,3851,5173,5391,3228,3585,3881,3893,-5.74353,15.1654,8.52642,47.9
7067,10371,6521,4099,3373,7277,5172,3920,3346,4197,3906,3488,3200,3349,3378,3307,3174,-19.8588,-22.2488,8.89618,48.052
7068,3164,3183,3326,3315,3250,3547,3827,3992,3366,3907,5115,6227,3409,4245,7337,10672,24.5586,20.1822,8.89014,47.9213
7069,3641,4570,6497,5607,3751,4779,7807,6078,3460,3753,4612,4278,3159,3507,3572,3569,-12.4177,10.927,8.83777,48.4267
7070,11602,7082,4092,3412,6067,5015,3679,3405,3957,3736,3503,3236,3382,3330,3195,3112,-26.6298,-22.2852,8.56278,47.87
7071,4229,4027,3537,3368,5653,5614,4103,3361,6898,7104,4292,3504,4821,4717,3838,3256,3.7544,-14.7591,8.73032,48.2147
7072,3268,3476,4053,4512,3284,3697,4871,7676,3336,3669,5065,9130,3171,3594,4320,5156,2.15943,26.5605,8.90277,48.1853
7073,3192,3341,3403,3155,3396,3682,3797,3486,4242,4978,4993,4212,4667,8099,8456,4916,26.5838,0.542707,8.92701,48.01
7074,3242,3484,3744,3560,3474,3848,4849,4482,3779,4887,8378,5666,3626,4348,5801,4913,9.17693,9.68209,8.88702,48.054
7075,6659,9145,5434,3759,5135,5887,4415,3706,3766,3977,3694,3442,3330,3407,3295,3179,-22.1644,-9.72152,8.59588,48.1533
7076,3448,3997,5112,5116,3579,4404,7665,6761,3471,3986,5346,5100,3301,3595,3776,3961,-6.08568,13.4936,8.66184,48.412
7077,4590,6609,6697,4572,4216,6128,6163,4364,3656,3957,4060,3686,3347,3473,3460,3378,-16.5299,0.114854,8.62271,48.2373
7078,12476,5929,3818,3493,5981,4737,3715,3388,3864,3888,3422,3237,3368,3378,3355,3197,-32.698,-32.0144,8.60989,47.4973
7079,3352,3314,3188,3131,3815,3794,3518,3184,5885,4652,3736,3525,12684,5948,3944,3396,29.7075,-33.2923,8.7541,47.3773
7080,3328,3701,4032,4009,3409,3948,5589,5437,3549,4298,7416,6706,3473,3974,4949,4969,4.79374,13.8359,8.62529,48.5247
7081,3220,3419,3363,3280,3505,3694,3747,3565,4081,4860,5111,4302,4486,7706,8768,5032,28.0553,1.7124,8.78803,48.0927
7082,3300,3618,4108,4063,3329,4059,5958,5269,3434,4499,7355,6492,3484,3871,4795,4738,3.80567,13.1008,8.94859,48.248
7083,6649,10220,5653,3774,4827,5152,4276,3714,3698,3751,3684,3388,3386,3514,3377,3045,-30.3122,-8.85319,8.97033,48.072
7084,5471,4546,3713,3300,9031,5943,3935,3445,6308,4757,3810,3316,4244,3951,3533,3213,-5.07633,-21.5736,8.81633,48.344
7085,4234,3869,3494,3140,6744,4731,3660,3376,9135,5419,3821,3384,5537,4461,3756,3216,4.19416,-24.9299,8.65583,47.9847
7086,4210,3886,3342,3249,7005,4868,3749,3306,9299,5453,3781,3323,5300,4477,3646,3266,3.76556,-25.1192,8.97611,48.1067
7087,12544,6333,3970,3376,6033,4826,3780,3345,4019,3748,3534,3154,3351,3224,3320,3293,-32.2695,-26.4083,8.83321,47.9
7088,8325,5659,3948,3421,8599,5548,3940,3341,4705,4275,3545,3109,3595,3456,3177,3092,-14.3417,-22.9913,8.70383,47.8233
7089,3190,3325,3385,3341,3410,3741,3898,3641,3976,4827,5500,4546,4239,6886,9034,5503,24.59,4.05762,8.59873,48.2947
7090,3181,3336,3410,3440,3311,3746,4279,4140,3495,4334,6641,6259,3659,4589,7481,7102,16.9721,13.8002,8.95992,48.2687
7091,3485,3396,3100,3066,4338,3864,3541,3162,7662,5134,3879,3416,10322,6068,3868,3292,18.7921,-24.1539,8.96588,47.7287
7092,11933,6179,3968,3444,6610,4761,3919,3463,4011,3858,3538,3180,3412,3306,3284,2994,-23.9762,-27.3701,8.58046,47.9067
7093,3186,3253,3487,3392,3345,3593,3956,4148,3369,4005,5786,6775,3519,4400,7145,8555,18.7399,17.4856,8.85834,47.9427
7094,4064,3851,3385,3122,6014,4499,3627,3288,9742,5268,3804,3337,6359,4647,3658,3379,7.36587,-31.3865,8.52653,48.0293
7095,3383,3801,5024,5925,3422,3981,6272,8780,3322,3772,4677,5605,3249,3498,3671,4015,-7.64169,20.3563,8.80095,48.2647
7096,3815,3635,3580,3308,4926,5303,3985,3448,6322,8051,4529,3478,5143,5366,4013,3644,7.06482,-12.0079,8.74843,48.364
7097,3088,3191,3291,3270,3192,3401,3806,3885,3399,3721,4724,6257,3494,3979,6105,12555,27.078,28.5788,8.88364,47.572
7098,3378,3966,6371,12597,3399,3772,4658,6098,3167,3437,3841,3918,3255,3204,3382,3321,-30.4965,25.1749,8.92836,47.8427
7099,3338,3405,3285,3190,3752,3852,3689,3352,4730,5238,4426,3746,6193,9807,6161,3930,31.2317,-7.11365,8.72637,48.0627
7100,3214,3269,3700,3720,3214,3527,4520,5169,3413,4060,6114,8709,3419,3919,5281,6822,10.4296,20.3419,8.71924,48.0467
7101,3576,4467,8313,9745,3397,4062,5219,5633,3258,3521,3868,3882,3133,3126,3356,3353,-26.3554,17.2358,8.62263,47.9393
7102,4776,4070,3456,3143,8081,4924,3774,3246,8577,4941,3763,3351,4805,4266,3538,3225,0.443401,-31.8628,8.96645,47.9573
7103,3508,3385,3248,3050,4238,3977,3559,3207,7785,5184,4031,3380,10336,6099,3918,3294,19.0691,-24.9573,8.6327,48.1327
7104,3449,3977,6407,12332,3358,3852,4823,6075,3156,3449,3699,3933,3130,3193,3347,3448,-32.1104,25.1743,8.63918,47.752
7105,12626,5970,3865,3432,5961,4665,3722,3400,3980,3731,3491,3276,3490,3338,3324,3162,-31.5338,-29.502,8.77588,47.622
7106,3191,3351,3456,3526,3469,3793,4300,3951,3780,4848,7331,5498,3706,4843,7425,5591,15.2028,8.86942,8.87537,48.0393
7107,10811,5697,3908,3404,7869,4982,3746,3460,4199,3823,3415,3270,3493,3379,3213,3119,-19.1784,-28.5772,8.81419,47.8587
7108,3140,3204,3403,3270,3229,3507,3910,4020,3349,3697,4744,6646,3381,4049,6006,12154,23.7418,31.0188,8.59222,47.806
7109,4466,6258,5634,4088,4531,7088,6202,4302,3920,4381,4144,3678,3360,3535,3387,3367,-12.6554,-1.95435,8.68359,48.2273
7110,3494,3378,3257,3172,3781,3903,3583,3253,5380,5390,4200,3505,8242,9124,4810,3577,25.5913,-13.8912,8.51145,48.0327
7111,3555,3333,3191,3219,3887,3756,3486,3201,6330,4889,3845,3339,12447,6236,3863,3302,26.6647,-26.6901,8.60447,47.9193
7112,3632,3541,3560,3215,4127,4539,4075,3395,5241,7770,5243,3718,5030,6616,4948,3783,12.8378,-6.91363,8.63797,48.2887
7113,6133,4595,3727,3315,9765,5326,3707,3383,6155,4553,3698,3245,4142,3712,3351,3186,-7.0505,-27.276,8.61346,47.9953
7114,3345,3417,3208,2995,4111,3990,3542,3287,7393,5022,3840,3344,11425,5913,3881,3295,20.9795,-26.8074,8.8156,48.0053
7115,6284,4744,3760,3436,10063,5199,3834,3399,5730,4475,3618,3405,4020,3716,3467,3129,-7.87693,-32.0473,8.89202,48.186
7116,4055,3735,3439,3279,6170,4593,3736,3259,9846,5198,3654,3339,6020,4571,3677,3444,6.10698,-30.0064,8.93618,48.01
7117,3695,3589,3353,3144,4889,4499,3635,3279,8077,6708,4144,3426,6583,5712,4028,3400,11.1536,-17.8976,8.98994,48.1073
7118,5770,9829,6607,4277,4442,5089,4562,3905,3691,3739,3645,3522,3318,3379,3309,3167,-30.6659,-5.02293,8.86448,48.1673
7119,3182,3357,3372,3346,3575,3782,3926,3759,3985,5261,5800,4473,4211,6882,8392,5130,20.6066,2.81366,8.95613,48.2887
7120,3095,3203,3380,3414,3283,3364,3847,3818,3539,4042,5147,5460,3521,4749,8809,9130,29.5171,15.2804,8.76512,47.8673
7121,3536,3464,3302,3152,4050,3921,3502,3211,7230,4962,3805,3470,11130,5870,3863,3410,20.603,-31.7635,8.64919,47.9187
7122,3725,3606,3308,3124,5156,4191,3630,3301,9525,5168,3776,3272,7707,5123,3798,3393,11.503,-28.0476,8.59528,47.8687
7123,3272,3411,3409,3276,3592,3777,3812,3664,4129,5316,5355,4290,4629,7763,8027,4764,22.8962,0.436345,8.54659,48.324
7124,3157,3422,3284,3375,3395,3674,3758,3779,3753,4579,5120,4454,4159,6512,9834,5656,33.5142,5.33543,8.99485,47.9407
7125,4410,4771,3974,3545,5601,7812,4733,3636,4943,6075,4407,3644,3972,4056,3696,3311,-3.41971,-9.44211,8.7809,48.3907
7126,3701,4017,3793,3589,4166,5685,5103,3969,4558,6952,6243,4104,3890,4655,4299,3814,3.50144,-1.95008,8.64786,48.3587
7127,3691,4984,9046,7359,3617,4349,5868,5419,3296,3610,4008,3832,3146,3176,3455,3333,-21.7203,12.0665,8.88045,48.126
7128,3450,4029,6593,11754,3384,3748,4892,6303,3278,3471,3791,4029,3133,3216,3322,3412,-25.3354,23.3579,8.94705,47.87
7129,3996,4881,5265,4163,4170,6208,7399,4483,3717,4411,5077,4058,3523,3621,3753,3492,-8.24175,2.38685,8.74711,48.1447
7130,3895,4564,4509,3955,4360,6791,6533,4203,4085,5433,5236,3899,3600,3931,3938,3586,-3.66415,-0.572213,8.96792,48.3453
7131,3269,3305,3393,3294,3381,3740,4101,3881,3718,4678,6249,5186,3850,5362,8785,6566,20.5408,9.81441,8.67152,48.5053
7132,4023,5141,5435,4262,3951,6540,7342,4681,3796,4430,4844,3812,3489,3631,3657,3430,-9.5831,1.87241,8.72721,48.3093
7133,3657,4096,4011,3639,4084,5636,5827,4062,4075,6148,6429,4219,3842,4235,4296,3848,1.76442,0.421364,8.83495,48.0693
7134,3152,3476,3728,4050,3413,3586,4524,6085,3322,3871,5298,10034,3323,3698,4586,6014,6.60373,28.0532,8.80754,48.1067
7135,3210,3259,3248,3386,3244,3566,3786,3972,3532,4057,5052,5424,3526,4480,8644,9138,32.2982,15.6388,8.78999,47.6827
7136,3219,3640,4014,4672,3260,3765,5062,8008,3405,3657,4973,8603,3184,3521,4269,4940,0.745045,27.5753,8.84304,48.128
7137,3358,3827,4602,4744,3457,4038,6574,6937,3446,4011,5812,6089,3350,3718,4100,4245,-2.20577,15.8375,8.79813,48.2053
7138,7519,6092,4166,3556,7902,6254,3989,3359,4517,4295,3645,3237,3562,3638,3331,3117,-14.1642,-18.5621,8.85385,48.1193
7139,3287,3410,3213,3095,3798,3779,3610,3352,4878,5170,4484,3613,6789,10205,5601,3711,30.1238,-9.04661,8.89061,47.9967
7140,3140,3283,3598,3517,3332,3670,4138,4252,3535,4189,6224,6604,3497,4305,7096,7717,16.9345,16.4603,8.70802,48.0647
7141,12632,5908,3951,3505,6076,4640,3858,3278,3847,3743,3364,3186,3367,3453,3330,3107,-28.6252,-33.1728,8.88712,47.4967
7142,3830,4318,4089,3865,4204,6206,6280,4259,4178,5731,5799,4159,3668,4035,4030,3662,-1.32808,0.089921,8.61271,48.2087
7143,9651,5601,3977,3353,8454,5002,3898,3396,4440,4021,3457,3245,3610,3446,3196,3151,-16.7582,-32.3155,8.82444,47.932
7144,3402,3825,4256,3884,3727,4717,6620,4657,3616,5034,7280,4952,3586,3998,4423,4129,1.59848,6.93185,8.81927,48.0707
7145,4033,6012,8684,5713,3825,5019,6409,4753,3493,3782,3955,3746,3105,3370,3437,3292,-19.7467,5.78838,8.96171,48.4187
7146,10015,6075,3904,3361,7836,5243,3766,3472,4352,3967,3588,3266,3547,3408,3149,3124,-18.1629,-24.3684,8.78715,48.0487
7147,3405,3975,5918,12551,3360,3785,4730,6590,3208,3375,3779,3813,3158,3124,3286,3400,-25.8486,30.5552,8.86321,47.638
7148,3482,3683,3924,3576,3770,4494,5502,4177,3883,5843,7851,4804,3778,4420,4978,4146,6.16414,4.44252,8.95473,48.2073
7149,3812,3958,3709,3304,4492,5742,4384,3655,5120,8099,5191,3785,4360,4904,4137,3698,5.10872,-6.8954,8.93166,48.2333
7150,3318,4065,6513,12534,3358,3763,4862,6084,3200,3459,3784,3815,3040,3153,3381,3405,-27.211,24.462,8.95974,47.8227
7151,5858,7632,5040,3864,5409,7126,4822,3712,4006,4167,3639,3422,3427,3574,3448,3155,-16.1624,-9.27937,8.61214,48.2007
7152,3470,3542,3337,3253,4037,4209,3733,3434,6020,7148,4527,3597,6232,7353,4670,3621,15.6844,-11.5681,8.7589,48.122
7153,3374,3785,4010,3934,3601,4429,6044,4862,3710,4883,7796,5602,3435,3992,4739,4535,3.71559,9.50965,8.87426,48.4873
7154,5494,5635,4088,3524,6423,7875,4374,3550,4896,4961,3863,3477,3695,3714,3535,3254,-9.14757,-12.7417,8.59755,48.2387
7155,3606,3855,3803,3377,3936,5331,4902,3930,4436,7185,6266,4143,4129,4760,4635,3906,5.53691,-1.66467,8.60215,48.1333
7156,3458,3478,3157,3070,4418,4052,3556,3220,8046,5288,3879,3489,9425,5980,3974,3480,16.8216,-23.654,8.63764,47.98
7157,3382,3417,3341,3197,3771,4016,3632,3381,5116,6093,4581,3811,6163,9088,5587,3943,21.0625,-8.32741,8.5819,48.346
7158,3267,3315,3399,3055,3714,3842,3689,3361,5037,5227,4287,3539,7587,9821,5194,3637,29.6627,-11.886,8.87707,47.9807
7159,3150,3381,3605,3643,3341,3687,4459,4782,3419,4149,6775,7437,3376,4044,6088,6809,12.5795,16.6893,8.68629,48.0967
7160,3335,3453,3960,4195,3245,3667,4578,6902,3347,3811,5182,9517,3270,3718,4466,5484,4.08896,31.046,8.6531,48.0867
7161,4505,7746,8900,5069,3951,4934,4962,4304,3474,3838,3802,3452,3287,3369,3286,3211,-32.8215,1.44323,8.93746,48.06
7162,6665,4839,3712,3358,9876,5589,3882,3454,5713,4412,3588,3256,3876,3781,3393,3106,-8.8462,-25.7953,8.93877,48.3333
7163,3342,3685,3898,3770,3552,4406,5537,4412,3749,5377,8078,5090,3716,4350,5051,4324,5.996,6.556,8.86693,48.2247
7164,3600,3667,3432,3233,4281,4870,4060,3432,5680,8095,5060,3758,5058,5916,4505,3782,9.82666,-8.46606,8.70778,48.286
7165,3344,3691,4850,7160,3301,3920,5197,9940,3295,3586,4334,5408,3118,3396,3719,3816,-10.3043,31.829,8.91683,48.05
7166,3681,4102,3924,3539,4326,6034,5107,3891,4679,7080,5573,3976,4003,4582,4289,3612,2.42458,-3.8989,8.68582,48.2653
7167,3566,4762,8688,8714,3558,4094,5198,5513,3189,3574,3921,3813,3158,3280,3510,3346,-26.8961,15.0088,8.58271,47.9227
7168,4527,7130,8376,5077,4092,5270,5719,4234,3619,3731,3841,3602,3198,3368,3406,3233,-21.3586,2.25228,8.93917,48.282
7169,3402,3946,5917,11408,3337,3797,4972,7351,3191,3460,3800,4223,3003,3207,3444,3380,-20.953,27.7578,8.92363,47.892
7170,3482,3869,4492,4346,3728,4703,7373,5490,3626,4362,6306,5108,3344,3687,4063,3910,-2.23718,9.56736,8.53965,47.926
7171,3470,4519,8677,8999,3514,4084,5249,5585,3353,3481,3912,3879,3084,3215,3391,3368,-33.712,15.2283,8.58843,47.8533
7172,3525,4636,6210,5393,3715,4849,7923,5914,3456,3953,4648,4287,3249,3382,3588,3624,-11.7206,10.0077,8.67373,48.2347
7173,3848,3742,3359,3276,5514,4318,3574,3253,9625,5466,3722,3442,6755,5132,3806,3409,9.71318,-24.8222,8.65511,48.1607
7174,11413,7244,3901,3349,5841,5049,3887,3384,3949,3875,3454,3145,3355,3498,3215,3144,-33.2921,-21.2418,8.77367,47.802
7175,3185,3412,3724,3896,3247,3592,4346,5765,3383,3686,5406,10038,3315,3725,4832,6714,8.84148,27.3609,8.95732,48.1773
7176,4850,5034,4133,3638,5736,7900,4640,3636,4849,5500,4151,3472,3704,3855,3559,3388,-5.65402,-10.3745,8.71752,48.03
7177,5663,4753,3861,3292,8921,5988,3892,3434,6181,4739,3791,3289,4074,3807,3450,3152,-5.50836,-21.2989,8.86362,48.1913
7178,5648,9317,6815,4320,4606,5205,4661,3913,3578,3917,3657,3368,3364,3384,3297,3212,-30.7134,-4.28248,8.6544,48.1747
7179,7445,9724,5342,3692,5042,5307,4286,3662,3753,3807,3604,3318,3312,3499,3248,3092,-28.2472,-11.1908,8.92251,48.0887
7180,3168,3328,3517,3542,3365,3620,4128,4134,3638,4486,7003,6200,3565,4712,7325,6455,15.3291,12.4636,8.54998,48.124
7181,4475,7049,8687,5220,4014,4887,5421,4229,3471,3758,3825,3661,3226,3328,3390,3320,-23.4248,3.35485,8.59981,47.974
7182,3594,4363,8237,9912,3473,3900,5259,5581,3282,3482,3879,3796,3141,3242,3329,3347,-27.8348,17.3914,8.82501,47.878
7183,4024,3803,3347,3199,5938,4489,3623,3240,9481,5639,3819,3465,6232,4838,3716,3365,7.35856,-24.2899,8.64719,48.1453
7184,3076,3285,3702,3884,3248,3536,4291,5303,3332,3931,5493,9435,3348,3855,5175,7383,11.146,25.7155,8.5534,48.1847
7185,3137,3314,3691,3686,3307,3574,4099,4964,3357,3837,5210,9329,3364,3802,5192,7834,12.6407,30.7932,8.52357,47.798
7186,12336,5999,3867,3441,6694,4945,3887,3357,3983,3776,3418,3140,3468,3319,3192,3138,-24.3418,-31.598,8.78676,47.9733
7187,3450,4127,7083,9655,3528,3948,5432,6901,3222,3552,4045,4114,3002,3176,3554,3434,-20.1335,19.5688,8.83907,48.1487
7188,7034,9840,5595,3811,4808,5263,4395,3632,3800,3856,3634,3384,3400,3304,3211,3224,-29.1735,-9.79086,8.61584,48.1273
7189,10422,7082,4116,3420,6555,5215,3929,3403,4159,3946,3516,3234,3385,3415,3216,3228,-21.8255,-20.927,8.91862,48.1607
7190,3339,3415,3220,3159,3811,3844,3517,3329,5361,5473,4306,3624,7762,9468,5092,3781,26.7135,-12.5947,8.66914,48.334
7191,12254,6115,3963,3438,6407,4835,3883,3397,3909,3846,3392,3240,3416,3326,3206,3130,-26.0518,-28.6715,8.67115,47.838
7192,3079,3241,3444,3597,3203,3621,4126,4635,3336,3757,5283,9035,3369,3937,5385,8870,14.9383,26.8453,8.98658,47.9453
7193,6661,7478,4665,3571,6161,6868,4405,3569,4112,4171,3787,3262,3448,3506,3361,3194,-16.2835,-12.9007,8.99168,48.146
7194,5181,5053,3877,3455,7228,7042,4289,3505,5493,5320,3913,3478,4029,3864,3533,3276,-5.1597,-15.5319,8.92589,48.3573
7195,3337,3441,3291,3115,3672,3748,3769,3517,4524,5556,4852,4014,5473,9157,6725,4317,23.5553,-4.11964,8.67118,48.3387
7196,4445,4163,3550,3270,7729,4984,3702,3390,8502,5110,3803,3268,4990,4188,3525,3283,1.42281,-26.1126,8.67558,47.9347
7197,3081,3290,3456,3362,3325,3561,3983,4031,3465,4085,5536,5964,3487,4527,7974,9008,22.0232,16.8315,8.55239,48.09
7198,3102,3204,3327,3363,3157,3506,3679,3932,3433,3949,4973,5924,3519,4183,7522,10873,32.3569,19.4693,8.80225,47.764
7199,3720,4330,5202,4535,3815,5377,7985,5274,3569,4240,5338,4283,3405,3555,3840,3701,-7.19094,6.96436,8.58768,48.1127
7200,3699,3951,4145,3879,3860,5126,6499,4603,3899,5288,6871,4610,3600,4000,4411,4009,0.765922,4.52605,8.52673,48.3
7201,3901,4479,4025,3642,4580,7028,5572,3903,4392,6215,5078,3816,3964,4009,3916,3602,-1.52167,-4.01659,8.77184,48.0813
7202,3278,3328,3339,3168,3742,3879,3732,3512,4389,5823,5375,4100,4940,8104,7062,4459,20.8026,-2.23755,8.65338,48.1533
7203,3367,3614,3892,3839,3603,4400,5755,4507,3725,5228,8143,5118,3668,4135,4908,4302,4.88722,6.67709,8.69665,48.136
7204,3580,3550,3495,3143,5115,4186,3569,3199,9746,5210,3819,3387,7650,5096,3851,3365,11.6727,-33.3904,8.94058,47.974
7205,3457,3547,3856,3742,3570,4335,5450,4535,3652,5156,8087,5453,3564,4183,5179,4586,6.29577,8.46168,8.93919,48.2347
7206,3529,3661,3714,3503,3881,4841,4668,3743,4532,7389,6420,4210,4119,5172,4842,3951,7.61433,-1.59376,8.56026,48.1167
7207,3843,4206,4113,3601,4397,6564,5336,3876,4489,6845,5449,3980,3924,4420,4045,3672,0.818555,-3.47269,8.84318,48.5067
7208,4447,4037,3521,3300,7055,5248,3739,3315,8106,5714,3956,3387,4990,4443,3625,3207,2.05348,-21.0274,8.84716,48.06
7209,3532,3618,3642,3472,4139,4886,4511,3769,4726,7668,6068,4023,4308,5256,4771,3923,7.9697,-3.26735,8.91385,48.208
7210,3145,3322,3349,3322,3276,3463,3861,3913,3364,3782,4654,6121,3241,3930,6089,12682,32.4911,27.5399,8.79229,47.676
7211,3079,3275,3313,3377,3283,3470,3776,3910,3247,3824,4912,6042,3327,3980,6566,12262,28.7175,24.7924,8.65263,47.762
7212,4022,5949,9481,6141,3668,4516,5429,4833,3331,3647,3904,3826,3079,3285,3416,3367,-24.8551,7.5978,8.51068,47.9293
7213,3127,3365,3266,3401,3244,3546,3810,3807,3629,4286,5370,5098,3744,5117,9740,7528,32.8061,11.4805,8.69361,48.052
7214,3674,3836,3413,3203,4797,4877,3971,3405,6866,7713,4453,3650,5461,5400,4132,3467,9.00625,-13.4167,8.55365,48.212
7215,4377,5625,5076,4042,4647,7717,6108,4103,3965,4692,4475,3680,3550,3564,3628,3409,-9.97333,-2.67326,8.87202,48.4387
7216,3692,3509,3390,3104,4806,4187,3655,3210,8920,5410,3938,3385,8198,5326,3806,3479,13.3598,-25.1768,8.64351,48.01
7217,3336,3455,4261,4521,3435,4016,5856,6476,3434,4178,6335,6891,3375,3637,4459,4650,1.39854,16.8158,8.73933,48.21
7218,6369,8712,5238,3672,5161,6493,4515,3655,3897,4045,3757,3298,3378,3408,3267,3174,-19.5475,-9.25168,8.9133,48.026
7219,6503,9917,5941,3915,4667,5299,4368,3751,3773,3853,3603,3455,3360,3412,3251,3114,-27.661,-7.84667,8.76609,48.1213
7220,5577,6127,4401,3658,6143,7905,4702,3734,4356,4709,3773,3484,3655,3614,3394,3224,-11.4226,-11.5536,8.889,48.304
7221,4085,4150,3626,3319,4983,6188,4273,3691,5490,7434,4708,3632,4461,4694,4060,3439,2.81381,-9.96994,8.63649,48.1553
7222,3033,3356,3529,3643,3253,3661,4137,4898,3298,3815,5634,9025,3274,3812,5358,7893,12.9367,23.7865,8.73457,47.746
7223,6353,5576,4044,3594,8084,6779,4135,3511,5022,4472,3724,3310,3734,3601,3378,3246,-10.1676,-17.6689,8.56208,48.3753
7224,5210,7084,5120,3764,5258,7615,5314,3872,3921,4284,3883,3536,3454,3634,3392,3175,-14.2169,-6.7618,8.99109,48.344
7225,3593,4179,4757,4223,3858,5229,7949,5072,3660,4492,5930,4495,3395,3733,3962,3728,-4.09204,6.22695,8.92558,48.17
7226,3558,4074,4824,4661,3618,4809,7882,5875,3574,4260,5669,4906,3362,3659,3877,3806,-5.35089,10.0345,8.562,48.276
7227,3154,3288,3465,3599,3229,3659,4158,4729,3496,3885,5569,8787,3371,3898,5602,8331,14.3563,23.3072,8.88067,48.1467
7228,3197,3328,3341,3285,3466,3672,3842,3547,3964,4783,5037,4317,4281,7407,9062,5198,32.935,2.52099,8.84049,47.818
7229,3119,3277,3389,3442,3403,3634,4206,4082,3591,4215,6469,6419,3628,4474,7296,7240,17.0511,14.7696,8.81736,47.9227
7230,3163,3252,3363,3360,3259,3439,3771,4069,3444,3704,4790,5980,3321,3862,6271,12617,29.6537,26.6392,8.79427,47.7767
7231,3413,3985,6253,11950,3468,3817,4877,6573,3256,3423,3894,4010,3014,3138,3410,3351,-24.4131,27.3204,8.60012,47.888
7232,4554,7655,8762,5099,4040,4950,5091,4206,3372,3876,3669,3588,3192,3330,3399,3275,-26.2214,1.55164,8.95365,48.0387
7233,2995,3232,3444,3266,3297,3447,3747,3933,3281,3796,4727,6194,3384,3978,6285,12712,29.4788,26.8767,8.79665,47.812
7234,3309,3443,3969,4071,3449,3973,5263,5646,3432,4273,6960,7416,3411,3794,4854,5245,5.39117,16.1622,8.72206,48.3387
7235,4798,4816,3836,3446,6588,7123,4245,3466,5775,5898,3978,3383,4090,4188,3598,3303,-3.17382,-14.6761,8.6739,48.354
7236,3378,3409,3254,3074,3796,3831,3409,3206,5681,4983,3860,3322,11530,7243,4154,3437,29.6704,-21.2589,8.84926,47.7113
7237,4309,6952,8832,5297,4075,5030,5665,4473,3460,3709,3902,3633,3258,3312,3346,3241,-22.2735,3.29159,8.963,48.3293
7238,3181,3414,3379,3352,3505,3809,4015,3870,3803,4947,6231,4806,4154,5905,8299,5441,19.4523,5.85699,8.55743,48.074
7239,3245,4026,6905,12146,3297,3787,4899,6016,3216,3469,3817,3918,3095,3280,3428,3451,-29.4213,23.5439,8.87806,47.9967
7240,3660,3503,3209,3069,4697,4010,3622,3177,8496,5466,3853,3338,9104,5564,3825,3254,15.4263,-25.557,8.68412,47.898
7241,9129,5637,3828,3379,8557,5311,3829,3377,4700,4049,3553,3221,3580,3551,3314,3039,-15.5672,-25.8155,8.65865,48.036
7242,3271,3280,3390,3122,3657,3729,3683,3453,4570,5311,4393,3926,6343,9928,6043,3960,28.9034,-7.20036,8.70156,48.0393
7243,3814,3598,3438,3177,5666,4349,3564,3286,9977,5230,3759,3355,6828,4794,3745,3294,8.74785,-32.0508,8.78031,47.916
7244,3594,4533,8639,9379,3561,4103,5224,5412,3242,3519,3806,3819,3081,3280,3450,3346,-27.9392,15.9426,8.67944,47.992
7245,3412,3576,3578,3427,3825,4369,4379,3834,4358,6885,6672,4376,4296,5623,5502,4294,11.2997,-0.26903,8.84671,48.2707
7246,3130,3311,3370,3407,3245,3469,3852,3839,3514,4100,5179,5414,3709,4628,9152,8525,31.9673,14.4055,8.67489,47.896
7247,3297,3292,3238,3171,4055,3784,3508,3225,6634,4883,3815,3337,12183,5890,3964,3517,24.9566,-30.6101,8.53452,47.862
7248,3141,3308,3302,3314,3315,3632,3836,3880,3817,4488,5391,4631,4041,6232,9730,5903,26.1463,6.3946,8.94383,47.974
7249,4024,4113,3567,3400,5066,6231,4390,3532,5700,7572,4624,3580,4351,4670,3979,3632,2.83735,-10.4232,8.91393,48.2873
7250,5773,9314,6446,4202,4622,5609,4761,3813,3737,3775,3733,3379,3205,3422,3386,3190,-23.4606,-5.50493,8.88459,48.2447
7251,3110,3426,3596,3643,3333,3774,4305,4415,3494,4358,6867,7083,3629,4166,6447,6832,14.1046,15.6862,8.59742,48.3187
7252,3355,3586,3977,3755,3605,4459,5735,4555,3715,5123,8028,5366,3546,4198,4904,4422,4.85392,7.69532,8.95296,48.2193
7253,3365,3385,3251,3084,3852,3850,3614,3162,5450,5263,4030,3450,9311,8876,4591,3531,29.0745,-15.5476,8.99305,48.0433
7254,3048,3136,3413,3436,3277,3422,4043,4180,3389,3845,5083,8027,3390,3882,6049,10331,18.8142,25.819,8.88034,47.9673
7255,3404,3315,3217,3072,3892,3917,3516,3287,5566,5667,4242,3527,8161,9099,4694,3674,23.3393,-13.6347,8.92767,48.1667
7256,3046,3339,3582,3643,3301,3533,4257,4991,3406,3893,5659,9032,3459,4022,5552,7760,13.055,22.894,8.8631,48.3167
7257,3907,4919,6915,5395,3924,5088,7350,5390,3421,3937,4368,4027,3221,3419,3560,3527,-14.2384,8.10873,8.53445,48.2453
7258,3801,3734,3505,3278,5035,5131,3848,3416,7085,7391,4351,3562,5401,5275,3916,3388,7.43391,-14.5462,8.59377,48.078
7259,4353,3979,3540,3144,7244,4614,3706,3204,9231,5254,3784,3313,5212,4388,3560,3184,2.88076,-33.2314,8.88206,47.8067
7260,3341,3496,3300,3202,3865,3964,3592,3381,5532,5727,4247,3545,8045,8893,4868,3632,23.0718,-13.7296,8.55315,48.42
7261,8969,5368,3870,3357,8890,5041,3843,3504,4648,4016,3475,3263,3604,3541,3384,3221,-14.8783,-30.496,8.6493,47.996
7262,3262,3359,3394,3275,3554,3835,3675,3515,4199,5126,4977,4172,4738,8451,7827,4513,33.934,-0.807794,8.69175,47.9147
7263,3487,3710,3570,3563,3853,4667,4671,3917,4435,7064,6769,4139,4116,5153,5028,4181,8.40279,-0.472913,8.84204,48.2153
7264,3736,3877,3938,3633,4175,5512,5331,3957,4399,6909,6257,4219,3929,4605,4376,3882,3.23592,-1.45003,8.73651,48.49
7265,3967,5577,7940,5534,3713,5176,6841,4807,3489,3846,4183,3826,3218,3370,3330,3449,-17.4086,6.09566,8.88447,48.1773
7266,3385,3997,5668,6360,3528,4201,7026,7801,3239,3715,4412,4774,3173,3368,3696,3670,-11.2256,17.037,8.79157,48.0087
7267,3402,3334,3286,3142,3797,3825,3454,3293,6073,4655,3861,3328,12372,5915,3838,3409,32.0781,-32.1369,8.67729,47.3227
7268,3926,3800,3404,3170,5806,4433,3726,3396,9917,5133,3809,3438,6437,4790,3731,3203,8.21221,-31.1763,8.70205,48.0793
7269,3910,4640,4953,4111,4146,6661,6913,4563,3897,4899,5020,4073,3538,3767,3848,3516,-6.3182,0.692603,8.75126,48.3033
7270,4013,3990,3464,3271,5961,5141,3647,3321,8176,6644,4018,3508,5399,4789,3756,3319,5.3574,-18.2892,8.82109,48.278
7271,3960,4337,4079,3549,4709,6734,5197,3926,4799,6623,5028,3735,4087,4178,3951,3547,-0.446978,-5.28341,8.93625,48.2927
7272,3185,3266,3512,3652,3238,3482,3983,4603,3394,3783,5015,8426,3287,3869,5473,9674,16.6909,27.9395,8.72901,47.8947
7273,3115,3109,3369,3427,3329,3363,3772,3817,3366,3756,4831,6101,3403,4008,6056,12749,27.93,32.832,8.84582,47.714
7274,3443,3813,5851,12400,3328,3822,4804,6043,3246,3406,3769,3829,3175,3240,3350,3329,-33.3664,31.8094,8.65023,47.232
7275,4005,4181,3978,3387,4817,6808,4717,3663,4987,7189,4993,3782,4031,4442,3805,3535,1.05225,-7.08602,8.94401,48.2133
7276,12319,6438,4017,3333,6280,4803,3821,3371,3949,3820,3411,3185,3421,3307,3208,3093,-27.0658,-25.8307,8.55184,47.8507
7277,3594,4045,4346,3892,3816,5100,6846,4556,3776,5107,6673,4596,3587,4014,4259,3899,-0.403856,4.72394,8.65372,48.0707
7278,3274,3519,4127,4533,3309,3762,5002,7956,3315,3757,4986,8704,3146,3536,4195,5028,1.1699,27.5512,8.73262,48.0993
7279,3628,4121,4729,4267,3747,5111,7615,5139,3603,4698,5829,4690,3469,3782,4111,3875,-3.7323,6.97695,8.50612,48.276
7280,11748,6987,4023,3468,5926,4849,3874,3316,3959,3726,3445,3204,3447,3434,3309,3239,-28.6916,-22.307,8.54167,47.9693
7281,3151,3481,3794,4117,3391,3734,4820,5780,3529,4064,6406,8412,3413,3789,4878,5694,6.17347,19.1017,8.55071,48.302
7282,3603,3530,3279,3161,5123,4214,3610,3224,9806,5268,3740,3395,8004,5040,3774,3402,12.2189,-28.8603,8.94899,48.1153
7283,3379,3848,4759,6377,3420,3700,5168,10031,3240,3570,4271,6075,3149,3400,3780,3909,-8.02126,30.3378,8.76819,48.0507
7284,12296,5997,3894,3467,6568,4788,3700,3345,3928,3762,3444,3275,3481,3434,3267,3073,-24.1001,-30.4175,8.78225,47.8127
7285,3864,5319,9429,7007,3719,4277,5529,4976,3362,3532,3770,3854,3134,3239,3379,3312,-26.6236,10.6296,8.5044,47.8013
7286,3339,3455,3234,3158,4056,3791,3478,3348,6386,4933,3827,3423,12313,6022,3976,3476,25.8309,-32.532,8.72661,48.1433
7287,3372,3960,5914,12267,3312,3837,4803,6485,3258,3395,3901,4044,3048,3173,3304,3370,-24.5721,29.5087,8.62967,47.6287
7288,10019,6706,4145,3396,7070,5413,3887,3409,4249,4073,3581,3316,3467,3471,3203,3099,-20.3441,-20.9774,8.57309,48.336
7289,3436,3829,5958,12680,3371,3690,4787,5998,3262,3411,3780,3939,3031,3214,3473,3390,-29.0503,29.8834,8.85709,47.4993
7290,3752,3611,3314,3030,5316,4313,3614,3159,9623,5567,3850,3384,7171,5105,3660,3237,10.6287,-24.7901,8.79886,47.804
7291,3259,3349,3359,3332,3425,3822,3866,3752,3937,4733,5413,4529,4361,6738,9096,5483,23.9772,4.29635,8.65522,48.3027
7292,3136,3327,3335,3290,3535,3726,3751,3570,3968,4675,5203,4513,4341,7100,9092,5442,28.3274,3.49541,8.56817,48.0027
7293,4553,7135,8030,4970,4098,5201,5787,4378,3662,3848,3846,3660,3184,3368,3445,3238,-21.2778,1.68239,8.64663,48.2687
7294,3293,4032,6497,11872,3371,3710,4939,6587,3230,3502,3884,3933,3037,3184,3346,3355,-24.683,24.4481,8.5738,47.848
7295,3174,3294,3731,3671,3332,3616,4197,5106,3480,3960,5844,9217,3312,3872,5182,7421,11.5004,23.2015,8.60475,48.2727
7296,3375,3322,3306,3172,3826,3757,3627,3224,5472,5172,4077,3596,9075,8657,4687,3650,27.6692,-15.3595,8.60644,47.9967
7297,6192,9968,6204,3994,4586,5115,4462,3719,3786,3867,3560,3418,3271,3394,3336,3260,-31.8863,-6.87483,8.98154,48.088
7298,3370,3554,3815,3643,3556,4243,5101,4292,3987,5385,8054,5082,3720,4478,5407,4607,7.71136,6.10239,8.73194,48.196
7299,3240,3159,3385,3333,3242,3335,3740,3867,3376,3679,4674,5868,3480,3886,6039,12721,30.5697,31.1547,8.81234,47.3493
7300,3306,3342,3308,3112,3716,3793,3651,3543,4461,5591,5067,4093,5177,8633,7078,4280,23.3263,-2.94398,8.88165,48.1007
7301,3849,5439,7440,5310,3946,5220,7041,4905,3484,3960,4269,3976,3197,3443,3427,3492,-15.9545,5.81187,8.67156,48.2653
7302,3862,3980,3829,3502,4360,6049,5030,3895,4614,7142,5604,3942,4060,4502,4043,3703,2.52299,-4.11546,8.76827,48.078
7303,3511,3349,3187,3205,3916,3842,3443,3207,6066,4662,3733,3315,12859,6075,3906,3391,28.8811,-29.6301,8.94779,47.778
7304,10361,7390,4280,3494,6349,5295,3787,3377,3934,4021,3417,3244,3401,3590,3199,3036,-23.2365,-19.8306,8.68246,48.1167
7305,3269,3353,3408,3304,3563,3947,4123,3717,4087,5640,6530,4453,4262,6307,7511,4898,17.2668,3.02074,8.95496,48.248
7306,3196,3413,3534,3459,3626,4019,4417,3894,3945,5706,7302,4949,4074,5315,6589,4708,13.5648,3.94991,8.56324,48.0973
7307,3367,3468,3219,3019,4032,3811,3468,3206,6616,5250,3954,3425,10426,7104,4274,3496,22.5277,-20.2843,8.90398,48.09
7308,6803,10132,5488,3843,4856,5317,4250,3705,3750,3787,3737,3329,3255,3369,3210,3157,-30.8407,-9.32337,8.77267,47.992
7309,3178,3628,4543,6278,3436,3932,5286,9704,3312,3699,4540,6259,3065,3328,3724,4004,-7.10659,27.1527,8.65076,47.944
7310,3735,4519,6129,4913,3793,5145,8272,5499,3455,4100,4691,4175,3285,3470,3627,3517,-10.6873,8.02838,8.89354,48.2167
7311,3557,4274,4765,4322,3731,4926,7773,5348,3732,4359,5976,4627,3461,3835,3969,3951,-3.78568,7.83806,8.81013,48.404
7312,3496,3442,3365,3143,4422,3988,3536,3222,8467,4976,3825,3438,9629,5467,3897,3408,16.3584,-31.3291,8.81906,47.814
7313,3487,4263,6077,5858,3711,4492,7495,6678,3397,3845,4487,4594,3168,3448,3672,3749,-11.6262,13.183,8.65497,48.2807
7314,3195,3556,4127,4602,3334,3824,5112,7111,3341,3862,5555,8484,3252,3670,4404,5117,2.39496,22.9268,8.58847,48.364
7315,3250,3514,4058,4361,3375,3813,5244,6467,3395,3885,6159,8037,3377,3594,4550,5113,3.39873,19.4136,8.62713,48.128
7316,4500,5390,4371,3810,5307,8004,5191,3818,4289,5292,4239,3574,3720,3795,3564,3333,-7.39066,-6.99699,8.67389,48.1313
7317,3237,3389,3846,4104,3335,3616,4598,6443,3429,3784,5253,9658,3332,3699,4672,5753,5.5062,26.8463,8.56936,48.0987
7318,7758,7028,4398,3460,6886,6316,4180,3434,4331,4063,3587,3260,3449,3478,3407,3127,-16.7309,-16.5558,8.80984,48.108
7319,3193,3240,3385,3285,3342,3555,3676,3879,3551,4125,5121,5326,3674,4823,8972,8614,32.4603,14.3084,8.6517,47.8407
7320,3164,3460,3675,3566,3403,3663,4716,4400,3687,4665,7775,6541,3569,4274,6113,5831,11.3704,12.3496,8.87819,48.3347
7321,3728,3580,3241,3116,4909,4153,3570,3174,9094,5368,3765,3370,8463,5507,3867,3302,13.7587,-24.7177,8.9959,48.138
7322,3377,3743,4446,4713,3444,4215,6473,6678,3408,4118,6109,6249,3441,3583,4291,4358,-1.20166,15.344,8.85329,48.4307
7323,3349,4005,6135,10210,3315,3813,5179,7421,3273,3503,3966,4285,3073,3267,3538,3464,-19.6765,23.9194,8.59303,47.864
7324,4584,7253,8164,4879,4030,5164,5568,4311,3561,3969,3806,3651,3275,3397,3285,3340,-21.8812,1.26347,8.97651,48.158
7325,3116,3238,3322,3445,3178,3443,3873,3975,3412,3940,5081,6166,3450,4012,7314,10969,24.9661,20.656,8.83703,47.956
7326,3186,3256,3400,3279,3440,3669,3954,3662,3787,4616,5863,4660,4043,6108,9139,5851,22.3722,6.42303,8.51924,47.942
7327,3953,3783,3488,3230,4929,5291,3921,3471,6694,7729,4297,3537,5098,5368,4015,3508,6.60753,-13.2231,8.91085,48.208
7328,3507,4662,8787,9457,3409,4083,5026,5370,3308,3625,3835,3861,3130,3285,3264,3299,-30.0185,15.933,8.97866,47.9387
7329,3634,3527,3255,3051,4487,3969,3497,3202,8334,5609,3796,3419,9096,5840,3949,3405,16.3138,-23.224,8.90498,48.0467
7330,4116,3780,3450,3177,6361,4530,3707,3277,9676,5322,3852,3453,5852,4628,3675,3292,6.1227,-26.3296,8.75626,48.0987
7331,4915,4532,3724,3435,7177,6346,3865,3428,6330,5569,3809,3350,4421,3972,3557,3183,-2.5811,-17.2932,8.50878,47.742
7332,4444,6060,5394,4046,4632,7490,6059,4192,3867,4417,4113,3789,3428,3471,3586,3303,-12.2012,-3.06233,8.9053,48.194
7333,3212,3405,3724,3699,3371,3814,4746,4756,3527,4279,7301,7131,3557,4053,5625,5754,9.64501,14.4641,8.88478,47.9693
7334,3570,3504,3234,3081,4338,3961,3442,3229,8229,5092,3876,3365,9845,5832,3959,3389,17.7952,-25.521,8.84952,47.964
7335,3134,3181,3318,3348,3188,3413,3757,3978,3507,3807,4924,6111,3320,4086,6863,11743,26.6888,22.3398,8.97595,47.7853
7336,3396,3360,3245,3136,3852,3806,3399,3174,6036,4812,3830,3344,12348,6576,3932,3382,29.162,-24.2308,8.75497,47.752
7337,6114,4881,3761,3239,8999,6268,3886,3326,5804,4652,3782,3208,4005,3709,3474,3152,-7.24556,-20.6712,8.84596,48.1733
7338,3518,3716,3655,3421,4010,4844,4586,3768,4596,7555,6360,4200,4344,5304,4837,3935,7.98177,-2.24554,8.88633,48.4327
7339,3152,3377,3505,3556,3498,3745,4317,4151,3703,4765,7430,5928,3725,4660,7118,5805,14.2215,10.9029,8.84144,48.29
7340,3113,3280,3375,3305,3343,3675,3870,3641,3778,4729,5790,4703,4008,6055,9575,6015,23.1091,6.82353,8.98828,48.17
7341,3281,3191,3387,3202,3595,3778,3755,3583,4088,5154,5408,4346,4647,7714,8175,4979,23.7535,1.06951,8.7746,48.1887
7342,3087,3230,3522,3419,3248,3533,3924,4055,3424,3885,5485,6127,3562,4331,7965,9087,22.3591,17.3222,8.66898,47.9227
7343,3235,3183,3399,3405,3221,3478,3699,3925,3300,3692,4860,6566,3372,3861,6019,12189,24.6332,30.0326,8.75015,47.6027
7344,3360,3590,3269,3131,4004,4151,3745,3431,5519,7270,4830,3689,5844,7600,4989,3836,15.8768,-8.9203,8.91263,48.172
7345,3597,4374,5713,5017,3662,4898,8032,5842,3502,4042,5048,4422,3322,3540,3798,3662,-8.8545,9.8739,8.63231,48.314
7346,8736,5928,3931,3460,8247,5627,3956,3467,4712,4053,3534,3079,3544,3580,3369,3017,-15.8021,-22.0731,8.75354,48.16
7347,3234,3387,3616,3672,3364,3578,4296,5002,3490,3998,6044,8801,3294,3841,5559,6910,11.2525,20.3785,8.78227,48.0573
7348,3133,3321,3641,3700,3317,3514,4303,5101,3394,3778,5897,8880,3311,3993,5391,7360,11.9604,22.1203,8.6792,48.0227
7349,3290,3333,3292,3161,3922,3932,3622,3265,5095,5696,4370,3569,7251,9340,5254,3800,24.3483,-10.6109,8.54516,48.128
7350,7852,5202,3768,3353,9692,5487,3847,3330,5092,4243,3551,3286,3679,3471,3268,3101,-12.2151,-25.7726,8.93961,48.148
7351,3302,3349,3205,3071,3641,3882,3594,3385,4905,5292,4359,3576,6900,9919,5520,4022,31.2859,-9.38928,8.78432,47.948
7352,3194,3391,3726,3952,3239,3646,4357,5597,3399,3865,5180,10012,3423,3679,4919,6832,9.14856,30.9166,8.7226,48.274
7353,3108,3404,3593,3816,3272,3695,4400,5102,3429,4111,5999,8901,3429,3928,5162,6929,10.5964,20.8654,8.61454,48.1853
7354,3813,3610,3370,3225,5494,4323,3566,3286,9602,5450,3864,3393,6855,4872,3698,3357,9.39752,-25.6431,8.5564,47.852
7355,3092,3369,3524,3386,3404,3503,3792,3745,3764,4585,5537,4758,4034,5992,9692,6181,25.49,7.44502,8.84946,48.2387
7356,3350,3875,6243,12554,3323,3743,4822,6052,3146,3441,3775,4111,3126,3237,3378,3346,-33.461,25.7369,8.89371,47.6813
7357,3391,3944,6415,12467,3408,3683,4825,6223,3112,3310,3809,3890,3037,3092,3403,3442,-28.3174,25.6654,8.63302,47.634
7358,3709,5101,9679,7348,3596,4261,5292,5225,3242,3638,3888,3892,3218,3282,3494,3332,-33.9442,11.523,8.98932,48.1313
7359,3436,3433,3324,3102,4175,4002,3532,3206,6307,5179,3862,3465,10056,7332,4204,3508,22.2063,-19.3773,8.5814,48.082
7360,9741,5697,3946,3434,8417,5283,3772,3383,4450,3947,3409,3189,3601,3397,3181,3150,-17.0147,-26.3369,8.96913,47.998
7361,4249,5708,5437,4237,4502,7020,6561,4185,3782,4400,4439,3766,3472,3650,3574,3484,-10.9684,-1.15459,8.67422,48.3107
7362,4865,4169,3619,3235,8435,5128,3721,3324,7988,4976,3654,3396,4804,4188,3467,3211,-0.689601,-25.851,8.87192,48.12
7363,3022,3451,3554,3467,3405,3656,4334,4364,3488,4375,6920,7048,3376,4286,6646,6796,14.3044,15.306,8.89767,48.1253
7364,3324,3878,5786,10681,3366,3697,5145,7827,3178,3600,3925,4258,3096,3185,3512,3354,-18.7242,30.9953,8.98033,47.8747
7365,11000,6280,4032,3444,7005,5046,3837,3420,4165,3997,3504,3218,3339,3387,3331,3028,-21.1375,-24.4593,8.55354,48.022
7366,5904,8353,5338,3799,5211,6480,4936,3768,3854,4131,3605,3530,3472,3469,3369,3200,-18.3759,-8.034,8.69193,48.2793
7367,6896,6707,4429,3609,6918,6636,4262,3504,4389,4263,3684,3308,3512,3565,3503,3240,-14.7532,-14.7304,8.56771,48.2833
7368,3361,3314,3199,3108,3892,3701,3468,3187,5834,4972,3848,3402,11405,7318,4116,3423,30.7259,-20.7187,8.83437,47.6987
7369,3237,3293,3409,3545,3196,3488,3745,3951,3461,3648,4867,6139,3353,3757,5858,12435,33.923,29.0056,8.59209,47.588
7370,9099,7959,4470,3565,6049,5506,4003,3570,4089,3898,3557,3159,3340,3407,3250,3116,-22.0007,-16.6637,8.90972,48.0247
7371,3147,3254,3334,3400,3213,3440,3771,3792,3396,3865,4934,5836,3380,4203,7256,11425,30.7325,20.8793,8.84502,47.764
7372,3453,3742,4359,4561,3509,4162,6773,6161,3543,4188,6412,5978,3391,3778,4272,4351,-0.363288,13.8193,8.9519,48.422
7373,10176,7242,4168,3541,6320,5271,3989,3404,4153,3956,3523,3222,3507,3426,3240,3089,-22.9647,-19.8485,8.59647,48.1513
7374,3199,3320,3425,3198,3622,3748,3725,3496,4262,4932,4896,4088,4904,8642,8054,4631,30.2792,-0.657167,8.85664,48.0947
7375,3426,3466,3176,3171,4029,3920,3443,3209,5462,5172,4042,3588,9352,8641,4519,3537,29.8311,-15.9502,8.77501,48.102
7376,3630,5077,9440,7929,3625,4256,5216,5249,3255,3564,3789,3867,3158,3251,3377,3405,-28.5188,12.4092,8.58294,48.0587
7377,3460,3591,3370,3175,4224,4511,3891,3498,5674,7835,4809,3669,5567,6763,4625,3623,12.9724,-9.36653,8.92717,48.19
7378,3423,3335,3209,3117,3821,3828,3519,3279,5878,5067,3921,3296,10590,7748,4350,3505,27.5163,-18.8457,8.75799,47.924
7379,3234,3392,3945,4367,3315,3717,4672,7337,3405,3717,5134,9559,3172,3555,4340,5293,3.31824,29.0977,8.99816,48.1027
7380,4204,5830,7410,4986,4085,5251,6658,4747,3675,3862,4116,3810,3232,3369,3507,3407,-16.8659,4.27882,8.6613,48.0993
7381,4101,3742,3506,3166,5731,5057,3831,3443,7986,6737,4111,3385,5328,4765,3799,3400,5.44529,-17.6737,8.93196,48.0587
7382,12467,6329,3970,3303,6413,4788,3718,3354,3880,3801,3516,3147,3512,3308,3197,3079,-26.0447,-26.6405,8.97365,47.8547
7383,3947,4201,3933,3557,4453,6253,5014,3934,4709,6965,5363,3817,4035,4520,4114,3633,1.6721,-4.57978,8.62529,48.2987
7384,3815,4578,6646,5417,3710,4935,7954,5813,3496,3878,4495,4299,3227,3404,3511,3512,-12.8414,9.29561,8.90504,48.46
7385,6620,9867,5633,3919,4788,5300,4368,3673,3796,3975,3583,3361,3420,3468,3319,3150,-32.0036,-8.80682,8.545,48.16
7386,3477,3530,3523,3256,3895,4478,4116,3556,4673,7560,5849,4192,4634,6178,5252,4000,12.1374,-3.42062,8.92282,48.1127
7387,3241,3635,4316,5102,3387,3699,4980,9058,3353,3788,4717,7445,3208,3494,4150,4342,-2.57646,33.2874,8.63471,47.9433
7388,3326,3821,4807,5786,3404,3985,6188,8737,3361,3785,4913,5801,3206,3465,3793,4017,-6.91115,20.3685,8.76478,48.2633
7389,3109,3394,3625,3802,3218,3518,4221,4843,3362,3949,5513,9055,3361,3841,5457,7968,13.0703,24.2188,8.50372,48.1573
7390,3265,3453,3351,3103,3603,3935,3838,3416,4629,5772,4932,3849,5508,9076,6688,4192,21.8967,-4.44329,8.99154,48.4067
7391,3369,3767,4717,5520,3467,3929,6371,8476,3264,3829,5001,6091,3284,3385,3873,4180,-5.64581,19.5215,8.74945,48.3487
7392,6186,6625,4372,3612,6551,7513,4403,3530,4427,4436,3737,3468,3634,3557,3416,3202,-13.5236,-13.1888,8.87584,48.446
7393,7472,5164,3847,3363,9251,5673,3897,3376,5107,4223,3662,3277,3781,3649,3291,3122,-11.7703,-23.6353,8.83808,48.1033
7394,6113,10016,6178,4041,4619,5336,4424,3720,3712,3861,3775,3287,3259,3413,3287,3212,-28.3774,-6.63795,8.9296,48.1687
7395,3265,3659,4678,6289,3347,3714,5332,9864,3241,3698,4571,6013,3209,3381,3737,4015,-7.17981,27.9104,8.58585,48.0087
7396,6170,9289,5804,3970,4780,5807,4569,3797,3785,3976,3685,3416,3324,3358,3242,3189,-22.7306,-7.34243,8.56337,48.1073
7397,3335,4186,7101,10973,3379,3888,5123,6390,3139,3412,3848,3974,3054,3275,3434,3492,-23.6052,21.6298,8.95222,48.002
7398,3213,3426,3731,3884,3283,3592,4375,5701,3292,3718,5355,9998,3385,3768,4768,6690,8.43716,28.1335,8.96298,48.1193
7399,3302,3922,5233,8224,3323,3899,5410,9195,3306,3530,4072,5014,3111,3304,3627,3598,-13.2835,27.109,8.68378,48.0467
7400,3251,3290,3332,3225,3572,3947,3874,3710,4293,5520,5631,4195,4729,7380,7620,4706,20.577,0.226717,8.52041,48.1833
7401,3343,3532,3660,3541,3626,4037,4458,4163,4045,5696,7631,4971,3970,5088,6111,4689,11.6218,4.67815,8.56711,48.374
7402,3568,4743,9247,8044,3669,4230,5214,5355,3373,3597,3801,3801,3270,3274,3429,3379,-32.7872,13.5393,8.68878,47.996
7403,4191,3943,3467,3129,6773,4669,3552,3360,9499,5220,3764,3326,5702,4548,3619,3253,4.70964,-29.7938,8.58291,48.01
7404,3295,3831,4253,4038,3507,4141,5993,5398,3517,4386,7146,6059,3452,3837,4641,4620,2.50707,12.5026,8.57955,48.076
7405,3074,3243,3498,3430,3314,3608,4059,4078,3569,4004,5715,6268,3471,4288,7550,9109,20.3511,17.5362,8.66381,48.1853
7406,3173,3449,3612,3494,3370,3772,4355,4365,3618,4654,7270,6003,3773,4550,6886,5925,13.9268,11.2635,8.51185,48.1793
7407,3358,3762,4645,4611,3504,4206,7133,6438,3476,4178,5976,5664,3399,3576,4136,4208,-2.74853,13.7538,8.67644,48.18
7408,3395,3912,5984,12620,3445,3764,4826,6098,3091,3465,3836,3902,3161,3277,3453,3347,-29.0111,31.1615,8.64317,47.7173
7409,3790,4219,4089,3591,4246,6305,5502,3910,4314,6546,5861,4001,3781,4177,4115,3792,0.610876,-1.97605,8.77455,48.1593
7410,5665,9824,6657,4076,4498,5174,4568,3896,3676,3823,3615,3378,3232,3426,3351,3178,-32.776,-5.31974,8.90055,48.0247
7411,6647,4774,3659,3277,9908,5233,3794,3395,5758,4392,3533,3273,3952,3688,3313,3165,-8.40272,-29.4962,8.98678,47.8407
7412,3753,4452,4524,3879,4226,6456,6417,4261,4071,5358,5459,4081,3622,3900,3977,3699,-3.08152,0.100652,8.57846,48.09
7413,12701,5849,3870,3383,5940,4658,3612,3392,4007,3837,3398,3291,3419,3360,3321,3135,-31.4861,-32.7044,8.86729,47.4487
7414,3190,3565,3760,3649,3609,4115,5195,4348,3654,5199,8123,5461,3768,4440,5456,4544,7.87341,7.77321,8.63422,48.0507
7415,3319,3919,6578,12303,3451,3811,4653,6264,3155,3553,3700,3892,3167,3245,3401,3315,-27.4797,24.4073,8.98039,47.8173
7416,3595,3572,3235,3080,4654,4142,3532,3282,8112,5678,3890,3456,8407,5940,3953,3453,15.3812,-21.7296,8.51426,47.9873
7417,3565,4330,6987,7501,3487,4202,6337,6711,3274,3688,4256,4401,3121,3253,3446,3583,-16.3095,15.8759,8.6438,48.0947
7418,3372,3348,3255,3114,3955,3872,3615,3370,5439,5562,4155,3573,8369,9014,4833,3728,24.4692,-13.7984,8.90659,48.3827
7419,3441,3456,3265,3108,3942,3870,3416,3253,6154,5426,3966,3408,9545,7870,4492,3561,22.6081,-17.7809,8.50058,48.1153
7420,3345,3931,5983,12942,3323,3746,4755,6165,3265,3459,3813,3904,3182,3304,3399,3438,-28.2591,31.2791,8.67735,47.9693
7421,3403,3649,4463,5001,3432,3991,6070,7529,3348,3932,5449,6747,3189,3551,4077,4158,-2.27541,19.4157,8.60849,47.9927
7422,3707,3635,3523,3176,4306,4833,3934,3450,5852,7990,4873,3726,5169,6113,4367,3627,10.5634,-9.80176,8.69526,48.1873
7423,4258,6657,9357,5706,3907,4585,5273,4533,3511,3606,3740,3597,3174,3402,3291,3225,-27.1303,4.98842,8.58501,47.8813
7424,3212,3247,3440,3620,3287,3546,4250,4545,3370,4134,6413,7306,3478,4190,6396,7427,14.8763,17.1409,8.87896,47.9073
7425,3298,3362,3486,3307,3413,3890,3899,3644,4059,5195,6015,4622,4264,6264,8252,5401,19.959,4.1551,8.53507,48.2473
7426,12026,5970,3889,3303,7089,4828,3686,3446,4064,3745,3448,3155,3390,3411,3222,3102,-22.663,-28.9142,8.97471,47.8493
7427,3635,4536,6054,4948,3588,4977,8190,5639,3442,4154,4848,4367,3323,3549,3722,3649,-10.2688,8.66129,8.6974,48.414
7428,3181,3204,3290,3396,3346,3343,3753,3907,3470,3629,4636,5950,3345,3820,6037,12835,31.0436,31.409,8.94275,47.428
7429,3329,3993,5943,8017,3469,4051,5940,8121,3232,3635,4173,4679,3048,3369,3548,3628,-14.3404,20.1249,8.78746,48.1167
7430,4709,4155,3563,3262,8188,5058,3772,3241,8189,4953,3739,3261,4773,4103,3576,3281,-0.262784,-33.6594,8.60347,47.882
7431,3437,3412,3230,3197,3784,3824,3420,3330,5660,5102,4061,3377,9556,8429,4599,3547,30.0682,-16.1742,8.77442,47.9767
7432,3168,3238,3319,3254,3186,3514,3773,3837,3386,3694,4798,6112,3346,3936,6134,12554,27.5369,30.6906,8.62014,47.4993
7433,3368,3495,3191,3119,4036,4094,3537,3306,5997,6440,4372,3609,7385,7998,4625,3524,18.5033,-13.6715,8.93947,48.064
7434,3323,3677,4611,5943,3523,3778,5143,9732,3371,3623,4484,6119,3175,3442,3821,4031,-6.28519,33.4398,8.59269,47.864
7435,9067,5792,3959,3316,8365,5420,3906,3347,4499,4060,3555,3222,3574,3476,3256,3091,-16.0668,-23.3377,8.90041,47.9367
7436,3334,3678,3986,3732,3486,4082,5275,4647,3672,4877,8060,5772,3597,4123,5282,4850,7.1528,9.7173,8.55195,48.302
7437,3266,3513,3269,3255,3746,3929,3742,3317,4650,5633,4670,3798,5720,9422,6296,4059,23.3666,-5.83238,8.77882,48.19
7438,6054,8768,5660,3951,5078,6296,4627,3734,3830,4071,3696,3347,3452,3467,3247,3156,-20.0518,-8.27566,8.61532,48.2893
7439,4250,4435,3884,3467,5342,7097,4477,3612,5256,6696,4481,3627,4077,4337,3820,3412,-0.55068,-9.96228,8.56283,48.18
7440,3377,3589,4777,6187,3395,3813,5672,9488,3237,3756,4556,5996,3142,3394,3825,4054,-7.57336,24.0745,8.54308,48.172
7441,3930,3613,3456,3116,5306,4553,3696,3298,8925,6229,3958,3452,6525,5238,3991,3376,9.56813,-20.7285,8.7533,48.4413
7442,6072,8529,5281,4024,5145,6495,4698,3860,3895,4103,3689,3455,3433,3497,3211,3215,-18.9027,-8.24692,8.70299,48.4013
7443,3681,4037,3808,3497,4015,5502,4884,4019,4462,7040,6175,4142,3917,4761,4536,3889,4.77735,-1.66829,8.735,48.2433
7444,3955,4686,5235,4189,4153,6260,7613,4719,3888,4581,4880,4103,3390,3642,3789,3614,-7.98139,2.83672,8.64369,48.4647
7445,11012,5776,4004,3344,7335,5025,3763,3370,4174,3884,3443,3245,3572,3435,3241,3148,-20.7845,-29.1855,8.55746,47.8473
7446,5264,8847,7081,4426,4292,5685,4900,3963,3578,3982,3711,3542,3209,3312,3300,3160,-22.3852,-3.17413,8.97823,48.168
7447,3249,3363,3223,3202,3671,3932,3641,3425,4507,5688,4705,3933,5520,9087,6796,4189,23.4756,-4.60103,8.64121,48.0873
7448,4566,3979,3492,3135,7576,4836,3701,3232,8950,5134,3648,3276,5164,4410,3618,3274,2.40352,-27.252,8.75061,47.994
7449,3518,3955,6072,12640,3329,3801,4774,5976,3209,3396,3740,3949,3231,3268,3302,3300,-28.5137,31.2982,8.84814,47.64
7450,3454,3993,6364,12208,3374,3817,4866,6048,3042,3448,3770,3969,3177,3167,3487,3406,-29.5876,26.4076,8.52203,47.7267
7451,3193,3489,3761,4017,3353,3829,5221,5591,3422,4146,7073,7516,3504,3812,4939,5234,5.87086,16.1655,8.71539,48.0667
7452,5208,4974,3867,3510,7290,7391,4261,3461,5352,5348,3946,3354,3958,4032,3481,3235,-5.67258,-15.2658,8.9412,48.4453
7453,3765,4568,6089,5158,3786,4998,7944,5652,3400,3928,4612,4355,3247,3509,3608,3613,-11.0155,8.71598,8.92842,48.1547
7454,3191,3208,3356,3388,3336,3361,3731,3869,3446,3719,4601,6094,3400,3786,5837,12771,33.2789,32.237,8.92558,47.396
7455,4234,4704,4188,3551,5151,7692,5339,3808,4578,5855,4662,3670,3917,4039,3682,3427,-3.72906,-6.58066,8.50045,48.3313
7456,8782,7984,4496,3545,5909,5668,4094,3587,3998,3987,3498,3237,3445,3461,3295,3016,-21.5845,-16.154,8.87666,48.0013
7457,11380,7336,4118,3346,5877,4999,3842,3344,3878,3846,3545,3189,3288,3482,3276,3112,-28.6667,-21.1007,8.55836,47.9053
7458,3529,3411,3260,3098,4295,3924,3478,3240,7501,5110,3876,3222,10727,5780,3937,3433,19.5442,-26.5394,8.96097,47.8807
7459,6178,4829,3805,3317,9377,5669,3931,3493,5839,4630,3641,3343,4093,3787,3418,3222,-7.47757,-23.4436,8.63106,48.3813
7460,4860,4872,3897,3322,6688,7412,4461,3711,5385,5584,3997,3398,3953,3838,3502,3228,-5.13924,-13.829,8.58019,48.072
7461,4583,5068,4180,3662,5663,8217,5039,3829,4676,5784,4155,3558,3626,3821,3588,3345,-5.6245,-9.09837,8.80709,48.5293
7462,3119,3249,3507,3464,3319,3606,4056,4180,3554,4271,6182,6453,3579,4469,7720,7972,18.4913,15.638,8.96327,48.4667
7463,3831,5010,9425,7391,3687,4360,5668,5300,3373,3480,3898,3813,3085,3304,3283,3449,-23.5722,11.7622,8.78094,48.238
7464,4336,5181,4450,3795,4975,7848,5712,3937,4179,5212,4508,3655,3705,3906,3662,3433,-6.66521,-4.92188,8.57298,48.3293
7465,5049,8976,7582,4404,4345,4980,4784,4122,3655,3749,3751,3518,3424,3307,3352,3234,-33.1562,-2.01001,8.84296,48.1547
7466,3485,4296,7786,10344,3347,3926,5128,5975,3314,3562,3714,4026,3170,3218,3457,3411,-24.6073,18.8966,8.89725,48.106
7467,3191,3327,3346,3261,3494,3838,3705,3471,4196,4921,5116,4272,4594,7982,8673,4795,33.483,1.03421,8.9091,48.1213
7468,5543,9091,6430,4154,4650,5587,4863,3931,3613,3862,3651,3527,3214,3444,3300,3294,-23.6337,-4.86474,8.53498,48.1027
7469,10793,7246,4161,3327,6409,5105,3804,3355,4107,3899,3562,3235,3386,3339,3353,3038,-23.6264,-20.2952,8.97449,48.0793
7470,4257,6588,9774,5750,3955,4506,5119,4511,3418,3627,3797,3564,3227,3240,3269,3212,-28.4218,5.27261,8.90757,47.876
7471,3369,3486,3338,2957,3907,3762,3610,3290,5651,5214,4053,3392,9640,8239,4591,3615,27.3153,-17.1512,8.63951,48.076
7472,3155,3245,3424,3360,3227,3480,3753,3960,3447,3626,4627,6121,3417,3944,6256,12063,28.4849,26.1981,8.53296,47.4033
7473,4864,7665,6527,4451,4528,6002,5378,4054,3730,3971,3759,3617,3335,3499,3365,3299,-19.2579,-2.31578,8.68276,48.0293
7474,3482,4537,8805,9238,3493,4118,5236,5548,3260,3433,3884,3875,3132,3235,3321,3384,-30.2561,15.5426,8.64165,47.9873
7475,4306,6990,8986,5285,3953,4695,5487,4345,3416,3650,3730,3705,3229,3333,3363,3388,-24.833,3.55464,8.50129,47.9073
7476,4977,8687,7628,4596,4210,5283,4924,4118,3529,3844,3830,3504,3169,3223,3319,3220,-24.6937,-1.65291,8.87262,48.0407
7477,3272,3400,3270,3178,3888,3697,3475,3158,6251,4696,3709,3394,12806,6026,4008,3436,27.1894,-32.607,8.70616,47.776
7478,11723,5984,3948,3461,7001,4931,3776,3417,4023,3818,3522,3180,3437,3370,3046,3152,-21.8135,-29.5157,8.57009,47.8593
7479,4062,3880,3520,3236,5373,5298,3971,3373,7229,7212,4339,3434,4979,4912,3875,3442,5.24342,-14.7322,8.97916,48.09
7480,3689,4914,9212,8105,3750,4060,5290,5177,3338,3552,3935,3837,3054,3253,3350,3410,-27.8668,13.012,8.70713,47.9507
7481,11895,5974,3989,3481,6511,4799,3741,3459,3882,3788,3493,3218,3453,3440,3283,3143,-24.0253,-31.8048,8.55387,47.6993
7482,5313,6662,4738,3866,5287,7632,5147,3864,4136,4586,4019,3372,3451,3540,3428,3319,-13.2913,-7.84709,8.50838,48.24
7483,6801,6634,4308,3567,6970,6821,4307,3460,4313,4290,3593,3373,3573,3545,3256,3195,-14.6826,-14.8016,8.78191,48.004
7484,12287,6283,3960,3351,6061,4635,3811,3257,3951,3756,3472,3134,3453,3549,3179,3135,-32.2213,-25.9909,8.54482,47.516
7485,3049,3275,3355,3383,3229,3480,3854,3885,3436,3767,5083,5913,3481,4199,7323,11250,27.6855,20.8651,8.68125,47.9747
7486,3536,3502,3440,3341,3913,4294,3974,3559,4734,6952,5778,3926,4819,6872,5778,4225,14.969,-3.455,8.9365,48.4287
7487,3366,3921,6362,12464,3409,3700,4830,6076,3205,3434,3801,4015,3129,3144,3335,3425,-29.1544,26.4392,8.96919,47.744
7488,3409,3808,5227,7780,3363,3893,5415,9559,3398,3593,4181,5147,3049,3296,3647,3786,-11.8909,26.8379,8.76596,48.3673
7489,3053,3249,3515,3449,3326,3617,4131,4613,3426,3999,5850,7956,3403,4052,6117,8440,15.5567,20.4355,8.63661,48.1307
7490,3812,3696,3393,3143,5326,4436,3552,3308,8518,6522,3936,3522,6280,5220,3845,3323,9.42112,-19.3693,8.63872,47.888
7491,3969,5154,6033,4550,4089,6002,7493,4922,3639,4202,4602,3929,3399,3491,3544,3441,-11.149,3.6682,8.56504,48.306
7492,3405,3990,6120,12681,3364,3616,4823,6131,3237,3457,3659,3835,3186,3286,3325,3400,-26.8689,32.8047,8.90556,47.6767
7493,6403,5471,3937,3495,8154,6520,4182,3524,4886,4551,3690,3398,3736,3717,3350,3185,-10.6774,-18.4447,8.78073,48.1327
7494,3065,3348,3492,3502,3209,3457,3990,4218,3410,4078,5761,6776,3561,4291,7091,8625,18.5722,17.816,8.68315,47.916
7495,3235,3273,3511,3586,3369,3766,4494,4569,3507,4369,7088,6965,3620,4155,6294,6359,12.9406,14.9237,8.96625,48.1067
7496,3303,3408,3296,3120,3881,3816,3497,3353,5398,5085,4082,3460,9377,8751,4477,3498,32.1568,-16.009,8.82491,47.868
7497,4178,3937,3468,3268,5712,5779,3964,3484,6795,7112,4139,3466,4829,4598,3850,3431,3.51592,-14.5933,8.98639,48.0067
7498,3425,3909,5667,10380,3347,3759,5049,7904,3297,3528,3916,4159,3133,3231,3418,3341,-18.8855,33.866,8.79954,47.642
7499,8523,9184,4901,3614,5435,5310,4135,3508,3908,3907,3577,3243,3301,3370,3280,3086,-30.2144,-13.7906,8.73408,48.188
7500,4187,4423,3825,3504,5131,7110,4765,3753,5025,6731,4450,3765,4036,4216,3884,3458,-0.938986,-8.73828,8.75677,48.1753
7501,3396,3625,3726,3600,3790,4554,4650,3771,4294,6679,6967,4385,4142,4969,5363,4218,9.26299,0.695906,8.89602,48.086
7502,3187,3348,3630,3607,3466,3751,4618,4568,3623,4411,7457,6885,3472,4201,5957,5934,11.3474,13.7346,8.81681,48.0767
7503,3291,3600,4466,5188,3394,3901,5935,8359,3345,3830,5151,6718,3206,3487,4025,4310,-3.18316,20.3361,8.90488,48.1373
7504,3730,4432,5174,4399,3841,5639,7918,4941,3666,4498,5212,4167,3251,3659,3788,3639,-6.95309,5.43404,8.54355,47.9693
7505,3269,3397,3333,3221,3553,3827,3647,3371,4580,5091,4602,3853,5775,9582,6553,4184,29.9636,-5.32449,8.58295,47.892
7506,3547,3899,4064,4036,3702,4683,6236,4878,3698,5067,7174,5043,3599,3943,4506,4272,1.72723,7.04704,8.81307,48.2313
7507,3337,3530,3777,3606,3664,4194,4992,4413,3772,5286,8035,5425,3745,4382,5542,4725,8.61493,7.54131,8.51947,48.2833
7508,3157,3508,3929,4105,3262,3795,4884,6053,3418,3879,6141,8991,3204,3731,4765,5519,5.43742,20.8016,8.88931,48.2273
7509,3172,3404,3341,3284,3272,3533,3874,3891,3649,4083,5258,5139,3702,4974,9803,7762,31.8343,11.8611,8.73619,48.094
7510,3099,3360,3663,3721,3277,3724,4269,5304,3415,3842,5225,9731,3378,3841,5008,7114,10.0875,33.4868,8.78857,47.9807
7511,3181,3345,3398,3199,3522,3745,3828,3617,4130,5042,5055,4301,4626,7868,8533,5070,25.9877,1.16237,8.87874,48.3067
7512,3318,4029,6279,10908,3347,3810,5014,7020,3186,3504,3760,4190,3024,3178,3330,3507,-21.2612,24.1431,8.69273,47.6027
7513,4060,5037,4816,3938,4436,7145,6431,4180,3985,5073,4796,3907,3592,3795,3696,3617,-6.85189,-1.48942,8.91982,48.336
7514,3676,3523,3396,3093,4365,4411,3673,3318,7041,6683,4226,3476,7203,6580,4292,3624,15.0496,-15.7892,8.59772,48.3867
7515,3376,3327,3239,3131,3836,3853,3625,3208,5491,5126,3960,3466,9563,8695,4700,3469,30.9593,-15.9049,8.75245,48.0433
7516,3203,3299,3614,3638,3203,3532,4109,4690,3427,4076,6161,8092,3480,4069,5914,7827,14.0377,19.6403,8.71927,48.2227
7517,3194,3457,3528,3454,3462,3956,4303,3951,3855,5443,7330,4869,4128,5495,6777,4905,14.5102,4.69161,8.94577,48.0713
7518,4185,6663,9453,5735,3893,4698,5346,4541,3425,3633,3743,3595,3119,3368,3323,3273,-25.8721,5.06315,8.62666,47.9953
7519,3283,3541,4765,6301,3253,3768,5185,9938,3280,3503,4363,6190,3258,3451,3823,3946,-7.23986,32.3782,8.79276,47.8987
7520,3099,3147,3362,3367,3220,3571,3760,3858,3409,3773,4815,6656,3374,3883,5997,12211,24.2794,28.4045,8.79261,47.668
7521,3080,3173,3393,3532,3236,3459,3856,4165,3383,3761,5094,7524,3394,4036,6054,10730,20.4742,25.395,8.62579,47.9133
7522,4509,7912,8596,4880,4143,4879,4999,4314,3469,3801,3636,3568,3238,3406,3393,3261,-31.1642,1.16557,8.80369,48.0027
7523,7609,9830,5274,3680,5050,5335,4209,3537,3797,3738,3471,3368,3223,3330,3356,3034,-29.2622,-11.3118,8.87505,47.894
7524,3301,3460,3175,3153,4021,3735,3424,3155,6053,4812,3824,3409,12544,6066,4015,3257,27.4686,-27.9705,8.91686,47.6027
7525,4089,6121,8784,5607,3985,4863,5968,4712,3509,3810,3860,3813,3202,3298,3481,3222,-21.2138,5.35403,8.78854,48.216
7526,3347,3538,3896,4010,3580,4115,5751,5117,3543,4474,7591,6277,3395,3933,4986,4618,4.44515,12.095,8.96826,48.114
7527,3302,3637,3791,3695,3516,4281,5643,4451,3929,5154,8198,5303,3724,4172,5013,4469,5.84331,7.55999,8.94364,48.1853
7528,3355,3664,4248,5063,3335,3694,5141,8940,3276,3746,4755,7819,3260,3424,3991,4460,-1.99857,30.3893,8.94195,48.114
7529,3127,3262,3387,3458,3134,3420,3865,3944,3452,3980,5044,5468,3501,4385,8251,10165,32.4207,17.6447,8.98285,47.8953
7530,3154,3239,3409,3432,3256,3592,3894,3963,3498,4002,5128,5802,3506,4365,8111,9905,26.1575,17.8298,8.73297,48.1707
7531,6406,6657,4335,3547,6688,7118,4335,3555,4377,4310,3647,3401,3623,3631,3302,3173,-13.9431,-13.9283,8.63758,48.07
7532,5212,4385,3588,3284,8876,5239,3747,3365,7404,4693,3635,3289,4571,3967,3496,3159,-2.56858,-30.2271,8.84368,47.94
7533,3537,3999,6817,11449,3348,3772,4955,6417,3298,3491,3927,4015,3066,3210,3398,3389,-24.505,22.8789,8.54882,48.0587
7534,3289,3648,4386,5158,3370,3958,5894,8077,3279,3811,5398,6652,3122,3534,4057,4321,-3.00204,20.1483,8.80289,47.9693
7535,5256,8275,6267,4107,4661,6366,5295,4025,3742,3880,3832,3443,3376,3376,3357,3204,-19.0164,-4.14458,8.89537,48.308
7536,3441,3756,3711,3470,3907,4677,4999,4004,4315,6597,7089,4435,3976,4730,5183,4098,7.10456,0.804656,8.62944,48.2587
7537,5647,5457,3950,3350,7295,7627,4321,3542,4781,4914,3883,3514,3792,3793,3444,3132,-8.44327,-14.6843,8.85025,48.2947
7538,3520,3992,6788,10582,3298,3775,5212,6774,3191,3472,3861,4132,3115,3263,3499,3374,-22.0281,21.8155,8.55077,47.8987
7539,11759,5979,3927,3398,6825,4825,3805,3346,3938,3747,3431,3309,3468,3376,3185,3135,-22.5803,-29.3817,8.71989,47.6353
7540,3222,3204,3312,3420,3225,3405,3852,3944,3393,3847,4599,6094,3342,3778,5734,12660,31.7001,30.1151,8.92516,47.354
7541,3060,3263,3395,3395,3200,3500,3896,3937,3493,4043,5408,5866,3553,4537,8340,9342,24.0621,16.2497,8.89706,48.152
7542,3239,3378,3352,3276,3534,3633,3755,3684,3960,4695,5087,4351,4287,6913,9393,5506,31.0062,3.79418,8.56173,48.0287
7543,3421,3555,3464,3272,3684,4220,4291,3763,4315,6568,6663,4376,4390,6001,5974,4314,13.6078,0.052241,8.6976,48.1807
7544,3536,3538,3314,3187,4515,4045,3635,3311,7653,5655,3989,3527,8997,6230,4107,3401,16.9637,-21.0722,8.78009,48.4267
7545,3478,3954,6027,12485,3393,3739,4849,6036,3298,3339,3725,4014,3184,3183,3370,3252,-33.0296,27.861,8.53246,47.5507
7546,3194,3644,4791,6446,3373,3847,5248,9944,3242,3634,4370,6073,3178,3442,3783,3951,-7.70698,29.0919,8.85542,48.1067
7547,3425,3401,3123,3300,3905,3867,3441,3179,6121,4693,3784,3312,12474,6026,4004,3323,28.1968,-31.768,8.61343,47.5853
7548,5423,9564,6878,4136,4463,5245,4706,3866,3658,3767,3627,3425,3167,3409,3309,3208,-33.4589,-4.21104,8.96388,47.9007
7549,3627,4567,8859,9133,3479,3974,5262,5418,3327,3504,3852,3909,3083,3326,3383,3289,-29.9122,15.4592,8.81561,47.9947
7550,3067,3382,3346,3381,3272,3615,3765,3953,3387,3909,5123,5873,3451,4370,7458,10436,26.2901,19.516,8.52611,47.8587
7551,3079,3123,3373,3369,3188,3410,3821,3999,3451,3778,4900,5964,3452,4126,7329,11300,26.391,20.8307,8.85126,47.7747
7552,3389,3400,3213,3034,3929,3850,3413,3170,5911,4825,3776,3402,11894,6856,4054,3423,32.32,-22.5267,8.90944,47.6927
7553,3369,4040,6013,6986,3408,4106,6551,7747,3237,3676,4423,4676,3152,3396,3646,3597,-12.3533,17.8519,8.5903,48.0153
7554,3251,3519,4092,4752,3245,3792,5025,8217,3310,3771,5056,8260,3159,3512,4208,4835,0.186147,26.3329,8.86096,48.0027
7555,5505,6890,4754,3723,5672,7636,4871,3717,4145,4471,3837,3497,3501,3634,3497,3144,-13.9012,-9.10457,8.51777,48.3293
7556,3546,4614,7653,7270,3565,4377,6396,6037,3357,3725,4163,4068,3143,3375,3488,3475,-17.7362,13.6397,8.61552,48.168
7557,5534,4622,3865,3278,8301,6179,4056,3384,6079,5111,3771,3448,4203,3893,3511,3315,-5.06143,-19.2587,8.69264,48.3667
7558,3434,3423,3290,3161,4035,3745,3536,3195,6256,5524,4038,3474,9138,7901,4397,3462,21.8173,-16.964,8.8281,48.006
7559,3632,3945,4098,3714,3897,5243,6050,4320,4027,5832,6658,4523,3635,4132,4488,3922,1.97298,2.7912,8.53557,48.0773
7560,3694,5029,8279,6289,3653,4479,6810,5479,3371,3663,4147,4073,3146,3315,3394,3489,-17.726,10.1276,8.59363,48.2067
7561,3193,3222,3324,3306,3363,3712,3768,3792,3644,4235,5262,4998,3753,5282,9543,7465,28.5747,11.3821,8.53995,47.908
7562,12579,6193,3856,3410,6072,4820,3769,3311,3893,3767,3569,3228,3482,3353,3204,3042,-30.2651,-27.0879,8.76467,47.6987
7563,3149,3347,3679,3629,3325,3806,4409,4246,3571,4447,7219,6450,3671,4515,6749,6013,13.6386,12.7444,8.62741,48.15
7564,3361,3835,4927,7271,3358,3787,5238,9889,3277,3621,4237,5196,3145,3328,3637,3733,-10.9867,31.2315,8.8904,47.8933
7565,3068,3312,3427,3383,3127,3427,3841,4076,3359,3703,4805,6669,3265,3927,6006,12166,23.7059,30.4722,8.81365,47.7073
7566,12738,6090,4061,3438,5794,4695,3816,3427,3764,3637,3514,3278,3252,3326,3200,3226,-29.0212,-33.9345,8.76475,47.504
7567,3393,4544,8903,9074,3404,4101,5296,5462,3296,3612,3921,3906,3152,3341,3388,3324,-32.582,15.1063,8.90439,48.078
7568,3514,3687,3287,3192,4400,4332,3916,3376,6232,7737,4565,3555,5956,6524,4360,3508,12.9054,-12.1508,8.68648,48.094
7569,3218,3238,3274,3517,3276,3481,3777,3950,3330,3753,4765,6654,3426,3972,6085,11858,24.3563,28.0174,8.57708,47.716
7570,3478,4333,6740,7816,3665,4083,6249,7169,3333,3590,4153,4339,3141,3255,3533,3508,-16.4105,17.4796,8.75529,48.2567
7571,3480,4197,5107,4624,3651,4964,8343,5451,3505,4218,5547,4606,3411,3642,3805,3687,-6.12117,9.09288,8.8849,48.1587
7572,5427,4999,3890,3375,7657,6973,4195,3381,5397,5078,3863,3408,3940,3851,3450,3237,-6.88787,-16.4417,8.74604,48.0807
7573,11896,5908,3898,3424,6905,4986,3679,3359,4100,3808,3336,3309,3336,3436,3212,3162,-22.8046,-28.1488,8.87579,47.836
7574,6235,9722,6319,4130,4749,5298,4439,3736,3670,3817,3725,3392,3313,3286,3335,3262,-26.1332,-6.67277,8.67588,48.2853
7575,5292,4374,3714,3214,8878,5105,3770,3399,7389,4635,3745,3279,4475,3999,3506,3224,-2.76514,-27.6822,8.53869,47.9987
7576,5815,5763,4270,3479,6933,7547,4393,3631,4562,4609,3761,3490,3677,3652,3339,3282,-10.6688,-13.6735,8.71339,48.1353
7577,3126,3251,3499,3454,3297,3594,4076,4438,3404,3839,5226,8602,3292,3966,5588,9483,16.7017,33.896,8.89982,48.09
7578,9019,5412,3720,3356,9106,5120,3803,3330,4572,4132,3425,3210,3554,3591,3238,3093,-15.0616,-30.4377,8.95114,47.7873
7579,3320,3505,3882,4391,3314,3683,4802,7032,3315,3819,5017,9287,3227,3639,4395,5349,3.70101,29.726,8.65946,47.9847
7580,3390,4052,5719,6278,3604,4183,7166,7722,3379,3673,4612,4871,2998,3409,3637,3686,-10.448,16.4733,8.87136,48.2527
7581,4001,5022,6171,4638,3939,5756,7573,4932,3589,4088,4654,3954,3282,3465,3614,3553,-11.7236,4.59033,8.52284,48.154
7582,3123,3289,3368,3476,3219,3613,3871,4483,3488,3876,5151,8273,3446,3863,5556,9785,17.1005,26.2694,8.75627,47.92
7583,10497,6945,4111,3509,6728,5217,3897,3395,4131,3904,3499,3203,3421,3384,3324,2974,-21.9795,-21.1806,8.62702,48.0927
7584,4460,7238,8872,4999,3950,4803,5163,4359,3551,3746,3806,3619,3201,3402,3302,3384,-33.345,2.61831,8.50594,47.9033
7585,5080,6144,4418,3654,5672,8041,5196,3764,4369,4652,3916,3512,3655,3670,3458,3139,-10.6961,-8.65978,8.62727,48.2267
7586,3143,3197,3596,3529,3291,3557,4177,4519,3348,3751,5306,8755,3357,3811,5715,9153,15.6138,25.029,8.81635,48.1367
7587,3423,3633,4380,5440,3394,3832,5108,9126,3307,3800,4821,6976,3230,3424,3886,4234,-3.64022,33.89,8.56446,48.0093
7588,3390,3848,4215,4064,3596,4349,6593,5388,3606,4520,7029,5635,3464,3863,4500,4281,1.08482,10.5651,8.71229,48.2273
7589,3460,4002,6618,10600,3379,3822,5108,7022,3236,3545,3875,4172,3065,3218,3321,3425,-20.9554,22.9632,8.65893,47.912
7590,3208,3516,3693,3576,3442,3971,4818,4414,3673,4726,7980,6083,3634,4378,6028,5250,10.2015,10.6731,8.65035,48.26
7591,3255,3706,4534,5399,3413,3756,5049,9377,3232,3726,4793,6814,3171,3468,3957,4292,-3.8744,33.3088,8.52731,47.9613
7592,3122,3221,3357,3456,3181,3408,3773,3780,3469,3855,4938,5954,3474,4194,7458,11187,29.6177,20.4412,8.84173,47.8847
7593,5302,4277,3611,3352,9147,5088,3747,3366,7332,4906,3665,3324,4440,4021,3432,3262,-2.74501,-30.2158,8.97647,48.1813
7594,3515,3828,3569,3387,4064,4978,4381,3578,4824,7681,6031,4018,4437,5396,4735,3945,8.63624,-3.61922,8.53198,48.2447
7595,3458,3418,3178,3059,4311,3985,3428,3248,7929,5283,3785,3437,10474,5836,3934,3445,18.5659,-33.9539,8.77048,48.1387
7596,11105,6413,4011,3422,6903,5054,3853,3362,4036,3877,3421,3166,3430,3381,3198,3088,-22.0148,-24.1887,8.87421,47.8133
7597,9664,8034,4401,3419,6015,5323,4001,3506,4105,3898,3531,3217,3360,3338,3231,3083,-24.1414,-17.2464,8.87722,48.084
7598,3533,4343,6536,6581,3461,4327,7002,7025,3450,3722,4405,4382,3106,3326,3544,3472,-13.7767,14.6486,8.77537,48.1433
7599,3339,3492,3813,3593,3598,4187,5036,4352,3840,5212,8051,5288,3731,4526,5557,4590,8.57229,7.73587,8.68232,48.1367
7600,5133,9077,7104,4385,4390,5101,4703,4113,3566,3784,3720,3476,3256,3368,3406,3327,-32.0871,-2.99828,8.59512,47.9393
7601,3316,3775,4937,6907,3297,3859,5350,9880,3235,3550,4331,5364,3161,3410,3595,3800,-9.86284,33.9871,8.94286,47.8447
7602,3174,3232,3405,3461,3254,3420,3667,3985,3307,3890,4878,6083,3366,3987,6336,12394,33.1426,25.5234,8.80445,47.8927
7603,3821,4019,3811,3450,4581,6245,4782,3656,4904,7535,5310,3736,4183,4655,4187,3601,3.12841,-5.92039,8.88854,48.3173
7604,3662,3544,3351,3174,4276,4378,3660,3302,6379,7268,4464,3633,6376,6800,4373,3563,14.3496,-13.1561,8.82579,48.1353
7605,3587,4298,6799,8160,3430,4068,6233,6951,3266,3755,4102,4278,3073,3193,3534,3463,-16.9154,17.2841,8.87517,48.1267
7606,3739,5424,9711,6933,3641,4351,5259,4862,3325,3656,3947,3763,3151,3162,3508,3388,-32.908,9.6418,8.6645,47.88
7607,3104,3422,3697,4070,3312,3681,4508,5753,3456,3857,5632,9737,3197,3739,4868,6389,8.05386,24.2648,8.87161,48.2813
7608,12989,6067,3835,3387,6049,4677,3627,3333,3944,3686,3466,3172,3322,3476,3201,3143,-29.568,-29.2265,8.98778,47.5827
7609,5407,4474,3696,3215,8909,5721,3993,3377,6577,4911,3726,3315,4263,3989,3567,3291,-4.01497,-22.4151,8.63587,48.2873
7610,3769,3659,3407,3131,5128,4548,3767,3361,8039,6985,4073,3537,6239,5314,4043,3356,9.63701,-17.9133,8.78393,48.2373
7611,5166,7917,6539,4262,4661,5959,5269,4118,3856,4004,3761,3450,3361,3411,3366,3137,-19.8493,-2.85533,8.55999,48.158
7612,9714,8366,4428,3485,5699,5040,3952,3430,3997,3985,3488,3257,3495,3369,3304,3154,-27.6501,-16.9252,8.88061,48.1087
7613,3338,3348,3239,3223,3591,3695,3680,3352,4529,5192,4702,4001,5586,9491,6859,4239,27.8298,-4.48055,8.60925,48.0433
7614,3439,3409,3227,3084,4024,3883,3419,3224,6638,4811,3747,3387,12096,6011,3913,3371,23.9522,-28.5645,8.52789,47.7887
7615,3447,4231,7906,10485,3475,3918,5054,5783,3313,3493,3763,3961,3099,3236,3371,3421,-29.8849,18.8978,8.56204,47.9707
7616,12416,6222,3839,3259,6154,4896,3850,3350,3979,3809,3442,3206,3372,3347,3191,3172,-33.864,-25.4451,8.76055,47.6693
7617,3424,3896,6135,12012,3272,3776,4712,6524,3287,3380,3828,4048,3061,3251,3441,3409,-24.7918,27.7263,8.63242,47.6373
7618,11721,6000,3945,3415,6927,4935,3783,3409,4107,3937,3392,3222,3379,3420,3323,3008,-22.2604,-28.618,8.80225,47.9487
7619,3406,3834,5178,7566,3499,3874,5333,9717,3251,3627,4210,5132,3113,3302,3601,3689,-11.6974,32.3986,8.59635,48.2213
7620,3456,3417,3296,3054,3898,3645,3466,3247,6042,5002,3773,3423,12059,6855,4014,3385,33.5336,-22.9058,8.88536,48.0213
7621,3485,3542,3396,3110,4258,4199,3642,3255,6739,6271,4229,3505,7599,7087,4326,3570,17.0365,-16.3096,8.60721,48.142
7622,3411,3836,5952,12436,3340,3738,4590,5928,3256,3373,3755,3954,3206,3204,3418,3570,-33.7944,32.3905,8.61163,47.3113
7623,12671,5958,3860,3324,5953,4678,3772,3396,3887,3702,3457,3276,3311,3301,3277,3246,-30.1288,-30.7258,8.98437,47.3793
7624,3397,3297,3126,3111,3940,3908,3562,3313,5843,5122,3908,3408,10296,8164,4289,3580,26.4446,-18.1738,8.91473,48.176
7625,3444,3855,5820,12449,3413,3751,4617,5950,3199,3345,3708,3758,3317,3286,3401,3380,-33.3053,33.7812,8.9335,47.1287
7626,4302,6761,8209,5084,4004,5169,5965,4470,3541,3865,3812,3656,3238,3386,3446,3237,-20.3072,2.80056,8.60296,48.0967
7627,3263,3356,3349,3253,3502,3740,3811,3617,4123,4728,5134,4286,4671,7411,8831,5110,31.2479,2.09021,8.55738,48.1233
7628,3233,3322,3630,3772,3285,3578,4241,5398,3415,3776,5227,9972,3267,3756,4896,7094,10.0997,32.3864,8.97182,47.908
7629,3571,4537,8648,9096,3577,4119,5194,5606,3264,3628,3889,3930,3077,3198,3368,3341,-26.1446,15.5483,8.68839,48.0287
7630,3093,3258,3434,3325,3328,3590,3971,3909,3666,4396,5992,5372,3770,4940,8944,7118,21.4922,11.5355,8.62264,48.0707
7631,3119,3336,3332,3369,3215,3472,3785,3960,3410,3760,4896,6023,3330,3782,5862,12707,33.5072,28.9782,8.71854,47.572
7632,4095,3817,3428,3170,5829,4746,3909,3424,8915,6175,3876,3286,5676,4826,3766,3303,6.25778,-20.2357,8.988,48.1607
7633,3186,3293,3524,3335,3369,3577,4089,3875,3721,4371,6192,5442,3855,5078,8806,6571,20.2214,10.273,8.59748,48.1893
7634,3697,3864,3812,3491,4266,5572,5001,3804,4434,7298,5946,4161,4137,4804,4402,3785,4.1668,-2.67987,8.69786,48.316
7635,3131,3194,3405,3469,3214,3422,3872,4009,3265,3746,4854,6500,3389,3959,6064,12346,25.3575,28.1014,8.91711,47.8927
7636,3550,3616,3359,3141,4606,4449,3631,3315,6778,7368,4340,3581,6298,6433,4130,3578,12.8761,-14.1072,8.98757,48.1153
7637,3088,3301,3349,3452,3338,3597,3935,3863,3578,4286,5201,5328,3617,4738,9116,8501,25.5428,14.4835,8.54787,48.192
7638,5429,5885,4363,3600,6322,7732,4722,3579,4543,4698,3856,3446,3744,3688,3342,3287,-9.85046,-11.9259,8.54049,48.1573
7639,3162,3244,3421,3394,3252,3605,3806,3946,3542,4062,5509,5526,3615,4722,8863,8555,24.2792,14.3606,8.94818,48.1493
7640,3449,3682,3782,3442,3835,4702,4904,3870,4293,6740,7184,4471,4050,4915,5081,4195,7.72341,0.861645,8.93469,48.3967
7641,10720,7553,4250,3399,5739,5056,3966,3418,3858,3719,3519,3262,3464,3408,3208,3034,-32.2277,-19.3821,8.89486,47.7153
7642,9649,5792,3980,3471,8189,5254,3921,3352,4511,3990,3506,3280,3443,3549,3271,3142,-17.0639,-25.373,8.6287,48.2
7643,9452,5632,3840,3380,8808,5191,3834,3346,4593,4023,3555,3209,3560,3496,3253,3101,-15.9165,-28.1229,8.8348,48.182
7644,4422,4279,3663,3360,6412,6102,4073,3325,6678,6410,4188,3475,4614,4455,3690,3385,0.828211,-16.1098,8.52188,48.354
7645,3403,4167,6382,10307,3352,3811,5383,7253,3358,3525,3922,4265,3069,3153,3389,3475,-20.0004,22.1872,8.73739,48.1427
7646,9675,8439,4633,3587,5605,5204,3906,3456,3897,3910,3495,3293,3375,3403,3240,3045,-28.144,-16.6887,8.84366,48.1087
7647,3161,3358,3480,3580,3214,3560,4131,4717,3369,3880,5508,8686,3295,3923,5649,8843,14.9939,24.6343,8.95102,48.236
7648,3446,4108,6659,10110,3438,3935,5352,7108,3169,3560,3950,4243,3156,3269,3356,3487,-20.1444,21.7522,8.68452,48.2307
7649,3410,3394,3320,3207,3897,3993,3663,3417,5429,6351,4411,3711,6792,8362,5056,3872,19.5722,-10.6442,8.98958,48.19
7650,3382,3845,5663,10341,3385,3794,5092,8112,3225,3478,3973,4420,3077,3089,3452,3470,-18.0722,28.2202,8.85878,47.8653
7651,10670,5645,3951,3467,8003,5180,3905,3304,4271,3887,3506,3260,3519,3374,3212,3051,-18.615,-30.2207,8.92551,48.1367
7652,3248,3375,3342,3295,3539,3789,3918,3636,4058,5081,5175,4230,4546,7532,8694,5146,25.898,1.58655,8.51618,48.4027
7653,3172,3283,3451,3313,3249,3714,3975,3910,3786,4749,6340,5119,3877,5593,8733,6080,19.7579,7.85279,8.8361,48.2293
7654,3422,3341,3260,3150,4056,3887,3518,3244,5787,4901,3829,3383,10645,7453,4297,3382,33.1181,-19.6698,8.50212,47.7033
7655,3451,3439,3238,3034,4123,4259,3630,3263,6016,6626,4421,3476,7039,7662,4680,3579,17.7018,-13.7179,8.97267,47.9573
7656,3317,3491,3632,3498,3566,4152,4737,4048,3981,5694,7563,4845,3912,4929,5836,4628,10.979,4.75854,8.58961,47.886
7657,4003,6129,9900,6106,3739,4537,5120,4746,3362,3572,3848,3650,3168,3343,3356,3436,-32.3858,6.85448,8.67333,48.01
7658,3354,3465,3158,3099,4013,3744,3420,3309,6492,4928,3749,3385,12021,5954,3875,3398,24.4025,-32.5941,8.5958,47.576
7659,3395,3377,3190,3003,4136,3893,3468,3157,6831,4914,3889,3359,11309,6548,4084,3341,23.2224,-23.3061,8.79857,47.9293
7660,12461,6327,3908,3360,6102,4848,3801,3442,3858,3850,3488,3140,3445,3393,3277,3079,-30.7018,-25.6044,8.72427,47.8527
7661,3386,3444,3144,3041,4036,3823,3596,3230,6121,5522,4094,3470,9578,8005,4360,3442,22.388,-17.1934,8.92983,48.1947
7662,3284,3407,3260,3168,3841,3906,3667,3469,4588,5343,4605,3779,6105,9642,6216,4002,27.1088,-6.91273,8.55589,48.188
7663,3815,5392,9212,7038,3719,4243,5841,4996,3309,3617,3897,3834,3189,3303,3422,3340,-23.1997,10.541,8.50986,48.1113
7664,3230,3355,3378,3247,3536,3812,3783,3587,4199,5382,5486,4283,4547,7514,7981,4931,22.014,0.764879,8.66068,48.1673
7665,3309,3826,5340,9251,3429,3862,5069,8877,3274,3457,4120,4517,3072,3354,3564,3633,-15.6122,29.1746,8.91484,47.9693
7666,3248,3363,3223,3136,3903,3779,3541,3299,5140,5291,4211,3621,7589,9572,5157,3605,30.8156,-11.6399,8.8185,47.7853
7667,10409,5596,3970,3399,7828,5067,3729,3402,4312,3926,3444,3206,3557,3381,3278,3064,-18.4824,-29.8033,8.92921,47.712
7668,3350,3898,6249,12489,3275,3859,4836,5971,3203,3385,3790,3986,3264,3183,3321,3375,-30.6296,26.8612,8.7812,47.6227
7669,10440,5588,3905,3396,7929,5013,3785,3329,4420,3959,3477,3296,3454,3423,3310,3157,-18.5355,-31.1759,8.86863,47.9207
7670,3316,3732,4691,5402,3463,4029,6577,8174,3356,3784,5081,5941,3163,3519,4052,4109,-5.19354,18.6064,8.90071,48.2593
7671,3365,3363,3341,3303,3692,3702,3813,3471,4412,5073,4780,4003,5280,9232,7092,4413,32.6523,-3.13369,8.94066,48.2233
7672,3792,4202,4373,3906,4067,5987,6757,4348,3929,5381,5980,4279,3599,3999,4152,3780,-1.74288,1.83303,8.66268,48.354
7673,3093,3472,3879,3975,3402,3712,4795,5624,3435,3823,6387,8544,3334,3988,4986,5874,7.40097,19.4005,8.95437,48.2153
7674,6392,4655,3693,3256,9780,5393,3795,3312,5992,4370,3456,3253,4014,3911,3390,3067,-8.00172,-26.825,8.84581,47.8193
7675,3086,3222,3417,3370,3319,3396,3842,4152,3261,3827,4975,7076,3472,3913,5810,11625,21.9692,29.3728,8.69528,47.842
7676,3549,3536,3184,3113,4362,3937,3527,3357,8085,5100,3872,3304,10221,5684,3973,3341,18.1326,-29.4923,8.64767,48.0967
7677,3372,3432,3255,3240,3758,3880,3586,3362,4895,5281,4421,3560,6985,9806,5457,3855,28.1198,-9.84568,8.55219,48.0967
7678,3109,3267,3601,3693,3225,3653,4134,5077,3438,3835,5573,9312,3327,3700,5169,7639,12.111,25.2113,8.89029,47.8347
7679,3395,3530,3398,3287,3967,4192,4035,3635,4655,7256,5680,3984,4855,6842,5603,4111,14.467,-3.66241,8.91954,48.2833
7680,3291,3574,3957,4121,3319,3963,5217,5857,3456,4057,6396,8081,3214,3807,4644,5260,4.97776,18.4658,8.58171,48.1427
7681,3900,5546,8893,6009,3784,4689,6340,4973,3356,3701,4010,3777,3163,3351,3373,3284,-20.1493,7.55686,8.97375,48.0993
7682,8344,5310,3833,3504,9033,5533,3845,3364,4897,4317,3530,3276,3618,3550,3170,3054,-13.5701,-25.1228,8.72024,48.1187
7683,7002,5201,3769,3386,9368,5710,3807,3315,5264,4381,3726,3233,3785,3662,3332,3131,-10.2162,-23.247,8.59066,48.048
7684,3359,3414,3302,3138,3715,3807,3607,3294,5058,5495,4313,3549,7350,9866,5279,3737,27.0667,-10.8727,8.81832,48.1887
7685,3392,4064,5879,6111,3488,4366,7173,7571,3360,3773,4623,4702,3217,3379,3677,3664,-10.8828,15.5541,8.74193,48.2927
7686,3280,3290,3319,3162,3581,3700,3837,3501,4236,4973,4911,4060,4947,8518,8101,4781,28.8868,-0.234388,8.74695,48.1313
7687,3124,3328,3462,3617,3314,3524,4305,4416,3451,4017,5793,7516,3437,4115,6377,8260,16.0274,19.3198,8.71891,48.0373
7688,8516,6914,4262,3534,6952,5942,4057,3434,4320,4090,3640,3277,3542,3374,3324,3020,-18.0548,-18.0561,8.59171,48.132
7689,5981,5394,3932,3413,7677,7212,4168,3491,4899,4660,3707,3344,3755,3737,3385,3029,-9.45622,-16.5243,8.9343,47.856
7690,3342,3595,4239,4695,3332,3756,5299,7791,3403,3744,5382,8116,3234,3510,4201,4870,0.531792,22.8556,8.74654,48.3393
7691,12567,6096,3970,3439,6062,4675,3766,3431,3852,3839,3540,3210,3434,3458,3268,3160,-29.368,-30.7196,8.65205,47.8447
7692,3202,3240,3377,3485,3271,3381,3763,3920,3485,3739,4769,6035,3421,3811,5934,12514,32.6435,29.6188,8.60434,47.5647
7693,3674,3688,3320,3062,5198,4496,3679,3432,8772,6236,4021,3407,6740,5327,4009,3292,10.0318,-19.882,8.96793,48.2353
7694,4745,5825,4752,3742,5006,8117,5603,3942,4180,4801,4013,3632,3537,3714,3553,3341,-9.91121,-6.03633,8.98298,48.3353
7695,3322,3803,5005,7554,3290,3807,5307,9711,3101,3593,4272,5221,3129,3456,3651,3732,-11.2155,28.9779,8.55321,47.9693
7696,3161,3295,3597,3638,3242,3571,4299,5066,3451,3865,5314,9490,3378,3765,5017,7463,11.678,33.3619,8.62106,47.7413
7697,3465,4147,6071,7848,3393,3913,6105,7898,3247,3627,4146,4454,3196,3378,3502,3711,-14.6135,19.2587,8.5628,48.0673
7698,4973,4350,3531,3257,8711,4959,3625,3287,7679,4911,3768,3365,4663,4064,3498,3331,-1.39921,-29.6049,8.57355,47.9813
7699,8558,9440,4832,3622,5255,5247,4100,3577,3873,3887,3621,3195,3229,3383,3179,3198,-26.6146,-13.9491,8.78228,48.1307
7700,3121,3243,3555,3656,3223,3681,4202,4945,3241,3820,5184,9197,3334,3919,5217,8429,13.5341,29.4201,8.63461,47.978
7701,3014,3285,3407,3339,3275,3690,4054,3760,3582,4375,6076,5403,3828,5071,8890,7024,20.6847,10.9898,8.80016,48.0487
7702,9882,8235,4454,3402,5533,5006,4076,3495,3845,3840,3519,3282,3513,3450,3287,3093,-30.3684,-17.3054,8.62716,47.9413
7703,3506,3387,3186,3039,4159,3879,3496,3310,7226,5459,3950,3434,9984,6598,4052,3408,19.5799,-21.5026,8.90369,48.0487
7704,3588,3598,3319,3185,4589,4357,3688,3306,7950,6402,4113,3429,7343,6087,4000,3349,13.4706,-18.117,8.98342,48.202
7705,3696,3914,3509,3441,4400,5259,4387,3627,5150,8104,5541,3895,4305,5172,4378,3704,6.3935,-6.02208,8.95948,48.3213
7706,3219,3562,4109,4176,3470,4033,5736,5980,3400,4117,6794,7257,3292,3778,4551,4856,3.01037,16.07,8.98728,48.22
7707,3290,4006,6599,11982,3402,3928,4835,5966,3237,3579,3734,3942,3128,3172,3431,3364,-30.1941,24.0469,8.72129,47.73
7708,3379,3370,3177,3125,4004,3821,3527,3325,6010,4647,3755,3306,12458,6111,3826,3348,32.2803,-27.8198,8.68188,47.4593
7709,3376,4043,5968,7512,3478,3984,6202,8300,3247,3627,4233,4691,3106,3392,3705,3637,-13.7263,19.355,8.59518,48.334
7710,3473,3660,4542,4959,3388,4103,6489,7500,3388,3795,5526,6351,3232,3516,4028,4230,-2.88331,17.1678,8.75436,48.12
7711,3067,3429,3489,3617,3161,3657,4206,4845,3374,3962,5855,8750,3395,3974,5451,7884,13.3825,21.9736,8.70023,48.0773
7712,3893,3910,3567,3316,5322,5400,3887,3351,7090,7401,4274,3510,5076,4873,3849,3416,5.69153,-14.8828,8.87169,48.09
7713,3343,3323,3164,3199,4012,3673,3399,3249,6406,4830,3890,3325,12447,5943,3954,3462,25.0241,-33.0212,8.85403,47.746
7714,4998,6252,4884,3774,5249,7927,5210,3695,4109,4619,3996,3569,3537,3534,3468,3286,-11.8638,-7.15178,8.50914,48.0713
7715,5361,5111,3870,3341,7488,7107,4109,3506,5271,5264,3778,3421,3875,3834,3541,3189,-6.73449,-16.0848,8.69223,48.044
7716,3397,3505,3392,3266,3835,4259,3967,3576,4538,6890,5656,4114,4987,7152,5921,4027,15.5205,-3.4487,8.88738,48.3213
7717,4078,4109,3598,3328,5308,5881,4080,3577,6437,7348,4519,3531,4677,4748,3739,3496,3.6366,-12.7902,8.52062,48.3027
7718,3426,3481,3333,3100,4328,4206,3492,3191,7450,5895,4021,3499,8815,6468,4103,3494,17.2126,-19.5433,8.93693,48.2013
7719,3152,3392,3830,3968,3233,3753,4648,5724,3377,4095,6468,8761,3416,3715,4980,5835,6.81002,19.6515,8.99884,48.2313
7720,4106,6083,8803,5606,3895,4843,6112,4622,3341,3728,3997,3611,3210,3256,3407,3340,-20.3698,5.81515,8.97131,47.9733
7721,3174,3338,3392,3418,3442,3574,3871,3729,3756,4499,5309,4692,3961,6062,9849,6128,27.6559,7.33621,8.92386,48.1293
7722,3722,3850,3749,3365,4291,5352,4642,3724,4889,7662,5606,3925,4411,5050,4367,3686,6.25301,-4.78893,8.74727,48.194
7723,3351,3376,3292,3132,3706,3811,3577,3413,4732,5572,4438,3799,6389,9461,5887,3913,24.7212,-7.66476,8.5961,47.8993
7724,4526,4142,3715,3177,6960,5829,3982,3356,7338,6117,3941,3412,4676,4260,3571,3275,0.852159,-18.2076,8.88503,48.1847
7725,6273,4701,3840,3321,9939,5428,3942,3314,6019,4544,3615,3280,3950,3869,3419,3144,-7.34108,-24.6352,8.98598,48.3987
7726,4059,4091,3688,3446,5436,6150,4394,3526,5909,7350,4450,3676,4501,4602,3995,3394,2.42722,-11.4551,8.65111,48.4447
7727,3922,3825,3522,3106,5562,4878,3769,3407,8079,6762,4115,3364,5664,5030,3778,3395,7.02942,-17.8499,8.75177,48.1187
7728,12059,6734,4021,3286,6117,4901,3810,3389,4004,3819,3432,3158,3381,3378,3177,3059,-26.3063,-23.2952,8.95358,47.8167
7729,3311,3502,3658,3449,3667,4314,4752,3923,4090,6024,7634,4818,4004,5004,5779,4510,10.4007,3.3568,8.63454,48.2927
7730,3456,3958,6216,11123,3386,3752,4915,6949,3138,3459,3911,4240,3122,3316,3396,3373,-21.551,25.2824,8.63975,47.8067
7731,3662,3619,3458,3163,4612,4583,3828,3325,7365,6934,4322,3441,6249,6010,4107,3484,11.6917,-15.6921,8.78151,48.108
7732,5542,6052,4206,3654,6531,7716,4431,3518,4506,4619,3846,3422,3711,3664,3430,3205,-10.6738,-12.8801,8.7434,48.0353
7733,3428,3977,5955,9622,3397,3823,5400,7968,3285,3565,4103,4468,3123,3224,3492,3518,-17.377,23.9479,8.79014,48.232
7734,3426,3822,5962,12401,3370,3629,4600,5922,3277,3413,3731,3849,3248,3369,3431,3367,-33.8323,33.6903,8.87978,47.2113
7735,3243,3362,3480,3325,3571,3828,3871,3576,4408,5538,5604,4196,4712,7571,7449,4710,20.6411,-0.138331,8.53763,48.296
7736,3775,4909,6163,4757,3858,5385,7936,5176,3553,4099,4630,4071,3319,3465,3648,3557,-11.4697,6.33484,8.89735,48.2007
7737,3796,4168,4257,3850,3918,5759,6513,4419,3999,5586,6082,4308,3708,4114,4256,3749,-1.24174,2.28245,8.74444,48.3213
7738,4006,3743,3439,3134,6033,4499,3663,3177,9888,5371,3851,3446,6139,4730,3673,3330,7.05827,-32.7895,8.86978,48.0813
7739,3496,4425,8443,9511,3454,3914,4977,5438,3346,3529,3871,3857,3108,3353,3375,3437,-32.516,16.5211,8.80545,47.6893
7740,3549,3572,3331,3196,4624,4152,3465,3251,8833,5218,3916,3352,8769,5427,3826,3421,14.6464,-33.7884,8.8205,47.9347
7741,11823,6397,3955,3408,6571,4841,3861,3355,3953,3848,3500,3325,3317,3323,3221,2990,-24.9694,-26.6927,8.50037,47.792
7742,4839,5060,4111,3465,6039,8095,4718,3686,4617,5430,4152,3563,3898,3862,3547,3275,-6.12648,-10.8699,8.88602,48.238
7743,6005,9392,6216,4113,4623,5648,4668,3829,3713,3866,3679,3491,3300,3331,3232,3060,-23.8362,-6.23722,8.79148,48.1107
7744,3751,4246,4410,4053,3926,5910,7077,4496,3945,5050,5711,4256,3510,3887,4032,3721,-3.08746,2.82132,8.86295,47.9873
7745,3321,4102,6284,10179,3355,3934,5231,7680,3160,3560,4000,4318,3195,3307,3380,3518,-19.1148,22.4354,8.84406,48.3493
7746,3634,4066,4697,4250,3739,5106,7724,5294,3579,4615,6114,4714,3388,3729,3983,3831,-3.08135,7.48631,8.74932,48.3087
7747,3174,3174,3363,3392,3246,3519,3969,3849,3415,3986,5097,5413,3457,4560,8646,9257,33.0516,15.9633,8.87841,47.678
7748,3903,5634,9653,6443,3759,4457,5830,4883,3381,3726,3856,3693,3144,3274,3379,3317,-23.6883,8.57112,8.9576,48.2213
7749,3320,3668,4874,5595,3417,3981,6112,8888,3272,3713,5013,6054,3155,3435,3869,4090,-5.8431,20.5831,8.89929,48.304
7750,3387,3929,6511,12201,3396,3846,4783,5983,3323,3351,3797,4068,3114,3398,3416,3435,-32.2754,25.2866,8.54183,47.9587
7751,3156,3243,3355,3379,3212,3429,3864,3987,3481,3868,4927,5783,3459,4111,7070,11294,30.0958,21.9544,8.56328,47.7453
7752,3913,5032,6814,5207,3800,5199,7433,5103,3504,3902,4450,4012,3228,3396,3498,3423,-13.4011,6.95911,8.62732,47.9427
7753,6991,5133,3887,3324,9474,5442,3911,3405,5261,4222,3658,3278,3866,3589,3372,3094,-10.1772,-25.2523,8.63178,47.938
7754,3209,3655,4618,5944,3383,3820,5120,9958,3337,3698,4612,6396,3098,3509,3831,4094,-5.99361,28.0337,8.99915,48.188
7755,3519,4102,6540,8919,3494,3883,5753,7503,3312,3541,4031,4251,3106,3338,3566,3453,-17.4367,19.9367,8.86707,48.2073
7756,3382,4120,7393,11075,3359,3825,5032,5837,3249,3524,3889,3851,3098,3246,3378,3437,-32.2019,20.2507,8.61249,47.7967
7757,4111,3800,3450,3158,6214,4383,3696,3386,10017,5268,3829,3326,6039,4683,3639,3222,6.82149,-31.3812,8.83796,48.1473
7758,6207,4681,3678,3305,9881,5275,3762,3363,5993,4476,3603,3263,4002,3805,3436,3229,-7.42739,-33.4615,8.63518,47.9727
7759,3228,3530,4125,4782,3305,3681,4916,8068,3349,3854,5070,8440,3213,3538,4171,4758,0.604696,28.7803,8.64655,48.0187
7760,3350,3763,4271,4324,3549,4256,6641,6013,3580,4150,6513,5968,3360,3737,4472,4489,-0.154398,13.6523,8.6469,48.2907
7761,7521,9472,5271,3796,5124,5337,4217,3583,3719,3856,3697,3286,3258,3364,3275,3082,-29.8012,-11.3677,8.57233,47.9053
7762,3344,3348,3285,3117,3917,3744,3478,3301,5674,5084,3860,3472,10379,8220,4266,3483,27.0992,-18.291,8.98231,47.9813
7763,3551,3522,3484,3228,4058,4613,4058,3556,5257,8028,5237,3800,4895,6241,4659,3859,11.7978,-6.77596,8.70864,48.0307
7764,3465,3462,3325,3095,4145,3948,3574,3214,6482,5481,3860,3477,9608,7347,4311,3470,21.6837,-18.6847,8.73604,48.176
7765,7829,9537,5044,3667,5253,5420,4141,3576,3845,3880,3595,3356,3316,3332,3111,3130,-25.8394,-12.5904,8.86656,48.0213
7766,5349,6008,4292,3553,6129,8067,4740,3675,4403,4903,3879,3434,3610,3662,3541,3195,-10.3835,-11.0363,8.94756,48.2933
7767,3448,3389,3222,3194,4312,4022,3432,3197,7827,5120,3842,3393,10209,5979,3899,3395,18.8445,-25.6096,8.99443,47.92
7768,6168,4678,3679,3282,9846,5356,3875,3392,6136,4537,3642,3305,4004,3804,3395,3132,-6.74123,-27.222,8.76625,48.154
7769,3053,3147,3400,3367,3154,3543,3884,3919,3489,3954,5351,5900,3589,4306,7972,9919,24.425,17.8783,8.80664,47.9647
7770,4192,3923,3480,3098,6480,4934,3840,3220,8985,5729,3921,3501,5473,4611,3666,3201,5.0675,-22.1135,8.7287,48.1693
7771,3335,3351,3431,3222,3766,3886,3638,3513,4563,5557,4704,3874,5462,9294,6484,4198,24.1174,-5.06222,8.53938,48.1853
7772,4264,6115,7914,5261,3965,5082,6417,4785,3470,3931,4105,3678,3218,3444,3402,3372,-18.5353,4.66698,8.5565,48.282
7773,7957,5469,3744,3396,9004,5747,3939,3406,4777,4153,3441,3234,3680,3437,3314,3111,-13.2548,-23.2611,8.9041,47.8727
7774,3530,3513,3327,3141,4022,4297,3897,3580,5304,7433,5143,3813,5407,7071,5057,3837,14.2961,-7.55233,8.53454,48.248
7775,3444,3362,3266,3223,4147,3681,3449,3250,7187,4839,3797,3469,11636,5825,3843,3365,21.8964,-30.9886,8.8542,47.8553
7776,11361,7443,4062,3293,5760,4825,3832,3402,3945,3852,3342,3231,3321,3450,3224,3006,-31.5323,-20.3871,8.93202,47.566
7777,5814,5818,4085,3514,6854,7475,4432,3515,4758,4694,3853,3443,3626,3665,3481,3189,-10.5927,-14.1815,8.57734,48.144
7778,3053,3313,3524,3468,3284,3521,4001,4274,3442,3927,5525,7267,3434,4221,6624,9075,18.1917,19.534,8.51699,47.9687
7779,3079,3154,3425,3518,3221,3516,3833,4345,3364,3927,5090,7631,3335,3941,5875,10633,19.2927,27.2837,8.8824,47.9247
7780,4635,4520,3784,3325,6792,6654,4194,3515,6194,5814,4081,3425,4283,4167,3685,3257,-1.82354,-15.6363,8.61259,48.2167
7781,3201,3500,4129,4859,3405,3839,4870,8147,3383,3662,4942,8200,3290,3652,4141,4801,-0.146473,32.6749,8.61389,48.014
7782,3265,3353,3300,3330,3541,3645,3764,3561,4122,4910,4966,4103,4715,8409,8428,4733,30.0202,-0.0717426,8.94426,48.0967
7783,3730,4933,8216,6545,3698,4479,6533,5575,3469,3711,4096,4042,3250,3315,3477,3408,-18.1767,10.8464,8.5129,48.318
7784,3365,3969,6642,12073,3381,3753,4821,5994,3155,3410,3921,3925,3084,3210,3370,3469,-28.7472,24.2589,8.76479,47.6947
7785,4745,4288,3440,3344,7983,4786,3754,3356,8398,4945,3835,3266,4862,4278,3632,3239,0.690314,-30.8549,8.83231,48.1007
7786,3616,4667,8937,8186,3551,4133,5605,5777,3219,3492,3906,4068,3075,3292,3484,3410,-22.8744,14.0595,8.9142,48.2787
7787,12189,6430,4029,3353,6385,4887,3799,3391,4008,3779,3525,3204,3425,3346,3133,3116,-25.8989,-24.7771,8.85002,47.9993
7788,4156,5538,6829,4664,4124,5753,7120,4662,3555,4161,4261,3797,3271,3375,3528,3431,-14.2272,3.52713,8.50454,48.15
7789,3604,3552,3344,3091,4477,4063,3437,3315,8086,5414,3909,3361,9344,5995,3943,3444,17.1834,-22.7395,8.98844,48.2527
7790,9051,5461,3864,3377,9025,5317,3705,3312,4548,4035,3495,3288,3624,3422,3319,3058,-15.1677,-31.1172,8.57791,47.934
7791,3363,3998,6224,11477,3444,3820,5035,6753,3166,3632,3706,3977,3158,3274,3504,3522,-22.5214,25.3293,8.63412,48.0353
7792,5669,4499,3583,3257,9485,5360,3868,3361,6572,4810,3726,3279,4190,3878,3377,3180,-5.33965,-24.839,8.66642,48.0627
7793,3136,3201,3363,3464,3203,3393,3963,4084,3404,3890,4896,6842,3520,3906,5919,11719,22.6646,31.25,8.56847,47.9353
7794,3106,3285,3325,3318,3285,3588,3880,3915,3658,4019,5190,5354,3564,4692,9046,8699,29.3392,14.6718,8.76328,47.9493
7795,3388,3484,3243,3060,4177,3990,3494,3330,6597,5298,3930,3454,10235,6944,4141,3403,22.3805,-20.4801,8.69745,48.112
7796,8101,5545,3956,3387,9208,5609,3902,3313,4769,4170,3543,3278,3680,3515,3400,3150,-13.3694,-23.3252,8.92914,48.3507
7797,3308,3439,3250,3201,4102,3893,3486,3227,6580,5030,3904,3424,10889,6895,4134,3446,22.9231,-21.6645,8.91546,48.1387
7798,3529,3742,3884,3716,3742,4810,5934,4459,3861,5312,7525,4955,3683,4173,4745,4021,3.89402,5.58157,8.85173,48.0607
7799,6757,10049,5585,3825,4979,5206,4329,3726,3713,3954,3515,3441,3318,3456,3192,3171,-33.2864,-9.52911,8.79306,48.144
7800,3448,3925,5791,12135,3452,3738,4628,5835,3292,3459,3778,3915,3209,3243,3360,3386,-33.956,33.9474,8.88065,47.0627
7801,3436,3819,5332,5475,3473,4263,7399,7526,3363,3798,4891,5091,3215,3427,3764,3861,-8.26356,15.6267,8.611,48.0887
7802,3370,3916,5048,5304,3458,4289,7105,7387,3451,3886,5180,5351,3291,3490,3882,3908,-6.46081,15.5312,8.77772,48.2107
7803,3702,4586,5820,4662,3777,5460,8073,5350,3610,4048,4930,4225,3298,3593,3718,3694,-9.10107,7.23308,8.69036,48.364
7804,3094,3244,3393,3419,3296,3568,3959,3982,3547,4183,5830,5589,3592,4787,8779,8094,22.6244,13.8421,8.88637,48.2373
7805,4926,8858,8044,4697,4197,4957,4816,4075,3522,3682,3790,3505,3245,3400,3320,3175,-28.702,-0.949352,8.86761,48.1393
7806,7085,10078,5368,3854,4910,5191,4265,3637,3785,3790,3676,3371,3301,3388,3247,3144,-29.4284,-9.93256,8.82449,48.06
7807,3343,3954,5955,8939,3427,3956,5396,8194,3360,3659,4137,4521,3051,3295,3501,3574,-16.1272,23.1251,8.55229,48.1747
7808,3288,3790,4867,6117,3423,3896,5951,9224,3263,3581,4665,5707,3157,3438,3791,4080,-7.79071,22.1255,8.65694,48.1587
7809,3087,3258,3392,3370,3218,3430,3808,4011,3330,3891,4978,6830,3438,4158,6633,11276,23.1443,23.6515,8.66058,48.072
7810,6623,4663,3677,3336,10049,5156,3772,3471,5842,4319,3657,3330,3710,3682,3384,3175,-8.32477,-31.9217,8.89806,47.8973
7811,3137,3129,3431,3455,3197,3545,4028,4293,3423,4001,5624,7450,3483,4254,6715,9358,18.2923,20.4396,8.81683,48.3487
7812,3230,3358,3327,3321,3465,3718,4040,3675,4025,5189,5787,4489,4447,6977,8302,5058,21.5316,2.56697,8.51797,48.272
7813,4536,7178,7145,4606,4285,5937,5875,4357,3739,3920,3945,3606,3274,3381,3480,3302,-18.4207,-0.0976988,8.87307,48.3773
7814,3561,3715,3752,3371,4221,5221,4356,3671,4946,8009,5697,3930,4480,5280,4407,3792,7.12276,-5.13158,8.89961,48.2727
7815,9609,5559,3876,3435,8404,5169,3891,3346,4490,3918,3454,3296,3538,3489,3287,3118,-16.7717,-29.6391,8.56751,47.9193
7816,3459,3475,3312,3126,4520,4011,3569,3357,8285,5419,3884,3374,9039,5948,3959,3411,16.2027,-23.2956,8.94085,48.0987
7817,3962,4291,3857,3606,4698,6754,5131,3871,4707,6628,4971,3815,3991,4224,3999,3559,-0.0556521,-5.43123,8.74871,48.0427
7818,3153,3293,3291,3318,3362,3623,3853,3770,3735,4428,5431,4949,3817,5389,9696,6779,25.1188,9.41281,8.83153,47.9247
7819,3427,3882,5571,10153,3325,3839,5114,8289,3373,3530,3897,4357,3233,3227,3509,3584,-17.4679,28.4893,8.93327,48.2067
7820,3928,5667,8834,5847,3873,4638,6385,4905,3385,3787,4063,3704,3193,3290,3301,3474,-19.85,7.16643,8.62793,48.1827
7821,4991,5060,3986,3500,6669,7831,4252,3456,5125,5342,3930,3349,3897,3824,3508,3250,-5.9713,-13.2533,8.95912,47.98
7822,3131,3305,3789,4065,3371,3726,4647,6279,3384,3883,5191,9704,3360,3673,4581,5903,6.13998,30.0986,8.61571,47.9947
7823,3076,3247,3420,3542,3109,3379,3977,4250,3370,3835,5152,7698,3371,3891,6038,10653,19.5483,25.9182,8.7875,48.0053
7824,3401,3995,5947,12393,3365,3766,4789,6599,3193,3402,3809,4005,3091,3175,3400,3468,-24.4858,29.831,8.60854,47.8653
7825,3569,3404,3288,3089,4210,4171,3486,3189,7767,5095,3872,3377,10077,5950,3894,3405,18.4524,-33.964,8.53718,47.8953
7826,12673,6008,3894,3373,6219,4739,3758,3412,3901,3703,3458,3235,3332,3365,3239,3117,-26.2142,-30.5905,8.86081,47.6173
7827,3168,3258,3395,3354,3269,3555,3759,3934,3442,3879,4823,5851,3297,4030,6756,11746,29.9293,23.3406,8.50038,47.6773
7828,3411,4036,5699,7486,3428,4028,6212,8413,3329,3638,4238,4885,3144,3330,3487,3647,-13.0673,20.0787,8.97493,48.274
7829,3442,3442,3303,3069,4318,3941,3540,3249,7243,5370,3926,3308,9717,6462,4037,3480,19.1411,-21.763,8.59738,47.898
7830,4525,7493,8804,5202,4093,5047,5201,4314,3462,3705,3825,3578,3282,3372,3270,3196,-25.4034,2.30649,8.55511,48.246
7831,9885,6184,4003,3338,7628,5368,3924,3471,4264,4007,3542,3299,3464,3442,3277,3091,-18.4997,-22.9225,8.83075,48.1247
7832,8017,9146,4864,3532,5253,5298,4159,3525,3812,3946,3586,3339,3453,3390,3236,3253,-32.1162,-13.5115,8.50592,47.8727
7833,3735,4887,9302,7660,3658,4207,5619,5389,3244,3631,3821,3802,3164,3271,3427,3351,-24.301,12.5821,8.57946,48.112
7834,3210,3251,3339,3352,3357,3556,3748,3990,3452,4021,5022,5647,3482,4346,7795,10041,32.0209,18.4617,8.50073,47.7393
7835,3091,3273,3307,3345,3383,3620,3736,3812,3636,4242,5327,4948,3890,5537,9907,6840,30.1692,8.99943,8.96126,47.9293
7836,5649,6410,4421,3596,6182,7758,4647,3643,4325,4668,3947,3441,3642,3551,3512,3237,-12.276,-11.621,8.93989,48.4193
7837,3696,4305,4980,4238,3847,5329,7862,4985,3595,4597,5669,4529,3355,3639,3946,3750,-5.23491,6.16289,8.92967,48.2147
7838,3502,3456,3176,3165,4228,3936,3544,3194,7730,5066,3711,3329,10861,5721,3889,3338,19.7434,-27.8035,8.52685,47.8973
7839,3525,3648,3567,3324,3930,4582,4241,3629,4727,7613,6068,4058,4558,6059,5210,3988,11.2202,-3.57191,8.6509,48.4847
7840,3615,3843,3599,3396,4197,5118,4441,3737,4833,8172,5813,4001,4254,5167,4523,3746,7.17388,-4.52252,8.95202,48.3033
7841,3990,5601,8253,5453,3944,4980,6693,4843,3415,3764,4173,3778,3215,3359,3450,3320,-18.4249,6.27616,8.9903,48.154
7842,3027,3227,3363,3361,3237,3503,3896,4098,3471,3943,5397,6606,3403,4365,7337,10112,22.085,19.3762,8.84213,48.2307
7843,3381,3379,3357,3140,4046,3923,3601,3149,7175,5027,3835,3360,11398,5868,3963,3411,21.331,-31.1888,8.52995,48.0087
7844,3618,3786,3902,3606,4064,5183,5154,3979,4333,6805,6697,4251,3955,4631,4591,3951,4.70687,-0.251172,8.9472,48.3373
7845,3961,3794,3384,3160,6059,4411,3726,3272,9894,5262,3734,3364,6325,4722,3713,3275,7.1258,-31.6744,8.89839,48.0373
7846,10955,7428,4285,3290,5984,5006,3876,3452,4019,3766,3575,3179,3390,3344,3279,3237,-26.8003,-20.3448,8.70483,48.0433
7847,3481,4222,7099,10456,3519,3972,5217,6539,3226,3447,3793,4090,3163,3271,3315,3345,-22.5509,20.7674,8.65481,48.1033
7848,3448,3502,3309,3151,3874,3714,3429,3189,6239,4726,3752,3452,12157,6328,4043,3450,26.3799,-26.8968,8.60605,47.842
7849,5970,9847,6092,4089,4686,5266,4523,3792,3687,3756,3652,3363,3352,3369,3175,3158,-32.6305,-6.54939,8.55642,47.8513
7850,2999,3164,3444,3515,3284,3433,3819,3930,3305,3878,4886,6121,3405,4012,6529,11893,26.2275,24.2948,8.55724,47.7447
7851,3398,3445,3136,3160,3935,3784,3401,3265,6031,4631,3784,3358,12772,5950,3873,3276,32.329,-29.2383,8.98327,47.466
7852,3794,3689,3379,3164,5273,4306,3621,3309,9545,5406,3917,3350,7203,4952,3746,3342,10.3928,-25.9589,8.61264,47.9973
7853,4859,4152,3485,3336,8516,4938,3754,3293,8005,4937,3682,3353,4584,4188,3510,3334,-0.869032,-29.5987,8.52595,47.9507
7854,3309,3927,5964,11896,3420,3714,4869,6887,3250,3391,3935,4001,3145,3123,3391,3392,-23.1581,30.8402,8.76902,47.7427
7855,7400,6735,4206,3482,7176,6362,4198,3633,4392,4268,3627,3328,3616,3465,3354,3215,-15.1706,-16.5357,8.91611,48.3047
7856,3486,3456,3369,3081,4053,4052,3457,3169,6906,5610,4051,3415,9135,7172,4304,3532,19.3577,-18.7549,8.78958,48.1653
7857,3500,4155,6539,6758,3585,4303,6891,6811,3421,3614,4317,4420,3181,3357,3574,3626,-14.3454,14.9752,8.52395,48.0347
7858,3440,3411,3179,3155,3977,3844,3490,3227,5769,5071,3854,3425,11085,7353,4037,3393,32.6809,-20.5419,8.60008,47.8067
7859,3137,3415,3405,3533,3322,3730,4272,4126,3550,4260,6625,6437,3566,4640,7426,7057,16.9663,14.0211,8.74514,48.334
7860,4676,6754,6029,4289,4507,6677,6001,4128,3722,4242,4126,3671,3301,3565,3470,3241,-15.3238,-1.82812,8.73253,48.266
7861,3295,3324,3391,3410,3411,3625,3973,3758,3676,4503,5288,4708,3986,5809,9764,6312,33.1241,7.6721,8.70276,48.1553
7862,6241,6799,4421,3659,6396,7260,4281,3536,4310,4378,3630,3347,3484,3661,3327,3097,-13.985,-13.3479,8.50781,47.8847
7863,3330,3929,6166,12379,3397,3729,4735,6143,3068,3502,3796,3972,3252,3205,3448,3408,-27.6481,27.4065,8.64178,47.6393
7864,3439,4251,7321,8953,3335,4017,5853,6540,3314,3537,3951,4198,3150,3214,3428,3650,-19.8435,17.8345,8.81515,48.1007
7865,3272,3313,3359,3338,3558,3699,3670,3656,4084,4862,5063,4160,4547,7750,8664,5127,31.6331,1.48172,8.60254,48.0813
7866,5325,9046,7125,4393,4586,5085,4697,3919,3510,3825,3683,3583,3289,3351,3240,3185,-30.4662,-3.58874,8.5638,47.8947
7867,3560,3971,4643,4455,3628,4802,7629,5461,3637,4354,6184,4899,3401,3677,4000,4009,-3.04076,9.31145,8.55,48.2067
7868,3111,3481,3583,3702,3453,3695,4257,4414,3532,4243,6907,6984,3575,4207,6597,6607,14.0876,15.1967,8.67975,48.232
7869,5184,6415,4650,3783,5683,8242,4945,3740,4184,4646,3957,3394,3539,3573,3268,3214,-11.5243,-8.51357,8.99549,48.278
7870,4951,4230,3661,3298,8016,5424,3879,3438,7687,5389,3844,3356,4592,4177,3577,3346,-0.689848,-21.8922,8.85133,48.5767
7871,4297,6971,9130,5405,3862,4748,5211,4440,3469,3784,3726,3636,3120,3273,3399,3261,-28.6815,3.77883,8.61799,47.8213
7872,3054,3296,3572,3644,3317,3620,4105,4715,3431,3857,5348,8856,3420,3898,5450,8629,14.5781,25.3998,8.65574,48.1413
7873,3353,4025,5767,10679,3448,3754,5133,7493,3300,3423,3989,4258,3172,3229,3372,3398,-19.4407,32.7571,8.50622,47.862
7874,4008,5566,7370,5146,3906,5452,6975,4788,3509,3894,4346,3904,3273,3480,3537,3341,-15.7554,4.92417,8.58086,48.33
7875,4297,7213,9178,5251,3940,4758,5151,4460,3586,3641,3760,3745,3201,3292,3409,3436,-32.4813,3.22604,8.70382,48.212
7876,7273,5098,3811,3282,9564,5353,3849,3463,5378,4353,3539,3303,3788,3613,3320,3202,-11.0031,-28.9999,8.65321,48.126
7877,4225,4136,3686,3446,6051,6121,4027,3495,6543,6875,4233,3607,4611,4684,3731,3319,2.29621,-14.5907,8.56204,48.5267
7878,3489,4103,6906,10539,3369,3867,5113,6774,3199,3515,3813,4113,3129,3250,3440,3467,-21.8237,21.2545,8.75187,48.0573
7879,4423,4415,3690,3243,6397,6615,4335,3475,6082,6337,4163,3600,4319,4286,3587,3401,-0.486704,-14.4354,8.50128,48.2453
7880,3291,3311,3306,3081,3943,3698,3362,3185,5682,4990,4012,3511,10363,8072,4450,3399,28.1143,-17.8991,8.96503,47.7707
7881,3348,3419,3270,3118,3857,3828,3416,3201,5688,5076,3916,3489,10251,7934,4304,3509,27.4789,-18.5216,8.70845,47.7493
7882,11037,7647,4200,3429,5850,5123,3917,3458,3824,3993,3538,3240,3357,3320,3164,3089,-27.0123,-19.8925,8.909,48.124
7883,3787,3825,3478,3257,4939,5121,4038,3398,6368,7881,4462,3577,5108,5195,3990,3468,6.83195,-12.2455,8.68483,47.928
7884,3873,4810,5625,4365,4002,6103,7516,4790,3636,4499,4849,4062,3421,3628,3666,3567,-8.519,3.12659,8.75105,48.2747
7885,3126,3309,3456,3782,3282,3518,4186,4837,3347,3790,5177,9688,3368,3720,5177,8328,13.0853,30.9808,8.91605,48.0607
7886,3645,3570,3368,3173,4834,4506,3616,3302,7593,7069,4110,3387,6487,5729,4020,3352,11.6432,-16.6766,8.88151,47.8407
7887,3094,3278,3315,3285,3464,3552,3896,3841,3567,4117,5667,5324,3672,4946,9333,7816,24.3849,12.7085,8.79679,48.1113
7888,3316,3875,5431,7880,3370,3758,5639,9454,3309,3652,4271,4941,3136,3234,3511,3634,-12.6221,23.8799,8.95501,48.274
7889,3104,3308,3446,3440,3284,3445,3696,4049,3330,3691,4801,6012,3376,3933,6324,12440,32.5136,25.5276,8.60472,47.786
7890,3323,3452,3380,3209,3788,3837,3655,3447,4676,5263,4592,3677,6184,9840,5925,3945,33.7307,-7.48256,8.62587,48.1287
7891,11240,7201,4014,3402,5930,4961,3912,3348,3992,3926,3441,3204,3443,3399,3314,3146,-33.2473,-21.1823,8.60888,47.9153
7892,3441,3531,3474,3285,3931,4195,4030,3611,4762,6954,5518,3938,4945,7090,5650,4100,15.3464,-4.41531,8.60307,48.3033
7893,3631,3850,3724,3507,4114,5246,4626,3764,4613,7642,6148,4000,4171,4893,4584,3785,6.3832,-2.98622,8.84545,48.1987
7894,3205,3304,3429,3349,3372,3603,3933,3680,3816,4637,5085,4547,4063,6437,9946,5831,30.2171,5.6307,8.82412,48.158
7895,3752,3673,3335,3014,5309,4422,3613,3238,9169,6005,3981,3388,6906,5189,3862,3428,10.5253,-22.0082,8.82551,48.1893
7896,3266,3450,3308,3202,3689,3904,3714,3479,4635,5614,4678,3733,5831,9570,6308,4054,23.5911,-6.12987,8.84052,48.29
7897,3446,3576,3440,3263,4238,4441,3819,3387,5521,7724,5048,3665,5418,6881,4839,3656,13.5183,-8.72188,8.91587,48.2413
7898,3982,3726,3408,3230,5457,4384,3586,3225,9801,5235,3869,3330,6961,4852,3804,3357,9.61288,-30.2342,8.53689,48.138
7899,3098,3309,3504,3505,3231,3526,4240,4609,3374,3764,5355,9009,3361,3931,5463,8916,14.9704,26.8147,8.75758,48.13
7900,3360,3392,3270,3157,3856,3688,3424,3211,6077,4808,3846,3359,12605,5948,3899,3317,27.5293,-33.3087,8.93762,47.478
7901,3291,3391,3399,3238,3422,3728,3760,3610,4062,4757,5062,4279,4359,7383,8933,5009,33.1662,2.3255,8.80102,47.7887
7902,3260,3542,3914,3709,3548,4074,5311,4486,3640,4991,8141,5577,3560,4240,5446,4704,7.37503,9.27947,8.85177,48.0953
7903,3381,3401,3251,3152,4285,3901,3528,3330,7970,5102,3862,3292,10493,5784,3829,3364,18.4193,-33.3089,8.95953,47.95
7904,3425,3781,4570,4804,3459,4049,6293,6975,3450,3846,5808,6150,3302,3456,4187,4289,-2.1735,16.7728,8.66173,47.896
7905,3365,3320,3312,3090,3961,3782,3548,3171,5855,5054,3945,3442,10804,7611,4255,3345,28.0424,-19.5539,8.7821,47.9067
7906,3180,3358,3343,3153,3619,3901,3791,3614,4282,5522,5557,4272,4742,7456,7710,4766,21.0952,0.702259,8.51457,48.1773
7907,3339,3681,4336,5069,3424,3877,5618,7761,3262,3873,5393,7224,3253,3613,4144,4497,-1.14447,21.0637,8.65364,48.2427
7908,3486,4297,7855,9611,3461,4080,5382,6195,3201,3569,3882,4021,3083,3218,3431,3459,-22.6426,17.9384,8.79114,48.154
7909,3102,3318,3328,3456,3195,3552,3973,3735,3770,4303,5311,4779,3810,5684,9997,6384,33.1384,8.28964,8.9848,47.798
7910,3383,3341,3269,3127,3981,3916,3504,3206,5993,5633,4230,3552,8780,7996,4575,3611,21.7531,-15.7802,8.74811,48.0647
7911,4010,3846,3390,3158,5977,4537,3657,3359,9578,5346,3929,3399,6346,4812,3817,3324,7.78184,-25.6626,8.60186,48.3233
7912,6434,8106,4877,3705,5663,6823,4547,3642,4054,4034,3661,3397,3349,3341,3311,3213,-17.786,-10.5643,8.89489,48.1047
7913,3101,3166,3474,3354,3226,3519,3800,3868,3497,4248,5166,5365,3650,4712,9184,8646,32.0775,14.4757,8.99904,47.984
7914,4861,4042,3514,3240,8053,5074,3794,3233,8231,4991,3799,3474,4797,4249,3488,3274,0.0171166,-26.8885,8.7076,48.076
7915,3372,3405,3330,3141,3800,3647,3477,3163,5905,4681,3906,3355,12691,5927,3950,3374,32.3925,-31.2121,8.94203,47.416
7916,3053,3181,3440,3334,3231,3431,3721,3830,3451,3913,5052,5921,3444,4160,7398,11248,29.2948,20.7915,8.84036,47.872
7917,4357,4049,3455,3128,7437,4780,3690,3424,9001,5015,3758,3309,5217,4379,3648,3331,2.56424,-33.0262,8.84514,47.9853
7918,3362,3406,3236,3185,3957,3765,3407,3157,6728,4861,3794,3375,12125,5814,3730,3455,23.0579,-29.3407,8.9682,47.5713
7919,5478,9453,6842,4242,4487,5120,4625,3986,3603,3759,3687,3492,3196,3439,3411,3158,-33.8454,-4.28929,8.56362,47.9853
7920,12418,5876,3861,3320,5950,4551,3777,3520,3902,3739,3400,3260,3399,3409,3356,3210,-32.8239,-32.8371,8.5562,47.2987
7921,3224,3972,6337,12161,3413,3800,4866,6025,3231,3382,3762,3904,3109,3255,3388,3508,-32.7829,24.9665,8.59894,47.558
7922,12017,6153,4005,3328,6633,4865,3891,3368,4007,3711,3409,3203,3489,3357,3231,3146,-24.0751,-26.7687,8.85616,47.8753
7923,5560,6352,4254,3594,6180,7928,4591,3683,4421,4524,3799,3438,3626,3675,3477,3178,-11.7916,-11.3561,8.92842,48.1867
7924,4854,4221,3702,3287,8543,4987,3729,3347,7883,4862,3790,3369,4481,4251,3554,3208,-1.15775,-33.6294,8.64765,48.0453
7925,12434,6245,3883,3491,6305,4803,3800,3275,4064,3656,3415,3094,3467,3394,3133,3095,-25.8238,-28.0358,8.67592,47.7027
7926,3388,3730,3666,3406,3939,4765,4321,3673,4798,7498,6071,4107,4428,5637,4948,4049,10.0194,-3.47375,8.66499,48.2827
7927,8092,5241,3833,3264,9430,5373,3851,3391,5030,4222,3543,3244,3650,3592,3239,3126,-12.7932,-25.7188,8.89314,48.0807
7928,3285,3334,3484,3420,3625,3946,4088,3705,4022,5891,6697,4451,4241,6359,7145,4738,16.7254,2.30915,8.8432,48.2873
7929,3356,3408,3314,3122,3747,3836,3544,3409,4702,5558,4485,3693,6566,9876,5744,3886,25.1804,-8.44404,8.83909,48.164
7930,5000,4298,3608,3216,8754,5027,3747,3279,7818,4869,3664,3316,4651,3872,3493,3213,-1.33585,-29.8904,8.76332,47.8833
7931,3425,3832,4554,4657,3549,4371,7153,6203,3512,4152,6316,5483,3278,3617,4195,4244,-2.22362,12.9283,8.97148,48.3607
7932,3226,3650,4455,5176,3431,3859,5589,8475,3377,3720,5033,6833,3248,3403,4064,4520,-2.85008,21.7073,8.56398,48.0393
7933,4250,6757,9070,5500,3959,4865,5837,4458,3536,3831,3810,3507,3177,3377,3356,3312,-22.5249,4.07538,8.7392,48.4013
7934,3366,3404,3389,3182,3727,3772,3587,3439,4679,5237,4506,3700,6222,9981,5888,3968,33.5784,-7.39361,8.99979,48.0313
7935,6247,4991,3902,3361,9158,6249,3920,3331,5572,4555,3675,3208,3840,3720,3339,3210,-8.27474,-20.979,8.90957,48.1853
7936,12845,5987,3815,3308,5943,4775,3731,3429,3939,3792,3459,3258,3409,3433,3221,3265,-32.7433,-30.9019,8.85635,47.7393
7937,3697,3571,3408,3088,4662,4398,3733,3304,7773,6790,4167,3404,6758,5796,4119,3454,12.3694,-17.3285,8.8029,48.0813
7938,3575,3442,3265,3071,4432,4073,3497,3230,8377,5377,3869,3498,9280,5719,3889,3422,16.4161,-24.3055,8.63066,48.0107
7939,3851,3768,3321,3078,5035,4320,3567,3303,9508,5229,3797,3380,7538,5003,3778,3307,11.7673,-29.6241,8.75032,47.8553
7940,4826,6675,5500,4028,4876,7217,5868,3954,3893,4391,4094,3523,3454,3517,3422,3242,-13.8981,-4.39415,8.85683,48.32
7941,3615,3577,3305,3086,4735,4557,3652,3266,7627,6670,4194,3410,6904,6060,4151,3486,12.9533,-17.1755,8.96731,48.1967
7942,7712,9473,5103,3596,5006,5284,4305,3613,3874,3790,3660,3283,3336,3382,3273,3165,-31.2826,-11.7873,8.57766,47.9033
7943,12206,6024,3964,3319,6731,4791,3808,3434,4014,3773,3399,3073,3372,3298,3199,3103,-23.8664,-29.4549,8.89919,47.672
7944,3090,3258,3323,3239,3416,3615,3826,3831,3542,4265,5183,5114,3735,5281,9753,7472,26.7839,11.3977,8.85792,47.962
7945,3445,4025,7538,10972,3389,3790,5050,5841,3250,3425,3929,3981,3030,3271,3424,3460,-33.8019,19.9772,8.9027,47.88
7946,3453,3370,3148,3128,3981,3686,3515,3255,5795,4954,3836,3284,10744,7715,4302,3465,31.3961,-19.3236,8.95113,47.754
7947,4972,4459,3629,3312,8385,5461,3803,3367,7157,5160,3775,3332,4497,4068,3619,3204,-2.02278,-22.0144,8.86134,48.1333
7948,4870,6160,4863,3760,5231,8058,5267,3899,4129,4739,3934,3499,3516,3555,3454,3285,-11.1017,-6.4853,8.64156,48.146
7949,3372,4191,6831,11476,3413,3800,4912,6291,3198,3454,3699,4014,3063,3205,3406,3415,-25.122,22.9924,8.5804,47.8267
7950,5848,4618,3725,3380,9478,5451,3836,3307,6327,4562,3612,3299,4211,3896,3396,3202,-5.7082,-25.1419,8.77678,48.0987
7951,3153,3343,3432,3333,3518,3897,4019,3738,4014,5170,6279,4596,4271,6234,7907,5211,18.9678,3.84414,8.68825,48.0767
7952,8597,7307,4208,3516,6705,5854,4044,3490,4212,4074,3621,3275,3537,3531,3286,3137,-18.9954,-17.5773,8.83062,48.2627
7953,7039,5028,3628,3284,9872,5247,3790,3335,5355,4284,3634,3353,3891,3596,3350,3147,-10.382,-31.9546,8.6018,47.8887
7954,4415,6532,7236,4789,4149,5774,6292,4452,3546,4077,3977,3731,3303,3559,3334,3300,-17.6071,1.46565,8.75502,48.3107
7955,3406,3379,3438,3245,3869,4121,3917,3433,4813,6748,5178,3978,5137,7594,5678,3952,16.437,-5.70106,8.5229,47.924
7956,3603,3539,3176,3204,4169,4092,3593,3278,7063,5974,4183,3459,8387,6719,4255,3514,17.523,-18.1538,8.58948,48.1387
7957,4839,5315,4291,3642,5982,8014,4930,3673,4549,5103,4174,3549,3642,3686,3514,3234,-8.12663,-10.0747,8.60966,48.0913
7958,3428,3779,3921,3729,3760,4588,5558,4336,3860,5460,7983,4986,3687,4292,4943,4308,5.36441,5.90073,8.64834,48.412
7959,3796,3685,3249,3173,5062,4293,3595,3238,9702,5265,3813,3425,7422,5047,3807,3327,11.0757,-30.2021,8.8521,47.9327
7960,4670,4707,3852,3411,6468,7199,4352,3551,5506,5812,4041,3438,4142,4140,3629,3233,-3.90433,-13.9781,8.55108,48.1007
7961,3189,3386,3318,3183,3614,3721,3696,3580,4234,5045,4831,4035,4933,8478,7973,4665,28.0594,-0.844429,8.58153,47.9207
7962,3370,3819,4664,5585,3442,3899,6325,8710,3289,3853,4787,6126,3206,3435,3786,3979,-5.65288,20.2023,8.76562,48.1833
7963,3907,4456,4321,3841,4373,7006,6099,4179,4235,5670,5211,4028,3732,3928,3896,3512,-3.40823,-1.67233,8.88052,48.2627
7964,3876,4677,5546,4412,3883,5813,7918,4944,3665,4280,5032,4150,3315,3531,3666,3553,-8.8443,4.89796,8.7705,48.174
7965,4683,4674,3892,3455,6348,7229,4228,3551,5460,5970,4085,3449,4138,3975,3703,3280,-3.27621,-13.3055,8.95663,48.08
7966,4243,4786,4258,3713,5179,7863,5227,3829,4430,5659,4473,3734,3851,3994,3800,3435,-4.85447,-6.89287,8.52985,48.316
7967,4012,3938,3505,3275,5353,5365,4006,3478,6932,7558,4243,3521,5064,4925,3956,3418,5.57526,-14.1537,8.69439,48.366
7968,3324,3297,3348,3239,3538,3724,3701,3581,4277,4918,4954,4143,4680,8339,8131,4598,32.0908,0.117503,8.51155,47.8613
7969,3373,3413,3243,3177,3748,3728,3582,3380,4890,5250,4219,3743,6919,10134,5618,3875,31.603,-9.87384,8.8912,48.1947
7970,3336,3458,3325,3156,3985,4023,3721,3360,5727,6665,4503,3686,6481,7979,4823,3660,17.8577,-11.2265,8.85148,47.9253
7971,3737,3990,4015,3520,4163,5560,5172,3921,4521,6783,6171,4065,3955,4578,4392,3751,3.3101,-1.4593,8.64904,48.196
7972,3575,4551,6831,5956,3695,4593,7377,6086,3485,3838,4364,4285,3287,3310,3420,3537,-14.3406,11.5869,8.5439,48.1267
7973,3754,5020,9550,7772,3549,4157,5401,5238,3296,3605,3878,3828,3167,3264,3467,3245,-28.2321,12.1948,8.65079,48.1273
7974,5247,4236,3637,3354,9214,5100,3810,3357,7117,4820,3647,3419,4277,4011,3486,3241,-3.10569,-32.9693,8.76943,47.982
7975,3259,3592,3922,4042,3408,4033,5377,5301,3567,4492,7443,6732,3407,3945,4932,4840,5.36341,13.4154,8.63439,48.1947
7976,4792,4590,3735,3293,6956,6702,4122,3408,6118,5885,4124,3452,4234,4115,3673,3374,-2.34061,-15.937,8.63228,48.382
7977,4067,3810,3348,3120,5970,4525,3735,3308,9570,5563,3831,3336,6284,4603,3786,3373,7.31295,-24.3519,8.7094,48.1527
7978,3138,3235,3408,3462,3314,3618,4057,3884,3703,4367,5921,5396,3755,5183,8908,7074,21.1698,11.5349,8.82501,48.282
7979,3000,3178,3342,3380,3279,3550,3987,4002,3524,4007,5342,6166,3619,4423,7805,9521,22.8274,17.2949,8.87728,48.0833
7980,4137,4749,4307,3667,4771,7651,5482,3911,4467,5839,4804,3687,3827,3994,3686,3393,-3.90238,-5.5886,8.63555,48.248
7981,3194,3423,3849,4009,3300,3734,4791,5596,3409,4010,6493,8659,3308,3762,5016,5972,7.56827,19.4719,8.65401,48.35
7982,4807,4152,3509,3226,8408,5086,3845,3372,7948,4998,3768,3395,4802,4175,3504,3243,-0.397702,-26.4187,8.65684,48.1587
7983,12423,6310,4061,3377,6210,4725,3768,3327,3897,3818,3497,3256,3386,3392,3250,3148,-26.7741,-27.63,8.80167,47.8967
7984,3185,3347,3294,3161,3539,3728,3668,3631,4222,5103,5007,4218,4765,8399,8105,4678,25.8963,-0.445946,8.8553,48.0333
7985,5359,8687,7061,4351,4350,5740,5034,4022,3684,3856,3747,3519,3338,3429,3258,3170,-22.2207,-3.42003,8.87675,48.4033
7986,3420,3369,3246,3163,4110,3911,3536,3273,6881,5004,3864,3401,10629,6716,4123,3379,21.6585,-22.3472,8.87046,48.0167
7987,4251,4005,3592,3229,6140,5506,3947,3360,7535,6535,4173,3492,4887,4527,3770,3339,3.17311,-17.5073,8.81137,48.192
7988,6575,9942,5734,3877,4804,5319,4372,3769,3863,3815,3531,3461,3334,3299,3158,3084,-26.7858,-8.50181,8.99778,47.958
7989,12327,6286,3952,3338,6060,4806,3801,3362,3958,3728,3498,3277,3352,3372,3296,3105,-33.2254,-25.7725,8.79769,47.6787
7990,4278,5453,5155,4037,4492,7098,6666,4228,3957,4625,4478,3812,3517,3637,3570,3473,-9.45711,-0.997383,8.54324,48.3173
7991,3276,3426,3367,3150,3761,3938,3701,3503,4843,6487,4783,3933,5539,8737,6057,4214,19.9052,-5.8634,8.90143,48.4767
7992,3105,3159,3506,3408,3299,3626,3867,3944,3541,3915,5214,6207,3476,4249,7533,10117,23.8695,18.8661,8.89673,48.1107
7993,3427,3739,5049,7556,3355,3997,5482,9384,3308,3622,4229,5188,3102,3346,3612,3809,-11.5483,25.2614,8.61248,48.1367
7994,3098,3567,4134,4649,3354,3748,4785,7709,3285,3797,5153,8870,3286,3583,4392,5065,1.58373,28.7623,8.68955,48.3167
7995,3852,5621,10014,6747,3614,4405,5370,4852,3377,3579,3828,3751,3191,3219,3384,3274,-29.5218,8.74619,8.8007,48.052
7996,3097,3285,3484,3453,3386,3550,4075,4493,3392,3840,5093,8764,3325,3830,5442,9398,16.045,30.5207,8.76941,47.938
7997,5537,4432,3562,3228,9653,5158,3746,3348,6859,4612,3799,3387,4254,3923,3450,3275,-4.16363,-30.1681,8.78829,48.1487
7998,3706,4232,4920,4157,3900,5351,7825,5061,3708,4559,5732,4530,3486,3802,3974,3803,-4.33294,6.08514,8.5051,48.4973
7999,3269,3518,3535,3417,3769,4211,4240,3664,4224,6338,6698,4556,4186,5933,6394,4481,14.0798,1.26204,8.88613,48.2887
8000,3162,3424,3554,3504,3457,3798,4180,4096,3777,4881,7486,5390,3881,5021,7267,5610,15.1543,8.63626,8.98141,48.3253
8001,6667,9466,5546,3905,5010,5788,4442,3744,3875,3770,3572,3325,3314,3350,3251,3147,-23.5504,-9.32703,8.73289,48.1147
8002,3081,3235,3505,3456,3240,3556,3982,4331,3480,4037,5842,7006,3562,4148,6836,8688,18.4869,18.6907,8.63369,47.99
8003,12350,6382,3922,3326,6261,4672,3891,3337,3961,3763,3420,3287,3391,3411,3235,3081,-26.8027,-25.9289,8.83686,47.7933
8004,3388,3866,5192,7505,3395,3901,5247,9473,3302,3514,4293,5093,3212,3210,3536,3770,-11.8177,31.0832,8.80976,47.9313
8005,3751,4105,4002,3567,4212,5853,5357,3888,4372,6629,6026,4005,4018,4457,4321,3883,2.39153,-1.48166,8.67694,48.2973
8006,4367,6904,8760,5232,3892,5248,5613,4495,3475,3806,3806,3670,3170,3279,3382,3206,-22.7786,3.03578,8.84511,48.2033
8007,3413,3979,6414,10784,3394,3907,5052,7154,3209,3536,3835,4168,3036,3181,3418,3482,-20.8148,23.8539,8.68719,47.9747
8008,3110,3296,3690,3787,3282,3631,4448,5473,3368,4012,5630,9338,3247,3801,5134,6818,9.79254,23.1596,8.57909,48.0433
8009,3516,3887,4050,3789,3930,5167,5888,4241,3913,5813,7110,4586,3690,4260,4539,3922,2.88449,3.28832,8.9368,48.2007
8010,3871,5270,8358,6071,3725,4816,6684,5211,3425,3747,3995,3902,3183,3404,3495,3351,-18.5993,8.51232,8.74052,48.3387
8011,3792,3810,3664,3359,4483,5510,4157,3521,5642,8013,5032,3740,4743,5346,4276,3468,6.8508,-9.0162,8.63488,48.3707
8012,3895,3772,3402,3165,5727,4784,3831,3341,8574,6416,4019,3394,5826,4919,3912,3328,6.89404,-19.4087,8.88121,48.2033
8013,12226,6352,3965,3380,6048,4782,3710,3397,4056,3812,3444,3197,3471,3361,3172,3038,-33.4806,-25.5921,8.57262,47.6073
8014,3266,3575,4012,3951,3608,4272,5639,4931,3603,4751,8008,5977,3578,4092,4879,4623,4.85386,10.5699,8.91127,48.51
8015,3658,4839,8676,7270,3536,4314,6080,5555,3378,3628,4009,3912,3134,3257,3444,3410,-20.7728,12.3364,8.57866,48.0667
8016,8773,7501,4409,3535,6517,5684,4071,3464,3965,4059,3566,3344,3470,3535,3316,3055,-20.4298,-17.1896,8.53057,48.176
8017,3101,3327,3391,3396,3332,3500,3958,4292,3298,3764,5093,8068,3353,3954,5678,10245,18.0794,32.6186,8.72807,47.8333
8018,3272,3421,4208,4785,3327,3742,5033,8393,3429,3717,4903,8042,3289,3520,4187,4882,-0.35901,26.5245,8.73484,48.1
8019,3959,3848,3443,3215,6054,4360,3630,3336,9791,5142,3782,3250,6283,4675,3718,3294,7.04149,-30.7895,8.51356,47.8533
8020,3314,3440,3867,3726,3441,4002,4977,4537,3711,4991,8213,5739,3677,4293,5685,4941,8.47062,9.55337,8.8307,48.3693
8021,3094,3182,3412,3386,3236,3438,3802,3956,3266,3838,5003,5895,3399,4044,7001,11758,32.0296,22.2538,8.5535,47.8067
8022,3626,4621,6820,5922,3635,4551,7276,6189,3392,3764,4521,4237,3174,3449,3559,3568,-13.9951,12.1427,8.69224,48.2027
8023,3274,3413,3380,3228,3652,3728,3676,3524,4350,5310,4935,4111,5005,8837,7403,4613,25.1283,-1.8993,8.89929,48.2927
8024,4579,6443,6097,4349,4328,6521,6137,4208,3685,4161,4083,3760,3321,3574,3438,3216,-14.983,-0.876796,8.54813,47.9333
8025,6204,4615,3756,3225,9952,5305,3829,3294,6022,4449,3755,3220,3924,3791,3360,3167,-7.22796,-33.048,8.9908,47.912
8026,3465,3348,3216,3121,3939,3946,3539,3210,5785,5617,4066,3457,8800,8399,4651,3635,23.2884,-15.5163,8.65677,48.1293
8027,6001,8793,5730,4114,5034,6225,4653,3800,3881,3965,3644,3420,3203,3441,3241,3078,-20.6196,-7.19925,8.751,48.1487
8028,3061,3362,3553,3640,3146,3504,4122,4740,3350,3976,5302,9168,3307,3851,5514,8539,14.2609,25.4391,8.91317,48.09
8029,3071,3309,3474,3475,3446,3707,4192,3972,3763,4548,6705,5556,3753,4988,8032,6305,17.3364,10.6166,8.89907,48.1973
8030,3378,3440,3555,3472,3459,3896,4377,4038,3716,4736,7363,5431,3735,4934,7223,5489,14.6185,8.73901,8.96367,48.1613
8031,3046,3255,3410,3351,3245,3497,3877,3938,3367,4023,5104,5575,3550,4348,8003,10022,31.2972,17.6091,8.58846,47.7407
8032,3820,3974,3444,3174,5225,5022,3887,3310,7522,7241,4253,3468,5502,5182,3904,3535,7.45195,-15.7801,8.87021,48.3087
8033,3169,3389,3358,3321,3361,3728,3871,3752,3697,4527,6010,4935,3895,5653,9315,6194,21.7459,7.86865,8.84477,48.1167
8034,3103,3231,3394,3414,3182,3543,3906,3940,3368,4012,4969,6397,3465,4108,6851,11457,23.8897,22.2207,8.88895,48.2267
8035,6796,5043,3703,3397,9459,5782,3955,3258,5439,4427,3651,3240,3902,3662,3377,3091,-9.63423,-23.6462,8.73248,48.1213
8036,3173,3384,3415,3254,3691,3765,3661,3454,4285,5069,4964,4109,4903,8788,7762,4530,30.2335,-1.75494,8.82905,48.138
8037,5789,9797,6206,3990,4688,5438,4483,3808,3727,3784,3673,3361,3307,3391,3211,3290,-33.9282,-6.30533,8.76259,47.962
8038,3342,3615,4330,5408,3398,3736,4986,8972,3260,3742,4775,7610,3151,3470,3849,4440,-2.63845,29.3314,8.71238,48.056
8039,11475,5886,3971,3417,6906,4910,3808,3396,4127,3804,3597,3253,3422,3368,3176,3107,-21.8174,-32.5416,8.56373,47.7487
8040,3358,3293,3296,3172,3914,3756,3383,3334,6112,4675,3725,3408,12731,6138,3792,3386,31.1524,-28.7594,8.73212,47.6487
8041,3974,4629,4289,3849,4571,7051,5695,3975,4384,6056,5019,3903,3750,4096,3955,3444,-2.80286,-3.58666,8.62314,48.4267
8042,3469,4317,5893,5072,3580,4862,8101,6235,3385,3895,4932,4529,3259,3551,3663,3607,-9.71705,10.7605,8.89989,48.2333
8043,3234,3755,4627,6673,3411,3820,5403,9844,3284,3611,4387,5783,3136,3388,3646,4051,-8.20416,26.8623,8.7428,48.0353
8044,3371,3405,3183,3170,3768,3875,3711,3363,5247,5808,4321,3613,7196,9329,5283,3729,23.2582,-10.9843,8.8088,48.248
8045,6776,5791,4031,3445,8014,6550,4123,3437,4828,4464,3711,3225,3714,3704,3410,3131,-12.1275,-17.9033,8.82981,48.236
8046,3257,3756,4700,4653,3461,4257,7104,6598,3399,4091,5896,5782,3282,3566,4116,4115,-2.65337,14.3872,8.90277,48.022
8047,3027,3298,3444,3409,3396,3585,3837,3979,3627,3984,5440,5477,3518,4675,9074,8498,26.2093,14.3476,8.89604,48.1787
8048,3037,3319,3584,3678,3295,3521,4177,4720,3460,3769,5027,8963,3408,3898,5314,8540,14.0893,27.4681,8.69666,47.8067
8049,3441,3846,5168,5827,3469,4172,7003,7964,3386,3762,4835,5308,3159,3408,3859,3913,-8.17724,17.3574,8.83444,48.3467
8050,6946,5492,3947,3425,8713,6277,3950,3447,5024,4387,3649,3347,3784,3644,3307,3147,-11.2499,-19.917,8.71249,48.324
8051,3364,3943,5564,10336,3338,3820,5063,8141,3311,3489,3982,4453,3035,3247,3571,3393,-17.9784,28.0684,8.96438,48.0333
8052,3475,4312,7587,10946,3337,3960,4974,5945,3133,3519,3763,4029,3087,3268,3439,3480,-28.184,20.1071,8.52082,48.1693
8053,9439,5435,3834,3411,8647,5044,3787,3397,4428,3984,3456,3250,3392,3480,3204,3034,-15.912,-32.7051,8.95765,47.4813
8054,3314,3505,3558,3362,3678,4185,4326,3914,4175,6280,7053,4536,4276,5549,6094,4613,12.8825,1.9524,8.77284,48.2787
8055,3268,3296,3498,3502,3564,3769,4184,3793,3875,5119,6730,4943,4073,5610,7835,5322,17.1777,5.73958,8.67105,48.254
8056,4780,8180,8440,4869,4134,4879,4896,4253,3544,3722,3803,3628,3264,3287,3318,3177,-28.4922,0.30482,8.81795,48.116
8057,3242,3757,4506,5252,3325,3814,5898,8432,3369,3943,5122,6744,3151,3636,3961,4352,-3.29116,20.5494,8.94269,48.336
8058,3743,5577,9657,6746,3677,4489,5775,4907,3356,3609,3851,3843,3059,3339,3409,3355,-23.457,9.30365,8.92542,48.2613
8059,3203,3223,3374,3446,3253,3527,3816,3901,3275,3764,4656,5999,3329,3926,5996,12498,31.8717,28.3355,8.93318,47.4573
8060,3307,3580,4176,4806,3332,3817,4960,8621,3443,3743,4855,7730,3326,3484,4145,4587,-1.18243,33.9973,8.77417,47.9413
8061,3733,4931,8250,6574,3756,4512,6592,5673,3370,3593,4044,3996,3196,3361,3386,3465,-18.4609,11.2449,8.77129,48.288
8062,4704,4532,3717,3395,6737,7036,4177,3433,5883,6061,4040,3439,4153,4198,3677,3162,-2.29471,-14.9172,8.98569,48.2293
8063,6780,4829,3703,3282,9729,5637,3860,3354,5549,4334,3672,3231,4011,3877,3307,3071,-9.003,-24.3346,8.88718,48.1507
8064,3281,3637,4282,4666,3398,3973,5661,7227,3406,3874,5894,7238,3218,3760,4344,4591,-0.0938828,18.8342,8.67487,48.3
8065,3650,3605,3389,3195,4405,4549,3656,3381,6899,7241,4261,3513,6274,6409,4280,3461,13.087,-14.4673,8.63705,48.112
8066,4416,6480,6942,4605,4114,6031,6410,4400,3674,4008,4098,3684,3265,3406,3585,3396,-16.5964,1.28054,8.67739,48.3427
8067,5762,5500,4222,3438,7296,7186,4249,3483,4828,4753,3774,3409,3795,3800,3396,3167,-9.65375,-15.3386,8.54996,48.0387
8068,3891,4711,5917,4710,3826,5364,8159,5267,3655,4101,4690,4146,3289,3444,3695,3534,-10.1517,6.54861,8.96795,48.266
8069,4089,3906,3601,3246,6276,4739,3696,3285,9049,5615,3866,3443,5728,4645,3748,3121,5.71309,-23.2109,8.51643,48.0353
8070,3185,3518,3442,3468,3577,3798,4188,3856,3941,5046,6918,4882,3994,5638,7601,5306,16.7367,6.00834,8.74361,48.2387
8071,4132,5330,6392,4692,4022,5902,7471,4771,3580,4008,4428,3820,3270,3477,3615,3388,-12.9975,3.78835,8.9967,48.1987
8072,4028,5444,6281,4616,4006,5864,7489,4740,3642,4094,4325,3986,3396,3579,3599,3405,-12.8647,3.77708,8.79745,48.3293
8073,3145,3350,3578,3574,3397,3897,4552,4203,3704,4817,7751,6011,3566,4538,6428,5621,12.382,10.2245,8.73959,48.088
8074,3174,3203,3351,3286,3299,3444,3795,3941,3507,4149,5394,5658,3658,4746,8669,8887,25.0621,15.4771,8.92639,48.1073
8075,3164,3485,4193,4439,3311,3754,4762,7686,3333,3763,4957,8763,3158,3631,4384,4885,1.58135,33.3569,8.66774,47.7787
8076,3120,3276,3422,3402,3302,3688,3917,3958,3546,4367,5925,5382,3743,4942,8942,7524,21.9196,11.9807,8.70682,48.304
8077,3846,3578,3378,3158,4839,4623,3619,3397,7581,6920,4264,3536,6274,5653,4024,3516,10.3403,-16.6759,8.69751,48.1373
8078,3400,3775,4764,6537,3295,3740,5310,10055,3180,3694,4358,5821,3093,3437,3729,4011,-8.19681,29.2108,8.68079,48.1327
8079,3071,3247,3261,3540,3198,3456,3793,4079,3370,3938,4894,6674,3306,3985,6444,11578,23.8971,23.6678,8.87299,47.8893
8080,3603,4749,8313,8357,3567,4178,5684,5804,3385,3594,3965,3918,3114,3186,3441,3498,-21.6364,14.7475,8.89342,48.2373
8081,3362,3317,3217,3022,3862,3790,3536,3309,5341,5170,4131,3487,8152,9597,4854,3646,30.0598,-12.692,8.95562,47.862
8082,4119,4586,4553,3863,4522,7170,6394,4308,4121,5235,5097,3961,3640,3974,3790,3529,-4.90057,-1.1264,8.6434,48.5747
8083,3291,3615,3977,3945,3561,4447,5872,4614,3758,4821,7859,5463,3610,4074,4981,4432,4.30834,8.55077,8.66129,48.2133
8084,3413,3481,3215,3184,3973,3873,3462,3127,5915,4826,3735,3345,12144,6560,3844,3326,32.9959,-23.986,8.88609,47.6153
8085,3340,3467,3293,3121,3911,4139,3763,3265,5128,6464,4534,3702,6258,8733,5147,3890,19.8813,-9.65611,8.78364,48.1033
8086,3708,3684,3413,3249,4443,4657,3803,3358,6329,7684,4506,3582,5820,6215,4384,3498,12.1288,-12.1075,8.79388,48.222
8087,3069,3263,3408,3483,3251,3390,4018,4445,3428,3761,5187,8012,3399,3857,5449,10104,18.1485,28.347,8.67652,47.6827
8088,3192,3245,3542,3466,3359,3732,4202,4214,3626,4353,7028,6557,3620,4429,6949,6644,14.91,13.7151,8.78302,48.1053
8089,7780,9534,5031,3696,5277,5406,4181,3674,3853,3768,3610,3329,3277,3368,3341,3102,-26.3589,-12.6073,8.66403,48.1513
8090,3114,3289,3577,3704,3250,3416,4025,4829,3381,3729,5232,9116,3380,3797,5411,8760,14.3601,29.0689,8.78427,48.0067
8091,3605,4130,4864,4531,3642,4877,7658,5511,3623,4258,5692,4821,3367,3747,4140,3912,-4.23101,9.43847,8.57018,48.252
8092,9410,5829,3917,3434,8570,5267,3912,3288,4656,4085,3591,3233,3524,3567,3250,3051,-16.1065,-25.009,8.98434,48.3893
8093,3354,3899,5669,9398,3351,3731,5115,8567,3176,3499,3900,4298,3079,3295,3469,3663,-16.4127,32.5647,8.63013,47.642
8094,5000,4395,3596,3442,8855,5141,3871,3360,7534,4753,3833,3382,4375,4007,3443,3243,-2.29682,-33.7782,8.80621,48.1533
8095,3782,5283,9919,7157,3644,4346,5336,4943,3351,3673,3873,3768,3159,3376,3393,3390,-31.9951,10.3807,8.88515,48.262
8096,3373,3330,3248,3132,3868,3898,3462,3191,5710,5143,4025,3515,9889,8155,4341,3514,30.3084,-17.2707,8.57164,47.8627
8097,3784,3772,3579,3460,4478,5472,4291,3634,5629,8011,5026,3740,4635,5200,4262,3584,6.34019,-8.73231,8.76665,48.3713
8098,3527,4021,5136,4805,3686,4736,7901,6375,3532,3992,5316,4879,3247,3495,3824,3762,-6.51143,11.9137,8.78183,48.156
8099,4946,4241,3574,3355,8566,4945,3718,3399,7902,4872,3767,3352,4576,4097,3640,3223,-0.950931,-32.2537,8.68714,48.1153
8100,3289,3335,3180,3149,3957,3876,3574,3243,5522,5144,3890,3493,10158,8098,4168,3470,33.7387,-17.5164,8.85162,47.6973
8101,4301,6274,7677,4910,4111,5514,6605,4687,3470,3870,4147,3839,3218,3383,3366,3310,-17.3928,3.22458,8.91228,48.4547
8102,5219,7424,5534,4068,4838,6830,5210,3983,3915,4199,3901,3552,3398,3517,3354,3282,-16.1254,-5.45796,8.50398,48.1493
8103,11838,5959,3950,3391,7026,4753,3785,3297,4072,3807,3409,3207,3366,3321,3222,3135,-22.5757,-28.4117,8.83401,47.692
8104,3922,3825,3360,3252,5934,4433,3781,3340,9806,5237,3687,3417,6185,4841,3718,3327,7.0764,-33.9169,8.73684,48.0433
8105,5004,4319,3709,3212,8629,5349,3691,3361,7377,5061,3816,3313,4418,4022,3556,3319,-1.94612,-23.8397,8.63425,48.104
8106,3170,3220,3481,3497,3327,3581,4012,4214,3689,4216,6040,6354,3552,4386,7490,8109,18.9408,16.317,8.64341,48.2253
8107,3222,3252,3398,3446,3271,3454,3787,3887,3307,3811,4754,6075,3296,3878,6246,12548,32.7257,26.9028,8.92774,47.7547
8108,3389,3420,3230,3155,3983,3865,3536,3247,5738,5161,3891,3361,9913,8179,4389,3451,30.4763,-17.8181,8.79558,47.9387
8109,5125,6503,4830,3765,5507,7825,5019,3724,4217,4603,3954,3578,3491,3624,3441,3186,-12.2292,-8.04849,8.6464,48.2613
8110,3210,3198,3495,3390,3208,3455,3857,4305,3367,3812,4900,7985,3379,3970,5669,10569,19.0495,29.1859,8.99344,47.846
8111,8159,8667,4787,3575,5713,5658,4227,3533,3886,3929,3640,3353,3495,3335,3298,3096,-22.9142,-14.1217,8.5822,48.234
8112,3438,3333,3184,3113,4004,3742,3462,3246,6124,4833,3760,3300,12382,6162,3932,3366,28.9713,-26.6537,8.71073,47.5873
8113,3582,4445,8808,9422,3471,3922,5111,5504,3218,3530,3772,3844,3127,3306,3390,3415,-28.7133,16.009,8.80196,47.9113
8114,4055,6227,9799,6047,3776,4464,5166,4612,3517,3636,3837,3677,3303,3338,3428,3321,-28.4818,6.47761,8.54719,48.1353
8115,3315,3734,4776,5290,3473,4000,6902,7972,3423,3922,5140,5853,3301,3490,3991,4129,-5.06967,17.8046,8.82884,48.474
8116,3173,3204,3289,3353,3391,3560,3766,3909,3621,4278,5157,4955,3726,5244,10036,7251,32.6697,10.6925,8.90585,47.942
8117,3390,3974,6024,11973,3413,3721,4765,6858,3213,3486,3858,3999,3134,3304,3278,3383,-23.4818,29.505,8.71544,47.8487
8118,3598,4697,8872,8931,3482,4036,5230,5376,3290,3447,3875,3806,3143,3294,3315,3301,-27.3848,15.058,8.84141,47.7953
8119,3464,3998,6145,12582,3361,3800,4819,5956,3288,3369,3860,4018,3160,3280,3308,3316,-32.1051,27.0871,8.77006,47.816
8120,4003,5883,8801,5724,3839,4911,6086,4797,3485,3722,3865,3820,3185,3298,3467,3305,-20.6375,6.18377,8.80527,48.1273
8121,3052,3294,3462,3534,3238,3448,3910,4234,3298,3784,5006,7979,3397,3842,5722,10471,18.8509,31.1398,8.75707,47.7807
8122,3404,3338,3159,3053,3854,3875,3560,3366,5143,5733,4301,3620,7294,9305,5106,3755,24.0309,-11.0881,8.70289,47.9107
8123,3655,3603,3235,3195,4772,4000,3518,3214,9048,5217,3767,3447,8729,5371,3875,3388,14.2921,-32.7374,8.65183,48.0227
8124,3058,3232,3368,3433,3253,3535,3931,4355,3400,3860,5117,8279,3444,3783,5696,10176,17.6637,29.1757,8.76171,47.9467
8125,3207,3192,3500,3527,3159,3474,3729,3942,3363,3787,4755,6012,3313,3889,6229,12545,30.8155,27.0445,8.65519,47.7487
8126,3430,3497,3389,3130,3820,4003,3683,3411,4904,6086,4754,3865,5951,8816,5704,4009,20.935,-7.53351,8.52669,48.3013
8127,3296,3233,3300,3356,3470,3760,3765,3543,3964,4802,5330,4410,4375,7197,9172,5427,25.4155,3.33651,8.59236,48.2667
8128,3915,4199,3943,3551,4776,6688,4867,3678,4933,6826,5016,3672,4033,4435,3991,3469,0.571234,-6.77395,8.54943,47.9947
8129,3264,3442,3322,3216,3565,3832,3718,3414,4461,5250,4581,3882,5710,9650,6669,4174,26.5912,-5.02401,8.76433,48.1
8130,5558,5324,4041,3486,7032,7355,4212,3652,5004,5034,3895,3308,3820,3771,3584,3216,-7.94653,-14.6067,8.58546,48.1947
8131,3183,3363,3536,3600,3362,3750,4222,4382,3450,4354,7053,6347,3494,4507,7101,6383,14.9713,13.0321,8.84758,48.058
8132,3140,3358,3559,3768,3243,3686,4252,5293,3364,3800,5192,9912,3379,3701,5120,7502,11.1274,31.0804,8.90086,48.1793
8133,3340,3936,6652,12261,3409,3816,4863,6058,3176,3428,3822,3974,3078,3211,3448,3437,-29.9996,24.5419,8.92748,47.9393
8134,3995,5931,9671,6245,3886,4491,5311,4736,3462,3622,3878,3699,3138,3120,3382,3354,-26.1546,7.56806,8.85264,47.9473
8135,4054,6485,9688,5764,3949,4616,5235,4545,3408,3614,3806,3711,3161,3348,3403,3329,-32.7971,5.59346,8.56201,48.0773
8136,3481,3532,3452,3231,3975,4483,3922,3510,5245,7702,5266,3894,5132,6772,5100,3824,13.4699,-6.53788,8.9396,48.3473
8137,6557,7097,4494,3600,6319,6968,4409,3591,4176,4209,3748,3437,3536,3488,3319,3082,-15.9428,-12.8681,8.56885,48.02
8138,9542,8645,4473,3551,5490,5066,4088,3611,3930,3943,3449,3195,3256,3374,3176,3103,-30.3187,-16.1683,8.81014,47.928
8139,5956,6035,4358,3457,6826,7563,4318,3540,4592,4711,3838,3411,3741,3651,3491,3094,-11.5621,-13.9442,8.65081,48.388
8140,12644,6302,3891,3401,6057,4674,3715,3353,3860,3806,3408,3237,3351,3381,3137,3155,-29.7191,-27.8352,8.93329,47.5813
8141,3066,3141,3429,3385,3364,3541,3929,3776,3444,4118,5224,5230,3659,4766,9091,8675,31.3,14.3996,8.55256,47.892
8142,7161,9069,5077,3844,5363,5727,4349,3683,3906,3843,3575,3424,3373,3486,3212,3140,-23.1584,-11.3151,8.58071,48.1547
8143,3443,3579,3740,3584,3732,4227,5100,4379,3865,5426,8073,5189,3661,4464,5460,4505,7.83944,6.20011,8.58953,48.2847
8144,8002,5946,4102,3401,7965,5908,3914,3468,4652,4186,3511,3308,3618,3583,3284,3121,-14.7149,-20.4871,8.65505,47.9793
8145,3626,4560,7678,7518,3543,4283,6413,5974,3382,3678,4217,4035,3206,3279,3530,3460,-18.2074,13.8013,8.52887,48.2547
8146,3262,3353,3359,3206,3611,3644,3763,3334,4402,5372,4843,3969,5493,9524,6922,4373,25.7915,-3.63888,8.91273,48.2867
8147,3382,3885,5671,10169,3357,3798,5054,8379,3201,3545,3932,4411,3162,3209,3462,3483,-17.8148,30.7119,8.95932,48.0667
8148,3189,3063,3457,3352,3381,3758,3756,3650,3741,4433,5607,4709,4011,5863,9694,6402,24.6136,7.82524,8.76754,48.044
8149,3698,3613,3374,3136,4839,4288,3639,3205,8643,6079,3935,3479,7506,5750,3984,3458,12.9728,-20.477,8.95136,48.4173
8150,3235,3302,3413,3218,3476,3779,3812,3715,4005,4683,5254,4365,4228,7110,8941,5317,33.799,3.1677,8.55667,47.902
8151,3429,4295,8164,10123,3414,4017,5058,5586,3284,3430,3917,3946,3083,3293,3460,3334,-27.9352,17.7124,8.55104,47.8887
8152,3288,3428,3249,3087,3898,4017,3472,3260,5830,5421,4155,3487,9121,8070,4419,3554,22.4405,-16.3135,8.64382,47.8373
8153,3432,3747,3859,3661,3854,4710,5393,4179,4057,6076,7543,4646,3896,4456,4867,4170,5.77339,2.51526,8.72155,48.364
8154,3211,3671,4279,5282,3385,3744,5018,9080,3371,3694,4712,7188,3243,3511,3962,4383,-3.05873,31.3096,8.9045,47.8227
8155,8301,9259,4785,3624,5294,5226,4188,3528,3913,3930,3576,3279,3322,3374,3194,3111,-33.6054,-13.8864,8.87402,47.936
8156,3347,3781,5020,7851,3374,3824,5186,9569,3259,3536,4237,5127,3138,3217,3565,3822,-12.0968,28.3679,8.56461,47.902
8157,4079,3952,3555,3200,5810,5411,3851,3418,7634,6803,4097,3499,5098,4746,3688,3407,4.35587,-16.9957,8.83015,48.1653
8158,3474,3777,3579,3352,3981,4610,4255,3619,4705,7779,6185,4042,4448,5818,5207,4014,10.8862,-3.22123,8.90343,48.5633
8159,3065,3326,3463,3428,3255,3459,4021,4344,3328,3763,5077,8242,3424,3902,5587,10154,17.7175,31.2959,8.77794,47.892
8160,3325,3585,4238,4277,3384,4151,6078,5962,3518,4223,6704,6647,3420,3855,4612,4584,1.85349,14.7675,8.92482,48.3753
8161,3977,3860,3508,3152,5682,4856,3677,3408,8492,6431,4103,3508,5664,4971,3717,3273,7.10628,-19.1791,8.70169,48.186
8162,3361,3984,7070,11593,3349,3876,4935,6057,3287,3493,3866,3937,3139,3170,3434,3426,-27.1417,22.1693,8.82524,47.9847
8163,3224,3301,3364,3124,3531,3873,3637,3428,4598,5455,4503,3900,6023,9529,6395,4043,25.5436,-6.19932,8.83153,47.952
8164,4058,3825,3442,3254,6088,4681,3675,3427,9802,5268,3788,3373,5802,4645,3627,3301,6.65066,-31.7525,8.71555,48.0373
8165,10752,6239,3988,3475,7100,5098,3893,3328,4121,3949,3397,3297,3482,3430,3151,3080,-20.4938,-23.8456,8.72351,47.8533
8166,3404,3514,3257,3089,4343,3980,3410,3201,7771,4973,3837,3341,10887,5704,3817,3445,19.1945,-29.588,8.9227,47.982
8167,3595,3351,3199,3096,4418,3953,3445,3307,8159,5263,3853,3342,9945,5884,3978,3420,17.5516,-24.6823,8.72152,48.1387
8168,3878,4206,4106,3687,4399,6434,5585,3979,4324,6310,5533,4039,3795,4225,4077,3665,-0.111673,-2.69964,8.50716,48.1613
8169,6117,5883,4026,3466,7299,7038,4190,3587,4767,4589,3868,3381,3681,3682,3468,3110,-11.1687,-15.7527,8.51394,48.1013
8170,3130,3211,3480,3734,3204,3459,4032,4531,3261,3884,5120,8674,3416,3800,5495,9565,16.3734,26.3597,8.92221,47.9973
8171,3606,4223,6902,7687,3523,4057,6403,6938,3374,3561,4167,4387,3134,3369,3475,3499,-16.4594,16.4116,8.94984,48.2033
8172,3692,4035,4223,3943,3865,5682,6468,4326,3938,5381,6459,4380,3756,4110,4121,3822,-0.332487,2.52986,8.68223,48.134
8173,8266,5414,3845,3361,9123,5233,3898,3468,4968,4049,3516,3169,3670,3546,3313,3143,-13.2593,-27.3671,8.50955,47.988
8174,4598,4549,3856,3331,6510,6672,4215,3564,6037,6000,4166,3430,4221,4322,3693,3288,-1.55693,-14.6773,8.732,48.3013
8175,3410,4196,7472,11208,3440,3863,5178,5940,3273,3458,3786,3831,3177,3229,3369,3466,-28.1945,20.0821,8.74174,48.1973
8176,3059,3375,3600,3761,3340,3670,4394,4954,3321,3920,5746,8980,3345,3954,5413,7579,12.4202,22.6528,8.71636,48.274
8177,6165,5086,3925,3260,8724,6472,3975,3401,5393,4646,3766,3318,3821,3712,3366,3167,-8.75598,-19.7181,8.90423,48.1313
8178,3497,3591,3321,3166,4186,4155,3660,3284,6697,6371,4160,3504,7452,7131,4465,3542,16.6846,-15.4464,8.79881,48.1213
8179,3342,3615,4012,3869,3582,4353,5798,4711,3717,5078,7823,5505,3638,4169,4985,4488,4.83259,8.64792,8.67202,48.4567
8180,3162,3410,3723,3865,3382,3848,4818,4896,3527,4374,7587,6988,3515,4088,5461,5591,8.78662,14.1103,8.73509,48.1567
8181,12566,5972,3847,3348,5996,4806,3717,3345,4025,3869,3472,3278,3403,3479,3206,3144,-32.5687,-28.3186,8.79763,47.6487
8182,3423,3842,5360,8997,3293,3788,5195,8750,3265,3585,4032,4716,3173,3350,3430,3543,-14.9155,30.8049,8.78154,47.828
8183,3768,4341,4249,3747,4355,6263,6057,4258,4093,5972,5875,4052,3722,4159,3990,3599,-0.891887,-0.707408,8.95482,48.3333
8184,3358,3544,3663,3500,3884,4504,4423,3744,4260,6967,6876,4342,4264,5588,5582,4171,10.8455,0.105501,8.94778,48.4467
8185,5836,5290,3841,3294,8099,6967,4221,3441,5169,4762,3773,3292,3888,3885,3381,3181,-8.16705,-17.224,8.91668,48.2133
8186,3144,3238,3475,3610,3249,3500,4216,4478,3462,3997,5881,8008,3385,4126,6044,8421,15.8093,20.562,8.62107,48.156
8187,3662,4355,6668,6293,3581,4339,7253,6558,3349,3750,4450,4437,3128,3408,3592,3623,-13.6669,13.171,8.91756,48.2973
8188,11215,7331,4327,3453,5820,4849,3854,3367,3928,3933,3555,3283,3307,3336,3117,3162,-30.2579,-20.7877,8.5813,47.8913
8189,3155,3506,4129,4214,3391,3665,4931,6318,3433,3942,6032,8419,3277,3697,4515,5307,4.49809,20.6595,8.76996,47.954
8190,3302,3371,3287,3260,3681,3823,3674,3472,4419,5392,4686,3948,5821,9609,6417,4120,29.7125,-5.68984,8.531,48.188
8191,3240,3297,3435,3480,3276,3482,3956,4134,3344,3682,4872,7548,3460,3852,5618,11038,19.8205,32.7297,8.95562,47.8093
8192,3620,4688,9008,8499,3516,4104,5335,5353,3297,3483,3877,3837,3243,3195,3367,3439,-31.7227,14.4676,8.51476,47.9073
8193,12136,5976,3912,3568,6604,4764,3833,3383,3967,3811,3477,3214,3374,3367,3220,3093,-24.0934,-29.6609,8.90875,47.7993
8194,5061,8810,7531,4463,4328,5275,4878,4098,3517,3811,3771,3503,3245,3351,3325,3138,-26.3328,-2.04931,8.62654,48.07
8195,3367,3999,5964,12007,3378,3715,4993,6433,3314,3425,3868,4017,3126,3190,3425,3312,-24.2545,32.3623,8.78894,47.6887
8196,4478,5079,4409,3669,5118,7924,5467,3821,4407,5423,4513,3531,3669,3908,3607,3304,-6.23771,-6.14546,8.76431,48.218
8197,3088,3397,3657,3618,3395,3683,4564,4457,3494,4276,7179,7171,3582,4205,6073,6367,12.1986,15.0306,8.81654,48.1373
8198,8525,8208,4572,3637,5966,5637,4011,3511,3984,3930,3460,3339,3463,3455,3285,3152,-22.1525,-15.2289,8.59803,48.09
8199,3621,4565,8479,9566,3476,4087,5346,5520,3305,3461,3903,3906,3149,3239,3400,3313,-26.1277,16.1709,8.7935,48.224
8200,3326,3228,3220,3146,4005,3934,3476,3162,6086,4765,3790,3525,12581,6041,3891,3319,27.9832,-31.306,8.77517,47.6633
8201,3394,3303,3366,3067,3734,3917,3725,3469,4632,6018,5036,3852,5337,8854,6311,4260,20.791,-4.5606,8.99507,48.1833
8202,3391,3953,5104,5932,3489,4190,6533,8244,3325,3800,4682,5349,3126,3317,3754,3938,-8.3924,18.2478,8.57238,48.0847
8203,3248,3305,3413,3432,3396,3746,3853,3646,3819,4476,5228,4737,3995,5996,9701,6045,32.7865,6.87702,8.59472,48.024
8204,5124,7024,5450,3887,4912,7161,5383,3824,3811,4378,4010,3479,3516,3616,3451,3336,-14.5433,-5.58509,8.86302,48.2413
8205,5270,4455,3644,3274,8301,5869,3957,3345,6681,5236,3698,3283,4455,4085,3471,3203,-3.48852,-20.7694,8.5777,48.1513
8206,3239,3447,4086,4476,3248,3709,4859,7516,3346,3845,4991,9029,3293,3569,4357,5194,2.25247,29.7389,8.64796,48.136
8207,3216,3437,3938,3880,3400,3833,5156,5180,3547,4342,7630,6960,3380,3898,5204,5134,6.54933,14.3413,8.81829,48.09
8208,3219,3217,3371,3348,3344,3560,3906,3884,3569,4140,5328,5529,3624,4805,8813,8524,25.2683,14.1609,8.58317,48.1207
8209,3470,3907,5982,12154,3396,3889,4752,6461,3203,3569,3823,3910,3213,3196,3309,3420,-24.3042,33.6089,8.69016,47.7693
8210,3160,3302,3553,3654,3408,3550,4337,4535,3406,4298,6836,7171,3555,4276,6214,6901,13.9163,16.1078,8.82943,48.104
8211,3388,3347,3294,3088,3818,3797,3507,3378,5624,5299,4007,3462,10069,7973,4456,3518,31.5483,-17.8156,8.50415,48.0167
8212,3306,3449,3469,3312,3527,3980,4182,3732,4082,5769,6680,4528,4218,6191,6959,4683,16.1967,2.12935,8.64416,48.0447
8213,3072,3312,3380,3373,3419,3683,3969,3637,3622,4225,5361,5015,3834,5283,9846,7212,26.6973,10.6707,8.93543,48.162
8214,3306,3800,4433,5014,3424,4034,6382,7672,3404,3904,5654,6321,3353,3500,4005,4272,-2.76867,17.3758,8.98982,48.3187
8215,3241,3667,4384,5446,3296,3719,5139,9636,3245,3628,4533,7158,3199,3523,3952,4142,-3.98801,31.3362,8.99519,47.9387
8216,3322,3698,4514,5497,3369,3926,5994,8668,3321,3691,4912,6455,3304,3414,3927,4302,-5.03409,21.3283,8.83387,48.2093
8217,3756,3988,3958,3485,4267,6087,5065,3876,4594,7030,5758,3806,3979,4599,4248,3695,2.56323,-3.65442,8.88182,48.1273
8218,3385,3543,3333,3152,3943,4138,3824,3402,5006,6715,4858,3714,5589,8094,5425,3901,17.7546,-7.0545,8.61819,48.0147
8219,3240,3440,3667,3710,3348,3729,4513,4541,3426,4268,6976,7286,3540,4169,5943,6397,11.7535,15.8047,8.90348,48.1287
8220,4246,4129,3563,3201,6092,5634,3961,3448,7166,6734,4131,3539,4718,4640,3747,3451,2.76232,-16.3531,8.85396,48.2667
8221,4386,7102,7332,4767,4144,5631,5912,4408,3562,3946,3928,3590,3151,3354,3341,3306,-19.0642,1.21657,8.73784,47.9067
8222,3242,3173,3410,3491,3205,3508,3663,4079,3309,3686,4678,6000,3422,3899,5725,12454,33.6473,30.29,8.59107,47.296
8223,3300,3617,4201,4918,3310,3724,5251,8167,3320,3810,5317,7941,3173,3607,4180,4645,-0.508449,24.0005,8.82328,48.3207
8224,3154,3208,3348,3399,3281,3504,3729,4101,3401,3859,4979,7135,3403,3967,5779,11259,21.1702,32.7649,8.58275,47.6707
8225,12551,5963,3913,3515,5875,4724,3787,3347,3883,3686,3539,3257,3295,3417,3230,3224,-29.6143,-33.3014,8.84548,47.4707
8226,3125,3231,3480,3371,3286,3645,3854,3762,3509,4174,5192,5173,3590,4901,9451,8272,30.6065,13.2602,8.7529,48.0107
8227,8522,9068,4626,3520,5413,5096,4125,3492,3841,3858,3559,3318,3353,3379,3248,3196,-33.6209,-14.315,8.81363,47.7427
8228,3140,3537,3875,4228,3380,3912,5374,6182,3503,4087,6338,7800,3319,3718,4636,5299,3.96058,18.4702,8.70743,48.2187
8229,3273,3510,3564,3566,3498,3976,4317,4037,3856,5244,7424,5016,3859,5104,6959,5176,14.0374,6.71185,8.81039,48.2527
8230,4158,3811,3431,3073,6550,4638,3715,3228,9687,5364,3813,3421,5869,4653,3579,3319,5.27276,-27.0811,8.68758,48.206
8231,3363,3579,3370,3184,3997,4167,3822,3528,5167,7244,4946,3725,5552,7505,4995,3864,15.6718,-7.80478,8.90101,48.0053
8232,3349,3762,4705,5654,3442,3956,5982,8695,3368,3810,4883,6023,3261,3537,3759,4087,-5.92704,20.5966,8.74002,48.182
8233,3170,3252,3720,3856,3233,3620,4355,5498,3444,3836,5388,9808,3403,3696,4891,6864,9.74262,29.1508,8.50487,48.0227
8234,3621,4587,8034,7822,3563,4222,5949,6129,3302,3611,4008,4088,3133,3332,3522,3511,-20.2011,14.4826,8.50008,48.2893
8235,5660,5263,3796,3357,7949,6904,4123,3454,5430,4904,3744,3394,3920,3768,3420,3213,-7.30064,-17.5418,8.90252,48.1993
8236,12460,6029,3923,3262,6028,4768,3702,3385,3906,3807,3410,3195,3326,3320,3297,3165,-31.9359,-28.2381,8.5901,47.322
8237,3458,4044,6024,9079,3486,3821,5460,8146,3270,3698,4044,4496,3081,3227,3474,3550,-16.244,22.6992,8.58534,48.2387
8238,5280,6566,4619,3705,5844,7926,5018,3722,4150,4633,3910,3424,3464,3656,3447,3159,-12.2279,-9.18702,8.8939,48.3487
8239,3138,3359,3475,3551,3291,3512,3921,4476,3378,3705,5121,8173,3353,3874,5669,9665,16.8611,28.0469,8.63856,47.774
8240,3269,3608,4684,6161,3387,3881,5303,9709,3270,3601,4416,6197,3224,3407,3771,4098,-6.94307,26.9818,8.57506,47.9907
8241,4743,4732,4052,3552,6278,7360,4483,3472,5321,5654,4116,3470,4063,4018,3616,3342,-3.94697,-12.7963,8.79158,48.1813
8242,5645,9523,6879,4212,4412,4995,4590,3880,3591,3733,3730,3500,3246,3294,3184,3215,-29.1202,-4.42705,8.82494,47.7527
8243,3526,4129,5176,4742,3689,4927,7925,5623,3567,4223,5347,4504,3364,3567,3763,3812,-6.17611,8.90639,8.69363,47.9227
8244,3164,3362,3462,3315,3321,3777,3974,3931,3766,4787,6690,5018,3896,5559,8319,5668,18.2691,6.96896,8.64763,48.006
8245,3367,3454,3371,3115,3719,3857,3713,3324,4730,5277,4562,3702,6391,9893,5948,3941,31.6418,-7.76957,8.56743,48.2427
8246,3321,3302,3392,3201,3679,3960,3747,3467,4438,6128,5338,4103,4899,8136,6735,4308,19.9719,-2.35329,8.91395,48.1027
8247,3222,3329,3302,3373,3362,3656,3811,3741,3680,4405,5180,4895,3881,5770,9908,6706,32.9682,8.81315,8.86401,48.1473
8248,4433,4516,3798,3388,5568,7337,4677,3588,5233,6397,4465,3600,4074,4244,3736,3332,-1.91451,-10.1846,8.97227,48.2573
8249,3715,5178,9688,7579,3604,4253,5459,5123,3294,3580,3822,3779,3178,3263,3449,3314,-25.6403,11.5861,8.94856,48.1853
8250,3859,4010,3491,3363,4853,5608,4157,3516,6032,7800,4650,3590,4853,4977,4043,3436,5.33926,-11.115,8.77051,48.1587
8251,3822,5067,6036,4723,4105,5687,7865,4922,3615,4079,4585,3929,3305,3610,3607,3565,-11.6166,4.72929,8.90787,48.348
8252,3029,3244,3508,3318,3278,3646,3763,3889,3523,4090,5307,5368,3564,4940,8867,8935,26.0474,15.0673,8.88868,48.1793
8253,3337,3449,3140,3147,3983,3858,3480,3253,6649,4937,3769,3410,12133,5922,3885,3353,23.98,-29.4928,8.75733,47.8033
8254,3893,4685,5098,4105,4074,6220,7288,4721,3827,4782,5113,4013,3467,3613,3839,3554,-6.62538,2.55473,8.86278,48.1947
8255,3237,3312,3322,3262,3529,3644,3822,3605,4108,4646,5183,4301,4420,7293,9188,5142,32.7723,2.72466,8.75353,48.0093
8256,5372,8357,5965,3929,4697,6370,5016,3848,3835,4008,3805,3560,3344,3349,3331,3226,-19.1901,-5.39802,8.84109,48.008
8257,3213,3344,3967,4488,3383,3678,4760,7676,3376,3789,4937,9012,3283,3586,4386,5212,2.36762,31.1623,8.92231,48.06
8258,9464,8154,4448,3647,5941,5373,4008,3386,3951,3975,3446,3207,3448,3374,3271,3019,-23.3848,-17.0929,8.85396,48.0747
8259,3161,3322,3728,3845,3282,3608,4379,5809,3321,3647,5161,9811,3365,3784,4860,6815,8.723,29.17,8.68688,47.932
8260,3281,3687,4057,3909,3453,4199,6077,4990,3590,4715,7651,5859,3509,3997,4819,4521,3.51457,10.4318,8.5793,48.2093
8261,3572,5001,9599,7804,3549,4192,5295,5085,3285,3589,3820,3851,3122,3248,3441,3313,-32.9456,11.9696,8.83563,47.844
8262,4079,4708,4300,3751,4638,7423,5975,3976,4213,5652,4861,3838,3626,3997,3785,3515,-4.04965,-3.31894,8.9619,48.2247
8263,3400,3538,3949,3738,3571,4279,5773,4611,3759,5006,7884,5452,3678,4145,4933,4487,5.21932,8.40286,8.73794,48.1353
8264,3120,3340,3482,3447,3419,3775,4083,3982,3858,4844,6729,5197,3871,5449,8042,5761,17.725,7.86174,8.96097,48.266
8265,9568,5913,3937,3377,8170,5377,3808,3363,4388,4053,3463,3190,3515,3488,3199,3166,-17.076,-24.9304,8.9658,47.9833
8266,9349,5827,3930,3403,8107,5209,3793,3425,4311,4116,3531,3262,3529,3404,3278,3223,-16.7902,-24.8878,8.67851,47.798
8267,3785,4800,7106,5733,3674,4723,7572,5757,3435,3797,4428,4144,3312,3332,3557,3577,-14.0314,10.3312,8.91661,48.488
8268,4039,4181,3764,3449,5046,6481,4450,3561,5437,7359,4649,3585,4300,4520,3909,3526,1.70537,-9.47379,8.53993,48.1707
8269,3845,3856,3526,3256,5139,4948,3881,3352,7328,7049,4234,3512,5522,5255,3999,3398,7.8418,-15.5217,8.57377,48.0667
8270,3439,3338,3288,3108,3988,3786,3508,3211,6273,4874,3730,3388,11711,6848,4162,3399,25.69,-23.0255,8.93508,48.034
8271,3266,3394,3200,3247,3653,3882,3875,3532,4385,5187,4651,3904,5254,9100,7182,4408,27.3764,-3.4294,8.53395,48.08
8272,6962,9843,5494,3801,4837,5270,4331,3569,3790,3875,3647,3433,3392,3379,3262,3117,-29.6104,-9.6395,8.71187,48.0013
8273,3102,3282,3347,3300,3287,3551,3686,4006,3414,3971,5146,5598,3524,4541,8411,9794,32.7879,16.7367,8.63209,47.9733
8274,4442,5546,4957,3909,4691,7562,5945,4079,4067,4667,4269,3768,3521,3724,3646,3439,-9.46335,-3.40038,8.82875,48.1547
8275,5007,7248,5612,4072,4717,7111,5471,3983,3795,4238,3842,3580,3354,3506,3442,3329,-15.6344,-4.594,8.8565,48.2047
8276,3211,3501,3775,4050,3244,3836,5092,5411,3492,4157,6763,8043,3474,3886,4962,5472,6.80088,17.2435,8.79343,48.246
8277,3419,3415,3227,3224,3810,3824,3592,3250,5276,5286,4071,3529,8700,9092,4729,3587,33.0339,-14.229,8.96416,48.0207
8278,4018,3764,3410,3212,5245,4569,3691,3305,8770,6340,3966,3397,6288,5146,3736,3376,9.31161,-20.1459,8.62788,48.1553
8279,3437,4065,6799,12150,3322,3782,4853,6063,3111,3368,3907,3837,3071,3220,3372,3437,-26.5694,23.7821,8.98638,47.8627
8280,3180,3456,3804,3709,3327,3862,4783,4790,3455,4217,7389,7263,3487,4234,5729,5780,10.0542,14.7724,8.91845,48.31
8281,3280,3412,3250,3258,3681,3832,3858,3505,4242,5821,5390,4310,4830,7781,7114,4594,20.5218,-0.996292,8.9307,48.1053
8282,3296,3506,3510,3471,3663,4122,4284,3769,4178,5991,6863,4538,4270,5802,6493,4535,14.234,1.81914,8.59081,48.194
8283,4336,4009,3494,3219,7047,4759,3713,3239,9382,5272,3779,3336,5415,4479,3581,3260,4.00929,-26.4789,8.76273,48.2133
8284,3689,3664,3506,3180,4254,4655,3832,3413,6135,7608,4722,3603,5580,6400,4570,3542,12.3353,-11.4474,8.52225,48.2353
8285,3431,3921,4413,4003,3783,4819,6556,4699,3604,5029,7146,4905,3601,4000,4422,4111,0.938474,6.09925,8.78389,48.2953
8286,6046,9494,5829,4006,4766,5869,4601,3802,3708,3830,3729,3440,3330,3338,3358,3258,-22.1606,-6.83061,8.9297,48.2693
8287,3218,3975,6159,12602,3295,3797,4698,6098,3154,3374,3823,3874,3156,3196,3323,3359,-31.766,27.2982,8.84831,47.4007
8288,3451,3873,4495,4229,3672,4754,7394,5216,3634,4584,6514,4900,3528,3785,4220,4133,-1.57644,7.99994,8.91239,48.2547
8289,3993,4242,4173,3567,4604,6928,5286,3923,4425,6532,5100,3886,3984,4274,3974,3583,-0.613419,-4.23465,8.78556,48.316
8290,3985,3982,3726,3440,4879,6353,4534,3515,5193,7626,4916,3715,4285,4734,4154,3544,2.60832,-8.163,8.90824,48.3873
8291,3486,4370,7816,9721,3423,4141,5392,6030,3290,3415,3948,3906,3182,3184,3392,3316,-23.1325,17.6895,8.74107,48.008
8292,7651,9688,5226,3712,5017,5142,4182,3611,3771,3850,3669,3394,3263,3340,3288,3298,-30.4397,-11.2183,8.66691,48.068
8293,3169,3254,3336,3394,3364,3679,3792,3756,3730,4550,5718,5007,3979,5572,9577,6312,23.2866,8.49829,8.70356,48.126
8294,3379,3870,6284,12330,3284,3817,4777,6139,3256,3490,3689,3932,3198,3309,3345,3477,-33.1927,25.5553,8.77101,47.7173
8295,3491,3497,3230,3184,4337,3966,3498,3260,7928,5055,3839,3462,10323,5610,3955,3386,18.2184,-28.5321,8.63877,48.014
8296,3298,3369,3346,3234,3603,3656,3807,3537,4161,4877,4748,4091,4840,8499,8162,4735,32.0521,-0.484512,8.76682,47.9753
8297,3404,4020,6772,12145,3381,3753,4806,5999,3154,3448,3735,3956,3194,3284,3429,3369,-28.8246,23.7813,8.83244,47.8993
8298,3478,3539,3294,3218,4418,4570,3757,3353,6863,7101,4426,3581,6193,6398,4287,3447,12.9085,-13.9548,8.79748,47.9487
8299,5329,6866,4771,3680,5501,7883,4984,3759,4076,4526,3847,3407,3433,3538,3304,3253,-13.2616,-8.65479,8.97804,48.1047
8300,5450,9345,7100,4331,4454,5084,4709,3840,3685,3816,3684,3460,3276,3399,3267,3338,-30.2817,-3.70226,8.84704,48.1587
8301,3090,3339,3594,3662,3281,3742,4188,4853,3357,3848,5729,8819,3390,3968,5473,7846,13.617,23.2092,8.6019,48.1193
8302,3264,3418,4112,4762,3249,3707,4913,7984,3356,3843,5117,8632,3241,3559,4145,4882,1.02705,27.2553,8.57809,48.1227
8303,4580,4720,3930,3544,6124,7464,4438,3606,5174,6028,4160,3469,4143,4018,3747,3333,-3.32174,-11.5158,8.7421,48.3187
8304,3491,3823,4755,4683,3471,4483,7598,6238,3567,4067,5678,5064,3347,3597,4095,4053,-4.20385,12.5726,8.51617,48.0067
8305,3523,3904,5413,8719,3471,3832,5183,9078,3179,3583,4177,4578,3089,3374,3529,3585,-14.5283,33.0328,8.62133,48.1447
8306,7666,9707,5218,3690,4936,5234,4217,3530,3828,3761,3667,3308,3300,3429,3328,3092,-33.2554,-11.4797,8.81404,47.9407
8307,3194,3319,3596,3591,3282,3531,4158,4772,3358,3798,5256,9206,3441,3871,5229,8576,13.737,32.8826,8.69223,48.1187
8308,3280,3480,4244,4463,3375,3954,5440,7076,3389,3999,5780,7606,3357,3684,4411,4873,1.6417,19.2532,8.50309,48.274
8309,5688,5050,3778,3383,8286,6711,4087,3529,5395,4933,3742,3350,3882,3842,3488,3255,-7.10322,-18.2275,8.93004,48.266
8310,4071,5968,9489,6170,3748,4609,5557,4703,3381,3693,3859,3683,3232,3254,3350,3404,-23.5197,7.10615,8.93551,48.114
8311,3370,3843,5748,8588,3347,3908,5558,8704,3125,3576,4069,4625,3140,3385,3508,3581,-15.0913,23.7721,8.55762,48.05
8312,6988,4910,3699,3281,10110,5409,3824,3347,5440,4331,3606,3248,3832,3766,3240,3078,-9.6304,-29.8401,8.84705,48.0727
8313,12621,6055,3919,3359,6279,4689,3795,3275,3878,3826,3454,3310,3321,3386,3318,3013,-28.5615,-28.1121,8.73158,47.6653
8314,3193,3428,3394,3342,3425,3737,3750,3641,3934,4726,5040,4350,4458,7349,9039,5099,31.5975,2.60667,8.76519,47.9367
8315,6210,9643,6189,4017,4621,5391,4478,3798,3738,3826,3575,3433,3198,3291,3354,3211,-26.5386,-7.04504,8.72102,47.982
8316,8306,5556,4013,3278,8639,5630,3803,3442,4798,4273,3526,3311,3633,3558,3224,3109,-14.1137,-23.6431,8.62728,48.066
8317,3535,4190,4318,3900,3950,5619,6977,4492,3991,5211,6275,4276,3535,3974,4201,3861,-1.08874,3.42426,8.94905,48.2033
8318,5230,4325,3655,3203,9302,5102,3757,3273,7298,4675,3801,3310,4328,4030,3462,3172,-3.0408,-31.2649,8.93947,47.9487
8319,3349,3356,3290,3183,3928,3769,3487,3225,6554,4745,3903,3418,12203,6135,3929,3375,24.4351,-30.6931,8.66548,47.8993
8320,10672,7634,4316,3467,5706,4970,3935,3409,4005,3779,3450,3176,3523,3371,3283,3114,-31.2595,-19.3924,8.68735,47.8733
8321,4202,4050,3576,3242,5709,6068,4241,3453,6277,7186,4509,3467,4500,4599,3859,3362,2.47324,-13.1749,8.75768,48.2
8322,7236,5554,3949,3374,8623,6074,3913,3421,4964,4306,3738,3357,3657,3614,3385,3163,-12.0196,-20.6567,8.50881,48.2187
8323,3233,3440,4038,4591,3340,3746,4857,7765,3346,3761,5167,8675,3235,3658,4398,4872,1.60375,26.2658,8.52449,48.0813
8324,3130,3353,3633,3565,3304,3627,4125,4780,3329,3729,5272,9478,3363,3873,5267,8560,13.7606,28.565,8.75731,48.2587
8325,3344,3393,3260,3119,3848,3790,3453,3154,5903,4760,3706,3463,12273,6018,4064,3495,29.6737,-33.088,8.67769,47.362
8326,3409,3868,4912,4755,3476,4365,7343,6634,3497,3958,5775,5336,3319,3631,4042,4117,-3.91374,13.6722,8.63948,48.2913
8327,5592,9696,6941,4240,4464,5143,4643,4007,3508,3709,3676,3306,3323,3307,3261,3229,-29.3439,-4.17908,8.92404,48.03
8328,11929,5917,4003,3345,6929,4827,3783,3394,3888,3823,3549,3163,3435,3352,3197,3002,-22.8712,-31.4371,8.97288,47.6907
8329,3166,3247,3384,3472,3329,3646,3811,3797,3599,4353,5226,4973,3739,5314,10008,7075,33.9109,10.0216,8.56807,48.0927
8330,4038,4569,4238,3703,4515,7066,5733,4042,4274,5970,5070,3874,3673,4122,3907,3620,-2.38207,-3.1955,8.77634,48.276
8331,3351,4064,6800,11823,3471,3845,4823,6003,3321,3387,3761,3849,3119,3266,3459,3448,-30.7071,23.3389,8.66112,47.86
8332,5239,4431,3643,3307,9197,5155,3784,3481,6991,4685,3817,3391,4238,3935,3509,3215,-3.70844,-33.2635,8.5175,48.012
8333,3902,5161,8698,6545,3685,4507,6395,5287,3378,3607,4019,3857,3145,3340,3416,3277,-19.8773,9.72349,8.7724,48.146
8334,3277,3720,4727,6466,3374,3817,5287,9943,3387,3588,4414,5916,3218,3416,3644,3998,-7.93272,29.9931,8.65375,48.128
8335,3253,3523,4089,4301,3278,3838,5023,6697,3348,3907,5795,8334,3352,3657,4539,5160,3.3148,21.4824,8.58832,48.0627
8336,3368,4000,5988,12738,3353,3765,4902,6170,3276,3401,3830,3907,3234,3233,3309,3250,-27.7307,29.299,8.73821,47.816
8337,3295,3305,3243,3229,3581,3994,3773,3594,4463,5900,5340,4094,5000,7906,6908,4369,20.5244,-2.24273,8.5727,47.996
8338,12508,6128,3922,3361,6183,4653,3689,3380,3893,3740,3493,3246,3302,3303,3277,3195,-28.2782,-31.7079,8.56546,47.5153
8339,6215,9914,5981,3960,4662,5256,4500,3751,3727,3865,3643,3440,3284,3403,3292,3264,-32.97,-7.14035,8.99908,48.1047
8340,3308,3832,4893,5653,3488,4093,6458,8046,3393,3807,4932,5628,3256,3408,3967,3990,-6.3379,18.5166,8.53257,48.1013
8341,6033,5569,4025,3420,7591,6989,4266,3433,4986,4706,3740,3374,3800,3669,3363,3291,-10.3291,-16.5913,8.53928,48.17
8342,3402,3438,3135,3109,3853,3761,3561,3184,5723,5073,3992,3410,10417,7759,4320,3478,27.4728,-18.9195,8.7326,47.7433
8343,3336,3944,4845,5058,3581,4248,7409,6939,3411,4086,5370,5367,3254,3527,3966,4029,-5.26316,14.0608,8.71897,48.2467
8344,5839,4687,3717,3265,9436,5639,3869,3399,6192,4565,3699,3291,4041,3852,3417,3059,-6.17109,-23.9215,8.88992,47.978
8345,3483,3932,5969,11346,3417,3793,4975,7072,3261,3474,3863,4130,3072,3200,3463,3567,-21.3377,26.1641,8.639,48.0113
8346,3132,3274,3414,3428,3221,3511,3617,3978,3361,3750,4905,6289,3356,3981,6086,12346,26.6107,30.1825,8.54953,47.766
8347,5724,4636,3654,3288,9784,5210,3796,3494,6347,4607,3672,3247,4187,3875,3400,3251,-5.64775,-32.2694,8.69879,48.1147
8348,3398,3751,4914,6034,3294,3900,5742,9355,3327,3612,4516,5891,3102,3359,3787,4048,-7.26921,23.3361,8.52852,48.02
8349,3518,3609,3479,3216,4239,4696,4031,3487,5553,7835,4941,3880,5209,6292,4611,3761,11.7004,-8.59223,8.54521,48.238
8350,12151,5905,3991,3445,6526,4882,3741,3351,4046,3871,3504,3122,3482,3368,3259,3112,-24.1855,-31.3354,8.5023,47.8373
8351,4089,3797,3423,3148,6197,4583,3696,3265,9544,5554,3705,3418,6002,4543,3644,3297,6.38087,-25.0706,8.85948,47.9367
8352,3278,3372,3281,3110,3783,3771,3514,3359,5044,5393,4269,3697,7093,9918,5414,3776,27.4932,-10.3191,8.65026,48.048
8353,3383,3309,3300,3113,3733,3815,3675,3459,4435,5112,4489,3845,6288,10120,5920,3964,30.7389,-7.49668,8.94212,47.9733
8354,5499,4696,3672,3340,9008,5891,3806,3384,6275,4846,3739,3253,4122,3894,3338,3194,-5.77499,-21.9046,8.75048,47.9713
8355,3161,3545,3928,4016,3232,3675,4725,6041,3367,3892,5913,9154,3215,3782,4653,5723,6.26978,21.658,8.85856,48.0147
8356,3125,3532,4238,4861,3418,3710,5131,8925,3323,3804,4867,7843,3227,3495,4054,4592,-1.75475,32.1941,8.89998,48.0967
8357,6977,5069,3944,3446,9344,5748,3828,3371,5380,4406,3637,3309,3808,3625,3382,3113,-10.2492,-23.84,8.53418,48.258
8358,4193,3872,3501,3223,6579,4716,3589,3301,9542,5443,3691,3447,5574,4510,3691,3361,5.12282,-25.6838,8.54408,48.1553
8359,3163,3242,3402,3361,3327,3541,3672,3952,3475,3680,4741,6164,3407,3911,5982,12721,28.8503,30.0665,8.70729,47.8273
8360,3603,4990,9479,8161,3557,4217,5252,5203,3369,3512,3833,3741,3156,3231,3313,3331,-29.0329,13.0283,8.9397,47.9653
8361,3696,3547,3422,3197,4445,4784,3876,3423,6449,7797,4527,3546,5769,6100,4273,3600,11.3368,-12.5142,8.63188,48.3007
8362,3461,3352,3298,3090,3906,3911,3529,3241,5635,5327,3998,3409,9846,8170,4365,3426,26.8471,-17.4425,8.55179,47.976
8363,3406,3688,3646,3480,3809,4459,4203,3692,4456,7058,6544,4259,4275,5647,5373,4153,10.9977,-0.915903,8.52014,48.0987
8364,4335,3927,3483,3180,6974,5071,3716,3300,8788,5564,3930,3303,5126,4407,3598,3188,3.0001,-22.8669,8.78879,47.9267
8365,3170,3232,3411,3385,3336,3508,3797,3730,3689,4168,5227,5038,3759,5279,9911,7193,29.2674,10.6207,8.87801,47.8887
8366,11449,6738,4064,3355,6485,4983,3931,3310,4129,3724,3494,3198,3407,3371,3266,3014,-24.931,-22.7284,8.76277,47.9453
8367,3611,4437,6501,5805,3522,4649,7483,6322,3347,3861,4481,4345,3119,3421,3715,3535,-12.707,12.2468,8.65392,48.1027
8368,3448,3324,3273,3027,3799,3853,3590,3259,5454,5213,3987,3407,9565,8829,4604,3489,28.782,-15.8852,8.93298,48.0807
8369,3352,3815,5227,8480,3250,3791,5307,9392,3257,3505,4066,4865,3152,3290,3531,3650,-13.6556,29.5043,8.83915,47.9533
8370,3338,3358,3142,3119,4051,3843,3397,3262,6850,4832,3829,3511,11964,6039,3914,3511,23.058,-31.3481,8.94364,47.9733
8371,3324,3264,3586,3568,3291,3538,4147,4748,3336,3785,5038,9122,3314,3787,5275,8464,13.9305,32.1839,8.74354,47.7247
8372,9271,6513,4079,3353,7400,5566,3979,3422,4389,4011,3574,3327,3427,3458,3152,3155,-18.2144,-21.025,8.5958,48.0507
8373,3191,3426,3697,3554,3414,3745,4612,4377,3582,4463,7677,6503,3568,4282,6363,5828,11.8438,12.6662,8.80161,48.188
8374,5153,8691,7017,4493,4443,5554,5095,3967,3567,3862,3787,3465,3287,3475,3387,3162,-22.7457,-2.63673,8.92125,48.27
8375,3221,3402,3708,3709,3443,3807,4781,4531,3462,4608,8001,6549,3461,4191,5967,5430,10.3883,12.0889,8.97434,48.1807
8376,3392,3419,3298,3162,3853,3948,3615,3389,5410,6604,4485,3768,6424,8734,5124,3738,19.3895,-9.83676,8.83236,48.242
8377,5877,4624,3639,3202,9174,5864,3916,3394,6171,4797,3673,3223,4087,3772,3374,3122,-6.23929,-22.9069,8.60596,47.9393
8378,3579,3591,3446,3175,4740,4284,3680,3339,8722,6093,3957,3488,7604,5569,3911,3305,12.8813,-21.4599,8.63764,48.322
8379,3459,3426,3343,3290,4076,4088,3769,3366,5529,6867,4687,3697,6118,7636,4906,3767,16.8222,-10.1349,8.85313,48.016
8380,3226,3607,4294,5173,3364,3732,5156,9020,3313,3765,4641,7530,3256,3467,3930,4527,-2.05877,28.721,8.79363,48.0007
8381,3549,3796,3965,3671,3879,4578,5483,4340,4029,5880,7449,4710,3746,4477,4920,4229,5.10739,3.35602,8.57646,48.4673
8382,3398,3896,5947,12715,3464,3728,4751,6176,3384,3461,3818,3886,3093,3225,3294,3361,-26.8055,31.4667,8.86571,47.7313
8383,5845,6975,4707,3714,5808,7401,4772,3820,4056,4290,3767,3330,3513,3740,3432,3219,-14.3315,-10.2977,8.56092,48.2593
8384,4367,5387,4696,3792,4828,7830,5814,3984,4132,4950,4370,3733,3630,3739,3609,3456,-8.02548,-4.31652,8.7747,48.2113
8385,11933,6783,3988,3375,6089,4922,3825,3287,3913,3919,3455,3328,3434,3361,3144,3087,-27.8694,-23.6441,8.77105,47.8953
8386,3452,4144,6207,7311,3509,4015,6532,7642,3293,3668,4243,4598,3162,3362,3525,3612,-13.9958,17.7688,8.60866,48.1833
8387,3542,3845,3458,3320,4546,4957,3880,3432,6171,8086,4616,3646,5287,5831,4381,3483,9.56282,-11.0378,8.76704,48.3207
8388,8579,7139,4275,3482,6722,5816,4062,3515,4240,4015,3610,3303,3544,3349,3187,3103,-18.8026,-17.9358,8.76998,47.9607
8389,3447,4082,5287,5382,3474,4401,7399,7084,3448,3842,5005,5086,3205,3447,3877,3884,-7.19116,14.4219,8.71785,48.2333
8390,3174,3509,3456,3374,3581,3978,4009,3755,3943,5395,6397,4556,4286,6244,7545,4935,18.1922,3.11809,8.55761,48.0913
8391,4370,7723,8725,4980,4151,4916,5118,4275,3492,3768,3880,3633,3143,3331,3353,3189,-25.1882,1.91158,8.93618,48.0313
8392,4668,6699,5431,4043,4797,7263,5666,4063,3938,4399,4003,3634,3396,3587,3512,3226,-13.5971,-3.66001,8.70349,48.2167
8393,4012,3802,3443,3130,5523,4845,3842,3264,8375,6602,4039,3423,5730,5029,3853,3293,7.16397,-18.6625,8.81259,48.1367
8394,3206,3492,3952,4160,3432,3844,5161,6041,3442,3903,6439,8085,3244,3808,4615,5327,4.67017,18.6418,8.86773,48.1007
8395,4452,4190,3676,3302,6519,5726,3902,3411,7030,6263,4067,3452,4712,4467,3657,3327,1.5944,-17.3994,8.7089,48.102
8396,3104,3227,3366,3277,3307,3369,3868,3916,3423,3843,5001,5958,3388,4382,7803,10474,26.3353,18.9751,8.79931,47.804
8397,3020,3272,3402,3392,3326,3543,3885,3832,3671,4450,5719,5076,3895,5368,9438,7140,23.7492,10.4554,8.69145,48.286
8398,3943,3737,3494,2999,5571,4644,3594,3288,8826,6412,4033,3324,6068,5110,3777,3439,8.07713,-19.9662,8.87137,48.1727
8399,5911,4594,3587,3212,9931,5072,3905,3300,6297,4463,3603,3281,4111,3828,3475,3169,-6.03039,-30.0893,8.90382,47.826
8400,3611,4617,9015,8891,3462,4187,5301,5358,3354,3479,3850,3867,3222,3241,3360,3483,-32.3905,14.6832,8.89657,48.1987
8401,3087,3192,3579,3748,3182,3503,4052,4681,3400,3750,5245,8691,3301,3836,5683,8943,15.2824,25.3148,8.7247,47.9153
8402,9303,8391,4516,3526,5813,5195,4131,3503,3940,3746,3568,3323,3407,3380,3225,3088,-25.9267,-16.5461,8.8357,48.0367
8403,3730,3899,3857,3388,4253,5587,4733,3704,4600,7698,5756,4011,4128,5017,4433,3740,5.01117,-4.18487,8.94797,48.356
8404,6980,6443,4148,3557,7438,6779,4200,3507,4443,4277,3723,3358,3559,3523,3312,3189,-13.9341,-16.8635,8.92589,48.2907
8405,3734,4869,9339,8308,3611,4127,5118,5220,3315,3579,3812,3755,3111,3350,3363,3409,-30.2917,13.3902,8.98329,48.0133
8406,6957,5271,3892,3384,8890,6008,3939,3354,5216,4437,3468,3222,3681,3412,3355,3191,-10.8333,-21.1615,8.75739,47.7847
8407,3679,3599,3408,3097,4932,4171,3586,3246,8811,5547,4036,3459,8036,5390,3939,3347,13.5264,-23.681,8.78603,48.1887
8408,3482,3927,6438,10014,3464,4067,5264,7395,3150,3524,3969,4287,3117,3243,3481,3618,-19.3729,22.9573,8.82042,48.2933
8409,9784,7181,4100,3488,6771,5417,4025,3443,4251,3979,3540,3217,3463,3444,3357,2984,-20.4759,-19.5471,8.94722,48.296
8410,11501,7241,4200,3463,5930,4947,3747,3384,4037,3717,3497,3169,3499,3352,3112,3101,-28.6197,-21.0882,8.92346,47.9313
8411,3206,3463,4167,4538,3308,3720,4854,7889,3365,3832,4991,8827,3293,3556,4305,5046,1.60301,32.2448,8.79496,48.24
8412,3423,3463,3457,3243,3927,4347,3916,3689,5141,7491,5279,3978,5125,6736,5187,3872,13.6651,-5.85959,8.53977,48.1827
8413,3431,3631,3841,3891,3429,4142,5394,4583,3680,5031,8175,5831,3558,4156,5077,4589,6.10013,9.6759,8.66253,48.2927
8414,3486,3246,3120,3123,4013,3777,3510,3242,5979,4777,3666,3336,12348,6569,4023,3425,29.5458,-24.5635,8.89579,47.76
8415,3005,3232,3454,3442,3286,3449,4002,4317,3455,3805,5360,7304,3512,4049,6611,9878,19.0867,21.0935,8.92184,48.1073
8416,3907,5092,7614,5586,3758,4827,7069,5314,3547,3931,4229,3941,3227,3340,3419,3440,-15.8701,7.87123,8.75202,48.1607
8417,3355,3852,4367,4653,3507,4361,6788,6296,3603,4138,6212,5733,3281,3587,4228,4300,-1.57384,14.0024,8.93111,48.174
8418,3417,3948,6121,11349,3367,3693,4848,7154,3169,3402,3830,4209,3090,3195,3463,3526,-21.5437,25.6571,8.90916,47.854
8419,3860,4367,4661,3861,4095,6299,6931,4384,4056,5160,5544,4096,3577,3912,3926,3616,-3.89417,1.25847,8.83676,48.23
8420,5037,4569,3687,3230,7902,5967,4059,3400,6587,5477,3928,3465,4399,3985,3510,3192,-2.54689,-19.5225,8.64186,48.2627
8421,3410,3534,3304,3289,3894,3698,3365,3283,5820,4743,3758,3296,12284,5899,3896,3333,33.4378,-33.859,8.95872,47.204
8422,4039,3787,3400,3201,6171,4555,3540,3301,9467,5610,3822,3393,5966,4604,3757,3332,6.16836,-24.7334,8.6168,47.9633
8423,4939,4234,3580,3152,8508,5095,3786,3309,8036,4951,3786,3332,4627,4165,3547,3267,-0.570882,-25.1904,8.94562,48.2093
8424,3394,3924,6070,12724,3407,3748,4707,6079,3301,3493,3684,3866,3164,3224,3478,3376,-28.6805,30.5707,8.79969,47.7593
8425,3134,3344,3609,3704,3259,3614,4334,5115,3440,3771,5551,9374,3396,3803,5172,7437,11.617,23.9608,8.92086,48.038
8426,12560,5927,3874,3377,5818,4756,3761,3421,3844,3838,3400,3112,3285,3293,3278,3170,-31.3042,-31.8754,8.90566,47.1427
8427,3761,5133,8812,6690,3621,4448,6207,5516,3408,3689,3941,3976,3150,3326,3392,3428,-20.2868,10.7865,8.87109,48.332
8428,3384,3858,5026,7590,3372,3758,5265,9811,3308,3590,4182,5117,3008,3267,3698,3691,-11.4113,28.6202,8.91443,47.95
8429,3149,3180,3432,3304,3298,3374,3850,4112,3312,3767,4977,6625,3380,4088,6431,11724,24.147,24.746,8.77786,48.002
8430,3850,3683,3424,3137,5290,4209,3581,3294,9656,5347,3829,3329,7158,5064,3751,3369,10.4477,-27.205,8.50883,47.9807
8431,3130,3289,3408,3482,3264,3619,4139,4022,3593,4274,6358,5792,3559,4829,8175,7365,19.6567,12.8218,8.50011,48.1987
8432,3431,3367,3182,3090,4131,4019,3485,3281,6804,5294,3936,3488,10450,6950,4149,3403,21.3367,-20.6755,8.93375,48.3067
8433,4112,3891,3297,3098,6133,4442,3762,3312,9712,5324,3806,3453,6219,4633,3767,3263,7.07416,-28.0434,8.65912,48.1493
8434,6127,9456,6194,4081,4708,5572,4734,3813,3666,3851,3618,3483,3259,3342,3292,3274,-24.0137,-6.41491,8.77344,48.3133
8435,3745,4928,7794,6250,3700,4635,6708,5636,3457,3707,4212,4019,3127,3326,3534,3453,-17.4449,10.5577,8.64915,48.154
8436,3431,3381,3306,3144,3899,3869,3549,3334,5464,5039,4013,3531,9808,8132,4421,3481,30.0408,-17.2667,8.51726,47.868
8437,4172,6325,8613,5391,3860,4982,6046,4663,3501,3855,3990,3704,3193,3373,3411,3274,-20.2213,4.68665,8.81766,48.2353
8438,3024,3191,3461,3374,3294,3603,3775,3934,3384,3858,5076,5714,3421,4180,7810,10731,30.5193,19.4271,8.76927,47.8867
8439,10955,6776,3935,3530,6758,5031,3934,3409,4054,3848,3436,3159,3312,3413,3219,3114,-22.2411,-22.6893,8.70544,47.922
8440,7872,9617,5118,3736,5066,5221,4178,3509,3838,3717,3481,3288,3338,3336,3188,3154,-27.7434,-12.0411,8.72602,47.7713
8441,4577,4066,3573,3214,7774,4818,3708,3338,8649,5042,3859,3292,4964,4371,3537,3349,1.67939,-31.285,8.63691,48.0873
8442,4877,8505,8000,4697,4220,5058,4874,4181,3565,3584,3719,3601,3246,3338,3366,3179,-28.7083,-0.983078,8.68784,48.0067
8443,3205,3263,3302,3395,3461,3624,3870,3756,3906,4798,5882,4576,4162,6423,9222,5768,22.8151,5.40572,8.69422,48.4087
8444,3301,3359,3141,3194,3735,3894,3625,3371,4630,5648,4515,3898,6008,9656,6163,4143,25.1005,-6.34699,8.77333,48.1873
8445,3393,3915,6157,10936,3284,3763,5040,7234,3314,3497,3913,4109,3074,3179,3412,3347,-20.6378,25.4129,8.74458,47.7113
8446,3180,3385,3749,3979,3217,3754,4672,5598,3426,4015,6331,8926,3399,3766,5065,5957,8.0176,20.4346,8.61437,48.2793
8447,3428,3456,3224,3125,3901,4052,3569,3353,5770,6003,4260,3586,7888,8075,4602,3624,20.5901,-14.0612,8.62482,47.944
8448,5496,4581,3815,3205,8702,6125,3967,3449,6162,5130,3750,3259,4155,3932,3490,3147,-4.90157,-20.2628,8.93214,48.2433
8449,3140,3258,3470,3336,3105,3459,3793,3947,3415,3959,4839,5817,3404,4171,7268,11653,29.9349,21.4835,8.83446,48.0227
8450,3093,3279,3586,3746,3243,3570,4138,4632,3358,3871,5521,8579,3398,3899,5712,8754,15.0243,23.9335,8.57998,48.2527
8451,3119,3248,3470,3538,3356,3473,4056,4433,3360,3698,4990,8574,3318,3966,5493,9747,16.6458,30.7032,8.89272,47.8927
8452,3821,4783,5706,4599,3904,5852,8061,4981,3557,4200,4813,4080,3240,3568,3637,3659,-9.65058,5.29641,8.86342,48.3073
8453,3404,3465,3237,3060,3969,3837,3446,3239,6772,5182,3847,3346,10998,6750,4074,3362,22.8416,-22.5131,8.79065,47.992
8454,3050,3302,3564,3620,3241,3634,4121,4917,3337,3692,5258,9483,3282,3800,5230,8251,12.9037,30.7867,8.70852,47.8547
8455,3403,3333,3194,3144,4006,3797,3348,3230,6521,4807,3790,3269,12227,6478,4071,3252,25.5958,-25.7175,8.99936,47.9133
8456,4250,4084,3568,3173,5932,5409,4036,3412,7248,6736,4275,3513,4979,4573,3890,3479,3.58372,-16.3147,8.62061,48.3713
8457,3785,4782,5726,4426,4055,5857,8086,4926,3688,4201,4750,3947,3394,3592,3658,3607,-9.68283,4.6977,8.85924,48.32
8458,3170,3267,3416,3394,3265,3394,3710,4002,3293,3901,4799,6037,3266,3947,6627,12453,29.1288,24.9379,8.78249,47.9607
8459,4433,7449,9001,5206,4035,4658,4927,4329,3557,3676,3796,3566,3223,3324,3292,3261,-30.3364,2.50295,8.55218,47.822
8460,3327,3790,4945,6525,3344,3948,5770,9198,3378,3559,4491,5580,3168,3316,3647,3905,-8.90301,22.7945,8.57634,47.9273
8461,3317,3599,4215,4825,3393,3711,5055,8713,3356,3772,4860,8001,3318,3518,4008,4500,-0.885264,33.3483,8.89203,48.1073
8462,4272,6618,9605,5769,3813,4648,5239,4715,3381,3548,3820,3506,3232,3253,3382,3326,-28.2015,4.86547,8.76513,48.0847
8463,3540,3435,3267,3085,4191,4069,3554,3422,6918,5733,4076,3505,8799,6999,4289,3413,18.445,-18.4525,8.71369,48.1967
8464,3134,3450,3592,3623,3448,3859,4535,4230,3746,4796,7680,5609,3749,4640,6723,5653,13.5817,9.52784,8.6063,48.3113
8465,5420,4405,3752,3225,8967,5354,3841,3343,6703,4980,3710,3378,4283,4041,3505,3204,-4.04713,-22.9126,8.77849,48.074
8466,3255,3568,3927,4128,3322,3730,4617,6802,3497,3803,5218,9356,3386,3727,4473,5351,4.38568,33.5197,8.63251,48.1067
8467,3252,3455,3801,4190,3339,3730,4792,6220,3355,3777,5785,8970,3218,3716,4728,5762,5.73757,22.5406,8.58034,48.06
8468,3109,3268,3702,3845,3323,3670,4307,5584,3442,3970,5524,9931,3248,3742,4928,6886,9.95502,25.3114,8.98113,48.3193
8469,8416,5273,3809,3137,9480,5193,3734,3291,4964,4191,3580,3213,3598,3534,3322,3112,-13.1092,-31.3626,8.99292,47.898
8470,3143,3364,3802,3801,3367,3695,4731,5051,3448,4151,6820,7848,3346,4001,5435,6119,9.77921,17.0319,8.5683,48.0813
8471,8682,5404,3897,3300,8957,5208,3732,3391,4836,4056,3452,3293,3611,3533,3197,3169,-14.6476,-31.2144,8.60178,47.812
8472,3522,4015,5205,5082,3577,4480,7838,6472,3486,3970,5237,4922,3260,3489,3844,3766,-6.69925,12.4742,8.54175,48.11
8473,3362,3376,3205,3185,3924,3764,3516,3200,5392,5002,4065,3532,8928,9305,4644,3596,30.422,-14.5375,8.87527,47.9973
8474,4751,6568,5593,4123,4733,6978,5701,4016,3817,4338,4074,3602,3426,3462,3459,3355,-14.5007,-3.27534,8.55352,47.9973
8475,3300,3565,4980,7096,3412,3805,5237,9993,3274,3539,4286,5518,3123,3404,3560,3792,-10.1614,29.9499,8.99606,47.9227
8476,4046,4389,3943,3470,4947,7025,4825,3702,4857,6751,4802,3849,3932,4318,3744,3519,-0.630975,-6.94638,8.88902,48.0793
8477,3445,3798,3995,3826,3737,4639,5959,4396,3864,5282,7732,4971,3737,4047,4722,4168,3.88149,6.45172,8.72297,48.212
8478,3111,3236,3559,3526,3170,3445,4019,4491,3334,3834,5191,8705,3394,3811,5576,9497,16.4905,32.9006,8.89772,47.9327
8479,3341,3416,3118,3242,3988,3780,3566,3335,5813,4973,3990,3493,10229,7847,4180,3575,32.9131,-18.3665,8.55158,47.924
8480,3391,4010,5911,11853,3324,3723,4818,6936,3191,3332,3863,4037,3154,3229,3297,3306,-22.952,30.646,8.70432,47.5833
8481,3477,3436,3275,3084,3941,4064,3567,3275,5734,5663,3937,3587,8497,8377,4573,3549,22.1531,-15.2601,8.82575,48.024
8482,3452,3971,5781,5879,3531,4326,7562,7261,3436,3865,4734,4702,3170,3298,3757,3720,-9.99282,14.6797,8.75645,48.2967
8483,3798,4413,5214,4214,3932,5750,7769,4837,3747,4477,5371,4380,3480,3729,3858,3706,-6.15553,4.66266,8.61249,48.45
8484,11390,6359,3939,3451,6807,5031,3855,3375,3961,3783,3541,3137,3366,3437,3210,3020,-22.8763,-24.734,8.55701,47.7747
8485,4083,5910,8697,5466,3720,4973,6290,4809,3465,3766,3885,3892,3232,3379,3474,3405,-20.0781,5.86414,8.70566,48.2973
8486,3319,3504,3636,3503,3924,4286,4647,3947,4225,6401,7177,4540,4083,5317,5649,4290,10.7576,1.51774,8.5316,48.2987
8487,3741,3702,3428,3207,4866,4680,3872,3292,7446,7289,4260,3444,5991,5723,3989,3492,9.86288,-15.5067,8.98333,48.2813
8488,4031,4594,4185,3732,4892,7393,5437,3777,4329,6045,4860,3826,3800,3992,3912,3404,-2.93083,-4.6969,8.69191,48.1393
8489,3427,3858,4890,4859,3536,4225,7481,6584,3503,4026,5562,5443,3324,3501,3949,4023,-4.72417,13.8181,8.89913,48.1273
8490,3929,3764,3442,3259,5981,4487,3640,3291,9705,5223,3777,3382,6353,4784,3753,3344,7.88,-31.0119,8.53474,48.076
8491,3457,3811,5732,10470,3339,3787,4949,7779,3248,3591,3973,4307,3055,3219,3526,3450,-18.91,30.2887,8.54892,47.7953
8492,3293,3743,4470,4722,3505,4063,6247,7526,3276,3933,5657,6575,3330,3655,4171,4304,-2.20688,17.6122,8.89786,48.3133
8493,3244,3608,3865,4320,3413,3922,5422,6241,3384,4127,6525,7782,3350,3729,4661,4941,3.56737,17.9425,8.8853,48.356
8494,5082,4296,3629,3164,8642,5218,3707,3405,7901,4882,3705,3341,4723,3999,3427,3290,-1.26749,-28.3454,8.71234,48.274
8495,3200,3334,3507,3398,3378,3804,4176,4002,3681,4758,6907,5484,3823,5034,7810,5844,16.8291,9.17269,8.85933,48.0933
8496,3238,3348,3249,3189,3585,3958,3782,3680,4263,5474,5570,4237,4737,7669,7509,4681,20.9576,-0.176144,8.72435,48.1127
8497,3419,4021,6105,9013,3358,3806,5615,7936,3283,3560,4084,4484,3068,3230,3558,3536,-16.7218,22.1338,8.78384,48.0507
8498,4307,6659,9644,5752,3840,4591,5110,4480,3533,3740,3824,3696,3165,3320,3430,3301,-29.6013,4.99145,8.52718,48.2613
8499,4104,6130,7688,4965,3879,5427,6546,4707,3565,3799,4118,3797,3329,3466,3529,3350,-17.2105,3.39182,8.81204,48.266
8500,3534,4002,5857,7004,3379,4112,6520,7927,3335,3633,4447,4664,3149,3321,3618,3665,-12.5069,18.3821,8.51605,48.1113
8501,3192,3458,3770,3995,3257,3663,4451,6179,3419,3661,5329,10064,3297,3719,4487,6090,6.65911,27.2845,8.93345,48.0207
8502,3384,4043,6720,8789,3527,4078,5828,7064,3195,3585,4157,4278,3160,3260,3488,3571,-17.9532,18.8868,8.64679,48.0847
8503,3237,3263,3394,3345,3583,3666,3710,3595,4062,4855,4975,4391,4419,7555,8853,5077,33.7712,1.86681,8.91507,47.9867
8504,3809,4681,5267,4308,4052,6031,7647,4837,3748,4583,4991,4049,3329,3619,3697,3650,-7.52699,3.15816,8.56089,48.1987
8505,3310,3307,3325,3242,3623,3719,3591,3387,4323,5217,4641,3876,5373,9562,7278,4268,32.343,-3.84684,8.99881,48.028
8506,3255,3350,3216,3163,3616,3888,3734,3428,4889,5484,4669,3688,6316,9706,5884,3862,25.3612,-7.86147,8.79199,48.0987
8507,9416,5807,3854,3400,8389,5351,3716,3428,4537,4085,3474,3257,3548,3608,3309,3016,-16.394,-24.8813,8.81537,48.13
8508,3224,3545,4100,4563,3290,3781,4752,7704,3463,3864,4946,8717,3317,3578,4296,4915,1.55181,33.1512,8.85467,48.0367
8509,3218,3445,3777,3942,3201,3514,4404,5539,3412,3834,5552,9541,3287,3756,4839,6885,9.48426,25.3295,8.53377,48.0973
8510,5105,4684,3801,3408,7697,6339,4153,3341,6322,5379,3875,3333,4274,3847,3513,3263,-3.50071,-18.1779,8.52056,48.2227
8511,3225,3429,4086,4602,3384,3780,5114,7361,3294,3772,5457,8447,3215,3544,4394,5008,1.78078,22.9107,8.89668,48.0747
8512,3661,3505,3306,3036,4549,4172,3620,3356,8103,5875,3921,3381,8310,6052,4022,3445,15.1489,-21.2798,8.73802,48.2093
8513,3280,3361,3786,3781,3327,3625,4324,5576,3313,3893,5191,9688,3314,3631,4912,6823,9.69222,29.3012,8.82626,47.8833
8514,3963,6111,9763,6108,3749,4547,5498,4638,3477,3652,3911,3676,3154,3208,3386,3330,-25.3874,6.52509,8.9559,48.114
8515,3270,3674,4331,5100,3329,3855,5184,9199,3247,3651,4811,7404,3169,3446,4035,4464,-2.63653,27.6672,8.70125,48.1127
8516,3930,5925,9986,6739,3745,4312,5261,4672,3284,3541,3710,3703,3097,3310,3416,3317,-28.7987,8.55584,8.80056,47.9653
8517,3262,3458,3687,3367,3767,4356,4372,3785,4245,6523,6957,4318,4111,5667,5898,4349,12.4396,0.86124,8.5305,48.0813
8518,3425,3839,5215,7519,3346,3972,5738,9008,3268,3594,4212,5067,3148,3316,3698,3677,-12.1922,22.971,8.56867,48.028
8519,3214,3407,3714,3681,3424,3970,5052,4779,3636,4485,7906,6711,3485,4206,5558,5302,8.55013,13.1109,8.91747,48.3533
8520,3198,3432,3819,3872,3317,3689,4676,5686,3471,4080,6388,8561,3380,3808,4968,6031,7.61331,20.0287,8.83025,48.2507
8521,3093,3231,3373,3286,3253,3433,3765,4012,3498,3934,5014,5866,3429,4242,7357,11258,27.3068,20.5456,8.90711,48.0293
8522,3343,3846,4911,5236,3435,4205,7203,7287,3300,3877,5299,5416,3240,3645,3880,4062,-5.6612,15.3258,8.69133,48.1233
8523,3139,3236,3320,3270,3502,3637,3764,3580,3847,4626,5409,4448,4232,6775,9428,5754,26.0427,5.0293,8.79897,47.978
8524,3362,3387,3239,3121,3910,3850,3623,3255,5530,5139,4021,3462,9205,8655,4523,3557,29.4184,-15.8243,8.59638,47.8927
8525,6670,4870,3787,3375,9339,5716,3920,3282,5587,4536,3743,3297,3900,3620,3344,3125,-9.23955,-23.6284,8.6442,48.074
8526,2966,3269,3425,3433,3282,3515,3959,4224,3415,3934,5578,7110,3567,4183,6838,9402,19.179,19.6287,8.84695,48.0667
8527,8181,5668,3828,3411,8788,5558,3980,3388,4740,4171,3610,3158,3543,3606,3325,3075,-14.0816,-23.0624,8.8082,48.02
8528,3074,3289,3355,3412,3175,3535,3841,4010,3456,3839,4969,6044,3559,4157,7261,11115,26.2457,20.8745,8.68587,48.0607
8529,3227,3392,3273,3217,3532,3733,3844,3426,4214,5137,5060,4200,4805,8387,8203,4619,26.4697,0.044933,8.86898,48.1793
8530,3165,3323,3405,3302,3536,3830,3680,3610,4197,5017,5160,4411,4534,7576,8556,5036,24.6678,1.55022,8.60921,48.2253
8531,3338,3375,3238,3146,3830,3830,3498,3311,5351,5208,4111,3648,8829,8938,4604,3597,31.0319,-14.7273,8.55084,47.9013
8532,4447,5754,4747,4040,4793,7828,5880,4036,4077,4878,4272,3653,3607,3574,3425,3280,-9.30947,-4.14223,8.79721,48.194
8533,3477,4315,7680,9558,3403,3952,5384,6210,3322,3494,3989,4009,2991,3193,3551,3360,-21.7765,18.1841,8.96831,47.9253
8534,5409,4411,3600,3289,9173,5153,3789,3294,6944,4768,3715,3381,4321,3853,3450,3201,-3.62109,-28.8273,8.6304,47.834
8535,3215,3614,4498,5321,3422,4048,6293,8323,3297,3783,4973,6400,3227,3544,4047,4181,-4.08688,19.4833,8.9588,48.124
8536,3402,3866,4779,5143,3498,4203,6988,7502,3380,3851,5319,5700,3274,3586,3966,4128,-4.92248,16.2693,8.86508,48.39
8537,3125,3394,3860,4060,3292,3563,4484,6406,3342,3771,5366,9887,3280,3662,4605,6056,6.49736,27.4684,8.97146,48.102
8538,3106,3220,3398,3372,3288,3498,3743,3887,3359,3703,4849,5892,3415,4162,7085,11823,30.3536,21.4977,8.97731,47.8667
8539,3332,3394,3190,3259,4157,3810,3456,3211,7536,4919,3897,3261,11179,5678,3944,3423,20.3295,-30.4466,8.93677,47.764
8540,3594,3688,3654,3297,4071,5087,4431,3739,4784,7812,6000,3859,4406,5484,4679,3902,8.11434,-3.81351,8.92543,48.3247
8541,3177,3270,3410,3320,3333,3681,3664,3724,3803,4429,5247,4588,4013,5966,9945,6287,30.9583,7.68791,8.93222,47.9047
8542,4091,4579,4130,3640,4589,7044,5434,3859,4454,6031,5001,3820,3886,4016,3863,3532,-2.2603,-4.08854,8.71699,47.9793
8543,6730,4786,3810,3317,9834,5572,3895,3335,5625,4386,3546,3273,3942,3743,3350,3185,-8.77896,-24.4916,8.92445,48.2193
8544,4255,4344,3773,3438,5997,6905,4464,3408,5886,6486,4239,3625,4316,4306,3771,3372,-0.37207,-12.7738,8.8203,48.39
8545,6337,5370,3923,3407,8343,6414,3980,3540,5257,4650,3673,3232,3747,3675,3327,3214,-9.84124,-18.9863,8.85037,48.0593
8546,4091,3900,3444,3158,6209,4835,3747,3281,8877,6098,3926,3503,5622,4771,3723,3277,5.40311,-21.4482,8.8145,48.308
8547,3203,3633,3991,4429,3309,3772,5135,6977,3425,3900,5696,8256,3272,3697,4551,5020,2.64707,21.3529,8.70214,48.1773
8548,3330,3786,5094,7740,3405,3841,5259,9675,3283,3543,4227,5135,3132,3369,3606,3610,-11.875,31.3074,8.8892,48.0233
8549,3398,3275,3257,3159,4021,3969,3571,3314,6064,5859,4084,3511,8387,8252,4636,3589,21.1674,-15.5202,8.81825,48.2307
8550,3141,3211,3433,3438,3289,3603,4041,4009,3538,4272,5959,5736,3584,4901,8659,7513,20.3925,13.1958,8.98058,48.218
8551,3349,3452,3293,3093,3787,3868,3591,3204,5450,5397,4039,3572,8509,8994,4667,3641,26.5565,-14.1587,8.61178,47.9373
8552,3492,3371,3293,3266,4124,3856,3418,3187,6538,5381,4029,3275,9990,7377,4245,3452,21.7824,-19.2453,8.79381,48.196
8553,3157,3256,3437,3391,3216,3534,3843,3809,3448,4030,5051,5527,3420,4542,8505,9712,29.6469,16.4775,8.61626,47.9187
8554,3444,4088,6357,11915,3269,3756,4887,6308,3325,3474,3865,4068,3171,3175,3404,3401,-25.0663,25.1587,8.53631,47.938
8555,3316,3425,3191,3150,3971,3761,3518,3250,6449,4772,3664,3252,12286,6450,3959,3373,25.7809,-24.754,8.99378,47.858
8556,3132,3250,3415,3389,3318,3391,3898,3922,3295,3927,5193,5973,3516,4273,7616,10278,24.1788,19.2876,8.95894,47.8573
8557,3348,4031,6102,12477,3455,3836,4641,5752,3259,3470,3713,3732,3126,3336,3433,3446,-31.3724,33.653,8.57656,47.438
8558,5990,9349,6140,4016,4647,5690,4613,3851,3850,3867,3649,3366,3335,3384,3261,3182,-24.2263,-6.9749,8.53981,48.1267
8559,4605,4182,3740,3260,6809,6005,3924,3457,6974,6257,4000,3530,4580,4249,3582,3342,0.457522,-17.1689,8.95221,48.3307
8560,3159,3272,3486,3469,3248,3488,3905,3935,3519,4038,5229,6028,3543,4510,7991,9750,23.0545,17.7084,8.90971,48.38
8561,2961,3302,3372,3508,3259,3615,3922,3963,3706,4215,5420,5373,3736,4966,9294,7845,25.6522,12.5471,8.59687,48.3047
8562,3214,3229,3317,3416,3233,3504,3820,4090,3301,3766,4838,7225,3385,3877,5765,11788,22.0821,30.6754,8.84547,47.8453
8563,4104,4302,3835,3485,5170,6772,4730,3631,5170,6872,4631,3711,4178,4403,3836,3474,0.135983,-8.90551,8.61248,48.2027
8564,3061,3211,3568,3614,3266,3552,4372,5191,3381,3996,5820,9251,3328,3876,5305,7273,11.1754,22.9095,8.66991,48.0433
8565,4673,5586,4481,3654,5500,7960,5136,3638,4353,5131,4148,3628,3676,3669,3595,3228,-8.43466,-8.1642,8.51631,48.0373
8566,3167,3347,3369,3301,3419,3724,3803,3746,4012,4738,5142,4552,4187,6646,9475,5680,30.2175,4.69816,8.761,48.2053
8567,3436,3778,6185,12569,3348,3778,4744,6240,3202,3405,3677,3985,3114,3242,3404,3301,-26.7698,28.9711,8.94666,47.6053
8568,3391,3836,4624,4360,3497,4385,7152,5853,3574,4116,6479,5595,3410,3707,4219,4206,-1.15016,12.1128,8.66208,48.2693
8569,3437,3826,6202,11926,3339,3785,4885,6886,3307,3520,3840,3982,3091,3149,3441,3363,-23.8105,27.5815,8.60554,47.986
8570,3189,3334,3383,3333,3249,3619,3911,3760,3666,4212,5104,5079,3671,5200,9875,7281,32.4472,11.1288,8.88952,47.9107
8571,3241,3470,3709,3615,3565,4053,5202,4387,3694,4947,8170,5729,3606,4208,5588,4786,8.20605,9.00287,8.71837,47.98
8572,5399,4461,3530,3262,9265,5224,3882,3367,7005,4606,3763,3356,4316,3952,3527,3197,-3.69608,-28.6223,8.6461,48.0747
8573,3503,3370,3242,3083,4283,3912,3559,3205,7275,5146,3880,3455,10757,6255,3923,3444,20.2474,-24.7283,8.85421,48.1947
8574,3181,3374,3453,3334,3412,3752,4044,3941,3561,4342,6551,5561,3823,5018,8580,6615,19.3805,10.5732,8.759,48.3613
8575,3425,3626,3490,3403,3861,4451,4431,3752,4373,7013,6696,4289,4275,5698,5597,4249,11.8576,-0.362726,8.70399,48.4193
8576,3423,3541,3432,3334,3876,4359,4023,3586,4935,7220,5592,4047,5029,6848,5387,3962,14.0411,-4.78104,8.68913,48.396
8577,3923,3798,3440,3168,5249,4583,3675,3348,8929,6291,3903,3437,6359,5180,3876,3319,8.99034,-20.3504,8.7414,48.3187
8578,3331,3504,3502,3422,3716,4005,4254,3626,4207,6096,6857,4470,4234,6056,6673,4593,15.1044,1.47426,8.99359,48.364
8579,3231,3996,5989,8964,3512,3846,5447,8119,3289,3518,4102,4445,3087,3382,3534,3666,-16.1947,23.0034,8.51881,48.0847
8580,4155,3892,3434,3197,6707,4723,3555,3393,9624,5145,3822,3495,5475,4538,3675,3309,4.56177,-33.6208,8.7767,48.0927
8581,4615,4003,3575,3265,7465,5145,3845,3405,8505,5334,3735,3389,4971,4254,3598,3168,1.1512,-23.7747,8.7609,48.1813
8582,3919,4829,5361,4267,4122,6118,7635,4711,3822,4394,4878,4041,3347,3574,3756,3480,-8.36773,3.0492,8.58019,48.1693
8583,5382,9317,6872,4226,4456,5093,4671,3921,3736,3821,3727,3384,3286,3449,3284,3348,-32.5784,-3.77813,8.7777,47.982
8584,3444,3491,3250,2983,4180,3916,3402,3241,7206,5231,3797,3341,10307,6491,4030,3405,20.3453,-21.8828,8.91539,47.81
8585,3053,3298,3373,3469,3348,3546,3824,4099,3433,3909,4884,7404,3452,3770,5760,11276,21.203,30.7702,8.60926,47.932
8586,3536,3516,3219,3036,4666,4091,3444,3323,8685,5271,3800,3382,9292,5455,3820,3297,15.4579,-28.3295,8.81007,47.8887
8587,7616,4998,3829,3353,9653,5231,3792,3387,5209,4160,3496,3320,3747,3667,3451,3050,-11.6564,-29.9839,8.6388,47.9727
8588,3561,3515,3347,3083,4608,4143,3534,3337,8178,5717,4018,3368,8415,6007,4046,3414,15.689,-21.3592,8.6336,48.194
8589,3491,3755,4904,7040,3286,3739,5344,9789,3266,3601,4325,5479,3106,3230,3675,3925,-10.0717,28.123,8.55568,47.97
8590,3608,3715,3570,3344,4322,5012,4124,3566,5442,8126,5167,3749,4775,5634,4418,3746,8.76611,-7.61505,8.80898,48.212
8591,3463,3606,3511,3291,3814,4371,4179,3678,4563,6827,6067,4177,4560,6282,5716,4188,13.5044,-1.70731,8.72876,48.1953
8592,7744,6624,4223,3485,7097,6251,4211,3594,4379,4193,3598,3315,3660,3499,3358,3127,-15.9762,-17.1058,8.699,48.2387
8593,9340,8554,4564,3604,5716,5152,4007,3531,3813,3849,3470,3312,3434,3370,3253,3117,-26.0986,-16.3453,8.83077,48.0573
8594,3674,3989,5295,5519,3501,4112,7205,7499,3332,3893,4853,5202,3117,3385,3790,3894,-7.67502,15.8936,8.66202,48.1733
8595,3464,4270,7710,10695,3407,3905,5125,6027,3264,3589,3859,3980,3053,3199,3370,3349,-25.7299,19.4821,8.9835,48.1773
8596,5792,6453,4461,3715,6063,7611,4521,3758,4427,4477,3831,3445,3499,3690,3328,3218,-12.9063,-11.6472,8.7008,48.1927
8597,3411,3963,5927,9087,3356,3847,5441,8147,3245,3514,4064,4535,3079,3179,3529,3557,-16.5584,22.8391,8.70192,47.9207
8598,3339,3369,3648,3664,3333,3849,4699,4824,3460,4290,7268,7223,3372,4122,5794,5840,10.5458,15.0432,8.60976,48.0627
8599,11204,6562,4004,3345,6692,5176,3774,3468,4219,3842,3463,3126,3406,3385,3124,3034,-23.6671,-23.2607,8.50087,47.8827
8600,3272,3455,3541,3416,3549,3888,4081,3984,3804,5308,7429,4989,3895,5297,7132,5271,14.8276,6.68293,8.70002,48.2073
8601,4207,6155,7533,5003,4144,5375,6591,4610,3532,3920,4052,3774,3287,3354,3516,3333,-17.1516,3.40398,8.99533,48.2573
8602,4208,6226,9229,5628,3802,4982,6050,4656,3413,3776,3893,3696,3149,3376,3357,3397,-21.8089,5.92244,8.77697,48.5587
8603,3368,3418,3333,3047,3778,3813,3602,3368,4900,5800,4506,3868,6427,9458,5588,4015,22.9314,-8.67621,8.81801,48.1927
8604,4178,4949,4664,3816,4759,7475,6054,4066,4101,5287,4750,3793,3603,3749,3768,3444,-6.50443,-2.73282,8.68491,48.304
8605,3360,3777,4724,4896,3480,4147,6757,7600,3450,3923,5565,5814,3263,3467,3984,4077,-4.18934,16.2714,8.92803,48.1893
8606,10146,8317,4358,3528,5576,5143,4023,3415,3900,3827,3447,3163,3386,3361,3232,3230,-26.0474,-17.1807,8.9604,48.0347
8607,3272,3345,3357,3247,3473,3849,3757,3518,4076,4919,5039,4139,4663,7883,8547,4915,28.1026,0.813951,8.61464,47.9993
8608,3554,4936,9218,8266,3490,4116,5504,5438,3205,3529,3771,3892,3075,3304,3478,3315,-24.689,13.53,8.58887,48.0607
8609,3146,3231,3341,3339,3343,3540,3877,3801,3567,4205,5281,5138,3756,5132,9614,7865,31.2793,11.8012,8.76285,48.1173
8610,6463,4952,3731,3242,9752,5516,3903,3326,5807,4531,3703,3301,3870,3776,3282,3109,-8.21786,-24.6403,8.75774,48.176
8611,3455,3870,4487,4200,3684,4595,7007,5449,3664,4423,6624,5099,3521,3707,4286,4167,-0.780507,9.76126,8.53061,48.1587
8612,6306,5689,4061,3351,7639,7020,4190,3503,4861,4572,3822,3410,3675,3627,3484,3051,-10.9388,-16.1595,8.79476,48.174
8613,3054,3121,3318,3403,3189,3417,3744,3892,3367,3768,4757,6379,3284,3924,6046,12740,26.3532,28.279,8.95876,47.602
8614,3081,3383,3594,3691,3401,3775,4574,4746,3516,4280,7077,7261,3462,4178,6005,6354,11.5949,15.6891,8.73584,48.252
8615,4682,4152,3556,3298,7968,4863,3671,3426,8440,4968,3669,3402,4841,4252,3593,3244,0.553729,-29.2518,8.52891,48.0167
8616,3151,3270,3374,3309,3314,3446,3799,3958,3490,3789,4656,6030,3348,3883,6122,12469,29.5532,32.0382,8.50728,47.6053
8617,10423,5615,3850,3453,7867,5010,3964,3460,4280,3941,3519,3268,3416,3387,3149,2992,-18.5764,-32.6537,8.72554,47.7293
8618,9619,8599,4619,3445,5403,5211,4068,3530,3839,3878,3496,3220,3375,3407,3305,3078,-27.7683,-16.4704,8.68973,48.0613
8619,3309,3860,5433,7302,3459,3996,6016,8805,3277,3658,4256,5039,3128,3366,3603,3723,-12.0482,21.8274,8.56798,48.1533
8620,3354,3691,4516,4329,3448,4272,6949,6031,3458,4337,6592,5675,3472,3717,4385,4328,-0.689521,12.4909,8.97531,48.3693
8621,3059,3268,3602,3643,3319,3414,4072,4889,3424,3813,5378,9217,3385,3837,5348,8028,13.3167,25.1742,8.894,47.7973
8622,3076,3271,3427,3252,3213,3534,3838,3747,3667,4304,5384,4924,3799,5435,9887,7237,27.857,10.8615,8.90953,47.9967
8623,3059,3256,3551,3543,3283,3625,4056,4271,3559,4060,6172,7162,3481,4194,6800,8036,16.4644,17.3205,8.78409,48.072
8624,3539,3528,3213,2985,4654,3957,3471,3236,8388,5671,3879,3450,8905,5899,3969,3429,15.9683,-22.8662,8.90486,48.1153
8625,3301,3642,4652,5779,3312,3759,5156,9898,3309,3596,4581,6492,3211,3339,3868,4147,-5.6395,30.1489,8.82218,48.028
8626,5056,4320,3713,3387,8449,5280,3760,3374,7421,5083,3900,3354,4558,4061,3494,3236,-1.62893,-23.5846,8.5429,48.2973
8627,3509,4216,7585,10235,3378,3909,5342,6199,3233,3454,3819,3986,3105,3223,3361,3420,-23.6203,18.8114,8.89119,47.9827
8628,11147,7170,4065,3373,5908,5097,3846,3450,3922,3892,3383,3234,3491,3417,3265,3187,-33.6999,-20.9306,8.50656,47.898
8629,12563,6066,3899,3437,6360,4814,3698,3351,3917,3821,3528,3224,3408,3417,3075,3082,-25.478,-29.8814,8.82891,47.7733
8630,3326,3882,5500,9029,3300,3797,5261,8679,3282,3530,4069,4451,3142,3224,3522,3536,-15.4759,33.4638,8.59882,47.6867
8631,10123,7488,4271,3442,6146,5228,3961,3540,3979,3966,3488,3263,3278,3453,3117,3033,-23.9298,-18.8734,8.56318,47.8507
8632,3309,3399,3387,3167,3703,3691,3629,3511,4235,5057,4775,3991,5065,8921,7630,4330,31.8675,-1.97901,8.71263,47.8667
8633,3212,3263,3507,3482,3338,3709,4276,4022,3612,4557,6744,5579,3692,4874,7979,6448,17.5375,10.9431,8.75535,48.196
8634,8166,8316,4676,3691,5800,5711,4101,3651,4015,3952,3550,3344,3376,3431,3199,3082,-21.5498,-14.634,8.6464,48.0407
8635,3334,3636,4419,4926,3290,3898,6028,7791,3467,3861,5581,6813,3242,3662,4120,4488,-2.04078,19.1672,8.99939,48.3707
8636,3230,3359,3735,3786,3289,3606,4358,5264,3439,3953,5964,9027,3367,3828,5209,7042,10.8556,21.8593,8.7116,48.304
8637,4985,7507,6034,4193,4516,6714,5571,4034,3645,4038,3979,3664,3336,3489,3506,3314,-17.0078,-3.54212,8.96886,48.35
8638,3386,3408,3192,3145,4175,4026,3567,3315,7038,5928,4006,3431,8599,6888,4241,3563,18.4161,-18.4001,8.87803,47.9387
8639,12717,5821,3909,3390,6239,4826,3748,3425,3933,3783,3354,3297,3366,3386,3196,3048,-26.3818,-32.5333,8.91573,47.6253
8640,3250,3305,3352,3307,3515,3754,3751,3493,4121,4975,5122,4237,4609,7871,8625,5098,29.067,1.22764,8.79299,48.2567
8641,3273,3302,3654,3741,3251,3652,4404,5475,3302,3634,5226,9727,3271,3820,4953,6798,9.75832,33.7208,8.5793,47.6553
8642,3335,3391,3311,3075,3849,3852,3477,3291,5535,5016,3928,3492,10280,8254,4425,3497,29.2718,-17.952,8.78989,48.0053
8643,3239,3309,3381,3349,3261,3565,3918,3712,3479,4207,5191,5454,3670,4736,9085,8890,29.9437,14.7126,8.73711,48.2973
8644,3633,3510,3257,3054,4688,4072,3622,3285,8694,5309,3923,3342,8938,5668,3878,3395,15.3709,-25.4963,8.78019,48.1787
8645,12382,6250,3963,3473,6335,4872,3670,3314,3929,3832,3498,3194,3429,3435,3223,3039,-26.5294,-28.0038,8.54568,47.892
8646,3075,3369,3683,3555,3345,3685,4130,4362,3466,4119,6483,6946,3474,4272,6775,7516,16.1969,16.5746,8.84067,48.17
8647,3176,3462,3860,3905,3281,3720,4590,5942,3394,3999,5681,9322,3490,3724,4665,6129,7.12324,23.8493,8.61324,48.2267
8648,4752,4618,3809,3389,6804,7004,4206,3511,5686,5884,4093,3402,4239,4053,3682,3258,-2.856,-14.6253,8.79957,48.26
8649,3684,3589,3397,3188,4919,4137,3471,3201,9585,5215,3869,3409,7897,5084,3972,3307,12.0534,-31.2942,8.89164,47.9493
8650,3498,3796,4569,4302,3630,4705,7195,5377,3629,4457,6444,5168,3408,3800,4269,4042,-1.46752,9.87163,8.73344,48.1927
8651,3297,3328,3500,3440,3377,3766,4116,3836,3868,5046,6765,5036,4004,5418,8052,5756,18.2728,7.40205,8.59521,48.4033
8652,3184,3288,3545,3641,3307,3540,4116,4717,3412,3804,5439,8873,3369,3845,5549,8476,14.2017,24.5852,8.56238,48.07
8653,3427,3964,5307,6067,3333,4091,6608,8385,3343,3669,4679,5277,3171,3480,3742,3851,-9.57745,18.8481,8.69234,48.2627
8654,3068,3230,3365,3407,3195,3243,3834,4045,3415,3833,4743,6086,3365,3937,6311,12258,28.1975,26.8088,8.56225,47.5567
8655,3253,3656,4082,4363,3374,4000,5829,6074,3511,4222,6757,6847,3314,3802,4546,4590,2.10983,16.0636,8.73354,48.1467
8656,3286,3647,4277,5071,3360,3838,5034,8781,3384,3773,4802,7503,3301,3507,4100,4367,-1.51942,33.8636,8.76802,48.0207
8657,3653,4681,9132,8782,3577,4150,5230,5402,3228,3480,3865,3873,3127,3252,3342,3341,-27.9887,14.6517,8.82772,48.0767
8658,3017,3174,3377,3432,3264,3505,3763,4042,3372,3833,4918,6080,3374,4060,6985,11669,26.7937,22.0563,8.90043,47.91
8659,3408,4210,7116,9757,3417,3835,5418,6799,3153,3535,3932,4117,3061,3296,3456,3586,-20.3785,19.358,8.99802,48.064
8660,3322,3321,3296,3098,3884,3784,3441,3178,5625,5074,3951,3520,10251,8227,4337,3505,31.6719,-17.8085,8.94626,47.876
8661,6102,5196,3950,3410,8376,6584,4141,3381,5195,4676,3731,3345,3912,3753,3501,3272,-8.33103,-18.3549,8.75537,48.35
8662,3605,3575,3292,3024,4477,4112,3548,3234,7455,5755,3911,3412,8600,6491,4195,3454,17.1248,-19.6319,8.86839,48.0933
8663,3368,4211,7440,11043,3399,3859,4978,5724,3259,3647,3716,3942,3144,3333,3335,3432,-30.2952,20.4651,8.51823,47.8867
8664,3262,3590,4004,4522,3269,3725,4901,7471,3240,3863,5164,8830,3259,3592,4412,5090,2.14731,27.0024,8.52252,48.1293
8665,3329,3928,5066,6864,3325,4052,5733,9543,3307,3590,4421,5361,3194,3336,3700,3768,-10.234,22.852,8.82869,48.3447
8666,4243,4032,3509,3287,5774,5611,4006,3466,7096,6904,4208,3484,4898,4743,3794,3394,3.67331,-15.6778,8.60829,48.2993
8667,4007,4329,3924,3451,4878,6603,4544,3644,5170,7237,4730,3822,4125,4372,3989,3431,1.20756,-8.31911,8.94848,48.1707
8668,12307,6223,3984,3418,5969,4760,3798,3369,4000,3709,3425,3224,3460,3377,3164,3144,-30.3777,-25.8433,8.62677,47.554
8669,12286,5840,3922,3370,6302,4701,3820,3385,3903,3801,3440,3201,3390,3347,3186,3149,-26.3165,-31.8501,8.72947,47.362
8670,4266,4036,3534,3227,6107,5277,3898,3296,7778,6446,4024,3427,5192,4689,3778,3344,3.92276,-18.1204,8.7552,48.2127
8671,3598,4098,6585,6400,3512,4315,7077,6873,3376,3685,4306,4525,3182,3505,3592,3511,-13.6444,14.9056,8.82507,48.0933
8672,3338,3382,3382,3254,3613,3847,3802,3605,4206,5154,5373,4165,4509,7564,8070,4982,22.1886,1.29733,8.67356,48.164
8673,4393,5800,5266,4160,4605,7262,6297,4213,3923,4629,4258,3656,3449,3635,3586,3389,-10.723,-2.30692,8.76725,48.3473
8674,3106,3257,3378,3370,3248,3411,3805,3885,3410,3697,4684,5877,3398,3968,6075,12712,32.6772,28.9591,8.90047,47.5207
8675,3412,3856,5306,6494,3296,4031,6303,8562,3372,3604,4508,5249,3114,3427,3674,3895,-9.59057,20.2502,8.53356,48.0687
8676,3587,4165,4551,4178,3793,5232,7237,4839,3693,4942,6291,4687,3479,3831,4156,3877,-2.0429,6.0896,8.67605,48.3587
8677,3127,3275,3345,3289,3453,3652,3844,3781,3869,4430,5371,4665,4101,6101,9751,6184,28.3071,7.30479,8.5654,48.1587
8678,4256,4071,3451,3235,6799,5058,3746,3340,8533,5686,3788,3336,5302,4468,3568,3315,3.06573,-22.2549,8.86317,47.968
8679,3230,3558,4131,4627,3397,3719,4960,7803,3415,3820,5083,8382,3214,3615,4265,4941,0.790329,32.3904,8.59131,48.1067
8680,3133,3308,3315,3365,3355,3610,3845,3794,3710,4431,5210,4947,3859,5344,9705,7000,33.2654,9.92735,8.55627,47.954
8681,9076,8647,4634,3551,5493,5126,4001,3504,3791,3926,3539,3368,3319,3367,3245,3224,-28.6017,-15.4906,8.67304,47.874
8682,4538,7705,8736,5105,4050,4860,5113,4329,3488,3788,3645,3661,3211,3385,3349,3320,-32.2563,1.83983,8.564,48.1887
8683,7931,5078,3890,3334,9398,5302,3884,3384,5010,4118,3588,3259,3633,3588,3288,3207,-12.5034,-32.6927,8.7677,47.928
8684,4540,4109,3756,3280,7400,5566,3818,3319,7557,5638,3945,3379,4779,4307,3680,3284,0.478943,-20.4626,8.93633,48.238
8685,4818,8351,8181,4621,4147,4975,4851,4278,3581,3812,3734,3713,3269,3288,3329,3272,-33.3664,-0.438631,8.56428,48.1467
8686,3466,3961,4866,4855,3508,4387,7272,6680,3514,3918,5518,5476,3304,3592,4033,4079,-4.64728,13.6453,8.61154,48.286
8687,3092,3183,3395,3435,3229,3494,3971,4119,3471,3998,5530,6818,3511,4186,7221,9512,19.8413,18.9523,8.9329,48.11
8688,5434,9399,6990,4302,4511,5071,4724,3947,3655,3737,3666,3417,3308,3227,3369,3327,-28.0082,-3.67574,8.6234,48.056
8689,3816,4623,5115,4196,3979,5795,7798,4901,3716,4471,5116,4171,3447,3621,3780,3710,-6.94648,4.26407,8.7765,48.17
8690,3466,3992,5735,7817,3393,4001,5919,8291,3239,3644,4308,4726,3176,3337,3612,3627,-13.3712,20.8082,8.53579,48.1887
8691,3567,3760,3824,3615,4019,5056,5181,3885,4285,6629,6777,4360,3969,4671,4726,4017,5.51748,0.525653,8.52463,48.2273
8692,3845,3682,3340,3227,5444,4403,3681,3307,9530,5682,3921,3364,6670,4959,3764,3306,9.58861,-24.2111,8.62947,48.0833
8693,4493,4045,3491,3252,7711,4758,3759,3261,8840,5042,3745,3418,5250,4292,3589,3200,2.11663,-27.5391,8.70599,48.0973
8694,3184,3534,4187,4719,3370,3749,5044,7996,3330,3626,5153,8442,3162,3559,4228,4866,0.333889,25.3962,8.71311,48.0993
8695,3903,4420,4194,3627,4562,6805,5686,3906,4410,6159,5299,3964,3882,4170,3896,3561,-1.66337,-3.43031,8.68635,48.296
8696,7104,9873,5343,3807,4912,5273,4273,3640,3810,3820,3631,3334,3337,3405,3202,3172,-32.3084,-10.4321,8.74801,47.9573
8697,3442,3403,3301,3168,4248,4100,3544,3217,8360,5181,3959,3363,9688,5617,3927,3464,16.6399,-33.8832,8.5902,47.988
8698,3371,3439,3237,3063,3918,3773,3365,3237,5485,5076,4071,3379,9827,8420,4414,3581,29.5067,-16.6623,8.8264,47.7707
8699,12469,6041,3954,3427,6506,4760,3781,3321,3975,3920,3414,3252,3337,3340,3259,3043,-24.5811,-28.8292,8.90732,47.866
8700,3616,3722,3366,3167,4214,4464,3856,3424,6083,7644,4623,3796,5770,6554,4568,3521,12.598,-11.1763,8.60854,48.2587
8701,3911,4429,4329,3653,4286,6786,6045,4077,4277,6004,5252,3915,3692,4026,4045,3574,-1.97023,-2.03688,8.87154,48.2007
8702,3212,3324,3854,4156,3303,3619,4595,6428,3246,3792,5180,9798,3305,3665,4516,5738,5.75195,30.9679,8.72712,47.8207
8703,3330,3973,6469,12411,3306,3834,4817,6019,3162,3393,3821,4021,3158,3286,3267,3443,-30.0419,25.5657,8.69963,47.8067
8704,3296,3630,4250,4872,3347,3866,5414,8097,3354,3901,5299,7542,3317,3612,4198,4575,-0.900229,22.5277,8.59866,48.38
8705,3261,3302,3307,3333,3555,3775,3780,3607,4114,5056,4889,4260,4812,8112,8083,4662,27.3825,-0.0827927,8.53737,47.9387
8706,3390,3317,3171,3072,3801,3731,3345,3185,6081,4644,3780,3357,12503,6352,3971,3270,29.7004,-26.7076,8.73241,47.3133
8707,3232,3404,3444,3281,3514,3823,3995,3804,4017,5409,6327,4434,4275,6299,7831,4898,18.2802,2.98431,8.9519,47.9913
8708,12332,6451,3924,3387,5980,4854,3781,3399,3894,3910,3495,3087,3419,3476,3257,3237,-33.2728,-24.4097,8.87527,47.922
8709,3449,3372,3219,3102,3906,3980,3494,3263,5714,5224,4028,3455,9175,8450,4566,3484,24.8382,-16.2075,8.73287,47.9207
8710,3998,4836,5015,4148,4347,6717,6997,4276,3889,4739,4826,3961,3556,3756,3746,3569,-7.55567,0.581556,8.85612,48.2507
8711,3321,3426,3269,3191,3637,3823,3697,3363,4782,5230,4320,3755,6794,9870,5557,3947,27.9362,-8.94105,8.87451,47.988
8712,3347,3596,3687,3536,3933,4724,4774,4001,4259,6632,7096,4495,3997,5067,5014,4197,8.06632,1.06743,8.74807,48.2367
8713,3715,4837,7355,5785,3735,4713,7408,5622,3301,3672,4246,4140,3155,3438,3406,3458,-15.3246,9.61816,8.91947,47.9907
8714,4140,3980,3507,3263,5883,5686,3925,3448,7180,6793,4187,3633,4846,4668,3826,3403,3.65357,-15.7959,8.6469,48.2453
8715,12394,6113,3885,3451,5963,4654,3738,3413,3946,3746,3488,3226,3460,3309,3183,3166,-28.5593,-33.1437,8.5812,47.4233
8716,10226,5811,3856,3337,7727,5068,3802,3401,4354,4036,3536,3334,3507,3350,3324,3127,-18.724,-28.6163,8.67274,47.864
8717,3381,3346,3367,3138,4134,3783,3499,3202,6794,4898,3882,3368,12030,5901,3846,3458,23.1842,-30.1594,8.57059,48.018
8718,3345,3441,3461,3248,3707,3839,3875,3700,4258,5699,5940,4300,4616,6928,7337,4712,18.9511,0.834565,8.79719,48.2707
8719,6181,7546,4863,3697,5622,6925,4575,3709,4196,4212,3732,3456,3518,3515,3363,3205,-16.2177,-11.1394,8.69407,48.21
8720,8563,6032,3963,3343,8062,5774,3930,3589,4585,4166,3627,3233,3553,3498,3229,3127,-15.5775,-21.4404,8.69608,48.1827
8721,8925,5927,4007,3441,8105,5640,3913,3461,4486,4146,3565,3335,3554,3398,3253,2968,-16.2809,-22.4477,8.58163,48.0827
8722,5485,9568,6879,4293,4541,5069,4601,3902,3619,3848,3704,3432,3302,3303,3350,3118,-30.9644,-4.2157,8.87211,48.0093
8723,3325,3441,3560,3349,3506,3997,4227,3924,3889,5372,7494,4986,3911,5309,6897,4957,13.9906,5.37572,8.88643,48.096
8724,4867,7882,7789,4779,4306,5381,5291,4211,3587,3863,3848,3637,3280,3320,3376,3132,-22.8633,-0.18384,8.63546,48.366
8725,5447,6101,4415,3602,6106,8049,4735,3681,4255,4588,3820,3414,3623,3628,3345,3302,-11.2649,-10.8758,8.79325,48.074
8726,3440,3960,5050,5241,3552,4200,7143,7425,3400,3875,5280,5390,3149,3439,3806,3868,-6.51449,15.9305,8.81933,48.1453
8727,3180,3319,3739,3699,3345,3621,4248,5237,3392,3748,5307,9714,3367,3725,5115,7329,10.7732,33.6419,8.60145,48.0567
8728,3328,3472,3565,3472,3695,4189,4214,3749,4266,6300,6812,4447,4295,6047,6546,4540,14.1165,0.954373,8.82486,48.6247
8729,3305,3694,4413,5402,3376,3827,5078,9235,3345,3674,4687,6744,3162,3528,4017,4185,-3.89945,33.5374,8.50792,47.7813
8730,5171,4330,3581,3167,8664,5324,3709,3367,7321,5041,3814,3443,4446,3978,3460,3304,-2.1461,-24.1175,8.86966,48.08
8731,3204,3574,4480,5375,3414,3759,5162,9475,3341,3787,4573,7194,3227,3373,3996,4161,-3.59889,28.6786,8.87865,48.0633
8732,3440,3884,4749,6055,3449,3991,5966,8851,3408,3626,4709,5823,3025,3467,3746,4025,-6.99867,21.1941,8.66768,48.1427
8733,3203,3156,3589,3515,3322,3587,4089,4406,3361,3894,5602,7814,3499,4141,6329,8695,16.5962,20.7105,8.95523,48.1347
8734,3089,3231,3302,3383,3185,3482,3794,3874,3416,3871,4973,5872,3426,4173,7173,11491,32.7478,21.248,8.72555,47.8233
8735,4149,5021,4643,3924,4486,7403,6444,4137,4124,5054,4727,3731,3573,3818,3759,3457,-7.02402,-1.91632,8.6486,48.3
8736,3437,3617,3353,3176,4003,4270,3778,3466,5626,7535,4883,3750,5679,7270,5045,3716,14.9404,-8.90548,8.79599,48.4027
8737,8885,6284,3939,3506,7659,5592,3967,3425,4488,4038,3681,3255,3450,3527,3274,3124,-16.9545,-20.8563,8.54179,48.0627
8738,3476,3788,5358,9170,3392,3736,5410,8904,3244,3562,4016,4759,3154,3192,3569,3613,-15.2893,25.8255,8.99667,48.2287
8739,3106,3235,3456,3489,3244,3488,3997,4293,3402,3883,5067,7751,3438,3857,5751,10224,18.371,33.5046,8.60434,47.7873
8740,3142,3258,3379,3293,3274,3635,3872,3949,3422,4241,5213,5305,3452,4635,8863,8923,33.5975,15.0915,8.75248,47.904
8741,3271,3263,3613,3672,3206,3567,4329,5224,3386,3778,5319,9774,3449,3772,4984,7152,10.5164,33.8368,8.75753,47.8393
8742,3195,3301,3333,3434,3283,3649,4064,4066,3610,4249,6326,5726,3695,4765,8283,7154,19.0636,12.8685,8.67558,48.0887
8743,3386,3370,3359,3128,3815,3856,3386,3254,5535,5229,4029,3493,8973,8853,4591,3504,32.9362,-15.1904,8.97125,47.8407
8744,3074,3256,3472,3574,3223,3443,4042,4480,3503,3796,5201,8182,3457,3880,5805,9779,17.4039,25.8249,8.6972,48.1113
8745,5484,4507,3753,3342,9038,5578,3913,3276,6852,4891,3685,3350,4176,4010,3458,3199,-3.89933,-23.1005,8.88725,48.3413
8746,4930,8679,7857,4532,4361,5130,4861,4049,3608,3777,3721,3454,3201,3330,3308,3230,-32.9624,-1.42317,8.85601,48.0187
8747,4024,6280,9689,6116,3840,4566,5248,4695,3346,3742,3706,3661,3077,3386,3434,3358,-31.0315,6.72027,8.50887,48.112
8748,12688,6154,3868,3301,6157,4681,3725,3344,3984,3830,3433,3330,3360,3309,3203,3138,-29.8825,-30.0606,8.80494,47.67
8749,4196,6116,6965,4827,4163,5798,6609,4582,3646,4009,4171,3771,3332,3399,3551,3403,-15.8918,2.29521,8.6957,48.3587
8750,6126,8529,5185,3787,5214,6504,4679,3701,3899,4012,3673,3400,3405,3405,3351,3143,-19.1474,-9.11648,8.73658,48.0087
8751,9265,5381,3894,3309,8801,5279,3830,3310,4689,4030,3577,3259,3625,3591,3265,3120,-15.4591,-29.5907,8.90812,48.15
8752,3900,5443,9976,6973,3733,4158,5288,4825,3390,3535,3807,3742,3251,3267,3456,3318,-28.0704,10.1046,8.72136,48.0413
8753,3447,3287,3274,3177,4006,3824,3477,3207,6682,4980,3795,3371,11991,5826,3960,3384,23.1512,-32.7697,8.74723,47.792
8754,3315,3645,4391,5543,3368,3940,5401,9078,3272,3609,4756,6897,3209,3448,3864,4307,-4.01473,26.5374,8.51101,48.0287
8755,4949,5600,4166,3557,5971,7967,4661,3696,4642,5114,4031,3383,3718,3762,3485,3361,-8.07716,-10.6496,8.71656,48.042
8756,3402,4044,6612,12065,3338,3747,4794,6301,3270,3446,3810,3930,3172,3214,3367,3388,-28.1395,25.2522,8.55151,47.9333
8757,3266,3511,4152,4081,3425,4096,5451,5703,3486,4233,6894,7257,3346,3800,4799,5046,4.23442,16.0091,8.64926,48.364
8758,3240,3322,3428,3279,3637,3864,3994,3696,4156,5621,6128,4394,4387,6741,7682,4914,18.5938,1.87362,8.86828,48.322
8759,6072,4753,3823,3315,9242,5756,3815,3408,6002,4647,3722,3292,4112,3849,3482,3230,-6.68559,-22.9058,8.79412,48.3467
8760,3754,4700,7245,5832,3708,4737,7221,5703,3352,3811,4404,4057,3186,3425,3501,3510,-15.1025,9.54348,8.55165,48.0973
8761,3312,3666,3953,4089,3444,3998,5603,5777,3510,4082,6844,7137,3405,3845,4628,5002,3.6905,15.9354,8.7494,48.1967
8762,5074,4213,3554,3206,8584,5251,3744,3465,7627,4916,3754,3345,4607,4086,3433,3264,-1.27437,-25.9541,8.68298,48.082
8763,3321,3935,6600,12128,3358,3847,4835,5874,3167,3550,3789,4026,3129,3268,3462,3442,-32.2709,23.8977,8.91078,47.8207
8764,3474,4202,5759,6560,3587,4151,6957,7631,3319,3714,4490,4663,3094,3351,3634,3686,-11.6663,16.3812,8.94135,48.1813
8765,3265,3346,3354,3099,3728,3748,3614,3411,4616,5497,4556,3848,6046,9458,6288,4070,25.3029,-6.15723,8.72697,47.9627
8766,3627,4445,8399,9589,3448,3971,5355,5860,3287,3491,3848,3947,3128,3299,3351,3400,-24.6992,16.9732,8.97156,48.2967
8767,3168,3440,3300,3308,3520,3862,3924,3526,4163,5745,5755,4301,4587,7200,7390,4680,19.4037,0.498856,8.82911,47.9127
8768,3488,4038,5886,10376,3353,3720,5152,7716,3352,3485,3818,4242,3106,3382,3441,3432,-19.1366,27.0453,8.56561,47.9913
8769,3690,5052,8289,6652,3727,4525,6261,5422,3443,3785,4113,3905,3109,3312,3397,3399,-19.0177,10.8657,8.61361,48.054
8770,3175,3224,3420,3348,3355,3557,3927,3871,3710,4385,5902,4991,3848,5458,9524,6556,23.5003,9.49976,8.80713,48.1673
8771,3195,3218,3367,3401,3219,3405,3818,3900,3381,3783,4960,5907,3334,4184,7047,11663,28.388,22.4104,8.54233,47.8547
8772,5889,9757,6422,4203,4526,5397,4671,3882,3730,3839,3614,3571,3228,3404,3318,3202,-24.7135,-5.70285,8.75139,48.4353
8773,3373,3867,5135,5954,3305,4037,6390,8465,3384,3835,4693,5376,3187,3471,3710,3866,-8.4212,18.582,8.88378,48.032
8774,6680,8630,5116,3871,5354,6439,4427,3569,3999,3970,3509,3375,3412,3408,3403,3150,-19.5876,-10.6518,8.80543,48.208
8775,5339,9564,7198,4232,4351,5032,4763,3967,3661,3742,3727,3440,3379,3429,3385,3188,-32.0757,-3.59187,8.85648,48.2647
8776,4498,6582,7307,4778,4238,5558,6168,4370,3742,3934,3976,3647,3274,3305,3455,3293,-17.8103,1.95585,8.59345,48.0833
8777,3100,3327,3350,3234,3425,3618,3793,3586,3989,4791,5193,4412,4428,7265,9105,5311,27.6169,2.80987,8.60253,47.9513
8778,4366,4448,3791,3423,5774,6967,4440,3291,5790,6419,4258,3602,4208,4376,3722,3419,-0.728537,-12.2004,8.75303,48.196
8779,3047,3361,3561,3561,3201,3441,4020,4607,3308,3949,5325,8745,3429,3982,5548,9245,15.7653,26.1859,8.96861,48.22
8780,4203,4133,3727,3283,5570,5959,4162,3409,6510,7236,4434,3537,4601,4603,3830,3406,2.95429,-13.3121,8.54537,48.402
8781,7560,8084,4632,3744,6020,6240,4164,3557,4044,4015,3562,3327,3409,3417,3258,3121,-19.2254,-14.1566,8.94711,48.1027
8782,4391,5506,4769,3774,4868,7955,5945,4103,4032,4787,4440,3658,3560,3681,3600,3388,-8.75427,-4.04425,8.8373,48.3047
8783,8397,5272,3737,3346,9396,5377,3812,3339,5126,4128,3458,3259,3538,3489,3345,3110,-13.0678,-27.1482,8.84439,48.086
8784,3469,3595,3372,3143,4502,3948,3562,3189,8178,5587,3871,3542,9139,6013,4062,3318,16.8818,-22.5612,8.90496,48.3267
8785,3194,3203,3479,3490,3342,3685,3775,4020,3441,4063,5395,6110,3459,4377,7737,9463,22.7289,17.7563,8.55303,48.1553
8786,3171,3380,3370,3305,3298,3600,3940,3774,3753,4326,5655,4930,3779,5429,9710,6932,25.1107,10.1527,8.94247,48.2347
8787,3343,3642,4841,6929,3403,3748,5126,9882,3263,3604,4336,5369,3171,3444,3681,3832,-9.65002,30.3537,8.67118,47.7427
8788,3105,3198,3398,3311,3336,3558,3779,3867,3533,4231,5250,5355,3641,4915,9613,8126,33.6108,13.0203,8.91747,48.144
8789,3099,3284,3421,3448,3338,3559,4031,4178,3520,4288,6252,6279,3553,4434,7627,7713,18.1525,14.767,8.74352,48.016
8790,5967,4530,3681,3250,9831,5230,3787,3422,6377,4545,3734,3315,4115,3887,3401,3101,-5.91836,-32.93,8.84952,48.1153
8791,3957,4855,5674,4470,4199,6026,7937,4631,3718,4268,4706,3905,3348,3663,3697,3523,-9.52956,3.50077,8.73586,48.3847
8792,3067,3324,3336,3374,3403,3665,3814,3669,3763,4420,5082,4617,4105,6177,10088,6220,31.4751,7.19739,8.98389,48.0827
8793,3084,3122,3408,3442,3269,3383,3847,3941,3473,3884,5216,6264,3431,4246,7348,10751,23.8356,20.3478,8.79108,48.0727
8794,3756,4646,5829,4841,3813,5419,8215,5266,3529,4163,4845,4193,3251,3565,3689,3566,-9.70052,7.30133,8.70497,48.3907
8795,7989,5531,3882,3359,8826,5659,3941,3389,4880,4201,3486,3321,3641,3632,3330,3140,-13.1802,-23.3009,8.70622,48.138
8796,3384,3313,3207,3162,3883,3900,3561,3231,5259,5349,4156,3495,8315,9324,4731,3659,31.6075,-13.6723,8.51868,47.9527
8797,3486,3925,6006,12252,3386,3839,4804,6235,3290,3462,3694,3967,3138,3218,3439,3397,-26.011,32.809,8.64151,47.692
8798,3750,3714,3372,3212,4415,4921,3823,3375,6177,7970,4681,3635,5353,5960,4273,3553,10.7367,-10.9604,8.8029,48.1227
8799,11966,6298,3892,3344,6462,4807,3817,3340,3972,3851,3420,3265,3452,3367,3178,3097,-26.7199,-26.1906,8.69499,47.6853
8800,3351,3659,4065,4643,3303,3867,5384,7380,3423,3770,5480,8039,3233,3531,4236,4904,0.951161,21.5548,8.68633,48.1787
8801,4594,6853,7002,4701,4156,5816,6106,4245,3626,3990,3982,3652,3351,3521,3394,3396,-17.0767,0.582549,8.6743,48.2567
8802,3471,3512,3212,3023,4347,4091,3719,3283,6929,5853,4102,3459,8534,6935,4227,3557,18.2383,-18.5371,8.65809,48.1693
8803,3210,3471,3985,4043,3418,3964,5143,5195,3472,4280,7186,7082,3415,3958,4989,5304,6.18287,15.1587,8.5196,48.0767
8804,3291,3484,4104,4599,3438,3794,5445,7467,3356,3851,5567,7776,3220,3702,4232,4859,0.397215,20.9899,8.55932,48.1233
8805,3307,3986,6250,11936,3277,3778,4784,6562,3142,3488,3982,3942,3101,3306,3359,3355,-24.5341,27.9809,8.53135,47.7033
8806,3423,3318,3275,3230,3924,3782,3427,3219,5914,4669,3835,3347,12711,5855,3891,3442,32.1716,-31.0726,8.89342,47.508
8807,4083,6424,9684,5842,3859,4537,5270,4578,3457,3664,3853,3738,3228,3365,3372,3343,-25.945,5.87532,8.75232,48.198
8808,3409,3999,5902,11528,3392,3749,5019,7010,3242,3476,3843,4017,3030,3208,3390,3306,-22.0396,29.7718,8.59544,47.68
8809,3465,3412,3249,3094,4425,4006,3497,3257,8393,5200,3776,3385,9748,5589,3830,3364,16.9948,-26.8375,8.77959,47.7933
8810,3364,4014,7101,11869,3296,3654,4840,6126,3296,3461,3793,3947,3127,3185,3413,3354,-29.011,22.5113,8.8139,47.8933
8811,3213,3433,3326,3201,3513,3817,3736,3570,4167,5079,4879,4178,4782,8309,8097,4755,28.3976,-0.29646,8.92415,48.0367
8812,12398,6380,3976,3335,6043,4828,3687,3340,3947,3730,3519,3207,3360,3409,3269,3195,-32.0645,-25.3213,8.85172,47.7487
8813,3472,3497,3250,3117,4328,3892,3478,3199,7825,5080,3891,3284,10433,5790,3930,3321,18.7028,-32.7728,8.76893,47.858
8814,3396,3937,5837,9235,3416,4009,5390,7875,3230,3502,4066,4612,3209,3259,3403,3571,-16.9049,23.5648,8.65922,47.9647
8815,10763,7407,4279,3439,5743,5052,3916,3448,3970,3828,3585,3211,3452,3385,3264,3009,-27.1607,-19.7002,8.60619,47.834
8816,6254,9931,5975,3880,4729,5272,4442,3709,3729,3791,3619,3417,3350,3316,3272,3115,-32.2416,-7.3222,8.97969,47.8673
8817,3105,3366,3504,3510,3379,3713,4333,4092,3590,4304,7040,6529,3521,4494,7001,6633,15.1032,13.5088,8.82151,48.076
8818,3127,3382,3528,3441,3303,3638,4090,4154,3550,4198,6625,6465,3569,4482,7565,7447,17.9148,14.5138,8.86212,48.376
8819,3405,3992,6147,12535,3419,3797,4703,6172,3159,3408,3831,3950,3196,3053,3409,3399,-27.7449,27.3747,8.82334,47.7167
8820,3320,3351,3239,3224,3602,3913,3648,3362,4588,5287,4463,3787,6229,9802,5965,4141,27.8719,-7.14126,8.74415,47.9473
8821,3256,3530,3788,3670,3688,4154,5289,4370,3630,5144,8236,5639,3708,4324,5393,4609,7.67632,8.17007,8.59027,48.2853
8822,3483,3398,3296,3192,4156,3988,3547,3410,6504,5946,4215,3521,8262,7604,4455,3426,19.143,-16.1205,8.67521,48.2687
8823,4652,6307,5032,4024,4895,7794,5561,3987,3920,4478,4177,3680,3521,3506,3470,3367,-11.7263,-4.97581,8.85636,48.2473
8824,4935,8501,7818,4604,4152,5087,4914,4154,3659,3834,3735,3540,3205,3297,3462,3322,-31.6373,-0.727326,8.55924,48.146
8825,3141,3198,3476,3539,3218,3418,3940,4276,3364,3839,5022,8176,3308,3828,5530,10262,18.1213,30.1711,8.80469,47.69
8826,3414,3872,5485,9801,3420,3813,5132,8337,3241,3549,4067,4442,3099,3217,3410,3506,-16.7789,30.7265,8.80982,47.87
8827,3060,3201,3291,3232,3420,3774,3837,3851,3706,4261,5416,4922,3805,5590,9710,6986,26.6898,9.62968,8.71538,48.0413
8828,3953,4174,3539,3334,4922,5859,4169,3545,5966,7744,4618,3592,4502,4844,3962,3540,4.21006,-10.9945,8.66045,48.1753
8829,3070,3303,3414,3378,3321,3557,3819,3956,3380,3736,4842,5836,3391,4127,7186,11374,30.9535,21.3861,8.57812,47.7933
8830,3932,3813,3449,3245,5200,4960,3799,3327,7276,7405,4318,3486,5412,5147,3870,3285,7.1675,-15.1837,8.77176,47.9493
8831,3446,3784,3876,3750,3669,4320,5409,4436,3824,5253,7986,5185,3771,4172,5015,4499,5.76294,7.00434,8.52844,48.2633
8832,12624,6035,3899,3431,5937,4584,3776,3342,4015,3748,3388,3299,3358,3376,3304,3263,-31.2033,-32.8436,8.62663,47.586
8833,3348,3746,4366,4272,3511,4471,6925,5748,3526,4285,6943,5729,3342,3692,4404,4187,-0.271075,11.5451,8.81722,48.33
8834,3144,3347,3625,3769,3289,3578,4433,5521,3294,3810,5357,9731,3338,3766,4925,7067,9.98736,32.9204,8.75002,47.996
8835,3149,3218,3341,3421,3318,3507,3685,3957,3355,3803,4851,6111,3332,3841,6307,12146,33.5118,25.6785,8.54784,47.5613
8836,4635,7161,7641,4845,4147,5420,5733,4248,3670,3840,4010,3554,3256,3304,3414,3281,-19.9945,1.06145,8.53749,48.106
8837,5894,8893,5951,4015,4758,6132,4797,3753,3743,3987,3668,3529,3402,3425,3267,3214,-20.9609,-6.55397,8.72443,48.2853
8838,3382,3621,4059,3957,3564,4166,5812,4859,3520,4641,7826,5960,3385,4006,4843,4673,4.55792,10.4883,8.91057,48.1827
8839,7460,9409,5243,3738,5276,5480,4298,3692,3777,3938,3457,3362,3289,3380,3339,3138,-25.6325,-11.615,8.5573,48.184
8840,3025,3241,3448,3438,3150,3506,3733,3932,3393,3819,4634,6116,3353,3992,6608,11933,29.3584,24.4987,8.58296,47.5473
8841,3622,4633,8697,8525,3585,4103,5508,5593,3357,3517,3986,3921,3137,3305,3355,3384,-23.6489,14.3225,8.60178,48.152
8842,3406,3356,3200,3064,4048,3971,3597,3299,6407,4821,3781,3313,11886,6587,3938,3437,25.7623,-24.1561,8.66432,48.074
8843,3283,3585,4168,4646,3210,3748,5009,8170,3365,3660,5037,8162,3343,3535,4156,4848,-0.099064,28.0418,8.65038,47.95
8844,6462,5736,4113,3456,7748,6971,4097,3519,4789,4562,3715,3350,3599,3595,3460,3144,-11.2833,-16.9662,8.72798,48.2107
8845,3557,3500,3275,3112,4495,4119,3537,3335,8135,5225,4039,3467,8972,5876,4055,3346,16.1909,-23.0224,8.70543,48.03
8846,3473,3409,3208,3106,3971,3930,3443,3187,6581,4693,3869,3340,12130,5804,3991,3499,24.5374,-28.9843,8.69532,47.756
8847,3482,4042,4621,4155,3773,5132,7371,5033,3716,4628,6323,4709,3476,3826,4175,3859,-2.10004,6.85853,8.70894,48.214
8848,3379,3306,3213,3036,4155,3900,3488,3228,7012,5167,3914,3460,10620,6491,4034,3436,21.1315,-22.9626,8.66955,47.8927
8849,4006,5442,8052,5612,3928,4882,6864,5036,3452,3742,4024,3817,3202,3343,3465,3375,-17.4719,6.99189,8.87391,48.1613
8850,3247,3502,3433,3438,3621,4045,4392,3928,3898,5501,7791,4934,3919,5080,6634,4884,12.9918,5.25025,8.89448,48.1647
8851,3478,3845,4150,3920,3899,5169,6143,4279,3880,5472,6971,4679,3688,4200,4506,4098,2.3214,4.14731,8.58761,48.2513
8852,3297,3627,4158,4331,3404,4073,6097,6182,3431,4243,6607,6579,3383,3743,4479,4571,1.65156,14.9647,8.70467,48.1367
8853,3903,4588,4874,4193,4170,6431,7253,4557,3911,4769,5158,4161,3451,3666,3846,3586,-5.79763,1.70788,8.72082,48.3447
8854,5897,7177,4847,3574,5651,7492,4758,3692,4138,4327,3830,3544,3496,3523,3311,3094,-15.1258,-10.1315,8.80522,48.234
8855,3235,3375,3405,3387,3576,3726,4067,3837,3885,5139,6284,4673,4245,6347,8195,5269,19.0245,4.18637,8.88296,48.43
8856,3232,3311,3316,3237,3719,3938,3693,3490,4515,5213,4548,3890,5575,9846,6485,4058,32.9037,-5.31788,8.77909,48.044
8857,3402,3864,4984,5642,3307,4094,6496,8371,3351,3719,4858,5483,3186,3500,3799,4008,-7.00454,18.7878,8.70839,48.0427
8858,6630,8300,4991,3761,5223,6386,4479,3574,3826,4104,3651,3390,3412,3416,3383,3179,-19.3934,-10.7076,8.68,47.8033
8859,4087,3809,3458,3181,6746,4630,3726,3284,9598,5224,3786,3371,5421,4557,3721,3209,4.72976,-32.9251,8.78016,47.872
8860,3305,3452,3338,3099,3731,3926,3773,3571,4720,5954,4657,3879,5847,8859,6073,4033,22.1327,-6.34951,8.50873,48.1447
8861,6525,9622,5782,3835,4929,5210,4455,3720,3756,3856,3631,3384,3316,3388,3280,3248,-31.5301,-8.14588,8.54615,47.958
8862,3090,3281,3464,3423,3228,3450,3768,3915,3469,4018,5293,5568,3459,4562,8495,9293,26.7442,16.2824,8.66908,47.8507
8863,4002,3698,3378,3178,5655,4356,3580,3287,9853,5460,3833,3360,6825,4901,3675,3310,9.0731,-27.1081,8.64836,48.234
8864,3369,3933,6312,12363,3420,3845,4828,6207,3157,3457,3766,3986,3005,3246,3344,3428,-28.7923,27.3431,8.60208,47.7773
8865,3277,3624,4252,5288,3304,3746,5136,9035,3308,3646,4800,7671,3255,3363,3973,4509,-2.35849,26.7742,8.71319,48.1247
8866,3487,3547,3451,3240,3935,4427,4220,3736,4656,7435,5994,4088,4530,6139,5413,4009,11.9479,-2.91041,8.89096,48.2047
8867,4557,6219,5181,4177,4610,7295,5970,4203,3890,4583,4153,3621,3474,3625,3479,3350,-12.2227,-3.13027,8.50397,48.258
8868,3536,3298,3211,3165,3930,3908,3328,3232,5609,5099,3970,3444,10643,7672,4348,3450,31.8624,-18.9439,8.63867,47.8953
8869,4121,4870,4427,3790,4610,7285,5969,4083,4178,5484,4717,3812,3660,3870,3720,3522,-4.97751,-2.904,8.81359,48.0787
8870,3320,3461,3627,3622,3420,3866,4816,4488,3543,4334,7755,6705,3554,4069,5939,5478,10.8583,12.8852,8.92669,47.998
8871,3166,3247,3406,3437,3275,3389,3805,3832,3358,3687,4701,5853,3462,3899,5989,12583,31.4521,33.24,8.77552,47.3927
8872,3301,3671,4646,5276,3407,3796,6020,8791,3340,3718,5057,6343,3280,3473,3977,4243,-4.87888,21.0946,8.62889,48.226
8873,3172,3251,3621,3624,3312,3523,4153,4846,3334,3820,5089,9680,3339,3946,5253,7813,12.498,32.5375,8.59538,47.8507
8874,3948,3833,3392,3130,5884,4441,3725,3304,9892,5480,3737,3311,6483,4700,3730,3357,8.047,-27.0003,8.80316,48.2313
8875,3270,3457,3254,3118,3739,3766,3619,3304,5049,5290,4224,3651,6906,9816,5408,3860,28.9308,-9.54596,8.78251,47.8207
8876,3587,4196,5077,4863,3683,4780,8065,5818,3490,4103,5689,4641,3373,3512,3961,3876,-6.20532,10.096,8.61548,48.476
8877,5316,4561,3717,3322,8725,5387,3851,3421,7074,4915,3716,3245,4477,4021,3441,3113,-3.12538,-23.7232,8.55493,48.2013
8878,3336,3609,3742,3641,3811,4488,4832,3984,4211,6395,7444,4633,4036,4809,5349,4311,8.4838,2.47095,8.82607,48.4207
8879,8236,8676,4667,3643,5668,5646,4092,3534,3905,3984,3639,3347,3373,3388,3328,3134,-22.6631,-14.3672,8.70937,48.1733
8880,3910,4222,4050,3651,4346,6401,5329,4002,4489,6592,5394,3866,3910,4332,3976,3585,0.175273,-3.42482,8.55714,48.0367
8881,3337,3505,3474,3537,3350,4012,4761,4328,3743,4997,7962,5728,3700,4605,6309,5220,11.4668,9.23518,8.73184,48.3787
8882,10947,7355,4105,3316,5880,5038,3964,3465,3922,3855,3369,3296,3422,3367,3266,3134,-33.57,-20.3909,8.63354,47.8007
8883,3423,3357,3060,3196,4024,3897,3511,3153,7317,4953,3701,3351,11412,5771,4026,3430,20.8574,-32.266,8.91412,47.7213
8884,3154,3261,3345,3361,3279,3571,3947,3985,3481,4038,5548,6297,3599,4582,7875,8845,21.747,16.8787,8.51898,48.112
8885,4413,7522,8486,5029,4031,5097,5322,4296,3511,3771,3750,3648,3278,3329,3404,3280,-24.3046,1.5552,8.59787,48.1113
8886,3305,3436,3294,3169,3756,3845,3672,3379,4758,5225,4311,3712,6361,10128,5806,3871,33.3627,-7.77566,8.9016,48.0187
8887,11203,7527,4110,3385,5907,4891,3787,3438,4003,3754,3467,3313,3419,3448,3247,3109,-28.7019,-20.5325,8.85243,48.0053
8888,3511,3489,3289,3041,4428,4114,3534,3240,7976,5549,3869,3319,9095,6132,4042,3466,16.4895,-21.7526,8.87558,48.0627
8889,4300,6195,8438,5457,3975,4923,6294,4728,3504,3766,3998,3736,3137,3365,3378,3263,-19.6978,4.91278,8.73798,48.3047
8890,4058,4176,3786,3458,4937,6618,4504,3634,5095,7084,4968,3718,4124,4555,3853,3530,1.30606,-8.63281,8.74435,48.0653
8891,3692,3560,3327,3182,4792,4327,3512,3264,8444,5989,4049,3487,7340,5716,4015,3350,12.5103,-20.4091,8.69132,48.0307
8892,3706,4658,6920,5975,3608,4743,7506,5928,3460,3782,4362,4190,3135,3420,3568,3497,-13.705,11.009,8.74369,48.3053
8893,3308,3803,5036,7292,3502,3819,5121,9918,3292,3483,4299,5345,3152,3385,3665,3819,-10.7174,31.4853,8.89623,48.1593
8894,3029,3239,3517,3594,3246,3533,4104,4757,3317,3742,5395,9094,3292,3902,5470,8403,13.7235,25.7832,8.87472,47.756
8895,3652,4007,4191,3883,3866,5227,6456,4478,3944,5414,6718,4513,3635,4105,4422,3937,0.930807,3.79833,8.63579,48.2987
8896,3065,3561,3554,3549,3525,3763,4407,4553,3602,4209,6661,7570,3472,4165,6080,6868,12.9707,17.0719,8.66982,48.4027
8897,5040,7813,6344,4370,4392,6150,5303,4140,3729,4007,3929,3532,3347,3425,3387,3170,-18.636,-2.82976,8.51789,48.052
8898,3453,3816,5416,9378,3308,3880,5091,8633,3288,3550,4076,4615,3153,3300,3573,3538,-15.7687,28.4722,8.52333,48.0453
8899,9607,7431,4275,3376,6560,5635,4107,3483,4075,3974,3444,3321,3540,3380,3233,3144,-20.9867,-18.4033,8.91565,48.39
8900,3137,3314,3369,3326,3261,3530,3815,3814,3635,4131,5382,5210,3711,4962,9421,8044,26.252,12.5881,8.93598,48.0413
8901,4565,7778,8441,4937,4038,5097,5116,4202,3459,3745,3776,3518,3304,3405,3371,3304,-25.3735,1.46416,8.5782,48.0373
8902,3331,3447,3881,3985,3494,3769,4804,5694,3489,4023,6387,8381,3361,3846,4885,5595,6.18589,19.2472,8.58697,48.248
8903,4026,4594,4354,3763,4519,7244,5955,3983,4260,5842,5074,3870,3812,4028,3801,3454,-3.14272,-3.23887,8.95537,48.386
8904,3792,3996,3661,3306,4573,5867,4493,3558,5363,7784,4940,3745,4442,4942,3954,3560,4.13368,-8.27177,8.68642,47.984
8905,3399,4088,6262,9738,3363,3933,5469,7596,3240,3536,3904,4442,3109,3271,3453,3567,-18.3931,22.249,8.65537,48.2467
8906,3151,3254,3373,3349,3189,3685,3751,3725,3724,4255,5337,4755,3796,5577,10010,6934,28.529,9.47194,8.76865,47.91
8907,9856,5489,3861,3304,8394,5171,3779,3417,4523,3972,3441,3281,3585,3391,3257,3074,-16.9634,-31.0031,8.91988,47.8633
8908,3544,4491,6727,5845,3601,4658,7609,6008,3359,3802,4439,4249,3154,3451,3557,3640,-13.4969,11.293,8.66377,48.0893
8909,3059,3243,3381,3560,3223,3559,4065,4501,3463,3811,5312,8530,3410,3861,5488,9661,16.6086,27.4983,8.83994,48.0847
8910,3320,3510,3937,3765,3557,4376,5273,4335,3817,5151,7973,5323,3649,4435,5259,4611,6.80115,7.47896,8.64188,48.194
8911,3906,4108,3669,3454,4918,6139,4360,3622,5407,7609,4840,3725,4404,4842,4093,3534,3.47547,-8.82519,8.57939,48.42
8912,3123,3236,3421,3475,3262,3606,3946,3993,3479,3809,5000,6075,3568,4102,7426,10784,25.4602,20.0776,8.51178,48.2033
8913,3220,3341,3743,3817,3330,3897,4667,5009,3584,4215,6907,8047,3444,3919,5523,6112,9.82627,17.5072,8.91736,48.5167
8914,3945,3660,3389,3217,5797,4337,3646,3189,9894,5197,3816,3369,6221,4789,3782,3375,7.9865,-32.7075,8.78837,47.7487
8915,3175,3354,3650,3824,3234,3605,4304,5235,3467,3853,5348,9750,3332,3724,5019,7345,11.258,27.2857,8.57347,48.146
8916,6581,5033,3782,3315,9282,5846,3909,3377,5475,4574,3649,3285,3746,3755,3387,3157,-9.57088,-22.7533,8.9149,48.102
8917,3306,3647,4698,6179,3429,3709,5269,10129,3270,3608,4523,6127,3161,3445,3874,3933,-7.17532,28.7977,8.89026,48.2047
8918,9543,6904,4157,3492,6869,5590,4050,3501,4276,4014,3579,3234,3402,3420,3374,3176,-19.8331,-19.3673,8.97728,48.3873
8919,12655,5969,3911,3491,6040,4659,3856,3278,3952,3737,3494,3197,3418,3456,3136,3172,-31.5937,-30.1235,8.76726,47.614
8920,3962,5877,9740,6193,3778,4593,5600,4867,3363,3619,3747,3715,3202,3340,3290,3324,-25.9375,7.92168,8.71348,48.14
8921,3128,3230,3208,3324,3345,3745,3822,3609,3862,4533,5198,4569,4190,6469,9664,5874,27.5733,5.74428,8.69775,47.8467
8922,4639,5330,4365,3738,5404,8088,5189,3746,4438,5163,4080,3573,3673,3805,3654,3362,-7.62022,-7.86212,8.68306,48.1647
8923,3726,3952,3591,3419,4565,5859,4639,3696,5289,7883,5243,3704,4240,4952,4249,3531,4.53387,-6.97405,8.97982,48.3587
8924,3435,3536,3391,3341,3906,4226,3958,3597,4657,6913,5677,4082,4828,7046,5787,4221,15.4758,-3.49567,8.77944,48.4007
8925,3568,4529,8498,9379,3404,3990,5050,5470,3199,3494,3849,3991,3116,3214,3398,3416,-31.4132,16.6088,8.50536,47.71
8926,5715,4731,3825,3318,8567,6389,3971,3414,5770,4869,3847,3339,4056,3894,3432,3322,-6.67826,-19.4723,8.87329,48.306
8927,3798,3704,3447,3138,5259,4358,3588,3318,9550,5200,3948,3302,7155,5084,3851,3419,10.7299,-33.0982,8.50318,48.0793
8928,3715,4240,4434,4037,3967,5574,7128,4679,3771,5148,6191,4350,3441,3993,4177,3733,-1.65726,4.00118,8.96097,48.3853
8929,4586,4158,3670,3178,7660,5305,3822,3375,8203,5307,3869,3291,4882,4311,3621,3202,1.04204,-23.0938,8.71871,48.2933
8930,3349,3332,3344,3187,3577,3805,3724,3447,4201,5059,4870,4068,5382,9098,7339,4398,27.0758,-3.10782,8.63913,48.12
8931,3287,3315,3438,3327,3321,3577,4013,3815,3646,4321,5984,5231,3919,5161,9068,6450,21.0396,9.34983,8.82487,47.9153
8932,5844,4589,3697,3392,9656,5173,3848,3420,6345,4614,3661,3174,4060,3808,3359,3190,-6.1662,-33.7793,8.6202,47.8867
8933,3391,3249,3239,3090,3974,3843,3422,3208,5767,5014,4024,3413,10266,7834,4452,3572,27.3503,-18.5739,8.57517,47.8387
8934,3829,3601,3317,3168,5385,4344,3585,3234,9855,5545,3971,3242,6728,5074,3773,3360,9.47736,-25.2609,8.94479,48.0073
8935,3248,3424,3314,3266,3644,3988,3790,3558,4503,5923,5186,4022,5014,8209,6900,4438,20.9182,-2.43299,8.74517,48.2847
8936,3342,3328,3251,3118,3991,3868,3366,3269,6549,4820,3722,3358,12361,6147,3974,3425,25.1673,-26.9144,8.67509,47.926
8937,3673,3572,3395,3081,4968,4054,3522,3351,9455,5193,3862,3345,8315,5230,3699,3355,13.1769,-29.121,8.82832,48.0467
8938,3398,3889,5740,10698,3349,3794,5131,7898,3265,3460,3813,4227,3070,3317,3441,3469,-18.9274,28.6678,8.76069,47.9727
8939,4750,7407,6566,4399,4430,6216,5622,4108,3650,4008,3922,3573,3229,3413,3379,3246,-17.7994,-1.69488,8.68664,47.9453
8940,11064,5773,3824,3425,7714,5016,3833,3370,4268,3778,3526,3238,3500,3485,3128,3104,-19.59,-33.039,8.86283,48.0307
8941,7940,5080,3932,3306,9472,5410,3898,3422,5019,4278,3574,3207,3559,3665,3367,3058,-12.3838,-26.7006,8.51128,48.1247
8942,3431,3877,5359,8731,3421,3655,5199,8964,3251,3515,4041,4634,3097,3281,3529,3606,-14.7227,31.6592,8.70763,47.7273
8943,3557,4254,6677,7105,3481,4394,6559,6949,3272,3716,4259,4356,3198,3315,3576,3682,-15.0084,15.7521,8.55637,48.2333
8944,3802,5148,9399,7017,3731,4295,5799,5214,3359,3721,3966,3845,3125,3315,3317,3328,-22.5015,10.3141,8.99472,48.254
8945,3633,4404,5748,5116,3745,4673,7989,6089,3539,4034,4931,4535,3263,3485,3716,3713,-8.70453,10.3105,8.56431,48.4087
8946,3187,3512,4213,4888,3259,3803,5049,8362,3285,3716,4966,8250,3219,3596,4121,4790,-0.196023,26.796,8.67679,48.144
8947,3902,3736,3387,3188,6182,4502,3568,3354,9860,5094,3672,3391,6230,4673,3666,3286,7.12608,-29.9724,8.7546,47.794
8948,3386,3391,3156,3157,3871,3802,3597,3253,5027,5119,4313,3640,7937,9383,5023,3648,30.3622,-12.3466,8.71108,47.802
8949,5236,4803,3819,3339,8158,6661,4073,3417,5998,5113,3867,3355,4186,3934,3541,3163,-5.14431,-18.4439,8.84478,48.442
8950,3166,3246,3473,3256,3353,3630,3949,3856,3623,4186,5925,5349,3647,5102,9294,7124,22.7874,11.2463,8.94786,48.1193
8951,3686,4228,4941,4269,3865,5104,7854,5158,3709,4467,5553,4628,3356,3722,3879,3774,-4.45349,6.8601,8.60243,48.1287
8952,3163,3278,3289,3265,3364,3821,3814,3533,3931,4829,4951,4296,4342,7307,9420,5230,29.9999,3.09286,8.7618,47.8887
8953,3218,3373,3292,3204,3669,3965,3871,3478,4556,5838,5074,4110,5200,8723,6513,4237,21.3003,-3.77896,8.66226,48.214
8954,3162,3254,3368,3416,3285,3579,3937,3943,3575,4306,6074,5859,3633,4632,8342,7764,20.734,13.7737,8.91818,48.086
8955,4485,5766,5535,4214,4466,7153,6426,4193,3840,4559,4308,3750,3357,3626,3521,3327,-11.5206,-1.32901,8.67847,48.3507
8956,3508,4278,5995,5471,3597,4515,7907,6265,3419,3916,4821,4565,3206,3437,3612,3668,-10.2756,11.9828,8.82224,48.12
8957,3487,4083,6537,9177,3462,3970,5735,7132,3243,3577,4045,4340,3083,3231,3570,3501,-18.1781,20.5561,8.53005,48.1153
8958,3320,3605,3390,3238,3963,4209,3883,3459,4796,7070,5447,3967,4985,7419,5595,4058,15.752,-4.96988,8.92239,48.2693
8959,3200,3684,4377,4568,3474,4013,6025,6750,3461,4051,6070,6787,3312,3585,4314,4439,-0.434142,16.8689,8.72109,48.0733
8960,3486,4352,8089,8897,3473,4115,5608,6260,3300,3503,3965,4024,3073,3164,3372,3416,-21.7867,16.6517,8.68714,48.0647
8961,5241,4829,3778,3368,7691,6848,4169,3549,5544,5137,3963,3355,4020,4015,3493,3173,-5.54068,-16.9624,8.50702,48.1153
8962,4248,3983,3493,3154,6989,4908,3767,3317,8879,5403,3775,3419,5323,4490,3535,3263,3.68219,-23.7945,8.59819,47.964
8963,3350,3727,4508,4903,3358,3940,5969,7658,3336,3873,5421,6862,3223,3661,4038,4477,-1.80717,19.7854,8.55699,48.2027
8964,3115,3309,3328,3388,3399,3558,3837,3781,3606,4290,5266,5112,3654,5212,9685,7620,31.2985,11.5201,8.54213,48.1067
8965,3496,4286,8089,10090,3416,3945,5149,5655,3267,3435,3888,3847,3164,3196,3334,3369,-26.2855,18.1241,8.84309,47.7507
8966,5168,7389,5346,4013,5023,7229,5212,3896,3852,4249,3963,3595,3453,3399,3413,3234,-15.6672,-5.97853,8.53817,48.2893
8967,3367,3889,5228,8029,3328,3836,5237,9289,3289,3549,4091,4839,3104,3369,3598,3626,-12.9997,33.1908,8.64172,47.7787
8968,4111,4013,3504,3209,6264,5137,3775,3282,8378,6316,4101,3395,5318,4611,3616,3185,4.14398,-19.507,8.78953,48.1433
8969,3631,4280,5338,4550,3817,5280,8232,5394,3594,4212,5349,4462,3312,3665,3837,3695,-6.86364,7.43508,8.75091,48.432
8970,3498,3439,3347,3204,4334,4087,3519,3192,8393,5133,3904,3406,9804,5553,3843,3299,17.1165,-32.8983,8.76869,47.97
8971,3892,3943,3527,3267,5554,4999,3780,3398,7949,6751,4160,3404,5528,5037,3880,3230,6.54724,-17.175,8.75319,48.1993
8972,3026,3241,3467,3400,3170,3476,3821,3980,3421,3908,5072,6778,3416,4115,6768,10605,22.0399,22.3379,8.62257,47.776
8973,12637,5787,3940,3283,5904,4656,3819,3435,3942,3704,3378,3258,3357,3378,3210,3213,-32.6204,-32.1379,8.87554,47.2673
8974,3273,3512,3814,4174,3298,3658,4548,6562,3371,3929,5203,9507,3416,3703,4557,5703,5.36256,27.7283,8.72329,48.152
8975,3764,4063,4033,3528,4198,5695,5630,4013,4188,6479,6191,4023,4061,4347,4225,3716,2.08581,-0.72603,8.80669,48.1027
8976,3316,3699,4566,5467,3290,3839,5749,9153,3374,3650,4918,6836,3164,3449,3979,4245,-4.22989,23.0627,8.99726,48.4627
8977,5601,9421,6818,4090,4525,5147,4687,4017,3602,3725,3704,3481,3311,3351,3329,3253,-31.2156,-4.59523,8.59315,48.0413
8978,3445,4829,9092,8591,3586,4043,5103,5208,3324,3437,3889,3862,3156,3288,3404,3339,-31.6613,14.3087,8.93665,47.7307
8979,3478,4211,7459,11177,3485,3813,5032,5938,3177,3473,3697,3970,3095,3184,3331,3265,-28.0026,20.4078,8.71172,47.8567
8980,3463,3968,6285,12377,3331,3707,4766,6026,3206,3512,3726,4012,3231,3199,3399,3392,-30.3706,25.4271,8.53865,47.7333
8981,3707,5046,8921,7096,3568,4296,6098,5423,3293,3602,3896,3984,3204,3362,3449,3371,-21.4557,11.3495,8.86952,48.2107
8982,3102,3352,3472,3474,3353,3701,4073,3861,3755,4418,6272,5322,3716,5156,8574,6737,19.9967,10.5344,8.52271,48.2253
8983,6981,5012,3690,3491,9660,5240,3861,3382,5468,4340,3676,3346,3806,3646,3353,3194,-9.82652,-32.9158,8.54699,48.0973
8984,3794,5260,8714,6358,3659,4477,6190,5185,3404,3635,4068,3825,3149,3266,3487,3431,-20.4828,9.50959,8.53616,47.9347
8985,3420,3732,4355,4199,3551,4394,6665,5300,3584,4656,6927,5536,3472,3863,4360,4125,0.171385,10.7453,8.63467,48.0927
8986,3147,3279,3355,3343,3230,3431,3725,3912,3332,3728,4855,6032,3379,4019,6797,12197,28.5758,23.8924,8.94877,47.8407
8987,3312,3780,4174,5092,3303,3764,4965,8643,3291,3785,4792,7834,3128,3583,4041,4487,-1.33636,28.5398,8.97699,47.9827
8988,3179,3378,3708,3526,3398,3827,4604,4436,3782,4732,7946,6139,3546,4356,6192,5630,11.7056,10.9377,8.82128,48.2527
8989,5635,4721,3763,3427,8827,6121,4027,3396,6013,4811,3824,3254,4111,3843,3445,3198,-6.14459,-20.7142,8.57239,48.2773
8990,4541,4112,3442,3301,7643,4754,3857,3373,9046,4867,3664,3232,5109,4218,3623,3186,1.86438,-32.8649,8.86214,47.9787
8991,3380,3375,3345,3163,3780,3857,3644,3258,4948,5121,4308,3697,7073,10003,5459,3824,31.9197,-9.80208,8.88589,48.1567
8992,3174,3453,3817,4036,3238,3702,4530,6181,3357,3723,5719,9713,3308,3668,4720,6040,6.51039,24.5251,8.95041,48.2527
8993,3435,4202,6741,12167,3285,3730,4915,6035,3248,3374,3798,3869,3201,3228,3316,3390,-28.0296,23.6188,8.88381,47.956
8994,3312,3441,3734,3560,3459,3865,4779,4174,3753,5076,8232,5518,3653,4513,6203,5190,10.6363,8.73729,8.76156,48.308
8995,12956,5788,3885,3390,6037,4692,3701,3350,3975,3760,3400,3305,3451,3372,3269,3074,-32.8232,-30.9843,8.8866,47.6033
8996,3732,3902,3437,3337,4572,5296,4131,3500,5779,8340,4811,3691,4834,5204,4249,3556,7.13761,-9.16733,8.82475,48.2473
8997,5028,6941,5241,3931,4883,7529,5371,3912,4011,4430,4012,3535,3444,3533,3569,3170,-14.2295,-5.50637,8.87695,48.36
8998,3410,4075,7047,11678,3266,3806,4914,5831,3233,3401,3830,3990,3217,3152,3391,3429,-32.847,21.7469,8.97255,47.78
8999,3388,3809,5050,7130,3279,3933,5798,9021,3316,3510,4322,5369,3092,3407,3709,3778,-10.3521,22.4085,8.51477,47.9407
9000,3238,3370,3924,4244,3289,3571,4661,7178,3462,3861,5101,9320,3331,3614,4436,5289,3.38888,33.8523,8.94644,47.926
9001,3215,3268,3391,3363,3348,3427,3737,4019,3395,3715,4904,5897,3443,3966,5982,12435,29.0852,30.9592,8.52807,47.67
9002,3856,3775,3457,3145,5289,4705,3772,3388,8170,6714,4011,3575,5871,5187,3937,3473,8.63965,-18.0023,8.65942,48.2167
9003,4932,4614,3806,3340,7618,6744,4074,3483,6096,5601,3967,3411,4111,4009,3518,3270,-3.25392,-16.6114,8.93628,48.396
9004,3270,3411,3347,3227,3610,3886,3869,3500,4522,5654,5004,3941,5220,8708,7172,4373,22.1086,-2.94228,8.74558,48.476
9005,3278,3328,3416,3338,3442,3798,3831,3696,3891,4737,5005,4381,4319,6967,9355,5373,31.7007,3.82322,8.71868,48.1033
9006,12387,6116,3985,3392,5940,4774,3806,3367,3862,3793,3498,3235,3374,3372,3257,3103,-27.6254,-32.9487,8.62266,47.5073
9007,3805,3997,3753,3484,4693,6068,4649,3563,5170,7668,5050,3829,4347,4757,4020,3581,3.3649,-7.36743,8.70899,48.2893
9008,3341,3323,3331,3306,3729,3923,3755,3472,4675,5840,4992,3978,5137,8676,6643,4308,21.5586,-4.02027,8.75545,48.286
9009,3480,3763,3711,3578,3892,4950,4710,3876,4402,7110,6695,4136,4080,4866,4874,4057,7.05359,-0.6386,8.61114,48.12
9010,3460,4193,7232,11519,3395,3828,5061,5845,3226,3550,3890,3909,3063,3251,3476,3384,-31.4764,20.9869,8.98251,48.188
9011,8543,6977,4307,3443,6981,5838,4067,3519,4288,3933,3680,3253,3551,3419,3188,3105,-18.3673,-18.1604,8.79391,48.0613
9012,3629,5043,9406,7923,3563,4254,5210,5119,3353,3558,3772,3767,3165,3209,3492,3396,-30.3686,12.548,8.54081,47.906
9013,3352,3573,3942,4018,3483,4003,5602,5360,3575,4336,7537,6743,3457,3931,5006,4889,4.66875,13.4392,8.80643,48.538
9014,3347,3833,5882,12867,3424,3721,4772,5908,3259,3367,3834,3828,3205,3290,3250,3493,-30.9116,31.6799,8.74437,47.52
9015,3213,3316,3234,3263,3437,3734,3710,3597,3989,4745,5118,4435,4150,7134,9502,5372,29.4043,3.82998,8.86496,47.966
9016,5475,5298,4023,3438,7272,7373,4242,3468,4990,4941,3809,3489,3855,3931,3460,3314,-7.76447,-15.3279,8.82279,48.252
9017,3075,3378,3607,3813,3216,3571,4200,5282,3395,3780,5609,9555,3338,3778,4965,7135,9.99851,25.5659,8.50778,47.798
9018,3190,3469,3302,3217,3774,3910,3912,3482,4635,6102,5097,4020,5204,8311,6387,4265,19.7889,-3.91538,8.72766,48.1847
9019,5036,9388,7587,4527,4211,5193,4974,4000,3510,3842,3680,3504,3212,3268,3335,3163,-27.7119,-2.0904,8.9292,48.2867
9020,7023,9815,5502,3818,4939,5233,4276,3740,3835,3863,3618,3305,3297,3364,3276,3112,-33.3127,-9.89909,8.72114,48.0107
9021,4755,7756,7333,4615,4326,5773,5370,4120,3609,3991,3847,3636,3262,3417,3286,3157,-20.484,-0.978254,8.86717,48.1687
9022,3373,3855,5726,11383,3384,3860,4958,7206,3295,3580,3816,4164,3102,3177,3403,3429,-20.9459,30.282,8.90064,47.8073
9023,3328,3524,4126,4685,3314,3821,4936,8348,3426,3855,5001,8212,3244,3506,4086,4787,-0.016737,33.2907,8.58862,48.1327
9024,3313,3378,3313,3121,3903,3918,3598,3425,5271,5955,4227,3715,6891,9230,5150,3645,21.6879,-10.8701,8.98038,48.0353
9025,5419,8801,6856,4389,4468,5490,4827,3988,3641,3807,3708,3501,3254,3344,3314,3238,-24.095,-3.59979,8.61868,48.03
9026,3337,3380,3300,3059,3834,3837,3505,3278,5247,5063,3980,3441,8645,9121,4789,3520,30.722,-14.3424,8.95964,47.5573
9027,8965,7065,4228,3344,6879,5678,4054,3430,4280,4068,3488,3275,3512,3477,3339,3086,-19.1221,-18.5002,8.85239,48.112
9028,3650,4339,5798,5325,3628,4643,7980,6253,3500,3851,4875,4574,3204,3488,3729,3708,-9.73303,11.6479,8.74023,48.3633
9029,3411,3892,5937,12526,3395,3722,4686,6140,3215,3533,3788,3930,3270,3246,3327,3423,-31.7809,29.8521,8.69749,47.6273
9030,3292,3882,6070,12936,3349,3889,4761,5906,3199,3406,3652,3959,3155,3208,3367,3438,-31.4775,28.3243,8.988,47.646
9031,4010,4105,3599,3343,5288,6022,4109,3545,6139,7441,4547,3551,4708,4651,3927,3397,3.41059,-12.2554,8.7012,48.2547
9032,3549,4476,8486,9550,3461,3957,5073,5589,3315,3573,3787,3898,3040,3135,3374,3362,-27.2482,16.3387,8.69783,47.75
9033,3224,3205,3442,3413,3291,3447,3766,3914,3448,3911,4583,5827,3405,3928,5918,12280,33.3493,32.9847,8.54273,47.3347
9034,3390,3409,3187,3133,3956,3844,3407,3253,6132,4716,3765,3332,12640,6049,3983,3321,29.0422,-28.5514,8.70276,47.678
9035,3724,4352,5088,4467,3941,5473,7823,5080,3674,4439,5383,4294,3395,3695,3924,3746,-6.47182,5.73285,8.65516,48.332
9036,3388,4293,7050,9184,3533,3943,5659,6797,3207,3505,4119,4157,3122,3320,3446,3512,-19.9393,19.0305,8.74908,48.1567
9037,5615,4952,3850,3357,8409,6513,4150,3318,5818,4953,3701,3345,4052,3790,3427,3175,-6.38883,-18.6784,8.73123,48.2833
9038,4597,7561,8580,5122,4048,4960,5142,4373,3387,3788,3827,3619,3148,3353,3460,3210,-24.9034,1.74753,8.87234,48.1167
9039,7004,5328,3981,3361,8883,5933,3950,3456,5184,4416,3591,3305,3788,3617,3316,3146,-10.8616,-21.8609,8.63427,48.1727
9040,3550,3550,3220,3122,4334,4006,3490,3276,7929,5393,3950,3449,9651,6048,4029,3403,17.8055,-23.0886,8.61521,48.2667
9041,3362,3974,5102,5087,3453,4286,7670,6933,3348,3909,5265,5135,3242,3458,3859,3816,-6.55165,13.9689,8.88653,47.9327
9042,7033,10065,5164,3667,4890,5375,4369,3664,3772,3839,3583,3321,3284,3239,3227,3048,-33.4041,-10.2704,8.90506,47.6933
9043,3311,3966,5321,8303,3472,3926,5367,8995,3127,3548,4189,4812,3132,3364,3597,3651,-13.5026,25.0274,8.59317,48.054
9044,3258,3364,3283,3326,3595,3777,3781,3462,4349,5092,4705,4106,5157,8692,7626,4704,29.7914,-1.60675,8.51336,48.1847
9045,3142,3333,3339,3282,3456,3537,3827,3661,3901,4603,5560,4594,4181,6499,9316,5657,24.0759,5.56966,8.84008,47.9253
9046,3175,3304,3355,3369,3300,3570,3891,3892,3647,4380,5841,5238,3753,5223,9222,7102,23.0438,11.0323,8.52761,48.1747
9047,3750,3827,3968,3602,4258,5444,5417,4069,4328,6545,6460,4252,3819,4350,4403,3868,2.64364,-0.154074,8.82223,48.24
9048,3457,3752,4191,3959,3491,4466,6219,5047,3695,4680,7373,5494,3458,3997,4623,4392,2.28099,9.92604,8.55657,48.196
9049,3476,3994,5709,10090,3392,3919,5079,8038,3228,3538,3808,4342,3072,3240,3413,3343,-17.9687,33.3656,8.85504,47.7873
9050,6284,4840,3703,3332,9386,6038,3904,3354,5718,4524,3682,3298,4014,3721,3361,3092,-8.03204,-22.0028,8.89701,48.1673
9051,3127,3524,3889,4307,3323,3782,4777,6646,3385,3871,5663,9091,3287,3630,4550,5449,4.31416,23.1689,8.96898,48.2007
9052,3397,3455,3298,3145,3752,3955,3678,3528,4685,5969,4716,3744,5712,9231,6187,4075,22.3129,-6.17294,8.9333,48.3513
9053,11612,5967,4017,3452,6864,4829,3817,3353,4002,3907,3475,3218,3358,3458,3224,3111,-22.3239,-32.4725,8.62402,47.776
9054,3894,3772,3415,3211,5059,4919,3799,3383,7243,7578,4217,3505,5460,5377,4015,3469,7.90308,-15.1481,8.94801,48.2107
9055,4030,6012,9397,6099,3719,4661,5710,4666,3394,3812,3885,3789,3183,3365,3419,3329,-23.5325,6.6335,8.5484,48.3133
9056,3455,4490,8465,9976,3483,3967,5148,5595,3208,3543,3918,3898,3077,3205,3286,3363,-27.3553,16.9458,8.9384,48.0513
9057,9236,8674,4548,3583,5367,5093,4113,3503,3935,3778,3507,3369,3365,3346,3318,3135,-30.8555,-15.7852,8.92199,47.9133
9058,3462,3530,3422,3221,4070,4163,3778,3345,5394,6959,4707,3806,6126,7960,5038,3773,17.6853,-9.36091,8.81822,48.5027
9059,3366,3477,3306,3126,3842,3827,3584,3264,5366,5185,4018,3562,9315,8726,4619,3466,30.5997,-16.1784,8.50605,48.0327
9060,10558,6168,4030,3455,7438,5151,3845,3373,4249,3876,3543,3154,3452,3391,3217,3049,-20.2107,-23.9254,8.85279,47.966
9061,3779,5480,9790,6757,3664,4394,5173,4905,3353,3619,3784,3780,3159,3307,3338,3399,-32.6253,9.42245,8.6415,47.7873
9062,3448,3331,3154,3084,3934,3861,3412,3259,6713,4858,3866,3506,11978,5939,3838,3349,23.741,-29.9104,8.86176,47.6867
9063,4464,4012,3631,3328,6793,5189,3868,3304,8004,5915,4074,3316,4973,4520,3870,3230,2.63379,-20.3193,8.56069,48.3273
9064,3494,4274,6692,6719,3600,4392,6946,6918,3357,3610,4311,4376,3095,3274,3514,3525,-14.6963,14.7928,8.88232,48.0647
9065,3583,3662,3304,3146,4543,4289,3596,3322,7437,6662,4023,3505,7320,6246,4196,3419,14.344,-17.4236,8.92487,48.1687
9066,3421,3575,3677,3431,3770,4347,4470,3915,4107,6592,7349,4454,4083,5211,5502,4297,10.1943,1.36494,8.89509,48.134
9067,3400,3963,5611,6618,3395,4101,6639,8150,3235,3738,4438,4807,3067,3334,3766,3674,-11.6906,18.4885,8.95382,47.9573
9068,7330,6512,4178,3533,7602,6492,4154,3535,4492,4213,3609,3240,3410,3581,3316,3140,-14.4122,-16.9069,8.75664,48.2247
9069,12590,6370,3917,3337,5933,4770,3704,3285,3871,3746,3451,3219,3382,3413,3247,3228,-30.5237,-25.7749,8.98721,47.642
9070,3550,4349,6347,5653,3594,4633,7848,6146,3417,3806,4595,4300,3253,3452,3661,3620,-11.802,11.2403,8.70082,48.1493
9071,3181,3431,3774,4125,3333,3788,4649,6646,3309,3849,5245,9456,3265,3822,4477,5676,5.2383,27.6259,8.7066,48.0173
9072,3481,3913,6239,12507,3271,3774,4787,5877,3168,3469,3747,4003,3187,3204,3428,3317,-30.2415,26.7485,8.97393,47.5813
9073,10763,7643,4250,3398,5903,5036,3840,3421,3825,3845,3493,3276,3473,3448,3228,3158,-30.6366,-19.7428,8.50394,48
9074,3329,3365,3174,3011,3757,3842,3540,3286,5267,5233,4070,3527,8721,9062,4839,3713,30.8785,-14.4775,8.90854,47.824
9075,3203,3509,4090,4432,3426,3745,4879,7593,3324,3778,5167,8832,3244,3636,4195,5180,1.81326,32.9494,8.58985,48.1553
9076,3234,3593,4128,4063,3519,4145,5907,5887,3517,4272,7018,6563,3399,3763,4485,4730,2.23166,13.9032,8.79945,48.1487
9077,3343,3861,4904,6152,3426,3967,6201,8999,3423,3724,4686,5667,3132,3428,3801,3938,-7.74415,20.5806,8.89216,48.4347
9078,3461,3572,3357,3283,4025,4129,3740,3337,5917,6873,4468,3722,6460,7512,4719,3736,16.3674,-11.5013,8.83178,48.2073
9079,2959,3286,3407,3288,3233,3532,3849,3968,3465,3903,4864,6059,3343,4003,6571,12017,30.542,24.4703,8.6174,47.8313
9080,3610,3560,3312,3187,4157,4535,3725,3420,6216,7446,4566,3651,6065,6716,4544,3631,14.1942,-12.0137,8.93573,48.2273
9081,3398,3446,3265,3229,3833,3701,3412,3298,5948,4626,3671,3360,12624,5853,3984,3388,33.0539,-32.6238,8.86844,47.3573
9082,3365,4081,6509,12144,3356,3788,4924,6261,3319,3442,3678,3980,3087,3221,3403,3305,-26.9337,24.2808,8.87575,47.9087
9083,4031,4693,4291,3886,4618,7082,6045,3962,4120,5476,5082,3862,3717,4054,3894,3455,-3.74855,-2.43117,8.70751,48.1787
9084,3310,3583,4398,5383,3396,3761,5163,9345,3321,3711,4597,7201,3189,3495,3875,4312,-3.64065,30.0503,8.76967,48.0267
9085,3340,3893,5710,9194,3422,3977,5359,8223,3291,3582,4151,4386,3113,3288,3562,3616,-16.3271,24.2431,8.52265,48.0713
9086,3195,3331,3613,3663,3388,3663,4454,5031,3345,3946,6116,8524,3330,3873,5566,7216,11.9063,20.6048,8.51354,48.1693
9087,6480,8166,4844,3650,5715,6761,4422,3687,4038,4027,3818,3335,3452,3444,3363,3168,-18.0045,-11.3352,8.72149,48.2467
9088,3390,3435,3182,3124,3960,3798,3531,3130,5768,4886,3851,3356,11206,7463,4192,3522,29.4003,-20.5793,8.93221,47.8627
9089,7593,9260,5113,3711,5321,5728,4167,3574,3872,3876,3580,3341,3331,3585,3291,3128,-23.1417,-11.922,8.89861,48.314
9090,3211,3273,3365,3397,3409,3428,3821,4051,3358,3680,4880,6645,3400,3827,5937,12118,23.8857,32.0895,8.75367,47.8667
9091,3451,3322,3231,3125,4238,3823,3405,3169,7288,5006,3882,3353,10706,6239,4147,3377,20.6509,-23.9657,8.63429,47.8413
9092,5174,4239,3566,3167,8682,5166,3801,3238,7726,4826,3659,3331,4615,4056,3473,3236,-1.53704,-27.2772,8.62942,47.97
9093,3120,3465,3479,3584,3458,4032,4608,4221,3676,4855,7957,5702,3666,4422,6234,5310,11.4654,9.96493,8.98025,47.8593
9094,3550,4271,5228,4535,3730,5252,7967,5233,3608,4331,5619,4513,3396,3604,3848,3648,-6.03066,7.66583,8.84791,48.222
9095,3819,4940,7908,6295,3584,4478,6911,5577,3443,3674,4084,4035,3194,3349,3555,3432,-17.3252,10.7329,8.80841,48.1853
9096,3429,3700,3975,3869,3604,4246,5811,4633,3754,4935,7786,5401,3534,4056,4841,4487,4.34454,8.90893,8.69461,48.0407
9097,3203,3470,3765,3701,3544,3930,4867,4859,3514,4444,7640,6869,3483,4042,5550,5379,8.80024,13.3364,8.62592,48.1733
9098,4453,4079,3493,3242,7295,4736,3639,3465,9196,5057,3745,3382,5364,4330,3447,3204,3.25771,-32.0907,8.66254,48.0847
9099,3292,3342,3353,3286,3564,3633,3773,3656,4108,4953,4963,4149,4692,8225,8275,4791,32.3604,0.280252,8.65054,48.0367
9100,4255,4739,4287,3731,4900,7774,5488,3886,4446,5876,4672,3683,3742,3970,3718,3409,-3.94744,-5.24924,8.96868,48.384
9101,3312,3366,3330,3186,3939,3714,3499,3235,5946,4931,3859,3439,11352,6989,4026,3419,30.4395,-21.896,8.63247,47.6947
9102,3814,3728,3317,3044,5238,4268,3545,3258,9696,5320,3804,3411,7441,4982,3645,3361,11.0115,-27.9146,8.77713,47.9147
9103,11564,6029,3929,3519,7080,4968,3830,3356,4108,3945,3475,3125,3543,3447,3231,3018,-21.9975,-26.8606,8.92882,48.1113
9104,3301,3493,3561,3411,3723,4187,4516,3947,4078,6159,7380,4625,4101,5278,5892,4531,11.5246,2.77925,8.9779,48.122
9105,4181,3780,3393,3197,6375,4560,3707,3262,9574,5409,3979,3509,5943,4562,3742,3213,6.05099,-25.4509,8.65159,48.2573
9106,6350,5999,4118,3610,7272,7051,4240,3579,4775,4471,3750,3268,3656,3613,3475,3173,-11.8781,-15.8975,8.53744,48.2667
9107,3082,3223,3445,3448,3258,3582,3996,4284,3396,3964,5475,7473,3486,4022,6302,9418,18.453,21.8543,8.53249,47.9027
9108,3257,3317,3291,3355,3525,3677,3738,3717,3868,4698,5552,4575,4039,6300,9441,5799,23.9587,5.98573,8.86434,48.0993
9109,4026,3849,3398,3146,5512,4851,3724,3318,8198,6670,4083,3466,5663,5066,3805,3482,7.49056,-18.3883,8.85251,48.1713
9110,3622,4492,8310,9337,3505,4081,5230,5614,3413,3549,3909,3887,3044,3293,3380,3497,-25.3609,16.0905,8.52749,48.1087
9111,4387,4842,4131,3608,5065,7688,5174,3794,4656,5985,4439,3664,3853,4093,3693,3416,-3.64802,-7.57691,8.75671,48.3253
9112,11741,6141,3912,3481,6957,4867,3825,3256,4096,3822,3496,3159,3370,3385,3180,3125,-23.2636,-28.6708,8.57606,47.8753
9113,3404,3473,3150,3134,4325,3845,3496,3194,7765,4947,3822,3396,10529,5727,3973,3525,19.0629,-28.5799,8.54417,47.8033
9114,3427,3966,6106,12587,3373,3703,4744,6024,3242,3420,3659,3984,3147,3251,3365,3315,-31.7184,28.3125,8.58989,47.542
9115,4544,4658,4047,3484,6381,7261,4240,3525,5531,5838,4183,3481,4203,4084,3620,3253,-3.02331,-13.156,8.96065,48.222
9116,4256,4332,3521,3272,5929,6318,4092,3443,6511,6811,4218,3477,4617,4340,3743,3392,1.80848,-14.5732,8.836,48.1813
9117,7898,7395,4394,3448,6564,6214,4254,3480,4270,4010,3625,3254,3414,3536,3392,3163,-17.7804,-16.022,8.50039,48.2073
9118,3354,3474,3268,3207,3842,3983,3433,3290,6056,4755,3842,3452,12326,6110,3880,3533,30.4173,-28.059,8.50734,47.87
9119,3092,3291,3350,3427,3262,3396,3858,3896,3390,3781,4890,6159,3353,3990,6533,11922,27.4683,24.8913,8.67007,47.7267
9120,3063,3469,3480,3528,3351,3640,4186,4075,3768,4535,7232,5712,3731,4639,7370,6272,16.1388,11.3034,8.62247,48.034
9121,3909,4814,5969,4696,3989,5749,7938,4974,3659,4194,4700,4008,3227,3471,3744,3474,-10.2902,4.96789,8.75348,48.3433
9122,3178,3426,3706,3822,3279,3642,4274,5340,3338,3711,5181,9949,3299,3656,5133,7056,10.3714,31.2495,8.80386,47.9933
9123,5742,6557,4495,3673,5909,7780,4652,3760,4287,4512,3833,3482,3605,3576,3374,3150,-13.045,-10.9531,8.70654,48.258
9124,3180,3259,3325,3376,3260,3401,3743,3932,3357,3820,4777,6070,3440,3901,6030,12381,28.0833,29.3753,8.53001,47.5013
9125,4763,8129,8089,4767,4243,4900,4893,4130,3480,3791,3781,3566,3309,3366,3291,3317,-29.2096,-0.162295,8.52591,47.8767
9126,12633,5958,3895,3455,6081,4704,3737,3373,3844,3678,3360,3295,3394,3360,3201,3181,-30.8196,-31.4226,8.5387,47.4327
9127,3262,3331,3363,3171,3635,3934,3837,3589,4398,5595,4913,3989,5239,8456,6936,4422,22.4735,-2.96881,8.69489,48.0467
9128,3168,3373,3470,3426,3284,3550,3970,3794,3610,4158,5220,5126,3776,5103,9679,7327,33.8878,11.1349,8.72889,48.0227
9129,3363,3722,3856,3677,3702,4566,5124,4200,3923,5683,7777,4962,3818,4596,5148,4424,7.02099,4.68417,8.57123,48.3607
9130,3099,3263,3392,3492,3229,3500,3831,4174,3362,3889,5130,7181,3394,3970,6332,11005,21.1632,24.4401,8.75479,48.162
9131,3216,3529,3739,3731,3447,3907,4856,4399,3798,4712,8049,6065,3727,4247,5795,5122,9.7302,10.5433,8.55386,48.226
9132,3092,3354,3364,3303,3230,3403,3695,4028,3409,3817,4706,6008,3321,3853,5999,12853,27.4418,29.8531,8.96857,47.6233
9133,3508,3401,3288,3219,4027,4133,3632,3398,5600,6198,4319,3505,7092,8425,4861,3646,19.8135,-12.0888,8.8081,48.168
9134,3027,3328,3371,3313,3349,3611,3888,3650,3691,4293,5440,4999,3995,5736,9812,6937,25.9961,9.47704,8.95553,48.2933
9135,3481,4326,7758,8719,3411,4078,5815,6382,3346,3600,4011,4012,3074,3331,3369,3477,-20.1431,16.5944,8.87218,48.1267
9136,3490,3917,4395,4068,3684,4871,7133,4958,3776,4836,7020,4753,3506,3868,4337,4024,-0.326655,7.00491,8.8757,48.424
9137,3497,4202,6254,6673,3481,4284,7062,7217,3339,3632,4335,4556,3169,3346,3487,3611,-13.0478,15.7211,8.64226,48.0967
9138,3482,4313,7804,10721,3434,3853,4976,5878,3190,3503,3759,4148,3093,3308,3290,3391,-28.5476,19.6349,8.81346,48.0953
9139,3339,3353,3240,3046,3929,3879,3433,3335,5616,5028,3844,3405,10649,7769,4242,3483,31.4085,-19.1008,8.83732,47.7267
9140,4583,4068,3523,3206,7401,4822,3637,3315,8958,5184,3708,3255,5240,4315,3687,3420,2.74872,-27.0646,8.68809,48.2147
9141,3493,4134,5186,4892,3586,4625,7945,6114,3386,4074,5518,4806,3346,3589,3866,3941,-5.9532,11.4251,8.68588,48.334
9142,3396,3292,3332,3110,3912,3829,3557,3182,5312,5118,4079,3496,8551,9339,4832,3594,28.62,-13.8504,8.89795,47.954
9143,3667,4810,8935,8219,3709,4206,5295,5329,3279,3574,3838,3963,3147,3257,3352,3481,-26.09,13.8605,8.64116,48.0407
9144,3523,3937,4422,4097,3781,4857,7116,5099,3691,4793,6631,4967,3478,3848,4261,3962,-0.861264,7.6411,8.80671,48.3087
9145,5133,8640,7367,4458,4396,5370,4876,4036,3657,3817,3774,3516,3244,3391,3351,3178,-24.882,-2.4685,8.58122,48.136
9146,7028,4872,3762,3268,9881,5317,3706,3378,5517,4255,3527,3232,3857,3738,3366,3145,-9.95471,-30.998,8.65635,47.8993
9147,4170,6024,9049,5950,3832,4726,5853,4811,3455,3699,3848,3717,3226,3359,3352,3291,-22.2021,6.38684,8.56296,48.2413
9148,4313,7105,8904,5284,3991,4885,5464,4513,3423,3755,3876,3618,3140,3336,3340,3283,-24.7337,3.34374,8.62647,48.1533
9149,3135,3239,3340,3367,3167,3655,3666,4045,3575,4206,5203,5440,3473,4765,8897,8900,26.2472,14.8046,8.79782,48.0487
9150,3424,3483,3272,3215,4018,3861,3477,3242,5896,4821,3892,3365,11050,7142,4165,3241,33.555,-20.9872,8.57454,47.7093
9151,3421,3886,4675,4392,3680,4529,7337,5982,3406,4221,6116,5444,3313,3778,4209,4241,-2.49295,12.2707,8.59842,48.42
9152,3823,4877,7944,6482,3653,4588,6812,5644,3457,3737,4130,4030,3219,3330,3574,3431,-17.8344,11.1084,8.71218,48.4873
9153,3095,3361,3661,3818,3283,3557,4142,5730,3336,3788,5187,10049,3315,3774,4768,6893,9.34416,29.6254,8.83459,47.838
9154,3555,3678,3593,3199,4301,4954,4106,3595,5494,8158,5104,3844,4855,5986,4509,3647,9.56211,-8.04617,8.56958,48.3853
9155,4059,5870,9598,6173,3773,4493,5269,4768,3377,3654,3777,3843,3215,3316,3360,3324,-32.8457,7.47737,8.63386,47.9127
9156,3421,4123,6498,10470,3369,3864,5233,6903,3137,3525,3932,4231,3014,3318,3393,3410,-21.0057,21.9833,8.77413,47.894
9157,4202,5551,6178,4538,4172,6214,7075,4567,3587,4215,4420,3847,3385,3490,3546,3362,-12.7878,2.1356,8.56333,48.2327
9158,3280,3565,4189,4355,3369,3966,5455,6911,3373,3882,6019,7607,3236,3703,4366,4807,1.75986,19.3302,8.96113,48.0553
9159,3464,3495,3285,3162,3902,3888,3467,3246,6070,4748,3686,3322,12677,5834,3935,3295,33.1671,-31.2997,8.88132,47.6507
9160,3323,3449,3294,3178,3765,3921,3595,3399,5268,5360,4217,3508,8001,9414,4901,3701,27.7044,-12.8937,8.55993,48.196
9161,3159,3179,3293,3384,3412,3663,3763,3887,3584,4094,5200,5536,3532,4672,8843,8905,26.4629,15.3577,8.56815,48.0707
9162,3597,3455,3331,3182,4418,4036,3631,3297,7372,6137,3971,3440,8074,6401,4238,3421,16.3617,-18.4259,8.65344,48.0007
9163,8791,5363,3779,3309,9052,5146,3841,3371,4621,4025,3604,3248,3605,3396,3342,3144,-14.5624,-32.6367,8.9598,47.758
9164,3389,3850,5204,7641,3402,3882,5406,9495,3287,3478,4293,5067,3163,3328,3675,3736,-11.9667,25.3749,8.739,48.1973
9165,3361,4061,6435,11605,3354,3806,5066,6635,3239,3465,3789,3991,3142,3157,3258,3434,-23.709,24.5102,8.65036,47.8653
9166,4048,5855,7633,5187,3944,5245,6661,4739,3522,3939,4102,3838,3250,3363,3444,3388,-16.7554,4.46009,8.9859,48.1053
9167,3139,3328,3456,3422,3172,3520,3894,4031,3341,3784,4973,5893,3399,4095,7138,11131,33.843,21.0982,8.64124,47.8107
9168,3583,4099,4949,4787,3654,4771,7853,5922,3546,4172,5484,4829,3346,3594,3837,3813,-5.61567,10.5048,8.72999,48.1593
9169,8499,7972,4541,3502,6291,5812,4101,3472,4018,3941,3498,3331,3486,3417,3286,3170,-20.3002,-16.1845,8.97271,48.2247
9170,3572,5113,9583,7649,3608,4161,5294,5207,3324,3577,3883,3833,3043,3180,3537,3443,-32.9506,11.745,8.5695,48.0047
9171,4398,5382,4515,3774,4987,7843,5775,3867,4076,5020,4523,3801,3584,3703,3666,3434,-7.93565,-4.9726,8.79234,48.232
9172,5395,5394,4022,3477,6904,7558,4336,3622,5127,5011,3771,3375,3877,3806,3511,3195,-7.67935,-14.228,8.51112,48.254
9173,3152,3277,3389,3505,3161,3508,3916,3923,3389,3998,4958,5546,3413,4394,8155,10016,32.5675,17.7769,8.51218,47.8
9174,3685,4089,4309,3782,4149,5644,6006,4210,3966,5917,6319,4290,3704,4149,4232,3781,0.559064,1.24179,8.79496,48.1547
9175,3189,3227,3356,3273,3469,3756,3943,3669,3643,4580,5823,4964,3893,5607,9285,6456,22.9247,8.45298,8.75665,48.0887
9176,3449,3856,3943,3690,3803,4900,5796,4245,3968,5709,7323,4679,3848,4414,4638,4133,3.99005,3.80521,8.81133,48.2627
9177,6350,4947,3775,3295,9423,5759,3878,3381,5770,4512,3767,3260,3930,3821,3410,3196,-8.33662,-23.1452,8.63081,48.316
9178,3307,3417,3220,3192,3868,3826,3526,3480,4868,5904,4612,3799,6490,9250,5537,3934,22.712,-8.65667,8.53404,48.1533
9179,6720,4873,3704,3297,9964,5233,3858,3355,5698,4366,3636,3309,3971,3657,3279,3230,-9.13131,-29.085,8.69349,48.1
9180,3249,3737,4552,5531,3273,3909,5390,9015,3332,3665,4828,6849,3088,3471,3908,4327,-3.93339,24.5546,8.70757,48.0827
9181,3449,3421,3297,3196,3931,4007,3753,3435,5109,6624,4802,3740,5967,8475,5365,3848,18.8894,-8.09771,8.72093,48.2793
9182,3858,4958,6436,4976,3964,5548,7938,5074,3531,4020,4494,3952,3153,3476,3515,3576,-12.1469,6.05608,8.9387,48.3127
9183,3308,3594,4390,5111,3340,3778,5142,8962,3299,3778,4863,7462,3207,3493,3924,4417,-2.62902,27.3231,8.78635,48.0453
9184,3770,4881,7454,6062,3688,4521,7055,5798,3295,3708,4258,4091,3037,3500,3572,3471,-15.8587,11.1743,8.75476,48.1073
9185,9734,5559,3886,3434,8327,5146,3760,3359,4547,3960,3446,3226,3527,3367,3231,3214,-17.086,-31.7641,8.92947,47.8153
9186,3284,3358,3600,3617,3447,3769,4278,4356,3530,4488,7251,6650,3529,4364,6385,6118,13.384,13.7629,8.65605,48.016
9187,7659,7555,4391,3540,6307,6369,4152,3608,4214,4210,3698,3381,3466,3433,3158,3149,-18.0124,-15.1914,8.78741,48.1933
9188,5601,4767,3793,3416,9120,5948,3969,3477,5957,4801,3747,3224,4196,3827,3349,3205,-5.97527,-21.0465,8.93474,48.2647
9189,3307,3451,3477,3454,3561,3873,4138,3752,4130,5580,6757,4805,4122,5769,7261,5008,16.1551,4.01521,8.6848,48.2967
9190,3362,3856,5620,10028,3436,3828,5173,8277,3187,3458,4108,4386,3094,3276,3455,3472,-17.2572,27.446,8.82632,48.0107
9191,3611,3671,3358,3159,4332,4561,3846,3397,6285,8048,4550,3620,5800,6301,4206,3560,11.6959,-11.7251,8.98534,48.2033
9192,3370,3930,5873,11070,3453,3814,4900,7681,3243,3436,4000,4294,3033,3192,3442,3451,-20.024,27.8865,8.89259,48.1213
9193,3164,3199,3396,3315,3470,3636,3772,3655,3983,4796,5146,4437,4298,7131,9258,5456,29.6086,3.55655,8.6064,48.0747
9194,3314,3592,4222,4090,3541,4190,6127,5494,3533,4247,7284,6287,3471,3836,4687,4629,2.73578,13.1259,8.89621,48.3627
9195,3153,3640,4168,4721,3333,3756,5197,7904,3256,3835,5216,8215,3326,3534,4205,4848,0.463685,24.4751,8.68508,48.2047
9196,3801,4903,9219,8180,3502,4158,5386,5269,3286,3573,3874,3875,3148,3285,3442,3338,-26.246,13.2435,8.67645,48.1593
9197,3141,3444,3761,4105,3282,3608,4557,6217,3313,3820,5314,9824,3319,3680,4733,6057,6.55825,32.6492,8.96647,48.1167
9198,3486,3494,3189,3017,4008,3876,3491,3257,6404,5122,3934,3349,10210,7088,4250,3475,22.8007,-20.0686,8.6376,47.7667
9199,5817,8200,5297,3785,5107,6768,4824,3792,3911,4140,3702,3538,3332,3468,3324,3229,-17.9537,-8.19484,8.81992,48.156
9200,10227,7796,4323,3490,5633,5145,4060,3430,4054,3790,3388,3264,3402,3350,3343,3135,-33.2339,-18.4941,8.53507,47.8867
9201,12772,6236,3914,3338,6061,4715,3703,3387,3891,3656,3455,3240,3382,3397,3196,3055,-30.6051,-26.6664,8.85631,47.5987
9202,3157,3566,3723,4128,3301,3636,4613,6242,3387,3864,5767,9146,3341,3775,4646,5940,6.29096,24.1688,8.61979,48.1547
9203,4164,6400,9722,5941,3916,4601,5336,4536,3452,3713,3774,3660,3178,3321,3304,3315,-25.9519,6.01193,8.51192,48.222
9204,5599,6475,4324,3573,6285,7778,4561,3665,4244,4645,3809,3427,3583,3729,3507,3175,-11.7319,-11.7385,8.9726,48.2527
9205,5836,9207,6115,4112,4689,5726,4684,3850,3703,3999,3699,3384,3342,3429,3225,3181,-23.3488,-6.18811,8.70566,48.1207
9206,3115,3411,4017,4249,3382,3684,4931,6442,3342,3784,5877,8732,3316,3806,4673,5442,4.39761,22.047,8.65871,48.1353
9207,3701,3796,3659,3377,4176,5275,4548,3736,4887,7897,5887,3928,4374,5066,4382,3767,6.6087,-4.35651,8.94458,48.304
9208,3235,3372,3433,3276,3400,3680,3897,3804,3808,4863,6092,4783,3982,6004,8968,5699,21.2883,6.77059,8.84422,48.1973
9209,3695,4902,9142,8331,3575,4134,5437,5363,3353,3621,3785,3816,3195,3225,3358,3343,-26.1591,13.5016,8.56147,48.1833
9210,6660,4764,3754,3353,9629,5408,3848,3354,5680,4386,3590,3413,3906,3734,3319,3127,-8.86416,-26.9144,8.50244,47.95
9211,9377,5618,3863,3335,8586,5103,3782,3370,4452,3938,3418,3187,3463,3421,3244,3171,-16.2,-29.4194,8.62166,47.552
9212,9906,5525,3959,3342,8361,4986,3728,3412,4361,3966,3495,3305,3579,3519,3276,3198,-17.497,-31.8387,8.73974,47.9453
9213,3261,3629,4410,4772,3426,3916,6057,7326,3410,3947,5698,6902,3268,3535,4227,4431,-0.973182,18.5909,8.75026,48.1433
9214,3222,3263,3395,3292,3311,3571,3858,3874,3581,4147,5382,5296,3694,4944,9475,7954,25.358,12.6504,8.98323,48.1727
9215,3146,3325,3631,3955,3246,3638,4318,5611,3332,3801,5416,9707,3359,3777,4818,7020,9.77143,26.6332,8.63432,48.0667
9216,3070,3334,3573,3570,3325,3582,4266,5098,3345,3889,5338,9727,3415,3781,4955,7423,11.3144,31.9688,8.64031,47.794
9217,3559,3510,3283,3089,4163,4159,3603,3212,6422,6345,4196,3526,7449,7643,4565,3561,17.6788,-14.6809,8.7048,48.19
9218,3248,3578,3799,3460,3614,4371,5041,4115,4011,5871,7890,4856,3879,4758,5465,4453,8.50341,4.23714,8.93898,48.2727
9219,3629,4161,4649,4331,3741,4973,7769,5263,3668,4575,6085,4828,3412,3688,4030,4013,-3.57204,8.11581,8.67217,48.5433
9220,3442,3978,5999,12321,3319,3825,4816,6436,3266,3465,3894,3979,3120,3204,3278,3307,-25.3786,29.4926,8.84352,47.766
9221,3650,3722,3414,3200,4770,4516,3742,3302,7211,7345,4210,3458,6207,5962,4119,3533,11.4239,-15.0026,8.79385,48.2407
9222,3311,3386,3376,3255,3623,3777,3611,3417,4443,5109,4817,3920,5408,9236,7109,4248,31.4544,-3.50293,8.72955,48.0307
9223,7787,6030,3974,3442,8036,6082,4031,3440,4548,4183,3710,3278,3582,3593,3364,3208,-14.4493,-19.3417,8.99528,48.192
9224,3382,4078,6554,11303,3386,3803,4973,6757,3206,3574,3916,4089,3030,3208,3467,3435,-22.8975,23.6682,8.61168,48.1073
9225,12636,6482,3974,3354,5917,4814,3741,3333,3910,3706,3460,3182,3376,3329,3218,3102,-29.8573,-24.8538,8.96462,47.6893
9226,3644,4364,5901,5254,3613,4601,8005,6095,3475,3875,4880,4477,3259,3475,3737,3661,-10.0847,11.1049,8.71801,48.2107
9227,3409,3481,3276,3162,3830,4001,3638,3307,5299,6289,4397,3650,6828,8894,5070,3692,20.9105,-10.9513,8.73184,48.1487
9228,3196,3327,3347,3344,3550,3752,3785,3695,3811,4433,5137,4601,4012,6068,9818,6168,30.4195,7.06659,8.62088,48.0293
9229,3531,3569,3334,3100,4485,4144,3595,3261,7494,5911,3968,3565,8501,6296,4099,3426,16.5788,-19.3649,8.6944,48.186
9230,3451,3884,5749,10805,3321,3874,5185,7648,3270,3550,3911,4113,3157,3311,3411,3391,-19.422,33.3092,8.80361,48.0207
9231,3087,3269,3307,3444,3316,3554,3774,3987,3314,3736,4817,6705,3444,3961,6161,12109,24.7032,28.3331,8.63982,47.99
9232,3105,3206,3321,3288,3149,3457,3936,3979,3463,3830,4952,6266,3530,4001,6619,12050,26.1253,23.5324,8.83997,48.1013
9233,3195,3298,3267,3187,3588,3794,3712,3465,4280,4991,4793,4075,4929,8907,7777,4549,27.8809,-1.90404,8.87171,47.8713
9234,3067,3329,3440,3560,3276,3487,3965,4402,3362,3726,5092,8132,3383,3894,5565,10338,17.953,31.8814,8.93361,48.012
9235,4107,5523,5928,4476,4078,6260,7329,4557,3642,4261,4484,3818,3419,3523,3579,3353,-11.754,1.92397,8.9497,48.2247
9236,4902,8754,8044,4600,4223,4952,4934,4069,3426,3723,3722,3486,3280,3265,3360,3240,-30.9875,-1.07788,8.94475,47.9867
9237,3417,3373,3237,3153,3853,3943,3553,3437,5078,5545,4321,3616,7143,9510,5230,3916,24.851,-10.8105,8.80809,48.2167
9238,12763,6042,3930,3401,6147,4677,3767,3401,3880,3746,3473,3200,3381,3332,3213,3140,-28.4026,-30.5031,8.74487,47.662
9239,3379,3709,4362,4848,3499,3952,5821,7968,3259,3880,5291,6893,3291,3459,4096,4587,-1.59614,20.5654,8.74674,48.196
9240,7181,6648,4288,3652,7078,6567,4255,3414,4303,4298,3676,3367,3534,3555,3344,3222,-15.0614,-16.2509,8.62224,48.2547
9241,3144,3264,3322,3427,3304,3447,3790,3921,3344,3787,4810,6451,3401,3987,6617,11731,24.6438,24.0727,8.53798,47.8313
9242,3283,3240,3559,3608,3275,3493,4100,4435,3452,4036,6053,7374,3509,4092,6652,8250,16.3092,18.5299,8.79416,48.274
9243,4866,4157,3667,3334,8184,4966,3669,3352,8146,4926,3681,3331,4603,4231,3618,3154,-0.29355,-32.1775,8.88213,47.9233
9244,3257,3335,3758,3921,3251,3640,4327,6062,3389,3808,5189,10066,3308,3594,4832,6472,8.01283,30.6293,8.96359,48.1393
9245,5642,8510,5577,3958,4914,6447,4806,3961,3759,4136,3842,3415,3394,3452,3284,3106,-18.7387,-6.60195,8.69592,48.1353
9246,3443,3947,5793,11015,3319,3905,4977,7625,3233,3519,3834,4140,2992,3187,3307,3470,-19.9969,30.1618,8.8204,47.804
9247,6119,4645,3745,3362,9965,5274,3839,3461,5825,4518,3655,3356,3934,3817,3330,3112,-7.41452,-33.545,8.66461,47.9713
9248,3410,3427,3320,3184,3914,3724,3388,3200,5964,4729,3679,3402,12715,5889,3807,3414,32.2346,-32.1769,8.95113,47.444
9249,5594,4472,3625,3195,9570,5079,3677,3480,6696,4647,3630,3341,4214,3934,3462,3196,-4.71142,-31.6477,8.55997,47.8747
9250,4420,5433,4836,3923,4800,7989,5869,3946,4105,4815,4339,3725,3639,3601,3650,3380,-9.08125,-4.07609,8.78394,48.3133
9251,3282,4149,6906,11734,3534,3867,4804,6125,3205,3421,3727,3958,3117,3230,3414,3339,-26.2704,22.7415,8.84462,47.8747
9252,3017,3215,3327,3399,3248,3501,3767,4195,3423,3801,4955,7351,3482,3959,5800,11212,20.3234,32.506,8.90061,47.768
9253,3459,3326,3214,3168,4234,3877,3489,3281,7515,4970,3890,3302,11092,5712,3830,3414,20.0437,-30.2255,8.77778,47.8487
9254,3518,3439,3263,3106,4199,3837,3547,3255,7528,5126,3789,3340,10466,5813,4038,3456,19.0278,-33.8468,8.55536,47.8133
9255,3334,3380,3356,3261,3695,3774,3714,3493,4372,5170,4710,3871,5288,9381,7178,4373,32.907,-3.75328,8.87599,48.2333
9256,3123,3256,3470,3607,3287,3479,4072,4297,3380,4070,5924,7527,3447,4078,6578,8501,17.0235,19.1125,8.62161,48.064
9257,5615,9411,6559,4268,4478,5354,4541,3956,3689,3888,3685,3439,3281,3336,3265,3231,-26.3212,-4.98841,8.589,47.9973
9258,3989,5339,5990,4626,4123,6112,7057,4864,3581,4244,4537,3952,3261,3592,3595,3472,-11.9378,2.94296,8.52453,48.2227
9259,3284,3498,4212,5051,3404,3739,5074,8728,3297,3656,4852,7803,3282,3439,4110,4583,-1.03984,26.914,8.66571,48.008
9260,3204,3311,3420,3280,3419,3769,4049,3797,3805,4980,6529,5021,4050,5574,8259,5563,18.8861,6.80145,8.53629,48.02
9261,3358,4105,7731,10645,3426,3830,4930,5664,3133,3521,3911,3930,3180,3271,3396,3500,-32.723,19.3444,8.69101,47.6873
9262,3599,3867,4012,3721,4040,5480,5764,4207,4095,6074,6501,4302,3764,4417,4309,3931,2.27446,1.16076,8.67087,48.0553
9263,3770,5478,9805,6771,3621,4184,5410,4955,3506,3561,3794,3776,3263,3367,3434,3428,-33.3061,9.64529,8.76185,48.082
9264,3247,3405,3362,3205,3707,4105,3956,3546,4581,6253,5643,4143,4914,7565,6396,4353,17.732,-2.42198,8.98657,48.254
9265,3156,3421,3429,3263,3480,3691,3821,3779,3857,4524,5460,4555,4076,6483,9560,5872,25.9547,5.6264,8.6235,48.2847
9266,4272,5117,4516,3794,4813,8018,6198,3969,4106,5032,4535,3677,3540,3801,3730,3366,-7.17407,-3.73953,8.84374,48.3227
9267,5271,7845,5993,4223,4647,6560,5478,4030,3733,3974,3814,3553,3374,3511,3402,3339,-17.4843,-4.21948,8.68136,48.498
9268,6717,6544,4312,3520,6807,6937,4244,3652,4570,4405,3760,3352,3561,3471,3417,3092,-13.8763,-15.2266,8.60997,48.2407
9269,3479,4201,6372,7363,3461,4155,6357,7239,3216,3650,4317,4361,3235,3325,3543,3700,-14.7847,17.3795,8.65661,47.9827
9270,3514,4047,6363,11345,3481,3761,5001,6887,3223,3367,3902,4006,3011,3242,3381,3410,-22.5795,24.9645,8.83432,47.9607
9271,3434,3896,6407,11798,3418,3759,4922,6687,3205,3470,3892,3971,2979,3181,3457,3473,-23.4978,24.7501,8.73206,47.966
9272,3520,3461,3331,3005,4296,3986,3491,3185,7414,5593,3807,3396,9230,6541,4117,3457,18.3109,-20.3114,8.87524,47.8867
9273,5649,4835,3844,3325,8166,6610,4111,3466,5849,5033,3734,3401,4004,3864,3414,3177,-6.25416,-18.3569,8.87095,48.3213
9274,4573,7950,8754,4860,4105,4703,4956,4211,3394,3787,3776,3545,3212,3375,3391,3315,-31.4887,1.1638,8.93246,47.938
9275,3459,3983,5951,12346,3415,3787,4764,6083,3293,3483,3873,3958,3051,3166,3371,3345,-27.1304,32.0798,8.51102,47.552
9276,3348,3370,3362,3128,3740,3748,3690,3385,4902,5268,4498,3637,6780,9883,5408,3753,32.5647,-9.4387,8.69422,47.9333
9277,3346,3789,5265,8200,3463,3794,5426,9262,3284,3661,4153,4809,3072,3264,3535,3711,-12.9809,27.9005,8.5323,48.0227
9278,4250,6373,9167,5664,3909,4804,5789,4533,3497,3676,3906,3735,3092,3232,3351,3298,-22.4032,5.32245,8.86099,48.184
9279,3163,3316,3789,4077,3343,3520,4526,6141,3441,3796,5139,9915,3260,3716,4676,6338,7.43192,29.0496,8.81711,48.104
9280,3986,6008,9979,6296,3774,4449,5345,4684,3389,3679,3789,3719,3082,3263,3428,3277,-27.6161,7.3962,8.96428,48.098
9281,3375,3424,3500,3158,3540,3789,3689,3560,4271,4986,4735,4080,4992,8603,7831,4702,29.9107,-1.33312,8.77376,48.1567
9282,3378,4080,5521,7179,3394,3984,6502,8355,3242,3593,4451,4861,3101,3320,3722,3661,-11.9909,19.4716,8.96219,48.2293
9283,11377,6588,4070,3530,6342,4979,3863,3426,4051,3803,3376,3215,3454,3430,3326,3040,-24.5994,-23.2339,8.55612,47.9133
9284,3110,3186,3415,3361,3315,3628,3871,4069,3468,4184,5570,6254,3567,4397,7890,9032,21.3525,17.2802,8.81665,48.2113
9285,3603,3701,3509,3299,4200,4752,4030,3548,5524,7873,4895,3776,5125,6335,4573,3696,11.4837,-8.54914,8.78612,48.2927
9286,12823,5966,3982,3339,6032,4628,3742,3339,3858,3907,3423,3283,3417,3385,3143,3167,-31.228,-28.8871,8.88441,47.6227
9287,3278,3655,4028,4460,3437,3874,5521,6692,3369,4072,6432,7549,3314,3633,4449,4788,2.02827,18.5655,8.88377,48.3673
9288,3429,3970,5661,6521,3582,4238,6858,7854,3337,3646,4605,4837,3207,3351,3533,3733,-10.6881,17.5974,8.57874,48.2413
9289,3541,3551,3253,3106,4276,4138,3664,3245,7514,5830,4020,3417,8633,6423,4069,3451,16.7361,-19.4733,8.5148,48.0873
9290,8746,5534,3866,3360,8938,5163,3853,3416,4640,4097,3608,3316,3566,3489,3229,3211,-14.898,-32.907,8.87156,48.0213
9291,4019,3976,3563,3337,5127,5469,3974,3470,6808,7431,4436,3481,5022,4888,3946,3536,5.38994,-13.6009,8.54837,48.322
9292,3349,3985,6540,12340,3419,3821,4837,6087,3183,3374,3774,3904,3145,3249,3388,3417,-30.9789,24.7831,8.79737,47.8747
9293,3336,3990,6023,12745,3334,3879,4810,6152,3268,3488,3809,3970,3134,3245,3264,3260,-27.5349,28.2041,8.72987,47.8047
9294,3798,3690,3336,3221,5411,4204,3641,3282,9739,5429,3819,3408,6982,5010,3744,3348,9.59631,-25.5855,8.98828,48.0413
9295,4874,6805,5517,4061,4875,7177,5583,3936,3817,4326,4066,3493,3383,3553,3436,3352,-14.2401,-4.50686,8.82459,48.1693
9296,3741,5215,9923,6915,3710,4389,5326,4995,3375,3683,3670,3746,3173,3278,3344,3288,-33.2243,10.1428,8.93532,47.8473
9297,4140,6430,7646,4834,4165,5617,6082,4421,3574,3912,4019,3603,3289,3478,3445,3284,-18.5436,2.36956,8.96028,47.9593
9298,3229,3541,3942,4392,3302,3628,4848,7366,3405,3816,5105,9284,3198,3627,4155,5290,2.75639,29.3918,8.91671,48.0853
9299,3235,3462,3402,3304,3553,3972,3971,3649,4208,5563,5900,4337,4474,6978,7560,4792,19.0262,0.963612,8.95444,48.24
9300,3400,3823,5261,8195,3472,3928,5271,9269,3230,3546,4115,4750,3213,3145,3492,3593,-13.4962,33.3269,8.75244,47.802
9301,3785,3528,3293,3142,5125,4192,3543,3280,9717,5256,3796,3475,7572,5092,3814,3298,11.6666,-32.212,8.66766,47.9387
9302,3173,3238,3413,3249,3396,3698,3954,3601,3917,4692,5777,4685,4253,6191,9380,5638,23.1839,5.51049,8.97748,48.17
9303,4494,4415,3786,3380,5978,6802,4319,3453,5920,6427,4222,3543,4311,4253,3740,3425,-0.552831,-13.7422,8.99402,48.312
9304,3408,3748,5986,12607,3367,3701,4727,5958,3252,3373,3732,3877,3214,3286,3297,3392,-32.9219,32.0895,8.90247,47.2833
9305,3422,3408,3198,3109,4094,3973,3541,3305,6850,5507,3915,3410,9732,7062,4229,3426,20.3966,-19.733,8.94574,48.1207
9306,6771,7728,4657,3613,5922,6523,4401,3576,4191,4282,3620,3487,3464,3480,3319,3164,-17.2528,-12.6747,8.83311,48.132
9307,3185,3316,3239,3176,3353,3661,3912,3722,3771,4677,5470,4723,3909,6114,9723,6307,25.6046,7.21503,8.69905,48.172
9308,8480,8983,4790,3657,5294,5236,4024,3524,3839,3856,3480,3249,3405,3461,3212,3122,-29.0091,-13.622,8.67496,47.7413
9309,6087,4651,3667,3262,9626,5355,3956,3318,6152,4420,3555,3242,4159,3861,3559,3227,-6.87908,-26.6973,8.51807,48.0647
9310,3360,3667,4435,5140,3414,3857,5630,8427,3401,3894,5039,6949,3236,3596,3944,4351,-2.93413,21.8729,8.62874,48.2267
9311,11732,5922,3916,3441,7296,4826,3820,3360,4138,3888,3419,3171,3415,3391,3050,3130,-21.4898,-28.1459,8.97542,47.9433
9312,3415,3528,3519,3439,3817,4380,4132,3698,4434,6835,6631,4313,4461,5863,5566,4144,12.315,-0.91116,8.69301,48.1167
9313,3552,3618,3358,3290,4062,4574,3943,3496,5608,8038,5062,3819,5116,6345,4706,3784,12.0263,-8.07153,8.93601,48.2473
9314,12256,6215,3901,3392,6516,4895,3777,3307,3932,3776,3357,3153,3445,3368,3238,3113,-24.6336,-27.0222,8.78611,47.7607
9315,3171,3299,3352,3310,3404,3691,3904,3915,3720,4619,5944,4801,3974,5675,9112,6096,21.8622,7.71088,8.67241,47.9913
9316,3600,3530,3392,3117,4690,4096,3472,3241,8936,5130,3865,3366,8745,5350,3918,3459,14.5321,-31.7276,8.68951,47.938
9317,5456,4429,3554,3345,9344,5041,3720,3438,7034,4565,3705,3314,4251,3900,3393,3173,-3.81885,-31.4424,8.95197,47.7747
9318,6757,4800,3717,3425,9718,5228,3863,3423,5637,4379,3686,3328,3723,3741,3388,3146,-8.96388,-29.2237,8.60723,47.9727
9319,3095,3334,3412,3322,3495,3750,3999,3821,3777,4752,6655,5129,3918,5285,8429,5994,18.7385,8.50955,8.82156,48.1113
9320,3458,4002,4932,4700,3688,4505,7415,6447,3409,3979,5714,5152,3176,3600,4121,4022,-4.41516,13.2121,8.69884,48.2133
9321,10893,7360,4145,3436,5939,4864,3971,3460,3930,3786,3398,3136,3455,3468,3150,3091,-33.0848,-19.9301,8.51836,47.6547
9322,6190,9595,6097,4081,4601,5277,4509,3823,3726,3755,3560,3448,3231,3405,3294,3184,-31.9683,-6.9176,8.60397,47.8507
9323,4096,3927,3350,3081,5924,4651,3803,3228,9212,5760,3809,3398,6060,4949,3653,3335,7.21582,-23.0458,8.59531,48.1573
9324,3246,3431,3185,3126,3954,3739,3425,3143,6419,4751,3734,3378,12481,6055,3888,3404,26.1529,-29.6489,8.70474,47.5727
9325,7585,5609,3964,3361,8505,5912,3935,3444,4955,4297,3582,3196,3598,3651,3420,3233,-12.8226,-21.4196,8.66124,48.1647
9326,3381,3868,6028,12169,3368,3789,4863,6603,3233,3500,3808,4001,3029,3244,3399,3358,-24.0856,28.7333,8.77073,47.7607
9327,3575,3661,3410,3238,4396,4533,3868,3411,6212,7825,4625,3579,5759,6326,4448,3562,11.9923,-11.8276,8.92931,48.2853
9328,3589,3477,3295,3163,4727,4147,3627,3261,9065,5332,3812,3378,8332,5189,3850,3417,13.7706,-33.1771,8.60803,47.774
9329,3470,4119,6878,11998,3404,3771,4849,5986,3190,3487,3877,3927,3090,3227,3394,3356,-27.9411,23.0405,8.86328,48.0153
9330,3132,3300,3473,3566,3271,3515,4102,4529,3429,3926,5153,8592,3355,3944,5507,9323,16.2176,32.557,8.65799,48.078
9331,3534,3349,3282,3114,3922,3753,3394,3143,6171,4710,3802,3375,12450,6543,3949,3322,28.2576,-24.6431,8.81583,47.8753
9332,2979,3273,3332,3340,3294,3441,3639,3852,3366,3903,4897,6016,3323,4052,6450,12503,28.3209,25.8897,8.57915,47.7733
9333,3168,3422,3535,3626,3310,3650,4411,4658,3515,4128,6520,7690,3472,4117,6018,6964,13.04,17.6255,8.55211,48.136
9334,4046,5839,8204,5408,3861,5124,6487,4945,3499,3793,4110,3848,3168,3278,3419,3326,-18.4028,5.37977,8.79689,48.2367
9335,4396,5862,5727,4260,4382,7046,6573,4224,3687,4336,4251,3718,3410,3537,3640,3342,-12.3241,-0.880027,8.92337,48.2607
9336,3412,3444,3324,3139,4040,4247,3833,3347,5168,7640,5209,3847,5343,7181,5095,3854,14.5695,-7.19382,8.91296,48.082
9337,4467,7331,8059,5016,4091,5120,5561,4382,3579,3846,3887,3659,3178,3396,3412,3311,-22.5413,1.66018,8.50357,48.1967
9338,3423,3964,5115,6232,3405,3962,6439,8549,3305,3584,4613,5312,3180,3327,3793,3858,-8.97972,19.5877,8.77818,48.0407
9339,3438,3585,3350,3377,3832,4393,3864,3406,5224,7394,5089,3904,5267,7111,5286,3912,14.9251,-7.0724,8.76691,48.288
9340,3681,3601,3291,3200,4671,4241,3584,3281,8306,6290,4015,3456,7335,5803,4056,3394,12.9233,-19.6204,8.97091,48.1367
9341,3485,3544,3309,3164,4228,4242,3740,3390,6333,6857,4350,3601,6868,7033,4492,3537,15.8248,-13.8817,8.78516,48.1153
9342,3313,3374,3246,3241,3925,3781,3416,3220,5388,5205,4041,3527,9356,8724,4599,3501,31.1804,-15.8993,8.68832,47.9047
9343,7038,9966,5417,3865,4889,5220,4270,3579,3715,3965,3602,3384,3343,3374,3232,3155,-30.0005,-10.144,8.70351,48.0093
9344,3742,4759,9323,8103,3558,4116,5219,5397,3364,3582,3818,3862,3161,3269,3391,3302,-31.9216,13.2872,8.70012,47.9773
9345,5581,6209,4451,3610,6232,7758,4544,3654,4410,4564,3890,3421,3584,3779,3336,3263,-11.6336,-12.0845,8.70713,48.1907
9346,3404,3899,5293,8783,3403,3868,5151,9204,3270,3548,3965,4702,3060,3232,3521,3550,-14.2408,31.5959,8.76896,47.902
9347,5130,8311,7066,4536,4443,5752,5125,4024,3685,3893,3700,3484,3251,3371,3327,3182,-21.4791,-2.29999,8.75267,48.1867
9348,3362,3771,4933,5958,3404,3946,6384,8684,3404,3733,4744,5579,3210,3462,3856,3906,-7.49605,20.0119,8.56133,48.224
9349,3392,3855,5652,7828,3360,4022,5920,8467,3258,3614,4148,4665,3113,3415,3680,3623,-13.8776,21.1381,8.6213,48.008
9350,3258,3576,3892,3772,3517,4324,5582,4570,3775,5181,8021,5286,3633,4298,5156,4448,5.54608,7.61675,8.94646,48.1927
9351,3364,3782,4031,3898,3606,4427,6070,5063,3677,4720,7714,5612,3532,3997,4713,4380,3.59307,9.74432,8.73977,48.3907
9352,6328,9386,5558,3900,4903,5775,4563,3731,3713,4038,3616,3430,3375,3308,3354,3192,-22.6078,-8.29692,8.87753,48.1133
9353,3308,4017,6709,11954,3271,3843,4934,5979,3227,3488,3843,3899,3189,3280,3337,3429,-30.3229,23.7915,8.79964,47.8047
9354,12216,6154,3879,3485,6363,4913,3758,3401,4012,3786,3449,3214,3297,3382,3310,3027,-25.7654,-27.2256,8.6292,47.764
9355,3473,3602,3462,3393,3838,4555,4238,3650,4727,7309,6145,4059,4567,5952,5296,3965,11.2776,-2.98513,8.61571,48.154
9356,3369,3359,3273,3117,3922,3875,3497,3248,5867,5352,3991,3410,9733,8280,4476,3576,23.9688,-17.1218,8.99353,48.23
9357,7731,5889,4185,3399,8109,6269,4056,3522,4680,4106,3617,3325,3666,3541,3299,3154,-13.9832,-19.618,8.75097,48.3653
9358,3674,3675,3451,3296,4644,4744,3886,3438,6667,7676,4442,3616,5713,5781,4181,3477,10.2266,-13.2669,8.65038,48.2407
9359,3337,3417,3349,3210,3784,3825,3724,3437,4936,6024,4410,3793,6501,9471,5670,3805,21.8364,-8.70445,8.89985,48.462
9360,12789,6105,3904,3480,5817,4770,3773,3401,3843,3733,3301,3203,3358,3308,3263,3122,-30.6776,-33.3664,8.92043,47.4467
9361,3375,3823,5477,9462,3451,3880,5023,8548,3144,3506,4137,4655,3168,3333,3595,3504,-15.9525,30.621,8.57555,48.054
9362,3284,3542,3607,3338,3705,4272,4381,3831,4116,6327,7149,4491,4045,5548,6090,4454,12.5945,1.91983,8.68678,48.12
9363,4323,4184,3769,3470,5943,6275,4156,3413,6399,6618,4172,3544,4405,4387,3766,3377,1.15761,-14.2939,8.75341,48.134
9364,3356,3866,4965,5610,3548,4127,6784,7960,3370,3748,4977,5385,3247,3466,3990,4005,-7.00041,17.6506,8.62333,48.2693
9365,3231,3443,3511,3386,3562,3991,4065,3779,4015,5530,6563,4511,4290,6223,7330,4947,16.9581,2.92327,8.73135,48.2513
9366,10227,7889,4356,3525,5923,5184,3929,3504,3968,3867,3419,3192,3459,3419,3217,3003,-25.3509,-18.0424,8.86567,48.054
9367,3580,3431,3271,3078,4464,4012,3468,3238,8179,5061,3863,3409,10075,5700,3834,3353,17.5463,-28.0006,8.90272,48.0107
9368,12641,6032,3920,3413,6042,4734,3624,3459,3853,3818,3490,3299,3370,3317,3136,3146,-28.4781,-28.8381,8.81772,47.5293
9369,8261,5693,4065,3471,8637,5812,3853,3474,4798,4012,3555,3296,3555,3543,3277,3239,-14.2732,-22.147,8.62889,48.3607
9370,3161,3482,3944,4454,3410,3781,4873,6791,3352,3889,5449,9200,3291,3642,4433,5369,3.57729,24.0278,8.91426,48.3473
9371,3517,3924,5996,12390,3307,3810,4753,5894,3274,3356,3665,3928,3260,3226,3382,3357,-29.1568,33.2856,8.59681,47.3593
9372,4108,3897,3388,3139,6103,4865,3748,3207,9166,5868,3973,3393,5804,4716,3833,3307,5.97628,-21.881,8.83877,48.3433
9373,3670,4075,3900,3673,4118,5583,5536,4027,4262,6466,6290,4158,3915,4438,4307,3855,2.5939,-0.0753074,8.64105,48.182
9374,3239,3633,3809,4112,3405,3786,5317,5652,3545,4263,6946,7541,3433,3896,4726,5204,5.25425,16.6223,8.58188,48.338
9375,4469,6329,7089,4708,4221,5851,6458,4408,3595,4037,4019,3683,3262,3530,3499,3285,-16.6131,1.52344,8.57088,48.2953
9376,3331,3817,6133,11578,3423,3777,4952,6929,3236,3456,3773,4132,3214,3232,3407,3454,-22.6746,26.7312,8.69918,47.896
9377,3268,3281,3314,3175,3619,3879,3931,3514,4309,5609,5284,4227,4802,8217,7254,4552,21.7749,-1.73819,8.54227,48.1567
9378,5002,4187,3599,3183,8622,4914,3626,3469,7851,4766,3660,3316,4729,4021,3607,3174,-0.951138,-31.6686,8.86148,47.8173
9379,3896,3648,3365,3082,5571,4496,3612,3369,9664,5695,3814,3431,6442,4828,3750,3369,8.428,-24.4369,8.63955,48.0213
9380,3476,3954,5955,12292,3421,3706,4690,6420,3206,3367,3823,3883,3085,3239,3400,3389,-25.5,32.6287,8.84939,47.5373
9381,3136,3454,4060,4320,3234,3770,4535,7019,3368,3757,5149,9638,3359,3532,4494,5411,3.86428,28.7243,8.95014,48.1573
9382,3126,3323,3378,3347,3370,3511,3701,3755,3392,3774,4716,5904,3299,3852,5889,12648,32.3534,32.9257,8.8616,47.3233
9383,3162,3330,3929,4215,3263,3797,4658,6288,3389,3833,5812,9161,3328,3654,4506,5569,5.23765,22.314,8.70466,47.9293
9384,3640,3552,3287,3218,4565,4303,3709,3255,7499,6696,4138,3446,7122,6193,4120,3589,13.6371,-17.0801,8.88329,48.2213
9385,11770,5932,3880,3453,6928,4850,3885,3512,4074,3764,3454,3180,3352,3291,3196,3114,-22.2568,-33.2129,8.73461,47.7567
9386,3252,3303,3444,3291,3496,3742,3803,3654,3994,4662,5011,4309,4343,7589,9074,5227,30.7566,2.2179,8.69228,48.1293
9387,3404,3798,4531,4681,3475,4159,6577,6655,3513,4133,6045,6131,3297,3671,4215,4221,-1.3785,15.2901,8.7361,48.3373
9388,7360,5154,3914,3331,9202,5586,3907,3362,5202,4308,3578,3312,3774,3631,3416,3101,-11.127,-23.7827,8.66495,48.092
9389,3573,3634,3448,3224,4302,4620,3823,3468,5641,7819,4794,3670,5410,6592,4543,3887,12.4622,-9.60258,8.73283,48.2987
9390,3638,4601,8931,8925,3434,4013,5324,5418,3351,3570,3925,3872,3105,3257,3284,3292,-26.6477,14.8556,8.69907,47.96
9391,4081,4178,3811,3342,5425,6258,4413,3518,5999,7201,4463,3642,4405,4471,3828,3436,2.07989,-11.7515,8.62642,48.314
9392,3781,3730,3272,3059,5058,4197,3597,3341,9345,5388,3686,3356,7818,5156,3888,3327,12.3682,-26.7479,8.69847,47.9993
9393,3099,3310,3524,3595,3357,3636,4161,4370,3586,4345,6712,6535,3691,4505,7239,7036,16.0752,13.8604,8.55176,48.4673
9394,6134,4720,3678,3243,9735,5296,3818,3334,6165,4465,3619,3237,4017,3899,3384,3134,-6.64612,-25.8086,8.82313,47.9187
9395,4457,4684,3940,3471,5566,7607,4682,3615,4959,6187,4367,3598,4058,4058,3672,3461,-3.06068,-9.77348,8.81483,48.2547
9396,4248,4610,4316,3608,4769,7231,5335,3820,4526,6043,4802,3770,3767,4212,3780,3524,-2.65534,-5.05136,8.58981,48.2407
9397,3473,3518,3253,3165,4186,3973,3572,3218,7436,5175,3832,3379,10505,6112,3982,3349,19.5089,-23.8651,8.85368,48.0853
9398,4503,3894,3551,3277,7316,4771,3685,3298,9102,5096,3740,3318,5177,4320,3605,3268,2.72763,-31.6485,8.58925,47.9473
9399,4343,7342,8652,5276,4039,5118,5567,4318,3424,3743,3766,3552,3233,3383,3404,3286,-23.2359,2.50529,8.8548,48.2973
9400,3036,3284,3400,3427,3290,3515,3706,3818,3555,3985,5227,5440,3507,4520,8606,9290,29.3099,15.9903,8.63975,47.7373
9401,3050,3324,3343,3463,3191,3407,3787,3925,3328,3894,4856,6060,3447,4131,7067,11384,26.4027,21.9027,8.66008,47.7713
9402,3421,3691,3824,3653,3722,4236,5204,4231,3827,5471,8215,5084,3692,4421,5290,4607,7.40774,5.89329,8.95601,48.3927
9403,7558,7016,4334,3494,6695,6213,4234,3501,4282,4215,3648,3372,3439,3530,3405,3078,-16.92,-15.8812,8.60998,48.0093
9404,3379,3441,3202,3122,4116,3808,3500,3333,6636,4897,3822,3331,12008,6181,3972,3392,23.7982,-26.4691,8.78669,48.0933
9405,5803,5073,3919,3434,8327,6632,4098,3476,5439,4746,3698,3238,3912,3728,3407,3260,-7.95368,-18.3776,8.72887,48.1267
9406,3372,3382,3325,2992,3904,3819,3334,3197,6446,4835,3753,3407,12216,6152,3880,3352,25.0106,-28.9723,8.78738,47.5773
9407,3487,3609,3416,3276,4154,4351,4080,3514,5190,7517,5129,3788,5033,6809,5065,3938,13.785,-6.45168,8.507,48.2373
9408,3587,3498,3176,3152,4549,4076,3556,3282,8471,5008,3870,3372,9459,5533,3801,3450,16.3294,-31.9854,8.71462,47.8933
9409,4116,4680,4602,3851,4416,7164,6416,4257,4183,5128,5006,3946,3618,3889,3711,3595,-5.1826,-1.58384,8.66187,48.3853
9410,12496,6212,4054,3410,5876,4770,3885,3302,3978,3746,3436,3370,3529,3423,3264,3087,-32.7465,-27.2569,8.63927,47.892
9411,4633,5848,4789,3849,4994,8105,5573,4051,4120,4748,4219,3737,3512,3642,3545,3312,-10.1423,-5.58143,8.81633,48.4513
9412,3314,3294,3216,3204,3691,3929,3558,3270,5039,5518,4422,3660,7097,9510,5456,3857,25.865,-10.1368,8.5702,48.0233
9413,3250,3378,3285,3100,3864,3674,3492,3328,5143,5346,4176,3682,7565,9879,5173,3791,27.1852,-11.405,8.97524,48.084
9414,5078,4227,3606,3185,8714,5126,3777,3395,7748,4944,3686,3287,4596,4088,3568,3216,-1.39455,-26.7798,8.75407,48.1607
9415,12533,6161,3871,3349,6021,4716,3645,3332,4015,3725,3379,3226,3464,3355,3243,3189,-33.0164,-27.3534,8.87803,47.4827
9416,3357,4044,6395,12436,3328,3792,4730,6052,3295,3537,3814,3915,3142,3252,3294,3391,-28.8089,25.6217,8.99624,47.8493
9417,3237,3212,3479,3373,3391,3671,4106,4016,3631,4515,6483,5324,3729,5154,8491,6473,19.4789,9.78586,8.55965,48.19
9418,6630,9809,5549,3952,4990,5281,4301,3574,3770,3861,3718,3397,3331,3371,3218,3136,-33.4931,-9.01797,8.55555,47.9253
9419,3113,3339,3496,3577,3358,3535,4085,4486,3393,4008,5452,8316,3421,3860,5782,8880,16.0674,23.2993,8.75623,48.0673
9420,3336,3715,5154,7432,3361,3768,5627,9563,3299,3615,4311,5234,3065,3342,3654,3762,-11.4413,24.435,8.88169,48.1587
9421,3861,3743,3335,3205,5813,4431,3645,3250,10133,5186,3779,3361,6672,4845,3699,3218,8.463,-31.5847,8.97007,48.1173
9422,3085,3307,3644,3671,3285,3543,4270,5054,3408,3850,5331,9483,3390,3783,5147,8003,12.4467,26.6107,8.99995,48.1693
9423,3628,4851,8476,7555,3502,4241,5965,5700,3402,3617,3989,4049,3234,3318,3398,3464,-21.0666,13.1426,8.86952,48.2593
9424,3844,4138,3952,3639,4336,6375,5688,4038,4399,6511,5602,3996,3844,4287,4023,3689,0.252038,-2.18795,8.97562,48.2407
9425,4342,5788,5766,4179,4441,6770,6621,4384,3729,4240,4298,3763,3517,3522,3609,3410,-12.4213,-0.32423,8.91777,48.2527
9426,4710,4608,3817,3418,6425,7153,4447,3550,5527,5991,4145,3364,4071,4106,3664,3366,-2.90966,-13.1134,8.78498,48.2413
9427,3559,4463,6815,6363,3636,4397,7244,6411,3389,3702,4266,4350,3135,3427,3528,3547,-14.0243,13.0758,8.57536,48.1547
9428,7149,7367,4540,3521,6270,6515,4289,3573,4301,4160,3673,3255,3447,3489,3434,3163,-17.2181,-14.2243,8.7074,48.0973
9429,9165,8767,4653,3549,5511,5132,3967,3521,3878,3849,3458,3249,3372,3391,3254,3182,-29.9169,-15.4049,8.96562,47.932
9430,3223,3353,3679,3787,3324,3595,4386,5590,3424,3773,5292,9992,3249,3693,4893,6841,9.26407,33.5,8.83352,48.0627
9431,3772,4379,4622,4031,4119,5907,7096,4519,3945,5119,5702,4221,3537,3928,4038,3714,-3.28687,2.80065,8.78253,48.4327
9432,12195,6227,4025,3425,6519,4793,3829,3441,4012,3799,3400,3238,3384,3366,3270,3024,-24.5964,-27.0744,8.8295,47.9647
9433,3478,3406,3281,3079,4171,4007,3513,3174,6957,5197,3851,3501,10241,6806,4192,3388,21.0458,-21.2586,8.52169,48.1613
9434,3168,3190,3360,3378,3355,3318,3881,3904,3357,3764,4592,6017,3455,3890,5850,12884,28.1154,33.0867,8.85142,47.5753
9435,3415,3862,5583,8025,3360,3900,5675,8574,3221,3580,4241,4763,3108,3308,3556,3615,-13.9163,22.3038,8.84252,47.8573
9436,3340,3904,5082,5945,3380,4115,6627,8352,3260,3674,4783,5521,3090,3491,3894,4082,-7.53631,18.9685,8.62002,48.36
9437,3385,4015,6386,12149,3298,3872,4870,6007,3163,3451,3856,4006,3132,3279,3416,3443,-33.2915,24.4283,8.75896,47.8187
9438,3207,3282,3404,3284,3443,3563,3755,3746,3697,4241,5171,4842,3881,5577,9880,6928,31.6789,9.50728,8.89689,47.934
9439,3189,3563,3886,3992,3458,3930,5352,5141,3607,4388,7616,6776,3515,4021,4982,5095,6.08143,13.4422,8.71798,48.3407
9440,5496,6091,4321,3541,6394,7772,4645,3662,4326,4593,3896,3324,3587,3697,3468,3192,-11.4231,-11.6375,8.71699,48.0033
9441,3472,3593,3294,3123,4626,4512,3790,3320,7206,7207,4169,3499,6444,6271,4257,3489,12.5253,-15.3082,8.99959,48.1813
9442,3717,3767,3686,3499,3944,5071,4668,3776,4624,7649,6264,4150,4114,5000,4601,3996,6.44345,-2.93196,8.88301,48.3507
9443,3654,5153,9494,7723,3544,4291,5447,5158,3371,3519,3875,3918,3125,3221,3371,3363,-25.9673,11.8575,8.59646,48.1513
9444,4366,5664,5153,3948,4724,7373,6389,4124,3869,4495,4439,3686,3550,3643,3601,3380,-10.5652,-1.98604,8.59789,48.2693
9445,3535,3865,4669,4438,3587,4573,7313,6022,3545,4135,6130,5313,3366,3717,4141,4147,-2.63033,11.8438,8.59121,48.3307
9446,3306,3632,4422,5349,3307,3736,5277,9327,3329,3714,4669,7037,3197,3472,3933,4346,-3.70564,33.6044,8.62725,48.0353
9447,6256,5202,3868,3409,8870,6219,4003,3439,5403,4617,3738,3330,3821,3827,3376,3200,-8.92111,-19.9935,8.97484,48.3853
9448,3467,3637,3930,3625,3630,4512,5733,4404,3847,5400,7976,5071,3714,4303,5000,4290,5.63093,6.11371,8.7308,48.3593
9449,3482,4018,4663,4460,3653,4490,7405,5783,3575,4404,6265,5186,3265,3539,4116,4096,-2.43471,10.7793,8.87723,48.2667
9450,3304,3399,3186,3111,3927,3740,3572,3209,5877,5071,3909,3525,10158,8129,4353,3464,26.7072,-18.2119,8.58695,47.956
9451,3409,3648,3817,3639,3721,4635,5227,4085,4028,6117,7614,4592,3807,4647,5140,4143,6.66318,3.28703,8.97609,48.1793
9452,3480,4320,6719,6292,3567,4412,7425,6571,3420,3743,4352,4372,3078,3323,3616,3620,-13.6207,13.1926,8.94624,48.2067
9453,12603,6096,3925,3571,5910,4738,3806,3376,3826,3674,3332,3301,3318,3281,3285,3224,-27.8416,-33.7088,8.69564,47.5107
9454,8350,7977,4531,3525,6025,5689,4161,3489,3957,3905,3660,3278,3328,3488,3350,3122,-21.141,-15.1455,8.62004,47.89
9455,3404,3958,6191,11315,3433,3878,4892,6736,3285,3533,3833,4101,3129,3199,3446,3388,-22.7634,26.0824,8.55134,47.814
9456,4451,4124,3425,3194,7686,5074,3733,3342,8655,5378,3823,3354,4977,4221,3561,3284,1.76139,-23.4059,8.86801,48.188
9457,3140,3084,3391,3289,3199,3524,3779,4092,3276,3857,4781,5890,3403,4087,6649,12030,32.0439,23.396,8.83577,47.6473
9458,3495,4517,7847,9556,3404,4026,5545,5900,3277,3513,3917,3934,3049,3304,3363,3282,-23.3849,17.2657,8.99185,47.9527
9459,3290,3506,3511,3509,3681,4077,4500,4057,3958,5550,7688,4882,3933,5173,6213,4731,11.9566,4.87334,8.65453,48.1727
9460,3277,3385,3650,3717,3271,3599,4410,4888,3508,4239,6559,8106,3445,3949,5678,6714,11.7573,18.3368,8.73405,48.2633
9461,12534,5927,3889,3276,6060,4709,3820,3289,3870,3809,3431,3256,3319,3358,3231,3207,-31.6608,-29.8529,8.88954,47.3233
9462,3476,4035,6941,10864,3305,3903,5018,6630,3247,3487,3897,4098,3042,3322,3374,3485,-23.1208,21.7708,8.92969,48.0827
9463,3705,3812,3476,3119,4603,4896,3903,3514,6486,7907,4426,3503,5462,5644,4108,3482,9.23385,-12.397,8.66813,48.0307
9464,3093,3343,3421,3570,3318,3529,4032,4658,3410,3894,5169,8779,3420,3963,5330,8924,15.0883,31.7945,8.55699,47.902
9465,3659,3966,4003,3679,4056,5597,5717,4303,4243,6322,6424,4229,3867,4378,4406,3817,2.21607,0.334445,8.50351,48.444
9466,3195,3504,3583,3450,3505,3812,4604,4203,3691,4617,7560,5990,3664,4572,6668,5801,13.3408,11.2094,8.58889,48.2793
9467,3347,3892,5416,9751,3331,3805,5104,8547,3177,3536,4076,4491,3154,3381,3382,3665,-16.6127,29.1194,8.66537,48.0367
9468,3182,3295,3572,3653,3229,3681,4305,4823,3406,4130,6287,8386,3519,3911,5768,7170,12.5662,19.3375,8.9063,48.2113
9469,3281,3460,3304,3251,3674,3798,3674,3482,4185,5143,4802,4086,5117,8892,7379,4358,31.1112,-2.42383,8.57168,47.924
9470,6355,4754,3845,3374,9831,5231,3852,3376,5728,4498,3584,3414,3825,3771,3478,3129,-8.00695,-33.9723,8.6497,48.03
9471,3558,3661,3198,3072,4428,4094,3515,3180,7666,5816,3930,3428,8912,6401,4081,3521,16.7499,-20.1375,8.84236,48.3073
9472,10150,7053,4250,3461,6868,5418,3997,3332,4238,3928,3469,3078,3396,3377,3245,3096,-20.9723,-20.0774,8.98951,48.2373
9473,3038,3387,3535,3694,3332,3644,4267,4427,3491,4107,6177,7710,3454,4055,6084,7718,14.6831,18.6242,8.98916,48.08
9474,5053,4869,3901,3452,6714,7523,4368,3543,5218,5409,3971,3394,4041,4082,3469,3276,-5.18114,-13.7406,8.97995,48.1887
9475,3083,3165,3323,3368,3203,3386,3945,4034,3393,3857,5173,7224,3459,4011,6416,10891,20.9844,23.7702,8.98282,47.954
9476,4618,4100,3520,3211,7948,5007,3762,3251,8587,5029,3776,3262,4960,4224,3663,3221,0.834159,-26.5061,8.92342,48.0927
9477,3699,5110,9479,7540,3555,4350,5466,5178,3317,3523,3930,3836,3125,3304,3363,3354,-25.6616,11.6398,8.79698,48.086
9478,6186,8934,5391,3991,5136,6203,4856,3826,3756,4031,3780,3384,3417,3474,3311,3120,-20.5018,-8.18717,8.52451,48.5307
9479,3286,3472,3566,3512,3422,3928,4439,4131,3773,5107,7892,5438,3786,4796,6567,5047,12.4984,8.01381,8.87657,48.108
9480,4183,6387,8430,5237,4025,5168,6119,4500,3494,3863,4017,3721,3195,3356,3337,3346,-20.7296,3.93858,8.75471,48.252
9481,3214,3199,3393,3361,3224,3275,3758,3719,3386,3830,4612,5959,3443,3988,5993,12769,28.5902,32.3447,8.97496,47.4153
9482,3329,3407,3268,3076,3896,3819,3675,3411,5399,6125,4295,3651,7114,8910,5100,3757,21.3246,-11.2165,8.67396,48.1547
9483,3282,3424,3179,3078,3974,3970,3605,3220,5624,5520,4152,3597,8611,8809,4649,3518,23.8547,-14.9819,8.86622,48.1413
9484,10613,7150,4039,3448,6469,5109,3921,3402,4058,3996,3581,3262,3422,3469,3266,3121,-22.8985,-20.7295,8.87249,48.2173
9485,3312,3906,6915,11877,3380,3773,4822,5914,3191,3368,3768,3891,3175,3151,3369,3366,-29.3911,22.6396,8.75274,47.452
9486,10327,5637,3862,3395,8018,5006,3772,3421,4361,3945,3569,3136,3578,3471,3252,3127,-18.131,-30.2872,8.84804,47.918
9487,3438,3343,3132,3141,3760,3820,3393,3315,5997,4725,3876,3330,12737,6158,3916,3458,27.3556,-32.8914,8.77346,47.6927
9488,3150,3260,3441,3518,3319,3604,4122,4585,3389,3871,5453,8720,3402,3841,5654,8699,14.9516,24.3493,8.71455,48.0187
9489,3370,4107,7050,11814,3391,3876,4859,5881,3157,3443,3742,3921,3176,3321,3339,3441,-33.1981,21.8761,8.95729,47.9253
9490,3203,3258,3430,3385,3456,3701,3885,3695,3791,4329,5280,4668,3894,5960,9683,6264,29.2549,7.67369,8.54197,47.9213
9491,4214,3866,3261,3223,6521,4696,3708,3327,9686,5517,3844,3292,5947,4601,3614,3240,5.6961,-24.9062,8.98041,48.3713
9492,3433,3908,5997,11865,3340,3787,4872,6853,3314,3457,3889,4100,3144,3166,3328,3454,-22.5905,29.7553,8.74355,47.938
9493,3371,3592,3812,3675,3674,4358,5092,4230,3899,5784,7882,4920,3753,4539,5291,4366,6.84977,4.8436,8.93308,48.1587
9494,4312,4823,4314,3734,4905,7599,5377,3877,4371,5703,4732,3741,3788,3942,3859,3456,-4.16994,-5.38474,8.72423,48.3553
9495,3280,3327,3308,3201,3669,3920,3735,3358,4806,5263,4369,3715,6530,9896,5646,3825,31.8448,-8.75213,8.84773,47.8987
9496,8417,9227,4727,3536,5260,5161,4115,3491,3869,3757,3577,3328,3339,3429,3295,3151,-32.9601,-13.6217,8.93508,47.786
9497,3294,3389,3352,3188,3692,3836,3685,3328,4640,5268,4486,3777,6027,9883,6218,3987,30.821,-6.37653,8.82903,48.0333
9498,3432,3290,3204,3171,3987,3720,3450,3122,6450,4813,3838,3352,12230,6132,4062,3442,25.2834,-27.8847,8.66613,47.7967
9499,3333,3843,5425,6730,3527,3957,6181,8706,3274,3528,4492,5145,3084,3315,3647,3843,-10.6383,20.5199,8.54828,48.02
9500,11995,6005,3977,3396,6670,4698,3806,3360,3990,3833,3379,3290,3461,3432,3204,3121,-23.5516,-32.8728,8.82581,47.7447
9501,3087,3322,3630,3801,3238,3569,4305,5367,3272,3879,5448,9812,3506,3789,4979,7242,10.4262,25.8882,8.98403,48.164
9502,3601,4265,5240,4555,3820,5133,7972,5452,3642,4365,5534,4552,3346,3603,4026,3725,-5.92579,7.94169,8.6943,48.554
9503,3470,3377,3494,3254,4133,4483,3894,3446,5440,7958,4946,3735,5393,6698,4812,3701,13.4167,-8.66155,8.93449,48.156
9504,4630,4131,3639,3231,7136,5727,3979,3364,7322,5786,3998,3397,4758,4292,3733,3307,0.466518,-19.1177,8.77706,48.2867
9505,3537,3506,3251,3229,4269,4292,3581,3335,7032,6618,4218,3413,7265,6642,4281,3544,15.2001,-16.2295,8.97612,48.0087
9506,3133,3418,3630,3876,3252,3591,4278,5694,3442,3845,5460,9765,3273,3678,4903,6650,8.70698,25.4146,8.943,47.9253
9507,4391,5716,5159,4029,4546,7416,6386,4108,3960,4614,4466,3860,3426,3630,3679,3363,-10.2438,-1.81794,8.82435,48.4993
9508,3812,4581,6649,5535,3601,4829,7979,5758,3445,3919,4561,4278,3072,3545,3596,3540,-12.4482,9.57883,8.9969,48.4667
9509,3387,3879,4878,5553,3513,4112,6703,7997,3357,3754,4956,5495,3183,3534,3902,3991,-6.60438,17.4883,8.5782,48.1293
9510,3118,3275,3439,3328,3306,3678,3743,3847,3730,4380,5829,4948,3878,5653,9493,6571,23.4746,9.07651,8.70695,48.144
9511,4257,5242,5009,4045,4552,7443,6355,4044,3992,4842,4588,3845,3551,3665,3612,3391,-8.56214,-1.77874,8.57465,48.2887
9512,3059,3319,3470,3474,3265,3467,3828,3899,3406,3746,4649,5896,3378,3952,6090,12749,28.7768,28.9311,8.73053,47.7647
9513,4580,4022,3555,3218,7508,4762,3727,3354,8730,5255,3869,3327,5215,4323,3511,3152,2.12753,-25.1371,8.64169,48.072
9514,3309,3740,4612,5392,3452,3961,6044,8872,3304,3669,4865,6434,3214,3472,3955,4122,-4.76272,21.2373,8.86526,48.278
9515,3293,3863,6035,12636,3450,3739,4706,6074,3237,3448,3835,3915,3094,3291,3293,3462,-28.0495,30.6492,8.87609,47.5807
9516,3167,3309,3386,3453,3173,3393,3798,4072,3345,3885,4872,5945,3429,3987,6666,11860,32.1249,22.9389,8.59461,47.8267
9517,3243,3358,3301,3208,3916,3775,3517,3347,6021,4838,3822,3356,12365,6442,4066,3433,27.8747,-25.4151,8.77487,48.0053
9518,3516,3974,3962,3624,4045,5075,5794,4157,4036,6035,7162,4509,3729,4414,4644,4000,3.49992,2.51488,8.86133,48.4507
9519,10776,5886,3953,3341,7651,4977,3689,3249,4304,3906,3468,3277,3495,3365,3215,3072,-19.7049,-27.4134,8.76626,47.7493
9520,3363,4059,6020,12255,3298,3798,4861,6296,3193,3554,3675,3877,3221,3262,3367,3349,-26.0963,31.5125,8.55397,47.632
9521,3323,3758,5077,7836,3300,3818,5222,9754,3180,3637,4070,4966,3141,3299,3703,3626,-12.2625,29.5509,8.8758,47.8067
9522,3075,3306,3389,3331,3397,3530,3716,3855,3646,4230,5354,5205,3588,5196,9388,7914,27.4942,12.4399,8.60216,48.08
9523,3404,3893,4857,5025,3564,4184,7098,7138,3374,3870,5451,5549,3204,3503,4071,4108,-4.81789,15.4786,8.85298,48.1953
9524,3502,3434,3265,3114,3916,3789,3479,3281,6021,4632,3799,3392,12658,5802,3914,3291,33.143,-31.6278,8.83458,47.526
9525,3643,4214,3979,3743,4229,6192,5744,4063,4398,6196,5871,4077,3661,4215,4164,3655,0.274071,-1.1355,8.69868,48.0293
9526,3296,3297,4015,4390,3328,3684,4881,7273,3374,3863,5109,9342,3294,3560,4279,5467,3.06986,29.5048,8.92981,48.3013
9527,4692,6085,5035,3913,4893,7864,5832,3990,4044,4512,4067,3507,3529,3608,3532,3332,-11.3822,-4.52605,8.8076,48.29
9528,3513,3870,3652,3385,3912,4839,4745,3746,4540,7310,6782,4162,4138,5020,4928,3981,7.46989,-1.10294,8.95614,48.3487
9529,7618,6325,4136,3389,7642,6481,4045,3553,4540,4193,3722,3311,3461,3624,3428,3059,-14.7161,-17.9125,8.9752,48.3513
9530,4098,3854,3438,3191,6289,4488,3561,3246,9984,5215,3875,3447,5776,4579,3685,3309,6.19076,-31.2287,8.87151,48.0233
9531,3151,3291,3446,3362,3278,3431,3962,4428,3400,3878,5234,8496,3419,3918,5509,9714,16.7048,30.6197,8.64428,47.9447
9532,3303,3858,5578,10905,3457,3837,4975,7586,3292,3531,3860,4085,3148,3249,3396,3415,-19.555,32.2685,8.98535,47.65
9533,5869,5179,3797,3324,8555,6447,3907,3347,5483,4711,3735,3367,3947,3791,3452,3309,-8.14512,-19.4571,8.72225,48.1467
9534,6116,5592,4049,3576,7769,6790,4217,3470,5057,4596,3785,3422,3736,3692,3342,3188,-9.8022,-16.8369,8.646,48.2647
9535,3400,3839,5886,11336,3388,3790,4985,7218,3269,3431,3913,4063,3112,3151,3371,3347,-20.6191,33.0129,8.93286,47.666
9536,4841,8578,7985,4545,4255,4876,4841,4282,3538,3686,3705,3419,3273,3375,3429,3238,-30.9967,-0.805553,8.83487,47.9107
9537,7229,9711,5437,3779,5099,5426,4181,3643,3724,3731,3633,3366,3349,3355,3367,3146,-26.3701,-10.9071,8.79004,48.1173
9538,3404,3372,3158,3214,4121,3939,3560,3352,5759,5518,4050,3356,8821,8344,4447,3611,23.259,-15.7955,8.80525,48.0173
9539,5440,9071,6795,4366,4432,5385,4770,4049,3603,3837,3746,3481,3219,3423,3384,3230,-25.3914,-4.29131,8.5222,48.154
9540,3123,3182,3287,3477,3236,3582,3818,3884,3576,4173,5356,5447,3659,4722,8890,8905,25.9154,14.5241,8.77193,48.2113
9541,3441,3407,3178,3061,3891,3728,3644,3126,6324,4928,3825,3351,11293,6827,4096,3389,24.8681,-22.2435,8.84165,47.6727
9542,4098,3803,3469,3154,6299,4887,3823,3282,8953,5945,3883,3473,5810,4603,3669,3248,5.50149,-21.9721,8.56938,48.266
9543,3368,3837,5114,6557,3450,4086,5922,9140,3214,3577,4489,5442,3189,3442,3719,3791,-9.27469,22.0467,8.82713,48.2247
9544,3070,3257,3664,3710,3269,3554,4163,5053,3462,3814,5267,9678,3307,3824,5151,7782,12.0435,32.0097,8.73335,48.0167
9545,4513,6043,5108,4067,4774,7376,6173,4129,3944,4586,4294,3597,3402,3617,3362,3337,-11.1578,-3.17004,8.71799,48.2147
9546,3467,3696,4211,3982,3588,4448,6469,5324,3618,4542,7266,5655,3507,3775,4492,4407,1.76749,10.5258,8.79148,48.298
9547,3548,4899,8987,8009,3578,4325,5671,5452,3353,3527,3892,3829,3148,3218,3481,3460,-23.9945,13.1885,8.70655,48.2513
9548,3503,4306,7614,10136,3429,3965,5446,6285,3116,3514,3800,4063,3096,3183,3309,3436,-22.9561,18.867,8.97203,48.134
9549,3223,3454,3619,3506,3567,3991,4429,3986,3956,5641,7775,4836,3999,5171,6276,4953,12.6429,4.99052,8.88368,48.2547
9550,3484,3908,6198,7754,3537,4102,6275,7811,3229,3612,4342,4534,3125,3334,3700,3650,-14.3376,19.0654,8.72523,48.3967
9551,3491,3989,6171,12653,3297,3672,4743,5885,3318,3476,3695,3880,3126,3204,3344,3379,-29.0915,33.152,8.53949,47.5487
9552,5056,4336,3569,3286,8633,5267,3848,3311,7640,4899,3730,3362,4496,4123,3470,3205,-1.7743,-25.2433,8.67377,48.154
9553,3205,3266,3345,3275,3360,3696,3784,3703,3705,4403,5221,4656,3854,6109,10019,6359,28.4512,7.47644,8.93535,47.9733
9554,3307,3395,3186,3094,4118,3661,3489,3118,6785,4878,3847,3308,11617,6009,3986,3423,22.6854,-27.9352,8.79599,47.4807
9555,3196,3306,3599,3504,3480,3673,4316,4066,3616,4391,7330,5899,3703,4646,7089,6257,15.4156,11.7028,8.70099,48.0473
9556,5187,4469,3681,3306,8255,6092,3960,3324,6561,5087,3802,3334,4437,4002,3508,3221,-3.07174,-20.4436,8.99669,48.1507
9557,4403,6987,8881,5329,3929,4850,5414,4412,3487,3735,3769,3559,3220,3277,3356,3330,-23.8706,3.24529,8.7124,47.9587
9558,3126,3281,3408,3441,3187,3395,3764,3949,3342,3806,4807,6019,3449,3897,6256,12662,29.7781,27.6456,8.91694,47.8593
9559,4195,5682,7025,4852,3965,5592,7168,4687,3507,3976,4173,3879,3277,3513,3489,3405,-14.7584,3.6625,8.53095,48.2567
9560,3306,3603,4338,4500,3464,4029,6051,6520,3381,4074,6195,6725,3346,3679,4368,4597,0.238465,16.3947,8.65353,48.1173
9561,3388,3849,5070,7532,3316,3783,5323,9613,3366,3566,4276,5143,3163,3294,3686,3638,-11.5697,33.6119,8.60192,48.004
9562,4676,6443,4889,3826,5133,7991,5557,3935,4030,4520,4019,3640,3550,3653,3547,3335,-11.9918,-6.00562,8.74643,48.496
9563,3280,3447,3806,3877,3361,3880,5051,4820,3559,4375,7605,6811,3540,4083,5253,5226,7.75001,13.3127,8.64313,47.9827
9564,6040,7844,5139,3870,5264,6911,4688,3754,3895,4134,3762,3312,3391,3468,3375,3203,-17.6926,-9.07221,8.68732,48.0333
9565,3272,3378,3347,3128,3685,3866,3757,3383,4353,5481,5020,3967,5187,9162,6945,4324,24.0107,-3.27898,8.82997,48.17
9566,5264,9064,7385,4353,4314,5033,4821,3946,3611,3730,3636,3460,3332,3322,3371,3236,-30.5626,-2.59375,8.5681,47.9187
9567,7128,9209,5223,3750,5194,5827,4418,3601,3901,3889,3678,3325,3350,3362,3224,3138,-22.1295,-10.9319,8.97365,48.1447
9568,3506,3362,3303,3189,3858,3742,3512,3252,6143,4906,3710,3414,11898,6827,3956,3353,26.9646,-23.615,8.78769,47.954
9569,3375,3933,6003,11908,3413,3784,4927,6858,3280,3291,3861,3967,3100,3280,3435,3489,-23.0793,28.9431,8.81894,47.936
9570,3575,3418,3257,3135,4282,4086,3492,3339,7127,6035,4013,3394,8202,6704,4209,3522,16.8221,-18.2964,8.5496,47.86
9571,11621,5906,3887,3443,7051,4878,3761,3339,4242,3906,3486,3263,3337,3451,3179,3180,-22.3281,-28.538,8.57839,47.9533
9572,5076,4350,3575,3118,8601,4994,3751,3260,7826,4834,3712,3361,4610,4131,3473,3216,-1.25941,-29.3387,8.90092,47.9253
9573,7358,9735,5414,3740,5018,5479,4205,3687,3920,3873,3554,3376,3370,3336,3128,3182,-25.9179,-10.2321,8.93833,48.25
9574,7679,4948,3808,3332,9781,5218,3815,3407,5198,4202,3584,3259,3700,3551,3325,3191,-11.3702,-30.5889,8.89493,47.9987
9575,9891,5574,3926,3387,8428,5069,3778,3445,4398,3987,3433,3296,3602,3473,3250,3143,-17.1731,-29.2889,8.83482,48.0533
9576,3181,3395,3482,3294,3687,3962,4171,3668,4188,5758,6669,4582,4301,6230,7122,4897,16.5631,2.4419,8.83183,48.3913
9577,3336,3570,4335,5368,3408,3747,5064,9225,3230,3686,4721,7444,3246,3372,3928,4404,-2.78462,30.0076,8.97435,48.056
9578,3841,3687,3375,3019,5501,4490,3632,3289,9336,5735,3894,3365,6679,4864,3841,3277,9.10272,-23.2741,8.54734,47.8833
9579,3206,3338,3842,4044,3194,3709,4787,5722,3402,4022,6114,8876,3348,3870,4849,5847,6.93886,20.8429,8.70718,48.1133
9580,3598,4482,8526,9768,3492,3908,5255,5522,3264,3534,3958,3856,3114,3163,3411,3379,-27.497,16.74,8.73399,48.1533
9581,3161,3348,3422,3408,3413,3662,4232,3962,3686,4622,6860,5726,3767,5067,7891,6211,17.2384,10.1972,8.71275,48.292
9582,4240,7013,9486,5593,3882,4523,5084,4471,3421,3800,3896,3647,3145,3265,3402,3263,-28.5334,4.06292,8.91006,48.0873
9583,4863,4285,3593,3283,8199,5429,3784,3257,7820,5175,3758,3475,4620,4242,3601,3242,-0.613221,-23.6135,8.94572,48.4173
9584,3582,4782,9091,8411,3557,4152,5308,5685,3319,3570,3873,3892,3108,3149,3429,3315,-25.3345,14.2719,8.96744,48.1487
9585,4599,6856,6277,4308,4579,6536,5946,4242,3689,4078,4013,3601,3259,3474,3418,3359,-16.12,-1.64551,8.80326,48.156
9586,4793,4219,3473,3219,8501,5096,3804,3299,7892,4984,3823,3296,4791,4193,3486,3214,-0.858132,-26.3703,8.82888,48.0553
9587,3249,3423,3614,3671,3259,3538,4270,5227,3376,3762,5447,9682,3308,3882,5031,7287,11.1357,33.3392,8.53347,48.0173
9588,10985,5820,3765,3438,7708,5086,3814,3324,4172,3921,3493,3268,3454,3315,3179,3056,-19.5171,-33.7786,8.99645,47.8653
9589,3132,3380,3697,3857,3357,3692,4383,5603,3353,3950,5127,9642,3283,3708,4888,6808,9.09949,28.6083,8.5072,47.9067
9590,4209,4184,3702,3289,5760,6526,4349,3536,5833,6911,4431,3595,4311,4432,3781,3342,0.954348,-12.3764,8.88108,48.1273
9591,10122,6211,4059,3313,7424,5429,3848,3320,4323,3902,3577,3245,3527,3470,3275,3111,-19.1089,-23.1878,8.58268,48.104
9592,3244,3432,3510,3443,3628,3857,4373,4028,3970,5737,6876,4687,4264,5762,6664,4790,14.5439,3.28317,8.52382,48.1767
9593,3497,3336,3327,3039,3916,3745,3450,3194,5671,5006,3888,3379,10699,7952,4215,3487,29.9015,-18.837,8.91713,47.8673
9594,4426,7188,8940,5289,3946,4798,4999,4424,3510,3693,3880,3596,3292,3267,3305,3337,-30.1866,2.67332,8.65525,47.9267
9595,3094,3306,3443,3470,3272,3462,3987,4545,3368,3793,5063,8430,3386,3854,5416,9793,17.132,31.4822,8.72847,47.788
9596,3174,3341,3434,3454,3281,3430,3794,3851,3566,4073,5204,5354,3432,4546,8680,9349,30.7626,16.1844,8.71732,47.9753
9597,3351,3835,5627,10147,3349,3797,5156,8216,3261,3485,3946,4380,3065,3196,3365,3421,-17.6475,32.8475,8.95566,47.7313
9598,6391,5809,4182,3549,7691,6818,4161,3500,4868,4475,3711,3356,3637,3546,3448,3107,-11.7572,-17.1374,8.70968,48.166
9599,3334,3323,3298,3154,3815,3787,3425,3265,5645,5085,3897,3459,10119,8324,4372,3481,27.6155,-17.7956,8.97863,47.8553
9600,3479,3571,3654,3565,3774,4399,4876,4043,4224,6386,7303,4638,3884,4962,5394,4306,8.72721,1.97684,8.58088,48.3053
9601,3742,3559,3233,3058,4750,4169,3601,3246,8869,5362,3888,3272,8618,5496,3794,3362,14.3535,-25.2753,8.67058,48.0127
9602,3541,3507,3257,3106,4150,4149,3703,3299,6305,6862,4284,3610,6917,7604,4624,3581,16.7425,-13.4859,8.90207,48.3327
9603,5097,5713,4236,3556,6065,8131,4746,3716,4553,4896,3988,3436,3647,3644,3504,3285,-8.85877,-10.6099,8.88351,48.142
9604,3344,3654,4164,4277,3352,4096,5971,6072,3479,4283,6751,6809,3385,3816,4524,4726,1.80853,15.2889,8.84242,48.4687
9605,3794,5259,9872,7586,3737,4236,5242,4972,3375,3594,3843,3782,3152,3213,3237,3403,-30.3819,11.2859,8.88972,48.198
9606,3926,3544,3412,3186,5500,4280,3541,3251,10007,5139,3748,3403,6847,4931,3797,3376,9.48546,-31.666,8.95569,47.9253
9607,3448,3686,4769,5802,3437,3859,5984,8785,3323,3653,4771,6099,3115,3373,3884,4174,-6.52083,21.592,8.50168,48.108
9608,8688,9141,4738,3511,5272,5440,4058,3502,3860,3849,3545,3285,3342,3425,3174,3110,-27.314,-14.2464,8.52648,47.96
9609,7872,5160,3861,3257,9734,5276,3824,3291,5242,4194,3456,3192,3722,3568,3470,3030,-11.8528,-28.1259,8.98746,48.0993
9610,3300,3319,3308,3147,3650,3730,3622,3554,4513,5102,4570,3899,5732,9707,6762,4068,30.008,-5.05831,8.92403,47.9887
9611,11265,7153,4131,3504,5800,5037,3806,3373,3886,3744,3596,3245,3437,3443,3259,3139,-32.4064,-21.2265,8.63084,47.8787
9612,4610,5772,4841,3845,4966,8084,5586,4051,4063,4844,4171,3467,3642,3707,3490,3349,-9.75434,-5.27259,8.76606,48.3253
9613,5672,4432,3606,3286,9547,5231,3866,3351,6981,4637,3664,3331,4343,3931,3354,3183,-4.43671,-27.8452,8.9814,48.2767
9614,3341,3645,4505,5682,3434,3806,5083,9653,3404,3625,4571,6640,3187,3345,3926,4125,-5.11185,33.0424,8.80643,47.9813
9615,10019,5798,3943,3373,8095,5119,3894,3316,4373,4066,3443,3237,3528,3428,3234,2967,-17.9419,-25.236,8.89358,47.8887
9616,3441,3348,3232,3204,3895,3871,3396,3291,6116,4782,3789,3360,12697,5986,4011,3405,27.7037,-32.6955,8.60097,47.8827
9617,3289,3380,3273,3175,3858,3942,3532,3219,4871,5372,4276,3563,6961,9699,5499,3819,26.5878,-9.45346,8.61374,47.8187
9618,3413,4203,7938,10539,3487,3911,5032,5789,3242,3457,3878,3872,3170,3203,3295,3345,-32.0776,19.0941,8.99388,47.8493
9619,5229,4878,3867,3467,7122,7296,4163,3479,5330,5068,3858,3434,3941,3976,3518,3300,-6.30265,-15.068,8.62456,47.9507
9620,3169,3306,3633,3750,3229,3481,4121,5039,3364,3843,5204,9518,3303,3836,5146,8299,13.2741,28.8686,8.73543,48.1607
9621,3770,5116,9545,7432,3520,4216,5391,5100,3282,3614,3973,3859,3115,3285,3361,3301,-33.8091,11.4025,8.63963,47.92
9622,12275,6418,3936,3455,6246,4739,3884,3342,3970,3719,3452,3206,3358,3343,3144,3021,-27.9183,-25.4903,8.67887,47.672
9623,4794,8079,7352,4588,4316,5508,5431,4179,3515,3901,3862,3641,3273,3388,3421,3230,-21.587,-1.14385,8.72515,48.3187
9624,3587,3507,3215,3139,4415,4088,3410,3227,8030,5108,3693,3311,10303,5895,3895,3373,18.0582,-26.2111,8.8026,48.1307
9625,4521,4163,3634,3139,7502,5529,3824,3379,7445,5599,3929,3426,4663,4284,3635,3211,-0.152462,-20.2398,8.59166,47.922
9626,5583,4324,3638,3240,9547,5138,3782,3368,7133,4658,3692,3345,4319,4015,3452,3361,-3.82554,-31.645,8.84941,48.3967
9627,3095,3383,3532,3658,3330,3712,4327,4742,3443,4167,6277,8023,3411,4161,5867,7309,13.2521,18.2146,8.9614,48.2913
9628,4309,6842,9492,5639,3906,4518,5124,4411,3371,3663,3780,3526,3217,3364,3360,3292,-31.3335,4.87329,8.78394,47.876
9629,3554,3450,3281,3128,4604,4179,3673,3233,8364,5731,3836,3419,8275,5798,3980,3495,14.5838,-21.8587,8.54683,48
9630,3087,3177,3444,3324,3244,3382,3847,4043,3408,3773,4935,6844,3413,4045,6079,11703,23.1505,26.4228,8.71993,47.832
9631,3649,3528,3297,3126,4990,4087,3592,3236,9425,5276,3749,3401,8056,5139,3903,3409,12.6077,-27.8329,8.9671,47.9087
9632,9281,8597,4601,3441,5612,5185,4006,3521,3919,3709,3524,3303,3462,3424,3245,3150,-29.9438,-16.1589,8.65822,47.9867
9633,3066,3165,3335,3338,3285,3612,3886,3907,3576,4231,5731,5527,3638,4849,8802,7995,22.7229,13.3558,8.68145,47.962
9634,3560,4571,7443,6583,3578,4547,6937,6208,3251,3673,4301,4247,3142,3364,3500,3536,-15.7418,13.0528,8.82386,48.294
9635,3482,3779,3965,3887,3585,4798,5994,4537,3911,5376,7487,4999,3584,4125,4603,4023,3.37302,5.23755,8.71659,48.09
9636,3603,4340,7993,10052,3427,3920,5071,5623,3271,3596,3817,3878,3071,3214,3422,3421,-30.9193,17.7021,8.80575,47.8127
9637,3482,3999,5691,9129,3438,3890,5419,8497,3205,3493,4091,4671,3063,3226,3511,3612,-15.6963,24.6339,8.60799,48.278
9638,10131,7101,4244,3457,6579,5371,3931,3538,4170,3939,3453,3206,3407,3480,3164,3075,-21.66,-19.9266,8.89392,48.164
9639,3403,3371,3136,3125,3996,3668,3472,3182,6339,4961,3788,3372,12274,6416,4048,3315,26.1215,-24.9733,8.79951,47.9107
9640,3622,4013,3958,3565,4089,5338,5588,4184,4255,6371,6596,4403,3804,4436,4241,3882,2.91308,0.358791,8.59914,48.23
9641,3926,3743,3352,3158,6333,4507,3555,3349,9879,5278,3696,3360,6092,4585,3661,3370,6.57425,-26.7378,8.99501,47.896
9642,12648,6070,4051,3384,6257,4845,3676,3432,3893,3761,3348,3118,3343,3292,3352,3104,-27.9435,-28.605,8.8265,47.716
9643,3441,3327,3187,3067,4013,3865,3470,3215,6490,5435,4030,3504,9925,7380,4285,3460,22.8166,-18.8773,8.75284,48.0627
9644,3758,3605,3315,2971,4972,4118,3510,3275,9438,5327,3886,3346,8067,5252,3906,3364,12.9156,-28.0987,8.50631,48.0733
9645,12220,6640,3983,3337,5952,4874,3808,3425,4010,3729,3473,3258,3311,3428,3253,3133,-33.4086,-23.4918,8.99855,47.8893
9646,3230,3646,4509,5401,3354,3813,5803,9086,3311,3711,4918,6817,3115,3468,3882,4313,-3.98326,22.6068,8.89192,48.2513
9647,3561,3740,3447,3187,4411,4717,3772,3392,6346,7887,4661,3727,5503,6116,4436,3613,11.1525,-11.886,8.7165,48.344
9648,3334,3666,4326,4939,3293,3762,5654,8003,3277,3720,5192,7432,3175,3581,4167,4591,-1.38413,21.4425,8.70223,48.0747
9649,3561,4875,8937,7783,3586,4149,5748,5497,3291,3662,3871,3961,3107,3278,3462,3399,-22.7105,12.9355,8.68364,48.1113
9650,4396,4461,3822,3541,5547,7151,4462,3567,5116,6577,4420,3494,4111,4168,3827,3344,-1.23955,-10.8174,8.66167,48.0027
9651,3511,3368,3141,3071,4430,3905,3431,3232,8152,5169,3753,3366,10128,5623,3930,3306,17.8062,-29.8007,8.93835,47.6773
9652,3161,3229,3490,3474,3216,3582,4123,4158,3579,4254,6153,6119,3586,4545,7663,7827,18.8497,14.7542,8.5463,48.106
9653,3162,3273,3366,3364,3339,3576,3827,3719,3553,4281,5319,4893,3815,5319,9751,7250,31.8172,10.3549,8.81079,47.8713
9654,4371,3945,3382,3183,7032,4714,3662,3346,9342,5138,3674,3446,5380,4550,3714,3288,3.73103,-30.8241,8.62216,48.1113
9655,4232,5013,4576,3843,4622,7465,5939,4141,4141,5227,4698,3833,3714,3948,3750,3392,-6.17487,-3.05682,8.6843,48.356
9656,3130,3235,3394,3528,3297,3605,4130,4250,3538,4013,6307,6388,3636,4424,7517,7496,17.711,14.8255,8.72357,47.9253
9657,3320,3399,3373,3116,3744,3790,3690,3438,4641,5903,4764,3834,5747,9165,6157,4206,22.4539,-6.02565,8.73595,48.1913
9658,3483,4444,8482,10223,3518,3949,5047,5613,3281,3506,3846,3817,3145,3341,3286,3300,-28.4675,17.3167,8.89189,48.1873
9659,3447,3780,4412,4466,3492,4277,6793,6257,3461,4173,6310,5720,3350,3611,4184,4193,-1.22278,13.4659,8.58762,47.9507
9660,3130,3216,3416,3361,3352,3590,3628,3799,3707,4239,5316,5064,3794,5414,9785,7294,27.9799,10.5519,8.75045,48.07
9661,3390,3856,4475,4452,3533,4314,6913,6320,3512,4053,6260,5857,3463,3601,4308,4386,-1.43062,13.8658,8.53467,48.462
9662,3346,3341,3288,3116,3881,3848,3537,3251,5207,5123,4140,3605,8036,9618,4932,3674,29.9234,-12.4465,8.84113,47.962
9663,3214,3679,4622,5802,3306,3891,5639,9256,3335,3625,4682,6405,3128,3407,3907,4301,-5.50024,23.386,8.75023,48.1327
9664,3179,3323,3486,3325,3411,3600,3843,3728,3733,4366,5211,4887,3917,5810,9828,6443,32.9326,8.48924,8.83585,48.06
9665,3169,3359,3870,4053,3335,3747,4417,6153,3399,3974,5390,9578,3239,3657,4614,5970,6.9799,25.5125,8.56245,47.9493
9666,3627,4683,6461,5353,3751,4981,7864,5745,3454,3992,4559,4104,3208,3478,3571,3463,-12.5367,9.34714,8.83897,48.196
9667,7091,6078,4101,3521,7830,6458,4140,3530,4648,4349,3561,3363,3723,3547,3453,3065,-13.2579,-17.9349,8.60058,48.3053
9668,3398,4021,5093,5176,3622,4424,7484,6976,3466,3970,5212,5111,3272,3371,3940,3993,-6.01819,13.928,8.89274,48.3527
9669,7573,9714,5241,3741,4993,5356,4233,3641,3813,3811,3555,3269,3297,3410,3226,3200,-30.8184,-10.9706,8.80464,48.0487
9670,3128,3358,3344,3374,3445,3596,3777,3754,3612,4311,5258,4906,3882,5520,9846,7088,29.6133,9.80895,8.71623,48.1327
9671,3607,4622,7208,6150,3574,4575,7150,6017,3313,3723,4347,4204,3200,3350,3467,3614,-15.1354,11.4642,8.5883,48.0807
9672,7874,7838,4489,3625,6361,6115,4174,3538,4044,4107,3558,3249,3499,3485,3299,3008,-18.9627,-14.959,8.84098,48.1753
9673,3316,3927,5350,8419,3363,3915,5241,9275,3297,3578,4199,4927,3152,3318,3510,3639,-13.5517,26.2453,8.80638,48.284
9674,12573,6499,3952,3359,6160,4836,3742,3374,3874,3688,3396,3189,3343,3411,3251,3078,-29.3599,-26.2161,8.7099,47.8167
9675,3653,3703,3796,3421,4066,4974,4680,3717,4553,7431,6418,4141,4252,5210,4942,3821,7.73565,-2.14171,8.68287,48.5187
9676,3163,3368,3403,3310,3483,3843,3820,3644,4032,5026,5769,4464,4314,6874,8489,5134,21.8089,3.10756,8.61068,48.0907
9677,3997,5480,8125,5629,3857,5009,6894,4957,3376,3683,4083,3882,3129,3314,3422,3286,-17.2463,7.11465,8.99146,48.082
9678,3234,3523,3641,3552,3614,4220,4716,4087,3927,5835,7916,4881,3853,4965,5881,4582,10.4268,4.70682,8.91053,48.2847
9679,6057,8131,5071,3743,5546,6789,4504,3669,4057,4165,3711,3450,3326,3510,3298,3252,-17.406,-9.62037,8.91864,48.186
9680,3432,3418,3286,3189,3902,4124,3720,3479,5122,6703,4852,3861,5919,8224,5367,3975,18.0155,-7.94609,8.67631,48.382
9681,12241,6035,3953,3489,6054,4682,3727,3467,3845,3844,3428,3262,3388,3314,3205,3146,-27.9699,-33.2435,8.50011,47.3867
9682,9413,5413,3792,3353,8774,5098,3796,3386,4460,4012,3553,3274,3565,3421,3288,3152,-16.0891,-31.7699,8.88154,47.8333
9683,10475,5803,3901,3338,7906,5024,3823,3340,4424,4004,3440,3176,3521,3429,3294,3171,-18.3913,-25.614,8.87767,48.046
9684,12421,5989,3874,3308,6550,4858,3779,3361,4051,3885,3408,3227,3333,3408,3160,3080,-25.3532,-28.556,8.70836,47.7947
9685,5409,4338,3712,3226,9351,5192,3863,3402,7003,4628,3772,3279,4277,3981,3362,3187,-3.8455,-29.4979,8.5069,47.988
9686,3373,3797,4851,5292,3435,4165,6977,7602,3323,3911,5065,5566,3289,3443,3976,4021,-5.76114,16.6551,8.69552,48.0573
9687,3369,3725,4190,4136,3523,4313,6182,5370,3537,4340,7222,5869,3438,3898,4563,4472,2.33501,12.1439,8.58901,48.098
9688,7627,9162,5094,3626,5344,5595,4371,3579,3892,3933,3608,3425,3312,3466,3273,3195,-23.4051,-12.3073,8.89142,48.3347
9689,3456,4099,6016,9191,3427,3968,5438,7775,3219,3547,3970,4396,3127,3407,3460,3475,-17.2788,22.6078,8.57549,47.9807
9690,3976,4893,6099,4756,3966,5694,7753,4753,3699,4110,4675,3959,3229,3597,3555,3491,-11.234,4.68832,8.51694,48.1367
9691,3502,4239,7136,8595,3482,4141,5816,6696,3325,3495,4109,4227,3017,3205,3451,3374,-19.0207,17.543,8.67758,47.8733
9692,3860,3753,3447,3176,5211,4694,3681,3386,8117,6763,4273,3395,5916,5235,3983,3597,8.17924,-17.6475,8.83187,48.3247
9693,3186,3375,4018,4296,3266,3695,4552,6878,3292,3728,5221,9602,3201,3569,4408,5582,4.10873,27.3534,8.77622,47.9127
9694,3407,3365,3300,3137,3901,3748,3400,3077,5915,4761,3786,3395,12570,6158,3930,3351,32.1014,-26.9911,8.79476,47.4673
9695,4164,6431,9401,5856,3939,4772,5432,4668,3486,3540,3801,3702,3228,3217,3337,3167,-24.9389,5.42703,8.66825,48.094
9696,3394,3856,5412,8855,3426,3769,5133,8886,3162,3488,4023,4757,3180,3286,3530,3584,-14.7464,27.4772,8.74471,47.8273
9697,3908,3743,3401,3077,5659,4490,3644,3307,9521,5685,3822,3407,6507,4892,3757,3233,8.88148,-23.4381,8.78479,48.0353
9698,3326,3363,3327,3161,3965,3870,3392,3255,6240,4703,3748,3524,12347,6009,4010,3419,27.3114,-31.0334,8.54539,47.7727
9699,3853,3894,3593,3217,4693,5605,4155,3520,5956,8029,4832,3678,4670,5172,4060,3474,6.08607,-10.2932,8.76221,48.2673
9700,3155,3335,3560,3547,3304,3598,4183,4856,3369,3937,5921,8752,3325,3913,5536,7869,13.6105,21.7252,8.98126,48.1067
9701,3046,3271,3497,3453,3147,3481,3971,4153,3379,3828,5149,7652,3396,3995,5682,10459,19.1129,33.9262,8.57766,47.706
9702,4079,3892,3382,3222,6288,4893,3742,3239,9016,5751,3937,3343,5796,4447,3665,3302,5.58074,-22.8113,8.69625,47.996
9703,3300,3864,4744,5360,3486,4156,6897,7718,3257,3747,5188,5844,3241,3422,3961,4055,-5.32948,16.7819,8.92003,48.16
9704,3127,3299,3404,3426,3326,3384,3778,3904,3404,3906,5112,5828,3458,4473,8386,9984,27.7177,17.4076,8.9079,48.1327
9705,7722,5576,3980,3388,8693,5921,3893,3354,4790,4375,3596,3303,3671,3589,3369,3061,-12.9003,-21.6322,8.60613,48.1873
9706,3150,3308,3460,3349,3135,3326,3795,3851,3321,3672,4658,6229,3340,3832,6004,12875,28.235,29.6226,8.92728,47.5367
9707,9359,8129,4557,3496,6059,5429,4032,3508,3914,3769,3457,3249,3439,3398,3281,2948,-23.4984,-16.9816,8.75834,48.016
9708,3556,3577,3263,3141,4516,4315,3605,3292,7767,6624,4152,3469,6976,6016,4304,3456,13.4071,-17.3452,8.56647,48.0193
9709,5412,9324,6774,4303,4475,5434,4702,3893,3518,3844,3622,3410,3296,3370,3356,3289,-25.3604,-3.98968,8.82092,48.0147
9710,3309,3352,3398,3386,3457,3803,4077,3733,3888,5058,6494,4641,4192,5929,8276,5290,18.64,5.14706,8.7614,48.1887
9711,3172,3516,3981,4416,3389,3849,5166,6909,3481,3916,5822,8398,3362,3667,4431,5094,2.66667,20.946,8.94994,48.3793
9712,3426,3478,3225,3070,3969,3742,3519,3269,6545,5013,3875,3353,11205,6955,4094,3501,23.6711,-21.8637,8.5917,48.1593
9713,3267,3609,3848,3828,3444,4015,5442,4951,3618,4539,7599,6523,3569,4031,4988,4946,6.11276,12.9046,8.73765,48.1447
9714,4081,3918,3380,3236,6481,4596,3598,3282,9765,5424,3801,3435,5936,4668,3629,3243,6.017,-26.6699,8.9842,48.3153
9715,3057,3344,3734,3925,3276,3534,4330,5914,3290,3881,5443,10162,3411,3635,4944,6419,8.30838,26.1256,8.94085,48.1993
9716,3905,3749,3404,3165,5363,4460,3594,3336,9418,5893,3931,3271,6734,4892,3812,3257,9.52587,-22.7506,8.87721,48.1227
9717,3157,3408,3605,3618,3460,3910,4691,4404,3630,4731,7852,6250,3622,4357,6254,5513,11.271,11.6345,8.81753,48.308
9718,3429,3837,6056,12280,3270,3785,4959,6561,3270,3401,3898,3934,3148,3215,3293,3379,-24.0025,33.8568,8.87956,47.81
9719,4483,4677,3897,3423,5668,7404,4545,3539,5354,6278,4192,3497,4078,4173,3721,3477,-2.20235,-10.8548,8.75394,48.2707
9720,3391,3902,5994,12781,3371,3874,4756,6042,3253,3388,3783,3844,3074,3291,3314,3353,-28.39,30.4406,8.98896,47.6073
9721,4408,4106,3627,3290,6574,5818,3943,3350,7146,6265,4078,3494,4672,4506,3726,3389,1.48273,-17.3627,8.59775,48.2613
9722,3917,4477,4415,3889,4205,6333,6873,4327,3996,5186,5563,4083,3592,3973,3951,3625,-3.43104,0.856417,8.88757,48.27
9723,3088,3236,3351,3251,3369,3503,3948,3932,3608,4305,5594,5293,3672,5135,9110,7747,24.0352,12.2776,8.79885,48.0947
9724,3407,4194,7600,10900,3358,3954,5020,5747,3187,3558,3794,3823,3125,3150,3392,3374,-31.7347,19.5774,8.77143,47.722
9725,5309,7262,5187,3862,5214,7345,5076,3870,4047,4214,3805,3461,3575,3470,3482,3263,-14.8227,-7.36657,8.80084,48.2947
9726,3507,3518,3295,3095,4181,4015,3629,3240,6195,5957,4296,3501,8020,7710,4536,3601,18.9978,-15.4438,8.7717,48.1973
9727,3235,3761,4724,6093,3362,3858,5861,9163,3301,3696,4677,6028,3198,3459,3777,3992,-6.92115,23.084,8.6758,48.1233
9728,3166,3440,3828,3867,3201,3640,4580,5633,3444,3904,6034,9348,3355,3760,4980,6420,8.51136,21.8647,8.86021,48.4
9729,3144,3215,3318,3420,3238,3420,3694,3897,3366,3780,4759,5935,3430,3907,5921,12748,30.0357,31.7982,8.56449,47.4613
9730,3421,3412,3299,3161,3695,3904,3773,3423,4826,6278,4854,3890,5549,8659,5953,4113,20.587,-5.90308,8.62072,48.14
9731,3296,3398,3747,3555,3431,3875,4530,4306,3636,4703,7959,5969,3663,4569,6387,5437,12.1712,10.549,8.82068,48.3073
9732,3771,4579,5154,4433,3956,5695,7999,4864,3797,4392,5109,4117,3337,3606,3767,3533,-7.61918,4.84408,8.55592,48.0727
9733,3505,4316,8116,10236,3383,3984,5164,5596,3294,3559,3859,3827,3130,3314,3457,3401,-32.3187,17.8423,8.58638,48.094
9734,4397,5263,4568,3774,5075,7915,5682,3974,4215,5165,4371,3564,3624,3757,3611,3425,-7.61382,-5.08918,8.69296,48.2533
9735,3357,3490,3080,3159,3977,3859,3504,3192,5679,5047,3995,3429,10678,7826,4268,3436,29.6878,-18.9578,8.69757,47.984
9736,3174,3232,3450,3352,3287,3504,3758,3759,3411,3819,4722,5900,3388,3907,6017,12755,28.819,31.764,8.72059,47.6233
9737,3405,4034,4683,4546,3530,4760,7693,5796,3688,4234,5909,5016,3376,3674,4067,4000,-3.73673,10.2641,8.77698,48.274
9738,3704,5730,10159,6589,3791,4303,5277,4793,3334,3711,3834,3845,3120,3296,3415,3362,-32.0808,8.64545,8.7625,48.1753
9739,4548,7971,8568,4911,4099,4914,5016,4214,3589,3814,3791,3462,3279,3292,3364,3311,-31.9849,0.919578,8.53901,48.0953
9740,3491,3505,3331,3151,4224,3991,3638,3256,7222,5649,3947,3509,9201,6763,4174,3488,18.7257,-19.9227,8.57284,48.36
9741,3560,3418,3400,3046,4431,3980,3513,3240,7779,5370,3894,3499,9475,6186,4029,3422,18.1257,-23.2051,8.516,48.1613
9742,3212,3427,3459,3460,3492,3841,4413,4079,3739,4790,7695,5549,3791,4742,6924,5641,13.8083,9.46626,8.925,48.1693
9743,3477,3342,3216,3179,3936,3931,3611,3364,5595,6208,4515,3660,6996,8663,5001,3762,20.0953,-11.5757,8.88733,48.304
9744,3345,3422,3847,3858,3403,3789,4924,5234,3460,4181,7135,7519,3331,3965,5299,5432,7.55656,15.8159,8.53027,48.096
9745,12333,6060,3961,3440,6547,4732,3785,3265,3885,3728,3460,3208,3450,3417,3217,3092,-25.5103,-30.8451,8.57276,47.72
9746,3755,5318,9626,7389,3671,4249,5275,5089,3306,3509,3846,3810,3130,3343,3379,3321,-27.4739,10.9938,8.62032,48.0107
9747,5890,9026,5874,3993,4919,6153,4648,3868,3869,3889,3680,3338,3341,3440,3272,3162,-20.8957,-6.8265,8.60351,48.2413
9748,5135,4329,3613,3249,8497,5377,3725,3306,7441,4926,3745,3289,4652,4075,3544,3302,-1.94036,-22.9426,8.95343,48.1367
9749,3103,3267,3684,3733,3304,3702,4359,5162,3398,3943,5498,9288,3404,3855,5219,7285,11.23,24.5394,8.6037,48.136
9750,3385,3361,3164,3125,3924,3897,3580,3219,5313,5325,4194,3543,8217,9353,4888,3627,25.5636,-13.1629,8.70462,48.0767
9751,3150,3334,3564,3681,3273,3573,4171,4946,3372,3851,5576,9391,3254,3774,5295,7937,12.8188,25.2394,8.67112,48.0947
9752,11139,6105,3957,3407,7165,4926,3815,3498,4238,3858,3446,3202,3448,3373,3191,3133,-21.5667,-26.7717,8.60678,47.934
9753,3492,4453,8220,9660,3430,3959,5134,5662,3159,3454,3884,3904,3046,3224,3341,3349,-33.2111,16.8478,8.67141,47.5807
9754,7156,6858,4355,3534,6778,6725,4296,3529,4525,4278,3787,3331,3597,3526,3333,3215,-15.4957,-15.2584,8.58185,48.5487
9755,3071,3307,3516,3661,3346,3620,4321,4379,3419,4310,6748,6375,3591,4442,7060,6865,15.6605,14.2445,8.57298,48.0207
9756,5280,9135,7283,4271,4260,5059,4649,3948,3611,3705,3703,3430,3282,3350,3362,3268,-28.1336,-2.87905,8.66629,47.7307
9757,12702,6025,3942,3288,5858,4715,3812,3397,3796,3805,3433,3175,3457,3343,3242,3144,-31.0584,-33.9605,8.77509,47.4227
9758,3355,3465,3221,3103,3830,3901,3529,3314,4830,5305,4224,3628,7148,9945,5250,3711,31.6701,-10.531,8.93837,47.8393
9759,3378,4024,5915,12520,3393,3838,4778,6132,3407,3425,3755,3957,3191,3263,3338,3445,-26.9604,31.2623,8.708,47.8393
9760,9480,8421,4452,3424,5517,5186,4055,3413,3875,3821,3545,3244,3484,3306,3263,3104,-33.6733,-16.4427,8.8524,47.7267
9761,4531,7903,8643,5002,4126,4898,5069,4225,3482,3696,3682,3499,3169,3283,3315,3247,-28.5557,0.964557,8.81062,47.8467
9762,3133,3361,3679,3849,3299,3700,4430,5522,3391,3960,6066,9030,3344,3873,5174,6756,9.72269,21.3189,8.91937,48.378
9763,3651,3500,3273,3062,4591,4130,3513,3257,8016,6245,4006,3532,7568,6108,4065,3356,14.4438,-19.5272,8.70943,47.9153
9764,3432,3409,3201,3113,3987,3721,3497,3256,6032,4712,3815,3373,12597,6265,3872,3311,32.1507,-25.9474,8.97969,47.7287
9765,5712,8514,5863,4061,4757,6325,4996,3869,3849,3920,3819,3511,3353,3422,3345,3133,-19.8509,-5.89745,8.90584,48.2993
9766,3263,3638,4259,5215,3310,3885,5165,9070,3327,3627,4718,7374,3248,3562,3976,4541,-2.78861,29.1354,8.51499,48.1187
9767,5753,4775,3621,3346,9050,6165,3918,3363,6022,4803,3614,3379,4050,3817,3388,3109,-6.44759,-21.5861,8.81774,48.1153
9768,3170,3217,3442,3383,3267,3471,3901,4342,3371,3822,5170,7850,3463,3849,5678,10201,18.3405,33.4687,8.709,47.7313
9769,3167,3200,3359,3457,3319,3544,3903,4023,3547,4143,5676,6009,3548,4517,8175,8667,22.0058,15.8201,8.76519,48.1693
9770,5359,4579,3657,3370,8929,5838,3879,3231,6515,4855,3808,3317,4248,3892,3412,3222,-4.55253,-22.4835,8.6664,48.074
9771,9205,6148,4038,3377,7948,5532,4005,3403,4380,4092,3440,3258,3510,3439,3321,3104,-17.1076,-21.6631,8.82984,48.1333
9772,3221,3306,3428,3264,3293,3525,3913,3937,3562,4220,5314,5198,3625,4858,9320,7994,33.4739,12.8123,8.57977,47.9853
9773,4694,4882,3875,3438,6035,7785,4660,3624,5061,5809,4217,3450,4011,3932,3522,3363,-4.33083,-11.1542,8.9497,48.2387
9774,5394,9156,7293,4438,4314,5390,4974,3905,3670,3795,3685,3457,3253,3293,3270,3159,-26.1912,-3.01921,8.94597,48.2973
9775,3897,4975,7407,5596,3820,4925,7272,5398,3442,3835,4354,4063,3257,3294,3559,3490,-15.2354,8.71814,8.57577,48.3893
9776,3450,3990,6460,12175,3335,3730,4724,6036,3237,3470,3701,4040,3162,3258,3385,3296,-28.1156,25.1694,8.53534,47.6327
9777,3597,4316,6311,5972,3714,4571,7551,6583,3372,3731,4469,4377,3175,3450,3616,3669,-12.3234,12.8858,8.70571,48.316
9778,3830,4903,6290,4946,3821,5296,8080,5238,3546,4053,4574,4105,3292,3532,3609,3581,-11.4687,6.75386,8.80372,48.464
9779,3574,4352,7651,10559,3394,3907,5191,5784,3296,3467,3985,3857,3078,3218,3359,3502,-26.5827,19.1928,8.7691,48.116
9780,3374,4085,6688,11981,3315,3833,4899,5899,3202,3363,3866,3882,3116,3194,3437,3397,-32.3316,22.9246,8.83968,47.6873
9781,3798,3678,3494,3389,4831,4875,3959,3454,6904,7951,4393,3548,5272,5412,4074,3366,7.7772,-13.5382,8.98535,48.2653
9782,6529,9830,5923,4041,4662,5412,4395,3662,3715,3763,3571,3294,3326,3323,3375,3170,-27.1591,-7.90088,8.59855,47.994
9783,3082,3246,3428,3425,3252,3453,3722,3958,3320,3677,4722,6009,3386,3901,6002,12717,30.7245,27.7991,8.57475,47.5333
9784,3104,3413,3348,3503,3351,3604,4238,4268,3525,4274,6387,6550,3575,4552,7035,7449,16.5271,15.3908,8.82929,48.1173
9785,6304,5379,3915,3396,8104,6761,4188,3427,5127,4494,3886,3297,3780,3625,3328,3165,-10.0852,-18.1852,8.78733,48.1173
9786,3454,3372,3234,2996,4242,4011,3459,3282,7674,5005,3845,3327,10680,5970,3967,3437,19.3462,-26.9884,8.79424,47.97
9787,3614,3549,3284,3046,4573,4115,3568,3184,8581,5291,3859,3342,9402,5587,3985,3390,16.0326,-26.1823,8.61117,48.2467
9788,11551,5860,3834,3382,7137,5000,3858,3347,4093,3822,3504,3285,3467,3381,3256,2986,-21.6553,-30.4457,8.69054,47.842
9789,3441,4086,5204,5062,3632,4639,7805,6600,3460,3939,5237,5095,3316,3461,3802,3834,-6.7813,12.5481,8.73437,48.4087
9790,3384,3389,3104,3194,3896,3861,3447,3214,6605,4887,3764,3434,12016,6083,4007,3470,23.6249,-33.83,8.70402,47.8367
9791,3642,3592,3284,3158,4718,4048,3478,3290,9271,5178,3836,3283,8743,5306,3886,3357,14.0951,-29.9795,8.81753,48.0467
9792,3670,3662,3527,3321,4495,4942,3971,3528,6344,8057,4693,3580,5361,5749,4322,3489,9.36987,-11.4842,8.84505,48.474
9793,4777,4341,3538,3266,8045,5425,3864,3374,7848,5270,3877,3377,4720,4249,3521,3259,-0.562786,-22.7388,8.68275,48.5007
9794,3440,3406,3137,3241,3933,3821,3455,3257,5912,5086,3985,3311,10942,7500,4255,3410,25.6697,-19.9255,8.73628,48.0607
9795,3366,4052,6384,11056,3382,3886,5142,6950,3209,3391,4077,4112,3003,3260,3398,3414,-21.5429,23.9564,8.80023,48.0547
9796,3232,3420,3534,3284,3421,3863,4144,3755,4073,5447,6598,4690,4174,5882,7657,5082,17.3251,4.1106,8.75839,48.1707
9797,3449,3947,5628,10350,3488,3844,4934,8018,3218,3431,4017,4276,3139,3276,3458,3408,-18.2365,31.1909,8.51456,47.9207
9798,3455,3797,5965,12544,3393,3777,4720,6023,3303,3502,3807,3909,3164,3377,3470,3301,-32.6428,31.2703,8.55604,47.6713
9799,3754,3652,3308,3113,5590,4303,3577,3269,9972,5279,3716,3261,7061,4841,3779,3338,9.77943,-31.1293,8.97317,47.8753
9800,3540,4652,6862,5873,3588,4704,7301,5933,3443,3648,4460,4244,3078,3410,3707,3516,-14.5982,11.1837,8.65944,47.9727
9801,4066,3688,3372,3141,5536,4660,3698,3255,8979,6193,3912,3369,6057,5056,3885,3377,7.89468,-20.9451,8.81179,48.1627
9802,3113,3345,3486,3576,3087,3498,4250,4916,3322,3912,5267,9312,3376,3853,5327,8109,12.9458,33.4669,8.82925,47.8327
9803,4861,7134,5883,4218,4603,6706,5678,4087,3795,4214,4093,3578,3300,3466,3317,3284,-15.5331,-3.16138,8.51598,48.1447
9804,9725,8315,4511,3558,5666,5107,3922,3581,3787,3849,3482,3266,3360,3413,3339,3015,-27.9564,-17.3097,8.54766,47.9307
9805,7195,9549,5308,3741,5102,5636,4269,3621,3793,3827,3546,3315,3356,3363,3228,3091,-24.2824,-10.5466,8.91693,47.96
9806,3209,3413,4044,4406,3351,3585,4806,7094,3387,3731,5260,9180,3382,3602,4467,5371,3.60473,25.5363,8.71046,48.192
9807,4890,5623,4286,3555,5913,8189,4889,3618,4497,5136,4113,3572,3732,3689,3543,3256,-8.37331,-9.57067,8.97275,48.334
9808,5419,4394,3654,3366,9569,5162,3748,3337,6894,4670,3722,3256,4296,3980,3399,3197,-3.96829,-28.182,8.84259,48.042
9809,12246,6649,3936,3355,5919,4820,3839,3325,4002,3766,3408,3201,3344,3405,3246,3131,-30.8562,-23.6466,8.97061,47.728
9810,4237,6114,7042,4685,4168,5860,6543,4521,3694,4087,4074,3758,3275,3487,3499,3348,-15.918,2.31981,8.7015,48.2613
9811,3162,3502,3990,4261,3398,3752,4794,7053,3330,3795,5108,9456,3264,3587,4475,5403,4.12244,32.0164,8.74018,48.22
9812,3396,3728,4220,4240,3423,4146,6460,6034,3419,4245,6878,6154,3337,3740,4374,4411,0.834985,13.6543,8.98685,48.1367
9813,3575,4640,8576,8383,3493,4130,5683,5609,3275,3589,3914,3889,3139,3312,3339,3347,-23.1224,14.6335,8.5544,47.9287
9814,6021,4744,3634,3361,9599,5044,3875,3419,6251,4560,3598,3268,4032,3831,3356,3236,-6.41865,-30.4924,8.56364,47.886
9815,3295,3785,4741,5020,3442,4321,7177,7244,3334,3975,5466,5512,3308,3619,3968,4026,-4.43909,15.5198,8.71527,48.1553
9816,3145,3355,3290,3491,3346,3536,3719,3989,3350,3735,4801,6127,3377,3941,5826,12528,31.7207,31.0938,8.64343,47.704
9817,10693,5668,3846,3397,7540,5101,3870,3398,4149,3899,3399,3340,3460,3377,3285,2978,-19.5268,-33.6966,8.53749,47.6
9818,3505,3960,5930,12799,3377,3697,4668,5924,3243,3310,3717,3904,3098,3312,3402,3319,-30.1087,31.5105,8.72237,47.4433
9819,3431,4159,5351,6231,3457,4134,6923,8081,3337,3607,4614,5010,3131,3389,3744,3714,-9.76145,17.9098,8.90712,48.2087
9820,3111,3321,3455,3530,3236,3529,4038,4559,3368,3749,5365,8010,3312,4116,5913,9341,16.8418,23.4838,8.5988,47.9687
9821,3610,4417,7997,9083,3442,3965,5585,5996,3277,3489,3925,4016,3184,3212,3443,3398,-22.1108,16.7659,8.80227,48.026
9822,4705,7955,7842,4889,4222,5376,5138,4128,3548,3792,3761,3593,3267,3389,3384,3247,-23.1564,-0.243215,8.70799,48.1573
9823,3467,3943,6173,12086,3447,3749,4936,6623,3176,3377,3816,3979,3091,3204,3428,3496,-24.2338,26.1108,8.71616,47.994
9824,8472,5256,3761,3295,9318,5385,3784,3391,4911,4176,3508,3287,3603,3621,3335,3118,-13.6971,-27.7766,8.58477,48.1473
9825,3550,4722,8977,9031,3472,4090,5406,5313,3254,3558,3857,3851,2998,3293,3378,3329,-28,15.0306,8.63031,48.0527
9826,3771,4780,6086,4773,3879,5434,8120,5224,3575,4096,4621,4019,3267,3464,3656,3598,-10.7377,6.21079,8.90828,48.242
9827,3143,3287,3364,3250,3347,3693,3910,3616,3665,4381,5349,4884,3855,5563,9909,6972,27.7805,9.51402,8.66819,48.1253
9828,6904,5275,3826,3354,8848,6244,4010,3369,5168,4347,3644,3280,3749,3596,3332,3133,-10.5139,-21.216,8.71954,48.0527
9829,3722,4999,8636,7140,3677,4272,6131,5493,3357,3617,3929,3992,3146,3325,3462,3391,-20.5219,11.9555,8.84688,48.1927
9830,3375,3365,3101,3067,3930,3914,3351,3238,6603,5193,4025,3523,10417,7027,4206,3303,22.3076,-21.1329,8.81236,47.7587
9831,6125,9795,5975,4048,4690,5209,4505,3795,3765,3870,3647,3457,3179,3425,3221,3156,-32.2693,-6.66444,8.54476,47.908
9832,3213,3022,3354,3407,3222,3473,3685,3944,3385,3725,4719,5932,3391,3819,6132,12751,28.9253,32.4987,8.80978,47.4493
9833,3733,4075,4030,3615,4176,6016,5270,3973,4404,6907,5764,4161,3939,4403,4295,3743,2.15146,-2.63169,8.68674,48.336
9834,5509,4343,3606,3331,9360,5168,3737,3375,6945,4574,3716,3266,4227,3935,3485,3117,-4.1434,-32.0104,8.87607,47.796
9835,3386,3361,3218,3192,3873,3768,3522,3236,5500,5147,4184,3529,8880,8874,4769,3671,28.9846,-14.9762,8.58676,48.0733
9836,3357,3846,5313,9145,3401,3837,5097,8908,3245,3534,4055,4639,3186,3305,3535,3634,-15.2629,30.4444,8.66034,48.0247
9837,3503,4495,7897,8664,3473,4018,5778,6112,3300,3651,3960,4059,3105,3259,3433,3478,-20.8554,16.0647,8.82702,48.1233
9838,3062,3133,3372,3371,3237,3474,3816,3952,3273,3771,4778,6604,3404,3926,6363,12065,24.4001,24.8475,8.90777,47.734
9839,3280,3250,3286,3287,3287,3695,3783,3810,3697,4286,5291,4876,3728,5507,9751,7118,26.4427,9.82923,8.78973,47.9547
9840,4892,4931,3835,3371,6944,7355,4345,3447,5332,5400,4036,3386,4064,3899,3594,3234,-4.92983,-14.3273,8.56377,48.0433
9841,7799,7204,4401,3443,6744,6136,4255,3594,4215,4058,3659,3240,3457,3523,3411,3189,-17.6909,-16.4061,8.89267,48.2187
9842,3360,3523,3325,3305,3757,4085,3707,3516,4732,6446,4810,3885,5657,8280,5790,3957,19.0423,-6.14158,8.85782,48.09
9843,3323,3755,4773,5208,3353,4079,6713,7835,3349,3919,5212,5917,3213,3621,4064,4021,-4.64485,17.5398,8.89602,48.2367
9844,3524,3553,3290,3125,4581,4127,3655,3261,7828,6134,3932,3438,7840,6151,4199,3368,15.2405,-19.333,8.86358,48.004
9845,5217,8807,7100,4487,4216,5531,4965,4062,3585,3871,3760,3494,3300,3295,3319,3128,-23.249,-2.83646,8.5209,48.0913
9846,3778,4215,5237,4581,3795,5158,8032,5374,3604,4265,5296,4473,3363,3663,3756,3749,-6.55722,7.61831,8.67735,48.226
9847,3179,3316,3384,3379,3227,3407,3889,3897,3361,3753,4635,5983,3414,3849,5881,12845,30.0855,30.2154,8.96748,47.5993
9848,3068,3337,3504,3690,3240,3582,3954,4728,3331,3881,5285,9002,3418,3883,5376,9139,15.1391,26.3818,8.94723,48.2787
9849,3237,3304,3417,3279,3407,3601,3876,3715,3652,4368,5182,4826,3917,5598,9784,6827,28.7813,9.35123,8.50347,47.9933
9850,3155,3336,3611,3808,3225,3529,4536,5782,3420,3852,5344,9860,3322,3708,4747,6760,8.9732,29.5781,8.8042,47.9967
9851,3465,3332,3375,3088,3840,3762,3565,3242,5980,4845,3786,3289,12299,6380,3966,3361,29.1257,-26.0101,8.93084,47.7167
9852,3099,3295,3340,3407,3185,3522,3893,4069,3383,3788,4902,6834,3478,3926,6262,11529,22.6181,26.4329,8.77486,47.9413
9853,3931,3740,3411,3279,5568,4699,3507,3308,8761,6316,3991,3387,5951,5024,3898,3342,7.96551,-19.978,8.77203,48.0753
9854,3642,4041,3785,3545,4307,5665,4835,3738,4634,7373,5721,3942,4027,4619,4357,3839,3.75105,-3.38432,8.81522,48.0467
9855,3055,3296,3407,3315,3220,3432,3696,3995,3359,3772,4826,6688,3358,4017,6257,12090,23.6598,27.3107,8.8622,47.8553
9856,3539,3552,3427,3324,4099,4500,3983,3577,5263,7982,5234,3873,5039,6602,4787,3720,12.5961,-7.10626,8.81327,48.334
9857,3195,3398,3539,3660,3282,3603,4359,4660,3463,3920,6404,7952,3474,3966,5973,7444,13.8715,18.8566,8.65031,48.1947
9858,3884,5223,8341,6034,3667,4549,6639,5140,3454,3843,4039,3922,3103,3371,3442,3298,-18.5275,9.11457,8.86654,47.966
9859,3228,3559,4389,5289,3338,3761,5203,9237,3348,3625,4681,7310,3197,3431,4006,4266,-3.38329,28.2708,8.76388,47.912
9860,3203,3373,4197,4794,3316,3701,5065,8418,3308,3772,4858,8407,3249,3500,4194,4885,0.0773641,26.9415,8.86465,48.16
9861,3542,3710,3618,3464,4091,5081,4492,3700,4713,7777,6112,4049,4241,5246,4651,3853,7.20601,-3.47967,8.92537,48.2267
9862,3781,5084,7880,5885,3710,4740,7063,5472,3443,3678,4168,3993,3209,3288,3411,3423,-16.7093,9.35952,8.82551,48.152
9863,3401,3324,3290,3024,3987,3774,3457,3218,6341,4856,3821,3336,12307,6104,3935,3447,25.967,-30.0741,8.60524,47.748
9864,3159,3318,3637,3548,3458,3813,4482,4451,3616,4373,7530,6339,3542,4268,6464,6128,12.6278,12.6734,8.90543,48.084
9865,3414,3988,4513,4287,3512,4606,7155,5580,3383,4426,6531,5133,3396,3758,4170,4182,-1.52104,10.5476,8.8735,48.0227
9866,3657,4836,9066,7949,3586,4146,5563,5425,3309,3626,3839,3950,3131,3203,3291,3318,-24.0325,13.3422,8.95911,47.93
9867,3463,4174,7010,9597,3369,3961,5446,6865,3250,3429,3967,4258,3143,3176,3490,3422,-20.0703,19.837,8.88198,48.0133
9868,3679,4085,4263,3950,4024,5582,6464,4253,4042,5459,6292,4342,3673,3928,4187,3857,-0.529875,2.45566,8.67755,48.0533
9869,3356,3747,3685,3370,3804,4421,4490,3827,4380,6828,6894,4409,4153,5350,5408,4106,10.1913,0.215187,8.59193,48.152
9870,3263,3306,3301,3165,3631,3879,3747,3465,4383,5408,4997,3957,5132,8707,7373,4485,24.1095,-2.77462,8.72638,48.1327
9871,3726,4765,6738,5279,3752,5064,7750,5446,3433,3806,4600,4168,3150,3406,3592,3466,-12.7074,8.59641,8.82337,48.094
9872,3214,3439,3447,3259,3452,3875,3694,3609,3969,4916,5061,4296,4532,7559,8734,4846,32.9578,1.77842,8.58636,47.9347
9873,3188,3259,3326,3290,3584,3667,3693,3590,4063,4862,5056,4271,4648,7823,8562,5022,30.4491,1.24612,8.56072,47.936
9874,8016,5125,3818,3317,9506,5313,3857,3421,4963,4131,3651,3283,3661,3591,3277,3211,-12.5928,-32.6012,8.67032,48.094
9875,4314,4971,4376,3821,4767,7939,5802,3926,4198,5426,4551,3801,3612,3898,3660,3309,-6.26465,-4.72846,8.66351,48.2473
9876,4644,4068,3489,3214,7499,5124,3746,3372,8504,5444,3767,3392,5035,4284,3585,3237,1.76261,-23.2586,8.74458,48.2693
9877,3401,4199,7807,10467,3472,4045,5047,5638,3379,3536,3851,3840,3194,3238,3321,3396,-32.5086,18.5937,8.83537,47.8873
9878,12271,5868,3859,3367,5819,4636,3665,3359,3914,3815,3262,3221,3491,3460,3380,3270,-33.0297,-33.5572,8.8899,47.1047
9879,12514,6035,3873,3458,6032,4862,3706,3470,3886,3708,3460,3299,3380,3323,3227,3082,-29.2191,-30.508,8.63496,47.5433
9880,4671,7785,7924,4696,4223,5339,5362,4182,3522,3750,3906,3609,3244,3431,3443,3285,-22.1293,-0.089572,8.94607,48.248
9881,8036,6373,4151,3458,7421,6221,4074,3468,4453,4101,3608,3314,3644,3334,3253,3042,-15.6483,-18.6083,8.96909,47.9673
9882,4076,5971,9341,6088,3816,4623,5946,4774,3441,3555,3920,3738,3210,3281,3403,3272,-22.3618,7.17334,8.94714,48.3033
9883,3274,3402,3443,3353,3621,4003,4311,3770,4159,5807,6851,4594,4173,5772,7169,4960,15.4229,3.39578,8.90789,48.4413
9884,3559,4603,8938,9064,3448,4046,5149,5510,3367,3419,3787,3787,3137,3241,3364,3350,-32.3902,15.304,8.71621,47.846
9885,3521,3999,5867,11668,3379,3881,4972,7013,3285,3456,3800,4174,3076,3150,3399,3432,-22.6959,31.611,8.61116,48.048
9886,3297,3278,3177,3219,3961,3794,3398,3243,6539,4799,3824,3400,12346,5826,3896,3411,23.8951,-33.0085,8.95498,47.6053
9887,6147,4906,3813,3347,8975,6148,4007,3453,5596,4669,3583,3331,4012,3730,3459,3106,-7.96787,-21.4083,8.74025,48.188
9888,6590,9099,5410,3814,5096,5872,4482,3771,3811,3881,3651,3432,3374,3480,3300,3089,-22.5023,-9.19289,8.527,48.1013
9889,3265,3322,3308,3323,3540,3802,3860,3576,4141,5389,5505,4218,4729,7379,7919,4765,21.1976,0.760236,8.61065,48.0273
9890,4026,5533,7317,5225,3965,5135,7046,5041,3436,3860,4225,3811,3284,3296,3483,3446,-16.0867,5.91265,8.67142,48.086
9891,3416,3511,3115,3059,3921,3925,3520,3246,6032,4946,3894,3308,10814,7506,4102,3519,25.8494,-20.1871,8.56148,47.8893
9892,3089,3230,3592,3466,3278,3602,4135,4463,3437,3847,5621,8103,3409,4026,5996,8804,15.7807,22.409,8.83738,48.0653
9893,4467,6997,9461,5476,3890,4621,5123,4520,3452,3649,3771,3628,3155,3248,3319,3296,-30.6701,3.98778,8.66551,48.0487
9894,9736,5787,3808,3334,8239,5265,3844,3286,4516,3936,3492,3279,3565,3368,3206,3120,-16.809,-26.8107,8.5863,47.854
9895,3195,3776,4908,6509,3297,3912,5836,9410,3344,3692,4614,5599,3100,3297,3739,3971,-8.31147,22.732,8.89954,48.1327
9896,9479,5419,3845,3362,8585,5105,3810,3263,4653,4040,3469,3233,3577,3403,3339,3150,-16.084,-29.0934,8.83004,47.8213
9897,7332,7481,4421,3616,6342,6511,4309,3477,4250,4129,3586,3296,3492,3420,3313,3197,-16.9482,-14.5624,8.67687,48.1147
9898,3336,3889,6134,10774,3381,3883,5171,7590,3097,3439,3926,4119,3061,3276,3460,3334,-20.0318,26.1677,8.93964,47.9133
9899,3406,3610,3628,3597,3656,4255,4807,3999,3978,5979,7823,4799,3906,4900,5625,4374,9.71203,3.71188,8.91565,48.228
9900,3301,3275,3252,3204,3686,3771,3669,3397,4318,5232,4796,3972,5266,9404,7212,4319,30.468,-3.25393,8.8745,48.0493
9901,3281,3859,6107,12725,3390,3733,4788,6091,3240,3360,3724,3803,3185,3200,3439,3349,-27.9136,32.0747,8.83012,47.516
9902,3392,3355,3203,3188,3716,3792,3613,3385,4767,5249,4370,3701,6582,9776,5847,3830,28.6019,-8.56644,8.52353,47.844
9903,3273,3584,3896,4009,3305,3927,5395,5046,3557,4403,7607,6758,3413,4066,5081,4992,6.07256,13.692,8.79823,48.208
9904,3232,3371,3341,3268,3466,3748,3801,3694,3948,4688,5227,4451,4201,6876,9419,5436,33.4787,4.14314,8.96513,48.1113
9905,3348,3461,3485,3358,3635,4118,4364,3809,4107,6111,6968,4457,4240,5780,6475,4633,13.9664,2.40744,8.86031,48.2327
9906,3600,4133,4469,4078,3864,5381,7039,4712,3846,5071,6413,4486,3409,3899,4175,3861,-1.52985,4.48065,8.98452,48.2907
9907,3744,4042,4074,3676,4341,5915,5233,3925,4323,6564,5916,4069,3906,4302,4318,3674,1.82246,-2.13409,8.83959,48.0147
9908,3207,3279,3260,3379,3117,3371,3697,3842,3369,3785,4843,5992,3416,3756,6204,12818,30.5304,26.3466,8.94521,47.5567
9909,3592,4303,7460,7925,3535,4153,6066,6565,3300,3661,4073,4216,3139,3424,3390,3415,-18.7269,15.9983,8.67133,48.1447
9910,3353,3559,4039,3976,3409,3971,5426,5519,3593,4232,7312,6975,3343,3843,4884,5002,4.61477,14.8598,8.92962,48.2907
9911,6231,4607,3754,3244,9848,5336,3739,3383,5976,4527,3595,3202,3981,3713,3383,3194,-7.32767,-26.0162,8.7534,47.8087
9912,3626,3452,3231,3052,4495,4150,3511,3195,8031,5747,3994,3572,8490,6101,3950,3370,15.5918,-20.923,8.59773,47.978
9913,3502,4308,6972,8169,3386,4086,6210,6890,3347,3765,4032,4260,3123,3312,3542,3456,-17.2474,17.2295,8.7988,48.24
9914,3885,4648,5596,4485,3875,5652,8008,4987,3549,4248,4933,4136,3343,3619,3700,3629,-8.65448,4.97895,8.8515,48.1953
9915,3098,3244,3585,3590,3268,3692,4098,4738,3492,3878,5649,8904,3339,3947,5415,8292,13.9975,23.1151,8.901,48.1527
9916,3119,3237,3560,3728,3234,3557,4154,4998,3416,3820,5545,8970,3405,3856,5337,8162,13.7333,25.7159,8.6649,48.0653
9917,3537,3479,3270,3152,4731,4205,3607,3254,8460,5574,3824,3424,8392,5838,3892,3398,14.8648,-22.9014,8.60754,48.0247
9918,8997,8850,4711,3593,5301,5170,4139,3482,3918,3882,3600,3264,3354,3355,3177,3134,-30.8824,-15.2018,8.55613,47.9513
9919,6503,5195,3880,3310,8814,6277,3855,3485,5311,4538,3763,3321,3873,3707,3442,3114,-9.57239,-20.6781,8.59413,48.2587
9920,3605,3510,3395,3165,4407,4261,3678,3390,6519,6788,4282,3587,6648,6898,4421,3609,15.094,-14.4541,8.55211,48.1087
9921,5215,8913,7348,4376,4515,5161,4829,3924,3668,3798,3580,3438,3195,3433,3444,3253,-32.7782,-2.9209,8.5072,48.06
9922,4798,4236,3660,3333,7559,5848,4023,3307,7161,5531,3926,3296,4598,4108,3574,3293,-1.22555,-19.9757,8.70139,48.1673
9923,3270,3794,4773,4911,3498,4184,6962,7224,3377,3909,5582,5712,3285,3633,4012,4067,-4.08334,15.8571,8.77778,48.1287
9924,3433,3556,3520,3298,3914,4478,4103,3721,4671,7622,5783,3958,4583,6213,5307,3958,11.91,-4.07442,8.9345,48.0787
9925,3261,3548,3550,3528,3593,4007,4624,4083,3831,5314,8015,5203,3895,4852,6261,4788,11.5867,6.50452,8.74703,48.2353
9926,6628,7625,4761,3719,5870,6730,4421,3642,4062,4144,3598,3355,3465,3440,3421,3107,-17.25,-11.7453,8.56284,47.992
9927,3119,3365,3594,3689,3302,3798,4486,4552,3556,4356,6982,7271,3518,4160,6152,6449,12.2692,15.5755,8.80146,48.2327
9928,3450,3509,3080,3052,4325,3962,3523,3187,8100,5085,3819,3383,10371,5744,3785,3331,18.1953,-29.7868,8.59789,47.804
9929,3328,3546,3833,4049,3319,3690,5122,5882,3440,4070,6361,8050,3309,3860,4747,5526,5.44577,18.8903,8.79321,48.088
9930,3030,3229,3480,3470,3266,3531,4014,4425,3565,3708,5031,8340,3406,3936,5609,9798,17.1678,31.8067,8.6081,47.892
9931,3579,3625,3338,3092,4436,4457,3669,3339,7190,6991,4194,3462,6828,6170,4236,3530,13.5778,-15.9268,8.81286,48.0907
9932,6714,9932,5676,3861,4863,5181,4353,3623,3782,3838,3756,3338,3367,3461,3404,3164,-32.2741,-9.06862,8.68598,48.2087
9933,3379,3889,6008,12483,3415,3766,4696,6015,3265,3450,3797,3865,3235,3299,3396,3445,-32.9362,30.4702,8.78537,47.602
9934,5950,7443,4863,3856,5543,7053,4733,3699,4129,4262,3730,3421,3562,3510,3410,3260,-16.0652,-9.79456,8.58219,48.2827
9935,3432,3902,5858,12041,3315,3794,4891,6889,3244,3321,3771,4082,3128,3283,3387,3382,-22.7032,31.5644,8.9572,47.8133
9936,3038,3183,3578,3679,3249,3603,4205,4878,3323,3797,5285,9510,3264,3869,5317,8349,13.1841,27.7883,8.96508,48.0847
9937,7474,7650,4429,3521,6246,6407,4160,3512,4230,4178,3586,3271,3419,3488,3329,3080,-17.897,-14.3445,8.89162,47.9867
9938,3326,3801,5323,7954,3433,3882,5347,9248,3260,3564,4251,5035,3115,3331,3511,3704,-12.6971,25.1419,8.69882,48.0567
9939,12464,6119,3911,3299,6016,4721,3740,3376,3969,3909,3500,3201,3402,3360,3336,3124,-29.9681,-28.912,8.6106,47.6313
9940,5684,5698,4134,3523,6956,7321,4501,3628,4687,4715,3787,3417,3764,3621,3260,3126,-10.2365,-13.7657,8.68532,47.8813
9941,11852,6872,3865,3285,5970,4996,3757,3371,3972,3822,3487,3351,3406,3297,3263,3134,-32.8659,-22.4596,8.84643,47.8
9942,3466,3521,3357,3150,3957,3761,3335,3206,6043,4871,3782,3344,12305,6400,3921,3237,33.3656,-24.6779,8.56601,47.7707
9943,6775,4820,3858,3384,9864,5350,4053,3450,5180,4307,3487,3222,3791,3695,3493,3304,-10.2099,-33.9963,8.87617,48.022
9944,5059,7622,5871,4062,4637,6660,5461,4065,3894,4215,3949,3527,3275,3456,3498,3258,-16.8134,-4.37262,8.9741,48.3393
9945,6409,9913,5889,3766,4864,5139,4555,3765,3797,3822,3622,3471,3338,3401,3226,3078,-30.4556,-7.96893,8.66977,48.0367
9946,8344,5882,3914,3431,8305,5800,4050,3444,4752,4141,3526,3237,3516,3426,3348,3066,-14.9714,-21.9904,8.52845,48.1213
9947,6635,9665,5733,3950,4675,5354,4432,3713,3807,3833,3704,3408,3410,3373,3249,3123,-27.7122,-8.72862,8.52447,48.0427
9948,3334,3315,3210,3140,3936,3835,3357,3225,6238,4676,3789,3442,12500,6106,3920,3409,26.7754,-31.6211,8.68739,47.6213
9949,3060,3275,3347,3407,3260,3419,3757,3902,3349,3776,4882,6253,3234,3992,6382,12313,27.379,26.2835,8.57265,47.7387
9950,3387,3374,3258,3282,3856,3771,3419,3362,5876,4699,3717,3404,12744,5822,3905,3397,32.4563,-32.1213,8.79979,47.5153
9951,3793,4082,3684,3386,4772,5909,4346,3687,5190,7855,5225,3683,4408,4709,4143,3570,4.12645,-7.25874,8.7998,48.2947
9952,3242,3283,3311,3275,3557,3771,3889,3685,4062,5114,5777,4453,4349,7025,8500,5185,21.6696,2.65484,8.95415,48.3187
9953,3262,3299,3582,3547,3307,3575,4132,4537,3517,4084,5937,7860,3405,3978,6135,8313,15.3999,20.1036,8.64959,48.3133
9954,5460,7246,5144,3868,5122,7295,5072,3802,3969,4270,3854,3555,3455,3521,3407,3159,-15.2557,-7.27919,8.74488,48.1327
9955,6578,5863,4092,3481,7674,6751,4143,3440,4779,4502,3642,3351,3707,3674,3296,3196,-12.1358,-16.8583,8.7005,48.1127
9956,3225,3626,4500,5077,3433,3870,5669,8375,3289,3770,5204,7214,3167,3578,4066,4398,-1.95601,21.8243,8.89025,48.3073
9957,3170,3217,3312,3412,3242,3428,3860,3932,3377,3988,5057,6853,3517,3968,5863,11596,23.14,33.6721,8.53747,47.8613
9958,4208,4163,3553,3237,5710,5552,3846,3487,7094,6945,4194,3483,4946,4653,3768,3339,3.79699,-16.1498,8.56518,48.1187
9959,3117,3373,3688,3879,3350,3612,4307,5111,3391,3856,5760,9339,3427,3792,5202,6935,10.7417,23.2559,8.54604,48.0927
9960,3582,4989,9348,8419,3568,4069,5309,5288,3336,3613,3844,3789,3114,3214,3438,3348,-27.4259,13.4757,8.77963,48.1787
9961,11676,6106,3806,3309,6976,4918,3806,3343,4167,3965,3434,3090,3397,3364,3186,3046,-22.0681,-25.6001,8.84919,47.726
9962,3877,3853,3557,3225,4874,5179,3962,3412,6623,7752,4387,3555,5079,5271,3986,3479,7.06251,-13.0783,8.51131,48.0473
9963,3305,3470,3655,3605,3583,4508,4828,4079,3961,5858,7547,4799,3975,4935,5635,4452,9.52232,3.80019,8.53696,48.13
9964,3954,3611,3302,3169,5662,4638,3695,3332,9258,5918,3876,3388,6395,4837,3706,3346,7.92931,-22.7129,8.62066,48.058
9965,3149,3190,3371,3446,3281,3410,3681,3778,3358,3757,4718,6131,3442,3899,6034,12840,30.9046,27.0666,8.99151,47.6567
9966,4862,4122,3586,3279,8336,4872,3740,3382,8228,5007,3726,3406,4725,4132,3507,3189,-0.189889,-30.6304,8.70331,48.066
9967,3186,3328,3544,3466,3306,3548,3891,3845,3695,4187,5735,5476,3709,4976,8866,7767,22.6313,12.8776,8.51946,48.35
9968,3347,3489,3800,3546,3600,4303,4986,4141,3852,5670,8088,5052,3802,4588,5467,4581,8.63076,5.4129,8.90465,48.208
9969,3871,3732,3339,3248,5762,4330,3641,3305,9880,5165,3796,3417,6363,4886,3730,3299,8.43648,-32.2805,8.7133,47.8427
9970,7286,7994,4520,3668,6044,6395,4217,3732,4038,4123,3568,3350,3449,3479,3314,3121,-18.7077,-13.7775,8.59122,48.1987
9971,3481,4196,5673,5251,3624,4584,7989,6404,3343,3875,4893,4648,3195,3543,3751,3798,-9.25597,11.9186,8.88574,48.1653
9972,3242,3296,3214,3107,3948,3845,3502,3263,6647,4724,3813,3384,12178,5949,3905,3274,24.3433,-29.0299,8.72663,47.5273
9973,3456,3554,3322,3114,4058,4364,3708,3485,5389,7306,4961,3766,5675,7305,5036,3843,15.3534,-8.79377,8.83288,48.228
9974,3441,3738,4867,4928,3548,4235,6849,7077,3405,3951,5645,5718,3174,3593,3987,4185,-3.68233,15.8056,8.96258,48.2273
9975,3310,3782,4752,6523,3434,3807,5183,9867,3378,3623,4425,5891,3097,3394,3744,3994,-8.11881,30.9076,8.55169,48.136
9976,3397,3410,3327,3080,3999,4072,3671,3372,5680,6562,4514,3653,6879,8012,4818,3819,18.4275,-11.907,8.54016,48.1767
9977,3228,3308,3449,3412,3246,3430,3763,3900,3331,3751,4762,6058,3365,3819,5941,12476,32.1587,27.5973,8.53323,47.4927
9978,4097,3781,3395,3124,6063,4468,3656,3276,9680,5521,3892,3426,6197,4584,3682,3264,7.00832,-25.0898,8.90232,48.0707
9979,3417,3611,3738,3557,3761,4264,5025,4227,3952,5563,7958,5071,3854,4515,5545,4482,8.29419,5.62681,8.70747,48.36
9980,3325,3376,3332,3248,3626,3880,4089,3834,4161,5835,6571,4590,4401,6181,7025,4698,16.6547,2.18865,8.73457,48.1147
9981,3413,3980,5531,9665,3309,3784,5050,8471,3312,3599,4048,4489,3103,3322,3431,3433,-16.6002,32.3903,8.71966,47.96
9982,3662,3892,3830,3385,4105,5233,4757,3802,4566,7432,6243,4088,4147,4799,4525,3837,5.59851,-2.71578,8.815,48.202
9983,3242,3593,4208,5083,3327,3771,5122,8404,3330,3798,5019,7957,3206,3457,4001,4733,-0.796991,25.6538,8.84174,48.1673
9984,10327,6148,3955,3354,7369,5136,3896,3387,4297,3950,3488,3307,3479,3445,3309,3088,-19.4289,-24.679,8.59189,47.9567
9985,3221,3329,3347,3402,3494,3737,3773,3618,3794,4454,5227,4698,3980,5952,9819,6358,31.1165,7.27858,8.657,48.1353
9986,3142,3321,3481,3691,3286,3599,4381,4939,3437,4205,6456,7967,3383,4034,5892,6769,12.5556,18.3001,8.94587,47.9887
9987,3176,3299,3513,3581,3240,3583,4244,4690,3458,3987,5961,8124,3362,4013,5988,8005,14.8136,20.4647,8.64887,48.1493
9988,4731,8232,8302,4916,4172,4972,5130,4222,3616,3803,3788,3632,3209,3366,3311,3165,-25.7883,0.457397,8.92776,48.378
9989,3086,3265,3421,3310,3386,3507,3899,3759,3822,4680,5860,4789,4029,5857,9401,6117,22.3179,7.6492,8.8161,48.1253
9990,3455,3817,5892,11379,3353,3850,4993,7258,3258,3476,3914,4139,3114,3244,3385,3332,-21.332,28.5025,8.56628,47.906
9991,3428,3526,3543,3348,4029,4398,4034,3671,4534,7242,5939,4155,4629,6517,5583,4071,13.5871,-3.2243,8.86909,48.4313
9992,3343,3363,3229,3117,3690,3867,3707,3505,4394,5160,4763,4030,5350,9070,7224,4190,33.3928,-3.36684,8.53262,48.0013
9993,3343,3820,5415,8465,3412,3857,5362,9018,3322,3540,4091,4871,3084,3269,3522,3698,-14.3364,26.3628,8.63168,48.0593
9994,8502,9525,4847,3598,5237,5196,4085,3542,3900,3774,3608,3250,3344,3411,3220,3027,-28.1414,-13.8286,8.91563,48.044
9995,5142,5377,3987,3393,6810,7739,4314,3511,5059,5158,3883,3366,3771,3780,3466,3272,-7.24096,-13.2535,8.92044,48.0187
9996,3290,3269,3310,3337,3560,3757,3811,3571,4106,4983,4996,4075,4706,8368,8211,4612,31.2633,-0.163907,8.61528,47.9747
9997,4211,6237,7524,4944,4126,5604,6481,4634,3540,3905,4206,3722,3238,3408,3508,3328,-17.5051,3.12242,8.54616,48.4107
9998,12948,6000,3960,3340,6048,4654,3728,3336,3861,3774,3413,3230,3326,3427,3301,3044,-29.7286,-30.2216,8.825,47.5933
9999,3544,3759,3748,3421,4064,4896,4992,3960,4392,7024,6755,4285,4013,4840,4791,4014,6.45776,-0.505715,8.88963,48.332
10000,3323,3335,3285,3369,3396,3621,3907,3636,3863,4409,5339,4781,4018,6097,9780,6188,28.9081,7.20959,8.63456,48.2313
10001,3425,3339,3160,3031,3967,3845,3508,3142,6179,4863,3774,3303,11837,6792,4068,3388,27.5857,-23.5703,8.53068,47.7473
10002,3539,4346,8045,9855,3418,4055,5078,5713,3236,3507,3920,3941,3080,3308,3373,3402,-32.9431,17.5035,8.56171,47.8773
10003,3931,3950,3629,3419,4677,6036,4453,3596,5421,7973,5085,3672,4403,4865,3992,3597,4.37279,-8.45121,8.89861,48.466
10004,3216,3546,3874,3781,3493,3934,5318,4782,3688,4773,8117,6046,3476,4099,5368,4788,7.26448,10.5649,8.9655,48.1993
10005,5132,4338,3572,3161,8955,5223,3752,3346,7286,4826,3781,3269,4392,3874,3550,3293,-2.67783,-30.5664,8.58155,47.8333
10006,4030,4016,3717,3231,5544,6183,4082,3479,6480,7363,4328,3618,4656,4660,3875,3418,3.05027,-13.6464,8.81634,48.4533
10007,3505,4535,8380,9285,3379,4055,5489,5870,3215,3509,3848,3846,3070,3326,3440,3331,-24.1984,16.2638,8.64671,48.0553
10008,6537,9128,5519,3861,5114,5865,4426,3761,3699,3998,3730,3479,3383,3368,3283,3085,-22.1274,-9.46458,8.85502,48.1573
10009,11880,6698,3992,3359,6370,4874,3739,3493,3982,3902,3468,3241,3312,3410,3280,3083,-25.6576,-23.968,8.89269,48.0553
10010,6510,4741,3729,3279,9866,5267,3840,3506,5875,4487,3530,3288,3861,3767,3371,3220,-8.15918,-30.4452,8.72684,48.0913
10011,5775,7366,4887,3893,5430,7152,4760,3669,3974,4288,3721,3405,3435,3555,3317,3183,-15.6767,-8.93973,8.75078,47.8733
10012,3381,4141,6649,10008,3434,3984,5377,7114,3296,3551,4024,4127,3157,3174,3340,3457,-20.537,21.2242,8.53003,48.1427
10013,3975,6230,9743,5995,3963,4550,5136,4556,3438,3592,3817,3712,3149,3265,3374,3274,-29.5478,6.65774,8.64784,47.846
10014,5231,4343,3675,3223,8919,5179,3819,3330,7484,4857,3741,3261,4420,4028,3472,3149,-2.35278,-26.7874,8.92269,48.0873
10015,4085,6186,8709,5405,3892,5030,6133,4633,3376,3797,3957,3863,3117,3291,3344,3416,-20.3454,5.12553,8.87507,48.156
10016,5068,4183,3516,3318,8752,5111,3713,3321,7571,4883,3662,3374,4354,4042,3558,3223,-1.74644,-33.4689,8.7733,47.766
10017,3428,3939,6110,12770,3385,3631,4767,6153,3313,3349,3881,4021,3076,3220,3376,3370,-27.2337,30.4448,8.95418,47.8593
10018,3308,3286,3276,3232,3717,3680,3752,3382,4340,5144,4569,3979,5414,9364,7120,4359,26.4484,-3.84901,8.8729,47.948
10019,3167,3383,3678,3802,3408,3685,4403,5932,3389,3788,5364,9952,3304,3828,4768,6201,7.74509,32.7603,8.71487,48.0347
10020,3426,3879,5993,12729,3356,3740,4731,6009,3114,3420,3698,3937,3174,3339,3261,3413,-29.9931,32.5342,8.64855,47.4793
10021,3568,4188,5082,5192,3481,4433,7652,6720,3504,3928,5296,4967,3265,3598,4023,3936,-6.38344,13.401,8.52405,48.5553
10022,3901,4290,3895,3608,4551,6406,5104,3994,4468,6743,5261,3954,3974,4317,4015,3532,0.0245758,-4.23142,8.59859,48.0087
10023,3596,4174,6164,5830,3598,4406,7666,6764,3384,3795,4584,4555,3261,3387,3687,3676,-11.2,13.2172,8.87923,48.3513
10024,3465,3465,3247,3064,4049,4302,3770,3407,5388,7451,4775,3732,5808,7416,4968,3707,15.3223,-9.23127,8.86828,48.0093
10025,3229,3336,3551,3475,3417,3907,4261,3997,3835,4845,7070,5024,3900,5445,7759,5339,16.3103,7.09869,8.69552,48.26
10026,12094,6517,3978,3421,5968,4866,3832,3449,3972,3786,3457,3137,3471,3352,3307,3076,-32.3374,-24.4833,8.62181,47.7887
10027,3122,3283,3360,3467,3353,3710,3925,3803,3632,4289,5659,5139,3690,5287,9440,7069,24.174,10.7656,8.80514,48.152
10028,3100,3193,3572,3384,3150,3638,3751,3963,3439,3956,4936,6038,3477,3909,7172,11586,28.8754,21.6826,8.62326,48.176
10029,3116,3295,3428,3450,3245,3440,3859,3878,3349,3776,4749,6066,3413,3893,6128,12540,32.774,26.7591,8.69191,47.75
10030,3357,3989,6062,12260,3410,3935,4863,6424,3153,3422,3808,4062,3008,3231,3339,3301,-25.319,28.058,8.59653,47.7493
10031,11909,6698,3982,3427,5938,4860,3945,3318,3891,3801,3517,3275,3549,3434,3152,3113,-28.3614,-24.3888,8.60348,47.8727
10032,4191,4120,3672,3389,5501,6076,4277,3521,6129,7237,4434,3430,4558,4602,3931,3393,2.47885,-12.4936,8.9837,48.3073
10033,4435,4109,3596,3217,7161,4849,3672,3335,8677,5501,3801,3296,5104,4422,3611,3350,2.38429,-23.4078,8.63288,48.0907
10034,6269,8142,4991,3693,5471,6806,4558,3592,4038,4131,3667,3421,3429,3555,3354,3131,-17.8907,-9.94281,8.78983,48.1653
10035,3397,3689,3676,3522,4003,4871,4670,3934,4469,7047,6633,4282,4207,5141,4963,4060,8.24507,-0.700501,8.61524,48.376
10036,3362,3453,3129,3045,4025,3929,3472,3271,6733,5167,3849,3402,10926,6740,4216,3384,22.1142,-21.9171,8.90461,48.0687
10037,6853,8056,4777,3687,5753,6629,4414,3654,4080,4059,3635,3328,3490,3426,3364,3072,-18.0725,-12.3586,8.95884,48.1847
10038,3426,3917,5427,9234,3303,3874,5201,8727,3272,3525,4149,4518,3196,3355,3533,3598,-15.4061,32.8975,8.8183,48.17
10039,4906,7780,7373,4551,4276,5700,5476,4222,3549,3878,3767,3588,3255,3325,3316,3265,-20.7766,-0.775931,8.844,48.1513
10040,3191,3400,3821,4100,3325,3572,4576,6451,3382,3883,5184,9691,3377,3715,4581,5918,5.67773,30.8918,8.50838,48.1113
10041,3751,3702,3407,3139,4829,4212,3571,3175,9368,5146,3861,3413,8150,5163,3740,3288,13.1078,-29.5901,8.64888,47.9433
10042,3460,3394,3265,3125,4262,3875,3451,3134,7303,4904,3889,3431,11143,5977,3911,3400,21.1983,-26.4179,8.56961,47.9493
10043,12122,6445,4075,3282,6346,4989,3812,3377,4010,3816,3530,3229,3456,3311,3160,3060,-25.4769,-25.0104,8.81323,48.0133
10044,3543,3469,3314,2965,4340,4015,3546,3322,8167,5054,3855,3315,10154,5632,3876,3424,17.6051,-31.2634,8.75554,47.994
10045,3060,3268,3430,3383,3349,3610,3998,4075,3526,4120,5936,6015,3529,4562,8206,8137,20.4578,14.9239,8.97309,48.136
10046,3894,3873,3682,3383,5144,5809,4277,3507,6049,7645,4642,3660,4664,4873,3977,3489,4.35516,-11.2787,8.5509,48.3787
10047,3433,4230,7304,10837,3500,3917,5167,6122,3119,3456,3791,4043,3170,3071,3405,3371,-24.3399,20.3641,8.84967,47.9573
10048,4327,5583,4669,3823,5007,7991,5526,3886,4092,4972,4203,3562,3550,3767,3582,3356,-8.87406,-5.41824,8.98663,47.9307
10049,5329,5038,3904,3483,7490,7113,4240,3458,5534,5062,3853,3398,4022,3803,3473,3243,-6.16829,-16.453,8.94438,48.2953
10050,3633,3496,3386,3126,4272,4394,3754,3354,6279,7515,4590,3653,5950,6753,4452,3523,13.5261,-12.2817,8.67584,48.0867
10051,6170,5412,4083,3541,7812,6812,4161,3594,4980,4567,3734,3300,3725,3648,3424,3194,-10.28,-17.2895,8.51881,48.1047
10052,3488,3372,3352,3180,4089,4175,3829,3442,5407,7442,4930,3732,5745,7294,4891,3709,15.1472,-8.70072,8.89881,48.0513
10053,3053,3197,3436,3308,3331,3510,3933,4009,3624,4187,5581,5663,3553,4680,8519,8519,22.9021,15.0418,8.79116,48.0687
10054,3369,3257,3277,3135,3845,3784,3431,3142,6516,4751,3705,3415,12349,6168,3923,3402,25.0472,-33.3802,8.77255,47.646
10055,11262,6131,4010,3375,7124,4962,3806,3383,4129,3881,3494,3225,3363,3403,3178,2966,-21.3443,-26.3553,8.84769,47.7947
10056,3628,3497,3320,3091,5029,4232,3574,3189,9219,5488,3933,3349,7879,5223,3905,3285,12.6438,-24.7906,8.86505,47.894
10057,3265,3426,3707,3665,3375,4018,5020,4523,3658,4758,8053,6093,3578,4317,5673,5156,9.14906,10.8109,8.76098,48.19
10058,3846,3793,3538,3225,4916,5026,3904,3406,6631,7722,4339,3553,5182,5341,4123,3399,7.72295,-13.5361,8.63477,47.9627
10059,3411,4116,6746,11390,3376,3923,5048,6541,3138,3348,3793,4081,3135,3297,3404,3452,-24.578,23.0008,8.56206,48.1327
10060,3613,4391,7995,9735,3473,4028,5385,5954,3237,3610,3847,4001,3062,3206,3362,3406,-23.7687,17.7322,8.79881,48.2033
10061,12197,6196,3946,3438,6406,4824,3769,3441,3903,3910,3526,3167,3423,3328,3104,3198,-26.8397,-26.3835,8.5391,47.8507
10062,3777,3619,3385,3167,5096,4236,3695,3337,9635,5186,3803,3353,8079,5047,3772,3370,12.3961,-29.3156,8.81456,48.3713
10063,3471,4080,6789,11332,3408,3878,4985,6369,3065,3483,3862,4002,3161,3223,3384,3400,-23.7266,22.0818,8.76553,47.928
10064,3444,3838,5880,11593,3349,3825,4934,6803,3220,3520,3934,4112,3139,3328,3448,3410,-22.7371,32.4018,8.7099,47.8513
10065,3364,3602,3816,3683,3519,4269,5372,4476,3756,5218,8052,5392,3693,4274,5215,4631,6.63117,7.48469,8.73458,48.2213
10066,3454,3885,5623,9992,3363,3963,5159,8194,3343,3442,3983,4349,3206,3210,3351,3358,-17.6739,33.6429,8.8338,47.9167
10067,3072,3248,3388,3421,3199,3466,3942,4160,3460,3849,4958,6594,3399,4034,6442,11612,23.6865,24.3319,8.59828,48.1627
10068,3356,3812,4423,4132,3620,4447,6962,5265,3608,4488,6928,5471,3485,3846,4280,4165,-0.0286751,10.1412,8.89044,48.192
10069,12748,5864,3791,3268,6128,4654,3588,3343,3909,3776,3400,3182,3526,3446,3326,3178,-32.6597,-30.5791,8.83732,47.418
10070,3240,3384,3284,3276,3534,3852,3959,3722,4086,5100,5932,4436,4393,7023,8192,5118,21.1887,2.79699,8.88416,48.354
10071,3567,3389,3331,3122,4153,4119,3609,3362,6860,6276,4092,3460,7851,7035,4420,3573,16.9631,-16.0604,8.88271,48.146
10072,3356,3807,5023,7646,3410,3807,5245,9540,3254,3691,4171,4994,3172,3379,3731,3736,-11.8465,28.6861,8.58634,47.9747
10073,3029,3279,3640,3783,3291,3620,4277,4791,3412,4073,6151,8473,3394,3965,5751,7594,13.0033,20.3283,8.87998,48.3487
10074,3346,3464,3319,3312,3504,3744,3651,3526,4234,4875,4850,4157,4853,8583,7795,4528,31.5566,-0.959239,8.79255,47.8273
10075,3106,3140,3513,3464,3262,3614,3950,4029,3436,3964,5316,6649,3485,4091,6976,10068,21.5621,20.2337,8.66326,48.042
10076,7137,5113,3862,3341,9931,5171,3829,3421,5226,4199,3541,3356,3804,3620,3359,3151,-10.6916,-33.8329,8.8757,48.0407
10077,3300,3713,4230,4332,3477,4046,6139,6318,3526,4176,6646,6505,3400,3677,4421,4591,0.808231,15.114,8.68592,48.3313
10078,3433,3452,3253,3157,4019,3781,3513,3232,6139,4779,3842,3240,12663,6171,3835,3370,28.0748,-28.8699,8.69632,47.9193
10079,3654,3525,3356,3048,4909,4209,3539,3287,9089,5444,3880,3414,8208,5552,3853,3348,13.6226,-24.586,8.58399,48.21
10080,3545,3577,3477,3263,3899,4504,4049,3620,4970,7519,5583,4040,4771,6657,4976,3962,12.9645,-5.20619,8.58531,48.2747
10081,8267,9174,4866,3532,5299,5145,4155,3648,3747,3918,3572,3276,3367,3372,3235,3208,-33.1845,-13.4235,8.84077,47.854
10082,4493,4286,3708,3328,6313,6239,4217,3454,6312,6353,4292,3543,4347,4333,3718,3357,-0.176647,-14.9411,8.52445,48.1953
10083,8006,5270,3857,3334,9164,5147,3842,3428,5005,4132,3614,3245,3750,3688,3278,3098,-12.979,-30.7719,8.67665,47.9053
10084,3105,3159,3325,3371,3416,3769,4029,3755,3809,4826,6334,4858,4061,5784,8669,5674,19.982,6.19758,8.94838,47.9627
10085,3301,3353,3657,3522,3453,3840,4641,4329,3658,4757,7925,5836,3701,4631,6295,5402,11.9498,9.72283,8.75669,48.2007
10086,3208,3241,3388,3262,3481,3670,3889,3828,3832,4410,5174,4778,3896,5881,9968,6238,33.0789,7.75699,8.76417,48.096
10087,4797,8193,8320,4806,4097,5078,5063,4215,3462,3839,3738,3641,3286,3282,3350,3193,-26.7894,0.317559,8.60206,48.24
10088,4202,5956,7545,4975,3992,5394,6653,4671,3542,3926,4049,3730,3271,3315,3466,3330,-17.2103,3.93261,8.61201,48.0113
10089,6308,9364,5722,3974,4831,5882,4576,3759,3735,3914,3669,3513,3277,3404,3331,3219,-23.2085,-7.85004,8.82447,48.3187
10090,3200,3342,3432,3203,3598,3774,3718,3572,4223,5202,5002,4078,5022,8641,7783,4548,25.4933,-1.31246,8.95282,48.2253
10091,3416,3498,3486,3346,3733,4220,4250,3691,4500,6876,6442,4250,4416,6086,5735,4306,13.2501,-1.04499,8.50109,48.1673
10092,3339,3292,3241,3126,3859,3758,3412,3216,5862,4886,3801,3427,12464,6064,3855,3553,29.0065,-33.4742,8.5953,47.4367
10093,3258,3667,4510,5609,3314,3886,5318,9240,3346,3687,4794,6600,3172,3545,3772,4221,-5.00951,25.4386,8.55996,47.9593
10094,4535,3987,3531,3210,7154,5181,3844,3427,8426,5846,3904,3345,4897,4320,3674,3192,2.27171,-21.02,8.8338,48.3153
10095,3566,4089,5702,5647,3629,4491,7625,6666,3414,3841,4866,4538,3359,3424,3709,3789,-10.0209,13.0032,8.56252,48.2367
10096,3684,4623,7376,6472,3626,4364,7191,6066,3322,3735,4277,4125,3101,3273,3499,3495,-15.6018,12.4823,8.96404,48.1527
10097,3659,4631,8814,8990,3596,4120,5204,5362,3277,3648,3767,3944,3116,3188,3291,3325,-26.7596,15.0082,8.96615,47.9547
10098,3134,3405,3441,3359,3373,3748,4061,3795,3851,4794,6597,5015,4070,5481,8398,5843,18.7162,7.50307,8.57389,48.2433
10099,3171,3262,3435,3323,3339,3457,3916,4194,3409,4021,5555,6788,3502,4155,6989,9396,20.3241,19.0719,8.82897,47.9413
10100,4226,4316,3791,3419,5541,6719,4392,3578,5608,6911,4489,3698,4402,4347,3851,3360,0.50668,-11.5072,8.68,48.432
10101,3168,3234,3422,3288,3407,3502,3846,3724,3633,4231,5400,5095,3806,5285,9807,7364,30.2241,10.64,8.68906,48.1413
10102,4393,7110,9078,5364,3796,4701,4942,4467,3591,3615,3782,3613,3160,3408,3450,3346,-31.2309,3.3546,8.56651,47.8773
10103,7833,5218,3827,3262,9395,5388,4012,3406,4837,4325,3672,3200,3665,3646,3389,3113,-12.5714,-24.7985,8.72998,48.1253
10104,3317,3868,6038,12635,3379,3709,4741,5937,3240,3344,3850,3876,3184,3257,3422,3459,-31.7821,27.3319,8.8296,47.504
10105,3457,4320,8338,9761,3619,4037,5095,5521,3229,3536,3898,4025,3105,3254,3469,3363,-33.4659,16.7707,8.954,48.018
10106,3416,3879,6155,12800,3497,3737,4693,6027,3167,3401,3803,3943,3121,3231,3374,3322,-29.1974,28.3995,8.93762,47.7107
10107,4421,6346,7039,4750,4192,5990,6341,4387,3576,4033,4092,3716,3217,3374,3421,3283,-16.4977,1.31404,8.51975,48.1187
10108,3339,3914,6531,11956,3354,3898,4834,6354,3182,3523,3855,4034,2975,3307,3338,3483,-25.7024,25.0785,8.5032,47.918
10109,5957,9878,6209,4124,4686,5281,4602,3768,3715,3810,3638,3337,3316,3383,3340,3107,-27.446,-6.43708,8.67937,48.1007
10110,3100,3329,3638,3658,3130,3543,4123,5103,3364,3775,5179,9699,3385,3826,4999,8179,12.7783,30.0009,8.96568,48.02
10111,3178,3298,3387,3202,3526,3657,3814,3632,3866,4605,5287,4378,4293,7105,9389,5334,31.4293,3.95037,8.91366,47.9673
10112,3616,3573,3366,3099,4391,4338,3734,3365,6292,7233,4354,3582,6511,6831,4453,3595,14.3992,-13.2091,8.67129,48.222
10113,11884,6088,3940,3400,6812,4817,3815,3431,3883,3902,3417,3215,3458,3338,3261,3135,-23.8553,-29.013,8.50382,47.864
10114,3143,3674,4486,5151,3360,3872,5051,9152,3350,3656,4711,7390,3225,3461,4029,4504,-2.54713,31.7165,8.65307,48.1433
10115,5753,9272,6456,4218,4598,5697,4577,3915,3693,3783,3619,3467,3247,3326,3351,3192,-22.9398,-5.56424,8.8616,48.1093
10116,3318,3359,3327,3247,3512,3847,3779,3459,4330,5143,4738,3997,5029,8968,7488,4583,26.3791,-2.10298,8.75773,48.0827
10117,3110,3279,3521,3643,3238,3650,4209,4173,3494,4170,6560,6614,3582,4377,7063,7145,16.1738,14.9444,8.73504,47.8853
10118,3434,3645,3843,3628,3671,4481,5094,4138,3908,5920,7799,4760,3857,4487,5134,4278,7.28515,3.81205,8.74431,48.0513
10119,3296,3557,3848,3808,3452,3972,5241,5014,3569,4389,7781,6639,3440,4042,5055,5094,6.2457,13.1332,8.80769,48.1313
10120,3464,3422,3373,3213,3995,3974,3756,3401,5205,6515,4533,3829,6433,8594,5130,3874,19.0972,-9.40722,8.73583,48.474
10121,5012,4254,3704,3195,9097,4901,3748,3320,7884,4798,3687,3284,4516,3955,3520,3200,-1.97665,-30.4702,8.93997,48.05
10122,11385,6146,4092,3413,7160,4921,3694,3387,4195,3889,3431,3177,3355,3361,3242,3054,-21.5526,-26.4552,8.66927,47.9347
10123,9820,5654,3941,3230,8438,5132,3832,3299,4460,3948,3554,3234,3461,3515,3245,3061,-17.1611,-27.3322,8.83249,47.8827
10124,3489,3985,6140,12473,3473,3720,4712,6022,3185,3409,3711,3858,3153,3232,3352,3334,-28.7313,33.9798,8.87371,47.4987
10125,4595,4092,3576,3230,8023,4903,3766,3355,8449,4879,3668,3332,4894,4149,3393,3356,0.592808,-30.7077,8.5269,47.7733
10126,3312,3515,3675,3678,3394,4023,4884,4410,3629,4700,7949,6044,3619,4466,5818,5125,9.68182,10.7875,8.673,48.1607
10127,3423,3819,4126,3761,3737,4598,5752,4442,3838,5410,7889,5054,3687,4262,4815,4260,4.62554,5.77891,8.76623,48.582
10128,12527,5970,3944,3424,5911,4768,3784,3445,3793,3634,3395,3214,3366,3473,3250,3231,-30.2793,-32.7549,8.86319,47.4193
10129,3213,3266,3447,3334,3345,3645,3693,3561,3821,4472,5185,4432,4082,6327,9767,6016,30.4487,5.95108,8.81421,47.7373
10130,8815,9012,4713,3554,5309,5189,4200,3624,3861,3855,3499,3334,3319,3368,3262,3068,-29.5172,-14.6284,8.55249,47.988
10131,9369,8450,4394,3457,5625,5023,4132,3526,3874,3891,3505,3293,3454,3481,3197,3195,-33.7576,-16.1715,8.63742,47.9107
10132,3133,3302,3331,3391,3276,3643,3769,3804,3532,4185,5149,5586,3579,4560,8646,9404,26.9784,15.8421,8.91291,48.1933
10133,3166,3209,3405,3495,3284,3549,3954,4157,3431,3787,4957,7269,3372,3971,5785,11193,21.2221,31.3435,8.62154,47.9893
10134,4622,4388,3686,3191,7485,5853,4087,3427,7261,5681,3922,3283,4536,4143,3623,3317,-0.889448,-19.5919,8.99593,48.3367
10135,4631,6847,6805,4553,4339,6015,6068,4299,3669,3991,4091,3565,3209,3366,3455,3275,-17.1081,-0.188292,8.6628,48.1187
10136,3127,3365,3749,3845,3294,3601,4367,5397,3241,3798,5447,9774,3306,3798,5055,7203,10.5088,26.7772,8.82402,48.2447
10137,4648,6292,5156,4054,4886,7675,5705,3948,4024,4551,4142,3621,3507,3625,3535,3225,-11.9251,-4.79278,8.94282,48.396
10138,3410,3356,3275,3085,3902,3953,3554,3432,5232,5863,4337,3544,7400,9109,5086,3736,22.6954,-11.8877,8.85419,48.1827
10139,5991,7101,4578,3597,6066,7229,4496,3725,4118,4357,3719,3408,3592,3574,3286,3218,-14.6264,-11.5886,8.75641,48.0367
10140,3342,3742,5799,10753,3357,3780,4956,7650,3238,3505,3953,4173,3177,3197,3364,3489,-19.2838,27.3589,8.69582,47.65
10141,3258,3475,3499,3393,3796,4215,4144,3683,4379,6623,6295,4201,4434,6304,6106,4272,14.3252,-0.701049,8.79664,48.0513
10142,3580,3530,3273,3088,4336,4088,3593,3272,7624,5795,4097,3466,8445,6156,4081,3401,16.125,-20.2083,8.64613,47.8833
10143,3847,4329,4259,3779,4284,6506,5951,4076,4209,5792,5635,4079,3811,4058,3886,3674,-1.53405,-1.08949,8.74007,48.1167
10144,4539,5832,4789,3990,5013,7893,5700,3988,3928,4723,4085,3630,3600,3642,3510,3377,-10.7487,-5.14178,8.79031,48.1593
10145,3861,5234,8866,6529,3657,4431,6048,5228,3392,3660,4011,3880,3193,3354,3316,3414,-21.0019,9.82767,8.56917,48.0493
10146,3316,3429,3416,3163,3820,3904,3733,3326,4728,5979,4785,3807,6002,9394,5985,3956,22.0017,-7.01311,8.80742,48.4953
10147,3453,3405,3257,3094,4113,3824,3352,3251,7310,4911,3805,3340,11271,5800,3982,3377,20.4923,-33.1073,8.95919,47.6967
10148,3111,3374,3612,3595,3381,3777,4434,4401,3630,4534,7524,6270,3678,4492,6657,5866,12.9054,12.078,8.74338,48.224
10149,3279,3327,3383,3279,3590,3771,3702,3539,4300,5052,4958,4119,4916,8472,7791,4701,26.5563,-1.16834,8.59827,48.1193
10150,3234,3955,6150,12677,3401,3871,4701,6037,3185,3355,3775,3960,3348,3214,3249,3397,-31.4012,27.5463,8.77646,47.6727
10151,4013,6183,9749,6150,3834,4589,5420,4651,3330,3595,3809,3731,3171,3389,3390,3302,-26.4353,6.90828,8.89385,48.204
10152,3328,3491,3580,3418,3617,4088,4558,3968,4042,5940,7438,4690,3991,5231,6339,4660,12.2085,3.80608,8.63631,48.2527
10153,3215,3367,3831,3902,3305,3712,4545,5646,3410,3800,5160,9950,3279,3722,4863,6448,8.21247,33.4562,8.94462,48.1033
10154,3394,3961,6154,11613,3298,3814,4791,7069,3211,3469,3874,4152,3126,3189,3437,3382,-22.1187,25.996,8.85812,47.956
10155,3324,3965,6566,12331,3314,3832,4818,5857,3207,3504,3729,3957,3096,3372,3388,3363,-28.9907,25.2014,8.74229,47.7487
10156,3062,3178,3373,3410,3357,3578,3748,3670,3630,4521,5384,4853,3970,6031,10016,6432,27.6374,7.87252,8.91103,48.142
10157,8674,9257,4898,3682,5116,5150,4020,3539,3881,3770,3593,3342,3431,3437,3305,3146,-31.441,-13.748,8.78683,48.1607
10158,3216,3392,3873,3854,3317,3827,4990,5395,3496,4269,7193,7543,3409,4039,5061,5563,7.42606,16.0604,8.98649,48.2913
10159,3393,3810,4081,3981,3694,4430,6209,5002,3686,4722,7407,5429,3486,4050,4701,4400,2.8164,9.20527,8.53686,48.3207
10160,7804,5363,3832,3338,9024,5572,3847,3323,4971,4112,3544,3369,3632,3687,3362,3137,-12.8225,-23.84,8.54084,47.9447
10161,3376,3831,5783,12182,3382,3760,4604,6029,3259,3422,3745,3959,3230,3425,3432,3428,-33.8524,32.9427,8.53257,47.2313
10162,3412,3350,3240,3138,4128,3833,3507,3191,6724,5000,3715,3327,11897,6184,3906,3338,23.555,-26.8781,8.68975,47.9267
10163,2984,3258,3439,3371,3288,3558,3823,3924,3452,4007,5303,5717,3416,4375,8279,9740,25.3891,17.0605,8.68328,47.956
10164,4217,6986,9425,5352,3966,4722,5288,4419,3483,3756,3759,3596,3258,3275,3382,3270,-32.3098,4.14859,8.62706,48.1027
10165,9507,8483,4404,3498,5591,5033,3956,3458,3905,3809,3479,3311,3336,3316,3276,3199,-30.6453,-16.4417,8.75192,47.7073
10166,3237,3487,3669,3668,3514,4103,5037,4377,3758,4885,8099,5652,3591,4459,5549,4800,8.93605,8.74611,8.68721,47.9233
10167,8343,9095,4649,3542,5232,5161,4093,3399,3769,3880,3672,3287,3370,3501,3240,3219,-33.3339,-13.736,8.56546,47.6347
10168,3388,3927,5293,9589,3314,3877,5090,8691,3170,3584,3943,4610,3180,3335,3499,3648,-16.1517,30.6201,8.92218,48.092
10169,2980,3348,3560,3502,3422,3670,4147,4515,3411,4077,6049,7620,3503,4143,6245,8053,15.2794,19.4172,8.55792,48.1633
10170,4162,3804,3326,3150,5949,4631,3622,3297,9626,5725,3942,3322,5976,4651,3763,3303,7.29881,-23.9358,8.8266,48.166
10171,4011,5334,7818,5511,3813,5072,7009,5017,3480,3876,4073,3877,3152,3355,3476,3345,-16.8432,6.79093,8.79563,48.146
10172,3090,3105,3443,3425,3097,3332,3830,4105,3298,3803,5028,7419,3399,4006,6052,11446,21.3914,27.6234,8.95312,47.9187
10173,3382,3657,4413,4850,3351,4010,6091,7355,3398,3786,5691,6826,3238,3633,4215,4538,-1.21206,18.566,8.97269,48.2893
10174,3214,3353,3370,3397,3347,3651,3774,3736,3695,4381,5242,4736,3759,5774,9917,6726,31.4917,8.39914,8.71147,48.048
10175,3414,3375,3247,3187,4009,3740,3433,3251,6090,4887,3836,3344,12339,6334,3881,3405,33.0848,-25.4954,8.62079,47.848
10176,3488,3365,3340,3157,3946,3821,3388,3276,6642,4803,3744,3381,11947,6013,3992,3402,23.7248,-31.6238,8.61375,47.8033
10177,3264,3586,4134,4770,3294,3795,5433,7845,3364,3771,5319,7777,3254,3548,4073,4819,-0.323144,22.536,8.66918,48.0307
10178,3749,4939,8876,6807,3621,4421,6447,5506,3272,3695,4024,3870,3170,3251,3370,3309,-19.7075,11.4636,8.9551,48.218
10179,3234,3926,5477,9196,3526,3915,5332,8643,3195,3467,3981,4699,3085,3211,3541,3531,-15.6688,26.5839,8.76856,47.9727
10180,4683,4140,3531,3333,7845,5248,3801,3456,7899,5306,3780,3264,4715,4163,3605,3237,0.187357,-22.3565,8.51785,48.004
10181,5099,8014,6227,4256,4599,6252,5266,4033,3705,4082,3872,3629,3394,3436,3407,3196,-18.5502,-3.6667,8.68235,48.3113
10182,4955,4273,3536,3194,8626,5066,3739,3304,7973,5117,3729,3272,4598,4136,3505,3254,-1.0295,-26.8679,8.94143,48.1847
10183,3252,3533,4172,4661,3397,3658,4834,7847,3355,3783,5121,8291,3201,3549,4187,4961,0.665997,26.6504,8.56726,47.868
10184,3141,3250,3356,3418,3295,3578,3861,3680,3709,4209,5322,4932,3768,5364,9965,7132,30.3092,10.4293,8.82212,47.9867
10185,6808,4886,3808,3338,9922,5289,3836,3350,5507,4275,3631,3271,3835,3637,3268,3285,-9.64389,-27.5891,8.90788,47.964
10186,3342,3421,3533,3274,3672,4095,4052,3676,4235,6093,6226,4245,4428,6597,6574,4495,16.2226,0.0333757,8.72664,47.972
10187,3429,3523,3103,3086,4505,4029,3544,3198,7707,5827,3941,3397,8844,6423,4019,3484,17.1962,-20.6173,8.76193,48.0393
10188,9975,8175,4309,3464,5642,5083,4009,3326,3929,3761,3545,3239,3376,3568,3211,3020,-33.1013,-18.0051,8.80488,47.7547
10189,4840,4801,3866,3448,6633,7368,4344,3612,5288,5599,4012,3393,4067,4016,3650,3295,-4.55571,-13.5265,8.98224,48.1547
10190,3172,3323,3483,3274,3557,3737,3978,3712,4141,5678,5986,4307,4472,7039,7430,4623,19.2831,0.969115,8.50552,47.9413
10191,3381,3627,4045,4064,3545,4286,5893,5011,3649,4568,7781,5790,3545,3938,4718,4517,3.80327,10.5846,8.71104,48.2387
10192,6014,4484,3749,3310,9610,5221,3735,3335,6276,4544,3744,3303,4167,3781,3372,3246,-6.00887,-29.3259,8.5872,47.9273
10193,4543,7502,7638,4765,4056,5448,5548,4345,3617,3856,3951,3658,3258,3417,3383,3203,-21.0342,0.52057,8.90276,48.1253
10194,3331,3528,4193,5019,3319,3555,5097,8860,3216,3662,4817,7762,3197,3604,4027,4546,-1.66896,29.0324,8.78133,47.822
10195,3799,5236,8446,6082,3667,4811,6796,5282,3413,3796,4116,3933,3310,3249,3495,3364,-18.329,8.60841,8.90134,48.53
10196,3193,3652,3819,3961,3556,3976,5383,4882,3552,4525,7893,6272,3659,4068,5002,5027,6.43795,11.6384,8.63917,48.28
10197,4371,6241,6606,4522,4289,6150,6376,4318,3765,4010,4103,3710,3396,3468,3555,3366,-15.4938,0.612832,8.61474,48.164
10198,3586,4395,6244,5409,3716,4700,7903,6039,3447,3846,4671,4448,3285,3464,3547,3553,-11.1877,10.5824,8.82837,48.1687
10199,3145,3376,3674,3738,3204,3556,4371,5129,3358,4032,6234,8707,3401,3955,5240,6871,10.9725,20.4962,8.76237,47.994
10200,3350,3336,3202,3100,4016,3791,3523,3212,6558,4751,3727,3438,12377,5997,3909,3378,25.8646,-28.4484,8.97082,47.7767
10201,3052,3250,3394,3370,3244,3484,3844,3944,3430,3734,4868,6146,3399,4026,6654,12071,27.2975,24.3293,8.65284,47.94
10202,9858,5730,3917,3379,8179,5229,3846,3296,4346,4101,3482,3254,3594,3469,3244,3082,-17.5986,-26.4094,8.51391,48.004
10203,5452,5705,4240,3461,6685,7815,4507,3721,4660,4982,3840,3502,3753,3723,3449,3259,-9.32208,-12.9848,8.79365,48.5027
10204,5089,5778,4336,3526,6150,7909,4627,3697,4506,5081,3894,3437,3717,3796,3449,3285,-9.14217,-11.438,8.55526,48.1847
10205,3180,3416,3869,4270,3247,3609,4620,6458,3439,3798,5409,9795,3210,3731,4554,5909,5.58632,26.0692,8.84601,48.3427
10206,3492,4444,8407,9727,3493,3987,5303,5772,3221,3516,3734,3935,3035,3228,3403,3336,-24.9256,16.967,8.99279,48.022
10207,3333,3317,3253,3041,4011,3831,3478,3163,6000,4985,3852,3420,12024,6734,3912,3455,28.0962,-23.2899,8.81256,47.8727
10208,4374,5671,4979,3947,4710,7384,6201,4115,4066,4717,4422,3620,3526,3531,3538,3400,-9.86639,-2.71133,8.83662,48.134
10209,3432,3890,6062,12483,3397,3792,4837,6290,3255,3377,3728,3938,3106,3236,3413,3344,-27.0356,30.4055,8.69647,47.72
10210,11322,7248,4133,3423,5850,5024,3837,3502,3943,3888,3421,3259,3369,3375,3217,3176,-30.0247,-20.8177,8.90821,47.9913
10211,9926,8153,4427,3427,5898,5348,3986,3408,3965,3862,3479,3325,3279,3412,3183,2975,-24.7966,-17.6725,8.86395,48.0353
10212,4467,7657,8885,5198,3989,4893,5067,4275,3470,3737,3808,3529,3127,3371,3329,3217,-32.3195,2.01946,8.92097,48.0127
10213,4682,4458,3684,3321,7030,6316,4093,3530,6410,5928,3971,3357,4396,4315,3565,3265,-1.3339,-17.0776,8.81812,48.214
10214,10246,6164,4016,3365,7442,5223,3834,3450,4284,3965,3496,3214,3454,3499,3193,3084,-19.3835,-24.0067,8.60036,47.9527
10215,3255,3497,3643,3505,3421,3879,4696,4379,3677,4636,7805,6243,3587,4442,6356,5693,11.7578,11.592,8.54851,48.476
10216,3354,3301,3176,3048,3970,3829,3545,3227,5587,5325,4008,3439,10068,8050,4485,3606,26.2269,-17.3758,8.83029,48.012
10217,3765,5385,9087,6438,3753,4465,6074,5124,3445,3654,4002,3761,3148,3358,3286,3393,-21.198,9.25069,8.87132,48.092
10218,3270,3247,3163,3191,3752,3914,3685,3241,4923,5386,4296,3679,6987,10098,5508,3879,26.8474,-9.61442,8.98706,48.146
10219,3069,3330,3315,3448,3310,3677,3761,3790,3640,4384,6045,5031,3829,5300,9227,6889,22.1833,10.0578,8.67381,48.03
10220,3091,3225,3494,3555,3383,3540,4082,4273,3501,3849,5683,7459,3478,4085,6401,9284,17.7505,21.2963,8.91571,48.2553
10221,3431,4040,5695,7344,3365,4025,6169,8392,3241,3618,4306,4767,3113,3363,3705,3748,-12.9448,19.8919,8.63658,48.2147
10222,3553,4672,8680,8738,3491,4112,5411,5488,3265,3485,3884,3956,3174,3223,3318,3297,-24.3375,15.1026,8.60992,47.8313
10223,3358,3969,5997,9406,3377,3730,5414,8114,3193,3572,4203,4476,3122,3301,3413,3532,-16.8072,24.0216,8.58433,48.118
10224,5952,8425,5240,3900,5128,6679,4770,3795,3947,4113,3696,3444,3317,3327,3352,3287,-18.5055,-8.42418,8.54766,48.248
10225,3107,3333,3529,3664,3255,3587,4023,4438,3356,3956,6010,7633,3523,4018,6332,8214,15.7888,19.1125,8.91286,47.9853
10226,4853,8614,7753,4377,4333,5060,4836,3997,3578,3763,3737,3605,3296,3339,3297,3238,-33.6039,-1.42223,8.53405,47.784
10227,9490,8352,4544,3542,5506,5019,4106,3526,3977,3869,3510,3300,3446,3363,3230,3070,-32.2884,-16.6012,8.72408,47.9
10228,4397,4066,3515,3232,6712,5276,3794,3280,8232,6080,3964,3316,5116,4582,3644,3231,3.05669,-19.9467,8.93579,48.2913
10229,3797,5340,9564,6785,3722,4401,5815,4986,3352,3653,3842,3756,3183,3183,3383,3356,-22.7667,9.3468,8.84378,48.0787
10230,3436,4359,8493,9812,3504,4051,5132,5412,3155,3552,3806,4027,3130,3316,3443,3417,-32.7878,16.8671,8.56223,48.03
10231,3271,3299,3215,3214,3619,3919,3666,3462,4498,5431,4656,3934,5524,9444,6758,4311,26.2152,-3.82863,8.51918,48.1473
10232,3418,3431,3366,3128,3943,3786,3414,3326,5987,4787,3781,3420,12481,5754,3822,3405,33.7927,-30.1501,8.58711,47.4993
10233,3255,3229,3374,3391,3346,3589,3893,3903,3569,4133,5118,5327,3597,4669,9028,8309,31.7484,13.9416,8.71012,47.82
10234,3146,3240,3439,3407,3329,3466,3751,3778,3324,3973,5180,6098,3409,4236,7521,10823,26.5298,19.7982,8.63784,48.08
10235,3289,3914,6035,12523,3396,3809,4708,5964,3277,3442,3698,3822,3211,3270,3390,3340,-29.566,32.5219,8.6253,47.392
10236,7300,9584,5276,3858,5091,5370,4231,3714,3822,3889,3534,3258,3233,3381,3238,3204,-26.1432,-10.9385,8.66469,47.9887
10237,3116,3344,3669,3661,3381,3795,4628,4577,3681,4531,7758,6710,3574,4347,5889,5689,10.8471,13.4353,8.99721,48.2333
10238,4412,7161,9037,5268,4066,4848,5382,4339,3418,3654,3899,3653,3259,3294,3338,3279,-24.3285,3.073,8.83294,48.2047
10239,3335,3447,3234,3194,3806,3750,3602,3397,5213,5492,4189,3646,7455,9636,5248,3797,25.8052,-11.3168,8.7199,48.294
10240,3447,3358,3234,3012,3976,4000,3591,3164,5688,6160,4320,3687,7659,8433,4776,3472,20.2261,-13.1802,8.97776,47.9847
10241,3064,3256,3538,3509,3288,3477,3927,4202,3332,3768,5017,7419,3269,4061,5805,11058,20.1945,30.2955,8.51759,47.9933
10242,3325,3891,5831,11355,3390,3693,4979,7229,3213,3364,3930,4135,3120,3239,3312,3491,-20.8581,30.7679,8.8044,47.6647
10243,3197,3449,3634,3647,3378,3752,4650,4751,3512,4222,7075,7392,3429,4102,5773,6347,11.2544,16.3372,8.60447,48.2067
10244,4849,4188,3626,3149,8534,4928,3687,3358,8209,4909,3764,3269,4722,4168,3570,3242,-0.360191,-30.2017,8.79143,48.1147
10245,3709,4035,4161,3736,4071,5727,6152,4269,4028,5838,6208,4321,3719,4202,4284,3783,-0.00412399,1.47529,8.56306,48.162
10246,3730,5282,9876,7210,3563,4263,5105,4911,3331,3517,3880,3706,3092,3317,3335,3384,-31.0684,10.8002,8.94454,47.668
10247,3445,3453,3230,3065,4088,3969,3477,3200,6500,4944,3860,3356,11284,6779,3969,3374,23.5399,-22.3769,8.80598,47.9953
10248,3469,3942,5873,12200,3460,3845,4786,6436,3233,3353,3794,4066,3003,3229,3392,3319,-24.3527,31.7985,8.75676,47.6
10249,3988,3923,3568,3237,5217,5160,3761,3391,7260,7103,4342,3564,5235,5036,3848,3458,6.76837,-15.8187,8.55118,48.0607
10250,3442,3617,3715,3517,3862,4627,4619,3987,4234,6878,6822,4329,4076,5070,5048,4106,8.22148,0.149419,8.75833,47.966
10251,11493,7079,4170,3436,5769,4801,3906,3402,4013,3863,3505,3184,3400,3427,3216,3094,-29.9018,-21.793,8.64895,47.8387
10252,3751,3846,3518,3327,4776,5172,3919,3419,6494,7867,4633,3567,5063,5249,4090,3573,7.30061,-12.2919,8.75898,48.176
10253,4074,4876,4454,3799,4676,7550,6085,4012,4132,5502,4785,3861,3739,3833,3770,3488,-4.86837,-3.16896,8.88284,48.424
10254,3374,3388,3236,3120,4320,3942,3428,3264,7480,4978,3805,3407,10990,5789,3930,3403,20.0328,-27.0475,8.97849,47.9027
10255,5957,6368,4313,3624,6741,7398,4458,3500,4460,4512,3655,3375,3703,3654,3435,3127,-12.2151,-13.4119,8.90389,48.1867
10256,6799,10044,5562,3642,4892,5295,4458,3749,3844,3759,3538,3468,3290,3368,3274,3092,-27.9377,-9.24723,8.96879,48.0493
10257,3476,4715,9081,8868,3460,4148,5233,5452,3328,3448,3699,3830,3077,3239,3312,3432,-28.4527,14.647,8.93648,47.8653
10258,3377,3654,4035,3887,3520,4270,5896,4884,3678,4746,7711,5745,3506,4037,4722,4671,4.06954,10.0529,8.92626,48.226
10259,3163,3259,3399,3242,3525,3702,3874,3792,3942,4718,5409,4446,4145,6618,9499,5677,25.445,4.77743,8.75627,48.2733
10260,3929,5622,9902,6583,3689,4451,5215,4862,3498,3634,3829,3776,3229,3182,3472,3452,-32.8041,8.62229,8.71871,48.2167
10261,3109,3343,3623,3597,3287,3763,4553,4626,3431,4301,7325,7267,3513,4151,5947,6283,11.4632,15.3891,8.68178,48.0793
10262,3632,3638,3535,3261,4059,4569,4071,3595,5206,7990,5377,3917,4979,6171,4838,3782,11.1152,-6.80783,8.53418,48.4133
10263,3131,3358,3406,3454,3495,3834,4381,3963,3726,4762,6836,5148,3869,5256,7968,5739,17.2701,8.97816,8.5544,48.2173
10264,3336,3916,5222,7062,3441,4059,5788,9303,3333,3641,4348,5147,3077,3361,3689,3792,-10.8422,23.1937,8.86684,48.3433
10265,9637,8577,4558,3574,5676,5054,4009,3474,3863,3751,3575,3449,3355,3343,3297,3059,-26.4206,-16.8541,8.91518,48.1673
10266,5643,4338,3715,3305,9346,5152,3776,3299,7001,4643,3635,3226,4194,3896,3470,3279,-4.09578,-28.8375,8.55996,47.9453
10267,3471,3864,5100,5385,3406,4327,7258,7394,3344,3803,5151,5239,3104,3562,3835,3866,-6.62013,15.2837,8.96546,48.0727
10268,4454,4218,3543,3134,7826,4915,3743,3390,8484,5169,3789,3391,5056,4117,3572,3276,1.45903,-26.2815,8.63362,48.0513
10269,3101,3196,3346,3321,3219,3378,3887,3992,3325,3882,4864,6149,3474,4014,7024,11926,27.0349,23.1471,8.85443,48.0653
10270,12741,5978,3933,3334,6088,4854,3750,3404,3881,3742,3406,3351,3442,3414,3188,3204,-32.9566,-28.2516,8.79032,47.8067
10271,3338,3599,3852,3874,3599,4133,5650,4746,3696,4832,8037,5815,3540,4158,5071,4457,5.53205,9.55948,8.83609,48.2647
10272,3372,3441,3184,3153,3993,3766,3463,3218,6813,4862,3690,3374,11952,6147,4019,3395,23.3734,-27.6617,8.63762,47.8947
10273,3541,4265,7295,8977,3427,4030,5694,6418,3176,3541,3967,4259,3086,3279,3392,3480,-20.3131,17.9339,8.6648,47.8847
10274,3592,3911,3934,3581,3830,5081,5347,4150,4267,6296,6917,4321,3956,4563,4603,4078,4.08377,1.21156,8.62695,48.2847
10275,3304,3637,4720,6288,3420,3897,5596,9591,3374,3552,4471,5887,3147,3392,3843,3963,-7.35175,24.4116,8.75009,48.0547
10276,3392,3383,3235,3183,3984,3871,3347,3292,6823,4843,3738,3283,11746,5913,3912,3444,23.1266,-31.7395,8.73296,47.5927
10277,5377,9228,7347,4364,4427,5181,4685,3936,3594,3783,3664,3485,3316,3375,3339,3146,-30.0016,-3.17309,8.74879,48.1647
10278,10360,7739,4345,3485,5907,5228,3981,3527,3913,3844,3437,3201,3423,3317,3239,3098,-24.5704,-18.772,8.83846,48.0293
10279,3422,3473,3304,3132,3933,3968,3653,3517,5057,6179,4567,3663,6090,8812,5456,3959,20.3837,-8.53898,8.63337,48.1233
10280,3571,4043,4284,3804,4025,5550,6591,4507,3914,5441,6368,4416,3648,4118,4239,3843,-0.287462,3.04528,8.58961,48.2413
10281,10338,5734,3829,3367,8052,5142,3754,3507,4324,3894,3533,3204,3488,3409,3255,3097,-18.6297,-30.8941,8.54078,47.9513
10282,3350,3875,4882,4952,3581,4313,7397,6916,3381,4017,5445,5411,3304,3621,4088,3942,-5.16148,14.1893,8.65726,48.3167
10283,3420,3630,3621,3491,3573,4117,4693,4021,3992,5667,7820,4850,3968,4986,5862,4693,10.7673,4.57272,8.80943,48.2693
10284,3298,3436,3395,3297,3505,3966,4121,3748,4046,5420,6616,4672,4320,5897,7562,5017,16.5993,4.11939,8.66996,48.2107
10285,3891,5598,9894,7083,3674,4342,5259,4858,3257,3695,3869,3806,3185,3278,3317,3227,-26.7843,9.63298,8.90591,48.1553
10286,5248,4318,3605,3330,8787,5489,3836,3329,7166,4992,3599,3453,4298,4008,3450,3270,-2.75278,-23.7309,8.91161,48.1187
10287,3197,3286,3472,3228,3279,3575,3861,3760,3708,4468,5197,4888,3790,5468,9862,6976,32.8281,9.5544,8.85606,48.01
10288,3814,3641,3353,3111,5453,4284,3704,3246,9798,5345,3848,3243,7310,4859,3845,3426,10.5754,-27.2066,8.62142,48.1867
10289,3358,3883,5970,12446,3260,3716,4864,6657,3293,3488,3790,3925,3129,3185,3384,3313,-23.9542,29.6121,8.99424,47.774
10290,12619,6015,3868,3270,6041,4760,3749,3420,3865,3765,3397,3255,3338,3405,3368,3153,-29.2805,-33.2481,8.94022,47.5253
10291,3458,3287,3179,3072,3957,3971,3452,3321,6073,5063,3952,3383,10889,7540,4291,3443,25.6735,-19.8012,8.92977,48.2207
10292,3523,4095,5899,7171,3440,4150,6411,7832,3324,3625,4331,4602,3196,3409,3671,3687,-13.2285,18.1634,8.85953,48.244
10293,3171,3476,3791,4111,3330,3619,4494,6146,3342,3852,5152,9963,3319,3697,4605,6306,6.90578,29.2626,8.91136,48.2493
10294,3777,3782,3189,3051,5105,4335,3585,3240,9871,5126,3822,3437,7301,5027,3766,3361,10.6408,-32.4261,8.97169,47.85
10295,6028,8477,5631,3777,5093,6558,4754,3784,3931,4081,3706,3423,3396,3467,3362,3135,-19.0203,-7.5147,8.73968,48.402
10296,3293,3435,3206,3099,3956,3828,3447,3106,5701,5050,3998,3493,9902,8388,4548,3555,27.7033,-16.8849,8.7339,48.0033
10297,3175,3297,3323,3362,3128,3510,3891,3931,3502,3977,5198,5440,3591,4358,8344,9939,30.4646,17.0354,8.77331,47.9773
10298,3710,4039,3868,3668,4293,5826,5589,4033,4356,6709,6130,4138,3915,4395,4230,3734,2.0925,-1.37638,8.91217,48.422
10299,3346,3691,4208,4347,3413,4009,5858,6057,3532,4156,6554,6935,3257,3731,4449,4698,2.381,15.8588,8.7708,48.1607
10300,3174,3397,4083,4229,3370,3869,5341,6451,3333,4070,6271,7781,3292,3640,4598,5046,2.95124,18.253,8.54252,47.9633
10301,3338,3432,3371,3203,3630,3810,3816,3614,4522,5535,4867,3970,5237,8750,6839,4364,23.8222,-3.3858,8.50473,48.1987
10302,3404,3543,3239,3177,4077,3816,3350,3150,6913,4970,3923,3341,11984,5958,3943,3406,23.1349,-28.2476,8.67508,48.1293
10303,5004,4296,3662,3117,8214,5578,3811,3226,7387,5217,3814,3355,4595,4075,3555,3156,-1.46261,-23.3249,8.7846,48.0413
10304,3410,3350,3258,3134,3925,3882,3449,3274,5932,4845,4023,3391,12010,6658,4017,3433,31.4055,-23.8418,8.53073,47.994
10305,3332,3489,3230,3097,3919,3697,3367,3292,6133,4705,3814,3366,12762,6163,3851,3374,30.588,-27.5658,8.69823,47.7273
10306,3424,3671,3592,3472,3861,4472,4798,3953,4040,6354,7507,4713,3887,4916,5456,4264,9.17649,2.17993,8.95077,48.2533
10307,3071,3357,3481,3434,3424,3807,4221,4046,3715,4476,7028,5768,3588,4804,7672,6267,16.5123,11.2583,8.71388,48.106
10308,4826,8024,6925,4475,4316,5943,5461,4132,3548,3956,3899,3594,3286,3458,3387,3115,-19.9443,-1.69402,8.82152,48.23
10309,4241,6331,8616,5416,3904,4897,5893,4651,3560,3697,4003,3702,3320,3355,3467,3325,-20.8567,4.78909,8.83288,48.252
10310,4925,4224,3462,3275,8516,4921,3827,3352,8112,4872,3755,3295,4716,4103,3548,3237,-0.79898,-31.6151,8.61915,48.0933
10311,4109,4383,3803,3399,5263,6947,4640,3694,5277,6889,4523,3589,4262,4345,3782,3417,-0.075934,-9.43434,8.50786,48.2147
10312,4283,4022,3448,3156,6860,4664,3733,3400,9437,5089,3761,3352,5532,4541,3702,3298,4.06887,-33.9748,8.8606,48.1853
10313,3171,3449,3699,3879,3231,3634,4391,5167,3302,3981,5761,9343,3192,3811,5309,7231,10.9205,23.2252,8.65325,48.3673
10314,3048,3205,3457,3437,3304,3530,3890,4200,3366,3870,5480,7073,3466,3980,6679,9917,19.6597,20.9239,8.62501,47.9347
10315,4324,4057,3520,3183,7244,5039,3780,3282,8656,5604,3815,3415,5159,4423,3674,3336,2.42057,-22.2723,8.96667,48.3407
10316,3426,3498,3245,3031,4166,3924,3488,3259,6957,4948,3927,3394,10985,6290,3948,3474,21.8212,-24.5257,8.5476,47.9733
10317,9172,5559,3823,3338,8836,5347,3829,3451,4601,4150,3534,3149,3593,3545,3289,3032,-15.6367,-25.2596,8.88393,48.1653
10318,3157,3566,3935,4262,3346,3634,4571,6902,3420,3733,5173,9278,3347,3676,4430,5534,4.17024,28.4268,8.53121,47.976
10319,6936,4880,3642,3382,9885,5211,3822,3366,5571,4274,3603,3315,3732,3769,3413,3165,-9.64495,-31.2082,8.52454,47.9773
10320,3145,3413,4055,4400,3289,3795,4966,6917,3243,3886,5587,8912,3236,3729,4587,5303,3.35359,24.0603,8.61736,48.3087
10321,12133,6422,4064,3368,5953,4768,3798,3423,3909,3754,3434,3310,3329,3424,3279,3193,-28.9901,-24.8802,8.56457,47.7073
10322,3847,3869,3621,3285,4602,5426,4213,3456,5686,8090,4940,3652,4695,5205,4193,3518,6.59933,-8.76946,8.93065,48.1987
10323,6820,4893,3789,3381,9569,5405,3747,3398,5621,4414,3532,3198,3937,3744,3377,3118,-8.95602,-25.9636,8.6503,47.962
10324,3312,3368,3294,3044,4025,3859,3515,3272,6670,4947,3740,3400,12013,6204,3996,3335,23.715,-26.135,8.78547,47.996
10325,3963,3783,3347,3169,5737,5055,3815,3345,8303,6605,4066,3476,5476,4957,3818,3414,6.43366,-18.3999,8.64373,48.2193
10326,3230,3388,3259,3134,3848,3853,3544,3319,5634,5121,4012,3489,9631,8372,4485,3587,27.9145,-16.8878,8.64742,47.9373
10327,4098,3883,3275,3161,6422,4462,3627,3327,9687,5322,3833,3360,6103,4634,3703,3213,6.24063,-29.9687,8.72158,48.0733
10328,6004,7849,5076,3805,5265,6680,4643,3801,3953,4159,3831,3474,3415,3527,3356,3166,-17.1887,-9.27632,8.62716,48.0027
10329,4669,4933,4011,3497,5691,8146,4824,3714,4765,5726,4195,3536,3933,4024,3614,3411,-5.17514,-10.0063,8.82017,48.4593
10330,3126,3186,3372,3413,3113,3519,3851,3966,3364,3941,4993,5820,3458,4238,7856,10818,27.7753,19.4827,8.84864,48.0227
10331,3411,3897,6104,12338,3433,3721,4780,6357,3228,3509,3782,3937,3130,3277,3385,3530,-26.3722,28.6695,8.76674,47.8793
10332,3952,6039,9965,6119,3738,4432,5175,4803,3324,3680,3782,3742,3319,3330,3307,3243,-31.3219,7.30738,8.91812,47.9667
10333,4910,8671,7678,4558,4198,5069,4867,4042,3531,3770,3714,3527,3344,3334,3295,3280,-32.1124,-1.32191,8.58692,47.8587
10334,3458,3486,3236,3088,4380,4048,3493,3229,8425,5049,3877,3467,9797,5576,3948,3359,17.0277,-33.6271,8.92205,47.944
10335,3627,3644,3321,3116,5008,4197,3597,3302,9194,5290,3862,3333,8102,5316,3729,3304,12.6598,-26.7921,8.70724,47.9613
10336,6659,4832,3737,3282,10058,5220,3767,3425,5741,4355,3596,3281,3862,3585,3390,3170,-8.5567,-30.5262,8.95155,47.9733
10337,3328,3425,3409,3338,3601,4113,4009,3554,4273,5928,5841,4315,4508,6955,7013,4593,18.0388,0.179209,8.75492,48.1353
10338,3450,4092,6962,11935,3428,3644,4972,5942,3221,3533,3700,3991,3114,3199,3427,3413,-28.6113,22.6904,8.80601,48.0153
10339,5564,9375,7063,4242,4331,5187,4673,3894,3619,3784,3665,3397,3262,3351,3225,3281,-27.5158,-4.21707,8.70845,47.942
10340,3067,3148,3465,3382,3258,3548,4023,4197,3451,4127,5831,6251,3425,4378,7576,8577,20.5083,16.827,8.56501,47.8027
10341,5967,4738,3651,3309,9658,5377,3795,3354,6242,4605,3692,3279,4116,3800,3389,3083,-6.53604,-26.0886,8.78371,48.0367
10342,11148,7236,4146,3408,5907,5081,3846,3409,3929,3839,3468,3276,3284,3423,3313,3085,-33.811,-19.977,8.91757,47.8653
10343,3199,3380,3340,3419,3171,3371,3691,3963,3447,3735,4722,6084,3317,3852,5919,12552,30.9236,29.4003,8.75085,47.4413
10344,3647,3548,3246,3054,4680,4185,3544,3270,7744,6223,3977,3483,7594,6184,4158,3473,14.5426,-18.6181,8.56309,48.0067
10345,3326,3975,5437,9003,3338,3946,5168,8554,3371,3551,4034,4512,3121,3300,3471,3493,-15.5555,31.6782,8.52562,47.7333
10346,4027,3798,3335,3131,6182,4461,3714,3175,9717,5412,3778,3376,6221,4872,3677,3308,7.25842,-25.7347,8.92565,48.1227
10347,3129,3269,3425,3445,3100,3400,3676,3974,3346,3695,4851,6551,3328,3989,6163,12245,24.4991,27.5856,8.74753,47.724
10348,4247,3921,3527,3248,6963,4618,3812,3355,9516,4998,3734,3238,5424,4404,3645,3342,3.90125,-31.456,8.9384,47.9947
10349,7234,5282,3843,3503,8978,5794,3891,3422,4969,4289,3633,3338,3796,3575,3315,3117,-12.0003,-22.5909,8.55726,47.986
10350,3600,4718,8482,7994,3424,4231,5861,5663,3447,3587,3937,3957,3146,3179,3379,3400,-21.1071,13.7722,8.61508,48.0033
10351,3026,3392,3810,4066,3257,3634,4495,6282,3329,3727,5262,9908,3381,3574,4702,6145,6.70488,28.6125,8.92318,47.9933
10352,3603,4878,8696,7975,3610,4159,5831,5672,3231,3582,3955,3958,3102,3355,3404,3397,-21.8388,13.571,8.77212,48.272
10353,3067,3313,3374,3318,3445,3772,3915,3734,3793,4765,6013,4864,3961,5965,9093,5961,21.2506,7.03372,8.95796,48.2353
10354,3075,3267,3405,3355,3339,3623,3892,3768,3745,4474,5528,4730,3933,5962,9580,6417,25.0579,7.7888,8.93584,48.062
10355,3292,3622,4459,5393,3369,3914,5634,8957,3426,3759,4830,6566,3239,3601,3908,4237,-4.33621,22.4279,8.71187,48.1373
10356,3613,4069,4161,3817,4003,5688,6052,4216,4108,6031,6603,4299,3622,4264,4339,3821,1.26745,1.11981,8.90667,48.4707
10357,5114,8397,6842,4330,4406,5890,5177,4046,3549,3774,3803,3447,3309,3333,3333,3277,-20.6851,-2.79188,8.88048,48.018
10358,8562,6091,3990,3386,8013,5760,3917,3462,4542,4111,3613,3214,3588,3477,3291,3162,-15.6337,-21.5419,8.57019,48.1193
10359,3269,3222,3414,3327,3228,3442,3953,4190,3349,3832,5032,7873,3395,3855,5862,10691,19.112,29.213,8.89008,47.956
10360,7398,5057,3830,3350,9521,5216,3798,3433,4967,4318,3544,3332,3730,3591,3406,3206,-11.6053,-33.9508,8.77646,47.798
10361,3829,4297,3955,3546,4371,6345,5356,3929,4668,6795,5489,3940,3936,4347,4094,3564,0.785264,-3.89032,8.73879,48.3073
10362,3593,4875,9355,7957,3567,4155,5092,5337,3333,3518,3861,3864,3194,3270,3451,3384,-33.4084,12.9947,8.70313,47.8707
10363,3205,3283,3216,3284,3440,3692,3751,3715,3821,4556,5190,4679,4202,6717,9757,5827,28.0155,5.43346,8.84645,48.2233
10364,3169,3259,3454,3561,3199,3518,4049,4422,3403,3867,5483,7661,3446,3935,6337,9446,17.7636,21.7495,8.95097,48.1393
10365,3186,3191,3341,3381,3301,3506,3782,3834,3703,4428,5164,4628,3992,5891,10100,6507,29.0661,7.95367,8.52633,47.9567
10366,3794,4671,6948,5648,3714,4698,7829,5542,3435,3794,4488,4108,3195,3419,3585,3448,-13.645,9.77333,8.88543,48.2107
10367,4765,4314,3654,3405,7730,5714,3881,3391,7166,5541,3930,3351,4509,4274,3677,3258,-0.938369,-20.1552,8.52053,48.3733
10368,3741,5135,9960,7047,3727,4241,5240,5053,3250,3696,3833,3830,3153,3300,3290,3368,-33.4843,10.6307,8.89225,47.9093
10369,2945,3277,3341,3377,3146,3433,3727,3925,3373,3631,4684,6267,3409,3884,6460,12577,28.3415,25.5624,8.9685,47.6373
10370,3150,3353,3631,3865,3288,3733,4773,5421,3466,3938,6571,8695,3463,3818,5149,6180,8.31252,19.5958,8.76615,48.3293
10371,3912,3875,3282,3198,6113,4512,3722,3409,9975,5203,3774,3346,6235,4744,3632,3337,7.26117,-29.5535,8.73359,48.1793
10372,3088,3305,3531,3691,3184,3613,4191,4861,3344,3832,5344,9172,3450,3842,5365,8391,13.7247,25.17,8.74711,48.136
10373,3128,3351,3948,4298,3260,3618,4816,7218,3408,3760,5201,9475,3276,3571,4401,5362,3.42216,33.1232,8.97974,48.0607
10374,3503,3524,3573,3347,3877,4812,4430,3737,4566,7620,6364,4096,4205,5609,4965,4053,9.79198,-2.3548,8.84396,48.1873
10375,3292,3360,3260,3110,3750,3831,3583,3305,5255,5204,4158,3608,8335,9477,4865,3714,30.9729,-13.3939,8.92816,48.0713
10376,3339,3961,6494,12474,3267,3831,4907,6169,3173,3458,3608,3874,3122,3260,3378,3429,-28.2977,24.9875,8.93457,47.8293
10377,3771,4366,4601,3917,4242,6200,7002,4605,3955,5177,5585,4174,3526,3813,3958,3675,-3.55548,1.94487,8.77397,48.378
10378,3202,3368,3811,3939,3355,3687,4587,5214,3380,4024,6393,8873,3331,3745,5088,6251,8.94473,19.7805,8.86284,48.1653
10379,3244,3412,3353,3254,3582,3735,3724,3541,4363,5187,4688,4031,5313,9162,7234,4272,31.5824,-2.96787,8.55204,48.0633
10380,3445,4202,6430,6165,3632,4337,7336,6806,3276,3681,4577,4447,3161,3310,3714,3638,-12.8568,13.9944,8.81049,48.1047
10381,4708,4160,3573,3382,7973,4821,3777,3396,8628,4879,3737,3363,4704,4268,3505,3235,0.838318,-33.4034,8.99736,48.0727
10382,4193,4084,3632,3416,6052,5902,3994,3467,6879,6599,4122,3502,4665,4478,3765,3381,2.29671,-15.5723,8.85378,48.0873
10383,4544,5666,4826,3969,4848,7786,5666,4094,3981,4940,4227,3608,3637,3618,3460,3290,-9.67263,-4.70836,8.58562,48.1067
10384,3422,3698,3941,3729,3697,4613,5685,4373,3875,5407,7868,4952,3654,4121,4901,4229,4.41083,5.54618,8.83272,48.11
10385,3313,3499,3407,3293,3837,4190,3851,3494,4799,6863,5324,3989,5108,7549,5706,4071,16.6621,-4.69396,8.5364,48.1953
10386,3815,4113,3903,3488,4331,5992,4976,3783,4590,7034,5748,3957,4084,4532,4140,3675,2.82478,-3.66895,8.54738,48.1073
10387,3434,3873,5810,11009,3324,3862,4973,7576,3218,3457,3813,4281,3067,3171,3351,3428,-19.59,32.1184,8.9422,47.7647
10388,5128,7393,5555,4131,4866,6955,5395,3946,3824,4277,3989,3576,3379,3425,3469,3286,-16.0434,-4.97398,8.77292,48.396
10389,7034,6123,4032,3407,7625,6482,4162,3567,4616,4323,3600,3326,3628,3573,3314,3153,-13.3699,-17.4794,8.76696,47.9767
10390,4043,3915,3371,3236,6010,4694,3605,3251,9414,5706,3889,3352,6068,4920,3710,3230,6.80337,-23.3271,8.66347,48.276
10391,3642,3590,3158,3132,4892,4217,3548,3405,8880,5692,3821,3348,7706,5649,3922,3417,13.2416,-22.6721,8.8569,48.0127
10392,5197,4563,3656,3203,8551,6006,3871,3235,6584,5011,3761,3296,4374,4045,3612,3261,-3.55603,-20.5817,8.91212,48.1507
10393,3631,3860,3690,3405,4362,5291,4562,3706,4854,7892,5739,3971,4244,5011,4531,3728,6.57769,-4.72541,8.9619,48.318
10394,3637,4241,5580,5235,3552,4662,7996,6225,3463,3942,5098,4598,3301,3538,3690,3735,-8.40211,11.2508,8.54616,48.3287
10395,3182,3401,3659,3571,3490,3937,4518,4335,3674,4643,7863,6062,3774,4470,6598,5726,12.7409,11.1575,8.73016,48.602
10396,4102,5195,5209,4061,4430,6977,6747,4229,3912,4715,4681,3744,3310,3740,3557,3538,-8.75394,-0.317994,8.81099,48.098
10397,10469,6461,4051,3317,7204,5246,3946,3465,4287,3856,3474,3257,3516,3330,3190,3125,-20.6374,-22.3924,8.6493,48.1293
10398,4675,6882,6075,4273,4616,6590,5958,4096,3805,4224,3987,3699,3400,3471,3401,3322,-15.7166,-2.28092,8.77596,48.316
10399,3300,3432,3375,3211,3759,4077,3884,3581,4397,6282,5801,4097,4725,7294,6711,4321,17.6592,-1.57661,8.98412,48.1647
10400,3291,3378,3266,3118,3596,4111,3754,3538,4515,5710,4916,4023,5222,8733,6517,4308,21.922,-4.06373,8.77313,47.9973
10401,3137,3287,3409,3307,3370,3709,4008,3785,3800,4729,5842,4656,4124,6079,9224,5667,22.4507,5.91951,8.56851,48.0887
10402,3162,3311,3260,3322,3323,3423,3723,3824,3359,3787,4750,5976,3362,3984,5917,12536,29.1787,32.5955,8.7421,47.346
10403,3528,3887,4006,3828,3851,5016,6213,4283,3986,5680,7129,4628,3601,4138,4426,3983,2.21804,3.20359,8.65743,48.122
10404,3709,4058,3675,3422,4578,5881,4646,3627,5148,8008,5196,3793,4386,4593,4045,3706,4.0249,-7.02912,8.86647,48.314
10405,3558,4030,4702,4551,3631,4819,7873,5476,3545,4403,6071,4798,3401,3715,4011,3956,-3.70591,8.73683,8.9985,48.36
10406,3939,3835,3428,3285,5455,5053,3975,3350,7506,7128,4244,3516,5485,5094,3821,3457,6.36262,-16.0368,8.8021,48.3807
10407,3461,3461,3370,3242,4199,4212,3767,3395,5900,6994,4568,3720,6203,7491,4671,3684,15.8772,-11.7909,8.74976,48.2253
10408,3447,3519,3175,3161,4207,4005,3497,3264,6559,5733,4071,3403,8983,7294,4318,3568,20.3689,-17.9042,8.69084,48.136
10409,8194,9210,5009,3768,5206,5276,4161,3520,3821,3787,3483,3294,3274,3412,3264,3103,-27.427,-13.2298,8.67123,47.8547
10410,3385,3666,3917,3959,3472,4123,5549,5045,3618,4641,7608,6135,3426,4084,4977,4641,4.76612,11.8553,8.73238,48.164
10411,3090,3347,3508,3479,3492,3821,4193,4150,3671,4380,6774,6076,3603,4642,7595,6865,17.0902,13.07,8.59501,48.4573
10412,7850,9401,5218,3734,5069,5454,4146,3599,3853,3883,3607,3374,3345,3259,3138,3080,-27.4173,-11.9837,8.62991,48.0067
10413,3679,4587,7956,7929,3473,4184,6219,6155,3327,3551,4175,4172,3113,3342,3329,3466,-19.4485,14.4572,8.87283,48.438
10414,3052,3226,3373,3383,3193,3568,3730,3986,3431,3854,5051,6041,3377,4128,7230,11066,33.6837,20.7252,8.57297,47.7927
10415,3428,4470,8345,9943,3473,4111,4993,5697,3256,3531,3796,3845,3089,3240,3421,3516,-28.3109,17.2974,8.87714,48.1027
10416,3423,3460,3239,3152,4076,3878,3358,3217,6482,4853,3773,3404,11833,6511,3988,3434,24.6032,-24.5492,8.56589,48.054
10417,7271,9567,5348,3800,4881,5428,4321,3732,3777,3871,3652,3252,3327,3546,3193,3075,-28.5295,-10.6464,8.51678,48.0273
10418,12488,6006,3936,3393,6007,4691,3934,3398,3822,3781,3394,3203,3375,3334,3317,3181,-30.1053,-33.7623,8.85567,47.5067
10419,3675,3622,3375,3141,4680,4527,3795,3445,7347,7283,4248,3500,6301,5946,4163,3464,11.3039,-15.4718,8.93536,48.3413
10420,11553,6071,3876,3443,7087,5015,3726,3448,4042,3934,3491,3174,3579,3345,3239,3127,-22.1835,-30.3865,8.52552,48.1
10421,5226,4434,3661,3302,8869,5337,3783,3396,6899,4967,3770,3333,4380,3858,3448,3188,-3.5819,-24.1635,8.52518,47.9007
10422,3204,3288,3409,3252,3446,3683,3856,3585,3998,4842,5415,4373,4185,6874,9181,5409,24.9049,4.08542,8.61941,48
10423,3784,5330,9754,7474,3652,4281,5072,5088,3365,3559,3862,3783,3151,3279,3320,3337,-31.3194,10.7678,8.60928,48.0607
10424,3407,3676,4959,6224,3335,4024,5890,9414,3383,3574,4559,5503,3244,3403,3757,3854,-8.44908,22.4682,8.79023,48.1373
10425,3192,3245,3429,3350,3226,3376,3846,3869,3349,3859,4721,6221,3380,3947,6570,12123,27.089,24.9636,8.65164,47.802
10426,3052,3372,3484,3347,3330,3512,3809,3814,3647,4215,5167,5227,3637,4969,9426,8112,32.6919,12.8414,8.63057,48.08
10427,3303,3581,3923,3946,3379,4077,5272,4996,3493,4512,7829,6575,3569,4045,5131,4828,6.54902,12.761,8.77579,48.306
10428,4017,4367,3932,3473,5103,6770,4730,3674,5103,7054,4724,3673,4092,4453,3852,3404,0.439717,-8.32229,8.71196,48.2807
10429,3466,3411,3305,3089,4198,3864,3490,3221,7220,5028,3839,3428,11201,6107,3861,3375,21.0758,-27.7885,8.55717,48.0687
10430,3198,3252,3526,3573,3254,3566,4083,4800,3364,3763,5254,8967,3318,3921,5305,8784,14.8795,28.6238,8.65648,47.952
10431,5574,4586,3629,3310,9216,5987,3979,3357,6260,4763,3709,3266,4178,3836,3356,3247,-5.42589,-21.7105,8.96025,48.1687
10432,4484,5285,4442,3700,5214,7866,5437,3850,4230,5278,4283,3574,3621,3930,3585,3398,-6.84927,-6.25971,8.54022,48.118
10433,3027,3260,3498,3431,3225,3528,4039,3969,3517,4055,5601,6334,3578,4358,7633,9292,21.3431,18.0416,8.73766,48.23
10434,8888,5631,3874,3273,8628,5429,3822,3352,4648,4058,3549,3292,3578,3420,3282,3148,-15.0956,-24.7336,8.79608,47.9147
10435,3493,3495,3621,3508,3637,4258,4707,4038,4029,5720,7962,4947,3895,4703,5725,4516,10.1269,4.79742,8.94768,48.1693
10436,3326,3385,3264,3122,3879,3792,3397,3292,6221,4943,3876,3414,12150,6668,4092,3473,27.1507,-24.0553,8.71634,48.196
10437,3318,3403,3194,3202,3842,3906,3457,3355,4919,5455,4385,3653,7281,9641,5506,3772,25.7372,-10.603,8.58802,48.1927
10438,3237,3265,3259,3312,3476,3535,3797,3780,3719,4316,5383,4987,3842,5594,10136,6745,26.517,9.26217,8.92684,48.2553
10439,3046,3176,3368,3613,3172,3471,3867,4185,3454,3755,4950,7959,3367,3856,5809,10670,18.4622,28.8427,8.97721,47.812
10440,4402,4126,3419,3260,7343,4873,3650,3398,9005,5128,3802,3342,5183,4325,3504,3276,2.45184,-26.8508,8.84879,48.024
10441,3383,3868,5866,12677,3382,3656,4639,6064,3292,3476,3873,3961,3170,3276,3400,3467,-32.5663,29.7722,8.65585,47.6333
10442,3430,4660,9008,8848,3488,4153,5219,5339,3257,3481,3889,3891,3222,3252,3385,3457,-32.4766,14.4189,8.79326,47.986
10443,3265,3254,3439,3420,3284,3589,3875,3777,3687,4360,5520,4864,3918,5711,9651,6658,24.9564,8.93224,8.72234,48.1813
10444,12615,5787,3905,3411,5888,4645,3770,3325,3892,3790,3399,3324,3380,3419,3327,3198,-32.402,-32.9662,8.64117,47.3833
10445,3257,3164,3528,3384,3341,3661,4422,4300,3571,4361,6734,6562,3644,4469,6931,7082,15.6367,14.7457,8.70239,48.274
10446,3314,3823,5408,8867,3327,3943,5139,8802,3234,3572,4011,4687,3220,3296,3585,3686,-15.2755,29.7096,8.54626,47.9427
10447,3091,3221,3346,3477,3290,3534,3696,3985,3394,3806,4814,6098,3481,3933,5999,12618,26.037,31.5457,8.83429,47.8553
10448,3395,4193,7274,10155,3391,3977,5282,6221,3122,3587,3870,4004,3108,3266,3387,3331,-22.9772,19.5377,8.57062,47.7087
10449,6194,5351,3984,3391,8038,6765,4141,3501,5124,4661,3738,3346,3778,3713,3432,3197,-9.40567,-17.5787,8.84586,48.236
10450,3508,3678,3467,3231,4181,4374,3974,3461,5313,7607,4844,3812,5279,6638,4907,3846,13.0064,-7.89293,8.54426,48.08
10451,4427,5799,5212,3936,4804,7516,6185,3948,3957,4533,4285,3636,3403,3597,3524,3410,-10.9344,-2.94366,8.6689,48.1147
10452,3324,3982,6654,12175,3328,3875,4950,6085,3277,3451,3731,3892,3099,3124,3337,3410,-27.1774,23.6037,8.84177,47.796
10453,3645,3450,3173,3161,4664,4091,3566,3222,8551,5189,3817,3323,9399,5560,3979,3334,15.9855,-26.88,8.97377,48.0827
10454,12545,6043,3885,3283,6155,4681,3764,3430,3855,3847,3369,3364,3395,3332,3229,3163,-28.7453,-30.6864,8.59085,47.56
10455,3038,3324,3360,3511,3182,3563,4210,4257,3420,4044,5748,7018,3416,4250,6940,8702,17.9958,18.4679,8.81976,47.9887
10456,3441,3907,6276,12492,3314,3757,4812,6041,3175,3274,3797,3942,3117,3284,3472,3420,-31.3614,26.212,8.8896,47.6807
10457,11804,5972,3996,3374,6954,4893,3789,3382,4090,3848,3411,3179,3425,3370,3229,3100,-22.6185,-28.3824,8.7533,47.8773
10458,7090,9838,5390,3785,4939,5299,4245,3667,3841,3757,3616,3386,3261,3390,3278,3168,-29.6072,-10.0802,8.71625,47.9667
10459,3507,3411,3197,3033,4307,3887,3562,3321,7414,5028,3849,3476,10474,6094,3983,3466,20.2781,-23.9163,8.58031,48.006
10460,7091,5733,3988,3494,8377,6474,3987,3466,4772,4269,3629,3286,3751,3629,3358,3111,-12.2376,-19.1928,8.85037,48.2767
10461,3365,3353,3280,3013,3818,3811,3705,3326,5438,5244,4166,3518,8993,8868,4606,3678,29.2742,-15.2611,8.7445,48.1213
10462,3538,4455,8906,8995,3429,3939,5180,5375,3249,3418,3916,3910,3118,3295,3406,3436,-31.8171,15.3265,8.69491,47.71
10463,3705,5001,9611,7545,3554,4231,5432,5154,3244,3643,3805,3833,3173,3323,3396,3385,-24.9812,11.732,8.88753,48.0233
10464,8291,5652,3855,3475,8617,5705,3953,3398,4735,4194,3603,3251,3575,3569,3247,3133,-14.4302,-22.9784,8.87623,48.1687
10465,3146,3365,3423,3294,3509,3725,3889,3679,3846,4821,5762,4662,4160,6543,9176,5630,23.235,4.90946,8.54491,48.42
10466,9485,8509,4683,3563,5382,5287,4075,3580,3818,3806,3530,3238,3326,3382,3282,3142,-29.2126,-15.9967,8.51626,48.0587
10467,3261,4289,7804,10529,3497,3985,5134,5753,3203,3417,3837,3998,3136,3194,3378,3370,-33.8168,18.7049,8.77829,47.8567
10468,3200,3256,3375,3277,3248,3486,3865,4114,3457,3746,4814,6905,3466,3946,6065,11646,22.9845,28.0454,8.62265,47.9107
10469,3753,4696,7067,5722,3672,4664,7460,5740,3440,3859,4326,4172,3302,3425,3600,3570,-14.0881,10.0071,8.71168,48.312
10470,3577,3605,3445,3198,4083,4362,3916,3458,5416,7737,4991,3803,5279,7048,4847,3824,13.7457,-8.22345,8.85506,48.3927
10471,3494,4246,7853,10558,3427,3879,5060,5719,3224,3502,3738,3945,3022,3221,3489,3343,-30.456,18.9539,8.71918,47.8133
10472,3497,3534,3420,3208,4073,4251,3607,3282,5836,6569,4402,3713,6536,7803,4705,3700,17.5861,-11.995,8.52354,48.0907
10473,3705,5140,9688,7616,3577,4116,5296,5043,3363,3509,3865,3861,3107,3283,3384,3304,-29.0026,11.7128,8.71191,47.9047
10474,3909,4530,4490,3802,4223,6460,6545,4281,4092,5311,5467,3989,3618,3972,3933,3687,-3.63413,0.329517,8.594,48.206
10475,3378,3416,3097,3168,3873,3810,3397,3170,5946,5034,3799,3361,11713,6984,4123,3474,30.5837,-22.1609,8.62332,47.8287
10476,3458,3754,3974,3847,3783,4456,6113,4521,3848,5245,7484,5143,3611,4066,4735,4177,3.28823,6.80173,8.64748,48.1433
10477,3134,3290,3384,3418,3327,3614,3969,3896,3563,4312,6044,5593,3690,5055,8578,7285,20.8719,12.0477,8.50492,48.1013
10478,5618,8121,5571,3959,4969,6736,4910,3753,3859,4113,3862,3566,3387,3364,3440,3227,-18.0826,-6.74617,8.69037,48.3033
10479,3506,3975,5650,6681,3502,4094,6460,8169,3212,3661,4329,4836,3132,3406,3724,3737,-11.1503,18.3783,8.65271,48.0493
10480,4323,5931,6635,4659,4133,5935,6988,4623,3672,4035,4077,3728,3350,3437,3470,3409,-14.9187,2.25871,8.59553,48.27
10481,3214,3223,3476,3354,3490,3862,4004,3692,3857,4895,6250,4696,4084,6151,8362,5415,19.694,5.41233,8.81085,48.0167
10482,3122,3339,3448,3584,3140,3487,3853,4293,3406,3824,5239,7960,3358,4000,6036,10116,17.9786,24.1758,8.90785,48.1367
10483,4285,6711,8201,5144,4126,5192,5991,4522,3499,3664,3837,3735,3289,3376,3455,3379,-20.318,3.03,8.76764,48.2707
10484,11600,6095,3858,3354,6902,4958,3821,3402,4212,3931,3418,3231,3478,3335,3128,3083,-21.7641,-27.1304,8.91633,47.8707
10485,5153,5642,4207,3520,6211,7967,4673,3601,4754,5073,4019,3454,3766,3738,3448,3245,-8.77807,-11.4671,8.57509,48.314
10486,3439,3314,3273,3060,3998,3743,3452,3192,5982,4807,3791,3442,12145,6489,4020,3518,29.5546,-25.046,8.51625,47.7767
10487,3056,3143,3371,3535,3236,3506,3735,3938,3449,3824,4721,6114,3375,4013,6711,12070,28.5373,23.7644,8.77915,47.8647
10488,3272,3306,3537,3713,3287,3668,4327,5008,3483,3994,5664,8985,3340,3761,5489,7665,12.4726,22.8592,8.5351,48.3327
10489,3157,3387,3463,3387,3178,3496,3699,3820,3354,3844,4800,5874,3414,4101,6650,11977,30.0967,23.5066,8.73872,47.734
10490,7814,5075,3825,3320,9575,5182,3696,3443,4929,4222,3466,3367,3700,3552,3406,3168,-12.1646,-32.8822,8.89424,47.8267
10491,3986,4255,4245,3816,4131,6337,6155,4194,4096,5893,5612,4148,3742,4061,4108,3686,-1.44486,-0.230051,8.79771,48.31
10492,3153,3194,3486,3330,3491,3556,3657,3783,3729,4434,5169,4685,3906,5886,10032,6305,31.2081,7.48086,8.87964,47.864
10493,3325,4221,7712,11107,3482,3860,4907,5658,3267,3361,3808,3931,3178,3157,3344,3497,-32.3838,19.6451,8.9253,47.8767
10494,5053,4263,3606,3165,8177,5297,3799,3441,7720,5012,3828,3279,4510,4183,3446,3142,-1.1161,-24.9072,8.59465,47.9473
10495,4256,3908,3390,3198,6573,4586,3574,3346,9391,5298,3700,3388,5633,4549,3737,3410,4.66343,-28.0644,8.56283,47.958
10496,3454,3960,5842,11522,3428,3724,4930,7189,3292,3501,3860,4186,3095,3279,3282,3447,-21.7147,29.7547,8.66984,47.994
10497,12152,6765,3939,3358,6094,4750,3916,3387,4056,3766,3494,3215,3499,3317,3091,3159,-32.6711,-23.4386,8.93193,47.972
10498,3837,4413,4138,3635,4614,6636,5383,3886,4478,6443,5306,3957,3811,4239,4005,3640,-0.88083,-3.65129,8.71336,48.2807
10499,3112,3231,3444,3401,3276,3495,3864,4049,3342,3949,5125,6655,3409,4047,6773,11000,22.9888,22.4961,8.72702,48.1147
10500,3236,3497,3369,3142,3983,4058,3763,3441,5232,6747,4648,3787,6206,8194,5135,3879,18.1196,-9.86016,8.70388,48.2113
10501,3405,4056,6642,10276,3477,3868,5289,7004,3146,3489,4018,4121,3046,3329,3400,3474,-20.4032,21.9675,8.75118,48.0267
10502,3267,3480,3960,4194,3415,3785,4890,6096,3405,4059,5835,8746,3407,3699,4723,5628,5.2877,21.0598,8.5629,48.3927
10503,12585,6381,3953,3355,5944,4698,3844,3411,3928,3840,3468,3184,3495,3386,3189,3281,-31.4658,-25.9761,8.73395,47.9613
10504,12497,6235,3879,3337,6003,4930,3776,3292,3921,3698,3266,3205,3391,3412,3220,3110,-33.422,-25.6077,8.84042,47.448
10505,3181,3241,3347,3404,3311,3625,3782,3709,3721,4515,5321,4746,3969,5770,9676,6765,28.2474,8.6685,8.62736,48.0553
10506,10930,6049,4055,3452,7342,5063,3929,3426,4206,3858,3457,3296,3395,3472,3126,3051,-20.3069,-26.264,8.69789,48.0713
10507,3821,5245,9698,7016,3586,4249,5271,5035,3461,3519,3744,3778,3237,3291,3318,3388,-33.583,10.1067,8.60529,47.7713
10508,3833,4213,4078,3550,4414,6133,5414,4056,4324,6333,5902,4012,4027,4261,4262,3653,0.738686,-1.82617,8.593,48.31
10509,3072,3229,3414,3475,3337,3419,3875,4251,3384,3624,5046,7973,3428,3852,5606,10733,18.8122,31.2429,8.90315,47.812
10510,3208,3439,3310,3285,3427,3734,3802,3593,4124,4937,5120,4154,4673,7770,8535,4873,32.3488,1.30371,8.9831,47.9893
10511,3326,3367,3352,3202,3573,3635,3586,3508,4187,4934,4894,4160,5046,8490,7778,4815,28.8186,-1.00047,8.50751,47.902
10512,3891,5256,9496,7117,3543,4264,5608,5169,3362,3634,3859,3811,3134,3327,3381,3393,-24.458,10.4847,8.84882,48.1633
10513,3292,3301,3346,3259,3417,3744,3849,3636,3950,4716,5515,4652,4211,6414,9343,5799,24.4576,5.36543,8.75843,48.296
10514,8917,5476,3834,3343,9102,5247,3829,3398,4713,4155,3509,3244,3630,3445,3221,3064,-14.6928,-26.8239,8.91378,48.0847
10515,3486,3968,6005,12195,3315,3732,4812,6422,3203,3454,3932,3916,3140,3213,3391,3353,-25.2766,30.577,8.51227,47.6913
10516,3210,3540,3923,4047,3503,3789,5325,5321,3591,4377,7362,7033,3431,3822,4987,5054,5.88136,14.3498,8.63506,48.21
10517,3111,3263,3579,3733,3187,3549,4211,5327,3361,3804,5322,9571,3332,3705,5201,7618,11.6968,26.5992,8.6366,47.916
10518,5095,7324,5596,4011,4812,6984,5364,3806,3769,4152,3937,3632,3346,3488,3423,3314,-16.0577,-4.89844,8.65266,48.0353
10519,3136,3282,3317,3283,3362,3642,3847,3701,3737,4341,5338,4750,3854,5488,9964,6774,28.1843,8.91721,8.80994,47.8773
10520,3203,3425,3360,3151,3735,3877,3677,3446,4544,5733,4757,3889,5638,9329,6353,4107,22.7767,-5.50241,8.81955,48.1493
10521,3804,5203,8598,6763,3618,4443,6013,5360,3393,3606,4086,4003,3164,3213,3585,3426,-20.7586,10.7967,8.5696,48.1853
10522,3263,3192,3663,3816,3235,3576,4272,5243,3306,3776,5092,9957,3373,3762,4959,7581,10.8694,31.747,8.83366,48.044
10523,3141,3369,3458,3396,3335,3573,3940,3790,3535,4083,5225,5382,3614,4570,9293,8414,33.9109,13.9567,8.93465,48.0787
10524,3570,4121,4547,3986,3835,5535,6968,4477,3941,5284,6376,4505,3527,3935,4361,3820,-0.904536,3.76839,8.74051,48.5253
10525,6679,7857,4766,3730,5832,6719,4413,3578,4089,4167,3684,3282,3578,3426,3307,3115,-17.0451,-12.0538,8.71411,48.148
10526,4063,3841,3286,3065,6046,4660,3776,3369,9123,5934,3899,3291,5861,4828,3779,3234,6.38941,-22.4094,8.73279,48.0367
10527,3107,3350,3334,3286,3474,3769,3758,3656,4052,4907,5328,4435,4425,7095,9071,5123,24.8524,3.12996,8.60931,48.1133
10528,3269,3639,4223,4847,3418,3699,5258,8205,3373,3781,5130,7860,3225,3483,4077,4584,-0.860452,23.5214,8.59939,48.0473
10529,3160,3235,3412,3323,3456,3793,3785,3626,4028,4991,5150,4198,4589,7950,8617,4928,25.3866,1.23522,8.95674,48.1607
10530,3214,3247,3430,3364,3282,3502,3888,4336,3406,3754,5165,8272,3340,3808,5669,10010,17.3124,32.8037,8.96249,47.7913
10531,6020,4928,3744,3232,8979,6067,4039,3479,5772,4605,3648,3289,3938,3612,3352,3147,-7.74755,-21.5371,8.64958,47.9007
10532,3186,3291,3378,3312,3393,3586,3830,3780,3608,4351,5338,4809,3891,5737,10145,6806,29.9058,8.99281,8.94264,48.294
10533,3288,3414,3406,3484,3518,3868,4356,3888,3799,5197,7631,5123,3916,5041,7152,5297,14.4646,6.86195,8.97753,48.252
10534,3777,3725,3340,3259,5064,4594,3666,3389,7952,6905,4162,3517,5985,5376,3996,3379,9.36032,-17.2752,8.80443,48.0573
10535,7503,9296,5227,3816,5272,5666,4291,3744,3822,3852,3556,3314,3294,3369,3272,3182,-23.9703,-11.5835,8.66418,48.3173
10536,3113,3186,3380,3438,3260,3481,3840,4092,3417,3789,4969,7038,3335,4062,6367,11539,22.0941,25.2691,8.78388,48.204
10537,3214,3373,3989,4381,3311,3722,4703,6898,3399,3950,5003,9348,3435,3619,4406,5494,3.64644,30.9764,8.95771,48.1633
10538,5784,9924,6538,4070,4574,5141,4641,3806,3658,3775,3672,3401,3265,3379,3340,3234,-31.0375,-5.41329,8.99267,48.1347
10539,3115,3305,3291,3388,3378,3519,3768,4070,3404,3833,4804,6937,3368,3938,5855,11729,21.7403,33.8243,8.94189,47.8013
10540,3596,3859,3853,3471,4106,5237,4958,3910,4490,7060,6336,4021,4019,4819,4687,3948,5.13568,-1.87655,8.69937,48.2467
10541,3090,3244,3298,3347,3372,3420,3812,3924,3284,3795,4729,6467,3322,3922,6072,12418,25.716,28.2228,8.92493,47.6773
10542,3502,3678,3381,3212,4076,4026,3624,3339,6006,6408,4304,3531,7221,7929,4728,3640,18.7081,-13.4028,8.71597,48.4033
10543,3132,3290,3387,3459,3230,3543,4000,4398,3349,3780,5338,7661,3345,3909,6232,10033,18.8204,23.846,8.79221,48.0573
10544,3231,3207,3441,3330,3361,3645,3799,3794,3583,4295,5384,4940,3812,5337,9568,7387,27.2176,10.3803,8.5581,48.076
10545,4065,5853,7473,4915,4067,5436,6796,4866,3587,3896,4148,3791,3287,3363,3478,3362,-16.3118,4.37841,8.85566,48.2553
10546,4499,6508,7158,4754,4321,5732,6296,4515,3569,3971,4078,3740,3298,3387,3542,3360,-17.196,1.64052,8.54952,48.4853
10547,3176,3571,4240,4763,3330,3579,5158,8374,3351,3815,5038,8291,3325,3527,4170,4764,-0.0663842,25.9253,8.91889,48.3147
10548,5255,8097,5897,4073,4685,6311,5096,3889,3748,4134,3921,3460,3357,3442,3470,3338,-18.6306,-4.97288,8.64615,48.1153
10549,3188,3625,4328,4698,3346,3921,5554,7458,3364,4016,5577,7601,3267,3613,4251,4745,0.24507,20.3849,8.76185,48.368
10550,3420,3817,3883,3647,3890,4604,5505,4319,4026,5706,7757,4761,3695,4433,4795,4163,5.00988,4.48456,8.64615,48.2807
10551,3370,3443,3287,3236,3795,3988,3711,3399,4841,5993,4738,3801,6060,8902,5834,4083,21.1511,-7.28536,8.65947,48.3207
10552,4133,4423,4091,3666,4690,7095,5402,3851,4567,6230,5048,3835,3813,4097,3889,3530,-1.44771,-4.45675,8.699,48.24
10553,3185,3431,3353,3312,3555,3850,4094,3777,4119,5515,6426,4579,4289,6166,7852,4904,17.9948,3.56575,8.70141,48.2713
10554,3267,3540,3575,3421,3645,4245,4316,3909,4320,6823,6843,4418,4309,5723,5796,4351,12.457,0.016578,8.79572,48.334
10555,3478,4013,6440,10418,3402,3897,5265,7202,3337,3532,3947,4126,3052,3300,3423,3499,-20.0799,22.9223,8.50643,48.2207
10556,3155,3513,4015,4499,3330,3659,4779,7365,3464,3794,5277,8996,3246,3645,4278,5245,2.41824,26.031,8.58144,48.1733
10557,3501,3698,3725,3520,3891,4810,4852,3835,4316,6741,6970,4358,4115,5098,4909,4082,7.99719,0.08116,8.75267,48.2807
10558,3202,3152,3403,3539,3217,3515,4077,4337,3465,3926,5453,7828,3370,4102,6211,9440,17.438,22.4425,8.894,48.158
10559,3755,4296,5622,4852,3676,5039,8239,5557,3509,4035,5121,4480,3225,3476,3730,3743,-8.4921,8.72816,8.539,48.2367
10560,6163,4664,3659,3307,9898,5362,3810,3282,6250,4494,3522,3275,4158,3782,3395,3226,-6.61616,-27.5867,8.82824,48.1647
10561,3843,3774,3380,3241,4817,4819,3746,3319,7358,7416,4232,3611,5676,5508,4123,3494,9.39651,-14.9762,8.75876,48.238
10562,4009,4023,3585,3304,5494,5687,4164,3502,6624,7254,4434,3598,4820,4806,3793,3397,4.09724,-14.0303,8.51578,48.3293
10563,10403,7638,4294,3498,5900,5060,3952,3435,3991,3800,3494,3260,3420,3318,3176,3099,-26.0968,-19.1401,8.55202,47.8253
10564,8928,5465,3872,3412,8891,5234,3824,3380,4708,4105,3468,3284,3681,3494,3332,3129,-14.8093,-27.021,8.70864,48.138
10565,3589,3733,3261,3131,4990,4292,3592,3203,9632,5208,3812,3437,7523,5137,3838,3463,11.5242,-33.3789,8.97036,47.894
10566,9458,8834,4616,3626,5523,5128,4047,3440,3886,3749,3480,3209,3325,3352,3155,3037,-29.1025,-15.7556,8.87279,47.91
10567,4392,3996,3440,3178,6870,5046,3792,3339,8790,5735,3859,3226,5267,4434,3675,3221,3.56799,-22.6472,8.92931,48.1733
10568,12277,6698,3990,3489,6081,4790,3763,3356,3936,3740,3492,3238,3403,3348,3232,3017,-30.4032,-24.6807,8.51989,47.9
10569,3146,3277,3375,3387,3235,3555,3757,3968,3384,3715,4751,6076,3335,3928,5916,12543,32.9627,31.0223,8.79599,47.5653
10570,8583,9081,4744,3461,5403,5214,4191,3491,3933,3821,3517,3163,3384,3354,3233,3210,-32.934,-14.3671,8.74385,47.8553
10571,3337,3932,5947,12570,3255,3760,4725,6049,3238,3447,3745,4063,3124,3313,3352,3584,-33.4972,29.388,8.558,47.6273
10572,3345,3611,4676,6249,3355,3814,5325,9942,3262,3733,4562,6151,3089,3545,3737,4047,-7.25825,27.1287,8.83527,48.2953
10573,3746,3474,3272,3195,4960,4170,3580,3275,9488,5206,3800,3223,8376,5069,3777,3317,13.0747,-30.6566,8.9104,47.952
10574,3679,3675,3542,3331,4597,5104,4089,3477,5813,8149,4729,3612,4959,5649,4234,3612,7.95232,-10.3153,8.87858,48.1673
10575,3213,3621,3996,4659,3355,3613,5103,8551,3353,3708,4899,8359,3251,3521,4153,4697,-0.170274,28.7008,8.91026,48.0347
10576,3403,3441,3409,3158,3804,4141,3723,3473,5260,6655,4559,3836,6214,8295,5220,3833,18.7188,-9.5212,8.68548,48.2827
10577,4466,6493,6567,4467,4428,6395,6019,4320,3686,4020,4090,3667,3331,3486,3501,3218,-15.5754,-0.0647387,8.83192,48.1027
10578,3390,4240,5479,5106,3709,4597,7811,6200,3497,3968,5191,4615,3328,3557,3782,3804,-7.99052,11.1439,8.80786,48.1827
10579,3021,3264,3499,3525,3314,3531,4058,4093,3474,4063,5695,6265,3570,4438,7928,8477,19.9809,16.1788,8.96928,48.1433
10580,3718,3915,3789,3603,4261,5639,4780,3748,4867,7334,5671,3891,4143,4768,4357,3785,4.40098,-4.44127,8.51075,48.1793
10581,6047,4698,3669,3309,9715,5427,3652,3384,6356,4602,3604,3141,4128,3916,3421,3194,-6.12155,-26.4442,8.7261,48.1753
10582,8759,7607,4428,3586,6352,5956,4067,3380,4021,3978,3506,3341,3481,3395,3158,3148,-20.0466,-16.5926,8.72819,48.1087
10583,4437,4240,3549,3288,6603,5820,4062,3447,7105,6372,4171,3465,4731,4426,3661,3342,1.32756,-16.714,8.94161,48.4793
10584,3062,3236,3412,3496,3143,3429,3787,4142,3468,3874,5135,6944,3355,4007,6516,10898,21.8527,24.0608,8.55865,47.936
10585,3347,3927,6242,12511,3387,3802,4742,6061,3242,3520,3780,3929,3235,3223,3443,3454,-29.0832,27.4519,8.53965,47.8967
10586,3263,3680,4565,5340,3417,4076,6168,8413,3251,3786,5043,6275,3168,3521,3912,4344,-4.26148,20.0094,8.66396,48.148
10587,4490,7187,8150,4980,4055,5339,5690,4296,3591,3634,3874,3686,3200,3391,3330,3449,-21.3182,1.60279,8.84778,48.228
10588,4123,4700,4257,3615,4858,7338,5557,3980,4325,5864,4888,3834,3708,3909,3896,3468,-3.35133,-3.92581,8.68217,48.2133
10589,8005,5352,3860,3377,8847,5703,4020,3473,4957,4302,3490,3269,3611,3550,3234,3045,-13.0797,-22.5134,8.68724,48.0633
10590,3472,3347,3239,3093,3854,3797,3362,3214,6108,4691,3626,3388,12843,6116,3927,3290,30.6521,-26.8609,8.87346,47.578
10591,3954,3811,3447,3283,5397,5164,3877,3400,7852,6971,4116,3488,5418,5074,3840,3441,6.67455,-16.5677,8.96809,48.3553
10592,3259,3373,3272,3126,3705,3911,3666,3383,4825,5490,4573,3821,6292,9641,6018,4006,25.2137,-7.19475,8.53986,48.2407
10593,3253,3381,3438,3180,3504,3885,3831,3547,4155,5273,5236,4111,4783,8101,7760,4690,22.9803,-0.364064,8.77598,48.0853
10594,3419,3973,4746,4814,3460,4179,7348,6677,3505,4089,5669,5446,3318,3615,4027,4068,-3.88484,13.9079,8.86209,48.2353
10595,3812,3922,3599,3215,4622,5033,3893,3503,6548,7810,4570,3632,5153,5466,4059,3578,8.03727,-12.7317,8.75549,48.2767
10596,3393,3581,3411,3232,4013,4265,3850,3556,5686,7522,4763,3668,5592,7325,4956,3842,14.7516,-9.16262,8.75771,48.4367
10597,3471,3942,5784,11121,3416,3669,5034,7389,3229,3408,3856,4187,3156,3242,3458,3459,-20.521,30.7008,8.67142,47.8807
10598,5490,9080,6914,4371,4387,5463,4814,3985,3533,3866,3751,3452,3225,3323,3240,3161,-25.1613,-3.41514,8.56677,48.0367
10599,5018,6205,4466,3680,5566,7955,4930,3829,4198,4662,4008,3458,3774,3652,3403,3302,-11.0802,-8.69477,8.50971,48.0707
10600,3332,3756,6003,12604,3314,3786,4749,6038,3232,3341,3719,3993,3205,3276,3388,3398,-33.1366,28.2145,8.79365,47.4227
10601,3412,3963,5332,5506,3656,4369,7314,7352,3384,3788,4892,4979,3231,3466,3772,3915,-8.12916,15.2661,8.57129,48.2207
10602,3620,3482,3289,3194,4564,4084,3552,3146,8469,5116,3868,3405,9571,5593,3851,3290,16.8621,-26.7665,8.59436,48.0627
10603,3405,4092,7028,11840,3369,3802,4910,5998,3225,3456,3733,4005,3091,3217,3311,3396,-30.2389,21.9796,8.97243,47.9187
10604,3146,3380,3622,3613,3196,3558,4224,4721,3368,3979,5577,8566,3384,4002,5748,8450,14.4359,22.6807,8.73833,48.356
10605,4585,6808,6464,4390,4387,6339,6081,4311,3671,4187,4103,3759,3364,3508,3502,3264,-16.2435,-0.538912,8.64954,48.482
10606,6491,10062,5915,3883,4828,5256,4398,3731,3754,3787,3694,3325,3320,3359,3291,3061,-26.7557,-8.61111,8.84895,48.1033
10607,3358,3695,4452,5754,3384,3711,5361,9480,3298,3605,4606,6608,3261,3491,3783,4216,-5.23998,27.8615,8.59052,48.042
10608,3361,3271,3363,3222,3734,3827,3675,3419,4670,5146,4419,3738,6461,9860,5842,4016,28.948,-7.88713,8.57889,48.016
10609,3377,4017,6011,12336,3504,3790,4879,5791,3304,3400,3754,3869,3093,3098,3419,3419,-30.9595,33.8338,8.66001,47.374
10610,3020,3244,3289,3346,3385,3584,3809,3913,3570,4032,5344,5627,3560,4504,8321,9848,25.3969,16.9765,8.88472,48.264
10611,3366,3490,3266,3050,4286,4033,3503,3301,6811,5762,4010,3405,8767,6924,4241,3620,18.6419,-18.7541,8.53864,47.89
10612,3638,4741,9372,8342,3482,4059,5299,5359,3322,3534,3868,3886,3127,3171,3429,3419,-33.336,13.7808,8.81641,48.032
10613,3729,5393,9830,7368,3550,4278,5176,4943,3251,3589,3775,3838,3107,3230,3389,3330,-30.5914,10.9657,8.85018,47.8507
10614,4330,7199,9153,5454,4091,4635,5222,4368,3595,3679,3823,3568,3218,3405,3357,3250,-28.4746,3.53542,8.52276,48.2313
10615,4648,4375,3826,3465,6632,6383,4042,3356,6228,6187,4009,3507,4290,4255,3813,3269,-1.17831,-15.9627,8.68656,48.19
10616,12466,5776,3941,3456,5900,4667,3829,3361,3965,3787,3511,3256,3463,3421,3225,3079,-33.5104,-32.0109,8.76115,47.402
10617,3654,4176,5375,4696,3616,4871,8163,5657,3502,4189,5397,4539,3384,3586,3728,3708,-7.12445,9.38829,8.78679,48.1607
10618,3347,3815,5202,8280,3378,3809,5318,9197,3253,3621,4078,5045,3050,3246,3581,3623,-13.3674,26.919,8.70098,47.8953
10619,3489,4233,6249,6293,3585,4428,7170,6737,3373,3714,4487,4527,3150,3317,3615,3657,-12.6868,14.385,8.5353,48.016
10620,3351,3481,3250,3068,3809,3792,3700,3238,5249,5349,4172,3604,8012,9326,5012,3624,28.1527,-12.687,8.5483,48.0247
10621,3891,4394,4205,3672,4400,6604,5733,4076,4301,6047,5233,3915,3742,4154,4090,3651,-1.41332,-2.29124,8.53993,48.072
10622,4456,4147,3574,3227,6824,5441,3948,3350,7514,6185,3895,3515,4923,4379,3694,3286,1.66128,-19.1073,8.76184,48.2387
10623,3218,3308,3331,3228,3411,3774,3742,3567,4272,5243,5234,4180,4724,8080,8083,4711,23.9199,-0.00884966,8.76853,48.0707
10624,3504,4468,8310,10047,3469,3993,5041,5610,3121,3578,3900,3928,3067,3300,3408,3358,-28.2476,17.4056,8.83162,48.068
10625,3279,4046,7328,11593,3288,3818,4995,5927,3174,3441,3834,4035,3203,3262,3372,3465,-33.7376,20.8968,8.9129,48.04
10626,3241,3302,3361,3182,3449,3696,3916,3697,3975,4794,5311,4403,4293,6972,9059,5415,24.7041,3.72465,8.60023,48.044
10627,3391,3779,4879,6720,3350,3795,5381,9704,3242,3561,4386,5696,3157,3443,3748,3886,-8.44964,25.4897,8.60798,48.0787
10628,3365,3393,3295,3233,3715,4043,3826,3532,4418,6107,5350,3985,5026,8004,6264,4320,19.0978,-3.43848,8.65776,47.9173
10629,4350,7124,9305,5551,3835,4693,5041,4449,3401,3584,3731,3646,3196,3219,3263,3329,-29.2422,3.7124,8.71072,47.8113
10630,3015,3357,3399,3348,3204,3520,3819,3914,3500,4057,5365,5750,3477,4491,8212,9354,24.3777,16.9473,8.76483,47.8547
10631,3433,3352,3213,3144,3824,3714,3430,3171,6064,4839,3809,3383,12045,6784,4071,3427,29.6976,-24.4299,8.52696,47.802
10632,3413,3831,5878,12366,3334,3768,4741,5918,3344,3428,3665,3947,3179,3291,3478,3332,-32.9423,32.9805,8.70214,47.2753
10633,10074,6180,4099,3373,7506,5298,3815,3441,4371,3974,3535,3306,3550,3429,3263,3074,-19.1073,-23.6055,8.59032,48.192
10634,3432,3409,3299,3175,4041,3909,3492,3278,6147,5500,4079,3488,9133,8045,4462,3616,21.6482,-16.5851,8.97811,48.3367
10635,3101,3276,3823,3807,3260,3775,4324,5207,3378,3955,6064,9057,3415,3920,5199,6732,10.4117,21.419,8.61028,48.1953
10636,4251,6719,9423,5613,3879,4656,5474,4391,3452,3583,3760,3606,3261,3366,3345,3368,-25.5361,4.52894,8.72214,48.098
10637,3158,3288,3319,3372,3176,3419,3817,3896,3422,3939,5066,6083,3494,4153,7423,11069,25.9012,20.5078,8.8059,48.0627
10638,3310,3668,3691,3321,3875,4333,4533,3895,4361,6593,7242,4508,4207,5256,5608,4246,10.6318,1.23692,8.70859,48.4313
10639,4339,4134,3572,3278,6385,5458,3930,3404,7510,6349,4037,3370,4818,4580,3724,3366,2.73951,-17.3755,8.80596,48.1693
10640,5289,4492,3653,3208,9252,4986,3802,3378,7169,4877,3781,3253,4224,4015,3440,3252,-3.45903,-33.8273,8.80252,48.0473
10641,3380,3421,3277,3164,4030,3742,3406,3256,5827,4983,3757,3342,11468,7042,4074,3286,32.7516,-21.8669,8.65336,47.6367
10642,3485,4697,8445,9538,3390,4126,5212,5434,3271,3499,3947,3964,3033,3254,3468,3404,-27.4067,16.064,8.58533,48.1113
10643,3119,3476,3635,3692,3389,3647,4592,4768,3562,4173,6928,7686,3425,4080,5723,6307,10.9357,16.817,8.76216,48.1347
10644,5464,4419,3551,3205,9151,5174,3796,3331,7223,4720,3571,3315,4481,3942,3442,3281,-3.59435,-27.9768,8.71778,48.044
10645,3207,3442,3396,3393,3679,3982,4030,3666,4104,5924,6276,4470,4428,6492,7023,4687,16.5864,1.2973,8.90453,48.1327
10646,3716,3728,3662,3158,4409,5101,4041,3424,6206,8032,4739,3701,5062,5529,4314,3541,8.76003,-10.9458,8.8144,48.242
10647,3361,3333,3318,3107,3925,3767,3310,3218,6164,4843,3846,3341,12465,6046,3949,3481,25.8224,-33.8428,8.73713,47.6493
10648,3447,4072,5818,8038,3424,4003,5958,8177,3250,3478,4108,4581,3067,3355,3511,3710,-14.65,20.3702,8.91529,47.998
10649,9139,8840,4653,3591,5314,5086,4049,3454,3803,3794,3424,3313,3364,3344,3323,3076,-30.7369,-15.1793,8.86071,47.7113
10650,3334,3477,3296,3153,4014,4055,3802,3397,5376,7003,4714,3782,6035,7978,5119,3875,17.1158,-9.06985,8.8764,48.2733
10651,3365,3666,4373,4581,3410,4034,6193,6820,3512,4034,6281,6955,3319,3657,4331,4546,0.386323,16.7486,8.94359,48.718
10652,3379,3523,3389,3274,3826,4332,4043,3660,4650,6961,5912,4139,4588,6658,5718,4201,14.2767,-2.87402,8.83735,48.1687
10653,3133,3354,3468,3495,3339,3578,4067,4164,3467,4158,5846,6394,3667,4398,7510,8571,19.5771,16.5326,8.76069,48.406
10654,3432,4042,6150,9936,3406,3801,5299,7709,3139,3477,4070,4423,3149,3263,3384,3562,-18.5445,23.2979,8.60868,48.1613
10655,3369,3874,5954,12729,3249,3731,4773,5969,3245,3401,3748,3905,3095,3219,3330,3438,-31.5614,31.1281,8.74967,47.3527
10656,5417,4378,3603,3291,9315,5184,3833,3315,7047,4678,3769,3404,4084,3864,3448,3231,-3.89229,-33.4513,8.56784,47.9073
10657,3221,3383,3678,3476,3512,3750,4601,4310,3640,4635,7719,6001,3543,4604,6664,5689,12.6356,11.2595,8.7163,48.284
10658,3505,3546,3351,3152,4349,4185,3568,3313,7085,6246,4079,3528,7926,6751,4177,3511,16.2776,-17.6803,8.69075,48.1813
10659,4571,6021,5286,4087,4636,7443,6030,4088,4016,4468,4249,3696,3373,3589,3619,3399,-11.6009,-3.16523,8.64493,48.3807
10660,3904,5026,6816,5363,3830,5099,7580,5325,3434,3935,4400,4147,3207,3448,3539,3477,-13.792,7.49863,8.56084,48.3533
10661,8492,7523,4365,3480,6716,5899,4094,3585,4138,4045,3626,3276,3407,3477,3340,3105,-19.0176,-16.9627,8.84391,48.3787
10662,3458,4174,5870,5658,3602,4436,7681,6939,3402,3790,4662,4657,3161,3390,3746,3649,-10.3369,13.8132,8.77923,48.1833
10663,3198,3257,3458,3411,3179,3453,3752,3917,3275,3793,4764,5868,3523,3972,5923,12587,30.5299,30.0208,8.77073,47.5533
10664,3755,3787,3505,3069,5070,5073,3863,3447,6989,7429,4427,3521,5471,5366,3980,3567,8.23262,-14.1937,8.71032,48.2127
10665,3164,3322,3467,3399,3426,3610,3727,3841,3695,4306,5388,4887,3878,5449,9756,6740,32.519,9.51475,8.58874,48.0367
10666,10424,5667,3906,3478,7892,5008,3916,3352,4273,3942,3501,3171,3372,3406,3324,3072,-18.4359,-33.7355,8.69367,47.8027
10667,9791,8191,4453,3579,5482,5146,4027,3403,3932,3929,3495,3314,3428,3405,3274,3106,-30.8332,-17.2214,8.69548,47.97
10668,10212,7438,4301,3442,6370,5082,4021,3425,3956,3760,3566,3228,3386,3431,3289,3093,-22.9697,-19.3234,8.95839,48
10669,7638,5587,3967,3433,8988,5672,3989,3362,4904,4238,3594,3306,3697,3485,3311,3140,-12.5799,-22.4035,8.79695,48.2073
10670,3195,3319,3434,3434,3304,3486,4171,4262,3480,4128,6180,6717,3537,4257,7123,8210,18.0338,17.0947,8.85037,48.158
10671,3253,3601,3867,3865,3508,3863,5206,5230,3585,4346,7416,7145,3400,3867,5135,5152,6.41192,14.7669,8.71781,48.2927
10672,3305,3424,3310,3253,3713,3738,3710,3361,4921,5256,4481,3600,6590,9932,5563,3701,33.6953,-9.40172,8.83822,47.9053
10673,3168,3403,3771,4015,3362,3626,4427,6015,3368,3810,5279,9806,3214,3714,4660,6213,7.38909,31.6339,8.66806,47.9007
10674,3867,4050,3559,3518,4928,5762,4167,3619,5908,7718,4661,3634,4522,4814,4039,3554,4.8855,-10.8677,8.50507,48.2133
10675,3299,3434,3698,3748,3469,3894,5062,4836,3652,4720,8027,6406,3585,4121,5482,5166,7.98538,11.6786,8.73243,48.3993
10676,11879,7099,4094,3397,6019,4972,3887,3434,3992,3663,3383,3259,3421,3537,3197,3049,-27.8856,-22.1864,8.99524,48.188
10677,3361,3764,5903,12675,3306,3710,4697,6041,3162,3475,3724,3988,3162,3284,3338,3489,-32.977,29.8983,8.89452,47.386
10678,7709,5017,3771,3286,9732,5189,3844,3394,5045,4174,3557,3289,3634,3626,3349,3201,-11.8011,-28.2299,8.8996,47.878
10679,3970,5248,6252,4709,3973,5686,7661,4844,3498,4051,4522,3971,3347,3457,3580,3398,-12.2438,4.57563,8.67223,48.1113
10680,4571,4121,3489,3234,7722,5037,3736,3321,8578,5150,3720,3290,5143,4131,3644,3275,1.78338,-25.9763,8.7457,48.108
10681,3660,4879,8070,6493,3628,4397,6638,5733,3430,3660,4176,4184,3179,3359,3495,3438,-17.9001,11.5441,8.66788,48.2793
10682,3482,3451,3269,3075,4182,3818,3412,3179,7515,5026,3798,3445,11002,5793,3894,3439,20.2329,-28.6766,8.55974,47.8533
10683,6518,9341,5443,3912,4995,5911,4447,3718,3813,3977,3598,3439,3281,3534,3236,3023,-22.3288,-8.90941,8.83105,48.124
10684,4103,4626,4245,3581,4913,7095,5484,4016,4490,6083,4748,3902,3883,3994,3921,3393,-2.40765,-4.89005,8.59774,48.318
10685,3468,3750,3900,3733,3721,4831,5877,4183,4019,5884,7539,4682,3739,4384,4749,4139,4.28357,3.65001,8.97255,48.3987
10686,3283,3883,5095,6206,3412,4021,6325,8827,3243,3782,4641,5384,3196,3331,3765,3902,-8.30717,19.6881,8.80629,48.1973
10687,3529,4347,7931,9954,3424,3957,5275,5902,3263,3489,3838,3955,3009,3208,3463,3386,-24.5513,18.2333,8.85157,47.9533
10688,3716,3648,3368,3108,4886,4518,3642,3257,8551,6417,3962,3333,6874,5554,3997,3465,11.3443,-19.513,8.75296,48.1973
10689,3674,3675,3291,3145,5243,4284,3575,3199,9804,5441,3876,3356,7349,5156,3826,3361,11.1001,-25.7587,8.94431,48.17
10690,3185,3313,3446,3283,3274,3500,3822,3854,3605,4144,5521,5216,3759,5074,9661,7741,27.814,11.9837,8.88932,48.2653
10691,3085,3235,3333,3383,3235,3513,3762,3968,3558,3757,5105,5820,3436,4027,6953,11778,33.5898,22.5165,8.6994,47.9653
10692,4857,5612,4376,3630,5624,8053,4906,3808,4472,5071,4037,3611,3622,3674,3531,3295,-8.75136,-9.01439,8.70311,48.1193
10693,3397,3263,3249,3223,3931,3731,3364,3331,6440,4868,3743,3453,12531,5912,3927,3404,25.5652,-30.8806,8.98943,47.8447
10694,8973,5446,3899,3482,8985,5099,3755,3448,4609,4112,3647,3184,3518,3431,3246,3190,-14.6548,-32.1446,8.92889,48.016
10695,3659,4829,9232,8240,3517,4173,5462,5379,3186,3570,3881,3814,3116,3344,3328,3352,-24.8981,13.5473,8.73864,48.0547
10696,3160,3493,3751,3727,3395,3850,4696,4655,3483,4228,7282,7064,3442,4106,5836,5885,10.3382,15.007,8.61517,48.0353
10697,3094,3124,3392,3325,3199,3422,3807,3870,3412,3751,4709,6241,3373,3951,6079,12646,27.5282,28.3269,8.81023,47.5967
10698,3480,4175,7281,10170,3427,3999,5139,6619,3275,3489,3881,4083,2961,3343,3286,3417,-23.0297,19.8298,8.85527,48.0167
10699,3478,3371,3181,3028,4002,3795,3426,3228,6614,5271,3904,3341,10432,7150,4168,3484,21.9904,-20.3885,8.96012,47.9153
10700,10775,7711,4191,3508,5851,4965,3890,3497,3976,3795,3472,3209,3356,3395,3283,3021,-28.0243,-19.3388,8.76907,47.93
10701,7215,5591,3994,3403,8659,6227,4028,3469,4828,4365,3638,3253,3669,3614,3319,3125,-12.0796,-19.9717,8.87243,48.2647
10702,4032,5547,6946,4840,3966,5632,7272,4658,3626,4006,4279,3827,3251,3408,3559,3412,-14.166,4.0302,8.92192,48.174
10703,6600,6959,4426,3596,6512,7225,4469,3584,4255,4317,3641,3352,3531,3531,3349,3051,-14.8748,-13.5463,8.93232,48.2653
10704,6944,5218,3909,3349,9050,5916,4020,3398,5359,4427,3692,3319,3711,3652,3428,3055,-10.9424,-22.137,8.62598,48.298
10705,3273,3945,5416,6526,3470,4152,6574,8425,3292,3646,4507,5104,3073,3413,3717,3752,-10.3784,18.6492,8.91766,48.19
10706,3295,3378,3130,3117,3956,3855,3421,3233,5754,5442,4177,3463,9434,8359,4579,3445,23.5781,-16.4098,8.88554,48.0253
10707,3140,3242,3381,3392,3242,3571,3640,3965,3492,3854,4893,6048,3388,4059,7079,11646,29.9698,21.3236,8.73001,48.0213
10708,3361,3797,6186,12272,3384,3708,4709,5948,3190,3515,3744,3915,3194,3218,3321,3363,-32.4622,27.5232,8.66008,47.2167
10709,6254,9693,6140,3874,4628,5496,4499,3658,3717,3819,3642,3400,3330,3423,3308,3318,-26.4367,-7.46442,8.69264,48.1327
10710,7179,7417,4382,3680,6315,6710,4262,3541,4180,4226,3628,3304,3363,3524,3333,3186,-16.892,-13.9367,8.91141,48.1533
10711,3069,3400,3759,3984,3341,3730,4529,6200,3320,3890,5711,9507,3330,3781,4679,6031,6.5459,23.3969,8.76574,48.174
10712,3280,3762,4839,6667,3336,3869,5456,9610,3317,3723,4526,5756,3261,3394,3753,3980,-8.69208,25.3486,8.62673,48.3527
10713,3399,3463,3296,3023,3927,3957,3557,3305,6274,5205,3829,3483,10105,7493,4214,3542,22.9453,-19.1593,8.62476,48.048
10714,3193,3400,3319,3161,3596,3791,3685,3619,4153,5031,4861,4023,4870,8565,8137,4535,32.5518,-0.554055,8.88055,47.9593
10715,3507,4171,6876,10828,3420,3889,5182,6563,3220,3473,3898,4144,3008,3308,3306,3411,-22.716,21.4458,8.72165,48.136
10716,10630,7891,4254,3396,5786,4996,3939,3368,4046,3770,3383,3267,3364,3352,3310,3163,-29.9718,-19.2152,8.7487,47.9433
10717,3124,3262,3366,3513,3287,3597,3830,4004,3390,4075,5246,6431,3407,4283,7213,10281,22.5109,19.9126,8.53442,48.206
10718,3269,3286,3269,3080,3819,3988,3722,3256,4930,5842,4320,3677,6528,9741,5597,3849,23.4202,-9.00756,8.98705,48.1153
10719,3916,5464,9294,6533,3743,4534,5812,5181,3388,3672,3843,3662,3055,3207,3463,3333,-22.6743,9.03964,8.53018,48.0667
10720,3292,3727,4979,6950,3423,3928,5263,9739,3308,3661,4381,5373,3104,3395,3676,3731,-9.89293,33.5239,8.65943,47.9533
10721,3055,3188,3290,3409,3301,3509,3970,3980,3524,4029,5517,5763,3548,4668,8443,8905,23.6,15.8021,8.62396,48.066
10722,3107,3283,3456,3452,3275,3541,3899,4507,3413,3951,5056,8070,3334,3899,5612,10125,17.5255,31.3936,8.5216,47.9867
10723,7111,6153,4103,3602,7601,6564,3992,3333,4608,4275,3662,3393,3788,3590,3310,3181,-13.643,-17.3625,8.75565,48.1773
10724,3990,5691,9825,6529,3711,4438,5201,4827,3329,3668,3829,3721,3071,3335,3406,3374,-31.505,8.01948,8.63672,47.9633
10725,4404,5307,4407,3737,5061,7954,5593,3713,4201,5256,4443,3577,3642,3878,3710,3403,-6.69761,-5.66093,8.63666,48.1907
10726,3425,3884,6002,8961,3471,4031,5517,8010,3296,3568,4056,4411,3139,3335,3527,3519,-16.61,22.3707,8.539,48.1013
10727,3311,3922,6275,12517,3368,3766,4833,6237,3301,3504,3827,3883,3029,3207,3483,3399,-28.8248,27.0127,8.6232,47.908
10728,3431,3318,3218,3057,3895,3892,3504,3264,5841,4929,3909,3407,10529,7818,4252,3499,27.3686,-18.8463,8.77495,47.842
10729,3154,3447,3726,3816,3206,3614,4441,5675,3315,3843,5770,9425,3404,3730,5083,6665,8.80209,23.9211,8.5847,48.2093
10730,6774,6117,4183,3533,7007,6761,4359,3506,4467,4481,3675,3346,3508,3674,3364,3188,-13.0106,-15.8358,8.51259,47.962
10731,9557,6708,4187,3411,7024,5712,3908,3488,4236,3990,3567,3334,3400,3384,3272,3044,-18.8866,-20.1052,8.97921,48.148
10732,3462,3438,3246,3146,4213,3926,3483,3178,7759,5078,3849,3394,10671,5830,3965,3383,19.3015,-27.1405,8.66284,48.014
10733,3366,3431,3258,3152,3886,4171,3793,3411,5195,6971,4932,3728,5880,8158,5275,3866,16.9214,-8.27035,8.86868,48.3153
10734,5409,7863,5492,4007,4944,6901,5045,3870,3793,4032,3906,3436,3296,3511,3335,3206,-17.5654,-6.16918,8.74893,48.0307
10735,3492,3497,3342,3265,4144,4230,3803,3504,5544,7408,4860,3788,5581,7200,4977,3767,15.1873,-9.27437,8.62497,48.268
10736,4811,4430,3660,3330,7940,5706,3938,3436,7109,5325,3797,3335,4467,4121,3579,3356,-1.61154,-20.5641,8.79653,48.2267
10737,3120,3214,3461,3575,3252,3571,4158,4829,3450,3797,5273,9081,3320,3891,5410,8607,14.1614,29.8314,8.5369,48.006
10738,3384,3368,3197,3141,3919,3935,3489,3214,6029,4919,3844,3445,11989,6716,4071,3383,28.4241,-23.0735,8.63246,48.0287
10739,5883,9171,6206,4046,4752,5736,4640,3854,3641,3809,3685,3457,3270,3303,3280,3156,-23.1471,-6.08983,8.76504,47.926
10740,9778,7863,4450,3619,6069,5324,3921,3424,3964,3858,3417,3310,3461,3401,3192,3132,-24.0065,-17.4626,8.62077,48.122
10741,4555,6092,5360,4043,4742,7539,6019,4176,3861,4505,4177,3678,3303,3651,3320,3334,-11.752,-2.72401,8.80982,48.2367
10742,3170,3309,3562,3507,3282,3607,4179,4494,3530,4151,6372,7246,3445,4217,6584,7517,15.7005,16.9256,8.72513,48.1147
10743,3399,3610,4341,4426,3581,4153,6331,6393,3546,4251,6429,6145,3217,3791,4438,4481,-0.190724,14.5227,8.74393,48.3547
10744,3446,3710,4908,6546,3365,3735,5346,9858,3348,3647,4395,5815,3129,3311,3665,3992,-8.43277,28.7194,8.68096,48.144
10745,6223,9727,6145,3962,4812,5288,4434,3802,3714,3745,3781,3452,3265,3450,3246,3226,-31.9198,-6.67658,8.54628,48.1813
10746,3235,3557,3334,3364,3690,3959,4156,3586,4245,5976,6228,4371,4488,6737,6980,4574,17.0476,0.284308,8.96547,48.32
10747,3423,4136,7149,11184,3389,3825,5002,5981,3197,3459,3752,3962,3119,3215,3394,3418,-29.0375,21.3948,8.50696,47.7367
10748,3849,4354,4581,3928,4238,6223,6914,4475,3963,5286,5657,4037,3585,3756,3959,3663,-3.36662,1.28685,8.61399,48.312
10749,3167,3432,3390,3324,3376,3694,4039,3966,3823,4508,6554,5191,3892,5429,8753,6169,19.5426,8.78518,8.82801,48.4713
10750,3429,4362,8282,10228,3401,3977,4997,5523,3304,3483,3864,3806,3176,3255,3321,3449,-31.5972,17.8271,8.96335,47.9047
10751,3209,3434,3435,3456,3649,4025,4100,3657,4249,6262,6476,4417,4491,6336,6504,4431,15.5172,0.43922,8.8277,48.0873
10752,3490,4044,5742,5655,3638,4316,7459,6866,3439,3847,4854,4788,3303,3541,3678,3754,-9.65032,14.3164,8.5878,48.276
10753,4640,7947,8307,4914,4044,5126,5276,4262,3526,3859,3765,3575,3250,3345,3408,3239,-24.577,0.742587,8.9443,48.322
10754,10860,6445,4043,3424,7078,5165,3979,3343,4210,3862,3457,3240,3397,3388,3217,3023,-21.0216,-23.0232,8.96486,48.0873
10755,3405,3746,4290,4085,3547,4261,6369,5692,3505,4366,6898,6025,3423,3782,4552,4518,1.39226,12.9373,8.86481,48.3093
10756,3316,3574,4508,5832,3279,3814,5150,9775,3307,3478,4600,6614,3189,3413,3837,4154,-5.25301,29.5075,8.97107,47.8933
10757,3709,4328,5694,5183,3733,4787,7971,6121,3516,3872,4741,4611,3277,3501,3643,3608,-9.96223,10.9458,8.65056,48.1967
10758,4142,6276,9197,5585,3957,4908,5679,4612,3454,3699,3917,3757,3260,3252,3370,3306,-22.5878,5.13036,8.88542,48.2473
10759,3138,3204,3519,3481,3239,3605,3982,4483,3464,3796,5483,8074,3359,3904,5801,9150,16.4537,24.1799,8.61985,47.788
10760,3324,3694,4469,5686,3252,3730,5031,9606,3296,3638,4644,6887,3260,3472,3913,4250,-4.66686,30.5824,8.81197,48.1013
10761,4244,3905,3447,3196,6454,4496,3533,3301,9716,5309,3812,3424,5886,4609,3669,3212,5.68474,-28.799,8.71117,48.142
10762,3375,4298,7689,10745,3347,3934,5106,6048,3270,3469,3810,3896,3083,3181,3419,3253,-26.7588,19.8733,8.98795,47.9487
10763,3179,3067,3413,3453,3328,3346,3905,4090,3393,3904,5076,7238,3446,3890,5694,11309,20.7752,32.7401,8.7476,47.8207
10764,3321,3579,4308,5210,3386,3760,5038,9000,3353,3752,4702,7422,3173,3493,3977,4333,-2.5938,31.8359,8.76615,47.8713
10765,3821,3973,3753,3421,4411,5987,4590,3776,4976,7696,5305,3908,4206,4699,4138,3736,3.84758,-5.89237,8.82622,48.264
10766,3160,3428,3920,4079,3316,3722,4802,6293,3336,3932,5978,8756,3277,3867,4780,5500,5.00869,21.9049,8.77971,48.0973
10767,5512,4630,3651,3233,8878,5984,3923,3420,6343,4902,3709,3300,4206,4024,3434,3149,-5.07623,-21.0118,8.91894,48.1987
10768,3081,3257,3387,3365,3179,3437,4019,4268,3363,3853,4942,8019,3223,3878,5872,10595,18.6903,27.6139,8.92906,47.8253
10769,3608,4487,8632,9345,3465,4001,5187,5388,3193,3578,3920,3973,3032,3255,3336,3430,-29.4107,16.0216,8.50786,47.8867
10770,5252,4560,3523,3405,9194,5022,3840,3432,7012,4655,3595,3272,4421,4111,3483,3219,-3.33181,-32.9557,8.64582,47.9973
10771,3245,3347,3361,3201,3716,3843,3816,3599,4484,5749,5325,4100,5180,8380,6666,4484,20.8188,-3.07901,8.91918,48.3307
10772,3455,3303,3249,3231,3923,3701,3354,3113,6150,4833,3790,3421,12640,6220,3899,3296,31.0546,-27.7572,8.79516,47.7187
10773,12040,6849,4067,3415,5943,4828,3813,3365,3963,3777,3486,3143,3298,3380,3197,3084,-30.2216,-22.5746,8.84794,47.7653
10774,11953,6747,4064,3391,5851,4866,3891,3342,3867,3710,3476,3230,3417,3470,3224,3106,-29.9639,-22.9537,8.70484,47.7367
10775,4996,8643,7655,4655,4291,5147,5054,4096,3614,3789,3717,3480,3228,3396,3292,3200,-25.3678,-1.43406,8.75415,48.1687
10776,5152,4285,3573,3263,8920,5280,3789,3270,7400,5021,3668,3428,4388,3963,3532,3218,-2.40592,-25.2415,8.78463,48.1
10777,3227,3334,3292,3245,3525,3686,3771,3540,4175,5056,4993,4268,4902,8529,8090,4727,27.871,-0.661828,8.91881,48.24
10778,3422,3411,3250,3103,3937,3793,3531,3246,5656,5184,3951,3469,10130,8282,4425,3476,27.8377,-17.85,8.72989,48.1773
10779,3737,3891,3532,3353,4699,5352,4047,3597,5909,8017,4799,3525,4775,5212,4150,3624,6.99109,-10.1472,8.90017,48.146
10780,3353,3646,4212,4264,3589,4134,6543,5874,3567,4237,6671,6110,3369,3705,4454,4419,0.584335,13.5283,8.99365,48.098
10781,8643,9090,4791,3596,5217,5214,4070,3531,3931,3910,3615,3276,3447,3344,3278,3054,-26.3719,-14.2666,8.72499,48.0047
10782,3888,3864,3806,3437,4653,5807,4390,3659,5263,7666,5183,3809,4228,4922,4142,3587,4.47085,-7.07036,8.7933,48.2027
10783,3469,4123,7486,10988,3385,4089,4967,5712,3207,3389,3815,3934,3072,3279,3376,3393,-33.2822,19.7942,8.90529,47.7893
10784,5521,9351,6888,4292,4395,5105,4756,3898,3543,3775,3734,3439,3224,3361,3377,3214,-27.7226,-4.21275,8.59622,47.9153
10785,4183,3697,3239,3152,6237,4423,3654,3295,10051,5311,3699,3402,6288,4749,3605,3281,7.20087,-28.5561,8.93017,48.1773
10786,4974,8875,7720,4436,4327,4969,4759,4004,3705,3840,3736,3555,3310,3331,3373,3302,-31.9701,-1.7307,8.79614,48.144
10787,6319,4799,3777,3299,9616,5438,3754,3405,6022,4567,3495,3275,4011,3794,3486,3129,-7.41664,-25.0473,8.74137,48.124
10788,3245,3873,6378,12339,3361,3779,4728,6082,3219,3496,3820,3976,3101,3262,3364,3453,-30.8409,25.4435,8.6327,47.6507
10789,3317,3585,4273,4775,3339,3755,5371,7943,3370,3860,5283,7675,3203,3593,4203,4692,-0.3986,22.5209,8.85929,48.158
10790,3457,3545,3233,3160,4243,3956,3559,3270,8019,4994,3805,3390,10205,5695,3817,3448,18.4342,-29.6871,8.59389,47.864
10791,7521,7200,4391,3515,6594,6573,4198,3533,4263,4088,3695,3306,3446,3482,3278,3133,-17.0167,-15.6507,8.72933,48.144
10792,3158,3373,3541,3555,3344,3588,4244,4699,3503,4154,6480,7957,3559,4209,5879,7183,12.9797,18.2834,8.87055,48.284
10793,3385,3409,3315,3091,3983,3980,3639,3280,6017,5957,4183,3532,8138,7993,4539,3540,20.4304,-15.0978,8.69712,47.9873
10794,3183,3182,3438,3484,3199,3401,3800,4182,3434,3908,5131,7704,3488,3939,5632,10635,19.3105,32.2242,8.75074,47.8267
10795,3146,3241,3435,3380,3314,3571,3804,3881,3448,4106,5208,5373,3529,4535,8872,9049,33.1164,15.0292,8.77709,47.928
10796,3135,3238,3329,3357,3316,3569,3846,3981,3381,3988,5150,5676,3448,4350,8294,9849,31.7168,17.5528,8.76713,47.938
10797,3336,3426,3313,3242,4010,3809,3489,3287,5738,5062,3759,3432,10731,7649,4087,3463,33.8192,-19.3749,8.87615,47.8887
10798,4136,3908,3363,3223,6913,4688,3727,3366,9288,5203,3827,3447,5468,4443,3588,3371,4.35305,-31.6279,8.53997,47.9727
10799,3417,3806,4732,4976,3441,4204,6749,7411,3404,3934,5488,6008,3286,3457,3873,4158,-3.91383,16.54,8.79914,48.2293
10800,3449,4423,7834,9218,3547,3980,5647,6202,3282,3534,3911,3870,3094,3179,3457,3404,-21.7742,17.0317,8.69983,48.0207
10801,3516,3638,3203,3075,4362,4023,3538,3234,7912,5624,3953,3328,9156,6023,3950,3392,16.7774,-22.006,8.86043,47.9513
10802,3232,3349,3313,3295,3413,3704,3836,3702,3923,4887,5379,4430,4449,7174,8762,5303,24.0559,2.90459,8.86694,48.1007
10803,3202,3442,3929,4130,3231,3621,4683,6208,3398,3996,5720,9357,3369,3861,4727,5725,6.21029,22.8265,8.76049,48.3993
10804,3397,3771,3942,3883,3569,4276,6122,4917,3630,4870,7754,5555,3561,3961,4750,4287,3.5862,9.10797,8.90228,48.1633
10805,4260,3978,3397,3206,7239,4804,3736,3300,9160,5200,3819,3349,5342,4413,3678,3250,3.24964,-26.1624,8.80252,48.0873
10806,3252,3453,4300,5203,3356,3794,5105,8935,3276,3727,4856,7804,3239,3414,4077,4487,-1.77611,28.9811,8.91051,48.1853
10807,12388,6169,3873,3278,6580,4875,3693,3327,4054,3769,3462,3171,3327,3375,3157,3219,-24.8984,-27.3018,8.95234,47.8113
10808,3177,3278,3459,3320,3466,3888,4114,3900,3758,4828,6850,5137,3994,5392,8131,5659,17.7615,7.18657,8.56453,48.234
10809,3486,3424,3236,3138,4152,3926,3497,3190,7096,4939,3764,3396,11488,5841,3968,3353,22.1732,-28.9918,8.73281,47.9293
10810,3545,3624,3220,3130,4738,4205,3592,3268,8741,5179,3910,3346,8749,5462,3872,3418,14.9505,-32.4831,8.51872,47.9993
10811,3434,4601,8054,8705,3536,4056,5755,6118,3383,3482,3972,4009,3112,3245,3359,3442,-21.4499,16.0747,8.76077,48.1753
10812,3161,3239,3366,3289,3380,3639,3775,3747,3860,4729,5779,4705,4103,6209,9344,5945,22.8786,6.16191,8.99215,48.18
10813,3982,4247,3667,3437,4951,6433,4576,3676,5272,7284,4798,3631,4384,4550,3911,3514,1.80276,-8.00872,8.59705,48.2087
10814,3745,4689,6675,5315,3706,5073,7847,5421,3409,3927,4669,4072,3173,3479,3620,3639,-12.2982,8.49227,8.83676,48.306
10815,3627,3637,3271,3135,4619,4566,3682,3383,6837,7327,4409,3566,6046,6097,4156,3656,11.5886,-14.1865,8.56179,48.0093
10816,3116,3143,3346,3343,3276,3526,3799,3910,3373,3809,4835,6375,3399,4045,6066,12080,25.003,31.8951,8.51603,47.6273
10817,6635,4794,3837,3297,9865,5203,3868,3292,5708,4340,3577,3223,4010,3681,3290,3170,-8.82589,-32.5257,8.60322,47.86
10818,3098,3369,3404,3275,3523,3690,3710,3670,4125,4995,5019,4228,4664,8085,8349,4915,30.3352,0.782665,8.51982,48.0793
10819,3151,3214,3335,3347,3203,3434,3832,3779,3525,3668,4655,5871,3335,3996,6061,12771,28.7162,33.7714,8.99655,47.4513
10820,5458,4514,3605,3214,9402,5177,3747,3409,6967,4647,3737,3255,4204,4048,3446,3186,-3.98269,-32.5192,8.64146,48.0107
10821,3340,3875,6073,12629,3387,3731,4835,6009,3261,3324,3864,3776,3079,3259,3383,3302,-30.2993,31.9727,8.62036,47.418
10822,4099,5729,8762,5716,3813,4806,6517,4910,3516,3740,3984,3758,3177,3368,3352,3330,-19.2707,6.96892,8.78479,48.3847
10823,3815,3637,3389,3115,5298,4302,3742,3290,9076,5904,3905,3385,6989,5217,3768,3343,10.7067,-22.7942,8.53852,48.1167
10824,3096,3183,3397,3461,3285,3420,3818,3960,3332,3748,4841,6910,3448,3990,6181,11940,23.379,27.1102,8.86572,48.0067
10825,3449,3915,4426,4168,3668,4435,6971,5390,3635,4545,6951,5417,3369,3798,4310,4084,-0.140059,10.2884,8.98045,48.354
10826,3453,3367,3258,3186,4437,4056,3485,3293,8048,5023,3805,3395,10014,5585,3880,3409,17.7811,-31.9292,8.65202,47.796
10827,3438,4067,5671,7178,3442,3987,6382,8470,3177,3609,4313,4886,3057,3362,3507,3723,-12.292,19.8252,8.94855,48.1793
10828,3814,3733,3397,3215,4697,4929,3882,3478,6582,8000,4533,3607,5352,5409,4194,3459,8.60465,-12.6162,8.86936,48.1873
10829,3403,3657,4598,6093,3293,3745,5393,10119,3254,3638,4225,6141,3286,3369,3774,3975,-7.22301,27.2666,8.9861,47.9753
10830,3229,3362,3318,3390,3463,3807,4056,3672,4057,5263,6455,4560,4188,6163,7834,5016,17.8342,3.55238,8.84355,47.8887
10831,3428,3980,5126,4938,3610,4645,7987,6350,3577,4049,5377,4828,3232,3564,3833,3811,-6.06746,11.7802,8.97938,48.2233
10832,3240,3651,3669,3517,3704,4329,4699,3999,3954,5803,7907,4796,3846,4967,5709,4519,10.1138,4.26799,8.9972,48.206
10833,3477,3571,3466,3306,4065,4492,4129,3605,4851,7760,5632,3979,4668,6068,5024,3964,11.653,-4.9878,8.72434,48.038
10834,3247,3974,6386,12462,3460,3808,4895,6269,3126,3439,3716,3936,3064,3252,3349,3454,-27.9417,25.2121,8.87054,47.8913
10835,3654,4026,4274,3822,3846,5317,6569,4536,3985,5400,6734,4593,3574,4121,4301,3947,0.0816088,4.16086,8.87272,48.466
10836,4148,6653,9413,5548,3999,4533,5376,4584,3323,3761,3726,3656,3180,3409,3297,3288,-26.2671,4.69936,8.53838,47.9293
10837,4228,5081,4662,3813,4785,7929,5900,3935,4178,5263,4501,3703,3603,3830,3725,3378,-6.21396,-3.70576,8.91209,48.3427
10838,6960,5262,3885,3283,9064,6098,4036,3470,5249,4440,3546,3257,3731,3644,3317,3139,-10.7546,-21.7531,8.92944,48.254
10839,3168,3606,3785,4020,3371,3831,5057,5560,3380,4092,6850,7819,3448,3831,5098,5389,6.31254,17.0422,8.77007,48.2033
10840,3169,3283,3506,3450,3384,3897,4361,3973,3703,4902,7383,5247,3945,5130,7378,5430,14.9042,7.6867,8.85604,48.094
10841,3435,4037,6363,11333,3493,3886,5024,6794,3221,3493,3838,4122,3099,3241,3447,3389,-22.5169,24.6358,8.67926,48.1433
10842,3386,3983,5914,12740,3420,3730,4816,6204,3282,3317,3730,3822,3111,3193,3325,3413,-26.9807,30.8493,8.88264,47.5907
10843,3282,3410,4034,4301,3383,3764,4674,7208,3325,3847,5012,9134,3247,3603,4350,5445,3.22808,29.8933,8.5928,48.0127
10844,4220,4099,3398,3220,5658,5515,3884,3427,7263,7022,4076,3428,4889,4790,3816,3375,3.96975,-15.8369,8.62429,48.0533
10845,12184,6455,3980,3304,6111,4699,3825,3436,3964,3710,3377,3219,3466,3513,3216,3221,-31.0885,-25.7714,8.62332,47.7867
10846,3480,3390,3189,3171,4112,3883,3641,3183,7541,4945,3709,3410,11080,6012,3921,3371,19.9637,-27.1788,8.99437,48.0253
10847,3626,4072,4501,4127,3658,5115,7414,5140,3716,4481,6363,4812,3404,3808,4088,3907,-2.2779,7.56589,8.74325,48.1547
10848,3808,3812,3391,3169,5813,4424,3596,3295,9780,5348,3840,3421,6467,4856,3616,3477,8.00206,-33.671,8.65665,48.0753
10849,4331,3962,3451,3111,7164,4738,3691,3337,9227,5064,3849,3403,5362,4380,3594,3296,3.45039,-29.3352,8.565,47.9733
10850,3355,4098,6693,12310,3405,3817,4840,6039,3226,3451,3700,3905,3040,3236,3410,3391,-28.5064,24.0854,8.78752,47.944
10851,4043,4894,5421,4291,4150,6081,7599,4574,3800,4472,4806,4007,3397,3694,3635,3548,-8.51618,3.21311,8.59856,48.2747
10852,3536,4371,6795,6262,3462,4462,7257,6750,3258,3721,4367,4386,3131,3349,3515,3566,-13.7472,13.5785,8.792,48.1253
10853,3423,3308,3281,3090,3775,3774,3499,3307,5898,4682,3746,3385,12759,6048,3915,3458,29.7047,-31.2417,8.70045,47.5653
10854,3198,3537,3662,3525,3567,3932,4502,4145,3819,4879,8008,5634,3646,4556,6358,5274,11.8567,9.13586,8.89908,48.1613
10855,3200,3204,3390,3395,3238,3501,3834,3965,3431,3842,5097,6032,3542,4114,7338,10937,25.2869,20.3598,8.89259,48.04
10856,4020,4705,4206,3637,4779,7525,5698,3895,4410,5734,4910,3715,3831,3949,3627,3456,-3.71614,-4.58559,8.76683,48.0647
10857,3684,3707,3464,3180,4839,4354,3719,3356,8379,6201,3992,3452,7030,5735,3959,3371,12.2267,-19.8032,8.69455,48.2813
10858,3362,3981,6557,12274,3281,3708,4796,6104,3220,3512,3837,3964,3128,3176,3414,3361,-32.0366,23.9788,8.83214,47.7833
10859,4319,7060,9123,5168,4064,5054,5480,4433,3434,3628,3767,3565,3199,3207,3324,3277,-23.3729,2.7751,8.9296,48.068
10860,3174,3455,4042,4296,3377,3761,4631,6880,3339,3661,5191,9436,3223,3697,4367,5572,4.31202,32.1884,8.73535,48.068
10861,3194,3310,3592,3696,3253,3546,4247,4964,3329,3890,5126,9356,3430,3864,5184,7829,12.4085,33.7664,8.57712,47.8733
10862,3065,3321,3366,3437,3234,3432,3802,4020,3434,3886,4892,6061,3341,4115,7187,11512,27.3673,21.8616,8.72963,48.07
10863,3277,3625,4513,5770,3349,3739,5306,9678,3157,3717,4539,6675,3192,3425,3933,4126,-5.3222,27.2703,8.87309,48.014
10864,3832,3932,3716,3394,4630,5874,4418,3751,5091,7652,5151,3833,4365,5010,4088,3618,4.35486,-6.65719,8.957,48.2367
10865,3229,3518,3685,3595,3409,3888,4720,4555,3489,4547,7903,6625,3517,4171,6144,5804,10.9682,12.7419,8.91304,48.5327
10866,3390,3809,4882,6968,3471,3970,5403,9943,3215,3608,4347,5558,3204,3360,3635,3728,-9.51451,28.256,8.8286,48.3273
10867,4949,8307,7103,4381,4350,5715,5271,4050,3630,3851,3789,3600,3256,3417,3365,3357,-21.3534,-1.76508,8.74467,48.2607
10868,7801,7923,4542,3602,6016,6205,4134,3549,4126,4030,3594,3325,3416,3411,3323,3097,-19.4813,-14.6489,8.8403,48.0627
10869,3176,3333,3417,3335,3418,3670,4169,3962,3826,4869,6755,5037,4018,5432,7913,5557,17.6495,6.78985,8.66517,47.9247
10870,3223,3451,3967,4071,3416,3687,5306,5826,3517,4134,6655,7486,3354,3740,4885,5195,4.95706,17.2434,8.60734,47.942
10871,3935,4699,4499,3917,4519,6986,6202,4076,4141,5607,5107,3920,3556,3868,3873,3597,-4.1098,-1.91079,8.66582,48.3347
10872,4873,8740,7898,4597,4146,5022,4672,4211,3582,3813,3759,3570,3267,3371,3404,3175,-31.2613,-1.22168,8.94615,48.0667
10873,3207,3352,3533,3521,3324,3628,4322,4257,3557,4394,7099,6214,3586,4497,6897,6373,14.594,13.387,8.57262,47.8407
10874,4740,4152,3545,3270,8368,4932,3630,3332,8180,5034,3819,3346,4754,4151,3441,3229,-0.126002,-33.2106,8.817,47.9487
10875,6064,5040,3797,3308,9182,6055,3996,3447,5659,4619,3734,3186,3972,3699,3370,3160,-8.00863,-21.094,8.66569,48.192
10876,5880,9792,6496,4183,4625,5273,4484,3729,3769,3931,3716,3379,3229,3475,3255,3267,-27.8036,-5.72213,8.78111,48.322
10877,10929,7629,4258,3445,5765,4950,3854,3374,3937,3812,3450,3259,3352,3421,3412,3078,-30.0381,-19.9637,8.74736,47.95
10878,5255,9030,7255,4497,4290,5147,4766,3926,3557,3744,3786,3469,3300,3344,3223,3151,-27.0347,-2.67019,8.75071,47.8267
10879,3991,4516,4154,3643,4559,6982,5908,4090,4205,5792,5230,3941,3775,4035,4049,3558,-2.67105,-2.66723,8.79053,48.2853
10880,7479,7780,4631,3589,6179,6160,4340,3636,4119,4016,3528,3293,3428,3529,3305,3102,-18.6455,-14.0433,8.56606,48.076
10881,3277,3496,3789,3755,3398,3808,4800,4925,3560,4373,7264,7261,3472,3943,5471,5677,8.95822,15.2384,8.52919,48.1793
10882,7207,8466,4754,3760,5630,6057,4346,3621,3931,3907,3676,3343,3400,3378,3307,3117,-20.1255,-12.6563,8.5489,47.9333
10883,3795,4354,4679,4059,4068,6286,7135,4481,3942,5062,5521,4203,3557,3813,3917,3753,-4.28369,2.3617,8.78749,48.4167
10884,3377,3344,3196,3125,3938,3821,3491,3319,6140,4687,3799,3431,12406,6231,3891,3342,28.1106,-27.4477,8.50657,47.692
10885,3036,3236,3514,3556,3228,3444,4014,4325,3467,3790,5357,7981,3330,3992,5899,9879,17.8081,24.3175,8.84634,48.032
10886,3119,3416,3834,3952,3348,3642,4559,5833,3392,3836,5538,9603,3350,3733,4701,6352,7.85397,25.4788,8.58932,48.1387
10887,3448,3402,3223,3052,3898,3790,3445,3264,6087,4876,3701,3337,12232,6374,3976,3396,29.4933,-25.7877,8.54721,47.6673
10888,3104,3259,3251,3452,3227,3502,3726,3927,3592,3908,5115,5944,3440,4257,7986,10367,26.1905,18.3991,8.72413,48.038
10889,3157,3289,3356,3406,3226,3512,3722,4002,3340,3729,4705,5935,3387,3860,6005,12761,31.133,30.6898,8.94104,47.5947
10890,4190,3841,3509,3175,6396,4642,3559,3383,9363,5481,3810,3357,5863,4708,3639,3285,5.94986,-26.5388,8.50547,48.134
10891,5931,4650,3693,3351,9737,5218,3872,3349,6173,4596,3624,3260,3959,3757,3491,3239,-6.41968,-31.2563,8.60312,47.9333
10892,3615,5271,10004,7334,3566,4337,5127,5029,3285,3518,3746,3730,3222,3207,3253,3266,-30.1211,10.9376,8.95319,47.6733
10893,8701,8834,4673,3599,5503,5359,4061,3608,3877,3899,3581,3356,3389,3325,3221,3030,-25.4615,-14.8579,8.93067,48.0107
10894,3236,3570,4589,5977,3392,3795,5129,9770,3276,3603,4544,6518,3158,3391,3823,4074,-5.71993,30.7962,8.75788,47.8967
10895,3275,3744,5008,5938,3441,4051,6346,8906,3303,3716,4787,5618,3081,3418,3708,4121,-7.38054,19.7704,8.92899,48.3073
10896,4410,4035,3499,3207,7676,4763,3766,3290,8905,5066,3776,3416,4968,4347,3563,3197,1.57973,-33.1303,8.81799,47.9227
10897,3300,3448,3188,3122,3959,3891,3278,3252,6907,4935,3805,3387,11895,6075,3972,3401,22.6698,-28.5698,8.86435,47.8767
10898,3407,4126,7449,11063,3563,3885,4909,5719,3255,3406,3874,3915,3137,3224,3390,3281,-30.3002,19.9709,8.84669,47.7353
10899,3110,3425,3757,3871,3270,3774,4556,5302,3377,4001,6370,8609,3413,3800,5261,6479,9.81991,19.678,8.85446,48.25
10900,3375,3724,4647,6210,3379,3684,5382,9756,3340,3676,4591,6180,3210,3309,3800,4118,-7.03607,26.2742,8.94905,48.254
10901,3564,3437,3186,3090,3844,3779,3466,3294,5767,5039,4058,3544,9894,8129,4358,3511,26.7782,-17.7482,8.51152,47.9733
10902,3594,3641,3383,3171,4356,4487,3669,3307,6812,7110,4472,3568,6417,6503,4405,3526,13.3835,-14.1187,8.66294,48.2807
10903,3758,4587,5432,4333,3917,5698,8097,5017,3737,4285,5123,4198,3374,3455,3709,3554,-8.30761,4.69714,8.99184,48.1827
10904,3328,4198,7914,10613,3465,3852,5071,5707,3302,3494,3848,3924,3183,3239,3481,3443,-33.4365,18.8554,8.95582,48.0413
10905,3052,3170,3427,3406,3134,3521,3836,4024,3382,3741,4785,6098,3441,3950,6499,12472,27.8804,25.5057,8.83312,47.9587
10906,4470,7244,8888,5269,4059,4830,5267,4466,3465,3776,3840,3541,3132,3380,3357,3181,-26.8411,2.56713,8.63963,48.11
10907,3352,3344,3359,3125,3974,3780,3535,3212,6014,4806,3700,3326,12106,6687,3940,3405,30.5813,-23.8436,8.54629,47.7767
10908,4414,4113,3636,3180,7125,5182,3788,3295,8043,5721,3897,3391,4955,4255,3644,3222,2.04523,-21.1046,8.77681,47.9073
10909,3602,4670,8792,9206,3601,4028,5055,5343,3245,3554,3861,3881,3214,3267,3428,3390,-30.3779,15.4366,8.88204,48.0913
10910,3601,3674,3541,3237,4248,4893,4040,3466,5657,8056,5052,3748,5036,5857,4476,3686,9.92395,-8.54188,8.7435,48.1787
10911,3337,3905,5201,8055,3379,3862,5109,9473,3328,3446,4170,4881,3153,3294,3553,3677,-12.9013,32.1439,8.72625,47.882
10912,3432,4296,7040,11158,3428,3876,5030,6232,3201,3449,4002,4041,3090,3241,3353,3412,-24.5886,21.9146,8.56875,48.1873
10913,3835,3838,3593,3312,4754,5513,4028,3468,6072,7879,4576,3670,4811,5205,4046,3529,6.36088,-11.2242,8.52011,48.086
10914,3737,3566,3299,3142,4791,4528,3600,3319,7769,6932,4124,3501,6637,5922,4022,3450,12.0759,-16.9881,8.86235,48.226
10915,10815,7485,4103,3389,5808,4942,3937,3490,4031,3924,3430,3192,3439,3387,3234,3194,-33.522,-20.0364,8.55426,47.8667
10916,3392,3707,3522,3478,3850,4507,4506,3816,4445,7061,6589,4225,4299,5527,5349,4186,10.4101,-0.823755,8.88468,48.306
10917,4240,5125,4684,3857,4508,7620,6142,4108,4011,5015,4758,3853,3501,3793,3750,3379,-6.82825,-3.00258,8.68694,48.2293
10918,5489,6182,4374,3654,6073,7923,4644,3625,4280,4681,3891,3468,3472,3660,3575,3270,-11.6741,-10.5073,8.7242,48.174
10919,3727,4213,4908,4504,3800,4942,7866,5417,3614,4199,5678,4592,3408,3616,3967,3797,-5.5297,8.24887,8.60627,48.1653
10920,3266,3390,3388,3230,3593,3657,3849,3558,4079,4915,5065,4256,4590,7955,8676,5008,28.7529,1.21916,8.61281,48.3167
10921,3711,4773,9349,8275,3501,4100,5276,5343,3340,3548,3855,3833,3081,3323,3397,3407,-25.8919,13.3521,8.95361,48.0747
10922,3472,4145,7291,10393,3411,4018,5217,6407,3210,3479,3875,3982,3008,3225,3422,3433,-23.166,19.9985,8.65614,47.992
10923,5711,6328,4423,3627,6297,7409,4636,3546,4378,4557,3893,3325,3621,3674,3465,3173,-12.4493,-12.1708,8.5135,48.042
10924,4440,4097,3447,3217,7306,4805,3668,3432,9014,5028,3836,3296,5254,4356,3711,3305,2.79398,-32.2148,8.6033,48.1413
10925,3044,3445,3560,3575,3381,3569,4098,5152,3328,3761,5032,9545,3470,3813,5198,8140,12.9344,28.7426,8.77465,48.074
10926,3668,3589,3251,3147,4658,4074,3578,3169,8756,5319,3948,3471,8999,5499,4013,3304,15.3396,-25.9328,8.95188,48.2953
10927,3191,3286,3397,3357,3268,3475,3848,3903,3458,3956,5010,5795,3404,4111,7047,11519,30.9317,21.4681,8.64606,48.0167
10928,5477,8244,5517,4048,4839,6575,4979,3879,3873,4093,3807,3510,3375,3447,3334,3099,-18.2702,-6.42714,8.65641,48.064
10929,4327,4432,3836,3402,5526,6925,4362,3501,5571,6834,4410,3608,4162,4364,3686,3386,-0.337521,-10.9587,8.74414,48.2213
10930,5915,7498,4804,3731,5656,7289,4592,3733,3958,4369,3732,3450,3483,3390,3287,3217,-15.6878,-10.0557,8.86475,48.0693
10931,3314,3389,3388,3226,3648,4069,3832,3551,4327,6006,5510,4215,4872,7724,6799,4379,19.0062,-1.80301,8.69559,48.166
10932,3619,3791,3664,3459,4106,5209,4838,3805,4584,7524,6200,4014,4144,5088,4518,3903,6.32982,-2.92008,8.97796,48.3107
10933,3244,3493,3934,4432,3327,3715,4978,7127,3309,3789,5389,9066,3202,3624,4433,5246,3.12164,24.9782,8.82466,48.2053
10934,3391,4152,6923,10122,3461,3933,5334,6912,3259,3599,3912,4171,3056,3156,3394,3476,-20.8456,20.6096,8.56003,48.1673
10935,3808,3865,3587,3293,5088,4915,3782,3447,7439,7141,4350,3558,5548,5267,3973,3457,7.80462,-15.7464,8.57505,48.3453
10936,3352,3312,3166,3099,4058,3853,3415,3267,6497,4941,3892,3292,12105,6399,3952,3391,24.3809,-25.69,8.76752,47.994
10937,3461,3692,3954,3665,3617,4457,5423,4358,3943,5471,7834,4954,3821,4397,4998,4270,5.77607,5.50938,8.55032,48.21
10938,10923,6188,3923,3377,7205,5148,3888,3392,4216,3934,3477,3357,3379,3461,3356,3119,-20.9555,-25.0929,8.69371,48.2287
10939,3463,3350,3233,3175,3884,3745,3394,3311,5858,4654,3781,3320,12458,5922,3787,3435,31.944,-31.8029,8.53843,47.18
10940,3107,3441,3790,3944,3310,3615,4560,6143,3285,4006,5946,9120,3297,3840,4741,6063,6.87946,22.8139,8.74734,48.1387
10941,3250,3803,4512,5173,3318,3798,5766,8619,3249,3693,5103,6785,3136,3478,4108,4399,-3.06821,21.5242,8.78176,48.1267
10942,3151,3308,3513,3421,3387,3572,3860,4001,3515,4346,5994,5623,3743,4732,8566,7454,20.6774,12.683,8.63042,48.124
10943,3480,3463,3172,3197,4348,4013,3508,3195,8007,5179,3712,3272,9931,5909,3979,3337,18.0987,-25.1602,8.72583,47.8013
10944,10388,7182,4165,3415,6515,5228,3967,3352,3978,3844,3537,3271,3442,3346,3187,3085,-22.1144,-20.1102,8.57901,47.9347
10945,3277,3331,3371,3245,3536,3768,3829,3640,4159,4898,4969,4213,4604,8030,8580,4762,32.824,0.533639,8.56828,48.1413
10946,3597,4150,5616,5438,3528,4382,7708,6752,3404,3884,4972,4584,3274,3511,3747,3765,-9.1356,13.2879,8.72504,48.208
10947,3326,3571,3619,3385,3780,4356,4293,3831,4357,6989,6619,4178,4334,5824,5639,4268,11.8813,-0.709164,8.76952,48.246
10948,5297,9044,7427,4445,4370,5298,4874,3932,3650,3775,3786,3508,3227,3390,3299,3177,-26.1541,-3.02184,8.89345,48.3327
10949,3754,3688,3416,3138,4823,4729,3786,3368,7313,7430,4342,3508,5838,5659,4129,3427,10.0839,-15.0613,8.91446,48.232
10950,3091,3157,3386,3502,3162,3379,3998,4350,3301,3817,5140,7978,3348,3856,5901,10328,18.128,25.592,8.92881,47.796
10951,3006,3360,3795,3880,3297,3684,4510,5430,3365,4167,6260,8885,3446,3825,5025,6171,8.96956,20.2014,8.89668,48.0707
10952,3438,3333,3238,3218,3970,3804,3424,3176,5930,4951,3959,3300,11717,6618,4036,3357,33.1336,-22.7214,8.63589,47.646
10953,6004,9748,6170,4085,4616,5228,4498,3873,3735,3847,3609,3498,3253,3326,3355,3244,-32.7021,-6.27244,8.8558,48.0593
10954,5558,4767,3712,3296,8256,6353,3957,3384,5796,5063,3794,3388,4099,3856,3592,3201,-5.69097,-19.0829,8.73247,48.048
10955,6885,7618,4622,3670,6101,6912,4398,3532,4124,4099,3647,3357,3485,3565,3323,3111,-16.9812,-12.9609,8.93681,48.2993
10956,3522,3842,5489,5998,3435,4234,7082,7654,3330,3709,4701,4925,3182,3396,3746,3782,-9.83203,16.5597,8.65974,48.018
10957,4434,4870,4183,3557,5349,7739,5083,3701,4693,5794,4404,3641,3675,3971,3702,3464,-4.70354,-7.70883,8.51972,48.1733
10958,3677,3518,3285,3060,4470,4184,3536,3376,7510,6350,4054,3426,7640,6338,4164,3428,14.9316,-17.9115,8.86737,48.0107
10959,3292,3877,4894,5054,3450,4278,7216,7213,3461,3848,5493,5542,3232,3618,4023,3949,-4.84409,15.4131,8.87353,48.2933
10960,3317,3925,6277,12372,3380,3845,4853,6055,3165,3448,3789,3963,3186,3168,3464,3336,-30.4694,26.6623,8.58974,47.6953
10961,5979,4595,3592,3170,9852,5306,3820,3292,6382,4428,3681,3185,4085,3874,3473,3204,-6.07789,-28.1842,8.91332,47.9453
10962,3663,4187,4219,3854,4052,5663,6763,4491,3837,5369,6191,4347,3602,4010,4161,3876,-1.09494,2.57765,8.67526,48.19
10963,9138,8068,4501,3567,6108,5624,3991,3462,3993,3948,3596,3253,3255,3445,3216,3061,-21.9106,-16.5635,8.82771,48.1507
10964,3514,3983,5979,12520,3366,3792,4638,5910,3300,3497,3640,3834,3184,3385,3460,3385,-31.6443,33.2247,8.66021,47.5913
10965,4908,4949,4017,3528,6139,7826,4482,3653,4963,5595,4135,3546,4001,3958,3626,3358,-5.21463,-11.5378,8.65853,48.456
10966,3251,3639,4660,6344,3518,3874,5439,9859,3228,3625,4448,5958,3158,3346,3765,3976,-7.48736,25.5084,8.64685,48.0587
10967,3752,4171,4172,3875,4102,6019,6555,4359,4050,5538,5940,4270,3607,4033,4078,3734,-1.43234,1.57193,8.97146,48.17
10968,3434,3349,3324,3248,3893,3647,3496,3326,5840,4592,3770,3541,12440,5948,3947,3335,33.1886,-32.7655,8.82099,47.42
10969,3342,3544,3882,3911,3407,3910,4965,5259,3520,4256,7185,7399,3412,3865,5151,5378,7.07497,15.5388,8.56856,48.2573
10970,8598,5282,3897,3395,9303,5286,3753,3392,4790,4105,3507,3243,3604,3554,3254,3235,-14.0375,-31.491,8.64419,48.132
10971,3233,3378,3895,4144,3378,3689,4736,6938,3323,3772,5038,9389,3385,3616,4508,5463,4.06266,29.7053,8.88094,47.9233
10972,11457,6332,3938,3399,6997,4914,3776,3390,4161,3818,3504,3172,3448,3367,3182,3097,-22.4891,-25.172,8.87644,47.968
10973,3237,3470,3748,3824,3396,3914,4952,4772,3626,4340,7574,6960,3442,4188,5506,5437,8.58634,13.8617,8.54584,48.2573
10974,3700,3656,3410,3123,4528,4502,3790,3438,7100,7308,4288,3575,6016,6251,4173,3566,11.9175,-14.5768,8.93083,48.2827
10975,3314,3356,3294,3284,3632,3863,3748,3514,4291,4905,4760,4057,4973,8857,7897,4606,31.991,-1.43364,8.96148,48.234
10976,3422,3414,3276,3171,3845,3876,3393,3241,5932,4696,3795,3431,12363,5920,3902,3325,32.198,-31.4028,8.58444,47.3347
10977,3545,3508,3146,3103,4329,3866,3580,3205,7845,5058,3731,3327,10605,5832,3668,3246,19.1903,-31.5387,8.9175,47.7293
10978,3063,3320,3446,3424,3328,3587,3981,3913,3605,4228,6183,5720,3622,4769,8681,7375,20.594,12.7231,8.79849,48.1633
10979,3501,4140,7000,8579,3493,4184,5736,7102,3265,3576,4150,4241,3100,3210,3477,3395,-18.4701,18.377,8.58064,48.0993
10980,4297,4798,4035,3553,5319,7773,5016,3746,4766,5979,4418,3722,3834,3993,3718,3355,-3.65283,-8.32054,8.98306,48.2147
10981,3533,3694,4091,3858,3763,4556,5880,4546,3859,5152,7612,5070,3528,4204,4795,4356,3.90685,6.68078,8.52574,48.3313
10982,3409,3411,3344,3173,3792,3851,3700,3488,4698,5195,4438,3772,6359,9781,5857,3823,31.9452,-7.48517,8.50182,48.0607
10983,3316,3437,3456,3493,3713,4146,4218,3612,4345,6477,6458,4402,4461,6246,6246,4379,14.4421,-0.161413,8.91398,48.27
10984,3111,3316,3567,3685,3302,3816,4428,4469,3662,4262,7005,7185,3524,4270,6058,6433,12.9017,15.5277,8.59478,48.062
10985,4036,3697,3388,3221,6294,4627,3730,3318,9839,5051,3839,3275,6114,4624,3662,3289,6.4198,-32.0132,8.91586,48.0027
10986,3297,3647,4506,5391,3379,3742,5515,9037,3230,3705,4821,6876,3211,3466,4014,4339,-3.73897,22.8756,8.87933,48.1173
10987,7830,5210,3753,3365,9620,5270,3786,3378,5065,4268,3629,3374,3653,3605,3348,3114,-12.0691,-30.7229,8.78164,48.1787
10988,7933,5237,3796,3354,9297,5255,3809,3360,5037,4234,3639,3237,3712,3633,3325,3128,-12.8101,-28.3131,8.66167,47.9907
10989,3249,3227,3515,3252,3569,3655,3738,3607,4170,5165,5089,4210,4892,8067,8223,4795,25.0734,0.312906,8.57588,48.282
10990,5393,9078,7022,4261,4467,5430,4893,4021,3622,3848,3620,3525,3255,3366,3325,3210,-25.4269,-3.70384,8.72543,48.224
10991,4388,4793,4028,3594,5619,7812,4825,3660,4897,5953,4300,3504,3868,4034,3667,3368,-4.0937,-9.69742,8.82489,48.2067
10992,3974,5561,7442,5063,3907,5243,7058,4908,3468,3894,4296,3933,3215,3373,3393,3526,-15.6809,5.59524,8.76811,48.1693
10993,3552,4221,5423,5139,3758,4623,8078,6058,3327,4052,5134,4651,3218,3489,3690,3751,-8.25888,11.0413,8.91087,48.1093
10994,3168,3282,3334,3505,3270,3588,3676,3862,3286,3891,5181,5789,3512,4302,7991,10512,28.2978,18.4931,8.98597,48.0993
10995,3593,4665,8654,8152,3557,4308,5711,5638,3281,3621,3813,3817,3028,3232,3374,3353,-22.8365,13.9707,8.50099,47.8647
10996,10222,5696,3840,3386,7973,5123,3823,3334,4400,4102,3552,3197,3428,3471,3224,3111,-18.1984,-29.0047,8.74293,47.9213
10997,7888,5109,3877,3429,9648,5290,3811,3379,5005,4290,3643,3341,3717,3443,3261,3145,-12.6951,-32.291,8.95089,48.184
10998,5405,9004,6800,4322,4548,5616,4788,3818,3675,3799,3650,3669,3435,3349,3358,3205,-23.8347,-4.30821,8.54867,48.294
10999,3535,3430,3275,3066,4084,3831,3389,3139,6916,5112,3943,3513,10687,6657,4003,3429,21.6014,-22.6998,8.59832,48.006
11000,5051,4220,3556,3220,8954,4920,3802,3328,7576,4820,3861,3252,4522,4016,3552,3223,-1.70362,-33.0992,8.65779,47.9153
11001,3366,3921,6443,12240,3363,3782,4855,6513,3163,3447,3771,3859,3194,3233,3427,3535,-25.3429,26.1379,8.83709,48.0747
11002,7715,9421,5181,3759,5022,5421,4182,3563,3666,3724,3556,3499,3361,3314,3385,3126,-29.16,-11.6509,8.54933,47.93
11003,5708,6176,4396,3639,6521,7584,4632,3538,4531,4671,3686,3428,3569,3533,3476,3311,-11.5104,-12.6434,8.73805,48.266
11004,6744,9415,5516,3860,5004,5802,4428,3809,3830,3832,3547,3345,3271,3391,3250,3117,-23.4825,-9.40478,8.84328,48.1073
11005,3296,4020,6118,8832,3395,3926,5725,8031,3255,3559,4077,4539,3171,3265,3568,3579,-16.3099,21.9072,8.89111,48.2373
11006,3109,3306,3488,3288,3058,3381,3766,3990,3325,3878,4814,5956,3369,3986,6594,12335,32.8156,24.12,8.98937,47.762
11007,4699,4965,4046,3510,5755,7883,4857,3686,4875,5898,4004,3415,3758,3969,3665,3384,-4.84329,-10.1713,8.94857,48.246
11008,3435,3319,3340,3102,3889,3809,3602,3303,5628,5193,3921,3513,9353,8515,4634,3578,26.5969,-16.3672,8.57727,48.0893
11009,3474,3857,6125,12538,3455,3727,4776,6336,3198,3458,3735,3802,3189,3183,3447,3352,-25.2148,33.4704,8.82561,47.768
11010,3141,3277,3694,3643,3345,3651,4241,4674,3467,4119,6377,8278,3388,3943,5644,7229,12.333,19.417,8.79549,48.074
11011,8527,7347,4278,3452,6686,5999,4041,3511,4211,4056,3601,3263,3409,3362,3149,3138,-18.863,-17.2631,8.72167,48.02
11012,12305,6156,4008,3458,5974,4816,3772,3315,4022,3823,3429,3348,3404,3231,3156,3183,-27.6475,-33.6689,8.70827,47.6
11013,8568,8924,4752,3667,5452,5378,4112,3513,3939,3852,3472,3223,3421,3291,3257,3214,-26.1437,-14.4117,8.66524,48.0233
11014,3167,3246,3471,3181,3370,3558,3884,3742,3679,4311,5407,4885,3771,5416,9984,7136,27.5486,10.3708,8.83517,48.1387
11015,3467,3432,3117,3077,4057,3881,3475,3241,7169,4916,3788,3343,11409,6147,4016,3412,21.3788,-26.3058,8.96364,47.9647
11016,3347,3791,4124,3739,3677,4605,5913,4568,3918,5228,7608,5138,3625,4058,4779,4177,3.59415,6.81691,8.78813,48.1967
11017,3396,4145,6918,12061,3386,3727,4884,5994,3179,3475,3773,3871,3020,3205,3268,3366,-27.2096,23.5138,8.93453,47.7787
11018,3210,3362,3355,3430,3261,3518,3725,3962,3369,3686,4782,5968,3381,3892,5879,12578,32.4038,30.7861,8.53783,47.572
11019,12295,6074,3966,3309,6561,4759,3732,3376,4104,3865,3487,3187,3351,3372,3242,3053,-24.4844,-28.2759,8.78464,47.822
11020,3406,3800,5962,11957,3457,3892,4834,6792,3266,3409,3848,4124,3180,3217,3332,3298,-23.3262,31.9299,8.66695,47.8493
11021,7138,9946,5473,3704,4880,5294,4301,3618,3818,3680,3623,3334,3242,3291,3355,3222,-30.1831,-9.95137,8.96953,47.946
11022,3150,3222,3388,3365,3278,3374,3734,3927,3285,3753,4748,6107,3294,3831,6047,12846,27.8893,30.6531,8.96491,47.566
11023,3484,3993,5263,5096,3523,4342,7564,6737,3398,4005,5254,5031,3204,3611,3939,3882,-6.42151,13.4976,8.75625,48.2173
11024,4899,8416,8301,4824,4243,5120,4787,4212,3594,3800,3676,3559,3209,3333,3341,3192,-27.7644,-0.34823,8.66905,48.3373
11025,3150,3531,4046,4097,3549,4190,6060,5219,3559,4542,7623,6260,3430,3873,4637,4603,3.47109,12.3443,8.90518,48.246
11026,10712,6266,4031,3474,7429,5040,3930,3462,4130,3938,3432,3249,3414,3460,3169,3182,-20.4347,-23.7714,8.95866,48.212
11027,10774,7038,4229,3449,6395,5084,3958,3450,3951,3851,3520,3279,3438,3376,3281,3127,-24.5443,-20.6829,8.70075,48.1333
11028,3192,3409,3805,4061,3290,3612,4543,6453,3453,3784,5177,9528,3261,3699,4639,5722,5.55968,32.962,8.60529,47.752
11029,3940,3946,3485,3279,5397,5263,3962,3328,7119,7155,4253,3585,5201,4897,3905,3418,5.24777,-15.1071,8.78708,48.0887
11030,4695,4316,3687,3425,7573,5921,3877,3448,7014,5631,3975,3444,4417,4214,3501,3299,-1.10119,-18.9805,8.84748,48.2913
11031,3961,4974,7014,5306,3807,5000,7522,5262,3462,3772,4470,3985,3313,3326,3476,3366,-14.3726,7.56164,8.84908,48.0107
11032,3146,3168,3368,3498,3250,3334,3775,3946,3447,3874,4676,5991,3341,3849,5925,12468,31.8761,28.5409,8.6353,47.3707
11033,3706,3733,3393,3109,5410,4374,3743,3247,9216,6108,3997,3308,6906,5257,3798,3326,10.1456,-22.1566,8.51357,48.4207
11034,6867,5349,3836,3329,9018,6037,3914,3432,5115,4334,3587,3456,3797,3710,3396,3174,-10.8396,-21.025,8.86916,48.234
11035,4527,4175,3564,3193,8051,4892,3720,3265,8449,4989,3748,3325,4982,4226,3626,3233,0.622423,-32.1446,8.51196,47.9767
11036,3240,3336,3406,3391,3262,3397,3797,3814,3391,3837,4602,6096,3390,3896,5951,12439,30.2115,30.6884,8.56416,47.4967
11037,3190,3499,4151,4671,3254,3729,4976,8003,3296,3742,5105,8594,3234,3418,4256,4910,0.743181,26.4167,8.97173,48.0187
11038,4259,4004,3433,3089,6876,4654,3738,3355,9415,5025,3903,3368,5500,4472,3636,3313,4.17253,-31.6852,8.76016,48.0267
11039,5481,4555,3670,3383,9490,5351,3753,3275,6829,4672,3747,3333,4358,3969,3479,3233,-4.23024,-26.4792,8.94887,48.3853
11040,6334,10182,5876,3875,4642,5253,4472,3677,3711,3834,3719,3328,3340,3422,3257,3251,-32.7356,-7.77408,8.85767,48.1153
11041,3252,3408,3219,3258,3696,3739,3654,3357,4632,5223,4398,3819,5837,9684,6420,4000,32.5808,-5.82572,8.99211,47.7307
11042,5508,5608,4166,3611,6824,7528,4308,3591,4806,4939,3807,3539,3747,3753,3372,3278,-9.45025,-13.9256,8.63217,48.2567
11043,3239,3908,5444,6735,3496,3896,6118,8620,3398,3679,4431,5207,3231,3422,3599,3750,-10.3066,20.3547,8.53865,48.1153
11044,3418,3338,3276,3085,4492,3958,3498,3204,8033,5185,3830,3294,10241,5682,3838,3429,18.1855,-27.4988,8.55917,47.8673
11045,8693,5498,3860,3319,8931,5348,3841,3417,4610,4061,3653,3220,3684,3455,3242,3129,-14.2401,-27.0116,8.54932,47.974
11046,3078,3285,3354,3345,3252,3525,3881,3845,3350,3935,5100,5666,3534,4270,8237,10327,29.5329,18.2807,8.91502,47.9893
11047,3395,3859,5713,10083,3241,3844,5174,8078,3265,3548,4044,4355,3081,3214,3467,3605,-17.8299,26.5605,8.72211,47.9773
11048,7535,5692,3972,3378,8628,5838,3905,3355,4922,4269,3629,3142,3696,3478,3292,3141,-12.7603,-21.2831,8.97335,47.9147
11049,3945,5943,9807,6481,3803,4405,5138,4726,3424,3596,3860,3704,3160,3315,3478,3338,-30.2767,8.01695,8.76498,48.082
11050,3623,3548,3403,3171,4950,4145,3509,3313,9462,5236,3814,3449,7955,5240,3743,3411,12.8584,-32.1895,8.7594,47.9813
11051,5202,9097,7389,4644,4296,5394,4883,3838,3586,3905,3719,3469,3213,3368,3343,3191,-25.4824,-2.65145,8.91306,48.358
11052,3151,3270,3476,3503,3283,3402,3781,4056,3147,3820,4789,6072,3259,3936,6362,12307,32.0889,25.6449,8.63116,47.7427
11053,5153,9063,7432,4272,4296,5172,4802,4034,3742,3803,3637,3491,3382,3304,3311,3322,-33.6825,-2.64396,8.6891,48.144
11054,5116,4885,3786,3471,7329,7019,4158,3492,5523,5447,3916,3408,4030,4015,3578,3277,-5.38774,-15.7798,8.517,48.3
11055,3653,3861,3810,3620,4036,5264,4911,3821,4600,7294,6201,4230,4027,4688,4498,3887,5.37177,-2.19631,8.51773,48.2673
11056,3292,3611,3926,3917,3496,4261,5574,5041,3563,4688,7745,6127,3523,3970,5183,4707,5.18745,11.3107,8.67257,48.416
11057,3017,3302,3488,3586,3188,3450,4085,4576,3256,3795,5202,8409,3391,3955,5573,9489,16.5129,26.3153,8.68106,47.8413
11058,12562,5879,3868,3331,6040,4767,3751,3472,3857,3739,3383,3282,3384,3372,3191,3265,-32.8597,-32.6454,8.89798,47.4287
11059,3110,3219,3440,3531,3196,3533,4070,4406,3431,3903,5037,8172,3351,3810,5761,10500,18.634,26.5402,8.78676,48.3133
11060,3366,3706,4475,4563,3462,4233,6712,6316,3386,4275,6338,6027,3339,3689,4207,4304,-0.86814,13.8839,8.50202,48.2653
11061,3192,3285,3464,3443,3292,3615,4115,4238,3623,4167,6008,6505,3590,4391,7328,8207,18.8333,16.2944,8.52947,48.3087
11062,3827,3659,3399,3223,5008,4610,3672,3364,7844,6611,4015,3530,6343,5516,4068,3431,10.5,-17.6741,8.52343,48.08
11063,3115,3347,3489,3449,3233,3537,4026,3892,3560,4515,6369,5366,3748,5092,8857,6759,20.0588,10.9461,8.90511,48.236
11064,3522,3374,3187,3134,4114,3803,3517,3230,7037,4896,3734,3366,11717,5981,3901,3374,22.1556,-27.0457,8.73866,47.9247
11065,3419,3408,3225,3241,3907,3786,3371,3290,5949,4598,3665,3353,12778,5901,3921,3283,31.3679,-31.3955,8.86743,47.3967
11066,3076,3272,3682,3791,3222,3620,4368,5638,3404,3834,5247,9986,3356,3755,5011,6885,9.51227,30.402,8.69451,48.098
11067,3409,3698,4424,4425,3482,4114,6560,6381,3401,4126,6259,6130,3368,3671,4258,4411,-0.773472,14.843,8.55483,48.078
11068,3338,4020,5893,12050,3462,3846,4834,6409,3362,3485,3820,3790,3103,3249,3374,3448,-24.4182,33.6701,8.53487,47.6553
11069,3387,3713,4645,6411,3293,3961,5243,9799,3375,3754,4506,5938,3123,3423,3719,3900,-7.52517,31.6303,8.74044,48.1267
11070,12581,5832,3809,3319,6078,4639,3710,3461,3838,3681,3515,3233,3466,3423,3222,3159,-33.2924,-31.3114,8.79184,47.3107
11071,3167,3295,3471,3368,3420,3623,3896,3763,3612,4429,5385,4856,3831,5329,9790,7254,29.7066,10.4884,8.63479,48.326
11072,3338,3399,3475,3228,3636,3883,3777,3488,4383,6184,5047,3944,5252,8508,6440,4225,19.8807,-4.12307,8.84507,48.138
11073,3205,3281,3592,3505,3416,3673,4281,4250,3437,4165,6451,6978,3460,4249,6836,7476,16.0168,16.3208,8.71142,48.17
11074,4577,4978,4090,3626,5564,7879,4899,3732,4680,5719,4226,3572,3881,4107,3702,3333,-4.70699,-8.6106,8.84605,48.3767
11075,3446,3423,3310,3014,4005,3843,3477,3243,6739,4801,3731,3379,12355,5904,3989,3340,24.0309,-28.5686,8.84051,47.9993
11076,3396,3319,3167,3078,4100,3992,3536,3278,7256,5055,3855,3278,11055,6153,3972,3376,21.4083,-25.2735,8.56017,47.9107
11077,3371,3599,3471,3295,4009,4303,3873,3552,5100,7463,5289,3912,5237,6745,5180,3828,14.1119,-6.40107,8.52331,48.1513
11078,4774,4227,3572,3218,8456,4896,3677,3276,8019,5002,3750,3328,4873,4131,3617,3242,-0.300294,-29.6795,8.66715,48.0387
11079,9940,8272,4376,3505,5627,5122,4024,3466,3886,3830,3490,3223,3472,3388,3205,3114,-28.3282,-17.5266,8.80204,47.96
11080,3545,3575,3384,3119,4622,4312,3674,3237,7815,6371,4131,3499,7350,6130,4088,3476,13.9256,-18.0984,8.59026,48.2187
11081,3129,3298,3622,3617,3391,3668,4235,4590,3460,4003,6154,8002,3467,4093,5859,7457,13.9536,19.3047,8.55435,48.03
11082,3199,3541,3675,3746,3506,3977,4804,4140,3801,4952,7799,5497,3748,4559,6163,4939,10.7796,8.35821,8.53935,48.0307
11083,3358,3752,5904,11390,3350,3748,4900,7607,3318,3522,3885,4170,3109,3197,3381,3441,-20.3224,28.7908,8.9819,48.0213
11084,3247,3501,4055,4550,3336,3661,5081,7904,3269,3733,5243,8715,3202,3524,4287,5033,1.25271,26.9103,8.93379,48.2273
11085,3314,3441,3182,3246,3861,3796,3485,3339,6037,4772,3731,3315,12674,5952,3975,3316,29.8095,-31.5018,8.53686,47.624
11086,3630,4374,5078,4491,3742,5288,8086,5318,3577,4527,5563,4351,3387,3650,3931,3680,-5.68826,6.95126,8.95794,48.4487
11087,3301,3510,3367,3090,3727,4047,3670,3477,4506,5854,4988,3980,5325,8631,6556,4207,20.8245,-3.94503,8.83786,48.1573
11088,3658,3511,3295,3172,4663,4036,3604,3235,8740,5159,3879,3427,8757,5415,3906,3373,14.8214,-33.899,8.5551,47.8867
11089,8395,6580,4056,3467,7180,5981,4092,3432,4487,4158,3653,3314,3598,3499,3323,3027,-16.7021,-19.1393,8.52481,48.1613
11090,3192,3369,3467,3386,3422,4030,4283,3747,3954,5385,6832,4719,4090,6075,7470,4878,17.1881,3.92085,8.74127,48.1993
11091,3200,3526,3681,4195,3277,3568,4718,6542,3338,3822,5579,9382,3331,3743,4523,5734,5.56736,24.1376,8.96253,48.106
11092,10195,6111,4051,3399,7382,5195,3849,3434,4308,4001,3628,3180,3571,3421,3232,3085,-19.3485,-23.94,8.56562,48.028
11093,3119,3447,3550,3479,3393,3846,4434,4130,3673,4721,7214,5898,3773,4699,7051,5772,14.7756,10.9874,8.51162,48.1327
11094,3203,3212,3365,3437,3293,3449,3787,4021,3438,3722,4941,6999,3381,4054,5984,11583,22.0883,33.6302,8.66528,47.9127
11095,3417,3365,3294,3106,3904,3813,3524,3195,5840,5000,3859,3352,10819,7771,4288,3403,27.7967,-19.3355,8.97735,47.9667
11096,3316,3516,3539,3486,3394,3807,4590,4403,3740,4822,7865,5878,3679,4403,6423,5375,11.9531,10.4392,8.74687,48.1573
11097,3287,3432,3272,3139,3802,3772,3505,3350,5164,5355,4278,3669,7428,9676,4998,3809,27.6055,-11.2693,8.76821,47.9573
11098,11595,7185,4118,3375,5876,4912,3858,3456,3909,3824,3412,3268,3306,3392,3189,3055,-31.1998,-21.3611,8.90036,47.82
11099,3333,3517,3434,3337,3817,4121,4181,3602,4431,6546,6323,4238,4505,6172,6050,4392,14.3365,-0.319752,8.82801,47.9993
11100,3700,5050,8583,6839,3636,4596,6273,5574,3294,3639,4110,3968,3082,3358,3444,3393,-19.9893,11.251,8.86334,48.3593
11101,10562,5835,4086,3395,7696,4990,3886,3419,4263,3864,3433,3164,3342,3363,3232,3050,-19.7049,-32.6059,8.59723,47.72
11102,7096,9659,5328,3908,5005,5278,4417,3612,3742,3781,3507,3407,3458,3367,3272,3128,-32.123,-10.6227,8.58404,47.9767
11103,3343,3532,3397,3183,3930,4037,3683,3415,5274,6584,4705,3719,6115,8357,5244,3891,18.6302,-8.92718,8.68041,48.2727
11104,3287,4052,6051,8491,3368,3938,5809,7907,3148,3476,4291,4539,3101,3238,3555,3592,-15.6033,20.9984,8.83438,47.8953
11105,3199,3449,3708,3612,3452,3674,4469,4452,3554,4305,7157,7087,3453,4201,6092,6530,12.4287,14.9891,8.87535,48.2627
11106,7500,5364,3817,3253,8936,5880,3829,3521,5053,4323,3575,3307,3745,3640,3355,3092,-11.8444,-22.5211,8.70945,48.1267
11107,3559,3540,3207,3108,4395,4016,3487,3196,8079,5062,3848,3366,10049,5562,3883,3374,17.8674,-31.2911,8.78066,47.8207
11108,10188,8022,4460,3426,5666,4876,3991,3338,3973,3842,3495,3253,3394,3352,3231,3168,-28.6383,-18.0575,8.5296,47.7833
11109,8124,6855,4238,3533,7037,6146,4099,3629,4352,4101,3587,3262,3536,3462,3203,3097,-17.1395,-17.8651,8.75714,48.174
11110,3360,3382,3152,3055,4068,3859,3446,3229,7196,4954,3800,3363,11603,5868,3833,3263,21.6082,-29.9907,8.98326,47.6207
11111,3087,3273,3420,3461,3205,3445,3790,4086,3530,3818,4866,7172,3368,3923,5855,11625,21.6452,29.6826,8.98231,47.9493
11112,5490,4920,3912,3451,8313,6615,4006,3531,5633,4849,3838,3348,3949,3756,3434,3147,-6.77132,-18.4928,8.63984,48.128
11113,3186,3372,3312,3253,3531,3757,3728,3596,4082,4911,5202,4364,4689,7473,8914,5002,25.684,1.92149,8.81142,48.248
11114,3448,3907,6330,12042,3416,3747,4860,6596,3220,3502,3735,4134,3013,3155,3389,3400,-24.6249,25.7857,8.57737,47.9293
11115,3221,3404,3647,3892,3252,3664,4445,5227,3321,3807,5235,9486,3350,3741,5009,7340,10.6623,31.1208,8.50536,48.0273
11116,5727,4561,3738,3223,9859,5188,3796,3517,6472,4589,3667,3261,4185,3916,3413,3208,-5.50584,-31.8836,8.78809,48.2133
11117,3398,4136,6878,8742,3431,4007,5675,7015,3311,3470,4130,4232,3155,3291,3463,3469,-18.1536,18.5536,8.98798,47.8687
11118,4104,3884,3358,3245,6169,4591,3604,3305,9543,5454,3813,3349,6026,4788,3618,3370,6.6404,-25.0353,8.69924,48.1473
11119,4482,4047,3417,3254,7287,4762,3584,3350,9193,5153,3731,3373,5296,4383,3679,3186,2.86607,-27.2014,8.93591,48.118
11120,3198,3270,3362,3435,3226,3455,3692,4074,3290,3781,4697,6148,3270,3926,6080,12604,33.6022,27.4282,8.78836,47.672
11121,3894,3816,3623,3253,4793,5446,4197,3495,5750,7954,4796,3693,4614,5268,4069,3487,6.27499,-9.96432,8.55258,48.0987
11122,4260,4429,3901,3377,5297,7103,4587,3630,5233,6722,4574,3621,4120,4359,3770,3481,-0.66581,-9.234,8.66061,48.3093
11123,3037,3330,3558,3506,3359,3798,4324,4271,3476,4155,6412,7081,3528,4366,6760,7380,16.165,16.4026,8.53208,48.2273
11124,3331,3808,4946,6732,3403,3902,5238,9783,3301,3643,4376,5595,3138,3369,3734,3898,-9.48693,32.9117,8.53627,48.1313
11125,3783,5532,10155,6981,3764,4310,5258,4923,3549,3498,3969,3735,3274,3361,3355,3341,-31.9382,9.45039,8.76825,48.5253
11126,12274,6008,3956,3532,6441,4807,3778,3525,3888,3776,3432,3285,3357,3299,3247,3153,-25.5854,-33.0082,8.65193,47.8387
11127,3407,3988,6910,11948,3391,3929,5012,5948,3189,3420,3888,3907,3213,3139,3361,3320,-31.1365,22.7197,8.62047,47.98
11128,3257,3322,3232,3237,3781,3852,3495,3330,4940,5273,4343,3761,6811,9912,5507,3916,32.6559,-9.19974,8.64077,47.9793
11129,3360,3404,3257,3151,3952,3776,3454,3213,5914,5120,3979,3491,10754,7660,4117,3501,26.0497,-19.3833,8.82511,48.0687
11130,3869,4665,5492,4486,4042,5848,7866,4883,3744,4299,4996,4120,3451,3574,3637,3587,-8.62747,4.62373,8.73742,48.3727
11131,3142,3356,3325,3385,3348,3442,3726,3922,3430,3716,4661,5940,3360,3861,6145,12584,30.1676,29.708,8.65946,47.562
11132,3160,3310,3320,3430,3254,3389,3783,3823,3357,3759,4696,6010,3372,3882,6072,12444,29.7013,33.4931,8.59836,47.374
11133,3103,3200,3517,3649,3284,3449,4164,4769,3431,3784,5078,9102,3444,3801,5333,8836,14.5,28.6855,8.99831,47.9627
11134,3145,3278,3623,3757,3296,3559,4181,5132,3288,3856,5605,9323,3418,3929,5267,7726,11.884,25.9142,8.61073,48.2553
11135,3151,3295,3581,3613,3287,3576,4441,4787,3517,4016,6326,8212,3530,4151,5785,6963,12.8386,19.0641,8.80251,48.154
11136,3237,3529,3972,4046,3536,3927,5302,5994,3385,4153,6591,7602,3287,3767,4605,5169,4.10065,17.4098,8.56248,48.068
11137,4356,5571,4925,3919,4828,7833,6094,4167,3869,4789,4245,3652,3474,3681,3623,3411,-9.50505,-3.61138,8.69967,48.2913
11138,9443,8481,4575,3521,5798,5400,4015,3454,3956,3791,3502,3298,3343,3302,3278,3047,-24.9069,-16.2825,8.90048,48.136
11139,3417,4495,8069,10470,3459,3884,4921,5567,3306,3461,3833,3976,3059,3198,3335,3427,-30.4101,18.077,8.88024,47.918
11140,3253,3438,3334,3293,3604,3975,3822,3444,4579,5821,5017,4056,5224,8633,6567,4266,20.5633,-3.59842,8.92437,48.2173
11141,3295,3900,5230,6262,3415,4135,6720,8218,3359,3555,4537,5070,3119,3457,3748,3862,-9.80855,18.3382,8.80295,47.9213
11142,3521,3914,5973,12777,3323,3683,4674,5921,3281,3432,3705,3802,3199,3298,3320,3425,-31.4556,32.8309,8.97364,47.4987
11143,5571,8394,6050,4032,4795,6345,4973,3890,3696,4038,3833,3421,3246,3415,3330,3220,-19.5009,-5.44476,8.91435,48.166
11144,3621,3545,3325,3073,4843,4193,3603,3194,9298,5209,3778,3328,8555,5382,3843,3384,14.0086,-28.1834,8.73819,48.116
11145,3048,3235,3357,3289,3278,3443,3752,3988,3360,3752,4787,6006,3439,3944,6190,12516,28.4867,27.7676,8.53687,47.5893
11146,3272,3439,3361,3261,3619,3761,3701,3510,4286,5079,4824,3914,5135,8853,7417,4594,29.2049,-2.24499,8.52351,48.0173
11147,3151,3168,3445,3461,3278,3448,3907,4148,3448,4002,5587,6819,3480,4141,7045,9531,20.053,19.2274,8.98078,48.0393
11148,3377,3526,3292,3147,3883,3958,3737,3360,4967,6246,4793,3832,6017,8783,5734,3973,19.9163,-7.05386,8.67732,48.4167
11149,3405,3818,4984,6343,3360,3888,5908,9332,3303,3662,4378,5591,3179,3383,3823,3845,-8.67688,22.1575,8.96291,48.1347
11150,3915,3936,3393,3214,5420,4907,3796,3333,8248,6760,4020,3397,5696,5009,3896,3383,7.06411,-18.3148,8.94945,48.2153
11151,4577,4207,3581,3300,6941,5578,3790,3319,7728,5864,3891,3534,4755,4392,3779,3237,1.46882,-19.4814,8.72626,48.3153
11152,3597,4098,4788,4273,3793,4943,7904,5281,3730,4454,5981,4585,3360,3641,4036,3829,-3.71294,7.75544,8.82589,48.1953
11153,4792,4716,3809,3286,6863,6812,4200,3452,5957,5757,3986,3422,4148,4119,3684,3247,-2.9738,-15.4227,8.58009,48.1667
11154,4106,4191,3598,3281,5571,5924,4098,3386,6514,7155,4330,3471,4792,4664,3970,3416,3.22686,-13.6193,8.91987,48.3113
11155,5400,4509,3654,3339,8802,5926,3971,3366,6419,5069,3777,3291,4182,3954,3376,3173,-4.5305,-20.732,8.88181,48.1387
11156,4467,7025,8433,5115,4084,5077,5682,4502,3534,3756,3812,3613,3297,3395,3347,3302,-22.3508,2.37389,8.88354,48.294
11157,2976,3199,3484,3407,3166,3409,3663,3991,3327,3830,4797,6575,3359,3920,6217,12468,25.7602,26.4986,8.89206,47.8587
11158,3199,3287,3394,3373,3180,3423,3835,3807,3468,3937,5007,5830,3457,4279,7440,11111,28.4469,20.4005,8.85152,48.018
11159,3398,3467,3235,3158,4008,3791,3478,3239,6233,5220,3795,3418,10779,7385,4232,3425,24.6434,-20.2883,8.57389,48.174
11160,5262,9103,7255,4343,4540,5249,4796,3865,3629,3755,3663,3539,3325,3346,3257,3161,-25.0296,-3.24391,8.87777,48.0587
11161,3227,3215,3422,3212,3368,3726,3738,3734,3909,4756,5536,4489,4233,6734,9269,5387,23.9181,4.32823,8.74073,47.97
11162,3573,3445,3349,3127,4388,3940,3588,3437,7643,5834,3926,3407,8522,6486,4055,3391,16.8705,-19.8137,8.65896,48.074
11163,3405,3953,6111,10461,3469,3826,5112,7608,3328,3552,3901,4311,3053,3273,3446,3468,-19.862,25.0591,8.50818,48.1847
11164,3276,3944,5884,12328,3334,3778,4774,6205,3200,3450,3867,3975,3140,3183,3384,3399,-32.9458,27.3516,8.54986,47.414
11165,4392,4195,3576,3373,6070,5725,4123,3451,6855,6748,4247,3461,4759,4614,3864,3374,2.56917,-15.7675,8.84039,48.5513
11166,3257,3222,3345,3220,3489,3782,3667,3503,4313,5127,4770,3942,5342,9031,7369,4502,29.0962,-2.75554,8.60345,47.9207
11167,3156,3317,3275,3456,3232,3420,3850,3944,3450,3856,4848,6225,3312,3980,6522,11984,28.6423,23.7368,8.57516,47.8847
11168,3503,4283,7243,8981,3463,4076,5703,6821,3242,3537,4085,4145,3052,3297,3436,3415,-19.6543,17.9441,8.60613,48.188
11169,3417,3583,4422,5128,3468,3703,5007,9019,3335,3619,4790,7337,3252,3519,3871,4473,-2.7513,32.8553,8.82192,47.962
11170,3583,3504,3393,3077,4493,4479,3650,3363,7106,7047,4392,3428,6711,6370,4179,3522,13.2881,-15.0844,8.73045,48.198
11171,3762,4507,5319,4622,3857,5365,8015,5257,3531,4217,5126,4444,3424,3485,3839,3786,-7.60223,7.06282,8.75131,48.3707
11172,3357,3267,3243,3085,3721,3833,3690,3341,5041,5491,4374,3766,6559,9743,5642,3823,25.1012,-8.85141,8.82585,47.984
11173,3709,4861,6646,5164,3731,4892,7905,5422,3527,3826,4504,4108,3242,3425,3622,3501,-12.7741,8.63435,8.81415,48.0567
11174,3282,3801,4911,5417,3501,4242,6672,8075,3296,3755,5172,5798,3172,3447,3902,3942,-5.898,17.4853,8.93222,48.2567
11175,3309,3818,5489,8981,3386,3908,5211,8943,3270,3483,4162,4647,3061,3275,3495,3541,-15.2728,28.9742,8.83977,47.986
11176,3314,3347,3212,3133,4000,3842,3456,3214,6393,4735,3873,3441,12346,6267,3898,3307,25.7512,-27.2507,8.89143,47.852
11177,3032,3340,3474,3612,3335,3542,4103,4682,3448,3784,5139,9210,3430,3899,5304,8527,13.8609,32.8946,8.5852,47.9073
11178,3437,3927,5915,11116,3392,3803,4888,7390,3161,3481,3940,4236,3154,3169,3477,3501,-20.2932,27.7484,8.9405,47.9913
11179,3817,3954,3770,3526,4547,5839,4585,3721,5015,7901,5344,3832,4277,4836,4126,3688,4.40755,-6.39241,8.97937,48.5187
11180,11452,7170,3943,3403,5969,4940,3807,3362,4019,3802,3451,3259,3377,3394,3211,3069,-33.1915,-21.1597,8.88662,47.752
11181,3209,3812,5479,9374,3398,3801,5132,8859,3170,3512,4020,4562,3109,3329,3471,3443,-15.8859,29.8499,8.79462,47.7867
11182,3832,3874,3781,3407,4640,5485,4312,3553,5670,8113,4926,3700,4644,5088,4237,3577,5.68012,-8.65135,8.95597,48.5593
11183,3040,3209,3271,3327,3270,3643,3824,3910,3686,4366,5985,5460,3717,5017,9133,7293,21.3114,11.5207,8.91484,48.1007
11184,3355,3352,3152,3086,4008,3795,3412,3262,6033,4891,3851,3429,11769,6923,4051,3342,28.3535,-22.8733,8.66857,47.8073
11185,3341,3387,3426,3085,3806,3980,3740,3502,4695,6290,5239,4009,5132,7940,6116,4218,18.8728,-4.10566,8.77751,47.9373
11186,3069,3225,3493,3526,3185,3553,4087,4404,3362,3820,5501,8048,3451,3911,6044,9487,17.1629,22.7489,8.73085,48.1107
11187,3255,4033,6503,11971,3344,3820,4739,6154,3176,3513,3738,4092,3170,3282,3368,3351,-31.6892,24.2396,8.95189,47.6727
11188,6946,8035,4866,3691,5826,6354,4367,3776,4044,4069,3662,3359,3505,3572,3348,3144,-18.7425,-12.516,8.61998,48.376
11189,3345,3290,3180,3112,4053,3772,3434,3339,6210,4984,3857,3303,11314,7100,4127,3454,26.8767,-21.9859,8.5575,47.916
11190,4439,4195,3641,3116,6559,5628,3928,3331,7321,6239,3939,3478,4811,4540,3667,3361,1.79104,-17.9263,8.606,48.1287
11191,3449,3992,5851,9170,3421,3855,5510,8337,3204,3509,4168,4543,3039,3302,3404,3421,-16.1814,23.9596,8.86251,48.1167
11192,3197,3228,3435,3476,3328,3647,4173,4080,3567,4227,6286,6104,3691,4615,7938,7601,18.9714,14.4899,8.51755,48.3953
11193,3119,3229,3397,3414,3393,3558,3730,3921,3399,3702,4862,6124,3365,3978,6074,12281,26.8695,31.7087,8.53117,47.6973
11194,9099,5940,3934,3269,8194,5332,3952,3394,4512,4156,3541,3260,3584,3471,3344,3112,-16.5715,-24.2716,8.50897,48.0627
11195,4950,4215,3528,3264,8567,5118,3736,3389,7827,5063,3803,3336,4684,4003,3599,3194,-1.25949,-25.9839,8.86299,48.184
11196,3193,3613,4278,4631,3412,3845,5553,7434,3331,3897,5656,7515,3236,3624,4188,4693,0.00937591,20.1042,8.69253,48.066
11197,3336,3386,3242,3197,3679,3833,3611,3437,4711,5306,4558,3765,6325,9769,5773,3926,27.596,-7.70126,8.59785,47.9027
11198,6822,9935,5437,3807,4980,5299,4371,3742,3844,3827,3603,3375,3374,3285,3342,3125,-30.8597,-9.40825,8.59101,48.112
11199,3139,3234,3403,3468,3199,3458,3896,4093,3414,3844,5024,7148,3334,3978,6166,11407,21.6393,25.3513,8.83293,48.1367
11200,3342,3446,3556,3501,3672,4034,4534,3964,3988,5493,7816,5130,3964,4937,6139,4887,11.7948,5.48831,8.66427,48.2687
11201,3101,3210,3365,3328,3186,3336,3771,3993,3326,3834,4833,6174,3419,3975,6462,12550,28.1664,25.2127,8.96724,47.9087
11202,4466,3951,3514,3315,7378,4726,3734,3370,9068,5123,3802,3477,5027,4253,3621,3203,2.5258,-33.7452,8.69744,48.0187
11203,3348,3415,3449,3490,3701,4191,4237,3704,4503,6515,6505,4159,4470,6128,6121,4482,13.9235,-0.296327,8.95485,48.2787
11204,9102,6374,3976,3479,7498,5686,3940,3400,4333,4046,3582,3217,3585,3535,3212,3105,-17.7438,-20.8557,8.7408,48.0467
11205,3724,4163,4457,4013,4034,5899,6710,4502,3949,5279,5992,4407,3608,3978,4147,3781,-2.00751,2.67114,8.74939,48.4287
11206,12364,6606,3883,3343,5887,4825,3756,3333,3882,3812,3527,3152,3310,3429,3244,3181,-32.9668,-24.2449,8.95371,47.6893
11207,4652,8079,8694,4917,3989,4733,5049,4329,3530,3807,3669,3566,3233,3400,3338,3238,-29.8325,0.796119,8.70912,48.1487
11208,3119,3292,3514,3652,3237,3512,4123,4443,3512,3939,5683,7886,3382,3971,6131,8815,16.8406,21.4772,8.67711,48.1407
11209,3940,5916,9575,6594,3666,4331,5422,4810,3383,3685,3766,3684,3158,3318,3423,3244,-27.6612,8.17035,8.57033,47.9433
11210,4055,4447,4048,3508,4603,6979,5280,3832,4649,6361,5109,3916,3916,4144,3934,3701,-0.975911,-4.64204,8.76173,48.3213
11211,8474,5413,3956,3426,9293,5052,3828,3298,4660,4126,3582,3276,3507,3535,3196,3223,-14.201,-32.6466,8.78519,47.8967
11212,3422,3676,4836,6368,3326,3919,5250,9912,3327,3525,4434,5955,3169,3345,3812,3901,-7.54067,31.3191,8.8867,48.118
11213,3354,3851,5924,12421,3379,3665,4631,5945,3244,3425,3788,3997,3256,3262,3319,3381,-32.825,32.3855,8.56273,47.228
11214,3487,3417,3277,3194,3837,3762,3551,3372,5157,5274,4185,3578,7707,9548,5175,3716,29.3315,-11.8981,8.81172,48.158
11215,4721,8390,7940,4588,4253,4937,4922,4131,3641,3773,3736,3528,3141,3309,3333,3206,-33.9932,-0.495513,8.667,47.6993
11216,3657,4470,6101,5138,3664,4849,8019,5852,3584,3984,4852,4420,3262,3460,3743,3562,-10.3088,9.62255,8.61492,48.4113
11217,3132,3252,3330,3218,3301,3431,3681,3980,3275,3742,4665,6148,3414,3974,5935,12769,29.6822,30.6254,8.81253,47.498
11218,3368,4172,6983,10102,3310,3894,5397,6725,3164,3483,3889,4184,3067,3214,3381,3473,-21.3009,20.2566,8.73524,47.8707
11219,3060,3435,3743,3993,3314,3637,4409,5703,3323,3729,5150,9753,3373,3610,4745,6750,8.70991,28.5386,8.52123,47.818
11220,3103,3297,3405,3331,3341,3600,3839,3867,3602,4080,5097,5348,3617,5066,9455,7876,32.7551,12.4559,8.81217,47.9493
11221,3375,3350,3437,3155,3558,3769,3761,3457,4056,4915,4872,4206,4785,8317,8122,4772,28.8788,-0.147456,8.52088,47.938
11222,5482,7745,5753,4001,4878,6597,5125,3977,3836,4126,3871,3513,3241,3570,3427,3222,-17.1205,-5.42942,8.56661,48.2427
11223,3771,4335,5252,4483,3733,5146,8009,5236,3525,4338,5410,4429,3445,3540,3775,3614,-6.47228,7.10907,8.65442,48.0273
11224,3064,3293,3352,3411,3179,3504,3855,4080,3362,3755,4948,7008,3383,3843,5815,11902,22.4556,31.3303,8.75225,47.836
11225,3719,4095,4186,3616,4379,6085,5292,3960,4498,6726,5569,3981,3918,4417,4078,3555,1.72489,-3.05283,8.67587,48.0493
11226,4140,6275,7021,4698,4138,5840,6483,4496,3665,4104,4119,3765,3299,3345,3463,3344,-16.2262,1.80515,8.88329,48.13
11227,4711,4121,3578,3220,7678,5509,3897,3336,7838,5386,3877,3296,4747,4314,3532,3190,0.396929,-21.6371,8.80853,48.1533
11228,4848,8627,8138,4749,4204,4998,4849,4099,3579,3820,3831,3523,3146,3452,3306,3200,-27.4346,-0.944696,8.87845,48.246
11229,3146,3177,3460,3368,3326,3515,3880,4210,3471,3821,4991,7399,3335,3900,5872,10800,19.8998,33.7761,8.74689,47.7807
11230,3130,3504,3868,4075,3395,3757,4837,5878,3434,3989,6225,8616,3222,3818,4713,5725,5.96794,19.7649,8.68177,48.124
11231,4434,4215,3603,3191,6942,5460,3940,3443,7631,6042,3932,3293,4741,4342,3632,3263,1.247,-18.8993,8.74068,48.0693
11232,4131,3891,3439,3196,6608,4606,3797,3305,9636,5141,3925,3366,5851,4432,3715,3263,4.99707,-28.3837,8.92668,48.2013
11233,3223,3350,3332,3425,3238,3582,3789,3811,3628,4104,5251,5060,3761,5111,9401,7955,28.4219,12.1619,8.72835,48.014
11234,8007,5807,4058,3414,8225,6015,4003,3377,4663,4198,3583,3349,3611,3529,3388,3060,-14.3019,-20.8288,8.7748,48.1913
11235,3559,4255,5451,5001,3715,4780,8014,6070,3494,4071,5099,4499,3255,3513,3861,3722,-8.04802,10.5032,8.59573,48.2393
11236,3416,3413,3279,3269,3784,3785,3540,3286,5152,5253,4247,3712,7960,9342,5046,3751,30.9041,-12.3507,8.51528,48.1567
11237,6158,4684,3713,3267,9835,5338,3818,3337,6026,4426,3656,3294,4122,3753,3433,3147,-6.90725,-28.9499,8.69012,48.0047
11238,3798,3667,3340,3154,4851,4299,3670,3239,8324,6483,4066,3461,7018,5630,3999,3386,12.0985,-18.9478,8.86652,48.2567
11239,4589,4248,3543,3234,7961,4881,3771,3305,8404,5066,3756,3330,5066,4237,3599,3204,1.1207,-26.5219,8.58196,48.1293
11240,3526,3847,3934,3734,3718,4817,5884,4364,3853,5613,7351,4651,3753,4279,4770,4155,3.69082,4.20479,8.66201,48.166
11241,3948,6076,10176,6215,3771,4479,5018,4593,3401,3667,3868,3657,3170,3272,3399,3217,-30.6001,7.2494,8.9084,47.9513
11242,10563,7488,4291,3335,6169,5229,3883,3419,3930,3909,3458,3359,3437,3387,3262,2995,-24.1463,-19.5462,8.84986,48.076
11243,11026,5928,4034,3470,7185,4916,3798,3327,4104,3861,3594,3249,3421,3364,3286,3171,-20.6948,-29.6761,8.62927,47.8227
11244,4110,3991,3456,3305,6046,4942,3826,3409,8426,6422,4051,3397,5442,4690,3828,3345,5.16073,-19.3438,8.88772,48.4573
11245,3270,3438,4064,4458,3499,3664,4894,7627,3305,3788,5007,8548,3341,3553,4232,5032,1.68524,32.465,8.65322,47.8133
11246,11486,7262,4135,3414,5891,4933,3897,3416,3991,3814,3410,3319,3398,3471,3082,3099,-29.0923,-21.6575,8.93212,48.012
11247,3301,3541,3509,3392,3697,4258,4454,3803,4293,6506,6952,4425,4266,5713,5951,4445,12.7271,1.15656,8.95013,48.3373
11248,3145,3394,3537,3682,3270,3625,4098,4873,3384,3846,5255,9009,3385,3868,5363,8427,13.7958,30.4224,8.64415,48.1073
11249,6723,4799,3655,3284,10041,5271,3787,3306,6026,4483,3553,3186,3983,3718,3324,3167,-8.32051,-27.4117,8.88711,48.204
11250,3764,5313,9957,7473,3609,4242,5173,5056,3288,3574,3808,3730,3074,3223,3375,3433,-30.5973,11.1241,8.90903,48.0613
11251,3291,3855,6061,10486,3359,3776,5231,7914,3188,3424,3907,4472,3158,3148,3405,3584,-18.7439,24.7911,8.96995,48.1727
11252,3212,3359,3313,3346,3327,3673,4022,3810,3609,4401,6053,5173,3951,5620,8904,6354,20.7153,9.30611,8.76515,48.0847
11253,3460,3244,3263,3126,3851,3769,3476,3215,5876,4604,3742,3422,12827,5826,3866,3305,32.0817,-32.5629,8.97721,47.248
11254,3207,3258,3313,3337,3150,3405,3872,4004,3385,3626,4745,6167,3452,3903,6031,12299,26.0403,32.0693,8.62274,47.436
11255,3213,3369,3619,3777,3345,3616,4341,5436,3378,3865,5174,9959,3264,3859,4941,6841,9.72195,32.6916,8.63625,47.998
11256,3104,3210,3433,3430,3195,3416,3990,4033,3504,4008,5459,6383,3548,4384,7686,9333,21.3987,17.9529,8.69778,48.0773
11257,3873,5478,9867,6680,3684,4428,5292,4894,3294,3700,3744,3815,3168,3261,3377,3376,-33.4993,9.04173,8.56559,47.954
11258,3112,3278,3415,3393,3320,3689,3922,3766,3699,4425,5340,4845,4102,5816,9866,6345,27.7787,8.03995,8.65117,48.222
11259,3492,3625,3562,3241,3986,4354,3953,3504,5236,7828,5294,3838,5037,6810,4917,3829,13.2042,-7.35703,8.95233,48.3373
11260,4764,5324,4115,3564,5950,8070,4722,3629,4530,5408,4112,3542,3753,3840,3427,3255,-7.01973,-10.6589,8.76704,48.0033
11261,11517,6033,3887,3327,7023,4879,3741,3336,4109,3782,3521,3246,3296,3482,3149,3154,-21.939,-26.5269,8.85209,47.6547
11262,5473,8025,5522,3949,5017,6664,4954,3819,3807,4143,3870,3484,3428,3481,3359,3235,-17.714,-7.02901,8.78267,48.1533
11263,3166,3310,3465,3553,3249,3489,4131,4577,3278,3813,5098,8815,3298,3796,5363,9183,15.3582,32.6212,8.80006,47.7227
11264,3611,3678,3699,3316,4200,4962,4196,3530,5052,8007,5479,3801,4730,5609,4700,3794,8.89694,-6.10248,8.7543,48.2427
11265,4394,4168,3620,3165,6856,5756,4031,3469,7514,6074,3940,3418,4894,4323,3544,3254,1.18278,-18.6067,8.89266,48.28
11266,12554,5880,3896,3379,5955,4658,3782,3407,3883,3776,3524,3252,3408,3396,3278,3184,-32.3119,-32.3258,8.9093,47.4747
11267,3485,3736,4052,4098,3579,4319,6315,5060,3560,4683,7445,5531,3563,3961,4537,4381,2.21524,10.2777,8.7474,48.2033
11268,3698,3857,3689,3382,4307,5462,4534,3711,5191,7726,5622,3801,4405,4939,4261,3837,5.4584,-5.54504,8.61339,48.2813
11269,6151,5665,4078,3518,7626,7021,4237,3489,4903,4551,3786,3400,3811,3628,3356,3207,-10.904,-16.2866,8.70267,48.2847
11270,5607,9475,6915,4278,4591,5310,4710,3980,3635,3865,3566,3450,3316,3354,3336,3144,-26.8789,-4.37431,8.91539,48.3547
11271,3285,3474,3442,3271,3650,4111,3893,3562,4545,6592,5754,4208,4836,7213,6280,4149,16.8891,-2.64986,8.72261,48.1767
11272,10127,8071,4458,3506,5826,5239,3967,3489,3946,3895,3575,3255,3303,3378,3195,3030,-25.2401,-17.7101,8.97716,48.1733
11273,3216,3378,3370,3076,3674,3965,3752,3339,4643,5581,4570,3814,5969,9699,6125,4150,25.2107,-6.35298,8.91096,48.214
11274,3390,3443,3345,3096,3987,4002,3615,3338,5835,5783,4210,3620,8076,8315,4765,3513,21.5075,-14.4176,8.50567,48.222
11275,3221,3426,3385,3180,3643,3779,3642,3461,4740,5309,4610,3824,5861,9672,6300,4139,27.7106,-5.91913,8.69632,48.128
11276,9537,5699,3961,3369,8338,5099,3833,3454,4580,3959,3504,3209,3598,3441,3301,3052,-16.7816,-26.3804,8.71164,47.956
11277,3437,3453,3353,3255,3902,3753,3386,3200,6034,4594,3738,3341,12548,5953,3898,3457,28.363,-30.5737,8.63302,47.5347
11278,3272,3416,3597,3569,3517,3875,4607,4286,3748,4818,7875,5628,3773,4695,6390,5348,12.0633,9.13154,8.50404,48.276
11279,3468,4229,7245,10972,3329,3812,5040,6079,3246,3532,3769,3940,3042,3318,3382,3369,-26.2058,20.4842,8.54664,47.848
11280,3067,3297,3332,3341,3367,3438,3764,4074,3318,3780,4790,7052,3339,3867,5865,11850,22.2117,29.9562,8.74556,47.694
11281,3757,4901,9136,7747,3539,4180,5608,5306,3386,3575,3916,3858,3080,3383,3423,3372,-23.8175,12.7322,8.78495,48.1113
11282,3446,3311,3289,3121,3918,3778,3429,3232,6006,4701,3772,3343,12677,6149,4003,3401,29.1983,-29.1496,8.51848,47.7173
11283,3455,3407,3357,3163,4458,4002,3511,3287,8376,5079,3745,3455,9700,5557,3965,3329,16.5934,-32.9624,8.70149,47.8973
11284,3192,3418,3765,4086,3281,3667,4437,6309,3388,3696,5215,9761,3333,3684,4586,5874,5.83085,29.2141,8.84253,47.7947
11285,3418,3574,3571,3337,3895,4417,4098,3764,4547,7283,6216,4196,4450,5972,5580,4090,12.0096,-1.8233,8.91269,48.272
11286,8283,9127,4871,3604,5282,5371,4155,3615,3833,3871,3638,3286,3362,3357,3280,3159,-26.9349,-13.5315,8.50744,48.0627
11287,9369,8516,4395,3482,5623,5272,3975,3436,3913,3822,3564,3306,3391,3501,3293,3077,-33.9942,-16.4686,8.79741,47.9567
11288,3267,3685,4396,5217,3318,3721,5442,8540,3236,3817,4998,7276,3302,3554,4064,4496,-2.39989,24.0283,8.53886,48.2193
11289,3105,3278,3412,3376,3458,3580,4148,4037,3671,4449,6373,5599,3669,5028,8295,6744,18.7547,11.4746,8.67449,48.148
11290,8467,5601,3909,3367,8458,5691,3950,3424,4662,4079,3656,3256,3610,3674,3307,3097,-14.5691,-22.4444,8.71774,48.1387
11291,3535,4606,8786,8952,3530,3975,5221,5364,3406,3606,3878,3819,3208,3274,3400,3441,-33.3351,15.0197,8.76399,48.0007
11292,3147,3286,3748,3804,3246,3698,4252,5746,3370,3855,5293,9927,3365,3762,4843,6688,8.71341,30.2014,8.86868,48.02
11293,3424,3951,5653,10416,3422,3755,5093,7765,3275,3495,3945,4366,3231,3258,3403,3420,-18.5959,32.1857,8.79056,47.9147
11294,3109,3311,3385,3361,3361,3534,3805,3847,3805,4327,5273,4794,3894,5667,9814,6548,30.0115,9.14118,8.65702,47.89
11295,3295,4039,5989,11266,3377,3753,5074,7330,3146,3407,3933,4137,3080,3234,3442,3421,-20.8506,25.3939,8.95857,47.9487
11296,3199,3219,3472,3632,3181,3580,4108,4776,3358,3799,5261,9404,3429,3885,5302,8612,13.6401,28.3615,8.86862,48.1447
11297,3462,3531,3314,3115,3947,3970,3727,3407,5228,6307,4563,3797,6372,8863,5150,3775,19.8046,-9.55199,8.94255,48.352
11298,3112,3399,3697,3891,3324,3499,4305,5621,3441,3930,5306,9942,3268,3794,4818,6824,9.42064,30.399,8.75173,48.114
11299,3964,6299,9848,5842,3877,4664,5181,4714,3403,3631,3842,3825,3280,3285,3334,3354,-32.5541,5.96542,8.66793,48.2287
11300,3287,3488,3798,3567,3443,4143,4795,4278,3746,5255,8136,5288,3811,4720,6059,4789,10.3464,7.40572,8.62458,48.402
11301,4371,4064,3483,3211,7327,4694,3756,3316,9146,5127,3778,3371,5459,4320,3619,3227,3.01,-30.9462,8.91638,48.1793
11302,3998,5762,8634,5773,3813,4790,6340,4811,3326,3770,4044,3769,3200,3263,3358,3368,-19.8256,6.59452,8.75825,48.0127
11303,3365,3481,3128,2986,4022,3856,3565,3232,6547,5250,3973,3539,9911,7282,4272,3466,22.0995,-19.4893,8.66109,47.9167
11304,5703,4404,3632,3309,9671,5017,3863,3349,6834,4590,3766,3290,4149,3912,3415,3161,-4.63564,-29.4349,8.94413,48.0433
11305,3082,3207,3408,3426,3383,3741,3891,3873,3524,3991,5270,5619,3624,4503,8575,9160,25.1914,15.9492,8.93049,48.1847
11306,3132,3505,3652,3329,3446,3985,4410,4028,3792,5132,7798,5305,3843,4884,6714,5191,13.1179,7.48068,8.68579,48.0973
11307,6973,7246,4413,3556,6279,6748,4320,3620,4209,4212,3645,3312,3582,3393,3443,3047,-16.3179,-14.0655,8.65073,47.9987
11308,10767,6581,4087,3468,6867,5090,3903,3371,4119,3829,3446,3133,3447,3489,3206,3039,-21.0892,-22.5873,8.76002,47.8947
11309,7072,4846,3820,3298,9798,5204,3857,3408,5370,4295,3762,3396,3749,3708,3330,3129,-10.1363,-32.0933,8.57179,48.028
11310,3089,3310,3390,3477,3121,3495,3922,4066,3364,3995,5496,6748,3362,4238,7284,9709,20.7621,19.2122,8.82338,48.044
11311,3170,3326,3297,3346,3415,3719,3738,3616,3845,4727,5335,4483,4202,6822,9553,5538,26.3953,4.50728,8.89094,48.088
11312,3616,4252,6773,7714,3480,4112,6428,7075,3242,3586,4248,4351,3172,3282,3548,3525,-16.1081,16.7365,8.86936,48.2693
11313,3258,3272,3394,3319,3352,3633,3738,3683,3701,4409,5442,4643,3952,6146,10085,6269,30.805,7.48094,8.79879,48.1973
11314,3383,3408,3215,3111,3979,3712,3468,3220,6298,5073,3776,3389,11984,6530,4044,3348,25.8003,-24.3657,8.82455,47.9587
11315,3143,3359,3447,3539,3281,3633,4151,4175,3479,4112,6067,6596,3526,4255,7080,8232,18.0127,16.8406,8.57552,48.05
11316,3424,3681,3715,3696,3805,4655,5126,4074,4012,5915,7634,4779,3818,4491,5099,4355,6.65279,3.7038,8.53572,48.186
11317,5066,5684,4260,3517,5810,8337,4802,3706,4468,5181,4061,3539,3617,3753,3443,3230,-8.65346,-9.62236,8.73041,48.316
11318,3366,4024,6234,12526,3410,3786,4871,6131,3125,3388,3790,3816,3050,3156,3438,3520,-28.2491,26.8118,8.99448,47.754
11319,3341,3935,6170,11262,3467,3824,4990,7049,3153,3450,3797,4234,3120,3195,3437,3453,-21.5422,27.0704,8.87836,47.918
11320,3403,3930,5744,9418,3264,3795,5186,8185,3194,3521,4008,4588,3140,3294,3457,3501,-16.6585,25.4151,8.59218,47.752
11321,6485,5510,3938,3483,8263,6487,4232,3524,4928,4402,3650,3314,3802,3678,3367,3070,-10.6218,-18.1414,8.92242,48.0887
11322,5403,4312,3587,3332,9165,5116,3928,3299,7113,4758,3761,3222,4225,3928,3331,3186,-3.8788,-26.459,8.52487,47.7773
11323,3353,3787,6029,12753,3306,3717,4836,6152,3197,3307,3766,4102,3127,3240,3510,3392,-33.3931,27.679,8.92216,47.716
11324,3331,3374,3454,3226,3786,4145,4028,3652,4340,6459,6101,4230,4580,6635,6616,4459,15.8038,-0.869954,8.70203,48.2773
11325,3149,3231,3359,3214,3427,3696,3820,3572,4259,5103,5107,4235,4794,7976,8768,5054,27.6963,1.1743,8.89891,48.5093
11326,3419,3805,4327,3812,3635,4766,6656,4719,3886,5091,7420,4846,3674,4025,4631,4037,1.53043,6.17407,8.79334,48.4993
11327,3436,3886,5797,11227,3318,3814,4974,7661,3200,3466,3970,4028,3015,3237,3425,3480,-20.1295,29.7825,8.98553,47.956
11328,3422,3943,5252,6735,3447,3989,6397,8624,3306,3626,4443,5090,3104,3373,3688,3762,-10.4102,19.9518,8.66622,48.134
11329,3064,3203,3414,3412,3291,3625,3943,4297,3314,3923,5126,7824,3288,3971,5809,10311,18.6152,33.9135,8.76889,47.8767
11330,3382,3733,3613,3361,3895,4513,4369,3796,4373,6892,6927,4292,4270,5429,5518,4177,10.3443,-0.0191363,8.66374,48.36
11331,3073,3218,3433,3525,3250,3425,3852,4034,3436,3781,4847,7225,3390,3849,5864,11565,21.6776,29.9367,8.99135,47.8447
11332,3195,3277,3357,3405,3194,3513,3739,3895,3371,3974,5007,5748,3325,4312,7594,10998,29.6108,20.0127,8.70552,47.936
11333,3633,3777,3454,3265,3929,4593,4340,3571,4758,7853,5915,4079,4518,5729,4968,3907,10.2316,-3.98505,8.6947,48.1927
11334,3669,3696,3547,3344,4015,4961,4409,3612,4820,7896,5981,3978,4417,5474,4744,3780,8.67767,-4.10884,8.6823,48.2287
11335,3001,3326,3597,3658,3175,3566,4139,4549,3523,3965,5818,8213,3480,3987,5884,8411,15.0703,21.4705,8.85766,48.1947
11336,3703,4930,8577,7217,3686,4336,6070,5436,3363,3578,3946,4001,3132,3190,3412,3415,-20.8564,11.701,8.51939,47.9947
11337,3285,3596,4531,5851,3313,3757,5208,9682,3288,3604,4609,6699,3169,3427,3814,4203,-5.5674,28.2284,8.96471,48.024
11338,6279,7155,4570,3697,6106,7252,4550,3600,4268,4240,3736,3393,3432,3535,3354,3209,-15.4642,-12.0795,8.98483,48.2507
11339,3295,3503,3982,4002,3337,3690,4635,5940,3406,3969,6022,8807,3356,3724,4767,5847,6.66257,21.3333,8.63837,48.188
11340,3146,3236,3392,3454,3305,3418,3682,3965,3462,3926,4992,5933,3402,4195,7381,10787,26.8053,20.0658,8.87728,47.784
11341,6024,7923,5119,3789,5528,6849,4683,3700,3902,4135,3780,3430,3424,3432,3382,3194,-17.1782,-9.54841,8.67033,48.196
11342,3369,3371,3233,3135,3937,3818,3498,3223,6526,4851,3851,3443,12088,5962,4025,3398,24.754,-30.3052,8.61327,47.8187
11343,3241,3418,3664,3711,3370,3676,4648,4658,3571,4353,7590,7142,3531,4126,5941,5828,10.5286,14.4844,8.98289,48.312
11344,12673,5926,3819,3316,6167,4785,3654,3326,3946,3867,3488,3310,3379,3389,3206,3135,-33.6336,-28.1992,8.88254,47.5907
11345,5874,9635,6213,4169,4624,5305,4535,3918,3628,3879,3591,3461,3356,3362,3212,3165,-26.1295,-6.02961,8.68081,47.9513
11346,3725,3602,3346,3141,4988,4343,3574,3306,9184,5706,3864,3362,7349,5289,3817,3380,11.7797,-22.9658,8.73212,47.984
11347,3783,4680,5329,4441,4024,5651,7773,4835,3615,4414,5013,4177,3443,3660,3800,3686,-7.77353,4.96066,8.85003,48.216
11348,3326,3906,5384,6031,3526,4092,6937,8013,3369,3681,4739,5110,3185,3445,3669,3864,-9.26792,17.3898,8.91981,48.1847
11349,8662,9066,4550,3609,5326,5251,4024,3577,3683,3885,3596,3360,3372,3490,3389,3252,-32.8353,-14.4472,8.53604,48.0613
11350,3264,3551,3627,3417,3728,4409,4492,3900,4351,6535,7170,4388,4119,5420,5606,4251,10.9648,0.680517,8.73612,48.152
11351,3286,3455,3188,3132,4170,3894,3482,3147,7129,4917,3914,3342,11381,5915,3946,3435,21.2681,-33.5292,8.93507,47.822
11352,4374,3959,3509,3174,6472,5132,3886,3329,8135,6388,3917,3471,5096,4576,3707,3359,3.3963,-19.5456,8.88281,48.3227
11353,3231,3302,3378,3043,3698,3905,3603,3477,4709,5519,4561,3798,6240,9651,6013,3898,25.3977,-7.16127,8.95018,48.0173
11354,3380,3443,3185,3076,4029,3829,3425,3242,6400,5043,3994,3397,11253,6846,4068,3303,23.9525,-22.5849,8.83931,47.942
11355,3142,3078,3447,3385,3169,3375,3793,3839,3293,3779,4723,5868,3295,3895,5957,12489,32.3529,28.9758,8.67234,47.018
11356,3097,3352,3505,3526,3336,3511,4065,4501,3497,3842,5465,8172,3308,3924,5933,9111,16.3539,23.1227,8.71362,48.0967
11357,3410,4046,5764,5815,3569,4290,7309,7176,3369,3739,4636,4798,3240,3481,3744,3717,-10.0679,14.7657,8.63071,48.0687
11358,3229,3322,3515,3277,3483,3590,3886,3776,3967,4801,5788,4525,4272,6679,8932,5413,22.0455,4.22344,8.9359,48.3033
11359,6597,4812,3655,3363,9825,5378,3790,3266,5900,4313,3581,3313,3964,3856,3372,3222,-8.26479,-27.0885,8.74957,48.138
11360,4789,4822,3830,3354,6381,7456,4457,3603,5287,5756,4103,3471,4011,3928,3591,3273,-4.28571,-12.7828,8.63332,48.0747
11361,4082,3947,3477,3259,6067,4840,3747,3297,8806,6098,3936,3358,5472,4818,3819,3421,5.19916,-20.5332,8.68437,48.296
11362,11771,6794,3922,3417,5996,4771,3802,3385,4012,3784,3474,3119,3399,3384,3238,3189,-29.1364,-23.2118,8.57936,47.638
11363,3559,3591,3582,3411,4025,4926,4577,3622,4895,7823,5778,3957,4497,5489,4860,3877,9.15475,-4.70245,8.55946,48.3127
11364,3404,3441,3281,3086,4157,3872,3538,3203,6693,5092,3868,3435,10832,6671,4203,3447,21.8672,-22.3428,8.67918,48.1487
11365,3984,4639,4437,3723,4479,7081,5973,3966,4172,5818,5088,3842,3771,3987,3863,3571,-3.08234,-2.82837,8.82691,48.2627
11366,5941,9093,5887,4078,4874,5970,4676,3796,3695,3930,3645,3401,3366,3404,3286,3244,-21.6349,-7.30335,8.91941,48.1907
11367,3512,4087,7108,11508,3367,3733,4970,6014,3275,3361,3893,3904,3181,3173,3328,3361,-27.883,22.1911,8.62414,47.85
11368,3295,3618,4596,4917,3523,4070,6558,7610,3352,3935,5378,6171,3265,3557,4145,4308,-3.01152,17.5316,8.96812,48.1987
11369,4359,4608,3922,3527,5269,7405,4644,3664,5068,6399,4444,3585,3979,4169,3601,3447,-1.80941,-8.89164,8.78982,48.06
11370,4205,4007,3301,3163,6826,4790,3741,3371,9606,5109,3861,3375,5480,4479,3605,3269,4.07941,-33.3026,8.97058,48.1253
11371,7063,6311,4111,3529,7459,6748,4185,3553,4477,4229,3491,3362,3605,3618,3339,3083,-13.733,-16.6825,8.88568,48.1087
11372,3162,3320,3715,3874,3382,3581,4510,5570,3367,3878,5922,9319,3289,3798,4936,6435,8.82802,22.374,8.89175,48.0387
11373,3411,3488,3348,3212,3752,4165,3841,3531,5056,6957,5233,3919,5237,7629,5593,3973,16.2565,-5.60251,8.85218,48.23
11374,3311,3655,3798,3798,3582,4251,5701,4731,3597,4947,7936,5701,3586,4218,5060,4487,5.30857,8.98691,8.67688,48.2393
11375,11014,6849,4025,3500,6370,5210,3861,3436,4115,3890,3539,3264,3454,3428,3294,3053,-23.582,-21.6497,8.64589,48.2013
11376,3463,3387,3252,3156,3985,3882,3384,3192,6951,4920,3702,3384,11527,5868,3869,3435,21.8235,-32.4342,8.80326,47.5713
11377,3648,3563,3344,3200,5088,4144,3545,3249,9541,5215,3830,3348,7924,5149,3845,3378,12.5022,-31.687,8.59876,48.0073
11378,6564,9838,5799,3961,4777,5183,4378,3780,3609,3938,3613,3315,3491,3442,3279,3139,-29.7459,-8.36233,8.56415,48.0707
11379,3475,3862,5406,6690,3381,4084,6258,8721,3194,3753,4503,5007,3185,3289,3678,3800,-10.5637,19.854,8.8848,48.1907
11380,4541,7653,8871,4930,4116,4831,4970,4259,3534,3779,3800,3542,3296,3301,3413,3173,-31.6103,1.79457,8.85982,48.006
11381,3114,3173,3309,3497,3203,3582,3939,4288,3282,3875,5155,7805,3376,3923,5852,10668,19.4291,27.1028,8.8563,48.0273
11382,3372,3874,6029,12208,3307,3731,4878,6545,3263,3535,3800,4103,3123,3227,3458,3323,-25.2663,27.4863,8.5301,47.8507
11383,3948,4076,3837,3476,4607,6230,4548,3689,5131,7507,5115,3821,4261,4606,4085,3551,2.87747,-7.19336,8.63479,48.3253
11384,4266,6892,9299,5449,3890,4769,5367,4484,3516,3754,3792,3584,3259,3184,3378,3348,-25.8646,3.67309,8.59836,48.154
11385,3518,4112,5107,4797,3655,4775,8065,5955,3586,4156,5549,4717,3290,3492,3974,3809,-6.07227,10.1678,8.69751,48.3713
11386,3431,3947,5814,10928,3332,3807,4839,7350,3345,3583,3793,4192,3075,3232,3424,3465,-20.1355,32.0741,8.82401,47.7047
11387,3955,5099,6301,4894,3970,5769,7776,4861,3563,4121,4534,3934,3236,3448,3575,3449,-12.2073,4.4491,8.82466,48.3233
11388,3148,3230,3329,3376,3300,3440,3757,3886,3452,3788,4705,5909,3312,3884,6032,12081,32.8544,33.9849,8.73121,47.086
11389,4536,7502,8832,5076,4108,4876,5154,4254,3485,3734,3761,3707,3277,3291,3357,3149,-26.5189,2.51425,8.87222,48.066
11390,3203,3569,4009,4507,3339,3674,4789,7935,3288,3887,5010,8594,3234,3626,4248,4919,1.39427,31.4398,8.73267,47.8873
11391,3126,3238,3424,3401,3205,3457,3870,4161,3337,3774,4854,6885,3402,3879,5969,11900,22.9097,28.7129,8.76063,47.9213
11392,3404,3502,3254,3056,4045,3975,3567,3237,6337,5340,3976,3470,10063,7210,4253,3462,21.8453,-19.3279,8.95826,48.1007
11393,3472,4374,7987,10185,3559,3991,5116,5656,3235,3482,3866,3898,3068,3253,3268,3373,-32.6462,17.7003,8.5777,47.8553
11394,3313,3754,5000,7436,3427,3893,5244,9687,3318,3650,4102,5132,3233,3422,3615,3809,-11.4075,32.4278,8.68582,48.0233
11395,3276,3466,4048,3824,3525,4203,5752,4960,3607,4637,7775,6053,3502,3997,4990,4677,5.10234,10.8501,8.66502,48.1947
11396,7215,5151,3863,3350,9310,5845,3791,3426,5131,4274,3558,3307,3826,3659,3376,3176,-10.942,-22.917,8.93887,48.172
11397,3650,4372,5977,5395,3641,4740,7972,6351,3393,3908,4613,4452,3141,3393,3626,3637,-10.6164,11.6359,8.92532,48.174
11398,4304,6564,7595,4851,4076,5454,6277,4488,3633,3919,3932,3832,3307,3320,3445,3259,-18.2956,2.57155,8.61872,48.1707
11399,3614,4435,7144,6614,3555,4242,7043,6385,3359,3707,4243,4279,3068,3285,3473,3539,-15.5169,13.5182,8.98686,47.99
11400,5318,5398,4083,3413,6719,7729,4450,3633,4899,4896,3838,3372,3776,3838,3485,3201,-8.3785,-13.4305,8.66962,48.032
11401,3429,3356,3208,3172,4284,3931,3513,3174,7202,5004,3890,3301,11311,5821,3917,3500,21.6021,-30.034,8.54653,48.0087
11402,3684,4063,4151,3823,3910,5364,6466,4390,4017,5582,6768,4458,3606,4238,4301,3907,0.749457,3.02773,8.84547,48.4853
11403,4418,4121,3494,3260,6863,5280,3677,3365,8211,5728,3953,3425,5091,4370,3740,3261,2.42789,-20.6802,8.91349,48.1713
11404,3057,3164,3451,3474,3290,3524,3900,4248,3295,3816,5163,7377,3344,4058,6292,10621,20.1616,23.5376,8.90477,48.0493
11405,3164,3317,3493,3496,3161,3537,3866,4450,3351,3713,5296,8311,3291,3876,5542,10089,17.3407,31.2503,8.81035,47.9687
11406,3457,4293,7315,9770,3454,3890,5326,6362,3166,3481,3896,4064,3080,3334,3418,3438,-22.6594,18.9085,8.5568,47.8293
11407,3429,3468,3319,3175,4476,3981,3476,3295,8267,5199,3805,3313,9732,5849,3789,3375,17.1628,-25.6123,8.729,47.9653
11408,6288,8889,5414,3883,5154,6436,4586,3728,3732,4050,3766,3395,3359,3450,3347,3148,-19.8898,-8.84243,8.84505,48.4167
11409,3377,3360,3348,3182,3865,3980,3620,3378,4943,6099,4663,3771,6022,8760,5519,3928,20.2562,-7.92926,8.72713,47.8767
11410,3366,3880,5319,7291,3400,3966,5995,8800,3288,3690,4296,5099,3077,3372,3594,3757,-11.9641,21.7147,8.52659,48.1267
11411,12370,6320,3931,3257,6029,4725,3811,3383,3981,3805,3366,3184,3468,3387,3295,3059,-32.5173,-25.9149,8.81576,47.5807
11412,3110,3182,3342,3310,3199,3563,3907,3768,3489,4239,5155,5264,3651,4876,9308,8247,27.5646,13.3349,8.7806,47.74
11413,6366,4767,3667,3328,10013,5313,3838,3310,5940,4380,3513,3470,3890,3724,3358,3083,-7.48354,-28.0287,8.98064,47.9733
11414,3555,4078,6777,7432,3477,4265,6691,7005,3341,3606,4137,4401,3022,3323,3544,3597,-15.0107,16.1269,8.84072,48.1673
11415,10639,5971,3960,3348,7469,5073,3861,3351,4311,3846,3470,3270,3462,3484,3167,3158,-19.5661,-33.2477,8.71059,47.8933
11416,12523,6213,3808,3403,6336,4897,3810,3293,3874,3782,3405,3265,3289,3326,3142,3060,-26.754,-26.4525,8.88269,47.6173
11417,3254,3169,3415,3491,3198,3546,3812,3814,3322,3925,4928,5702,3331,4183,7618,11020,31.7394,19.7748,8.97124,47.8187
11418,3276,3347,3659,3687,3370,3811,4907,5018,3543,4245,7414,7431,3419,4006,5489,5702,9.11965,15.5755,8.91732,48.216
11419,3262,3486,3920,3822,3462,4017,5150,4734,3672,4524,8072,6510,3526,4122,5219,4979,7.1596,12.1875,8.88955,48.318
11420,3194,3201,3390,3342,3281,3532,3852,4195,3376,3706,4992,7441,3381,3862,5919,11196,20.5716,28.6845,8.94385,47.9067
11421,3161,3201,3537,3632,3203,3545,4104,4757,3325,3807,5237,9317,3354,3857,5380,8414,13.8859,32.815,8.76908,47.8873
11422,3220,3399,3378,3375,3612,3815,3933,3740,4086,5447,5646,4445,4631,7072,7766,4866,20.7536,1.00705,8.74501,48.2873
11423,3583,3353,3324,3031,4404,4029,3398,3183,8093,5135,3848,3365,10576,5751,3976,3415,18.2443,-26.4901,8.99822,48.3093
11424,12556,6194,3874,3393,6022,4768,3829,3460,3959,3797,3545,3228,3316,3436,3274,3275,-28.9458,-26.0265,8.93555,47.9507
11425,9014,6548,4138,3475,7193,5738,4085,3409,4322,3917,3679,3290,3537,3448,3250,3117,-17.7557,-19.6999,8.92469,48.1067
11426,11439,5934,3921,3360,7113,4848,3820,3325,4088,3754,3550,3279,3388,3435,3218,3115,-21.9177,-28.0442,8.53939,47.7247
11427,8198,5356,3775,3383,9245,5204,3882,3398,4959,4206,3600,3289,3633,3597,3321,3216,-13.178,-28.9327,8.85374,48.1747
11428,3485,3339,3368,3062,3991,3915,3457,3183,6183,5016,3901,3397,10713,7449,4255,3518,25.2081,-20.1272,8.52689,48.1547
11429,3398,3503,3356,3049,4197,3910,3463,3282,7248,4912,3758,3375,11033,6022,4007,3405,20.9261,-26.4055,8.71862,47.9453
11430,3792,4034,3664,3508,4394,5797,4645,3804,4899,7703,5371,3883,4250,4841,4257,3646,4.37066,-5.35201,8.52047,48.3253
11431,3124,3396,3925,4034,3320,3599,4559,6196,3340,3777,5119,9920,3351,3643,4555,6150,6.80624,31.5479,8.85113,48.0053
11432,3651,3573,3345,3221,4990,4178,3571,3172,9490,5460,3854,3297,7838,5158,3732,3420,12.3052,-26.8553,8.67225,47.9667
11433,6145,10008,6123,4015,4599,5162,4495,3594,3755,3811,3582,3408,3308,3417,3318,3186,-31.0326,-7.08708,8.97448,47.9507
11434,3283,3267,3242,3139,3646,3760,3548,3456,4619,5410,4631,3821,5979,9833,6223,4111,25.7389,-6.20151,8.85538,47.9787
11435,3257,3428,3314,3204,3626,3830,3677,3487,4240,5031,4646,4015,5272,9094,7106,4367,31.9847,-2.98909,8.64889,47.7293
11436,3583,3648,3378,3207,4217,4611,3858,3396,5464,7881,5029,3807,5239,6571,4803,3879,12.5905,-7.89569,8.74438,48.3807
11437,11830,5789,3788,3343,7082,4783,3819,3307,4156,3763,3416,3314,3521,3360,3264,2989,-21.8825,-31.087,8.98421,47.6827
11438,10744,7793,4286,3499,5645,5070,3861,3482,3884,3851,3488,3225,3257,3424,3266,3154,-30.9397,-19.189,8.69849,47.9527
11439,3330,3302,3402,3066,3869,3727,3504,3253,5410,5236,3960,3359,9409,8556,4666,3543,30.051,-16.1669,8.68803,47.728
11440,4662,7672,7856,4700,4271,5362,5498,4231,3533,3825,3819,3619,3208,3394,3429,3280,-21.65,0.741699,8.60182,48.2393
11441,4641,7814,8528,4962,4157,4862,5077,4343,3386,3708,3764,3505,3165,3324,3424,3217,-26.4144,1.19788,8.53874,47.918
11442,3241,4034,5732,11329,3437,3829,4932,7636,3248,3441,3815,4238,3054,3231,3403,3428,-20.1593,30.97,8.95559,48.0187
11443,3136,3332,3464,3399,3490,3714,3955,3860,3940,5056,6658,4915,4162,5907,8111,5364,18.1965,5.49678,8.65226,48.3087
11444,3306,3292,3225,3258,3764,3867,3602,3348,4675,5237,4357,3693,6431,9792,5959,4026,30.6005,-7.91139,8.51509,47.888
11445,5855,6356,4308,3527,6414,7752,4467,3689,4296,4674,3868,3493,3565,3661,3423,3120,-12.2384,-12.5124,8.76682,48.312
11446,4023,4225,3807,3612,4558,6617,4866,3774,4926,7173,5042,3873,4091,4334,4014,3603,1.16423,-6.44191,8.68748,48.3587
11447,4205,3962,3508,3262,6071,5266,3864,3434,7727,6501,3953,3470,5105,4749,3742,3328,4.08915,-18.2346,8.61614,48.098
11448,3458,3467,3269,3200,4433,3957,3560,3250,8495,5054,3893,3299,9874,5592,3798,3359,16.9806,-32.7851,8.97069,47.972
11449,4626,4348,3649,3324,6822,6236,4059,3379,6644,5929,3901,3518,4441,4264,3696,3297,-0.461898,-16.9736,8.73717,48.0887
11450,4013,3715,3481,3174,5958,4495,3628,3229,9894,5169,3730,3464,6368,4713,3752,3336,7.63726,-28.6978,8.51454,48.0793
11451,3463,3584,3381,3162,4205,4283,3852,3499,5896,7335,4662,3662,5852,6981,4757,3603,14.2196,-10.8016,8.53867,48.118
11452,6594,9820,5787,3934,4882,5390,4374,3785,3708,3901,3628,3384,3392,3384,3221,3120,-26.2032,-8.80336,8.50168,48.2027
11453,5016,5110,3988,3469,6607,7748,4310,3580,5018,5388,3981,3351,3917,3945,3489,3267,-6.24516,-13.1538,8.91935,48.1227
11454,3439,3424,3140,3187,4111,3857,3348,3210,7051,5192,3838,3409,10849,6607,4077,3316,21.6047,-22.3096,8.86357,48.0367
11455,3098,3338,3576,3588,3279,3582,4141,4289,3481,4059,6152,7074,3461,4254,6981,8115,17.0715,17.6828,8.79494,48.312
11456,3495,3440,3254,3089,4349,3961,3542,3250,7253,5341,3960,3388,9669,6494,4219,3503,19.0712,-21.0655,8.92128,48.138
11457,3363,3950,6097,12645,3310,3805,4641,6114,3126,3474,3793,3953,3103,3242,3355,3464,-29.3258,28.8743,8.97786,47.6233
11458,6500,4913,3654,3391,9954,5338,3666,3375,5810,4434,3613,3214,3878,3666,3415,3253,-8.31422,-29.7059,8.66069,48.0493
11459,3061,3284,3296,3316,3334,3588,3879,3738,3707,4369,5663,4799,3818,5483,10049,7057,25.0807,9.75228,8.98935,48.294
11460,3801,4902,7069,5331,3773,5027,7486,5226,3537,3844,4359,4092,3287,3300,3552,3548,-14.2107,8.15452,8.68127,48.0893
11461,3713,3632,3407,3124,5154,4220,3563,3309,9679,5319,3783,3379,7774,5131,3720,3340,11.5016,-27.7656,8.58999,48.1647
11462,4793,6106,4989,3916,5055,7800,5640,3895,3872,4598,4136,3541,3423,3640,3525,3327,-11.5061,-5.25265,8.62286,48.1707
11463,4447,4046,3565,3281,7351,4748,3728,3323,8798,5041,3939,3374,5183,4382,3516,3354,2.52483,-31.2517,8.59549,48.0507
11464,3253,3684,4461,5972,3405,3741,5088,9770,3212,3750,4460,6477,3169,3446,3802,4210,-5.55353,29.9169,8.83658,47.9333
11465,7410,9678,5207,3717,5079,5452,4295,3738,3879,3876,3612,3387,3326,3438,3194,3151,-25.0986,-10.9521,8.81808,48.2927
11466,8571,8783,4726,3558,5449,5367,4138,3594,3883,3938,3534,3312,3318,3348,3268,3139,-24.8247,-14.5708,8.7254,47.9507
11467,3412,3400,3359,3174,3652,4029,3860,3537,4494,6142,5396,3989,4921,7738,6632,4194,18.8389,-2.62043,8.67515,47.9527
11468,3408,3780,4514,4631,3576,4344,6966,6387,3514,4061,6142,5714,3240,3703,4213,4315,-2.14343,13.4254,8.95385,48.3387
11469,3103,3434,3764,3946,3371,3594,4364,5992,3404,3822,5238,9878,3328,3616,4664,6450,7.55743,28.1523,8.89897,47.9787
11470,6165,4659,3796,3250,9901,5394,3788,3461,6132,4421,3637,3387,4064,3815,3334,3206,-6.78127,-26.4439,8.9459,48.2733
11471,3998,3733,3337,3180,5467,4690,3761,3351,8436,6405,3965,3389,6056,5109,3851,3374,8.26983,-19.7325,8.50901,48.068
11472,5266,6279,4771,3750,5331,7999,5031,3738,4120,4605,4055,3579,3429,3527,3513,3202,-11.8606,-8.21358,8.65584,48.13
11473,3839,3692,3342,3060,5221,4353,3711,3253,9105,6118,3946,3395,6699,5151,3828,3312,10.3558,-21.2662,8.74633,48.0167
11474,3500,3683,3801,3594,3814,4809,5276,4134,4069,6448,7198,4443,3960,4616,4916,4144,6.00116,1.78519,8.78623,48.27
11475,3433,3868,3764,3698,3879,4968,5085,3881,4267,6824,6938,4266,4003,4801,4789,3974,6.12851,0.275666,8.76182,48.292
11476,3644,4002,4357,3995,3899,5143,6958,4604,3883,5128,6667,4618,3575,4025,4244,3932,-0.686216,4.97868,8.55778,48.4493
11477,8967,7662,4324,3541,6459,5496,4050,3467,4126,4024,3535,3194,3424,3527,3244,3051,-20.8558,-17.3612,8.52609,48.0607
11478,3978,3765,3413,3120,5780,4511,3572,3361,9577,5634,3876,3453,6317,4888,3766,3478,8.20403,-23.8332,8.96236,48.326
11479,4509,6948,7317,4735,4099,5834,5863,4267,3619,4061,4021,3605,3214,3446,3475,3341,-18.4398,0.695332,8.85237,48.236
11480,3177,3269,3322,3223,3474,3759,3886,3587,3886,4899,5431,4447,4310,6901,9322,5449,26.5572,3.76269,8.60593,48.228
11481,3203,3251,3366,3413,3193,3388,3939,4032,3417,3845,4865,5855,3385,4044,6800,11993,29.7844,23.6,8.68474,47.9927
11482,7520,5281,3786,3250,9622,5605,3868,3357,5069,4148,3578,3267,3779,3634,3278,3098,-11.9688,-25.1306,8.91161,48.0933
11483,3628,4507,7527,7388,3523,4237,6567,6342,3278,3649,4078,4025,3116,3353,3471,3596,-17.4296,14.4096,8.96841,48.19
11484,3389,3427,3194,3167,3874,3776,3254,3247,5789,4715,3765,3431,12595,6157,4038,3494,29.8641,-33.932,8.54944,47.5413
11485,3532,3415,3308,3219,3904,3827,3393,3314,5990,4763,3713,3378,12299,5854,3740,3416,33.9594,-30.6459,8.51928,47.3767
11486,3884,4200,3724,3401,4509,5982,4559,3779,4917,7612,5395,3796,4151,4623,4237,3593,3.45072,-5.39318,8.94669,48.2413
11487,4570,7377,8626,5093,4094,5042,5294,4406,3610,3756,3751,3613,3204,3319,3298,3240,-24.2582,1.99593,8.56181,48.1953
11488,3645,3520,3372,3180,4683,4310,3720,3266,7729,6439,4187,3584,7101,6275,4074,3506,13.6098,-17.8774,8.57979,48.394
11489,4227,4878,4696,3973,4399,7209,6651,4222,3915,4999,4668,3739,3495,3844,3734,3471,-7.25751,-1.33612,8.8433,48.08
11490,5970,8870,5950,4070,4858,6066,4687,3888,3718,3954,3802,3492,3332,3457,3285,3186,-21.5551,-6.51426,8.60232,48.39
11491,4695,4934,4094,3474,5979,7830,4686,3691,4987,5593,4154,3437,3902,3951,3492,3226,-5.2958,-11.1999,8.65076,48.0833
11492,3364,3409,3301,3242,3957,3893,3446,3178,5852,4814,3892,3350,11820,6843,4033,3361,30.8195,-23.0852,8.72652,47.8367
11493,3624,4091,4233,3936,3935,5426,6367,4251,3946,5584,6500,4445,3752,4103,4283,3857,0.388646,3.05079,8.50265,48.222
11494,5385,7928,5846,4081,4830,6707,5211,3749,3793,4263,3790,3489,3409,3497,3321,3182,-17.5917,-5.78757,8.69768,48.3207
11495,5125,6254,4515,3674,5478,8039,5057,3729,4170,4664,3986,3464,3572,3720,3388,3186,-11.4641,-8.36188,8.75173,48.014
11496,3385,3746,4901,5110,3484,4206,6929,7447,3444,3884,5218,5506,3276,3575,3852,4049,-5.3412,16.2542,8.56531,48.008
11497,3207,3309,3653,3844,3290,3660,4336,5399,3347,3862,5269,9866,3339,3928,4864,6890,9.5141,33.5817,8.69233,48.042
11498,3541,4552,8067,8764,3539,4073,5782,6216,3183,3599,3785,3963,3113,3175,3350,3465,-21.2569,16.1183,8.93613,48.1113
11499,3409,3223,3228,3133,4039,3828,3483,3179,6756,4776,3850,3411,11682,6278,3871,3396,23.9704,-25.9737,8.82451,47.6947
11500,3521,4362,8019,9824,3565,4129,5287,5926,3127,3594,3795,3823,3142,3137,3358,3353,-25.3282,17.7969,8.67661,47.9747
11501,3393,4446,8331,10111,3454,3922,4920,5720,3235,3649,3738,3888,3078,3320,3356,3303,-29.8126,17.5225,8.92376,47.9093
11502,4531,7865,8537,4903,4157,4874,4975,4170,3491,3806,3855,3686,3350,3348,3279,3241,-33.6155,1.2097,8.94641,48.0453
11503,4824,5148,4116,3521,5902,7973,4722,3680,4647,5270,4015,3400,3853,3893,3566,3363,-6.46007,-10.5888,8.82993,47.9287
11504,3308,3334,3280,3142,3660,3766,3681,3496,4596,5625,4718,3895,5856,9679,6390,4036,24.8007,-5.80123,8.62869,48.308
11505,3388,4033,4751,4626,3632,4483,7413,6325,3527,4078,5946,5204,3290,3491,4111,4004,-3.47402,12.8011,8.59193,48.2013
11506,3301,3393,3292,3243,3656,3671,3634,3485,4318,5220,4867,4047,5250,8892,7329,4440,28.6817,-2.71286,8.58034,48.0253
11507,3046,3339,3656,3756,3269,3622,4310,4852,3391,3978,6016,8798,3376,3881,5541,7386,12.5981,21.6454,8.79165,48.1447
11508,3639,4353,5498,4831,3709,4959,8360,5752,3541,4106,5081,4416,3270,3560,3816,3666,-7.8075,9.01838,8.92596,48.3713
11509,3220,3332,3428,3322,3357,3721,3788,3693,3898,4660,5398,4412,4250,6829,9539,5588,25.5926,4.39297,8.77653,48.29
11510,3469,3423,3319,3143,3857,3750,3520,3285,6094,4767,3752,3440,12485,5931,3968,3354,29.5883,-30.4632,8.52136,47.7047
11511,3410,3327,3125,3102,3998,3866,3463,3295,6252,4884,3873,3465,11828,6688,4003,3269,26.9591,-23.6151,8.51759,47.8987
11512,3116,3400,3361,3383,3395,3577,3819,3657,3680,4292,5282,4854,3859,5693,10115,6548,31.9619,8.90868,8.96311,48.0207
11513,3764,3930,3673,3457,4325,5462,4425,3559,5154,7947,5435,3754,4432,5020,4363,3608,6.35231,-6.24646,8.54412,48.2053
11514,3504,3863,4767,4695,3456,4300,7189,6664,3397,4006,5834,5597,3271,3610,4136,4082,-2.90157,14.115,8.79551,48.2473
11515,3171,3227,3446,3373,3244,3376,3680,4060,3419,3686,4786,6042,3421,3882,5983,12571,33.8661,30.144,8.66306,47.578
11516,8106,9182,4922,3692,5192,5497,4214,3567,3770,3847,3572,3310,3404,3416,3242,3055,-24.7136,-12.9013,8.90497,47.992
11517,10584,5849,3975,3361,7483,5147,3887,3327,4202,3918,3574,3218,3433,3393,3338,3199,-19.4595,-33.7602,8.526,47.9253
11518,8218,5524,3809,3366,9001,5490,3824,3426,4794,4134,3712,3224,3788,3567,3210,3043,-13.876,-25.1841,8.66752,48.0867
11519,3145,3332,3397,3294,3422,3600,3701,3549,3812,4695,5149,4428,4238,6782,9513,5466,29.9419,4.56294,8.9302,47.682
11520,3119,3165,3359,3482,3306,3425,3819,3976,3395,3820,4946,5868,3358,4069,7328,11274,33.247,20.5296,8.99784,47.806
11521,3495,4190,6454,7978,3354,4133,6135,7367,3340,3668,4262,4437,3165,3248,3542,3442,-16.1927,18.222,8.54619,48.14
11522,3687,3978,3841,3462,4214,5946,5175,3885,4440,6951,5886,4149,3980,4567,4334,3860,2.50666,-2.43536,8.84913,48.2367
11523,3370,3405,3221,3120,3860,3896,3595,3165,5399,5375,4022,3587,8682,8908,4607,3612,25.3527,-14.178,8.85189,47.8827
11524,3185,3379,3366,3405,3509,3833,3927,3809,3816,4610,6236,4922,3917,5824,8610,5957,20.1335,7.25702,8.62275,48.2033
11525,3301,3810,5076,7653,3271,3846,5356,9541,3264,3540,4281,4967,3251,3383,3608,3714,-11.6542,27.9219,8.66408,47.908
11526,4848,4260,3601,3228,8350,4887,3738,3301,8243,5051,3829,3314,4796,4142,3586,3152,0.0387978,-26.6048,8.78798,48.2173
11527,3701,3776,3570,3373,4517,5203,4202,3592,5612,8194,4876,3822,4680,5346,4278,3718,7.21789,-9.26888,8.81895,48.3067
11528,3529,3434,3205,3219,4040,3887,3637,3377,6001,5502,4098,3425,8918,8316,4388,3651,22.7814,-15.9614,8.73028,48.418
11529,3168,3229,3374,3421,3354,3627,3855,3765,3651,4259,5357,4822,3938,5742,9874,6554,30.4191,8.66167,8.79322,47.9933
11530,5124,4348,3581,3241,8973,5022,3745,3425,7528,4885,3652,3268,4554,4079,3512,3260,-2.32398,-29.7642,8.55534,48.1313
11531,6451,7930,4821,3819,5567,6792,4559,3743,3987,4065,3615,3344,3407,3483,3397,3185,-17.6988,-10.7919,8.94717,48.11
11532,3232,3336,3312,3313,3320,3667,3889,3737,3739,4302,5397,5000,3790,5129,9774,7485,31.6354,11.2254,8.66633,48.2813
11533,3737,3700,3500,3177,4700,4761,3918,3402,6957,7780,4352,3531,5666,5671,4217,3422,9.68326,-13.6179,8.90629,48.3273
11534,3188,3229,3397,3388,3418,3587,4053,3951,3549,4159,5995,6095,3464,4528,8149,8020,19.7247,14.7335,8.88875,48.1133
11535,3466,3484,3098,3095,4159,3842,3443,3202,7173,5053,3802,3323,11577,5996,3867,3377,21.2729,-27.4994,8.79592,47.9713
11536,9197,5522,3983,3489,8361,5158,3779,3448,4400,3992,3590,3200,3611,3523,3401,3189,-16.3135,-33.6325,8.55746,47.8953
11537,3570,3541,3270,3141,4722,3907,3569,3230,8465,5178,3849,3362,9406,5610,3853,3411,16.2194,-25.6376,8.89591,48.056
11538,3370,3325,3188,3006,4195,3886,3297,3278,7791,5090,3762,3292,10959,6046,3863,3487,19.9239,-26.0213,8.93841,47.89
11539,3294,3648,4356,4929,3398,3695,4939,8851,3304,3865,4853,7659,3215,3371,4066,4458,-1.65362,33.5899,8.90871,47.934
11540,3073,3568,4131,4743,3298,3761,5075,7538,3298,3753,5473,8316,3238,3637,4248,4942,1.25019,23.6087,8.80467,48.0613
11541,3076,3191,3331,3418,3228,3419,3920,4113,3392,3805,4848,6697,3438,3935,6022,12175,24.1964,29.8665,8.76085,48.0053
11542,3314,3306,3271,3157,4033,3817,3409,3212,6138,4795,3687,3451,12506,6164,3909,3333,27.6512,-27.8265,8.67745,47.668
11543,6799,4826,3695,3363,10051,5466,3789,3495,5639,4302,3627,3233,3861,3588,3314,3128,-9.29812,-25.8191,8.95732,48.1173
11544,3062,3193,3414,3381,3374,3434,3990,4296,3362,3785,4924,7476,3402,4016,5793,10903,19.9271,32.8075,8.56771,47.87
11545,3309,3347,3238,3109,3841,3844,3520,3199,5672,5074,3994,3400,10097,8043,4386,3454,31.5243,-17.8553,8.77884,47.6847
11546,6432,4843,3791,3301,10082,5216,3881,3384,5589,4331,3561,3388,3909,3807,3318,3193,-8.43372,-33.1968,8.77951,48.0173
11547,6910,4884,3732,3249,10084,5214,3819,3344,5667,4444,3580,3219,3841,3691,3379,3206,-9.07388,-28.6494,8.9844,48.1753
11548,4463,4828,3953,3485,6033,7662,4499,3711,5243,5955,4076,3501,3987,4086,3736,3355,-3.44734,-11.3009,8.77173,48.382
11549,3012,3265,3323,3360,3281,3559,3782,3928,3507,3990,5337,6057,3452,4339,7855,9826,23.1362,18.34,8.9434,47.9153
11550,3481,3347,3232,3067,4008,3877,3381,3220,6616,5069,3820,3354,11867,6360,3990,3305,23.2498,-24.8061,8.88705,47.996
11551,5469,6012,4393,3517,6400,7771,4703,3610,4492,4665,3713,3436,3513,3753,3496,3314,-10.8735,-11.6653,8.77712,48.1713
11552,3441,4180,6790,9853,3431,4017,5494,6924,3073,3498,3967,4177,3056,3280,3475,3384,-20.0854,20.7744,8.86585,48.0267
11553,4096,4903,4759,3999,4432,7216,6506,4184,4098,5009,4787,3872,3687,3702,3655,3444,-6.7324,-1.70171,8.8221,48.2327
11554,3203,3354,3392,3404,3289,3613,3984,4175,3521,4104,5943,6251,3600,4440,7662,8327,19.8438,15.6476,8.61177,48.1747
11555,3131,3203,3347,3460,3178,3586,3848,3895,3507,3979,5090,5744,3532,4318,7702,10615,33.6637,18.7696,8.89223,48.09
11556,7080,7429,4554,3556,6184,6620,4403,3591,4102,4222,3643,3391,3491,3388,3357,3172,-17.0583,-13.833,8.62501,48.122
11557,4357,5397,5254,4008,4523,7164,6503,4255,4030,4663,4457,3736,3434,3758,3506,3429,-10.0164,-1.74962,8.6268,48.316
11558,3498,3443,3250,3179,4463,4023,3525,3263,8639,5099,3852,3414,9390,5547,3771,3400,16.1249,-32.8087,8.81237,47.8373
11559,3117,3174,3487,3614,3298,3603,4120,4477,3563,3904,5806,7845,3449,4000,6164,8540,16.0239,20.7606,8.52944,48.1073
11560,4561,4444,3800,3428,6269,6821,4359,3536,5928,6314,4130,3530,4394,4121,3608,3334,-1.57408,-13.9692,8.54983,48.3847
11561,4215,6941,9293,5613,3834,4715,5403,4466,3581,3790,3762,3571,3231,3300,3338,3213,-26.0453,4.524,8.81089,48.1773
11562,5817,7356,4859,3796,5483,7336,4723,3708,4014,4310,3891,3541,3486,3525,3288,3238,-15.44,-9.38917,8.56728,48.2473
11563,3208,3352,3611,3777,3401,3632,4516,4987,3527,4073,6546,8034,3361,4012,5666,6638,11.2267,18.1221,8.65373,48.2273
11564,3956,3901,3472,3238,5820,4943,3735,3344,8556,6416,3908,3450,5556,4772,3820,3405,6.1,-19.2156,8.7334,48.1947
11565,9523,6536,4063,3397,7223,5466,3948,3366,4304,4033,3485,3291,3497,3438,3306,3119,-19.0895,-21.3233,8.51284,47.9967
11566,3165,3399,3415,3439,3348,3645,3849,3747,3636,4142,5130,5160,3691,4832,9417,8068,33.0967,13.1886,8.6348,48.0553
11567,3413,3347,3260,3142,3826,3878,3501,3300,5607,5169,3966,3375,9898,8342,4352,3558,32.6943,-17.1572,8.74766,47.956
11568,8947,5499,3897,3349,8766,5203,3790,3445,4630,4055,3481,3312,3585,3514,3296,3210,-15.477,-28.3634,8.6826,47.986
11569,4183,5781,6291,4596,4198,6196,7077,4472,3765,4241,4326,3857,3349,3476,3487,3228,-12.9089,1.69465,8.87651,48.3487
11570,3192,3366,3630,3868,3258,3644,4472,5120,3410,3907,6304,8716,3446,3765,5434,6690,10.7992,20.0733,8.6215,48.148
11571,3127,3203,3463,3445,3148,3419,3791,3876,3295,3755,4614,6362,3322,3928,5992,12701,26.0935,30.6305,8.99651,47.6273
11572,3659,4319,7060,7429,3377,4231,6135,6844,3288,3691,4209,4453,3155,3241,3550,3430,-16.6437,16.2137,8.55958,48.0473
11573,3439,3905,5936,12026,3434,3746,4862,6710,3319,3472,3815,3911,3272,3111,3423,3279,-22.889,33.6202,8.94641,47.7733
11574,3398,3364,3253,3029,4035,3885,3490,3171,6256,4696,3882,3433,12040,6561,4103,3388,25.9443,-24.5396,8.80865,47.9893
11575,3638,5058,9480,7629,3650,4163,5299,5127,3327,3666,3844,3777,3134,3252,3356,3382,-31.0827,11.9626,8.56311,47.8547
11576,3317,3691,4443,4652,3459,4074,6301,7016,3463,4061,5921,6396,3216,3633,4328,4318,-1.01674,16.4382,8.70884,48.1927
11577,3645,3768,3454,3302,4331,4996,4090,3497,5569,8178,5106,3841,4806,5812,4444,3693,9.25284,-8.39394,8.69301,48.3547
11578,3347,3294,3308,3078,3956,3873,3565,3249,5815,4953,3901,3355,10649,7802,4362,3537,27.0109,-19.2329,8.8873,48.0293
11579,4415,4823,4062,3503,5678,7501,4811,3724,5000,6290,4350,3677,3930,4040,3769,3297,-3.01766,-9.60124,8.76257,48.58
11580,3397,3662,4160,4059,3546,4291,6096,5137,3584,4726,7396,5722,3596,3938,4701,4417,2.78647,10.8341,8.6821,48.2853
11581,7799,5239,3766,3355,9450,5265,3781,3343,5078,4166,3507,3219,3548,3685,3270,3155,-12.1923,-32.1429,8.85457,47.7507
11582,3293,3663,4471,5727,3376,3778,5247,9799,3222,3682,4666,6590,3205,3361,3932,4177,-4.98395,26.7363,8.98122,48.126
11583,5618,6755,4576,3672,5848,7688,4755,3586,4169,4483,3832,3600,3579,3538,3496,3161,-13.0989,-10.6705,8.95683,48.2373
11584,3693,3559,3368,3143,4431,4132,3651,3201,7673,5811,4026,3421,8356,6280,4136,3509,16.0815,-19.7642,8.69905,48.26
11585,3714,4845,6999,5575,3785,4822,7614,5518,3509,3843,4405,4063,3169,3442,3509,3410,-13.98,8.94939,8.68418,48.148
11586,4552,5179,4240,3630,5596,7914,5047,3833,4543,5407,4168,3565,3754,3797,3624,3379,-6.37157,-8.8738,8.59357,48.152
11587,4577,7899,8768,4925,4007,4872,4964,4233,3434,3782,3751,3424,3254,3348,3355,3215,-30.1088,1.31729,8.80563,47.872
11588,5458,5694,4191,3493,6638,7694,4377,3550,4736,4823,3900,3449,3766,3700,3465,3209,-8.84262,-13.0851,8.69815,48.0953
11589,3252,3425,3364,3235,3752,3973,3753,3620,4687,6066,5137,3970,5286,8181,6074,4147,19.3967,-4.47949,8.54,47.948
11590,4160,3967,3434,3264,7020,4752,3737,3336,9224,5194,3691,3336,5468,4349,3668,3290,3.91378,-32.8186,8.6315,47.9267
11591,7895,5171,3948,3380,9367,5217,3777,3341,4880,4216,3523,3367,3648,3574,3298,3175,-12.7261,-33.4608,8.65412,47.8513
11592,4095,6633,9349,5576,3957,4583,5144,4570,3392,3663,3855,3710,3242,3289,3393,3307,-33.5818,4.94271,8.5454,47.8387
11593,7046,6125,4168,3484,7603,6483,4214,3523,4536,4443,3638,3277,3755,3662,3315,3209,-13.2235,-17.3025,8.65142,48.3207
11594,3499,4238,7538,10608,3404,3862,5150,5970,3248,3458,3728,4019,3116,3242,3457,3354,-25.1389,19.66,8.67667,47.9273
11595,3328,3723,4773,5783,3363,3969,5929,9327,3295,3686,4766,6048,3111,3497,3845,4078,-6.14639,22.2303,8.96967,48.3473
11596,3446,3443,3351,3093,4012,3828,3598,3347,6011,5967,4222,3561,8134,8112,4623,3614,21.1326,-14.7709,8.52276,48.2413
11597,11883,6553,3892,3479,6222,4895,3849,3372,3860,3823,3459,3211,3419,3339,3225,3120,-27.4225,-24.276,8.56333,47.734
11598,3875,4087,3782,3454,4359,5849,4770,3693,4708,7527,5552,3958,4078,4672,4219,3698,3.74573,-4.88124,8.75002,48.1873
11599,3415,3380,3209,3215,3900,3769,3500,3242,5720,5097,3914,3444,10382,7920,4303,3480,28.8359,-18.7967,8.62921,47.9267
11600,4367,6854,8916,5385,3833,5006,5543,4455,3446,3779,3783,3592,3236,3255,3295,3360,-23.2941,3.65283,8.75807,48.07
11601,3594,3680,3484,3310,4305,4765,3937,3520,6024,8070,4782,3664,5235,6071,4377,3606,10.5817,-10.6168,8.68538,48.2827
11602,3270,3348,3399,3313,3547,3969,4015,3596,4105,5570,5997,4266,4446,6900,7627,4866,19.249,1.33957,8.98335,48.156
11603,3852,3956,3601,3444,4915,5895,4218,3555,5736,7683,4726,3666,4588,5001,4054,3552,4.2279,-10.0484,8.80001,48.2947
11604,3319,3442,3906,4245,3295,3794,4763,7183,3302,3868,5142,9371,3258,3675,4335,5324,3.43841,33.3187,8.9121,48.148
11605,3496,3487,3345,3239,3916,4121,3718,3356,5971,6838,4403,3666,6796,7601,4675,3672,17.3461,-12.3937,8.79679,48.2
11606,3419,3876,5289,8666,3486,3836,5275,9330,3332,3422,4156,4779,3108,3184,3558,3556,-14.0889,32.0331,8.96956,48.1813
11607,3164,3408,3307,3262,3484,3686,3821,3674,3889,4636,5138,4265,4359,7208,9248,5457,29.9838,3.36666,8.91519,48.004
11608,3839,4217,4026,3569,4474,6281,5165,3851,4448,6894,5569,3936,3985,4247,4135,3573,1.09417,-3.57621,8.86087,48.1393
11609,3116,3399,3623,3417,3362,3797,4509,4207,3600,4645,7505,5980,3617,4509,7065,5947,13.8413,11.1526,8.949,48.1987
11610,3312,3399,3197,3109,4020,3785,3399,3206,6532,4946,3906,3479,12133,6000,4008,3350,24.2505,-28.2195,8.90183,47.854
11611,3714,3699,3392,3245,4970,4668,3794,3322,7574,7120,4238,3593,5862,5492,3959,3474,9.53319,-15.9858,8.66582,48.0773
11612,3369,4184,7163,11529,3438,3970,4855,5958,3180,3539,3737,3925,3054,3152,3337,3452,-28.3872,21.8196,8.55059,47.8947
11613,3175,3307,3616,3595,3234,3595,4291,4915,3290,3811,5194,9236,3343,3876,5206,7829,12.3146,33.4207,8.61559,47.6753
11614,3201,3208,3408,3324,3365,3776,4075,3786,3734,4633,6060,4941,3832,5616,9069,6257,21.2855,8.3885,8.83614,48.19
11615,3811,3774,3426,3005,4902,4546,3660,3302,7882,7017,4191,3502,6143,5670,4091,3489,10.465,-16.8698,8.7958,48.274
11616,3324,3640,3812,3632,3695,4135,5250,4139,3683,5252,8284,5319,3742,4318,5309,4660,7.93431,7.40015,8.95473,48.1293
11617,9424,5529,3864,3314,8546,5269,3769,3488,4586,4137,3514,3203,3466,3391,3188,3230,-15.9162,-29.248,8.89434,47.9453
11618,3639,4596,8114,8748,3485,4064,5486,5986,3224,3531,3862,4036,3216,3339,3402,3379,-22.1993,15.8692,8.56556,48.0713
11619,3113,3475,4024,4349,3266,3733,4791,6806,3279,3820,5629,9146,3288,3684,4371,5462,4.36059,23.2586,8.95707,48.1573
11620,7903,6941,4152,3400,6784,6222,4218,3565,4331,4135,3500,3271,3493,3468,3318,3169,-17.3272,-16.8871,8.99557,47.9133
11621,5094,7230,5384,4033,4983,7192,5359,3864,3824,4226,3914,3535,3432,3552,3293,3263,-15.3357,-5.72052,8.79149,48.1187
11622,3242,3724,4341,5421,3319,3833,5062,9297,3387,3648,4623,7256,3361,3525,3812,4373,-3.31822,30.9994,8.87145,48.1493
11623,4340,3973,3405,3198,7056,4596,3533,3301,9536,5097,3726,3516,5350,4163,3684,3319,3.77702,-32.6957,8.95564,47.862
11624,3424,3898,5734,11495,3403,3763,4873,7153,3250,3372,3868,4015,3109,3192,3381,3433,-21.9525,30.6318,8.81735,47.5753
11625,3599,4397,8022,8238,3443,4115,5923,6076,3415,3435,4034,4113,3216,3209,3433,3418,-19.814,15.3505,8.86417,48.0573
11626,3225,3306,3382,3450,3188,3512,3885,3743,3427,3955,5014,5731,3552,4213,7577,10765,29.4608,19.5264,8.6858,47.95
11627,3502,3435,3267,3158,4039,3986,3488,3161,7003,5192,3898,3291,10470,6583,4018,3421,20.9851,-22.2319,8.80085,47.9413
11628,3116,3227,3258,3440,3180,3484,3821,3921,3326,3724,4996,6197,3468,3975,6587,11850,26.5381,24.057,8.64097,47.7133
11629,9940,7284,4347,3455,6463,5552,3944,3359,4114,3982,3426,3238,3494,3422,3154,3063,-21.4959,-18.9494,8.79394,48.158
11630,4231,3936,3425,3158,6144,5318,3783,3303,7865,6432,3983,3369,5212,4718,3792,3310,4.29372,-18.4512,8.71322,47.986
11631,3877,4229,3904,3520,4650,6673,5099,3899,4859,6918,5008,3755,4077,4354,4050,3521,0.463508,-5.67298,8.84885,48.262
11632,3160,3375,3733,3782,3406,3840,4794,4795,3658,4543,7783,6817,3512,4105,5550,5514,8.86567,13.3112,8.74614,48.2447
11633,3330,3934,5010,5865,3393,4156,6784,8209,3334,3755,4846,5515,3146,3367,3801,3864,-7.6693,18.2509,8.71575,48.206
11634,4226,4946,4585,3846,4803,7805,5808,3953,4280,5405,4445,3776,3853,3732,3737,3452,-5.8143,-4.21203,8.84032,48.4347
11635,3080,3271,3411,3335,3351,3676,3742,3913,3573,4061,5595,5344,3767,5071,9394,7888,25.1363,12.6214,8.59785,48.3147
11636,3245,3452,4220,4469,3453,3803,5337,6634,3410,4186,6140,7633,3336,3578,4561,4798,1.8041,18.9416,8.56035,48.17
11637,9695,8405,4616,3428,5469,5192,4056,3486,3804,3816,3476,3369,3395,3439,3346,3144,-28.8839,-16.5567,8.78122,48.0907
11638,3103,3304,3366,3358,3215,3498,3993,3994,3376,3738,5010,7534,3398,3860,5792,11369,20.3623,31.503,8.97268,47.9387
11639,3383,3833,4722,4682,3599,4333,7393,6430,3548,4129,5674,5493,3223,3557,4054,4092,-4.10191,13.4466,8.68826,48.0967
11640,3093,3359,3407,3329,3171,3477,3696,3717,3533,4234,5133,5088,3750,4911,9666,8077,31.7449,12.7633,8.92359,47.7607
11641,3552,4733,9023,8934,3487,4120,5211,5384,3315,3433,3848,3864,3025,3272,3418,3378,-28.268,14.6895,8.567,47.998
11642,3166,3224,3367,3366,3418,3678,3773,3722,3813,4444,5473,4865,3944,5921,9813,6443,26.2798,8.16156,8.58992,48.2867
11643,3266,3575,4268,5188,3295,3731,4963,8998,3210,3721,4800,7542,3197,3501,4119,4537,-2.09358,29.9472,8.93808,47.9407
11644,4978,6925,5342,3997,4916,7266,5487,3891,3993,4396,3995,3514,3453,3554,3426,3255,-14.0476,-4.97332,8.75818,48.2587
11645,3786,3766,3426,3310,4598,5063,3885,3548,6448,7976,4670,3538,5247,5672,4175,3471,8.60119,-11.8259,8.86385,48.386
11646,4609,7582,8726,5035,4010,4956,5194,4258,3494,3849,3868,3606,3205,3328,3362,3296,-25.511,1.93811,8.61886,48.252
11647,6815,4837,3727,3306,9872,5342,3782,3394,5724,4320,3590,3217,3889,3733,3450,3117,-9.01387,-29.8577,8.82667,48.0767
11648,3860,5702,9038,6192,3661,4540,5949,5000,3428,3672,3770,3793,3155,3287,3527,3428,-21.9298,8.27123,8.50897,48.0013
11649,3914,3780,3426,3222,5485,4253,3553,3159,9955,5276,3725,3318,6987,4835,3745,3275,9.34945,-30.4763,8.75261,47.9387
11650,7118,5051,3751,3209,9924,5293,3820,3352,5291,4321,3528,3291,3748,3620,3323,3202,-10.3548,-33.4232,8.75862,47.8947
11651,3365,3601,4217,4587,3428,3805,5475,6883,3450,3805,5800,7740,3356,3760,4341,4747,1.53634,19.5835,8.70702,48.24
11652,3481,4113,5890,7817,3424,4077,6142,8008,3201,3695,4284,4669,3063,3310,3579,3593,-14.5562,19.7891,8.50823,48.2307
11653,3513,3531,3266,3049,4252,3971,3512,3155,8082,5037,3799,3333,10409,5720,3894,3314,18.2231,-29.0348,8.93703,47.8913
11654,7766,6865,4166,3557,7045,6304,4166,3476,4224,4121,3466,3186,3607,3471,3329,3278,-16.252,-17.0661,8.84932,48.018
11655,4696,8294,8240,4700,4213,4819,4901,4122,3501,3719,3725,3543,3216,3289,3429,3235,-31.3944,-0.137927,8.92993,47.7613
11656,7409,4947,3843,3343,9678,5398,3786,3406,5338,4286,3517,3250,3761,3616,3258,3184,-11.1622,-26.4265,8.64876,48.0133
11657,4837,7726,6644,4437,4369,5994,5591,4067,3693,3984,3975,3614,3297,3418,3335,3161,-19.2375,-2.42775,8.7707,48.0947
11658,3373,3333,3275,3145,3912,3753,3464,3241,6027,4897,3815,3319,11682,6807,3892,3417,33.7722,-22.4919,8.87561,47.568
11659,3531,3456,3185,3124,4337,3974,3473,3202,8054,4879,3851,3410,10258,5652,3949,3455,18.1837,-29.3639,8.76223,47.86
11660,3113,3322,3413,3294,3250,3596,3931,3921,3478,3977,5035,5562,3468,4386,8385,9919,31.3791,17.1502,8.87954,48.0333
11661,12228,6206,3959,3437,6035,4896,3779,3358,3835,3929,3391,3152,3369,3271,3336,3185,-31.7788,-25.3882,8.54602,47.5773
11662,3256,3414,3280,3163,3532,3780,3842,3533,4134,5145,5216,4141,4669,8001,8118,4763,23.7487,0.193814,8.95451,47.9913
11663,3138,3316,3406,3350,3181,3622,3770,4001,3447,4019,5347,5855,3543,4392,7976,9825,24.7339,17.6522,8.5834,48.1253
11664,3452,3412,3221,3058,3893,3894,3482,3129,6257,4969,3945,3361,11815,6533,4085,3392,26.3403,-23.8195,8.82037,47.932
11665,3516,4177,6208,6463,3590,4223,7039,7488,3417,3677,4489,4564,3070,3300,3641,3571,-12.4092,16.1729,8.96551,48.2887
11666,12845,5985,3980,3428,6091,4805,3682,3418,3923,3626,3339,3381,3352,3400,3235,3189,-28.1841,-32.498,8.98179,47.786
11667,3307,3698,4368,5335,3390,3761,5142,9484,3381,3597,4793,7106,3253,3450,4114,4354,-3.55893,28.9483,8.9577,48.3553
11668,3330,3498,3586,3490,3523,3906,4345,4118,3876,5527,7390,5009,4013,5329,6645,4996,13.7174,5.19288,8.69999,48.3873
11669,3197,3391,3803,4039,3408,3617,4469,6028,3476,3709,5440,9830,3304,3695,4657,6157,7.00171,25.9349,8.62869,48.1467
11670,3531,4381,8052,9860,3392,4102,5141,5759,3225,3537,3869,3958,3065,3199,3405,3381,-26.9496,17.7565,8.64931,47.9047
11671,3223,3611,4159,4305,3376,3819,5374,6890,3322,3872,5882,7955,3300,3658,4503,4897,1.98753,20.3931,8.61829,48.0973
11672,3010,3169,3408,3442,3174,3458,3904,4071,3527,3933,5100,6384,3399,4180,6967,10839,23.1511,21.3289,8.77837,47.9767
11673,3985,4947,5151,4132,4247,6565,7167,4575,3750,4631,4912,4030,3432,3609,3709,3537,-8.29951,1.65136,8.91713,48.2527
11674,9249,8358,4434,3584,5708,5388,4029,3610,3886,3909,3601,3284,3369,3461,3322,3123,-24.5061,-16.2936,8.6703,48.21
11675,3214,3250,3566,3554,3213,3465,4109,4887,3419,3912,5242,9323,3322,3902,5335,8100,13.2659,29.3707,8.71596,47.8753
11676,3343,4017,6223,11222,3445,3714,5133,6993,3216,3445,3954,4221,3088,3219,3426,3355,-21.6062,25.1382,8.71152,48.0093
11677,3054,3270,3355,3500,3253,3479,3900,3883,3459,3818,5246,6038,3522,4324,7778,10262,25.2438,18.7327,8.53724,48.094
11678,3130,3304,3340,3256,3384,3881,3913,3740,3821,4971,6198,4670,4187,6082,8759,5626,20.4793,5.6404,8.9912,48.1747
11679,4295,4961,4343,3607,5188,7750,5430,3779,4516,5787,4463,3582,3726,3944,3693,3438,-5.12995,-6.15212,8.95109,48.3347
11680,12615,5979,3813,3347,6271,4799,3863,3227,3804,3734,3339,3255,3343,3411,3236,3135,-25.0362,-32.566,8.98659,47.4473
11681,3521,3792,3746,3677,3956,4872,4992,4072,4129,6721,7325,4514,3938,4716,4827,4119,6.38019,1.0948,8.92071,48.6113
11682,4983,5010,3985,3332,6812,7594,4251,3562,5290,5461,3966,3370,3995,3899,3436,3234,-5.74672,-14.1878,8.61963,48.12
11683,3354,3540,4356,5157,3417,3667,5078,8731,3399,3752,4935,7251,3217,3532,4039,4331,-2.45745,33.0324,8.60062,47.8373
11684,3336,3782,4898,6883,3326,3800,5572,9947,3323,3720,4227,5524,3155,3362,3549,3826,-9.95415,24.7079,8.96832,48.1533
11685,3386,3629,3629,3326,3988,4625,4146,3617,4682,7701,5977,3992,4534,6073,5096,3920,11.3988,-3.6281,8.98833,48.214
11686,3440,3944,6534,12392,3329,3717,4988,5948,3177,3362,3796,3867,3104,3197,3251,3455,-32.6788,24.9213,8.95477,47.6673
11687,3287,3575,3975,3891,3468,4101,5609,4928,3684,4711,7757,6061,3564,4086,5001,4686,5.43794,10.9932,8.59788,48.256
11688,7789,8231,4608,3506,6005,6067,4149,3480,4115,4009,3548,3269,3364,3481,3297,3103,-19.8374,-14.3272,8.83672,48.014
11689,9251,8620,4539,3608,5628,5322,3988,3515,3934,3804,3546,3302,3415,3393,3152,3258,-24.2716,-15.8307,8.85045,48.1833
11690,5256,4564,3580,3278,8533,5698,3906,3346,7011,5233,3805,3355,4403,4107,3512,3255,-2.91376,-21.9156,8.9714,48.5613
11691,3890,4291,4451,3859,4126,6484,6440,4278,4102,5582,5608,3908,3544,3894,4039,3739,-2.52537,-0.176519,8.59077,48.1567
11692,3378,3775,4979,7633,3488,3892,5260,9564,3286,3571,4275,5208,3112,3196,3703,3699,-11.6627,28.0291,8.62641,48.0127
11693,5350,9403,6895,4234,4381,5147,4614,3907,3641,3827,3718,3506,3312,3429,3361,3269,-32.7788,-4.18994,8.73592,47.996
11694,4260,4305,3588,3438,5928,6417,4063,3559,6080,6693,4238,3476,4417,4366,3734,3434,0.926543,-13.6833,8.65204,47.9973
11695,3145,3341,3588,3620,3311,3570,4305,4925,3324,3887,5133,9499,3379,3719,5123,7725,12.1379,33.5309,8.83462,47.7293
11696,3641,4538,7144,6629,3641,4390,6899,6294,3293,3655,4404,4148,3171,3296,3553,3524,-15.4883,13.4276,8.56355,48.1467
11697,3386,3646,3823,3908,3621,4323,5927,4888,3734,4734,7832,5677,3494,4029,4843,4431,4.0579,10.0821,8.81219,48.1973
11698,3514,3475,3290,3173,4229,4234,3695,3409,5879,7096,4606,3728,6441,7626,4691,3716,15.9541,-11.4383,8.82667,48.5347
11699,3389,3341,3227,3207,3996,3629,3427,3192,6350,4863,3849,3379,12237,5955,3993,3402,25.3374,-33.8802,8.96422,47.624
11700,3219,3265,3354,3462,3293,3530,3861,3806,3393,3896,4966,5792,3370,4013,7138,11418,31.6169,21.4539,8.71401,47.8507
11701,3472,3919,5989,12604,3448,3935,4854,6100,3258,3495,3617,3859,3032,3194,3310,3478,-27.431,30.1167,8.63893,47.7093
11702,3250,3167,3369,3443,3293,3479,3700,3936,3373,3839,4706,6009,3393,3902,5884,12291,32.7729,31.683,8.54513,47.356
11703,3190,3274,3552,3497,3354,3561,4094,4602,3395,3848,5228,8755,3312,3877,5339,9012,15.5402,32.8463,8.50236,47.9267
11704,3390,4306,7793,10541,3389,3885,4960,5596,3351,3492,3815,4049,3072,3121,3341,3414,-31.6038,18.8986,8.84414,47.6767
11705,3415,3417,3320,3183,3802,3775,3445,3220,5939,4809,3811,3390,12664,5784,3892,3387,30.9581,-32.7365,8.81906,47.502
11706,5482,9327,6873,4229,4454,5130,4842,3899,3668,3803,3672,3481,3330,3411,3294,3211,-31.8978,-4.14077,8.55883,48.0707
11707,10218,5570,3947,3372,8192,4988,3874,3387,4349,4046,3437,3267,3639,3444,3257,3084,-18.374,-28.8474,8.65054,48.0473
11708,12473,6091,3941,3394,6176,4865,3784,3290,3890,3844,3408,3257,3372,3310,3290,3165,-26.4099,-32.5231,8.7316,47.7
11709,3431,3435,3378,3115,3850,3882,3555,3374,4973,5908,4559,3776,6460,9499,5524,3870,22.9839,-8.70986,8.71904,48.3927
11710,3368,3967,5014,5116,3589,4222,7436,7086,3561,3823,5382,5207,3385,3598,3891,3953,-5.70729,14.3444,8.92053,48.3987
11711,3312,3930,6257,12076,3363,3872,4807,6125,3239,3483,3946,3867,3097,3168,3523,3451,-26.4069,27.8325,8.57831,47.6773
11712,4715,8277,8432,4717,4091,4888,5012,4236,3406,3773,3785,3539,3280,3356,3357,3229,-30.1018,0.302795,8.74759,48.062
11713,5930,9455,6157,3977,4798,5622,4594,3687,3763,3931,3747,3364,3281,3435,3305,3196,-24.2253,-6.73701,8.54712,48.1613
11714,3399,3741,4219,4335,3539,4323,6765,5496,3647,4609,7028,5632,3464,3833,4405,4315,0.850615,11.2639,8.79117,48.5
11715,3333,3722,4002,4067,3521,4138,5935,5159,3606,4523,7511,5969,3517,3888,4705,4537,3.1835,11.4226,8.98568,48.0887
11716,3544,3742,3479,3544,4098,4919,4500,3742,4602,7664,6132,4001,4382,5453,4732,3895,8.5724,-3.21904,8.80944,48.286
11717,3437,3535,3232,3148,4018,4028,3719,3302,5689,6539,4409,3597,6819,8285,4902,3648,18.831,-11.8534,8.89763,48.2047
11718,3851,4263,4354,3709,4104,6315,6272,4289,4072,5800,5697,4183,3637,4050,4101,3675,-1.64705,-0.0381443,8.92193,48.248
11719,3203,3496,3245,3129,3833,3971,3658,3331,5184,5820,4367,3742,6878,9189,5308,3833,22.5714,-10.0869,8.50606,48.1247
11720,3540,3903,5910,12583,3455,3789,4628,6082,3150,3420,3758,3905,3151,3222,3400,3374,-27.301,33.7798,8.65104,47.5133
11721,8652,6755,4172,3388,7348,5801,3954,3446,4250,4049,3541,3314,3439,3441,3247,3092,-17.9159,-19.1872,8.90751,47.926
11722,9495,8492,4359,3529,5386,5149,4151,3451,3874,3913,3441,3241,3343,3458,3282,3235,-33.6343,-16.3535,8.58961,47.866
11723,3285,3416,3578,3536,3571,3983,4529,4148,3805,5096,7923,5529,3690,4673,6421,5287,12.4037,8.08178,8.94078,48.3133
11724,3067,3280,3300,3326,3365,3586,3809,3874,3578,4161,5211,5331,3572,4859,9249,8256,27.5042,13.4966,8.7927,47.8827
11725,11809,6002,3928,3438,6903,4742,3811,3327,4052,3907,3460,3262,3381,3443,3185,3105,-23.0595,-28.8161,8.5749,47.8367
11726,3330,3319,3300,3371,3808,3791,3476,3329,5781,4654,3745,3396,12519,6044,3869,3419,30.8275,-33.9436,8.60726,47.434
11727,5196,5809,4167,3578,6049,7972,4664,3735,4608,4937,4070,3473,3758,3747,3483,3289,-8.92441,-10.6485,8.67095,48.3567
11728,7183,5982,4126,3439,7970,6311,4067,3473,4744,4336,3647,3362,3707,3560,3204,3212,-13.4777,-18.5224,8.55708,48.2153
11729,3239,3315,3447,3348,3392,3642,4046,3932,3633,4726,6712,5399,3821,5154,8165,6267,17.991,9.6112,8.70718,48.1587
11730,3448,3761,5038,6885,3392,3866,5565,9479,3283,3593,4416,5523,3137,3437,3686,3798,-9.67888,24.0581,8.7652,48.2047
11731,3148,3378,3411,3645,3235,3637,4164,5063,3406,3796,5219,9465,3371,3898,5062,7827,12.2961,31.9457,8.80528,47.8167
11732,3230,3235,3570,3501,3336,3815,4229,3944,3808,4655,6858,5460,3791,4994,7781,6065,16.8333,9.67044,8.60513,48.1813
11733,3067,3250,3435,3567,3292,3380,4046,4340,3375,3818,5174,8096,3377,4002,5879,10152,17.9514,25.767,8.68018,48.1667
11734,5568,4492,3587,3296,9484,5232,3807,3238,7042,4656,3637,3400,4383,3980,3378,3193,-4.11444,-29.2561,8.78671,48.2487
11735,4573,4109,3618,3208,8050,4933,3738,3469,8153,5038,3829,3361,4894,4277,3600,3231,0.963346,-32.1597,8.55667,48.054
11736,3285,3669,3918,3881,3545,4219,5639,4879,3688,4563,7683,5802,3613,4059,5012,4704,5.28288,10.4258,8.60527,48.106
11737,3331,3532,4028,4000,3419,4157,5694,5439,3530,4458,7315,6783,3390,3867,4843,4784,4.26031,13.6818,8.97416,48.38
11738,3119,3324,3668,3744,3268,3571,4245,5099,3379,3845,5230,9491,3268,3833,5044,7553,11.4532,32.4896,8.52273,47.7873
11739,3558,3515,3307,3153,4740,4051,3591,3187,8394,5578,3894,3415,8766,5791,3923,3338,15.451,-23.9256,8.61009,48.134
11740,3216,3406,3509,3435,3466,3904,4145,3862,4005,5489,6845,4841,4032,5738,7318,5037,15.7069,4.44207,8.57369,48.1653
11741,3130,3172,3313,3475,3239,3609,3915,4094,3399,3777,5152,7479,3396,3856,6149,10885,20.1617,24.7612,8.96831,48.0267
11742,3661,4778,8558,8522,3476,4148,5553,5670,3288,3633,3938,3911,3121,3289,3400,3406,-23.2702,14.5987,8.88925,48.2347
11743,3290,3383,3329,3207,3564,4037,3792,3498,4484,5850,5090,4010,5141,8438,6760,4285,21.1762,-2.93471,8.78031,48.1053
11744,3143,3234,3381,3379,3492,3564,3659,3621,3797,4497,5296,4646,4122,6409,9538,6010,27.806,6.38351,8.59405,47.8587
11745,3360,3841,4690,4655,3457,4237,7053,6408,3457,4109,6030,5555,3423,3634,4102,4070,-2.57325,13.5078,8.6034,48.054
11746,3097,3249,3271,3312,3243,3353,3887,4066,3340,3775,4814,6440,3352,3907,6037,12357,25.5572,27.4214,8.83838,47.6667
11747,3054,3260,3277,3432,3182,3489,3746,3946,3464,3796,5128,5838,3500,4196,7839,10548,27.5907,19.1292,8.80162,47.7967
11748,3165,3330,3400,3361,3186,3479,3835,3902,3248,3682,4762,6034,3310,3933,6364,12391,30.1273,25.7431,8.87579,47.588
11749,3349,3851,4996,6609,3498,3879,6063,9090,3261,3618,4433,5491,3177,3356,3672,3855,-9.30191,21.7719,8.86112,48.132
11750,3377,3905,5915,10817,3336,3753,5205,7427,3232,3544,3821,4153,3209,3209,3433,3512,-20.3125,25.5876,8.63257,47.8987
11751,3054,3241,3352,3359,3257,3446,3818,3918,3483,3956,5092,5596,3541,4712,8856,9124,32.864,15.5743,8.79586,47.87
11752,3713,4558,6676,5690,3609,4769,7812,5963,3358,3737,4531,4301,3210,3372,3563,3493,-12.7407,10.4208,8.99135,48.2367
11753,5367,9032,7142,4336,4368,5299,4820,3968,3624,3834,3648,3508,3299,3273,3267,3260,-26.4758,-3.35271,8.7023,48.03
11754,3414,3422,3206,3187,3965,3775,3469,3169,5818,4821,3739,3294,12194,5814,3926,3434,33.5986,-31.8085,8.63353,47.098
11755,4088,4073,3620,3365,4756,5997,4355,3586,5400,7748,4932,3632,4488,4797,3930,3536,3.47703,-9.04522,8.70424,48.202
11756,3145,3236,3363,3369,3206,3494,3721,3954,3478,3810,4958,6230,3536,4112,7042,11138,25.2598,22.0032,8.57623,47.8613
11757,3395,3374,3247,3067,3788,3792,3523,3212,5020,5210,4278,3594,7453,9830,5282,3764,28.8866,-10.9394,8.89,47.886
11758,4104,5376,6257,4579,4218,6065,7124,4651,3735,4164,4425,3876,3225,3632,3507,3382,-12.8714,2.24089,8.62869,48.2133
11759,7297,9894,5091,3552,5030,5360,4337,3541,3821,3851,3534,3337,3479,3390,3278,3231,-33.9747,-11.1996,8.76077,48.0153
11760,3928,4944,5363,4294,4024,6623,7505,4572,3799,4464,4815,3917,3357,3534,3629,3668,-8.59132,1.82704,8.94932,48.2907
11761,3332,3310,3424,3253,3619,3724,3696,3438,4199,5108,4848,4164,4936,8717,7969,4628,28.8975,-1.16763,8.84895,48.2433
11762,5840,4635,3711,3331,9554,5347,3735,3368,6395,4702,3663,3367,4237,3786,3453,3026,-6.09262,-27.0518,8.53948,48.1
11763,3263,3358,3474,3278,3655,3839,4025,3676,4200,5531,6181,4420,4386,6553,7532,4888,18.2504,1.80686,8.70507,48.1727
11764,7927,9861,5055,3580,5002,5322,4272,3556,3800,3800,3576,3272,3248,3354,3214,3184,-31.4981,-12.215,8.92828,48.0153
11765,8705,9047,4662,3669,5535,5289,4068,3517,3862,3832,3565,3277,3193,3423,3199,3168,-27.0104,-14.7749,8.88279,48.0073
11766,10229,8045,4332,3529,5786,5135,3920,3309,3901,3762,3520,3308,3330,3345,3215,3042,-26.51,-18.3065,8.77882,47.8053
11767,3326,3404,3426,3148,3693,3944,3638,3401,4672,5920,4744,3893,5620,9187,6043,4037,21.9549,-5.78309,8.78619,48.064
11768,4134,5994,8146,5464,3854,5169,6407,4605,3541,3932,4007,3768,3203,3395,3458,3377,-18.6614,4.96684,8.83031,48.3027
11769,3438,3552,3633,3531,3636,4237,4994,4193,3873,5501,8060,5159,3884,4498,5472,4529,8.48101,5.89486,8.81002,48.1267
11770,3090,3420,3425,3355,3192,3551,3870,3851,3663,4176,5699,5753,3755,4902,8822,7864,21.9445,13.5905,8.99767,48.2587
11771,3432,4005,6055,12651,3411,3788,4787,6221,3096,3370,3800,3958,3116,3264,3415,3267,-26.5691,29.4238,8.67263,47.7573
11772,3237,3624,4554,6018,3406,3818,5464,9910,3214,3684,4543,6152,3234,3379,3699,4220,-6.47986,27.3004,8.93559,48.104
11773,3453,3896,6095,12596,3462,3791,4801,6028,3289,3499,3714,3874,3011,3242,3348,3407,-28.3155,32.5425,8.61898,47.6707
11774,3514,3327,3261,3057,3917,3909,3498,3301,5648,5181,4024,3434,9801,8317,4501,3535,26.7736,-17.1247,8.72922,48.15
11775,3370,3427,3356,3133,3913,3829,3558,3336,5455,5311,4123,3471,8986,8558,4672,3678,25.9805,-15.0978,8.78649,48.1173
11776,3215,3462,3987,4359,3289,3630,4744,7384,3348,3789,5168,9296,3234,3667,4373,5368,3.01807,27.099,8.86477,48.2087
11777,3132,3218,3543,3733,3303,3575,4201,5223,3300,3820,5127,9847,3388,3837,5011,7655,11.4381,31.8784,8.92561,47.942
11778,5148,5144,3936,3393,6752,7748,4388,3567,5113,5286,3946,3476,3852,3833,3512,3218,-6.55382,-13.8199,8.89176,48.208
11779,3150,3456,3324,3290,3482,3880,3899,3720,4027,5101,5834,4510,4217,6632,8601,5281,21.0793,3.84498,8.86286,48.2693
11780,10639,7795,4358,3480,5817,4929,3910,3317,3913,3802,3556,3224,3340,3334,3175,3068,-27.64,-18.8706,8.72002,47.7713
11781,4373,6070,6070,4485,4321,6590,6655,4379,3694,4174,4196,3601,3348,3573,3527,3451,-13.5704,-0.0107364,8.66154,48.338
11782,12447,6200,3927,3376,6202,4638,3746,3391,3944,3873,3378,3273,3362,3293,3306,3140,-27.773,-28.7642,8.78932,47.664
11783,3840,3692,3449,3232,5186,4483,3599,3252,8800,6161,4055,3354,6571,5211,3959,3380,10.0258,-20.5527,8.69674,48.1493
11784,6251,4829,3672,3328,9607,5565,3812,3281,5894,4421,3697,3305,3949,3826,3334,3175,-7.70402,-25.0719,8.6107,47.964
11785,4322,4015,3426,3203,6741,4937,3683,3390,8907,5590,3783,3416,5432,4549,3680,3325,4.22766,-22.5749,8.69791,48.266
11786,3188,3297,3434,3382,3303,3353,3770,3922,3309,3756,4759,6086,3363,3865,6111,12547,29.7619,28.9098,8.50828,47.63
11787,7798,5302,3783,3320,9589,5468,3882,3381,5105,4250,3647,3186,3777,3672,3348,3080,-12.1233,-26.6524,8.66025,48.392
11788,3962,5334,8925,6726,3715,4395,6100,5167,3320,3674,3958,3793,3057,3209,3245,3387,-21.2171,9.75074,8.80841,47.978
11789,3148,3444,3590,3498,3406,3843,4316,4176,3644,4573,7550,5969,3769,4720,6664,5904,13.8136,11.0236,8.94442,48.1427
11790,9378,5800,3990,3355,8275,5409,3827,3333,4577,4110,3584,3145,3523,3488,3296,2922,-16.7685,-23.8833,8.83507,48.008
11791,3343,3920,5181,8109,3283,3761,5154,9406,3381,3561,4189,4839,3071,3347,3511,3724,-13.1892,29.9205,8.68167,47.8533
11792,3230,3297,3285,3262,3642,3807,3684,3514,4270,5188,4998,4108,5065,8485,7507,4682,24.1234,-1.39696,8.94003,48.016
11793,6000,9746,6055,4065,4693,5444,4543,3804,3758,3855,3561,3291,3279,3421,3295,3131,-24.8532,-7.01003,8.82955,47.9607
11794,3273,3307,3291,3148,3780,3828,3617,3292,4662,5190,4459,3770,6228,9793,6176,4101,29.4435,-6.82958,8.80131,47.9433
11795,3185,3370,3602,3782,3212,3511,4345,5256,3391,3894,5651,9472,3322,3775,5027,7252,10.5716,24.2435,8.84966,48.0313
11796,9987,7994,4243,3581,5744,5051,4002,3560,3912,3709,3513,3308,3411,3331,3241,3193,-26.5953,-17.6788,8.60604,47.8533
11797,3697,3822,3699,3430,4128,5180,4550,3633,4793,7771,5956,3998,4350,5154,4544,3758,6.75446,-4.23088,8.68869,48.3087
11798,3417,4009,5996,10120,3437,3900,5296,7597,3161,3405,3978,4381,3114,3242,3542,3496,-18.5958,24.3739,8.58358,48.0607
11799,3623,3392,3296,3109,4525,3891,3535,3221,8134,5242,3827,3413,9678,5662,3766,3367,16.8462,-27.5643,8.69358,47.7873
11800,3226,3467,4002,4286,3321,3751,4640,6693,3365,3735,5184,9275,3339,3792,4477,5516,4.4171,31.5401,8.54864,48.046
11801,3174,3354,3594,3791,3271,3603,4402,5330,3321,3812,5805,9330,3343,3805,5254,7100,10.6352,23.9662,8.60104,48.1927
11802,3206,3152,3352,3434,3294,3471,3841,3896,3424,3737,4762,5952,3270,3930,6127,12513,32.4742,28.3641,8.77818,47.574
11803,3681,4616,5280,4413,3905,5439,7958,4982,3725,4282,5241,4207,3367,3535,3815,3711,-7.10348,5.83854,8.7156,48.1047
11804,3471,3406,3267,3168,3854,3851,3569,3354,5440,5214,4096,3465,8921,9026,4537,3523,32.8978,-14.8274,8.82335,48.108
11805,3657,3947,3764,3459,4023,5333,5147,3918,4306,7002,6536,4322,3990,4671,4545,3905,4.54187,-0.965425,8.90426,48.35
11806,3662,3669,3564,3415,4429,5074,4122,3553,5556,8276,5163,3780,4673,5437,4408,3569,8.23886,-8.31029,8.99514,48.2333
11807,3314,3347,3360,3283,3516,3813,3696,3405,4357,5075,4834,4048,5218,8810,7619,4549,28.5847,-2.40074,8.54056,48.1627
11808,3244,3649,4530,5574,3373,3807,5306,9416,3371,3654,4803,6784,3241,3384,3908,4235,-4.74108,25.8167,8.92826,48.186
11809,3620,4487,8401,9065,3502,4006,5629,5920,3287,3501,3977,3917,3048,3350,3386,3467,-23.0075,16.1603,8.97335,48.3753
11810,3235,3396,3704,3883,3221,3649,4680,5162,3462,4010,6884,7976,3474,3938,5357,6102,9.17953,17.9535,8.93759,48.0887
11811,5152,5443,4280,3519,6652,7953,4474,3577,4568,4859,3961,3406,3717,3715,3494,3260,-8.57509,-12.1741,8.83948,48.02
11812,9487,7960,4377,3579,5864,5390,4001,3474,3878,3905,3537,3169,3472,3336,3210,3210,-23.8988,-17.2004,8.65805,47.8993
11813,4926,4839,3829,3385,7187,6986,4041,3494,5815,5645,3879,3414,4182,4050,3589,3253,-4.2071,-15.9802,8.88061,48.3427
11814,7932,5201,3703,3342,9415,5290,3940,3403,5121,4187,3490,3224,3629,3606,3321,3112,-12.5266,-25.6934,8.88435,47.944
11815,3081,3196,3438,3411,3260,3581,3984,4355,3480,3802,5509,7946,3504,4096,6155,9446,17.2798,22.9013,8.95823,48.1627
11816,3473,3395,3180,3008,3849,3835,3389,3134,6328,4774,3714,3411,12453,6181,3919,3355,25.5114,-28.7194,8.85959,47.5987
11817,4484,4629,3887,3320,6149,7314,4430,3568,5495,6219,4201,3517,4134,4237,3661,3288,-2.03073,-12.2948,8.89134,48.3553
11818,3094,3166,3255,3546,3133,3394,3721,4051,3412,3833,4806,6196,3386,3998,6191,12467,26.5379,26.7713,8.78913,47.766
11819,3902,5397,8514,6455,3792,4542,6348,5134,3389,3699,4070,3907,3163,3279,3530,3283,-19.7633,8.98374,8.61492,48.2693
11820,12114,5998,3990,3373,6368,4806,3931,3233,4039,3855,3455,3265,3331,3402,3373,3108,-24.7116,-32.6069,8.72806,47.7607
11821,5121,6221,4460,3557,5731,8060,4950,3780,4211,4736,3958,3451,3562,3645,3457,3249,-11.0936,-9.2946,8.58623,48.0993
11822,7719,9372,5045,3742,5254,5565,4223,3571,3752,4009,3592,3302,3356,3385,3245,3128,-24.3976,-11.9136,8.84249,48.1733
11823,5447,4540,3535,3205,8914,5823,3890,3482,6478,4958,3658,3309,4313,3921,3352,3244,-4.19241,-21.5338,8.82284,48.046
11824,3564,3622,3259,3251,4014,4454,3874,3556,5273,7806,5137,3832,5274,6907,5084,3814,13.5378,-7.37196,8.82532,48.4807
11825,3846,5436,9784,7105,3783,4228,5304,5049,3350,3684,3899,3766,3180,3225,3466,3337,-29.3308,10.4111,8.87952,48.2947
11826,3162,3392,3452,3431,3417,3790,4141,3915,3866,5051,7024,5037,3934,5403,7954,5525,17.0067,7.07997,8.51582,48.3293
11827,3057,3258,3346,3294,3326,3594,3994,3888,3583,4152,5851,5366,3748,5065,9065,7521,22.8335,11.969,8.90267,48.072
11828,3516,3350,3121,3149,4044,3842,3424,3387,6360,4742,3734,3369,12586,6007,3826,3429,26.5479,-28.9683,8.6499,47.924
11829,3359,3392,3263,2987,4278,3966,3624,3271,6701,5526,4008,3613,9293,7134,4379,3452,20.0777,-18.8522,8.50513,48.164
11830,11816,6866,4115,3343,6318,4874,3875,3366,3795,3807,3487,3232,3360,3325,3265,3223,-27.3217,-22.8175,8.82743,48.0447
11831,5280,6572,4592,3699,5657,7874,4866,3780,4193,4550,4079,3502,3574,3672,3386,3188,-11.9625,-9.1077,8.7579,48.3093
11832,8730,7117,4310,3593,6765,5915,4034,3490,4093,4067,3517,3337,3460,3450,3209,3194,-18.959,-17.6742,8.63764,48.1873
11833,3531,4270,7221,8720,3454,4065,5867,6698,3333,3584,3953,4150,3088,3290,3483,3397,-18.9666,17.5795,8.93975,48.0693
11834,3256,3483,3308,3183,3744,3950,3617,3337,4859,5477,4467,3710,6588,9682,5689,3904,25.4276,-8.67501,8.6971,48.1693
11835,4332,7189,9047,5267,4013,4867,5248,4326,3402,3723,3794,3721,3125,3353,3286,3343,-27.0001,3.37205,8.80234,48.024
11836,4546,7290,7650,4748,4112,5620,5743,4274,3674,3793,3821,3598,3184,3387,3284,3285,-20.1229,0.740062,8.86555,48.006
11837,3196,3431,3522,3566,3533,3989,4448,4183,3630,4782,7604,5609,3783,4637,6829,5459,13.6574,9.369,8.53683,48.134
11838,3662,3448,3336,3149,4756,4092,3542,3170,9343,5115,3843,3237,8467,5151,3826,3310,13.6098,-28.8445,8.61107,47.6313
11839,12839,6060,3929,3347,5877,4768,3890,3309,3800,3714,3365,3323,3331,3297,3244,3182,-29.0769,-33.6509,8.99243,47.5167
11840,3815,3600,3389,3150,4959,4345,3639,3315,8960,5712,3888,3457,7382,5551,3873,3339,11.9189,-22.3248,8.59554,48.2493
11841,3222,3438,4231,4719,3374,3781,5101,8240,3375,3723,5102,8006,3206,3594,4197,4665,-0.278829,24.829,8.87113,47.9827
11842,3130,3264,3398,3466,3239,3657,4024,4204,3452,4029,5694,6826,3515,4166,6885,9118,19.1908,19.1184,8.76636,48.0447
11843,3814,4202,3891,3606,4394,6283,5299,3986,4544,6848,5451,4032,3864,4432,4173,3729,1.01953,-3.61846,8.69491,48.3653
11844,3259,3293,3352,3386,3459,3835,4176,4004,3905,5003,6879,5150,3924,5252,7901,5623,17.0961,7.44748,8.56997,48.2673
11845,6144,8491,5307,3918,5152,6569,4707,3815,3920,3983,3813,3369,3282,3462,3341,3133,-18.9329,-8.79461,8.69422,48.2707
11846,3386,3961,6773,11819,3399,3808,4866,5930,3225,3460,3791,3944,3077,3182,3407,3417,-32.4993,23.0168,8.71869,47.63
11847,3571,3925,4569,4168,3681,4791,7327,5263,3612,4551,6270,4807,3433,3888,4120,4120,-2.27635,8.122,8.56655,48.064
11848,3223,3270,3409,3396,3408,3530,3861,3695,3851,4804,5343,4644,4180,6662,9367,5704,26.3046,4.81079,8.6769,48.2313
11849,3344,3349,3247,3022,3961,3824,3471,3267,6247,5154,3872,3396,11238,7158,4145,3450,25.5247,-21.0959,8.93124,48.0967
11850,3592,3717,3838,3630,3799,4785,5341,4132,4148,6160,7348,4456,3848,4487,4893,4083,5.29166,2.33547,8.56445,48.1713
11851,3033,3219,3444,3386,3312,3459,3860,4085,3531,3961,5384,6548,3496,4217,7122,10184,21.4737,19.8346,8.8307,48.1607
11852,11144,7443,4187,3446,5872,4930,3925,3388,4005,3807,3462,3236,3465,3382,3120,3074,-28.6524,-20.4825,8.97756,47.924
11853,7890,5539,3914,3289,9044,5607,3810,3366,4835,4142,3572,3377,3683,3636,3331,3162,-12.9933,-23.0299,8.99444,48.1313
11854,4632,4094,3576,3281,7994,5000,3753,3340,8534,5031,3756,3354,4950,4136,3503,3221,0.575194,-26.9514,8.50649,48.1033
11855,3865,3854,3369,3163,5936,4589,3567,3269,9257,5862,3935,3394,6049,4813,3805,3295,7.40333,-22.5695,8.62904,48.0147
11856,10631,7770,4256,3391,5784,5090,3929,3380,4019,3854,3474,3260,3483,3481,3262,3135,-33.3756,-19.0354,8.77988,48.1327
11857,4132,4787,4213,3640,4769,7555,5566,3892,4333,5810,4808,3785,3741,4105,3850,3491,-3.65347,-4.53377,8.78719,48.318
11858,3280,3413,3472,3331,3480,3888,4037,3655,3914,5554,6565,4519,4209,6230,7563,4967,17.4888,3.22471,8.90908,48.0513
11859,3038,3265,3330,3377,3295,3539,3721,3922,3336,3757,4922,5790,3318,4125,6768,11868,32.2086,22.5476,8.90928,47.5807
11860,3154,3292,3381,3449,3477,3723,3918,3807,3848,4709,6338,5048,3875,5361,8737,6110,20.0724,8.15473,8.7207,48.1513
11861,3749,3625,3382,3141,4743,4275,3595,3318,7811,6591,4177,3424,6847,6088,4181,3425,13.0072,-17.4233,8.89224,48.248
11862,5935,4937,3786,3423,8820,6399,4107,3342,5674,4779,3838,3332,3856,3732,3362,3154,-7.54808,-20.0781,8.83834,48.3173
11863,3396,3528,3245,3028,3898,3834,3488,3303,5576,4957,3873,3448,9760,8475,4444,3469,27.946,-16.6988,8.91093,47.8147
11864,3108,3144,3409,3384,3184,3384,3856,4078,3327,3704,4955,6697,3372,4017,6171,12032,23.2178,26.2539,8.90312,47.8813
11865,3440,3528,3559,3440,4142,4740,4252,3591,4771,7831,6119,4013,4426,5827,5145,3937,10.4572,-3.65331,8.89566,48.5073
11866,3559,4121,4839,4414,3754,4920,7793,5467,3711,4480,5774,4733,3482,3685,4004,3877,-4.36296,8.36687,8.90493,48.4087
11867,3170,3238,3391,3475,3307,3570,4102,4305,3453,4177,5892,7194,3486,4196,6683,8269,17.0707,18.223,8.68591,47.9387
11868,4190,5348,5303,4194,4257,6918,6819,4411,3839,4573,4475,3806,3457,3603,3640,3414,-9.91199,-0.284066,8.97661,48.1647
11869,3328,3437,3404,3103,3660,3934,3868,3512,4299,5613,5174,4043,4858,8149,7160,4416,21.7174,-1.73188,8.79519,47.972
11870,3453,3320,3248,2985,3940,3894,3368,3190,6272,4941,3834,3341,11811,6918,4064,3451,25.5618,-23.129,8.97995,48.02
11871,5459,4799,3861,3330,7936,6353,4067,3383,6119,5113,3882,3372,4024,4027,3456,3211,-4.9795,-18.9472,8.61714,48.2613
11872,3333,3374,3292,3145,3616,3755,3681,3592,4517,5347,4743,3918,5503,9313,6711,4259,25.9121,-3.97013,8.51128,48.066
11873,6109,4928,3706,3395,8829,6089,4012,3239,5648,4687,3670,3345,3958,3831,3401,3120,-7.8644,-21.2477,8.55523,47.978
11874,3168,3228,3379,3333,3189,3425,3773,3879,3411,3898,4850,6011,3436,3853,6540,12276,29.7258,24.8871,8.8112,47.766
11875,5410,9277,6856,4236,4479,5454,4832,3939,3635,3859,3761,3524,3338,3280,3274,3180,-25.3047,-4.21799,8.72655,48.2227
11876,3806,4924,9382,8151,3568,4141,5358,5331,3296,3605,3842,3829,3185,3219,3404,3334,-26.2717,13.0467,8.86229,48.25
11877,7497,6958,4408,3523,6932,6378,4220,3540,4330,4125,3657,3388,3545,3581,3379,3020,-16.345,-16.2684,8.60691,48.3207
11878,4876,5071,4035,3533,6311,7907,4418,3599,5051,5556,3918,3475,3815,3991,3584,3249,-5.73768,-12.2346,8.673,48.2593
11879,3640,3625,3435,3087,4534,4568,3745,3392,6954,7387,4328,3536,6140,6116,4352,3583,12.3318,-14.3188,8.56445,48.2813
11880,4286,4109,3573,3225,6322,5354,3865,3460,7966,6147,3978,3375,5074,4599,3716,3355,3.14961,-18.5616,8.94621,48.2693
11881,3598,3632,3292,3092,4835,4137,3550,3272,9021,5127,3886,3490,8488,5358,3702,3325,13.8327,-27.1816,8.52114,47.87
11882,3401,3963,5775,10456,3379,3872,5035,7763,3166,3464,3923,4351,3166,3241,3396,3327,-18.6728,32.129,8.70024,47.7853
11883,3255,3540,4124,4632,3205,3826,5169,7131,3315,3807,5658,8207,3252,3743,4339,4930,1.64696,21.9092,8.56799,48.0887
11884,5176,8874,7455,4397,4309,5239,4957,4024,3581,3832,3660,3561,3289,3237,3302,3194,-26.0335,-2.06237,8.80712,48.058
11885,4219,4219,3834,3412,5303,6689,4503,3652,5315,7190,4562,3690,4237,4430,3829,3437,0.478559,-9.05495,8.96228,48.3473
11886,3126,3308,3367,3308,3268,3656,3885,3855,3608,4133,5131,5239,3554,4815,8948,8749,27.8533,14.3563,8.59575,47.9667
11887,6341,4762,3771,3314,9967,5208,3834,3302,6158,4308,3539,3354,3903,3744,3435,3255,-7.37481,-30.5711,8.66754,48.13
11888,5712,5074,3970,3422,7948,6706,4063,3422,5630,4970,3751,3465,3973,3807,3413,3204,-6.7506,-17.6714,8.8354,48.3533
11889,3541,3779,3446,3133,4373,4597,3890,3281,6347,7906,4631,3653,5578,6301,4403,3582,11.4738,-11.6171,8.72535,48.294
11890,3177,3152,3338,3441,3190,3413,3708,3986,3358,3859,4904,5971,3373,3882,6451,12028,33.9577,24.4209,8.73364,47.4873
11891,3463,3969,5480,8732,3333,3793,5147,9014,3379,3534,4154,4652,3194,3347,3472,3543,-14.5632,32.5041,8.76726,48.1373
11892,3107,3449,3798,3998,3215,3523,4469,6333,3430,3766,5230,9701,3337,3762,4568,6210,6.56118,28.5543,8.75231,47.9307
11893,3138,3311,3591,3828,3177,3620,4261,5360,3361,3848,5474,9645,3227,3789,5120,7269,10.6709,24.8,8.85667,48.0127
11894,3265,3563,3827,4152,3404,3640,4462,6610,3355,3783,5162,9448,3198,3603,4523,5854,4.90726,30.513,8.67692,47.8993
11895,3181,3330,3282,3355,3398,3758,3758,3602,3860,4688,5128,4450,4353,6991,9463,5430,28.939,4.18422,8.61702,48.018
11896,5338,4586,3843,3261,8270,6337,4000,3445,6283,5175,3790,3420,4138,3932,3518,3286,-4.47835,-19.1918,8.90607,48.4147
11897,3363,3410,3300,3142,3984,3969,3550,3295,5850,6145,4270,3727,7751,8171,4699,3553,19.9876,-13.7902,8.89987,48.1193
11898,3340,3387,3262,3098,3812,3917,3695,3346,5001,5680,4366,3695,7305,9280,5146,3792,23.9416,-11.131,8.70661,48.0813
11899,3383,3782,5883,12507,3354,3826,4752,5928,3328,3496,3836,3927,3184,3398,3353,3335,-33.3783,32.764,8.57292,47.5147
11900,9721,5464,3880,3390,8479,5023,3855,3535,4489,3956,3515,3200,3576,3456,3344,3272,-16.6994,-31.7769,8.7252,48.1033
11901,3855,4793,6075,4808,3792,5439,8031,5072,3569,4139,4717,4130,3245,3556,3575,3599,-10.7196,6.11715,8.78847,48.2633
11902,3249,3368,3370,3432,3306,3605,3924,3783,3642,4425,5083,4899,3763,5560,9703,7001,32.5831,9.38141,8.56537,48.0753
11903,3169,3281,3389,3311,3427,3700,3882,3776,3785,4465,5434,4793,3737,5608,9839,6740,32.0958,9.03004,8.53422,48.224
11904,3097,3238,3387,3488,3151,3416,3815,4173,3420,3765,5045,7038,3424,3944,5920,11410,21.7626,31.9218,8.53647,47.8207
11905,5759,5331,3958,3373,7790,7011,4251,3339,5109,4896,3892,3348,3809,3781,3509,3228,-8.25152,-16.4528,8.5271,48.256
11906,3416,4014,7189,11227,3434,3807,5034,5912,3232,3414,3892,3888,3182,3236,3391,3408,-30.2339,21.0355,8.76688,47.784
11907,3185,3626,4531,5447,3433,3937,5771,8988,3324,3643,5016,6649,3194,3438,3974,4157,-4.06511,22.416,8.94336,48.2087
11908,3224,3357,3892,4132,3281,3714,4735,6045,3396,3838,5890,9278,3266,3804,4781,5989,6.61417,22.9175,8.84548,48.4147
11909,3373,3837,5094,5999,3491,4085,6385,8537,3196,3666,4719,5378,3233,3318,3806,3848,-7.71334,19.1136,8.76706,47.9767
11910,10927,5762,3943,3435,7640,5038,3730,3422,4103,3833,3423,3248,3469,3402,3192,3147,-19.6756,-32.4658,8.86407,47.8093
11911,3501,3811,6050,12893,3304,3810,4655,6022,3311,3438,3759,3838,3180,3230,3323,3422,-27.4468,31.9301,8.80564,47.698
11912,3447,3323,3405,3118,3996,3771,3512,3243,5872,4588,3710,3321,12523,5950,3928,3458,32.6798,-30.3799,8.5066,47.4433
11913,3222,3212,3321,3379,3263,3344,3831,3837,3353,3798,4875,6065,3331,3953,5973,12734,27.9063,29.1735,8.98334,47.6607
11914,4354,4467,3997,3527,5496,7319,4525,3595,5164,6478,4318,3702,4119,4256,3770,3393,-1.41636,-10.5967,8.61879,48.32
11915,3076,3493,3659,3821,3546,3838,4860,4686,3545,4670,7900,6398,3540,4256,5682,5269,9.01411,12.0154,8.61555,48.1593
11916,3609,4482,8252,8954,3464,4062,5581,5904,3277,3569,3894,4044,3114,3290,3318,3394,-23.1156,16.1023,8.56589,48.1387
11917,3282,3594,4456,5129,3354,3736,5487,8892,3287,3734,4887,7404,3174,3568,4053,4555,-2.92274,24.3074,8.64729,48.3947
11918,5581,6376,4421,3630,5888,7816,4720,3611,4220,4600,3780,3396,3670,3540,3440,3194,-12.1334,-10.6103,8.62306,47.922
11919,3166,3512,3664,3512,3502,4070,4753,4128,3936,5528,7989,5113,3732,4818,6159,4767,10.8108,6.20122,8.67884,48.2327
11920,3334,3534,3395,3255,3818,4059,3952,3649,4479,6599,5794,4049,4677,6850,6270,4273,15.7973,-2.08237,8.58865,47.9913
11921,3776,3633,3222,3160,5091,4265,3524,3262,9459,5110,3819,3365,7930,5148,3839,3251,12.7707,-29.4312,8.6008,47.9027
11922,3376,3636,3773,3744,3482,4245,5265,4590,3743,5024,8126,5508,3816,4173,5299,4675,6.88653,8.70629,8.7955,48.3167
11923,3326,3845,5298,7231,3408,3963,6030,9187,3301,3602,4347,5135,3213,3351,3683,3761,-11.1383,21.9619,8.86023,48.454
11924,3605,4301,6246,6108,3607,4388,7440,6576,3397,3746,4574,4454,3235,3389,3653,3687,-12.4013,13.4316,8.51554,48.2707
11925,4879,4185,3560,3235,8505,5034,3669,3419,7935,4891,3802,3327,4660,4229,3608,3155,-0.672179,-32.5328,8.69668,48.062
11926,3342,3469,3597,3421,3636,4043,4409,4023,3856,5511,7599,4869,3946,5127,6648,4908,13.2583,5.28804,8.5665,48.2693
11927,3793,4027,3866,3510,4220,5634,5166,3905,4508,6992,6135,4188,4057,4484,4302,3727,3.35378,-1.95492,8.68307,48.3427
11928,11815,7044,4027,3493,6057,4917,3825,3416,3989,3733,3473,3146,3502,3350,3204,3068,-26.9574,-22.4573,8.81779,48.0393
11929,3202,3474,4090,4344,3234,3809,4767,6972,3377,3813,5279,9352,3290,3653,4364,5478,4.09189,26.3022,8.93692,48.332
11930,12724,5975,3967,3285,6117,4606,3742,3319,3956,3800,3432,3215,3384,3391,3230,3057,-32.8646,-29.7689,8.73929,47.4667
11931,3470,3373,3197,3155,3989,3910,3567,3255,6184,5389,4060,3512,9445,7927,4333,3532,22.6495,-17.2552,8.93363,48.1987
11932,3252,3415,3223,3202,3817,3808,3649,3374,4927,5521,4513,3834,6326,9801,6071,3802,25.7461,-7.34101,8.63057,48.3567
11933,3658,5179,9095,7309,3633,4335,5680,5286,3419,3754,4056,3782,3118,3213,3384,3419,-22.5073,11.4724,8.52993,48.2133
11934,3392,3950,5657,10753,3333,3779,5012,7539,3186,3481,3932,4323,3100,3285,3454,3305,-19.6589,29.6037,8.65955,47.654
11935,2990,3228,3355,3518,3335,3488,4045,4293,3345,3973,5812,6845,3519,4105,6914,9053,18.9816,18.6712,8.62808,47.8787
11936,3536,3469,3355,3163,4186,4459,3813,3399,5715,7464,4700,3645,5700,6970,4765,3653,14.3968,-10.3465,8.57751,47.9947
11937,3143,3325,3552,3543,3402,3750,4277,4187,3575,4321,7050,6479,3613,4422,6898,6647,15.5067,13.6126,8.84788,48.1227
11938,3667,3914,3702,3483,3974,5239,4897,3884,4440,7421,6252,4107,4079,4754,4622,3948,5.3583,-2.10145,8.7397,48.2553
11939,3627,4591,6935,6307,3687,4504,7285,6219,3341,3738,4330,4369,3319,3312,3580,3516,-14.5672,12.5453,8.63331,48.44
11940,3230,3370,3635,3524,3470,3711,4399,4321,3669,4457,6977,6256,3620,4454,7122,6380,15.048,13.1232,8.50154,48.3967
11941,3349,3411,3346,3224,3817,3846,3696,3335,5017,5306,4410,3648,7151,9765,5461,3667,31.3552,-10.4039,8.53626,48.2993
11942,3773,3581,3322,3124,5310,4369,3542,3287,9788,5217,3851,3368,7125,4976,3725,3328,10.3628,-31.5552,8.64155,47.7907
11943,3414,4088,6154,9398,3445,3858,5626,7660,3239,3558,4126,4326,3016,3221,3540,3549,-17.2815,21.8225,8.8745,48.1453
11944,3317,3282,3327,3129,3913,3881,3397,3214,6270,4892,3871,3349,12407,6140,3993,3468,26.4205,-33.7658,8.68183,47.9
11945,11970,6785,4014,3362,6028,4853,3841,3386,3967,3737,3535,3179,3382,3462,3331,3084,-32.1694,-23.5152,8.60803,47.944
11946,3862,4187,3916,3487,4425,6142,5074,3847,4765,6901,5490,3778,4034,4551,4195,3676,1.72223,-4.40442,8.73337,48.22
11947,3405,3945,6666,12031,3307,3832,4819,5861,3200,3418,3791,3915,3103,3153,3392,3302,-31.6787,23.7367,8.99009,47.4267
11948,3223,3374,3440,3129,3699,4068,3930,3584,4386,6354,5481,4224,4846,7450,6445,4394,17.8911,-2.36049,8.81007,48.018
11949,3650,4651,8748,9140,3536,3980,5368,5563,3231,3581,4002,3877,3061,3139,3370,3336,-26.1803,15.522,8.7792,48.1553
11950,12658,6206,3944,3267,5980,4864,3699,3364,3955,3721,3413,3221,3448,3423,3165,3091,-32.0333,-27.5879,8.54144,47.6127
11951,3338,3701,4322,4430,3415,4154,6418,6488,3585,4120,6306,6379,3295,3738,4321,4471,-0.21663,15.2736,8.65092,48.3207
11952,3275,3492,4337,5021,3415,3926,5486,8373,3289,3857,5126,7408,3209,3585,4051,4471,-1.63368,23.0292,8.79703,48.214
11953,3592,3790,3698,3470,4243,5260,4394,3694,4666,7763,5991,4056,4255,5309,4672,3831,7.16328,-3.76689,8.71069,48.456
11954,4195,6156,9218,5759,3857,4696,5744,4673,3421,3668,3999,3714,3160,3250,3399,3229,-23.2956,6.10789,8.57348,48.092
11955,6319,9912,5811,3953,4598,5163,4510,3812,3774,3836,3648,3370,3360,3403,3306,3096,-33.5926,-7.32682,8.97113,47.914
11956,3385,3446,3155,3085,3934,3882,3571,3265,5613,5253,4027,3619,9424,8631,4529,3470,27.5088,-16.1286,8.79862,48.1927
11957,4240,3849,3429,3182,6683,4536,3607,3394,9444,5298,3901,3407,5533,4514,3664,3391,4.96588,-33.0089,8.64341,48.048
11958,3358,3469,3209,3224,3942,3724,3427,3327,5998,4759,3707,3295,12412,5848,3830,3408,33.1065,-30.7405,8.5299,47.2913
11959,3124,3331,3388,3594,3228,3529,4006,4570,3492,3837,5219,7930,3438,3932,5876,9512,17.464,24.7888,8.58982,48.004
11960,3631,4050,4194,3837,3995,5502,6052,4267,4022,5902,6407,4428,3792,4113,4233,3832,0.974687,1.76959,8.73741,48.1713
11961,4391,6969,8826,5134,3971,4983,5610,4422,3613,3792,3876,3604,3154,3249,3488,3276,-22.9692,2.96426,8.93687,48.2387
11962,3820,3719,3499,3158,5007,4908,3885,3412,7077,7671,4391,3492,5322,5188,4192,3489,8.23618,-14.0596,8.97965,48.1533
11963,3124,3274,3609,3642,3213,3593,4346,4950,3344,3869,6246,8735,3439,4016,5482,7264,12.1659,20.8597,8.87209,48.0973
11964,3935,3700,3365,3081,5695,4419,3622,3194,9990,5275,3763,3416,6630,4912,3774,3316,8.62204,-28.0797,8.64094,48.058
11965,3338,3486,3741,3655,3575,4014,4965,4418,3758,5024,8144,5627,3647,4359,5643,4795,8.85064,8.88626,8.91512,48.126
11966,3733,4106,4370,3777,4111,5691,6557,4446,3941,5370,6053,4384,3617,3970,4087,3796,-1.4231,2.33839,8.53162,48.006
11967,3260,3370,3362,3375,3475,3691,4024,3856,3824,4823,6452,4963,4011,5638,8390,5748,19.1205,7.04861,8.52982,48.1747
11968,4110,5601,7117,4970,4070,5506,6806,4733,3530,3939,4187,3891,3311,3442,3559,3494,-15.8939,4.25457,8.53137,48.1773
11969,6324,8152,5066,3812,5504,6842,4492,3729,4019,4109,3652,3422,3333,3389,3281,3222,-17.9402,-10.2816,8.61331,48.232
11970,4998,7573,6288,4370,4658,6415,5336,3990,3799,4072,3900,3635,3329,3394,3417,3190,-17.7828,-3.17413,8.97575,48.2427
11971,7922,8744,4815,3663,5525,5741,4154,3655,3904,3869,3612,3274,3331,3488,3331,2989,-22.9494,-13.3028,8.7604,48.0113
11972,3258,3409,3898,4049,3287,3666,4586,6523,3343,3768,5135,9927,3237,3632,4632,5762,5.51937,29.7885,8.98577,48.0747
11973,4967,4265,3570,3279,8288,5501,3892,3278,7461,5270,3756,3362,4512,4046,3554,3162,-1.2163,-22.1824,8.63727,48.1087
11974,4835,7234,5940,4168,4639,6617,5603,4073,3759,4170,3971,3597,3394,3393,3513,3287,-16.6476,-2.87066,8.72578,48.1287
11975,3779,3470,3372,3115,4996,4196,3555,3242,9628,5228,3900,3390,7827,5165,3783,3362,12.2705,-26.8851,8.98271,48.0053
11976,3696,3660,3304,3147,5332,4368,3485,3295,9983,5348,3817,3254,7446,4955,3814,3356,11.0274,-31.6038,8.76699,48.1733
11977,3435,4407,7593,10834,3428,3835,4858,5756,3249,3499,3839,3986,3165,3137,3497,3374,-30.3742,20.0836,8.58736,47.928
11978,3317,3290,3157,3138,4049,3737,3416,3170,6126,4956,3767,3365,11876,6936,4125,3468,27.811,-23.1245,8.88913,47.9287
11979,3396,3795,4396,4238,3638,4342,6825,5674,3558,4445,6806,5619,3359,3741,4300,4308,0.0729866,11.5757,8.86536,48.2933
11980,8944,6004,4014,3420,8042,5560,3971,3459,4391,4104,3653,3247,3593,3585,3351,2998,-16.736,-21.5895,8.91209,48.224
11981,3115,3216,3399,3363,3270,3527,3884,4274,3447,3640,5112,7774,3328,3854,5574,10660,18.8815,29.1078,8.96686,47.6247
11982,4092,4394,4110,3732,4865,7259,5168,3832,4625,6485,4877,3849,3867,4123,3842,3538,-1.65642,-5.53152,8.55321,48.4387
11983,4935,4737,3698,3324,7453,6631,4052,3462,6142,5572,3949,3396,4355,4091,3702,3311,-2.75569,-17.1735,8.98977,48.54
11984,3800,4495,5059,4224,4013,5933,7752,4642,3741,4741,5272,4261,3413,3730,3835,3659,-6.28895,3.64083,8.69655,48.38
11985,3401,3508,3368,3146,4075,4177,3794,3255,5680,7216,4659,3754,6147,7347,4803,3734,15.9209,-10.7423,8.73886,48.0427
11986,3419,3274,3277,3057,3920,3907,3649,3334,5555,5573,4103,3506,8111,8705,4908,3625,24.2276,-13.5854,8.74914,47.9487
11987,3208,3245,3409,3243,3533,3637,3690,3667,4135,5007,5282,4278,4530,7502,8726,4938,24.2703,1.85758,8.88912,48.02
11988,3281,3631,4743,6636,3361,3780,5173,9923,3341,3773,4422,5611,3206,3382,3738,3990,-8.75741,31.9607,8.8787,47.994
11989,5723,9489,6648,4126,4471,5355,4610,3883,3630,3711,3573,3486,3378,3387,3299,3252,-25.8963,-5.07766,8.84353,48.014
11990,5507,6807,4843,3785,5368,7649,4935,3753,4041,4452,3905,3463,3425,3615,3462,3230,-13.6638,-8.6165,8.87447,48.16
11991,3164,3202,3334,3346,3283,3395,3726,4018,3295,3679,4797,6232,3413,3939,6042,12579,25.8945,31.7017,8.82848,47.6293
11992,3479,3502,3204,3139,3890,3812,3483,3319,5413,5108,4161,3523,8975,8778,4580,3635,32.5259,-14.8669,8.78633,48.0007
11993,3325,3802,5996,12795,3240,3801,4509,5980,3249,3398,3740,4022,3239,3361,3381,3460,-32.2497,28.947,8.78857,47.532
11994,3676,4918,9376,7770,3632,4304,5357,5240,3300,3637,3903,3816,3102,3292,3302,3419,-25.3496,12.3851,8.79925,48.0293
11995,3083,3356,3339,3210,3396,3716,3900,3678,3733,4429,5504,4854,3989,5827,9580,6291,24.4253,7.9483,8.81168,47.9233
11996,4325,7059,9361,5595,3944,4629,5110,4453,3600,3513,3792,3656,3225,3290,3253,3213,-27.7718,3.5723,8.77754,48.012
11997,3019,3268,3340,3429,3194,3435,3920,4130,3391,3786,5092,7760,3366,3855,5848,11134,19.6433,29.9903,8.77199,47.978
11998,3292,3451,3666,3668,3353,3845,4554,4396,3572,4589,7520,6263,3644,4466,6312,5792,11.9639,12.2404,8.58183,48.2553
11999,3411,3450,3540,3184,3967,4462,4032,3584,4900,7531,5713,3923,4783,6451,5332,4024,13.21,-4.61747,8.88387,48.1913
12000,3220,3294,3621,3621,3257,3543,4277,4829,3466,3882,5869,8796,3330,3881,5640,7966,13.4665,21.4203,8.90284,48.328
12001,3115,3237,3355,3343,3305,3502,3837,3854,3284,3661,4718,6018,3361,3941,6055,12609,31.7863,28.0464,8.82387,47.4633
12002,3363,3317,3175,3169,3777,3777,3465,3277,5342,5128,4021,3553,9454,8677,4481,3526,30.1749,-16.1979,8.94672,47.668
12003,3309,3336,3263,3029,3797,3795,3433,3296,5400,5114,4063,3576,9122,8908,4525,3574,31.5002,-15.292,8.71897,47.6933
12004,3330,3982,6261,12326,3335,3775,4765,6296,3228,3555,3792,3872,3089,3192,3386,3376,-26.4487,26.6422,8.86186,47.7067
12005,3252,3379,3356,3245,3544,3745,3745,3575,4218,5009,4964,4054,5028,8625,7818,4546,31.693,-1.2274,8.55224,48.0687
12006,3481,3381,3168,3178,4136,3989,3444,3194,6740,5151,3769,3367,10848,6923,4070,3406,22.2729,-22.0844,8.8121,48.1633
12007,3386,3460,3336,3082,3843,3973,3748,3399,4863,6345,4763,3897,5816,8530,5719,4046,19.2415,-6.96101,8.53842,48.1373
12008,3333,3645,3852,4025,3305,3969,5295,5191,3475,4309,7251,6949,3430,3793,4907,5131,5.81489,14.2665,8.62324,47.9067
12009,3433,3444,3199,3220,4073,4232,3809,3447,6449,6813,4312,3679,6762,7287,4524,3579,16.4159,-13.6907,8.61084,48.1747
12010,3604,4473,7360,8334,3632,4107,5847,6418,3327,3629,4129,4249,3055,3275,3449,3496,-19.0907,16.8783,8.54491,48.256
12011,3848,3730,3350,3098,5643,4293,3538,3281,9961,5259,3812,3416,6787,4835,3739,3289,9.03533,-29.6393,8.73978,47.9193
12012,3361,3946,4693,4856,3521,4278,6900,6796,3417,4077,5724,5749,3232,3573,3979,4239,-3.37973,14.8377,8.70983,48.2273
12013,4130,3798,3385,3209,6118,4878,3715,3328,9050,5930,3927,3337,5625,4769,3782,3351,5.80204,-21.4432,8.91608,48.2213
12014,3322,3950,5773,11097,3452,3830,4996,7500,3259,3499,3809,4176,3160,3213,3435,3522,-20.0275,31.2179,8.78384,47.9953
12015,3359,3692,4173,3929,3549,4388,6352,5141,3597,4708,7548,5691,3539,3797,4567,4415,2.56257,10.561,8.89871,48.2967
12016,3388,3494,3443,3311,3742,4044,3918,3578,4598,6481,5385,3925,5134,7749,6087,4187,18.3432,-3.82065,8.75283,48.3093
12017,9719,5807,3934,3408,8012,5130,3772,3305,4305,4072,3517,3283,3413,3527,3245,3135,-17.6366,-26.1331,8.53968,47.7227
12018,3090,3358,3609,3582,3315,3542,4146,4577,3475,4055,6279,7946,3361,4149,5923,7711,14.5067,19.1269,8.81816,48.0787
12019,3343,3318,3275,3157,3926,3726,3519,3225,5890,4725,3833,3484,12185,6006,3947,3435,29.3689,-32.4291,8.60001,47.3293
12020,3182,3191,3409,3373,3187,3512,3944,4176,3456,3843,5108,7221,3337,3959,6484,10698,20.6813,23.0711,8.97164,48.0533
12021,3114,3294,3390,3360,3336,3614,3797,3783,3618,4141,5265,5099,3741,4995,9536,7958,28.6415,12.4755,8.99758,48.0273
12022,3137,3282,3578,3530,3223,3533,4084,4283,3496,4033,5555,7523,3398,4058,6377,9148,17.8812,20.9072,8.6338,48.1587
12023,3332,4154,7389,11031,3459,3855,5030,5675,3178,3413,3754,4000,3204,3207,3521,3341,-30.3452,20.0534,8.58362,47.6953
12024,3055,3360,3519,3593,3337,3491,4325,4385,3536,4145,6484,7221,3557,4238,6550,7520,15.5379,17.1894,8.65395,48.2107
12025,3801,5426,9722,7073,3654,4349,5205,5117,3321,3597,3805,3794,3128,3380,3344,3437,-29.446,10.0799,8.54969,48.102
12026,11967,6405,3979,3343,6347,4864,3798,3467,4102,3800,3457,3194,3434,3420,3217,3136,-25.1697,-24.3355,8.73988,47.9533
12027,10817,7037,4141,3375,6483,5122,3905,3378,3980,3952,3455,3253,3409,3419,3213,3079,-23.7993,-20.8348,8.7892,48.012
12028,12635,6153,3948,3377,5937,4873,3721,3396,3965,3694,3493,3279,3395,3375,3267,3136,-30.3606,-28.2452,8.74539,47.7627
12029,8118,9084,4960,3692,5479,5477,4146,3589,3887,3794,3598,3319,3309,3324,3260,3194,-25.5484,-13.1638,8.53455,48.1533
12030,3389,3400,3318,3167,3780,3968,3788,3354,5050,5940,4459,3642,6657,9244,5449,3892,22.0291,-9.1409,8.7646,48.3313
12031,3946,4285,4008,3600,4788,6765,5068,3829,4704,6767,5063,3717,3957,4311,3844,3635,-0.099307,-5.6032,8.59804,48.1913
12032,3891,5442,9992,7092,3678,4335,5229,5016,3335,3517,3773,3798,3164,3309,3346,3257,-28.6785,10.1815,8.84379,48.116
12033,8256,9009,4897,3612,5393,5459,4106,3585,3912,3831,3529,3243,3340,3407,3216,3035,-25.4911,-13.5698,8.72875,47.8867
12034,3397,3887,5598,9509,3447,3743,5160,8492,3344,3405,3967,4611,3102,3328,3489,3466,-16.077,31.9753,8.73798,47.9633
12035,4432,5006,4334,3657,5131,8006,5367,3823,4340,5458,4413,3677,3644,3937,3680,3423,-5.90843,-6.36426,8.72756,48.2187
12036,3235,3529,3558,3489,3415,3878,4512,4235,3775,4804,7887,5871,3697,4562,6473,5490,12.5553,10.0568,8.93611,48.2733
12037,3908,5376,9900,6986,3696,4171,5566,5013,3358,3614,3735,3778,2989,3305,3445,3359,-25.3656,9.83601,8.9935,48.1327
12038,3057,3241,3572,3632,3318,3464,4273,4819,3514,3776,5703,9071,3330,3868,5481,8213,13.2743,23.2121,8.94923,48.2213
12039,7282,6258,4075,3480,7523,6382,4171,3500,4548,4295,3633,3355,3596,3664,3233,3174,-14.2207,-17.7353,8.66971,48.1127
12040,3362,3362,3234,3149,3771,3730,3521,3240,5971,4712,3831,3446,12775,6004,3888,3466,28.0863,-33.154,8.96531,47.6413
12041,3232,3312,3511,3468,3259,3604,4016,4497,3400,3903,5100,8316,3483,3946,5513,9517,16.3969,32.2552,8.5345,48.0513
12042,7198,5956,4041,3427,8358,6451,4000,3406,4791,4354,3648,3199,3697,3596,3181,3025,-12.7589,-18.9281,8.88368,48.2187
12043,5241,9072,7232,4408,4389,5040,4786,4077,3632,3761,3637,3471,3310,3397,3303,3270,-30.2322,-3.09147,8.57193,48.0173
12044,3652,3886,3738,3461,4193,5228,4373,3694,4865,7947,5685,4033,4269,5189,4534,3804,6.82718,-4.59935,8.81605,48.3673
12045,3375,3317,3254,3104,3845,3910,3651,3357,5202,6012,4397,3658,6889,9201,5235,3871,21.8402,-10.6336,8.91389,48.1853
12046,3247,3455,3876,4095,3306,3768,5195,6422,3450,3937,5966,8437,3232,3624,4606,5353,4.16857,20.2547,8.65487,47.9793
12047,8523,7908,4592,3591,6236,5719,4131,3486,3965,4090,3358,3293,3356,3492,3270,3198,-20.984,-15.9512,8.51721,48.1387
12048,3583,3586,3339,3186,4590,4470,3705,3347,7309,6847,4201,3592,6618,6260,4249,3474,12.5114,-15.8146,8.69796,48.2373
12049,3462,3902,5934,11286,3378,3730,4977,7324,3188,3409,3982,4231,3068,3179,3280,3385,-21.313,27.8651,8.94034,47.81
12050,3612,4469,7417,7627,3444,4170,6433,6531,3279,3765,4201,4182,3139,3314,3476,3456,-17.518,15.4989,8.56707,48.3433
12051,3814,4197,3875,3664,4206,6218,5523,3948,4292,6476,5655,3964,3900,4238,4218,3795,0.751379,-1.97561,8.56102,47.9887
12052,3467,3757,4126,3934,3639,4668,6357,4849,3763,4973,7579,5312,3541,3990,4629,4260,2.57613,8.17234,8.73419,48.5627
12053,3351,3421,3327,3081,3712,3751,3525,3383,4880,5255,4427,3597,6803,10098,5404,3691,33.0065,-9.73262,8.91644,47.804
12054,3173,3355,3630,3652,3352,3573,4292,5018,3422,3868,5886,8932,3439,3827,5538,7667,12.798,22.1731,8.8438,48.416
12055,3564,3551,3222,3205,4708,4076,3534,3253,8791,5107,3831,3434,9077,5409,3783,3325,15.2771,-29.4699,8.66385,47.9133
12056,3951,3746,3436,3189,5269,4698,3768,3435,8117,6835,4019,3434,5794,5044,3974,3461,7.61403,-17.9736,8.70991,48.1133
12057,3082,3210,3403,3401,3161,3516,3905,4114,3434,3780,4926,7192,3392,3918,5949,11578,21.4305,27.0384,8.87891,47.974
12058,3426,3761,5721,10535,3436,3888,4956,7737,3403,3519,3979,4285,3140,3188,3496,3462,-19.7248,28.6895,8.55933,47.9547
12059,7250,5449,4032,3391,8824,5855,4018,3362,5006,4357,3606,3348,3635,3741,3302,3193,-11.8863,-21.3194,8.80883,48.246
12060,6826,10013,5562,3771,4844,5241,4325,3599,3685,3969,3577,3412,3372,3431,3427,3244,-31.0041,-9.29577,8.77509,48.1987
12061,3314,3369,3280,3157,3751,3914,3615,3345,4752,5649,4586,3733,6648,9613,5660,3846,24.4927,-8.8089,8.65641,48.1547
12062,4314,3998,3612,3229,7253,4609,3693,3341,9159,5020,3835,3219,5348,4394,3703,3302,3.19329,-30.1624,8.74126,48.0193
12063,3454,4202,6807,8457,3415,4042,5951,7250,3304,3647,4070,4345,2988,3322,3473,3378,-17.2907,18.3489,8.72947,48.07
12064,3193,3467,4121,4606,3297,3863,4785,8041,3297,3843,4988,8719,3329,3563,4244,5048,1.11906,29.5058,8.79747,48.2693
12065,3346,3260,3378,3162,3575,3682,3658,3500,4205,5050,4986,4217,4895,8432,8023,4768,26.7173,-0.569433,8.83644,48.0913
12066,3356,3872,5187,8050,3318,3827,5326,9241,3273,3515,4135,5078,3203,3342,3580,3722,-12.787,28.2585,8.56873,48.0167
12067,4045,5987,9542,5852,3829,4726,5797,4848,3441,3620,3868,3697,3208,3309,3363,3396,-22.4292,6.39535,8.99969,48.352
12068,3444,3306,3281,3123,3985,3678,3412,3412,5975,4775,3825,3286,12171,6309,4050,3373,32.6916,-25.5137,8.50991,47.6033
12069,3417,3771,5678,9349,3322,3808,5260,8586,3168,3558,4046,4597,3106,3351,3491,3621,-16.1419,25.7764,8.87358,48.086
12070,3401,4134,6686,9774,3321,3893,5360,7184,3299,3510,3865,4255,2992,3295,3554,3546,-19.3024,21.0561,8.97695,48.046
12071,3921,5421,9770,7183,3618,4290,5267,4996,3271,3506,3735,3759,3191,3283,3383,3371,-28.3747,10.6233,8.57002,47.9767
12072,3336,3698,4767,5801,3423,3925,5767,9075,3310,3659,4802,6334,3112,3491,3960,4110,-5.54551,23.3078,8.62856,48.38
12073,3547,3767,3873,3564,4085,5173,5113,3987,4387,6870,6577,4278,4042,4766,4580,3956,5.07471,-0.420823,8.82792,48.3767
12074,3488,3404,3231,3035,4296,3841,3555,3218,7710,5022,3868,3376,10988,5882,3886,3410,19.7725,-27.6383,8.87154,48.14
12075,3776,4895,6166,4907,3939,5348,7836,5079,3563,4125,4573,4095,3241,3530,3561,3519,-11.6034,6.34373,8.80466,48.102
12076,3574,3996,4047,3569,4153,5651,5208,3986,4434,6937,6210,4015,4040,4506,4322,3897,3.11127,-1.89383,8.73198,48.3633
12077,3042,3256,3513,3317,3330,3588,3852,3973,3635,4157,5621,5630,3676,4633,8730,8174,23.302,13.9741,8.73003,48.0847
12078,4679,4189,3582,3224,8228,5074,3842,3324,8199,5176,3874,3258,4772,4240,3434,3293,-0.00706644,-25.977,8.51697,48.2587
12079,3010,3270,3355,3330,3238,3483,3869,4013,3392,3876,5056,6179,3440,4165,6901,11326,24.9219,21.8801,8.62011,47.9353
12080,4425,6134,5626,4329,4532,6980,6294,4145,3887,4284,4130,3734,3349,3508,3435,3305,-13.324,-1.85895,8.86115,48.0647
12081,3194,3459,3387,3148,3655,3722,3876,3595,4377,5383,4828,3993,5207,8956,7098,4605,25.7168,-2.31581,8.7373,48.322
12082,3304,3461,3226,3204,3623,3780,3744,3582,4295,5690,4867,3932,5385,8971,6794,4269,23.7046,-3.71574,8.58,48.0847
12083,3375,3711,4688,4887,3387,4088,6801,7490,3357,3956,5566,5958,3306,3585,4123,4126,-3.78375,16.3848,8.9908,48.2693
12084,3143,3296,3431,3298,3262,3504,3780,3906,3366,3746,4912,6018,3389,4101,7112,11625,29.6377,22.0037,8.90095,47.926
12085,3295,3352,3329,3230,3427,3770,3761,3608,4031,4927,5013,4349,4440,7328,9053,5155,32.5132,2.26878,8.71042,48.0453
12086,5545,6054,4238,3496,6784,7670,4388,3561,4627,4733,3852,3520,3599,3679,3458,3216,-10.696,-13.0999,8.6239,48.28
12087,3910,3761,3432,3201,6039,4299,3652,3324,10004,5234,3671,3435,6317,4733,3839,3315,7.59649,-29.9454,8.85403,48.1107
12088,4784,4283,3624,3296,8042,5342,3775,3239,7776,5163,3752,3390,4726,4119,3570,3252,-0.711846,-22.6605,8.95706,48.0887
12089,3563,4308,8034,9916,3503,3905,5167,5913,3258,3530,3910,3971,3122,3253,3384,3371,-25.8358,18.125,8.70289,48.072
12090,3239,3481,3949,4444,3388,3817,4954,7483,3329,3776,5278,8730,3270,3650,4356,5238,2.23957,25.6412,8.67044,48.2547
12091,4166,5376,5484,4264,4201,6617,6956,4475,3729,4589,4636,3899,3344,3744,3515,3417,-10.1608,0.625145,8.79028,48.2747
12092,3446,3406,3269,3202,3974,4083,3755,3429,5185,6369,4679,3832,6246,8539,5300,3799,19.4805,-9.10102,8.55233,48.342
12093,5143,6787,5136,4014,5028,7347,5323,3860,3899,4307,3902,3461,3436,3632,3473,3202,-14.3302,-6.0303,8.58285,47.9667
12094,3261,3346,3526,3480,3247,3706,4172,4251,3468,4337,6469,6338,3658,4530,7231,7195,16.5966,14.2253,8.69232,48.1433
12095,3800,4490,4670,3948,4119,6250,7057,4415,3847,5136,5582,4190,3473,3889,3979,3643,-3.97014,1.75602,8.78532,48.3253
12096,3857,3792,3417,3181,5450,4920,3816,3341,7920,6809,4050,3377,5624,5048,3944,3353,7.03105,-17.4361,8.9773,47.9327
12097,8552,5631,3964,3419,8498,5464,3894,3348,4713,4110,3608,3260,3677,3612,3239,3090,-15.3136,-23.6084,8.57178,48.0527
12098,3482,3365,3235,3195,4169,3810,3404,3191,7320,4988,3806,3374,11231,5791,3903,3506,20.613,-33.7753,8.85122,47.8467
12099,5735,5189,3906,3467,7998,6796,4180,3490,5371,4824,3816,3381,4020,3780,3442,3188,-8.07997,-17.7816,8.51256,48.3887
12100,3668,4290,5121,4492,3741,5224,7904,5272,3657,4339,5744,4419,3367,3628,3951,3787,-5.37788,7.25943,8.79174,48.4027
12101,3475,4362,7181,9071,3458,3987,5635,6623,3281,3450,3879,4112,3150,3197,3473,3512,-20.217,17.7382,8.71767,47.8973
12102,3434,4165,6938,10051,3465,4126,5270,6699,3280,3496,3885,4157,3119,3250,3428,3304,-21.4591,20.3944,8.58858,48.0447
12103,4289,4630,3828,3417,5489,7146,4586,3617,5159,6556,4581,3653,4129,4305,3802,3411,-1.53436,-9.58631,8.60405,48.3987
12104,3474,4194,5877,5886,3605,4264,7318,7104,3406,3750,4881,4682,3138,3380,3804,3775,-10.5562,14.6886,8.68894,48.3587
12105,3107,3470,4018,4177,3258,3652,4681,6969,3354,3721,5214,9441,3279,3698,4499,5578,4.49357,26.3178,8.73749,48.0773
12106,3089,3289,3371,3234,3304,3652,3934,3704,3645,4266,5478,4978,3844,5518,9867,7041,26.7698,9.94151,8.75186,48.1427
12107,3835,3538,3357,3153,5202,4234,3725,3244,9624,5332,3830,3491,7518,4981,3876,3352,11.4006,-28.0652,8.52035,48.1947
12108,3292,3836,5378,8862,3403,3907,5272,8728,3230,3485,4125,4508,3147,3286,3614,3561,-15.0435,32.1813,8.52508,47.756
12109,3119,3408,3783,4196,3227,3721,4682,6547,3353,3847,5423,9563,3309,3720,4593,5929,5.59363,26.2967,8.63632,48.28
12110,3417,3652,3845,3627,3831,4558,5117,4019,4155,6039,7647,4747,3843,4685,5112,4229,6.98956,3.28594,8.77323,48.3487
12111,4390,6137,6673,4645,4444,6191,6638,4315,3608,4156,4129,3686,3376,3502,3471,3411,-15.0975,0.868625,8.93334,48.5147
12112,5264,7671,5499,3949,5055,7075,5141,3859,3932,4151,3969,3463,3407,3540,3420,3204,-16.2258,-6.0545,8.83865,48.3993
12113,6507,4801,3640,3266,9470,5620,3827,3336,5729,4565,3684,3312,4112,3777,3507,3111,-8.43632,-23.5859,8.63247,48.176
12114,4050,3812,3452,3188,5953,4452,3644,3392,9700,5217,3795,3415,6009,4685,3802,3210,7.12707,-33.0756,8.50227,47.8507
12115,3666,3616,3277,3024,4908,4243,3499,3390,8569,5812,3984,3454,7637,5684,3829,3327,12.985,-21.3053,8.79858,47.946
12116,3238,3429,3412,3193,3462,3765,3589,3464,4230,5036,4864,4121,4904,8560,8183,4658,28.3968,-0.751575,8.89444,48.072
12117,6211,4598,3691,3246,9926,5330,3725,3358,6193,4536,3604,3285,4017,3757,3349,3246,-6.89941,-27.4833,8.99138,48.048
12118,3559,3669,3557,3338,3813,4622,4373,3785,4634,7449,6228,4141,4419,5817,5227,4000,10.6501,-2.58176,8.90781,48.4207
12119,4133,5385,5981,4460,4192,6331,7298,4535,3577,4156,4496,3750,3381,3566,3590,3329,-11.9368,2.15343,8.95871,48.1067
12120,4337,6908,9077,5330,3959,4713,5433,4400,3437,3739,3893,3642,3211,3361,3418,3341,-24.4928,3.61045,8.70208,48.1327
12121,5469,5490,3989,3452,6924,7663,4443,3434,4932,4927,3925,3331,3821,3678,3490,3218,-8.90875,-13.7263,8.86528,48.124
12122,7959,9748,4943,3696,5041,5170,4236,3518,3706,3894,3615,3428,3351,3475,3204,3176,-33.318,-12.5974,8.84625,48.1067
12123,3127,3581,3861,3912,3341,3838,4962,5447,3500,4077,6906,7999,3364,3923,4928,5664,7.20873,17.0812,8.84055,48.2867
12124,3126,3323,3364,3386,3262,3318,3786,3982,3396,3872,4645,5974,3438,3940,6005,12594,29.6365,30.814,8.83515,47.6073
12125,4875,4314,3748,3335,7861,5722,3966,3331,7091,5432,3862,3470,4449,4159,3638,3192,-1.61802,-20.416,8.58883,48.2967
12126,3485,4221,7042,8719,3413,4117,5791,6909,3186,3658,3925,4269,3057,3294,3523,3474,-18.3407,18.2505,8.81529,48.0553
12127,3276,3558,3897,3979,3398,3933,5288,5098,3518,4346,7323,6929,3459,3877,5078,5116,6.15886,14.3902,8.56057,48.0487
12128,7699,9669,5040,3614,5049,5184,4190,3617,3768,3823,3678,3326,3369,3431,3262,3332,-31.2029,-11.8875,8.75105,48.034
12129,4153,4887,4783,3900,4532,7056,6668,4382,4079,5004,4958,3927,3488,3768,3806,3516,-6.68403,-0.967067,8.73161,48.6047
12130,7300,9782,5427,3802,4937,5375,4253,3626,3786,3920,3520,3420,3338,3367,3229,3198,-27.6545,-10.5181,8.75688,48.1867
12131,3322,3430,3851,3909,3286,3626,4576,5977,3380,3758,5257,9848,3344,3740,4768,6012,6.97907,33.5044,8.88802,48.056
12132,4854,7618,6949,4441,4263,5961,5514,4177,3720,3963,3812,3556,3255,3397,3399,3244,-19.6056,-1.29508,8.86561,48.082
12133,3451,3483,3287,3146,4049,4020,3593,3335,6280,6549,4309,3606,7317,7561,4513,3606,17.5877,-14.1943,8.90587,48.07
12134,3333,3362,3398,3307,3671,3838,3826,3666,4228,5586,5880,4368,4600,6964,7482,4822,19.35,0.954615,8.61118,48.2207
12135,3339,3914,6429,12699,3357,3739,4719,6187,3182,3401,3773,3857,3144,3178,3411,3434,-29.9966,26.8141,8.84421,47.842
12136,3842,3663,3415,3139,5619,4409,3628,3288,9948,5217,3805,3376,6755,4831,3762,3234,8.98463,-33.0278,8.70974,47.954
12137,12608,5952,3944,3254,6270,4781,3699,3410,3903,3733,3497,3218,3464,3518,3233,3216,-27.1651,-29.6321,8.56875,47.8
12138,4140,5421,6214,4485,4137,5998,7298,4566,3740,4242,4289,3819,3349,3567,3642,3447,-12.3322,2.63333,8.75884,48.236
12139,10190,7932,4253,3522,5669,5084,3935,3389,4004,3846,3508,3286,3398,3313,3323,3100,-33.4038,-18.2671,8.53937,47.8347
12140,3571,4074,6115,6628,3600,4197,6812,7441,3455,3637,4351,4634,3278,3415,3628,3579,-12.7781,16.3796,8.61406,48.2767
12141,3799,3832,3493,3410,4544,5181,3971,3461,6119,7977,4631,3615,4974,5426,4240,3477,7.47948,-11.3948,8.78646,48.1
12142,6750,9534,5638,3855,4931,5751,4362,3672,3680,3928,3624,3408,3340,3427,3272,3168,-24.0734,-9.36408,8.63686,48.2267
12143,3405,3377,3221,3208,3881,3945,3566,3257,5463,4965,4094,3453,9706,8356,4549,3540,31.3311,-16.6201,8.64216,47.9907
12144,3727,4465,5716,4963,3692,5014,8131,5660,3440,3937,4870,4401,3310,3464,3733,3694,-9.02851,8.8425,8.80465,48.1447
12145,3463,3447,3283,3194,3901,3729,3362,3116,5964,4682,3815,3457,12462,5876,3903,3382,31.9691,-31.9075,8.54291,47.3573
12146,3541,3483,3213,3008,4317,4072,3548,3261,7789,5618,3908,3412,9079,6333,4181,3472,17.1507,-21.053,8.81712,48.1567
12147,3979,3954,3357,3318,5585,4870,3847,3447,7890,6819,4029,3506,5561,5001,3887,3389,6.49415,-17.8129,8.80097,48.2927
12148,9016,5511,3877,3318,8930,5275,3839,3380,4706,4065,3500,3304,3660,3482,3360,3051,-14.8695,-26.0816,8.88033,48.1827
12149,6010,4670,3644,3246,9714,5350,3760,3387,6419,4468,3714,3281,4135,3830,3442,3226,-6.48301,-27.8873,8.83255,48.1973
12150,4171,4035,3850,3400,4947,6393,4452,3639,5216,7332,4835,3653,4310,4574,3937,3515,2.18024,-8.99859,8.63653,48.1727
12151,3418,3568,3778,3615,3600,4085,5255,4349,3819,5152,8203,5242,3787,4298,5465,4580,7.62519,7.62006,8.90851,48.1427
12152,3107,3282,3472,3706,3283,3601,4236,4326,3494,4001,5996,7384,3365,4186,6501,7970,16.3558,18.4414,8.63752,47.94
12153,3744,4596,6603,5532,3679,4873,7744,5792,3512,3886,4515,4220,3145,3447,3666,3578,-12.5868,9.85894,8.50249,48.3547
12154,3072,3317,3455,3561,3333,3599,4159,4495,3370,3936,5938,7969,3349,3949,6249,8440,15.5831,20.011,8.9821,48.1273
12155,3388,3932,5751,10964,3392,3862,4907,7134,3321,3525,3898,4144,3224,3288,3435,3377,-21.0715,33.6551,8.55708,47.6947
12156,11468,5882,3888,3491,7074,4865,3687,3303,4194,3914,3513,3134,3478,3469,3301,3121,-21.745,-27.8162,8.77388,47.8547
12157,3952,4205,3788,3458,5042,6461,4464,3696,5446,7569,4740,3753,4210,4593,4000,3462,1.72683,-8.77388,8.84993,48.5593
12158,3206,3283,3489,3473,3269,3513,4039,4410,3292,3818,4972,8257,3412,3939,5483,10311,17.6929,29.334,8.83441,48.1107
12159,4586,5707,4808,3886,5217,7832,5554,3835,4032,4711,4251,3609,3544,3769,3527,3304,-9.78483,-5.64846,8.75473,48.1147
12160,3420,3310,3203,3101,3924,3774,3345,3292,6610,4873,3743,3303,11966,5914,3927,3429,24.0374,-28.4886,8.57706,47.4227
12161,3143,3223,3303,3426,3146,3552,3880,4165,3259,3797,4928,6926,3412,3902,5880,11278,21.5987,30.9934,8.62527,47.48
12162,3189,3429,3280,3245,3602,3633,3729,3513,4335,5044,4777,3949,5133,9275,7464,4320,30.4812,-2.56804,8.88497,47.9447
12163,3248,3312,3455,3358,3502,3810,4086,3748,3998,4866,6438,4785,4079,5813,8142,5530,18.7287,6.08939,8.57774,48.1133
12164,3087,3377,3720,3959,3311,3688,4538,5917,3429,3773,5252,9874,3329,3607,4685,6369,7.68478,31.3462,8.75721,47.9433
12165,3036,3406,3349,3387,3277,3536,3794,3744,3576,4247,5157,5146,3546,5279,10019,7361,31.8916,11.318,8.95941,47.9067
12166,3420,3452,3223,3110,3843,3988,3639,3251,5635,5891,4244,3456,7737,8940,4718,3641,22.1045,-12.9539,8.8918,48.1253
12167,4131,4041,3583,3198,5875,5497,3896,3323,7436,6709,4124,3470,4937,4616,3892,3376,3.92388,-16.553,8.63968,48.0693
12168,3386,3344,3223,3125,4070,3941,3436,3137,6423,5420,3939,3477,10149,7334,4194,3510,23.0583,-19.6381,8.61171,48.072
12169,4643,7281,7777,4832,4177,5525,5607,4268,3562,3930,3868,3656,3302,3309,3379,3295,-20.463,1.03704,8.66851,48.274
12170,7972,5047,3741,3318,9563,5205,3893,3358,5151,4198,3551,3238,3648,3598,3359,3133,-12.2263,-28.5758,8.93544,47.982
12171,3228,3755,4468,5599,3267,3762,5147,9445,3320,3639,4828,6751,3168,3405,3915,4289,-4.70612,31.5371,8.76551,47.9907
12172,3602,4449,7357,7541,3586,4263,6292,6554,3369,3728,4141,4283,3129,3299,3457,3552,-17.6142,15.0354,8.54445,48.4013
12173,3849,4313,4658,4092,3965,5753,7131,4695,3793,5089,5839,4288,3510,3807,4151,3698,-3.4892,3.54482,8.52265,48.4207
12174,3283,3707,4132,3945,3474,4280,6002,5029,3734,4730,7669,5534,3542,3983,4755,4428,3.33443,9.69127,8.64073,48.1513
12175,3257,3367,3333,3173,3701,3981,3712,3478,4639,5500,4662,3831,5978,9773,6205,4040,25.3336,-6.30248,8.87437,48.42
12176,3348,4143,6797,11584,3374,3889,4998,6144,3296,3389,3704,4045,3081,3168,3332,3334,-26.66,22.8635,8.61576,47.7507
12177,3408,3418,3154,3021,4092,3828,3509,3248,5809,5341,3936,3447,9434,8065,4458,3638,23.6009,-17.0387,8.857,47.8707
12178,8592,9347,4830,3426,5282,5168,4125,3591,3774,3880,3522,3183,3267,3354,3197,3143,-31.5993,-14.2102,8.97082,47.7873
12179,3318,3655,4657,6429,3420,3805,5313,10097,3147,3611,4531,5813,3097,3378,3686,4023,-8.00862,30.1929,8.98501,47.9867
12180,3201,3296,3339,3399,3239,3422,3786,3830,3378,3823,4776,6107,3401,3879,5954,12615,30.065,30.3842,8.7043,47.63
12181,3224,3565,4088,3933,3394,3889,5442,5672,3489,4086,6895,7569,3350,3756,4725,5214,4.54733,16.5599,8.91168,48.194
12182,9316,9018,4636,3575,5465,5111,3999,3421,3694,3791,3527,3394,3302,3401,3278,3061,-29.3921,-15.3393,8.96586,47.9927
12183,3970,4153,3845,3539,4587,6315,4852,3849,5028,7342,5196,3753,4288,4545,4069,3533,1.84117,-6.42007,8.70363,48.576
12184,3303,3661,4139,4057,3496,4192,6300,5433,3587,4484,7339,6102,3473,3817,4621,4456,2.27529,12.4162,8.98689,48.3067
12185,3461,3517,3206,3068,4194,3835,3497,3195,7621,5110,3859,3348,10532,6222,4015,3424,19.7532,-23.6626,8.79325,48.0693
12186,3181,3324,3518,3386,3620,3753,3812,3664,4224,5247,5405,4263,4577,7687,7977,4728,22.7174,0.335528,8.74353,48.244
12187,3308,3422,3282,3128,3911,3804,3490,3389,5534,5025,4009,3454,9751,8438,4343,3570,31.4941,-16.6423,8.85643,47.9053
12188,4568,4886,4108,3581,5776,8003,4850,3735,4848,5761,4174,3524,3868,3896,3630,3231,-4.88276,-10.0728,8.68756,48.2927
12189,3075,3251,3398,3353,3234,3368,3841,4046,3379,3818,4853,6686,3341,3985,6236,11865,23.8751,26.5559,8.85529,47.8193
12190,3336,3939,6867,12202,3406,3729,4930,5993,3215,3357,3697,3877,3021,3219,3379,3382,-29.7935,23.4829,8.97271,47.6993
12191,4435,4687,3891,3452,5739,7466,4667,3549,5136,6144,4279,3578,3948,4128,3686,3507,-2.74297,-10.531,8.5847,48.1947
12192,3690,4547,5000,4243,4059,5759,7892,4759,3719,4490,5271,4196,3344,3652,3948,3612,-6.58572,4.13035,8.7036,48.1207
12193,3999,3884,3449,3094,5936,4633,3666,3245,9561,5610,3925,3303,5952,4796,3732,3246,6.88326,-23.8648,8.79569,48.0207
12194,3380,4052,6520,9580,3428,3806,5570,7331,3170,3625,3977,4257,3110,3232,3346,3464,-18.6588,21.2239,8.53782,47.8987
12195,3197,3334,3255,3170,3691,3855,3769,3477,4516,5584,4794,3866,5614,9416,6429,4318,24.0239,-4.76686,8.89652,48.19
12196,3181,3214,3406,3371,3119,3466,3831,4132,3308,3816,4895,7242,3323,3891,5834,11294,21.0694,28.7947,8.82528,47.5487
12197,3178,3274,3319,3198,3778,3892,3648,3361,4812,5229,4355,3866,6706,10227,5870,4047,29.8561,-8.27882,8.91348,48.5067
12198,3380,3267,3263,3005,4167,4015,3448,3172,7345,5137,3909,3475,10564,6222,4028,3356,20.1195,-24.6323,8.59227,47.8353
12199,3323,3420,3306,3291,3616,3795,3776,3589,3996,5164,5468,4249,4567,7437,8469,5153,22.9387,1.80077,8.52302,48.4127
12200,3491,3529,3296,3150,4322,3998,3650,3259,7857,5273,3937,3464,9495,5920,3902,3417,17.6466,-23.73,8.55679,47.9733
12201,3331,3334,3225,3091,4086,3769,3428,3256,7035,4895,3907,3457,11852,5904,3962,3309,21.8509,-33.9072,8.94693,47.894
12202,5572,4463,3608,3366,9783,5268,3795,3381,6461,4523,3598,3294,4099,3841,3513,3167,-5.1732,-32.4784,8.86169,47.8213
12203,3315,3716,4703,5275,3391,3932,5920,8750,3334,3733,5157,6375,3183,3470,3990,4234,-4.08456,20.6913,8.94503,48.3187
12204,3090,3228,3337,3430,3200,3427,3755,4027,3455,3754,4876,6329,3341,3905,6284,12326,26.3676,26.8567,8.71359,47.8427
12205,4573,6530,7042,4501,4236,6048,6371,4489,3634,4005,4064,3658,3310,3388,3582,3328,-16.4472,0.773116,8.98979,48.506
12206,11709,6632,4040,3444,6275,4795,3899,3402,3936,3835,3552,3168,3450,3421,3219,3109,-26.4772,-24.2512,8.55076,47.924
12207,5924,4754,3631,3324,9687,5433,3941,3395,6155,4489,3698,3305,4031,3733,3481,3066,-6.43679,-25.0754,8.92904,48.0313
12208,9001,8826,4547,3469,5340,5124,4005,3489,3952,3729,3482,3255,3375,3466,3265,3182,-33.134,-15.1322,8.9006,47.6713
12209,5573,8177,5763,4084,4752,6564,4811,3871,3729,4016,3833,3458,3453,3429,3415,3219,-18.4809,-5.88253,8.6481,48.098
12210,3480,3622,3631,3529,3758,4471,4493,3787,4403,6883,6847,4364,4154,5403,5329,4190,10.0117,0.0411896,8.70496,48.2293
12211,3310,3975,5149,5565,3340,4119,7110,7760,3407,3874,4972,5273,3224,3452,3849,3854,-7.99623,16.6882,8.75984,48.1553
12212,3282,3186,3445,3585,3298,3560,4043,4515,3454,3901,5388,8315,3360,3885,5810,8989,16.1716,23.8274,8.5757,48.0107
12213,3073,3191,3428,3397,3309,3528,3814,4105,3366,3835,4932,7384,3369,3913,6019,11392,20.9655,27.9596,8.8609,48.0367
12214,3804,5502,9677,7277,3622,4206,5299,4956,3390,3684,3928,3825,3197,3210,3293,3312,-27.0193,10.7276,8.63998,48.1213
12215,3347,3736,4892,7181,3382,3722,5227,9916,3313,3629,4225,5542,3139,3368,3634,3693,-10.119,30.3886,8.91731,47.964
12216,10083,8329,4440,3470,5556,5095,3978,3432,3867,3840,3449,3247,3439,3383,3268,3112,-30.418,-17.4581,8.98829,47.992
12217,3177,3246,3378,3378,3225,3433,3788,3975,3381,3873,4875,6041,3450,4002,6923,11778,27.2209,22.8849,8.69959,47.9487
12218,3752,4321,4606,4105,3857,5394,7484,4864,3776,4814,5961,4341,3437,3666,4206,3765,-3.3435,4.94619,8.83176,48.2327
12219,4905,6250,5177,4039,4806,7642,5603,3994,3896,4449,4138,3515,3442,3511,3583,3305,-11.9463,-4.70462,8.66817,48.17
12220,3412,3639,5061,7070,3413,3773,5276,9943,3224,3642,4281,5576,3140,3328,3667,3750,-10.0183,29.1232,8.99021,48.13
12221,9233,5397,3917,3379,8791,5172,3915,3352,4590,4086,3421,3220,3707,3469,3206,3080,-15.3,-28.8072,8.69169,47.9567
12222,3467,3999,6293,10085,3459,3955,5400,7362,3151,3569,3995,4208,3093,3285,3403,3467,-19.3472,21.9123,8.86757,48.1273
12223,12619,6096,4003,3411,6115,4769,3789,3344,3989,3686,3346,3334,3405,3428,3212,3235,-32.6562,-27.0538,8.83085,47.854
12224,5265,8789,7119,4435,4344,5646,4979,4012,3676,3991,3691,3503,3347,3382,3266,3257,-23.0527,-3.05092,8.61044,48.468
12225,3179,3241,3271,3365,3277,3453,3686,3944,3448,3852,4763,5876,3428,3895,5923,12768,28.2924,32.7298,8.64006,47.5793
12226,4018,4059,3670,3281,5394,6080,4220,3393,6169,7407,4383,3540,4588,4655,3842,3328,2.97231,-11.874,8.83774,48.018
12227,3169,3274,3373,3448,3238,3479,3968,4208,3440,3763,5016,7739,3335,3934,5993,10812,19.5986,28.3939,8.75267,48.126
12228,3046,3217,3541,3612,3235,3594,4090,4688,3311,3786,5258,8855,3445,3884,5570,8920,15.0634,25.701,8.54562,48.0347
12229,4870,4736,3798,3404,7045,7299,4276,3461,5583,5583,3978,3340,4189,4036,3569,3224,-4.28005,-14.7888,8.94322,48.2607
12230,9119,7731,4308,3468,6539,5491,3949,3419,4071,3909,3528,3309,3376,3332,3244,3106,-21.0351,-17.6582,8.94211,47.9327
12231,11100,7511,4288,3341,5917,4999,3889,3390,3866,3744,3473,3139,3421,3369,3214,3094,-29.2505,-20.1484,8.8256,47.8367
12232,3199,3144,3427,3394,3155,3358,3743,3774,3344,3925,4775,5993,3352,3949,6626,12262,31.7754,23.7006,8.89834,47.6133
12233,3350,3421,3295,3166,3966,3877,3481,3221,6517,4887,3763,3412,12246,6094,3783,3419,25.0161,-27.8023,8.619,47.932
12234,3190,3265,3396,3341,3304,3540,3765,3710,3675,4544,5188,4678,4067,6098,9926,6133,32.3714,6.98058,8.78204,47.88
12235,5319,4465,3664,3243,8914,5570,3744,3316,6969,4867,3712,3332,4371,3935,3456,3257,-3.34663,-24.2564,8.72854,48.0893
12236,3690,5118,9867,7578,3583,4298,5206,5002,3319,3554,3884,3819,3134,3296,3418,3339,-33.7534,11.3541,8.97518,48.07
12237,3460,3851,6390,12155,3351,3844,4695,6610,3226,3442,3869,3928,2969,3265,3426,3542,-24.2072,26.5252,8.72876,48.0153
12238,3731,3628,3292,3085,5279,4258,3565,3240,9329,5769,3969,3370,7024,5043,3816,3365,10.3087,-23.0578,8.73648,47.842
12239,3347,3500,3303,3202,3781,3746,3659,3323,4990,5351,4394,3583,7190,9669,5246,3747,33.6086,-10.6392,8.67097,48.0207
12240,3814,4636,4886,4211,4062,6195,7341,4669,3782,4779,5212,4072,3495,3810,3862,3579,-5.95064,2.39341,8.83336,48.27
12241,3121,3194,3313,3487,3271,3449,3904,4068,3392,3824,5273,6898,3506,4085,6816,10849,21.9848,22.4452,8.62643,48.3
12242,4754,7077,5931,4052,4724,6886,5512,3998,3802,4211,3908,3604,3339,3483,3507,3218,-15.667,-3.55211,8.55981,48.004
12243,6064,7720,4994,3795,5641,6975,4633,3670,3873,4165,3743,3495,3358,3559,3281,3197,-16.7405,-10.3083,8.68176,48.1087
12244,3597,3754,3581,3302,4290,4893,4013,3573,5614,8199,5134,3915,4689,5560,4562,3730,8.9176,-8.15086,8.53554,48.2707
12245,3923,4321,3933,3697,4750,6572,4888,3849,4608,6895,5111,3812,4174,4327,3996,3675,0.739404,-5.39082,8.55836,48.354
12246,3599,4141,5775,5312,3441,4434,7956,6611,3379,3885,4795,4670,3278,3395,3769,3639,-9.38073,12.6651,8.90622,48.0527
12247,3207,3352,3353,3351,3377,3537,3920,3817,3518,4238,5537,5456,3694,4899,9163,7740,24.1168,12.3098,8.71255,48.106
12248,3137,3185,3313,3358,3225,3388,3752,3916,3330,3805,4678,6097,3489,3847,6003,12748,27.7918,30.9199,8.91643,47.514
12249,3143,3438,3745,3722,3306,3820,4811,4669,3523,4384,7570,7143,3524,3989,5637,5723,9.52672,14.3944,8.76778,48.098
12250,3914,5907,9610,6332,3812,4377,5393,4779,3445,3669,3772,3753,3096,3243,3371,3231,-25.6692,8.12896,8.58652,47.8027
12251,3081,3305,3340,3389,3319,3479,3874,3804,3506,4014,5339,5392,3495,4568,8685,8913,33.2094,15.1801,8.7998,47.6687
12252,3916,5436,9447,6961,3641,4361,5730,4985,3285,3622,3872,3757,3107,3354,3436,3292,-24.1177,10.0082,8.59624,48.1347
12253,3768,3557,3387,3130,5396,4290,3558,3327,10029,5129,3854,3357,7290,5010,3726,3339,10.4361,-31.6091,8.92881,48.098
12254,3101,3306,3425,3405,3188,3425,3805,4045,3349,3820,4842,6357,3441,3886,5994,12332,26.1944,29.1628,8.56573,47.814
12255,11793,7125,4068,3417,5974,4931,3744,3334,3833,3783,3459,3271,3341,3387,3293,3158,-31.8322,-21.7678,8.90804,47.9407
12256,4442,7359,8842,5107,4059,4739,5196,4294,3434,3736,3707,3679,3247,3343,3395,3285,-26.4087,2.39254,8.54473,47.9093
12257,3768,3682,3492,3223,5081,4729,3771,3284,8188,6760,4117,3434,6241,5475,3921,3373,9.54524,-17.9838,8.51461,48.3593
12258,3509,4596,8735,9177,3462,4071,5129,5442,3199,3553,3801,3887,3110,3247,3506,3387,-29.9962,15.6777,8.84504,47.874
12259,4246,6766,8274,5228,4023,5193,5884,4519,3517,3727,3994,3693,3172,3416,3426,3267,-21.0828,3.17936,8.77478,48.23
12260,3226,3195,3363,3322,3311,3763,3840,3684,3671,4573,5843,4690,4022,6007,9571,6274,23.8938,7.61645,8.7798,48.2367
12261,3078,3423,3793,3859,3310,3764,4547,5212,3472,4008,6504,8756,3430,3768,5177,6359,9.16393,19.52,8.85937,48.3067
12262,3423,3338,3320,3200,3912,3643,3429,3297,6010,4670,3719,3388,12753,5924,3822,3333,30.8583,-30.3347,8.72372,47.454
12263,3374,3399,3274,3136,3916,3832,3294,3183,6231,4870,3762,3383,12696,6123,3929,3383,28.1161,-27.8841,8.83363,47.8567
12264,3783,3657,3478,3197,4895,4608,3804,3355,7919,6927,4172,3386,6354,5550,3862,3403,10.5066,-17.1563,8.94758,48.2333
12265,10992,7191,4124,3420,6022,5100,3917,3425,4088,3830,3573,3230,3366,3377,3223,3115,-26.679,-21.2941,8.55681,47.9953
12266,3940,5328,6677,4814,3958,5595,7677,5013,3411,3988,4300,3890,3191,3459,3522,3432,-13.7081,4.96107,8.97644,48.13
12267,3344,3649,4100,4486,3410,4007,5766,6477,3434,4111,6293,7253,3324,3604,4544,4769,1.52599,17.754,8.56195,48.3807
12268,3244,3741,5329,8061,3446,3891,5371,9183,3267,3561,4274,4978,3074,3363,3574,3687,-12.8657,25.4439,8.59873,48.0293
12269,3350,3508,3421,3340,3826,4314,4191,3660,4178,6584,6748,4270,4380,5981,6078,4244,13.4623,0.269619,8.81806,48.0487
12270,3539,4097,7022,12017,3352,3791,4886,5930,3179,3470,3811,3854,3118,3187,3332,3389,-28.783,22.6894,8.98588,47.9827
12271,3081,3226,3398,3482,3216,3368,3780,4002,3349,3727,4712,5959,3358,3881,6178,12784,32.5439,27.6771,8.75068,47.6673
12272,7035,9278,5317,3791,5078,5752,4296,3691,3747,3962,3619,3263,3301,3440,3284,3126,-23.4319,-10.7801,8.94223,47.9867
12273,3072,3304,3386,3434,3281,3453,4063,4531,3357,3910,5128,8458,3482,3983,5583,9507,16.4199,33.5884,8.72725,47.9547
12274,3417,3905,5830,12200,3305,3910,4749,6677,3243,3471,3871,3891,3130,3222,3458,3462,-23.7852,30.6697,8.92551,47.8273
12275,3718,3659,3218,3197,5120,4245,3576,3229,9311,5754,3838,3291,7548,5320,3834,3341,12.0184,-23.903,8.7342,48.1327
12276,8563,5839,3777,3450,8353,5517,3811,3444,4609,4068,3591,3307,3581,3416,3271,3070,-15.3789,-23.4195,8.76591,47.778
12277,4001,4284,3682,3351,5161,6335,4434,3641,5369,7308,4712,3771,4262,4571,3988,3450,1.83785,-9.84483,8.73367,48.2133
12278,3233,3296,3357,3305,3409,3660,3805,3703,3796,4547,5139,4664,4083,6389,9515,5924,33.1289,6.23159,8.55886,47.8833
12279,3180,3390,3361,3210,3493,3647,3811,3625,4020,4740,5151,4232,4496,7714,8837,5180,29.34,2.18647,8.57577,48.058
12280,3096,3219,3328,3371,3362,3494,3851,3928,3526,4006,5068,5562,3525,4425,8218,9978,31.3786,17.5328,8.83004,47.9713
12281,12532,6004,3890,3468,6044,4630,3803,3466,3909,3783,3462,3214,3300,3367,3230,3104,-30.9768,-31.7535,8.70538,47.4707
12282,4711,8061,8523,4932,4223,4769,5035,4212,3588,3714,3872,3579,3306,3294,3364,3177,-28.834,1.09467,8.66021,48.24
12283,3066,3305,3334,3333,3267,3508,3858,3927,3482,4152,5528,5619,3655,4817,8932,8539,23.799,14.5334,8.95742,48.2147
12284,11901,6243,3899,3310,6772,4816,3826,3439,4018,3871,3489,3153,3446,3417,3286,3095,-23.7737,-28.2267,8.63799,47.9873
12285,3480,4313,5691,5262,3528,4557,8003,6558,3365,3861,4889,4499,3262,3503,3689,3596,-9.1139,12.0468,8.97968,48.0373
12286,3215,3388,3792,3736,3467,3931,4987,4672,3681,4714,8223,6419,3540,4150,5653,5119,8.57596,11.8283,8.92721,48.458
12287,3099,3193,3433,3424,3153,3353,3759,3823,3333,3758,4937,6062,3366,3877,6774,12061,33.9764,22.8155,8.94687,47.6033
12288,3564,3437,3150,3090,4178,3901,3501,3181,7255,4765,3778,3403,11587,5901,3937,3356,21.3429,-28.7601,8.52308,47.9893
12289,3771,3938,3947,3613,4141,5652,5232,3931,4347,6910,6279,4134,3894,4596,4252,3830,3.39353,-1.8329,8.70189,48.3113
12290,3710,5237,9810,7508,3576,4241,5437,5044,3389,3575,3853,3836,3064,3306,3273,3300,-26.882,11.0352,8.83612,48.106
12291,4221,4577,4034,3615,4956,7324,5011,3742,4718,6242,4646,3746,3965,4156,3883,3410,-2.47132,-6.84591,8.70906,48.164
12292,3983,4177,3704,3341,5209,6378,4255,3535,5682,7482,4534,3641,4433,4677,3913,3549,2.38928,-10.6925,8.91753,48.3287
12293,3371,3858,5122,6665,3429,3874,5937,9198,3200,3532,4459,5355,3096,3460,3668,3893,-9.89259,21.9298,8.66492,48.078
12294,4367,6397,7358,4937,4155,5598,6376,4444,3617,3955,4133,3648,3318,3335,3465,3306,-17.5468,2.43121,8.77265,48.2727
12295,3065,3381,3750,3909,3296,3690,4279,5648,3382,3691,5275,10005,3300,3678,4762,6791,9.16519,29.2508,8.83024,47.9347
12296,3272,3662,4552,5772,3339,3813,5183,9682,3206,3602,4555,6401,3162,3506,3905,4183,-5.59932,31.1477,8.51312,47.8633
12297,3354,4169,6615,11779,3477,3844,4939,6160,3166,3533,3711,4089,3058,3126,3308,3469,-26.9389,23.7781,8.6138,47.8647
12298,12567,6013,3929,3353,6153,4785,3809,3361,3880,3878,3460,3236,3375,3446,3233,3131,-26.7511,-28.7487,8.73363,47.7393
12299,3438,3426,3281,3179,3848,4039,3681,3453,5149,6146,4414,3779,6718,8883,5200,3759,21.2576,-10.2192,8.58268,48.262
12300,3268,3426,3974,4268,3425,3690,4656,7270,3396,3711,5202,9254,3359,3689,4368,5280,3.52371,29.0037,8.69941,48.1573
12301,3677,3790,3651,3375,4184,5025,4504,3746,4792,7893,5830,4034,4372,5119,4525,3718,7.36292,-3.9878,8.85652,48.1567
12302,3341,3784,4844,5972,3453,3846,5597,9552,3342,3613,4483,6159,3175,3401,3723,4085,-6.95827,23.7736,8.77607,48.2467
12303,3178,3469,3735,4133,3319,3682,4660,6300,3384,3800,5291,9764,3345,3722,4642,6075,6.40381,28.0555,8.85488,48.3327
12304,3307,3290,3329,3177,3737,3830,3598,3551,4605,5121,4618,3880,5598,9757,6661,4149,31.4284,-4.98823,8.93867,48.1387
12305,3235,3276,3396,3517,3349,3599,4108,4418,3394,3942,5143,8719,3313,3754,5353,9371,16.0638,32.2686,8.81292,47.9247
12306,3379,3386,3220,3151,3914,3873,3565,3243,5481,5268,4080,3529,9565,8219,4475,3459,26.4051,-16.4836,8.66478,47.8713
12307,3211,3249,3473,3433,3364,3386,3799,3808,3457,3694,4882,5941,3369,3947,6085,12310,28.9081,33.4585,8.62371,47.6053
12308,4605,4111,3491,3227,7816,4872,3759,3386,8482,5243,3904,3400,5017,4188,3583,3119,0.962461,-25.3227,8.76543,48.1353
12309,5886,7834,4969,3934,5342,6762,4789,3714,3924,4121,3747,3432,3367,3429,3306,3171,-17.439,-8.73077,8.65113,47.818
12310,3502,4466,8237,10035,3398,3949,4955,5622,3349,3439,3863,3928,3166,3224,3467,3372,-31.6504,17.4673,8.72395,47.9813
12311,3924,5727,8573,5686,3915,5089,6526,4944,3400,3703,4084,3858,3225,3304,3386,3326,-19.0737,6.42293,8.8395,48.4467
12312,3454,3776,3737,3581,3827,4860,5151,4004,4253,6642,7250,4536,3884,4680,4795,4011,6.34696,1.12325,8.83586,48.294
12313,3486,3763,3481,3328,4126,4938,4087,3565,5248,8116,5414,3813,4820,5776,4656,3839,10.1382,-6.88523,8.50234,48.304
12314,4127,4751,4304,3810,4741,7608,5847,3933,4153,5481,4712,3826,3721,3939,3939,3491,-4.59467,-4.01606,8.67094,48.2553
12315,3065,3365,3801,3921,3262,3621,4458,6089,3319,3831,5573,9820,3317,3732,4825,6073,7.30713,24.3663,8.94004,48.048
12316,3836,4370,4847,4172,4020,6031,7574,4444,3671,4737,5383,4139,3472,3655,3877,3815,-5.45089,3.11904,8.79996,48.0287
12317,3176,3513,3839,4183,3265,3831,4951,5920,3452,4081,6239,8609,3227,3666,4827,5572,5.74627,20.0926,8.50973,48.234
12318,3407,3351,3198,3178,4120,3842,3612,3240,6773,5246,3875,3349,10885,6491,4205,3424,22.2593,-22.7395,8.56427,48.1307
12319,3404,3556,3690,3528,3619,4327,5029,4121,3758,5516,7959,4981,3879,4598,5494,4625,8.43485,5.65498,8.72448,48.056
12320,3769,4914,8558,6666,3690,4600,6451,5550,3371,3655,4094,3908,3246,3327,3432,3397,-19.3294,10.9753,8.96136,48.4187
12321,3378,3422,3448,3403,3438,3810,4300,3975,3677,4986,7380,5224,3862,4999,7271,5496,15.2121,7.9744,8.91859,48.046
12322,3076,3271,3553,3424,3224,3542,3935,4181,3502,3877,5524,7075,3409,4090,6746,9615,19.1384,20.1571,8.86887,48.0293
12323,3123,3226,3458,3519,3336,3446,3967,4586,3312,3873,5054,8279,3422,3862,5685,9696,17.1078,27.8059,8.57879,47.896
12324,3404,4159,7592,11076,3381,3920,4971,5835,3108,3519,3777,3949,3148,3228,3390,3412,-27.3804,19.7582,8.89086,47.9127
12325,3512,3480,3360,3074,4355,3888,3496,3246,8390,5232,3785,3384,10094,5599,3867,3451,17.1699,-27.5612,8.91154,48.142
12326,3387,3982,6618,12118,3357,3918,4834,6043,3239,3529,3737,3832,3133,3253,3432,3322,-28.7207,23.9206,8.60043,47.8227
12327,12740,6048,3698,3337,5895,4750,3770,3316,3910,3828,3408,3222,3428,3351,3178,3102,-30.2376,-30.6666,8.90073,47.3207
12328,3133,3579,3983,4089,3563,4056,5747,5365,3576,4434,7306,6590,3372,3885,4743,4674,3.84267,13.2625,8.8203,48.0633
12329,3299,3370,3280,3202,3878,3986,3682,3217,5256,5813,4276,3681,7237,9242,5282,3752,23.0264,-10.8502,8.59755,48.302
12330,3891,4174,4023,3673,4428,6651,5132,3897,4525,6765,5315,3930,4016,4213,4010,3743,0.505503,-4.09937,8.92222,48.2573
12331,7647,7525,4556,3566,6422,6353,4215,3608,4113,4034,3642,3209,3454,3449,3337,3003,-18.1838,-14.923,8.72231,48.0887
12332,11841,6615,3971,3417,6120,4900,3864,3384,4004,3966,3443,3178,3367,3289,3309,3122,-26.7318,-24.5476,8.50829,47.86
12333,11004,7285,4150,3462,5946,5027,3902,3389,3889,3833,3423,3188,3434,3356,3235,3184,-26.0734,-20.4011,8.85771,47.8047
12334,9041,5303,3867,3399,9011,5295,3751,3301,4642,4151,3495,3233,3584,3547,3258,3027,-14.8839,-29.412,8.99159,47.9367
12335,3201,3458,3350,3361,3450,3682,3857,3591,3953,4665,5172,4479,4224,6753,9407,5533,33.722,4.39573,8.62796,48.0907
12336,3746,3975,3777,3487,4393,6032,4660,3680,5023,7403,5409,3901,4010,4544,4243,3698,3.29663,-5.26261,8.84591,47.9873
12337,3397,3399,3174,3090,3932,4039,3761,3373,5350,5968,4351,3613,7196,8934,5159,3689,21.076,-11.3455,8.96289,48.2833
12338,3429,4321,6717,6802,3563,4262,6981,6604,3400,3734,4350,4372,3235,3407,3553,3537,-15.0545,14.775,8.50902,48.178
12339,3285,3265,3323,3291,3430,3650,3774,3696,3872,4525,5094,4469,4168,6806,9787,5552,30.0534,4.67541,8.93788,47.9913
12340,3846,5800,9799,6537,3749,4275,5335,4802,3414,3607,3839,3693,3156,3351,3329,3302,-28.1925,8.66705,8.5758,47.8893
12341,3322,3708,4607,6039,3368,3741,5433,9647,3226,3686,4502,6444,3155,3466,3768,4122,-6.06521,26.1864,8.60504,48.156
12342,3501,3722,4143,3811,3632,4399,5970,4710,3764,5010,7643,5198,3578,3978,4767,4286,4.00875,7.20785,8.60824,48.0747
12343,3596,3520,3301,3244,4248,4369,3906,3452,6022,7487,4641,3711,5826,6738,4571,3720,13.8085,-11.3088,8.51274,48.2347
12344,11860,6141,3992,3304,6914,4973,3811,3429,3977,3746,3382,3213,3350,3291,3218,3132,-23.3772,-26.8227,8.71688,47.822
12345,3450,3331,3184,3042,4167,3812,3398,3240,7574,5070,3733,3404,11144,5756,3956,3390,20.305,-27.981,8.97004,47.7673
12346,3342,3419,3252,3116,3719,3774,3538,3298,5205,5286,3971,3521,8522,9369,4877,3639,30.0186,-13.6204,8.98039,47.8987
12347,3087,3226,3364,3476,3286,3433,4007,4206,3367,3724,4994,7571,3448,3986,5717,10914,19.7814,29.5205,8.67178,47.8707
12348,3784,3711,3499,3260,4676,4757,3814,3222,6619,7913,4699,3493,5563,5889,4308,3538,10.3237,-12.9081,8.75088,48.4967
12349,3366,3357,3374,3200,3634,3760,3734,3517,4657,6006,4985,3821,5426,8528,6237,4102,20.3386,-4.79909,8.63556,47.8027
12350,3596,4603,8397,8297,3509,4156,5789,5804,3306,3597,3987,3947,3100,3369,3468,3391,-21.7049,14.654,8.90146,48.2107
12351,3456,4094,6079,7908,3438,3896,6169,7925,3277,3657,4083,4576,3152,3316,3590,3641,-15.0474,19.2139,8.9518,48.1713
12352,4315,5525,5229,3959,4698,7391,6403,4166,3907,4631,4529,3777,3476,3703,3477,3387,-9.96871,-1.96636,8.78256,48.382
12353,3429,4338,7260,10147,3538,3976,5392,6639,3284,3537,3796,4048,3012,3042,3423,3464,-21.9275,20.0006,8.59242,48.2167
12354,3598,3764,3885,3587,3971,5300,5241,4060,4359,6646,6738,4255,3855,4649,4625,3871,4.58006,0.336896,8.62685,48.2693
12355,3562,3565,3241,3138,4646,4108,3512,3206,8922,5288,3815,3448,9155,5392,3797,3259,15.4867,-28.5335,8.7394,48.036
12356,5168,8397,6865,4318,4404,5907,5141,4064,3716,3884,3823,3502,3455,3346,3355,3235,-21.2193,-2.8104,8.98727,48.3867
12357,10905,6772,3957,3412,6947,5013,3906,3392,4218,3899,3429,3158,3364,3459,3309,3048,-21.5202,-22.4119,8.89106,48.1253
12358,6203,4712,3708,3295,9904,5130,3838,3319,5989,4569,3612,3333,4028,3690,3373,3095,-7.25352,-32.6965,8.68789,47.8653
12359,3250,3302,3476,3283,3493,3924,3989,3834,3918,5063,6165,4679,4246,6159,8478,5528,19.6401,4.74497,8.95425,48.5247
12360,3278,3368,3324,3267,3685,3758,3564,3462,4690,5266,4544,3856,5937,9831,6269,4116,32.5378,-6.01992,8.75976,48.1433
12361,12695,5939,3749,3362,5943,4732,3838,3374,3776,3719,3412,3281,3383,3377,3235,3152,-30.787,-33.337,8.76654,47.3113
12362,3368,4010,5290,5367,3477,4372,7250,7104,3367,3815,5193,5119,3233,3510,3752,3895,-7.20355,14.8825,8.74076,48.0813
12363,3382,4171,7273,9568,3338,4113,5333,6650,3283,3670,3888,4181,3011,3257,3324,3430,-20.6679,19.3656,8.8747,47.9147
12364,3635,3606,3324,3158,4391,4496,3816,3473,6261,7736,4569,3565,5888,6600,4472,3612,12.7971,-11.9937,8.80462,48.4013
12365,9272,5684,3821,3334,8459,5246,3813,3381,4657,4062,3573,3199,3569,3474,3292,3046,-16.2403,-25.6291,8.61701,47.9213
12366,3117,3215,3466,3431,3145,3499,3848,3941,3405,3898,5405,6347,3418,4291,7495,10035,22.2393,18.9616,8.8629,47.9707
12367,3184,3626,4103,4543,3355,3897,4873,7263,3353,3859,5395,8772,3259,3537,4409,4963,2.32262,24.8602,8.82546,48.2607
12368,3487,3735,3666,3509,3835,4625,4695,4097,4257,6745,7206,4557,4124,4963,5203,4064,8.3766,1.09552,8.5823,48.512
12369,3460,3315,3211,3004,4016,3893,3509,3249,6993,4793,3777,3297,11957,6107,4003,3323,23.1272,-28.4023,8.92117,47.938
12370,9302,7068,4291,3433,6753,5660,4113,3485,4261,3970,3521,3255,3329,3490,3290,3015,-19.6032,-19.128,8.78739,48.1573
12371,3757,4065,4204,3867,4128,5862,6338,4254,3898,5772,6030,4239,3884,4026,4236,3716,-0.441346,1.06104,8.9239,48.184
12372,3236,3469,3264,3252,3725,3950,3758,3351,4415,5277,4766,4058,5366,9399,6729,4141,33.8134,-4.27536,8.5049,48.104
12373,3708,3660,3365,3073,4979,4131,3549,3224,9142,5516,3908,3334,8026,5433,3853,3408,13.2301,-24.8235,8.80309,48.206
12374,3230,3297,3414,3341,3429,3740,4101,3898,3784,4627,6430,4864,3974,5742,8637,6009,19.5221,7.46507,8.66504,48.3447
12375,3825,4235,4336,3754,4300,6353,6387,4155,4020,5697,5647,4109,3759,4050,4018,3750,-2.08943,-0.0626088,8.81328,48.2633
12376,3428,3399,3241,3122,3831,3701,3341,3278,6067,4764,3828,3346,12718,6046,3900,3350,30.1898,-29.7439,8.7866,47.5733
12377,3278,3601,4274,5042,3402,3817,5431,8688,3387,3700,5163,7374,3226,3517,4118,4496,-2.15721,23.1247,8.84897,48.3427
12378,3549,4428,8001,9589,3489,4034,5186,6138,3149,3504,3874,3966,3171,3201,3526,3354,-23.6655,17.652,8.71955,48.106
12379,3762,3580,3317,3031,5132,4321,3686,3298,9177,5927,3900,3364,7157,5425,3890,3441,11.3109,-22.0406,8.81022,48.272
12380,3264,3412,3630,3751,3253,3728,4495,4563,3630,4178,7178,7014,3486,4206,6238,6088,12.2949,14.8006,8.86811,48.076
12381,4284,3909,3587,3220,7276,4750,3763,3300,9301,5156,3773,3446,5283,4410,3592,3212,3.3394,-31.0261,8.65937,48.1747
12382,3450,3361,3336,3085,4183,3828,3474,3170,6945,5271,3897,3453,10648,6564,4083,3422,21.4791,-22.5325,8.65822,48.1133
12383,11472,7195,4147,3363,6087,4996,3857,3414,4003,3741,3443,3199,3347,3237,3199,3086,-26.7731,-22.1894,8.57252,47.8573
12384,3385,3434,3612,3499,3722,4177,4275,3763,4250,6125,6926,4620,4117,5468,6220,4606,13.0392,2.43369,8.60676,48.1327
12385,11347,7566,4176,3416,5852,4899,3837,3403,3950,3916,3509,3284,3439,3333,3088,3118,-28.5352,-20.2546,8.80335,48.0887
12386,10526,7743,4198,3538,5827,4961,4009,3418,4059,3769,3420,3383,3420,3337,3182,3124,-29.3959,-19.2183,8.56199,47.9427
12387,3907,3775,3408,3233,5600,4353,3542,3194,9925,5204,3631,3377,6982,4947,3747,3281,9.431,-27.6311,8.98246,48.0707
12388,4043,4091,3834,3511,4890,6656,4609,3656,5049,7179,4908,3738,3968,4365,3967,3707,1.05459,-7.49975,8.96225,48.114
12389,3815,4349,4661,4012,4038,6130,7143,4521,4026,4995,5603,4250,3568,3926,3841,3760,-4.26648,2.31585,8.76439,48.4253
12390,3464,3434,3240,3073,4129,3836,3606,3173,6801,5560,4033,3471,9538,6959,4175,3411,20.1019,-19.8421,8.58386,47.9353
12391,5426,9153,6826,4248,4433,5484,4848,4082,3631,3878,3795,3379,3283,3341,3301,3209,-23.6406,-4.00525,8.7727,48.2113
12392,3895,5408,8795,6651,3696,4422,6187,5251,3279,3735,3892,3931,3230,3271,3401,3325,-20.5059,9.89376,8.7542,48.246
12393,3229,3197,3333,3303,3184,3618,3867,3834,3522,3989,5364,5818,3536,4546,8514,9246,26.0943,16.2984,8.58663,48.0667
12394,3036,3174,3342,3424,3183,3495,3811,3912,3298,3806,4694,6086,3321,3947,5889,12738,32.7709,27.9496,8.96725,47.4373
12395,4022,3765,3445,3149,6336,4842,3597,3332,9355,5789,3905,3354,5760,4630,3762,3337,5.8165,-22.5461,8.97592,48.2533
12396,12553,6025,3979,3417,6344,4763,3815,3227,3909,3815,3399,3256,3408,3421,3060,3248,-25.4675,-33.7204,8.86478,47.7593
12397,3546,3566,3329,3129,4015,4284,3803,3347,5508,7525,4851,3720,5808,7328,4859,3628,14.9791,-9.55953,8.96146,48.164
12398,3431,3351,3261,3107,3839,3813,3639,3289,5346,5392,3966,3556,8812,8951,4686,3685,26.5215,-14.8939,8.75816,48.0827
12399,3341,3777,3975,3884,3703,4271,6071,4910,3778,4802,7861,5340,3582,3941,4741,4298,3.5647,8.99183,8.99495,48.1833
12400,3255,3361,3384,3126,3611,3978,3871,3606,4284,5575,5361,4192,4791,7747,7527,4564,21.1449,-0.467682,8.97603,48.1553
12401,4388,3941,3420,3216,6906,4793,3781,3369,8975,5690,3740,3382,5372,4333,3664,3255,3.52492,-22.9493,8.85992,48.15
12402,3366,3877,5767,10746,3455,3713,5109,7547,3125,3568,3967,4108,3106,3308,3435,3431,-19.5524,29.244,8.65758,47.752
12403,3051,3243,3447,3363,3238,3495,3888,4015,3391,3925,5110,6106,3412,4335,7536,10628,25.793,20.0131,8.73573,48.122
12404,3413,3903,5828,10643,3314,3809,4957,7871,3305,3457,3846,4305,3056,3272,3385,3502,-19.1259,30.1827,8.71677,47.9107
12405,3552,4280,6068,5293,3687,4695,7894,5898,3467,3935,4718,4519,3297,3414,3623,3646,-10.4259,10.6109,8.59462,47.9907
12406,3194,3206,3359,3303,3353,3474,3870,3864,3408,3976,5007,5620,3427,4187,7631,10761,31.9551,19.4821,8.71368,47.76
12407,3482,3583,3493,3249,4175,4635,3832,3520,5534,7927,4902,3775,5376,6399,4680,3742,12.6329,-8.95761,8.55768,48.2027
12408,3340,3412,3302,3164,3776,3980,3668,3536,5063,6126,4635,3726,6041,9235,5672,3910,21.3138,-7.7412,8.93201,48.3907
12409,4437,8057,8311,4812,4143,4902,4994,4250,3596,3660,3642,3582,3339,3250,3356,3323,-33.6985,0.556572,8.75988,47.7693
12410,3905,5772,9539,6461,3761,4482,5544,4848,3349,3545,3886,3706,3144,3326,3380,3398,-23.7718,8.27619,8.75812,48.0307
12411,3406,3365,3212,3132,3928,3820,3500,3093,6136,4704,3820,3342,12185,6444,3969,3373,30.1165,-25.0822,8.55402,47.6193
12412,10419,7830,4281,3601,5833,5025,3890,3525,3972,3727,3492,3239,3324,3388,3260,2961,-26.0703,-18.5703,8.8373,47.8447
12413,3191,3347,3554,3636,3246,3534,3966,4387,3447,3839,5189,8454,3449,3798,5532,9310,16.4856,32.8296,8.59992,47.9193
12414,3190,3183,3610,3714,3285,3515,4266,5292,3350,3868,5176,9874,3370,3806,4900,7450,11.2956,32.2473,8.84256,47.8993
12415,4418,5740,5252,4097,4462,7242,6345,4069,3822,4483,4185,3617,3430,3565,3604,3384,-11.3289,-1.54267,8.95242,47.81
12416,8569,9015,4752,3542,5325,5231,4175,3518,3859,3871,3559,3344,3444,3416,3218,3144,-30.6547,-14.2574,8.77711,47.988
12417,3247,3753,5105,7381,3332,3843,5394,9613,3242,3627,4230,5266,3149,3447,3665,3776,-11.0053,27.8262,8.58737,48.0467
12418,5747,6140,4234,3616,6618,7613,4554,3554,4344,4564,3809,3424,3604,3726,3392,3258,-11.8378,-12.6241,8.78736,48.1313
12419,3121,3179,3467,3405,3237,3552,3784,3733,3519,4172,5313,5237,3669,4985,9405,7884,27.0122,12.4815,8.50175,47.7747
12420,3346,3496,3651,3617,3596,4164,4692,3944,3928,5702,7861,5013,3906,4873,5787,4657,10.5,5.12095,8.63476,48.1553
12421,3332,3422,3255,3239,3725,3904,3852,3472,4199,5701,5189,4121,5057,8350,7079,4517,21.2786,-2.13964,8.87273,48.276
12422,6561,8430,5016,3824,5544,6582,4503,3453,3973,4119,3842,3308,3521,3389,3278,3143,-18.797,-10.7799,8.87873,48.324
12423,3289,3474,3471,3380,3660,4101,4047,3630,4497,6508,5844,4075,4690,7081,6343,4399,16.4541,-1.54182,8.86113,48.326
12424,4129,3889,3463,3206,6613,4508,3662,3339,9787,5187,3751,3450,5854,4477,3523,3264,5.53947,-29.2969,8.98325,48.068
12425,3261,3471,3632,3459,3605,4074,4581,4054,3877,5412,8071,5096,3877,4834,6272,4916,11.5951,6.50099,8.95596,48.328
12426,3290,3854,5023,7289,3302,3842,5192,9624,3242,3608,4222,5344,3226,3333,3623,3862,-10.6046,30.7282,8.60606,47.9173
12427,3443,4009,6851,11900,3483,3791,4895,6014,3242,3451,3787,3932,3048,3248,3297,3442,-28.4173,22.7444,8.6279,47.8887
12428,4421,6909,8851,5323,3990,4967,5482,4643,3521,3766,3766,3581,3136,3348,3391,3228,-23.6973,3.49517,8.71394,48.2153
12429,3745,3668,3405,3141,4963,4969,3782,3396,7262,7582,4317,3492,5468,5454,4012,3538,8.34246,-14.2262,8.93226,48.1293
12430,3521,4245,6570,7884,3353,4057,6078,7460,3298,3521,4114,4423,3124,3265,3488,3669,-16.0271,18.2222,8.67169,48.0467
12431,3106,3360,3578,3777,3237,3698,4312,5118,3267,3837,5910,9435,3293,3800,5276,7249,11.365,22.7895,8.97542,48.1687
12432,3156,3211,3365,3421,3319,3621,3941,4027,3322,4000,5500,5770,3571,4462,8052,9302,23.8189,16.3471,8.69424,48.0267
12433,3069,3340,3666,3665,3128,3499,4224,5282,3346,3953,5449,9604,3275,3917,5223,7727,11.8073,25.6179,8.94717,48.2447
12434,6366,4810,3626,3370,9828,5225,3935,3363,5774,4356,3727,3317,3975,3687,3473,3156,-8.34182,-30.9889,8.58166,47.992
12435,3297,3879,6283,12138,3427,3818,4713,6094,3205,3366,3804,3954,3156,3178,3536,3533,-33.194,24.7341,8.6635,47.5873
12436,3171,3289,3385,3355,3274,3612,3732,3889,3558,4101,5235,5296,3775,4711,9232,8350,31.7542,13.4311,8.77725,47.9767
12437,3299,3467,3337,3320,3627,4099,3834,3549,4449,6026,5292,3931,5035,8087,6645,4217,19.626,-2.8349,8.58388,48.1427
12438,3545,3510,3384,3182,4107,4300,3796,3529,5508,7552,4919,3747,5538,7077,4886,3820,14.0657,-8.99686,8.59871,48.2667
12439,4373,7031,9231,5498,3924,4649,5162,4525,3462,3712,3686,3623,3235,3324,3357,3308,-29.5334,3.79605,8.59473,48.0667
12440,6247,9608,5934,4079,4763,5649,4626,3621,3704,3870,3679,3464,3316,3270,3316,3043,-24.536,-7.75334,8.63455,48.126
12441,3335,3570,3996,3966,3525,4172,5643,5011,3724,4529,7825,5947,3604,4032,4905,4665,4.59707,10.8967,8.79549,48.2993
12442,3209,3460,3420,3239,3571,3832,4068,3770,4146,5411,6473,4588,4256,6137,7425,5024,17.7298,2.79403,8.57331,48.0193
12443,3425,3468,3176,3200,4167,3897,3473,3252,7624,4952,3737,3259,11369,5869,3848,3436,20.6369,-29.1625,8.8094,48.1013
12444,3535,3430,3278,3039,4353,4010,3464,3214,7736,5179,3711,3372,10676,5854,3946,3273,18.9633,-27.0019,8.83165,48.0467
12445,3861,4845,7093,5698,3643,4935,7466,5593,3398,3794,4266,4062,3227,3384,3668,3510,-14.8937,9.26072,8.5967,48.2953
12446,3325,3433,3390,3118,3878,4156,3897,3522,4875,6697,4958,3893,5439,8176,5671,3970,17.906,-6.33691,8.62528,48.2653
12447,4737,4116,3483,3173,7955,5128,3718,3336,8381,5015,3757,3361,4809,4246,3658,3171,0.485934,-25.9551,8.68533,48.0293
12448,5553,4906,3758,3344,8356,6474,4078,3386,5973,4973,3721,3350,4091,3856,3498,3119,-6.22541,-19.005,8.7698,48.2907
12449,4194,3844,3383,3202,6526,4652,3750,3424,9434,5441,3925,3317,5854,4636,3631,3392,5.3934,-25.3803,8.59887,48.4033
12450,3052,3295,3434,3467,3252,3495,3929,4266,3427,3953,5572,7526,3279,4100,6381,9641,18.7516,21.7728,8.86555,48.046
12451,5451,9429,6966,4283,4458,5210,4697,4030,3645,3750,3664,3365,3264,3381,3351,3210,-31.7823,-3.82114,8.78801,48.1027
12452,10143,5869,3925,3378,8054,5247,3697,3325,4401,3930,3547,3399,3624,3435,3223,3162,-17.9996,-25.154,8.89461,48.2393
12453,3196,3316,3736,3822,3213,3639,4320,5317,3357,3968,5320,9676,3375,3775,4958,7068,10.4845,33.8011,8.56253,48.0373
12454,11039,7469,4154,3461,5770,5002,3955,3348,4013,3877,3521,3225,3405,3325,3228,3174,-28.6605,-19.987,8.7121,47.9773
12455,3401,3342,3299,3178,4151,3984,3536,3228,7320,5492,3893,3414,9691,6670,4126,3383,19.5195,-20.8181,8.7276,48.072
12456,3379,3826,6217,12703,3367,3751,4619,6187,3152,3522,3787,3856,3118,3205,3387,3445,-28.4361,27.1413,8.92864,47.6807
12457,12827,6018,3718,3377,5918,4696,3880,3292,3914,3763,3498,3299,3309,3327,3187,3262,-30.4796,-30.837,8.99792,47.5233
12458,3297,3268,3181,3121,3858,3721,3518,3202,6139,4682,3773,3382,12774,6049,3999,3414,27.1237,-32.585,8.95809,47.5853
12459,3937,5839,9778,6348,3709,4568,5613,4867,3346,3670,3855,3696,3218,3274,3458,3306,-24.8313,7.97156,8.99444,48.3213
12460,3465,3365,3304,3075,4319,3872,3427,3308,7725,5124,3917,3324,10585,6016,3940,3395,19.2944,-24.9858,8.78632,48.1073
12461,3700,4049,4264,3976,4011,5847,6332,4325,4073,5566,6266,4378,3660,4054,4204,3747,-0.511441,2.07859,8.65178,48.3013
12462,5103,8947,7587,4454,4398,5002,4737,4106,3685,3775,3718,3487,3235,3302,3364,3301,-32.3017,-2.36501,8.5529,48.134
12463,3414,3395,3348,3142,3891,3908,3739,3409,5230,5802,4432,3650,7193,9219,5061,3724,22.6237,-11.1248,8.73218,48.3713
12464,3028,3208,3303,3323,3330,3509,3831,4086,3407,3947,5357,6160,3502,4231,7612,10554,23.7168,19.4275,8.98082,48.2587
12465,3115,3260,3315,3214,3495,3713,3894,3643,3946,5136,5627,4487,4256,6806,8789,5221,22.438,3.10328,8.69703,47.9447
12466,3844,3865,3512,3270,4835,5025,3915,3429,6935,7656,4402,3554,5300,5457,4035,3444,7.83882,-13.9622,8.89334,48.3187
12467,5654,4443,3637,3199,9821,5141,3807,3358,6554,4545,3593,3214,4176,3893,3475,3220,-5.25832,-31.4588,8.89849,47.82
12468,3764,4302,4741,4189,3991,5803,7213,4744,3713,4946,5689,4368,3468,3804,3952,3751,-3.93564,3.60015,8.6652,48.292
12469,3730,4566,5727,4947,3885,5207,8162,5397,3460,4112,4776,4250,3205,3582,3725,3547,-9.95437,7.66317,8.70974,48.1853
12470,3430,3820,6429,10946,3411,3792,5171,7023,3302,3444,3837,4050,3073,3210,3406,3406,-21.5797,23.9274,8.71831,47.8333
12471,3122,3318,3395,3594,3314,3638,4230,4501,3472,4001,6124,7558,3512,4190,6430,7830,15.2238,18.4886,8.66362,48.1527
12472,3179,3300,3438,3223,3444,3701,3809,3611,3942,4721,5145,4384,4458,7328,9277,5201,28.5184,2.75737,8.96197,48.1073
12473,3087,3276,3450,3468,3287,3568,3999,4498,3434,3812,5266,8055,3418,3922,5812,9722,17.6358,24.822,8.66069,48.0493
12474,3566,4446,7830,8976,3473,4034,5713,5997,3294,3560,3975,3924,3206,3276,3511,3502,-21.8026,16.6303,8.56241,48.1887
12475,11861,5912,4043,3431,6697,4927,3769,3414,4184,3802,3471,3078,3350,3367,3258,3166,-23.0594,-29.0747,8.57294,47.82
12476,3100,3258,3371,3407,3270,3482,3782,4008,3331,3816,4999,6735,3383,3882,5962,12087,23.0209,31.243,8.95738,47.9153
12477,3362,4169,6972,11575,3347,3844,4754,5963,3226,3556,3934,3972,3088,3210,3382,3407,-27.377,22.1352,8.76034,47.8407
12478,3078,3219,3389,3464,3241,3543,3907,4200,3323,3935,5403,7080,3476,4117,6687,10203,20.5921,20.948,8.93478,48.1767
12479,4109,3989,3581,3290,5625,5524,3939,3388,6930,7044,4273,3536,4990,4875,3864,3416,4.51149,-15.0922,8.5211,48.2487
12480,3451,3674,3726,3581,3773,4620,5114,3977,4170,6253,7448,4626,3918,4709,5104,4152,6.39721,2.55439,8.73594,48.1973
12481,4212,3821,3480,3160,6523,4463,3738,3433,9779,5350,3833,3449,5814,4471,3608,3245,5.44283,-27.2403,8.61413,48.2527
12482,4260,4231,3667,3337,6173,5924,4148,3530,6678,6708,4272,3437,4626,4439,3869,3421,2.02648,-15.2935,8.57897,48.48
12483,3048,3325,3422,3345,3146,3476,3787,3883,3498,3835,5213,5528,3450,4580,8262,9928,32.1185,16.773,8.94527,47.8173
12484,3970,3792,3372,3126,5274,4497,3785,3250,9052,6113,4090,3331,6488,5114,3901,3350,9.19624,-20.8911,8.68083,48.3367
12485,3119,3243,3410,3358,3308,3563,3912,3776,3624,4254,5422,5022,3838,5513,9748,7209,28.6035,10.0241,8.62213,48.2127
12486,3196,3273,3388,3364,3231,3553,3880,3929,3446,4096,5422,5884,3535,4516,8241,9139,23.2025,16.2913,8.61277,48.062
12487,5333,4348,3735,3237,9051,5250,3835,3253,6981,4717,3686,3274,4449,3989,3593,3210,-3.46017,-25.2978,8.5552,47.9607
12488,3005,3411,3743,3861,3242,3564,4403,5252,3400,3868,5787,9510,3292,3822,5172,7056,10.4605,22.6261,8.93359,48.2587
12489,6464,4911,3879,3297,9843,5264,3857,3453,5787,4420,3608,3160,3922,3761,3399,3226,-8.32014,-25.9553,8.95082,48.1673
12490,7760,8680,4928,3635,5624,5939,4297,3606,3949,3944,3607,3281,3344,3432,3140,3118,-21.6123,-13.1306,8.86372,48.1893
12491,4137,4382,3849,3495,5159,7174,4882,3687,4941,6799,4595,3614,4163,4284,3854,3555,-0.73306,-8.23998,8.91108,48.38
12492,5849,9826,6437,4141,4670,5184,4585,3701,3692,3742,3615,3454,3189,3373,3276,3126,-31.5272,-6.07492,8.66795,47.9067
12493,4021,5800,9490,6210,3772,4572,5630,4876,3328,3665,3906,3669,3126,3261,3375,3289,-24.5512,7.5913,8.61329,47.9933
12494,3390,4068,5989,12578,3386,3793,4769,6284,3241,3480,3803,4038,3097,3167,3411,3374,-26.098,31.2966,8.70302,47.912
12495,12171,6699,3925,3329,6141,4764,3725,3400,3957,3826,3278,3235,3382,3374,3234,3180,-28.9231,-24.3472,8.81489,47.7467
12496,4177,3877,3369,3180,6392,4598,3643,3331,9778,5221,3906,3348,5948,4520,3773,3461,6.2003,-27.0586,8.69524,48.348
12497,9413,7014,4094,3505,7042,5452,3905,3460,4207,3875,3490,3254,3545,3485,3232,3074,-19.6695,-19.7104,8.65671,48.0313
12498,3706,4853,8834,7292,3589,4384,6148,5450,3422,3677,3875,3992,3050,3214,3381,3340,-21.0887,12.2449,8.7566,48.138
12499,4146,4196,3697,3328,5640,6402,4314,3484,6052,7029,4395,3574,4498,4357,3691,3424,1.15038,-12.8281,8.82269,48.1513
12500,3273,3503,3812,3934,3429,3837,5212,5446,3412,4094,6973,7775,3404,3981,5037,5396,6.5806,16.8335,8.62441,48.3453
12501,3328,3360,3431,3326,3466,3812,3973,3609,4067,5475,5832,4442,4376,6999,7902,5046,20.0446,2.03367,8.84947,48.296
12502,7519,8524,4584,3645,5754,6190,4281,3704,4035,3971,3509,3417,3353,3556,3290,3115,-20.0959,-12.9325,8.96261,48.298
12503,3322,3381,3227,3198,3614,3673,3595,3522,4396,5104,4885,4023,5179,9075,7676,4421,27.8735,-2.31885,8.96266,48.194
12504,4203,3923,3531,3310,6561,5048,3826,3338,8994,5721,3816,3383,5365,4539,3706,3196,4.00326,-21.9858,8.897,48.3067
12505,3722,3583,3365,3191,5510,4181,3484,3281,9965,5117,3902,3386,7036,5016,3755,3280,10.0349,-30.0786,8.79151,47.8493
12506,3259,3342,3370,3248,3561,3883,4077,3757,4078,5407,5942,4455,4321,6827,7964,4995,19.3651,1.83643,8.81082,48.324
12507,4365,4254,3661,3314,6206,6362,4138,3449,6417,6620,4272,3526,4499,4527,3631,3355,0.748626,-14.472,8.94693,48.3973
12508,8651,6718,4297,3504,7050,5724,4073,3532,4236,3969,3482,3249,3502,3465,3348,3219,-18.2487,-18.969,8.56338,48.0127
12509,7072,4889,3794,3410,9789,5242,3857,3376,5179,4234,3616,3303,3635,3691,3269,3189,-10.5493,-33.2703,8.60575,47.6967
12510,3353,3888,5824,12450,3291,3642,4606,6081,3353,3368,3711,4035,3144,3354,3528,3449,-33.8483,31.1195,8.97953,47.3847
12511,3346,3321,3196,3148,3942,3740,3380,3252,6486,4882,3777,3313,12133,6283,4055,3409,25.1123,-26.6757,8.67293,47.7753
12512,3389,3803,5399,9183,3435,3844,5122,8914,3147,3437,3973,4423,3223,3267,3554,3490,-15.4949,31.1479,8.78193,47.7353
12513,3301,3614,4213,4751,3343,3662,4998,8582,3307,3829,4808,7846,3215,3606,4134,4674,-0.908765,33.8879,8.77318,47.922
12514,12359,6333,3836,3245,6145,4882,3784,3372,4058,3832,3357,3254,3405,3483,3112,3095,-31.5296,-26.2063,8.77508,47.7013
12515,3203,3277,3334,3378,3138,3340,3918,3860,3340,3656,4666,5930,3391,4019,5887,12836,30.3625,29.7051,8.96391,47.4487
12516,5574,4564,3573,3342,9589,5254,3844,3378,6665,4628,3789,3332,4076,3853,3457,3190,-5.0534,-33.7441,8.88204,48.072
12517,12650,5930,3716,3303,5984,4665,3693,3448,4026,3744,3480,3260,3350,3410,3349,3204,-33.7621,-30.3683,8.95297,47.4747
12518,9919,8300,4335,3496,5580,5011,3940,3487,3930,3778,3470,3308,3386,3420,3319,3112,-32.2821,-17.2362,8.76144,47.8607
12519,3045,3365,3421,3441,3265,3655,4147,4224,3522,4300,6621,6453,3519,4508,7396,7459,17.0873,14.5774,8.99955,48.2273
12520,3715,5188,9475,7364,3550,4255,5545,5117,3343,3560,3873,3823,3132,3294,3329,3409,-24.5482,11.172,8.72813,47.9813
12521,3060,3225,3360,3315,3231,3457,3867,3948,3325,3739,4830,6012,3391,3906,6408,12432,32.4752,25.3288,8.9688,47.6707
12522,3112,3145,3376,3452,3282,3397,3960,4059,3430,3871,5313,6738,3486,4277,7234,10306,21.7298,20.3323,8.98522,48.292
12523,11158,6794,4058,3436,6657,5113,3879,3448,3978,3757,3437,3155,3428,3319,3226,3159,-22.9352,-22.3848,8.72787,48.0013
12524,3607,4703,9010,8658,3623,4031,5225,5250,3354,3543,3937,3982,3244,3257,3410,3302,-33.5805,14.5156,8.72937,48.0907
12525,9412,5441,3798,3434,8462,5110,3817,3324,4571,3998,3523,3189,3568,3376,3276,3238,-16.0468,-31.8533,8.59643,47.6913
12526,3171,3243,3300,3422,3239,3501,3759,3948,3498,3831,5153,5464,3416,4358,8213,10003,31.0889,17.7382,8.66361,47.6793
12527,9591,7834,4407,3456,6050,5381,3994,3469,3962,3871,3521,3391,3474,3470,3163,3086,-23.5241,-17.8786,8.50735,48.08
12528,3304,3987,5548,8376,3421,3935,5534,8810,3284,3471,4174,4771,3024,3364,3535,3575,-14.3913,22.8942,8.79202,48.0753
12529,3122,3305,3429,3331,3333,3519,3862,3971,3378,3692,4591,5993,3272,3956,6078,12613,31.2539,27.807,8.62471,47.63
12530,3383,3973,5779,10225,3375,3867,5028,8112,3093,3596,3932,4276,3154,3131,3424,3498,-18.1482,27.8873,8.83283,47.8973
12531,4105,4182,3636,3314,5344,6211,4265,3523,5776,7220,4560,3683,4463,4534,3924,3442,2.48317,-11.246,8.5495,48.1213
12532,3956,4620,4695,3966,4251,6666,7047,4349,3969,5063,5207,3992,3542,3877,3839,3576,-5.09481,0.580721,8.85106,48.41
12533,4062,5307,5439,4234,4255,6647,6846,4343,3855,4479,4705,3791,3465,3750,3588,3484,-9.77351,0.402243,8.51853,48.1667
12534,6834,9804,5612,3870,4880,5372,4410,3619,3724,3894,3541,3427,3403,3460,3371,3231,-27.6123,-9.37573,8.72599,48.3013
12535,3138,3328,3747,3813,3285,3563,4346,5635,3454,3791,5252,9857,3334,3603,4805,6936,9.20648,28.3326,8.90007,47.9247
12536,3481,4249,7641,9835,3379,3950,5348,6275,3224,3601,3920,4109,3121,3181,3447,3377,-22.6966,18.6365,8.86986,48.092
12537,3380,3389,3176,3114,3890,3712,3385,3271,5960,4693,3717,3374,12642,6352,3906,3378,32.6117,-26.5015,8.97728,47.5593
12538,3151,3317,3372,3323,3355,3464,3847,3696,3756,4132,5303,5187,3809,5204,9430,7734,29.5229,11.7781,8.71494,48.0533
12539,3330,3571,4150,4439,3440,3970,5920,6676,3433,4077,6150,7059,3285,3655,4376,4699,0.973563,17.0463,8.63374,48.1533
12540,3098,3176,3463,3395,3166,3445,4059,4293,3313,3941,5518,7255,3476,4115,6709,9551,19.0556,20.3042,8.97199,47.982
12541,3355,4071,6820,11702,3363,3835,4774,5958,3358,3465,3789,3958,3226,3271,3380,3424,-28.8692,23.1154,8.63283,47.8327
12542,3398,3315,3263,3158,3884,3777,3446,3270,6053,4872,3757,3348,12499,6043,3986,3373,29.8015,-30.4026,8.56724,47.628
12543,3443,3540,3374,3143,3853,4059,3733,3518,5221,6792,4711,3726,6139,8212,5180,3887,18.206,-8.9675,8.96941,48.354
12544,12618,6427,3922,3450,6196,4771,3719,3334,3900,3808,3455,3308,3292,3294,3160,3172,-27.1112,-26.2659,8.96713,47.884
12545,3046,3366,3652,3656,3211,3492,4219,4996,3400,3766,5261,9414,3339,3820,5261,8091,12.992,26.5931,8.85792,47.9933
12546,6834,7298,4609,3664,6172,6920,4429,3590,4199,4356,3648,3340,3393,3405,3337,3090,-16.5199,-13.2421,8.62482,48.1893
12547,10409,7364,4136,3504,6467,5175,3968,3361,4052,3911,3368,3192,3437,3414,3247,3115,-23.436,-20.385,8.64488,48.08
12548,8436,5253,3826,3406,9257,5141,3835,3402,4989,4030,3613,3325,3602,3573,3304,3131,-13.8823,-30.371,8.68185,48.082
12549,3138,3290,3301,3395,3198,3420,3761,4046,3364,3917,5030,5869,3304,3990,6999,11443,33.3131,21.3642,8.77693,47.6433
12550,3206,3272,3464,3696,3270,3625,4078,4784,3346,3907,5311,9353,3420,3764,5212,8251,13.4563,32.0099,8.69223,47.9727
12551,4896,4741,3853,3461,7013,7269,4268,3473,5550,5594,3878,3415,4043,4098,3596,3361,-4.61836,-14.5218,8.95729,48.3393
12552,3335,3442,3229,3095,4346,4003,3506,3160,7862,5239,3864,3251,10230,5896,3952,3336,18.4872,-25.5041,8.67437,47.8307
12553,3958,5080,6765,5044,3894,5218,7675,5121,3468,3961,4452,4013,3311,3640,3485,3478,-13.5676,6.66787,8.68416,48.3753
12554,3139,3255,3452,3368,3339,3681,3985,3784,3674,4529,6069,5093,3887,5558,9143,6368,21.7208,8.39129,8.63858,48.216
12555,3180,3342,3394,3489,3219,3575,3975,4484,3411,3833,5207,8568,3432,3923,5475,9368,16.1504,33.232,8.85375,47.9167
12556,6924,8293,4832,3645,5716,6537,4360,3649,4107,4043,3564,3318,3332,3401,3298,3182,-18.9948,-12.2333,8.83736,48.134
12557,3811,4035,4047,3544,4355,6142,5180,3928,4637,6873,5607,3975,3915,4419,4189,3699,1.64516,-3.36577,8.51455,48.2373
12558,3379,3872,5959,11411,3456,3915,5005,7080,3191,3502,3846,4144,3126,3236,3379,3396,-21.1469,27.9285,8.92943,47.9313
12559,3436,3507,3364,3131,4164,3953,3542,3296,6459,5786,4041,3493,8869,7467,4264,3556,20.0941,-17.4662,8.6454,48.2187
12560,3256,3600,3621,3624,3440,4242,4742,4008,3951,5749,7984,4950,3928,4773,5736,4600,9.9721,4.87349,8.85281,48.136
12561,4933,4316,3589,3302,8771,5159,3768,3318,7867,4824,3750,3336,4593,4058,3571,3204,-1.17346,-27.2249,8.79614,48.2393
12562,4415,7260,8551,5096,4117,5052,5475,4374,3552,3765,3971,3674,3146,3300,3434,3276,-23.1583,2.23466,8.93786,48.3053
12563,3479,3524,3137,3147,4001,3753,3406,3147,6216,4843,3787,3438,11502,6893,4246,3383,25.9475,-22.423,8.55881,47.9347
12564,3447,4051,6092,6461,3575,4354,7208,7173,3522,3849,4498,4587,3112,3477,3665,3606,-12.0646,15.5162,8.59564,48.4513
12565,3381,3610,3528,3256,3929,4392,4064,3531,4952,7633,5584,4015,4840,6577,5116,4017,12.9057,-4.96371,8.80741,48.2833
12566,3429,4091,5527,5716,3523,4312,7282,7454,3432,3793,4781,4918,3259,3485,3626,3834,-9.03361,15.4904,8.80459,48.308
12567,12610,6111,3915,3371,6174,4752,3668,3376,3972,3705,3387,3295,3352,3370,3172,3167,-28.0679,-33.4139,8.9588,47.598
12568,4085,3778,3399,3285,6566,4600,3681,3282,9706,5202,3702,3549,5641,4473,3680,3294,5.37793,-33.503,8.81378,47.9487
12569,4039,3904,3470,3160,6367,4479,3637,3308,9892,5250,3737,3406,5961,4616,3681,3323,5.96608,-29.5228,8.74822,48.1533
12570,3137,3223,3663,3808,3237,3618,4346,5251,3470,3917,5564,9452,3340,3855,5200,7137,10.994,24.2528,8.53766,48.1453
12571,3398,3645,3707,3716,3549,4059,5252,4482,3754,4843,8221,5757,3595,4267,5219,4847,7.00416,9.35242,8.97918,48.2073
12572,3650,4186,4771,4156,3796,5473,7589,4899,3812,4704,5980,4619,3529,3805,3893,3834,-3.68816,5.299,8.81504,48.464
12573,3587,4528,7227,6668,3540,4381,7040,6229,3342,3778,4203,4154,3248,3351,3562,3450,-15.9042,13.2607,8.68452,48.192
12574,12424,6036,3980,3503,6051,4752,3816,3351,3860,3756,3508,3203,3341,3440,3211,3245,-27.6413,-33.2479,8.66617,47.6513
12575,3454,3453,3239,3081,4167,4009,3533,3232,7945,4958,3815,3348,10740,5815,3840,3324,18.9487,-27.8258,8.9439,47.9687
12576,5039,4250,3529,3314,8485,5441,3887,3391,7324,5083,3898,3316,4560,4093,3412,3258,-1.68159,-22.6861,8.65803,48.1867
12577,3168,3555,3878,3807,3431,4014,5458,4888,3590,4595,7753,6493,3476,3987,5182,4938,6.63922,12.0331,8.75935,48.142
12578,3579,3826,3941,3626,3933,5114,5384,4199,4204,6259,7130,4399,3770,4373,4566,4131,3.89977,1.76858,8.87632,48.2893
12579,4060,5587,6823,4907,4030,5821,7080,4768,3602,4076,4299,3811,3206,3467,3495,3478,-14.4787,3.86216,8.76116,48.34
12580,4005,6393,9705,5776,3810,4568,5222,4467,3495,3686,3928,3600,3192,3294,3333,3209,-29.4364,5.81809,8.65829,47.7887
12581,3402,3691,4420,4367,3527,4146,6563,5949,3601,4300,6655,5970,3362,3725,4302,4344,0.18427,12.8453,8.89265,48.216
12582,3031,3202,3271,3232,3407,3689,3796,3645,3921,4710,5335,4526,4248,6690,9436,5777,25.7874,4.97991,8.7709,47.944
12583,5662,4549,3650,3258,9372,5569,3753,3335,6670,4630,3623,3314,4239,3910,3454,3191,-4.75266,-24.3154,8.89549,48.1193
12584,3764,4410,4606,4012,4026,6166,7034,4503,3863,4957,5507,4096,3652,3892,4048,3622,-4.18786,2.25195,8.65312,48.1053
12585,4172,6768,9554,5411,3876,4555,5159,4462,3427,3792,3795,3628,3257,3410,3368,3332,-33.9199,4.19927,8.83079,47.9773
12586,3463,3450,3145,3156,3969,3863,3491,3204,6493,4876,3636,3396,12198,6135,3966,3409,25.5229,-28.5923,8.55022,47.9
12587,3264,3382,3376,3216,3625,3844,3741,3538,4191,5359,5128,4202,4927,8177,7515,4641,23.6937,-1.11392,8.55025,48.084
12588,4464,6952,8002,4945,3999,5424,5910,4418,3638,3850,3915,3579,3246,3319,3471,3397,-19.9837,1.51285,8.84304,48.3527
12589,3121,3202,3494,3484,3252,3532,3776,4071,3429,3870,5116,6844,3406,4049,6441,11181,22.0163,23.1856,8.60605,48.1787
12590,4850,8369,8407,4712,3985,4942,4884,4211,3570,3751,3665,3491,3236,3386,3365,3386,-29.3838,0.198814,8.8425,48.14
12591,3665,3937,4029,3625,4111,5650,5283,4031,4281,6616,6366,4188,3844,4485,4437,3860,2.97646,-0.769552,8.52051,48.272
12592,3398,3752,6053,12558,3408,3777,4676,5943,3272,3459,3665,4042,3203,3213,3343,3388,-30.8903,27.7608,8.68845,47.4333
12593,3729,5030,7670,6203,3700,4515,6896,5496,3474,3762,4263,4096,3173,3299,3466,3393,-17.0044,10.2284,8.76568,48.11
12594,3082,3310,3573,3613,3237,3575,4148,4867,3396,3812,5182,9335,3433,3855,5225,8090,12.9708,29.1493,8.57039,47.822
12595,7997,5241,3750,3398,9370,5554,3868,3338,4969,4193,3537,3253,3759,3601,3271,3149,-13.0783,-25.6358,8.90573,48.1653
12596,3347,3730,4916,6463,3457,3709,5839,9535,3230,3662,4384,5669,3181,3369,3784,3998,-8.54515,23.4476,8.79651,48.182
12597,3101,3231,3650,3648,3275,3605,4217,4974,3376,3897,5632,9043,3350,3857,5481,8106,13.4401,23.6416,8.7563,48.2953
12598,7750,9460,5047,3646,5379,5605,4235,3567,3848,3836,3496,3256,3394,3277,3274,3141,-24.1189,-12.2445,8.8182,48.1407
12599,3355,3517,3396,3136,3946,4221,3791,3490,5154,6945,4908,3823,5544,7873,5275,3816,16.8003,-7.33454,8.76,48.1267
12600,3506,3833,5060,4959,3590,4447,7643,6802,3448,4061,5398,5099,3199,3510,4060,3873,-5.64448,13.4625,8.69677,48.3253
12601,3152,3282,3352,3502,3271,3390,3930,4254,3423,3795,4959,7849,3451,3906,5694,10624,19.1294,29.5386,8.67295,47.8893
12602,10297,8202,4252,3442,5642,5041,3920,3448,3925,3838,3636,3236,3406,3389,3267,3187,-30.704,-18.5319,8.7944,48.0853
12603,3376,3919,6100,12479,3387,3800,4766,6019,3349,3465,3632,3824,3087,3354,3337,3419,-27.7662,32.8762,8.82113,47.542
12604,3569,4206,4921,4498,3789,5307,8020,5121,3713,4383,5566,4359,3408,3628,3902,3781,-5.35751,6.55714,8.5694,48.114
12605,11192,6845,4154,3270,6720,5063,3961,3403,4104,3774,3364,3254,3307,3265,3256,3115,-22.8855,-21.9667,8.91953,48.0313
12606,3111,3288,3400,3578,3256,3526,4003,4395,3359,3963,5275,7830,3383,3980,5916,9818,18.0949,24.5214,8.53322,48.054
12607,4127,4798,4418,3797,4625,7406,5920,4186,4139,5296,4749,3798,3647,3921,3754,3534,-5.17926,-3.11777,8.50815,48.0767
12608,6757,5080,3888,3430,9080,5944,3940,3390,5337,4357,3688,3325,3899,3841,3382,3151,-9.89359,-22.33,8.73414,48.326
12609,3552,3757,3696,3402,4089,4966,4385,3726,4861,7606,5867,3917,4320,5330,4649,3851,8.03521,-3.81564,8.7037,47.9827
12610,3321,3815,5011,6816,3334,3813,5475,9511,3259,3715,4320,5529,3221,3340,3615,3881,-9.65927,24.5177,8.66232,47.984
12611,3168,3399,3373,3165,3482,3841,3845,3661,4043,4954,5357,4413,4487,7160,8551,5073,24.2666,2.09559,8.60276,47.9813
12612,3547,3364,3251,3150,4186,3798,3483,3220,7147,4899,3732,3322,11537,5899,3875,3338,21.1274,-30.1756,8.77932,47.832
12613,3214,3412,3371,3275,3717,3804,3640,3430,4560,5328,4704,3914,5549,9612,6503,4173,33.7944,-4.77869,8.56997,48.1373
12614,3182,3331,3761,4020,3335,3663,4521,6110,3406,3886,5164,9528,3354,3708,4666,6053,6.71553,33.208,8.51276,47.792
12615,3090,3327,3392,3347,3406,3707,4023,3916,3708,4688,6491,5208,3817,5366,8626,6315,19.4878,9.14632,8.92974,48.2847
12616,4055,5732,8796,5994,3791,4554,6192,4784,3430,3659,4015,3941,3213,3271,3364,3270,-20.7905,7.42809,8.55119,48.0407
12617,3305,3896,5354,8703,3417,3840,5235,9093,3324,3606,4122,4848,3149,3231,3623,3549,-14.2415,29.7655,8.52333,48.1967
12618,4787,4344,3601,3394,7837,5707,3885,3508,7034,5368,3916,3460,4461,4109,3753,3372,-0.916025,-20.6338,8.5826,48.3573
12619,3156,3342,3496,3542,3222,3706,4287,4455,3385,4149,6545,7466,3419,4188,6451,7278,14.3174,16.7398,8.83596,48.058
12620,3130,3342,3566,3596,3397,3663,4103,4701,3482,4075,6322,8021,3352,4038,5906,7038,12.8917,18.6931,8.83154,47.8213
12621,3641,4409,6095,5316,3541,4667,7898,6362,3371,3916,4724,4489,3255,3472,3773,3576,-10.2334,11.265,8.78509,48.3367
12622,7406,10157,5379,3804,4835,5209,4275,3672,3809,3733,3507,3312,3384,3365,3200,3257,-30.2426,-10.405,8.91533,48.2027
12623,3436,3915,5513,7485,3453,3987,6032,8884,3303,3545,4225,4832,3242,3344,3563,3707,-12.3206,21.402,8.97066,48.3107
12624,3072,3287,3365,3330,3496,3615,3825,3659,3908,4762,5082,4606,4153,6915,9387,5350,32.783,4.15416,8.74679,47.8747
12625,3458,3418,3302,3120,3933,3992,3753,3448,5475,6814,4460,3616,6466,8494,5115,3777,18.7647,-10.5847,8.96372,48.4273
12626,3586,4723,8905,8826,3501,4117,5172,5505,3330,3440,3836,3906,3163,3253,3265,3297,-31.8971,14.5995,8.51799,47.8833
12627,3292,3406,3429,3230,3506,3815,3849,3656,4026,5106,5752,4460,4512,6935,8150,4991,21.5343,2.39756,8.62053,48.0767
12628,11209,7038,4241,3524,6036,5027,3808,3375,3883,3817,3434,3208,3412,3390,3174,3103,-26.6398,-21.1318,8.70369,47.786
12629,3108,3155,3342,3485,3203,3557,3902,4176,3430,3920,4984,7226,3490,3956,6096,10940,20.9618,25.7856,8.5779,47.98
12630,5000,4272,3529,3260,8439,5229,3832,3303,7800,4975,3702,3283,4606,4065,3583,3165,-1.12606,-24.5141,8.86169,48.0287
12631,3073,3392,3579,3519,3304,3582,4258,4433,3550,4151,6789,7256,3550,4203,6663,7003,14.7681,15.7622,8.9172,48.2033
12632,12333,5888,3959,3393,6249,4740,3722,3373,3942,3853,3541,3229,3364,3357,3233,3095,-26.4349,-30.9895,8.70555,47.514
12633,6479,5652,3960,3520,7990,6821,4128,3477,4835,4481,3698,3374,3726,3583,3217,3260,-10.7114,-17.7267,8.73747,48.134
12634,3314,3840,5054,8776,3322,3951,5147,9302,3180,3430,4133,4737,3222,3265,3616,3646,-14.1173,31.0724,8.92437,47.9567
12635,3387,3542,3584,3409,3855,4321,4284,3762,4498,7204,6403,4170,4362,5791,5323,4227,11.302,-1.57929,8.8144,48.0813
12636,3058,3264,3506,3668,3202,3630,4084,4473,3393,3923,5418,8252,3369,4008,5724,9428,16.8747,24.323,8.88083,48.2667
12637,3444,3459,3665,3397,3737,4421,4385,3837,4414,7074,6777,4310,4324,5542,5295,4201,10.8897,-0.872462,8.71547,48.188
12638,3446,3380,3339,3173,4247,3861,3479,3209,7252,4849,3814,3418,11403,5746,3871,3371,21.3689,-30.5471,8.7703,47.9053
12639,3433,3435,3273,3083,4013,3787,3543,3211,5971,4967,3807,3377,11362,7036,4217,3414,27.5447,-21.4109,8.67033,47.9527
12640,7997,5319,3781,3371,9438,5372,3881,3328,5052,4150,3568,3197,3772,3658,3255,3007,-12.6423,-25.8898,8.9521,48.0973
12641,5268,4540,3669,3220,8423,5877,3844,3397,6858,5125,3724,3274,4322,3991,3488,3258,-2.97864,-21.205,8.52842,48.1853
12642,3329,3330,3247,3211,3896,3793,3500,3160,5457,5063,4102,3436,9376,8558,4592,3455,30.486,-15.8449,8.66318,47.67
12643,3560,4046,4590,4100,3813,5133,7270,5003,3761,4825,6456,4699,3399,3936,4085,3926,-1.82689,6.67424,8.72514,48.4013
12644,4281,3953,3523,3146,6818,4713,3612,3219,9474,5402,3798,3329,5530,4332,3629,3273,4.10452,-25.5827,8.93129,48.0213
12645,3379,3420,3276,3113,4002,3773,3626,3226,5676,5025,3897,3383,10512,7751,4344,3510,27.9983,-18.9103,8.64941,47.942
12646,3373,3298,3261,3235,3890,3827,3416,3289,5982,4712,3814,3426,12517,6008,3921,3457,30.8514,-31.1535,8.80496,47.6173
12647,3503,3374,3258,3219,3931,3813,3464,3330,5339,5273,4162,3436,8716,8970,4731,3561,32.5044,-14.7084,8.55353,48.0533
12648,7554,6386,4120,3450,7642,6283,4088,3461,4483,4340,3658,3306,3639,3514,3296,3061,-14.8709,-18.2178,8.52793,48.1873
12649,3678,3954,3994,3720,4042,5601,5729,4237,4178,6205,6635,4431,3716,4298,4441,3825,2.25134,0.948589,8.80506,48.456
12650,6526,7795,4684,3600,5899,6934,4429,3675,4149,4195,3689,3313,3536,3553,3298,3056,-17.2079,-12.2644,8.98248,48.2207
12651,3402,4015,5627,8078,3416,3920,5776,8521,3171,3603,4167,4799,3184,3299,3568,3662,-13.7621,21.8659,8.51551,48.1387
12652,3434,3570,3547,3284,3808,4724,4168,3559,4888,7672,5960,3943,4622,6018,5004,4141,11.0491,-3.9353,8.58974,48.228
12653,3525,3538,3267,3151,4705,4111,3634,3241,8500,5868,3941,3452,8125,5750,3948,3424,14.3236,-21.4387,8.93277,48.12
12654,4503,6035,5354,4114,4557,7185,6185,4141,3910,4458,4352,3650,3365,3687,3553,3347,-11.7103,-2.1506,8.98927,48.264
12655,10640,7751,4270,3419,5745,4966,3982,3456,3963,3883,3434,3256,3420,3316,3243,3103,-29.915,-19.2867,8.6244,47.898
12656,9096,8196,4430,3569,5773,5387,4078,3550,4125,3872,3634,3325,3277,3462,3272,3027,-23.9956,-16.4348,8.82301,48.0487
12657,11026,6021,3966,3491,7340,5032,3856,3399,4165,3910,3549,3192,3359,3445,3177,3138,-20.3597,-26.1795,8.80318,48.044
12658,6400,9427,5569,3822,4896,5988,4598,3772,3860,3865,3580,3318,3428,3404,3331,3098,-22.3093,-8.55164,8.9441,48.2373
12659,3538,4279,5919,5314,3644,4601,7941,6233,3324,3798,4796,4508,3221,3306,3713,3731,-10.3445,11.6084,8.7668,47.9107
12660,3273,3577,4508,5233,3450,3807,5633,8794,3278,3721,5092,6778,3170,3523,3927,4356,-3.7792,22.2506,8.76954,48.08
12661,3050,3235,3510,3625,3142,3552,4273,4510,3422,4001,5879,8029,3434,4013,5993,8376,15.1268,21.2595,8.7821,48.0293
12662,3307,3490,3127,3156,4089,3878,3429,3254,6497,4955,3803,3478,11048,6933,4226,3537,23.1641,-21.2524,8.95813,48.138
12663,3644,4644,6876,5448,3631,4865,7728,5843,3471,3865,4375,4262,3270,3425,3601,3531,-13.2728,9.9496,8.71178,48.3193
12664,3574,3479,3268,3107,4370,3989,3576,3310,7986,5457,3921,3306,9533,6024,3976,3337,17.789,-22.6139,8.82735,48.142
12665,3373,3886,5935,12687,3331,3766,4663,6105,3302,3422,3820,3922,3112,3203,3413,3430,-32.4856,30.2259,8.7088,47.58
12666,3469,3413,3283,3074,3904,3845,3533,3267,5939,5441,3959,3415,9446,8218,4404,3575,23.4623,-16.8204,8.83094,48.1233
12667,3119,3174,3378,3362,3277,3433,3865,3974,3364,3817,5089,5899,3372,3985,6802,11697,33.8751,22.1666,8.8377,47.738
12668,3094,3416,3723,4032,3335,3678,4635,5946,3386,3936,5988,9055,3373,3797,4923,6057,7.64475,22.2987,8.56779,48.2493
12669,4584,4091,3517,3181,7680,4964,3747,3268,8826,5100,3726,3390,5171,4428,3536,3264,2.31791,-27.3264,8.7487,48.3153
12670,3134,3285,3538,3596,3313,3538,4012,4597,3533,3754,5158,8849,3369,3949,5456,9096,15.3694,27.4526,8.53001,48.118
12671,4132,3936,3549,3244,5603,5309,3935,3428,7399,6911,4170,3519,5146,4750,3871,3408,5.39647,-16.1107,8.50396,48.2067
12672,5750,4881,3677,3376,8624,6393,3991,3271,5941,4979,3722,3302,4002,3923,3439,3285,-6.49098,-20.0098,8.77354,48.3707
12673,3446,4061,6374,10914,3309,3864,5219,7049,3256,3420,3861,4241,3068,3237,3366,3374,-20.817,23.3994,8.90858,48.0393
12674,3426,3875,6389,12500,3338,3781,4755,5973,3199,3354,3725,3938,3146,3220,3369,3427,-29.7136,25.7785,8.61151,47.61
12675,3088,3245,3320,3456,3212,3469,3792,3884,3407,3638,4923,6708,3353,3773,6033,12383,24.1918,30.2124,8.94928,47.7893
12676,3207,3391,3418,3283,3508,3994,4064,3827,4044,5251,6683,4708,4037,6047,7843,5139,17.4479,4.123,8.81299,48.296
12677,10074,8288,4314,3531,5608,5083,4004,3438,3961,3893,3500,3211,3290,3407,3231,3020,-28.0268,-17.7918,8.97651,47.902
12678,3771,3829,3492,3278,4625,4915,3841,3455,6460,7800,4636,3622,5303,5768,4179,3554,9.16748,-12.3146,8.62581,48.352
12679,4977,6122,4662,3705,5424,8066,5139,3779,4284,4675,4074,3519,3541,3579,3498,3265,-10.5074,-7.65274,8.93568,48.206
12680,3557,3539,3324,3198,4583,4075,3458,3253,8738,5188,3734,3504,9320,5290,3861,3324,15.5423,-30.8531,8.51202,47.964
12681,4245,4831,4257,3774,4984,7671,5388,3902,4446,5700,4683,3713,3770,3930,3630,3436,-4.54009,-5.27439,8.75751,48.24
12682,4698,5393,4239,3638,5853,8114,4841,3674,4591,5286,3946,3630,3726,3830,3585,3281,-7.55908,-9.9215,8.64395,48.2167
12683,4770,4078,3612,3258,8130,4832,3684,3307,8385,4982,3764,3418,4907,4188,3594,3234,0.667588,-30.2056,8.54205,48.0953
12684,3360,3867,6124,12334,3393,3800,4759,5904,3207,3317,3790,3863,3253,3286,3427,3420,-33.6056,26.2731,8.54162,47.4027
12685,3352,3783,5279,8991,3367,3816,5044,9260,3191,3602,4017,4732,3100,3332,3372,3560,-14.6967,30.5018,8.80245,47.8653
12686,3109,3200,3444,3364,3191,3580,3680,3978,3509,3720,4825,6169,3448,4046,6114,12547,27.5655,26.9237,8.56782,47.9493
12687,3260,3470,3441,3237,3736,3968,4054,3575,4386,6026,5781,4227,4608,7184,6873,4503,17.6754,-0.866338,8.59957,48.2193
12688,3179,3600,3802,3754,3446,3763,4952,4982,3543,4345,7274,7096,3541,3994,5481,5494,8.20079,14.5887,8.61937,48.164
12689,3555,3777,3539,3336,4215,5173,4441,3619,5079,7872,5719,3958,4457,5369,4525,3811,7.68699,-5.07326,8.57278,48.2967
12690,3403,3443,3165,3080,4159,3881,3449,3214,7724,4928,3803,3462,10996,5758,3937,3425,19.6767,-28.0737,8.66344,47.8847
12691,3487,3983,4906,4821,3599,4410,7306,6439,3487,4170,5597,5317,3206,3690,4081,3941,-4.35851,12.9799,8.51495,48.2933
12692,3253,3307,3662,4056,3224,3684,4380,6304,3235,3844,5083,9912,3283,3691,4614,6083,6.38001,32.4501,8.90473,47.7433
12693,4014,6370,9791,6008,3864,4522,5304,4622,3434,3720,3788,3698,3185,3310,3359,3201,-27.2599,6.54152,8.51629,48.1267
12694,5530,9691,6621,4044,4539,5297,4646,3852,3611,3865,3839,3331,3246,3360,3372,3223,-33.4993,-5.30077,8.8628,48.0447
12695,5840,4592,3785,3298,9837,5172,3751,3362,6321,4517,3620,3375,4022,3891,3359,3191,-6.22537,-32.7675,8.50689,47.9553
12696,3222,3388,3596,3655,3627,3965,4539,3958,3757,4972,7739,5275,3815,4870,6812,5235,13.2068,7.89721,8.62548,48.2833
12697,3155,3275,3527,3595,3335,3639,4039,4572,3459,4151,6171,7528,3505,4144,6354,7869,15.2179,18.403,8.73038,48.212
12698,3221,3543,4245,4536,3461,4034,5681,6674,3453,4081,6045,7099,3312,3695,4371,4733,1.21067,17.9167,8.7489,48.1227
12699,7398,4977,3813,3267,9825,5226,3749,3325,5336,4204,3614,3247,3804,3721,3423,3139,-10.5304,-30.0132,8.97986,48.0453
12700,3810,4802,5977,4799,3860,5273,8082,5209,3485,4057,4715,4126,3423,3513,3727,3522,-10.9272,6.52774,8.72862,48.2533
12701,3301,3338,3222,3146,3927,3723,3438,3279,6310,4778,3755,3420,12930,6131,3987,3402,27.9485,-28.9547,8.9547,48.058
12702,3235,3598,4327,5590,3434,3739,5158,9407,3268,3766,4643,7033,3298,3475,4016,4443,-3.89746,27.7325,8.81129,48.2867
12703,3233,3360,3191,3158,3886,3822,3440,3285,6335,4775,3711,3295,12283,5960,3905,3387,26.7301,-31.9286,8.59747,47.3507
12704,3509,3499,3345,3155,4309,4009,3451,3172,8049,5013,3788,3398,10643,5613,3780,3334,18.587,-28.8302,8.96532,48.0447
12705,3218,3182,3403,3456,3229,3525,3851,3913,3413,3912,5112,5846,3442,4247,7560,10687,27.6796,19.2606,8.81616,47.9973
12706,3483,4044,6445,8458,3442,3957,5781,7489,3220,3660,4162,4416,3146,3231,3534,3530,-16.9458,19.7743,8.6534,47.9987
12707,5802,8394,5555,3953,5062,6366,4698,3824,3895,4020,3800,3501,3422,3447,3392,3197,-19.4485,-7.71927,8.54395,48.2187
12708,4759,4361,3654,3197,7379,5940,3918,3424,6947,5708,3920,3394,4522,4159,3591,3225,-0.690553,-18.7587,8.61248,48.0653
12709,3757,4865,9305,8314,3442,4142,5175,5221,3199,3641,3813,3754,3243,3393,3461,3373,-30.3479,13.4665,8.5643,48.0653
12710,10508,7734,4258,3567,5870,4987,3964,3376,3933,3870,3413,3189,3499,3337,3168,3170,-26.2655,-19.0265,8.74847,47.8953
12711,3332,3595,3734,3568,3610,4121,4760,4223,3802,5351,8169,5320,3663,4551,5788,4725,10.2435,7.04852,8.86353,48.208
12712,3169,3263,3279,3389,3366,3589,3797,3644,3720,4442,5293,4710,3764,5729,10113,6613,31.5754,8.8551,8.99913,47.92
12713,3329,3328,3246,3126,3704,3787,3609,3349,4720,5313,4500,3762,6729,10113,5681,3875,30.093,-8.39092,8.96832,48.114
12714,3324,3941,6463,12588,3383,3812,4675,6167,3317,3466,3698,3811,3170,3184,3534,3508,-28.392,26.306,8.91597,48.0273
12715,4045,5241,6033,4511,4253,6017,7380,4827,3658,4183,4517,3883,3329,3464,3531,3580,-11.7627,3.53713,8.59303,48.3013
12716,4709,7064,6083,4230,4461,6735,5772,4041,3704,4112,3926,3684,3527,3386,3404,3227,-16.11,-2.63384,8.75407,48.0433
12717,3882,4657,5810,4764,3817,5447,7888,5080,3546,4191,4834,4135,3235,3468,3572,3701,-9.51063,6.15413,8.62037,48.018
12718,5714,5275,3898,3311,7823,7004,4152,3504,5374,4872,3772,3421,3934,3789,3349,3146,-7.75006,-16.9528,8.94693,48.2253
12719,4060,5303,5511,4218,4332,6681,6993,4473,3716,4457,4540,3820,3344,3613,3618,3450,-10.1667,0.960621,8.78103,48.086
12720,3480,3937,4639,4292,3705,4782,7754,5418,3538,4479,6228,4834,3481,3776,4152,3867,-2.86685,9.14063,8.56675,48.2413
12721,3202,3591,4251,5167,3351,3800,5205,9110,3323,3676,4855,7490,3277,3440,4056,4497,-2.41197,26.1859,8.98129,48.194
12722,3231,3186,3450,3377,3294,3493,3903,3924,3674,4084,5304,5511,3671,4749,8701,8860,25.3281,15.2967,8.53905,48.2747
12723,3503,4158,6799,8204,3503,3904,5976,7253,3271,3680,4139,4405,3119,3359,3419,3578,-16.9676,18.3041,8.65055,48.18
12724,3319,3398,3255,3219,3978,3820,3423,3247,7268,4861,3739,3441,11296,5728,4028,3473,21.3681,-32.2036,8.59397,47.662
12725,7227,5028,3707,3240,9924,5296,3811,3391,5488,4255,3583,3308,3888,3545,3424,3201,-10.2912,-29.0682,8.96165,48.2107
12726,4531,7015,6921,4539,4374,6264,6009,4316,3699,3985,3913,3650,3307,3424,3489,3225,-17.2202,-0.389219,8.94585,48.4407
12727,3322,3864,4073,3832,3717,4548,6102,4613,3840,5214,7714,5050,3611,4003,4695,4251,3.20954,6.96802,8.84612,48.2993
12728,3165,3274,3392,3313,3427,3653,3836,3835,3769,4469,5352,4762,4008,5957,9997,6174,32.5013,7.36914,8.7827,48.2553
12729,3320,3931,5955,12624,3440,3754,4767,5936,3250,3457,3751,3892,3228,3320,3420,3352,-30.9452,30.0762,8.87967,47.598
12730,3386,3733,4779,6360,3407,3843,5264,9992,3239,3696,4362,5757,3265,3316,3771,3827,-8.25867,33.5715,8.8958,47.998
12731,12236,6537,4043,3454,6309,4895,3822,3289,3976,3831,3537,3223,3337,3359,3189,3140,-26.2158,-24.5516,8.90019,48.118
12732,3050,3246,3311,3330,3299,3371,3758,3920,3498,4014,5182,5825,3577,4564,8261,9566,25.6692,16.742,8.72624,47.848
12733,3651,4826,7360,5989,3752,4596,7170,5683,3354,3812,4180,4082,3140,3480,3503,3492,-15.7828,10.1207,8.69968,48.0467
12734,3162,3365,3536,3595,3231,3542,4095,4689,3424,3682,5073,8621,3238,3878,5601,9329,15.8205,28.0156,8.65469,48.0407
12735,3450,3967,6153,11944,3300,3851,4773,6702,3234,3416,3712,4095,3076,3230,3312,3356,-23.9174,27.3082,8.54338,47.714
12736,4790,8284,8021,4751,4289,5224,5135,4133,3523,3749,3753,3545,3257,3362,3295,3232,-25.3491,-0.413348,8.8631,48.2287
12737,3664,3550,3252,3117,4991,4039,3505,3208,9354,5366,3767,3303,8390,5158,3736,3413,13.0291,-27.8145,8.98722,47.8753
12738,3203,3334,3308,3177,3637,3894,3637,3421,4643,5640,4702,3839,5829,9582,6309,4087,23.9205,-6.02156,8.95808,48.1613
12739,3142,3249,3401,3349,3387,3519,3884,3749,3731,4478,5708,4805,4097,6090,9555,6195,24.2142,7.1022,8.93493,48.226
12740,3367,4026,6840,11510,3361,3771,4783,6266,3151,3394,3882,4065,3114,3233,3389,3434,-25.5634,22.8006,8.56218,47.724
12741,3113,3245,3363,3461,3228,3413,3868,4139,3362,3930,4887,6631,3351,4100,6543,11683,23.5009,23.8795,8.92861,48.2113
12742,3300,3309,3255,3263,3767,3670,3576,3468,4564,5203,4588,3806,6049,9873,6435,4092,27.9961,-6.30738,8.79469,48.1453
12743,5219,4372,3704,3318,9168,5119,3776,3290,7405,4909,3794,3247,4350,4035,3387,3207,-2.79306,-27.4061,8.78683,48.2
12744,3053,3242,3398,3451,3221,3559,4009,4350,3332,3786,5078,7947,3368,3829,5975,10199,18.4074,25.5877,8.99662,47.8647
12745,11790,6946,4148,3394,6109,4896,3880,3441,3939,3718,3429,3235,3400,3338,3192,3059,-27.34,-23.0345,8.97097,47.9427
12746,3265,3312,3314,3135,3909,3806,3485,3327,5475,5091,4007,3465,9576,8559,4560,3484,30.566,-16.4375,8.78934,47.8467
12747,10370,7956,4321,3368,5669,5056,3920,3406,3841,3979,3507,3182,3388,3430,3259,3145,-32.2429,-18.6139,8.69771,47.8647
12748,3147,3217,3383,3269,3330,3392,3970,3974,3344,3699,4954,6915,3499,3995,5915,11503,22.2435,33.6285,8.77972,47.6707
12749,4606,5805,5163,3897,4562,7379,6179,4125,3892,4554,4325,3693,3509,3517,3532,3333,-10.7138,-2.64059,8.72576,48.0473
12750,3537,4429,8103,10273,3436,3836,5143,5561,3133,3522,3802,3921,3099,3245,3390,3401,-29.1889,17.5477,8.93022,47.8873
12751,6045,9113,5692,4052,4958,6042,4567,3811,3763,4012,3687,3454,3232,3298,3322,3057,-21.5999,-7.54873,8.84713,48.07
12752,3310,3371,3307,3161,3611,3724,3766,3505,4488,5109,4790,3807,5606,9654,6809,4293,28.2816,-4.38175,8.61114,48.2073
12753,4838,5028,3969,3449,6236,7610,4421,3603,5220,5704,4077,3420,3919,3994,3611,3304,-4.59524,-12.7716,8.84085,48.2687
12754,3453,3339,3229,3140,3818,3843,3438,3300,5821,4988,3824,3500,11272,7370,4124,3306,32.8727,-20.2611,8.95873,47.8433
12755,3407,4356,7532,9240,3530,4102,5630,6485,3234,3566,3993,3985,3121,3309,3475,3399,-20.9342,18.0206,8.73597,48.2427
12756,3397,3783,4806,6284,3382,3886,5337,9776,3338,3567,4380,5741,3244,3430,3762,3962,-7.80645,33.1679,8.72535,48.05
12757,7260,7348,4633,3631,6352,6525,4215,3399,4186,4113,3679,3333,3572,3519,3320,3135,-16.9564,-14.3637,8.85502,48.1467
12758,3217,3675,4798,6781,3398,3789,5363,9858,3267,3603,4369,5666,3137,3392,3620,3956,-8.87665,28.8389,8.89269,47.926
12759,3022,3185,3481,3367,3169,3431,3875,3956,3393,3917,4996,5831,3373,4199,7215,11327,33.1492,21.0367,8.67946,47.8247
12760,9475,7308,4286,3426,6481,5488,3828,3489,4195,4065,3565,3296,3457,3476,3318,3143,-20.815,-18.8644,8.77531,48.1973
12761,3952,6120,9928,6283,3755,4579,5195,4651,3397,3650,3734,3649,3248,3298,3284,3367,-30.5493,7.12611,8.64973,48.06
12762,6105,6405,4308,3530,6507,7258,4443,3629,4506,4380,3788,3432,3518,3597,3302,3153,-13.245,-13.1421,8.7637,47.9073
12763,3353,3582,4210,4905,3416,3737,4973,8758,3417,3734,4904,7951,3290,3516,4151,4684,-0.93669,31.3372,8.94299,48.3873
12764,3341,3364,3242,3058,3935,3799,3470,3225,5755,4916,3862,3383,10761,7871,4163,3457,29.4249,-19.0225,8.88165,47.7347
12765,3313,3345,3218,3138,4028,3855,3423,3196,6944,4936,3796,3404,11985,5997,3883,3328,23.1114,-29.5775,8.73641,47.8593
12766,5745,4429,3719,3304,9641,5222,3835,3377,6767,4599,3669,3295,4161,3894,3344,3203,-4.90019,-30.1831,8.87115,48.136
12767,3290,3581,3793,3519,3682,4322,4693,4097,3921,5932,7933,4901,3884,4849,5605,4469,9.56068,4.20487,8.7721,48.314
12768,8428,7969,4522,3459,6222,5908,4077,3508,4039,4068,3542,3290,3419,3486,3279,3112,-19.938,-15.8705,8.90654,48.2187
12769,3671,4099,4620,4276,3784,4928,7235,5111,3781,4667,6335,4815,3484,3675,4107,3979,-2.23808,7.46678,8.59628,48.378
12770,8830,9171,4789,3562,5246,5254,4118,3450,3899,3752,3482,3294,3228,3318,3244,3145,-27.8686,-14.6932,8.89474,47.8547
12771,4083,3966,3466,3186,6384,4719,3634,3365,9464,5518,3814,3345,5952,4564,3644,3254,5.85461,-24.6132,8.60979,48.2387
12772,3292,3892,5205,7118,3346,3813,5970,9241,3233,3637,4379,5273,3170,3305,3632,3787,-11.0065,22.4126,8.91372,48.1953
12773,6284,10076,5934,3990,4769,5291,4465,3697,3650,3751,3593,3361,3420,3233,3236,3163,-29.7897,-7.73423,8.85649,47.942
12774,3390,4103,5766,6285,3450,4232,7005,7670,3335,3696,4473,4719,3175,3429,3676,3714,-11.2136,16.2452,8.99641,48.0787
12775,4675,5011,4184,3496,5669,8117,4842,3734,4626,5617,4216,3590,3755,3877,3685,3314,-5.71736,-9.09251,8.78646,48.272
12776,8398,5203,3892,3350,9148,5124,3869,3446,4861,4133,3574,3314,3710,3558,3347,3031,-13.6479,-27.5788,8.52763,47.972
12777,4071,4684,4576,3897,4647,7481,5962,3997,4122,5491,4905,3831,3715,3931,3769,3501,-4.76837,-2.57108,8.84222,48.3867
12778,3219,3399,3492,3407,3417,3640,3894,3537,3898,4680,5069,4341,4341,7213,9318,5269,31.687,3.11796,8.91178,48.0893
12779,3131,3328,3793,3804,3278,3617,4444,5781,3412,3734,5578,9764,3320,3733,4929,6556,8.58968,25.4608,8.99864,48.1347
12780,3393,3430,3567,3335,3812,4288,3989,3535,4669,6931,5780,4074,4856,6634,5781,4120,14.4978,-3.03786,8.56699,48.1293
12781,3559,4729,8822,8631,3551,4099,5367,5392,3171,3621,3830,3896,3170,3311,3313,3308,-25.0215,14.425,8.7233,47.8467
12782,3312,3558,4246,4862,3380,3865,5678,7681,3458,3923,5487,7535,3223,3633,4245,4495,-0.674969,20.5355,8.81106,48.3873
12783,3418,3457,3431,3068,4098,4109,3724,3319,5769,6889,4441,3687,6603,7881,4686,3554,17.2624,-11.6058,8.98151,48.0893
12784,3882,6016,9789,6064,3759,4587,5324,4745,3435,3655,3811,3711,3272,3443,3349,3343,-33.8533,7.38205,8.55295,48.1233
12785,3599,4033,4750,4352,3678,4825,7472,5322,3677,4423,6193,4810,3466,3671,3993,4005,-3.07847,8.39598,8.59576,48.1793
12786,3612,3546,3270,3104,4547,4110,3528,3197,8571,5846,3906,3428,8121,5906,3984,3401,14.6285,-21.5201,8.98477,48.0513
12787,3834,3773,3392,3161,5790,4475,3541,3386,9873,5251,3747,3415,6424,4750,3609,3451,7.97885,-28.9599,8.63859,47.9147
12788,3355,3840,5098,7652,3329,3833,5241,9835,3276,3646,4230,5136,3164,3295,3635,3710,-11.2791,30.0915,8.83276,48.1833
12789,3374,3406,3213,3083,4030,3810,3426,3288,6013,4822,3817,3385,12035,6530,3960,3391,31.2514,-24.6106,8.55965,47.722
12790,3667,4180,4380,4047,3995,5963,6461,4319,3882,5674,6036,4195,3641,3966,4169,3817,-1.37199,1.51471,8.95586,48.2613
12791,7396,8135,4782,3729,5831,6105,4270,3504,4015,3934,3600,3280,3367,3350,3430,3199,-20.9052,-13.2164,8.50804,47.9513
12792,3179,3386,3763,3941,3243,3637,4591,5832,3411,3926,5887,9374,3356,3650,4892,6279,7.83231,23.0514,8.73516,48.2313
12793,3125,3581,4108,4369,3373,3742,4770,7548,3444,3879,5027,8941,3180,3538,4237,5258,2.5266,31.9225,8.76128,48.08
12794,3276,3449,4502,5208,3275,3776,5556,8839,3462,3702,4916,7162,3223,3587,3852,4463,-2.83463,24.2263,8.85622,48.1653
12795,3344,3777,5826,12317,3438,3714,4613,5938,3226,3457,3687,3882,3251,3316,3535,3387,-32.9644,32.2341,8.66245,47.1387
12796,5051,5036,3929,3420,7066,7647,4399,3523,5112,5339,3899,3501,3874,3906,3558,3179,-6.413,-14.0541,8.99023,48.2927
12797,3465,3855,5870,12628,3454,3755,4706,6085,3259,3429,3749,4013,3091,3165,3402,3323,-28.775,31.5385,8.71295,47.4993
12798,3211,3338,3441,3301,3519,3750,4034,3731,4053,5049,6126,4653,4060,6278,8218,5287,19.9105,4.36468,8.50605,48.0327
12799,3163,3361,3389,3348,3469,3668,3937,3651,3846,4560,5304,4722,4107,6341,9619,5914,27.1117,6.14427,8.66167,48.266
12800,3253,3413,3290,3239,3686,3748,3899,3550,4100,5191,5272,4284,4548,7643,8382,4946,23.6164,1.44646,8.60371,48.296
12801,3425,3718,3687,3542,3793,4567,4727,3993,4232,6383,7527,4529,3964,4832,5195,4258,8.12827,2.20579,8.93597,48.248
12802,3575,3805,4823,5818,3438,4091,6167,8947,3335,3625,4766,5995,3143,3376,3792,4083,-6.66813,20.5808,8.82062,48.5193
12803,3139,3397,3339,3229,3594,3704,3839,3614,3984,4960,5189,4287,4627,7661,8798,5140,26.5303,1.84514,8.81509,48.334
12804,3756,3627,3306,3149,5163,4269,3601,3314,9717,5343,3872,3299,7461,5114,3837,3345,11.302,-24.9226,8.94777,48.1153
12805,3398,3352,3224,3087,3953,3780,3428,3189,6203,4878,3751,3274,12376,6379,3934,3424,28.2045,-26.3305,8.78769,47.7533
12806,4044,3706,3464,3157,5567,4568,3635,3384,9044,5975,4044,3450,6213,5076,3767,3338,8.46207,-21.5274,8.66611,48.288
12807,3341,3364,3237,3191,4018,3836,3501,3280,6874,4808,3760,3439,11765,5933,4007,3492,23.3597,-31.6298,8.56573,47.8973
12808,3419,3382,3289,2983,3709,3734,3581,3347,5456,5159,4059,3598,9141,8841,4733,3494,27.7399,-15.4378,8.88424,47.95
12809,5164,5757,4160,3623,6100,8167,4703,3589,4493,4833,3987,3445,3609,3784,3506,3326,-9.34192,-10.7879,8.7819,48.164
12810,3138,3349,3449,3327,3332,3514,3965,3908,3573,4168,5786,5563,3639,4802,8672,7989,22.4898,13.6499,8.64685,48.116
12811,12771,5914,3863,3494,5818,4616,3802,3448,3852,3647,3418,3320,3446,3292,3311,3183,-31.1484,-32.9723,8.6498,47.4633
12812,3473,4161,6647,9047,3545,4060,5820,7085,3236,3510,4118,4219,3044,3241,3509,3506,-18.0211,19.2223,8.70502,48.1473
12813,3574,3502,3345,3120,4626,4012,3481,3232,9007,5105,3764,3399,9405,5556,3816,3402,15.8392,-30.7434,8.85104,48.2307
12814,11535,6209,3910,3340,6746,4851,3753,3314,4150,3933,3403,3283,3400,3444,3188,3090,-22.194,-26.1839,8.60114,47.6993
12815,3410,3598,3567,3523,3617,4366,4829,4152,3947,6034,7697,4771,3867,4949,5678,4489,9.2433,3.40703,8.70345,48.3293
12816,3436,3888,5520,8801,3371,3835,5384,8731,3295,3542,4101,4714,3029,3301,3484,3554,-14.9962,25.5875,8.6246,47.9907
12817,3403,3301,3214,3119,3898,3761,3620,3323,5221,5473,4289,3670,7656,9280,5095,3685,24.4453,-11.7697,8.66181,48.0053
12818,3781,3827,3550,3406,4505,5478,4253,3594,5428,8120,5197,3758,4408,5075,4270,3588,5.50758,-7.64061,8.98895,48.1587
12819,4378,7044,8694,5220,3981,5122,5694,4426,3354,3862,3853,3584,3348,3327,3309,3334,-22.1098,3.22976,8.60794,48.3533
12820,9814,6862,4137,3460,6840,5312,4076,3398,4055,3894,3507,3264,3471,3465,3225,3128,-20.6833,-20.4413,8.52061,47.9387
12821,3434,4087,6611,11259,3358,3783,5063,6474,3153,3439,3934,4052,3015,3227,3429,3429,-23.77,23.6478,8.55364,47.8313
12822,3117,3230,3451,3490,3314,3620,3981,4216,3361,3873,5154,7910,3421,3927,5764,10145,18.3596,32.9514,8.58172,47.9827
12823,3216,3443,3412,3461,3543,3793,4382,4143,3899,5151,7411,5111,3877,5197,7197,5299,14.6281,6.96785,8.99301,48.3567
12824,4082,4147,3584,3296,5297,6034,4247,3651,6027,7392,4463,3548,4552,4636,3964,3463,2.95228,-11.751,8.56663,48.2553
12825,3630,4664,9030,8676,3563,4104,5477,5534,3239,3482,3841,3876,3044,3140,3360,3353,-25.2371,14.418,8.98984,48.0087
12826,3870,5156,9080,7061,3699,4349,5861,5263,3325,3627,3845,3942,3050,3301,3361,3376,-22.3542,10.8173,8.67982,48.1107
12827,3898,3709,3253,3063,5373,4449,3528,3262,9893,5443,3907,3363,7025,4963,3816,3288,9.73157,-26.3322,8.64917,48.1553
12828,3052,3292,3432,3441,3257,3493,3820,4009,3415,3883,4873,6202,3379,4014,6390,12029,26.1332,25.3216,8.71274,47.9873
12829,3506,3461,3389,3139,4458,4078,3522,3255,7735,5740,3995,3460,8665,6192,4034,3417,16.675,-20.6797,8.9151,48.0307
12830,6188,4988,3843,3334,9150,6087,3962,3397,5665,4590,3732,3397,3970,3756,3430,3100,-8.01975,-21.438,8.83025,48.3927
12831,3106,3408,3473,3436,3357,3833,4064,4061,3679,4613,6764,5353,3774,4927,7970,6248,18.0301,10.4385,8.60546,48.044
12832,3430,4007,6389,11884,3227,3891,4960,6684,3284,3310,3883,3953,2971,3131,3469,3453,-23.3953,25.7682,8.9082,47.9507
12833,3248,3411,3160,3159,3591,3823,3699,3506,4192,5199,5210,4176,4987,8184,7734,4682,24.4838,-1.21768,8.57668,47.974
12834,3327,3454,3387,3250,3726,4072,3854,3628,4530,6189,5507,4136,4835,7648,6506,4368,18.6342,-2.60091,8.67449,48.278
12835,6648,8333,4908,3801,5634,6523,4579,3653,3954,4076,3601,3415,3389,3320,3261,3131,-18.2607,-10.9335,8.90376,48.1507
12836,3358,3402,3278,3065,3774,3774,3626,3337,5237,5334,4202,3531,8117,9690,4863,3654,29.6384,-12.7362,8.89758,48.1613
12837,3236,3494,4224,4477,3465,3991,5683,6916,3398,3957,5962,7427,3358,3666,4305,4847,1.38747,19.1645,8.7463,48.2707
12838,3382,3528,3443,3270,3814,4274,3959,3536,4725,6931,5506,4040,4912,7179,5577,4185,15.4053,-4.21027,8.53844,48.174
12839,5495,4311,3704,3244,9262,5063,3677,3344,7319,4601,3628,3196,4443,3999,3419,3248,-3.23202,-29.3632,8.95069,47.9687
12840,7424,6318,4162,3552,7378,6176,4164,3393,4428,4280,3638,3267,3622,3603,3275,3051,-14.5502,-17.5111,8.66916,47.8207
12841,3368,3441,3205,3175,4177,3848,3484,3336,7359,4970,3786,3369,11241,5863,4089,3395,20.353,-32.1931,8.74742,48.0707
12842,3621,3605,3528,3263,4353,5092,4003,3396,5860,8169,4828,3632,4895,5706,4373,3513,8.9119,-9.48315,8.81668,47.8913
12843,4056,3989,3494,3212,5613,5303,3892,3326,7272,7081,4175,3476,5224,4884,3907,3384,5.2158,-15.7484,8.8008,48.192
12844,3325,3607,3703,3556,3640,4291,5099,4330,3882,5475,7888,5113,3740,4422,5414,4447,8.14046,5.6139,8.57254,47.9547
12845,3674,3994,4043,3725,4101,5705,5964,4110,4173,6021,6280,4172,3798,4278,4264,3959,1.19946,0.488892,8.79076,48.174
12846,3784,3828,3522,3202,4670,4848,3825,3377,6908,7367,4444,3476,5745,5760,4206,3545,10.1077,-14.1052,8.64974,48.338
12847,6157,4640,3762,3147,9671,5347,3772,3462,6057,4606,3599,3283,4047,3780,3501,3066,-6.81003,-26.9867,8.62367,47.9313
12848,8285,7154,4211,3520,6747,6064,4102,3477,4103,4119,3651,3208,3534,3481,3272,3172,-17.9109,-17.1828,8.83397,48.0667
12849,7020,4966,3841,3304,9884,5437,3880,3372,5524,4221,3546,3172,3805,3660,3305,3078,-9.87522,-26.7159,8.75666,48.01
12850,3056,3150,3361,3454,3285,3446,3695,3990,3384,3773,4716,5967,3454,3899,6043,12743,32.1564,30.4271,8.68576,47.6107
12851,3377,3411,3293,3174,4014,3772,3367,3202,6056,4737,3813,3455,12415,6080,3784,3491,28.5365,-29.0011,8.77287,47.6273
12852,3161,3250,3397,3340,3310,3531,3850,4020,3468,3781,4967,7403,3461,3870,5765,11074,20.2906,31.715,8.81181,47.7653
12853,3248,3250,3655,3561,3287,3635,4483,4601,3593,4190,6726,7396,3512,4028,5963,6888,13.2351,16.6808,8.90398,48.0107
12854,3110,3506,3826,4096,3261,3585,4422,6500,3274,3809,5215,9668,3325,3745,4583,6015,5.86941,27.8311,8.60903,47.96
12855,8620,5257,3774,3317,9306,5144,3774,3429,4710,4080,3552,3205,3595,3473,3296,3201,-14.0874,-29.5166,8.68373,47.822
12856,5931,4554,3677,3376,9682,5353,3867,3270,6332,4658,3619,3276,4212,3858,3404,3164,-5.94283,-26.8217,8.95326,48.1553
12857,3744,4685,7246,5903,3651,4707,7365,5626,3356,3694,4224,4191,3159,3384,3568,3459,-14.918,10.2632,8.75692,47.9747
12858,5851,5451,4005,3399,7726,7054,4034,3456,5029,4749,3732,3364,3817,3720,3467,3175,-9.19462,-16.5203,8.78517,48.0193
12859,3431,3681,4338,5147,3322,3740,5094,8865,3304,3783,4814,7646,3161,3600,3943,4412,-2.05222,32.4235,8.52819,48.1873
12860,3480,4139,7040,11009,3469,3909,5110,6268,3204,3499,3917,4104,3083,3186,3422,3395,-24.4316,21.9146,8.58092,48.156
12861,3293,3577,4495,5297,3453,3864,5854,8519,3210,3641,5069,6958,3145,3491,3984,4341,-3.31431,21.3657,8.9211,48.1273
12862,3767,3719,3463,3090,5027,4424,3623,3265,8756,6289,4114,3448,6776,5440,3884,3329,10.8541,-19.8948,8.93349,48.276
12863,3105,3235,3412,3377,3296,3578,3790,3806,3610,4399,5688,4918,3836,5568,9590,6675,24.4046,9.04137,8.95785,47.922
12864,3412,3230,3196,3166,4091,3770,3450,3192,5947,4797,3733,3332,12181,6534,3941,3406,29.5006,-24.7006,8.53536,47.5853
12865,3323,3773,5273,8561,3345,3839,5265,9307,3179,3555,4177,4902,3104,3256,3457,3620,-13.7112,27.6371,8.77457,47.9573
12866,6170,4680,3787,3326,10010,5121,3776,3265,6201,4593,3561,3271,4060,3781,3256,3184,-6.99061,-30.0883,8.87712,48.028
12867,3014,3223,3517,3710,3278,3562,3978,4803,3424,3793,5180,9165,3322,3771,5176,8765,13.9037,29.491,8.94204,47.7873
12868,3872,4836,6108,4965,3885,5377,7908,5250,3545,4049,4559,4145,3257,3445,3645,3523,-11.3721,6.71705,8.57018,48.246
12869,3285,3489,3462,3352,3502,4001,4106,3896,3850,5197,7124,4831,4050,5682,7419,5030,15.76,5.084,8.92475,48.184
12870,3736,4190,4003,3618,4341,6294,5442,3876,4379,6667,5677,4012,3891,4321,4276,3790,0.798581,-2.62437,8.7098,48.342
12871,5896,9697,6337,4050,4405,5335,4535,3744,3731,3783,3654,3403,3262,3275,3364,3205,-30.1699,-6.39376,8.56697,47.784
12872,3353,3366,3126,3122,4003,3813,3380,3241,6338,4758,3788,3304,12474,6142,4015,3464,25.9199,-27.6969,8.98885,47.7913
12873,3379,3937,6046,11603,3343,3896,4866,6812,3175,3442,3935,3951,3165,3180,3491,3438,-22.5059,33.9694,8.614,47.7727
12874,3368,3418,3202,3127,3855,3998,3607,3272,5748,5685,4069,3456,8286,8737,4750,3569,22.9322,-14.2575,8.79762,48.098
12875,8295,5259,3767,3389,9282,5189,3713,3465,4774,4239,3514,3230,3541,3641,3280,3142,-13.4519,-32.5442,8.75588,47.8133
12876,4493,5940,5792,4298,4480,6838,6434,4237,3807,4337,4235,3698,3399,3445,3504,3391,-12.8326,-1.01321,8.52659,48.2187
12877,3840,4997,7546,5732,3815,4905,7086,5358,3455,3804,4231,3916,3201,3428,3472,3549,-15.9348,8.43057,8.51377,48.2233
12878,5176,4385,3561,3289,9144,5108,3698,3359,7329,4711,3657,3287,4431,3909,3472,3265,-2.91457,-29.8966,8.59944,47.854
12879,3970,4496,4835,4096,4113,6105,7181,4555,3877,4999,5417,4146,3586,3836,4025,3593,-5.22692,2.67767,8.56169,48.5533
12880,3644,4947,9592,8356,3659,4053,5311,5166,3464,3523,3758,3716,3154,3194,3310,3300,-28.2203,13.0961,8.93369,48.098
12881,4905,8164,7555,4571,4346,5432,5112,4240,3514,3788,3772,3536,3257,3293,3269,3209,-22.5187,-1.14123,8.91132,47.9753
12882,3747,3665,3431,3257,5167,4324,3517,3295,9709,5178,3915,3406,7308,5132,3775,3361,10.7751,-32.5836,8.51061,48.1247
12883,3727,3842,3754,3399,4410,5642,4616,3659,4973,7844,5559,3940,4308,4762,4325,3672,4.85765,-5.31125,8.93265,48.288
12884,3415,4002,5984,12468,3394,3706,4797,6190,3261,3392,3715,3752,3166,3150,3409,3407,-27.3024,32.076,8.91409,47.472
12885,3229,3258,3400,3171,3640,3712,3713,3409,4227,5065,4807,4112,5139,8651,7558,4574,27.3604,-1.7924,8.5429,47.7767
12886,3346,3678,4818,6816,3404,3833,5425,9977,3348,3558,4373,5744,3191,3369,3673,3920,-9.25361,27.3466,8.84114,48.3153
12887,5252,4331,3563,3286,8822,5209,3677,3377,7474,4937,3696,3256,4529,3970,3545,3283,-2.20773,-27.7556,8.52734,48.138
12888,4148,4400,4033,3570,5094,7367,4951,3729,4776,6364,4578,3561,3944,4318,3814,3541,-1.85969,-7.39305,8.6537,48.1253
12889,3163,3188,3423,3360,3248,3461,3725,3930,3470,3988,4997,5722,3503,4219,7826,10449,32.6806,18.9537,8.72984,47.7813
12890,5841,9675,6397,4051,4695,5120,4561,3949,3615,3823,3632,3421,3345,3443,3290,3194,-33.1708,-5.64244,8.61589,48.0347
12891,4309,5541,6498,4659,4163,6013,6870,4628,3753,4012,4271,3858,3503,3563,3506,3329,-13.5301,2.4302,8.54854,48.3173
12892,10782,7138,4199,3399,6233,5208,3902,3384,3921,3912,3550,3169,3363,3404,3163,3090,-24.127,-20.282,8.83069,47.878
12893,3307,3816,5343,8696,3323,3877,5176,9073,3315,3516,4118,4731,3255,3278,3446,3586,-14.3768,30.7829,8.82961,47.904
12894,3931,5164,7910,5673,3714,4851,6939,5166,3490,3830,4199,3996,3210,3460,3575,3361,-16.7121,7.94355,8.93137,48.3127
12895,3277,3324,3277,3139,3759,3826,3488,3345,5078,5327,4218,3719,7636,9718,5178,3783,27.7311,-11.5875,8.85983,48.0613
12896,3649,4281,6412,6414,3485,4431,7129,6738,3370,3796,4383,4414,3108,3318,3807,3590,-13.3686,14.1515,8.606,48.2167
12897,8786,7346,4295,3502,6653,5653,4114,3381,4167,4115,3552,3189,3527,3425,3274,3225,-19.1917,-17.7893,8.91865,48.136
12898,3408,3357,3231,3218,3744,3859,3556,3310,5132,5304,4317,3620,7160,9977,5329,3670,28.9095,-10.6515,8.72192,48.128
12899,4050,3954,3408,3194,6110,4547,3536,3212,9974,5288,3775,3353,5985,4627,3662,3400,6.44997,-33.0553,8.97818,48.05
12900,6760,5914,4059,3448,7762,6630,4133,3482,4783,4419,3712,3282,3666,3596,3357,3112,-12.5056,-17.5459,8.58558,48.0767
12901,3116,3308,3429,3449,3356,3645,4045,3903,3684,4654,6334,5170,3767,5389,8808,6251,20.0426,9.06962,8.89187,48.2053
12902,5215,4752,3762,3422,8473,6229,3967,3492,6164,4963,3798,3355,4193,3820,3505,3183,-4.96666,-19.751,8.86748,48.1953
12903,8431,8800,4828,3668,5317,5528,4126,3572,3876,3880,3504,3306,3375,3470,3227,3232,-26.2703,-14.2117,8.61652,48.0933
12904,3274,3689,4682,5906,3372,3734,5289,9848,3245,3659,4511,6152,3124,3357,3841,3956,-6.55315,33.2697,8.92182,47.7593
12905,7105,9852,5378,3806,4930,5221,4312,3668,3745,3893,3573,3349,3464,3340,3268,3240,-30.6886,-10.2344,8.74361,48.096
12906,9426,5537,3884,3331,8375,5245,3707,3297,4699,3874,3541,3179,3579,3525,3187,3094,-16.491,-26.152,8.5886,47.6533
12907,3099,3344,3661,3595,3341,3633,4404,4560,3567,4358,6987,7450,3399,4165,5979,6601,12.5319,16.1035,8.63579,48.0953
12908,3077,3382,3605,3590,3296,3438,4186,4699,3332,3801,5126,9363,3421,3874,5308,8713,14.1359,29.4098,8.98286,48.1407
12909,3735,4435,5223,4329,3906,5573,8128,4904,3668,4278,5380,4336,3386,3684,3833,3700,-6.21268,5.49114,8.99713,48.332
12910,3035,3168,3425,3432,3234,3438,3992,4078,3570,3962,5420,6492,3485,4236,7305,9737,21.2512,19.1922,8.56643,48.006
12911,3155,3318,3448,3540,3315,3695,4053,4191,3404,4177,6392,6670,3598,4302,7163,7614,16.8431,15.7623,8.94677,48.0233
12912,4861,4528,3672,3448,7046,6686,4071,3593,6219,5736,3912,3364,4303,4081,3600,3222,-2.40228,-16.0648,8.94677,48.228
12913,3184,3586,3819,4004,3374,3614,4692,5820,3454,3855,6162,8683,3432,3738,4882,5855,6.8483,20.5931,8.66333,48.1027
12914,5346,8780,6452,4231,4560,5868,4997,4002,3699,4006,3665,3451,3278,3410,3408,3168,-21.5939,-4.48639,8.6652,48.214
12915,3284,3759,4766,6410,3410,3765,5342,9913,3214,3628,4397,6066,3169,3416,3730,3951,-7.67452,27.2288,8.63043,48.1467
12916,3826,5711,9987,6804,3642,4364,5422,4806,3351,3537,3877,3746,3109,3239,3325,3295,-26.7545,9.06604,8.81522,48.0273
12917,3226,3494,4066,4674,3308,3695,4893,7793,3369,3718,5280,8659,3313,3558,4259,5004,1.40767,26.4571,8.74239,48.206
12918,3599,3952,4578,4169,3628,4880,7185,5268,3620,4513,6770,4901,3483,3753,4189,3904,-1.38545,8.35775,8.58478,48.2613
12919,6549,9932,5504,3866,4960,5252,4518,3754,3770,3814,3631,3276,3354,3363,3331,3147,-32.4709,-8.87483,8.73552,48.014
12920,3521,3926,4520,4386,3552,4590,7335,5554,3532,4325,6470,5227,3408,3735,4150,4122,-1.97445,10.0198,8.80912,48.2353
12921,3575,3658,3349,3235,4308,4704,3940,3477,6323,7727,4580,3544,5758,6257,4368,3660,11.6265,-12.1,8.59074,48.3087
12922,3360,3342,3322,3076,3985,3747,3418,3126,6128,4766,3789,3323,12389,6359,4035,3341,29.9719,-25.4992,8.90426,47.6707
12923,3617,3848,3628,3414,4256,5297,4505,3675,4981,7760,5659,4025,4391,5294,4543,3754,6.93639,-4.96366,8.61357,48.4313
12924,3624,3604,3595,3302,3964,4827,4388,3742,4580,7656,6181,4165,4442,5530,4818,3918,9.28468,-2.80925,8.99147,48.224
12925,3435,4049,5885,8415,3324,3982,5687,8316,3332,3614,4194,4505,3224,3256,3574,3504,-15.0641,21.9409,8.71528,48.1973
12926,3509,4281,6695,8177,3439,4247,6068,7114,3238,3550,4012,4404,3051,3376,3467,3452,-17.2062,17.8248,8.54883,48.0533
12927,3415,3351,3272,3098,4227,3851,3441,3189,6910,4994,3957,3368,11414,6598,3826,3442,22.0935,-23.4442,8.99472,48.2353
12928,11500,5969,3865,3348,7280,4984,3811,3309,4137,3904,3475,3209,3465,3314,3160,3009,-21.4073,-27.2098,8.71792,47.826
12929,3374,3874,5676,10671,3421,3757,4914,7937,3337,3512,3916,4288,3063,3337,3408,3319,-18.7675,30.2902,8.65219,47.8693
12930,4521,3998,3594,3229,7156,5127,3725,3290,8456,5606,3886,3366,5179,4324,3710,3192,2.37276,-22.8007,8.7735,48.2393
12931,4246,3950,3453,3130,6418,4857,3743,3308,8829,5842,3784,3386,5647,4617,3674,3273,5.19536,-21.9354,8.57529,48.1047
12932,3497,3603,3340,3176,4385,4180,3589,3310,7215,6366,4295,3505,7579,6745,4084,3381,15.7538,-17.0719,8.64373,48.1667
12933,3110,3360,3525,3557,3224,3451,4022,4356,3388,3981,5164,7473,3406,3993,6291,9981,18.9521,22.4202,8.80816,48.188
12934,3315,3502,4243,4570,3376,3774,5320,7584,3476,3738,5472,8089,3332,3576,4248,4866,0.765328,22.0254,8.77366,48.3207
12935,3187,3338,3404,3345,3163,3512,3875,3959,3360,3787,4754,6684,3378,3942,5952,12053,23.961,30.6566,8.60929,47.7953
12936,3260,3419,3915,4283,3257,3657,4662,7133,3272,3727,5153,9470,3443,3667,4348,5453,3.9455,30.2521,8.9293,48.0793
12937,3385,4019,6876,11946,3269,3844,5021,6027,3324,3457,3812,3934,2996,3184,3334,3340,-26.9903,22.9064,8.86333,47.8453
12938,8638,5536,3889,3355,9063,5419,3766,3317,4734,4112,3509,3190,3612,3465,3310,3085,-14.2779,-25.0869,8.86186,48
12939,3211,3348,3658,3588,3208,3570,4230,5071,3456,3906,5275,9519,3283,3881,5160,7840,12.3522,32.6274,8.77858,48.136
12940,3744,3653,3369,3181,4646,4457,3713,3310,7211,7285,4382,3473,6386,6031,4109,3442,11.9421,-14.8929,8.86623,48.2613
12941,3916,3808,3267,3180,5545,4719,3646,3298,8779,6161,3921,3375,6090,4855,3878,3414,8.07712,-20.9746,8.51266,47.9013
12942,4077,5520,5862,4367,4146,6284,7307,4520,3711,4243,4487,3950,3349,3495,3614,3530,-11.5064,1.9279,8.69467,48.308
12943,3397,3878,5894,12610,3307,3779,4766,5904,3202,3327,3717,3790,3191,3152,3302,3399,-31.921,33.2497,8.79994,47.0767
12944,5176,9170,7426,4438,4319,5088,4836,4029,3511,3721,3785,3344,3290,3346,3257,3190,-29.1918,-2.62418,8.84478,47.9507
12945,3325,3765,5070,6653,3413,3934,5842,9358,3355,3710,4345,5555,3272,3357,3688,3788,-9.53705,23.0019,8.70376,48.2867
12946,5133,7681,6272,4154,4512,6273,5418,4035,3899,3951,3775,3567,3377,3453,3432,3257,-18.4463,-3.29226,8.50808,48.126
12947,3185,3153,3465,3481,3192,3390,3979,3935,3423,3919,4982,5885,3308,4148,7336,11195,28.309,20.8025,8.66134,47.984
12948,3305,3415,3339,3169,3801,3836,3692,3371,4745,5587,4709,3909,5960,9406,6319,3993,23.8898,-6.1895,8.66826,48.3707
12949,3671,4599,8552,9367,3536,4073,5296,5663,3232,3522,3888,3901,3113,3222,3400,3311,-25.2799,16.0059,8.65409,48.2307
12950,10624,7532,4248,3479,5901,4929,4039,3510,3960,3768,3521,3239,3440,3361,3282,3071,-26.013,-20.03,8.62271,47.936
12951,3209,3263,3459,3363,3298,3416,3746,3817,3453,3699,4690,6042,3406,4119,6036,12505,29.2223,32.9234,8.68162,47.6807
12952,5043,5842,4352,3495,5979,8195,4765,3671,4443,4848,3992,3437,3611,3729,3511,3305,-9.56062,-10.0302,8.90961,48.1453
12953,3289,3611,4200,4828,3354,3750,5330,8280,3270,3840,5167,7565,3217,3475,4246,4695,-0.657382,23.4521,8.58697,48.078
12954,3266,3177,3498,3554,3289,3522,4070,4736,3328,3901,5191,8811,3407,3824,5425,8928,14.9277,32.4211,8.59089,47.9513
12955,5055,8546,6938,4322,4539,5772,5024,3923,3649,3889,3832,3477,3327,3564,3199,3254,-21.9635,-3.0367,8.80609,48.2067
12956,3365,3273,3220,3088,3883,3758,3471,3199,6011,4601,3789,3306,12693,6065,3866,3376,29.4265,-28.7723,8.80855,47.3093
12957,3571,3398,3228,3078,4430,4014,3505,3215,7750,5435,3969,3351,9311,6035,3993,3414,17.5695,-22.8842,8.57392,47.798
12958,3537,3370,3361,3159,3890,3709,3417,3142,5962,4981,3822,3391,11831,6723,4053,3326,33.403,-23.0317,8.69752,47.7827
12959,3364,3919,6037,11890,3475,3878,4797,6572,3199,3507,3779,4061,3047,3267,3395,3343,-25.0755,30.6519,8.5022,47.6867
12960,4519,5292,4640,3750,4925,7831,5828,3955,4166,5021,4275,3617,3632,3737,3500,3366,-8.11107,-5.03659,8.88314,48.036
12961,3155,3265,3390,3398,3216,3425,3781,4030,3402,3579,4766,6108,3382,3912,6099,12712,30.9063,26.8397,8.78371,47.7467
12962,3187,3355,3773,3935,3372,3728,4848,5203,3487,4143,6878,7979,3506,3874,5186,5888,8.18104,17.3961,8.609,48.228
12963,3170,3280,3368,3376,3414,3662,3714,3635,3719,4430,5186,4808,4056,5796,10058,6628,29.1038,8.12152,8.86014,48.2
12964,3405,3309,3176,3188,3818,3736,3350,3176,6294,4834,3860,3422,12570,5988,3893,3459,28.0289,-30.6641,8.57685,47.652
12965,4838,4687,3743,3462,6806,6979,4209,3536,5805,5761,3945,3480,4159,4088,3669,3452,-3.33801,-14.6882,8.82272,48.4127
12966,3402,3404,3167,3181,4047,3714,3421,3280,6115,4741,3702,3350,12528,6280,4025,3365,29.1842,-26.3319,8.69379,47.8147
12967,4697,8121,8452,4854,4242,4907,4969,4103,3588,3784,3660,3528,3211,3391,3369,3288,-30.4159,0.284665,8.54705,48.1093
12968,9832,8418,4398,3575,5462,5068,3998,3481,3874,3814,3627,3231,3460,3313,3261,3090,-31.3619,-16.8936,8.89308,47.9347
12969,3351,3866,5641,8936,3448,3790,5067,9006,3297,3511,4120,4649,3138,3315,3586,3561,-15.0641,29.6379,8.62963,48.188
12970,4243,4256,3651,3376,5600,6673,4360,3562,5913,6779,4456,3542,4341,4479,3756,3373,0.719858,-12.3361,8.86131,48.24
12971,3228,3442,4041,4527,3382,3605,4665,7585,3339,3687,5009,8853,3246,3529,4192,5053,1.89133,27.9676,8.8975,47.5887
12972,5098,6371,4887,3818,5364,7921,5425,3811,4046,4499,3875,3527,3597,3669,3475,3201,-12.0698,-6.87854,8.77934,48.3893
12973,4317,4059,3442,3103,6824,4953,3821,3331,8770,5798,3801,3373,5267,4513,3569,3239,3.39981,-22.5818,8.82715,48.12
12974,3175,3421,3456,3359,3519,3887,4047,3841,3868,5096,6660,4971,3960,5644,8055,5456,18.0563,6.02867,8.54142,48.2767
12975,3108,3327,3406,3532,3300,3612,4125,4027,3588,4399,6551,5840,3586,4685,7998,6933,17.9521,12.4092,8.83805,48.0113
12976,5193,8721,7297,4365,4333,5272,4921,3918,3645,3827,3772,3487,3247,3464,3344,3190,-24.8577,-2.81009,8.55417,47.9973
12977,3638,4561,5958,4882,3728,5016,8094,5537,3603,4003,4809,4259,3317,3559,3686,3613,-10.1991,8.25724,8.57822,48.1753
12978,3930,5331,8274,5873,3826,4745,6672,5137,3454,3738,4108,3980,3166,3345,3483,3438,-18.0945,8.32895,8.51863,48.3333
12979,3383,3283,3219,3259,3995,3644,3499,3180,6026,4804,3782,3387,12514,6110,3932,3500,28.6896,-33.4008,8.82377,47.678
12980,4963,5917,4443,3791,5486,8083,5190,3804,4199,4879,4065,3405,3569,3604,3549,3236,-9.78267,-7.74021,8.85836,48.122
12981,6870,4893,3767,3358,9787,5295,3808,3332,5551,4107,3688,3306,3734,3762,3413,3231,-9.5934,-31.6787,8.61089,47.9347
12982,3206,3412,3305,3297,3644,3731,3717,3465,4237,5139,4835,4122,5085,8714,7786,4443,33.0534,-1.53908,8.82149,48.092
12983,3311,3742,4482,5427,3336,3824,5235,9315,3318,3813,4614,6995,3302,3445,3939,4163,-3.90866,33.0718,8.61254,48.174
12984,4028,4316,3999,3525,4795,7018,5044,3752,4785,6571,4801,3741,3961,4274,3948,3463,-0.729712,-6.52785,8.73065,48.014
12985,3144,3283,3367,3319,3202,3604,3747,3897,3581,3967,5073,5495,3460,4492,8523,9670,29.3143,16.6317,8.57225,47.8827
12986,3559,3562,3204,3090,4610,4029,3497,3237,8562,5294,3837,3456,9009,5824,4050,3372,16.1685,-24.2608,8.60524,48.128
12987,3389,4017,5982,10518,3471,3861,5109,7908,3125,3448,3918,4291,3133,3230,3497,3429,-19.0213,26.0783,8.89671,48.2173
12988,5825,5691,3958,3517,7452,7392,4232,3428,4911,4714,3749,3318,3790,3679,3444,3236,-9.59372,-15.2654,8.99044,48.224
12989,4397,4077,3510,3256,7427,4767,3714,3258,9050,5030,3709,3390,5015,4094,3688,3357,2.42748,-32.0508,8.90529,47.826
12990,8162,5328,3938,3369,9216,5384,3736,3422,4952,4044,3672,3318,3697,3486,3201,3070,-13.0301,-26.2112,8.58562,47.9967
12991,3556,3376,3245,3167,4148,3869,3472,3229,7189,5002,3793,3445,11052,5743,3864,3418,20.9258,-30.7755,8.53282,47.712
12992,10324,6468,4011,3350,7441,5249,3901,3414,4197,4073,3506,3228,3402,3393,3271,3150,-19.6865,-22.7685,8.59197,48.252
12993,6220,9022,5347,3975,5040,6110,4646,3741,3813,4089,3757,3529,3302,3527,3374,3107,-21.3696,-8.54202,8.56096,48.3993
12994,12731,6091,3911,3387,5987,4650,3715,3389,4080,3736,3494,3202,3369,3342,3180,3184,-30.5002,-30.2789,8.96029,47.632
12995,3153,3420,3694,3876,3192,3608,4394,5679,3316,3693,5214,10090,3239,3872,4836,6639,8.70139,29.2349,8.79301,47.9433
12996,4160,3921,3376,3190,6545,4709,3574,3326,9539,5371,3848,3331,5725,4449,3746,3287,5.33483,-26.1013,8.62909,48.0647
12997,3319,3686,3980,3735,3655,4469,5686,4425,3746,5359,7897,5128,3599,4285,5046,4339,5.42064,6.59437,8.59007,48.236
12998,3195,3345,3430,3326,3497,3711,3773,3724,3897,4637,5010,4433,4264,7041,9478,5456,32.9513,4.1855,8.96664,48.1447
12999,11954,5933,3804,3286,7028,4835,3782,3291,4161,3864,3438,3210,3411,3446,3158,3185,-22.0193,-30.0904,8.99482,47.8573
13000,3380,3914,5943,12024,3368,3712,4819,6803,3183,3408,3877,4149,3152,3182,3412,3414,-23.2656,30.0568,8.86105,47.8267
13001,5428,6645,4584,3651,5918,7824,4911,3595,4118,4608,3877,3458,3596,3546,3459,3116,-12.7338,-9.7833,8.997,48.2227
13002,5727,6907,4686,3766,5800,7699,4647,3660,4101,4388,3827,3367,3491,3584,3438,3060,-13.8363,-10.3636,8.90798,48.0987
13003,3404,3729,4132,4164,3563,4288,6231,5485,3601,4345,6867,6080,3501,3771,4545,4493,1.51778,12.7632,8.57874,48.1327
13004,3412,4110,6462,12400,3306,3750,4876,6126,3239,3379,3802,4034,3115,3250,3267,3421,-27.0589,24.8071,8.94239,47.966
13005,3610,3566,3306,3224,4829,4459,3662,3327,8309,6112,4032,3426,7202,5647,3996,3347,12.4032,-19.8013,8.52877,48.036
13006,3542,3621,3664,3460,3822,4509,4558,3784,4392,6866,6954,4303,4108,5169,5311,4131,9.98216,0.421272,8.68604,48.1293
13007,3444,3764,5173,8021,3420,3752,5240,9574,3224,3547,4171,4895,3141,3410,3623,3796,-12.6066,31.3941,8.80018,48.13
13008,5207,9006,7405,4457,4196,5165,4781,3998,3470,3779,3746,3508,3210,3403,3377,3191,-26.8232,-2.29011,8.61981,47.9327
13009,3233,3641,4508,4916,3485,3988,6249,7698,3430,3926,5601,6452,3293,3559,4192,4292,-2.33311,18.0851,8.91317,48.3087
13010,3707,3923,3605,3292,4452,5495,4454,3701,5052,8134,5538,3815,4352,5111,4322,3671,5.82845,-5.72747,8.91281,48.416
13011,3488,3772,5880,12485,3330,3694,4687,5836,3367,3511,3830,3965,3108,3344,3360,3345,-33.1758,31.3562,8.95335,47.3347
13012,3466,3953,5784,10325,3424,3766,5090,7714,3202,3508,3919,4114,3082,3294,3339,3510,-18.5945,33.8372,8.69165,47.66
13013,11402,5812,3952,3401,7138,4937,3891,3414,4007,3848,3488,3289,3401,3497,3205,3141,-21.3113,-31.1583,8.64171,47.882
13014,4342,4363,3701,3296,5461,6883,4502,3572,5524,6837,4418,3506,4206,4341,3741,3348,-0.0429386,-11.1337,8.99178,48.0273
13015,3098,3261,3342,3420,3177,3399,3731,3942,3370,3739,4864,6276,3317,3854,5948,12690,25.7304,30.3375,8.95243,47.6187
13016,3315,3597,3913,3795,3528,4267,5441,4328,3879,5189,8306,5260,3639,4352,5130,4572,6.80647,6.91646,8.85347,48.3407
13017,7684,9643,5032,3750,5018,5320,4109,3516,3914,3877,3683,3232,3264,3511,3305,3087,-29.0071,-11.9764,8.68827,47.9633
13018,3206,3310,3444,3169,3634,3744,3752,3503,4025,4810,5086,4273,4550,7702,8808,4908,31.5644,1.83729,8.80718,47.9493
13019,3340,3632,4512,5762,3271,3703,5228,9810,3343,3688,4640,6746,3176,3465,3793,4279,-4.95897,28.3052,8.77774,48.2587
13020,3064,3346,3422,3347,3230,3504,3843,3981,3514,4150,5475,5942,3485,4545,8417,8640,22.1792,15.5403,8.77934,47.9367
13021,3732,4491,5433,4504,3951,5574,8206,5048,3605,4310,4924,4182,3380,3597,3671,3557,-8.17964,5.47724,8.921,48.11
13022,3602,4738,7563,6073,3758,4613,7323,5728,3353,3650,4327,4095,3123,3288,3479,3590,-15.8388,10.7314,8.95523,48.202
13023,3121,3324,3445,3325,3309,3472,3940,3986,3324,3925,5189,6181,3444,4353,7414,10468,24.507,19.7973,8.60128,48.1467
13024,3287,3892,5617,10151,3427,3703,5039,8307,3279,3575,3905,4309,3085,3221,3386,3541,-17.8671,28.8859,8.96343,47.816
13025,4389,4250,3870,3384,6111,6572,4201,3473,6126,6397,4109,3548,4380,4184,3623,3315,-0.110325,-14.3761,8.74899,47.9547
13026,3182,3333,3401,3303,3414,3671,3812,3811,3889,4650,5257,4445,4285,7130,9299,5506,27.2956,3.45435,8.9619,48.2587
13027,3420,3313,3268,3124,4119,3823,3480,3171,6853,5025,3856,3443,11325,6604,3993,3458,22.3983,-23.9703,8.76435,48.1833
13028,3076,3334,3820,4229,3375,3647,4522,6441,3299,3803,5102,9810,3240,3552,4651,6036,5.87117,30.2631,8.9924,47.958
13029,9463,5358,3983,3373,8711,5111,3941,3403,4488,4076,3549,3301,3419,3534,3276,3149,-16.2198,-32.0447,8.95572,48.09
13030,3453,3399,3212,3124,3926,4003,3585,3290,5623,5773,4281,3572,8320,8474,4642,3636,22.4898,-14.4062,8.64748,48.2087
13031,3587,3885,4659,4222,3579,4821,7579,5457,3696,4522,6306,4944,3405,3736,4071,4002,-2.38364,8.94444,8.95672,48.314
13032,3231,3307,3563,3634,3226,3554,4192,4859,3272,3885,5465,9099,3355,3897,5289,8387,13.724,27.105,8.54837,48.1433
13033,5384,7828,5630,3998,4771,6681,5163,3987,3837,4197,3807,3529,3332,3481,3418,3194,-17.127,-5.4312,8.871,48.158
13034,4768,4946,3981,3416,6545,7557,4392,3587,5149,5645,3937,3505,4044,3981,3554,3367,-4.98197,-13.09,8.96377,48.2493
13035,3782,3691,3315,3174,4983,4372,3694,3227,8972,5866,3916,3406,7378,5375,3868,3343,11.9296,-21.7467,8.97311,48.2413
13036,9648,8588,4508,3561,5776,5196,4047,3515,3890,3836,3568,3252,3393,3283,3176,3120,-26.4972,-16.5618,8.89272,48.238
13037,7642,8746,4679,3678,5651,5896,4235,3622,3968,3925,3512,3316,3363,3404,3352,3082,-21.8481,-13.1895,8.92303,48.0473
13038,3302,3311,3426,3240,3520,3811,3880,3636,4223,5429,5271,4184,4728,8184,7470,4707,21.8905,-0.837335,8.72305,48.2147
13039,3360,3504,3333,3177,3915,4210,3844,3552,4786,6961,5257,3859,5366,7675,5621,3872,16.4292,-5.89981,8.73091,48.1947
13040,3474,3929,5822,11085,3347,3791,5048,7212,3134,3514,3904,4100,3145,3172,3446,3506,-20.3899,33.6662,8.77738,47.7527
13041,6697,9732,5772,3857,4847,5185,4341,3690,3615,3875,3612,3420,3323,3498,3276,3116,-29.9921,-8.93344,8.65189,47.904
13042,12601,6100,3807,3324,6138,4773,3591,3345,3902,3820,3406,3255,3320,3391,3239,3046,-33.0867,-27.063,8.87487,47.372
13043,3079,3166,3357,3436,3207,3557,3814,4004,3473,3858,4942,6432,3395,4126,6673,11316,24.2808,22.9171,8.66002,47.89
13044,3875,5304,9655,6999,3525,4339,5404,4801,3345,3583,3858,3902,3197,3347,3368,3351,-32.076,10.3946,8.54998,47.902
13045,3944,5022,5036,4170,4242,6580,7340,4412,3715,4713,4884,4057,3453,3628,3773,3486,-7.65289,1.02881,8.78222,48.3033
13046,3071,3209,3347,3441,3172,3382,3844,3987,3306,3765,4705,6215,3418,3896,5906,12436,30.3051,29.7328,8.52763,47.4
13047,3849,3740,3432,3135,4768,4597,3728,3378,7070,7464,4358,3479,5804,5800,4027,3615,10.2839,-14.5014,8.68925,48.1627
13048,3394,3465,3374,3207,3836,4050,3834,3428,4790,6736,5213,3869,5189,7698,5846,4143,16.9657,-4.95313,8.84467,48.048
13049,5784,7041,4725,3622,5893,7573,4687,3671,4126,4442,3819,3524,3456,3542,3304,3164,-14.3925,-10.2051,8.52765,48.2487
13050,7044,9751,5302,3806,4935,5273,4225,3680,3771,3880,3675,3290,3302,3390,3412,3194,-32.1403,-10.2484,8.52129,47.9533
13051,8467,8062,4528,3420,5905,5651,4181,3562,4005,3891,3568,3253,3363,3526,3373,3072,-22.0969,-15.553,8.55489,47.8847
13052,3363,3341,3144,3102,4020,3803,3461,3274,5957,5088,4016,3476,10458,7811,4226,3518,26.2616,-19.3068,8.76161,48.0387
13053,3460,3964,5689,10399,3378,3750,5089,7949,3291,3481,3914,4264,3121,3256,3443,3539,-18.3066,29.8599,8.69885,47.9913
13054,3384,3522,3481,3263,3769,4198,4179,3714,4409,6836,6061,4165,4567,6633,5920,4320,14.8081,-1.78956,8.53443,48.2807
13055,3038,3290,3426,3341,3206,3436,3681,3892,3378,3714,4642,5865,3470,3796,6083,12588,31.4779,29.3296,8.67856,47.2307
13056,3912,3860,3476,3389,4925,5200,4032,3453,6589,7861,4477,3557,4983,5349,3983,3468,6.98489,-12.6251,8.5203,48.3427
13057,3374,4199,7525,10732,3457,3829,4959,5785,3255,3552,3877,3929,3154,3312,3399,3299,-31.944,19.8996,8.59347,47.758
13058,3248,3437,3846,3981,3370,3705,5075,5586,3443,4063,6740,8256,3402,3886,4977,5434,6.72998,17.8757,8.93515,48.2993
13059,3286,3367,3251,3255,3671,3837,3654,3407,4475,5082,4595,3814,5913,9854,6548,4104,29.3444,-5.40341,8.99524,48.0753
13060,4285,6564,9352,5508,3838,4761,5523,4444,3506,3653,3834,3649,3345,3292,3392,3290,-25.0571,4.94215,8.68546,48.1573
13061,4000,3698,3503,3120,5682,4330,3659,3345,9872,5496,3810,3522,6639,4739,3773,3245,8.51464,-25.5632,8.78153,48.2887
13062,4055,3904,3610,3318,5475,5358,3992,3540,6912,7288,4209,3573,5029,4851,3927,3431,5.07435,-14.4058,8.61171,48.3147
13063,3384,3944,5232,7732,3431,3832,5306,9555,3235,3545,4154,5007,3225,3367,3508,3685,-12.2262,32.7199,8.52935,48.0947
13064,3193,3367,3556,3415,3360,3655,4128,4036,3678,4642,6577,5466,3858,5000,8118,6365,18.4319,10.2511,8.67609,48.276
13065,5989,4558,3714,3402,9713,5540,3898,3362,6262,4575,3617,3140,4028,3819,3474,3186,-6.31171,-24.3863,8.95098,48.1847
13066,3220,3414,4112,4772,3358,3803,5047,8344,3338,3684,4971,8314,3186,3591,4247,4725,-0.0189038,29.0956,8.88984,48.084
13067,3711,3628,3447,3326,4326,4850,4089,3360,5696,8030,4908,3672,5035,6015,4461,3801,10.3169,-9.3455,8.51946,48.2367
13068,3432,3735,4231,4249,3608,4375,6764,6094,3485,4218,6452,5774,3436,3702,4318,4297,-0.861688,13.1553,8.80853,48.1133
13069,3816,4388,4838,4024,4228,6173,7272,4501,3883,4739,5354,4079,3440,3744,3949,3668,-4.96019,2.37954,8.77264,48.064
13070,3543,4145,5374,4891,3578,4684,7928,6029,3595,4102,5378,4802,3261,3597,3900,3739,-6.46947,10.7813,8.77433,48.364
13071,3133,3217,3380,3418,3178,3587,4061,4141,3426,3932,5511,7020,3499,4217,6720,9476,19.6181,20.1324,8.655,47.944
13072,3051,3338,3390,3282,3304,3574,3912,3912,3561,4326,6006,5814,3619,4826,8397,7757,20.8637,13.4682,8.69048,48.046
13073,4978,6840,5507,4001,4793,7121,5543,4064,3892,4201,3974,3608,3485,3427,3356,3243,-14.7625,-4.47356,8.64706,48.022
13074,10236,7873,4335,3495,5762,4890,3935,3490,3948,3882,3564,3232,3374,3438,3277,3067,-32.2351,-18.4026,8.61252,47.8653
13075,12222,5943,3911,3497,6710,4856,3792,3396,3996,3836,3453,3175,3319,3373,3185,3031,-23.9114,-29.1655,8.83332,47.7967
13076,5508,4625,3842,3447,8227,6339,3963,3455,5890,5033,3737,3303,4073,3899,3424,3132,-5.43467,-18.8926,8.86518,47.9313
13077,3370,3949,6138,11926,3369,3714,4909,6672,3283,3432,3863,3990,3090,3163,3316,3390,-24.1987,27.4218,8.7184,47.716
13078,3300,3301,3545,3491,3299,3597,4153,4497,3444,4212,6093,7786,3486,4110,6165,7797,14.9846,19.3833,8.52981,48.184
13079,4275,4091,3513,3237,6092,5703,3966,3462,7163,6467,4067,3471,4930,4506,3811,3373,2.80684,-16.4998,8.55818,48.0847
13080,3901,3658,3326,3233,5210,4553,3708,3282,8570,6381,4080,3458,6486,5305,3871,3283,9.81589,-19.3804,8.73581,48.2033
13081,3097,3290,3569,3652,3285,3476,4100,4530,3405,3959,5260,8465,3306,3798,5524,9392,16.4791,28.3845,8.52637,48.072
13082,3141,3286,3519,3267,3392,3746,3941,3717,3831,4879,5636,4570,4243,6478,9108,5646,23.2178,5.24804,8.61501,48.2667
13083,5009,4574,3778,3220,7696,6447,4028,3508,6188,5377,3760,3310,4275,4101,3554,3141,-3.37265,-18.0149,8.8317,47.9773
13084,3701,3604,3421,3205,5083,4194,3618,3297,9579,5308,3902,3469,7616,4953,3774,3387,11.5208,-31.8467,8.59097,48.074
13085,5493,4782,3760,3329,8236,6375,3998,3385,5883,4897,3779,3394,3992,3904,3483,3257,-5.43027,-19.2781,8.58377,47.9647
13086,3299,3708,4681,6136,3391,3770,5088,9932,3336,3639,4428,6113,3190,3399,3744,4003,-6.9327,29.1813,8.64216,47.9047
13087,4196,4842,4394,3732,4696,7491,5798,3945,4168,5602,4722,3827,3667,3843,3763,3480,-4.46361,-4.02054,8.55046,48.1107
13088,6157,6018,4186,3455,6991,7320,4376,3629,4643,4693,3740,3294,3651,3631,3439,3174,-11.5652,-14.8011,8.68015,48.2647
13089,5039,8554,7821,4431,4304,5070,4929,4132,3478,3849,3779,3475,3309,3418,3384,3257,-32.8994,-0.996313,8.87849,48.1527
13090,3368,3807,4643,5364,3471,3988,6321,8402,3358,3698,4960,6150,3257,3502,3903,4168,-5.27652,19.7312,8.70748,48.24
13091,5127,5847,4333,3600,5962,8145,4701,3703,4446,4806,3881,3503,3589,3701,3476,3169,-9.95618,-10.2547,8.91574,47.9927
13092,5671,5233,4058,3428,7715,7071,4173,3611,5238,4833,3872,3282,3960,3799,3481,3301,-7.94604,-16.176,8.89689,48.484
13093,6643,9082,5361,3856,5142,6017,4418,3722,3812,3853,3741,3318,3453,3488,3316,3238,-21.5519,-10.2416,8.52351,48.3067
13094,3969,5014,5782,4374,3906,5936,7702,4772,3605,4339,4809,4027,3396,3612,3608,3476,-10.0652,3.79937,8.58167,48.218
13095,10206,5622,3882,3362,8167,5128,3854,3388,4351,3979,3476,3272,3495,3350,3184,3204,-17.9167,-31.0484,8.89952,47.9467
13096,3427,3969,5346,5118,3433,4424,7508,7068,3487,3960,5164,5044,3198,3548,3890,3783,-6.87864,14.2863,8.68363,48.2447
13097,5205,4382,3582,3241,8974,4955,3848,3260,7672,4798,3612,3377,4395,4053,3458,3247,-2.03512,-32.7659,8.86073,48.0393
13098,3343,3898,6008,12755,3420,3745,4843,6081,3245,3439,3833,3951,3191,3188,3227,3322,-29.2797,31.121,8.82139,47.6593
13099,3227,3388,3726,3895,3335,3643,4367,5848,3273,3840,5282,9779,3247,3722,4815,6522,8.38171,28.6333,8.68644,47.9393
13100,3186,3245,3393,3382,3384,3630,3821,3666,3803,4422,5432,4599,3909,6260,9641,6211,26.4149,7.04181,8.58663,47.9893
13101,3684,4524,6321,5319,3733,4816,7939,5937,3523,3960,4668,4320,3273,3499,3663,3590,-11.3072,10.2335,8.70892,48.5127
13102,5457,4535,3569,3247,9407,5081,3811,3345,7176,4710,3593,3226,4347,3870,3399,3112,-3.99327,-27.9996,8.69617,47.9233
13103,3114,3244,3358,3402,3271,3430,3734,3909,3377,3725,4951,5994,3360,4005,6880,11745,33.2472,22.6433,8.80647,47.666
13104,3511,4081,5186,4902,3655,4623,8037,6329,3573,4001,5396,4808,3327,3490,3851,3871,-6.7345,11.8215,8.94867,48.4273
13105,3555,4055,5223,4932,3600,4385,7703,6642,3389,4009,5277,4915,3233,3548,3823,3876,-6.41604,12.9019,8.75164,48.11
13106,3964,4805,5466,4331,4081,6115,7672,4761,3649,4459,4905,3954,3365,3619,3682,3558,-8.49195,3.40099,8.74337,48.2573
13107,3374,3403,3397,3144,3689,3897,3644,3430,4850,5646,4432,3679,6699,9615,5468,3910,24.3706,-9.17731,8.83276,48.1847
13108,3853,5790,9621,6383,3838,4609,5583,4711,3406,3586,3907,3625,3173,3344,3408,3319,-25.1113,7.80524,8.60463,48.104
13109,2924,3268,3419,3432,3165,3399,3936,4214,3381,3691,4883,7208,3477,3870,6006,11292,21.2446,27.7142,8.80952,47.71
13110,3490,3474,3224,3042,4183,4105,3548,3258,7020,5785,4022,3524,9098,6669,4145,3529,18.2592,-19.2369,8.73211,48.0773
13111,5611,8126,5459,3882,4999,6732,4852,3837,3907,4045,3808,3412,3369,3433,3326,3197,-18.1097,-7.04969,8.82156,47.9967
13112,3422,3349,3210,3159,3932,3858,3456,3348,5641,5155,3962,3424,10085,8148,4369,3448,27.4684,-17.6167,8.65071,47.9773
13113,3438,4002,6027,12504,3489,3775,4656,6286,3225,3498,3751,3847,3079,3326,3294,3365,-27.3728,31.0861,8.54355,47.708
13114,3488,3504,3154,3143,4448,3975,3538,3200,8422,5046,3976,3475,9922,5463,3855,3290,17.08,-30.8009,8.8197,47.9327
13115,3191,3392,3717,3951,3210,3706,4477,5778,3404,3707,5220,9932,3455,3664,4784,6529,8.1339,30.7128,8.61533,48.078
13116,9866,5599,3971,3465,8339,5195,3794,3396,4347,3955,3606,3249,3558,3520,3287,3016,-17.6489,-28.5569,8.63653,48.1087
13117,7863,7148,4329,3521,7051,6337,4026,3565,4353,4048,3548,3315,3491,3465,3374,3025,-16.8933,-16.6763,8.83588,48.306
13118,3615,4429,7249,8062,3606,4261,6080,6550,3311,3677,4077,4203,3041,3212,3475,3504,-18.3235,16.3101,8.61544,48.2347
13119,5089,4581,3610,3342,8364,5721,3861,3333,6753,5241,3677,3430,4285,4024,3576,3277,-3.04747,-21.4491,8.60738,48.1093
13120,4535,5627,4810,3942,4772,7742,5932,3897,3988,4822,4248,3618,3607,3621,3545,3334,-10.0476,-4.05836,8.53553,48.0267
13121,3346,3984,6200,12510,3368,3757,4736,5913,3276,3416,3755,3876,3121,3236,3329,3356,-31.5735,27.0398,8.75499,47.4527
13122,3153,3398,3448,3318,3558,3749,3937,3672,4116,4943,5771,4516,4300,6765,8622,5225,21.4854,3.41596,8.52761,48.3273
13123,3682,3559,3225,3104,4734,4166,3541,3133,8373,5942,3999,3584,7991,5807,3939,3417,14.1393,-20.694,8.96065,48.1307
13124,3089,3289,3397,3465,3269,3492,3758,3976,3436,3805,5050,5641,3515,4201,7830,10618,28.7415,18.9529,8.83527,47.8873
13125,3501,3807,5814,10754,3480,3804,5085,7612,3217,3464,3968,4228,3095,3299,3511,3471,-19.41,31.917,8.5202,48.0733
13126,5948,6477,4376,3629,6448,7419,4489,3550,4421,4421,3857,3310,3599,3699,3401,3193,-12.7386,-13.2768,8.61788,48.158
13127,3088,3139,3349,3393,3134,3454,3738,4059,3372,3740,4892,6690,3331,3933,6341,12183,24.1933,26.4095,8.82799,47.8907
13128,3140,3296,3402,3369,3398,3614,3823,3714,3658,4230,5080,5134,3867,5194,9410,7632,32.8028,11.9649,8.73967,47.974
13129,4288,5715,5727,4404,4364,6753,6648,4358,3807,4253,4312,3618,3339,3574,3392,3313,-12.2366,0.102456,8.73981,47.91
13130,3319,3358,3202,3158,3938,3800,3528,3227,6438,4877,3729,3308,12351,6127,3844,3229,24.5954,-26.9646,8.99125,47.622
13131,3422,3558,3221,3186,4410,4159,3546,3404,7359,6114,4075,3430,7834,6464,4164,3542,16.0248,-17.8216,8.75404,47.9253
13132,3231,3262,3396,3335,3323,3465,3765,3887,3344,4102,5167,5535,3466,4337,8332,9662,33.5041,17.0826,8.74905,47.7393
13133,12755,6082,3807,3341,6054,4820,3811,3344,3863,3792,3402,3339,3397,3319,3245,3165,-30.9286,-28.8271,8.69535,47.6907
13134,3729,4966,7789,6566,3590,4500,6813,5753,3350,3637,4128,4117,3087,3361,3482,3341,-17.3672,11.1789,8.54147,48.1393
13135,4436,5639,5429,4073,4531,7419,6546,4194,3804,4558,4421,3694,3514,3673,3600,3433,-10.4657,-1.62501,8.9984,48.6427
13136,3206,3346,3331,3261,3446,3611,3768,3508,4290,5092,4927,4061,4805,8739,8007,4757,27.9027,-0.962586,8.72143,48.1033
13137,3734,4639,6663,5680,3728,4875,7830,5568,3455,3966,4436,4255,3238,3432,3528,3475,-13.3961,9.0437,8.78822,48.3347
13138,3842,4592,5728,4646,3882,5382,8115,5150,3576,4128,4938,4059,3299,3524,3730,3564,-9.16525,6.55206,8.59137,48.1033
13139,3737,5088,8263,6143,3659,4630,6803,5304,3420,3591,4073,3942,3125,3401,3450,3400,-18.0369,9.43594,8.59751,48.0193
13140,12396,6384,3903,3334,6064,4819,3807,3350,3875,3799,3391,3231,3462,3429,3270,3199,-30.6932,-25.5336,8.99339,47.8087
13141,3343,3306,3317,3076,3849,3888,3636,3294,5032,5980,4481,3663,6554,9228,5372,3702,21.5469,-9.68858,8.8269,47.814
13142,3397,3491,3280,3158,3957,3899,3463,3206,5918,4937,3697,3274,11748,7099,4043,3384,32.3876,-21.9286,8.91899,47.9673
13143,5067,8295,6896,4323,4478,5761,5173,4082,3475,3907,3818,3590,3181,3365,3264,3152,-21.2262,-2.62053,8.65558,47.8847
13144,3159,3439,3750,3824,3231,3528,4414,5410,3325,3761,5577,9730,3253,3684,5031,6853,9.50296,24.7993,8.88854,47.9793
13145,3573,4571,8003,7491,3563,4141,6176,5925,3358,3644,4046,4130,3188,3276,3511,3463,-19.0063,14.1446,8.54369,48.0393
13146,3661,3541,3403,3169,4258,4609,3889,3432,5627,8001,4896,3704,5297,6129,4576,3616,11.3352,-9.58601,8.7987,47.872
13147,4387,3992,3405,3317,7393,4615,3683,3272,9285,5270,3875,3380,5373,4456,3694,3264,3.60938,-28.7212,8.56497,48.4407
13148,3502,3841,5969,12288,3363,3722,4583,5904,3290,3448,3692,3912,3234,3349,3292,3475,-33.0861,33.8059,8.63852,47.2427
13149,3331,3713,4495,5314,3305,3940,6104,8407,3359,3721,5171,6435,3251,3450,4007,4217,-3.72773,19.7902,8.96671,48.1467
13150,3470,3967,4875,5399,3584,4153,6983,7609,3405,3953,5135,5557,3226,3417,4009,4072,-6.09094,16.7701,8.66869,48.5427
13151,3425,3379,3187,3055,4033,3860,3424,3200,6428,4978,3892,3369,11895,6514,3961,3303,24.7195,-23.7645,8.9985,47.9353
13152,3067,3200,3418,3329,3193,3416,3879,3934,3439,3866,4825,6404,3389,4001,6035,12406,25.655,31.032,8.51799,47.8673
13153,3259,3556,3513,3424,3662,4194,4307,3772,4088,5960,6989,4588,4089,5811,6504,4609,13.5861,2.71646,8.59214,48.2167
13154,3104,3229,3444,3527,3302,3658,4048,4069,3563,4401,6167,5787,3636,4743,8070,7273,19.221,13.1226,8.8699,48.014
13155,3059,3264,3524,3437,3210,3457,3843,3985,3417,3799,4834,6306,3331,3967,6372,11995,25.8016,25.0143,8.625,47.8667
13156,3215,3470,3636,3695,3321,3697,4467,4839,3489,4147,6919,7565,3411,4050,5767,6277,11.004,16.5913,8.81288,47.9767
13157,5330,8566,6189,4065,4657,6161,5096,3985,3611,3949,3888,3511,3275,3365,3258,3278,-20.1586,-4.65944,8.93513,48.1227
13158,3470,4100,5927,6291,3468,4209,7076,7716,3376,3706,4423,4687,3057,3454,3573,3757,-11.271,16.0898,8.8612,48.1933
13159,3169,3522,4040,4617,3359,3667,4710,7754,3348,3690,5059,8816,3273,3576,4265,5099,1.70124,30.4949,8.79435,47.976
13160,3018,3140,3464,3380,3163,3534,3774,4024,3418,3857,5277,6577,3392,4180,7160,10591,22.6376,20.7979,8.99983,47.966
13161,3578,4414,8041,9228,3378,4041,5462,6151,3302,3598,3866,4085,3083,3314,3354,3412,-22.182,17.1712,8.55655,48.2047
13162,3143,3344,3291,3250,3247,3583,3846,3765,3603,4243,5652,5026,3705,5323,9887,7127,25.5904,10.8707,8.86679,48.0233
13163,3420,3479,3393,3436,3646,4190,4467,3842,4119,6287,7196,4622,4241,5421,5997,4568,12.3115,1.78516,8.96208,48.216
13164,10937,6012,4005,3476,7288,5003,3790,3523,4246,3830,3458,3126,3458,3334,3266,3001,-20.6613,-25.8235,8.75024,47.8353
13165,3163,3420,3719,3634,3285,3664,4530,4738,3488,4294,7112,7538,3429,4069,5876,6351,11.1655,15.9572,8.54303,48.2067
13166,3077,3173,3412,3454,3279,3482,3871,4111,3348,3810,5003,7807,3433,3832,5690,10939,19.2986,29.5139,8.87303,47.814
13167,3190,3234,3356,3276,3261,3409,3824,4032,3430,4016,5273,5972,3566,4321,7816,10056,24.4102,18.4074,8.58787,48.0213
13168,3279,3307,3361,3240,3687,3941,3819,3496,4338,5842,5319,4063,4975,8197,7045,4617,20.5941,-1.96214,8.90209,48.3507
13169,3605,4093,4251,3927,3870,5179,6690,4662,3862,5172,6773,4511,3498,4016,4284,3884,0.0243896,5.04138,8.55059,48.1847
13170,12323,6307,3950,3445,6483,4856,3828,3281,3880,3769,3436,3104,3528,3330,3182,3040,-26.0593,-26.1531,8.74798,47.828
13171,3484,3340,3147,3084,3901,3778,3524,3197,5887,5063,3895,3361,10350,7958,4326,3422,26.0882,-18.2006,8.92951,47.8113
13172,3223,3921,5747,8656,3383,3885,5556,8470,3149,3567,4138,4739,3257,3251,3474,3662,-15.2554,23.361,8.53912,48.052
13173,3422,3953,5951,12534,3308,3778,4825,6079,3255,3320,3763,3914,3204,3208,3286,3468,-27.6556,32.4685,8.85293,47.512
13174,11402,5822,3924,3417,7258,4990,3856,3358,4258,3712,3479,3216,3504,3412,3270,3146,-21.0757,-29.7688,8.6433,48.016
13175,12578,6135,3912,3281,6076,4877,3733,3373,4039,3736,3474,3236,3352,3366,3261,3089,-33.9164,-27.4258,8.75952,47.6787
13176,9739,5717,3863,3429,8259,5295,3837,3444,4473,4102,3604,3221,3547,3469,3216,3189,-17.0127,-25.7286,8.51413,48.2693
13177,3453,4114,6795,11417,3413,3803,5092,6517,3263,3432,3874,4000,3020,3263,3222,3373,-23.5905,22.8682,8.57077,48.034
13178,3707,4435,5019,4385,3880,5448,8022,4902,3666,4485,5387,4279,3428,3615,3789,3645,-6.1029,5.70802,8.71592,48.0613
13179,3874,5037,6127,4674,4048,5735,7632,4973,3708,4127,4409,4057,3232,3469,3585,3475,-12.0936,4.77477,8.72851,48.108
13180,5789,4623,3684,3249,9726,5227,3813,3434,6418,4558,3617,3296,4068,3905,3469,3199,-5.95473,-28.6259,8.61161,48.05
13181,3747,5357,9821,7669,3512,4190,5143,5024,3287,3551,3830,3753,3115,3361,3387,3372,-29.3107,11.2053,8.87426,48.0793
13182,3209,3266,3332,3337,3412,3608,3787,3741,3646,4470,5497,5045,3921,5496,9685,6912,24.7478,9.39363,8.98541,48.2427
13183,3767,3667,3456,3152,4823,4471,3668,3343,7759,6872,4132,3480,6342,5747,4150,3473,11.4387,-17.1619,8.50413,48.2013
13184,3904,5646,10104,6814,3774,4310,5218,4743,3275,3581,3915,3695,3171,3273,3335,3368,-30.9802,9.02774,8.91295,48.084
13185,5438,4323,3619,3362,8966,5015,3748,3380,7287,4740,3822,3267,4343,4046,3499,3309,-2.96733,-30.3263,8.61602,48.1093
13186,3398,3820,5989,12690,3372,3811,4646,5891,3295,3418,3770,3973,3174,3189,3346,3439,-31.9825,30.8062,8.91316,47.4807
13187,3194,3284,3361,3379,3268,3633,3922,3828,3692,4356,5328,4845,3799,5584,9936,6913,27.9464,9.63328,8.61774,48.2147
13188,10356,7991,4288,3492,5774,5062,3968,3432,3891,3841,3491,3144,3381,3289,3311,3090,-27.557,-18.1501,8.81596,47.8673
13189,3547,4325,7997,9895,3469,3883,5259,6153,3154,3498,3869,3901,3137,3206,3280,3413,-23.3684,18.1109,8.93239,47.9907
13190,4086,6341,9795,5817,3804,4638,5208,4666,3429,3726,3854,3744,3290,3321,3354,3295,-33.111,5.85247,8.58344,48.2453
13191,3511,3388,3211,3194,3901,3824,3400,3219,5955,4610,3737,3371,12429,5957,3764,3546,30.1929,-32.0005,8.63488,47.3447
13192,3991,6116,9341,5822,3889,4742,5743,4787,3407,3744,3894,3838,3121,3226,3359,3231,-22.3702,6.55901,8.99846,48.1673
13193,3640,4744,9015,7981,3525,4250,5677,5566,3342,3443,3855,3912,3064,3246,3429,3467,-23.0793,13.2781,8.9728,48.104
13194,3061,3182,3318,3334,3349,3700,3860,3820,3693,4429,5370,4848,3856,5709,9871,6868,27.0457,9.32821,8.71703,48.1787
13195,4845,4145,3589,3341,8380,4899,3751,3379,8082,4905,3846,3381,4758,3944,3513,3169,-0.669298,-30.8111,8.88508,47.9513
13196,3505,3659,3915,3800,3747,4704,5520,4306,4047,5866,7748,4753,3764,4544,4950,4241,5.52965,4.08,8.55788,48.7127
13197,10451,5918,3892,3358,7710,5139,3808,3376,4416,3931,3485,3309,3424,3414,3312,3052,-18.6391,-26.1631,8.69157,47.9967
13198,3417,3390,3271,3057,3897,3928,3605,3171,5629,5477,4165,3554,8780,8673,4683,3588,23.8257,-14.899,8.86587,48.19
13199,3383,3826,4359,4314,3522,4365,6960,5684,3632,4360,6692,5421,3426,3754,4438,4253,-0.602554,11.7199,8.75988,48.2593
13200,3477,3754,3756,3651,3818,4860,5065,3952,4356,6590,7015,4403,3893,4859,4888,4042,6.35928,1.16628,8.80764,48.2527
13201,4250,4050,3515,3193,6252,5159,3815,3426,8255,6152,4033,3377,5273,4530,3753,3246,4.27461,-19.1937,8.97727,48.186
13202,3370,3555,3861,3811,3437,4149,5372,4809,3736,4906,8008,5823,3603,4064,5121,4761,6.18539,10.0111,8.66191,48.2573
13203,10791,7382,4128,3425,6151,5124,3998,3374,3879,3875,3494,3309,3339,3332,3263,2975,-24.7089,-20.1089,8.93302,47.8927
13204,3300,3399,3599,3312,3608,4009,4436,3919,3955,5571,7336,4816,4107,5354,6791,4859,14.0602,4.55475,8.65279,48.2473
13205,6428,7841,4755,3733,5801,6746,4479,3701,4042,4179,3737,3413,3459,3541,3381,3151,-17.2923,-11.3381,8.59986,48.258
13206,3501,4206,6441,7007,3471,4275,6745,7091,3355,3655,4373,4487,3071,3228,3574,3614,-14.4855,16.0181,8.73345,48.0627
13207,3327,3909,5708,9636,3462,3846,5152,8397,3230,3527,4074,4437,3050,3256,3537,3417,-16.8537,26.7563,8.74738,47.9767
13208,4397,4672,3995,3571,5388,7781,4818,3706,4785,6074,4339,3701,3918,4154,3748,3342,-3.52471,-8.97086,8.76169,48.2593
13209,3189,3205,3344,3311,3421,3673,3854,3732,3840,4430,5410,4700,4165,5999,9632,6191,27.8415,7.05615,8.63898,48.064
13210,3382,3525,3418,3306,3866,4255,3993,3616,4786,7115,5649,4015,4891,6655,5576,4017,14.2033,-4.02743,8.62235,48.0433
13211,3184,3393,3413,3629,3165,3469,4029,4463,3376,3848,5148,8216,3363,3753,5570,9892,16.8465,30.7478,8.77411,47.9407
13212,3393,3724,4087,3989,3537,4254,5949,5014,3626,4842,7805,5641,3575,3912,4824,4506,3.60316,10.0374,8.80725,48.452
13213,3491,3480,3432,3209,4383,4305,3717,3384,6406,7384,4421,3508,6144,6911,4564,3641,14.3377,-12.8084,8.89738,48.2533
13214,3689,4689,5994,4895,3899,5187,8019,5332,3619,4013,4702,4125,3343,3554,3617,3567,-10.1926,7.31195,8.7781,48.1627
13215,3506,3979,6412,12455,3325,3818,4846,6247,3195,3456,3767,3969,3009,3059,3366,3432,-27.0615,25.8078,8.79691,47.894
13216,9367,5612,3903,3455,8591,5147,3803,3370,4573,4158,3529,3148,3585,3429,3324,3156,-16.1709,-32.5942,8.64462,48.1
13217,3833,5140,8859,6785,3717,4446,6115,5279,3444,3647,3949,3871,3095,3327,3339,3291,-20.2075,10.5736,8.74015,48.0913
13218,3653,5121,9657,8088,3580,4214,5240,5323,3225,3530,3721,3795,3149,3375,3282,3341,-28.6065,12.4924,8.58407,48.196
13219,3180,3379,3470,3579,3367,3780,4307,4096,3756,4750,7078,5659,3685,4918,7476,5938,15.8346,9.76935,8.71803,48.2787
13220,4126,4038,3573,3206,5401,6024,4173,3513,6144,7600,4511,3518,4478,4810,3811,3393,2.91546,-12.3059,8.95633,48.2127
13221,3160,3409,3672,3841,3361,3809,4618,4944,3424,4122,7030,7638,3431,4150,5632,6225,10.5573,16.7914,8.75113,48.3107
13222,3160,3221,3425,3576,3198,3350,3999,4540,3392,3834,5043,8696,3398,3847,5529,9784,16.4555,29.4041,8.96579,47.9947
13223,5225,8813,6770,4351,4567,5724,4915,3916,3588,3808,3794,3489,3334,3355,3302,3190,-22.9712,-3.49451,8.66723,48.094
13224,3349,3569,3596,3511,3691,4364,4734,3923,4074,5969,7725,4692,3919,4947,5705,4483,10.0253,3.74979,8.78545,48.1673
13225,3379,3385,3171,3240,4033,3771,3489,3397,6012,4687,3723,3345,12421,5940,3855,3382,32.3301,-29.754,8.67196,47.4867
13226,4832,6684,5320,4006,4951,7362,5567,3960,3855,4518,4093,3574,3532,3635,3468,3242,-13.1594,-4.95499,8.57924,48.3993
13227,3953,4285,3862,3564,4799,6803,4936,3841,4745,6858,4952,3674,4032,4384,3987,3518,0.351033,-6.37819,8.93212,48.1287
13228,3373,3853,4615,5166,3500,4104,6416,7836,3355,3723,5135,6121,3250,3538,3981,4124,-4.3398,18.2054,8.82713,48.06
13229,3261,3529,4292,5147,3375,3879,5064,8659,3397,3765,4893,7924,3242,3510,4067,4488,-1.33133,29.0292,8.59312,48.328
13230,6578,5062,3847,3414,9025,6180,3867,3332,5307,4580,3735,3293,3847,3700,3365,3168,-9.23491,-21.3517,8.87054,48.2
13231,4463,4693,4035,3635,5652,7447,4810,3661,4970,5886,4246,3486,3906,4173,3546,3301,-3.78376,-10.1529,8.50035,47.94
13232,5018,4304,3549,3257,8292,5325,3828,3330,7519,5000,3683,3313,4577,4129,3567,3248,-1.469,-24.2313,8.55998,47.9593
13233,3166,3246,3645,3762,3247,3588,4191,5291,3398,3797,5315,9702,3456,3725,5015,7627,11.7869,31.7297,8.8451,48.114
13234,3606,4077,4400,3960,3980,5711,6723,4489,4011,5423,6262,4370,3656,3955,4217,3823,-1.12465,2.41716,8.59724,48.442
13235,3919,4657,5211,4511,4026,5959,7983,4922,3674,4428,4991,4116,3488,3567,3676,3577,-7.8696,4.22835,8.78441,48.47
13236,6451,4685,3690,3321,9680,5488,3851,3426,5821,4503,3544,3221,3945,3790,3451,3182,-7.94859,-25.5735,8.71975,48.0327
13237,3440,3550,4147,3922,3576,4240,6137,5013,3692,4578,7535,5692,3413,3921,4736,4632,3.05725,10.4427,8.98451,48.1493
13238,3424,3694,4525,4730,3562,4173,6481,6943,3457,3980,5828,6235,3274,3598,4212,4381,-1.76228,16.3487,8.67699,48.3313
13239,3776,5466,9959,7059,3636,4363,5458,5016,3330,3592,3827,3769,3111,3213,3373,3343,-26.431,10.043,8.89155,48.194
13240,4447,4072,3502,3166,6645,4958,3718,3392,8454,5794,4029,3396,5219,4510,3683,3232,3.53694,-21.4413,8.60627,48.1447
13241,4402,4350,3633,3247,6379,6325,4183,3462,6275,6435,4012,3535,4382,4338,3737,3496,-0.131753,-15.2346,8.8235,48.1273
13242,4884,4250,3632,3153,8402,4990,3695,3285,8255,5078,3718,3343,4661,4145,3486,3194,-0.474706,-27.1186,8.95917,48.114
13243,3031,3288,3370,3409,3208,3470,3823,3968,3425,3761,4958,6049,3527,4151,7332,11156,26.2563,20.6954,8.92621,47.9507
13244,3356,3742,4308,4469,3534,3984,6098,6407,3504,4143,6146,6550,3278,3710,4308,4532,0.247845,16.0417,8.54758,48.046
13245,3396,3826,4800,4897,3505,4277,6844,7077,3488,3930,5518,5965,3344,3565,4047,4189,-3.77071,15.854,8.63303,48.4453
13246,3954,4355,4358,3761,4180,6401,6150,4189,4204,5760,5602,4060,3678,4044,3992,3702,-1.96093,-0.539293,8.77288,48.26
13247,4163,3922,3553,3182,6369,4982,3871,3367,8521,5807,3950,3473,5332,4785,3828,3266,4.17929,-21.2074,8.52385,48.2473
13248,3465,3521,3298,3157,4322,4027,3622,3257,7251,5887,3941,3455,8486,6602,4286,3547,17.5576,-18.7996,8.50374,48.0827
13249,3687,4904,8185,6456,3652,4584,6808,5454,3368,3692,4092,3950,3178,3328,3554,3366,-17.667,10.3491,8.92528,48.172
13250,3746,3673,3270,3260,4986,4198,3542,3268,9503,5350,3825,3462,7813,5112,3809,3262,12.2807,-26.1613,8.77587,48.0527
13251,3958,5001,7020,5176,3764,5091,7602,5308,3504,3932,4402,4102,3236,3358,3508,3493,-13.9828,7.20587,8.67225,48.3033
13252,3953,4884,6271,4878,3872,5269,7899,5456,3494,3951,4588,4001,3266,3402,3582,3618,-11.7007,6.84207,8.78282,48.256
13253,3041,3217,3336,3375,3270,3408,3803,3953,3366,3911,4911,6531,3325,3990,6523,11917,24.7825,24.7064,8.79828,47.918
13254,3403,3368,3277,3058,3961,3968,3496,3320,6059,5335,3946,3516,9522,7883,4413,3494,22.6974,-17.737,8.84877,48.0127
13255,3881,5339,9432,6870,3718,4352,5704,5027,3411,3603,3861,3812,3140,3270,3393,3272,-23.6637,9.70805,8.65932,48.0567
13256,3378,3650,4971,7328,3367,3832,5392,9940,3249,3500,4260,5362,3109,3295,3592,3736,-10.6237,29.1584,8.74699,47.974
13257,3779,3606,3358,3023,4960,4086,3679,3185,9390,5315,3856,3381,7934,5208,3750,3410,12.3971,-26.9497,8.66525,47.9467
13258,7144,4887,3731,3339,9957,5299,3827,3290,5281,4357,3548,3301,3776,3644,3303,3048,-10.4882,-27.7137,8.77851,47.8213
13259,3424,3481,3337,3233,4223,4042,3607,3294,6656,6134,4108,3588,8001,7193,4405,3613,17.9689,-16.7498,8.69513,48.226
13260,3154,3212,3377,3364,3155,3327,3807,4087,3448,3876,4989,6634,3417,4094,6739,11404,23.3826,23.0466,8.95875,48.056
13261,7971,7227,4441,3646,6546,6247,4176,3480,4099,3952,3584,3351,3520,3548,3339,3220,-18.0756,-16.1311,8.87735,48.2313
13262,3778,5444,8257,6041,3666,4730,6569,5226,3438,3864,3988,3790,3188,3285,3502,3519,-18.2383,8.69506,8.56623,48.19
13263,3226,3648,4140,4085,3668,4188,5867,5447,3560,4379,7293,6283,3497,3832,4693,4666,3.4451,12.5909,8.65981,48.3147
13264,3427,3871,5961,12842,3543,3810,4732,6125,3236,3442,3701,3874,3015,3320,3295,3381,-27.1189,32.7102,8.96886,47.7167
13265,6972,9829,5391,3776,4946,5285,4252,3681,3835,3865,3634,3271,3416,3366,3307,3113,-33.7714,-10.188,8.76089,47.9593
13266,3357,3368,3343,3245,3511,3704,3581,3377,4329,5113,4693,3964,5445,9187,7223,4463,30.099,-3.09678,8.8158,47.9353
13267,4643,7261,6740,4578,4391,6007,5877,4139,3583,3987,3895,3659,3324,3438,3447,3125,-17.6881,-0.815668,8.70352,48.0627
13268,3395,3397,3169,3126,4043,3940,3426,3314,7111,4954,3815,3282,11382,6269,4027,3317,21.599,-25.8866,8.87234,47.978
13269,3602,3808,3618,3395,3926,4826,4514,3815,4444,7403,6437,4254,4223,5265,4977,3978,8.64528,-1.98042,8.89295,48.3233
13270,4181,4356,3739,3297,5856,6350,4368,3527,6139,6999,4398,3532,4360,4445,3772,3354,1.07143,-12.5184,8.92372,48.4487
13271,3389,3669,4233,5282,3392,3720,5106,9095,3137,3785,4729,7483,3275,3521,3989,4467,-2.66231,32.251,8.79587,48.1813
13272,3543,3610,3364,3010,4570,4204,3663,3240,8039,5603,3898,3349,8733,6029,4035,3381,16.0655,-22.3213,8.6687,48.1807
13273,4381,4353,3860,3388,5713,7000,4529,3627,5488,6631,4383,3535,4321,4336,3720,3269,-0.851533,-11.5478,8.79443,48.356
13274,6523,6641,4332,3510,6624,7067,4316,3604,4408,4434,3674,3359,3554,3654,3427,3170,-13.8978,-14.1386,8.62756,48.198
13275,3418,4039,6119,11571,3278,3776,4969,7065,3224,3504,3840,4270,3114,3237,3345,3406,-22.5302,26.5493,8.70709,48.1167
13276,3765,3571,3396,3159,5038,4252,3575,3264,9642,5057,3819,3398,7710,5062,3877,3398,12.2621,-30.7123,8.88633,47.9887
13277,3426,4009,5991,12204,3344,3623,4784,6917,3284,3375,3798,4170,3010,3263,3476,3375,-23.099,27.0526,8.97524,48.0327
13278,3583,3820,3714,3689,3922,5036,5232,4001,4236,6417,7121,4444,4002,4618,4703,4029,5.15946,1.2786,8.5319,48.378
13279,4151,5419,5692,4281,4235,6447,6965,4560,3744,4380,4493,3932,3346,3644,3591,3373,-11.1144,1.13461,8.55183,48.1687
13280,4128,3786,3416,3223,6087,4500,3553,3255,9880,5313,3714,3421,6238,4693,3579,3360,6.85638,-28.1018,8.53337,48.0973
13281,4761,7922,7751,4758,4125,5306,5404,4214,3652,3651,3787,3504,3305,3367,3320,3277,-22.9804,-0.390601,8.64274,48.0693
13282,5227,4376,3615,3274,9032,4953,3741,3269,7448,4739,3768,3330,4473,4051,3426,3288,-2.7635,-30.9979,8.71708,48.0067
13283,3059,3421,3720,3777,3293,3743,4592,5223,3404,3985,6386,8365,3441,4063,5232,6435,9.65126,19.3138,8.5499,48.0927
13284,3428,3574,3396,3105,4011,4471,3869,3507,5274,7490,4738,3775,5696,7299,4969,3885,15.0433,-8.59187,8.56711,48.3247
13285,3313,3718,4448,4935,3420,4077,6196,7951,3378,3931,5438,6639,3196,3415,3978,4345,-2.80344,19.0269,8.9096,48.252
13286,3294,3590,3792,3700,3607,4178,5056,4459,3867,5237,8050,5371,3721,4507,5550,4686,8.5239,7.43871,8.56628,48.4433
13287,3203,3266,3610,3677,3250,3510,4104,5042,3434,3866,5177,9479,3331,3836,5175,8151,12.7089,30.4014,8.9216,48.074
13288,3339,4070,6572,11666,3358,3906,4926,6472,3127,3417,3932,4000,3038,3231,3376,3422,-24.598,23.4828,8.7559,47.9013
13289,7326,9760,5301,3936,5033,5086,4343,3617,3707,3822,3602,3373,3314,3321,3316,3195,-31.4898,-10.6093,8.79267,48.0347
13290,3128,3334,3527,3387,3263,3478,3843,3938,3419,3957,5217,6089,3405,4328,7804,10027,24.2514,18.5331,8.92797,48.096
13291,3269,3373,3389,3185,3445,3600,3843,3717,3852,4462,5378,4485,4077,6322,9813,6007,27.6493,6.23821,8.99547,48.1447
13292,3340,3289,3278,3129,4086,3784,3463,3178,7161,4940,3901,3474,11479,5844,4003,3409,21.7448,-33.3938,8.78009,47.8387
13293,6379,6185,4286,3494,7159,7185,4253,3483,4522,4474,3630,3437,3619,3692,3372,3161,-12.5943,-15.5167,8.69409,48.2207
13294,3744,3494,3282,3116,4807,4135,3544,3167,9055,5412,3766,3396,8330,5339,3955,3340,13.7585,-25.6191,8.54475,47.9213
13295,5397,4319,3743,3269,9188,5170,3723,3472,7353,4757,3717,3333,4337,3918,3490,3169,-2.9909,-28.2656,8.70502,48.2367
13296,3496,3476,3173,3139,4034,3794,3451,3254,6148,4810,3812,3351,12360,5937,3745,3305,33.9132,-28.8283,8.59646,47.5233
13297,3110,3246,3297,3412,3252,3570,3765,3965,3375,3921,4987,5766,3335,4110,7388,10838,30.8388,20.1438,8.59199,47.558
13298,9333,5296,3826,3495,8920,5202,3709,3439,4628,4061,3593,3335,3614,3509,3256,3101,-15.433,-30.2471,8.95788,48.2113
13299,3393,4011,5896,9271,3493,3843,5341,8125,3292,3622,4100,4440,3208,3289,3439,3537,-16.3051,23.3874,8.78256,48.2
13300,3754,3661,3364,3096,4853,4271,3630,3272,8634,6064,4046,3481,7109,5571,4120,3364,11.812,-20.7238,8.63968,48.1933
13301,3395,3425,3311,3080,4300,4167,3517,3183,7240,6088,3950,3444,8685,6888,4103,3436,17.2772,-18.7081,8.93851,48.1413
13302,3499,4511,7841,9081,3534,3964,5608,6111,3232,3628,3977,3965,3046,3229,3319,3385,-21.8187,17.136,8.61133,47.9533
13303,4819,7065,5994,4257,4633,6555,5589,4083,3795,4169,4048,3591,3386,3420,3425,3287,-16.2477,-3.07185,8.6342,48.0773
13304,4031,4154,3691,3310,5282,6167,4128,3478,5984,7419,4530,3728,4478,4632,3916,3422,2.6445,-11.2178,8.76911,48.2333
13305,3657,3537,3280,3262,5144,4260,3542,3217,9436,5297,3788,3485,7506,5130,3803,3320,11.3398,-33.6599,8.54999,47.776
13306,12593,5998,3964,3353,6418,4758,3730,3423,3902,3692,3535,3165,3425,3290,3321,3223,-26.5684,-30.4044,8.89202,47.86
13307,3139,3232,3458,3623,3276,3590,3987,4242,3356,3995,5471,7065,3524,4171,7002,9214,19.2479,19.4168,8.53953,48.23
13308,3285,3347,3267,3220,3655,3805,3716,3415,4460,5098,4683,3880,5530,9463,6919,4303,31.5329,-4.13728,8.94249,48.0307
13309,3700,4600,7077,5890,3680,4630,7485,5962,3399,3801,4235,4162,3135,3374,3450,3593,-14.5642,10.7297,8.70296,48.1153
13310,3771,4454,5492,4467,3885,5595,7905,4903,3646,4451,4983,4263,3328,3608,3808,3642,-7.67007,5.43771,8.54317,48.134
13311,3289,3326,3254,3260,3538,3713,3753,3748,3955,4833,5338,4361,4343,7047,8992,5353,25.3705,3.31392,8.61089,48.0687
13312,3200,3299,3595,3753,3207,3543,4268,4885,3316,3827,5247,9640,3410,3746,5055,7961,12.4729,29.5867,8.72867,47.968
13313,6400,9670,5950,4035,4827,5278,4429,3794,3709,3842,3692,3339,3335,3417,3302,3207,-29.1941,-7.88791,8.55182,48.1507
13314,3391,3276,3232,3074,3860,3846,3569,3327,5493,5361,4156,3569,8853,8792,4659,3619,26.9406,-14.7698,8.64257,48.0513
13315,3980,3688,3326,3122,5509,4503,3652,3336,9303,5829,3818,3368,6488,5032,3885,3258,8.47788,-23.086,8.55911,48.0647
13316,3572,3834,3935,3644,3884,4939,5099,3942,4249,6510,6848,4304,4093,4740,4780,4059,5.58583,0.518526,8.55903,48.288
13317,3278,3385,3915,3959,3291,3507,4522,6108,3405,3876,5058,10106,3232,3762,4605,6162,6.96349,28.8069,8.94532,48.114
13318,3685,3544,3226,3235,5344,4319,3591,3299,9793,5189,3946,3352,7412,5076,3809,3330,10.7449,-31.4937,8.88376,48.1
13319,9754,5951,3965,3418,8042,5366,3900,3438,4415,3958,3547,3258,3494,3374,3232,3061,-17.7598,-24.4164,8.59445,48.1153
13320,4791,4370,3609,3259,7701,5504,3797,3393,7356,5419,3779,3561,4692,4150,3601,3257,-0.352879,-20.8475,8.92665,48.1593
13321,3314,3846,5442,9742,3392,3800,5150,8618,3238,3445,3976,4547,3077,3206,3637,3365,-16.5441,30.136,8.98685,47.8633
13322,3112,3300,3359,3270,3360,3627,3888,3687,3760,4576,5757,4915,3894,5800,9510,6479,23.7407,8.4525,8.79918,48.196
13323,3578,4605,8344,9627,3501,3960,5158,5464,3237,3486,3898,3963,3116,3292,3369,3432,-28.9352,16.889,8.5655,48.02
13324,3359,3664,4905,5730,3407,4052,6156,8475,3392,3763,4890,5861,3193,3454,3827,4000,-6.3835,19.6884,8.79337,48.0853
13325,3170,3118,3615,3671,3324,3717,4395,5223,3374,3948,5239,9588,3482,3799,5154,7356,11.0691,33.3998,8.52975,48.1153
13326,3557,4595,8559,9592,3477,4034,4923,5581,3256,3595,3795,3758,3169,3168,3372,3354,-29.7036,16.6652,8.92658,47.8567
13327,3239,3261,3230,3211,3726,3837,3750,3542,4593,5837,4767,3948,5392,8804,6520,4234,22.4141,-4.57139,8.5011,47.9273
13328,3567,3582,3301,3152,4100,4133,3699,3374,6194,6716,4357,3496,6966,7373,4542,3654,16.2316,-13.8143,8.71082,48.1373
13329,4381,6507,7017,4568,4245,5893,6321,4430,3636,4087,4069,3727,3333,3480,3456,3241,-16.6017,1.12563,8.76669,48.2607
13330,3645,3624,3407,3110,4784,4658,3759,3426,7202,7283,4115,3539,6213,5946,4077,3484,11.5014,-15.3574,8.88925,48.1813
13331,3117,3231,3304,3441,3136,3485,3872,4135,3300,3733,4717,6950,3384,3746,5961,12118,22.8604,28.9908,8.93118,47.7533
13332,5241,9194,6939,4312,4487,5238,4767,4040,3562,3773,3739,3440,3268,3354,3316,3280,-33.5326,-3.82757,8.78108,47.9667
13333,11548,5928,3929,3359,6953,4903,3764,3521,4053,3901,3449,3182,3354,3430,3207,3159,-21.445,-33.8173,8.8612,47.76
13334,3351,3817,5373,7725,3423,3787,5431,9197,3264,3611,4124,4971,3037,3285,3594,3779,-12.4348,24.9303,8.64681,47.846
13335,11748,6973,4059,3459,5979,5001,3710,3416,3977,3810,3389,3255,3442,3373,3325,3028,-29.4035,-22.514,8.51506,47.9627
13336,3640,3981,3742,3481,4370,5384,4395,3672,5207,8058,5471,3798,4363,5130,4302,3695,6.09026,-6.27294,8.84391,48.4593
13337,3010,3283,3425,3536,3219,3476,4105,4482,3382,3882,5218,8581,3393,3786,5575,9703,16.5453,28.2309,8.67834,48.0373
13338,3284,3270,3257,3189,3692,3842,3589,3404,4568,5222,4441,3720,6246,10006,6246,4061,29.2902,-7.07967,8.82966,48.0247
13339,3095,3198,3330,3480,3191,3439,3779,3901,3395,3742,4826,6018,3399,3921,6476,12328,29.4567,24.7944,8.85027,47.6787
13340,3079,3242,3477,3273,3386,3600,3979,3842,3749,4426,5876,5023,3886,5484,9427,6550,22.7316,8.96579,8.9494,48.1993
13341,3261,3534,3830,3851,3365,3973,5036,5295,3428,4422,7392,7320,3485,3980,5100,5271,6.89627,15.247,8.75484,48.362
13342,3104,3196,3261,3331,3289,3447,3825,3922,3472,3777,4869,6383,3482,3939,6025,12179,25.1135,33.8486,8.80565,47.6673
13343,3186,3426,3749,3664,3311,3485,4273,4698,3364,3933,5970,8371,3434,3927,5752,7696,13.6776,20.9449,8.62149,48.1593
13344,3378,4050,7231,11396,3435,3824,4900,5964,3223,3395,3935,3933,3090,3197,3337,3432,-26.6881,21.6638,8.767,47.8133
13345,3354,3383,3277,3079,4001,3705,3338,3207,6024,4887,3807,3370,12069,6657,4007,3411,29.4557,-23.7077,8.88632,47.7173
13346,4617,7529,9069,5126,3927,4785,4908,4347,3572,3718,3746,3687,3172,3325,3336,3224,-29.9499,2.3495,8.93976,48.0587
13347,3451,3792,4172,4062,3680,4453,6432,5041,3598,4598,7448,5426,3453,3910,4414,4253,1.41109,9.73875,8.87549,48.122
13348,3237,3675,4285,4589,3296,3764,5030,7761,3410,3837,5415,8040,3285,3610,4262,4870,0.918768,23.2466,8.62991,48.244
13349,6531,5153,3856,3298,9083,6294,4124,3348,5188,4559,3623,3255,3883,3736,3400,3069,-9.9803,-20.4298,8.90903,48.2667
13350,3176,3280,3261,3204,3485,3802,3977,3680,3993,5200,5862,4411,4260,6736,8691,5320,21.4423,3.56314,8.94936,48.2253
13351,3285,3667,4307,4491,3491,4120,6396,6139,3367,4134,6518,6242,3339,3737,4344,4495,0.385453,14.2509,8.91148,48.048
13352,3399,3597,3784,3573,3528,4364,5222,4221,3876,5670,8012,4947,3760,4477,5294,4608,7.61296,5.74342,8.79979,48.2213
13353,4531,6994,7962,4997,4033,5350,5797,4403,3513,3851,3992,3679,3374,3322,3516,3273,-20.411,2.03229,8.84755,48.3913
13354,3727,5373,9374,6513,3665,4604,6090,5126,3352,3692,4086,3859,3182,3343,3331,3253,-21.193,9.54414,8.96481,48.38
13355,4447,3933,3531,3214,6965,5218,3786,3443,8346,5797,3934,3321,5011,4420,3601,3348,2.40789,-21.0167,8.6802,48.21
13356,3224,3248,3374,3434,3240,3441,3799,4020,3321,3720,4816,6669,3441,4005,5978,12027,23.4761,29.2097,8.55329,47.838
13357,9699,5592,3948,3315,8544,5051,3943,3349,4543,3920,3505,3351,3591,3439,3283,3176,-16.3041,-28.3723,8.816,48.166
13358,9430,5595,3922,3284,8696,5189,3840,3380,4580,4020,3524,3245,3514,3473,3289,3074,-16.0041,-26.8507,8.65927,48.0367
13359,3561,4099,4605,4343,3724,4939,7598,5384,3619,4478,6059,4732,3487,3846,4184,3883,-3.25354,8.23734,8.57547,48.3607
13360,3145,3370,3508,3586,3290,3529,4178,4885,3381,3800,5195,9417,3352,3858,5207,8126,13.1451,31.9549,8.79313,47.8847
13361,3449,3314,3219,3185,3939,3866,3404,3256,5993,4735,3682,3456,12601,6032,3999,3444,29.8503,-32.2263,8.66936,47.716
13362,3695,4384,4942,4282,3844,5563,7871,4913,3851,4580,5351,4396,3440,3669,3903,3717,-5.65213,5.49734,8.92109,48.2673
13363,3242,3224,3269,3368,3261,3396,3882,3998,3325,3849,4733,5896,3342,4028,6575,12140,30.1983,24.0192,8.86242,47.6853
13364,5286,4668,3708,3350,8379,5977,3870,3340,6613,5077,3681,3313,4336,3971,3440,3205,-3.8295,-20.9652,8.71974,48.1427
13365,3357,3631,3654,3425,3938,4659,4525,3877,4448,6929,6817,4296,4161,5134,5117,4067,9.06283,-0.428319,8.81107,48.0233
13366,4285,7206,9037,5211,3795,4672,5116,4479,3517,3612,3825,3580,3257,3229,3377,3400,-33.2224,3.10344,8.53312,47.732
13367,3473,3475,3323,3140,4235,4020,3635,3251,6737,5739,3994,3416,8654,7135,4224,3506,18.9917,-17.8534,8.62965,47.9713
13368,11527,5924,3924,3351,7145,4966,3767,3438,4099,3730,3483,3223,3530,3365,3200,3124,-21.9601,-31.4733,8.8873,47.864
13369,3183,3492,3376,3275,3472,3987,4272,3815,4012,5404,6659,4663,4173,6024,7449,5084,17.1512,4.09667,8.55952,48.2267
13370,3124,3261,3449,3365,3301,3691,3996,3863,3718,4467,6246,5137,3886,5485,8960,6307,20.9012,8.97438,8.55142,48.1707
13371,5295,5007,3949,3398,7065,7205,4417,3516,5096,5082,3891,3422,3955,3895,3486,3174,-6.60669,-15.0325,8.55554,47.902
13372,3825,5284,9606,7492,3600,4296,5427,4982,3323,3644,3866,3873,3147,3176,3356,3288,-26.1559,10.9728,8.60001,48.1233
13373,3848,3626,3413,3079,5386,4246,3552,3295,9711,5209,3832,3356,7419,4872,3857,3224,10.5096,-29.9822,8.5303,47.95
13374,3566,4504,8213,9737,3502,3976,5128,5943,3251,3542,3936,3891,3099,3178,3438,3432,-24.9652,17.3721,8.79421,48.224
13375,5165,8499,6537,4401,4466,5979,5179,4104,3588,3920,3791,3491,3290,3348,3350,3214,-20.4428,-3.34141,8.82953,48.2147
13376,3549,4403,6534,6160,3625,4457,7387,6456,3369,3746,4481,4253,3159,3299,3533,3574,-13.2014,13.1955,8.86387,47.99
13377,3306,3749,4408,5098,3471,3822,5546,8666,3310,3746,5103,7228,3241,3492,3939,4427,-2.27323,22.7471,8.88525,48.368
13378,4162,6441,9303,5664,3874,4710,5596,4642,3158,3813,3935,3720,3160,3203,3312,3366,-23.6264,5.44242,8.7579,48.0393
13379,3480,3838,4078,4037,3659,4536,6216,4907,3837,4979,7489,5337,3513,3894,4625,4381,2.38807,8.22226,8.58961,48.5373
13380,3149,3321,3372,3256,3467,3650,3766,3619,3956,4803,5237,4371,4502,7302,9234,5139,28.8732,2.83174,8.73083,48.096
13381,6872,9725,5502,3879,5031,5562,4350,3596,3867,3910,3484,3313,3222,3365,3355,3129,-24.5246,-9.36019,8.94384,48.108
13382,3524,3596,3348,3115,4117,4542,3753,3483,5776,7783,4691,3662,5584,6876,4713,3761,13.4047,-10.2743,8.88726,48.216
13383,3233,3475,3230,3163,3828,4018,3724,3374,5217,6577,4522,3702,6393,8467,5180,3834,19.182,-9.77199,8.99036,47.958
13384,3371,3500,3572,3345,3722,4271,4463,3883,4036,6138,7328,4697,3968,5322,6023,4502,12.0979,2.67549,8.90136,48.094
13385,3591,4617,8718,9253,3484,4046,5192,5425,3248,3593,3808,3731,3037,3294,3438,3440,-30.3767,15.4686,8.55173,47.9433
13386,3242,3485,3760,3801,3333,3869,4756,4925,3456,4298,7413,7140,3422,4099,5467,5686,8.73811,15.1658,8.69188,48.1013
13387,3401,3433,3262,3104,3952,3844,3439,3217,6534,4948,3808,3402,12201,5879,3964,3332,23.7244,-31.8724,8.80255,47.8133
13388,3129,3174,3443,3367,3211,3517,3838,3958,3424,3860,5039,5858,3451,4229,7470,10993,28.1309,20.0733,8.56611,47.974
13389,3549,4764,8270,7225,3662,4434,6394,5548,3308,3609,4056,3979,3156,3295,3362,3427,-19.4438,12.9692,8.84621,48.0253
13390,3207,3393,3447,3376,3444,3768,4206,3892,3792,5089,7301,5076,4012,5287,7436,5359,15.7005,7.17506,8.97731,48.0567
13391,3148,3262,3252,3414,3232,3515,3925,3954,3428,3728,4818,6244,3536,3933,5875,12573,27.3577,30.6449,8.57259,47.8913
13392,3072,3134,3366,3386,3290,3631,3780,3915,3440,3924,5077,5984,3384,4197,7410,11026,26.5284,20.2655,8.66529,48.0107
13393,3241,3419,3306,3229,3631,3656,3694,3506,4265,4997,4711,4171,4941,8818,7793,4600,33.4496,-1.65861,8.97797,47.9853
13394,3497,3910,6094,11217,3297,3728,5018,7115,3252,3349,3755,4144,3210,3335,3529,3490,-21.4003,26.3475,8.57683,47.96
13395,4107,4119,3792,3475,4670,6406,4583,3581,5135,7268,4826,3804,4187,4564,3983,3614,1.58123,-7.65816,8.59685,48.076
13396,3339,3252,3162,3151,3909,3624,3502,3236,6475,4701,3876,3376,12245,5996,4033,3380,24.185,-33.682,8.88946,47.5047
13397,5301,9064,7370,4373,4332,5055,4720,4021,3681,3733,3653,3447,3169,3338,3433,3307,-29.6874,-2.82412,8.56718,47.998
13398,3811,4645,5773,4624,3805,5231,8041,5272,3487,4213,5044,4180,3353,3532,3662,3681,-9.17688,6.49585,8.56912,48.236
13399,3468,3355,3199,3095,4040,3937,3491,3195,6715,5509,4049,3409,9812,7300,4100,3427,20.8733,-19.6794,8.71809,48.0673
13400,11083,6679,4016,3391,6796,5140,3866,3320,4047,3851,3405,3210,3361,3393,3280,3107,-22.5042,-22.6977,8.84154,47.9633
13401,3561,3391,3337,3151,3968,3723,3426,3241,5936,4669,3754,3316,12476,5910,3874,3397,33.3071,-29.9842,8.61978,47.42
13402,3785,4070,4019,3642,4368,6300,5761,4097,4412,6332,5817,4012,3819,4262,4076,3719,0.159839,-1.70147,8.90327,48.3273
13403,3975,5960,9031,5826,3835,4868,6077,4876,3450,3784,3952,3778,3206,3236,3427,3411,-20.8326,6.44543,8.75398,48.4613
13404,3350,3303,3226,3191,3887,3670,3479,3273,6201,4841,3747,3390,12707,6089,3770,3397,27.6168,-29.7363,8.82229,47.6807
13405,3655,3619,3195,3221,4901,4302,3570,3324,8856,5704,3932,3414,7714,5572,3998,3441,12.9895,-22.6682,8.62894,48.2787
13406,3201,3140,3370,3336,3132,3573,3729,3881,3416,3767,4741,6085,3379,3807,6119,12859,28.6625,28.0444,8.9463,47.69
13407,4618,4182,3662,3252,7996,5222,3779,3436,7971,5349,3700,3365,4821,4069,3647,3108,0.163681,-23.142,8.84738,48.118
13408,5215,4481,3696,3397,8978,5382,3864,3411,7066,4889,3716,3341,4276,3834,3559,3253,-3.54476,-23.8061,8.65662,48.2387
13409,5066,4207,3534,3273,8757,5193,3773,3397,7641,4943,3777,3291,4487,4026,3330,3118,-1.78931,-25.4945,8.85611,47.8753
13410,3233,3170,3353,3321,3370,3393,3752,3907,3315,3745,4715,6191,3485,3904,6004,12723,27.502,32.0355,8.83411,47.7207
13411,3566,4149,4783,4163,3894,5292,7664,5121,3782,4628,6053,4520,3443,3659,4047,3718,-3.78249,5.9126,8.6405,48.3213
13412,4018,3820,3368,3162,5772,4414,3510,3242,9838,5386,3756,3392,6692,4888,3750,3152,8.36588,-27.0554,8.95107,48.1067
13413,3923,4242,4160,3745,4266,6318,5641,3944,4373,6432,5572,3937,3961,4220,4071,3549,0.204193,-2.19019,8.92626,48.236
13414,3154,3299,3634,3721,3262,3625,4273,4695,3462,3999,6074,8298,3414,3964,5790,7559,13.5187,20.4707,8.60387,48.1487
13415,8824,5410,3803,3309,8928,5131,3804,3417,4540,4156,3501,3278,3467,3522,3307,3133,-14.9397,-32.1227,8.7161,47.6867
13416,3373,3359,3231,3065,3993,3838,3445,3213,5964,5211,4072,3520,10021,7896,4557,3610,25.2885,-17.7447,8.68536,48.2453
13417,5491,4591,3544,3336,9236,5544,3898,3434,6793,4746,3690,3412,4339,3810,3426,3127,-4.34415,-24.2733,8.73502,48.278
13418,12695,6093,3871,3409,5824,4688,3778,3515,3877,3639,3370,3351,3473,3273,3239,3165,-30.272,-33.964,8.90263,47.5067
13419,3148,3332,3476,3328,3436,3876,3967,3831,3711,4647,6345,4774,4023,5732,8741,5654,19.5751,6.71329,8.84984,48.014
13420,3225,3334,3522,3509,3420,3778,4177,3842,3762,4606,6708,5124,3861,5503,8326,5886,18.5416,8.29391,8.77261,48.3887
13421,3286,3812,4872,6256,3347,3863,5915,9346,3356,3644,4539,5836,3128,3433,3743,3874,-7.95257,22.2699,8.74537,48.1667
13422,4948,8515,8038,4694,4199,4847,4900,4205,3548,3693,3719,3497,3222,3365,3390,3285,-30.885,-0.794869,8.81218,48.0433
13423,11905,6873,4018,3374,5869,4916,3819,3401,4078,3825,3443,3250,3372,3372,3187,3051,-32.3243,-22.6033,8.73773,47.8353
13424,4318,4983,4499,3795,4784,7687,5989,4053,4168,5300,4531,3807,3579,3839,3712,3451,-6.54889,-3.73989,8.70754,48.33
13425,3223,3308,3722,4016,3334,3635,4407,5915,3230,3863,5205,9914,3265,3789,4701,6390,7.97231,32.2806,8.73145,47.9447
13426,3780,3494,3309,3144,5434,4344,3497,3279,9968,5287,3829,3378,7279,4863,3757,3219,10.3023,-29.6484,8.80672,47.9073
13427,4189,6042,7332,4932,4060,5627,6709,4456,3492,3988,4073,3659,3161,3390,3339,3357,-16.6527,3.11028,8.99198,47.8707
13428,9221,8825,4617,3533,5431,5086,3988,3549,3832,3837,3678,3274,3392,3289,3217,3113,-31.17,-15.5,8.6389,47.9213
13429,3407,3387,3255,3071,4131,3926,3501,3235,6239,5848,4143,3458,8705,7888,4430,3485,20.5367,-16.4868,8.79311,48.0727
13430,3105,3331,3397,3251,3244,3451,3984,4234,3347,3725,4981,7809,3417,3856,5740,10510,19.2623,30.4937,8.70541,47.588
13431,3084,3282,3341,3407,3214,3481,3838,3878,3395,3853,4951,5798,3441,4200,7141,11689,31.9122,21.368,8.85891,47.9953
13432,3281,3320,3193,3096,3923,3758,3519,3185,6537,4865,3855,3310,12069,6377,4064,3416,24.8404,-25.3277,8.82894,47.8453
13433,5874,4741,3787,3308,9240,6147,3856,3448,6020,4627,3720,3257,3960,3774,3502,3282,-6.86669,-21.6478,8.84376,48.362
13434,3960,5957,10031,6464,3852,4572,5365,4735,3394,3599,3745,3695,3098,3321,3285,3269,-28.8209,7.68716,8.74252,48.228
13435,12388,6049,3910,3507,6419,4687,3814,3328,3978,3761,3520,3087,3385,3415,3210,3063,-25.6065,-31.8118,8.93793,47.6807
13436,6541,4800,3694,3213,9980,5232,3818,3409,5822,4227,3610,3285,3920,3647,3277,3175,-8.50605,-30.0676,8.84413,47.7667
13437,3354,3273,3322,3157,3547,3738,3799,3559,4314,5008,4731,4103,5065,8536,7752,4644,29.3468,-1.23136,8.58092,47.9347
13438,3456,3503,3358,3225,3942,4070,3745,3517,5053,6746,4902,3707,5805,8222,5446,3966,18.6124,-7.5077,8.66943,48.442
13439,4077,6049,9943,6308,3864,4524,5191,4804,3352,3692,3734,3669,3121,3302,3337,3243,-29.338,7.4581,8.78516,48.14
13440,3319,3315,3243,3203,3843,3729,3577,3394,4872,5270,4481,3797,6811,10019,5631,3856,32.1657,-9.03322,8.93226,48.24
13441,3193,3359,3628,3718,3317,3612,4428,4586,3530,4167,7019,7321,3472,4150,6176,6364,12.488,15.6697,8.5824,48.0267
13442,5744,6797,4605,3621,5915,7624,4628,3704,4225,4473,3706,3393,3506,3541,3414,3075,-13.6751,-10.8843,8.94723,47.9807
13443,3414,3619,3327,3200,4001,4237,3763,3550,5631,6897,4584,3579,6406,7770,4838,3793,16.8909,-10.869,8.62954,48.406
13444,3151,3216,3409,3473,3209,3442,3726,4006,3465,3766,4780,6034,3346,4001,6602,12148,32.4974,24.4558,8.62148,47.8493
13445,6652,4812,3845,3334,9545,5754,3940,3405,5483,4538,3625,3235,3869,3691,3429,3151,-8.78085,-23.4254,8.72141,48.2053
13446,3321,3446,3327,3145,3687,3899,3724,3436,4622,6206,5277,4036,5267,8081,6268,4193,19.3167,-4.05536,8.64038,47.9567
13447,6800,6311,4288,3627,7108,6895,4298,3463,4525,4180,3704,3305,3643,3667,3316,3160,-13.4581,-15.8169,8.96312,48.1933
13448,4784,7326,6489,4399,4475,6583,5656,4044,3795,4065,4054,3598,3342,3407,3394,3239,-17.4053,-1.83989,8.90859,48.4333
13449,3326,4013,6841,12249,3428,3816,4878,5855,3219,3459,3759,3880,3061,3184,3355,3362,-29.4389,23.6631,8.99851,47.79
13450,11467,7400,4099,3455,6050,4930,3888,3473,3996,3745,3510,3214,3319,3425,3182,3064,-27.4691,-21.6494,8.68072,48.1447
13451,3124,3364,3652,3848,3327,3721,4585,5499,3465,3932,6031,9117,3380,3758,5085,6410,8.8346,21.5705,8.87857,48.1987
13452,3155,3288,3436,3345,3194,3562,3823,3818,3580,4242,5511,5416,3740,4940,9263,7915,24.6595,12.8175,8.84769,48.152
13453,3327,3890,5664,10046,3394,3985,5024,8038,3349,3702,3849,4382,3117,3308,3515,3455,-18.2947,31.9856,8.5131,48.03
13454,12492,5989,3996,3423,6194,4659,3759,3444,3837,3761,3419,3202,3332,3353,3274,3124,-27.9796,-33.4345,8.94413,47.5053
13455,3400,3848,4653,4829,3582,4335,7017,6427,3393,4079,5860,5680,3354,3589,4171,4185,-2.53423,13.7403,8.65951,48.268
13456,3943,3832,3416,3114,6031,4434,3502,3340,9922,5314,3879,3405,6459,4780,3614,3433,7.65431,-27.2908,8.77148,48.2787
13457,7303,7070,4413,3501,6523,6644,4171,3495,4348,4272,3685,3407,3455,3562,3290,3099,-16.1754,-15.3612,8.74504,48.1587
13458,3376,3695,5185,8499,3312,3852,5219,9225,3238,3522,4161,4927,3167,3277,3641,3615,-13.2917,27.8717,8.84485,47.9407
13459,5274,4881,3786,3422,7474,6956,4130,3543,5601,5341,3813,3431,4045,3914,3538,3208,-5.52457,-16.1995,8.73336,48.238
13460,3534,3590,3329,3142,4323,4301,3608,3358,7106,6698,4192,3528,7069,6588,4271,3566,14.7996,-16.0078,8.71014,48.1353
13461,3439,3364,3328,3121,3790,3964,3590,3318,4920,5276,4177,3717,7389,9723,5159,3740,33.6718,-11.032,8.69325,48.01
13462,7307,9966,5172,3660,5132,5153,4358,3627,3662,3884,3682,3249,3366,3390,3324,3062,-32.4876,-10.8788,8.96052,47.996
13463,3354,3631,3892,3695,3630,4403,5362,4369,3928,5220,8059,5269,3695,4237,4975,4419,5.96816,6.67343,8.89172,48.092
13464,3183,3301,3359,3241,3415,3693,3663,3632,3958,4666,5262,4525,4353,7133,9498,5505,28.8096,4.07502,8.9063,48.258
13465,9512,5963,3916,3426,8025,5339,3875,3340,4390,4023,3543,3289,3544,3470,3308,3178,-17.2297,-23.6433,8.51594,48.094
13466,3235,3572,4115,4177,3388,3986,5324,6057,3518,4073,6487,7710,3426,3760,4696,5016,4.10434,17.4706,8.53173,48.36
13467,3495,3323,3230,3065,4123,3921,3443,3161,6588,5285,3786,3442,10489,6963,4227,3458,21.9088,-20.7051,8.65931,47.9993
13468,3367,3648,4654,6041,3302,3739,5300,9779,3310,3577,4534,6219,3286,3390,3764,4052,-6.44317,26.9663,8.98698,47.9747
13469,4331,5844,5960,4417,4249,6484,6724,4384,3630,4236,4380,3812,3377,3468,3564,3408,-12.9762,0.677445,8.64692,48.1787
13470,3100,3367,3468,3399,3414,3739,4030,4060,3687,4463,6565,5477,3802,5155,8232,6523,18.8062,10.2905,8.60681,48.3207
13471,3226,3430,3714,3570,3615,4023,4611,4046,3932,5707,7871,4934,3930,4892,6049,4715,11.4018,5.31417,8.87452,48.1767
13472,3413,3334,3251,3287,3620,3910,3664,3326,4791,5744,4478,3815,6104,9354,5942,4036,23.3568,-7.01942,8.57777,48.046
13473,4404,6041,5616,4234,4586,6719,6295,4201,3840,4365,4242,3577,3378,3598,3532,3337,-12.79,-1.25386,8.59696,47.9767
13474,5815,4704,3689,3449,9496,5634,3853,3347,6152,4674,3670,3313,4118,3794,3461,3127,-6.0946,-23.0746,8.6988,48.1973
13475,11037,5737,3864,3446,7450,4909,3773,3418,4172,3988,3493,3211,3440,3486,3180,3113,-20.2357,-31.4934,8.74037,47.8113
13476,3083,3270,3322,3386,3161,3466,3720,3953,3441,3762,4901,6286,3319,3868,5946,12692,25.9449,30.4325,8.77797,47.7173
13477,3360,3822,5244,8459,3450,3825,5565,9215,3187,3616,4107,4803,3105,3332,3467,3496,-13.8025,25.6987,8.72923,48.0353
13478,3221,3292,3441,3347,3271,3444,3855,3916,3365,3719,4695,6001,3353,3931,6299,12369,31.9034,26.1697,8.62399,47.6793
13479,11844,6660,4025,3507,6228,4780,3918,3364,3929,3815,3438,3272,3412,3256,3293,3122,-26.3514,-24.2681,8.61844,47.9087
13480,3305,3948,6056,9959,3427,3789,5218,7856,3093,3553,4104,4369,3125,3418,3573,3516,-18.1648,23.8529,8.85063,48.206
13481,6907,8560,5091,3739,5466,6255,4268,3605,3888,4066,3707,3405,3433,3470,3362,3049,-19.7178,-11.1891,8.50841,48.1807
13482,3337,4107,5827,7585,3396,4024,5993,8262,3329,3657,4265,4718,3013,3236,3649,3588,-13.3795,19.761,8.78295,47.9907
13483,7128,9661,5351,3769,4967,5483,4162,3529,3745,3893,3591,3343,3402,3403,3197,3235,-29.5134,-10.4458,8.50364,47.906
13484,9111,5302,3828,3331,8904,5178,3955,3483,4703,3998,3456,3283,3554,3548,3299,3238,-15.041,-29.8206,8.89213,48.114
13485,3301,3345,3312,3135,4011,3894,3438,3136,7066,4927,3768,3426,11821,5871,3929,3399,22.074,-29.8939,8.90301,47.8527
13486,7600,5054,3807,3404,9642,5363,3824,3371,5143,4352,3621,3309,3712,3498,3372,3234,-11.7116,-26.5108,8.64794,48.204
13487,3930,5908,9085,5795,3793,4596,6063,4735,3524,3690,3880,3685,3184,3264,3409,3297,-21.1236,6.67797,8.8833,47.892
13488,11349,6237,3917,3374,6782,4960,3957,3365,4130,3846,3454,3240,3496,3361,3161,3118,-22.8292,-25.4945,8.51,47.8313
13489,3024,3230,3409,3449,3326,3520,3913,3891,3475,3927,4858,5702,3464,4200,7793,10578,31.2012,18.9187,8.6336,47.8393
13490,12521,6169,3988,3374,6094,4656,3886,3463,4014,3786,3432,3345,3393,3316,3135,3129,-30.5662,-27.0536,8.54672,47.8007
13491,3185,3320,3268,3411,3356,3609,3822,3867,3789,4545,5132,4754,3874,5933,9967,6201,33.2335,7.59858,8.7584,48.022
13492,7885,6326,4236,3396,7449,6298,3978,3406,4435,4142,3663,3259,3618,3520,3280,3076,-15.7082,-18.2689,8.94798,47.978
13493,3441,3546,3276,3193,4056,3993,3560,3321,5717,5869,4243,3572,7763,8427,4661,3574,21.4735,-13.939,8.54411,48.1413
13494,5192,4692,3872,3331,7814,6311,4083,3429,6215,5278,3865,3381,4247,3954,3516,3105,-3.97608,-18.377,8.52065,48.19
13495,4465,5191,4326,3695,5164,8026,5523,3793,4247,5382,4469,3591,3525,3774,3561,3449,-7.18044,-6.21021,8.60595,48.1207
13496,3106,3196,3490,3428,3209,3488,4035,4317,3494,3931,5827,7617,3459,4050,6554,8882,17.245,20.0541,8.98422,48.0553
13497,9972,5517,3941,3353,8316,4975,3888,3374,4451,4032,3423,3174,3571,3483,3326,3084,-16.9686,-31.171,8.84076,47.92
13498,3477,3496,3322,3089,4529,3900,3556,3231,8060,5024,3818,3419,10306,5804,3997,3453,18.159,-26.9331,8.83217,48.3207
13499,3155,3254,3425,3283,3465,3760,3983,3846,3887,4909,6390,4974,3980,5783,8225,5580,18.8026,6.41648,8.66672,47.9327
13500,4414,4066,3518,3347,7608,4893,3613,3316,8936,4993,3835,3302,5086,4291,3475,3271,2.15173,-30.28,8.81847,47.976
13501,4207,6577,9483,5724,3895,4541,5148,4542,3522,3548,3811,3676,3108,3271,3447,3287,-29.0148,5.03516,8.58507,47.858
13502,4745,8264,8302,4879,4067,4896,4992,4104,3492,3795,3813,3629,3225,3332,3313,3136,-30.2697,-0.0778303,8.82612,47.9893
13503,3181,3312,3333,3305,3598,3669,3671,3610,3904,4851,5006,4417,4300,7403,9027,5019,33.8048,2.60812,8.83879,47.7373
13504,3204,3473,3691,3792,3394,3940,5055,4675,3642,4647,8114,6214,3528,4230,5678,5094,9.03009,11.4225,8.7763,48.2473
13505,3200,3383,3356,3349,3437,3766,3925,3825,3875,4707,6520,5071,3919,5552,8360,5889,19.3253,7.98512,8.63762,48.0893
13506,4257,4358,3805,3415,5653,6511,4264,3537,5930,6996,4410,3648,4284,4377,3716,3411,0.881657,-12.1237,8.93145,48.3813
13507,4331,4047,3658,3192,6611,5020,3598,3425,8582,5920,3893,3322,5345,4581,3691,3206,4.04552,-21.0618,8.68787,48.2813
13508,3163,3387,3684,3608,3383,3600,4171,4381,3584,4346,6668,6756,3473,4381,6813,6897,15.1844,15.1859,8.53103,48.1967
13509,3675,4631,6742,5698,3615,4640,7718,6117,3471,3853,4513,4258,3150,3412,3566,3477,-13.1538,11.0316,8.86475,48.3573
13510,7725,9677,5167,3854,5152,5581,4136,3642,3757,3898,3559,3283,3370,3331,3188,3128,-25.1923,-11.8463,8.90149,48.2987
13511,3825,4690,7618,6218,3624,4693,7165,5680,3277,3732,4161,4162,3209,3330,3437,3463,-16.0982,10.2474,8.90656,48.1893
13512,3288,3562,3676,3675,3568,4176,5008,4497,3754,5038,8100,5657,3681,4270,5515,4885,8.36716,9.11578,8.51977,48.2333
13513,3128,3174,3374,3408,3266,3541,3916,4026,3370,3763,4945,6197,3344,4068,6647,11461,25.6954,22.8934,8.69344,47.752
13514,3714,4337,5413,4695,3844,5207,8094,5374,3539,4173,5187,4425,3270,3651,3871,3545,-7.13164,7.57721,8.61159,48.226
13515,3374,3438,3198,3048,3983,3899,3431,3177,6309,5033,3891,3424,10593,7148,4315,3518,24.0715,-20.4292,8.67272,47.8527
13516,3647,3552,3278,3112,4809,4137,3598,3262,9324,5431,3770,3416,8665,5340,3759,3271,14.3079,-27.2601,8.75346,48.2473
13517,4712,7235,7100,4507,4324,5919,5841,4275,3522,3885,3955,3643,3288,3427,3375,3141,-18.5443,-0.265604,8.67705,48.0993
13518,3139,3319,3693,3789,3328,3526,4386,5742,3241,3777,5474,10029,3227,3758,4972,6723,8.88121,26.895,8.99297,48.082
13519,3422,3935,5510,6196,3437,4044,6836,8197,3314,3707,4679,5206,3143,3396,3585,3792,-9.28991,17.9523,8.98395,48.266
13520,3531,4545,8305,9102,3492,4004,5332,5842,3288,3625,3861,3917,3142,3314,3412,3455,-23.9338,16.2148,8.78117,48.1113
13521,4034,3844,3402,3162,5803,4603,3630,3300,8997,6039,3893,3393,6049,4825,3833,3396,7.15651,-21.5742,8.64115,48.1353
13522,2938,3262,3451,3530,3228,3496,3883,4317,3391,3861,5047,7340,3334,4125,6168,10871,20.2604,24.5114,8.68932,48.1613
13523,3112,3244,3413,3383,3309,3448,3728,3895,3386,3699,4734,5877,3382,3874,5923,12808,31.9062,29.9455,8.778,47.4767
13524,3549,3450,3247,3111,4591,4164,3515,3322,8524,5609,3848,3473,8818,5815,4016,3356,15.5296,-23.4786,8.81404,48.272
13525,3389,3468,3333,3164,3877,3767,3488,3351,5448,5183,4100,3525,9348,8700,4653,3468,28.7281,-15.7576,8.86686,48.1747
13526,3578,3603,3587,3326,4261,4749,4066,3495,5598,8105,4844,3786,5030,6216,4616,3655,11.1531,-8.78341,8.69177,48.3433
13527,3203,3440,3299,3285,3629,3885,3741,3677,4171,5699,5448,4274,4936,7847,7431,4595,21.064,-0.758633,8.70202,48.3733
13528,3372,3738,4230,4089,3594,4375,6426,5200,3706,4545,7167,5590,3560,3942,4576,4298,1.46952,10.3539,8.76212,48.272
13529,3725,4734,7553,6041,3724,4645,7274,5788,3413,3805,4430,4119,3249,3355,3537,3386,-15.6182,10.5625,8.91986,48.5187
13530,3849,5037,7474,5827,3781,4695,7070,5387,3423,3712,4312,4014,3160,3349,3552,3479,-16.042,9.10125,8.54523,48.0807
13531,3422,3969,5982,12322,3470,3909,4857,6242,3246,3490,3686,3916,3088,3279,3469,3175,-26.3796,33.8023,8.57089,47.6813
13532,3142,3518,3899,4075,3353,3711,5013,5732,3456,4183,6774,7987,3345,3829,4968,5500,6.26151,17.8024,8.53387,48.3233
13533,3501,3310,3297,3086,4057,3869,3451,3236,6853,4949,3769,3464,11655,6033,3857,3404,22.5471,-27.5902,8.70105,47.8607
13534,3201,3366,3577,3606,3485,3792,4318,4020,3772,4860,7452,5360,3739,4899,7369,5647,15.2152,8.98865,8.86312,48.3087
13535,5075,8714,7698,4600,4273,5138,4884,4163,3555,3833,3749,3523,3221,3279,3406,3213,-26.443,-1.54903,8.80721,48.216
13536,3082,3200,3479,3356,3187,3559,3901,4176,3261,3772,5029,7475,3277,3878,5792,11158,20.517,29.6874,8.80303,47.7213
13537,3136,3355,3515,3351,3263,3672,4055,3806,3566,4475,6313,5525,3650,4978,8364,7033,19.7615,12.0224,8.96727,48.038
13538,3092,3189,3316,3270,3375,3376,3874,3937,3402,3796,5056,5843,3457,4268,7849,10766,28.0126,19.1523,8.89063,47.9107
13539,3810,5195,9622,7764,3559,4180,5187,5084,3360,3591,3798,3728,3221,3258,3443,3455,-30.7031,11.8724,8.91853,48.17
13540,6931,9414,5235,3894,5197,5683,4260,3729,3772,3909,3609,3255,3301,3392,3215,3113,-23.5054,-10.4074,8.97221,47.9393
13541,3303,3480,3511,3304,3525,3890,4075,3728,4035,5586,6660,4603,4176,6158,7501,5061,17.2245,3.17223,8.78294,48.3973
13542,3396,3476,3125,3036,3987,3808,3423,3243,6530,4757,3716,3513,12299,5892,3909,3372,25.0265,-30.375,8.73025,47.6547
13543,3425,3648,3976,3734,3656,4657,5708,4226,3838,5625,7753,4771,3739,4305,4894,4308,5.00564,4.89586,8.99353,48.1753
13544,3605,3515,3274,3092,4574,3975,3566,3285,8567,5305,3887,3364,9238,5558,3822,3339,15.9443,-25.6123,8.94625,47.9773
13545,10229,5654,3856,3459,7886,5122,3805,3301,4305,3900,3436,3256,3478,3459,3218,3162,-18.3842,-32.8311,8.56498,47.684
13546,4192,4835,4238,3656,5052,7928,5386,3918,4436,5854,4479,3704,3724,4078,3621,3521,-4.60671,-5.85987,8.93638,48.4147
13547,8796,8053,4520,3715,5926,5648,4014,3473,4020,3937,3419,3280,3449,3441,3245,3164,-22.7781,-15.8738,8.55288,48.0667
13548,8289,8131,4614,3609,5934,5759,4156,3490,4083,3972,3566,3331,3449,3356,3277,3137,-20.9226,-15.1681,8.87514,48.102
13549,3785,5117,9521,7478,3590,4184,5255,5072,3309,3581,3970,3817,3157,3289,3425,3379,-27.0547,11.7692,8.6219,47.9527
13550,3294,3442,3719,3955,3327,3607,4523,5979,3444,3901,5174,9881,3240,3530,4634,6180,7.36394,32.6349,8.76346,47.8867
13551,3165,3391,3435,3396,3382,3693,4133,3762,3862,5120,6793,5097,3883,5430,7877,5446,17.3823,6.56851,8.68669,47.91
13552,7944,9282,4924,3712,5329,5401,4142,3594,3914,3853,3640,3370,3250,3463,3211,3100,-24.5823,-13.0877,8.84443,48.086
13553,3549,4005,6435,9764,3456,3945,5408,7365,3246,3503,4020,4448,3160,3242,3441,3499,-18.9673,21.5318,8.78541,48.324
13554,3099,3213,3464,3560,3182,3547,4105,4297,3492,4028,5495,7272,3475,4124,6491,9572,18.8361,20.9151,8.64357,48.2773
13555,4391,6757,8319,5210,4064,5192,5963,4546,3526,3840,3940,3679,3130,3386,3479,3263,-20.7202,3.27882,8.84677,48.4567
13556,3440,3357,3154,3114,4050,3935,3536,3282,6269,5515,4038,3535,9335,7911,4228,3488,21.6999,-17.288,8.96852,48.1247
13557,3524,4072,5573,5394,3543,4453,7795,6482,3465,3876,5049,4754,3216,3521,3845,3768,-8.28273,12.827,8.69804,48.22
13558,3130,3333,3526,3512,3280,3576,3979,4315,3285,4001,5442,7607,3443,4123,6438,9288,17.9283,21.4319,8.6916,48.1853
13559,3190,3311,3339,3356,3376,3549,3880,3777,3638,4404,5217,5086,3822,5307,9868,7107,32.6175,10.1214,8.84445,48.1513
13560,3693,4726,6163,5103,3711,5040,8079,5735,3451,4010,4698,4151,3342,3477,3618,3594,-11.356,8.5991,8.66745,48.394
13561,8131,9489,4883,3638,5153,5136,4190,3526,3751,3883,3688,3245,3421,3319,3234,3239,-32.4586,-12.9426,8.81735,47.9507
13562,12612,6109,3854,3376,6097,4705,3827,3420,3875,3766,3503,3192,3432,3315,3273,3111,-29.542,-28.0176,8.89441,47.6447
13563,4242,3893,3526,3166,6690,4970,3764,3453,8730,5743,3916,3419,5441,4609,3614,3307,4.10658,-21.8983,8.69588,48.322
13564,3468,3470,3255,3080,4204,3905,3520,3219,7555,5219,3882,3364,10272,6183,4010,3336,19.5285,-25.1532,8.51491,47.9613
13565,3504,3436,3276,3133,4314,3953,3500,3245,7938,5177,3765,3382,10513,5684,3887,3392,18.8236,-29.0403,8.77751,48.066
13566,10787,7692,4239,3459,6104,5126,3838,3493,3914,3855,3517,3218,3283,3528,3282,3127,-24.8618,-19.7327,8.98288,48.308
13567,3102,3271,3373,3385,3381,3511,3781,3887,3600,4274,5378,5214,3764,5071,9510,7746,28.6339,11.8676,8.54251,48.1653
13568,3007,3344,3604,3661,3230,3586,4078,4879,3361,3778,5228,9416,3189,3836,5187,8542,13.1288,30.1727,8.92667,47.9507
13569,4351,5145,4317,3707,5053,7867,5488,3933,4201,5434,4442,3647,3581,3840,3850,3436,-6.54203,-5.79657,8.50508,48.1947
13570,4463,7110,8276,5138,4076,5171,5611,4272,3517,3813,4031,3589,3230,3391,3482,3225,-21.8447,2.11752,8.55897,48.2633
13571,3492,3839,5290,9133,3286,3771,5404,9037,3253,3462,4043,4716,3063,3329,3507,3527,-14.8927,27.9651,8.79525,48.1013
13572,3432,3960,5830,7810,3375,3979,5922,8335,3243,3624,4138,4838,3100,3291,3587,3596,-14.3199,20.6452,8.79654,48.04
13573,3379,3378,3212,3178,3928,3890,3561,3284,5212,5380,4149,3640,7802,9364,4911,3769,26.2101,-12.4287,8.56381,48.0247
13574,3730,5314,9751,6677,3790,4326,5362,5056,3455,3601,3803,3754,3242,3264,3455,3444,-33.88,9.98143,8.56604,48.016
13575,12776,5973,3818,3374,6088,4594,3836,3321,3977,3793,3460,3320,3407,3347,3281,3116,-32.9419,-29.1138,8.94633,47.654
13576,3999,5757,9295,6345,3715,4478,5811,4849,3382,3597,3993,3934,3084,3403,3401,3301,-23.0945,8.28567,8.50352,48.2293
13577,6040,4664,3658,3272,9641,5391,3882,3385,6229,4500,3742,3330,4056,3826,3447,3116,-6.63821,-26.6452,8.60313,48.1193
13578,3495,3463,3211,3121,4371,4155,3634,3217,7196,5976,4085,3508,7919,6808,4137,3482,16.8271,-17.6073,8.70048,47.852
13579,3181,3181,3314,3374,3259,3730,3904,3738,3695,4408,5273,4787,3908,5720,10007,6342,33.7776,8.0281,8.9659,47.8807
13580,3228,3478,3522,3457,3507,3731,4232,3897,3853,5039,7194,4974,3988,5453,7324,5332,15.8617,6.79645,8.57177,48.1393
13581,3455,3353,3228,3126,3949,3755,3473,3253,6897,4849,3938,3336,11560,5929,4059,3342,22.7852,-32.2718,8.50538,47.668
13582,5513,4489,3675,3256,9350,5202,3756,3390,6947,4756,3737,3241,4347,3927,3411,3256,-3.9137,-27.5746,8.56023,48.1687
13583,3192,3457,3853,4420,3335,3707,4749,7386,3484,3845,5134,9057,3286,3618,4301,5143,2.95031,32.1541,8.54237,47.978
13584,3163,3386,3501,3453,3244,3652,4205,4279,3616,4449,6989,6405,3578,4471,7263,6797,15.9245,13.6929,8.73599,48.3007
13585,3094,3211,3436,3447,3252,3468,3861,3899,3397,3974,5047,5776,3440,4062,7213,11343,32.9978,21.0725,8.62931,47.9467
13586,3567,3592,3363,3164,4513,4341,3844,3495,6550,7382,4498,3509,6137,6394,4356,3617,12.6585,-13.3219,8.54324,48.2147
13587,3731,5311,9742,7415,3644,4275,5217,5072,3390,3621,3735,3779,3100,3318,3444,3310,-33.7239,10.6323,8.74094,48.0693
13588,3446,3991,6077,12613,3413,3771,4635,6029,3272,3291,3742,4004,3214,3243,3397,3482,-29.2969,29.1189,8.65419,47.7467
13589,5682,9069,6229,4154,4690,5909,4854,3856,3574,4014,3746,3507,3259,3433,3224,3156,-21.7885,-5.64429,8.86402,48.2373
13590,4760,6826,5630,4171,4688,7014,5593,4006,3801,4297,4106,3609,3392,3594,3530,3205,-14.9082,-3.84738,8.5035,48.148
13591,4041,4124,3703,3328,5184,5958,4197,3442,6155,7365,4499,3563,4622,4843,3911,3434,3.42695,-12.0269,8.68566,48.246
13592,12744,6042,3878,3364,6209,4909,3766,3418,3882,3720,3456,3232,3424,3400,3220,3180,-27.776,-28.9666,8.78795,47.896
13593,3093,3213,3324,3361,3288,3414,3648,3892,3368,3828,4860,6222,3401,3982,6153,12486,28.0089,27.4393,8.78503,47.6887
13594,3748,4086,4078,3584,4160,5859,5414,3978,4443,6427,5860,4031,3956,4275,4305,3736,1.27826,-2.04571,8.65291,47.96
13595,3308,3380,3251,3195,3842,3781,3580,3342,5283,5294,4233,3599,7694,9617,5185,3698,27.1713,-11.5933,8.70568,48.188
13596,8243,7848,4501,3528,6353,5912,4091,3422,4168,4040,3510,3277,3411,3480,3281,3079,-19.7057,-15.5606,8.89602,48.096
13597,3547,3990,5066,5053,3691,4492,7658,6524,3425,3951,5227,4807,3268,3570,3885,3908,-7.20463,12.7309,8.52434,48.0413
13598,3258,3419,3394,3132,3699,3694,3780,3511,4442,5183,4719,3990,5455,9341,6774,4170,33.8433,-4.51124,8.50141,47.974
13599,3283,3741,4645,6247,3373,3812,5305,9847,3282,3585,4509,6192,3097,3468,3731,4142,-6.99014,26.9665,8.67603,48.1727
13600,4704,4865,3994,3490,6067,7643,4601,3559,4992,5816,4083,3577,3977,4014,3584,3332,-4.46651,-11.1358,8.72997,48.1987
13601,12557,5976,3767,3323,6068,4837,3716,3288,3972,3766,3489,3270,3375,3398,3349,3143,-32.7884,-31.6532,8.6447,47.5293
13602,4598,7560,8619,5175,3987,4986,5239,4306,3532,3734,3797,3521,3182,3342,3277,3238,-25.6867,1.83674,8.65846,48.062
13603,3413,3534,3343,3235,3905,4055,3895,3471,4873,6671,5078,3900,5348,7909,5627,4107,17.3602,-5.59295,8.67396,48.2427
13604,5263,8671,7100,4485,4341,5464,4922,3925,3726,3752,3761,3589,3266,3386,3334,3151,-23.867,-2.74649,8.66276,48.0907
13605,3220,3309,3270,3343,3342,3431,3832,3803,3286,3730,4758,6396,3389,3955,6071,12207,25.8353,33.0232,8.57073,47.5613
13606,4079,5871,9436,6108,3649,4491,5783,4750,3413,3654,3937,3701,3224,3246,3400,3262,-23.4658,7.50513,8.61529,48.0027
13607,3421,3742,4850,6625,3413,3842,5306,10059,3179,3588,4295,5567,3189,3369,3616,3891,-9.26712,31.6539,8.98281,47.968
13608,3099,3272,3619,3573,3087,3535,4104,4613,3388,3940,5267,8580,3400,3786,5795,9190,15.8104,25.1185,8.93685,48.1653
13609,3304,3656,4324,4908,3411,3998,5753,7762,3371,3747,5336,6878,3251,3510,4135,4548,-1.75193,20.2804,8.61699,47.928
13610,3796,3695,3321,3154,5448,4309,3683,3259,9737,5316,3769,3435,7287,5065,3701,3230,10.5004,-26.5472,8.62679,48.1367
13611,4833,4374,3682,3218,7545,5849,3908,3433,6867,5616,3886,3442,4464,4128,3681,3214,-1.22474,-19.0174,8.61814,48.0933
13612,4330,4720,4107,3549,5025,7442,5168,3861,4694,6128,4580,3648,3952,4097,3789,3421,-3.06056,-6.88641,8.54493,48.3407
13613,3344,3294,3161,3060,3897,3763,3468,3169,6157,4797,3753,3415,12563,6426,3988,3445,27.6124,-26.1597,8.95679,47.8
13614,3886,4545,4671,3977,4428,6786,6520,4160,4069,5370,5221,3979,3550,4036,3856,3562,-4.34959,-0.586329,8.9116,48.4107
13615,11206,6602,4117,3454,6681,5031,3869,3431,4147,3939,3457,3229,3410,3440,3266,3083,-22.5658,-23.7594,8.62029,48.2413
13616,3539,3977,7216,11354,3454,3881,4955,5744,3164,3432,3859,3939,3151,3184,3392,3528,-32.8633,20.8295,8.96029,47.846
13617,4277,5807,7587,5195,4004,5345,6726,4803,3585,3734,3943,3709,3208,3424,3559,3369,-17.6121,4.23475,8.54447,48.1833
13618,7536,10004,5186,3720,5114,5295,4232,3654,3819,3844,3553,3220,3303,3287,3251,3108,-31.0239,-11.324,8.75875,48.084
13619,7254,4892,3837,3325,9825,5168,3824,3328,5346,4273,3593,3292,3683,3669,3409,3281,-10.4125,-31.4582,8.87125,47.9993
13620,4232,3970,3550,3224,6889,4690,3624,3352,9470,5088,3754,3269,5566,4351,3668,3345,4.08454,-30.2918,8.72381,48.028
13621,3088,3262,3434,3378,3212,3513,3777,3899,3367,3700,4851,6377,3474,3927,6143,12104,25.2573,27.4718,8.57861,47.6707
13622,3296,3280,3816,4060,3219,3664,4458,6184,3309,3723,5162,9993,3311,3762,4551,6121,6.80957,30.7191,8.87815,47.9393
13623,3482,4252,7265,9641,3375,4072,5489,6634,3299,3592,3869,4168,3047,3171,3391,3449,-21.593,18.8093,8.61042,48.1307
13624,3517,4363,7677,9990,3426,4036,5284,6189,3248,3466,3848,3940,3207,3196,3466,3390,-22.8398,18.3558,8.95195,48.162
13625,3252,3470,3766,3976,3235,3743,4737,6018,3325,3928,6011,9105,3269,3685,4655,6009,6.52374,21.872,8.58292,48.1227
13626,3225,3330,3425,3429,3227,3412,3689,3978,3306,3788,4698,6145,3336,3872,6134,12558,33.8223,26.568,8.8674,47.7013
13627,3131,3168,3399,3421,3206,3471,3751,3982,3346,3753,4712,6012,3338,3928,6437,12103,29.4148,24.5218,8.80121,47.4387
13628,3250,3377,3613,3356,3403,3803,4439,4176,3752,4930,7571,5374,3791,5059,7281,5465,14.3596,8.10718,8.83488,48.4267
13629,3287,3428,3355,3190,3888,4028,3689,3400,5118,6364,4398,3704,6428,8901,5188,3887,19.659,-9.77476,8.88686,48.1687
13630,3442,3387,3306,3144,3901,3877,3641,3257,5368,5138,4079,3612,8616,8892,4728,3592,33.007,-14.6834,8.53099,47.9867
13631,4776,4277,3693,3185,7596,5802,3836,3354,7327,5514,3846,3413,4605,4154,3644,3304,-0.855313,-19.8772,8.92026,48.2173
13632,3926,4491,4392,3778,4096,6655,6374,4209,4150,5618,5453,4105,3703,4089,3894,3638,-2.59958,-0.420129,8.85784,48.3807
13633,6183,8200,5004,3779,5437,6692,4602,3715,4075,4134,3815,3415,3443,3454,3340,3115,-17.9371,-9.70352,8.94571,48.2687
13634,3534,3373,3253,3152,3936,3718,3456,3217,6309,4942,3854,3392,11541,6823,4004,3505,25.4591,-22.8999,8.61281,48.006
13635,4052,3878,3486,3105,5785,4852,3783,3340,8412,6704,4011,3390,5470,4966,3857,3354,6.89734,-18.2978,8.86942,48.2967
13636,3235,3421,3524,3752,3350,3624,4167,5252,3393,3807,5218,9535,3292,3843,5147,7352,11.2608,33.3014,8.5368,47.9413
13637,3603,4077,4346,4029,3802,5236,6771,4496,3866,5224,6550,4468,3547,4036,4320,3921,-0.184002,4.41161,8.60411,48.1947
13638,3174,3191,3236,3333,3399,3665,4018,3712,3656,4414,5556,5166,3786,5095,9545,7337,24.4791,11.2841,8.82295,48.1887
13639,12437,6111,3934,3381,5947,4841,3774,3281,3902,3706,3432,3165,3422,3310,3335,3252,-29.461,-28.7875,8.52174,47.4867
13640,6668,9876,5803,3898,4860,5163,4255,3865,3649,3837,3627,3481,3334,3329,3327,3204,-29.0215,-8.2647,8.5987,48.1173
13641,3373,3688,3644,3592,3897,4451,4755,3882,4132,6555,7220,4511,3993,5004,5336,4275,8.96402,1.4379,8.61564,48.2053
13642,12017,6683,3942,3286,5854,4841,3827,3344,3923,3845,3418,3243,3370,3359,3267,3149,-33.8856,-23.1567,8.85404,47.5787
13643,3161,3282,3445,3162,3461,3666,3831,3681,3918,4600,5314,4484,4221,6763,9390,5675,26.4955,4.967,8.79808,48.036
13644,3578,4019,4631,4159,3718,4834,7426,5183,3714,4616,6143,4715,3342,3730,4116,4076,-2.83834,7.92725,8.52258,48
13645,3201,3283,3368,3308,3472,3886,3824,3479,4101,5350,5350,4207,4606,7610,8130,4958,21.8982,0.788053,8.9299,48.0887
13646,3236,3251,3401,3333,3239,3339,3780,3895,3403,3944,5049,5735,3467,4065,7518,11183,30.4122,20.4391,8.99929,47.892
13647,3400,3945,5912,11718,3330,3776,4867,6936,3183,3458,3857,4049,3168,3312,3269,3282,-22.1468,32.7939,8.76601,47.6413
13648,3356,3622,4080,4107,3489,4010,5684,5490,3590,4246,7113,6612,3460,3776,4684,4923,3.56142,13.9647,8.56321,48.1613
13649,4850,4310,3617,3283,8015,5429,3877,3383,7668,5189,3716,3294,4568,4201,3677,3177,-0.584605,-22.8468,8.69158,48.1693
13650,3290,3428,3257,3119,3930,3713,3466,3235,5968,5037,3791,3445,11204,7122,4178,3430,31.4156,-21.2321,8.56407,47.742
13651,3571,3495,3280,3191,4303,4312,3529,3312,6456,6669,4215,3542,7003,7281,4533,3585,16.5428,-14.0696,8.50667,48.1847
13652,4659,4175,3504,3204,7566,4917,3658,3242,8768,5154,3702,3403,5113,4244,3647,3277,1.58367,-27.4168,8.79276,48.1553
13653,3222,3666,4735,6167,3459,3788,5458,9580,3282,3637,4566,6237,3235,3383,3808,4003,-6.9631,26.7868,8.56333,48.1507
13654,3389,3363,3251,2997,3989,3764,3413,3232,5974,4940,3852,3314,12157,6536,3963,3371,27.5158,-25.1257,8.82489,47.67
13655,3071,3187,3474,3354,3247,3452,3967,4017,3443,3853,5163,6263,3476,4286,7423,10593,23.9755,19.7356,8.98473,48.1793
13656,3437,3377,3368,3156,3758,4062,3802,3362,4865,6434,4986,3842,5710,8354,5683,3963,18.9317,-6.87978,8.61506,48.106
13657,3445,3450,3273,3111,3944,3694,3345,3214,5932,4821,3786,3346,12349,6417,3917,3387,31.652,-25.71,8.65568,47.6207
13658,3237,3409,3328,3277,3729,3952,3906,3603,4306,5898,5579,4273,4654,7522,6934,4411,18.952,-1.07844,8.796,48.012
13659,3340,3717,4671,5382,3434,4000,6341,8035,3411,3837,5102,6165,3177,3418,4021,4142,-4.67754,19.2017,8.59265,48.1287
13660,4941,4717,3901,3396,6873,7203,4350,3471,5642,5670,4017,3348,4011,4088,3662,3270,-4.48865,-14.2374,8.55371,48.3733
13661,3696,3903,3604,3317,4432,5540,4212,3527,5408,8121,5088,3777,4467,5187,4259,3663,5.88731,-8.02924,8.98342,48.134
13662,4975,7150,5632,4064,4800,7190,5457,3938,3787,4165,3932,3579,3367,3430,3319,3270,-15.4631,-4.46876,8.71955,48.0367
13663,3473,4196,5631,5648,3479,4347,7543,6894,3493,3920,4848,4681,3258,3404,3769,3610,-9.36086,13.5357,8.53941,48.1293
13664,3161,3213,3381,3454,3279,3407,3732,4010,3390,3779,4731,6331,3327,4008,5911,12214,25.7635,31.0838,8.67712,47.552
13665,3178,3195,3433,3414,3247,3494,3811,4386,3479,3735,4980,7637,3326,3893,5529,10524,19.1908,31.5137,8.61537,47.5073
13666,3319,3420,3244,3145,3744,3854,3658,3375,5150,5431,4178,3619,7439,9584,5253,3774,25.677,-11.1952,8.63085,48.1247
13667,4238,5271,4996,4005,4421,7297,6601,4116,3887,4764,4599,3798,3398,3710,3690,3413,-8.90273,-1.36644,8.89842,48.136
13668,3124,3360,3773,3924,3262,3609,4567,5955,3246,3715,5324,9888,3259,3693,4802,6282,7.51941,26.1342,8.82659,47.8553
13669,7229,7200,4376,3602,6502,6556,4178,3437,4361,4119,3682,3212,3562,3455,3326,3247,-16.4938,-14.8156,8.56789,48.0293
13670,3206,3626,4135,4334,3447,3937,5648,6418,3352,4107,6314,7416,3211,3746,4519,4828,2.45291,17.7214,8.69976,48.1627
13671,4813,7216,6470,4251,4499,6386,5693,4206,3745,4046,3896,3603,3238,3487,3220,3285,-17.5184,-1.76318,8.90002,48.036
13672,3231,3701,4648,5538,3479,3917,5734,9323,3274,3824,4807,6531,3192,3465,3994,4229,-5.27787,22.2746,8.83238,48.5913
13673,5477,7669,5293,4081,5091,7034,4957,3858,3875,4284,3857,3347,3312,3478,3449,3228,-16.6429,-7.05371,8.61463,48.1933
13674,3421,3863,6128,12308,3391,3714,4718,6369,3266,3430,3755,3957,3093,3271,3407,3410,-26.3995,28.9945,8.56549,47.6673
13675,3259,3629,4162,4803,3470,3937,5604,7929,3428,3849,5404,7356,3224,3540,4181,4628,-0.522906,21.4772,8.53149,48.2687
13676,3532,3362,3273,3133,3861,3833,3579,3285,5519,5199,4141,3521,9485,8376,4485,3490,27.271,-16.4334,8.71886,48.0493
13677,4197,4025,3490,3261,6776,5023,3665,3264,8760,5734,3869,3346,5298,4549,3630,3285,3.55028,-21.745,8.86123,48.1147
13678,3243,3341,3419,3299,3563,3699,3701,3646,4046,5021,4862,4237,4750,8182,8309,4840,27.1022,0.259059,8.64914,48.1053
13679,3730,5041,9292,7460,3647,4206,5566,5192,3400,3536,3919,3916,2945,3337,3404,3313,-23.0815,11.7904,8.70432,47.936
13680,3429,4083,6437,12277,3363,3807,4724,6167,3180,3319,3756,3810,3181,3218,3322,3370,-28.2047,25.7502,8.85539,47.6287
13681,4345,5102,4494,3797,4820,7698,5777,4034,4161,5197,4551,3825,3708,3850,3565,3435,-6.2,-4.02309,8.93264,48.2393
13682,4700,4043,3480,3256,7557,4818,3699,3254,8816,5221,3787,3410,5068,4217,3455,3365,1.74689,-27.1416,8.54835,48.0973
13683,3155,3298,3519,3274,3452,3799,3691,3687,3951,4832,5171,4488,4236,7198,9266,5271,33.0946,3.39852,8.67225,48.192
13684,3195,3292,3674,3782,3327,3631,4295,5560,3415,3859,5293,9986,3283,3756,4885,6940,9.54613,29.3478,8.99727,48.1153
13685,3528,4243,8129,10452,3429,4013,5139,5748,3304,3511,3771,3861,3089,3184,3341,3378,-26.4688,18.2837,8.98266,48.08
13686,3426,3696,3967,3904,3656,4651,5918,4603,3747,5476,7563,4850,3657,4187,4739,4243,3.79084,5.6752,8.70977,48.1887
13687,3197,3205,3355,3121,3575,3716,3752,3571,4064,4840,5181,4190,4612,7599,8610,4908,27.2054,1.49486,8.67543,47.664
13688,3785,3700,3342,3185,5081,4220,3571,3206,9493,5557,3880,3369,7317,5181,3798,3347,11.2494,-24.0395,8.93415,48.0213
13689,3497,3718,3586,3587,3753,4469,4931,4082,4203,6581,6981,4456,4160,5037,5139,4137,8.07433,1.34099,8.52856,48.2113
13690,12267,6423,3951,3363,6013,4879,3725,3445,3889,3776,3416,3157,3386,3325,3228,3155,-32.4994,-25.431,8.93876,47.5987
13691,4936,4182,3555,3202,8093,5425,3720,3393,7671,5160,3814,3337,4723,4204,3592,3336,-1.05321,-22.9808,8.76022,48.2287
13692,3688,4921,8604,6963,3579,4389,6406,5430,3431,3653,4091,3827,3109,3228,3418,3346,-19.9973,11.0725,8.84535,48.0553
13693,3230,3194,3409,3424,3202,3521,3769,3993,3382,4023,5049,5733,3572,4392,7998,10335,32.2273,18.4267,8.70501,48.1507
13694,3433,3290,3219,3179,3925,3773,3520,3261,5652,5008,4057,3463,10267,8380,4421,3456,27.8509,-17.4805,8.97853,48.2027
13695,3136,3194,3399,3419,3179,3484,3893,4187,3512,3898,5232,6583,3461,4027,6981,10484,21.8649,21.1059,8.60195,48.046
13696,3231,3315,3398,3297,3557,3774,3731,3651,4024,4807,5161,4422,4463,7618,8760,5034,26.7387,1.93651,8.59479,48.162
13697,3188,3144,3484,3387,3293,3591,3713,3829,3578,4251,5390,5046,3691,5187,9699,7426,26.548,11.1873,8.52768,47.9313
13698,4567,7841,8612,4894,4126,4909,5322,4217,3535,3602,3757,3685,3239,3403,3364,3236,-25.6404,1.18904,8.87906,48.206
13699,6648,9437,5491,3901,4962,5624,4331,3636,3802,3983,3699,3368,3240,3347,3344,3149,-24.1994,-9.17171,8.53032,47.9747
13700,3500,3513,3244,3091,4094,4056,3465,3257,7024,5311,3853,3441,10091,6477,4141,3408,19.9761,-21.4621,8.94298,47.9773
13701,4520,4880,4304,3702,5256,8001,5310,3825,4471,5437,4390,3658,3767,3940,3655,3343,-5.92249,-6.98786,8.70871,48.306
13702,11255,5760,3921,3423,7202,5001,3908,3353,4142,3946,3578,3264,3370,3377,3219,3130,-20.9344,-30.8339,8.50225,47.8993
13703,3420,3360,3227,3138,3924,3823,3569,3277,5774,5163,3965,3585,10027,7876,4235,3460,26.1945,-18.1906,8.52992,47.882
13704,4092,3788,3315,3130,6419,4622,3714,3193,9575,5530,3915,3430,5855,4701,3732,3169,6.08472,-25.2171,8.8031,48.12
13705,3969,4849,4457,3757,4532,7268,6168,4094,4188,5458,4946,3919,3655,3915,3845,3570,-4.8528,-2.32569,8.95808,48.3933
13706,3284,3586,4433,5535,3403,3822,5231,9602,3228,3637,4741,6880,3184,3458,3908,4347,-4.37822,28.1896,8.90337,48.186
13707,3735,4378,5330,4615,3808,5123,8288,5429,3494,4098,5243,4390,3401,3558,3786,3697,-7.85609,8.13072,8.86103,48.2487
13708,4168,6132,8450,5269,4042,5101,6180,4627,3530,3863,3929,3678,3277,3253,3407,3365,-19.8759,4.36272,8.60239,48.1807
13709,11339,6676,4055,3392,6842,5036,3804,3367,4006,3912,3396,3192,3437,3345,3167,2972,-22.9622,-22.8041,8.99319,47.9587
13710,3983,4886,5381,4348,4058,6150,7601,4648,3774,4456,4846,4080,3451,3583,3728,3557,-8.60799,3.28986,8.51554,48.3533
13711,3189,3310,3596,3755,3294,3626,4321,5473,3347,3824,5190,9856,3477,3692,4875,7130,10.2323,30.7819,8.78221,47.97
13712,3560,3893,4701,4337,3645,4821,7670,5403,3611,4390,6265,4921,3414,3625,4167,3843,-2.37871,9.21562,8.90232,48.1773
13713,3078,3188,3289,3367,3266,3425,3808,4003,3384,3850,4979,6765,3393,3920,5946,12299,23.6395,30.1097,8.88851,47.9733
13714,3420,3609,3317,3172,3819,4165,3884,3535,4884,6857,5080,3778,5322,7622,5619,3916,16.7668,-5.74481,8.53836,47.9993
13715,3110,3190,3549,3440,3139,3495,4051,4232,3422,3939,5665,7197,3489,4134,6968,9235,18.8421,19.4154,8.87537,48.17
13716,3477,3411,3326,3047,3938,3802,3489,3213,5770,5040,3880,3479,10371,7962,4403,3385,29.8999,-18.2697,8.58231,47.9953
13717,3476,3598,3238,3057,4565,4094,3449,3225,8797,5049,3852,3383,9525,5598,3913,3416,16.1419,-28.2666,8.73864,48.1567
13718,12790,6219,3913,3243,5994,4700,3683,3444,3926,3776,3422,3405,3278,3424,3150,3118,-30.1163,-27.8789,8.72862,47.6567
13719,4560,6909,6891,4616,4289,5867,6093,4427,3683,4018,4001,3602,3299,3508,3404,3357,-17.6606,0.250719,8.82028,48.3493
13720,3240,3506,4213,4899,3324,3773,5081,8639,3343,3684,4955,8111,3309,3519,4023,4602,-0.72444,27.1112,8.97554,48.1473
13721,3566,4005,4830,4692,3583,4415,7665,6334,3414,3962,5681,5197,3346,3589,4070,3987,-4.57109,12.4583,8.97546,48.224
13722,3557,4590,6664,5931,3613,4637,7595,6131,3423,3815,4557,4421,3130,3433,3517,3509,-13.2665,11.7168,8.68239,48.3487
13723,3040,3206,3434,3354,3335,3263,3832,3872,3454,3723,4713,5986,3350,3966,6586,12325,31.1803,24.8631,8.73677,47.626
13724,12182,6031,3953,3395,6844,4803,3748,3231,4036,3877,3494,3199,3456,3425,3285,3020,-23.2121,-27.015,8.83811,47.986
13725,8106,6732,4203,3410,7099,6286,4095,3597,4290,4084,3591,3378,3519,3540,3343,3059,-16.7518,-17.8439,8.57197,48.2213
13726,9483,7114,4340,3426,6884,5570,3967,3492,4040,4022,3568,3221,3401,3414,3120,3103,-19.7624,-18.9991,8.9637,48.11
13727,3465,3766,3562,3308,3976,4922,4395,3723,4794,7600,6029,4056,4557,5346,4797,3845,8.97177,-3.57651,8.52961,48.094
13728,3072,3247,3438,3367,3330,3612,3976,3987,3474,4050,5577,6270,3580,4507,7744,8801,20.7372,17.05,8.94401,48.0213
13729,5840,8300,5558,3807,5052,6687,4627,3755,3808,3990,3795,3458,3386,3454,3398,3189,-18.4575,-7.47585,8.60651,48.0693
13730,4710,4117,3645,3115,7877,5267,3870,3361,7980,5335,3807,3411,4794,4321,3529,3176,0.484173,-22.3005,8.84545,48.21
13731,3242,3603,4371,5300,3484,3817,5330,8986,3355,3617,4803,7266,3114,3499,4002,4446,-2.87063,24.7658,8.86197,48.1567
13732,3060,3196,3375,3337,3277,3481,3873,3890,3381,3756,4771,6027,3357,3900,6587,12306,28.5384,24.7057,8.82623,47.716
13733,3432,3294,3260,3114,3897,3960,3394,3221,5724,5070,3950,3438,10682,7724,4194,3339,27.5549,-19.3665,8.70855,47.7953
13734,9811,8561,4413,3586,5579,5152,3868,3452,3908,3821,3470,3286,3337,3375,3277,3115,-30.0712,-16.7129,8.7945,48.0073
13735,3227,3357,3385,3288,3535,3721,3839,3618,4059,4891,5191,4437,4470,7464,9007,5123,25.4581,2.48972,8.66643,48.408
13736,4341,3978,3483,3151,7494,4839,3709,3279,9157,5143,3768,3253,5292,4409,3637,3299,2.74093,-26.8304,8.9467,48.1547
13737,4011,6043,9961,6183,3757,4475,5408,4731,3452,3584,3710,3679,3203,3285,3406,3336,-26.7997,7.24587,8.84906,48.1493
13738,3429,3839,5457,8059,3354,3749,5633,8885,3330,3588,4285,4910,3053,3333,3669,3637,-13.3275,23.4296,8.64196,48.14
13739,3168,3188,3363,3443,3242,3391,3796,3878,3390,3824,4831,6161,3399,4007,5948,12482,26.8243,31.6555,8.50154,47.674
13740,4469,4903,4206,3578,5292,8034,5170,3772,4484,5699,4306,3660,3861,3936,3642,3392,-5.23592,-7.26867,8.65373,48.2693
13741,3249,3403,3632,3726,3362,3813,4679,4559,3661,4548,7949,6490,3565,4282,5912,5339,10.2141,12.3074,8.87124,48.1127
13742,10297,6572,4025,3544,6883,5335,3851,3463,4173,3941,3531,3208,3484,3459,3255,2999,-21.1302,-21.5605,8.63579,48.0133
13743,6619,4840,3692,3381,9929,5203,3932,3427,5676,4378,3535,3305,3932,3731,3345,3179,-8.74399,-31.9458,8.99913,48.0693
13744,4155,3690,3427,3178,6562,4512,3730,3194,9721,5272,3828,3436,5991,4530,3661,3262,6.03016,-27.2196,8.86726,48.0993
13745,3218,3427,3637,3715,3306,3740,4564,4682,3526,4288,7122,7268,3422,4137,5943,6166,11.4166,15.0034,8.64337,48.1073
13746,3389,3449,3193,3214,3662,3799,3648,3386,4632,5232,4502,3819,5971,9745,6141,3990,32.6777,-6.50009,8.64885,47.848
13747,10415,5839,3951,3442,8024,5051,3836,3354,4243,3941,3471,3255,3517,3390,3266,3204,-18.688,-33.467,8.75458,48.1327
13748,3440,3435,3349,3140,3993,4117,3701,3377,5722,7205,4479,3735,6175,7513,4872,3684,16.4781,-10.88,8.67039,47.958
13749,3297,3797,4875,6403,3371,3790,5715,9418,3126,3579,4614,5854,3059,3332,3804,4038,-7.70756,22.8526,8.6725,48.048
13750,8012,7722,4543,3625,6297,5927,4084,3550,4237,4066,3562,3281,3467,3385,3233,3159,-18.9617,-15.7032,8.93901,48.1
13751,4025,3779,3426,3243,5926,4515,3667,3209,9476,5743,3841,3434,6288,4754,3676,3260,7.62574,-23.7863,8.78888,48.1747
13752,4937,5726,4287,3687,5781,8026,4900,3614,4310,4898,4079,3529,3721,3752,3441,3226,-8.73242,-9.66062,8.5766,47.9427
13753,3183,3390,3649,3657,3407,3807,4614,4395,3587,4755,7818,6081,3763,4422,6191,5732,12.2057,11.4364,8.58748,48.3007
13754,4821,4661,3741,3337,7092,6667,4113,3550,6154,5678,4011,3339,4301,4115,3589,3315,-2.61364,-15.9945,8.7112,48.3227
13755,4440,4142,3502,3126,6824,5462,3954,3291,7529,6095,3952,3566,4868,4459,3720,3270,1.64994,-18.8495,8.72572,48.1333
13756,3228,3443,3154,3101,3717,3730,3662,3342,5128,6029,4516,3763,6897,9273,5315,3758,22.3633,-10.0827,8.98977,48.0373
13757,4312,3962,3492,3101,7067,4785,3667,3292,9383,5247,3711,3382,5528,4393,3531,3320,3.86256,-28.9478,8.59719,48.1153
13758,3099,3202,3371,3311,3193,3478,3819,3948,3397,3813,4960,5906,3300,3975,6768,11973,31.302,23.5477,8.76215,47.6753
13759,3211,3267,3425,3345,3368,3602,3731,3773,3652,4367,5131,4796,3767,5380,10044,7001,32.0618,9.77258,8.95191,47.9067
13760,3456,3948,5821,7823,3458,3971,5948,8448,3194,3553,4213,4614,3041,3404,3578,3792,-13.7267,21.0269,8.58967,48.1747
13761,5257,8592,6542,4266,4469,6005,5096,3979,3652,3965,3836,3495,3244,3355,3337,3085,-21.0368,-3.5891,8.75142,48.1167
13762,3155,3218,3288,3460,3127,3523,3890,3891,3389,3939,5001,5817,3436,4190,7273,11017,33.7271,20.4313,8.61993,47.7427
13763,4531,4616,3876,3405,5907,7356,4500,3527,5313,6282,4248,3546,4204,4090,3683,3407,-2.6624,-11.165,8.77151,48.3273
13764,3142,3281,3393,3347,3336,3356,3622,3944,3290,3781,4802,6338,3327,3841,5991,12455,26.1138,30.5156,8.83376,47.4973
13765,3356,3585,4362,5302,3337,3764,5101,8992,3403,3689,4750,7426,3360,3535,3924,4458,-2.69302,29.2039,8.53844,48.2293
13766,5078,5532,4146,3552,6330,7937,4626,3509,4547,5163,4073,3506,3740,3755,3481,3238,-8.02922,-11.7082,8.93892,48.142
13767,3233,3298,3681,3760,3323,3514,4251,5163,3407,3907,5573,9597,3280,3849,5047,7512,11.4729,25.5452,8.9266,48.2633
13768,3199,3403,3678,3881,3288,3581,4524,5826,3375,3870,5306,9833,3390,3781,4745,6401,8.05699,32.71,8.59696,48.054
13769,3321,3870,4709,5522,3467,4145,6656,8252,3452,3733,4930,5566,3136,3412,3956,3973,-5.90812,18.2367,8.86237,48.0667
13770,4045,3771,3352,3079,6232,4415,3565,3347,10190,5282,3889,3408,6151,4507,3780,3365,6.78676,-27.7644,8.99842,48.252
13771,5784,6671,4611,3640,5804,7769,4876,3642,4179,4412,3704,3415,3629,3574,3384,3256,-13.3228,-10.4799,8.865,48.2333
13772,9759,5546,3965,3435,8273,5225,3920,3390,4472,3914,3497,3218,3485,3550,3195,3049,-16.7769,-26.6804,8.85515,47.9287
13773,10749,5793,3891,3320,7743,5094,3882,3432,4233,3932,3500,3080,3377,3463,3310,3142,-19.5697,-28.7505,8.50836,47.9607
13774,3444,3896,6025,12456,3402,3767,4773,6234,3310,3458,3695,3925,3341,3262,3367,3336,-26.8334,32.741,8.56825,47.794
13775,3330,3697,3913,3742,3569,4248,5547,4575,3672,4769,7964,5689,3664,4127,5149,4667,6.26632,9.47013,8.6218,48.2147
13776,4066,3785,3464,3257,6336,4622,3674,3364,9678,5196,3901,3396,5813,4512,3663,3286,5.92031,-33.6854,8.6634,48.0087
13777,3629,3609,3381,3170,4372,4475,3749,3466,6353,7665,4536,3699,5827,6510,4432,3652,12.8772,-11.8656,8.81802,48.35
13778,3094,3183,3370,3356,3251,3361,3705,3933,3509,3990,5068,6064,3458,4326,7498,10805,25.0139,20.0236,8.91642,47.9807
13779,3148,3254,3374,3329,3167,3425,3779,3929,3344,3886,4838,6619,3410,3887,5949,11911,22.9241,32.6661,8.91439,47.4993
13780,12275,6037,3968,3412,6233,4741,3846,3339,3871,3741,3426,3259,3342,3346,3222,3228,-25.7018,-33.2599,8.61484,47.524
13781,3489,3943,6134,12433,3440,3795,4851,6315,3297,3488,3883,3936,3177,3226,3317,3438,-26.3477,27.8007,8.61466,48.108
13782,10593,7860,4179,3425,5642,5101,3986,3536,3970,3782,3540,3331,3373,3410,3241,3049,-31.0253,-18.8126,8.56102,48.012
13783,3380,3473,3182,3148,3985,3807,3585,3151,6313,4761,3784,3467,12379,5999,3918,3364,26.4062,-29.5797,8.56928,47.7973
13784,3627,3562,3380,3129,5078,4477,3553,3341,9080,5698,3886,3529,7529,5285,3997,3308,12.0318,-22.5633,8.66419,48.306
13785,11412,7348,4054,3323,5984,5031,3837,3512,3927,3805,3450,3154,3237,3405,3331,3025,-26.9716,-20.9765,8.82544,47.89
13786,3566,4276,6622,8765,3475,3948,5621,7210,3269,3573,3975,4492,3134,3307,3464,3473,-17.8518,19.7255,8.66745,48.1133
13787,3056,3241,3477,3625,3153,3552,4035,4698,3293,3856,5118,8712,3404,3822,5527,9319,15.9926,26.6325,8.96213,47.9253
13788,4430,5563,4626,3745,4901,8089,5684,3914,4083,4986,4388,3572,3605,3762,3581,3412,-8.46085,-5.19287,8.82744,48.2273
13789,3831,3761,3505,3328,4622,4927,3917,3524,6651,7882,4403,3530,5454,5625,4064,3531,9.23164,-13.0244,8.68756,48.37
13790,3779,3952,3561,3281,4572,5391,4312,3538,5645,8205,5101,3668,4592,5150,4134,3558,6.11944,-8.8902,8.79047,48.2927
13791,11002,6144,3958,3463,7259,5059,3862,3470,4194,3867,3442,3196,3334,3431,3212,3070,-20.5882,-24.5635,8.9621,47.9753
13792,3313,3600,4282,4996,3291,3840,5048,8873,3312,3676,4760,7714,3188,3521,4188,4466,-1.71205,31.1856,8.89167,48.0453
13793,10948,7564,4180,3471,5901,5201,3862,3443,3949,3891,3406,3183,3408,3287,3231,3137,-27.5259,-19.7958,8.80825,48.0413
13794,4210,3964,3444,3191,7125,4786,3671,3283,9209,5081,3819,3470,5359,4442,3724,3266,3.44869,-30.7482,8.58282,48.0293
13795,8387,5217,3763,3367,8961,5358,3791,3357,4996,4145,3572,3220,3719,3548,3286,3090,-13.6977,-26.8505,8.57341,47.8513
13796,3785,5121,9792,7497,3546,4360,5234,5092,3281,3625,3788,3791,3166,3246,3365,3339,-30.0076,10.9392,8.91057,48.0187
13797,4096,6023,9801,6300,3865,4387,5274,4546,3464,3608,3848,3727,3173,3320,3354,3383,-31.4484,7.45899,8.51857,48.1127
13798,3384,3363,3232,3023,3923,3786,3434,3238,5641,5067,3883,3454,10471,7925,4326,3503,29.5756,-18.9979,8.64695,47.7687
13799,4893,4651,3755,3298,6785,6917,4076,3441,5934,5878,4014,3296,4139,4191,3564,3242,-2.66082,-15.2397,8.84362,48.0493
13800,3382,4014,5445,6607,3438,3989,6428,8529,3299,3734,4502,5068,3115,3313,3811,3664,-10.8359,19.4503,8.79104,48.2253
13801,3363,3382,3217,3153,3905,3738,3403,3164,5677,5022,3981,3511,10586,7927,4226,3416,31.5461,-18.1741,8.87092,47.7807
13802,3753,3642,3426,3211,4857,4783,3857,3376,7451,6967,4234,3485,5965,5495,3968,3550,10.095,-16.096,8.50665,48.0133
13803,3137,3351,3586,3595,3192,3625,4219,4464,3478,4206,6250,7112,3543,4365,6805,7596,16.3449,16.3404,8.79733,48.3493
13804,3350,4048,6831,10477,3431,3925,5181,6644,3303,3468,3916,4134,3077,3293,3333,3407,-22.2562,21.1947,8.60013,47.8787
13805,3012,3229,3397,3360,3236,3429,3756,4036,3343,3875,4857,5867,3374,4148,7246,11558,31.5784,21.3663,8.90525,47.8153
13806,3237,3301,3391,3314,3509,3564,3869,3713,3801,4512,5228,4623,4054,6266,9635,6077,29.1709,6.76101,8.51001,48.0627
13807,3684,3527,3328,3043,4511,4178,3638,3314,7897,5909,4027,3340,8050,6094,4234,3510,15.3164,-19.6969,8.58582,48.1893
13808,3305,3362,3245,3109,3808,3832,3621,3266,5205,5169,4088,3586,8267,9200,4918,3651,28.504,-13.5112,8.61266,47.7547
13809,3572,4123,4851,4374,3767,5042,7668,5401,3631,4486,5814,4665,3462,3614,3981,3774,-4.3105,7.50672,8.61763,48.15
13810,3545,3483,3309,3128,4244,3999,3533,3312,7335,5852,4105,3449,8614,6651,4034,3538,17.0568,-19.5737,8.56785,48.0873
13811,3762,4252,5110,4368,3881,5277,8128,5176,3756,4311,5423,4338,3407,3576,3886,3678,-6.53014,6.79694,8.88806,48.2193
13812,3325,3687,4488,5934,3397,3784,5198,9825,3303,3631,4532,6210,3151,3427,3759,4150,-6.34425,29.3896,8.81594,47.8673
13813,3300,3847,5631,9996,3496,3971,5116,8141,3271,3479,4013,4337,3170,3243,3505,3566,-17.72,31.5926,8.66011,48.0547
13814,12251,6523,3967,3373,6280,4928,3827,3386,3978,3755,3429,3266,3250,3383,3214,3029,-26.3128,-24.7226,8.94315,47.8927
13815,3315,3375,3375,3184,3649,3911,3756,3453,4532,5874,5070,4058,5281,8592,6598,4244,20.6433,-3.76831,8.94021,48.178
13816,3069,3238,3431,3611,3182,3582,4158,4325,3543,3844,5669,7507,3373,4036,6642,8793,16.987,19.6269,8.77157,48.002
13817,3452,3833,4634,4568,3580,4488,7270,6406,3568,4170,5911,5573,3272,3638,4288,4146,-2.536,13.3783,8.88607,48.5313
13818,3337,3743,4737,6287,3411,3824,5664,9623,3257,3655,4446,6003,3196,3342,3898,3890,-7.98054,24.352,8.93556,48.2087
13819,3127,3456,4011,4600,3251,3717,4816,7643,3397,3741,5156,8620,3302,3537,4275,5088,1.59348,27.1279,8.50661,47.8247
13820,3178,3664,4082,4269,3495,3922,5717,6548,3378,4084,6275,7275,3205,3690,4405,4715,1.64976,17.4736,8.91713,47.9347
13821,3161,3283,3377,3312,3392,3549,3743,3608,3657,4478,5536,4802,3998,5690,9607,6600,25.6487,8.8342,8.67627,47.862
13822,9930,8271,4507,3509,5726,5116,4030,3539,3883,3706,3531,3222,3378,3421,3223,3227,-27.2923,-17.61,8.6051,48.146
13823,5883,4597,3702,3311,9832,5321,3771,3288,6525,4485,3599,3282,4048,3971,3426,3131,-5.51264,-29.3273,8.7854,48.1147
13824,3415,3955,6334,11307,3309,3812,4991,6847,3244,3411,3773,4129,3090,3224,3346,3437,-22.4118,24.7918,8.61704,47.7493
13825,3259,3411,3296,3097,3981,3875,3501,3207,6487,4890,3776,3363,12419,6077,3846,3395,24.8078,-27.3369,8.83888,47.92
13826,3209,3622,4430,6000,3330,3775,5284,9712,3206,3767,4541,6463,3242,3353,3833,4130,-5.6867,27.4424,8.64886,47.9313
13827,3325,3843,5971,12681,3357,3801,4738,6084,3328,3456,3759,3881,3188,3240,3336,3367,-32.2313,28.5439,8.71629,47.57
13828,10551,7836,4163,3423,5663,5161,4034,3526,4053,3876,3512,3222,3491,3393,3147,3172,-33.0198,-18.7086,8.51212,48.1487
13829,3324,3453,3331,3160,3696,3923,3634,3403,4794,6379,4695,3772,5861,8755,5774,3994,20.2779,-7.10742,8.81716,47.9653
13830,3823,5667,9958,6682,3675,4400,5434,4838,3403,3540,3830,3812,3161,3207,3467,3409,-26.1547,8.99999,8.99426,48.204
13831,3884,5156,7044,5188,3939,5269,7439,5065,3589,3968,4345,3911,3169,3399,3490,3497,-14.3149,6.33675,8.77967,48.2347
13832,12843,5807,3965,3340,6202,4811,3743,3426,3894,3772,3560,3322,3373,3250,3219,3188,-27.271,-32.4761,8.82413,47.81
13833,3447,3421,3271,3110,3952,3909,3530,3416,5792,6085,4312,3608,7606,8310,4684,3746,20.0498,-13.0864,8.92835,48.1327
13834,3302,3596,3979,4295,3236,3877,5131,6780,3366,3925,5866,8576,3257,3531,4463,5207,3.21936,21.2434,8.95698,48.258
13835,5776,5839,4176,3476,7036,7579,4415,3570,4735,4758,3720,3374,3686,3646,3399,3188,-10.0124,-13.8153,8.97946,48.2487
13836,7722,6145,4094,3518,7739,6273,4097,3364,4577,4224,3661,3259,3615,3504,3310,3043,-14.8753,-18.9603,8.54886,48.0967
13837,3160,3227,3353,3484,3280,3460,3727,3969,3261,3911,4848,6371,3376,3762,6020,12369,26.0603,28.5733,8.633,47.7187
13838,3476,3484,3240,3133,4197,3949,3486,3168,6836,5034,3861,3437,10751,6791,4018,3434,22.3565,-22.1632,8.53339,48.1967
13839,3328,3257,3188,3103,3989,3737,3462,3246,6679,4750,3778,3204,12183,6060,3935,3409,25.0803,-30.1403,8.78536,47.5387
13840,3374,3421,3301,3125,3891,4191,3920,3502,4896,6881,5138,3824,5451,7626,5573,4082,16.6603,-6.10522,8.61,48.1307
13841,3954,3758,3367,3176,5747,4350,3608,3259,9854,5351,3826,3311,6789,4917,3840,3259,8.95319,-27.6315,8.66813,48.244
13842,4117,5288,5635,4284,4272,6440,7246,4536,3732,4394,4646,3824,3383,3503,3758,3392,-10.4987,1.73111,8.67211,48.3
13843,3311,3705,4508,4686,3447,3979,5982,7173,3406,3838,5938,6932,3283,3700,4259,4566,-0.430442,17.9594,8.63495,48.4753
13844,3969,6012,9870,6089,3795,4395,5330,4712,3511,3648,3776,3687,3181,3324,3249,3291,-28.9113,7.21716,8.57955,47.8927
13845,4913,4216,3668,3292,8410,5006,3697,3295,8077,4925,3698,3393,4712,4127,3497,3255,-0.40723,-25.9487,8.96745,48.1207
13846,3138,3291,3398,3349,3374,3463,3714,3944,3434,3755,4717,6081,3454,3888,5814,12676,30.6791,30.2957,8.60532,47.66
13847,3204,3462,4007,4352,3360,3769,4828,7101,3459,3877,5238,9350,3310,3509,4514,5276,3.70513,25.7381,8.93718,48.4107
13848,4701,6230,5444,4107,4799,7328,5819,4157,3907,4431,4281,3555,3365,3615,3557,3291,-12.8115,-3.17008,8.60093,48.3913
13849,7213,9805,5096,3656,5144,5162,4152,3691,3758,3853,3631,3309,3284,3402,3251,3205,-33.563,-10.8775,8.8929,47.7413
13850,3545,4379,7348,8722,3458,4070,5906,6712,3247,3557,4076,4079,3106,3274,3478,3421,-19.6824,17.4776,8.53469,48.252
13851,3136,3223,3589,3859,3333,3485,4228,5170,3433,3782,5263,9779,3375,3875,5099,7595,11.6463,27.9647,8.81263,48.1493
13852,3192,3452,4009,4518,3320,3782,4779,7659,3354,3753,5087,8920,3248,3518,4275,5144,2.14091,30.8855,8.91844,48.0067
13853,3397,3342,3258,3224,3743,3684,3419,3276,6181,4834,3792,3242,12798,6069,3862,3354,27.7709,-33.9718,8.9786,47.65
13854,3360,3424,3275,3169,3767,3766,3589,3481,4688,5142,4432,3662,6356,10144,5781,3884,32.4545,-7.86538,8.97703,47.9467
13855,3390,3901,5387,8705,3386,3824,5158,9065,3192,3612,4115,4723,3186,3351,3461,3541,-14.5315,32.9893,8.75381,47.998
13856,12685,5854,3898,3409,6089,4803,3700,3429,3873,3716,3516,3165,3390,3409,3207,3174,-28.9089,-31.4176,8.7447,47.5447
13857,5216,7582,5793,4121,4845,6698,5207,3820,3922,4225,4069,3561,3383,3492,3302,3168,-16.9656,-5.0203,8.59656,48.2693
13858,3139,3389,3737,4131,3267,3685,4529,5553,3484,3915,5798,9419,3200,3732,5051,6453,8.3879,22.8665,8.9045,48.3213
13859,3726,4899,8213,6440,3646,4470,6880,5651,3333,3749,4101,3978,3103,3322,3469,3352,-17.746,11.0618,8.78802,48.2213
13860,3614,3672,3517,3333,4287,4975,4198,3558,5373,8118,5298,3885,4854,5772,4359,3804,9.5662,-6.91858,8.90923,48.4113
13861,3359,3467,3377,3403,3767,3974,3815,3561,4370,6185,5492,3985,4884,7689,6615,4395,18.4904,-2.39642,8.68317,48.2253
13862,3478,3602,3678,3646,3619,4384,5010,3988,4065,5681,7999,4867,3794,4602,5433,4557,8.52556,4.9664,8.77139,48.2687
13863,4736,8122,8422,4919,4044,4949,5036,4230,3508,3757,3753,3499,3172,3248,3452,3239,-28.9714,0.830051,8.71648,48.0573
13864,3417,3415,3201,3052,3887,3965,3542,3317,5400,5751,4234,3601,8099,8778,4717,3656,23.212,-13.9245,8.83884,48.0213
13865,3529,3953,4618,4266,3560,4746,7432,5222,3603,4582,6626,4917,3372,3794,4142,4016,-1.63701,8.79928,8.98792,48.252
13866,3424,3314,3341,3151,3992,3820,3469,3205,5954,4817,3737,3355,12172,6391,3920,3283,31.7021,-25.1555,8.8427,47.5633
13867,6698,9900,5712,3931,4909,5489,4354,3647,3673,3849,3583,3454,3337,3504,3256,3169,-25.5354,-8.71668,8.7875,48.31
13868,4401,4660,3984,3429,5759,7396,4718,3699,4988,6162,4414,3544,4145,4049,3719,3309,-3.2869,-10.2887,8.60255,48.2507
13869,4583,4512,3895,3389,5908,7249,4503,3569,5553,6129,4248,3501,4234,4135,3704,3260,-1.98602,-11.9887,8.99388,48.248
13870,6573,9501,5609,3861,4871,5664,4423,3696,3855,3859,3688,3288,3311,3321,3245,3220,-24.3359,-8.84125,8.59961,47.99
13871,3992,5356,6133,4631,3942,5855,7592,4774,3725,4070,4498,3882,3365,3444,3633,3411,-12.1481,3.75465,8.89028,48.202
13872,6778,4862,3712,3382,9671,5506,3866,3467,5541,4385,3687,3267,4004,3746,3369,3112,-9.13974,-25.4141,8.66679,48.2367
13873,3307,3299,3339,3227,3620,3823,3763,3462,4382,5141,4783,3938,5190,9321,7194,4246,33.0079,-3.3094,8.84108,48.0233
13874,3189,3436,3687,4135,3278,3583,4666,6189,3301,3813,5648,9314,3330,3779,4588,5936,6.14752,23.6016,8.60764,47.9147
13875,9433,5521,3856,3379,8442,5097,3787,3381,4573,3942,3371,3248,3524,3496,3319,3133,-16.4056,-30.7267,8.71734,47.668
13876,8453,5898,4079,3430,8422,5782,3983,3336,4639,4222,3568,3322,3593,3569,3298,2987,-14.8612,-21.8749,8.78602,48.3873
13877,3444,3747,4697,5004,3489,4130,6784,7523,3372,3904,5518,5898,3302,3530,4033,4214,-3.76858,16.6032,8.83227,48.3927
13878,3363,3776,4803,5564,3484,3905,6332,8299,3328,3731,5032,5715,3245,3512,3910,4061,-6.26654,19.3326,8.58194,48.04
13879,4056,4620,4563,3870,4530,7282,6101,4112,4212,5501,5008,3900,3760,3848,3731,3501,-4.45269,-2.53741,8.90175,48.3967
13880,3159,3224,3498,3542,3264,3614,3998,4591,3394,3866,5153,8447,3424,3903,5491,9291,16.3084,29.9601,8.59149,47.906
13881,3268,3388,3268,3093,3797,3992,3639,3396,4997,5864,4414,3636,6511,9523,5566,3824,22.7622,-8.86893,8.90273,48.1173
13882,3144,3248,3356,3471,3219,3468,3887,4246,3368,3926,5165,7009,3451,3933,6460,10905,21.3317,23.3966,8.85861,48.1707
13883,3050,3168,3443,3488,3225,3482,3898,4172,3194,3796,5168,7442,3443,3971,6029,10841,20.0803,25.0869,8.98346,47.8733
13884,3077,3186,3578,3481,3237,3524,4104,4648,3305,3983,5628,8561,3406,4003,5696,8619,15.062,23.4183,8.84015,48.024
13885,3082,3274,3339,3455,3121,3576,3903,4208,3431,4010,5584,6899,3503,4086,7108,9339,19.0939,19.2035,8.986,47.9453
13886,3109,3437,3621,3628,3248,3621,4295,4828,3497,3965,6050,8499,3437,4017,5739,7361,12.9549,20.1352,8.81735,48.2347
13887,3342,3378,3258,3217,3983,3859,3544,3308,6084,4524,3728,3376,12682,5964,3826,3503,30.6902,-30.1708,8.75181,47.7173
13888,3141,3557,3777,3975,3357,3708,4705,5689,3435,3898,6302,8867,3400,3787,4866,6020,7.45231,20.4024,8.62928,48.3227
13889,3460,3529,3393,3304,3985,4412,4029,3577,4934,7413,5462,3917,5060,6679,5195,4043,13.7368,-5.44944,8.53575,48.2613
13890,3962,3942,3531,3280,5296,5338,4011,3432,6813,7501,4470,3493,5076,5123,3981,3504,5.98486,-14.3004,8.56139,48.502
13891,3469,4459,8379,10039,3461,4078,5149,5517,3169,3499,3927,3925,3143,3249,3393,3378,-32.9968,17.1965,8.94546,48.156
13892,3807,3755,3480,3153,5432,4592,3760,3162,8589,6401,4066,3502,6024,5112,3971,3444,8.93762,-19.7816,8.5258,48.1667
13893,4748,8310,7961,4734,4217,5003,4845,4125,3495,3728,3728,3499,3239,3419,3316,3251,-28.7013,-0.412992,8.55403,47.7453
13894,3302,3407,3312,3136,3756,3859,3659,3310,4888,5218,4270,3678,7007,9957,5445,3848,31.5387,-9.57037,8.73946,48.0347
13895,3404,3894,5629,10966,3370,3832,4997,7782,3207,3473,3970,4221,3165,3299,3394,3484,-19.4954,31.1768,8.88863,48.058
13896,3414,3400,3172,3120,3944,3827,3570,3295,6051,5225,3965,3441,10239,7793,4253,3407,24.8782,-18.6461,8.64241,48.0773
13897,3184,3182,3268,3326,3537,3684,3747,3679,3956,4591,5087,4366,4202,6839,9409,5588,31.7605,4.48282,8.82841,47.7633
13898,3367,3782,4658,4903,3549,4219,6817,7240,3498,3883,5681,5871,3248,3605,3974,4142,-3.59577,15.5664,8.663,48.2913
13899,5439,7108,4892,3870,5365,7448,4879,3729,3917,4427,3904,3369,3481,3490,3390,3228,-14.3815,-8.46474,8.69051,47.9573
13900,4652,6778,6200,4367,4498,6560,6023,4296,3692,4135,4066,3607,3301,3456,3459,3308,-15.5204,-1.25486,8.65796,48.2653
13901,3169,3212,3302,3496,3246,3492,3722,3899,3360,3752,4806,6018,3368,4070,6417,12363,28.865,25.7041,8.61322,47.7947
13902,3343,3550,3303,3229,3827,3722,3555,3215,5395,5091,4078,3511,9478,8616,4479,3556,31.4265,-16.1622,8.65679,47.9653
13903,4385,7224,9199,5391,3981,4902,5265,4416,3553,3713,3681,3620,3317,3343,3338,3234,-26.76,3.09748,8.92541,48.3747
13904,3384,3298,3236,3144,3960,3794,3427,3260,6307,4879,3805,3280,12563,6232,4000,3356,27.2685,-27.4041,8.79085,47.95
13905,3305,3939,5657,10234,3390,3850,4992,7854,3188,3499,3980,4358,3140,3339,3480,3521,-18.2344,30.1717,8.51428,47.8173
13906,3435,3949,5804,10707,3266,3840,5041,7889,3248,3439,3941,4427,3055,3188,3336,3449,-18.9827,28.0971,8.99653,48.0093
13907,3417,3455,3177,3051,4196,3847,3443,3242,6951,5052,3810,3366,11397,6277,3894,3412,22.0407,-24.7884,8.99965,47.9913
13908,12721,6067,3978,3422,6058,4779,3857,3321,3978,3774,3397,3287,3355,3401,3211,3223,-31.0724,-28.821,8.56622,47.886
13909,4109,6217,9433,5904,3802,4658,5437,4654,3335,3688,3942,3718,3226,3306,3397,3233,-24.8016,5.99415,8.69821,48.0393
13910,3058,3226,3497,3438,3285,3483,3923,4187,3339,3796,5027,7561,3372,3929,5839,10637,19.6388,29.3372,8.50048,47.7313
13911,7579,9512,5054,3675,5087,5398,4199,3675,3811,3858,3623,3275,3326,3415,3216,3121,-27.3446,-12.1518,8.54037,47.8827
13912,3466,3363,3189,3172,3955,3718,3551,3314,5851,4840,3904,3415,12099,6720,3910,3345,31.3901,-23.6356,8.62907,47.8747
13913,3266,3777,4779,6441,3354,3846,5431,9780,3169,3760,4518,6016,3093,3361,3673,3979,-8.03953,26.4679,8.82891,48.162
13914,3317,3319,3301,3223,3621,3746,3827,3541,4283,5074,4795,4059,5173,8899,7723,4468,29.3143,-2.16657,8.88659,48.246
13915,4911,6318,4984,3896,5059,7627,5587,3937,3949,4566,4059,3749,3460,3553,3425,3309,-12.4135,-5.55082,8.50474,48.2593
13916,3446,3773,5901,12409,3384,3802,4637,6043,3230,3499,3735,3820,3164,3271,3474,3316,-32.1281,31.683,8.69184,47.2693
13917,3288,3406,3329,3213,3985,3813,3432,3106,6902,4966,3796,3277,11771,5953,3947,3391,22.7448,-31.3778,8.66993,47.7167
13918,5393,9151,6763,4214,4517,5468,4741,3765,3585,3835,3588,3503,3259,3309,3390,3180,-24.2463,-4.58404,8.72516,47.774
13919,3165,3420,3731,3754,3396,3994,4857,4600,3544,4512,7885,6471,3571,4150,5786,5279,9.2294,12.3752,8.50297,48.0767
13920,5729,9667,6484,4111,4432,5205,4683,3872,3682,3887,3752,3459,3280,3336,3254,3154,-26.7958,-5.43721,8.78571,47.9913
13921,3843,4428,4002,3594,4561,6616,5229,3942,4547,6684,5248,3898,3975,4242,3910,3622,-0.0499787,-4.02335,8.65236,48.2273
13922,4078,4121,3558,3360,6077,5561,3905,3482,7204,6826,4038,3405,4815,4554,3799,3362,3.29665,-16.4767,8.59007,48.0967
13923,4079,4145,3739,3369,5470,6150,4170,3526,6035,7097,4375,3514,4536,4723,3938,3380,2.22385,-12.081,8.51403,48.164
13924,3133,3321,3579,3511,3312,3457,4101,4603,3431,3851,5213,9025,3392,3868,5381,8837,14.9589,33.5956,8.98656,48.01
13925,12494,6074,3909,3425,5836,4784,3773,3308,3922,3670,3396,3219,3440,3365,3216,3110,-30.1724,-33.7616,8.58118,47.294
13926,3623,4521,6920,7230,3489,4220,6650,6649,3278,3722,4305,4319,3048,3354,3559,3457,-15.5533,15.1475,8.59052,48.2293
13927,3255,3875,6199,12829,3308,3733,4732,5973,3268,3453,3781,3825,3037,3206,3310,3365,-31.8076,27.3522,8.9994,47.4327
13928,3533,4110,4728,4255,3652,5030,7721,5164,3653,4452,6114,4744,3378,3764,3900,3899,-3.21401,7.70215,8.76253,48.0647
13929,3389,3827,5294,6671,3462,4014,6229,9014,3252,3660,4386,5166,3177,3344,3729,3758,-10.3169,20.5426,8.99738,48.248
13930,5795,8950,6358,4173,4709,5702,4853,3877,3727,3920,3656,3445,3294,3419,3427,3188,-22.3391,-5.00941,8.62968,48.3287
13931,3052,3352,3437,3410,3230,3421,3869,3975,3491,3966,5098,5912,3461,4319,7561,10711,26.9273,19.6172,8.59625,48.1767
13932,3405,3406,3162,3062,4014,3874,3373,3202,6849,5044,3884,3346,11696,5722,3929,3384,22.9114,-31.2448,8.8093,47.568
13933,3539,3581,3255,3082,4274,4287,3811,3298,6524,6772,4284,3499,6972,7028,4462,3674,15.3801,-14.4091,8.64956,48.228
13934,6669,4783,3647,3281,9924,5401,3885,3302,5720,4390,3513,3386,3985,3785,3317,3128,-9.04277,-26.3375,8.72332,48.0773
13935,3149,3250,3428,3202,3294,3586,3754,3694,3796,4446,5231,4731,3916,6009,10067,6289,28.3461,7.60866,8.98597,47.8947
13936,3402,3498,3345,3181,3806,4276,3960,3558,4737,6882,5466,4022,5007,7284,5738,4106,15.6233,-3.9638,8.92524,48.1787
13937,3484,4066,5381,5921,3581,4168,6857,7909,3484,3828,4756,5049,3249,3438,3764,3895,-9.24417,17.1217,8.54659,48.5533
13938,3782,4887,8361,7021,3687,4258,6321,5702,3371,3654,4106,3931,3192,3246,3545,3431,-19.5041,12.1095,8.63968,48.33
13939,4617,7565,7556,4643,4272,5512,5664,4289,3563,3896,3782,3602,3271,3400,3419,3331,-21.181,0.341448,8.7259,48.2547
13940,5774,8811,6064,4142,4564,6126,4777,3784,3751,3892,3756,3424,3282,3362,3384,3202,-21.7365,-5.8111,8.50814,48.0633
13941,5238,4320,3594,3229,9237,4965,3708,3404,7371,4731,3732,3317,4395,4068,3349,3210,-3.06727,-31.4614,8.83896,47.912
13942,3459,3561,3419,3284,3852,4137,4039,3644,5122,7309,5397,3847,5021,6872,5398,3926,14.497,-5.09343,8.75073,48.1913
13943,3518,3470,3226,3102,4283,3989,3602,3222,7656,5007,3865,3350,10241,6014,3943,3411,19.0148,-25.0675,8.53829,47.9327
13944,3449,3909,5927,10898,3339,3837,5020,7181,3388,3478,3885,4199,3083,3366,3370,3366,-20.4359,33.8058,8.73466,47.7967
13945,5482,9043,6226,4213,4642,5780,4825,3979,3709,3948,3717,3503,3303,3367,3304,3310,-22.5599,-5.2196,8.59802,48.234
13946,3420,3681,3586,3498,3884,4705,4586,3767,4535,7172,6707,4295,4288,5131,4972,4071,8.47703,-0.94379,8.50467,48.1987
13947,3367,3370,3220,3183,3939,3718,3490,3248,6253,4944,3856,3326,11920,7053,4096,3442,25.9302,-23.1376,8.98641,48.2833
13948,4423,4340,3633,3306,6487,5872,3994,3419,6816,6046,4004,3395,4639,4364,3737,3401,0.999331,-16.5307,8.51466,47.9173
13949,12678,6153,3838,3446,6061,4840,3642,3330,3800,3699,3443,3302,3468,3252,3229,3233,-29.4127,-28.6625,8.72612,47.6093
13950,3366,3409,3288,3231,3715,3836,3612,3422,4806,5626,4439,3736,6369,9661,5978,3907,24.0925,-7.76085,8.97613,48.2673
13951,3180,3579,4001,4032,3387,4002,5391,5625,3532,4265,6895,7250,3429,3816,4833,5200,5.14031,15.7227,8.77566,48.278
13952,3248,3351,3352,3299,3629,3788,3630,3494,4357,5219,4879,3997,4929,8729,7635,4756,26.9079,-1.5471,8.72376,48.1947
13953,3448,4557,7753,7882,3467,4149,6241,6119,3337,3604,3933,3998,3232,3360,3488,3377,-19.0458,14.9457,8.96265,47.9633
13954,3625,3745,3684,3480,4143,5229,4562,3655,4842,7866,5767,3980,4246,4986,4599,3895,6.72172,-4.08789,8.86278,48.2027
13955,7736,7891,4380,3642,6273,6184,4202,3500,4121,4091,3620,3246,3440,3490,3344,3100,-18.8247,-14.7064,8.82661,48.1733
13956,3817,4496,5399,4682,3820,5443,8074,5144,3686,4303,5175,4231,3328,3627,3855,3611,-8.32419,6.18146,8.67715,48.4607
13957,3840,4091,3658,3421,5126,5944,4150,3465,5922,7625,4664,3650,4362,4845,3986,3388,3.71932,-11.1277,8.79518,48.0913
13958,5868,4767,3753,3379,8652,6326,4017,3392,5784,4841,3696,3284,4048,3789,3424,3190,-7.15666,-19.9872,8.79122,48.14
13959,8242,7385,4405,3550,6714,6105,4116,3480,4195,4086,3560,3234,3461,3447,3217,3115,-18.335,-16.6409,8.92872,48.208
13960,4068,3938,3556,3268,5498,5433,3916,3417,7155,7007,4187,3464,4978,4878,3842,3435,4.49484,-15.3052,8.75233,48.0267
13961,12395,6348,3926,3355,5984,4921,3782,3301,3963,3863,3358,3078,3422,3408,3279,3014,-33.2041,-24.6032,8.74606,47.598
13962,4431,4424,3712,3271,6218,6663,4260,3591,5902,6427,4150,3603,4338,4259,3625,3322,-0.478773,-13.6263,8.57532,48.1307
13963,5136,8192,6350,4334,4589,6013,5225,3953,3773,4102,3730,3489,3231,3430,3443,3242,-19.7771,-3.62196,8.58275,48.1547
13964,3348,4026,5772,11410,3362,3756,4948,7430,3304,3509,3834,4030,3107,3200,3430,3383,-20.8513,31.4807,8.96783,47.8993
13965,3584,3654,3321,3027,4440,4281,3753,3345,7067,6766,4192,3472,7051,6504,4223,3494,14.2537,-15.9562,8.89801,48.116
13966,3269,3712,4938,6823,3231,3848,5387,9953,3266,3581,4398,5678,3137,3350,3743,3830,-9.18752,27.1982,8.63383,48.096
13967,6592,4867,3757,3378,9466,5790,3901,3314,5720,4499,3701,3300,3958,3756,3447,3126,-8.42921,-22.955,8.80485,48.3813
13968,5028,8844,7803,4548,4211,5097,4819,4100,3514,3635,3691,3638,3091,3461,3323,3269,-28.4467,-1.49653,8.61226,48.048
13969,4519,6042,5187,4051,4610,7297,6184,4082,3884,4627,4223,3764,3512,3623,3465,3343,-11.2948,-2.57493,8.85354,48.2753
13970,6890,5309,3953,3357,8981,6081,3963,3401,5013,4401,3699,3374,3793,3575,3369,3202,-10.8162,-21.2166,8.62577,48.2407
13971,3713,3892,3626,3422,4540,5429,4334,3559,5408,8098,5135,3730,4468,5184,4100,3584,6.21119,-7.70039,8.51837,48.148
13972,6643,9385,5463,3741,5187,5738,4371,3689,3844,3851,3573,3365,3454,3405,3248,3188,-23.255,-9.67347,8.82343,48.0967
13973,3415,3951,5750,10754,3333,3773,4967,7880,3180,3479,4001,4276,3082,3292,3381,3494,-19.2541,28.8269,8.85652,48.0053
13974,5697,9657,6667,4121,4460,5162,4614,3936,3660,3914,3586,3363,3282,3427,3290,3234,-29.4152,-4.99281,8.81714,48.0467
13975,4171,5347,5375,4176,4354,7068,6725,4313,3771,4489,4402,3889,3476,3489,3606,3449,-10.7895,-0.635448,8.59969,48.0667
13976,3162,3377,3394,3267,3465,3666,3850,3711,3984,4880,5333,4374,4472,7404,8991,5290,25.3264,2.76432,8.66752,48.4133
13977,6841,5440,3928,3421,8889,6053,3882,3393,5094,4370,3601,3182,3766,3708,3331,3128,-10.845,-21.1687,8.51928,48.018
13978,3247,3591,3863,3915,3495,3834,5178,5413,3520,4302,7296,7610,3403,3722,4951,5156,6.31738,15.7618,8.95872,48.3307
13979,3207,3337,3697,3828,3311,3635,4376,5486,3429,3715,5396,10005,3273,3696,4925,6890,9.48187,32.7232,8.85353,48.1373
13980,9395,8700,4621,3566,5418,5066,4086,3526,3909,3751,3560,3209,3418,3313,3218,3124,-30.2803,-16.2881,8.72413,47.92
13981,4158,4825,4537,3769,4563,7181,6243,4091,4259,5351,4811,3820,3620,3967,3724,3477,-5.19767,-2.7261,8.8038,48.264
13982,3623,4137,4504,4256,3705,5278,7233,4963,3636,4798,6210,4510,3509,3803,4061,3917,-2.55301,5.75553,8.52452,48.0953
13983,3386,3347,3178,3111,3889,3771,3514,3183,5876,5104,3794,3351,11300,7133,4135,3468,30.9806,-21.2126,8.65877,47.6933
13984,3588,4434,6968,7278,3503,4235,6505,6802,3394,3611,4291,4320,3092,3321,3445,3472,-15.9352,15.5325,8.70829,48.1727
13985,4178,3776,3488,3149,6584,4639,3689,3278,9601,5108,3830,3235,5885,4433,3615,3335,5.37794,-30.8611,8.67075,47.882
13986,3455,4039,6747,10968,3426,3806,5006,6681,3231,3487,3853,3992,3055,3309,3411,3464,-23.3896,22.6115,8.50616,47.9533
13987,3414,4038,6208,12204,3319,3805,4830,6463,3177,3372,3772,3955,3061,3209,3335,3286,-25.0599,27.2028,8.6924,47.632
13988,3381,3482,3230,3171,3924,3886,3394,3237,6036,4794,3782,3313,12429,6285,3959,3410,28.6217,-25.2795,8.69383,47.8087
13989,8120,5687,4031,3374,8728,5755,3935,3398,4678,4190,3478,3345,3617,3577,3369,3182,-14.1831,-22.4489,8.68493,48.3093
13990,4094,5652,7614,5279,4003,5336,6702,4725,3534,3920,4195,3870,3124,3317,3490,3381,-16.7418,4.96996,8.73174,48.1573
13991,3623,4516,6710,5486,3667,4794,7817,5897,3422,3929,4640,4165,3242,3347,3641,3445,-12.3321,9.70166,8.66931,48.2273
13992,3260,3387,3232,3123,3722,3781,3704,3335,4679,5247,4463,3719,6186,9887,6170,3975,27.3021,-7.30293,8.99895,47.9133
13993,3084,3404,3719,3925,3387,3528,4331,5645,3266,3817,5452,9967,3246,3703,4889,6920,9.16717,26.6257,8.80686,48.1887
13994,3433,3797,4145,4035,3778,4614,6447,4858,3649,4974,7540,5100,3536,3937,4562,4148,1.72181,7.71867,8.88,48.3687
13995,3442,3431,3190,3103,3926,3765,3476,3280,6026,4748,3683,3216,12854,5933,3795,3381,33.503,-29.4834,8.96493,47.4993
13996,3072,3262,3344,3283,3452,3777,3778,3669,4049,4593,5177,4409,4249,7270,9319,5421,29.7359,3.43766,8.84679,48.0827
13997,4131,5205,5375,4230,4399,6883,7155,4342,3885,4446,4567,3743,3478,3621,3566,3442,-9.46859,0.863975,8.9598,48.312
13998,4049,4474,3983,3488,5201,7196,4793,3627,4877,6546,4687,3675,4051,4305,3906,3543,-1.17269,-7.64921,8.73524,48.2673
13999,4352,4051,3535,3200,6872,5403,3820,3499,7732,6070,4046,3422,4880,4430,3754,3244,2.16985,-19.366,8.62542,48.2067
14000,3036,3224,3388,3522,3257,3424,3946,4300,3279,3817,5066,7522,3458,3943,5822,10984,19.669,27.2252,8.5714,47.992
14001,3499,4371,7584,8355,3594,4128,5914,6439,3259,3522,3962,4130,3098,3285,3410,3482,-19.7028,16.4551,8.59574,48.0213
14002,3227,3420,4070,4454,3483,3854,5409,6467,3449,3959,6173,7856,3334,3591,4538,4963,2.58877,18.9283,8.9404,48.1647
14003,3092,3124,3376,3501,3338,3630,3926,3973,3540,4233,5868,6057,3621,4506,8278,8410,21.5326,15.3271,8.73632,48.3153
14004,3319,3615,4579,5844,3323,3834,5491,9477,3383,3633,4547,6569,3287,3413,3821,4316,-5.37155,25.5352,8.58847,48.3007
14005,3069,3116,3274,3404,3222,3381,3764,3909,3313,3739,4651,5985,3364,3981,6359,12665,30.3244,25.9531,8.86039,47.464
14006,3126,3520,3998,4295,3301,3677,4683,7034,3277,3763,5176,9328,3313,3637,4485,5402,3.61597,27.3532,8.75851,48.01
14007,3997,3892,3579,3334,5340,5513,4058,3537,6786,7433,4341,3477,4767,4796,3988,3366,4.979,-13.7741,8.57325,48.136
14008,3511,3717,3523,3343,4103,4944,4194,3597,5151,7939,5591,3823,4495,5779,4567,3789,9.30144,-5.575,8.65055,48.044
14009,4197,5717,6640,4678,4162,5994,6972,4649,3784,4067,4187,3819,3365,3450,3548,3461,-14.4424,2.51019,8.56914,48.46
14010,3241,3496,4005,4331,3248,3763,4800,7324,3397,3738,5018,9010,3229,3555,4480,5132,2.78974,33.1776,8.8879,47.8447
14011,3511,3734,3915,3530,3801,4764,5129,4018,4247,6283,7306,4388,3937,4657,4903,4212,6.62292,1.66884,8.5282,48.2233
14012,4192,4657,4106,3473,5175,7651,4807,3735,4882,6213,4584,3621,4019,4129,3671,3326,-2.37597,-8.49647,8.76579,48.1607
14013,3181,3604,4150,4473,3467,3852,5079,6985,3392,3763,5571,8287,3301,3722,4444,5026,2.06345,22.0894,8.64135,48.198
14014,3071,3354,3341,3276,3519,3750,3876,3749,4055,5117,5486,4254,4667,7491,8397,4988,22.4938,1.70405,8.83582,48.2607
14015,3713,4504,8660,8301,3463,4198,5524,5493,3302,3646,3904,3974,3080,3336,3462,3367,-23.5362,14.2023,8.662,47.9513
14016,3545,3383,3273,3092,4112,4145,3667,3220,6343,6475,4261,3537,7495,7583,4510,3610,17.5166,-14.1708,8.86639,48.1673
14017,4652,4205,3679,3247,7444,5751,3845,3450,7244,5674,3837,3517,4662,4268,3555,3267,-0.0610291,-20.1271,8.57149,48.198
14018,5745,9670,6663,4098,4629,5226,4636,3746,3634,3812,3613,3468,3280,3414,3274,3148,-29.8698,-5.11295,8.87414,48.0373
14019,3252,3296,3155,3191,3835,3717,3348,3178,6190,4801,3697,3426,12635,6113,3951,3366,25.9813,-33.3017,8.93758,47.434
14020,5496,4686,3829,3316,8596,6117,4014,3460,6350,4899,3787,3279,4111,3943,3586,3226,-4.8249,-20.7203,8.55348,48.4633
14021,3970,4002,3567,3252,4953,6055,4440,3551,5662,7615,4809,3685,4446,4717,3930,3460,3.42421,-9.59141,8.78403,48.076
14022,3176,3263,3318,3370,3107,3395,3725,4004,3308,3739,4768,6465,3426,3934,6008,12402,26.0218,28.7264,8.64497,47.6053
14023,3603,3539,3361,3196,4612,4146,3523,3380,7961,6015,4037,3492,7773,6165,4080,3268,14.6038,-19.3411,8.80348,48.1007
14024,4662,8074,8426,4905,4068,4844,4881,4179,3528,3698,3787,3498,3284,3433,3383,3301,-31.8569,1.00265,8.75551,47.9673
14025,3324,3396,3317,3135,3824,3892,3552,3224,5529,5622,4148,3616,7877,9192,4814,3604,23.2613,-13.2299,8.74095,48.044
14026,3858,3616,3366,3225,5073,4339,3549,3326,9594,5082,3854,3307,7413,5042,3797,3245,11.1564,-33.8384,8.89489,47.7907
14027,3623,3997,3789,3537,4113,5341,5033,4071,4343,6993,6320,4214,3975,4710,4499,3961,4.51175,-1.02252,8.63669,48.346
14028,4525,5894,5254,4029,4700,7510,6235,4013,3981,4519,4191,3625,3596,3637,3464,3425,-11.1255,-3.24122,8.79211,48.3987
14029,3262,3673,4317,4470,3475,4007,5983,6086,3508,4113,6469,6997,3326,3711,4582,4617,1.61352,15.948,8.7338,48.3973
14030,3365,3956,6406,12260,3444,3807,4778,5991,3180,3480,3818,3947,3135,3173,3336,3370,-29.3076,24.9992,8.72227,47.6307
14031,6163,6784,4423,3758,6203,7439,4579,3753,4175,4395,3790,3390,3581,3645,3380,3164,-13.9731,-12.1053,8.89117,48.4147
14032,12886,6225,3931,3409,6007,4754,3860,3236,3824,3808,3361,3214,3371,3384,3287,3182,-29.4299,-27.3948,8.94625,47.826
14033,3504,3357,3302,3071,4356,3920,3624,3321,7934,5424,3929,3415,9631,5983,3945,3489,17.2154,-23.674,8.8937,48.1367
14034,3465,4316,5603,5704,3557,4383,7328,7194,3366,3743,4806,4720,3273,3486,3575,3698,-9.94638,14.7598,8.61396,48.1447
14035,3131,3216,3389,3260,3361,3559,3823,3883,3494,4203,5248,5339,3607,4827,9153,8892,28.2636,14.5935,8.86774,48.2567
14036,3157,3234,3357,3312,3260,3393,3802,3901,3345,3769,4868,6580,3463,3917,5880,12175,24.8641,29.6758,8.60427,47.6087
14037,3155,3231,3352,3424,3355,3654,3995,3850,3659,4563,6445,4953,3841,5439,8846,6407,20.6936,9.02517,8.98947,48.1127
14038,3709,4372,5586,4870,3739,5020,8140,5501,3560,4024,5073,4541,3235,3571,3800,3567,-8.42519,8.29714,8.72237,48.2053
14039,3097,3217,3331,3418,3199,3436,3719,3923,3323,3846,4751,6228,3434,3959,6318,12475,26.5724,26.0643,8.74294,47.7827
14040,3155,3568,3752,3889,3498,4002,5126,4761,3532,4581,7986,6399,3465,4196,5448,5106,7.76775,12.113,8.78447,48.3093
14041,3308,3931,5963,12721,3334,3719,4708,6190,3409,3392,3755,3985,3081,3207,3312,3297,-26.7682,32.5083,8.83399,47.5413
14042,3422,3978,5803,10858,3334,3863,5136,7610,3213,3423,3858,4168,3089,3282,3458,3389,-19.7506,30.4397,8.74484,47.9227
14043,3069,3281,3383,3480,3130,3539,3851,3991,3478,4020,5618,6058,3595,4417,8020,9123,22.288,16.7932,8.50218,48.0353
14044,3113,3278,3410,3380,3339,3401,3761,3986,3421,3802,4949,6350,3466,4105,6591,11808,24.9465,24.2056,8.86963,48.1067
14045,3369,3936,5943,10857,3437,3847,5054,7483,3296,3616,3886,4201,3081,3326,3402,3482,-20.1493,27.2961,8.53355,48.144
14046,4449,4648,4042,3545,5496,7677,4772,3734,4743,6078,4249,3654,4052,4023,3697,3332,-3.47249,-9.35174,8.70321,48.1273
14047,3345,3599,3846,3715,3591,4253,5519,4497,3871,5020,8199,5390,3658,4338,4954,4426,5.60337,7.88406,8.77418,48.1473
14048,3049,3349,3388,3511,3266,3731,4166,4445,3319,4074,6204,7426,3551,4262,6493,7815,15.8884,17.8198,8.97315,48.0327
14049,7086,9865,5476,3820,4874,5295,4388,3659,3951,3768,3620,3261,3392,3326,3167,3143,-30.4006,-9.85117,8.71633,48.0607
14050,4109,6040,7515,5089,3946,5294,6664,4672,3525,3894,3984,3840,3226,3422,3433,3353,-16.9772,4.24346,8.8782,48.004
14051,4306,5645,6499,4590,4161,6058,7101,4545,3612,4023,4399,3804,3293,3382,3474,3396,-13.3618,2.48673,8.73987,48.192
14052,3127,3351,3782,3983,3218,3778,4688,5590,3371,4036,6282,8895,3350,3745,4990,5919,7.55737,20.2211,8.57477,48.07
14053,3398,3527,3374,3036,3794,3987,3648,3346,5232,6346,4584,3691,6505,8903,5236,3839,20.4392,-9.80462,8.66025,48.2973
14054,6907,8918,5233,3866,5269,6323,4472,3685,3973,3978,3640,3371,3396,3357,3363,3034,-20.7292,-10.8384,8.91791,48.5233
14055,3376,3955,5801,9119,3360,3997,5380,8541,3244,3519,4009,4480,3050,3222,3457,3566,-15.899,24.58,8.69235,48.0507
14056,3336,3599,4321,5093,3348,3811,5022,8752,3345,3740,4838,7691,3176,3517,3943,4540,-2.07851,31.7098,8.65951,48.048
14057,3126,3140,3442,3501,3341,3594,4010,4611,3411,3891,5174,8527,3521,3898,5649,9371,16.2788,27.1478,8.67395,48.138
14058,3267,3363,3403,3260,3533,3721,3793,3597,4083,4795,5187,4347,4526,7333,8766,5114,33.4092,1.8557,8.53354,48.0587
14059,3159,3234,3391,3409,3208,3424,3825,3969,3369,3645,4813,6269,3352,3860,5955,12297,27.315,30.6331,8.661,47.4527
14060,10865,6188,4010,3307,7347,5161,3814,3467,4098,4017,3408,3217,3418,3413,3247,3163,-20.2134,-24.3989,8.93428,48.0933
14061,3456,3891,4587,4589,3613,4308,7456,6233,3513,4144,5895,5341,3350,3577,4079,3993,-3.1581,12.4926,8.88587,48.0167
14062,3532,4167,5601,5864,3563,4277,7218,7538,3259,3773,4579,4826,3178,3421,3709,3859,-9.79807,15.9912,8.69932,48.2427
14063,4699,6751,6029,4295,4528,6820,5906,4139,3847,4258,3940,3483,3360,3447,3422,3234,-15.1755,-1.9851,8.84117,48.1053
14064,6799,5152,3791,3377,9333,5825,3965,3378,5204,4422,3649,3215,3793,3671,3419,3151,-10.1632,-22.4107,8.75209,48.096
14065,7084,5207,3796,3327,9419,5655,3882,3386,5257,4341,3566,3263,3842,3636,3376,3082,-10.6049,-22.8777,8.95118,48.0793
14066,3881,3587,3299,3123,5355,4266,3623,3201,9762,5498,3778,3460,7001,5104,3831,3345,10.2,-24.944,8.94262,48.076
14067,3450,3301,3338,3200,4148,3884,3565,3204,7299,4953,3832,3451,11380,5868,3868,3377,21.1763,-30.3698,8.51274,48.0787
14068,6754,8879,5167,3818,5164,6228,4535,3737,3775,3878,3670,3320,3441,3281,3312,3205,-20.6142,-9.92188,8.9255,48.1093
14069,2969,3227,3382,3424,3261,3466,3901,3898,3424,3988,5357,5566,3543,4423,8368,9582,25.8858,16.9274,8.78659,47.8527
14070,3671,3542,3317,3153,4998,4257,3618,3287,8909,6060,3881,3445,7360,5547,3746,3266,11.7776,-21.2998,8.9932,48.038
14071,12080,6171,4018,3366,6458,4777,3870,3289,4023,3749,3472,3128,3425,3377,3179,3103,-24.5409,-29.6978,8.82631,47.6567
14072,3627,3580,3340,3179,4345,4577,3885,3384,6099,7867,4704,3632,5767,6537,4406,3529,12.4145,-11.2487,8.86683,48.3053
14073,3455,4065,7009,11481,3361,3732,4863,5906,3387,3546,3812,3970,3126,3241,3448,3398,-28.8054,22.0044,8.52331,47.8667
14074,8926,8922,4756,3582,5433,5373,4024,3569,3956,3784,3477,3407,3367,3439,3215,3114,-26.5362,-14.6896,8.80906,48.2293
14075,3514,4017,5911,12468,3448,3724,4720,6023,3242,3437,3710,3877,3128,3220,3296,3308,-30.6615,32.1467,8.5225,47.362
14076,3246,3142,3365,3359,3268,3364,3795,3941,3347,4043,5052,5744,3525,4194,7842,10746,29.1751,19.1742,8.84094,47.982
14077,3323,3964,7093,11762,3367,3817,4763,5890,3245,3424,3849,3970,3105,3198,3460,3398,-30.9526,21.9125,8.98572,47.752
14078,5324,6111,4437,3576,5687,8192,4836,3680,4333,4860,3978,3525,3712,3649,3375,3250,-10.8895,-9.87843,8.70849,48.35
14079,3182,3228,3343,3535,3203,3437,3946,4311,3385,3712,5016,7317,3426,3960,6105,10858,20.0872,25.3903,8.58593,47.976
14080,3205,3476,3534,3307,3671,4215,4182,3826,4299,6249,6773,4377,4225,5932,6276,4558,13.9744,1.40713,8.57722,48.07
14081,7194,4975,3759,3409,9861,5401,3778,3377,5457,4324,3664,3179,3865,3591,3294,3133,-10.0931,-26.1282,8.57391,48.174
14082,3321,3929,6349,12083,3344,3789,4877,6374,3249,3298,3841,4023,3106,3266,3363,3471,-25.761,24.8895,8.73501,47.7887
14083,3173,3549,4200,4981,3349,3701,4928,8661,3312,3750,4974,8087,3212,3508,4061,4657,-1.03187,29.1274,8.65331,48.0687
14084,3363,3929,5306,6514,3378,3941,6424,8741,3326,3568,4547,5179,3184,3326,3726,3842,-9.87476,19.8095,8.81837,48.196
14085,11509,6541,4063,3339,6383,4954,3910,3372,4010,3805,3471,3257,3404,3407,3298,3061,-24.601,-23.7002,8.61357,47.856
14086,3171,3228,3403,3430,3200,3516,3762,3915,3395,3699,4688,6063,3378,3866,5938,12739,27.4384,30.3122,8.95859,47.594
14087,4654,6252,4975,3790,5025,7598,5620,4001,3969,4666,4115,3672,3440,3657,3478,3317,-11.655,-5.25624,8.52559,48.1527
14088,5130,4735,3796,3370,7566,6937,4153,3400,5728,5351,3842,3355,4124,4059,3518,3232,-5.18325,-16.5231,8.64252,48.1973
14089,11323,6389,3970,3378,6921,4881,3742,3344,4072,3879,3470,3183,3421,3445,3264,3193,-23.2654,-24.9854,8.53654,47.9167
14090,8699,9108,4572,3615,5209,5118,4024,3511,3892,3710,3483,3307,3368,3360,3310,3257,-31.8976,-14.3662,8.77493,47.6953
14091,3749,5072,7131,5364,3801,4916,7472,5297,3503,3998,4317,4012,3214,3362,3483,3444,-14.7376,7.61644,8.74831,48.09
14092,3539,5001,9202,8434,3532,3996,5235,5398,3378,3528,3859,3856,3131,3286,3409,3371,-28.056,13.8181,8.68898,48.1033
14093,3518,3798,3716,3457,4055,5146,4818,3715,4454,7578,6375,4216,4217,4994,4707,3710,6.75737,-2.12011,8.9063,48.316
14094,3373,3237,3318,3107,3935,3829,3507,3157,6226,4879,3886,3316,11757,6784,4075,3480,26.8587,-23.9114,8.58421,47.9107
14095,3702,3668,3460,3174,4559,4959,3965,3452,6349,7844,4535,3546,5343,5872,4342,3611,10.1856,-11.9807,8.5613,48.254
14096,3475,3911,5922,12602,3490,3685,4719,5962,3195,3455,3729,4009,3227,3300,3434,3452,-32.9236,30.042,8.59799,47.7113
14097,3653,4605,8364,8554,3678,4105,5797,5815,3320,3468,3926,4037,3073,3219,3386,3451,-21.7252,15.3134,8.83053,48.3007
14098,4036,5404,6181,4565,4106,6051,7233,4711,3695,4169,4446,3903,3366,3533,3581,3387,-12.3688,2.93095,8.65572,48.2447
14099,4169,3944,3357,3145,6155,4988,3795,3269,8435,6276,3944,3376,5379,4763,3667,3327,4.78859,-19.6596,8.96224,47.9927
14100,4162,4271,3799,3478,5041,6783,4772,3636,5157,7034,4796,3661,4163,4375,3943,3410,0.202816,-8.63159,8.5742,48.3207
14101,3404,3422,3178,3173,3984,3715,3368,3285,6149,4757,3850,3381,12431,5776,3798,3410,33.9976,-30.4893,8.50212,47.3873
14102,5504,4838,3760,3382,8175,6563,4024,3431,5819,5010,3754,3454,4180,3929,3471,3213,-5.70842,-18.4813,8.86841,48.338
14103,5437,6557,4664,3698,5610,7801,4950,3678,4186,4574,3856,3498,3579,3691,3384,3156,-12.7025,-9.20281,8.52448,48.2127
14104,3391,4091,6766,9060,3423,4038,5715,7081,3251,3689,4099,4253,3041,3248,3451,3444,-18.4227,18.895,8.70431,48.0273
14105,3239,3372,3394,3328,3377,3657,3848,3734,3601,4359,5351,4740,3864,5721,9846,6069,33.6983,7.87279,8.87217,47.6667
14106,3474,3393,3227,3171,4264,4070,3714,3405,6040,6391,4249,3564,7726,7657,4524,3612,18.7247,-14.7213,8.51642,48.3207
14107,3112,3201,3433,3320,3225,3501,3921,3872,3346,4153,5553,5728,3565,4523,8636,8730,23.5171,15.2988,8.76542,47.8793
14108,3899,4377,4688,4035,4085,6285,6896,4491,3999,5063,5553,4090,3621,3772,4000,3633,-3.86244,2.05283,8.72822,48.3247
14109,3330,3947,6087,12412,3336,3805,4882,6142,3230,3425,3822,3966,3288,3091,3355,3441,-26.9634,29.3274,8.56773,47.706
14110,3501,3383,3305,3038,4277,3923,3429,3309,7800,5142,3828,3319,10445,5839,3987,3311,18.7714,-25.8128,8.91201,47.8907
14111,3476,3424,3110,3112,4045,3829,3430,3263,6436,4988,3705,3396,11825,6541,3898,3456,24.7827,-24.5136,8.59268,47.956
14112,5629,9048,6816,4174,4444,5601,4716,3874,3656,3881,3670,3419,3307,3318,3275,3194,-24.2804,-4.50824,8.74158,48.0147
14113,3359,3500,3164,3159,3999,4025,3546,3125,5901,5330,3936,3424,9368,8258,4382,3541,23.8243,-16.8923,8.97087,48.0113
14114,3314,3335,3273,3141,3793,3910,3640,3290,5127,5728,4438,3712,7042,9337,5216,3712,24.1734,-10.5157,8.68264,48.0053
14115,3483,3973,4746,4351,3702,4754,7613,5404,3658,4428,6264,5043,3414,3790,4285,3957,-2.75966,9.10706,8.50609,48.5767
14116,3385,3745,3694,3484,3860,4753,5069,3927,4248,6824,7034,4323,3976,4873,4972,4018,7.02723,0.736814,8.97243,48.1233
14117,5029,5476,4206,3535,5836,8354,4814,3717,4495,5108,4051,3602,3829,3776,3532,3326,-7.82636,-10.1073,8.98675,48.4573
14118,3518,3470,3313,3247,4418,3994,3558,3243,8484,5056,3860,3461,10031,5521,3785,3358,17.1731,-29.5682,8.8512,48.2113
14119,3430,3975,6288,12366,3302,3767,4721,5991,3207,3330,3733,3953,3221,3214,3336,3425,-32.3926,26.1519,8.84826,47.506
14120,3311,3578,3896,3648,3656,4352,5282,4245,3840,5528,8149,5064,3677,4474,5288,4534,7.44275,6.19147,8.94855,48.348
14121,3463,3380,3201,3038,4035,3811,3509,3230,6310,4655,3796,3359,12564,6211,3998,3308,25.7436,-28.0034,8.89203,47.912
14122,3133,3268,3379,3320,3288,3406,3830,3954,3354,3851,4974,5995,3352,3964,6760,11813,33.9592,23.173,8.58261,47.7607
14123,3312,3449,3842,3582,3663,4262,4688,3994,3916,5747,7800,4846,3983,4798,5808,4473,9.75085,4.21981,8.96122,48.1087
14124,3621,3578,3246,3131,4749,4006,3607,3320,9144,5236,3915,3445,8603,5233,3890,3309,13.9588,-29.7874,8.82565,48.022
14125,4125,4424,4018,3615,4687,6799,5030,3832,4577,6813,4970,3698,3906,4312,3985,3588,-0.504291,-5.8283,8.63857,48.2527
14126,11233,5803,3917,3349,7377,4845,3810,3309,4192,4050,3506,3180,3483,3381,3237,3073,-20.5599,-27.5811,8.76776,47.83
14127,4415,4225,3646,3328,6308,6270,3994,3444,6577,6435,4053,3450,4557,4472,3658,3418,0.782642,-15.7829,8.92344,48.1667
14128,6922,10037,5546,3779,4987,5283,4313,3572,3839,3849,3560,3251,3281,3424,3324,3165,-29.0245,-9.7938,8.94991,48.088
14129,3055,3277,3462,3540,3197,3432,3989,4471,3376,3861,5306,8066,3461,3956,5873,9610,17.2656,24.0133,8.55347,47.9547
14130,3181,3189,3414,3410,3308,3368,3706,3800,3447,3722,4795,5891,3420,3889,5928,12558,32.2395,33.4668,8.67442,47.3507
14131,3316,3340,3374,3108,3744,3939,3678,3435,4649,6007,4981,4027,5410,8626,6207,4273,20.633,-4.76373,8.70628,48.076
14132,3639,3695,3496,3254,4404,4710,3713,3516,6042,8070,4758,3641,5294,5978,4443,3644,10.5488,-10.9462,8.83171,48.198
14133,3481,3946,5369,8111,3457,3757,5354,9510,3191,3521,4304,4890,3135,3308,3560,3622,-13.094,33.0264,8.54811,48.344
14134,3357,3449,3421,3297,3695,4008,4078,3564,4271,6038,6056,4389,4610,6561,6954,4661,17.2191,0.531335,8.52081,48.2727
14135,3368,3866,4914,5049,3499,4172,7064,7163,3519,3948,5331,5513,3250,3641,3834,3990,-5.12093,15.4338,8.66651,48.0807
14136,4398,4126,3580,3239,6405,5868,4085,3386,7124,6532,4121,3465,4617,4381,3811,3321,1.90513,-16.7628,8.60349,48.306
14137,3448,3896,5871,12544,3365,3617,4803,6172,3146,3470,3840,3882,3065,3305,3375,3408,-28.0276,30.0132,8.5063,47.4713
14138,4083,5012,4845,4034,4385,7127,6546,4347,3948,4982,4758,3971,3534,3721,3711,3475,-6.89279,-0.993569,8.67033,48.3193
14139,12541,5771,3889,3357,6021,4707,3790,3341,3898,3788,3520,3303,3387,3341,3210,3322,-32.331,-30.9541,8.69983,47.4573
14140,3216,3402,3555,3357,3541,3965,4242,3977,3854,5302,7307,4993,3942,5401,7049,5249,14.7549,5.73117,8.5878,48.2347
14141,5274,4449,3551,3348,9419,5078,3676,3302,7059,4684,3638,3323,4322,3925,3462,3213,-3.83263,-32.5231,8.88744,47.8153
14142,3173,3328,3543,3537,3351,3616,4230,4317,3709,4270,6620,6523,3632,4306,7061,7064,16.1122,14.6806,8.79872,48.1867
14143,3144,3229,3505,3327,3263,3567,4027,4186,3492,4179,6054,6583,3528,4359,7298,8406,18.669,16.6394,8.80913,48.098
14144,3494,3524,3284,3120,4271,4199,3747,3292,6782,6359,4187,3530,7818,7069,4405,3443,16.8076,-16.1147,8.98025,48.3493
14145,3311,3336,3272,3189,3802,3838,3657,3295,4948,5425,4316,3683,6908,9661,5438,3813,25.6899,-9.62458,8.69096,47.928
14146,3573,3729,3638,3363,4086,4943,4428,3774,4600,7820,6136,3927,4216,5289,4800,3884,7.77918,-3.34856,8.95537,48.1373
14147,4733,4744,3820,3504,6542,7115,4295,3426,5631,5817,4098,3539,4143,4021,3544,3310,-3.16011,-13.9384,8.91176,48.188
14148,3309,3183,3409,3347,3110,3451,3798,3997,3504,3837,4919,5833,3375,4003,6691,12109,31.1734,23.9304,8.83136,47.9167
14149,3665,3654,3214,3137,5148,4300,3605,3221,9486,5689,3909,3454,7366,5277,3821,3348,11.323,-23.4296,8.88849,48.196
14150,3170,3498,3289,3166,3755,3837,3661,3433,4594,5286,4584,3815,5616,9855,6463,4054,33.2951,-5.46211,8.99444,48.0507
14151,3544,4088,4367,4012,3819,5236,6962,4830,3887,4974,6378,4508,3478,3842,4152,3951,-1.35699,5.23706,8.59715,48.0187
14152,3411,3351,3284,3060,3884,3759,3335,3142,5984,4825,3874,3352,12302,6435,3893,3374,32.6079,-24.9157,8.82134,47.51
14153,5046,5059,4040,3394,6830,7501,4397,3563,5081,5430,3952,3486,3921,3966,3504,3264,-5.81116,-13.3959,8.69662,48.2893
14154,3371,3478,3271,3206,3956,3662,3455,3287,6243,4802,3726,3373,12480,5987,3938,3387,26.1331,-30.6593,8.95398,47.748
14155,3422,3431,3181,3148,4056,3886,3526,3189,6103,5347,4055,3399,10020,7517,4300,3489,23.5332,-18.8454,8.58619,48.046
14156,3340,3648,4061,4421,3346,3913,5645,7181,3238,3887,5735,7629,3321,3622,4277,4816,0.738388,19.6826,8.86726,48.0533
14157,3455,3386,3206,3146,3947,3859,3481,3246,5818,5029,3760,3355,11248,7274,4055,3334,32.032,-20.7365,8.83091,47.7327
14158,4606,4200,3535,3179,7676,5289,3881,3505,7984,5336,3767,3298,4745,4260,3653,3370,0.602942,-22.9578,8.53613,48.1893
14159,4001,4498,4124,3664,4758,7328,5440,3911,4508,6222,4988,3799,3755,4096,3814,3461,-2.29581,-4.68998,8.99303,48.2447
14160,3154,3454,4015,4302,3279,3776,4857,6842,3398,3717,5742,9158,3155,3654,4330,5505,3.98427,23.1601,8.90497,48.2253
14161,5094,6553,4813,3908,5204,7685,5188,3771,4093,4549,3944,3484,3484,3670,3592,3236,-12.5006,-7.17676,8.53828,48.1787
14162,3496,4243,6057,6176,3491,4221,7170,7416,3359,3805,4553,4727,3136,3339,3687,3665,-11.421,15.6,8.84882,48.3607
14163,4615,4524,3806,3301,6310,7166,4348,3555,5585,6134,4066,3608,4236,4213,3590,3288,-2.28117,-13.201,8.82147,48.23
14164,3378,3382,3161,3082,3873,3788,3582,3258,6173,4748,3718,3320,12672,6189,4001,3368,29.6225,-27.3244,8.73795,47.7953
14165,3278,3801,4781,6632,3340,3808,5319,9874,3284,3562,4462,5775,3198,3342,3834,3998,-8.29195,26.6859,8.68919,48.192
14166,3030,3290,3363,3386,3214,3508,3906,3915,3605,4105,5610,5748,3439,4703,8802,8211,22.8235,14.2272,8.88401,47.89
14167,3637,3906,4087,3714,3817,5019,5802,4383,3946,5768,7267,4324,3763,4366,4668,3994,2.97435,3.3483,8.63157,48.3073
14168,3289,3491,3874,3776,3572,4112,5413,4824,3690,4786,7984,5993,3543,4177,5182,4835,6.62124,10.6137,8.59479,48.3607
14169,3813,4834,6719,5227,3767,5155,7860,5411,3542,3882,4453,4169,3252,3459,3570,3633,-12.9374,8.07261,8.5512,48.4973
14170,3846,4616,5095,4439,3900,5939,7585,4827,3606,4517,5287,4157,3396,3657,3906,3640,-6.61444,4.23892,8.65689,48.2753
14171,3408,4326,7876,10734,3413,3813,4892,5708,3263,3365,3786,3896,3088,3251,3376,3306,-28.8889,19.2849,8.94402,47.6673
14172,6281,9984,6194,4045,4571,5295,4529,3750,3740,3787,3584,3331,3221,3415,3244,3140,-27.2181,-7.13912,8.81507,48.074
14173,3087,3368,3510,3351,3479,3799,3933,3699,3928,5029,5740,4660,4190,6310,8757,5467,21.6862,4.78987,8.53957,48.2047
14174,3167,3684,4312,5012,3353,3651,5092,8880,3317,3773,4768,7832,3244,3390,4017,4475,-1.7272,32.9449,8.99026,47.978
14175,3447,3882,5541,9901,3362,3894,5119,8250,3142,3451,4021,4495,3156,3243,3566,3459,-16.9302,30.0205,8.66945,47.9527
14176,3067,3256,3414,3263,3224,3539,3835,3842,3521,4099,5276,5492,3502,4488,8793,9452,29.8857,15.9454,8.76709,48.042
14177,3397,3358,3264,3102,3835,3727,3375,3312,5938,4700,3800,3328,12510,6031,4045,3364,28.9107,-33.3964,8.61381,47.3907
14178,3345,3552,4292,5023,3393,3739,4939,8816,3290,3876,4879,7491,3318,3554,3971,4349,-2.25268,32.9099,8.60543,47.8847
14179,3270,3679,4547,5505,3272,3894,5161,9353,3252,3748,4580,7026,3209,3489,3952,4222,-4.0714,30.7957,8.50298,48.106
14180,5312,4991,3888,3470,7600,6987,4097,3459,5439,5193,3747,3344,3974,3872,3433,3192,-6.08781,-16.8031,8.51971,47.9987
14181,3981,3830,3350,3199,6210,4531,3564,3508,9820,5185,3757,3372,5907,4627,3628,3332,6.00483,-33.5131,8.80372,47.8673
14182,3270,3351,3350,3238,3625,3905,3906,3559,4257,5756,5906,4233,4603,7341,7243,4691,19.2711,0.0878416,8.9035,48.156
14183,4604,7693,8794,5037,3972,4842,5051,4270,3530,3593,3739,3618,3237,3395,3353,3273,-32.8869,1.28477,8.78158,48.0007
14184,3186,3441,3725,3779,3350,3900,4882,4585,3659,4542,7630,6562,3651,4126,5661,5410,9.71469,12.3472,8.65565,48.0593
14185,3487,3891,4742,4596,3694,4403,7507,6397,3668,4088,5822,5124,3326,3565,4044,4105,-4.01286,12.4226,8.64618,48.306
14186,12157,6653,4010,3358,5947,4934,3808,3409,4021,3797,3474,3204,3507,3392,3239,3213,-32.64,-23.3462,8.94373,48.082
14187,3549,4096,6629,11213,3431,3845,5044,6626,3202,3526,3858,4023,3061,3218,3298,3411,-23.6816,22.9392,8.72834,48.02
14188,3573,3566,3248,3143,4509,3943,3588,3231,8736,5158,3764,3400,9465,5426,3878,3448,15.9864,-33.248,8.90783,48.0507
14189,9046,5840,3875,3389,8022,5458,3978,3508,4487,4046,3464,3303,3524,3436,3311,3149,-16.2031,-22.2733,8.78812,47.8907
14190,3648,4804,9116,8372,3617,4001,5246,5396,3235,3491,3848,3812,3307,3209,3346,3328,-32.7375,13.8706,8.51239,47.8507
14191,3200,3245,3300,3446,3233,3368,3813,3837,3397,3777,4875,6002,3496,3975,6146,12313,28.2994,33.699,8.57698,47.6153
14192,3100,3270,3442,3378,3159,3468,3820,3921,3387,3872,4897,5784,3326,4263,7544,11028,28.6791,19.5098,8.65609,47.7727
14193,3341,3654,4724,6777,3278,3861,5364,9958,3283,3506,4406,5781,3127,3428,3737,3868,-8.54511,27.3641,8.8793,48.062
14194,3438,3446,3233,3091,3872,3958,3552,3307,6136,5339,4051,3409,9460,7825,4406,3515,23.5164,-17.7352,8.51325,48.0253
14195,3033,3269,3445,3389,3192,3525,3824,3976,3407,3694,4663,5894,3386,3816,5916,12688,32.4223,29.295,8.76668,47.4113
14196,9716,5402,3925,3387,8310,5102,3789,3398,4470,4033,3610,3236,3508,3633,3206,3083,-16.7287,-31.5016,8.59303,47.872
14197,3310,3265,3253,3182,3858,3796,3385,3234,6405,4688,3845,3422,12748,6051,3957,3412,26.0774,-29.5241,8.86864,47.874
14198,3472,4539,8545,9814,3423,4079,5053,5516,3318,3587,3850,3886,3123,3279,3388,3402,-30.5822,16.5055,8.86888,48.1827
14199,5728,4641,3780,3279,9844,5201,3769,3450,6382,4512,3581,3281,3953,3844,3347,3294,-5.91488,-33.2602,8.87878,47.924
14200,4292,6170,7940,5042,4040,5220,6455,4624,3437,3821,3949,3702,3233,3329,3396,3346,-18.4953,3.65889,8.81702,47.9973
14201,3203,3413,3517,3613,3268,3642,4100,4976,3410,3963,5637,9007,3346,3850,5406,7516,12.4741,22.9733,8.68237,47.9113
14202,5746,4570,3601,3461,9533,5253,3809,3354,6620,4589,3595,3328,4231,3926,3417,3120,-5.06889,-27.9736,8.60451,48.102
14203,12314,6022,3919,3375,6632,4877,3795,3418,4046,3903,3494,3221,3390,3392,3345,3073,-24.5876,-27.7935,8.85278,48.144
14204,4583,4111,3492,3099,7251,5291,3823,3393,8182,5630,3843,3340,5011,4286,3669,3217,1.82566,-21.8726,8.76678,48.1473
14205,4025,4496,4332,3786,4531,6835,5899,4029,4217,5865,5202,3960,3789,4072,3817,3606,-2.48784,-2.62979,8.50824,48.3073
14206,3595,4395,6386,5643,3651,4627,7798,6019,3430,3803,4535,4334,3119,3383,3658,3664,-11.9631,11.1875,8.81188,48.0267
14207,3543,4062,4664,4425,3621,4864,7553,5393,3532,4386,6223,4987,3441,3733,4166,3970,-2.74088,9.5779,8.7782,48.3753
14208,3613,3601,3233,3140,4719,4150,3519,3309,9016,5384,3916,3405,8320,5530,3829,3397,14.1889,-24.9584,8.86981,48.054
14209,3637,4369,7637,9620,3623,3892,5368,6215,3270,3467,3877,3979,3047,3246,3386,3411,-23.071,18.1598,8.55885,48.0293
14210,3195,3383,3355,3238,3544,3755,3994,3683,4016,5186,6281,4592,4308,6374,8294,5145,19.2979,3.81334,8.98896,48.2287
14211,3288,3721,5067,7130,3377,3771,5386,9735,3251,3560,4288,5443,3112,3407,3618,3730,-10.3852,28.9348,8.69933,47.9227
14212,3098,3184,3417,3309,3176,3363,3750,3907,3435,3820,4924,6234,3363,3948,6535,12158,27.5726,24.7387,8.56378,47.7473
14213,3134,3229,3303,3327,3185,3363,3737,3911,3189,3850,4804,6062,3381,3885,6264,12521,27.9927,26.3308,8.8269,47.43
14214,6347,7999,4998,3842,5359,6658,4586,3614,4032,4158,3809,3344,3468,3584,3391,3178,-17.5897,-10.2045,8.69825,48.2447
14215,3855,5596,9629,6790,3685,4330,5578,4883,3383,3626,3770,3795,3114,3358,3223,3362,-25.3591,9.26051,8.5373,47.9847
14216,3320,3914,5136,8134,3552,3845,5242,9363,3236,3521,4113,4936,3118,3250,3490,3692,-12.7791,29.9657,8.84676,47.908
14217,3129,3342,3369,3420,3266,3480,3780,3713,3323,3731,4712,5868,3400,4001,6088,12708,29.1398,32.2024,8.73523,47.5533
14218,4179,6730,9668,5536,3818,4738,5115,4563,3427,3711,3764,3669,3196,3272,3362,3369,-33.4358,4.77674,8.77459,48.078
14219,3441,4126,7500,10965,3444,4008,5095,5971,3193,3435,3781,3995,2987,3288,3422,3429,-25.0857,19.7398,8.96383,48.0533
14220,4002,4017,3572,3155,5284,5492,3960,3371,6966,7451,4358,3502,4909,4849,3812,3448,5.10634,-14.4029,8.82236,48.0987
14221,3266,3275,3573,3387,3397,3805,4024,3868,3752,4963,6553,4897,3983,5600,8169,5479,18.1591,6.42481,8.56717,47.994
14222,3274,3785,4487,5733,3475,3648,5158,9681,3261,3583,4596,6546,3235,3431,3931,4132,-5.37861,29.5716,8.52202,47.9707
14223,4133,6499,9539,5896,3892,4683,5456,4382,3455,3816,3793,3633,3208,3268,3448,3279,-26.1323,5.27483,8.60811,48.2533
14224,3445,3363,3323,3130,4083,3710,3388,3333,6072,4748,3772,3446,12595,6024,3887,3398,31.4378,-26.9015,8.86164,47.8113
14225,3787,4507,5633,4763,3868,5484,8133,5235,3581,4108,4996,4208,3276,3551,3804,3673,-9.02197,6.53887,8.92891,48.4047
14226,3702,3924,3880,3560,3925,5394,5398,4006,4219,6555,6632,4250,3928,4542,4594,3825,3.57041,0.279043,8.7371,48.2227
14227,5168,9217,7240,4232,4411,5145,4828,3962,3589,3716,3714,3523,3374,3354,3216,3211,-33.6135,-3.00011,8.94748,47.9333
14228,3295,3302,3474,3357,3540,3817,4066,3777,3980,5172,6325,4697,4239,6353,8006,5153,18.5152,3.79265,8.9681,48.3687
14229,4374,6987,8626,5005,4166,5164,5667,4431,3565,3836,3812,3583,3232,3267,3452,3193,-22.0565,2.51597,8.9075,48.24
14230,3520,4221,7532,10919,3460,3961,4969,6022,3180,3537,3751,3964,3081,3192,3504,3394,-26.3092,20.0274,8.97397,48.138
14231,3286,3794,4866,7205,3344,3831,5289,9926,3257,3579,4279,5523,3094,3411,3798,3820,-9.82191,29.4658,8.86627,48.2013
14232,3130,3362,3701,3915,3289,3639,4264,5445,3384,3855,5176,9815,3246,3825,4959,6965,9.41562,31.1903,8.5851,47.98
14233,3517,3708,3630,3427,3882,4666,4391,3844,4586,7277,6219,4127,4298,5716,5081,4082,9.98316,-2.03776,8.51721,48.3007
14234,4192,5307,5319,4043,4343,7084,6962,4249,3815,4612,4522,3822,3373,3694,3593,3501,-9.64415,-0.489762,8.90275,48.2873
14235,3494,4203,7970,10166,3480,4038,5017,5625,3265,3553,3769,3987,3185,3098,3409,3376,-31.5668,18.0323,8.55453,47.7567
14236,8171,9438,5059,3713,5287,5254,4117,3518,3840,3837,3435,3268,3369,3390,3280,3110,-28.795,-13.1186,8.7934,48.0573
14237,3151,3320,3420,3392,3289,3385,3735,3806,3383,3743,4837,6210,3376,3857,6123,12443,29.448,27.6765,8.52765,47.6467
14238,3459,3483,3348,3130,4421,3980,3598,3240,7212,5686,4017,3432,8714,6688,4303,3476,17.925,-19.5828,8.51721,48.1247
14239,4314,4162,3665,3304,6441,5714,3888,3381,7171,6215,4093,3494,4683,4438,3688,3359,1.90905,-17.2143,8.62049,48.0067
14240,3304,3578,4081,4509,3339,3889,5531,6695,3360,4049,6026,7551,3323,3775,4528,4858,2.06035,18.8567,8.56514,48.264
14241,3095,3419,3854,4138,3467,3762,4712,6128,3411,3835,5795,9147,3257,3735,4837,5735,5.46501,21.9441,8.89834,48.218
14242,3333,3774,4701,5509,3338,4004,6133,8549,3317,3733,5126,6126,3250,3521,3900,4135,-4.79313,20.0465,8.77671,48.2993
14243,3314,3412,3170,3008,4022,3799,3519,3244,6529,4793,3885,3380,12221,6231,3877,3412,25.6265,-26.7835,8.70037,47.8773
14244,3332,3560,4358,5196,3419,3744,5020,9276,3294,3680,4740,7196,3369,3522,3951,4458,-2.8963,31.3996,8.96274,48.0767
14245,4531,4108,3545,3235,6742,5258,3843,3340,7942,5947,3998,3360,4967,4354,3769,3249,2.43422,-19.659,8.85143,48.1253
14246,9666,5559,3949,3375,8379,5044,3779,3427,4310,4117,3526,3231,3556,3445,3259,3150,-16.8579,-33.3733,8.6249,47.848
14247,3449,4081,7086,11110,3436,3868,4999,6522,3155,3620,3820,4071,3094,3213,3421,3393,-23.4779,21.8769,8.7526,48.2253
14248,3060,3384,3336,3386,3453,3729,4067,3818,3909,4935,6237,4746,4048,5971,8646,5605,20.0493,5.59291,8.77992,48.22
14249,3127,3309,3491,3633,3322,3532,4271,4877,3379,3840,5456,9205,3475,3843,5343,7971,12.7614,25.1172,8.81454,48.0493
14250,4796,8528,7899,4629,4251,4967,4868,4052,3511,3746,3812,3477,3298,3316,3310,3366,-32.771,-0.842792,8.92935,47.884
14251,3221,3556,4039,4023,3518,4266,5842,5379,3537,4354,7334,6411,3533,4063,4645,4577,3.59604,13.0224,8.61206,48.1987
14252,3114,3158,3406,3348,3324,3479,3789,3917,3388,3686,4684,6080,3345,3849,5861,12560,33.6566,30.521,8.80776,47.3253
14253,3090,3288,3445,3433,3238,3473,3883,4182,3413,3824,4847,7192,3349,3898,5829,11257,21.3195,31.6673,8.59588,47.7607
14254,3305,3853,5679,10798,3305,3946,5042,7857,3214,3404,4029,4229,3127,3298,3387,3505,-18.9117,29.3457,8.72762,47.9853
14255,4777,4144,3565,3251,7888,4944,3761,3361,8450,5141,3761,3263,4869,4205,3503,3286,0.501523,-26.1187,8.90955,48.1127
14256,8495,6504,4139,3425,7305,5780,4018,3432,4287,4145,3539,3178,3634,3535,3366,3176,-17.1021,-19.3395,8.52574,47.972
14257,3271,3406,3422,3359,3522,3737,3862,3601,4191,4977,4992,4194,4597,8236,8205,4591,33.3002,0.00686365,8.56745,48.1087
14258,3360,3433,3276,3105,3846,3926,3535,3430,4967,5247,4382,3754,7140,9714,5389,3763,29.1364,-10.2578,8.75568,48.178
14259,3355,3658,4697,6244,3440,3723,5467,9790,3279,3542,4548,5981,3154,3445,3770,4069,-7.4113,25.8193,8.73589,48.108
14260,11570,6920,4096,3430,5922,4874,3783,3406,4031,3819,3465,3217,3429,3301,3194,3123,-28.9257,-22.5701,8.7676,47.72
14261,3020,3264,3282,3460,3282,3413,3724,4095,3371,3929,5024,6591,3378,4127,6935,11214,23.6171,21.8408,8.86718,48.0727
14262,4014,3710,3362,3273,5741,4674,3619,3307,9011,6150,4000,3401,6097,4916,3734,3448,7.45789,-20.7435,8.81768,48.3047
14263,3361,4035,7328,11398,3360,3835,5075,5843,3197,3408,3811,3891,3178,3231,3404,3426,-32.1419,21.191,8.77702,47.854
14264,3776,3757,3456,3063,4375,4725,3829,3358,6039,7648,4705,3768,5594,6182,4273,3611,11.7882,-11.3855,8.70531,48.106
14265,3313,3393,3312,3112,3712,3847,3689,3494,4602,5880,5050,4024,5278,8746,6767,4393,21.484,-3.57406,8.91048,48.408
14266,5690,6369,4428,3679,6335,7682,4527,3645,4341,4614,3793,3427,3546,3677,3405,3241,-12.3745,-11.6285,8.57868,48.266
14267,3094,3235,3339,3434,3230,3441,3872,3988,3389,3744,4761,6716,3349,3961,6282,12142,24.3197,26.2381,8.797,47.9847
14268,3182,3270,3341,3360,3202,3359,3809,3939,3397,3782,4842,6345,3377,4050,5987,12439,25.5517,32.8739,8.86729,47.7873
14269,3621,3760,3529,3226,4493,4922,3922,3412,6062,8081,4866,3623,5067,5801,4362,3573,9.58283,-10.365,8.90341,48.2133
14270,3465,4032,5088,5755,3529,4289,7088,7375,3397,3829,5040,5110,3259,3427,3831,3875,-7.7502,15.9216,8.50871,48.2593
14271,3086,3165,3371,3423,3195,3552,3832,4073,3391,3829,4832,6733,3436,3887,6037,12023,23.8113,28.4659,8.72105,47.91
14272,3316,3442,3190,3145,3788,3762,3679,3224,5297,5452,4175,3531,8216,9260,4906,3628,26.7043,-13.7072,8.63669,48.0073
14273,3161,3283,3375,3284,3290,3545,3668,3809,3475,3767,4689,5927,3363,3874,6130,12485,28.456,33.0479,8.64464,47.4167
14274,3937,5292,6982,5271,3943,5171,7428,5047,3490,3861,4393,3876,3304,3411,3633,3415,-14.6907,6.36033,8.74726,48.3027
14275,3535,3990,4153,3797,3889,4900,6164,4347,3974,5616,7109,4718,3570,4293,4523,3906,2.71624,4.19432,8.66441,48.3227
14276,4155,4219,3811,3543,5193,6656,4509,3659,5279,7167,4669,3723,4090,4481,3821,3544,0.71917,-9.06457,8.99495,48.346
14277,3233,3443,4044,4407,3222,3759,5314,7255,3395,3803,5719,8153,3279,3630,4344,5023,1.99605,21.0987,8.91427,48.0153
14278,3949,4790,4648,3950,4308,6965,6698,4258,3842,5114,5136,3895,3516,3927,3746,3381,-5.7261,-0.323068,8.95491,48.082
14279,7604,5448,3815,3366,9064,5652,3802,3385,5025,4366,3492,3267,3789,3520,3252,3125,-12.2103,-23.1519,8.72373,47.9813
14280,3297,3770,5150,8356,3369,3740,5204,9461,3181,3515,4249,4934,3168,3350,3453,3663,-13.2018,28.8856,8.86521,47.9067
14281,3254,3651,4189,5144,3290,3835,5219,8835,3396,3647,5013,7645,3174,3532,4002,4500,-1.90783,26.3966,8.75817,48.2173
14282,3999,5826,9212,6061,3817,4727,5808,4730,3383,3630,3871,3812,3099,3272,3492,3370,-21.979,6.83728,8.9386,48.0727
14283,3413,3870,5722,10510,3481,3862,5070,7567,3163,3536,3882,4228,3188,3214,3435,3416,-19.0555,33.373,8.77915,47.7047
14284,3767,3748,3412,3138,5252,4438,3754,3327,8707,6199,4089,3548,6641,5261,3937,3350,10.2566,-20.3298,8.52531,48.3787
14285,3208,3262,3487,3614,3432,3715,4196,4374,3501,4110,6472,6904,3575,4363,6808,7406,15.7922,15.8812,8.71343,48.2847
14286,4397,6775,8782,5183,4024,5102,5671,4494,3438,3782,3845,3703,3181,3313,3412,3347,-21.8579,3.42387,8.80764,48.2993
14287,3846,4163,3923,3552,4330,6130,5171,3774,4626,6941,5971,3911,3929,4439,4163,3745,2.28395,-3.18222,8.93169,48.4093
14288,11576,7203,3956,3424,5813,4934,3827,3439,3935,3819,3529,3207,3293,3365,3097,3076,-32.8438,-21.3783,8.7878,47.662
14289,6256,8957,5505,3824,4997,6232,4574,3748,3820,3953,3712,3470,3307,3384,3320,3218,-20.9648,-8.21817,8.98418,48.1847
14290,3264,3423,3209,3193,3554,3805,3641,3471,4635,5275,4628,3751,5825,9583,6632,4170,27.2731,-5.24505,8.65685,48.0393
14291,3908,3658,3370,3053,5100,4294,3626,3283,8960,6070,3784,3392,7220,5266,3921,3249,11.2657,-21.7923,8.70805,48.1027
14292,6216,4640,3801,3209,9766,5540,3829,3374,6050,4487,3533,3301,3994,3884,3355,3149,-6.89643,-25.6362,8.94587,48.0853
14293,4535,6439,6210,4373,4350,6661,6262,4196,3685,4227,4175,3653,3324,3578,3386,3270,-14.4269,-0.762667,8.82658,48.216
14294,3398,4529,8444,9520,3580,4003,5071,5497,3305,3444,3846,3899,3120,3275,3466,3384,-31.0484,16.54,8.55041,47.854
14295,3312,3498,4173,5016,3365,3852,4999,8817,3356,3714,4665,7730,3277,3629,4064,4531,-1.38111,30.8955,8.67314,47.9987
14296,5128,7983,5890,4105,4763,6569,5208,3974,3792,4039,3835,3587,3342,3424,3425,3186,-18.152,-5.14837,8.6802,48.1667
14297,3169,3479,4024,4453,3354,3710,4751,7142,3325,3818,5039,9165,3279,3590,4348,5433,3.3023,31.3255,8.71205,48.0527
14298,4425,4288,3687,3335,6514,6208,4083,3446,6450,6177,4171,3441,4384,4420,3698,3414,0.0122656,-15.67,8.63572,48.094
14299,3168,3491,3752,4173,3253,3681,4481,6637,3343,3790,5328,9574,3374,3530,4490,5916,5.21858,27.559,8.72922,47.9873
14300,3935,3869,3316,3205,6202,4489,3643,3248,9926,5191,3688,3342,5912,4624,3721,3353,6.61698,-32.7927,8.97428,47.776
14301,7961,5250,3885,3383,9351,5252,3798,3401,4946,4162,3610,3298,3542,3546,3224,3111,-12.9686,-33.8332,8.71311,47.8133
14302,3241,3605,4073,4166,3494,4150,5934,5390,3565,4354,7386,6293,3499,3994,4629,4583,3.25525,12.3331,8.8642,48.2373
14303,4977,4180,3462,3257,8280,5179,3713,3364,7825,4969,3720,3314,4729,4041,3586,3178,-0.717819,-25.0089,8.6006,47.8493
14304,3387,4175,7594,10918,3386,3955,4868,5821,3133,3525,3749,3968,3197,3122,3440,3466,-33.5479,19.7549,8.8436,47.8027
14305,3095,3111,3335,3339,3311,3696,3895,3854,3577,4290,5284,5307,3617,4869,9457,8156,26.5889,12.968,8.80653,48.1287
14306,3463,4067,7144,11201,3362,3910,5004,5820,3164,3421,3778,3996,3105,3267,3420,3463,-33.8623,21.0107,8.77316,47.7233
14307,3690,3544,3238,3057,5000,4283,3605,3203,9029,5778,3921,3469,7651,5348,3925,3295,12.2729,-22.2814,8.83675,48.024
14308,3796,5212,9513,7409,3560,4205,5387,5074,3248,3652,3967,3723,3148,3190,3291,3450,-25.9099,10.8023,8.55922,47.8833
14309,4172,4964,4599,3885,4772,7734,5938,4168,4175,5185,4566,3810,3580,3866,3670,3430,-6.28906,-3.60072,8.74766,48.3427
14310,3263,3648,4318,4970,3447,3796,5324,8839,3348,3797,4958,7529,3143,3415,4180,4487,-1.69856,25.2333,8.64467,48.308
14311,3204,3535,3997,4345,3448,4018,5585,6229,3462,4058,6452,7601,3299,3648,4741,4921,2.70438,17.6589,8.82181,48.362
14312,3261,3332,3716,3760,3399,3745,4598,4513,3637,4267,7307,7195,3401,4072,6011,6140,11.5842,14.9643,8.735,48.236
14313,3360,3843,6103,12498,3311,3763,4775,6479,3293,3514,3780,3999,3010,3226,3189,3339,-25.355,29.3701,8.88697,47.6547
14314,3354,3962,5796,11256,3322,3744,5156,7522,3209,3467,3894,4211,3125,3285,3439,3425,-20.3856,29.5762,8.94387,48.1113
14315,3240,3585,3899,4002,3392,3844,5204,5383,3412,4158,7144,7490,3464,3879,5006,5310,6.47547,15.9244,8.74179,48.2747
14316,3385,4259,8009,10246,3444,3828,5067,5765,3252,3536,3833,3795,3133,3258,3514,3483,-33.0821,18.4313,8.81665,47.8713
14317,3346,3400,3231,3193,3860,3807,3424,3302,6057,4640,3772,3402,12544,6094,3888,3309,30.4207,-30.8365,8.83101,47.5127
14318,11381,7146,4104,3365,5890,5014,3745,3261,3962,3789,3418,3225,3359,3487,3243,3167,-32.9953,-21.0404,8.74321,47.704
14319,10575,7572,4152,3480,5772,4994,3884,3533,3989,3891,3459,3222,3475,3416,3230,3000,-32.401,-19.1574,8.66601,47.7627
14320,3017,3132,3398,3427,3257,3510,3741,4101,3458,3820,4856,6847,3309,3912,6008,11982,23.0992,28.1957,8.82495,47.85
14321,12468,6005,3981,3430,6024,4719,3788,3323,3924,3671,3376,3236,3381,3335,3214,3174,-31.5343,-32.6694,8.76496,47.366
14322,3072,3315,3452,3332,3275,3557,3743,3735,3628,4250,5214,4988,3871,5234,9896,7183,32.0891,10.5077,8.90626,47.83
14323,3194,3287,3328,3193,3439,3661,3844,3683,3866,4663,5285,4441,4134,6412,9687,5703,31.3707,5.3548,8.67709,47.88
14324,11278,5811,3942,3311,7382,4934,3865,3369,4170,3849,3489,3265,3566,3390,3269,3026,-20.7139,-29.1491,8.69487,47.944
14325,5832,4655,3643,3313,9707,5428,3878,3359,6334,4636,3712,3257,4118,3787,3407,3172,-6.07949,-25.4665,8.91869,48.1587
14326,4534,4352,3642,3394,6113,6572,4148,3495,6043,6426,4124,3559,4435,4337,3688,3311,-0.029437,-13.9589,8.90218,48.1153
14327,4948,5537,4208,3668,5919,8081,4780,3635,4603,5137,4095,3498,3689,3811,3613,3209,-8.51369,-10.2091,8.76218,48.2873
14328,3316,3728,5178,7736,3448,3843,5191,9423,3343,3525,4177,5105,3132,3286,3554,3677,-12.3216,31.8443,8.59047,47.7747
14329,3481,3805,3792,3543,3872,4764,5337,4151,4019,6295,7354,4578,3771,4631,4903,4253,6.06729,2.28938,8.61902,48.366
14330,3460,3888,4339,4177,3819,4743,6799,5059,3667,4633,6918,4980,3486,3901,4406,4043,0.146368,7.96255,8.54914,48.212
14331,3447,4150,7207,10804,3438,3863,5164,6521,3188,3446,3749,4006,3158,3170,3385,3310,-23.6186,20.7727,8.96702,48.004
14332,3973,4837,5454,4413,4225,6080,7661,4797,3700,4282,4780,4076,3405,3578,3685,3491,-9.50047,3.34259,8.86463,48.2913
14333,3235,3310,3785,3814,3263,3554,4399,5625,3296,3722,5306,10031,3300,3793,4707,6690,8.89356,30.7589,8.96996,47.8867
14334,3108,3210,3468,3580,3200,3465,3989,4461,3342,3819,5102,8073,3389,3874,5804,10012,18.0147,25.707,8.77766,47.9307
14335,3402,3914,6324,12426,3408,3813,4933,5936,3223,3486,3703,3975,3114,3214,3466,3408,-32.6147,25.6059,8.84677,47.83
14336,3208,3344,3352,3327,3539,3984,4226,3676,3986,5720,6692,4517,4179,6164,7214,4854,16.6231,3.16172,8.9289,47.988
14337,3820,4279,4333,3872,4191,6227,6346,4176,4096,5450,5851,4234,3662,4034,3970,3764,-1.79427,0.741576,8.74272,48.2033
14338,3678,4538,6243,5229,3733,4809,7913,5813,3513,3959,4762,4353,3186,3455,3613,3525,-11.2804,9.88916,8.53161,48.2147
14339,3809,4829,5956,4636,3918,5720,7911,5005,3688,4144,4797,4140,3258,3490,3677,3505,-10.4489,5.22178,8.65417,48.322
14340,8557,5186,3760,3470,9060,5199,3790,3437,4807,4101,3573,3235,3610,3628,3288,3185,-14.032,-28.6821,8.72963,47.924
14341,3200,3478,3810,4385,3247,3635,4554,6446,3370,3910,5232,9384,3440,3618,4609,5868,5.19105,30.7378,8.52799,48.124
14342,3058,3265,3356,3501,3261,3424,3881,4074,3490,3930,4930,6395,3342,3911,6314,11941,24.978,26.7382,8.50297,48.0487
14343,3981,4174,3909,3594,4320,6361,5267,3749,4597,7001,5337,3864,4011,4362,4119,3644,1.23822,-3.87229,8.89505,48.1933
14344,3278,3437,3302,3155,3694,3916,3610,3423,4801,5738,4585,3741,6468,9576,5772,4010,23.559,-7.9374,8.82247,48.3373
14345,5839,4753,3721,3270,9445,5639,3780,3426,6335,4639,3660,3331,4086,3868,3370,3219,-6.12106,-23.1529,8.88956,48.254
14346,3439,3513,3266,3179,4014,4089,3733,3347,6135,6375,4307,3559,7226,7979,4650,3653,18.5492,-13.4008,8.74195,48.3093
14347,3419,3301,3203,3116,3988,3781,3468,3231,6060,4837,3838,3379,12320,6449,3957,3344,29.5603,-24.5963,8.59704,47.794
14348,3371,3454,3288,3075,3981,3750,3617,3262,5541,5612,4172,3551,8533,8857,4588,3584,23.8887,-14.4567,8.62249,48.1573
14349,3103,3221,3385,3462,3215,3348,3747,3843,3383,3866,4867,6076,3301,4001,6723,12256,30.0397,24.0472,8.77312,47.8647
14350,3101,3332,3437,3349,3351,3613,3759,3710,3675,4435,5297,4809,3957,5602,9892,6867,30.2204,8.75961,8.79448,48.124
14351,3579,4892,9133,8451,3600,4106,5240,5373,3265,3531,3780,3918,3127,3315,3398,3321,-27.0843,13.7177,8.51673,48.0193
14352,3199,3563,4147,4442,3399,3862,5604,7255,3350,3810,5714,7752,3315,3553,4387,4842,1.08192,20.1597,8.91952,48.1293
14353,4790,7872,7953,4720,4278,5242,5312,4264,3454,3806,3815,3652,3221,3248,3482,3280,-22.5963,-0.195052,8.94431,48.2593
14354,4374,4117,3587,3124,7130,4922,3734,3388,8581,5608,3687,3226,5383,4342,3639,3301,2.91127,-23.1571,8.79268,48.0953
14355,3417,3861,4428,4334,3552,4361,7096,5859,3463,4226,6482,5683,3494,3752,4149,4240,-0.994163,12.1202,8.84278,48.2647
14356,4503,4058,3394,3288,7290,5176,3732,3348,8494,5524,3862,3322,5022,4492,3619,3197,2.18307,-22.363,8.92546,48.214
14357,3369,3945,4267,4276,3559,4417,6687,5470,3595,4494,6807,5510,3452,3846,4410,4146,0.196604,11.2116,8.56383,48.1667
14358,3335,3349,3225,3230,3766,3717,3627,3380,4626,5410,4669,3796,6070,9713,6458,4009,26.1049,-6.46578,8.93344,48.2533
14359,3324,3451,3288,3055,4130,3897,3509,3200,7316,4973,3810,3360,11137,5792,3942,3516,20.169,-33.8404,8.81035,47.8
14360,3163,3366,3545,3587,3225,3603,4180,4490,3518,4201,6538,6990,3540,4305,6887,7346,15.7196,16.1607,8.59566,48.3227
14361,5565,5017,3720,3316,8004,7079,4061,3384,5417,5008,3761,3341,3988,3898,3421,3195,-6.79811,-16.8682,8.9811,48.1167
14362,3276,3823,5596,9253,3329,3800,5232,8623,3244,3464,4020,4774,3194,3369,3470,3545,-15.8459,25.9227,8.70324,48.008
14363,5748,9779,6539,4083,4468,5168,4670,3801,3620,3941,3680,3343,3387,3329,3230,3314,-30.7913,-5.29992,8.95919,48.0667
14364,11504,6004,3946,3353,7275,5068,3718,3399,4150,3875,3421,3097,3406,3387,3198,3122,-21.8363,-25.8528,8.98134,47.9487
14365,3326,3502,3270,3093,3817,3968,3673,3384,4907,5926,4507,3669,6359,9380,5631,3957,22.0226,-8.51277,8.6566,48.246
14366,3039,3207,3371,3277,3190,3430,3841,3937,3406,3824,4848,6107,3409,3896,6587,12254,28.6392,24.167,8.82047,47.7487
14367,3136,3225,3500,3469,3279,3563,4127,4164,3447,3991,5862,6586,3439,4482,7276,8497,18.975,17.0662,8.55848,48.0287
14368,3009,3135,3426,3484,3185,3479,4004,4357,3456,3877,5455,7709,3415,4099,6187,9762,18.3041,22.7806,8.7867,48.026
14369,8078,9353,5008,3702,5254,5324,4031,3545,3846,3793,3652,3333,3424,3367,3253,3082,-28.0486,-12.933,8.58098,48.03
14370,3467,3451,3188,3100,4053,4091,3735,3424,6303,6165,4201,3543,7969,7607,4559,3590,18.5162,-15.6664,8.5218,48.2973
14371,5085,8948,7711,4478,4348,5104,4777,3987,3616,3790,3671,3478,3217,3379,3348,3296,-29.8958,-2.01092,8.71336,48.1553
14372,7636,9509,5023,3553,5079,5300,4209,3729,3897,3909,3604,3403,3288,3498,3331,3234,-32.7667,-12.1359,8.60998,48.1347
14373,3109,3405,3404,3421,3359,3533,3888,3824,3661,4345,5253,4835,3963,5691,9834,6862,30.9314,9.64339,8.51391,48.258
14374,9832,5776,3876,3371,8164,5339,3928,3345,4516,4020,3440,3166,3572,3553,3225,3038,-17.2406,-25.6091,8.61315,48.1073
14375,3350,3474,3474,3328,3620,4110,4175,3793,4371,6215,6197,4353,4431,6359,6437,4612,15.8229,0.199523,8.63595,48.1993
14376,3337,3310,3257,3179,3753,3829,3770,3440,4591,5526,4720,3909,5627,9315,6504,4249,24.3881,-5.36873,8.77793,48.2107
14377,3411,3836,5540,9787,3376,3608,5075,8373,3276,3515,4000,4443,3105,3321,3565,3590,-16.9328,30.507,8.5972,47.8807
14378,5342,5720,4184,3393,6506,7668,4559,3460,4618,4882,3869,3429,3589,3953,3471,3302,-9.22919,-12.7851,8.79029,47.9633
14379,3181,3148,3637,3643,3243,3441,4124,4767,3437,3843,5391,9339,3337,3962,5280,8443,13.9491,31.9487,8.70591,48.144
14380,3284,3960,5958,10116,3279,3811,5184,7969,3322,3506,3973,4317,3143,3253,3495,3501,-18.0604,25.3198,8.93117,48.0473
14381,3347,3911,5468,7849,3386,3879,5641,8902,3259,3648,4253,5068,3071,3357,3565,3713,-12.5906,23.1149,8.82895,48.2113
14382,3416,4356,7151,7817,3550,4162,6288,6868,3266,3661,4198,4231,3129,3275,3517,3385,-17.1409,16.2085,8.99147,48.18
14383,3505,3409,3346,3088,4092,4017,3564,3354,6404,6013,4162,3549,7923,7433,4537,3573,18.56,-15.6723,8.56579,47.9793
14384,11708,6631,4056,3471,6321,4846,3748,3347,3913,3903,3426,3216,3412,3420,3230,3068,-24.9848,-23.1527,8.95081,47.8107
14385,3317,3426,3389,3123,3748,3886,3691,3453,5007,6027,4672,3683,6031,9116,5848,4020,21.1812,-7.27623,8.92651,48.2913
14386,3306,3318,3253,3308,3726,3772,3589,3499,4440,5144,4675,3950,5467,9407,6685,4275,33.4203,-4.4047,8.65124,47.876
14387,3136,3300,3671,3779,3345,3715,4481,5232,3399,4076,6083,9048,3429,3931,5167,6726,10.3527,21.428,8.63134,48.3453
14388,4075,3987,3635,3121,5546,5242,3864,3379,7562,6968,4240,3546,5384,4937,3847,3339,5.55035,-16.6749,8.67117,48.448
14389,3061,3321,3373,3366,3111,3405,3899,4193,3421,3852,4836,7010,3348,4010,6150,11439,22.3441,26.7978,8.64704,47.8633
14390,3064,3310,3382,3481,3414,3652,4126,4087,3569,4438,6794,5821,3707,4744,7876,6801,17.5232,12.2314,8.75982,48.1773
14391,3301,3739,4741,5950,3321,3791,5892,9425,3343,3572,4628,5984,3101,3477,3864,4146,-6.55903,22.3627,8.79495,48.1833
14392,3188,3223,3413,3329,3311,3517,3864,3756,3656,4421,5836,5096,3810,5503,9577,6875,23.7659,9.93664,8.80721,48.25
14393,10322,7857,4473,3385,5997,5184,3848,3426,4010,3836,3495,3231,3351,3533,3238,3028,-24.7508,-18.9924,8.5884,48.1427
14394,7354,9676,5237,3697,4969,5435,4316,3610,3757,3877,3619,3355,3301,3459,3192,3135,-25.9798,-10.8475,8.84268,47.9927
14395,3317,3398,3883,4483,3293,3642,4630,7172,3441,3771,5139,9289,3303,3640,4350,5332,3.33706,29.2016,8.94518,48.0553
14396,5838,8020,5406,3883,5091,6748,4743,3714,3887,4146,3827,3509,3371,3454,3380,3244,-17.7209,-7.83868,8.70476,48.174
14397,3086,3277,3489,3576,3182,3644,4095,4498,3387,3838,5662,8001,3334,4054,6119,8935,16.6727,21.4647,8.93166,48.118
14398,3276,3411,3338,3135,3754,3889,3654,3420,4800,5355,4483,3635,6481,9877,5750,3903,33.5662,-8.47466,8.75987,48.1073
14399,3979,4144,3781,3243,5107,6094,4408,3535,5760,7691,4562,3671,4404,4804,3931,3458,2.8504,-10.9801,8.89106,48.3813
14400,3078,3518,3650,3430,3432,3864,4376,4143,3738,4867,7493,5568,3639,4774,7120,5634,14.1416,9.7231,8.54645,48.216
14401,3096,3244,3350,3517,3223,3543,3802,3880,3490,4088,5423,5845,3559,4488,8298,9356,23.4947,16.3163,8.96709,48.1347
14402,3486,4155,5980,6616,3423,4288,6901,7707,3372,3701,4442,4641,3188,3362,3575,3632,-12.5044,16.9778,8.90778,48.3127
14403,3354,3369,3339,3188,3693,3743,3554,3389,4904,5276,4179,3744,7149,10023,5440,3736,30.4267,-9.75217,8.78796,48.0533
14404,3638,3635,3287,3018,4796,4182,3525,3230,9072,5282,3904,3304,8516,5444,3812,3381,14.0893,-26.0354,8.75066,48.0173
14405,5241,4439,3691,3212,8935,5206,3760,3329,7449,4849,3738,3296,4391,3948,3502,3126,-2.6818,-26.6949,8.67374,48.0747
14406,3122,3205,3417,3457,3176,3553,3857,3993,3345,3730,4697,6183,3464,4087,6326,12012,26.2067,25.3887,8.52715,47.7493
14407,4709,6246,4839,3884,4927,7965,5373,3984,4137,4667,4047,3587,3469,3578,3484,3397,-10.8346,-5.68187,8.97615,48.1953
14408,12858,6057,3930,3440,6053,4702,3763,3336,3898,3725,3398,3212,3429,3452,3351,3129,-27.0528,-33.3966,8.95328,47.822
14409,3472,4029,5897,11333,3400,3963,4903,7208,3231,3380,3888,4069,3160,3187,3455,3459,-21.1148,33.9539,8.96898,48.0227
14410,5489,9269,6402,4214,4442,5653,4831,3848,3808,3792,3808,3455,3313,3281,3366,3239,-22.7771,-5.11405,8.98235,48.14
14411,3623,4353,6252,5964,3566,4655,7894,6434,3417,3718,4618,4281,3125,3336,3565,3565,-12.2086,11.9849,8.99321,48.244
14412,3292,3644,4374,4323,3505,4206,6308,6065,3531,4119,6571,6261,3352,3720,4461,4395,0.735456,14.2189,8.67635,48.0847
14413,3305,3418,3320,3068,3961,3851,3493,3236,5654,5235,3930,3526,9749,8428,4414,3489,26.5296,-17.175,8.7562,48.0513
14414,3074,3355,3660,3478,3298,3494,3965,4434,3369,3890,5274,8500,3371,3914,5548,9497,16.4806,26.9222,8.58893,48.0807
14415,3851,5534,10095,7064,3650,4404,5264,4849,3264,3702,3782,3852,3047,3126,3319,3346,-28.8412,9.8377,8.86809,48.0993
14416,3328,3788,5007,7360,3337,3848,5243,9749,3213,3610,4324,5434,3048,3345,3588,3764,-10.5178,29.9101,8.96651,47.9907
14417,3367,3634,4628,6264,3354,3894,5171,9862,3416,3616,4463,6137,3182,3379,3647,3876,-7.21718,31.2571,8.73738,47.9267
14418,3405,3554,3438,3126,3764,4102,3948,3438,4567,6547,5518,4100,4905,7374,6272,4111,17.2577,-3.06072,8.74806,48.1127
14419,4987,6996,5987,4202,4563,6873,5853,4064,3603,4130,3952,3553,3318,3489,3522,3263,-15.8839,-2.78147,8.73725,48.2367
14420,6755,8424,4912,3706,5560,6372,4415,3655,4052,3947,3655,3382,3234,3489,3425,3113,-19.2638,-11.4807,8.73184,48.064
14421,9207,8656,4564,3576,5708,5275,4029,3414,3939,3802,3532,3324,3396,3285,3194,3123,-25.5917,-15.562,8.80874,48.016
14422,5183,5113,4052,3430,7032,7339,4395,3495,5251,5307,3927,3450,3936,3982,3520,3266,-5.87891,-14.5234,8.51768,48.452
14423,3307,3599,4533,5837,3346,3775,5378,9072,3294,3736,4641,6624,3186,3438,3946,4274,-4.50673,25.0423,8.54618,47.9907
14424,5347,5662,4188,3524,6638,7839,4524,3573,4647,5004,3881,3463,3821,3779,3488,3281,-9.24326,-12.5645,8.64789,48.4393
14425,3522,4108,5223,5423,3501,4378,7465,7327,3393,3948,4954,5047,3201,3423,3748,3844,-8.22386,14.7585,8.79203,48.3367
14426,3505,3653,3530,3408,4075,4803,4333,3746,4807,7638,5994,3909,4436,5684,4826,3880,8.91658,-3.98541,8.71618,48.1513
14427,4110,5776,7841,5420,3901,5220,6676,4839,3538,3810,4127,3787,3174,3439,3475,3329,-17.6025,5.54012,8.67416,48.308
14428,3171,3230,3385,3339,3197,3518,3875,4041,3378,3828,4784,6951,3324,3986,5997,11833,22.6961,28.0492,8.86292,47.8913
14429,5818,8929,6079,4161,4804,6000,4791,3871,3641,3936,3746,3480,3403,3368,3308,3160,-21.8344,-6.46124,8.56935,48.33
14430,3527,3477,3252,3211,4336,3986,3535,3193,7794,5082,3874,3413,9792,6054,4104,3365,18.1131,-23.333,8.92672,47.9967
14431,3153,3301,3450,3402,3351,3599,3706,3863,3410,3798,5044,5638,3333,4238,7679,10740,30.383,19.5045,8.64668,47.8033
14432,3038,3236,3410,3504,3301,3589,3927,4469,3434,3836,5111,8109,3385,4040,5671,10055,17.781,27.9982,8.57894,48.0767
14433,3147,3327,3589,3766,3331,3574,4476,4745,3472,4146,7036,7409,3422,4234,5900,6569,11.865,16.2636,8.93984,48.0953
14434,3098,3242,3311,3293,3427,3513,3646,3670,3882,4528,5250,4640,4118,6248,9725,6170,28.8497,6.87507,8.78223,47.8407
14435,3365,3457,3275,3098,3863,3697,3574,3226,6100,4883,3833,3425,12489,5983,3899,3436,27.2206,-31.6279,8.7005,47.7353
14436,3251,3430,3407,3232,3677,3911,3731,3556,4390,5572,5123,3984,4965,8283,7085,4489,21.4181,-2.31695,8.84778,48.0573
14437,3513,4798,8992,8708,3646,4124,5142,5449,3329,3516,3883,3915,3171,3303,3342,3389,-28.1925,14.5009,8.5827,48.1467
14438,12351,6055,3875,3379,6373,4823,3832,3321,3976,3872,3530,3222,3378,3323,3279,3162,-25.4165,-29.9083,8.52342,47.834
14439,3162,3396,3544,3558,3327,3610,4228,4425,3514,4429,6709,6750,3588,4367,6500,6999,14.9505,15.5537,8.54335,48.0707
14440,3828,3869,3801,3494,4388,5754,4493,3639,5129,7859,5413,3827,4237,4824,4331,3705,4.93161,-5.91134,8.82339,48.394
14441,3731,4639,7882,6868,3693,4306,6575,6001,3385,3766,4098,4151,3222,3345,3363,3504,-17.7567,12.8062,8.89326,48.3527
14442,3474,3419,3276,3188,4017,4229,3775,3434,5835,7207,4611,3708,6154,7495,4788,3753,16.0079,-10.7935,8.9119,48.242
14443,3993,3971,3386,3249,5967,5141,3802,3391,8237,6386,4080,3432,5381,4901,3795,3356,5.45036,-18.6904,8.70818,48.312
14444,4341,4561,3891,3508,5415,7518,4828,3624,4969,6296,4431,3507,4207,4205,3782,3352,-2.24343,-9.58323,8.93641,48.29
14445,3640,3643,3320,3125,4641,4057,3640,3243,8376,5520,3956,3502,8720,5717,4030,3388,15.6182,-23.1813,8.53033,48.3453
14446,3209,3174,3367,3392,3272,3503,3827,3958,3321,3717,4814,6064,3384,4030,6536,12423,27.617,25.918,8.54582,47.994
14447,3190,3503,3922,4329,3372,3714,4926,6774,3298,3907,5793,8600,3374,3678,4558,5272,4.00771,22.4099,8.65177,48.14
14448,3729,4411,5921,4794,3802,5234,8112,5451,3566,4066,4895,4178,3333,3496,3720,3518,-9.80782,7.57476,8.93303,48.1507
14449,3136,3268,3443,3434,3155,3605,3733,3931,3435,3855,5143,6275,3505,4341,7136,10746,24.5397,20.9205,8.55899,48.094
14450,3606,5319,9768,7558,3554,4268,5629,5030,3411,3632,3875,3782,3072,3225,3356,3328,-24.9994,11.4554,8.99664,48.2753
14451,3135,3168,3337,3452,3156,3482,3749,3968,3285,3883,4761,6245,3405,3900,6505,12188,27.7936,25.4526,8.66569,47.746
14452,4324,4876,4143,3507,5265,7822,5194,3793,4517,6031,4386,3708,3769,3840,3594,3421,-3.91787,-7.29072,8.89848,48.1267
14453,3121,3154,3414,3326,3234,3565,3659,3936,3332,3892,4994,5940,3369,4319,7587,10700,26.0802,19.3697,8.92883,47.6947
14454,4242,5181,5007,4029,4516,7233,6477,4252,4041,4793,4548,3901,3536,3730,3746,3566,-8.03708,-1.80557,8.64548,48.532
14455,3355,3337,3120,3079,3952,3838,3496,3208,6123,4842,3863,3404,12338,6550,3972,3407,27.4601,-25.2352,8.82525,47.9227
14456,4808,4689,3915,3323,6743,7248,4285,3448,5715,5731,3906,3463,4052,4106,3398,3254,-4.05411,-14.2742,8.90751,48.056
14457,3138,3339,3541,3657,3258,3526,4171,4602,3314,3869,5802,8788,3364,3886,5685,8140,13.8727,22.9853,8.70493,48.0533
14458,3112,3329,3287,3318,3509,3681,3762,3578,3836,4551,5393,4626,4201,6771,9644,5723,26.9287,4.92807,8.58513,48.214
14459,5896,5602,3999,3454,7691,7117,4246,3508,4876,4741,3775,3370,3727,3773,3359,3220,-9.81645,-16.2524,8.96572,48.236
14460,3188,3374,3661,3691,3387,3916,4683,4317,3674,4552,7729,6314,3514,4404,6327,5606,11.6516,11.6778,8.70639,48.2247
14461,8475,5281,3839,3452,9475,5340,3850,3248,4879,4122,3446,3341,3558,3650,3404,3103,-13.5266,-29.6514,8.62488,48.3087
14462,3377,3914,5137,6909,3355,3957,6042,9149,3297,3685,4428,5264,3127,3394,3680,3775,-10.484,21.8191,8.89225,48.3267
14463,3161,3224,3295,3315,3364,3609,3905,3883,3504,4005,5425,5914,3548,4454,8250,9072,23.3854,16.4381,8.86871,47.952
14464,3501,4198,8115,10209,3420,3959,5014,5587,3298,3386,3899,3937,3069,3340,3409,3319,-33.6811,17.8981,8.99991,47.7733
14465,3257,3674,4311,4943,3278,3811,4966,8376,3319,3631,4926,7854,3269,3479,4066,4645,-0.994671,31.9404,8.53582,47.87
14466,3165,3289,3409,3376,3168,3461,3728,3984,3364,3952,5002,5536,3498,4416,8141,10107,32.2968,17.951,8.84532,47.7307
14467,3481,3359,3231,3077,4276,3883,3554,3210,7291,5358,3834,3419,9975,6709,3958,3373,19.5611,-21.2934,8.99908,47.992
14468,3150,3189,3260,3299,3222,3590,3790,3811,3588,4378,5473,5196,3801,5299,9796,7256,25.7476,10.5683,8.94811,48.0653
14469,3383,3298,3270,3066,3939,3772,3373,3326,6059,4685,3861,3467,12392,6502,4041,3348,27.6302,-25.5386,8.68696,47.8547
14470,5004,4445,3767,3316,7782,6193,3913,3432,6673,5325,3975,3454,4250,4069,3560,3226,-2.6719,-19.0369,8.75822,48.256
14471,3136,3289,3243,3401,3359,3602,3881,3778,3697,4368,5419,4868,3768,5611,9887,6859,27.2751,9.28558,8.83579,48.1107
14472,7919,7937,4533,3548,6068,6148,4196,3528,4070,4001,3589,3333,3414,3386,3364,3039,-19.355,-14.7624,8.87744,48.0487
14473,3126,3276,3339,3441,3328,3610,3772,3890,3578,4022,5290,5563,3535,4695,8904,8832,25.0576,14.771,8.98374,48.134
14474,3344,3552,4058,4076,3536,4008,5645,5765,3457,4166,7114,6954,3370,3754,4727,4810,3.65705,15.0181,8.839,48.224
14475,4822,5271,4159,3572,6010,7985,4497,3644,4683,5427,4190,3560,3904,3862,3469,3325,-6.23788,-10.8551,8.80793,48.2533
14476,4348,5538,5298,4118,4349,7180,6570,4177,3805,4660,4544,3758,3482,3553,3536,3415,-10.2619,-1.20687,8.62232,48.2207
14477,3188,3321,3335,3328,3331,3661,3807,3755,3859,4957,5702,4624,4190,6393,9173,5537,23.1071,4.77874,8.8182,48.1073
14478,3159,3245,3741,3804,3223,3728,4639,5144,3435,4119,6621,8303,3383,3926,5413,6327,9.78007,18.5187,8.79378,48.14
14479,4002,5294,6827,4858,3977,5511,7514,4989,3580,3880,4485,4005,3234,3532,3512,3368,-13.8181,5.03842,8.91855,48.3787
14480,3195,3302,3338,3227,3668,3784,3865,3626,4192,4910,4993,4106,4601,8049,8320,4850,26.7604,0.606013,8.58554,48.0173
14481,4182,6851,9277,5611,3912,4686,5345,4359,3500,3694,3862,3626,3196,3225,3450,3238,-26.9667,4.25406,8.52466,48.0093
14482,3249,3662,4205,4772,3417,3879,5504,7631,3447,3884,5547,7616,3238,3450,4221,4679,-0.0890484,20.6574,8.7237,48.2673
14483,3333,3301,3258,3103,3965,3774,3528,3316,6072,4762,3770,3511,12384,5945,3932,3398,27.5826,-31.9442,8.60135,47.568
14484,3270,3561,4296,5234,3325,3600,5057,9133,3438,3643,4756,7505,3105,3543,3969,4403,-2.5001,30.2684,8.85234,47.892
14485,3302,3481,4085,4315,3463,3992,5755,6459,3500,4076,6459,7407,3228,3719,4444,4619,2.09854,17.077,8.8889,48.2027
14486,3722,3579,3322,3211,5138,4219,3667,3292,9599,5318,3758,3369,7496,5112,3766,3426,11.4425,-32.5473,8.6757,47.996
14487,3145,3383,3880,3894,3152,3603,4386,5905,3333,3723,5217,10074,3308,3768,4743,6531,7.83836,29.4662,8.90003,48.03
14488,6020,5015,3774,3395,9187,6100,3846,3393,5658,4736,3701,3412,3906,3776,3493,3111,-7.82786,-21.2872,8.8555,48.3487
14489,6990,6594,4301,3609,6869,6801,4249,3572,4414,4278,3705,3288,3559,3507,3393,3095,-15.0897,-15.4895,8.66779,48.1493
14490,3156,3498,3663,3851,3414,3795,4767,4907,3448,4097,7157,7717,3497,4076,5548,5945,9.24759,16.1634,8.78888,48.3573
14491,3615,3611,3390,3132,4811,4413,3728,3253,8112,6574,4079,3465,6847,5751,3938,3490,12.1714,-18.2997,8.77096,48.1393
14492,4066,4675,4547,3896,4369,6964,6332,4257,4024,5341,5202,3949,3576,3841,3807,3523,-4.42095,-1.14468,8.72267,48.246
14493,3404,3374,3228,3121,4227,3999,3491,3186,7765,4989,3810,3411,10789,5791,3941,3347,19.204,-28.8645,8.8419,47.9153
14494,5552,9226,6442,4065,4663,5782,4820,4004,3519,3842,3667,3400,3301,3299,3313,3108,-23.5421,-5.32216,8.86275,48.002
14495,5193,4365,3542,3226,8559,5400,3812,3455,7237,5035,3791,3401,4594,4083,3581,3143,-2.22873,-23.6872,8.68092,48.278
14496,5288,4351,3548,3352,9265,5084,3839,3447,7403,4922,3633,3271,4409,3994,3414,3241,-2.96403,-27.4857,8.96625,48.3073
14497,3389,4101,7058,11688,3382,3872,4849,5927,3281,3435,3834,3958,3198,3182,3414,3460,-29.5378,21.8027,8.67859,48.0187
14498,3069,3390,3426,3343,3359,3603,4013,3917,3543,4276,5900,5440,3693,5040,8744,7557,22.0205,12.5724,8.72843,48.2087
14499,5721,9766,6565,4220,4599,5095,4574,3772,3643,3779,3630,3303,3249,3359,3297,3189,-30.5241,-5.4872,8.70151,47.8407
14500,3504,4041,6389,6688,3530,4177,6999,7258,3312,3829,4554,4540,3035,3374,3632,3548,-12.9031,16.1038,8.87854,48.2733
14501,3436,4246,6593,7625,3539,4180,6139,7296,3267,3606,4219,4502,3155,3406,3529,3667,-15.4525,17.0851,8.86995,48.27
14502,3301,3632,4755,5822,3375,3934,6066,9178,3281,3743,4712,6028,3279,3360,3891,4082,-6.35147,21.9309,8.62998,48.2927
14503,3358,3461,3219,3112,3911,3794,3511,3378,5789,5181,4026,3625,9765,8164,4474,3500,26.2138,-17.2527,8.74194,48.1787
14504,3282,3857,4952,7416,3485,3695,5130,9727,3232,3588,4459,5301,3080,3320,3628,3682,-10.882,28.0548,8.64288,47.8893
14505,3351,3955,5958,11789,3351,3649,4932,7099,3183,3422,3934,4061,3029,3220,3428,3425,-21.6219,30.069,8.93481,47.8573
14506,3500,4282,7599,10776,3400,3884,5087,5888,3160,3468,3727,3926,3149,3127,3382,3449,-25.3675,19.4595,8.66971,47.8693
14507,3470,3712,3527,3354,4023,4506,4083,3598,4798,7548,5808,4061,4735,6115,5235,4025,11.9012,-4.17256,8.65716,48.3987
14508,3122,3286,3451,3455,3284,3496,3848,4124,3340,3773,4919,7079,3441,3907,6390,10910,21.6976,25.4419,8.53922,47.8833
14509,4771,4032,3488,3213,8099,5158,3758,3347,8129,5027,3962,3325,4840,4197,3609,3258,0.111149,-25.209,8.62193,48.142
14510,3359,3805,5330,8055,3318,3870,5229,9270,3251,3564,4036,4743,3252,3289,3513,3615,-13.036,33.8311,8.58333,47.666
14511,3823,3625,3266,3320,5391,4189,3557,3291,9690,5234,3770,3433,7414,4816,3787,3323,11.0349,-28.6033,8.62529,47.9527
14512,3182,3381,3477,3265,3564,3842,3826,3631,4216,5109,5039,4069,4905,8292,8013,4673,24.6514,-0.429004,8.878,48.3227
14513,3365,3308,3256,3054,4080,3700,3454,3221,6302,4967,3732,3297,12141,6171,3995,3505,26.7296,-26.3371,8.54301,47.6987
14514,3353,4134,6050,7206,3462,3950,6509,7958,3209,3647,4435,4699,3058,3335,3614,3721,-13.2587,18.3509,8.91131,48.2267
14515,3159,3557,3924,4069,3425,3901,5276,5586,3486,4189,6986,7602,3388,3803,4862,5240,5.23031,16.4027,8.70988,48.302
14516,3152,3222,3345,3462,3137,3521,3923,4152,3475,3850,5131,6604,3426,4020,6654,11116,22.9926,23.0434,8.60174,48.1267
14517,3836,3867,3432,3257,5035,5073,3807,3370,7148,7521,4330,3542,5324,5289,3916,3406,7.56058,-14.624,8.57512,48.102
14518,3204,3752,4406,5562,3267,3770,5347,9421,3358,3676,4692,7101,3146,3522,3701,4377,-4.06569,26.6384,8.97238,48.2013
14519,3069,3494,3811,4015,3372,3718,4594,6297,3394,3804,5427,9821,3301,3749,4655,6031,6.33286,26.2062,8.65034,48.368
14520,3560,4204,5965,6050,3610,4283,7366,6818,3362,3783,4639,4630,3169,3429,3686,3657,-11.4689,14.1883,8.54199,48.1407
14521,3589,4211,6704,8113,3413,4043,5999,6877,3290,3665,4088,4257,3120,3259,3558,3575,-16.9816,17.5621,8.55924,47.8407
14522,3392,3470,3619,3420,3675,4299,4458,3758,4276,6460,7180,4536,4092,5490,5878,4408,11.7345,1.47287,8.81636,48.274
14523,7374,8807,4911,3685,5452,6064,4215,3548,3991,3955,3500,3259,3398,3411,3304,3151,-21.4395,-12.4161,8.80434,48.0167
14524,3697,3732,3514,3276,4443,4824,3752,3589,6116,7980,4780,3661,5140,5878,4308,3545,10.0225,-10.8856,8.71348,48.1567
14525,4043,5160,4996,4151,4339,7170,6829,4366,3910,4521,4581,3849,3389,3666,3574,3403,-8.70517,-0.337964,8.9842,47.9647
14526,5785,4626,3662,3272,9996,5139,3905,3512,6364,4547,3557,3283,4105,3887,3528,3153,-5.77343,-33.1332,8.90141,48.214
14527,11528,6070,3993,3451,6908,4961,3855,3339,4036,3770,3553,3200,3335,3355,3275,3158,-21.8809,-33.7921,8.64271,47.858
14528,6496,8763,5268,3801,5319,6335,4488,3726,3840,4023,3656,3393,3351,3425,3316,3164,-20.4586,-9.4376,8.83144,48.2427
14529,3504,3489,3231,3110,4397,3978,3523,3249,8160,5205,3837,3384,9786,5705,3916,3382,17.0939,-26.0641,8.69516,47.904
14530,3147,3287,3674,3773,3181,3626,4242,5100,3391,3901,5239,9580,3423,3821,5062,7242,11.2404,33.6308,8.66471,47.7927
14531,3316,3676,4603,4934,3374,4007,5966,7896,3273,3899,5398,6874,3178,3461,4061,4338,-2.26334,19.9465,8.71999,48.1693
14532,5213,4402,3779,3362,8162,5837,3874,3508,6737,5317,3835,3348,4358,4033,3603,3273,-2.70974,-20.4993,8.53162,48.4273
14533,12224,6336,3984,3283,6103,4835,3900,3390,3929,3720,3425,3203,3401,3356,3199,3113,-30.4523,-25.5405,8.59612,47.6007
14534,6401,9005,5553,3951,5014,6163,4622,3695,3879,4009,3655,3373,3339,3398,3250,3084,-20.8338,-8.70329,8.93461,48.2607
14535,3448,3909,6041,12251,3264,3828,4914,6660,3291,3358,3765,3947,3074,3100,3445,3406,-23.6452,33.6769,8.91343,47.8007
14536,3129,3570,4040,4789,3347,3640,4788,7770,3372,3706,5131,8698,3231,3550,4229,5043,1.51547,28.2081,8.80323,48.022
14537,3510,4005,5922,11595,3457,3782,4944,7008,3265,3479,3885,4167,3107,3155,3334,3489,-22.3942,28.9922,8.50427,48.0693
14538,3250,3572,3877,3980,3471,4237,5739,4912,3707,4665,7720,5865,3555,3964,4984,4738,5.05665,10.511,8.61091,48.1573
14539,7361,9385,5193,3769,5045,5294,4282,3689,3774,3882,3625,3343,3327,3411,3203,3080,-33.3808,-10.8803,8.52728,47.7753
14540,3192,3270,3408,3371,3229,3399,3793,3845,3360,3887,4898,6035,3420,4038,6807,11860,31.3632,23.6098,8.76439,47.8747
14541,12233,6360,3807,3356,6114,4720,3682,3410,3996,3802,3426,3129,3463,3389,3258,3089,-33.9255,-24.7839,8.54062,47.4893
14542,9419,8108,4524,3522,5849,5435,3945,3432,3879,3880,3531,3237,3361,3404,3322,3049,-24.3667,-16.6552,8.52966,47.9313
14543,3085,3225,3428,3294,3209,3441,3733,3870,3374,3813,4795,6230,3485,3910,6479,12299,27.8599,25.5848,8.58982,47.78
14544,3589,3720,3823,3514,4132,5168,4894,3863,4544,7495,6295,4159,4052,4842,4626,3747,5.92434,-2.238,8.78242,48.3087
14545,3603,4926,9657,7989,3590,4092,5219,5026,3370,3517,3897,3783,3190,3203,3451,3449,-30.1994,12.5404,8.93421,47.9747
14546,4101,6500,9576,5555,3986,4457,5202,4557,3296,3768,3788,3732,3150,3291,3406,3275,-32.5913,5.4416,8.52239,47.76
14547,5647,7070,4869,3725,5552,7593,4752,3761,4053,4214,3975,3348,3493,3575,3455,3192,-14.2638,-9.21581,8.84624,48.1827
14548,3658,4590,7327,6855,3456,4348,6633,6036,3393,3585,4330,4237,3190,3328,3402,3483,-16.6907,13.4297,8.71372,47.9007
14549,3350,3372,3125,3089,4272,3992,3551,3203,7371,5392,3955,3484,9562,6629,4196,3499,18.8324,-21.1112,8.83983,48.028
14550,3352,3933,5841,12911,3331,3698,4851,5914,3295,3458,3762,3855,3118,3241,3335,3392,-31.2226,30.6499,8.92877,47.5247
14551,3664,4259,4953,4249,3863,5593,7642,4897,3688,4552,5658,4359,3419,3806,3931,3687,-4.75055,5.42142,8.82389,48.1467
14552,3648,3732,3543,3411,4178,5368,4487,3766,4950,7638,5801,3933,4314,5085,4627,3888,6.80962,-4.68219,8.60489,48.246
14553,3121,3326,3696,3852,3335,3626,4554,5510,3375,4003,5961,8958,3382,3798,5008,6411,9.02733,21.5795,8.57606,47.944
14554,3638,4749,9029,7941,3597,4274,5573,5365,3291,3542,3830,3901,3165,3339,3436,3406,-24.5568,13.0713,8.58632,48.0507
14555,3142,3194,3475,3506,3297,3469,3949,4386,3339,3820,5268,8241,3401,3939,5772,9880,17.5604,25.4334,8.72662,48.052
14556,4200,4151,3584,3247,6029,5520,3987,3454,7331,6586,4237,3366,4883,4562,3765,3319,3.10272,-16.8185,8.61859,48.1473
14557,5825,8006,5279,3909,5213,6855,4833,3886,3954,4038,3825,3382,3417,3450,3336,3113,-17.4097,-8.22567,8.63682,48.214
14558,3460,3806,4606,5031,3438,4006,6555,7559,3410,3897,5379,6130,3204,3570,4028,4186,-3.17212,17.3465,8.71792,48.1767
14559,3549,3825,3893,3598,3867,4978,5551,4166,4133,6153,7071,4525,3846,4518,4698,4086,4.25544,2.28728,8.79874,48.3047
14560,3286,3739,4347,5208,3311,3840,5179,9144,3331,3826,4757,7490,3165,3486,3936,4497,-2.54325,32.2825,8.77201,48.3613
14561,3297,3424,3373,3155,3677,3795,3643,3371,4657,5107,4413,3758,6169,10045,6045,3934,31.5993,-6.97816,8.8981,47.9087
14562,3689,4455,6644,5440,3621,4724,7911,5982,3388,3798,4549,4238,3224,3397,3631,3650,-11.99,10.5533,8.89666,48.2273
14563,12469,6136,3912,3479,5819,4639,3879,3345,3814,3768,3526,3168,3380,3208,3280,3264,-29.0535,-33.9126,8.51385,47.3907
14564,3091,3305,3399,3342,3239,3449,3829,3928,3345,3773,4781,6051,3274,3932,6072,12486,30.0881,27.8049,8.83774,47.5307
14565,3265,3274,3456,3311,3306,3457,3706,3867,3352,3745,4603,5924,3376,3872,5874,12552,33.3511,31.3864,8.78154,47.2933
14566,3395,3666,4373,5464,3474,3756,5147,9184,3328,3676,4656,7011,3222,3438,3934,4089,-3.74383,33.4601,8.5817,47.8753
14567,3191,3386,3380,3405,3245,3466,3769,3948,3325,3833,4728,5879,3431,3877,5981,12510,30.7335,31.3872,8.51201,47.5693
14568,7605,5045,3679,3321,9765,5229,3869,3424,5145,4296,3684,3295,3748,3657,3219,3159,-11.0606,-29.4947,8.71422,48.0933
14569,11000,6097,3873,3360,7375,5095,3891,3383,4236,3892,3532,3288,3415,3440,3232,3102,-20.6801,-25.7433,8.82811,48.1407
14570,3358,4069,6244,12408,3426,3711,4772,6069,3170,3435,3781,3816,3113,3225,3305,3363,-28.6995,26.2857,8.58682,47.51
14571,12558,5859,3835,3311,6089,4599,3704,3320,3923,3764,3478,3296,3468,3376,3213,3260,-33.1698,-30.6248,8.98924,47.3687
14572,3153,3459,3374,3338,3584,3840,4067,3667,4003,5392,6250,4575,4409,6492,7735,4948,18.2881,2.91745,8.83084,48.1907
14573,3133,3298,3696,3915,3315,3721,4341,5332,3361,3927,5760,9594,3256,3773,4958,6825,9.7744,23.2569,8.88942,48.1367
14574,3187,3265,3414,3418,3353,3515,4110,4184,3508,3987,5625,7289,3395,4059,6474,9301,18.3413,20.3292,8.84131,48.056
14575,7518,9724,5185,3750,5062,5153,4352,3570,3779,3870,3691,3321,3309,3338,3359,3121,-32.9894,-11.4951,8.72588,48.068
14576,3969,5029,5260,4183,4298,6575,7168,4565,3793,4510,4830,3951,3407,3748,3662,3593,-8.68247,1.41746,8.68538,48.3607
14577,5816,5337,3915,3467,7686,7070,4215,3568,5057,4833,3901,3260,3770,3742,3407,3169,-8.81072,-16.395,8.64252,48.142
14578,6504,5002,3772,3439,9396,5669,3823,3431,5663,4415,3641,3265,3938,3743,3397,3212,-8.68155,-23.7068,8.6209,48.2067
14579,3312,3606,4767,6581,3346,3849,5092,9964,3273,3615,4419,5746,3000,3357,3711,3953,-8.298,32.0298,8.90084,47.7273
14580,3867,3802,3509,3241,5097,5036,3831,3429,6804,7651,4477,3644,5095,5207,3973,3472,7.27998,-13.7627,8.75345,48.09
14581,3861,6053,9954,6437,3760,4475,5408,4780,3390,3546,3784,3734,3085,3230,3389,3293,-28.0021,7.45025,8.95479,48.1193
14582,3375,3922,6242,12446,3345,3775,4836,6265,3194,3448,3667,3969,3229,3065,3387,3466,-26.934,28.6224,8.54093,47.754
14583,3247,3594,4351,5124,3418,3812,5419,8714,3367,3768,4933,7257,3239,3475,4028,4466,-2.52536,25.1141,8.5242,48.1413
14584,3159,3390,3311,3340,3422,3727,3833,3698,3863,4439,5153,4797,3926,5840,9842,6517,31.979,7.9623,8.71628,48.1713
14585,3153,3223,3293,3342,3314,3389,3787,3992,3422,3651,4799,6674,3381,3892,6002,12345,24.3459,29.5976,8.94932,47.7727
14586,3007,3192,3412,3394,3183,3490,3778,4018,3440,3769,4939,5993,3494,4083,6810,11613,27.9597,22.385,8.58147,47.7433
14587,8802,8917,4630,3590,5286,5151,4034,3552,3963,3964,3569,3268,3421,3275,3267,3118,-31.7992,-14.5701,8.51385,47.8713
14588,3463,3768,4342,4160,3639,4429,6601,5514,3487,4489,7016,5674,3353,3844,4567,4221,0.919509,11.1159,8.52797,48.378
14589,3502,3442,3521,3366,3891,4252,3965,3506,4892,7230,5861,4136,4747,6652,5587,4084,13.9094,-3.39855,8.77573,48.4227
14590,3686,3757,3579,3243,4384,5255,4154,3556,5500,8139,5067,3882,4600,5351,4419,3628,7.36378,-7.96885,8.57615,48.1333
14591,4609,4033,3540,3193,7821,4779,3789,3339,8662,5080,3750,3470,4878,4287,3473,3396,1.24608,-30.8128,8.71297,48.066
14592,5195,7175,5188,3971,4961,7412,5173,3836,3999,4361,3894,3511,3528,3666,3395,3283,-14.5829,-6.28727,8.63725,48.3653
14593,12513,5851,3934,3526,6204,4722,3823,3451,3821,3798,3479,3165,3511,3401,3365,3134,-27.2506,-32.4654,8.58762,47.7987
14594,3155,3388,3782,3941,3504,3726,4988,4846,3507,4339,7409,7186,3569,4002,5438,5496,8.23103,14.6083,8.91757,48.184
14595,3636,3827,3820,3610,3940,5070,5138,3919,4254,6675,6780,4312,3977,4651,4701,3963,5.39804,0.30433,8.57855,48.182
14596,5030,5102,4075,3550,6444,8023,4601,3511,4784,5308,4020,3540,3885,3894,3520,3248,-6.4837,-11.7647,8.91874,48.3567
14597,4187,6116,7249,4796,4145,5617,6629,4564,3560,4036,4175,3820,3222,3364,3432,3310,-16.557,2.63356,8.881,48.148
14598,10076,6102,3876,3371,7849,5251,3759,3331,4367,4102,3604,3202,3496,3504,3216,3020,-18.1243,-23.8894,8.81958,48.084
14599,4107,4386,4002,3655,4865,7199,5154,3799,4661,6397,5106,3733,3777,4165,3822,3545,-1.28317,-5.35456,8.99294,48.2487
14600,3152,3383,3547,3568,3325,3586,4192,4339,3487,4162,6494,7067,3526,4208,6795,7311,15.5428,16.2665,8.74401,48.0947
14601,3179,3291,3582,3424,3355,3769,4112,4108,3586,4440,6928,5813,3656,4803,7858,6638,17.1795,11.7658,8.73026,48.3613
14602,4367,4017,3589,3261,6870,5167,3776,3358,8315,5920,3790,3416,5051,4410,3699,3282,2.66655,-21.1285,8.96495,48.192
14603,4246,4632,4122,3549,4963,7546,5393,3861,4452,6251,4699,3523,3896,4165,3820,3404,-2.419,-5.92588,8.67307,48.348
14604,12669,6141,3843,3425,6067,4737,3739,3334,3983,3832,3494,3251,3351,3317,3223,3014,-29.3543,-30.8681,8.90018,47.6133
14605,3343,3451,3375,3105,3841,3867,3665,3437,4810,5177,4324,3659,6795,10033,5684,3842,31.3951,-9.16993,8.67827,48.272
14606,3093,3292,3455,3287,3331,3591,4041,3864,3823,4749,6560,5114,3949,5416,8743,5971,19.2445,8.21494,8.99058,48.186
14607,5221,9217,7401,4365,4317,5310,4740,4065,3514,3775,3691,3526,3222,3393,3297,3205,-32.1241,-2.71134,8.82753,48.1727
14608,12167,5945,3944,3400,6390,4782,3943,3337,4064,3751,3554,3237,3474,3361,3226,3228,-24.6128,-32.3075,8.72236,47.8687
14609,3256,4004,5901,12033,3416,3792,4934,6889,3239,3435,3840,4092,3105,3195,3303,3328,-22.8726,31.5973,8.9206,47.8413
14610,3753,3921,3812,3499,4137,5593,5198,3858,4351,6985,6220,4244,3970,4459,4572,3882,3.81288,-1.41347,8.84592,48.3027
14611,12553,6359,4071,3326,6019,4766,3864,3418,3901,3750,3393,3331,3454,3319,3241,3078,-29.5121,-25.7962,8.5406,47.8953
14612,4092,6155,9083,5892,3775,4721,5713,4651,3408,3670,3963,3738,3166,3371,3382,3284,-22.7262,6.23722,8.66502,48.0427
14613,3369,3862,5616,10322,3339,3751,5072,7861,3165,3620,3842,4408,3217,3225,3464,3410,-18.4251,28.9105,8.54054,47.6953
14614,9984,5551,3875,3365,8219,4991,3871,3488,4307,3901,3496,3313,3431,3456,3258,3110,-17.5099,-33.2247,8.87196,47.744
14615,3279,3585,3927,4024,3400,3939,5492,5404,3614,4183,7390,7067,3491,3785,4855,4963,5.0759,14.4827,8.94274,48.2653
14616,3566,4370,6470,6491,3570,4387,7039,6793,3329,3727,4310,4542,3207,3349,3504,3609,-13.6986,14.4206,8.78632,48.1753
14617,4392,7452,8776,5113,4111,5015,5309,4424,3352,3652,3796,3613,3224,3300,3360,3206,-25.6273,2.19257,8.56892,48.0633
14618,3270,3707,4356,4582,3438,4011,6037,6950,3410,3966,6090,6821,3271,3535,4266,4508,-0.114076,17.5802,8.82807,48.1453
14619,3347,3454,3268,3143,4196,3902,3519,3318,6619,5542,4052,3411,9358,7135,4373,3436,20.0881,-18.6797,8.78042,48.0487
14620,3340,3421,3323,3185,3720,3885,3633,3406,4693,5189,4412,3854,6215,9830,6065,3962,30.8831,-7.30484,8.6229,48.0887
14621,3165,3526,4018,4143,3391,3857,5307,6543,3357,3909,5885,8343,3209,3704,4577,5110,3.26633,20.401,8.59593,48.0293
14622,3593,4725,8285,8009,3623,4170,6040,6030,3171,3599,3952,4016,3193,3274,3372,3450,-20.3453,14.2105,8.89457,48.3347
14623,11532,5984,3915,3426,7393,4948,3745,3347,4192,3822,3406,3173,3495,3451,3211,3137,-21.3486,-27.3174,8.86021,48.118
14624,3054,3258,3347,3425,3217,3556,3670,4051,3460,3807,4875,6461,3475,3853,5899,11981,24.7992,33.0467,8.54515,47.5927
14625,7725,6253,4098,3533,7748,6143,4056,3457,4514,4240,3711,3354,3618,3581,3377,3144,-14.9275,-18.5847,8.50184,48.368
14626,3190,3307,3554,3715,3209,3530,4072,4778,3383,3800,5113,9092,3306,3913,5345,8435,14.08,30.9229,8.52353,47.828
14627,6766,9430,5254,3827,5070,5801,4302,3699,3895,3960,3632,3289,3246,3455,3320,3211,-23.0565,-10.1718,8.59325,48.1047
14628,11116,7514,4152,3373,6044,4973,3888,3350,3955,3688,3450,3222,3383,3319,3254,3128,-27.1751,-20.1653,8.83712,47.8727
14629,5742,9823,6451,4311,4513,5317,4590,3826,3658,3758,3652,3458,3303,3284,3325,3181,-29.7804,-5.57788,8.67527,48.128
14630,3255,3306,3426,3426,3440,3734,4182,4017,3625,4659,7005,5630,3691,4951,7874,6027,16.5148,10.4732,8.81988,48.1653
14631,4011,4469,4282,3775,4403,6700,5992,4065,4272,5985,5336,3975,3747,4108,3988,3689,-2.3885,-2.09707,8.83748,48.5313
14632,12336,6006,3925,3270,6080,4752,3810,3435,4069,3738,3385,3167,3547,3412,3300,3145,-33.6198,-27.8927,8.56474,47.5847
14633,3665,4020,3707,3398,4144,5403,4514,3737,4892,7709,5654,4053,4160,4975,4409,3849,6.13393,-4.67773,8.5811,48.1927
14634,3041,3387,3480,3849,3310,3506,4219,5029,3340,3842,5571,9657,3297,3722,5074,7636,11.6904,25.7425,8.96616,47.9733
14635,9650,8446,4482,3653,5620,5371,4027,3458,3974,3783,3531,3334,3390,3412,3275,3123,-25.7409,-16.4872,8.79321,48.3527
14636,3365,3481,3461,3147,3763,4088,3831,3574,4565,6708,5659,4130,4756,7280,6141,4337,16.5635,-2.5032,8.92615,48.1907
14637,3125,3160,3545,3510,3204,3478,4072,4371,3397,3816,4958,8414,3415,3853,5604,10004,17.2982,28.2747,8.8318,47.9507
14638,3435,3769,5945,12348,3415,3766,4771,6062,3318,3350,3737,3979,3122,3310,3472,3445,-33.2656,29.2336,8.56016,47.496
14639,3290,3348,3447,3253,3459,3772,3923,3584,4089,4840,5069,4306,4620,7576,8732,4971,30.9932,1.66839,8.5917,48.186
14640,8777,9001,4696,3654,5532,5443,3954,3495,3916,3866,3652,3290,3391,3502,3237,2976,-25.138,-14.7823,8.69256,48.2547
14641,3182,3236,3348,3268,3545,3665,3733,3556,4096,4746,5046,4235,4611,7613,9024,5042,31.7639,1.98361,8.95439,47.964
14642,2973,3086,3387,3408,3232,3500,3878,4068,3454,3780,5192,6792,3384,4060,6785,10724,22.4356,21.7169,8.7226,47.802
14643,4066,6702,9597,5514,3852,4638,5298,4550,3543,3653,3921,3700,3156,3342,3405,3275,-32.5852,4.92677,8.81158,48.1413
14644,3382,3383,3246,3112,3890,3888,3413,3140,6360,4819,3865,3399,12056,6529,3972,3342,25.5887,-24.7816,8.93726,47.864
14645,3113,3204,3431,3437,3260,3579,3873,4231,3387,3808,4974,7296,3390,4090,6040,10943,20.6397,26.3703,8.51195,48.0373
14646,3181,3166,3373,3411,3496,3593,3815,3679,3665,4296,5367,4822,3823,5490,9858,7114,28.4213,9.71228,8.94738,48.0993
14647,4769,6385,5204,3906,4819,7650,5712,3905,3946,4466,4134,3709,3517,3481,3452,3226,-12.5581,-4.51045,8.97862,48.1873
14648,3286,3806,4081,4110,3522,4160,6045,5406,3619,4370,7104,6118,3452,3812,4712,4613,2.35,12.4753,8.68501,48.144
14649,5061,5105,3957,3454,6697,7771,4424,3572,4984,5325,4006,3409,3906,3927,3593,3204,-6.64891,-12.8979,8.81231,48.2633
14650,10906,7717,4202,3400,5785,5060,3867,3381,3979,3824,3405,3230,3422,3388,3157,3040,-27.4588,-19.7041,8.85694,47.842
14651,3479,3977,5636,7754,3463,3993,5958,8308,3181,3581,4266,4754,3121,3332,3551,3603,-13.6225,20.8304,8.51833,47.9713
14652,4613,4399,3631,3328,6555,6426,4065,3481,6363,6014,4025,3490,4424,4229,3741,3414,-0.831286,-15.609,8.72573,48.132
14653,3573,3832,3942,3594,3914,5104,5414,3992,4191,6337,6898,4562,3884,4507,4627,3931,4.45146,1.55278,8.59785,48.2013
14654,3140,3325,3374,3317,3419,3683,3870,3738,3766,4369,5604,4808,3930,5629,9711,6601,25.1097,8.81481,8.88023,48.1893
14655,3322,3924,5996,12491,3410,3863,4801,6569,3225,3477,3775,3959,3094,3191,3407,3466,-25.2507,28.0498,8.89708,47.98
14656,4671,4104,3432,3142,7468,4793,3803,3349,8828,5136,3852,3298,5095,4359,3571,3213,1.83721,-29.8526,8.55973,48.076
14657,3361,3727,5034,7185,3389,3867,5431,9620,3393,3562,4331,5194,3190,3327,3883,3893,-10.5655,25.1487,8.57809,48.258
14658,10289,8105,4384,3549,5522,5059,3999,3539,3804,3746,3486,3221,3407,3398,3258,3067,-30.1729,-17.8466,8.76557,47.8887
14659,3283,3251,3360,3289,3492,3736,3820,3502,4072,4727,5196,4417,4240,7167,9002,5234,33.56,3.01323,8.57768,47.8587
14660,4264,4276,3732,3381,5950,6300,4080,3363,6305,6860,4275,3503,4454,4512,3804,3483,1.24052,-13.849,8.60843,48.3613
14661,11794,6806,3999,3366,5980,4812,3835,3510,4001,3790,3419,3216,3423,3473,3240,3051,-32.2882,-22.9807,8.78767,47.81
14662,3121,3379,3467,3426,3439,3664,4156,3902,3823,4551,6658,5232,3810,5187,8271,6215,18.5887,9.50247,8.81843,48.2007
14663,5636,5133,3800,3367,8173,6640,4106,3414,5390,5039,3895,3354,3968,3800,3580,3225,-6.82954,-18.1532,8.51454,48.3467
14664,5188,9272,7332,4276,4358,5228,4848,3978,3611,3821,3733,3403,3181,3335,3256,3155,-27.3944,-3.06548,8.78803,47.9833
14665,4536,7075,8077,4852,4034,5322,5663,4298,3552,3895,3850,3602,3273,3516,3429,3268,-20.6914,1.84061,8.733,48.1613
14666,3264,3557,4398,5454,3250,3809,5162,9640,3330,3675,4577,6997,3180,3475,3912,4225,-3.92118,30.1733,8.88246,47.9367
14667,3850,4965,7054,5396,3796,4997,7382,5489,3543,3798,4311,4125,3253,3307,3606,3431,-14.4782,7.97947,8.52098,48.202
14668,3489,3376,3141,3045,4358,3969,3427,3306,8112,5202,3750,3279,10395,5606,3925,3381,18.0589,-28.3049,8.94747,47.8407
14669,4601,5036,4124,3616,5600,7901,4934,3745,4631,5447,4256,3655,3904,3870,3562,3395,-5.513,-8.90043,8.53821,48.1847
14670,3327,3400,3324,3187,3567,3757,3713,3464,4219,5093,4854,4017,4979,9078,7430,4432,32.6956,-2.34664,8.91326,47.894
14671,3753,3506,3295,3131,5085,4118,3437,3283,9553,5174,3836,3379,8297,5108,3785,3385,12.8683,-27.9566,8.91083,48.0833
14672,3793,4124,3894,3485,4503,6316,4867,3788,4824,7404,5383,3848,4148,4491,4175,3558,2.32586,-5.57939,8.82541,48.4007
14673,8255,6769,4196,3313,7139,6013,4153,3511,4290,4271,3571,3212,3554,3571,3278,3085,-16.9901,-17.7437,8.83954,48.1207
14674,5608,6301,4371,3665,6082,7854,4473,3630,4294,4643,3821,3479,3672,3605,3417,3217,-11.6368,-11.4146,8.98492,48.088
14675,3364,3548,3435,3293,3914,4280,4043,3747,4622,7060,5813,4099,4748,6620,5692,4275,14.5653,-2.77674,8.62677,48.3687
14676,4524,7407,8509,5037,4110,5102,5356,4369,3578,3871,3708,3596,3181,3376,3372,3299,-23.5745,1.76038,8.67234,48.2633
14677,4536,3906,3439,3307,7482,5001,3719,3358,8761,5463,3633,3408,5145,4327,3579,3191,2.16477,-24.0872,8.95848,48.17
14678,3454,3534,3300,3060,4259,4074,3562,3194,7885,5476,3795,3459,9475,6063,4001,3463,17.3579,-22.3136,8.93915,48.036
14679,4701,5650,4422,3692,5222,7991,5283,3792,4381,5002,4332,3651,3593,3733,3585,3364,-8.35908,-6.9832,8.58731,48.2627
14680,3920,3711,3383,3104,5675,4296,3579,3346,9824,5481,3866,3346,6851,4937,3729,3278,8.90781,-26.2747,8.89342,48.2173
14681,3407,3428,3250,3104,4024,4029,3651,3257,5713,6576,4464,3579,7222,8057,4768,3592,18.691,-12.5935,8.84208,48.0807
14682,3338,3483,3860,3655,3548,4191,5231,4443,3764,5014,8122,5486,3718,4440,5629,4770,8.48743,8.16873,8.51502,48.4613
14683,3199,3339,3378,3216,3544,3723,3636,3505,4251,5185,4868,4117,5181,8940,7483,4468,26.5857,-2.59915,8.97719,48.022
14684,3331,3874,5169,8049,3461,3838,5341,9420,3293,3604,4209,5064,3110,3262,3470,3637,-12.7624,28.0171,8.5954,48.088
14685,5815,9128,6049,4004,4709,5984,4548,3681,3731,3924,3804,3446,3300,3430,3342,3184,-21.8645,-6.39603,8.89916,48.0527
14686,3100,3227,3329,3341,3333,3513,3916,3857,3573,4116,5119,5594,3629,4439,8376,9725,27.1883,16.984,8.72849,48.1247
14687,6525,9965,5916,3944,4849,5258,4269,3746,3723,3730,3565,3312,3362,3355,3280,3204,-29.5999,-8.1399,8.6226,48.002
14688,3677,4885,9202,7762,3677,4207,5718,5488,3330,3564,3853,3876,3146,3300,3400,3338,-23.374,12.7028,8.99491,48.282
14689,3386,4185,6952,10190,3457,3878,5257,6819,3262,3525,3962,4067,3041,3230,3449,3484,-21.0341,20.4383,8.82861,48.096
14690,4181,4789,4222,3656,4883,7659,5483,3856,4421,5795,4626,3782,3734,4119,3784,3451,-3.67374,-5.25769,8.91771,48.294
14691,3141,3319,3396,3386,3269,3680,3999,3848,3779,4436,6237,5352,3847,5157,8849,6690,20.1644,10.6068,8.95413,48.2567
14692,3938,5672,9897,6473,3765,4509,5313,4816,3336,3558,3840,3790,3204,3312,3302,3411,-33.5339,8.28141,8.87156,48.0907
14693,3662,3598,3397,3245,4878,4260,3615,3239,8137,6462,4025,3590,6915,5732,4045,3492,12.2968,-18.5482,8.65151,48.1947
14694,3301,3806,5240,7995,3388,3845,5358,9365,3327,3578,4291,4987,3093,3282,3568,3659,-12.8026,26.2372,8.74355,48.0553
14695,11135,7369,4277,3402,5886,4938,3958,3362,3834,3929,3382,3128,3348,3354,3191,3179,-28.8777,-20.5334,8.8179,47.7813
14696,4303,3937,3507,3165,7103,4988,3815,3351,8791,5438,3787,3371,5208,4416,3646,3311,2.87633,-23.4426,8.76132,48.0913
14697,12632,5967,3852,3363,5973,4686,3812,3396,3902,3743,3498,3306,3354,3376,3238,3114,-30.6864,-29.4051,8.5069,47.4747
14698,3355,3791,5992,12739,3316,3901,4916,6344,3190,3361,3716,3887,3177,3344,3351,3375,-25.8333,28.9944,8.77573,47.8367
14699,3431,3915,4758,4568,3534,4481,7679,6138,3506,4211,5994,5151,3344,3625,4008,3971,-3.70886,11.8544,8.95675,48.2093
14700,7397,9481,5233,3821,5104,5485,4287,3669,3771,3865,3509,3342,3388,3349,3219,3140,-25.7552,-11.1382,8.75315,48.04
14701,3863,4471,4757,4006,4118,6197,7279,4566,3862,5066,5406,4040,3441,3849,3966,3638,-5.33086,1.87223,8.86209,48.35
14702,3353,3456,3271,3124,4001,3879,3457,3182,6647,4903,3778,3391,11806,6356,3987,3375,24.1095,-25.8671,8.67761,47.9773
14703,3425,4508,8729,9373,3546,3869,5158,5429,3318,3539,3908,3784,3202,3236,3271,3365,-32.1005,15.9012,8.72527,47.7733
14704,3491,4368,7926,10235,3339,3980,4996,5605,3289,3536,3774,3942,3175,3241,3437,3415,-32.4711,18.2448,8.76339,47.8327
14705,3170,3551,4218,4717,3323,3762,5028,8292,3224,3713,4921,8478,3172,3616,4170,4803,0.124526,28.8879,8.99796,48.1053
14706,3376,3702,5327,8352,3461,3787,5144,9405,3374,3413,4214,4804,3122,3229,3578,3597,-13.5558,31.6921,8.64604,47.9233
14707,3239,3434,3625,3720,3313,3730,4888,4823,3496,4379,7450,7111,3511,4082,5597,5788,9.27958,14.0527,8.75463,48.124
14708,3899,4132,3960,3569,4482,6296,5127,3940,4640,6903,5498,3977,4020,4357,4099,3641,1.48286,-3.93066,8.72483,48.36
14709,3473,3345,3262,3041,4264,3972,3503,3245,7115,5635,3997,3439,9454,6853,4187,3440,19.5611,-20.0041,8.65953,48.15
14710,3439,4251,7119,10123,3379,3968,5255,6354,3247,3509,3839,4200,3081,3281,3361,3433,-22.0176,19.782,8.55237,47.8927
14711,3448,3715,3703,3322,4121,5077,4497,3728,4818,7812,5729,3968,4462,5269,4553,3795,7.5611,-4.7872,8.71915,48.0113
14712,3710,3494,3239,2963,4967,4202,3481,3238,9323,5314,3855,3289,8318,5322,3827,3407,13.366,-27.2674,8.85654,47.966
14713,10231,5772,3944,3425,7932,5030,3865,3387,4322,3945,3412,3278,3348,3388,3199,3195,-18.2946,-33.4793,8.51004,47.782
14714,3672,3473,3292,3144,4525,4164,3714,3395,7605,5990,3985,3565,8076,6322,4100,3452,15.814,-19.1827,8.56079,48.316
14715,3078,3256,3453,3409,3434,3854,4090,3816,3892,4911,6346,4903,3984,5807,8436,5570,19.0815,6.1752,8.68291,48.1593
14716,3106,3502,4228,4840,3327,3655,4997,8154,3329,3611,5032,8405,3250,3608,4238,4876,0.335706,28.462,8.66801,48.1053
14717,3406,4039,6494,10941,3405,3855,5152,6926,3266,3520,3894,4032,3055,3234,3394,3444,-21.4833,23.1741,8.80968,48.038
14718,3204,3172,3269,3423,3192,3366,3802,3964,3428,3652,4697,6071,3384,3725,5799,12814,33.032,30.8468,8.94938,47.308
14719,3612,4974,9669,7774,3616,4248,5217,5279,3114,3596,3827,3796,3128,3115,3334,3440,-33.4073,12.2877,8.77804,47.826
14720,3650,3850,3736,3360,4144,5305,4329,3640,5006,7893,5649,3885,4341,5139,4515,3756,6.60494,-5.14131,8.69911,48.132
14721,11918,6021,3793,3356,6753,4845,3816,3372,3966,3873,3515,3166,3375,3428,3235,3217,-23.2776,-29.9741,8.817,47.766
14722,3158,3298,3578,3491,3314,3652,4010,4468,3378,3797,5089,8282,3427,3883,5594,9676,16.6861,32.697,8.50135,48.0633
14723,3722,3697,3510,3211,4567,4701,3835,3350,6971,7627,4453,3503,5657,5862,4185,3431,10.1989,-13.877,8.88102,48.188
14724,12558,6012,3879,3342,6218,4802,3821,3411,3920,3698,3467,3217,3384,3258,3224,3107,-27.0319,-31.8525,8.85082,47.5453
14725,3274,3736,4968,6822,3356,3910,5365,9786,3312,3612,4323,5626,3097,3402,3724,3932,-9.65048,26.9833,8.69737,48.1633
14726,3234,3434,3455,3406,3628,4050,4330,3884,4103,5818,6785,4579,4201,5734,6850,4577,14.881,2.8311,8.69253,48.0453
14727,3657,4001,4843,4379,3775,5223,7738,5238,3576,4434,5818,4704,3478,3656,3912,3807,-4.29286,7.35682,8.78765,48.1593
14728,3201,3260,3473,3497,3234,3451,3977,4332,3360,3785,5085,8291,3396,3820,5494,10182,17.6293,30.5192,8.99894,47.892
14729,3442,4034,5021,4955,3601,4409,7530,6564,3494,4001,5671,5048,3377,3521,3874,3950,-5.35706,12.9537,8.548,48.328
14730,10804,6725,4108,3430,6904,5142,3842,3314,4118,3868,3457,3204,3428,3278,3215,3162,-21.9835,-22.1507,8.90528,47.9993
14731,3424,3363,3321,3145,4058,3790,3392,3248,6767,5007,3864,3386,11390,6522,3896,3377,22.5432,-23.8147,8.74252,47.9667
14732,3099,3337,3542,3788,3317,3564,4279,5177,3308,3962,5119,9759,3300,3808,5228,7431,11.3861,32.1678,8.85945,48.012
14733,3353,3965,5540,8173,3462,3863,5735,8955,3279,3485,4166,4888,3074,3223,3610,3701,-13.5851,23.302,8.76956,48.3147
14734,3905,4921,5418,4294,4154,6142,7769,4606,3658,4311,4785,3917,3392,3653,3676,3566,-9.09934,3.17375,8.94599,48.1113
14735,3435,3662,3667,3470,3734,4598,4644,3801,4279,6870,6980,4510,4158,5115,5152,4183,8.9383,0.265945,8.7166,48.172
14736,3575,3933,4665,4136,3824,5018,7216,5034,3771,4643,6517,4775,3499,3786,4287,3868,-1.62798,7.46261,8.58461,48.3647
14737,3316,4030,5603,6723,3447,4052,6425,8528,3255,3645,4420,4931,3315,3382,3692,3688,-11.0086,19.4167,8.6667,48.3013
14738,7838,9134,4843,3682,5539,5807,4268,3561,3920,3878,3595,3355,3360,3376,3291,3118,-22.7513,-12.902,8.99254,48.3767
14739,3326,3881,5449,9531,3432,3793,5056,8290,3360,3486,4069,4413,3113,3347,3512,3560,-16.558,32.8146,8.60235,47.7453
14740,3107,3328,3498,3706,3328,3693,4364,4807,3470,4075,6452,8228,3374,4001,5840,7027,12.0932,18.5942,8.84693,48.1987
14741,12672,6041,4032,3497,5828,4683,3688,3342,3868,3701,3403,3195,3288,3363,3325,3189,-31.1437,-33.7371,8.95878,47.41
14742,7976,5257,3855,3400,9587,5354,3863,3315,5072,4141,3590,3248,3676,3492,3241,3169,-12.5979,-32.3713,8.9506,48.1573
14743,3467,4424,7469,8126,3492,4130,6051,6586,3273,3679,4041,4098,3042,3230,3508,3439,-18.5809,16.3038,8.96547,48.0367
14744,3291,3374,3195,3112,3826,3908,3601,3398,5281,5351,4130,3540,8010,9336,4997,3570,25.4883,-13.1182,8.88895,47.9467
14745,3787,4025,3973,3569,4275,5860,5093,3874,4522,6858,5874,4064,4103,4497,4266,3884,2.67284,-2.38374,8.6049,48.3493
14746,5152,6441,4662,3863,5421,7790,5009,3759,4255,4644,3919,3507,3508,3636,3548,3282,-12.0849,-8.51965,8.57699,48.264
14747,3432,3909,6253,12614,3279,3754,4741,5972,3167,3513,3841,3893,3231,3186,3332,3411,-30.1238,26.6023,8.82236,47.6853
14748,4917,7086,5645,4175,4718,7084,5670,3946,3697,4205,3924,3525,3568,3602,3391,3297,-15.2035,-3.87418,8.91121,48.3
14749,3083,3192,3412,3307,3197,3415,3774,4033,3438,3990,5059,6189,3467,4123,7220,11324,24.5813,21.1437,8.94941,48.1487
14750,3269,3299,3370,3365,3270,3368,3755,3934,3335,3803,4649,5977,3460,3873,6022,12352,31.3939,30.5936,8.53479,47.4007
14751,4059,4099,3568,3344,5417,5830,4105,3366,6311,7355,4459,3571,4711,4707,3914,3448,3.63025,-12.7435,8.68301,48.176
14752,3397,4048,6389,12226,3391,3853,4906,6085,3255,3439,3720,3918,3167,3223,3330,3390,-27.3883,25.4669,8.56552,47.8247
14753,3379,3473,3254,3138,3830,3727,3551,3297,5175,5283,4167,3611,7893,9373,4970,3811,29.4555,-12.7006,8.63731,47.9547
14754,3214,3408,3596,3959,3294,3614,4510,5742,3349,3727,5383,9843,3329,3734,4833,6494,8.28822,32.202,8.58997,48.0193
14755,3402,3887,5996,12730,3403,3793,4849,6027,3162,3414,3672,3965,3154,3268,3254,3376,-31.7537,28.2106,8.74062,47.568
14756,3061,3469,3905,3996,3397,3620,4635,5698,3415,3860,6145,8996,3369,3673,4850,6207,7.51647,21.7676,8.65076,48.1973
14757,3596,3748,3919,3585,3847,5186,5200,4017,4116,6522,7098,4296,3938,4582,4615,4042,5.01537,1.11963,8.843,48.2047
14758,3183,3328,3554,3570,3337,3618,4176,4526,3514,4068,6098,7804,3299,4144,6136,7787,14.8991,18.8315,8.84593,48.0947
14759,3674,4980,9275,8006,3654,4101,5339,5141,3257,3531,3908,3792,3194,3285,3310,3253,-26.119,12.9339,8.78335,47.8
14760,5323,4587,3695,3276,8749,6015,3835,3398,6524,4939,3746,3314,4214,3915,3523,3227,-3.92876,-21.4145,8.93736,48.1867
14761,3548,3729,3923,3671,3873,4991,5355,4097,4198,6216,7216,4534,3883,4501,4807,3999,5.02106,1.99172,8.85542,48.3607
14762,3241,3392,3288,3135,3653,3839,3632,3481,4540,5146,4608,3790,6147,9770,6137,4093,30.331,-6.62899,8.69931,47.928
14763,3407,3866,4397,4442,3622,4416,7043,6312,3431,4335,6161,5510,3316,3660,4183,4167,-1.9669,12.8612,8.67056,48.1787
14764,3453,3977,5946,12759,3253,3742,4714,5987,3231,3344,3848,3863,3118,3193,3359,3337,-29.3068,29.6059,8.85822,47.416
14765,3367,3833,6136,12319,3422,3751,4799,6057,3226,3411,3758,3947,3192,3239,3407,3322,-33.9724,27.3801,8.51616,47.4573
14766,3883,4872,6255,4795,3925,5546,7751,4961,3543,4093,4676,3982,3281,3452,3673,3455,-12.0791,5.61741,8.69628,48.0953
14767,3403,4007,5572,7662,3349,3951,6059,8455,3364,3590,4219,4727,3128,3348,3600,3574,-13.3994,21.0386,8.59738,48.0053
14768,3157,3432,3939,4187,3291,3715,4736,6268,3398,3854,5711,9257,3306,3722,4619,5870,6.06046,23.0127,8.89032,48.308
14769,3243,3362,3337,3161,3545,3830,3653,3422,4291,5043,4843,4116,4888,8835,8004,4624,26.9331,-0.999811,8.8939,48.1313
14770,3071,3245,3307,3356,3212,3427,3808,3981,3429,3715,4740,6560,3442,3935,6006,12398,25.1694,31.0542,8.63067,47.7547
14771,4147,6402,8842,5566,3820,4894,5964,4494,3396,3778,3913,3673,3164,3394,3388,3355,-21.8436,5.23157,8.84897,48.1267
14772,3576,3567,3366,3150,4365,4373,3708,3251,6913,6921,4346,3543,6738,6559,4219,3522,14.0381,-15.1354,8.82189,48.078
14773,3427,3923,5424,6556,3416,4094,6303,8545,3377,3690,4523,5203,3115,3311,3591,3816,-10.0339,19.7151,8.60895,48.2093
14774,3473,3306,3327,3103,3832,3821,3442,3196,5576,5036,3950,3493,10009,8029,4348,3551,29.9806,-17.7924,8.5241,47.6613
14775,3324,3350,3267,3195,3734,3879,3624,3497,4881,5274,4341,3743,6473,9645,5864,4047,25.9688,-8.02807,8.59807,48.092
14776,11794,5968,4009,3395,7021,4819,3820,3347,4147,3802,3416,3131,3389,3364,3167,3164,-22.4112,-30.8612,8.59827,47.8353
14777,10194,5751,3859,3412,8052,5075,3822,3338,4264,3838,3379,3141,3436,3494,3282,3118,-17.92,-33.2721,8.81986,47.6367
14778,3724,5049,8600,6990,3638,4429,6221,5583,3275,3685,4008,4004,3103,3273,3388,3429,-19.8282,11.6711,8.85228,48.266
14779,3740,3961,3800,3441,4449,5892,4913,3756,4591,7394,5822,3969,4056,4588,4280,3730,3.03285,-3.61004,8.95194,48.2547
14780,3303,3310,3260,3118,3645,3932,3750,3495,4558,5968,5077,4012,5338,8819,6588,4227,21.0842,-3.68442,8.94176,48.2667
14781,3600,4090,4330,3961,3928,5292,6699,4668,3913,5176,6657,4554,3456,4036,4258,3890,-0.106689,4.76626,8.73015,48.3387
14782,3322,3883,5770,9669,3344,3813,5378,8300,3234,3457,4055,4598,3199,3315,3437,3469,-16.9814,24.9988,8.93621,48.162
14783,3469,3404,3251,3217,4107,4096,3756,3316,5597,6827,4642,3721,6013,7886,5026,3714,17.263,-9.86644,8.73006,48.028
14784,3365,3390,3230,3169,3887,3876,3498,3248,5553,5193,3966,3380,9583,8378,4405,3469,32.0711,-16.7841,8.92071,47.7267
14785,3693,4816,7975,6576,3925,4445,6581,5667,3360,3730,4198,3987,3194,3356,3434,3489,-17.5755,11.7113,8.89523,48.284
14786,4553,5761,4815,3757,4880,8105,5728,3907,3950,4818,4181,3584,3475,3629,3510,3368,-9.86706,-4.91182,8.94763,48.014
14787,3298,3409,3571,3447,3666,4008,4015,3834,4016,5623,6560,4630,4270,5937,6841,4790,15.7273,2.96087,8.53226,47.9433
14788,4212,6713,9522,5412,3967,4572,5023,4477,3520,3685,3809,3579,3193,3351,3393,3290,-31.2566,4.2769,8.60313,47.812
14789,3284,3339,3331,3281,3449,3781,3776,3604,3950,4714,4962,4283,4337,7288,9084,5225,31.5044,3.12931,8.5001,47.792
14790,3123,3334,3634,3757,3282,3573,4166,4991,3487,3771,5152,9490,3465,3757,5187,7952,12.2924,28.5423,8.5694,48.0807
14791,3277,3710,4481,5484,3434,3785,5373,9402,3346,3749,4651,6955,3093,3447,3882,4310,-4.38656,27.6438,8.53637,48.2527
14792,3286,3423,3257,3100,4028,3767,3472,3239,6969,4821,3755,3430,11876,5862,3980,3429,22.5177,-32.9565,8.83435,47.796
14793,3809,4284,4596,4061,3980,5689,7308,4660,3840,4930,5845,4381,3519,3810,3999,3762,-3.73906,4.16966,8.57462,48.3153
14794,3383,3408,3256,3147,4007,3825,3436,3237,6835,4966,3797,3382,11922,5918,3942,3342,22.9683,-33.3243,8.68455,47.8687
14795,6914,6310,4188,3471,7407,6619,4182,3443,4442,4369,3609,3349,3563,3551,3375,3124,-14.0863,-16.5559,8.88688,47.944
14796,3328,3351,3311,3122,3800,3946,3790,3482,4602,5894,4838,3935,5494,8870,6337,4120,21.7578,-5.17239,8.50985,48.1467
14797,3952,3700,3444,3146,5876,4500,3652,3324,9748,5237,3819,3431,6430,4611,3754,3345,7.82872,-29.8066,8.57312,47.9793
14798,8951,5426,3897,3279,9149,5174,3750,3384,4638,4143,3525,3220,3670,3507,3287,3054,-14.7913,-28.3131,8.93035,48.036
14799,5469,5478,4117,3525,6570,7766,4554,3605,4654,4986,3916,3417,3763,3886,3445,3287,-8.53127,-13.1698,8.62789,48.292
14800,12337,6185,3956,3485,6071,4862,3805,3396,3874,3778,3444,3184,3268,3429,3208,3070,-26.8271,-32.8587,8.71484,47.568
14801,4503,6453,7250,4749,4178,5669,6411,4488,3578,3963,4041,3695,3219,3496,3481,3293,-17.3031,1.9553,8.6423,48.3113
14802,3459,3954,6019,11738,3425,3857,4836,6771,3235,3443,3818,4078,3075,3241,3426,3520,-22.6259,31.0102,8.59368,47.93
14803,7045,9798,5494,3858,4976,5155,4268,3632,3649,3771,3631,3392,3385,3362,3263,3102,-30.7775,-10.1286,8.57546,47.854
14804,4475,6347,6269,4321,4495,6745,6240,4267,3728,4209,4116,3740,3325,3445,3466,3374,-14.3454,-0.54565,8.78179,48.3747
14805,4529,7060,7257,4743,4231,5575,6006,4342,3562,3946,3938,3668,3284,3494,3424,3347,-18.8906,0.788503,8.7459,48.2707
14806,3523,3894,5189,7216,3377,3844,5874,9113,3227,3694,4332,5203,3139,3258,3659,3761,-11.2018,22.9179,8.61415,48.202
14807,3474,3731,3431,3173,4183,4522,4036,3644,5251,8110,5529,3874,4941,6293,4830,3775,11.5692,-6.56831,8.97415,48.5313
14808,3338,3396,3670,3521,3623,4127,4748,4055,3796,5317,8084,5209,3722,4704,6124,4794,10.6886,6.85523,8.76596,48.152
14809,3200,3412,3886,3958,3231,3695,4884,5811,3389,4133,6274,8648,3310,3835,4924,5720,6.55019,19.5986,8.89312,48.2067
14810,5642,8948,6375,4016,4656,5726,4734,3849,3759,3965,3762,3461,3262,3415,3429,3248,-21.8661,-5.27139,8.662,48.1647
14811,3872,5212,8114,6149,3558,4758,6607,5534,3397,3681,4145,4017,3236,3255,3447,3394,-18.0799,9.14887,8.70476,48.2507
14812,3460,3875,4763,4779,3555,4389,7351,6426,3418,4011,5740,5615,3318,3448,3948,4065,-3.88324,13.2481,8.74656,48.1073
14813,3304,3797,5021,5568,3382,4050,6691,8156,3416,3730,4935,5651,3186,3427,3810,3968,-6.9309,18.3058,8.75994,48.0613
14814,2983,3359,3557,3715,3379,3571,4241,5054,3372,3958,5523,9124,3412,3880,5129,7410,12.0858,24.2049,8.61077,47.778
14815,3140,3269,3441,3549,3287,3520,4043,4346,3344,3904,5720,8156,3373,4055,6200,8959,16.4304,21.5081,8.92984,48.204
14816,3264,3691,4588,5934,3327,3831,5494,9587,3358,3678,4679,6257,3125,3574,3796,4114,-6.19797,24.0752,8.84442,48.198
14817,3261,3251,3409,3302,3404,3745,3766,3608,4048,5036,5778,4515,4244,6626,9020,5421,22.4045,4.15939,8.9664,48.2893
14818,3583,3841,3961,3841,4106,5268,5359,4192,4151,6362,6620,4334,3811,4425,4512,4011,3.4232,0.974454,8.69443,48.2513
14819,3166,3339,3640,3524,3289,3373,4165,4660,3399,3853,5282,9193,3470,3935,5303,8582,13.898,33.5786,8.99846,48.1153
14820,3244,3383,3370,3301,3572,3927,4034,3645,4306,5800,5826,4260,4658,7395,7069,4644,19.1911,-0.725575,8.84902,48.2893
14821,3313,3444,3290,3176,3641,3807,3727,3275,4647,5172,4436,3888,6032,9898,5973,4028,32.6664,-7.19139,8.75477,47.8313
14822,10276,7372,4276,3464,6650,5355,4029,3413,4014,3820,3438,3260,3376,3373,3297,3038,-22.2116,-20.1286,8.93083,48.3007
14823,3170,3384,3470,3341,3689,3950,4035,3756,4232,5593,6345,4454,4376,6374,7234,4811,17.4427,1.98814,8.72029,48.1427
14824,3381,3755,4625,4762,3455,4101,6743,6810,3499,3966,6038,5956,3296,3605,4097,4216,-2.17944,15.022,8.879,48.2033
14825,3274,3904,6112,12370,3411,3804,4738,6241,3224,3459,3705,3945,3161,3274,3381,3390,-27.5907,27.3401,8.62263,47.5953
14826,5880,4530,3627,3224,9551,5120,3854,3452,6687,4665,3642,3348,4244,3864,3380,3154,-5.03622,-26.883,8.52212,48.148
14827,3437,3988,5567,6082,3461,4270,7172,7636,3303,3744,4673,5032,3255,3469,3681,3670,-9.92294,16.3728,8.97084,48.2933
14828,4116,5971,8079,5432,3905,5053,6461,4892,3444,3867,4042,3750,3159,3402,3403,3316,-18.1687,5.67773,8.60279,48.1947
14829,3437,3842,4451,4410,3579,4382,7051,5971,3525,4334,6504,5601,3439,3722,4265,4091,-0.789754,12.0875,8.62265,48.4027
14830,7187,5310,3905,3467,8772,6052,3920,3486,4914,4305,3664,3410,3738,3565,3407,3207,-12.0329,-21.374,8.68123,48.206
14831,3746,4076,4412,3981,3940,5429,6646,4515,3909,5336,6376,4331,3631,4019,4264,3866,-0.724842,3.24978,8.55411,48.318
14832,3821,4835,5024,4129,4194,6464,7436,4470,3825,4675,5090,4013,3468,3687,3771,3562,-6.76539,1.96612,8.94313,48.3093
14833,5334,4382,3620,3256,8923,4944,3742,3302,7243,4652,3668,3297,4409,3987,3508,3280,-3.05639,-30.2118,8.50011,47.698
14834,6109,9915,6361,4093,4652,5323,4464,3790,3657,3833,3636,3470,3234,3440,3323,3140,-28.0196,-6.76024,8.7751,48.2933
14835,3261,3406,3335,3208,3702,3925,3680,3380,4751,5746,4796,3856,5822,9299,6063,3982,23.3211,-6.49559,8.52324,48.1413
14836,3319,3409,3215,3186,3938,3662,3584,3144,5967,4870,3682,3329,12511,6393,3891,3285,28.8671,-25.504,8.76306,47.59
14837,3103,3227,3426,3337,3231,3489,3755,3925,3442,3705,4775,6237,3436,3859,6153,12402,27.4953,28.1229,8.77826,47.668
14838,5054,8533,7059,4446,4467,5662,4919,3927,3634,3859,3734,3523,3297,3408,3366,3210,-22.484,-2.87791,8.66856,48.0653
14839,3183,3388,3403,3521,3265,3561,3969,4443,3383,3768,5129,8720,3336,3809,5329,9443,15.8832,30.0265,8.98898,47.7667
14840,4158,4450,3857,3536,5120,7120,4760,3659,4807,6756,4743,3629,4044,4224,3762,3432,-0.863892,-7.92484,8.8968,48.038
14841,3364,3867,5943,11953,3338,3730,4909,6734,3281,3431,3828,4016,3098,3281,3462,3478,-22.8724,30.8237,8.91356,47.8087
14842,3439,3427,3157,3157,4002,3712,3481,3285,6004,4713,3760,3437,12421,6222,3885,3248,30.8559,-26.4505,8.96487,47.5667
14843,4249,3976,3579,3253,6115,5545,3858,3488,7651,6536,4063,3579,4970,4527,3835,3284,3.60353,-17.2631,8.57651,48.3387
14844,4445,7524,8898,5159,4037,4881,5013,4251,3507,3687,3731,3583,3294,3332,3407,3253,-31.7102,2.21968,8.68102,48.0013
14845,3160,3202,3475,3538,3190,3391,3938,4147,3404,3832,5148,7417,3331,3963,6050,10509,19.9021,25.8005,8.53092,47.7967
14846,3627,3770,3504,3221,4370,5319,4330,3514,5345,8026,5264,3796,4550,5363,4349,3646,7.47913,-6.7889,8.65448,47.996
14847,5201,5262,4022,3490,6527,7845,4528,3513,4782,5174,3891,3520,3861,3893,3511,3213,-7.3919,-12.7521,8.58086,48.1553
14848,3405,3667,3219,3064,4425,4044,3459,3270,8411,5108,3962,3382,9447,5536,3730,3409,16.449,-33.1913,8.64515,47.692
14849,3287,3339,3285,3303,3496,3704,3700,3548,4142,5042,4939,4124,4699,8409,8159,4753,29.8588,-0.379491,8.85076,47.9527
14850,11841,6860,4057,3500,5962,4895,3748,3366,3888,3803,3431,3173,3410,3432,3304,3128,-32.1253,-22.6159,8.75933,47.8653
14851,3910,3678,3374,3070,5288,4525,3654,3312,8924,6163,3904,3346,6606,5127,3900,3411,9.47696,-20.7915,8.92601,48.128
14852,3214,3275,3391,3344,3246,3573,3811,3860,3377,3755,4862,5946,3301,3865,6135,12752,28.3387,31.8683,8.87201,47.8047
14853,3179,3484,4037,4322,3270,3669,4824,7409,3352,3825,5115,8826,3356,3513,4368,5053,2.51369,33.8518,8.51365,47.7347
14854,3946,4465,5114,4348,3963,5666,7951,4872,3714,4283,5362,4324,3417,3593,3662,3633,-6.90303,4.82517,8.72852,48.2087
14855,4064,3812,3439,3213,6328,4683,3672,3345,9364,5508,3888,3367,5983,4621,3676,3313,6.28824,-25.2022,8.55578,48.184
14856,3372,4066,6871,10762,3310,4001,5188,6652,3309,3494,3731,4075,3123,3150,3368,3375,-22.5621,21.712,8.66658,47.898
14857,3711,3906,3876,3566,4329,5656,5187,3926,4396,7037,5979,4039,4032,4548,4228,3737,3.07731,-2.25021,8.69961,48.102
14858,3098,3328,3431,3393,3355,3562,3910,3707,3485,4040,5290,5404,3457,4649,8966,9162,31.2435,15.364,8.96336,48.158
14859,3417,3353,3197,3192,3948,3933,3475,3250,7049,4947,3775,3344,11589,5744,3925,3441,21.5039,-33.8888,8.98403,47.7193
14860,3394,3883,5022,6271,3336,3987,6222,9034,3354,3670,4530,5590,3067,3370,3794,3892,-8.07672,20.7316,8.62528,48.2773
14861,4421,4202,3637,3248,6637,5704,3890,3489,7304,6228,3892,3512,4688,4315,3614,3343,1.23913,-17.6589,8.79111,48.0827
14862,4483,6868,6911,4701,4273,6007,6095,4368,3567,3909,3996,3639,3345,3473,3311,3347,-17.6299,0.238264,8.69313,48.1953
14863,4461,4718,4097,3608,5348,7680,5043,3794,4645,5944,4495,3572,3778,3855,3745,3394,-4.44162,-7.6453,8.70437,48.118
14864,3391,3929,5358,5380,3601,4355,7455,7161,3382,3886,4984,5098,3242,3489,3751,3909,-8.44436,14.8567,8.66969,48.2473
14865,3317,3395,3200,3186,3798,3853,3632,3477,4639,5595,4757,3761,5740,9351,6185,4166,23.7448,-6.24652,8.592,48.0347
14866,3375,3677,3755,3613,3779,4768,5053,4078,4103,6101,7447,4664,4004,4693,5041,4111,6.47394,2.83702,8.93448,48.1747
14867,3444,3452,3256,3107,4126,3880,3528,3212,6736,4893,3747,3292,11867,5815,3831,3397,23.6822,-29.7336,8.5634,47.722
14868,4575,4324,3831,3382,6689,6470,4060,3436,6511,6125,4049,3505,4365,4300,3760,3329,-0.410804,-16.0052,8.91764,48.474
14869,3536,3787,3572,3428,4105,4929,4158,3577,4977,8143,5813,3771,4573,5542,4720,3851,8.99524,-4.91932,8.85701,48.3213
14870,8656,5413,3789,3274,9091,5181,3906,3358,4916,4017,3537,3187,3655,3530,3294,3158,-13.9784,-30.8472,8.76787,47.9747
14871,3015,3352,3424,3372,3347,3538,3953,4264,3350,3919,5631,7633,3464,4149,6476,9277,17.9296,20.4555,8.97148,48.1093
14872,4230,6473,9260,5677,3954,4770,5500,4464,3476,3644,3726,3671,3170,3201,3428,3297,-24.699,5.26367,8.61219,47.9607
14873,4851,4404,3498,3339,7420,6132,4079,3368,6673,5716,3918,3440,4466,4220,3589,3244,-1.44153,-18.1114,8.85827,48.238
14874,3506,3413,3197,3034,4308,3986,3412,3184,7871,5172,3733,3553,10215,5880,3980,3443,18.4897,-25.2262,8.93951,47.9247
14875,3447,3450,3551,3378,3716,4124,4400,3774,4139,6029,7087,4555,4231,5688,6284,4559,13.7235,2.1349,8.71332,48.2747
14876,3859,3752,3273,3115,5121,4433,3669,3227,9197,5931,3954,3432,6837,5290,3938,3419,10.4561,-22.2923,8.90082,48.298
14877,3531,3845,4033,3799,3785,4776,6193,4427,3840,5508,7264,4531,3651,4226,4619,4143,3.10789,4.52718,8.77883,48.114
14878,4499,4465,3804,3354,6010,7182,4404,3573,5573,6422,4098,3484,4176,4256,3769,3413,-1.60736,-11.9113,8.95275,48.3213
14879,3188,3514,3757,3890,3420,3811,5064,5289,3513,4204,6970,7740,3330,3923,5032,5725,7.74783,17.1178,8.76524,48.2467
14880,7288,5848,3963,3468,8142,6231,4061,3523,4678,4280,3633,3384,3708,3608,3366,3124,-13.1411,-19.1171,8.60071,48.2033
14881,3334,3550,3706,3609,3637,4200,5021,4166,3774,5280,8083,5367,3648,4425,5689,4714,8.72621,7.14361,8.63639,48.1353
14882,2996,3299,3373,3342,3155,3479,3768,3865,3255,3804,4804,6154,3484,4095,6693,12213,28.272,23.8513,8.91914,47.8527
14883,7177,4838,3859,3296,9549,5441,3907,3414,5460,4227,3569,3164,3772,3609,3457,3092,-10.3965,-27.0132,8.62242,47.8873
14884,3250,3344,3324,3231,3495,3702,3807,3595,4076,4918,5090,4285,4522,7481,8846,5064,26.3746,2.14647,8.59121,48.02
14885,3462,3645,3247,3003,4607,4045,3528,3285,8319,5354,3912,3464,9178,5762,3838,3360,16.2298,-24.7599,8.57028,48.006
14886,6338,9111,5703,3965,4865,5971,4616,3779,3852,3913,3768,3404,3348,3356,3273,3154,-21.8546,-7.64482,8.64164,48.2773
14887,4613,6544,5656,4210,4682,7071,6039,4011,3876,4145,3975,3615,3365,3507,3545,3314,-13.8248,-2.63341,8.72954,48.112
14888,3378,3465,3302,3124,3997,3946,3536,3256,6424,5528,4081,3564,9468,7436,4288,3418,20.9593,-18.1474,8.68201,48.1407
14889,3381,3921,5388,7048,3430,3995,5731,8868,3305,3652,4262,5199,3132,3391,3663,3800,-11.0861,22.2182,8.52229,48.1107
14890,7765,6735,4257,3574,7002,6215,4039,3517,4387,4162,3575,3304,3617,3467,3249,3066,-16.3026,-17.2228,8.73844,47.954
14891,4238,3988,3623,3295,5731,5927,4114,3523,6940,7100,4263,3453,4740,4515,3683,3333,3.11369,-14.8303,8.88629,48.3107
14892,5617,4523,3701,3312,9143,5456,3816,3409,6613,4670,3761,3323,4299,4021,3390,3203,-4.90467,-24.2877,8.66498,48.1713
14893,3546,3776,3714,3447,4071,4997,4761,3854,4562,7344,6424,4225,4141,5093,4759,3982,7.20196,-1.70746,8.76775,48.464
14894,4171,6596,9749,5802,3839,4750,5493,4533,3424,3650,3862,3547,3150,3154,3376,3221,-25.3519,5.53378,8.76758,48.2113
14895,3292,3430,3458,3281,3617,3817,3687,3375,4408,5086,4704,3959,5233,9170,7269,4484,28.9006,-3.17309,8.55532,48.18
14896,3444,3617,3953,3777,3633,4493,5571,4278,3757,5402,7857,5001,3626,4291,5012,4426,5.65653,6.5603,8.51858,48.092
14897,4196,6933,9359,5551,3879,4516,5037,4524,3479,3746,3914,3503,3226,3352,3315,3248,-30.845,4.29233,8.621,47.852
14898,9800,5844,4003,3399,8050,5093,3864,3404,4395,3978,3490,3246,3492,3488,3312,3151,-17.6783,-25.7251,8.5423,48.006
14899,3327,3350,3302,3209,3659,3815,3678,3370,4567,5108,4571,3735,5822,9737,6567,4157,30.2673,-5.59106,8.56949,47.9827
14900,3405,3911,6040,12689,3462,3827,4744,6229,3188,3424,3807,3930,3075,3330,3446,3344,-26.7944,32.0289,8.93676,47.9007
14901,3231,3254,3356,3201,3488,3705,3725,3575,4201,4963,5070,4280,4661,7946,8457,4911,27.366,0.650867,8.79576,48.016
14902,3495,3492,3339,3044,4402,4192,3703,3242,6935,6509,4303,3468,7355,7025,4269,3466,16.3233,-15.6937,8.86225,48.1593
14903,3133,3273,3443,3508,3175,3446,4017,4324,3400,3759,4971,8105,3439,3886,5518,10456,17.919,29.8441,8.98799,47.902
14904,3189,3635,3957,4267,3305,3776,5319,6118,3455,3974,6421,7904,3354,3724,4595,5061,3.95522,18.0463,8.96508,48.036
14905,4963,5869,4566,3730,5527,8083,5154,3880,4277,4804,3990,3574,3690,3740,3544,3263,-10.1036,-8.32617,8.57009,48.436
14906,3614,4445,8410,9612,3504,4035,5239,5458,3310,3511,3783,3955,3106,3212,3443,3338,-28.7457,16.7219,8.68941,47.9833
14907,4623,4182,3560,3308,7676,4888,3699,3375,8317,5030,3758,3367,4939,4260,3545,3290,0.85137,-33.6702,8.56726,47.878
14908,3289,4136,6924,11626,3367,3812,4940,5979,3181,3432,3787,3920,3145,3258,3348,3546,-30.8997,21.9806,8.65714,47.7933
14909,3316,3321,3383,3019,4031,3820,3434,3238,5835,4902,3881,3455,10950,7243,4226,3460,30.4804,-20.9764,8.56465,47.676
14910,4213,5794,6785,4753,3967,5725,6989,4667,3632,3937,4324,3775,3277,3440,3561,3536,-14.6398,3.13582,8.67434,48.25
14911,3928,3647,3399,3232,5536,4426,3567,3364,9709,5267,3837,3309,6874,4988,3879,3337,9.53026,-33.8481,8.50258,48.1993
14912,3450,4163,7564,11108,3429,3851,4903,5768,3204,3465,3851,3957,3096,3163,3389,3359,-31.4523,20.1333,8.72855,47.8133
14913,7050,6045,4084,3382,7896,6604,4171,3542,4594,4325,3597,3344,3602,3574,3335,3111,-12.8236,-18.1487,8.898,48.1707
14914,3239,3681,4687,5651,3371,3871,5562,9299,3366,3758,4815,6602,3101,3541,3898,4349,-4.83149,24.2068,8.68404,48.5273
14915,4304,5230,4634,3696,4798,7603,6095,4046,4093,5095,4467,3735,3580,3677,3582,3395,-7.53335,-3.50388,8.82383,48.02
14916,12424,6314,3943,3408,5997,4804,3839,3346,3922,3745,3393,3202,3427,3451,3198,3131,-30.8614,-25.6791,8.68763,47.696
14917,3658,4992,9422,8208,3490,4101,5166,5234,3253,3491,3856,3818,3150,3335,3431,3409,-32.0025,12.9979,8.59416,48.0093
14918,3417,4041,5242,5104,3498,4470,7843,6603,3330,3989,5278,4967,3181,3566,3898,3998,-6.64272,13.0846,8.80187,48.2833
14919,4021,3713,3279,3084,5990,4363,3701,3277,10188,5333,3863,3290,6275,4694,3793,3222,7.5292,-28.6474,8.8889,48.0573
14920,3486,3422,3307,3090,4424,3943,3522,3286,7822,5427,3903,3329,9322,6384,4076,3430,17.442,-21.863,8.8933,48.1153
14921,3411,4067,6104,6960,3609,4137,6630,7733,3218,3557,4372,4648,3084,3431,3556,3496,-13.1216,17.5131,8.90781,48.0087
14922,11968,6788,3962,3357,5947,4859,3857,3385,3907,3706,3454,3227,3347,3387,3238,3086,-29.4352,-23.8529,8.64379,47.65
14923,3698,4226,4196,3749,4067,5740,6281,4270,4109,5708,6095,4239,3641,4115,4418,3881,-0.557211,1.09274,8.65927,48.2887
14924,3469,4352,7927,8354,3523,4215,5852,6190,3324,3608,4063,3999,3137,3253,3440,3576,-20.017,16.0516,8.81105,48.188
14925,6154,4688,3797,3345,10091,5075,3909,3327,6029,4371,3660,3312,4063,3753,3452,3154,-7.12467,-31.6401,8.84008,48.12
14926,4843,4134,3565,3218,8464,5145,3826,3302,8075,4968,3725,3293,4730,4178,3551,3312,-0.407589,-26.4384,8.75554,48.2193
14927,3231,3180,3391,3368,3349,3637,3695,3658,3823,4484,5292,4421,4171,6732,9819,5667,29.7652,5.01557,8.96166,47.9453
14928,3293,3499,3545,3400,3679,4084,4361,3803,4134,6144,7056,4504,4215,5582,6240,4678,13.2801,2.27686,8.74924,48.1447
14929,3183,3293,3797,3819,3323,3575,4427,5632,3453,3804,5257,9723,3216,3786,4747,7003,9.07071,31.2992,8.67981,48.0253
14930,3062,3159,3332,3345,3233,3560,3830,3817,3542,4292,5295,4939,3826,5188,9936,7524,28.784,11.1656,8.9711,47.92
14931,6869,4746,3758,3392,9813,5189,3879,3347,5585,4359,3645,3260,3850,3757,3471,3088,-9.02514,-29.2537,8.57343,48.0053
14932,5083,4405,3720,3395,7952,6161,4055,3405,6513,5226,3851,3344,4308,4004,3545,3288,-3.1162,-18.884,8.81794,48.17
14933,8658,9286,4820,3643,5368,5296,4226,3474,3830,3888,3503,3304,3349,3374,3252,3105,-31.5619,-14.2987,8.82075,48.2507
14934,3182,3238,3354,3432,3254,3470,3773,4055,3397,3701,4824,6057,3314,3815,6214,12609,32.3235,26.4162,8.74353,47.7927
14935,4373,7375,9196,5108,4046,4858,5012,4345,3463,3713,3802,3693,3182,3372,3367,3347,-32.4117,2.30037,8.98034,48.168
14936,3735,3453,3275,3170,4968,4217,3423,3310,9358,5535,3926,3374,7894,5229,3841,3374,12.5717,-25.8066,8.74921,48.0547
14937,3575,3590,3518,3292,4071,4668,4032,3593,5193,7901,5487,3868,4933,6021,4764,3870,11.0193,-6.02379,8.54944,48.2507
14938,3369,3894,6113,12875,3375,3753,4788,6312,3198,3536,3772,3846,3081,3209,3429,3299,-27.4094,28.4687,8.94623,47.8993
14939,3094,3316,3717,3753,3298,3489,4144,5160,3482,3857,5177,9936,3421,3749,5010,7595,11.7314,30.0886,8.84192,48.132
14940,3394,3534,3514,3302,3926,4269,4042,3681,4741,7467,5886,4020,4599,6315,5400,4023,12.9942,-3.64514,8.88261,48.0753
14941,4083,6079,9061,5660,3728,4770,5818,4834,3415,3554,3867,3712,3228,3302,3447,3264,-22.6824,6.41028,8.53098,47.8813
14942,3173,3357,3588,3414,3319,3717,4455,4308,3645,4474,7559,6559,3564,4308,6528,6302,13.4339,13.1362,8.63689,48.18
14943,3102,3181,3474,3439,3316,3520,3896,3902,3491,4144,5250,5700,3442,4529,8364,9406,25.3636,16.8817,8.56897,48.104
14944,3214,3457,3692,4005,3321,3736,4796,5479,3460,4096,6442,8742,3394,3760,4850,5800,7.47185,19.1955,8.86132,48.1627
14945,4577,6264,6178,4400,4201,6532,6360,4324,3598,4094,4321,3694,3300,3540,3508,3391,-14.5954,-0.294456,8.77972,48.188
14946,4068,3879,3440,3195,5938,4977,3831,3350,8280,6331,3974,3454,5514,4820,3762,3342,5.64026,-19.0194,8.82631,48.1033
14947,3343,3422,3245,3142,3727,3889,3674,3285,5267,5963,4395,3736,6969,9357,5236,3755,22.1657,-10.4582,8.94532,48.27
14948,5265,8215,6011,4098,4840,6335,5037,3919,3792,4138,3881,3498,3315,3447,3408,3174,-18.9019,-5.30206,8.82992,48.2487
14949,3236,3370,3266,3209,3555,3819,3648,3455,4348,5217,4702,3919,5552,9766,6893,4272,26.9205,-4.25608,8.91488,48.1513
14950,8217,9385,4818,3677,5165,5282,4009,3551,3858,3765,3683,3368,3308,3308,3372,3134,-28.6038,-12.8458,8.71827,47.9333
14951,3430,3499,3408,3430,3824,4316,4159,3642,4343,6701,6398,4335,4471,6266,5983,4274,13.9371,-1.10186,8.86315,48.3193
14952,3366,3675,3890,3570,3712,4285,5085,4260,3975,5493,7896,5064,3752,4514,5378,4564,7.69741,5.65508,8.61314,48.3193
14953,3362,3870,5971,12551,3365,3652,4656,5858,3293,3333,3681,3885,3143,3370,3316,3381,-32.5948,32.5657,8.77998,47.1247
14954,13003,5982,3962,3342,6065,4735,3732,3353,3851,3852,3389,3164,3357,3426,3214,3149,-29.8984,-30.2912,8.85465,47.7173
14955,3567,4715,7357,6274,3690,4569,6948,5862,3381,3709,4195,4201,3214,3302,3497,3447,-16.288,11.3964,8.54809,47.952
14956,3182,3232,3309,3239,3497,3679,3795,3617,3811,4545,5335,4600,4206,6541,9602,5819,29.8179,5.26087,8.59108,48.006
14957,11388,5831,3891,3264,7217,4958,3755,3383,4215,3849,3461,3156,3343,3359,3147,3159,-20.9285,-29.265,8.92637,47.584
14958,3386,3208,3158,3172,3968,3783,3362,3315,6235,4755,3772,3378,12682,6030,4018,3468,26.6761,-30.9971,8.84208,47.7933
14959,3272,3330,3404,3237,3632,4002,3905,3491,4343,6244,5904,4196,4737,7138,6716,4441,17.4752,-0.872814,8.82581,47.9947
14960,3376,4182,6825,9674,3446,3884,5408,6813,3192,3568,3935,4181,3167,3294,3488,3535,-20.2044,20.1461,8.50825,47.9787
14961,10814,7678,4196,3427,5758,4853,3898,3528,3939,3844,3422,3271,3440,3470,3247,3163,-29.4523,-20.0233,8.62522,47.9653
14962,3028,3223,3432,3445,3280,3504,3945,4116,3411,4027,5562,6724,3482,4230,7407,9146,20.3144,18.3478,8.78139,47.9747
14963,12592,6017,3952,3377,5999,4666,3792,3407,3912,3761,3419,3240,3314,3299,3231,3186,-28.7604,-32.4506,8.81286,47.4427
14964,3446,3419,3217,3189,3850,3818,3546,3158,6055,4720,3693,3298,12734,6098,3783,3376,31.8776,-27.4868,8.69833,47.6
14965,4406,5766,5101,3939,4662,7507,6246,4044,4021,4709,4247,3796,3460,3578,3505,3406,-10.1231,-2.50966,8.75957,48.262
14966,4685,7992,8315,4767,4203,5111,5184,4181,3525,3814,3794,3589,3154,3395,3307,3310,-24.7537,0.442702,8.87808,48.2173
14967,3295,3459,3510,3467,3640,4095,4239,3838,4011,6216,7104,4593,4095,5802,6361,4764,13.8017,2.4485,8.97496,48.326
14968,3036,3262,3376,3487,3294,3489,3901,4010,3345,3746,5056,6828,3363,3957,6484,11348,23.0934,23.9695,8.86131,47.988
14969,3255,3497,3566,3572,3352,3805,4878,4258,3650,4916,8218,5818,3711,4482,5991,5241,10.5109,9.9386,8.88101,48.14
14970,3514,4091,5541,5193,3519,4580,7717,6455,3509,3919,5078,4750,3321,3513,3815,3781,-8.22559,12.7865,8.55494,48.1973
14971,3434,3440,3285,3057,3929,3768,3364,3201,5936,4738,3933,3458,12270,6284,3951,3457,28.5477,-26.3593,8.64733,47.67
14972,3420,3530,3331,3183,4262,4311,3728,3368,6265,7298,4356,3608,6450,7089,4500,3700,14.9814,-12.3992,8.89182,48.266
14973,6898,5982,4175,3488,7906,6748,4176,3492,4596,4392,3662,3266,3617,3616,3349,3086,-12.6625,-17.3978,8.78142,48.2993
14974,3283,3562,3738,3704,3465,3950,5218,4676,3624,4610,8236,6183,3653,4245,5320,4916,7.55133,11.3924,8.95916,48.2553
14975,5162,7683,5813,4273,4782,6657,5153,4032,3810,4101,3965,3586,3434,3445,3375,3187,-17.204,-4.55286,8.92577,48.3053
14976,3377,3315,3209,3165,3947,3797,3416,3129,5826,5062,3912,3421,11319,7123,4126,3393,31.8234,-21.2042,8.50409,47.6913
14977,6305,9015,5427,3935,5038,5999,4534,3835,3820,4056,3799,3338,3379,3367,3308,3137,-21.5156,-8.7009,8.73765,48.1947
14978,4337,6887,8640,5146,3962,5039,5861,4437,3485,3824,3899,3622,3173,3431,3461,3232,-21.1826,3.22808,8.79103,48.2907
14979,7141,6229,4281,3474,7542,6597,4152,3473,4619,4354,3682,3187,3622,3656,3302,3119,-13.8366,-17.0881,8.56671,48.2867
14980,6438,5112,3912,3351,8866,6304,3821,3485,5348,4555,3531,3220,3860,3697,3301,3113,-9.04974,-20.328,8.65053,47.9427
14981,4763,5386,4381,3649,5590,8110,5123,3875,4204,5034,4138,3637,3703,3667,3534,3369,-7.97751,-8.10419,8.56233,48.1087
14982,3129,3174,3413,3384,3264,3526,3725,3828,3347,3765,4731,6161,3450,3867,6158,12680,29.5738,27.1914,8.58798,47.7347
14983,3191,3273,3455,3514,3262,3462,3972,4380,3399,3901,5124,8337,3449,3782,5547,9894,17.1357,32.2908,8.93799,47.9613
14984,3403,3633,3300,3153,4221,4367,3732,3426,5874,7151,4621,3701,6126,7319,4761,3638,15.4925,-10.7059,8.76203,48.284
14985,3485,3493,3384,3166,4086,4139,3685,3364,6398,6524,4355,3544,7096,7339,4595,3749,17.3132,-14.1198,8.62181,48.268
14986,3868,3946,3720,3412,4571,5687,4343,3479,5306,8116,5185,3698,4406,5027,4145,3606,5.32504,-7.83514,8.98687,48.3433
14987,3317,3716,5049,6844,3454,3894,5626,9459,3208,3790,4325,5416,3262,3422,3707,3779,-9.61317,24.0267,8.77529,48.1787
14988,3401,3421,3275,3109,4071,3894,3456,3225,6810,5217,3894,3450,10312,6875,4099,3471,21.9009,-20.9021,8.50279,47.9867
14989,4604,4056,3522,3213,8002,5069,3751,3299,8438,5198,3806,3247,4976,4244,3531,3261,0.829514,-25.1329,8.99569,48.1447
14990,3071,3253,3383,3395,3495,3522,3854,3843,3609,4271,5540,5100,3765,5221,9507,7438,24.5153,11.0055,8.79717,48.178
14991,3348,3671,4466,4625,3551,4202,6748,6273,3544,4111,6188,6114,3278,3613,4233,4235,-1.4061,14.4304,8.68643,48.1333
14992,3514,4086,5328,5170,3639,4517,7935,6567,3424,3924,5111,4963,3231,3488,3898,3899,-7.43517,12.4811,8.72463,48.4627
14993,3941,3698,3394,3046,5508,4308,3654,3304,9919,5159,3859,3391,7073,4857,3766,3332,9.68215,-29.9784,8.74787,48.1393
14994,3376,3360,3280,3123,4044,3894,3484,3211,6514,4852,3897,3436,11709,6605,3981,3298,24.5717,-24.4534,8.50867,48.0427
14995,9992,6197,4143,3405,7551,5308,3957,3407,4361,3995,3551,3252,3538,3455,3247,3122,-18.9026,-23.1553,8.50429,48.3207
14996,3440,4012,6423,11438,3353,3853,5055,6796,3226,3432,3848,4061,3070,3053,3379,3479,-22.9427,24.7506,8.62667,47.9453
14997,3052,3289,3659,3571,3234,3505,3919,4544,3360,3834,5096,8676,3402,3818,5429,9243,15.7927,31.2054,8.62352,47.754
14998,3159,3481,3380,3370,3420,3886,4171,3740,3964,5336,6702,4782,4105,5828,7789,5220,17.3011,4.95369,8.66115,48.222
14999,3303,3590,3630,3589,3644,4279,4575,3949,4109,6024,7832,4878,4067,5043,6042,4412,10.8227,3.72255,8.96757,48.644
15000,3185,3594,4219,5150,3422,3841,5192,8677,3355,3618,5062,7486,3075,3506,4110,4521,-2.12169,24.7731,8.80032,48.0087
15001,3241,3900,5773,8681,3336,3831,5592,8620,3217,3469,4032,4662,3136,3373,3598,3640,-14.5991,23.3044,8.91516,48.0673
15002,3129,3259,3355,3450,3250,3474,3792,3924,3451,3888,5110,5756,3462,4084,7496,10754,33.7226,19.6098,8.92219,47.756
15003,3302,3535,3939,3981,3500,4050,5563,5394,3453,4410,7566,6582,3442,3952,4751,4778,4.6806,13.4167,8.68934,48.132
15004,3118,3371,3526,3629,3201,3443,4139,4922,3364,3835,5151,9292,3316,3858,5200,8458,13.5537,28.9473,8.75387,47.882
15005,3309,3581,4405,4941,3347,3855,5817,8049,3399,3782,5378,6941,3163,3602,4075,4446,-1.7693,20.4025,8.7741,48.06
15006,3252,3570,4170,4705,3348,3774,5064,7863,3436,3804,5160,7999,3213,3612,4161,4837,0.344859,23.8289,8.56573,47.9787
15007,3269,3828,6135,12320,3431,3745,4899,6446,3307,3302,3804,4038,3159,3278,3311,3359,-25.7392,28.3446,8.69636,47.754
15008,3172,3417,3811,4008,3460,3850,4870,5833,3605,3989,6242,8428,3425,3836,4808,5721,6.60584,19.3733,8.63147,48.3167
15009,3385,3909,4437,4346,3642,4236,6944,5797,3614,4209,6669,5706,3403,3765,4318,4301,-0.676335,12.0128,8.51417,48.454
15010,3421,3327,3111,3111,3938,3787,3474,3146,5976,4899,3861,3299,12001,6565,3999,3247,30.8735,-24.2702,8.61968,47.4413
15011,3072,3375,3787,3781,3325,3649,4503,5406,3461,3933,6014,9358,3364,3792,5144,6486,9.66301,21.9014,8.64998,48.3
15012,4098,4019,3673,3266,5685,5738,4006,3409,6952,7059,4173,3544,4791,4713,3791,3398,3.55682,-15.0591,8.67837,48.21
15013,3613,4003,4016,3864,4033,5224,6358,4315,4012,5576,6906,4471,3560,4241,4409,4046,1.15628,3.56833,8.97207,48.4313
15014,4087,5981,9385,6198,3928,4545,5767,4853,3307,3567,3782,3652,3173,3342,3420,3235,-23.5607,7.08639,8.74722,48.148
15015,4486,4600,3824,3493,5706,7424,4559,3633,5147,6301,4194,3526,4076,4188,3683,3419,-2.34807,-11.0411,8.78536,48.1727
15016,3148,3368,3583,3667,3316,3727,4292,4570,3578,4144,6579,7400,3610,4010,6190,7225,14.1786,17.123,8.70983,48.2713
15017,3265,4050,5743,10666,3384,3827,4975,7782,3211,3385,3848,4358,3066,3166,3463,3453,-19.2332,27.6771,8.57121,47.7613
15018,3249,3446,3637,3603,3512,4005,4910,4382,3750,4829,7988,5844,3774,4388,5711,5057,9.63811,9.56672,8.70645,48.0567
15019,12038,6672,3962,3385,6028,4863,3752,3361,3896,3746,3521,3136,3359,3404,3150,3109,-28.1534,-23.681,8.72365,47.588
15020,8743,5641,4002,3349,8587,5471,3933,3430,4479,3884,3618,3281,3649,3458,3314,3064,-15.247,-23.9348,8.53285,47.9353
15021,3427,3372,3184,3265,3840,3915,3459,3255,6126,4776,3877,3344,12554,6183,3782,3383,30.3322,-27.6031,8.60432,47.828
15022,3393,3682,5039,7814,3424,3687,5214,9496,3390,3509,4195,5018,3260,3319,3522,3786,-12.2595,29.8212,8.71034,47.832
15023,3515,4086,6101,6311,3597,4258,7060,7035,3387,3703,4423,4559,3133,3383,3525,3716,-12.3753,15.4541,8.68085,47.8613
15024,3558,3904,3846,3684,3874,5197,5656,4098,4041,6176,7291,4486,3705,4407,4611,4034,3.47882,2.33308,8.92285,48.3787
15025,5959,4602,3635,3276,9974,5169,3707,3355,6501,4445,3662,3332,4076,3883,3365,3172,-5.95509,-30.069,8.99017,48.0753
15026,7127,5746,3958,3417,8415,6234,4071,3471,4796,4410,3716,3341,3689,3559,3379,3151,-12.446,-19.3924,8.92594,48.32
15027,3370,3565,3448,3174,3700,4091,3934,3547,4645,6736,5534,4138,4874,7297,6003,4059,15.9733,-3.48871,8.78496,48.0767
15028,3189,3359,3325,3312,3469,3674,3797,3683,3951,4864,5376,4517,4277,6745,9466,5584,25.5847,4.64568,8.90871,48.392
15029,12594,6228,3951,3379,6086,4679,3779,3293,3908,3813,3432,3129,3379,3432,3255,3013,-28.3114,-26.9083,8.61371,47.5667
15030,3430,3701,3761,3562,3888,4625,4975,4003,4058,6185,7449,4714,3857,4776,5223,4151,7.6483,2.37336,8.62645,48.2387
15031,3329,3332,3238,3047,4022,3828,3617,3249,5948,5577,3986,3539,9216,8223,4427,3538,22.6677,-16.5444,8.9148,48.0773
15032,3284,3585,4505,5539,3277,3815,5190,9395,3366,3733,4796,6944,3267,3362,3945,4215,-3.99861,27.7452,8.63575,48.1453
15033,3360,4205,6358,6426,3569,4327,6947,7042,3352,3691,4420,4628,3138,3384,3645,3667,-12.8237,15.0675,8.71096,48.106
15034,3420,3758,3761,3483,3857,4766,4999,4049,4138,6399,7311,4594,4038,4805,5024,4056,7.04987,1.86085,8.78107,48.3053
15035,9289,7171,4171,3371,6712,5666,3930,3495,4106,4109,3673,3241,3411,3441,3365,3047,-20.2345,-18.89,8.56228,48.132
15036,3136,3378,3594,3594,3168,3613,4219,4646,3537,3998,5950,8001,3330,4193,6115,7872,14.9189,19.946,8.64433,48.2293
15037,3934,3904,3540,3210,5438,5102,3864,3393,7567,6969,4193,3514,5497,5099,3869,3500,6.63034,-16.4295,8.74167,48.3953
15038,3850,4723,6426,5094,3818,5083,7911,5438,3512,4017,4507,4095,3172,3496,3667,3568,-11.976,7.99387,8.63055,48.2513
15039,3356,3403,3126,3083,4191,3846,3458,3190,7055,5152,3907,3284,11049,6333,4018,3353,21.1191,-23.9503,8.74086,47.8693
15040,4169,6848,9465,5559,3990,4619,5398,4378,3572,3713,3754,3651,3165,3357,3436,3316,-25.8352,4.34171,8.83294,48.26
15041,3336,3419,3337,3257,3598,3774,3739,3480,4515,5716,5002,4000,5397,8702,6863,4362,22.809,-3.52032,8.52716,48.3313
15042,3241,3330,3232,3159,3562,3708,3760,3483,4159,4997,4924,4103,4866,8302,8185,4607,33.6318,-0.200553,8.67639,47.7453
15043,4148,6146,8535,5433,3946,5126,6105,4814,3465,3699,3941,3769,3202,3347,3454,3319,-19.9312,4.92081,8.66837,48.2993
15044,3378,4348,7963,10580,3329,3952,5043,5648,3278,3482,3832,3956,3107,3247,3271,3322,-28.6509,18.8913,8.83019,47.824
15045,4687,4545,3868,3447,7075,6946,4169,3471,5861,5866,3919,3467,4305,3952,3660,3308,-2.46114,-15.5856,8.86598,48.364
15046,6085,6383,4439,3621,6444,7404,4424,3618,4329,4452,3698,3355,3589,3592,3403,3177,-12.9925,-13.0429,8.52474,48.0087
15047,3407,3375,3315,3157,3820,3989,3584,3359,5308,6236,4236,3629,7143,8926,4938,3724,21.2843,-11.321,8.96591,48.0973
15048,3421,3388,3248,3156,3762,3769,3403,3294,5871,4664,3916,3383,12495,5988,3856,3371,29.611,-32.5584,8.60116,47.3233
15049,4615,6977,6679,4451,4360,6262,6052,4185,3643,4031,3949,3596,3296,3378,3469,3315,-17.2539,-0.559448,8.63276,48.172
15050,4040,5166,6571,4804,3822,5278,7573,4968,3648,4059,4514,3878,3242,3562,3552,3449,-13.2304,5.49161,8.52035,48.084
15051,3334,3392,3238,3086,3904,3868,3472,3282,5888,4880,3892,3361,11228,7377,4097,3442,29.0598,-21.4161,8.60246,47.8273
15052,12461,6087,3981,3409,6080,4822,3807,3365,3858,3790,3399,3286,3329,3399,3271,3156,-27.7309,-32.0901,8.68253,47.6667
15053,5214,4379,3674,3209,9072,5175,3825,3391,7456,4790,3680,3345,4458,3990,3397,3121,-2.74987,-28.9417,8.87589,48.1173
15054,3328,3254,3212,3087,3718,3625,3661,3417,4739,5412,4400,3832,6511,9985,6004,3967,26.57,-7.9339,8.98775,48.1013
15055,3630,3772,3674,3306,4356,5369,4510,3669,5004,7767,5463,3863,4222,5111,4431,3740,6.28281,-5.30478,8.62331,47.9247
15056,3381,3957,6125,12042,3451,3736,4865,6631,3283,3394,3811,3978,3101,3105,3273,3410,-24.4907,26.6851,8.6702,47.6953
15057,3762,4298,4446,3931,4255,6310,6605,4375,4004,5489,5737,4189,3675,3952,3939,3653,-2.28137,0.9711,8.74501,48.4133
15058,3462,3717,3537,3319,4057,4797,4277,3694,4896,7855,5781,3961,4638,5587,4681,3941,10.0051,-4.79704,8.63005,48.1333
15059,4748,4138,3526,3318,8369,4944,3629,3345,8046,4971,3683,3424,4646,4121,3524,3146,-0.466273,-32.9313,8.65033,47.7187
15060,3134,3239,3433,3332,3495,3676,3837,3671,3823,4453,5375,4740,4084,6063,9781,6149,26.7921,7.05447,8.63548,48.19
15061,8446,8865,4699,3667,5524,5518,4213,3601,3861,3798,3633,3224,3437,3362,3202,3070,-24.2216,-13.9313,8.98552,48.08
15062,3835,3966,3764,3482,4459,5672,4657,3756,4995,7724,5281,3891,4250,4887,4133,3680,4.44601,-6.31883,8.68675,48.288
15063,3416,3312,3319,3049,3889,3826,3634,3333,5987,5650,4193,3516,8598,8340,4615,3546,22.2589,-15.4843,8.90663,48.1487
15064,3594,3407,3300,3117,4471,4016,3540,3257,7723,5757,3985,3466,8756,6153,4078,3602,16.5754,-20.6648,8.81765,48.148
15065,3371,3560,3461,3240,4092,4440,3940,3465,5278,7477,4987,3861,5318,7087,4921,3846,14.4289,-7.9351,8.64923,48.2293
15066,3140,3295,3738,3821,3268,3704,4571,5062,3466,4068,6489,8439,3371,3877,5482,6509,10.2981,19.331,8.83334,48.2
15067,3083,3235,3386,3415,3268,3569,3889,3744,3540,4012,5433,5496,3646,4640,8480,9060,26.3792,15.7602,8.55079,47.9307
15068,4422,4024,3381,3255,7138,4674,3561,3280,9426,5338,3682,3335,5332,4370,3617,3286,3.38351,-27.0471,8.88514,48.0807
15069,3524,4228,7347,11669,3420,3837,4979,5836,3195,3413,3750,3937,3139,3226,3367,3466,-29.5216,21.2284,8.94266,48.222
15070,3142,3204,3378,3331,3342,3599,3837,3823,3632,4125,5301,5170,3716,4992,9403,8219,27.0736,12.9961,8.70892,48.1427
15071,3377,3296,3280,3207,3825,3905,3657,3358,5181,5861,4388,3724,7407,9235,4975,3725,22.8748,-11.7148,8.61575,48.2673
15072,3143,3489,4064,4542,3388,3685,4940,7735,3312,3848,5063,8765,3304,3598,4266,5076,1.54129,29.3957,8.86103,48.1453
15073,3387,3466,3393,3243,3952,3994,3824,3499,4895,6696,5076,3826,5365,8035,5790,4093,18.0603,-5.63503,8.76281,48.356
15074,3253,3500,4003,4047,3382,3835,5539,5850,3418,4291,7039,7281,3266,3863,4860,4914,4.3011,15.7619,8.85392,48.2273
15075,5209,4815,3777,3400,7489,6852,4181,3423,5575,5317,4069,3435,4049,4020,3511,3314,-5.01307,-16.0727,8.7083,48.2907
15076,3155,3220,3424,3335,3543,3766,3714,3517,4032,4876,5387,4470,4492,7402,8698,5276,24.9421,2.50134,8.5911,48.2047
15077,3161,3289,3339,3206,3488,3646,3702,3518,4238,5081,4966,4129,4827,8570,8075,4888,28.6732,-0.78469,8.70645,48.082
15078,5063,7952,6457,4336,4505,6064,5304,3967,3734,4025,3934,3603,3306,3426,3416,3219,-19.2665,-3.10489,8.58292,48.2073
15079,11507,6810,4057,3443,6284,4972,3888,3379,3958,3890,3532,3186,3292,3411,3264,3005,-25.7847,-23.1564,8.56666,47.9187
15080,3336,3653,4280,4105,3593,4466,6648,5109,3576,4521,7205,5409,3460,3829,4394,4400,0.999572,10.1885,8.97254,47.9893
15081,3493,3286,3368,3156,4011,3794,3376,3284,5847,4672,3746,3294,12339,5831,3824,3380,33.5023,-31.3734,8.5649,47.134
15082,3595,4164,4790,4480,3719,5135,7910,5034,3647,4394,5892,4654,3380,3684,4070,3805,-4.53686,7.16183,8.74109,48.2353
15083,3447,3401,3185,3101,3942,3725,3327,3312,6255,4776,3728,3385,12338,6420,3947,3436,26.209,-25.3473,8.79381,47.8167
15084,3081,3178,3506,3435,3327,3451,3989,4207,3559,4018,6207,6433,3618,4493,7613,7915,18.3838,15.47,8.75876,48.02
15085,4422,4546,3859,3569,5521,7152,4387,3532,5475,6415,4215,3555,4278,4300,3752,3401,-1.41708,-11.2876,8.89338,48.2527
15086,3748,3609,3420,3067,5267,4444,3781,3254,9020,6111,3966,3514,6720,5228,3810,3323,9.75595,-21.1611,8.77322,48.188
15087,9408,5562,3937,3382,8448,5248,3755,3377,4562,4092,3504,3334,3559,3423,3270,3125,-16.3422,-27.105,8.53523,47.9907
15088,8128,5300,3853,3484,9520,5318,3801,3334,4951,4200,3618,3259,3608,3514,3234,3130,-12.9086,-32.2489,8.82546,48.168
15089,3425,3416,3218,3294,4239,3953,3487,3323,7646,5076,4027,3339,10487,5746,3966,3417,19.1679,-32.7745,8.73525,48.0393
15090,11155,6217,4018,3471,6987,5033,3789,3423,4202,3757,3470,3290,3554,3434,3193,3114,-21.805,-24.8905,8.65956,48.0713
15091,3401,3545,3306,3176,3971,3754,3450,3212,6252,4846,3817,3410,11959,6504,3977,3448,26.0895,-24.2629,8.61078,48.0187
15092,5060,5850,4479,3635,5570,8278,5045,3746,4295,4912,3972,3506,3573,3621,3568,3177,-9.90004,-8.73395,8.86246,48.1913
15093,3353,3990,6253,10656,3327,3824,5167,7509,3158,3448,3959,4273,3098,3219,3484,3505,-19.7686,24.0398,8.73665,48.1487
15094,3711,4979,8041,6608,3670,4443,6738,5507,3431,3642,4222,4048,3087,3345,3486,3540,-18.0672,11.2717,8.62904,48.332
15095,3711,3694,3546,3161,4347,4701,4004,3318,5859,8054,4881,3730,5265,5955,4387,3581,10.6033,-10.1235,8.71572,48.1293
15096,3148,3246,3486,3708,3310,3446,4175,4616,3457,3844,5326,9015,3423,3869,5257,8735,14.3783,28.636,8.60445,48.0407
15097,3249,3498,4174,4734,3255,3852,5162,8268,3328,3804,5066,8035,3166,3487,4045,4750,-0.323564,25.5503,8.87888,47.9153
15098,3310,3412,3359,3159,3576,3819,3727,3475,4379,5051,4758,3891,5347,9096,7227,4408,29.5655,-3.02355,8.57239,47.996
15099,12503,6067,3958,3398,6241,4758,3812,3404,3947,3737,3410,3332,3359,3313,3413,3002,-25.832,-29.4447,8.67569,47.7693
15100,3331,3871,5426,8002,3377,3906,5611,9031,3271,3625,4199,4920,3158,3280,3560,3647,-13.0674,25.0873,8.62191,48.1433
15101,3254,3852,5226,8168,3416,3785,5309,9395,3292,3593,4213,4938,3179,3292,3389,3663,-12.9357,25.5715,8.62913,47.976
15102,3211,3387,3659,3781,3456,3793,4676,4642,3436,4352,7107,7420,3534,4021,5607,5959,10.1061,15.8448,8.52657,48.0273
15103,3552,4228,6782,8557,3435,3936,5961,7091,3248,3614,4032,4223,3079,3271,3392,3507,-17.7409,18.2559,8.77628,47.9387
15104,3238,3450,3605,3527,3455,3897,4372,4068,3787,4879,7569,5583,3757,4818,6886,5362,13.5594,8.75227,8.63226,48.1687
15105,11758,6859,3977,3364,5914,5023,3864,3318,3887,3837,3454,3240,3352,3384,3349,3107,-31.2517,-22.9075,8.77826,47.7913
15106,7985,5226,3847,3384,9589,5652,3792,3304,4977,4102,3581,3359,3614,3594,3351,3134,-12.6992,-24.8065,8.96358,48.3273
15107,3497,3795,4170,3966,3644,4592,6596,4777,3763,4864,7410,5082,3574,4006,4597,4172,1.99878,7.65112,8.90016,48.3367
15108,3629,3507,3391,3108,4424,4309,3667,3330,7090,6704,4433,3548,6891,6514,4352,3461,14.5357,-15.457,8.58228,48.2387
15109,3253,3394,3378,3191,3547,3857,3820,3491,4295,5228,4845,4000,5119,8751,7483,4568,26.0768,-2.38496,8.51529,48.1467
15110,3180,3366,3387,3287,3418,3693,3646,3773,3717,4399,5167,4792,3972,5713,9959,6511,30.6623,8.38191,8.92025,47.9867
15111,3382,3499,3525,3310,3733,4272,4113,3640,4745,7061,5636,4089,4784,6764,5660,3995,14.3592,-3.68659,8.53911,48.1387
15112,4309,4450,3790,3440,5291,7258,4741,3581,5069,6584,4646,3648,4110,4270,3894,3363,-1.30232,-8.75529,8.70064,48.296
15113,3184,3346,3452,3431,3329,3782,3925,3826,3579,4310,6412,5179,3785,5238,8952,6727,20.4929,10.2957,8.65431,48.3047
15114,3200,3234,3466,3351,3298,3516,3831,3859,3561,4157,5099,5195,3729,4945,9496,8077,28.5852,12.8599,8.66902,48.0093
15115,6042,4816,3716,3199,9202,5878,3872,3329,6069,4684,3605,3287,4096,3920,3399,3218,-6.92858,-22.6382,8.7523,48.2213
15116,5842,4387,3663,3343,9557,5079,3734,3305,6840,4549,3669,3285,4127,3923,3562,3228,-5.06487,-31.913,8.65461,48.062
15117,3143,3248,3577,3511,3194,3621,4075,4231,3422,4142,6006,7199,3496,4204,6912,8146,17.1729,17.8178,8.9366,48.0847
15118,4293,4828,4547,3714,4620,7431,5842,4074,4096,5391,4778,3810,3661,3771,3760,3531,-5.55229,-3.0799,8.52365,48.098
15119,3519,3718,3779,3476,3893,4707,4748,3885,4323,6713,7123,4310,4006,4979,5119,4133,7.82693,0.672398,8.9893,48.2873
15120,3069,3188,3351,3392,3203,3422,3893,3920,3374,3791,4902,6684,3463,3889,5789,12022,23.7191,31.7911,8.75299,47.568
15121,3097,3197,3452,3429,3200,3425,3709,3892,3438,3769,4562,5971,3400,3844,6340,12373,31.3274,26.0015,8.88544,47.3987
15122,11847,6656,3931,3389,6000,4918,3854,3400,3920,3803,3466,3266,3368,3376,3323,3105,-32.4804,-23.464,8.91358,47.748
15123,5754,5190,3935,3493,7839,7020,4043,3556,5139,4895,3677,3300,3897,3735,3480,3129,-8.05458,-16.8325,8.67862,48.0547
15124,3281,3357,3388,3273,3503,3731,3839,3622,3831,4697,5257,4512,4338,6849,9215,5369,28.2074,4.03674,8.50298,48.0413
15125,3339,3500,3505,3405,3476,3901,4357,3976,3922,5184,7615,5069,3932,5064,7010,5367,14.232,6.66622,8.9363,48.4147
15126,3157,3155,3231,3416,3202,3383,3694,3777,3391,3858,4776,6020,3424,4036,6003,12663,26.7321,33.7945,8.97662,47.4573
15127,3081,3228,3544,3444,3251,3414,4038,4136,3453,4080,5592,6639,3459,4344,7226,9136,19.7636,18.7619,8.73705,48.0433
15128,3655,3467,3333,3113,4692,4351,3594,3178,8222,6350,4064,3487,7034,5943,3966,3368,12.8077,-18.5237,8.86204,47.878
15129,3926,4839,5900,4596,4054,5812,7799,4848,3662,4183,4691,4036,3262,3439,3670,3457,-10.7655,4.51151,8.79119,48.116
15130,5174,8125,5954,4133,4596,6580,5165,3950,3794,3983,3856,3593,3286,3394,3347,3222,-18.3781,-4.26888,8.82378,48.1013
15131,3098,3191,3440,3456,3210,3334,3878,4185,3362,3813,5007,7018,3383,4025,5951,11371,21.625,26.8797,8.5922,47.8147
15132,3067,3336,3603,3673,3274,3471,4131,4614,3410,3863,5647,8458,3416,3980,5811,8484,15.1084,23.0452,8.54152,48.1587
15133,3181,3124,3345,3340,3160,3230,3799,4028,3317,3811,4806,6376,3324,4110,6354,12286,26.0859,25.444,8.93738,47.7273
15134,3487,4233,6818,7184,3576,4174,6776,7039,3239,3677,4249,4316,3128,3313,3473,3650,-15.0264,15.9099,8.90962,48.2213
15135,3651,3650,3282,3209,5327,4322,3520,3299,9684,5565,3884,3516,7435,5102,3861,3249,10.9768,-25.1856,8.93242,48.3707
15136,12423,6448,3985,3354,6007,4775,3670,3367,4033,3836,3419,3280,3393,3334,3249,3096,-28.7061,-26.338,8.74432,47.7793
15137,3335,3928,5481,9595,3506,3794,5089,8351,3337,3451,3984,4429,3167,3214,3436,3496,-16.5518,31.2634,8.81628,47.7287
15138,3111,3422,3599,3474,3293,3581,4032,4117,3588,4341,6753,5816,3746,4701,7905,6707,17.7889,12.1518,8.8119,48.124
15139,3857,5056,9454,7770,3544,4165,5241,5139,3276,3518,3795,3829,3137,3371,3297,3334,-27.6475,12.0166,8.55974,47.8553
15140,7821,5046,3730,3253,9717,5255,3843,3358,5176,4236,3548,3316,3690,3659,3391,3235,-11.6565,-28.1152,8.5497,48.1827
15141,3357,3383,3214,3188,3818,3918,3585,3480,4856,5316,4233,3702,7231,9529,5318,3756,29.7,-10.5429,8.52297,47.9227
15142,3850,5209,9698,7198,3778,4353,5502,5008,3268,3599,3943,3774,3087,3288,3231,3301,-25.7607,10.4998,8.8359,48.058
15143,3307,3671,4218,4598,3440,4050,6092,7091,3485,3983,5965,6737,3283,3658,4205,4544,-0.447405,17.4935,8.76018,48.218
15144,9076,8605,4581,3570,5631,5263,4006,3412,4048,3807,3573,3259,3431,3513,3311,3131,-25.2523,-16.0665,8.88347,48.1447
15145,3392,3498,3516,3395,3779,4254,4568,3870,4117,6475,7276,4478,4119,5441,5784,4414,11.068,1.89675,8.70236,48.2507
15146,3236,3399,3312,3197,3662,3872,3839,3555,4234,5458,5093,4061,4912,8270,7616,4624,23.4319,-1.12466,8.7147,48.2267
15147,8115,5120,3881,3346,9467,5245,3818,3366,4868,4071,3476,3296,3700,3495,3398,3270,-12.8714,-27.07,8.94842,47.9547
15148,3329,3400,3314,3358,3567,3761,3712,3429,4627,5117,4591,3910,5546,9519,6680,4221,33.0314,-4.61049,8.69822,48.054
15149,11354,6821,4065,3422,6494,4948,3926,3301,4024,3837,3443,3321,3367,3415,3346,3087,-24.3837,-22.3874,8.52487,48.114
15150,3892,5056,6949,5309,3723,5087,7582,5344,3542,3863,4368,4009,3199,3430,3513,3486,-14.0932,7.43269,8.58403,48.2347
15151,10135,5750,3984,3402,7880,5224,3900,3316,4314,3919,3525,3302,3507,3446,3157,3105,-18.2253,-33.9103,8.52864,47.9107
15152,3440,3404,3178,3010,3948,3785,3471,3317,6106,4907,3915,3332,11805,6910,4141,3480,27.4046,-22.7707,8.67788,48.0993
15153,3380,3361,3204,3191,3934,3857,3417,3210,6045,4946,3759,3232,12293,6222,3878,3316,33.5495,-26.0254,8.7641,47.4967
15154,3446,4187,5760,6317,3469,4344,7060,7567,3272,3803,4592,4771,3196,3385,3683,3663,-10.9073,16.0624,8.99176,48.3433
15155,4335,4459,3937,3553,5615,7396,4621,3659,5230,6298,4321,3613,4071,4163,3729,3413,-1.83621,-10.3809,8.52856,48.2753
15156,3378,3405,3264,3086,3892,3807,3367,3277,6361,4625,3762,3346,12487,6079,3951,3437,26.4789,-29.6648,8.60731,47.6827
15157,3095,3275,3622,3584,3309,3632,4339,4711,3478,4153,6549,7960,3502,4132,5947,7127,13.0121,18.5443,8.72082,48.2767
15158,3336,3426,3269,3099,3915,3921,3605,3241,5287,5760,4304,3548,7637,9025,5042,3746,22.9382,-12.3482,8.7284,48.1073
15159,3063,3304,3374,3345,3288,3494,3840,3867,3535,4074,5504,5601,3661,4725,8658,8867,25.0199,15.3067,8.70321,48.1333
15160,3337,3557,4463,5811,3442,3809,5334,9837,3398,3525,4645,6680,3105,3364,3800,4082,-5.54304,27.7471,8.85589,48.126
15161,3319,3461,3219,3094,3916,3976,3593,3336,5512,5857,4199,3751,7450,8800,4913,3735,21.7363,-12.0626,8.6115,48.0873
15162,3665,4361,5012,4439,3868,5626,7739,4899,3587,4591,5518,4292,3501,3644,3883,3683,-5.53151,5.15774,8.84899,48.2053
15163,3216,3356,3388,3294,3339,3664,3777,3768,3869,4657,6004,4692,4020,6176,9187,5908,22.0892,6.14916,8.91946,48.21
15164,3118,3306,3433,3322,3189,3421,3772,4020,3363,3681,4722,6035,3413,3914,5995,12594,27.6326,31.1504,8.87609,47.532
15165,4406,6922,8195,5074,4093,5171,5693,4492,3490,3753,3831,3599,3183,3404,3443,3284,-21.4192,2.23322,8.54954,48.022
15166,5685,9422,6680,4262,4531,5438,4501,3750,3749,3892,3741,3328,3280,3240,3183,3191,-25.7042,-4.89369,8.85049,47.9153
15167,3398,3722,3930,3546,3788,4633,5462,4203,4028,5889,7654,4659,3764,4424,4812,4246,5.48023,3.94885,8.99602,48.1053
15168,5109,5877,4433,3737,5591,8045,4957,3756,4389,4901,3958,3347,3614,3728,3522,3478,-10.0971,-9.38355,8.55016,48.2947
15169,4132,6011,7410,5188,4009,5433,6687,4774,3550,3875,4024,3827,3253,3457,3574,3238,-16.9231,4.15348,8.95981,48.2947
15170,3243,3564,4073,3980,3425,4019,5540,5285,3585,4368,7580,6623,3482,3948,4848,4806,4.80968,12.8802,8.76179,48.246
15171,4791,4086,3660,3171,8308,4854,3788,3388,8189,5068,3790,3416,4811,3954,3589,3155,0.0301651,-28.5123,8.81251,48.012
15172,5180,4291,3559,3237,8469,5482,3804,3239,7324,5119,3746,3360,4507,4155,3478,3147,-2.08919,-23.0184,8.61511,48.0647
15173,8296,5117,3799,3292,9420,5164,3763,3514,4924,3985,3562,3356,3656,3608,3284,3215,-13.1414,-30.781,8.84817,47.97
15174,3229,3659,3875,3737,3490,4198,5606,4722,3676,4877,7970,5794,3526,4142,4995,4788,5.66491,10.169,8.63428,48.1893
15175,4063,4032,3500,3251,5699,5423,3870,3344,7473,6767,4145,3487,5182,4744,3929,3500,4.99743,-16.3474,8.74518,48.2727
15176,5604,8984,6145,4226,4644,5944,4811,3743,3641,3928,3791,3444,3307,3420,3301,3263,-21.6085,-5.67479,8.70545,48.1307
15177,3150,3328,3408,3369,3229,3476,3988,4300,3422,3827,4993,8105,3324,3833,5594,10233,17.9452,32.6025,8.92689,47.7193
15178,6670,6008,3985,3472,7728,6728,4252,3465,4666,4511,3759,3282,3735,3645,3360,3086,-12.0618,-17.1309,8.94027,48.2347
15179,4061,3977,3578,3266,5605,5249,3960,3412,7324,7025,4217,3447,5285,4835,3832,3451,5.11337,-16.0758,8.66397,48.3493
15180,3914,3705,3372,3191,5741,4394,3550,3229,9506,5666,3895,3309,6524,5009,3794,3347,8.7929,-23.9608,8.91798,48.0973
15181,4802,4338,3576,3245,7589,5271,3911,3358,7857,5332,3859,3319,4664,4285,3553,3188,-0.0801152,-22.3708,8.56506,48.098
15182,4488,6583,6436,4410,4326,6212,6170,4358,3720,4224,4080,3663,3387,3363,3373,3390,-15.8891,-0.131209,8.61587,48.122
15183,5441,7294,5236,3899,4868,7090,5172,3817,3943,4268,3925,3503,3442,3536,3491,3248,-15.3323,-6.08688,8.61722,48.1153
15184,3176,3302,3320,3349,3331,3571,3756,3586,3897,4530,5182,4435,4160,6450,9833,5851,29.4117,5.62996,8.89429,47.8193
15185,5339,4401,3483,3380,8744,5415,3789,3271,6965,4984,3633,3393,4379,4005,3488,3114,-3.46895,-24.2509,8.56797,47.8553
15186,4149,4271,3742,3476,5702,6371,4166,3458,6156,6829,4288,3527,4411,4495,3693,3363,1.24261,-13.0416,8.79521,48.0647
15187,4268,4619,3910,3515,5178,7421,4799,3598,5027,6317,4618,3661,3971,4165,3883,3369,-2.18992,-8.5299,8.78585,48.2127
15188,7911,5335,3840,3406,9020,5626,4005,3430,4918,4286,3550,3185,3767,3653,3277,3083,-13.1394,-24.1367,8.56077,48.1947
15189,3254,3512,3815,3750,3571,4125,5178,4459,3645,4807,8139,5744,3627,4266,5486,4780,7.78205,8.94079,8.6923,48.1053
15190,3465,3542,3148,3138,4624,4085,3465,3275,8896,5153,3783,3359,9051,5385,3855,3458,15.2315,-32.7111,8.93906,47.788
15191,3440,3970,5268,5721,3467,4178,7204,7661,3333,3779,4872,5005,3254,3425,3652,3842,-8.23475,16.1158,8.92016,48.0473
15192,4328,5294,4732,3801,4840,7690,5952,4089,4028,4908,4540,3734,3510,3716,3603,3384,-8.36403,-3.4523,8.8023,48.0993
15193,4182,6032,7244,4851,4150,5669,6729,4457,3572,4007,4188,3582,3283,3485,3552,3377,-16.3895,2.87499,8.8939,48.24
15194,3450,3493,3252,3163,3832,3842,3515,3198,5821,5206,4022,3437,9455,8334,4515,3471,26.0408,-16.7015,8.64851,48.004
15195,9811,6696,4077,3456,7159,5378,3880,3513,4316,4004,3569,3225,3514,3481,3176,3076,-19.6861,-21.3229,8.93485,48.2207
15196,3393,3923,5944,12411,3395,3743,4658,5960,3201,3504,3628,3754,3197,3300,3395,3505,-30.9941,30.4885,8.53319,47.274
15197,3258,3770,4471,4570,3533,4318,6964,6347,3552,4115,6142,5880,3266,3640,4191,4244,-1.67789,13.5784,8.73049,48.174
15198,3631,4760,8781,8416,3540,4176,5532,5531,3313,3526,3891,3850,3049,3119,3446,3476,-23.5505,14.4555,8.78413,48.0247
15199,8154,9571,4943,3686,5270,5196,4097,3507,3864,3903,3552,3342,3340,3343,3256,3165,-31.2632,-12.9227,8.84101,48.126
15200,5631,7290,5028,3839,5412,7248,4708,3730,4161,4288,3768,3349,3584,3479,3340,3219,-15.0543,-9.31218,8.69212,48.0493
15201,3293,3415,3293,3219,3669,3747,3660,3384,4587,5189,4565,4047,5523,9301,6907,4175,30.9463,-4.18755,8.64665,47.9827
15202,4033,5800,8122,5329,3874,5157,6522,4932,3490,3778,4014,3739,3263,3318,3421,3410,-18.3268,5.47702,8.76358,48.1347
15203,12491,6375,3979,3320,5900,4852,3693,3315,3990,3849,3368,3121,3429,3446,3254,3069,-31.89,-25.528,8.92105,47.634
15204,3330,3450,3239,3124,3884,3785,3445,3314,6081,4848,3825,3332,12124,6787,4029,3413,28.015,-23.8785,8.86768,48.0067
15205,7837,9383,4913,3664,5294,5561,4306,3617,3807,3918,3470,3397,3386,3372,3191,3105,-25.3386,-12.4874,8.73668,48.1473
15206,3226,3333,3333,3272,3543,3749,3700,3489,4186,5039,4881,4143,4915,8581,8162,4650,31.9697,-0.748696,8.92475,48.1347
15207,3366,4083,6816,10977,3411,3862,5122,6558,3130,3490,3876,4087,3086,3180,3358,3464,-22.4065,21.6788,8.9491,47.9107
15208,3802,4081,3802,3530,4600,6230,4812,3799,4783,7549,5408,3846,4151,4490,4109,3692,2.46305,-5.43996,8.97451,48.456
15209,3477,4031,5312,5496,3620,4113,7285,7494,3311,3840,4995,5171,3176,3465,3794,3852,-7.75821,15.9609,8.74541,48.288
15210,12743,6008,3956,3296,6017,4699,3753,3293,3868,3789,3462,3119,3382,3422,3322,3156,-30.0633,-28.9514,8.86895,47.5233
15211,5642,4558,3658,3302,9618,5264,3784,3325,6641,4543,3718,3317,4250,3877,3442,3189,-5.01024,-27.5598,8.58168,48.0853
15212,4420,3945,3472,3173,7355,4838,3587,3261,9307,5106,3730,3249,5158,4383,3651,3130,3.06409,-28.7753,8.85148,47.8433
15213,3132,3265,3397,3304,3175,3473,3727,3955,3385,3850,4778,5933,3381,3944,6179,12761,30.0162,27.2158,8.88816,47.7593
15214,3603,3552,3266,3064,4621,4060,3566,3137,8834,5228,3720,3361,9005,5389,3851,3388,15.241,-28.1416,8.83413,47.7633
15215,6479,5270,3919,3316,8680,6125,4036,3397,5291,4427,3631,3264,3870,3706,3413,3085,-9.93649,-20.695,8.61421,47.9393
15216,3494,3634,3467,3183,4048,4548,3936,3441,5321,7433,5158,3842,5233,6745,4964,3832,13.6999,-7.33017,8.69728,48.186
15217,3346,4073,6765,10244,3449,3863,5294,6873,3167,3473,4037,4083,3087,3246,3437,3344,-21.0275,21.4298,8.58063,47.854
15218,3813,3835,3383,3158,5987,4566,3746,3297,9673,5239,3759,3402,6072,4646,3681,3467,7.04296,-32.9418,8.63904,47.816
15219,4165,3893,3503,3157,6652,4637,3661,3334,9592,5141,3827,3258,5551,4548,3752,3392,4.73113,-30.7445,8.63555,48.042
15220,3554,4474,8110,8579,3502,4154,5670,5852,3167,3529,4056,4090,3082,3306,3505,3395,-22.4316,15.7265,8.61393,48.0167
15221,3389,3496,3165,3157,3830,3839,3349,3336,6037,4795,3780,3264,12787,5798,3828,3288,33.1306,-29.1516,8.98997,47.4253
15222,5379,5215,3853,3384,7572,7134,4098,3537,5273,5093,3808,3481,3982,3907,3509,3199,-6.73791,-16.1478,8.8062,48.2827
15223,3389,3318,3365,3113,3819,3932,3541,3197,5445,5271,4123,3493,8458,9156,4764,3564,33.7302,-13.7059,8.98445,47.9653
15224,3661,3640,3515,3290,4201,4702,3985,3569,5524,8261,4990,3736,5012,6002,4596,3775,10.1942,-8.54871,8.97738,48.306
15225,3277,3369,3246,3105,3733,3841,3632,3393,4655,5497,4428,3680,6441,9898,5935,4038,26.8157,-7.54651,8.76949,48.112
15226,6853,5856,3937,3356,7787,6743,4134,3483,4711,4528,3788,3304,3717,3640,3408,3035,-12.1153,-17.7631,8.75233,48.1867
15227,3321,4015,6227,12245,3383,3805,4872,6426,3212,3448,3787,3946,3063,3194,3408,3399,-26.1028,26.6713,8.90493,47.834
15228,3168,3421,3681,3814,3314,3575,4224,5093,3434,3841,5593,9029,3363,3946,5317,7555,11.6722,23.5244,8.74068,48.2453
15229,3290,3635,3860,4046,3329,4078,5618,5230,3498,4511,7574,6409,3435,3876,5017,4803,5.01206,12.4977,8.71121,48.1393
15230,3545,3616,3271,3084,4703,4189,3488,3292,9208,5205,3880,3377,8578,5340,3839,3408,14.0957,-33.7423,8.81675,48.0153
15231,3427,3375,3285,3062,3928,3728,3458,3228,5748,5031,3905,3407,10888,7683,4203,3429,30.4764,-19.5054,8.78911,47.8567
15232,9108,5950,4029,3452,8150,5476,3871,3408,4528,4173,3550,3165,3454,3547,3272,3042,-16.4205,-22.9667,8.55613,48.1167
15233,8318,5760,4009,3326,8537,5566,3909,3414,4693,4156,3647,3273,3640,3637,3175,3014,-14.5739,-22.2027,8.64792,48.0493
15234,4322,7051,8596,5040,3933,5022,5660,4365,3567,3631,3869,3609,3309,3479,3327,3251,-22.94,2.74999,8.95942,48.0207
15235,3556,3622,3324,3090,4546,4478,3714,3256,7130,7048,4308,3535,6445,6054,4234,3659,12.8375,-15.3178,8.61828,47.9993
15236,5495,9320,6942,4405,4582,5179,4630,3928,3587,3899,3779,3593,3454,3406,3237,3127,-30.2008,-4.00789,8.51952,48.3753
15237,3087,3208,3311,3366,3247,3381,3877,4069,3349,3887,4953,6786,3415,4120,6200,11888,23.2315,26.4031,8.78908,48.096
15238,7394,5241,3837,3279,9126,5848,3757,3389,5115,4370,3573,3229,3776,3596,3359,3164,-11.6385,-22.7328,8.93409,48.0353
15239,5956,9515,6140,4186,4685,5608,4514,3846,3705,3944,3632,3286,3321,3322,3354,3215,-25.2069,-6.79869,8.56976,48.1527
15240,5778,4994,3871,3421,8531,6632,4052,3456,5524,4831,3693,3340,4031,3745,3453,3281,-7.20532,-18.7435,8.76284,48.422
15241,3858,5084,8146,6008,3807,4703,6794,5529,3410,3787,4081,3957,3184,3308,3531,3371,-17.6513,9.51807,8.97391,48.372
15242,5375,4952,3795,3460,7844,6794,4103,3423,5779,5140,3776,3360,4031,3914,3478,3166,-6.0166,-16.9763,8.95598,48.26
15243,3212,3135,3343,3518,3149,3465,3717,3943,3420,3751,4707,6010,3443,3992,6221,12669,32.3211,27.921,8.84394,47.7967
15244,3411,3505,3376,3237,3731,4135,3802,3442,4913,6563,5246,3963,5276,7743,5778,3998,17.6758,-5.27413,8.5017,48.0793
15245,4060,3988,3628,3364,5272,5920,4104,3433,6216,7505,4534,3590,4632,4715,3845,3518,3.47039,-11.9322,8.78978,48.216
15246,3147,3441,3904,4236,3360,3662,4588,6740,3367,3641,5146,9789,3315,3571,4500,5701,4.98794,29.8172,8.88829,48.072
15247,3444,3369,3279,3185,4023,3666,3400,3195,6027,4723,3726,3320,12584,6118,3886,3308,29.7365,-29.7017,8.8548,47.502
15248,3346,3850,5359,9494,3388,3856,5058,8576,3320,3515,3982,4506,3109,3246,3477,3550,-15.9737,29.7258,8.73994,47.7547
15249,3435,3650,3934,3892,3707,4375,5839,4634,3707,5180,7812,5381,3518,4121,4856,4446,4.41971,7.85515,8.77265,48.3247
15250,3288,3363,3613,3509,3381,3881,4203,4274,3609,4612,7177,5847,3721,4702,7078,6144,14.9141,11.4429,8.50779,48.268
15251,3374,3425,3250,3039,4002,3715,3440,3200,6445,4928,3772,3451,11783,6632,4059,3474,24.4505,-23.7631,8.92603,47.9927
15252,3316,3451,3332,3068,3536,3711,3766,3606,4341,5525,5022,3986,5291,9156,7046,4420,24.4373,-3.77362,8.86681,48.382
15253,3055,3369,3330,3244,3472,3593,3715,3707,3803,4479,5228,4618,3997,6208,9964,6198,31.5788,6.79158,8.8363,47.9867
15254,3285,3539,3585,3527,3660,4311,4600,3979,4074,6002,7454,4707,4049,5086,6009,4525,11.0004,3.43987,8.71994,48.2613
15255,3781,4259,3869,3465,4546,6255,5079,3937,4648,7011,5467,3837,4016,4420,4051,3599,1.70134,-4.32945,8.7242,48.16
15256,3471,3422,3355,3162,4094,4083,3670,3372,5832,6268,4253,3597,7236,8301,4796,3616,19.5995,-12.9513,8.7913,48.352
15257,3072,3298,3247,3315,3344,3580,3811,3698,3826,4599,5665,4766,4112,5881,9664,6240,24.6289,7.73071,8.7948,48.0787
15258,11808,7005,4161,3453,6051,4868,4025,3388,3889,3901,3495,3181,3475,3233,3193,3015,-26.2474,-22.0244,8.89573,48.094
15259,4499,4847,4079,3620,5656,7783,4920,3661,4728,5798,4234,3460,3865,4003,3653,3375,-4.66691,-9.23188,8.73285,48.1207
15260,3472,3548,3644,3357,3932,4613,4427,3851,4565,7026,6529,4270,4461,5438,5172,4111,9.47031,-1.59343,8.64497,48.2773
15261,3434,3587,3728,3517,3684,4472,4939,3974,4055,6249,7527,4641,3978,4932,5412,4248,8.42048,2.84956,8.50516,48.2513
15262,5817,4977,3863,3373,8120,6634,4157,3383,5385,4889,3659,3359,3907,3763,3491,3232,-7.75605,-18.091,8.53933,48.006
15263,3936,4796,6509,4966,3903,5302,7771,5100,3444,3970,4624,4055,3244,3569,3636,3419,-12.2176,6.8215,8.72146,48.1627
15264,3085,3327,3388,3268,3342,3521,3953,3787,3503,4297,5339,5097,3635,5179,9823,7546,32.6028,11.2811,8.85098,48.06
15265,3198,3571,4479,5291,3340,3849,5354,8982,3325,3784,4784,7237,3169,3466,4003,4511,-2.85142,26.2442,8.80612,48.2287
15266,3305,3537,3494,3419,3600,4206,4239,3878,4292,6190,6799,4505,4202,5717,6262,4484,13.7591,1.5819,8.51111,48.086
15267,3166,3158,3317,3403,3272,3390,3897,3763,3404,3773,4786,6073,3275,3818,6013,12794,27.6007,31.5814,8.99005,47.5347
15268,3403,3251,3220,3106,3845,3882,3506,3223,5962,4651,3828,3465,12635,5929,3910,3366,31.3339,-33.0676,8.55503,47.4547
15269,3585,3616,3231,3141,4172,4392,3689,3418,6253,7474,4522,3599,6103,6897,4422,3700,13.8302,-12.4149,8.91273,48.1427
15270,3316,3916,5303,7429,3380,3873,5877,9044,3287,3617,4253,5131,3081,3368,3632,3770,-11.8061,22.9906,8.5133,48.1847
15271,4063,6025,9859,6239,3749,4378,5338,4669,3384,3693,3917,3685,3217,3246,3371,3281,-29.5643,7.12102,8.67872,48.076
15272,5380,9425,7163,4331,4341,5156,4694,3985,3554,3801,3645,3483,3346,3368,3390,3275,-32.2194,-3.47956,8.92769,48.2247
15273,3130,3265,3386,3346,3220,3401,3730,3944,3433,3854,4793,5987,3534,4087,7188,11479,28.0405,21.5986,8.79451,47.8513
15274,4472,7054,7823,4819,4076,5312,5724,4431,3632,3920,4047,3616,3248,3335,3306,3267,-20.4544,1.70799,8.51702,48.0547
15275,4698,4832,3907,3502,6387,7715,4453,3605,5001,5811,4030,3487,3991,3972,3590,3317,-4.5024,-12.507,8.86613,48.1987
15276,3443,4081,5957,8894,3451,3895,5655,7854,3172,3488,4037,4496,3110,3366,3545,3540,-16.7833,21.7112,8.65095,47.9893
15277,3347,3692,4860,6384,3342,3712,5330,10099,3351,3622,4375,5684,3147,3440,3757,3847,-8.81671,33.0509,8.97029,47.9927
15278,6101,5407,4004,3378,8099,6633,4057,3510,5173,4717,3679,3381,3778,3731,3315,3244,-9.19122,-17.8113,8.84246,48.138
15279,3503,3872,5927,12044,3421,3796,4981,6513,3251,3473,3862,3967,3125,3295,3344,3388,-24.4121,31.291,8.62616,47.8413
15280,8302,9303,4775,3556,5334,5204,4159,3545,3827,3726,3556,3285,3347,3477,3278,3102,-29.835,-13.4343,8.56053,47.8507
15281,3497,3355,3281,3134,3875,3826,3572,3333,5638,5057,4015,3447,10243,7980,4394,3451,29.1958,-18.6076,8.63965,48.0653
15282,3179,3365,3394,3355,3350,3478,3911,3780,3696,4523,5680,5012,3998,5577,9398,6597,23.5285,9.0623,8.7789,48.1953
15283,4040,5763,9877,6333,3710,4365,5157,4796,3363,3536,3801,3616,3159,3275,3418,3332,-31.7472,8.14097,8.60192,47.694
15284,4879,4191,3499,3190,8261,5084,3696,3311,8284,5028,3746,3377,4734,4079,3582,3166,-0.103282,-26.0805,8.94694,48.0713
15285,12466,6121,3935,3424,6304,4662,3836,3532,3995,3808,3469,3155,3407,3297,3255,3121,-25.7914,-29.468,8.87608,47.858
15286,3196,3229,3346,3288,3441,3695,3740,3563,4097,4697,5034,4276,4492,7709,8932,5157,30.6613,2.12411,8.97133,47.928
15287,3348,3356,3368,3146,3933,3686,3538,3164,5595,5114,3956,3416,9843,8487,4432,3466,31.42,-17.1984,8.98643,47.8987
15288,3021,3200,3388,3362,3227,3581,3959,4160,3494,4241,5671,5888,3529,4619,8201,8402,21.6472,14.7465,8.50525,47.962
15289,8301,9326,4839,3600,5145,5152,4148,3565,3688,3971,3624,3294,3366,3343,3313,3250,-31.9296,-13.4146,8.8304,47.95
15290,3241,3354,3249,3437,3314,3632,3767,3778,3634,4418,5253,4958,3755,5373,9852,6859,32.6048,9.65701,8.87032,47.916
15291,6182,5916,4104,3511,7240,7349,4293,3480,4783,4695,3695,3347,3663,3587,3431,3164,-11.142,-15.5144,8.60845,48.2933
15292,3139,3243,3395,3355,3182,3534,3744,4013,3405,3803,4711,6719,3400,3967,6069,12107,23.9627,27.3302,8.74636,47.8573
15293,3342,3819,5996,11991,3466,3968,4903,6552,3176,3513,3839,3892,3125,3271,3301,3392,-24.3512,31.4004,8.52964,47.6973
15294,3342,3449,3358,3207,3837,3724,3462,3450,5894,4649,3721,3416,12234,6045,3919,3397,31.3443,-33.1201,8.50836,47.4027
15295,3061,3332,3653,3782,3271,3535,4186,5258,3388,3740,5276,9591,3282,3851,5177,7902,12.1662,26.8209,8.56928,48.19
15296,4563,4075,3575,3290,7627,4911,3626,3320,8526,5096,3762,3304,4944,4346,3653,3306,1.43116,-33.7773,8.69222,47.9493
15297,3498,3920,3962,3861,3781,5110,6235,4440,3940,5450,7210,4528,3739,4181,4396,4090,1.70756,4.04209,8.88691,48.2273
15298,3891,5458,9624,6889,3696,4439,5453,5046,3342,3547,3850,3814,3132,3244,3382,3329,-25.7826,9.50625,8.54376,48.0907
15299,7663,5063,3724,3349,9511,5257,3808,3345,5204,4251,3664,3272,3619,3594,3338,3183,-11.8178,-29.5299,8.51129,47.8967
15300,3047,3204,3342,3400,3229,3500,3845,3990,3380,3831,4834,6163,3441,3948,6757,11913,26.6374,23.9624,8.67948,47.8827
15301,3252,3534,4138,4599,3265,3604,4942,8049,3363,3713,5070,8329,3352,3479,4246,5027,0.745576,25.6608,8.65805,47.9747
15302,3145,3238,3432,3355,3249,3343,3804,3846,3395,3824,4664,6006,3391,3813,5992,12556,30.0473,30.4859,8.60677,47.3687
15303,3804,3933,3923,3463,4280,5792,4764,3845,4776,7437,5666,3957,4148,4685,4282,3586,4.2281,-4.6351,8.68849,48.2273
15304,11350,6018,3949,3424,7009,4942,3814,3433,4139,3823,3395,3184,3415,3363,3227,3028,-21.5719,-26.7599,8.81985,47.6753
15305,5401,4464,3637,3274,9475,5073,3747,3368,7062,4652,3722,3264,4364,4024,3406,3177,-3.86817,-29.1366,8.8833,48.0733
15306,3553,3549,3265,3128,4453,3950,3520,3302,7557,5442,3840,3330,9533,6366,4087,3440,18.2277,-21.837,8.70589,48.21
15307,3180,3273,3355,3348,3350,3607,3821,3858,3698,4205,5266,5133,3742,5095,9546,7754,32.4879,12.1935,8.77237,48.154
15308,3116,3620,4100,4538,3358,3910,5644,7206,3472,3937,5997,7568,3257,3632,4235,4611,0.721119,19.0724,8.97028,48.134
15309,3342,3398,3318,3169,3920,3960,3599,3383,5615,5756,4255,3596,7637,8787,4816,3770,21.6392,-12.8574,8.55694,48.214
15310,3606,3725,3814,3488,4106,5013,4833,3880,4575,7202,6353,4105,4244,4989,4718,3911,6.81664,-1.6018,8.70086,48.3747
15311,5880,8693,5682,3900,4859,6459,4762,3860,3934,3965,3750,3505,3350,3445,3368,3181,-20.0306,-7.43907,8.60489,48.3953
15312,3136,3215,3473,3360,3206,3459,4000,4190,3404,3781,4885,7369,3352,3875,5886,11150,20.5307,31.0373,8.75263,47.8273
15313,5621,9633,6920,4167,4511,5133,4714,3843,3742,3843,3588,3356,3271,3328,3309,3229,-29.1528,-4.69804,8.76539,48.1387
15314,7599,9707,5259,3621,5053,5563,4191,3462,3852,3816,3503,3300,3367,3379,3136,3188,-25.4325,-11.3577,8.83677,47.9973
15315,3652,3536,3427,3143,4544,4427,3675,3367,7021,7240,4289,3641,6155,6011,4235,3564,12.5372,-14.536,8.7696,47.9513
15316,3378,3475,3391,3198,3816,4299,3990,3488,5050,7310,5218,3834,5381,7263,5188,3935,15.3462,-6.48111,8.83661,48.1427
15317,3374,3367,3155,3151,3942,3755,3387,3249,6406,4753,3728,3444,12365,6075,3850,3361,26.025,-29.0353,8.54365,47.5747
15318,3178,3493,3854,3964,3439,3827,5003,5257,3451,4400,7341,7076,3411,3998,5194,5235,7.49315,14.8221,8.62487,48.0807
15319,3277,3356,3521,3264,3521,3834,4019,3810,4025,4942,6567,4840,4054,5901,8278,5503,18.9267,5.64023,8.91461,48.4747
15320,4207,4056,3569,3258,5791,5447,3981,3421,7222,6731,4073,3492,4906,4686,3871,3433,3.84192,-16.3414,8.50011,48.096
15321,9243,6198,4013,3422,7729,5623,3994,3476,4475,4084,3569,3271,3454,3340,3348,3123,-17.4081,-21.6169,8.67834,48.2413
15322,3378,3312,3291,3090,3951,3663,3477,3214,6021,4859,3736,3241,12734,6623,3951,3370,31.0395,-24.5721,8.99344,47.9407
15323,3406,3345,3254,3132,3928,3804,3590,3277,5037,5206,4206,3524,7622,9555,5084,3687,30.1673,-11.7091,8.68214,47.7713
15324,3210,3281,3404,3232,3632,3841,3789,3543,4343,5530,5169,4090,5016,8467,7084,4467,22.9653,-2.20443,8.6688,48.0653
15325,3303,3348,3447,3190,3745,3798,3758,3505,4334,5012,4738,4041,5038,8828,7593,4525,32.8133,-1.83833,8.55089,48.1353
15326,3432,3703,4631,5291,3480,3989,5943,8666,3403,3739,4994,6200,3189,3426,3966,4312,-4.73983,20.5938,8.70096,48.2427
15327,4328,7066,9252,5481,3868,4866,5295,4312,3487,3692,3815,3635,3245,3321,3390,3295,-25.6514,3.61403,8.89893,48.232
15328,6747,4917,3761,3256,9953,5255,3882,3389,5424,4404,3682,3268,3804,3759,3452,3225,-9.28605,-33.3645,8.86432,48.1187
15329,3280,3618,4275,5076,3373,3789,5341,8665,3457,3808,5057,7250,3167,3438,4074,4644,-1.78417,24.248,8.71071,48.208
15330,3389,3487,3233,3191,4609,4046,3555,3194,8717,5210,3860,3386,9031,5462,3793,3437,15.7621,-33.0573,8.72326,47.7333
15331,3861,3909,3498,3232,5216,5251,3976,3403,6939,7607,4245,3705,4989,5027,4027,3433,6.15121,-13.8746,8.72051,48.212
15332,3532,3971,5241,5256,3571,4400,7552,6930,3339,3909,5071,5075,3219,3436,3906,3828,-7.56709,14.3605,8.71735,48.1573
15333,3434,3391,3185,3032,4208,3936,3467,3284,7455,4968,3819,3457,10773,5792,4058,3505,19.8126,-31.814,8.68635,47.8427
15334,3221,3329,3146,3121,3774,3813,3605,3362,5334,5302,4001,3590,8429,9081,5018,3694,28.4449,-14.0907,8.51656,47.88
15335,3402,3449,3132,3136,3924,3747,3470,3158,5696,4900,3813,3390,11509,7203,4054,3395,31.0442,-21.0685,8.97475,47.5853
15336,4199,4076,3635,3267,5943,6083,4088,3482,6506,6909,4315,3440,4655,4475,3796,3311,2.00707,-14.2043,8.77068,48.12
15337,3109,3219,3376,3455,3255,3450,3747,3882,3347,3721,4859,6020,3250,3974,6868,11913,30.2203,22.7998,8.80731,47.63
15338,3275,3922,6754,12047,3407,3743,4981,6022,3232,3401,3715,3996,3166,3312,3392,3355,-32.9189,23.4787,8.82766,47.8133
15339,9347,5375,3759,3368,8471,5127,3844,3395,4653,4046,3621,3249,3521,3596,3257,3212,-15.9548,-30.3194,8.6596,47.894
15340,3190,3371,3556,3506,3379,3605,4230,4341,3587,4091,6512,6605,3544,4378,7219,7294,16.7155,15.0393,8.6797,48.272
15341,4387,4060,3455,3298,7524,4869,3743,3343,9007,5181,3875,3368,5159,4352,3640,3196,2.2908,-26.5853,8.87121,48.3047
15342,3559,4666,8776,8884,3589,4006,5198,5410,3231,3456,3943,3942,3119,3372,3306,3283,-32.5317,15.2148,8.61162,47.8267
15343,3103,3241,3346,3623,3191,3516,3968,4563,3382,3863,5090,8365,3384,3841,5807,9759,16.9099,26.1247,8.90641,48.028
15344,11959,6024,3901,3338,6837,4808,3696,3317,4118,3796,3542,3274,3427,3354,3140,3105,-23.3302,-28.0549,8.90873,47.7573
15345,3433,3470,3285,3072,4395,4192,3618,3245,7611,5737,4020,3458,8619,6465,3992,3510,16.7965,-19.7486,8.66218,48.0813
15346,3446,3898,5587,9806,3393,3876,5123,8260,3297,3497,3978,4466,3108,3303,3497,3519,-16.9878,33.6234,8.6585,48.036
15347,3465,3962,5092,5529,3459,4231,6951,7979,3315,3754,4932,5442,3147,3409,3812,3974,-7.21014,16.8037,8.82889,48.302
15348,3232,3451,3868,3940,3318,3543,4523,6431,3295,3924,5173,9907,3289,3789,4683,6058,6.27711,31.3559,8.90912,48.2827
15349,4818,5881,4540,3729,5354,8152,5245,3784,4150,4845,4169,3524,3572,3720,3603,3222,-10.1742,-7.75744,8.86192,48.2053
15350,11638,5815,3926,3327,7172,4971,3783,3370,4151,3821,3474,3147,3422,3338,3062,3069,-21.4938,-32.0603,8.88993,47.6573
15351,3200,3423,3465,3386,3612,4108,4207,3705,4156,5723,6576,4515,4394,6047,6999,4767,16.0088,2.08081,8.57626,48.1887
15352,3449,4368,8090,10106,3415,3935,5164,5882,3335,3452,3821,3969,3154,3221,3461,3429,-26.0121,17.8393,8.8157,48.1673
15353,3157,3295,3329,3453,3205,3422,3777,3863,3378,3765,4903,6143,3314,3959,6724,12084,28.464,24.2699,8.75964,47.8473
15354,3360,3434,3217,3026,3975,3667,3396,3318,6145,4930,3838,3386,12175,6399,3952,3347,27.9172,-25.1824,8.91406,47.71
15355,6191,9788,5995,3998,4693,5185,4534,3764,3751,3933,3599,3305,3424,3317,3341,3329,-32.888,-7.31317,8.52961,48.098
15356,4257,4549,4057,3483,5476,7272,4650,3742,5061,6364,4471,3582,3991,4191,3691,3491,-2.02887,-9.17738,8.65572,48.2187
15357,3089,3418,3292,3425,3180,3383,3685,3880,3314,3720,4831,6138,3357,3873,6007,12506,28.5947,31.0332,8.64203,47.3987
15358,5768,9790,6482,4056,4627,5060,4580,3883,3611,3817,3663,3323,3376,3451,3325,3079,-32.0773,-5.39969,8.95575,47.9273
15359,3500,4153,6263,7289,3532,4188,6354,7645,3352,3669,4247,4583,3141,3293,3583,3471,-14.0962,17.787,8.86385,48.1753
15360,3267,3336,3586,3883,3344,3733,4299,5254,3367,3943,5255,9791,3430,3747,4845,7218,10.5422,31.4755,8.6946,48.1987
15361,3578,4579,7745,7604,3622,4240,6218,6411,3277,3602,4021,4200,3159,3316,3423,3304,-18.2364,14.5396,8.97245,48.1993
15362,3982,3933,3529,3286,4935,5613,4027,3574,6232,7780,4591,3696,4717,5052,4053,3543,5.51785,-11.7194,8.51239,48.362
15363,3162,3364,3678,3690,3376,3695,4538,4556,3449,4261,7139,7267,3483,4165,5823,6158,11.6125,15.3779,8.8556,47.8693
15364,6307,10221,6047,3997,4621,5262,4357,3668,3578,3805,3633,3454,3227,3332,3266,3110,-29.9017,-7.35639,8.94494,47.9233
15365,3422,4395,7822,10760,3349,3981,5090,5694,3149,3484,3756,3923,3129,3177,3439,3451,-31.8467,19.5413,8.86773,48.014
15366,5256,8395,6923,4347,4306,5698,5058,3984,3837,3807,3755,3535,3255,3416,3302,3282,-21.5373,-2.80823,8.69846,48.104
15367,3436,3271,3280,3042,3859,3799,3626,3336,5533,5137,4167,3628,8643,9053,4734,3630,28.3754,-14.1954,8.66167,48.116
15368,3439,3606,3706,3643,3644,4409,5019,4002,4107,6103,7649,4752,3843,4563,5296,4259,7.66094,3.2805,8.83553,48.0267
15369,3381,3568,4084,4294,3383,3957,5570,6462,3450,4095,6348,7551,3338,3693,4556,4900,2.74401,18.0858,8.76402,48.42
15370,3925,3742,3438,3134,5664,4567,3728,3297,9240,5993,3989,3308,6143,4838,3808,3415,7.8656,-21.7261,8.663,48.1527
15371,3233,3544,4136,4397,3366,3869,5429,6788,3427,3819,5946,7797,3263,3573,4343,4824,1.59487,19.5119,8.69097,47.836
15372,3126,3240,3522,3707,3216,3561,4050,4696,3390,3772,5563,8656,3372,3820,5702,8851,15.499,23.7227,8.78439,48.1627
15373,3959,4527,4049,3626,4718,7009,5413,3901,4532,6312,4921,3857,3813,4128,3971,3596,-1.619,-4.67605,8.68038,48.2213
15374,3399,3480,3399,3256,3913,4085,3696,3372,5187,6466,4585,3638,6112,8250,5220,3935,18.428,-8.86352,8.69948,47.9953
15375,3204,3345,3344,3146,3625,3814,3600,3412,4614,5597,4659,3775,5926,9729,6223,4086,25.208,-6.03218,8.81082,48.066
15376,3303,3451,3561,3438,3768,3940,4388,3856,4022,5810,7201,4875,4014,5229,6617,4734,13.2377,3.9506,8.53893,48.138
15377,3153,3446,3780,4019,3293,3796,4868,5832,3405,3980,6304,8612,3440,3771,4812,5776,6.65747,19.9692,8.82931,48.1913
15378,10553,7867,4283,3462,5654,4952,3962,3330,3953,3892,3501,3312,3210,3337,3209,3139,-32.0884,-18.6211,8.87658,47.744
15379,3335,3981,6920,11441,3445,3884,4962,5921,3098,3421,3747,3955,3240,3247,3352,3479,-33.3762,22.4356,8.50355,47.6187
15380,3598,3529,3314,3263,4380,4238,3629,3367,6288,6732,4372,3481,6928,7222,4420,3647,16.2084,-13.6024,8.78789,48.272
15381,8051,9642,4919,3623,5065,5221,4253,3661,3892,3757,3595,3262,3258,3415,3254,3061,-30.1499,-12.7264,8.81469,47.9527
15382,4823,5246,3951,3502,5990,7855,4641,3683,4799,5557,4100,3556,3922,3952,3642,3259,-6.15552,-10.6585,8.59006,48.3187
15383,3387,3786,4035,3732,3629,4470,6031,4615,3785,5124,7577,5228,3618,4159,4699,4263,3.67463,7.39794,8.56239,48.092
15384,3672,3466,3266,3209,4579,4191,3705,3262,7749,6383,4152,3399,7588,6198,4145,3505,14.0905,-18.6667,8.86577,48.3127
15385,3304,3371,3331,3314,3611,3955,3864,3624,4395,5690,5624,4358,4697,7575,7124,4696,19.5054,-0.239167,8.93282,48.3553
15386,3070,3258,3385,3488,3135,3445,4047,4241,3367,3849,5476,7021,3526,4089,6658,9914,19.8193,20.8045,8.60206,47.9793
15387,3446,3553,3219,3046,4056,4127,3746,3375,6349,6411,4235,3466,7396,7461,4466,3582,17.4624,-14.8447,8.66731,47.956
15388,3982,3859,3379,3138,5975,4455,3622,3245,9661,5402,3927,3291,6220,4760,3790,3408,7.14084,-26.0889,8.54027,48.076
15389,3365,3661,4498,4451,3576,4439,7222,6001,3529,4325,6189,5384,3321,3795,4058,4208,-1.9543,12.036,8.64911,48.0147
15390,3426,3884,5423,6125,3457,4163,6989,7909,3243,3754,4609,4965,3283,3432,3766,3724,-10.0541,17.0918,8.7368,48.1013
15391,3328,3362,3174,3088,3947,3748,3397,3192,6178,4809,3795,3374,12293,6572,4032,3328,27.3337,-25.2657,8.73146,47.7447
15392,3246,3487,3580,3567,3469,3860,4474,4255,3588,4907,7844,5719,3859,4629,6617,5489,12.5404,9.85797,8.97782,48.3933
15393,3272,3324,3384,3188,3803,3782,3513,3420,5036,5144,4169,3590,7737,9612,5009,3771,30.9195,-11.766,8.63511,47.836
15394,3141,3171,3365,3319,3429,3587,3712,3729,3626,4319,5151,4910,3684,5182,9902,7595,29.4997,11.2185,8.91776,47.8813
15395,3241,3423,3524,3462,3448,3821,4229,4043,3782,4706,7443,5678,3771,4750,7171,5678,14.5499,9.76418,8.67216,48.1133
15396,3289,3520,3814,3677,3522,4167,5124,4341,3748,5027,8385,5662,3647,4244,5487,4707,7.99318,8.79881,8.92248,48.2407
15397,5614,6793,4641,3777,5732,7660,4796,3668,4228,4622,3678,3344,3516,3691,3415,3174,-13.1264,-10.2696,8.60837,48.2327
15398,3173,3245,3487,3300,3266,3610,3813,3796,3834,4259,5202,4818,3905,5609,9881,6919,30.0582,9.52227,8.85634,48.078
15399,4681,6170,4966,3974,4814,7818,5859,3973,3995,4568,4149,3615,3451,3647,3458,3284,-11.6517,-4.22824,8.99299,48.2813
15400,4122,5758,8063,5543,3810,4958,6589,4838,3420,3841,4119,3866,3226,3254,3396,3403,-18.0927,5.76144,8.70938,48.1373
15401,3239,3241,3459,3356,3312,3402,3756,3936,3408,3760,4649,5916,3478,3816,5968,12647,31.1018,31.2141,8.50116,47.562
15402,3401,3919,5031,6511,3377,3900,5788,9491,3234,3645,4492,5616,3097,3397,3703,3879,-8.75735,22.9876,8.83926,48.3207
15403,3407,3876,5007,6484,3461,3963,6205,9003,3269,3638,4490,5584,3167,3381,3703,3833,-8.99401,21.2133,8.90559,48.314
15404,6369,10020,5979,3982,4790,5228,4393,3689,3691,3883,3642,3379,3230,3515,3325,3211,-29.7562,-7.75812,8.71365,48.2173
15405,3487,3899,6250,12830,3242,3781,4695,6137,3197,3410,3776,3846,3150,3236,3363,3331,-28.47,27.8325,8.99867,47.7533
15406,3306,3722,4550,4830,3408,4189,6317,7065,3417,4013,5858,6347,3264,3593,4159,4355,-1.99018,16.5611,8.60535,48.262
15407,8138,5276,3829,3281,9239,5544,3923,3345,4847,4217,3584,3324,3722,3542,3314,2997,-13.3023,-24.0865,8.83689,48.0813
15408,11313,5839,4000,3360,7347,4869,3815,3424,4233,3821,3477,3245,3401,3419,3234,3166,-21.0779,-28.8397,8.59967,47.9753
15409,4140,3982,3459,3360,7080,4621,3700,3270,9276,5117,3825,3281,5445,4482,3494,3279,3.80248,-31.5172,8.96038,47.874
15410,4006,3713,3364,3122,5939,4473,3677,3325,9503,5473,3811,3381,6284,4894,3807,3242,8.05759,-24.9469,8.51565,48.0093
15411,3332,3436,3499,3317,3846,4053,3855,3483,4842,6581,5321,4112,5054,7865,5800,4135,17.2975,-4.6195,8.56308,48.354
15412,3239,3553,4039,4605,3289,3794,4835,8028,3259,3689,5007,8599,3296,3499,4209,4946,1.05901,31.0833,8.55381,47.924
15413,3213,3531,4021,4464,3409,3658,4762,7265,3410,3823,5063,9008,3215,3469,4485,5390,2.87359,29.1421,8.69293,48.124
15414,3106,3217,3432,3415,3297,3566,3879,3989,3403,4079,5098,5598,3475,4327,8253,9815,33.9762,17.2281,8.92599,47.966
15415,4062,3810,3451,3145,6338,4556,3671,3331,9554,5253,3904,3516,6042,4513,3693,3383,6.38889,-28.1315,8.68237,48.148
15416,3318,3794,4798,5082,3515,4092,6819,7615,3499,3855,5421,5964,3246,3495,3951,4181,-4.48948,17.0547,8.50454,48.43
15417,3562,3802,3709,3437,4140,5206,4518,3729,4896,7943,5897,3938,4231,5221,4537,3889,7.11077,-4.55263,8.8904,48.4367
15418,3384,3831,5250,8200,3364,3848,5446,9001,3232,3497,4217,4900,3167,3298,3633,3612,-13.4047,27.0717,8.51823,47.92
15419,3493,3409,3204,3179,4048,4041,3582,3327,5981,5925,4069,3687,8040,8050,4620,3656,19.9435,-14.6377,8.58164,48.2073
15420,3086,3191,3414,3381,3249,3483,3951,4135,3354,3900,5227,6544,3522,4102,7029,10468,22.1457,20.491,8.78512,48.024
15421,12484,5967,3956,3428,6275,4801,3756,3347,3960,3698,3411,3272,3349,3323,3209,3191,-26.6043,-32.1955,8.81221,47.618
15422,10798,5790,3890,3276,7691,4957,3795,3359,4349,3889,3406,3243,3423,3447,3213,3155,-19.5368,-30.3782,8.76549,47.7873
15423,3326,3623,3626,3468,3687,4384,4580,3917,4079,6253,7629,4721,3976,5058,5720,4415,9.90457,2.84371,8.78539,48.308
15424,3294,3275,3291,3080,3749,3879,3526,3288,5239,5532,4288,3607,7691,9437,5110,3696,24.2559,-12.1281,8.97893,47.988
15425,3105,3202,3294,3334,3347,3431,3865,3867,3615,4079,5276,5313,3664,4954,9203,8656,26.973,13.9133,8.75124,48.1367
15426,4078,3944,3578,3210,5477,5375,3830,3392,7253,7222,4172,3561,5202,4849,3906,3502,5.02177,-15.3845,8.65679,48.3673
15427,3245,3315,3396,3411,3415,3759,3940,3826,3770,4783,6245,5008,4014,5776,8606,5928,19.8969,6.97473,8.73202,48.2913
15428,4896,7518,6594,4416,4417,6241,5567,4042,3654,4108,3882,3590,3329,3488,3445,3258,-18.2242,-2.24093,8.70399,48.2967
15429,7291,6206,4170,3467,7459,6482,4101,3418,4523,4191,3741,3303,3522,3527,3436,2967,-14.4652,-17.0692,8.66059,47.8693
15430,3506,3484,3293,3190,4746,4131,3587,3282,8994,5001,3853,3427,8980,5289,3954,3370,15.0787,-30.5999,8.78489,48.058
15431,11793,5967,3903,3434,6982,4906,3729,3404,4022,3778,3348,3224,3408,3373,3152,3072,-22.0064,-31.7714,8.99316,47.6633
15432,3310,3370,3307,3273,3329,3647,3826,3845,3575,4274,5211,4926,3890,5493,9967,6752,31.1059,9.34533,8.66199,47.9967
15433,3185,3268,3394,3444,3194,3321,3877,3959,3334,3914,4907,5861,3388,4050,6989,11617,33.8813,21.7807,8.72116,47.8013
15434,3510,3381,3273,3037,3926,3806,3465,3209,5792,4970,4012,3348,10742,7628,4177,3445,32.3462,-19.8294,8.62209,47.814
15435,3364,3450,3429,3433,3843,4415,4362,3763,4367,6535,6852,4457,4135,5633,5850,4321,11.8148,0.773503,8.75503,48.1393
15436,3428,3456,3360,3260,3632,4062,3941,3506,4459,6503,5637,4111,4830,7536,6237,4220,17.4422,-2.70047,8.76391,48.1187
15437,9619,8577,4546,3540,5576,5284,4019,3510,3936,3837,3554,3336,3313,3375,3270,3162,-27.7441,-16.6918,8.7596,48.3027
15438,3184,3269,3352,3400,3166,3472,3895,4082,3403,3866,4810,7277,3451,3962,5793,11041,21.0121,32.0635,8.57969,47.6153
15439,3246,3400,3507,3386,3289,3620,4141,4110,3644,4377,6740,6109,3731,4570,7699,6740,16.9606,12.7035,8.79112,48.206
15440,4905,8133,8197,4744,4246,5162,5021,4196,3557,3790,3739,3500,3207,3290,3265,3128,-25.7088,-0.104407,8.89973,48.0533
15441,3107,3316,3656,3810,3269,3701,4261,5253,3344,3859,5604,9396,3293,3819,5167,7405,11.1673,24.6216,8.64643,48.1733
15442,4587,6296,5490,4151,4541,7361,6025,4129,3887,4458,4133,3589,3352,3647,3589,3341,-12.4766,-2.79692,8.91701,48.384
15443,3359,3412,3416,3274,3741,3871,3812,3439,4592,5941,5070,3895,5335,8643,6446,4249,20.896,-4.46528,8.59791,48.33
15444,3136,3216,3334,3348,3319,3401,3703,3913,3415,3728,4705,5968,3387,3946,6141,12606,29.6036,27.3974,8.79654,47.5107
15445,3353,3575,4399,5001,3385,3848,5364,8574,3342,3768,5034,7539,3184,3511,4045,4593,-1.69382,23.8792,8.81442,48.3433
15446,3563,3908,5615,10260,3370,3865,5061,7791,3235,3590,3954,4185,3136,3208,3406,3445,-18.7118,33.7285,8.59255,47.728
15447,3556,4046,3966,3656,4067,5308,5485,4158,4195,6369,6584,4158,3964,4468,4502,3962,3.22004,0.549583,8.87466,48.296
15448,3168,3412,3713,3912,3256,3757,4518,5540,3333,3918,5893,9327,3292,3834,4876,6527,9.1102,22.3237,8.84987,48.184
15449,4134,4465,3949,3583,4907,6916,4787,3702,5035,6936,4782,3806,3970,4259,3797,3404,-0.528084,-7.56723,8.60617,48.288
15450,3252,3974,6055,12781,3382,3807,4648,5879,3249,3500,3727,3747,3267,3208,3406,3323,-30.4106,33.0194,8.70097,47.47
15451,3107,3472,4047,4354,3307,3745,4632,7030,3435,3890,5026,9238,3246,3584,4452,5411,3.58246,32.457,8.52928,47.984
15452,4251,6605,9498,5628,3906,4684,5324,4534,3424,3688,3790,3735,3234,3255,3372,3394,-25.6579,4.95115,8.92986,48.2147
15453,3012,3206,3370,3407,3374,3612,3887,3728,3430,3967,5237,5460,3496,4640,8930,9116,28.7917,15.2311,8.87328,47.9147
15454,12549,6077,3860,3391,6193,4712,3790,3399,4060,3776,3392,3175,3444,3260,3204,3211,-30.0358,-29.2091,8.79369,47.662
15455,3175,3229,3370,3475,3274,3540,3856,3810,3461,3904,5135,5339,3436,4588,8684,9821,29.8668,16.4756,8.90386,48.0647
15456,3128,3234,3319,3376,3233,3486,3926,3905,3474,3884,5056,5605,3534,4415,8109,10106,29.8766,17.8843,8.77958,47.86
15457,3184,3373,3477,3416,3501,3756,4301,4071,3655,4857,7361,5318,3894,5002,7368,5599,15.4234,8.79195,8.91417,48.0887
15458,3932,5416,9860,6708,3673,4459,5135,5049,3392,3601,3908,3766,3241,3332,3388,3333,-33.3046,9.44361,8.71795,48.1287
15459,3445,3812,5186,7113,3326,3891,5671,9450,3199,3557,4218,5104,3158,3376,3726,3693,-11.276,22.8314,8.88314,47.95
15460,3314,4015,5802,6775,3453,4111,6576,8176,3332,3694,4389,4854,3277,3319,3640,3748,-12.0424,18.0679,8.86374,48.3167
15461,6483,4861,3719,3243,9709,5597,3833,3347,6059,4483,3675,3201,3889,3782,3347,3134,-7.77493,-25.0379,8.85678,48.2413
15462,12359,5946,3933,3400,5910,4628,3769,3424,3920,3823,3506,3389,3452,3396,3246,3160,-31.4672,-31.8438,8.54741,47.5073
15463,3347,3864,5888,12347,3411,3867,4718,5979,3234,3388,3687,3911,3171,3233,3498,3319,-30.7901,32.5377,8.59552,47.2413
15464,4176,3739,3449,3164,6302,4528,3633,3340,9571,5475,3783,3446,5858,4617,3711,3250,6.1953,-25.2191,8.60725,48.028
15465,3372,3467,3311,3177,3569,3754,3627,3551,4538,5161,4605,3803,5889,9791,6479,4037,31.4274,-5.72993,8.72558,48.0873
15466,3574,4221,6170,6006,3701,4303,7419,6937,3396,3777,4508,4553,3169,3430,3526,3571,-12.1897,14.0148,8.82697,48.174
15467,3461,4155,6818,9681,3416,3947,5558,6842,3275,3542,3936,4141,3007,3286,3412,3451,-20.1879,20.0509,8.52841,47.952
15468,8896,8863,4630,3552,5479,5198,4063,3510,3854,3921,3550,3380,3312,3330,3210,3148,-33.0106,-15.0246,8.96296,47.9307
15469,3176,3258,3502,3369,3195,3419,3956,4161,3256,3803,4932,7279,3438,3797,6140,11451,20.9513,25.7366,8.9866,48.088
15470,3427,3983,5940,11479,3454,3673,4937,6964,3234,3530,3949,4167,2989,3308,3370,3435,-22.3822,26.5757,8.68396,47.8927
15471,5002,8756,7633,4458,4164,5075,4856,4089,3593,3729,3740,3615,3330,3330,3348,3188,-29.7622,-1.88817,8.81501,47.9373
15472,3896,3763,3327,3205,6052,4551,3643,3233,10033,5282,3716,3404,6166,4737,3624,3442,7.37214,-32.1671,8.93743,48.0493
15473,4438,5699,5096,4159,4580,7415,6272,4130,3924,4699,4412,3761,3463,3712,3452,3319,-10.0447,-2.19469,8.84909,48.354
15474,4290,4897,4589,3795,4473,7395,6247,4173,4018,4895,4703,3828,3563,3799,3648,3422,-6.80719,-2.47529,8.6011,47.8233
15475,10267,5862,3876,3235,8029,5286,3899,3427,4425,4011,3470,3074,3537,3434,3251,3122,-18.1768,-25.5776,8.98375,48.1367
15476,3112,3227,3411,3449,3267,3456,3888,3860,3494,3988,5105,5267,3592,4602,9042,9301,29.9453,15.4639,8.85075,48.0407
15477,4243,6156,7135,4804,4034,5669,6632,4536,3583,4055,4005,3739,3279,3484,3509,3360,-16.4955,2.72052,8.79749,48.1487
15478,3546,3930,4184,3855,3884,4989,6359,4517,3854,5369,6865,4632,3714,4068,4491,3958,0.941437,4.41463,8.59609,48.1433
15479,4104,3903,3458,3219,6192,4601,3704,3222,9303,5562,3785,3351,5926,4660,3777,3338,6.48513,-24.5309,8.54586,48.07
15480,4987,4377,3610,3315,8268,5552,3788,3462,7145,5176,3861,3404,4578,4221,3593,3213,-1.7891,-22.1986,8.56209,48.3667
15481,3063,3161,3378,3371,3238,3499,3805,3985,3575,4122,5241,5290,3568,4873,9279,8615,28.8568,14.0447,8.67073,48.042
15482,5837,4512,3668,3309,9546,5172,3789,3355,6609,4683,3668,3315,4178,3913,3369,3168,-5.36623,-28.4514,8.57274,48.0607
15483,6954,5158,3816,3303,9285,5560,3950,3462,5299,4387,3648,3232,3743,3813,3340,3147,-10.2479,-23.6572,8.51154,48.0647
15484,3120,3287,3572,3693,3343,3639,4094,5019,3299,3707,5200,9567,3337,3871,5125,7869,12.3081,30.4838,8.8962,47.828
15485,3468,3452,3220,3081,3954,3876,3519,3190,6109,4840,3932,3310,12162,6448,3997,3321,33.6823,-24.5253,8.60163,47.9193
15486,4057,4133,3590,3286,5593,5694,3997,3473,6693,7293,4323,3521,4838,4820,3842,3378,4.13899,-13.9495,8.55975,48.354
15487,3062,3266,3409,3458,3331,3576,3938,3814,3588,4161,5287,5243,3711,5154,9346,7952,25.722,12.4591,8.7148,48.1973
15488,12548,6054,3881,3413,6100,4765,3720,3355,4049,3712,3470,3226,3404,3393,3258,3104,-30.6726,-28.8589,8.71215,47.6347
15489,3701,4170,4426,3999,3803,5600,7033,4629,3859,5039,6253,4432,3610,3894,4180,3752,-1.98489,3.92236,8.67875,48.2533
15490,4138,5794,7497,4997,4016,5567,6776,4754,3628,3781,4107,3869,3250,3415,3467,3367,-16.5742,3.99476,8.65235,48.282
15491,3292,3572,4019,4331,3361,3796,5418,6324,3469,4013,6476,7756,3250,3713,4659,5067,3.35774,18.3321,8.75913,48.344
15492,3087,3328,3470,3677,3229,3678,4217,4714,3291,4044,5527,8821,3339,3810,5536,8325,14.1061,23.2834,8.81002,48.062
15493,3388,3683,3828,3573,3727,4606,5165,4218,4002,6045,7966,4768,3760,4569,5179,4222,6.58288,3.91441,8.98701,48.466
15494,3709,3730,3527,3202,4653,4869,3872,3378,6717,7753,4479,3559,5569,5689,4134,3581,9.47485,-13.2809,8.78174,48.2807
15495,3312,3396,3379,3234,3680,3805,3546,3256,4876,5357,4432,3649,6748,9988,5673,3872,28.4554,-8.77452,8.88445,48.1353
15496,4936,6069,4523,3676,5538,8070,5129,3780,4337,4958,3946,3471,3539,3687,3527,3372,-10.1062,-8.5304,8.54156,48.372
15497,3047,3329,3556,3433,3279,3460,3977,4676,3405,3886,5273,8977,3307,3795,5305,9183,15.2066,30.3548,8.88791,47.9253
15498,7286,5643,3988,3407,8372,6115,4011,3407,4850,4387,3676,3196,3662,3687,3277,3077,-12.599,-19.668,8.5203,48.0273
15499,3782,3713,3458,3235,4974,4773,3841,3426,7325,7381,4166,3491,5582,5277,3984,3516,8.63241,-15.558,8.75672,47.9493
15500,3208,3556,4213,4860,3244,3742,4913,8242,3271,3749,4848,8307,3255,3439,4162,4886,0.040167,29.0889,8.89399,47.93
15501,3419,4147,7073,11194,3326,3781,4946,5779,3285,3564,3868,3950,3115,3223,3368,3494,-33.8919,21.317,8.62814,47.688
15502,3201,3565,3556,3357,3687,4205,4538,3885,3996,5671,7531,4791,3896,5235,6512,4821,13.0154,4.6014,8.74638,48.298
15503,3712,5025,8555,6583,3647,4409,6503,5473,3490,3697,4065,4009,3150,3284,3399,3331,-19.3347,10.8188,8.89606,48.2213
15504,3065,3246,3363,3339,3238,3453,3674,3899,3408,3802,4616,6183,3446,4032,5880,12638,26.7005,32.2716,8.96953,47.5213
15505,3233,3264,3360,3477,3464,3764,4038,3847,3711,4771,6677,5190,3953,5517,8299,5717,18.1657,7.52661,8.67062,48.188
15506,3251,3275,3346,3226,3628,3812,3584,3608,4196,4976,4877,4124,4932,8273,8006,4726,32.0967,-0.48945,8.60553,47.8933
15507,3368,3301,3290,3043,4103,3982,3458,3242,7213,5232,4048,3379,10523,6584,4141,3525,20.7524,-22.0329,8.8135,48.288
15508,3277,3510,3888,3930,3390,3884,5464,4991,3582,4471,7822,6389,3639,4058,5097,4817,6.30274,12.2517,8.72838,48.1393
15509,3567,4592,8674,9618,3380,4055,5300,5724,3248,3516,3930,3894,3081,3272,3391,3422,-27.4674,16.0662,8.87196,48.4427
15510,5413,4466,3777,3286,8767,5647,3754,3259,6852,4954,3780,3329,4344,3994,3436,3237,-3.66411,-22.6031,8.83,48.1967
15511,3113,3276,3700,3730,3345,3500,4183,5035,3357,3863,5432,9671,3315,3786,5094,7800,11.8994,26.2859,8.73627,48.1333
15512,3179,3209,3409,3422,3255,3495,3903,3806,3544,4028,5106,5229,3567,4702,8942,8943,30.5813,15.1656,8.59587,47.826
15513,3832,4627,4736,4119,4234,6569,7233,4450,3956,4883,5156,3952,3537,3772,3805,3554,-5.83709,1.18316,8.83186,48.2767
15514,3167,3267,3541,3669,3204,3458,4098,4696,3472,3889,5310,9215,3442,3791,5189,8300,13.397,32.0523,8.52578,47.8053
15515,3603,3628,3358,3176,4544,4362,3576,3347,7238,6887,4200,3420,6441,6255,4187,3484,13.1178,-15.8017,8.89525,47.804
15516,9364,5903,3891,3497,8230,5381,3819,3378,4541,4043,3569,3320,3559,3573,3317,3076,-16.676,-24.1666,8.5684,48.3073
15517,3730,4812,7738,6194,3616,4707,7077,5642,3389,3770,4157,3976,3127,3325,3506,3393,-16.6489,10.5305,8.74569,48.106
15518,4835,4226,3632,3250,7898,5496,3830,3376,7414,5391,3752,3242,4593,4275,3478,3256,-0.540012,-21.5933,8.62512,47.9627
15519,3318,3675,4585,5000,3554,4044,6280,7982,3407,3910,5309,6521,3150,3441,4058,4280,-2.91034,18.858,8.95477,48.3427
15520,3979,4304,4014,3541,4604,6805,5390,4048,4381,6360,5083,3839,3810,4179,4058,3645,-0.98364,-4.12467,8.89563,48.0267
15521,6571,4724,3806,3346,10170,5164,3774,3351,5877,4420,3559,3253,3992,3672,3339,3178,-8.12999,-28.2511,8.81813,48.1307
15522,6293,9444,6129,3950,4754,5500,4484,3784,3783,3874,3708,3432,3261,3347,3291,3199,-25.1741,-6.88196,8.72087,48.1553
15523,3387,3409,3318,3131,3953,3711,3386,3141,6134,4818,3815,3306,12176,6577,4075,3334,27.1641,-24.1335,8.89575,47.7807
15524,3605,3762,3373,3204,4519,4715,3758,3350,6856,7713,4460,3474,5905,5940,4282,3474,10.8396,-13.5043,8.76418,48.26
15525,3204,3231,3383,3386,3319,3519,3910,3870,3480,4029,5331,5434,3567,4780,9164,8522,33.8479,14.4072,8.70116,48.086
15526,3216,3326,3533,3355,3445,3628,4019,3857,3732,4585,6462,5001,3937,5382,8638,6161,19.7112,8.67346,8.67692,48.1847
15527,3294,3569,4149,4669,3347,3744,4822,8261,3444,3764,4915,8413,3243,3474,4181,4779,0.377626,31.0207,8.91775,48.0453
15528,3809,5598,9856,7063,3638,4216,5381,4991,3221,3621,3879,3779,3087,3355,3341,3305,-26.2664,10.0805,8.99299,48.0933
15529,3933,4492,4422,3757,4378,6861,5913,4039,4230,5782,5146,3904,3800,4094,3953,3534,-3.03438,-2.39683,8.59354,48.1587
15530,4065,4760,4434,3784,4603,7635,5989,4056,4194,5370,4764,3693,3730,3949,3854,3552,-4.85814,-3.43449,8.69094,48.288
15531,3509,3794,3711,3573,3965,5121,5214,4108,4104,6509,7118,4501,3828,4643,4790,3964,5.22849,1.23854,8.86294,48.3013
15532,3424,3382,3357,3163,3809,3703,3468,3296,5927,4828,3707,3343,12645,5992,3979,3440,31.5668,-33.7894,8.58829,47.642
15533,3179,3417,3866,4133,3309,3672,4671,6650,3404,3820,5302,9460,3231,3725,4441,5749,4.95934,31.6154,8.68171,48.0193
15534,3500,3552,3339,3161,4376,4068,3644,3278,7221,6245,3949,3469,8089,6826,4084,3496,16.6385,-17.6953,8.96115,48.198
15535,3399,3410,3152,3211,4036,3763,3417,3336,6023,4779,3709,3333,12519,6209,3939,3436,32.0384,-26.621,8.51524,47.7807
15536,3321,3312,3226,3188,3817,3834,3521,3347,4964,5246,4448,3569,7164,9786,5442,3732,30.0715,-10.5176,8.74994,47.9447
15537,3442,3808,3830,3610,3767,4544,4896,4121,4139,6103,7322,4637,3932,4713,5154,4326,7.74538,2.51601,8.6249,48.2293
15538,3467,4221,6605,10172,3379,3850,5284,7097,3187,3540,3957,4169,3054,3369,3464,3480,-20.2304,21.776,8.85684,48.1967
15539,3588,3546,3239,3102,4694,4040,3648,3180,8320,5657,3950,3412,8672,5848,3986,3470,15.2004,-22.7946,8.90569,48.2347
15540,3050,3299,3377,3425,3184,3501,3837,3976,3402,3783,5056,6110,3427,4252,7394,11142,26.6556,20.9455,8.73932,48.1433
15541,3340,3314,3151,3111,4020,3775,3467,3275,6290,4830,3924,3283,12439,6207,3915,3353,26.7304,-27.4378,8.6215,47.796
15542,5412,4739,3709,3336,8611,6259,3975,3450,6274,5087,3795,3319,4163,3819,3479,3264,-4.54117,-20.4338,8.92884,48.4607
15543,3387,3757,4609,6316,3444,3859,5309,9917,3251,3658,4419,5688,3254,3407,3688,3811,-8.06907,32.542,8.6577,47.8493
15544,4634,8001,8614,4937,4142,4966,5013,4203,3610,3701,3848,3483,3203,3348,3366,3241,-27.5796,0.859366,8.56768,48.2067
15545,7793,8710,4713,3616,5557,5872,4405,3566,3938,3855,3619,3276,3463,3372,3247,3152,-21.9716,-13.1744,8.71134,48.1027
15546,3095,3283,3467,3525,3314,3619,4208,4555,3539,4003,6348,7268,3487,4338,6556,7822,15.5527,17.7845,8.87618,48.2847
15547,3212,3224,3367,3403,3255,3384,3672,3913,3352,3888,4815,6101,3454,3930,6928,11893,28.5458,22.5966,8.99331,47.8607
15548,3754,5447,10086,7041,3681,4312,5229,4789,3403,3554,3741,3793,3130,3261,3475,3332,-29.0837,9.54728,8.83904,48.0187
15549,3082,3380,3364,3339,3259,3561,4033,4018,3620,4298,6024,5786,3678,4848,8480,7493,20.3979,13.0961,8.7853,48.1753
15550,4885,5072,4007,3558,6324,7707,4524,3674,4959,5600,4080,3325,3923,3873,3670,3293,-5.63641,-12.311,8.67833,48.316
15551,3143,3301,3307,3466,3178,3541,4038,4276,3402,3883,5402,7751,3473,3998,6113,9899,18.6745,22.951,8.97317,48.114
15552,3376,3853,4445,4384,3561,4610,7143,5503,3639,4423,6516,5133,3340,3788,4256,4065,-1.22393,10.0582,8.7099,48.0233
15553,3279,3362,3352,3290,3622,3962,3927,3453,4393,5874,5339,4130,4903,7857,7151,4517,20.1807,-1.58654,8.7855,48.274
15554,3585,3647,3735,3327,4038,4821,4402,3680,4688,7588,6114,3989,4425,5424,4877,3925,9.16853,-3.28989,8.65325,48.1767
15555,11503,7129,4134,3397,5975,4922,3755,3280,3909,3788,3483,3185,3398,3363,3325,3138,-31.3542,-21.9804,8.52478,47.7893
15556,3233,3468,4021,4384,3326,3735,4940,7471,3310,3773,5173,8904,3280,3689,4333,5064,2.42803,33.8755,8.75194,48.0693
15557,6861,5045,3871,3342,9373,5724,4041,3350,5279,4295,3578,3214,3861,3710,3327,2982,-10.2992,-23.1373,8.91667,47.902
15558,3115,3279,3635,3714,3306,3614,4210,5137,3383,3837,5295,9660,3415,3790,5070,7559,11.333,31.8036,8.80608,48.0127
15559,3528,4177,6156,7105,3446,4127,6481,7606,3370,3692,4364,4471,3059,3314,3767,3668,-13.6837,17.1137,8.68699,48.2207
15560,3318,3716,4463,5436,3277,3765,5348,9261,3340,3647,4779,6768,3185,3466,3984,4267,-3.70489,25.9661,8.52572,48.0133
15561,3119,3365,3381,3240,3538,3725,3837,3777,3835,4702,5920,4812,4035,5832,9104,6154,21.6692,7.60253,8.65037,48.2507
15562,3419,3463,3193,3036,4512,4008,3514,3356,8337,5298,3849,3304,9941,5589,3840,3402,17.1272,-28.4426,8.5943,48.0407
15563,3591,4276,6087,5662,3715,4480,7593,6519,3407,3821,4593,4485,3306,3446,3640,3583,-11.2605,12.6847,8.52985,48.136
15564,3408,3942,5992,12284,3348,3960,4843,6642,3266,3466,3795,3947,3131,3286,3350,3323,-24.3343,30.3794,8.84811,47.9887
15565,3492,3500,3302,3121,4067,4311,3752,3301,6187,7213,4578,3610,6455,7086,4532,3713,15.1474,-12.648,8.90618,48.1467
15566,10691,7696,4366,3544,5715,5015,3854,3340,3859,3884,3564,3221,3442,3379,3184,3128,-33.1674,-19.2023,8.86085,47.9213
15567,3371,3411,3339,3003,4047,3902,3466,3228,6562,4902,3830,3439,11954,6313,4001,3349,24.089,-26.1772,8.56583,48.078
15568,4424,3985,3508,3208,6674,5066,3766,3332,8447,5910,3934,3337,5149,4562,3631,3355,3.36792,-21.2321,8.69143,48.192
15569,5682,4951,3842,3393,8227,6556,4068,3438,5675,4878,3757,3375,4003,3792,3488,3216,-6.71329,-18.4555,8.86336,48.2273
15570,8825,8899,4531,3433,5439,5158,4028,3530,3843,3799,3509,3211,3363,3480,3243,3141,-31.3769,-14.9496,8.8165,47.6213
15571,3359,3993,5853,12495,3363,3682,4844,6031,3229,3478,3755,4067,3232,3282,3375,3390,-33.5943,29.1332,8.62737,47.6187
15572,7852,8350,4637,3652,5985,6156,4195,3401,4055,4076,3602,3361,3384,3383,3347,3128,-19.768,-14.0846,8.86501,48.376
15573,5685,9196,6278,4199,4706,5765,4791,3863,3718,3919,3678,3408,3262,3378,3272,3118,-22.551,-5.40464,8.76278,48.1573
15574,10339,7685,4138,3458,5721,5075,3998,3481,3920,3941,3492,3253,3432,3378,3233,3151,-33.8774,-18.356,8.71181,47.7967
15575,4293,3947,3507,3263,6643,4769,3665,3394,9002,5671,3959,3306,5373,4535,3645,3286,4.25091,-22.8769,8.81315,48.172
15576,4282,5398,5255,4168,4438,7187,6579,4136,3874,4575,4522,3736,3384,3713,3561,3380,-10.2016,-1.35481,8.61878,48.1253
15577,4070,4193,3785,3380,5016,6130,4287,3529,5577,7440,4670,3761,4325,4632,3947,3494,2.56656,-10.2225,8.73097,48.1573
15578,3371,3481,3396,3223,3917,4305,3907,3550,4904,7299,5345,3890,5342,7244,5382,3802,15.2071,-6.12866,8.87762,48.2387
15579,3268,3419,3881,3775,3407,3849,4767,4928,3521,4083,6911,7837,3435,4013,5335,5837,8.78373,17.119,8.82097,48.1773
15580,3102,3362,3445,3585,3226,3595,4041,4433,3445,3964,5775,7645,3433,4048,6355,8634,16.56,20.6848,8.51754,48.0587
15581,3859,4254,3956,3492,4635,6783,5131,3859,4605,6512,5089,3903,4017,4171,4015,3615,-0.485171,-4.81902,8.72244,47.9307
15582,3188,3256,3426,3279,3430,3643,3723,3534,3776,4641,5303,4417,4227,6616,9774,5690,27.7917,5.10503,8.89903,47.9487
15583,3384,3290,3374,3033,3838,3974,3556,3378,5320,5670,4255,3580,7784,9189,4905,3762,23.8304,-12.2619,8.55285,48.1947
15584,3155,3213,3529,3565,3218,3507,3976,4568,3344,3911,5335,8503,3403,3938,5589,9269,16.1718,25.4005,8.90917,48.0153
15585,3116,3232,3580,3457,3226,3706,4261,4154,3531,4141,6420,7055,3493,4292,6919,7591,16.1848,16.4155,8.91421,48.116
15586,5998,5381,4010,3549,7734,7243,4262,3538,5090,4815,3812,3309,3676,3711,3264,3289,-9.28312,-16.4202,8.86626,48.454
15587,3388,3715,4512,4629,3482,4219,6978,6487,3511,4132,6033,5890,3327,3620,4058,4152,-2.23998,14.0917,8.88491,48.0887
15588,4552,7245,7981,4814,4190,5383,5789,4335,3537,3836,3961,3592,3222,3343,3404,3115,-20.2541,1.28625,8.82414,48.1993
15589,3139,3546,4009,4425,3243,3801,4765,7442,3342,3807,5319,8930,3159,3617,4283,5290,2.53867,25.0376,8.95125,48.078
15590,3345,4000,6047,11272,3337,3806,4940,7233,3146,3446,3798,4030,3133,3249,3444,3498,-20.843,26.9074,8.93775,47.816
15591,4217,5111,5295,3946,4396,7052,6697,4209,3850,4725,4589,3785,3467,3666,3587,3622,-9.04889,-0.674098,8.88373,48.1427
15592,3434,3252,3174,3094,3762,3867,3530,3247,5759,5169,4026,3441,10100,8396,4351,3532,29.2983,-17.5533,8.67922,48.0893
15593,3322,3979,5446,9038,3355,3856,5158,8651,3369,3540,4099,4571,3217,3269,3537,3547,-15.4296,33.9962,8.55958,47.9693
15594,4292,4032,3507,3190,6834,4812,3664,3281,9015,5354,3839,3392,5303,4374,3687,3341,3.79154,-23.6212,8.93119,47.9447
15595,3361,3456,3245,3150,3634,3844,3687,3467,4787,6266,5006,3853,5586,8775,6132,4111,20.4385,-5.72687,8.96553,48.24
15596,3878,5437,10060,6921,3568,4298,5152,4784,3326,3700,3807,3603,3085,3309,3398,3295,-32.121,9.78786,8.93804,47.7473
15597,3524,3732,5995,12614,3304,3802,4748,6115,3163,3409,3750,3849,3177,3241,3516,3399,-33.926,29.1427,8.96428,47.5587
15598,3834,4549,4729,3990,4311,6418,7050,4217,3952,5007,5320,4177,3605,3818,3831,3564,-4.63671,0.900289,8.57402,48.248
15599,3695,3826,3459,3212,4704,5006,4011,3458,6356,8081,4561,3640,5123,5461,4199,3462,8.01662,-11.9829,8.7095,48.1693
15600,3177,3351,3636,3748,3162,3598,4130,5305,3281,3817,5225,9705,3335,3918,5017,7565,11.0329,28.3915,8.65699,47.98
15601,3186,3347,3393,3322,3520,3799,3952,3800,3943,4809,5839,4621,4041,6328,8936,5524,22.2578,4.9232,8.52214,48.24
15602,11442,5958,3835,3352,7195,4884,3956,3290,4138,3898,3405,3298,3352,3412,3136,3313,-21.7306,-30.6624,8.52256,47.9093
15603,3427,3431,3191,3209,3979,3785,3490,3160,5886,5065,3918,3381,11002,7509,4129,3364,33.1893,-20.3739,8.89414,47.9507
15604,3291,3950,5255,6777,3424,4015,6267,8566,3263,3773,4482,5152,3120,3429,3627,3719,-10.7425,20.2239,8.66845,48.0733
15605,8081,5631,3918,3297,8821,5694,3877,3372,4731,4270,3529,3413,3722,3578,3260,3028,-13.8935,-22.7306,8.91047,48.148
15606,3975,3870,3393,3181,5858,4626,3562,3301,9107,5997,4014,3266,6118,4922,3726,3338,7.6234,-21.8861,8.6966,48.1693
15607,4063,4082,3668,3299,5145,5747,4092,3345,6191,7554,4530,3625,4701,4799,3979,3381,4.39447,-12.228,8.58033,48.134
15608,3118,3297,3350,3281,3274,3636,3855,3876,3670,4435,5935,4959,3864,5475,9563,6471,22.5544,8.97394,8.96036,48.0393
15609,3393,3868,5784,7781,3439,3867,6113,8433,3276,3528,4259,4706,3050,3350,3578,3683,-13.4635,20.5468,8.77213,48.072
15610,3357,4006,6305,12639,3250,3638,4860,6011,3110,3502,3763,3977,3082,3234,3424,3348,-29.4009,27.7303,8.72456,47.6707
15611,3269,3498,3233,3095,3844,3742,3586,3393,4977,5468,4298,3600,7134,9669,5531,3901,25.6575,-9.77025,8.82592,48.1587
15612,5535,9338,6846,4286,4317,5215,4639,3925,3668,3813,3583,3412,3329,3370,3266,3275,-30.3818,-3.79451,8.64025,47.878
15613,4838,5017,4082,3514,6232,8009,4584,3649,4840,5410,3957,3496,3959,3881,3504,3308,-5.88182,-11.4977,8.84417,48.1867
15614,3519,3445,3294,3080,4451,4002,3523,3319,8489,4982,3785,3452,9498,5455,4018,3452,16.2242,-33.6449,8.85184,47.8427
15615,3085,3316,3325,3410,3240,3568,3813,3798,3557,4042,5248,5166,3694,5162,9715,7916,29.2766,12.1006,8.95363,48.0367
15616,3417,3631,4621,5357,3467,3831,5833,9066,3327,3682,4882,6602,3120,3504,3973,4210,-4.08829,22.4206,8.92677,48.3487
15617,3259,3292,3768,3739,3430,3699,4523,5157,3481,3892,6273,8848,3462,3854,5328,6956,10.6858,20.677,8.5691,48.6407
15618,3935,3938,3375,3244,6027,4468,3652,3265,9579,5503,3754,3411,6363,4659,3808,3312,7.44229,-24.379,8.51292,48.1953
15619,9263,5760,3909,3383,8524,5414,3956,3443,4554,3995,3566,3231,3403,3445,3236,3074,-16.1158,-23.9487,8.88084,48.104
15620,4183,4005,3449,3179,6278,4999,3705,3372,8718,6116,3951,3424,5514,4650,3695,3301,4.93267,-20.8783,8.99077,48.3593
15621,5331,7423,5381,3962,5016,7122,5121,3838,3905,4214,3751,3443,3403,3534,3453,3108,-15.7272,-6.7478,8.71303,48.0033
15622,3756,4337,5007,4332,3887,5594,7995,5020,3693,4430,5502,4198,3390,3595,3763,3727,-6.05555,5.3362,8.71406,48.1507
15623,7233,9655,5340,3820,4956,5596,4354,3581,3774,3883,3603,3391,3253,3435,3256,3130,-25.1645,-10.4413,8.7294,48.1733
15624,3427,3904,6093,12180,3354,3847,4755,6599,3250,3441,3914,4019,3091,3249,3406,3414,-24.5518,27.7792,8.69075,47.962
15625,3372,3417,3165,3100,3973,3772,3408,3230,6604,4864,3807,3362,12373,5765,3946,3415,24.5787,-30.1119,8.9841,47.7153
15626,3471,4219,7348,11207,3387,3807,5067,6050,3384,3541,3854,3950,3078,3267,3362,3504,-26.0744,20.9332,8.98304,48.3307
15627,4460,5332,4650,3730,4916,7988,5977,4070,4045,5084,4403,3661,3656,3716,3639,3331,-8.23147,-4.21257,8.96882,48.4387
15628,6970,10018,5515,3848,4981,5265,4270,3717,3799,3738,3580,3389,3354,3431,3248,3143,-28.2893,-9.68593,8.74956,48.1773
15629,3324,3596,4115,4685,3366,3772,4950,8227,3364,3835,4989,7981,3275,3590,4070,4636,-0.294291,32.6561,8.51642,47.85
15630,3138,3475,3679,3909,3263,3524,4254,5675,3334,3819,5221,10000,3355,3803,4811,6753,9.13916,28.0428,8.92437,48.0087
15631,3133,3135,3411,3406,3220,3482,3811,4077,3409,3878,5046,6563,3409,4069,6580,11319,23.0792,22.6953,8.82989,47.9653
15632,3069,3312,3621,3513,3391,3694,4350,4420,3560,4292,6799,7130,3664,4352,6510,6763,14.2615,15.0026,8.58793,48.2933
15633,3363,3890,5019,7621,3333,3816,5228,9728,3312,3611,4151,5278,3147,3409,3729,3762,-11.4201,30.6482,8.75326,48.2647
15634,3555,4510,7992,10096,3423,4015,5180,5731,3268,3479,3863,3981,3158,3189,3359,3276,-26.1869,17.9578,8.75921,48.05
15635,3313,3777,5143,6619,3419,3893,5904,9102,3366,3634,4504,5305,3154,3351,3727,3740,-9.71073,22.1385,8.57327,47.9673
15636,3276,3540,3934,4089,3201,3888,5149,5744,3525,4060,6821,7934,3330,3805,4813,5205,5.32348,17.1702,8.98861,48.2093
15637,5011,4206,3564,3369,8441,5203,3798,3300,7852,5020,3813,3346,4644,4077,3548,3254,-0.953401,-24.7357,8.85599,48.2973
15638,3118,3274,3393,3364,3261,3532,3695,4092,3340,3824,4914,6981,3372,3926,5784,11676,22.1929,30.8569,8.83611,47.6973
15639,3121,3298,3563,3548,3195,3674,4177,4460,3499,3916,5901,7721,3428,4074,6335,8324,15.8509,19.7672,8.57513,48.156
15640,4011,5854,8856,5852,3824,4828,6195,4849,3523,3786,4083,3841,3207,3423,3297,3292,-20.3907,6.88829,8.6664,48.4807
15641,3307,3367,3622,3438,3732,3956,4438,3831,4030,5737,7365,4845,4097,5431,6614,4604,13.2977,3.90653,8.9772,48.276
15642,3262,3437,3445,3328,3576,3906,4105,3790,4156,5485,6007,4430,4379,6652,7710,4786,18.8968,1.84119,8.78362,48.3027
15643,3771,5165,9766,7559,3758,4286,5227,4965,3326,3592,3828,3854,3124,3287,3341,3345,-31.8103,11.14,8.68469,48.1293
15644,3551,3524,3288,3118,4884,4063,3492,3312,9028,5545,3909,3340,8123,5540,3866,3333,13.6056,-24.2655,8.99409,47.944
15645,3303,3639,4652,6092,3439,3774,5264,9843,3433,3613,4454,6151,3210,3420,3888,3967,-6.76557,33.3908,8.82899,48.0947
15646,3195,3371,3860,4042,3273,3746,4795,5631,3460,3954,6209,8666,3329,3785,4956,5980,7.09775,20.2507,8.53698,48.168
15647,3420,3673,4013,3851,3647,4421,5940,4561,3741,5011,7799,5447,3586,4091,4702,4358,4.00882,8.16487,8.77747,48.174
15648,3149,3457,4099,4504,3377,3734,4954,7303,3393,3672,5366,8685,3201,3677,4385,5262,2.54924,24.8184,8.75201,48.1453
15649,4176,3887,3467,3131,6383,4572,3617,3453,9487,5402,3745,3365,5715,4563,3633,3218,5.89411,-26.9919,8.56914,47.876
15650,3203,3472,3646,3688,3402,3705,4562,4757,3489,4162,7268,7335,3488,4064,6053,6156,11.8814,15.6983,8.76834,48.3
15651,5072,4266,3633,3285,8765,5278,3739,3319,7727,4853,3689,3341,4617,4032,3475,3246,-1.69565,-24.2563,8.98142,48.2247
15652,3425,4015,5987,9009,3388,3814,5413,8207,3206,3413,4000,4629,3075,3274,3634,3511,-16.2159,23.0668,8.9884,48
15653,3125,3250,3431,3252,3309,3444,3871,3805,3471,4016,5063,5650,3563,4550,8320,10089,27.2792,17.685,8.94947,48.1393
15654,6981,9885,5350,3852,4944,5331,4386,3622,3855,3834,3519,3314,3225,3437,3274,3078,-32.899,-9.82221,8.86553,47.9247
15655,3352,3410,3240,3127,3831,3850,3567,3243,5113,5288,4234,3578,8713,9155,4847,3522,31.7422,-14.0195,8.75941,48.0467
15656,3845,4668,4842,3970,4358,6596,6873,4323,3945,4896,5217,3989,3604,3769,3777,3720,-5.86078,0.758054,8.75587,48.2613
15657,3514,3418,3237,3062,4478,3989,3593,3282,8252,5215,3843,3461,9654,5854,3906,3357,17.0141,-26.2669,8.76535,48.0767
15658,3420,3324,3280,3230,3911,3850,3591,3285,5085,5376,4333,3594,7327,9676,4906,3694,33.8203,-11.3622,8.61806,47.9213
15659,5004,4252,3575,3203,8429,5440,4003,3360,7490,5123,3782,3344,4539,4156,3519,3183,-1.64158,-22.9753,8.86919,48.268
15660,7510,9666,5351,3782,5002,5247,4171,3697,3689,3903,3583,3266,3360,3312,3272,3112,-28.1551,-10.7727,8.52861,47.9487
15661,4139,5978,8528,5473,3877,5055,6455,4716,3358,3766,3835,3732,3271,3413,3467,3304,-19.4305,5.78588,8.9394,48.2447
15662,4768,8500,8284,4608,4255,4905,4790,4188,3573,3712,3702,3467,3278,3279,3236,3269,-32.963,-0.600818,8.85449,47.876
15663,3194,3451,3856,4019,3361,3726,4714,5893,3444,4005,6071,8782,3355,3821,4807,5779,6.6812,20.8461,8.63567,48.1853
15664,3548,3501,3288,3065,4193,3884,3496,3224,7205,5079,3792,3323,11134,6021,4041,3425,21.0675,-25.5049,8.54707,48.146
15665,3282,3350,3549,3684,3494,3564,4090,4834,3462,3828,5277,9330,3280,3867,5149,8072,13.1457,32.2801,8.77529,48.0747
15666,3336,3968,5936,9282,3379,3954,5353,8285,3217,3544,4021,4447,3150,3153,3552,3533,-16.6272,23.7464,8.64843,48.0733
15667,4241,5062,4525,3846,4701,7659,6000,3975,4205,5101,4672,3708,3664,3812,3719,3476,-6.65554,-3.89307,8.61123,48.244
15668,7242,8876,5129,3775,5393,5874,4465,3557,3894,3931,3665,3398,3315,3504,3307,3166,-21.5029,-11.766,8.66548,48.3273
15669,3358,3876,5318,8119,3379,3964,5410,9210,3167,3603,4187,4931,3106,3242,3550,3722,-13.3552,24.1497,8.95504,48.0947
15670,3692,3609,3383,3119,5011,4274,3605,3274,8875,5894,3980,3421,7381,5462,3992,3410,12.6068,-21.7076,8.9561,48.2547
15671,3293,3202,3240,3403,3263,3367,3763,3851,3364,3787,4745,5834,3343,3725,6043,12804,29.8015,31.4428,8.94455,47.3513
15672,3341,3953,5386,7581,3392,3887,5722,8945,3301,3573,4244,4971,3017,3390,3653,3652,-12.4645,22.0445,8.81702,48.0053
15673,4668,6388,5114,4006,5028,7775,5598,4015,4029,4637,4089,3606,3483,3441,3467,3281,-12.1907,-4.6985,8.89837,48.4167
15674,3592,4225,6469,7480,3507,4230,6536,7277,3233,3635,4211,4421,3098,3320,3527,3506,-14.8485,17.2442,8.71971,48.178
15675,3146,3281,3486,3463,3287,3570,3904,4304,3433,3804,5029,7955,3442,3851,5744,10368,18.3086,29.3628,8.97144,48.0447
15676,3139,3305,3753,3796,3307,3562,4352,5697,3387,3813,5174,9843,3414,3834,4878,6981,9.3173,31.8028,8.73847,48.1567
15677,6260,4547,3664,3311,10199,5183,3738,3362,6103,4493,3606,3271,3950,3741,3344,3202,-7.04186,-30.4603,8.95533,47.9827
15678,3147,3188,3296,3268,3260,3455,3742,4019,3380,3687,4720,5989,3444,3821,5933,12775,28.1419,32.3492,8.84606,47.416
15679,3701,4815,7999,6720,3589,4379,6699,5847,3389,3634,4174,4020,3079,3417,3491,3407,-17.4526,12.1713,8.91518,48.24
15680,4294,3885,3417,3241,7014,4692,3570,3325,9567,5105,3799,3407,5532,4462,3583,3240,4.28993,-27.2216,8.93719,48.0887
15681,3338,3807,5296,8473,3409,3783,5170,9666,3226,3577,4142,5086,3068,3269,3596,3646,-13.1525,29.9119,8.99733,48.368
15682,3782,3789,3480,3125,5118,4804,3769,3455,7858,6929,4165,3457,5744,5343,3855,3350,8.69633,-16.5487,8.54233,48.0153
15683,3587,3979,4530,4200,3841,5203,7076,4799,3758,4984,6464,4619,3627,3889,4119,3894,-1.2255,5.50809,8.60587,48.3793
15684,3502,3524,3269,3150,4428,4073,3583,3340,8772,5175,3875,3449,9152,5320,3813,3337,15.3297,-33.5657,8.97169,47.8413
15685,3064,3263,3440,3506,3311,3633,4187,4466,3517,4149,6245,6861,3550,4355,7095,7814,16.9135,16.5699,8.66837,48.304
15686,3778,3583,3309,3217,4910,4338,3592,3125,8450,6372,4036,3396,7018,5578,4073,3336,11.7887,-19.5203,8.87137,48.074
15687,4469,6257,6209,4292,4277,6511,6433,4335,3755,4163,4097,3661,3341,3515,3572,3398,-14.3705,-0.270767,8.68463,48.19
15688,3409,3994,6042,12699,3385,3736,4870,6097,3134,3448,3725,3966,3133,3341,3374,3429,-29.9909,27.9068,8.96604,47.8547
15689,3269,3529,3738,3612,3484,4047,4931,4392,3834,4987,8196,5623,3543,4333,5635,4937,9.09872,9.0406,8.75775,48.06
15690,12192,6466,3912,3386,6051,4832,3893,3398,3909,3786,3439,3187,3461,3355,3296,3180,-33.1019,-24.6557,8.52188,47.8287
15691,3256,3892,5870,10381,3412,3874,5114,7775,3267,3515,3894,4431,3032,3305,3594,3462,-18.7124,25.8233,8.65935,48.0493
15692,3172,3380,3691,3795,3375,3587,4413,5539,3354,3887,5646,9746,3196,3786,4854,6828,9.24707,25.4301,8.86539,48.166
15693,3580,3753,3752,3615,3765,4723,5038,3918,4219,6323,7235,4506,4029,4832,5041,4113,7.10648,1.86123,8.6536,48.2947
15694,3452,3630,3542,3263,4154,4664,4012,3416,5445,8173,5320,3774,5024,6241,4739,3858,11.0369,-7.42533,8.74635,48.4713
15695,3584,4069,4149,3998,3806,5059,6747,4774,3770,5005,6735,4673,3597,3874,4340,3989,0.0333244,5.63784,8.56121,48.1127
15696,3063,3314,3632,3791,3291,3653,4394,5121,3501,4046,6283,8566,3356,3846,5454,6796,10.9014,19.6037,8.82274,48.0713
15697,7168,5512,3991,3326,8539,6200,3915,3403,4804,4353,3502,3252,3724,3653,3415,3060,-12.2155,-19.8191,8.89722,47.878
15698,3382,3843,5787,12383,3409,3839,4709,5936,3245,3465,3789,3932,3213,3309,3375,3433,-30.259,32.0253,8.56278,47.366
15699,3301,4027,6382,12631,3320,3723,4724,6052,3237,3491,3755,3981,3171,3106,3331,3302,-29.2609,25.7978,8.92167,47.6893
15700,3379,3494,3523,3217,3929,4411,3940,3556,4942,7372,5520,3901,5065,6822,5163,3996,13.5963,-5.29868,8.78971,48.1533
15701,5791,5522,3935,3518,7062,7375,4356,3441,4885,4731,3903,3364,3804,3779,3439,3166,-9.39559,-15.266,8.50067,48.0473
15702,3117,3310,3640,3722,3295,3696,4242,4392,3434,4157,6412,7401,3402,4155,6465,7464,14.8868,17.106,8.85426,48.2027
15703,3399,3637,3522,3229,4041,4712,4038,3421,4980,8169,5451,3986,4847,6229,4946,3823,11.3816,-6.01692,8.9188,48.2867
15704,3162,3332,3287,3159,3386,3705,3823,3568,3897,4702,5419,4440,4320,6689,9310,5739,25.9746,4.81485,8.67142,47.9587
15705,3127,3433,3514,3604,3390,3643,4284,4575,3495,4176,6888,7170,3508,4304,6344,6753,13.6994,15.7978,8.5124,48.1387
15706,3711,4768,7565,6991,3580,4387,6722,6092,3307,3666,4091,4117,3123,3361,3470,3440,-17.5453,13.1129,8.59235,48.2607
15707,4459,4071,3447,3259,7280,4712,3791,3313,9199,5070,3723,3358,5327,4242,3621,3306,2.61808,-30.2122,8.66447,48.1187
15708,3572,3745,3700,3459,4092,4904,4789,3887,4532,7425,6261,4157,4166,5108,4566,3904,7.21886,-1.96083,8.52563,48.178
15709,3702,5293,9723,7357,3654,4227,5303,5135,3297,3533,3774,3796,3182,3209,3333,3429,-26.7395,11.0611,8.78126,47.9647
15710,8917,6204,4021,3472,7902,5493,3974,3469,4424,4106,3557,3286,3570,3467,3326,2928,-17.0617,-21.9888,8.61559,48.0773
15711,3486,3617,3656,3374,4018,4607,4394,3798,4572,7383,6406,4147,4212,5512,5053,4003,9.94008,-2.28824,8.58301,48.1587
15712,3303,3904,5451,8950,3363,3881,5398,8982,3279,3514,3990,4812,3058,3262,3456,3551,-15.0643,26.4595,8.9329,48.1027
15713,3552,3837,3606,3428,4114,4969,4461,3705,4874,7840,5908,3930,4378,5335,4787,3865,8.26913,-4.3127,8.78921,48.3927
15714,3178,3505,3833,3953,3520,3926,5015,5210,3465,4132,7233,7652,3350,4054,5101,5501,7.5424,16.3323,8.72129,48.4187
15715,4076,5515,7692,5436,3874,5080,7035,4966,3524,3791,4189,3804,3216,3407,3455,3420,-16.5595,5.98669,8.77786,48.32
15716,3402,3919,5952,10193,3385,3742,5197,8093,3202,3494,4050,4457,3022,3306,3398,3513,-18.1134,25.4274,8.94277,48.2167
15717,4006,3845,3563,3307,5231,5791,4068,3495,6077,7701,4461,3619,4776,4790,4015,3479,4.41096,-12.0018,8.78901,48.1493
15718,3278,3360,3466,3197,3430,3794,3776,3627,4050,4715,5162,4374,4568,7504,8700,5138,26.2522,2.13135,8.60853,48.0927
15719,3077,3330,3623,3681,3317,3675,4246,4768,3462,4066,6450,8217,3351,4049,5763,7173,12.6484,18.711,8.84219,48.1653
15720,6517,8309,5073,3700,5555,6547,4486,3619,3832,3997,3566,3365,3329,3558,3302,3230,-18.9898,-10.7058,8.84031,47.99
15721,11359,7357,4188,3429,5901,5005,3770,3355,3909,3719,3407,3350,3371,3311,3233,3169,-29.7627,-21.15,8.67224,47.8887
15722,3189,3346,3826,4041,3268,3720,4491,6465,3337,3815,5419,9515,3314,3788,4695,5968,5.9915,24.8471,8.83624,48.1313
15723,6261,8938,5333,3973,5075,6207,4521,3662,3835,3971,3707,3408,3386,3408,3317,3093,-20.7125,-8.90728,8.54801,48.0633
15724,3275,3324,3657,3659,3388,3722,4534,4718,3525,4254,7078,7454,3478,4107,5785,6008,11.2701,15.657,8.95006,47.9773
15725,3130,3276,3387,3270,3538,3754,3750,3705,3658,4550,5298,4516,4116,6297,9992,6111,29.8727,6.83778,8.80668,48.232
15726,9036,5624,3848,3343,8854,5316,3870,3277,4683,4064,3611,3219,3609,3484,3247,3020,-15.4284,-25.2494,8.92879,48.07
15727,3312,3856,6124,12886,3369,3850,4725,6010,3219,3386,3683,3780,3199,3218,3443,3425,-29.3959,30.9762,8.9612,47.6567
15728,4081,3774,3509,3133,6260,4699,3690,3270,9294,5861,3867,3419,5820,4679,3741,3327,6.02038,-23.0241,8.57471,48.2827
15729,3072,3123,3507,3549,3202,3489,4104,4511,3374,3814,5025,8137,3313,3908,5576,9934,17.4329,28.6457,8.68752,47.7587
15730,3644,4890,9068,7636,3700,4254,5715,5337,3233,3585,3832,3906,3093,3137,3445,3358,-23.1509,12.2117,8.96401,47.8887
15731,3468,3267,3240,3134,4322,3980,3568,3145,7604,5038,3812,3368,10687,5670,3896,3383,19.0408,-30.0504,8.87879,47.7213
15732,3146,3326,3617,3741,3327,3652,4280,4860,3336,3854,5462,9362,3271,3804,5225,8151,12.9997,26.1594,8.89369,48.276
15733,3276,3478,3882,3920,3495,3987,5374,5213,3538,4438,7389,6856,3466,3965,4935,5103,5.66307,14.1391,8.89216,48.21
15734,3282,3753,4728,6468,3350,3787,5149,9951,3295,3606,4495,6037,3193,3436,3759,3972,-7.4691,28.4211,8.80698,48.174
15735,8275,8339,4547,3695,6011,5947,4192,3471,3982,3952,3559,3324,3387,3344,3263,3107,-21.36,-14.9831,8.56771,48.2633
15736,3410,3392,3166,3109,4053,3892,3590,3265,5962,5329,4009,3419,9352,7902,4515,3548,23.7141,-17.0647,8.57526,47.942
15737,3432,3494,3206,3127,4307,4091,3621,3234,7632,5508,3926,3390,9436,6267,3944,3468,17.6329,-22.0871,8.77135,48.0553
15738,3630,3621,3598,3318,4292,4786,3942,3503,5979,8159,4721,3699,5103,5924,4317,3572,9.82047,-9.99951,8.93003,48.1093
15739,3229,3454,3545,3449,3632,3819,4344,4128,3917,4935,7374,5216,3885,4947,7025,5424,14.3039,7.94679,8.8153,48.2153
15740,3568,4275,6270,5981,3546,4256,7406,7017,3316,3721,4587,4625,3219,3395,3582,3645,-11.8089,13.9721,8.79886,48.2727
15741,3393,4043,6060,12391,3434,3782,4889,6206,3195,3445,3768,3949,3167,3241,3407,3376,-27.3814,30.5455,8.56582,47.8307
15742,3228,3467,4022,4401,3252,3680,4876,7002,3437,3853,5199,9285,3196,3721,4491,5497,3.87829,26.9574,8.84647,48.4047
15743,3402,3356,3157,3141,3904,3757,3509,3306,6068,4868,3713,3446,12322,6854,4018,3386,29.0404,-23.7428,8.98397,48.138
15744,4059,4356,3652,3327,5366,6614,4457,3541,5513,7094,4533,3529,4201,4493,3893,3450,0.993898,-10.6058,8.56045,48.052
15745,3809,4845,5485,4397,3943,5889,7783,4849,3621,4352,5056,4058,3326,3614,3763,3513,-8.75562,4.26206,8.79525,48.202
15746,3749,3607,3391,3067,4866,4435,3701,3206,7761,6855,4108,3501,6636,5767,4117,3537,11.4119,-17.3358,8.79351,48.2027
15747,4356,4440,3795,3395,5531,6778,4324,3581,5630,6777,4450,3546,4295,4290,3701,3365,0.00262223,-12.0131,8.86596,48.1693
15748,5947,9088,6077,4145,4864,5946,4678,3932,3658,3987,3660,3466,3250,3401,3346,3242,-22.0099,-6.32346,8.68302,48.458
15749,9556,6740,4208,3482,6996,5527,3956,3317,4144,3992,3423,3343,3447,3410,3186,3046,-20.0556,-20.3976,8.56553,47.8487
15750,3155,3209,3421,3336,3284,3455,3738,4031,3424,3855,4922,6154,3409,4045,5963,12362,26.1456,31.1003,8.67495,47.842
15751,3175,3228,3490,3430,3315,3665,4027,3884,3740,4514,6402,5202,3814,5173,8529,6172,19.26,9.28942,8.59549,47.84
15752,3032,3349,3298,3280,3367,3558,3733,3632,3741,4453,5255,4688,4026,6090,9897,6451,28.6749,7.44485,8.94203,47.9
15753,11971,6608,4024,3289,6592,5014,3836,3411,4016,3756,3440,3287,3380,3341,3127,3004,-24.6436,-24.4626,8.86726,48.064
15754,5939,4483,3674,3306,9625,5425,3871,3431,6430,4718,3612,3287,4120,3874,3373,3138,-5.87423,-25.8958,8.75745,48.204
15755,4774,6743,5552,4023,4643,7101,5846,4189,3949,4290,3964,3609,3428,3565,3442,3364,-14.435,-3.11778,8.65822,48.3213
15756,3497,4571,8367,9528,3423,4015,4898,5599,3198,3423,3821,3934,3283,3268,3323,3449,-31.4685,16.5124,8.65818,47.7313
15757,3068,3291,3518,3397,3330,3664,4016,4007,3682,4425,6589,5738,3805,4894,8056,6840,18.2206,11.5977,8.75051,48.2133
15758,3655,4824,6936,5627,3633,4866,7517,5730,3369,3917,4460,4159,3141,3364,3620,3463,-13.7887,9.67487,8.53896,48.1873
15759,7740,9844,5115,3650,5226,5247,4160,3472,3796,3799,3599,3360,3315,3341,3217,3088,-30.8866,-12.1216,8.80831,47.9793
15760,4312,4058,3459,3187,7092,4806,3754,3396,8950,5150,3931,3381,5238,4275,3586,3237,2.8519,-26.8607,8.5046,47.8747
15761,3380,3950,6104,12408,3486,3758,4799,6254,3122,3230,3878,3940,3248,3182,3327,3348,-26.2315,33.1219,8.72461,47.6093
15762,4150,3886,3509,3145,6606,4836,3752,3399,9116,5727,3795,3362,5472,4615,3684,3319,4.37801,-22.8329,8.66209,48.2487
15763,3425,3637,3792,3628,3727,4288,4986,4094,4005,5913,7612,4733,3830,4742,5350,4329,7.95048,3.62084,8.60392,48.0607
15764,3241,3321,3403,3203,3359,3670,3816,3642,3740,4386,5243,5007,3868,5608,10014,6492,33.3326,8.36586,8.93101,48.0087
15765,3434,3348,3212,3149,3940,3750,3394,3251,6032,4927,3821,3290,11721,6895,4077,3465,30.5669,-22.4517,8.75855,47.804
15766,3529,3514,3251,3115,4631,4208,3589,3239,9000,5243,3931,3306,8764,5364,3824,3309,14.7777,-33.715,8.8656,47.878
15767,3238,3185,3350,3391,3257,3514,3851,3950,3535,4076,5289,5587,3570,4441,8338,9607,26.1516,16.8092,8.72201,48.1193
15768,3530,4494,8604,9691,3478,3942,5061,5377,3202,3487,3876,3788,3031,3207,3359,3460,-32.6568,16.5549,8.89358,47.7247
15769,3858,5282,9756,7214,3632,4246,5416,4982,3356,3657,3846,3868,3051,3162,3445,3272,-24.7977,10.8251,8.90581,48.0287
15770,4322,4048,3538,3236,7321,4764,3716,3280,9298,5247,3696,3293,5274,4395,3605,3294,3.06105,-25.8925,8.74783,48.218
15771,3198,3464,3435,3470,3327,3693,4188,3786,3765,4820,6653,5126,4035,5394,8433,5867,18.3774,7.80128,8.84336,48.436
15772,3685,3503,3341,3166,4990,3996,3531,3282,9230,5185,3751,3422,8538,5222,3826,3340,13.7451,-28.8833,8.79035,48.0053
15773,8446,9366,4886,3639,5317,5307,4084,3521,3835,3836,3606,3283,3293,3226,3228,3172,-28.758,-13.6197,8.81313,48.03
15774,3045,3256,3487,3398,3322,3583,3925,4248,3550,4217,5924,6226,3581,4479,7802,8260,19.1435,15.8798,8.69425,48.202
15775,11503,7270,4150,3473,5990,4978,3787,3291,3905,3709,3457,3240,3264,3457,3153,3162,-27.996,-21.4883,8.65515,47.8593
15776,4414,4306,3608,3277,6076,6204,4097,3471,6539,6459,4161,3622,4582,4315,3759,3282,0.846077,-15.2626,8.53001,48.1147
15777,3230,3147,3450,3367,3289,3570,3753,3813,3575,4300,5151,5033,3747,5344,9835,7477,30.5477,11.1023,8.84071,48.054
15778,4216,6706,9828,5658,3944,4617,5172,4491,3352,3641,3812,3615,3173,3299,3386,3307,-30.47,4.98184,8.98212,48.1447
15779,3364,3361,3202,3276,4059,3727,3425,3193,6171,4784,3752,3367,12285,6331,4013,3445,26.8794,-26.3495,8.69657,47.8367
15780,3211,3236,3395,3313,3394,3626,3792,3811,3678,4290,5743,5109,3812,5215,9342,7197,23.6956,10.4708,8.57982,48.1093
15781,3230,3597,4350,5172,3376,3815,5158,9102,3204,3687,4735,7508,3136,3632,3940,4470,-2.45149,29.5444,8.87364,48.0747
15782,11991,6171,3862,3408,6627,4812,3827,3386,4027,3922,3468,3142,3395,3387,3200,3105,-23.853,-28.4518,8.60122,47.82
15783,3593,3505,3303,3202,4960,4172,3512,3262,9428,5281,3821,3404,8115,5319,3858,3491,13.2226,-27.8438,8.93136,48.1507
15784,3485,3662,3376,3155,4534,4273,3830,3288,6870,6842,4215,3566,6841,6590,4240,3589,14.0997,-15.3282,8.59603,48.2373
15785,3114,3270,3489,3553,3321,3643,4334,4403,3595,4206,7047,6627,3425,4301,6908,6719,14.5045,13.9955,8.96343,47.97
15786,4016,6097,9758,6334,3758,4366,5477,4718,3419,3664,3858,3750,3156,3275,3416,3287,-26.2829,7.5075,8.69627,48.2327
15787,3445,3512,3292,3121,4028,3869,3518,3345,5891,5607,4156,3418,8805,8300,4630,3650,22.9587,-15.8946,8.68431,48.3913
15788,3198,3275,3462,3387,3311,3515,3893,4159,3408,3788,4995,7928,3334,3935,5721,10517,18.8772,31.6237,8.98899,47.884
15789,3368,3779,5371,8929,3259,3929,5173,8692,3420,3477,3968,4810,3219,3286,3506,3676,-15.4364,27.157,8.57509,47.908
15790,3673,3642,3494,3318,4473,4520,3796,3410,6423,7701,4540,3624,5539,6158,4349,3643,11.1373,-12.1876,8.77643,48.202
15791,3985,3631,3367,3159,5842,4343,3657,3251,9868,5305,3874,3330,6635,4734,3705,3355,8.50478,-27.5869,8.9509,48.0273
15792,5575,8972,6023,4119,4774,5889,4769,3816,3674,3778,3804,3477,3394,3462,3378,3246,-21.1248,-6.01545,8.75781,48.1
15793,3347,3339,3162,3124,3871,3918,3585,3272,5440,5421,4175,3559,8188,9127,4880,3680,25.5167,-13.1633,8.70057,48.0587
15794,5867,9718,6240,3972,4744,5205,4605,3775,3709,3844,3745,3471,3322,3378,3327,3206,-32.6125,-6.35473,8.53578,48.0853
15795,3226,3401,3648,3398,3579,4032,4512,3962,3799,5553,7734,5180,3895,5159,6304,4771,11.7365,5.49269,8.7188,48.102
15796,3741,4862,7581,6110,3696,4627,7074,5691,3369,3784,4221,4183,3220,3335,3476,3511,-16.2901,10.3085,8.50485,48.3207
15797,10789,7472,4157,3442,5696,4940,3977,3335,3980,3717,3454,3163,3346,3436,3242,3232,-33.4776,-19.8951,8.8774,47.5853
15798,4252,5700,5571,4322,4252,6821,6684,4271,3786,4392,4271,3767,3375,3631,3656,3358,-11.8626,-0.0756185,8.51271,48.0727
15799,3713,3402,3245,3159,4951,4124,3554,3269,9316,5081,3832,3450,8537,5160,3749,3404,13.8364,-30.1033,8.54923,47.964
15800,4044,4178,3654,3367,5180,6447,4356,3707,5439,7524,4647,3660,4342,4519,3914,3476,1.97962,-9.64833,8.9895,48.3027
15801,3081,3281,3613,3782,3147,3643,4295,5251,3314,3863,5687,9409,3270,3689,5231,7367,10.8541,23.5067,8.87071,47.9487
15802,3898,3949,3688,3373,4765,5721,4364,3620,5778,7689,4874,3619,4563,4937,4049,3487,4.8283,-9.77888,8.52466,48.2493
15803,3491,4067,5616,5844,3563,4367,7283,7325,3307,3818,4664,4810,3233,3446,3716,3806,-10.3265,15.2417,8.99622,48.2373
15804,12246,6345,3871,3260,6209,4828,3793,3372,3933,3793,3593,3270,3423,3414,3255,3136,-33.9927,-25.3817,8.52813,47.8273
15805,3592,3566,3291,3091,4304,4306,3699,3284,6836,6390,4242,3538,7409,6727,4261,3535,16.1272,-16.131,8.52894,48.0473
15806,3351,3868,5901,12634,3344,3809,4718,5889,3271,3414,3792,3908,3162,3231,3425,3349,-31.3204,31.8904,8.89719,47.3773
15807,3138,3300,3457,3506,3302,3705,4100,4041,3605,4312,6340,6142,3659,4575,7595,7622,18.2419,14.1803,8.82103,48.266
15808,3256,3342,3318,3384,3429,3609,3767,3641,3982,4653,5142,4427,4413,7284,9297,5257,31.925,3.12319,8.77617,48.134
15809,3522,3368,3245,3199,4194,3908,3508,3216,7622,4965,3741,3407,10915,5704,3948,3297,19.4483,-28.2632,8.94123,47.8393
15810,7623,7123,4387,3667,6483,6472,4094,3457,4271,4221,3648,3301,3485,3491,3291,3050,-16.8951,-15.5848,8.65946,48.0427
15811,3190,3501,4144,4138,3403,3922,5616,6066,3430,4153,6731,7398,3435,3746,4559,4921,3.0974,16.6273,8.61841,48.2353
15812,4091,4004,3501,3152,5412,5581,4041,3426,6667,7144,4410,3493,4974,4977,3929,3425,4.79069,-13.9505,8.57732,48.1513
15813,3447,3441,3281,3099,3805,3897,3522,3233,5265,5100,4175,3564,8194,9237,4805,3656,30.0952,-13.4201,8.85163,47.814
15814,3917,4557,4438,3770,4525,7048,5980,4039,4332,5684,5109,3872,3677,4008,3892,3570,-3.06159,-2.20125,8.84307,48.2787
15815,3157,3549,4020,4171,3411,3720,5282,6104,3443,4091,6287,8135,3319,3750,4688,5282,4.37822,19.0133,8.67323,48.2727
15816,3345,3561,3613,3322,3871,4125,4101,3700,4331,6613,6370,4367,4415,6366,6072,4348,14.3385,-0.303275,8.5776,48.3467
15817,3272,3784,4478,5527,3396,4004,5744,8787,3321,3830,4924,6545,3246,3527,3962,4191,-4.72337,22.3535,8.66957,48.3587
15818,3403,3828,4740,4927,3526,4309,7298,6829,3627,4086,5594,5469,3282,3550,3991,4101,-4.49043,14.5172,8.66618,48.3733
15819,4185,4586,3868,3317,5262,6871,4571,3550,5401,6864,4499,3688,4165,4447,3746,3415,-0.275721,-9.95846,8.53757,48.29
15820,4522,4535,3705,3295,6261,7438,4328,3496,5449,6110,4187,3525,4139,4073,3642,3374,-2.58325,-13.0483,8.98316,48.0527
15821,4331,6455,7249,4680,4167,6005,6331,4459,3679,3956,4054,3717,3288,3463,3555,3225,-16.8712,1.33565,8.89923,48.4093
15822,3146,3427,3549,3859,3268,3571,4288,5202,3334,3890,5209,9587,3341,3780,5057,7611,11.5946,30.063,8.59067,48.0793
15823,4741,4078,3603,3288,7784,5232,3757,3342,8384,5385,3764,3370,4879,4238,3581,3431,0.746783,-23.5192,8.99367,48.5713
15824,4145,4022,3508,3371,5923,5654,4017,3414,7109,6846,4215,3466,4986,4647,3814,3411,3.03689,-15.8764,8.6386,48.3653
15825,3381,3947,5288,8414,3396,3751,5171,9170,3260,3601,4150,4847,3066,3374,3460,3658,-13.7491,31.9006,8.62507,47.956
15826,3442,3441,3247,3068,4259,4135,3470,3130,7735,5046,3835,3353,10856,5714,3880,3328,19.2285,-28.9811,8.90895,47.9593
15827,3201,3324,3658,3845,3375,3654,4402,5077,3412,4061,6282,8836,3448,3855,5401,6738,10.7527,20.2168,8.9409,48.3793
15828,3149,3275,3768,3945,3355,3646,4394,5905,3331,3860,5146,9781,3396,3717,4719,6515,8.27015,31.0506,8.56943,47.9347
15829,3170,3459,3966,4190,3328,3710,4942,6320,3347,3872,6001,8680,3197,3706,4628,5305,4.49181,20.5975,8.88276,47.8807
15830,3711,4147,3770,3546,4310,6018,4923,3848,4755,7518,5519,3836,4157,4539,4162,3603,2.72332,-4.23781,8.97609,48.2413
15831,3716,3600,3310,3127,5150,4294,3599,3404,9555,5253,3713,3338,7665,5076,3739,3321,11.8102,-30.1394,8.50162,47.9067
15832,3444,3535,3359,3094,4000,4128,3761,3321,5542,6590,4446,3618,6738,8373,4747,3637,18.7595,-11.3375,8.67107,48.222
15833,3165,3211,3416,3314,3216,3459,3813,3998,3464,3905,5147,5883,3554,4167,7928,10249,33.1401,18.5712,8.7659,47.926
15834,3119,3319,3357,3325,3479,3638,4034,3776,3797,4487,5708,4696,3990,5857,9701,6039,24.1658,7.16678,8.70555,48.2147
15835,3940,3723,3424,3199,6082,4401,3558,3246,9823,5375,3873,3294,6406,4851,3647,3196,7.58478,-28.63,8.80576,48.0253
15836,3316,3283,3311,3234,3604,3815,3800,3527,4253,5172,5067,4082,4920,8266,7971,4697,25.1399,-0.637512,8.71532,48.212
15837,7987,5392,4096,3361,8713,5762,3932,3383,4733,4259,3596,3250,3692,3559,3288,3042,-13.586,-22.6137,8.69625,48.03
15838,3332,3739,4023,3823,3641,4423,6081,4681,3798,5025,7735,5320,3607,4173,4744,4334,3.76046,7.32254,8.7653,48.3193
15839,3878,6143,9847,6283,3708,4521,5269,4745,3344,3636,3820,3628,3087,3228,3427,3366,-30.2256,7.3616,8.60844,47.9533
15840,4089,3965,3469,3211,5699,5367,3961,3426,7194,6978,4193,3557,5084,4687,3831,3378,4.74707,-15.7298,8.68329,48.0593
15841,3137,3131,3440,3550,3290,3519,4040,4265,3473,3767,5289,7921,3373,4017,5955,10117,18.1233,24.2563,8.95234,48.1893
15842,6028,9345,5840,3875,4856,5959,4611,3811,3786,3898,3657,3363,3227,3335,3341,3205,-22.0124,-7.31464,8.67052,48.0913
15843,4962,4183,3534,3248,8645,4906,3748,3383,7929,4818,3774,3374,4611,4100,3560,3189,-1.24437,-29.9224,8.82809,47.976
15844,3437,3492,3279,3191,4340,3997,3389,3234,8060,5108,3858,3399,10057,5579,3911,3343,17.8498,-31.003,8.7033,47.7827
15845,3083,3178,3410,3383,3271,3631,4097,4157,3446,4057,5748,6504,3581,4278,7449,8731,19.8182,17.3111,8.81041,48.0027
15846,3324,3390,3262,3087,3760,3767,3449,3250,5197,5173,4139,3450,8283,9380,4964,3630,30.0105,-13.288,8.56809,47.67
15847,3227,3379,3836,4201,3272,3687,4491,6208,3419,3932,5222,9743,3264,3770,4624,6049,6.53602,33.0266,8.52043,48.216
15848,3654,4275,8013,9163,3425,3995,5620,6047,3238,3521,3984,4024,3188,3165,3315,3514,-21.9581,16.9499,8.70642,48.094
15849,4853,8212,8134,4782,4113,4947,5018,4106,3550,3704,3729,3483,3300,3381,3380,3218,-28.4886,-0.202134,8.66243,47.94
15850,3662,3654,3223,3079,4474,4321,3578,3316,7099,6516,4201,3517,7301,6674,4239,3428,15.0386,-16.5233,8.67189,48.188
15851,3998,4518,4550,3919,4374,6713,6470,4220,4040,5402,5152,4001,3602,3988,3851,3603,-4.23369,-0.935912,8.65406,48.2673
15852,4556,4370,3733,3391,6735,6213,4037,3532,6733,6180,3972,3374,4579,4333,3763,3339,-0.101948,-16.7958,8.74402,48.56
15853,3074,3336,3625,3640,3338,3669,4256,5226,3429,3799,5314,9360,3386,3782,5161,7660,11.8142,26.3891,8.52791,48.0367
15854,3157,3427,3936,4175,3281,3623,4691,7062,3361,3786,5091,9408,3348,3533,4403,5528,3.79046,30.8358,8.89763,47.8733
15855,3796,4709,5997,4867,3848,5385,7850,5270,3677,4037,4770,4049,3309,3492,3727,3548,-11.0882,6.8283,8.72976,48.2207
15856,6785,9692,5478,3827,4887,5271,4492,3667,3733,3789,3639,3431,3401,3338,3310,3141,-32.9308,-9.27439,8.50758,47.9207
15857,3928,3814,3430,3145,5209,4636,3800,3292,8154,6745,4061,3528,6082,5147,3776,3415,8.85403,-18.5589,8.5034,48.108
15858,3150,3296,3562,3509,3416,3823,4231,4188,3667,4652,7144,5990,3680,4709,7317,6158,15.1007,11.9084,8.64498,48.328
15859,3488,3992,6007,10878,3341,3870,5014,7640,3197,3435,3989,4313,3086,3367,3404,3379,-19.9619,26.4817,8.63994,48.2667
15860,6707,5235,3889,3497,9029,6206,3863,3433,5312,4494,3556,3272,3774,3801,3401,3101,-9.63663,-21.124,8.70507,48.38
15861,5140,8738,7336,4487,4378,5245,4855,4055,3698,3792,3800,3513,3287,3376,3415,3253,-25.0176,-2.45918,8.68443,48.2453
15862,3497,3978,4107,3790,3999,4822,5951,4475,4048,5627,6974,4621,3748,4162,4523,3994,2.47715,3.61253,8.53996,48.2107
15863,3541,3375,3258,3089,4177,3869,3405,3259,7364,5028,3881,3443,10994,5823,3964,3459,20.2138,-33.3661,8.80046,47.9527
15864,3478,3871,4159,3912,3697,4930,6308,4636,4001,5297,7119,4844,3656,4054,4451,4010,1.56848,5.31601,8.56142,48.282
15865,4909,4403,3692,3310,7601,6010,3915,3421,6741,5573,3865,3425,4496,4192,3585,3374,-1.95364,-18.9584,8.72521,48.3413
15866,3406,4144,6399,10563,3370,3893,5044,7308,3290,3528,3876,4171,3076,3196,3421,3490,-20.288,23.4201,8.50436,48.1167
15867,3133,3128,3368,3477,3104,3381,3717,3969,3367,3721,4810,6011,3405,4072,6565,12502,28.0231,25.2959,8.88669,47.82
15868,3721,3627,3404,3172,5061,4127,3535,3294,9442,5234,3993,3454,7508,5087,3750,3445,11.7854,-33.1222,8.72277,47.9027
15869,3185,3317,3473,3325,3668,3886,3906,3745,4114,5590,6173,4330,4439,6801,7499,4770,18.8268,1.96708,8.66455,48.1473
15870,3665,3481,3384,3069,4557,4108,3533,3260,8831,5104,3833,3368,9230,5537,3792,3291,15.483,-28.493,8.60976,48.0287
15871,3210,3404,3695,3578,3504,4075,4656,4406,3552,4671,7981,6209,3595,4385,6131,5431,10.9207,10.851,8.72636,48.322
15872,3761,3632,3399,3140,5271,4170,3545,3248,9663,5414,3916,3349,7429,4978,3814,3322,10.4479,-26.6677,8.85832,48.034
15873,10592,7623,4395,3421,5701,4975,4039,3461,3904,3887,3451,3309,3340,3391,3273,3042,-28.8665,-19.5715,8.73278,47.8693
15874,3099,3163,3597,3496,3312,3541,4111,4494,3401,3791,5198,8915,3375,3915,5433,9156,15.6968,27.4861,8.70528,47.998
15875,3388,3399,3272,3133,3731,3909,3573,3319,5022,5411,4164,3579,7765,9638,5095,3713,28.0741,-12.0205,8.70885,48.074
15876,3727,4506,7216,6708,3660,4379,6805,6123,3386,3654,4312,4252,3144,3233,3445,3487,-16.3725,12.7307,8.71614,48.0247
15877,5606,5249,3938,3411,7664,6976,4143,3588,5267,4817,3836,3370,3947,3772,3520,3249,-7.86106,-16.9024,8.56738,48.2353
15878,3218,3268,3306,3184,3688,3888,3697,3452,4339,5145,4938,4016,5257,8689,7415,4486,26.4289,-2.38091,8.74363,47.9907
15879,3643,4678,7269,6356,3564,4549,7018,5962,3389,3822,4225,4099,3099,3350,3558,3632,-15.6696,12.0844,8.81516,48.142
15880,3310,3650,3945,3894,3472,4210,5990,5054,3642,4700,7772,5931,3397,4055,4791,4505,3.83156,10.676,8.76249,48.212
15881,3862,3688,3452,3156,5394,4638,3840,3398,8410,6415,4134,3500,6211,5164,3900,3330,8.47922,-19.1075,8.63776,48.328
15882,3190,3559,3763,3829,3460,3789,5019,5015,3593,4271,7333,7272,3338,3938,5380,5411,7.92088,14.9924,8.69029,48.1067
15883,4744,4279,3505,3311,7967,5541,3782,3331,7489,5339,3646,3395,4750,4231,3560,3224,-0.642633,-21.4672,8.63668,48.0627
15884,3470,3309,3209,2936,3932,3782,3425,3166,6151,4680,3792,3371,12537,6242,4030,3292,29.1945,-27.0015,8.88608,47.5493
15885,3105,3287,3384,3367,3240,3453,3858,3858,3506,3949,5126,5928,3358,4280,7913,10250,26.0842,18.5461,8.60917,47.908
15886,3223,3210,3398,3440,3205,3456,3859,3921,3252,3817,4777,6032,3445,3903,6951,11969,28.802,23.2208,8.61654,47.9053
15887,3158,3368,3535,3600,3227,3406,3815,4451,3456,3794,5059,7893,3412,3892,5712,10173,18.3763,28.2053,8.65715,47.9673
15888,3137,3165,3390,3328,3292,3413,3698,4049,3370,3759,4861,6883,3412,3891,5898,12073,23.1802,31.3496,8.78139,47.746
15889,3693,3972,3608,3450,4438,5758,4540,3699,5081,7616,5214,3929,4326,4789,4214,3757,4.67323,-6.06926,8.63262,48.056
15890,5420,7177,4970,3822,5334,7493,4942,3680,4081,4389,3889,3391,3458,3527,3362,3230,-14.4981,-8.3909,8.96232,48.11
15891,3309,3327,3336,3186,4009,3942,3613,3319,5579,5995,4327,3626,7414,8834,4849,3609,21.2949,-12.5096,8.73844,48.1827
15892,3832,4368,4252,3836,4274,6206,6145,4210,4145,5798,5788,4078,3607,4153,4170,3726,-1.26751,-0.0182826,8.87363,48.392
15893,3021,3230,3376,3402,3211,3427,3778,3915,3347,3799,4839,6164,3468,4100,6839,11839,27.4556,22.8855,8.60623,47.8367
15894,12557,6038,4014,3410,6053,4671,3829,3341,3913,3773,3359,3278,3463,3430,3297,3086,-31.7615,-31.5238,8.52594,47.6747
15895,3427,3798,4449,4360,3602,4179,6705,5981,3511,4203,6441,5868,3249,3686,4276,4301,-0.568577,12.9477,8.89121,48.024
15896,3325,4002,6013,12377,3447,3814,4718,6221,3170,3439,3727,3943,3096,3289,3379,3393,-25.894,33.3401,8.7172,47.5687
15897,3407,3952,5803,12341,3348,3781,4825,6569,3234,3421,3765,3952,3152,3195,3361,3359,-24.9701,31.815,8.68694,47.6433
15898,3041,3228,3486,3432,3424,3643,4135,4118,3520,4186,6015,6221,3526,4624,7683,7912,19.1597,14.7313,8.63466,48.1293
15899,3927,4147,3927,3648,4511,6495,5087,3944,4672,6894,5389,3891,3895,4344,4068,3622,0.670211,-3.92472,8.69694,48.3073
15900,4470,7154,9436,5542,3941,4796,5177,4350,3565,3643,3690,3541,3118,3246,3340,3366,-27.3394,3.74496,8.83429,48.25
15901,3564,4273,5576,4774,3771,4908,8066,5897,3485,3945,5178,4435,3242,3588,3825,3667,-8.36499,9.83986,8.56836,48.1293
15902,3083,3206,3410,3437,3266,3417,3817,3961,3428,3823,5098,6813,3534,4004,6491,11068,22.5087,22.9867,8.51215,47.904
15903,6200,4886,3880,3282,10247,5095,3798,3312,5650,4460,3698,3270,3948,3609,3348,3211,-7.9635,-32.8668,8.8876,47.9293
15904,3339,4044,6916,12149,3312,3823,4815,5881,3225,3505,3724,3823,3145,3089,3363,3376,-30.321,23.8431,8.95245,47.686
15905,3783,4341,4087,3557,4480,6525,5367,3862,4632,6704,5264,3841,3973,4418,3975,3674,0.56879,-4.23539,8.62707,48.322
15906,4365,4529,3931,3483,5695,7476,4722,3655,5143,6119,4312,3524,4016,4133,3700,3433,-2.5724,-10.4651,8.86293,48.1573
15907,3307,3553,4256,4862,3341,3706,5227,8323,3282,3750,5012,7863,3176,3561,4055,4682,-0.802664,24.7028,8.98471,47.9707
15908,3392,3845,6021,12626,3369,3677,4738,5999,3264,3365,3838,3894,3246,3423,3336,3293,-31.8332,29.891,8.7439,47.5507
15909,9841,8230,4444,3568,5601,5121,3853,3492,3798,3865,3471,3338,3403,3288,3204,3048,-31.1776,-16.8427,8.7096,47.71
15910,3509,3404,3298,3180,4369,3947,3474,3191,8403,5106,3715,3396,10056,5634,3953,3393,17.0233,-30.1707,8.96544,48.0187
15911,3809,5612,9407,6714,3834,4312,5864,5194,3255,3593,3938,3789,3129,3351,3305,3451,-22.6273,9.31742,8.73638,48.3713
15912,3501,3847,4470,4181,3640,4386,6785,5553,3583,4303,6882,5565,3370,3785,4320,4224,-0.073154,10.9961,8.87169,48.2633
15913,3660,3669,3327,3250,5386,4306,3658,3342,9689,5255,3859,3420,6848,5011,3818,3400,9.67738,-33.283,8.56281,47.932
15914,3351,3329,3282,3244,3661,3650,3603,3558,4374,5022,4767,4000,5044,9183,7805,4396,30.7084,-2.2164,8.99643,48.1793
15915,3607,3579,3178,3152,4629,4075,3538,3322,8493,5411,3752,3295,9202,5630,3925,3308,16.0379,-25.169,8.75107,48.064
15916,3163,3230,3346,3342,3292,3667,3741,3710,3780,4375,5733,4796,3944,5858,9583,6505,23.6545,8.42939,8.95182,48.0433
15917,3435,3582,3633,3570,3722,4377,5039,3990,3918,5960,7861,4770,3930,4703,5369,4333,8.65085,3.95339,8.74064,48.128
15918,3525,3518,3284,3070,4629,4052,3593,3215,8368,5356,3842,3337,9312,5679,4033,3369,16.3883,-24.4122,8.86812,48.1213
15919,3324,3378,3436,3119,3805,3903,3603,3337,5352,5485,4124,3557,7939,9344,5126,3766,25.3285,-12.7268,8.71048,48.3987
15920,3284,3624,4067,4192,3369,3910,5666,6259,3602,4092,6414,7495,3360,3722,4604,4798,2.66116,17.065,8.96958,48.3053
15921,3099,3153,3424,3541,3147,3469,3937,4054,3316,3842,5163,6778,3443,4118,6699,10826,22.1349,22.3316,8.93948,48.006
15922,4033,3751,3324,3084,6187,4586,3708,3394,9738,5362,3912,3307,6167,4627,3674,3296,6.9578,-26.3425,8.67435,48.1
15923,3909,5700,8711,5964,3836,4685,6262,4882,3352,3760,4101,3772,3165,3298,3428,3373,-20.6228,7.88233,8.79755,48.132
15924,3421,3337,3216,3069,3871,3814,3476,3247,6077,4987,3920,3322,11900,7022,3997,3408,27.4578,-22.4046,8.98782,48.056
15925,3275,3231,3297,3399,3414,3765,3831,3611,3790,4750,5207,4460,4098,6480,9665,5655,31.5135,5.62091,8.77471,47.952
15926,10163,6985,4327,3517,6675,5214,4010,3320,4045,3946,3574,3174,3484,3471,3231,3029,-22.4898,-20.5909,8.53591,48.11
15927,7230,8524,4957,3780,5595,5940,4405,3517,3929,3923,3623,3332,3368,3352,3284,3107,-20.6069,-12.2837,8.69535,47.9107
15928,3354,3424,3116,3284,3915,3640,3258,3181,6422,4818,3813,3376,12404,5968,4009,3401,26.477,-30.3104,8.61127,47.5887
15929,5233,7714,5678,4075,4805,6766,5249,4049,3855,4182,3832,3497,3342,3436,3390,3186,-16.7602,-5.07741,8.80163,48.1927
15930,4429,3897,3453,3175,7156,4733,3714,3365,9490,5185,3817,3306,5379,4415,3771,3293,3.67253,-28.1923,8.90735,48.3853
15931,3153,3193,3354,3452,3158,3428,3702,4024,3314,3913,4890,6906,3434,3782,6230,11964,23.0619,26.7,8.91526,47.9313
15932,3553,4042,4211,3761,3969,5357,6400,4477,3904,5463,6606,4466,3606,4000,4438,3904,0.627775,3.01105,8.52613,48.1047
15933,3202,3254,3312,3287,3623,3877,3782,3588,4217,5427,5187,4154,5026,8498,7365,4476,22.4619,-1.90594,8.92939,48.1833
15934,3728,4027,4037,3682,4209,6005,5814,4145,4195,6455,5995,4052,3780,4302,4226,3691,0.925456,-0.870923,8.88466,48.2287
15935,3279,3730,4365,5076,3442,3901,5722,8137,3380,3902,5200,7146,3194,3579,4060,4474,-1.82911,21.3627,8.78705,48.3913
15936,3373,3571,4379,5689,3307,3904,5188,9300,3500,3683,4731,6890,3153,3463,3921,4358,-4.36421,27.3051,8.59626,48.2733
15937,4223,4716,4073,3673,5049,7567,5157,3749,4593,6090,4596,3746,3891,3973,3775,3513,-3.38124,-7.29901,8.52021,48.256
15938,3172,3177,3446,3463,3183,3439,3794,3890,3394,3830,5120,6223,3448,4159,6942,11440,25.6119,22.5696,8.51771,48.08
15939,3379,3747,4699,5196,3504,4175,6609,7793,3354,3812,5299,5879,3208,3522,4001,4113,-4.68695,17.769,8.80972,48.1933
15940,3287,3493,4125,4733,3327,3880,4938,8048,3438,3717,4962,8477,3165,3520,4176,4904,0.737549,26.9957,8.87591,48.1267
15941,4604,6346,6282,4324,4538,6705,6288,4296,3738,4185,4138,3641,3317,3455,3482,3456,-14.5917,-0.87762,8.66959,48.53
15942,3287,3767,4621,5345,3368,3885,5891,8777,3233,3791,4826,6430,3225,3414,4028,4278,-4.81669,21.3587,8.63495,48.1107
15943,12500,6028,3946,3323,6044,4749,3801,3391,3968,3723,3433,3213,3384,3318,3257,3153,-33.2535,-27.1487,8.84337,47.4873
15944,3437,4037,5693,6419,3521,4050,6824,7610,3440,3792,4670,4850,3197,3427,3634,3709,-11.3063,17.031,8.54752,48.2067
15945,8002,8123,4520,3648,5895,5971,4248,3663,4012,4018,3599,3278,3419,3365,3142,3228,-20.5611,-14.7317,8.83132,48.0873
15946,3047,3299,3410,3297,3121,3474,3677,4025,3379,3775,4859,6100,3400,3928,6176,12326,28.8118,27.3019,8.57831,47.5287
15947,3469,3883,4482,4336,3755,4731,7226,5363,3685,4528,6468,4964,3398,3785,4243,4035,-1.50375,9.01908,8.665,48.234
15948,3352,3398,3603,3606,3429,3871,4557,4313,3611,4771,7921,5954,3711,4565,6422,5464,12.0334,10.2556,8.63375,48.3653
15949,3414,3366,3265,3141,3879,3806,3548,3276,5817,5273,3930,3594,9798,8056,4374,3435,25.2266,-17.5937,8.76668,47.9813
15950,3726,3734,3596,3238,4523,5323,4096,3552,5684,8309,4996,3667,4788,5469,4234,3571,7.57224,-9.07764,8.97407,48.3373
15951,4282,5516,5797,4429,4360,6674,7005,4414,3810,4336,4505,3728,3307,3508,3585,3482,-11.8928,0.732555,8.88408,48.492
15952,5463,4582,3727,3224,8822,5862,3785,3349,6568,4985,3733,3350,4246,3867,3508,3148,-4.10868,-22.2569,8.73042,48.146
15953,10499,5678,3967,3383,7894,4994,3688,3391,4325,3964,3520,3286,3362,3464,3253,3173,-18.3596,-32.4534,8.93281,47.894
15954,3396,3430,3268,3184,3670,3863,3651,3528,4592,5294,4622,3796,6017,9688,6346,4083,26.9309,-6.14735,8.67277,48.2853
15955,4141,4149,3594,3266,5585,5743,4045,3458,6402,7268,4363,3623,4653,4668,3963,3317,2.9897,-13.7966,8.53294,48.1587
15956,3321,3337,3514,3363,3527,3865,4063,3553,4165,5733,5974,4366,4473,6625,7604,4800,19.0385,1.46717,8.67886,48.1887
15957,10975,7425,4146,3432,5890,5021,3851,3352,3976,3807,3516,3156,3387,3471,3142,3168,-29.166,-20.2567,8.67054,47.81
15958,3209,3233,3238,3346,3461,3654,3794,3597,3678,4156,5246,4951,3846,5280,9896,7379,28.307,10.7136,8.76385,47.976
15959,12393,5943,3931,3350,6048,4838,3713,3455,3853,3724,3345,3317,3463,3321,3219,3197,-32.2276,-31.0896,8.60802,47.4067
15960,3079,3166,3348,3405,3335,3495,3836,3819,3524,3969,5132,5473,3574,4675,8825,9346,28.6752,15.6872,8.91916,48.0007
15961,3490,3498,3364,3073,4098,4138,3748,3438,5899,7010,4446,3491,6471,7566,4707,3697,16.4082,-11.491,8.94603,48.0893
15962,6221,4708,3759,3326,9682,5092,3817,3380,6085,4537,3680,3259,4139,3748,3407,3156,-7.05063,-29.0822,8.55718,47.9973
15963,3274,3586,3854,4066,3383,3632,4631,6734,3350,3688,5156,9430,3395,3636,4551,5521,4.63609,33.4215,8.80458,47.9247
15964,3647,4607,6716,5485,3684,4828,7654,5935,3377,3751,4522,4192,3269,3419,3596,3497,-13.1829,10.3081,8.62677,48.1193
15965,3531,3380,3280,3170,3959,3638,3467,3298,5852,4806,3714,3416,12591,5837,3953,3374,30.8059,-32.2339,8.5315,47.5107
15966,3547,3694,3348,3278,4599,4415,3642,3412,7162,6624,4222,3447,6914,6330,4220,3572,13.7264,-16.1504,8.98624,48.284
15967,4833,4772,3893,3484,6685,7366,4293,3525,5338,5730,4187,3500,4100,3993,3560,3208,-4.32648,-13.7165,8.73876,48.3113
15968,3388,3364,3203,3137,4264,3944,3580,3295,7508,4975,3783,3414,10625,5745,3864,3457,19.8085,-29.4566,8.59754,47.6973
15969,3469,4170,8024,10307,3381,3885,5207,5641,3206,3554,3792,3915,3128,3303,3411,3359,-33.4654,18.3583,8.93366,47.8347
15970,7911,9246,5024,3699,5386,5548,4095,3521,3810,3884,3640,3370,3424,3319,3301,3115,-24.6,-12.9586,8.61244,48.1953
15971,3977,3901,3436,3131,5596,4419,3661,3278,9251,5876,3991,3412,6331,5026,3795,3411,8.45321,-22.5449,8.56043,48.328
15972,12625,6410,3907,3355,5904,4908,3769,3294,3899,3787,3490,3330,3394,3440,3315,3104,-33.1639,-24.9963,8.99427,47.954
15973,4566,5422,4830,3896,4765,7753,6076,4068,4024,4860,4279,3682,3466,3668,3628,3343,-8.94891,-3.57781,8.76494,48.2173
15974,3340,3561,3542,3398,3660,4114,4421,3851,4172,5662,7218,4707,4008,5505,6537,4839,13.6305,3.72969,8.58283,48.3567
15975,3273,3683,4273,4644,3395,3940,5913,7277,3450,3863,5813,7027,3276,3506,4147,4495,-0.726784,18.6499,8.90176,47.9833
15976,3634,3651,3315,3207,4784,4268,3780,3342,7939,6525,4241,3519,6737,5602,4114,3558,12.0849,-18.1083,8.60147,48.144
15977,3087,3259,3420,3425,3251,3506,3837,3987,3444,3769,4969,5851,3376,4125,7354,11382,31.8816,20.8646,8.57708,48.028
15978,3522,3462,3319,3156,4601,3936,3545,3285,8443,5104,3788,3305,9576,5484,3911,3426,16.6268,-28.4925,8.53699,47.9087
15979,3739,3904,3861,3479,4239,5765,5168,3808,4585,7192,6018,4148,4132,4719,4293,3722,3.6595,-2.79412,8.72471,48.5147
15980,3153,3272,3387,3319,3318,3454,3777,4075,3289,3929,4709,6686,3429,3842,5923,12103,23.5934,32.543,8.79327,47.7767
15981,6331,9825,5965,4005,4734,5244,4478,3776,3715,3869,3601,3417,3315,3321,3251,3196,-27.735,-7.60425,8.67954,48.0287
15982,3379,3351,3126,3154,3912,3869,3593,3375,4952,5281,4304,3687,7112,9725,5202,3775,33.4003,-10.4372,8.75293,47.8647
15983,4501,5130,4240,3587,5544,7987,4862,3786,4609,5516,4365,3589,3885,3948,3539,3203,-5.52735,-9.03554,8.55885,48.194
15984,3440,3729,3877,3723,3570,4584,5944,4633,3816,5322,7759,5093,3577,4139,4612,4264,3.66433,6.601,8.54887,48.0547
15985,10534,7569,4282,3439,5740,4934,3888,3384,4002,3787,3538,3284,3403,3356,3210,3063,-29.962,-19.1835,8.75545,47.6087
15986,3301,3268,3292,3330,3307,3642,3796,3856,3583,4171,5461,4980,3748,5224,9792,7212,25.2351,10.8029,8.89089,47.9753
15987,4002,5573,8712,5994,3659,4588,6299,4862,3411,3762,4075,3722,3132,3368,3400,3324,-19.5853,7.91572,8.94308,47.922
15988,5150,8605,7150,4497,4495,5596,5030,3927,3643,3890,3870,3550,3320,3320,3499,3259,-23.2646,-2.57179,8.64226,48.534
15989,3395,3283,3315,3149,3910,3974,3465,3262,5323,5168,4108,3570,9037,9015,4673,3457,27.944,-14.9395,8.59064,48.0693
15990,3082,3374,3645,3731,3206,3633,4635,5155,3357,3933,6617,8756,3353,3860,5358,6333,9.76137,19.1891,8.94294,48.0187
15991,12490,6308,3958,3322,6155,4748,3780,3311,3890,3807,3489,3243,3335,3419,3193,3120,-32.3537,-26.2094,8.69119,47.712
15992,3870,3679,3404,3095,5512,4345,3622,3179,9975,5182,3857,3355,6963,4847,3866,3333,9.64939,-28.6093,8.63937,48.056
15993,3112,3195,3394,3390,3252,3495,3758,3941,3298,3778,4747,6093,3262,3840,6241,12559,33.8975,25.6036,8.98518,47.57
15994,3576,3477,3295,3053,4399,3945,3582,3184,8137,5319,3876,3327,9597,5922,3811,3451,16.9742,-24.1481,8.98279,47.9673
15995,10860,7489,4156,3430,5746,4998,3888,3370,3866,3863,3410,3186,3434,3464,3287,2984,-33.2309,-19.7421,8.91645,47.6207
15996,3533,3487,3319,3040,4493,4218,3583,3266,8411,5109,3851,3349,9278,5495,3852,3393,16.2446,-31.7402,8.67027,47.7847
15997,3212,3281,3303,3434,3210,3434,3985,4159,3391,3798,4985,7435,3324,3980,5775,10791,19.412,32.1536,8.58421,47.6647
15998,3870,5302,7141,5130,3868,5168,7229,5078,3598,3855,4371,3889,3251,3463,3484,3433,-15.1841,6.41713,8.64464,48.0867
15999,3281,3600,4261,4687,3245,4021,5827,7498,3547,3931,5630,7168,3363,3704,4171,4588,-0.603928,18.9843,8.60002,48.348
16000,3494,3967,6023,12204,3396,3743,4600,6162,3320,3446,3724,3857,3078,3211,3461,3419,-27.696,27.0241,8.58203,47.4033
16001,4805,7338,6148,4284,4626,6631,5531,4089,3807,4100,4034,3678,3357,3469,3385,3305,-16.6548,-2.71054,8.96197,48.3913
16002,3282,3345,3403,3181,3598,3767,3682,3483,4257,5192,4911,4025,5118,8684,7411,4652,25.4465,-1.95078,8.57603,47.994
16003,3747,4878,7638,6267,3563,4614,6859,5652,3442,3619,4200,3987,3111,3275,3578,3503,-16.8786,10.9802,8.51534,47.9553
16004,3380,3717,4657,5452,3343,3940,5802,9102,3290,3740,4764,6515,3145,3525,3812,4268,-4.84175,22.0155,8.74692,48.3013
16005,3394,3995,6581,11963,3385,3809,4852,6122,3230,3597,3816,3865,3176,3272,3262,3420,-27.5733,25.5766,8.5373,47.826
16006,3334,3312,3293,3259,3608,3901,3684,3519,4411,5477,4855,3994,5237,9085,6940,4357,24.0364,-3.34226,8.61912,48.1773
16007,4046,6063,9724,6169,3856,4635,5350,4740,3375,3633,3791,3847,3177,3185,3393,3269,-24.9406,7.02072,8.94545,48.1687
16008,3847,3584,3273,3154,5012,4152,3565,3299,9755,5286,3762,3389,7993,5155,3727,3374,12.2254,-29.1689,8.80346,48.218
16009,3130,3277,3411,3350,3250,3453,3690,3936,3273,3710,4738,5971,3438,4063,5968,12754,28.3961,32.1802,8.85792,47.608
16010,3238,3313,3399,3231,3515,3814,3765,3442,4411,5142,4702,3963,5393,9340,7101,4383,31.7336,-3.73429,8.76769,48.1013
16011,3317,3371,3209,3235,3897,3824,3439,3330,6812,4890,3830,3438,11931,5718,4021,3340,23.1461,-33.5784,8.77344,47.7347
16012,3309,3283,3222,3120,3837,3710,3416,3275,6118,4834,3790,3338,12451,6035,3992,3386,27.2298,-32.5758,8.79905,47.4107
16013,3398,3358,3234,3211,3982,3945,3570,3235,6061,5973,4190,3538,7886,8066,4676,3624,20.3635,-14.4248,8.64889,47.9647
16014,3165,3138,3389,3368,3263,3461,3911,4000,3513,3960,5456,5659,3788,4763,8723,8459,25.2227,14.4769,8.59008,48.0107
16015,3610,3772,3456,3355,4190,4975,4278,3642,5151,8169,5349,3824,4682,5454,4556,3706,8.6449,-6.69193,8.86292,48.1127
16016,3138,3283,3569,3706,3289,3616,4343,4786,3351,4045,6243,8374,3429,3942,5709,7368,12.9433,20.1257,8.60888,48.1273
16017,10883,6239,3982,3384,7155,5031,3961,3374,4254,3867,3520,3305,3416,3379,3217,3066,-21.0671,-24.8233,8.92082,48.022
16018,3377,3442,3198,3112,3810,3816,3434,3207,6011,4659,3744,3410,12487,5981,3962,3466,28.1507,-31.0888,8.55398,47.4107
16019,3189,3246,3505,3593,3260,3593,4003,4416,3375,3709,5140,8329,3412,3883,5763,9669,17.1044,25.0047,8.75147,48.0567
16020,3286,3784,4662,6237,3338,3660,5126,10150,3177,3633,4378,6111,3204,3380,3746,4124,-7.26676,30.5615,8.98664,47.9973
16021,10288,7398,4259,3408,6383,5290,3845,3484,4151,4017,3511,3211,3334,3328,3283,3123,-23.0514,-19.8117,8.61632,48.2087
16022,3513,3487,3161,3149,4354,4008,3473,3298,7972,5100,3714,3352,10125,5640,3896,3402,18.0059,-29.9738,8.56232,47.7627
16023,3035,3284,3390,3321,3322,3565,3885,3807,3584,4208,5192,5285,3629,5031,9537,8094,28.9926,12.5779,8.77052,48.1127
16024,3464,3984,5918,12287,3305,3739,4741,6364,3379,3295,3740,3986,3126,3249,3404,3427,-26.6342,31.0083,8.61481,47.6053
16025,3367,3728,4868,7026,3422,3858,5176,9973,3274,3642,4349,5522,3151,3334,3670,3912,-10.0911,28.9445,8.90061,48.1813
16026,3659,4908,9260,8098,3550,4097,5230,5185,3327,3556,3854,3790,3183,3232,3479,3321,-31.2965,13.2294,8.69366,47.8193
16027,4632,4305,3536,3309,7257,5545,3825,3287,7521,5687,4018,3409,4705,4352,3541,3243,0.399407,-19.7588,8.92139,48.1147
16028,3197,3260,3568,3635,3259,3624,4188,5060,3323,3921,5251,9577,3312,3823,5264,7512,11.4461,33.9755,8.82871,47.8493
16029,3394,3869,5513,8577,3463,3773,5197,9115,3280,3512,4076,4559,3165,3335,3514,3611,-14.3683,32.4425,8.55638,47.9687
16030,3046,3298,3464,3462,3189,3467,3827,4037,3411,3842,4896,6298,3337,4132,6928,11603,25.4979,22.9637,8.64675,48.158
16031,3450,3940,6048,12339,3405,3666,4721,6040,3212,3529,3705,3903,3218,3363,3391,3306,-29.9057,33.3511,8.59411,47.4907
16032,3207,3237,3326,3401,3354,3370,3759,3938,3455,3948,5031,5685,3531,4221,7574,10800,29.884,19.2926,8.6783,47.8913
16033,3400,3693,3963,3849,3699,4517,5779,4548,3699,5029,7866,5382,3654,4213,4795,4409,4.31454,7.6519,8.51035,48.33
16034,9135,5396,3837,3444,8958,5133,3693,3405,4715,4133,3423,3185,3656,3385,3334,3023,-15.1749,-30.9852,8.96371,47.9033
16035,6317,10064,5856,3941,4783,5272,4361,3587,3776,3778,3660,3368,3338,3359,3333,3211,-33.2829,-7.87679,8.87872,48.0027
16036,3505,3740,3544,3517,3718,4363,4695,3881,4339,6723,7027,4518,4215,5219,5479,4261,9.5751,0.75309,8.96098,48.496
16037,4303,5850,7146,4821,3921,5723,7114,4596,3521,3962,4230,3764,3345,3415,3434,3448,-15.4775,3.52547,8.96118,48.3953
16038,11725,7066,4087,3346,6001,4947,3811,3407,3957,3846,3483,3211,3350,3368,3162,3028,-27.8226,-22.4393,8.79664,47.8633
16039,10316,8010,4395,3402,5694,4929,3958,3445,4002,3838,3422,3297,3270,3393,3245,3094,-31.5,-18.4647,8.95464,47.8067
16040,3634,4077,5176,4842,3581,4530,8012,6115,3376,4072,5280,4857,3215,3552,3927,3834,-6.27708,11.2943,8.79494,48.0533
16041,3043,3344,3702,3777,3378,3721,4665,5058,3560,4180,7256,7789,3469,4014,5563,5838,9.25409,16.6065,8.87263,48.238
16042,5038,8643,7705,4611,4152,5188,5027,4041,3655,3879,3797,3519,3256,3464,3276,3210,-25.118,-1.51842,8.69571,48.3073
16043,3565,3645,3642,3383,3971,4742,4653,3763,4475,7105,6851,4418,4051,5126,5155,4014,8.76018,-0.371754,8.7405,48.3727
16044,3404,3411,3181,3138,4125,3960,3488,3240,6812,5207,3955,3424,10777,6778,3900,3398,21.8683,-22.2675,8.52248,48.132
16045,3474,4303,6804,8410,3404,4058,6018,6882,3403,3580,4062,4227,3158,3323,3515,3517,-17.9604,18.1426,8.54949,48.092
16046,4853,4643,3776,3440,6768,7057,4344,3705,5510,5716,4012,3568,4054,4153,3473,3215,-3.48477,-14.3868,8.57999,48.1913
16047,4384,7179,9421,5316,3940,4920,5019,4504,3412,3722,3686,3626,3185,3385,3399,3321,-29.6004,3.38336,8.74815,48.2793
16048,3565,3663,3499,3388,4169,4944,4352,3686,4740,7814,5884,4024,4490,5506,4889,3796,9.41342,-4.01107,8.64275,48.2727
16049,5556,8980,6670,4161,4512,5707,4920,3956,3580,3928,3801,3476,3297,3350,3284,3284,-22.8027,-4.30554,8.87286,48.308
16050,9246,5763,3904,3437,8475,5450,3853,3402,4569,3995,3568,3208,3474,3473,3279,3132,-16.0726,-24.1572,8.69226,48.152
16051,3076,3295,3538,3432,3364,3698,4108,4072,3559,4311,6479,5876,3633,4600,7940,6959,18.3601,12.7318,8.5546,47.96
16052,6233,9833,6282,4033,4506,5465,4512,3781,3682,3849,3642,3393,3313,3375,3338,3162,-25.306,-6.81701,8.83289,48.266
16053,11077,5852,3911,3398,7761,4961,3799,3308,4199,3859,3500,3263,3516,3390,3324,3102,-19.3044,-28.3832,8.99819,48.1467
16054,3459,3491,3260,3133,4022,3858,3456,3185,6654,4764,3873,3319,12158,5987,4030,3247,24.9956,-27.9985,8.58462,47.9307
16055,3357,3561,4157,4390,3354,4000,5553,6463,3404,4063,6355,7295,3299,3556,4562,4819,2.04364,17.7498,8.62433,48.1253
16056,3344,3499,3578,3292,3747,4346,4397,3691,4415,7119,6562,4231,4293,5861,5601,4214,12.137,-0.965029,8.97518,48.1267
16057,8455,6710,4354,3501,7245,5753,4073,3387,4425,4103,3561,3328,3603,3496,3353,3154,-17.2417,-18.6611,8.56197,48.334
16058,3989,5952,9153,5958,3824,4674,5797,4914,3422,3692,3783,3648,3144,3200,3447,3282,-22.0472,6.81249,8.68553,47.9193
16059,4002,3885,3450,3189,5961,4453,3775,3266,9383,5611,3742,3301,6166,4801,3846,3464,7.4288,-23.9174,8.53558,48.1967
16060,3652,4764,9256,8563,3442,4127,5259,5232,3324,3518,3844,3784,3119,3223,3316,3351,-27.9013,14.1414,8.96535,47.8493
16061,6424,4954,3885,3419,9213,5987,3949,3321,5415,4486,3738,3374,3754,3731,3452,3188,-9.07803,-21.8937,8.69172,48.1933
16062,3403,3885,6043,12108,3480,3853,4940,6439,3105,3312,3771,3922,3085,3267,3405,3465,-24.7225,33.7262,8.90459,47.6553
16063,4350,6809,9097,5354,3970,4746,5294,4476,3458,3747,3801,3567,3202,3388,3314,3235,-25.0612,3.70891,8.66104,47.872
16064,4124,4508,4174,3643,4619,7203,5478,3928,4439,6162,4996,3799,3730,4073,3949,3531,-2.01692,-4.21444,8.97169,48.2373
16065,3685,3521,3193,3108,4593,4065,3675,3199,8610,5470,3862,3415,8658,5670,3947,3348,15.2148,-23.0494,8.97959,48.0127
16066,4506,6376,6192,4512,4259,6536,6418,4290,3702,4154,4246,3662,3405,3494,3465,3415,-14.6147,-0.190857,8.83239,48.4213
16067,7368,8743,4866,3681,5440,5899,4278,3609,4024,4086,3646,3322,3454,3493,3245,3086,-21.3466,-12.3146,8.56191,48.16
16068,3142,3198,3340,3398,3249,3418,3924,3986,3294,3791,4781,6541,3302,3936,6100,12037,24.5196,29.033,8.521,47.6247
16069,3698,4267,4386,3998,3928,5570,7012,4497,3812,5112,6252,4350,3500,3845,4178,3934,-1.59839,3.98157,8.68162,48.226
16070,3177,3507,3931,4346,3389,3622,4896,7138,3318,3856,5397,9056,3310,3621,4342,5378,3.17348,24.4157,8.78977,48.1893
16071,3290,3712,4518,5720,3409,3746,5150,9675,3273,3605,4468,6748,3142,3399,3862,4191,-4.85901,28.6636,8.84589,47.9387
16072,4058,6208,9633,5974,3902,4509,5608,4705,3435,3674,3784,3684,3042,3237,3411,3368,-24.3087,6.35468,8.70029,48.1547
16073,3174,3215,3393,3558,3243,3452,3935,4410,3444,3817,5015,8236,3329,3900,5540,10097,17.8355,32.353,8.70133,47.8387
16074,6837,9860,5611,3882,4921,5258,4353,3685,3731,3750,3626,3420,3347,3409,3225,3112,-29.4163,-9.13072,8.73884,48.018
16075,3527,4180,4356,4010,3794,5180,6889,4584,3885,4989,6584,4582,3530,4001,4223,3975,-0.954887,5.07723,8.5067,48.1927
16076,5499,6300,4468,3653,6186,7728,4695,3652,4342,4548,3897,3412,3583,3595,3444,3266,-11.7073,-11.4609,8.6055,48.1787
16077,3567,3640,3409,3161,4405,4396,3777,3417,6581,7206,4404,3581,6302,6606,4480,3563,13.3346,-13.212,8.58604,48.33
16078,3273,3972,6915,11561,3471,3894,4943,5866,3279,3546,3856,3912,3106,3152,3380,3406,-33.4463,21.7693,8.58005,47.688
16079,3457,3357,3313,3120,4109,4047,3668,3360,6492,5994,4194,3585,8415,7441,4377,3529,19.2654,-16.6264,8.65445,48.3053
16080,11114,6158,3912,3358,7301,5139,3755,3427,4103,3864,3475,3280,3320,3372,3189,3064,-21.1581,-25.3987,8.67796,47.8873
16081,4309,4649,3938,3443,5187,7431,4763,3649,4866,6345,4469,3771,4007,4214,3829,3382,-2.31584,-8.07617,8.65819,48.168
16082,3465,3403,3323,3182,3812,3803,3413,3347,5924,4611,3810,3347,12370,6099,3908,3392,31.3209,-30.5835,8.57322,47.4727
16083,3638,4940,9635,7817,3624,4191,5222,5068,3446,3630,3858,3696,3116,3273,3362,3334,-33.6898,12.2689,8.87871,47.9
16084,4269,5780,5377,4250,4496,6983,6680,4311,3894,4458,4355,3729,3408,3593,3581,3428,-11.6808,-0.988718,8.55711,48.3947
16085,5691,6440,4448,3609,6126,7776,4633,3613,4418,4666,3812,3429,3626,3718,3428,3093,-12.2976,-11.639,8.72518,48.3507
16086,4591,4062,3560,3226,7077,5631,3878,3392,7581,5764,3957,3298,4772,4489,3662,3304,1.12476,-19.804,8.53811,48.1627
16087,3319,3557,3676,3580,3649,4415,5080,4200,3936,5805,7840,4973,3856,4612,5229,4261,7.75352,4.61867,8.71141,47.992
16088,3938,5387,7739,5378,3875,5069,7123,5031,3390,3890,4185,3798,3195,3435,3625,3381,-16.5038,6.6734,8.66949,48.2927
16089,3150,3290,3393,3400,3198,3472,3792,3899,3373,3809,5000,5946,3359,4155,7075,11567,27.8599,22.2088,8.64713,47.9187
16090,3652,4504,6032,5056,3891,5119,8150,5653,3496,4059,4833,4146,3308,3570,3702,3568,-10.4553,8.53407,8.54988,48.4927
16091,6355,6420,4371,3565,6986,7070,4270,3504,4447,4435,3717,3429,3640,3566,3406,3089,-13.1865,-14.679,8.85367,48.18
16092,5364,5838,4416,3560,6228,8013,4806,3761,4496,4905,3870,3533,3721,3752,3486,3186,-9.77905,-10.7715,8.79069,48.6233
16093,3274,3449,3512,3331,3529,4079,4320,3830,4145,5875,7157,4645,4084,5699,6846,4794,14.3022,3.3619,8.77824,48.3793
16094,10094,5534,3814,3293,8081,5127,3772,3473,4448,3935,3532,3282,3489,3520,3264,3107,-18.0153,-27.5291,8.54256,47.8433
16095,3611,4108,4944,4622,3700,4823,7851,5801,3606,4184,5571,4782,3449,3530,3960,3937,-5.07188,10.0321,8.50432,48.3193
16096,3283,3385,3561,3398,3639,4022,4196,3801,4098,5684,7024,4706,4172,5695,6668,4724,14.2247,3.8704,8.81862,48.0373
16097,3141,3329,3321,3362,3388,3611,3899,3742,3883,4516,5208,4817,3865,5911,9748,6170,33.755,7.32432,8.87511,47.9407
16098,3279,3276,3269,3250,3556,3706,3767,3587,4100,4935,5010,4242,4673,8041,8608,4939,27.9242,0.859973,8.78101,48.1587
16099,3370,3913,5793,9676,3313,3792,5289,8012,3210,3539,3958,4461,3149,3185,3517,3524,-17.3376,24.7313,8.76158,47.8007
16100,4291,6293,8170,5238,4005,5130,6215,4565,3562,3828,4004,3747,3192,3307,3473,3326,-19.364,3.78915,8.56472,48.2307
16101,11743,5852,3938,3304,7100,4914,3723,3323,4104,3858,3423,3226,3454,3435,3244,3078,-22.2738,-30.6601,8.9382,47.8127
16102,3410,3369,3240,3067,3848,3935,3494,3343,5915,5377,4124,3549,9117,8258,4629,3522,23.654,-16.4067,8.55035,48.1313
16103,3548,3784,3734,3396,4099,4980,4541,3695,4659,7453,6340,4123,4224,5159,4874,4004,7.55481,-2.2327,8.50723,48.4087
16104,12732,5964,3770,3372,5993,4673,3825,3420,3941,3582,3518,3284,3334,3255,3271,3185,-31.2904,-32.0528,8.92014,47.4127
16105,3282,3202,3334,3155,3843,3830,3689,3397,4683,5248,4610,3910,6040,9770,6051,3986,33.309,-7.13811,8.61862,48.02
16106,3301,3749,4824,5531,3365,4019,6166,8527,3402,3816,4987,6018,3203,3453,3864,4044,-5.43264,20.2094,8.75038,48.1793
16107,3497,3809,4290,3877,3804,4976,6645,4546,3913,5177,6952,4638,3501,4073,4441,4001,0.622752,5.45151,8.62083,48.0933
16108,3072,3244,3413,3517,3190,3377,3781,4124,3402,3964,5142,6377,3460,4126,6894,11006,23.8255,21.7931,8.56934,48.0593
16109,3185,3363,3270,3195,3824,4022,3790,3550,4794,6304,4810,3842,5725,8617,5908,4126,19.6683,-6.51503,8.83753,48.2167
16110,3515,4385,7134,7881,3540,4236,6357,6927,3402,3524,4111,4300,3140,3230,3484,3539,-16.7473,16.5119,8.91141,48.47
16111,12334,6041,3873,3478,6101,4769,3681,3458,3932,3788,3411,3218,3380,3329,3120,3223,-28.2127,-31.4977,8.60115,47.424
16112,3330,3746,4653,5785,3358,3718,5433,9616,3293,3691,4624,6576,3206,3434,3843,4127,-5.60391,25.6246,8.7848,48.2887
16113,3502,3460,3465,3301,4045,4445,4058,3598,5029,7408,5238,3907,5129,6889,5107,3916,13.8773,-6.49052,8.66957,48.3313
16114,4039,3680,3443,3100,6092,4550,3493,3316,9815,5464,3838,3436,6316,4689,3683,3228,7.17566,-25.8581,8.82163,48.1213
16115,4076,6405,9784,5657,3797,4668,5192,4490,3405,3729,3770,3694,3277,3274,3368,3343,-32.5722,5.58616,8.66139,47.9527
16116,3197,3490,3501,3562,3495,3823,4316,4195,3671,4563,7491,5898,3635,4640,6991,5931,14.5637,11.1426,8.91221,48.266
16117,3188,3269,3281,3173,3663,3812,3666,3385,4625,5201,4580,3896,6026,9788,6297,4163,30.3333,-6.3566,8.78183,48.0087
16118,3475,3918,5100,5027,3576,4262,7403,6993,3442,3981,5507,5340,3314,3480,3915,3880,-5.58382,14.2531,8.50917,48.4087
16119,3357,3621,3988,3899,3465,3910,5382,4892,3537,4451,7970,6237,3523,4056,5152,4851,6.02901,12.1462,8.91017,48.194
16120,3366,3779,5642,10420,3505,3842,5130,8088,3190,3537,4071,4276,3130,3167,3440,3613,-18.0597,30.717,8.84705,48.1307
16121,3203,3336,3625,3606,3314,3547,4134,4748,3406,3882,5652,8707,3389,3812,5443,8047,13.9428,22.9228,8.6297,47.9007
16122,3437,3391,3288,3099,4181,3862,3481,3252,6721,5220,3925,3330,10563,6954,4101,3491,22.1023,-21.303,8.79142,48.1973
16123,3341,4006,6094,10185,3430,3798,5218,7889,3326,3585,4050,4266,3067,3296,3490,3564,-18.517,24.7335,8.74252,48.4033
16124,8153,8157,4458,3620,5962,5890,4146,3533,3963,3988,3547,3194,3387,3379,3211,3144,-20.6873,-14.8371,8.9025,47.8213
16125,5095,6360,4675,3646,5572,7928,4973,3707,4232,4486,3911,3472,3610,3512,3389,3334,-11.9679,-8.7833,8.77544,47.9347
16126,4289,4024,3592,3266,6309,5428,3973,3478,7853,6237,3981,3458,5003,4532,3792,3344,2.87847,-18.6443,8.51043,48.3727
16127,4791,4126,3536,3344,8383,4933,3688,3493,8267,4984,3775,3326,4844,4177,3548,3191,-0.00339484,-28.2984,8.62286,48.2707
16128,3830,3645,3279,3119,5300,4228,3574,3269,9920,5168,3739,3471,7314,4938,3718,3381,10.5147,-29.5847,8.8332,47.9287
16129,3448,3306,3282,3098,4185,3996,3434,3189,7680,5016,3866,3316,10806,5879,3886,3365,19.5726,-27.6054,8.95994,47.8347
16130,3839,5385,9725,7437,3579,4303,5288,5120,3374,3641,3934,3740,3170,3306,3347,3364,-29.8351,10.6052,8.61956,48.368
16131,3059,3158,3426,3386,3165,3504,3794,3799,3486,3864,5070,5707,3578,4250,7983,10547,29.9224,18.5973,8.81602,47.8507
16132,3092,3111,3354,3345,3133,3440,3840,4001,3305,3779,4926,6094,3256,3858,6417,12393,29.2881,25.1392,8.95084,47.5627
16133,3436,3452,3247,3115,4144,3910,3318,3251,6717,4964,3837,3385,11939,6033,3903,3387,23.3876,-27.8601,8.70383,48.0253
16134,11043,5760,4033,3365,7459,4994,3833,3317,4151,3889,3446,3177,3433,3417,3218,3220,-20.5478,-28.4391,8.52256,47.8367
16135,5088,4505,3744,3378,7882,6120,4089,3472,6548,5401,3839,3379,4348,4060,3601,3203,-2.64108,-19.4718,8.79104,48.438
16136,4086,4379,4083,3565,4856,7291,5298,3901,4609,6527,4988,3679,3816,4157,3885,3590,-1.51429,-5.30475,8.74497,48.4733
16137,3506,4595,8946,8997,3463,4007,5268,5370,3299,3564,3777,3916,3122,3367,3435,3403,-30.0308,14.917,8.74921,48.0233
16138,3429,3657,4384,4528,3519,4195,6502,6001,3481,4278,6425,6095,3447,3730,4210,4460,-0.210955,13.9181,8.64738,48.2273
16139,9814,7979,4208,3518,6086,5428,4069,3462,3968,3884,3563,3361,3257,3324,3282,3107,-23.4478,-18.0561,8.81564,48.2067
16140,3123,3173,3521,3499,3345,3558,3954,4356,3446,3931,5188,8085,3271,3799,5698,10023,17.9277,26.3824,8.67652,47.98
16141,5032,4788,3824,3561,6904,7235,4261,3569,5580,5568,3918,3519,4074,3973,3447,3214,-4.31888,-14.6298,8.65727,48.3113
16142,3389,3716,4364,4909,3349,4033,6139,7343,3500,3835,5692,6623,3211,3616,4231,4516,-1.64586,17.6194,8.99104,48.3107
16143,3235,3359,3808,3840,3381,3832,4995,5293,3362,4142,6971,8175,3341,3896,5122,5787,7.42995,17.66,8.86193,48.3593
16144,3309,3404,3345,3186,3539,3938,3890,3576,4249,5359,5444,4164,4800,7837,7577,4607,22.051,-0.51194,8.72977,48.1493
16145,3295,3362,3344,3225,3780,3852,3755,3369,4663,5859,4720,3829,5950,9286,6061,4070,22.4867,-6.40254,8.87169,48.28
16146,3941,5994,9834,6356,3766,4459,5631,4791,3432,3595,3867,3848,3161,3272,3304,3250,-24.6646,7.63443,8.88117,48.334
16147,5103,8456,6656,4190,4505,6050,5173,4013,3692,3875,3782,3603,3278,3375,3348,3179,-20.1506,-3.06946,8.78627,48.1853
16148,3368,3768,5569,8869,3418,3906,5153,8854,3375,3458,3974,4672,3156,3291,3513,3607,-15.1891,26.7863,8.60104,47.9673
16149,3457,4054,7127,11523,3509,3802,5018,6035,3233,3412,3781,3933,3020,3268,3418,3309,-27.0782,21.8468,8.61865,47.9327
16150,3162,3462,3602,3544,3369,3777,4498,4218,3672,4657,7318,5909,3764,4593,6941,5904,13.9423,11.3744,8.62913,48.26
16151,3431,3356,3215,3089,3947,3760,3316,3217,6521,4863,3769,3310,12241,6104,3922,3357,24.7626,-29.1023,8.75852,47.612
16152,3181,3468,4121,4355,3313,3763,5122,6894,3344,3878,5653,8539,3243,3623,4419,5104,2.86878,22.7815,8.54085,48.0133
16153,10366,6024,3900,3376,7659,5047,3955,3416,4312,3928,3438,3144,3550,3551,3167,3035,-19.0141,-24.8656,8.7336,47.912
16154,3351,3298,3214,3184,3903,3768,3524,3327,5436,4991,3993,3516,9516,8557,4417,3462,32.5544,-16.5029,8.92732,47.638
16155,3367,3426,3233,3244,3918,3702,3433,3266,5967,4659,3834,3360,12517,5779,3821,3386,31.8097,-31.9144,8.76945,47.2747
16156,3727,4533,5816,4814,3769,5084,8349,5467,3518,4107,4979,4173,3202,3480,3658,3717,-9.46422,8.15714,8.8582,48.262
16157,5191,4388,3629,3272,7982,6138,4037,3459,6664,5356,3849,3365,4244,3998,3584,3222,-2.95691,-19.8814,8.70629,48.252
16158,3207,3406,3428,3194,3506,3626,3727,3563,4173,4971,5239,4311,4734,8015,8348,4712,25.3154,0.814929,8.69163,48.1067
16159,3953,4041,3581,3355,5128,5838,4230,3488,6168,7622,4415,3528,4599,4762,4040,3438,3.57965,-11.6293,8.97283,48.124
16160,3328,3895,5325,6604,3352,3960,6238,9026,3397,3681,4462,5277,3117,3351,3607,3797,-9.99041,20.9765,8.71052,48.278
16161,3439,3476,3165,3145,3950,3769,3576,3154,5860,4943,3884,3408,11984,6764,4115,3282,29.9967,-23.7362,8.54802,47.9427
16162,3127,3183,3412,3406,3160,3436,3944,4059,3325,3829,4946,6621,3341,3923,6652,11227,23.6226,23.1158,8.60878,47.7273
16163,3982,3863,3343,3065,5930,4600,3587,3281,9759,5505,3870,3298,6305,4752,3662,3269,7.47074,-26.1512,8.74143,48.0473
16164,3220,3193,3367,3365,3280,3536,3782,3988,3598,3758,4741,6191,3359,3797,5962,12232,27.2618,32.2069,8.52673,47.5793
16165,3492,3546,3223,3125,4279,3898,3572,3308,7972,4954,3844,3350,10188,5599,3852,3449,17.9254,-31.8405,8.92735,47.7673
16166,7731,9533,5156,3701,5081,5289,4135,3643,3756,3791,3571,3239,3380,3520,3309,3093,-27.0976,-11.9686,8.54711,47.952
16167,5760,9477,6702,4313,4441,5207,4736,3942,3617,3819,3750,3432,3302,3412,3384,3289,-26.5144,-4.65214,8.6234,48.3887
16168,3011,3190,3573,3732,3232,3660,4294,5000,3399,3942,5749,9316,3363,3932,5247,7271,11.8534,23.0126,8.90571,47.9407
16169,3281,3738,4636,5767,3429,3749,5194,9697,3272,3777,4623,6425,3186,3575,3755,3997,-5.54984,33.9342,8.62932,48.0673
16170,3061,3393,3713,4129,3288,3641,4387,6154,3425,3730,5267,9948,3453,3715,4663,6104,6.70535,29.459,8.80477,48.0473
16171,3211,3260,3328,3232,3544,3775,3710,3626,4154,5106,4940,3998,4882,8534,7939,4565,27.6322,-0.813139,8.85562,47.8693
16172,3986,3965,3441,3251,6182,4544,3520,3299,9634,5182,3869,3419,5847,4581,3692,3366,6.00049,-33.3394,8.51982,47.852
16173,3434,3257,3177,3049,3929,3851,3315,3241,6334,4804,3833,3496,12313,6226,3851,3378,26.2433,-27.0705,8.80469,47.6587
16174,6271,5501,4024,3420,7821,6897,4123,3506,4928,4506,3821,3300,3833,3739,3376,3196,-10.0609,-17.339,8.5108,48.1747
16175,3328,3351,3311,3087,3931,3816,3501,3166,5801,5042,3927,3367,11143,7321,4262,3432,28.3637,-20.9436,8.53825,47.8573
16176,4853,5024,4026,3496,6569,7617,4425,3553,5181,5406,3935,3374,3964,3932,3616,3315,-5.55576,-13.1867,8.71514,48.1907
16177,5235,6376,4595,3707,5631,7803,4921,3766,4123,4677,3917,3489,3684,3662,3373,3317,-11.3507,-8.61601,8.59247,48.184
16178,3305,3350,3549,3383,3457,3825,4476,4171,3790,4954,7659,5548,3701,4853,6997,5579,13.8842,8.78015,8.68209,48.398
16179,3156,3462,3938,4054,3422,3763,5067,5712,3424,3996,6678,7916,3436,3899,4803,5384,5.7978,17.8668,8.9451,48.0733
16180,4031,6396,9829,5949,3772,4569,5260,4575,3372,3724,3852,3782,3177,3281,3403,3343,-33.4142,5.86482,8.99099,48.21
16181,3374,4146,7374,11042,3380,3946,4998,5818,3200,3426,3787,3912,3056,3337,3466,3307,-33.8263,20.4095,8.64776,47.7127
16182,6027,4551,3680,3354,9663,5388,3804,3361,6334,4491,3690,3241,4208,3790,3461,3209,-6.30916,-27.6429,8.73255,48.168
16183,3445,3329,3166,3049,4024,3833,3400,3203,6439,4792,3831,3405,12227,6547,3979,3310,25.7102,-25.7264,8.77481,47.986
16184,4292,6468,9706,5783,3785,4520,5065,4682,3402,3643,3863,3650,3250,3273,3300,3278,-30.121,5.45317,8.9205,47.9733
16185,3424,3511,3231,3076,4286,4052,3581,3233,7860,4971,3726,3324,10574,5750,3799,3340,18.8,-28.5846,8.86526,47.8253
16186,8004,5358,3943,3351,9297,5518,3912,3387,4807,4216,3542,3268,3687,3664,3270,3110,-13.1635,-24.8946,8.65073,48.2227
16187,3430,3494,3353,3229,4024,4079,3685,3400,5828,6769,4440,3702,6679,7909,4829,3622,17.7238,-11.8819,8.95415,48.3147
16188,3862,4162,4454,3815,4087,6044,6657,4411,3965,5342,5855,4166,3706,3968,4112,3687,-2.4666,1.4143,8.88299,48.1953
16189,9226,8594,4605,3560,5465,5095,4053,3496,3945,3856,3440,3224,3504,3414,3253,2995,-28.4246,-15.6952,8.58243,47.8167
16190,3811,3655,3149,3025,5212,4253,3609,3268,9762,5331,3926,3433,7288,4994,3837,3304,10.6451,-27.4569,8.65949,47.9047
16191,5456,9452,6708,4059,4493,5191,4734,3929,3729,3776,3696,3530,3276,3313,3407,3213,-33.7603,-4.76988,8.55103,47.9747
16192,4991,4246,3524,3252,8675,4985,3764,3315,7941,5032,3715,3396,4809,4192,3403,3270,-0.889002,-27.0398,8.73746,48.34
16193,3629,4506,8422,8058,3574,4253,5960,5871,3338,3593,3923,3985,3150,3243,3486,3369,-21.4303,14.4045,8.64456,48.24
16194,3313,3285,3326,3333,3560,3818,3688,3589,4199,5115,4954,4103,4891,8592,7720,4646,26.4535,-1.32426,8.66389,48.088
16195,3457,3941,5798,11011,3356,3735,5047,7578,3134,3523,3800,4212,3103,3469,3457,3497,-19.9764,27.0078,8.86172,48.0787
16196,6951,4723,3738,3305,9826,5201,3801,3315,5573,4263,3616,3237,3769,3724,3358,3185,-9.35802,-31.623,8.59317,47.7233
16197,3494,3726,4189,3939,3560,4472,6211,4833,3755,4994,7638,5280,3478,3916,4608,4318,2.89524,8.32584,8.59661,48.274
16198,6714,9630,5624,3829,4946,5253,4400,3660,3747,3843,3465,3408,3307,3450,3318,3252,-33.3551,-9.24844,8.56826,47.8973
16199,3749,3557,3372,3069,4516,4111,3632,3411,7812,6207,4046,3466,7813,6142,4175,3409,14.7459,-19.0501,8.61053,48.3247
16200,3362,3501,3269,3163,3722,3971,3589,3339,5070,5612,4496,3707,6838,9643,5447,3859,24.3573,-9.45298,8.85734,48.392
16201,4268,4217,3684,3419,5734,6201,4122,3448,6056,7089,4298,3399,4581,4542,3858,3380,1.71561,-13.2752,8.76503,48.1973
16202,3509,3786,4406,4038,3596,4757,6913,5056,3628,4765,6777,5156,3550,3786,4439,4280,0.212336,8.62197,8.61299,48.2947
16203,4588,7512,9164,5236,4093,4730,5185,4358,3446,3694,3811,3529,3232,3305,3346,3204,-27.977,2.53118,8.75032,48.2887
16204,5524,6641,4577,3728,5781,7705,4843,3652,4200,4545,3944,3465,3529,3576,3354,3168,-13.3729,-9.85491,8.77242,48.1547
16205,3223,3602,3910,3991,3365,4072,5481,5033,3587,4471,7668,6391,3580,4037,4983,4855,5.42019,12.4417,8.77376,48.166
16206,3519,4332,6803,8635,3529,3990,5772,7138,3217,3609,4069,4199,3170,3302,3465,3459,-17.9851,19.022,8.53097,48.1387
16207,3949,3917,3658,3439,4924,5539,4054,3487,6064,7921,4716,3604,4727,5002,4059,3518,5.49197,-10.9556,8.76623,48.3853
16208,3550,4634,9097,8960,3388,4138,5175,5390,3308,3492,3880,3913,2995,3131,3212,3398,-32.5632,15.1844,8.93745,47.774
16209,3775,3538,3312,3149,4684,4138,3500,3201,8227,6176,3984,3379,7732,5877,4017,3470,13.9269,-19.7507,8.87933,48.106
16210,12320,6513,3905,3354,6041,4838,3855,3375,3998,3733,3446,3296,3455,3431,3214,3154,-30.7027,-25.3997,8.71096,47.952
16211,3331,3349,3277,3148,3882,3813,3588,3273,5149,5642,4372,3596,7403,9644,5190,3689,24.2613,-11.3212,8.99218,48.2307
16212,3868,4947,6938,5271,3951,5024,7460,5320,3469,3884,4325,4023,3317,3338,3588,3397,-14.3172,7.61787,8.52335,48.08
16213,4091,5844,7758,5126,3842,5306,6755,4919,3587,3972,4122,3775,3159,3390,3414,3480,-17.3492,4.59882,8.81543,48.36
16214,4331,4852,4147,3561,5378,7734,5034,3751,4590,5869,4471,3625,3737,4126,3747,3439,-3.67454,-7.67583,8.82522,48.2613
16215,3162,3308,3383,3559,3346,3711,4221,4264,3466,4318,6765,6235,3570,4559,7408,6973,16.6604,13.3478,8.78879,48.1653
16216,5183,9159,7420,4500,4307,4991,4712,3969,3494,3748,3702,3570,3286,3407,3357,3237,-30.4183,-2.4425,8.62461,48.028
16217,4560,4068,3438,3221,7469,4890,3669,3298,8863,4984,3718,3317,5122,4324,3605,3146,1.96692,-30.0134,8.70966,47.7947
16218,3614,4159,5503,4903,3648,4811,8154,6013,3496,4090,5171,4630,3232,3547,3776,3695,-7.98509,10.5902,8.74163,48.2947
16219,3365,3600,3701,3559,3732,4430,4871,4061,4088,5930,7674,4752,3820,4833,5563,4433,9.07793,3.71612,8.70519,48.2747
16220,3441,3772,6153,12476,3358,3731,4700,6056,3227,3364,3809,3857,3235,3326,3331,3437,-31.5931,28.3945,8.54232,47.5153
16221,3549,3783,3520,3343,4027,4948,4659,3892,4648,7324,6356,4198,4367,5262,4818,3909,8.18473,-2.49138,8.57253,48.402
16222,3085,3365,3529,3710,3188,3599,4110,4683,3356,3836,5492,8552,3363,3872,5667,8645,15.023,23.8012,8.89877,48.0347
16223,12209,6123,4014,3431,6714,4840,3794,3394,4088,3857,3411,3188,3359,3236,3166,3137,-24.3236,-27.6612,8.89359,47.974
16224,3195,3320,3735,4046,3335,3590,4410,6283,3304,3813,5260,10160,3251,3636,4756,6042,6.89522,29.1549,8.99565,48.0907
16225,3349,4050,6877,11401,3430,3944,4982,6036,3280,3450,3834,3898,3197,3273,3389,3432,-30.5775,21.7146,8.63624,47.8813
16226,3048,3287,3486,3600,3213,3552,4138,4585,3475,3990,5836,8176,3395,4095,5997,8332,15.053,20.604,8.82034,48.1367
16227,3422,3667,3619,3340,3842,4392,4377,3730,4342,6949,6673,4304,4256,5550,5424,4127,11.0649,-0.659924,8.69503,48.0093
16228,8819,5216,3887,3373,9201,5231,3833,3383,4663,4145,3422,3352,3611,3587,3293,3146,-14.3117,-29.8246,8.89443,48.108
16229,3169,3417,3534,3415,3264,3647,4077,4070,3578,4230,6289,6361,3569,4508,7502,7902,18.0922,15.764,8.8874,48.3547
16230,8220,9248,4847,3504,5227,5271,4270,3531,3893,3836,3672,3202,3363,3533,3204,3092,-33.7437,-13.4151,8.9252,47.942
16231,3293,3451,3223,3066,3834,3937,3447,3211,5468,5087,3940,3624,9159,8795,4748,3515,32.1624,-15.3271,8.90674,47.8653
16232,4832,4271,3581,3292,8588,4894,3663,3394,8041,4820,3716,3330,4597,4187,3519,3241,-0.661342,-32.7446,8.95316,47.9773
16233,3254,3478,4255,4434,3320,3834,5535,7053,3386,3987,5912,7805,3296,3653,4451,4986,1.24713,19.617,8.82507,48.426
16234,3723,4490,6049,5152,3652,4845,8032,5865,3414,3935,4800,4383,3239,3474,3643,3576,-10.3387,10.1237,8.81915,48.1813
16235,3112,3323,3638,3653,3386,3540,4210,4761,3473,3938,5926,8526,3416,3976,5644,7678,13.5261,20.9646,8.81903,48.1333
16236,3177,3469,4051,4178,3303,3734,4736,6752,3391,3763,5034,9512,3212,3671,4513,5372,4.22915,33.5352,8.78345,47.912
16237,12403,6011,3865,3350,6483,4707,3732,3352,3956,3738,3387,3225,3407,3408,3272,3103,-25.6468,-29.2993,8.68663,47.5993
16238,3597,3954,4912,4740,3567,4490,7570,6409,3449,3993,5659,5260,3245,3540,4028,3975,-4.43397,12.7254,8.71952,48.2587
16239,3619,4238,4696,4234,3849,5537,7685,4970,3656,4647,5795,4517,3475,3741,3942,3723,-4.13006,5.25845,8.84561,48.216
16240,3669,3961,4294,3929,3849,5426,6771,4569,3873,5199,6556,4403,3651,3932,4370,3927,-0.358727,3.90065,8.91085,48.2527
16241,3945,5722,9916,6614,3761,4368,5325,4924,3316,3590,3730,3809,3003,3195,3392,3359,-26.465,8.62434,8.72455,47.9793
16242,12763,6047,3919,3379,6249,4823,3678,3398,3935,3740,3428,3285,3362,3291,3222,3092,-27.15,-29.379,8.92253,47.7407
16243,3710,3591,3349,3042,4837,4564,3690,3456,8090,6601,4158,3460,6681,5565,3927,3365,11.4536,-18.4776,8.89701,48.0573
16244,3407,3696,4011,3981,3520,4116,5692,5022,3607,4521,7547,6330,3444,3992,4860,4792,4.7402,11.6366,8.55109,48.3587
16245,4295,4309,3664,3264,5526,6427,4273,3527,5945,7058,4367,3586,4318,4381,3813,3365,1.33948,-11.845,8.8594,48.0787
16246,6413,6787,4383,3514,6502,7328,4381,3642,4331,4371,3721,3446,3520,3480,3280,3185,-14.0701,-13.5816,8.78039,48.1893
16247,4045,5324,6126,4476,4032,6048,7486,4669,3713,4262,4411,3935,3304,3439,3641,3420,-11.7625,3.12028,8.89647,48.2207
16248,4422,3963,3494,3201,7193,4799,3709,3242,9191,5076,3829,3274,5212,4361,3623,3308,3.05709,-30.2141,8.79193,47.9313
16249,12653,6041,3869,3346,6218,4746,3758,3304,3993,3735,3367,3304,3349,3345,3275,3186,-27.7135,-31.5932,8.97577,47.6593
16250,12478,6103,4013,3486,6303,4719,3770,3486,3875,3683,3434,3253,3363,3366,3228,3174,-26.7143,-27.9575,8.67675,47.8227
16251,3176,3352,3397,3243,3310,3726,3928,3626,3616,4384,5304,4776,4022,5671,9969,6328,33.6546,7.83178,8.99844,47.8853
16252,3489,4009,5438,7318,3488,3961,6145,8471,3270,3717,4346,4922,3164,3321,3554,3755,-12.3704,20.2977,8.80361,48.2453
16253,3260,3849,4328,4477,3548,4200,6698,6394,3425,4188,6383,5995,3423,3657,4221,4468,-0.858328,14.0712,8.81083,48.3427
16254,3453,3601,3558,3389,3897,4442,4279,3663,4549,7335,6244,4082,4385,5959,5296,4188,11.6301,-2.23741,8.89068,48.2133
16255,3354,3381,3291,3192,3921,3829,3439,3196,5876,5025,3954,3397,10952,7304,4217,3485,28.9269,-20.7061,8.56842,47.8753
16256,3616,4592,8813,9128,3549,3969,5032,5405,3239,3567,3798,3777,3184,3241,3460,3501,-29.7736,15.451,8.84936,47.914
16257,3123,3334,3680,3933,3299,3593,4493,5399,3427,3964,5848,9253,3263,3801,4991,6680,9.33259,22.8852,8.86414,48.054
16258,9008,5386,3792,3438,8978,5076,3790,3457,4594,4011,3576,3297,3666,3496,3320,3122,-15.2276,-28.9971,8.8536,48.0047
16259,3244,3240,3260,3174,3459,3678,3707,3630,4245,4972,5134,4160,4639,8102,8795,4900,28.7215,0.983153,8.79967,48.226
16260,3270,3340,3373,3328,3531,3724,3845,3840,3899,4828,5918,4569,4245,6313,8818,5384,20.9113,4.84304,8.82415,48.15
16261,5161,4290,3517,3235,8726,5032,3799,3254,7556,4833,3793,3358,4555,4108,3422,3247,-2.05835,-33.6174,8.50504,47.924
16262,4761,5565,4504,3616,5470,8151,5002,3807,4522,5114,4092,3472,3569,3722,3573,3293,-8.88523,-8.35045,8.62963,48.1553
16263,3506,3556,3541,3314,4109,4535,4023,3645,5196,7672,5412,3900,4847,6374,5016,3743,12.2395,-6.04404,8.62657,48.2593
16264,3318,3860,5024,7117,3465,3880,5658,9588,3274,3578,4424,5237,3248,3325,3737,3909,-10.5979,24.0184,8.84963,48.428
16265,3602,3664,3504,3312,4210,4598,3971,3485,5457,7592,5097,3674,5128,6339,4793,3736,11.9861,-8.21928,8.53518,48.108
16266,8408,9353,4725,3616,5225,5141,4219,3503,3850,3954,3606,3234,3278,3417,3287,3094,-28.0087,-13.7563,8.97253,47.94
16267,10478,5667,3770,3424,8060,4943,3778,3292,4295,3960,3394,3126,3493,3429,3298,3201,-18.3017,-31.6869,8.99752,47.7387
16268,3415,4489,7375,8828,3497,4092,5781,6457,3303,3563,4023,4013,3017,3278,3404,3369,-20.1841,17.2531,8.75888,47.936
16269,3358,4110,6282,9650,3449,3980,5381,7641,3228,3450,3987,4412,3050,3376,3424,3462,-18.338,22.5376,8.72544,48.16
16270,3139,3302,3351,3280,3280,3674,3743,3704,3601,4297,5314,4928,3772,5195,9697,7560,29.09,11.1865,8.85126,47.8913
16271,3360,3878,6168,12868,3327,3864,4701,6265,3285,3499,3863,3923,3076,3268,3276,3304,-28.0219,27.5009,8.99856,47.95
16272,3411,3985,5713,9973,3323,3947,5060,8296,3151,3486,4029,4342,3041,3274,3453,3490,-17.3008,25.4058,8.96235,47.9827
16273,3550,4688,6502,5296,3709,4876,7882,5712,3501,3889,4563,4331,3264,3392,3656,3549,-12.3992,9.87911,8.64433,48.24
16274,4323,3926,3478,3264,6677,4955,3700,3294,9010,5641,3878,3379,5427,4495,3737,3277,4.08131,-22.6157,8.79586,48.3073
16275,3674,4649,6508,5271,3920,4924,7959,5675,3371,3992,4534,4250,3135,3456,3655,3656,-12.0655,9.12563,8.85854,48.4193
16276,3387,3694,4676,6040,3308,3848,5258,9946,3318,3696,4509,6114,3233,3449,3700,3958,-6.9303,33.1775,8.94996,48.0893
16277,3194,3332,3424,3192,3453,3800,3829,3635,4041,4875,5345,4250,4482,7557,8718,4996,25.1614,2.00854,8.96047,48.082
16278,3418,3829,4785,4346,3614,4536,7221,6035,3515,4254,6368,5520,3352,3749,4232,4065,-2.18731,11.8805,8.79683,48.5593
16279,3513,4023,4310,4120,3710,5135,7344,4981,3616,4909,6599,4671,3459,3899,4213,3825,-1.55719,6.75679,8.99384,48.218
16280,4763,6898,5995,4368,4499,6765,5933,4187,3662,4166,4069,3562,3345,3474,3466,3304,-15.4769,-2.33576,8.93934,48.304
16281,3225,3303,3504,3200,3425,3673,3837,3613,3885,4561,5417,4661,4075,6307,9559,6011,26.0051,6.13519,8.70537,48.1707
16282,3769,5067,8804,7382,3661,4304,6093,5438,3356,3561,3896,3901,3181,3343,3339,3435,-21.9285,12.0399,8.69996,48.3533
16283,4045,4961,4755,4000,4367,7032,6816,4191,3948,4963,4890,3863,3620,3763,3742,3607,-6.35519,-0.338352,8.65363,48.3753
16284,3711,3600,3329,3130,5019,4358,3706,3306,8818,5790,3932,3450,7876,5456,3907,3400,12.9109,-22.3435,8.71328,48.5253
16285,7265,5750,4059,3344,8337,6151,3918,3408,4904,4399,3660,3222,3706,3595,3322,3124,-12.5597,-19.7662,8.58329,48.1093
16286,4699,6470,5359,3875,4745,7571,5758,3955,3914,4463,4078,3543,3552,3507,3497,3291,-12.5753,-3.91192,8.83893,48.1847
16287,3565,3566,3341,3294,4370,4364,3667,3358,6581,7319,4324,3570,6417,6852,4373,3564,13.7352,-13.7781,8.79395,48.35
16288,3213,3357,3327,3149,3975,3791,3446,3137,6036,4859,3836,3409,12026,6788,4079,3358,27.9859,-22.7781,8.92895,47.8573
16289,4157,3918,3372,3199,6126,4812,3746,3296,8829,6135,3925,3397,5415,4884,3675,3335,5.215,-20.6918,8.90445,48.1473
16290,3406,3846,4955,6017,3348,4036,6204,9144,3375,3587,4655,5597,3183,3316,3676,4042,-7.60945,20.8271,8.97054,48.258
16291,3141,3361,3772,3897,3245,3641,4285,5897,3437,3803,5316,10150,3290,3636,4642,6700,8.19606,28.3121,8.85864,48.142
16292,3226,3433,3734,4040,3357,3677,4454,5822,3413,3769,5365,9652,3263,3656,4788,6449,8.05137,26.8197,8.51292,48.0653
16293,3993,5688,8454,5710,3852,4761,6351,4985,3484,3762,4006,3764,3173,3369,3333,3329,-19.6506,7.11017,8.67728,48.0093
16294,3337,3723,4592,5790,3326,3667,5263,9814,3286,3663,4553,6305,3095,3538,3880,4060,-5.93005,33.6653,8.96274,47.928
16295,3304,3328,3332,3275,3682,3746,3802,3475,4409,5100,4644,3893,5209,9296,7342,4428,30.9114,-2.79414,8.76585,48.1767
16296,3263,3700,4072,3991,3556,4261,5842,4841,3791,4927,7836,5702,3437,4017,4923,4617,4.51907,10.2179,8.62591,48.5173
16297,3139,3284,3333,3283,3410,3628,3820,3735,3740,4502,5438,4876,3892,5664,9792,6742,26.2428,8.99383,8.78537,48.1853
16298,3774,5268,9688,7037,3642,4364,5425,5025,3398,3586,3847,3687,3130,3225,3482,3314,-24.948,10.1439,8.77006,47.928
16299,3276,3325,3276,3273,3504,3782,3739,3724,4110,4860,5000,4220,4731,7788,8643,4929,30.6542,1.08402,8.55839,48.12
16300,4495,4142,3559,3219,6813,5705,3898,3320,7580,6004,3926,3480,4739,4365,3535,3353,1.59415,-19.1293,8.77339,48.0887
16301,3505,3483,3168,3049,4118,4006,3493,3262,6219,5591,3987,3525,9072,7771,4459,3469,21.4062,-17.2234,8.71224,48.118
16302,10970,5887,4007,3361,7410,4994,3686,3348,4161,3870,3586,3277,3441,3515,3242,3070,-20.2184,-33.9481,8.76958,47.8833
16303,3382,3896,5469,9608,3405,3936,5180,8432,3323,3515,4038,4477,3142,3268,3443,3514,-16.5751,32.9702,8.59554,48.0187
16304,3119,3311,3361,3337,3488,3586,3951,3810,3612,4422,5850,5285,3784,5129,9184,6755,21.8839,10.0715,8.85615,47.9893
16305,12253,6292,3940,3388,6130,4845,3838,3419,3906,3691,3518,3262,3464,3362,3276,3036,-29.6246,-25.8664,8.68666,47.7467
16306,3445,3485,3277,3147,4363,3978,3542,3259,7503,5249,3845,3321,10032,6136,4036,3415,18.9351,-23.8842,8.77257,48.022
16307,7900,5041,3802,3359,9669,5147,3819,3380,4946,4176,3583,3258,3690,3602,3292,3176,-12.3835,-32.8684,8.96802,47.8933
16308,3147,3235,3496,3432,3173,3568,4099,4645,3329,3858,5102,8710,3369,3899,5384,9316,15.5855,32.3255,8.88432,47.8413
16309,3405,3917,5943,11322,3409,3815,4933,7193,3212,3497,3877,4098,3038,3208,3377,3323,-21.4485,33.9426,8.65251,47.7113
16310,3575,3700,3435,3249,4386,4391,3779,3408,6377,7473,4561,3657,5929,6543,4415,3643,13.1771,-12.5632,8.5105,48.3473
16311,4675,7116,7529,4660,4212,5444,5786,4351,3543,3820,3955,3553,3191,3249,3436,3384,-19.3136,0.906853,8.96041,47.936
16312,3373,3615,4234,4311,3375,4130,6080,6262,3486,4083,6516,6802,3364,3792,4410,4620,1.15777,15.7099,8.78069,48.302
16313,5851,4573,3691,3343,9690,5193,3698,3351,6529,4652,3600,3271,4079,3854,3456,3105,-5.64197,-30.4652,8.95679,47.9573
16314,4448,6781,8247,5056,4082,5194,5829,4353,3549,3853,3937,3647,3246,3363,3400,3336,-20.5644,2.61546,8.65663,48.214
16315,3066,3162,3492,3577,3247,3577,4200,4907,3433,3780,5471,9398,3338,3871,5212,8048,12.7568,26.2419,8.82692,47.8527
16316,3312,3433,3376,3176,3993,3698,3388,3169,6010,4677,3816,3326,12826,5837,3919,3395,30.4958,-30.8806,8.95157,47.5673
16317,3318,3385,3237,3115,3784,3816,3612,3442,4886,5708,4527,3694,6386,9430,5563,4031,23.8508,-8.17642,8.60293,47.956
16318,6481,4910,3818,3312,9748,5207,3799,3391,5601,4412,3694,3257,3863,3663,3283,3257,-8.47312,-33.403,8.615,47.7973
16319,3568,4231,6019,5961,3418,4443,7142,7121,3294,3758,4597,4675,3256,3378,3612,3685,-11.2771,14.837,8.81208,48.1053
16320,3311,3758,4619,4603,3448,4118,6945,6426,3437,4193,6087,5816,3352,3734,4404,4161,-1.82302,14.0048,8.82482,48.2747
16321,5788,4382,3621,3191,9729,5099,3838,3402,6985,4537,3618,3363,4244,3841,3410,3158,-4.95401,-28.7178,8.92155,48.1373
16322,3393,3928,5261,5794,3602,4201,6900,7896,3281,3678,4785,5100,3192,3490,3796,3783,-8.61482,17.1824,8.74515,48.0533
16323,8054,5290,3813,3324,9222,5341,3782,3367,5116,4129,3588,3343,3658,3642,3262,3028,-12.9628,-25.7766,8.61876,47.9727
16324,5477,4397,3635,3204,9103,5025,3777,3429,7110,4749,3679,3360,4367,3913,3478,3152,-3.25529,-28.0723,8.55567,47.9033
16325,3696,4073,3702,3305,4709,6053,4562,3657,5362,7705,5009,3768,4420,4811,4108,3515,3.71706,-7.76344,8.57975,48.3033
16326,3335,3282,3318,3253,3498,3814,3849,3715,4044,5489,5923,4381,4420,6853,8086,5001,20.163,2.49264,8.58122,48.174
16327,4546,5298,4314,3731,5328,8025,5318,3840,4268,5200,4399,3634,3777,3842,3617,3410,-7.14408,-6.89944,8.70424,48.3647
16328,8609,5278,3823,3317,9212,5186,3807,3281,4778,4111,3586,3319,3757,3607,3255,3065,-14.0533,-28.4618,8.85552,47.994
16329,3742,4347,4444,4026,4106,5905,6993,4493,3855,5253,5797,4258,3605,3869,3992,3736,-2.9184,2.50588,8.59074,48.2807
16330,3215,3377,3379,3210,3383,3722,3825,3697,3870,4573,5163,4546,4187,6713,9672,5590,30.8331,5.08425,8.72542,48.0813
16331,3181,3488,3480,3407,3487,3963,4441,4096,3826,4998,7871,5592,3799,4699,6867,5407,13.314,9.05517,8.85386,48.4013
16332,3809,4753,6827,5479,3750,4927,7492,5658,3489,3828,4369,4044,3247,3431,3590,3534,-13.9515,8.82481,8.61487,48.1513
16333,4272,6741,8762,5347,3901,4964,5713,4367,3462,3819,3858,3759,3264,3291,3335,3280,-22.9748,3.66189,8.50525,48.09
16334,3182,3579,4270,5020,3520,3852,5684,8254,3321,3749,5152,7240,3242,3550,4054,4532,-1.56669,21.9622,8.62605,48.134
16335,12354,6144,3889,3342,6126,4779,3841,3382,4015,3724,3479,3175,3380,3417,3282,3140,-29.7445,-29.0271,8.52142,47.646
16336,3828,3730,3385,3045,5542,4270,3607,3280,9804,5351,3741,3450,7052,4890,3753,3373,9.71879,-29.4901,8.58704,48.0673
16337,5148,8357,6954,4553,4489,5733,5079,3988,3544,3926,3707,3532,3266,3443,3346,3258,-21.8384,-2.7316,8.64211,48.2153
16338,3166,3526,4087,4567,3244,3644,4862,7664,3313,3654,5135,8655,3192,3617,4362,5014,1.59566,26.7158,8.74029,47.8013
16339,3321,3928,5463,8776,3327,3873,5230,8998,3265,3450,4189,4666,3141,3366,3545,3645,-14.7243,31.7053,8.66937,48.122
16340,6483,4832,3644,3356,9968,5239,3853,3289,5695,4303,3478,3277,3934,3703,3416,3233,-8.73229,-33.1322,8.95708,47.802
16341,3111,3218,3528,3699,3313,3529,4120,4975,3421,3935,5318,9431,3438,3825,5219,8099,12.9109,28.103,8.72089,48.1193
16342,3356,4050,6959,11628,3396,3883,4909,5885,3247,3539,3754,3925,3069,3245,3424,3351,-31.976,21.973,8.80601,47.7467
16343,3735,3560,3262,3077,4987,4143,3552,3190,9528,5229,3825,3372,8293,5184,3811,3301,12.9919,-28.9929,8.81033,48.0327
16344,3704,4274,4679,4201,3970,5566,7323,4827,3638,4655,5872,4400,3468,3702,4058,3725,-3.71737,4.7293,8.5173,48.0413
16345,12601,5926,3817,3344,6015,4668,3891,3405,3992,3776,3548,3224,3304,3389,3336,3185,-29.0299,-31.1789,8.79465,47.614
16346,3303,3566,4061,4040,3446,3992,5722,5557,3535,4307,7218,6616,3402,3924,4838,4853,3.91764,13.7601,8.72172,48.2533
16347,3413,3531,3627,3511,3651,4136,4619,3956,4005,5797,7602,4716,4012,5175,6065,4633,11.4247,4.05803,8.7601,48.2993
16348,3375,3889,5970,11984,3447,3847,4913,7031,3226,3461,3712,4070,3119,3222,3334,3443,-22.4522,30.4624,8.72668,48.0287
16349,3507,3570,3245,3042,4293,4042,3572,3184,7085,6042,4183,3586,8343,6892,4251,3491,17.4445,-17.7767,8.8337,48.2187
16350,3669,5029,9740,7439,3609,4290,5216,5192,3310,3467,3889,3995,3164,3319,3435,3337,-32.6273,11.5656,8.81843,48.0667
16351,3619,4134,4727,4327,3653,4928,7825,5304,3576,4481,6091,4824,3402,3687,4047,3927,-3.56621,7.92891,8.94305,48.368
16352,3035,3148,3428,3334,3215,3384,3882,3988,3403,4019,5238,5584,3506,4410,8300,9965,28.2336,17.5177,8.81939,47.8927
16353,4258,6815,9348,5627,3926,4664,5251,4423,3403,3686,3749,3562,3201,3309,3419,3263,-28.3641,4.04647,8.78174,47.936
16354,3128,3393,3728,3889,3361,3641,4426,5705,3346,3879,5841,9360,3293,3786,4878,6356,8.30543,22.9553,8.70019,48.0067
16355,3823,3996,3674,3362,4706,5779,4268,3605,5301,7781,4844,3820,4386,4839,4096,3633,4.3249,-8.13808,8.71411,47.942
16356,4027,4013,3503,3177,6111,5126,3725,3395,8407,6284,4128,3435,5501,4540,3844,3361,4.78257,-19.5813,8.6556,48.3847
16357,3397,4014,6052,12317,3399,3788,4874,6336,3164,3455,3755,3883,3130,3140,3352,3401,-25.4423,33.0975,8.51438,47.638
16358,10687,5978,3907,3438,7545,4976,3901,3441,4383,3901,3559,3219,3407,3436,3237,3072,-20.0306,-26.7278,8.57159,48.058
16359,5530,4580,3693,3320,9164,5758,3903,3405,6526,4796,3640,3297,4205,3920,3484,3098,-4.63882,-22.996,8.72195,48.2127
16360,3169,3558,3684,3608,3360,3986,4857,4397,3590,4817,8025,6259,3581,4293,5953,5311,10.0613,10.9035,8.81254,48.2987
16361,8768,5625,3904,3399,8458,5514,3929,3371,4648,4150,3549,3230,3638,3516,3290,3181,-15.3115,-23.5014,8.58436,48.1133
16362,3840,3725,3400,3237,4798,4717,3712,3343,7316,7268,4292,3582,5955,5625,4106,3422,10.0456,-15.6403,8.58456,48.2253
16363,4157,4183,3721,3474,5535,6251,4257,3507,5950,7007,4546,3589,4502,4660,3771,3439,2.02569,-12.1355,8.6625,48.366
16364,3207,3469,4006,4721,3251,3679,4880,8122,3250,3737,4976,8660,3200,3629,4198,5136,1.41312,29.3076,8.90846,48.0807
16365,3170,3322,3349,3454,3130,3397,3909,3918,3417,3933,5011,5847,3391,4179,7199,10985,33.6504,20.6479,8.54387,47.7407
16366,6272,4563,3639,3334,9899,5348,3763,3404,6240,4483,3732,3251,3984,3780,3427,3266,-6.70104,-27.4093,8.81274,48.2567
16367,3360,3885,5996,12552,3305,3793,4676,5986,3270,3439,3746,3994,3213,3320,3386,3342,-31.9855,29.8947,8.78694,47.5087
16368,3361,3974,5526,9634,3357,3837,4933,8366,3140,3464,3981,4503,3175,3205,3517,3526,-16.9835,30.9054,8.5151,47.666
16369,3657,3500,3136,3071,4553,4072,3502,3301,8539,5136,3769,3452,9589,5583,3975,3356,16.5184,-28.1304,8.50269,48.1273
16370,11642,7328,4192,3354,5965,4914,3903,3356,3850,3733,3565,3216,3350,3258,3183,3111,-28.8797,-21.2923,8.96604,47.9467
16371,3177,3492,3961,4098,3302,3824,4817,6300,3407,4000,6044,8727,3323,3696,4699,5401,4.86888,20.9955,8.78032,48.1787
16372,3533,3479,3384,3234,3704,4174,4036,3589,4767,6832,5705,4065,4844,6981,5907,4225,15.1941,-2.77792,8.58132,48.306
16373,3698,3759,3693,3343,4093,5064,4516,3696,4812,7758,5976,3974,4295,5293,4639,3821,7.42802,-4.13981,8.56291,48.2867
16374,3393,3971,6107,12601,3230,3809,4848,6037,3176,3441,3823,3817,3146,3188,3342,3321,-29.688,28.2643,8.93106,47.5
16375,3294,3373,3298,3226,3708,3839,3632,3512,4281,5647,4959,4107,5032,8664,7146,4498,22.608,-2.58295,8.82924,48.144
16376,12135,6701,4089,3437,5949,4738,3816,3418,3928,3805,3437,3156,3242,3416,3227,3127,-29.0041,-24.0431,8.88617,47.7473
16377,6261,4693,3729,3311,9748,5260,3699,3337,6119,4392,3737,3243,4029,3765,3460,3172,-6.89438,-29.0513,8.50027,47.97
16378,3437,3771,4563,4638,3559,4137,6763,6354,3431,4017,6149,6023,3330,3601,4203,4311,-1.53835,14.2873,8.63332,48.1913
16379,3248,3505,4184,4182,3441,4017,5476,6014,3331,4245,6784,7260,3263,3847,4601,4864,3.26027,16.6898,8.52137,48.1747
16380,4972,8594,7850,4716,4126,4988,4838,4209,3528,3788,3817,3483,3351,3388,3321,3168,-28.1123,-0.896485,8.86696,48.0913
16381,3201,3244,3454,3490,3258,3459,4049,4453,3375,3755,5058,8512,3352,3857,5544,9425,16.2164,33.9066,8.85826,47.6573
16382,5188,4341,3646,3243,9240,5112,3847,3373,7302,4684,3793,3294,4385,4011,3580,3240,-3.00328,-27.72,8.88464,48.186
16383,4262,6016,8344,5416,3859,4964,6081,4770,3571,3827,4008,3776,3143,3347,3394,3313,-19.3859,5.09556,8.56542,48.0607
16384,3271,3268,3321,3423,3191,3276,3805,3916,3421,3663,4755,6179,3346,3941,6045,12417,26.4896,33.5256,8.90797,47.492
16385,3886,4104,3945,3594,4288,6047,5323,3934,4521,6771,5752,3991,3997,4401,4126,3749,1.70735,-2.56334,8.57461,48.286
16386,4176,5218,5279,4173,4238,6760,7001,4369,3853,4486,4684,3827,3521,3697,3550,3420,-9.09465,0.497267,8.59824,48.168
16387,3418,3369,3287,3249,3892,3836,3569,3365,5139,5502,4270,3640,7322,9509,5203,3807,24.5914,-10.8797,8.82027,48.2513
16388,3718,3909,3566,3303,4799,5242,3933,3470,6111,7941,4740,3585,4932,5426,4163,3608,7.41393,-10.8323,8.57186,48.2973
16389,3384,3605,3427,3294,3866,4471,3920,3459,5280,7708,4901,3864,5273,6975,4959,3842,13.9977,-7.92667,8.66901,48.152
16390,3975,5681,8574,5790,3825,4881,6593,5003,3502,3695,4091,3807,3228,3274,3458,3385,-19.2718,7.32209,8.74996,48.508
16391,3409,3965,5633,10535,3376,3819,5024,7820,3264,3464,3930,4380,3126,3245,3438,3568,-18.425,32.2071,8.79971,47.9973
16392,3578,4874,9134,8041,3579,4181,5596,5325,3279,3570,3823,3842,3074,3364,3465,3456,-24.8349,13.508,8.9787,48.1207
16393,3214,3316,3504,3409,3425,3762,4187,4097,3659,4724,7107,5512,3744,5019,7571,5974,15.997,9.37662,8.55933,48.1493
16394,3254,3815,5156,7514,3338,3788,5529,9387,3285,3652,4277,5213,3195,3328,3615,3658,-11.4881,25.3532,8.59265,48.0027
16395,3973,4163,3799,3338,5003,6727,4637,3659,5106,7124,4693,3608,4084,4422,4068,3446,0.706752,-8.19406,8.91096,47.9
16396,3163,3207,3440,3371,3235,3439,3820,4089,3352,3708,4907,6972,3401,3939,5981,11758,22.8321,29.2833,8.67663,47.8547
16397,3359,3530,3554,3499,3608,4040,4217,3832,4116,5904,6959,4567,4257,5667,6510,4769,14.2521,2.81679,8.56072,48.2587
16398,3845,4913,7653,6139,3714,4706,6851,5655,3400,3782,4198,3983,3242,3260,3463,3516,-16.6035,10.3223,8.65657,48.2133
16399,5434,9285,7209,4420,4367,5215,4618,3858,3575,3803,3719,3457,3313,3398,3174,3239,-28.5911,-3.4437,8.68905,48.056
16400,3130,3317,3410,3500,3288,3659,3948,3931,3602,4254,6217,5663,3684,4894,8508,7398,20.3374,12.6271,8.85272,48.2687
16401,5570,6217,4420,3681,6133,7828,4653,3598,4396,4673,3917,3468,3503,3585,3483,3287,-11.5529,-11.2363,8.51884,48.2747
16402,3127,3138,3456,3386,3252,3546,3763,4034,3409,3803,4743,5996,3386,3812,6049,12634,32.0178,29.8562,8.55166,47.6893
16403,3093,3314,3272,3399,3339,3691,3952,3840,3763,4498,5981,5075,3805,5278,9097,6577,22.1218,9.46263,8.52251,47.9827
16404,3343,3369,3245,3131,3822,3857,3497,3279,5111,5425,4331,3557,7552,9822,5261,3592,27.5643,-11.1844,8.97316,48.1293
16405,3219,3620,4054,4389,3325,3782,5353,7006,3347,3846,5744,8079,3332,3710,4307,5017,2.24643,20.8309,8.87385,48.0867
16406,3389,4227,7685,11032,3390,4002,4979,5835,3229,3550,3837,3977,3187,3163,3389,3387,-28.1999,20.091,8.55975,48.172
16407,3872,3603,3332,3174,5655,4272,3568,3413,9927,5238,3661,3439,6907,4985,3744,3282,9.07761,-31.4741,8.80139,48.048
16408,3380,3890,6155,10718,3352,3848,5273,7521,3299,3466,3939,4187,3008,3172,3452,3353,-20.0795,25.1672,8.58548,48.0087
16409,7709,5301,3795,3293,9159,5585,3884,3468,4946,4176,3554,3197,3748,3671,3394,3143,-12.1117,-23.8387,8.66044,48.0153
16410,3306,3833,4459,4537,3563,4214,6932,6536,3507,4097,5990,6021,3337,3585,4154,4197,-1.68624,14.4103,8.98351,48.1787
16411,3692,3649,3369,3250,4494,4634,3801,3423,6664,7457,4511,3652,5728,6200,4339,3557,11.4855,-12.9108,8.50976,48.28
16412,4021,4897,4795,4082,4372,6955,6961,4278,4056,4895,4826,3978,3464,3731,3681,3518,-7.1634,-0.320661,8.96164,48.34
16413,4567,4585,3920,3529,5766,7425,4520,3571,5314,6146,4366,3502,3996,4093,3727,3414,-2.45608,-10.5432,8.60858,48.294
16414,3363,3361,3299,3174,3791,3764,3774,3429,4684,5118,4556,3733,5823,9531,6280,4091,32.1275,-5.82001,8.58531,47.8473
16415,3194,3462,3304,3247,3634,3842,3690,3525,4526,5384,4586,3877,5907,9512,6472,4076,27.2246,-6.02064,8.50104,48.1587
16416,4149,3920,3455,3291,6111,5368,3858,3515,7916,6478,3913,3366,5086,4530,3802,3369,3.90437,-18.0305,8.94305,48.0847
16417,12107,6485,3908,3308,6011,4878,3783,3360,3961,3773,3543,3121,3343,3402,3258,3044,-32.64,-24.5227,8.55359,47.5233
16418,3425,3600,3427,3185,3902,4481,3924,3456,5096,8015,5327,3917,5073,6605,5080,3970,12.4845,-6.09591,8.97978,48.322
16419,4059,4884,4802,4027,4505,7044,6579,4240,3974,5036,4785,3985,3498,3698,3862,3455,-6.61272,-0.878219,8.53326,48.2887
16420,7619,5109,3813,3326,9593,5280,3900,3367,5078,4330,3590,3260,3705,3571,3225,3215,-11.6486,-33.975,8.8985,47.9873
16421,2968,3167,3425,3423,3255,3568,3852,4048,3380,3923,5223,6031,3482,4314,7770,10229,23.9913,18.7061,8.91684,48.0387
16422,5841,6621,4545,3633,6242,7536,4519,3761,4399,4437,3885,3498,3520,3601,3429,3067,-13.1071,-11.5739,8.76953,48.356
16423,7099,5513,3977,3444,8476,6336,4013,3307,4914,4387,3738,3358,3752,3665,3375,3096,-12.0624,-19.5064,8.9,48.3
16424,3421,3489,3282,3188,3957,3770,3422,3191,6085,4778,3798,3381,12681,6295,4006,3421,28.0915,-26.518,8.88378,48.11
16425,3393,3284,3215,3101,4066,3798,3420,3158,5942,4919,3934,3386,11932,6739,4190,3255,32.6227,-23.1935,8.83207,47.8213
16426,4888,5551,4214,3549,5990,8211,4893,3675,4593,5038,4174,3450,3659,3777,3536,3333,-8.11353,-10.4275,8.64596,48.354
16427,3613,4612,8270,8877,3556,4189,5625,5860,3266,3691,3827,3966,3089,3243,3324,3306,-22.3434,15.8313,8.80402,48.2093
16428,6767,7414,4471,3696,6224,6553,4317,3470,4098,4162,3656,3472,3425,3511,3357,3221,-16.6119,-13.274,8.51389,47.876
16429,3436,3404,3295,3174,3975,3977,3616,3338,5400,6389,4450,3682,6708,8668,4899,3666,19.0022,-11.38,8.87357,48.0513
16430,4898,7790,7898,4674,4294,5421,5197,4180,3575,3806,3849,3543,3261,3248,3318,3344,-22.4866,-0.622065,8.70576,48.1973
16431,3263,3302,3385,3328,3566,3754,3703,3540,4151,4860,4945,4177,4888,8492,8204,4776,27.4221,-0.49455,8.8283,48.2227
16432,3410,4038,6508,11362,3397,3860,4997,6703,3203,3462,3845,4163,3085,3193,3401,3471,-22.6098,24.1048,8.87747,48.0653
16433,5103,8170,6686,4321,4449,6084,5225,4031,3709,3852,3830,3531,3413,3346,3373,3202,-20.2674,-3.09771,8.92015,48.2167
16434,3521,3702,3979,3574,3641,4576,5475,4237,3915,5747,7856,4788,3638,4433,4919,4203,5.56026,4.50708,8.95877,48.136
16435,4767,8381,8096,4623,4180,5048,5075,4095,3530,3700,3809,3532,3235,3414,3343,3266,-27.0256,-0.386954,8.91186,48.0627
16436,3335,3479,3304,3188,3732,3948,3794,3426,4497,5724,4916,3865,5473,9088,6612,4280,22.8131,-4.49948,8.65284,48.4407
16437,5543,9532,6938,4281,4457,5138,4759,3898,3605,3737,3619,3541,3385,3255,3329,3204,-28.0671,-4.17282,8.95552,48.1473
16438,3882,5745,9774,6879,3698,4366,5465,4873,3352,3564,3684,3639,3128,3176,3289,3320,-27.7934,8.9556,8.81882,47.8893
16439,4473,5222,4389,3714,5111,8096,5223,3881,4389,5354,4429,3592,3648,3912,3540,3350,-6.41908,-6.49797,8.87414,48.2153
16440,3054,3215,3344,3456,3223,3408,3795,4089,3299,3725,4848,6837,3432,3967,6034,11848,23.0941,28.0469,8.93045,47.716
16441,3511,3524,3219,3088,4472,4069,3496,3360,7825,5765,4015,3379,8844,6403,4083,3382,16.7592,-20.408,8.94283,48.29
16442,4559,7524,8927,5114,4071,4758,5293,4443,3544,3670,3850,3463,3100,3289,3312,3259,-25.2376,2.23897,8.80142,48.1173
16443,3265,3346,3275,3096,3684,3766,3590,3293,5262,5228,4095,3393,8199,9530,4820,3649,27.4554,-13.2057,8.9775,47.6607
16444,3225,3452,3931,4343,3296,3705,4709,7027,3365,3772,5053,9391,3279,3630,4353,5379,3.62039,28.3909,8.88596,47.94
16445,3275,3837,4828,5321,3404,4157,6774,7771,3365,3900,5342,5613,3210,3485,3972,3997,-5.46816,17.0467,8.65245,48.1673
16446,9773,5674,3936,3354,8366,5075,3772,3350,4488,4028,3551,3159,3522,3462,3222,3066,-17.1066,-27.165,8.75105,47.8653
16447,3481,3587,3450,3237,4277,4418,3788,3460,6520,7226,4421,3629,6179,6570,4351,3513,13.6899,-12.9968,8.66997,48.0713
16448,4004,3845,3382,3134,6107,4496,3553,3233,9999,5303,3941,3367,6008,4591,3791,3233,6.66022,-32.0218,8.69663,47.9913
16449,3155,3371,3468,3169,3754,4011,3737,3524,4730,6308,5089,4089,5234,8142,6165,4339,19.0397,-4.60396,8.54771,48.19
16450,4518,5388,4386,3653,5265,8198,5256,3787,4385,5246,4216,3645,3678,3685,3622,3379,-7.23157,-6.80763,8.87281,48.2047
16451,3421,3871,6272,10917,3406,3832,5162,7414,3171,3520,3938,4150,3195,3187,3354,3478,-20.3977,24.5501,8.86976,48.192
16452,3073,3207,3501,3401,3183,3586,3913,4024,3404,3909,5255,5823,3596,4440,7983,9622,24.127,17.4632,8.50926,47.9467
16453,3370,3966,5743,10810,3321,3831,5087,7682,3201,3433,4023,4257,3000,3225,3543,3599,-19.5255,29.1485,8.60506,48.0607
16454,3418,3977,4907,4935,3512,4387,7402,6777,3475,4009,5545,5284,3280,3588,4006,4083,-4.58467,14.034,8.94384,48.39
16455,3634,4398,5651,4901,3765,5046,8158,5681,3557,3982,4922,4345,3232,3499,3652,3620,-9.26724,8.7997,8.75706,48.0287
16456,3294,3369,3889,3923,3237,3799,4967,5429,3466,4206,7171,7831,3453,3940,5214,5402,6.85054,16.4777,8.92156,48.3933
16457,4072,3845,3409,3124,6159,4819,3709,3347,9323,5712,3897,3438,5841,4683,3757,3306,6.2879,-23.6898,8.63333,48.294
16458,7986,8016,4527,3500,6027,6099,4186,3547,4057,3919,3610,3302,3409,3432,3216,3035,-19.6846,-14.6664,8.94464,47.912
16459,3456,3334,3229,3080,3998,3731,3503,3218,6545,4774,3810,3348,12085,5997,3951,3350,24.8432,-27.4889,8.7964,47.606
16460,3390,3426,3162,3059,4460,3961,3512,3300,7934,5220,3801,3411,10215,5806,3932,3327,18.2437,-26.8567,8.61344,47.944
16461,4037,5797,9551,6167,3751,4504,5686,4784,3479,3704,3966,3701,3140,3369,3417,3269,-23.5536,7.51396,8.68756,48.2147
16462,3462,3561,3281,3186,3941,4226,3777,3407,5176,6768,4615,3668,6149,8125,5226,3836,17.7401,-9.05213,8.84674,48.2693
16463,3322,3455,3285,3116,3984,3908,3562,3234,5673,5115,3951,3587,9955,7904,4279,3505,33.344,-17.8211,8.53155,47.89
16464,3284,3361,3325,3370,3365,3683,3776,3741,3811,4492,5166,4526,4193,6452,9686,5808,31.0459,5.64455,8.94268,48.026
16465,3309,3834,6037,12675,3367,3737,4847,6122,3137,3446,3644,3975,3190,3235,3342,3204,-31.8987,28.8904,8.73226,47.4007
16466,3080,3120,3510,3397,3251,3456,3718,3983,3382,3934,5089,6028,3518,4146,7454,10725,25.8535,19.8471,8.77643,47.8607
16467,3497,3667,3585,3330,3901,4699,4392,3775,4470,7088,6739,4294,4323,5373,5159,4084,9.40996,-0.959936,8.76518,48.2507
16468,3125,3362,3489,3467,3389,3792,4187,4181,3523,4446,6870,6329,3533,4549,7289,6779,16.0495,13.4846,8.78019,48.2067
16469,3856,5729,9842,6775,3661,4269,5173,4801,3307,3637,3905,3694,3081,3322,3334,3355,-29.8506,8.7722,8.75489,47.8273
16470,3459,4109,6602,8617,3534,3964,5738,7553,3300,3474,4122,4426,3258,3276,3516,3584,-17.1091,19.4954,8.7308,48.3547
16471,3599,3535,3384,3152,4387,4371,3612,3339,7354,6499,4087,3402,7285,6290,4271,3518,14.4895,-17.1197,8.68859,48.0567
16472,3453,3365,3343,3105,3883,3900,3515,3323,5482,5086,3959,3457,9896,8459,4481,3520,27.8142,-16.8163,8.97326,48.1513
16473,3368,3362,3248,2989,3876,3837,3524,3232,6203,4645,3817,3336,12779,6062,3947,3518,27.5427,-30.7491,8.85794,47.8287
16474,3078,3334,3414,3336,3388,3644,3865,3826,3741,4282,5759,5239,3808,5239,9241,7126,23.3399,10.9537,8.66191,48.2133
16475,3795,5270,9815,7426,3613,4226,5204,4941,3351,3636,3834,3801,3235,3286,3350,3286,-28.5595,10.7103,8.92409,48.046
16476,5118,5675,4345,3562,5888,8105,4787,3774,4514,5013,4025,3554,3676,3862,3474,3247,-8.54728,-10.1006,8.57832,48.4127
16477,3925,4986,5787,4556,4016,5809,7566,4923,3688,4240,4801,4076,3282,3557,3673,3487,-10.2974,4.22756,8.50434,48.248
16478,12068,6005,3886,3342,6739,4801,3745,3432,3920,3717,3415,3278,3430,3357,3123,3213,-24.5084,-30.892,8.67644,47.6473
16479,3153,3245,3360,3326,3413,3599,3874,3652,3896,4558,5627,4538,4099,6245,9430,5728,24.1801,5.90487,8.87458,47.8287
16480,3709,3558,3243,3267,4779,4345,3551,3244,8275,5837,4010,3449,7993,5846,3990,3391,14.3648,-21.2931,8.57898,48.3247
16481,10373,6357,4097,3316,7244,5174,3748,3453,4164,3886,3447,3205,3506,3532,3109,3067,-20.1746,-22.7055,8.7389,47.7853
16482,4385,3952,3393,3209,7125,4782,3615,3209,9358,5464,3805,3412,5335,4472,3738,3271,3.54582,-25.6013,8.85125,48.35
16483,3528,3701,3334,3215,4320,4503,3782,3482,6373,7538,4566,3577,5905,6461,4435,3593,12.9105,-12.2033,8.88398,48.2087
16484,3210,3308,3413,3364,3308,3447,3673,3834,3427,3807,4696,6122,3423,3938,6072,12603,28.6126,32.9747,8.51817,47.7633
16485,4340,3920,3506,3143,7325,4664,3652,3324,9290,5083,3614,3404,5503,4389,3554,3295,3.27231,-29.8858,8.59231,48.004
16486,3441,3491,3247,3025,4291,3889,3464,3163,7981,5112,3799,3376,10402,5692,4015,3372,18.792,-29.7318,8.7094,47.84
16487,11673,7092,4145,3436,5952,4825,3985,3358,3899,3709,3482,3211,3435,3455,3175,3007,-29.9608,-22.5076,8.81822,47.8927
16488,7697,9674,5246,3750,5038,5168,4165,3619,3820,3657,3525,3378,3302,3341,3309,3097,-29.944,-11.9561,8.63239,47.8573
16489,3458,3414,3187,3213,3971,3661,3386,3226,6213,4711,3853,3398,12647,6064,3998,3386,28.5078,-27.4504,8.8476,47.8573
16490,4194,3908,3455,3164,6732,4707,3641,3342,9061,5403,4004,3308,5619,4455,3792,3320,4.61261,-24.9907,8.57648,48.07
16491,3114,3469,3957,4036,3314,3656,4853,5784,3509,4006,6452,8290,3424,3861,4789,5735,6.47924,19.2111,8.72384,48.166
16492,3407,3556,3609,3475,3833,4496,4706,4002,4286,6488,7253,4566,4021,5079,5500,4343,9.85153,1.69912,8.61339,48.4133
16493,4158,5976,7832,5211,4000,5092,6414,4763,3577,3756,4098,3762,3260,3397,3484,3456,-17.9248,4.67378,8.68086,48.1573
16494,3576,3405,3208,3073,4169,4136,3600,3293,6520,6519,4150,3400,7595,7342,4423,3513,17.3041,-15.1178,8.98112,47.948
16495,3504,4373,6834,6947,3580,4321,6752,6677,3433,3784,4232,4346,3203,3371,3531,3530,-15.1937,14.6461,8.8315,48.2787
16496,3384,3759,4830,6680,3376,3871,5262,9610,3329,3693,4415,5779,3198,3435,3645,3910,-9.07428,27.5621,8.51138,48.1173
16497,3499,3799,3549,3403,4098,4819,4371,3651,4723,7758,5930,4116,4483,5563,4812,3963,9.54772,-4.04445,8.69299,48.358
16498,5931,9276,6125,4143,4628,5744,4633,3779,3680,3837,3725,3358,3269,3360,3378,3083,-22.6776,-6.4915,8.78219,47.966
16499,3176,3214,3346,3386,3175,3550,3949,3840,3345,4050,5097,5744,3455,4359,8371,9672,33.7116,16.8294,8.93332,47.8193
16500,3461,3489,3304,3252,4415,4117,3506,3237,8311,5001,3891,3346,9713,5540,3819,3430,17.0048,-33.0111,8.80859,47.888
16501,4306,5524,5437,3981,4620,7155,6510,4289,3812,4569,4358,3591,3515,3591,3601,3463,-10.7718,-1.33676,8.59244,48.2147
16502,3330,3419,3207,3193,4024,3718,3413,3228,5943,4664,3867,3378,12858,5988,3838,3311,33.132,-29.5023,8.97167,47.586
16503,3199,3370,3505,3627,3311,3448,3963,4502,3225,3914,5078,8678,3404,3920,5425,9603,16.1547,31.302,8.72765,48.1147
16504,3464,3457,3253,3072,4140,3841,3481,3297,7262,4829,3808,3336,11343,5874,3867,3319,21.3987,-28.6677,8.76689,47.762
16505,3130,3277,3368,3368,3282,3468,3703,3837,3473,3683,4786,5874,3448,3836,6035,12726,29.7554,31.1257,8.90411,47.5293
16506,3090,3255,3423,3378,3393,3465,3913,3829,3459,4109,5318,5309,3607,4781,9133,8827,27.6946,14.6211,8.68952,48.1927
16507,3895,3782,3348,3165,5426,4877,3640,3359,8399,6623,4084,3373,6035,5146,3819,3390,8.35651,-18.6335,8.72255,48.2407
16508,12660,5936,3826,3368,5988,4770,3714,3362,3820,3696,3434,3299,3398,3358,3347,3150,-33.1273,-32.7253,8.91999,47.4173
16509,3175,3196,3379,3351,3222,3415,3782,4112,3351,3819,4910,6656,3410,4012,6526,11764,23.8121,24.1761,8.92321,48.0533
16510,3236,3565,3958,4067,3457,3818,5581,5757,3427,4268,7039,7173,3430,3853,4598,5023,4.19429,15.9275,8.9596,48.1667
16511,5509,9522,6954,4258,4498,5391,4611,3864,3573,3871,3592,3541,3183,3399,3170,3150,-26.3345,-4.15395,8.91797,48.0573
16512,3225,3254,3557,3529,3288,3714,4048,4019,3526,4400,6498,6221,3526,4631,7711,7012,17.5338,13.4024,8.9799,48.106
16513,5025,5288,4096,3510,6312,8214,4546,3595,4773,5133,3891,3360,3861,3768,3534,3299,-7.68798,-11.8291,8.87243,48.1367
16514,4585,6198,5469,4126,4628,7117,6227,4208,3782,4271,4214,3609,3399,3541,3480,3331,-12.5086,-2.47204,8.96604,48.1233
16515,3130,3328,3343,3330,3282,3539,3900,3943,3543,4085,5690,5459,3599,4878,8898,8195,22.8984,13.5219,8.97276,48.0947
16516,5259,8927,7185,4402,4333,5431,4972,4066,3735,3603,3658,3572,3264,3405,3304,3311,-23.4801,-2.85873,8.87813,48.2847
16517,4264,6951,9293,5407,3975,4771,5217,4447,3522,3627,3852,3566,3164,3314,3283,3318,-27.1635,3.91249,8.80004,47.9807
16518,6028,4609,3741,3245,9713,5426,3790,3370,6179,4533,3709,3332,4067,3827,3344,3078,-6.78718,-26.2394,8.80305,47.994
16519,8348,9107,4750,3529,5492,5223,4149,3449,3903,3881,3710,3305,3293,3462,3387,3149,-33.4093,-13.9526,8.72088,48.0913
16520,3390,3410,3253,3052,3955,3854,3417,3212,6718,4889,3762,3336,12070,6172,3968,3315,23.9213,-27.8172,8.60493,47.8487
16521,3340,3402,3356,3184,3811,4029,3855,3521,4845,6514,4991,3872,5599,8375,5801,4103,18.9369,-6.01098,8.79996,48.3987
16522,3633,4302,5427,4727,3853,5057,8207,5725,3547,4197,4975,4290,3286,3665,3730,3772,-8.25023,8.1249,8.81388,48.262
16523,9202,5535,4028,3473,8703,5075,3813,3436,4465,4001,3558,3214,3535,3430,3339,2983,-15.9358,-33.9586,8.5927,47.86
16524,8970,5539,3774,3399,9098,5360,3886,3409,4617,4118,3492,3151,3613,3532,3212,3097,-14.8405,-27.0026,8.89572,48.178
16525,3150,3490,4050,4625,3296,3711,4879,7959,3291,3790,4928,8594,3221,3655,4318,4931,0.77001,29.031,8.62549,47.9253
16526,4068,3858,3512,3209,5529,4878,3780,3324,8239,6619,4134,3413,5668,5064,3791,3284,6.74865,-17.9652,8.85273,48.2467
16527,3099,3293,3566,3716,3233,3446,3988,5034,3357,3957,5278,9589,3389,3736,5271,8192,13.041,28.4467,8.82852,48.096
16528,3215,3587,4477,5142,3473,3707,5430,8546,3533,3829,4938,7321,3098,3498,4024,4482,-2.30508,24.0812,8.75718,48.2
16529,3788,3826,3472,3276,4874,5130,3838,3384,6792,7801,4425,3558,5244,5394,4124,3518,7.56801,-13.6005,8.68651,48.296
16530,12656,5887,4021,3452,6163,4777,3790,3355,3918,3806,3341,3220,3405,3341,3237,3280,-26.7034,-32.2463,8.84117,47.766
16531,3230,3512,3463,3397,3686,4183,4035,3670,4410,6472,6118,4290,4567,6654,6324,4436,15.9131,-0.937611,8.68065,48.298
16532,3235,3467,4107,4255,3379,3917,5498,6247,3300,4029,6379,7487,3412,3714,4613,4960,2.8765,17.5387,8.74451,47.9993
16533,3528,3627,3442,3221,4313,4482,3892,3471,6043,7909,4740,3639,5589,6381,4455,3696,12.1244,-10.8225,8.79602,48.2853
16534,5774,8961,6078,3993,4619,5818,4877,3939,3780,3909,3709,3448,3320,3408,3274,3278,-21.83,-5.96318,8.53388,48.1233
16535,3554,3981,5167,5094,3520,4415,7872,6535,3449,3927,5316,4804,3223,3545,3948,3852,-6.78164,12.8119,8.77805,48.1347
16536,3695,4551,8153,8211,3613,4140,5991,5928,3418,3512,3978,3960,3112,3306,3386,3430,-20.8585,14.8769,8.72076,48.256
16537,8720,5496,3871,3410,8984,5375,3853,3378,4641,4029,3546,3234,3664,3569,3260,3122,-14.5163,-25.7711,8.93776,48.1013
16538,3342,3764,4789,6254,3346,3799,5221,9969,3240,3601,4443,5955,3180,3308,3782,3916,-7.52842,32.496,8.96942,47.9393
16539,3210,3358,3321,3298,3629,3833,3619,3492,4333,5097,4846,4011,5097,8933,7419,4455,27.4455,-2.35469,8.77474,47.9673
16540,3330,4046,5327,5501,3527,4375,7511,7372,3398,3807,4947,4927,3126,3421,3903,3633,-8.3735,14.903,8.92103,48.1007
16541,3138,3423,3781,3951,3250,3670,4774,5860,3314,3930,6024,9275,3293,3658,4763,5980,6.79449,22.5166,8.89432,48.056
16542,3061,3269,3516,3570,3135,3516,3928,4534,3343,3932,5473,8373,3383,3962,5835,9031,16.1995,23.7784,8.55036,47.9073
16543,3352,4192,7094,11277,3367,3831,4957,5980,3337,3497,3747,3954,3089,3202,3450,3490,-28.2816,21.8136,8.53382,47.8773
16544,4552,6735,6551,4396,4533,6220,6058,4227,3802,3967,3993,3691,3208,3398,3477,3294,-16.6367,-0.693971,8.50449,48.068
16545,9739,8099,4606,3490,5772,5291,4017,3584,3979,3891,3575,3244,3422,3426,3246,3072,-25.0958,-17.3137,8.66392,48.302
16546,3429,3317,3231,3196,3948,3751,3393,3193,5844,4853,3824,3334,12434,6241,4019,3348,31.736,-26.276,8.93699,47.57
16547,6311,4725,3698,3355,9798,5231,3852,3372,6116,4608,3586,3336,3941,3780,3399,3079,-7.1965,-31.4099,8.62988,48.1247
16548,3426,3808,4436,4406,3519,4364,6737,6068,3515,4241,6553,5731,3319,3696,4370,4238,-0.93204,12.5094,8.63149,48.2847
16549,3187,3295,3456,3414,3440,3641,4151,3943,3733,4690,7127,5434,3766,5010,7979,5906,16.677,9.7784,8.96597,48.1147
16550,2999,3224,3533,3456,3258,3489,3818,4198,3493,3860,4941,7389,3300,3962,5680,10939,19.8072,29.5982,8.58558,47.6927
16551,3424,3851,6128,12694,3350,3705,4718,6139,3215,3358,3825,3932,3149,3159,3420,3392,-29.8224,27.5414,8.86906,47.6393
16552,3486,3971,4867,4726,3551,4458,7509,6231,3447,4154,5621,5091,3399,3670,3954,3824,-4.75992,11.8133,8.64176,47.9727
16553,4689,4198,3640,3276,7868,5115,3798,3387,7986,5294,3773,3344,4836,4187,3672,3244,0.306963,-23.9093,8.54651,48.2047
16554,3769,4181,4086,3690,4185,5939,5615,3979,4240,6708,5944,4046,3833,4263,4205,3736,1.39421,-1.58901,8.88627,48.2793
16555,3435,3786,4096,4077,3582,4365,6365,5166,3584,4585,7236,5528,3485,3998,4548,4524,1.98538,10.1718,8.55952,48.24
16556,3144,3217,3471,3578,3235,3510,4033,4484,3373,3871,5086,8577,3310,3772,5571,9798,16.8025,28.7767,8.76828,48.02
16557,3322,3604,4073,4155,3527,3960,5692,5530,3436,4359,7112,6743,3383,3909,4820,4889,3.91308,14.2614,8.7931,48.3427
16558,3093,3234,3493,3529,3261,3565,4101,4606,3393,3954,5619,8325,3450,3924,5687,8682,15.1803,23.2555,8.57619,47.944
16559,3349,3799,4230,3947,3662,4529,6384,5028,3655,4832,7401,5162,3549,3999,4594,4356,1.74976,8.64076,8.93164,48.3173
16560,3377,3392,3173,3084,4028,3750,3433,3214,6777,4843,3861,3489,11988,6005,3992,3473,23.8036,-28.5436,8.50852,47.9193
16561,3159,3338,3317,3352,3244,3402,3781,4004,3408,3764,4829,5920,3434,3968,6238,12590,32.3793,26.6826,8.8521,47.832
16562,3358,3348,3240,3158,3704,3811,3636,3418,4623,5741,4553,3804,5851,9621,6247,4145,24.3765,-5.99822,8.86468,48.172
16563,7387,5113,3859,3465,9668,5430,3806,3184,5067,4223,3655,3277,3669,3654,3262,3216,-11.4655,-33.5307,8.75872,47.9567
16564,5923,9570,6067,4003,4597,5589,4648,3948,3750,3875,3585,3415,3318,3360,3334,3132,-24.4446,-6.25334,8.79585,48.076
16565,3060,3174,3397,3294,3248,3476,3769,3946,3284,3867,4731,6158,3423,3981,5975,12814,27.9787,30.3684,8.96211,47.7313
16566,3138,3319,3741,3724,3368,3786,4768,4560,3534,4443,7521,7017,3524,4153,5826,5853,10.4441,13.6483,8.83663,48.1833
16567,5784,5002,3598,3460,8860,6301,3980,3404,5846,4704,3612,3269,3935,3891,3530,3142,-6.59544,-19.9198,8.98678,48.212
16568,3737,5238,9721,7153,3574,4282,5421,5113,3372,3613,3815,3804,3055,3349,3424,3307,-25.9399,10.5744,8.87807,47.9853
16569,4310,4169,3720,3247,6369,5621,4019,3350,7254,6359,4047,3478,4948,4382,3820,3266,2.31041,-17.185,8.67804,48.2393
16570,4333,3993,3517,3195,7155,4615,3719,3393,9521,5158,3722,3310,5552,4466,3538,3308,3.86844,-28.9271,8.54601,48.33
16571,3087,3242,3393,3368,3304,3532,3831,3955,3461,4060,5039,5714,3503,4201,8170,10152,28.6385,17.7912,8.7542,48.008
16572,3322,3558,4622,5489,3354,3800,5049,9605,3338,3677,4689,7065,3279,3398,3921,4237,-4.26815,32.201,8.72034,48.2687
16573,3169,3084,3398,3335,3352,3586,3788,3860,3480,4008,5203,5351,3531,4657,9235,9127,31.2674,14.6843,8.96927,48.1093
16574,3497,3808,4083,3867,3757,4770,6361,4557,3807,5393,7368,5041,3629,4039,4466,4102,2.32552,5.65367,8.85908,48.3633
16575,3351,3853,5977,12648,3307,3703,4678,6001,3392,3445,3737,3945,3143,3305,3437,3375,-32.5428,28.3368,8.82934,47.5313
16576,7338,6422,4258,3347,7272,6622,4130,3534,4430,4295,3656,3338,3626,3556,3381,3142,-14.5324,-17.2349,8.55539,48.2313
16577,9475,6710,4127,3448,6960,5525,3942,3499,4247,3977,3565,3233,3477,3351,3341,3164,-19.2938,-19.8687,8.52856,48.0273
16578,3458,3368,3145,3081,4152,3813,3327,3268,7208,5035,3973,3517,11288,5789,3996,3436,20.9327,-32.9901,8.55534,47.9027
16579,10054,8161,4377,3484,5732,5109,3981,3383,3853,3781,3491,3170,3333,3451,3342,3030,-27.0366,-17.5392,8.76333,47.8213
16580,4277,3907,3367,3130,6983,4634,3642,3382,9320,5173,3857,3393,5321,4382,3548,3313,3.73042,-32.0744,8.8193,47.7527
16581,4951,8844,7609,4647,4293,4967,4687,4086,3700,3903,3683,3504,3267,3232,3315,3183,-28.6476,-2.01999,8.68671,47.914
16582,3379,3767,5953,12527,3394,3684,4766,6047,3349,3360,3698,3937,3165,3227,3496,3436,-32.3827,29.5162,8.54404,47.4567
16583,3333,3434,3486,3405,3533,3945,4066,3835,4009,5378,6652,4616,4185,5995,7383,5056,16.5418,3.75741,8.75967,48.2073
16584,3285,3616,3764,3565,3560,4197,4931,4105,3841,5422,8183,4963,3666,4683,5539,4606,9.15689,5.77839,8.6823,47.9507
16585,3490,4304,7590,10208,3380,3883,5310,6110,3110,3514,3836,3921,3027,3172,3474,3321,-23.7567,18.7999,8.69123,47.7667
16586,3678,3745,3560,3255,4305,5125,4233,3561,5250,7918,5434,3786,4599,5545,4503,3822,8.2122,-6.45572,8.50588,48.2127
16587,3128,3298,3418,3419,3277,3439,3892,3924,3342,3875,4873,5829,3418,4000,7028,11644,28.7047,22.606,8.60635,47.8693
16588,11747,5938,3915,3456,6978,4850,3813,3418,4178,3961,3482,3232,3350,3344,3195,3166,-22.2514,-30.5403,8.74459,48.0153
16589,8974,9079,4767,3629,5309,5197,4022,3568,3891,3842,3461,3308,3384,3393,3184,3078,-29.2217,-14.7915,8.91043,48.0573
16590,5059,8825,7875,4585,4239,5060,4655,4185,3594,3717,3739,3444,3359,3339,3342,3129,-29.4382,-1.35797,8.85988,48.0973
16591,9854,5507,3855,3423,8245,5019,3835,3421,4342,4049,3490,3318,3510,3463,3375,3156,-17.2608,-30.0633,8.5957,47.908
16592,3506,3466,3378,3195,3890,4253,3920,3489,4759,7103,5346,3870,5169,7136,5437,4004,15.4121,-5.43192,8.67734,47.9473
16593,7817,5356,3777,3454,9102,5684,3901,3268,5037,4319,3536,3319,3731,3524,3227,3127,-12.5617,-23.4702,8.96551,48.1193
16594,4446,3970,3481,3221,7368,4813,3738,3318,9068,5015,3751,3337,5295,4361,3642,3161,2.87302,-30.8191,8.73715,47.99
16595,3219,3323,3462,3290,3393,3772,3832,3701,3829,4554,5190,4687,4039,6501,9617,5970,28.9647,5.91427,8.59675,48.2527
16596,3450,3384,3204,3146,3915,3825,3464,3262,6350,4702,3868,3435,12298,6216,3990,3375,26.0418,-27.9003,8.66977,47.9227
16597,3130,3308,3316,3361,3363,3644,3875,3662,3615,4413,5393,4868,4022,6076,9955,6482,26.8088,7.5585,8.8636,48.322
16598,8815,5530,3885,3409,8859,5371,3933,3413,4824,4154,3589,3245,3576,3471,3191,3087,-14.762,-26.0774,8.82589,48.2347
16599,3171,3466,4135,4378,3339,3672,4755,7755,3323,3698,5088,9029,3246,3511,4194,5089,2.16674,29.1618,8.95844,47.8993
16600,3417,3990,4887,4681,3612,4626,7703,5839,3477,4153,5802,4822,3360,3654,4026,3978,-4.46152,10.783,8.64229,48.018
16601,3425,3454,3285,3165,3829,3939,3671,3375,5049,6104,4634,3719,6053,8956,5564,3964,20.625,-8.18734,8.97599,48.124
16602,3560,4253,7658,10864,3457,3858,5094,5841,3217,3498,3840,3978,3088,3278,3457,3352,-33.8641,19.2701,8.86554,48.1953
16603,11044,7541,4215,3444,5793,4906,3916,3433,3926,3751,3556,3235,3515,3350,3134,3102,-30.9895,-20.0478,8.75167,47.9073
16604,3020,3258,3389,3394,3131,3546,3938,4147,3356,3967,5095,6757,3369,3960,6438,10619,21.5794,22.6582,8.76378,47.5893
16605,3094,3127,3353,3450,3235,3416,3959,4023,3385,3858,4965,6748,3406,3850,5966,12005,23.0683,28.3287,8.58165,47.8933
16606,4054,5214,5153,4222,4326,6807,7299,4360,3956,4623,4794,3905,3455,3683,3772,3413,-8.58121,0.786179,8.98613,48.6907
16607,3155,3255,3417,3348,3233,3416,3808,3916,3382,3708,4694,5949,3358,3862,5794,12701,33.7298,30.0731,8.84611,47.3307
16608,3697,3532,3328,3121,4994,4060,3549,3191,9548,5168,3906,3446,8100,5210,3837,3235,12.6195,-27.5475,8.67683,47.948
16609,3558,4243,7668,10818,3436,3854,5100,5825,3262,3509,3688,3947,3118,3134,3352,3389,-31.4144,19.8813,8.73815,47.934
16610,3477,4257,7815,10712,3396,3790,4927,5752,3205,3539,3803,3909,3117,3229,3516,3396,-30.592,19.4967,8.64136,47.8933
16611,3508,3481,3163,3099,4064,3803,3545,3257,5781,4965,3836,3374,11415,7096,4220,3426,29.2212,-21.527,8.50586,48.022
16612,3311,3378,3304,3190,3696,3777,3714,3379,4403,5139,4681,3871,5425,9489,6968,4370,30.7959,-4.28407,8.81179,48.0633
16613,4980,4230,3633,3288,8178,5486,3766,3328,7461,5228,3770,3302,4501,4064,3611,3242,-1.23942,-21.8334,8.921,48.0453
16614,3452,3435,3370,3086,3974,4069,3676,3350,5509,6734,4275,3610,6722,8208,4892,3771,18.2762,-11.4053,8.79742,48.0887
16615,3226,3507,3671,3590,3421,3963,4570,4218,3654,4827,8020,5789,3691,4706,6256,5467,11.7406,9.76327,8.50982,48.384
16616,9575,6086,3857,3376,8131,5317,3893,3392,4367,4055,3466,3220,3531,3454,3283,3051,-17.3671,-22.9579,8.9496,48.036
16617,6334,4829,3615,3420,9735,5310,3716,3287,6055,4480,3607,3174,4021,3722,3432,3086,-7.62475,-29.1124,8.57975,47.882
16618,3473,3842,4649,4924,3573,4246,7344,6869,3397,4003,5587,5540,3281,3587,3924,4010,-4.20283,14.5808,8.93918,48.166
16619,4649,6927,6200,4448,4394,6447,5946,4249,3705,4092,4028,3533,3383,3502,3438,3282,-16.4645,-1.39788,8.55613,48.1487
16620,3323,3410,3250,3068,3976,3783,3429,3160,6774,4926,3842,3447,11412,6623,3967,3379,23.343,-23.3696,8.7643,47.846
16621,3260,3387,3291,3162,3838,3842,3585,3237,5926,4730,3721,3450,12523,6252,3929,3362,29.8601,-27.0559,8.74293,47.6633
16622,3709,4021,3777,3577,4444,5890,4976,3812,4531,7218,5725,4001,4106,4541,4299,3693,2.89762,-3.54031,8.50698,48.2133
16623,3534,4015,6167,9672,3319,3866,5468,7648,3224,3572,4120,4223,2997,3293,3464,3572,-18.2792,22.503,8.58601,48.1027
16624,4723,4258,3535,3235,8145,5241,3831,3297,7922,5164,3751,3469,4826,4238,3540,3203,-0.316271,-23.8272,8.57659,48.252
16625,3934,3915,3342,3315,4886,5403,3949,3486,6320,7842,4530,3548,4920,5122,4080,3632,6.26627,-12.0182,8.80656,48.1493
16626,8813,9121,4858,3634,5412,5322,3970,3464,3897,3840,3715,3301,3281,3405,3189,2985,-26.8457,-14.6437,8.9929,48.138
16627,3404,3921,5913,12016,3263,3839,4860,6731,3208,3587,3731,3969,3148,3164,3462,3349,-24.3556,29.6246,8.67788,47.71
16628,3838,5048,8194,6309,3683,4755,6919,5414,3421,3782,4027,3865,3089,3264,3579,3423,-17.4856,9.59939,8.78269,48.4067
16629,5310,9306,6988,4261,4426,5263,4738,3991,3650,3798,3652,3556,3247,3419,3278,3215,-33.3419,-3.72388,8.73524,48.0653
16630,3307,3314,3273,3085,3781,3791,3632,3467,4486,5395,4613,3750,5947,9753,6442,4058,26.7766,-5.5185,8.84085,48.0627
16631,3606,3537,3240,3113,4790,4100,3533,3334,9243,5196,3898,3454,8437,5201,3686,3445,13.8009,-30.1309,8.78624,47.8753
16632,3218,3341,3318,3277,3477,3711,3797,3592,3937,4789,5239,4362,4511,7065,9188,5308,25.9443,3.40535,8.51831,48.0867
16633,3272,3450,3251,3212,3928,3716,3399,3301,6161,4739,3704,3313,12543,6083,3956,3408,30.2836,-28.6552,8.73705,47.624
16634,3781,3633,3302,3168,5418,4215,3581,3288,9877,5302,3855,3543,7152,4954,3758,3320,10.4761,-29.2546,8.63061,48.098
16635,3493,3937,5385,6205,3531,4085,6549,8270,3313,3644,4666,5249,3257,3323,3682,3818,-9.4751,18.3642,8.55657,48.2713
16636,3527,3589,3384,3217,4275,4414,3777,3412,5983,7710,4806,3617,5690,6624,4558,3681,13.1155,-10.5822,8.83111,48.176
16637,3471,3516,3228,3120,4354,3914,3544,3293,7649,5432,3824,3384,9825,6253,4041,3342,18.5799,-22.1017,8.91957,48.1267
16638,3182,3308,3359,3402,3162,3432,3784,3874,3411,3775,4939,6368,3491,4095,6668,11848,26.3669,24.1989,8.52347,48.0653
16639,3423,3385,3157,3180,4379,4007,3594,3299,8084,5092,3862,3408,10239,5658,3813,3378,18.168,-32.8401,8.53631,47.972
16640,7240,8681,4972,3661,5510,6175,4370,3561,3950,3942,3598,3422,3402,3370,3293,3174,-20.3728,-11.827,8.69466,48.214
16641,11686,6648,4116,3429,6328,4811,3902,3451,3936,3799,3403,3126,3302,3339,3203,3056,-25.7984,-23.7804,8.51818,47.69
16642,10794,7802,4204,3569,5670,4968,3862,3549,3966,3869,3393,3194,3379,3395,3237,3198,-29.161,-19.1554,8.79911,48.0327
16643,3342,3471,3747,3543,3557,4193,4692,4070,4021,5984,7554,4794,3884,4961,5682,4468,10.5291,4.12736,8.72468,47.9753
16644,3261,3274,3371,3413,3284,3642,3809,3977,3617,4306,5231,5169,3660,4874,9406,8077,32.3122,12.6473,8.6914,48.2473
16645,6221,9979,6025,3976,4688,5212,4384,3803,3767,3722,3574,3448,3265,3325,3228,3170,-31.3624,-7.25402,8.86946,47.858
16646,3659,3542,3285,3158,4785,4107,3530,3217,9242,5161,3764,3368,8506,5224,3744,3440,13.8245,-30.3279,8.8376,47.8213
16647,3400,3918,6842,11978,3442,3805,4862,5928,3181,3489,3836,4008,3168,3213,3314,3486,-32.1941,22.8791,8.81109,47.9133
16648,12602,5848,3945,3432,6382,4816,3739,3331,4016,3824,3437,3210,3288,3311,3244,3121,-25.3984,-32.0404,8.83617,47.6973
16649,3478,3860,4363,4129,3808,4763,7081,5170,3747,4731,6744,4910,3522,3775,4304,4075,-0.825514,8.04946,8.61257,48.3067
16650,3340,3668,3458,3323,3837,4213,4016,3831,4652,7235,5982,4186,4646,6352,5380,4195,13.3843,-2.75343,8.5673,48.2093
16651,3788,5597,9566,6980,3683,4368,5457,5070,3343,3512,3799,3737,3189,3257,3390,3302,-25.7378,10.0212,8.75633,48.0253
16652,3080,3304,3530,3590,3248,3524,4107,4935,3458,3821,5404,9004,3365,3820,5370,8538,13.799,25.8486,8.5025,48.0653
16653,3054,3140,3520,3512,3381,3579,4122,4559,3355,3962,5344,8361,3191,3894,5603,9337,16.204,25.8247,8.71048,47.9427
16654,3428,4008,6230,12747,3236,3586,4771,6274,3145,3339,3735,4092,3208,3199,3363,3356,-28.6293,27.5582,8.82909,47.8113
16655,3274,3515,3558,3281,3553,4105,4420,3834,3977,5642,7175,4835,4084,5545,6874,4872,14.3447,3.80519,8.63875,48.3627
16656,3344,3921,5367,8356,3311,3890,5423,9155,3234,3442,4094,4841,3089,3312,3689,3630,-13.6618,26.1497,8.94507,48.0653
16657,4183,3897,3381,3154,6639,4658,3689,3294,9479,5101,3832,3352,5596,4477,3694,3342,4.94574,-32.6849,8.69897,47.8453
16658,3298,3565,4165,4312,3465,3925,5750,6185,3438,4148,6503,7150,3415,3681,4546,4838,2.25576,16.673,8.63442,48.256
16659,3155,3406,3479,3392,3587,3832,4029,4051,3881,4933,6887,5080,3845,5469,7836,5731,17.104,7.58317,8.5216,48.3953
16660,5301,6047,4478,3595,5644,8114,4834,3679,4215,4760,3990,3592,3650,3653,3542,3182,-10.6929,-9.28856,8.54353,48.184
16661,5866,4670,3633,3217,9296,5615,3873,3458,6361,4633,3655,3371,4154,3864,3509,3171,-5.88937,-24.8049,8.68494,48.2307
16662,3115,3250,3611,3595,3136,3542,4124,4866,3394,3878,5192,9149,3291,3840,5191,8409,13.942,30.0202,8.61657,47.722
16663,3316,3638,4575,5801,3218,3788,5688,9383,3200,3624,4887,6451,3146,3469,3895,4143,-5.50151,23.4627,8.60023,48.148
16664,3718,4205,4396,4010,4233,5929,6588,4255,4024,5453,5856,4160,3610,4125,3993,3729,-1.5941,1.25781,8.657,48.1893
16665,3185,3313,3369,3259,3374,3708,3774,3561,3924,4751,5248,4503,4160,6769,9501,5709,26.8162,4.78688,8.83505,48.072
16666,3915,3998,3732,3373,4684,6230,4619,3718,5101,7582,5119,3829,4266,4480,4046,3582,2.47058,-6.8771,8.9933,48.1827
16667,3157,3331,3646,3797,3285,3541,4296,5194,3337,3817,5531,9440,3409,3801,5274,7160,11.1154,23.9698,8.52079,48.0107
16668,3224,3217,3381,3229,3470,3768,3777,3608,4347,5630,5371,4148,4828,7836,7509,4661,21.5585,-0.903043,8.95914,48.0027
16669,5136,8046,6199,4391,4635,6348,5265,3872,3771,4067,3853,3422,3460,3393,3307,3259,-18.441,-4.01448,8.77661,48.2827
16670,7820,8782,4801,3637,5564,5705,4380,3632,3735,3905,3598,3240,3348,3409,3357,3173,-22.1984,-13.14,8.82702,48.0573
16671,3375,3497,3306,3185,4029,4164,3728,3429,5598,6896,4643,3544,6101,7946,4899,3716,17.2635,-9.99182,8.81897,48.0373
16672,4889,4047,3512,3253,8307,4924,3763,3330,8281,5030,3563,3300,4871,4116,3589,3297,0.102394,-29.3114,8.59579,48.048
16673,3167,3265,3281,3428,3219,3519,3841,3964,3538,4033,5057,5345,3487,4662,9067,8878,31.5171,14.658,8.84398,47.834
16674,3321,3451,3322,3188,3727,3770,3746,3461,4541,6197,5066,3871,5470,8701,6261,4001,20.5143,-4.91232,8.79626,48.0627
16675,4556,4257,3608,3268,6980,5956,3964,3526,7051,5958,4011,3386,4677,4318,3601,3231,-0.186169,-18.2847,8.81293,48.232
16676,3226,3558,4184,4823,3252,3681,5125,8417,3459,3614,4959,7926,3199,3459,4105,4689,-0.705411,27.9339,8.9662,47.784
16677,7927,8679,4782,3734,5579,5677,4169,3641,3914,3974,3577,3333,3431,3469,3276,3059,-22.5588,-13.5952,8.6305,48.1473
16678,3922,4022,3716,3361,4891,5814,4074,3423,5728,7816,4743,3643,4524,4912,4025,3598,4.63388,-10.2305,8.88306,48.1413
16679,7569,7047,4344,3519,6677,6348,4131,3564,4272,4125,3689,3424,3482,3511,3314,3161,-16.6006,-15.7498,8.92828,48.118
16680,5380,4737,3835,3380,7872,6654,4141,3527,5894,5169,3867,3364,4067,3914,3493,3191,-5.36348,-17.7696,8.80568,48.3233
16681,5715,7090,4953,3755,5496,7488,4784,3744,4107,4326,3783,3476,3402,3496,3317,3233,-14.9629,-9.16598,8.82858,48.11
16682,3288,3509,4131,4371,3235,3724,5311,6636,3400,3982,6128,7979,3255,3687,4550,5043,2.71506,19.4643,8.87161,48.1527
16683,6342,4641,3647,3389,9880,5131,3810,3282,5943,4383,3661,3302,3886,3843,3469,3178,-7.80216,-30.5468,8.66308,47.858
16684,3064,3403,3291,3287,3512,3702,3781,3565,3908,4899,5254,4264,4440,7372,9003,5301,25.5177,2.46328,8.71574,48.0307
16685,5146,5330,4039,3534,6693,7752,4437,3479,4865,5140,3863,3419,3903,3793,3503,3276,-7.21597,-12.902,8.98501,48.1147
16686,3383,3897,6002,11851,3325,3767,4879,7088,3162,3440,3770,4098,3117,3143,3345,3374,-22.55,29.2947,8.85349,47.7607
16687,3130,3226,3380,3247,3421,3470,3836,3894,3495,4068,5290,5592,3515,4644,8675,9015,26.0629,15.2875,8.51281,47.932
16688,3402,3893,4997,5627,3455,4259,6810,8270,3251,3777,4837,5466,3093,3394,3884,3970,-7.43053,17.9251,8.74816,48.2567
16689,10395,5824,3875,3408,7617,4913,3860,3406,4385,3943,3493,3247,3434,3413,3371,3131,-18.8968,-31.9649,8.62745,47.81
16690,3380,3668,4836,5467,3445,4038,6308,8075,3373,3866,5093,5787,3198,3480,4092,4104,-5.45046,18.6088,8.59508,48.14
16691,10709,7107,4171,3515,6422,5231,3868,3466,3918,3860,3538,3288,3360,3428,3317,3101,-23.2196,-20.6106,8.91493,48.1993
16692,3178,3309,3389,3308,3288,3635,3898,3813,3585,4225,5786,5314,3741,5054,9226,7507,22.8116,11.7202,8.92741,48.1707
16693,11980,6002,3963,3380,6583,5053,3745,3420,3863,3918,3510,3217,3378,3303,3193,3149,-23.363,-33.3266,8.8615,47.7713
16694,3220,3539,3977,4261,3330,3728,4563,6786,3321,3730,5224,9264,3289,3713,4620,5397,4.23053,31.9113,8.56344,47.9747
16695,3227,3350,3357,3328,3186,3440,3747,3911,3343,3733,4704,5806,3435,3932,5851,12583,32.5519,31.4922,8.81341,47.2887
16696,3104,3275,3537,3582,3270,3601,4025,4573,3339,3819,5042,8590,3433,3836,5393,9297,15.7155,29.5846,8.66799,47.8107
16697,3142,3208,3577,3545,3191,3477,4071,4317,3401,3740,5128,8149,3369,3923,5581,9858,17.3302,33.5618,8.87335,47.7847
16698,3128,3230,3512,3607,3112,3471,4049,4418,3375,3872,5347,7612,3477,4042,6251,9839,18.5393,22.6493,8.77217,48.228
16699,3057,3298,3333,3374,3394,3555,3799,3696,3716,4402,5528,4900,3842,5721,9786,6608,24.3113,9.02362,8.91533,48.006
16700,3404,3971,6179,12275,3355,3725,4904,6057,3140,3509,3820,3982,3083,3163,3269,3402,-28.1173,27.7152,8.57824,47.492
16701,6179,9798,6014,4013,4791,5547,4566,3721,3794,3913,3627,3397,3347,3270,3248,3093,-24.5519,-7.39516,8.97137,48.212
16702,3333,3442,3159,3163,3937,3837,3368,3242,6200,4859,3796,3290,12284,6402,3906,3284,33.7292,-24.8574,8.73147,47.668
16703,5498,8993,6246,4176,4743,5705,4857,3986,3604,3817,3812,3453,3313,3312,3252,3212,-22.1131,-5.47933,8.79423,47.986
16704,3375,3844,5042,7276,3371,3831,5549,9473,3297,3686,4213,5377,3143,3353,3484,3849,-10.651,25.3783,8.64048,48.1087
16705,3497,3495,3226,3169,3927,4007,3543,3339,5967,5747,4237,3504,8210,8322,4637,3566,21.3988,-15.3085,8.76357,48.262
16706,4473,3899,3490,3165,7162,4701,3641,3346,9389,5133,3704,3311,5321,4413,3703,3322,3.48708,-26.6898,8.80318,48.1153
16707,3850,5466,9996,6817,3623,4243,5224,4818,3343,3622,3798,3794,3140,3353,3499,3315,-31.1955,9.59515,8.66217,47.934
16708,11732,5849,3968,3391,6786,4778,3881,3462,4007,3967,3506,3300,3329,3367,3303,3074,-22.85,-31.8799,8.62342,47.8
16709,3302,3681,4249,5312,3282,3864,5047,9076,3323,3590,4641,7378,3237,3538,4021,4337,-2.88751,30.6366,8.7962,47.9187
16710,3163,3358,3460,3522,3420,3609,4099,4227,3482,4259,6582,6286,3584,4564,7453,7197,16.9983,14.2741,8.90074,48.1767
16711,3796,3775,3381,3244,5516,4380,3689,3301,9667,5220,3805,3255,6737,4793,3819,3323,9.17508,-33.5422,8.52861,47.8007
16712,8544,5290,3752,3305,9139,5167,3780,3356,4769,4049,3602,3323,3510,3566,3375,3180,-13.9487,-32.0639,8.98309,47.8047
16713,3304,3765,5004,7535,3314,3885,5361,9731,3330,3622,4251,5149,3167,3316,3601,3703,-11.4207,31.6342,8.68297,48.0253
16714,3224,3455,3993,4247,3389,3819,5094,6580,3401,3854,5892,8310,3289,3788,4519,5209,3.78749,20.8912,8.54516,48.042
16715,6852,8366,4901,3714,5534,6503,4454,3631,3970,4152,3711,3285,3443,3484,3348,3105,-18.953,-11.5302,8.7101,48.302
16716,3525,4342,8502,9825,3409,4104,5040,5649,3254,3482,3724,3774,3057,3154,3380,3418,-29.0566,16.6233,8.74796,47.7593
16717,4940,8583,7723,4475,4319,5028,4771,4066,3647,3796,3647,3547,3223,3330,3224,3188,-33.8391,-1.27687,8.99104,47.6713
16718,4562,4087,3611,3235,7819,4885,3640,3370,8461,4842,3700,3366,4889,4436,3626,3253,1.12066,-29.3426,8.50481,47.8547
16719,3919,3802,3575,3202,4774,5350,3976,3472,6149,8098,4679,3600,4958,5087,4052,3606,6.88017,-10.9254,8.84448,48.1993
16720,3801,3712,3363,3151,5076,4571,3630,3266,8547,6606,4069,3411,6510,5395,3917,3360,10.4438,-19.1617,8.90151,48.2567
16721,3129,3273,3475,3374,3311,3429,3998,4184,3458,4003,5560,6399,3469,4337,7485,9479,20.9396,18.2689,8.81472,48.242
16722,3390,3387,3236,3085,3828,3765,3551,3288,5328,5236,4149,3528,8763,9121,4673,3704,27.7623,-14.57,8.86733,48.0213
16723,5054,8976,7607,4462,4410,5200,4745,4198,3598,3800,3701,3448,3207,3333,3330,3241,-28.0002,-2.07768,8.84528,48.2067
16724,3419,3381,3289,3211,3919,3740,3427,3278,5946,4692,3714,3430,12464,5994,3852,3442,31.5925,-32.1265,8.66822,47.4653
16725,3081,3271,3299,3285,3527,3797,3749,3650,3908,4652,5121,4343,4299,7186,9585,5465,31.3746,3.63498,8.97041,48.1453
16726,3411,4087,7139,11016,3407,4019,4982,5899,3133,3492,3903,3959,3161,3264,3379,3422,-31.2432,20.7247,8.65546,47.782
16727,3087,3215,3414,3421,3205,3514,3873,3955,3363,3855,4988,5800,3396,4125,7332,11297,31.2503,20.8258,8.79366,47.8933
16728,3270,3673,4519,5536,3398,3895,5885,9030,3417,3710,4818,6372,3218,3382,3886,4171,-5.10892,22.3823,8.70433,48.12
16729,3113,3394,3772,3879,3203,3609,4398,5579,3274,3853,5553,9533,3274,3861,4954,6847,9.6641,24.8699,8.69019,48.064
16730,3249,3531,4010,4173,3491,3986,5576,5727,3482,4252,7020,7051,3362,3813,4744,4923,4.04264,15.2802,8.60968,48.26
16731,3587,3549,3358,3209,4613,4098,3500,3297,8471,5198,3808,3342,9225,5544,3820,3386,15.5375,-26.1205,8.5162,48.0033
16732,3124,3180,3428,3464,3307,3441,3853,3848,3374,3843,4923,5742,3499,4258,7684,10845,30.2939,19.1871,8.84926,47.8753
16733,3611,3444,3263,3116,4321,3959,3568,3188,8126,5316,3824,3405,9444,6056,4043,3444,17.1536,-23.119,8.9562,48.0853
16734,3109,3506,3816,3894,3240,3745,4848,5473,3509,3975,6529,8589,3386,3864,4945,5774,8.06133,19.3916,8.68503,48.1347
16735,3166,3333,3297,3282,3463,3802,3769,3599,4219,5072,5052,4104,4860,8347,8067,4683,26.0215,-0.741398,8.83749,48.0767
16736,3847,5454,9880,7127,3606,4306,5282,5006,3305,3612,3824,3762,3097,3265,3378,3417,-30.0109,10.3172,8.6048,48.112
16737,3297,3554,3526,3354,3594,4160,4283,3776,4256,6467,6314,4360,4363,6051,6312,4502,14.2167,0.597357,8.6577,48.1127
16738,3191,3391,3569,3511,3433,3795,4254,4023,3696,4703,7290,5704,3804,4962,7468,6019,15.7467,10.0831,8.57169,48.542
16739,7240,7318,4378,3513,6407,6788,4256,3629,4220,4129,3747,3293,3442,3458,3241,3154,-16.7496,-14.4857,8.93703,48.142
16740,3240,3388,3408,3430,3263,3358,3776,3892,3481,3772,4733,5978,3381,3792,5812,12344,33.8144,32.0371,8.62011,47.3653
16741,3226,3677,4463,5957,3412,3841,5160,9775,3249,3599,4535,6363,3228,3475,3792,4135,-5.95431,29.8628,8.7186,47.9247
16742,3884,3697,3385,3109,5460,4479,3612,3283,9203,6121,4015,3388,6729,5173,3819,3401,9.91996,-21.944,8.69403,48.5053
16743,3153,3200,3370,3410,3202,3491,3755,3946,3403,3824,4934,6079,3342,4159,6920,11308,26.5213,21.6869,8.61498,47.664
16744,3483,3521,3352,3164,4433,3958,3541,3243,8388,5153,3789,3332,9995,5570,3894,3375,17.4208,-27.2742,8.8616,48.1273
16745,4579,4227,3713,3230,6939,5858,3869,3373,7117,5905,3975,3375,4698,4280,3613,3300,0.306581,-18.3055,8.57644,48.034
16746,3450,4010,6334,10293,3410,3892,5270,7487,3168,3594,3944,4248,3119,3315,3312,3401,-19.3649,22.7505,8.99875,48.1647
16747,3271,3454,3342,3208,3786,4006,3609,3303,5547,5799,4301,3604,7515,8807,5026,3714,22.1386,-12.3748,8.58599,48.1947
16748,5383,6156,4337,3571,5792,8045,4739,3642,4361,4800,3907,3463,3602,3729,3415,3267,-10.6798,-10.5552,8.7982,48.1393
16749,3406,4145,5819,6818,3423,4158,6638,7693,3359,3626,4407,4685,3042,3402,3564,3699,-12.1848,17.5464,8.61475,47.9227
16750,6330,9874,5821,3850,4747,5221,4465,3808,3797,3876,3535,3387,3355,3441,3378,3199,-33.6402,-7.76946,8.85061,48.056
16751,3095,3293,3444,3237,3344,3557,3759,3937,3670,4229,5431,5292,3738,4871,9180,7856,25.3897,12.8457,8.61772,47.9553
16752,8831,5386,3895,3278,8902,5176,3796,3358,4683,4255,3572,3264,3557,3406,3252,3042,-14.9151,-29.5452,8.83966,47.7687
16753,3479,4437,8543,9862,3499,3966,5055,5596,3289,3453,3816,3972,3170,3137,3297,3348,-27.571,17.1804,8.91755,47.946
16754,10495,6719,4213,3406,6715,5411,3899,3497,4195,3925,3473,3259,3380,3433,3245,3119,-21.0593,-21.5173,8.81882,48.256
16755,3891,5741,10002,6549,3850,4448,5282,4748,3344,3625,3740,3782,3086,3288,3253,3359,-28.6904,8.53269,8.59716,47.992
16756,3988,3757,3438,3086,5919,4544,3704,3305,9142,5959,3839,3326,6324,4819,3781,3266,7.82488,-22.1711,8.74704,48.1313
16757,3386,3417,3252,3155,4263,4133,3695,3344,6069,6256,4256,3628,7560,7890,4498,3621,18.7666,-14.3404,8.92836,48.282
16758,3356,3441,3229,3182,3840,3835,3422,3342,6376,4616,3803,3394,12624,6129,3939,3363,24.7162,-33.1817,8.98804,47.9273
16759,3657,3714,3524,3260,4323,4858,4142,3549,5324,8220,5214,3796,4640,5602,4382,3734,8.69581,-7.23819,8.77483,47.9593
16760,9928,8224,4433,3515,5569,5032,4090,3226,3877,3974,3435,3264,3342,3393,3245,3236,-32.1976,-17.3544,8.68341,47.8553
16761,3440,3314,3255,3194,3958,3809,3440,3296,5363,5281,4132,3513,8900,8863,4697,3609,27.4331,-15.1642,8.50438,48.0427
16762,8165,9337,4820,3602,5190,5292,4032,3607,3900,3876,3642,3267,3409,3429,3208,3092,-33.2673,-13.0089,8.99224,47.912
16763,3255,3689,3948,3745,3663,4214,5681,4621,3772,4902,8097,5494,3626,4116,4972,4481,5.33434,8.82049,8.69359,48.184
16764,8225,9329,5055,3618,5185,5214,4247,3462,3859,3738,3635,3319,3389,3347,3292,3175,-31.1531,-13.1606,8.55228,48.0593
16765,3413,3422,3316,3181,3781,3983,3583,3450,5031,5502,4149,3606,7446,9483,5203,3767,28.6083,-11.0351,8.60617,48.2107
16766,3221,3428,3419,3353,3491,3856,4229,3839,3838,5166,7020,4983,4004,5413,7625,5221,16.2224,6.08489,8.88671,48.0707
16767,3106,3229,3336,3350,3347,3570,3965,3986,3405,4157,5798,6201,3573,4529,8055,8311,20.614,15.5559,8.8308,47.9453
16768,3431,4155,6985,10585,3397,3989,5168,6565,3194,3445,3889,4055,3184,3205,3296,3376,-22.3416,21.3553,8.77885,47.946
16769,7046,5288,3798,3391,9367,5989,3931,3410,5136,4493,3704,3254,3796,3693,3289,3041,-10.8173,-22.3115,8.81778,48.4173
16770,3379,3937,5990,11882,3397,3722,4755,6835,3169,3554,3893,4258,3110,3257,3456,3425,-22.7601,27.5392,8.96207,48.0127
16771,3455,3584,3739,3391,3806,4449,4850,4043,4096,6276,7642,4637,4017,5078,5427,4381,9.26656,2.4338,8.79687,48.5807
16772,3146,3357,3512,3813,3236,3626,4184,5030,3457,3750,5415,9184,3343,3850,5431,8190,13.3522,26.253,8.5659,48.3493
16773,3114,3317,3570,3664,3327,3611,4278,4947,3319,3733,5328,9498,3377,3781,5278,7977,12.4977,26.5096,8.99667,48.0793
16774,8648,7673,4408,3510,6382,5749,4183,3397,4119,3926,3539,3190,3515,3517,3272,3100,-20.2088,-16.8652,8.82511,48.0853
16775,3968,5528,7252,5044,3941,5428,7046,4891,3570,3930,4142,3830,3343,3452,3457,3399,-15.7113,5.05757,8.55975,48.1473
16776,4171,6176,8490,5598,3954,5006,6286,4710,3488,3714,4028,3745,3248,3338,3440,3338,-19.1627,5.06783,8.91601,48.4867
16777,3173,3415,3820,4003,3301,3589,4530,6284,3436,3814,5127,9723,3252,3642,4635,6100,6.60222,32.8068,8.89936,47.896
16778,4063,4085,3516,3196,5520,5958,4125,3432,6351,7482,4395,3613,4489,4801,3932,3411,3.26265,-12.6991,8.9209,48.246
16779,8036,5218,3896,3334,9208,5368,3855,3353,4919,4154,3610,3186,3673,3523,3263,3106,-12.9206,-28.3324,8.57419,47.8013
16780,5395,5168,3976,3449,7071,7415,4277,3495,4965,5102,3837,3357,4032,3776,3448,3291,-7.15348,-14.4926,8.89763,48.036
16781,4597,4927,3966,3445,5859,7828,4655,3609,5034,5868,4248,3517,4009,4034,3658,3312,-4.24857,-10.6572,8.81262,48.3773
16782,3553,3462,3244,3138,4582,4097,3539,3304,8949,5299,3799,3322,8851,5467,3856,3384,14.8963,-33.8155,8.56054,47.8973
16783,3600,4348,6156,5939,3634,4414,7369,6599,3503,3916,4561,4340,3213,3374,3551,3616,-12.1354,13.1039,8.71624,48.0887
16784,4035,3720,3475,3161,6261,4552,3641,3392,10081,5236,3894,3375,6036,4539,3612,3315,6.38872,-29.089,8.89344,48.2167
16785,12201,6667,4071,3451,6110,4875,3834,3368,3920,3898,3349,3319,3388,3329,3167,2996,-26.6252,-24.4805,8.81344,47.962
16786,6524,9960,5632,3827,4744,5103,4366,3755,3695,3851,3638,3391,3400,3457,3218,3286,-33.4315,-8.47293,8.88877,47.898
16787,3437,4091,6163,9359,3381,3915,5545,7740,3305,3440,4122,4435,3090,3195,3463,3406,-17.192,22.0326,8.96741,48.058
16788,3172,3506,3744,3563,3417,3787,4636,4736,3505,4395,7452,7086,3499,4197,5917,5975,11.0008,14.66,8.90718,48.3913
16789,3067,3197,3460,3300,3298,3486,3846,3891,3331,3957,5018,5790,3345,4182,7401,11057,30.6113,20.3732,8.77023,47.7507
16790,3117,3199,3380,3347,3173,3464,3714,3893,3361,3708,4809,6228,3407,3918,6145,12541,27.7717,28.9017,8.67304,47.6027
16791,4884,4824,3911,3444,6814,7265,4398,3557,5504,5710,3957,3464,3994,3945,3512,3208,-4.47952,-14.5366,8.91842,48.2607
16792,12122,6778,3902,3458,6096,4877,3891,3357,3915,3678,3368,3323,3427,3395,3212,3110,-28.3032,-23.1589,8.97312,47.9393
16793,4396,5775,5556,4147,4490,6964,6472,4243,3845,4462,4295,3733,3376,3600,3520,3327,-11.9714,-1.29309,8.61653,48.134
16794,4229,3896,3448,3070,6869,4534,3628,3315,9386,5253,3844,3327,5724,4450,3683,3237,4.5573,-26.3293,8.79103,47.9287
16795,4173,6379,9231,5700,3897,4676,5643,4569,3413,3798,3862,3742,3176,3317,3444,3150,-23.3687,5.20455,8.78367,48.1133
16796,3072,3204,3451,3572,3169,3577,4173,4113,3545,4115,6005,6362,3650,4327,7678,8128,19.0581,16.1062,8.77068,48.094
16797,12944,6046,4006,3391,5952,4679,3788,3473,3829,3736,3308,3298,3343,3417,3157,3136,-28.181,-31.9442,8.85586,47.6687
16798,5971,9536,6213,4036,4623,5444,4559,3765,3715,3904,3623,3381,3409,3421,3268,3302,-25.3897,-6.63581,8.51196,48.1133
16799,3138,3265,3500,3467,3240,3524,4196,4673,3437,3885,5151,8983,3431,3796,5351,8957,14.9391,32.6111,8.82937,47.996
16800,3295,3328,3354,3126,3540,3880,3827,3517,4275,5379,5275,4116,4777,8101,7760,4688,22.4942,-0.649509,8.94599,48.1587
16801,4123,4761,4426,3824,4749,7507,5821,4092,4262,5449,4779,3715,3674,3806,3708,3403,-5.14278,-3.45508,8.78294,48.066
16802,3545,4256,7488,9866,3476,3956,5264,6307,3282,3455,3979,4053,3135,3297,3388,3427,-22.2025,18.7848,8.75633,48.116
16803,10574,5737,3945,3320,8042,5043,3806,3302,4273,3970,3497,3258,3282,3520,3204,3069,-18.5197,-27.6489,8.95365,47.8947
16804,3466,4129,7169,10789,3362,3842,4882,6478,3247,3526,3821,4031,3138,3310,3530,3325,-23.7126,21.0519,8.52772,48.03
16805,3957,5371,7560,5549,3911,5088,7127,4949,3493,3882,4191,3866,3293,3416,3449,3529,-16.0704,6.91622,8.65125,48.4207
16806,3380,3363,3185,3157,3947,3940,3373,3252,5982,4946,3777,3346,12037,6624,3920,3299,33.9422,-23.6218,8.7447,47.6853
16807,3289,3491,4118,4578,3357,3876,5339,6923,3308,3840,5769,8050,3276,3689,4538,5019,1.6766,20.9629,8.53535,48.3067
16808,3437,3995,4878,4558,3679,4738,7850,5937,3509,4261,5821,5036,3235,3519,3954,3978,-4.84706,10.9067,8.69492,48.2567
16809,4556,4077,3491,3206,7328,5091,3773,3321,8468,5616,3759,3416,5040,4311,3675,3212,2.23848,-22.5935,8.83694,48.2267
16810,5720,9215,6114,4099,4790,5935,4803,3937,3716,3891,3820,3386,3320,3358,3264,3173,-21.8541,-5.92295,8.9305,48.3607
16811,3138,3199,3432,3379,3131,3456,3875,3927,3317,3882,4907,6393,3468,3887,6562,11742,25.541,24.2547,8.54227,47.7967
16812,3703,4166,4089,3733,4310,6026,5825,4068,4264,6409,5937,3968,3762,4294,4265,3721,0.681445,-0.748517,8.64303,48.36
16813,6005,5629,4068,3484,7408,7131,4332,3462,4795,4683,3875,3433,3881,3741,3357,3227,-9.90929,-15.552,8.84834,48.3407
16814,3522,3550,3340,2982,4646,4043,3484,3167,8603,5152,3936,3337,9387,5703,3917,3277,16.3496,-26.4453,8.87113,48.0307
16815,3220,3414,3326,3200,3760,3993,3887,3467,4500,6288,5268,4030,5183,8230,6486,4205,19.7243,-3.62603,8.72402,48.3047
16816,3752,3701,3263,3128,5254,4203,3578,3337,9753,5356,3841,3371,7421,4907,3817,3312,11.01,-30.0946,8.72525,47.996
16817,3218,3468,3551,3533,3327,3567,4244,4236,3500,4307,6726,6307,3502,4435,7283,7039,16.3127,14.359,8.5271,48.162
16818,5663,9175,6695,4265,4507,5602,4592,3997,3783,3709,3612,3459,3251,3320,3343,3163,-24.9461,-4.75705,8.71149,48.0907
16819,3937,4395,4043,3535,4754,7190,5258,3903,4622,6376,4968,3710,3885,4213,3974,3545,-1.56012,-5.15647,8.70092,48.2053
16820,3458,3393,3258,3208,3913,3951,3508,3202,5859,4933,3898,3380,11465,7228,4086,3410,29.2065,-21.6162,8.6208,48.1
16821,3218,3293,3722,3894,3325,3640,4236,5656,3375,3820,5306,10016,3301,3621,4934,6903,8.96908,26.8188,8.91692,48.1733
16822,10315,6649,4014,3395,7106,5271,3866,3442,4260,3924,3589,3215,3492,3377,3367,3096,-20.4376,-21.8793,8.58071,48.252
16823,5119,4460,3645,3317,8275,6046,3868,3442,6695,5195,3837,3309,4345,4066,3401,3168,-3.15292,-20.4702,8.81588,48.1253
16824,3148,3304,3594,3525,3381,3669,4030,4807,3407,3834,5226,9361,3321,3855,5331,8379,13.822,31.8299,8.5941,48.1147
16825,4100,5890,9226,5936,3797,4636,5777,4779,3383,3809,3995,3704,3240,3290,3433,3282,-22.5685,6.89919,8.65733,48.1847
16826,3261,3456,3245,3087,3889,3746,3504,3290,6373,4801,3761,3341,12273,6328,3926,3492,26.5062,-27.6819,8.55421,47.8487
16827,11670,6350,3979,3349,6780,4857,3840,3426,4047,3838,3404,3244,3388,3333,3203,3073,-23.4,-25.1312,8.92502,47.854
16828,3647,3567,3334,3189,4906,4305,3554,3273,9461,5312,3843,3422,7715,5117,3936,3457,12.4803,-33.9389,8.84611,48.0253
16829,3653,4601,8770,9324,3548,4117,5246,5349,3308,3550,3814,3735,3195,3163,3312,3397,-28.2026,15.5105,8.90466,48.0547
16830,3079,3384,3602,3647,3279,3558,4108,4708,3367,3929,5138,8904,3405,3862,5318,9063,15.2384,27.9315,8.54358,48.234
16831,4438,4734,3928,3486,5598,7503,4690,3708,4930,6088,4359,3598,3998,4127,3703,3300,-3.20096,-9.80751,8.53705,48.1253
16832,9192,5559,3930,3296,8646,5302,3894,3394,4698,4070,3665,3301,3674,3543,3159,3190,-15.7063,-26.0446,8.53378,48.342
16833,3299,3415,3371,3151,3604,3792,3672,3365,4730,5437,4426,3854,6018,9569,6234,4165,28.359,-6.60978,8.63397,48.068
16834,3402,3325,3224,3089,4051,3773,3412,3304,6788,4920,3880,3360,11910,5931,3888,3321,23.9122,-29.4205,8.59141,47.7187
16835,3338,3740,4180,4058,3582,4629,6550,4988,3674,4793,7584,5314,3545,4068,4598,4329,2.44551,8.67788,8.9571,48.6467
16836,4331,4078,3677,3376,5873,6419,4299,3492,6034,6799,4345,3498,4386,4472,3859,3406,1.03313,-12.9492,8.53265,48.2293
16837,11324,5847,3935,3403,7244,4984,3776,3385,4060,4017,3491,3311,3463,3474,3288,3199,-21.0785,-31.3116,8.61217,48.134
16838,3617,3808,3693,3431,3974,5184,5017,3961,4447,7114,6498,4104,4052,4650,4634,3965,5.49408,-0.851824,8.92209,48.0993
16839,7114,8295,4710,3729,5729,6346,4229,3601,4029,4086,3665,3329,3397,3428,3290,3166,-19.1678,-12.2185,8.7757,48.0953
16840,3229,3448,4049,4234,3365,3828,5258,6339,3509,4005,6182,8149,3278,3702,4649,5051,3.71257,19.4238,8.55397,48.1833
16841,5050,8088,6828,4423,4389,5806,5306,4020,3649,3943,3878,3522,3295,3427,3350,3242,-20.3713,-2.74223,8.5364,48.144
16842,5508,4554,3764,3328,8922,5850,3995,3466,6418,4886,3716,3368,4179,3970,3500,3319,-4.54817,-21.7219,8.8181,48.4953
16843,3304,3396,3661,3580,3342,3905,4673,4582,3609,4649,7704,6359,3573,4357,5924,5639,10.4102,12.1874,8.54301,48.1713
16844,3584,4341,4946,4367,3774,5324,7821,5140,3607,4380,5653,4509,3360,3738,3906,3759,-4.96861,6.84929,8.69294,48.1393
16845,3247,3346,3403,3259,3563,3781,3800,3859,3860,4803,5167,4443,4210,6948,9336,5383,32.6837,3.65536,8.60797,48.272
16846,3347,3976,6025,12384,3351,3683,4884,6343,3251,3459,3828,3936,3225,3282,3363,3364,-25.1247,32.7118,8.65862,47.8007
16847,8732,6878,4174,3450,7159,5986,4053,3519,4421,4092,3525,3281,3445,3478,3279,2989,-17.6473,-18.4213,8.97114,48.3073
16848,3286,3914,5408,8281,3376,3831,5429,9166,3179,3565,4107,4941,3141,3282,3536,3583,-13.5164,24.6284,8.6879,48.0167
16849,3449,3831,4927,7161,3359,3704,5192,9961,3245,3688,4391,5371,3186,3308,3725,3805,-10.4957,32.1882,8.67354,48.202
16850,3676,3599,3300,3193,5187,4157,3432,3259,9626,5252,3870,3276,7927,5149,3850,3340,12.4457,-28.0379,8.84824,48.062
16851,3804,3729,3353,3164,5046,4334,3722,3334,8830,5947,3816,3408,7280,5375,3895,3315,11.5162,-21.98,8.74458,48.2347
16852,3874,4021,3749,3566,4635,6196,4814,3781,4774,7397,5316,3828,4143,4608,4121,3748,2.32587,-5.4841,8.6518,48.3807
16853,3273,3457,3714,3598,3618,4041,5244,4302,3769,5154,8055,5480,3658,4332,5458,4688,8.28059,7.9591,8.60651,47.894
16854,3364,3764,3893,3737,3695,4436,5662,4365,3842,5661,7813,4984,3648,4239,4855,4373,5.2227,5.47675,8.76966,48.2207
16855,4338,6752,9381,5666,4006,4605,5265,4529,3425,3758,3767,3580,3202,3222,3385,3230,-28.5257,4.5747,8.64308,48.074
16856,3634,3606,3410,3183,4289,4441,3726,3277,6463,7252,4538,3582,6250,6793,4511,3585,13.7511,-13.0608,8.66976,48.36
16857,6965,5008,3780,3255,10037,5331,3744,3289,5507,4234,3510,3351,3789,3755,3296,3198,-9.59976,-26.9977,8.7348,48.0327
16858,3014,3334,3288,3448,3281,3579,3846,4160,3458,4046,5715,6580,3385,4277,7226,9135,20.5112,18.1559,8.73865,47.848
16859,3419,3765,4480,4401,3619,4376,7108,5637,3563,4329,6582,5456,3282,3863,4200,4187,-1.36325,11.2193,8.81398,48.178
16860,3136,3560,4179,4619,3287,3827,5484,7397,3284,3922,5433,8009,3268,3609,4307,4818,0.616343,21.3149,8.83505,48.0927
16861,3633,3561,3368,3114,4856,4120,3519,3356,8376,5768,3957,3392,8331,5719,3967,3382,14.0922,-21.4567,8.69392,48.2793
16862,3104,3182,3357,3375,3220,3324,3863,3995,3448,3867,4999,5709,3437,4167,7583,11016,29.3039,19.6943,8.93589,47.764
16863,3589,3444,3213,3091,4337,3900,3535,3161,7354,5465,3981,3363,9307,6701,4196,3452,18.5052,-20.7614,8.71377,48.0593
16864,3431,4017,6614,11550,3317,3851,4959,6400,3247,3415,3934,4048,3093,3264,3358,3327,-24.3952,23.5599,8.50938,47.8833
16865,3109,3227,3553,3518,3143,3435,3924,4618,3345,3906,5181,8735,3447,3854,5289,9337,15.7304,32.5491,8.95555,47.7473
16866,3392,4171,7503,10735,3494,4007,5048,6299,3224,3590,3835,3910,3044,3185,3419,3371,-24.0097,19.6352,8.96666,48.1513
16867,4009,4350,3795,3540,5363,6556,4437,3601,5457,6993,4529,3649,4208,4476,3799,3415,1.12812,-10.2922,8.52893,48.118
16868,11153,7323,4150,3406,5846,5128,3932,3220,3978,3755,3388,3317,3497,3433,3326,3154,-33.681,-20.5915,8.88373,48.004
16869,3301,3315,3189,3146,4054,3852,3520,3216,7261,5058,3799,3348,11354,5933,3893,3371,21.4295,-31.1641,8.65597,47.74
16870,3975,3868,3429,3219,5050,5070,3810,3468,7388,7310,4298,3490,5364,5268,3951,3467,7.25337,-15.356,8.83298,48.2833
16871,3145,3236,3410,3538,3269,3424,3845,3964,3325,3708,4740,6080,3383,3944,6008,12739,29.356,29.3493,8.61983,47.8387
16872,3552,4501,8896,9443,3534,3928,5142,5456,3290,3462,3809,3922,3134,3239,3323,3427,-29.4865,15.9111,8.7706,48.0387
16873,3432,3374,3312,3099,4005,3948,3650,3269,5928,6187,4206,3518,8043,8302,4682,3621,20.0869,-14.4416,8.86069,48.384
16874,3474,4211,6882,8840,3490,4095,5845,7045,3198,3582,4127,4368,3198,3239,3558,3459,-17.9823,18.4919,8.98113,48.4073
16875,3426,3453,3185,3088,4329,3933,3561,3218,7934,4989,3826,3295,10647,5486,3929,3497,18.3775,-32.4786,8.85032,47.864
16876,3328,3376,3334,3383,3711,3742,3640,3521,4418,5063,4683,4021,5227,9262,7166,4260,32.5224,-3.21286,8.76766,48.09
16877,3275,3785,4999,6597,3460,3800,5821,9235,3257,3684,4381,5350,3117,3403,3729,3963,-9.34978,22.8312,8.5472,47.904
16878,3212,3327,3268,3415,3360,3663,3788,3579,3804,4474,5492,4732,4040,6037,9810,6283,25.6816,7.48626,8.85313,48.1893
16879,3649,3505,3373,3098,4680,4324,3590,3320,7714,6144,4174,3473,7416,6254,4278,3396,14.1455,-18.8356,8.61959,48.2587
16880,5820,5935,4162,3496,7012,7530,4387,3521,4741,4778,3751,3361,3655,3754,3383,3210,-10.9984,-13.8173,8.66515,48.3307
16881,5275,7220,5566,4040,5132,6942,5145,3853,3940,4245,3897,3377,3426,3447,3402,3318,-15.5519,-5.99637,8.51837,48.15
16882,3311,3349,3275,3201,3838,3751,3567,3330,5146,5161,4211,3556,7802,9739,5185,3660,30.9739,-11.7589,8.94602,48.0547
16883,6936,9991,5596,3889,4836,5276,4331,3737,3814,3754,3478,3441,3286,3411,3237,3081,-29.5187,-9.62342,8.7126,48.0627
16884,11845,6845,4147,3452,5932,4851,3844,3402,3901,3862,3348,3268,3479,3412,3156,3109,-28.9189,-22.7693,8.8102,47.902
16885,3488,3654,3643,3423,4172,5156,4457,3672,4843,7674,5816,4105,4335,5333,4682,3874,7.4574,-3.99292,8.51429,48.218
16886,3335,3582,4207,4790,3408,3691,4975,8072,3439,3727,4718,8324,3220,3608,4157,4673,-0.157191,33.4565,8.72237,47.9507
16887,3197,3354,3344,3076,3606,3757,3674,3462,4575,5504,4822,3835,5494,9244,6783,4253,24.9789,-4.42445,8.77646,47.9867
16888,6784,5393,4014,3355,8817,6127,3914,3379,5194,4431,3559,3275,3883,3668,3367,3137,-10.768,-20.6487,8.82752,48.198
16889,3239,3286,3375,3282,3416,3609,3745,3643,3678,4378,5287,4635,3951,5884,9930,6575,28.7033,8.08364,8.77842,47.942
16890,3199,3341,3455,3413,3411,3599,3977,3924,3671,4654,6316,5155,3779,5276,8792,6343,20.1865,9.70093,8.81258,48.2033
16891,3153,3250,3424,3377,3304,3530,3826,3755,3592,4135,5223,5131,3583,4851,9470,8095,29.3672,13.0722,8.80933,47.7993
16892,6104,4650,3734,3342,9779,5141,3795,3278,6239,4545,3604,3330,4029,3714,3324,3221,-6.74649,-29.3064,8.64359,47.886
16893,3494,3929,5309,5245,3533,4411,7441,7115,3637,3878,4989,5073,3146,3502,3741,3870,-7.61875,14.5349,8.69706,48.2087
16894,3849,5682,9772,6853,3726,4332,5279,4775,3324,3530,3777,3757,3157,3279,3382,3417,-29.2877,9.19717,8.66538,47.9273
16895,3685,4015,4785,4304,3748,5112,7889,5046,3632,4520,5980,4713,3382,3632,4005,3814,-3.73624,7.33973,8.95435,48.1747
16896,4050,6127,9795,6049,3723,4547,5552,4789,3381,3564,3891,3598,3045,3225,3379,3265,-24.6936,7.01658,8.87511,47.9867
16897,3267,3416,3270,3129,3748,3760,3585,3307,5044,5256,4258,3587,7626,9804,5270,3821,27.3795,-11.3065,8.70009,48.0987
16898,7869,8640,4833,3707,5706,5782,4241,3636,3949,3894,3668,3273,3338,3466,3292,3159,-21.9397,-13.5498,8.78876,48.302
16899,3402,3332,3297,3218,3575,3706,3703,3497,4339,5091,4648,4072,5463,9421,7155,4330,29.995,-3.86515,8.59629,48.166
16900,3206,3331,3421,3443,3442,3673,4160,4049,3554,4301,6478,6035,3669,4717,7712,7214,18.0312,13.0825,8.75143,48.27
16901,3556,4749,9070,8691,3622,4154,5295,5387,3267,3576,3652,3859,3181,3336,3421,3344,-27.1624,14.0963,8.82738,48.1067
16902,3330,3313,3286,3089,3889,3761,3456,3222,6642,4873,3760,3477,12343,5879,3960,3481,24.2278,-31.7192,8.91405,47.8407
16903,3331,3433,3229,3186,3683,3750,3719,3482,4583,5207,4549,3832,5644,9948,6435,4055,31.6191,-5.72799,8.83664,48.044
16904,3098,3350,3535,3527,3225,3606,4151,4414,3614,4121,6738,6892,3590,4339,6656,7315,15.3811,15.6747,8.92927,48.114
16905,3140,3364,3411,3315,3609,3739,3723,3540,4167,4826,5123,4144,4455,7818,8859,5001,27.6536,1.46324,8.84703,48.156
16906,4020,4125,3714,3346,4840,6270,4436,3525,5555,7456,4863,3581,4423,4758,3925,3468,3.17633,-8.91506,8.57564,48.2033
16907,3031,3202,3372,3459,3329,3598,3806,4005,3420,3780,4998,5816,3383,4032,7121,11307,33.783,21.3746,8.68805,47.7727
16908,7405,9133,4973,3668,5468,5726,4286,3640,3837,3886,3587,3282,3297,3329,3260,3086,-23.0478,-11.8614,8.79891,47.9087
16909,3601,3528,3422,3116,4256,4437,3698,3424,6233,7411,4451,3645,6164,6754,4524,3781,13.5382,-12.7205,8.56006,48.2967
16910,3395,3486,3266,2988,4035,3871,3559,3200,5922,5270,3943,3365,9964,7896,4308,3456,24.246,-18.2035,8.9191,47.9493
16911,3373,3350,3373,3080,3936,4014,3736,3390,5194,6132,4444,3561,6831,8819,5078,3700,20.6868,-10.7005,8.80409,48.0073
16912,3136,3218,3532,3429,3213,3490,4052,4902,3449,3752,5262,9158,3264,3956,5248,9031,14.5578,28.6531,8.77411,48.0613
16913,3169,3453,3872,3833,3417,3916,5219,5109,3491,4104,7413,7219,3317,3927,5275,5361,7.42274,15.0374,8.8226,48.0633
16914,3553,4467,8324,9001,3523,4034,5552,5868,3160,3533,3920,3946,3127,3302,3385,3335,-22.8776,15.9693,8.7985,48.02
16915,6261,9756,6091,3938,4721,5274,4469,3835,3668,3810,3443,3400,3298,3245,3346,3110,-29.4531,-7.47043,8.96911,47.7767
16916,5204,4368,3614,3371,9013,5055,3836,3453,7294,4853,3712,3349,4348,3939,3432,3201,-2.45318,-33.0754,8.91477,48.028
16917,3162,3451,3910,4020,3394,3954,5337,5512,3488,4271,7132,7205,3355,3799,4842,5084,5.39937,15.3591,8.65069,47.944
16918,3311,3832,4991,6205,3429,4055,6280,8863,3289,3613,4659,5498,3072,3439,3752,4006,-8.36006,20.3358,8.73944,48.196
16919,3343,3326,3350,3167,3906,3528,3367,3201,5777,4640,3655,3424,12632,6024,3924,3466,32.2375,-33.6283,8.94556,47.1533
16920,3445,3799,6139,12678,3285,3731,4780,5906,3219,3357,3706,3963,3267,3247,3507,3370,-29.1742,32.1897,8.87514,47.5993
16921,7009,9511,5344,3803,5118,5753,4389,3585,3780,3928,3547,3383,3231,3333,3326,2989,-22.7298,-10.416,8.91731,48.0193
16922,5946,9599,6247,4089,4584,5576,4637,3834,3728,3796,3795,3448,3273,3325,3311,3177,-24.7093,-6.04401,8.69227,48.2433
16923,3290,3875,5355,8945,3328,3857,5298,9033,3135,3591,3986,4713,3171,3339,3452,3669,-14.5697,28.0751,8.96731,48.0247
16924,4853,5299,4134,3535,6300,7810,4625,3649,4826,5365,4101,3536,3731,3936,3491,3369,-6.39435,-11.1188,8.65107,48.3733
16925,4777,6021,4937,3984,4937,7677,5593,3981,3943,4591,4238,3605,3443,3562,3486,3241,-11.3536,-4.9425,8.59765,48.0107
16926,6721,4757,3858,3362,9890,5220,3756,3285,5799,4345,3714,3314,3873,3704,3394,3107,-8.61499,-28.15,8.8339,48.066
16927,3766,3689,3337,3033,5071,4654,3717,3421,8235,6785,4054,3500,6089,5251,3925,3422,9.3232,-18.1204,8.87524,47.966
16928,3348,3593,3670,3669,3616,4281,4837,3993,4036,5732,7777,4794,3852,4878,5661,4495,9.37051,4.26778,8.50866,48.1547
16929,3179,3329,3485,3328,3452,3656,3947,3807,3798,4676,6232,5028,3955,5504,8889,6109,20.3483,7.93636,8.90001,48.2493
16930,3496,3470,3170,3080,4410,3876,3504,3305,8269,5313,3862,3427,9873,5812,3818,3373,17.4888,-24.9005,8.97837,48.0387
16931,3416,3902,5741,10598,3380,3764,5082,7828,3292,3510,4004,4354,3148,3235,3409,3461,-19.4489,29.9863,8.89012,48.0827
16932,12125,6270,3954,3276,6326,4880,3796,3360,3964,3919,3512,3165,3430,3423,3205,3064,-26.0912,-25.7734,8.6374,47.7793
16933,3356,3412,3203,3175,4215,3970,3526,3278,7233,5485,3960,3427,9741,6491,3930,3449,18.9775,-21.6816,8.67558,47.9007
16934,3393,3308,3332,3015,4069,4029,3720,3366,5947,5913,4191,3402,7802,8131,4633,3598,20.2845,-14.1323,8.50327,47.8993
16935,6765,9415,5520,3845,4835,5807,4397,3684,3914,3821,3592,3422,3326,3293,3323,3091,-23.9054,-9.38629,8.51972,48.0333
16936,4795,4418,3773,3400,7253,6436,4161,3456,6197,5654,3967,3376,4271,4078,3673,3328,-2.47449,-16.7442,8.81929,48.1573
16937,3136,3626,4252,4771,3292,3877,5588,7742,3311,3885,5365,7727,3348,3575,4297,4662,-0.224044,21.3843,8.68134,48.3027
16938,3722,4424,5117,4393,4023,5724,8082,4933,3682,4476,5187,4267,3401,3654,3844,3602,-6.73862,5.21383,8.87816,48.354
16939,3490,3699,3750,3423,3785,4645,5011,3828,4224,6529,7219,4490,4054,4741,5063,4171,7.50828,1.3833,8.53328,48.0813
16940,3383,4013,5800,8206,3387,4046,5778,8099,3209,3536,4204,4624,3154,3266,3476,3719,-14.5901,20.6343,8.58867,47.9333
16941,5708,9585,6247,4051,4663,5536,4613,3754,3762,3802,3651,3366,3222,3390,3312,3290,-24.5067,-6.12278,8.69691,47.968
16942,3962,5476,8456,5910,3719,4892,6520,5053,3352,3786,4087,3882,3132,3296,3466,3368,-19.0086,7.5953,8.98852,48.238
16943,3088,3318,3433,3379,3306,3538,3812,4111,3435,3855,4873,7139,3372,3924,5826,11518,22.0365,29.6115,8.54787,47.9513
16944,3365,3364,3303,3240,3875,3750,3390,3317,6054,4835,3854,3369,12026,6579,4067,3304,32.3458,-23.6285,8.81955,47.7947
16945,3090,3232,3403,3497,3226,3501,3950,4370,3487,3846,5227,7496,3578,4097,6132,10090,19.0324,25.127,8.55536,48.148
16946,3337,3687,4651,6018,3392,3813,5331,9864,3369,3634,4564,6136,3221,3335,3901,4028,-6.71361,33.6141,8.5559,48.1873
16947,3598,4208,5965,5914,3536,4317,7562,7057,3418,3722,4617,4575,3165,3373,3605,3762,-10.716,14.3404,8.73598,48.2627
16948,8761,7728,4390,3517,6279,5667,4028,3581,4044,4068,3593,3357,3363,3454,3292,3052,-20.5312,-16.774,8.76173,48.116
16949,3352,3882,6201,12608,3404,3803,4752,6219,3286,3312,3775,4003,3185,3202,3307,3364,-26.525,31.8769,8.89534,47.77
16950,3936,4145,3868,3477,4415,6202,5041,3754,4770,7137,5297,3828,4044,4581,4151,3752,2.13584,-4.90427,8.61492,48.2653
16951,5105,6271,4516,3756,5567,8134,4942,3757,4257,4587,3978,3455,3476,3603,3573,3326,-11.047,-8.74702,8.90989,48.202
16952,4216,4893,4432,3742,4722,7562,6004,3958,4331,5429,4707,3842,3625,3795,3846,3480,-5.35304,-3.30447,8.94417,48.3893
16953,3117,3319,3420,3487,3296,3610,4032,3918,3551,4200,6044,5760,3634,4708,8420,7534,20.2508,13.7501,8.91801,48.0333
16954,10192,5711,3899,3317,8316,5180,3831,3398,4331,4054,3469,3302,3461,3436,3150,3092,-17.9882,-27.6897,8.94544,48.0927
16955,4758,6358,5049,4042,4858,7525,5521,3954,3905,4526,4002,3610,3509,3655,3498,3321,-12.5905,-4.87576,8.6138,48.0607
16956,3456,3361,3222,3130,4053,3784,3554,3199,6747,5068,3789,3282,11375,6498,3901,3357,23.3066,-24.4542,8.50253,47.8507
16957,3300,3469,3548,3311,3798,3982,3932,3581,4510,6209,5581,4236,4845,7539,6488,4477,17.865,-2.09389,8.64325,48.5373
16958,3437,3369,3207,3047,4002,3880,3510,3238,6325,5482,4107,3387,9447,7635,4275,3380,21.9609,-17.8971,8.92571,47.8187
16959,4806,7684,6838,4444,4411,5936,5545,4057,3614,3932,3809,3554,3295,3447,3331,3301,-19.226,-1.7838,8.87237,48.0027
16960,3670,3680,3290,3106,4538,4282,3645,3338,7603,6683,4153,3435,6983,6114,4248,3519,13.4704,-17.1447,8.59606,48.1913
16961,4163,3805,3426,3173,6575,4616,3667,3390,9457,5244,3726,3390,6009,4627,3630,3416,5.4187,-27.6529,8.64269,48.2093
16962,7553,9458,5120,3713,5222,5563,4217,3518,3913,3873,3551,3304,3308,3401,3241,3125,-24.5915,-11.7134,8.56235,48.0533
16963,4951,8370,7214,4560,4441,5647,5231,4031,3621,3890,3715,3639,3351,3269,3280,3219,-22.1016,-1.59652,8.97394,48.286
16964,3642,3583,3265,3057,4857,4437,3625,3424,7843,6839,4118,3433,6802,5996,4073,3426,12.3007,-17.5845,8.85246,48.28
16965,3216,3356,3416,3364,3628,3774,3866,3626,4062,4785,5263,4289,4256,6828,9184,5310,31.8011,3.77232,8.50412,48.1487
16966,12257,5990,3984,3487,6488,4839,3821,3296,3902,3828,3530,3195,3412,3301,3218,3074,-24.7581,-30.8017,8.70207,47.748
16967,3680,4166,4227,4009,3964,5507,6499,4412,4022,5434,6273,4316,3626,4183,4303,3789,-0.334135,2.993,8.62381,48.2733
16968,3124,3338,3726,3841,3258,3621,4303,5503,3353,3815,5540,9566,3383,3699,4977,7236,10.0315,25.8488,8.52621,48.1887
16969,4032,4457,3864,3477,4762,6957,4767,3738,4996,6810,4783,3767,4227,4359,3914,3392,0.103428,-7.06261,8.83981,48.2013
16970,4363,6726,8475,5179,4062,5153,5714,4443,3554,3808,3828,3610,3202,3367,3450,3308,-21.3751,3.1627,8.72509,48.1613
16971,3803,5176,8760,6940,3626,4337,5976,5382,3353,3639,4050,3912,3192,3237,3506,3352,-21.6189,10.8311,8.578,48.1607
16972,3427,3474,3527,3267,4010,4369,3912,3580,5244,7534,5055,3761,5300,6803,4976,3813,13.5406,-7.56528,8.5686,48.0347
16973,3458,3711,4001,3768,3614,4661,5770,4431,3930,5431,7753,4925,3576,4199,4786,4304,4.60536,5.48161,8.62403,48.212
16974,3543,3546,3459,3370,4163,4715,3990,3601,5256,7703,5299,3820,4952,6167,4710,3875,11.0003,-7.01572,8.50271,48.1127
16975,3236,3389,3273,3268,3600,3936,3914,3540,4432,5895,5399,4162,4944,8004,6956,4415,19.8782,-2.0131,8.94706,48.242
16976,3873,4962,7162,5412,3794,5055,7242,5287,3507,3847,4419,4036,3261,3422,3461,3537,-14.6549,7.73512,8.50675,48.1847
16977,8076,6198,4141,3450,7781,5950,3948,3391,4492,4286,3698,3321,3495,3606,3347,3098,-15.2434,-19.5024,8.8456,48.1853
16978,7119,5088,3742,3372,9720,5256,3960,3430,5409,4219,3581,3226,3834,3713,3315,3217,-10.4935,-30.8923,8.59063,48.134
16979,3222,3427,3754,3943,3277,3992,5128,5257,3540,4176,7254,7461,3417,3946,5085,5440,7.26996,15.7132,8.94257,48.2127
16980,7504,5140,3737,3331,9637,5193,3929,3461,5148,4184,3631,3286,3694,3656,3461,3266,-11.2455,-31.8807,8.5698,48.172
16981,4139,4411,4107,3589,4832,7156,5179,3863,4681,6239,4755,3856,3872,4155,3872,3540,-1.89709,-5.66643,8.6927,48.164
16982,3253,3319,3390,3330,3534,3679,3833,3658,4018,4661,5193,4372,4305,7147,9172,5328,30.0001,3.17467,8.63151,48.128
16983,3298,3454,3293,3118,3776,3861,3603,3464,4516,5169,4621,3843,5815,9732,6338,4102,29.1153,-5.5161,8.73557,48.002
16984,3559,3469,3207,3112,4198,3726,3440,3182,7596,5035,3762,3420,10635,5820,3861,3437,19.0364,-32.3085,8.7674,47.6393
16985,3388,3949,5675,10354,3352,3919,4998,8068,3241,3528,3991,4281,3117,3111,3418,3444,-18.1308,33.5732,8.95091,47.8893
16986,4219,6478,9823,6057,3771,4449,5160,4481,3497,3683,3803,3734,3154,3383,3369,3260,-29.5707,5.70223,8.94973,48.214
16987,5154,7909,6519,4343,4423,6167,5178,4002,3687,3915,3857,3591,3330,3474,3484,3202,-19.1351,-3.07958,8.53493,48.1567
16988,9956,6772,4173,3452,6967,5448,3852,3548,4152,3887,3486,3265,3446,3368,3232,3083,-20.0055,-20.946,8.86357,48.058
16989,3371,3446,3241,3112,3893,3753,3583,3277,5291,5487,4182,3603,8046,9206,4985,3537,25.1864,-12.9538,8.8396,48.0087
16990,3328,3444,3340,3063,3919,3867,3477,3228,5902,5383,4002,3461,9330,8169,4573,3549,23.5181,-16.3993,8.78458,48.0233
16991,3690,4097,3839,3395,4470,5925,4742,3788,4853,7437,5650,3817,4151,4762,4367,3641,3.93636,-4.91645,8.63096,48.416
16992,3299,3372,3296,3070,3940,3884,3541,3395,5079,5625,4422,3717,7087,9411,5405,3755,23.7039,-10.3479,8.7711,48.1987
16993,3441,3879,5875,10957,3383,3770,5012,7505,3111,3439,3900,4160,3065,3257,3365,3498,-20.3932,28.0955,8.54495,47.7447
16994,3171,3474,3955,4268,3392,3636,4718,7324,3321,3830,5067,9257,3233,3547,4274,5264,3.13497,30.0164,8.75164,47.8207
16995,5155,7789,5853,3989,4828,6791,5363,3809,3908,4110,3857,3614,3328,3529,3323,3297,-17.1317,-5.11743,8.90513,48.362
16996,3064,3217,3298,3392,3182,3341,3810,3878,3418,3851,4941,5663,3310,4063,6891,11777,33.835,22.3468,8.91258,47.3973
16997,3932,4290,4059,3599,4353,6657,5685,3784,4304,6316,5417,3929,3812,4291,4061,3616,-0.831437,-3.00491,8.62397,48.07
16998,3173,3240,3505,3638,3251,3663,4309,4544,3541,4047,6484,7259,3520,4099,6444,7477,14.7525,16.9954,8.93487,48.1293
16999,5948,6125,4331,3532,6686,7499,4414,3510,4425,4558,3872,3448,3595,3602,3490,3274,-11.8348,-13.2631,8.76557,48.206
17000,3851,4656,5844,4709,3821,5521,8024,5148,3628,4149,4818,4239,3332,3545,3598,3481,-9.89465,6.11034,8.52013,48.2427
17001,3119,3187,3380,3294,3192,3394,3757,3858,3485,4138,5499,5582,3656,4617,8964,8648,24.1333,14.5312,8.96379,47.8467
17002,7224,5922,4006,3447,8097,6550,3999,3491,4674,4314,3715,3348,3642,3549,3393,3112,-13.1739,-18.6096,8.83758,48.322
17003,3215,3251,3422,3427,3310,3324,3696,3854,3450,3776,4732,5893,3260,3911,6070,12478,31.3458,30.9114,8.62258,47.3793
17004,3198,3368,3246,3264,3544,3647,3959,3664,3921,4869,5405,4463,4379,6874,9001,5290,23.8966,3.6658,8.64245,48.0613
17005,9658,8659,4530,3555,5675,5076,4048,3411,3905,3787,3381,3218,3338,3389,3211,3157,-27.9734,-16.1134,8.92993,47.9987
17006,3780,3682,3276,3083,4982,4694,3690,3372,8146,6765,4158,3392,6209,5386,4035,3418,9.90377,-18.0095,8.91565,48.0453
17007,3424,3421,3325,3185,3646,3837,3679,3356,4729,5411,4483,3819,6227,9649,6034,3958,26.3354,-7.56992,8.52774,48.122
17008,3313,3345,3220,3108,3869,3874,3503,3394,5222,5499,4285,3602,7632,9361,5135,3785,25.6275,-11.8433,8.67649,48.098
17009,3234,3292,3371,3442,3221,3435,3706,3912,3476,3836,4632,5886,3358,3756,5923,12565,33.0662,32.2795,8.84061,47.3633
17010,3606,4552,8706,9202,3414,4079,5145,5408,3298,3474,3811,3988,3168,3221,3451,3315,-33.8589,15.9701,8.71019,47.892
17011,3067,3342,3520,3621,3215,3567,4173,4893,3250,3780,5310,9496,3260,3845,5266,8359,13.4317,26.3771,8.80194,47.976
17012,3378,3909,5770,9960,3383,3814,5250,8400,3271,3525,3955,4395,3008,3279,3510,3590,-17.3318,25.9136,8.76108,48.2647
17013,3505,3526,3559,3313,4137,4568,4163,3583,4970,7848,5610,4010,4787,6005,5046,3770,11.3587,-4.72156,8.69753,48.2667
17014,6166,5577,4091,3488,7844,7123,4207,3580,4920,4650,3724,3411,3651,3676,3249,3122,-10.2764,-16.9828,8.86875,48.3193
17015,3199,3336,3712,3948,3219,3827,4645,5328,3406,3991,6406,8872,3409,3951,5048,6138,9.01175,19.7269,8.72871,48.29
17016,3569,3632,3427,3259,4402,4615,3686,3320,6567,7558,4386,3601,6031,6359,4294,3510,12.922,-13.4602,8.77988,48.144
17017,4331,6944,8855,5120,3993,4934,5583,4396,3582,3814,3858,3667,3213,3322,3321,3337,-23.4657,3.48873,8.6356,48.18
17018,3157,3326,3602,3412,3353,3704,4170,3945,3693,4551,7069,5742,3821,4843,7723,6159,16.3122,10.696,8.77311,48.18
17019,3786,4250,4503,4168,3977,5712,7267,4642,3762,4810,6012,4369,3480,3828,3985,3769,-3.02064,3.81733,8.65961,48.2133
17020,10676,7450,4094,3448,6044,5008,3854,3411,3952,3928,3464,3398,3498,3540,3224,3165,-25.5727,-20.2299,8.63435,48.1027
17021,3304,3608,4247,4728,3300,3848,5483,7602,3352,3952,5479,7332,3384,3710,4251,4692,-0.426741,20.6553,8.55432,48.1813
17022,3586,4254,5651,5643,3452,4369,7494,6991,3418,3777,4709,4739,3244,3396,3697,3533,-10.222,14.1615,8.83531,47.9687
17023,3195,3282,3398,3411,3256,3485,3913,4098,3423,3959,5319,6080,3472,4376,7458,10150,23.618,18.9515,8.55653,48.1833
17024,3430,3953,5811,8555,3384,3784,5534,8823,3196,3468,4092,4686,3164,3275,3553,3518,-14.9789,23.4685,8.85073,48.1507
17025,3396,3925,5818,11122,3363,3875,5020,7483,3367,3517,4015,4216,3038,3228,3312,3333,-19.954,33.1814,8.97404,48.0187
17026,5890,9584,6272,3898,4800,5308,4455,3805,3732,3780,3662,3438,3270,3402,3339,3289,-33.9392,-6.02314,8.59495,47.9493
17027,5207,6435,4569,3692,5309,7989,5069,3768,4255,4598,3885,3464,3558,3652,3449,3177,-11.6113,-8.21428,8.53803,48.0507
17028,3419,3488,3540,3340,3996,4514,4084,3540,4671,7258,6056,4175,4700,6233,5308,4034,12.3693,-2.74552,8.75581,48.2373
17029,3153,3312,3249,3182,3678,3725,3667,3577,4530,5367,4552,3754,5889,9735,6446,4144,26.9947,-6.03183,8.8435,47.9733
17030,3644,4150,4049,3737,4215,5915,5962,4128,4316,6081,6141,4089,3847,4194,4087,3762,0.472231,-0.272509,8.78723,48.2113
17031,4135,3946,3516,3200,6482,4464,3678,3218,9747,5100,3913,3330,5848,4548,3806,3302,5.69562,-29.5779,8.85255,48.1553
17032,3680,4170,4320,3884,3935,5547,6626,4401,4092,5436,6198,4333,3641,3905,4192,3888,-1.04733,2.23858,8.54318,48.1653
17033,3475,3843,5964,12668,3487,3820,4620,5962,3197,3472,3740,3883,3102,3261,3362,3330,-31.0925,29.9204,8.83485,47.4573
17034,3547,4392,7205,6925,3541,4426,6724,6554,3249,3693,4296,4291,3150,3278,3640,3415,-16.0793,14.1837,8.73858,48.2173
17035,3338,3990,6291,10091,3341,3896,5278,7525,3234,3500,3907,4347,3085,3247,3484,3505,-19.1532,22.6143,8.52495,48.0393
17036,3082,3197,3364,3273,3325,3465,3760,3854,3598,4088,5440,5418,3587,4778,9104,8668,26.4714,14.4412,8.74388,48.0007
17037,11635,7166,4057,3370,5848,4771,3741,3381,3936,3950,3469,3298,3442,3451,3182,3125,-29.9054,-22.0031,8.66486,47.8813
17038,3067,3355,3459,3441,3322,3438,4003,4153,3363,3763,5075,8084,3456,3869,5521,10268,17.9417,31.85,8.74449,47.758
17039,3804,3654,3483,3118,4952,4735,3775,3423,7257,7303,4204,3438,5929,5509,3953,3532,9.64104,-15.4621,8.74542,48.046
17040,5402,7168,5178,3865,5124,7435,4993,3887,3913,4425,3918,3585,3403,3504,3458,3158,-14.6745,-7.09909,8.58783,48.2773
17041,3818,4018,3717,3334,5020,5938,4311,3537,5709,7872,4730,3746,4589,4900,3912,3492,4.09518,-10.1013,8.86526,48.4287
17042,5623,9010,6261,4252,4680,5812,4957,3913,3704,3895,3710,3516,3359,3381,3367,3228,-22.337,-5.15404,8.50422,48.4453
17043,3314,3388,3364,3116,3874,3863,3625,3342,4866,5607,4371,3804,6781,9550,5485,3763,24.2473,-9.57766,8.68379,48.0753
17044,3120,3383,3753,4256,3213,3613,4511,6558,3327,3815,5318,9815,3277,3788,4574,5920,6.21626,26.028,8.87037,48.1607
17045,7242,6026,3993,3413,8165,6481,3968,3472,4666,4426,3625,3367,3665,3587,3347,3097,-12.9902,-18.9257,8.67403,48.36
17046,3215,3528,4205,4615,3366,3828,4941,7814,3334,3713,5041,8479,3200,3565,4175,4753,0.766521,32.8904,8.53928,47.848
17047,3107,3233,3359,3406,3296,3492,3913,4128,3363,3785,4866,7242,3387,3951,5855,11584,21.5492,28.6878,8.94568,47.978
17048,3872,5923,9454,6419,3682,4413,5532,4837,3407,3620,3967,3706,3144,3213,3407,3358,-24.3231,8.00186,8.71313,47.9693
17049,5087,7814,6233,4268,4619,6318,5289,4000,3810,3886,3803,3566,3242,3451,3365,3312,-18.2959,-3.52759,8.90601,48.042
17050,3243,3321,3284,3224,3422,3731,3823,3610,3976,4798,4984,4376,4532,7542,8815,5151,32.5715,2.08127,8.59228,47.888
17051,3361,3711,4652,6157,3288,3920,5257,9809,3302,3675,4477,6181,3257,3383,3765,4014,-6.79879,32.8932,8.59698,48.1393
17052,3465,3878,5652,8943,3431,3839,5381,8677,3185,3507,4169,4642,3054,3364,3581,3581,-15.1722,24.353,8.96868,48.2327
17053,3441,3360,3296,3159,4341,4060,3351,3315,8153,5143,3950,3380,10013,5519,3920,3387,17.3749,-31.1601,8.57788,47.8587
17054,3279,3343,3330,3207,3702,3711,3599,3299,4674,5154,4428,3771,6368,10101,6038,3862,30.3228,-7.64511,8.94813,47.9107
17055,4681,4496,3756,3343,6546,6658,4224,3562,5996,5997,4127,3425,4173,4160,3745,3300,-2.01207,-14.855,8.64301,48.126
17056,3373,3927,5878,10915,3382,3836,5237,7563,3247,3465,3925,4216,3110,3212,3459,3477,-19.8474,26.4466,8.85878,48.148
17057,3754,4755,5751,4573,3971,5550,8070,5142,3547,4176,4876,4120,3392,3557,3670,3608,-9.37343,5.71838,8.8566,48.3413
17058,3171,3540,4149,4321,3315,3796,5378,6878,3428,4028,5981,7801,3225,3655,4406,4953,2.30588,19.5234,8.61398,48.0167
17059,3473,4184,6850,11245,3395,3875,5066,6275,3233,3329,3713,4133,3089,3192,3434,3445,-24.8779,22.2431,8.60316,47.954
17060,3191,3406,3402,3213,3681,3786,3698,3469,4305,5732,5249,4137,4968,8278,7066,4431,21.3694,-1.8808,8.62752,48.008
17061,4670,5083,4178,3625,5549,8009,5124,3797,4540,5323,4241,3621,3785,3981,3672,3401,-6.03255,-8.22621,8.67379,48.3993
17062,3172,3460,3741,3883,3298,3851,4824,4936,3444,4251,7128,7625,3486,3895,5382,5757,8.57196,16.334,8.93507,48.0887
17063,3117,3264,3341,3400,3164,3371,3660,3835,3360,3753,4668,6050,3432,3893,6017,12924,28.1677,33.5741,8.94345,47.4993
17064,3715,4169,3893,3475,4248,5978,5043,3918,4662,7062,5685,3971,4070,4583,4189,3705,2.42226,-3.38987,8.67627,48.244
17065,4963,8301,7453,4509,4398,5445,5082,4118,3488,3852,3753,3512,3236,3345,3383,3197,-22.3603,-1.80556,8.97668,48.0233
17066,3913,4690,4861,4097,4226,6324,7228,4535,3786,4869,5157,4082,3477,3758,3926,3589,-6.02357,1.78882,8.69771,48.3453
17067,5348,5231,4056,3415,7250,7491,4389,3475,5105,5201,3822,3399,3928,3823,3558,3232,-7.19808,-14.4891,8.90256,48.482
17068,4391,3928,3520,3199,7206,4650,3611,3341,9360,5025,3876,3539,5388,4395,3554,3293,3.47602,-29.2819,8.81475,48.184
17069,3133,3343,3302,3449,3203,3492,3863,3986,3403,3878,4920,6515,3411,3847,6169,12004,24.4772,29.4811,8.5052,47.9453
17070,3380,3760,5031,7384,3441,3742,5203,9500,3273,3735,4276,5151,3040,3353,3617,3763,-11.3647,31.8785,8.50975,47.766
17071,3091,3356,3396,3497,3237,3495,3683,4021,3392,3863,4764,6048,3353,3904,6186,12418,33.0979,26.3086,8.55438,47.8027
17072,3124,3225,3533,3632,3315,3515,4071,4591,3373,3850,5310,8635,3354,3899,5418,8831,15.1254,26.2391,8.62855,47.784
17073,3782,3748,3436,3232,4807,4643,3653,3367,7705,6911,4112,3412,6346,5620,3973,3411,10.1744,-17.6034,8.50375,48.1053
17074,4824,4280,3499,3238,7963,5481,3860,3300,7627,5278,3875,3355,4624,4261,3605,3261,-0.479005,-21.6089,8.8927,48.2207
17075,3184,3433,3336,3026,3577,3807,3737,3481,4479,5248,4601,3941,5531,9342,6687,4335,27.2472,-4.67149,8.59931,47.83
17076,12418,5843,3926,3452,6017,4677,3803,3401,3919,3839,3308,3205,3443,3410,3202,3155,-32.2821,-29.7479,8.6442,47.3453
17077,3388,3411,3229,3108,3817,3881,3423,3214,5677,5040,3952,3454,10881,7568,4185,3475,32.4404,-19.3589,8.66801,47.802
17078,3846,4406,4394,3796,4053,5952,6515,4322,3904,5429,5939,4190,3677,4016,4117,3772,-1.86979,1.14037,8.77689,48.2187
17079,3273,3488,3434,3237,3564,4053,3938,3609,4199,5904,6048,4338,4512,6982,7147,4769,17.8942,0.503478,8.90271,48.33
17080,3390,3283,3379,3161,3541,3755,3847,3554,4233,5117,4834,3944,5229,9115,7397,4524,26.9131,-2.24008,8.83542,48.202
17081,12409,5916,3892,3358,6492,4881,3753,3466,4060,3785,3534,3208,3339,3394,3231,3046,-25.0269,-28.7272,8.59893,47.8427
17082,3530,4249,6850,7485,3540,4097,6354,6904,3275,3671,4119,4346,3098,3293,3527,3588,-16.4032,16.1452,8.53887,47.9507
17083,3163,3280,3296,3315,3520,3664,3946,3869,3782,4498,6048,5047,3903,5294,8966,6472,21.4516,9.43012,8.53191,48.042
17084,3406,3891,5755,10384,3319,3816,5005,7992,3250,3492,4004,4335,3163,3178,3517,3437,-18.3539,31.3339,8.95764,47.9627
17085,3579,4689,8293,7095,3681,4326,6373,5653,3313,3633,4082,4042,3031,3333,3475,3373,-18.8797,12.5036,8.84468,47.9807
17086,3188,3493,3914,3976,3373,3887,5303,5407,3493,4297,7232,7129,3431,3892,5057,5267,6.03208,15.3295,8.6636,48.226
17087,5083,8258,6945,4466,4459,5793,5312,4119,3666,3847,3699,3563,3314,3371,3482,3191,-21.0579,-2.28121,8.79241,48.3787
17088,3370,3420,3213,3123,3927,3824,3501,3287,6142,4659,3781,3576,12575,6158,3917,3470,28.6384,-32.5364,8.64453,47.962
17089,4279,6731,7762,4885,4065,5343,5976,4470,3668,3867,3937,3688,3338,3420,3318,3325,-19.5185,2.09351,8.63789,48.048
17090,4071,6497,9773,5836,3946,4512,5298,4614,3468,3699,3826,3610,3242,3344,3366,3322,-28.4819,5.74998,8.63015,48.2827
17091,11616,7184,4152,3374,5854,4999,3804,3382,3921,3889,3444,3228,3540,3404,3199,3171,-32.4982,-21.4404,8.83655,48.1073
17092,5592,5919,4172,3542,6789,7907,4425,3610,4520,4750,3901,3323,3567,3765,3471,3157,-11.0547,-12.8161,8.97132,48.2733
17093,3159,3234,3377,3282,3332,3624,3890,3965,3607,4395,5442,4850,3886,5615,9763,6765,25.4493,9.29886,8.71444,48.124
17094,3370,3469,3250,3250,3649,3741,3756,3372,4844,5728,4514,3837,6179,9422,5876,3984,23.4095,-7.46339,8.75963,48.1607
17095,4795,7500,6891,4530,4378,5899,5634,4281,3707,3895,3900,3612,3367,3452,3383,3292,-18.889,-1.34428,8.78453,48.344
17096,3575,3742,3628,3568,4071,4947,4652,3802,4490,7314,6569,4140,4156,5031,4833,4008,7.65022,-1.69609,8.89122,48.3507
17097,3419,3562,3338,3136,3786,3936,3640,3438,4808,6335,4985,3904,5357,8278,6115,4170,19.2182,-5.08316,8.64527,48.138
17098,3981,4082,3620,3223,5232,6008,4340,3415,6003,7621,4653,3476,4555,4606,3855,3406,2.82155,-11.779,8.92171,48.0507
17099,3414,3408,3152,3081,4027,3728,3414,3253,6307,4797,3867,3289,12497,6212,3926,3240,26.7124,-27.3503,8.92263,47.7413
17100,3408,3519,3154,3134,3941,3789,3421,3286,5794,4855,3939,3282,12019,6704,4038,3465,31.2813,-23.1579,8.71667,47.832
17101,6073,4603,3765,3363,9533,5128,3686,3423,6455,4510,3613,3348,4133,3930,3340,3208,-5.98393,-29.4669,8.5906,48.074
17102,3354,3739,4276,4162,3630,4276,6490,5231,3610,4533,7274,5648,3498,3844,4573,4260,1.79227,10.5759,8.98692,48.2653
17103,3295,3872,5428,8299,3418,3931,5315,9358,3191,3507,4135,4876,3103,3270,3452,3711,-13.5968,26.4584,8.94507,48.1073
17104,3018,3205,3461,3487,3309,3587,3989,4422,3405,3990,5472,7866,3286,4097,6079,9456,17.358,23.2349,8.78388,48.086
17105,3193,3192,3335,3519,3330,3549,3735,3898,3336,3771,4798,6092,3376,3894,6171,12231,31.6746,26.1289,8.68392,47.6133
17106,3343,3388,3386,3206,3782,3899,3688,3375,4588,6003,4809,3816,5862,9006,5956,4066,21.66,-6.35974,8.71617,48.1153
17107,3031,3201,3483,3369,3134,3448,3751,3996,3347,3770,4689,6078,3498,3843,6312,12318,28.1752,26.8059,8.56326,47.512
17108,3277,3528,3712,3588,3569,3896,4619,4156,3542,4986,8101,5595,3776,4504,6214,5278,11.3421,8.7314,8.64835,48.2273
17109,3220,3454,3430,3315,3367,3832,3924,3657,3795,4761,5881,4765,4021,6023,8978,5712,22.1999,6.38645,8.51851,48.09
17110,3143,3256,3374,3321,3295,3577,3887,3874,3520,4232,5251,5282,3601,4908,9253,8324,29.9019,13.5718,8.77,48.0653
17111,3264,3845,5970,12948,3299,3669,4616,5950,3312,3375,3758,3834,3235,3244,3424,3380,-32.7057,30.0807,8.98495,47.4153
17112,3386,3464,3331,3080,3930,4021,3617,3288,5798,5937,4231,3444,8129,8358,4637,3756,20.7428,-14.2198,8.83788,48.2713
17113,3843,4439,4686,4074,4093,6200,7180,4375,3839,5123,5518,4130,3552,3880,3902,3641,-4.00481,2.1366,8.98344,48.3167
17114,4570,4009,3528,3205,8084,4826,3744,3325,8635,5030,3744,3323,4897,4233,3665,3160,1.00144,-30.033,8.9308,47.9853
17115,3540,3880,4584,4300,3616,4724,7365,5531,3593,4422,6441,4969,3514,3829,4173,4005,-1.9579,9.34072,8.57651,48.324
17116,3500,3419,3256,2987,4202,3872,3425,3197,7356,5125,3882,3329,10654,6132,3901,3426,19.9418,-24.8911,8.6092,47.7753
17117,3471,3867,5645,10079,3316,3835,5137,8407,3223,3540,3956,4376,3064,3104,3368,3543,-17.2683,30.5173,8.80492,47.954
17118,12622,5941,3819,3379,5856,4702,3780,3351,3812,3722,3534,3253,3311,3402,3192,3187,-32.253,-32.447,8.92533,47.242
17119,3516,4076,6107,7133,3582,4056,6541,7518,3362,3733,4260,4555,3202,3302,3662,3635,-13.7598,17.6056,8.5907,48.16
17120,3549,4531,8899,8906,3568,4060,5198,5401,3316,3578,3762,3934,3088,3298,3409,3434,-32.0249,15.024,8.53067,47.954
17121,3297,3370,3274,3216,3651,3825,3647,3331,4742,5187,4286,3602,6826,10265,5520,3819,31.572,-9.01749,8.9778,47.9053
17122,3487,4400,8248,10152,3489,3909,5017,5662,3307,3513,3883,3866,3218,3157,3435,3412,-28.7083,17.8005,8.89811,48.1033
17123,3251,3584,3835,3892,3343,4075,5094,4872,3722,4465,7704,6563,3619,4095,5275,5236,7.55328,12.7466,8.54192,48.4167
17124,3000,3235,3432,3466,3243,3597,4024,4156,3467,3998,5253,6615,3463,4016,7026,10450,22.0879,20.6705,8.63537,48.294
17125,4000,4029,3376,3209,6237,4655,3671,3242,9810,5153,3681,3383,5791,4582,3684,3332,6.04237,-33.8145,8.8582,47.89
17126,3448,3377,3323,3089,3885,3751,3592,3206,5399,5219,4198,3555,8884,8861,4711,3549,32.4419,-14.7789,8.53914,48.0313
17127,12455,6077,3931,3414,5966,4799,3845,3314,3835,3805,3534,3269,3369,3342,3251,3231,-27.8382,-33.1704,8.51294,47.6247
17128,4234,5666,5827,4342,4383,6717,6760,4376,3696,4212,4455,3790,3426,3489,3554,3346,-12.2707,0.485296,8.69569,48.182
17129,3117,3247,3288,3350,3154,3597,3881,3945,3482,3910,5124,5668,3495,4310,7912,10522,27.9388,18.492,8.83971,48.0013
17130,3344,3395,3194,3080,3865,3782,3502,3266,6140,4701,3747,3369,12721,6089,3940,3362,27.9271,-32.0214,8.82743,47.6647
17131,3232,3352,3883,4151,3270,3686,4740,6209,3317,3898,5954,9137,3205,3730,4891,5855,6.01914,21.9437,8.95001,48.34
17132,3397,3770,5996,12747,3391,3771,4653,6075,3259,3416,3794,3917,3041,3266,3414,3351,-29.5313,30.7229,8.77251,47.5053
17133,3462,3389,3213,3194,4221,3910,3544,3214,6905,5440,3952,3507,9985,6821,4100,3476,20.4296,-21.1876,8.51875,48.222
17134,3267,3534,3522,3380,3921,4343,4283,3706,4697,7054,6158,4251,4498,6000,5608,4138,13.023,-1.77238,8.52564,48.24
17135,3404,3941,6153,10393,3456,3834,5188,7805,3256,3386,3840,4280,3024,3247,3528,3505,-18.9473,24.0986,8.58646,48.16
17136,7972,6314,4216,3583,7668,6041,4048,3447,4559,4181,3586,3221,3617,3606,3302,3156,-15.4696,-19.1272,8.7339,48.3447
17137,3368,3319,3354,3168,3701,3791,3476,3374,4895,5248,4207,3698,7245,9693,5310,3717,32.8689,-10.2077,8.98002,47.7093
17138,6635,10023,5638,3880,4765,5194,4300,3682,3735,3893,3698,3349,3292,3395,3297,3118,-30.1799,-8.98278,8.72188,47.9293
17139,3475,4163,6894,8452,3478,4203,5843,7049,3225,3495,4093,4321,3045,3284,3464,3528,-17.9224,18.0749,8.59111,48.008
17140,4482,4768,4004,3537,5875,7648,4702,3610,4981,5745,4258,3591,3944,3979,3704,3432,-3.90336,-10.7932,8.77381,48.1733
17141,12080,6742,3993,3313,5830,4807,3808,3337,4119,3728,3505,3336,3391,3391,3243,3151,-29.0816,-24.3393,8.7578,47.8493
17142,3571,3863,4576,4386,3577,4611,7635,5533,3556,4331,6124,5035,3329,3795,4200,3930,-2.67189,9.49753,8.53541,48.0347
17143,4247,6863,9569,5624,3973,4605,5331,4456,3456,3562,3814,3714,3221,3279,3340,3292,-28.9397,4.61195,8.83315,48.2307
17144,3320,3436,3243,3191,3731,3993,3728,3413,5018,6413,4634,3787,6187,8698,5403,3899,19.6167,-8.65577,8.71157,48.0627
17145,3553,3906,6188,12258,3380,3682,4821,5938,3198,3532,3754,3875,3103,3343,3407,3339,-30.1963,26.7707,8.50204,47.518
17146,3302,3352,3252,3169,3648,3882,3582,3492,4514,5402,4692,3813,5698,9497,6664,4185,25.5573,-5.12538,8.97274,48.096
17147,6184,5054,3870,3250,8881,6056,3982,3508,5649,4758,3766,3346,3827,3763,3360,3138,-8.56085,-21.1225,8.62087,48.2613
17148,3155,3291,3362,3379,3281,3459,3759,3931,3310,3726,4826,5951,3434,3973,5933,12631,28.4594,31.034,8.77866,47.6007
17149,3380,3961,5972,7392,3437,4021,6540,7720,3270,3658,4307,4594,3227,3356,3622,3716,-13.7745,17.9499,8.6217,48.1153
17150,4524,4124,3534,3201,7472,4986,3653,3333,8586,5355,3788,3440,5000,4374,3579,3253,1.56868,-23.3274,8.95368,48.1347
17151,9399,5602,3899,3459,8789,5059,3839,3414,4554,4101,3519,3171,3473,3418,3360,3106,-15.9874,-32.9559,8.7766,48.108
17152,5422,5063,3922,3359,7378,7031,4296,3374,5306,5060,3820,3269,3889,3782,3604,3253,-7.19682,-16.1426,8.70342,47.8853
17153,10421,6061,3949,3495,7652,5169,3847,3250,4318,3965,3418,3200,3490,3392,3200,3087,-19.2682,-24.9037,8.89897,47.9427
17154,5112,4264,3526,3119,8720,5326,3785,3402,7435,4901,3671,3251,4703,4087,3553,3185,-2.1077,-26.3085,8.55653,48.0267
17155,3386,4135,6579,10887,3456,3837,5240,6809,3315,3527,3833,4092,3179,3273,3328,3375,-22.0401,22.0082,8.93662,48.1673
17156,4104,4142,3636,3347,5647,5895,4050,3421,6801,7126,4205,3424,4738,4564,3888,3389,2.96083,-14.5657,8.98716,48.2513
17157,5031,8405,7860,4606,4261,5066,4837,4207,3448,3620,3729,3601,3218,3342,3408,3314,-30.5311,-1.07785,8.52646,47.9687
17158,3173,3346,3309,3274,3537,3724,3811,3610,4171,5043,5336,4294,4557,7707,8409,4853,24.6401,1.2635,8.51674,48.1027
17159,3123,3245,3419,3370,3228,3417,3853,4035,3393,3782,4743,6123,3471,3885,6199,12455,28.6014,26.4111,8.53172,47.8273
17160,4766,4194,3514,3278,7989,5087,3763,3325,8247,5111,3782,3343,4911,4231,3558,3259,0.464907,-25.8367,8.54089,48.2387
17161,4057,6347,9300,5862,3747,4763,5714,4751,3473,3638,3863,3600,3112,3272,3328,3233,-24.5599,5.8011,8.66534,48.04
17162,3655,4148,5363,4710,3677,5069,8049,5595,3539,4159,5433,4682,3414,3514,3773,3716,-6.92132,8.8664,8.79426,48.3307
17163,3562,4325,7487,9236,3553,4154,5713,6453,3285,3540,3947,4105,3092,3236,3413,3415,-21.1388,18.2183,8.56875,48.344
17164,3286,3369,3288,3057,3802,3864,3361,3358,5859,5017,3976,3515,9809,8622,4491,3457,28.3618,-16.4811,8.88864,48.0873
17165,3986,3883,3372,3239,5325,4902,3771,3299,7896,6835,4193,3436,5581,5143,3860,3326,7.42519,-17.0629,8.76751,48.0313
17166,3357,3963,5871,10232,3423,3842,5115,8189,3232,3518,3855,4373,3108,3237,3482,3548,-18.3085,26.7204,8.95785,48.23
17167,3354,3448,3232,3150,3695,3694,3643,3294,4921,5135,4487,3681,6592,9968,5703,3883,31.2392,-8.50828,8.79117,47.92
17168,3112,3300,3498,3662,3318,3520,4203,4742,3375,3782,5209,8832,3316,3938,5350,8922,14.9406,30.5348,8.63492,48.0527
17169,7617,5701,3989,3409,8401,6035,4038,3408,4716,4210,3643,3218,3708,3539,3314,3084,-13.5095,-20.1743,8.95689,48.02
17170,9651,8576,4517,3605,5584,5283,3970,3408,3843,3846,3462,3172,3450,3424,3189,3089,-26.1409,-16.7193,8.90683,48.046
17171,3622,4145,4159,3780,4092,5597,6082,4325,3991,5789,6321,4332,3757,4153,4224,3862,0.813138,1.49536,8.53999,48.154
17172,3405,4016,6458,9385,3362,3902,5495,7541,3267,3521,4017,4353,3104,3235,3504,3492,-18.163,21.5208,8.68792,48.038
17173,11221,7206,4081,3328,6187,4966,3868,3401,3966,3791,3476,3224,3447,3360,3291,3009,-26.9987,-21.1648,8.51727,47.8813
17174,3393,3358,3308,3167,3654,3940,3624,3444,4768,5544,4648,3878,5794,9581,6270,4182,24.5888,-6.27778,8.62242,48.3687
17175,3448,3341,3181,3069,3861,3739,3358,3212,6008,4788,3922,3451,11826,7103,4201,3460,28.9954,-22.2675,8.53686,47.9787
17176,4249,4184,3630,3234,6527,5958,4062,3425,6884,6522,4061,3378,4700,4310,3706,3331,1.14333,-16.4937,8.73873,48.1073
17177,3531,3444,3092,3067,4587,4020,3559,3280,8101,5108,3886,3414,9795,5817,3961,3352,17.5078,-25.6457,8.52814,48.0093
17178,3447,3535,3372,3056,4130,3937,3576,3326,6110,5903,4151,3462,8227,7706,4431,3627,20.0948,-15.8464,8.53185,47.9973
17179,3366,3384,3233,3095,3900,3866,3478,3305,6430,4745,3804,3445,12268,5972,3925,3411,24.9855,-31.8072,8.59339,47.7513
17180,3138,3116,3390,3330,3289,3566,3881,4234,3381,3746,4858,7426,3409,3889,5898,11143,20.4646,32.7076,8.85185,47.796
17181,3493,3762,4332,4239,3505,4469,6920,5531,3502,4363,6699,5386,3469,3778,4343,4184,-0.345453,10.7459,8.60908,47.9833
17182,3474,3293,3243,3097,4109,3828,3377,3275,7362,4959,3818,3363,11356,6050,3800,3470,20.9517,-26.5368,8.92661,47.916
17183,5658,9721,6808,4163,4513,5200,4518,3869,3547,3773,3576,3416,3217,3386,3363,3310,-30.4418,-4.8034,8.70904,48.0253
17184,5014,6314,4651,3730,5438,8130,5087,3739,4179,4680,3948,3626,3527,3489,3411,3248,-11.4283,-7.63783,8.91101,48.1407
17185,5013,6156,4540,3650,5437,8077,4832,3823,4178,4844,4027,3532,3679,3676,3458,3334,-10.6573,-8.62712,8.8837,48.1707
17186,3368,3843,5888,12616,3394,3750,4662,6045,3259,3425,3742,3960,3074,3268,3362,3368,-30.1365,30.6216,8.70291,47.3493
17187,3300,3672,4076,4027,3481,3990,5874,5456,3524,4452,7191,6526,3434,3862,4699,4716,3.33975,13.7769,8.51167,48.1867
17188,3359,3446,3165,3056,3863,3873,3484,3229,6101,4967,3765,3408,12114,6623,4074,3450,27.8794,-24.7178,8.6815,47.9847
17189,3553,3739,3486,3186,4262,4784,4155,3445,5537,8343,5157,3734,4898,6041,4538,3660,9.79812,-8.04802,8.97751,48.3453
17190,3499,4149,5585,5998,3569,4161,7142,7349,3413,3757,4720,4796,3234,3477,3672,3814,-10.35,15.481,8.56894,48.2233
17191,4655,7088,7626,4846,4079,5469,5806,4324,3634,3834,3786,3708,3192,3335,3368,3337,-19.7499,1.00659,8.82172,48.058
17192,3202,3213,3465,3349,3149,3531,3732,4034,3455,3856,4987,6341,3491,4177,6717,11409,25.0808,22.2289,8.59366,48.072
17193,3637,3826,3676,3339,4164,5229,4287,3631,5074,8122,5465,3831,4509,5239,4443,3742,7.01984,-5.97303,8.85736,48.1427
17194,3514,3475,3255,3089,4411,3914,3501,3204,8045,5177,3816,3470,9954,5742,3846,3386,17.8437,-28.3707,8.64601,47.866
17195,7144,9801,5280,3816,4931,5194,4247,3704,3666,3872,3657,3256,3359,3364,3335,3170,-31.2881,-10.5298,8.71921,47.864
17196,3232,3261,3652,3640,3202,3541,4256,4950,3492,3857,5439,9387,3403,3808,5255,8215,13.035,27.5629,8.57316,48.3933
17197,12711,5907,3901,3369,5869,4574,3794,3369,3738,3690,3385,3305,3378,3397,3312,3238,-32.0965,-32.8478,8.81722,47.2913
17198,3429,3996,5984,12790,3442,3790,4719,5883,3336,3504,3659,3841,3087,3202,3327,3346,-28.2895,32.5481,8.89208,47.5567
17199,3301,3465,3373,3167,3908,4148,3721,3393,5210,6484,4602,3754,5937,8324,5459,4009,18.9663,-8.71266,8.51412,48.17
17200,3202,3324,3422,3507,3363,3630,3909,4009,3631,4203,6057,5781,3769,4677,8109,7609,19.9749,13.7524,8.56027,48.1347
17201,5421,4367,3601,3277,9397,5126,3687,3390,7145,4825,3824,3245,4353,4001,3646,3155,-3.29338,-27.5849,8.93457,48.3067
17202,4420,4047,3495,3253,7377,4822,3665,3387,8781,5406,3817,3334,5263,4270,3575,3285,2.43482,-25.3118,8.70127,48.1313
17203,3468,3384,3222,3069,4214,3825,3517,3197,6753,5340,3867,3372,10771,6510,4094,3470,21.7769,-22.5864,8.5811,48.0487
17204,5032,4253,3696,3266,8809,5100,3851,3326,7603,4878,3698,3405,4584,3990,3480,3191,-2.08299,-30.5855,8.78395,48.108
17205,3218,3553,3966,4468,3370,3771,5117,7448,3301,3724,5333,8468,3199,3709,4422,5231,1.75912,24.2145,8.80559,48.1987
17206,3284,3530,4322,4939,3321,3783,4917,8533,3315,3719,4905,7936,3186,3539,4023,4631,-0.889038,29.1991,8.85825,47.922
17207,3038,3230,3350,3362,3187,3461,3815,3958,3431,3866,5001,6132,3472,4036,6941,11430,26.3505,22.3988,8.53619,47.8067
17208,6604,9716,5472,3856,4976,5521,4464,3614,3697,3842,3686,3433,3298,3376,3282,3056,-25.1416,-9.15521,8.90974,47.9287
17209,3360,3418,3232,3088,3889,3704,3472,3182,6007,4830,3832,3458,11678,6897,4065,3489,28.2839,-22.4647,8.7211,47.734
17210,3099,3299,3379,3419,3184,3479,3821,3918,3459,3691,4764,5883,3441,3926,6379,12469,31.2815,26.026,8.57913,47.74
17211,4399,4316,3712,3341,6094,6444,4268,3482,5926,6786,4261,3459,4401,4350,3667,3359,0.0442156,-13.5895,8.99461,48.1767
17212,4439,6200,6295,4557,4272,6578,6368,4293,3781,4144,4168,3651,3411,3455,3551,3368,-14.3108,-0.168852,8.98892,48.354
17213,3644,3674,3556,3187,4242,4680,3871,3525,5876,7857,4930,3719,5171,6094,4500,3675,10.9167,-9.90326,8.60331,48.134
17214,3374,3339,3245,3095,3902,3777,3511,3111,5704,5072,3989,3494,9936,8309,4321,3597,27.4498,-17.1445,8.92743,47.8507
17215,3589,4650,7074,6120,3644,4603,7195,6050,3354,3769,4333,4186,3185,3311,3532,3512,-14.9951,11.5892,8.68678,48.0713
17216,8122,8010,4457,3547,6194,5847,4087,3540,4045,4081,3558,3236,3402,3338,3232,3095,-20.1948,-15.4888,8.63227,47.8607
17217,4745,7405,6707,4459,4374,6324,5772,4135,3663,4015,3908,3585,3302,3493,3339,3316,-18.1008,-1.47684,8.77077,48.3613
17218,3066,3406,3504,3403,3279,3392,3778,4012,3320,3834,4713,6128,3429,3871,6406,12363,33.6841,24.9168,8.74304,47.936
17219,3376,3831,5108,8580,3431,3760,5197,9468,3328,3464,4076,4893,3174,3311,3532,3632,-13.4549,29.4973,8.89938,48.1073
17220,3448,3965,5980,12535,3445,3765,4823,6351,3256,3449,3823,3907,3194,3239,3302,3350,-25.0954,33.4623,8.89533,47.888
17221,3644,4743,8787,8883,3522,4100,5220,5416,3271,3443,3758,3926,3104,3268,3357,3331,-27.9709,14.8532,8.71181,47.8487
17222,3139,3357,3513,3352,3582,3954,4031,3804,4003,5462,6263,4480,4213,6376,7719,4911,17.853,2.9178,8.62738,48.106
17223,4869,4292,3565,3290,8553,5061,3798,3422,8240,4832,3764,3279,4606,4006,3403,3351,-0.515117,-30.0266,8.59348,48.2207
17224,5760,9651,6466,4039,4468,5204,4479,3916,3733,3707,3752,3435,3318,3365,3277,3124,-31.2442,-5.50637,8.77628,47.796
17225,3198,3454,4114,4492,3270,3750,4919,7573,3405,3799,4977,8960,3332,3552,4256,4972,1.87509,32.7616,8.81278,48.0153
17226,3106,3329,3622,3776,3258,3676,4469,5527,3308,3954,5638,9625,3348,3737,5017,6766,9.73959,24.2115,8.72166,48.104
17227,3498,4137,6275,6409,3526,4250,7097,7039,3391,3694,4420,4499,3291,3329,3540,3706,-12.6316,14.7665,8.59933,48.0673
17228,3470,4079,5489,5288,3596,4468,7870,6286,3458,3889,5125,4668,3292,3556,3854,3807,-8.19784,12.0123,8.52073,48.13
17229,3023,3268,3571,3576,3321,3759,4232,4414,3453,4103,6411,7221,3520,4240,6573,7474,14.949,16.7919,8.95956,48.106
17230,3687,3867,3840,3569,3987,5180,5488,4110,4066,6302,7116,4251,3736,4442,4642,4071,4.01478,1.4546,8.8074,48.236
17231,3345,3309,3205,3128,3922,3820,3378,3259,6300,4855,3766,3387,12469,5928,4081,3541,25.8664,-31.3878,8.55626,47.7953
17232,3089,3206,3517,3474,3415,3619,4296,4275,3472,4222,6467,6685,3573,4425,7093,7275,16.1765,15.2253,8.75607,48.0687
17233,7518,9457,5233,3636,4961,5383,4334,3683,3767,3745,3741,3380,3378,3344,3278,3112,-32.7796,-11.2957,8.61948,47.9667
17234,6738,5517,4069,3338,8299,6323,4016,3443,5007,4381,3770,3178,3853,3665,3474,3170,-11.1232,-19.212,8.67239,48.1607
17235,4874,5808,4440,3683,5488,8142,5233,3847,4259,4823,4046,3608,3592,3729,3484,3321,-9.48673,-7.70309,8.80321,48.2513
17236,3172,3324,3323,3218,3520,3583,3911,3625,3880,4798,5132,4480,4071,7056,9483,5259,33.3499,3.77487,8.9462,47.89
17237,3331,3492,3370,3214,3837,4129,3787,3565,4769,6644,5204,3986,5262,7788,5914,4030,17.5418,-4.76318,8.84094,48.2147
17238,3261,3292,3534,3473,3501,3828,4205,4073,3742,4923,7158,5305,3845,5151,7488,5656,15.7818,8.20277,8.71811,48.29
17239,3566,3420,3190,3104,4539,4054,3603,3253,8717,5148,3824,3436,9324,5341,3867,3382,15.7129,-30.1519,8.87559,47.8453
17240,3301,3630,4082,4464,3238,3796,5222,7274,3406,3917,5551,8016,3203,3564,4410,5075,1.67789,21.6418,8.64273,48.0993
17241,3631,3569,3271,3176,5093,4245,3644,3189,9836,5133,3772,3388,7838,5035,3719,3427,12.0557,-30.8207,8.90431,47.9773
17242,3881,5728,9905,6805,3715,4332,5350,4823,3401,3571,3792,3736,3201,3215,3366,3364,-29.0084,8.96205,8.74296,48.1233
17243,3278,3356,3303,3149,3832,3720,3405,3250,5908,4819,3731,3396,12592,6155,3887,3399,28.1363,-31.6017,8.88077,47.4533
17244,3124,3317,3495,3354,3455,3646,4128,4111,3505,4460,6542,6041,3594,4674,7538,7164,17.641,13.4619,8.56128,48.0987
17245,11627,6350,3964,3470,6651,5064,3738,3412,4065,3843,3466,3229,3458,3368,3311,3097,-23.7795,-24.2317,8.67689,48.0753
17246,3141,3241,3497,3387,3309,3578,3829,3783,3487,4003,5240,5270,3647,4785,8979,8758,30.2454,14.4693,8.84382,47.956
17247,4096,5509,9391,6507,3696,4446,5992,4923,3302,3690,3823,3899,3218,3245,3301,3328,-22.112,8.84713,8.79287,48.244
17248,3120,3254,3608,3510,3388,3741,4239,4359,3560,4439,6608,6469,3596,4443,7169,6815,15.5009,13.9717,8.53064,48.212
17249,3451,3967,5001,5061,3519,4389,7612,6808,3483,3988,5404,5132,3387,3488,3828,3986,-5.93382,13.1013,8.90174,48.336
17250,3471,3469,3334,3147,4529,4031,3627,3257,8561,5175,3778,3443,9573,5504,3813,3411,16.3598,-31.3647,8.86229,48.082
17251,3877,3570,3349,3168,5468,4359,3524,3313,9923,5292,3823,3348,6751,4896,3796,3320,9.3992,-33.9853,8.6332,47.8513
17252,3943,4053,3594,3348,4938,5797,4150,3560,5965,7707,4663,3568,4503,4803,4061,3608,4.17402,-10.985,8.96323,48.174
17253,3135,3230,3299,3500,3191,3429,3831,3997,3536,3883,5292,6252,3444,4412,7481,10054,22.7461,18.6238,8.97406,47.9773
17254,12272,6401,4023,3457,6171,4823,3751,3412,3889,3787,3497,3209,3432,3336,3254,3010,-27.2869,-24.9108,8.78371,47.816
17255,3351,3341,3222,3232,3875,3669,3485,3185,5937,4789,3821,3440,12431,6096,3844,3404,29.6734,-31.7022,8.55289,47.4147
17256,3615,3447,3296,3059,4661,4183,3505,3227,9356,5132,3855,3328,8881,5263,3766,3368,14.4778,-30.7008,8.9824,47.9613
17257,10523,6068,4045,3367,7456,5187,3786,3331,4320,3924,3525,3269,3446,3502,3223,3123,-19.8175,-25.4724,8.57833,48.0633
17258,6623,9198,5372,3836,5124,5844,4330,3770,3743,4011,3652,3414,3345,3409,3292,3176,-22.0225,-9.68732,8.68801,48.0927
17259,3527,4071,6391,11332,3370,3818,4956,6808,3225,3428,3817,4159,3130,3198,3372,3302,-22.4943,24.5121,8.80688,47.936
17260,3157,3328,3547,3664,3322,3471,4337,5155,3393,3754,5170,9772,3315,3773,5069,7575,11.6218,30.557,8.70654,47.868
17261,5076,8056,6985,4433,4456,5842,5307,4135,3705,3900,3886,3568,3226,3418,3283,3248,-20.7344,-2.46462,8.56641,48.3493
17262,3380,3964,5542,10847,3412,3791,5068,7885,3216,3496,3967,4268,3162,3229,3393,3425,-19.1141,29.5576,8.84709,48.03
17263,4983,5206,3974,3591,6696,7551,4498,3599,4954,5223,3992,3412,3787,3819,3532,3305,-6.74678,-13.1049,8.58693,48.0813
17264,3460,3409,3166,3080,4301,3939,3633,3193,8214,5146,3990,3460,9818,5592,3858,3338,17.3136,-32.8502,8.61728,47.7313
17265,4432,5436,4799,3895,4848,7569,5947,4060,3964,4939,4372,3779,3499,3760,3621,3397,-8.89218,-3.45516,8.52991,48.2113
17266,7668,5124,3865,3267,9714,5345,3919,3372,5172,4241,3654,3193,3817,3567,3263,3119,-11.7053,-27.2227,8.84809,48.2
17267,3088,3196,3383,3390,3265,3468,3865,4085,3351,3958,5214,6904,3485,4024,6592,10778,21.4071,22.7403,8.73823,48.0307
17268,9198,7745,4256,3596,6391,5505,3977,3421,4065,3961,3465,3279,3428,3320,3103,3063,-21.9542,-17.3361,8.7261,47.8487
17269,3290,3318,3256,3036,3746,3817,3652,3283,4947,5239,4364,3787,6806,10048,5685,3935,28.3671,-9.24782,8.76243,48.1393
17270,3221,3585,4056,4637,3308,3690,4860,8189,3277,3712,4997,8571,3183,3564,4315,4865,0.914969,32.5959,8.92361,48.02
17271,10361,7923,4289,3540,5662,5032,4033,3537,3868,3863,3392,3255,3346,3410,3159,3180,-28.1906,-18.7441,8.65082,47.9
17272,3301,3904,4983,5419,3408,4067,6616,8193,3429,3698,4987,5813,3131,3483,3890,4026,-6.20221,18.2248,8.766,48.232
17273,3091,3248,3472,3304,3283,3404,3737,3824,3361,3718,4707,5970,3395,3941,6227,12858,31.3739,27.7123,8.99191,47.6933
17274,10093,5590,3981,3367,7977,5101,3799,3409,4267,3969,3457,3157,3604,3554,3288,3039,-17.7806,-32.2068,8.57952,47.768
17275,3815,4458,4529,3830,4137,6153,7078,4387,4010,5200,5635,4176,3697,3887,3901,3629,-3.29569,1.76257,8.60261,48.348
17276,5618,9596,6711,4302,4477,5107,4667,3955,3681,3803,3559,3511,3264,3329,3289,3214,-28.4069,-4.72309,8.58172,48.0553
17277,9594,7538,4344,3569,6453,5484,4066,3387,4023,3916,3566,3338,3521,3409,3222,2993,-21.6289,-18.269,8.73981,48.282
17278,4874,4605,3767,3310,7284,6432,4059,3399,6212,5520,3905,3366,4311,4058,3737,3323,-2.86048,-16.9163,8.78519,48.108
17279,3500,3448,3276,3033,4297,4020,3478,3364,7375,5108,3845,3443,10245,6069,3967,3368,19.0414,-24.6049,8.5731,47.8907
17280,3518,4226,6160,7023,3497,4222,6703,7590,3297,3686,4341,4519,3064,3361,3530,3592,-13.6887,17.1692,8.86817,48.2193
17281,3088,3445,3583,3736,3319,3720,4404,4905,3496,4074,6434,8267,3425,4084,5575,6808,11.6675,19.2799,8.52673,48.242
17282,9553,5589,3907,3361,8307,5067,3943,3371,4355,4020,3586,3275,3569,3407,3235,3208,-16.4165,-32.5815,8.60148,47.8353
17283,5726,4651,3612,3282,9738,5272,3917,3371,6493,4531,3609,3291,4125,3829,3481,3160,-5.54765,-31.5726,8.99406,48.0587
17284,3370,3667,4158,4050,3574,4295,6534,5229,3635,4532,7315,5627,3522,3963,4695,4348,2.06211,10.4674,8.73455,48.3427
17285,3310,3357,3521,3331,3642,3914,4228,3778,4120,6069,6479,4379,4268,6284,6732,4752,15.9105,1.40951,8.91875,48.1093
17286,3099,3236,3382,3450,3260,3451,3806,4002,3550,4069,5299,5765,3527,4450,8245,9538,24.9891,16.912,8.57456,48.086
17287,7354,7776,4573,3558,6014,6406,4293,3583,4065,4152,3611,3383,3363,3403,3258,3062,-18.3583,-13.7185,8.6141,47.9027
17288,3491,3622,3621,3409,3886,4592,4605,3905,4211,6831,6866,4390,4238,5365,5137,4061,9.48281,0.077062,8.61911,48.1533
17289,5601,9431,6381,4149,4438,5757,4789,3890,3651,3935,3598,3554,3368,3337,3356,3187,-23.8442,-5.12983,8.92266,48.2813
17290,3093,3240,3416,3361,3221,3422,3855,4107,3351,3981,5324,6760,3421,4277,7174,9768,20.9356,19.6419,8.90738,47.8473
17291,3225,3575,4066,4336,3365,3899,5290,6724,3472,3928,6043,7844,3301,3618,4452,4993,2.72155,19.4121,8.61953,48.0873
17292,5387,9340,6746,4212,4435,5094,4726,4056,3680,3792,3779,3415,3222,3371,3416,3276,-33.5298,-4.07012,8.66415,47.9647
17293,6118,9754,6209,4055,4655,5225,4596,3713,3764,3828,3669,3426,3226,3362,3377,3187,-32.0782,-6.88069,8.63929,48.1093
17294,3443,3438,3336,3156,4232,4044,3558,3154,6567,5606,4011,3369,9271,7227,4259,3447,20.0819,-18.8648,8.67914,48.0787
17295,3307,3755,4794,6663,3391,3886,5489,9901,3212,3656,4228,5574,3270,3452,3779,3969,-9.31528,26.2301,8.8477,48.2173
17296,3167,3244,3400,3448,3123,3527,3791,3977,3351,3736,4826,6047,3298,3939,6195,12499,32.7873,26.1364,8.76087,47.712
17297,5112,4250,3557,3278,8929,5126,3695,3338,7690,4664,3707,3377,4471,4094,3536,3292,-1.65214,-31.781,8.84266,48.0773
17298,3298,3593,4317,4736,3415,3915,5769,7285,3438,3970,5776,7043,3271,3698,4078,4655,-0.372287,18.7822,8.58356,48.1713
17299,3101,3295,3377,3440,3282,3455,3637,3941,3575,4091,5214,5319,3627,4742,9231,8612,33.9017,13.9111,8.9366,47.9593
17300,3450,3296,3364,3020,3866,3870,3594,3361,5341,5916,4373,3727,7036,8971,5220,3623,21.5603,-10.8351,8.83879,48.0187
17301,3369,3850,5312,8909,3383,3906,5182,8750,3317,3490,4103,4709,3216,3192,3563,3597,-15.0326,30.5493,8.57843,47.8987
17302,3000,3219,3375,3406,3213,3489,3708,3951,3522,4004,5224,5843,3418,4410,7918,10089,25.7812,17.8726,8.83395,47.8593
17303,3473,4152,6171,6755,3565,4185,6734,7406,3359,3587,4509,4619,3167,3328,3560,3724,-13.0464,16.5088,8.7912,48.196
17304,3372,3369,3230,3044,4053,3846,3419,3151,6476,4753,3738,3434,12173,6059,3902,3465,25.1197,-26.9044,8.78023,47.656
17305,4069,3802,3395,3093,6399,4543,3642,3189,10165,5250,3694,3329,6010,4608,3773,3266,6.3061,-30.8566,8.91828,48.1513
17306,3199,3342,3387,3365,3133,3503,3853,3856,3426,3991,5051,5506,3543,4428,8675,9437,29.0156,16.4428,8.81495,47.7967
17307,3342,3520,4081,4610,3387,3872,5425,7109,3315,3914,5602,7934,3243,3509,4381,4883,1.32599,20.5427,8.90014,48.0847
17308,3118,3284,3463,3408,3209,3377,3754,3988,3300,3873,4990,6353,3462,4094,7344,11009,25.1307,21.141,8.5184,48.0173
17309,3364,3406,3259,3182,3880,3658,3472,3216,5997,4733,3743,3384,12520,5965,3886,3374,27.5116,-33.8925,8.71791,47.3593
17310,3120,3362,3810,4120,3310,3685,4754,6360,3355,3857,5385,9572,3337,3646,4673,6026,5.93689,25.9242,8.55696,48.248
17311,3426,3949,6461,12493,3416,3756,4765,6068,3251,3462,3774,3890,3105,3244,3264,3403,-29.6354,26.6449,8.50087,47.818
17312,3662,3652,3405,3162,4321,4645,3795,3493,6028,7987,4751,3468,5473,6295,4392,3752,11.5341,-11.266,8.92704,48.1873
17313,3174,3184,3444,3470,3192,3432,3933,4178,3283,3925,4998,7696,3432,3906,5729,10994,19.633,31.617,8.81292,47.98
17314,3412,3380,3212,3028,3950,3784,3426,3195,6414,4791,3899,3281,12471,6234,3902,3379,25.9569,-26.5361,8.85187,47.8387
17315,3244,3375,3339,3137,3630,3786,3767,3520,4442,5542,5017,4064,5383,9047,6819,4242,22.6802,-3.73346,8.94185,48.236
17316,3835,3871,3499,3217,5183,5021,3853,3424,7350,7146,4390,3526,5481,5253,3786,3450,7.58983,-15.6647,8.72405,48.19
17317,3386,3288,3347,3157,3807,3786,3576,3156,5615,5058,4106,3301,10064,8171,4339,3595,27.4549,-17.574,8.83472,47.8347
17318,3264,3493,3721,3785,3295,3942,4890,4719,3512,4359,7817,6915,3549,4073,5439,5589,9.03727,13.7368,8.82827,48.2413
17319,6073,5018,3819,3289,8669,6511,4022,3388,5758,4662,3678,3195,3915,3789,3272,3129,-8.1494,-19.79,8.97545,48.1247
17320,3470,4005,5256,5019,3548,4485,7633,6657,3484,3908,5186,4982,3292,3558,3858,3930,-6.85906,13.014,8.60985,48.1807
17321,3484,3901,5792,11012,3369,3805,4917,7323,3304,3511,3874,4254,3167,3228,3343,3397,-20.6082,31.604,8.62075,47.7873
17322,5868,8737,5540,3945,5012,6383,4602,3826,3855,4058,3759,3413,3427,3443,3329,3164,-19.6765,-7.76782,8.98366,48.2407
17323,3483,3475,3298,3173,3922,4236,3766,3471,5247,6892,4777,3808,5830,7982,4890,3847,17.1684,-9.03788,8.76111,48.0647
17324,3418,3374,3210,3133,3849,3715,3472,3273,5933,4916,3705,3346,11805,6965,4083,3384,30.5713,-22.5307,8.92647,47.7207
17325,3527,4648,8605,9202,3446,4056,5227,5587,3305,3487,3915,3813,3106,3332,3334,3408,-26.9466,15.5476,8.62303,47.9987
17326,10164,7927,4359,3496,5771,5026,3955,3431,4023,3760,3511,3289,3377,3338,3256,3147,-27.4637,-18.273,8.87127,47.8867
17327,3454,3583,3733,3428,3737,4446,4599,3795,4145,6766,7170,4455,4130,5329,5401,4270,10.1914,1.02276,8.90237,48.294
17328,3114,3287,3701,3761,3156,3571,4112,5114,3419,3858,5246,9603,3340,3744,5080,7612,11.6863,33.6638,8.96051,47.812
17329,4493,6647,6803,4653,4252,6012,6075,4326,3645,4057,4026,3703,3338,3383,3457,3360,-16.5705,0.649966,8.50987,48.1533
17330,3086,3143,3358,3348,3212,3511,3803,4025,3350,3912,4977,6516,3442,3997,6776,11490,24.1819,23.0733,8.90233,47.964
17331,3065,3175,3380,3309,3266,3562,3751,3971,3440,3821,4867,5822,3528,4091,7099,11689,30.5931,21.812,8.90959,47.8907
17332,8606,6002,3946,3356,8135,5654,3927,3414,4707,4065,3607,3391,3540,3412,3160,3125,-15.7949,-22.0721,8.50749,48.0313
17333,3135,3253,3275,3340,3442,3614,3893,3590,3776,4687,5398,4560,4067,6531,9527,6005,25.6496,5.63764,8.87168,48.062
17334,3485,4266,6113,6034,3604,4394,7485,6902,3340,3763,4433,4556,3186,3393,3586,3720,-11.7972,14.3013,8.77035,48.1733
17335,3401,3761,4742,6309,3471,3859,5219,9795,3248,3626,4490,5838,3214,3317,3780,3817,-7.7958,33.6536,8.65396,47.9247
17336,3358,3817,4697,5513,3361,3919,6181,8629,3411,3712,4962,6124,3118,3485,3979,4116,-5.69991,20.2881,8.65118,48.2547
17337,3686,4046,3822,3648,4140,5520,5219,4073,4341,6810,6358,4205,4008,4531,4331,3863,3.19426,-1.40941,8.91602,48.4007
17338,3402,3753,4826,5507,3498,3992,6166,8462,3334,3704,5028,6068,3261,3472,3956,3998,-5.61017,19.7513,8.62209,48.2847
17339,3177,3189,3439,3453,3211,3590,3941,4275,3419,4096,5563,7125,3393,4083,6708,9155,18.6247,19.3868,8.81574,47.878
17340,3283,3420,3432,3342,3479,3870,3939,3714,4110,5337,5753,4340,4552,6887,7890,5066,20.8595,1.81519,8.53796,48.276
17341,3990,5148,6212,4608,4020,5794,7735,4707,3671,4211,4569,3907,3345,3538,3590,3453,-11.813,3.78311,8.98929,48.332
17342,12363,5999,3969,3364,6335,4818,3769,3385,4017,3738,3505,3103,3433,3289,3186,3187,-25.8369,-31.8715,8.77713,47.64
17343,3364,3761,3807,3542,3654,4828,5144,3994,4128,6494,7267,4613,3996,4844,5106,4175,6.9155,2.07743,8.82902,48.478
17344,6234,4647,3726,3283,9743,5197,3801,3292,6106,4541,3771,3334,3970,3694,3413,3221,-7.28063,-33.016,8.60149,47.982
17345,3785,5134,8101,5930,3788,4702,6840,5258,3376,3757,4144,3982,3239,3319,3464,3532,-17.6647,8.65924,8.79719,48.234
17346,10063,8345,4473,3468,5687,5132,3956,3381,3853,3764,3472,3288,3379,3311,3224,3088,-30.1938,-17.1222,8.89164,47.9227
17347,3434,3436,3138,3084,4274,3999,3499,3289,7696,5408,3681,3459,10054,6033,4021,3398,18.3613,-24.1975,8.9195,47.9353
17348,5839,4620,3640,3272,9853,5237,3706,3380,6474,4514,3645,3255,4181,3841,3312,3252,-5.69196,-29.4676,8.84608,48.014
17349,3602,4641,7705,6962,3415,4379,6653,5977,3340,3689,4233,4001,3055,3365,3584,3505,-17.2941,12.8796,8.82635,48.0707
17350,7411,5640,4066,3430,8441,6037,3985,3409,4918,4242,3629,3230,3643,3670,3376,3209,-12.9252,-20.7334,8.70064,48.224
17351,3403,3373,3295,3164,3913,3883,3615,3376,5155,5384,4203,3675,7803,9445,5055,3695,26.5193,-12.0991,8.59583,48.2913
17352,2959,3182,3448,3491,3271,3462,3857,3948,3435,4028,5448,5958,3549,4343,7955,9756,23.6518,17.682,8.73287,48.06
17353,3196,3364,3773,4051,3337,3650,4640,6286,3389,3853,5529,9705,3209,3617,4629,5890,6.03525,24.5636,8.89416,48.0787
17354,3365,3343,3258,3175,3644,3850,3977,3622,4339,5663,5264,4051,4933,7961,7331,4591,20.8621,-0.96913,8.92605,48.2447
17355,3052,3225,3405,3340,3271,3403,3979,4006,3317,3893,4993,6630,3384,3941,6354,11900,23.9806,24.5101,8.97915,48.062
17356,3292,3768,4874,6701,3394,3962,5154,9897,3386,3643,4358,5636,3235,3360,3695,3832,-9.22498,33.1774,8.9749,48.1247
17357,3077,3283,3414,3324,3288,3543,3936,4116,3491,4226,5908,6178,3619,4545,7876,8222,19.9513,15.537,8.55001,48.0307
17358,4789,7866,7495,4598,4270,5494,5473,4230,3671,3778,3860,3551,3207,3355,3439,3230,-20.544,-0.389939,8.97088,48.204
17359,3303,3318,3146,3190,3738,3785,3733,3543,4531,5631,4815,3990,5520,8994,6872,4274,24.2022,-3.86259,8.63854,48.2553
17360,4883,4127,3546,3238,8452,5061,3599,3314,8261,4890,3667,3334,4734,4035,3535,3134,-0.312271,-29.1631,8.60909,47.8733
17361,3221,3368,3670,3995,3378,3719,4291,5803,3406,3771,5168,9795,3351,3693,4755,6484,8.52238,31.8832,8.53295,47.912
17362,4030,3772,3549,3170,6185,4691,3632,3236,8981,6083,3889,3393,5827,4768,3700,3342,6.07698,-21.2883,8.66029,48.1653
17363,8100,5307,3926,3437,9236,5432,3910,3374,4816,4199,3482,3287,3545,3542,3318,3016,-13.012,-27.0358,8.59056,47.9513
17364,4558,7976,8428,4771,4217,4904,4907,4160,3572,3726,3689,3495,3324,3367,3346,3295,-33.2976,0.632292,8.56326,47.8233
17365,4006,3794,3393,3089,6214,4610,3704,3291,9450,5670,3931,3511,5974,4736,3736,3375,6.50271,-22.9744,8.8658,48.3227
17366,3364,3495,3226,3150,3877,3815,3468,3249,5698,5178,3998,3541,10016,8402,4362,3438,28.337,-17.3411,8.85463,48.1847
17367,4417,5998,6804,4604,4057,5788,6583,4496,3643,4079,4144,3797,3303,3572,3530,3351,-15.4625,2.03308,8.55863,48.1107
17368,3317,3383,3261,3058,3728,3831,3553,3314,5015,5402,4125,3640,7266,10008,5308,3720,29.2422,-10.7437,8.90348,47.9527
17369,3346,4254,7032,9960,3402,3960,5388,6780,3248,3500,3978,4076,3046,3243,3368,3350,-20.954,20.159,8.85803,47.954
17370,5686,4915,3809,3422,8303,6540,4052,3453,5621,4986,3801,3362,4113,3828,3390,3212,-6.4893,-18.5495,8.557,48.3287
17371,3443,3870,5213,8453,3314,3773,5034,9019,3250,3696,4093,4744,3204,3248,3509,3572,-13.9954,32.4612,8.62091,47.6233
17372,3458,4038,4992,4844,3623,4583,7717,6240,3564,4055,5404,5177,3382,3590,3952,3892,-5.00902,12.0561,8.72832,48.3407
17373,5101,7476,6180,4229,4632,6439,5450,3996,3813,4027,3872,3589,3356,3349,3454,3307,-17.5296,-3.37861,8.52576,48.18
17374,3155,3301,3434,3344,3360,3753,4099,3828,3767,4613,6314,5166,3820,5447,8615,6225,19.7376,9.03607,8.78302,48.1607
17375,3242,3364,3210,3052,4084,3860,3524,3212,6298,4956,3891,3375,11157,7050,4159,3550,24.5076,-21.6945,8.72875,47.9893
17376,5885,4567,3618,3245,9639,5132,3847,3339,6273,4580,3715,3344,4228,3852,3511,3310,-6.00008,-30.8104,8.50699,48.0567
17377,5984,4576,3647,3392,9740,5178,3814,3439,6304,4576,3612,3363,4106,3833,3348,3077,-6.6021,-29.62,8.55784,47.9927
17378,12388,5866,3688,3275,5993,4769,3775,3329,4069,3731,3493,3202,3539,3539,3326,3186,-33.9911,-30.8984,8.86698,47.4453
17379,3316,3714,3749,3615,3671,4562,5280,4191,4000,5791,7998,4853,3703,4535,5050,4287,7.09125,4.80346,8.88452,48.21
17380,12326,5895,3909,3379,5842,4673,3737,3409,3913,3609,3476,3242,3339,3378,3234,3211,-32.8817,-32.8251,8.8773,47.048
17381,3053,3387,3768,3911,3378,3591,4410,5877,3299,3856,5164,9923,3217,3715,4725,6540,8.22273,29.1842,8.66602,47.876
17382,3348,3833,5054,7798,3410,3747,5183,9620,3322,3590,4182,5173,3276,3402,3520,3651,-12.0487,31.1673,8.91808,48.0727
17383,3501,3584,3281,3076,4223,4060,3603,3333,6635,5857,4126,3383,8477,7294,4447,3556,18.8498,-16.6453,8.7259,48.2907
17384,3203,3333,3322,3292,3455,3663,3811,3766,3838,4508,5177,4664,4034,6221,9849,5870,33.684,6.11774,8.82414,48.004
17385,3339,3717,4740,5605,3376,4047,6346,8742,3424,3821,4862,5899,3231,3384,3790,4049,-6.46448,19.4344,8.83264,48.248
17386,3632,4072,4318,3791,3934,5716,6492,4427,4086,5376,6295,4302,3598,4046,4204,3850,-0.620655,2.49314,8.91547,48.0927
17387,3612,3385,3335,3140,4700,4041,3479,3181,8761,5185,3841,3338,9095,5379,3819,3356,15.4499,-28.6592,8.53669,47.7647
17388,3590,3756,3347,3250,4369,4657,3867,3384,6137,7929,4829,3573,5589,6249,4396,3742,11.5589,-11.0106,8.69595,48.4427
17389,3848,4242,4064,3675,4281,6118,5513,4003,4321,6280,5797,3957,3843,4313,4229,3839,0.56316,-1.4281,8.63167,48.2153
17390,3260,3482,3952,4012,3371,3830,5030,5400,3496,4074,7019,7896,3409,3827,4897,5403,6.51534,16.8199,8.85647,48.2387
17391,3409,3789,4223,4081,3642,4286,6444,5116,3695,4497,7333,5433,3501,3880,4436,4354,1.63811,9.85127,8.89685,48.0793
17392,5808,4659,3741,3352,9094,5643,3798,3336,6606,4752,3637,3404,4256,3822,3482,3171,-5.21616,-24.2051,8.62582,48.374
17393,3734,4769,6936,5450,3723,4940,7752,5508,3449,3765,4481,4073,3206,3360,3587,3507,-13.723,8.80647,8.97195,48.16
17394,3164,3382,3730,3747,3365,3875,4943,4662,3592,4491,7853,6339,3574,4243,5719,5424,9.47196,12.4544,8.81594,48.0687
17395,6455,6057,4151,3537,7355,7076,4259,3459,4683,4564,3665,3360,3718,3631,3406,3112,-12,-16.0046,8.88054,48.3253
17396,3346,3805,5207,8065,3431,3831,5217,9318,3271,3572,4243,4949,3067,3264,3661,3723,-13.1679,31.3357,8.52228,47.98
17397,3672,3660,3444,3155,4302,4715,3754,3517,6235,7999,4674,3601,5574,6217,4454,3611,11.1236,-11.651,8.92932,48.3893
17398,3399,3558,3260,3098,3964,3823,3415,3251,5929,4844,3782,3321,12322,6388,3806,3370,33.7776,-25.0084,8.88446,47.6867
17399,8748,6201,3996,3433,7969,5563,3870,3372,4485,4171,3582,3276,3635,3599,3346,3115,-16.3683,-21.5174,8.69424,48.2407
17400,3424,3494,3229,3149,4101,3790,3494,3227,6328,5148,3956,3358,10748,7118,4212,3486,23.8139,-21.0315,8.7375,48.1747
17401,3230,3314,3319,3231,3493,3754,3832,3593,4134,4960,4819,4049,4990,8745,7927,4661,29.7206,-0.854931,8.84076,48.034
17402,3910,3750,3343,3124,5807,4546,3746,3272,10050,5372,3908,3328,6624,4784,3646,3308,8.24178,-26.7561,8.94302,48.3453
17403,3100,3307,3461,3335,3391,3703,3980,3778,3797,4704,6247,4844,3927,5770,9068,6007,20.9435,7.23678,8.95326,48.2793
17404,3394,3355,3243,3039,3835,3851,3455,3316,5834,5006,3845,3498,10724,7682,4331,3560,31.6498,-19.7065,8.81362,47.9787
17405,5546,4744,3744,3284,8822,6091,3888,3408,6041,4888,3727,3272,4178,3926,3470,3131,-5.56138,-21.0615,8.68694,48.1067
17406,3032,3300,3461,3352,3251,3575,3767,3753,3526,3906,5024,5641,3610,4492,8038,10136,28.457,17.8492,8.71987,47.9093
17407,9815,8239,4413,3479,5695,5240,3993,3348,3924,3833,3582,3189,3355,3406,3265,3133,-26.9153,-17.1693,8.51084,47.9393
17408,3994,6383,9763,5956,3721,4457,5265,4603,3394,3655,3834,3632,3142,3293,3418,3345,-31.1061,6.50858,8.78181,47.9033
17409,3404,3723,4060,3816,3652,4675,6174,4839,3692,4881,7583,5246,3563,3993,4722,4257,2.85054,7.59274,8.68047,48.1867
17410,3306,3289,3358,3300,3245,3436,3718,4045,3397,3850,4746,5976,3372,3770,6397,12337,33.057,25.1115,8.71257,47.6947
17411,3363,3539,3883,3605,3695,4451,5121,4065,4018,5911,7737,4868,3856,4695,5093,4251,7.13269,3.92882,8.78428,48.1007
17412,3465,3445,3363,3097,4026,3941,3663,3349,5727,6018,4310,3661,7334,8455,4893,3706,20.1078,-12.882,8.57622,48.302
17413,3300,3325,3403,3273,3654,3875,3653,3501,4481,5385,4663,3928,5505,9196,6892,4240,27.1219,-3.97905,8.71819,48.1827
17414,5219,8029,5894,4066,4765,6586,4945,3980,3735,4125,3838,3411,3304,3438,3323,3146,-18.053,-5.24436,8.83737,47.8693
17415,4204,6368,9752,5986,3829,4455,5244,4589,3372,3580,3778,3653,3220,3182,3398,3360,-30.9644,5.99594,8.81677,47.98
17416,3637,4687,6776,5664,3626,4681,7620,5902,3454,3861,4504,4157,3242,3402,3579,3543,-13.5528,10.4949,8.9653,48.2233
17417,3487,3987,6067,12652,3382,3892,4700,6142,3167,3397,3751,4007,3176,3259,3269,3475,-27.528,28.8195,8.85871,47.8733
17418,7065,4920,3722,3287,10106,5167,3691,3362,5490,4368,3599,3338,3768,3598,3325,3161,-9.85701,-31.5417,8.98171,47.978
17419,3573,4073,6160,7595,3465,4068,6290,8038,3299,3474,4253,4634,3121,3263,3615,3540,-14.6637,19.1728,8.66112,48.3073
17420,12045,6334,3929,3332,6618,4809,3635,3469,4059,3721,3373,3080,3367,3185,3245,3139,-24.1927,-26.1772,8.91273,47.56
17421,3280,4008,5631,10108,3388,3818,5033,8087,3183,3542,3928,4376,3101,3163,3514,3451,-17.8989,31.9407,8.51148,47.7407
17422,5264,9005,7323,4410,4279,5033,4728,3983,3656,3708,3658,3506,3415,3209,3357,3239,-28.581,-2.76407,8.6818,47.8487
17423,3304,3709,4817,6842,3512,3838,5291,9791,3396,3681,4394,5602,3143,3322,3736,3802,-9.23606,26.4426,8.96173,48.12
17424,10324,5894,3821,3391,7961,5096,3813,3436,4539,4138,3516,3234,3469,3396,3226,3143,-18.1883,-26.6933,8.62913,48.2647
17425,4629,7837,7386,4694,4282,5573,5352,4211,3722,3785,3906,3475,3255,3334,3292,3299,-21.5428,-0.391015,8.931,48.0213
17426,3334,3345,3318,3110,3847,3732,3360,3238,6083,4604,3796,3357,12774,5952,3878,3413,31.7426,-31.0886,8.83718,47.4273
17427,3144,3267,3410,3394,3276,3388,3813,3929,3379,3843,4896,6122,3415,4038,6449,11916,32.7182,23.8755,8.77629,47.786
17428,3200,3254,3288,3491,3281,3340,3879,4154,3395,3764,4794,7247,3388,3929,5826,11505,21.1199,29.2957,8.84045,47.8233
17429,3321,3445,3202,3084,3743,3939,3545,3505,4701,5499,4500,3738,6251,9802,6014,3934,27.0586,-7.31124,8.58679,48.1487
17430,12353,6483,3998,3366,6021,4820,3796,3460,3917,3760,3468,3301,3353,3345,3228,3177,-30.7998,-25.6757,8.88191,47.8973
17431,3288,3259,3276,3253,3697,3736,3678,3541,4082,4896,4885,4202,4785,8285,8223,4832,28.9365,0.122225,8.7106,47.9453
17432,3723,4195,4854,4370,3849,5299,8145,5196,3614,4418,5608,4462,3404,3676,3920,3647,-5.03849,7.06542,8.92123,48.2533
17433,3915,5271,9809,7597,3641,4156,5433,5108,3349,3515,3834,3716,3152,3182,3316,3333,-25.6089,11.1059,8.98713,48.218
17434,8333,8821,4773,3591,5460,5642,4168,3644,3907,3876,3631,3317,3309,3326,3306,3154,-24.2144,-13.718,8.72907,48.172
17435,4118,3842,3543,3260,5738,5158,3867,3312,7752,6667,4144,3374,5328,4852,3823,3349,5.69779,-17.4186,8.67149,48.0847
17436,3148,3343,3366,3373,3436,3544,3830,3746,3620,4267,5364,5077,3805,5271,9618,7304,27.9619,10.7697,8.58849,48.0747
17437,3548,4219,7129,9076,3541,3960,5671,6897,3320,3635,4056,4166,3152,3248,3392,3437,-19.3514,18.3169,8.52172,48.298
17438,3526,4145,6226,7273,3496,4189,6289,7467,3347,3678,4325,4569,3250,3370,3520,3676,-14.2524,17.4766,8.65879,48.2307
17439,3520,3457,3274,3131,3903,3720,3438,3357,6062,4770,3785,3390,12428,5884,3913,3409,31.2992,-31.2864,8.5316,47.6273
17440,3780,3557,3312,3193,4634,4544,3717,3266,7908,6626,4137,3463,6751,5937,4112,3538,12.6755,-17.5682,8.78423,48.3167
17441,3281,3540,3645,3322,3699,4223,4407,3887,4108,6582,7227,4387,4211,5565,5838,4523,12.075,1.38964,8.99321,48.2967
17442,9976,5593,3859,3267,8364,5144,3698,3415,4184,3910,3528,3298,3583,3546,3228,3120,-17.3266,-28.0722,8.84782,47.8087
17443,3277,3377,3251,3085,3917,3823,3479,3257,5526,5109,3980,3458,9970,8236,4403,3540,29.7066,-17.2071,8.77539,47.792
17444,3413,3388,3214,3133,4252,3933,3404,3236,7596,4847,3751,3259,10883,5786,3953,3480,19.8277,-30.1095,8.5185,47.6853
17445,4085,3868,3527,3136,5984,4815,3807,3394,8779,6080,3768,3468,5684,4847,3761,3339,6.11603,-21.1159,8.54835,48.228
17446,3435,3330,3237,3041,3835,3772,3485,3224,6112,4816,3687,3338,12450,6035,3905,3299,29.12,-32.0402,8.52464,47.334
17447,3219,3565,4132,4741,3284,3706,4813,8128,3250,3711,5053,8370,3293,3669,4308,4868,0.59554,26.6899,8.81608,48.0733
17448,6861,6297,4198,3422,7426,6928,4247,3450,4541,4442,3631,3376,3583,3662,3257,3132,-13.2385,-16.3053,8.65263,48.302
17449,7926,9678,5096,3551,5167,5439,4140,3582,3833,3784,3558,3245,3405,3388,3334,3129,-26.5443,-12.1544,8.96675,48.17
17450,9077,5364,3963,3568,8745,5175,3821,3321,4525,4117,3597,3277,3557,3493,3241,3108,-15.3761,-31.5283,8.51276,47.966
17451,3329,3344,3287,3149,3870,3826,3599,3356,5042,5307,4188,3686,7428,9674,5186,3803,31.8233,-11.4147,8.68392,48.0493
17452,3366,3404,3349,3194,3591,3833,3585,3432,4605,5246,4455,3828,6296,9935,6095,3950,29.4696,-7.61972,8.78633,48.1093
17453,8779,9167,4771,3684,5210,5171,4041,3595,3857,3872,3525,3240,3365,3367,3219,3138,-28.5133,-14.1291,8.81999,48.0007
17454,3075,3271,3485,3389,3149,3425,3832,3864,3343,3745,4886,6466,3426,3920,6277,12468,25.3419,26.0859,8.99514,48.014
17455,3101,3321,3441,3475,3265,3590,3746,3970,3365,3861,5085,5716,3378,4292,8018,10069,33.361,17.7741,8.8022,47.7953
17456,3325,3417,3451,3250,3548,3903,4029,3559,4185,5796,6051,4502,4617,6667,7272,4729,18.1209,0.959244,8.50811,48.2007
17457,6623,9490,5640,3982,4838,5536,4514,3782,3658,3875,3664,3378,3336,3409,3226,3241,-23.9251,-8.41496,8.66856,48.128
17458,4251,5297,4987,3971,4499,7339,6474,4190,4083,4890,4538,3850,3526,3809,3589,3475,-8.48016,-2.00382,8.50987,48.512
17459,3487,3434,3287,3182,4177,4051,3619,3280,6130,6467,4272,3484,7360,7874,4654,3631,18.3878,-14.1963,8.80377,48.2593
17460,3106,3195,3289,3361,3189,3446,3882,4062,3222,3777,4631,6082,3433,3870,6074,12588,30.9512,29.1069,8.53718,47.4713
17461,3096,3280,3456,3435,3250,3558,3968,4094,3437,4035,5664,6388,3493,4251,7463,9404,20.7191,17.8794,8.82125,48.1813
17462,3535,3966,4349,4047,3709,5123,6990,4797,3702,5059,6607,4891,3523,3895,4256,3906,-0.558614,6.2667,8.54489,48.2367
17463,3694,4572,6548,5526,3699,4855,7945,5972,3403,3926,4396,4083,3193,3458,3575,3511,-12.432,10.0706,8.66444,48.2373
17464,3220,3419,3393,3344,3573,3809,3939,3757,3991,4821,5423,4546,4251,6694,8943,5459,23.6226,4.00815,8.50028,48.388
17465,3134,3110,3302,3337,3182,3475,3903,3955,3409,3912,4992,6018,3408,4091,6957,11560,28.3346,22.1748,8.54745,47.83
17466,3275,3327,3221,3269,3686,3771,3631,3446,4547,5445,4748,3927,5538,9224,6685,4208,25.2669,-4.46765,8.65839,47.9653
17467,5478,7607,5344,3867,5062,7041,5020,3944,3939,4262,3875,3448,3450,3538,3377,3151,-16.3755,-7.13687,8.52972,48.2687
17468,12156,6491,3964,3385,6129,4831,3807,3356,3916,3855,3437,3283,3486,3431,3239,3146,-28.3322,-24.9035,8.76252,47.9413
17469,12662,6180,3812,3407,6204,4830,3772,3315,3901,3617,3342,3230,3411,3384,3330,3228,-31.8018,-26.9023,8.84078,47.75
17470,6330,9940,6096,4037,4660,5260,4554,3798,3651,3725,3645,3340,3426,3336,3202,3072,-27.8824,-7.48843,8.76217,48.048
17471,3541,3741,4135,3715,3693,4819,6106,4652,3757,5296,7577,4794,3699,4174,4605,4235,2.69013,5.84233,8.75208,48.3593
17472,3447,3954,6481,12110,3392,3801,4879,6172,3282,3431,3835,3841,3107,3306,3455,3416,-27.6724,24.9671,8.57988,47.9393
17473,3428,4079,6253,9804,3395,3900,5462,7374,3320,3534,4076,4337,3039,3169,3443,3400,-18.4575,21.9297,8.90798,48.0087
17474,3362,3722,5148,7365,3470,3856,5335,9725,3270,3691,4398,5259,3106,3305,3606,3716,-10.7643,29.1064,8.56109,48.2227
17475,3149,3434,3761,3849,3429,3814,4871,4843,3610,4306,7625,7025,3461,4121,5410,5396,8.5043,13.9858,8.91793,48.0693
17476,4299,4019,3471,3252,6565,5140,3894,3347,8267,5980,4047,3464,5164,4676,3570,3340,3.44687,-20.2129,8.51191,48.33
17477,8497,7509,4457,3463,6418,5921,4153,3522,4179,4128,3515,3329,3486,3399,3310,3026,-19.9834,-16.6838,8.66598,48.208
17478,8485,6345,4193,3427,7694,5840,3966,3517,4398,3991,3615,3299,3487,3477,3314,2980,-16.7908,-19.956,8.81095,48.0187
17479,3457,3403,3324,3142,3985,4048,3537,3153,6428,5509,4118,3343,9524,7331,4274,3500,21.0677,-18.4327,8.75292,48.0507
17480,3515,3522,3283,3139,4193,3909,3450,3260,7114,5708,4066,3338,9160,6662,4117,3526,18.6918,-19.3204,8.8043,47.9747
17481,3687,5025,9527,8179,3505,4219,5186,5131,3271,3568,3715,3773,3122,3220,3421,3300,-30.7754,12.7828,8.95792,47.8993
17482,4151,5535,6263,4595,4180,6123,7011,4628,3684,4133,4411,3801,3386,3446,3529,3463,-13.1961,2.54878,8.81189,48.226
17483,11101,5577,3872,3502,7134,4992,3820,3367,4116,3916,3536,3226,3395,3466,3311,3177,-20.9664,-31.7673,8.51845,47.672
17484,8724,5516,3920,3413,8673,5554,3805,3451,4716,4146,3562,3264,3656,3465,3282,3044,-14.7802,-24.2482,8.64868,48.1273
17485,5055,4407,3547,3279,9090,5014,3665,3358,7655,4863,3747,3243,4464,3979,3478,3131,-2.02816,-29.7924,8.85178,47.9833
17486,3828,4303,4371,3860,4323,6460,6440,4255,4066,5800,5693,3944,3609,3976,4060,3637,-2.47749,-0.153735,8.99844,48.4167
17487,3763,3625,3353,3171,5089,4421,3691,3364,8258,6773,4024,3444,6331,5485,3912,3481,10.4293,-18.2356,8.94888,48.1233
17488,5063,6390,4950,3953,5162,7831,5254,3831,3998,4480,3968,3587,3494,3600,3473,3327,-12.4216,-6.46849,8.94382,48.2407
17489,5804,6769,4563,3644,5969,7815,4706,3698,4265,4415,3860,3327,3615,3568,3460,3224,-13.1998,-10.9727,8.92444,48.468
17490,5357,7285,5032,3875,5295,7393,5005,3849,3971,4246,3960,3544,3347,3564,3426,3180,-14.8173,-7.54103,8.69304,48.2193
17491,3641,4972,9129,7513,3399,4385,5855,5474,3413,3750,3895,3864,3109,3274,3371,3388,-21.9768,12.0789,8.91501,48.288
17492,3493,4262,6241,5783,3492,4511,7702,6521,3475,3748,4594,4588,3058,3458,3635,3646,-11.6223,12.981,8.81383,48.138
17493,7358,9430,5147,3600,5245,5807,4255,3585,3894,3895,3689,3305,3328,3514,3247,3120,-23.481,-11.7908,8.99031,48.2793
17494,8039,9425,4908,3650,5293,5242,4224,3456,3853,3950,3558,3248,3317,3433,3292,3191,-33.4932,-12.5874,8.77981,48.0527
17495,3070,3202,3488,3312,3179,3498,3862,3951,3377,3831,4782,6339,3353,4032,6606,12010,26.4317,24.9092,8.69309,47.928
17496,4503,5481,4744,3845,5015,8077,5847,3882,4079,5081,4282,3618,3608,3751,3560,3320,-8.52519,-4.90484,8.93645,48.462
17497,3841,5721,10003,6563,3676,4404,5184,4769,3295,3625,3753,3738,3252,3288,3427,3347,-30.5834,8.59701,8.82409,47.924
17498,3182,3514,3984,4539,3333,3771,4778,7541,3285,3754,5059,8831,3169,3667,4372,5105,2.2523,29.2519,8.73905,47.9227
17499,8904,8840,4524,3591,5485,5191,4058,3420,3784,3835,3611,3350,3369,3499,3311,3056,-27.9415,-15.2748,8.68302,47.8853
17500,4967,8082,7555,4643,4271,5368,5188,4121,3621,3874,3822,3537,3179,3292,3380,3191,-23.0698,-1.12439,8.53011,48.0607
17501,3622,4664,7393,6442,3607,4582,7022,6034,3248,3705,4237,4097,3127,3306,3566,3548,-16.0424,12.2978,8.54597,48.1333
17502,3623,3607,3257,3184,4254,4222,3585,3297,6629,6574,4408,3504,7095,6804,4374,3624,15.5406,-15.0555,8.58733,48.0273
17503,4989,6430,4795,3861,5424,7876,5140,3850,4154,4491,3887,3506,3452,3602,3518,3208,-12.1743,-7.67909,8.5743,48.122
17504,3376,3273,3182,3153,3938,3766,3457,3177,6300,4894,3839,3339,12538,6074,3986,3362,26.9885,-29.9795,8.66418,47.7693
17505,7957,8645,4782,3645,5736,5763,4125,3651,3855,3838,3593,3304,3378,3410,3313,3037,-22.4279,-13.6294,8.59352,48.0213
17506,3409,3857,5605,9931,3424,3752,5209,8192,3334,3478,3985,4292,3195,3267,3411,3489,-17.215,33.881,8.9673,47.8867
17507,3368,3797,5617,9989,3376,3745,5027,8323,3275,3431,4121,4519,3059,3214,3436,3538,-17.3717,31.7271,8.61843,47.89
17508,3618,3473,3281,3021,4613,4115,3468,3437,8859,5450,3822,3383,8638,5584,3933,3417,14.5717,-24.5478,8.70316,48.0747
17509,4791,3961,3624,3165,8085,4909,3634,3379,8676,5061,3722,3388,4931,4223,3625,3179,1.04078,-27.6418,8.73136,48.2353
17510,4166,6220,7720,5123,4044,5344,6619,4488,3609,3939,4024,3681,3206,3436,3410,3434,-17.9993,3.59407,8.93447,48.3087
17511,3328,4078,6140,10501,3405,3778,5179,7532,3373,3443,3806,4195,3198,3164,3405,3415,-19.8822,24.1913,8.70086,47.96
17512,3453,3386,3315,3127,3877,3801,3431,3285,6087,4788,3686,3283,12616,6056,3859,3267,33.1309,-26.7135,8.88421,47.5447
17513,3159,3319,3703,3727,3226,3524,4343,5179,3306,3896,5198,9439,3300,3833,5104,7406,11.2106,32.7527,8.60962,47.7747
17514,3688,5011,9517,7469,3527,4279,5158,5170,3329,3514,3872,3902,3109,3334,3267,3435,-32.6914,11.8711,8.5442,47.7207
17515,3290,3597,4138,4572,3337,3807,5760,6520,3398,4148,6248,7396,3379,3745,4461,4631,1.67569,17.7941,8.88102,48.2847
17516,3175,3322,3390,3283,3400,3539,3879,3663,3747,4412,5226,4701,3922,5826,10238,6538,29.7202,8.20998,8.97075,48.174
17517,3107,3441,3830,4167,3195,3678,4466,6336,3311,3908,5229,9773,3314,3751,4593,5907,5.81927,28.1674,8.71496,48.004
17518,6378,4693,3760,3264,10099,5159,3831,3424,5722,4442,3604,3248,3806,3778,3405,3226,-7.95824,-33.247,8.97285,47.8927
17519,3799,4214,4074,3543,4367,6207,5324,3963,4507,6930,5550,4005,3828,4517,4242,3763,1.5396,-3.3759,8.82941,48.5553
17520,5110,4455,3679,3320,8117,6097,3986,3410,6441,5368,3763,3336,4314,3960,3472,3276,-3.42864,-19.8924,8.7318,48.0693
17521,3507,4361,6618,6868,3558,4285,6689,6880,3289,3744,4272,4495,3185,3297,3564,3593,-14.5536,15.0243,8.71791,48.1367
17522,3630,3698,3522,3269,4115,4622,4019,3523,5311,7968,5515,3860,4833,6204,4892,3892,11.3056,-6.27351,8.98343,48.582
17523,4074,5993,9553,5914,3898,4640,5634,4779,3437,3642,3838,3686,3241,3336,3364,3317,-24.0489,6.48832,8.53786,48.2307
17524,4089,3844,3394,3175,6426,4702,3628,3342,9746,5497,3800,3402,5568,4627,3662,3203,5.41785,-24.6328,8.87038,48.07
17525,5877,4516,3607,3379,9960,5118,3749,3383,6664,4444,3748,3248,4083,3798,3424,3230,-5.26879,-28.4119,8.9696,48.152
17526,7123,5169,3891,3506,9471,5800,3815,3319,5027,4259,3576,3303,3784,3721,3295,3140,-11.1533,-23.1498,8.93719,48.1327
17527,3345,3647,4329,5241,3418,3826,5218,8684,3319,3699,4890,7427,3231,3552,4051,4540,-2.19304,25.6166,8.60691,48.278
17528,3902,4460,4764,4055,4171,6404,6947,4262,3821,5080,5356,4013,3579,3762,3870,3737,-4.94394,1.01075,8.75944,48.122
17529,11341,5535,3857,3296,7374,4939,3781,3384,4143,3874,3410,3222,3369,3362,3204,3192,-21.0799,-32.0392,8.98614,47.522
17530,6926,4806,3685,3293,9819,5177,3789,3485,5546,4312,3681,3262,3948,3707,3355,3108,-9.79478,-28.7971,8.5127,47.9327
17531,4443,5325,4459,3790,5110,7938,5645,3860,4163,5133,4368,3676,3686,3848,3529,3403,-7.3955,-5.1373,8.53818,48.2507
17532,3589,3529,3290,3194,4575,4192,3532,3217,8221,5977,3916,3429,8191,5950,3985,3437,14.5053,-20.6979,8.7537,48.1493
17533,3309,3350,3169,3229,3822,3866,3574,3315,5228,5265,4118,3569,7924,9522,4944,3782,29.3789,-12.463,8.6197,47.9907
17534,6214,8028,5038,3696,5373,6792,4636,3716,4082,4192,3729,3393,3499,3501,3346,3138,-17.3897,-10.1929,8.54388,48.2487
17535,3323,3470,3277,3167,3781,3734,3514,3301,5316,5279,4254,3657,8067,9401,4882,3654,27.9092,-13.1172,8.68414,48.0513
17536,3097,3285,3472,3588,3260,3536,4008,4538,3349,3775,5105,8248,3421,3876,5611,9675,16.7734,28.5577,8.628,47.896
17537,10677,5727,3920,3474,7785,5143,3734,3243,4143,3880,3460,3400,3443,3506,3229,3127,-19.5302,-31.9091,8.59844,47.9273
17538,3581,3858,4113,3754,3990,5282,5735,4177,4025,6011,6712,4257,3797,4327,4548,3936,2.47477,1.72239,8.7423,48.0687
17539,6793,9935,5715,3984,4816,5353,4359,3646,3840,3874,3470,3345,3370,3336,3301,3079,-28.4534,-8.77967,8.90151,48.144
17540,5373,4519,3653,3263,9277,5189,3838,3423,6880,4658,3647,3462,4246,4028,3444,3241,-3.87156,-33.9188,8.63263,48.094
17541,3487,3350,3266,3151,3945,3776,3468,3151,6073,4843,3684,3395,12176,6513,3842,3404,32.382,-24.4462,8.75737,47.6827
17542,3345,3963,5671,7001,3509,4075,6343,8230,3263,3563,4468,4870,3097,3421,3719,3718,-12.0241,18.6468,8.72288,48.1707
17543,12255,6398,3973,3296,6070,4829,3693,3382,3997,3830,3487,3218,3404,3322,3263,3153,-33.895,-24.4424,8.72324,47.7133
17544,3382,4101,6682,9842,3407,3921,5472,7273,3248,3474,3985,4198,3098,3277,3459,3518,-19.5704,21.1097,8.90473,48.2247
17545,3247,3572,4244,4873,3406,3684,5328,8277,3234,3844,5209,7636,3241,3536,4201,4631,-1.02891,22.9979,8.67301,48.1087
17546,5410,6543,4501,3631,5883,7811,4900,3561,4193,4553,3887,3444,3572,3661,3519,3226,-11.92,-9.89492,8.74988,48.1967
17547,3369,3319,3257,3091,3980,3794,3453,3352,6307,4864,3710,3321,12430,5946,3985,3334,26.6521,-31.4551,8.51642,47.6747
17548,3266,3395,3714,3813,3255,3633,4209,5577,3373,3829,5128,9847,3266,3655,4922,7239,9.98854,30.3981,8.90262,48.0807
17549,10014,5552,4009,3324,8538,5090,3938,3340,4375,3834,3547,3220,3528,3465,3253,3081,-17.2093,-28.7792,8.77126,48.072
17550,8062,5956,3936,3316,8462,6055,3948,3357,4678,4162,3521,3268,3603,3618,3327,3182,-14.4358,-20.5374,8.91547,48.3007
17551,3116,3292,3491,3235,3391,3663,3921,3956,3761,4597,6509,5387,3779,5039,8499,6464,18.7622,9.96829,8.80758,48.0667
17552,3431,3839,5570,7354,3304,4006,6172,8674,3351,3590,4360,4837,3078,3326,3504,3559,-12.5508,20.1634,8.98654,47.97
17553,6788,9784,5641,3926,4948,5654,4451,3772,3736,3877,3540,3334,3303,3367,3299,3140,-25.1764,-9.14835,8.92325,48.3733
17554,3230,3590,4435,5491,3373,3753,5179,9291,3362,3508,4650,7008,3253,3466,3919,4444,-3.7472,28.0449,8.79638,47.968
17555,3329,3466,3442,3303,3696,4092,4145,3685,4310,6104,6525,4353,4344,6139,6484,4566,14.9958,0.843983,8.66302,47.9887
17556,3750,4816,8794,7307,3648,4383,6026,5537,3344,3695,3969,3845,3062,3207,3484,3271,-20.6999,12.4206,8.74043,48.092
17557,3441,4073,5442,5373,3565,4425,7694,6722,3566,3926,4931,4708,3189,3444,3855,3697,-8.33315,13.4958,8.55194,48.034
17558,6229,4668,3701,3361,9832,5213,3857,3446,6063,4528,3657,3368,3926,3804,3420,3084,-7.41219,-31.9212,8.53272,48.1047
17559,3270,3380,3363,3151,3435,3814,3790,3537,4170,5120,5141,4183,4937,8273,8057,4701,25.1829,-0.498086,8.77878,48.2147
17560,3740,5413,9177,6531,3664,4412,5990,5133,3362,3571,3970,3935,3167,3367,3404,3358,-21.8227,9.40835,8.64284,48.1293
17561,3101,3247,3337,3496,3271,3552,3808,3940,3360,3895,5205,6044,3452,4302,7645,10241,25.0399,19.1948,8.56667,47.9307
17562,3435,4122,6671,11148,3344,3889,5067,6641,3199,3460,3857,3982,3111,3157,3418,3383,-23.7396,22.6982,8.57621,47.9227
17563,3878,5197,7582,5623,3764,4863,7247,5373,3434,3851,4247,4161,3168,3298,3462,3542,-15.9322,8.1808,8.83772,48.46
17564,3113,3238,3422,3375,3358,3642,3815,3819,3707,4553,6010,5085,3874,5505,9356,6432,21.7618,9.01169,8.83907,48.2027
17565,3484,3999,5554,5831,3574,4330,7448,7383,3376,3768,4708,4821,3201,3498,3681,3666,-9.8085,15.0284,8.76205,48.2147
17566,9380,7991,4400,3573,6004,5339,4015,3536,3980,3967,3590,3286,3361,3328,3228,3067,-23.1915,-17.3094,8.57224,48.03
17567,4140,5423,5719,4407,4241,6540,7280,4485,3713,4270,4454,3784,3315,3498,3453,3453,-11.6292,1.04581,8.73484,48.1167
17568,3565,3644,3342,3160,4263,4203,3733,3419,6509,6762,4295,3533,6961,6996,4515,3613,15.8125,-14.391,8.83193,48.342
17569,3207,3564,4281,4820,3322,3696,4953,8596,3354,3775,4939,7901,3193,3560,4171,4592,-0.864716,33.7548,8.73832,47.9493
17570,3384,3828,5545,9467,3441,3939,5152,8471,3219,3422,3945,4488,3113,3278,3537,3514,-16.463,33.871,8.69414,47.8287
17571,3196,3590,4166,4781,3348,3808,4981,8526,3301,3667,4898,7959,3273,3539,4176,4623,-0.868001,31.5748,8.66229,47.888
17572,3373,4316,7613,10979,3428,3863,4968,5798,3349,3464,3793,3964,3159,3199,3291,3327,-29.2653,19.8716,8.73603,47.9227
17573,3308,3882,6246,12115,3343,3850,4730,6391,3252,3467,3745,4094,3095,3223,3416,3390,-25.8955,25.9485,8.71875,47.698
17574,3155,3295,3332,3436,3542,3634,4009,3867,3746,4596,6430,5139,3815,5391,8748,6331,19.6636,8.74865,8.51567,48.3107
17575,3440,3418,3203,3194,3984,3775,3466,3275,5887,4918,3853,3445,11162,7251,4133,3459,29.1344,-21.0026,8.79087,47.9087
17576,3387,3402,3236,3165,4018,3786,3465,3299,5913,5042,3827,3318,11295,7240,4236,3390,29.6751,-21.045,8.545,48.0127
17577,3240,3423,3439,3472,3646,3973,4305,3955,3928,5640,7421,4818,4036,5375,6763,4954,13.8592,4.37655,8.936,48.2587
17578,3753,3638,3308,3074,5013,4227,3588,3365,8932,5980,3968,3444,7232,5494,3957,3385,11.674,-21.8024,8.61261,48.2387
17579,3087,3221,3490,3410,3276,3718,3989,4217,3483,4226,6552,6480,3507,4502,7337,7371,17.2834,15.1052,8.51843,47.9107
17580,9363,5770,3917,3327,8554,5369,3977,3345,4537,4035,3502,3175,3584,3487,3368,3100,-16.2612,-25.1524,8.97774,48.2733
17581,3663,4242,5068,4207,3980,5457,8051,5002,3610,4483,5605,4401,3422,3718,3836,3743,-5.71887,5.84816,8.97777,48.3253
17582,3459,4031,5949,12487,3339,3806,4836,6314,3225,3444,3663,3886,3157,3225,3285,3318,-25.4973,31.9882,8.8223,47.616
17583,3164,3410,3755,3848,3243,3554,4438,5244,3456,4066,6140,8649,3409,3789,5214,6693,10.1077,20.5346,8.52435,48.048
17584,3854,3828,3494,3147,5253,4952,3930,3297,7796,6949,4229,3352,5670,5194,3955,3404,7.65049,-16.7485,8.50592,48.2027
17585,3200,3499,4170,4637,3273,3747,4979,7861,3451,3725,4994,8539,3384,3653,4145,4885,0.825648,33.0487,8.59914,48.0947
17586,3527,3504,3282,3058,4813,4097,3510,3260,9060,5218,3905,3337,8714,5283,3875,3351,14.5368,-29.0124,8.7587,47.8627
17587,7371,5857,4040,3361,8324,6223,3989,3422,4754,4352,3763,3244,3730,3533,3328,3146,-13.1377,-19.6416,8.86943,48.2913
17588,7985,7778,4546,3520,6420,6202,4218,3576,4083,4116,3517,3213,3433,3440,3096,3071,-19.0687,-15.1342,8.94402,48.1427
17589,3457,3479,3392,3172,3870,4120,3732,3334,5506,7023,4632,3631,6143,8098,4898,3780,17.5287,-10.2575,8.9863,48.178
17590,3489,3223,3160,3096,4225,3769,3522,3248,6825,4824,3671,3365,11906,6073,3956,3434,22.5974,-27.2451,8.86599,47.8573
17591,6190,4502,3825,3260,9961,5417,3846,3407,6276,4434,3715,3370,4092,3752,3385,3064,-7.1226,-26.7734,8.84484,48.3307
17592,4227,6035,8467,5693,3812,4975,6106,4725,3522,3703,3970,3893,3225,3443,3394,3363,-20.3443,5.62562,8.84223,48.3687
17593,3208,3504,3609,3497,3643,4007,4238,3936,4005,5438,7296,4811,3962,5301,6661,4937,13.8617,4.84376,8.54872,48.0353
17594,3280,3244,3327,3352,3411,3626,3885,3817,3572,4436,5667,5026,3731,5319,9499,7120,23.92,10.4945,8.80356,48.208
17595,6985,6822,4363,3474,6818,6712,4185,3565,4397,4215,3586,3335,3515,3522,3350,3094,-15.0384,-15.2677,8.64933,47.9587
17596,3467,3824,5685,9885,3381,3809,5155,8344,3160,3528,4003,4577,3110,3217,3496,3523,-17.2281,27.3013,8.70537,48.1093
17597,3420,3804,5474,9921,3411,3759,5105,8400,3246,3497,4059,4533,3144,3309,3448,3425,-17.0565,31.3778,8.68584,47.97
17598,3614,3730,3548,3280,4273,4794,3931,3534,5408,8085,5060,3795,4945,5835,4448,3728,10.2131,-8.07967,8.84592,48.0053
17599,7723,5440,3836,3351,8879,5794,3871,3371,5012,4391,3571,3290,3737,3659,3297,3078,-12.1714,-22.2758,8.69944,48.2
17600,3989,6346,9729,5886,3756,4447,5396,4565,3412,3618,3882,3758,3174,3255,3319,3377,-33.488,6.06077,8.67782,47.9393
17601,3092,3259,3477,3595,3245,3443,3817,3996,3408,3714,4731,6315,3433,3920,6188,12152,25.2981,27.9692,8.59355,47.8567
17602,3788,5342,9617,6885,3661,4303,5269,5035,3334,3599,3775,3750,3176,3213,3427,3361,-33.8962,9.84368,8.58973,47.69
17603,3356,3398,3326,3183,3932,3980,3637,3398,6106,5734,4071,3578,8485,8142,4465,3554,21.4426,-15.762,8.53337,48.23
17604,4347,3904,3520,3107,7004,4608,3646,3350,9575,5200,3701,3321,5613,4484,3772,3271,4.51454,-27.4636,8.76285,48.282
17605,3337,4102,5723,11112,3413,3746,4902,7387,3206,3455,3857,4267,3167,3264,3321,3503,-20.5312,30.1232,8.62639,47.8413
17606,3557,4008,4404,3951,3740,4980,6839,4818,3656,4882,6844,4841,3421,3913,4486,3903,-0.146245,6.48456,8.53185,48.162
17607,11256,5838,3893,3397,7611,4966,3784,3478,4248,3847,3482,3256,3446,3403,3225,3145,-20.7622,-28.0263,8.69305,48.1833
17608,3892,4410,4553,3951,4149,5982,6990,4467,3860,5074,5580,4176,3543,4000,4048,3684,-3.48663,2.30556,8.91986,48.2393
17609,3379,3975,5926,10927,3406,3804,5010,7504,3180,3496,3812,4124,3105,3213,3414,3514,-20.0783,28.1329,8.87323,47.8593
17610,12844,5964,3960,3265,5994,4737,3751,3212,3909,3669,3432,3171,3194,3302,3305,3180,-29.1873,-30.2737,8.9812,47.2593
17611,3607,4309,6281,6225,3554,4388,7189,6791,3409,3756,4441,4493,3351,3321,3641,3684,-12.7857,14.1063,8.90119,48.2933
17612,3113,3195,3443,3317,3252,3516,3865,3977,3417,3862,4871,6473,3304,3865,5976,12133,24.4956,30.1255,8.59428,47.7193
17613,5202,4688,3738,3294,8107,6448,4038,3405,6131,5234,3858,3540,4081,3917,3565,3203,-4.68433,-18.556,8.9439,48.2993
17614,3720,3648,3353,3139,4967,4634,3696,3251,8227,6814,4287,3524,6225,5488,3920,3381,9.90296,-17.8058,8.95077,48.1827
17615,3400,3388,3233,3114,3955,3692,3438,3212,6264,4766,3683,3250,12730,5889,3947,3333,29.5671,-30.1884,8.54053,47.5293
17616,3407,3370,3181,3225,3932,3757,3499,3180,6289,4730,3747,3391,12547,6044,3899,3488,25.912,-29.1651,8.67447,47.7907
17617,3190,3161,3394,3343,3356,3577,3854,3917,3585,4367,5666,4958,3763,5399,9598,6972,24.451,9.89257,8.80954,48.0667
17618,5034,8470,7834,4675,4136,4952,4945,4183,3536,3791,3752,3542,3306,3292,3257,3251,-30.8436,-1.24101,8.73176,47.9707
17619,4083,6494,9340,5732,3879,4567,5636,4544,3495,3752,3885,3697,3158,3258,3393,3336,-23.8571,5.28663,8.8191,48.166
17620,4222,6701,8973,5492,3931,4821,5675,4656,3509,3643,3820,3663,3235,3329,3515,3221,-23.2615,4.23074,8.64992,48.2707
17621,10664,5628,3888,3421,7791,5014,3847,3407,4254,3877,3483,3257,3451,3425,3337,3143,-18.9661,-30.9915,8.79686,47.9247
17622,4498,7646,9023,5011,4069,4853,5042,4240,3444,3688,3731,3561,3224,3236,3350,3316,-32.493,1.932,8.99161,47.9547
17623,3423,3949,6159,12547,3401,3740,4774,6170,3315,3423,3707,3825,3111,3201,3386,3353,-26.7818,32.447,8.9093,47.656
17624,6642,7089,4376,3605,6435,7006,4463,3577,4328,4209,3709,3384,3532,3502,3346,3128,-15.2228,-13.6913,8.7575,48.2207
17625,3405,3974,6523,12374,3401,3869,4769,6086,3171,3344,3779,3934,3145,3243,3361,3366,-29.2196,24.5801,8.7716,47.8293
17626,4120,3959,3459,3273,5792,5704,4026,3463,6823,7094,4287,3530,4816,4699,3724,3352,3.03501,-14.6569,8.65061,48.0807
17627,4075,3928,3407,3118,6195,4820,3818,3308,9066,5895,3953,3383,5615,4620,3660,3352,5.42578,-21.6604,8.93175,48.142
17628,3340,3771,4602,4589,3526,4347,7160,6232,3516,4298,6269,5462,3429,3664,4290,4034,-2.04709,13.1105,8.98177,48.3527
17629,4180,6980,9311,5285,3841,4765,5178,4441,3562,3709,3904,3739,3286,3308,3386,3369,-32.2146,3.74215,8.58553,48.1627
17630,4623,5339,4314,3544,5756,8304,4940,3747,4682,5281,4111,3584,3733,3844,3479,3369,-7.24929,-9.22075,8.97294,48.4333
17631,3299,3433,3370,3271,3718,3972,3929,3565,4311,5720,5793,4332,4577,7344,7134,4632,19.5023,0.0741779,8.65756,48.2667
17632,3231,3365,3684,3951,3282,3503,4475,5693,3475,3922,5289,9859,3252,3733,4753,6606,8.84462,32.829,8.71998,48.0487
17633,3408,3656,4095,3996,3760,4654,6354,4882,3893,5032,7263,5243,3504,3999,4539,4161,1.94383,7.58533,8.78868,48.2927
17634,3761,4638,5765,4759,3822,5475,7988,5089,3617,4117,4849,4158,3403,3383,3750,3557,-9.77652,6.26856,8.75529,48.0873
17635,4529,7539,8750,4928,4063,4899,5049,4295,3545,3724,3777,3605,3212,3399,3409,3347,-33.8595,1.82263,8.60117,48.0467
17636,3352,3333,3367,3194,4012,3755,3467,3161,5953,4762,3777,3361,12708,6002,3921,3372,29.4036,-32.4349,8.57541,47.6647
17637,3438,3314,3217,3081,4027,3792,3457,3240,6600,4797,3800,3380,12095,6119,4002,3356,24.5502,-27.0106,8.75206,47.81
17638,4763,5478,4352,3620,5619,7969,5085,3675,4424,5089,4147,3556,3678,3801,3718,3436,-8.25198,-8.36067,8.63485,48.2733
17639,3177,3419,3521,3304,3569,4000,3961,3864,3811,5046,6602,4796,4193,5784,7882,5319,17.8154,5.20039,8.67538,48.1653
17640,3295,3738,4750,5873,3439,3784,5576,9621,3216,3666,4724,6200,3158,3360,3798,3991,-6.66255,23.9395,8.97945,48.126
17641,3382,3455,3520,3324,3659,4140,3918,3634,4598,6620,5792,4142,4694,7001,6090,4254,16.0317,-2.47947,8.85308,48.1487
17642,3272,3310,3497,3253,3627,3898,4047,3628,4205,5566,5924,4265,4616,6909,7519,4768,19.5405,1.20091,8.53806,48.2027
17643,4904,7944,7465,4583,4397,5437,5314,4050,3547,3802,3879,3736,3305,3303,3330,3258,-21.6202,-1.05508,8.70439,48.1693
17644,11463,7140,4160,3450,5804,5052,3971,3336,3980,3806,3426,3282,3405,3419,3302,3051,-27.5041,-21.0916,8.63489,48.0313
17645,4025,4277,3817,3462,5094,6632,4547,3692,5202,7078,4821,3621,4119,4544,3922,3360,1.05014,-8.44236,8.66951,48.142
17646,7323,6983,4387,3512,6806,6721,4223,3528,4309,4216,3665,3330,3522,3508,3433,3121,-15.6302,-15.5434,8.82526,48.3913
17647,12284,6152,3946,3395,6592,4809,3743,3353,4067,3837,3470,3220,3453,3419,3186,3046,-24.0176,-26.8537,8.88103,47.9813
17648,3493,3859,5351,5679,3477,4258,7066,7690,3362,3763,5030,5239,3342,3371,3792,3734,-8.16626,16.5282,8.89435,48.3373
17649,3436,3882,5523,9360,3288,3835,5126,8634,3288,3502,4147,4649,3018,3370,3441,3604,-15.7033,29.0634,8.70962,48.0687
17650,9402,8295,4635,3546,5587,5085,4153,3498,3837,3835,3530,3302,3430,3426,3292,3160,-27.6091,-16.1687,8.52837,48.0087
17651,3536,3438,3234,3157,4268,4076,3543,3226,6905,6238,4244,3458,7885,7102,4325,3527,17.2261,-16.825,8.71741,48.108
17652,4204,4784,4053,3596,5195,7640,5009,3733,4624,6160,4669,3728,3857,3978,3776,3468,-3.07004,-7.26103,8.80146,48.316
17653,12314,5860,3912,3465,5891,4569,3699,3415,3972,3683,3492,3362,3554,3348,3318,3327,-32.0721,-32.3529,8.79009,47.454
17654,3273,3598,4468,5352,3451,3883,5606,8750,3350,3794,4984,6691,3202,3583,3835,4334,-3.77698,23.2231,8.58317,48.1027
17655,3367,3651,3866,3684,3710,4597,5155,4059,4069,6100,7816,4698,3947,4608,5159,4309,7.12554,3.39902,8.97834,48.53
17656,4286,6913,9119,5523,3840,4680,5365,4553,3421,3677,3782,3586,3241,3347,3372,3303,-24.9457,4.23186,8.79107,48.0053
17657,3999,3993,3437,3088,5588,4688,3715,3282,8436,6550,4084,3413,5666,5056,3852,3300,6.89059,-18.9601,8.90629,48.098
17658,3465,3992,6835,11813,3470,3749,4994,5996,3279,3487,3809,3894,3056,3246,3437,3387,-29.9079,22.5697,8.76898,47.9393
17659,3432,3337,3306,3087,3966,3763,3402,3159,6230,4776,3811,3447,12671,6059,3871,3401,28.5678,-29.3846,8.80647,47.812
17660,3269,3298,3323,3120,3678,3847,3802,3478,4509,5747,4999,3928,5285,8790,6989,4326,22.8817,-3.50333,8.64751,48.2587
17661,11528,6866,3987,3407,5774,5077,3851,3378,3942,3809,3478,3194,3444,3312,3233,3164,-31.4748,-22.0779,8.56126,47.6293
17662,3304,3736,5052,6938,3420,3802,5459,9481,3249,3571,4317,5458,3296,3336,3875,3813,-10.0818,24.9391,8.62611,48.0713
17663,3459,3869,6478,11951,3371,3787,4964,5930,3169,3418,3793,4070,3361,3180,3293,3399,-33.6712,23.0069,8.77283,47.6613
17664,5141,8655,7425,4511,4519,5197,4937,4084,3634,3768,3733,3520,3256,3323,3367,3290,-25.4849,-2.52448,8.52103,48.24
17665,3327,3647,3584,3339,4011,4416,4085,3609,4694,7434,6058,4007,4507,6260,5365,4024,12.428,-3.01615,8.95358,48.2447
17666,3224,3287,3332,3426,3383,3724,4248,4025,3677,4475,6732,5701,3695,4830,7775,6378,17.0335,11.142,8.66985,47.9413
17667,3770,3992,3647,3493,4711,5932,4367,3626,5123,7868,5182,3694,4467,4901,4122,3631,4.42945,-7.60543,8.82923,48.3507
17668,3232,3522,4161,3810,3331,4103,5656,5125,3588,4477,7682,6257,3611,3985,4847,4864,4.89649,12.0116,8.59877,48.1673
17669,11493,7043,4120,3348,6017,4895,3887,3302,4000,3893,3456,3319,3370,3378,3268,3090,-28.4712,-21.9099,8.6126,47.9193
17670,8872,8887,4477,3503,5338,5238,4174,3571,3874,3960,3543,3377,3550,3393,3251,3177,-33.7358,-14.8995,8.62184,48.1233
17671,7909,5796,3962,3361,8177,5948,3973,3401,4681,4324,3552,3273,3661,3595,3447,3075,-14.1313,-20.8022,8.79624,48.09
17672,4873,8588,7784,4537,4347,4999,4869,4111,3601,3676,3882,3586,3289,3350,3351,3275,-33.2104,-1.38024,8.5125,48.0787
17673,5169,4771,3729,3338,7804,6769,4006,3432,5750,5288,3869,3375,4081,3946,3578,3179,-4.7324,-17.1094,8.77693,48.056
17674,3122,3297,3425,3478,3239,3541,3912,4179,3398,3862,5062,7824,3346,3910,5709,10652,19.0893,33.1208,8.88606,47.9707
17675,3758,3839,3657,3258,4431,5490,4129,3682,5400,8043,5024,3774,4707,5096,4269,3618,6.62839,-8.078,8.85679,48.1167
17676,3465,4420,8418,9528,3428,3995,5144,5633,3320,3607,3806,3825,3117,3282,3436,3372,-31.5288,16.727,8.69756,47.864
17677,8337,5797,3972,3375,8481,5567,3886,3358,4701,4217,3543,3331,3580,3552,3371,3029,-14.6767,-21.9935,8.57854,48.0647
17678,3148,3238,3406,3342,3236,3512,3772,3759,3404,4199,5488,5463,3784,4816,9053,8410,24.3892,13.7373,8.96755,48.02
17679,3204,3341,3832,3924,3338,3666,4614,6244,3469,3808,5261,9796,3349,3715,4640,5881,6.30551,33.4469,8.94279,48.0547
17680,3456,4273,6229,6180,3549,4398,7385,7055,3519,3685,4471,4542,3261,3306,3697,3627,-11.9468,13.9597,8.71136,48.422
17681,3728,4735,8899,8453,3542,4185,5523,5664,3356,3597,3853,3834,3026,3202,3436,3342,-24.2542,14.1429,8.98912,48.25
17682,3035,3277,3529,3579,3256,3554,4121,4553,3423,3977,5671,8183,3432,3966,5913,8439,15.2806,21.4516,8.59406,47.9387
17683,4187,6719,9786,5556,3841,4552,5192,4586,3374,3566,3736,3533,3201,3366,3355,3318,-29.6534,5.16784,8.84205,47.912
17684,4864,8027,8221,4921,4101,5026,5247,4224,3481,3705,3741,3527,3232,3271,3318,3277,-25.1503,0.552331,8.96532,48.122
17685,3265,3383,3197,3159,3726,3843,3650,3304,4915,5209,4234,3608,7286,10001,5384,3716,30.4532,-10.7803,8.8974,47.92
17686,10055,5703,3864,3445,8185,5069,3729,3303,4390,4000,3524,3286,3424,3549,3342,3166,-17.3286,-32.7089,8.81206,48.0227
17687,3190,3245,3393,3351,3222,3462,3807,3971,3446,3953,5011,5737,3497,4284,7629,10834,29.1095,19.8457,8.54405,48.0213
17688,3310,3375,3173,3154,3868,3728,3419,3260,5963,4718,3792,3457,12650,6247,3988,3323,30.2162,-27.3389,8.73267,47.6167
17689,3642,3447,3326,3022,4666,4089,3579,3292,8484,5627,3909,3430,8611,5604,3910,3311,14.7585,-23.2868,8.72439,47.966
17690,3105,3232,3375,3319,3142,3421,3889,3909,3423,3914,4934,5976,3455,4183,7148,11437,27.4136,21.294,8.7366,47.908
17691,3414,3680,4002,3737,3678,4476,5893,4587,3690,5083,7914,5241,3525,4239,4902,4372,4.39777,7.56018,8.88467,48.2887
17692,3580,4489,8340,9454,3512,3963,5114,5593,3285,3604,3828,4041,3168,3189,3441,3480,-33.5889,16.8467,8.66029,48.054
17693,3538,3938,3907,3642,4118,5381,5472,4001,4285,6719,6433,4302,3967,4562,4399,3834,3.39167,-0.195652,8.98875,48.332
17694,3368,3393,3313,3210,3801,3762,3436,3244,5996,4659,3836,3296,12791,5924,3882,3317,32.69,-30.2112,8.82509,47.4853
17695,6902,6637,4469,3554,6818,6848,4172,3583,4412,4271,3675,3357,3596,3521,3380,3018,-14.8003,-15.232,8.69555,48.142
17696,6257,4675,3792,3268,9895,5404,3898,3390,6090,4467,3542,3275,3958,3797,3374,3114,-7.45588,-26.5234,8.88164,48.1307
17697,3119,3324,3433,3345,3245,3419,3735,3899,3271,3774,4848,5979,3466,3925,6339,12360,30.7091,26.1005,8.79103,47.654
17698,3599,3524,3395,3165,4682,4327,3585,3434,7748,6524,4268,3511,7086,6109,4093,3451,13.5867,-17.5308,8.74873,48.334
17699,3348,3307,3259,3169,4031,3705,3388,3292,6589,4756,3733,3473,12087,6016,3927,3337,23.6183,-33.6164,8.88876,47.6113
17700,3122,3335,3286,3440,3236,3566,3893,3917,3473,4067,5043,5478,3417,4446,8320,9856,32.1267,17.0272,8.82138,47.93
17701,3481,3817,4087,3931,3745,4626,6011,4772,3711,5055,7653,5144,3597,4013,4651,4254,2.79488,7.08029,8.78705,48.3653
17702,6198,4651,3789,3310,9546,5302,3789,3379,6166,4693,3656,3228,4086,3865,3366,3193,-6.56552,-25.8612,8.52633,48.1447
17703,4106,5879,9440,6103,3769,4610,5790,4703,3433,3727,3978,3813,3173,3289,3356,3299,-22.9596,7.08047,8.61636,48.312
17704,3983,5376,7200,5013,4122,5567,7307,4704,3550,4008,4275,3697,3312,3392,3580,3421,-14.9119,4.74333,8.99778,48.338
17705,12259,6003,3827,3459,6581,4869,3868,3469,3955,3839,3397,3286,3467,3479,3253,3075,-24.5916,-29.3701,8.8042,48.0573
17706,3424,3390,3248,3231,4004,3934,3468,3243,5915,4849,3811,3386,11563,6826,3966,3425,30.4692,-22.9419,8.64893,47.7887
17707,3457,3374,3226,3024,3995,3815,3486,3278,6084,5587,3971,3510,9187,7958,4437,3632,22.4025,-16.6118,8.94969,48.014
17708,4406,3906,3464,3203,7187,4756,3634,3315,9220,5077,3878,3369,5414,4448,3479,3239,3.41658,-33.1712,8.83619,47.9967
17709,3073,3268,3425,3531,3279,3586,4091,4487,3266,3873,5016,8439,3337,3922,5467,9779,16.4993,32.3468,8.79943,47.8927
17710,3184,3554,3918,3907,3342,3808,5125,5316,3457,4200,7049,7750,3358,3891,5034,5376,6.57112,16.0488,8.83116,48.1793
17711,5871,8119,5335,3830,5321,6931,4768,3682,3815,4005,3754,3468,3504,3479,3348,3142,-17.7449,-8.67368,8.83674,48.248
17712,3402,3390,3318,3199,3788,3797,3628,3387,4947,5780,4448,3588,6807,9549,5367,3867,23.6866,-9.74115,8.59285,48.1747
17713,4016,6507,9423,5671,3869,4653,5581,4574,3444,3734,3827,3741,3166,3331,3313,3375,-23.7298,5.21046,8.80418,48.15
17714,7887,5778,3944,3325,8477,5875,4026,3488,4741,4193,3529,3188,3855,3642,3333,3154,-13.6326,-20.6216,8.95795,48.29
17715,7033,8660,4999,3697,5415,6380,4357,3734,3883,4028,3555,3328,3502,3401,3294,3191,-20.0037,-11.1345,8.76075,48.3047
17716,6821,4766,3755,3398,9866,5292,3788,3401,5709,4428,3632,3240,3977,3736,3329,3191,-8.96218,-28.6724,8.68308,48.2193
17717,3294,3638,3816,3576,3556,4188,5339,4436,3832,5164,7929,5541,3699,4245,5329,4510,7.00929,7.48863,8.55306,48.0613
17718,3112,3179,3448,3503,3284,3562,4030,4218,3445,3834,5202,7618,3435,3953,6299,10217,18.9608,22.8579,8.96318,48.226
17719,3172,3199,3474,3269,3238,3460,3861,3967,3487,3976,5357,5564,3556,4585,8475,9253,26.3575,16.3375,8.52887,47.9287
17720,3333,3990,6376,11926,3394,3803,4867,6414,3327,3349,3817,3988,3099,3230,3374,3459,-25.0125,25.2823,8.5021,47.8307
17721,3328,3640,4737,6417,3369,3863,5235,9923,3203,3713,4373,5983,3154,3473,3716,3985,-7.73947,28.8102,8.62629,48.0747
17722,3151,3220,3298,3359,3248,3301,3696,3857,3362,3641,4761,6058,3507,3948,6190,12608,27.4293,33.773,8.97228,47.47
17723,3863,4015,3422,3289,4937,5307,3959,3387,6591,7931,4489,3613,4821,5181,4000,3363,6.07999,-12.5586,8.89728,48.112
17724,3062,3301,3383,3369,3560,3792,4040,3709,4003,4957,6461,4830,4153,5965,8349,5520,18.8719,5.4567,8.76698,48.3027
17725,3067,3288,3420,3308,3363,3607,3773,3740,3710,4563,5390,4761,3830,5714,9772,6711,26.5466,8.27463,8.59536,48.0113
17726,3109,3384,3576,3776,3238,3681,4377,4758,3478,4041,6435,8210,3544,3984,5629,7109,12.204,19.1859,8.59664,48.2193
17727,3096,3257,3342,3373,3151,3401,3757,3871,3432,3990,5068,5774,3532,4187,7430,11279,29.179,20.8643,8.51291,47.96
17728,3256,3348,3538,3489,3448,3761,4253,3865,3715,4947,7210,5134,3948,5187,7734,5551,16.3297,7.74177,8.82407,48.256
17729,4401,6961,8611,5180,4059,4971,5676,4422,3498,3764,3806,3635,3170,3323,3300,3325,-22.9041,3.2775,8.66696,48.068
17730,3310,3330,3278,3195,3737,3789,3630,3541,4659,5227,4403,3749,6244,9855,5992,3996,30.608,-7.30365,8.69748,47.9567
17731,3270,3276,3418,3496,3384,3516,3922,3875,3635,4125,5245,5288,3597,4666,8906,8718,31.8518,14.4187,8.57387,48.2247
17732,3328,3487,3213,3012,3989,4029,3523,3256,5966,5554,4067,3402,9035,8117,4537,3528,22.1953,-16.559,8.79299,48.0287
17733,3098,3260,3351,3481,3167,3588,3929,4110,3517,4000,5473,6517,3403,4237,7401,9533,21.1805,18.5405,8.59675,48.0433
17734,3701,5438,9582,7119,3655,4368,5315,5110,3359,3600,3826,3690,3110,3329,3424,3426,-27.4995,10.3655,8.59324,48.0347
17735,3448,3453,3402,3201,3965,4176,3836,3396,5440,7114,4716,3838,5816,7648,5219,3795,16.2607,-8.62548,8.86279,48.3087
17736,3413,3778,4465,4708,3362,4222,6570,6892,3498,4005,5919,6253,3389,3702,4174,4417,-2.0801,16.1158,8.66081,48.5113
17737,10494,6505,4056,3479,7123,5070,3809,3311,4188,3990,3439,3267,3470,3478,3283,3026,-21.1008,-22.7494,8.60209,47.992
17738,3476,3709,3639,3307,4002,4635,4339,3634,4612,7543,6092,4168,4356,5753,5155,4057,10.4793,-2.7921,8.51879,48.318
17739,3420,3419,3343,3066,4358,4133,3556,3310,7608,5775,3990,3387,8830,6514,4072,3430,17.379,-20.1247,8.60411,48.1407
17740,4024,4297,3889,3556,4698,6712,5005,3856,4838,6928,5020,3857,3899,4289,3984,3596,0.187616,-5.73281,8.80266,48.2987
17741,10222,6246,4076,3355,7356,5178,3821,3363,4160,3967,3477,3237,3515,3499,3301,3091,-20.0249,-23.1706,8.53266,47.9093
17742,3361,3910,6053,12787,3375,3796,4688,6029,3268,3496,3801,3971,3222,3216,3354,3463,-28.3514,30.0421,8.79842,47.86
17743,3962,3602,3240,3126,5898,4352,3678,3233,10070,5229,3795,3274,6708,4848,3797,3319,8.3701,-29.7825,8.8854,48.0873
17744,3232,3464,3300,3255,3563,3811,3755,3476,4273,5070,4760,4183,4984,8965,7542,4495,29.8653,-1.84377,8.64915,48.0853
17745,3179,3305,3475,3514,3327,3615,4267,4204,3401,4351,6478,6519,3565,4357,7543,7401,17.4099,14.6983,8.86667,48.334
17746,4778,8420,8006,4833,4049,4917,4984,4236,3597,3725,3790,3493,3269,3439,3338,3283,-30.5048,-0.223563,8.51263,48.1047
17747,3631,4600,6379,5533,3775,4692,7852,5949,3521,3944,4435,4214,3222,3449,3656,3558,-12.1902,10.4679,8.66948,48.2733
17748,3808,3782,3510,3182,5326,4869,3821,3326,7344,7142,4326,3430,5625,5279,4003,3453,8.28498,-15.6725,8.5453,48.1507
17749,3572,3489,3306,3077,4419,4008,3428,3267,7714,5504,3924,3432,9497,6241,4075,3386,17.5447,-22.927,8.7992,48.226
17750,3307,3293,3284,3154,3765,3835,3524,3354,4969,5509,4444,3740,6721,9809,5359,3990,24.6224,-9.38619,8.7372,48.038
17751,8363,9194,4821,3683,5231,5277,4124,3545,3820,3849,3462,3377,3317,3297,3233,3144,-28.6624,-13.5731,8.85084,47.8247
17752,3518,3778,4718,4904,3501,4305,7086,6879,3464,3992,5661,5655,3265,3511,3919,4029,-4.36649,14.4664,8.71952,48.1233
17753,3092,3302,3310,3401,3175,3450,3948,4143,3395,3818,4975,7230,3387,3875,6202,11356,21.2991,24.7991,8.97936,48.0393
17754,3238,3222,3339,3357,3190,3379,3617,3844,3398,3693,4744,6065,3488,3902,6078,12928,32.4068,28.8659,8.99522,47.6547
17755,3734,4760,6864,5580,3882,4870,7534,5599,3454,3836,4350,4106,3184,3358,3490,3479,-14.1028,9.04508,8.61015,48.0533
17756,3585,3559,3170,3147,4014,4059,3665,3212,6230,5994,4231,3408,7971,7714,4506,3591,19.1418,-15.3831,8.69279,48.0373
17757,3418,3341,3339,3128,3907,3901,3478,3259,5916,4940,3811,3366,11074,7095,4152,3429,32.7199,-20.5417,8.54038,47.7027
17758,3803,4358,5032,4273,3928,5517,7812,5044,3652,4374,5400,4337,3377,3648,3912,3641,-6.32502,5.76518,8.6591,48.072
17759,3380,3851,5983,12033,3456,3812,4851,6573,3246,3449,3870,4054,3114,3173,3282,3441,-24.0567,32.3539,8.58061,47.712
17760,12956,6134,3855,3463,6224,4729,3817,3374,3905,3666,3324,3233,3384,3250,3181,3057,-29.1164,-27.9616,8.98493,47.7013
17761,5835,5506,4077,3437,7609,7015,4155,3424,5005,4836,3671,3455,3727,3858,3407,3156,-9.28556,-16.2537,8.68871,48.1153
17762,3463,3347,3245,3063,4158,3901,3441,3094,7129,5096,3868,3394,11205,6193,4100,3445,21.2591,-24.8375,8.89741,48.0947
17763,9257,8145,4368,3623,5964,5298,4137,3450,3858,3824,3572,3164,3399,3341,3241,3110,-24.0646,-16.704,8.75425,47.834
17764,3617,3564,3251,3122,4781,4003,3504,3273,8974,5075,3873,3462,8740,5481,3832,3367,14.5637,-29.1092,8.62699,47.946
17765,3501,4423,8506,9873,3411,4014,5128,5584,3311,3512,3708,3966,3155,3244,3346,3332,-32.5431,16.8443,8.99771,48.0093
17766,5703,7193,4880,3728,5676,7525,4617,3724,4113,4374,3901,3350,3418,3523,3447,3142,-14.4776,-9.32459,8.96713,48.2093
17767,4014,6046,9768,6316,3675,4307,5234,4646,3474,3628,3716,3764,3182,3338,3408,3295,-29.1486,7.45834,8.90683,47.874
17768,3577,4054,5325,4999,3626,4522,7711,6551,3491,3985,5136,4888,3229,3512,3956,3846,-6.99218,12.5175,8.56152,48.272
17769,9726,8600,4506,3505,5580,5117,4090,3434,3924,3756,3446,3259,3292,3372,3285,3093,-28.4806,-16.3066,8.93904,47.99
17770,3615,4010,4340,3946,3951,5512,6685,4519,3918,5302,6404,4421,3588,3972,4138,3844,-0.821059,3.36073,8.74912,48.11
17771,4315,7174,9051,5334,4005,4728,5185,4346,3497,3734,3796,3581,3268,3268,3467,3311,-32.2045,3.19175,8.60473,48.04
17772,3641,3638,3412,3383,4066,4637,4126,3471,5109,7954,5359,3880,4779,6131,4910,3925,10.9976,-6.05315,8.59426,48.2807
17773,3298,3670,4500,5162,3522,3915,5660,8964,3319,3789,5020,6739,3224,3407,4076,4363,-3.60358,22.7654,8.82096,48.4187
17774,3628,3644,3445,3214,4330,4572,3923,3577,6165,7583,4631,3600,5628,6307,4378,3828,11.8927,-11.347,8.6986,48.302
17775,3160,3281,3361,3344,3424,3684,3904,3735,3806,4575,5855,4755,3980,5974,9401,6057,22.2865,7.00069,8.81314,48.1973
17776,3296,3860,5060,7595,3480,3712,5291,9325,3246,3606,4262,5150,3254,3337,3585,3669,-12.078,33.7136,8.68862,47.8187
17777,11992,6560,3990,3370,5950,4846,3839,3355,4069,3800,3477,3201,3388,3307,3331,3149,-32.902,-23.9173,8.85485,47.7493
17778,3972,3868,3457,3143,5621,4602,3688,3315,9054,6062,3909,3432,6158,4929,3932,3284,8.0372,-21.5578,8.56806,48.284
17779,3135,3413,3399,3357,3482,3705,3726,3643,3902,4713,5114,4481,4140,6804,9549,5719,28.8525,4.58005,8.88189,48.188
17780,5343,4527,3720,3331,8630,6177,3972,3391,6327,4978,3673,3343,4141,3923,3411,3215,-4.82974,-20.276,8.93382,48.068
17781,3127,3097,3434,3417,3249,3290,3811,4083,3387,3728,4854,6157,3411,4056,6546,12147,33.6201,23.9577,8.883,47.8627
17782,3436,3961,5546,10700,3424,3801,5057,7654,3157,3451,3977,4280,3148,3229,3495,3409,-18.986,30.3699,8.50251,47.8167
17783,3111,3423,3875,4114,3299,3688,4666,6651,3354,3769,5530,9573,3256,3568,4647,5689,5.2298,24.5807,8.9081,48.142
17784,3345,3712,5008,7551,3294,3858,5205,9770,3238,3654,4261,5119,3159,3253,3533,3823,-11.3322,29.9838,8.82359,47.8553
17785,3066,3378,3482,3444,3290,3547,3866,4285,3462,3743,5036,7581,3437,3834,5847,10576,19.4741,28.939,8.52193,47.916
17786,3248,3418,3343,3238,3617,3700,3810,3406,4290,5083,4787,3975,5098,8906,7358,4511,31.1677,-2.19508,8.53737,47.8587
17787,3104,3298,3586,3694,3286,3667,4131,4729,3379,3859,5763,8980,3397,3873,5406,8203,13.8274,23.0496,8.83861,48.2367
17788,9118,6327,4025,3391,7892,5547,3847,3362,4438,4014,3616,3202,3451,3453,3253,3133,-17.3281,-21.6551,8.70157,48.046
17789,3371,3477,3272,3124,3987,3878,3537,3314,5640,5676,4211,3538,7985,8596,4787,3674,22.9578,-13.5006,8.75463,48.0447
17790,3132,3309,3460,3554,3208,3525,4152,4397,3470,3996,5865,7156,3451,4115,6823,8811,17.997,18.6305,8.63624,48.2827
17791,3586,4254,4855,4151,3855,5600,7716,4913,3677,4626,5671,4475,3408,3784,3967,3808,-4.67121,5.2599,8.79301,48.2307
17792,3435,3842,6032,11839,3328,3806,4946,6852,3205,3492,3984,3906,3127,3217,3316,3454,-23.1109,28.0062,8.75462,47.854
17793,6508,6653,4528,3646,6665,7025,4265,3607,4312,4305,3624,3384,3511,3570,3397,3198,-14.3151,-14.4772,8.67072,48.132
17794,7356,5903,4139,3435,7797,6517,4034,3484,4746,4242,3653,3235,3581,3547,3313,3135,-13.607,-18.6318,8.56353,48.078
17795,3614,4826,9165,8428,3472,4148,5266,5319,3324,3558,3810,3875,3152,3311,3436,3405,-33.7173,13.8856,8.61676,48.0727
17796,3219,3682,4287,5288,3390,3690,4965,9148,3384,3637,4730,7428,3190,3478,4056,4419,-2.35309,31.211,8.93279,47.994
17797,12448,6217,3968,3383,6186,4731,3702,3317,3897,3817,3408,3096,3497,3361,3278,3110,-28.4509,-27.8613,8.58841,47.6107
17798,4841,5712,4461,3751,5539,8227,5099,3730,4445,5020,4151,3551,3628,3780,3623,3243,-9.06666,-8.30481,8.88478,48.534
17799,3377,3922,4738,4701,3599,4609,7665,6299,3415,4017,5688,5197,3245,3690,4095,4007,-4.18658,12.6421,8.74491,48.176
17800,3421,3949,5947,12465,3283,3841,4758,6443,3215,3399,3745,3999,3123,3206,3481,3432,-25.8034,30.0111,8.78023,47.8047
17801,3449,3981,6008,12219,3409,3790,4719,6461,3174,3478,3746,3865,3148,3313,3404,3464,-25.3103,30.2995,8.69909,47.752
17802,3172,3425,3916,4339,3349,3548,4751,6952,3388,3832,5132,9485,3276,3589,4399,5322,3.74736,31.2568,8.9443,47.9167
17803,3397,3274,3214,3116,3890,3715,3469,3242,6530,4757,3859,3340,12340,6056,3936,3455,24.9726,-29.7052,8.83061,47.7267
17804,3681,4461,7186,6441,3603,4374,7088,6149,3270,3785,4288,4178,3049,3254,3572,3490,-15.2593,12.6874,8.86556,47.9127
17805,10502,6376,4019,3482,7118,5076,3912,3478,4204,3880,3514,3191,3502,3322,3171,3151,-21.0704,-23.2912,8.75405,47.932
17806,3562,4511,8077,8182,3477,4132,5844,6218,3290,3549,3939,4007,3136,3207,3411,3463,-20.4936,15.4816,8.78414,48.0033
17807,3386,3995,5929,8200,3485,3960,5907,8184,3231,3550,4171,4620,3070,3327,3581,3555,-15.0678,20.9995,8.66563,48.1007
17808,3185,3563,4247,5042,3400,3773,5040,8830,3349,3868,4839,7703,3202,3523,4041,4492,-1.86876,32.0727,8.97699,48.0647
17809,4370,3965,3502,3289,6734,4971,3670,3330,8870,5808,3851,3255,5446,4418,3582,3322,4.16784,-22.5117,8.50969,48.2553
17810,3574,4924,9394,8361,3526,4074,5265,5221,3284,3532,3820,3921,3150,3242,3276,3312,-30.317,13.5532,8.87841,47.9173
17811,3321,3944,5748,8488,3416,3941,5543,8575,3348,3598,4175,4787,3074,3182,3435,3541,-14.5074,22.8016,8.71871,48.0773
17812,3777,4267,4834,4119,3888,5772,7571,4940,3906,4673,5605,4287,3420,3691,3860,3756,-4.54647,4.35231,8.56171,48.244
17813,4841,5694,4493,3761,5554,8056,5132,3698,4371,4935,3986,3618,3618,3782,3628,3317,-9.21099,-8.16429,8.78689,48.3227
17814,3132,3240,3313,3480,3356,3574,3867,3800,3544,4136,5297,5297,3575,4854,9283,8348,29.0139,13.6306,8.79824,48.064
17815,4228,5427,5282,4071,4425,7085,6667,4400,3822,4616,4647,3784,3548,3660,3774,3498,-9.50873,-0.53109,8.71655,48.6227
17816,3824,3706,3418,3278,5034,4962,3908,3399,7241,7289,4293,3513,5584,5426,3967,3396,8.35235,-15.2884,8.88571,48.1587
17817,4506,4389,3763,3258,6525,6375,4179,3406,6633,6041,3994,3388,4579,4374,3621,3303,0.131628,-16.1011,8.63371,48.2227
17818,3580,3608,3303,3155,4402,4235,3651,3272,6685,6683,4312,3576,6938,6724,4297,3552,14.95,-15.0154,8.56081,47.982
17819,3582,4943,9335,8357,3607,4076,5223,5173,3279,3561,3910,3806,3117,3260,3293,3401,-31.9461,13.4943,8.7555,47.9487
17820,10188,5807,3835,3336,8166,5259,3694,3355,4524,3921,3478,3184,3492,3467,3274,3077,-17.9098,-27.1172,8.85481,48.038
17821,4252,5837,6046,4334,4255,6477,6747,4287,3781,4214,4303,3851,3277,3541,3556,3458,-13.0065,0.562183,8.79355,48.144
17822,3208,3382,3856,3960,3361,3614,4416,6002,3447,3748,5203,9978,3271,3758,4759,6282,7.42348,31.5917,8.99664,48.1633
17823,3165,3592,4087,4389,3246,3905,5464,6399,3520,4101,6131,7710,3285,3778,4389,5011,2.45274,18.8573,8.50493,48.1147
17824,6117,4601,3786,3352,9869,5150,3899,3382,6219,4457,3767,3338,4114,3821,3386,3154,-6.31043,-32.613,8.76678,48.2747
17825,3802,3700,3479,3165,5088,4577,3743,3286,8409,6569,4021,3449,6263,5453,3902,3428,9.84966,-18.633,8.7982,48.2227
17826,9224,5259,3740,3465,8872,4974,3776,3550,4588,3966,3636,3355,3558,3373,3292,3220,-15.0506,-32.1802,8.66594,47.8987
17827,3328,3367,3302,3193,3781,3892,3697,3448,4877,5609,4265,3708,6629,9591,5651,3927,24.7028,-8.87973,8.60581,48.1767
17828,3221,3368,3604,3625,3512,3974,4997,4540,3704,4818,8148,5933,3570,4323,5739,4975,8.93511,9.8491,8.94334,48.034
17829,10118,5710,3870,3419,8074,4943,3838,3412,4352,3970,3462,3235,3465,3373,3255,3184,-17.8071,-31.9555,8.99789,47.7867
17830,11449,7201,4071,3301,5767,4909,3847,3358,3961,3850,3468,3147,3425,3383,3341,3119,-31.7904,-21.285,8.76145,47.7313
17831,3265,3587,4356,4915,3323,3761,5444,8431,3404,3767,5199,7268,3246,3496,4003,4556,-1.72727,22.9742,8.66153,48.014
17832,3977,5073,5423,4347,4209,6376,7365,4644,3685,4455,4785,3932,3438,3681,3486,3487,-9.30393,2.38437,8.66711,48.242
17833,3044,3252,3274,3400,3223,3473,3735,3965,3431,3775,4904,6596,3392,3861,5862,12160,24.251,30.4703,8.77077,47.5647
17834,3408,3415,3100,3095,3970,3781,3385,3260,6496,4872,3799,3435,12034,6526,4075,3402,24.9667,-24.2733,8.98048,48.0353
17835,3349,3756,4858,6723,3280,3662,5310,9963,3211,3638,4266,5760,3141,3402,3708,3939,-8.85745,29.0285,8.68667,47.9773
17836,3036,3310,3483,3398,3299,3585,3808,4061,3456,4010,5357,6136,3423,4262,7702,9583,22.7055,18.3104,8.63668,47.9393
17837,3122,3241,3351,3487,3209,3437,3712,3999,3313,3779,4923,6758,3347,4045,5767,12284,23.8634,30.4397,8.98045,47.8493
17838,12842,6001,3984,3380,5897,4764,3650,3346,3860,3743,3546,3278,3425,3276,3174,3189,-29.8114,-32.2838,8.66654,47.57
17839,12410,5900,3860,3389,6055,4764,3797,3340,3981,3825,3432,3277,3386,3422,3338,3178,-32.2695,-31.0645,8.64129,47.5693
17840,3173,3367,3411,3299,3450,3886,3850,3735,3937,4842,5678,4619,4184,6713,8938,5297,22.4976,4.21581,8.77837,48.2527
17841,4597,7779,8316,4944,3985,5034,5334,4107,3538,3755,3751,3536,3241,3289,3245,3199,-24.08,0.818002,8.83743,47.7667
17842,3646,3812,3680,3326,4243,5492,4525,3731,4922,7924,5718,4014,4291,5128,4390,3579,6.30101,-5.32848,8.76583,48.2807
17843,4896,5246,4336,3505,6075,8146,4739,3631,4675,5291,3954,3467,3750,3907,3446,3312,-7.06931,-10.7922,8.95783,48.2507
17844,9450,6546,4009,3441,7233,5620,3881,3512,4362,3971,3513,3298,3482,3440,3308,3018,-18.4747,-20.8519,8.90717,48.056
17845,3335,3928,6441,12254,3383,3743,4790,5893,3278,3557,3869,3782,3099,3269,3361,3464,-33.0081,24.1743,8.98751,47.6307
17846,4994,4356,3504,3263,8709,4958,3809,3374,7784,4807,3685,3377,4626,3987,3501,3165,-1.61079,-28.0924,8.5019,47.9327
17847,3307,3347,3512,3249,3572,3955,4223,3804,4050,5866,6784,4739,4199,5920,7074,4844,15.3136,2.56865,8.85889,48.2967
17848,3070,3244,3453,3339,3279,3488,3635,3949,3397,3753,4776,6054,3444,3953,6066,12462,31.1094,30.7632,8.55567,47.5747
17849,3153,3481,3716,4058,3452,3538,4506,6223,3332,3676,5140,10033,3294,3723,4545,6132,6.836,30.1193,8.98708,48.0013
17850,3569,3648,3498,3373,4091,4764,4202,3585,4999,7927,5691,3914,4728,5935,4911,3756,10.8474,-5.04231,8.75219,48.394
17851,3890,3749,3430,3204,5254,4577,3768,3278,8159,6722,4143,3432,6080,5232,3829,3525,8.89278,-18.0573,8.92605,48.1813
17852,3217,3511,4211,4857,3329,3776,4942,8482,3400,3885,4857,8052,3276,3497,4144,4621,-1.08721,32.5961,8.51717,48.038
17853,4374,3902,3434,3241,6956,4973,3665,3421,8957,5671,3851,3301,5392,4528,3619,3243,3.64592,-22.9028,8.81808,48.352
17854,3320,3464,3208,3022,3895,3850,3512,3182,5851,4866,3965,3437,11174,7287,4132,3388,26.8534,-20.9998,8.69487,47.702
17855,3450,3409,3305,2997,3926,3834,3464,3256,6036,4640,3722,3350,12803,6001,3934,3388,32.3632,-28.5698,8.92634,47.6767
17856,3906,4828,5205,4317,4150,6222,7539,4572,3830,4638,5027,3938,3456,3708,3732,3567,-7.4908,2.62806,8.98193,48.4233
17857,3994,4906,6079,4688,3931,5590,7722,5067,3592,4141,4639,4027,3308,3488,3605,3467,-11.2907,5.32088,8.64075,48.1627
17858,3329,4019,6761,12061,3366,3926,4881,6093,3197,3451,3720,4009,3080,3283,3439,3436,-28.1446,23.474,8.5403,48.034
17859,3014,3214,3310,3398,3265,3498,3771,4098,3380,3880,4983,6814,3356,4075,6030,11782,22.6582,32.8042,8.61499,47.912
17860,5778,4914,3904,3415,8327,6697,4075,3482,5453,4765,3620,3390,4000,3829,3448,3223,-7.65921,-18.4162,8.74464,48.2133
17861,3281,3330,3783,3857,3442,3970,5005,4602,3707,4770,7980,6144,3625,4306,5697,4878,8.24163,10.7564,8.6558,48.2513
17862,3388,3865,5948,12531,3396,3732,4854,6474,3225,3405,3766,3964,3129,3131,3294,3346,-25.9076,29.8372,8.79348,47.632
17863,3284,3938,5152,7598,3444,3813,5103,9739,3194,3447,4270,4921,3149,3288,3687,3645,-11.8651,33.2488,8.91906,47.7813
17864,6640,4879,3678,3244,9906,5245,3872,3342,5814,4363,3609,3341,3977,3845,3343,3214,-8.18198,-32.1683,8.67014,48.208
17865,3434,3512,3496,3336,3733,4210,4241,3735,4385,6625,6724,4426,4310,5889,5740,4352,12.7193,-0.0471246,8.63968,48.0987
17866,3517,4127,5619,5500,3540,4436,7610,6978,3521,3900,4666,4794,3176,3416,3714,3760,-9.09318,13.8189,8.57534,48.1827
17867,8199,5121,3784,3293,9636,5109,3924,3317,4943,4212,3501,3268,3720,3558,3378,3148,-12.9796,-30.1111,8.83833,48.074
17868,5798,4434,3738,3291,9744,5132,3858,3370,6697,4612,3651,3303,4097,3804,3418,3168,-5.07383,-30.9771,8.88683,48.0767
17869,12029,5886,4045,3318,6629,5005,3831,3371,4123,3803,3528,3226,3370,3377,3103,3036,-24.3533,-29.1126,8.75384,47.7867
17870,3984,5184,7002,5285,3811,5112,7277,5139,3548,3894,4351,4029,3239,3377,3500,3449,-14.9997,6.7505,8.54008,48.1207
17871,3460,3857,6002,12320,3490,3781,4785,6449,3077,3444,3730,4004,3174,3198,3360,3375,-24.8157,29.4105,8.98583,47.6707
17872,3324,3550,4155,4379,3406,3789,5405,6694,3397,4013,6305,7693,3289,3594,4408,4928,2.20969,18.7057,8.92505,48.2193
17873,9954,6700,4241,3425,7089,5568,3981,3478,4116,4030,3489,3234,3453,3416,3261,3088,-20.0568,-21.7068,8.55692,48.3487
17874,3379,3938,6131,11048,3372,3856,5044,7405,3137,3472,3969,4064,3189,3158,3347,3404,-20.5946,25.5566,8.93042,47.942
17875,3507,3391,3307,3100,4294,3916,3511,3244,8028,5077,3875,3296,10561,5623,3822,3390,18.4237,-29.3803,8.82412,47.9613
17876,6050,4683,3742,3224,9451,5690,3925,3385,6122,4550,3676,3275,4056,3800,3370,3186,-6.87973,-23.3887,8.84554,48.1233
17877,3160,3395,3902,3915,3284,3675,4443,5750,3317,3855,5461,9459,3380,3813,4849,6420,8.60533,24.9754,8.53264,48.052
17878,5236,7810,5763,4075,4899,6732,5193,3960,3866,4190,3821,3521,3413,3332,3355,3309,-17.3754,-5.20591,8.79671,48.3167
17879,3494,3972,5481,7214,3429,3939,6116,8545,3366,3669,4334,4899,3068,3385,3585,3718,-12.5076,20.4481,8.53536,48.1427
17880,3807,3790,3467,3127,5430,4851,3785,3303,8320,6646,4136,3464,5674,5077,3828,3353,7.45944,-18.3484,8.74616,48.0387
17881,3196,3540,3975,4565,3314,3803,4812,7503,3306,3897,5021,9067,3256,3552,4387,5085,2.21471,30.3029,8.88004,48.186
17882,3318,3586,4070,4299,3284,3704,4547,7016,3379,3863,5166,9313,3209,3590,4539,5366,3.76681,30.2423,8.57991,48.166
17883,3318,3517,4179,4773,3317,3712,4846,8377,3355,3780,4947,8236,3260,3505,4131,4752,0.00781719,29.3018,8.77782,48.0033
17884,12564,6465,3853,3395,6049,4847,3692,3312,4002,3730,3415,3364,3409,3445,3190,3187,-32.9955,-25.6498,8.98322,47.946
17885,3567,3529,3326,3131,4797,4137,3632,3235,8574,5383,3860,3376,8421,5569,3835,3392,14.5851,-24.3511,8.5065,47.8427
17886,3220,3385,3258,3301,3607,3828,3807,3603,4242,4993,4950,3994,4884,8407,7975,4764,25.6371,-0.569336,8.54861,48.1453
17887,3196,3534,4102,4768,3254,3697,4930,7818,3217,3742,5233,8371,3238,3571,4201,4917,0.727614,25.7407,8.59891,47.8593
17888,6804,9795,5607,3877,4901,5251,4315,3613,3793,3873,3524,3457,3348,3327,3320,3143,-31.1805,-8.97817,8.84011,47.9653
17889,3456,3903,5975,12261,3426,3779,4884,6471,3154,3367,3677,3988,3175,3232,3405,3447,-24.8613,32.0302,8.66872,47.7333
17890,3550,3934,4423,4047,3769,4890,7108,4861,3750,4843,6755,4866,3473,3938,4229,3963,-0.773128,7.12378,8.88143,48.266
17891,4728,4078,3587,3281,8230,4937,3751,3227,8739,5041,3686,3317,4970,4182,3574,3253,0.905261,-28.1915,8.85873,48.3873
17892,3249,3419,3257,3025,3824,3766,3529,3300,5383,5095,4091,3427,9511,8823,4489,3531,29.7916,-16.0706,8.92188,47.8127
17893,3706,4832,7839,6985,3641,4299,6516,5909,3298,3588,4120,4023,3006,3303,3468,3304,-17.787,12.5637,8.9049,47.8913
17894,3164,3264,3388,3408,3227,3500,3817,4002,3377,3909,5281,6806,3405,4088,6865,10267,21.6618,21.0531,8.74963,47.8453
17895,3125,3383,3426,3240,3445,3749,3817,3635,3844,4680,5280,4343,4320,6914,9618,5654,27.6188,4.36708,8.87326,48.3153
17896,4610,5637,4601,3782,5235,8210,5530,3857,4215,5003,4199,3605,3693,3706,3538,3355,-8.73723,-6.52351,8.7005,48.5173
17897,4057,5278,6127,4745,4048,5834,7656,4723,3653,4187,4570,3872,3232,3583,3500,3439,-12.3743,3.78596,8.73629,48.336
17898,6484,8686,5269,3887,5386,6297,4490,3659,3820,3998,3660,3436,3345,3513,3314,3169,-19.7432,-10.0355,8.53661,48.2753
17899,4452,4029,3492,3236,7349,4886,3699,3350,8772,5291,3783,3424,5123,4407,3609,3320,2.42204,-25.614,8.59579,48.148
17900,3039,3142,3440,3334,3254,3540,3879,4136,3371,3957,5201,6831,3341,4042,6530,10842,21.9773,22.7891,8.53966,47.9193
17901,5418,7071,4958,3721,5294,7487,4976,3865,4019,4317,3974,3440,3461,3529,3476,3225,-14.4687,-7.88592,8.59768,48.154
17902,4589,4022,3447,3171,7424,4911,3683,3374,8856,5068,3809,3416,5262,4347,3584,3326,2.43064,-28.2912,8.57262,48.1927
17903,3411,3812,5598,9599,3453,3834,5135,8457,3209,3437,4113,4554,3121,3236,3401,3516,-16.076,31.1466,8.77809,47.924
17904,5153,6247,4624,3569,5603,8010,5097,3797,4266,4768,3920,3600,3498,3629,3437,3256,-11.2402,-8.46204,8.80075,48.316
17905,3888,5520,9214,6281,3799,4547,6223,4914,3445,3718,3936,3748,3108,3249,3386,3290,-20.9494,8.21797,8.97896,48.1773
17906,3283,3542,4511,5002,3367,3895,5622,8304,3336,3794,5137,7022,3344,3507,4178,4365,-2.42345,21.8068,8.55031,48.1393
17907,3484,3406,3282,3160,3850,3910,3589,3268,5555,5132,3968,3553,9073,8650,4503,3502,33.9178,-15.7704,8.64511,47.9233
17908,5744,4634,3680,3259,9309,5840,3885,3390,6285,4638,3725,3298,4109,3941,3497,3156,-5.54244,-23.4777,8.85996,48.26
17909,3417,3346,3261,3092,3829,3749,3506,3305,5244,5198,4178,3536,8619,9168,4841,3663,30.6981,-14.0627,8.63978,47.968
17910,3128,3185,3332,3456,3226,3492,3830,3932,3346,3877,4912,5869,3318,3895,6737,11973,31.2827,23.5074,8.57112,47.672
17911,3163,3437,4045,4406,3269,3694,4939,6777,3208,3832,5449,8936,3303,3596,4492,5407,3.82598,23.4223,8.6021,47.9687
17912,5802,9475,6416,4125,4523,5659,4672,3801,3705,3815,3639,3385,3328,3403,3281,3183,-23.7885,-5.94233,8.84717,48.1413
17913,5723,9342,6238,4170,4596,5732,4880,3952,3642,3876,3725,3488,3327,3406,3284,3106,-22.4392,-5.36434,8.83401,48.3247
17914,6163,4907,3840,3358,9092,6201,3922,3421,5626,4696,3664,3238,3973,3721,3412,3184,-7.86587,-20.5196,8.97074,48.2787
17915,11364,6059,4030,3274,7107,5077,3784,3385,4085,3880,3575,3143,3389,3404,3167,3070,-21.2854,-26.8598,8.69818,47.862
17916,5736,5948,4360,3490,6844,7641,4396,3497,4540,4649,3744,3351,3775,3622,3516,3228,-10.7659,-13.6901,8.84968,48.2247
17917,7037,9777,5282,3795,4874,5310,4408,3684,3716,3933,3587,3266,3346,3414,3253,3229,-33.2302,-10.1959,8.66881,47.9407
17918,3251,3906,5771,9683,3424,3883,5168,8578,3284,3500,4004,4498,3104,3188,3496,3583,-16.5354,26.5856,8.89921,48.214
17919,3369,4080,7089,11080,3461,3982,5079,6271,3173,3483,3828,4024,3118,3369,3445,3382,-24.3975,21.2408,8.85205,48.1553
17920,3097,3267,3443,3391,3204,3424,3831,3883,3355,3778,4636,6116,3422,3978,6076,12535,26.2247,31.1603,8.57784,47.624
17921,3470,3751,3595,3423,3894,4729,4213,3674,4658,7483,6117,4069,4508,5762,5092,4017,10.4564,-2.95859,8.53137,48.3033
17922,3508,3673,3569,3345,3811,4518,4522,3678,4281,7071,6788,4374,4258,5504,5384,4166,10.2644,-0.321137,8.72685,48.3
17923,3104,3378,3452,3488,3245,3629,4208,4371,3469,4169,6371,7120,3455,4303,6798,7832,16.3369,17.1216,8.97419,48.2613
17924,3431,3934,4589,4324,3590,4540,7211,5496,3534,4421,6600,5169,3297,3666,4261,4100,-1.38965,9.71891,8.9996,48.1087
17925,3544,4620,8691,8814,3633,4065,5165,5346,3319,3577,3799,3760,3177,3280,3533,3361,-29.3487,15.436,8.52344,47.7893
17926,4176,4510,4001,3570,5117,7298,4971,3779,4767,6632,4736,3737,4039,4144,3819,3419,-1.67734,-6.93105,8.79184,48.4767
17927,8381,9178,4805,3732,5390,5289,4241,3509,3880,3823,3590,3214,3287,3412,3223,3070,-26.2993,-13.8736,8.57572,48.016
17928,3633,4376,6550,5924,3667,4324,7469,6479,3349,3781,4386,4356,3253,3405,3563,3440,-12.9097,12.8665,8.73119,47.97
17929,3095,3395,3429,3457,3296,3503,3795,4169,3339,3908,5081,7685,3403,3875,5581,10835,19.7161,29.5241,8.55195,47.8973
17930,3333,3987,6646,11944,3303,3866,4882,5919,3258,3561,3856,4080,3246,3212,3415,3512,-32.3186,23.5648,8.54486,48.0133
17931,6827,7875,4602,3760,5836,6589,4469,3649,4072,4278,3702,3405,3480,3509,3294,3066,-17.5036,-12.3292,8.96036,48.2753
17932,3375,3912,5899,12614,3464,3809,4650,5790,3351,3356,3722,3882,3251,3250,3358,3454,-33.6061,33.0877,8.90471,47.4247
17933,3274,3398,3342,3126,3975,3682,3580,3259,6444,4889,3754,3421,12311,5789,3997,3273,24.9034,-29.1125,8.75304,47.676
17934,3175,3624,4125,4257,3380,3852,5477,6430,3494,4102,6320,7556,3233,3790,4424,4909,2.69222,17.8186,8.7968,48.0987
17935,4409,3956,3513,3215,7004,4563,3592,3238,9536,5068,3687,3404,5543,4554,3657,3271,4.06646,-29.9677,8.7071,48.14
17936,12198,6262,3828,3375,6644,4767,3766,3342,3929,3763,3404,3283,3451,3313,3215,3084,-24.0823,-26.457,8.95885,47.7493
17937,4175,3928,3537,3159,6222,4776,3677,3243,8989,5912,3754,3391,5589,4695,3826,3325,5.51871,-21.4672,8.55571,48.132
17938,12421,6036,3965,3364,6023,4757,3772,3404,3724,3872,3400,3240,3369,3415,3298,3202,-30.3296,-32.7631,8.51064,47.508
17939,3250,3217,3393,3350,3300,3439,3805,3793,3352,3815,4557,5929,3389,3795,5970,12678,30.1969,32.6091,8.64463,47.3547
17940,3697,3751,3704,3325,4152,5113,4316,3619,4755,7856,5766,3978,4282,5417,4619,3894,8.11653,-4.5879,8.70738,48.1627
17941,3471,3910,4235,3947,3736,5080,6694,4736,3799,4914,6987,4737,3575,3949,4464,4043,0.48125,5.63461,8.95806,48.1847
17942,3430,3810,6502,12166,3425,3851,4794,6213,3251,3475,3791,3941,3222,3162,3444,3349,-29.0813,24.4986,8.67448,47.884
17943,3367,3977,6283,12217,3434,3729,4784,6231,3276,3556,3834,3931,3041,3174,3407,3394,-27.1126,27.2909,8.65916,47.7567
17944,3293,3549,4112,4053,3480,4054,5457,5622,3548,4238,7346,6871,3447,3841,4831,4836,4.06523,14.4181,8.98463,48.3853
17945,6905,9645,5521,4039,4878,5515,4265,3736,3795,3893,3615,3303,3387,3409,3325,3084,-24.7976,-9.83478,8.79063,48.21
17946,4561,4353,3760,3397,6326,6868,4282,3617,5936,5991,4155,3482,4265,4117,3713,3387,-1.32708,-14.0932,8.6024,48.14
17947,3155,3307,3532,3506,3208,3645,4023,4766,3405,3746,5163,9092,3404,3837,5273,8787,14.3461,32.7715,8.90044,47.8993
17948,6788,9823,5611,3995,4850,5476,4391,3694,3749,3803,3615,3351,3309,3238,3198,3125,-26.7304,-9.43965,8.89859,48.0107
17949,9213,5403,3894,3430,8846,5122,3860,3453,4571,4079,3480,3193,3593,3451,3356,3050,-15.6609,-28.1517,8.55187,47.996
17950,3798,3619,3391,3046,5206,4318,3567,3196,9528,5604,3894,3436,7109,5209,3820,3331,10.8111,-22.9104,8.98224,48.048
17951,9428,8437,4561,3509,5911,5324,4013,3543,3969,3913,3482,3319,3397,3399,3265,3145,-24.7951,-16.4466,8.61166,48.41
17952,3849,3718,3458,3197,5664,4531,3760,3247,9226,6087,3894,3276,6384,5043,3805,3279,8.43746,-21.926,8.83001,48.2787
17953,10206,5727,3945,3322,7937,5090,3825,3370,4449,4005,3493,3210,3506,3550,3224,3096,-18.4308,-28.6825,8.55124,47.97
17954,3401,3725,4953,5482,3427,4133,6690,8001,3501,3891,5013,5702,3166,3453,3857,4093,-6.28919,18.0177,8.59461,48.3253
17955,4657,4120,3577,3217,7429,5259,3720,3408,8041,5549,3928,3417,4758,4264,3637,3218,0.95829,-21.9204,8.64337,48.1327
17956,3498,3831,4323,4013,3704,5052,6689,4755,3904,4890,6941,4802,3541,3956,4336,4083,0.43285,6.49131,8.7933,48.212
17957,3330,3460,4419,5296,3401,3898,5184,9053,3360,3799,4843,7134,3218,3350,3947,4372,-3.25375,25.2988,8.63114,48.0427
17958,3380,3477,3218,3038,4019,3811,3483,3214,6505,4980,3809,3325,12069,6505,3996,3407,24.934,-24.1473,8.9671,48.1573
17959,3260,3284,3341,3345,3492,3688,3803,3623,4041,4682,5287,4356,4447,7457,8970,5134,26.3246,2.43411,8.78599,48.14
17960,3259,3531,3559,3415,3540,3907,4489,4067,3837,5375,7995,5054,4047,4969,6637,5025,12.605,6.32347,8.87857,48.4707
17961,3250,3402,3302,3118,3835,3870,3555,3443,5079,6033,4412,3736,6895,9122,5036,3826,22.3112,-10.7775,8.62195,47.9427
17962,3105,3230,3461,3437,3292,3513,3905,4478,3352,3966,5340,8127,3383,3875,5804,9913,17.6554,25.4218,8.75619,48.1207
17963,3197,3520,4127,4572,3389,3928,5296,7477,3377,3809,5509,8062,3342,3649,4290,4888,1.20951,22.4254,8.64233,48.288
17964,3941,4633,4752,4134,4265,6752,6961,4323,3946,4948,4960,3916,3476,3827,3807,3528,-6.48102,0.276501,8.65506,48.1127
17965,3733,3560,3459,3153,5119,4198,3536,3258,9721,5202,3766,3282,7651,5039,3852,3309,11.5771,-29.572,8.85214,47.892
17966,3212,3256,3705,4045,3255,3656,4390,6106,3374,3761,5128,9822,3308,3732,4832,6280,7.58707,31.8968,8.54598,47.908
17967,12712,6009,3864,3316,6025,4851,3752,3351,3973,3750,3500,3202,3399,3487,3298,3190,-29.1244,-29.0645,8.83577,47.786
17968,6490,9486,5597,3835,5087,5762,4463,3673,3811,3878,3563,3391,3317,3406,3293,3158,-23.0517,-8.91513,8.78977,48.14
17969,3133,3192,3488,3481,3295,3640,4077,4176,3571,4219,6026,6677,3416,4225,7276,8493,18.4288,17.2504,8.70587,48.2567
17970,5110,9084,7339,4433,4279,5060,4803,3868,3507,3822,3664,3555,3373,3375,3390,3228,-32.0479,-2.34553,8.81333,47.9267
17971,3397,3680,4466,5121,3448,4087,6351,8024,3246,3831,5251,6222,3252,3574,4018,4171,-4.0072,18.3113,8.73308,48.0927
17972,3271,3382,3189,3177,3848,3957,3496,3256,5169,5546,4297,3555,7412,9667,5156,3779,24.8661,-11.1493,8.94958,48.1047
17973,3697,3987,3732,3493,4396,5862,4671,3648,4996,7721,5564,3862,4120,4731,4220,3596,3.88337,-5.38675,8.68574,48.1973
17974,3292,3505,3374,3253,3863,4078,3788,3499,4882,6865,5296,3956,5138,7592,5804,4018,16.5202,-5.16901,8.64932,48.1353
17975,3644,4187,7453,11111,3470,3851,5039,5827,3149,3483,3755,4020,3100,3227,3390,3274,-27.667,20.2383,8.80198,47.9867
17976,10487,5882,3910,3442,7688,5090,3723,3327,4185,3870,3527,3196,3544,3385,3254,3048,-18.9732,-32.4416,8.61438,47.7053
17977,3512,4215,7455,9904,3398,4032,5352,6329,3269,3544,3931,4015,3053,3341,3385,3506,-22.2974,18.9337,8.97724,48.1607
17978,3567,3866,4154,3878,3730,4908,6393,4512,3890,5199,7271,4738,3689,4042,4421,4078,1.5348,5.36592,8.96917,48.224
17979,3672,4135,5370,5030,3636,4731,8254,6013,3489,3979,5191,4666,3235,3464,3870,3737,-7.72147,10.3823,8.85764,48.3147
17980,3502,3424,3288,2995,4333,3975,3518,3181,7433,5682,4059,3471,9004,6746,4161,3382,17.9708,-19.5535,8.98867,48.1027
17981,4105,4161,3763,3362,5300,5993,4147,3476,5993,7410,4521,3708,4511,4650,3864,3558,3.317,-11.4261,8.74395,48.348
17982,3018,3277,3367,3364,3356,3464,3795,3729,3465,3783,4744,5955,3420,3975,6012,12741,28.7319,32.6355,8.62209,47.6433
17983,10032,5674,3878,3355,8102,5107,3818,3392,4457,3911,3535,3194,3615,3382,3217,3113,-17.5667,-28.629,8.79753,47.8547
17984,3346,3872,5153,6547,3521,3897,6212,8916,3278,3737,4549,5413,3145,3319,3608,3938,-9.41804,20.7554,8.86351,48.3007
17985,3024,3218,3378,3306,3222,3433,3776,3971,3413,3785,4727,5946,3238,3914,6409,12336,32.4315,25.5021,8.89986,47.3973
17986,3503,3476,3396,3136,4495,4272,3713,3339,7411,6532,4159,3462,7400,6371,4172,3379,14.8342,-17.2377,8.82111,48.144
17987,3136,3244,3407,3369,3282,3422,3759,3943,3441,3982,5308,5827,3583,4434,8172,9536,24.3431,17.1852,8.84912,47.8967
17988,3120,3263,3326,3386,3272,3614,3885,3860,3450,4012,5055,5668,3485,4596,8236,9748,27.4866,16.7163,8.54576,47.984
17989,3759,3670,3377,3154,4975,4319,3585,3279,8869,5923,3942,3414,7291,5289,3896,3377,11.958,-21.7464,8.65016,48.0793
17990,3056,3257,3407,3412,3304,3510,3875,3821,3445,4017,5128,5344,3551,4487,8562,9267,30.6497,15.9611,8.66111,47.6287
17991,10063,8251,4409,3618,5501,5243,3950,3462,3979,3883,3466,3299,3458,3314,3220,3109,-31.7755,-17.4257,8.55937,48.15
17992,11069,7425,4170,3473,5937,4923,3902,3499,4046,3944,3578,3092,3377,3322,3198,3045,-27.0438,-20.7341,8.58807,48
17993,6588,9950,5669,3873,4727,5335,4611,3676,3676,3879,3639,3364,3356,3344,3335,3168,-31.2399,-8.39247,8.64156,48.1267
17994,3906,4965,5949,4547,3950,5691,7875,5000,3622,4104,4707,4056,3252,3608,3517,3551,-10.4779,5.39406,8.75031,48.2
17995,3131,3480,3955,4248,3365,3685,4572,6722,3286,3727,5328,9629,3261,3700,4469,5712,5.01289,27.7456,8.76876,48.18
17996,3391,3729,4811,6361,3395,3849,5339,9758,3298,3664,4464,6089,3133,3399,3760,4032,-7.70554,25.9931,8.57092,48.3147
17997,3142,3341,3449,3599,3184,3566,3973,4609,3443,3848,5125,8313,3394,3835,5602,9565,16.3845,27.2386,8.61596,47.992
17998,7878,6500,4075,3318,7556,6166,4029,3584,4447,4069,3594,3223,3453,3508,3283,3055,-15.437,-18.612,8.62261,47.8253
17999,9434,5667,3930,3413,8347,5208,3858,3485,4535,4050,3577,3310,3498,3464,3309,3031,-16.7154,-26.113,8.56572,48.0773
18000,3346,3740,4499,5095,3578,3966,5954,8215,3267,3867,5117,6500,3222,3500,4002,4374,-3.37116,20.0082,8.58108,48.1613
18001,5838,4669,3688,3283,9385,5521,3800,3436,6423,4604,3618,3359,4163,3966,3326,3120,-5.73596,-23.8978,8.53401,48.1327
18002,3069,3246,3463,3498,3151,3407,3997,4144,3442,3943,5452,6661,3446,4265,7343,9546,21.0576,18.9443,8.7578,48.0487
18003,3690,4074,3850,3490,4197,5644,5073,3805,4568,7132,6025,4009,4014,4591,4415,3893,4.1196,-2.67881,8.72099,48.3133
18004,3273,3546,4316,5058,3399,3782,5204,8681,3343,3759,4926,7405,3281,3468,4069,4514,-2.0893,24.6374,8.764,48.016
18005,4384,5640,5090,4028,4742,7493,6147,4111,3849,4678,4279,3705,3450,3614,3604,3349,-10.2339,-3.11568,8.86148,48.1087
18006,3393,3352,3197,3141,3915,3747,3419,3310,6110,4738,3793,3261,12729,5959,3983,3359,28.3477,-28.8012,8.89663,47.604
18007,3414,3493,3612,3515,3834,4312,4379,3826,4277,6694,7083,4438,4145,5357,5632,4354,10.5804,0.777225,8.85435,48.2433
18008,12464,6162,3892,3421,6302,4770,3846,3394,4002,3687,3404,3203,3397,3390,3179,3103,-25.5354,-27.1788,8.83803,47.744
18009,5275,4525,3795,3212,8302,6178,3829,3430,6548,5255,3891,3411,4204,3910,3582,3158,-3.64851,-20.2467,8.63359,48.3367
18010,3183,3454,3895,4301,3278,3743,4702,6792,3414,3853,5055,9541,3283,3692,4510,5441,4.29294,29.2696,8.89282,48.0913
18011,5945,4501,3722,3349,9698,5414,3665,3440,6315,4547,3714,3314,4081,3883,3492,3097,-5.91013,-28.0613,8.73774,48.118
18012,5622,9359,6971,4241,4556,5067,4634,3851,3642,3852,3641,3492,3265,3354,3389,3198,-30.2315,-4.23599,8.71256,48.0893
18013,3131,3541,3864,4184,3288,3716,4668,6744,3310,3800,5121,9315,3385,3764,4552,5388,4.19096,33.3615,8.61634,47.8473
18014,3269,3323,3349,3361,3288,3261,3793,3817,3419,3788,4557,5988,3449,3914,5795,12543,33.2069,31.994,8.70087,47.276
18015,4568,4455,3693,3377,6864,6371,4119,3462,6219,5972,3892,3479,4472,4127,3723,3386,-1.56426,-16.14,8.60003,48.1193
18016,3588,4335,6204,6057,3558,4425,7440,6515,3372,3776,4522,4441,3236,3388,3601,3608,-12.1502,13.2703,8.5051,48.044
18017,3894,3790,3446,3148,5411,4838,3771,3394,7973,6630,4096,3438,5896,5138,3867,3420,8.15755,-17.688,8.52041,48.1
18018,11386,5945,3945,3419,7033,4965,3845,3325,4225,3943,3533,3235,3409,3389,3218,3107,-21.4172,-28.6309,8.63,47.948
18019,10881,7724,4250,3385,5828,5085,3960,3368,3934,3912,3641,3175,3356,3336,3242,3109,-29.1958,-19.8144,8.58853,48.124
18020,3746,3711,3350,3353,4568,4716,3878,3436,6585,7794,4420,3626,5604,5896,4226,3545,10.457,-12.846,8.7522,48.3027
18021,3396,3521,3290,3138,3987,3891,3621,3325,5870,6247,4107,3559,7697,8309,4662,3642,20.1521,-14.1433,8.72627,48.1747
18022,3112,3129,3315,3422,3244,3460,3919,4056,3441,3872,4757,6894,3334,4025,5866,11767,22.4396,31.015,8.5078,47.742
18023,3132,3235,3391,3473,3198,3423,3974,4186,3457,3895,5205,7110,3315,4071,6525,10434,20.7872,22.9648,8.54856,48.016
18024,3123,3362,3671,3525,3263,3668,4491,4661,3478,4028,6842,7619,3413,4092,6008,6624,12.3707,17.0265,8.91563,47.912
18025,6912,9574,5531,3858,4950,5568,4418,3673,3917,3870,3574,3363,3301,3401,3284,3116,-24.8227,-10.0917,8.69605,48.2067
18026,3994,5444,8667,6235,3799,4577,6338,5101,3483,3627,4043,3819,3237,3250,3503,3328,-20.5423,8.32057,8.68273,48.2967
18027,9192,9109,4502,3632,5358,5230,3952,3541,3832,3831,3517,3245,3415,3435,3326,3118,-31.7969,-15.1138,8.99148,48.1567
18028,3185,3559,3847,4192,3333,3817,5058,6297,3375,3886,6039,8540,3309,3798,4621,5463,4.8795,20.6982,8.51392,48.2127
18029,3096,3162,3417,3483,3253,3423,3957,3857,3496,3974,5136,5451,3513,4505,8170,9941,31.1029,17.623,8.56555,47.8893
18030,4251,7081,9256,5435,3965,4667,5120,4317,3581,3791,3847,3636,3195,3343,3403,3370,-32.5678,3.55442,8.80953,48.172
18031,3479,3837,5422,7898,3508,3922,5744,8771,3301,3488,4335,4945,3164,3378,3628,3643,-13.0388,23.4668,8.70192,48.3087
18032,3525,3373,3298,3086,3886,4129,3534,3369,5557,6554,4468,3614,6670,8431,4992,3678,18.7557,-10.8791,8.74234,48.1093
18033,4852,4974,4025,3487,6375,7678,4574,3740,5082,5542,4098,3469,3935,3896,3555,3277,-5.46144,-12.2541,8.69345,48.3727
18034,8606,5635,3933,3328,8622,5552,3951,3302,4734,4057,3592,3287,3494,3557,3275,3213,-14.8978,-23.9346,8.89039,48.092
18035,5243,9076,7487,4561,4284,5214,4858,3982,3636,3725,3648,3542,3230,3381,3317,3249,-26.1985,-2.22735,8.94638,48.2887
18036,7010,9689,5463,3827,5002,5522,4296,3741,3737,3828,3550,3364,3252,3375,3285,3173,-25.3906,-9.78942,8.75503,48.076
18037,3467,4678,8665,9409,3451,3990,5193,5518,3283,3526,3771,3828,3214,3240,3339,3332,-28.6543,16.1965,8.77798,47.936
18038,3500,3357,3234,3160,4623,4004,3565,3282,9071,5128,3828,3349,9142,5359,3942,3450,15.2545,-32.5897,8.81332,47.996
18039,3506,3568,3467,3273,4032,4578,4189,3665,5119,7822,5451,3870,4803,6179,4913,3909,11.5427,-5.71427,8.67876,48.2293
18040,3712,3442,3343,3126,4817,4233,3622,3199,9052,5550,3835,3369,8394,5457,3866,3385,13.7538,-24.747,8.88573,48.268
18041,3504,3408,3361,3109,3966,4092,3722,3241,5655,6384,4314,3590,7212,8525,4911,3719,19.2158,-11.8913,8.91981,48.4753
18042,2998,3187,3368,3310,3188,3461,3862,4084,3498,3826,4972,7043,3232,3916,5815,11626,21.853,31.7577,8.73059,47.5907
18043,5398,9027,7172,4367,4348,5455,4925,3928,3624,3834,3743,3479,3306,3225,3346,3184,-24.934,-3.2333,8.94572,48.2407
18044,3396,3990,5518,8110,3392,3886,5436,8763,3252,3591,4193,4770,3071,3348,3552,3673,-13.9368,23.8196,8.50577,47.9607
18045,3047,3192,3330,3481,3218,3587,3876,3904,3512,4158,5045,5364,3575,4890,9077,8745,28.3363,14.5303,8.62005,48.0007
18046,6937,6670,4240,3470,7025,6777,4305,3510,4470,4251,3691,3226,3483,3604,3345,3157,-14.4458,-15.827,8.88051,48.1073
18047,4315,3991,3421,3265,7076,4878,3645,3455,9178,5213,3787,3306,5241,4347,3585,3312,3.26578,-33.5567,8.78583,48.01
18048,3944,4794,4952,4201,4245,6616,7102,4424,3855,4780,4983,3899,3522,3674,3756,3518,-6.66242,1.06296,8.62102,48.1767
18049,3787,3822,3597,3246,4584,5103,4061,3525,5750,8288,4909,3720,4724,5344,4264,3624,7.77759,-9.28928,8.50563,48.232
18050,3498,4277,7856,10401,3363,3976,5113,5750,3240,3582,3868,3822,2988,3186,3467,3351,-27.9643,18.637,8.71045,47.8253
18051,3425,3841,5155,7865,3460,3824,5212,9594,3315,3563,4232,4891,3185,3271,3638,3640,-12.1747,32.7343,8.77643,48.074
18052,10644,7882,4240,3231,5721,5053,3993,3526,3866,3667,3477,3196,3239,3389,3275,3185,-29.166,-18.9158,8.92309,47.7227
18053,3362,3873,5523,9022,3439,3743,5312,8862,3317,3547,4056,4694,3017,3330,3565,3474,-15.307,27.1924,8.69294,48.0907
18054,3354,3798,4634,6036,3363,3774,5298,9586,3315,3624,4484,6465,3137,3320,3755,4068,-6.49201,28.1478,8.51965,48.0073
18055,12459,6237,3959,3368,6088,4662,3831,3354,3837,3853,3416,3314,3435,3328,3229,3097,-27.9403,-26.656,8.81896,47.6447
18056,6270,8128,4831,3831,5649,6890,4424,3640,3990,4088,3788,3456,3391,3481,3229,3168,-17.5691,-10.9396,8.9273,48.1693
18057,11170,7489,4195,3352,5936,4980,3858,3385,3859,3880,3492,3252,3380,3365,3253,3072,-27.5621,-20.7412,8.68432,47.9453
18058,3529,3867,6193,12386,3277,3893,4689,6443,3201,3432,3817,4022,3064,3222,3322,3424,-25.3932,27.0761,8.70168,47.854
18059,5998,5802,4301,3561,7291,7416,4361,3466,4602,4612,3683,3333,3620,3665,3424,3173,-10.8576,-14.948,8.96049,48.2053
18060,10812,7573,4437,3352,5761,5053,3911,3312,4020,3837,3541,3154,3509,3338,3216,3122,-26.567,-19.7441,8.84217,47.9653
18061,11737,7001,4116,3373,6012,4913,3907,3505,3874,3680,3419,3261,3467,3389,3206,3067,-29.6355,-22.1563,8.68992,47.9513
18062,6781,7000,4469,3614,6514,6793,4456,3545,4282,4194,3710,3335,3561,3521,3313,3169,-15.3875,-14.196,8.82299,48.1713
18063,3289,3541,3960,4299,3383,3763,5231,6345,3356,3962,6279,8316,3302,3694,4603,5238,3.91319,19.4509,8.98453,48.374
18064,7222,9050,5097,3616,5282,5997,4395,3568,3850,3958,3595,3295,3434,3568,3336,3185,-21.9742,-11.3727,8.86363,48.2987
18065,9256,6190,3795,3394,7834,5560,3864,3588,4486,4074,3578,3288,3643,3501,3321,3149,-17.4807,-22.3313,8.50313,48.3473
18066,3055,3219,3365,3311,3288,3460,3783,3885,3464,3870,5111,5874,3588,4190,7923,10445,27.0779,18.6929,8.79607,47.8873
18067,4560,5302,4449,3717,4942,7938,5792,3958,4207,5330,4235,3712,3509,3838,3604,3365,-7.35206,-5.26847,8.71822,48.3053
18068,6198,9606,5724,3822,4849,5711,4496,3906,3759,3838,3586,3409,3300,3425,3240,3229,-24.103,-8.05859,8.66413,48.0653
18069,3283,3862,4693,4466,3505,4430,7050,6078,3551,4164,6188,5486,3344,3710,4270,4045,-2.59703,12.5809,8.56898,48.0833
18070,3164,3321,3771,3977,3337,3606,4336,5874,3388,3723,5294,9982,3311,3846,4758,6662,8.29472,29.1892,8.62095,48.2333
18071,3295,3568,3855,3780,3511,4078,5284,4488,3596,5046,8035,5634,3535,4199,5220,4730,7.1914,9.18362,8.58049,47.9027
18072,3453,4614,8657,9094,3519,3971,5185,5472,3222,3546,3813,3905,3196,3308,3353,3341,-27.9367,15.723,8.82524,47.766
18073,4010,5593,7773,5407,3916,5078,6648,4864,3576,3874,4154,3819,3220,3431,3534,3310,-17.33,5.47769,8.64419,48.138
18074,3410,3862,5563,7989,3409,3843,5670,8903,3283,3523,4212,4858,3075,3287,3590,3709,-13.2468,23.4642,8.7941,48.124
18075,9993,5714,3935,3503,8408,5135,3703,3265,4444,3974,3503,3213,3504,3579,3261,3105,-17.0453,-26.7283,8.88281,48.1593
18076,3874,3802,3360,3149,5244,4742,3806,3336,7959,7001,4214,3406,5773,5149,3935,3411,8.18107,-17.2921,8.81455,48.1073
18077,3430,3662,3726,3563,3971,4552,4772,4000,4180,6797,6961,4494,3898,5178,5183,4201,8.31114,0.629182,8.50776,48.3787
18078,3452,3486,3279,3019,4263,3947,3536,3203,7823,5044,3850,3347,10489,5592,3897,3444,18.5499,-32.2586,8.70441,47.7807
18079,3260,3927,5365,7642,3278,3914,5698,9196,3269,3542,4354,5040,3123,3266,3544,3732,-12.1868,23.384,8.9663,48.1
18080,8941,5569,3866,3232,9100,5180,3780,3300,4752,3996,3449,3283,3615,3586,3313,3032,-15.1427,-26.4029,8.96095,47.996
18081,5190,4395,3480,3223,8921,5278,3697,3311,7412,5026,3664,3200,4403,4160,3477,3204,-2.22865,-25.7146,8.66478,48.0273
18082,6567,8980,5394,3846,5073,6017,4538,3738,3892,3983,3701,3372,3343,3383,3357,3200,-21.363,-9.68376,8.63077,48.256
18083,12285,6103,4061,3466,6370,4886,3702,3508,3879,3665,3338,3182,3302,3346,3226,3069,-26.187,-33.6075,8.57116,47.592
18084,3385,3475,3227,3303,3901,3784,3435,3265,5931,4637,3787,3343,12581,5990,3873,3415,31.7058,-32.6958,8.75295,47.5547
18085,3399,3339,3269,3097,3862,3864,3511,3320,5421,5317,4076,3493,9396,8712,4541,3500,25.8807,-16.0252,8.99108,48.078
18086,3386,3813,5184,8878,3437,3772,5159,9107,3328,3616,4098,4843,3039,3221,3459,3585,-14.4292,27.8415,8.8859,47.95
18087,3310,3938,6289,12613,3310,3827,4747,6215,3293,3393,3662,3960,3169,3261,3375,3437,-28.4276,26.8056,8.61722,47.866
18088,4110,4382,3909,3655,4721,6715,4881,3724,4760,6845,5076,3854,3881,4376,4007,3565,0.424749,-6.15916,8.60908,48.3073
18089,3422,3410,3255,3112,3974,3856,3426,3198,6122,5114,3857,3430,11188,7122,4068,3389,25.2798,-21.5509,8.53358,47.962
18090,4437,7216,8947,5389,4041,4706,5071,4355,3507,3765,3707,3629,3200,3290,3266,3247,-27.5117,2.92119,8.59201,47.8487
18091,3131,3384,3479,3460,3368,3688,4115,4098,3553,4462,6859,6128,3611,4623,7536,6784,16.9325,12.7945,8.90294,48.186
18092,3779,4001,3811,3465,4569,6071,4705,3723,4901,7301,5502,3839,4172,4616,4161,3674,3.73712,-5.78533,8.51415,48.1933
18093,12545,6159,3833,3527,6269,4745,3914,3269,3864,3839,3475,3309,3351,3400,3139,3082,-26.3552,-29.8365,8.83973,47.8133
18094,3260,3392,3367,3187,3531,3771,3717,3566,4073,5020,5047,4165,4773,8078,8312,4940,28.4206,0.49001,8.53011,48.1327
18095,3603,3415,3161,3042,4389,3971,3495,3301,7808,5335,3785,3519,10003,6107,3994,3437,18.7292,-23.6553,8.66694,48.2433
18096,3877,4058,3628,3403,4941,5897,4096,3481,6157,7739,4695,3565,4636,4884,3895,3480,4.42488,-11.5174,8.92103,48.288
18097,4437,4051,3533,3204,6636,5555,3854,3422,7738,6194,4007,3387,4925,4553,3707,3263,2.41876,-18.6861,8.90488,48.3107
18098,3092,3265,3313,3514,3231,3597,3793,3929,3454,3949,5196,5606,3537,4439,8537,9879,32.0013,16.6217,8.90052,48.2207
18099,6036,9943,6326,4025,4597,5357,4530,3764,3691,3762,3758,3371,3265,3246,3294,3176,-26.6771,-6.33939,8.93012,48.094
18100,4585,7850,8888,5061,4107,4834,5078,4331,3510,3851,3765,3652,3252,3323,3349,3214,-30.1815,1.57212,8.68664,48.4333
18101,3252,3356,3595,3768,3193,3520,4057,4962,3356,3770,5297,9495,3363,3905,5195,7871,12.3078,26.4043,8.70634,47.97
18102,3271,3767,5319,8527,3478,3786,5203,9191,3280,3517,4010,4867,3198,3319,3508,3650,-14.2005,29.6867,8.95433,47.9273
18103,3689,4762,8763,7906,3523,4155,5810,5511,3264,3657,3870,3941,3156,3243,3403,3365,-22.7569,13.5914,8.50822,48.012
18104,10138,7992,4286,3427,5574,5202,4060,3483,3969,3885,3512,3238,3374,3396,3249,3114,-33.6349,-18.1155,8.65337,47.9327
18105,3591,3535,3218,3114,4390,4005,3413,3212,8262,5130,3793,3434,9713,5647,3959,3490,17.1318,-33.1323,8.59233,47.9373
18106,3397,3731,4250,4105,3461,4350,6322,5258,3675,4587,7348,5547,3515,3877,4582,4340,1.90994,10.148,8.60078,48.23
18107,3393,3983,4923,4948,3673,4417,7681,6795,3298,3988,5374,5192,3293,3451,4071,4075,-5.37985,13.6648,8.88287,48.37
18108,3893,4738,5297,4261,4018,6129,7639,4711,3720,4537,4914,3988,3475,3593,3799,3568,-8.13362,3.339,8.50049,48.1867
18109,4917,4202,3661,3260,8691,4984,3765,3418,7947,4897,3856,3310,4569,4050,3524,3315,-0.905955,-32.2172,8.98258,48.244
18110,3259,3594,4369,5188,3321,3705,5189,8675,3317,3765,5176,7267,3262,3480,4021,4590,-2.25301,23.9662,8.63301,48.1187
18111,12323,5984,3924,3373,6191,4817,3815,3365,3858,3795,3416,3241,3397,3363,3153,3068,-25.4016,-31.4525,8.56268,47.3887
18112,3334,3836,4929,5475,3460,3822,6603,8272,3331,3577,4905,5739,3182,3486,3858,4081,-6.08896,18.9362,8.86643,47.9267
18113,3473,3606,3363,3210,3870,4228,3921,3629,4881,7395,5498,3902,4934,6743,5186,4000,13.9897,-5.05874,8.65225,47.8927
18114,3641,3637,3361,3177,4848,4384,3786,3295,8118,6443,4193,3580,6851,5607,3945,3364,12.0775,-18.4122,8.71452,48.1533
18115,3363,3387,3307,3197,3758,3864,3563,3358,5505,5315,4103,3628,8324,9170,4917,3770,25.9454,-13.7249,8.73952,48.3527
18116,4125,4393,4205,3574,4807,7130,5397,3846,4612,6195,4924,3787,3859,4160,3902,3545,-1.80216,-4.94952,8.89295,48.3073
18117,3416,3949,5818,10907,3290,3746,5045,7626,3172,3450,3880,4354,3081,3303,3365,3520,-19.8108,27.3827,8.84209,47.948
18118,3453,3975,5509,8950,3501,3787,5157,8746,3333,3519,4054,4495,3126,3221,3487,3576,-15.5257,33.9544,8.61406,47.926
18119,11651,6581,4095,3453,6571,4860,3820,3345,3989,3814,3458,3216,3391,3304,3208,3069,-23.985,-23.8912,8.53505,47.8833
18120,5040,5866,4372,3612,5901,8153,4771,3726,4349,5018,3963,3453,3667,3793,3568,3199,-9.92437,-10.0355,8.92629,48.3007
18121,3371,3394,3167,3059,4011,3916,3517,3159,6466,5122,3908,3328,10840,7203,4233,3472,23.8703,-20.8044,8.83748,48.1107
18122,3970,4234,3905,3538,4737,6880,4996,3774,4749,6849,4923,3702,4039,4385,3951,3449,0.181731,-6.55814,8.56047,48.054
18123,3094,3275,3494,3341,3313,3624,3890,3948,3628,4020,5677,5894,3686,4565,8426,8462,21.8602,15.0831,8.74155,48.2247
18124,3447,3990,5700,10696,3336,3774,5137,7941,3303,3524,4003,4388,3167,3322,3301,3503,-18.5884,28.9621,8.9025,48.3547
18125,3215,3280,3486,3336,3365,3459,3776,3943,3352,3732,4781,6087,3394,3877,6203,12576,28.0236,28.4324,8.6151,47.908
18126,3294,3476,3462,3379,3690,4197,4161,3691,4515,6512,5989,4203,4651,6806,6166,4274,15.5429,-1.72782,8.60642,48.3107
18127,3403,3852,6012,12595,3364,3801,4775,6140,3216,3355,3653,3933,3140,3234,3392,3304,-26.6486,32.5733,8.60602,47.446
18128,3178,3365,3418,3389,3369,3783,4167,4002,3711,4632,6847,5304,3887,5161,8187,6101,18.0397,9.08937,8.85647,48.334
18129,3252,3618,3798,3812,3404,3980,5066,4620,3575,4576,7983,6494,3508,4093,5224,4987,7.52185,11.9429,8.89411,47.9933
18130,5325,9796,6656,4314,4463,5160,4654,3822,3602,3847,3717,3442,3352,3405,3275,3196,-33.8794,-4.31043,8.93484,48.0173
18131,3252,3668,4583,5797,3256,3894,5465,9425,3221,3638,4722,6670,3220,3463,3796,4273,-4.72419,25.2051,8.97668,48.2287
18132,4634,4004,3496,3212,7704,4817,3674,3292,8823,5203,3749,3342,5015,4123,3587,3262,1.74675,-26.6305,8.72545,47.958
18133,4142,3904,3473,3234,5426,5252,3874,3401,7170,7293,4235,3409,5044,4891,3848,3332,5.19839,-14.9212,8.78338,47.952
18134,3107,3228,3366,3405,3166,3570,3815,3862,3398,3824,5207,5565,3461,4324,7927,10595,30.1488,18.6783,8.79617,47.88
18135,3149,3363,3399,3256,3440,3737,3864,3681,3985,4931,5458,4414,4447,6888,8954,5392,25.238,3.73964,8.50271,48.2387
18136,3574,3470,3333,3143,4413,4020,3571,3252,8154,5050,3916,3411,10119,5680,3641,3474,17.385,-29.5199,8.73102,48.1473
18137,12528,6290,3932,3432,6174,4769,3749,3312,3990,3769,3433,3194,3450,3415,3347,3144,-33.154,-26.2719,8.68518,47.952
18138,5022,8775,7569,4507,4238,5156,4829,4181,3628,3760,3633,3459,3180,3333,3296,3312,-31.3018,-1.75973,8.59654,47.9187
18139,6162,4712,3668,3233,9982,5328,3880,3408,5936,4432,3623,3300,4004,3755,3281,3092,-7.30815,-33.7188,8.89298,47.864
18140,3246,3342,3217,3173,3839,3806,3632,3298,4839,5472,4232,3643,6919,9843,5592,3873,26.1061,-9.46156,8.67755,47.9773
18141,3340,4039,6975,12090,3353,3816,4915,5991,3211,3448,3718,3783,3092,3209,3446,3379,-28.5657,23.3752,8.94377,47.87
18142,3119,3447,3690,3514,3309,3846,4487,4243,3650,4714,7708,5831,3694,4660,6768,5660,13.547,10.7739,8.63478,48.2267
18143,3603,3643,3685,3469,3857,4749,4733,3919,4381,7097,6792,4324,4136,5079,5053,4147,8.46645,-0.753042,8.83344,48.4447
18144,3403,3970,6287,12330,3344,3748,4892,6344,3194,3407,3808,4012,3092,3289,3310,3350,-26.1033,28.7567,8.51613,47.8533
18145,3192,3223,3448,3336,3221,3501,3822,3980,3310,4035,4977,5538,3481,4398,8279,10231,30.6352,17.6048,8.91575,47.9813
18146,3400,3681,4121,3834,3664,4470,6086,4817,3906,5023,7687,5208,3562,4085,4742,4432,3.34227,7.6997,8.8152,48.4787
18147,3080,3199,3384,3448,3175,3417,3822,4051,3425,3842,4992,6248,3343,3976,6403,12130,26.4772,25.4408,8.59562,47.9567
18148,3630,3741,3543,3406,4075,5020,4425,3689,4993,7866,5902,3929,4427,5378,4696,3836,8.267,-4.69105,8.61757,48.3707
18149,6745,5066,3726,3362,9261,5728,3933,3414,5674,4467,3626,3333,3901,3729,3435,3097,-9.43171,-23.315,8.58861,48.3313
18150,9700,8024,4400,3453,5794,5272,4060,3509,4053,3780,3423,3178,3510,3292,3218,3189,-24.6965,-17.3246,8.64536,47.9033
18151,6044,9633,6152,4030,4799,5554,4585,3867,3784,3867,3728,3491,3289,3344,3251,3085,-25.2465,-6.7104,8.95055,48.3353
18152,5700,5911,4225,3616,6602,7894,4473,3503,4374,4708,3737,3427,3797,3727,3537,3174,-10.3372,-12.7397,8.8234,48.27
18153,3066,3196,3428,3459,3334,3474,4002,4221,3453,3752,4936,7117,3448,3810,5893,11494,21.8313,28.9785,8.74189,48.0553
18154,3745,4839,7491,5870,3573,4720,7290,5799,3391,3713,4281,4085,3133,3380,3528,3485,-15.7755,10.2461,8.83793,48.2153
18155,3567,3441,3322,3079,3962,3787,3435,3149,5965,4849,3755,3285,12516,6239,3808,3264,31.6748,-25.6777,8.76303,47.6153
18156,3331,3826,5151,7053,3392,3871,5597,9362,3248,3613,4274,5462,3182,3352,3668,3747,-9.98636,23.1127,8.83828,48.086
18157,3393,3305,3177,3141,3963,3852,3380,3185,5881,4728,3755,3512,12328,6573,4040,3441,28.8589,-25.4011,8.6275,47.7693
18158,3141,3272,3465,3307,3138,3499,3707,4024,3321,3747,4843,6064,3350,3943,6661,12180,32.184,23.8057,8.91648,47.7747
18159,8417,6969,4161,3472,6873,6065,3898,3413,4337,4145,3649,3264,3495,3502,3267,3196,-18.2233,-18.0399,8.54128,48.082
18160,3329,3467,3155,3137,3784,3668,3394,3273,6537,4958,3758,3377,12151,6257,3943,3383,25.2921,-25.872,8.99071,47.714
18161,4004,6017,9571,6044,3702,4589,5744,4765,3423,3612,3744,3736,3126,3272,3405,3289,-23.7516,7.128,8.96232,48.0287
18162,3378,3864,5881,12700,3304,3749,4780,6011,3303,3480,3684,3699,3194,3330,3372,3362,-31.8563,32.039,8.57112,47.394
18163,3161,3196,3407,3332,3149,3534,3903,4014,3540,3876,5089,6039,3528,4365,7663,10453,24.7382,18.9672,8.94631,48.166
18164,4607,6411,6015,4297,4389,6759,6286,4177,3758,4304,4078,3574,3390,3421,3502,3290,-14.3676,-1.33475,8.59558,48.172
18165,3369,3863,6098,12337,3310,3813,4828,6488,3173,3440,3697,4018,3133,3217,3329,3421,-25.7997,28.5084,8.87114,47.6893
18166,3206,3136,3459,3511,3205,3591,3890,4271,3332,3785,5082,7885,3297,3927,5786,10522,18.8889,26.5314,8.99948,47.9233
18167,6702,4771,3784,3296,9738,5342,3760,3453,5635,4481,3622,3276,3900,3792,3311,3081,-8.8788,-28.0273,8.54352,47.9627
18168,3294,3766,4619,5122,3428,4092,6510,7774,3433,3895,5468,6146,3163,3579,4004,4110,-3.77575,17.4504,8.57704,48.2687
18169,7745,9531,5047,3783,5273,5441,4267,3554,3764,3849,3499,3264,3383,3353,3189,3090,-26.5563,-11.922,8.7471,48.0213
18170,3293,3668,4122,4745,3368,3775,5037,8107,3364,3820,4922,8271,3254,3498,4162,4685,-0.196768,33.7971,8.73415,48.0607
18171,3516,4888,9337,8544,3473,4051,5264,5161,3358,3440,3902,3880,3167,3314,3361,3308,-29.8648,13.5628,8.59361,47.976
18172,5301,5683,4131,3491,6678,7811,4434,3487,4730,4910,3966,3448,3673,3682,3503,3198,-8.751,-13.0911,8.96196,48.084
18173,3287,3473,3542,3523,3608,4060,4516,3920,4096,5698,7318,4886,4020,5189,6606,4746,13.4792,4.5403,8.5108,48.3253
18174,3728,5253,8848,6461,3686,4537,6469,5253,3386,3706,4034,3814,3091,3301,3423,3396,-19.8716,9.82257,8.96014,48.2573
18175,5987,4690,3706,3282,9912,5254,3831,3286,6286,4645,3543,3432,4081,3963,3518,3193,-6.13789,-31.8722,8.68294,48.406
18176,3738,3654,3289,3160,5234,4388,3631,3302,9797,5330,3812,3427,7542,5015,3805,3376,11.273,-27.9493,8.9162,48.3333
18177,3133,3363,3577,3601,3375,3821,4435,4169,3583,4502,7019,6449,3550,4399,6927,6370,14.4542,13.1953,8.74558,48.182
18178,3352,3952,6568,12194,3267,3725,4879,6125,3262,3403,3770,3849,3118,3213,3465,3410,-33.3403,23.4932,8.91703,47.7013
18179,3339,3817,5000,6505,3403,4039,6127,9291,3215,3597,4586,5519,3134,3302,3710,3877,-8.32556,22.0018,8.84258,48.3073
18180,4459,5559,4667,3780,4813,7859,5653,4011,4141,4981,4267,3597,3519,3757,3597,3361,-8.79253,-4.81034,8.52241,48.014
18181,3334,3560,3730,3744,3419,4218,5438,4457,3728,5135,8213,5508,3682,4168,5231,4667,7.0264,8.17836,8.79105,48.1547
18182,3438,3349,3417,3266,3786,3950,3905,3570,4585,6204,5519,4050,4867,7605,6499,4382,18.3722,-2.16336,8.82303,48.2613
18183,6011,7141,4802,3679,5894,7205,4600,3690,4093,4460,3798,3410,3534,3479,3388,3157,-14.728,-10.8625,8.9024,48.2273
18184,4335,4609,3944,3548,5535,7280,4752,3606,5098,6169,4398,3600,4059,4251,3686,3339,-2.25718,-10.1555,8.6241,48.1393
18185,4172,4861,4335,3757,4835,7840,5508,4002,4337,5691,4670,3552,3667,3892,3714,3376,-4.70008,-4.79579,8.84053,48.1393
18186,3549,3889,6102,12548,3460,3688,4739,5964,3338,3411,3661,3851,3184,3179,3350,3346,-30.2584,33.9499,8.81128,47.506
18187,3219,3535,4206,4859,3262,3766,4962,8367,3250,3683,4845,8310,3278,3602,4152,4793,-0.0153926,29.7873,8.92671,48.0593
18188,3420,3606,3664,3500,3839,4544,4802,3816,4145,6480,7329,4486,4052,5001,5267,4311,8.69979,2.03894,8.87697,48.1747
18189,5662,7655,4975,3778,5231,7237,4774,3756,3929,4282,3780,3484,3379,3510,3372,3169,-15.7469,-8.72676,8.70004,47.982
18190,3286,3394,3217,3130,3565,3818,3722,3485,4541,5826,5002,3915,5506,8895,6591,4183,22.0405,-4.23296,8.82542,48.0507
18191,4479,6446,6456,4480,4381,6409,6207,4207,3734,4034,4231,3705,3308,3481,3481,3330,-15.6787,-0.062051,8.56751,48.246
18192,3406,3802,4451,4401,3575,4453,7033,5814,3522,4289,6507,5495,3286,3713,4200,4349,-1.02389,11.7513,8.53001,48.1973
18193,4965,4473,3669,3292,8294,5775,3969,3360,6912,5367,3820,3302,4312,4057,3431,3207,-2.50216,-20.7726,8.84813,48.1367
18194,3423,3886,5453,9274,3451,3797,5080,8760,3362,3433,3982,4635,3218,3283,3386,3593,-15.7247,30.907,8.85259,48.0107
18195,4461,7887,8660,4917,4070,4835,5011,4191,3484,3707,3810,3533,3085,3399,3344,3254,-31.4968,1.5031,8.98778,47.7653
18196,3045,3300,3586,3508,3240,3654,4055,4338,3424,4084,5740,7314,3424,4117,6610,8828,17.2587,19.5786,8.83873,48.178
18197,3680,3631,3367,3112,5257,4361,3499,3240,9171,5794,4021,3506,7311,5209,3908,3364,11.3114,-22.8326,8.71744,48.2873
18198,3418,3926,5884,12409,3434,3812,4730,6127,3301,3370,3848,3861,3124,3210,3323,3322,-26.1117,32.8629,8.66682,47.3993
18199,3221,3376,3374,3222,3709,3780,3605,3428,4450,5114,4719,3947,5811,9599,6623,4156,31.7124,-5.58905,8.51396,48.0893
18200,3223,3301,3382,3284,3540,3675,3818,3598,4147,5196,5318,4188,4756,8013,8206,4877,23.9904,0.344244,8.53597,48.348
18201,3371,3346,3207,3097,4029,3768,3477,3343,6028,4822,3755,3292,12272,6372,3915,3396,32.8762,-25.791,8.54841,47.66
18202,5457,4859,3730,3365,7944,6667,4145,3460,5799,5180,3819,3514,4037,3853,3453,3228,-5.66425,-17.7497,8.64473,48.34
18203,3361,3451,3371,3155,3783,3748,3509,3279,5326,5843,4245,3609,7486,9252,5023,3671,23.4026,-11.9667,8.72503,48.0747
18204,11920,6085,3914,3345,6682,4895,3755,3428,3951,3738,3454,3117,3444,3305,3200,3139,-23.7693,-31.0887,8.68795,47.5813
18205,3137,3264,3484,3508,3203,3523,3975,4275,3488,3892,5231,7852,3422,4035,5987,9958,18.3298,24.2324,8.62428,48.156
18206,4175,4019,3575,3174,6309,5151,3696,3343,8103,6220,3991,3420,5307,4649,3691,3377,4.5278,-19.4113,8.51393,48.1333
18207,3104,3441,3481,3453,3581,3914,4182,3777,3883,5006,6768,4779,4104,5588,7864,5388,17.3817,5.8955,8.56119,48.2087
18208,3419,3970,5452,6894,3386,3977,6108,8748,3242,3661,4271,5056,3228,3415,3804,3758,-11.4158,20.5358,8.78766,48.2593
18209,3380,3987,4737,4431,3697,4692,7500,5725,3571,4411,6194,5234,3401,3665,4078,4002,-2.94989,10.4461,8.88879,48.47
18210,8085,9405,5062,3686,5217,5473,4172,3484,3759,3850,3496,3218,3305,3454,3207,3195,-26.0071,-12.8964,8.7118,48.0453
18211,3195,3250,3245,3390,3270,3632,3972,3928,3549,4026,5330,5440,3544,4683,9079,8748,26.7164,14.526,8.9083,48.1873
18212,6205,9743,6046,3893,4820,5464,4522,3762,3718,3839,3553,3429,3347,3318,3309,3135,-26.7041,-7.3822,8.73292,48.0687
18213,12323,6442,3867,3411,5926,4863,3792,3369,3983,3839,3483,3222,3380,3335,3146,3239,-29.8315,-26.5127,8.54907,47.7467
18214,3143,3145,3374,3393,3168,3448,3765,4059,3409,3673,4827,6441,3390,3879,6397,12188,25.6302,25.7784,8.76008,47.7993
18215,12543,5914,4015,3428,5899,4739,3818,3332,3819,3686,3420,3275,3251,3371,3378,3229,-31.5852,-33.9975,8.71238,47.4113
18216,8545,9318,4869,3552,5325,5304,4186,3527,3813,3884,3533,3298,3365,3374,3261,3120,-32.6082,-13.8325,8.78761,48.1827
18217,3913,3632,3344,3115,5647,4406,3621,3306,9642,5435,3872,3346,6726,4973,3795,3278,9.25025,-26.1749,8.55569,48.034
18218,3723,4892,9331,8303,3533,4131,5288,5204,3317,3630,3849,3870,3120,3284,3359,3447,-29.1252,13.4305,8.52279,48.1873
18219,3292,3847,5253,7913,3415,3855,5404,9577,3308,3645,4083,4839,3167,3311,3649,3611,-12.5313,33.6855,8.78677,48.1127
18220,10424,6600,4051,3447,7105,5272,3723,3377,4055,3859,3462,3272,3461,3483,3218,3130,-20.7034,-22.3913,8.92869,47.9593
18221,3189,3446,3600,3624,3377,3706,4371,4665,3485,4389,7101,7253,3427,4202,5934,6350,11.9478,15.5448,8.81232,48.0793
18222,8351,5295,3853,3330,9216,5133,3844,3413,4801,4017,3646,3293,3678,3390,3323,3204,-13.634,-29.2185,8.54827,47.858
18223,3394,3403,3341,3170,3843,3871,3558,3249,5568,5671,4199,3523,8245,8856,4733,3617,23.3634,-13.96,8.91014,48.1607
18224,3770,3803,3686,3367,4433,5643,4460,3756,5139,7927,5222,3894,4255,4965,4226,3603,5.34344,-6.22424,8.63092,48.0993
18225,5028,6858,5268,3954,4941,7396,5399,3885,3983,4366,3951,3539,3362,3509,3461,3198,-14.0413,-5.66973,8.50222,48.0653
18226,3602,3784,3739,3595,3871,4998,5159,4034,4249,6806,6852,4253,3933,4651,4681,3972,5.1818,0.107939,8.9482,48.1193
18227,3482,3228,3341,3130,3825,3705,3391,3202,5984,4732,3793,3371,12570,6055,3927,3398,30.741,-29.0559,8.78324,47.4227
18228,3520,4380,7085,8552,3477,4111,5884,6755,3271,3433,4059,4247,3154,3382,3570,3373,-18.5489,17.4548,8.63904,48.1687
18229,3356,3613,4548,6096,3361,3783,5140,9861,3187,3546,4488,6079,3151,3466,3787,4048,-6.86158,29.3357,8.62909,47.6733
18230,5530,7878,5656,4057,4913,6876,4961,3773,3850,4066,3660,3411,3390,3527,3359,3171,-17.6494,-6.57074,8.9541,48.052
18231,3761,4125,4177,3781,4080,5834,5908,4276,4226,5997,5998,4247,3727,4164,4230,3766,0.312669,0.12406,8.52264,48.198
18232,11742,6189,4031,3511,6821,4851,3885,3359,4175,3776,3370,3298,3417,3449,3192,3081,-22.7911,-26.0723,8.65676,48.098
18233,5793,4576,3514,3249,9605,5277,3897,3352,6559,4457,3605,3404,4304,3851,3352,3169,-5.79912,-27.0423,8.64988,47.976
18234,3484,3719,3562,3432,3970,4689,4386,3818,4717,7430,6416,4158,4282,5450,5027,3935,9.51813,-2.49516,8.80781,48.3167
18235,3333,3873,4950,4904,3555,4307,7579,6806,3425,3981,5548,5384,3273,3654,3987,4050,-4.96127,14.0701,8.99793,48.406
18236,3071,3200,3508,3502,3246,3550,4056,4504,3348,3906,5574,7938,3348,4060,6028,9239,16.7797,22.3791,8.87508,48.052
18237,3359,3955,6190,12501,3309,3780,4726,6071,3203,3412,3702,4046,3147,3265,3311,3437,-27.9637,27.9,8.51646,47.6093
18238,3321,3392,3352,3144,3770,3904,3765,3579,4690,6082,4888,4028,5438,8515,6183,4232,20.8684,-4.93502,8.54607,48.1887
18239,5034,8603,7253,4584,4464,5309,4983,4080,3704,3731,3819,3480,3300,3392,3368,3225,-23.7975,-2.05864,8.53809,48.2193
18240,3414,3357,3232,3178,3883,3720,3494,3133,6259,4955,3762,3276,11987,6726,3961,3515,26.705,-24.2374,8.9076,47.9013
18241,7824,9224,5091,3779,5331,5663,4218,3515,3776,3876,3541,3335,3367,3323,3287,3093,-23.7777,-12.6401,8.97063,48.162
18242,4040,3816,3429,3238,6065,4811,3747,3311,8821,6069,3956,3331,5665,4844,3728,3407,5.92974,-20.7855,8.68756,48.1853
18243,3514,3316,3267,3075,4063,3866,3503,3152,6532,4844,3785,3321,11611,6603,3968,3358,24.6953,-24.0235,8.67075,47.852
18244,3210,3324,3450,3366,3490,3818,4142,3898,3830,5000,6770,4862,3939,5550,7986,5516,17.4266,6.37432,8.71584,48.1007
18245,3429,4241,7519,9499,3505,4020,5540,6342,3165,3469,3912,4004,3059,3176,3389,3503,-22.324,18.1774,8.66723,47.848
18246,3082,3313,3462,3361,3312,3679,3974,3899,3691,4320,6398,5514,3684,4939,8493,7037,19.8536,11.7295,8.69495,48.1053
18247,3657,4607,6705,5867,3619,4687,7648,6105,3414,3795,4496,4259,3250,3395,3564,3517,-13.622,11.4483,8.56716,48.39
18248,7122,6518,4201,3528,7179,6686,4279,3547,4545,4271,3627,3274,3500,3549,3371,3194,-14.4811,-16.5166,8.72709,48.2607
18249,3238,3283,3363,3332,3393,3638,3825,3621,3735,4396,5193,4786,3859,5708,10169,6547,29.7618,8.81678,8.92023,48.0573
18250,3108,3255,3397,3455,3218,3335,3792,3977,3470,3810,4722,6427,3408,4019,6260,12441,27.3191,27.3648,8.52273,48.0627
18251,3029,3305,3332,3409,3284,3506,3732,3986,3527,3857,5071,6380,3478,4222,7249,10485,23.3292,20.2939,8.70111,47.9013
18252,3367,3339,3131,3093,3868,3718,3457,3281,5838,5245,3995,3480,10471,7751,4342,3585,26.7537,-19.161,8.66372,47.974
18253,6396,4831,3782,3272,9630,5675,3906,3456,5795,4577,3639,3333,3857,3771,3445,3098,-7.94319,-23.4148,8.85229,48.3087
18254,3129,3472,3893,4358,3319,3720,4754,7206,3300,3793,5182,9380,3241,3591,4414,5460,3.25102,29.7606,8.88722,48.1413
18255,3370,3401,3392,3277,3812,3977,3891,3526,4569,6166,5214,4023,5048,8024,6340,4262,19.0203,-3.68771,8.52411,48.1947
18256,3164,3387,3371,3362,3403,3731,3812,3637,3957,4660,5116,4428,4211,6748,9589,5608,30.5871,4.86764,8.59334,48.1227
18257,5138,4962,3968,3276,7213,6944,4195,3543,5558,5346,3967,3380,4081,3996,3469,3277,-5.33102,-15.4353,8.61006,48.2087
18258,10418,5775,4052,3481,7830,4991,3827,3404,4324,4014,3577,3113,3565,3483,3286,3007,-18.7853,-29.227,8.71608,48.098
18259,3567,3902,4505,4182,3621,4720,7293,5350,3586,4507,6517,5036,3441,3781,4243,4044,-1.42376,9.35178,8.91686,48.1967
18260,11529,6243,3955,3459,6621,5089,3845,3425,4128,3765,3437,3235,3348,3354,3197,3106,-23.9625,-26.0512,8.58217,47.824
18261,3484,4361,6346,5919,3603,4502,7539,6699,3379,3743,4652,4475,3116,3385,3629,3518,-12.2326,13.5485,8.65792,48.2333
18262,4194,4121,3571,3283,6059,5627,3919,3392,7076,6751,4170,3465,4764,4634,3861,3477,3.38739,-15.8915,8.50112,48.2427
18263,9635,8038,4397,3528,5807,5359,3911,3541,3944,3803,3459,3195,3476,3359,3341,3122,-23.9794,-17.3742,8.88597,47.9433
18264,3717,3842,3760,3544,4238,5573,4656,3860,4923,7635,5637,3915,4274,4906,4330,3531,5.3452,-5.21872,8.56599,48.2273
18265,3165,3244,3372,3275,3261,3409,3776,3869,3227,3755,4768,6256,3366,3949,5964,12992,29.8367,27.8808,8.95097,47.7653
18266,3457,4163,7531,11100,3332,3855,5027,5937,3203,3554,3836,3914,3059,3159,3422,3405,-27.3443,20.1325,8.93578,47.9693
18267,3856,3839,3547,3227,5269,5082,3900,3314,7242,7330,4182,3484,5292,5138,3857,3476,6.9524,-14.961,8.64748,48.0233
18268,3557,3585,3503,3154,4025,4527,4042,3641,5201,7963,5350,3785,5003,6354,4995,3951,12.3453,-6.56096,8.68225,48.424
18269,3339,3385,3327,3137,3667,3863,3627,3345,4793,5218,4334,3791,6312,9849,6023,3987,30.4723,-7.54788,8.57698,47.998
18270,3619,4654,7089,5906,3699,4640,7498,6044,3440,3754,4497,4168,3181,3429,3497,3521,-14.1168,11.0873,8.68435,48.424
18271,3597,4650,9059,8873,3578,4137,5286,5303,3194,3556,3822,3825,3235,3207,3439,3293,-27.5483,14.6056,8.84619,48.036
18272,3310,3451,3403,3247,3724,3788,3654,3450,4543,5392,4744,3764,5547,9315,6994,4193,25.448,-4.17144,8.63703,48.346
18273,5376,9246,7042,4324,4423,5361,4807,4017,3695,3839,3680,3475,3136,3387,3303,3205,-24.6647,-3.33157,8.9721,48.2107
18274,3482,4147,6243,8167,3338,4034,5879,7600,3388,3622,4196,4478,3060,3270,3465,3669,-16.1652,19.4522,8.53936,48.0253
18275,3336,3499,4085,4311,3256,3827,5496,6553,3371,4133,6355,7705,3318,3806,4455,4932,2.52237,18.8108,8.87647,48.292
18276,3147,3264,3412,3298,3347,3574,3687,3961,3359,3783,4900,6570,3333,4046,6257,12117,24.7506,26.412,8.93991,48.0367
18277,3412,3367,3191,3182,3970,3755,3426,3313,5938,4939,3997,3450,10978,7314,4103,3446,30.5217,-20.9556,8.60867,47.854
18278,3099,3276,3502,3517,3379,3555,4026,4160,3473,4156,5932,6447,3528,4343,7467,8416,19.0359,16.5873,8.59628,48.184
18279,5454,4424,3602,3237,9254,5314,3815,3283,6906,4821,3703,3315,4334,3858,3558,3216,-4.1054,-26.7373,8.63647,48.0627
18280,3153,3221,3465,3390,3261,3529,3949,4083,3390,3937,5464,7080,3315,4151,6908,9855,19.9334,20.6437,8.99198,48.1007
18281,3257,3358,3292,3116,3642,3894,3729,3500,4514,5583,4800,3857,5434,9204,6749,4153,23.3672,-4.57498,8.87933,48.0547
18282,3417,3349,3204,3089,4005,3794,3386,3223,6080,4903,3760,3388,12177,6407,3960,3369,30.3389,-25.3937,8.59827,47.674
18283,3625,3577,3415,3172,4760,4580,3712,3258,7656,6745,4200,3296,6704,5827,4023,3498,11.9304,-17.0551,8.82087,48.032
18284,3440,3275,3229,3218,3974,3756,3438,3236,6311,4811,3734,3368,12249,5871,3905,3428,25.5858,-30.9803,8.83559,47.4953
18285,4257,3955,3568,3144,7369,4724,3594,3291,9224,5175,3825,3384,5282,4289,3672,3280,2.93972,-30.911,8.99281,48.022
18286,4042,3832,3441,3175,6060,4509,3652,3250,9930,5184,3799,3386,6180,4707,3686,3271,7.12171,-30.5487,8.94875,48.0693
18287,3137,3334,3584,3516,3430,3785,4383,3926,3779,4735,7394,5603,3717,4967,7319,5815,15.1979,9.77891,8.70294,48.2827
18288,3211,3481,4067,4324,3347,3633,4920,6478,3371,3978,5648,8998,3369,3586,4471,5406,4.10748,22.7364,8.74345,48.192
18289,3479,4516,8223,9968,3453,3980,5056,5635,3226,3505,3943,3860,3093,3255,3346,3362,-27.9784,17.303,8.71621,47.9333
18290,3421,3973,6012,11431,3442,3906,4912,7035,3213,3523,3682,3976,3155,3241,3421,3402,-21.8822,32.5706,8.50615,47.83
18291,3134,3250,3371,3295,3370,3779,3802,3791,3768,4401,5192,4920,3885,5686,9954,6817,29.0134,9.13141,8.75968,48.2767
18292,3128,3322,3694,3767,3295,3671,4365,4867,3415,4113,6378,8200,3422,3945,5699,6866,11.8034,19.3401,8.67859,48.098
18293,4615,4432,3746,3268,7107,6055,4086,3387,6826,5839,3984,3512,4500,4172,3625,3282,-1.14363,-17.7439,8.83793,48.2907
18294,3134,3244,3335,3292,3302,3521,3871,3921,3561,4071,5204,5416,3552,4926,9276,8384,27.2912,13.6509,8.99711,48.0067
18295,3720,5175,9661,7606,3645,4293,5312,5052,3318,3639,3932,3644,3084,3359,3396,3342,-26.3427,11.7988,8.91981,48.1187
18296,3513,3559,3683,3438,3730,4453,4472,3783,4431,6843,6730,4466,4167,5510,5577,4208,10.7492,0.0202426,8.81531,48.3753
18297,3883,5434,9842,6753,3631,4426,5205,4970,3427,3680,3802,3745,3164,3421,3419,3363,-33.3227,9.46832,8.8569,48.11
18298,3478,3530,3297,3133,4316,4067,3489,3277,8116,5112,3857,3375,9909,5604,3827,3400,17.4455,-32.4601,8.53759,47.858
18299,3440,3347,3113,3170,3919,3809,3509,3293,6473,4877,3949,3400,12101,5845,3885,3337,24.0816,-31.2694,8.59923,47.6447
18300,4046,4992,4754,4040,4533,7212,6524,4221,3993,5098,4753,3843,3510,3808,3748,3586,-5.89715,-1.15478,8.69799,48.4407
18301,7085,7765,4684,3653,5858,6567,4383,3592,4038,4179,3562,3362,3345,3490,3243,3080,-17.9026,-13.2191,8.61824,47.924
18302,3358,3867,5631,10415,3263,3806,5122,7828,3254,3550,4071,4243,3149,3268,3477,3460,-18.306,30.798,8.65109,47.8413
18303,3405,4272,7858,10168,3473,3802,5089,5639,3226,3614,3801,3960,3150,3272,3309,3465,-32.7914,18.3431,8.76035,47.6687
18304,3423,3443,3303,3212,3845,3838,3372,3271,6015,4684,3725,3276,12790,5934,3959,3367,33.1167,-30.4257,8.87283,47.638
18305,6658,7619,4744,3640,6044,6847,4342,3495,4143,4189,3688,3336,3498,3523,3296,3128,-17.0175,-12.64,8.68893,48.1267
18306,3646,3607,3198,3167,4943,4136,3529,3166,9304,5191,3915,3457,8294,5287,3834,3380,12.9564,-29.0108,8.7884,48.036
18307,6295,9993,5809,3928,4808,5133,4522,3799,3695,3892,3628,3352,3303,3448,3243,3277,-33.0687,-7.79642,8.90727,48.0833
18308,3179,3235,3480,3342,3237,3300,3636,3878,3402,3757,4839,6102,3462,3932,5832,12621,29.9729,30.3467,8.90696,47.4893
18309,8736,7855,4530,3578,5957,5797,4142,3527,4062,3976,3539,3304,3441,3310,3350,3100,-21.0071,-16.0049,8.51791,48.136
18310,5593,4455,3606,3292,9630,5069,3852,3432,6473,4565,3664,3290,4131,3921,3424,3227,-5.33097,-31.568,8.6046,47.7493
18311,3158,3265,3535,3454,3459,3665,4071,4012,3674,4545,6572,5666,3629,4915,8069,6583,18.0437,11.2568,8.95003,48.1813
18312,3712,4980,9659,8048,3537,4199,5353,5169,3370,3527,3893,3790,3112,3187,3382,3338,-27.0711,12.6027,8.90918,48.1707
18313,3393,3962,4363,4049,3780,5067,6886,4692,3789,5110,6883,4837,3603,3831,4373,4080,0.0312756,5.89896,8.98353,48.4653
18314,2998,3244,3331,3341,3296,3568,3860,3989,3394,3978,5217,5726,3556,4400,7935,10053,25.8036,18.0036,8.68815,47.924
18315,3242,3358,3835,4132,3320,3643,4524,6617,3396,3885,5418,9538,3350,3663,4581,5871,5.75957,26.9937,8.70973,48.2487
18316,3293,3416,3367,3118,3675,4041,3843,3441,4556,6080,5198,4027,5300,8409,6507,4272,19.9327,-3.56923,8.8256,48.362
18317,3352,3698,4468,4641,3503,4108,6583,6900,3406,4005,5810,6188,3258,3478,4283,4305,-2.06468,16.0224,8.98662,47.9907
18318,3439,3586,3240,3114,4238,3985,3454,3175,7806,5068,3767,3343,10606,5659,3885,3394,18.8157,-30.3781,8.61846,47.8393
18319,3408,3895,6006,11869,3325,3735,4955,6889,3285,3423,3856,3993,3178,3187,3429,3418,-22.9115,29.1908,8.7943,47.9007
18320,3260,3380,3205,3172,3941,3850,3480,3297,6058,5178,3940,3283,10928,7416,4283,3443,26.4468,-20.3399,8.56562,48.076
18321,3319,3500,4033,3925,3475,4162,5577,5017,3665,4592,7564,6266,3551,3893,4889,4729,5.19984,11.9074,8.63874,48.1047
18322,3106,3276,3629,3671,3279,3487,4271,4901,3407,3778,5570,9079,3393,3861,5316,7914,12.8939,24.8064,8.59872,47.9587
18323,3228,3212,3456,3364,3325,3382,3762,3992,3482,3963,4944,5631,3491,4273,8227,10078,32.1209,17.3704,8.76312,47.8733
18324,5649,4944,3838,3336,8135,6651,4164,3468,5688,4937,3690,3499,4084,3784,3468,3207,-6.42555,-17.9917,8.71698,48.3613
18325,7309,5468,3866,3478,8966,6038,3964,3369,5007,4292,3633,3298,3641,3623,3407,3149,-12.0033,-21.4656,8.70129,48.3387
18326,3757,3576,3371,3191,4877,4291,3598,3277,8848,5800,3914,3447,7795,5430,3873,3405,12.6876,-22.7862,8.5533,48.3
18327,3147,3356,3536,3357,3386,3801,4079,4077,3593,4443,6742,5636,3644,4853,7779,6677,17.6631,11.6261,8.6998,48.0707
18328,3963,5163,6489,5150,3826,5292,7558,5153,3584,4033,4499,3997,3215,3375,3564,3422,-13.1643,5.84873,8.65251,48.1887
18329,5055,4344,3582,3296,8645,5311,3727,3274,7478,4997,3626,3206,4573,3997,3532,3194,-1.92132,-24.7351,8.9175,47.8913
18330,3235,3307,3488,3241,3443,3886,4126,3807,3946,5050,7211,5133,3993,5401,7497,5443,16.0813,6.62111,8.98277,48.138
18331,3275,3387,3376,3309,3605,3789,3701,3596,4131,4939,4937,4056,4668,8233,8328,4751,32.0494,-0.287451,8.57444,48.054
18332,5890,4525,3727,3275,9551,5244,3725,3385,6325,4526,3699,3309,4127,3812,3510,3125,-5.67812,-31.4657,8.51889,47.8367
18333,3202,3512,3762,3897,3405,3983,5010,4936,3646,4370,7488,6977,3591,4031,5216,5351,7.25167,14.4177,8.6297,48.2513
18334,3489,3394,3282,3032,4117,3871,3488,3235,6151,5529,4067,3534,9240,7839,4337,3455,21.8858,-17.4228,8.68843,48.04
18335,10588,7681,4172,3504,5900,5164,3914,3476,4035,3839,3541,3234,3378,3351,3262,3021,-24.8647,-19.3176,8.95982,48.04
18336,3955,6128,9763,6323,3730,4501,5366,4753,3415,3573,3857,3805,3158,3359,3325,3293,-26.2112,7.3424,8.7953,48.2027
18337,3395,3880,5373,6836,3475,4031,6300,8694,3227,3730,4439,5011,3173,3349,3649,3821,-11.0286,20.2408,8.86557,48.2553
18338,4172,6246,8595,5458,3750,5168,6316,4691,3514,3652,4000,3801,3125,3310,3407,3378,-19.9676,5.08463,8.89286,48.3887
18339,3391,3961,5989,8025,3455,4047,6044,8340,3226,3555,4358,4635,3193,3347,3502,3606,-14.4747,20.3649,8.90861,48.4493
18340,6683,4757,3718,3358,9730,5283,3779,3371,5843,4342,3642,3341,4065,3722,3363,3145,-8.20845,-27.1717,8.50539,48.0947
18341,3428,3980,6727,11551,3327,3863,4989,6408,3268,3472,3913,3987,3084,3227,3360,3443,-24.6337,23.1034,8.67647,48.018
18342,4533,4341,3753,3370,7018,6141,4046,3366,7009,5744,4016,3338,4540,4269,3721,3288,-0.304687,-17.9983,8.5993,48.3287
18343,3136,3485,3603,3526,3427,3855,4369,3975,3813,4919,7341,5287,3871,5145,7257,5365,15.0819,7.68571,8.5407,48.2493
18344,3024,3353,3542,3434,3250,3352,3953,4228,3501,3871,5354,7146,3395,4114,6342,10165,20.2072,22.1061,8.57768,48.016
18345,4801,8584,8158,4702,4206,4963,4924,4150,3717,3780,3698,3594,3157,3268,3427,3248,-31.3402,-0.413967,8.90299,48.2513
18346,3705,3758,3545,3308,4440,5087,3994,3472,5954,8150,4819,3748,4981,5563,4260,3600,8.28319,-10.1527,8.91261,48.256
18347,5089,7172,5423,4027,4730,7095,5399,4014,3994,4275,3977,3519,3364,3540,3357,3307,-15.33,-5.0283,8.50316,48.188
18348,3267,3781,5960,12469,3239,3640,4768,6231,3239,3473,3690,4078,3196,3408,3436,3347,-33.93,29.3787,8.60213,47.4813
18349,6528,4890,3752,3298,10152,5123,3848,3389,5711,4402,3648,3314,3917,3724,3330,3129,-8.097,-29.8518,8.74214,48.1033
18350,3025,3289,3534,3660,3344,3690,4423,4743,3520,4182,6648,7867,3405,4019,5887,6956,12.4082,17.9878,8.83916,48.128
18351,3463,3382,3164,3146,4013,3881,3461,3225,6725,4958,3851,3309,11746,6117,4033,3331,22.8593,-26.0407,8.71928,47.87
18352,3962,5683,9563,6410,3726,4476,5600,4968,3345,3674,3786,3763,3156,3277,3283,3296,-24.0385,8.58443,8.65742,47.9787
18353,3371,3790,4414,4555,3603,4175,6674,6391,3470,4145,6113,6015,3327,3651,4285,4408,-1.21232,14.4539,8.80653,48.258
18354,3365,3576,3216,3245,3955,4084,3695,3320,5781,6253,4295,3630,7187,8202,4739,3704,19.3437,-13.0839,8.65089,48.1647
18355,3166,3210,3388,3415,3299,3585,4067,3783,3760,4456,6061,5225,3804,5239,8874,6672,20.9451,10.2785,8.59174,48.0027
18356,3737,4696,7604,6252,3539,4439,6809,5820,3266,3751,4332,4227,3146,3456,3547,3530,-16.4398,11.5663,8.77799,48.1007
18357,3735,5113,7603,5844,3846,4828,7153,5358,3393,3754,4238,4015,3236,3369,3426,3391,-16.088,9.10777,8.66148,48.2013
18358,5843,4790,3762,3326,9127,6123,4039,3436,5846,4544,3737,3432,4059,3782,3387,3266,-7.46734,-21.8558,8.66757,48.3327
18359,4109,3993,3400,3171,5576,4960,3792,3384,7959,6786,4066,3478,5394,4885,3855,3396,6.26539,-17.605,8.70307,48.136
18360,7206,7894,4715,3672,6078,6416,4279,3576,3992,4083,3660,3319,3322,3473,3265,3128,-18.5815,-13.1721,8.50598,48.052
18361,3033,3373,3527,3623,3313,3705,4398,4538,3494,4217,6712,7494,3436,4278,6208,6946,13.2936,16.8599,8.80072,48.1967
18362,12137,6754,4041,3386,5891,4749,3788,3477,3937,3821,3457,3259,3430,3325,3298,3144,-31.5976,-23.2884,8.80434,47.9293
18363,3556,4368,5993,5358,3596,4652,7820,6314,3332,3992,4831,4534,3263,3407,3770,3651,-10.412,11.5229,8.51834,48.2913
18364,5768,4518,3755,3227,9718,4991,3782,3381,6654,4615,3652,3245,4253,3785,3500,3000,-5.17003,-31.7273,8.88612,47.896
18365,3266,3279,3296,3242,3620,3652,3810,3475,4071,5133,5159,4015,4871,8037,8064,4910,26.1471,-0.136608,8.61949,47.9333
18366,12129,6055,3871,3488,6606,4749,3744,3412,4040,3792,3417,3211,3309,3363,3250,3090,-23.6126,-31.1476,8.65863,47.684
18367,3117,3239,3328,3468,3285,3428,3752,4057,3433,3745,4780,6165,3460,4127,6516,12043,27.2937,24.6416,8.64327,47.962
18368,3357,3354,3248,3063,3983,3819,3374,3169,6268,4751,3812,3292,12674,6282,3906,3381,26.463,-26.9383,8.79776,47.822
18369,3323,3376,3530,3306,3755,4283,4062,3597,4542,7247,6134,4024,4631,6618,5742,4166,14.3002,-2.66892,8.93276,48.224
18370,3361,3951,5781,12491,3323,3673,4648,6136,3365,3313,3813,3948,3238,3419,3400,3370,-32.7864,32.015,8.74344,47.4867
18371,6647,6197,4313,3557,6949,7012,4295,3589,4472,4489,3716,3362,3580,3679,3348,3242,-12.9229,-15.2749,8.71007,48.298
18372,3423,3761,5861,12525,3316,3745,4689,6015,3237,3439,3671,3984,3152,3311,3447,3396,-33.9673,31.7403,8.62101,47.3147
18373,11166,6295,4013,3356,7163,5070,3846,3390,4082,3863,3425,3195,3499,3436,3141,3061,-21.1081,-25.0026,8.82617,48.0007
18374,4455,5017,4016,3572,5726,7923,4869,3714,4701,5789,4274,3463,3773,3999,3679,3429,-4.96018,-9.11631,8.85256,48.266
18375,11751,6109,3890,3358,6895,4876,3901,3286,4044,3855,3481,3199,3357,3341,3121,3081,-22.954,-27.7726,8.75882,47.6967
18376,3278,3594,4155,4970,3401,3680,5014,8649,3356,3592,4800,7974,3229,3401,4015,4508,-1.24339,30.2813,8.86036,47.744
18377,3471,4159,5359,5021,3608,4586,8134,6475,3502,4007,5225,4857,3279,3486,3770,3843,-7.12786,12.0342,8.97659,48.5213
18378,3573,3653,3579,3207,4228,4794,3953,3662,5510,8018,5140,3885,4978,6212,4596,3668,10.7813,-7.83182,8.55747,48.4373
18379,7977,5201,3892,3391,9197,5239,3785,3391,4922,4239,3690,3288,3716,3545,3307,3103,-13.1893,-27.8914,8.73828,47.922
18380,3518,3986,5056,4811,3555,4600,7717,6214,3525,4112,5612,4867,3264,3465,3913,3968,-5.41765,11.4975,8.5269,48.122
18381,4677,8149,8518,4767,4041,4715,5023,4195,3523,3679,3805,3533,3296,3336,3468,3361,-29.5162,0.46302,8.8442,48.0573
18382,7245,8268,4719,3592,5749,6290,4442,3739,3918,3996,3696,3269,3490,3436,3418,3030,-19.5314,-12.6336,8.88526,48.198
18383,3391,3837,4070,3691,3720,4588,5792,4440,3814,5494,7747,4803,3681,4198,4748,4199,4.30312,5.12425,8.80352,48.142
18384,3186,3355,3438,3300,3362,3599,3984,3802,3833,4764,6294,4922,3933,5814,8782,5944,20.4201,7.0944,8.5812,48.208
18385,3340,3979,5634,6404,3448,4061,6580,8197,3347,3797,4504,4960,3143,3301,3696,3826,-10.7466,18.3295,8.75137,48.1447
18386,3791,5002,9257,8214,3619,4219,5414,5191,3336,3587,3876,3895,3134,3215,3267,3380,-25.2223,13.1735,8.77163,48.2647
18387,5912,7004,4691,3609,6108,7359,4575,3644,4400,4279,3733,3319,3615,3560,3399,3253,-14.1571,-11.4899,8.75885,48.3067
18388,3225,3333,3319,3339,3321,3589,3767,3787,3739,4293,5262,4783,3760,5491,10077,6957,30.1519,9.5722,8.86622,48.028
18389,4214,4573,3799,3474,5666,6924,4429,3567,5414,6328,4449,3577,4064,4207,3841,3496,-0.880681,-10.7609,8.50445,48.0147
18390,5028,5609,4255,3620,5775,8023,4797,3744,4438,5102,4046,3453,3658,3751,3487,3155,-8.65554,-9.75594,8.5462,47.9607
18391,3126,3373,3483,3474,3260,3438,4130,4494,3438,3897,5174,8670,3455,3883,5565,9061,15.5809,33.4985,8.57721,47.9473
18392,3322,3300,3355,3211,3463,3664,3726,3610,3965,4709,5275,4390,4436,7218,9397,5367,26.9509,3.49377,8.91399,48.272
18393,3416,3541,3317,3169,3870,3809,3507,3224,5729,5220,3990,3410,9669,8415,4624,3526,26.5676,-17.0988,8.81055,48.2907
18394,3041,3344,3389,3589,3321,3659,4217,4502,3503,4076,6304,7366,3593,4169,6534,7823,15.5872,18.0663,8.77573,48.2867
18395,4120,3798,3412,3225,5815,4721,3683,3343,8703,6429,3980,3476,5777,4743,3765,3358,6.96182,-19.8495,8.85188,48.232
18396,3416,3333,3164,3123,4032,3844,3367,3208,6957,4925,3820,3383,11594,5960,3871,3310,22.1543,-32.8916,8.54362,47.538
18397,4020,3782,3348,3132,6341,4502,3682,3380,10041,5065,3730,3314,5895,4527,3606,3335,6.1371,-31.7213,8.93763,47.8
18398,3441,3923,6110,12494,3440,3863,4719,6038,3247,3508,3808,3890,3150,3253,3329,3300,-27.9985,32.9125,8.81831,47.6753
18399,3651,3511,3284,3105,4326,4048,3565,3234,7114,6073,4110,3516,8201,6745,4206,3592,17.0254,-18.3255,8.62291,48.1873
18400,3195,3392,3309,3352,3428,3570,3931,3781,3800,4641,5909,4827,4054,6061,9280,5858,22.2285,6.42945,8.61974,48.2587
18401,3705,3771,3494,3257,4695,4854,3867,3390,6722,7600,4428,3561,5604,5750,4119,3471,9.46518,-13.729,8.53002,48.192
18402,6980,9710,5436,3836,5043,5322,4342,3699,3768,3847,3661,3276,3368,3372,3334,3132,-26.8503,-10.3739,8.81689,48.084
18403,9724,6368,4048,3379,7623,5363,3831,3317,4315,3994,3497,3221,3495,3500,3267,3021,-18.5637,-22.3828,8.77577,47.9753
18404,3559,4552,6797,6150,3694,4612,7323,6102,3364,3837,4361,4440,3135,3338,3552,3592,-13.8437,12.5877,8.55818,48.272
18405,3139,3292,3512,3383,3213,3438,3773,4002,3359,3710,4655,6086,3343,3838,6059,12447,32.3355,29.2583,8.63246,47.4993
18406,3297,4020,5640,10782,3431,3747,5030,7677,3283,3494,3844,4384,3006,3185,3470,3502,-19.6699,27.4613,8.82187,47.8613
18407,3404,4258,6490,8794,3459,3816,5800,7558,3230,3606,4060,4272,3127,3293,3466,3524,-17.1093,20.0342,8.75592,48.1047
18408,3898,4699,5785,4795,3833,5304,7952,5248,3493,3989,4806,4166,3419,3473,3742,3591,-9.80164,7.06213,8.7535,48.1287
18409,4334,4750,4182,3630,5199,7690,5051,3701,4680,5943,4512,3673,3907,4103,3773,3430,-3.38742,-7.58088,8.63825,48.372
18410,5882,4955,3817,3283,8470,6239,4104,3383,5734,4815,3686,3404,3901,3848,3493,3231,-6.83828,-19.8092,8.57825,48.1633
18411,3511,4194,6778,8446,3530,4051,5875,7105,3277,3629,4045,4182,3157,3250,3486,3593,-17.613,18.3472,8.89118,48.0727
18412,3183,3339,3486,3351,3429,3621,4081,3751,3754,4550,6192,5115,3785,5448,9122,6223,20.6734,8.64414,8.97435,48.2867
18413,3205,3687,4122,4795,3383,3930,5637,7586,3329,3959,5610,7583,3187,3709,4185,4700,-0.00271974,20.2615,8.88775,48.4047
18414,3502,3961,5960,12516,3333,3680,4711,5852,3292,3400,3763,3812,3178,3181,3399,3287,-30.4077,33.6532,8.97654,47.218
18415,3197,3475,3844,3877,3396,3754,4812,5310,3437,4086,6721,8067,3377,3931,5112,5916,7.89846,17.4568,8.7863,48.208
18416,3828,5454,9467,6916,3687,4437,5448,4997,3373,3598,3778,3841,3122,3361,3397,3338,-24.3585,10.0621,8.73953,48.028
18417,6193,9516,5912,3906,4727,5677,4657,3839,3775,3927,3630,3377,3374,3448,3211,3188,-23.7358,-7.26255,8.82009,48.238
18418,3236,3576,4326,4659,3407,4034,6000,7418,3410,4009,5858,6952,3193,3681,4151,4545,-0.959485,18.3904,8.71709,48.3033
18419,12734,6081,3884,3330,6229,4692,3745,3533,3757,3779,3419,3219,3413,3385,3292,3145,-27.9625,-30.3412,8.98868,47.758
18420,3272,3535,4054,4053,3418,3953,5243,6137,3414,4110,6533,7722,3421,3720,4589,5001,3.7593,17.586,8.82053,48.1167
18421,5381,4386,3643,3285,9235,5030,3780,3402,7359,4691,3588,3281,4374,3954,3494,3224,-3.09775,-30.4381,8.75824,48.0713
18422,4078,6128,8063,5259,3968,5160,6394,4668,3516,3805,3869,3725,3236,3355,3389,3316,-18.9341,4.76681,8.69793,47.9527
18423,3096,3243,3621,3675,3233,3585,4153,4887,3450,3874,5692,8830,3411,3806,5721,7953,13.3146,22.4404,8.90195,48.1533
18424,3363,3410,3253,3297,3527,3855,3595,3461,4414,5406,4833,3983,5276,8922,7016,4199,24.2348,-3.55191,8.76652,47.8733
18425,3359,3379,3180,3188,3998,3798,3342,3143,6333,4925,3818,3392,12487,6012,4025,3442,25.9544,-29.9349,8.79087,47.8807
18426,6935,9597,5502,3827,4880,5559,4324,3698,3702,3848,3625,3308,3283,3374,3250,3031,-24.797,-10.0743,8.55034,47.8287
18427,3755,5460,9685,6982,3793,4306,5504,4996,3252,3608,3858,3783,3177,3284,3392,3393,-25.9908,9.86902,8.51652,48.152
18428,3350,3378,3281,3065,3971,3856,3448,3391,5855,5010,3813,3361,11311,7362,4068,3416,33.1945,-20.5196,8.70091,47.9573
18429,12628,5941,3776,3285,5912,4658,3579,3372,3940,3832,3400,3306,3472,3440,3224,3273,-32.6107,-29.8136,8.77149,47.3587
18430,3589,4370,7878,10655,3357,3897,5065,5834,3226,3480,3752,3917,3100,3216,3492,3341,-26.4235,18.9248,8.97551,48.1127
18431,3290,3426,3403,3243,3617,4017,3993,3753,4202,6006,6235,4410,4433,6471,7165,4756,17.046,1.53299,8.53124,48.28
18432,3248,3635,4424,5266,3337,3812,5275,8834,3378,3772,4927,7297,3130,3454,4124,4390,-2.55416,25.7371,8.7571,48.202
18433,4329,7340,9053,5285,3880,4825,5138,4307,3456,3762,3748,3420,3194,3338,3433,3236,-30.9491,2.95826,8.70325,47.8293
18434,3103,3162,3417,3467,3216,3664,4067,4458,3414,3883,5400,7888,3403,3983,6099,9748,17.8311,23.3542,8.9501,48.248
18435,11132,7416,4141,3390,5756,5031,3758,3336,3910,3749,3378,3258,3384,3429,3268,3135,-32.8829,-20.2841,8.92541,47.6473
18436,3024,3223,3377,3487,3126,3546,3980,4134,3510,3715,5031,7158,3378,3927,5914,11499,21.1601,25.7478,8.92162,48.0193
18437,3256,3294,3276,3092,3677,3788,3591,3376,4684,5523,4444,3759,6458,9912,6013,4029,28.1677,-7.81582,8.6164,48.1147
18438,3607,3666,3770,3581,3880,4861,5164,4182,4263,6546,7050,4409,3929,4692,4774,4076,5.93268,1.22634,8.60636,48.3
18439,3632,4142,4034,3739,4073,5616,5889,4166,4045,6150,6494,4321,3779,4244,4161,3783,1.58677,0.542762,8.51795,48.1787
18440,3332,3763,4467,4757,3355,3994,5725,7571,3423,3819,5371,7098,3308,3563,3946,4495,-1.42177,19.9387,8.66536,47.9913
18441,3512,3695,3776,3584,3791,4678,5371,4333,4036,6047,7500,4721,3769,4518,4851,4218,5.58161,3.40578,8.6447,48.2667
18442,3390,3505,3344,3129,3858,3884,3657,3302,5257,6278,4432,3728,6425,9083,5211,3855,20.3346,-9.87303,8.7966,48.2253
18443,3293,3909,6243,12692,3399,3726,4764,5972,3185,3518,3630,3982,3099,3254,3410,3397,-32.9829,26.5986,8.78637,47.6487
18444,3416,3632,3349,3160,4145,4213,3642,3467,5928,6822,4482,3713,6563,7498,4561,3686,15.9363,-12.2505,8.61495,48.1847
18445,3078,3202,3316,3392,3291,3425,3818,4040,3319,3739,4914,6684,3458,3981,5969,12008,23.5943,29.7103,8.75338,47.756
18446,3171,3364,3392,3300,3529,3681,3747,3661,3847,4690,5344,4550,4111,6693,9592,5628,26.1355,5.04426,8.90824,48.2
18447,3309,3433,3256,3240,3632,3766,3768,3429,4459,5258,4469,3735,5855,9719,6515,4231,29.5247,-5.83115,8.70512,48.0493
18448,4148,6691,9523,5548,3857,4658,5419,4474,3471,3631,3866,3572,3148,3357,3352,3249,-25.8645,4.61315,8.99839,47.976
18449,7719,8161,4489,3601,5975,6193,4195,3539,4063,3888,3556,3316,3350,3478,3320,3085,-19.9927,-14.0933,8.94575,47.952
18450,12368,5905,3904,3323,6090,4615,3669,3411,3996,3837,3381,3300,3423,3479,3259,3308,-33.4349,-30.8218,8.72926,47.512
18451,3076,3242,3429,3334,3389,3653,3759,3692,3912,4627,5484,4798,4013,6142,9666,6117,25.0143,7.00444,8.94496,48.222
18452,3292,3755,4771,6589,3396,3792,5300,10005,3214,3522,4333,5781,3153,3335,3635,3916,-8.75722,28.1706,8.95831,47.8593
18453,4259,4014,3453,3277,6756,5072,3784,3409,8486,5757,3898,3371,5367,4409,3723,3357,3.66035,-21.6755,8.55489,48.2613
18454,6434,4638,3590,3297,10009,5284,3808,3338,6004,4559,3563,3302,3972,3737,3326,3131,-7.62219,-28.0605,8.86035,47.9947
18455,3721,4357,5119,4402,3850,5299,7953,5133,3830,4443,5541,4485,3390,3585,3880,3688,-6.04965,6.14073,8.83644,48.4507
18456,3088,3387,3797,3655,3362,3641,4326,5113,3320,3884,5673,9074,3328,3825,5131,7185,11.4329,22.6581,8.5188,47.8593
18457,3628,5069,9319,7785,3580,4253,5443,5073,3264,3501,3766,3872,3062,3251,3434,3375,-25.8928,12.1184,8.57489,47.7833
18458,8419,6626,4199,3530,7470,5872,4065,3353,4352,4086,3539,3204,3522,3550,3254,3037,-17.0607,-19.1152,8.89603,48.052
18459,9793,5658,3823,3352,8358,5079,3836,3426,4474,3987,3513,3282,3530,3409,3191,3109,-16.749,-33.0795,8.85041,47.88
18460,3174,3251,3458,3464,3170,3457,3708,3897,3401,3692,4612,6067,3314,3704,5998,12722,33.2675,28.2458,8.86569,47.3927
18461,3732,4203,4011,3634,4226,6128,5661,3932,4228,6390,5930,4181,3829,4306,4172,3757,0.652456,-1.58314,8.95172,48.2133
18462,3717,4341,4459,3905,4098,5963,6821,4375,3969,5326,6009,4144,3571,3959,4008,3691,-1.92185,1.90372,8.78387,48.2373
18463,3138,3419,3753,3742,3347,3646,4662,5229,3453,4081,6460,8440,3379,3883,5197,6203,9.19995,19.0693,8.58881,48.0213
18464,3376,3736,4822,6484,3417,3795,5475,9884,3180,3637,4453,5881,3107,3337,3750,3928,-7.90537,26.2444,8.72857,48.1747
18465,3426,3368,3175,3191,3907,3842,3459,3278,6134,4873,3929,3417,11574,7055,4211,3336,27.7532,-21.7394,8.82819,48.1167
18466,7927,5022,3746,3328,9463,5101,3800,3378,5057,4301,3570,3320,3687,3575,3301,3131,-12.346,-29.1729,8.81812,47.8047
18467,3232,3196,3473,3316,3310,3670,4037,3958,3612,4296,5924,5787,3653,4667,8143,7878,20.3386,13.917,8.53475,48.1013
18468,3312,3403,3264,3117,3928,3754,3482,3285,6067,4797,3676,3284,12612,5955,3916,3450,31.4782,-30.4716,8.51446,47.5347
18469,3476,3934,5248,6693,3437,3950,6341,8852,3190,3701,4555,5094,3073,3339,3714,3868,-10.18,20.454,8.97909,48.31
18470,3456,4187,6938,11729,3390,3836,4858,5995,3281,3463,3820,3992,3165,3221,3263,3422,-27.2487,22.1387,8.79711,48.0107
18471,3416,3721,4181,4151,3602,4300,6625,5486,3545,4369,6881,5847,3287,3826,4546,4521,1.25692,12.0101,8.51471,48.2027
18472,3429,4254,7294,9398,3372,3991,5459,6585,3339,3527,4053,4104,3123,3153,3443,3435,-20.872,18.4291,8.74224,47.9727
18473,5474,8085,5326,3948,5048,6805,4992,3847,3800,4077,3783,3364,3340,3488,3376,3210,-17.2989,-7.37875,8.62909,47.9753
18474,3193,3246,3380,3336,3253,3502,3905,3960,3509,4148,5137,5253,3548,4824,9337,8471,32.5933,13.7154,8.841,48.0013
18475,3500,3961,5866,11427,3318,3903,4851,6974,3177,3465,3840,4125,3180,3385,3376,3412,-22.187,32.9064,8.57215,47.84
18476,3219,3179,3279,3380,3281,3489,3650,3906,3348,3743,4788,6303,3437,4138,5923,12444,25.4119,33.7292,8.83626,47.6713
18477,3991,6047,9892,6333,3681,4584,5259,4709,3442,3704,3793,3639,3224,3443,3375,3233,-32.8034,7.2172,8.70947,48.2327
18478,3388,3853,5111,6123,3351,3997,6158,9109,3343,3644,4521,5572,3236,3331,3652,3800,-8.51251,20.8263,8.984,48.126
18479,11123,7173,4210,3467,6233,5063,3899,3355,3905,3844,3461,3198,3368,3374,3235,3169,-25.8848,-20.9734,8.75334,48.0513
18480,7905,5335,3858,3471,9125,5438,3884,3503,5091,4181,3622,3236,3659,3657,3289,3070,-12.7165,-24.2063,8.81712,48.216
18481,3411,3512,3495,3240,3873,4353,4129,3633,4669,7399,5970,4048,4651,6521,5428,4141,13.5241,-3.57214,8.91412,48.3153
18482,4885,6406,4834,3892,5008,7905,5450,3847,3973,4586,4039,3535,3479,3598,3504,3297,-12.1409,-6.18879,8.75705,48.1587
18483,3571,4479,7169,6194,3538,4558,7048,6050,3420,3836,4365,4094,3136,3367,3487,3483,-14.9906,12.1272,8.63283,47.8633
18484,3573,3620,3489,3340,4054,4673,4329,3698,4882,7811,5919,4000,4507,5716,5085,3878,10.5296,-3.88451,8.93528,48.3827
18485,3533,3802,3900,3827,3906,4780,5423,4143,4051,6106,7219,4527,3759,4366,4810,4127,4.87599,2.59861,8.51325,48.186
18486,3106,3257,3392,3391,3167,3458,3959,3994,3373,3791,4981,6321,3322,3862,6417,12021,26.353,24.9118,8.70667,47.8747
18487,4769,8454,7998,4747,4227,5154,4991,4171,3617,3738,3730,3465,3215,3390,3374,3172,-26.9597,-0.622577,8.84907,48.1413
18488,4466,7144,8204,4963,4131,5179,5555,4299,3590,3837,3847,3712,3226,3375,3543,3254,-22.0726,1.84577,8.56526,48.2167
18489,3644,3773,3652,3403,4146,5061,4550,3681,4643,7810,6066,4007,4336,5174,4631,3925,7.33528,-3.58085,8.93987,48.3347
18490,3430,4182,6154,6475,3563,4276,7029,7276,3333,3709,4552,4606,3180,3392,3599,3641,-12.321,15.6545,8.82892,48.2647
18491,5989,4655,3732,3267,9789,5404,3818,3341,6263,4568,3670,3320,4088,3750,3312,3072,-6.46746,-25.9246,8.86654,48.0253
18492,3252,3477,3750,3941,3252,3615,4417,6098,3400,3776,5131,9964,3324,3697,4718,6007,6.65687,31.9033,8.89645,47.8793
18493,3739,3701,3314,3164,5364,4510,3712,3262,9152,5828,3865,3394,6878,5108,3792,3350,9.91394,-23.0902,8.63374,48.0887
18494,3313,3640,4590,5697,3399,3763,5097,9261,3335,3620,4637,6849,3171,3389,3902,4369,-4.3839,29.0225,8.68842,48.0213
18495,3189,3398,3602,3472,3581,3978,4395,3987,4033,5524,7593,4852,4061,5209,6624,4922,13.4245,5.3279,8.79635,48.28
18496,3466,3841,4589,4355,3544,4424,7137,5564,3612,4423,6544,5412,3376,3726,4311,4223,-1.02189,11.0027,8.67167,48.3647
18497,5832,6752,4542,3647,5961,7581,4691,3622,4267,4483,3749,3401,3485,3637,3352,3183,-13.4622,-11.4347,8.72986,48.1233
18498,4540,4358,3731,3298,6713,6271,4071,3453,6750,6011,4088,3531,4431,4322,3532,3314,0.0967038,-16.5007,8.81984,48.276
18499,3959,4024,3511,3322,4992,5838,4111,3493,6157,7882,4667,3594,4605,4844,3900,3556,4.60785,-11.4654,8.94185,48.3033
18500,3208,3418,3732,3872,3260,3579,4441,5675,3398,3861,5216,9732,3362,3663,4921,6553,8.87538,32.258,8.6385,47.9273
18501,3499,3713,3727,3554,3876,4579,4744,3883,4148,6689,7190,4540,3976,5078,5262,4177,8.24197,1.20175,8.68491,48.4233
18502,3334,3989,6218,9883,3431,3883,5359,7464,3223,3490,3911,4366,3126,3245,3395,3502,-18.6794,22.8114,8.59637,47.8793
18503,7924,8997,4902,3751,5435,5629,4231,3609,3978,3934,3572,3299,3372,3415,3260,3098,-22.9493,-13.1529,8.60232,48.2707
18504,3403,4026,5820,10893,3336,3842,4940,7329,3260,3495,3860,4125,3081,3283,3320,3482,-20.5463,32.5186,8.63848,47.6633
18505,3118,3262,3458,3353,3362,3533,4121,4123,3545,4292,6360,6236,3680,4589,7679,7813,18.4224,14.7588,8.90991,48.3493
18506,4858,5704,4403,3603,5621,8345,4970,3821,4238,4957,4121,3613,3532,3716,3479,3331,-9.35148,-8.63129,8.91618,48.208
18507,4411,7652,8769,5150,4077,4800,5105,4227,3457,3817,3828,3488,3321,3240,3241,3366,-32.3954,1.79142,8.89992,47.966
18508,6717,10006,5690,3790,4897,5281,4441,3656,3675,3771,3811,3356,3364,3282,3371,3128,-30.8162,-8.92834,8.63709,48.1573
18509,3395,3424,3342,3181,3710,3840,3547,3278,5025,5330,4186,3611,7312,9706,5248,3816,26.6973,-10.8817,8.65654,47.9673
18510,10773,6358,4018,3582,7130,5154,3878,3385,4205,3991,3349,3214,3378,3534,3328,3196,-20.5683,-23.6919,8.83208,48.3153
18511,3140,3286,3369,3320,3270,3519,3851,3836,3408,4001,5070,5429,3587,4570,8407,9606,29.1586,16.4499,8.64857,47.7793
18512,3256,3676,4332,5036,3430,3798,5354,8469,3314,3763,5160,7247,3197,3408,4016,4393,-2.38668,23.4545,8.65299,47.8993
18513,3352,3973,6101,11901,3388,3711,4873,6835,3231,3422,3839,4023,3137,3240,3419,3419,-22.8233,27.7764,8.79151,47.9093
18514,3109,3425,3816,3780,3285,3821,4908,4990,3503,4283,7624,7197,3452,4140,5400,5680,8.81526,14.8757,8.99826,48.2753
18515,3722,3586,3223,3163,4939,4117,3559,3328,9202,5594,3838,3427,7596,5478,3890,3500,12.2855,-22.9766,8.83151,48.108
18516,3638,3617,3316,3161,4558,4356,3661,3311,7462,6928,4226,3442,6585,6047,4094,3490,12.4433,-16.1093,8.9323,47.928
18517,4155,5070,4814,3959,4502,7301,6533,4167,4058,4952,4658,3785,3535,3774,3658,3488,-7.40424,-1.73099,8.83087,48.2727
18518,3819,5599,9886,6650,3734,4438,5198,4946,3415,3563,3814,3757,3146,3291,3396,3322,-32.7035,9.00618,8.77124,47.9827
18519,3329,3590,4381,4996,3360,3822,5170,8945,3341,3687,4750,7330,3312,3594,4088,4413,-2.53398,31.8753,8.54589,48.072
18520,3072,3231,3478,3343,3309,3603,3991,3912,3484,4034,5252,5431,3479,4559,8795,9039,26.5383,15.5351,8.64263,48.008
18521,3236,3532,3907,4370,3331,3787,4713,7115,3246,3773,5101,9309,3315,3544,4403,5225,3.30677,31.943,8.77657,47.938
18522,3330,3427,3321,3190,3603,3849,3756,3303,4880,5211,4487,3865,6171,9634,6128,3970,32.2635,-6.86397,8.51009,48.0833
18523,3134,3176,3551,3644,3237,3652,4193,5318,3451,3909,5218,9985,3312,3760,5023,7438,10.9589,27.4059,8.94207,48.0007
18524,3960,5371,6872,5066,3929,5549,7487,4875,3561,3899,4368,3915,3221,3345,3527,3475,-14.2202,5.3499,8.93977,48.28
18525,3453,4205,7533,11270,3404,3843,4941,5823,3238,3403,3789,3874,3013,3240,3364,3442,-28.891,20.4243,8.86519,47.89
18526,3606,3886,4061,3702,3968,5450,5953,4192,4101,6112,6648,4416,3794,4276,4522,3869,2.0856,1.64503,8.91042,48.3707
18527,5320,9445,6897,4276,4425,5226,4767,3952,3658,3661,3648,3454,3368,3422,3370,3198,-32.3685,-4.11089,8.85941,48.058
18528,3211,3555,3693,3736,3424,3782,4851,4764,3546,4441,7692,6941,3569,4140,5541,5565,9.15403,13.8988,8.92003,48.3007
18529,3145,3189,3343,3371,3322,3667,3797,3667,3513,4356,5264,4993,3788,5312,9938,7361,30.7644,10.6109,8.965,48.0173
18530,9770,8175,4432,3588,5732,5209,3876,3411,3943,3922,3502,3211,3374,3383,3212,3068,-25.013,-17.3384,8.74932,47.872
18531,3117,3229,3343,3496,3174,3361,3915,4029,3416,3830,4934,6041,3224,3783,6461,12475,33.2029,24.8841,8.97784,47.8853
18532,3460,3959,5888,12426,3310,3832,4702,6103,3299,3470,3776,3872,3232,3267,3330,3333,-29.882,32.2992,8.60915,47.506
18533,3435,3435,3418,3195,3886,3936,3590,3307,5407,6133,4404,3609,6710,8704,5174,3738,20.4255,-10.7897,8.69377,48.054
18534,3405,3500,3267,3156,4271,3930,3468,3197,8028,4986,3877,3386,10388,5739,3931,3451,18.5494,-31.6665,8.63513,47.9867
18535,3168,3216,3455,3453,3360,3579,3791,3845,3687,4074,5265,5190,3846,5156,9311,7771,28.1715,12.2218,8.57379,48.1113
18536,3105,3245,3301,3249,3255,3367,3779,3856,3346,3804,4701,5998,3392,3941,5993,12830,29.8671,29.3247,8.77689,47.4413
18537,3286,3482,3265,3066,3996,3833,3445,3240,6129,4686,3827,3440,12476,6461,4094,3366,27.2519,-25.5598,8.79752,48.0613
18538,6064,9193,5637,3950,4846,6083,4644,3786,3761,3957,3702,3422,3258,3411,3315,3254,-21.2149,-7.74281,8.90061,48.1887
18539,3134,3279,3519,3514,3291,3570,4063,4569,3430,3767,5243,8317,3316,3776,5504,9640,17.054,28.225,8.58849,47.9547
18540,6551,5773,4073,3514,7737,6903,4074,3484,4761,4593,3777,3320,3783,3596,3341,3175,-11.7341,-16.9099,8.77461,48.3033
18541,3471,3519,3486,3285,3699,4223,4313,3687,4347,6485,6821,4441,4372,5648,6097,4369,12.8662,0.652663,8.70613,48.1753
18542,3507,3970,4334,4087,3656,4765,7016,4887,3672,4897,7040,4894,3425,3903,4439,4095,0.196754,7.54595,8.86193,48.3913
18543,3282,3434,3233,3090,4134,3956,3505,3232,6650,4982,3858,3416,10483,7070,4025,3424,22.7175,-21.3968,8.54635,47.8493
18544,3125,3333,3603,3672,3283,3666,4232,4855,3457,3849,5187,9140,3388,3849,5263,8120,13.3922,26.4629,8.53476,48.0147
18545,3174,3516,3771,3656,3470,3896,4986,4647,3646,4503,7804,6514,3540,4217,5837,5370,9.62804,12.6802,8.72302,48.3647
18546,5000,4168,3559,3252,8817,5082,3783,3254,7865,4839,3766,3351,4602,4027,3450,3121,-1.51503,-29.2626,8.96965,47.9573
18547,5800,4542,3745,3273,9415,5425,3863,3308,6633,4545,3621,3287,4166,3930,3444,3162,-5.35839,-26.5308,8.64437,48.106
18548,3657,4192,4736,4182,3780,5198,7754,4999,3647,4501,5773,4494,3452,3756,4171,3802,-4.10167,6.47323,8.82079,48.0627
18549,7100,5677,4045,3390,8448,6259,4003,3455,4839,4429,3668,3263,3709,3673,3281,3120,-12.0816,-19.8137,8.7137,48.2393
18550,6699,9492,5646,3948,4854,5568,4259,3629,3763,3855,3628,3341,3343,3330,3332,3073,-25.0891,-9.4882,8.69421,47.84
18551,4323,6366,8305,5085,4055,5228,6292,4616,3535,3821,3845,3708,3220,3452,3425,3379,-19.6142,3.58894,8.79592,48.4367
18552,3104,3266,3375,3364,3257,3441,3830,4212,3479,3822,4854,7180,3401,3956,6017,11353,21.2827,32.6153,8.52251,47.9407
18553,4191,3926,3484,3229,6751,4657,3728,3258,9651,5102,3793,3362,5835,4444,3598,3345,4.95022,-30.9114,8.74382,48.236
18554,5213,4489,3708,3308,8042,6468,3953,3448,6306,5216,3831,3412,4190,3904,3433,3281,-4.33369,-18.7578,8.89389,48.1347
18555,4604,8331,8472,4820,4163,4957,4966,4173,3388,3683,3919,3446,3217,3317,3340,3287,-31.9839,0.347111,8.97186,48.0553
18556,3472,3645,3369,3143,4425,4408,3739,3284,6664,7216,4273,3488,6432,6614,4327,3632,13.6358,-13.9117,8.97154,48.0873
18557,8390,9416,4787,3558,5219,5276,4107,3481,3819,3767,3482,3310,3425,3485,3329,3091,-29.4044,-13.6229,8.77137,47.9613
18558,4567,7806,8725,5128,4136,4887,5064,4192,3480,3808,3760,3517,3231,3403,3374,3230,-26.5399,1.56745,8.92963,48.2053
18559,3466,4288,5871,5453,3608,4551,7929,6344,3433,3880,4772,4510,3308,3422,3907,3647,-10.1657,11.8282,8.64344,48.2593
18560,3399,3375,3229,3140,4091,3752,3463,3249,6255,4777,3767,3386,12600,6075,3981,3376,26.2153,-27.8725,8.79579,47.9433
18561,3096,3316,3336,3265,3276,3561,3913,4050,3500,4071,5421,6375,3475,4339,7660,9607,22.2366,18.2641,8.92857,48.174
18562,3347,3898,5726,8617,3388,3784,5484,8745,3201,3536,4229,4748,3097,3256,3488,3590,-14.8974,23.6609,8.84384,48.0893
18563,4138,6302,9476,5973,3835,4564,5538,4623,3396,3705,3820,3688,3148,3304,3390,3342,-25.1223,6.49856,8.7244,48.1613
18564,3268,3365,3313,3297,3567,3750,3816,3568,4128,4850,5063,4331,4467,7522,8630,4980,33.9725,1.60649,8.55619,47.9433
18565,3203,3258,3354,3397,3205,3510,3892,3873,3392,3938,4970,5819,3463,4212,7465,10923,31.088,20.3224,8.52118,47.916
18566,3388,3257,3247,3096,3641,3911,3571,3426,5266,5202,4117,3566,8189,9426,4976,3619,31.4582,-13.1471,8.53355,47.932
18567,3106,3363,3533,3709,3241,3502,4266,5295,3401,3869,5455,9863,3277,3932,5017,7556,11.2837,27.5687,8.84301,48.2567
18568,3684,4847,7292,5918,3759,4676,7274,5626,3384,3775,4372,4013,3247,3393,3527,3515,-14.8621,10.0219,8.68184,48.2013
18569,3376,3612,3442,3300,3789,4255,4078,3665,4560,7053,5925,4013,4734,6808,5677,4196,14.3334,-2.82292,8.90489,48.322
18570,3658,3501,3094,3101,4797,4065,3480,3236,9344,5181,3652,3424,8712,5366,3838,3304,14.233,-29.1355,8.8177,47.8353
18571,5200,4395,3564,3294,9002,5126,3783,3368,7527,4786,3771,3343,4417,4022,3506,3254,-2.37716,-25.7712,8.75996,48.2387
18572,11808,5861,3938,3361,7155,4866,3739,3363,4072,3849,3400,3197,3451,3290,3116,3117,-21.6215,-31.5428,8.85006,47.722
18573,3498,3476,3182,3043,4077,3869,3369,3243,7339,4974,3867,3343,11494,5909,3819,3378,21.4064,-31.5412,8.90071,47.92
18574,3154,3291,3422,3511,3258,3507,3858,3879,3473,3882,5046,5674,3426,4255,7755,10172,33.0002,18.0663,8.66893,47.7087
18575,3239,3173,3379,3419,3236,3429,3784,4011,3424,3921,4966,5889,3275,4147,7286,11245,33.8058,20.907,8.64012,47.882
18576,3698,3585,3378,3129,4571,4535,3753,3453,6888,7158,4360,3551,6200,6265,4251,3570,12.4736,-14.2476,8.60019,48.23
18577,3457,3972,6268,12195,3490,3823,4753,6201,3273,3413,3766,4062,3138,3305,3356,3450,-27.1273,25.9419,8.51787,47.948
18578,3193,3295,3366,3333,3319,3714,3879,3774,3713,4511,5983,4973,3894,5477,9238,6536,21.7492,8.97051,8.67649,48.132
18579,3343,3793,5040,7947,3398,3912,5324,9373,3343,3560,4123,5150,3141,3203,3656,3668,-12.6095,28.2183,8.57599,47.9827
18580,3256,3815,4460,5066,3406,3907,6058,8017,3334,3849,5213,6562,3214,3497,4118,4374,-3.0338,19.6597,8.63351,48.0973
18581,12360,6402,3984,3340,6030,4832,3811,3278,3993,3864,3479,3163,3347,3414,3207,3092,-30.1535,-25.1462,8.76124,47.7307
18582,3646,3610,3480,3225,4414,4740,3853,3449,6072,8063,4780,3612,5324,6068,4358,3586,10.8085,-10.7547,8.81647,48.1867
18583,3350,3334,3377,3279,3439,3752,3901,3613,3986,5000,5856,4475,4402,6532,8585,5203,21.6023,3.78377,8.59918,48.056
18584,3220,3502,4097,4430,3335,3715,4909,7935,3325,3791,4948,8714,3331,3640,4188,4896,1.1039,30.6019,8.83143,47.984
18585,10804,5854,3928,3365,7476,5005,3931,3416,4142,3891,3453,3304,3442,3434,3251,3102,-20.4099,-29.4981,8.61314,47.8653
18586,3209,3384,3402,3497,3439,3818,4239,4010,3665,4727,7243,5386,3838,4909,7647,6001,16.1421,9.53898,8.92243,48.276
18587,4030,5493,6547,4812,4070,5782,7272,4663,3752,4138,4330,3865,3250,3550,3561,3324,-13.6348,3.64928,8.50077,48.2927
18588,3544,3396,3356,3221,4050,4117,3545,3224,6462,5803,4062,3500,8600,7464,4424,3578,19.4483,-17.1797,8.74173,48.2307
18589,7165,8699,4894,3695,5571,6111,4336,3585,3935,4133,3563,3425,3361,3326,3249,3041,-20.4751,-12.1141,8.80469,48.0593
18590,3401,4072,6133,12266,3429,3755,4889,6321,3222,3431,3897,3935,3108,3174,3388,3257,-25.5189,33.0892,8.64401,47.7853
18591,3599,4253,5506,4847,3672,4820,8207,5807,3591,4120,5179,4436,3185,3549,3820,3716,-7.87967,9.42633,8.75895,48.2047
18592,3408,3367,3236,3116,4040,3754,3412,3184,5667,5047,3820,3449,10824,7587,4126,3334,32.7743,-19.8443,8.80664,47.5807
18593,3318,3575,3994,4347,3295,3921,5101,6663,3311,3851,5741,8539,3291,3609,4473,5253,3.56676,21.4057,8.85008,48.188
18594,3160,3179,3405,3402,3200,3510,3808,3906,3394,4003,5045,5869,3345,4279,7673,10848,27.404,19.3688,8.95571,48.0173
18595,10880,6107,3933,3397,7483,5036,3844,3366,4219,3872,3560,3261,3435,3373,3328,3187,-19.7475,-25.9617,8.85611,48.1873
18596,4555,5257,4608,3731,5122,8078,5485,3818,4380,5151,4309,3542,3712,3842,3550,3305,-7.70766,-6.17629,8.95473,48.2967
18597,3783,4418,4514,3847,4083,6303,6792,4438,4032,5202,5653,4096,3643,3795,4052,3631,-3.04638,1.54699,8.58316,48.188
18598,3361,3773,4301,4481,3480,4298,6660,6085,3506,4174,6511,6008,3305,3809,4377,4322,-0.0724047,13.3916,8.99326,48.3007
18599,6850,4766,3660,3268,10154,5189,3814,3350,5708,4276,3566,3275,3914,3677,3369,3162,-9.29357,-29.2262,8.98504,47.9987
18600,3369,3386,3225,3092,4210,3820,3525,3276,6642,5091,3876,3351,11353,6586,4088,3419,22.3533,-22.4503,8.99828,48.206
18601,3385,3375,3200,3069,3903,3747,3491,3170,5952,4798,3756,3422,12602,5955,4031,3402,28.8937,-32.0895,8.78084,47.5053
18602,3278,3766,6105,12380,3276,3760,4817,6198,3285,3508,3782,4002,3149,3277,3304,3495,-32.3342,27.8735,8.60386,47.588
18603,5126,8807,7361,4422,4329,5467,5067,4106,3492,3814,3830,3413,3355,3324,3276,3166,-24.4809,-2.38474,8.94322,48.2367
18604,3267,3519,4169,5167,3393,3775,5168,8961,3251,3672,4624,7506,3198,3549,4052,4569,-2.28729,27.6221,8.66109,47.8933
18605,3403,3444,3232,3080,4163,4064,3480,3249,6760,5499,4009,3402,9827,6878,4154,3486,20.8534,-20.0422,8.73641,48.0867
18606,3283,3221,3380,3432,3185,3563,3850,3738,3612,4176,5236,5149,3687,4946,9574,7918,31.8305,12.5577,8.92357,47.9667
18607,6856,6104,4099,3453,7741,6841,4030,3470,4542,4405,3660,3284,3614,3668,3279,3173,-12.8267,-17.1826,8.80599,48.146
18608,3223,3481,3961,4296,3263,3589,4603,6803,3418,3791,5033,9636,3325,3591,4444,5536,4.89979,30.6864,8.95658,47.9953
18609,4336,7242,9189,5284,4034,4666,5215,4372,3451,3615,3919,3573,3245,3303,3407,3229,-30.8228,2.98004,8.93851,48.0533
18610,3141,3448,3435,3424,3481,3768,4153,3894,3732,4741,6714,5129,3930,5429,8016,5772,17.9178,7.62012,8.70481,48.138
18611,3156,3281,3477,3472,3179,3431,3874,3985,3484,3743,4914,6729,3427,3899,5961,12000,23.8097,28.3453,8.70265,48.008
18612,4846,4222,3583,3253,8434,5067,3702,3261,8124,5052,3769,3441,4761,4128,3540,3229,-0.594272,-25.4018,8.95366,48.2747
18613,4583,4460,3707,3414,6137,6714,4280,3571,5800,6347,4211,3534,4264,4449,3666,3291,-0.935686,-13.5336,8.51251,48.2853
18614,3383,3373,3217,3132,3866,3809,3646,3343,5385,5205,4120,3574,8777,9104,4685,3571,29.2391,-14.7775,8.89635,48.1267
18615,3113,3277,3370,3275,3320,3435,3846,3940,3526,4043,5093,5481,3595,4545,8272,9657,28.3804,16.7494,8.58009,47.8587
18616,4573,4056,3469,3214,7899,4860,3811,3351,8439,4974,3761,3428,4936,4208,3555,3287,1.0401,-28.0189,8.52047,47.8807
18617,3060,3296,3379,3509,3213,3506,3862,3872,3383,3833,4815,5844,3508,4062,7335,11198,29.5311,21.1659,8.60363,47.7833
18618,3179,3210,3411,3381,3277,3592,3926,3803,3587,4224,5319,5224,3709,5010,9401,8044,32.036,12.5176,8.64297,48.198
18619,3201,3496,3666,3567,3335,3832,4743,4632,3622,4424,7864,6689,3539,4213,5988,5790,10.93,13.1213,8.97711,48.4007
18620,3644,3518,3247,3079,4810,4316,3627,3190,8319,5893,4011,3552,7628,5678,4000,3495,13.2591,-20.6846,8.644,48.0047
18621,3851,4692,5242,4295,4070,6159,7788,4667,3709,4456,5081,3970,3255,3653,3584,3569,-7.76856,3.44944,8.85551,48.0273
18622,3251,3368,3294,3278,3738,3877,3703,3472,4402,5377,4890,3924,5230,9061,6852,4313,23.8525,-3.63364,8.74172,48.02
18623,7656,6645,4229,3494,7093,6242,4221,3440,4412,4176,3610,3336,3671,3542,3362,3039,-16.1907,-17.2562,8.55098,48.112
18624,3168,3242,3474,3349,3369,3662,4079,3876,3679,4301,6375,5421,3792,5091,8615,6811,19.4871,10.6718,8.8984,48.2027
18625,3540,3448,3337,3183,4220,4212,3501,3311,6929,6270,4212,3566,7937,6994,4219,3489,16.8525,-16.6651,8.86312,48.2453
18626,3099,3252,3509,3427,3365,3664,4238,4205,3376,4242,6459,6915,3609,4273,6920,7697,16.3759,16.3453,8.86949,48.1667
18627,12322,6093,4002,3475,6368,4710,3927,3379,3944,3767,3445,3258,3362,3294,3197,3110,-25.2378,-32.0009,8.56762,47.7687
18628,3406,3417,3377,3094,3944,3727,3483,3260,6084,4628,3738,3424,12819,6074,3881,3342,31.9229,-29.6143,8.77968,47.7987
18629,3621,3581,3477,3168,4649,4436,3689,3406,7597,6806,4186,3438,6735,6014,4111,3399,12.6896,-16.9391,8.54057,48.2087
18630,3309,3481,3256,3019,3994,3828,3564,3357,5767,4981,3838,3511,10939,7563,4345,3414,28.7031,-19.7142,8.70225,48.1107
18631,3429,3915,5805,7936,3462,3986,5810,8232,3268,3641,4225,4725,3136,3252,3590,3526,-14.3392,20.9405,8.53594,47.9587
18632,3498,3903,6001,12557,3476,3773,4751,5927,3289,3364,3702,3790,3244,3206,3368,3393,-31.0205,33.6185,8.63376,47.4947
18633,3369,3607,3747,3672,3604,4234,5143,4252,3843,5329,7695,5301,3715,4460,5267,4583,7.71348,6.55622,8.50869,47.8807
18634,7956,5408,3999,3323,8928,5600,4004,3385,4868,4253,3526,3209,3650,3591,3409,3109,-13.0349,-23.9686,8.7763,48.1453
18635,4464,3933,3533,3233,7182,4852,3599,3341,8860,5442,3819,3403,5348,4512,3713,3298,2.94153,-25.0835,8.58951,48.3547
18636,3774,5173,8285,6020,3697,4688,6835,5325,3376,3820,4143,3866,3118,3318,3489,3556,-17.8749,9.39338,8.83169,48.322
18637,3170,3593,4293,5270,3316,3710,5017,9140,3172,3680,4613,7478,3181,3477,3966,4404,-2.79063,29.5231,8.60559,47.6533
18638,4689,4151,3567,3222,7682,4961,3682,3348,8444,5200,3842,3281,5051,4315,3574,3252,0.983823,-24.6267,8.96445,48.174
18639,3407,3352,3169,3154,3850,3757,3402,3221,5964,4878,3865,3480,11983,6834,4042,3278,31.7133,-22.6811,8.78916,47.7573
18640,3066,3207,3423,3410,3272,3434,3906,3830,3470,4123,5174,5422,3512,4782,8669,9183,30.0051,15.4049,8.74437,47.922
18641,3116,3343,3554,3743,3238,3578,4287,5025,3340,3871,5863,9308,3304,3765,5169,7447,11.5407,23.5653,8.81685,47.9673
18642,9452,7398,4170,3422,6645,5555,3979,3411,4054,3984,3627,3168,3531,3433,3125,3100,-20.4568,-18.5627,8.98065,48.036
18643,6205,6228,4312,3572,6866,7437,4419,3515,4419,4406,3762,3370,3650,3769,3327,3132,-12.3686,-13.9886,8.66919,48.2593
18644,3130,3160,3659,3395,3148,3467,4049,4137,3293,3912,4845,7201,3330,3929,5877,11400,21.5866,27.589,8.60168,47.9547
18645,3234,3233,3415,3494,3248,3651,4056,4464,3332,3843,5083,8708,3318,3889,5513,9729,16.604,31.2537,8.95316,48.14
18646,3208,3334,3286,3458,3326,3464,3706,3991,3342,3753,4792,6032,3219,3904,6117,12597,30.3147,29.8532,8.63569,47.686
18647,3317,3979,6706,11919,3375,3704,4799,5931,3247,3417,3852,4045,3168,3286,3361,3349,-32.802,23.0794,8.84275,47.6367
18648,4169,6287,8512,5409,3949,5100,5936,4503,3501,3712,3949,3687,3165,3458,3479,3244,-20.9732,4.2937,8.58629,48.04
18649,3218,3506,4001,4578,3264,3687,4906,7860,3356,3659,5109,8775,3349,3583,4201,4929,1.4329,27.6741,8.74221,47.9873
18650,3373,3455,3140,3074,3851,3781,3493,3175,6060,4770,3810,3340,12570,6180,3888,3477,30.2623,-30.141,8.50888,47.6247
18651,7885,6460,4138,3555,7566,6164,4076,3344,4526,4152,3636,3422,3590,3568,3343,3169,-15.7076,-18.2961,8.84674,48.396
18652,3291,3685,4618,6061,3381,3836,5333,9850,3306,3612,4383,6261,3230,3321,3804,4023,-6.38124,28.0194,8.92701,47.9967
18653,3764,3552,3320,3172,5049,4136,3584,3311,9381,5220,3885,3334,7969,5239,3813,3389,12.7726,-32.2499,8.73776,48.0787
18654,5322,9255,7148,4458,4307,4949,4800,3970,3629,3807,3702,3578,3312,3310,3295,3170,-30.319,-3.27526,8.87654,48.008
18655,3333,3402,3206,3169,3876,3952,3422,3267,5675,4960,3865,3445,11194,7162,4093,3439,32.551,-20.9679,8.64792,47.64
18656,3205,3204,3379,3409,3191,3513,3870,4134,3373,3854,5130,6570,3405,4090,6768,11028,23.1115,22.2188,8.60651,48.082
18657,8727,5228,3839,3392,9154,5103,3865,3374,4771,4169,3633,3252,3654,3548,3229,3071,-14.1375,-31.7654,8.75676,48.006
18658,3404,4011,7101,11931,3358,3783,4828,5936,3149,3391,3740,3881,3133,3150,3391,3456,-30.6898,21.9016,8.99615,47.762
18659,3066,3445,3536,3630,3213,3644,4169,5057,3401,3955,5498,9150,3334,3798,5401,8150,13.0087,24.4801,8.99525,48.298
18660,8840,7126,4350,3411,6738,5824,4012,3449,4256,4017,3628,3270,3521,3468,3304,3071,-18.8153,-18.1294,8.8017,48.19
18661,3491,3498,3268,3122,4279,4002,3580,3342,7690,5530,3933,3466,9509,6215,3970,3422,18.4417,-22.1844,8.55601,48.2113
18662,5986,5606,4005,3433,7279,7321,4340,3488,4798,4681,3794,3406,3830,3755,3433,3165,-9.86349,-15.4273,8.78874,48.2133
18663,3740,3660,3255,3096,5443,4379,3650,3237,9850,5213,3818,3363,6978,4895,3688,3343,9.67297,-31.538,8.6043,47.7387
18664,3400,3769,4537,4473,3659,4345,6981,6027,3519,4167,6363,5771,3393,3638,4177,4285,-1.49482,12.6491,8.58312,48.336
18665,3373,3896,5687,10040,3363,3824,5151,8230,3366,3438,4039,4242,3189,3260,3401,3499,-17.1541,33.7598,8.82907,47.9987
18666,3457,4049,6803,12011,3225,3846,4819,5995,3250,3359,3824,3915,3066,3291,3316,3361,-28.5115,23.7258,8.75861,47.7247
18667,3221,3307,3298,3224,3614,3907,3687,3455,4477,5462,4785,3916,5617,9299,6997,4354,24.8902,-4.14175,8.82411,48.4133
18668,3602,3847,3650,3424,4189,5190,4161,3562,5278,8236,5286,3775,4675,5432,4402,3686,7.48739,-6.79311,8.95799,48.2633
18669,3182,3300,3498,3655,3141,3439,3992,4784,3217,3879,5165,9400,3358,3804,5310,8565,13.8501,28.7992,8.97566,47.7927
18670,4282,4186,3728,3427,5316,6646,4524,3574,5307,6890,4559,3726,4259,4463,3766,3452,0.434745,-10.0115,8.57874,48.07
18671,3904,3727,3297,3043,5550,4384,3666,3359,9723,5591,3801,3454,6811,4938,3771,3325,9.46791,-24.6746,8.95194,48.2293
18672,3125,3309,3636,3915,3302,3558,4275,5684,3368,3806,5219,9906,3278,3803,4873,6838,9.03317,30.3906,8.64871,47.93
18673,3454,3429,3234,3126,3934,3688,3577,3220,5800,4954,3832,3344,11087,7364,4142,3399,33.1745,-20.2323,8.70517,47.7227
18674,3529,3575,3416,3232,3871,4299,3886,3462,5028,7526,5180,3931,5269,7239,5296,3935,15.2875,-6.39306,8.97076,48.4493
18675,3129,3285,3491,3420,3320,3374,3800,3928,3416,3700,4851,5940,3372,3831,5949,12311,33.4757,32.0137,8.59179,47.4113
18676,5845,5537,3983,3470,7692,7064,4213,3438,4999,4729,3693,3356,3868,3774,3407,3206,-9.04915,-16.4257,8.68785,48.1827
18677,8472,5240,3822,3236,9284,5153,3760,3350,4824,4054,3492,3310,3735,3488,3380,3113,-13.8875,-31.9929,8.9204,47.8087
18678,3156,3423,3708,3820,3194,3691,4454,5604,3387,3841,5579,9606,3341,3767,4897,6723,9.45409,24.5149,8.88157,48.1273
18679,11265,7243,4111,3450,5915,5045,3856,3446,3938,3694,3583,3256,3415,3376,3219,3126,-28.263,-20.795,8.70104,47.9587
18680,3522,3306,3268,3136,3894,3739,3474,3213,6009,4861,3776,3386,11580,7108,4078,3341,31.82,-21.9068,8.87038,47.794
18681,3603,3743,3628,3449,4070,4906,4427,3749,4572,7788,6272,4086,4371,5264,4606,3876,7.52174,-3.2436,8.99127,48.2733
18682,3170,3281,3346,3430,3329,3568,3796,3743,3485,4075,5282,5210,3635,4863,9201,8288,27.8269,13.4498,8.77004,47.8013
18683,3349,3879,5943,10857,3357,3817,5051,7827,3267,3486,3848,4260,2924,3232,3347,3432,-19.2451,25.6281,8.9946,47.9173
18684,3255,3635,4153,4534,3431,4017,5571,7044,3345,3890,5923,7716,3177,3650,4348,4731,1.13974,19.3076,8.76829,48.28
18685,3620,3692,3712,3438,4104,5134,4602,3696,4589,7799,6188,4052,4309,5023,4498,3866,7.09854,-3.17006,8.74715,48.2147
18686,3460,3827,5833,12561,3410,3789,4700,5968,3316,3511,3779,3933,3138,3302,3390,3350,-31.3314,30.3596,8.63412,47.5113
18687,3400,3987,6803,12184,3233,3752,4754,6027,3211,3427,3829,3974,3026,3236,3390,3406,-29.0248,24.1208,8.91023,47.7593
18688,3194,3240,3498,3426,3518,3760,4126,3922,3793,5093,6958,4934,3897,5511,7799,5563,17.0671,6.50848,8.93719,48.1547
18689,3164,3234,3436,3535,3246,3514,4161,4746,3395,3981,5191,9258,3354,3810,5387,8450,14.0061,33.7479,8.79413,47.908
18690,3330,3816,5938,12561,3390,3736,4766,6128,3227,3396,3755,3995,3179,3180,3368,3472,-33.5143,28.426,8.70077,47.4913
18691,10746,6092,3990,3396,7432,4989,3939,3335,4138,3907,3482,3199,3493,3421,3184,3058,-20.1262,-25.6915,8.66931,47.8673
18692,3608,3546,3561,3286,4101,4688,4193,3654,4944,7868,5685,3862,4705,5877,4862,3815,10.472,-5.16968,8.82232,48.17
18693,3017,3226,3497,3583,3273,3525,3933,4280,3311,3723,5207,8138,3413,3864,5658,10384,18.182,27.4784,8.6658,48.0213
18694,3421,3994,5612,6653,3435,4076,6541,8171,3384,3591,4450,4884,3095,3413,3661,3734,-11.3201,18.4648,8.763,48.0767
18695,3764,4417,4866,4289,3910,5550,7454,4794,3730,4559,5687,4342,3464,3760,4006,3850,-4.71044,5.07304,8.58689,48.2947
18696,3660,4067,4651,4272,3748,5045,7576,5205,3593,4511,5898,4721,3422,3751,4030,3850,-3.64699,7.51427,8.75061,48
18697,7679,4986,3806,3398,9552,5358,3935,3453,5072,4258,3489,3239,3679,3511,3291,3194,-12.1375,-31.8803,8.63541,47.9333
18698,3547,3488,3216,3086,4479,4083,3590,3252,8124,5477,3909,3334,9282,5931,3932,3408,16.8825,-23.796,8.88114,48.092
18699,3402,3874,4295,4165,3683,4467,6838,5270,3502,4504,7116,5452,3393,3956,4391,4250,0.699278,10.0701,8.9107,48.372
18700,6247,4824,3759,3269,9746,5282,3854,3459,6001,4504,3730,3178,3947,3791,3433,3069,-7.58918,-33.2328,8.72985,48.062
18701,3266,3408,3274,3157,3890,3681,3437,3195,6045,4690,3635,3398,12815,6110,3954,3424,28.4947,-32.4905,8.93215,47.586
18702,3211,3348,3212,3176,3737,3710,3717,3430,4672,5607,4642,3908,6023,9451,6396,4192,23.9205,-5.9212,8.73027,48.288
18703,6797,9986,5874,3954,4852,5327,4391,3596,3764,3668,3561,3434,3296,3394,3296,3185,-26.8368,-8.91121,8.97012,48.25
18704,3154,3223,3364,3346,3297,3434,3741,3927,3416,3875,4916,5904,3450,4106,6915,11925,29.242,22.6464,8.70078,47.9953
18705,4214,5915,7633,5107,3947,5384,6577,4688,3607,3931,3960,3915,3112,3434,3345,3483,-17.136,3.9642,8.56598,48.168
18706,3080,3346,3541,3693,3366,3809,4361,4392,3613,4382,6983,6316,3635,4433,6982,6533,14.8185,13.3443,8.55984,48.31
18707,3754,4108,4442,3974,3990,5297,6977,4564,3838,5077,6327,4625,3582,3901,4290,3797,-1.1256,4.59181,8.91853,48.362
18708,7257,5782,4050,3412,8165,6145,4095,3478,4661,4392,3665,3328,3678,3663,3289,3218,-13.4824,-19.3273,8.57029,48.1853
18709,3272,3440,3559,3734,3270,3560,4244,5238,3302,3906,5239,9732,3335,3755,4927,7351,11.0779,33.6266,8.80242,47.9093
18710,3188,3432,3821,3871,3450,3762,4588,5095,3454,4057,7035,7918,3223,3850,5522,5991,9.20339,17.281,8.77086,48.1713
18711,5030,4895,3889,3382,7237,7154,4312,3532,5461,5299,3893,3524,3973,4017,3568,3253,-5.31241,-15.0172,8.84394,48.2793
18712,3598,4281,6255,6081,3585,4435,7488,6872,3523,3785,4594,4384,3127,3382,3610,3561,-11.9244,13.3388,8.70494,48.374
18713,3438,3702,4464,4378,3521,4223,6602,6314,3453,4179,6284,6223,3290,3751,4325,4254,-0.78864,14.336,8.95237,48.2673
18714,3572,3356,3238,3116,4311,3970,3544,3345,7119,5451,3882,3349,9763,6431,3982,3464,19.3716,-21.6129,8.56913,47.9287
18715,3260,3492,3530,3331,3672,4236,4421,3860,4121,5998,7239,4520,4178,5524,6259,4606,12.9741,2.9982,8.94307,48.1647
18716,3507,3999,4084,3906,4150,5371,5957,4226,4011,5972,6693,4399,3683,4320,4189,3846,1.91536,1.78447,8.94219,48.2087
18717,3318,3477,3314,3049,3723,3923,3653,3326,5067,5232,4314,3647,7736,9484,5108,3702,27.2251,-11.606,8.55396,48.0487
18718,3414,3779,4309,4366,3553,4101,6593,6266,3591,4186,6400,6091,3399,3674,4205,4388,-0.191094,14.3323,8.64249,48.21
18719,3363,3658,4166,4774,3300,3737,5207,8179,3311,3790,5210,7789,3346,3637,4173,4791,-0.577832,23.2219,8.86804,48.2873
18720,3348,3775,4602,4757,3472,4220,6748,6726,3429,3992,5959,6045,3346,3636,4145,4224,-2.17653,15.1677,8.91053,48.2827
18721,7111,9512,5291,3777,5136,5619,4319,3499,3861,3936,3607,3359,3433,3328,3291,3098,-24.2302,-10.7399,8.60291,48.118
18722,3208,3472,3876,4171,3235,3751,4949,6173,3365,4056,6081,8493,3355,3688,4781,5625,5.13217,20.6877,8.57657,48.186
18723,3697,3616,3458,3186,4530,4428,3643,3340,7357,7061,4209,3445,6704,6175,4124,3559,12.9758,-16.2625,8.53684,48.3547
18724,3054,3349,3545,3609,3350,3525,4093,4825,3328,3804,5205,9341,3286,3932,5196,8400,13.391,28.3416,8.7899,47.8947
18725,3406,4093,6301,9838,3448,3802,5337,7801,3252,3659,3924,4252,3055,3173,3431,3599,-18.5966,22.6168,8.93329,48.2473
18726,3383,3470,3218,3254,3675,3898,3527,3282,5296,5144,4129,3671,8320,9041,4821,3537,31.5143,-13.6612,8.524,47.7773
18727,3143,3309,3414,3392,3254,3614,4015,4010,3472,3922,5844,6310,3451,4354,7518,8905,20.104,17.0617,8.94263,47.9513
18728,11853,5975,3991,3468,7115,4912,3746,3420,4082,3778,3435,3279,3428,3366,3164,3091,-22.3434,-30.8803,8.71116,48.0687
18729,3335,3746,4673,4837,3440,3934,6539,7462,3415,3911,5423,6463,3289,3578,4027,4320,-2.97143,17.3852,8.7994,48.2613
18730,3275,3696,4212,4920,3428,3900,5935,7954,3341,3771,5291,7229,3275,3600,4152,4615,-1.48702,20.7865,8.9387,48.396
18731,3615,4284,5581,4943,3704,4867,8167,5988,3454,4101,5109,4477,3235,3452,3754,3675,-8.4563,9.605,8.92407,48.2707
18732,3126,3324,3462,3256,3161,3466,3689,3934,3306,3776,4790,6021,3393,3989,6568,12091,30.9888,24.2598,8.61487,47.568
18733,3563,4508,7791,8601,3496,4119,5885,6339,3229,3518,3924,4038,3069,3244,3510,3518,-19.8596,16.42,8.87903,48.2347
18734,4441,4140,3523,3255,7254,4982,3679,3471,8679,5486,3787,3320,5245,4510,3613,3249,2.49441,-23.9908,8.52068,48.4227
18735,12456,6283,3832,3420,6350,4933,3759,3383,3953,3804,3385,3130,3391,3478,3219,3100,-26.594,-27.6145,8.67059,47.9173
18736,3919,3689,3402,3166,6051,4434,3729,3325,9846,5156,3768,3451,6409,4716,3798,3251,7.37651,-28.2483,8.9363,48.0733
18737,3617,3608,3321,3193,4727,4279,3653,3316,8241,6179,3905,3467,7467,5724,3954,3334,13.2592,-19.8182,8.73201,47.99
18738,3232,3163,3391,3367,3284,3628,3819,3905,3510,3963,5292,5525,3583,4510,8634,9315,26.6865,15.8383,8.9236,48.0807
18739,3111,3266,3354,3556,3242,3581,3992,4322,3421,3936,5574,7236,3492,4109,6625,9313,18.7667,19.9836,8.59206,48.0867
18740,3201,3719,4659,5959,3295,3873,5680,9459,3268,3746,4567,6177,3120,3481,3949,4016,-6.57336,23.6344,8.85651,48.1127
18741,3410,3525,3604,3420,3600,4528,4489,3714,4250,6480,7153,4580,4195,5466,5743,4176,10.9777,1.3588,8.69412,48.222
18742,3849,4603,5422,4456,3936,5912,8021,4944,3628,4345,5026,4178,3395,3605,3594,3614,-8.12685,5.03463,8.57273,48.352
18743,3081,3193,3410,3314,3227,3353,3839,3920,3423,3774,4870,6404,3404,3956,6128,12282,25.4271,29.9179,8.61942,47.7187
18744,3119,3586,3840,3880,3348,3963,5036,5229,3474,4208,7599,7215,3408,3891,5304,5494,7.39363,15.0283,8.75743,48.396
18745,3208,3387,3614,3738,3207,3724,4290,5273,3349,3833,5208,9643,3343,3792,4984,7283,10.6049,31.7313,8.50218,47.9173
18746,10874,6664,4101,3483,6948,4969,3948,3418,4103,3832,3529,3253,3336,3394,3177,3024,-21.7588,-22.6613,8.81162,48.0353
18747,3625,4501,6407,5776,3652,4719,7762,6080,3494,3810,4466,4312,3220,3441,3612,3548,-12.5817,11.1488,8.92929,48.2833
18748,3404,3398,3378,3249,3936,3695,3378,3253,5942,4760,3739,3471,12460,5798,3816,3318,33.5572,-32.0209,8.6925,47.33
18749,3199,3238,3432,3384,3464,3636,3796,3728,3927,4700,5535,4468,4192,6564,9278,5619,24.0523,4.83669,8.99397,48.1067
18750,3402,3664,4892,6350,3425,3880,5125,9928,3298,3579,4458,5690,3080,3298,3685,3945,-8.53142,33.3021,8.61372,47.7993
18751,3367,3835,4841,5242,3297,4046,6820,7648,3447,3796,5296,5823,3345,3314,3926,4097,-4.97451,17.1696,8.92839,48.0933
18752,3726,3692,3430,3060,5214,4394,3555,3291,9366,5651,3914,3426,7235,5211,3838,3344,11.1861,-23.3474,8.64214,48.2313
18753,3927,5153,7458,5350,3819,5092,7354,5140,3395,3925,4241,3954,3146,3503,3558,3385,-15.5838,7.15202,8.9953,48.2667
18754,3265,3391,3272,3172,3764,3816,3532,3346,5238,5236,4063,3652,7876,9880,5035,3704,32.3799,-12.3097,8.89936,48.1613
18755,4476,3950,3491,3189,7439,4925,3709,3283,8852,5350,3724,3328,5081,4384,3629,3321,2.40483,-24.5552,8.92581,48.0873
18756,5496,4391,3587,3313,9471,5209,3642,3401,6987,4728,3817,3280,4261,3912,3382,3155,-3.96331,-26.86,8.66505,48.0213
18757,3527,3872,3891,3541,4011,5000,5221,4016,4199,6586,6991,4447,3926,4622,4690,4033,5.69367,0.898866,8.53181,48.382
18758,3271,3519,3696,3675,3425,3917,5063,4637,3604,4786,8081,6245,3610,4223,5596,5093,8.8828,11.4109,8.75373,48.294
18759,4291,4575,3996,3615,5261,7529,4821,3629,4744,6248,4605,3642,4015,4117,3698,3469,-2.65809,-8.11145,8.95317,48.17
18760,3312,4054,6249,12412,3287,3729,4838,6063,3312,3353,3808,3860,3014,3240,3305,3457,-33.5775,26.0668,8.62903,47.5287
18761,3189,3310,3390,3397,3204,3463,3776,3959,3439,3756,4863,6245,3409,3923,6085,12672,26.5774,29.135,8.79916,48.0533
18762,4809,5200,4093,3602,6209,8125,4627,3621,4644,5432,4075,3485,3794,3767,3552,3335,-6.45818,-11.3241,8.85841,48.2467
18763,4605,5707,4782,3818,5004,8123,5648,3869,4101,4829,4199,3567,3650,3651,3567,3320,-9.36084,-5.51288,8.75954,48.2933
18764,3482,4400,8089,10267,3542,3924,5297,5835,3279,3500,3948,3938,3155,3088,3372,3384,-26.0648,18.0938,8.76618,48.3333
18765,4817,4161,3547,3250,8086,4983,3776,3267,8321,5187,3688,3336,4793,4248,3512,3248,-0.0127521,-26.3453,8.80059,48.1467
18766,6184,7869,5021,3756,5532,7091,4565,3664,4002,4050,3721,3365,3371,3609,3255,3161,-16.6836,-10.1762,8.95513,48.144
18767,8551,5187,3991,3388,9176,5116,3742,3355,4768,4166,3526,3224,3649,3579,3348,3124,-14.2482,-30.9757,8.58485,47.9267
18768,4989,8654,7669,4581,4371,5243,5013,4120,3638,3706,3709,3547,3363,3246,3445,3203,-24.6118,-1.39882,8.96825,48.3313
18769,3197,3326,3364,3320,3305,3620,3868,3649,3846,4780,5738,4663,4240,6280,9238,5674,23.345,5.76517,8.76157,48.072
18770,3357,3421,3273,3049,3876,3777,3519,3248,5562,4986,3919,3502,10111,8264,4395,3622,30.7287,-17.9491,8.72224,47.9207
18771,3456,3541,3262,3168,3888,3746,3552,3288,5340,5146,4063,3431,9305,8755,4579,3604,31.6368,-15.9436,8.81622,48.0827
18772,3409,3596,3684,3403,3666,4171,4357,3892,4072,5990,7120,4553,4125,5452,6123,4489,12.6338,2.63913,8.56428,48.068
18773,3457,3337,3295,3076,4053,3772,3447,3263,5883,4943,3759,3337,11570,7061,3967,3369,33.8538,-22.0699,8.86986,47.726
18774,10923,7530,4240,3375,5982,4927,3903,3447,3988,3799,3527,3244,3455,3409,3207,2965,-26.4484,-20.1023,8.92203,47.9473
18775,3111,3389,3371,3394,3258,3406,3813,3999,3405,3882,4955,6471,3427,4053,6616,11505,24.55,23.8846,8.59378,48.0367
18776,5324,9449,6722,4200,4440,5193,4605,3933,3717,3868,3667,3536,3319,3485,3435,3119,-30.2036,-4.10762,8.71203,48.008
18777,3341,3745,3991,3756,3693,4507,5674,4448,3825,5493,7865,4934,3675,4294,4888,4404,4.87521,6.00734,8.78934,48.3553
18778,5473,4733,3781,3318,8444,6414,3907,3491,6002,5160,3837,3227,4256,3917,3558,3207,-5.02474,-18.6942,8.82747,48.4833
18779,3698,3716,3403,3181,4620,4645,3859,3342,7374,7068,4153,3600,6211,5873,4076,3499,11.3979,-15.8778,8.51827,48.212
18780,3750,4655,8412,7661,3518,4125,5807,5731,3286,3506,4026,3852,3103,3249,3553,3446,-21.15,13.8319,8.68948,47.7867
18781,5558,5454,4068,3459,6806,7925,4446,3600,4739,4968,3929,3477,3672,3766,3518,3190,-8.68057,-13.0827,8.72451,48.3833
18782,3421,3483,3393,3395,3748,4477,4255,3720,4420,7029,6395,4160,4474,5848,5625,4188,11.9312,-1.55819,8.62026,48.0207
18783,3149,3222,3463,3301,3220,3420,3753,3959,3416,3747,4723,6282,3309,3888,6131,12538,26.4531,28.2885,8.6767,47.6807
18784,4026,6411,9486,6016,3703,4552,5273,4588,3399,3683,3816,3776,3242,3282,3413,3327,-28.3053,6.2499,8.51313,47.9953
18785,2984,3196,3390,3435,3166,3473,4084,4254,3456,3847,5359,7231,3439,4193,6665,9867,19.3163,21.6727,8.58404,48.026
18786,3251,3399,3255,3320,3529,3894,3670,3499,4330,4948,4872,4119,5216,8760,7432,4484,30.957,-2.41783,8.71587,47.9853
18787,3156,3337,3549,3682,3283,3534,4219,4848,3373,3924,6008,8751,3301,4013,5627,7592,12.5935,20.932,8.8783,48.1313
18788,3074,3206,3540,3351,3284,3451,4073,4274,3420,3950,5516,7517,3450,4031,6350,9295,18.1147,21.2554,8.6941,47.8547
18789,4398,6830,6920,4581,4253,5914,6114,4323,3620,3940,3975,3795,3227,3438,3431,3305,-17.7013,0.681906,8.51164,48.0427
18790,5157,9020,7624,4447,4344,5117,4812,3948,3570,3783,3512,3584,3332,3393,3358,3230,-30.9547,-2.37146,8.76577,48.154
18791,4125,4064,3592,3347,5728,5773,4032,3524,6945,7049,4280,3418,4752,4679,3979,3363,3.45701,-14.7315,8.98832,48.4333
18792,3328,3871,6219,12546,3372,3761,4721,6004,3278,3522,3839,3799,3154,3238,3338,3351,-31.6642,26.8501,8.86286,47.5607
18793,3202,3353,3491,3585,3310,3555,4112,4531,3442,3823,5862,8037,3364,3992,6036,8574,15.7682,21.1712,8.70215,48.1793
18794,3598,4656,7505,6684,3681,4358,6806,5974,3400,3690,4166,4152,3094,3401,3568,3390,-16.5739,12.8694,8.57234,48.082
18795,3409,3368,3290,3136,4088,4075,3612,3296,6389,6073,4177,3577,7924,7520,4544,3572,18.8064,-15.6495,8.56797,48.0333
18796,3693,3687,3281,3111,4853,4381,3713,3374,8654,6186,3989,3415,7192,5626,3911,3349,12.3073,-20.2514,8.96834,48.2767
18797,3947,3572,3257,3197,5274,4244,3655,3315,9221,5708,3956,3374,7209,5185,3920,3326,11.1572,-22.7965,8.63756,48.24
18798,5081,6029,4659,3886,5604,7858,5197,3810,4286,4682,4069,3465,3570,3723,3569,3306,-10.5974,-8.49526,8.51325,48.5293
18799,3383,3325,3161,3087,3967,3764,3466,3206,6441,4960,3894,3301,11980,6775,3945,3361,25.5331,-23.7863,8.99824,48.0107
18800,7340,8545,4952,3669,5402,6128,4512,3643,4024,3967,3639,3245,3341,3425,3345,3185,-21,-12.3877,8.55958,48.2413
18801,4057,5803,7573,5248,3889,5213,6708,4813,3479,3919,4093,3789,3149,3392,3420,3347,-17.3214,4.74264,8.51862,47.928
18802,4531,4035,3501,3138,7574,4668,3745,3342,8994,5045,3731,3387,5167,4324,3647,3282,2.33987,-27.9485,8.75614,48.074
18803,4110,4593,4066,3599,5064,7578,5266,3797,4601,6044,4675,3760,3882,4139,3796,3302,-3.00582,-6.27973,8.52838,48.1813
18804,3372,3391,3234,3140,3945,3774,3496,3327,5676,5066,3917,3435,10582,7992,4390,3476,31.0095,-18.3871,8.95678,48.142
18805,3684,4072,4004,3674,4306,6234,5436,4034,4395,6876,5782,4047,3858,4388,4096,3653,1.30444,-2.83278,8.99571,48.3593
18806,8706,6802,4221,3496,7108,5825,4024,3467,4243,4043,3497,3275,3520,3416,3255,3118,-17.9962,-18.6289,8.77787,48.0107
18807,3306,3252,3391,3377,3362,3598,3795,3834,3577,4050,5143,5313,3681,4782,9206,8434,30.8922,13.695,8.55391,48.0673
18808,4329,4041,3657,3280,5898,5844,4092,3413,6771,6793,4227,3445,4682,4488,3772,3391,2.30172,-14.9938,8.95268,48.082
18809,3304,3396,3358,3197,3678,3987,3581,3426,4853,5261,4500,3794,6136,9615,5751,3817,33.7765,-7.75136,8.55337,47.7693
18810,10172,6922,4217,3466,6572,5328,3906,3501,4021,4003,3434,3364,3440,3382,3279,3118,-22.0381,-20.6247,8.51369,48.0833
18811,8463,9441,4651,3620,5262,5245,4192,3513,3920,3824,3450,3244,3265,3356,3274,3070,-31.0396,-13.5833,8.94627,47.86
18812,7962,9378,4873,3579,5200,5180,4236,3554,3781,3893,3701,3385,3446,3468,3271,3105,-32.9584,-12.6633,8.50863,48.008
18813,6021,9296,5973,3932,4739,5890,4707,3809,3776,3883,3637,3352,3314,3331,3260,3153,-22.2095,-6.9455,8.64424,48.0487
18814,3363,3404,3233,3112,4117,3869,3396,3208,6471,5171,3807,3454,10415,7077,4126,3398,22.7506,-20.5178,8.6664,47.7473
18815,3405,3295,3181,3204,4047,3859,3410,3280,6581,5053,3852,3463,11217,6422,4012,3548,22.9575,-22.9888,8.65551,47.886
18816,7100,4945,3803,3384,9943,5184,3755,3366,5401,4340,3665,3325,3758,3540,3284,3250,-10.2097,-32.3101,8.92906,48.0287
18817,3385,3476,3200,3143,4019,3794,3335,3249,6002,5248,3926,3480,10175,7756,4276,3496,24.8583,-18.9931,8.86561,47.9733
18818,11662,6993,4007,3408,6246,4937,3836,3406,4011,3773,3505,3155,3386,3438,3191,3086,-25.3395,-22.5862,8.78719,48.0267
18819,4023,5873,9828,6331,3805,4549,5622,4745,3351,3559,3833,3803,3081,3305,3409,3290,-24.6181,7.72179,8.93478,48.2713
18820,3415,3902,4500,4271,3664,4712,7265,5471,3729,4433,6705,5057,3292,3727,4125,4113,-1.57844,9.35065,8.98699,48.254
18821,3870,4291,3938,3543,4544,6684,5062,3803,4629,6886,5222,3898,3999,4340,4142,3582,0.66393,-4.54308,8.88984,48.2887
18822,4031,5618,9145,6035,3835,4584,6060,4855,3330,3641,3945,3706,3051,3333,3432,3369,-21.8486,7.50119,8.64643,47.98
18823,3774,4159,4454,3909,4022,5768,6882,4628,3890,5199,6351,4375,3518,4054,4187,3747,-1.68694,3.54502,8.88982,48.6113
18824,8556,6430,4214,3464,7491,5805,3855,3445,4292,4118,3587,3252,3559,3525,3312,3099,-17.0074,-19.2529,8.93281,48.0027
18825,3444,4033,6288,12098,3368,3786,4812,6334,3188,3465,3773,4102,3081,3253,3280,3445,-25.1163,26.0908,8.61181,47.8333
18826,3376,3718,3965,3883,3638,4580,6121,4800,3848,5037,7662,5171,3511,4062,4680,4223,3.21205,7.50925,8.97045,48.1833
18827,4491,7303,9105,5238,4013,4836,5137,4422,3553,3597,3789,3566,3232,3261,3385,3358,-32.2853,2.92651,8.76757,48.1907
18828,3555,3721,3576,3234,4281,4726,4099,3466,5519,8127,5073,3785,4914,5886,4441,3659,10.0625,-8.61316,8.67631,48.0413
18829,5508,8257,5915,4072,4665,6378,5015,3987,3804,3950,3736,3544,3415,3382,3309,3183,-19.4604,-5.57411,8.58846,48.08
18830,11656,6045,3839,3409,7263,4824,3794,3394,4080,3906,3483,3333,3438,3442,3228,3123,-21.2429,-28.4188,8.84139,48.1713
18831,3255,3467,4089,4622,3359,3740,4995,7952,3419,3810,5026,8578,3179,3572,4245,4944,1.01286,27.1601,8.61278,48.168
18832,11371,7568,4226,3353,5851,4982,3886,3336,3880,3820,3465,3289,3496,3306,3215,3052,-29.4795,-19.9246,8.94445,48.064
18833,3175,3295,3660,3714,3274,3616,4461,4967,3480,4071,6438,8482,3569,4013,5550,6597,10.9784,19.1142,8.88885,48.2413
18834,6818,6304,4297,3486,7353,6790,4317,3470,4532,4376,3637,3358,3617,3519,3323,3167,-13.6875,-16.3292,8.60267,48.2427
18835,3266,4000,5804,9657,3461,3890,5289,8251,3270,3541,4094,4529,3102,3309,3492,3547,-17.0131,24.3946,8.70901,48.3347
18836,3703,3515,3304,3130,5029,4161,3564,3323,9509,5164,3878,3339,8033,5263,3759,3304,12.1776,-25.5148,8.78998,47.9853
18837,3196,3344,3625,3641,3243,3413,4210,5294,3364,3806,5197,9564,3422,3809,5053,7493,11.3737,32.6348,8.58847,47.7827
18838,3348,3930,6192,12020,3301,3775,4975,6710,3188,3444,3752,4000,3064,3201,3399,3365,-24.512,27.0187,8.76854,47.776
18839,6906,9892,5641,3813,4874,5312,4476,3719,3748,3830,3594,3321,3337,3282,3353,3107,-27.2433,-9.65589,8.88227,48.1367
18840,3081,3304,3359,3383,3139,3355,3873,4044,3376,3799,4631,6027,3468,3959,6100,12663,31.6383,29.0125,8.55595,47.7073
18841,3267,3320,3323,3285,3520,3799,3843,3729,4027,5044,5627,4365,4327,6738,8966,5337,22.9903,4.08277,8.70272,48.3447
18842,3618,3850,4140,3861,3927,5054,6156,4444,3769,5366,7073,4690,3666,4182,4431,4136,1.50057,4.77042,8.6041,48.242
18843,3109,3225,3267,3415,3265,3417,3754,3944,3418,3849,4910,5984,3387,4010,6427,12116,33.8692,23.8967,8.8007,47.6647
18844,3190,3207,3290,3405,3306,3379,3723,3867,3355,3795,4663,6022,3458,3836,6050,12714,27.7918,32.698,8.83705,47.5067
18845,11193,6678,4056,3418,6661,5150,3803,3392,4105,3792,3525,3209,3303,3448,3243,3065,-22.6506,-22.9714,8.72026,48.0273
18846,3274,3893,6090,12081,3289,3824,4880,6669,3209,3494,3827,4106,3056,3215,3360,3466,-23.6228,27.5487,8.6524,47.822
18847,3593,3465,3278,3223,4657,4044,3521,3254,9116,5074,3684,3427,8852,5334,3845,3343,14.3506,-31.9592,8.93222,47.8067
18848,3075,3431,3603,3540,3246,3691,4360,4660,3483,4135,6814,7808,3436,4164,6051,6988,13.1679,17.3278,8.98377,48.3233
18849,3561,3657,3336,3068,4595,4191,3509,3336,7649,6046,4164,3396,8057,6343,4041,3546,15.4694,-19.5301,8.54048,48.33
18850,3332,3433,3339,3109,3847,3910,3547,3306,5113,5210,4084,3538,7924,9573,5055,3741,30.9743,-12.5744,8.78009,48.0407
18851,3911,4885,5029,4055,4244,6611,7215,4481,3774,4650,5091,3956,3549,3710,3793,3588,-7.14053,1.31566,8.56313,48.3613
18852,3058,3308,3498,3426,3277,3528,3990,4382,3403,3932,4921,7449,3403,4001,5853,10921,20.1517,28.6219,8.61402,48.2333
18853,7249,9661,5510,3672,4907,5470,4293,3539,3798,3857,3683,3318,3288,3367,3233,3201,-25.3765,-10.1883,8.88062,48.0307
18854,3343,3488,4120,4586,3313,3730,4993,7422,3225,3859,5369,8522,3221,3584,4440,4989,1.82433,23.5292,8.82791,48.136
18855,3130,3257,3530,3678,3221,3598,4106,4742,3401,3906,5186,8904,3399,3828,5451,8909,15.0265,30.5638,8.68349,48.164
18856,8464,6599,4292,3502,7137,5843,3983,3468,4428,4133,3627,3341,3572,3457,3302,3175,-17.258,-18.5668,8.56899,48.2153
18857,3608,3637,3413,3183,4432,4350,3676,3284,6490,7416,4458,3565,6186,6553,4413,3607,13.5235,-13.1954,8.98722,48.1807
18858,3156,3138,3567,3536,3222,3589,4101,4310,3408,3978,5836,6911,3478,4145,6945,9057,18.5236,18.728,8.84104,48.2513
18859,3762,3602,3339,3069,4531,4479,3727,3544,7016,7301,4342,3539,6213,6241,4295,3554,12.6005,-14.5957,8.68307,48.3693
18860,2981,3304,3287,3358,3298,3503,3889,3894,3407,4129,5512,5489,3636,4757,8821,8599,23.8717,14.4955,8.79916,47.9093
18861,4496,6612,7060,4644,4281,5890,6262,4394,3726,3964,4004,3655,3259,3476,3472,3296,-17.0507,1.058,8.98804,48.3273
18862,3452,3971,5474,6893,3482,4189,6210,8579,3245,3570,4287,5150,3151,3357,3603,3684,-11.2727,20.0459,8.61858,48.198
18863,3549,4301,6502,7467,3472,4144,6481,7056,3284,3614,4148,4461,3201,3307,3422,3614,-15.2778,16.9523,8.6219,48.0153
18864,3993,5933,9778,6341,3727,4405,5171,4605,3413,3672,3788,3728,3240,3264,3321,3250,-31.4971,7.54021,8.60297,47.7527
18865,4767,8674,8150,4650,4271,4789,4802,4162,3621,3869,3798,3518,3214,3429,3301,3212,-32.6203,-0.808839,8.90579,48.1513
18866,3365,3750,4617,5396,3390,3873,5726,9065,3274,3703,4964,6409,3113,3347,3900,4182,-4.82333,22.3319,8.75618,48.0493
18867,3463,3932,6045,12660,3376,3812,4739,5891,3156,3437,3758,3928,3046,3222,3437,3380,-29.2469,27.3229,8.93487,47.5213
18868,11701,6797,3982,3205,5962,5028,3873,3312,3997,3833,3461,3311,3387,3305,3257,3148,-32.8784,-22.9744,8.51054,47.706
18869,4139,3922,3440,3196,6214,4821,3649,3330,9218,5917,3998,3268,5716,4657,3736,3241,5.53514,-22.1187,8.96659,48.308
18870,3469,3316,3249,3130,4043,3899,3555,3290,6598,5341,3933,3425,10582,7065,4214,3454,22.7602,-20.7804,8.84039,48.3753
18871,3377,3715,4655,6184,3352,3706,5269,10022,3285,3616,4516,6238,3160,3370,3745,4037,-7.11229,28.5908,8.90802,48.1647
18872,4997,6484,5081,3943,5064,7693,5370,3945,3949,4454,4043,3592,3489,3598,3395,3218,-12.9904,-5.48627,8.98194,48.21
18873,5161,4291,3498,3318,8722,5363,3775,3382,7363,4947,3762,3290,4455,4131,3419,3316,-2.23894,-24.3997,8.50499,48.1287
18874,3253,3338,3290,3026,3921,3907,3625,3257,5244,5087,4053,3531,8796,9173,4735,3584,31.1183,-14.4233,8.84537,47.88
18875,4301,5927,5311,4032,4683,7443,6430,4088,3918,4509,4251,3555,3284,3690,3583,3301,-11.3148,-2.55173,8.92823,48.204
18876,5033,4193,3598,3253,8388,5107,3740,3346,7733,5014,3787,3204,4654,4100,3612,3166,-0.961323,-25.7834,8.69218,47.952
18877,12091,6561,3886,3433,6121,4832,3800,3355,3963,3825,3440,3149,3400,3412,3217,3194,-27.2641,-24.6658,8.52949,47.786
18878,3456,3773,6091,12206,3382,3816,4806,6248,3229,3433,3781,3964,3135,3164,3371,3412,-26.8111,30.9562,8.52665,47.5113
18879,8006,9602,4941,3707,5332,5275,4135,3483,3772,3706,3406,3213,3366,3372,3291,3102,-30.1283,-12.5887,8.71601,47.806
18880,5016,8254,7224,4421,4376,5505,5152,4097,3691,3806,3795,3502,3228,3426,3382,3247,-22.0431,-1.87184,8.71437,48.0813
18881,3391,3456,3219,3024,3880,3881,3501,3195,6014,5090,3817,3392,10956,7409,4201,3400,26.2522,-20.6049,8.80764,47.884
18882,3528,3637,3471,3365,3918,4650,4385,3633,4581,7697,6112,4048,4503,5594,5212,4008,10.4852,-2.83179,8.88844,48.228
18883,4289,6648,9565,5777,3879,4480,5322,4604,3415,3707,3713,3604,3189,3367,3353,3306,-25.9797,5.20256,8.83524,48.1453
18884,3295,3319,3253,3172,3806,3704,3453,3219,5916,4766,3831,3338,12481,6094,3961,3434,28.8682,-33.7228,8.80117,47.3613
18885,3322,3369,3747,3494,3553,3993,4818,4402,3777,5015,8234,5920,3663,4355,5880,5003,9.63284,9.3809,8.97882,48.3633
18886,3480,3711,3563,3368,4105,5003,4233,3554,5098,8048,5382,3916,4692,5579,4540,3786,8.99628,-5.92963,8.73377,48.0387
18887,4351,4184,3579,3216,6952,5238,3742,3389,7968,5927,3803,3345,5109,4484,3652,3290,2.23682,-20.4163,8.72835,48.1527
18888,3153,3203,3325,3472,3470,3435,3687,4045,3425,3764,4829,6475,3296,3962,6564,12027,25.1051,25.6672,8.71372,48.088
18889,3209,3193,3450,3357,3334,3594,3836,4111,3396,3953,5301,6550,3383,4184,7122,10314,22.727,20.7748,8.57273,48.1913
18890,3298,3766,4523,5143,3485,3951,6118,8381,3388,3727,5161,6291,3174,3466,4017,4206,-3.99828,19.7099,8.82527,48.0633
18891,3161,3232,3557,3654,3285,3577,4134,4698,3394,3836,5283,9476,3363,3857,5235,8133,13.0211,33.9445,8.79672,47.9167
18892,3562,3806,3799,3617,3941,5100,4888,4011,4385,7064,6584,4254,4008,4793,4638,3932,5.82903,-0.789608,8.76897,48.2547
18893,3378,3471,3296,3260,3713,3986,3769,3425,4771,5993,4917,3787,5512,8792,6247,4143,21.0588,-5.13735,8.67148,48.3067
18894,3384,3425,3245,3174,3785,3769,3631,3361,4899,5392,4285,3696,7074,9758,5505,3782,27.1154,-9.71865,8.55372,48.11
18895,6943,5451,3883,3414,8841,6089,4025,3446,4775,4354,3812,3156,3818,3698,3427,3164,-11.8895,-20.4055,8.89009,48.1973
18896,3293,3676,4708,5793,3461,3987,6001,8935,3292,3697,4802,6225,3185,3499,3926,4088,-6.20661,21.2675,8.54412,48.3787
18897,3284,3316,3404,3193,3526,3742,3687,3566,4127,5006,4830,3963,5034,8987,7812,4555,30.8491,-1.6023,8.887,48.0213
18898,4072,6136,7490,4977,4077,5468,6572,4630,3541,3950,4038,3803,3244,3332,3491,3351,-17.0878,3.03059,8.91203,48.1147
18899,3284,3487,3468,3404,3623,4133,4235,3737,4220,6095,6773,4509,4344,5922,6516,4606,14.5158,1.6904,8.54948,48.2373
18900,6469,4980,3737,3417,9298,5844,3904,3274,5527,4543,3660,3346,3898,3704,3359,3147,-8.97473,-22.2052,8.63529,48.0713
18901,3532,4258,7993,10341,3395,3938,5173,5761,3197,3445,3790,3922,3088,3199,3401,3511,-32.0881,18.5705,8.63694,47.9627
18902,4470,6299,7252,4938,4111,5744,6391,4522,3625,4016,4112,3696,3241,3352,3394,3338,-17.0709,2.11231,8.56215,48.334
18903,3336,3826,4765,6012,3485,4008,6134,8843,3377,3708,4803,5937,3144,3363,3828,4133,-6.69209,21.1725,8.62597,48.468
18904,5312,4385,3579,3248,9119,5148,3866,3406,7368,4699,3631,3435,4439,4050,3560,3124,-2.95136,-28.1964,8.73835,48.246
18905,3368,3611,4124,4340,3359,4035,5786,5947,3489,4132,6628,6817,3383,3813,4685,4641,2.3133,16.0541,8.59359,48.1053
18906,3214,3478,3789,4144,3352,3603,4549,6459,3420,3805,5340,9595,3342,3671,4577,5785,5.84813,33.2586,8.5651,48.082
18907,3124,3122,3457,3379,3172,3473,3936,4220,3238,3843,5003,7594,3416,3833,5811,11136,19.8337,28.7768,8.92985,47.838
18908,3436,3829,5992,12577,3401,3788,4615,6040,3255,3396,3780,3879,3159,3297,3427,3370,-30.1947,29.8966,8.56257,47.494
18909,3985,4125,3783,3374,5182,6154,4144,3501,5818,7469,4642,3637,4506,4648,3963,3502,2.78185,-10.8207,8.93296,48.2887
18910,5013,4271,3726,3221,8401,5563,3836,3217,7449,5119,3878,3333,4575,4009,3462,3263,-1.52994,-22.2604,8.74769,48.224
18911,3555,4631,8292,7919,3516,4312,5868,5852,3276,3603,4089,3985,3097,3376,3422,3355,-20.3138,14.2576,8.92426,48.0987
18912,3253,3408,3627,3470,3483,3860,4399,4084,3766,5018,7513,5231,3922,5070,6888,5283,14.0506,7.41997,8.53885,48.1833
18913,3391,3658,3957,3760,3553,4069,5468,4677,3525,4942,8048,5618,3608,4209,5193,4644,6.43843,9.06028,8.53188,48.2133
18914,3428,3388,3277,3059,4115,3857,3524,3165,6518,5173,3847,3347,10980,6725,3987,3397,22.7288,-22.4282,8.63989,47.858
18915,3115,3292,3662,3699,3219,3652,4361,4988,3449,3882,5991,8671,3447,4051,5471,7336,12.3699,21.1063,8.64553,48.1907
18916,3208,3513,3904,4071,3421,3714,5258,5497,3455,4190,7046,7357,3475,3902,4938,5273,5.83002,16.1908,8.81034,48.148
18917,6568,6933,4406,3589,6516,7028,4392,3522,4344,4212,3652,3383,3446,3544,3365,3196,-14.7156,-13.9833,8.58877,48.064
18918,3625,3611,3353,3308,4254,4818,3965,3490,5738,8176,4963,3756,5044,6158,4554,3674,10.4973,-9.32965,8.79015,48.3247
18919,3337,3579,3901,3825,3356,3951,5393,4933,3524,4470,7633,6718,3495,4051,5117,4937,6.3769,12.7477,8.79237,48.1467
18920,3217,3520,3936,4003,3435,3947,5420,5324,3446,4257,7444,7013,3402,3902,4820,4958,4.89191,14.3466,8.99633,48.0293
18921,3056,3199,3400,3425,3233,3441,3795,3948,3341,3756,4833,6270,3431,4016,5946,12650,26.3247,30.1007,8.66358,47.8267
18922,8511,6088,3986,3392,8055,5780,3886,3394,4414,4164,3652,3370,3415,3485,3233,3189,-15.9774,-20.5584,8.613,48.0093
18923,4410,5713,5132,3946,4795,7511,6337,4006,3922,4523,4343,3586,3528,3763,3579,3318,-10.3107,-2.56012,8.96231,48.2747
18924,12742,6096,3860,3424,5853,4790,3727,3378,3905,3787,3419,3287,3434,3275,3232,3154,-30.0539,-33.6124,8.91049,47.5753
18925,3712,3705,3416,3097,4685,4587,3809,3401,6926,7484,4431,3546,5974,5900,4192,3483,10.7192,-14.243,8.78401,48.232
18926,7715,6299,4209,3432,7455,6268,4185,3533,4535,4238,3642,3352,3466,3618,3261,3182,-14.9789,-18.0686,8.58169,48.26
18927,3213,3399,3638,3493,3469,3766,4447,4236,3552,4533,7510,6406,3688,4421,6625,5886,13.2393,12.2794,8.90709,48.188
18928,9079,5393,3887,3299,8845,5235,3909,3355,4727,4033,3560,3227,3653,3501,3251,3131,-15.374,-26.9168,8.56861,48.0567
18929,4223,6491,9422,5788,3970,4498,5172,4480,3431,3738,3743,3693,3263,3276,3325,3354,-31.3347,5.27652,8.66303,47.9113
18930,3358,3781,4839,6884,3371,3868,5390,9817,3280,3584,4309,5690,3186,3377,3626,3881,-8.95604,26.7971,8.77342,48.1607
18931,3158,3351,3343,3287,3427,3694,3816,3736,3754,4548,5651,4625,4048,5953,9470,6153,24.4854,6.9147,8.66349,48.0093
18932,11944,5920,3929,3356,6565,4843,3838,3420,4151,3836,3446,3248,3503,3395,3224,3207,-25.1923,-28.4125,8.6265,47.8833
18933,3541,3709,3930,3736,3689,4450,5433,4099,3879,5776,7844,4837,3765,4483,4826,4251,5.3775,4.69476,8.83718,48.1653
18934,3749,4162,4682,4128,3855,5688,7421,4641,3659,4917,5900,4406,3435,3812,3951,3712,-3.69229,4.33403,8.76085,48.0787
18935,5181,4971,3915,3355,7340,7134,4157,3549,5590,5363,3928,3356,4142,3924,3456,3203,-5.55556,-15.7263,8.65975,48.376
18936,3441,4131,6976,8649,3503,3992,5994,7056,3208,3602,4152,4188,3215,3286,3451,3551,-18.2649,18.2782,8.82977,48.2633
18937,3175,3223,3400,3443,3459,3591,3926,3970,3570,4142,5655,5477,3557,4875,8848,8103,23.2398,13.5863,8.76914,48.276
18938,3412,3362,3172,3035,3951,3727,3512,3164,5998,4892,3814,3400,12109,6874,4095,3227,28.2673,-22.8449,8.93592,47.8293
18939,3665,3519,3290,3148,4918,4138,3570,3273,9151,5193,3907,3375,8367,5217,3807,3440,12.988,-30.8457,8.61094,47.9853
18940,5743,4645,3566,3205,9357,5723,3953,3490,6389,4654,3652,3259,4164,3854,3514,3160,-5.64049,-23.2246,8.72061,48.2187
18941,3407,3827,5588,9969,3363,3929,5049,8199,3239,3605,3906,4264,3173,3208,3449,3555,-17.4772,33.1601,8.66216,47.82
18942,3835,3781,3326,3109,5854,4430,3735,3298,10049,5249,3753,3295,6587,4829,3651,3304,8.34345,-29.2021,8.92057,48.0567
18943,3289,3423,3335,3231,3741,3920,3880,3567,4542,6084,5501,4121,4958,7892,6488,4250,18.8823,-2.83994,8.70234,48.148
18944,3792,4501,4721,4180,4042,6107,7400,4580,3879,4830,5427,4065,3657,3783,3987,3591,-4.90389,2.52266,8.8407,48.3613
18945,3303,3831,5959,12512,3393,3682,4749,6082,3195,3424,3801,3955,3214,3299,3339,3583,-33.8136,28.133,8.76542,47.5473
18946,5132,6904,5234,3950,5085,7411,5304,3855,3931,4315,3981,3583,3394,3512,3486,3170,-14.2051,-6.08387,8.72156,48.1647
18947,3309,3920,5913,11534,3368,3814,4819,7210,3205,3500,3866,4156,3162,3164,3411,3531,-21.1734,28.9956,8.79502,47.9213
18948,4284,4907,4244,3713,4907,7833,5598,3924,4367,5749,4543,3766,3682,4054,3761,3483,-4.59403,-5.23533,8.88649,48.5433
18949,3454,3372,3276,3139,4107,3913,3377,3324,7088,4837,3873,3496,11471,5879,4030,3397,21.7111,-31.2937,8.50809,48.022
18950,3349,4195,6760,11977,3308,3839,4949,5947,3226,3525,3675,3935,3129,3191,3332,3439,-30.1965,22.8945,8.51208,47.8507
18951,3231,3505,3700,3624,3431,3835,4888,4671,3665,4422,7939,6645,3396,4185,5593,5382,9.29352,13.0155,8.94425,48.0747
18952,4115,5316,5509,4251,4229,6513,7368,4631,3808,4347,4648,3839,3331,3584,3605,3466,-9.96584,1.84565,8.82002,48.3733
18953,9498,5607,3971,3396,8360,5169,3811,3314,4417,4090,3627,3316,3506,3503,3141,3212,-16.6716,-33.2554,8.66842,47.9587
18954,3977,3765,3280,3167,5702,4636,3810,3342,8743,6304,4084,3446,5978,5015,3785,3372,7.40251,-20.0642,8.86305,48.2707
18955,3133,3226,3346,3286,3263,3551,3815,3818,3655,4141,5302,5300,3669,4813,8996,8542,26.4286,14.2032,8.77392,47.904
18956,3294,3444,3503,3441,3700,4092,4133,3821,4105,5901,6927,4572,4228,5792,6856,4716,14.4794,2.20915,8.63278,48.35
18957,11229,7454,4102,3487,6093,5061,3885,3435,3937,3804,3422,3170,3369,3350,3185,2996,-28.0639,-20.8697,8.55509,47.986
18958,3405,3395,3251,3160,3759,3793,3510,3392,4821,5304,4393,3722,6768,9938,5736,3795,28.2278,-8.68487,8.87712,48.0947
18959,3353,3928,5230,5583,3446,4229,7039,7631,3459,3767,4896,5310,3165,3448,3790,3924,-7.40001,16.4405,8.90006,48.132
18960,3284,3435,3450,3456,3486,3824,4241,3900,3847,5078,7445,5134,3836,5211,7421,5308,15.2635,6.66544,8.96574,48.2373
18961,11082,6074,4016,3444,7222,4923,3848,3410,4133,4039,3485,3275,3363,3423,3200,2968,-21.0138,-26.4912,8.6564,47.9367
18962,3272,3859,4948,7540,3316,3744,5161,9707,3280,3678,4300,5222,3263,3395,3728,3804,-11.2594,29.136,8.67179,48.1447
18963,6252,7642,4709,3714,5765,7012,4567,3729,4017,4153,3653,3377,3479,3393,3437,3220,-16.4331,-10.7741,8.71122,48.0793
18964,3044,3161,3275,3354,3290,3450,3774,3999,3383,3905,4882,7042,3420,3989,5907,11794,21.9996,33.8389,8.82452,47.7793
18965,4036,4039,3631,3363,5542,5670,3986,3514,6812,7378,4315,3479,4835,4779,3775,3388,4.17305,-14.2681,8.90408,48.3613
18966,4155,4819,4375,3782,4773,7783,5638,4082,4319,5471,4640,3732,3768,3782,3810,3401,-5.61719,-4.72754,8.65938,48.22
18967,4483,4185,3471,3234,6981,5410,3835,3405,7805,5809,3849,3406,4818,4405,3668,3321,1.52885,-19.863,8.72274,48.0567
18968,3449,4203,6140,6920,3580,4159,6681,7290,3371,3713,4393,4593,3154,3335,3702,3594,-13.1908,16.7334,8.75337,48.1847
18969,4517,5105,4127,3511,5854,7930,4817,3783,4702,5498,4176,3575,3948,3816,3605,3310,-6.03702,-9.51167,8.59199,48.1827
18970,3301,3509,4154,4035,3442,3977,5898,5757,3547,4283,7030,6802,3357,3816,4770,4997,3.36373,14.652,8.89669,48.45
18971,3461,4279,7608,9391,3368,3931,5371,6396,3285,3545,3965,4137,3142,3352,3413,3409,-21.7204,18.0238,8.93856,48.0353
18972,3857,3649,3262,3204,5342,4162,3635,3270,9468,5440,3934,3282,7479,5142,3796,3316,11.2717,-26.7093,8.6677,48.1587
18973,3901,3736,3547,3051,5768,4688,3749,3306,9010,5998,3858,3445,6103,4990,3786,3279,7.85946,-21.5247,8.52279,48.1433
18974,3396,3314,3232,3174,3996,3768,3572,3250,6673,4760,3738,3339,12301,6055,3830,3371,24.2312,-26.9402,8.86976,47.846
18975,3277,3518,4137,4723,3393,3775,4921,8054,3443,3798,4924,8489,3249,3470,4160,4923,0.48787,30.389,8.78923,48.1693
18976,3225,3275,3413,3292,3441,3563,3820,3722,3778,4497,5107,4712,4006,6050,9742,6306,28.8314,7.12638,8.61284,47.966
18977,4046,6141,9691,6094,3733,4429,5413,4602,3472,3685,3846,3763,3180,3327,3441,3243,-26.6454,6.86032,8.57229,48.0707
18978,3519,4378,6159,6106,3622,4502,7429,6733,3364,3809,4554,4439,3170,3433,3624,3630,-12.3092,13.1926,8.67821,48.314
18979,3318,3847,5447,9749,3398,3804,5281,8232,3271,3568,3982,4451,3209,3298,3473,3494,-16.7886,32.0416,8.59653,47.8813
18980,3887,3638,3366,3241,5504,4339,3474,3158,10040,5309,3742,3363,6906,4968,3591,3369,9.52943,-29.194,8.80543,47.93
18981,3170,3284,3518,3540,3222,3537,3830,4243,3332,3798,5291,7569,3425,4006,6152,10471,19.4914,24.6943,8.7765,48.2587
18982,3512,3878,3643,3311,4086,5015,4218,3548,5183,8020,5492,3782,4570,5629,4687,3779,8.957,-6.44065,8.6661,48.2353
18983,3461,3778,4859,6567,3366,3824,5182,9659,3272,3721,4525,5700,3182,3395,3744,3838,-8.44526,33.2282,8.50854,48.0487
18984,12035,6325,3985,3460,6491,4868,3836,3288,3939,3888,3537,3173,3429,3379,3216,3044,-25.0408,-24.7209,8.65794,47.9287
18985,3211,3330,3360,3398,3410,3678,3873,3717,3798,4575,5823,4851,3881,5935,9425,6074,22.3964,7.71415,8.84929,48.226
18986,3072,3254,3511,3544,3285,3641,4100,4558,3364,3882,5106,8668,3359,3851,5478,9042,15.3283,28.4844,8.58019,47.81
18987,3394,3395,3183,2970,3970,3972,3568,3168,6441,5260,3880,3478,10618,7206,4154,3460,23.1093,-20.8062,8.79292,48.078
18988,3654,4630,6007,4855,3797,5227,8192,5290,3558,4061,4666,4193,3298,3517,3681,3537,-10.3076,7.56282,8.8822,48.1087
18989,3430,3385,3254,3066,4082,3733,3530,3325,6945,4848,3769,3357,11867,5918,3979,3318,22.7124,-29.8848,8.56643,47.8707
18990,3892,6134,9851,6210,3812,4492,5171,4773,3413,3754,3707,3684,3193,3317,3348,3294,-31.5868,7.0549,8.61466,48.03
18991,3580,4198,6622,7439,3475,4177,6622,7180,3327,3607,4163,4363,3109,3387,3534,3563,-15.0226,16.7286,8.88887,48.2307
18992,3885,3792,3470,3177,5873,4362,3688,3190,10020,5265,3900,3282,6596,4694,3594,3319,7.98193,-27.172,8.77609,48.0713
18993,3341,3978,6453,12200,3419,3857,4816,6353,3110,3528,3622,4030,3112,3200,3319,3366,-25.4984,25.8551,8.67342,47.8027
18994,3098,3310,3415,3480,3238,3491,3887,4183,3477,4100,5621,6456,3536,4430,7502,9046,20.4941,17.4688,8.81067,48.18
18995,5192,4741,3801,3335,8054,6360,3955,3448,6053,5168,3833,3365,4185,3938,3543,3347,-4.48032,-18.5756,8.71021,48.212
18996,6784,8909,5321,3813,5310,6146,4403,3638,3795,4050,3605,3371,3430,3391,3252,3128,-21.7121,-10.6251,8.69703,48.2307
18997,10580,5660,3944,3361,7892,5021,3791,3447,4269,3965,3506,3227,3447,3389,3190,3196,-18.8535,-31.5788,8.92894,47.9233
18998,4117,5796,8207,5360,3901,4980,6446,4838,3382,3894,4046,3899,3265,3376,3443,3391,-18.8117,5.72685,8.58815,48.2273
18999,3047,3254,3430,3326,3369,3563,3757,3884,3552,4120,5378,5664,3533,4592,8579,9259,25.9806,15.9566,8.73276,48.2047
19000,11633,6485,4031,3357,6578,4980,3804,3380,4095,3893,3422,3163,3416,3339,3213,3085,-23.674,-24.9033,8.89215,47.916
19001,4399,4023,3447,3237,7216,5004,3673,3219,8673,5391,3784,3413,5007,4394,3631,3326,2.52409,-23.5533,8.69853,47.8913
19002,3277,3453,3364,3131,3802,4070,3772,3367,4792,6256,4710,3786,5815,8856,5923,4016,20.7685,-6.77335,8.99116,48.26
19003,3287,3487,3385,3214,3729,3994,3747,3490,4868,5969,4733,3843,5925,9003,5921,4098,21.6787,-6.51327,8.7283,48.462
19004,3392,3816,4734,6491,3336,3800,5168,9739,3274,3568,4504,5620,3212,3401,3739,3863,-8.38028,33.282,8.5484,47.7713
19005,4506,7834,8801,4989,3941,4889,5078,4156,3506,3764,3843,3555,3128,3319,3400,3254,-31.002,1.54353,8.54282,47.9753
19006,7713,6126,4172,3563,7753,6125,4032,3445,4436,4119,3648,3172,3580,3536,3287,3048,-15.0145,-18.9229,8.79451,47.8367
19007,3244,3554,4243,4549,3461,3913,5701,6443,3459,4047,6374,7005,3407,3785,4483,4780,1.66245,17.0469,8.56551,48.2987
19008,4249,6643,8165,5198,4010,5121,5873,4605,3508,3884,3878,3765,3221,3279,3437,3381,-20.2114,3.41758,8.56458,48.1447
19009,3244,3395,3474,3210,3476,3812,3781,3570,4009,5067,5385,4322,4673,7659,8539,4923,24.213,1.17344,8.75764,48.3593
19010,3675,3918,3743,3534,4156,5416,4910,3925,4625,7336,5929,4024,4130,4825,4483,3838,5.23691,-2.82278,8.69443,48.3113
19011,3165,3457,3871,4100,3215,3631,4482,6298,3468,3736,5107,10046,3273,3673,4633,6024,6.056,31.635,8.98458,48.1193
19012,5786,7341,4832,3748,5669,7585,4725,3689,4026,4245,3820,3475,3369,3525,3325,3248,-14.7439,-9.56171,8.9649,48.272
19013,3192,3494,3727,4017,3331,3886,5112,5467,3519,4238,6898,7690,3387,3967,5025,5446,6.45084,16.9037,8.6706,48.264
19014,2990,3166,3278,3394,3249,3518,3746,3946,3508,3975,5085,5685,3564,4440,8230,9649,26.2878,17.4014,8.7554,47.6153
19015,3250,3444,3823,3823,3216,3733,4582,5677,3251,3964,6228,9285,3197,3806,4908,6101,7.94565,21.0445,8.99279,48.192
19016,3689,4057,4018,3623,4164,5685,5347,4021,4309,6704,6331,4206,3909,4285,4249,3802,2.50002,-0.814724,8.86989,48.266
19017,10082,7984,4328,3490,5641,5080,3899,3334,3900,3827,3418,3330,3439,3449,3317,3143,-33.9738,-18.2674,8.50734,47.774
19018,3355,3623,4005,4000,3510,4111,6065,5216,3622,4643,7504,5956,3470,3929,4702,4486,3.1524,11.5783,8.69209,48.1313
19019,3316,3775,4761,6329,3481,3905,5383,9673,3265,3762,4496,6055,3173,3404,3748,3949,-7.46806,26.3321,8.53621,48.3167
19020,3279,3326,3798,3836,3320,3709,4595,5477,3413,3986,6355,8876,3374,3924,4976,6322,8.78506,20.1453,8.61961,48.3773
19021,3412,3653,3381,3233,4266,4201,3753,3361,6248,6863,4402,3540,6750,7161,4609,3632,15.6015,-13.4931,8.71889,48.31
19022,4514,6838,8205,4887,3986,5271,5795,4352,3511,3813,3849,3608,3216,3475,3368,3357,-21.0043,2.0338,8.60628,48.03
19023,3573,4001,4353,4026,3848,5372,7024,4574,3790,5261,6411,4452,3568,3844,4210,3857,-0.891784,4.00236,8.8535,48.1093
19024,3776,3728,3302,3190,5511,4329,3627,3228,10014,5331,3902,3455,7057,4878,3694,3333,9.84947,-33.291,8.8999,48.2367
19025,2991,3240,3335,3447,3251,3481,3821,4025,3376,3874,4989,6224,3423,4086,7235,11292,25.34,21.3081,8.87969,48.06
19026,3280,3403,3320,3183,3869,3798,3592,3247,5552,4989,4107,3518,9736,8483,4535,3486,31.9773,-17.0583,8.94955,48.0653
19027,3435,3694,3587,3338,3829,4531,4491,3776,4393,7078,6795,4367,4261,5339,5365,4211,9.87293,-0.403429,8.81414,48.3267
19028,3394,3395,3353,3226,3638,3817,3767,3322,4521,5029,4700,4041,5146,9149,7104,4283,33.8162,-3.1417,8.58458,47.9233
19029,4377,5021,4134,3526,5203,8151,5266,3832,4408,5637,4463,3642,3702,3829,3699,3424,-5.28471,-7.29091,8.96205,48.2093
19030,5948,6594,4344,3517,6552,7334,4631,3574,4388,4475,3763,3259,3656,3737,3350,3204,-13.0443,-12.6561,8.63698,48.2173
19031,3094,3323,3556,3549,3299,3505,4075,4888,3291,3807,5529,8902,3280,3941,5499,8297,14.0908,24.5566,8.66376,47.89
19032,6883,4907,3704,3275,9946,5216,3788,3303,5358,4433,3568,3297,3817,3640,3437,3128,-9.62777,-33.4226,8.62547,47.8
19033,4296,7054,8933,5242,4019,4983,5559,4475,3544,3653,3818,3581,3166,3409,3352,3179,-23.1049,3.72858,8.96928,48.1753
19034,3589,4546,7191,6040,3642,4528,7315,6092,3455,3802,4410,4238,3231,3243,3580,3484,-14.9592,11.4768,8.9855,48.2573
19035,3298,3430,3559,3347,3551,3921,3923,3645,4103,5821,5989,4337,4552,6907,7405,4880,18.196,0.820409,8.8647,48.4453
19036,3777,5621,9966,6704,3634,4360,5295,4846,3373,3664,3921,3795,3084,3297,3366,3231,-28.1473,9.35469,8.82349,47.956
19037,3143,3290,3546,3517,3258,3539,3932,4395,3346,3929,5198,8401,3461,3890,5553,9569,16.8096,32.8116,8.5629,47.978
19038,3397,3399,3227,3155,3947,3789,3585,3408,5021,5319,4351,3567,7048,9977,5123,3657,33.9799,-10.1083,8.979,47.98
19039,12098,6008,3976,3443,6680,4993,3841,3348,4024,3744,3458,3175,3363,3332,3225,3120,-23.5819,-33.4635,8.97415,47.8853
19040,3431,4179,7035,7685,3459,4169,6176,6825,3305,3698,4163,4223,3136,3307,3630,3515,-16.5267,16.7169,8.76671,47.9573
19041,3540,3478,3196,3004,4116,4127,3684,3284,6588,6430,4038,3541,7787,7230,4374,3564,17.3607,-15.7586,8.94878,47.9873
19042,3349,3933,5363,6171,3462,4090,6528,8649,3338,3833,4557,5271,3176,3381,3639,3699,-9.49829,19.1084,8.89437,48.2927
19043,3272,3541,3891,3929,3264,3764,4836,5796,3409,3927,6347,8614,3393,3704,4839,5784,6.87142,19.3238,8.78935,48.2067
19044,3383,3357,3240,3161,3859,3801,3522,3385,5074,5327,4157,3631,7488,9665,5028,3700,33.1217,-11.7106,8.85881,47.852
19045,4321,5867,5846,4228,4210,6518,6630,4359,3820,4404,4321,3743,3437,3641,3523,3403,-12.7897,-0.243614,8.53807,48.1807
19046,3474,3497,3439,3319,4115,4451,3913,3539,5351,7607,5072,3727,5378,6726,4866,3710,13.2603,-8.13518,8.66868,48.1227
19047,4783,6182,4796,3742,5286,8120,5405,3839,4147,4651,4078,3581,3468,3589,3492,3394,-10.8846,-6.67598,8.75602,48.3687
19048,5547,9304,6773,4293,4494,5397,4871,3830,3632,3878,3698,3390,3203,3353,3214,3087,-24.7372,-4.40623,8.90361,47.976
19049,3397,3465,3406,3160,3743,3922,3704,3513,4686,6404,4980,3870,5591,8254,5771,4141,19.3132,-5.9665,8.5705,48.0047
19050,4072,4088,3629,3278,5615,5904,3915,3573,6496,7240,4306,3552,4641,4541,3816,3454,2.97365,-13.7751,8.94743,48.08
19051,10242,8094,4469,3534,5788,5165,3961,3367,3843,3837,3446,3341,3310,3312,3162,3085,-27.4633,-17.8009,8.83738,47.9707
19052,3125,3274,3412,3368,3413,3725,4088,3827,3785,4861,6245,4881,3969,5648,8729,5744,19.8654,7.23963,8.76575,48.0627
19053,3358,3385,3501,3374,3827,4081,4013,3735,4252,6215,6168,4277,4480,6518,6631,4509,16.3461,-0.304198,8.83412,48.216
19054,6444,4791,3728,3288,9760,5424,3821,3359,5840,4390,3674,3281,3940,3678,3324,3099,-8.42011,-25.695,8.52155,47.894
19055,3432,4025,6839,11792,3363,3819,4812,6132,3156,3510,3818,3907,3125,3184,3271,3388,-29.3981,23.3397,8.79732,47.7153
19056,3156,3249,3412,3389,3243,3580,3680,3919,3411,3815,4631,5918,3400,3831,5871,12211,32.5675,33.8278,8.58897,47.144
19057,3592,4087,5387,4992,3590,4563,7811,6181,3393,3964,5202,4790,3377,3515,3959,4000,-6.65547,12.0593,8.50515,48.2687
19058,9117,6993,4227,3506,6747,5680,3991,3501,4226,4079,3516,3302,3479,3503,3264,3023,-18.9288,-18.6192,8.77888,48.1027
19059,4107,6178,9241,5737,3876,4780,5740,4710,3412,3627,4022,3715,3078,3372,3438,3231,-22.4501,5.94762,8.51617,48.176
19060,3446,3899,5629,8988,3399,3885,5335,8576,3206,3525,4170,4621,3114,3254,3496,3629,-15.3338,24.9757,8.57982,48.1147
19061,3426,3909,6550,12140,3415,3748,4820,5999,3314,3460,3669,4007,3118,3306,3471,3445,-30.5789,24.8263,8.52483,47.8647
19062,4697,4155,3651,3250,7089,5538,3742,3289,7638,5992,3933,3357,4736,4379,3599,3322,1.17458,-19.6704,8.9232,48.2447
19063,7141,9566,5401,3827,5180,5648,4299,3744,3861,3765,3516,3297,3260,3350,3214,3163,-24.7351,-10.7332,8.73035,48.1547
19064,3430,3352,3271,3143,3975,4006,3649,3290,5242,6196,4451,3686,6553,8945,5211,3793,20.6771,-9.79402,8.87975,48.1287
19065,3266,3740,4609,6296,3314,3834,5332,9884,3274,3702,4446,5990,3203,3295,3840,3957,-7.73926,25.922,8.86238,47.988
19066,3250,3355,3820,3844,3426,3691,4852,5062,3531,4179,6924,7989,3366,4098,5416,5774,8.95236,16.8079,8.81866,48.3847
19067,3153,3429,3616,3635,3368,3759,4366,4496,3502,4351,7244,6577,3571,4171,6614,6384,13.0475,13.91,8.97875,48.1573
19068,3992,5621,10029,6731,3728,4327,5448,4814,3312,3672,3764,3693,3133,3259,3377,3319,-27.635,8.52978,8.9202,48.146
19069,3333,3282,3256,3124,3895,3735,3650,3304,5038,5541,4334,3684,7427,9610,5302,3790,25.3505,-11.2164,8.96205,48.2033
19070,3123,3378,3583,3804,3358,3528,4326,4963,3367,3878,5734,9400,3354,3788,5210,7461,12.0415,23.1487,8.92315,48.17
19071,4684,4302,3544,3246,7330,5704,3926,3440,7449,5640,3880,3396,4710,4352,3524,3306,-0.125815,-19.7082,8.8768,48.2887
19072,7871,4944,3846,3308,9801,5181,3787,3395,5087,4222,3589,3324,3672,3644,3410,3212,-11.9669,-29.0451,8.94867,48.1953
19073,8864,5530,3792,3317,8775,5253,3866,3445,4794,4027,3617,3295,3637,3564,3334,3234,-14.6635,-26.8934,8.51121,48.2293
19074,5401,4646,3684,3222,8838,5727,3894,3413,6543,5103,3706,3307,4341,3966,3538,3239,-4.11818,-21.9198,8.91425,48.3787
19075,3152,3294,3395,3346,3440,3651,3990,3738,3774,4729,6197,4874,4085,5816,8905,5637,20.5723,6.45473,8.76979,48.0153
19076,4786,4112,3548,3265,7707,5034,3699,3344,8243,5436,3776,3362,4928,4287,3532,3246,0.778804,-24.1446,8.58717,48.2033
19077,3435,3614,3702,3644,3789,4526,4918,4034,4028,6031,7653,4559,3808,4681,5183,4265,7.52705,3.0823,8.63954,47.9133
19078,3410,3391,3137,3103,3929,3698,3446,3341,6664,4883,3706,3416,12184,5970,3927,3441,24.285,-31.4352,8.87189,47.764
19079,3448,3368,3228,3070,3999,3709,3493,3062,6153,4821,3811,3366,12012,6651,4123,3419,28.512,-23.6678,8.85544,47.822
19080,13087,5949,3920,3331,6128,4725,3742,3430,4038,3722,3398,3171,3394,3278,3178,3183,-30.0498,-29.2607,8.99624,47.7827
19081,5203,6725,4801,3741,5257,7677,5168,3838,3933,4500,3906,3560,3492,3566,3398,3260,-13.1224,-7.62206,8.54988,48.0167
19082,8662,5333,3887,3340,8955,5185,3827,3350,4658,4155,3535,3313,3587,3577,3331,3155,-14.4328,-31.6758,8.58708,47.9
19083,4192,6670,9022,5421,3922,4907,5651,4523,3425,3705,3829,3681,3219,3316,3446,3317,-22.1948,4.27701,8.85039,48.164
19084,4067,3821,3406,3224,6251,4479,3635,3212,10085,5332,3729,3514,6167,4555,3607,3253,6.44316,-28.0079,8.99187,48.2247
19085,3443,3911,5950,12326,3431,3747,4768,6615,3194,3371,3878,3904,3150,3158,3402,3360,-24.0434,32.239,8.91095,47.7387
19086,12302,5875,3817,3457,6769,4880,3837,3289,3925,3837,3477,3229,3434,3313,3196,3120,-23.7006,-29.6479,8.95031,47.838
19087,3524,4410,7350,7414,3694,4135,6344,6714,3351,3598,4076,4344,3171,3373,3447,3476,-17.0942,15.641,8.54239,48.2807
19088,9264,8087,4447,3612,5921,5433,4004,3517,3907,3945,3584,3291,3431,3393,3310,3142,-23.6,-16.8959,8.52314,48.192
19089,7527,7306,4487,3619,6524,6386,4255,3488,4356,4069,3640,3273,3487,3437,3360,3091,-17.2358,-15.1682,8.75068,48.2033
19090,6062,9487,6158,4071,4547,5506,4548,3799,3623,3852,3644,3471,3451,3465,3188,3191,-24.4217,-6.60116,8.62302,48.042
19091,3329,3480,3588,3452,3676,4156,4377,3826,3945,5857,7301,4684,3983,5411,6543,4737,13.3775,3.46548,8.75428,48.23
19092,3156,3248,3845,4086,3283,3595,4535,5768,3270,3844,5650,9662,3335,3718,4879,6283,7.96326,24.5432,8.50868,48.1047
19093,3264,3607,4172,4781,3296,3749,4764,8064,3397,3674,4886,8520,3215,3609,4122,4917,0.541879,28.3856,8.89096,48.0247
19094,12552,5950,3949,3471,6041,4622,3772,3394,3808,3743,3490,3167,3470,3519,3231,3198,-29.4962,-31.5251,8.54871,47.5847
19095,3438,3977,6008,11996,3529,3874,4756,6857,3233,3382,3834,4010,3020,3158,3359,3303,-23.1805,29.2857,8.97866,47.8227
19096,3293,3412,3712,3626,3494,3995,4818,4276,3694,4908,8060,5885,3634,4332,5932,5184,10.2865,10.1338,8.57008,48.17
19097,3103,3284,3369,3380,3357,3667,3878,3687,3770,4522,5108,4614,4121,6384,9557,6054,29.8279,6.19927,8.69218,47.9033
19098,3329,3429,3310,3094,3830,3943,3575,3297,5199,5121,4144,3588,8255,9222,4902,3674,31.2983,-13.4945,8.55933,47.9413
19099,3608,3685,3323,3209,4539,4456,3821,3349,6843,7159,4388,3604,6353,6448,4194,3528,13.1491,-14.7163,8.65808,48.338
19100,3590,4833,8790,8009,3646,4318,5740,5617,3387,3546,3899,3814,3068,3281,3345,3434,-22.4079,13.5899,8.68882,48.2113
19101,6862,9667,5617,3912,4995,5455,4389,3548,3734,3835,3673,3344,3372,3398,3244,3139,-26.3422,-9.69971,8.66808,48.1227
19102,4169,5196,5303,4049,4482,7007,6762,4250,3891,4641,4623,3704,3437,3728,3606,3393,-9.69169,-0.770407,8.80531,48.1607
19103,3351,3592,3812,3684,3438,4196,5421,4408,3736,5167,8262,5564,3580,4372,5240,4604,6.86542,8.09236,8.99919,48.2847
19104,3081,3225,3349,3380,3233,3398,3751,3916,3396,3829,4863,5943,3414,3932,7125,11812,31.7848,21.8803,8.7758,47.7647
19105,3222,3348,3835,4129,3228,3716,4458,6330,3415,3810,5178,9934,3270,3745,4675,6108,6.55454,27.6637,8.9189,48.2673
19106,6554,5959,4076,3452,7556,6994,4262,3555,4708,4464,3726,3398,3632,3628,3389,3037,-12.0086,-16.049,8.85465,48.26
19107,3113,3345,3461,3478,3367,3654,4069,3944,3688,4586,6690,5665,3734,4993,8304,6460,18.4112,10.5164,8.94802,48.3673
19108,3480,4579,8654,9334,3501,3980,5162,5490,3153,3467,3874,3885,3148,3373,3341,3409,-29.8309,15.621,8.55965,47.8867
19109,9350,5357,3806,3433,8737,5197,3784,3406,4526,4107,3550,3205,3564,3504,3207,3281,-15.8063,-32.4062,8.95557,48.0093
19110,4479,4585,3900,3429,5824,7196,4564,3603,5239,6435,4265,3554,4175,4169,3669,3460,-1.66806,-10.7471,8.66977,48.364
19111,3128,3317,3466,3530,3362,3534,4004,4303,3505,4032,5877,7174,3466,4148,6557,8823,17.8496,19.7167,8.64882,48.1507
19112,3924,3721,3280,3106,5520,4374,3575,3358,9947,5544,3866,3357,6938,5147,3786,3312,9.69611,-24.9338,8.98338,48.5033
19113,8205,6720,4227,3478,7138,6132,3997,3506,4312,4131,3685,3197,3509,3451,3360,3098,-16.7847,-17.713,8.75836,48.0973
19114,3087,3336,3619,3659,3364,3602,4304,4832,3421,4035,6185,8282,3379,3973,5660,7195,12.3848,19.6427,8.6839,47.9553
19115,3673,4484,5620,4803,3775,5170,8328,5406,3593,4153,5035,4295,3328,3562,3714,3570,-8.47541,7.9489,8.75506,48.3393
19116,3523,3641,3398,3234,4218,4408,3811,3381,5985,7750,4524,3633,5841,6865,4608,3612,13.9512,-11.2309,8.9988,48.288
19117,3991,6227,9769,5767,3755,4640,5234,4662,3347,3674,3809,3785,3222,3257,3459,3255,-32.2044,6.60975,8.72515,47.902
19118,4887,5663,4152,3615,5835,8155,5102,3678,4506,5144,4092,3592,3689,3780,3437,3265,-8.43435,-9.32055,8.56199,48.3947
19119,3405,3344,3162,3264,3951,3780,3455,3236,6331,4696,3780,3252,12572,6180,3967,3339,27.6264,-28.3142,8.89371,47.8093
19120,3170,3242,3343,3354,3245,3469,3754,3852,3370,3897,4761,6407,3359,3999,6337,12372,26.5109,26.8648,8.57138,47.954
19121,8551,5389,3918,3257,8872,5296,3948,3415,4850,4046,3548,3292,3586,3565,3303,3155,-14.2779,-25.1422,8.66417,47.994
19122,8321,8632,4589,3605,5694,5767,4186,3583,3975,3911,3568,3268,3404,3441,3197,3078,-22.5387,-14.4718,8.67891,48.146
19123,3495,4533,8373,9856,3401,4108,5093,5578,3278,3595,3764,3911,3087,3241,3461,3297,-27.6924,17.2553,8.64301,48.0473
19124,3857,4547,4661,3983,4204,6513,6868,4557,4021,5024,5313,4031,3568,3783,3941,3648,-4.71206,0.707608,8.77789,48.346
19125,3192,3410,3378,3228,3464,3847,3760,3510,4183,4918,5059,4211,4779,8086,8216,4940,26.077,0.212508,8.76988,48.1207
19126,3544,3979,5959,7381,3394,4073,6146,8076,3271,3570,4245,4710,3155,3329,3637,3690,-13.3883,19.5297,8.50806,48.106
19127,3703,3862,3798,3413,4125,5283,4632,3597,4846,7902,5828,3924,4232,5143,4546,3862,6.36148,-3.8954,8.96266,48.464
19128,6070,4869,3763,3391,8827,6268,3931,3380,5761,4736,3765,3252,3968,3837,3351,3215,-7.13702,-20.3468,8.56397,48.256
19129,7275,9833,5342,3779,4852,5226,4263,3626,3706,3824,3668,3355,3441,3378,3288,3230,-29.1265,-10.5184,8.78981,48.0573
19130,3339,3472,3413,3348,3928,4136,3929,3552,4784,6985,5329,3911,5053,7440,5537,4018,16.0552,-4.85805,8.67074,48.116
19131,3207,3265,3413,3447,3577,3958,3975,3638,4306,5521,5852,4282,4483,6900,7586,4810,19.2978,1.507,8.83381,48.1467
19132,5344,7376,5402,3999,4767,7188,5182,3893,3875,4073,3821,3516,3370,3496,3342,3203,-15.7342,-5.80038,8.94492,47.898
19133,3106,3450,3630,3813,3286,3522,4189,5402,3481,3865,5217,9758,3276,3680,5033,7403,10.7688,28.5008,8.58478,48.074
19134,3606,3936,3934,3657,4063,5441,5367,4007,4162,6618,6575,4243,3916,4411,4424,3976,3.00172,-0.126158,8.66371,48.224
19135,4792,4718,3893,3455,6253,7671,4514,3597,5133,5773,4160,3452,3955,4012,3650,3306,-4.36217,-12.3645,8.99578,48.2227
19136,8888,8832,4525,3464,5485,5268,4038,3551,3875,3904,3624,3335,3432,3337,3283,3003,-33.5473,-15.0637,8.57043,47.896
19137,3281,3585,4310,4771,3388,3972,5704,7526,3371,3845,5554,7081,3322,3689,4189,4629,-0.645294,19.782,8.68603,48.1447
19138,3391,3950,5395,6118,3473,4122,6788,8403,3306,3621,4677,5231,3121,3317,3725,3785,-9.56266,18.3349,8.79225,48.282
19139,3267,3235,3362,3410,3200,3430,3812,3926,3356,3844,4832,5949,3457,4147,6977,11730,33.485,21.7645,8.73787,47.956
19140,3337,3352,3207,3183,3859,3798,3527,3274,6479,4892,3871,3400,12307,5989,3947,3470,26.0605,-31.6085,8.627,47.928
19141,3378,3344,3213,3094,3922,3854,3483,3378,5857,4933,3748,3439,11200,7119,4049,3545,33.047,-21.44,8.58577,47.704
19142,4523,4085,3493,3155,7331,5033,3729,3310,8665,5489,3768,3404,5012,4372,3603,3281,2.49622,-22.937,8.89895,48.1687
19143,3360,3614,3752,3609,3733,4410,5309,4079,3907,5681,7805,5003,3810,4614,5251,4415,7.09346,5.14406,8.69067,48.2347
19144,3304,3444,3233,3144,3927,3609,3375,3152,6029,4645,3759,3332,12797,5985,4040,3339,30.8315,-29.9328,8.82175,47.4093
19145,4057,5884,7721,5391,3893,5214,6869,4788,3479,3746,4198,3860,3256,3374,3521,3362,-17.4766,5.25278,8.82025,48.4087
19146,5652,6050,4141,3540,6734,7668,4466,3553,4609,4686,3874,3416,3640,3667,3489,3151,-10.9976,-13.3758,8.91316,48.224
19147,3635,3416,3373,2968,4519,4078,3614,3323,8630,5193,3894,3382,9084,5458,3807,3397,15.4266,-33.0975,8.86903,47.8473
19148,3484,4316,7007,9219,3520,3925,5598,6849,3298,3510,4018,4134,3018,3413,3448,3458,-19.1484,18.9453,8.56775,48.1433
19149,5769,8690,5727,4082,4874,6311,4746,3773,3893,3888,3711,3452,3342,3426,3348,3231,-19.4368,-6.85,8.80034,48.1753
19150,4967,8555,7908,4695,4201,5302,4998,4143,3711,3767,3697,3497,3212,3413,3339,3216,-26.1674,-0.875557,8.81425,48.414
19151,3147,3125,3413,3344,3358,3705,3990,3875,3493,4272,5696,5735,3658,4731,8591,8070,22.7453,13.9163,8.57489,48.1353
19152,3705,3862,3531,3251,4634,5224,4162,3473,5796,8187,4690,3685,5028,5446,4144,3582,7.60859,-10.3893,8.93017,48.2667
19153,3356,3901,6582,12026,3370,3897,4859,5966,3139,3428,3760,3929,3183,3086,3463,3384,-31.1102,23.7906,8.65526,47.5527
19154,3070,3242,3460,3481,3205,3459,3769,3989,3340,3700,4833,6503,3411,3901,5958,12049,24.1008,29.8292,8.65505,47.58
19155,3291,3670,4719,6301,3447,3781,5221,9875,3279,3592,4493,6053,3171,3384,3863,4013,-7.33151,29.5612,8.82058,48.102
19156,3565,3612,3225,3070,4513,4065,3695,3259,8348,5857,4053,3394,8032,5925,4084,3435,14.5287,-20.8185,8.78107,48.088
19157,6092,4634,3704,3381,9619,5221,3850,3333,6414,4476,3656,3274,4126,3757,3459,3171,-6.32362,-28.3695,8.55197,48.1113
19158,12252,6545,3988,3401,6021,4764,3816,3323,3949,3698,3437,3225,3423,3421,3214,3088,-33.9944,-24.1797,8.97284,47.71
19159,3393,3360,3396,3113,3844,3796,3370,3181,6093,4704,3720,3434,12586,5980,3915,3427,31.2837,-32.1981,8.84951,47.5413
19160,4225,6559,9580,5700,3816,4685,5340,4421,3364,3698,3897,3733,3136,3308,3437,3384,-26.3389,5.315,8.83959,48.1887
19161,5494,5773,4119,3631,6820,7748,4492,3625,4706,4873,3827,3381,3640,3752,3475,3232,-9.77998,-13.3775,8.86631,48.392
19162,3344,3788,5003,6873,3223,3846,5339,9854,3299,3600,4337,5616,3166,3362,3706,3889,-9.25737,26.5218,8.82546,48.1633
19163,3290,3463,4050,4741,3235,3853,4906,8154,3338,3694,4913,8624,3270,3548,4242,4957,0.773325,30.9735,8.83158,48.1853
19164,4869,8568,8102,4678,4166,5051,4913,4195,3572,3737,3647,3440,3189,3335,3324,3197,-30.9703,-0.424717,8.90791,47.9887
19165,3712,4251,4574,4037,3960,5575,7419,4757,3939,4817,5926,4387,3510,3792,4071,3697,-3.2407,4.5085,8.97574,48.2827
19166,10756,7123,4334,3418,6268,5118,3853,3511,3985,3858,3400,3252,3488,3381,3283,3069,-24.0204,-20.8223,8.90549,48.0647
19167,3257,3322,3595,3829,3354,3498,4267,5109,3366,3982,5312,9702,3291,3804,5055,7223,11.0303,33.5419,8.74652,47.9773
19168,3855,4492,5027,4272,3877,5561,7869,4896,3660,4481,5378,4259,3439,3628,3831,3667,-6.25202,5.02337,8.60002,48.128
19169,3705,3765,3548,3341,4238,5030,4187,3574,5504,8098,5173,3777,4777,5571,4334,3779,8.55172,-7.58527,8.76099,48.2673
19170,8192,9363,4885,3669,5191,5259,4219,3466,3819,3857,3575,3259,3241,3397,3253,3110,-31.2473,-12.9151,8.59671,47.8367
19171,3451,3997,6402,10316,3336,3877,5238,7075,3303,3511,3944,4076,3093,3286,3441,3504,-20.2591,22.4769,8.50291,47.9
19172,3525,3449,3255,3203,4714,4150,3455,3187,9280,5264,3847,3333,8456,5284,3892,3389,13.5412,-33.7495,8.92457,47.7887
19173,3355,3917,5660,10383,3407,3734,5006,7954,3376,3565,3946,4378,3092,3281,3467,3506,-18.8235,30.2001,8.58692,48.018
19174,3082,3271,3411,3304,3143,3500,3822,4046,3335,3891,4843,5922,3378,4190,7017,11421,27.345,21.3081,8.56035,47.7173
19175,4719,4008,3496,3275,7996,4854,3802,3285,8525,5017,3796,3382,5015,4271,3552,3146,0.723033,-26.8839,8.85592,48.0927
19176,3649,3895,3755,3389,4027,5338,4885,3785,4580,7207,6245,4111,4086,4947,4699,3893,5.55194,-1.95647,8.69822,48.3273
19177,6201,9933,6024,4013,4716,5163,4544,3915,3670,3803,3599,3338,3317,3318,3330,3155,-31.3536,-7.13445,8.74508,48.026
19178,4533,7135,8309,5026,4108,5059,5669,4419,3518,3794,3809,3719,3242,3310,3339,3296,-22.0355,1.8607,8.95485,48.19
19179,3455,3458,3305,3182,3946,4006,3660,3323,5636,6620,4438,3697,6629,8357,4913,3764,18.5452,-10.9429,8.9701,48.2593
19180,3319,3793,4791,6587,3490,3724,5293,9862,3310,3659,4274,5695,3226,3447,3859,3941,-8.69493,32.2247,8.73528,48.18
19181,9422,7206,4328,3447,6747,5399,3948,3428,3988,4030,3556,3208,3476,3429,3445,3044,-20.1831,-18.959,8.72609,48.0673
19182,5039,5422,4189,3613,6171,7817,4790,3678,4722,5195,4071,3465,3831,3801,3561,3361,-7.48356,-11.0896,8.51422,48.484
19183,3239,3804,4594,5181,3399,3822,5950,8576,3409,3705,5139,6655,3256,3512,4014,4314,-3.73688,20.9356,8.77139,48.3793
19184,3805,3957,3603,3259,5025,5202,3943,3402,6930,7527,4449,3622,5043,5300,3956,3377,7.24713,-13.5499,8.70056,48.2667
19185,3516,3530,3383,3172,4894,4235,3630,3271,8898,5428,3902,3353,8384,5560,3990,3282,14.081,-25.0525,8.51059,48.2853
19186,4723,4149,3348,3206,7947,5000,3839,3260,8437,5194,3771,3314,4928,4199,3433,3308,0.597261,-25.631,8.92184,48.0373
19187,3504,4024,5901,9898,3435,3823,5203,7947,3257,3482,4018,4363,3078,3247,3462,3452,-18.0123,24.3841,8.68299,48.0627
19188,7420,5003,3760,3400,9669,5248,3819,3401,5043,4325,3674,3229,3831,3560,3402,3078,-11.3041,-33.0556,8.62318,47.908
19189,3392,3497,3380,3069,4027,4154,3830,3503,5504,7023,4679,3666,5902,7929,4991,3765,16.7865,-9.69242,8.91335,48.2073
19190,11050,7380,4201,3436,5880,4983,3899,3395,4021,3862,3576,3152,3348,3464,3199,3122,-33.9656,-20.0867,8.65565,47.9787
19191,3923,3581,3293,3126,5597,4196,3618,3269,9935,5267,3746,3421,6998,4824,3682,3392,9.45085,-28.3064,8.76893,47.912
19192,6627,5009,3748,3357,9546,5767,3892,3446,5669,4474,3532,3296,3946,3741,3332,3148,-8.96651,-23.9894,8.69418,48.3533
19193,3337,3795,4446,4647,3603,4143,6385,6515,3490,4052,6311,6375,3348,3560,4281,4447,-0.459119,15.4719,8.74515,48.49
19194,3432,3903,5573,9756,3439,3814,5193,8193,3179,3500,4028,4418,3051,3182,3377,3512,-16.8479,31.1597,8.77219,47.7
19195,3729,4337,4220,3939,4176,5949,6433,4225,3992,5516,5889,4104,3810,4181,4045,3766,-1.59975,0.584092,8.79228,48.2073
19196,3260,3461,3281,3295,3711,3881,3613,3449,4429,5172,4715,3910,5567,9437,6822,4347,30.2222,-4.50674,8.54056,48.2333
19197,4631,4128,3498,3176,7484,4963,3724,3318,8805,5292,3817,3281,5214,4311,3580,3275,2.07967,-25.4639,8.71554,48.3313
19198,4218,4487,3930,3540,5388,7369,4797,3696,4938,6370,4515,3693,3920,4202,3826,3404,-1.76741,-8.14384,8.55225,48.1953
19199,3550,3403,3356,3092,4491,4312,3644,3389,7108,6655,4219,3428,7027,6672,4255,3444,14.772,-15.927,8.53767,48.03
19200,4195,5831,7686,5082,4004,5343,6811,4630,3478,3917,4062,3716,3292,3368,3423,3325,-17.296,4.4698,8.92532,48.1087
19201,3034,3274,3430,3371,3219,3553,4065,4317,3642,4025,5958,6719,3459,4386,7276,8329,18.7623,17.1417,8.64341,48.038
19202,10881,5940,3843,3414,7669,4972,3821,3359,4149,3881,3461,3264,3369,3363,3213,3153,-20.299,-27.6098,8.63004,47.8347
19203,6356,9606,5789,4035,4932,5648,4454,3704,3799,3865,3721,3406,3225,3361,3290,3230,-23.9544,-8.02479,8.73844,48.2807
19204,3140,3215,3373,3435,3053,3575,3788,3904,3290,3873,4854,6078,3376,4159,7219,11488,28.1137,21.3704,8.90888,47.88
19205,3421,3904,6380,12477,3377,3719,4828,6101,3113,3349,3843,4025,3155,3187,3479,3354,-28.3781,26.8946,8.71124,47.808
19206,3299,3542,3405,3226,3956,4153,3960,3519,4784,7064,5370,3943,5025,7254,5588,4159,15.6942,-4.68452,8.65268,48.1647
19207,11305,5890,3958,3439,7188,4885,3744,3387,4112,3889,3451,3121,3342,3361,3257,3226,-21.327,-31.3529,8.56403,47.7033
19208,3135,3327,3398,3311,3468,3635,3934,3752,3682,4586,5907,4918,3991,6008,9246,6120,22.9895,7.25447,8.71368,48.2787
19209,4558,4459,3664,3373,6595,6498,4154,3467,6315,6199,3993,3466,4367,4301,3609,3296,-0.66807,-15.5901,8.81575,48.2093
19210,3350,3856,4523,4698,3466,4064,6579,7164,3376,3997,5683,6245,3314,3632,4225,4249,-2.52987,16.4472,8.72918,48.2807
19211,3434,3333,3146,3116,3994,3810,3362,3231,6119,5000,3870,3360,11579,7022,4101,3461,26.5235,-22.2981,8.57197,47.9587
19212,3231,3278,3351,3308,3605,3762,3832,3568,4106,5274,5711,4331,4549,7469,8272,4965,22.0331,1.77395,8.78074,48.408
19213,3469,3851,5718,10596,3353,3787,5001,7673,3263,3542,3945,4367,3049,3358,3416,3384,-18.9437,30.797,8.57743,47.848
19214,3605,3679,3449,3208,4245,4714,3825,3530,5737,7983,4724,3618,5348,6233,4550,3637,11.3545,-10.1645,8.69319,48.0567
19215,3184,3579,4139,4694,3405,3791,5475,7630,3401,3837,5408,7579,3303,3658,4223,4699,-0.465451,21.5096,8.72774,48.0033
19216,3122,3358,3829,4214,3379,3656,4545,6663,3273,3728,5209,9420,3161,3623,4552,5711,5.05151,30.0164,8.63362,47.6287
19217,3511,3460,3173,3118,4207,3893,3382,3310,7744,5104,3762,3368,10977,5697,3972,3403,19.3648,-32.6073,8.95782,48.054
19218,3508,3784,3915,3622,3839,5048,5786,4244,4063,5970,7115,4644,3870,4278,4541,4102,3.20839,2.62855,8.94539,48.2193
19219,3359,3392,3231,3211,4017,3766,3568,3220,6729,4874,3820,3310,12070,6005,3921,3303,24.0004,-31.8752,8.73992,47.864
19220,5735,5525,4078,3523,7229,7358,4351,3499,4860,4766,3910,3451,3861,3807,3387,3214,-9.16823,-14.9365,8.77069,48.3693
19221,3325,3306,3455,3302,3323,3669,3872,3741,3800,4464,5654,4861,4009,6041,9540,6186,23.5617,7.26118,8.84131,48.3653
19222,3355,3349,3292,3208,3658,3839,3547,3394,4619,5215,4406,3864,6286,9834,6157,4036,30.6799,-7.00249,8.70752,48.0393
19223,3350,4046,7335,11128,3485,3793,4967,5704,3174,3465,3912,4072,3157,3316,3368,3394,-33.5343,20.4569,8.56575,47.7773
19224,3425,3696,3990,3787,3724,4645,6038,4617,3906,5139,7581,5092,3680,4080,4702,4253,3.21093,6.64353,8.663,48.2367
19225,3898,3669,3433,3188,5936,4381,3634,3325,10071,5215,3797,3383,6338,4613,3795,3384,7.60649,-31.9683,8.9055,48.04
19226,12047,6545,3959,3460,6094,4923,3881,3389,3953,3796,3434,3237,3452,3271,3166,3111,-27.9838,-24.7457,8.80488,47.812
19227,4313,5886,5405,4214,4403,6874,6518,4320,3829,4362,4231,3751,3382,3536,3520,3366,-11.8328,-1.15493,8.8678,47.94
19228,3174,3237,3393,3361,3271,3409,3775,4056,3414,3650,4830,7165,3398,3984,5747,11831,21.9733,31.1882,8.90799,47.7967
19229,4017,3991,3385,3086,6295,4657,3746,3263,9366,5745,3873,3376,5940,4660,3741,3246,6.58176,-23.7013,8.52893,48.258
19230,3089,3275,3283,3377,3232,3490,3776,3910,3411,3847,4739,6099,3295,3952,6047,12663,31.3133,27.8355,8.76389,47.6567
19231,3534,4731,9041,8959,3531,4006,5098,5461,3299,3484,3859,3833,3151,3253,3344,3278,-31.1903,15.1137,8.82576,47.908
19232,3523,3448,3253,3135,4402,4185,3552,3280,7622,6118,4078,3321,8001,6337,4196,3426,15.6765,-18.845,8.88164,47.918
19233,5307,4746,3710,3477,7704,6943,4095,3481,5693,5185,3838,3332,3975,3848,3519,3205,-5.43903,-17.0795,8.94215,48.0387
19234,3004,3139,3399,3399,3178,3469,3740,3971,3431,3718,4835,6263,3398,3910,6064,12430,25.8846,27.9533,8.74791,47.5653
19235,3116,3267,3493,3470,3290,3524,4005,4566,3394,3947,5408,8301,3436,3933,5926,9266,16.3854,23.5199,8.72972,48.228
19236,3360,3874,5720,8944,3433,3854,5517,8304,3328,3536,4056,4557,3096,3303,3525,3596,-15.7923,24.0679,8.56933,48.002
19237,3520,4042,5375,4836,3716,4767,8068,5916,3430,4035,5284,4717,3369,3552,3952,3871,-6.79669,10.721,8.55664,48.3
19238,6166,9888,6155,4092,4634,5321,4468,3853,3679,3814,3558,3394,3237,3338,3358,3212,-28.6529,-6.9211,8.73461,48.1113
19239,3279,3345,3275,3002,3907,3825,3534,3350,5292,5422,4176,3647,8282,9307,4840,3639,25.621,-13.5645,8.7983,48.0813
19240,3529,3940,6708,11732,3315,3774,4866,5982,3149,3445,3817,3928,3042,3362,3411,3406,-33.1028,23.221,8.67483,47.604
19241,3333,3353,3319,3133,3769,3845,3654,3377,5147,5466,4323,3629,7616,9646,5280,3664,26.7283,-11.4109,8.81134,48.3693
19242,3632,3527,3289,3092,4977,4092,3602,3334,9331,5343,3845,3412,8232,5210,3648,3427,12.8876,-26.9258,8.82449,47.9953
19243,3254,3365,3191,3389,3693,3798,3668,3434,4527,5115,4680,3846,5882,9529,6547,4307,27.7053,-5.18635,8.71971,48.15
19244,4865,4270,3685,3273,8775,5043,3615,3360,7761,4804,3727,3440,4489,4133,3501,3238,-1.47099,-33.6794,8.97987,47.986
19245,3160,3473,3335,3287,3446,3862,3892,3646,4168,5525,5922,4434,4571,6940,7735,4882,19.5623,1.60691,8.89546,48.1853
19246,3448,3408,3279,3113,3815,3931,3792,3341,5195,6270,4559,3796,6376,8740,5312,3873,20.7799,-9.17904,8.67116,48.1653
19247,4104,5927,8056,5301,4037,5067,6532,4769,3476,3859,3993,3734,3166,3403,3413,3229,-18.4354,5.10099,8.72897,48.044
19248,4054,6523,9908,6021,3804,4601,5166,4497,3488,3629,3723,3721,3046,3164,3386,3335,-28.2538,5.97909,8.75186,48.044
19249,7593,6071,4032,3390,7874,6291,4081,3564,4573,4271,3493,3289,3528,3522,3409,3155,-14.5232,-18.5999,8.93973,48.0907
19250,3520,3493,3430,3121,4494,4021,3601,3269,8091,5232,3907,3420,9712,5703,3879,3306,17.1809,-26.92,8.539,48.1327
19251,3426,3352,3340,3161,3704,3848,3622,3255,4952,5292,4209,3736,7141,9775,5445,3721,30.9295,-10.5549,8.68976,47.986
19252,10709,6338,4035,3438,7222,5110,3878,3339,4126,3932,3504,3186,3523,3391,3146,3068,-20.6075,-24.0696,8.71568,47.9633
19253,3641,4814,8105,7234,3510,4284,6344,5725,3414,3592,4004,3962,3107,3326,3460,3441,-19.6895,12.4456,8.84593,47.9753
19254,3381,3908,5408,9187,3432,3785,5251,8618,3260,3474,4113,4575,3055,3214,3549,3521,-15.9643,33.4416,8.53987,47.8207
19255,3248,3466,3323,3243,3555,3834,3642,3517,4496,5514,4771,3894,5311,9103,6896,4263,24.2055,-3.90643,8.77528,48.0507
19256,3591,4416,7116,6448,3634,4413,7136,6373,3326,3728,4363,4191,3176,3337,3613,3488,-14.9742,13.2454,8.61147,48.2327
19257,3596,3506,3287,3079,4295,4122,3630,3277,6470,6614,4247,3558,7221,7334,4539,3616,16.6993,-14.6899,8.90051,48.2607
19258,5548,7574,5155,3943,5159,6911,4898,3971,3963,4216,3817,3395,3397,3471,3281,3234,-16.2404,-7.61507,8.68731,47.9553
19259,7540,9616,5137,3615,5162,5244,4286,3674,3860,3821,3587,3405,3394,3394,3289,3233,-33.108,-11.7004,8.70675,48.1713
19260,3148,3332,3618,3959,3317,3577,4282,5786,3351,3799,5432,9735,3318,3731,4853,6791,8.74874,26.326,8.66878,48.0193
19261,3221,3326,3402,3257,3540,3813,3771,3593,4105,4898,5177,4200,4619,7936,8668,4930,31.7983,1.00506,8.61897,48.304
19262,3651,4655,7818,7290,3577,4440,6421,6081,3363,3585,4206,4102,3057,3339,3363,3426,-18.347,13.4783,8.87833,48.2493
19263,3570,4286,7472,7854,3588,4154,6099,6291,3283,3670,4152,4195,3172,3290,3522,3499,-18.2185,15.4532,8.89237,48.0647
19264,4104,4000,3450,3170,6278,4809,3635,3470,8962,5938,3920,3358,5641,4640,3670,3283,5.51441,-21.898,8.77908,48.2187
19265,4216,4053,3446,3234,6489,4933,3730,3449,8568,5943,3949,3396,5291,4467,3748,3282,4.35501,-21.0896,8.57655,48.1293
19266,3329,3395,3227,3254,3845,3911,3614,3325,4905,5312,4493,3733,6682,10020,5457,3707,33.5761,-9.41916,8.7901,48.1393
19267,3388,3757,3651,3449,3818,4749,4762,3888,4283,6837,6852,4285,4074,5020,5094,4156,8.42251,0.388208,8.85816,48.042
19268,7454,5212,3920,3433,9398,5604,3869,3285,5268,4274,3650,3190,3709,3649,3311,3102,-11.2024,-25.1735,8.71558,48.2187
19269,3185,3209,3368,3402,3346,3404,3792,3894,3462,3804,4732,5865,3576,3945,5968,12424,32.3128,33.103,8.69214,47.584
19270,3365,4034,7037,11943,3386,3861,4886,5873,3261,3465,3772,3883,3118,3162,3366,3419,-29.6565,22.1579,8.86661,47.8873
19271,3195,3163,3346,3509,3283,3394,3738,4123,3326,3759,4762,6235,3388,3931,6036,12631,33.5844,28.8346,8.62632,47.8793
19272,3406,3789,5200,8064,3347,3826,5176,9482,3307,3472,4292,4858,3160,3345,3596,3614,-12.9246,31.8272,8.77973,47.956
19273,3206,3502,3865,3913,3418,4053,5394,4979,3517,4383,7714,6474,3530,4094,5101,4939,5.98424,12.5981,8.60653,48.0547
19274,3553,3882,3924,3729,3808,4897,5537,4178,4043,5958,7248,4502,3825,4414,4679,4180,4.35754,2.81386,8.56839,48.238
19275,3435,3925,5978,12446,3338,3693,4783,6183,3266,3442,3780,3877,3196,3205,3306,3318,-27.3382,32.3813,8.67564,47.4473
19276,3351,3430,3218,3138,3842,3789,3556,3290,5728,5080,4009,3521,10228,8026,4380,3513,30.6453,-17.9484,8.85517,48.066
19277,3841,4641,5569,4484,4035,5800,7919,4934,3709,4313,4965,4060,3380,3632,3693,3473,-8.83389,4.15766,8.59646,48.2987
19278,4705,5241,4347,3602,5768,8155,4848,3704,4424,5387,4133,3461,3830,3904,3578,3335,-6.96119,-9.23236,8.88114,48.2813
19279,3839,4793,6873,5328,3740,4787,7671,5668,3442,3882,4269,4032,3321,3361,3621,3500,-13.7006,9.08698,8.50653,48.0847
19280,3483,3505,3383,3124,3914,4029,3746,3489,5217,6801,4880,3715,5854,8038,5211,3848,17.7731,-7.92625,8.58326,48.158
19281,3433,3655,4987,6937,3283,3826,5480,10020,3297,3707,4349,5441,3126,3324,3673,3880,-10.0101,25.6549,8.92089,48.2787
19282,3854,3726,3404,3118,5077,4593,3646,3293,8969,6387,3999,3413,6635,5188,3829,3353,10.0554,-19.9253,8.98411,48.3227
19283,3286,3517,3551,3444,3609,4246,4449,4011,3948,5755,7768,4971,3983,5047,6133,4659,11.4165,4.312,8.92847,48.2513
19284,3398,3573,3111,3115,4302,4040,3543,3285,7118,5690,3969,3437,8968,6790,4227,3507,18.864,-19.145,8.76153,48.0487
19285,3430,3477,3440,3227,3865,4168,3806,3565,4972,6955,5156,3899,5449,7474,5628,4070,16.4448,-6.13243,8.59462,48.3873
19286,4131,4715,4366,3690,4662,7675,5692,3968,4309,5662,4813,3814,3642,3981,3683,3524,-4.84978,-4.30562,8.77339,48.218
19287,3559,3302,3250,3126,4166,3763,3449,3208,7250,4937,3886,3380,11277,6041,3930,3392,20.7944,-27.107,8.89437,47.944
19288,3122,3270,3406,3459,3259,3541,3898,3948,3337,3920,4886,5912,3456,3974,6928,11590,33.2874,21.9803,8.74047,47.9373
19289,12562,5956,3877,3448,6132,4679,3816,3296,3967,3713,3318,3191,3329,3310,3296,3187,-25.8675,-33.603,8.93726,47.3847
19290,3872,3801,3371,3112,5082,4566,3687,3352,7756,6869,4271,3453,6099,5454,4059,3397,9.51741,-17.1111,8.65566,48.134
19291,12094,6030,3933,3397,6512,4789,3763,3356,3966,3745,3361,3274,3454,3376,3287,3181,-24.0046,-33.2288,8.87148,47.6787
19292,3768,3642,3329,3186,5247,4229,3682,3274,9512,5680,3868,3298,7213,5033,3796,3423,10.7898,-24.6856,8.80311,48.12
19293,3027,3261,3560,3783,3393,3712,4271,5278,3333,3766,5738,9627,3362,3818,5164,7272,11.1145,24.1284,8.99033,48.2433
19294,3154,3515,3873,4258,3336,3689,4652,6646,3351,3732,5128,9585,3268,3650,4470,5706,5.2498,29.5493,8.82373,48.0087
19295,3945,4278,3857,3572,4760,6794,4867,3770,4879,7034,5020,3662,4099,4409,3926,3502,0.727186,-6.75843,8.64436,48.2493
19296,3617,3897,3836,3479,4104,5518,4817,3753,4638,7395,5819,4107,4155,4888,4404,3763,5.0396,-3.5065,8.6916,48.1267
19297,7538,8882,4915,3689,5555,5714,4309,3511,3999,3987,3630,3270,3363,3451,3281,3146,-22.1563,-12.5023,8.61542,48.16
19298,3437,3353,3271,3205,3895,3700,3583,3203,5996,4869,3793,3350,11957,6885,4040,3320,30.9603,-23.03,8.81793,47.9047
19299,7107,5062,3749,3334,9761,5586,3877,3337,5524,4271,3742,3183,3905,3613,3322,3125,-9.99762,-25.3466,8.78584,48.332
19300,3707,5034,8747,6882,3641,4437,6178,5431,3306,3750,3966,3975,3184,3241,3416,3493,-20.2621,10.9535,8.52806,48.2587
19301,4900,8083,7512,4537,4191,5467,5279,4104,3583,3839,3837,3482,3294,3367,3329,3227,-22.7118,-1.03697,8.50124,48.0207
19302,3278,3799,4707,5113,3412,4019,6558,7641,3367,3949,5419,6092,3281,3590,4004,4164,-3.65114,17.3031,8.9488,48.262
19303,3377,3441,3198,3106,3959,3841,3461,3227,6478,5002,3906,3371,10870,6975,4130,3378,22.9651,-21.0774,8.81631,47.8133
19304,3531,3352,3216,3020,3966,3974,3503,3212,6341,5339,3918,3417,10264,7220,4147,3406,22.7887,-19.674,8.61644,47.884
19305,3398,3444,3208,3069,3888,3824,3504,3231,5646,5323,4085,3524,8860,8905,4565,3479,33.9545,-15.324,8.55123,47.9687
19306,3334,3302,3320,3266,3556,3869,3726,3432,4500,5127,4615,3875,5770,9548,6464,4166,30.1447,-5.63639,8.62892,47.9133
19307,4285,3867,3392,3216,6533,4589,3567,3185,9689,5178,3801,3305,5712,4552,3645,3406,5.22542,-28.9559,8.6405,47.948
19308,3995,5766,9285,6021,3773,4528,5957,4896,3439,3563,3939,3720,3234,3251,3329,3387,-22.1159,7.30809,8.51586,48.0553
19309,3478,3881,5976,10845,3379,3807,5075,7549,3291,3495,3915,4102,3130,3274,3339,3425,-19.9143,32.8701,8.73616,47.974
19310,3355,3317,3256,3236,3944,3787,3421,3237,5928,4691,3694,3377,12768,5857,3948,3326,32.1634,-30.8978,8.95783,47.428
19311,3822,4826,6614,5175,3825,5159,7721,5324,3463,3982,4519,4172,3203,3462,3573,3500,-12.9044,7.74579,8.62559,48.2267
19312,3208,3109,3384,3409,3214,3499,3909,4091,3433,3781,5007,6975,3408,3969,6579,11499,23.1925,23.8649,8.91168,48.316
19313,5322,9100,7442,4451,4383,5147,4751,3910,3585,3795,3664,3416,3216,3369,3182,3184,-27.1509,-3.08304,8.52901,47.9447
19314,3205,3394,3412,3398,3413,3850,4261,3834,3891,5195,6299,4512,4167,6051,7993,5302,18.7589,4.1115,8.66605,48.118
19315,3500,4859,9247,8512,3452,4147,5178,5237,3232,3574,3918,3905,3170,3206,3379,3473,-28.5458,13.6877,8.8779,47.9927
19316,3216,3401,3853,3985,3367,3694,4675,5972,3345,3888,5858,9218,3277,3689,4740,5811,6.39526,22.3351,8.81166,47.9927
19317,7084,8435,4757,3583,5795,6469,4264,3701,4046,4096,3612,3483,3398,3441,3216,3108,-19.2573,-12.4423,8.67626,48.3253
19318,3642,4429,6967,6384,3697,4520,7272,6250,3473,3747,4342,4243,3145,3445,3506,3450,-14.5219,12.6617,8.6543,48.3413
19319,3383,3911,5419,8342,3401,3864,5222,9254,3215,3524,4214,4659,3133,3343,3482,3569,-13.5019,33.5842,8.89163,47.9567
19320,4858,4670,3738,3359,6932,6700,4214,3630,6098,5529,3928,3441,4204,4048,3627,3289,-2.95064,-16.2416,8.58792,48.1767
19321,5146,6940,4744,3815,5567,7780,5025,3857,4045,4494,3921,3400,3491,3543,3386,3240,-13.1073,-8.30097,8.83468,48.2627
19322,9365,8699,4345,3498,5473,5254,3973,3521,3929,3731,3568,3275,3356,3362,3196,3186,-33.8019,-15.9288,8.83123,47.8207
19323,3531,3531,3430,3198,4655,4141,3608,3223,8283,5943,4017,3440,7965,5895,3917,3366,14.4346,-20.554,8.65676,48.0953
19324,3204,3306,3371,3288,3416,3735,3730,3543,3943,4742,5137,4554,4156,6643,9752,5482,32.9559,4.60559,8.66421,48.0013
19325,4715,7775,7918,4698,4244,5342,5507,4325,3675,3798,3824,3552,3174,3452,3364,3131,-22.0452,0.105929,8.75858,48.3293
19326,3097,3123,3436,3446,3175,3461,3837,3975,3417,3848,4995,5849,3507,4053,7155,11315,32.9249,20.9505,8.96255,47.7927
19327,3626,4228,5317,4606,3673,5031,7975,5477,3568,4156,5333,4512,3379,3518,3940,3739,-6.88367,8.49693,8.53957,48.052
19328,3842,3756,3358,3190,5830,4456,3645,3199,10131,5306,3794,3418,6565,4651,3684,3362,8.12668,-29.2604,8.96856,48.1247
19329,3138,3287,3486,3526,3210,3538,3964,4689,3422,3937,5164,8937,3355,3859,5481,8897,14.991,30.0575,8.85572,47.9267
19330,7109,9773,5324,3722,4998,5226,4336,3631,3813,3879,3578,3367,3505,3327,3275,3071,-33.7814,-9.80003,8.53322,47.956
19331,4020,4180,3701,3322,5065,6219,4339,3525,5689,7483,4612,3673,4514,4682,3991,3458,2.63387,-10.3262,8.69128,48.3153
19332,3054,3327,3576,3673,3143,3507,4305,4896,3317,3955,5214,9106,3301,3806,5322,8340,13.723,27.4078,8.67893,47.8947
19333,3042,3285,3577,3692,3172,3563,4142,4896,3394,3764,5423,9377,3304,3729,5260,8170,12.9282,26.5758,8.7771,47.86
19334,3451,3482,3242,3143,4026,3990,3617,3356,6090,6203,4273,3598,7390,7935,4586,3661,18.8773,-13.9298,8.69341,48.0287
19335,4389,4518,3951,3489,5332,7088,4679,3723,5055,6441,4647,3561,4023,4294,3759,3460,-1.73782,-9.04784,8.59882,48.2727
19336,3160,3396,3639,3715,3283,3698,4656,5023,3470,4145,6754,8065,3471,3947,5601,6395,10.443,17.642,8.97677,48.2787
19337,3673,4069,4448,3978,3833,5440,7022,4699,3814,4990,6424,4677,3499,4010,4173,3766,-1.19422,4.64175,8.72303,48.3433
19338,4915,4196,3505,3275,8545,5025,3679,3376,8125,4790,3653,3287,4696,4108,3488,3167,-1.01025,-27.7693,8.87943,47.8867
19339,3580,4731,8611,8576,3575,4208,5455,5627,3317,3455,3808,3966,3129,3205,3384,3514,-23.8825,15.2211,8.62628,48.094
19340,3109,3173,3383,3380,3160,3433,3848,3960,3328,3758,4788,6439,3377,3945,6352,12399,25.7316,26.4076,8.85526,47.888
19341,3052,3362,3421,3392,3470,3729,4077,3980,3650,4523,6763,5345,3801,5067,8305,6327,18.27,10.1333,8.97779,48.176
19342,9978,5742,3925,3324,8294,5188,3858,3304,4458,4084,3451,3236,3513,3526,3220,3049,-17.5271,-27.2176,8.78301,48.1
19343,4406,5234,4456,3778,5090,8008,5570,3820,4273,5338,4373,3651,3659,3745,3577,3363,-7.34576,-5.75343,8.63279,48.2273
19344,3352,3415,3387,3206,3754,3961,3621,3379,4785,5322,4370,3740,6326,9696,5747,3862,33.4349,-8.12673,8.52372,47.9487
19345,3976,4400,4081,3697,4595,6947,5392,3859,4464,6303,5092,3825,3909,4202,4034,3553,-1.14944,-3.68215,8.77095,48.2193
19346,8813,5425,3886,3313,9074,5182,3833,3345,4847,4153,3543,3362,3511,3455,3227,3203,-14.8515,-28.1803,8.7261,48.1147
19347,3725,3710,3569,3336,4551,5357,4155,3575,5747,8266,4812,3621,4787,5177,4181,3594,6.80748,-9.63392,8.91633,48.1087
19348,3679,3557,3253,3114,4666,4366,3579,3357,8402,6219,4079,3466,7436,5794,3953,3491,12.9982,-19.8019,8.78623,48.274
19349,3293,3763,4856,6205,3346,3820,5805,9422,3313,3707,4621,5946,3154,3321,3765,3911,-7.13289,22.984,8.59444,48.1653
19350,3172,3236,3437,3318,3202,3385,3752,4039,3286,3702,4893,6032,3348,3963,6158,12492,32.136,26.0351,8.55682,47.61
19351,6457,4791,3722,3335,9637,5386,3869,3372,5953,4420,3666,3231,3955,3621,3367,3128,-7.86576,-26.4614,8.53854,47.94
19352,3379,3499,3258,3155,3756,3805,3670,3363,4887,5327,4407,3683,6586,9914,5751,3853,29.2281,-8.65288,8.78293,48.1953
19353,3333,3843,4479,4601,3488,4412,7123,6572,3370,4215,5935,5699,3339,3666,4105,4205,-2.77158,13.8375,8.894,48.2567
19354,7487,9588,5230,3665,4962,5291,4323,3677,3775,3897,3627,3416,3389,3280,3318,3113,-28.8533,-11.1864,8.64391,48.0253
19355,3428,4103,6124,7543,3534,4109,6460,7851,3210,3555,4315,4706,3109,3332,3571,3612,-14.067,18.7582,8.81873,48.3747
19356,5012,8408,7446,4522,4204,5573,5157,4138,3698,3875,3854,3554,3201,3421,3295,3224,-22.4199,-1.91575,8.92819,48.388
19357,12539,6026,4008,3455,5802,4768,3635,3346,3831,3820,3413,3155,3390,3292,3239,3237,-32.6068,-32.9381,8.55458,47.304
19358,3060,3350,3406,3350,3378,3663,3706,3686,3841,4524,5207,4717,4087,6435,9623,6234,30.1093,6.44162,8.56368,48.178
19359,3468,3918,5253,5753,3439,4101,7221,7598,3457,3794,4688,5055,3174,3440,3735,3821,-8.62552,16.3258,8.65919,47.9433
19360,3278,3394,3276,3064,3766,3910,3506,3392,4927,5528,4347,3720,6658,9946,5686,3974,25.2006,-8.85461,8.95909,48.248
19361,3607,3597,3221,3208,4865,4249,3634,3383,9573,5113,3875,3294,8090,5093,3924,3371,12.6915,-33.0209,8.97471,48.0647
19362,6628,9626,5621,3931,4856,5515,4350,3656,3791,3949,3774,3315,3398,3310,3310,3117,-24.8863,-9.01094,8.6239,48.098
19363,10930,5769,3861,3433,7350,4991,3746,3481,4193,3912,3558,3251,3397,3459,3260,3074,-20.2181,-31.7914,8.60607,47.7767
19364,3109,3309,3449,3350,3391,3351,3754,4070,3350,3761,4886,6328,3372,3854,6008,12470,25.7732,29.8124,8.79159,47.8747
19365,5534,7668,5288,3892,5146,7310,5032,3752,3930,4119,3841,3439,3416,3491,3385,3223,-16.3526,-7.60117,8.94503,48.3107
19366,3143,3347,3358,3386,3210,3479,3911,3963,3510,4158,5612,6007,3579,4402,7951,8962,22.0742,16.4134,8.8968,47.9853
19367,3302,3357,3452,3229,3307,3682,3882,3731,3920,4677,5345,4405,4360,6674,9258,5516,25.7758,4.42015,8.61723,48.0647
19368,3702,3957,4433,3984,3938,5436,6700,4615,3920,5193,6365,4525,3604,3957,4218,3933,-0.842215,3.60641,8.55128,48.32
19369,3628,4678,8366,7944,3645,4165,5767,5746,3324,3553,3871,4003,3202,3348,3460,3373,-21.6226,13.9575,8.57889,48.0487
19370,3309,3369,3440,3479,3529,3917,4196,3882,4009,5225,6948,4849,4043,5645,7691,5233,16.6962,5.34459,8.64952,48.5093
19371,3665,3751,3518,3268,4595,5137,3973,3513,6008,7916,4793,3714,4809,5574,4315,3632,8.31684,-10.0993,8.52967,48.1207
19372,12647,5861,3956,3473,5897,4703,3721,3385,3908,3825,3378,3223,3283,3360,3251,3240,-27.1865,-33.5158,8.9432,47.4073
19373,3209,3726,4962,6923,3295,3818,5178,9935,3263,3595,4286,5710,3226,3343,3715,3867,-9.62569,29.7894,8.65649,48.034
19374,3966,5952,9733,6086,3716,4462,5172,4737,3461,3667,3954,3773,3200,3259,3506,3232,-33.7669,7.19448,8.83755,47.9173
19375,4479,7738,8926,5092,4030,4789,5097,4342,3455,3723,3765,3575,3146,3504,3318,3235,-30.642,1.9299,8.96321,48.1427
19376,3446,3411,3320,3125,3972,3931,3590,3306,5470,5177,4019,3467,9357,8818,4544,3437,32.9989,-15.9097,8.94923,48.26
19377,3391,4078,5566,6839,3472,4037,6247,8396,3281,3724,4414,5033,3078,3329,3685,3721,-11.6788,19.2884,8.66464,48.194
19378,10457,7659,4283,3365,5771,5131,3907,3428,4004,3825,3519,3240,3411,3429,3333,3107,-33.7856,-18.7576,8.85294,47.9127
19379,10644,5721,3954,3461,7772,4881,3735,3391,4258,3896,3538,3264,3528,3423,3161,3171,-19.0316,-30.6164,8.62743,47.8653
19380,8141,5291,3723,3305,9304,5038,3810,3401,4997,4101,3551,3323,3722,3690,3282,3133,-13.0326,-28.7376,8.72079,47.8747
19381,3365,3900,6038,12232,3324,3817,4979,6619,3148,3432,3759,3940,3129,3203,3378,3316,-24.5858,29.295,8.68118,47.7193
19382,3129,3245,3476,3458,3212,3489,4089,4427,3426,3773,5126,8482,3424,3920,5480,9593,16.4402,32.9028,8.99316,47.8327
19383,3467,3391,3278,3154,3938,3895,3523,3260,6029,5388,3961,3554,9523,7951,4419,3471,23.2103,-17.3774,8.97483,48.1347
19384,3041,3197,3504,3482,3298,3541,3927,4289,3362,3782,5260,7732,3388,3941,6078,10586,19.2958,24.8379,8.87992,48.272
19385,3787,4715,6960,5546,3695,5000,7647,5604,3586,3806,4452,3981,3155,3458,3493,3427,-13.8421,9.28287,8.81209,48.208
19386,3210,3352,3361,3458,3256,3514,3817,3943,3394,3814,4804,6085,3366,3957,6329,12330,33.2307,26.1848,8.56679,47.9933
19387,5632,5085,3957,3457,8012,6962,4217,3491,5280,4843,3780,3259,3813,3768,3522,3305,-7.43441,-16.9698,8.80753,48.2553
19388,3134,3230,3371,3410,3372,3535,3934,3785,3588,4157,5360,5184,3773,5254,9630,7564,25.6893,11.7254,8.78938,48.1873
19389,4547,5745,4884,3851,4966,7958,5667,4090,3952,4800,4149,3579,3568,3566,3634,3270,-10.4258,-4.62026,8.8352,48.1507
19390,3447,3891,5932,12703,3369,3791,4642,6093,3252,3401,3747,3841,3130,3210,3392,3275,-27.4905,31.2381,8.7683,47.4107
19391,3090,3222,3500,3413,3293,3431,3765,4054,3363,3784,4858,5932,3409,4064,6774,11821,33.9659,22.4471,8.931,47.8487
19392,3432,3286,3313,3063,4007,3868,3501,3101,6439,4925,3936,3342,11417,6625,4045,3461,23.7402,-23.2682,8.93597,47.8407
19393,5105,8389,6826,4415,4366,5682,5080,4045,3666,3933,3736,3476,3324,3424,3458,3187,-21.5208,-2.45108,8.6366,48.0747
19394,3311,3487,3529,3207,3776,4192,4117,3582,4543,6824,5682,4111,4851,6953,5959,4341,15.6462,-2.88272,8.81766,48.31
19395,3132,3059,3311,3380,3257,3464,3955,4170,3388,3843,5069,7615,3425,3963,5793,10976,20.1826,31.3718,8.75772,47.8667
19396,5546,9157,6484,4030,4681,5698,4724,3949,3775,3875,3726,3527,3256,3418,3272,3126,-23.3125,-5.18969,8.54762,48.1627
19397,10006,7649,4388,3441,6169,5178,4058,3514,3957,3969,3609,3169,3409,3393,3251,3105,-23.2047,-18.6676,8.86566,48.1767
19398,3332,4001,6481,12127,3424,3899,4860,5859,3201,3548,3796,3927,3115,3182,3536,3422,-31.9538,24.2219,8.64317,47.8067
19399,11724,7025,4051,3384,6113,4859,3773,3325,4003,3847,3508,3244,3313,3409,3251,3031,-27.1364,-22.5908,8.75043,47.9067
19400,7594,7761,4663,3536,6221,6034,4320,3569,4156,3969,3636,3412,3362,3530,3266,3031,-19.2381,-14.6583,8.64948,48.04
19401,3527,4220,7304,11151,3400,3908,4938,6046,3179,3476,3831,3968,3031,3168,3336,3397,-26.1396,21.0368,8.78645,47.92
19402,3743,4083,4812,4193,3757,5196,7675,5048,3698,4419,5894,4589,3419,3785,4049,3867,-3.93657,6.42797,8.61987,48.1513
19403,3360,3327,3315,3170,3674,3762,3680,3455,4531,5181,4546,3929,5888,9697,6481,4052,30.7068,-5.68755,8.94906,48.032
19404,3523,3764,3878,3662,3639,4627,5497,4319,3960,5591,7691,4802,3648,4454,4851,4165,5.05272,4.56156,8.79951,48.0473
19405,3512,4750,8955,8692,3489,4197,5227,5395,3284,3600,3935,3817,3147,3251,3326,3488,-33.4458,14.2932,8.63737,48.0433
19406,3652,3557,3330,3102,4507,4328,3673,3448,7481,6633,4148,3485,7061,6228,4067,3548,13.8803,-16.848,8.76928,48.1653
19407,6608,10000,5729,3908,4942,5494,4375,3634,3747,3837,3675,3263,3307,3294,3347,3133,-26.835,-8.88651,8.77868,48.1953
19408,4025,4666,4374,3806,4569,6964,6003,4089,4308,5720,5138,3994,3623,3971,3847,3684,-3.38358,-2.06021,8.51343,48.5207
19409,3295,3625,4959,7197,3420,3781,5240,9750,3299,3540,4313,5456,3040,3400,3731,3774,-9.86342,31.5256,8.7432,47.88
19410,3370,3441,3153,3143,3950,3785,3494,3251,5678,5147,3922,3425,10685,7657,4253,3502,30.2574,-19.1368,8.61736,47.904
19411,3446,3713,3971,3983,3725,4409,5818,4722,3697,5017,7731,5347,3577,4152,4850,4358,3.9554,8.1751,8.5197,48.344
19412,4443,7228,8349,4961,4143,5215,5768,4386,3475,3875,3831,3567,3267,3236,3493,3237,-21.2618,2.01063,8.99587,48.316
19413,6650,10000,5850,3850,4735,5184,4318,3617,3771,3875,3680,3362,3377,3487,3257,3035,-28.9842,-8.23736,8.78643,48.032
19414,3092,3317,3484,3599,3234,3480,4011,4299,3357,3775,5173,8132,3431,3822,5677,9966,17.6692,28.7403,8.65298,47.8993
19415,3711,4625,7512,6723,3591,4385,6931,6057,3336,3599,4209,4178,3145,3290,3532,3489,-16.6616,12.6455,8.9046,48.2087
19416,3700,3536,3335,3080,5278,4214,3514,3275,9887,5212,3823,3389,7331,4871,3879,3401,10.7208,-29.8509,8.90308,47.8167
19417,5852,5427,4051,3467,7448,7015,4217,3511,4861,4810,3783,3450,3799,3796,3437,3354,-9.49361,-15.7701,8.50056,48.1853
19418,3144,3359,3612,3698,3271,3674,4434,5247,3378,3922,5946,8943,3424,3912,5348,7071,11.2755,21.8216,8.62935,48.2553
19419,3243,3399,3332,3242,3730,3947,3841,3407,4481,5883,5068,3954,5234,8647,6578,4180,20.9619,-3.89914,8.91195,48.1107
19420,10659,7558,4114,3403,5882,5057,3886,3422,3888,3780,3311,3299,3359,3328,3199,3100,-26.0982,-19.792,8.97384,47.4967
19421,3348,3430,3353,3221,3813,3858,3607,3393,4514,5189,4604,3801,5913,9718,6312,4073,30.2192,-6.09967,8.57884,48.098
19422,3474,3313,3150,3175,3981,3808,3389,3294,5578,5058,3900,3524,11035,7470,4287,3399,30.3206,-19.8789,8.86301,47.89
19423,3962,5939,9599,5989,3800,4560,5743,4692,3431,3674,3941,3714,3248,3378,3390,3267,-23.4214,7.02056,8.71606,48.218
19424,3339,3682,4372,4922,3431,4018,5970,7995,3386,3818,5326,6759,3259,3470,4064,4498,-2.35133,20.1447,8.64534,48.206
19425,3469,4132,7219,11502,3364,3850,4751,5781,3271,3461,3877,3958,3088,3215,3391,3275,-31.6114,21.4686,8.93959,47.736
19426,9026,5543,3846,3286,8695,5353,3902,3399,4754,4118,3400,3128,3587,3491,3264,3083,-15.155,-26.5696,8.51326,47.9167
19427,5438,4368,3636,3212,9042,5212,3740,3346,7389,4661,3684,3253,4376,4070,3486,3223,-2.92696,-28.4117,8.56137,48.0907
19428,3512,4486,8723,9521,3417,4014,5073,5396,3270,3562,3807,3798,3194,3224,3433,3283,-28.8982,15.9879,8.64272,47.8087
19429,5867,9620,6587,4102,4511,5116,4550,3806,3483,3816,3572,3356,3407,3424,3322,3315,-30.2053,-5.35991,8.86175,47.9027
19430,3122,3483,3736,3922,3316,3939,4964,5115,3516,4406,7334,7165,3434,4011,5119,5443,7.65757,15.1443,8.66752,48.0167
19431,3244,3655,4928,6586,3296,3774,5358,10160,3316,3614,4427,5612,3131,3386,3803,3887,-8.47721,32.7633,8.87902,48.118
19432,6156,4632,3687,3284,9901,5236,3805,3422,6042,4482,3661,3345,3933,3774,3369,3142,-7.15168,-31.3313,8.74272,47.914
19433,3272,3641,4084,4213,3537,4000,5896,5812,3570,4284,6761,6704,3464,3816,4577,4753,2.96716,15.0177,8.55125,48.256
19434,3349,3718,4864,6992,3315,3750,5526,10054,3235,3576,4406,5543,3069,3414,3672,3911,-9.54384,26.4663,8.71805,48.2627
19435,3164,3170,3535,3523,3171,3502,4035,4515,3343,3719,5090,8101,3388,3853,5705,9955,17.624,26.6245,8.72362,47.846
19436,4338,4805,4094,3658,5210,7772,5140,3791,4579,5997,4414,3589,3942,3958,3741,3443,-4.06988,-7.60773,8.56835,48.314
19437,4864,5488,4211,3620,5768,8046,4973,3690,4561,5269,4008,3582,3731,3860,3520,3147,-7.69922,-9.11368,8.85592,48.2253
19438,3509,3439,3312,3178,4308,3998,3505,3249,7219,5589,3820,3478,9344,6581,4120,3439,18.6775,-20.7259,8.62015,48.0587
19439,10392,5556,3854,3475,8131,5093,3847,3424,4225,3931,3409,3273,3537,3416,3209,3126,-18.2795,-32.4342,8.9311,47.932
19440,3161,3398,3478,3324,3413,3688,3927,3819,3664,4329,5932,5114,3662,5244,9434,7042,22.4202,10.4298,8.96124,48.4193
19441,3431,4031,6632,11556,3418,3816,4940,6269,3094,3531,3835,3991,3140,3319,3349,3365,-25.1851,23.7187,8.58033,47.8113
19442,5163,4391,3691,3287,8933,5165,3769,3381,7363,4901,3750,3369,4538,3910,3472,3233,-2.62576,-25.0935,8.86803,48.2107
19443,3103,3385,3213,3436,3263,3495,3743,3974,3324,3771,4852,6291,3291,3915,6252,12482,26.2891,27.2792,8.78532,47.86
19444,5263,4707,3675,3223,8616,5790,3867,3414,6658,5049,3760,3328,4202,3881,3537,3187,-3.5653,-21.3378,8.54684,48.1047
19445,8291,5177,3859,3393,9354,5251,3891,3326,5036,4219,3553,3240,3672,3513,3339,3015,-13.1279,-29.6494,8.79531,48.086
19446,3323,4067,6946,11404,3360,3912,4968,5769,3238,3541,3822,3986,3180,3116,3416,3414,-33.6134,21.5987,8.74122,47.6413
19447,7598,5431,3870,3393,9042,5726,3915,3410,4976,4223,3577,3331,3702,3532,3355,3113,-12.5727,-23.0014,8.80897,48.1293
19448,3484,3561,3181,3134,4372,3955,3612,3215,7596,5516,3874,3375,9730,6218,4107,3425,17.9726,-22.0936,8.8212,48.2367
19449,4219,4758,4180,3630,4926,7626,5508,3970,4376,5919,4801,3663,3792,3884,3817,3465,-4.00269,-5.04461,8.90994,48.356
19450,7949,5808,4041,3493,8477,5878,3911,3466,4678,4090,3510,3334,3690,3471,3428,3265,-14.059,-21.2849,8.56639,48.326
19451,3604,3371,3237,3068,4322,3834,3514,3245,7487,5073,3812,3401,10614,5774,3927,3413,19.3259,-28.3026,8.525,47.7973
19452,3224,3299,3427,3576,3250,3543,4089,4582,3411,3796,5121,8999,3404,3965,5288,8863,14.6152,31.506,8.75383,47.8913
19453,3351,3572,3768,3532,3499,4077,4884,4255,3822,5335,8042,5255,3686,4597,5630,4704,8.92472,7.08641,8.86676,48.006
19454,3260,3422,3440,3165,3838,3824,3587,3385,4899,5942,4522,3831,6287,9309,5756,3960,22.4753,-8.092,8.63777,48.2847
19455,3239,3341,3408,3327,3504,3830,3903,3745,3883,5075,6308,4650,4126,6178,8404,5358,19.6183,4.81912,8.8827,48.186
19456,3213,3264,3230,3358,3293,3538,3749,3894,3309,3765,4702,6450,3342,3891,5953,12629,25.9467,30.2032,8.86893,47.72
19457,3138,3308,3708,3833,3236,3601,4373,5400,3362,3891,5384,9741,3308,3774,5029,7143,10.341,25.3297,8.822,48.1527
19458,3597,3400,3352,3081,4347,4178,3580,3272,7080,6010,4048,3406,8355,6796,4120,3454,17.0841,-18.2655,8.83697,48.0507
19459,4808,8142,8206,4795,4229,5006,4920,4158,3631,3811,3816,3537,3255,3320,3323,3253,-32.1635,0.0607461,8.75574,48.14
19460,3188,3370,3363,3342,3496,3811,3850,3709,3999,4851,5407,4307,4470,7287,8815,5155,24.8968,2.75033,8.6353,48.28
19461,3521,3720,3432,3442,4002,4666,4160,3601,5127,8006,5736,3894,4714,6070,4882,3829,10.6512,-5.34322,8.72308,48.5347
19462,3219,3252,3492,3424,3262,3487,3977,4363,3377,3978,5018,8125,3425,3917,5628,9865,17.2948,33.2548,8.81139,47.8727
19463,4349,5181,4685,3857,4823,7742,5810,3943,4087,5164,4444,3736,3659,3792,3650,3376,-7.14716,-4.22509,8.74394,48.1987
19464,6983,10111,5529,3780,4859,5092,4256,3562,3693,3881,3500,3396,3294,3334,3262,3168,-32.4779,-9.34093,8.92021,47.8
19465,4112,3901,3526,3141,5485,5208,3844,3431,7603,7182,4253,3446,5160,4930,3815,3392,5.43511,-15.8348,8.98875,48.286
19466,3341,3554,3309,3172,4074,4093,3659,3310,6313,6269,4183,3506,7562,7681,4427,3490,18.3191,-14.6058,8.67304,47.962
19467,10749,7783,4257,3514,5578,4994,3825,3499,3872,3879,3412,3120,3391,3410,3260,3073,-30.2435,-18.9738,8.78671,47.744
19468,3378,3901,5024,5027,3550,4286,7503,6995,3468,4065,5306,5303,3231,3493,3958,3946,-5.67777,14.1297,8.83483,48.2893
19469,3096,3278,3440,3513,3226,3506,4009,4360,3442,3848,5290,7980,3369,3967,6062,9581,17.424,23.2538,8.88708,47.978
19470,3266,3474,4015,3898,3515,4181,5561,4888,3543,4709,7902,6111,3533,3925,5037,4552,5.01912,11.2558,8.91315,48.0733
19471,3553,3887,3965,3695,3985,5174,5411,4163,4150,6317,6801,4334,3860,4443,4496,3954,3.88832,1.20278,8.68947,48.1253
19472,3261,3360,3304,3122,3855,3926,3575,3270,5289,5259,4113,3534,8486,9183,4883,3645,28.6263,-13.3784,8.57281,48.0433
19473,3308,3907,6868,12086,3308,3889,4890,5963,3142,3519,3735,3910,3118,3321,3338,3323,-31.6028,23.221,8.78812,47.75
19474,4133,3893,3469,3132,6192,5034,3762,3302,8456,6298,3957,3435,5267,4671,3803,3419,4.64897,-19.0462,8.90967,48.1487
19475,7227,9381,5316,3847,5092,5707,4385,3614,3733,3837,3697,3354,3460,3364,3321,3152,-23.7578,-10.3701,8.8329,48.3247
19476,3134,3315,3628,3696,3303,3655,4266,4747,3488,3994,6290,8177,3414,4038,5860,7370,13.3582,19.5148,8.77337,48.25
19477,3393,3528,3463,3259,3762,4366,4074,3692,4679,6859,5827,3971,4662,6488,5742,4212,14.4283,-2.46189,8.52872,47.9847
19478,4904,4504,3753,3265,8013,6347,4077,3369,6520,5499,3730,3361,4275,4250,3489,3179,-2.89641,-18.5497,8.90519,48.3567
19479,3388,3831,6208,12569,3392,3822,4658,6264,3286,3487,3752,4082,3167,3267,3383,3381,-27.2853,27.5212,8.76771,47.958
19480,3088,3270,3419,3300,3376,3584,3812,3836,3654,4373,5594,4783,3769,5673,9675,6860,25.28,9.20026,8.79447,48.044
19481,7445,5107,3853,3298,9874,5201,3859,3290,5122,4220,3640,3414,3754,3565,3290,3158,-11.4103,-33.5667,8.88923,48.06
19482,3228,3645,3859,4052,3522,3876,5500,5398,3418,4282,7314,6872,3488,4050,4900,4993,5.44696,14.0893,8.68395,48.2647
19483,3938,3790,3419,3170,5961,4636,3662,3289,9730,5281,3863,3397,6113,4679,3727,3380,7.03891,-33.874,8.54424,48.0233
19484,3721,4885,8083,6683,3619,4429,6532,5554,3348,3708,4182,4066,3118,3291,3520,3468,-18.4036,11.1997,8.56952,48.138
19485,3016,3148,3312,3325,3193,3397,3797,3955,3339,3838,4942,6148,3406,4035,7083,11771,27.0341,22.1548,8.9504,47.8033
19486,3896,5363,8553,6059,3829,4728,6641,5271,3470,3719,4001,3889,3098,3272,3367,3325,-18.9944,8.46007,8.74591,48.3207
19487,3173,3429,3933,4177,3240,3655,4597,6774,3372,3741,5204,9792,3311,3628,4333,5700,4.90552,31.4244,8.94261,48.0393
19488,3416,4056,5950,8544,3451,3999,5841,8351,3295,3537,4108,4526,3038,3207,3554,3544,-15.0587,21.7271,8.93987,48.278
19489,3397,3798,5301,8639,3370,3860,5298,9132,3266,3613,4084,4644,3145,3277,3521,3635,-14.4018,29.8304,8.89671,47.9867
19490,4149,3921,3438,3113,6569,4551,3656,3237,9696,5157,3816,3361,5660,4514,3618,3308,5.35075,-30.5429,8.86982,47.8427
19491,5489,6195,4374,3555,5890,8079,4695,3706,4311,4791,3901,3344,3661,3691,3454,3317,-11.041,-10.4032,8.94955,48.302
19492,3924,3745,3441,3248,5412,4550,3637,3405,8754,6397,4058,3503,6084,5025,3800,3379,8.41542,-20.027,8.58029,48.2413
19493,4771,5870,4757,3873,5193,7949,5366,3791,4104,4710,4118,3563,3529,3710,3492,3277,-10.6141,-6.89742,8.7775,48.0487
19494,3551,3700,3555,3418,3953,4618,4287,3686,4738,7629,6292,4104,4386,5591,4836,3997,9.43245,-2.81127,8.72926,48.2273
19495,3423,3829,6583,12259,3416,3865,4933,6352,3235,3368,3849,3910,3081,3145,3332,3477,-26.1701,24.5291,8.91126,48.038
19496,5985,9848,6273,4050,4642,5144,4422,3770,3804,3767,3554,3403,3238,3307,3240,3052,-29.6017,-6.36692,8.85404,47.666
19497,3529,4151,6491,9662,3442,4065,5452,7205,3261,3565,4103,4333,3007,3209,3423,3321,-18.8279,20.7893,8.72992,48.146
19498,6190,9195,5740,4002,4995,6202,4526,3684,3770,3823,3734,3399,3246,3464,3340,3121,-21.9899,-7.79926,8.80694,48.2873
19499,3122,3273,3289,3494,3248,3465,3909,4224,3407,3830,4973,7594,3311,3861,5996,10833,19.4509,29.0404,8.64093,47.886
19500,3139,3291,3438,3422,3356,3665,3913,4043,3513,4188,5997,5758,3638,4612,8140,7794,20.4039,14.2562,8.74375,47.938
19501,3455,3926,6121,12480,3524,3764,4708,6037,3306,3444,3833,3950,2985,3288,3286,3333,-26.8052,33.3531,8.5377,47.6267
19502,11996,6921,4035,3487,5898,4800,3869,3345,3897,3737,3480,3224,3461,3255,3233,3105,-30.1067,-23.036,8.63948,47.8287
19503,3179,3275,3326,3220,3237,3619,3816,3759,3760,4349,5231,4923,3824,5400,9695,7106,27.8324,10.0156,8.72036,47.8127
19504,12401,6128,3916,3311,6037,4774,3763,3461,3882,3751,3415,3231,3501,3380,3262,3144,-33.4312,-27.0823,8.67019,47.5713
19505,3091,3271,3476,3409,3115,3413,4010,4182,3388,3744,5049,7587,3385,3932,5842,10895,19.7678,30.7553,8.73356,47.8593
19506,12121,6531,3885,3402,6136,4806,3754,3277,4009,3761,3457,3146,3488,3394,3185,3150,-29.0622,-24.5802,8.79322,47.668
19507,3262,3866,5246,6314,3472,3972,6356,8633,3364,3685,4658,5387,3212,3376,3675,3889,-9.20376,19.482,8.9902,48.2447
19508,3209,3404,3448,3415,3404,3565,3885,3736,3799,4355,5186,4685,3948,5668,9729,6265,33.854,8.10149,8.5801,47.8007
19509,3578,3743,3447,3292,4412,4794,3986,3588,5943,8226,4781,3852,4867,5907,4350,3657,9.64906,-9.37338,8.97815,48.282
19510,4972,4377,3582,3356,8559,5544,3847,3493,7072,5069,3818,3395,4500,4006,3529,3189,-2.07481,-22.3307,8.85507,48.2053
19511,3960,5503,8809,6019,3734,4649,6332,4915,3373,3758,3909,3781,3119,3313,3435,3292,-20.3234,7.89114,8.75182,47.934
19512,10497,7640,4240,3537,5740,5035,3974,3437,3956,3822,3479,3302,3401,3394,3225,3179,-32.3871,-19.3402,8.60173,47.9053
19513,3017,3311,3493,3287,3419,3619,4111,3996,3628,4360,6097,5426,3654,4922,8667,7307,20.6238,12.0602,8.66923,48.2093
19514,3197,3340,3823,4137,3335,3654,4564,6250,3303,3914,5489,9466,3232,3606,4699,5976,6.30361,25.0218,8.58045,47.99
19515,3100,3289,3429,3339,3302,3573,3944,3797,3519,4214,5578,5505,3653,4717,9009,8136,23.5658,13.4421,8.83366,48.0693
19516,8698,8564,4698,3505,5671,5481,4123,3496,3898,3854,3481,3211,3314,3410,3292,3177,-23.9999,-15.2594,8.59583,47.9153
19517,5974,4523,3729,3337,9560,5408,3858,3273,6280,4623,3731,3212,4136,3743,3437,3272,-6.33567,-26.783,8.78062,48.064
19518,3476,3903,5811,11677,3385,3820,4958,6937,3289,3429,3889,4126,3102,3225,3445,3342,-22.3354,33.8107,8.6981,47.876
19519,5006,4420,3510,3261,8507,5488,3877,3228,7251,5119,3817,3287,4515,4039,3498,3201,-1.97471,-22.5335,8.80971,48.016
19520,3487,3502,3330,3103,4150,4064,3649,3387,6032,6738,4256,3640,7105,7714,4668,3685,17.51,-13.145,8.93729,48.34
19521,3396,4025,6183,11575,3319,3843,4943,6966,3217,3385,3817,4113,3006,3160,3458,3552,-22.2735,26.494,8.76413,47.972
19522,3243,3291,3550,3542,3219,3461,3997,4495,3439,3796,5159,8565,3434,3850,5601,9529,16.4525,27.182,8.98917,48.114
19523,5759,5211,4000,3374,7734,7044,4304,3482,5059,4866,3706,3310,3738,3729,3394,3111,-8.23829,-16.1506,8.65653,47.8807
19524,3180,3296,3715,3819,3341,3623,4372,5158,3423,3960,5914,9299,3374,3844,5235,7001,10.5806,22.3288,8.87628,48.3693
19525,3586,4102,6329,7800,3486,3941,6216,7699,3197,3723,4269,4588,3151,3328,3489,3502,-14.7319,18.6387,8.67184,48.2707
19526,3421,3421,3372,3118,3850,3613,3446,3309,6100,4797,3732,3418,12487,5866,3818,3310,32.8498,-32.0942,8.59188,47.3853
19527,3228,3492,3864,4194,3329,3805,5177,6241,3364,4069,6227,8258,3278,3765,4639,5242,4.29871,19.618,8.64845,48.1147
19528,5215,8701,7225,4309,4451,5474,4960,3972,3678,3738,3719,3481,3259,3342,3329,3256,-23.7433,-2.71821,8.55726,48.0727
19529,5233,6576,4634,3763,5444,7846,4928,3767,4258,4514,3953,3403,3525,3608,3472,3304,-12.449,-8.79612,8.57073,48.152
19530,3398,3761,4019,3846,3601,4228,5977,4940,3667,4722,7811,5592,3576,3904,4860,4529,3.48495,9.5984,8.95065,48.2873
19531,7325,5055,3794,3300,9709,5538,3816,3267,5277,4397,3654,3231,3648,3598,3204,3179,-10.9971,-25.0062,8.96459,47.9947
19532,3329,3871,5816,10890,3369,3799,5023,7594,3325,3607,3933,4262,3195,3199,3337,3426,-19.836,29.4817,8.56694,47.9833
19533,3429,3466,3400,3206,4075,4244,3688,3477,5461,7177,4772,3745,5917,7468,4972,3786,15.936,-9.36721,8.61037,48.1887
19534,3242,3447,3952,3914,3321,3758,4947,5340,3503,4176,6999,7749,3460,3806,5075,5478,7.35214,16.7553,8.58839,48.1113
19535,8582,8692,4792,3569,5606,5585,4066,3650,3951,3843,3456,3269,3438,3460,3154,3157,-23.2584,-14.866,8.77308,48.18
19536,3248,3308,3196,3131,3917,3905,3632,3352,5031,5707,4347,3614,7121,9471,5165,3826,23.8715,-10.5174,8.83172,47.9807
19537,3191,3448,3710,3830,3251,3616,4324,5702,3320,3969,5195,9848,3400,3702,4976,6693,9.02933,31.3752,8.79313,48.1167
19538,10915,6127,3949,3309,7306,5067,3908,3384,4220,3915,3502,3226,3453,3484,3157,3164,-20.4507,-24.6119,8.90407,48.0573
19539,3249,3270,3475,3362,3408,3742,3887,3643,3863,4612,5147,4496,4122,6389,9643,5808,32.1615,5.46255,8.97092,48.0773
19540,5663,8460,5648,4145,4938,6451,4970,3828,3758,4016,3787,3465,3305,3368,3295,3207,-19.3317,-6.57437,8.79831,48.2027
19541,4718,4132,3542,3233,7607,5404,3982,3344,7835,5319,3810,3398,4863,4153,3497,3163,0.193992,-21.6359,8.69809,48
19542,3281,3460,3905,4136,3278,3740,4547,6818,3349,3783,5095,9520,3295,3640,4392,5619,4.38806,30.0445,8.85111,47.9053
19543,3534,3622,3523,3320,4182,4835,4020,3625,5178,8087,5424,3869,4749,5877,4631,3842,10.1246,-6.30031,8.52637,48.212
19544,3118,3249,3616,3722,3369,3621,4372,5360,3371,3859,5264,9772,3341,3820,4888,7368,10.6841,32.2305,8.80224,48.0733
19545,12485,5924,3857,3398,5970,4665,3707,3394,4001,3669,3321,3294,3425,3386,3266,3254,-33.3357,-32.566,8.61739,47.344
19546,3255,3557,3896,3766,3491,3928,5436,4723,3766,4946,8118,5910,3472,4177,5337,4744,6.74936,10.1581,8.98935,48.348
19547,3138,3418,3780,4095,3321,3825,5070,5738,3436,4124,6425,8263,3343,3802,4910,5728,6.37174,18.9129,8.67162,48.2773
19548,3380,3475,3506,3259,3875,4362,3954,3547,4811,7563,5536,3883,4917,6647,5206,3959,13.6849,-5.05913,8.95455,47.92
19549,3095,3289,3389,3305,3430,3680,3754,3733,3645,4372,5159,4896,3799,5506,9901,6925,27.954,9.56985,8.65168,47.9187
19550,3479,3403,3129,3184,4038,3924,3563,3250,6585,5864,4203,3442,8627,7334,4430,3541,19.1297,-16.7659,8.79028,47.9973
19551,3572,3496,3289,3082,4085,4001,3724,3252,6107,6497,4243,3557,7439,7614,4483,3566,18.1998,-14.3059,8.94265,48.0047
19552,3332,3494,3809,3716,3454,3980,5076,4513,3688,5000,8127,5733,3743,4328,5625,4795,8.24032,8.89175,8.86068,48.2753
19553,3126,3358,3692,3975,3335,3540,4441,5918,3387,3860,5244,9724,3366,3785,4697,6435,7.78476,30.3974,8.54137,47.922
19554,3332,3656,3593,3450,3578,4145,4540,3896,4106,5810,7511,4744,3963,5254,6167,4643,12.1049,3.47868,8.7523,48.2587
19555,3139,3494,3687,3956,3282,3581,4276,5840,3270,3865,5277,9801,3290,3795,4954,6796,8.7171,28.0896,8.91668,48.202
19556,3842,4185,3767,3393,4439,5976,4713,3684,4782,7289,5347,3867,4204,4718,4126,3716,3.02876,-5.83719,8.65224,48.032
19557,4343,3926,3483,3207,7343,4825,3651,3161,9280,5245,3780,3335,5407,4290,3581,3302,3.50592,-28.27,8.60682,48.106
19558,4636,3976,3603,3289,8007,5012,3737,3273,8458,5149,3861,3363,4837,4144,3512,3238,0.733498,-25.994,8.89054,48.0633
19559,3441,3766,5205,8341,3440,3804,5241,9437,3318,3568,3980,4811,3159,3357,3435,3680,-13.3721,29.3675,8.87104,47.9887
19560,12123,6218,3921,3452,6346,4792,3815,3398,3959,3759,3408,3221,3437,3389,3212,3142,-27.2644,-26.6527,8.50762,47.728
19561,3449,4125,6016,7274,3400,4079,6416,7565,3339,3599,4291,4644,3126,3345,3586,3686,-13.7043,18.0035,8.55536,47.96
19562,8428,5350,3825,3408,9203,5394,3803,3384,4898,4136,3475,3208,3597,3660,3245,3094,-13.8413,-26.7343,8.67138,48.072
19563,3187,3376,3536,3497,3459,3809,4280,4048,3916,5112,7543,5387,3778,4918,6885,5454,14.1553,7.65659,8.75277,48.1233
19564,3241,3308,3384,3244,3621,3855,3867,3724,4202,5315,5062,4078,4973,8583,7402,4645,24.3939,-1.53886,8.80516,48.336
19565,3327,3515,3375,3199,3849,4189,3925,3485,4853,7206,5311,3965,5115,7475,5470,3962,15.5007,-5.72063,8.94232,48.1473
19566,3728,4305,4662,4103,4005,5610,7415,4730,3827,4748,5857,4296,3468,3820,3991,3768,-3.48445,4.14042,8.65791,48.222
19567,3354,3287,3369,3088,3962,3850,3469,3267,5808,5193,3918,3408,10297,7836,4414,3495,26.6486,-18.3464,8.73773,48.01
19568,3549,4168,5787,5585,3560,4629,7765,6710,3423,3891,4757,4575,3126,3442,3798,3769,-10.3645,13.1923,8.72285,48.356
19569,3540,3974,4467,4139,3754,4966,7131,4984,3738,4712,6699,4952,3534,3833,4269,4082,-0.790542,7.21466,8.87761,48.516
19570,3376,3890,5859,11467,3314,3757,5005,7371,3282,3406,3839,4079,3119,3231,3365,3424,-20.963,31.3796,8.966,47.856
19571,12110,6045,3978,3452,6744,4868,3666,3438,4106,3738,3429,3204,3351,3484,3269,3127,-23.9566,-26.5508,8.8683,48.006
19572,3734,5300,9650,7623,3567,4352,5216,5013,3297,3518,3823,3759,3121,3318,3344,3355,-30.0543,11.4056,8.65965,47.9933
19573,4249,3981,3456,3175,6878,4813,3710,3349,8963,5523,3724,3386,5390,4471,3675,3226,4.14921,-24.1384,8.88861,47.9793
19574,3654,4572,7599,6758,3571,4370,6805,6100,3379,3624,4274,4035,3045,3297,3460,3488,-16.746,12.561,8.98408,48.0207
19575,8290,9299,4925,3668,5158,5205,4149,3547,3677,3877,3537,3284,3307,3518,3283,3097,-29.2597,-13.1482,8.86164,47.8807
19576,4190,5197,5046,4046,4503,7075,6584,4240,3818,4771,4588,3883,3544,3788,3727,3405,-8.59023,-1.11894,8.68336,48.27
19577,3437,3454,3207,3137,3833,3773,3468,3205,6092,4666,3871,3368,12609,5871,3932,3340,32.4979,-30.053,8.78516,47.5087
19578,3275,3530,4281,5381,3229,3760,5144,9023,3278,3798,4830,7361,3302,3489,3944,4540,-2.50037,27.7813,8.77829,48.11
19579,3934,5351,6293,4737,3982,5908,7575,4793,3716,4172,4422,3970,3311,3423,3566,3443,-12.5981,3.89065,8.95553,48.3973
19580,3370,3495,3248,3067,3975,3967,3759,3330,5831,6152,4206,3561,7420,8473,4981,3793,20.2551,-12.7585,8.91471,48.4187
19581,3373,3777,4498,4996,3456,3985,6241,7866,3325,3849,5464,6596,3203,3467,4056,4288,-2.75833,19.1427,8.8077,48.2933
19582,3400,3528,3490,3335,3837,4301,3988,3655,4552,6912,5622,4031,4696,6863,5907,4126,15.1676,-2.97474,8.58105,48.162
19583,3311,3537,3838,3853,3427,4078,5041,4636,3593,4839,7856,5989,3441,4136,5509,5263,8.37049,10.8385,8.633,48.2313
19584,3312,3363,3426,3327,3543,3979,4218,3735,4070,5453,6873,4712,4006,5947,7575,5073,16.9239,4.30644,8.67622,48.408
19585,4367,3912,3508,3234,7165,4747,3626,3366,9070,5052,3791,3326,5263,4359,3700,3261,2.96029,-29.8639,8.63023,47.8313
19586,3343,3971,6027,12734,3229,3908,4743,6025,3234,3435,3926,3887,3123,3318,3443,3378,-29.4966,29.9255,8.8429,47.816
19587,3439,3897,5565,10005,3405,3791,4974,8238,3434,3549,3999,4271,3124,3212,3358,3379,-17.5304,32.7686,8.83812,47.76
19588,3206,3347,3511,3568,3260,3483,4037,4683,3372,3897,5381,8589,3427,3991,5533,8700,15.1663,24.4973,8.68868,47.99
19589,8540,8217,4597,3517,5920,5578,4091,3538,4042,3905,3577,3312,3357,3411,3396,2992,-21.8305,-15.616,8.57825,47.9933
19590,3607,3705,3298,3132,4544,4273,3600,3276,6821,6718,4246,3430,6927,6726,4336,3545,14.9421,-15.2407,8.6153,48.1227
19591,7180,9831,5319,3694,5002,5119,4261,3568,3839,3896,3632,3383,3372,3365,3217,3256,-32.6941,-10.5136,8.90824,47.956
19592,3648,3868,3639,3502,4392,5576,4675,3739,4779,7697,5494,3816,4199,4935,4291,3749,4.52764,-4.88275,8.68791,47.9993
19593,2989,3353,3482,3529,3356,3563,4123,4358,3457,4106,6453,7137,3594,4323,6708,7543,15.545,16.614,8.82193,48.0493
19594,3403,3443,3306,3238,3893,3706,3507,3310,5885,4731,3859,3349,12119,6414,3982,3448,30.1305,-24.4319,8.50646,47.7287
19595,3978,4324,3992,3434,4928,6682,4795,3768,5013,6970,4998,3871,4049,4328,3916,3556,0.471286,-6.72251,8.59389,48.4013
19596,3502,3736,4083,3889,3647,4492,6139,4668,3706,5116,7434,5302,3636,4062,4768,4230,3.0618,7.22516,8.52142,48.2733
19597,3599,4641,8502,7917,3528,4253,5821,5646,3273,3613,3904,4051,3106,3375,3438,3403,-22.0864,13.617,8.58799,48.0467
19598,3424,3969,6273,8633,3464,3967,5734,7997,3322,3668,4075,4349,3340,3342,3449,3490,-15.8847,20.5616,8.99511,48.3307
19599,3160,3278,3334,3398,3142,3494,3904,4053,3420,4091,5166,6142,3436,4223,7371,10383,23.3621,19.8964,8.67464,47.9967
19600,10394,8005,4316,3503,5703,5000,4071,3389,3829,3823,3446,3271,3331,3457,3185,3206,-29.9295,-18.4103,8.62726,47.9527
19601,3839,3931,3670,3267,4551,5775,4463,3640,5329,7835,5103,3817,4429,4865,4113,3672,4.60423,-7.86072,8.50835,48.1993
19602,3077,3197,3355,3470,3179,3441,3877,3905,3397,3792,4831,6114,3303,3983,6761,12220,28.1586,24.8657,8.75378,47.9347
19603,3783,3673,3289,3146,5131,4257,3503,3194,9216,5588,3913,3504,7661,5335,3889,3373,12.0779,-24.6392,8.51811,48.3033
19604,4355,6968,8184,5069,4047,5279,5814,4487,3597,3682,3988,3641,3212,3334,3406,3210,-20.9008,2.30986,8.81973,48.182
19605,3334,4246,7331,11231,3531,3876,5009,6244,3252,3477,3858,3906,3059,3228,3345,3360,-25.1325,21.3633,8.91079,48.1913
19606,3416,3380,3255,3128,3917,3882,3429,3294,5843,4897,3888,3389,11310,7122,4162,3401,33.084,-21.1297,8.60661,47.8087
19607,3521,3622,3484,3295,4090,4919,4105,3593,5264,8324,5397,3809,4844,5824,4543,3782,9.51508,-6.9297,8.88544,48.2773
19608,4452,7352,9279,5182,3977,4640,5118,4307,3450,3586,3695,3620,3164,3317,3478,3228,-28.9726,2.66194,8.99761,47.8967
19609,3169,3383,3277,3186,3585,3796,3643,3445,4428,5161,4751,3999,5245,9061,7332,4546,28.1163,-2.69546,8.84983,48.0047
19610,3461,4005,5852,11657,3410,3715,4901,7109,3275,3505,3866,4029,3115,3259,3458,3423,-21.065,33.4936,8.90542,48.0267
19611,3097,3319,3368,3648,3232,3518,4095,4574,3393,3893,5408,8860,3445,3900,5364,9128,15.2412,26.3339,8.66751,48.1613
19612,12443,5971,3920,3308,5905,4713,3747,3277,4028,3768,3527,3228,3451,3368,3182,3211,-33.5432,-28.9417,8.51646,47.3647
19613,3527,4038,4373,4046,3776,4985,6968,4827,3707,4888,6743,4841,3543,3927,4168,3934,-0.707241,6.40765,8.69089,48.194
19614,3161,3063,3408,3350,3285,3531,3807,4024,3451,3771,4967,6767,3544,4024,6610,11285,23.1264,23.2787,8.70548,48.032
19615,3192,3440,3958,3934,3355,3861,4912,5497,3506,4118,6819,7804,3355,3875,5174,5657,7.5378,17.3439,8.55568,48.3047
19616,3202,3570,4199,4506,3294,3816,5001,8149,3327,3760,4959,8433,3325,3415,4262,4659,0.352482,33.3362,8.89102,47.918
19617,7318,5090,3920,3400,9769,5196,3773,3371,5146,4126,3530,3264,3837,3546,3326,3191,-10.8834,-30.9361,8.67441,47.8687
19618,3308,3665,4624,5761,3311,3874,5472,9371,3351,3794,4669,6227,3202,3476,3751,4013,-6.26201,25.0451,8.60784,47.9127
19619,3102,3180,3346,3524,3198,3408,3839,4092,3415,3851,5154,6416,3278,4058,7025,10833,23.4327,21.5991,8.89778,47.8127
19620,3263,3319,3389,3424,3252,3485,3875,3834,3562,3984,5094,5362,3616,4690,8776,8967,30.2113,15.101,8.64564,47.928
19621,4022,4995,5217,4137,4125,6372,7216,4600,3807,4626,4970,3961,3456,3691,3755,3346,-8.23951,1.8722,8.59148,48.1973
19622,3055,3283,3482,3568,3186,3593,3999,4576,3350,3869,5681,8087,3432,3999,6073,8929,16.2247,21.4791,8.98961,48.108
19623,6589,6721,4357,3708,6603,6909,4433,3593,4163,4454,3649,3416,3594,3529,3287,3220,-14.6554,-14.0978,8.58314,48.15
19624,3344,3771,5168,6841,3298,3860,5915,9330,3227,3651,4479,5259,3120,3398,3660,3811,-9.82563,22.9923,8.52815,48.088
19625,5342,5485,4128,3489,6811,7749,4414,3387,4858,5091,3909,3486,3836,3829,3423,3146,-8.18553,-13.5509,8.74394,48.2553
19626,3124,3276,3397,3388,3203,3496,4069,4061,3489,4049,5635,6550,3464,4409,7330,8915,19.9636,18.0488,8.74712,47.9033
19627,3163,3258,3447,3586,3262,3508,3970,4433,3389,3922,5025,8371,3407,3887,5602,9761,17.0598,32.3716,8.60327,47.994
19628,8446,5521,3843,3351,8978,5592,3877,3354,4895,4070,3562,3172,3730,3563,3164,3064,-13.9208,-24.8194,8.76351,48.1213
19629,3831,3834,3374,3183,5370,4805,3649,3386,8089,6749,4112,3444,5827,5133,3918,3380,7.97128,-17.8182,8.56792,48.056
19630,8468,5193,3718,3379,9344,5272,3885,3311,4813,4112,3582,3277,3384,3536,3327,3142,-13.7443,-32.2519,8.86955,47.8287
19631,3462,3577,3365,3154,3934,4227,3943,3514,5210,7289,4943,3824,5454,7514,5230,3745,15.7261,-7.62355,8.91483,48.2567
19632,3463,3810,4075,3912,3711,4715,6201,4676,3759,5259,7467,4979,3501,4162,4491,4116,2.50617,6.36132,8.8759,48.198
19633,4138,6256,9402,5777,3871,4879,5556,4639,3514,3714,3752,3640,3153,3242,3371,3273,-24.2164,5.36325,8.56148,48.118
19634,3676,3641,3461,3184,4767,4629,3699,3343,7238,7597,4445,3474,5917,5964,4161,3477,10.7235,-14.5987,8.93087,48.4487
19635,4043,4413,3746,3388,5272,7210,4683,3623,5169,6717,4572,3662,4148,4175,3809,3498,-0.41119,-9.22511,8.81264,48.0853
19636,3321,3545,3540,3378,3628,4215,4552,3846,4251,6152,7268,4697,4165,5446,6030,4444,12.3954,2.23661,8.88175,48.3187
19637,3256,3381,3493,3378,3435,3760,4252,4100,3655,4701,7515,5685,3652,4750,7359,5960,15.0843,10.2423,8.85178,48.2213
19638,5409,6876,4846,3763,5477,7820,5012,3779,4059,4502,4015,3482,3384,3494,3448,3206,-13.5552,-8.5746,8.93955,48.3813
19639,3222,3544,3461,3277,3745,4061,4098,3611,4299,5997,6457,4362,4310,6619,6727,4636,16.402,0.622206,8.89272,48.284
19640,4233,4404,3826,3432,5626,7053,4420,3565,5325,6574,4488,3499,4221,4174,3824,3440,-0.798308,-10.764,8.80069,48.0693
19641,4145,6307,9175,5796,3845,4666,5744,4660,3467,3726,3858,3676,3097,3313,3277,3284,-22.7773,5.48759,8.90648,48.024
19642,3366,3864,6082,12526,3365,3890,4741,6238,3134,3432,3704,3958,3180,3188,3385,3405,-27.3273,28.847,8.64631,47.6387
19643,3921,5246,7420,5326,3903,5110,7216,5041,3538,3905,4161,3951,3303,3332,3454,3333,-15.8383,6.27634,8.89992,48.1067
19644,3842,3749,3263,3177,5431,4199,3629,3306,10173,5275,3749,3344,6900,4923,3728,3309,9.4818,-32.9934,8.91239,47.998
19645,6999,8480,4949,3821,5494,6501,4427,3534,3897,4112,3525,3355,3448,3484,3325,3163,-19.6708,-12.0213,8.7676,48.3427
19646,3884,3766,3389,3125,5838,4540,3647,3186,9609,5616,3831,3377,6340,4718,3803,3232,7.94045,-24.8891,8.67107,47.934
19647,4092,3757,3361,3102,6170,4478,3779,3267,9747,5251,3810,3353,6086,4691,3723,3259,6.99299,-33.2895,8.52863,47.9507
19648,3134,3489,3671,3715,3373,3721,4496,4966,3552,4172,6937,7807,3633,4065,5560,6226,10.3857,16.5761,8.98552,48.3447
19649,12801,5930,3838,3411,6012,4622,3685,3327,3802,3735,3416,3275,3384,3354,3289,3243,-31.1443,-31.4711,8.71793,47.416
19650,6119,6845,4515,3539,6746,7301,4514,3641,4393,4334,3599,3271,3576,3518,3369,3131,-13.7041,-13.4876,8.98611,48.274
19651,3222,3612,4137,4255,3379,4005,5777,5913,3512,4146,6895,6771,3336,3829,4586,4783,2.51804,15.0705,8.52157,48.1053
19652,4480,6691,7340,4782,4246,5771,5870,4370,3536,4011,4042,3657,3339,3442,3531,3288,-18.1128,1.39189,8.72532,48.264
19653,4242,6834,9549,5442,4070,4657,5152,4373,3513,3661,3703,3537,3209,3283,3404,3290,-31.73,4.12832,8.90761,47.946
19654,3378,3484,3439,3221,4132,4313,3652,3367,5844,7201,4677,3718,6225,7164,4632,3830,15.2284,-11.1253,8.71145,48.1847
19655,3392,3800,4885,6871,3336,3823,5607,9629,3303,3678,4329,5451,2995,3277,3731,3803,-9.59641,25.2363,8.68598,47.94
19656,3395,3338,3204,3102,3894,3785,3465,3278,6390,4666,3724,3258,12212,6393,3950,3390,25.7522,-26.8671,8.71004,47.6293
19657,3368,3474,3380,3006,3911,3717,3521,3382,6087,4763,3792,3466,12256,6402,3962,3482,29.0007,-25.9583,8.62067,47.9793
19658,3183,3332,3511,3241,3454,3713,3847,3754,3801,4288,5261,4807,3974,5689,9837,6467,30.839,8.2665,8.50164,48.106
19659,7595,5042,3879,3356,9986,5330,3762,3370,5227,4165,3643,3254,3799,3688,3178,3102,-11.0283,-28.9075,8.96655,48.2507
19660,3145,3275,3413,3450,3179,3561,3936,4204,3419,3708,5012,7621,3412,3919,5873,11058,19.6718,29.5732,8.93617,48.1233
19661,12211,5946,3934,3434,6827,4976,3783,3452,3921,3760,3489,3241,3291,3380,3176,3121,-24.5649,-31.3769,8.77352,47.9613
19662,3402,4068,5410,5722,3392,4216,7212,7385,3330,3726,4760,5025,3222,3497,3801,3761,-8.81471,15.9399,8.70023,47.9527
19663,12292,6169,3956,3391,6592,4862,3859,3411,3993,3771,3425,3114,3444,3418,3273,3050,-25.2523,-27.8388,8.72522,48.0133
19664,3306,3746,4583,5204,3383,3978,6317,8013,3383,3918,5163,6384,3104,3446,3854,4290,-3.65536,19.1835,8.80357,48.048
19665,3548,4206,6251,5966,3615,4244,7372,6935,3284,3805,4498,4500,3099,3511,3685,3698,-12.0361,14.3991,8.58819,48.1447
19666,3783,5148,7319,5324,3799,5148,7309,5180,3464,3825,4267,3999,3185,3376,3542,3447,-14.8092,7.53698,8.71033,48.0767
19667,8597,7880,4378,3519,6271,5892,4081,3460,4057,4020,3644,3387,3441,3447,3235,3063,-19.97,-16.4484,8.97274,48.248
19668,3319,3346,3172,3221,3773,3790,3671,3456,4747,5220,4495,3684,6447,9951,5816,4017,29.9484,-8.34837,8.86021,48.0833
19669,3481,3531,3703,3499,3593,4414,4940,4099,4063,6013,7806,4655,3883,4875,5544,4296,9.0995,3.39332,8.59467,48.2633
19670,3455,3398,3286,2932,4072,3861,3483,3147,6003,5502,4063,3561,9436,8122,4486,3463,23.0128,-16.6843,8.90813,48.18
19671,6589,9900,5815,3993,4720,5188,4331,3732,3828,3887,3557,3297,3231,3405,3335,3173,-29.48,-8.41144,8.6998,47.9873
19672,6894,5190,3852,3331,9426,5827,3860,3433,5092,4329,3724,3238,3866,3673,3465,3147,-10.2073,-23.1176,8.51773,48.2313
19673,11919,6751,4065,3405,6339,4813,3892,3338,3918,3812,3485,3225,3334,3457,3115,3111,-25.8707,-24.0875,8.95481,47.986
19674,10377,5699,3884,3434,8078,4951,3783,3369,4244,4052,3557,3197,3435,3437,3335,3102,-18.4572,-31.1875,8.65837,47.956
19675,3840,5267,9028,6585,3758,4617,6076,5037,3360,3703,4011,3850,3107,3246,3409,3295,-21.0439,9.27245,8.71547,48.126
19676,2996,3159,3390,3502,3300,3556,3906,4309,3409,3803,5018,7650,3446,3982,5768,10679,19.071,29.8417,8.72391,47.9153
19677,4974,4397,3520,3255,8429,5425,3834,3409,7596,5166,3765,3387,4573,4145,3660,3106,-1.23079,-23.61,8.82089,48.4273
19678,3204,3325,3412,3246,3350,3628,3820,3749,3673,4428,5241,4875,3826,5683,9945,6598,32.442,8.66333,8.87511,48.002
19679,3294,3302,3256,3305,3699,3826,3866,3387,4510,5531,5087,4009,5296,8612,6966,4300,22.4672,-3.01327,8.68559,48.164
19680,6342,5155,3832,3419,8934,6118,3920,3439,5450,4621,3617,3264,3822,3745,3299,3100,-8.68562,-21.212,8.77364,48.0513
19681,3447,3851,3997,4041,3683,4608,6326,4634,3776,5073,7547,5039,3480,4007,4543,4242,2.2633,7.487,8.93182,48.196
19682,3423,3346,3291,3198,3774,3731,3424,3218,6022,4897,3863,3381,12200,6657,3945,3337,29.8315,-24.0359,8.71703,47.8047
19683,3318,3490,3434,3204,3679,4018,3942,3583,4601,6097,5058,4029,5158,8044,6471,4311,19.7653,-3.32747,8.71066,48.2913
19684,3394,3751,3923,3838,3600,4345,5793,4690,3865,5190,7719,5212,3643,4101,4730,4525,4.26151,8.02339,8.64258,48.2127
19685,4103,3922,3454,3214,6309,4596,3712,3242,9052,5566,3817,3343,5798,4597,3804,3355,5.89597,-23.4137,8.52178,47.9227
19686,3313,3389,3367,3209,3756,3813,3654,3295,5178,5129,4222,3484,7848,9531,5019,3562,33.106,-12.3555,8.80688,47.846
19687,3426,3447,3257,3179,4243,3899,3378,3286,7332,5007,3858,3494,10996,5751,3900,3483,20.2937,-31.229,8.57454,47.9573
19688,3392,3325,3277,3084,4022,3835,3435,3259,6080,5070,3773,3416,11295,7238,4104,3478,26.3686,-21.2662,8.84507,48.0553
19689,3116,3457,3543,3585,3198,3598,4089,4259,3504,3990,5903,7200,3383,4115,6540,8636,17.2754,19.2412,8.66274,48.0773
19690,3997,4208,3875,3426,4925,6709,4654,3635,5134,7347,4928,3697,4248,4465,3870,3556,1.09304,-7.61076,8.99947,48.4493
19691,4216,5828,7473,5000,4010,5441,6838,4673,3541,3916,4260,3790,3158,3306,3515,3357,-16.4842,4.34018,8.83,48.2147
19692,4856,4416,3676,3281,7981,5621,3918,3417,7125,5423,3858,3474,4496,4122,3536,3289,-1.54486,-20.6651,8.60228,48.326
19693,4127,3975,3625,3261,5745,5015,3871,3392,7952,6589,4094,3440,5489,4868,3809,3472,5.96363,-17.6761,8.6419,48.4827
19694,6306,9799,5981,3909,4879,5187,4408,3705,3698,3809,3565,3363,3340,3362,3336,3147,-31.7664,-7.81533,8.55295,47.8627
19695,3443,3963,5931,11971,3373,3898,4877,6549,3255,3348,3851,3979,3130,3270,3317,3398,-23.9151,32.5179,8.88126,47.702
19696,3325,3356,3285,3232,3884,3845,3355,3260,5995,4774,3781,3322,12660,6004,3929,3450,29.0344,-30.9334,8.90775,47.638
19697,4727,4641,3831,3399,6332,7178,4309,3560,5537,6154,4081,3454,4100,4056,3634,3291,-2.56218,-13.3498,8.95475,48.1893
19698,3419,3948,5829,11783,3416,3680,4850,7127,3255,3477,3855,4052,3186,3321,3291,3312,-21.9146,31.2559,8.90077,47.8673
19699,3109,3226,3448,3389,3253,3466,3840,3958,3598,4002,5370,5536,3560,4739,8889,8858,26.1175,14.7777,8.73141,48.1607
19700,5067,5425,4200,3539,6180,8077,4764,3609,4730,5109,3925,3428,3773,3724,3548,3355,-7.59946,-11.3005,8.77833,48.302
19701,3790,4657,4990,4219,4136,6304,7585,4571,3761,4622,5097,4079,3432,3780,3799,3525,-6.86926,2.74077,8.94778,48.2313
19702,3347,3469,3321,3148,3819,4038,3751,3466,4736,6492,4898,3780,5527,8522,5854,4064,18.8695,-6.50535,8.90978,48.1547
19703,10956,5752,3820,3348,7678,5016,3763,3257,4253,3917,3450,3178,3391,3301,3261,3136,-19.6163,-29.1953,8.98756,47.6513
19704,3578,4222,5990,6351,3547,4235,7103,7243,3439,3746,4574,4597,3151,3425,3648,3735,-11.8767,15.465,8.68713,48.3893
19705,3412,3313,3172,3198,3963,3797,3528,3174,6200,4729,3778,3402,12605,5947,3933,3371,26.9837,-31.371,8.77564,47.6813
19706,3167,3429,3624,3832,3318,3676,4596,4991,3542,4161,6828,7902,3480,4009,5663,6524,11.2985,17.4148,8.80168,48.4947
19707,3363,4182,7366,11337,3308,3902,4909,5771,3093,3443,3762,3931,3195,3185,3493,3418,-30.606,21.2112,8.99596,47.772
19708,6386,4785,3663,3282,10260,5127,3736,3314,6226,4480,3598,3334,4054,3789,3379,3199,-7.2641,-28.7202,8.95855,48.408
19709,8322,5502,3819,3390,9049,5388,3859,3402,4824,4072,3526,3260,3757,3506,3280,3128,-13.7984,-25.1349,8.53561,48.056
19710,3428,4362,7975,10374,3512,3884,4981,5679,3131,3520,3816,3830,3012,3298,3369,3466,-29.0016,18.3227,8.75101,47.758
19711,3043,3301,3459,3442,3415,3689,4138,4323,3569,4227,6651,6587,3464,4295,7092,7375,16.3672,15.1324,8.98815,48.0467
19712,4536,4083,3552,3236,7307,5341,3733,3431,7937,5591,3919,3394,4846,4416,3736,3317,1.47043,-21.3343,8.77774,48.25
19713,3254,3464,3378,3273,3625,3817,3730,3425,4369,5265,5070,3982,5053,8575,7597,4534,24.6446,-1.86619,8.67061,48.274
19714,3095,3187,3514,3433,3297,3605,3994,4030,3515,4324,6715,5940,3555,4590,7954,6946,17.9551,12.7927,8.84752,47.796
19715,3341,3640,4393,5225,3344,3751,5004,8995,3337,3695,4776,7318,3250,3562,4060,4385,-2.65549,32.0951,8.63447,48.0507
19716,4110,3787,3422,3164,6173,4463,3664,3272,9882,5206,3763,3415,6252,4608,3699,3251,6.73324,-28.6215,8.62108,48.0873
19717,3469,3956,4773,4343,3565,4553,7725,5613,3546,4390,6207,5118,3357,3662,4045,4076,-2.98896,10.145,8.67938,48.2653
19718,3736,3735,3518,3190,4607,5112,4039,3643,5912,8188,4921,3647,4865,5405,4329,3553,8.02286,-9.82401,8.63485,48.2667
19719,3044,3314,3442,3420,3181,3565,3800,3923,3471,3978,5418,6445,3404,4401,7677,9580,21.9297,17.9627,8.95659,48.042
19720,3232,3271,3408,3468,3288,3687,3739,3681,3723,4490,5266,4732,4023,5981,9843,6226,31.1567,7.38508,8.50776,48.0387
19721,3399,3364,3172,3103,4018,3830,3354,3165,5902,4881,3801,3349,12005,6730,3990,3369,32.9157,-23.1391,8.89226,47.6213
19722,3393,3845,5817,11508,3387,3734,5045,7144,3250,3571,3764,4151,3180,3147,3326,3457,-21.2441,32.9692,8.97238,47.8127
19723,3153,3376,3382,3231,3446,3658,3815,3689,3782,4701,5373,4572,4093,6379,9458,5879,25.5719,5.70987,8.73386,47.9913
19724,3317,3738,4824,6970,3299,3868,5421,9919,3182,3570,4371,5620,3010,3442,3660,3866,-9.30474,26.744,8.88912,48.0513
19725,7208,5070,3808,3308,9609,5374,3951,3435,5181,4303,3637,3227,3796,3596,3354,3165,-10.5481,-33.99,8.96187,48.0147
19726,4361,5195,4820,3806,4808,7526,6185,4071,4019,4911,4469,3700,3690,3814,3600,3568,-7.87018,-3.25576,8.75453,48.362
19727,3499,4681,7430,6275,3647,4424,7374,5922,3409,3762,4279,4110,3101,3409,3534,3420,-15.4989,11.3004,8.97214,48.184
19728,3245,3261,3318,3331,3430,3626,3844,3632,3703,4341,5294,4719,3933,5790,9901,6699,27.7468,8.84833,8.99787,48.0447
19729,3312,3604,4492,5557,3301,3737,5245,9509,3282,3628,4527,6656,3180,3454,3787,4169,-4.79885,32.7795,8.74608,47.6267
19730,3229,3585,4161,4462,3465,4090,5826,6614,3426,3899,6384,7063,3241,3697,4369,4692,1.15221,17.1764,8.78597,48.1353
19731,3117,3316,3394,3492,3380,3719,4032,4054,3578,4194,6380,6268,3693,4524,7663,7308,17.9285,14.071,8.75608,48.0747
19732,3411,3669,3900,3755,3454,4305,5567,4599,3735,5012,7977,5581,3549,4148,4990,4483,5.44383,8.59719,8.76214,48.09
19733,4462,6415,6115,4306,4483,6648,6365,4319,3670,4275,4122,3652,3286,3487,3351,3363,-14.2863,-0.63627,8.72673,48.2127
19734,3421,3932,5873,12788,3371,3787,4753,6156,3254,3326,3764,3944,3266,3165,3337,3292,-26.7112,30.987,8.91984,47.6193
19735,3544,3485,3226,3105,4077,4078,3546,3199,6438,6112,4147,3533,8033,7630,4407,3621,19.2997,-15.9814,8.64083,48.1207
19736,6889,9972,5508,3788,4921,5137,4402,3676,3780,3860,3559,3326,3324,3444,3214,3257,-30.5463,-9.45315,8.79965,48.038
19737,7614,6249,4106,3414,7791,6229,3993,3399,4428,4170,3640,3274,3561,3636,3329,3102,-14.5603,-18.7231,8.81261,47.9567
19738,3254,3471,4028,4183,3232,3755,5414,6199,3419,4029,6385,7958,3316,3588,4543,5111,3.64702,18.0192,8.95061,47.9233
19739,3426,4001,6032,6109,3582,4294,7315,7380,3347,3714,4732,4702,3207,3245,3730,3714,-11.4863,15.0545,8.95172,48.3533
19740,3327,3704,4718,6087,3337,3767,5225,9914,3247,3584,4563,6203,3166,3355,3699,4063,-6.85947,31.7596,8.85869,47.9727
19741,3144,3326,3420,3338,3275,3437,3815,3955,3485,4034,5043,5770,3535,4302,7994,10228,27.8938,18.3761,8.51184,48.0673
19742,3463,4061,5126,5395,3480,4333,7264,7030,3418,3927,5163,5038,3270,3473,3864,3931,-7.15308,14.44,8.58197,48.1573
19743,3201,3226,3459,3606,3280,3554,4051,4509,3425,3850,5676,7966,3414,3983,6008,8967,16.5197,21.6277,8.69309,48.1167
19744,3404,3551,4253,4766,3332,3845,5305,7993,3288,3779,5330,7910,3322,3462,4333,4654,-0.162149,23.0479,8.54919,48.3513
19745,3290,3403,3281,3204,3719,3751,3641,3522,4577,5397,4618,3957,5756,9415,6412,4145,25.0061,-5.45886,8.64764,48.0587
19746,4599,4171,3574,3291,7358,5526,3823,3317,7721,5720,3870,3355,4712,4278,3741,3238,0.919181,-20.4402,8.79382,48.196
19747,3358,3415,3145,3045,3968,3821,3430,3176,5934,4898,3775,3346,11986,6881,4052,3372,33.2686,-22.6598,8.96286,47.7347
19748,4433,4559,3922,3343,6144,7355,4367,3484,5521,6383,4225,3497,4237,4084,3635,3352,-2.27449,-12.5718,8.99025,48.3607
19749,3084,3210,3406,3472,3259,3418,3717,3957,3384,3950,4746,5922,3385,3998,6750,11972,30.9306,23.6587,8.76525,47.7533
19750,3066,3261,3432,3518,3239,3532,3898,4097,3389,3824,4962,6961,3454,3930,6295,11204,22.1683,25.9944,8.512,48.0413
19751,3088,3268,3438,3420,3145,3427,3876,4055,3335,3772,5060,6955,3388,3969,5968,11622,22.1088,29.4805,8.53737,47.8573
19752,3196,3185,3359,3470,3473,3601,3910,3873,3619,4231,5291,5003,3775,5275,9715,7332,30.5237,10.9348,8.50337,48.2053
19753,3141,3244,3618,3665,3195,3547,4258,4854,3465,3988,5828,8795,3365,3968,5701,7565,12.838,21.6846,8.77853,48.1313
19754,4026,3795,3388,3305,6251,4620,3779,3286,9310,5462,3797,3437,5949,4649,3756,3264,6.00047,-25.1067,8.55628,48.0493
19755,3667,4896,7627,6040,3736,4606,7183,5402,3326,3721,4281,4054,3081,3482,3337,3445,-16.1978,10.0946,8.94981,47.9227
19756,3137,3277,3422,3496,3167,3486,3987,4443,3383,3903,5055,8284,3348,3860,5539,10100,17.6017,29.3497,8.86132,47.9247
19757,3936,3682,3320,3119,5664,4414,3555,3328,9649,5401,3904,3376,6831,4927,3737,3364,9.40904,-25.0519,8.55657,48.138
19758,3244,3419,3308,3194,3601,3855,3632,3474,4263,5237,4826,4050,5240,8927,7149,4423,25.5701,-2.7837,8.64332,47.8947
19759,3456,3277,3313,3140,3800,3796,3604,3352,4866,5189,4327,3646,7088,9836,5360,3845,32.5249,-9.98228,8.71259,47.93
19760,3113,3308,3371,3382,3316,3516,3868,3708,3587,4188,5554,5032,3841,5388,9785,7209,27.4011,10.3587,8.77023,48.1107
19761,3477,3691,3645,3388,3883,4528,4552,3867,4326,6778,7174,4546,4189,5156,5361,4234,9.47296,0.98516,8.86157,48.53
19762,3804,3645,3327,3105,5181,4261,3600,3323,9558,5312,3902,3343,7558,4987,3820,3386,11.4776,-28.4687,8.51007,48.0747
19763,3831,4002,3741,3487,4552,6023,4645,3598,5150,7705,5292,3806,4296,4764,4143,3588,3.34462,-6.75012,8.93836,48.4153
19764,3362,3308,3421,3267,3805,3987,3993,3586,4514,6378,5687,4066,4812,7240,6185,4313,17.1771,-2.65357,8.97452,47.9493
19765,3509,3390,3220,3130,4049,3796,3515,3216,6492,4826,3786,3330,11838,6672,3911,3339,25.1036,-24.165,8.72133,48.0127
19766,4015,3732,3376,3131,5657,4543,3675,3340,9029,6252,4005,3373,6044,4969,3817,3390,7.73762,-20.9178,8.92624,48.232
19767,3399,3592,3770,3573,3774,4420,4947,4079,4043,5818,7626,4788,3910,4761,5460,4370,8.36084,3.81206,8.55583,48.22
19768,3035,3275,3509,3482,3243,3585,3988,4338,3389,3897,5316,7422,3237,4120,6276,10109,19.2314,23.0384,8.55028,48.1473
19769,3370,3904,4962,4821,3543,4367,7663,6549,3460,4000,5600,5232,3305,3515,4005,3931,-5.37977,13.1928,8.93047,48.1513
19770,3217,3359,3362,3191,3441,3800,3828,3533,4025,5030,5349,4361,4523,7676,8475,4903,24.259,1.43101,8.69715,48.0487
19771,12293,6546,4011,3239,5974,4821,3820,3422,3790,3837,3514,3218,3360,3468,3286,3125,-31.1711,-24.3521,8.82155,47.816
19772,3612,4877,9585,7698,3515,4243,5508,5184,3386,3425,3872,3851,3121,3251,3418,3311,-25.4215,12.0568,8.7986,47.9047
19773,3450,3745,3944,3699,3666,4657,5787,4232,3954,5754,7504,4771,3686,4390,4852,4260,4.22953,4.15171,8.87024,48.234
19774,3140,3187,3364,3403,3192,3421,3687,3977,3349,3695,4741,6067,3398,3944,6385,12626,28.338,26.5377,8.86813,47.7173
19775,5959,4570,3869,3354,9805,5168,3794,3403,6212,4490,3573,3239,4040,3815,3410,3290,-6.53396,-33.4749,8.85489,47.994
19776,4602,7616,8476,5064,4074,5055,5277,4357,3556,3766,3727,3542,3228,3361,3293,3188,-25.3569,1.37992,8.54046,48.1213
19777,3308,3568,4601,5645,3333,3826,5279,9583,3327,3569,4619,6641,3216,3392,3904,4192,-4.90925,27.8172,8.601,48.002
19778,4098,6160,9209,5889,3818,4589,5719,4636,3450,3692,3903,3657,3158,3400,3373,3248,-22.8723,6.03246,8.72781,47.9993
19779,3174,3143,3403,3457,3225,3424,3814,4049,3402,3856,4885,6822,3367,3991,6122,11914,23.68,26.5646,8.64636,48.032
19780,3065,3330,3448,3560,3231,3587,4100,4576,3439,3905,5495,8382,3307,3968,5850,8745,15.5953,23.4439,8.57833,47.992
19781,3388,3733,4757,6517,3293,3852,5284,9921,3306,3626,4408,5942,3088,3321,3760,3858,-7.7943,29.417,8.78951,48.036
19782,3494,4251,7361,9595,3491,4078,5355,6733,3288,3515,4026,4023,2962,3223,3422,3435,-21.1206,19.252,8.58464,48.168
19783,3342,3942,4621,4509,3561,4395,7660,5936,3656,4119,6037,5399,3302,3682,4209,3935,-2.75529,11.7372,8.90538,48.2033
19784,3248,3564,4124,4335,3309,3799,4987,7001,3331,3774,5663,8859,3208,3661,4378,5267,3.36737,22.8185,8.92678,48.3387
19785,3229,3631,4725,5707,3346,3805,5634,9186,3338,3693,4686,6424,3339,3403,3788,4142,-5.41224,23.2328,8.78863,48.0507
19786,3449,4051,6145,10175,3399,3862,5115,7312,3184,3470,3972,4263,3045,3208,3463,3505,-20.1943,23.8851,8.51852,47.7453
19787,12211,5834,3955,3404,5930,4667,3725,3436,3867,3777,3408,3220,3388,3457,3281,3263,-33.944,-33.5228,8.76326,47.2153
19788,3641,4714,9095,8826,3439,4049,5230,5361,3294,3453,3827,3826,3088,3198,3435,3410,-26.5899,14.6419,8.98635,47.924
19789,3232,3519,4114,4518,3432,4009,5187,6884,3500,3935,5861,8114,3256,3641,4447,4963,2.18858,20.6002,8.60518,48.408
19790,6384,9997,5996,3892,4603,5117,4286,3742,3679,3833,3702,3396,3353,3252,3397,3122,-30.7514,-7.32049,8.65595,47.834
19791,3311,3412,3372,3101,3736,3970,3698,3363,4922,6148,4638,3772,5996,9106,5646,3956,21.925,-7.45333,8.92147,48.098
19792,3937,4086,4103,3698,4424,6312,5391,4050,4399,6379,5650,4014,3822,4334,4035,3713,0.610407,-2.54588,8.52801,48.2313
19793,3231,3343,3297,3404,3424,3748,3806,3578,4044,4811,5071,4358,4416,7584,8872,5140,31.2298,1.94149,8.57786,48.0847
19794,3193,3288,3430,3261,3407,3721,4046,3895,3793,4691,6158,4989,3923,5497,8859,6092,20.2984,7.89651,8.97323,48.162
19795,3317,3437,3257,3072,3829,3904,3492,3379,5037,5280,4234,3569,7654,9785,4959,3654,33.0414,-12.0048,8.68422,47.906
19796,3183,3173,3425,3230,3337,3591,3698,3853,3440,3813,5018,5645,3552,4328,8087,10409,30.6251,18.346,8.99795,47.8547
19797,5139,4801,3659,3299,7994,6546,4052,3454,6028,5251,3856,3433,4059,4034,3582,3206,-4.61972,-18.1618,8.84233,48.262
19798,4331,4628,3793,3471,5925,7233,4375,3614,5411,6371,4204,3531,4132,4191,3675,3464,-1.85363,-11.5797,8.93157,48.2327
19799,3858,5705,10006,6605,3787,4438,5298,4782,3270,3622,3834,3771,3000,3286,3295,3311,-29.2082,8.28577,8.86334,47.912
19800,3097,3322,3698,3672,3250,3614,4156,5115,3346,3839,5180,9612,3416,3880,5009,7644,11.4899,31.6446,8.83811,47.9
19801,6551,9928,5646,3943,4809,5517,4478,3701,3776,3814,3611,3348,3282,3304,3173,3108,-25.2898,-8.33004,8.96386,47.9927
19802,4543,7833,8910,5003,4149,4825,5133,4261,3390,3650,3706,3524,3353,3286,3280,3193,-30.9371,1.90056,8.98744,48.026
19803,3110,3271,3361,3313,3329,3606,3992,3932,3593,4349,5937,5421,3586,4948,8749,7246,22.0296,11.7919,8.5549,47.8287
19804,3163,3177,3454,3303,3407,3609,3829,3790,3662,4458,5344,4727,3964,6169,9897,6361,29.5891,7.27745,8.82885,48.2093
19805,4585,7521,7918,4801,4235,5450,5590,4268,3585,3800,3800,3661,3263,3476,3422,3233,-21.4005,0.555602,8.69134,48.4053
19806,6295,9488,5832,4013,4613,5658,4498,3782,3745,3877,3636,3453,3302,3475,3187,3144,-23.997,-7.59483,8.82959,47.9987
19807,4129,4927,4533,3835,4659,7212,6084,3980,4226,5454,4901,3769,3633,3922,3808,3589,-4.87198,-2.8661,8.68026,48.4407
19808,3366,3735,5188,7552,3383,3811,5204,9893,3174,3528,4259,5086,3254,3298,3613,3820,-11.5554,30.711,8.97151,48.1093
19809,3325,3888,6248,12426,3288,3739,4775,6084,3144,3511,3842,3974,3129,3229,3379,3394,-29.4105,26.2053,8.72,47.5833
19810,6428,8217,4827,3726,5432,6904,4577,3755,3877,4015,3818,3491,3373,3401,3313,3222,-17.8418,-10.4748,8.95363,48.2507
19811,3220,3349,3405,3315,3553,3954,4018,3912,3925,5106,6835,4934,4033,5661,7652,5296,16.652,5.51733,8.78802,48.112
19812,3368,3391,3342,3114,4020,3922,3583,3295,5572,5744,4202,3629,8012,8810,4659,3631,23.0154,-13.4291,8.52895,48.196
19813,3814,3736,3225,3122,5140,4325,3495,3166,9431,5249,3838,3376,7884,5087,3736,3316,12.3579,-29.9811,8.69816,47.96
19814,3511,3557,3338,3074,4131,4068,3638,3271,6224,6416,4287,3563,7446,7636,4513,3627,17.8172,-14.3818,8.75451,48.2
19815,3271,3733,4822,6878,3380,3779,5144,10044,3233,3624,4324,5625,3101,3223,3744,3754,-9.21291,29.8647,8.80942,47.786
19816,3283,3271,3554,3698,3288,3549,4255,5109,3335,3865,5624,9201,3316,3943,5206,7445,11.8218,23.9356,8.65607,47.9613
19817,3924,3711,3378,3168,5537,4619,3580,3319,8993,6149,3959,3473,6388,4973,3804,3423,8.76387,-21.3711,8.73829,48.2653
19818,5070,4294,3603,3269,8618,5176,3884,3371,7538,5042,3644,3312,4620,4009,3435,3197,-1.78116,-25.2138,8.71604,48.0547
19819,3491,4385,7348,8957,3474,4044,5777,6530,3250,3558,3972,4192,3114,3219,3450,3438,-19.4938,17.3195,8.89312,48.1327
19820,5270,7656,5695,3986,4802,6924,5193,3929,3800,4150,3890,3550,3372,3459,3444,3173,-16.8123,-5.54277,8.71612,48.1953
19821,3896,5005,6562,4972,3856,5343,7693,5081,3602,3962,4411,3989,3230,3477,3505,3406,-12.8559,6.18479,8.57678,47.9933
19822,3501,3404,3182,3085,4114,3754,3420,3219,7116,4993,3774,3313,11398,6268,3973,3536,22.0675,-26.1529,8.87107,48.0333
19823,4325,4471,3757,3402,5970,6890,4475,3521,5855,6794,4180,3493,4204,4230,3721,3262,-0.516065,-12.4705,8.74806,48.3667
19824,4154,5389,4937,4018,4586,7578,6313,4149,3936,4839,4479,3698,3527,3596,3664,3354,-8.89339,-2.26387,8.90071,48.1447
19825,3397,3314,3196,3084,3962,3756,3372,3220,6037,4735,3785,3382,12358,6281,3881,3272,31.1645,-25.9358,8.61921,47.3547
19826,3163,3346,3362,3153,3504,3783,3862,3502,4166,5203,5152,4175,5024,8042,8070,4780,24.7702,-0.0888607,8.67242,48.1913
19827,3171,3235,3368,3376,3339,3396,3724,3855,3293,3662,4932,5937,3483,4111,5864,12233,30.2999,33.4455,8.51696,47.3193
19828,3173,3334,3266,3210,3601,3774,3680,3433,4441,5481,4959,3918,5351,8927,7071,4489,23.8918,-3.08289,8.78127,48.072
19829,3101,3300,3561,3725,3246,3410,4270,5021,3393,3654,5134,9649,3237,3807,5294,8122,12.7068,27.6248,8.93564,47.9493
19830,3153,3295,3435,3405,3229,3528,3857,3928,3361,3925,5012,5745,3508,4303,7827,10552,29.1329,19.1279,8.54837,48.042
19831,3821,4199,3751,3426,4247,5856,4730,3693,4959,7347,5505,3882,4240,4780,4110,3688,3.6976,-5.25768,8.50728,48.156
19832,3313,3631,4490,5757,3392,3842,5297,9284,3236,3680,4588,6785,3233,3444,3926,4121,-4.52575,31.5187,8.87453,48.0127
19833,4688,6942,6512,4374,4432,6151,5861,4275,3767,3972,3886,3682,3299,3530,3429,3361,-17.0845,-1.06619,8.51052,48.1073
19834,3718,4695,9124,8510,3551,4113,5211,5318,3444,3542,3802,3823,3180,3488,3344,3389,-29.2151,13.8267,8.76246,48.168
19835,3278,3602,4044,4566,3418,3767,5178,7186,3374,3825,5714,8343,3278,3650,4418,4993,1.85014,21.4559,8.78912,48.4227
19836,5108,4358,3682,3331,8590,5465,3828,3411,7260,4985,3625,3346,4433,4090,3538,3205,-1.91344,-23.6993,8.52793,48.17
19837,4135,3782,3489,3117,6054,4682,3721,3277,9234,5797,3939,3342,5913,4650,3610,3348,6.39143,-23.3207,8.75621,48.06
19838,3096,3306,3494,3311,3141,3353,3864,4018,3382,3954,4987,5885,3421,4131,7448,11110,32.954,20.3514,8.53079,47.934
19839,3394,3953,5281,7673,3473,3971,5512,9224,3222,3613,4230,5086,3005,3280,3656,3766,-12.3126,25.1937,8.5514,48.226
19840,3429,3913,6420,12294,3339,3761,4706,6205,3230,3501,3803,4002,3177,3303,3309,3394,-27.2148,25.7859,8.84854,47.8573
19841,4665,4112,3506,3265,7873,4810,3752,3319,8622,4941,3773,3309,4830,4263,3581,3270,1.29336,-32.3055,8.97655,47.9273
19842,9041,7442,4195,3408,6584,5748,4071,3509,4217,4091,3560,3326,3465,3410,3216,3037,-19.8257,-17.8324,8.9762,48.2133
19843,3274,3379,3323,3309,3414,3752,4012,3739,3823,4880,6336,4820,4009,5712,8482,5761,19.532,6.63818,8.76066,48.0167
19844,3998,5423,6479,4664,4065,5799,7383,4842,3717,4056,4455,4033,3331,3551,3549,3505,-12.9633,3.61192,8.71019,48.5667
19845,3983,4611,4069,3607,4997,7501,5134,3814,4721,6362,4733,3751,3857,4292,3813,3475,-2.21871,-6.47765,8.59658,48.48
19846,3412,3310,3275,3069,4132,3868,3431,3259,6436,5058,3866,3359,11126,6840,4091,3465,24.2437,-22.7864,8.53483,47.998
19847,3949,4167,3942,3558,4478,6509,5096,3814,4619,6771,5283,3853,4083,4378,4143,3574,0.591454,-4.5542,8.82892,48.1447
19848,12446,5888,3930,3280,5913,4720,3729,3492,3975,3743,3364,3230,3348,3461,3196,3147,-32.8833,-33.3071,8.50722,47.2413
19849,8765,6934,4183,3362,7165,5965,3984,3405,4288,4046,3520,3264,3572,3495,3236,3086,-18.013,-18.7401,8.86396,48.18
19850,3494,3436,3252,3171,4269,3996,3620,3228,7150,6048,4103,3448,8538,6976,4334,3391,17.6482,-18.0707,8.92483,48.3027
19851,3170,3189,3414,3437,3320,3379,3865,4021,3403,3835,4943,7174,3365,3873,5764,11493,21.2309,33.1421,8.9194,47.7633
19852,3653,4166,4273,3941,3972,5683,6458,4187,4040,5788,6345,4356,3694,4020,4177,3892,-0.00419557,2.3059,8.74647,48.43
19853,3129,3261,3532,3278,3473,3659,3785,3808,3787,4478,5342,4608,4063,6215,9822,6116,28.6025,6.36966,8.56508,48.2373
19854,3374,3849,5934,12575,3343,3731,4800,5917,3215,3382,3691,3893,3171,3241,3459,3368,-31.6464,30.5586,8.63623,47.2953
19855,3314,3389,3179,3146,3889,3742,3441,3333,6468,4829,3688,3371,12319,5868,3931,3438,25.3388,-30.7996,8.83716,47.5633
19856,3521,3378,3308,3147,4218,3914,3470,3232,6595,5665,4022,3484,8968,7283,4314,3406,19.6534,-18.0207,8.88437,47.95
19857,3312,3520,4021,4316,3356,3733,4759,7351,3361,3715,5169,9101,3316,3517,4415,5179,2.92464,33.6125,8.99638,48.094
19858,3190,3206,3515,3505,3300,3577,3888,4189,3499,4163,5962,6722,3470,4336,7214,8546,18.725,17.1367,8.61528,48.188
19859,5484,4406,3617,3278,9625,5230,3887,3376,6902,4744,3654,3394,4163,3976,3367,3164,-4.2821,-29.1661,8.58924,48.178
19860,7826,5083,3763,3329,9696,5288,3742,3431,5155,4130,3539,3319,3743,3564,3398,3123,-12.1443,-26.7162,8.93371,48.086
19861,4846,6929,5405,4116,4772,7249,5494,3933,3926,4387,3960,3509,3359,3563,3511,3256,-14.3626,-4.30539,8.74265,48.1433
19862,3628,4536,8647,9425,3372,3959,5118,5492,3294,3553,3842,3829,3206,3163,3440,3450,-32.0785,16.1297,8.64439,47.9693
19863,3099,3213,3403,3517,3201,3468,3845,4331,3430,3770,5055,7928,3503,3834,5704,10442,18.8078,30.4881,8.64776,47.8287
19864,3416,3386,3266,3179,3895,3847,3561,3362,5302,5266,4152,3619,8643,9014,4729,3586,31.7963,-14.0586,8.51684,48.1487
19865,3121,3293,3556,3629,3292,3485,3999,4694,3424,3917,5113,8751,3379,3847,5398,8844,14.8018,30.6707,8.58188,47.828
19866,3268,3496,3481,3403,3542,4056,4344,3887,3894,5468,7224,4923,4014,5440,6879,5020,14.2194,5.09619,8.60312,48.226
19867,3197,3337,3667,3620,3455,3855,4693,4686,3610,4218,7546,7067,3574,4192,5868,6008,10.9678,14.1931,8.76322,48.3953
19868,3450,4183,7169,10478,3457,3968,5250,6265,3155,3427,3874,4031,3140,3357,3448,3407,-23.4813,20.0575,8.67534,48.0393
19869,3245,3214,3397,3404,3253,3338,3720,3989,3310,3775,4745,6160,3420,4027,6046,12298,26.2904,33.8624,8.53328,47.5607
19870,3422,3403,3302,3065,4335,3907,3330,3198,7352,4828,3862,3354,10918,6086,3972,3378,20.5828,-25.4713,8.61818,47.808
19871,3108,3244,3328,3397,3119,3347,3845,3928,3338,3776,4808,6367,3313,3982,6143,12411,26.6326,29.9855,8.59786,47.636
19872,4007,4084,3826,3378,5076,6435,4534,3667,5409,7471,4708,3685,4256,4643,3963,3388,1.70313,-9.28258,8.96779,48.3533
19873,3401,3348,3186,3055,4074,3858,3477,3228,5634,5010,3984,3397,10451,8198,4388,3342,28.2827,-18.1184,8.94471,48.0207
19874,4849,4209,3650,3243,8067,5423,3947,3345,7773,5141,3700,3345,4800,4227,3436,3207,-0.605673,-23.2828,8.72602,48.2413
19875,3745,3804,3425,3243,4748,4919,3837,3414,7014,7599,4492,3577,5371,5573,4160,3493,9.29222,-13.6703,8.74596,48.276
19876,3211,3358,3584,3461,3449,3765,4225,3980,3704,4863,7386,5578,3873,5090,7202,5575,15.1391,8.73879,8.58015,48.2027
19877,3491,3862,4067,3742,3856,4803,6234,4433,3896,5532,7247,4810,3688,4164,4552,4053,2.31252,4.34906,8.80077,48.2867
19878,4082,4547,4174,3643,4737,7469,5441,3943,4382,6057,4776,3801,3789,4025,3830,3503,-3.31683,-4.39091,8.96779,48.1327
19879,3295,3765,4992,6538,3488,3968,6053,9142,3268,3639,4543,5431,3113,3395,3654,3945,-9.24749,21.621,8.85341,48.1527
19880,3146,3256,3330,3373,3164,3342,3813,4020,3322,3733,4778,6000,3246,3852,5937,12696,32.7263,29.0324,8.81036,47.3387
19881,6346,9437,5744,4016,4888,5850,4401,3753,3767,3853,3559,3307,3249,3292,3144,3226,-23.8182,-8.38477,8.59873,47.888
19882,3228,3480,3690,3722,3342,3592,4346,4905,3448,4025,6188,8541,3345,3966,5599,7050,11.8707,20.1952,8.59561,48.3113
19883,3618,3826,3666,3415,4193,5241,4319,3696,4974,8045,5566,4025,4510,5091,4488,3816,6.99044,-5.56461,8.88626,48.326
19884,5762,4785,3671,3206,8955,5904,4021,3339,6226,4865,3736,3262,4028,3790,3498,3137,-5.88574,-21.2543,8.95324,48.1233
19885,3399,3260,3169,3146,3930,3895,3488,3169,5994,4780,3879,3403,12564,6399,3946,3434,28.1959,-25.1152,8.76686,47.9033
19886,3405,3264,3261,3179,3859,3850,3431,3275,5834,4827,3691,3363,12154,6356,3899,3368,31.4314,-26.044,8.51251,47.344
19887,4069,5015,4690,4053,4565,7194,6549,4246,4077,5046,4669,3747,3581,3813,3660,3469,-6.60539,-1.20044,8.5801,48.2953
19888,3331,3311,3333,3097,3988,4117,3552,3324,5730,6504,4293,3711,7213,8238,4750,3592,18.9114,-12.7688,8.99642,48.056
19889,7027,6960,4376,3552,6655,6649,4334,3570,4201,4184,3615,3425,3537,3616,3433,3068,-15.7982,-14.9619,8.53471,48.1347
19890,5497,6995,4932,3849,5498,7789,4777,3769,4119,4367,3736,3280,3469,3544,3418,3107,-13.9493,-8.79599,8.85401,48.0973
19891,3406,3957,5550,9558,3354,3858,5196,8355,3280,3520,4015,4494,3084,3306,3510,3476,-16.9476,32.2569,8.54906,47.946
19892,3267,3470,3960,4402,3326,3625,4720,7549,3323,3712,4960,8884,3328,3592,4255,5222,2.37925,31.7916,8.75938,47.73
19893,3032,3165,3488,3485,3225,3605,4052,4236,3391,3924,5637,7082,3510,4112,6767,9621,19.378,20.2245,8.7945,48.2213
19894,3310,3836,5181,8420,3384,3863,5205,9186,3237,3526,4011,4896,3107,3294,3639,3598,-13.4183,27.8298,8.89516,47.7953
19895,12208,6151,4017,3409,6548,4831,3841,3365,3957,3734,3386,3287,3339,3394,3310,3098,-24.2752,-32.1143,8.52784,47.9167
19896,3748,5358,9612,7448,3718,4380,5324,5041,3351,3519,3915,3876,3105,3211,3337,3354,-27.7345,11.0286,8.5812,48.198
19897,3720,3595,3332,3164,4624,4339,3686,3334,7464,6399,4104,3339,7641,6298,4118,3407,14.4923,-17.8305,8.89483,48.376
19898,3354,4049,5951,11752,3362,3887,4828,7032,3284,3441,3868,4066,3194,3306,3464,3323,-22.5939,30.1254,8.67821,48.1073
19899,3292,3447,4310,4893,3408,3701,4973,8651,3316,3762,4900,7826,3209,3563,4156,4599,-1.46231,29.057,8.58904,48.004
19900,3259,3408,3340,3256,3511,3769,3752,3527,4233,5287,5124,3943,4993,8462,7593,4511,24.1741,-1.44333,8.8823,47.9787
19901,4383,6710,7907,4908,4045,5258,6059,4527,3580,3938,4051,3636,3304,3365,3497,3414,-19.5713,2.30349,8.62932,48.388
19902,5427,6001,4228,3571,6354,8039,4738,3581,4542,4710,3999,3397,3626,3759,3508,3245,-10.1952,-11.3987,8.80579,48.4833
19903,3286,3709,4533,5907,3474,3821,5232,9471,3279,3630,4567,6587,3157,3349,3951,4132,-5.53618,30.8401,8.53742,48.0567
19904,3313,4284,7495,10929,3400,3853,4941,5836,3242,3430,3800,4004,3182,3254,3386,3510,-33.4331,20.0608,8.85766,47.906
19905,8869,6525,4122,3509,7702,5734,3992,3412,4297,4139,3693,3403,3327,3465,3314,3154,-17.2579,-20.02,8.89461,48.438
19906,3153,3265,3311,3335,3306,3551,3886,3744,3581,4217,5349,4983,3727,5388,9806,7300,27.3022,10.9854,8.92207,47.9347
19907,3532,4077,6293,9314,3480,3919,5445,7855,3321,3560,3993,4451,3031,3190,3533,3486,-17.4218,21.3325,8.70889,48.32
19908,3031,3128,3312,3411,3388,3534,4008,3972,3592,4163,5663,5658,3492,4675,8402,8357,22.2454,14.5181,8.69291,47.8573
19909,3403,3475,3529,3139,3992,4035,3681,3447,5324,6527,4501,3692,6575,8496,5081,3865,19.4464,-10.0625,8.74904,48.508
19910,3503,3638,3769,3570,3615,4303,5207,4182,3880,5607,8028,4892,3818,4507,5306,4422,7.21072,5.2986,8.92748,48.1647
19911,3408,3784,4649,4836,3465,4305,7063,6917,3468,3990,5722,5713,3195,3618,4115,4085,-3.24615,14.851,8.93458,48.222
19912,3367,3857,6194,12782,3322,3707,4674,6079,3193,3475,3807,3950,3147,3234,3323,3426,-28.445,27.8418,8.94756,47.6913
19913,3454,4146,5635,4960,3813,4874,8086,6064,3519,4055,5094,4622,3341,3401,3767,3737,-8.30092,10.7662,8.64042,48.3787
19914,11726,5945,3955,3395,6846,4978,3784,3350,4022,3812,3470,3355,3478,3290,3235,3137,-22.275,-33.1151,8.98539,47.852
19915,3485,4037,4864,4477,3651,4732,7836,5579,3475,4323,6011,4817,3323,3644,4230,4051,-3.97384,9.53874,8.7976,48.3567
19916,3368,3663,3837,3852,3523,4340,5540,4736,3606,4852,7914,5728,3534,4039,5093,4680,5.92306,9.48136,8.73639,48.2033
19917,3647,3877,3947,3815,3950,5158,5775,4281,4078,5934,7018,4576,3697,4369,4484,3968,3.09216,2.64668,8.68058,48.3827
19918,4855,4426,3741,3249,7875,6104,3976,3412,6612,5453,3966,3349,4347,4056,3509,3344,-2.67997,-18.966,8.89708,48.1827
19919,3969,3774,3365,3170,5481,4408,3711,3267,9221,5996,3943,3372,6427,5008,3760,3360,8.85172,-21.3276,8.76856,48.1547
19920,7626,9583,5091,3782,5021,5599,4227,3552,3824,3866,3589,3353,3314,3362,3241,3108,-25.3498,-11.7079,8.87503,48.092
19921,4229,4571,4090,3416,5336,7147,4743,3629,5023,6561,4486,3508,4176,4275,3815,3410,-1.46299,-9.37821,8.59435,48.2767
19922,5992,10004,6274,4027,4533,5141,4597,3873,3660,3737,3765,3375,3267,3422,3306,3209,-30.6462,-6.06279,8.97946,48.1213
19923,4826,6867,5524,4124,4736,7007,5811,4014,3857,4302,3914,3592,3381,3559,3484,3165,-14.7563,-3.78527,8.62128,48.1087
19924,3104,3295,3397,3379,3321,3485,3779,4162,3347,3788,4787,7058,3289,4011,5835,11860,22.3479,29.8016,8.68757,47.9313
19925,5981,4674,3627,3338,9830,5289,3859,3343,6051,4638,3640,3361,3986,3785,3519,3236,-6.53926,-32.3957,8.51284,48.1047
19926,3722,3596,3387,3310,5011,4228,3616,3278,9682,5206,3865,3497,7411,5016,3755,3441,11.4903,-32.8063,8.73449,48.014
19927,3132,3174,3614,3435,3233,3496,3956,4388,3313,3855,5151,8029,3352,4044,5855,9691,17.5492,25.3221,8.64641,47.812
19928,4727,6749,5557,4233,4667,7308,5877,4058,3792,4385,4067,3643,3409,3436,3483,3280,-14.0911,-3.32935,8.99735,48.4473
19929,3378,4004,5682,10991,3314,3999,5053,7453,3235,3473,3962,4136,3125,3142,3495,3415,-20.0103,32.8681,8.6484,47.9047
19930,9716,5617,3879,3315,8397,5146,3802,3308,4486,3947,3521,3338,3530,3562,3167,3074,-16.9157,-30.0105,8.58412,47.87
19931,8542,6567,4117,3422,7596,5851,4121,3399,4321,4165,3622,3241,3473,3520,3228,3163,-16.8806,-19.7379,8.56641,48.232
19932,3605,3532,3341,3198,4472,4286,3681,3219,7387,6208,4019,3548,7762,6307,4278,3452,15.3425,-18.2151,8.88037,48.1967
19933,3352,4000,5547,5996,3496,4227,7157,7728,3286,3750,4832,4929,3234,3335,3726,3826,-9.11804,15.8848,8.5999,48.2807
19934,3121,3307,3506,3376,3344,3792,4074,3904,3670,4500,6440,5384,3866,5168,8505,6280,18.9628,10.1925,8.77685,48.158
19935,10263,7798,4297,3460,5712,5060,4038,3409,3900,3831,3532,3205,3348,3360,3298,3183,-32.3036,-18.3421,8.53802,47.796
19936,3159,3323,3570,3656,3261,3563,4062,4976,3384,3853,5125,9495,3356,3808,5120,8013,12.6087,29.4307,8.74326,47.816
19937,3428,3714,4512,4879,3331,3993,6147,7647,3452,3854,5626,6573,3227,3602,4097,4302,-1.97089,18.4993,8.97662,48.256
19938,3432,4019,6426,11032,3269,3934,5028,7021,3114,3558,3916,4173,3097,3195,3478,3438,-21.5084,23.3685,8.68174,48.0867
19939,3352,3389,3276,3174,3793,3861,3730,3568,4486,5112,4575,3854,5768,9581,6601,4198,27.9129,-5.35703,8.57372,48.212
19940,3138,3329,3596,3643,3294,3434,4126,4592,3375,3823,5251,8950,3426,3851,5314,8804,14.7842,33.5527,8.73374,47.964
19941,3404,3399,3227,3184,3946,3867,3448,3216,6207,4792,3830,3397,12644,6375,4021,3264,28.0203,-25.9531,8.95185,48.1473
19942,3235,3759,4444,5761,3369,3764,5098,9714,3239,3663,4562,6585,3241,3429,3935,4204,-5.52159,31.4063,8.50324,48.0013
19943,3430,3400,3312,3177,4374,3884,3454,3204,7939,5049,3871,3328,10423,5809,3885,3376,18.9091,-28.6061,8.58555,47.9433
19944,3438,4126,6331,9855,3436,3891,5305,7411,3176,3651,3980,4213,3051,3198,3343,3594,-18.6294,21.8209,8.88169,47.9993
19945,3366,3293,3086,3079,3995,3968,3533,3217,6364,5144,3923,3459,10814,7327,4153,3402,24.0304,-20.2684,8.95595,48.082
19946,5923,5904,4170,3514,7051,7616,4359,3649,4520,4709,3711,3343,3685,3626,3459,3084,-11.0162,-14.0139,8.93817,48.2153
19947,6555,9849,6106,3861,4832,5294,4381,3790,3660,3814,3590,3407,3201,3420,3310,3226,-27.1301,-7.96505,8.98302,48.1973
19948,3061,3268,3657,3704,3304,3675,4284,5062,3333,3869,5578,9431,3452,3868,5224,7714,12.0131,24.4664,8.94779,48.3227
19949,5825,9347,6011,3922,4845,6004,4660,3910,3720,3911,3625,3505,3264,3409,3320,3148,-22.1151,-6.44562,8.91044,48.284
19950,3415,3743,4819,6662,3427,3747,5286,9980,3290,3678,4333,5750,3040,3337,3763,3935,-8.85863,28.4722,8.82279,48.1367
19951,3623,4977,9538,7644,3556,4178,5256,5197,3338,3551,3832,3857,3170,3193,3557,3389,-32.4927,11.9732,8.506,47.904
19952,4389,7260,9266,5339,3996,4692,5217,4349,3543,3579,3755,3601,3249,3328,3351,3269,-27.4918,3.12432,8.87891,48.122
19953,3400,3513,3122,3156,4053,3903,3650,3235,6264,5297,3935,3399,10028,7465,4254,3495,23.0669,-19.4071,8.55333,48.1127
19954,3780,3844,3539,3292,4494,5225,4035,3476,5792,8385,4979,3701,4737,5413,4245,3682,7.56151,-8.94806,8.9342,48.4127
19955,3324,3376,3684,3511,3537,3861,4825,4286,3678,4924,8186,5685,3643,4557,6263,5102,10.6719,9.34924,8.86515,48.2947
19956,3157,3212,3549,3636,3261,3503,4292,5049,3417,3761,5259,9610,3307,3823,5050,7838,12.2236,31.442,8.68598,47.816
19957,3757,5450,9519,7134,3627,4290,5637,5081,3287,3714,3765,3835,3080,3204,3565,3306,-24.5365,10.3199,8.96138,48.1673
19958,3894,4886,6323,4878,3845,5507,7925,5144,3490,3965,4657,4072,3309,3503,3650,3492,-11.9786,6.22498,8.80576,48.36
19959,4044,4974,5074,4115,4389,7054,6774,4265,3867,4705,4703,3973,3657,3696,3701,3331,-7.79967,-0.127591,8.58615,48.2147
19960,3412,4020,6967,10949,3353,3926,5114,6565,3329,3532,3868,4045,3055,3192,3450,3434,-23.2848,22.0321,8.70935,48.1407
19961,6100,9555,6067,4170,4621,5550,4537,3804,3671,3902,3736,3436,3324,3358,3320,3139,-24.9632,-7.12679,8.53711,48.1933
19962,3133,3090,3402,3402,3169,3379,3754,3958,3372,3857,4914,6651,3399,3985,6047,12007,24.8619,27.313,8.7441,47.6793
19963,3480,4091,7249,10952,3354,4017,5056,6198,3195,3459,3768,3944,3073,3201,3474,3379,-25.385,21.1246,8.81927,47.9267
19964,6884,9933,5509,3926,4975,5324,4183,3620,3794,3928,3547,3356,3374,3377,3245,3126,-27.0011,-9.86469,8.90983,48.0673
19965,3317,3359,3129,3201,3869,3695,3463,3210,6276,4760,3665,3413,12372,6035,3933,3412,26.4756,-33.8915,8.68741,47.406
19966,4242,7015,9047,5368,3986,4706,5260,4415,3464,3701,3792,3602,3217,3347,3407,3119,-33.697,3.18555,8.64039,47.792
19967,3388,3843,5921,9360,3428,4020,5383,7906,3224,3465,4009,4411,3085,3204,3480,3529,-16.9721,23.8864,8.73647,47.7707
19968,3187,3562,3941,4461,3225,3726,4980,6846,3374,3890,5657,8667,3279,3756,4468,5188,3.40239,22.2334,8.82746,48.138
19969,3500,3440,3223,3172,3891,3793,3590,3419,5067,5225,4183,3559,7796,9597,5074,3700,28.3664,-11.9836,8.64142,48.1527
19970,3166,3276,3360,3322,3536,3716,3895,3712,3864,4783,5461,4551,4195,6679,9167,5577,24.2287,4.74467,8.83856,48.1733
19971,3380,3398,3341,3090,4156,3862,3401,3321,6879,5259,3953,3241,10356,6852,4087,3392,21.8105,-21.2662,8.56693,47.9787
19972,3139,3283,3393,3375,3362,3551,3861,3828,3620,4199,5526,5189,3748,5048,9396,7774,25.6307,12.1395,8.5632,48.1947
19973,3731,4103,4355,3952,4030,5666,6940,4510,3819,5126,6070,4361,3605,3919,4109,3770,-1.93353,3.08131,8.82621,48.044
19974,3305,3303,3426,3223,3668,3765,3792,3655,4306,5732,5160,4057,5140,8349,7226,4500,22.5132,-2.1485,8.60687,48.4047
19975,5077,7616,5718,4158,4903,6786,5349,3827,3781,4280,3862,3587,3378,3443,3353,3208,-16.3132,-4.60709,8.89907,48.2173
19976,4065,5247,6323,4693,4122,5964,7401,4763,3632,4131,4454,3886,3249,3550,3520,3382,-12.5638,3.68654,8.73219,48.2547
19977,5244,4450,3782,3209,8421,6174,4009,3454,6411,5031,3722,3376,4215,3994,3516,3251,-3.75472,-20.1927,8.90941,48.1727
19978,11032,7367,4107,3437,5907,5105,3948,3407,3917,3890,3464,3273,3369,3467,3241,3054,-32.0804,-19.7403,8.85596,47.99
19979,5296,4194,3530,3337,9162,4950,3755,3361,7536,4789,3651,3325,4348,4005,3534,3153,-2.12117,-31.4013,8.95455,47.9507
19980,3517,3403,3220,3177,3905,3828,3487,3196,6000,4654,3768,3335,12094,6540,3918,3369,32.9803,-24.0926,8.7923,47.6073
19981,3663,4674,7300,6223,3737,4648,7233,5819,3432,3730,4266,4112,3184,3374,3490,3473,-15.0507,11.2476,8.77601,48.2387
19982,3217,3304,3441,3245,3566,3739,3983,3714,3946,5263,6221,4508,4224,6507,8380,5096,19.5812,3.88168,8.9678,48.236
19983,3819,3610,3365,3219,5634,4374,3585,3346,9829,5114,3864,3376,6564,4854,3727,3479,8.7776,-32.9134,8.62608,47.8393
19984,3095,3507,3799,4013,3193,3725,4546,6507,3351,3798,5382,9728,3406,3692,4500,5862,5.66221,26.4948,8.58574,48.0693
19985,3656,3592,3306,3063,5005,4194,3583,3223,9569,5145,3848,3319,8252,5013,3940,3345,12.8138,-28.5862,8.86327,48.0353
19986,3455,3845,3637,3256,4174,4985,4367,3536,4900,8008,5803,3921,4459,5386,4735,3789,8.03434,-4.78181,8.95255,48.1707
19987,3321,3464,3252,3124,3840,3855,3567,3332,4867,5285,4435,3680,6960,9987,5336,3738,32.6958,-10.0905,8.60964,48.0287
19988,9689,6126,4094,3408,7651,5508,3842,3309,4341,4000,3551,3159,3544,3442,3245,3090,-18.105,-23.2761,8.80569,47.9993
19989,3421,3826,6040,12448,3307,3674,4766,6467,3253,3467,3717,3851,3172,3214,3436,3278,-25.3551,29.8772,8.73708,47.558
19990,5322,5111,3839,3447,7485,7401,4221,3460,5220,5144,3930,3481,3966,3791,3572,3216,-6.69852,-15.3413,8.99601,48.404
19991,5367,7395,5035,3959,5185,7232,5095,3910,3978,4259,3876,3332,3489,3547,3450,3287,-15.6263,-7.36038,8.51558,48.264
19992,3290,3435,3324,3228,3667,3904,3776,3553,4324,5725,5439,4140,4808,7988,7231,4497,20.9373,-1.31183,8.95654,48.2193
19993,7858,8761,4815,3648,5716,5954,4238,3506,4076,3979,3467,3236,3337,3387,3170,3098,-21.1351,-13.6874,8.88335,48.164
19994,3548,3531,3375,3245,3891,4356,3893,3429,5005,7131,5041,3761,5218,7242,5295,3961,15.1271,-6.57794,8.58943,47.948
19995,9544,6119,3987,3395,7878,5363,3902,3387,4381,3925,3488,3225,3543,3602,3296,3148,-18.0548,-22.877,8.71574,48.122
19996,3516,3605,3585,3339,3806,4566,4746,3950,4280,6635,7161,4410,4045,5189,5112,4183,8.87712,1.13818,8.64184,48.0853
19997,3371,3312,3360,3191,3869,3803,3520,3344,5427,5207,4254,3431,8534,9117,4791,3526,33.9303,-14.1932,8.65226,48.038
19998,5570,6425,4461,3622,6031,7697,4729,3609,4473,4464,3836,3414,3586,3591,3298,3208,-12.1431,-11.2503,8.71883,48.0093
19999,3265,3715,4854,6616,3319,3879,5291,9903,3268,3529,4315,5893,3248,3302,3673,3917,-8.7274,28.0841,8.90542,47.9913
20000,3403,3722,4312,4387,3517,4025,6021,6309,3466,4054,6331,6600,3309,3707,4404,4573,0.844859,16.1429,8.53814,48.0933
20001,3156,3657,4227,4798,3348,3753,4892,8221,3341,3754,4847,8270,3263,3371,4192,4845,-0.235994,28.9683,8.54785,47.9567
20002,3157,3312,3355,3202,3637,3888,3957,3740,4141,5648,6237,4484,4498,6676,7400,4762,18.0723,1.50024,8.9371,48.0627
20003,3892,4464,4180,3775,4631,6838,5785,3934,4455,6119,4979,3865,3828,4129,4022,3515,-1.67787,-3.48421,8.57737,48.274
20004,3540,4052,5449,5319,3572,4382,7315,7082,3437,3877,5016,4902,3173,3447,3790,3746,-8.20744,14.3819,8.51893,48.066
20005,3081,3263,3358,3444,3181,3452,3977,4379,3412,3780,5065,7947,3455,3834,5583,10319,18.6267,29.0935,8.83141,47.6867
20006,4013,3771,3314,3140,6070,4427,3692,3309,9976,5222,3794,3406,6253,4708,3677,3339,7.22175,-30.8592,8.69835,48.074
20007,3400,3913,5987,12614,3357,3853,4779,6137,3261,3449,3827,3833,3124,3266,3340,3350,-26.8719,32.2739,8.81571,47.66
20008,3177,3312,3557,3602,3253,3585,4263,4874,3334,3860,5146,9441,3345,3879,5135,8221,12.9746,32.4337,8.80571,47.9893
20009,3409,3398,3252,3098,4257,3967,3525,3294,7284,5157,3842,3324,10600,6285,4021,3335,19.8066,-23.4061,8.95826,48.032
20010,3271,3317,3429,3209,3507,3745,3831,3510,4072,5134,5583,4417,4366,7007,8670,5046,22.14,2.57378,8.61795,48.076
20011,3716,5251,9869,7225,3635,4336,5263,5027,3275,3675,3889,3856,3124,3207,3493,3433,-33.6572,10.567,8.65357,48.1827
20012,6201,6384,4246,3568,6815,7188,4419,3573,4563,4436,3788,3421,3638,3560,3388,3190,-12.8034,-14.1679,8.6608,48.252
20013,5707,8658,5698,3973,4903,6386,4899,3749,3781,4019,3586,3432,3294,3419,3433,3215,-19.8236,-7.28043,8.66317,48.1013
20014,3182,3140,3384,3383,3212,3538,3849,3966,3396,3793,4741,6244,3486,3883,6489,12114,27.6003,25.7811,8.50833,47.8667
20015,8669,5312,3761,3199,9249,5204,3858,3327,4745,4132,3571,3269,3663,3533,3254,3231,-14.081,-31.6152,8.92523,47.9847
20016,4028,6395,9870,5978,3777,4590,5116,4577,3544,3662,3809,3763,3220,3340,3417,3275,-32.7788,5.79867,8.75821,48.2407
20017,8176,9071,4741,3678,5477,5681,4191,3562,3897,3825,3531,3180,3369,3395,3291,3217,-24.2222,-13.5709,8.54336,48.188
20018,3275,3830,5440,9175,3446,3837,5237,8935,3258,3502,4062,4649,3102,3210,3380,3635,-15.3727,29.2032,8.91197,47.982
20019,9968,5714,3828,3474,8280,5054,3797,3351,4429,4039,3460,3157,3491,3398,3238,3061,-17.1766,-32.5542,8.77276,47.826
20020,3441,3368,3217,3011,4047,3886,3617,3170,6142,5282,3993,3417,10279,7456,4392,3466,24.1005,-18.9621,8.8259,48.1227
20021,3402,4095,7138,11242,3360,3728,5047,6246,3233,3549,3734,3964,3111,3165,3346,3364,-24.8056,21.6017,8.92247,47.816
20022,3558,4490,7943,10262,3473,3935,5098,5634,3220,3411,3840,3834,3166,3251,3415,3350,-27.3339,18.4747,8.89039,47.92
20023,3087,3222,3362,3343,3193,3385,3836,3905,3379,3939,4871,5872,3326,3962,6664,11920,29.4914,22.8568,8.79769,47.5107
20024,3472,3292,3304,3130,3844,3813,3414,3220,5848,4954,3781,3488,11481,7256,4095,3418,30.4,-21.6257,8.68526,47.8733
20025,3574,4422,7969,9068,3578,3946,5551,5948,3258,3510,3995,4036,3052,3183,3474,3456,-22.6788,16.4002,8.57536,48.0133
20026,4137,3895,3445,3143,6745,4514,3698,3303,9792,5091,3813,3425,5672,4525,3624,3366,4.97493,-32.581,8.9529,48.1253
20027,3427,4252,7500,10708,3545,3893,5028,5840,3212,3463,3831,4047,3071,3211,3392,3405,-32.7151,19.7125,8.60893,47.8833
20028,3237,3289,3540,3392,3601,3843,4188,3882,3963,5251,6969,4780,3991,5757,7385,5099,16.2464,4.71088,8.92391,48.1113
20029,3236,3344,3439,3441,3384,3909,4174,3782,3841,5021,7079,4918,3994,5602,7716,5328,16.6047,6.42108,8.7823,48.1387
20030,3229,3433,3707,3950,3411,3624,4579,5941,3392,3847,5540,9706,3402,3701,4690,5971,6.8782,24.3826,8.78652,48.082
20031,2994,3143,3407,3498,3261,3542,3695,3881,3470,3734,4727,6071,3352,3961,6138,12530,30.1729,27.1849,8.67055,47.6027
20032,3464,3367,3285,3047,3937,3934,3636,3287,5510,5962,4248,3666,7379,8820,5041,3627,21.3414,-12.2434,8.90831,48.14
20033,3302,3531,3382,3332,3673,4193,4113,3686,4456,6686,5875,4259,4614,6905,6289,4395,16.2467,-1.68383,8.67974,48.4607
20034,3864,5677,9823,6811,3685,4268,5278,4795,3443,3660,3740,3710,3213,3241,3352,3394,-32.2461,9.16739,8.76083,47.9693
20035,3706,5510,9912,7292,3622,4329,5491,4996,3269,3625,3780,3838,3160,3368,3329,3341,-27.036,10.4279,8.79964,48.3787
20036,3396,3462,3419,3273,3709,4066,4077,3710,4353,6405,6242,4331,4554,6503,6266,4469,15.5784,-0.453279,8.71857,48.1567
20037,3615,3472,3373,3100,4353,4206,3594,3414,7234,6364,4089,3387,7733,6475,4264,3369,15.524,-17.4449,8.52644,48.028
20038,3853,5194,9058,7141,3683,4323,5966,5342,3286,3625,3998,3843,3143,3349,3407,3343,-22.0451,10.7405,8.72258,48.3693
20039,10168,7593,4249,3563,6130,5203,3890,3427,4000,3889,3417,3306,3379,3392,3227,3049,-23.9726,-19.0288,8.61037,47.9213
20040,3300,3378,3314,3230,3856,3857,3671,3470,4888,6135,4721,3676,5902,8949,5755,4080,21.0384,-7.18472,8.70363,48.1213
20041,5019,7966,6768,4449,4315,6086,5443,4113,3611,4056,3968,3544,3223,3370,3489,3219,-19.8649,-2.39017,8.83859,48.426
20042,9104,6753,4149,3437,7104,5678,3931,3468,4209,4087,3605,3339,3394,3400,3298,3112,-18.3808,-19.6404,8.59026,48.0453
20043,3293,3760,4586,5825,3453,3809,5123,9652,3274,3727,4642,6416,3228,3427,3826,4125,-5.50383,32.9006,8.81737,48.1107
20044,4669,6120,5474,4022,4571,7454,5899,4102,3880,4291,4166,3705,3468,3581,3501,3384,-12.646,-3.05039,8.85953,48.1913
20045,3942,3803,3353,3178,5741,4467,3654,3286,9216,5995,3915,3444,6229,4833,3846,3424,7.82827,-21.8442,8.8207,48.2173
20046,3195,3374,3352,3129,3814,3974,4002,3582,4528,6416,5657,4140,4909,7554,6283,4267,17.6328,-2.68954,8.98183,48.1173
20047,4297,5554,5369,4052,4420,7211,6753,4320,3799,4514,4377,3683,3444,3589,3538,3377,-10.6688,-0.794503,8.90306,48.198
20048,3028,3253,3346,3306,3324,3415,3876,3962,3456,3907,4998,6037,3418,4069,7287,11421,25.8072,21.1853,8.8992,48.0687
20049,3722,5157,9170,6748,3626,4373,5947,5153,3470,3625,3951,3857,3129,3274,3318,3313,-22.1278,10.2825,8.69201,47.8887
20050,5075,8570,7820,4619,4272,5136,4919,4230,3566,3765,3817,3510,3222,3346,3310,3191,-29.0612,-1.19389,8.62598,48.2453
20051,3416,3429,3359,3188,3877,3800,3595,3361,5122,5217,4166,3556,7702,9588,5011,3626,32.9289,-11.9726,8.92525,48.0087
20052,3303,3515,3833,3880,3273,3793,4872,5365,3448,4208,6769,8128,3357,4051,5036,5696,7.34398,17.5209,8.99175,48.3513
20053,4287,6819,9063,5419,4040,4822,5570,4542,3521,3810,3859,3713,3155,3305,3298,3215,-23.6954,4.03789,8.69598,48.292
20054,5138,8433,6824,4366,4313,5796,5100,3959,3600,3797,3792,3399,3270,3422,3448,3274,-21.5425,-3.07293,8.62027,47.954
20055,3102,3417,3711,3738,3332,3707,4350,4942,3482,3989,6339,8571,3337,3885,5562,6925,11.4145,19.5541,8.71711,48.2593
20056,4487,4133,3428,3102,7298,4998,3745,3350,8717,5432,3882,3388,4999,4436,3546,3241,2.43459,-23.5955,8.82234,48.1213
20057,3750,3689,3526,3231,4945,4740,3766,3428,7429,7166,4319,3392,5999,5465,4130,3459,10.1955,-15.879,8.78194,48.2893
20058,4487,7248,8928,5291,4071,4904,5315,4333,3537,3658,3823,3580,3269,3222,3303,3207,-25.235,2.65469,8.68393,48.1173
20059,3389,3394,3247,3106,3996,3802,3405,3184,5853,4949,3729,3408,11745,6770,3973,3493,28.9002,-22.5147,8.86149,47.6287
20060,3199,3304,3389,3332,3377,3818,4166,3775,3855,5066,6945,5017,3984,5557,8164,5503,17.579,6.26728,8.89444,48.3007
20061,3285,3846,5358,9176,3335,3778,5111,8781,3381,3502,4187,4630,3182,3295,3489,3612,-15.2209,30.2311,8.9881,47.9653
20062,5512,9117,6766,4220,4635,5534,4773,4057,3670,3786,3574,3496,3265,3416,3200,3194,-24.3556,-4.17041,8.50548,48.1433
20063,3514,4472,8553,9486,3494,3979,5036,5535,3253,3421,3698,4026,3039,3262,3469,3345,-29.4499,16.6706,8.78212,47.7213
20064,3970,4077,3686,3301,5231,5802,4161,3473,6070,7457,4636,3620,4513,4776,3979,3561,3.63703,-11.8913,8.64747,48.2087
20065,3597,4435,7760,8803,3639,4157,5812,6321,3281,3508,3997,4184,3013,3258,3442,3462,-20.2223,16.5806,8.62211,48.446
20066,3683,4952,9071,7486,3716,4307,5762,5232,3351,3550,3881,3762,2960,3328,3434,3489,-23.106,12.1884,8.61412,47.976
20067,4280,5490,5097,4068,4637,7070,6411,4280,3897,4542,4416,3912,3580,3619,3562,3419,-10.053,-1.53218,8.71412,48.1867
20068,6618,6151,4142,3500,7525,6844,4177,3539,4695,4417,3658,3303,3655,3638,3308,3207,-12.7145,-16.8052,8.61992,48.2513
20069,3132,3191,3504,3517,3274,3511,3976,4266,3344,3863,5148,8015,3395,3949,5876,10102,18.4119,25.0701,8.56868,48.042
20070,3300,3464,3364,3240,3644,3889,3770,3637,4270,5555,5202,4121,4774,8146,7463,4575,22.2263,-1.20715,8.50488,48.276
20071,6584,4937,3782,3354,9186,5825,3842,3486,5589,4454,3717,3276,3966,3729,3380,3198,-9.12275,-22.4484,8.65948,48.2033
20072,3355,3358,3177,3196,4085,3905,3490,3267,6432,5588,4091,3447,9283,7695,4498,3564,21.7068,-17.603,8.85504,48.2873
20073,3207,3642,4451,5277,3298,3834,5335,8859,3358,3715,4845,7277,3239,3550,4083,4474,-2.37144,24.9244,8.68763,48.296
20074,3411,4039,6000,9926,3365,3856,5266,7821,3202,3464,3962,4332,3128,3324,3432,3558,-18.0113,23.4279,8.58278,48.0573
20075,6202,8749,5294,3850,5218,6444,4582,3787,3837,4110,3697,3306,3448,3470,3282,3147,-19.4844,-8.90536,8.9742,48.282
20076,3412,3411,3185,3112,4012,3901,3612,3268,5683,5710,4077,3462,8546,8337,4707,3556,22.453,-14.9187,8.88752,47.994
20077,3518,3331,3221,3086,3940,3725,3457,3212,7162,4949,3812,3463,11101,5930,3974,3351,21.0913,-33.4875,8.52855,47.488
20078,4773,4940,3975,3437,6352,7483,4415,3554,5360,5819,4107,3468,4029,4038,3621,3248,-3.87084,-12.8352,8.73108,48.4127
20079,8726,6018,3940,3439,8299,5721,3905,3411,4612,4071,3644,3155,3551,3534,3295,3224,-15.669,-22.0733,8.7768,48.3633
20080,11836,6084,3931,3422,6615,4902,3800,3373,4005,3856,3494,3235,3358,3458,3255,3132,-23.5785,-30.9863,8.53005,47.8373
20081,3090,3222,3373,3515,3237,3496,3867,3943,3461,3813,5165,6226,3351,4230,7179,10713,23.7533,20.8176,8.66197,47.9207
20082,3284,3646,4429,5242,3499,3749,5167,9242,3266,3696,4535,7241,3137,3466,3981,4383,-3.63079,28.2139,8.50578,47.9753
20083,4665,4382,3612,3245,7400,5959,3987,3379,7056,5655,3850,3456,4432,4275,3535,3400,-0.957029,-18.5292,8.71709,48.192
20084,3414,3427,3334,3240,4189,4076,3522,3291,6247,6360,4261,3552,7477,7619,4432,3534,18.0214,-14.7916,8.53916,47.9833
20085,4618,7233,8957,5055,4044,4823,5173,4378,3465,3780,3769,3620,3165,3290,3427,3282,-26.2496,2.47011,8.76053,48.0527
20086,3274,3285,3380,3270,3558,3730,3780,3635,3952,4772,5148,4384,4344,7390,8945,5170,30.8633,2.61737,8.54073,48.0113
20087,3624,3493,3242,3135,4439,4045,3544,3274,7862,5615,3952,3573,8781,6189,3934,3421,16.3255,-21.5276,8.56828,48.082
20088,3763,5232,9577,7597,3666,4230,5357,5059,3341,3574,3787,3635,3143,3209,3426,3445,-27.311,11.0848,8.68819,48.0273
20089,3269,3330,3233,3126,3769,3784,3666,3356,4958,5669,4313,3766,6820,9884,5585,3901,24.5432,-9.41702,8.8557,48.286
20090,3157,3450,3868,3976,3324,3679,4739,6078,3477,3966,5725,9263,3286,3668,4774,5897,6.75183,22.4989,8.76856,48.218
20091,3463,3419,3254,3103,3848,3787,3600,3463,4938,5223,4362,3689,7112,9985,5527,3758,31.7317,-9.9621,8.6713,48.354
20092,3353,3487,3879,3749,3335,3885,5241,4839,3555,4507,8181,6462,3489,4007,5283,5129,7.4505,11.7297,8.90862,48.254
20093,3197,3345,3582,3727,3335,3561,4328,5099,3274,3780,5267,9697,3343,3784,5145,7444,11.5423,33.3147,8.79645,47.9387
20094,3575,3885,4876,4809,3543,4436,7443,6436,3428,4049,5485,5400,3288,3585,4139,3949,-4.92224,13.1751,8.69671,48.2173
20095,3134,3308,3428,3266,3486,3807,3946,3628,4022,5104,5743,4529,4298,6548,8624,5240,21.5663,3.76359,8.62753,48.074
20096,3343,3438,3375,3184,3780,4018,3827,3558,4645,6539,5281,3927,5231,7962,6123,4191,18.5874,-4.23056,8.78033,48.2813
20097,4935,4798,3787,3424,6643,7125,4352,3435,5444,5735,3939,3447,4112,4038,3598,3310,-3.98796,-14.2859,8.53366,48.0813
20098,3595,5118,8423,6567,3677,4502,6314,5475,3289,3677,4059,4026,3133,3265,3359,3415,-19.6125,10.5458,8.50536,47.9293
20099,3029,3154,3356,3393,3250,3409,3801,3772,3463,3776,4743,6004,3325,3963,6164,12503,29.361,32.6634,8.70876,47.4033
20100,3267,3322,3323,3150,3601,3855,3685,3480,4661,5750,4723,3868,5715,9130,6355,4208,23.431,-5.28102,8.57886,48.062
20101,7899,5530,3962,3268,8463,5759,4023,3374,4774,4209,3594,3293,3627,3629,3443,3102,-13.6046,-22.0509,8.63723,47.966
20102,3524,3468,3241,3096,4114,4177,3764,3396,6560,7018,4254,3520,6837,7168,4518,3479,15.4671,-14.2782,8.92713,48.0893
20103,3473,4274,5749,5654,3526,4411,7424,6877,3432,3741,4800,4746,3271,3392,3660,3712,-9.92458,13.7392,8.52441,48.0947
20104,7079,4912,3756,3287,9887,5263,3895,3349,5504,4346,3536,3324,3715,3679,3428,3143,-10.6534,-26.9285,8.83636,48.0687
20105,3439,3376,3365,3065,3892,3812,3479,3245,6376,4835,3762,3397,12367,6052,3990,3333,26.6347,-29.4799,8.6353,47.8567
20106,4495,4410,3705,3450,6500,6725,4213,3414,6039,6181,4194,3417,4297,4224,3719,3346,-1.54501,-14.2002,8.8303,48.2193
20107,3725,5211,9850,7341,3681,4294,5315,5149,3354,3610,3856,3842,3047,3346,3380,3354,-29.4333,10.8665,8.65456,48.2367
20108,4706,4350,3606,3274,7337,5986,3970,3314,6927,5772,3949,3423,4454,4210,3680,3343,-0.963918,-18.635,8.57604,48.2007
20109,3225,3645,4768,5934,3285,3881,5976,9127,3354,3775,4755,5817,3182,3474,3865,4052,-7.09594,21.4687,8.89172,48.0767
20110,5900,5994,4127,3558,6735,7641,4544,3507,4631,4686,3750,3493,3644,3688,3482,3220,-11.2825,-13.7643,8.87693,48.4
20111,3219,3380,3633,3479,3531,3983,4592,3970,3972,5563,7691,4980,4014,5038,6243,4811,11.9109,5.14375,8.70202,48.066
20112,11034,7474,4273,3421,5890,5114,3854,3422,3992,3746,3391,3193,3452,3285,3247,2973,-28.4383,-20.1481,8.93133,47.8407
20113,3387,3445,3170,3190,4058,3942,3504,3300,6714,5105,3844,3455,11200,6691,3899,3407,22.9094,-23.2513,8.59642,48.2073
20114,4098,6741,9441,5641,3977,4650,5377,4595,3412,3694,3923,3679,3167,3261,3404,3179,-26.4628,4.59972,8.77748,48.1593
20115,4369,7238,8412,5081,4152,5040,5534,4389,3622,3722,3772,3629,3197,3366,3427,3233,-23.116,2.03164,8.5963,48.122
20116,4680,8026,7908,4623,4214,5115,5234,4130,3648,3771,3851,3564,3245,3341,3438,3278,-23.3824,-0.165151,8.5755,48.044
20117,3243,3231,3355,3246,3397,3697,3778,3720,3703,4406,5321,4731,3889,5696,9908,6679,28.8807,8.51509,8.55359,48
20118,3633,4395,6646,6097,3555,4335,7309,6558,3409,3745,4355,4311,3207,3419,3569,3512,-13.3363,13.0357,8.5706,48.0367
20119,12692,6219,3949,3334,6065,4783,3779,3436,3970,3625,3536,3188,3427,3350,3112,3172,-32.4691,-27.1969,8.88927,47.758
20120,3260,3512,4048,4641,3360,3548,4809,8167,3325,3733,4894,8653,3160,3417,4253,4921,0.788264,30.3774,8.98187,47.8007
20121,3324,3469,3572,3481,3425,3980,4493,4024,3928,5607,7569,5121,3872,5153,6362,4833,12.4248,5.5482,8.58621,48.142
20122,3532,3881,3903,3611,3867,4927,5406,4046,4142,6196,7165,4509,3852,4513,4627,4162,4.80683,1.81355,8.64679,48.226
20123,3702,4472,5983,5162,3823,4850,7926,5841,3467,3944,4718,4258,3161,3417,3751,3710,-10.6617,9.81264,8.50819,48.1233
20124,3500,3442,3298,3043,4099,3850,3396,3273,6525,5205,3923,3482,10299,7406,4182,3463,23.1154,-19.7986,8.88741,48.2573
20125,6534,4721,3857,3298,9818,5276,3799,3487,5806,4348,3609,3268,4044,3720,3455,3130,-8.03572,-27.507,8.59825,48.1133
20126,3205,3540,4084,4590,3288,3752,4783,7686,3371,3705,5076,8926,3296,3632,4203,5112,2.08387,29.0004,8.6356,48.166
20127,5305,4563,3719,3304,8879,5634,3807,3326,6827,4928,3685,3411,4326,3881,3497,3167,-3.57815,-23.1642,8.84969,48.1727
20128,6982,6785,4274,3472,6958,6683,4363,3421,4318,4258,3612,3336,3570,3574,3399,3178,-14.6842,-15.2218,8.57098,48.122
20129,3290,3275,3437,3332,3373,3639,3798,3681,3742,4380,5229,4720,4082,6173,9769,6136,32.0746,7.04314,8.50415,48.0373
20130,3222,3752,4794,5717,3413,3957,5981,8828,3365,3784,4787,6035,3218,3430,3968,4167,-5.79625,21.2129,8.72207,48.2787
20131,3112,3208,3473,3359,3326,3511,3873,3856,3532,3908,5351,5480,3550,4905,8759,8960,27.2716,15.1984,8.71349,48.1087
20132,3855,4841,6975,5408,3801,4962,7663,5323,3550,3805,4416,4109,3245,3397,3638,3372,-13.9498,7.90233,8.55539,48.24
20133,3927,3946,3491,3194,5378,5150,3797,3443,7619,7101,4246,3409,5279,4988,4028,3426,6.29894,-16.3176,8.88236,48.2813
20134,3455,4037,6241,11724,3352,3937,4876,6692,3240,3407,3861,4113,3064,3192,3407,3417,-23.6713,26.5366,8.50392,48.01
20135,3497,4044,5942,9332,3523,4112,5540,7990,3212,3533,4019,4498,3004,3210,3442,3500,-16.9381,22.707,8.60244,48.2653
20136,4481,4198,3560,3272,6309,6021,4061,3535,6821,6484,4120,3422,4661,4390,3710,3285,1.48912,-15.9449,8.92872,48.22
20137,3346,3668,4006,3883,3587,4378,5808,4547,3774,5108,7679,5228,3759,4267,4927,4427,4.6689,7.67642,8.5288,48.2613
20138,6247,9753,5921,3997,4878,5487,4575,3664,3768,3790,3610,3451,3284,3324,3429,3196,-25.8798,-7.75635,8.59529,48.2493
20139,3750,3585,3245,3192,5178,4216,3517,3268,9414,5343,3881,3348,7511,5149,3822,3401,11.8324,-32.7256,8.61299,47.88
20140,4070,4503,3846,3498,4808,7139,4960,3694,4770,6838,4727,3677,4169,4244,3878,3507,-0.675328,-7.41579,8.89265,48.2187
20141,5076,4389,3582,3374,8718,4956,3884,3463,7344,4752,3833,3206,4523,4057,3548,3251,-2.23713,-33.4241,8.77202,47.9707
20142,3313,3465,3183,3124,3787,3955,3613,3402,5032,5252,4226,3585,7874,9572,4898,3757,31.8175,-12.1144,8.57279,48.0253
20143,3038,3246,3561,3507,3260,3505,4148,4418,3318,3900,5225,8098,3441,4048,5756,9689,17.1109,25.2789,8.61197,48.1053
20144,3306,3567,3938,3975,3443,3822,5048,5433,3543,4218,6971,7606,3233,3942,4914,5341,6.08473,16.5304,8.73104,48.2
20145,3263,3358,3407,3420,3370,3696,3796,3667,3887,4545,5147,4734,3907,6099,9870,6092,32.7088,7.21197,8.7546,48.172
20146,11757,6099,4009,3460,6724,4878,3807,3425,4028,3749,3385,3242,3328,3319,3252,3050,-23.5259,-29.609,8.57087,47.6747
20147,3425,3804,4854,5118,3527,4197,6832,7549,3369,3920,5180,5690,3218,3539,4001,4023,-4.96741,16.5978,8.67322,48.164
20148,3246,3466,3794,3866,3379,3743,5075,5223,3546,4162,7010,7527,3485,3926,5192,5525,7.37414,16.3354,8.66017,48.11
20149,3399,3428,3364,3112,4108,4150,3686,3354,6172,6721,4294,3550,6979,7784,4611,3655,17.2532,-13.1751,8.58683,48.2447
20150,3082,3159,3537,3277,3157,3407,3804,4008,3350,3820,5232,5813,3358,4125,7601,10851,33.1608,19.5734,8.9331,47.7207
20151,3033,3314,3435,3317,3314,3414,3826,3901,3479,4079,5168,5383,3546,4867,9210,8665,29.7565,14.0745,8.96091,47.9673
20152,5745,6619,4637,3672,6047,7638,4537,3719,4324,4513,3708,3398,3605,3679,3372,3282,-13.1929,-11.224,8.56082,48.33
20153,3306,3377,3219,3026,3947,3804,3509,3274,6391,4892,3745,3342,12295,6157,3982,3348,25.6992,-26.7918,8.8233,47.7427
20154,3344,4003,6038,12411,3318,3861,4751,6374,3184,3403,3797,3990,3118,3200,3492,3405,-25.6411,28.0431,8.76755,47.7927
20155,3760,4117,4097,3711,3978,5735,5955,4163,4137,6120,6234,4219,3723,4136,4209,3790,0.691668,0.72172,8.98368,48.056
20156,5019,8717,7732,4384,4334,5053,4890,4057,3545,3727,3842,3370,3226,3416,3286,3313,-33.4162,-1.55754,8.81293,47.9407
20157,3422,4004,5926,11548,3290,3733,4939,7147,3243,3445,3825,4166,3066,3239,3387,3365,-21.7532,26.8777,8.70417,47.83
20158,3102,3218,3390,3477,3219,3694,3963,4111,3469,4091,5666,6036,3565,4532,8051,8673,21.363,16.157,8.52024,48.1713
20159,6626,5458,3874,3343,8501,6383,4010,3431,5083,4567,3658,3266,3675,3719,3435,3133,-10.7265,-19.6415,8.73139,48.108
20160,3506,3513,3181,3088,4317,3860,3522,3219,7299,5240,3803,3382,10415,6469,3966,3402,20.0041,-22.5523,8.79033,48.1213
20161,3491,3453,3287,3169,3985,4063,3624,3288,5596,6716,4490,3698,6720,8194,4884,3796,18.1592,-11.4961,8.78719,48.3027
20162,3065,3349,3296,3306,3421,3648,3846,3688,3799,4537,5296,4699,4178,6332,9784,5932,27.319,6.12367,8.70275,48.1173
20163,9402,7354,4347,3462,6345,5495,3947,3463,4073,3947,3559,3326,3399,3498,3238,3056,-21.7241,-18.3349,8.6843,47.9407
20164,3083,3176,3397,3476,3182,3562,3992,4449,3471,3698,5064,8242,3340,3864,5546,10158,17.7601,32.2433,8.74397,47.8
20165,3049,3302,3513,3679,3238,3492,3952,4400,3305,3838,5219,8356,3401,3859,5629,9740,17.1409,26.9994,8.60181,47.9813
20166,3019,3276,3405,3388,3342,3457,3871,3808,3501,4048,5183,5309,3570,4842,9195,8358,32.659,13.535,8.68208,47.7147
20167,7348,9580,5393,3926,5057,5486,4236,3572,3706,3756,3590,3481,3228,3355,3254,3162,-25.6873,-10.5777,8.73744,48.0867
20168,4042,5800,8111,5387,3862,4996,6576,4837,3566,3788,4149,3709,3202,3441,3413,3267,-18.142,5.71875,8.64007,48.0973
20169,3189,3334,3540,3531,3189,3548,4061,4364,3450,3808,5635,7564,3374,4060,6354,9240,17.5825,21.6347,8.50104,48.1607
20170,3391,3518,3224,3104,4167,3798,3452,3254,6712,4954,3826,3333,11818,6133,4073,3399,22.6586,-26.2462,8.78865,48.104
20171,3886,5593,9822,6736,3596,4522,5613,4902,3258,3553,3840,3703,3284,3272,3326,3309,-24.4162,9.27939,8.77591,48.1433
20172,3137,3153,3459,3393,3243,3457,3722,3860,3416,3780,4891,6075,3244,3908,6456,12590,28.9525,26.0689,8.79765,47.856
20173,4158,5229,5511,4282,4259,6688,6935,4519,3752,4403,4503,3951,3454,3625,3734,3362,-10.3219,0.685302,8.60375,48.2433
20174,7509,4994,3738,3349,9756,5377,3812,3491,5211,4289,3583,3280,3646,3704,3294,3084,-10.8428,-30.0419,8.64689,48.078
20175,3209,3343,4095,4272,3359,3685,4861,6940,3360,3854,5466,8945,3273,3647,4405,5436,3.67375,24.489,8.50537,48.1
20176,3027,3315,3508,3631,3210,3498,4153,4641,3409,4007,5790,8169,3490,4039,5941,8217,14.9618,20.8229,8.86277,48.03
20177,3612,3429,3245,3094,4194,3873,3530,3089,7191,5016,3843,3350,10997,6128,3964,3416,20.9212,-25.1155,8.64585,47.9807
20178,3204,3198,3494,3536,3370,3496,4026,4530,3413,3863,5066,8605,3474,3809,5636,9397,16.1345,33.5906,8.91838,48.078
20179,3199,3423,3956,4095,3173,3605,4729,6252,3420,3856,5625,9657,3229,3709,4581,5932,6.02801,24.6395,8.89445,48.294
20180,3166,3234,3441,3726,3222,3724,4129,4809,3455,3726,5449,8929,3377,3848,5425,8332,13.9571,24.7282,8.71142,47.9947
20181,3614,3436,3250,3052,4437,3953,3578,3200,8360,5072,3772,3440,9884,5524,4049,3380,17.1951,-27.7298,8.7216,48.0007
20182,9300,5987,3935,3435,7902,5427,3838,3348,4421,4106,3486,3292,3519,3549,3215,3149,-17.1648,-22.8526,8.73179,47.9393
20183,8332,9305,4860,3563,5121,5199,4131,3554,3819,3880,3502,3269,3352,3435,3369,3239,-29.9975,-13.2552,8.55788,47.9533
20184,3264,3338,3259,3155,3684,3750,3641,3331,4668,5357,4525,3764,5979,9667,6429,3983,25.9867,-6.26074,8.90954,47.8627
20185,4581,4347,3606,3281,6854,6063,4059,3404,6748,5913,3935,3452,4465,4342,3652,3274,-0.436033,-17.1769,8.61784,47.984
20186,7911,8445,4834,3655,5907,5796,4198,3573,3905,4064,3635,3474,3404,3375,3313,3112,-21.2982,-14.2363,8.67125,48.4007
20187,3457,3498,3389,3153,3840,4391,3777,3453,5330,7329,4925,3776,5616,7353,5137,3737,15.46,-7.92657,8.84588,48.1073
20188,3146,3410,3640,3615,3419,3874,4304,4308,3727,4754,7796,5590,3673,4663,6847,5512,13.4872,9.14335,8.91676,48.1853
20189,6802,9856,5548,3889,4872,5201,4233,3722,3749,3815,3595,3388,3315,3493,3424,3127,-30.5524,-9.4958,8.70761,48.0193
20190,5545,4802,3626,3288,8742,6146,3904,3398,6024,4899,3707,3294,4053,3908,3423,3191,-5.59318,-19.8355,8.91025,47.9667
20191,5583,4311,3701,3291,9314,5276,3683,3378,6882,4870,3749,3265,4332,3894,3504,3131,-4.33562,-25.8119,8.69609,48.1093
20192,3314,3842,4765,6934,3409,3873,5178,9862,3233,3633,4243,5655,3142,3394,3688,3946,-9.3868,31.2326,8.85993,48.074
20193,3291,3320,3203,3070,3954,3776,3508,3162,6012,4920,3853,3431,11821,7006,4057,3302,28.9821,-22.3371,8.776,47.7907
20194,5212,7773,5885,4146,4816,6770,5154,3954,3716,4197,3869,3449,3356,3441,3364,3242,-17.447,-4.86567,8.83701,48.2293
20195,3570,4263,6150,5964,3626,4494,7599,6633,3432,3861,4576,4485,3170,3407,3612,3635,-11.513,13.1862,8.62763,48.318
20196,8577,5293,3851,3346,9417,5091,3801,3395,4755,4108,3537,3192,3667,3532,3251,3164,-13.679,-30.9617,8.93593,47.9847
20197,6232,5388,3971,3375,8283,6632,3980,3333,4958,4554,3741,3236,3843,3758,3404,3206,-9.93228,-18.4155,8.79715,47.9293
20198,3469,3883,6087,12660,3366,3690,4686,6172,3139,3439,3818,3877,3072,3308,3364,3325,-30.3188,29.4508,8.69022,47.57
20199,3534,4544,6985,6467,3485,4393,7116,6501,3296,3660,4318,4372,3128,3289,3518,3650,-14.6374,13.5769,8.78217,48.1707
20200,3328,3292,3250,3140,3897,3904,3522,3261,5526,5017,3873,3542,10721,7834,4273,3557,29.3873,-19.0091,8.91446,47.958
20201,4400,7168,9334,5173,3999,4805,5039,4347,3564,3672,3808,3698,3269,3421,3428,3295,-32.6702,2.92405,8.78879,48.28
20202,4288,5247,4958,4101,4541,7352,6530,4118,3856,4691,4583,3806,3503,3769,3580,3315,-8.84232,-1.74154,8.73437,48.1587
20203,3168,3404,3398,3240,3654,3774,3752,3391,4262,5372,5033,3998,5273,8756,7223,4472,23.4657,-2.72368,8.90904,48.1133
20204,3087,3414,3873,4107,3361,3696,5094,6092,3344,3928,6064,8893,3278,3820,4691,5537,5.53299,20.7426,8.55693,48.186
20205,3478,3401,3217,3041,4470,3994,3612,3112,8053,5051,3855,3306,10214,5706,4002,3343,18.0939,-26.7551,8.88572,47.9033
20206,4385,3884,3429,3178,6961,4743,3702,3206,9354,5268,3733,3372,5612,4380,3669,3165,4.03102,-27.1978,8.8072,48.0273
20207,3381,3383,3138,3098,3905,3764,3386,3234,6277,4788,3769,3359,12808,5928,3941,3333,27.0066,-30.6591,8.90241,47.6613
20208,5516,9491,6856,4294,4456,5245,4748,3936,3570,3776,3707,3571,3276,3306,3416,3124,-32.7029,-4.32291,8.66177,48.192
20209,5494,4620,3852,3368,8909,5863,3923,3388,6285,4918,3666,3279,4224,3955,3428,3205,-4.94448,-21.4671,8.80099,48.2513
20210,3821,3712,3426,3118,5227,4389,3645,3228,9120,6074,3964,3383,6747,5089,3902,3326,9.9885,-22.0883,8.5492,48.114
20211,3614,3940,3638,3318,4225,5151,4163,3547,5090,8090,5421,3795,4562,5402,4403,3679,7.55316,-6.71369,8.5205,48.0253
20212,4604,4247,3610,3190,7986,4873,3661,3417,8450,4970,3730,3447,4826,4197,3598,3349,1.00119,-33.0948,8.54012,48.1033
20213,3258,3274,3664,3560,3495,3807,4574,4277,3896,4773,7843,5687,3827,4581,6571,5269,12.1748,9.85593,8.52668,48.2373
20214,3123,3282,3374,3511,3215,3498,3871,4096,3372,3977,5323,6690,3458,4162,7297,10052,21.3055,20.0742,8.98264,48.2007
20215,4407,6803,8332,5055,4099,5270,5798,4415,3516,3767,3903,3678,3187,3380,3263,3293,-20.692,2.64031,8.60104,48.1107
20216,3385,3983,5861,11153,3364,3703,5026,7369,3338,3501,3856,4275,3059,3156,3388,3522,-21.0368,28.2734,8.60342,47.9593
20217,5194,4384,3554,3153,9089,5203,3825,3366,7195,4838,3712,3302,4443,3942,3474,3266,-3.30049,-32.6212,8.55886,47.96
20218,5235,4881,3878,3498,7002,7111,4292,3469,5335,5344,3881,3330,3986,3912,3650,3297,-5.81247,-15.2015,8.56625,48.0673
20219,5879,8921,5954,4031,4796,5960,4749,3803,3911,4070,3721,3407,3335,3373,3397,3193,-21.3283,-6.53056,8.77355,48.3333
20220,3729,3728,3461,3364,4385,5101,4205,3462,5424,8176,5103,3712,4744,5618,4371,3721,8.01728,-7.97995,8.80593,48.2027
20221,4329,6100,7001,4784,4102,5688,6600,4522,3568,3987,4122,3833,3345,3345,3553,3435,-15.9541,2.54626,8.64117,48.2093
20222,3502,3507,3332,3124,3999,4015,3746,3363,5356,6738,4691,3715,6271,8046,5069,3772,18.4001,-9.86911,8.71708,48.164
20223,3400,3510,3190,3095,4033,3675,3437,3176,6203,5072,3854,3407,11430,7157,4106,3450,25.6793,-21.3804,8.81762,48.13
20224,3473,3489,3228,3090,4401,3855,3468,3218,7839,5052,3877,3432,10535,5706,3856,3358,18.4102,-29.3438,8.76306,47.918
20225,3238,3570,4190,4647,3362,3735,5211,7576,3329,3772,5458,8150,3266,3750,4294,4912,0.795161,23.0732,8.68011,48.3067
20226,4136,6594,9776,5766,3910,4531,5119,4617,3353,3698,3809,3656,3204,3378,3326,3250,-29.6207,5.5505,8.87587,48.082
20227,4338,4666,3875,3488,5480,7407,4804,3760,4896,6325,4412,3596,3953,4199,3746,3469,-2.14607,-9.1087,8.68658,48.276
20228,6655,10115,5645,3912,4759,5222,4357,3798,3740,3778,3643,3403,3295,3354,3242,3107,-28.3999,-8.45419,8.99359,48.0167
20229,9239,6439,4123,3570,7333,5572,3934,3485,4163,3990,3551,3272,3443,3536,3283,3029,-18.3526,-20.5772,8.68817,47.9747
20230,8644,8790,4565,3565,5435,5123,4195,3536,3935,4006,3598,3243,3396,3302,3268,3263,-33.8281,-14.5308,8.50156,47.9093
20231,10221,8065,4307,3522,5672,5119,3890,3432,3902,3808,3502,3301,3243,3509,3291,3121,-32.1465,-17.8723,8.93266,47.9367
20232,3276,3397,3330,3182,3712,3797,3671,3491,4720,5583,4466,3798,6032,9559,6128,4014,24.9397,-6.84228,8.66449,48.104
20233,3090,3231,3354,3530,3136,3507,3844,4019,3468,3900,5100,5762,3381,4314,7758,10608,26.4171,18.8284,8.96317,48.0013
20234,3596,4581,6455,5865,3588,4579,7754,6077,3394,3781,4529,4302,3173,3326,3549,3600,-12.7745,11.6893,8.89312,48.0993
20235,4178,6810,9601,5414,3813,4654,5141,4402,3388,3664,3732,3756,3243,3269,3475,3363,-31.4341,4.50303,8.90697,47.9353
20236,10213,7599,4276,3543,6025,5038,3923,3466,3987,3738,3492,3264,3406,3383,3261,3177,-25.2488,-19.0803,8.634,47.8607
20237,3113,3366,3324,3232,3394,3535,3823,3678,3679,4403,5185,4758,3939,5967,10100,6492,29.1855,7.96835,8.84059,47.992
20238,3393,4068,6094,12332,3379,3850,4810,6364,3265,3399,3751,3971,3174,3245,3295,3426,-26.231,28.0782,8.73225,47.8773
20239,3257,3311,3434,3281,3680,3817,3753,3593,4220,4984,4762,4049,4915,8755,7583,4634,28.7293,-1.34037,8.67498,48.0187
20240,3383,3532,3289,3218,3760,3734,3634,3326,5006,5350,4278,3678,7049,10030,5264,3746,33.9617,-10.2572,8.76013,48.1847
20241,3394,4189,7304,10698,3403,3906,5152,6300,3211,3621,3819,3969,3034,3272,3446,3450,-23.7681,20.6169,8.82864,48.112
20242,3317,3272,3223,3060,3950,3775,3498,3251,6255,4679,3850,3272,12702,6094,3851,3314,27.4973,-28.0887,8.68123,47.5753
20243,3796,4906,6386,5058,3893,5284,8012,5337,3556,4023,4621,4034,3212,3399,3560,3583,-12.1111,6.79745,8.83646,48.44
20244,3337,3519,3681,3644,3667,4253,4983,4081,3832,5630,8060,4977,3755,4606,5414,4583,8.12842,5.6633,8.74796,48.0147
20245,3490,4224,7752,10662,3396,3959,4976,5752,3384,3544,3770,3866,3193,3262,3420,3324,-29.665,19.1033,8.71992,47.9827
20246,6924,8340,4999,3756,5591,6186,4377,3737,3905,4087,3682,3323,3433,3411,3305,3244,-19.8666,-11.7476,8.50632,48.2
20247,10309,7987,4287,3436,5747,5025,3927,3596,3833,3830,3498,3273,3393,3342,3222,3179,-31.2566,-18.1537,8.74595,47.9227
20248,3039,3312,3454,3387,3309,3737,4001,3771,3693,4640,6208,4876,3976,5613,8880,6279,21.3922,7.8289,8.56898,48.1167
20249,4777,6084,5098,3834,5000,7833,5576,3991,3980,4523,4163,3516,3496,3653,3479,3273,-11.7786,-5.07582,8.63805,48.184
20250,3679,3702,3422,3299,4763,4780,3837,3448,6809,7687,4485,3522,5573,5529,4210,3486,9.79091,-13.3943,8.52925,48.154
20251,3433,4034,5950,6910,3509,4303,6693,7836,3364,3714,4354,4620,3140,3320,3719,3670,-12.5003,17.1808,8.71707,48.3793
20252,3394,3371,3198,3111,3914,3831,3463,3181,5979,4747,3817,3318,12627,6046,3900,3278,30.5551,-28.9907,8.62048,47.45
20253,3348,3450,3402,3181,3797,3957,3868,3459,4610,6260,5265,3976,5109,8101,6280,4354,19.4119,-3.57886,8.73756,48.278
20254,3331,3583,4466,5614,3410,3739,5435,9641,3332,3548,4597,6714,3167,3438,3877,4197,-5.54471,25.1936,8.75394,48.0593
20255,3390,3489,3268,3209,3904,4023,3746,3461,5143,6341,4551,3775,6122,8820,5339,3832,19.7463,-8.51884,8.58623,48.2753
20256,4353,4637,3977,3488,5463,7564,4760,3701,5054,6266,4484,3652,3987,4125,3771,3369,-2.40146,-9.13327,8.72225,48.434
20257,3195,3514,4124,4566,3398,3729,4926,7436,3401,3960,5099,8517,3379,3577,4241,5130,1.75263,25.3684,8.50833,48.128
20258,4255,3774,3401,3184,6717,4729,3755,3265,9646,5482,3793,3326,5649,4507,3650,3253,4.91864,-25.5136,8.99065,48.2573
20259,3462,4268,7673,10750,3475,3991,4903,5816,3115,3530,3755,3850,3048,3237,3433,3380,-29.3438,19.2254,8.61489,47.7907
20260,3164,3421,3755,4005,3364,3616,4495,6127,3454,3748,5184,9885,3354,3711,4680,6060,6.52429,33.0482,8.77113,48.0153
20261,3914,4992,7574,5860,3848,4837,6845,5354,3415,3766,4262,3998,3255,3490,3513,3336,-16.3319,9.09766,8.58966,48.1727
20262,12588,6379,3966,3345,5958,4669,3872,3218,3999,3851,3563,3128,3424,3434,3236,3056,-31.9246,-24.6408,8.91059,47.7907
20263,3217,3873,5733,10633,3288,3720,5119,7934,3329,3406,4013,4360,3089,3247,3464,3503,-18.9391,27.875,8.69622,47.952
20264,6420,5708,3933,3552,8009,6668,4137,3504,5005,4628,3684,3414,3724,3618,3352,3151,-10.8931,-17.8683,8.73964,48.338
20265,3801,5441,9521,6715,3665,4464,5871,4958,3347,3732,3902,3752,3190,3382,3440,3278,-22.9835,9.54433,8.89744,48.306
20266,12598,6029,3922,3409,6061,4615,3873,3369,3934,3763,3339,3378,3486,3451,3207,3166,-32.2924,-28.5309,8.67177,47.7333
20267,4317,7131,9125,5302,4068,4699,5115,4477,3507,3758,3720,3755,3118,3409,3339,3286,-32.2615,3.36141,8.69113,48.084
20268,3507,3884,3949,3728,3863,5038,5943,4395,4113,5705,7196,4786,3620,4177,4506,4152,2.89788,3.77847,8.69012,48.3747
20269,3282,3389,3233,3117,3851,3928,3578,3271,5299,5134,4102,3475,8722,9143,4763,3623,30.0742,-14.4278,8.72731,47.94
20270,3114,3140,3395,3453,3125,3384,3748,3930,3286,3733,4786,5998,3308,4019,6460,12630,29.9039,24.8897,8.96883,47.6727
20271,3368,3449,3384,3129,3686,3895,3623,3399,4800,5097,4362,3736,6676,9797,5685,3854,30.0976,-8.73316,8.59974,47.96
20272,11998,5932,3881,3373,6747,4826,3707,3500,4036,3798,3502,3284,3393,3412,3138,3214,-23.9082,-29.6998,8.56671,47.8273
20273,3257,3419,3622,3473,3578,3914,4522,4146,3784,5352,7751,5206,3831,4743,6563,5043,12.3821,6.84155,8.58658,48.136
20274,3209,3631,4379,5000,3345,3871,5274,8738,3249,3703,4917,7737,3116,3494,4110,4575,-1.65941,25.9685,8.65001,48.232
20275,3428,4209,6709,9589,3417,3931,5513,7119,3283,3518,3988,4280,3137,3172,3384,3499,-19.3557,20.2938,8.79328,48.1173
20276,3055,3213,3409,3566,3146,3468,4039,4338,3418,3881,5292,8067,3323,3922,5903,10110,18.0476,25.2899,8.87617,48.1
20277,3187,3312,3284,3335,3445,3574,3903,3659,3852,4559,5231,4623,4075,6184,9904,6247,29.4391,7.00115,8.88004,48.2493
20278,3404,3535,3422,3228,4065,4323,3772,3415,5881,6914,4607,3637,6342,7532,4657,3758,16.3897,-11.51,8.56896,48.328
20279,3099,3323,3377,3496,3197,3525,3812,3892,3343,3792,4876,6005,3366,3835,6318,12460,33.2446,26.0145,8.73104,47.8107
20280,4108,3983,3481,3150,6021,5065,3753,3491,8273,6343,4000,3463,5507,4748,3741,3318,5.13611,-19.3928,8.68494,48.2967
20281,3232,3938,5909,12823,3392,3732,4740,5944,3257,3437,3804,3844,3149,3302,3351,3443,-31.7856,29.3992,8.81677,47.5313
20282,6335,4918,3769,3273,9307,6030,3927,3311,5672,4552,3605,3281,3939,3748,3385,3204,-8.20916,-21.8787,8.93187,48.1707
20283,3197,3491,3951,4376,3363,3789,5326,6833,3429,3854,5928,8123,3161,3697,4397,5017,2.44328,20.3544,8.77465,47.9547
20284,12139,6532,4031,3399,6252,4783,3779,3309,3919,3658,3474,3175,3408,3396,3169,3085,-26.7328,-24.3802,8.94868,47.672
20285,5202,6313,4789,3675,5651,7905,4941,3774,4219,4574,3983,3453,3553,3678,3378,3161,-11.735,-8.62327,8.69908,48.166
20286,3261,3738,5173,7424,3362,4004,5450,9574,3373,3590,4306,5174,3140,3339,3568,3794,-11.5463,25.5079,8.57658,48.18
20287,3453,3513,3719,3561,3549,4301,4699,4060,4061,5954,7874,4792,3976,4922,5643,4456,9.55285,3.65655,8.86558,48.3553
20288,4574,6674,7174,4790,4289,5813,6209,4361,3563,3977,4011,3682,3328,3357,3382,3255,-17.4499,0.82532,8.70722,48.2927
20289,3077,3403,3861,4232,3372,3734,4940,6327,3405,3901,5978,8710,3290,3703,4651,5616,5.48699,20.8227,8.65415,48.1333
20290,10255,7501,4414,3521,6229,5177,3999,3492,3917,3878,3491,3247,3345,3418,3234,2986,-24.1114,-19.2169,8.55762,48.0693
20291,3653,3761,3461,3363,4271,4879,4033,3491,5619,8301,5048,3775,4764,5945,4521,3637,9.66744,-8.52775,8.94196,48.348
20292,4119,6232,8773,5443,3872,4970,6127,4696,3413,3746,3857,3726,3070,3308,3370,3324,-20.8663,5.33139,8.74662,48.0307
20293,3374,3835,5432,9326,3398,3770,5305,8684,3185,3550,4015,4609,3124,3382,3534,3512,-15.4382,27.6813,8.67858,48.0233
20294,3434,3396,3151,3177,4342,3953,3483,3185,7806,5065,3730,3344,10768,5654,3917,3309,19.2746,-28.8466,8.92292,47.8093
20295,7037,9766,5649,3894,4766,5312,4240,3712,3712,3860,3533,3418,3330,3352,3376,3170,-28.0549,-9.57308,8.81277,48.0847
20296,7611,6195,4092,3471,7711,6259,4044,3462,4527,4195,3568,3208,3637,3492,3270,3168,-14.5876,-18.1848,8.65951,47.94
20297,3421,3402,3362,3213,3747,4010,3864,3501,4546,6298,5400,3978,5052,7797,6386,4327,18.6116,-3.07018,8.74862,48.2027
20298,5784,8847,5776,4009,4747,6061,4806,3843,3738,3992,3703,3471,3303,3448,3323,3165,-20.8722,-6.65051,8.5626,48.0107
20299,12360,5976,3987,3331,6107,4758,3772,3291,3968,3746,3448,3306,3365,3352,3252,3115,-29.6774,-30.9932,8.50292,47.4227
20300,3728,3954,3781,3465,4235,5505,4533,3747,4782,7792,5549,3975,4283,4876,4406,3637,5.13561,-4.55076,8.84691,48.1653
20301,3334,3372,3289,3266,3781,3796,3665,3368,4595,5256,4610,3806,5966,9819,6161,4043,29.4583,-6.24661,8.88543,48.0847
20302,4332,6828,8770,5390,4012,4963,5570,4546,3435,3755,3896,3559,3194,3339,3455,3251,-23.3644,3.66905,8.70863,48.1967
20303,3445,3406,3273,3219,3964,4034,3533,3333,5957,6162,4256,3552,7683,8045,4730,3587,19.6491,-14.0631,8.7442,48.1193
20304,4400,7428,9159,5390,3883,4680,5065,4311,3449,3655,3805,3725,3160,3334,3357,3275,-29.1908,3.1818,8.64783,48.0507
20305,3118,3184,3387,3492,3144,3450,3881,4079,3357,3852,4906,6607,3430,3948,6260,11906,23.7574,26.1655,8.65311,48.0007
20306,3176,3362,3369,3421,3386,3680,3842,3779,3816,4526,5975,4822,3961,5726,9265,6122,21.8915,7.83377,8.85268,48.152
20307,3204,3342,3531,3399,3344,3905,4187,3913,3731,4998,7260,5297,3936,5193,7387,5476,15.5254,7.42775,8.72051,48.0687
20308,4519,7991,8178,4851,4162,4860,5078,4283,3559,3836,3772,3534,3175,3388,3406,3288,-33.3632,0.495673,8.55554,47.92
20309,3147,3300,3572,3552,3435,3924,4412,4181,3709,4811,7571,5638,3706,4913,7169,5703,14.4414,9.18035,8.65593,48.4953
20310,3305,4120,7361,11715,3380,3867,4920,5906,3190,3514,3792,3868,3136,3166,3317,3233,-31.1943,21.3402,8.99533,47.86
20311,3360,3753,5082,7378,3410,3730,5409,9898,3276,3597,4269,5285,3180,3344,3594,3634,-11.0617,27.1005,8.92588,48.1327
20312,4066,6249,9727,6021,3757,4610,5352,4607,3328,3673,3855,3644,3169,3320,3307,3218,-25.9369,6.324,8.68068,47.9353
20313,3463,4055,6249,10165,3385,3835,5372,7538,3327,3488,3969,4274,3046,3135,3453,3503,-19.007,22.6393,8.93569,48.1713
20314,3431,3993,6830,11061,3506,3974,5160,6670,3236,3523,3829,4088,3174,3184,3325,3382,-23.344,22.3844,8.64105,48.244
20315,5078,8643,7209,4553,4357,5525,5068,4120,3594,3906,3734,3502,3192,3375,3357,3171,-22.875,-2.39998,8.83291,48.256
20316,4105,4553,3959,3515,5035,7294,5167,3806,4688,6317,4704,3682,3893,4185,3935,3562,-1.9853,-6.52194,8.86363,48.2667
20317,3758,3630,3619,3296,4670,4975,4095,3507,6489,7855,4553,3557,5184,5436,4149,3530,8.18477,-12.1354,8.56568,48.202
20318,3547,4469,8139,9529,3496,3971,5297,5771,3225,3516,3878,4014,3053,3115,3431,3314,-24.2752,16.8589,8.93948,47.8433
20319,3829,4657,6095,4783,3952,5358,8047,5234,3600,3977,4663,4184,3254,3468,3643,3528,-11.0102,6.59338,8.86207,48.1813
20320,3152,3409,3431,3408,3265,3768,4161,4022,3719,4689,6818,5259,3780,5051,8200,6195,17.8328,9.47462,8.97287,48.218
20321,3577,4543,8252,8372,3434,4175,5822,5966,3340,3625,3974,4019,3078,3225,3500,3391,-21.64,15.2716,8.86304,48.1953
20322,4254,3976,3522,3257,6903,4783,3663,3373,9258,4917,3799,3303,5231,4414,3679,3348,3.61176,-32.8387,8.50039,47.7867
20323,3613,4021,4829,4510,3671,4808,7677,5675,3637,4365,5904,4864,3392,3707,4084,3880,-3.92954,9.03622,8.52808,48.4247
20324,3324,3746,4418,4858,3285,3823,5732,8019,3401,3870,5463,6960,3194,3570,4132,4453,-1.6163,20.2339,8.86028,48.1653
20325,3221,3352,3376,3270,3512,3757,3734,3559,4153,5132,5084,4164,4619,8223,8471,4847,26.2223,0.50419,8.83008,48.316
20326,5511,7575,5233,3859,5231,7241,4993,3817,4004,4127,3884,3399,3417,3472,3295,3173,-15.9007,-7.5849,8.99161,48.154
20327,7197,8907,4996,3749,5369,5959,4359,3678,3880,3987,3693,3492,3323,3443,3376,3088,-21.4076,-11.2236,8.68228,48.3307
20328,3468,3484,3312,3014,4024,3992,3566,3259,5939,5628,4035,3527,8883,8072,4469,3546,21.9883,-16.0729,8.5871,48.1453
20329,9631,6802,4118,3507,6967,5416,3910,3403,4175,4031,3592,3289,3458,3450,3285,2942,-19.4834,-19.7946,8.67964,47.984
20330,4254,5722,6017,4471,4371,6505,6829,4367,3629,4165,4391,3872,3381,3430,3502,3431,-12.996,0.857685,8.71076,48.2247
20331,4433,5640,5426,4061,4394,7017,6738,4305,3721,4418,4367,3882,3472,3534,3547,3453,-11.2667,-0.418221,8.68926,48.272
20332,9526,5565,3801,3367,8407,5033,3834,3479,4461,4015,3520,3191,3587,3423,3273,3178,-16.7392,-28.5128,8.64379,47.7733
20333,5045,8083,6595,4341,4480,6102,5375,3982,3737,3921,3793,3554,3314,3368,3334,3276,-19.6004,-3.07037,8.67407,48.2
20334,3428,3609,3488,3345,3951,4619,4189,3545,4843,7984,5638,3975,4614,6121,5017,3916,11.037,-4.71413,8.99351,48.188
20335,3471,3442,3348,3148,3794,3916,3715,3373,5240,5715,4336,3626,7290,9081,4967,3749,22.4447,-11.3614,8.5502,48.1407
20336,3366,3439,3238,3173,3822,3794,3682,3395,4804,5360,4519,3811,6217,9686,5940,3998,27.3479,-7.36719,8.52285,48.1627
20337,10546,7306,4201,3434,6306,5171,3962,3407,4113,3828,3433,3200,3435,3402,3330,3132,-23.4888,-19.914,8.93178,48.1373
20338,5337,9170,7397,4383,4478,5119,4690,3967,3506,3695,3704,3542,3230,3291,3279,3249,-29.1409,-3.04854,8.81826,48.0247
20339,3491,3500,3093,3201,4546,4062,3467,3149,8920,5156,3892,3462,9472,5494,3820,3384,15.9614,-30.1647,8.94651,48.0727
20340,3150,3265,3520,3516,3189,3419,4023,4417,3448,3880,5540,7793,3429,4043,6104,9268,17.3501,21.5319,8.91675,48.0027
20341,5173,5179,4052,3488,6703,7546,4451,3472,5182,5135,3924,3524,3751,3834,3549,3241,-6.34699,-13.6805,8.55074,48.136
20342,3411,3909,5893,12674,3433,3794,4864,5741,3346,3545,3738,3786,3174,3335,3349,3229,-32.0585,33.8284,8.94641,47.4807
20343,3406,4016,6221,12631,3375,3762,4742,5936,3254,3466,3791,3961,3218,3214,3394,3490,-31.2029,26.7183,8.93486,47.918
20344,3068,3405,3460,3701,3285,3556,4138,4746,3341,3892,5500,8921,3390,3944,5574,8268,13.8368,24.1931,8.79249,48.126
20345,12796,6057,3886,3358,5918,4712,3639,3442,3878,3713,3453,3143,3439,3335,3235,3212,-29.2272,-32.2706,8.93794,47.4773
20346,3036,3260,3427,3537,3322,3652,4183,4132,3568,4263,6525,6306,3632,4668,7573,7058,17.3606,14.0718,8.80231,48.0947
20347,3660,4312,4977,4510,3664,5368,7870,5224,3524,4423,5581,4453,3509,3663,3953,3741,-5.79809,7.20242,8.60232,48.288
20348,3313,3463,3458,3225,3845,3772,3703,3427,4973,6023,4514,3832,6238,8959,5676,3985,21.5905,-8.15403,8.71136,48.2707
20349,3308,3242,3328,3222,3938,3701,3417,3246,6198,4876,3793,3338,12668,6051,3895,3448,27.923,-31.7421,8.64517,47.7793
20350,3370,3433,3382,3420,3650,4041,4089,3785,4301,6056,6380,4342,4345,6271,6905,4514,15.6111,1.25029,8.86394,48.1893
20351,3858,3836,3604,3316,4824,5106,3814,3414,6595,7822,4449,3421,5180,5328,4053,3571,7.57673,-13.1087,8.66536,48.1273
20352,3473,3425,3136,3051,4124,3845,3428,3049,7050,5092,3951,3402,10971,6408,3985,3389,21.7592,-24.7741,8.61688,47.8527
20353,3296,3394,3368,3137,3575,3940,3692,3457,4704,5149,4465,3819,6255,10022,5955,3925,28.4815,-7.19109,8.90847,48.102
20354,3690,5307,9531,7538,3596,4113,5221,5102,3384,3531,3839,3786,3225,3370,3326,3393,-30.6503,11.4962,8.7641,47.968
20355,3242,3504,3648,3424,3491,3991,4289,3909,3927,5361,7631,5017,3943,5161,6905,5064,13.8293,6.11701,8.82726,48.338
20356,3338,3885,6588,12090,3509,3800,4773,6063,3287,3495,3825,3981,3041,3168,3329,3397,-29.6446,24.4441,8.72004,47.7127
20357,3232,3507,3510,3465,3622,4014,4115,3558,4185,6011,6455,4495,4331,6235,6810,4723,15.8214,1.55524,8.76442,48.1787
20358,3310,3914,5643,10242,3432,3869,4969,8183,3266,3514,4043,4364,3131,3206,3375,3500,-17.9795,31.5864,8.65783,47.974
20359,7719,5844,4119,3420,8157,6005,3985,3444,4518,4256,3713,3252,3620,3459,3341,3198,-13.9231,-20.0126,8.69411,48.0333
20360,3346,3515,3582,3477,3577,4111,4598,3885,4034,6054,7558,4579,4002,5272,6109,4647,12.0977,3.83357,8.73134,48.2307
20361,3462,4087,7291,11556,3475,3785,4836,5876,3147,3488,3791,3847,3040,3280,3295,3465,-30.4655,21.5431,8.70675,47.814
20362,3405,3361,3149,3080,3929,3772,3489,3355,6302,4647,3744,3365,12541,5993,4021,3393,27.7302,-30.2953,8.81496,47.6973
20363,3419,3385,3514,3259,3543,4156,4064,3748,4227,5830,6557,4454,4292,6250,6998,4763,15.9574,1.691,8.50673,48.306
20364,12478,6117,3940,3404,6011,4572,3795,3412,3842,3686,3476,3260,3332,3387,3190,3230,-28.3996,-32.7688,8.51345,47.4213
20365,11218,7119,4023,3493,6348,4965,3846,3451,3933,3892,3462,3236,3387,3309,3269,3050,-24.9763,-21.5061,8.97271,48.0007
20366,3977,4030,3663,3241,5229,6017,4307,3500,5882,7459,4658,3543,4576,4752,3991,3362,3.0802,-11.1602,8.59856,48.1247
20367,3675,3493,3399,3145,4627,4196,3589,3296,7457,6659,4135,3489,7135,6110,4188,3411,14.1302,-17.4671,8.70704,48.0027
20368,3347,3491,3562,3507,3457,3983,4637,3910,3848,5456,7827,4974,3836,5025,6347,4970,12.3028,5.81787,8.6776,48.118
20369,3076,3260,3368,3303,3306,3323,3757,3829,3377,3779,4832,6051,3438,3927,6161,12685,27.6263,31.5796,8.79464,47.648
20370,3272,3622,3601,3534,3685,4581,4912,3855,4081,6359,7364,4571,4153,4994,5381,4300,9.10025,1.90821,8.80411,48.1767
20371,4072,6291,9674,5872,3946,4747,5606,4543,3426,3822,3885,3643,3065,3352,3302,3345,-24.4588,5.91242,8.81855,48.394
20372,3504,4081,6556,9376,3460,3935,5653,7286,3361,3484,4054,4273,3083,3171,3517,3525,-18.3812,20.1704,8.92834,48.2127
20373,4257,6460,9630,6084,3784,4492,5340,4622,3437,3593,3853,3627,3167,3225,3401,3330,-28.4163,6.2685,8.72921,48.2013
20374,10949,7292,4149,3450,6394,5169,3890,3287,4079,3931,3313,3225,3362,3411,3182,3095,-23.4012,-20.779,8.98184,48.1187
20375,6360,8063,4989,3729,5529,6927,4568,3645,3942,4182,3774,3317,3472,3467,3327,3150,-17.8644,-10.6596,8.82567,48.294
20376,3974,5222,6647,5016,3976,5346,7568,5126,3573,3893,4482,3892,3192,3495,3540,3386,-13.8645,5.65832,8.57045,48.2187
20377,10976,7675,4200,3514,5947,5075,3878,3392,3869,3829,3511,3180,3477,3336,3206,3128,-27.2359,-19.927,8.98646,48.1287
20378,4067,4145,3559,3407,5370,6203,4163,3391,6205,7336,4500,3529,4523,4534,3727,3478,2.53023,-12.1532,8.90604,48.0913
20379,3480,3375,3253,3133,3869,3855,3589,3360,5538,5293,4122,3455,8476,8811,4776,3588,25.2505,-14.2615,8.78747,47.982
20380,7334,8073,4690,3631,5842,6192,4245,3608,4034,4190,3755,3299,3370,3398,3242,3175,-19.5458,-13.1325,8.53015,48.052
20381,3460,3902,4670,4528,3658,4668,7703,5798,3497,4257,6089,4934,3278,3701,4090,3942,-3.42862,9.93796,8.75872,48.1167
20382,3143,3241,3428,3572,3157,3459,3946,4263,3336,3877,5091,7945,3343,3953,5735,10555,19.0495,28.9043,8.52946,48.0293
20383,3343,3367,3451,3247,3618,4130,3932,3602,4413,6409,5499,4030,4935,7636,6481,4205,18.1284,-2.399,8.98247,48.1987
20384,3494,3791,4991,5735,3517,4017,6704,8153,3359,3744,4946,5391,3354,3537,3830,3986,-6.60844,18.1489,8.67852,48.366
20385,4358,5934,5622,4168,4417,7228,6537,4189,3699,4450,4170,3690,3361,3509,3637,3244,-11.8968,-1.45399,8.87936,48.142
20386,3297,3661,4703,5892,3337,3839,5565,9738,3202,3608,4488,6371,3236,3471,3664,4135,-6.3494,24.7815,8.96439,48.138
20387,3416,3964,6530,12457,3358,3909,4703,6174,3248,3385,3779,3895,3208,3176,3249,3445,-29.2129,26.1653,8.81286,47.9307
20388,12237,5999,3797,3466,5858,4729,3689,3398,3994,3737,3436,3269,3391,3458,3246,3176,-33.4065,-33.8948,8.71425,47.2533
20389,3586,3660,3551,3317,4147,4635,4063,3486,5310,8056,5158,3792,4997,6160,4817,3726,11.8334,-7.37176,8.76127,48.3073
20390,3704,4884,7179,5711,3816,4912,7355,5541,3486,3807,4295,4075,3160,3309,3500,3437,-14.6857,9.0782,8.80715,48.114
20391,4439,4172,3565,3234,7435,4832,3649,3346,8645,5283,3737,3413,5167,4395,3530,3335,1.92156,-25.3944,8.59306,48.118
20392,3373,3465,3158,3036,3885,3699,3433,3210,6214,4663,3853,3385,12789,6061,3860,3406,27.6835,-28.9277,8.99377,47.66
20393,3851,3816,3488,3107,4940,4951,3747,3435,7030,7507,4410,3512,5385,5407,4124,3427,8.5458,-14.5457,8.70833,48.0913
20394,3402,3400,3462,3340,3644,4076,4157,3769,4248,6084,6530,4410,4399,6369,6495,4587,15.4044,0.853369,8.97786,48.248
20395,3439,3834,4674,5301,3356,4008,6581,8341,3397,3836,5055,5869,3193,3498,3955,4173,-5.49398,18.3883,8.84586,48.34
20396,3421,3853,5845,10222,3370,3780,5073,8381,3241,3476,3864,4572,3143,3202,3396,3547,-17.6938,28.1056,8.83616,48.2573
20397,3387,3801,5293,7605,3432,3843,5480,9124,3281,3609,4312,5075,3081,3385,3596,3827,-11.9634,24.6831,8.5487,48.0873
20398,3340,3404,3276,3082,3673,3769,3541,3326,4862,5339,4482,3742,6688,9988,5693,3970,27.1443,-8.78333,8.96739,48.1167
20399,3365,3864,5206,8309,3446,3681,5256,9383,3226,3597,4114,4929,3053,3229,3547,3611,-13.5296,32.1744,8.9674,47.8773
20400,3813,4570,4632,3893,4271,6457,6770,4375,3997,5126,5377,4056,3641,3791,4006,3544,-4.35926,0.762898,8.52988,48.2127
20401,5198,4216,3641,3240,8619,5222,3753,3370,7419,5000,3688,3366,4506,4105,3581,3202,-1.81007,-24.9327,8.59358,48.084
20402,3160,3372,3462,3466,3369,3606,4026,3923,3537,4280,6215,5759,3688,4723,8153,7114,18.8723,12.7745,8.6858,47.902
20403,3482,4130,5986,6432,3573,4368,6916,7560,3351,3769,4471,4675,3161,3268,3604,3797,-11.7892,16.2855,8.81639,48.362
20404,4034,3857,3346,3179,5964,4499,3651,3377,9816,5277,3839,3329,6098,4631,3872,3302,7.15256,-33.1191,8.80403,48.0473
20405,3893,4915,6306,5100,3909,5182,7884,5221,3525,4187,4611,3882,3321,3520,3517,3430,-12.1488,6.93306,8.60043,48.2687
20406,3438,3802,4772,4685,3610,4383,7419,6656,3513,3951,5597,5385,3139,3577,3906,4099,-4.42879,13.8859,8.72824,47.9547
20407,5686,9784,6578,4198,4514,5231,4461,3826,3714,3912,3649,3454,3307,3442,3265,3210,-28.9436,-5.09877,8.64963,48.154
20408,3025,3171,3423,3416,3189,3417,3816,4048,3275,3801,4903,6934,3415,3839,6065,12051,23.2925,28.6974,8.77709,47.8587
20409,3617,4243,5010,4631,3872,5074,8120,5519,3546,4193,5622,4735,3213,3687,3985,3740,-5.85511,8.69591,8.94308,48.538
20410,3173,3292,3428,3328,3163,3465,3710,3898,3318,3898,4983,5856,3416,4091,7054,11483,29.2406,21.878,8.73588,47.704
20411,3241,3285,3347,3351,3539,3604,3652,3567,4010,4927,5220,4348,4638,7809,8481,5054,26.304,1.24844,8.58999,48.0487
20412,5309,4370,3646,3258,9245,5193,3821,3180,7211,4758,3695,3297,4459,4005,3459,3234,-3.06273,-28.0261,8.81134,48.0933
20413,4474,4674,3786,3463,6056,7285,4475,3623,5539,6330,4091,3465,4092,4142,3616,3406,-2.14641,-12.2011,8.83656,48.3447
20414,4610,4228,3596,3168,8015,4900,3685,3396,8354,5080,3770,3442,4937,4168,3569,3152,0.307164,-29.4378,8.51442,48.0467
20415,4818,7619,7490,4702,4319,5511,5564,4191,3529,3959,3835,3541,3299,3422,3340,3276,-20.5999,-0.0790981,8.80326,48.2767
20416,9176,8384,4596,3512,5864,5400,3998,3459,3942,3836,3512,3275,3413,3315,3217,3000,-24.2205,-16.4698,8.84738,47.9327
20417,7937,7548,4424,3593,6505,6175,4084,3556,4164,4095,3563,3442,3474,3426,3383,3147,-18.1449,-15.6986,8.75255,48.344
20418,4154,5041,5469,4307,4195,6426,7440,4624,3734,4363,4710,3881,3381,3620,3747,3576,-9.23535,2.09601,8.55316,48.4453
20419,3304,3402,3235,3058,3737,3987,3756,3365,4726,5561,4362,3734,6365,9649,5852,3902,25.0535,-8.10633,8.74853,47.9967
20420,5080,4630,3781,3255,7528,6515,4035,3421,6103,5473,3885,3470,4315,3945,3625,3167,-3.70593,-17.5583,8.50258,48.152
20421,3331,3655,4627,5623,3432,3877,5725,9186,3241,3709,4768,6281,3138,3405,3887,4027,-5.47379,22.8152,8.78071,47.9413
20422,3565,3689,3641,3451,4027,4922,4551,3796,4445,7397,6471,4186,4122,5256,4820,3986,7.9502,-2.06016,8.72386,48.2167
20423,3269,3790,4740,5808,3311,3856,6066,8943,3298,3712,4755,6009,3201,3365,3935,4050,-6.47303,21.0637,8.72224,48.072
20424,3290,3347,3644,3492,3458,3811,4613,4313,3584,4781,7952,5933,3779,4477,6439,5361,11.8233,10.6374,8.66649,48.1827
20425,4791,7599,7156,4621,4404,5874,5488,4162,3591,3843,3944,3569,3237,3390,3394,3082,-19.8315,-0.922402,8.89732,48.0967
20426,3542,3434,3264,3135,4323,3851,3400,3282,8008,5069,3731,3411,10417,5804,3885,3282,18.456,-27.5014,8.84029,47.892
20427,3271,3620,5086,7194,3446,3775,5444,9811,3263,3527,4359,5494,3022,3216,3723,3845,-9.92516,25.8325,8.96182,48.064
20428,3130,3227,3392,3522,3159,3490,3962,4565,3369,3828,5172,8461,3430,3934,5533,9966,17.1485,28.2589,8.92495,48.0933
20429,8892,5643,3899,3384,8650,5256,3825,3413,4764,4100,3507,3196,3618,3578,3428,3103,-15.3256,-26.4931,8.80189,48.1707
20430,3488,3757,3576,3397,4093,4946,4239,3778,4986,7806,5881,3887,4451,5485,4661,3829,8.47095,-4.83939,8.79782,48.1733
20431,3161,3219,3280,3313,3355,3481,3741,3732,3644,4359,5173,4724,3889,5743,10022,6597,30.2802,8.44361,8.92279,47.622
20432,3098,3260,3693,3791,3250,3555,4144,5034,3314,3878,5328,9264,3320,3927,5411,8124,13.2712,26.596,8.75639,48.2607
20433,3640,4017,3793,3677,4156,5509,5181,3803,4324,6991,6313,4153,3967,4650,4459,3724,3.97559,-1.81937,8.93166,48.238
20434,3430,3789,4152,3915,3650,4452,6211,4830,3644,4794,7496,5421,3540,3964,4693,4370,2.85038,8.7613,8.53944,48.234
20435,3146,3324,3411,3371,3393,3658,4080,3968,3661,4443,6593,5748,3642,4859,8254,6889,18.6613,11.8274,8.98979,48.2933
20436,3138,3332,3496,3384,3337,3764,4234,4098,3726,4700,6941,5641,3785,4924,7816,6157,16.5041,10.3571,8.61498,48.3153
20437,3293,3678,4455,5587,3272,3882,5169,9741,3306,3640,4623,7006,3205,3439,3830,4312,-4.15695,31.1325,8.84073,48.292
20438,3379,3932,6034,11839,3296,3795,4967,6874,3246,3443,3821,4102,3052,3241,3392,3473,-22.916,27.2914,8.98471,47.924
20439,8978,6090,4067,3483,7985,5580,3981,3428,4490,4054,3576,3202,3498,3472,3276,3168,-16.3296,-21.5058,8.66928,48.2187
20440,3704,4308,4453,3978,3882,5746,6931,4560,3825,5147,6170,4327,3628,3892,4179,3812,-2.192,3.41816,8.51235,48.3613
20441,3134,3350,3453,3457,3353,3484,4033,4458,3354,3848,5018,8515,3407,3914,5598,9488,16.5917,33.8499,8.8989,47.9093
20442,3106,3408,3601,3561,3140,3617,4251,4383,3492,4076,6372,7355,3590,4290,6250,7759,15.4499,18.2453,8.55951,48.1673
20443,3233,3516,4372,5338,3346,3738,5374,9205,3261,3850,4838,7009,3276,3443,3977,4325,-3.61747,24.2662,8.55084,48.0673
20444,3615,4607,8241,8178,3516,4138,5790,5962,3308,3516,4033,3970,3145,3320,3480,3430,-20.8334,14.7631,8.72986,48.166
20445,4006,3799,3484,3148,5316,4898,3741,3291,8005,6761,4080,3441,5688,5211,3793,3481,7.51741,-17.6053,8.67943,48.0953
20446,7720,9723,5212,3719,5101,5435,4200,3742,3748,3786,3487,3312,3364,3305,3301,3206,-25.656,-12.0395,8.95463,48.2407
20447,3477,3955,6141,12041,3374,3762,4802,6485,3214,3410,3782,4001,3168,3221,3366,3427,-24.1789,33.9306,8.53718,47.7507
20448,3496,3422,3362,3181,4236,3861,3463,3329,7860,5025,3918,3419,10209,5743,3957,3361,18.2372,-33.4274,8.75963,47.8947
20449,3713,3741,3568,3381,4296,5016,4226,3639,5067,8018,5513,3815,4614,5505,4506,3688,8.65432,-6.00226,8.53656,48.204
20450,3115,3405,3601,3501,3370,3717,4465,4252,3700,4453,7434,6026,3806,4564,6999,5938,13.9368,11.562,8.66169,48.2307
20451,3148,3274,3447,3474,3225,3499,3972,4618,3392,3796,5188,8384,3352,3892,5618,9716,16.7238,28.6541,8.75659,47.9967
20452,3525,3875,3836,3558,3833,5006,5595,4167,3991,6011,7404,4556,3808,4300,4643,4183,4.03542,2.76689,8.96128,48.194
20453,3403,3861,5867,11359,3407,3763,4877,7298,3279,3519,3854,4091,3182,3287,3414,3431,-20.6147,30.4949,8.78212,47.928
20454,3226,3352,3564,3338,3769,4148,4270,3741,4144,6137,7113,4568,4194,5816,6466,4658,13.7046,2.57388,8.885,48.336
20455,3628,4369,5729,5015,3776,4938,8125,5779,3512,4088,5010,4315,3272,3444,3723,3607,-9.89595,9.32582,8.54381,48.22
20456,4596,6980,6268,4322,4468,6466,5982,4185,3692,4187,4061,3599,3303,3473,3400,3356,-16.1845,-1.56072,8.91881,48.2253
20457,3470,4011,5226,6286,3411,4089,6473,8451,3360,3641,4544,5199,3201,3423,3666,3851,-9.70659,19.1066,8.50949,48.2013
20458,5725,5144,3860,3392,8404,6704,4022,3429,5577,4738,3822,3388,3886,3746,3396,3166,-7.55418,-18.411,8.93662,48.266
20459,3234,3349,3234,3176,3900,3929,3586,3384,5168,5402,4191,3593,7569,9460,4994,3714,33.8985,-11.9406,8.67705,47.922
20460,8343,8517,4777,3662,5805,5631,4236,3503,4051,3823,3533,3370,3426,3478,3220,3144,-22.3736,-14.9703,8.71229,48.346
20461,4716,4540,3777,3395,7591,6320,3996,3287,6521,5542,3940,3256,4497,4055,3759,3287,-2.1059,-18.0806,8.92676,48.3193
20462,3120,3247,3592,3710,3261,3507,4163,4931,3364,3842,5206,8988,3366,3988,5275,8488,13.7146,27.9565,8.55306,48.032
20463,3082,3184,3427,3339,3440,3607,3868,3846,3643,4282,5534,4885,3817,5349,9743,7100,25.8834,10.3064,8.85717,48.0973
20464,3237,3422,3199,3094,3777,3753,3507,3279,5100,5277,4289,3587,8001,9435,5039,3725,29.9407,-12.6901,8.63033,47.814
20465,9278,5545,3872,3412,8715,5135,3934,3367,4665,3988,3525,3239,3501,3454,3259,3128,-15.9647,-27.3167,8.51799,48.0113
20466,3628,3549,3337,3197,4609,4319,3637,3282,7406,6746,4188,3525,6779,6328,4089,3626,13.6324,-16.4714,8.78071,48.1633
20467,3215,3555,4098,4355,3365,3665,4925,7060,3570,3767,5575,8704,3359,3644,4519,5164,2.90937,23.0484,8.52643,48.36
20468,3106,3280,3326,3602,3224,3635,4104,4544,3545,3733,5086,8519,3346,3923,5477,9417,16.5951,31.617,8.71127,47.9113
20469,3402,3372,3314,3113,3883,3749,3304,3222,6137,4833,3793,3378,12246,6485,3964,3391,27.7925,-25.8892,8.52519,47.724
20470,3796,5378,9113,6458,3821,4416,6212,5161,3409,3644,4070,3751,3101,3245,3430,3427,-20.7509,9.40869,8.86079,48.288
20471,3542,3362,3236,3102,3847,3698,3422,3172,6124,4778,3689,3335,12657,6108,3856,3399,30.2294,-29.7697,8.63614,47.5513
20472,8495,5269,3844,3438,9305,5283,3720,3387,4864,4089,3520,3250,3635,3426,3287,3131,-13.5759,-30.1606,8.89413,47.962
20473,3440,4017,7290,11074,3269,3808,4958,5862,3305,3511,3779,4009,3133,3239,3486,3509,-30.3185,20.8753,8.70809,47.7927
20474,3367,3360,3215,3161,4168,3884,3456,3289,6640,4919,3725,3267,12148,5968,3850,3378,23.5399,-28.8049,8.85874,47.8633
20475,5805,5370,4083,3417,7439,7197,4334,3502,5021,4792,3741,3410,3753,3810,3490,3191,-8.84742,-15.4635,8.59209,48.2367
20476,11279,6542,3992,3353,6671,5071,3905,3447,4115,3806,3497,3212,3523,3418,3153,3028,-23.3042,-23.1771,8.73645,48.008
20477,3174,3393,3669,3737,3308,3514,4282,5266,3311,3825,5198,10047,3332,3764,4932,7326,10.4442,31.9349,8.9828,48.052
20478,3269,3681,4358,5431,3386,3962,5236,9416,3337,3669,4674,6887,3227,3540,3860,4215,-3.94561,25.8399,8.70064,48.0987
20479,9772,6137,4001,3499,7667,5354,3948,3448,4425,3959,3550,3215,3593,3490,3236,3096,-18.0997,-23.1425,8.54931,48.26
20480,3392,3875,5189,7828,3355,3938,5609,8901,3251,3639,4266,5135,3168,3268,3582,3620,-12.5284,24.4708,8.6598,48.0107
20481,3937,3900,3458,3276,5477,5283,3858,3394,7405,7102,4128,3548,5238,4931,3833,3379,5.73884,-15.8266,8.71481,48.098
20482,5656,9383,6754,4255,4555,5104,4632,3812,3644,3728,3637,3412,3349,3412,3311,3154,-29.0367,-4.7788,8.52487,47.8653
20483,8529,9091,4765,3567,5296,5279,4253,3474,3829,3829,3558,3237,3390,3445,3308,3209,-32.1705,-14.0009,8.66913,48.0393
20484,3321,3658,4504,4667,3459,3958,6296,7100,3483,3965,5958,6359,3254,3619,4212,4470,-1.05049,16.9179,8.82365,48.1887
20485,4400,6998,9158,5353,3955,4681,4987,4442,3571,3634,3750,3534,3174,3261,3423,3307,-30.4179,3.27563,8.52723,47.752
20486,3276,3414,3736,3848,3311,3738,4721,5021,3557,4189,7153,7701,3464,3992,5302,5728,9.15265,16.2263,8.88327,48.1007
20487,3223,3324,3682,3369,3475,3926,4252,3927,3935,5239,7546,5017,3874,5273,7037,5076,14.4867,6.0369,8.93291,48.1167
20488,3315,3354,3278,3129,3787,3941,3676,3473,4759,6153,4814,3813,5739,8948,5909,4037,20.5033,-6.4012,8.71268,48.0833
20489,3191,3343,3480,3551,3269,3555,4084,4573,3352,3814,5239,8876,3334,3858,5439,8969,15.0268,33.6075,8.60731,47.9513
20490,3146,3328,3371,3401,3173,3364,3801,4110,3351,3843,5085,7293,3462,4038,5799,11198,21.3616,32.9728,8.50659,47.842
20491,3238,3444,3520,3366,3619,4018,4059,3651,4067,5632,6356,4367,4440,6458,7428,4885,17.5865,2.25588,8.91394,48.3653
20492,3192,3266,3335,3284,3590,3714,3714,3605,4189,4916,5157,4353,4483,7756,8886,4876,32.9725,1.58506,8.86537,48.2107
20493,3263,3335,3253,3176,3719,3845,3653,3448,4584,5530,4569,4097,5689,9513,6463,4286,24.5896,-5.43296,8.8549,48.282
20494,8321,5143,3829,3251,9296,5134,3845,3416,4881,4132,3561,3237,3582,3575,3216,3187,-13.3853,-31.8106,8.72948,47.7373
20495,3342,3417,3257,3210,4014,3895,3467,3225,6372,4778,3773,3373,12136,6048,3943,3408,24.5485,-33.675,8.9285,47.772
20496,3447,3466,3570,3499,3744,4300,4451,3859,4306,6424,6944,4502,4233,5542,5929,4334,11.9299,1.0551,8.64612,48.3667
20497,6489,5770,4094,3479,7646,6890,4146,3508,4840,4542,3696,3463,3662,3645,3449,3197,-11.5482,-16.5132,8.72455,48.344
20498,3136,3153,3490,3458,3240,3479,3669,3980,3359,3831,5008,5895,3411,4203,7538,11014,28.5485,19.8058,8.81513,47.9093
20499,5000,8174,8063,4655,4157,5150,5100,4201,3530,3644,3844,3489,3291,3378,3315,3276,-24.9565,-0.522069,8.9385,48.178
20500,3434,3414,3322,3133,3729,3912,3657,3363,4533,5240,4528,3741,6012,9793,6190,4008,33.2701,-6.32754,8.66451,48.006
20501,4690,4110,3453,3242,7782,4803,3744,3348,8688,4969,3779,3333,5134,4275,3564,3289,1.67004,-30.2516,8.63492,48.1353
20502,4523,6878,7446,4886,4163,5596,5948,4394,3548,3840,4092,3679,3201,3476,3323,3260,-18.9233,1.33021,8.59437,48.1687
20503,12525,6095,3829,3379,6024,4650,3766,3301,3868,3786,3481,3243,3409,3408,3217,3138,-31.4818,-30.2331,8.53406,47.4127
20504,4663,3937,3538,3288,7620,4981,3778,3317,8789,5022,3781,3320,4916,4147,3580,3213,1.39326,-25.5713,8.9525,47.9267
20505,3275,3860,5017,5903,3479,4021,6300,8498,3394,3712,4783,5664,3155,3345,3892,3914,-7.2792,19.5897,8.53869,48.1413
20506,3780,4132,4060,3637,4208,6133,5478,3960,4390,6420,5868,3987,3846,4436,4174,3668,0.851599,-1.67391,8.84429,48.118
20507,6617,8278,4960,3690,5586,6502,4460,3608,4085,4075,3680,3330,3383,3484,3238,3127,-18.7797,-10.9653,8.93096,48.0687
20508,3198,3323,3374,3609,3290,3567,3973,4772,3325,3843,5224,9010,3337,3847,5331,9023,15.0336,29.7428,8.76112,48.0307
20509,5551,9303,7063,4279,4311,5021,4703,3883,3748,3785,3691,3496,3375,3364,3387,3207,-31.6138,-3.77725,8.78308,48.1113
20510,3342,3739,4696,6606,3403,3793,5178,9814,3296,3618,4551,5877,3138,3354,3737,4058,-8.02728,30.2032,8.72041,48.1333
20511,6346,9636,6059,4006,4750,5449,4506,3755,3669,3747,3679,3354,3296,3330,3234,3115,-26.4519,-7.52027,8.79546,47.954
20512,3376,3627,3555,3543,3782,4485,4675,3903,4230,6301,7306,4569,4087,5073,5387,4383,9.64472,2.11001,8.80951,48.188
20513,3245,3769,4711,5508,3350,3953,6007,8689,3406,3791,4918,6298,3210,3448,3950,4136,-4.832,20.4628,8.92838,48.2593
20514,3186,3294,3340,3350,3315,3536,4087,3959,3549,4241,5929,6139,3451,4564,8019,8353,20.3783,15.5852,8.7983,48.208
20515,3416,3735,4572,5105,3397,4080,6470,7927,3337,3902,5318,6119,3182,3558,3919,4185,-3.90568,18.2492,8.64109,48.148
20516,4290,6724,8386,5113,3981,5179,5771,4561,3496,3844,4017,3682,3251,3381,3366,3260,-21.4379,2.98078,8.72339,48.2013
20517,5080,5253,4019,3585,6780,7621,4479,3571,5011,5270,3917,3359,3845,3804,3559,3357,-6.67625,-13.2492,8.50169,48.34
20518,3625,4880,8538,7632,3459,4386,5903,5722,3262,3624,4026,3932,3071,3252,3442,3342,-21.0473,13.2839,8.60804,48.064
20519,3094,3391,3569,3649,3373,3659,4433,4458,3572,4366,7164,6847,3594,4404,6451,6372,13.0472,14.3867,8.58866,48.264
20520,3238,3484,3455,3383,3437,3934,4103,3829,3867,5100,7018,4826,4000,5400,7888,5404,16.9211,6.30393,8.80682,48.244
20521,3223,3202,3361,3301,3316,3569,3834,3779,3817,4339,5326,4764,3941,5870,9877,6657,27.5818,8.55552,8.77389,48.1173
20522,4214,4720,4286,3684,4842,7391,5607,3913,4477,5690,4785,3754,3810,3926,3738,3519,-4.3404,-4.68358,8.63853,48.2373
20523,4213,4660,4126,3524,5042,7287,5182,3826,4629,6240,4784,3752,3946,4061,3686,3461,-2.65262,-6.42896,8.84664,48.2793
20524,3133,3152,3528,3542,3209,3523,3996,4478,3308,3828,5141,8502,3363,3872,5599,9959,16.8796,28.8186,8.99777,48.0887
20525,3120,3255,3309,3488,3244,3386,3810,3908,3337,3975,4980,5853,3420,4153,7170,11354,29.5168,21.4196,8.76114,47.8413
20526,10898,7017,4182,3453,6097,5159,3957,3489,3883,3841,3538,3294,3409,3271,3302,3122,-24.9976,-21.2132,8.55074,47.9413
20527,3036,3301,3559,3641,3223,3578,4256,4936,3360,3918,5702,9188,3431,3880,5315,7852,12.636,23.8264,8.95217,48.1173
20528,4203,4261,3661,3335,6108,6181,4064,3495,6389,6807,4221,3543,4400,4488,3836,3271,1.58678,-14.2221,8.87243,48.1753
20529,5311,4955,3957,3435,7270,7278,4279,3540,5394,5136,3975,3369,3966,3866,3499,3266,-5.97033,-15.1434,8.88914,48.3307
20530,7824,6234,4073,3442,7734,6057,4103,3445,4522,4209,3607,3212,3601,3570,3275,3066,-14.9393,-18.9782,8.501,47.9827
20531,3530,4314,6575,7348,3520,4245,6598,7059,3266,3739,4337,4465,3182,3239,3397,3434,-15.2544,16.3136,8.96393,48.1653
20532,4378,4101,3757,3382,6369,5731,4046,3435,7140,6456,3965,3488,4704,4495,3705,3398,2.03248,-16.7429,8.9589,48.3667
20533,11272,7412,4073,3394,5878,4937,3832,3353,4027,3962,3367,3316,3325,3391,3154,3062,-33.0452,-20.9562,8.87823,47.8367
20534,3324,3571,3727,3589,3569,4218,4829,3944,3988,5776,7598,4746,3939,5089,5825,4502,10.5647,3.94758,8.71021,48.156
20535,5845,4639,3690,3276,9386,5927,3803,3345,6204,4702,3662,3339,4002,3858,3361,3244,-6.61832,-22.2741,8.96339,48.1887
20536,3282,3406,3296,3079,3765,3944,3612,3362,5197,5808,4304,3721,6901,9407,5415,3812,22.9187,-9.74759,8.85738,48.2073
20537,6297,4651,3705,3214,9820,5181,3850,3425,5997,4432,3719,3297,3973,3772,3358,3132,-7.71204,-30.9369,8.70191,47.882
20538,3323,3561,4489,5637,3425,3751,5071,9733,3286,3805,4623,6598,3263,3503,3926,4204,-4.8347,32.9431,8.76567,48.132
20539,3492,3617,3797,3617,4021,4902,5135,3971,4195,6511,6980,4425,3961,4725,4787,4067,5.69263,1.03213,8.922,48.1353
20540,3130,3199,3391,3299,3378,3587,3875,3758,3759,4340,5393,4959,3996,5606,9775,6696,26.2531,8.85707,8.59258,48.094
20541,3285,3596,4240,4467,3462,4173,6319,6460,3459,4118,6257,6656,3403,3804,4417,4601,0.158107,15.8373,8.65402,48.478
20542,4909,4965,3946,3427,6677,7427,4402,3456,5167,5597,3933,3373,4033,3901,3586,3284,-5.11047,-13.5931,8.79709,48.0553
20543,3250,3353,3434,3239,3304,3678,3887,3761,3872,4762,5942,4786,4137,6053,9087,5732,21.7317,6.42914,8.81327,48.1847
20544,4125,3789,3480,3191,5499,5302,3840,3337,7360,7066,4184,3408,5218,5029,3855,3415,5.42329,-16.0751,8.72589,48.0653
20545,2980,3251,3541,3606,3254,3520,4104,4750,3396,3840,5357,9040,3355,3879,5370,8792,14.6947,27.8146,8.79851,48.0233
20546,4354,5422,4526,3859,4834,8023,5745,3957,4144,5025,4228,3610,3613,3743,3559,3333,-8.45601,-4.86122,8.68893,47.9833
20547,3754,4896,8049,6854,3622,4357,6617,5830,3422,3658,4153,4014,3129,3273,3535,3455,-18.3166,12.1533,8.53344,48.412
20548,3205,3269,3539,3608,3328,3540,3995,4450,3403,3940,5641,7563,3357,4139,6409,8528,16.6419,20.1883,8.6868,47.9427
20549,3307,3776,4726,6595,3424,3833,5484,9812,3262,3624,4382,5736,3064,3379,3834,3903,-8.27426,25.7207,8.56626,48.094
20550,3077,3195,3341,3345,3252,3419,3818,3907,3297,3861,4722,5924,3420,3880,5938,12532,32.3785,31.5363,8.80777,47.2853
20551,4675,5006,4135,3512,5709,7857,4810,3613,4864,5628,4242,3686,3854,3946,3547,3236,-5.06367,-10.1213,8.65545,48.2133
20552,3363,3334,3354,3127,3851,3795,3568,3329,5053,5266,4209,3583,7832,9339,5218,3665,27.8457,-12.2179,8.52944,47.924
20553,3421,3461,3232,3076,3953,3831,3595,3423,5353,5720,4232,3616,7531,9214,5002,3683,23.0971,-12.2911,8.83259,48.2287
20554,3438,3420,3254,3282,3947,4149,3726,3399,5471,6794,4678,3837,6012,7970,5045,3911,17.2532,-9.64353,8.51547,48.222
20555,3674,3753,3587,3322,4410,5239,4070,3456,5504,8277,5025,3736,4679,5395,4214,3672,7.59785,-8.32492,8.89321,48.0087
20556,3136,3433,3721,3795,3295,3590,4414,5402,3374,3925,5293,9754,3307,3928,4739,6702,9.47836,32.8436,8.60109,47.872
20557,3613,3759,3595,3460,4156,5006,4307,3644,4999,7694,5423,3825,4651,5434,4462,3891,8.38493,-6.02353,8.54172,47.946
20558,3376,3522,3567,3495,3525,4200,4607,4006,4026,5871,7524,4754,3942,5214,6103,4566,11.2148,3.74564,8.5353,48.1987
20559,3355,3888,5983,12475,3277,3741,4827,6053,3257,3402,3801,3886,3138,3204,3436,3323,-33.5108,28.39,8.71714,47.364
20560,10408,7776,4288,3474,5944,5184,4001,3456,3996,3862,3444,3269,3304,3439,3164,3082,-25.5374,-19.0522,8.95157,48.0607
20561,3130,3392,3614,3834,3351,3496,4302,5296,3369,3870,5157,9866,3442,3796,4926,7140,10.4552,30.5162,8.86843,47.9873
20562,3422,3938,6347,12078,3533,3752,4776,6493,3182,3416,3807,3943,3191,3231,3347,3382,-25.2311,26.2308,8.79436,47.892
20563,5204,4371,3683,3262,8713,5452,3867,3356,7132,4895,3733,3302,4407,3969,3515,3233,-2.79192,-23.0869,8.81908,48.0627
20564,3155,3254,3401,3419,3244,3440,3682,3957,3396,3686,4883,5943,3383,4015,6678,11950,31.1473,23.5027,8.73659,47.6573
20565,3215,3421,3406,3250,3556,3872,4118,3768,4066,5536,6340,4647,4314,6447,7562,4740,17.6079,2.32457,8.92184,48.172
20566,3182,3252,3354,3468,3263,3576,3797,3958,3475,3986,5366,6064,3459,4368,7728,9984,23.6039,18.542,8.62839,48.1867
20567,11839,6808,4017,3351,6175,4933,3805,3351,3980,3862,3484,3228,3410,3371,3121,3036,-26.7898,-22.9515,8.97853,47.8473
20568,3316,3908,6043,12271,3408,3754,4880,6421,3313,3476,3847,4023,3148,3206,3378,3408,-25.8663,27.6584,8.75073,47.8667
20569,3068,3335,3297,3257,3536,3763,3760,3484,4040,4776,5109,4272,4342,7300,9300,5256,30.8882,2.76462,8.94837,47.93
20570,3517,4452,7718,8720,3540,3990,5725,6292,3339,3518,3958,4041,3123,3294,3545,3457,-20.9321,16.6858,8.68675,48.1527
20571,4953,6340,4861,3753,5169,7814,5486,3860,4129,4521,4141,3523,3543,3475,3473,3279,-11.6536,-5.81784,8.63079,48.2133
20572,5157,8948,7525,4444,4245,5396,4844,3952,3509,3700,3715,3593,3215,3351,3346,3242,-24.9807,-2.3578,8.90016,48.1213
20573,3889,3989,3550,3437,4631,5844,4429,3441,5538,7770,4951,3717,4379,4833,4168,3617,4.49731,-8.18564,8.802,48.122
20574,3581,4760,7226,6106,3501,4517,7359,5988,3397,3721,4311,4225,3182,3317,3512,3571,-15.1953,11.841,8.74846,48.1827
20575,3581,4537,6859,6159,3570,4531,7395,6121,3396,3813,4359,4290,3343,3449,3536,3615,-14.0553,11.8805,8.83448,48.3693
20576,9706,6560,4050,3510,7327,5398,3913,3354,4248,4066,3547,3247,3333,3363,3305,3087,-19.0397,-21.4626,8.97198,48.0093
20577,3139,3241,3464,3306,3359,3419,3692,3787,3345,3828,4675,5939,3415,3932,6066,12773,28.4773,31.818,8.81779,47.5867
20578,3900,4978,7177,5523,3863,4877,7410,5454,3485,3785,4379,3925,3200,3370,3569,3464,-14.8556,8.19577,8.81834,48.2393
20579,4000,6335,10010,6038,3917,4529,5406,4582,3449,3654,3793,3641,3052,3229,3305,3237,-26.7447,6.30509,8.99876,48.118
20580,3060,3248,3317,3330,3206,3439,3757,3963,3303,3917,4843,6001,3514,4147,7364,11321,29.3822,21.18,8.65508,47.82
20581,3228,3323,3516,3502,3416,3754,4197,4163,3612,4473,6878,6109,3610,4674,7358,6434,16.145,12.0614,8.55818,48.1647
20582,5819,4716,3678,3237,9811,5217,3693,3478,6567,4551,3662,3226,4144,3816,3523,3272,-5.48432,-29.1293,8.79118,48.2733
20583,3598,3456,3231,3166,4625,4067,3520,3343,8910,5133,3785,3488,8962,5249,3907,3387,14.6876,-32.1506,8.98981,47.8847
20584,3466,4312,7738,10912,3412,3912,4935,5658,3209,3540,3851,3909,3171,3257,3249,3312,-30.8585,19.4434,8.85739,47.8953
20585,3195,3401,4023,4375,3371,3802,4790,7331,3358,3916,4999,9030,3215,3541,4337,5067,2.26732,29.0172,8.52355,47.834
20586,3322,3489,3266,3193,3708,3771,3571,3306,5141,5145,4195,3565,8604,9307,4827,3659,29.8363,-13.9031,8.75433,48.046
20587,3181,3230,3384,3314,3442,3694,3788,3703,3871,4570,5195,4612,4056,6311,9741,5969,32.7388,6.25504,8.68861,48.0407
20588,3578,3549,3325,3132,4519,4041,3559,3256,8513,5047,3878,3401,9538,5482,3711,3421,16.4154,-29.4811,8.69383,47.9667
20589,4423,7154,8833,5268,4078,4976,5367,4401,3527,3720,3775,3655,3094,3373,3318,3304,-24.5348,2.72134,8.62945,48.1773
20590,3293,3608,3620,3560,3613,4098,4756,3932,3996,5854,7638,4925,3834,5056,5925,4566,10.8394,4.32393,8.50859,48.1827
20591,3127,3432,3314,3215,3540,3643,3768,3504,4188,4949,4876,4003,5090,8937,7835,4531,29.3309,-1.61526,8.94308,47.968
20592,9181,5345,3873,3385,8690,4976,3898,3289,4571,4047,3480,3239,3488,3531,3257,3118,-15.6585,-32.513,8.84151,47.5787
20593,11424,5807,3874,3403,7171,4940,3858,3429,4120,3848,3465,3258,3372,3411,3119,3152,-21.3747,-31.6528,8.83933,47.7673
20594,3210,3256,3391,3376,3487,3653,3864,3732,3796,4591,5525,4808,4015,5856,9657,6150,24.1943,7.28731,8.92298,48.2447
20595,3726,5345,9871,7406,3636,4192,5277,4860,3320,3591,3774,3734,3190,3354,3443,3362,-31.7657,10.8555,8.77704,48.054
20596,5839,9884,6303,4118,4504,5263,4567,3808,3652,3814,3612,3279,3352,3328,3264,3252,-30.4485,-5.65505,8.87599,47.8927
20597,3265,3353,3404,3130,3650,3806,3573,3563,4234,5126,4742,4131,5299,8986,7244,4495,27.7186,-2.85352,8.68215,48.0007
20598,3480,4249,5853,6030,3477,4426,7359,7264,3279,3836,4569,4732,3098,3337,3638,3767,-10.888,14.9869,8.84387,48.2627
20599,3964,4128,3689,3318,5024,6124,4334,3714,5514,7441,4715,3640,4412,4765,3958,3519,3.30801,-9.21614,8.53811,48.1727
20600,12541,5868,4075,3386,6035,4791,3723,3421,3829,3849,3448,3277,3456,3404,3243,3134,-29.5905,-31.7899,8.57841,47.6533
20601,3178,3272,3309,3329,3168,3446,3783,3890,3418,3849,4833,6124,3357,4043,5983,12187,26.2649,33.1808,8.6899,47.446
20602,4668,6902,6242,4368,4475,6525,6040,4246,3705,4203,3909,3596,3327,3494,3513,3180,-16.2482,-1.26294,8.88128,48.262
20603,3053,3220,3458,3431,3275,3499,3871,3782,3529,4178,5137,5420,3604,4540,9059,9041,30.8588,15.0889,8.88692,48.0647
20604,3430,3670,4246,4410,3472,4254,6409,6214,3530,4220,6581,6214,3417,3720,4301,4442,0.165954,14.2846,8.61562,48.3533
20605,3483,3851,4483,4429,3664,4628,7303,5573,3551,4322,6502,5393,3301,3705,4281,3991,-1.69423,10.7208,8.56192,48.3067
20606,3551,4386,7928,9867,3383,3971,5288,6000,3240,3504,3925,3988,3057,3241,3455,3405,-23.5254,17.3864,8.90337,48.126
20607,3357,3843,6167,12947,3257,3825,4666,5978,3222,3495,3772,3869,3230,3138,3326,3453,-30.2721,28.3577,8.9455,47.6967
20608,3891,4228,3993,3585,4480,6505,5323,3898,4439,6463,5382,3976,3884,4191,4081,3668,0.315236,-3.37524,8.94337,47.9913
20609,3278,3336,3298,3109,3856,3871,3518,3323,5446,5239,4119,3673,9429,8425,4512,3596,29.5725,-16.1614,8.53358,48.0187
20610,6319,4729,3815,3352,9596,5466,3964,3371,5920,4377,3572,3310,3953,3752,3383,3207,-7.49349,-25.7997,8.57174,48.0573
20611,3211,3419,3644,3559,3415,3815,4524,4232,3710,4829,7782,5901,3694,4530,6396,5559,12.1995,10.03,8.70325,48.1467
20612,6258,9915,6065,3988,4624,5215,4526,3816,3612,3925,3553,3346,3360,3339,3273,3142,-27.1872,-7.25216,8.80914,47.9713
20613,3257,3376,3833,4008,3389,3796,4930,5170,3560,4153,7024,7749,3340,3935,5149,5657,7.66327,16.2103,8.82492,48.2173
20614,7191,8061,4777,3679,5941,6433,4265,3528,4114,4031,3701,3359,3437,3451,3383,2979,-18.6781,-13.0521,8.67599,48.22
20615,12684,6259,4070,3369,6127,4653,3777,3272,3934,3770,3450,3194,3421,3410,3223,2989,-28.9223,-25.8286,8.86583,47.7347
20616,4040,3863,3389,3201,6238,4602,3721,3322,9672,5353,3836,3367,5935,4673,3685,3323,6.49877,-26.2583,8.59675,48.1467
20617,3473,3397,3230,2979,3877,3904,3465,3261,5545,5487,4179,3529,8617,8838,4688,3646,24.098,-14.9774,8.70214,48.0767
20618,3651,3500,3251,3114,4930,4047,3668,3288,9550,5312,3766,3334,7978,5145,3802,3295,12.8185,-29.0779,8.92371,47.754
20619,3304,3820,5024,7170,3321,3691,5298,9936,3275,3510,4404,5446,3216,3440,3575,3882,-10.0629,26.9773,8.68475,48.208
20620,4442,3916,3438,3164,6875,4934,3664,3402,8952,5798,3826,3439,5232,4481,3599,3300,3.47594,-22.1295,8.97237,48.308
20621,3531,3367,3232,3193,3929,3718,3451,3222,6145,4820,3689,3358,12577,6088,3996,3435,27.8672,-28.4435,8.68496,47.834
20622,5611,4695,3669,3301,8892,5799,3809,3461,6351,4690,3803,3301,4115,3763,3551,3240,-5.35491,-21.954,8.69598,48.034
20623,3081,3285,3400,3350,3269,3532,3921,4068,3539,4133,5158,5567,3569,4685,8636,9062,33.5072,15.4542,8.53236,48.17
20624,3498,3449,3368,3222,4139,4341,3771,3434,5735,7628,4823,3642,5741,7081,4572,3704,14.3082,-10.2273,8.99748,48.0987
20625,3412,3931,5590,10028,3368,3852,5137,8350,3301,3507,3892,4410,3167,3200,3461,3472,-17.4375,31.0793,8.82081,48.052
20626,3743,4686,5954,4755,3883,5386,8262,5257,3483,4076,4775,4229,3359,3435,3592,3630,-10.4122,7.09823,8.97796,48.3367
20627,3043,3332,3393,3407,3268,3451,3746,3967,3436,3759,4754,6004,3323,4003,6258,12481,32.946,25.6873,8.96743,47.75
20628,4779,4149,3423,3234,8163,5088,3757,3285,8555,5030,3717,3371,4909,4213,3586,3196,0.357142,-26.9449,8.77533,48.3033
20629,3594,3565,3423,3104,4520,4027,3554,3306,8504,5623,3837,3463,8676,5847,3982,3377,15.2405,-22.9065,8.75548,48.268
20630,3172,3280,3603,3648,3364,3567,4189,4998,3435,3832,5025,9464,3296,3858,5084,8034,12.7943,31.2244,8.84329,47.8993
20631,3506,3554,3311,3186,4182,4342,3750,3394,6337,7214,4438,3642,6401,7007,4469,3589,14.5256,-12.822,8.97738,48.2147
20632,3381,3312,3296,3187,4238,3937,3483,3233,7577,5000,3826,3410,10941,5717,3888,3329,19.553,-32.544,8.55915,47.8367
20633,3351,3690,4384,4467,3472,4189,6348,6135,3548,4199,6477,6161,3514,3758,4271,4471,-0.0772688,13.8781,8.57431,48.29
20634,3444,3414,3204,3078,4072,3869,3517,3198,6756,5064,3786,3396,11190,6760,4043,3322,22.9793,-22.7238,8.71036,48.0753
20635,3288,3511,3644,3511,3435,3908,4327,4313,3700,4679,7821,5910,3814,4581,6470,5694,12.6248,10.4999,8.82475,48.404
20636,3062,3353,3667,3970,3275,3618,4470,5673,3275,3863,5501,9776,3367,3805,4835,6608,8.51084,25.4936,8.61438,48.0787
20637,3274,3291,3347,3304,3430,3758,3802,3751,3923,4621,5406,4563,4185,6617,9450,5731,25.3795,5.48406,8.6074,48.302
20638,3207,3315,3385,3358,3434,3655,3948,3911,3612,4315,5884,5289,3695,5047,9012,7338,22.2314,11.6617,8.57007,48.27
20639,4143,5166,5042,4071,4463,7018,6663,4260,3897,4673,4753,3827,3437,3751,3606,3522,-8.44276,-0.502997,8.92036,48.1947
20640,3284,3564,3891,4258,3308,3652,4898,6839,3300,3848,5692,8597,3372,3677,4536,5422,3.47259,23.2521,8.70946,48.092
20641,8615,5518,3929,3310,9013,5582,3797,3351,4679,4101,3660,3211,3576,3547,3336,3056,-14.4649,-23.8337,8.93868,48.1873
20642,3150,3282,3418,3388,3281,3502,3958,3864,3525,4025,5181,5376,3519,4571,8845,9143,32.8973,15.1796,8.73836,48.0187
20643,3167,3358,3744,3835,3269,3482,4375,5502,3329,3928,5559,9637,3285,3824,4950,6787,9.28437,25.4091,8.5595,48.0207
20644,3112,3140,3338,3407,3298,3427,3832,4011,3366,3886,4951,6335,3483,4002,6811,11655,25.098,23.4237,8.88598,48.036
20645,3462,3412,3300,3152,3780,3860,3563,3282,5358,5586,4173,3638,8387,9010,4907,3588,25.5743,-13.7853,8.75056,48.3053
20646,3615,4416,5824,4893,3809,4927,7998,5819,3543,4125,5048,4224,3273,3452,3740,3612,-9.41873,9.33871,8.5346,48.212
20647,3399,3650,3334,3008,4508,4260,3538,3350,7258,6348,4108,3452,7583,6727,4336,3429,15.8306,-17.0427,8.78035,48.192
20648,5558,5010,3856,3460,7969,6893,4064,3545,5476,5011,3818,3348,3989,3873,3442,3196,-6.72721,-17.1669,8.78286,48.3387
20649,3717,4723,7135,6004,3797,4748,7419,5669,3424,3813,4317,4198,3081,3321,3631,3471,-14.621,10.6827,8.83489,48.312
20650,3830,5468,9862,6999,3675,4268,5302,4911,3369,3593,3851,3723,3205,3346,3346,3329,-30.3235,9.97009,8.66065,48.0513
20651,5700,9471,6793,4319,4468,5143,4650,3903,3722,3901,3573,3479,3355,3322,3257,3210,-30.6609,-4.62712,8.80554,48.1773
20652,3444,3431,3285,3070,3928,3741,3384,3213,5953,4665,3747,3371,12631,6152,3959,3385,30.2909,-28.2427,8.55082,47.5727
20653,3135,3388,3727,3897,3290,3637,4431,5705,3366,3853,5651,9675,3298,3793,4993,6419,8.30456,24.169,8.91648,48.172
20654,3739,4365,4599,4182,4022,5953,7166,4597,3858,5035,5785,4270,3610,3875,3974,3719,-3.80846,3.15791,8.88695,48.4993
20655,3219,3248,3379,3417,3082,3410,3918,3912,3342,3860,4931,5878,3462,4228,7376,11388,33.7401,20.3314,8.8878,48.0333
20656,11182,6658,4122,3421,6653,5065,3853,3431,3991,3874,3404,3187,3461,3289,3234,3103,-22.6332,-22.9226,8.93649,47.952
20657,4585,7500,8861,5108,4076,4832,5319,4413,3447,3715,3821,3546,3225,3352,3382,3180,-25.5637,2.12608,8.92236,48.2413
20658,3268,3276,3405,3458,3248,3543,3820,3799,3525,4220,5221,5022,3693,5206,9842,7586,33.269,11.4164,8.97779,48.088
20659,3144,3618,4128,4697,3367,3870,5418,7655,3383,3834,5526,7841,3139,3545,4284,4788,0.781621,22.1318,8.55008,48.158
20660,3318,3344,3161,3149,4035,3705,3380,3236,6892,4994,3727,3410,11893,5881,3814,3496,23.1436,-33.0295,8.62336,47.6233
20661,3275,3629,4312,5172,3429,3830,5067,9102,3312,3758,4730,7406,3265,3613,4047,4407,-2.61917,29.3582,8.98516,48.236
20662,3178,3232,3401,3458,3181,3413,3745,3988,3397,3988,5027,6244,3349,4096,6967,11684,25.8287,22.0629,8.95197,48.232
20663,3109,3238,3501,3542,3220,3472,4006,4195,3399,3872,5372,7438,3384,4166,6572,9453,18.408,20.8551,8.75715,47.9593
20664,5453,5932,4322,3628,6198,7950,4593,3635,4482,4784,3943,3480,3630,3668,3512,3288,-10.4384,-11.3102,8.82735,48.332
20665,3184,3235,3307,3344,3236,3442,3813,3891,3431,3950,5008,5977,3425,4347,7400,10964,27.7288,20.4479,8.62077,47.9693
20666,3344,3591,4283,4722,3306,3829,5698,7736,3440,3873,5471,7142,3262,3615,4166,4617,-1.04107,19.784,8.86942,48.0633
20667,3331,3526,3865,3808,3448,4187,5536,4819,3710,4780,7924,5836,3533,4137,5075,4634,5.52752,10.3558,8.57347,48.0993
20668,4919,7163,5771,4172,4660,6627,5669,4059,3800,4190,3906,3648,3367,3386,3534,3303,-16.0429,-3.44821,8.50978,48.116
20669,4749,5882,4514,3644,5207,8060,5309,3892,4113,4790,4295,3548,3686,3771,3556,3322,-9.14097,-6.52277,8.8394,48.2253
20670,5817,8054,5400,3815,5068,6737,4876,3800,3882,4073,3747,3457,3399,3447,3409,3255,-17.9018,-7.51409,8.6976,48.1573
20671,5759,9728,6303,4143,4580,5217,4476,3834,3663,3871,3628,3425,3455,3323,3302,3231,-33.8703,-5.97251,8.73493,47.9587
20672,3374,3435,3395,3168,4197,4216,3786,3303,5868,7105,4547,3699,6290,7594,4845,3694,16.0943,-11.1066,8.84158,48.344
20673,3697,4922,8951,7781,3627,4300,5739,5470,3238,3502,3911,3961,3027,3240,3387,3411,-23.1693,12.6535,8.80293,48.1093
20674,3443,4145,7022,11680,3383,3773,4897,6000,3270,3360,3780,3913,3074,3253,3395,3445,-28.8509,22.9783,8.50388,47.8887
20675,4482,4021,3532,3235,7120,4849,3620,3333,8637,5422,3812,3402,5169,4442,3699,3286,2.74896,-24.1343,8.51575,48.0407
20676,3613,3577,3191,3019,4641,4033,3566,3301,8349,5368,3832,3348,8976,5875,3993,3338,15.6463,-23.3573,8.99415,48.0133
20677,3705,4275,4818,4379,3829,5342,7834,5024,3702,4464,5778,4407,3447,3673,3869,3753,-4.75397,6.35563,8.66698,48.1993
20678,4551,7722,8745,4937,4037,4888,4945,4257,3578,3706,3785,3574,3231,3286,3342,3302,-31.5018,1.5726,8.5689,47.924
20679,3907,5681,9758,6778,3703,4324,5186,4786,3301,3737,3865,3849,3058,3319,3522,3345,-28.1352,9.13678,8.66349,48.0793
20680,3503,4014,5360,6468,3502,4108,6634,8163,3397,3713,4473,4985,3100,3351,3800,3752,-10.6003,18.5053,8.63116,48.2153
20681,3133,3346,3374,3537,3276,3605,3787,4039,3516,3969,5516,6360,3443,4297,7278,9669,21.6064,18.7156,8.78452,48.0967
20682,3291,3679,4363,4823,3352,3891,5747,7413,3361,3953,5664,7167,3297,3551,4238,4648,-0.714052,19.1998,8.68792,48.292
20683,3827,4389,4593,3922,4108,6234,6926,4465,3946,5247,5360,4183,3507,3910,3780,3669,-3.97484,1.22386,8.97062,48.044
20684,3455,3845,5888,12335,3355,3703,4632,6092,3287,3279,3811,3919,3164,3158,3500,3401,-31.065,31.3581,8.52748,47.216
20685,3025,3181,3299,3307,3181,3492,3836,3885,3437,3919,4989,6386,3415,4098,6633,11789,25.9289,23.6349,8.83071,47.9147
20686,3546,4493,8463,9502,3483,4037,5130,5746,3319,3506,3888,3897,3176,3273,3433,3345,-26.8495,16.3896,8.58249,48.158
20687,3399,3826,5483,8796,3406,3773,5329,8859,3284,3590,4096,4704,3067,3351,3559,3590,-15.0916,25.5494,8.85444,48.0747
20688,5101,4283,3584,3342,8726,5079,3760,3194,7566,4844,3763,3370,4505,4106,3425,3238,-1.97874,-29.3993,8.57244,47.924
20689,3269,3305,3263,3121,3896,3916,3576,3494,4815,6138,4903,3886,5638,8736,6033,4156,20.2048,-5.9111,8.81375,48.0967
20690,3341,3455,3473,3266,3806,4417,4162,3561,4679,7137,5834,4081,4577,6541,5644,4198,13.8891,-3.10018,8.5035,48.1147
20691,3173,3606,4416,5088,3315,3776,5209,8558,3404,3760,4963,7574,3177,3523,4081,4533,-1.78177,24.726,8.86969,48.104
20692,3394,3724,4910,5404,3512,4054,6773,7972,3426,3760,5108,5656,3156,3600,3957,3983,-6.24555,17.3799,8.69041,48.2593
20693,3786,3829,3352,3155,4915,4987,3924,3395,7236,7577,4219,3429,5639,5556,3950,3479,9.18406,-14.654,8.84908,48.2853
20694,3243,3325,3360,3297,3517,3898,3848,3541,4141,5012,4984,4170,4894,8358,7994,4636,31.3606,-0.787076,8.67525,48.1453
20695,3824,3918,3656,3351,4714,5594,4242,3452,5851,7927,4850,3798,4615,4909,4160,3482,5.59792,-9.88342,8.72483,48.2287
20696,3576,4455,8555,9645,3473,4045,5189,5529,3260,3517,3780,3951,3170,3189,3288,3352,-33.541,16.3489,8.92714,47.9827
20697,5147,5614,4163,3519,6152,7951,4701,3667,4599,5117,4004,3533,3742,3714,3455,3260,-8.59911,-11.2683,8.77327,48.2253
20698,3155,3369,3741,3808,3310,3584,4344,4966,3510,3931,6220,8910,3368,3956,5308,6884,11.1137,20.7809,8.87962,48.2427
20699,5605,9731,6401,4124,4620,5550,4740,3762,3586,3893,3716,3404,3266,3342,3220,3101,-24.5722,-5.1817,8.94738,48.0407
20700,3103,3289,3478,3587,3224,3491,4061,4542,3370,3854,5320,8205,3456,3867,5632,9489,17.0866,25.032,8.55434,47.9787
20701,3516,4135,5101,5217,3569,4328,7498,6879,3385,3964,5284,5072,3313,3524,3762,3865,-6.52178,14.0308,8.71597,48.2747
20702,3726,4865,8817,7636,3611,4252,5850,5653,3224,3477,3917,3916,3058,3248,3451,3343,-22.2784,13.196,8.50875,48.0293
20703,3568,4289,7296,8080,3469,4130,6040,6734,3248,3584,4129,4325,3128,3304,3437,3497,-17.8848,16.3146,8.81114,48.172
20704,3150,3262,3403,3457,3248,3438,3874,3976,3368,3750,4778,6137,3424,3954,6146,12317,28.5665,28.3368,8.54576,47.788
20705,3115,3155,3337,3370,3069,3519,3835,3975,3477,3885,4994,6845,3268,4006,6299,11609,23.2276,25.0274,8.60241,47.8387
20706,3772,5374,9973,7170,3665,4325,5244,4740,3398,3681,3727,3736,3255,3301,3409,3392,-29.4242,9.9952,8.78943,48.108
20707,12928,6031,3950,3467,6006,4626,3778,3416,3821,3751,3420,3282,3314,3361,3361,3050,-28.2912,-32.0813,8.95514,47.708
20708,3314,3412,3207,3159,3917,3883,3369,3152,6468,4882,3834,3373,11993,6349,4034,3476,25.2597,-26.5573,8.51031,47.8813
20709,3127,3152,3283,3302,3425,3482,4060,3801,3693,4230,5548,5173,3677,5074,9413,7574,23.9779,12.006,8.65416,48.0093
20710,3333,3566,3411,3171,3882,4196,3813,3361,5109,7068,5084,3905,5447,7812,5420,3982,16.6327,-6.85086,8.86783,48.3733
20711,6517,9213,5304,3821,4933,6198,4461,3791,3877,3877,3720,3355,3334,3412,3366,3121,-21.6186,-8.95169,8.85355,48.2
20712,3128,3449,3776,3980,3241,3739,4548,5711,3513,3897,6032,8908,3397,3782,4968,6068,7.75904,21.4103,8.70063,48.0913
20713,3360,3772,4810,5664,3492,3898,6201,8876,3348,3696,4744,5945,3133,3402,3806,4092,-6.14922,20.7874,8.93212,48.1593
20714,3405,3465,3154,3102,4153,3913,3407,3224,7383,4992,3723,3339,11442,5974,3848,3445,21.2315,-27.426,8.95228,47.9793
20715,3317,3490,3312,3175,3708,3817,3607,3408,4561,5111,4565,3863,5632,9643,6366,4200,31.0132,-5.56212,8.57841,47.85
20716,3423,3863,5153,5968,3460,4093,6608,8273,3334,3707,4769,5324,3157,3409,3720,3995,-8.57023,18.0764,8.78904,48.1707
20717,3484,4247,5952,6433,3512,4158,6851,7636,3457,3653,4426,4874,3078,3299,3585,3688,-12.2038,16.9002,8.77127,48.222
20718,4541,4321,3825,3372,6630,6746,4226,3540,5971,6031,4119,3428,4352,4165,3714,3268,-1.23843,-14.559,8.99866,48.166
20719,7946,6859,4229,3379,7012,6141,4123,3544,4295,4131,3593,3300,3681,3606,3307,3113,-16.4682,-17.2113,8.8393,48.1727
20720,3179,3404,3697,4061,3259,3628,4456,5908,3340,3794,5303,9953,3255,3711,4743,6191,7.56555,29.7621,8.57489,47.9213
20721,4978,4760,3832,3310,7758,6417,4042,3452,5966,5424,3990,3437,4247,3935,3488,3304,-3.7569,-17.6493,8.83008,48.2267
20722,3480,4344,8044,9946,3423,3975,5078,5573,3288,3505,3779,3939,3028,3297,3429,3421,-31.9236,17.7212,8.86908,47.6993
20723,3209,3330,3453,3484,3158,3531,3992,4526,3389,3804,5019,8245,3324,3798,5468,9838,17.0095,30.2455,8.85034,47.712
20724,3234,3351,3331,3198,3580,3686,3701,3523,4216,4843,4820,4081,4922,8408,8252,4632,30.0485,-0.352324,8.79348,47.852
20725,3345,4011,6287,11404,3324,3898,5084,6975,3198,3486,3878,4074,3074,3130,3325,3432,-22.0218,24.9413,8.68846,47.95
20726,3473,3233,3204,3058,3933,3805,3507,3288,6219,4822,3942,3442,12089,6466,3942,3381,26.0229,-25.3596,8.53606,47.8693
20727,3405,3822,4917,6070,3410,3974,6144,8811,3394,3683,4678,5673,3209,3480,3799,3826,-7.84453,20.4591,8.52443,48.1967
20728,3270,3635,4801,6300,3201,3869,5632,9717,3269,3602,4427,5992,3140,3337,3806,3967,-7.48316,24.8932,8.9643,47.9767
20729,3158,3216,3328,3408,3299,3454,3723,3914,3266,3797,4841,6054,3456,4004,6317,12310,29.9863,25.6173,8.50022,47.6967
20730,5465,4427,3657,3221,9529,4975,3763,3358,7130,4743,3735,3255,4263,3946,3451,3159,-3.58315,-29.2168,8.87591,48.0513
20731,5600,7429,5113,3824,5357,7237,4916,3802,4013,4260,3848,3503,3424,3431,3275,3134,-16.0478,-7.94938,8.99621,48.1107
20732,3280,3331,3351,3301,3521,3825,3766,3604,4157,5138,5344,4289,4744,7770,8275,4832,24.4378,0.655723,8.8346,48.352
20733,4218,3974,3500,3159,6904,5071,3823,3379,8715,5877,3866,3398,5184,4376,3649,3286,3.32033,-21.7081,8.98114,48.2527
20734,3045,3317,3547,3700,3255,3564,4008,4437,3399,3786,5419,8080,3414,3915,6001,9190,16.8417,23.6428,8.59914,48.0513
20735,3159,3261,3428,3444,3318,3600,3841,3868,3625,4209,5376,5484,3607,4736,8833,8561,25.485,14.5981,8.66179,48.2333
20736,3837,5383,8474,5965,3799,4787,6580,5034,3351,3771,4025,3890,3161,3273,3388,3390,-18.9016,7.87987,8.83661,48.072
20737,3336,3317,3214,3068,4001,3869,3603,3284,5424,5300,4152,3499,8837,8719,4607,3650,25.966,-15.3785,8.50745,47.92
20738,3431,3459,3261,3163,4308,3960,3473,3291,8030,5117,3817,3342,10246,5593,3887,3408,18.1455,-32.5988,8.77659,47.8573
20739,3115,3171,3430,3448,3179,3578,3802,4238,3427,3875,5078,6912,3371,3982,6331,10885,21.3986,23.8541,8.76443,47.8813
20740,3569,3635,3442,3291,3984,4733,4063,3539,5380,7741,5069,3823,5122,6521,4664,3801,12.3178,-7.96248,8.60643,48.2513
20741,3302,3675,4045,4020,3530,4210,6053,5004,3623,4483,7608,6086,3400,3926,4823,4545,3.40297,11.9627,8.63297,48.222
20742,3596,4114,5192,4770,3742,4860,7790,5689,3502,4097,5599,4671,3383,3637,3847,3858,-6.37211,9.27079,8.53842,48.2313
20743,3533,3484,3134,3082,4141,3847,3455,3327,7072,4996,3857,3426,11130,6198,4103,3447,21.4187,-25.0614,8.59692,48.1547
20744,3633,4736,8718,8157,3560,4144,5813,5641,3357,3543,3922,4009,3103,3336,3452,3332,-22.7257,13.7874,8.53031,48.304
20745,4173,6510,9836,5826,3934,4505,5159,4569,3462,3670,3892,3601,3276,3242,3296,3355,-28.8941,5.17886,8.72197,48.204
20746,3243,3580,4322,5093,3322,3785,5058,8924,3351,3767,4806,7598,3237,3514,3955,4491,-2.00577,30.4764,8.70961,48.0307
20747,3325,3351,3172,3114,3843,3800,3407,3163,6000,4703,3732,3348,12895,6014,3861,3361,30.0779,-28.0732,8.9845,47.3927
20748,3848,3906,3624,3267,4921,5741,4218,3631,5943,7886,4809,3585,4669,5103,3945,3529,5.40027,-10.841,8.61332,48.4167
20749,6657,4979,3677,3314,9854,5466,3796,3361,5781,4330,3646,3297,3975,3793,3321,3207,-9.03081,-25.6515,8.84679,48.3027
20750,3239,3332,3439,3278,3205,3503,3874,3880,3449,4087,5156,5504,3473,4473,8523,9290,33.6891,15.8275,8.59693,47.8033
20751,3689,4465,6382,5493,3611,4705,7919,6160,3517,3809,4586,4388,3289,3432,3699,3561,-11.6563,10.7953,8.94139,48.47
20752,3484,3411,3265,3049,4084,3742,3474,3204,6876,5109,3855,3307,11256,6444,3982,3319,22.0419,-23.4403,8.9534,47.9073
20753,3625,4713,8805,8399,3541,4136,5329,5526,3348,3614,3850,3875,3086,3262,3465,3394,-24.7538,13.9922,8.56219,47.9787
20754,4414,6542,6645,4370,4384,6268,6237,4360,3603,4180,4196,3719,3335,3456,3438,3395,-15.9139,0.103831,8.59663,48.3613
20755,4624,4782,4005,3562,5914,7717,4531,3675,4957,6205,4225,3456,4014,4101,3668,3307,-3.68055,-11.0071,8.9999,48.4953
20756,4554,4715,3867,3403,6036,7775,4565,3603,5063,6045,4238,3528,4059,4117,3574,3370,-3.45504,-11.4142,8.94368,48.3413
20757,4933,6553,5286,3894,4846,7365,5699,4075,3936,4500,4042,3556,3418,3600,3523,3199,-13.4187,-4.39381,8.5968,48.2833
20758,3319,3933,6332,10965,3421,3733,5020,7312,3253,3517,3930,4219,3127,3268,3501,3421,-20.4336,24.2485,8.92929,48.1807
20759,3345,3756,4507,4873,3445,4094,6544,7311,3327,3924,5700,6240,3324,3673,4077,4223,-2.22203,16.7591,8.9581,48.242
20760,3291,3568,4382,4893,3352,3860,6036,7568,3387,3974,5502,6805,3228,3599,4166,4459,-1.49981,18.9693,8.86745,48.0467
20761,12585,6027,3871,3399,6006,4630,3834,3285,3817,3660,3417,3202,3366,3365,3205,3133,-28.9499,-33.0142,8.87177,47.2013
20762,6488,4999,3763,3255,9663,5721,3856,3345,5709,4444,3616,3332,3884,3759,3376,3077,-8.42028,-24.0056,8.86096,48.1913
20763,3194,3372,3610,3651,3243,3612,4062,4483,3367,3946,5666,8206,3317,3894,5818,8666,15.3778,22.3406,8.77212,48.0713
20764,3404,3647,3371,3201,4181,4503,3818,3367,5624,7833,4925,3766,5489,6633,4759,3798,12.9194,-8.84577,8.72269,48.2127
20765,4673,4810,3999,3491,6305,7770,4519,3528,5110,5648,4103,3454,3930,4046,3522,3388,-4.80479,-12.1814,8.88579,48.1973
20766,3869,4090,3674,3546,4558,6344,4708,3668,5041,7649,5143,3764,4190,4591,4124,3501,2.63541,-6.33568,8.55666,48.3067
20767,3188,3459,3588,3748,3323,3805,4660,4981,3490,4137,7103,7809,3387,4064,5548,6006,9.89581,16.6654,8.77525,48.1973
20768,3392,3440,3343,3159,3827,4138,3679,3425,5445,6292,4592,3747,6442,8441,4951,3812,19.5243,-10.498,8.50853,48.0833
20769,5971,9700,6178,4023,4617,5168,4504,3766,3602,3845,3633,3366,3407,3364,3300,3261,-31.1381,-6.777,8.92928,47.8033
20770,3393,3556,3614,3575,3650,4261,5023,4150,4049,5601,7876,5121,3758,4685,5533,4604,8.64058,5.16186,8.64729,48.2993
20771,3443,3373,3226,3111,3917,3811,3425,3125,6203,4805,3736,3415,12775,6160,3816,3398,28.7686,-28.3508,8.65349,47.826
20772,6211,10082,6262,3939,4639,5163,4451,3758,3731,3787,3667,3447,3319,3413,3321,3165,-29.1639,-6.79128,8.94087,48.2367
20773,4484,3995,3488,3230,7677,4860,3677,3390,8766,4935,3687,3444,5065,4381,3564,3216,1.7402,-30.1325,8.6324,47.906
20774,3148,3116,3352,3299,3203,3460,3841,4024,3412,3731,4905,6614,3307,4000,6411,11750,24.5238,25.319,8.57875,47.7153
20775,3466,3674,3731,3568,3838,4727,4817,3987,4098,6601,7204,4517,4020,4820,5070,4051,7.80138,1.03253,8.98465,48.126
20776,3465,3661,3566,3517,3924,4892,4252,3859,4822,7554,5994,4091,4362,5537,4922,3913,9.06591,-3.43598,8.52092,48.2207
20777,3450,3405,3221,3005,4191,3973,3550,3253,6914,5311,3867,3396,10753,6708,3991,3381,21.2499,-22.6209,8.68629,48.246
20778,3174,3362,3837,3850,3390,3689,4683,5023,3420,4136,7041,7890,3497,4043,5382,5999,9.46366,17.2156,8.60162,48.2773
20779,4571,7455,8933,5133,4011,4782,5125,4363,3489,3790,3809,3730,3392,3406,3418,3300,-30.9178,2.18152,8.7449,48.4713
20780,3364,3492,3234,3146,3930,3803,3503,3262,5765,4973,4037,3457,10458,7828,4219,3384,30.5625,-18.9896,8.626,47.9033
20781,3215,3507,4102,4730,3292,3770,5460,7932,3275,3907,5316,7758,3158,3600,4253,4647,-0.403564,21.9163,8.95829,47.948
20782,3507,4352,6775,6819,3551,4294,6981,6691,3368,3780,4258,4312,3137,3329,3509,3657,-14.6685,14.564,8.78583,48.2133
20783,3184,3419,3711,3809,3332,3819,4763,5047,3488,4105,6918,7963,3392,4083,5315,6009,9.55293,17.2863,8.71413,48.238
20784,5981,4572,3758,3281,9885,5315,3821,3279,6447,4516,3608,3158,4078,3775,3480,3160,-6.24188,-27.8438,8.68812,48.076
20785,4334,6063,7397,4901,4107,5628,6508,4614,3597,3859,4162,3815,3312,3441,3476,3315,-17.0382,3.01727,8.69872,48.3527
20786,8619,5412,3929,3367,9067,5324,3903,3461,4747,4081,3601,3234,3609,3604,3258,3130,-14.0929,-33.6025,8.81394,48.2307
20787,3374,3347,3242,3145,4287,4083,3506,3276,7842,5016,3843,3395,10524,5745,3918,3366,18.9793,-30.1947,8.55041,47.9393
20788,4230,3864,3491,3262,6849,4623,3628,3328,9539,5159,3789,3423,5611,4472,3560,3482,4.48786,-31.4667,8.64598,48.2067
20789,5171,9043,7382,4553,4251,5270,4894,4040,3499,3780,3647,3507,3196,3355,3280,3191,-25.4411,-2.24668,8.99476,48.0393
20790,6135,9870,5998,3927,4725,5254,4571,3739,3701,3992,3647,3482,3364,3392,3389,3164,-33.8449,-7.09218,8.57798,48.2333
20791,3351,3953,6795,11805,3317,3797,4851,6031,3243,3524,3703,3964,3150,3193,3379,3401,-32.4273,23.0175,8.81104,47.638
20792,3087,3550,3894,4356,3369,3678,4900,6678,3386,3788,5740,8914,3233,3690,4585,5467,4.47062,22.5368,8.7709,48.21
20793,3208,3265,3380,3399,3312,3407,3890,3920,3417,3676,4877,5950,3394,3938,5828,12590,32.9448,29.5933,8.51943,47.634
20794,3759,4540,4725,4038,4072,6310,7145,4363,3921,5108,5212,4204,3671,3780,3998,3707,-4.68526,1.42021,8.58567,48.3687
20795,3868,3661,3253,3107,5306,4293,3606,3281,9496,5671,3829,3306,7168,4997,3867,3404,10.3889,-23.9783,8.8946,48.0753
20796,3229,3380,3470,3304,3446,3662,3752,3691,4011,4789,5249,4327,4331,7037,9335,5459,27.0128,3.17298,8.57847,48.3147
20797,3247,3339,3382,3235,3433,3640,3853,3606,3855,4694,5084,4638,4161,6558,9553,5687,31.9351,4.95111,8.67742,47.9767
20798,3311,3335,3390,3296,3664,3934,3889,3689,4185,5769,5953,4271,4416,7004,7615,4650,18.9528,1.1944,8.82772,48.2473
20799,4108,5413,5667,4284,4274,6658,7176,4533,3705,4367,4444,3824,3385,3573,3464,3429,-11.0067,1.0233,8.92934,48.2027
20800,3004,3290,3394,3401,3175,3481,3822,4086,3424,3739,4927,7179,3351,3841,5889,11615,21.6315,30.6962,8.78477,47.7453
20801,3207,3220,3320,3441,3258,3405,3811,3855,3313,3935,4995,5747,3448,4376,7643,10602,30.1347,19.3051,8.50958,47.7173
20802,3434,3974,4319,3994,3610,4777,6794,4955,3631,4984,7065,4934,3495,4004,4355,4068,0.63367,7.27465,8.98332,48.262
20803,3183,3399,3416,3204,3572,3931,3920,3638,4157,5112,5575,4382,4551,7241,8366,4888,22.1856,1.78282,8.68627,48.3567
20804,12425,5802,3892,3363,5936,4506,3851,3485,3934,3734,3375,3231,3443,3369,3298,3256,-33.6309,-33.1125,8.66341,47.2667
20805,3591,4645,8527,8488,3612,4204,5556,5607,3255,3517,3888,3970,3133,3130,3321,3304,-22.9248,14.9589,8.84035,47.832
20806,3859,4099,3704,3616,4962,6226,4461,3587,5333,7741,5020,3760,4238,4638,4002,3606,2.981,-7.96362,8.76391,48.568
20807,7226,6486,4170,3506,7321,6690,4259,3483,4445,4293,3582,3298,3541,3552,3390,3135,-14.602,-16.7147,8.9745,48.2513
20808,3532,3701,3944,3764,3696,4601,5930,4500,3867,5367,7776,4944,3657,4254,4777,4253,4.26612,6.15403,8.9974,48.3753
20809,3140,3333,3390,3358,3316,3661,3788,3744,3740,4239,5297,4957,3826,5529,9938,7285,29.3625,10.1908,8.82992,48.3607
20810,5783,4534,3609,3302,9386,5260,3972,3306,6503,4724,3641,3329,4077,3944,3457,3181,-5.41469,-32.4263,8.52807,48.0053
20811,3922,5719,8595,5725,3867,4731,6331,5085,3440,3675,4024,3893,3160,3282,3509,3311,-19.5787,7.52471,8.83521,48.1793
20812,3565,4307,5621,4848,3721,4704,8130,6018,3491,3933,5010,4576,3334,3512,3762,3708,-8.44758,10.1145,8.54724,48.16
20813,3171,3362,3336,3259,3497,3680,3922,3708,3836,4565,5282,4707,4080,6166,9736,6206,27.4892,7.00098,8.66804,48.342
20814,3200,3421,3302,3183,3691,3854,3624,3452,4507,5055,4645,3972,5416,9751,6730,4184,32.8479,-4.75334,8.98231,47.9913
20815,3361,3523,3891,4045,3353,4056,5476,5523,3513,4131,7126,7111,3347,3846,4858,4975,4.99559,15.2654,8.78725,48.09
20816,3715,4349,5471,4785,3744,5026,8186,5536,3628,4189,5057,4419,3361,3462,3732,3618,-8.20788,8.52756,8.6224,48.1853
20817,3369,3333,3210,3213,3982,3793,3418,3245,6584,4739,3745,3268,12313,6038,3914,3372,24.0481,-32.7182,8.99847,47.6907
20818,3589,3811,3742,3516,3930,5074,5115,3883,4356,6940,6563,4293,4055,4756,4681,4031,5.69587,-0.643189,8.94837,48.2233
20819,3390,3439,3258,3138,4128,3888,3467,3249,7072,4774,3883,3401,11544,5763,3945,3464,21.4956,-30.7874,8.75018,47.8687
20820,3544,4400,7777,8437,3453,4066,6047,6283,3158,3539,3968,4023,3021,3384,3410,3435,-19.8673,16.262,8.71793,47.9633
20821,3286,3520,4363,4864,3373,3851,5767,7954,3293,3883,5499,7384,3247,3644,4201,4652,-0.981306,20.2238,8.84669,48.5207
20822,3217,3376,3509,3257,3543,3949,3999,3830,4051,5540,6573,4563,4184,6018,7539,5012,17.4432,3.87595,8.63154,48.1067
20823,4469,4882,4014,3542,5509,7867,4803,3758,4899,5778,4441,3579,3955,4003,3589,3475,-4.25244,-9.23906,8.56602,48.3753
20824,3735,3577,3339,3254,4548,4583,3801,3336,7071,7449,4211,3535,6063,6026,4293,3359,11.4649,-14.5677,8.70891,48.12
20825,3274,3711,4791,5705,3403,4006,6115,8658,3423,3852,4892,6013,3272,3377,3871,4062,-6.16067,20.2891,8.85298,48.2833
20826,9516,5404,3865,3360,8712,5126,3872,3438,4507,3950,3550,3347,3532,3433,3311,3196,-16.1757,-30.7063,8.7735,48.0793
20827,3565,4452,6860,6939,3474,4237,6869,6895,3314,3683,4193,4310,3203,3429,3487,3532,-15.394,14.9865,8.7954,48.2947
20828,3155,3258,3365,3322,3446,3710,3713,3689,3776,4393,5193,4734,3861,5944,9718,6422,29.3518,8.12884,8.88458,47.7993
20829,3446,4153,7049,11472,3363,3985,5002,6251,3067,3549,3835,3990,3102,3118,3436,3342,-25.5179,22.1508,8.62954,48.1067
20830,3472,3411,3198,3136,3994,3875,3413,3186,7104,4769,3686,3387,11811,6024,3909,3408,22.7654,-27.5937,8.91539,47.8553
20831,3784,5141,8162,6005,3761,4719,6910,5290,3518,3811,4196,4001,3167,3336,3541,3243,-17.8065,8.91309,8.96966,48.39
20832,8195,9463,4918,3629,5218,5117,4182,3529,3710,3871,3615,3428,3291,3299,3267,3103,-29.5745,-12.7599,8.81291,47.89
20833,3263,3766,5128,7742,3450,3837,5468,9569,3276,3635,4207,5127,3145,3174,3658,3662,-11.8855,26.2944,8.65417,48.0713
20834,3379,3914,5762,10500,3354,3812,5008,7723,3272,3543,3887,4282,3199,3235,3393,3441,-19.0358,33.5425,8.92775,47.8027
20835,6698,5007,3751,3375,9551,5794,3870,3362,5562,4296,3651,3229,3894,3691,3383,3179,-8.96204,-23.6806,8.82783,48.1953
20836,2946,3185,3342,3434,3271,3446,3827,3876,3473,3808,4975,6022,3451,4125,7256,11205,27.6727,21.0199,8.6361,47.7613
20837,3411,3529,3527,3420,3604,4343,4304,3753,4331,6655,6934,4358,4145,5608,5852,4288,12.0171,0.682514,8.74227,48.0413
20838,4464,5981,5634,4143,4468,7060,6514,4151,3794,4455,4293,3824,3325,3503,3502,3392,-12.4045,-1.27668,8.88609,48.3353
20839,3524,4219,7051,9672,3367,3998,5486,6706,3232,3487,3933,4094,3043,3308,3323,3395,-20.9107,19.0634,8.99654,47.892
20840,3907,4637,4480,3957,4313,6654,6541,4277,4054,5462,5301,3862,3649,3863,3960,3592,-3.80189,-0.853014,8.99514,48.3393
20841,3390,3365,3243,3040,4325,4104,3562,3346,7154,6187,4087,3566,8133,6751,4308,3455,16.886,-17.5166,8.83097,48.0107
20842,3732,3621,3393,3241,4428,4968,3957,3421,6269,7992,4621,3662,5152,5805,4318,3553,9.44842,-11.1662,8.7317,48.0887
20843,3293,3630,4019,3930,3626,4002,5572,5244,3572,4414,7607,6501,3537,3890,4890,4704,4.47642,12.7205,8.51216,48.2873
20844,3017,3154,3369,3415,3313,3324,3829,4114,3361,3776,4944,6566,3438,3843,6120,12147,24.1972,27.8717,8.67074,47.82
20845,3957,5681,8497,5771,3780,4826,6518,4901,3394,3797,4094,3835,3196,3279,3363,3339,-19.314,6.92639,8.87043,48.152
20846,3402,3840,5159,7067,3450,3865,5783,9517,3275,3621,4287,5287,3170,3273,3652,3776,-10.4641,23.3571,8.84196,48.2827
20847,3370,3327,3344,3163,3769,3805,3656,3349,4570,5350,4556,3753,6175,9621,6205,4105,27.7023,-6.61064,8.50377,48.0787
20848,3105,3306,3380,3314,3453,3629,3848,3659,3781,4449,5276,4786,3987,5962,9863,6326,31.1857,7.65908,8.69088,48.0827
20849,5469,4385,3581,3221,9395,5196,3737,3366,6971,4733,3680,3149,4278,3893,3514,3079,-3.82779,-31.2112,8.97599,47.7647
20850,3421,4131,4974,4673,3687,4679,8041,5694,3469,4272,5723,4766,3269,3682,3979,3918,-4.78306,9.70849,8.90179,48.252
20851,4538,8157,8551,4781,4183,4907,4933,4187,3591,3780,3753,3546,3113,3447,3322,3344,-32.0091,0.717719,8.92884,48.0887
20852,10795,7120,4260,3441,6212,5157,3972,3423,4173,3901,3544,3178,3341,3349,3250,3093,-23.571,-20.5888,8.8837,48.1393
20853,4475,4976,4195,3645,5511,8071,5044,3779,4512,5593,4141,3528,3726,3820,3757,3343,-5.58044,-8.35811,8.88026,48.0773
20854,3983,3858,3490,3130,5754,4813,3770,3333,8587,6283,3981,3265,5783,4897,3722,3494,7.07747,-20.0835,8.70153,48.0953
20855,5366,9234,7171,4308,4286,5148,4693,3924,3711,3763,3789,3476,3233,3436,3358,3205,-31.2838,-3.44138,8.72831,48.0673
20856,3363,3385,3207,3157,3891,3879,3602,3257,5817,5208,3915,3437,9826,8211,4395,3524,25.4791,-17.449,8.90032,48.0493
20857,3231,3407,4080,4377,3316,3666,4868,7669,3361,3662,5159,9041,3290,3620,4301,5179,2.5419,31.5632,8.816,48.1513
20858,4234,4139,3640,3221,6265,5688,3972,3535,7189,6733,4145,3434,4936,4514,3745,3435,2.6963,-16.3071,8.96175,48.55
20859,3351,3923,5974,12525,3313,3701,4835,6002,3282,3422,3860,3937,3000,3319,3399,3340,-28.4144,31.2352,8.60966,47.4553
20860,3139,3263,3376,3376,3259,3520,3680,3879,3316,3805,4758,5921,3497,3899,6025,12570,32.1745,31.2977,8.70313,47.522
20861,3132,3291,3496,3568,3322,3587,3984,4266,3469,4142,6110,7031,3554,4267,6823,8221,17.2978,17.588,8.67097,48.1753
20862,3463,3657,3868,3625,3738,4474,5383,4358,3897,5625,8161,5007,3612,4375,5010,4190,5.79777,5.65275,8.99099,48.2953
20863,3917,4098,3934,3585,4596,6431,5090,3749,4656,6990,5199,3938,4159,4508,4025,3605,1.25202,-4.6404,8.78091,48.32
20864,3381,3682,4621,5390,3383,3894,6007,8984,3315,3607,4796,6257,3134,3402,3972,4158,-5.16403,21.6343,8.93649,47.9887
20865,3229,3448,3739,3485,3518,4012,4666,4095,3785,5148,7903,5233,3753,4836,6502,5025,12.101,7.11026,8.61246,48.2513
20866,8663,5760,3861,3425,8634,5392,3900,3343,4485,4134,3530,3295,3605,3555,3318,3068,-15.0593,-23.8916,8.56948,47.9787
20867,4189,4054,3510,3221,6567,5010,3742,3448,8602,6050,3884,3460,5311,4419,3704,3294,3.63325,-20.3972,8.79612,48.31
20868,3250,3504,4001,4226,3345,3665,5142,6511,3444,3993,6020,8384,3335,3743,4582,5483,4.27314,20.6758,8.68163,48.4187
20869,9363,5445,3871,3405,8708,5237,3799,3296,4621,4052,3583,3235,3541,3517,3268,3117,-15.6881,-29.7507,8.6264,48.0387
20870,3356,3638,4421,5167,3263,3794,5086,9241,3362,3738,4627,7146,3238,3540,3921,4361,-3.38831,31.9122,8.7114,47.9327
20871,3475,3420,3266,3182,3981,3728,3441,3279,6564,4774,3837,3320,11504,6433,3942,3414,24.7267,-24.4702,8.76415,47.7067
20872,3070,3116,3311,3331,3238,3514,3818,4027,3376,3941,4982,6010,3440,4145,7038,11424,26.9968,21.9054,8.75102,47.854
20873,3101,3276,3568,3566,3283,3603,4156,4838,3358,3750,5255,9319,3422,3900,5254,8342,13.377,31.0468,8.6402,47.994
20874,3383,3891,4443,4278,3676,4562,6976,5364,3641,4450,6721,5199,3486,3814,4352,4052,-0.547266,9.69522,8.68293,48.192
20875,3559,3942,3859,3648,3967,5201,5251,4081,4240,6578,6671,4379,3983,4497,4618,3983,4.51268,0.449676,8.72318,48.3047
20876,4961,4555,3686,3321,7776,5806,3933,3362,6810,5519,3866,3451,4462,4123,3538,3201,-1.96863,-19.7302,8.62642,48.2467
20877,3220,3376,3303,3230,3824,4118,3656,3473,4916,6385,4831,3867,5661,8631,5914,3949,19.873,-6.54649,8.8313,48.236
20878,3176,3223,3459,3450,3129,3496,3901,4086,3424,3868,5238,6466,3369,4188,6926,10730,23.3658,21.3765,8.77353,48.086
20879,4418,5764,5383,4078,4573,7135,6367,4283,3976,4556,4214,3716,3417,3606,3620,3407,-10.848,-1.88191,8.54715,48.342
20880,5206,8947,7449,4438,4289,5130,4815,3979,3606,3888,3634,3500,3236,3400,3293,3214,-26.4649,-2.48987,8.68527,48.016
20881,3506,4295,7795,10682,3375,3911,5064,5716,3266,3504,3767,3943,3185,3275,3330,3313,-33.1768,18.9961,8.63312,47.9513
20882,3019,3301,3381,3268,3478,3679,3922,3652,3771,4488,5573,4587,3981,6029,9834,6100,25.055,7.4514,8.96466,48.042
20883,3709,3835,3466,3276,4508,5071,4051,3532,5918,8357,4927,3670,4838,5456,4233,3542,8.09426,-9.56222,8.88939,48.2593
20884,12603,5954,3886,3320,5969,4796,3735,3430,3899,3771,3482,3215,3317,3443,3302,3212,-29.8708,-29.5914,8.63132,47.556
20885,3074,3078,3366,3316,3287,3493,3860,3890,3438,3988,5319,5486,3633,4629,8544,9350,25.9873,15.9519,8.88546,47.834
20886,3607,4146,4763,4383,3802,5049,7627,5071,3668,4438,5859,4699,3357,3704,4068,3872,-3.93437,7.23746,8.58615,48.0753
20887,3425,3486,3309,3134,4145,3901,3529,3200,7306,4945,3712,3328,11330,5843,3922,3378,20.7233,-30.0572,8.72989,47.9287
20888,4510,4069,3649,3200,6835,5524,3859,3446,7839,5998,4013,3277,4933,4513,3683,3229,1.94942,-19.5838,8.69886,48.3847
20889,4081,5910,7213,4801,4089,5714,6834,4712,3554,3892,4133,3814,3166,3316,3457,3388,-15.9599,3.28864,8.82321,48.0493
20890,7218,9652,5386,3816,5027,5474,4310,3691,3739,3743,3610,3350,3319,3379,3288,3121,-26.9886,-10.55,8.5583,48.082
20891,3309,4067,7196,11509,3378,3924,5007,5824,3168,3376,3805,3885,3061,3315,3343,3353,-33.0353,21.6345,8.88174,47.68
20892,5350,4983,3876,3435,7596,7052,4212,3515,5378,5131,3815,3371,4010,3909,3518,3243,-6.31088,-16.2224,8.87773,48.2627
20893,3459,4331,7965,10486,3457,4048,5099,5727,3150,3457,3713,3840,3132,3195,3308,3427,-30.7355,18.325,8.75517,47.8627
20894,3398,3411,3316,3146,3980,3816,3365,3221,6158,4808,3842,3391,12619,6033,3949,3345,28.1022,-30.1391,8.7887,47.8653
20895,3419,3363,3290,3224,3958,3828,3374,3152,6047,4950,3855,3431,11885,6595,4135,3414,33.909,-23.3871,8.64035,47.9467
20896,3119,3194,3384,3308,3277,3521,3812,3852,3442,3795,4916,5876,3456,4124,7178,11534,26.921,21.3633,8.95941,47.8587
20897,6715,9367,5490,3786,5154,5708,4312,3688,3924,3835,3595,3386,3434,3392,3338,3099,-23.7915,-10.0787,8.55979,48.1487
20898,12170,6540,3981,3336,6182,4795,3875,3304,3939,3867,3497,3178,3293,3401,3245,3153,-27.7915,-24.9701,8.70753,47.8373
20899,3794,3629,3396,3237,5331,4199,3589,3277,9737,5229,3853,3355,7296,4970,3758,3291,10.8993,-30.598,8.64971,47.9607
20900,8297,7481,4351,3628,6395,5999,4115,3622,4290,4040,3656,3374,3509,3544,3295,3108,-18.7909,-15.9807,8.71585,48.4693
20901,3994,4023,3722,3295,5224,6014,4333,3536,5922,7574,4460,3603,4599,4822,3846,3380,2.99616,-11.2004,8.73554,48.2313
20902,4406,6649,7491,4805,4114,5633,6044,4500,3613,3967,4016,3744,3197,3334,3373,3347,-18.3469,1.93823,8.59919,48.1553
20903,4229,4129,3716,3266,6035,5779,4013,3481,6843,6843,4258,3541,4782,4705,3738,3270,2.66933,-15.4861,8.85796,48.4187
20904,3818,4678,6738,5685,3684,4856,7907,5791,3495,3778,4424,4145,3171,3379,3517,3508,-13.2949,9.7344,8.9845,48.3827
20905,5513,4429,3731,3413,9378,5501,3780,3398,6780,4727,3651,3442,4242,3858,3499,3203,-4.45215,-25.0337,8.65968,48.3633
20906,3120,3273,3693,3848,3269,3571,4302,5648,3347,3877,5487,9757,3321,3808,4888,6777,9.46906,25.9637,8.50836,47.9907
20907,3563,3657,3502,3295,4293,4628,3996,3459,5670,8208,4927,3750,5128,6164,4517,3741,10.9106,-9.00328,8.57016,48.332
20908,3413,3727,3935,3905,3708,4517,5802,4490,3809,5292,7639,4992,3627,4266,4825,4350,4.46285,6.29645,8.66965,48.198
20909,3291,3767,5938,11165,3261,3795,5010,7519,3221,3540,3875,4221,3166,3194,3428,3462,-20.3122,28.1052,8.8969,47.902
20910,3973,5419,7840,5772,3707,4901,6867,5030,3427,3832,4089,3885,3162,3459,3458,3463,-17.2552,7.19619,8.77893,48.1893
20911,3343,3775,5172,6834,3431,3969,6003,9294,3401,3530,4461,5517,3104,3299,3797,3881,-9.98899,21.755,8.83939,48.5407
20912,4235,5182,4837,3892,4746,7509,6242,4070,4023,4995,4509,3714,3624,3806,3715,3520,-8.30468,-2.87146,8.84192,48.4127
20913,3379,3337,3235,3098,3985,3748,3379,3239,6196,4919,3735,3424,12223,6524,4029,3422,27.0907,-24.5209,8.98331,47.9147
20914,3906,4180,3773,3550,4813,6412,4803,3687,4954,7271,5035,3637,4261,4571,3991,3522,1.99909,-6.55838,8.69488,48.244
20915,3326,3660,3819,3712,3507,4087,5295,4771,3646,4728,7765,6239,3479,4164,5326,5035,7.64986,11.7661,8.53488,48.3727
20916,3331,3441,3336,3223,3911,3925,3618,3275,5222,5256,4153,3507,8341,9189,4941,3670,29.0614,-13.396,8.60532,48.226
20917,3334,3716,3937,3678,3692,4512,5550,4225,3978,5517,8118,4951,3642,4480,5043,4328,5.86828,5.1096,8.97951,48.4673
20918,3156,3257,3505,3422,3482,3708,4149,4063,3701,4683,6783,5522,3781,5005,7885,6263,17.1936,10.0065,8.70509,48.2433
20919,12709,5949,3750,3449,6039,4609,3672,3469,3911,3852,3426,3268,3462,3249,3274,3081,-29.8884,-29.506,8.9677,47.446
20920,8687,5324,3878,3434,9083,5313,3775,3428,4811,3997,3603,3196,3638,3538,3224,3063,-14.432,-27.2204,8.55229,47.9947
20921,5155,7199,5263,3974,4978,7394,5273,3889,3899,4318,3778,3612,3487,3546,3475,3172,-14.5782,-5.97025,8.87377,48.2747
20922,3321,3961,5772,9230,3373,3789,5438,8424,3252,3548,4085,4575,3157,3227,3500,3587,-15.8504,23.7288,8.70014,48.1593
20923,3433,3958,5507,6760,3383,4069,6294,8559,3280,3673,4364,5088,3075,3326,3713,3757,-11.3211,19.3328,8.50978,48.1593
20924,3448,3881,5227,9022,3473,3780,5142,8775,3261,3516,4052,4776,3133,3357,3528,3622,-14.9908,30.8851,8.67701,47.9953
20925,3225,3398,3803,3907,3259,3534,4374,5482,3338,3805,5680,9664,3317,3664,5092,6879,9.67634,24.4928,8.9761,48.2807
20926,3179,3329,3242,3439,3293,3342,3761,3939,3353,3631,4731,5926,3479,3960,6042,12574,32.2872,33.454,8.96608,47.48
20927,3565,3695,3301,3162,4699,4352,3697,3414,7859,6539,4173,3529,6776,5801,4203,3466,12.6687,-18.0289,8.60913,48.154
20928,3398,3448,3210,3139,3671,3752,3600,3497,4510,5242,4586,3861,5989,9524,6393,4067,33.604,-6.22376,8.55334,47.9247
20929,6002,8315,5342,3973,5065,6511,4666,3664,3894,4151,3655,3395,3464,3502,3415,3216,-18.6946,-8.7588,8.63726,48.1533
20930,3414,3936,5213,5106,3540,4501,7638,6651,3395,3938,5258,4900,3241,3547,3877,3904,-6.35902,12.9543,8.91914,48.0393
20931,5953,6474,4554,3680,6206,7488,4532,3568,4290,4545,3860,3520,3661,3662,3416,3162,-12.8622,-11.9969,8.54925,48.3807
20932,3437,3899,6264,12188,3300,3858,4868,6772,3228,3491,3793,3908,3015,3316,3466,3541,-24.1192,27.3108,8.74266,48.2293
20933,4773,5572,4363,3732,5376,8006,5237,3791,4259,5168,4121,3648,3603,3687,3632,3262,-8.00394,-7.48613,8.5923,48.1533
20934,12034,6643,4062,3250,5894,4795,3774,3342,3940,3828,3399,3234,3417,3366,3295,3077,-32.7915,-22.9766,8.84894,47.5667
20935,3489,3402,3232,3169,4354,4124,3529,3287,6989,5937,4075,3524,8299,6735,4355,3498,17.7206,-18.0832,8.55445,47.9987
20936,3675,4605,7540,6965,3569,4409,6533,6152,3316,3640,4139,4108,3089,3380,3437,3439,-17.2015,13.8819,8.59215,47.9973
20937,3163,3180,3549,3724,3218,3527,4158,4943,3388,3820,5300,9302,3332,3778,5256,8326,13.3249,30.6929,8.7756,47.976
20938,11973,6784,3911,3471,6019,4770,3789,3273,3979,3760,3487,3240,3425,3382,3245,2982,-27.7176,-23.2447,8.65571,47.66
20939,3341,3841,5369,6957,3328,3954,6026,8985,3318,3601,4291,4987,3149,3372,3656,3745,-10.9706,21.4035,8.56062,47.9467
20940,3307,3344,3263,3101,3873,3764,3385,3259,6247,4671,3698,3360,12701,6067,3933,3442,26.9189,-30.8672,8.95708,47.61
20941,3384,3509,4305,5020,3257,3639,4999,8663,3253,3596,4808,8111,3280,3413,4002,4692,-0.956554,30.4448,8.99973,47.954
20942,3360,4132,6534,10453,3391,3918,5198,7145,3318,3521,3931,4145,3010,3219,3432,3442,-20.7077,22.1144,8.96911,48.0993
20943,3150,3218,3566,3419,3210,3497,4036,4185,3479,3988,5588,6385,3612,4416,7425,9057,20.7342,17.753,8.60265,48.154
20944,3662,4424,6164,5354,3619,4837,7948,5845,3558,3887,4659,4378,3196,3476,3624,3550,-11.1285,10.0042,8.69338,48.1207
20945,3358,3429,3327,3149,3939,4045,3579,3278,5998,5704,3992,3568,8700,8138,4544,3600,21.9428,-15.8093,8.8587,48.232
20946,3215,3329,3682,3741,3317,3623,4383,4808,3388,3925,6093,8578,3354,3968,5668,7146,11.9671,20.1792,8.74775,48.1453
20947,3324,3889,5159,7771,3341,3794,5331,9471,3271,3492,4109,4981,3112,3241,3707,3555,-12.4586,33.9113,8.96122,47.6987
20948,4642,6975,6654,4486,4424,6152,5995,4246,3700,4040,3981,3668,3300,3308,3570,3295,-17.0302,-0.686442,8.62032,48.2907
20949,4116,6149,9321,6093,3755,4631,5632,4599,3388,3726,3840,3739,3140,3255,3499,3460,-24.0298,6.58393,8.59286,48.2287
20950,3192,3203,3450,3319,3316,3565,3851,3773,3715,4268,5423,5032,3838,5232,9441,7346,25.6902,11.135,8.65282,47.976
20951,3343,3281,3262,3156,3892,3728,3531,3230,6148,4829,3753,3421,12619,5970,3954,3360,27.7499,-32.4975,8.81934,47.6513
20952,3495,3967,3992,3683,3831,5168,6061,4266,4009,5710,6850,4595,3799,4256,4532,4123,2.38723,2.5582,8.68444,48.2247
20953,3347,3391,3292,3164,3869,3643,3510,3295,6017,4620,3801,3446,12527,5999,4020,3397,29.299,-32.7862,8.5884,47.5587
20954,3116,3403,3797,4037,3393,3603,4733,5991,3356,3920,5702,9479,3343,3725,4800,6181,7.10696,23.6272,8.61695,48.386
20955,3336,3226,3320,3108,4009,3783,3369,3292,6406,4855,3799,3352,12433,6021,3876,3442,25.5573,-31.2971,8.86781,47.7513
20956,4489,4546,3887,3449,5990,7375,4483,3589,5234,6183,4277,3600,4049,4142,3666,3328,-2.75373,-11.4005,8.86243,48.1913
20957,5466,6671,4472,3656,5562,8022,4918,3777,4129,4490,4002,3474,3412,3559,3489,3232,-12.8959,-8.98348,8.94176,48.2207
20958,3277,3418,3326,3340,3579,3950,4134,3737,4228,5743,6447,4618,4326,6189,7280,4850,16.7069,2.23335,8.62545,48.2947
20959,3350,3758,4705,6618,3433,3844,5261,9786,3280,3585,4345,5780,3184,3294,3758,3896,-8.63346,29.5702,8.67793,47.918
20960,9421,7835,4565,3542,6157,5517,4051,3522,4088,3884,3500,3286,3341,3342,3199,3038,-22.9918,-17.2008,8.57117,48.192
20961,11138,5921,3899,3447,7209,4966,3753,3474,4198,3935,3484,3210,3412,3468,3169,3134,-20.6288,-32.5262,8.56428,47.878
20962,3385,3431,3433,3300,3810,4125,4181,3647,4530,6928,6095,4202,4643,6473,5879,4297,14.3743,-2.10606,8.83547,48.2393
20963,3123,3201,3383,3388,3224,3467,3773,3751,3364,3847,4869,6039,3333,3967,6573,12761,28.6598,25.1613,8.97231,48.042
20964,3172,3252,3372,3350,3258,3451,3864,3966,3535,3993,5174,5650,3468,4317,8047,10325,28.9947,18.1702,8.63774,48.1293
20965,4341,4942,4262,3619,5076,7798,5429,3877,4326,5646,4335,3663,3702,3833,3687,3413,-5.66846,-6.47856,8.59409,47.966
20966,3172,3262,3393,3314,3371,3638,3843,3829,3606,4284,5566,5132,3821,5430,9393,6880,24.8762,9.94279,8.63365,47.956
20967,10439,5843,3890,3434,7941,5085,3799,3312,4346,4022,3431,3241,3595,3451,3230,3094,-18.9249,-25.9697,8.54861,48.102
20968,3207,3516,3688,3650,3359,3677,4593,4593,3488,4240,7248,7052,3470,4198,5936,6137,11.4919,14.6649,8.58394,48.0347
20969,3363,3303,3344,3254,3656,3768,3732,3471,4363,5044,4602,3956,5346,9481,7110,4135,32.4823,-3.61755,8.84207,47.952
20970,3102,3127,3440,3315,3143,3558,3858,3869,3386,3781,4826,6232,3367,4002,6577,12176,28.5267,24.5192,8.76585,47.8393
20971,3322,3433,3283,3190,3732,3798,3702,3465,4667,5196,4562,3881,6121,9947,6237,3982,31.7125,-6.54844,8.73276,48.3453
20972,3560,4574,8267,9739,3437,4014,5167,5742,3177,3558,3882,3935,3141,3314,3309,3293,-26.9194,16.8796,8.67796,48.0727
20973,3281,3758,4911,7160,3378,3851,5183,9896,3273,3699,4218,5251,3136,3386,3640,3692,-10.2299,32.8194,8.74063,47.8087
20974,3162,3316,3654,3606,3221,3726,4267,4718,3428,4072,6481,8077,3439,4043,6056,7058,13.2128,18.313,8.98447,48.216
20975,3476,3424,3176,3178,4106,3804,3370,3162,6967,4926,3852,3378,11668,6204,3890,3332,23.074,-26.4295,8.94926,47.942
20976,3390,3651,3726,3644,3591,4316,5011,4215,3871,5505,8080,5094,3732,4654,5447,4570,8.33467,5.76799,8.67851,48.3313
20977,3835,3727,3342,3135,5553,4314,3589,3242,9923,5295,3802,3418,6941,4897,3834,3270,9.32373,-29.1275,8.87988,48.078
20978,3545,3674,3424,3302,4072,4661,4025,3466,5461,8032,5174,3780,5061,6141,4581,3851,11.0852,-8.03614,8.93513,48.1667
20979,5071,6513,5093,3848,5053,7805,5311,3863,4048,4508,3992,3460,3464,3513,3572,3341,-13.23,-6.13091,8.87156,48.3033
20980,11852,6127,3918,3520,6548,4952,3861,3396,4037,3773,3498,3255,3352,3270,3285,3100,-23.7703,-33.2925,8.53476,47.8293
20981,10640,5813,3888,3415,7779,5054,3724,3429,4404,3926,3427,3276,3428,3470,3173,3121,-19.0456,-31.675,8.72335,47.978
20982,4059,4930,5212,4243,4244,6406,7384,4550,3649,4410,4942,4035,3395,3584,3722,3503,-8.03085,1.82176,8.93983,48.1787
20983,11602,6019,3895,3400,6705,4805,3882,3418,3996,3802,3427,3269,3445,3342,3286,3173,-23.5545,-33.1842,8.50036,47.644
20984,3776,4413,5236,4246,3847,5831,7833,4801,3760,4555,5169,4173,3452,3665,3736,3643,-6.88212,4.45146,8.96402,48.0907
20985,4767,7817,7409,4599,4306,5388,5310,4292,3652,3909,3897,3675,3251,3392,3331,3185,-21.2413,-0.33152,8.65536,48.12
20986,3416,4040,7419,11239,3346,3887,4984,5833,3221,3398,3755,3928,3075,3253,3387,3419,-31.9247,20.4315,8.82982,47.7333
20987,8898,5209,3779,3364,9232,5252,3840,3196,4764,4032,3482,3256,3550,3509,3423,3148,-14.3614,-30.6521,8.87668,47.956
20988,3322,3823,6587,12381,3294,3694,4918,5889,3151,3542,3865,3883,3049,3233,3358,3458,-29.8247,25.8292,8.80837,47.6313
20989,3475,3414,3166,3073,4091,3741,3565,3267,6378,4975,3835,3355,10671,7212,4134,3512,23.507,-20.8064,8.59696,47.9093
20990,3905,5772,9873,6492,3735,4383,5272,4762,3400,3558,3767,3774,3245,3318,3385,3438,-31.9938,8.56607,8.74256,48.0527
20991,3184,3409,3589,3620,3271,3562,4247,4803,3397,4016,5734,8871,3375,3902,5624,7662,12.8801,22.2912,8.5459,48.1773
20992,4633,4124,3548,3260,8046,5057,3786,3413,8164,5282,3674,3333,4747,4306,3557,3273,0.484093,-24.5579,8.6158,48.1353
20993,3672,4958,9483,7996,3586,4214,5268,5273,3239,3422,3786,3839,3274,3337,3375,3306,-33.2242,12.936,8.90186,48.0187
20994,3504,3834,5798,12373,3438,3773,4793,6133,3233,3422,3771,3907,3147,3268,3356,3351,-33.0411,30.5564,8.59613,47.4007
20995,3800,3824,3533,3228,4743,5170,3980,3521,6424,7680,4548,3576,5214,5495,4129,3541,8.05292,-11.8949,8.61177,48.2707
20996,3697,4711,6631,5196,3743,5159,7873,5444,3494,3967,4509,4199,3181,3428,3650,3503,-12.2903,7.82811,8.82564,48.2567
20997,11387,6022,3867,3437,7160,4931,3820,3320,4096,3965,3390,3258,3447,3464,3225,3133,-21.8114,-29.0219,8.55968,47.948
20998,3603,3563,3294,3076,4519,4058,3513,3335,8129,5651,3862,3277,8792,6019,4051,3424,16.121,-22.2645,8.81113,48.1107
20999,3341,3360,3248,3139,3792,3640,3389,3309,5962,4560,3817,3375,12781,6050,3935,3440,29.8498,-32.6345,8.96906,47.4253
21000,3830,5070,8574,6451,3569,4565,6486,5320,3332,3617,4064,3953,3203,3289,3459,3480,-19.5507,10.2869,8.58983,48.1747
21001,11756,6061,3910,3422,6852,4950,3776,3418,4029,3914,3424,3175,3452,3438,3208,3170,-23.1209,-27.7684,8.82154,47.97
21002,3182,3379,3854,4141,3277,3688,4783,6007,3342,3972,6117,9003,3358,3777,4794,5820,6.40537,20.7974,8.71071,48.3293
21003,3492,4286,7779,9657,3396,4081,5347,6218,3256,3505,3813,3866,3095,3290,3472,3442,-23.117,17.9588,8.5527,47.9967
21004,3486,4425,8399,9894,3541,3903,5159,5567,3223,3473,3854,3889,3207,3211,3329,3352,-28.8721,16.8449,8.98037,47.9413
21005,3361,3274,3275,3193,4044,3863,3518,3336,6806,4886,3929,3418,11925,5889,4040,3383,22.5709,-33.1728,8.89243,48.0933
21006,3384,4066,6482,8637,3474,3932,5872,7801,3263,3530,4090,4411,3151,3336,3551,3519,-16.3765,19.9198,8.9238,48.3327
21007,3445,3320,3215,3074,4107,3845,3430,3303,7473,5025,3764,3399,11160,5750,3946,3404,20.1467,-32.7715,8.7002,47.7733
21008,3165,3247,3603,3913,3247,3534,4305,5511,3346,3891,5272,9996,3239,3809,5041,7128,10.197,27.1906,8.79137,48.1647
21009,3858,5644,9563,6549,3723,4397,5616,4917,3413,3572,3897,3791,3159,3264,3472,3350,-24.2395,8.51621,8.58115,48.1233
21010,4902,4940,3954,3580,6352,7825,4605,3522,4975,5665,4121,3438,3936,3991,3673,3241,-5.59905,-12.1002,8.89301,48.48
21011,3101,3291,3465,3351,3410,3579,3874,3868,3482,4217,5513,5397,3712,4865,9136,8126,25.1225,13.4391,8.64322,48.258
21012,3308,3427,3259,3065,3988,3906,3636,3206,5485,5823,4183,3555,8144,8785,4765,3678,22.9019,-13.7069,8.78988,48.142
21013,3134,3145,3365,3352,3119,3467,3718,3920,3327,3977,4831,6692,3416,3955,5844,12240,24.0171,31.5102,8.93625,47.668
21014,5379,6270,4740,3697,5644,8054,5052,3667,4143,4538,4013,3424,3601,3551,3433,3263,-12.0754,-8.91932,8.96503,48.3127
21015,3353,4010,6955,11609,3340,3720,4960,5921,3233,3482,3759,3995,3043,3238,3452,3330,-31.1959,22.2538,8.64447,47.6
21016,3109,3158,3465,3312,3259,3491,3772,4128,3372,3794,5019,6885,3453,3923,6046,11796,22.0595,33.2646,8.84911,47.988
21017,5216,4518,3657,3297,8651,5738,3813,3387,6824,5009,3719,3330,4380,3915,3447,3234,-3.59577,-21.8962,8.93742,48.09
21018,8984,5729,3753,3414,8566,5520,3873,3365,4582,3982,3550,3213,3564,3504,3377,3089,-15.8905,-24.9935,8.97126,48.0433
21019,3173,3422,3392,3434,3544,3949,4298,3913,3798,5095,7484,5268,4002,5039,7225,5357,14.8289,7.24083,8.68001,48.262
21020,3332,3813,6017,12677,3417,3700,4806,6080,3174,3517,3912,4002,3216,3262,3417,3437,-26.6922,29.836,8.78242,47.8527
21021,3309,3891,5975,11599,3323,3761,4884,7176,3195,3426,3834,4058,3128,3261,3439,3386,-21.9574,28.3042,8.79373,47.7633
21022,3414,3898,5415,8994,3384,3767,5198,8715,3333,3499,4031,4597,3107,3309,3509,3613,-15.284,28.1945,8.59323,47.8553
21023,4955,8140,6575,4473,4428,5875,5296,4225,3675,3952,3830,3595,3287,3432,3413,3232,-20.4193,-2.55542,8.69712,48.2553
21024,3371,3810,5882,12608,3358,3688,4668,6176,3197,3388,3658,3884,3135,3400,3289,3400,-32.9121,30.1373,8.91886,47.2747
21025,3374,3424,3232,3147,3885,3935,3581,3216,5734,5137,3986,3543,9491,8355,4606,3608,26.7044,-16.4172,8.67123,48.1693
21026,3121,3279,3304,3447,3252,3503,3875,3872,3453,3975,5068,5518,3563,4675,8911,9401,30.8244,15.5,8.98147,48.1447
21027,11219,7197,4208,3364,6310,5087,3816,3496,4018,3724,3445,3207,3412,3287,3191,3009,-25.1948,-21.5487,8.82642,47.9933
21028,3289,3375,3356,3453,3365,3802,4011,3802,3851,5077,6783,4953,4108,5583,7692,5474,17.121,6.01262,8.6264,47.9827
21029,3425,3546,3340,3123,4365,4231,3586,3369,7053,6125,3973,3529,7708,7038,4269,3432,17.0788,-16.6587,8.71641,48.0747
21030,3414,3618,3505,3377,3839,4437,4358,3714,4423,7116,6633,4327,4325,5658,5511,4277,11.3527,-0.71588,8.91562,48.3547
21031,3314,3567,4148,4916,3258,3763,4841,7934,3308,3716,4940,8434,3207,3582,4131,4721,0.47584,32.0089,8.62711,47.8533
21032,3382,3320,3387,3179,3838,3822,3531,3319,5192,5051,4199,3544,8126,9280,4972,3630,28.8625,-13.097,8.58886,47.848
21033,7802,5241,3917,3392,9151,5557,3805,3509,4986,4176,3598,3278,3786,3646,3272,3216,-12.5133,-24.4791,8.78735,48.2213
21034,12149,5992,3871,3367,6644,4877,3846,3277,3994,3885,3500,3187,3376,3408,3335,3173,-24.0497,-29.7056,8.65136,47.9207
21035,4761,8053,8580,4900,4057,4966,5072,4167,3521,3764,3838,3659,3218,3351,3340,3218,-30.4284,0.542833,8.83477,48.31
21036,3178,3270,3518,3450,3300,3372,3808,3991,3436,3791,4837,5829,3398,4058,6960,11579,32.2615,21.7087,8.80582,47.85
21037,4556,7824,8786,4884,4177,4887,4945,4204,3541,3765,3725,3539,3162,3312,3328,3267,-27.9263,1.37732,8.90342,47.9347
21038,3353,3447,3274,3165,3707,3889,3566,3432,4503,5175,4546,3772,5769,9714,6583,4186,27.5385,-5.53314,8.69805,48.054
21039,5810,4655,3699,3236,9567,5423,3814,3485,6574,4591,3738,3357,4133,3929,3429,3112,-5.66194,-26.0672,8.93742,48.368
21040,3143,3318,3546,3724,3288,3573,4371,4854,3363,4105,6237,8373,3399,4104,5713,7208,12.3524,20.0698,8.64768,48.2127
21041,10902,7517,4098,3424,5793,4987,3871,3296,4045,3969,3430,3193,3403,3432,3194,3233,-33.65,-19.8922,8.91292,47.858
21042,3646,4211,4291,3837,4029,5756,6354,4345,3934,5554,6304,4338,3741,4115,4327,3935,0.000428132,1.90397,8.7784,48.478
21043,3530,3686,3461,3292,4046,4591,3923,3561,5459,7813,5004,3819,5109,6482,4935,3922,12.443,-7.67841,8.56909,48.422
21044,3291,3396,3366,3180,3692,3761,3714,3441,4827,5424,4291,3730,6572,9775,5646,3765,28.384,-8.7417,8.64504,47.914
21045,3095,3283,3538,3558,3209,3567,4121,4377,3425,3989,5620,7544,3493,4080,6362,8998,17.4584,21.0066,8.65325,48.1727
21046,3771,3719,3373,3261,4843,4864,3835,3455,7064,7647,4312,3457,5688,5591,4017,3489,9.30932,-14.7607,8.9013,48.2573
21047,3570,4281,5890,5511,3515,4496,7881,6644,3329,3732,4944,4514,3315,3464,3608,3667,-10.5428,13.0391,8.67196,48.2407
21048,3240,3442,3409,3320,3556,3854,3875,3619,4205,5511,5817,4390,4418,6977,7877,4899,19.9217,1.6661,8.94089,48.2727
21049,3178,3352,3268,3250,3460,3624,3752,3499,3922,4729,5110,4467,4316,7233,9509,5411,30.5613,3.73219,8.93079,48.0533
21050,3061,3219,3453,3536,3195,3412,3919,4199,3351,3739,4992,7360,3436,3947,6081,11003,20.5387,25.506,8.92858,47.9353
21051,3289,3471,3199,3181,4162,3871,3476,3209,7130,4942,3732,3420,11035,5954,3969,3315,20.9488,-31.5401,8.72916,47.57
21052,4022,5638,8282,5550,3882,4895,6639,5007,3358,3823,4004,3886,3277,3444,3411,3380,-18.1649,6.95938,8.67852,48.332
21053,3567,4675,9089,8774,3583,4081,5166,5308,3296,3503,3880,3869,3027,3239,3348,3356,-29.0062,14.2207,8.8914,47.8407
21054,3704,3530,3298,3117,4702,4365,3653,3344,8038,6147,4106,3456,7264,5941,4162,3349,13.4449,-19.2178,8.59285,48.1173
21055,5074,8699,7623,4449,4314,5142,4855,4062,3684,3762,3700,3408,3279,3374,3339,3224,-31.3764,-1.89882,8.57712,47.992
21056,3450,3753,3737,3761,3586,4404,5571,4406,3928,5418,8096,5053,3722,4283,4926,4485,5.7902,6.3839,8.70714,48.386
21057,3129,3322,3535,3649,3216,3544,4263,4739,3481,3939,5795,8781,3331,3960,5610,7867,13.2444,22.7126,8.66419,48.1073
21058,3073,3329,3308,3440,3367,3578,3915,4044,3689,4336,6030,5435,3804,5037,8839,7116,21.531,11.3891,8.55263,48.2267
21059,4550,6466,6033,4242,4422,6692,6232,4195,3789,4131,4025,3675,3355,3314,3507,3259,-14.9933,-1.71859,8.72251,47.9247
21060,3397,4027,5310,5400,3494,4372,7433,7031,3333,3961,5020,5064,3245,3392,3875,3853,-7.46631,14.4243,8.66005,48.138
21061,5364,5587,4038,3587,6584,7716,4579,3595,4818,4962,3904,3290,3795,3731,3383,3273,-8.84791,-12.7851,8.55408,48.1373
21062,4037,4777,4584,3708,4494,7087,6359,4252,4010,5223,4901,3832,3588,3823,3846,3486,-5.39644,-1.66497,8.74402,48.0047
21063,3175,3202,3390,3419,3229,3505,3875,3896,3338,3965,4939,6073,3378,4047,7010,11283,33.7343,21.7431,8.58538,47.816
21064,3451,4200,7990,10318,3454,3875,5236,5610,3331,3516,3846,3936,3026,3236,3289,3455,-33.2794,17.9414,8.84021,47.846
21065,3852,3655,3513,3305,4700,5066,3833,3405,6651,7826,4502,3513,5410,5602,4153,3528,8.71869,-12.8614,8.88594,48.3427
21066,3290,4008,5469,5954,3493,4182,6992,7821,3382,3733,4785,4956,3194,3465,3691,3745,-9.67021,16.8008,8.94714,48.1067
21067,3562,3726,3570,3412,4152,4771,4212,3559,5138,7968,5511,3814,4679,5676,4693,3751,9.60969,-6.29694,8.56232,48.1293
21068,3235,3522,3836,3883,3497,3883,5005,4778,3572,4488,7904,6609,3515,4088,5470,5221,7.92786,12.5205,8.66145,48.3373
21069,8041,5268,3799,3354,9382,5576,3889,3380,5006,4136,3521,3293,3677,3532,3340,3061,-12.6969,-26.0383,8.77353,48.17
21070,4439,4078,3584,3371,7666,4899,3652,3323,8606,4964,3809,3338,5093,4305,3561,3252,1.49427,-32.0146,8.55833,47.96
21071,3299,3762,4863,7347,3339,3900,5431,9865,3244,3540,4176,5324,3051,3189,3654,3808,-10.6064,26.8167,8.90673,47.8613
21072,3131,3356,3274,3386,3345,3536,3834,3934,3650,4397,5771,5168,3781,5162,9309,7444,23.1804,11.4818,8.69716,48.3187
21073,4169,4059,3548,3350,5725,6117,4214,3430,6373,7046,4364,3559,4692,4589,3912,3359,2.51058,-13.7925,8.79778,48.3373
21074,3312,3576,4258,5038,3341,3804,5096,8496,3329,3777,4919,7792,3153,3616,4010,4548,-1.13418,26.3768,8.54157,48.0433
21075,12107,6554,3963,3417,6071,4793,3791,3432,3915,3749,3459,3302,3421,3398,3225,3160,-28.6719,-24.8028,8.54418,47.838
21076,3131,3203,3384,3542,3183,3465,3814,4017,3283,3943,4888,5852,3285,4083,6962,11679,32.2745,22.3677,8.68601,47.8093
21077,3137,3166,3402,3505,3252,3474,3908,4109,3336,3759,4955,7178,3316,3977,5962,11437,21.459,27.3094,8.63281,47.9153
21078,7621,9560,5136,3639,5092,5182,4275,3589,3825,3692,3551,3354,3446,3301,3295,3158,-31.8063,-11.6418,8.52079,47.8107
21079,3192,3494,3794,3995,3494,3912,5306,5116,3568,4446,7533,6862,3448,3970,5026,4974,6.21655,13.7307,8.69625,48.0867
21080,3682,4715,9326,8625,3469,4067,5099,5400,3347,3425,3804,3882,3145,3206,3413,3340,-28.6181,13.8846,8.79679,47.9633
21081,5383,8765,7283,4425,4395,5172,5003,4022,3659,3809,3741,3532,3226,3379,3305,3150,-25.9992,-2.71874,8.57891,48.166
21082,3190,3223,3354,3554,3247,3584,3946,3840,3470,4215,5660,5679,3581,4673,8410,8560,23.0687,15.1333,8.71011,48.124
21083,3243,3442,3667,3784,3288,3631,4421,5424,3497,3902,5337,9824,3228,3692,4916,6805,9.30883,33.405,8.64136,48.0673
21084,11314,5835,3904,3338,7304,4939,3852,3447,4247,3875,3511,3312,3503,3338,3231,2995,-21.4658,-30.4673,8.59879,47.9633
21085,4148,4040,3572,3161,6186,5454,3966,3520,7409,6473,4048,3430,5017,4592,3835,3281,3.15362,-17.5127,8.57416,48.088
21086,4894,4287,3570,3122,8202,5306,3749,3451,8004,5128,3718,3338,4741,4157,3528,3317,-0.489318,-23.3132,8.94135,48.3413
21087,3273,3359,3221,3283,3887,3646,3321,3297,5832,4586,3800,3396,12478,6167,3905,3373,30.7882,-33.0702,8.70215,47.216
21088,10274,5907,4050,3254,7869,5126,3861,3358,4315,3964,3482,3225,3544,3303,3289,3089,-18.8378,-25.6475,8.67651,47.94
21089,3104,3262,3341,3338,3299,3518,3813,3794,3648,4192,5482,4815,3691,5226,9847,7460,27.0008,11.0079,8.86827,47.8867
21090,3609,3684,3376,3223,4303,4938,3917,3426,5794,8249,4915,3828,5180,6076,4377,3603,10.3898,-9.69986,8.84079,48.332
21091,3193,3371,3760,3841,3418,3750,4884,5456,3440,4057,6697,8446,3422,3822,5066,5705,7.66253,18.5051,8.80229,48.2187
21092,6849,6252,4214,3469,7243,6656,4219,3510,4518,4308,3583,3304,3623,3605,3313,3156,-13.9635,-16.2022,8.53138,47.8813
21093,3237,3446,3767,4094,3332,3643,4542,6469,3491,3828,5125,9905,3292,3667,4548,5874,5.61994,32.1204,8.93508,48.1733
21094,4158,5284,5388,4201,4225,6729,6899,4377,3773,4612,4538,3919,3473,3720,3591,3400,-9.64074,0.0449002,8.52357,48.1913
21095,3403,3371,3218,3126,3931,3787,3436,3171,5775,4997,3889,3393,10871,7603,4184,3416,28.6335,-19.5779,8.8183,47.714
21096,10349,7861,4318,3548,5660,5013,4024,3470,3990,3726,3533,3372,3384,3348,3174,3095,-31.606,-18.1937,8.50357,47.91
21097,8097,7622,4485,3591,6233,5991,4086,3536,4024,4005,3491,3250,3531,3441,3347,3041,-19.1937,-15.8006,8.55432,47.8473
21098,3188,3572,4145,4858,3334,3889,5363,8216,3380,3791,5187,7635,3196,3630,4120,4631,-0.658071,23.9017,8.89797,48.09
21099,3423,3370,3273,3054,4026,3924,3557,3313,5910,5726,4272,3547,8393,8247,4504,3650,21.0247,-14.9522,8.77518,48.126
21100,3149,3360,3349,3286,3460,3707,3856,3597,3912,4672,5061,4521,4175,6738,9687,5520,32.5815,4.7164,8.95182,48.0333
21101,3398,3429,3291,3230,3660,3729,3734,3449,4453,5179,4846,3888,5209,9046,7369,4293,26.5487,-2.85162,8.89466,48.1353
21102,3237,3351,3360,3360,3431,3614,3756,3760,3762,4340,5143,4718,4001,5895,9994,6500,32.157,8.06641,8.7568,48.148
21103,3719,3596,3346,3159,4348,4532,3732,3421,6585,7219,4320,3613,6242,6701,4317,3603,13.5189,-13.6641,8.72603,48.302
21104,3363,3711,5079,7313,3429,3912,5333,9838,3213,3596,4235,5267,3182,3322,3670,3709,-10.6674,27.865,8.64748,48.1147
21105,3865,5208,8988,6647,3740,4454,6114,5164,3423,3681,3996,3886,3194,3254,3432,3380,-21.6252,9.76685,8.52035,48.284
21106,3444,3350,3193,3146,4028,3803,3449,3173,5922,4751,3765,3351,12277,6374,3864,3435,32.6141,-26.5793,8.52271,47.55
21107,3736,4721,6300,5213,3805,5012,7993,5490,3531,4082,4691,4156,3234,3538,3561,3557,-11.8612,8.20841,8.81864,48.4133
21108,3326,3578,4333,4693,3367,3784,5478,7529,3349,3992,5481,7670,3340,3576,4285,4759,0.126507,20.7689,8.68713,48.36
21109,3348,3430,3363,3096,3809,3841,3686,3430,4983,5618,4283,3756,6488,9602,5643,3910,25.268,-8.97139,8.55851,48.1907
21110,3427,3991,6068,11899,3358,3727,4890,6895,3192,3452,3880,4085,3083,3310,3368,3354,-23.2734,26.6287,8.62806,47.986
21111,3208,3302,3359,3276,3818,3869,3641,3484,4623,5600,4698,3900,5768,9247,6241,4044,24.7652,-6.02828,8.53757,48.052
21112,3429,3498,3131,3218,4055,3821,3418,3351,6170,5423,3813,3448,9503,7789,4439,3427,22.6619,-17.9688,8.56609,47.9553
21113,3523,4100,4136,3951,3732,5226,6622,4654,3785,5142,6650,4640,3718,3986,4387,3941,0.131943,4.95737,8.73527,48.1287
21114,3055,3358,3559,3663,3280,3513,4252,4872,3376,3855,5702,9148,3338,3874,5419,8031,13.1297,23.9051,8.84958,48.1967
21115,3916,5266,7843,5669,3745,4890,6969,5167,3510,3717,4263,3900,3232,3298,3462,3387,-16.9354,7.93429,8.95081,48.156
21116,3503,3554,3293,3050,4351,4006,3551,3217,8214,5315,3842,3381,9585,5957,3891,3317,17.203,-24.8195,8.60314,48.018
21117,3001,3135,3361,3416,3229,3433,3831,4121,3361,3844,4892,7164,3352,3985,5946,11344,21.6923,29.2077,8.57234,47.61
21118,3409,3992,6569,12222,3355,3925,4804,6024,3211,3461,3778,3814,3157,3315,3334,3432,-32.3872,24.6713,8.80169,47.868
21119,3153,3239,3350,3383,3295,3438,3729,3913,3302,3684,4818,6040,3367,3955,6201,12477,29.3305,26.5481,8.83641,47.5627
21120,3246,3320,3933,4208,3385,3737,4733,6627,3349,3727,5220,9576,3271,3663,4418,5579,4.80861,33.71,8.53596,47.9947
21121,5154,6048,4507,3669,5648,8137,5002,3771,4221,4762,3909,3383,3618,3618,3471,3302,-10.5771,-9.16468,8.98404,48.1467
21122,5792,4684,3653,3316,9626,5224,3778,3346,6312,4618,3670,3294,4000,3748,3370,3258,-6.27791,-32.5696,8.53723,47.7927
21123,3517,4293,7681,10734,3409,3803,5030,5814,3185,3542,3857,3958,3097,3222,3353,3433,-28.7504,19.8001,8.63418,47.952
21124,5509,4516,3647,3235,9233,5480,3896,3305,6783,4633,3679,3242,4321,3925,3436,3167,-4.16239,-25.8266,8.59073,48.0047
21125,3464,3884,5603,9825,3325,3857,5092,8325,3288,3493,4107,4307,3032,3208,3455,3553,-16.8696,32.2957,8.78069,47.8787
21126,3189,3233,3422,3438,3274,3313,3754,3848,3469,3836,4660,6246,3270,3887,5884,12716,33.1093,28.2622,8.88463,47.626
21127,3477,4056,6510,10430,3315,3912,5221,7068,3259,3557,3955,4223,3128,3205,3513,3506,-20.2261,22.7729,8.63328,48.2233
21128,11650,5876,4019,3301,7155,4919,3827,3287,4061,3841,3482,3348,3446,3407,3334,3047,-22.3936,-29.3514,8.92222,48
21129,3383,3389,3396,3329,3640,3758,3772,3472,4232,5135,4883,4174,4858,8555,7722,4567,33.3216,-1.16549,8.78573,48.1767
21130,3612,4612,8413,9119,3475,4124,5353,5656,3220,3486,3731,3905,3189,3215,3469,3402,-25.0403,15.7319,8.72849,47.9873
21131,3166,3276,3410,3371,3260,3644,4066,4026,3604,4301,6265,5613,3621,4699,8252,7323,20.0561,12.8405,8.70747,47.9313
21132,3116,3203,3462,3355,3363,3481,3823,3875,3446,4133,5237,5221,3735,4919,9604,8004,29.9799,12.5704,8.90837,47.9847
21133,9655,7403,4293,3485,6574,5410,3916,3444,4173,3853,3596,3164,3441,3469,3297,3091,-21.2188,-18.8486,8.97669,48.176
21134,3201,3398,3826,4046,3222,3690,4534,6184,3368,3684,5360,9911,3272,3778,4692,6025,6.57739,33.5664,8.82146,48.1273
21135,7874,5378,3863,3354,8995,5760,4022,3345,4842,4176,3559,3253,3785,3522,3558,3055,-13.1241,-23.4591,8.56755,48.2273
21136,11418,6451,3975,3497,6742,5042,4003,3371,4048,3882,3402,3210,3430,3457,3073,3086,-22.7729,-24.0945,8.74944,48.058
21137,4833,5633,4422,3631,5655,8085,5035,3783,4386,5047,4033,3531,3612,3722,3587,3314,-9.02729,-8.51049,8.6101,48.206
21138,3229,3460,3951,4131,3346,3756,4815,6431,3398,3872,5890,8710,3263,3677,4601,5340,4.61676,21.3299,8.65753,47.9133
21139,12606,6036,3794,3340,5979,4814,3817,3366,3977,3746,3353,3215,3443,3371,3208,3263,-32.783,-27.9157,8.80249,47.552
21140,3563,4306,7277,7787,3554,4147,6255,6653,3261,3598,4154,4122,2998,3218,3563,3495,-17.4367,15.7928,8.84734,47.9673
21141,3391,4045,6257,11587,3389,3803,4900,6934,3129,3498,3842,3962,3079,3254,3381,3391,-23.1229,25.1164,8.70247,47.8947
21142,3666,4658,9149,8689,3547,4245,5160,5312,3245,3559,3755,3735,3129,3226,3337,3412,-33.065,13.9702,8.95842,47.8827
21143,3106,3203,3422,3367,3410,3719,4077,3998,3596,4547,6341,5786,3738,4796,8428,7179,19.3143,11.9163,8.71034,48.4753
21144,3358,3807,5124,6935,3372,3871,5934,9138,3150,3661,4506,5286,3081,3405,3702,3868,-10.2025,22.0632,8.80628,48.132
21145,3821,3585,3400,3017,5372,4407,3557,3250,9589,5435,3811,3546,7230,5133,3801,3290,10.6998,-25.2759,8.67834,48.1627
21146,4551,5208,4356,3686,5165,8085,5232,3805,4404,5389,4334,3614,3662,3927,3582,3332,-6.57711,-7.06777,8.73015,48.2213
21147,5729,8585,5647,3963,4959,6463,4822,3791,3808,4117,3770,3468,3427,3506,3355,3265,-19.4396,-7.04541,8.77299,48.45
21148,3515,3674,3352,3068,4102,4432,3846,3488,5746,7453,4689,3712,5918,7014,4719,3729,14.3699,-10.9309,8.56234,48.3047
21149,3582,4148,6114,6691,3538,4224,6816,7333,3265,3771,4355,4522,3142,3461,3533,3664,-12.7939,16.407,8.50393,48.106
21150,4617,4470,3786,3384,6356,7253,4387,3504,5544,6118,4100,3561,4094,4117,3713,3315,-2.47048,-13.0987,8.74653,48.2127
21151,3097,3311,3355,3348,3404,3652,3870,3625,3744,4483,5167,4858,3753,5576,9935,6748,30.6971,9.25561,8.59723,47.9507
21152,3399,3452,3327,3127,3744,3926,3731,3449,4614,5595,4483,3677,6262,9774,5952,4039,24.6981,-7.488,8.80656,48.3673
21153,4042,5508,7578,5404,3806,5253,6985,4929,3441,3822,4150,3857,3216,3369,3412,3398,-16.5785,5.90968,8.79369,48.1133
21154,6363,7133,4549,3607,6105,7040,4559,3722,4287,4271,3772,3352,3618,3446,3328,3118,-15.1733,-12.3775,8.63632,48.18
21155,3480,3459,3231,3137,4112,3834,3481,3155,7031,4871,3762,3319,11578,5789,3926,3375,22.0594,-28.3188,8.63157,47.6933
21156,3496,3499,3309,3200,4624,4106,3591,3441,8587,5208,3902,3378,8571,5527,3897,3533,14.7552,-33.4333,8.51817,47.9127
21157,4747,7901,7498,4649,4242,5351,5170,4212,3621,3862,3973,3513,3208,3452,3366,3334,-22.3474,-0.547504,8.58018,48.066
21158,3754,3756,3393,3127,5297,4327,3468,3239,9695,5315,3759,3364,7243,4943,3779,3351,10.2266,-27.5448,8.72472,47.8733
21159,7678,5126,3905,3259,9479,5230,3873,3359,5064,4182,3559,3163,3743,3619,3278,3223,-11.8042,-27.7622,8.70529,47.8267
21160,6239,9637,5747,3933,4849,5130,4424,3690,3843,3895,3678,3411,3429,3402,3332,3093,-33.8404,-7.72471,8.56814,47.8213
21161,3946,5327,7317,5243,3951,5229,7128,4847,3545,3881,4174,3830,3269,3427,3420,3389,-15.6808,5.71113,8.66647,47.9487
21162,3256,3435,3374,3152,3680,3809,3808,3455,4571,6011,4943,3898,5526,8797,6269,4145,21.7076,-5.10792,8.75897,48.086
21163,4566,4130,3523,3275,7634,4822,3772,3443,8818,4951,3733,3485,4941,4324,3602,3267,1.71526,-28.5663,8.81962,48.1907
21164,3185,3354,3384,3266,3205,3399,3689,3857,3411,3779,4735,5866,3345,4065,6027,12740,29.8679,33.9534,8.7433,47.538
21165,3066,3285,3312,3422,3274,3557,3823,3838,3530,4070,5074,5408,3593,4643,8771,8897,32.1946,15.2491,8.57643,47.7087
21166,3186,3265,3594,3676,3267,3605,4251,4686,3427,3948,5724,8562,3442,4031,5546,8250,14.3951,22.4922,8.66385,48.3067
21167,3361,3740,4795,4685,3458,4290,7119,6610,3415,4170,5965,5753,3352,3648,4112,4078,-2.63107,13.605,8.94997,48.3673
21168,3365,3339,3334,3179,3840,3911,3714,3476,4890,6247,4823,3904,5631,8700,5930,3928,19.9602,-6.21647,8.50704,48.1407
21169,9252,6647,4210,3405,7480,5622,3952,3425,4209,3924,3536,3293,3465,3459,3202,3180,-18.3045,-19.9799,8.9297,48.174
21170,3335,3680,4730,5892,3405,3964,5825,9204,3301,3645,4645,6138,3072,3460,3817,4026,-6.96273,22.3281,8.67575,48.0927
21171,3144,3416,3465,3269,3384,3714,3840,3588,3866,4619,5212,4593,4164,6283,9685,6056,27.4091,6.06025,8.56319,48.1987
21172,3359,3804,5390,9803,3460,3726,4965,8540,3202,3449,3997,4553,3154,3264,3426,3601,-16.7076,29.4893,8.89123,47.7953
21173,4127,4099,3636,3228,5540,6288,4122,3524,6370,7202,4270,3511,4636,4629,3896,3446,2.44198,-13.2701,8.99062,48.3493
21174,5157,5942,4444,3733,5841,8111,4788,3663,4426,4839,3969,3519,3647,3685,3529,3208,-9.98444,-9.49493,8.64123,48.334
21175,3228,3473,3930,4383,3425,3786,4675,7307,3318,3751,4990,9221,3383,3429,4314,5353,3.27495,31.0925,8.87275,47.9773
21176,3390,3550,3469,3167,3967,4169,3842,3399,5349,6873,4707,3728,5852,8093,5104,3954,17.5712,-8.89128,8.70729,48.4087
21177,3467,3901,5590,10419,3407,3841,4960,8025,3166,3499,3990,4289,3069,3213,3409,3506,-18.3686,30.3014,8.66067,47.834
21178,5301,5960,4416,3603,6068,8015,4796,3722,4495,4736,3913,3487,3564,3570,3550,3308,-10.0752,-10.6336,8.78519,48.336
21179,11661,6490,3995,3488,6314,4996,3900,3573,4065,3768,3453,3322,3379,3322,3266,3003,-25.0669,-23.9085,8.61518,47.9967
21180,3909,4010,3614,3304,5094,5535,4062,3486,6203,7752,4598,3570,4853,4868,4087,3506,5.13571,-11.5563,8.8311,48.3007
21181,3216,3287,3406,3262,3584,3752,3909,3602,4109,5060,5473,4260,4575,7692,8420,4898,23.7375,1.27712,8.76698,48.3367
21182,3251,3269,3342,3301,3591,3773,3816,3555,3975,4937,5123,4176,4523,7489,8914,5141,26.7765,2.14197,8.68138,48.1173
21183,3322,3938,5248,8063,3456,3716,5241,9256,3247,3552,4301,4817,3142,3349,3712,3602,-13.1049,33.2396,8.71441,47.9747
21184,3304,3663,4073,4395,3534,4027,5863,6013,3429,4184,6684,6834,3386,3814,4527,4666,2.16137,15.5929,8.67101,48.264
21185,3186,3218,3371,3360,3310,3472,3897,3860,3496,3953,5218,5382,3443,4450,8912,9024,33.5145,15.5,8.8428,47.7013
21186,3451,3955,4905,5809,3406,4064,6563,8402,3305,3749,4728,5483,3207,3525,3759,3927,-7.44358,18.2911,8.70212,48.1587
21187,3527,3452,3156,3142,3887,3655,3520,3160,6347,4862,3826,3385,12358,6136,3971,3335,26.0209,-28.2727,8.66655,47.8127
21188,4303,6861,9720,5467,3913,4735,5137,4381,3432,3631,3673,3624,3188,3262,3411,3221,-30.7491,4.21003,8.89658,47.9727
21189,3415,3930,4477,4292,3558,4810,7357,5282,3638,4620,6684,4944,3394,3896,4111,3990,-1.67154,8.75085,8.97649,48.2653
21190,5041,4332,3570,3292,8833,5050,3769,3287,7566,4813,3749,3436,4545,3968,3526,3327,-2.21816,-33.0897,8.58781,48.0693
21191,8420,5772,3956,3356,8411,5642,3953,3532,4784,4375,3556,3214,3501,3502,3337,3079,-14.8242,-22.7358,8.53334,48.26
21192,3509,3806,3859,3617,3736,4802,5351,4096,4068,6127,7467,4611,3847,4416,4893,4072,5.46662,2.5018,8.98146,48.1847
21193,3140,3276,3391,3450,3252,3427,3877,3874,3510,4113,5025,5499,3496,4652,8670,9375,31.3247,15.8502,8.53247,48.018
21194,3343,3380,3523,3433,3474,4017,4279,3914,3838,5017,7433,5272,3847,4977,7240,5255,14.7537,7.63772,8.60967,48.1613
21195,4433,7166,9543,5305,3998,4680,5102,4373,3531,3649,3780,3596,3188,3357,3358,3277,-29.7896,3.54719,8.90761,48.224
21196,3290,3584,4489,5337,3417,3772,5585,8916,3359,3697,4770,6825,3291,3486,4009,4405,-3.57081,23.6966,8.53901,48.1547
21197,3102,3278,3401,3252,3650,3699,3743,3532,4148,5062,4952,4197,4654,8449,8329,4706,32.0449,0.100222,8.64928,48.1027
21198,3412,4025,6846,11732,3406,3884,4813,6036,3208,3480,3866,3957,3133,3213,3289,3398,-29.4402,23.0311,8.51375,47.7987
21199,4272,6462,8389,5377,3989,5118,5907,4606,3501,3813,3938,3680,3228,3351,3467,3240,-20.3689,3.87567,8.56913,48.2253
21200,3542,4349,6655,6568,3562,4183,7109,6642,3353,3714,4446,4334,3236,3327,3546,3681,-14.0093,14.2555,8.74071,48.1647
21201,3176,3293,3410,3380,3358,3631,3840,3882,3753,4340,5515,4895,3979,5645,9611,6554,25.0285,8.76311,8.50252,48.1747
21202,3884,3746,3369,3237,5793,4445,3655,3351,9927,5355,3883,3427,6618,4852,3760,3400,8.56916,-27.1485,8.67073,48.468
21203,3236,3308,3581,3465,3423,3822,4440,4199,3618,4681,7512,6165,3609,4503,6755,5919,13.5929,11.7772,8.63436,48.1573
21204,3320,3849,5019,7219,3358,3763,5222,9909,3343,3635,4210,5224,3144,3393,3675,3805,-10.5822,31.0869,8.89024,48.0587
21205,3274,3318,3260,3289,3516,3732,3702,3610,4172,4903,4904,4317,4724,8165,8367,4802,29.5232,0.517421,8.63864,48.0367
21206,4425,4640,4027,3535,5491,7671,4720,3636,4963,6325,4368,3593,4089,4108,3526,3363,-2.36906,-9.45545,8.87615,48.32
21207,3438,3573,3422,3143,4150,4398,3760,3531,5965,7254,4491,3685,6170,7293,4616,3702,15.2956,-11.9451,8.63779,48.394
21208,3505,3512,3287,3089,4294,4039,3560,3210,7574,5348,3892,3509,9907,6223,4017,3381,18.6355,-22.6487,8.71386,48.2313
21209,3148,3317,3622,3848,3335,3565,4222,5264,3332,3793,5171,10036,3375,3799,4956,7266,10.6438,31.7144,8.73516,48.0327
21210,3353,3841,4029,3997,3585,4474,6111,4731,3654,5054,7672,5366,3524,4001,4741,4390,3.04422,8.3921,8.61764,48.3487
21211,3120,3327,3354,3411,3481,3653,4068,3921,3733,4473,6446,5544,3629,5010,8616,6818,19.5213,10.976,8.77497,48.4027
21212,3100,3147,3414,3306,3323,3540,3827,3809,3604,4081,5306,5365,3643,4911,9456,8181,28.1424,12.9592,8.9482,48.0087
21213,9436,5342,3825,3429,8748,5089,3844,3430,4582,3980,3511,3173,3533,3486,3251,3091,-16.0789,-30.6868,8.97933,47.8333
21214,7370,7190,4406,3661,6368,6473,4280,3529,4366,4111,3757,3294,3444,3541,3361,3171,-16.826,-14.8031,8.61372,48.2147
21215,3290,3506,3203,3134,3956,3835,3446,3184,6255,4789,3851,3365,12576,6342,3939,3408,27.9943,-26.3808,8.84744,48.0527
21216,4701,6237,5190,4063,4916,7647,5734,4033,3910,4548,4097,3483,3525,3591,3500,3307,-12.2325,-4.25258,8.83944,48.3213
21217,6546,4844,3753,3367,9809,5175,3843,3429,5722,4349,3519,3220,3834,3751,3397,3234,-8.34784,-31.542,8.67371,47.8613
21218,3902,3744,3429,3184,5820,4512,3676,3257,9713,5567,3855,3379,6401,4801,3825,3336,8.09344,-24.3108,8.95204,48.2673
21219,6183,6773,4520,3577,6146,7259,4413,3545,4270,4314,3715,3489,3638,3548,3391,3165,-14.0867,-12.4676,8.68505,47.964
21220,10658,7723,4252,3438,5782,4987,3883,3437,3754,3800,3417,3246,3392,3387,3255,3101,-28.9343,-19.2706,8.7849,47.6747
21221,3382,3438,3126,3034,4205,3825,3434,3250,6905,5031,3871,3343,11607,6155,3956,3357,22.837,-26.6802,8.6274,47.946
21222,4177,3782,3380,3156,6388,4628,3643,3363,9667,5188,3864,3353,5862,4628,3669,3329,5.81908,-33.7101,8.79296,48.0513
21223,3417,3319,3187,3146,4045,3832,3501,3227,7185,4939,3836,3481,11455,5844,4018,3486,21.3529,-32.9745,8.72777,47.9453
21224,4297,4760,4189,3608,5030,7869,5303,3849,4503,5981,4492,3757,3876,3977,3718,3413,-3.83827,-6.12232,8.95469,48.4147
21225,3266,3480,3519,3469,3668,3970,4322,3932,4021,5627,7358,4820,4171,5449,6621,5006,14.0461,4.59814,8.50492,48.466
21226,3312,4209,7390,9506,3485,4024,5514,6615,3354,3567,3914,4179,3075,3448,3346,3500,-20.2233,18.5425,8.80169,48.292
21227,3334,3380,3343,3178,3955,3656,3451,3273,5954,4817,3713,3403,11999,6742,3981,3388,30.3911,-24.0579,8.66826,47.7113
21228,3158,3406,3413,3308,3434,3569,3835,3816,3721,4096,5285,5008,3814,5317,9754,7313,30.992,10.7098,8.52612,48.1647
21229,5578,9331,6717,4228,4545,5112,4559,3960,3667,3725,3679,3446,3299,3358,3435,3252,-32.0938,-4.54183,8.58763,47.9273
21230,6337,4733,3654,3267,9787,5209,3711,3309,5988,4477,3541,3333,4012,3806,3410,3230,-7.55168,-30.8939,8.66565,47.8693
21231,5547,9395,6912,4341,4578,5077,4613,3963,3670,3817,3708,3591,3251,3363,3390,3219,-29.3118,-4.11365,8.63119,48.29
21232,3527,3501,3212,3169,4756,4121,3543,3307,9146,5193,3788,3339,8805,5367,3814,3247,14.558,-32.9088,8.8931,47.89
21233,3456,3544,3418,3186,4308,4272,3512,3323,7044,6565,4155,3579,7411,6707,4353,3461,15.6813,-16.6305,8.61263,48.196
21234,3121,3543,3779,4107,3326,3583,4629,6535,3321,3766,5325,10003,3380,3577,4590,5922,5.70564,27.0914,8.99175,48.338
21235,3917,5777,9536,6513,3800,4566,5431,4841,3425,3539,3962,3743,3122,3259,3484,3299,-24.561,8.21995,8.63781,48.1427
21236,10664,7641,4181,3462,5939,5007,3953,3335,3970,3769,3539,3290,3342,3376,3245,3077,-26.8257,-19.6607,8.70691,47.86
21237,3333,3706,4303,4705,3428,4013,6213,7024,3357,4046,5936,6747,3200,3556,4229,4482,-0.636268,17.1123,8.84468,48.1853
21238,4457,5025,4180,3630,5448,7830,5219,3781,4409,5455,4490,3661,3816,3977,3633,3416,-5.99656,-7.49716,8.57368,48.2847
21239,3448,3998,4458,4093,3667,4824,7171,5032,3574,4566,6736,4823,3540,3809,4366,4076,-0.71816,8.23678,8.91433,48.1207
21240,3691,3685,3424,3144,4721,4435,3778,3427,7534,7118,4256,3434,6451,5774,4194,3472,11.4667,-16.2776,8.86711,48.3587
21241,3365,3306,3247,3114,3933,3923,3367,3068,6186,4957,3741,3365,11799,6826,4126,3383,26.2178,-22.7597,8.9926,47.804
21242,5926,9812,6238,4057,4521,5239,4576,3856,3626,3748,3727,3486,3269,3471,3404,3250,-31.4845,-6.14298,8.70747,48.1373
21243,3370,3762,5146,6764,3438,3957,5971,9320,3293,3548,4357,5233,3120,3277,3766,3867,-10.0292,22.7753,8.69718,48.126
21244,3307,3312,3237,3120,3841,3983,3639,3343,4989,5834,4612,3670,6721,9218,5457,3869,22.7614,-9.31541,8.70458,48.1013
21245,3761,3869,3772,3403,4239,5584,4814,3711,4855,7722,5848,3939,4131,4660,4444,3781,4.94249,-3.70022,8.8772,48.3553
21246,8817,6422,4026,3420,7775,5609,4018,3394,4437,4057,3525,3284,3536,3444,3233,2982,-17.0138,-20.4038,8.75906,47.986
21247,12690,6105,3970,3461,6266,4760,3678,3401,3937,3664,3380,3107,3353,3423,3273,3063,-26.2837,-31.8944,8.77192,47.6873
21248,3459,3391,3279,3231,3956,3689,3449,3200,6004,4751,3713,3317,12528,6050,3845,3358,32.3821,-27.9095,8.55556,47.48
21249,3208,3529,3360,3346,3660,4011,4083,3775,4261,6084,6363,4407,4336,6531,6670,4644,15.7032,1.08524,8.81863,48.1787
21250,5368,8789,7154,4301,4470,5488,4896,4016,3654,3841,3747,3572,3225,3428,3462,3201,-24.3164,-2.9158,8.64068,48.408
21251,3472,3502,3296,3285,4119,4195,3609,3353,6254,6914,4363,3750,6623,7220,4536,3754,15.8412,-13.4049,8.92,48.1633
21252,3569,4459,7270,7105,3619,4296,6594,6308,3431,3690,4114,4099,3086,3303,3530,3425,-16.6822,14.1479,8.52596,47.932
21253,9431,8004,4322,3528,6092,5571,3997,3396,3908,4022,3440,3201,3505,3436,3204,2984,-22.604,-17.2848,8.95092,48.0273
21254,3240,4023,6632,11943,3334,3742,4881,5895,3277,3492,3895,4057,3132,3243,3389,3374,-32.5755,23.4621,8.62579,47.6993
21255,3082,3171,3472,3366,3165,3406,3857,3875,3283,3862,5043,6498,3402,4027,6491,11550,23.838,23.5924,8.67643,47.7
21256,4061,3791,3385,3238,5927,4455,3690,3340,10015,5314,3764,3402,6201,4679,3612,3358,7.20509,-28.0509,8.87087,48.1547
21257,4248,6942,8489,5209,4019,5105,5841,4479,3540,3755,3827,3689,3108,3309,3296,3338,-21.6433,2.95714,8.80569,48.1293
21258,4554,4148,3499,3184,7249,4876,3689,3357,8809,5423,3803,3354,5256,4441,3641,3384,2.929,-24.1954,8.79519,48.4447
21259,4337,6085,5630,4328,4387,6989,6542,4305,3833,4386,4164,3755,3372,3603,3508,3272,-12.4309,-1.03378,8.96281,48.3307
21260,3268,3611,4293,5273,3316,3781,5359,8762,3321,3723,4891,7148,3291,3530,4031,4448,-2.88924,24.0482,8.53042,48.0307
21261,3833,4072,3596,3404,4916,6034,4291,3569,5714,7584,4657,3774,4632,4758,3946,3486,3.81736,-10.1061,8.6634,48.1773
21262,3147,3204,3371,3479,3249,3408,3820,3926,3333,3813,4788,6385,3408,3939,6009,12648,25.3843,29.8893,8.89822,47.9513
21263,3410,4055,5839,11416,3445,3782,4909,7189,3225,3551,3835,4110,3092,3208,3429,3389,-22.1243,29.2031,8.57134,47.9227
21264,3042,3251,3324,3475,3232,3487,3797,3893,3332,3726,4728,5875,3384,3995,6083,12596,29.2436,29.8533,8.66573,47.48
21265,3460,4012,5930,10172,3373,3762,5153,7923,3207,3473,3872,4281,3079,3252,3357,3414,-18.7944,25.5494,8.5229,47.8133
21266,7346,7394,4624,3618,6313,6282,4322,3606,4163,4099,3603,3354,3585,3509,3296,3135,-17.5471,-14.5611,8.53785,48.166
21267,4248,6830,9675,5480,3977,4656,5109,4380,3445,3721,3744,3647,3236,3264,3361,3297,-28.7224,4.47103,8.81313,48.0467
21268,3179,3185,3325,3351,3380,3649,3894,3697,3815,4541,5282,4626,4042,6220,9742,6307,28.4442,7.14947,8.83875,48.1567
21269,3619,4864,8397,7187,3616,4355,6102,5593,3340,3638,4063,3927,3203,3340,3455,3496,-20.2144,12.2384,8.70393,48.13
21270,4769,6932,5554,4138,4793,7218,5550,3931,3724,4380,3991,3585,3332,3695,3416,3325,-14.6701,-4.53354,8.66667,48.222
21271,3429,3768,5747,10830,3356,3770,5108,7633,3197,3458,4028,4295,3170,3182,3432,3462,-19.5824,28.6761,8.66806,47.91
21272,4431,6724,7260,4854,4112,5634,6200,4364,3617,3964,4063,3732,3189,3452,3366,3390,-17.9003,1.59113,8.71916,48.2347
21273,3392,3537,3545,3199,3726,4111,3903,3710,4689,6696,5626,4090,4812,7165,6010,4328,16.1445,-2.84119,8.56273,48.3593
21274,3356,3400,3360,3103,3523,3705,3635,3503,4534,5194,4621,3945,5652,9413,6929,4425,28.3978,-4.52363,8.60523,48.1987
21275,3402,3863,5115,7879,3423,3860,5308,9431,3331,3583,4223,5006,3209,3344,3563,3613,-12.3303,33.0263,8.68457,48.102
21276,3163,3250,3297,3275,3244,3341,3783,3917,3449,3824,4671,5820,3401,3924,6068,12675,31.126,33.6484,8.778,47.4013
21277,11259,7319,4109,3440,5717,4927,3932,3411,3931,3907,3468,3319,3348,3359,3172,3215,-31.1638,-20.6211,8.75835,47.8887
21278,4576,4548,3864,3311,6225,7066,4251,3559,5808,6285,4115,3552,4086,4160,3649,3444,-1.96945,-13.2671,8.89707,48.3327
21279,3383,3363,3223,3123,3926,3819,3440,3177,6050,5046,3870,3489,11152,7183,4067,3370,33.3705,-20.7241,8.71435,47.7873
21280,3240,3724,4443,5425,3229,3676,5127,9422,3252,3653,4704,6914,3275,3500,3888,4203,-4.07245,33.3472,8.84851,47.7833
21281,3130,3281,3354,3311,3593,3514,3926,3659,3818,4663,5559,4559,4240,6316,9419,5776,23.9301,5.46792,8.73448,48.0787
21282,3511,3892,3816,3452,4089,5322,5100,3899,4508,7196,6343,4124,4006,4837,4359,3849,4.59192,-1.7819,8.74397,48.202
21283,3121,3245,3376,3427,3273,3508,3949,4140,3368,3774,4898,7039,3382,3890,5715,11639,21.8345,31.7053,8.71887,47.8293
21284,4435,4764,4023,3532,5543,7789,4827,3633,4837,6013,4378,3578,3925,4033,3700,3340,-3.56939,-9.29533,8.94764,48.2333
21285,5548,6179,4414,3693,6228,7884,4646,3597,4444,4592,3877,3424,3603,3583,3427,3180,-11.599,-11.5252,8.62376,48.2127
21286,3450,3630,3544,3400,3806,4363,4349,3759,4437,7094,6465,4234,4375,5892,5580,4185,11.9424,-1.05363,8.83768,48.3753
21287,3408,3863,5351,8658,3345,3806,5186,9106,3256,3557,4095,4909,3106,3309,3650,3686,-13.9102,27.1796,8.81537,48.194
21288,3165,3638,4365,5479,3413,3873,5253,9139,3323,3698,4645,7031,3179,3482,3928,4360,-3.65628,26.6318,8.85044,47.9807
21289,3900,4232,3826,3449,4858,6576,4749,3666,5023,7076,4907,3786,4050,4458,4009,3571,0.98141,-7.20706,8.65074,48.0907
21290,3421,3435,3251,3057,3939,3890,3645,3336,5930,5413,4125,3507,9407,8096,4486,3555,23.6926,-16.51,8.62181,48.3287
21291,3039,3243,3416,3437,3208,3477,3862,4161,3405,3850,4913,7123,3393,3919,5957,11892,22.0713,28.6329,8.75086,48.1967
21292,3304,3351,3257,3206,3824,3954,3713,3303,4668,5596,4527,3662,6561,9560,5765,3900,24.5245,-8.49978,8.50996,48.1007
21293,7688,7045,4350,3476,6938,6230,4195,3503,4365,4047,3550,3296,3443,3392,3392,3065,-16.8696,-16.2661,8.88787,47.9833
21294,3941,4507,4406,3843,4312,6682,6488,4104,4113,5365,5379,4016,3672,3902,3914,3570,-3.83008,-0.818833,8.86062,48.1427
21295,3882,3606,3387,3144,5311,4374,3608,3259,9739,5256,3927,3442,6953,4923,3745,3348,9.89393,-33.1131,8.59083,47.936
21296,3382,3301,3208,3227,3906,3708,3450,3209,6109,4754,3890,3350,12452,6468,4048,3447,27.6499,-24.8689,8.74037,47.9393
21297,3531,3489,3284,3023,4583,4101,3622,3397,8232,5446,3798,3394,8836,5889,3966,3443,16.0135,-22.9703,8.58875,48.0227
21298,3825,5184,7542,5411,3777,4981,7120,5326,3543,3904,4177,3922,3201,3384,3387,3400,-15.8648,7.66541,8.64511,48.056
21299,7409,5024,3798,3349,9429,5178,3852,3382,5202,4315,3660,3216,3715,3661,3271,3215,-11.2216,-32.4726,8.56327,47.784
21300,3187,3460,3697,3827,3319,3723,4398,5469,3393,3890,5710,9627,3353,3788,4882,6635,8.98185,23.8319,8.84577,48.2387
21301,3074,3170,3413,3527,3237,3434,3721,4062,3352,3856,5022,7141,3353,3855,5871,11632,21.8485,29.9995,8.84697,47.8133
21302,12419,6125,3852,3391,6024,4818,3833,3319,3951,3799,3511,3250,3336,3413,3248,3120,-33.737,-26.4556,8.54554,47.606
21303,3562,3743,3973,3703,3928,4988,5614,4295,4045,5797,7260,4551,3754,4426,4711,4086,3.99889,3.13617,8.55177,48.2907
21304,3209,3726,4281,4443,3455,3891,5975,6912,3430,4036,5941,7152,3346,3723,4414,4739,0.698494,18.5343,8.62986,48.4487
21305,3294,3410,3574,3212,3869,4289,4158,3749,4494,7007,6280,4197,4553,6196,5662,4255,13.0786,-1.60887,8.6548,48.1327
21306,5640,6331,4453,3694,6163,7632,4720,3687,4322,4732,3757,3504,3598,3583,3406,3207,-11.7926,-11.1396,8.50227,48.286
21307,3292,3409,3290,3070,3851,4027,3634,3240,5312,5962,4326,3648,7240,9047,5091,3754,21.7674,-11.2357,8.69692,48.1287
21308,3216,3415,3677,3942,3252,3586,4520,6099,3345,3759,5189,9981,3332,3644,4752,6359,7.18149,28.1669,8.79464,48.0453
21309,3837,4493,5019,4179,3995,6096,7629,4778,3857,4600,5411,4173,3548,3847,3808,3583,-5.79164,3.19964,8.68337,48.5687
21310,4319,4001,3606,3277,6314,5705,3969,3453,7329,6532,4083,3432,4883,4619,3730,3338,2.57048,-16.772,8.94624,48.3933
21311,3103,3237,3305,3431,3282,3469,3759,3978,3342,3760,4646,6221,3465,3977,6093,12556,25.8931,30.9379,8.75736,47.7493
21312,3799,3555,3222,3133,5051,4197,3568,3280,9427,5185,3780,3400,8079,5163,3871,3320,12.2669,-28.874,8.68033,48.02
21313,3367,3449,3195,3172,3929,3807,3427,3198,6225,4945,3993,3475,10858,7270,4241,3457,25.1994,-20.6075,8.85029,48.0053
21314,3269,3369,3291,2981,3926,3940,3582,3335,5680,5432,4111,3550,8725,8549,4674,3629,23.6606,-15.0982,8.54473,48.0287
21315,4233,3954,3542,3238,6850,5033,3880,3282,8818,5593,3932,3321,5252,4471,3699,3254,3.41526,-22.9644,8.65373,48.2347
21316,3491,3514,3309,3197,4179,4210,3844,3325,6011,7011,4595,3686,6340,7546,4530,3724,16.1881,-11.8611,8.84346,48.3413
21317,5359,9038,6887,4183,4461,5385,4884,3974,3663,3858,3692,3416,3280,3364,3410,3071,-24.2523,-3.6714,8.71378,47.95
21318,4029,6012,9795,6086,3785,4459,5092,4675,3405,3634,3845,3744,3260,3375,3435,3338,-32.0339,6.8285,8.69816,47.9793
21319,6212,9580,5758,3990,4859,5643,4490,3778,3707,3734,3768,3400,3286,3404,3215,3231,-23.994,-7.81411,8.7855,48.0367
21320,3385,3866,6403,12340,3302,3782,4953,6441,3152,3438,3742,4027,3142,3092,3322,3413,-25.6481,27.0099,8.94058,47.8667
21321,3817,5049,9403,7195,3464,4386,5695,5128,3379,3684,3998,3843,3076,3270,3285,3294,-23.7202,11.1164,8.66451,47.9773
21322,4104,4705,4395,3836,4880,7677,5707,3834,4398,5651,4751,3850,3580,3894,3868,3502,-4.577,-4.39647,8.8643,48.4213
21323,3152,3261,3279,3422,3240,3493,3725,4027,3394,3756,4808,6093,3341,3897,6240,12407,28.8761,27.113,8.85778,47.69
21324,4212,6277,9201,5794,3855,4704,5873,4525,3431,3766,3886,3667,3187,3372,3304,3234,-22.5948,5.7571,8.941,48.192
21325,9757,8451,4440,3722,5705,5146,3968,3493,3937,3783,3398,3177,3372,3377,3238,3132,-27.1944,-16.9424,8.9493,48.064
21326,3557,3420,3229,3128,4326,4036,3646,3134,7499,5291,4004,3384,9806,6247,4133,3437,18.283,-22.2821,8.59963,48.1847
21327,3092,3204,3367,3434,3255,3387,3751,3931,3294,3821,4763,6148,3414,3955,6087,12754,28.3253,27.8568,8.91549,47.7713
21328,3748,4250,4267,3764,4095,6341,6241,4085,4163,5869,5878,4024,3730,4036,4132,3666,-1.21644,0.0257696,8.8403,48.1927
21329,3471,4017,5677,7528,3364,4023,6083,8363,3202,3745,4307,4726,3060,3203,3618,3905,-13.1861,20.2887,8.66207,48.1947
21330,3545,4256,6810,7608,3410,4203,6448,7025,3266,3655,4145,4245,3133,3299,3656,3473,-16.2693,16.3345,8.89648,48.118
21331,3377,3932,5545,8998,3293,3832,5348,8725,3331,3616,4002,4632,3063,3314,3512,3681,-15.4519,25.2808,8.87223,48.134
21332,3659,3530,3365,3153,4942,4070,3636,3380,8975,5287,3815,3408,8583,5439,3847,3373,14.1513,-26.107,8.58286,48.308
21333,4300,4527,3864,3436,5717,7299,4521,3593,5213,6449,4525,3529,4097,4204,3784,3451,-1.61923,-10.3384,8.87289,48.3393
21334,3172,3362,3235,3208,3612,3695,3620,3369,4832,5125,4424,3645,6489,10186,5886,3867,31.7706,-8.28008,8.93122,47.818
21335,6133,4824,3715,3298,9176,5825,3846,3321,5855,4625,3667,3293,3876,3753,3371,3145,-7.68978,-22.5998,8.63651,47.8153
21336,4244,6412,8291,5223,3918,5295,6066,4607,3539,3744,3918,3638,3264,3326,3419,3310,-19.446,3.83207,8.87703,48.1427
21337,4338,3980,3437,3301,7324,4761,3625,3250,9268,5077,3649,3347,5241,4312,3571,3280,3.38255,-29.2137,8.86312,47.8407
21338,4497,4517,3744,3265,6382,6634,4129,3468,6175,6404,4184,3440,4314,4271,3646,3270,-0.606959,-14.4207,8.97596,48.2267
21339,3298,3526,3638,3571,3550,4293,4746,4164,3880,5474,8060,4964,3949,4675,5984,4617,10.2149,6.01863,8.63085,48.2593
21340,3323,3397,3244,3171,3872,3815,3397,3319,6183,4724,3775,3451,12347,5888,4038,3466,27.7648,-33.1628,8.50224,47.6067
21341,4119,3890,3458,3175,6049,4890,3696,3309,8561,6378,3951,3266,5566,4828,3774,3381,5.57799,-19.5438,8.9394,48.194
21342,3141,3411,3653,4051,3220,3592,4458,6025,3433,3793,5213,9764,3240,3745,4723,6269,7.18707,29.5044,8.55661,47.8207
21343,3269,3481,3647,3591,3536,4265,4527,4092,4031,5615,7791,4970,3913,5119,6126,4650,11.4316,4.85719,8.64012,48.4153
21344,3287,3272,3192,3105,3864,3901,3322,3228,6435,4803,3885,3428,12267,6042,3910,3375,24.9345,-32.9593,8.78702,47.544
21345,3084,3361,3543,3416,3361,3836,4239,4053,3553,4613,7174,5918,3808,4710,7287,6310,15.3929,11.4902,8.50243,48.1773
21346,3209,3198,3399,3267,3454,3629,3820,3671,3839,4695,5709,4690,4112,6364,9588,5713,23.9337,5.75617,8.8387,48.238
21347,4658,8506,8138,4518,4244,4967,4849,4154,3533,3797,3700,3561,3236,3399,3340,3260,-33.2832,-0.498487,8.96511,47.9067
21348,3402,4009,5656,6534,3459,4083,6693,7840,3476,3698,4561,4930,3194,3410,3741,3722,-11.1557,17.8161,8.5406,48.272
21349,3774,3994,3796,3422,4502,5734,4740,3731,4804,7550,5636,3781,4151,4714,4287,3602,4.30192,-4.94747,8.66603,48.1453
21350,3290,3430,3880,4158,3300,3713,4635,6404,3459,3704,5413,9508,3269,3764,4670,5751,5.2138,33.8652,8.56152,48.232
21351,3432,3874,5002,5224,3502,4274,7361,7305,3423,3857,5178,5095,3308,3585,3793,3874,-6.61647,15.0194,8.75575,48.058
21352,8919,9064,4646,3444,5310,5161,4014,3500,3800,3793,3552,3286,3388,3335,3273,3068,-29.3503,-15.0275,8.77012,47.702
21353,4049,3674,3386,3154,5480,4537,3644,3273,9231,5722,4126,3344,6473,4960,3759,3293,8.65441,-23.0258,8.52086,48.07
21354,11843,6784,4053,3352,6048,4910,3879,3386,3986,3822,3497,3209,3463,3398,3273,2983,-28.1495,-22.9543,8.55684,47.924
21355,3329,3741,4947,5432,3426,4108,6436,8239,3390,3844,4975,5816,3236,3505,3890,4117,-5.69173,18.9057,8.63685,48.2873
21356,4265,5237,4767,3959,4565,7422,6250,4027,4037,5047,4475,3599,3610,3710,3655,3381,-7.83698,-2.90097,8.57063,48.004
21357,10783,7599,4252,3441,5788,5060,3842,3474,3938,3804,3531,3234,3438,3379,3187,3067,-28.4731,-19.3679,8.71308,47.878
21358,3530,3861,3974,3679,4006,5221,5617,4226,4135,6067,6799,4421,3795,4331,4526,3908,2.84336,1.76212,8.68611,48.064
21359,4163,5093,4824,3996,4610,7341,6380,4357,3938,4925,4575,3824,3514,3704,3697,3327,-7.38898,-1.85316,8.84534,48.1787
21360,5288,9217,7170,4336,4462,5168,4725,3886,3656,3740,3705,3534,3272,3345,3202,3266,-28.1018,-3.30797,8.5315,47.9813
21361,3448,3797,4633,4415,3633,4644,7237,5612,3512,4396,6581,5371,3458,3693,4201,4126,-1.5349,11.118,8.77788,48.5047
21362,3592,4367,5073,4425,3828,5370,7819,5074,3676,4500,5601,4243,3403,3693,4012,3769,-5.76595,6.09795,8.83682,48.2967
21363,3253,3644,4435,4851,3353,3889,5676,7588,3382,3996,5577,7166,3244,3528,4122,4455,-0.849968,20.0921,8.98964,48.106
21364,5213,7343,5421,4055,4971,7145,5259,3828,3801,4327,3914,3475,3344,3478,3440,3260,-15.8126,-5.91393,8.67292,48.1827
21365,4099,3892,3514,3146,6401,4620,3716,3250,9107,5829,3942,3391,5863,4576,3663,3346,5.58065,-22.6555,8.65326,48.2367
21366,3799,3803,3538,3175,4898,5044,3875,3362,7094,7506,4347,3519,5505,5319,4128,3484,8.24729,-14.2299,8.8901,48.264
21367,3395,4060,6465,11669,3431,3804,4952,6602,3208,3478,3799,4120,3095,3253,3449,3458,-23.6276,24.2804,8.72103,48.1587
21368,3152,3393,3438,3439,3409,3722,4073,3840,3978,4843,6309,4864,4051,5823,8411,5662,19.1974,6.60318,8.55454,48.2713
21369,3159,3364,3438,3324,3623,3968,4104,3701,3929,5288,6382,4592,4242,6222,7600,5177,18.111,4.00303,8.66696,48.0753
21370,3668,4249,4541,4116,3922,5538,7081,4714,3911,5017,5944,4523,3490,3929,4082,3801,-2.53868,4.16168,8.56596,48.3507
21371,11138,7480,4001,3414,5759,5092,3855,3477,3896,3822,3455,3370,3405,3225,3235,3120,-29.9816,-20.2235,8.96975,47.8293
21372,3262,3671,4189,4332,3541,3984,6058,6148,3462,4195,6583,6477,3389,3731,4512,4542,1.49509,15.061,8.80949,48.0507
21373,7441,6855,4283,3567,6779,6399,4215,3518,4284,4270,3740,3355,3550,3578,3310,3066,-16.1359,-16.1856,8.58585,48.14
21374,3405,3700,3984,3642,3693,4322,5395,4254,3806,5422,7973,5001,3732,4350,5101,4434,6.33236,6.25803,8.81521,48.1427
21375,3352,3931,6225,12412,3328,3810,4850,6240,3227,3432,3734,4006,3194,3230,3329,3438,-27.4386,26.7141,8.52076,47.8253
21376,9120,6934,4213,3479,6935,5653,4038,3477,4201,4052,3596,3389,3466,3481,3307,3075,-18.9557,-19.1577,8.85238,48.2773
21377,3291,3566,4763,5318,3415,4084,6336,8392,3354,3720,5112,6239,3200,3412,3914,4190,-4.50317,19.7522,8.86589,48.204
21378,3412,3331,3278,3080,4014,3778,3532,3125,6343,4843,3756,3267,12596,6073,3995,3349,26.0116,-27.4859,8.88952,47.848
21379,3830,5402,9827,7100,3735,4323,5149,4954,3382,3578,3795,3690,3158,3189,3428,3331,-32.0077,9.80278,8.55625,47.914
21380,3465,4418,8037,10325,3428,4137,5015,5762,3147,3409,3773,3921,3124,3281,3358,3236,-27.8087,18.3122,8.64717,47.8907
21381,3550,3463,3410,3081,4135,4116,3731,3395,6274,6695,4377,3650,7072,7425,4703,3571,16.8529,-13.7865,8.66482,48.432
21382,3295,3525,4135,4382,3366,4057,5852,6565,3496,4086,6266,7110,3334,3716,4327,4679,1.10316,17.3236,8.72174,48.1273
21383,3201,3263,3436,3442,3217,3490,3794,3890,3528,3969,5168,5498,3518,4410,8090,9948,29.1324,17.7257,8.5752,47.908
21384,3447,3898,5028,4759,3561,4743,7858,6138,3444,4000,5489,4916,3359,3544,3860,4053,-5.24735,11.2321,8.86772,48.0647
21385,3737,4999,9019,7476,3595,4261,5863,5461,3327,3569,4038,3835,3010,3284,3383,3336,-22.2868,12.2642,8.86275,48.1287
21386,3785,3748,3619,3253,4397,5117,4010,3426,5897,7994,4899,3554,4828,5494,4328,3624,8.34177,-10.1828,8.50062,47.982
21387,3383,3640,3602,3455,3651,4416,4597,3842,4202,6397,7447,4531,4002,5208,5654,4355,10.1773,2.1582,8.78966,48.2547
21388,3479,3438,3265,3208,4570,3963,3580,3219,8762,5253,3833,3475,9199,5394,3919,3317,15.7676,-33.0516,8.56174,47.916
21389,3501,3437,3228,3010,4380,3979,3570,3163,8458,4970,3732,3359,10069,5680,3900,3323,17.2401,-31.2174,8.95244,47.8393
21390,3787,3690,3388,3247,5700,4304,3662,3246,9908,5255,3796,3453,6704,4890,3689,3257,9.12007,-31.8385,8.78831,47.984
21391,7161,7413,4520,3670,6374,6499,4324,3516,4217,4117,3684,3431,3495,3512,3292,3046,-16.992,-14.124,8.77871,48.1807
21392,3077,3303,3450,3660,3313,3468,4131,4781,3345,3760,5250,9313,3409,3857,5215,8584,13.9949,31.3218,8.60979,47.944
21393,3381,3393,3334,3223,3945,4032,3685,3418,5073,6301,4648,3747,6011,8612,5450,4018,19.7745,-8.13909,8.54515,48.1807
21394,4685,4478,3683,3334,7155,5943,3949,3444,6739,5749,3927,3401,4461,4208,3539,3280,-1.18768,-18.0377,8.54652,47.9833
21395,3107,3152,3318,3389,3169,3458,3851,3984,3361,3937,4995,6315,3428,4068,7108,11132,24.412,21.6141,8.68822,47.848
21396,11584,6916,4041,3409,5744,4891,3795,3467,3930,3785,3421,3236,3466,3422,3209,3116,-32.5947,-22.9604,8.64216,47.6213
21397,3345,3410,3252,2973,4042,3769,3490,3233,6069,5026,3879,3431,11204,7111,4208,3394,24.9795,-21.2332,8.89352,47.8907
21398,3459,3317,3232,3175,4063,3938,3515,3175,6240,5286,3978,3534,10237,7405,4279,3560,23.9144,-19.4843,8.51805,48.262
21399,12430,5902,3959,3279,6052,4782,3763,3383,3997,3726,3510,3355,3426,3343,3271,3149,-32.1628,-31.7488,8.50334,47.5513
21400,3300,3448,3364,3154,3662,4149,3746,3538,5001,6725,5179,3858,5246,7732,5587,4149,17.1,-5.45951,8.56718,47.892
21401,3322,4038,5419,5832,3461,4221,7003,7709,3469,3753,4687,5034,3298,3487,3728,3814,-9.10637,16.6742,8.52487,48.1833
21402,3762,3565,3388,3221,5458,4411,3646,3340,9732,5277,3971,3440,6767,4930,3861,3375,9.48983,-33.336,8.58154,48.096
21403,3406,3359,3180,3085,3923,3806,3481,3202,5777,5046,3905,3392,10286,7910,4367,3468,32.8093,-18.39,8.86689,47.7287
21404,3474,3320,3233,3001,4292,3925,3543,3216,7595,5320,3860,3390,10717,6149,3975,3357,19.7797,-24.8225,8.95852,48.2447
21405,3153,3149,3312,3453,3258,3492,3796,3835,3426,3738,4725,6020,3427,3988,5982,12605,28.2697,30.4658,8.72659,47.5727
21406,3594,3653,3350,3148,5004,4177,3593,3241,9790,5197,3765,3269,8010,5158,3836,3389,12.5083,-27.3961,8.79725,48.116
21407,3354,3455,3486,3345,3439,3951,4154,3746,3996,5429,6772,4665,3985,5957,7340,4923,16.699,3.41695,8.71154,47.998
21408,6079,10063,6243,4023,4589,5397,4513,3787,3573,3876,3618,3335,3256,3321,3264,3187,-26.7402,-6.6257,8.91979,48.0827
21409,3284,3768,4540,5156,3411,3937,6173,8118,3384,3819,5277,6598,3240,3515,3981,4185,-3.39859,19.2699,8.92884,48.2573
21410,4948,6415,5076,3986,4901,7377,5490,3949,3862,4400,4112,3569,3477,3634,3449,3268,-12.8594,-4.65465,8.77725,47.942
21411,3531,3569,3347,3227,4053,4180,3804,3410,5453,7208,4776,3661,5829,7531,5015,3698,15.8709,-9.04463,8.99063,48.1947
21412,3148,3187,3369,3392,3362,3499,3845,3838,3416,3829,4939,5786,3329,4203,7450,11015,32.0308,20.2362,8.85775,47.738
21413,3314,3571,4004,4184,3443,3909,5636,5877,3497,4248,6758,7376,3334,3803,4709,4964,3.63938,16.5333,8.95675,48.418
21414,5168,8710,7155,4436,4447,5506,4987,4177,3628,3936,3804,3400,3151,3331,3288,3122,-23.1644,-2.81241,8.75148,48.164
21415,3400,3329,3286,3003,3906,3799,3489,3146,6604,4807,3740,3331,12334,5946,3998,3454,24.9306,-28.7328,8.84361,47.7147
21416,3577,4705,9070,8520,3606,4235,5192,5314,3334,3501,3734,3746,3123,3285,3431,3389,-32.2888,13.895,8.68953,47.8413
21417,3680,3587,3339,3156,4838,4448,3655,3365,7962,6638,4026,3542,6698,5738,4106,3449,11.476,-18.0462,8.71497,48.1513
21418,3323,3702,5185,8102,3404,3910,5197,9398,3349,3553,4179,4950,3130,3334,3581,3680,-12.661,28.7665,8.93861,47.9847
21419,6251,9576,5965,4099,4658,5606,4477,3798,3721,3972,3655,3347,3331,3234,3295,3195,-25.689,-7.25473,8.56548,48.12
21420,12521,6119,3789,3442,6163,4831,3822,3357,3991,3790,3452,3219,3352,3369,3184,3114,-27.9688,-27.2419,8.71625,47.6767
21421,3940,5552,10066,6762,3708,4275,5220,4911,3348,3595,3768,3777,3151,3262,3318,3338,-28.3867,9.47345,8.92642,47.994
21422,9998,8144,4361,3613,5803,5027,4110,3275,3841,3910,3474,3202,3416,3377,3302,3010,-27.975,-17.725,8.61841,47.9087
21423,3548,3837,3794,3516,3878,4898,4936,3973,4420,6997,6746,4375,4125,4846,4814,4016,6.38132,-0.0773858,8.58265,48.4793
21424,3480,3390,3251,3128,3965,3956,3576,3317,5802,5641,4037,3445,8332,8289,4687,3538,21.8605,-14.897,8.70768,47.8893
21425,3067,3268,3426,3312,3460,3590,3779,3661,3762,4619,5776,4773,3971,5949,9980,6121,24.2967,7.4967,8.97573,48.3427
21426,3483,3480,3237,3167,3774,3764,3403,3448,5922,4675,3725,3356,12842,5938,3891,3360,31.8522,-31.7765,8.88875,47.6433
21427,3724,3580,3314,3157,5377,4268,3522,3110,9981,5422,3760,3374,7029,4908,3723,3313,10.2048,-30.1482,8.7788,47.708
21428,3265,3399,3362,3156,3580,3801,3724,3479,4336,5125,4717,4113,5192,8781,7510,4446,29.5951,-2.03912,8.55163,47.9907
21429,10367,6816,4093,3472,6902,5235,3881,3366,4145,3955,3582,3203,3464,3459,3317,2976,-21.1176,-21.2041,8.68421,48.1553
21430,3285,3730,4563,5690,3451,3707,5035,9594,3265,3595,4573,6694,3217,3415,3931,4223,-5.42604,30.7835,8.86651,47.9787
21431,7010,8301,4778,3735,5916,6358,4323,3601,3976,4010,3706,3344,3547,3384,3325,3205,-19.7772,-12.4196,8.59831,48.346
21432,3382,3468,3174,3110,3827,3996,3669,3344,5399,6161,4344,3719,7054,8809,4997,3693,21.0174,-11.2765,8.97772,48.0973
21433,3756,3764,3458,3196,5183,4687,3675,3395,8144,6805,4075,3557,6045,5355,3904,3409,8.82392,-17.4035,8.54388,48.272
21434,3318,3354,3284,3057,3746,3942,3612,3429,4761,5418,4373,3747,6717,9638,5713,3918,25.6157,-8.83054,8.61354,48.018
21435,3408,3886,5112,6407,3419,4088,6259,8742,3260,3643,4589,5361,3072,3461,3822,3799,-9.19467,20.0632,8.80797,48.2187
21436,3453,3767,4682,4797,3489,4197,6772,6960,3363,4014,5718,5955,3252,3632,4092,4264,-2.81428,15.8101,8.60747,48.2713
21437,3285,3770,5102,7554,3494,3882,5224,9657,3297,3553,4266,5024,2981,3278,3667,3695,-11.838,33.1687,8.72353,47.8193
21438,3426,4076,7062,11343,3372,3840,4828,6425,3089,3430,3808,4046,3084,3323,3398,3265,-24.1462,22.6702,8.91916,47.8767
21439,3448,3323,3275,3208,3736,3872,3591,3316,5212,5644,4285,3631,7447,9380,5069,3785,24.5905,-11.5455,8.51227,48.148
21440,3017,3202,3322,3414,3310,3404,3749,3858,3332,3844,4826,6207,3369,3870,6119,12781,26.9785,30.0621,8.99616,47.7493
21441,3366,3300,3270,3061,3812,3809,3691,3295,5220,5199,4175,3494,8404,9447,4873,3614,29.174,-13.0515,8.99369,48.02
21442,6570,9862,5610,3842,4910,5702,4521,3730,3834,3845,3585,3410,3416,3277,3167,3158,-24.3213,-8.97796,8.96817,48.2927
21443,3735,3639,3413,3299,4430,4700,3786,3393,6845,7639,4374,3542,5931,5962,4163,3582,11.3975,-13.8758,8.75336,48.2887
21444,3280,3465,3314,3236,3798,3962,3933,3631,4521,6460,5506,4073,5048,7738,6160,4211,17.8679,-3.43842,8.66683,48.224
21445,7118,5351,3881,3290,8846,6107,3959,3435,5030,4454,3632,3265,3828,3691,3307,3156,-11.2684,-20.5782,8.64197,48.2333
21446,3207,3350,3750,3705,3497,3803,4837,4753,3633,4458,7709,6912,3471,4043,5813,5690,10.0027,13.6847,8.75974,48.4207
21447,3835,4259,3849,3599,4606,6524,5000,3903,4847,6875,5153,3870,4064,4459,3926,3587,0.798024,-5.33328,8.56236,48.2373
21448,4115,5397,6297,4626,4141,5965,7496,4730,3685,4176,4393,3760,3326,3567,3454,3402,-12.95,3.10645,8.54317,48.3533
21449,5751,9672,6535,4142,4487,5474,4465,3795,3653,3783,3712,3413,3354,3411,3162,3159,-26.5746,-5.58757,8.98267,47.9787
21450,3111,3090,3437,3390,3388,3499,3808,3647,3566,4206,5420,5348,3644,4987,9130,8468,27.6887,13.5982,8.58842,48.0927
21451,9218,6291,4078,3464,7610,5555,3931,3371,4308,4017,3515,3269,3586,3467,3271,3054,-17.737,-21.5145,8.75927,48.0033
21452,3681,5034,9534,8027,3651,4116,5198,5200,3301,3578,3873,3888,3107,3294,3371,3296,-28.0601,12.714,8.74172,48.0993
21453,3313,3392,3266,3069,3905,3879,3609,3276,5498,5619,4071,3512,8440,8856,4740,3539,23.9577,-14.4507,8.98728,47.9893
21454,3667,3550,3303,3264,4455,4285,3529,3278,7601,6383,4039,3501,7546,6269,4289,3546,14.8855,-17.4764,8.95828,48.3367
21455,3388,3624,4473,5921,3331,3711,5250,9972,3294,3641,4587,6594,3127,3403,3894,4189,-5.55361,29.3577,8.84959,48.266
21456,3327,3411,3237,3129,3821,3843,3409,3233,6152,4744,3777,3397,12792,6113,3938,3364,27.5001,-29.335,8.84286,47.7913
21457,3499,3380,3135,3037,4111,3873,3529,3248,6432,5076,3986,3368,10542,6958,4138,3423,23.0927,-21.1132,8.51954,47.8233
21458,12947,5969,3854,3396,6011,4723,3765,3348,4054,3759,3260,3361,3367,3340,3232,3120,-29.1238,-31.7764,8.92241,47.6707
21459,3012,3251,3605,3645,3231,3658,4184,4665,3385,3875,5717,8847,3357,3963,5701,8260,14.1504,22.6997,8.98202,48.2373
21460,6243,9849,5987,3913,4613,5306,4456,3791,3651,3779,3702,3528,3315,3376,3385,3110,-31.1842,-7.09093,8.8105,48.0027
21461,3316,3445,3316,3247,3753,3775,3627,3477,4545,5187,4468,3797,6288,9929,6053,3888,29.1664,-7.50089,8.68839,48.074
21462,3644,4891,8607,7300,3690,4311,6185,5433,3341,3656,4038,3875,3138,3199,3410,3365,-20.9173,12.1228,8.50755,48.0553
21463,3427,3369,3238,3200,4024,3803,3372,3306,6360,4735,3812,3408,12304,6260,3988,3346,27.0092,-27.2654,8.5439,47.968
21464,3056,3290,3336,3451,3350,3782,4020,4026,3583,4436,6726,5533,3730,4977,8319,6381,18.3379,10.7567,8.93291,47.9973
21465,3140,3258,3621,3856,3274,3603,4306,5377,3387,3846,5191,9904,3506,3734,4947,7131,10.0303,32.7282,8.83435,48.054
21466,3409,3913,4952,6522,3358,4031,6065,9085,3190,3561,4492,5472,3136,3369,3692,3942,-9.01644,21.6579,8.65229,48.126
21467,10648,7520,4130,3325,6091,5081,3914,3516,4018,3808,3420,3165,3463,3420,3200,3031,-24.8311,-19.9639,8.90094,47.8333
21468,3347,3785,5405,8742,3342,3793,5473,9131,3352,3578,4066,4711,3098,3339,3562,3608,-14.6105,27.0344,8.83424,48.2213
21469,3612,4265,5334,4587,3788,5228,8126,5482,3546,4229,5415,4477,3353,3596,3782,3793,-6.60225,7.79453,8.79162,48.4087
21470,3286,3398,3330,3110,3852,4000,3543,3363,5401,5508,4220,3679,7598,9309,4928,3736,24.7638,-11.8548,8.6019,48.174
21471,3517,3550,3249,3036,4520,4238,3586,3435,7085,6159,4050,3478,8047,6632,4259,3424,16.195,-18.0484,8.59941,48.1767
21472,6780,5108,3859,3324,9063,5918,3940,3429,5386,4534,3644,3298,3832,3710,3454,3194,-9.98967,-21.8925,8.6442,48.3153
21473,3664,3737,3641,3400,4171,5141,4296,3563,4904,8151,5495,3950,4477,5263,4478,3617,7.45965,-5.44528,8.80051,47.9653
21474,3380,4107,6058,6999,3485,4105,6612,7725,3345,3681,4269,4699,3096,3248,3642,3712,-12.5799,18.0024,8.59847,48.1087
21475,3349,4005,5850,12953,3371,3797,4669,6044,3273,3450,3770,3879,3145,3313,3464,3386,-29.3723,31.1538,8.97957,47.812
21476,4398,4232,3554,3370,6577,5933,4072,3414,7272,6047,4017,3464,4665,4437,3614,3255,1.38794,-17.9304,8.93419,48.214
21477,3632,4026,4217,3800,3969,5227,6338,4350,3979,5436,6749,4461,3671,4112,4292,3893,1.14727,3.52626,8.88857,48.1013
21478,3358,3915,5494,6172,3489,4090,6679,8372,3340,3518,4552,5059,3123,3399,3645,3893,-9.98062,18.5302,8.71983,48.0653
21479,3398,3913,5915,11825,3484,3791,4925,6973,3177,3453,3785,4067,3120,3235,3335,3412,-22.0881,33.1755,8.77406,47.872
21480,3785,3844,3458,3245,4801,5119,3978,3505,6368,7792,4638,3607,5074,5301,4152,3499,7.45593,-11.7324,8.57345,48.1107
21481,4419,5072,4199,3517,5277,8110,5195,3846,4553,5561,4311,3639,3758,3963,3626,3332,-5.56692,-7.40548,8.90001,48.252
21482,3981,4587,4426,3770,4341,6892,6405,4177,4051,5505,5185,3964,3684,4021,3933,3623,-3.50952,-1.03777,8.73749,48.3633
21483,3084,3343,3378,3457,3221,3441,3666,3857,3343,3657,4690,6028,3359,3892,6176,12747,29.9271,27.4821,8.89916,47.5593
21484,6052,7707,5001,3815,5649,6907,4646,3649,3987,4099,3770,3335,3498,3510,3401,3094,-16.6752,-10.2558,8.53261,48.08
21485,3242,3809,4659,5730,3336,3811,5876,9207,3272,3713,4693,6241,3126,3361,3949,4031,-5.86048,22.4382,8.84071,48.0373
21486,8645,5315,4004,3425,9078,5016,3762,3434,4735,4171,3505,3251,3507,3538,3423,3149,-14.3694,-32.9558,8.8524,47.972
21487,9730,5696,3903,3336,8214,5201,3875,3382,4588,4044,3597,3152,3471,3595,3294,3100,-16.6243,-26.3288,8.50496,48.1187
21488,3003,3293,3495,3367,3273,3666,4103,4275,3506,4186,6106,7131,3446,4185,6848,8105,16.9947,17.5013,8.60245,47.992
21489,4047,4613,4664,3877,4394,7085,6446,4256,4056,5332,5159,3912,3527,3777,3785,3525,-4.93279,-1.17176,8.77777,48.3033
21490,3191,3367,3345,3375,3510,3654,3798,3691,3762,4492,5305,4627,4024,6277,9595,5800,33.3698,6.24299,8.52943,47.8753
21491,3323,3376,3293,3166,4006,3725,3447,3263,6015,4642,3908,3344,12659,6200,3850,3362,32.5955,-27.795,8.73199,47.7193
21492,3065,3236,3438,3319,3262,3692,3831,3921,3545,4280,5489,5396,3713,4863,9128,8279,24.6723,13.1918,8.85028,48.3047
21493,3436,3956,4534,4302,3543,4577,7667,5496,3644,4370,6208,5120,3430,3760,4217,3905,-2.69059,9.55899,8.91218,48.11
21494,3364,3912,5291,8788,3413,3715,5230,8923,3216,3601,4166,4748,3129,3359,3616,3559,-14.4425,29.0126,8.67632,48.02
21495,3423,3371,3147,3126,4238,3936,3421,3161,7126,4922,3848,3458,11611,5876,3914,3348,21.3645,-30.9698,8.87298,47.9507
21496,5267,8716,7244,4409,4359,5590,4951,3913,3607,3883,3786,3530,3268,3306,3318,3141,-23.6439,-2.5999,8.62652,48.192
21497,3435,3971,5504,9352,3451,3818,5241,8656,3236,3519,4125,4532,3097,3340,3510,3376,-16.0302,32.7223,8.88917,48.1087
21498,3569,4345,6854,7313,3493,4104,6412,6966,3312,3685,4331,4438,3169,3314,3578,3461,-15.4403,16.2123,8.75518,48.2293
21499,4325,5460,5019,4003,4537,7390,6356,4109,3936,4713,4357,3755,3529,3773,3533,3485,-9.38839,-2.05667,8.56003,48.1867
21500,3556,3497,3275,3055,4806,4168,3589,3320,9068,5702,4010,3494,8039,5461,3977,3331,13.2746,-22.4947,8.94514,48.232
21501,3175,3376,3584,3787,3335,3690,4470,4676,3486,4139,6715,7705,3540,4146,5920,6821,12.6415,17.2214,8.62878,48.3767
21502,3178,3302,3349,3202,3504,3663,3925,3573,3917,4664,5381,4315,4236,6639,9425,5610,25.4678,4.64103,8.83897,47.922
21503,3164,3252,3297,3298,3440,3697,3757,3807,3782,4368,5522,4891,3899,5735,9799,6499,25.1876,8.55368,8.59105,48.138
21504,4579,4715,3884,3473,6096,7333,4405,3444,5464,6003,4088,3544,3977,3988,3698,3228,-2.86801,-12.3083,8.97764,47.946
21505,3174,3200,3548,3372,3314,3557,3788,3978,3238,3902,4991,6184,3406,4027,6879,11448,25.6373,22.5596,8.6831,48.004
21506,6097,4725,3721,3270,9883,5262,3870,3300,6274,4487,3556,3360,3970,3874,3412,3048,-6.71051,-27.1668,8.76373,48.0727
21507,3131,3158,3355,3323,3125,3528,4056,4112,3475,4089,5514,6115,3600,4511,8130,9338,22.5049,16.8265,8.99129,48.3733
21508,3128,3411,3724,3997,3299,3758,4784,5459,3429,4031,6609,8217,3392,3903,5104,5849,7.94338,18.3924,8.82545,48.0627
21509,4424,4623,3785,3400,5889,7504,4422,3711,5217,6287,4225,3564,3978,4226,3703,3352,-2.48222,-11.1964,8.6973,48.2067
21510,3581,3622,3463,3252,4195,4793,4157,3634,5019,8032,5642,3851,4764,5797,4710,3844,9.91563,-5.81511,8.89686,48.2373
21511,3379,3881,5778,9306,3396,3843,5262,8271,3392,3555,4047,4510,3105,3333,3423,3553,-16.354,24.4884,8.55361,48.0227
21512,5910,9068,5906,3972,4805,6160,4713,3957,3814,3965,3714,3535,3208,3383,3318,3198,-21.4255,-6.77946,8.84613,48.4173
21513,3531,3516,3296,3082,4476,4029,3506,3262,8198,5693,3908,3449,8416,6148,4030,3474,15.5953,-21.3557,8.51663,48.0093
21514,5971,9364,5974,4018,4712,5796,4531,3831,3770,3933,3624,3532,3385,3420,3327,3163,-22.626,-6.84619,8.70291,48.234
21515,5303,5492,4159,3505,6829,7754,4380,3582,4847,4791,3907,3425,3856,3866,3438,3157,-8.44775,-13.7793,8.98952,48.194
21516,6701,5093,3997,3296,9425,5886,3764,3388,5469,4469,3563,3310,3983,3681,3339,3109,-9.45777,-22.4858,8.83845,48.3153
21517,12754,6110,3900,3210,6130,4770,3609,3487,3928,3825,3349,3219,3340,3392,3220,3199,-33.8426,-26.7533,8.96876,47.628
21518,3212,3290,3607,3417,3431,3817,4361,4000,3756,5273,7553,5257,3741,5022,7186,5293,14.354,7.28362,8.97866,48.144
21519,3473,3524,3318,3135,4351,4048,3488,3383,8170,5168,3779,3311,9933,5657,3875,3383,17.7041,-33.8482,8.52393,47.9973
21520,3602,3451,3204,3125,4546,4144,3553,3199,8286,5583,3896,3558,8725,5928,3924,3435,16.0371,-22.1833,8.94381,48.106
21521,3511,3491,3249,2920,4131,3838,3451,3140,6766,5142,3789,3440,11254,6485,4130,3396,22.0701,-23.2685,8.97355,48.0887
21522,3906,5158,6551,4751,3941,5584,7685,4905,3516,3934,4493,4095,3322,3544,3509,3496,-12.5504,5.32847,8.78028,48.26
21523,3289,3365,3175,3203,3576,3816,3503,3432,4574,5124,4606,3788,6052,9888,6554,4095,28.3129,-5.86867,8.88625,48.0267
21524,4157,3907,3454,3206,6999,4728,3636,3325,9522,5038,3764,3335,5615,4414,3735,3164,4.25334,-31.9825,8.99151,47.9993
21525,3380,3557,3517,3295,3827,4182,4132,3678,4462,6810,6224,4239,4515,6292,5868,4309,13.9731,-1.45765,8.76166,48.1913
21526,6092,4696,3617,3393,9830,5273,3841,3320,6096,4559,3654,3345,3972,3846,3405,3195,-6.76294,-29.6006,8.71427,48.0893
21527,3274,3603,4402,5276,3313,3831,5351,9034,3250,3723,4814,7167,3197,3516,4047,4412,-2.97764,25.4639,8.53164,48.14
21528,3167,3298,3382,3399,3216,3433,3829,3848,3448,3790,4776,6143,3398,3882,6019,12730,30.201,28.0733,8.61456,47.8387
21529,3390,3392,3188,3186,3751,3814,3548,3474,4733,5268,4357,3719,6749,9881,5628,3913,29.3821,-9.10293,8.89286,47.994
21530,3701,3654,3371,3243,4769,4736,3819,3270,7310,7364,4377,3577,5861,5787,4163,3459,10.4805,-15.1435,8.93491,48.3073
21531,5696,5287,3832,3299,8095,6890,4160,3363,5259,4880,3890,3325,3955,3802,3514,3108,-8.02209,-17.5235,8.87244,48.2367
21532,4114,5565,8909,6105,3858,4669,6041,4827,3390,3630,3964,3842,3164,3361,3470,3256,-21.797,7.82523,8.60053,48.11
21533,3420,3934,6198,12655,3335,3808,4806,5926,3286,3426,3768,3824,3177,3197,3394,3403,-32.9525,26.5741,8.97735,47.7047
21534,11571,6541,4040,3475,6490,4837,3942,3369,4016,3783,3471,3171,3445,3535,3179,3101,-24.5764,-24.2534,8.59231,47.9773
21535,3131,3307,3418,3407,3240,3444,3843,4001,3409,3709,4799,6530,3354,3872,6010,11959,24.2165,30.643,8.60342,47.622
21536,3225,3302,3354,3271,3504,3725,3712,3669,4113,4813,4926,4304,4503,7792,8615,5112,32.3092,1.5312,8.60455,47.96
21537,3153,3437,3621,3488,3446,3752,4738,4388,3639,4670,7826,6188,3645,4327,6188,5536,11.2432,11.5195,8.898,48.028
21538,3898,5276,8681,6434,3615,4556,6270,5307,3290,3549,3940,3913,3098,3266,3430,3393,-19.5809,9.86862,8.95877,47.944
21539,4493,4131,3506,3181,7864,4957,3712,3302,8722,5191,3711,3191,5092,4297,3708,3276,1.62156,-26.2108,8.83334,48.2227
21540,3986,5915,9801,6376,3809,4387,5254,4884,3316,3707,3784,3691,3221,3215,3462,3469,-28.4109,8.13129,8.52766,48.1847
21541,3216,3383,3894,4043,3263,3602,4570,6385,3357,3748,5427,9797,3299,3636,4672,6039,6.28341,26.4569,8.82179,48.2207
21542,3532,3892,4369,4048,3688,5179,7151,4886,3805,4905,6594,4661,3519,3914,4233,3904,-1.50164,6.05587,8.7797,48.1867
21543,8875,8274,4634,3518,5947,5443,4171,3478,4071,3751,3525,3220,3365,3347,3304,3099,-23.14,-15.7238,8.61832,48.0147
21544,3455,3587,3878,3658,3733,4511,5436,4213,4065,6077,7592,4653,3725,4506,4958,4337,5.85018,3.61653,8.98121,48.256
21545,3716,3910,3922,3649,4200,5626,5453,4042,4237,6671,6100,4276,3931,4448,4338,3796,2.56917,-0.958531,8.87736,48.21
21546,3355,3566,3571,3495,3733,4141,4601,3991,3940,5919,7852,4770,3997,4945,5952,4519,11.2783,4.05023,8.9625,48.2313
21547,3583,4839,8803,7611,3599,4262,5620,5619,3468,3638,3873,3917,3139,3315,3388,3384,-22.3047,13.0024,8.77965,48.0387
21548,3293,3552,4336,4945,3364,3707,4996,8450,3278,3739,4778,7765,3223,3584,4127,4620,-1.10813,30.4919,8.67502,47.838
21549,3206,3543,3320,3274,3618,3717,3707,3513,4464,5047,4858,4042,4757,8721,7576,4542,33.6497,-1.82757,8.79305,47.9367
21550,3142,3378,3496,3333,3524,3657,3876,3756,3791,4614,5720,4738,3986,6204,9415,5905,23.1381,6.46411,8.95655,48.3567
21551,3306,3659,4702,6010,3313,3889,5078,9956,3289,3716,4610,6179,3223,3392,3847,3996,-6.66817,33.0079,8.68517,48.11
21552,3574,3737,3361,3085,5129,4205,3585,3263,9536,5203,3770,3367,7965,5133,3711,3345,12.0457,-31.2232,8.79647,47.9793
21553,3765,4277,4609,3945,3955,5913,6886,4591,4024,5212,5711,4145,3600,3968,3989,3650,-2.74499,2.31028,8.78122,48.16
21554,3331,4088,5884,7972,3452,3927,5610,8449,3309,3566,4356,4562,3030,3390,3562,3654,-14.4777,21.3417,8.77793,48.0947
21555,3152,3400,3752,4105,3330,3538,4417,5937,3399,3873,5189,9950,3336,3751,4720,6303,7.38832,29.3008,8.74647,48.1013
21556,4640,4160,3568,3195,7847,4846,3721,3346,8581,4935,3742,3500,5013,4236,3559,3230,1.27142,-32.2318,8.52727,48.0793
21557,10500,7765,4252,3436,5897,5122,3949,3456,3882,3794,3406,3208,3460,3386,3280,3041,-25.5476,-18.7357,8.86441,47.8893
21558,4184,6651,9169,5529,3929,4898,5481,4555,3505,3687,3775,3729,3192,3386,3434,3259,-22.7306,4.63692,8.84763,48.242
21559,6890,9254,5320,3805,5161,5866,4361,3727,3803,3882,3684,3422,3449,3391,3279,3126,-23.062,-9.99061,8.55088,48.28
21560,3275,3429,4137,4677,3280,3709,4879,7885,3351,3770,5021,8504,3295,3656,4215,4900,0.95571,27.496,8.55652,47.9887
21561,6652,8103,4851,3671,5743,6790,4456,3619,4100,4160,3714,3326,3463,3510,3313,3087,-17.5624,-11.4617,8.93614,48.372
21562,3859,5218,7748,5518,3732,5006,7102,5259,3421,3769,4215,3922,3156,3489,3543,3488,-16.7437,7.47876,8.88469,48.2967
21563,3524,4028,4810,4579,3794,4874,7822,5596,3525,4351,5918,4759,3359,3737,4007,3777,-4.13429,9.23629,8.68258,48.3067
21564,3436,3396,3181,3120,4133,4009,3512,3168,7370,5052,3857,3446,11071,5779,3922,3346,20.5238,-29.6515,8.65091,47.8653
21565,3622,4320,6480,6159,3580,4319,7306,6736,3348,3768,4411,4337,3122,3323,3533,3675,-12.7461,13.9221,8.8466,48.026
21566,3357,3908,5841,12651,3392,3684,4601,6102,3240,3506,3708,4009,3184,3253,3420,3356,-31.6544,29.0959,8.9182,47.4747
21567,3273,3700,4541,4706,3463,4133,6319,7039,3334,4082,5921,6434,3198,3655,4197,4301,-1.25094,16.7411,8.98346,48.1973
21568,3516,3638,3569,3393,4148,4703,4081,3624,5105,7913,5534,3856,4641,5853,4716,3887,10.0896,-5.70996,8.80639,48.118
21569,5417,9163,6912,4290,4486,5082,4766,3877,3579,3804,3741,3550,3269,3438,3341,3195,-31.3674,-3.7965,8.53823,47.94
21570,4968,8494,8013,4696,4230,4999,4852,4003,3631,3828,3675,3496,3285,3422,3311,3160,-28.551,-1.30345,8.71372,48.042
21571,3260,3691,4382,5283,3396,3794,5337,9141,3251,3650,4816,6968,3242,3410,3892,4512,-3.05524,25.3961,8.8239,48.0167
21572,3336,3433,3748,3508,3537,4177,5026,4445,3719,5209,8319,5442,3738,4320,5520,4696,8.31466,8.1915,8.97816,48.1153
21573,3506,3863,6107,12356,3404,3796,4686,5886,3381,3425,3735,3871,3162,3244,3460,3417,-30.8781,33.7481,8.51286,47.5327
21574,4204,5763,6754,4813,4089,5832,6898,4651,3606,4013,4159,3878,3262,3409,3517,3336,-15.0256,3.16122,8.83173,48.1227
21575,3423,4160,6765,11375,3439,3894,4974,6534,3250,3483,3796,4037,3151,3162,3383,3350,-23.9284,22.4041,8.82295,48.1173
21576,4230,4497,4004,3531,4917,7108,4928,3696,4839,6622,4763,3756,4012,4148,3865,3483,-1.47767,-7.24278,8.58323,48.266
21577,3233,3273,3270,3281,3580,3704,3743,3649,4018,5116,5406,4367,4588,7372,8484,5050,23.4315,1.80107,8.84659,48.0893
21578,3111,3304,3319,3429,3287,3490,3790,3922,3451,3867,4986,6270,3383,4096,6838,11289,24.7931,22.1391,8.84233,47.888
21579,3346,3732,5180,7119,3403,3974,5979,9142,3314,3539,4371,5260,3155,3357,3732,3832,-10.7092,21.7041,8.9217,48.29
21580,3369,3819,5203,7799,3466,3888,5392,9343,3223,3659,4202,4979,3031,3359,3514,3739,-12.5025,25.0098,8.65309,47.99
21581,3566,3662,3475,3236,4158,4567,3983,3528,5417,7753,5186,3788,5133,6461,4886,3769,12.2217,-7.45976,8.67662,48.3787
21582,3022,3194,3343,3440,3270,3640,4093,4141,3527,4083,5705,6566,3612,4368,7386,8881,19.6754,17.4629,8.89001,48.1807
21583,3663,5142,9230,6988,3669,4216,5857,5270,3377,3707,4040,3966,3073,3253,3354,3404,-21.6442,11.0671,8.84913,48.1393
21584,3588,3655,3570,3422,3901,4648,4398,3756,4582,7268,6299,4043,4294,5554,5077,3971,9.95192,-2.54034,8.54303,48.0173
21585,3566,3760,3596,3247,4276,4951,4088,3515,5584,8086,5134,3752,4766,5717,4431,3737,9.60357,-8.39291,8.74192,48.1373
21586,11145,6328,3957,3311,7263,5084,3975,3316,4118,3856,3515,3153,3391,3431,3174,3026,-20.9376,-25.1989,8.93015,48.0287
21587,3346,3592,3783,3892,3621,4245,5476,4478,3664,5331,8110,5302,3627,4274,5235,4536,6.41777,7.72948,8.77778,48.3413
21588,8849,5442,3860,3306,8809,5374,3769,3403,4661,4106,3575,3251,3631,3534,3230,3078,-14.8947,-26.2359,8.75599,47.9187
21589,5062,8477,7905,4634,4364,5277,4991,4091,3503,3720,3769,3524,3228,3211,3393,3224,-25.3397,-1.18499,8.71662,48.2487
21590,3124,3331,3554,3767,3271,3576,4377,5267,3417,3876,5834,9181,3349,3776,5318,7219,10.9322,23.4355,8.6147,48.158
21591,10763,5603,3781,3440,7874,5026,3859,3352,4240,3939,3500,3230,3398,3482,3369,3124,-18.824,-30.3624,8.61932,47.9867
21592,3346,3659,3545,3425,3768,4496,4735,3946,4119,6179,7643,4591,4101,4967,5546,4422,9.66392,2.72535,8.98561,48.3253
21593,3275,3353,3477,3499,3526,3846,4373,4095,3602,4864,7662,5718,3736,4623,7028,5444,13.7366,9.39526,8.91406,48.0807
21594,3400,3302,3261,3091,4136,3902,3528,3272,6506,5056,3854,3344,11102,6903,4087,3391,23.4848,-21.9281,8.6138,48.09
21595,3830,4550,4670,4005,4213,6489,7119,4427,3873,5013,5371,4078,3563,3946,3829,3574,-4.89849,1.61835,8.89477,48.3667
21596,3343,3359,3185,3170,3871,3782,3411,3213,6072,4747,3807,3463,12692,6151,3936,3263,31.3571,-27.4331,8.90623,47.6433
21597,3567,4308,5521,4773,3720,4976,8354,5783,3537,3969,5125,4522,3309,3509,3808,3670,-8.37836,9.18007,8.82758,48.3007
21598,3554,3610,3321,3091,4728,4155,3537,3179,8631,5585,3931,3463,8684,5619,3937,3395,15.0102,-23.5449,8.85082,48.28
21599,3275,3590,4313,5435,3399,3801,5163,9422,3306,3713,4680,6839,3177,3492,3901,4103,-4.28512,32.581,8.61627,47.7393
21600,3336,3972,5787,9051,3417,3874,5429,8447,3198,3550,4035,4583,3118,3258,3528,3634,-15.6536,23.8987,8.73183,48.1447
21601,9611,8568,4414,3484,5588,5251,4032,3377,3936,3849,3587,3196,3422,3454,3189,3087,-30.5402,-16.5657,8.50958,48.03
21602,5489,5047,3950,3373,7550,7227,4214,3481,5259,5049,3832,3374,3928,3902,3446,3329,-7.12902,-15.4842,8.75104,48.3
21603,4214,5045,4775,3919,4403,7218,6628,4176,4156,4971,4828,3729,3527,3666,3701,3501,-6.99294,-1.59207,8.9885,48.3047
21604,12724,6188,3908,3373,6089,4715,3782,3259,3899,3714,3477,3308,3365,3434,3280,3104,-33.4669,-27.0298,8.99391,47.746
21605,5353,6388,4554,3742,5828,8207,4903,3618,4191,4539,3957,3509,3548,3599,3435,3276,-12.1545,-9.59216,8.99832,48.4313
21606,3131,3152,3308,3462,3317,3478,3771,4110,3316,3658,4716,6172,3274,3884,6001,12727,33.6821,27.455,8.884,47.6513
21607,3996,3672,3412,3203,5992,4588,3713,3231,9914,5258,3702,3368,6249,4713,3717,3332,7.52357,-27.0898,8.64641,48.04
21608,5498,4610,3788,3197,8831,6059,3964,3440,6325,4948,3695,3248,4202,3859,3486,3187,-4.70261,-21.2146,8.91945,48.2247
21609,5836,4726,3606,3392,9349,5771,3874,3301,6231,4664,3675,3446,4008,3791,3391,3267,-6.31788,-23.0878,8.91512,48.2187
21610,3324,3424,3244,3205,4047,4025,3538,3369,5880,6063,4359,3565,7823,8146,4584,3609,20.1285,-13.7834,8.8151,48.1367
21611,3195,3328,3589,3570,3181,3621,4224,4955,3302,3774,5177,9568,3374,3793,5212,7849,12.2708,32.0275,8.89417,47.808
21612,4794,4275,3647,3324,7430,5822,4021,3339,7237,5702,3863,3400,4443,4250,3541,3260,-0.612095,-18.9976,8.81116,48.232
21613,11297,7237,4030,3342,6185,4906,3877,3312,3974,3706,3541,3260,3317,3419,3190,3088,-26.0306,-21.7212,8.85531,47.7873
21614,3751,5039,9463,7287,3567,4355,5252,5016,3475,3621,3820,3782,3129,3284,3534,3535,-33.935,11.4413,8.57114,47.94
21615,10185,8119,4312,3480,5554,5003,4082,3426,3930,3861,3429,3211,3381,3399,3288,3130,-30.3737,-17.8218,8.8594,47.86
21616,3127,3333,3505,3667,3194,3538,4144,4821,3410,3868,5240,9306,3401,3843,5302,8178,13.1848,33.8424,8.59601,47.918
21617,3054,3275,3577,3581,3339,3778,4435,4704,3400,4023,6202,8317,3327,4016,5762,7415,13.2561,19.7799,8.59283,48.1367
21618,11367,5791,3908,3378,7383,5009,3907,3342,4081,3772,3407,3120,3440,3345,3231,3149,-21.0559,-33.6032,8.93556,47.7533
21619,3475,4248,7666,10621,3427,4028,5151,5969,3176,3475,3832,3994,3090,3194,3362,3353,-25.4228,19.4487,8.9662,48.0407
21620,5497,9494,6684,4070,4647,5085,4503,3901,3676,3952,3716,3428,3355,3340,3359,3289,-33.5576,-5.07891,8.80273,47.9973
21621,10215,5857,3869,3324,8009,5100,3701,3420,4281,3887,3530,3219,3487,3508,3337,3134,-18.1216,-26.2512,8.82383,47.9187
21622,3504,3249,3209,3025,4056,3857,3393,3228,6569,4725,3765,3366,12193,6269,3899,3424,24.5582,-27.8982,8.81018,47.8207
21623,5630,7202,4853,3760,5561,7498,4846,3661,4014,4357,3772,3462,3519,3447,3348,3156,-14.6028,-9.31857,8.91101,48.0573
21624,3123,3245,3435,3497,3272,3632,4087,4161,3455,4308,6311,6380,3563,4482,7534,7830,18.2512,15.1228,8.98019,48.21
21625,3403,3355,3186,3120,4003,3828,3479,3171,6389,4821,3823,3514,12253,6144,3939,3445,25.0387,-26.4656,8.69068,47.9153
21626,3539,3934,4217,4095,3705,4416,6567,5141,3636,4635,7278,5468,3443,3824,4643,4260,1.50429,9.5605,8.57997,48.534
21627,3208,3532,4028,4607,3347,3710,4717,7630,3298,3735,5018,9054,3293,3531,4290,5186,1.91698,28.16,8.82251,48.1227
21628,11222,6832,4006,3396,6502,5091,3821,3430,3968,3774,3432,3367,3424,3470,3177,3177,-23.9797,-22.7747,8.68691,48.0593
21629,3300,3618,4221,4830,3358,3844,4952,8362,3394,3734,4922,7973,3275,3674,4074,4615,-0.418708,32.8107,8.6773,48.0973
21630,3945,4257,4122,3678,4502,6767,5376,3879,4619,6562,5261,3752,3874,4317,3908,3554,-0.377492,-3.9577,8.73593,48.2487
21631,10048,6642,4148,3376,7191,5321,4036,3405,4222,3910,3444,3216,3473,3526,3259,3105,-19.6567,-21.4095,8.96109,48.2147
21632,3181,3251,3387,3270,3146,3581,3712,3932,3532,4082,5128,5327,3582,4755,8976,9011,29.8853,15.168,8.91612,47.902
21633,9991,5665,3790,3420,8047,5186,3850,3274,4445,3989,3632,3193,3455,3426,3298,3125,-17.9036,-27.6941,8.50064,47.8573
21634,3297,3895,5335,7072,3553,3927,6092,8810,3263,3551,4367,5017,3109,3292,3676,3891,-11.3564,21.1693,8.78355,48.098
21635,3334,3962,5363,6672,3462,4042,5960,8992,3296,3696,4449,5159,3126,3476,3719,3789,-10.1574,20.9205,8.62941,48.3313
21636,3121,3348,3619,3444,3283,3656,4003,4300,3413,4270,6175,7141,3518,4172,6739,8076,16.625,17.2226,8.99615,48.1853
21637,9975,8407,4541,3569,5536,5045,4043,3516,3802,3720,3513,3298,3427,3405,3208,3196,-29.6145,-16.7861,8.8765,48.134
21638,3765,4575,5276,4477,3993,5668,7796,5008,3704,4404,5139,4156,3298,3626,3736,3597,-7.60138,5.20748,8.60892,48.1453
21639,3837,4513,5969,5108,3622,5031,8263,5725,3626,4010,4784,4210,3240,3435,3493,3672,-10.2204,8.60597,8.88205,48.3587
21640,5914,4563,3690,3337,9779,5208,3778,3309,6644,4500,3670,3334,4158,3785,3467,3255,-5.72502,-29.5219,8.9172,48.2607
21641,5052,8941,7784,4697,4261,5022,4802,4107,3654,3650,3695,3499,3332,3300,3384,3186,-29.4251,-1.52078,8.95858,48.244
21642,3428,3423,3225,3091,3929,3831,3475,3253,6101,4765,3850,3363,12351,6350,4022,3278,28.31,-26.7198,8.63825,47.8233
21643,6041,9743,6211,3996,4655,5489,4520,3777,3698,3865,3672,3393,3295,3337,3265,3204,-25.5881,-6.65895,8.63943,48.1073
21644,6713,9654,5766,3860,4867,5358,4339,3658,3770,3817,3675,3412,3379,3389,3269,3204,-26.3436,-9.12074,8.59134,48.0867
21645,3124,3401,3814,4039,3414,3679,4674,6110,3452,3896,5976,9068,3326,3696,4817,5665,6.39861,21.2112,8.77825,48.1007
21646,7691,5759,3925,3419,8423,5911,4011,3439,4797,4228,3644,3337,3648,3556,3376,3223,-13.7241,-20.8109,8.58727,48.258
21647,3723,4382,5589,4762,3862,5025,7917,5378,3440,4084,5195,4324,3358,3616,3753,3539,-8.45365,8.12724,8.57124,47.9647
21648,3369,3973,5949,8687,3427,3976,5691,8225,3209,3549,4014,4592,3155,3352,3547,3619,-15.7336,22.2106,8.68668,48.2227
21649,4301,4117,3587,3130,6950,4998,3806,3288,8809,5597,3735,3313,5331,4435,3705,3259,3.43236,-22.872,8.9947,48.2407
21650,3467,3333,3216,3100,3921,3840,3429,3221,6010,4794,3671,3382,12331,6175,3912,3360,32.4419,-25.9785,8.68819,47.4413
21651,3381,3596,4315,4964,3340,3754,5019,8798,3478,3809,4821,7711,3203,3467,3987,4498,-1.55056,33.8506,8.78065,48.094
21652,3402,4021,5686,9052,3402,3904,5428,8477,3286,3466,4055,4545,3103,3222,3602,3594,-15.5418,25.3142,8.72515,48.1633
21653,3449,3962,5437,9066,3406,3723,4991,8832,3317,3466,4121,4674,3174,3205,3516,3640,-15.5352,31.292,8.87117,47.986
21654,3065,3236,3425,3356,3161,3490,3873,4199,3313,3837,5042,7635,3390,3952,6112,10936,19.8271,25.6878,8.85717,48.0147
21655,12056,6736,4028,3470,6256,4900,3863,3360,3909,3719,3467,3194,3373,3385,3170,2984,-26.5429,-23.3696,8.94536,47.9133
21656,3835,5774,9929,6621,3676,4419,5153,4706,3368,3566,3941,3692,3104,3303,3277,3345,-32.3409,8.55887,8.79386,47.806
21657,3306,3354,3227,3119,3826,3732,3468,3212,5970,4634,3773,3312,12502,5918,4004,3460,29.8206,-33.398,8.71008,47.2113
21658,12007,6672,4066,3398,6218,4867,3880,3320,3968,3816,3380,3188,3434,3282,3248,3085,-27.3958,-23.7009,8.93209,47.886
21659,3504,4335,8595,9604,3492,4036,5204,5697,3190,3547,3882,3915,2996,3267,3334,3273,-26.4253,16.8478,8.75963,47.914
21660,3464,3345,3240,3097,4146,3806,3474,3177,6548,5049,3815,3353,10908,6856,4191,3409,23.3065,-21.7246,8.76963,47.9187
21661,3140,3489,3742,3868,3263,3714,4384,5702,3491,3940,5276,9885,3377,3565,4744,6337,8.19028,33.8096,8.86847,47.9447
21662,10005,6801,4059,3494,7046,5346,4031,3480,4108,3923,3565,3181,3354,3376,3295,3058,-20.2228,-20.9421,8.98924,48.0813
21663,3245,3392,3514,3281,3341,3637,4071,3995,3762,4577,6688,5405,3762,5056,8093,6335,18.0504,10.278,8.53909,48.1027
21664,3123,3136,3352,3475,3234,3520,3843,4082,3451,3958,5352,6094,3535,4310,7808,10043,23.3694,18.3725,8.74957,48.2107
21665,3355,3307,3219,3054,4168,3881,3343,3263,6342,4769,3830,3424,12341,6120,4004,3342,25.8532,-29.1693,8.80059,47.8413
21666,5365,7995,5463,3894,4948,6934,5089,3807,3895,4153,3796,3530,3343,3482,3402,3311,-16.9641,-6.37185,8.93159,48.2713
21667,3891,3768,3342,3224,6059,4374,3654,3180,10023,5188,3745,3378,6376,4726,3648,3312,7.5828,-30.4024,8.96802,47.9253
21668,3244,3295,3632,3820,3364,3462,4232,5438,3347,3859,5193,9996,3325,3816,4865,7134,9.81637,32.0456,8.83919,48.0147
21669,3395,4264,6032,6712,3491,4168,6924,7535,3302,3788,4428,4696,3083,3389,3609,3598,-12.6643,16.5958,8.89857,48.276
21670,3401,4030,6006,12608,3400,3777,4777,5924,3240,3457,3625,3938,3263,3156,3352,3330,-28.6789,32.2723,8.59515,47.5227
21671,3980,5058,5676,4336,4146,6191,7450,4673,3672,4232,4731,3944,3414,3605,3682,3462,-9.95238,2.68834,8.63103,48.168
21672,9760,6595,4019,3345,7364,5464,3924,3352,4238,4016,3495,3199,3445,3405,3192,3077,-18.9672,-21.1208,8.87588,47.9267
21673,3282,3407,3252,3214,3687,3784,3607,3359,4947,5733,4400,3558,6966,9585,5334,4037,24.6083,-9.7552,8.64908,48.1013
21674,3248,3276,3315,3277,3471,3728,3751,3695,3739,4500,5190,4496,4114,6459,9714,5814,31.4536,5.61057,8.82428,47.858
21675,3941,5394,7335,5278,3920,5214,7040,5024,3553,3792,4286,3970,3159,3336,3394,3412,-15.5041,6.57192,8.51052,48.032
21676,3134,3189,3393,3326,3387,3745,3835,3834,3916,4482,5358,4666,4082,6492,9458,5811,25.4567,5.72509,8.64503,48.072
21677,3096,3185,3476,3558,3242,3612,3999,4284,3421,3860,5598,6868,3418,4218,6887,8795,18.4333,18.8841,8.56415,47.678
21678,4851,7700,6547,4421,4470,5974,5434,4169,3670,4080,3924,3643,3256,3531,3336,3206,-19.0857,-2.09394,8.5267,48.1413
21679,4232,4077,3664,3348,5609,5775,3971,3433,6792,7143,4320,3413,4807,4664,3896,3400,3.30516,-14.6744,8.54394,48.3627
21680,6916,9378,5305,3855,5146,5653,4410,3654,3764,3881,3627,3302,3302,3379,3283,3158,-23.4894,-10.1077,8.60831,48.0087
21681,8058,5204,3793,3394,9392,5482,3858,3396,4964,4053,3496,3283,3677,3424,3283,3252,-12.7925,-25.9207,8.60247,48.006
21682,3437,3889,5660,9663,3391,3964,5165,8346,3198,3534,4011,4465,3105,3288,3385,3522,-17.2985,26.4135,8.62999,48.0153
21683,8249,8364,4530,3623,5720,5722,4189,3656,3980,4004,3638,3276,3422,3488,3290,3051,-21.9105,-14.8308,8.53663,48.1347
21684,4199,3815,3449,3220,6658,4649,3760,3248,9560,5171,3795,3411,5780,4504,3646,3295,5.3124,-27.9084,8.59173,48.1067
21685,3145,3299,3491,3568,3244,3618,4041,4553,3424,4032,5742,7780,3518,4134,6169,8465,16.1571,20.2427,8.62325,48.1487
21686,3459,4276,6471,6880,3489,4307,6910,7122,3300,3727,4365,4399,3098,3430,3552,3570,-13.7833,15.535,8.86762,48.2367
21687,4062,3886,3360,3165,6255,4449,3573,3239,9803,5490,3795,3349,6316,4661,3687,3259,7.07165,-27.1653,8.76756,48.2327
21688,3542,3445,3197,3097,4283,3974,3490,3153,8130,5065,3761,3436,10178,5606,3908,3329,18.1281,-27.836,8.80868,47.7293
21689,9792,5500,3822,3396,8491,5014,3804,3461,4426,4023,3515,3223,3544,3483,3263,3190,-16.9922,-32.4087,8.88079,47.9647
21690,6688,5717,3948,3435,8107,6436,4195,3556,4836,4564,3631,3313,3656,3635,3429,3083,-11.3232,-18.3203,8.71009,48.1527
21691,11209,6459,3993,3402,6927,5013,3859,3452,4153,3902,3434,3200,3405,3555,3111,3002,-21.848,-23.3729,8.86671,48.0507
21692,3482,3791,3741,3532,3754,4610,5079,4034,4024,6208,7608,4588,3843,4706,5068,4124,6.83281,2.54343,8.82891,48.128
21693,4685,4190,3571,3167,8175,4772,3708,3323,8571,5093,3629,3307,4936,4095,3600,3239,0.796063,-27.6895,8.90919,48.0407
21694,3280,3602,4143,3950,3542,4034,5974,5839,3421,4252,7225,6677,3345,3745,4626,4655,3.12897,13.8849,8.9802,48.2067
21695,4949,4312,3643,3293,8635,5029,3812,3335,7904,4902,3705,3370,4584,4014,3576,3411,-1.27413,-31.939,8.72984,48.316
21696,7411,5133,3669,3376,9741,5581,3844,3387,5321,4325,3545,3181,3807,3594,3259,3119,-11.0373,-25.4078,8.58149,48.1953
21697,3207,3339,3340,3406,3362,3713,3847,3848,3612,4517,5759,4841,4003,5740,9491,6237,23.5251,8.10354,8.90795,48.1747
21698,3602,3581,3394,3110,4464,4333,3576,3383,7319,6779,4171,3530,6936,6297,4116,3491,13.7696,-16.5004,8.69446,48.0547
21699,10446,5822,3931,3458,7785,5068,3782,3384,4340,3981,3521,3172,3452,3448,3184,3128,-19.0884,-27.3562,8.51979,47.9347
21700,3316,3390,3307,3158,3716,3863,3701,3421,4778,5120,4296,3755,6867,9696,5655,3947,27.8385,-8.76602,8.55846,47.9907
21701,3104,3314,3435,3339,3236,3676,3903,3812,3562,4051,5431,5412,3680,4594,8760,8897,24.3482,14.9862,8.73937,48.1373
21702,3405,3337,3229,3204,3832,3925,3643,3371,5178,6272,4526,3631,6511,9161,5366,3924,21.0663,-9.31038,8.91322,48.3433
21703,3376,3654,4215,4518,3527,3967,6210,6539,3573,4046,6298,6890,3274,3714,4340,4534,0.640644,16.4692,8.97883,48.45
21704,12013,6232,3914,3357,6126,4826,3819,3400,3901,3843,3497,3194,3411,3376,3209,3177,-29.3734,-27.3515,8.50097,47.53
21705,3732,4318,4037,3616,4432,6760,5561,4090,4499,6452,5396,3944,3766,4212,4062,3562,-0.470039,-2.81498,8.85799,48.2927
21706,3625,3653,3301,3167,4883,4541,3639,3336,8024,6534,4074,3497,6933,5809,3908,3293,12.1672,-18.2364,8.76985,48.1447
21707,3270,3934,5784,9107,3442,3934,5377,8326,3313,3480,4087,4487,3084,3308,3500,3601,-16.1485,23.81,8.50445,48.0227
21708,3523,3431,3226,3036,4225,3887,3386,3259,7386,4838,3736,3332,11404,5718,3761,3482,20.9887,-29.8974,8.64308,47.7533
21709,3176,3187,3481,3439,3202,3357,3954,4168,3372,3869,5100,7370,3293,4025,5748,10924,20.1943,31.5752,8.58979,47.7767
21710,3110,3398,3541,3605,3353,3555,4029,4511,3408,3803,5160,8383,3361,3869,5510,9315,16.4008,33.7634,8.54903,47.9407
21711,10818,7675,4110,3360,5764,5072,3868,3470,3900,3748,3504,3151,3386,3429,3318,3171,-28.2913,-19.5718,8.76295,47.8293
21712,3487,4273,7111,9091,3503,3973,5639,6707,3307,3482,4012,4130,3068,3286,3399,3543,-20.1421,18.708,8.64041,48.0073
21713,4006,6195,9759,6158,3748,4379,5175,4709,3342,3560,3793,3641,3193,3371,3420,3413,-29.7464,7.20346,8.72902,47.908
21714,3578,4142,4907,4485,3650,5020,7781,5478,3571,4377,5697,4696,3344,3643,3912,3837,-5.05076,9.01006,8.59551,48.0787
21715,4143,4204,3566,3354,5385,6366,4258,3491,5808,7205,4506,3711,4537,4582,3890,3394,2.37376,-11.5909,8.84736,48.2667
21716,7705,9753,5175,3802,4953,5333,4197,3573,3748,3772,3541,3349,3372,3474,3299,3098,-29.1131,-11.5541,8.75236,48.096
21717,3388,3351,3276,3158,3815,3932,3389,3229,5377,5234,4136,3515,8796,9068,4735,3574,30.2104,-14.1605,8.7138,47.982
21718,3501,3718,3414,3320,4184,4546,3953,3629,5141,7948,5421,3797,4851,6129,4804,3903,11.3188,-6.19343,8.70043,48.1727
21719,3367,3782,5680,10560,3313,3843,5153,8007,3229,3532,3926,4409,3068,3348,3459,3470,-18.4646,28.6928,8.74659,48.0973
21720,3318,3298,3174,3141,3966,3807,3350,3313,6110,4748,3814,3404,12609,6085,3890,3413,28.2538,-31.8051,8.66178,47.6267
21721,4404,4096,3416,3234,7006,4929,3780,3423,8620,5320,3793,3531,5216,4422,3713,3268,2.84641,-24.4977,8.54844,48.114
21722,3464,4033,5912,11938,3392,3843,4913,6890,3253,3440,3701,4054,3215,3220,3271,3302,-22.9603,32.3057,8.78305,47.894
21723,3714,4190,4528,4025,4026,5577,7371,4621,3770,4924,6019,4279,3443,3893,3996,3762,-2.76506,4.27438,8.63791,48.092
21724,3250,3487,3782,3790,3421,3739,4682,4917,3506,4312,7296,7151,3379,4056,5471,5694,9.65234,15.2485,8.61297,47.9553
21725,3485,3375,3285,3198,3959,3689,3369,3249,5843,4636,3793,3407,12648,5900,3807,3339,31.1847,-32.3276,8.70897,47.3213
21726,3413,3902,5378,8968,3296,3741,5173,8918,3299,3594,4027,4706,3180,3259,3500,3571,-15.1417,29.8242,8.70875,47.95
21727,3387,3437,3160,3008,3846,3931,3499,3309,5863,5151,3958,3499,10349,7973,4346,3461,25.8676,-18.4419,8.80422,48.118
21728,3694,4251,4872,4386,3731,5032,7982,5361,3574,4294,5755,4635,3417,3710,4020,3759,-4.36805,7.8577,8.98827,48.3153
21729,3134,3248,3395,3445,3217,3466,3944,4204,3506,3786,4936,7666,3304,4000,5713,10736,19.45,33.2946,8.84712,47.8
21730,4635,7720,8686,5007,4072,4803,5004,4364,3478,3758,3701,3646,3271,3373,3241,3345,-33.092,1.5692,8.76147,48.0693
21731,3404,3499,3248,3163,3920,3722,3475,3252,5951,4836,3771,3416,12350,6470,3906,3416,30.7461,-24.2904,8.94805,47.866
21732,3038,3299,3458,3442,3327,3554,3918,3774,3510,4182,5428,5106,3803,5086,9373,7695,25.8722,12.2285,8.76166,47.9953
21733,3130,3443,3476,3487,3432,3854,3995,3731,3959,5121,6540,4710,4224,5911,8236,5172,18.6916,4.65905,8.71693,48.2807
21734,3211,3222,3416,3489,3233,3506,3779,3939,3313,3992,4966,5897,3367,4160,7048,11268,33.6034,20.5665,8.84457,47.8707
21735,3193,3347,3510,3639,3287,3536,4046,4794,3427,3822,5287,8842,3322,3789,5412,8726,14.6368,25.8643,8.90104,47.986
21736,3370,3818,4735,4786,3633,4337,7197,6706,3333,4015,5738,5310,3240,3638,4014,4101,-4.11764,13.9088,8.75236,47.9807
21737,4022,3976,3417,3107,6081,4622,3684,3290,9173,5763,3818,3392,6003,4746,3861,3233,6.24983,-23.232,8.51271,48.1253
21738,3160,3310,3416,3282,3547,3730,3787,3483,4063,5106,5375,4362,4481,7346,8544,5012,23.8389,1.91649,8.74587,48.0027
21739,12153,6087,3986,3411,6582,4712,3806,3409,4021,3860,3561,3279,3321,3398,3216,3075,-24.9411,-29.1634,8.54899,47.918
21740,3267,3425,3861,3881,3467,4021,5201,4710,3624,4674,7959,6388,3557,4194,5442,5113,7.98593,11.8698,8.64342,48.5227
21741,3384,4015,6002,8738,3503,3955,5667,7985,3278,3553,4102,4456,3031,3241,3505,3551,-15.9161,21.442,8.74198,47.9773
21742,5500,8211,5745,3975,4826,6715,4988,3869,3990,4006,3846,3510,3287,3450,3265,3127,-17.9156,-5.94967,8.93639,48.2067
21743,5344,4268,3619,3325,9130,5148,3747,3278,7163,4762,3678,3315,4404,3955,3553,3221,-3.51452,-29.8471,8.57968,47.94
21744,10101,7871,4405,3558,5700,5070,3961,3471,3943,3910,3495,3235,3364,3377,3286,3134,-28.7879,-18.1698,8.58815,47.9207
21745,3255,3338,3338,3252,3578,3863,3850,3624,4192,5525,5814,4280,4467,7215,7798,4670,20.0745,0.908855,8.76632,48.0393
21746,3265,3967,5829,12631,3279,3757,4795,5999,3302,3356,3672,3930,3220,3221,3409,3428,-32.0902,30.5822,8.80913,47.3733
21747,3157,3528,3898,4209,3485,3773,5296,6069,3403,4125,6556,7986,3358,3785,4576,5242,4.23951,18.0242,8.98037,48.2973
21748,3133,3351,3476,3332,3373,3617,3661,3717,3651,4217,5426,5078,3716,5199,9765,7503,26.226,11.2224,8.92905,48.1433
21749,3483,3961,6007,12730,3335,3663,4619,6002,3273,3444,3760,3870,3185,3141,3476,3425,-28.9335,32.0067,8.90665,47.5827
21750,3406,3345,3213,3091,3779,3857,3459,3309,5170,5147,4206,3562,8462,9422,4765,3602,29.3374,-13.7256,8.73628,47.8633
21751,3691,3588,3449,3065,4357,4345,3772,3398,6744,7212,4391,3573,6300,6485,4514,3521,13.3179,-14.2577,8.53345,48.27
21752,4303,3926,3427,3203,7207,4645,3770,3309,9422,5132,3866,3449,5195,4305,3706,3286,3.3665,-32.4671,8.9495,48.1007
21753,3339,3334,3450,3356,3572,3619,3849,3628,4044,4771,5084,4294,4318,7535,8875,4986,33.8615,2.16136,8.93132,48.036
21754,3275,3753,5261,7649,3393,3918,5452,9335,3270,3457,4205,5086,3117,3373,3636,3726,-11.9276,23.9489,8.79682,47.9373
21755,3193,3274,3424,3402,3234,3477,3824,4008,3307,3761,4931,5881,3431,4006,6479,11575,33.454,23.4297,8.5615,47.4713
21756,3207,3387,3907,4030,3293,3723,4607,6161,3405,3873,5853,9234,3337,3688,4720,5915,6.4132,23.2755,8.6136,48.2267
21757,3468,4323,6632,6624,3556,4392,7110,6899,3301,3694,4370,4422,3100,3267,3561,3470,-13.9194,14.4339,8.92085,48.126
21758,3190,3246,3392,3392,3352,3481,3744,3834,3825,4355,5212,4903,3881,5470,10100,6969,31.7325,9.40075,8.76386,48.2307
21759,3320,3968,5565,9549,3383,3884,5047,8467,3217,3379,4108,4568,3220,3257,3472,3601,-16.5145,28.7144,8.57403,48.0033
21760,6212,4721,3671,3386,9698,5115,3814,3360,5962,4373,3592,3314,3930,3871,3336,3217,-7.11889,-32.4254,8.52752,47.7147
21761,12675,5998,3847,3482,6028,4774,3651,3349,3987,3712,3480,3329,3391,3369,3161,3192,-27.706,-30.4718,8.75948,47.6167
21762,3419,3814,5295,6439,3450,4018,6500,8636,3326,3707,4526,5216,3207,3402,3678,3720,-9.63304,19.4484,8.69932,48.2353
21763,4121,3914,3460,3172,6247,4956,3827,3277,8673,6180,3997,3467,5387,4687,3743,3285,4.87539,-19.9888,8.95133,48.262
21764,3432,3996,4636,4390,3647,4606,7584,5641,3478,4380,6166,5207,3343,3674,4046,4004,-3.15892,10.578,8.71421,48.1533
21765,3404,3653,4842,5751,3394,3899,6140,8990,3347,3771,4839,5942,3177,3307,3891,4010,-6.33582,20.4614,8.88019,48.238
21766,4057,4514,4175,3624,4836,7265,5427,4001,4538,6185,5036,3794,3743,4086,3862,3439,-2.17706,-4.52655,8.8463,48.388
21767,3341,3681,4065,3856,3633,4500,6207,4689,3746,5015,7717,5192,3583,4080,4790,4270,3.2943,7.57202,8.81506,48.2433
21768,3314,3733,4991,7197,3342,3749,5448,9859,3303,3622,4262,5386,3081,3406,3676,3802,-10.4369,26.3723,8.74857,48.114
21769,10434,5715,3977,3393,8028,5135,3800,3339,4383,4093,3404,3201,3466,3388,3193,3087,-18.4774,-28.1274,8.96059,48.024
21770,3480,3872,5955,12522,3334,3618,4703,6014,3243,3465,3800,3937,3157,3290,3343,3440,-33.154,29.1197,8.77341,47.4487
21771,9046,8783,4734,3611,5519,5276,4138,3620,3916,3794,3556,3263,3335,3335,3269,3095,-27.4078,-15.0941,8.59704,48.1933
21772,3934,5780,9466,6216,3744,4566,5889,4933,3356,3713,3955,3784,3134,3287,3390,3241,-22.782,8.02504,8.71124,48.2587
21773,9462,8574,4448,3563,5449,5169,3983,3476,3933,3709,3525,3279,3391,3403,3231,3106,-32.7026,-15.9326,8.92103,47.8007
21774,3871,3718,3542,3105,5454,4854,3720,3261,8560,6492,4106,3455,6009,5205,3865,3405,8.57832,-18.945,8.85878,48.4147
21775,3424,3655,4218,4101,3463,4270,6357,5294,3586,4550,7200,5758,3432,3783,4456,4476,1.82833,11.5917,8.89522,48.0153
21776,3415,3363,3242,3169,4120,3858,3497,3301,6924,4873,3797,3296,11587,5765,3894,3320,21.763,-32.532,8.74474,47.614
21777,3699,3872,3640,3242,4589,5201,4123,3603,5884,7999,4813,3732,4883,5297,4141,3548,7.23868,-10.1057,8.56181,48.1773
21778,3423,3389,3258,3095,4180,4139,3738,3392,6102,6661,4426,3535,6951,7793,4585,3604,17.4716,-13.0915,8.96984,48.1807
21779,3422,4016,5719,7362,3448,3940,5976,8483,3258,3688,4362,4945,3177,3330,3565,3615,-12.4914,20.7152,8.62769,48.204
21780,3082,3296,3423,3440,3339,3582,3995,4068,3513,4075,5765,6197,3672,4399,7635,8604,20.2317,16.4924,8.56188,48.0567
21781,4073,3741,3393,3113,6025,4398,3618,3258,9895,5478,3829,3222,6393,4634,3723,3344,7.78566,-25.6745,8.9392,48.0913
21782,3796,3649,3363,3199,5018,4624,3688,3249,8274,6695,4114,3391,6504,5371,4022,3387,10.4343,-18.292,8.89928,48.2293
21783,3223,3436,3505,3298,3487,3781,4218,3893,3960,5279,6990,4884,3975,5512,7524,5204,15.8572,5.54744,8.80696,48.1127
21784,3154,3309,3463,3465,3445,3651,3830,3701,3849,4606,5331,4653,4101,6243,9886,6061,26.4876,6.54264,8.86072,48.4987
21785,4061,6645,9502,5504,3796,4565,5269,4583,3440,3675,3845,3683,3195,3335,3380,3372,-29.1479,5.18327,8.60246,47.9
21786,3378,3969,6021,12743,3378,3860,4725,6131,3191,3436,3793,3955,3169,3292,3468,3382,-29.1923,28.2364,8.70649,47.9273
21787,3220,3527,3950,4438,3363,3822,4824,7221,3393,3776,5036,9143,3335,3524,4372,5267,3.03787,27.4285,8.50374,48.1407
21788,11352,6159,3935,3341,6917,5036,3747,3459,4129,3903,3571,3211,3430,3371,3193,3053,-22.6354,-25.2388,8.57754,47.8713
21789,3146,3449,3805,4009,3277,3710,4741,5780,3400,4009,6038,8920,3390,3765,4858,6137,7.49343,20.975,8.71815,48.2893
21790,6063,5832,4206,3471,7281,7177,4238,3504,4808,4678,3750,3394,3781,3604,3335,3141,-10.9998,-15.5143,8.57129,48.1753
21791,4308,4961,4259,3664,5189,8014,5437,3895,4329,5555,4447,3701,3743,3910,3626,3450,-5.66484,-5.98155,8.80382,48.3253
21792,3388,3597,3394,3232,3984,4302,3775,3581,5446,7132,4908,3761,5646,7568,5146,3774,15.8708,-8.64,8.64326,48.4227
21793,8589,9079,4836,3637,5314,5254,4158,3411,3837,3703,3541,3258,3391,3420,3293,3163,-31.3767,-14.3544,8.68464,47.9227
21794,3184,3310,3532,3272,3541,3886,4046,3709,3916,5439,6559,4609,4154,6251,7715,4990,17.5542,3.31414,8.78466,48.0753
21795,3249,3179,3468,3554,3227,3466,4137,4624,3446,3874,5116,8592,3373,3906,5513,9073,15.4524,26.788,8.55448,47.8647
21796,3380,3469,3272,3217,3796,3805,3710,3264,4852,5197,4416,3636,6575,10170,5694,3712,31.8436,-8.61606,8.96259,48.11
21797,4926,4355,3579,3198,8064,5757,3851,3455,7235,5188,3933,3310,4514,4177,3505,3147,-1.73718,-21.644,8.881,48.1293
21798,4303,5822,5699,4206,4413,6936,6452,4305,3875,4267,4407,3619,3359,3435,3574,3418,-12.3171,-0.845651,8.94113,48.06
21799,3356,3609,4031,4125,3513,4149,6027,5454,3594,4449,7244,6134,3528,3804,4714,4549,2.8251,12.5888,8.76751,48.1867
21800,3119,3255,3367,3482,3297,3475,3640,3969,3238,3767,4859,6016,3407,3896,6297,12404,33.0684,25.1907,8.95091,47.6587
21801,3747,3624,3239,3192,5454,4321,3560,3305,10035,5321,3965,3347,6998,4911,3787,3394,9.7788,-32.7083,8.95847,48.1333
21802,3888,3647,3460,3135,5179,4808,3725,3311,7639,7105,4173,3460,5887,5434,4032,3463,8.96622,-16.186,8.88007,48.2307
21803,3369,4096,7022,11084,3334,3854,5054,5897,3184,3473,3925,4077,2967,3239,3374,3472,-33.9801,21.1477,8.54159,47.614
21804,3603,3566,3590,3258,4218,4757,3956,3506,5753,8263,4990,3661,5015,6080,4430,3676,10.3637,-8.99121,8.89718,48.2147
21805,3109,3278,3379,3228,3300,3634,3821,3843,3696,4204,5599,4938,3813,5608,9714,6815,23.8304,9.42059,8.94979,47.986
21806,3947,3788,3585,3201,5054,4948,3817,3381,7244,7465,4290,3597,5272,5236,4005,3475,7.89805,-14.8099,8.57421,48.2033
21807,3112,3273,3693,3750,3250,3588,4301,5345,3392,3858,5260,9885,3286,3792,4930,7581,11.4108,27.6936,8.74617,48.1973
21808,7896,7594,4442,3571,6306,6128,4112,3561,4073,4026,3475,3231,3454,3421,3392,3143,-18.8028,-15.2419,8.79997,47.8833
21809,6753,4893,3698,3302,10027,5320,3806,3498,5493,4281,3608,3340,3806,3830,3440,3200,-9.19828,-32.9018,8.87786,48.1967
21810,3382,4103,5570,5939,3555,4204,7084,7551,3404,3862,4758,4900,3246,3448,3697,3868,-9.76464,16.2361,8.66778,48.3807
21811,3431,3383,3287,3116,3948,3808,3637,3318,5853,5465,3996,3504,9138,8472,4594,3599,24.4127,-15.9414,8.5389,48.366
21812,3333,3403,3346,3153,3601,3796,3602,3495,4337,5170,4622,3984,5509,9219,7055,4359,30.6175,-3.3258,8.79516,47.9893
21813,4122,6623,9228,5372,3926,4736,5289,4601,3462,3739,3883,3576,3254,3318,3374,3422,-33.7814,4.25705,8.79866,47.95
21814,3349,3939,6018,12655,3450,3696,4755,6087,3296,3525,3765,3718,3151,3298,3426,3383,-28.0253,31.1781,8.81328,47.674
21815,3491,3972,4444,4325,3634,4546,7237,5525,3456,4465,6462,5253,3436,3824,4080,4144,-1.48193,10.015,8.54024,48.196
21816,8571,8837,4772,3619,5477,5258,4034,3440,3880,3868,3557,3273,3334,3339,3324,3170,-25.5469,-14.4238,8.50697,47.8353
21817,3596,3887,4285,3782,3833,5096,6320,4525,3799,5409,6962,4732,3579,3977,4507,4001,1.23819,4.80529,8.87855,48.1933
21818,3008,3259,3424,3374,3405,3545,3923,3786,3542,4341,5495,5314,3609,4931,9472,7879,25.0794,12.4115,8.99956,48.2047
21819,6331,7791,4983,3852,5581,6554,4724,3749,3960,4148,3657,3446,3455,3375,3358,3150,-18.0844,-10.5572,8.5013,48.076
21820,3215,3369,3814,4009,3379,3640,4492,6090,3374,3779,5271,9907,3273,3553,4673,6367,6.99467,27.9008,8.94911,48.1367
21821,3276,3685,4749,6062,3287,3954,5683,9246,3295,3732,4526,5985,3187,3501,3717,4251,-6.91084,23.3099,8.50387,48.0907
21822,7237,8026,4567,3690,5925,6414,4201,3599,3945,4171,3660,3399,3436,3420,3267,3081,-18.5762,-13.591,8.78359,48.0253
21823,4041,3795,3491,3169,6347,4465,3660,3330,9866,5221,3765,3354,5945,4465,3675,3356,6.01684,-32.952,8.7897,47.9633
21824,3351,3680,4451,4733,3412,3959,6153,7210,3377,3905,5721,6859,3290,3505,4254,4437,-0.960051,17.8838,8.95693,48.198
21825,4112,4406,3982,3597,4739,6971,5083,3765,4671,6686,4938,3750,3928,4287,3906,3436,-0.709937,-5.75327,8.64944,48.1713
21826,3161,3246,3369,3376,3221,3449,3751,3905,3387,3716,4759,5886,3328,3871,6089,12722,30.7954,32.4616,8.8794,47.4907
21827,3234,3373,3738,3852,3282,3591,4418,5766,3429,3905,5309,9852,3323,3670,4740,6622,8.33681,31.4646,8.56777,48.0693
21828,3488,4470,8270,10090,3511,4082,5006,5488,3174,3617,3769,3935,3139,3160,3400,3392,-31.0593,17.3697,8.97266,47.994
21829,3076,3230,3293,3407,3306,3659,3854,3903,3553,4255,6044,5598,3774,5017,9114,7411,21.1758,12.2308,8.97536,48.3293
21830,4106,3875,3471,3226,6158,4857,3658,3333,8825,6019,4020,3519,5555,4690,3497,3397,5.33616,-20.8298,8.93867,48.1373
21831,4649,5151,4172,3532,5642,8212,4902,3660,4703,5470,3962,3394,3984,3969,3539,3363,-5.87251,-9.21975,8.86821,48.2027
21832,3384,3330,3175,3171,3857,3605,3600,3236,5854,5067,3975,3322,10614,7826,4296,3464,27.1961,-19.2734,8.63935,47.8507
21833,3691,3727,3394,3284,4633,4612,3814,3321,7141,7172,4255,3597,6259,6014,4172,3438,11.5615,-15.0239,8.88989,48.3493
21834,3193,3315,3397,3416,3158,3311,3864,3893,3361,3659,4679,6046,3450,3716,5991,12913,29.2149,31.2291,8.95745,47.5747
21835,9530,8480,4464,3499,5452,5221,4026,3525,3774,3851,3547,3249,3455,3369,3217,3043,-28.3361,-16.8787,8.80201,47.8013
21836,3612,3446,3348,3102,4193,4137,3756,3351,6471,6415,4264,3513,7584,7481,4414,3559,17.4616,-15.064,8.88169,48.4307
21837,5801,4550,3635,3321,9607,5106,3841,3379,6581,4604,3689,3253,4101,3933,3421,3261,-5.3781,-30.8836,8.72641,48.0553
21838,2970,3256,3459,3463,3323,3468,4006,4322,3416,3958,5872,7299,3449,4078,6697,9142,17.9326,19.4567,8.81612,48.1187
21839,3407,3363,3252,3168,3637,4062,3791,3394,4998,6407,4779,3800,5729,8736,5805,4031,19.8781,-6.5087,8.88805,48.2393
21840,3322,3418,3210,3092,4019,3834,3749,3360,5283,5775,4300,3702,7057,9189,5227,3847,23.4037,-11.2721,8.73838,48.256
21841,6250,5938,4172,3368,7470,7160,4273,3453,4666,4518,3687,3316,3558,3602,3460,3138,-11.5379,-15.71,8.77826,48.0193
21842,3197,3332,3449,3319,3523,3679,4115,3944,3664,4726,6606,5158,3955,5317,8371,6064,18.6688,8.42699,8.63148,48.2793
21843,3110,3272,3492,3621,3303,3589,3983,4487,3379,3812,5166,8650,3440,3853,5530,9089,15.5702,30.9454,8.584,47.8507
21844,3599,3960,4044,3792,4024,5636,5746,4212,4197,6123,6477,4376,3800,4363,4337,3761,1.61926,0.536001,8.91618,48.298
21845,3736,5234,9894,7520,3603,4222,5425,5040,3338,3631,3728,3861,3072,3273,3417,3399,-26.6244,11.3732,8.76401,48.262
21846,3520,3366,3213,3099,4179,3740,3399,3334,7078,5114,3726,3377,11118,6196,3973,3506,21.3826,-24.9593,8.66499,47.9587
21847,3208,3290,3362,3232,3584,3775,3796,3610,4111,5090,5399,4259,4520,7462,8608,4910,23.1653,1.9262,8.93973,48.144
21848,3142,3494,3823,4207,3378,3796,4818,6862,3269,3868,5157,9708,3302,3587,4401,5785,4.86636,27.7612,8.9041,48.398
21849,4484,4969,4146,3560,5257,7973,4965,3771,4586,5795,4481,3746,3764,3983,3652,3412,-4.61798,-7.58951,8.54307,48.3627
21850,3100,3290,3433,3436,3312,3486,3878,4188,3424,3907,5470,7091,3412,4162,6827,9589,19.2444,20.3711,8.77921,48.0033
21851,3193,3426,3671,3745,3442,3752,4647,4727,3460,4250,7320,7278,3479,4095,5705,5910,10.6803,14.9491,8.67018,48.0667
21852,6279,6871,4387,3571,6404,7170,4476,3573,4245,4425,3753,3367,3625,3703,3389,3193,-14.1778,-12.6797,8.61415,48.2873
21853,3907,3868,3466,3192,5902,4698,3729,3284,9104,5870,3986,3376,6101,4898,3725,3372,7.10547,-21.7459,8.61355,48.3187
21854,3203,3371,3507,3368,3217,3588,4049,3929,3487,4238,5936,5478,3762,4881,8655,7454,21.1757,12.5078,8.70823,48.082
21855,5436,4433,3660,3270,9233,5069,3687,3471,7073,4689,3753,3324,4340,3951,3489,3190,-3.44415,-32.0124,8.65806,48.0453
21856,3212,3539,4241,4730,3371,3830,4882,7976,3395,3720,4886,8194,3270,3637,4209,4824,0.170421,32.1032,8.514,47.944
21857,3303,3922,5235,9247,3329,3809,5234,8944,3179,3526,4140,4605,3063,3236,3470,3631,-15.2918,28.2581,8.95473,47.9153
21858,3394,3889,5410,9489,3407,3808,5151,8771,3258,3471,4041,4335,3115,3131,3526,3605,-16.2771,32.5162,8.99283,47.8673
21859,3442,4386,8370,9633,3406,4051,5167,5335,3239,3556,3873,3974,3127,3301,3445,3334,-31.634,17.1709,8.53631,47.7593
21860,3787,4583,6869,6066,3507,4546,7627,6104,3311,3663,4238,4282,3088,3408,3561,3533,-14.2257,12.0276,8.54696,48.1153
21861,3244,3982,6554,12189,3329,3832,4855,6247,3142,3515,3721,3924,3176,3166,3347,3417,-27.3032,24.9036,8.79329,47.76
21862,3447,3631,3959,3803,3565,4091,5555,4543,3842,5023,8066,5506,3601,4280,5036,4634,5.99159,8.07618,8.57707,48.388
21863,3385,3918,5339,8827,3461,3857,5164,8951,3281,3556,4113,4550,3152,3362,3576,3587,-14.9512,33.0264,8.60013,48.0527
21864,7168,9534,5317,3807,4945,5705,4393,3598,3774,3870,3615,3387,3245,3342,3170,3190,-23.744,-10.4873,8.89945,48.04
21865,3577,4830,9331,8483,3565,4091,5309,5298,3344,3569,3878,3789,3056,3172,3383,3355,-28.7679,13.8766,8.57981,48.02
21866,3267,3440,3162,3248,3659,3803,3688,3487,4270,5369,4876,3976,5399,8954,7092,4455,24.7409,-3.54054,8.78433,48.0967
21867,3589,3556,3309,3181,4665,4132,3589,3328,8462,5916,3920,3367,8284,5918,3937,3434,14.7752,-21.0395,8.94296,48.3913
21868,3277,3837,6375,12399,3426,3795,4924,6147,3271,3368,3809,3943,3212,3219,3478,3422,-27.6457,25.5219,8.81057,47.9347
21869,4033,3953,3434,3232,5676,5063,3852,3221,7941,6709,4122,3411,5530,4890,3791,3321,5.95345,-17.4439,8.98034,48.1193
21870,4084,3841,3428,3123,6595,4621,3532,3307,9789,5200,3732,3486,5858,4541,3587,3215,5.48883,-30.4803,8.94444,47.9593
21871,3418,3353,3254,3140,3703,3891,3568,3370,4977,5216,4334,3623,7267,9636,5290,3846,31.7259,-10.7724,8.71243,47.924
21872,3839,5264,10018,6900,3622,4429,5407,4991,3382,3613,3835,3756,3170,3242,3276,3286,-33.6062,10.2739,8.90474,48.02
21873,3121,3271,3389,3418,3349,3601,3839,3866,3545,4369,5757,5129,3720,5505,9480,6886,22.9224,9.98834,8.87776,48.1633
21874,3824,3800,3415,3198,5446,4378,3678,3230,9317,5767,3989,3395,6756,5057,3935,3377,9.75551,-22.151,8.71234,48.3747
21875,3380,3416,3153,3138,3818,3808,3561,3216,5606,5113,4052,3484,10242,8210,4464,3521,28.4324,-17.7623,8.73201,48.1213
21876,12498,6183,3956,3392,6001,4676,3884,3385,3893,3892,3367,3282,3391,3290,3182,3110,-29.2004,-27.2096,8.70437,47.588
21877,3765,4420,5176,4308,3974,5835,8045,4927,3586,4433,5353,4102,3438,3812,3882,3651,-6.4706,4.89855,8.90752,48.4713
21878,3356,3416,3173,3212,3938,3774,3531,3196,5929,4724,3763,3311,12421,6157,3941,3400,28.7265,-26.5324,8.5979,47.4947
21879,3143,3454,3775,4111,3249,3720,4724,5953,3435,3895,5818,9177,3374,3761,4740,6130,7.0824,22.3368,8.66247,48.306
21880,3131,3215,3380,3317,3154,3461,3805,3989,3351,3803,4795,5947,3287,4015,6929,11954,31.78,22.8773,8.77211,47.6887
21881,3471,3627,3719,3552,3737,4386,5043,4056,4012,6077,7646,4785,3882,4721,5283,4430,7.86413,3.41449,8.55619,48.2847
21882,3015,3245,3486,3446,3348,3412,3754,4184,3402,3839,5161,6778,3407,4041,6897,10422,21.8485,21.0862,8.76678,47.8913
21883,11945,5961,3939,3331,6922,4887,3696,3431,4068,3879,3413,3286,3341,3383,3162,2916,-22.6629,-29.2617,8.74465,47.7067
21884,3660,3515,3237,3072,4696,4026,3506,3184,8740,5288,3817,3415,9245,5382,3916,3346,15.3378,-27.2999,8.76208,48.03
21885,3090,3363,3749,3894,3282,3552,4170,5670,3377,3837,5240,10160,3372,3772,4774,6912,9.60442,29.1519,8.94452,48.1427
21886,3320,3611,4047,3913,3562,4048,5721,5027,3565,4522,7738,6218,3567,3893,5008,4918,4.90023,11.798,8.63529,48.452
21887,3742,5371,9112,6695,3647,4522,5927,5223,3376,3685,3835,3873,3172,3288,3318,3380,-22.0261,9.76561,8.52279,48.1107
21888,3223,3346,3588,3635,3344,3754,4505,4484,3634,4372,7444,6598,3628,4308,6509,6050,12.8179,13.0464,8.7381,48.2813
21889,3041,3170,3424,3461,3183,3446,3860,4040,3335,3901,5106,6542,3443,4046,7115,10696,22.6873,21.1206,8.80439,47.8727
21890,3265,3288,3460,3234,3194,3324,3689,3969,3349,3737,4752,6047,3374,3955,5978,12469,31.908,31.4824,8.60349,47.3893
21891,3327,3686,4065,4015,3607,4303,6159,4974,3681,4701,7700,5923,3493,3940,4668,4394,3.27489,10.8201,8.89379,48.424
21892,3174,3402,3720,3603,3340,3603,4470,4640,3379,3989,6697,7635,3468,4122,5957,6695,12.5342,17.2035,8.79758,47.9293
21893,3824,3690,3346,3104,5286,4315,3683,3254,9445,5254,3836,3331,7503,5016,3812,3378,10.9732,-26.1811,8.53498,48.0513
21894,9444,8403,4467,3617,5528,5287,4006,3624,4136,3859,3561,3295,3357,3444,3236,3071,-25.571,-16.6029,8.6926,48.2233
21895,3528,4186,7804,10693,3476,3928,5033,5762,3309,3504,3807,3864,3170,3149,3400,3337,-27.3671,18.8116,8.84417,47.9667
21896,7870,5011,3804,3363,9835,5098,3882,3451,5010,4106,3538,3208,3708,3615,3323,3156,-11.9681,-31.2706,8.8965,47.9853
21897,3394,3713,5212,8218,3385,3805,5347,9359,3323,3629,4168,5033,3196,3295,3419,3581,-13.2497,27.99,8.8572,48.0513
21898,4621,4063,3611,3249,7971,4962,3771,3270,8498,5022,3843,3364,4973,4265,3599,3278,1.20719,-31.0462,8.58198,48.24
21899,3590,4117,4448,3998,3908,5420,7229,4749,3805,4987,6156,4432,3508,3861,4091,3842,-2.29133,4.66844,8.74867,48.094
21900,3299,3568,3511,3569,3653,4473,4777,3963,4211,6172,7591,4567,3950,5000,5488,4283,9.54825,2.83546,8.66432,48.05
21901,3364,3753,4887,6573,3374,3809,5633,9662,3331,3661,4388,5754,3166,3341,3754,4066,-8.48834,23.9451,8.89101,48.344
21902,3103,3230,3425,3416,3268,3488,3838,3943,3371,3924,4894,5960,3346,4143,7317,11225,29.4578,20.9116,8.69198,47.9273
21903,4073,4613,4360,3865,4452,7132,6100,4140,4199,5579,4950,3843,3607,3900,3760,3477,-4.18373,-2.2099,8.61383,48.0333
21904,3560,3472,3335,3104,4392,4081,3477,3314,7915,5584,3949,3383,8820,6040,3986,3394,16.5476,-22.1444,8.69737,47.8707
21905,3069,3139,3156,3400,3308,3382,3787,3983,3367,3718,4927,6657,3382,3905,5983,12253,24.176,32.5313,8.92737,47.6107
21906,5602,4406,3701,3254,9307,5095,3799,3319,6740,4635,3673,3406,4309,3918,3580,3165,-4.45345,-28.8166,8.62673,47.9393
21907,5062,4273,3700,3271,8650,5128,3798,3417,7365,4741,3737,3369,4601,4002,3579,3237,-2.13939,-30.7317,8.62737,47.9533
21908,4986,8614,8252,4678,4095,5032,4861,4125,3523,3723,3747,3450,3341,3396,3316,3274,-28.2677,-0.662001,8.88123,48.2753
21909,3440,3930,5791,10621,3343,3772,5033,7738,3260,3444,4081,4227,3056,3378,3490,3432,-18.8098,29.4052,8.89094,48.024
21910,3239,3498,3858,3800,3507,3987,5213,4871,3527,4503,7739,6523,3522,4061,5343,5106,7.211,12.8676,8.68916,48.198
21911,10689,7524,4263,3477,5850,5024,3899,3620,3893,3835,3442,3248,3416,3260,3307,3118,-26.7627,-19.4512,8.82673,47.91
21912,3327,3795,4849,5146,3558,4220,6998,7535,3388,3865,5277,5602,3280,3689,3931,4093,-5.05123,16.4698,8.57176,48.3687
21913,5884,5275,3883,3424,7815,6848,4117,3354,5117,4687,3730,3297,3894,3667,3614,3076,-8.76384,-17.9038,8.56576,47.788
21914,5040,5951,4472,3672,5671,8146,5043,3738,4428,4820,4035,3482,3514,3769,3585,3287,-10.0651,-8.7116,8.81371,48.4353
21915,3329,3362,3223,3133,3975,3791,3460,3268,6471,4788,3878,3416,11966,6342,3987,3415,24.7946,-24.6978,8.8039,47.8693
21916,3296,3482,3532,3557,3499,3801,4425,3968,3766,5132,7888,5345,3762,4918,6509,5153,12.8172,7.57122,8.86737,48.022
21917,3151,3286,3843,3961,3303,3729,4507,6119,3371,3764,5410,9795,3235,3696,4745,6292,7.2325,26.1804,8.87367,48.138
21918,3197,3604,4113,4743,3303,3608,4819,7860,3404,3848,5083,8738,3224,3647,4203,5027,1.25901,28.2583,8.62599,48.2807
21919,3483,3528,3180,3166,4078,3920,3476,3269,7151,4956,3761,3468,11096,5837,3979,3444,21.0178,-33.6485,8.55735,47.8613
21920,11834,6766,4062,3425,6090,4856,3803,3363,4013,3746,3476,3239,3352,3464,3325,3138,-32.2275,-23.2224,8.50972,47.968
21921,4066,4225,3793,3506,5159,6399,4426,3586,5492,7228,4579,3621,4218,4413,3914,3475,1.5522,-10.1138,8.7822,48.0667
21922,3395,3347,3330,3098,4042,3784,3457,3243,6816,4901,3767,3239,11562,6287,3967,3432,22.8169,-25.4926,8.77941,47.778
21923,3105,3233,3364,3325,3109,3513,3838,4091,3404,3764,4962,7029,3389,3947,6348,11505,22.448,25.3864,8.82632,47.9507
21924,3119,3264,3563,3385,3298,3484,3999,4147,3445,4083,5899,6242,3546,4509,7649,8619,19.7006,16.305,8.9897,48.1673
21925,4228,6541,9093,5477,3832,4722,5695,4608,3533,3725,3832,3666,3234,3484,3382,3212,-23.1977,4.87346,8.606,48.176
21926,3317,3769,5028,5980,3453,4102,6638,8674,3349,3784,4827,5624,3193,3433,3676,3980,-7.75798,18.8983,8.98516,48.5513
21927,3332,3333,3248,3222,3556,3802,3755,3561,4205,5108,4747,4058,5145,8983,7486,4461,27.0283,-2.21396,8.75826,48.0013
21928,3239,3210,3340,3249,3434,3811,3757,3604,3897,4625,5338,4615,4157,6719,9595,5704,27.8967,5.19222,8.55827,48.196
21929,3359,3804,5481,9480,3278,3864,5108,8714,3199,3522,3935,4431,3171,3269,3412,3598,-15.9602,31.5638,8.88825,47.75
21930,3394,3713,4077,3889,3605,4316,5938,4768,3772,4943,7741,5493,3631,4066,4682,4461,3.96226,9.21194,8.59853,48.326
21931,5317,6439,4662,3544,5819,8066,4884,3821,4313,4593,3985,3390,3519,3570,3421,3258,-11.7322,-9.76811,8.94099,48.4007
21932,4179,4873,4389,3707,4678,7517,6006,3955,4205,5531,4682,3709,3685,3888,3736,3469,-5.10905,-3.83173,8.76065,48.1393
21933,3097,3170,3302,3334,3312,3622,3771,3891,3421,3928,4905,5814,3365,4119,7466,11127,29.9486,20.3445,8.56703,47.7627
21934,3489,3650,3246,3138,4603,4108,3474,3232,8707,5159,3881,3511,9176,5500,3906,3376,15.7813,-32.7609,8.53918,48.104
21935,4902,4244,3583,3224,8318,5263,3842,3365,7693,5011,3839,3300,4657,4081,3676,3287,-0.828966,-24.6935,8.51825,48.19
21936,3441,3787,4877,5427,3470,3989,6644,8290,3282,3829,5098,5639,3211,3396,3905,4037,-6.19488,18.5502,8.98952,48.2147
21937,12810,6011,3823,3232,6228,4750,3735,3341,3936,3800,3533,3210,3504,3363,3229,3141,-33.984,-27.6969,8.7565,47.764
21938,3316,3342,3271,3093,3753,3831,3625,3431,4722,5611,4541,3886,6176,9913,5955,3951,24.95,-7.44426,8.96993,48.278
21939,11239,7341,4179,3415,5844,4942,3859,3359,3859,3763,3448,3182,3504,3512,3210,3186,-31.3577,-20.4097,8.56601,47.8947
21940,3317,3498,3868,3871,3550,3801,5063,5034,3612,4187,7496,6988,3488,4034,5251,5334,7.8596,14.3933,8.53039,48.2613
21941,3435,3259,3237,3052,3711,3734,3703,3321,4980,5286,4346,3688,7075,9900,5340,3809,29.2517,-10.137,8.81948,47.9173
21942,3687,5280,9629,7507,3654,4289,5165,5012,3355,3680,3815,3732,3234,3205,3429,3300,-29.4955,11.3277,8.66794,47.982
21943,3379,3423,3266,3008,4186,3817,3429,3238,7639,5165,3804,3374,10768,6090,3855,3377,19.9635,-25.7459,8.69152,47.8787
21944,4294,7098,9245,5287,3867,4757,5119,4319,3479,3652,3783,3503,3166,3362,3381,3239,-33.2038,3.47831,8.50546,47.7007
21945,4107,5665,8116,5392,3818,5067,6581,4856,3500,3756,4121,3780,3096,3433,3466,3431,-18.2191,5.86933,8.6244,48.1233
21946,3347,3654,3937,4079,3551,4196,5913,5257,3566,4469,7425,6221,3433,3806,4784,4601,3.79096,12.6354,8.65874,48.1593
21947,3456,3635,3532,3231,4200,4505,3994,3447,5680,7966,4880,3833,5130,6547,4657,3809,12.1845,-8.91813,8.82323,48.3347
21948,4185,6254,8905,5567,3951,4757,5956,4592,3560,3695,3921,3718,3221,3346,3308,3420,-21.5564,5.34289,8.83845,48.2373
21949,3278,3290,3377,3225,3407,3769,3751,3675,4063,4892,5128,4299,4436,7675,8803,5168,32.014,1.99834,8.77699,48.1573
21950,3376,3326,3308,3084,3741,3856,3538,3270,5196,5336,4133,3620,8181,9345,4926,3623,27.3456,-13.2896,8.5791,47.906
21951,3362,3810,4958,5662,3383,4110,6598,8342,3258,3723,4851,5597,3197,3470,3877,3956,-6.95585,18.7486,8.64971,48.1027
21952,3026,3469,3746,3909,3383,3722,4481,5467,3338,3904,5980,9178,3363,3769,5078,6364,8.88386,21.8167,8.54617,48.118
21953,12390,6381,3923,3272,6111,4735,3858,3398,4003,3778,3516,3282,3473,3336,3246,3133,-27.3129,-25.9754,8.87463,47.89
21954,3848,3704,3402,2985,5431,4270,3616,3155,9517,5710,3871,3420,7093,5236,3823,3334,10.4311,-23.9199,8.98471,48.2767
21955,3167,3281,3379,3410,3242,3617,3906,3760,3563,4171,5007,5260,3580,4680,9203,8443,33.3528,14.0536,8.87707,47.7793
21956,3389,3934,6355,12089,3432,3885,4940,6220,3218,3515,3852,3957,3111,3301,3415,3369,-26.0336,24.8391,8.61116,47.988
21957,4617,4394,3870,3254,6842,6401,4137,3401,6409,5920,3927,3437,4368,4334,3649,3283,-1.15491,-16.0348,8.79245,48.162
21958,5311,8152,5823,4061,4787,6473,5096,3927,3803,3917,3860,3418,3335,3326,3418,3206,-17.8669,-5.43344,8.80448,47.942
21959,3982,6471,9659,5774,3820,4678,5131,4506,3370,3674,3930,3689,3234,3317,3373,3302,-33.4006,5.62456,8.59583,47.94
21960,3591,3693,3341,3132,4881,4359,3601,3271,8742,6074,3890,3484,7593,5573,3939,3437,12.8613,-21.1216,8.79671,48.4007
21961,4529,7745,8891,5076,4018,4809,4991,4255,3497,3666,3676,3465,3154,3352,3247,3214,-29.1451,1.90515,8.97568,47.7233
21962,5477,4555,3831,3315,8877,5671,3825,3349,6808,4834,3763,3259,4257,4059,3473,3195,-4.09958,-22.9471,8.62867,48.3653
21963,6409,7172,4737,3665,6140,6935,4403,3707,4165,4256,3620,3319,3542,3576,3399,3160,-16.0109,-12.6817,8.61729,48.1367
21964,3145,3375,3574,3667,3292,3574,4140,4716,3561,3844,5744,8402,3344,4058,5790,8285,14.7732,21.6264,8.78715,48.3407
21965,3358,3421,3302,3141,3783,3869,3550,3463,4736,5333,4426,3760,6787,9786,5612,3816,32.7205,-9.05799,8.55651,48.0953
21966,3748,3666,3418,3143,5184,4328,3587,3297,9790,5505,3795,3383,7415,4972,3783,3360,11.164,-25.2661,8.87005,48.2493
21967,3682,4230,4500,3989,4009,5929,6931,4426,3963,5220,5829,4286,3570,4003,3999,3587,-2.19297,2.41404,8.97487,48.102
21968,4831,4581,3870,3343,7243,6789,4078,3546,5869,5636,4054,3437,4125,3989,3704,3264,-3.08653,-16.0476,8.87795,48.2393
21969,3359,3847,5658,10104,3444,3749,5093,8237,3356,3491,3919,4288,3102,3337,3466,3455,-17.7327,31.3517,8.65146,47.9367
21970,3377,3826,4887,5841,3395,3952,6228,8917,3299,3631,4708,5755,3145,3464,3814,4057,-7.58465,20.3834,8.88619,48.1973
21971,3519,3495,3268,3130,4310,3994,3458,3227,7563,5088,3912,3481,10499,6060,3880,3443,19.6746,-25.1693,8.50509,48.218
21972,3551,3576,3271,3190,4829,4128,3584,3271,8901,5609,3889,3371,8208,5441,3865,3428,13.8203,-24.4061,8.50936,48.0747
21973,3035,3212,3376,3396,3256,3539,3905,4153,3356,3801,5196,6988,3476,4109,6630,10664,21.2321,21.9106,8.87892,48.0613
21974,8684,6071,3978,3473,7986,5800,4013,3449,4562,4088,3616,3324,3601,3458,3261,3001,-16.3599,-21.1082,8.53217,48.2433
21975,3282,3463,3217,3201,3723,3798,3699,3391,4700,5466,4503,3751,6362,9717,5918,4101,26.1839,-7.60965,8.56448,48.1947
21976,5737,9822,6770,4166,4434,5183,4573,3817,3687,3776,3546,3405,3294,3312,3354,3134,-28.8937,-4.88202,8.85593,48.0067
21977,7059,9707,5137,3675,4993,5380,4264,3705,3789,3797,3659,3260,3350,3456,3296,3218,-33.8702,-10.9217,8.80206,47.83
21978,3204,3317,3506,3404,3214,3450,3949,4411,3471,3874,5036,8610,3334,3838,5578,9698,16.5258,30.2084,8.99305,47.9293
21979,3663,5005,9726,7737,3624,4267,5340,5093,3332,3621,3777,3818,3156,3255,3441,3435,-32.9546,11.8338,8.72276,48.1933
21980,8232,5173,3811,3338,9246,5320,3762,3356,4996,4236,3494,3323,3581,3457,3230,3124,-12.9081,-30.9589,8.67073,47.786
21981,3571,4561,6240,5435,3709,4957,7782,5760,3538,3849,4469,4227,3248,3435,3720,3548,-11.7678,9.50753,8.62017,48.0327
21982,4176,4469,4105,3581,4999,7471,5363,3883,4557,6180,4841,3735,3943,4144,3743,3379,-2.65334,-5.74742,8.8414,48.3793
21983,3296,3575,4314,5166,3373,3810,5190,8959,3368,3692,4692,7344,3253,3467,4081,4431,-2.57807,29.6122,8.55718,48.0073
21984,10940,6513,4022,3342,6825,5118,3806,3419,4078,4010,3470,3200,3465,3500,3199,3038,-21.3731,-22.913,8.78127,47.9633
21985,4520,4779,3859,3495,5872,7563,4605,3706,5218,6048,4212,3515,3885,4052,3599,3294,-3.33608,-10.7807,8.86682,48.148
21986,3137,3162,3287,3392,3248,3453,3734,3980,3384,3838,4632,6045,3417,3985,6224,12777,29.5374,28.073,8.77702,47.7967
21987,3772,4244,4487,4043,4006,6035,6851,4305,3969,5248,5889,4295,3473,4025,3889,3671,-2.42307,1.93272,8.87433,48.1347
21988,3899,3766,3499,3178,5830,4574,3681,3272,9326,5999,3902,3407,6250,4833,3804,3268,7.73977,-22.7213,8.97473,48.3253
21989,3574,3915,4201,3860,3936,5219,6634,4512,3897,5402,6674,4551,3587,4139,4295,3940,0.50501,3.95216,8.88869,48.224
21990,3436,3970,6004,11721,3354,3699,4842,6921,3170,3497,3786,4117,3197,3256,3319,3369,-22.5883,32.6579,8.9486,47.772
21991,7012,5591,4008,3327,8488,6163,3928,3278,4995,4397,3623,3297,3740,3726,3339,3158,-11.7567,-20.2089,8.5156,48.0467
21992,3436,3437,3217,3078,3943,3801,3449,3215,5856,4946,3839,3392,11818,6955,4034,3339,30.1958,-22.5433,8.85381,47.8367
21993,3202,3300,3370,3383,3368,3748,3769,3610,3987,4662,5057,4387,4384,7240,9347,5363,30.3329,3.47941,8.86483,48.118
21994,3374,3521,3780,3485,3628,4090,4971,4293,3937,5684,8002,5022,3795,4633,5651,4493,9.04355,5.42359,8.83996,48.2393
21995,3762,5182,9465,7686,3615,4194,5482,5215,3283,3611,3917,3835,3123,3232,3339,3416,-25.0312,11.9305,8.69801,48.238
21996,3153,3193,3460,3388,3332,3519,3975,3981,3418,3993,5118,6382,3471,4208,7350,10416,23.7779,20.1074,8.52589,48.238
21997,4503,4542,3830,3427,6512,6934,4295,3513,5906,6187,4224,3431,4201,4235,3689,3287,-1.80038,-14.1213,8.92348,48.4773
21998,3251,3484,3728,3768,3383,3660,4730,5009,3587,4359,7330,7180,3549,4059,5570,5724,9.1971,15.054,8.52019,48.2473
21999,3243,3503,3934,4321,3300,3613,4806,7125,3381,3764,5177,9302,3268,3521,4460,5429,3.47096,29.2307,8.86015,48.098
22000,3115,3291,3554,3676,3280,3685,4223,4734,3473,3930,5896,8694,3416,3887,5590,7683,13.2066,21.536,8.711,48.0847
22001,3542,4057,5054,4594,3714,4829,7928,5815,3589,4139,5556,4719,3345,3650,3860,3844,-5.84392,9.82472,8.82836,48.1567
22002,4439,6253,6821,4654,4189,6064,6566,4443,3686,4076,4143,3745,3266,3463,3452,3342,-15.8974,1.4931,8.9471,48.4013
22003,3924,4026,3494,3236,5740,5314,3820,3409,7486,6917,4090,3518,5130,4844,3859,3321,4.79519,-16.187,8.74115,48.0853
22004,3389,3903,5452,8743,3376,3804,5094,9063,3283,3556,4076,4765,3177,3173,3583,3598,-14.6038,32.0085,8.76859,48.0233
22005,3356,3829,5128,6954,3243,4063,5615,9445,3389,3611,4429,5461,3065,3270,3570,3827,-10.1322,24.4346,8.52774,48.17
22006,3649,4206,5651,4991,3663,4813,7934,5936,3431,3944,5081,4613,3230,3625,3740,3689,-8.58435,10.5122,8.56617,48.1307
22007,3371,3904,5076,6442,3475,4040,6075,9029,3382,3693,4455,5449,3108,3273,3678,3727,-8.93665,21.1099,8.63879,48.118
22008,3165,3262,3393,3281,3469,3637,3953,3796,3780,4631,5896,4854,4000,5862,9323,6101,21.8094,7.11701,8.73567,48.2687
22009,3633,3745,3486,3100,4840,4622,3712,3389,7512,7256,4261,3509,6069,5699,4047,3542,10.7288,-15.7573,8.7504,48.2813
22010,3277,3650,4439,5072,3366,3884,5030,8729,3323,3700,4852,7341,3195,3490,3972,4441,-2.36321,33.4809,8.60043,47.8407
22011,3754,3727,3249,3082,5249,4212,3492,3248,9771,5102,3858,3424,7558,4934,3720,3376,11.2957,-30.8725,8.99714,47.8373
22012,3512,3484,3339,3031,4438,4128,3599,3206,7603,5835,4040,3444,8721,6512,4038,3464,16.9792,-20.0179,8.91558,48.2627
22013,6490,8869,5400,3796,5097,6172,4560,3618,3886,4009,3703,3401,3385,3395,3323,3169,-20.5426,-8.98641,8.8467,48.182
22014,3134,3409,3621,3774,3322,3641,4308,5254,3341,3961,5956,9056,3397,3972,5278,7151,10.682,22.6057,8.52923,48.3833
22015,4015,6250,9799,5845,3845,4525,5252,4603,3417,3660,3846,3629,3196,3326,3436,3307,-32.0664,6.42599,8.74272,47.9673
22016,3122,3299,3394,3495,3242,3488,4047,4354,3389,3784,5169,8279,3312,3837,5502,9879,17.029,29.5464,8.69694,47.728
22017,3774,4613,7256,6292,3609,4610,7307,5876,3360,3799,4215,4149,3100,3399,3584,3465,-15.564,11.218,8.81188,48.272
22018,9057,8756,4604,3538,5391,5122,4045,3560,3932,3801,3540,3324,3324,3352,3286,3145,-31.6391,-15.2289,8.75098,47.8513
22019,3418,3977,5487,7679,3442,4001,5920,8679,3207,3635,4313,4791,3029,3350,3571,3676,-12.9824,21.4346,8.7029,48.1167
22020,3337,3397,3154,3030,3884,3816,3474,3191,5996,5030,3915,3458,11333,7309,4106,3318,27.4407,-20.8585,8.9925,47.832
22021,3386,3924,6126,12699,3302,3790,4741,6237,3199,3386,3788,3932,3179,3228,3368,3358,-27.726,28.0397,8.66275,47.762
22022,3124,3254,3331,3455,3180,3410,3800,3945,3370,3796,4833,5991,3387,4013,6796,12104,30.3083,23.4808,8.75338,47.8593
22023,3666,4149,4708,4192,3857,5443,7591,5033,3655,4733,5858,4584,3457,3808,3907,3846,-3.71783,5.49795,8.80522,48.3247
22024,6979,5721,3960,3457,7901,6384,4046,3468,4824,4472,3688,3344,3612,3705,3328,3150,-12.6003,-18.8079,8.52381,48.026
22025,3365,3807,5206,7714,3471,3879,5235,9375,3287,3544,4214,4997,3208,3355,3494,3607,-12.3582,33.6015,8.59747,47.8387
22026,3076,3169,3397,3273,3114,3524,3865,3780,3508,4224,5581,5157,3817,5075,9884,7672,25.51,11.6191,8.99391,48.0773
22027,6111,4608,3646,3288,9696,5312,3843,3369,6276,4439,3677,3321,4124,3753,3411,3130,-6.29954,-26.5574,8.56152,48.0027
22028,10150,6677,4090,3419,6816,5344,3928,3379,4049,3909,3460,3263,3519,3385,3315,3049,-21.1921,-21.0418,8.59303,47.8347
22029,3493,3335,3176,3174,4195,3968,3424,3185,7808,5074,3866,3389,10998,5563,3920,3282,19.3372,-28.5552,8.99575,47.9
22030,5909,9584,6414,4173,4672,5619,4656,3686,3688,3942,3710,3406,3361,3342,3314,3185,-24.5215,-6.14729,8.87545,48.4407
22031,9033,5368,3803,3443,9043,5082,3720,3396,4768,4102,3492,3223,3537,3504,3346,3162,-14.9623,-30.2358,8.78392,48.0147
22032,3343,3744,5097,7581,3281,3888,5516,9541,3170,3535,4182,5192,3116,3324,3656,3661,-11.7825,25.7208,8.8584,47.8847
22033,4512,3990,3491,3192,7404,5038,3750,3314,8519,5414,3978,3259,5170,4338,3642,3316,2.2306,-23.5329,8.66655,48.218
22034,4584,6561,5653,4210,4479,7118,6140,4124,3865,4218,4060,3635,3283,3414,3537,3303,-13.8476,-2.36154,8.72557,48.1227
22035,3146,3478,3826,3681,3429,3971,4798,4584,3686,4694,8067,6400,3541,4268,5771,5215,9.55713,11.7485,8.9219,48.37
22036,4465,7440,9037,5227,3930,4802,5058,4188,3353,3792,3755,3734,3185,3307,3269,3289,-29.9723,2.77505,8.56536,47.8873
22037,4502,4068,3506,3263,7551,5084,3696,3228,8605,5264,3681,3372,4955,4274,3588,3281,1.54331,-24.4505,8.89036,47.9453
22038,3272,3298,3337,3116,3761,4053,3670,3455,4786,6355,4998,3814,5594,8774,5857,4135,20.0149,-6.02368,8.93924,48.1833
22039,5181,8897,7176,4454,4452,5483,4931,3930,3574,3875,3800,3485,3279,3354,3303,3176,-23.9226,-2.78915,8.95905,48.2333
22040,3241,3371,3348,3245,3542,3782,3943,3647,4129,4909,5576,4345,4336,6984,8581,5204,22.5481,2.63469,8.64395,48.122
22041,3060,3308,3449,3627,3220,3604,4070,4987,3410,3848,5165,9395,3421,3811,5228,8402,13.1455,30.913,8.92595,48.0033
22042,5707,6877,4771,3754,5882,7411,4692,3724,4254,4475,3806,3402,3580,3594,3425,3126,-14.2904,-10.5234,8.50738,48.32
22043,3522,4459,8703,9316,3576,4114,5087,5368,3241,3532,3804,3855,3129,3260,3382,3441,-28.449,16.3403,8.64456,47.8593
22044,3467,4454,8375,9737,3512,4041,5065,5553,3195,3579,3903,3853,3110,3161,3347,3299,-28.6154,16.7909,8.97681,47.7673
22045,5897,5330,3910,3302,7624,7032,4260,3306,5058,4872,3766,3317,3740,3801,3463,3187,-8.82524,-15.9386,8.77279,47.91
22046,3467,3319,3226,3131,4008,3899,3492,3192,6959,5164,3815,3322,11318,6410,4026,3328,21.9437,-24.9272,8.64221,48.0507
22047,3400,3952,6290,12833,3406,3782,4805,6080,3181,3474,3718,3899,3121,3233,3436,3379,-29.3135,26.3488,8.96517,47.9927
22048,6907,5375,3952,3427,8859,6053,3889,3434,5122,4531,3783,3199,3821,3580,3422,3172,-11.2544,-21.0336,8.61477,48.3507
22049,3238,3160,3391,3360,3285,3453,3888,4257,3388,3813,5111,7932,3432,3981,5588,10592,18.8501,32.6307,8.66313,47.9127
22050,3289,3555,3854,3810,3573,4257,5417,4503,3714,5002,8071,5494,3563,4190,5062,4517,6.0904,8.30816,8.82249,47.914
22051,12008,5799,3886,3547,6727,4805,3794,3399,4075,3853,3396,3191,3370,3413,3084,3189,-23.192,-32.7222,8.9745,47.6907
22052,3635,3532,3322,3163,4323,4269,3717,3455,6918,7096,4328,3519,6652,6456,4309,3576,13.5811,-14.7042,8.76522,48.18
22053,3415,3384,3230,3051,3945,3884,3378,3201,6329,4946,3876,3389,11119,6994,4177,3315,24.9469,-21.9275,8.61084,47.7553
22054,3364,3479,3311,3270,3834,4220,3850,3516,4887,7223,5071,3865,5367,7479,5437,3968,15.9359,-6.22102,8.84143,48.094
22055,3429,3395,3144,3103,3948,3881,3597,3201,5523,5130,4062,3526,9504,8555,4654,3528,29.1525,-16.5192,8.79545,48.12
22056,3357,3417,3227,3075,3919,3745,3523,3290,5807,5018,3907,3449,10287,7987,4408,3558,27.9203,-18.4701,8.80847,47.9827
22057,7592,9587,5007,3663,5127,5107,4204,3633,3843,3874,3646,3329,3288,3292,3392,3160,-33.8543,-11.9845,8.73533,47.8293
22058,4884,5399,4323,3613,5650,8110,5101,3755,4457,5056,4203,3519,3760,3856,3537,3345,-7.93639,-8.77051,8.81194,48.3787
22059,3387,3922,6317,12540,3354,3727,4690,6006,3235,3508,3782,3987,3128,3238,3463,3401,-31.4157,25.5918,8.89421,47.79
22060,3606,3563,3345,3150,4497,4553,3798,3393,6763,7129,4441,3547,6345,6301,4343,3474,12.7082,-14.1098,8.82544,48.1653
22061,3118,3326,3621,3773,3162,3585,4327,5440,3426,3850,5386,9875,3276,3754,4945,7207,9.7798,26.5225,8.82666,48.0473
22062,3578,4663,8977,9197,3454,3922,5288,5523,3281,3397,3741,3908,3172,3298,3247,3478,-28.2912,15.4096,8.87999,48.0827
22063,9488,8706,4528,3553,5461,5320,4065,3474,3907,3856,3563,3289,3359,3299,3332,3065,-28.6385,-16.2615,8.61604,48.1767
22064,4223,6679,8908,5412,3906,4879,5651,4531,3473,3882,3865,3672,3272,3352,3365,3318,-22.4282,4.26377,8.50384,48.2587
22065,3269,3381,3493,3606,3440,3818,4299,4027,3727,4795,7258,5579,3842,4863,7401,5612,15.2636,9.51101,8.68776,48.2733
22066,3580,4332,6936,7867,3470,4050,6300,6719,3335,3610,4104,4255,3091,3422,3544,3632,-17.2719,16.5236,8.71624,48.1647
22067,3618,4830,9039,8830,3558,4038,5046,5453,3268,3540,3843,3863,3168,3182,3360,3320,-29.8625,14.5942,8.83965,47.9707
22068,3389,3824,5538,8363,3319,3884,5535,9022,3236,3483,4043,4821,3065,3290,3583,3647,-14.0269,23.9039,8.95536,48.028
22069,3259,3358,3252,3139,3719,3753,3749,3448,4503,5383,4784,3921,5495,9301,6873,4329,25.7892,-4.17439,8.80868,48.1773
22070,10522,6478,4109,3476,7106,5101,3852,3460,4256,3967,3570,3179,3423,3380,3193,3066,-20.6988,-22.334,8.68272,48.092
22071,11583,6611,3905,3411,6794,4942,3897,3288,4035,3881,3391,3201,3396,3431,3227,3059,-23.4442,-23.7411,8.87792,48.0347
22072,3852,5434,9554,6976,3646,4315,5207,4842,3370,3637,3993,3861,3158,3301,3524,3365,-33.1267,10.2164,8.66223,48.0233
22073,3307,3464,3388,3287,3766,3974,3786,3482,4526,6258,5484,4137,4962,7696,6724,4327,18.627,-2.41076,8.70635,48.3787
22074,11046,5866,3971,3359,7307,4937,3816,3439,4220,3913,3620,3220,3374,3399,3185,3179,-20.3211,-32.682,8.56919,47.9007
22075,3093,3260,3338,3336,3155,3529,3961,4066,3404,3850,4974,6406,3487,4167,6963,10563,23.0752,20.8349,8.66983,47.7013
22076,4572,4066,3560,3277,7571,4556,3680,3437,8807,5158,3737,3417,5184,4335,3608,3287,2.33561,-31.1945,8.67695,48.168
22077,3574,3477,3240,3111,4421,4107,3433,3347,7637,5517,3960,3368,9004,6283,4111,3403,16.8343,-21.112,8.74164,47.9953
22078,3390,3997,5004,5160,3443,4292,7309,7211,3429,3897,5258,5320,3274,3532,3871,4061,-6.05533,14.8629,8.86116,48.2987
22079,4884,6865,5566,4094,4778,7110,5627,4078,3888,4236,4059,3552,3458,3533,3415,3320,-14.4684,-4.46329,8.68425,48.3087
22080,3396,4154,5944,6737,3423,4189,6678,7733,3375,3718,4360,4716,3262,3270,3536,3685,-12.1531,17.0732,8.80099,48.1173
22081,3323,3330,3198,3131,3912,3757,3502,3193,6123,4883,3799,3365,12484,6273,3876,3492,29.2645,-27.3103,8.7034,47.7607
22082,3943,4080,3908,3514,4766,6421,4597,3685,5207,7523,5105,3816,4198,4539,3992,3579,2.31683,-7.19776,8.81366,48.582
22083,3287,3411,3461,3353,3651,3939,4001,3628,4293,6127,6038,4208,4627,7080,6772,4347,17.298,-0.627474,8.9872,48.1487
22084,3436,3675,3770,3447,3835,4723,4830,3888,4300,6872,7192,4428,4053,4969,5055,4005,8.28023,0.736979,8.76819,48.3187
22085,3170,3312,3638,3611,3287,3587,4005,4711,3405,3758,5181,8987,3332,3962,5503,8787,14.8516,32.1736,8.75922,48.1573
22086,3370,3301,3168,3236,3858,3803,3530,3370,6073,4660,3688,3360,12862,6009,3880,3411,28.5505,-30.2042,8.83139,47.7193
22087,3565,3610,3365,3209,4350,4346,3763,3381,6086,7425,4538,3549,6069,6913,4530,3554,14.0959,-11.6029,8.74384,48.1687
22088,3307,3633,4365,5243,3361,3798,5108,9306,3290,3624,4713,7109,3123,3456,3993,4256,-3.33495,33.525,8.78657,47.79
22089,3215,3361,3390,3395,3542,3785,3715,3516,4090,4875,4977,4190,4730,8470,8007,4648,33.5221,-0.702351,8.99567,47.9373
22090,3390,3283,3234,3164,3874,3793,3512,3312,5279,5457,4120,3551,8279,9318,4920,3608,27.0306,-13.2445,8.86953,48.0627
22091,3305,3637,3956,3935,3565,4284,6202,5295,3636,4625,7644,5637,3405,3975,4730,4569,3.26873,10.7331,8.96226,48.2667
22092,3450,3694,4452,4287,3712,4441,7172,5438,3540,4535,6636,5417,3445,3785,4354,4124,-0.671752,10.6761,8.89275,48.3213
22093,3437,3832,5994,12553,3361,3719,4711,5910,3270,3436,3765,3853,3152,3260,3353,3478,-30.3863,32.0354,8.69044,47.3893
22094,3258,3380,3237,3196,3560,3770,3844,3516,4074,5100,5450,4236,4660,7923,7984,4912,23.144,0.545847,8.8196,48.0667
22095,5034,9295,7035,4299,4352,5086,4748,4048,3663,3874,3753,3478,3241,3386,3209,3289,-33.5621,-3.21434,8.57852,47.86
22096,3195,3313,3236,3280,3592,3750,3738,3514,4288,5296,4965,4087,5052,8807,7472,4640,25.3707,-1.85712,8.53792,48.15
22097,3342,3290,3237,3112,3704,3857,3598,3311,5197,5397,4097,3516,8205,9285,4953,3570,28.392,-13.1359,8.55205,47.7807
22098,3405,3927,5469,9750,3377,3916,5199,8430,3221,3488,4053,4385,3206,3315,3454,3514,-16.6471,32.1127,8.75882,48.0727
22099,3948,5110,7174,5331,3884,5125,7463,5146,3570,3859,4313,3906,3235,3424,3583,3463,-14.8621,6.55053,8.67921,48.356
22100,3317,4080,7096,11766,3383,3832,4772,5970,3227,3335,3681,3877,3159,3195,3373,3380,-28.4588,22.2514,8.9804,47.6287
22101,3493,3596,3495,3257,4076,4404,3948,3619,5097,7713,5365,3801,4952,6606,5123,3859,12.8549,-5.75259,8.84434,48.2693
22102,3405,3659,3966,3870,3642,4400,5931,4628,3714,5077,7707,5342,3591,4062,4788,4447,4.56253,8.18802,8.63583,48.1527
22103,3501,3892,4009,3879,3729,4903,5904,4364,3947,5549,7317,4873,3743,4273,4585,4244,3.27907,4.9637,8.56108,48.4747
22104,3395,3901,5779,10935,3360,3738,5036,7729,3129,3412,3925,4294,3154,3330,3397,3454,-19.1349,29.3159,8.92182,47.9787
22105,4113,6531,9464,5905,3810,4623,5520,4627,3393,3530,3817,3541,3262,3377,3279,3344,-25.5951,5.58485,8.73382,48.0907
22106,3526,4588,7761,6936,3520,4368,6753,6059,3305,3683,4142,4293,3196,3342,3401,3506,-17.1463,12.9605,8.95392,48.2527
22107,3412,3316,3238,3061,3986,3823,3442,3211,6414,4677,3754,3332,12295,6485,4026,3316,25.4923,-25.6317,8.88188,47.8587
22108,3690,4611,6121,4953,3687,5178,8094,5486,3471,3964,4810,4058,3286,3512,3746,3609,-10.8238,7.95684,8.70851,48.184
22109,3607,3476,3382,3152,4837,4004,3521,3245,9156,5234,3791,3418,8635,5421,3844,3324,14.1736,-30.001,8.80042,48.0313
22110,3757,3530,3236,3062,5062,4197,3590,3206,9268,5545,3872,3336,7859,5304,3909,3374,12.9065,-23.6917,8.97108,48.0713
22111,3402,3900,5915,12336,3399,3719,4774,6184,3225,3409,3875,3996,3238,3270,3347,3411,-26.9888,29.7745,8.5055,47.6
22112,3338,3294,3346,3296,3642,4037,3786,3546,4392,5877,5707,4265,4758,7443,6999,4430,19.0373,-0.974103,8.6828,48.104
22113,3821,5195,9588,7464,3733,4223,5404,5048,3409,3625,3866,3871,3223,3262,3382,3287,-27.0465,11.2326,8.6665,48.2673
22114,3047,3223,3454,3355,3290,3440,3821,3929,3378,3878,4809,6226,3376,3939,6215,12285,27.2282,26.5218,8.54374,47.7767
22115,3491,3356,3277,3154,4338,4055,3511,3266,8499,5109,3945,3366,9956,5506,3887,3445,17.0444,-30.79,8.58051,48.1073
22116,3112,3272,3379,3360,3237,3371,3957,4072,3411,3871,5072,6206,3373,4125,7132,11075,24.4692,20.9713,8.928,48.0167
22117,3432,3809,6297,12479,3349,3798,4807,5988,3221,3492,3860,3881,3165,3270,3404,3309,-32.4005,25.9036,8.69763,47.7073
22118,3662,4072,4577,4045,3841,5227,7439,4970,3685,4757,6287,4644,3561,3789,4221,3810,-2.33335,6.1537,8.57809,48.3913
22119,3613,3615,3258,3112,4566,4180,3606,3238,8966,5147,3806,3425,8831,5337,3932,3438,14.6487,-32.7819,8.56046,48.0467
22120,3625,4868,9234,8321,3625,4140,5213,5344,3264,3532,3885,3714,3083,3346,3409,3282,-27.4738,13.4422,8.73638,47.9233
22121,4779,4937,3953,3496,6308,7773,4527,3631,5030,5457,4024,3510,3947,3908,3626,3326,-5.51037,-12.2821,8.67701,48.1547
22122,3968,4376,4031,3558,5039,6925,4825,3729,4890,6959,5003,3756,4010,4257,3972,3474,-0.258051,-6.92453,8.66752,48.5147
22123,3109,3145,3352,3375,3186,3597,3773,3896,3477,3965,5109,6055,3407,4297,7791,10171,24.7888,18.6718,8.50345,47.8033
22124,3640,3614,3371,3214,4500,4594,3811,3451,6848,7564,4284,3561,6088,6166,4163,3561,11.9,-13.6491,8.81553,48.2867
22125,3082,3202,3385,3377,3256,3403,3814,3944,3448,3859,4963,5700,3364,4247,7725,10834,31.9266,19.2385,8.93986,47.7353
22126,3436,4474,8442,9832,3344,4090,5059,5521,3170,3504,3842,3863,3101,3162,3423,3401,-32.2863,16.7194,8.94982,47.776
22127,3245,3474,3469,3331,3536,3930,4186,3796,3959,5327,6888,4735,4066,5943,7535,4978,16.623,4.45199,8.93541,48.2653
22128,3401,3914,5196,5544,3547,4299,7252,7301,3370,3886,5014,5183,3257,3449,3834,3896,-7.73198,15.1441,8.80677,48.2287
22129,3157,3251,3469,3419,3258,3406,3691,3975,3229,3742,4777,5956,3472,4005,6555,12565,29.8173,24.9386,8.88078,47.9513
22130,3335,3414,3260,3120,3854,4036,3620,3345,5246,6213,4542,3606,6552,8780,5217,3818,20.424,-10.0267,8.79162,47.972
22131,3255,3572,4467,5687,3373,3811,5207,9419,3320,3611,4636,6907,3100,3498,3856,4231,-4.39056,28.1007,8.62589,47.9667
22132,3289,3864,6083,12798,3319,3650,4682,6046,3182,3479,3671,3872,3141,3261,3399,3421,-33.6187,28.1188,8.95966,47.438
22133,3979,3929,3447,3155,6396,4530,3693,3250,9932,5221,3785,3313,5825,4587,3691,3377,5.98465,-30.8361,8.86287,48.0733
22134,5510,8042,5611,4111,4961,6683,5026,3896,3758,4097,3787,3417,3330,3548,3336,3216,-17.7681,-6.27008,8.55392,48.2193
22135,3385,3344,3252,3137,3899,3705,3377,3300,5907,4675,3773,3261,12737,6001,3929,3300,30.8679,-27.6446,8.88661,47.3213
22136,3537,3430,3276,2997,4375,3996,3572,3299,7980,5093,3875,3327,10149,5682,3905,3470,17.9638,-27.965,8.50689,47.9753
22137,4138,3933,3477,3144,6035,4581,3684,3326,9807,5246,3745,3388,5812,4756,3742,3281,6.20315,-32.8793,8.75087,48.0633
22138,3131,3329,3655,3854,3340,3576,4375,5676,3382,3817,5451,10070,3361,3663,4842,6702,8.81459,25.9402,8.90637,48.1493
22139,3412,4286,7963,10453,3372,3912,4880,5772,3242,3399,3773,3843,3157,3352,3388,3443,-33.011,18.5374,8.82935,47.7647
22140,3370,3981,5993,12573,3393,3892,4645,5990,3206,3499,3777,3951,3184,3207,3381,3414,-32.6061,29.0176,8.76154,47.6373
22141,4837,4126,3636,3220,8369,4839,3700,3315,8134,5004,3783,3375,4657,4172,3535,3231,-0.306094,-27.0035,8.85084,47.9553
22142,6818,6969,4275,3533,6772,6768,4424,3544,4239,4309,3764,3247,3563,3657,3304,3200,-15.2063,-14.4117,8.93413,48.2573
22143,3599,3569,3223,3170,4977,4404,3616,3308,8900,5962,3900,3450,7427,5430,3982,3305,12.2368,-22.4149,8.60082,48.148
22144,3259,3585,4045,4418,3397,3801,5307,7184,3279,3921,5740,8141,3199,3587,4274,4978,1.82129,21.1386,8.84576,48.0767
22145,3378,4277,7677,10683,3391,3948,5007,5729,3169,3500,3845,3930,3173,3186,3403,3373,-31.5412,19.4971,8.66023,47.7793
22146,3461,4117,6692,10053,3439,3829,5413,6990,3266,3569,3975,4255,3108,3284,3489,3465,-20.2221,21.2218,8.8919,48.27
22147,3206,3138,3258,3335,3306,3333,3673,3971,3441,3673,4707,6028,3353,3958,6073,12552,28.6917,33.6529,8.65609,47.3367
22148,3546,3827,3817,3385,4048,5069,4484,3795,4906,7593,5809,4112,4450,5230,4653,3894,7.48689,-4.20202,8.51031,48.412
22149,3462,4256,8084,10502,3436,4008,4970,5575,3223,3574,3818,3930,3135,3218,3316,3282,-29.5406,18.5473,8.94388,47.8593
22150,3255,3438,4000,4137,3328,3692,5198,6267,3408,3886,6214,8375,3351,3813,4583,5243,4.18664,19.4941,8.85306,48.1253
22151,3323,3838,6312,12585,3326,3751,4776,5996,3293,3483,3785,3915,3198,3158,3304,3222,-30.4804,25.6126,8.8346,47.51
22152,3264,3368,3421,3230,3498,3743,3785,3569,4142,5125,5111,4184,4884,8184,7922,4805,26.5003,-0.493815,8.56209,48.1567
22153,4658,4025,3419,3296,7630,4929,3687,3345,8459,5228,3869,3390,5033,4265,3614,3226,1.38665,-24.7955,8.74719,48.0487
22154,3356,3472,3674,3433,3520,4125,4894,4149,3852,5271,8150,5295,3821,4764,5982,4663,9.85498,6.5158,8.86217,48.2807
22155,3183,3387,4034,4399,3201,3683,4807,7253,3276,3779,5347,9059,3148,3517,4479,5275,2.60746,26.0042,8.99965,47.8847
22156,4134,6006,8116,5451,3896,5130,6562,4690,3477,3821,4016,3795,3181,3330,3466,3347,-18.5074,5.14261,8.60764,48.2787
22157,3557,3754,4607,5015,3553,4180,6810,7300,3463,3977,5405,5726,3215,3650,4015,3987,-4.42215,16.1199,8.71369,48.1427
22158,3329,3371,3205,3161,3886,3756,3432,3196,6417,4810,3695,3331,12485,6039,4028,3398,26.1857,-32.3383,8.79013,47.6927
22159,3188,3300,3353,3348,3459,3603,3879,3740,3890,4619,5151,4605,4261,6840,9537,5397,33.3528,4.19716,8.83145,48.1133
22160,3414,3290,3173,3181,3992,3765,3462,3189,6133,4743,3701,3471,12583,6050,3942,3342,26.6576,-30.2194,8.91605,47.6207
22161,3866,3670,3459,3101,4934,4852,3806,3337,7381,7441,4274,3507,5623,5491,3989,3353,8.85622,-15.0429,8.78257,48.056
22162,3442,3599,4314,4646,3427,3850,5495,7659,3371,3837,5384,7579,3259,3593,4261,4647,-0.498458,21.325,8.60064,48.242
22163,4108,5663,5766,4332,4182,6596,6956,4535,3690,4344,4453,3957,3324,3449,3577,3362,-11.9015,1.04919,8.59914,48.196
22164,4454,5480,4850,4024,4655,7702,5893,4010,4152,4923,4311,3622,3589,3647,3593,3315,-8.94034,-3.79765,8.50429,48.1467
22165,3578,3626,3365,3185,4424,4539,3804,3434,6544,7290,4398,3624,6069,6244,4301,3460,12.1479,-13.3358,8.91907,47.9233
22166,6635,8338,5004,3702,5490,6565,4482,3649,4005,4173,3660,3414,3299,3529,3350,3125,-18.5627,-10.6072,8.66289,48.28
22167,3313,4023,6813,11754,3354,3899,4821,5964,3200,3482,3765,3897,3127,3173,3396,3343,-31.9328,22.2426,8.90491,47.5493
22168,3721,4826,8222,6943,3614,4341,6435,5696,3441,3629,4061,4092,3195,3341,3443,3411,-18.873,12.0825,8.83986,48.274
22169,3659,3623,3378,3215,4944,4213,3600,3294,9338,5185,3865,3353,7934,5149,3850,3283,12.627,-30.6105,8.63126,47.922
22170,3468,4034,6476,9593,3426,3953,5251,7591,3288,3490,4014,4356,3141,3291,3458,3443,-18.6416,21.9513,8.67431,48.182
22171,3742,3709,3470,3104,4592,4717,3803,3410,6617,7788,4658,3588,5505,5895,4195,3576,10.5299,-12.8747,8.88448,48.246
22172,6210,9428,5788,3911,4991,5519,4432,3736,3821,3928,3602,3316,3386,3447,3302,3202,-24.6457,-7.88381,8.53497,48.0127
22173,4340,7236,9097,5284,4026,4731,5150,4388,3427,3689,3796,3634,3208,3324,3343,3318,-27.8044,3.02548,8.58736,47.994
22174,3337,3817,5361,8536,3288,3874,5303,9217,3313,3508,4063,4895,3187,3322,3500,3753,-13.9154,27.4166,8.7893,48.1827
22175,3387,3907,6096,12640,3394,3645,4733,6099,3291,3399,3877,3847,3256,3168,3391,3394,-28.3781,30.6954,8.82921,47.6827
22176,11346,6344,3974,3433,6982,4864,3740,3382,4175,3830,3604,3107,3409,3373,3260,3049,-22.0565,-25.2426,8.98559,47.9147
22177,3777,3632,3422,3083,5600,4277,3604,3226,9929,5366,3695,3362,7018,5040,3799,3308,9.78398,-27.691,8.65124,48.092
22178,4875,4284,3587,3151,8514,5144,3704,3374,7970,4993,3658,3330,4691,4218,3486,3284,-1.0786,-26.5345,8.88411,48.1753
22179,3307,3356,3302,3296,3615,3732,3716,3666,4287,5067,4814,3971,5248,9170,7305,4374,32.5468,-2.89161,8.90286,48.1507
22180,3528,3793,3592,3408,4158,5104,4223,3657,4930,7824,5773,3938,4363,5321,4555,3877,8.43632,-4.80627,8.50488,48.0293
22181,3230,3303,3387,3221,3448,3617,3724,3623,3872,4536,5069,4504,4128,6983,9683,5672,30.6823,4.74047,8.98182,48
22182,3443,3908,5850,12839,3362,3864,4610,5946,3240,3409,3764,3956,3182,3175,3373,3417,-31.4924,31.5314,8.74564,47.5587
22183,9899,6938,4150,3424,6801,5394,3817,3272,4228,3984,3546,3298,3506,3416,3212,3183,-20.2904,-20.3158,8.90816,48.0453
22184,3123,3331,3461,3429,3246,3473,3955,4200,3380,3812,4918,6938,3339,3993,6043,11324,21.9913,27.1175,8.52544,47.9767
22185,6719,9428,5397,3918,5014,5665,4354,3693,3758,3916,3610,3409,3246,3376,3249,3092,-24.0189,-9.33162,8.55129,47.896
22186,3601,3522,3315,3149,4747,4003,3553,3264,9169,5281,3902,3340,8439,5219,3858,3436,13.59,-33.1404,8.8245,47.8653
22187,3026,3240,3591,3719,3212,3542,3962,4780,3370,3877,5187,9123,3415,3848,5282,8444,13.7735,29.4675,8.80986,47.7453
22188,3478,3354,3215,3109,3939,3649,3402,3223,5931,4655,3796,3410,12501,5998,4008,3435,29.5991,-33.1862,8.56542,47.402
22189,3150,3271,3596,3623,3166,3627,4144,4689,3357,3903,5493,8842,3431,4006,5524,8278,13.8002,24.516,8.51283,48.0667
22190,8049,9459,4962,3706,5212,5399,4148,3612,3715,3811,3593,3290,3238,3427,3258,3150,-26.3724,-12.7272,8.98921,48.0193
22191,3085,3257,3507,3624,3318,3599,4263,4656,3372,3999,5685,8362,3405,3894,5728,8288,14.9701,22.3913,8.53315,48.028
22192,3423,3412,3308,3156,4005,3832,3466,3188,6185,4800,3675,3361,12347,5967,3919,3489,26.0365,-33.46,8.6149,47.6887
22193,11674,5713,3934,3357,7034,5073,3789,3268,4035,3731,3467,3302,3564,3494,3162,3093,-22.1741,-30.4518,8.5897,47.7933
22194,3074,3276,3420,3427,3245,3522,4052,4336,3459,3782,5109,8081,3447,3805,5728,10413,18.1774,31.6701,8.89475,48.1173
22195,3404,3438,3234,3133,3869,3851,3523,3364,5347,5145,4014,3518,9085,9019,4653,3623,29.8645,-14.9338,8.53262,48.1467
22196,5598,7133,4839,3734,5494,7493,4890,3813,3985,4203,3906,3512,3480,3551,3431,3195,-14.5129,-8.95007,8.61789,48.1713
22197,3524,4610,8858,8850,3542,4045,5255,5395,3250,3535,3855,3800,3127,3293,3343,3379,-33.2398,14.992,8.51851,47.774
22198,7033,4849,3661,3265,9933,5245,3770,3411,5479,4318,3635,3291,3905,3865,3362,3102,-9.82224,-28.9988,8.75053,48.0827
22199,4831,6049,4832,3874,5040,7940,5605,3989,4023,4586,4138,3615,3531,3650,3511,3315,-11.4736,-5.85192,8.60342,48.3527
22200,3242,3602,4294,4627,3350,3801,5718,7465,3419,3909,5547,7366,3286,3595,4235,4609,-0.364367,19.805,8.57561,48.0433
22201,5416,4907,3893,3413,7922,6636,4090,3408,5712,5078,3818,3392,4014,3911,3532,3196,-5.90166,-17.5153,8.76519,48.2253
22202,3472,4069,6971,11809,3490,3880,4963,6061,3251,3441,3797,3889,3109,3248,3302,3336,-27.1778,22.4173,8.78735,48.0587
22203,3190,3770,5383,8339,3358,3746,5365,9308,3251,3543,4220,4927,3029,3168,3576,3714,-13.33,26.29,8.70388,47.9247
22204,3337,3417,3545,3486,3719,4192,4335,3829,4218,6425,6805,4461,4338,5668,5961,4440,12.6789,0.923768,8.66393,48.1173
22205,3469,4268,7439,9619,3480,4093,5451,6422,3179,3506,3940,3972,3081,3306,3454,3360,-21.884,18.4289,8.5873,48.026
22206,3443,3805,5242,7801,3311,3883,5499,9209,3267,3683,4264,4993,3139,3466,3660,3758,-12.7237,24.5331,8.66273,48.282
22207,3507,3932,5077,5048,3558,4296,7380,7014,3390,3984,5295,5375,3283,3516,3947,4021,-5.67129,14.0523,8.81674,48.4153
22208,3268,3507,4147,4686,3357,3750,4918,8249,3393,3812,4958,8384,3176,3544,4139,4865,0.397601,28.9768,8.95695,48.102
22209,3781,5017,6933,5458,3780,5077,7527,5408,3456,3990,4311,4108,3150,3430,3493,3365,-14.246,7.91531,8.54469,48.1893
22210,4227,6759,9568,5487,3896,4657,5184,4502,3504,3637,3823,3662,3261,3295,3421,3347,-31.1245,4.628,8.72816,48.1533
22211,3253,3430,3327,3189,3546,3734,3632,3351,4564,5334,4593,3792,5888,9692,6587,4131,27.9114,-5.90851,8.84247,48.0287
22212,3333,3298,3367,3383,3188,3563,3705,3954,3404,3813,4792,6411,3399,3934,5946,12120,25.2126,33.1398,8.68013,47.74
22213,12580,6109,3927,3408,6109,4681,3854,3345,3857,3870,3469,3304,3465,3420,3208,3192,-27.2538,-28.9195,8.69824,47.8653
22214,5957,8577,5861,4102,4876,6085,4709,3849,3775,3941,3745,3350,3264,3345,3351,3310,-20.7205,-6.80299,8.56441,48.0647
22215,3936,3765,3522,3190,5355,4792,3755,3392,8371,6525,4046,3336,5803,5036,3783,3375,7.64968,-19.1448,8.73205,47.988
22216,3287,3175,3436,3314,3427,3671,3928,3876,3632,4490,5816,4903,3897,5443,9201,6431,22.4414,8.92081,8.62198,47.9513
22217,6229,5300,3915,3298,8533,6508,4069,3296,5353,4636,3698,3258,3932,3871,3389,3123,-8.69911,-19.0117,8.77533,48.272
22218,7761,8654,4890,3543,5629,5867,4208,3572,3933,3848,3610,3334,3407,3552,3294,3137,-21.6759,-13.4393,8.68582,48.1593
22219,3129,3288,3413,3361,3283,3651,3833,3748,3572,4054,5480,5171,3772,5036,9391,7912,25.886,12.6892,8.6989,48.0627
22220,8364,5638,3853,3349,8667,5493,3974,3325,4726,4218,3588,3282,3553,3558,3238,3199,-14.6098,-23.5529,8.70654,48.0167
22221,3697,3573,3312,3052,5101,4371,3573,3160,9355,5431,3808,3481,7851,5265,3773,3254,12.3056,-25.643,8.75451,48.038
22222,3193,3233,3367,3520,3215,3579,3870,4160,3392,3865,5030,7311,3358,3907,6239,10844,20.681,25.1022,8.52001,48.0553
22223,3028,3166,3336,3395,3228,3541,3929,3920,3445,4095,5141,5891,3461,4379,7862,10228,25.5843,18.5597,8.5727,48.03
22224,3116,3181,3378,3260,3470,3631,3820,3746,3967,4818,5197,4351,4313,7073,9290,5547,28.7897,3.90334,8.54622,48.1053
22225,3216,3851,5796,12516,3353,3692,4912,6522,3310,3403,3949,3915,3065,3209,3390,3407,-24.6862,30.1234,8.97411,47.6707
22226,3071,3392,3391,3312,3198,3587,4008,4074,3533,4130,5983,5986,3627,4600,8255,7904,20.1344,14.4533,8.9485,48.034
22227,3620,3527,3382,3111,4773,4228,3483,3225,8716,5581,3972,3338,8429,5653,3855,3409,14.593,-23.4483,8.98398,48.2013
22228,11891,6879,3965,3384,6065,4825,3742,3359,3957,3824,3494,3283,3532,3364,3251,3113,-31.7871,-23.532,8.61799,47.952
22229,12588,5915,3892,3391,6079,4702,3737,3428,3937,3792,3393,3209,3350,3354,3225,3213,-33.45,-31.7175,8.86924,47.47
22230,4688,4092,3405,3163,8094,4849,3717,3352,8872,4968,3717,3379,4882,4170,3479,3311,1.05747,-29.0771,8.92434,48.092
22231,3399,3323,3229,3123,3977,3696,3517,3246,6104,4825,3829,3316,12308,6345,3837,3410,30.7624,-25.5718,8.69642,47.656
22232,3370,3392,3229,3075,3919,3914,3544,3312,5236,5205,4147,3578,8485,9328,4840,3679,30.291,-13.8026,8.77128,48.1687
22233,3016,3268,3359,3544,3302,3526,3997,4158,3317,3927,5332,7092,3399,4137,6750,9868,19.7692,20.7274,8.85521,47.9947
22234,3465,3545,3464,3507,3774,4407,4398,3747,4529,6934,6528,4498,4261,5714,5440,4227,11.3349,-0.673521,8.55157,48.292
22235,4916,4158,3580,3239,8325,4890,3802,3399,8183,4712,3836,3273,4778,4083,3580,3264,-0.109405,-29.066,8.80388,48.012
22236,3333,3393,3159,3099,3714,3825,3650,3377,4508,5615,4711,3791,5769,9607,6465,4213,24.6549,-5.64569,8.95567,48.1527
22237,5956,8512,5505,3978,5159,6479,4702,3708,3861,3917,3780,3452,3351,3408,3346,3118,-18.9355,-8.02337,8.75782,48.1547
22238,3161,3179,3486,3402,3489,3730,4088,3797,3786,4879,6428,4860,3999,5712,8665,5692,19.571,6.78246,8.98303,48.2353
22239,3229,3708,4376,4806,3439,3817,5445,8042,3311,3785,5337,7489,3253,3519,4234,4635,-0.900949,21.8147,8.72422,48.2833
22240,5078,9044,7543,4265,4370,5163,4786,3914,3571,3795,3678,3533,3211,3354,3293,3182,-27.7322,-2.59438,8.72027,47.8533
22241,5166,4426,3700,3239,8434,5898,3941,3496,6647,5095,3762,3369,4333,3971,3423,3161,-3.34422,-21.3969,8.54289,48.0407
22242,3383,3920,5092,6647,3401,3968,6117,8949,3196,3574,4427,5296,3094,3320,3782,3656,-10.105,21.2961,8.66004,47.8813
22243,12128,6620,4070,3447,6062,4962,3856,3263,3890,3746,3505,3266,3373,3390,3309,3029,-29.9163,-23.6893,8.79206,47.944
22244,3178,3387,3442,3394,3623,3952,4256,3872,3845,5308,7357,4933,4070,5310,7245,5073,15.088,5.44746,8.86798,48.1633
22245,3189,3407,3763,3893,3379,3786,4766,5003,3504,4200,7312,7734,3460,4035,5425,5624,8.69311,16.5374,8.91194,48.32
22246,3270,3345,3362,3241,3498,3699,3804,3713,4031,4862,5197,4351,4341,7234,8826,5238,33.9398,2.45466,8.66659,48.008
22247,3165,3330,3721,3893,3162,3608,4379,5713,3459,3796,5400,10054,3370,3747,4840,6714,8.9214,28.5215,8.80818,48.234
22248,9029,8965,4779,3611,5288,5141,4012,3432,3784,3832,3658,3387,3433,3263,3344,3201,-28.8099,-14.8035,8.72679,48.106
22249,3388,3665,4708,6224,3358,3794,5193,9893,3364,3681,4395,6117,3126,3499,3813,3914,-7.18037,30.8538,8.59636,48.088
22250,3972,5275,7686,5574,3766,5077,6858,5206,3557,3837,4097,3861,3224,3404,3521,3395,-16.4815,7.16606,8.53662,48.2067
22251,5160,4526,3626,3334,8225,6012,4151,3447,6569,5069,3804,3403,4315,4005,3459,3128,-3.27994,-20.2025,8.82203,48.1553
22252,8491,5861,3973,3378,8235,5841,3917,3462,4707,4163,3585,3262,3591,3554,3274,3106,-15.2005,-21.3596,8.78127,48.2667
22253,3194,3382,3626,3697,3308,3563,4281,5443,3241,3746,5220,9988,3292,3691,4980,7059,10.2329,33.1658,8.92777,47.8073
22254,5005,8720,7592,4464,4259,5030,4869,4036,3663,3767,3739,3498,3252,3443,3341,3227,-32.9576,-1.72023,8.51506,47.9367
22255,3494,4223,7307,11009,3475,3883,5039,6046,3223,3489,3779,3799,3061,3213,3371,3395,-26.4647,20.7285,8.51177,47.8707
22256,3383,3463,3344,3261,3976,3672,3413,3278,5872,4685,3693,3418,12511,5995,3781,3321,33.8884,-32.4956,8.83355,47.3773
22257,3514,4146,6676,10165,3368,3961,5312,7044,3206,3514,3971,4048,3018,3205,3451,3601,-19.9764,21.2108,8.78601,48.1333
22258,3380,3921,6049,12731,3411,3751,4756,6096,3301,3430,3686,3742,3172,3193,3350,3408,-28.8714,32.4468,8.83298,47.5847
22259,3405,3606,4246,4212,3546,4368,6541,5719,3574,4344,7037,5815,3354,3739,4487,4344,0.82194,12.0844,8.7951,48.2247
22260,4678,4334,3555,3236,7601,5486,3828,3299,7888,5516,3710,3334,4748,4204,3550,3273,0.163744,-21.1856,8.71346,48.16
22261,3295,3670,3813,3534,3888,4635,5199,4139,4125,6025,7647,4616,3930,4512,5046,4205,6.22431,3.00075,8.88117,48.186
22262,4954,6433,5017,4001,5137,7529,5511,3906,3956,4477,4134,3559,3525,3552,3492,3425,-12.668,-5.73959,8.52077,48.4053
22263,11946,5947,3895,3502,6565,4824,3834,3421,3947,3807,3419,3256,3398,3304,3291,3074,-24.0748,-33.2495,8.5167,47.62
22264,3163,3278,3308,3369,3300,3477,3847,3875,3596,4246,5372,5025,3767,5141,9969,7644,28.0446,11.429,8.99297,48.2513
22265,3182,3339,3552,3546,3415,3670,4169,4450,3546,4296,6437,6870,3529,4297,6690,7161,15.5232,15.9753,8.61193,48.0993
22266,3418,3451,3266,3206,3775,3845,3670,3269,5293,5077,4063,3568,8322,9461,4859,3507,30.4371,-13.5899,8.62607,48.0333
22267,5534,4496,3656,3223,9386,5274,3757,3472,6943,4614,3764,3335,4265,3907,3523,3137,-3.77166,-32.7269,8.77991,48.1907
22268,12840,5974,3931,3315,5901,4694,3735,3377,3884,3747,3454,3138,3415,3231,3300,3202,-31.3497,-31.883,8.93899,47.4253
22269,3372,3823,5988,12551,3360,3780,4653,6041,3289,3437,3789,4008,3200,3251,3336,3429,-33.4542,30.5633,8.56744,47.538
22270,3765,4237,4454,3809,4070,5855,6825,4390,4060,5419,6009,4282,3749,3903,4156,3812,-1.56539,1.825,8.637,48.53
22271,4652,4127,3435,3186,7647,4938,3706,3384,8653,5098,3807,3448,5082,4265,3489,3240,1.72753,-25.443,8.82002,48.1047
22272,4186,3731,3432,3162,6318,4495,3611,3378,9474,5457,3883,3362,5927,4614,3596,3269,5.9191,-25.7558,8.61107,47.93
22273,4311,6826,9841,5463,3857,4653,5257,4467,3408,3584,3676,3579,3130,3305,3305,3367,-29.3928,4.35873,8.95329,48.0193
22274,3261,3392,3411,3328,3640,3900,3991,3648,4125,5779,6048,4229,4590,6989,7567,4791,18.984,1.24561,8.93719,48.4593
22275,10679,5758,3884,3387,7699,4909,3904,3393,4198,3882,3395,3273,3359,3462,3294,3037,-19.0873,-33.6622,8.92205,47.6753
22276,4105,3843,3504,3241,5552,5230,3928,3383,7569,7078,4241,3355,5218,4930,3875,3389,5.35922,-16.5858,8.8623,48.294
22277,11573,7048,4105,3428,5963,4854,3879,3275,3980,3716,3411,3148,3404,3303,3202,3084,-27.3495,-21.8485,8.72315,47.582
22278,3255,3371,3725,3664,3393,3961,4811,4485,3761,4733,7780,6209,3673,4340,6058,5378,10.6375,11.2103,8.5278,48.398
22279,11489,6919,4092,3466,6283,4992,3852,3397,3943,3799,3462,3225,3413,3414,3188,3108,-25.8454,-22.5056,8.61063,48.028
22280,3314,3471,3263,3149,3946,3764,3502,3201,5631,4989,3815,3447,10508,7761,4301,3548,32.4206,-18.8668,8.95752,47.74
22281,3393,3811,4616,5282,3537,4154,6319,7873,3476,3863,5145,5946,3317,3507,3812,4147,-4.87323,18.6875,8.54181,48.132
22282,3090,3193,3387,3470,3240,3461,3901,4076,3314,3860,5058,7308,3442,3876,5869,11382,20.9824,28.1538,8.91597,47.9513
22283,4473,6938,8148,4847,4156,5308,5840,4371,3521,3799,3898,3696,3272,3341,3321,3337,-20.6996,1.93629,8.87126,48.1773
22284,3448,4349,7895,10311,3405,3897,5078,5763,3263,3517,3892,3959,3065,3262,3355,3411,-31.3852,18.0671,8.65926,47.9133
22285,3368,3321,3275,3185,3913,3727,3471,3213,6131,4741,3748,3312,12366,5993,3844,3397,32.6524,-28.4072,8.64168,47.3367
22286,5777,9272,6172,4163,4727,5770,4632,3784,3709,3855,3698,3567,3300,3325,3192,3199,-23.524,-6.09446,8.68159,48.0947
22287,3394,3635,4262,5317,3382,3654,5032,8911,3305,3818,4854,7615,3214,3402,4042,4488,-2.23742,29.0043,8.53337,48.2167
22288,3841,3634,3288,3218,5245,4675,3731,3440,8494,6437,4006,3568,6187,5276,3991,3294,9.0185,-18.8348,8.67592,48.2167
22289,3260,3392,3293,3325,3598,3747,3738,3472,4325,5182,4813,4048,5128,9136,7539,4431,26.8406,-2.54469,8.80655,48.2847
22290,3295,3352,3213,3150,3968,3814,3418,3211,6152,4679,3814,3286,12659,6181,3827,3349,30.2325,-28.5061,8.71845,47.5787
22291,3837,3949,3677,3400,4577,5554,4144,3509,5816,8142,4883,3609,4709,5219,4101,3478,5.99819,-9.69256,8.99224,48.4027
22292,3216,3347,3326,3228,3818,4072,3792,3494,4631,6276,5070,3821,5481,8499,6250,3958,20.1322,-5.52571,8.96115,48.186
22293,3491,3662,3421,3107,4595,4697,3758,3387,6693,7917,4568,3531,5465,5821,4342,3584,10.14,-12.6755,8.89141,48.026
22294,3746,5448,9466,6908,3610,4312,5468,5108,3305,3730,3847,3945,3234,3295,3456,3200,-24.0295,10.3006,8.54157,48.052
22295,12492,6091,3893,3367,5967,4747,3819,3397,3971,3795,3418,3160,3404,3430,3315,3139,-30.9067,-28.1943,8.53264,47.6033
22296,3466,3395,3149,3203,3961,3751,3478,3287,5671,5058,3990,3409,10537,7865,4234,3457,29.6649,-18.9145,8.91224,47.9407
22297,3393,3401,3237,3181,3982,3794,3480,3261,6006,4867,3771,3363,12152,6487,3938,3365,33.9907,-24.7172,8.57534,47.7853
22298,3172,3321,3401,3355,3295,3578,3826,3808,3384,4097,5090,5645,3499,4510,8272,9876,32.3411,17.0194,8.89553,48.086
22299,3728,4435,4956,4242,3896,5865,7536,4859,3862,4613,5430,4149,3474,3694,3921,3588,-5.40608,3.94725,8.75527,48.1653
22300,3053,3333,3683,3680,3289,3529,4214,5127,3512,3759,5272,9598,3349,3676,5180,7757,12.3775,31.1332,8.5186,48.0073
22301,3223,3336,3344,3250,3748,3816,3768,3523,4348,5608,4926,4135,5088,8461,7016,4391,21.9903,-2.44803,8.6236,47.9873
22302,10125,8173,4217,3384,5761,5117,4060,3400,3948,3879,3478,3344,3452,3433,3269,3149,-33.3339,-17.9629,8.77076,48.126
22303,3852,3883,3559,3184,5048,5008,3826,3504,7077,7443,4344,3498,5335,5200,3968,3516,7.31698,-14.5423,8.97085,48.1633
22304,3191,3355,3333,3290,3516,3615,3744,3583,4029,4957,5147,4402,4445,7502,8965,5071,32.7053,2.23457,8.80726,48.0967
22305,3374,3418,3327,3272,3554,3826,3816,3462,4195,5387,5491,4396,4600,7736,7753,4753,21.0212,0.312228,8.97112,48.24
22306,7157,4931,3877,3288,9808,5215,3922,3404,5381,4273,3608,3209,3674,3650,3287,3095,-10.4006,-28.8652,8.71097,47.8527
22307,3068,3346,3332,3416,3227,3571,3902,4146,3504,4120,5542,6281,3428,4361,8006,9348,21.4149,17.2871,8.99587,48.3987
22308,3360,3899,5653,9920,3390,3737,5127,8478,3132,3505,4010,4488,3075,3287,3500,3508,-16.9876,28.894,8.87893,48.046
22309,3264,3496,3768,3921,3473,3945,5431,5371,3559,4214,7278,7069,3373,3875,4923,5000,5.76032,15.0225,8.94813,47.9733
22310,3241,3319,3392,3322,3447,3530,3777,3738,3602,4266,5233,4927,3804,5511,9850,6817,30.5103,9.31927,8.63302,47.8507
22311,3353,3832,5069,5766,3434,4104,6854,8050,3301,3725,4886,5371,3168,3430,3832,3973,-7.45734,17.7277,8.86991,48.0987
22312,4006,5323,5370,4201,4330,6691,6937,4566,3708,4516,4604,3809,3409,3653,3672,3466,-9.73737,0.849318,8.64605,48.174
22313,3144,3214,3397,3422,3214,3502,3761,3905,3457,4038,5192,5519,3521,4451,8473,9417,32.4541,16.4264,8.54332,47.7513
22314,3307,3306,3439,3121,3532,3862,3759,3507,4321,5153,4681,4055,5198,9078,7252,4369,33.0635,-3.06953,8.6572,47.96
22315,4245,5858,6128,4621,4065,6229,6932,4486,3744,4180,4273,3867,3351,3481,3522,3392,-13.383,1.46991,8.85804,48.2493
22316,4274,6641,9122,5358,3906,4904,5541,4577,3481,3732,3901,3771,3218,3411,3332,3190,-23.369,3.93179,8.79137,48.2393
22317,3488,3388,3242,3086,4139,4117,3606,3324,6270,6342,4353,3432,7292,7682,4582,3463,17.6982,-14.301,8.81537,47.8707
22318,3215,3402,3702,3839,3489,4136,5132,4587,3717,4780,8200,5905,3579,4267,5471,4776,7.75157,9.68003,8.91351,48.1313
22319,3374,3882,5384,8938,3399,3824,5343,9138,3210,3548,3977,4670,3274,3150,3440,3541,-14.6534,33.2449,8.98727,48.0613
22320,4792,8440,8413,4876,4112,4983,4857,4236,3539,3740,3753,3520,3130,3289,3257,3200,-28.8689,-0.0544756,8.61134,48.0913
22321,3919,3774,3327,3047,5553,4409,3707,3269,9750,5450,3884,3510,6759,4894,3609,3260,9.19768,-25.8035,8.74596,48.0807
22322,3596,3640,3247,3086,4672,4311,3657,3360,8169,6150,3987,3483,7828,5893,3919,3416,14.0536,-20.0499,8.54125,48.276
22323,3486,3420,3266,3033,4330,3990,3478,3183,7929,5314,3723,3383,10141,5800,3984,3346,18.4147,-25.1389,8.71457,47.8707
22324,3355,3960,5967,9340,3349,3806,5513,8026,3243,3496,4068,4372,3198,3217,3500,3595,-16.9722,23.269,8.78457,48.0033
22325,3371,3954,6217,11670,3275,3686,4937,6837,3261,3459,3868,4092,3174,3179,3417,3413,-22.7583,27.1785,8.84108,47.8733
22326,3176,3327,3365,3388,3387,3574,3836,3715,3634,4445,5325,4828,3850,5610,9832,6633,33.4902,8.76782,8.66589,47.95
22327,3329,3856,5124,6772,3380,3917,5708,9310,3240,3604,4359,5327,3118,3387,3697,3825,-9.86289,22.8497,8.93164,47.9687
22328,3530,4042,4458,4128,3720,5000,7179,5175,3649,4763,6413,4805,3350,3858,4240,3968,-1.42373,7.27707,8.71746,48.1853
22329,4730,8113,8515,4791,4015,4874,4983,4255,3468,3738,3770,3628,3211,3326,3411,3225,-29.4883,0.614838,8.73312,48.0353
22330,3473,3578,3467,3226,4005,4506,4124,3525,4839,7756,5808,4013,4624,6238,5093,4014,11.9627,-4.12132,8.77507,48.1927
22331,3262,3656,4877,6946,3378,3869,5238,9871,3327,3523,4374,5702,3259,3282,3654,3889,-9.29029,31.3437,8.81941,48.0713
22332,3315,3788,5234,8455,3361,3775,5429,9267,3299,3600,4201,4762,3171,3221,3508,3605,-13.6315,26.925,8.51837,47.994
22333,3282,3852,4690,4817,3583,4219,7277,6744,3426,3961,5891,5527,3383,3637,4129,4114,-3.39183,14.1626,8.92607,48.3547
22334,3446,3967,6488,12302,3339,3726,4893,6250,3156,3422,3816,3949,3068,3137,3344,3343,-26.2771,25.3406,8.90961,47.764
22335,3683,3544,3273,3194,4880,4222,3580,3313,8607,5984,4009,3368,7618,5603,3974,3362,13.0072,-21.093,8.95675,48.1427
22336,3041,3238,3311,3454,3221,3517,3875,3973,3355,4055,5231,5729,3482,4432,8476,9885,26.0346,16.8563,8.94658,48.1833
22337,3186,3332,3414,3357,3536,3728,3936,3646,3900,4936,5790,4502,4366,6671,8917,5445,22.1318,4.2319,8.88566,48.4413
22338,4742,4755,3890,3407,5897,7431,4496,3675,5210,6097,4199,3592,4052,4042,3721,3346,-3.31998,-11.4068,8.89728,48.368
22339,3457,3471,3282,3091,3938,3919,3515,3425,5422,5628,4103,3534,8173,9050,4728,3627,23.4461,-13.557,8.88216,48.242
22340,3754,3665,3257,3143,4621,4345,3714,3350,7809,6629,4167,3477,7134,6016,4034,3470,12.9612,-17.986,8.75756,48.39
22341,4389,3873,3458,3277,7097,4909,3651,3228,9100,5287,3772,3313,5204,4301,3637,3353,2.93075,-25.1105,8.78927,47.8993
22342,3546,4137,6276,7147,3408,4060,6619,7470,3329,3777,4334,4545,3168,3347,3489,3533,-13.5969,17.1323,8.6559,48.1233
22343,3468,4388,7555,9526,3518,4044,5506,6417,3295,3545,3905,4005,3020,3283,3424,3462,-21.6004,18.5952,8.92296,48.2407
22344,3709,4829,9062,7896,3555,4061,5731,5473,3264,3666,3803,3835,3130,3298,3440,3339,-22.881,13.3363,8.96009,48.0607
22345,5212,8876,7402,4567,4263,5115,4809,4000,3529,3763,3728,3641,3223,3371,3457,3100,-28.6701,-2.23792,8.53448,48.0373
22346,6226,8086,5054,3829,5507,6892,4542,3738,3931,4003,3695,3373,3482,3468,3312,3141,-17.8939,-9.67658,8.74744,48.186
22347,4191,3868,3429,3224,6407,4449,3744,3242,10066,5150,3814,3364,5976,4506,3678,3169,6.37172,-29.812,8.94227,48.1847
22348,4515,4570,3938,3432,5963,7490,4571,3661,5104,6058,4172,3595,3907,4111,3578,3268,-3.14308,-10.9157,8.61524,47.9553
22349,3316,3477,4327,5161,3325,3775,5083,8957,3383,3648,4874,7391,3329,3531,4093,4481,-2.36291,31.4433,8.76211,48.1007
22350,3173,3509,4010,4404,3191,3727,4775,7135,3229,3769,5325,9289,3322,3556,4391,5360,3.56361,25.9331,8.68614,48.11
22351,4015,5483,8859,6224,3720,4502,6204,5059,3280,3686,4046,3903,3235,3319,3378,3364,-20.5136,8.23374,8.58031,48.1847
22352,3157,3230,3275,3384,3206,3491,3786,3922,3349,3816,4910,6328,3297,3777,6629,12220,26.8055,24.9291,8.78199,47.8513
22353,6892,5014,3815,3333,9805,5166,3772,3491,5234,4347,3557,3377,3715,3671,3390,3265,-10.4298,-33.9295,8.86041,47.896
22354,3290,3435,3365,3232,3810,4052,3826,3460,5197,6625,4616,3912,5842,8407,5316,3882,18.9276,-8.14511,8.67222,48.178
22355,3040,3187,3494,3514,3282,3532,4001,4423,3308,3798,5242,8491,3381,3776,5528,9908,16.9494,29.9409,8.97683,47.9367
22356,3462,4113,6576,7947,3446,4041,6018,7612,3316,3709,4112,4454,3083,3340,3552,3547,-16.0321,18.5455,8.648,48.2187
22357,3328,3510,3478,3378,3596,4143,4158,3769,4280,6142,6662,4542,4236,5851,6750,4537,15.1291,1.85603,8.72274,48.24
22358,3816,4587,5672,4626,3859,5478,8288,5097,3588,4236,4914,4199,3352,3526,3656,3479,-9.39358,6.31689,8.88356,48.2487
22359,5792,9906,6291,3976,4675,5172,4554,3776,3663,3803,3632,3415,3264,3339,3304,3183,-33.0306,-6.3319,8.94404,47.83
22360,10100,6747,4164,3428,7116,5420,3895,3518,4080,3897,3565,3263,3432,3466,3314,3053,-20.2306,-20.9395,8.9959,48.3053
22361,4653,4120,3577,3182,7747,5365,3794,3345,7990,5301,3790,3269,4655,4331,3644,3241,0.532677,-22.3466,8.87168,48.0027
22362,4365,6665,9442,5731,3900,4506,5394,4603,3495,3737,3733,3687,3244,3243,3400,3223,-25.4154,4.99098,8.5686,48.2453
22363,3463,3863,4904,5983,3314,3978,6325,8909,3186,3695,4565,5718,3101,3458,3892,3996,-7.41756,20.5513,8.92356,48.2333
22364,5060,4253,3640,3226,8773,4983,3758,3341,7790,4812,3712,3359,4610,4144,3624,3231,-1.66527,-26.3527,8.82973,48.2107
22365,11216,6289,4026,3371,6830,5033,3964,3403,4177,3816,3445,3252,3412,3490,3215,2985,-22.5654,-24.4494,8.55257,47.9493
22366,4684,4442,3774,3382,7054,6392,4012,3454,6422,5830,4094,3579,4336,4153,3654,3222,-1.31862,-16.7169,8.65459,48.3227
22367,3101,3238,3290,3421,3205,3573,3797,3859,3642,4241,5224,5393,3605,4643,8889,8884,28.1885,14.9666,8.57262,48.0033
22368,3548,4711,9098,9007,3615,4071,5209,5307,3177,3503,3891,3835,3155,3226,3244,3447,-30.3786,14.8387,8.96835,48.0293
22369,4055,3840,3448,3088,5972,4418,3772,3281,9780,5267,3798,3433,6165,4537,3714,3317,7.26651,-30.0775,8.50101,47.9233
22370,3213,3553,4363,4857,3271,3698,4999,8541,3344,3760,4882,8071,3239,3535,4132,4644,-1.12165,33.6047,8.72194,48.068
22371,3201,3391,3260,3063,3814,3797,3496,3322,5207,5222,4227,3516,8072,9527,5091,3681,28.3142,-12.9028,8.75672,47.9247
22372,3477,4153,5249,5280,3485,4397,7777,6692,3458,3930,5129,4884,3235,3529,3848,3792,-7.52621,13.2373,8.85092,48.21
22373,9590,8653,4524,3615,5497,5109,3922,3533,3936,3725,3477,3218,3374,3318,3301,3125,-30.5523,-16.2549,8.88737,47.9447
22374,3365,3370,3210,3040,4055,3775,3535,3204,6623,4826,3806,3421,12098,6157,3983,3307,24.0076,-26.6325,8.82908,47.85
22375,4120,7092,9409,5270,3926,4894,5105,4396,3466,3815,3783,3578,3173,3329,3444,3268,-32.4485,3.41401,8.85608,48.0453
22376,3534,4321,6692,9773,3378,4025,5523,7040,3258,3491,4000,4133,2999,3291,3393,3394,-19.4363,21.0571,8.89379,48.1633
22377,9301,6017,4029,3399,7910,5418,3965,3392,4426,4031,3616,3211,3491,3569,3162,2973,-17.118,-22.7091,8.95674,47.94
22378,5741,9357,6421,4141,4583,5585,4619,3830,3670,3879,3610,3420,3264,3234,3338,3153,-24.9171,-5.40695,8.92875,47.8967
22379,3707,3473,3348,3110,4833,4416,3624,3459,8104,6630,3990,3447,6661,5598,4176,3416,11.545,-18.1729,8.95994,47.9947
22380,3459,3349,3134,3143,3978,3682,3419,3236,5984,4716,3704,3289,12838,6003,3770,3346,30.4934,-28.1502,8.96599,47.3667
22381,3749,3597,3419,3124,4995,4164,3544,3282,9185,5559,3879,3379,7581,5292,3781,3323,12.1722,-24.361,8.69374,47.902
22382,3395,3425,3305,3201,3639,3725,3698,3521,4855,5343,4554,3726,6058,9611,6099,4004,33.7069,-6.79569,8.65492,48.106
22383,5788,6228,4510,3643,6144,7987,4693,3621,4344,4500,3792,3400,3552,3541,3443,3252,-11.9779,-11.4585,8.87896,48.292
22384,3092,3288,3533,3607,3290,3518,4035,4728,3406,3875,5199,9103,3418,3809,5257,8674,14.2683,28.0678,8.50255,47.888
22385,3443,3958,5730,6389,3420,4278,6954,7628,3323,3736,4537,4838,3070,3390,3630,3742,-11.0872,16.6444,8.6739,48.044
22386,3352,3402,3267,3149,3622,3733,3691,3386,4721,5439,4537,3760,6276,9893,6186,4121,25.5294,-6.99512,8.98871,48.3567
22387,4432,3934,3473,3115,7240,4608,3642,3384,9292,5051,3753,3248,5494,4379,3707,3262,3.40011,-29.9277,8.76014,48.0093
22388,3312,3404,3325,3173,3740,3878,3646,3317,5110,5277,4394,3589,7210,9781,5183,3568,33.7165,-11.056,8.66471,47.938
22389,4251,5885,6120,4410,4243,6518,6971,4369,3642,4200,4265,3712,3364,3445,3484,3312,-13.3929,0.753258,8.9363,48.1273
22390,3692,4441,7649,7889,3588,4131,6025,6338,3286,3603,4108,4105,3154,3214,3339,3475,-19.062,15.1322,8.86712,48.0247
22391,5465,9514,6655,4311,4445,5182,4595,3921,3590,3744,3755,3487,3297,3534,3278,3225,-29.9147,-4.42049,8.64647,47.9987
22392,4511,4125,3567,3302,6805,5480,3829,3421,7698,5852,3878,3418,4929,4420,3711,3294,1.29143,-19.3967,8.60661,48.16
22393,3644,3539,3294,3037,5137,4179,3684,3197,9614,5410,3797,3336,7901,5263,3909,3416,12.2526,-25.667,8.84737,48.238
22394,3328,3357,3272,3193,3626,3842,3643,3343,4788,5891,4551,3748,6233,9434,5759,4131,22.6889,-7.52662,8.82425,48.0927
22395,3413,3854,5147,6926,3401,3991,6033,8948,3231,3621,4357,5187,3215,3401,3653,3807,-10.7121,21.2917,8.84539,48.1233
22396,3316,3411,3396,3178,3775,3838,3809,3417,4683,6010,4810,3937,5555,8947,6304,4215,21.593,-4.91796,8.7565,48.4007
22397,3105,3281,3399,3460,3272,3381,3946,4134,3401,3876,5390,6812,3456,4261,6810,9958,20.323,20.5855,8.88102,47.9613
22398,6994,9524,5291,3876,5126,5573,4330,3750,3870,3765,3507,3342,3275,3443,3205,3117,-24.3535,-10.3629,8.62664,47.992
22399,12156,5867,4072,3443,6462,4858,3822,3329,3957,3769,3491,3221,3284,3328,3329,3137,-24.0191,-33.833,8.7945,47.6833
22400,3743,4838,8696,7632,3560,4234,5845,5631,3278,3547,3950,3944,3091,3343,3438,3369,-21.6858,13.0769,8.77213,48.0927
22401,3395,3391,3346,3195,3821,4134,3805,3446,4929,7001,5238,3891,5396,7698,5484,4049,16.7103,-6.16236,8.9457,48.146
22402,3458,3306,3313,3200,3796,3743,3442,3384,5952,4809,3679,3353,12673,5993,3798,3308,32.5076,-32.4477,8.90426,47.4713
22403,4004,3860,3348,3131,6276,4497,3631,3386,10020,5243,3842,3334,5951,4596,3762,3359,6.41415,-28.8371,8.8213,48.16
22404,3809,4856,8058,6511,3605,4439,6655,5634,3432,3752,4256,4083,3213,3281,3355,3374,-17.9989,10.7338,8.78816,48.2087
22405,3258,3756,5115,6445,3403,3922,6186,9181,3323,3661,4619,5396,3113,3398,3768,3889,-8.97813,21.7962,8.96102,48.2887
22406,4732,6039,4863,3966,4970,7876,5632,3837,4100,4719,4135,3647,3624,3762,3545,3375,-10.9971,-5.36349,8.91093,48.548
22407,5478,9127,6605,4296,4401,5673,4784,4020,3568,3917,3827,3455,3223,3357,3321,3184,-23.2629,-4.30327,8.84957,48.1573
22408,5140,8893,7263,4502,4358,5310,5117,4002,3551,3801,3750,3530,3255,3434,3404,3205,-23.9499,-2.33624,8.99737,48.3433
22409,3134,3361,3528,3483,3335,3648,4092,4323,3564,4147,6016,6629,3430,4300,7295,8030,17.8129,16.6423,8.85516,48.21
22410,10886,5550,3853,3421,7778,5010,3874,3324,4250,3821,3491,3214,3470,3430,3256,3083,-19.0877,-29.9999,8.8867,47.8073
22411,3303,3490,3336,3289,3729,3930,3784,3595,4440,6397,5393,4050,5105,8018,6304,4197,18.5497,-3.23092,8.78192,48.24
22412,3319,3700,4649,5404,3488,3935,6158,8298,3414,3815,4949,6210,3184,3389,3943,4224,-4.84523,20.0872,8.5429,48.0527
22413,3729,4967,9494,7577,3675,4198,5222,5001,3327,3652,3812,3801,3126,3240,3407,3366,-31.697,11.9355,8.53661,47.7293
22414,5553,4498,3661,3247,9068,5415,3742,3386,7050,4800,3821,3385,4378,3856,3461,3149,-3.6234,-24.5491,8.73478,48.3133
22415,3011,3253,3345,3525,3244,3480,3951,4515,3369,3766,5054,8154,3255,3821,5712,10294,17.9728,27.1491,8.71722,47.8327
22416,6524,7831,4752,3678,5773,6789,4541,3626,4084,4201,3694,3382,3401,3486,3348,3143,-16.9234,-11.7165,8.82507,48.1687
22417,3210,3387,3434,3306,3405,3696,3827,3700,4000,4890,5646,4619,4252,6495,8935,5523,22.9648,4.61376,8.58565,48.2167
22418,3139,3373,3355,3231,3569,3783,3901,3640,4171,5305,5737,4367,4480,6980,8350,5042,21.6277,2.37747,8.67697,48.282
22419,4949,7906,6997,4468,4381,5739,5267,4132,3705,4027,3967,3502,3295,3413,3392,3185,-20.8481,-1.62887,8.53232,48.2167
22420,3831,3731,3340,3187,5435,4374,3609,3347,9944,5333,3864,3341,6970,4894,3750,3310,9.39117,-31.6684,8.651,48.1733
22421,5037,5269,4113,3537,6415,7804,4521,3468,4899,5276,3924,3485,3863,3798,3586,3274,-6.83825,-12.2373,8.53358,48.1793
22422,3286,3405,3581,3356,3493,4116,4304,3944,3941,5321,7435,5021,3926,5339,7156,5150,14.771,5.99607,8.81259,48.516
22423,4454,3999,3398,3198,7515,4727,3743,3294,9270,5051,3698,3199,5409,4463,3530,3270,3.15262,-29.0045,8.91409,48.1453
22424,4010,3743,3320,3120,5900,4386,3603,3307,9744,5408,3882,3499,6416,4861,3578,3308,7.8543,-26.3867,8.73721,48.0567
22425,3217,3611,4168,4812,3299,3808,5177,8258,3256,3790,5040,7933,3206,3608,4172,4719,-0.513413,24.6717,8.78155,48.0493
22426,3097,3314,3536,3547,3430,3805,4265,4219,3611,4422,6952,6175,3495,4475,7265,6623,16.1193,12.9155,8.51077,48.154
22427,3194,3238,3431,3341,3293,3562,3774,3854,3640,4253,5816,5265,3676,5170,9316,7331,23.462,11.6462,8.59201,48.1027
22428,3967,4872,5680,4538,4059,5814,7707,4838,3675,4321,4621,3898,3453,3474,3644,3632,-10.2788,3.70789,8.57367,48.1287
22429,4094,4109,3640,3292,5765,6070,3956,3505,6329,7071,4491,3565,4603,4589,3795,3459,2.42512,-13.5956,8.72357,48.222
22430,5198,4766,3728,3294,8072,6257,4004,3447,6196,5149,3887,3394,4153,3945,3444,3270,-4.30477,-18.7057,8.76524,48.136
22431,5789,5660,4205,3458,6843,7663,4516,3522,4587,4798,3843,3409,3805,3720,3422,3310,-9.90142,-13.5495,8.90263,48.3667
22432,3099,3415,3738,3959,3282,3631,4502,5937,3349,3675,5603,9802,3363,3646,4655,6179,7.39608,25.3103,8.77704,47.89
22433,3294,3933,6065,11998,3393,3807,4942,6843,3174,3402,3771,4011,3041,3222,3419,3341,-23.873,28.3997,8.94852,47.7707
22434,3248,3270,3391,3247,3633,3823,3807,3539,4399,4953,4848,4138,4842,8496,7879,4488,33.366,-1.02082,8.55046,48.0007
22435,4160,4761,4616,3910,4545,7398,6128,4001,4076,5423,4807,3766,3562,3705,3709,3581,-5.49222,-2.63584,8.88063,48.0987
22436,3077,3159,3298,3430,3292,3330,3758,3891,3349,3804,4799,6096,3328,3970,6443,12199,28.7177,25.2445,8.51083,47.482
22437,3365,3502,3898,3889,3441,4000,5385,4915,3628,4487,7854,6378,3489,4121,5394,5065,6.78037,12.0871,8.74044,48.5407
22438,4203,3926,3499,3188,6470,4615,3599,3223,9647,5310,3813,3414,5915,4686,3653,3346,5.73335,-25.868,8.83485,48.338
22439,4120,6613,9843,5767,3744,4614,5195,4547,3349,3649,3669,3692,3082,3273,3356,3334,-29.4417,5.64386,8.84929,47.898
22440,4832,4316,3623,3319,8685,4927,3661,3412,7987,4913,3733,3364,4479,4040,3458,3316,-1.2041,-32.8781,8.82858,48.0433
22441,5887,4516,3552,3340,9877,5080,3872,3343,6362,4559,3557,3249,4130,3815,3397,3179,-6.26465,-29.6084,8.84756,47.81
22442,3850,3641,3371,3171,5255,4292,3714,3205,9510,5599,3840,3451,7162,5064,3804,3235,10.7396,-24.5693,8.79182,48.1093
22443,3816,3686,3260,3243,5275,4239,3694,3326,9779,5247,3827,3358,7213,4931,3826,3363,10.4812,-28.6628,8.67046,48.0553
22444,3222,3188,3460,3441,3207,3511,3871,4055,3475,3784,4974,7160,3354,3929,6010,11477,21.5724,25.7588,8.84096,48.0787
22445,3222,3516,3555,3503,3433,3679,4516,4175,3728,4677,7475,5740,3865,4676,6765,5592,13.4513,9.90831,8.81535,48.078
22446,3315,3971,6048,12405,3280,3873,4749,5880,3378,3427,3765,3840,3146,3290,3300,3327,-31.6658,33.4764,8.55898,47.3293
22447,8188,5326,3758,3362,9211,5274,3870,3405,4910,4147,3529,3202,3626,3518,3312,3134,-13.6634,-28.7612,8.5079,47.848
22448,10986,6467,4120,3338,6922,5173,3784,3313,4298,3933,3471,3179,3311,3483,3210,3087,-21.7463,-23.1119,8.93313,48.05
22449,3446,3819,4220,3945,3798,4504,6222,4921,3835,5030,7532,5197,3667,4021,4671,4155,2.70442,7.20868,8.59838,48.6553
22450,3985,6215,9617,5784,3862,4540,5346,4752,3425,3753,3856,3655,3125,3396,3357,3375,-33.9292,6.26672,8.59543,48.0287
22451,3206,3297,3354,3351,3422,3626,3708,3659,3840,4497,5214,4727,4099,6201,10098,6018,32.3445,6.7169,8.91082,48.2113
22452,4049,4365,4070,3546,4671,7152,5168,3762,4576,6669,4944,3876,3832,4324,3846,3517,-0.810987,-5.52524,8.99094,48.2447
22453,10968,6664,4075,3406,6733,5217,3915,3330,4079,3848,3409,3182,3417,3364,3198,2968,-21.9757,-22.3021,8.8144,47.8487
22454,3178,3561,4270,5119,3375,3867,5338,8357,3321,3767,5008,7649,3150,3545,4097,4454,-1.82823,24.2579,8.67792,48.0373
22455,3173,3341,3893,3922,3340,3716,4452,6106,3416,3937,5285,9711,3323,3653,4613,6156,7.14489,32.3991,8.57157,48.0247
22456,3101,3173,3372,3288,3331,3594,3890,3958,3582,4199,5294,5266,3745,4816,9057,8586,26.6711,14.1878,8.59348,48.168
22457,3755,3584,3260,3129,5034,4188,3575,3252,9389,5341,3828,3382,7948,5172,3891,3332,12.5154,-26.2613,8.53299,48.04
22458,3209,3671,4262,4616,3484,4073,5769,7082,3331,4041,5855,7170,3303,3591,4255,4626,0.446599,18.7384,8.69059,48.2253
22459,3424,3978,6094,11621,3375,3735,5009,7083,3229,3550,3730,4124,2986,3198,3374,3390,-22.0513,26.1238,8.75184,47.9333
22460,3085,3413,3732,3962,3345,3590,4313,5946,3364,3852,5202,9817,3355,3753,4733,6377,7.95751,30.5704,8.89529,47.8927
22461,3382,3453,3223,3114,3864,3793,3339,3237,5980,4699,3704,3409,12728,5933,3785,3396,30.0145,-32.1317,8.79767,47.3593
22462,3035,3233,3701,3497,3394,3717,4069,4207,3550,4204,6913,6300,3598,4490,7381,6992,16.3755,13.7682,8.92466,48.1873
22463,3035,3191,3409,3282,3174,3479,3674,3846,3383,3741,4891,6357,3383,3950,6016,12490,25.9027,33.2184,8.80842,47.534
22464,6574,8458,5199,3754,5380,6474,4517,3563,3850,3999,3810,3382,3396,3359,3252,3193,-19.2697,-10.189,8.93614,48.1067
22465,3086,3330,3377,3500,3287,3517,3765,3860,3438,3749,4784,5878,3397,3862,5955,12529,29.7493,31.0961,8.57297,47.5427
22466,3156,3318,3446,3499,3366,3576,3973,4171,3592,4194,6280,6342,3488,4449,7614,7797,18.4562,15.2689,8.93866,48.174
22467,3378,3451,3395,3333,3673,4134,3977,3598,4628,6468,5389,4005,5010,7394,6256,4177,17.1602,-3.06873,8.78037,48.1773
22468,7325,9704,5204,3876,5046,5283,4260,3739,3919,3808,3644,3223,3388,3351,3317,3178,-28.2495,-11.1479,8.69383,48.1767
22469,3315,3370,3894,4176,3270,3702,4651,6697,3359,3814,5209,9520,3315,3629,4353,5651,4.69805,33.9729,8.96912,47.95
22470,4661,4092,3547,3238,7765,4918,3739,3237,8642,5201,3754,3258,4986,4300,3527,3282,1.55204,-25.839,8.88334,48.098
22471,3871,6080,10117,6169,3717,4499,5199,4578,3388,3592,3846,3680,3247,3322,3373,3229,-31.8576,7.24367,8.98277,47.938
22472,4193,5607,5457,4168,4430,6906,6688,4311,3868,4537,4438,3776,3431,3572,3591,3396,-11.0311,-0.635323,8.60801,48.246
22473,3776,3672,3430,3190,5421,4353,3629,3323,9436,5801,3913,3450,6929,5044,3751,3307,9.61549,-23.2941,8.80439,48.2833
22474,3197,3375,3512,3365,3334,3645,4108,4048,3548,4201,6551,6053,3634,4654,7755,6977,17.4679,12.9384,8.89952,47.9713
22475,8512,6322,4090,3395,7637,5821,4094,3460,4453,4095,3522,3232,3654,3443,3236,3038,-16.3156,-19.908,8.7709,48.0027
22476,3424,3870,5282,8745,3314,3880,5199,9386,3184,3604,4166,4726,3077,3393,3501,3652,-14.4092,28.8445,8.72229,48.2687
22477,3078,3364,3847,4109,3329,3642,4421,6275,3327,3677,5281,9793,3366,3706,4563,6129,6.68007,31.2967,8.6434,47.938
22478,3512,3670,3684,3351,3751,4693,5003,4045,4133,6657,7226,4492,3984,5012,5001,4180,7.82259,0.996199,8.96478,48.2627
22479,3225,3564,3759,3447,3610,4008,4360,4052,3922,5705,7474,4786,3980,5238,6505,4799,12.9384,4.59574,8.62216,48.2893
22480,3736,3621,3309,3142,4956,4174,3645,3156,9352,5494,4000,3372,7933,5185,3834,3293,12.6581,-25.1998,8.76471,48.1347
22481,3189,3430,3656,3766,3284,3709,4362,4869,3377,3983,6562,8437,3378,4030,5595,6743,11.2132,18.688,8.8684,48.2467
22482,3423,4001,6181,12622,3269,3744,4665,6078,3235,3517,3744,3903,3119,3122,3380,3345,-28.2366,27.4525,8.83229,47.5653
22483,9166,5650,3857,3372,8720,5246,3747,3420,4653,3999,3488,3309,3584,3429,3336,3117,-15.4489,-25.8239,8.82203,48.062
22484,3735,3578,3447,3091,4938,4347,3629,3366,9277,5785,3956,3425,7240,5371,3831,3378,12.0638,-22.8713,8.63315,48.2627
22485,3570,4907,9430,8034,3570,4184,5431,5289,3296,3557,3776,3772,3162,3254,3281,3325,-25.8014,12.861,8.9734,47.892
22486,6810,4669,3731,3333,10004,5283,3806,3405,5747,4325,3665,3302,3982,3663,3394,3213,-8.84065,-30.4828,8.97937,48.2213
22487,3400,3327,3213,3177,4137,3929,3394,3201,7491,5025,3785,3381,11048,5685,3938,3437,19.8613,-33.0347,8.96356,47.712
22488,3489,3450,3205,3158,4442,4042,3493,3305,8224,5051,3838,3402,9870,5531,3940,3404,17.6993,-29.242,8.64849,47.896
22489,3066,3350,3461,3252,3309,3687,4053,3960,3624,4472,6658,5686,3776,4871,8434,6843,18.668,11.4343,8.93775,48.3347
22490,3219,3734,4715,6305,3422,3837,5422,9830,3223,3621,4431,6045,3186,3373,3932,3939,-7.72535,25.4457,8.92378,48.156
22491,3904,3666,3381,3219,5350,4370,3683,3374,9927,5258,3860,3293,7012,4930,3704,3359,10.0201,-32.5014,8.65371,48.1933
22492,3338,3928,5297,7593,3326,3976,5812,9278,3259,3598,4278,5036,3118,3394,3578,3599,-11.9893,23.9014,8.70759,48.272
22493,3073,3085,3450,3340,3186,3476,3875,4023,3464,3936,5320,6370,3417,4121,7334,10595,23.6328,19.9704,8.80078,48.0433
22494,5291,8801,6585,4285,4534,5773,4966,3948,3657,3947,3820,3499,3281,3365,3389,3205,-21.9133,-4.12811,8.55591,48.2307
22495,7915,5054,3857,3403,9629,5258,3713,3426,4945,4089,3532,3170,3598,3532,3279,3198,-12.3676,-31.3581,8.64034,47.732
22496,6781,8860,5043,3721,5352,6257,4397,3650,3818,3936,3698,3267,3403,3384,3257,3109,-20.2625,-10.9825,8.96424,47.9553
22497,3121,3189,3256,3378,3232,3414,3866,3939,3421,3955,4828,5823,3375,4137,7413,11343,30.5911,20.391,8.93006,47.7933
22498,4167,3895,3531,3217,6897,4594,3607,3339,9660,5170,3815,3280,5448,4500,3669,3215,4.28721,-32.5338,8.99978,48.0027
22499,3391,3456,3260,3217,3775,3821,3629,3399,5124,5311,4222,3617,7816,9611,5176,3634,28.4286,-12.0053,8.6861,48.306
22500,10063,7953,4336,3401,5966,5181,4068,3520,3999,3862,3465,3188,3363,3343,3301,3217,-24.5985,-18.126,8.61571,48.1507
22501,12569,5955,4007,3384,5922,4763,3861,3358,3854,3775,3527,3337,3318,3361,3251,3159,-30.176,-31.4029,8.70753,47.6007
22502,3210,3330,3381,3288,3441,3638,3766,3727,3752,4400,5196,4699,3928,6012,10052,6216,31.9343,7.23328,8.89913,48.024
22503,3147,3228,3505,3669,3195,3482,4246,4517,3385,3971,5786,7875,3404,4069,6193,8428,15.9245,20.5866,8.84115,48.0667
22504,3459,3572,3310,3055,4038,3975,3659,3375,5713,6510,4329,3594,7007,8285,4873,3715,19.0861,-11.9798,8.76294,48.3127
22505,3262,3192,3311,3422,3248,3597,3815,3919,3456,3922,5128,5588,3508,4485,8012,10083,29.0974,17.6808,8.72736,47.9653
22506,3224,3390,3321,3177,3650,3858,3551,3338,5078,5416,4258,3672,7089,9732,5488,3791,26.5643,-10.1822,8.65448,48.022
22507,3304,3654,4229,4473,3541,4061,5738,6595,3445,3955,5892,7338,3357,3642,4481,4677,1.19906,18.0404,8.79551,48.2547
22508,3346,3869,5005,5630,3418,4193,6727,8088,3341,3825,4946,5560,3186,3465,3859,4056,-6.87336,17.8178,8.63259,48.3427
22509,3419,3686,4341,4426,3551,4279,6504,6045,3478,4372,6475,6073,3345,3725,4388,4468,0.109306,13.8656,8.63872,48.3833
22510,12973,6053,3892,3336,5997,4646,3759,3367,3908,3737,3329,3261,3301,3292,3305,3198,-30.2449,-31.3681,8.95328,47.5693
22511,3211,3331,3297,3396,3315,3457,3809,3898,3501,3981,5171,5551,3469,4423,8238,9715,32.6978,16.9341,8.61423,47.842
22512,3356,3820,5772,10627,3419,3843,4997,7872,3127,3596,3821,4239,3008,3191,3468,3331,-19.1312,28.8667,8.55314,47.658
22513,6927,6368,4130,3506,7139,6896,4251,3547,4370,4367,3712,3337,3578,3523,3297,3183,-13.991,-15.8478,8.80209,48.0873
22514,3824,4946,6666,5132,3649,5200,7890,5306,3487,3983,4551,4117,3230,3453,3525,3422,-13.2174,7.56852,8.76096,48.254
22515,3386,3928,4931,4968,3588,4514,7504,6770,3424,4129,5372,5219,3284,3530,3990,4022,-5.44379,13.5522,8.9748,48.3727
22516,3530,3665,3637,3440,3839,4550,4614,3917,4302,6876,6924,4339,4201,5118,5279,4242,9.28701,0.456376,8.66219,48.3153
22517,3435,4089,6928,11783,3436,3776,4792,5995,3135,3514,3822,3927,3066,3265,3451,3465,-28.222,23.3119,8.53656,47.9193
22518,3115,3165,3457,3418,3266,3369,3871,3959,3367,3763,4788,6150,3380,3932,6210,12738,26.812,28.0534,8.9945,47.9653
22519,7849,5732,3949,3405,8403,5973,3921,3342,4808,4191,3530,3396,3616,3647,3335,3033,-13.4861,-20.8137,8.64895,48.0867
22520,3736,4492,4957,4256,3977,5691,7645,4762,3737,4505,5462,4263,3443,3693,4037,3674,-5.5867,5.28735,8.78023,48.22
22521,3474,3510,3331,3218,4417,3965,3662,3348,7743,5653,3920,3356,9297,6177,4033,3386,17.6273,-21.3312,8.67712,48.3267
22522,5172,6947,4940,3846,5397,7778,4941,3845,3936,4351,3941,3521,3510,3550,3381,3267,-13.5828,-7.49221,8.69496,48.2153
22523,3290,3779,4879,5898,3372,3997,6235,8899,3258,3734,4722,5784,3105,3363,3757,3975,-7.13671,20.477,8.62115,48.0313
22524,3953,5552,8070,5417,3832,4998,6924,4940,3424,3889,4069,3792,3170,3373,3478,3393,-17.53,6.51192,8.87848,48.1827
22525,3195,3302,3372,3477,3315,3593,3984,4302,3460,3831,5126,7994,3452,3943,5732,9674,17.2155,33.7439,8.52652,47.8347
22526,3856,4017,3774,3384,4897,6150,4393,3615,5409,7756,4881,3556,4505,4818,4118,3462,3.47406,-9.12748,8.88328,48.394
22527,4044,6118,8251,5357,3980,5021,6345,4671,3501,3800,4040,3769,3181,3319,3532,3380,-19.0987,4.89577,8.62802,48.206
22528,5369,4855,3870,3330,7516,6988,4165,3504,5492,5077,3919,3355,4105,3863,3545,3293,-6.24999,-16.0835,8.51505,48.164
22529,3314,3770,4395,4525,3484,4237,6391,6511,3571,4027,6168,6232,3266,3647,4363,4469,-0.769323,15.1465,8.53021,48.2467
22530,6960,4910,3795,3443,9889,5248,3730,3394,5481,4312,3618,3197,3881,3735,3406,3173,-9.68121,-28.5003,8.83174,48.1147
22531,4806,5994,4636,3587,5378,8047,5166,3771,4310,4742,4091,3552,3551,3643,3565,3252,-10.3993,-7.61382,8.69666,48.0607
22532,3114,3240,3446,3419,3279,3394,3732,3893,3433,3823,4773,6149,3388,3858,5994,12407,26.8752,28.724,8.63481,47.5613
22533,3189,3432,3414,3114,3702,3884,3782,3486,4479,5806,5088,4135,5135,8496,6642,4381,21.0668,-3.07325,8.78028,48.11
22534,3347,3646,3535,3419,3879,4565,4266,3780,4694,7291,6263,4104,4520,5856,5293,4099,10.9901,-2.50011,8.56907,48.3713
22535,5034,4334,3518,3295,8491,5313,3766,3367,7717,5035,3701,3222,4500,3967,3433,3175,-1.7371,-25.3416,8.72582,47.912
22536,3263,3358,3490,3455,3414,3888,4344,4042,3770,4957,7354,5191,3819,5136,7173,5425,14.6595,7.49256,8.63173,48.0527
22537,3949,5624,8745,5915,3682,4801,6074,4924,3330,3662,4023,3823,3197,3290,3309,3394,-20.438,7.06186,8.66963,47.828
22538,3278,3324,3339,3317,3531,3706,3839,3572,4297,4965,4843,4242,4698,8199,8165,4746,32.8305,0.0531805,8.53066,48.0407
22539,3160,3284,3348,3353,3237,3388,3890,3899,3380,3802,4983,6186,3485,4217,7224,11047,25.2842,20.5879,8.83401,47.922
22540,3359,3429,3522,3341,3517,4080,4202,3794,4069,5774,6934,4599,4107,5959,6730,4769,14.9934,2.92891,8.58535,48.1233
22541,8760,9250,4707,3526,5444,5229,4025,3467,3921,3720,3521,3407,3279,3323,3231,3087,-29.4388,-14.7092,8.94005,47.9313
22542,6104,9697,6259,4009,4569,5198,4467,3897,3652,3851,3731,3426,3335,3352,3274,3154,-31.6008,-6.42382,8.52796,47.9833
22543,3390,3538,3541,3309,3876,4390,4009,3524,4704,7127,5928,4090,4856,6487,5481,4046,13.6163,-3.41286,8.80009,48.1973
22544,3190,3389,3834,3940,3325,3692,4889,5344,3467,4159,6719,8037,3285,3957,5066,5740,7.68263,17.607,8.67549,48.022
22545,3509,3600,3672,3410,3852,4520,4485,3815,4377,6894,6783,4263,4210,5462,5392,4110,10.4885,-0.320358,8.67091,48.236
22546,3413,3769,6055,12557,3545,3769,4769,6376,3275,3335,3835,3949,3191,3140,3426,3461,-26.1652,30.1697,8.65986,47.91
22547,3232,3694,4663,5773,3250,3817,5499,9620,3272,3614,4708,6473,3127,3411,3885,4052,-5.76957,24.3647,8.98899,48.06
22548,4748,6493,5378,4009,4722,7504,5854,4082,3901,4286,4137,3519,3451,3520,3517,3253,-13.1836,-3.26117,8.97952,48.2493
22549,4624,4494,3695,3225,6935,6558,4057,3371,6251,5984,3921,3346,4298,4155,3598,3223,-1.50727,-15.7394,8.65722,47.8233
22550,5644,9445,6868,4282,4491,5234,4651,3906,3495,3707,3736,3454,3439,3292,3350,3105,-28.2799,-4.44811,8.69804,48.066
22551,3408,3453,3188,3172,3918,4027,3688,3468,5252,5980,4137,3549,7524,9104,5157,3747,22.4605,-11.7145,8.59362,48.5147
22552,3703,5165,9292,7679,3581,4243,5763,5231,3314,3614,3820,3920,3016,3308,3349,3333,-23.6321,11.9406,8.91055,48.2207
22553,3707,5175,9925,7548,3629,4076,5317,5101,3191,3432,3662,3773,3271,3290,3466,3308,-28.1672,11.2236,8.93284,47.914
22554,3253,3529,3986,4525,3351,3682,4889,7821,3343,3867,5012,8524,3278,3663,4403,5047,1.49054,32.6224,8.61231,48.1153
22555,4278,6776,9302,5646,3808,4753,5139,4461,3498,3635,3728,3632,3284,3422,3406,3301,-26.7271,4.36867,8.58787,48.046
22556,3284,3337,3466,3262,3584,3835,3874,3448,4210,5502,5490,4204,4631,7676,7642,4663,21.6851,0.141448,8.76251,48.072
22557,3037,3328,3606,3721,3317,3545,4213,5034,3397,3786,5333,9476,3315,3734,5084,7968,12.2536,27.2426,8.70731,47.9293
22558,3804,4589,4540,3880,4293,6598,6824,4429,4027,5237,5346,4082,3575,3786,3849,3604,-4.49113,0.873213,8.94899,48.3087
22559,3337,3340,3289,3302,3600,3955,3658,3416,4337,5086,4923,4030,5103,8817,7358,4311,33.9835,-2.39769,8.75459,47.908
22560,10679,6416,4153,3494,7088,5171,3818,3430,4119,3932,3520,3269,3512,3491,3356,3079,-20.9755,-23.1769,8.68464,48.3513
22561,4207,3944,3541,3144,7241,4882,3737,3332,9181,5013,3904,3339,5279,4312,3689,3333,3.12701,-33.1039,8.69124,48.052
22562,4246,4364,3850,3419,5468,7009,4640,3606,5425,6817,4408,3655,4189,4294,3842,3312,-0.255822,-10.2985,8.93593,48.3627
22563,4514,4722,3891,3478,5906,7586,4663,3639,5065,6036,4164,3548,4020,4069,3637,3361,-3.26434,-10.8525,8.56306,48.1993
22564,4355,4970,4040,3667,5407,7795,5079,3735,4639,5808,4263,3568,3917,4071,3647,3396,-4.56066,-7.94135,8.54464,48.238
22565,3337,3367,3345,3246,3780,3811,3598,3410,4559,5240,4506,3813,6114,9674,6005,3865,32.0782,-7.03345,8.55762,47.78
22566,5156,5087,4018,3531,7003,7285,4547,3526,5165,5309,3936,3464,4004,3861,3531,3202,-6.29236,-14.1875,8.9259,48.4167
22567,3138,3269,3547,3649,3374,3637,4214,5080,3246,3847,5390,9480,3367,3839,5172,7815,12.347,25.6353,8.75818,48.0427
22568,3589,3416,3241,3145,4282,3862,3437,3212,8091,4966,3865,3335,10396,5745,3826,3332,18.4616,-29.3553,8.88511,47.8267
22569,3708,4699,8472,8086,3416,4083,5784,5873,3311,3692,3888,4110,3165,3215,3458,3467,-21.3461,14.5504,8.86518,48.2847
22570,3108,3262,3513,3670,3362,3461,4069,4660,3321,3812,5064,8819,3403,3965,5291,9206,15.5366,30.2382,8.53086,47.9907
22571,9710,5500,3862,3313,8509,5137,3923,3412,4432,4034,3514,3258,3558,3410,3234,3158,-16.8389,-29.0405,8.83229,47.976
22572,3375,3908,5127,5055,3604,4422,7604,6725,3452,3894,5338,5028,3218,3520,3830,3892,-6.30007,13.1941,8.7823,47.9947
22573,3116,3142,3350,3211,3369,3667,3827,3773,3776,4400,5283,4833,3949,5824,9960,6615,28.2219,8.31798,8.7079,48.0633
22574,12616,6098,3862,3343,5943,4792,3693,3450,3819,3665,3381,3216,3330,3328,3368,3113,-31.0008,-32.5969,8.91875,47.3447
22575,3518,3452,3240,3107,4325,4130,3532,3211,7296,5662,4055,3483,8672,6642,4126,3558,17.6618,-19.5193,8.75295,48.006
22576,3188,3369,3235,3171,3623,3728,3770,3439,4349,5277,4857,4125,5141,8785,7584,4429,27.0172,-1.96773,8.80333,48.0467
22577,4414,5512,5061,4133,4534,7256,6457,4075,3918,4563,4412,3734,3367,3610,3502,3434,-10.1438,-2.16417,8.76622,47.988
22578,3712,4759,7184,6001,3681,4609,7330,5793,3402,3737,4210,4203,3196,3227,3630,3491,-14.8482,10.6956,8.79627,48.11
22579,3328,3416,3175,3124,3879,3839,3581,3269,5399,5013,4056,3422,9235,8809,4586,3529,30.6129,-15.8485,8.9025,47.7733
22580,4319,4048,3535,3276,6500,4967,3746,3213,8747,5999,3857,3408,5164,4689,3757,3288,4.11485,-20.9629,8.76329,48.342
22581,3619,4324,6059,5623,3569,4632,8017,6225,3390,3876,4751,4514,3247,3348,3739,3633,-11.0358,11.6544,8.84536,48.3773
22582,3581,4901,9151,8365,3625,4188,5400,5366,3380,3581,3782,3948,3089,3251,3334,3365,-26.6793,13.7329,8.5833,48.2047
22583,4201,4759,4259,3706,4663,7493,5909,4021,4344,5688,4804,3720,3737,3884,3730,3521,-4.52745,-3.782,8.70746,48.2927
22584,3415,3599,3575,3500,3507,4061,4623,4107,3862,5229,7917,5267,3737,4706,6361,4972,11.3837,7.14959,8.80672,48.292
22585,3154,3393,3663,3749,3230,3694,4343,5038,3400,3917,5844,9203,3230,3858,5186,7431,11.5549,22.9051,8.93956,48.222
22586,3261,3409,3739,3636,3546,3869,4695,4276,3666,4919,7947,5864,3598,4559,6142,5184,10.854,9.23197,8.53167,48.2067
22587,3332,3485,3934,3893,3507,4080,5516,4822,3682,4603,7874,6248,3396,4163,5109,4752,5.87138,11.4719,8.94464,48.264
22588,5300,9499,7101,4157,4470,5139,4723,3861,3619,3758,3675,3532,3226,3344,3323,3142,-30.245,-3.91254,8.93092,47.9127
22589,3278,3507,4045,4687,3339,3768,5021,8002,3508,3765,4889,8327,3436,3611,4317,4795,0.622219,32.9327,8.77412,48.1967
22590,5432,8125,5785,4025,4759,6505,5052,3863,3741,4069,3840,3546,3361,3425,3346,3126,-18.443,-5.90093,8.61907,48
22591,3424,4136,7946,10368,3403,3918,5082,5624,3257,3561,3906,3871,3144,3429,3346,3466,-33.5083,18.3274,8.86266,47.9207
22592,3145,3267,3609,3723,3205,3460,4199,5249,3321,3645,5239,9842,3410,3817,5222,7565,11.2358,32.1402,8.94095,47.9453
22593,3587,3571,3354,3240,4057,4427,3918,3583,5314,7570,5108,3845,5241,6790,4761,3821,13.2786,-7.51462,8.57033,48.1247
22594,4431,7371,8674,5163,4124,5000,5371,4342,3543,3764,3790,3679,3182,3392,3391,3146,-24.1172,2.16773,8.85881,48.242
22595,3015,3137,3458,3441,3220,3493,3892,4105,3424,3869,5064,6896,3455,3955,6278,11148,22.0284,24.5261,8.91685,47.9
22596,3380,4450,8241,9681,3407,4170,5025,5478,3403,3525,3781,3969,3188,3294,3394,3303,-30.6897,17.0197,8.62295,47.7927
22597,3346,3422,3348,3189,3737,3777,3499,3310,5485,5234,4056,3545,9085,8920,4649,3585,27.5711,-15.0523,8.9605,48.1247
22598,3492,3890,6335,12174,3278,3707,4789,6060,3202,3433,3609,3913,3141,3235,3361,3463,-30.2854,26.6716,8.52212,47.388
22599,3243,3470,3793,3756,3450,3786,4696,4482,3635,4513,7712,6345,3575,4241,6104,5664,11.3943,12.5005,8.78869,48.31
22600,3717,4178,5648,5113,3634,4553,7860,6265,3423,4022,5133,4568,3179,3454,3872,3750,-9.04842,11.3383,8.59691,48.246
22601,10728,5663,3977,3375,7880,4992,3705,3381,4233,3834,3406,3193,3493,3404,3303,3107,-18.9802,-27.8422,8.95007,47.7827
22602,3450,4245,7581,10397,3508,3954,5167,6067,3229,3549,3753,4041,3068,3275,3337,3456,-25.7106,19.4584,8.66139,48.0513
22603,4867,4822,3921,3442,6539,7608,4380,3650,5346,5524,3961,3458,3976,3961,3628,3180,-4.81203,-13.6267,8.56283,48.1753
22604,8899,5337,3822,3272,9006,5036,3919,3302,4758,4178,3602,3226,3505,3526,3355,3121,-14.6864,-29.6715,8.78967,47.9093
22605,5711,6268,4258,3617,6479,7760,4605,3586,4376,4518,3735,3345,3565,3635,3484,3176,-11.8181,-12.3338,8.82733,48.0787
22606,3363,3458,3309,3132,4024,3788,3499,3194,5983,4820,3728,3365,12074,6561,3968,3371,31.2629,-23.6198,8.62601,47.758
22607,3515,3980,6021,12502,3448,3736,4829,6334,3222,3341,3769,3916,3092,3274,3362,3468,-27.4519,27.0676,8.60606,47.8727
22608,3813,4142,4075,3705,4233,5925,5696,4078,4318,6130,5982,4237,3827,4281,4122,3772,0.72118,-0.47891,8.58929,48.224
22609,12042,6119,4007,3414,6480,4753,3747,3339,3997,3879,3456,3123,3448,3258,3255,3078,-24.5846,-31.9176,8.56665,47.5967
22610,4778,4541,3911,3434,6958,6723,4277,3566,5812,5704,4065,3383,4251,4067,3614,3383,-2.7644,-15.723,8.64539,48.3113
22611,9685,5620,3830,3376,8627,5177,3745,3395,4560,4014,3492,3343,3615,3389,3227,3090,-16.6031,-28.6641,8.88032,48.1233
22612,5287,4478,3743,3287,8446,6283,3880,3410,6289,5335,3617,3341,4097,3936,3497,3273,-4.01568,-19.4688,8.94239,48.1327
22613,3331,4033,6936,11611,3314,3851,4889,5859,3225,3506,3907,3857,3141,3305,3417,3418,-32.7473,22.336,8.78188,47.7333
22614,3395,3919,5179,5182,3473,4397,7530,6947,3399,4024,5306,5027,3222,3515,3850,3842,-6.9133,13.9686,8.74594,48.138
22615,3771,5207,9306,7063,3708,4375,5628,5241,3324,3618,3937,3806,3136,3248,3458,3271,-23.8408,11.0981,8.55273,48.0647
22616,3649,5031,8794,7250,3622,4306,6035,5550,3123,3677,4084,4006,3086,3281,3434,3414,-20.9111,12.3553,8.61078,48.228
22617,3357,3525,4300,5195,3338,3779,5236,8860,3290,3792,4785,7266,3212,3479,3987,4340,-2.8051,25.8874,8.82776,47.8273
22618,3141,3180,3410,3514,3224,3496,3865,3885,3491,4082,5124,5515,3438,4406,8359,9900,31.8973,17.07,8.71995,48.02
22619,6079,4733,3753,3346,9691,5287,3811,3401,5964,4434,3699,3263,3973,3818,3497,3200,-7.07678,-33.0627,8.63953,47.966
22620,3161,3217,3310,3349,3286,3384,3672,3746,3412,3696,4748,5954,3367,3981,6170,12742,28.0467,33.6834,8.96235,47.4633
22621,3128,3257,3559,3737,3385,3547,4320,5300,3279,3825,5181,9818,3410,3828,4987,7277,11.0756,31.6219,8.70799,47.892
22622,3426,3871,5544,9766,3438,3809,5143,8458,3235,3596,3913,4520,3156,3245,3513,3530,-16.6689,30.7921,8.81662,48.1087
22623,3453,3865,5145,7393,3437,3986,5816,9368,3211,3580,4467,5164,3101,3297,3674,3710,-11.5052,23.441,8.88036,48.4447
22624,5953,9769,6347,4106,4740,5236,4574,3852,3704,3807,3660,3427,3321,3300,3383,3250,-29.7561,-6.24515,8.50153,48.286
22625,6877,4983,3770,3308,9961,5414,3900,3310,5565,4336,3631,3235,3808,3630,3379,3128,-9.82824,-27.4377,8.93478,48.1567
22626,4289,7273,9047,5531,3985,4757,5337,4387,3514,3669,3874,3616,3273,3338,3327,3293,-26.8105,3.29691,8.62006,48.34
22627,3281,3566,3295,3131,3879,3991,3655,3223,5159,5908,4370,3549,7183,9304,5285,3813,22.457,-10.7613,8.99641,48.3947
22628,3491,3756,3750,3537,3758,4769,5144,3997,4092,6464,7234,4476,3921,4610,4914,4195,6.30883,1.61411,8.88747,48.072
22629,12671,6059,3928,3335,5924,4881,3840,3336,3978,3806,3365,3289,3359,3401,3252,3160,-33.1696,-26.8122,8.64004,47.7227
22630,3418,3642,3983,3936,3613,4381,5981,4746,3635,4841,7981,5481,3612,4050,4883,4369,4.0968,8.90928,8.7968,48.368
22631,3250,3249,3328,3334,3232,3452,3758,3892,3458,3793,4763,5904,3334,3958,5781,12622,27.6069,33.3451,8.8705,47.4053
22632,3152,3489,3577,3525,3499,3964,4420,4198,3865,5120,7567,5370,3726,4877,6676,5062,12.8289,8.18454,8.53982,48.058
22633,3596,3960,3921,3590,4130,5667,5371,4052,4382,6592,6267,4215,3893,4418,4280,3862,2.82199,-0.696462,8.85159,48.1307
22634,3126,3251,3377,3427,3287,3442,3853,3949,3324,3826,4758,6009,3437,4031,6620,12077,31.445,23.8948,8.75417,47.8627
22635,3531,4536,8174,9619,3463,4050,5291,5928,3301,3449,3866,3810,3036,3229,3336,3375,-25.0131,17.1877,8.67084,47.996
22636,7040,4941,3812,3370,9787,5263,3827,3362,5488,4387,3587,3258,3901,3606,3336,3154,-9.69004,-31.033,8.83838,48.0793
22637,3368,3949,6134,10169,3280,3842,5236,7471,3353,3524,3897,4277,3152,3273,3424,3424,-19.0585,24.107,8.60962,47.8487
22638,3954,3877,3526,3233,5686,5026,3892,3344,7971,6638,4113,3447,5362,5011,3821,3451,6.19269,-17.6229,8.82664,48.2347
22639,3809,4986,7556,5774,3816,4733,7076,5410,3543,3784,4162,3996,3200,3387,3548,3479,-16.2885,8.65662,8.88506,48.1727
22640,3485,4113,6625,9257,3475,3866,5389,7378,3261,3495,3979,4332,3100,3357,3444,3507,-18.3692,20.9033,8.57475,48.042
22641,12397,5966,3880,3422,5986,4599,3691,3437,3907,3792,3387,3324,3287,3386,3317,3188,-32.3595,-33.4378,8.70913,47.3107
22642,5323,4382,3560,3282,9567,5223,3853,3425,6851,4601,3573,3390,4226,3964,3414,3236,-4.36912,-33.5311,8.92353,47.9133
22643,3323,3475,3272,3155,4222,4038,3542,3298,7729,4977,3756,3363,10760,5544,3998,3344,19.0023,-31.1028,8.79914,47.864
22644,3773,4000,3627,3331,4421,5443,4266,3606,5154,8156,5164,3872,4456,5013,4348,3761,5.78919,-6.55579,8.94289,48.2607
22645,10533,7811,4344,3420,5703,4874,3979,3462,3887,3823,3505,3297,3420,3468,3178,3049,-27.7968,-19.1482,8.76437,47.8353
22646,3105,3222,3513,3663,3404,3704,4291,4279,3546,4259,7095,6674,3592,4387,6772,6602,14.4245,14.1825,8.86506,48.072
22647,4413,4622,3822,3488,5745,6988,4396,3604,5464,6551,4393,3512,4211,4380,3676,3281,-0.738224,-11.178,8.86275,48.364
22648,12387,6130,3980,3360,6234,4806,3749,3326,3979,3683,3533,3263,3298,3393,3193,3181,-26.9569,-28.8912,8.53259,47.6633
22649,3291,3517,3971,3954,3486,4153,5545,5106,3599,4654,7695,6381,3496,3995,4878,4802,5.12347,11.6912,8.82745,48.3487
22650,4584,5933,4998,3971,5000,7879,5811,4045,3966,4661,4127,3598,3568,3508,3664,3295,-10.7201,-4.59676,8.83676,48.4053
22651,3394,4122,6925,10495,3469,3843,5142,6497,3289,3490,3856,4099,3055,3269,3436,3492,-22.8478,21.3477,8.5177,47.9153
22652,3228,3244,3427,3411,3212,3378,3711,3946,3438,3754,4704,6120,3364,3821,5958,12626,28.3894,31.5735,8.51507,47.5613
22653,11697,6853,4033,3411,5937,4931,3764,3446,4049,3838,3444,3126,3458,3388,3268,3091,-30.2649,-22.8419,8.51606,47.8227
22654,9442,5577,3890,3384,8545,5095,3929,3384,4628,4037,3515,3177,3582,3438,3396,2987,-16.4363,-28.4679,8.52421,48.004
22655,11871,6811,4040,3492,5906,4801,3902,3287,3956,3729,3479,3223,3481,3345,3220,3054,-30.1362,-21.9991,8.69285,47.7313
22656,3397,3920,5873,12785,3396,3695,4651,5971,3289,3339,3708,3814,3154,3303,3342,3274,-29.4281,32.0145,8.75384,47.274
22657,3482,3364,3247,3130,3970,3852,3541,3280,5723,5000,3874,3487,10292,7914,4346,3505,29.73,-18.24,8.53145,48.0047
22658,3746,3989,3854,3571,4196,5520,5032,3930,4557,7023,6119,4028,3993,4678,4482,3743,3.78241,-2.13049,8.68737,48.3073
22659,6043,4604,3706,3248,9693,5611,3833,3297,6228,4621,3720,3302,4050,3776,3298,3223,-6.56559,-24.8341,8.98995,48.1687
22660,3318,3518,4413,5593,3312,3769,5312,9608,3245,3816,4680,6981,3141,3419,3837,4343,-4.37197,26.8206,8.64316,48.2033
22661,5205,4645,3687,3320,8372,5906,3891,3476,6531,5093,3793,3452,4306,3937,3430,3171,-3.44639,-20.4549,8.84622,48.1433
22662,4038,3808,3432,3099,5970,4631,3697,3369,9273,5869,3878,3357,6113,4685,3754,3360,6.97154,-22.543,8.93126,48.222
22663,3213,3319,3234,3437,3111,3626,3897,4070,3396,4168,5520,6388,3541,4349,7411,9168,20.9787,17.9901,8.73587,47.8987
22664,3638,4158,3900,3557,4264,5754,5160,3818,4402,7035,5976,4004,3999,4473,4243,3822,3.19214,-2.42108,8.75598,48.1353
22665,3363,3724,4148,4104,3621,4177,6250,5242,3578,4543,7311,5773,3395,3925,4548,4467,2.94048,10.9523,8.60914,48.1127
22666,3163,3354,3908,3986,3247,3684,4522,5662,3449,3993,6005,9070,3366,3720,5072,6279,8.35506,21.1008,8.58184,48.32
22667,9126,8376,4616,3492,5770,5548,4092,3460,4068,3884,3583,3291,3376,3284,3263,3054,-23.2898,-15.8204,8.67533,48.1887
22668,3327,3666,3637,3456,3817,4631,4790,4034,4050,6430,7273,4440,4005,4993,5284,4287,8.32883,1.75727,8.54664,48.08
22669,3526,3401,3288,3114,4443,3934,3557,3254,8031,5411,3870,3466,9592,6024,3910,3424,17.1966,-23.5208,8.70061,48.1633
22670,11127,5786,3839,3369,7701,4958,3797,3377,4354,3909,3433,3178,3478,3452,3172,3014,-19.7236,-30.061,8.99499,47.9627
22671,3043,3187,3423,3413,3188,3426,3864,4024,3320,3798,4674,6405,3336,3986,6412,12081,25.2455,26.3627,8.71733,47.72
22672,9628,5617,3898,3424,8276,5268,3842,3433,4475,4035,3516,3195,3673,3442,3249,3078,-16.7648,-28.0555,8.77951,48.0327
22673,4475,4620,3784,3364,6382,6899,4326,3449,5649,6067,4087,3496,4177,4064,3707,3395,-2.36589,-13.444,8.8187,47.9607
22674,3485,4226,5581,4983,3655,4737,8246,6040,3394,4033,4965,4520,3200,3436,3791,3666,-8.63301,10.5591,8.78677,47.972
22675,3653,4335,6112,5388,3674,4663,7939,6187,3447,3792,4719,4389,3272,3468,3650,3742,-10.6697,11.2094,8.76048,48.2867
22676,4259,3940,3552,3054,6897,4727,3633,3297,9237,5187,3817,3329,5635,4412,3650,3227,4.24119,-26.1927,8.74458,47.902
22677,11259,5903,4034,3373,7062,4972,3782,3427,4028,3899,3418,3234,3487,3411,3166,3055,-21.0844,-33.7333,8.77809,47.6733
22678,5386,6837,4887,3780,5331,7570,5074,3840,4019,4442,3928,3628,3449,3585,3476,3228,-13.614,-8.19271,8.74519,48.3067
22679,3304,3467,3274,3203,3789,3785,3638,3389,4605,5766,4741,3820,6081,9451,5995,4033,23.6075,-6.37288,8.94079,48.2273
22680,3507,4170,5859,5184,3654,4670,7964,6258,3471,3965,4818,4452,3302,3487,3711,3710,-9.58858,11.3214,8.69408,48.1213
22681,4491,3982,3484,3235,7312,4929,3764,3336,8880,5166,3820,3285,5169,4299,3579,3337,2.24879,-25.5143,8.81562,48.0453
22682,3623,4282,5069,4591,3781,5238,8135,5303,3626,4348,5475,4331,3325,3657,3835,3682,-6.118,7.55117,8.74267,48.2007
22683,3492,3903,5957,12585,3328,3769,4752,6146,3242,3458,3707,3984,3092,3115,3343,3343,-27.2688,31.9022,8.81612,47.4773
22684,3200,3278,3346,3396,3177,3442,3810,3923,3416,3825,4756,6230,3502,3904,6067,12609,25.9806,33.2664,8.64493,47.9207
22685,3392,3495,3108,3085,4331,4098,3502,3337,7718,5175,3872,3303,10444,5908,3958,3401,19.1751,-33.685,8.56456,48.0847
22686,9617,8532,4504,3476,5473,5087,4005,3423,3856,3764,3525,3225,3499,3431,3269,3122,-29.7692,-16.3813,8.66919,47.872
22687,4729,4010,3575,3194,8192,4924,3727,3301,8399,5051,3655,3353,4881,4195,3615,3212,0.386156,-26.8924,8.80021,48.0087
22688,3778,5339,9752,7472,3674,4250,5305,4979,3255,3563,3749,3853,3034,3195,3402,3367,-28.6157,10.7328,8.95968,47.978
22689,3642,4190,4196,3770,4099,5826,6490,4200,4037,5740,6123,4140,3629,4161,4247,3702,-0.220768,1.4082,8.9314,48.128
22690,3385,3516,4475,5660,3389,3761,5149,9557,3373,3549,4624,6620,3249,3426,3935,4300,-5.00442,32.7746,8.64139,47.9787
22691,6269,9901,6022,3842,4649,5409,4432,3709,3584,3832,3653,3394,3242,3414,3365,3201,-27.6934,-7.67676,8.67195,47.9453
22692,3025,3289,3424,3537,3338,3449,4056,4412,3431,3928,5544,7742,3518,3999,6323,8845,17.057,21.2656,8.65083,47.9067
22693,3093,3195,3253,3370,3175,3419,3808,3917,3432,3873,4886,6639,3432,3925,5942,12069,23.8644,33.9475,8.75132,47.6187
22694,3086,3286,3356,3416,3232,3551,3936,3937,3467,4034,5011,5715,3350,4195,7612,10892,31.3301,19.2568,8.85646,48.0507
22695,3197,3243,3350,3390,3314,3387,3829,3930,3422,3839,4635,6031,3401,3848,5932,12692,31.6568,32.8055,8.99513,47.6267
22696,3538,4083,5728,7315,3493,4058,6155,8276,3417,3681,4259,4661,3157,3281,3582,3615,-12.8974,19.7683,8.55865,48.1993
22697,3130,3274,3320,3408,3240,3517,3880,3916,3320,3828,4778,6436,3344,4088,6202,12676,25.8158,27.1336,8.86445,48.238
22698,3729,3586,3332,3140,4937,4300,3600,3225,9124,5626,3875,3357,7568,5234,3908,3240,12.1952,-24.1184,8.64641,47.854
22699,3203,3469,4022,4597,3364,3729,4856,7628,3446,3728,4952,8696,3253,3587,4240,4953,1.4636,31.1702,8.72864,47.8153
22700,5369,4367,3628,3297,8832,5276,3922,3292,7126,4784,3826,3398,4427,4005,3435,3169,-2.9076,-24.9498,8.79011,48.102
22701,3430,3478,3317,3140,3807,4023,3862,3498,4769,6510,5297,4066,5223,7807,5885,4093,17.7881,-4.41632,8.50063,48.1367
22702,9759,6753,4161,3405,7142,5461,3933,3475,4184,3817,3617,3209,3395,3534,3214,2984,-19.6178,-20.6905,8.68052,48.0287
22703,3314,3763,5094,6953,3440,3774,5396,9769,3336,3590,4367,5425,3122,3305,3668,3796,-10.1135,32.5889,8.60279,48.0747
22704,3286,3409,3372,3277,3576,3784,3707,3557,4190,5166,5088,4064,4885,8343,8043,4672,26.5569,-0.626065,8.52744,48.2793
22705,3548,4375,8410,9363,3500,4007,5277,5802,3367,3467,3774,3952,3022,3303,3354,3457,-25.4767,16.2469,8.85509,47.9853
22706,12513,6288,3897,3376,6390,4767,3737,3433,3876,3741,3498,3242,3452,3305,3219,3100,-27.8861,-26.9138,8.80676,47.8893
22707,3945,3756,3367,3073,5955,4384,3515,3299,9812,5247,3801,3368,6444,4891,3768,3074,7.68453,-27.2246,8.81391,47.7993
22708,3403,3722,4752,5422,3418,3992,6489,8417,3343,3951,5034,6149,3174,3369,3939,4145,-5.25399,19.13,8.74355,48.4793
22709,3647,3466,3341,3018,4462,4178,3643,3335,7303,6349,4053,3466,7647,6463,4214,3499,15.4711,-17.4172,8.675,48.056
22710,3061,3205,3556,3345,3390,3675,4027,3982,3705,4503,6652,5448,3651,5092,8252,6503,18.4343,10.4041,8.9225,48.0313
22711,3459,3479,3263,3075,4224,3940,3529,3290,7634,5284,3926,3407,10073,6098,3978,3389,18.8897,-24.0112,8.60831,48.032
22712,3455,4116,5698,6461,3428,4226,6991,7800,3331,3825,4626,4907,3115,3376,3735,3786,-10.8964,17.044,8.74764,48.584
22713,6045,4630,3726,3364,9853,5151,3747,3431,6259,4512,3639,3292,4124,3817,3411,3323,-6.36438,-31.4454,8.75732,48.216
22714,9458,8744,4533,3552,5569,4975,4052,3607,3836,3758,3520,3235,3474,3341,3240,3134,-31.851,-16.1664,8.93531,48.0187
22715,3130,3234,3664,3624,3273,3706,4202,4669,3419,3952,6287,8172,3503,4054,5965,7486,13.4862,19.2041,8.81901,48.2267
22716,6777,4863,3742,3168,10042,5340,3902,3354,5651,4446,3608,3285,3871,3675,3278,3262,-9.10882,-26.7057,8.80533,48.176
22717,3408,3657,3475,3242,3824,4278,3874,3523,5002,7059,5315,3895,5229,7423,5450,3973,15.9577,-5.4407,8.68567,48.418
22718,3197,3319,3433,3324,3490,3663,3747,3659,3809,4531,5327,4800,4015,5966,9907,6279,32.6639,7.66035,8.6808,48.3107
22719,3082,3265,3319,3398,3259,3508,3786,4116,3478,3995,5210,6118,3474,4333,7496,10324,24.4403,19.3446,8.61553,48.1073
22720,3516,3615,3296,3040,4213,3955,3538,3269,7361,5509,3969,3196,9437,6414,4007,3467,18.5438,-21.6689,8.61762,47.868
22721,3130,3300,3470,3560,3188,3533,4019,4328,3410,3998,5667,7534,3557,4015,6350,9080,17.4766,21.0458,8.50917,48.0927
22722,7505,9534,5331,3843,5083,5427,4288,3543,3783,3954,3600,3398,3406,3394,3206,3241,-26.2311,-11.3246,8.87376,48.3573
22723,3504,3468,3243,3064,4963,4242,3532,3343,9141,5259,3884,3309,8082,5360,3863,3303,13.1184,-25.7761,8.55133,47.7067
22724,3374,3382,3428,3330,3770,3907,3942,3513,4295,5693,5497,4208,4911,7664,7357,4427,20.4714,-0.705318,8.60528,48.4653
22725,3380,3634,3931,3936,3465,4116,5624,5046,3700,4439,7816,6162,3466,3975,4921,4704,5.12162,11.8421,8.73089,48.21
22726,3847,5387,7383,5251,3774,5073,7220,5147,3514,3924,4206,3948,3150,3526,3397,3423,-15.401,7.01474,8.66807,48.1133
22727,3320,3353,3385,3220,3707,3787,3661,3402,4730,5124,4536,3782,6248,9966,5978,4017,31.925,-7.22795,8.99681,48.144
22728,3474,3877,5643,10870,3391,3718,5024,7598,3323,3564,3911,4244,3088,3253,3323,3529,-19.9281,31.3393,8.72272,47.8867
22729,3040,3196,3442,3335,3188,3447,3959,4305,3286,3922,5292,7722,3389,3979,6314,10389,19.2572,23.1991,8.94403,48.1367
22730,4210,3972,3484,3156,6530,4710,3611,3428,9442,5406,3748,3432,5628,4559,3708,3271,4.95971,-25.3714,8.59491,48.1967
22731,3225,3371,3479,3232,3559,3746,3968,3659,3998,5139,5850,4471,4333,6597,8353,5259,21.068,3.40258,8.57264,48.1593
22732,5849,5328,3873,3435,8043,6918,4105,3401,5245,4888,3802,3372,3809,3695,3418,3189,-8.4921,-17.3732,8.63426,48.2467
22733,3299,3368,3341,3138,3759,3990,3745,3493,4905,6151,4745,3837,5666,8983,5783,4157,19.9367,-6.14759,8.95661,48.24
22734,4746,7866,7943,4909,4169,5368,5343,4222,3514,3877,3736,3541,3294,3346,3400,3229,-22.2819,0.113027,8.95998,48.3353
22735,3430,3544,3387,3279,4103,4363,3727,3442,5525,7701,4781,3653,5646,7160,4792,3819,14.4808,-9.39004,8.83923,48.2347
22736,3330,3344,3356,3130,3700,3803,3593,3341,4855,5694,4574,3791,6227,9514,5922,4051,23.7851,-7.53794,8.54811,48.15
22737,11983,6642,4017,3479,6214,4776,3806,3343,3939,3799,3505,3222,3389,3238,3217,3129,-26.2094,-24.4305,8.63361,47.7987
22738,3208,3219,3430,3394,3277,3585,3883,4012,3562,4118,5201,5232,3502,4706,8856,8636,32.6546,14.2902,8.66647,47.8807
22739,3182,3341,3400,3156,3743,3810,3758,3520,4443,5255,4909,4044,5354,9067,6959,4266,26.0902,-3.61931,8.63407,48.138
22740,3290,3942,6230,9168,3458,3964,5582,7708,3231,3607,4072,4441,3075,3358,3485,3586,-17.212,21.8692,8.51238,48.1313
22741,3769,4823,7751,6385,3720,4504,6946,5736,3339,3683,4265,3966,3231,3350,3351,3447,-16.7694,11.3806,8.86806,48.1773
22742,3158,3276,3203,3287,3299,3727,3916,3748,3911,4541,5614,4646,3978,6189,9864,5908,25.4258,6.53275,8.92405,48.1767
22743,3307,4026,6617,11774,3329,3875,4890,6471,3209,3462,3904,3943,3193,3219,3365,3410,-25.3255,24.0593,8.72425,47.996
22744,10726,7937,4198,3388,5773,5014,3827,3352,3894,3757,3532,3210,3345,3417,3223,3211,-29.3606,-19.1102,8.91106,47.8693
22745,3423,3370,3182,3045,4030,4032,3578,3447,5771,6011,4244,3598,7930,8491,4575,3720,20.4692,-14.3314,8.96792,48.298
22746,4841,4240,3493,3275,8059,5018,3693,3318,8414,4937,3740,3368,4838,4199,3578,3239,0.262218,-30.1012,8.94194,48.1667
22747,4255,3953,3466,3258,6847,4579,3646,3315,9438,5046,3909,3339,5531,4393,3711,3328,4.11729,-31.6572,8.58355,48.0093
22748,10744,7545,4335,3513,6205,4993,3996,3477,3929,3916,3380,3221,3434,3398,3191,3057,-25.1425,-19.741,8.78157,48.2227
22749,5175,4358,3592,3367,8867,5608,3885,3401,6953,4932,3866,3316,4423,3915,3498,3124,-3.44784,-22.8966,8.8587,48.1867
22750,3180,3461,4097,4472,3259,3749,4792,7340,3330,3807,5310,8720,3378,3685,4456,5291,2.22545,25.0574,8.51882,48.218
22751,6662,6067,4023,3468,7591,6824,4061,3564,4843,4476,3715,3384,3741,3565,3331,3171,-12.1772,-16.755,8.98033,48.324
22752,5872,6453,4371,3600,6320,7709,4629,3635,4414,4496,3730,3354,3691,3646,3392,3088,-12.1752,-11.9078,8.70425,48.2667
22753,3219,3486,4023,4331,3402,3983,5222,6187,3410,4016,6248,7952,3346,3809,4632,5016,3.78872,18.8987,8.70977,48.188
22754,4638,4109,3563,3211,8013,4928,3736,3282,8569,4927,3755,3361,4983,4186,3630,3277,0.929184,-29.4957,8.70351,48.112
22755,4028,6069,9644,6190,3692,4580,5646,4745,3411,3692,3864,3669,3053,3325,3369,3204,-24.2361,6.98293,8.6917,48.1207
22756,4025,4123,3792,3327,5197,6106,4353,3573,5807,7451,4562,3567,4453,4756,4006,3530,3.23153,-10.3227,8.5553,48.4187
22757,3102,3152,3398,3348,3187,3470,3784,4045,3399,3797,4802,6219,3420,3969,6506,12355,26.3195,25.9385,8.7718,47.9687
22758,3335,4005,6457,10808,3445,3995,5167,7113,3177,3440,3893,4145,3061,3322,3386,3348,-20.9076,23.5889,8.87724,48.0647
22759,5196,9175,7128,4374,4289,4967,4720,4037,3714,3757,3724,3460,3350,3382,3419,3189,-32.9507,-3.1086,8.6544,47.9207
22760,3340,3938,6416,12363,3300,3800,4854,6038,3193,3552,3802,4021,2992,3215,3440,3427,-28.6418,25.6609,8.81367,47.794
22761,4798,7227,6535,4374,4346,6424,5741,4184,3734,3904,3901,3486,3399,3436,3488,3254,-17.3708,-1.80194,8.51354,48.154
22762,4224,5390,5386,4187,4264,6920,6822,4450,3793,4544,4506,3715,3376,3651,3634,3321,-9.81141,-0.054389,8.76237,48.122
22763,3286,3555,3947,3917,3506,3999,5378,4823,3645,4353,7724,6709,3438,4025,5221,4970,6.49226,12.6411,8.88451,48.3307
22764,3313,3547,3670,3537,3685,4436,4658,3860,4149,6298,7489,4629,4060,5036,5510,4288,9.26751,2.3339,8.97046,48.11
22765,5038,8050,6790,4387,4363,5866,5356,4081,3652,4008,3841,3607,3267,3336,3435,3345,-19.9381,-2.61958,8.53383,48.2813
22766,3605,3832,3891,3639,3823,5263,5173,4004,4133,6836,6814,4348,4030,4547,4521,3931,4.38173,-0.290375,8.7453,48.26
22767,3500,4096,5995,7105,3407,3990,6549,7938,3279,3646,4302,4782,3061,3254,3560,3599,-13.3403,18.1391,8.93221,48.042
22768,4831,8404,7558,4648,4217,5187,4980,4280,3571,3813,3758,3605,3257,3378,3415,3279,-24.3381,-1.08231,8.98115,48.1207
22769,3937,5997,9654,6322,3798,4490,5628,4782,3431,3645,3833,3740,3209,3320,3421,3325,-24.6024,7.70297,8.63149,48.3547
22770,3147,3259,3512,3426,3430,3800,4295,3993,3863,4888,7253,5341,3856,5098,7566,5635,15.8837,8.52651,8.62597,48.2413
22771,3222,3373,3365,3266,3530,3762,3689,3554,4225,4940,5060,4045,4778,8363,8320,4693,26.8288,-0.275669,8.71648,48.1233
22772,3366,4055,6402,11235,3361,3796,5142,6865,3213,3439,3793,3983,3166,3311,3419,3414,-21.8675,23.5898,8.94519,47.9733
22773,3779,4295,4269,3819,4197,6321,6272,4233,4084,5764,5810,4038,3835,4031,3985,3701,-1.75151,-0.0980395,8.9874,48.2887
22774,3123,3339,3357,3451,3295,3513,4028,4310,3430,3747,4993,7796,3444,3831,5792,10317,18.521,32.9803,8.59048,47.844
22775,8331,9509,4965,3614,5233,5297,4019,3595,3751,3939,3512,3242,3348,3354,3248,3174,-31.4792,-13.3729,8.97713,48.0873
22776,10805,7626,4310,3495,5891,5166,3966,3492,3940,3849,3509,3176,3331,3345,3201,3041,-26.1374,-19.4666,8.66217,48.0953
22777,3363,3831,5255,8759,3362,3811,5176,8970,3333,3560,4092,4892,3182,3235,3551,3512,-14.6022,28.4438,8.60069,47.9227
22778,3750,4331,5149,4295,3749,5440,8136,5095,3793,4353,5499,4310,3339,3593,3785,3648,-6.44212,6.17835,8.89291,48.1767
22779,11401,5897,3914,3365,7185,4814,3846,3394,4147,3862,3507,3312,3472,3401,3196,3124,-21.2835,-29.9519,8.51168,47.8913
22780,7725,5942,4002,3396,8381,6095,3983,3394,4791,4295,3524,3269,3620,3585,3296,3148,-13.8348,-20.225,8.97118,48.2973
22781,3344,3383,3229,3084,3975,3847,3451,3260,6558,4874,3792,3425,12344,5939,3823,3505,24.0032,-32.7223,8.94856,47.8887
22782,11900,6057,3979,3404,6458,4895,3901,3479,3941,3862,3499,3207,3294,3333,3272,3091,-23.7827,-33.9586,8.58233,47.7147
22783,3816,4148,4263,3719,4156,5824,6259,4318,4057,5667,6223,4272,3648,4147,4093,3723,-0.6271,1.18899,8.80542,48.222
22784,3413,3594,3489,3541,3697,4239,4467,3898,4069,6398,7411,4488,4140,5237,5892,4432,11.1753,2.07178,8.8628,48.27
22785,4269,4486,3837,3434,5657,7051,4410,3722,5339,6641,4313,3551,4171,4250,3800,3444,-1.1139,-10.9072,8.78866,48.25
22786,3076,3324,3557,3687,3335,3632,4112,5048,3300,3784,5268,9810,3392,3628,5127,7839,11.8954,29.9285,8.86671,47.946
22787,3610,3518,3343,2999,4698,4333,3671,3276,7636,6582,4030,3496,7239,6051,4200,3510,13.64,-17.9693,8.66097,48.128
22788,12191,6264,3924,3367,6376,4820,3818,3342,4084,3809,3461,3170,3348,3264,3141,3078,-25.5461,-27.4395,8.6994,47.638
22789,4210,5558,5488,4374,4384,6784,6779,4318,3779,4426,4478,3815,3427,3617,3617,3411,-11.1369,0.0152834,8.64927,48.31
22790,12444,5765,3886,3391,5757,4768,3662,3489,3922,3806,3396,3205,3506,3450,3435,3232,-32.2371,-31.3914,8.56354,47.4093
22791,3130,3294,3376,3277,3479,3665,3816,3697,3797,4611,5334,4524,4121,6352,9847,5888,27.1061,5.99826,8.99354,48.1387
22792,4978,5699,4348,3555,5846,8069,4769,3707,4504,4974,4059,3437,3678,3716,3494,3354,-9.03736,-9.95503,8.6509,48.1247
22793,3190,3366,3666,3533,3446,3758,4454,4163,3765,4822,7394,5816,3718,4609,6918,5744,13.9699,10.0218,8.75133,48.2413
22794,4419,7201,8990,5323,3999,4782,5031,4353,3595,3664,3721,3626,3167,3315,3439,3228,-29.9532,3.12577,8.50307,47.902
22795,4435,3985,3411,3221,7343,4731,3816,3350,9026,5114,3890,3327,5210,4310,3607,3226,2.75465,-29.1014,8.51889,48.0013
22796,3408,3338,3212,3070,3874,3789,3548,3208,6076,4906,3832,3405,11703,7017,4161,3427,26.9204,-22.1162,8.77939,47.9827
22797,3981,4371,4017,3626,4544,6853,5451,3767,4568,6529,5224,3810,3871,4267,3940,3517,-0.809369,-4.14687,8.99721,48.224
22798,3320,3237,3218,3146,3916,3745,3445,3238,5961,4836,3840,3337,12809,6111,3919,3337,27.6782,-33.609,8.74905,47.61
22799,3468,3720,3714,3616,3787,4763,5026,4005,4180,6484,7270,4418,3887,4814,5058,4135,6.93733,1.24257,8.9171,48.23
22800,10449,7369,4278,3662,6384,5216,3885,3452,4017,3828,3476,3235,3346,3360,3211,2992,-24.3151,-19.7896,8.53111,48.1067
22801,3472,4332,6919,7029,3620,4292,6876,6674,3406,3658,4200,4336,3079,3334,3565,3535,-15.4514,15.1857,8.82251,48.218
22802,3291,3941,5654,8263,3449,3870,5784,8812,3210,3589,4126,4883,3168,3257,3532,3511,-14.0501,22.962,8.89678,48.2267
22803,3154,3271,3353,3360,3360,3600,3778,3857,3598,4309,5883,5434,3778,4980,9296,7545,22.5304,12.0504,8.97008,48.3707
22804,3093,3202,3363,3446,3172,3512,3797,3942,3314,3903,4993,5841,3289,4119,7084,11684,31.1281,21.8651,8.71772,47.836
22805,4231,6675,9586,5605,3991,4549,5138,4521,3392,3816,3701,3645,3149,3285,3261,3261,-31.5046,5.03349,8.82576,47.8707
22806,5464,4443,3606,3384,9422,5274,3855,3366,6758,4670,3718,3333,4302,3843,3321,3204,-4.44186,-28.5213,8.57744,47.9753
22807,3161,3259,3392,3457,3290,3618,3889,4406,3436,3903,5066,8074,3443,3911,5730,10049,17.8026,26.7455,8.57627,48.056
22808,3147,3208,3296,3365,3312,3432,3767,4005,3222,3859,4925,6057,3546,4100,6853,11693,26.5683,22.6097,8.73343,47.858
22809,5979,5056,3877,3372,8653,6568,3974,3472,5484,4659,3706,3330,3825,3828,3366,3218,-8.46105,-19.3804,8.79267,48.2447
22810,5147,4371,3702,3196,8978,5374,3766,3386,7243,4865,3777,3334,4376,4012,3487,3134,-2.90778,-25.609,8.51048,48.0987
22811,3136,3246,3432,3482,3167,3390,3825,3882,3301,3764,4940,5979,3438,4016,6702,12020,33.2209,23.8039,8.71287,47.8133
22812,3112,3177,3356,3356,3194,3489,3815,3932,3515,3957,4953,5543,3426,4355,8129,10325,29.26,17.8889,8.87928,47.756
22813,3478,3560,3485,3264,4023,4575,4012,3507,5349,7821,5137,3862,5163,6456,4865,3856,12.5969,-7.49359,8.99429,48.2753
22814,3185,3452,3755,3923,3198,3664,4481,5595,3290,3774,5290,9897,3298,3700,4733,6835,8.77966,31.5175,8.80969,48.0467
22815,4672,4058,3553,3264,7635,5105,3822,3329,8242,5157,3928,3363,5024,4272,3506,3169,1.12165,-23.7945,8.73404,48.066
22816,7562,7338,4512,3580,6326,6249,4145,3538,4268,4204,3588,3231,3576,3513,3352,3059,-17.5224,-15.2206,8.54102,48.0273
22817,3755,4830,9354,8444,3587,4072,5276,5225,3276,3562,3908,3811,3173,3194,3357,3234,-28.0093,13.7182,8.73646,48.0387
22818,3909,5433,8221,5731,3905,4775,6800,5037,3362,3746,4138,3834,3101,3410,3449,3416,-18.1163,7.4633,8.84535,48.178
22819,4534,4037,3428,3223,7377,4780,3574,3329,8955,5007,3742,3267,5236,4278,3654,3236,2.47926,-28.9793,8.94142,47.7713
22820,3388,3325,3299,3078,3934,3954,3497,3432,5552,5888,4187,3513,7658,8454,4779,3643,21.4402,-13.2928,8.74908,47.7207
22821,3442,4071,7083,11809,3459,3754,4962,5861,3185,3385,3852,3901,3105,3224,3432,3291,-29.6564,22.1796,8.96314,47.8773
22822,8079,9405,4874,3617,5162,5284,4114,3508,3947,3824,3503,3211,3275,3381,3302,3060,-28.5763,-13.1356,8.72796,47.6973
22823,3033,3296,3516,3651,3233,3578,4047,4790,3411,3838,5366,8735,3306,3886,5477,9017,15.1199,26.7991,8.69688,48.12
22824,3537,3841,3780,3604,4135,5248,4717,3724,4574,7331,6253,4083,4132,4977,4482,3856,5.56722,-2.43133,8.77359,48.1827
22825,3785,4523,6202,5195,3673,4759,8000,5946,3481,3946,4745,4313,3293,3438,3629,3594,-10.8165,9.3816,8.57041,48.348
22826,3388,3342,3287,3155,3814,3813,3561,3291,5174,5183,4195,3549,8264,9393,4837,3638,29.8136,-13.242,8.5955,47.9227
22827,4451,4159,3458,3151,7222,4644,3734,3310,8988,5102,3805,3391,5189,4378,3586,3327,2.95222,-33.2554,8.71485,47.93
22828,3471,4293,6434,7264,3527,4100,6595,7390,3346,3577,4258,4350,3153,3352,3601,3566,-14.9677,16.9817,8.78179,48.1847
22829,3202,3194,3351,3322,3552,3739,3847,3515,4075,4995,5119,4264,4604,7947,8520,4946,29.3103,1.12459,8.61051,48.128
22830,3141,3403,4033,4652,3332,3816,4925,7610,3438,3687,5158,8675,3307,3539,4165,5157,1.94356,26.253,8.78944,48.0253
22831,10165,5852,3935,3280,7815,5247,3903,3486,4325,3980,3556,3247,3406,3388,3259,3057,-18.7394,-25.2045,8.63755,47.934
22832,3388,3939,5305,6257,3417,4098,6301,8459,3215,3650,4569,5349,3094,3388,3687,3935,-9.3919,19.6421,8.57744,48.034
22833,3834,3898,3592,3244,4663,5648,4250,3520,5887,8011,4813,3730,4427,4978,4054,3521,5.19787,-9.44343,8.76983,48.0467
22834,3447,3435,3269,3211,3832,3885,3596,3379,5079,5297,4203,3608,7131,9769,5227,3756,33.8384,-10.8431,8.82828,48.0827
22835,3285,3903,5017,7208,3297,3870,5397,9796,3283,3716,4326,5221,3079,3445,3554,3837,-10.8549,26.0289,8.63267,48.156
22836,3159,3367,3423,3340,3641,3907,4038,3737,4193,5815,6294,4366,4530,6607,7510,4706,17.8596,1.56681,8.77552,48.422
22837,3230,3579,4208,4883,3403,3782,4992,8715,3336,3667,4917,7769,3208,3592,4148,4518,-1.42281,32.1663,8.6033,47.9647
22838,5485,4565,3768,3421,9046,5726,3825,3410,6685,4820,3685,3332,4278,3833,3479,3190,-4.48747,-22.9953,8.72869,48.3653
22839,3029,3249,3341,3503,3317,3422,3840,4040,3345,3867,4998,6536,3421,4093,6849,11080,23.5821,22.057,8.82725,47.9533
22840,3924,3976,3469,3228,5276,5032,3829,3406,7467,7304,4136,3535,5343,5059,3952,3397,6.90351,-15.5867,8.94159,48.222
22841,3157,3254,3389,3417,3268,3462,3857,3834,3481,3979,5087,5565,3570,4401,8256,9917,31.7785,17.4981,8.83608,47.9293
22842,9026,7888,4400,3573,5974,5533,4097,3552,3923,3859,3479,3244,3454,3367,3336,2983,-22.0018,-16.5178,8.58487,47.792
22843,3084,3260,3401,3460,3205,3521,3817,3874,3357,3810,4706,6042,3339,3929,6158,12576,32.0381,26.8197,8.72154,47.6927
22844,3371,3357,3284,3111,3816,3843,3523,3277,5355,5323,4176,3599,8129,9321,4928,3721,26.4357,-12.8679,8.55912,48.0893
22845,3199,3191,3427,3425,3231,3428,3907,4082,3451,3836,4961,6996,3340,3866,5823,11456,21.6885,32.4451,8.72935,47.746
22846,3314,3438,3634,3375,3519,4090,4333,3894,4120,6172,7114,4653,4334,5602,6409,4545,13.6105,2.35016,8.86786,48.364
22847,8986,5430,3759,3340,8918,5203,3810,3427,4727,4015,3503,3283,3693,3563,3301,3127,-14.6715,-31.3921,8.65591,48.0567
22848,5680,9572,6608,4246,4404,5259,4590,3780,3759,3747,3802,3487,3252,3331,3305,3219,-30.6457,-4.92813,8.77019,48.0273
22849,3359,3783,4616,4670,3487,4379,6969,6674,3474,3947,5858,5744,3258,3626,4164,4152,-2.75077,14.297,8.88678,48.1067
22850,4980,7052,5428,3902,4805,7321,5416,3952,3927,4291,3782,3538,3430,3491,3350,3218,-14.8343,-4.88738,8.99265,47.922
22851,3120,3263,3354,3343,3274,3553,3839,3918,3552,3936,5266,5926,3591,4400,7918,9950,24.7519,17.7232,8.94591,48.1353
22852,5489,9044,7031,4445,4392,5202,4667,3905,3620,3717,3680,3505,3385,3365,3307,3140,-27.0565,-3.7465,8.58662,47.9293
22853,3445,3380,3311,3143,4130,4155,3603,3185,6466,6036,4221,3433,8212,7486,4474,3595,18.7659,-16.275,8.88131,48.1833
22854,3387,3300,3202,3137,3997,3828,3490,3212,6555,4851,3858,3347,12011,5993,3937,3407,23.991,-31.8454,8.62443,47.6747
22855,4347,6181,6960,4728,4193,5710,6674,4308,3722,3942,4133,3888,3392,3441,3475,3363,-15.8011,2.16845,8.89539,48.3047
22856,3488,3945,5640,10838,3288,3741,5030,7816,3242,3496,3979,4288,3170,3240,3415,3448,-18.8589,30.306,8.77102,48.0427
22857,3043,3342,3398,3470,3330,3677,4065,4014,3631,4456,6452,5718,3732,4699,8054,7100,19.0367,12.5147,8.68419,48.1207
22858,5328,4217,3696,3312,9136,5176,3854,3417,7201,4690,3691,3298,4316,3924,3460,3220,-3.36689,-30.6712,8.71277,47.9573
22859,5778,7760,5165,3768,5262,7067,4686,3720,4040,4196,3686,3397,3512,3526,3443,3249,-16.9376,-8.61294,8.63233,48.17
22860,3376,3869,5100,5366,3494,4262,7387,7447,3315,3837,5036,5267,3280,3449,3886,3842,-6.41757,15.8655,8.7744,48.142
22861,4161,4291,3738,3430,5414,6537,4241,3532,5740,7080,4352,3598,4436,4535,3787,3420,0.90189,-11.7431,8.90648,48.1947
22862,12004,6167,3988,3244,6745,5007,3841,3367,4117,3797,3416,3179,3388,3477,3087,3061,-23.1488,-26.6718,8.93317,47.9233
22863,5200,4307,3667,3258,8893,4903,3765,3299,7501,4797,3685,3460,4385,4075,3557,3220,-2.37668,-31.3583,8.5856,47.9813
22864,3721,4673,9044,9032,3437,4055,5154,5249,3251,3623,3791,3873,3083,3298,3387,3356,-31.5696,14.7532,8.86472,48.018
22865,3441,3482,3162,3083,4144,3890,3441,3218,6649,4890,3871,3420,11763,5878,4060,3444,22.9925,-33.872,8.70303,47.8907
22866,3904,4619,4800,4053,4176,6595,6986,4492,3803,5017,5224,4007,3575,3737,3881,3615,-5.50848,0.636487,8.62702,48.3227
22867,3195,3238,3424,3494,3175,3520,3771,3967,3314,3847,4892,6133,3309,4038,6780,11645,26.0353,23.7031,8.61085,47.828
22868,3149,3184,3424,3450,3257,3300,3801,3969,3352,3836,4859,6274,3415,4011,6122,12258,26.4539,33.9761,8.6889,47.774
22869,3415,3842,5977,12464,3300,3709,4630,6185,3198,3440,3794,3904,3109,3311,3394,3347,-28.7562,30.3267,8.59805,47.346
22870,3523,4348,7350,9919,3543,4014,5394,6310,3318,3576,3959,4000,3114,3097,3387,3430,-22.0253,18.6482,8.98583,48.188
22871,10003,5549,4031,3520,7944,5008,3841,3486,4240,3934,3476,3324,3412,3483,3297,3220,-18.3696,-33.2116,8.56968,47.8453
22872,3327,3473,3193,3091,3859,3902,3483,3264,5647,5167,3989,3469,9358,8623,4469,3582,29.7572,-16.4139,8.67331,47.9307
22873,3377,3723,5207,8714,3344,3850,5004,9399,3247,3606,4171,4715,3080,3239,3577,3626,-14.0037,29.6783,8.99147,47.9193
22874,3131,3283,3494,3777,3170,3631,4103,4812,3422,4029,5769,8965,3409,3967,5618,7866,13.2438,22.2492,8.94322,48.2973
22875,3312,3577,3994,4127,3426,4035,5409,5471,3532,4253,7017,7060,3426,3878,4804,5023,4.48965,14.9654,8.51871,48.2293
22876,3750,4202,4219,3833,4121,5935,6081,4242,4135,5948,6108,4098,3665,4141,4070,3714,-0.0207498,0.576776,8.57985,48.1747
22877,3578,4388,6595,5969,3604,4451,7356,6439,3360,3769,4450,4297,3123,3466,3576,3641,-13.1187,12.802,8.50371,48.0413
22878,3334,3730,5111,7788,3347,3908,5360,9539,3275,3531,4200,5204,3077,3297,3627,3633,-12.1773,26.1143,8.93331,47.974
22879,3563,4332,8446,9657,3523,3968,5129,5531,3327,3416,3792,3933,3229,3282,3345,3451,-31.9262,16.5011,8.75635,47.9493
22880,4570,5331,4266,3555,5399,8259,5191,3793,4384,5458,4304,3388,3741,3749,3579,3344,-6.59989,-7.89281,8.88011,48.2073
22881,3489,3354,3220,3169,4277,3914,3480,3271,7459,4995,3802,3336,10883,5895,3996,3320,20.7341,-28.0292,8.52287,47.9067
22882,3488,4098,5862,6095,3491,4077,7295,7479,3325,3800,4600,4787,3193,3589,3606,3788,-10.6933,15.7977,8.91281,48.382
22883,3239,3613,4174,4555,3408,3671,4854,7897,3533,3809,4927,8412,3277,3612,4200,4775,0.652027,32.9264,8.53166,47.9707
22884,3243,3594,4286,5130,3325,3776,5066,9007,3370,3588,4783,7502,3131,3496,3997,4422,-2.32952,29.5956,8.73718,47.8107
22885,3513,4026,5638,6041,3460,4257,7212,7340,3401,3758,4653,4810,3194,3374,3678,3836,-10.3418,15.77,8.94953,48.1273
22886,3207,3337,3562,3656,3282,3482,4166,4852,3296,3760,5234,9384,3250,3780,5097,8291,13.1519,31.2983,8.94244,47.7573
22887,3132,3172,3435,3447,3269,3481,3995,4370,3423,3827,5136,8444,3329,3852,5441,9962,16.9309,32.1105,8.88092,47.81
22888,5224,6828,4876,3854,5267,7653,5180,3863,3941,4448,3970,3497,3478,3515,3488,3196,-13.6573,-7.45521,8.5193,48.1853
22889,3344,3942,6016,12468,3476,3797,4756,6250,3250,3509,3822,3913,3092,3179,3351,3387,-26.2177,31.6917,8.75434,47.7013
22890,3177,3201,3312,3601,3278,3586,3876,3868,3433,3958,5127,5545,3518,4552,8560,9330,26.9132,16.0713,8.51006,47.948
22891,3263,3285,3345,3277,3437,3688,3766,3600,3928,4663,5119,4450,4269,7239,9303,5359,29.7929,3.49087,8.85241,47.994
22892,3698,5071,8808,6833,3746,4569,6120,5276,3470,3550,3853,3886,3182,3298,3394,3294,-21.2424,10.3599,8.5877,48.032
22893,3376,3847,5899,12728,3462,3747,4691,6008,3166,3351,3746,3845,3131,3213,3378,3439,-29.56,31.7205,8.61876,47.3513
22894,3295,3506,4273,4797,3386,3822,5393,8222,3362,3817,5215,7480,3169,3534,4086,4717,-0.899703,23.1995,8.61114,48.0493
22895,3226,3328,3406,3351,3519,3690,3768,3640,4028,4883,5253,4307,4540,7204,8754,5238,24.7863,2.4799,8.56594,48.09
22896,11147,7503,4127,3443,5833,4971,3964,3412,3962,3837,3530,3183,3425,3430,3276,3134,-30.4325,-20.4776,8.86952,48.118
22897,3291,3958,5582,8187,3407,3955,5675,8858,3253,3466,4155,4676,3146,3296,3564,3673,-13.9972,23.3699,8.7762,48.0947
22898,3292,3436,3419,3203,3770,4178,3917,3580,4511,6602,5565,4064,4918,7680,6253,4118,17.4168,-3.30974,8.97395,48.3373
22899,3394,3936,4645,4422,3573,4631,7238,5496,3379,4373,6541,5179,3397,3785,4216,4116,-1.94983,10.6678,8.64456,48.214
22900,2982,3327,3480,3373,3366,3604,4142,3911,3598,4373,6382,5496,3732,4986,8528,6520,19.1258,10.516,8.73699,47.8667
22901,5356,8347,5945,4046,4762,6425,5008,3941,3841,3994,3856,3584,3462,3432,3310,3249,-18.8209,-5.40981,8.84204,48.372
22902,3793,5442,9753,7246,3724,4322,5275,5026,3364,3515,3772,3698,3138,3264,3456,3382,-28.8243,10.3134,8.79544,48.1133
22903,3120,3238,3453,3588,3138,3619,3984,4299,3316,3808,5095,7901,3360,3913,5740,10189,18.7584,26.7714,8.71526,47.8407
22904,3290,3326,3322,3315,3433,3712,3950,3607,3961,4908,5540,4347,4375,7110,8951,5355,24.0703,3.31563,8.6926,48.3347
22905,9958,7922,4446,3337,5691,5166,4000,3458,3865,3797,3423,3209,3379,3368,3300,3158,-33.6267,-17.6999,8.63062,47.6513
22906,5923,7886,5146,3872,5379,6941,4641,3622,4094,4171,3723,3469,3472,3435,3330,3200,-17.209,-9.2149,8.53217,48.2027
22907,3565,3799,3564,3433,4224,5251,4418,3671,4862,7839,5740,3985,4383,5197,4481,3696,7.17002,-4.50312,8.70427,48.072
22908,3360,3908,5960,11422,3475,3872,4966,7168,3184,3391,3872,4125,3060,3200,3413,3422,-21.4042,26.8866,8.93016,47.8653
22909,3391,3867,4835,5035,3455,4419,7212,6946,3457,4007,5421,5476,3317,3525,4083,4137,-4.91761,14.6128,8.77971,48.3887
22910,3284,3340,3408,3409,3357,3728,3846,3695,3886,4556,4997,4557,4185,6467,9770,5838,32.0965,5.60646,8.63503,48.2153
22911,3128,3429,3857,4126,3328,3587,4579,6258,3423,3853,5454,9541,3345,3710,4598,5835,6.07525,24.7782,8.68436,48.034
22912,5040,5703,4361,3691,5745,8085,4846,3775,4400,4978,4052,3478,3640,3632,3523,3296,-9.35338,-9.96292,8.89641,48.1633
22913,3663,5264,9958,7316,3612,4193,5363,4893,3416,3574,3764,3740,3144,3294,3372,3241,-27.5255,10.8114,8.81722,47.8713
22914,3462,3323,3247,3066,3900,3881,3501,3172,7135,4832,3771,3427,11698,5868,3965,3408,21.6983,-30.9005,8.9358,47.7707
22915,3647,3985,4446,4094,3664,5014,6923,4751,3824,4889,6538,4673,3551,4023,4277,3884,-0.993405,6.02913,8.52406,48.122
22916,3122,3422,3770,3936,3274,3580,4565,5833,3349,3830,5780,9417,3378,3841,4775,6507,8.31645,23.3129,8.81818,48.2527
22917,3365,3558,3504,3428,3796,4218,4239,3699,4423,6687,6395,4162,4454,6011,5886,4164,12.8448,-0.697621,8.58428,47.9927
22918,3247,3487,3449,3370,3646,4101,4194,3729,4300,6103,6472,4592,4395,6176,6549,4623,15.1388,1.15277,8.53471,48.2887
22919,3098,3521,3861,4242,3186,3704,4620,6570,3321,3821,5444,9487,3343,3659,4505,5868,5.52807,26.3833,8.63197,48.1667
22920,3657,4415,5419,4747,3741,5139,8214,5482,3552,4230,5126,4309,3221,3616,3838,3596,-8.67735,7.89095,8.66051,48.2013
22921,3112,3256,3488,3600,3259,3518,4207,4394,3376,3826,5164,8503,3315,3931,5520,9544,16.3032,32.4417,8.70287,48.0087
22922,3215,3336,3417,3257,3432,3713,3805,3798,3858,4554,5175,4611,3981,6332,9952,6047,32.2855,6.53116,8.9987,48.322
22923,3321,3490,3486,3363,3828,4096,4068,3658,4497,6448,5726,4130,4699,7010,6249,4398,16.3149,-1.89648,8.81858,48.3113
22924,3237,3307,3628,3671,3354,3722,4430,5273,3404,3963,6253,8743,3497,3900,5339,6635,10.5743,20.3851,8.72211,48.2373
22925,3334,3236,3395,3151,3553,3831,3822,3381,4600,5821,4950,4001,5529,8838,6631,4169,22.1929,-4.08355,8.76428,48.1613
22926,3531,4343,7457,9506,3497,4126,5469,6397,3129,3643,3995,3993,3098,3249,3419,3432,-21.2789,18.2637,8.71692,48.1893
22927,3425,4242,7445,11083,3359,3763,5091,5856,3293,3511,3866,3895,3112,3154,3330,3304,-29.5388,20.6301,8.69793,47.8193
22928,12514,5937,3910,3386,6022,4749,3737,3376,3903,3812,3382,3192,3376,3390,3187,3174,-27.9877,-32.0815,8.78711,47.3647
22929,3235,3546,4149,4601,3300,3694,4940,7462,3344,3716,5233,8713,3327,3549,4262,5050,1.97476,24.2924,8.64324,48.0807
22930,4567,6496,5772,4228,4493,6957,6149,4126,3745,4240,4088,3676,3354,3418,3507,3361,-14.251,-1.82762,8.9776,48.118
22931,3427,3740,5321,8250,3294,3825,5247,9245,3227,3571,4115,4930,3083,3226,3567,3644,-13.2395,28.4908,8.90085,47.808
22932,3579,4364,6259,6916,3503,4076,6733,7479,3332,3760,4313,4470,3138,3339,3478,3565,-13.8232,16.6566,8.97457,48.2027
22933,3396,4004,4711,4405,3569,4541,7471,5970,3432,4208,6206,5215,3362,3610,4124,3955,-2.95338,11.1444,8.84329,48.1193
22934,10624,6192,3984,3381,7548,5090,3883,3328,4266,3971,3613,3154,3471,3424,3230,3074,-19.8625,-24.1681,8.65073,48.1553
22935,3444,3896,6266,10311,3381,3919,5112,7715,3212,3554,3917,4307,2991,3225,3417,3399,-18.8506,23.4881,8.98905,48.044
22936,3538,4052,6376,10366,3340,3892,5216,7273,3139,3519,3854,4292,3051,3240,3496,3472,-20.351,23.0749,8.53919,48.0773
22937,3716,4972,8815,7175,3681,4434,5881,5391,3550,3717,3981,3889,3186,3280,3393,3331,-21.7762,11.7659,8.57215,48.2613
22938,7017,8717,4970,3743,5618,6206,4382,3540,3949,4129,3586,3331,3438,3423,3254,3159,-19.8587,-11.6699,8.91857,48.308
22939,4862,7450,6250,4178,4624,6562,5613,4163,3705,4158,3958,3630,3311,3344,3410,3278,-17.3202,-2.85413,8.63898,48.3307
22940,7260,10014,5398,3736,5070,5197,4193,3655,3637,3931,3515,3304,3281,3394,3293,3115,-29.1176,-10.8718,8.95075,47.9953
22941,3435,3536,3184,3094,3896,3757,3389,3330,6119,4956,3682,3478,12338,6154,3774,3382,33.8239,-28.1893,8.55963,47.6693
22942,3369,3808,4997,7155,3420,3770,5277,9756,3389,3617,4315,5318,3208,3289,3662,3689,-10.5104,33.1065,8.54755,48.026
22943,7548,5137,3684,3370,9749,5219,3900,3337,5088,4265,3621,3191,3749,3554,3339,3174,-11.2616,-31.4737,8.68656,47.95
22944,3767,3582,3238,3131,5041,4199,3719,3319,9002,5787,3843,3382,7416,5340,3822,3440,11.9066,-22.6262,8.58079,48.0187
22945,3499,4155,5171,4817,3651,4768,8129,5919,3494,4162,5438,4682,3345,3497,3991,3824,-6.3797,10.3225,8.71526,48.3613
22946,3546,3491,3290,3153,4435,4010,3618,3184,7994,5614,3935,3421,8915,6027,4112,3374,16.5187,-22.1587,8.69963,48.0793
22947,4363,7032,9249,5383,3935,4733,5193,4405,3556,3645,3622,3669,3149,3368,3399,3337,-27.4062,3.72709,8.61599,48.0253
22948,3072,3293,3597,3676,3329,3599,4131,4391,3469,4065,6070,6974,3499,4216,6840,8062,17.1807,17.6907,8.55787,48.1887
22949,4505,4011,3562,3150,7397,4904,3731,3373,8886,5185,3844,3404,5227,4260,3558,3277,2.21205,-25.4742,8.52408,48.1827
22950,3378,3407,3268,3053,4099,3922,3520,3326,6765,5169,3808,3511,10952,6608,4057,3411,22.1385,-23.0318,8.58026,48.1693
22951,3556,4124,5332,4905,3634,4573,8008,6183,3525,4087,5391,4733,3356,3672,3830,3867,-6.92632,11.2467,8.77524,48.5173
22952,3994,4152,3802,3407,5055,6482,4437,3570,5325,7274,4693,3621,4231,4435,3998,3553,1.61758,-9.51505,8.75852,48.0193
22953,3466,3576,3472,3124,4163,4339,3613,3280,6038,7217,4525,3591,6137,7033,4608,3695,14.9446,-11.8701,8.782,47.918
22954,3534,3567,3380,3134,4148,4354,3845,3463,5551,7727,4864,3668,5490,7015,4755,3728,13.3392,-8.85374,8.85797,48.1487
22955,3292,3486,3503,3241,3721,4122,4120,3652,4314,6300,6087,4290,4673,6719,6602,4574,16.6652,-0.459572,8.60207,48.464
22956,3447,3316,3246,3171,3819,3784,3413,3232,5902,4891,3827,3416,12228,6545,3976,3477,29.9734,-24.5893,8.69491,47.7933
22957,3078,3321,3501,3435,3182,3477,4046,4548,3397,3723,5180,8579,3385,4008,5450,9750,16.5584,30.9556,8.75799,48.04
22958,4002,3572,3299,3156,5260,4260,3643,3278,9595,5478,3843,3369,7274,4916,3743,3438,10.7448,-25.9271,8.70411,48.084
22959,4493,5043,4122,3465,5752,7951,4879,3692,4790,5756,4296,3572,3858,4009,3594,3216,-4.81623,-9.44405,8.87145,48.3253
22960,9450,8317,4393,3551,5472,5130,3958,3508,3888,3906,3505,3299,3390,3522,3196,3211,-32.2121,-16.6,8.55328,47.7973
22961,4010,3921,3442,3227,6471,4574,3628,3196,9963,5138,3879,3241,5937,4547,3620,3415,5.70719,-32.1938,8.8012,48.1393
22962,3428,3561,3476,3450,3876,4411,4397,3708,4362,6938,7026,4440,4150,5593,5608,4339,11.312,0.383553,8.62169,48.5087
22963,3690,4461,5818,5041,3703,5001,8153,5765,3548,4011,4880,4163,3206,3429,3740,3647,-9.26898,9.31315,8.55448,48.1707
22964,3307,3344,3269,3154,3912,3671,3493,3233,6003,4646,3806,3434,12762,5836,3903,3482,29.9364,-31.2616,8.74483,47.5033
22965,3107,3241,3358,3388,3281,3439,3813,3825,3426,3857,5095,5582,3463,4400,8089,10348,29.3942,17.8649,8.94786,47.808
22966,11708,6180,4046,3347,6979,4924,3890,3492,4167,3823,3502,3250,3403,3348,3143,3113,-22.9139,-26.7928,8.76899,48.21
22967,3562,4671,8972,8601,3561,4149,5201,5260,3396,3539,3884,3858,3178,3216,3332,3352,-33.4732,14.3716,8.54837,47.8213
22968,3111,3387,3793,3975,3246,3541,4462,5714,3420,3864,5357,9861,3333,3731,4817,6473,8.36112,32.8089,8.89841,48.0567
22969,7957,9289,4986,3864,5232,5357,4132,3704,3806,3781,3571,3247,3391,3416,3356,3138,-26.7337,-12.6683,8.66694,48.1513
22970,3175,3525,3944,4320,3353,3797,4880,6833,3354,3944,5652,8822,3238,3790,4451,5425,3.98091,23.3207,8.59194,48.3353
22971,3923,5621,9837,6845,3607,4341,5284,4864,3391,3566,3802,3759,3136,3263,3401,3357,-26.7361,9.32492,8.58042,47.998
22972,3416,3437,3148,3126,3952,4087,3482,3265,6133,5674,4062,3479,9297,7835,4382,3475,21.3701,-17.1197,8.76296,48.1667
22973,3148,3291,3388,3487,3207,3479,3845,4076,3388,3802,4939,7228,3399,3829,6001,11504,21.7362,27.8873,8.78465,48.0073
22974,3408,3446,3320,3082,3839,3941,3620,3212,5516,5614,4272,3565,7833,9088,4904,3723,23.6523,-12.6187,8.53503,48.2553
22975,3209,3312,3341,3228,3480,3675,3742,3632,3922,4777,5191,4510,4295,6962,9244,5280,28.7522,3.34713,8.76767,47.8667
22976,3454,3968,5208,5143,3503,4430,7611,7076,3480,3844,5236,5148,3215,3471,3812,3871,-6.99921,14.4378,8.86903,48.3133
22977,12515,5884,3932,3497,5947,4608,3713,3387,4044,3730,3499,3308,3365,3492,3257,3189,-32.0423,-29.8578,8.8097,47.578
22978,3484,3508,3505,3429,3785,4603,4457,3912,4329,6861,6796,4376,4221,5208,5244,4244,9.98878,-0.291505,8.65809,47.9747
22979,3469,3406,3332,3183,4174,4154,3681,3325,5985,6866,4370,3551,6859,7604,4726,3716,16.8097,-12.8931,8.88731,48.2673
22980,3335,3680,4477,5842,3310,3881,5210,9815,3326,3635,4618,6385,3226,3310,3886,4071,-5.91316,29.1039,8.67602,48.0047
22981,3114,3232,3343,3378,3126,3479,3761,3781,3335,3716,4840,6394,3408,3954,6274,12530,24.7237,32.9032,8.79123,47.7767
22982,12430,6032,3976,3402,5855,4767,3664,3373,3957,3774,3399,3201,3442,3376,3268,3015,-33.7342,-33.427,8.80806,47.2873
22983,3281,3499,3926,3936,3394,4060,5491,5043,3594,4583,7929,6291,3479,4080,5053,4677,5.4732,11.7534,8.79759,48.2107
22984,3899,4464,4260,3777,4461,6617,6023,4093,4182,5785,5363,4122,3758,4086,3889,3701,-2.16584,-1.6857,8.71853,48.32
22985,3385,4004,5478,6280,3495,4269,6924,7880,3302,3626,4682,4983,3135,3454,3658,3713,-10.4406,17.1687,8.94021,48.1787
22986,4273,4004,3429,3128,6809,4658,3651,3355,9516,5274,3775,3298,5523,4493,3582,3244,4.54386,-33.4678,8.98295,48.008
22987,3286,3532,3413,3202,3791,4105,3888,3485,4765,6622,5001,3890,5431,7996,5812,4093,18.335,-5.7747,8.5339,48.208
22988,3148,3183,3324,3422,3262,3494,3768,3935,3444,4045,5058,5507,3506,4623,8721,9543,31.1207,16.0728,8.8987,47.9887
22989,9724,5773,3989,3431,8264,5355,3840,3320,4396,4047,3602,3144,3512,3537,3239,3120,-17.2244,-25.0762,8.64439,48.1953
22990,6213,4706,3569,3362,9643,5225,3838,3291,6209,4559,3596,3366,4056,3717,3419,3094,-7.06414,-27.5521,8.55596,47.9087
22991,3744,3675,3289,3136,4871,4422,3739,3330,8200,6574,4040,3465,6620,5744,4040,3383,11.2851,-18.523,8.61326,48.1813
22992,3359,3434,3276,3149,4272,3888,3540,3227,7667,5066,3834,3410,10823,5650,4032,3377,19.3917,-30.4509,8.74252,48.0027
22993,5273,4929,3920,3342,7443,7039,4127,3527,5439,5251,3798,3352,3922,3858,3500,3298,-6.02259,-16.1127,8.5679,48.012
22994,3280,3755,4774,6878,3377,3932,5198,9831,3420,3531,4285,5648,3266,3463,3707,3874,-9.2452,30.5296,8.65493,48.146
22995,3485,3408,3223,3162,3891,3739,3336,3151,6070,4761,3749,3390,12600,5917,3869,3438,28.5671,-30.4331,8.54107,47.4593
22996,8879,6760,4256,3533,7002,5591,4012,3479,4231,4021,3546,3283,3506,3433,3256,3209,-18.6018,-19.2836,8.95215,47.998
22997,3401,3586,3418,3175,4014,4355,3834,3503,5192,7370,5172,3928,5161,6977,5075,3882,14.1216,-6.85744,8.78586,48.0287
22998,3374,3936,5769,8451,3277,3927,5673,8572,3156,3475,4134,4727,3087,3299,3473,3569,-14.8488,22.7381,8.8883,47.9327
22999,3569,3741,3724,3509,4004,4741,5155,3951,4277,6566,7060,4450,4087,4755,4932,4137,6.43798,1.06715,8.80386,48.4387
23000,12604,6030,3793,3472,6120,4748,3745,3450,3887,3824,3472,3267,3289,3424,3221,3141,-26.4184,-33.8857,8.6713,47.658
23001,5127,6469,4849,3764,5159,7865,5238,3781,4150,4618,4051,3547,3391,3525,3437,3250,-12.1163,-7.14928,8.72121,48.1473
23002,4074,6367,9952,5949,3876,4597,5322,4596,3438,3713,3783,3790,3301,3333,3377,3226,-26.5634,5.91691,8.9454,48.4627
23003,3692,4818,7361,5855,3801,4763,7186,5585,3484,3876,4354,4108,3214,3314,3557,3376,-15.3714,9.42249,8.53875,48.2293
23004,4809,4036,3485,3145,7942,4914,3777,3218,8440,5052,3783,3398,4825,4281,3581,3185,0.813579,-26.6514,8.79508,47.914
23005,5119,6984,5226,3978,5034,7497,5334,3971,3929,4380,4015,3535,3329,3492,3408,3212,-14.3085,-6.07426,8.80947,48.2953
23006,3424,3733,4010,3833,3572,4525,5822,4675,3795,5245,7784,5199,3579,4177,4731,4256,4.25249,7.03388,8.81029,48.24
23007,3204,3517,4157,4526,3340,3701,4936,7707,3275,3638,5056,8865,3336,3653,4307,4957,1.69433,27.8859,8.71685,48.1167
23008,4956,8467,7604,4577,4428,5316,4992,4096,3589,3773,3749,3543,3339,3369,3249,3273,-24.4655,-1.58823,8.63242,48.2133
23009,3131,3330,3425,3287,3352,3475,3705,3918,3397,3708,4776,6392,3512,3863,5957,12684,26.3533,31.1921,8.61753,47.9413
23010,3084,3318,3452,3589,3258,3500,4134,4872,3357,3744,5106,9250,3368,3769,5229,8485,13.2852,31.4069,8.98379,47.6767
23011,8099,5802,4015,3414,8728,5759,3953,3403,4736,4214,3733,3260,3669,3539,3234,3069,-13.6661,-22.4247,8.93388,48.418
23012,3065,3247,3438,3364,3305,3505,3908,3992,3446,3986,5235,6161,3501,4240,7333,10767,24.5947,20.5144,8.61715,48.3287
23013,3089,3403,3667,3647,3256,3630,4075,4768,3445,3848,5287,9253,3396,3849,5278,8111,12.9208,32.691,8.74603,48.0013
23014,3541,3897,3890,3591,4077,5062,5203,3997,4313,6606,6870,4446,3975,4483,4779,4001,5.13512,0.675914,8.8396,48.4873
23015,3179,3466,3905,4234,3262,3777,4573,6639,3349,3807,5473,9251,3296,3650,4646,5696,5.09124,24.944,8.62062,48.1353
23016,3160,3324,3345,3335,3462,3541,3752,3754,3530,4289,5492,4851,3911,5692,9893,6920,27.8899,9.76989,8.87394,48.1673
23017,11378,7125,4210,3364,6056,5104,3796,3421,3897,3769,3492,3258,3425,3424,3195,3067,-26.0791,-20.8528,8.71323,47.9873
23018,3355,3950,5997,11714,3343,3847,4917,6796,3255,3585,3854,3939,3106,3266,3372,3492,-22.9458,27.181,8.62123,47.8587
23019,5069,7506,6097,4226,4646,6753,5445,4080,3766,4143,3904,3586,3416,3358,3454,3257,-16.9886,-3.67877,8.8217,48.4707
23020,3133,3529,3936,4001,3346,3732,5063,5579,3550,4179,6880,7871,3449,3906,5119,5368,6.36955,17.1079,8.96936,48.4273
23021,4597,4820,3977,3536,6103,7453,4648,3636,5132,5703,4131,3447,4065,4023,3498,3422,-4.09118,-11.7263,8.51102,48.1273
23022,3827,5047,7817,5629,3800,4848,7092,5346,3412,3753,4248,3919,3187,3470,3625,3330,-16.22,8.43945,8.73431,48.2333
23023,3094,3305,3400,3315,3338,3564,3947,4053,3450,4102,5740,6086,3514,4413,7968,8773,20.719,16.5335,8.6209,48.0413
23024,3044,3195,3341,3327,3303,3609,4038,3887,3505,4147,5604,5512,3705,4814,8685,8112,23.2677,13.267,8.68785,47.8853
23025,3455,3747,4365,4206,3538,4330,6704,5545,3499,4463,6894,5754,3466,3843,4426,4308,0.704204,11.6808,8.59893,48.362
23026,3423,3841,6040,12462,3348,3814,4714,5966,3320,3555,3699,3899,3186,3199,3391,3389,-30.3557,31.9728,8.58922,47.4973
23027,3463,3953,5889,12148,3335,3746,4815,6547,3232,3495,3815,3845,3124,3307,3315,3387,-25.1406,31.0803,8.58668,47.6107
23028,3878,4166,4010,3457,4465,6208,5140,3878,4642,6992,5396,3964,4003,4492,4079,3633,1.3538,-4.13698,8.63903,48.2687
23029,3184,3776,4532,5463,3288,4019,5877,8737,3344,3651,5025,6847,3147,3472,3958,4360,-3.97821,21.8731,8.79932,48.4533
23030,3916,3678,3335,3153,5707,4308,3605,3331,9856,5316,3865,3369,6957,4949,3649,3372,9.46407,-27.5759,8.59818,48.244
23031,3148,3238,3404,3515,3260,3549,3822,4289,3386,3896,4917,7910,3406,3908,5799,10478,18.4794,29.229,8.66015,47.95
23032,8842,5504,3901,3298,9034,5207,3797,3330,4751,4058,3450,3214,3534,3599,3295,3105,-14.8716,-28.1716,8.89034,47.946
23033,3520,3631,3512,3303,3945,4641,4149,3695,4684,7468,6023,4121,4430,5940,5056,3989,10.7647,-3.02684,8.54393,48.0713
23034,3343,3941,6355,12445,3411,3817,4759,6112,3225,3521,3716,3968,3101,3172,3245,3412,-30.9289,25.8055,8.87251,47.6953
23035,3804,4948,9020,7586,3634,4327,5863,5259,3290,3680,3953,3900,3202,3316,3466,3359,-22.6827,12.3717,8.54055,48.4047
23036,3971,3949,3396,3259,6337,4439,3607,3269,9732,5256,3754,3373,6139,4530,3715,3369,6.71279,-30.0158,8.82969,48.0633
23037,3649,4520,6403,5424,3614,4756,8058,6020,3509,3818,4618,4315,3249,3479,3590,3553,-11.9605,10.4385,8.75067,48.3833
23038,3005,3331,3524,3344,3299,3546,3974,4102,3493,3988,5565,6506,3447,4387,7565,9190,20.881,17.5249,8.97482,48.1773
23039,8598,6545,4122,3379,7553,5884,3891,3426,4211,4133,3619,3222,3499,3529,3153,3138,-17.0206,-19.534,8.65021,47.9347
23040,3180,3283,3333,3413,3294,3453,3870,4174,3275,3770,4992,7064,3435,3899,5835,11457,21.2245,31.2595,8.68294,47.818
23041,3410,3388,3486,3337,3825,4284,3872,3597,4714,6887,5505,4129,5010,7112,5815,4087,15.6766,-4.02793,8.7427,48.3053
23042,3463,4188,5954,6489,3624,4303,6973,7467,3246,3718,4478,4618,3043,3333,3670,3779,-12.1013,16.2883,8.76769,48.2307
23043,3293,3651,4516,5689,3315,3741,5397,9641,3246,3702,4653,6493,3178,3423,3929,4339,-5.07846,26.2142,8.57064,48.1373
23044,3118,3221,3409,3448,3247,3469,3944,4198,3316,3848,4939,7634,3411,3947,5773,10612,19.1427,29.6381,8.64947,47.6893
23045,3408,3715,5012,5708,3458,4112,6480,8322,3271,3805,4746,5603,3196,3475,3793,4104,-7.1727,18.7487,8.86061,48.1387
23046,4046,3676,3369,3196,6476,4576,3773,3310,9597,5240,3823,3382,5976,4496,3770,3285,6.14012,-32.7321,8.6236,47.994
23047,3224,3323,3275,3249,3584,3822,3812,3540,4169,5188,5457,4440,4647,7528,8184,4962,22.868,0.906418,8.74952,48.2693
23048,3539,3480,3438,3062,4630,3988,3550,3226,8772,5192,3786,3306,9195,5589,3728,3252,15.7988,-26.8302,8.90598,47.822
23049,3587,3695,3349,3190,4827,4247,3619,3225,9358,5174,3699,3436,8188,5193,3761,3332,13.1195,-28.9849,8.59799,47.92
23050,3233,3310,3478,3170,3813,3782,3647,3344,4880,5147,4369,3714,6777,9653,5625,3865,29.6602,-8.93138,8.51421,47.8713
23051,3171,3340,3257,3252,3414,3665,3818,3686,3831,4564,5434,4688,4187,6434,9534,5926,24.5566,5.80179,8.99654,48.134
23052,4588,4017,3512,3212,7954,4773,3805,3336,8544,4946,3668,3333,5020,4331,3609,3311,1.28358,-29.42,8.77717,47.9727
23053,3398,3790,4855,6212,3333,3871,5631,9430,3345,3694,4505,5710,3205,3378,3825,3996,-7.7665,23.0405,8.65619,48.1187
23054,4255,6734,9037,5461,4094,5046,5972,4641,3494,3683,3984,3675,3104,3314,3275,3241,-21.901,4.20304,8.83784,48.6733
23055,4190,4495,3999,3617,5086,7331,4938,3724,4765,6631,4649,3655,3937,4127,3744,3428,-1.65091,-7.02856,8.91586,48.2107
23056,3300,3767,5154,8253,3366,3802,5010,9430,3439,3611,4156,4952,3194,3269,3586,3630,-13.1722,30.8204,8.74945,47.946
23057,4227,3874,3503,3124,6759,4650,3702,3290,9616,5178,3773,3426,5498,4429,3653,3292,4.55417,-33.003,8.77304,47.996
23058,11336,7168,4263,3399,5873,4997,3893,3444,3935,3907,3460,3243,3354,3312,3257,3130,-28.1154,-21.1063,8.77553,47.9807
23059,3745,4775,9101,8387,3572,4155,5309,5180,3339,3514,3843,3827,3169,3290,3394,3417,-27.2645,13.7118,8.73952,48.0113
23060,10771,7628,4362,3480,5852,4865,3965,3487,3943,3799,3414,3288,3426,3412,3291,3094,-28.9237,-20.0929,8.63506,48.0513
23061,3752,5289,9817,7112,3604,4284,5290,4933,3333,3545,3841,3843,3120,3386,3322,3479,-33.6333,10.2681,8.61292,47.9667
23062,3968,4662,5248,4356,4044,5901,7728,4856,3611,4485,5066,4138,3269,3537,3766,3666,-8.51288,3.82862,8.50613,48.2007
23063,3339,3451,3666,3693,3487,3914,4626,4375,3569,4742,7847,6068,3738,4350,6152,5454,11.2194,11.1587,8.50032,48.314
23064,3374,3753,4408,4368,3596,4164,6596,5931,3436,4346,6599,6030,3392,3769,4381,4512,0.258664,13.1579,8.6743,48.4367
23065,3600,3882,4062,3791,3903,5129,5948,4327,3907,5810,7110,4576,3788,4209,4492,3989,2.432,3.0757,8.77608,48.3487
23066,5539,4433,3696,3320,9587,5047,3940,3398,6741,4638,3788,3256,4159,3901,3396,3169,-4.75108,-31.8437,8.68002,48.0053
23067,3517,3597,3477,3245,4184,4536,3897,3441,5857,7832,4898,3689,5350,6401,4614,3704,11.953,-9.78618,8.75101,48.1593
23068,3342,3587,4601,5990,3346,3754,5252,9818,3372,3691,4517,6270,3109,3389,3829,3977,-6.37136,31.3409,8.74434,47.896
23069,3314,3448,3263,3022,3969,3936,3481,3303,6284,5720,4050,3456,8839,8098,4338,3595,21.3398,-16.439,8.88051,48.0773
23070,3231,3521,4005,4199,3296,3811,5187,5880,3381,4149,6498,7857,3273,3763,4707,5266,4.56304,17.9756,8.58653,48.016
23071,5161,5115,4004,3439,6795,7555,4347,3493,5151,5211,3854,3559,4007,3930,3571,3297,-6.50744,-13.4834,8.67499,48.326
23072,3990,5803,9504,6104,3778,4558,5840,4867,3491,3651,3834,3711,3159,3277,3350,3391,-22.4785,7.8382,8.91248,48.2053
23073,4397,4211,3604,3275,6157,6176,4030,3518,6754,6487,4141,3460,4649,4392,3877,3301,1.2717,-15.5275,8.84872,48.286
23074,3302,3910,6451,12239,3353,3779,4972,5899,3231,3436,3850,3931,3091,3282,3404,3370,-32.3371,24.4758,8.74311,47.6667
23075,3270,3317,3368,3236,3663,3901,3816,3460,4328,5384,4889,3999,5318,8862,7099,4389,24.1736,-3.10659,8.7814,48.1993
23076,3323,3458,3292,3166,3971,3803,3416,3291,6051,4871,3791,3306,11951,6598,3992,3435,33.6578,-23.7031,8.65532,47.81
23077,3381,3972,6469,12299,3344,3881,4780,5980,3203,3430,3761,3997,3101,3283,3309,3523,-28.8211,25.8753,8.62245,47.8087
23078,4744,5401,4111,3600,5899,8244,4983,3675,4642,5203,4010,3550,3697,3874,3542,3358,-7.21581,-9.32516,8.78115,48.3553
23079,3462,4279,6759,7173,3718,4180,6636,6784,3331,3704,4279,4378,3107,3379,3602,3584,-15.9463,15.8707,8.82339,48.2367
23080,3615,4739,9148,8369,3507,4109,5093,5443,3234,3619,3898,3866,3184,3100,3362,3390,-33.8155,13.9177,8.87466,47.784
23081,3713,5180,8242,6250,3603,4623,6697,5342,3452,3733,4166,3899,3132,3285,3429,3347,-18.1034,9.30479,8.8881,48.062
23082,3240,3393,3387,3305,3639,3764,3786,3363,4062,4882,4915,4229,4719,8000,8450,4718,33.1581,0.41933,8.81749,47.9013
23083,3828,5757,9539,6513,3783,4359,5519,4819,3342,3630,3873,3810,3129,3253,3312,3254,-24.873,8.37038,8.71869,47.8133
23084,5396,7348,5375,3930,5032,7155,5228,3776,3900,4221,3873,3465,3411,3515,3438,3219,-15.6587,-6.12786,8.58406,48.188
23085,3231,3431,3877,4199,3294,3727,4508,6562,3311,3769,5150,9536,3343,3636,4684,5737,5.64786,31.6643,8.6439,47.9967
23086,11364,7173,3994,3313,5779,4961,3941,3442,3926,3749,3491,3208,3368,3465,3247,3125,-31.4009,-21.2699,8.73346,47.6973
23087,4087,4871,4586,3761,4561,7195,6387,4162,4126,5260,4780,3832,3557,3848,3643,3491,-5.77497,-2.04402,8.69433,48.098
23088,3706,5315,9732,7208,3624,4164,5394,5104,3344,3639,3895,3759,3114,3270,3338,3322,-25.8461,10.6647,8.73916,47.952
23089,6521,6184,4212,3550,6861,7223,4314,3561,4470,4432,3827,3468,3673,3605,3328,3227,-12.7119,-14.7157,8.51427,48.304
23090,3415,3346,3318,3132,3950,3734,3498,3176,6066,4783,3788,3377,12518,6417,3873,3366,28.8073,-25.6397,8.77365,47.838
23091,3147,3105,3411,3420,3470,3615,3868,3666,3649,4419,5461,4878,3904,5618,9880,6874,25.7897,9.17948,8.7294,48.2567
23092,3582,3535,3473,3266,3936,4556,4019,3559,5102,7670,5552,3956,4783,6382,5099,3880,12.3891,-5.71781,8.77462,48.2333
23093,3613,3749,3468,3260,4389,4733,3863,3479,6170,8060,4765,3700,5107,5813,4308,3576,9.84458,-10.892,8.6097,48.0353
23094,3058,3233,3482,3450,3280,3512,4023,4367,3386,3904,5181,8528,3442,3944,5564,9978,16.9848,27.4369,8.88112,48.2213
23095,3250,3226,3527,3710,3295,3630,4269,5046,3414,3885,5154,9572,3387,3766,5106,7629,12.0489,32.1613,8.64261,47.9107
23096,3232,3423,3789,3945,3452,3849,4817,5338,3451,4339,6895,7893,3352,3907,5154,5761,7.69834,17.2544,8.62839,48.398
23097,3521,4877,8026,6907,3551,4299,6467,5755,3318,3615,4231,4185,3242,3268,3410,3485,-18.186,12.3073,8.5572,48.1047
23098,3406,3610,3334,3169,4039,4366,3896,3501,5161,7612,4972,3815,5273,6957,4964,3852,13.7107,-7.48865,8.78863,47.9513
23099,3262,3562,4370,5290,3396,3746,5332,8908,3289,3694,4920,7103,3236,3555,3967,4400,-3.14018,23.6953,8.97992,48.02
23100,3235,3380,3389,3271,3562,3769,3729,3555,4404,4932,4878,4120,5031,8893,7566,4574,32.7476,-1.9307,8.91848,48.192
23101,3194,3300,3533,3544,3340,3812,4346,4137,3579,4359,7118,6279,3581,4532,7090,6542,15.2164,13.1082,8.74195,48.1907
23102,3303,3639,4379,5188,3438,3869,5396,8469,3292,3770,4959,7025,3306,3580,4161,4390,-2.40669,23.3148,8.58314,48.1093
23103,3359,3395,3132,3120,3799,3818,3501,3392,4769,5303,4371,3657,6903,9909,5553,3902,28.0547,-9.35478,8.87113,47.922
23104,3199,3343,3397,3397,3338,3488,3909,3897,3622,4166,5284,5353,3666,4792,8973,8506,27.1959,14.118,8.54682,48.22
23105,3176,3298,3412,3472,3293,3428,3950,4222,3393,3927,5287,7369,3445,4007,6256,10337,19.9242,22.9794,8.57211,48.1813
23106,3191,3419,3432,3395,3615,3850,4016,3735,4029,5335,6434,4647,4216,6160,8160,5089,18.5621,4.02747,8.73809,48.482
23107,12601,5700,3768,3336,6021,4723,3753,3405,3923,3768,3406,3186,3510,3407,3335,3129,-33.9627,-31.3466,8.71928,47.314
23108,3522,4338,7991,9791,3473,4016,5341,5943,3174,3590,3801,4068,3094,3179,3386,3482,-24.6712,17.8707,8.61009,48.126
23109,3447,3836,6385,12562,3415,3773,4805,6022,3261,3519,3781,3817,3161,3175,3325,3445,-29.8425,27.4445,8.64275,47.8193
23110,12180,6787,3930,3314,5954,4968,3766,3365,3889,3880,3362,3216,3304,3335,3179,3164,-33.5219,-23.5271,8.9653,47.7287
23111,3251,3336,3336,3281,3682,3926,3789,3542,4370,5804,5054,4102,5045,8486,6930,4392,21.3119,-2.56981,8.88274,48.2173
23112,3824,3605,3413,3092,4796,4467,3747,3388,7363,6964,4281,3536,6418,5857,4024,3509,11.6454,-16.2065,8.7226,48.1893
23113,5861,4804,3691,3288,9659,5243,3791,3364,6184,4519,3524,3323,4136,3846,3471,3282,-6.10315,-33.9305,8.6352,47.9907
23114,3161,3391,3655,3754,3316,3598,4229,5179,3386,3803,5482,9580,3351,3814,5204,7497,11.6531,25.2052,8.54245,48.2667
23115,3237,3398,3911,4181,3208,3757,4909,6630,3379,3803,5668,9064,3194,3650,4533,5517,4.69573,22.9816,8.90109,48.026
23116,3081,3181,3361,3231,3275,3395,3748,4030,3432,3775,4819,6244,3388,3986,6093,12338,26.3744,30.3756,8.54333,47.5847
23117,3392,3960,6673,11950,3373,3729,4935,6111,3161,3438,3780,3790,3142,3256,3380,3472,-26.5269,23.8516,8.95971,47.6947
23118,4440,4452,3604,3222,6819,6098,4090,3363,6905,6003,4017,3531,4552,4342,3616,3247,0.165976,-17.0836,8.83758,48.2007
23119,4055,4124,3692,3287,5220,6089,4324,3619,6009,7396,4503,3679,4524,4759,3934,3445,2.71689,-11.6671,8.75806,48.4393
23120,3598,4363,5880,5080,3657,4761,8163,5818,3601,3892,4955,4550,3291,3572,3635,3761,-9.5824,10.32,8.61899,48.3847
23121,4138,4051,3571,3262,5837,5121,3908,3427,8052,6354,4082,3462,5342,4700,3704,3401,5.14713,-18.7729,8.56284,48.2747
23122,5481,6270,4391,3653,6156,8021,4697,3695,4340,4612,3795,3580,3613,3670,3435,3212,-11.5916,-10.9292,8.84483,48.414
23123,3178,3300,3302,3332,3430,3712,3990,3808,3906,4843,6146,4875,3963,5839,8772,5829,20.6134,6.7675,8.68302,48.15
23124,3657,3752,3608,3433,4331,5345,4430,3649,5013,8157,5492,3831,4356,5261,4499,3738,6.73836,-5.77881,8.94257,48.368
23125,10855,5626,3838,3454,7890,4941,3789,3460,4268,3972,3350,3161,3478,3465,3305,3170,-19.1293,-30.3967,8.91436,48.0147
23126,3265,3254,3586,3868,3203,3595,4193,5224,3324,3853,5218,9674,3346,3871,5061,7743,11.6941,31.1145,8.79046,48.1853
23127,3174,3479,3669,3558,3493,3818,4436,4272,3615,4694,7766,6258,3660,4401,6544,5768,12.8831,11.619,8.64479,48.4033
23128,10526,6476,3971,3396,7241,5099,3815,3413,4245,3937,3534,3265,3448,3448,3260,3074,-20.5449,-23.1558,8.87083,48.0987
23129,10301,5716,3775,3333,8111,5125,3783,3352,4410,4011,3547,3234,3467,3459,3179,3012,-18.0577,-27.7501,8.83535,47.8767
23130,3564,3491,3457,3120,4093,4287,3669,3323,6320,6548,4352,3533,7080,7412,4602,3727,17.0089,-13.8657,8.55972,48.3853
23131,3366,3883,6098,12631,3355,3786,4692,5997,3237,3309,3710,3917,3164,3253,3376,3293,-30.3776,32.7787,8.82668,47.378
23132,4390,7363,8522,4854,4037,4958,5644,4342,3461,3812,3880,3669,3259,3277,3352,3253,-22.9002,2.26368,8.64793,48.0487
23133,3125,3245,3428,3489,3261,3509,3796,4024,3426,3913,4989,5908,3410,4268,7510,10910,26.894,20.068,8.67683,48.1407
23134,3517,4305,6994,7788,3444,4181,6262,6805,3384,3668,4206,4223,3227,3267,3440,3598,-17.0468,16.2844,8.52592,48.206
23135,4019,3741,3544,3226,5473,5105,3799,3414,7521,7031,4151,3429,5321,5097,3824,3324,6.28883,-16.2456,8.93719,48.0127
23136,9740,8265,4572,3527,5668,5102,4063,3424,3828,3743,3446,3296,3306,3414,3265,3139,-26.4201,-16.918,8.87772,47.8653
23137,11514,5807,3909,3400,7217,4985,3825,3402,4061,3902,3469,3294,3387,3428,3176,3201,-20.8989,-28.5847,8.76345,47.9847
23138,3189,3561,4204,4976,3386,3813,4980,8615,3390,3769,4841,7859,3206,3593,4050,4748,-0.807262,30.318,8.72307,48.12
23139,3402,4117,6810,8215,3501,4024,6155,7024,3347,3724,4096,4317,3096,3330,3557,3582,-16.7532,17.4337,8.54702,48.198
23140,3629,3553,3246,3174,4814,4205,3486,3265,9335,5227,3750,3432,8151,5287,3920,3395,13.1407,-33.1223,8.83929,47.9127
23141,4307,4113,3658,3195,5758,5890,4155,3542,6441,6825,4305,3624,4743,4648,3728,3243,2.45862,-14.3131,8.62781,48.1167
23142,3397,3508,3340,3079,3848,4065,3613,3287,5592,5887,4251,3620,7665,8461,4869,3602,21.3411,-12.7182,8.62841,48.056
23143,3258,4043,5428,8611,3471,3801,5264,9318,3300,3454,4115,4919,3056,3164,3501,3620,-13.8162,26.3713,8.80149,48.2153
23144,3541,4507,7964,8959,3487,3912,5510,6116,3280,3594,3984,4083,3134,3335,3520,3416,-21.7634,16.5429,8.75364,48.228
23145,7168,7176,4276,3487,6647,6608,4239,3505,4338,4145,3602,3341,3459,3540,3324,3072,-16.0305,-14.6016,8.88019,47.9513
23146,3375,3892,5745,8477,3345,3888,5578,8754,3271,3649,4245,4720,3028,3254,3425,3547,-14.7465,23.2206,8.85832,48.1287
23147,5034,8257,7495,4574,4208,5295,5144,4046,3545,3852,3792,3564,3282,3441,3403,3235,-23.7019,-1.1479,8.63507,48.1113
23148,6410,9608,5857,3977,4860,5482,4521,3774,3604,3794,3732,3381,3447,3269,3320,3238,-26.1132,-7.71589,8.88521,48.1827
23149,3424,3960,6014,12820,3331,3731,4704,5968,3287,3329,3661,3855,3208,3206,3237,3446,-29.8489,33.5658,8.98708,47.454
23150,8732,6340,4063,3488,7841,5747,3960,3433,4522,4126,3559,3174,3545,3469,3254,2970,-16.8644,-20.6586,8.79997,48.1487
23151,6042,9872,6465,3981,4657,5155,4572,3806,3640,3777,3741,3312,3320,3347,3319,3232,-32.7652,-5.92511,8.78942,48.1587
23152,3320,3962,5855,10911,3397,3778,5052,7619,3202,3446,3943,4174,3120,3233,3371,3443,-19.768,28.8724,8.86453,47.884
23153,3319,3469,3267,3120,3832,3796,3598,3343,5092,6064,4527,3597,6663,8991,5368,3802,21.9047,-9.78508,8.77055,47.8987
23154,3381,3255,3205,3050,3909,3811,3442,3199,6171,5000,3799,3392,11285,6976,4171,3462,26.8585,-21.743,8.82859,47.672
23155,3930,3875,3664,3209,5219,5321,4036,3433,6740,7454,4372,3465,5029,4931,3842,3336,5.72551,-13.8455,8.87801,47.904
23156,3127,3635,4318,4839,3428,3954,6005,7523,3384,3938,5651,7160,3236,3586,4154,4622,-0.880477,19.1455,8.70904,48.3733
23157,11786,6151,3841,3233,6780,4886,3753,3380,4059,3793,3557,3204,3501,3363,3263,3103,-23.2462,-26.3175,8.96217,47.7687
23158,3488,3906,5201,5423,3574,4298,7114,7614,3369,3673,5006,5222,3197,3473,3889,4046,-7.3986,15.6896,8.89063,48.3287
23159,10712,7846,4200,3553,5786,4997,3971,3399,4102,3823,3507,3193,3365,3478,3251,3154,-29.6005,-19.3618,8.51679,48.2247
23160,3151,3277,3436,3437,3229,3581,3959,4100,3423,4036,5535,6695,3502,4270,7278,9505,20.9066,19.1577,8.50433,48.276
23161,4448,4295,3506,3288,6505,5808,3918,3421,6980,6293,4020,3495,4713,4405,3675,3361,1.55671,-17.1944,8.7017,48.0873
23162,4473,4246,3632,3231,7098,5651,3991,3418,7691,5844,3927,3307,4777,4405,3667,3341,1.44524,-19.6553,8.89097,48.466
23163,3208,3351,3583,3772,3316,3600,4229,5117,3439,3836,5208,9629,3301,3870,5175,7699,11.6151,31.9571,8.70964,48.222
23164,3101,3238,3308,3381,3250,3481,3734,4011,3442,3677,4755,6369,3402,3866,6106,12447,25.8679,30.8049,8.77027,47.712
23165,3502,4486,8181,9020,3450,4077,5637,5991,3200,3594,3989,3942,2970,3344,3499,3507,-21.9455,16.1497,8.87649,48.2593
23166,3211,3474,3259,3348,3651,3744,3713,3354,4290,5045,4895,3955,5206,9288,7459,4364,32.23,-2.78623,8.98227,48.1707
23167,3059,3280,3270,3309,3444,3707,3845,3773,3790,4517,5612,4705,4004,6077,9585,6353,24.3199,7.21059,8.76943,48.22
23168,10685,6647,4057,3363,6791,5149,3861,3385,4133,3823,3618,3206,3453,3474,3249,3046,-21.8703,-21.6843,8.57702,47.96
23169,3200,3332,3348,3382,3451,3707,3839,3475,4120,5049,5224,4286,4534,7600,8589,5017,25.5732,1.73841,8.6292,48.102
23170,4270,4161,3680,3256,7170,4774,3688,3226,8926,5121,3822,3395,5192,4391,3625,3296,2.63986,-33.9095,8.5423,47.9953
23171,3465,3870,5464,9441,3375,3891,5074,8520,3225,3518,4121,4659,3165,3265,3473,3570,-16.0832,31.027,8.93596,48.064
23172,3399,3376,3302,3179,3992,3861,3506,3188,5629,5054,3881,3393,10276,8036,4353,3570,30.9192,-18.1058,8.82849,47.9967
23173,3419,3439,3213,3120,3943,3874,3326,3209,6579,4870,3777,3362,12412,6010,3889,3311,24.5162,-31.9073,8.75838,47.8353
23174,3243,3666,4374,4683,3402,4016,6112,7412,3371,3900,5729,6762,3327,3624,4206,4435,-0.988503,18.373,8.93846,48.1747
23175,3275,3390,3457,3412,3569,4155,4416,3860,4093,5799,7551,4678,4002,5195,6489,4942,13.0608,4.42848,8.92603,48.1887
23176,3376,3732,4538,5907,3302,3904,5259,10064,3224,3654,4371,6412,3113,3283,3799,4148,-6.05007,30.3107,8.9608,48.0573
23177,10372,5978,4075,3419,7671,5163,3916,3487,4373,3926,3578,3215,3468,3289,3236,3104,-19.0882,-25.7692,8.62275,48.18
23178,3456,3447,3373,2993,4083,4092,3677,3279,6472,5855,4163,3490,8353,7302,4480,3490,18.8866,-16.4824,8.55635,48.0033
23179,3273,3350,3416,3224,3609,3998,3753,3417,4654,5812,5039,3868,5380,9036,6471,4109,21.7103,-4.38632,8.79572,48.2727
23180,6652,8582,5149,3800,5185,6321,4457,3765,3954,3927,3638,3323,3413,3383,3320,3094,-20.3754,-10.4529,8.59295,47.9753
23181,5001,8753,7819,4633,4247,5143,4981,4071,3453,3734,3730,3494,3323,3422,3340,3311,-27.7317,-1.15435,8.85824,48.3033
23182,3266,3731,5028,7356,3331,3770,5266,9871,3213,3631,4241,5249,3199,3496,3643,3772,-10.5615,32.5971,8.75781,48.042
23183,5059,4892,3958,3283,7002,7587,4413,3474,5180,5389,3871,3397,4001,3877,3561,3307,-5.77277,-14.1145,8.94819,48.1673
23184,3637,4585,8568,9307,3517,3997,5007,5412,3276,3512,3825,3843,3022,3279,3388,3479,-31.173,16.085,8.70285,47.7693
23185,3441,3430,3314,3169,3949,3995,3607,3430,5375,6287,4526,3740,6548,8587,5342,3827,19.6705,-9.53242,8.59693,48.378
23186,5529,9342,7208,4323,4273,5035,4585,4024,3638,3794,3699,3487,3227,3396,3356,3119,-30.2805,-3.48485,8.60852,48.0233
23187,12191,5916,3828,3353,6440,4946,3696,3461,3837,3756,3391,3367,3340,3416,3213,3187,-24.901,-32.5568,8.57505,47.5587
23188,4494,5556,4676,3694,4823,8031,5783,3882,4080,4982,4292,3575,3667,3742,3628,3344,-8.59257,-5.32057,8.89787,48.166
23189,3312,3586,3986,3993,3397,4079,5675,5374,3472,4448,7252,6496,3428,4037,4899,4829,4.48185,13.5494,8.50567,48.1753
23190,3734,3662,3318,3072,4877,4292,3543,3225,8639,6063,4013,3421,7535,5523,3975,3407,12.5497,-20.6977,8.98924,48.1993
23191,3381,3712,5787,12457,3344,3683,4801,6088,3392,3360,3798,3895,3166,3212,3463,3425,-33.6027,31.1864,8.80948,47.3093
23192,3981,4645,4529,3806,4439,7173,6473,4104,4023,5446,5027,3856,3631,3838,3766,3612,-4.78344,-1.691,8.89921,48.2327
23193,5431,4397,3722,3197,8964,5524,3776,3318,6849,4916,3795,3427,4243,3964,3568,3137,-4.0255,-23.0619,8.81126,48.152
23194,3148,3339,3602,3455,3499,3764,4312,4172,3835,4740,7575,5715,3717,4678,6998,5795,14.2643,10.183,8.65407,48.2293
23195,4797,8222,8246,4842,4216,5084,5147,4257,3539,3746,3786,3557,3174,3401,3420,3215,-25.4138,0.0343269,8.77679,48.4327
23196,7160,9872,5492,3812,5017,5247,4206,3653,3713,3908,3595,3365,3279,3449,3206,3269,-28.8653,-10.0791,8.70431,48.162
23197,4290,6855,9353,5417,4000,4683,5065,4386,3475,3717,3841,3717,3212,3330,3434,3265,-31.7075,4.22658,8.74583,48.0267
23198,3327,3853,5665,10889,3394,3762,5073,7573,3269,3491,3893,4144,3101,3265,3428,3500,-19.6177,31.6591,8.81348,47.7513
23199,3382,3820,4387,4383,3592,4160,6507,6225,3464,4249,6407,5969,3408,3672,4363,4307,-0.778987,14.0564,8.66218,48.1967
23200,3135,3456,3598,3474,3379,3717,4342,4533,3590,4396,7106,7065,3532,4215,6440,6481,13.0599,14.8981,8.93,48.306
23201,8483,7898,4608,3604,6109,5933,4059,3543,4136,3883,3511,3313,3450,3426,3255,3106,-20.5197,-15.6885,8.82811,48.2113
23202,3363,3592,4287,4406,3567,3971,6543,5995,3488,4227,6652,6292,3355,3821,4350,4420,0.479723,13.943,8.97774,48.2193
23203,9186,7795,4494,3487,6244,5578,4021,3493,4009,3797,3582,3386,3506,3498,3323,3062,-21.2169,-17.225,8.87311,48.3073
23204,3323,3733,4671,5303,3538,3950,6206,8268,3389,3775,4938,6306,3161,3491,3975,4215,-4.65897,19.6211,8.58297,48.1613
23205,3207,3531,3971,4411,3388,3682,4764,7062,3338,3843,4948,9300,3239,3587,4445,5407,3.34083,30.1006,8.53416,48.082
23206,5136,8051,6176,4148,4654,6434,5173,3870,3810,4111,3803,3519,3278,3368,3338,3269,-18.4701,-4.13023,8.82863,48.092
23207,5926,9672,6147,4030,4721,5310,4667,3669,3698,3853,3627,3380,3236,3320,3275,3176,-33.2672,-6.74494,8.65091,47.8047
23208,4701,7482,7764,4719,4144,5570,5609,4303,3673,3764,3919,3660,3175,3415,3522,3309,-21.3466,0.497422,8.61628,48.486
23209,3395,4086,6188,12436,3358,3858,4819,6011,3196,3540,3762,3994,3057,3124,3398,3517,-31.4504,26.7996,8.53456,47.826
23210,3027,3206,3498,3518,3241,3473,3999,4356,3324,3859,5242,7693,3423,3969,6012,10657,19.1433,24.5284,8.96181,48.3313
23211,3493,4209,7734,10854,3438,3819,4915,5802,3197,3468,3810,3917,3185,3183,3385,3400,-31.4059,19.2554,8.9847,47.8727
23212,3323,3943,5194,6429,3394,3941,6304,8976,3364,3612,4475,5314,3157,3404,3643,3909,-9.11546,20.3854,8.9048,48.2547
23213,3591,4446,7592,8297,3562,4116,5911,6353,3255,3518,4116,4107,3118,3366,3449,3525,-19.2101,16.2383,8.73273,48.2147
23214,3224,3440,3361,3287,3530,3866,3873,3586,4197,5368,6036,4358,4505,6974,7848,4839,19.9438,1.75264,8.58956,48.1947
23215,3897,3765,3514,3154,5243,4762,3714,3466,8000,6972,4162,3386,5737,5207,3894,3406,8.13967,-17.1683,8.8744,48.186
23216,3304,3437,3773,3777,3288,3734,4745,4940,3532,4303,7133,7597,3387,4022,5530,5857,9.56591,15.758,8.94938,48.2393
23217,3224,3310,3379,3273,3579,3890,3725,3584,4183,5302,5263,4052,4919,8222,7552,4735,23.7458,-1.00806,8.67109,48.128
23218,3457,4079,5726,7498,3333,3953,6251,8479,3201,3476,4266,4820,3150,3293,3637,3687,-12.7002,19.8711,8.95509,48.204
23219,3297,3384,3496,3216,3591,3938,4166,3741,4087,5736,6382,4435,4270,6610,7250,4684,17.3771,1.4818,8.8539,48.1887
23220,3313,3295,3285,3108,3874,3909,3517,3270,5491,5230,4032,3490,9468,8798,4665,3518,28.1059,-15.9208,8.89704,48.1753
23221,6089,6163,4291,3451,7148,7386,4371,3453,4600,4472,3659,3363,3567,3563,3435,3023,-12.0238,-14.5213,8.90224,48.0227
23222,8062,5244,3778,3371,9440,5369,3813,3347,5043,4225,3537,3194,3637,3557,3272,3148,-12.5648,-28.0055,8.66391,48.0247
23223,4298,6611,9133,5417,3898,4727,5500,4509,3430,3768,3853,3734,3203,3320,3402,3360,-23.9261,4.31179,8.66466,48.1087
23224,3397,3319,3289,3221,3681,3868,3713,3443,4731,5207,4658,3713,5683,9480,6534,4154,28.3319,-5.43396,8.57285,48.0607
23225,3362,3851,6053,12722,3241,3788,4862,6321,3148,3495,3721,3870,3021,3191,3279,3457,-27.6779,28.9593,8.85662,47.588
23226,3329,3393,3268,2976,4163,3937,3568,3273,6658,5643,4007,3448,9164,7265,4266,3554,20.1657,-18.3359,8.73836,47.9413
23227,3410,3394,3229,3086,3844,3838,3491,3254,6150,4778,3771,3211,12589,6275,4011,3407,28.9876,-27.5246,8.7303,47.8253
23228,7421,8357,4675,3641,6028,6137,4361,3552,3995,4072,3709,3289,3435,3482,3366,3107,-19.2738,-13.2747,8.89349,48.418
23229,3555,3529,3230,3155,4609,4099,3513,3244,8707,5194,3909,3371,9047,5486,3835,3440,15.1971,-32.8695,8.65915,47.9487
23230,3400,3358,3328,3319,3594,3836,3775,3413,4300,5511,5069,4087,5277,9014,6976,4378,23.1277,-3.05761,8.81061,48.4233
23231,3887,3993,3732,3521,4501,6074,4734,3771,4872,7424,5144,3820,4195,4645,4253,3587,2.84406,-5.65746,8.83687,48.102
23232,3902,4101,3638,3431,4759,5875,4316,3587,5521,7929,4854,3724,4431,4773,4024,3474,4.09363,-8.96254,8.78315,48.226
23233,4170,5244,5208,4175,4525,6966,6805,4253,3920,4665,4609,3846,3451,3688,3603,3398,-9.00426,-0.498388,8.69728,48.3507
23234,3421,3291,3265,3115,4054,3859,3491,3195,6642,5478,4018,3431,10075,7060,4139,3461,21.6473,-20.1881,8.91206,47.9967
23235,4187,6095,7275,4924,4181,5580,6680,4582,3474,3965,4085,3749,3200,3451,3440,3246,-16.6393,3.06769,8.9335,48.076
23236,3597,4471,8143,10118,3469,3900,5111,5557,3161,3502,3830,3938,3147,3188,3355,3402,-29.3239,17.6039,8.96213,47.926
23237,6383,4995,3718,3312,8982,6301,3901,3462,5483,4559,3673,3359,3914,3686,3340,3166,-9.07271,-20.856,8.99539,48.156
23238,12340,6439,3863,3454,6196,4876,3831,3305,3938,3687,3397,3282,3451,3472,3261,3107,-27.1927,-25.6371,8.76558,47.9327
23239,3221,3287,3459,3400,3350,3527,3821,3951,3390,3733,4725,6008,3399,3890,5919,12437,32.5609,29.7921,8.55089,47.678
23240,4760,7731,7035,4574,4305,5826,5489,4099,3635,3943,3853,3707,3288,3402,3345,3188,-19.6998,-1.41194,8.64069,48.12
23241,4200,3997,3511,3399,5954,5720,3870,3359,7143,6754,4205,3423,4937,4718,3863,3348,3.13732,-16.266,8.62538,48.2673
23242,4221,4933,4399,3709,4849,7991,5972,3926,4264,5328,4530,3696,3670,3904,3778,3446,-6.20467,-4.28638,8.8686,48.4107
23243,3693,3591,3334,3144,4951,4192,3581,3232,9243,5377,3824,3397,7800,5226,3821,3290,12.6111,-24.0563,8.93507,47.7973
23244,3236,3699,4384,5508,3446,3811,5161,9216,3278,3674,4682,7229,3232,3451,4002,4279,-3.3809,27.8147,8.77026,48.192
23245,4708,4408,3775,3207,6551,6755,4274,3416,6106,6063,4072,3473,4384,4236,3668,3283,-1.59544,-14.8361,8.52309,48.2527
23246,3865,3905,3522,3324,4656,5617,4301,3553,5478,7947,5100,3678,4447,4934,4130,3547,5.22155,-8.2788,8.87383,48.0027
23247,3316,3770,5150,8004,3408,3910,5524,9390,3276,3520,4157,5065,3162,3407,3570,3615,-12.7874,25.6721,8.77802,48.1627
23248,3421,3359,3244,3175,3911,3728,3387,3268,5898,4658,3721,3379,12858,6170,3940,3331,31.4476,-28.7116,8.99815,47.632
23249,5753,9493,6763,4145,4431,5230,4689,3856,3655,3817,3711,3444,3280,3378,3279,3145,-27.7054,-5.09637,8.57664,48.046
23250,9217,7793,4417,3513,6169,5593,4049,3439,4019,3958,3501,3268,3282,3488,3262,3164,-21.9404,-17.3477,8.75717,48.088
23251,3144,3210,3313,3365,3221,3452,3736,3907,3446,3769,4743,6151,3355,3882,5927,12684,27.0488,32.5263,8.81663,47.5367
23252,3990,3671,3394,3115,5792,4393,3583,3340,9952,5184,3918,3446,6629,4594,3647,3245,8.4591,-29.917,8.66574,47.9287
23253,3604,3538,3291,3257,4552,4207,3672,3225,7646,6451,4081,3477,7242,6209,4131,3461,14.0382,-17.9233,8.59002,48.0293
23254,4282,3860,3456,3132,6850,4615,3611,3333,9602,5159,3714,3340,5583,4356,3768,3315,4.62856,-28.7605,8.76269,47.984
23255,3751,3777,3413,3231,4747,4650,3712,3261,7301,7227,4358,3655,5892,5627,4164,3482,10.0877,-15.422,8.69232,48.1653
23256,6128,6291,4343,3555,6841,7419,4440,3592,4513,4502,3690,3523,3636,3593,3340,3138,-12.542,-13.7823,8.91332,48.3627
23257,4038,3725,3368,3142,5720,4478,3568,3240,9351,5583,3964,3314,6253,4904,3759,3346,8.3818,-24.6888,8.5082,47.8353
23258,12275,6705,3972,3334,5959,4910,3645,3339,3874,3815,3396,3212,3438,3370,3188,3129,-32.7084,-23.615,8.94702,47.7073
23259,3124,3312,3490,3424,3383,3577,4074,3914,3518,4241,6206,5815,3695,4812,8204,7490,19.3497,13.0188,8.5404,48.186
23260,3121,3386,3457,3210,3477,3702,3888,3504,4202,5077,5163,4287,4735,7774,8398,4849,24.687,0.836406,8.67134,48.1533
23261,3887,5342,8943,6736,3705,4430,6089,5094,3452,3571,3940,3866,3136,3277,3291,3397,-21.7887,10.1227,8.6858,48.104
23262,3420,3877,5576,8565,3394,3834,5458,8667,3212,3474,4037,4768,3044,3365,3624,3619,-14.8818,24.0699,8.79076,47.956
23263,3856,3898,3605,3350,4827,5541,4138,3458,6106,7982,4702,3649,4663,5105,3940,3568,5.59192,-10.7649,8.74197,48.2587
23264,3741,5540,8973,6383,3754,4584,6136,4938,3386,3674,4015,3757,3218,3316,3480,3385,-21.3147,8.96315,8.869,48.1867
23265,3344,3290,3216,3179,3908,3768,3448,3226,6512,4834,3848,3493,12298,6235,4065,3354,25.2579,-27.1547,8.90091,48.012
23266,4185,4590,4024,3589,5104,7527,5088,3758,4696,6240,4576,3621,3997,4153,3846,3401,-2.88255,-6.71603,8.72775,48.2633
23267,11643,6600,3938,3439,6793,4970,3812,3313,4017,3835,3402,3264,3396,3480,3187,3115,-23.2347,-23.6301,8.90743,48.136
23268,5219,4294,3593,3248,8982,5123,3811,3266,7583,4870,3644,3299,4442,3967,3465,3166,-2.24598,-31.6239,8.75335,47.9813
23269,3924,3829,3402,3147,5195,4846,3809,3313,7524,7024,4269,3560,5727,5331,3987,3333,8.0949,-16.5389,8.57945,48.1467
23270,3428,3342,3217,3109,3876,3728,3557,3261,5684,5445,4002,3493,9018,8513,4553,3569,24.4116,-15.815,8.76467,47.8633
23271,3145,3488,3811,4050,3273,3713,4539,6453,3367,3760,5097,9884,3367,3720,4590,5836,5.48838,30.5334,8.93029,48.062
23272,3162,3275,3500,3536,3194,3415,3737,3990,3415,3666,4836,5969,3463,3792,6423,12136,31.6473,24.7667,8.51615,47.6727
23273,5246,9132,7317,4423,4345,5108,4675,3972,3601,3717,3769,3508,3327,3402,3352,3186,-28.2846,-2.83432,8.91334,48.0533
23274,3355,4025,6833,11981,3387,3836,4907,6060,3100,3382,3770,4032,3099,3228,3284,3402,-32.2698,22.5707,8.60519,47.7873
23275,3235,3419,3760,3897,3372,3777,4828,5465,3443,4071,6842,8371,3300,3947,4945,5699,7.71241,18.1638,8.67863,48.2473
23276,5005,4321,3574,3256,8824,4960,3744,3358,7530,4882,3662,3390,4552,4126,3530,3266,-1.84264,-32.504,8.66583,47.9867
23277,3473,3341,3166,3057,3949,3739,3386,3222,6674,4804,3770,3341,11963,6342,3998,3522,23.8689,-26.1343,8.94583,47.8313
23278,3985,6064,9640,6221,3845,4547,5272,4679,3373,3675,3831,3699,3238,3260,3362,3383,-27.798,7.22725,8.6681,48.0493
23279,3240,3496,4251,4903,3340,3673,4908,8363,3384,3795,4926,8107,3242,3571,4026,4670,-0.520258,30.3401,8.54795,47.93
23280,3155,3235,3538,3558,3409,3683,4173,4071,3684,4440,6796,5936,3664,4636,7609,6505,16.7378,11.8625,8.51623,48.0613
23281,3412,3937,5843,12721,3417,3844,4649,5904,3237,3434,3862,3838,3187,3200,3392,3459,-30.9304,30.8694,8.71109,47.5573
23282,6275,5051,3884,3411,8831,6115,4056,3400,5478,4505,3632,3352,3942,3779,3449,3113,-8.47175,-20.9547,8.55641,48.182
23283,12826,6113,3970,3462,6038,4858,3742,3301,3893,3791,3469,3249,3423,3346,3110,3229,-28.8814,-30.2817,8.74946,47.88
23284,4898,7728,6929,4548,4361,5850,5494,4029,3598,4064,4005,3557,3295,3528,3278,3290,-19.478,-1.49139,8.84934,48.3013
23285,4443,4303,3684,3291,6387,6186,4023,3503,6603,6429,4147,3423,4498,4413,3693,3263,0.547389,-15.3546,8.77413,48.1927
23286,4135,5412,5469,4360,4287,6766,7080,4495,3779,4218,4473,3904,3443,3682,3580,3440,-10.8568,0.793875,8.98496,48.3487
23287,9312,7883,4460,3613,6111,5512,3996,3433,3918,3931,3411,3286,3351,3432,3245,3009,-22.6993,-17.0461,8.7081,47.9353
23288,10122,6766,4027,3502,7018,5296,3981,3405,4176,3990,3459,3189,3462,3404,3207,3109,-20.2613,-21.2554,8.88232,48.0753
23289,6163,5419,3930,3416,7959,6922,4068,3401,5110,4636,3769,3397,3850,3774,3447,3187,-9.36327,-17.0079,8.79475,48.2987
23290,4755,4096,3623,3193,8276,4941,3753,3277,8539,4964,3696,3320,4894,4213,3481,3265,0.286949,-29.3701,8.95271,48.1907
23291,3387,3877,5423,9032,3364,3921,5163,8874,3330,3485,4033,4491,3208,3293,3435,3485,-15.5614,32.5837,8.80545,47.8673
23292,7407,9707,5154,3722,4996,5225,4256,3644,3874,3836,3577,3278,3458,3378,3317,3149,-32.9488,-11.4051,8.644,47.9853
23293,3330,3395,3227,3202,3788,3831,3647,3358,4663,5215,4342,3696,6299,9646,5896,3943,30.5733,-7.63003,8.51692,47.652
23294,3191,3531,4129,4740,3352,3736,4893,8121,3281,3770,4919,8242,3237,3619,4113,4814,0.0697963,32.4005,8.69147,47.792
23295,4252,5991,8016,5317,3823,4962,6475,4789,3478,3794,3957,3753,3215,3437,3363,3317,-18.8074,5.01161,8.62102,47.9593
23296,4057,3895,3572,3235,5664,5173,3807,3414,7549,6674,4124,3510,5244,4771,3864,3435,5.23264,-17.1102,8.56204,47.992
23297,3122,3186,3586,3562,3234,3602,4145,4499,3385,3939,6239,7773,3433,4144,6391,7962,15.1387,18.8476,8.94165,48.1347
23298,3505,3325,3314,3151,3910,3781,3412,3268,5970,4722,3753,3299,12917,6144,3847,3331,29.5966,-28.9058,8.99477,47.766
23299,3765,4171,3871,3458,4476,6051,4791,3720,4759,7444,5384,3876,4125,4611,4122,3657,2.86403,-5.26567,8.93774,48.1873
23300,3285,3692,5101,7325,3262,3861,5349,9769,3338,3566,4436,5166,3164,3357,3659,3686,-10.8655,33.4642,8.84902,48.0107
23301,3282,3395,3947,4438,3351,3609,4721,7118,3404,3783,5070,9263,3217,3613,4315,5306,3.39144,31.3105,8.80829,47.888
23302,4121,3894,3393,3103,6262,4686,3694,3293,9714,5633,3808,3322,5735,4701,3641,3363,5.90054,-24.2222,8.96257,48.242
23303,3611,4046,4626,4135,3861,5017,7476,5166,3896,4560,6160,4653,3368,3799,4100,3973,-2.69725,6.96711,8.60648,48.298
23304,3615,4953,9535,8291,3591,4152,5221,5086,3189,3571,3801,3822,3152,3186,3323,3331,-29.6908,13.2021,8.98559,47.8793
23305,3446,3510,3419,3233,4097,4270,3812,3382,5546,7394,4893,3748,5686,7025,4831,3751,14.5964,-9.22005,8.98029,48.0287
23306,12438,6156,3845,3376,6430,4750,3764,3386,4005,3693,3403,3172,3398,3301,3188,3130,-26.796,-28.6914,8.62619,47.6233
23307,3821,4351,4646,3772,4027,6114,6830,4587,3894,5119,5618,4132,3674,3946,3995,3690,-3.34969,2.13504,8.67575,48.144
23308,10576,7735,4334,3637,5927,4998,3805,3427,3906,3883,3542,3234,3412,3383,3234,3078,-26.4444,-19.2463,8.68246,48.074
23309,3315,3436,3145,3216,3997,3753,3369,3193,5947,4815,3897,3380,11770,7003,3990,3394,32.3425,-22.611,8.91859,47.7467
23310,3936,3927,3499,3253,5043,5455,4014,3456,6319,7781,4528,3467,4928,5068,4026,3479,5.43132,-12.3338,8.72529,48.1193
23311,3206,3338,3565,3597,3416,3744,4265,4088,3478,4475,7065,6271,3569,4391,7261,6383,15.3128,12.7443,8.72885,48.0747
23312,3539,3908,5872,10931,3440,3782,5106,7462,3243,3431,3812,4092,3122,3315,3402,3405,-20.1891,33.3464,8.824,47.908
23313,3572,3457,3275,3183,4453,4167,3630,3295,7384,5878,4101,3416,8263,6613,4074,3479,16.6123,-18.7161,8.55373,48.16
23314,9787,8406,4470,3563,5525,5323,3939,3469,3858,3772,3497,3306,3375,3274,3279,3162,-27.6824,-16.4789,8.79819,48.0033
23315,3176,3234,3339,3373,3321,3508,3764,3931,3438,3725,4622,5999,3412,3915,6107,12503,30.2609,27.5505,8.53846,47.578
23316,4495,4315,3592,3176,6913,5845,4019,3383,7213,6083,3962,3427,4600,4369,3737,3274,0.412938,-17.9341,8.90148,48.2687
23317,3216,3319,3355,3253,3524,3837,3891,3668,4187,5709,5850,4301,4577,7249,7702,4652,19.9164,0.688393,8.77376,48.1933
23318,3170,3386,3169,3312,3518,3681,3712,3615,4127,4946,5083,4324,4540,7684,8780,5128,26.9327,1.68112,8.77327,48.1167
23319,3185,3799,4429,4573,3507,4119,6367,6535,3504,4068,6192,6495,3254,3645,4159,4363,-0.592043,16.0078,8.97532,48.1293
23320,3198,3370,3339,3179,3602,3896,3632,3520,4491,5439,5011,4109,5081,8641,7288,4564,23.1781,-2.25873,8.9646,48.24
23321,3335,3484,3790,3760,3633,4215,5101,4378,3693,5032,8071,5565,3644,4300,5398,4745,7.44316,8.18088,8.57867,48.096
23322,3400,4097,6908,11665,3442,3951,4836,5666,3227,3468,3704,3961,3076,3270,3257,3407,-30.6746,22.0945,8.6805,47.5567
23323,4461,5630,5181,4095,4542,7376,6440,4139,3989,4577,4210,3664,3400,3715,3702,3432,-10.1942,-2.15077,8.83674,48.3687
23324,3834,4278,4209,3806,4220,6385,5625,3971,4362,6179,5630,3988,3910,4256,4062,3601,-0.619307,-1.82684,8.69902,48.2107
23325,3895,4896,5829,4495,4090,5913,7836,4748,3594,4248,4936,4011,3250,3488,3676,3426,-9.805,4.27871,8.66242,48.2207
23326,3374,3407,3258,3138,3907,3855,3640,3290,5937,5623,4097,3552,8737,8223,4454,3613,22.4911,-15.498,8.61373,48.07
23327,3528,4438,8652,9161,3415,3979,5107,5507,3306,3559,3806,3841,3062,3161,3360,3493,-33.0837,15.8922,8.61414,47.5833
23328,3020,3142,3570,3368,3297,3600,3821,3873,3407,4061,5143,5615,3534,4375,8388,9685,29.8206,16.7709,8.7886,47.9327
23329,3207,3336,3699,3658,3360,3769,4395,4587,3549,4471,7329,7056,3477,4334,6165,6431,12.3782,15.2411,8.63742,48.5487
23330,4359,6934,8901,5228,3994,4912,5433,4394,3517,3713,3916,3684,3182,3357,3394,3270,-23.5734,2.8847,8.77287,48.1253
23331,5628,8645,5978,4142,4829,6374,4914,3778,3715,3937,3755,3491,3332,3373,3375,3216,-19.792,-5.59757,8.94907,48.3213
23332,3595,3497,3297,3056,4759,4142,3630,3308,8988,5365,3870,3379,8376,5648,3929,3426,14.4865,-24.1825,8.77876,48.1767
23333,7308,5662,3952,3465,8380,6065,4020,3468,4867,4338,3656,3308,3727,3571,3274,3186,-12.4901,-19.7681,8.84409,48.1647
23334,3083,3249,3401,3319,3275,3477,3899,3994,3461,3800,4991,6147,3425,4090,7080,11387,26.4002,22.5603,8.53233,48.052
23335,3497,4201,7686,10199,3446,3888,5365,6029,3297,3435,3841,3925,2991,3325,3335,3441,-24.0094,18.8125,8.87628,47.934
23336,4193,4168,3505,3317,5488,5976,4060,3472,6409,7379,4340,3584,4622,4679,3851,3335,3.11866,-13.0036,8.92602,48.252
23337,3166,3249,3355,3380,3179,3432,3827,3864,3341,3716,4855,6139,3316,4098,6838,11915,26.8941,23.2997,8.95877,47.78
23338,3637,3989,4082,3818,3934,5301,6126,4379,4040,5706,6829,4547,3652,4121,4459,3906,1.63645,3.06329,8.69227,48.3507
23339,3284,3831,5661,9524,3422,3918,5095,8577,3196,3556,4031,4543,3082,3185,3508,3505,-16.5566,26.9521,8.94088,47.9453
23340,3322,3577,4223,4762,3384,3724,5053,8553,3442,3746,4841,7844,3257,3625,4206,4545,-1.0279,33.6118,8.98683,48.0693
23341,3419,3747,4299,4060,3516,4378,6870,5376,3619,4493,7136,5505,3511,3776,4516,4147,0.579062,10.2743,8.93179,48.2453
23342,4307,4075,3604,3188,6767,5152,3834,3325,8264,5809,3881,3440,4995,4519,3641,3237,2.98045,-21.0548,8.67396,48.0253
23343,3932,4119,3742,3345,4923,6145,4525,3583,5344,7479,4919,3679,4291,4440,3944,3588,2.67194,-8.45335,8.5804,47.9987
23344,3260,3797,5154,6785,3420,3928,5759,9308,3204,3662,4403,5371,3123,3393,3714,3940,-9.69027,23.0038,8.50965,48.1473
23345,11271,7176,4053,3358,6266,5017,3873,3406,3999,3816,3431,3183,3497,3449,3216,3123,-25.3915,-22.0256,8.58311,48.0893
23346,3338,3532,3659,3361,3619,4243,4540,3860,4145,6243,7320,4666,4040,5322,5976,4564,11.7259,2.34327,8.62275,48.2853
23347,7170,8797,5073,3669,5514,6191,4354,3647,3988,4020,3627,3277,3481,3413,3232,3023,-20.193,-11.8227,8.97142,48.3173
23348,4883,6140,4933,3910,5072,7940,5524,3987,4140,4526,4087,3480,3531,3676,3462,3268,-10.847,-5.69296,8.96162,48.3727
23349,4686,5012,3988,3571,5914,7681,4640,3568,4882,5782,4115,3600,3941,4001,3593,3408,-5.00982,-11.0461,8.66941,48.2547
23350,12508,6061,3962,3401,6139,4697,3689,3450,3867,3784,3433,3241,3282,3426,3360,3128,-27.5632,-33.5969,8.72053,47.6187
23351,3578,4146,5499,4924,3642,4728,8228,6036,3435,3915,5122,4661,3263,3493,3949,3710,-8.05431,10.6938,8.90841,48.2193
23352,9896,8039,4360,3433,5970,5143,4021,3423,3966,3875,3466,3256,3417,3361,3307,3091,-24.8518,-18.0321,8.79701,48.016
23353,6825,4860,3710,3389,9934,5312,3789,3285,5734,4326,3545,3246,3865,3774,3429,3171,-9.06162,-30.6188,8.58585,48.1293
23354,3683,3717,3445,3171,4959,4628,3883,3342,7881,6866,4197,3484,6134,5369,4118,3431,9.64545,-16.9938,8.86212,48.2053
23355,5948,4605,3670,3368,9508,5696,3786,3337,6335,4606,3558,3263,4138,3803,3465,3144,-5.7339,-23.8481,8.79468,48.1533
23356,5708,4423,3614,3303,9809,5214,3735,3421,6648,4656,3530,3242,4302,3921,3543,3240,-5.06876,-27.9799,8.99123,48.206
23357,4598,6822,6722,4487,4308,6247,6026,4340,3722,3919,4047,3624,3263,3336,3399,3273,-16.6699,-0.0661522,8.9364,48.0887
23358,4022,3898,3533,3172,5540,5078,3936,3396,7740,6999,4126,3467,5397,4942,3848,3356,6.41429,-16.7587,8.56141,48.3
23359,3320,3383,3251,3267,3790,3849,3766,3314,5063,5245,4300,3568,7399,9468,5074,3694,32.5832,-11.2673,8.52428,47.834
23360,3412,3506,3185,3058,4387,3947,3546,3239,7746,5059,3826,3414,10296,5941,3912,3450,18.8656,-24.4794,8.84937,47.9493
23361,3399,3725,5179,7509,3285,3819,5512,9684,3306,3592,4205,5259,3079,3404,3611,3805,-11.8934,25.8479,8.76988,48.2487
23362,3331,3948,6989,11655,3429,3828,4810,6014,3222,3500,3844,3901,3103,3234,3339,3503,-31.5681,21.9439,8.74472,47.7667
23363,3382,3374,3323,3142,3874,3833,3427,3235,5666,4940,3991,3375,10930,7775,4288,3427,31.5845,-19.4687,8.82389,47.988
23364,3377,3810,5159,7236,3396,3881,5614,9441,3319,3472,4308,5250,2975,3447,3634,3707,-11.0351,24.0631,8.90406,48.0173
23365,3553,3971,4807,4510,3712,4616,7923,5773,3528,4241,5859,5029,3381,3661,4005,3849,-4.16337,10.5027,8.6576,48.2787
23366,3105,3273,3431,3325,3158,3477,3850,3973,3355,3721,4899,6167,3429,4012,6214,12146,33.4127,25.0123,8.63199,47.69
23367,3361,4192,7711,10636,3455,3883,5122,5672,3195,3416,3812,3953,3125,3281,3314,3445,-33.2607,18.9987,8.74608,47.7153
23368,4031,4844,4777,4031,4323,6765,6892,4310,3978,4947,4959,4018,3571,3824,3626,3534,-6.15413,-0.00853342,8.81955,48.2867
23369,3474,4443,8337,9604,3507,4028,5259,5811,3349,3526,3864,3997,3134,3219,3271,3337,-25.1251,17.0525,8.95633,48.1067
23370,3459,3943,5372,6172,3559,4026,6785,8140,3350,3814,4585,5077,3196,3421,3738,3778,-9.47007,17.7734,8.76469,48.2767
23371,3330,3385,3317,3200,3729,3716,3413,3311,5833,4696,3813,3319,12609,5943,3929,3324,29.5841,-33.789,8.9207,47.2447
23372,3776,4216,4201,3624,4260,6175,5594,4077,4341,6364,5721,3953,3921,4296,4168,3767,0.38349,-1.8727,8.57347,48.3027
23373,3310,3608,3645,3519,3452,4113,4648,4270,3820,5437,8180,5021,3868,4578,5916,4834,10.2707,6.42335,8.97099,48.146
23374,3882,5813,9933,6692,3693,4302,5152,4751,3310,3498,3744,3778,3148,3255,3378,3370,-30.5093,8.44269,8.86365,47.7993
23375,12042,6407,3963,3374,6629,4937,3840,3484,3939,3810,3454,3128,3406,3323,3220,3027,-24.1512,-24.8991,8.78586,47.9887
23376,5172,7847,5826,4203,4752,6762,5215,3852,3795,4041,3759,3512,3382,3513,3382,3255,-17.297,-4.69963,8.80266,48.1787
23377,3480,3655,3935,3889,3675,4452,5786,4477,3831,5095,7916,5379,3649,4181,5017,4357,4.91141,7.24324,8.6336,48.516
23378,3557,3488,3293,3172,4104,4051,3687,3375,5852,6245,4280,3533,7183,8097,4753,3613,18.6249,-12.8778,8.66283,48.1887
23379,6208,5558,4024,3265,8008,6671,4098,3558,4985,4700,3708,3263,3775,3822,3421,3160,-9.96427,-17.5148,8.83113,48.1493
23380,3340,4074,6490,11212,3371,3966,5052,7033,3154,3465,3855,4030,3092,3165,3422,3348,-21.6513,23.9326,8.85866,48.046
23381,3315,3334,3243,3154,3928,3749,3573,3188,5975,4844,3755,3390,11936,6545,4047,3349,32.125,-24.3407,8.64787,47.55
23382,3775,4022,3853,3576,4211,5697,5115,3905,4595,7072,6013,4028,4048,4576,4353,3706,3.29939,-2.53993,8.79523,48.3633
23383,3337,3816,4222,4217,3521,4368,6623,5459,3560,4595,6991,5578,3424,3886,4526,4332,0.493892,10.7482,8.81889,48.3033
23384,3506,3472,3086,3201,3814,3804,3554,3133,5300,5175,4030,3512,8949,8997,4653,3568,26.3783,-14.7519,8.97684,47.836
23385,3994,4011,3524,3242,5520,5654,3968,3440,7016,7162,4379,3554,4932,4903,3910,3411,4.52257,-14.7539,8.80313,48.4133
23386,3417,3306,3256,3124,3987,3871,3493,3278,6570,4781,3852,3359,11907,6280,3924,3362,24.1733,-26.648,8.70229,47.8447
23387,3404,3536,3559,3233,4133,4643,4017,3544,5471,7964,5114,3862,4884,6271,4750,3738,11.4605,-7.42831,8.83915,48.082
23388,3975,4780,5529,4319,4046,6013,7756,4669,3700,4423,4966,4060,3371,3507,3754,3536,-8.02943,3.52562,8.80207,48.2693
23389,5829,5905,4121,3413,7066,7376,4303,3506,4807,4671,3814,3420,3761,3817,3357,3254,-10.345,-14.5073,8.59735,48.28
23390,3253,3605,4082,4080,3532,4313,6240,5427,3608,4352,7120,6238,3441,3899,4661,4505,2.30278,12.6834,8.78908,48.2373
23391,4665,5020,4053,3517,5953,8062,4612,3584,4890,5624,4120,3521,3909,3854,3549,3376,-5.54026,-11.1039,8.90944,48.206
23392,6318,6412,4345,3403,6582,7259,4535,3646,4330,4465,3757,3358,3537,3499,3368,3152,-13.5477,-13.654,8.52972,47.9773
23393,3203,3286,3337,3148,3716,3865,3646,3526,4518,5509,4796,4008,5535,9306,6696,4227,24.0652,-4.52404,8.74324,48.2147
23394,4242,6304,7526,5023,4113,5428,6271,4487,3578,3957,4125,3753,3249,3403,3404,3359,-18.2828,2.73982,8.64976,48.148
23395,3747,5148,8424,6431,3599,4626,6604,5312,3379,3627,4099,3846,3134,3238,3477,3438,-19.1284,10.1567,8.86397,48.086
23396,3226,3245,3313,3294,3546,3725,3878,3661,4012,4836,5179,4268,4490,7470,9060,5131,32.4696,2.27894,8.81049,48.2227
23397,4420,5371,4713,3919,4727,7708,6134,4084,4093,4948,4452,3620,3496,3795,3667,3444,-8.41867,-3.52911,8.92467,48.394
23398,3677,4063,4324,4005,3837,5230,6839,4614,3871,5046,6701,4554,3518,3979,4155,3929,-0.293151,4.85587,8.54009,48.228
23399,7509,5003,3759,3447,9801,5248,3880,3453,5234,4194,3482,3317,3785,3520,3268,3187,-11.326,-32.2139,8.84206,48.058
23400,5808,4570,3631,3249,9665,5206,3803,3305,6533,4545,3729,3336,4279,3930,3372,3230,-5.23127,-31.0588,8.97728,48.1273
23401,3174,3289,3640,3651,3322,3634,4059,5035,3472,3748,5249,9596,3258,3733,5277,7672,12.0283,32.8324,8.86254,47.8727
23402,3423,4411,8403,10026,3491,3950,5097,5553,3186,3534,3868,3872,3140,3318,3329,3387,-32.6587,17.1348,8.9805,47.992
23403,3361,3532,3475,3259,3820,4264,4010,3637,4575,7076,5858,4156,4754,6647,5715,4203,14.5122,-3.25276,8.59334,48.228
23404,3615,3881,3982,3756,3966,5328,5480,4094,4166,6240,6747,4456,3775,4358,4469,3952,3.32965,0.995672,8.50507,48.1767
23405,3088,3260,3385,3525,3291,3627,4135,4132,3514,3909,5765,6800,3507,4457,7025,8779,18.545,18.0529,8.62423,48.1327
23406,3441,3520,3558,3367,3994,4447,4223,3729,4637,7607,6023,4033,4602,5987,5391,4019,12.0187,-2.90524,8.71664,48.3853
23407,4729,4704,3905,3473,6299,7554,4302,3577,5369,5895,4153,3554,4018,3941,3549,3215,-3.86958,-12.7965,8.96977,48.158
23408,3628,3730,3400,3252,4384,4657,3874,3441,6279,7886,4611,3639,5661,6236,4520,3619,11.3673,-11.8631,8.90876,48.5447
23409,11562,6160,4004,3374,6924,4884,3816,3381,4146,3870,3468,3169,3376,3289,3178,3245,-22.7192,-26.6716,8.56418,47.8973
23410,3982,6165,9865,5911,3849,4633,5184,4653,3489,3604,3848,3683,3094,3239,3393,3316,-32.6557,6.51096,8.64701,47.9387
23411,3380,3433,3374,3256,4094,4497,3710,3428,5470,7453,4811,3817,5466,7436,5075,3793,15.2601,-8.32894,8.97505,48.3287
23412,3468,4369,6699,7301,3434,4113,6477,7188,3436,3646,4155,4343,3122,3489,3489,3553,-15.272,16.9209,8.89069,48.188
23413,3381,3741,4940,6377,3327,3894,5788,9564,3342,3718,4613,5698,3195,3471,3792,3787,-8.21106,23.0524,8.97849,48.4187
23414,3314,3419,3250,3040,3861,3774,3416,3170,6322,4843,3778,3339,12431,6244,3951,3308,26.4786,-27.9618,8.61463,47.64
23415,5758,6659,4437,3571,6132,7659,4587,3714,4252,4456,3801,3374,3621,3447,3453,3191,-12.9577,-11.8874,8.62595,48.0747
23416,3443,3277,3261,3167,3920,4035,3628,3340,5372,5888,4388,3641,7105,8941,4975,3826,21.895,-11.2852,8.5929,48.138
23417,4267,5736,6311,4621,4188,6031,6806,4546,3645,4209,4382,3787,3402,3494,3486,3475,-13.7111,1.66078,8.76418,48.2573
23418,3784,3683,3294,3135,5208,4394,3681,3297,9600,5217,3752,3312,7414,5046,3870,3363,10.8431,-32.1612,8.51682,48.0333
23419,3074,3235,3463,3388,3221,3455,3788,3998,3486,3713,4734,6568,3392,3939,6112,12262,24.697,27.6364,8.82941,47.8853
23420,4741,7552,6821,4418,4405,5965,5651,4078,3610,3989,3932,3578,3252,3373,3419,3326,-18.7651,-1.14161,8.92097,48.0733
23421,7427,9678,5213,3712,5099,5178,4317,3567,3749,3803,3565,3379,3328,3312,3238,3250,-32.3197,-11.2181,8.8235,47.8767
23422,3439,3800,5150,7820,3454,3822,5127,9491,3201,3518,4145,4958,3095,3299,3662,3620,-12.5384,32.6332,8.69087,47.734
23423,4365,7359,8970,5122,4068,4816,5073,4369,3526,3774,3864,3555,3080,3305,3373,3327,-27.7841,2.26817,8.72501,47.964
23424,4494,4907,4089,3635,5437,7999,4943,3711,4631,5720,4283,3580,3884,3996,3736,3380,-4.8308,-8.70044,8.83172,48.2833
23425,5347,4360,3556,3221,9109,5417,3780,3250,7161,4943,3742,3185,4375,3986,3487,3148,-3.34579,-24.7898,8.96001,48.0447
23426,3155,3351,3578,3502,3296,3584,4291,4558,3473,4052,5959,7602,3535,4053,6331,7850,15.077,18.8732,8.74311,48.1133
23427,5478,5654,4132,3467,6720,7780,4401,3552,4774,4912,3913,3415,3750,3804,3569,3222,-8.7691,-12.976,8.89953,48.362
23428,4431,4267,3690,3357,5839,6452,4158,3420,6055,6908,4190,3510,4482,4425,3730,3350,0.846861,-13.5025,8.67613,48.176
23429,3701,3655,3345,3069,4912,4032,3532,3177,9237,5054,3758,3284,8500,5449,3733,3317,13.9624,-30.5607,8.51284,47.8367
23430,3499,3741,3857,3507,3829,4758,5049,4027,4149,6553,7313,4373,3951,4781,4931,4052,6.63499,1.13349,8.784,48.2467
23431,3253,3575,4380,5357,3278,3694,5037,9240,3342,3673,4785,7236,3123,3611,3937,4411,-2.88845,29.7125,8.77217,47.9547
23432,3671,4190,4003,3525,4185,6042,5643,3952,4461,6446,6012,3994,3882,4348,4096,3600,1.29683,-1.7157,8.80581,48.0333
23433,10342,6330,4060,3442,7236,5184,3851,3509,4221,3875,3460,3192,3459,3581,3270,3205,-20.3957,-22.9627,8.56542,48.1447
23434,3644,3663,3358,3276,4369,4538,3812,3406,6009,7851,4655,3644,5620,6379,4477,3711,12.0676,-10.9462,8.78013,48.2747
23435,3153,3223,3276,3406,3295,3449,3896,3807,3499,4091,5148,5591,3480,4428,8367,10064,29.231,17.2496,8.93131,48.1153
23436,3120,3295,3506,3438,3281,3656,4172,4016,3535,4325,6604,5847,3678,4857,8053,6616,18.029,12.2688,8.64903,47.9993
23437,3108,3411,3634,3692,3269,3498,4197,4923,3381,3898,5188,9674,3377,3741,5157,8014,12.4422,30.143,8.9689,48.108
23438,3608,3560,3284,3109,4580,4182,3700,3291,7938,5976,3988,3435,7961,5908,4044,3471,14.8392,-20.3763,8.90125,48.0233
23439,4351,4531,3924,3337,5461,7339,4622,3689,5070,6412,4324,3592,4042,4149,3732,3411,-2.01966,-9.84843,8.61799,47.9907
23440,3260,3318,3348,3293,3462,3769,3772,3555,4255,4872,4743,4012,4746,8554,8138,4681,28.6478,-0.498566,8.69455,47.852
23441,3400,3860,5756,11327,3374,3774,4938,7592,3227,3639,3897,4112,3117,3198,3323,3441,-20.2909,31.92,8.92712,47.9833
23442,10677,5727,3896,3462,7651,4927,3829,3445,4313,3968,3526,3217,3459,3492,3335,3132,-19.4258,-29.9395,8.6597,48.0373
23443,10647,7718,4177,3456,5655,5027,4044,3374,3920,3833,3485,3280,3413,3388,3144,3040,-29.056,-19.341,8.50035,47.734
23444,3528,3519,3328,3182,4093,4091,3552,3238,6218,6405,4318,3518,7303,7793,4666,3521,17.956,-13.6488,8.8585,48.182
23445,12859,6140,3748,3415,5968,4633,3683,3390,3859,3760,3329,3176,3353,3357,3293,3227,-30.9046,-28.782,8.90981,47.46
23446,3305,3262,3314,3212,3697,3961,3759,3494,4594,6003,5217,3997,5157,8213,6636,4363,20.531,-3.16006,8.85724,48.1227
23447,9282,5632,3843,3345,8606,5391,3788,3422,4575,4118,3508,3216,3434,3467,3209,3200,-16.4003,-26.0287,8.83158,48.024
23448,3425,3771,3883,3604,3749,4628,5499,4210,4026,5796,7814,4755,3804,4434,5015,4269,5.55336,4.37588,8.91632,48.4547
23449,4267,6684,8527,5278,3884,5094,6100,4529,3430,3816,3851,3773,3153,3302,3331,3274,-20.3047,3.83263,8.94368,48.1953
23450,6188,4578,3662,3268,9622,5479,3689,3420,6244,4526,3581,3299,3967,3873,3424,3110,-6.55855,-25.4722,8.59978,47.9533
23451,3942,4626,4631,3890,4108,6840,6734,4347,3983,5279,5256,4022,3694,3826,3774,3552,-5.06641,0.119457,8.78269,48.336
23452,3541,3490,3238,3142,4114,4206,3655,3343,6249,6496,4268,3713,7041,7537,4582,3711,17.3375,-13.3866,8.54143,48.2173
23453,3916,3798,3380,3201,6314,4428,3624,3215,9888,5226,3859,3476,6059,4753,3675,3246,6.88528,-26.7267,8.85391,48.0387
23454,3146,3171,3428,3525,3261,3410,3800,3787,3551,4138,5220,5330,3521,4505,8706,9015,32.9061,15.5243,8.94238,47.676
23455,3403,3368,3311,3143,4023,3900,3507,3284,6606,5044,3867,3433,11225,6642,4076,3428,23.1106,-22.5466,8.68291,48.1733
23456,7987,9307,4897,3663,5409,5438,4193,3581,3818,3840,3609,3234,3304,3411,3326,3054,-24.6063,-13.1961,8.91733,48.0473
23457,3034,3350,3221,3458,3238,3480,3831,3983,3385,3826,4763,6537,3384,3871,5928,12296,24.7763,32.2647,8.86185,47.7233
23458,3789,4661,5608,4599,3953,5500,8008,5071,3578,4208,4911,4122,3414,3505,3741,3561,-9.1223,5.54096,8.89702,48.1527
23459,3206,3318,3676,3718,3346,3786,4541,4599,3529,4380,7315,6908,3545,4330,6267,6104,12.2801,13.9809,8.78467,48.3787
23460,7295,5269,3886,3317,9325,5593,3931,3357,5151,4235,3686,3195,3753,3712,3346,3188,-11.4497,-23.3324,8.74531,48.1593
23461,4286,3894,3405,3126,6771,4583,3667,3212,9466,5249,3795,3340,5679,4412,3647,3332,4.60494,-26.6493,8.66071,47.9093
23462,3119,3226,3361,3371,3153,3407,3829,3919,3344,3906,4711,6627,3346,3943,6115,12292,24.8732,28.5865,8.87387,47.7793
23463,3082,3338,3439,3333,3406,3631,4005,3766,3813,4612,5988,4870,3943,5787,9070,6034,21.6166,7.36257,8.76,48.078
23464,12037,5987,4035,3559,6307,4843,3835,3532,3950,3856,3410,3355,3429,3324,3313,3135,-24.8711,-33.4139,8.55416,47.938
23465,9731,8225,4328,3615,5729,5348,3986,3489,4013,3801,3624,3259,3248,3463,3275,3163,-26.7017,-17.2064,8.52851,48.198
23466,3344,3481,3478,3342,3855,4207,4140,3666,4562,6974,6195,4150,4565,6461,5791,4166,13.7379,-2.00433,8.81507,48.2513
23467,4184,3942,3617,3155,6077,5357,3850,3277,7740,6593,3999,3426,5219,4689,3744,3405,4.15768,-18.1659,8.65807,48.1827
23468,3066,3236,3508,3664,3310,3574,4180,4809,3412,3876,5435,9213,3286,4007,5558,8265,13.5525,24.2544,8.91524,48.266
23469,3166,3428,3596,3653,3377,3695,4523,4432,3482,4452,7202,6898,3581,4352,6541,6191,13.0544,13.9537,8.82801,48.3793
23470,6334,6689,4532,3524,6521,7188,4362,3499,4392,4243,3761,3409,3608,3537,3277,3133,-13.8559,-13.4045,8.81979,48.006
23471,3906,3760,3483,3133,6000,4533,3717,3350,9778,5288,3856,3366,6252,4775,3767,3313,7.29418,-29.278,8.53422,48.1847
23472,3393,3883,6263,12145,3375,3737,4950,6278,3195,3488,3836,3919,3113,3245,3362,3349,-25.8853,26.0502,8.57503,47.6873
23473,5346,6720,4801,3728,5462,7932,4928,3707,4092,4521,3773,3456,3349,3605,3444,3280,-13.0523,-8.73697,8.85107,48.096
23474,6784,4868,3732,3332,10025,5238,3842,3306,5625,4240,3542,3406,3916,3764,3440,3129,-8.83018,-29.1023,8.93917,48.126
23475,3033,3243,3518,3481,3358,3506,3795,3928,3247,4018,4879,5945,3473,4095,7115,11102,32.1558,20.9995,8.60947,47.824
23476,5174,8571,7245,4347,4300,5511,4927,4024,3629,3779,3699,3529,3223,3339,3305,3270,-23.7233,-2.34035,8.63249,47.9147
23477,7460,4956,3761,3322,9648,5110,3841,3419,5276,4258,3644,3255,3714,3573,3402,3062,-11.3389,-29.5101,8.65333,47.8007
23478,3275,3733,4272,4792,3445,3719,5659,8130,3348,3786,5425,7461,3119,3464,4049,4543,-0.707422,21.5065,8.80392,48.1467
23479,3093,3452,3767,4003,3265,3660,4543,6110,3368,3789,5248,10055,3409,3771,4627,6148,7.189,32.1347,8.9736,48.2053
23480,3676,3635,3347,3107,4711,4147,3549,3364,9003,5599,3966,3400,8236,5619,3935,3343,13.7873,-23.2483,8.98655,48.4247
23481,12422,6200,3862,3372,5933,4784,3913,3307,3987,3836,3421,3195,3406,3345,3193,3148,-31.7682,-26.1338,8.81442,47.5493
23482,3397,3254,3304,3045,3970,3907,3547,3233,5779,5477,4085,3513,8511,8607,4575,3674,23.2853,-14.8815,8.91615,47.9187
23483,8971,8773,4648,3539,5297,5135,4049,3494,3916,3789,3483,3302,3447,3417,3180,3112,-31.0153,-15.1348,8.57903,47.7013
23484,9421,6829,4219,3403,7116,5475,4021,3370,4283,3949,3491,3232,3555,3349,3250,3107,-19.515,-20.3497,8.81844,48.0467
23485,3153,3324,3317,3517,3426,3568,3802,3801,3625,4237,5206,5053,3771,5207,9824,7345,29.7983,11.0904,8.79612,48.1173
23486,3581,3538,3284,3029,4209,4114,3575,3332,6698,6236,4186,3452,8020,7062,4416,3558,17.5923,-16.5153,8.90079,48.1933
23487,3189,3207,3476,3272,3197,3573,3910,3955,3419,3985,5112,5713,3430,4309,8036,10053,29.2264,17.6412,8.70645,47.8907
23488,3238,3338,3551,3830,3205,3638,4362,5671,3388,3812,5251,9964,3307,3810,4705,7002,8.95756,30.3398,8.9838,48.048
23489,4401,4372,3887,3455,5478,7013,4417,3670,5194,6690,4380,3502,4153,4314,3808,3394,-0.78072,-9.99682,8.76186,48.0853
23490,4632,4118,3534,3250,7748,4791,3781,3356,8637,5027,3765,3403,5094,4291,3654,3342,1.40458,-29.8972,8.52485,48.282
23491,3109,3273,3503,3524,3429,3449,3996,4459,3334,3877,5165,8559,3342,3897,5456,9446,16.4994,32.7808,8.99426,47.8787
23492,3934,5733,9806,6719,3651,4510,5393,4765,3313,3683,3832,3647,3180,3276,3369,3332,-28.4435,8.85359,8.55005,48.0953
23493,12121,6452,3972,3539,6403,4926,3699,3350,4019,3824,3299,3129,3481,3361,3173,3087,-25.7247,-24.7943,8.91515,47.89
23494,3388,3351,3302,3211,3671,3818,3601,3382,4901,5258,4202,3584,7009,9851,5481,3932,27.3219,-9.93168,8.83448,47.9613
23495,3848,3907,3578,3336,4589,5484,4073,3525,6024,8043,4894,3696,4746,5245,4094,3541,6.63726,-10.2524,8.79521,48.4153
23496,3238,3483,3777,3802,3377,3783,4977,4989,3521,4327,7458,7080,3526,4145,5387,5355,8.63421,14.214,8.52972,48.15
23497,4150,3837,3401,3193,6453,4554,3595,3188,9606,5230,3877,3400,5833,4693,3631,3236,5.904,-28.3268,8.51054,47.918
23498,3998,5840,9941,6331,3702,4460,5421,4673,3348,3596,3830,3680,3106,3222,3360,3301,-26.4877,8.11702,8.77617,47.8727
23499,9514,8456,4186,3507,5539,5152,4041,3434,3875,3821,3553,3231,3412,3406,3272,3201,-33.9384,-16.6598,8.95749,47.7333
23500,3410,3960,5575,7330,3410,3877,6134,8624,3317,3571,4287,5000,3195,3403,3519,3674,-12.0446,20.8847,8.65827,48.1907
23501,3281,3885,5810,10838,3428,3877,4961,7909,3226,3459,4067,4186,3121,3248,3457,3436,-19.5073,29.4144,8.80899,48.126
23502,3968,4390,4172,3686,4430,6506,5490,4015,4269,6299,5434,3995,3859,4255,4109,3719,0.0551627,-2.80202,8.53998,48.3973
23503,12099,5904,3946,3395,6661,4887,3808,3349,4092,3914,3415,3290,3290,3541,3174,3171,-23.6564,-30.5431,8.70412,47.9573
23504,9543,7614,4329,3444,6513,5494,4067,3444,4152,3779,3454,3237,3368,3369,3292,3153,-21.7681,-18.0962,8.95764,48.168
23505,4243,5199,4674,3856,4707,7727,5998,4003,4089,5047,4527,3701,3536,3834,3740,3452,-7.80474,-3.47559,8.97022,48.222
23506,3498,4175,7132,11774,3446,3767,4960,5943,3121,3550,3623,3913,3160,3148,3406,3396,-29.056,22.083,8.92373,48.008
23507,5376,5262,3936,3448,7507,7214,4199,3416,5160,5031,3780,3377,3980,3832,3518,3265,-7.45866,-15.6795,8.74689,48.2007
23508,3247,3594,4216,4656,3341,3796,5124,7560,3401,3795,5334,8259,3225,3550,4386,4799,1.21764,22.9828,8.7336,48.1887
23509,3434,3954,5872,11292,3357,3917,5038,7068,3251,3353,3854,4156,3141,3166,3361,3343,-21.2345,31.5203,8.59677,47.7047
23510,3334,3225,3276,3226,3870,3682,3518,3175,6091,4737,3623,3307,12727,6009,3874,3427,32.8729,-30.144,8.7962,47.4007
23511,3731,3689,3424,3178,4657,4833,3816,3440,6974,7453,4277,3605,5763,5781,4195,3587,9.72873,-14.0437,8.6799,48.2687
23512,3069,3191,3504,3493,3277,3497,3945,4443,3372,3785,5123,7889,3532,3850,5763,10061,17.944,25.7641,8.64829,47.8627
23513,8649,9020,4669,3429,5310,5231,4079,3463,3907,3850,3659,3247,3445,3363,3284,3090,-31.7662,-14.6034,8.68552,47.7967
23514,3128,3243,3344,3427,3257,3668,3958,3780,3642,4128,5254,5050,3726,5041,9446,7954,28.4129,12.5649,8.52163,48.0307
23515,4259,4581,3874,3474,5332,7566,4780,3738,4844,6577,4494,3639,4014,4036,3875,3436,-1.99044,-8.27462,8.995,48.346
23516,4028,4071,3688,3297,5375,5843,4019,3465,6278,7525,4544,3487,4612,4749,3945,3411,3.62527,-12.0495,8.68957,48.2247
23517,3220,3341,3672,4007,3337,3622,4374,5946,3420,3734,5117,9818,3327,3610,4754,6395,7.6411,32.4278,8.63264,47.796
23518,4409,7122,8593,5118,4124,5022,5436,4343,3561,3785,3876,3722,3270,3292,3230,3301,-23.2815,2.33299,8.82249,48.136
23519,3140,3182,3566,3414,3455,3717,4253,4214,3708,4622,7017,5618,3712,4872,7718,6039,16.2481,10.5348,8.84624,48.1647
23520,3197,3480,3947,4081,3169,3795,5058,6179,3482,4038,6256,8337,3399,3788,4697,5273,4.58688,19.7853,8.50783,48.1173
23521,3416,3787,4691,4934,3438,4156,6831,7267,3386,3994,5525,5853,3248,3730,4064,4191,-3.77668,15.9388,8.76382,48.3407
23522,3439,4554,7673,9171,3499,4000,5488,6353,3294,3487,3868,4102,3217,3335,3409,3516,-21.3479,17.3362,8.83863,48.27
23523,3549,3656,3470,3243,4365,4582,3781,3283,6127,7668,4616,3655,5751,6477,4467,3705,12.7427,-11.3409,8.58664,48.2633
23524,3601,3619,3264,3121,4534,4131,3411,3218,8730,5145,3802,3442,9342,5469,3911,3340,15.7901,-28.5156,8.76983,48.0533
23525,8510,9136,4843,3662,5349,5370,4101,3542,3896,3936,3573,3375,3431,3450,3285,3096,-25.5888,-14.1348,8.72296,48.37
23526,4430,4621,4011,3427,5843,7163,4586,3635,5281,6241,4227,3546,4016,4062,3653,3490,-2.24873,-11.4508,8.5599,48.1547
23527,9980,6196,4084,3437,7626,5232,3921,3377,4318,3928,3455,3208,3463,3448,3221,3173,-18.5168,-23.5103,8.87579,48.0447
23528,3357,3633,3969,3811,3513,4217,5846,4757,3655,4674,7859,5701,3507,4030,4909,4584,4.98081,9.96428,8.50884,48.0147
23529,4217,5949,5932,4270,4365,6713,6690,4358,3871,4265,4199,3781,3395,3558,3441,3292,-12.5337,0.11202,8.97615,48.1973
23530,4236,5683,5939,4387,4270,6534,7103,4505,3734,4401,4351,3751,3349,3526,3512,3436,-12.5029,1.03536,8.94675,48.478
23531,3469,3892,5251,6357,3464,4065,6374,8770,3351,3837,4551,5228,3183,3342,3671,3786,-9.41465,19.4972,8.94028,48.394
23532,3105,3282,3344,3365,3158,3377,3750,3949,3435,3848,4990,6072,3423,4089,6959,11473,28.1459,23.0622,8.53611,47.746
23533,3529,3968,4330,3989,3631,4945,7100,5041,3641,4875,6581,4804,3498,3881,4250,4011,-0.824305,6.79881,8.94218,48.0493
23534,3856,4751,5430,4483,4110,6049,7632,4649,3771,4331,4939,4104,3332,3583,3723,3547,-8.79532,3.61051,8.75951,48.1933
23535,3119,3190,3464,3492,3110,3511,3994,4410,3364,3845,5164,8175,3401,3961,5558,10066,17.6839,30.0375,8.74295,47.8827
23536,3152,3255,3486,3473,3142,3496,3893,4451,3381,3834,5084,8151,3367,3967,5762,10232,18.0968,27.1498,8.58473,48.084
23537,3291,3750,4672,6069,3362,3744,5355,10083,3259,3611,4497,6310,3137,3422,3796,4059,-6.25765,29.6385,8.75518,48.278
23538,4336,4406,3679,3426,6012,6420,4287,3447,6099,6553,4149,3481,4326,4267,3635,3408,0.236048,-13.139,8.50539,47.954
23539,3283,3494,3597,3364,3676,3873,4278,3887,3986,5412,7130,4917,4029,5370,6850,5010,14.7774,5.21543,8.54528,48.104
23540,4215,4794,4362,3693,4702,7572,5901,3852,4203,5749,4758,3828,3721,3991,3732,3430,-4.91466,-3.6925,8.57063,48.3353
23541,4397,5044,4131,3617,5322,7862,5123,3853,4717,5769,4403,3650,3771,3907,3592,3423,-4.7887,-8.12851,8.66835,48.3873
23542,3537,3496,3195,3098,4129,3854,3593,3174,7187,5276,3857,3372,10770,6424,3965,3452,21.0634,-24.2452,8.50539,48.2527
23543,3471,3778,4251,4361,3467,4226,6339,5974,3601,4334,6686,6064,3370,3767,4400,4468,0.329091,13.5241,8.66457,48.3713
23544,3462,3414,3199,3216,3832,3786,3597,3200,5345,5324,4068,3557,8700,9148,4760,3622,28.9645,-14.2323,8.63832,48.1533
23545,3463,4102,7290,11072,3457,3866,4923,5993,3257,3511,3761,3938,3134,3177,3458,3413,-26.8012,20.7388,8.61608,47.8767
23546,3169,3352,3418,3372,3240,3470,3843,3820,3600,4034,5347,5170,3691,5020,9481,8048,27.5816,12.677,8.88898,48.05
23547,3512,3878,3749,3544,4006,5234,4827,3833,4379,7285,6473,4213,4056,4923,4570,3922,5.52919,-1.79176,8.86625,48.2693
23548,3356,3830,4987,6015,3382,3937,6174,9341,3252,3679,4579,5837,3146,3403,3797,3945,-7.33098,21.2596,8.97206,48.44
23549,3348,3460,3245,3277,4033,3673,3460,3327,5668,5053,3840,3358,11571,6894,4099,3400,32.7481,-22.1714,8.79984,47.804
23550,3517,3391,3216,3176,4049,3973,3589,3302,6545,5605,3915,3487,9518,7378,4233,3549,21.3965,-18.4462,8.90484,48.2953
23551,3485,3410,3323,3065,3883,3802,3504,3262,5942,5270,3906,3463,9884,8051,4412,3460,25.11,-18.163,8.50515,48.0813
23552,6009,5887,4237,3547,7374,7333,4151,3584,4703,4706,3816,3420,3561,3729,3529,3201,-10.7357,-15.469,8.91984,48.5247
23553,4099,3801,3370,3137,6223,4635,3703,3334,9418,5738,3782,3400,5901,4732,3770,3262,6.31556,-23.4545,8.80549,48.2033
23554,4510,4665,3987,3552,5865,7266,4537,3590,5313,6175,4201,3578,4109,4176,3665,3350,-2.59913,-11.6552,8.621,48.3593
23555,3424,3418,3349,3164,3868,3945,3622,3382,5236,6398,4462,3732,6514,8728,5207,3815,19.9744,-9.65513,8.88819,48.176
23556,3079,3320,3446,3172,3461,3710,3979,3825,3862,4633,5690,4723,4083,6270,9289,5822,23.5984,6.0972,8.55948,48.2427
23557,3311,3634,4399,5346,3316,3843,5179,9240,3269,3753,4673,7276,3212,3449,4051,4355,-3.21492,30.9583,8.75687,48.204
23558,3101,3533,3511,3390,3459,3733,4176,4060,3750,4760,7041,5429,3824,5102,7899,5689,16.6656,8.61276,8.61253,48.3047
23559,4150,5684,7073,4989,3979,5514,7071,4803,3578,3953,4193,3826,3287,3455,3490,3386,-15.5521,4.30989,8.87364,48.2873
23560,3700,3546,3258,3234,5226,4222,3598,3208,9700,5349,3769,3320,7449,5099,3604,3292,11.0669,-28.2143,8.75219,47.716
23561,6069,6481,4400,3618,6520,7631,4394,3573,4372,4568,3796,3375,3526,3627,3379,3167,-12.5918,-12.9652,8.9001,48.3307
23562,9778,7121,4305,3486,6553,5518,3939,3495,4041,3910,3508,3195,3485,3580,3296,3096,-21.1927,-19.6659,8.6508,48.204
23563,4935,4635,3857,3301,7036,6898,4179,3430,5828,5634,3854,3373,4179,4050,3625,3234,-3.55192,-15.8221,8.60335,48.032
23564,3134,3613,3811,4195,3229,3732,4670,6463,3355,3812,5526,9411,3386,3623,4527,5764,5.53286,25.2508,8.50022,48.1673
23565,3174,3172,3464,3381,3289,3487,3912,4094,3408,3869,5103,6159,3407,4164,7254,10541,24.76,20.457,8.52531,47.9187
23566,3107,3164,3416,3501,3129,3530,3868,3981,3478,4040,5196,5962,3475,4443,8044,9711,24.4053,17.7159,8.53588,48.03
23567,3386,3912,5987,12031,3423,3753,4882,6530,3250,3523,3824,3921,3161,3237,3253,3346,-22.9902,32.7304,8.9716,47.6127
23568,3327,3396,3565,3410,3532,4021,4335,3793,3961,5576,7331,4728,4209,5522,6807,4882,14.5076,4.06301,8.83741,48.2633
23569,3044,3384,3647,3603,3234,3653,4216,4790,3400,3948,5778,8665,3364,3924,5675,7784,13.2766,22.3488,8.67946,48.0727
23570,3287,3543,3958,4116,3435,3907,5527,5986,3451,4064,6969,7306,3400,3934,4691,4954,3.77422,15.9608,8.91953,48.352
23571,7858,9145,4878,3526,5452,5690,4246,3662,3802,3951,3478,3346,3414,3349,3293,3195,-23.3539,-13.3403,8.9358,48.19
23572,8450,6743,4280,3454,7118,5995,3961,3477,4338,4029,3603,3211,3520,3459,3345,3157,-17.2578,-18.4789,8.60876,48.0933
23573,3273,3584,3635,3564,3664,4249,4810,4035,3972,6125,7830,4760,3956,4944,5540,4378,9.69589,3.56619,8.98247,48.2127
23574,3430,3850,5840,12443,3416,3744,4737,5925,3299,3368,3821,3963,3234,3258,3365,3383,-31.31,31.8395,8.62266,47.384
23575,3300,3707,4939,7129,3384,3825,5229,9804,3323,3544,4342,5455,3199,3344,3514,3808,-9.91918,30.0557,8.67182,47.8973
23576,3205,3470,3980,4206,3323,3635,4633,6826,3508,3888,5310,9454,3347,3574,4455,5654,4.81248,26.6876,8.6161,48.312
23577,3655,4678,9276,8181,3557,4156,5190,5268,3370,3646,3968,3720,3173,3339,3454,3378,-32.2602,13.0953,8.77059,48.006
23578,3830,4001,3559,3256,4819,5438,4004,3430,6135,7883,4448,3705,4870,5051,3953,3473,6.23396,-11.5546,8.69155,47.9033
23579,8611,9158,4749,3680,5146,5139,4225,3515,3853,3868,3502,3372,3235,3407,3242,3173,-30.9669,-14.2108,8.54414,47.9167
23580,3146,3213,3430,3418,3275,3555,3890,4135,3293,3821,4844,7023,3408,4009,5721,11670,21.6822,31.0909,8.5018,47.9007
23581,3408,3485,3248,3238,3964,4170,3835,3472,5098,7025,4992,3863,5511,7686,5192,3947,16.2584,-7.47482,8.53663,48.0893
23582,3287,3804,5088,7617,3306,3927,5313,9617,3328,3536,4211,5147,3118,3367,3541,3771,-11.2451,29.0034,8.63783,47.9853
23583,3152,3345,3346,3321,3331,3471,3905,3894,3410,4101,5149,5435,3493,4562,8622,9118,29.6831,15.523,8.51983,47.77
23584,8741,6945,4236,3507,6841,5792,4129,3546,4334,4147,3547,3271,3430,3501,3258,3100,-18.4711,-18.3184,8.53089,48.2167
23585,3114,3273,3349,3358,3258,3583,4037,3774,3719,4530,5990,5246,3758,5310,9107,6662,21.0382,9.83825,8.86418,48.0453
23586,3669,4244,5432,4742,3830,5166,8210,5477,3579,4036,5155,4305,3242,3676,3810,3825,-7.46673,8.26372,8.81271,48.2653
23587,3904,3673,3397,3223,5113,4707,3736,3302,8196,6755,4005,3442,5934,5273,3989,3524,8.83404,-17.9356,8.65956,48.1153
23588,4733,7375,6654,4476,4369,6161,5798,4200,3735,3962,4032,3491,3367,3428,3454,3176,-17.9238,-1.23231,8.52052,48.274
23589,3459,3920,4550,4330,3639,4518,7189,5582,3593,4355,6392,5257,3467,3746,4226,4033,-1.64223,10.3253,8.61802,48.1707
23590,3127,3192,3371,3525,3240,3526,3936,4095,3448,4112,5652,5816,3550,4623,8352,8593,22.813,15.3885,8.72878,48.1053
23591,3066,3275,3385,3439,3277,3460,3788,3853,3430,3952,5222,5986,3428,4373,7849,10213,25.8102,18.5454,8.64987,47.9973
23592,4735,4540,3674,3355,7197,6442,4106,3513,6430,5730,3812,3371,4334,4198,3697,3238,-1.59788,-17.2647,8.82558,48.248
23593,3390,3995,4983,5125,3556,4361,7664,7031,3378,3975,5273,5129,3154,3488,3712,3946,-6.63696,14.3521,8.79825,48.1067
23594,5822,4547,3619,3257,9823,5395,3803,3238,6565,4697,3623,3229,4187,3860,3401,3187,-5.39151,-25.8634,8.97873,48.1687
23595,3114,3361,3604,3600,3382,3604,4258,4395,3577,4338,6947,6758,3485,4405,6717,6738,14.2048,14.5712,8.78581,48.1887
23596,3207,3217,3360,3313,3380,3608,3803,3797,3817,4666,5700,4791,4014,6036,9401,6160,23.9671,7.12055,8.59757,48.18
23597,3420,3967,7230,11458,3473,4014,4991,6068,3279,3410,3746,3936,3051,3251,3394,3390,-26.7914,21.2049,8.7837,48.052
23598,3116,3221,3527,3461,3349,3579,4198,4057,3573,4307,6224,5518,3646,4757,8416,7095,19.7537,11.9875,8.548,48.0293
23599,3498,3508,3136,2923,4302,3999,3478,3229,7403,5072,3849,3400,10838,6059,3945,3447,19.7066,-24.9095,8.62215,48.0573
23600,4300,4343,3775,3381,5977,6806,4258,3488,5650,6576,4299,3541,4272,4386,3799,3319,-0.0838648,-12.4151,8.56221,48.1133
23601,3532,3811,3392,3228,4010,4854,4119,3559,5213,8070,5499,3806,4679,5971,4836,3845,10.2408,-6.04923,8.59871,48.2827
23602,3199,3218,3412,3490,3233,3447,3667,3908,3279,3735,4795,6799,3403,3904,6068,12211,24.1257,28.8082,8.88263,47.8453
23603,6072,9255,6182,4042,4649,5825,4636,3793,3664,3875,3583,3319,3316,3403,3278,3073,-23.7439,-6.59021,8.84143,47.9767
23604,3219,3135,3474,3441,3219,3512,3845,3917,3501,4063,5120,5481,3560,4620,8590,9230,26.5626,15.5755,8.63987,47.9513
23605,6607,4758,3799,3367,9745,5159,3792,3438,5711,4432,3717,3347,3850,3624,3358,3204,-8.58345,-33.4422,8.83199,47.9387
23606,3438,3883,5416,9160,3453,3858,5200,8863,3285,3512,4069,4548,3155,3212,3508,3519,-15.3746,32.207,8.72093,48.0527
23607,3604,4434,7878,9393,3380,4040,5509,6093,3354,3609,3881,3931,3084,3291,3420,3388,-22.7657,17.5032,8.53178,48.1927
23608,3402,3930,6100,12730,3276,3794,4765,6127,3122,3401,3811,3994,3136,3209,3348,3457,-26.7729,28.6575,8.99614,47.7347
23609,3432,4049,6084,10976,3363,3878,5035,7296,3188,3421,3952,4330,3146,3250,3491,3514,-20.5265,25.8514,8.60645,48.27
23610,4566,4648,3818,3484,6581,7231,4295,3602,5617,5843,4115,3337,4171,4142,3650,3199,-3.22716,-13.9304,8.94571,48.1993
23611,5449,9404,6800,4324,4506,5258,4644,3835,3649,3816,3669,3530,3243,3427,3379,3172,-33.7035,-3.9799,8.83461,48.07
23612,3404,3672,4376,5148,3392,3787,5464,8616,3316,3843,5112,7052,3160,3561,4047,4411,-2.62137,23.3166,8.56624,48.2407
23613,4182,4544,3939,3574,5029,7207,4982,3693,4604,6477,4789,3775,3942,4213,3832,3559,-1.39979,-6.63459,8.55218,48.2273
23614,3199,3357,3300,3148,3602,3849,3676,3451,4275,5113,4820,3968,5202,9184,7574,4537,27.8128,-2.29956,8.93767,48.17
23615,5345,5031,3889,3370,7283,7190,4260,3489,5276,5242,3915,3390,3957,3882,3565,3187,-6.30138,-15.0364,8.83147,48.1807
23616,3506,3373,3307,3023,3985,3838,3452,3292,6436,5452,3942,3604,9727,7411,4258,3407,21.4526,-18.6321,8.84339,48.0087
23617,3132,3503,3706,3842,3291,3701,4399,5600,3291,3729,5174,9946,3220,3675,4906,6530,8.82317,33.5549,8.8266,47.7633
23618,3576,3547,3414,3204,4261,4534,3815,3491,5948,7467,4545,3703,5693,6816,4576,3674,13.5162,-11.0055,8.79988,48.176
23619,4842,4817,3812,3406,6950,7117,4221,3536,5649,5696,3859,3354,4202,4061,3535,3325,-4.18623,-14.601,8.94866,48.2547
23620,3370,3224,3301,3048,3966,3832,3488,3279,6013,4642,3854,3485,12428,5997,3926,3283,29.4009,-31.3018,8.72705,47.424
23621,5066,4344,3505,3319,8675,5183,3707,3460,7766,4815,3883,3254,4708,4078,3391,3125,-1.19105,-25.9523,8.90849,48.186
23622,3062,3304,3375,3406,3219,3446,3969,4032,3592,4103,5842,6126,3646,4682,8145,8197,20.892,14.7708,8.65602,48.0973
23623,4060,5777,8520,5689,3690,4841,6364,4835,3421,3755,4026,3892,3174,3356,3402,3430,-19.4172,6.83212,8.89248,48.1547
23624,3201,3576,4191,4748,3420,3767,4783,8498,3341,3749,4834,8223,3224,3594,4084,4625,-0.493719,30.5978,8.94212,47.9053
23625,3198,3655,4030,3999,3511,4169,5984,5547,3546,4292,7222,6581,3410,3864,4685,4651,2.95752,13.5556,8.90998,48.2293
23626,5348,5282,4044,3550,7154,7602,4399,3431,4950,5132,3872,3403,3867,3841,3473,3186,-7.61752,-14.3623,8.77627,48.356
23627,11836,6042,3954,3497,6694,4970,3881,3357,3983,3709,3426,3168,3514,3420,3289,3146,-23.1393,-27.7548,8.62394,47.924
23628,3321,3608,4050,4063,3429,4044,5492,5631,3347,4235,7027,7099,3324,3764,4726,4997,4.24767,15.1231,8.72599,48.1047
23629,3620,4448,5562,4921,3753,5049,8199,5604,3517,4036,5092,4422,3334,3550,3809,3664,-9.25484,8.91792,8.8517,48.3867
23630,3606,4242,6533,5559,3703,4654,7917,6061,3423,3921,4536,4388,3146,3423,3604,3608,-11.9026,10.9785,8.9121,48.216
23631,3096,3230,3434,3378,3310,3497,3758,3912,3432,3733,4785,6627,3354,3829,5999,12506,24.9638,29.8343,8.89494,47.92
23632,10506,7884,4350,3470,5676,5075,3964,3411,3912,3799,3454,3280,3428,3347,3280,3167,-31.3732,-18.7978,8.67805,48.002
23633,3311,3720,4333,4549,3386,3805,5794,7199,3491,3898,5592,7236,3349,3590,4324,4696,-0.218737,18.7371,8.73211,48.182
23634,3240,3371,3722,3963,3258,3740,4668,5604,3428,4009,6081,9181,3351,3863,5010,6160,8.17591,21.5886,8.86323,48.4327
23635,3105,3227,3285,3333,3240,3378,3780,3918,3402,3763,4765,6085,3385,4008,6086,12578,28.859,28.1644,8.51714,47.5587
23636,3160,3275,3327,3381,3232,3634,3926,3842,3666,4246,5650,5228,3832,5206,9556,7285,24.2253,10.9643,8.90196,48.2973
23637,3523,4179,7478,10631,3454,3867,5326,6037,3171,3395,3828,4020,3083,3192,3407,3355,-24.5828,19.887,8.72091,47.964
23638,4762,8008,8310,4592,4224,5023,4919,4258,3605,3696,3737,3573,3297,3361,3402,3334,-33.1954,-0.063418,8.79729,48.0673
23639,4264,6724,9673,5584,3944,4645,5532,4526,3440,3698,3731,3769,3187,3316,3316,3184,-24.6185,4.98028,8.92119,48.3553
23640,3452,3317,3296,3149,3925,3863,3434,3235,5948,4962,3863,3404,11149,7263,4182,3487,30.091,-20.7657,8.56811,47.9527
23641,3535,4477,7026,6738,3567,4406,7083,6440,3436,3593,4319,4284,3110,3354,3574,3556,-15.0045,13.9386,8.84614,48.332
23642,3391,3392,3315,3088,3832,4102,3687,3495,5106,6431,4688,3701,6120,8485,5400,3939,19.2885,-8.5267,8.79302,48.1147
23643,3566,4633,8020,8015,3715,4147,5928,5995,3376,3596,3849,4093,3093,3288,3385,3396,-20.3865,14.7941,8.89527,48.0633
23644,3311,3438,3180,3045,4093,3802,3534,3263,7551,4986,3875,3382,11098,5741,3896,3482,20.1052,-33.1486,8.92028,47.7847
23645,3088,3226,3255,3356,3219,3467,3822,3938,3353,3772,4717,5923,3383,3964,6700,11999,29.6658,24.788,8.63417,47.4547
23646,8695,5241,3962,3331,9145,5288,3892,3330,4830,4165,3596,3337,3554,3546,3332,3108,-14.2475,-25.9402,8.83452,48.2347
23647,5346,8003,5699,4109,4734,6453,5183,3959,3891,4144,3803,3505,3291,3396,3311,3276,-18.2656,-5.02486,8.90778,48.0687
23648,5159,7644,6056,4172,4762,6879,5163,4041,3816,4087,3848,3518,3385,3434,3445,3189,-17.3215,-4.56955,8.62457,48.3987
23649,3247,3530,3773,3747,3418,3874,4956,4683,3583,4398,7721,6660,3409,4206,5589,5385,8.78494,13.387,8.65255,48.1193
23650,3365,3523,3676,3513,3647,4280,4814,4081,4007,5821,7836,4881,3868,5020,5789,4579,10.3111,4.12558,8.89251,48.4667
23651,3546,3506,3317,3189,4090,3961,3617,3225,6349,5841,4096,3461,8705,7640,4387,3547,19.8282,-16.6605,8.93189,48.318
23652,3636,3496,3185,3168,4354,3926,3445,3177,7952,5059,3822,3333,10566,5616,3821,3453,18.5216,-27.6781,8.74361,48.006
23653,3401,4205,7546,10850,3528,3900,5160,6063,3362,3432,3707,3947,3028,3115,3444,3416,-27.4853,19.8271,8.7244,48.0693
23654,3346,3417,3268,3160,3913,3771,3414,3273,5844,4878,3975,3447,10818,7429,4122,3398,29.7996,-20.3971,8.59365,47.6487
23655,3716,3579,3215,3146,5313,4205,3494,3231,9925,5377,3793,3337,7561,4959,3830,3445,11.4013,-28.209,8.92716,48.084
23656,3218,3337,3347,3349,3342,3565,3775,3640,3830,4516,5233,4761,4165,6473,9581,5947,28.0143,5.77393,8.54024,48.0527
23657,3324,3446,3419,3348,3803,4027,3925,3633,4602,6318,5812,4212,4813,7046,6515,4293,16.7261,-1.57123,8.7441,48.3573
23658,6736,10214,5628,3888,4851,5287,4284,3692,3731,3926,3577,3422,3288,3457,3325,3223,-27.9107,-9.07269,8.89657,48.3527
23659,3776,4349,4301,3957,4228,6188,6615,4355,3966,5542,5708,4234,3675,4059,4063,3701,-2.16252,0.879657,8.80232,48.478
23660,3845,3648,3383,3121,5308,4332,3585,3253,9630,5494,3760,3393,7309,5040,3851,3288,10.8651,-25.6833,8.83671,48.16
23661,12678,6247,3965,3370,6086,4696,3646,3440,3825,3801,3409,3232,3378,3314,3266,3203,-31.7477,-25.9129,8.88229,47.704
23662,6228,4803,3821,3326,9649,5663,3960,3379,5674,4530,3602,3299,3949,3715,3467,3223,-7.94531,-24.1013,8.52623,48.192
23663,3495,3474,3235,3196,4230,4021,3583,3179,7742,5438,3927,3456,9233,6319,4160,3381,17.6493,-21.0025,8.91341,48.046
23664,3376,3559,3424,3207,3747,4057,3968,3599,4599,6570,5842,4202,4758,7130,6032,4194,16.2821,-2.47781,8.86606,48.176
23665,7305,5348,3780,3412,9219,5769,3899,3281,5097,4318,3627,3320,3774,3660,3241,3010,-11.4884,-22.7915,8.76824,48.04
23666,3277,3318,3364,3294,3450,3763,3919,3679,3935,4933,6129,4630,4184,6120,8679,5450,20.8151,5.26554,8.52976,48.0827
23667,3305,3301,3287,3171,3780,3856,3676,3499,4834,5214,4434,3858,6493,9939,5565,3840,32.3735,-8.37966,8.9756,48.0347
23668,3345,3761,4593,4519,3510,4319,7171,6343,3579,4236,6137,5568,3296,3600,4167,4209,-2.3111,13.1209,8.90183,48.2353
23669,4183,4554,4137,3698,4911,7595,5242,3853,4649,6077,4718,3744,3867,4113,3721,3467,-2.90933,-5.73364,8.78074,48.3527
23670,4638,5594,4395,3810,5356,8054,5141,3757,4289,5144,4120,3629,3648,3792,3543,3284,-8.42905,-7.36613,8.62054,48.1293
23671,6146,8170,5174,3802,5344,6860,4461,3697,3921,4191,3775,3340,3479,3503,3293,3198,-17.9944,-9.43537,8.96937,48.236
23672,3461,4038,7020,11514,3361,3941,4987,6088,3166,3445,3672,4014,3080,3264,3392,3444,-27.0402,22.0856,8.69613,47.9247
23673,3262,3737,5075,7260,3400,3729,5508,9536,3268,3520,4229,5396,3129,3385,3629,3669,-10.5741,26.1676,8.77381,47.8213
23674,3206,3301,3539,3487,3246,3570,4100,4301,3408,3891,5687,7613,3432,4154,6321,8513,16.6627,20.3583,8.52466,47.846
23675,3141,3349,3579,3725,3392,3513,4399,4801,3507,4015,6544,8343,3357,3961,5659,7302,12.1294,19.3608,8.96979,48.3913
23676,3263,3557,3456,3336,3849,4142,4232,3647,4384,6458,6012,4233,4594,6573,6086,4391,15.0754,-1.35078,8.52293,48.142
23677,3312,3417,3272,3090,3978,3740,3400,3187,5757,5053,3851,3412,10904,7587,4064,3533,33.72,-19.5161,8.96438,47.7047
23678,3550,3562,3305,3002,4660,4167,3582,3238,8453,5462,3841,3337,8834,5703,3898,3501,15.6191,-23.6187,8.62571,48.0633
23679,3468,4070,5243,5150,3648,4406,7612,6707,3435,3918,5169,4937,3216,3460,3819,3888,-6.98371,13.1161,8.54426,48.0973
23680,7238,6159,4106,3396,7840,6420,4144,3532,4622,4296,3594,3279,3566,3611,3303,3124,-13.8225,-17.7754,8.83457,48.1533
23681,3181,3292,3353,3338,3308,3519,3859,3818,3598,4203,5456,5104,3863,5251,9564,7415,26.2875,11.0033,8.55358,48.0813
23682,3241,3746,4859,6487,3355,3805,5425,9812,3323,3545,4457,5850,3135,3320,3703,3960,-8.36393,25.9588,8.87795,48.0153
23683,3356,3532,3458,3214,3838,4248,3849,3518,4754,7008,5244,4012,5139,7460,5573,4064,16.2084,-5.15852,8.73594,48.178
23684,3335,3364,3242,3199,3889,3850,3384,3334,6177,4749,3806,3439,12292,6086,3962,3342,27.1636,-32.9585,8.51318,47.6333
23685,3312,3686,4212,4438,3397,3910,6011,6354,3412,4032,6309,6881,3349,3730,4432,4533,0.834542,16.4309,8.54769,47.9987
23686,3324,3444,3420,3241,3468,3716,3809,3750,3865,5147,6081,4632,4258,6523,8495,5306,20.7531,3.83126,8.92042,48.3193
23687,3192,3284,3406,3324,3322,3789,4078,3815,3607,4727,6439,5142,3855,5246,8525,6137,19.0853,8.44284,8.66738,47.9253
23688,6155,5201,4044,3377,8489,6430,4047,3503,5440,4620,3594,3294,3825,3816,3452,3169,-8.74047,-19.3866,8.58142,48.304
23689,3392,3717,5107,6694,3441,3958,5605,9600,3335,3644,4390,5517,3066,3353,3738,3836,-9.57844,24.8084,8.56539,48.262
23690,3396,4004,5623,6263,3456,4199,7068,7870,3314,3654,4652,4970,3217,3275,3677,3810,-10.2776,16.795,8.96952,48.2987
23691,3457,3722,3726,3454,3862,4552,4795,3997,4223,6675,7325,4502,4061,4998,5361,4190,8.54232,1.38127,8.86337,48.6
23692,4408,7172,8531,4983,4020,5098,5594,4393,3448,3792,3803,3691,3283,3347,3352,3317,-22.8749,2.25254,8.51828,48.1547
23693,3073,3239,3385,3229,3303,3574,3885,3877,3562,4117,5586,5534,3752,4819,9144,8161,23.9323,13.4427,8.53941,48.16
23694,3803,4959,6916,5329,3884,5150,7546,5304,3516,3905,4259,3959,3222,3426,3542,3384,-13.9564,7.49639,8.53455,48.0693
23695,3679,4438,5339,4631,3843,5368,8131,5217,3584,4246,5246,4322,3343,3605,3807,3610,-7.36485,6.69018,8.68006,48.2727
23696,3125,3186,3308,3417,3237,3413,3777,3873,3309,3726,4836,6172,3450,3959,6122,12738,28.2432,28.1967,8.78797,47.7653
23697,8505,5362,3935,3393,9214,5211,3927,3446,4737,4042,3473,3258,3533,3533,3288,3135,-14.1136,-30.7914,8.78427,47.9947
23698,8007,9331,4931,3628,5308,5496,4142,3649,3962,3750,3684,3218,3362,3362,3146,2997,-25.7835,-12.6808,8.65996,47.982
23699,3393,3867,5107,5757,3428,4136,6700,8158,3377,3693,4812,5369,3176,3472,3788,3948,-7.84677,17.6378,8.84365,48.1207
23700,3294,3450,3559,3585,3433,3923,4515,4246,3691,5037,8001,5506,3849,4755,6351,5039,11.8057,7.65682,8.78965,48.156
23701,3554,4386,6420,6050,3776,4546,7268,6259,3355,3802,4412,4435,3195,3489,3732,3558,-13.0878,12.5462,8.5246,48.158
23702,3371,3640,4501,5272,3325,3844,5673,8691,3409,3860,4982,6739,3165,3432,3978,4364,-3.51402,22.3262,8.75806,48.164
23703,7769,5941,3943,3440,8136,5902,4026,3387,4703,4274,3535,3185,3621,3582,3370,3144,-14.0383,-20.7477,8.65146,47.972
23704,3962,4062,3861,3431,4459,6244,4739,3785,4766,7401,5345,3808,4081,4578,4111,3720,2.41272,-5.07485,8.92205,48.2353
23705,6847,7687,4709,3543,5959,6938,4547,3606,4003,4175,3743,3343,3459,3468,3392,3150,-17.0975,-12.4083,8.8784,48.3793
23706,3372,3994,6125,8717,3360,3934,5668,8212,3260,3529,4005,4435,3144,3316,3432,3502,-16.281,21.5893,8.91787,48.0033
23707,10971,6943,4077,3603,6854,5187,3878,3321,4026,3854,3439,3278,3389,3342,3202,3061,-22.4239,-21.6841,8.98152,48.2833
23708,3327,3474,4119,4618,3367,3743,4819,7972,3384,3837,5056,8532,3182,3643,4332,4866,1.01413,26.5976,8.99347,48.1807
23709,3581,3591,3294,3143,4403,4196,3711,3338,7480,6048,4051,3429,8253,6566,4264,3459,16.4089,-18.3783,8.91642,48.538
23710,3886,5049,9008,6956,3657,4404,5948,5382,3308,3675,4005,3802,3075,3262,3435,3294,-21.6554,11.0683,8.54592,48.0973
23711,4135,5418,5681,4365,4291,6588,7218,4477,3760,4346,4633,3776,3385,3533,3438,3478,-10.684,1.38726,8.95814,48.348
23712,3288,3982,6645,11600,3407,3827,4929,6513,3260,3510,3905,3911,3068,3180,3323,3434,-24.6112,23.4302,8.90417,47.8547
23713,3732,3802,3478,3208,4532,4936,3867,3471,6261,8084,4741,3622,5227,5610,4309,3513,8.76298,-11.4342,8.91104,48.262
23714,4954,5893,4252,3633,5751,8171,5047,3772,4220,4917,4052,3529,3691,3694,3472,3275,-9.23381,-8.89488,8.93067,48.2153
23715,3061,3222,3413,3391,3242,3538,3763,3865,3456,3954,5147,5747,3442,4286,7707,10647,28.311,19.4129,8.74698,47.9207
23716,3078,3201,3451,3395,3222,3517,3884,4085,3342,3824,5084,6449,3433,4029,6488,11662,23.9579,23.6864,8.6729,48.096
23717,3271,3712,4490,4989,3318,3967,6093,7748,3265,3814,5419,6757,3256,3562,4047,4273,-2.4498,19.1509,8.88069,47.9873
23718,3546,3493,3298,3202,4383,4147,3498,3208,8423,5189,3884,3385,9486,5534,4001,3375,16.5304,-33.1817,8.53039,48.0347
23719,5465,9059,6857,4344,4423,5659,4836,3998,3677,3739,3600,3420,3339,3471,3332,3269,-23.6775,-3.68146,8.93234,48.3253
23720,3541,4390,7479,8214,3479,4123,6115,6578,3342,3601,4002,4094,3196,3258,3450,3558,-18.5021,16.4555,8.50058,48.28
23721,3391,3589,4422,5976,3494,3781,5126,9452,3284,3705,4707,6560,3223,3431,3966,4094,-5.23863,31.1016,8.63471,48.134
23722,5843,5140,3873,3330,8187,6707,4033,3392,5280,4743,3733,3208,3848,3821,3444,3227,-8.005,-18.0344,8.92906,47.8727
23723,3437,3810,4109,3915,3641,4469,6487,4936,3709,4820,7568,5313,3566,3990,4632,4157,2.17366,8.34126,8.94652,48.3727
23724,3057,3280,3344,3344,3288,3523,3903,3813,3507,4095,5126,5454,3590,4776,8889,8830,29.884,15.1133,8.7924,47.8793
23725,12531,6381,4028,3502,6095,4801,3722,3339,3849,3822,3417,3265,3352,3349,3248,3159,-28.5103,-25.6347,8.91393,47.9067
23726,4373,7318,9211,5189,3983,4787,5032,4374,3422,3765,3733,3593,3239,3347,3309,3262,-28.4113,2.74769,8.64503,47.958
23727,3287,3421,3368,3234,3664,3923,3770,3662,4324,5725,5221,4170,4959,8097,6938,4435,21.1191,-2.01417,8.55292,48.132
23728,4923,5882,4558,3754,5863,8430,4956,3720,4459,4772,3969,3418,3615,3638,3464,3218,-9.82469,-9.25124,8.81132,48.426
23729,3314,3319,3619,3427,3654,4150,4537,3999,3858,5574,7736,4980,3983,5053,6302,4879,12.4447,4.87033,8.67113,48.256
23730,3305,3328,3244,3186,3961,3775,3440,3080,6111,4807,3846,3427,12453,6139,3933,3440,27.1028,-31.6792,8.55819,47.65
23731,4489,4090,3598,3307,7074,5286,3926,3309,7956,5736,3972,3343,4948,4261,3642,3288,1.70696,-20.8236,8.55323,48.15
23732,4734,4260,3567,3250,7913,5545,3828,3456,7560,5488,3850,3412,4715,4233,3697,3283,-0.694911,-21.8312,8.87509,48.5273
23733,3784,4931,9537,7784,3541,4164,5490,5205,3265,3578,3886,3792,3069,3222,3326,3431,-25.7662,12.1904,8.90513,48.0033
23734,3660,3781,3592,3379,4128,5055,4323,3674,5043,7890,5752,4025,4400,5458,4573,3839,8.39757,-4.84385,8.63443,48.3813
23735,3188,3346,3307,3296,3597,3747,3782,3486,4377,5206,4790,4020,5288,9011,7429,4433,26.5496,-2.6925,8.91853,48.202
23736,4602,7896,8718,4913,3984,4995,5032,4266,3557,3778,3734,3560,3208,3289,3331,3301,-29.2397,1.24964,8.89243,48.1093
23737,3517,3478,3172,3056,4107,3822,3439,3156,6814,4801,3866,3449,11443,6418,4056,3536,22.912,-24.7864,8.69765,48.0867
23738,3074,3289,3446,3367,3330,3426,3973,4238,3402,3821,5075,7712,3453,3919,5686,10576,19.0801,31.4516,8.74574,47.858
23739,3261,3748,4512,5003,3419,3866,5999,8178,3243,3727,5229,6805,3258,3534,4070,4483,-2.51762,20.7282,8.67189,48.2233
23740,4386,7106,9295,5354,3975,4772,5148,4257,3505,3630,3690,3704,3191,3319,3307,3262,-27.5975,3.38622,8.66256,47.934
23741,3454,3603,3258,3049,4349,4092,3497,3266,7762,5460,3962,3476,9286,6018,4089,3392,17.1635,-22.0291,8.64475,48.0087
23742,3082,3377,3517,3565,3357,3570,4091,4832,3378,3824,5436,8844,3284,3920,5601,8678,14.7545,24.9532,8.94136,48.2373
23743,6498,5743,4004,3532,7533,6887,4087,3477,4712,4630,3760,3425,3720,3651,3356,3110,-11.5406,-16.3521,8.52518,48.0833
23744,3415,3751,3897,3725,3633,4558,5700,4369,3929,5415,7737,4956,3757,4215,4793,4188,4.32357,5.91451,8.78777,48.0253
23745,3042,3197,3362,3370,3212,3403,3820,3966,3387,3724,4896,6685,3349,4023,6148,11902,24.7269,26.8848,8.57782,47.6573
23746,3419,3314,3150,3192,3849,3731,3414,3202,6231,4741,3747,3382,12483,6451,3988,3497,28.3345,-25.5899,8.91133,47.8607
23747,3330,3856,5934,12703,3421,3829,4863,5843,3366,3388,3698,3965,3108,3153,3348,3381,-30.0261,32.6791,8.84661,47.4573
23748,3267,3445,3430,3312,3703,4125,3978,3595,4552,6473,5827,4190,4560,7013,6204,4299,16.2373,-1.84758,8.64833,47.982
23749,3077,3274,3489,3409,3363,3549,3751,3782,3617,4405,5565,5166,3814,5168,9567,7104,24.7861,10.4152,8.78976,48.0667
23750,3513,4775,8454,7577,3536,4327,6008,5904,3260,3619,3959,3943,3053,3324,3412,3458,-20.1686,13.5155,8.89581,48.0813
23751,3392,3743,4789,6953,3338,3686,5420,10028,3333,3699,4314,5529,3123,3394,3556,3726,-9.96125,28.1746,8.75928,48.0153
23752,3435,3999,5698,8484,3410,3997,5643,8569,3261,3490,4265,4767,3065,3185,3572,3560,-14.8034,22.7772,8.85149,48.2667
23753,3142,3224,3477,3454,3250,3452,3944,4313,3236,3826,5205,7730,3288,3832,5972,10749,19.2928,25.5259,8.82094,48.0627
23754,3120,3147,3395,3367,3267,3552,3796,3821,3490,3978,5084,5474,3501,4519,8725,9711,29.6824,16.2746,8.74611,47.9647
23755,3393,3865,5320,7310,3388,4038,5807,8897,3334,3520,4287,4961,3116,3313,3571,3720,-11.7621,22.5278,8.70107,47.8933
23756,4078,4399,4103,3628,4755,7146,5288,3880,4486,6427,4926,3717,3986,4244,3914,3557,-1.56787,-5.08623,8.88145,48.356
23757,5905,4354,3729,3143,9630,5275,3865,3306,6636,4595,3637,3265,4149,3679,3492,3293,-5.25137,-28.1644,8.98079,47.9687
23758,3329,3968,5926,12669,3320,3764,4812,6047,3244,3472,3823,3920,3178,3261,3397,3331,-29.6789,29.2317,8.65866,47.6407
23759,5748,4503,3748,3206,9839,5217,3906,3353,6459,4532,3663,3338,4122,3946,3383,3184,-5.53977,-28.3506,8.91142,48.098
23760,3359,3445,4058,4461,3304,3661,4845,7500,3364,3688,5188,9076,3182,3605,4273,5108,2.2186,28.0182,8.64931,48.078
23761,3424,3475,3283,3215,3913,4071,3740,3458,4952,6695,4827,3877,5626,8217,5529,4012,17.9883,-7.01839,8.67965,48.2093
23762,3198,3392,3551,3610,3336,3756,4365,4291,3526,4364,7054,6539,3578,4471,6862,6560,14.6856,13.814,8.69168,48.302
23763,12527,6140,3971,3344,6263,4770,3824,3382,3969,3626,3344,3210,3348,3408,3232,3125,-27.4339,-28.9349,8.53331,47.6553
23764,5881,4583,3747,3335,9998,5189,3846,3327,6282,4611,3702,3191,4226,3868,3377,3303,-6.06282,-32.8567,8.75245,48.3107
23765,3320,3563,3673,3561,3583,4218,5155,4207,3906,5703,8106,5074,3769,4692,5597,4428,9.08984,5.61073,8.858,48.37
23766,9983,8199,4478,3487,5577,5108,4000,3509,3929,3671,3407,3315,3410,3506,3356,3111,-30.7877,-17.4306,8.50095,48.0307
23767,4318,6761,9534,5523,3797,4639,5453,4529,3338,3782,3870,3700,3148,3302,3320,3149,-25.6372,4.73458,8.8582,48.1087
23768,3995,4354,3888,3525,4665,6741,4930,3613,4855,7065,5035,3808,4027,4340,3979,3512,0.903341,-6.40695,8.77534,48.2213
23769,3054,3301,3531,3471,3401,3756,4213,3895,3801,4620,7151,5395,3760,5027,7807,5882,16.1737,9.40338,8.90813,48.0433
23770,3178,3381,3569,3499,3370,3746,4259,3894,3741,4716,6861,5329,3901,5218,7921,5799,17.0972,8.77058,8.52574,48.2547
23771,4110,4064,3587,3292,5698,5595,4010,3506,6911,6932,4225,3438,4919,4707,3783,3320,3.5908,-15.1452,8.86482,48.0647
23772,3201,3292,3326,3303,3268,3400,3840,4112,3554,3825,5148,6627,3428,4125,6611,11186,23.2218,23.2514,8.68934,48.164
23773,3261,3566,4452,5345,3326,3877,5179,9475,3261,3743,4798,7127,3161,3344,3904,4409,-3.24071,33.3111,8.90388,48.152
23774,3196,3332,3408,3447,3204,3461,3833,4162,3424,3876,4867,7264,3449,3995,5684,11094,20.7428,32.3481,8.70579,47.7973
23775,4524,7658,8383,4894,4105,5088,5386,4331,3566,3844,3830,3454,3187,3307,3344,3358,-23.2363,1.29243,8.85606,48.1727
23776,3392,3777,3898,3579,3623,4695,5501,4211,3988,5715,7767,4640,3656,4447,4835,4179,5.03524,4.29457,8.90362,47.9353
23777,3295,3435,3598,3461,3655,4054,4455,3852,3936,5764,7219,4766,4104,5462,6566,4765,13.7448,3.85613,8.5803,48.258
23778,8863,8970,4610,3639,5273,5236,4162,3502,3887,3889,3504,3225,3387,3412,3246,3108,-32.6672,-14.8935,8.67084,47.942
23779,9077,5372,3792,3404,8810,5175,3869,3339,4633,4163,3614,3338,3580,3553,3337,3059,-15.533,-27.7572,8.50324,48.0767
23780,3169,3264,3512,3628,3185,3508,4011,4877,3303,3924,5196,9225,3219,3893,5374,8852,14.3771,28.9682,8.96939,48.0933
23781,3465,3893,6113,12513,3303,3825,4833,6003,3209,3442,3815,3846,3118,3255,3249,3451,-27.5231,33.5352,8.66055,47.5553
23782,3716,4462,4359,3903,4066,5864,6736,4435,3959,5375,5926,4253,3547,3967,4153,3811,-1.79965,1.88159,8.78625,48.3547
23783,3098,3335,3342,3373,3457,3707,4025,4038,3599,4609,6754,5467,3754,5060,8417,6359,18.4378,10.2192,8.97527,48.2627
23784,3356,4018,6469,12434,3443,3719,4727,5970,3202,3466,3610,3971,3044,3258,3442,3362,-31.1052,25.1924,8.55894,47.6607
23785,3226,3424,3317,3266,3579,3756,3746,3690,4246,4948,4961,4212,4762,8229,8051,4658,26.2893,-0.178316,8.69288,48.0473
23786,3294,3329,3525,3357,3410,3824,4249,4025,3736,4542,7013,5813,3720,4757,7734,6273,16.4516,11.1124,8.86533,48.4007
23787,4359,7415,9283,5384,4010,4737,5067,4295,3453,3639,3778,3626,3285,3320,3355,3284,-29.0658,3.05724,8.69904,48.1933
23788,3345,3277,3247,3341,3774,3746,3475,3227,5860,4666,3692,3344,12820,5975,4009,3389,30.4116,-33.4785,8.68642,47.458
23789,3380,3946,6125,12265,3398,3762,4865,6572,3133,3449,3729,4079,3068,3225,3286,3487,-24.5014,27.5807,8.77428,47.846
23790,10554,5903,3865,3398,7838,5138,3794,3338,4241,3942,3536,3089,3488,3485,3239,3126,-19.058,-26.9034,8.53181,47.9827
23791,5249,5991,4412,3629,6095,7930,4738,3585,4470,4766,3737,3487,3594,3757,3436,3206,-10.4393,-10.5846,8.51381,48.0547
23792,4263,4507,3900,3594,5584,7028,4543,3737,5124,6402,4455,3466,4219,4240,3696,3422,-1.28434,-9.87063,8.54102,48.12
23793,3212,3622,4348,4740,3302,4019,5956,7391,3409,3905,5536,7119,3330,3606,4199,4509,-0.649943,18.8262,8.59124,48.1353
23794,3171,3396,3615,3476,3464,3775,4521,4421,3606,4540,7649,6555,3613,4346,6320,5949,12.5522,12.6081,8.73101,48.278
23795,3409,3820,5944,12669,3412,3738,4660,6109,3323,3491,3722,3884,3062,3179,3296,3393,-29.5214,30.5702,8.74758,47.4073
23796,3783,4208,4116,3597,4312,6061,5519,4018,4278,6405,5768,4214,3794,4416,4217,3774,1.06713,-1.40249,8.56046,48.32
23797,3339,3788,5813,11301,3327,3837,4949,7127,3334,3553,3823,4154,3108,3332,3424,3385,-21.0833,33.434,8.64804,47.7293
23798,5088,8837,7763,4558,4373,5035,4772,4002,3612,3686,3626,3470,3314,3374,3399,3261,-30.9246,-1.83042,8.82587,48.1133
23799,5508,6333,4483,3592,5997,7924,4820,3627,4279,4631,3886,3554,3559,3649,3380,3125,-11.7519,-10.6197,8.7933,48.2313
23800,5514,9409,6990,4354,4449,5057,4544,3917,3565,3768,3659,3436,3355,3404,3388,3286,-32.5152,-3.85183,8.56893,48.0633
23801,3999,4149,3886,3474,5069,6729,4558,3696,5396,7229,4559,3656,4202,4443,3761,3511,0.634164,-9.32353,8.89543,48.2113
23802,4065,3753,3259,3136,5973,4380,3601,3388,9892,5216,3750,3393,6264,4693,3722,3347,7.68218,-32.3726,8.75066,47.888
23803,3718,3679,3400,3127,5193,4281,3712,3199,9521,5663,3905,3400,7118,5228,3728,3307,10.7979,-24.0747,8.95775,48.1193
23804,3365,3808,4358,4096,3571,4655,6602,4955,3667,4761,7343,5262,3544,3955,4542,4099,1.33107,8.38672,8.68247,48.3887
23805,7105,4946,3702,3444,9834,5401,3899,3302,5309,4393,3619,3227,3786,3550,3335,3195,-10.6051,-27.4199,8.78763,48.0313
23806,4674,7679,7126,4519,4344,5825,5586,4169,3620,3839,3947,3528,3236,3390,3368,3173,-19.8677,-0.920134,8.929,48.0153
23807,3345,3766,4332,5019,3282,3856,5601,8442,3361,3836,5126,7076,3167,3569,4061,4409,-2.54127,22.1459,8.51491,48.1653
23808,3492,3481,3304,3114,4113,4212,3690,3405,5453,6967,4561,3671,6303,7830,4901,3763,16.9469,-10.1531,8.83558,48.1733
23809,3397,3397,3214,3136,4000,3751,3357,3283,5911,4796,3794,3388,12320,6399,3984,3425,31.4179,-25.0271,8.51361,47.7013
23810,3392,3928,5587,10158,3358,3748,5049,8110,3205,3451,3930,4370,3063,3219,3388,3510,-17.6539,33.6176,8.98163,47.644
23811,12551,6291,3880,3352,5958,4640,3746,3343,3877,3838,3538,3231,3433,3471,3226,3199,-30.4859,-26.0519,8.79095,47.716
23812,3438,3378,3143,3173,3958,3816,3583,3269,5857,4939,3928,3332,11189,7380,4185,3484,28.314,-20.8155,8.54938,48.0347
23813,12568,6001,3984,3486,6412,4758,3780,3398,4021,3737,3349,3131,3294,3359,3258,3226,-24.9679,-31.9606,8.67247,47.8413
23814,4833,8352,8150,4598,4241,5037,4798,4052,3627,3848,3740,3576,3292,3314,3316,3165,-32.9581,-0.673146,8.87106,47.9593
23815,6682,5391,3852,3449,8517,6339,4205,3316,5029,4477,3592,3323,3818,3799,3534,3148,-10.3122,-19.7643,8.6288,48.314
23816,4603,3999,3449,3215,7661,4780,3700,3326,8843,5002,3760,3523,5153,4301,3555,3221,1.93418,-30.0866,8.60682,48.0607
23817,3045,3140,3346,3393,3306,3432,3810,3940,3396,3905,5173,5737,3449,4159,7530,10680,33.5914,19.2248,8.811,47.6273
23818,3666,3960,3959,3558,3956,5545,5685,4044,4135,6255,6589,4404,3794,4499,4367,3763,2.18946,0.629245,8.97333,48.1193
23819,3272,3438,3436,3428,3457,3905,4083,3815,4010,5189,6889,4818,4081,5561,7667,5234,16.8052,5.46866,8.58425,48.1887
23820,3849,4964,8425,6754,3563,4516,6336,5593,3354,3629,4009,3944,3273,3304,3574,3355,-19.132,11.1577,8.80133,48.2947
23821,3077,3280,3359,3588,3203,3609,3911,4272,3380,4001,5691,7167,3353,4137,6773,9128,18.6795,19.7794,8.75476,47.9527
23822,3323,3372,3274,3173,3912,3807,3508,3254,6324,4672,3703,3295,12605,6207,3912,3325,26.8893,-27.3594,8.75901,47.7773
23823,3585,3584,3214,3100,4386,3955,3505,3199,8253,5254,3857,3460,9598,5687,3864,3342,17.0956,-25.9735,8.77594,47.8953
23824,4199,3985,3524,3210,7171,4661,3747,3361,9236,5267,3848,3304,5199,4426,3537,3394,3.35987,-33.3848,8.60743,48.046
23825,3648,4421,7651,8015,3544,4149,6033,6402,3296,3653,4114,4069,3080,3257,3511,3506,-18.8649,15.7479,8.93586,48.2327
23826,3198,3399,3656,3493,3508,3950,4365,4146,3873,5005,7491,5312,3809,4917,6925,5280,13.8355,8.24707,8.78005,48.218
23827,4163,4804,4397,3797,4696,7528,5957,4052,4246,5558,4873,3772,3607,4077,3815,3452,-4.41657,-3.41446,8.99343,48.5293
23828,3609,4451,6794,6483,3565,4426,7023,6455,3231,3741,4288,4259,3192,3383,3645,3527,-14.6215,13.5605,8.77346,48.048
23829,3562,4268,6322,6804,3523,4337,6868,7316,3344,3677,4331,4519,3182,3329,3588,3511,-13.6922,16.1035,8.98517,48.3207
23830,4057,3797,3324,3144,5800,4889,3629,3383,8483,6426,4070,3420,5530,4908,3913,3419,6.09444,-19.4896,8.7662,48.128
23831,3503,3553,3382,3356,3780,4365,4007,3517,4929,7572,5420,4015,5044,6533,5198,3916,13.321,-5.52939,8.71144,48.06
23832,7145,4914,3644,3281,9905,5403,3950,3389,5443,4318,3498,3299,3888,3720,3307,3192,-10.0518,-25.3264,8.91972,48.1973
23833,3329,3492,3732,3542,3576,3946,4844,4297,3615,4736,7983,5936,3594,4493,5881,5298,10.0884,10.328,8.67598,48.196
23834,3238,3329,3632,3938,3300,3680,4336,5915,3385,3784,5104,10033,3446,3711,4717,6376,7.9308,30.2652,8.8119,47.9493
23835,12464,5886,3797,3332,6173,4731,3744,3365,4010,3704,3375,3172,3376,3440,3294,3268,-33.9338,-28.8967,8.63778,47.4207
23836,11836,6794,4112,3468,5803,4899,3803,3355,3922,3751,3385,3361,3352,3326,3157,3057,-28.1085,-23.1475,8.71295,47.5873
23837,3339,3899,6286,12649,3288,3747,4740,6129,3263,3446,3693,4023,3132,3248,3347,3331,-29.3768,26.9632,8.81568,47.7067
23838,3986,3837,3411,3192,6078,4439,3668,3393,9859,5100,3802,3384,5916,4600,3689,3311,6.44598,-33.2593,8.88149,47.7767
23839,8645,5661,3923,3416,8838,5562,3933,3377,4657,4206,3526,3231,3660,3453,3237,3132,-14.2499,-23.2924,8.89084,48.3047
23840,3154,3355,3355,3331,3249,3641,3762,3898,3466,4154,5242,5441,3499,4537,8851,9134,31.5775,15.4599,8.93064,48.046
23841,8074,5553,3942,3397,8563,5832,3915,3421,4639,4229,3586,3326,3637,3552,3321,3053,-14.0314,-22.4823,8.59002,48.0267
23842,4959,5935,4629,3695,5284,8221,5156,3793,4209,4703,4119,3582,3663,3866,3419,3188,-10.3099,-7.09559,8.85225,48.2807
23843,3279,3398,3346,3222,3834,4070,3932,3526,4810,6563,5279,3912,5234,7880,5794,4126,17.3989,-4.37566,8.6869,48.1367
23844,3168,3336,3425,3310,3485,3830,3650,3571,4011,4732,5236,4465,4470,6949,9312,5463,26.456,4.07669,8.59158,48.2753
23845,3329,3497,3595,3460,3647,4047,4492,3942,3969,5680,7490,4922,4001,5128,6394,4727,12.9081,4.53144,8.75072,48.2133
23846,3796,3684,3301,3164,5301,4310,3604,3397,10035,5256,3750,3371,7178,4938,3677,3169,10.0872,-29.9474,8.76748,47.954
23847,3198,3321,3442,3323,3439,3748,3956,3764,3833,4795,6444,5083,3975,5778,8461,5778,19.3566,7.02702,8.73412,48.2253
23848,4267,4819,4483,3767,4685,7559,5908,4014,4243,5386,4778,3749,3608,3922,3852,3491,-5.34924,-3.42395,8.60809,48.354
23849,3193,3390,3777,3960,3145,3629,4538,6184,3429,3824,5202,9846,3264,3720,4662,6235,6.94844,30.5925,8.63391,47.9987
23850,4999,7117,5676,4130,4860,7155,5401,3949,3913,4202,3884,3553,3383,3545,3436,3276,-15.3462,-5.03255,8.54834,48.3193
23851,3214,3363,3285,3253,3566,3654,3766,3642,4009,4675,5116,4256,4274,7450,9140,5160,30.255,2.54539,8.8771,47.882
23852,3063,3176,3421,3361,3267,3429,3851,3953,3528,3853,5010,6664,3450,3765,5943,12139,23.5125,32.8446,8.89079,47.9153
23853,3107,3191,3337,3363,3355,3462,3860,3844,3487,4105,5210,5349,3686,4570,8969,8848,31.4587,14.8772,8.66225,47.8287
23854,3676,3700,3282,3331,4524,4385,3735,3314,7274,6855,4264,3500,6720,6006,4098,3494,12.5339,-16.0691,8.81854,48.1053
23855,4205,6836,9561,5617,3808,4567,5114,4592,3419,3705,3761,3576,3276,3333,3320,3323,-30.0743,4.69269,8.9517,48.0087
23856,4242,3894,3474,3109,6920,4643,3695,3258,9214,5298,3746,3337,5602,4459,3651,3396,3.93905,-28.0685,8.83421,47.9587
23857,3537,4016,4672,4222,3757,5027,7436,5169,3712,4540,6338,4759,3380,3744,4131,3849,-2.66147,7.57002,8.83723,48.1927
23858,3107,3307,3361,3409,3264,3385,3763,3852,3370,3780,4817,5805,3465,3968,6730,12219,30.5718,23.4776,8.92985,47.7347
23859,3571,3688,3429,3385,4033,4711,4072,3634,5165,7918,5493,3990,4759,6002,4728,3794,10.4972,-6.13714,8.68138,48.248
23860,3116,3255,3299,3450,3218,3455,3814,4033,3549,3714,4863,6261,3521,4002,6429,11988,25.9557,24.3658,8.65646,47.978
23861,2968,3192,3347,3384,3357,3653,3901,3876,3498,3937,5331,5907,3504,4347,7746,10085,24.128,18.5251,8.89468,48.022
23862,3121,3286,3473,3206,3385,3650,4100,3842,3743,4806,6696,5073,3916,5415,8387,5705,18.49,7.22519,8.91332,47.8693
23863,3779,3602,3389,3239,5185,4320,3518,3297,10048,5254,3771,3390,7385,4993,3770,3266,10.9837,-32.5118,8.63908,48.1373
23864,3318,3636,3978,3832,3528,4196,5847,4692,3672,4920,8172,5649,3563,3995,5005,4535,5.12386,9.29233,8.98788,48.3587
23865,3452,4016,6430,11962,3415,3805,4849,6522,3189,3423,3846,3962,3241,3204,3372,3422,-24.9989,25.7418,8.58129,48.0733
23866,3376,3412,3635,3490,3456,3830,4229,4111,3544,4769,7567,5637,3784,4800,6760,5515,13.5955,9.72526,8.73967,47.9433
23867,3605,4052,4358,3933,3984,5525,6695,4370,3939,5352,6353,4457,3634,4033,4254,3910,-0.301023,3.12577,8.74694,48.3027
23868,3073,3143,3342,3389,3281,3453,3797,3941,3366,3803,4704,5915,3376,4123,7113,11877,28.6944,22.3044,8.71725,47.7973
23869,5955,9835,6358,3925,4634,5293,4526,3809,3595,3785,3561,3384,3413,3441,3278,3228,-32.3813,-6.08783,8.96307,48.0133
23870,3684,4745,9003,8478,3555,4145,5248,5310,3300,3651,3942,3681,3252,3209,3394,3381,-29.59,13.8474,8.82045,47.9853
23871,3927,3634,3523,3225,5663,4340,3542,3246,9842,5244,3739,3349,6933,4938,3678,3331,9.71025,-30.1651,8.8352,48.1027
23872,3391,3380,3194,3098,4106,3760,3493,3132,6547,5041,3721,3366,11946,6239,4036,3347,23.612,-25.9478,8.70766,47.8647
23873,3082,3393,3471,3391,3269,3556,3930,3839,3670,4254,5303,5012,3702,5314,9941,7201,32.6653,10.4241,8.9244,48.2187
23874,3492,3306,3151,3124,3924,3706,3465,3135,6329,4689,3754,3381,12832,6173,3870,3417,25.815,-29.4467,8.9677,47.832
23875,3321,3295,3312,3344,3550,3703,3722,3642,4048,4963,4971,4148,4740,7975,8524,4852,33.6482,0.573264,8.74692,48.0733
23876,4942,8524,7662,4519,4256,5118,4965,4042,3685,3721,3777,3615,3207,3439,3340,3202,-26.0093,-1.22815,8.57718,48.0093
23877,5625,5820,4174,3547,6789,7815,4514,3619,4498,4778,3805,3427,3692,3741,3443,3175,-9.84028,-13.3099,8.80865,48.308
23878,3188,3155,3389,3375,3310,3403,3868,3963,3479,3954,4957,5788,3370,4194,7189,11378,29.8831,21.5242,8.66168,47.9733
23879,3319,3746,4795,6097,3345,3855,5811,9161,3240,3658,4637,5876,3054,3435,3861,3953,-6.86565,22.243,8.85559,47.8953
23880,3359,3315,3351,3263,3729,3822,3607,3362,4992,5311,4374,3667,7190,9814,5395,3776,27.0269,-10.4203,8.6683,48.218
23881,3257,3361,3380,3141,3703,3786,3722,3424,4594,5493,4575,3888,5818,9570,6216,4132,25.9764,-6.38576,8.61414,48.04
23882,3320,3771,5134,7665,3449,3771,5251,9399,3204,3580,4363,5191,3166,3296,3629,3827,-11.1171,27.2109,8.63656,48.0107
23883,4848,7467,6512,4383,4533,6338,5586,4022,3621,4076,3929,3573,3381,3496,3367,3314,-17.7551,-2.0997,8.77021,48.2973
23884,3585,3445,3296,3218,4689,4131,3465,3337,9246,5162,3813,3347,8460,5350,3947,3371,13.9878,-33.2989,8.51543,47.908
23885,3217,3386,3472,3412,3453,3840,4035,3776,3866,5155,6656,4778,4107,6118,7880,5183,17.9261,4.50063,8.90091,48.2227
23886,3460,3849,4523,4365,3587,4333,7034,6067,3513,4162,6421,5672,3349,3630,4296,4217,-1.20143,12.816,8.65963,48.3187
23887,11325,6169,3963,3397,7232,4994,3770,3446,4151,3862,3568,3137,3387,3440,3202,3108,-21.8385,-25.0836,8.66423,48.1007
23888,3308,4281,7277,11480,3277,3828,5014,5987,3168,3534,3782,3938,3068,3155,3330,3400,-27.181,21.335,8.92949,47.8847
23889,3036,3418,3712,3913,3222,3602,4348,5574,3403,3746,5309,10063,3362,3846,4861,6894,9.2937,27.7022,8.88367,48.206
23890,3141,3269,3418,3454,3249,3493,3919,3968,3539,4034,5149,5693,3634,4624,8613,9059,25.3829,15.5273,8.59584,48.1707
23891,3225,3306,3779,3920,3365,3980,5008,5165,3505,4240,7251,7261,3444,3949,5210,5369,7.53494,15.3724,8.69911,47.9847
23892,3383,3297,3254,3177,3988,3718,3373,3196,6900,4793,3793,3352,12129,6041,3945,3331,23.3954,-27.1498,8.92055,47.78
23893,3107,3335,3535,3708,3164,3565,4160,4866,3324,3875,5206,9503,3371,3811,5123,8071,12.7021,32.9146,8.79456,47.816
23894,4989,4452,3545,3297,8354,5501,3902,3366,7186,5149,3775,3367,4480,4089,3584,3192,-1.8672,-22,8.95194,48.152
23895,4026,4110,3744,3667,4486,6445,4905,3820,4782,7117,5305,3778,3994,4420,3989,3583,1.00675,-5.43096,8.7401,48.114
23896,3587,3470,3215,3181,4458,4228,3586,3226,7817,5817,3947,3418,8282,6320,4061,3458,15.755,-20.1619,8.68442,48.0473
23897,12242,6614,3928,3337,5966,4891,3819,3389,3928,3769,3575,3308,3465,3275,3196,3176,-32.7526,-24.6441,8.57353,47.9187
23898,3439,4124,6887,10554,3345,3897,5040,6644,3238,3485,4022,4132,3109,3251,3474,3321,-22.3433,21.6703,8.61886,47.9747
23899,3212,3448,3629,3709,3369,4016,4976,4680,3646,4583,8085,6485,3509,4173,5570,5235,8.68478,11.9146,8.97705,48.2167
23900,3509,4132,7417,10841,3349,3957,4973,5879,3233,3419,3788,3977,3127,3290,3336,3400,-29.009,20.2061,8.51859,47.7513
23901,3239,3578,4235,4596,3415,3899,5010,7986,3420,3740,5025,8331,3270,3513,4185,4892,0.419538,33.7104,8.5224,48.2227
23902,3377,3828,5843,12788,3389,3688,4822,6115,3223,3414,3888,3962,3154,3292,3348,3448,-32.9164,29.7335,8.71608,47.7193
23903,3127,3293,3384,3335,3299,3450,3833,3986,3407,3693,5025,7092,3440,3859,5793,11391,21.6323,33.0231,8.51763,47.6047
23904,3370,4001,6305,9352,3454,3823,5452,7888,3343,3675,3962,4380,3019,3237,3441,3475,-17.3454,21.6201,8.73735,48.118
23905,3799,3828,3606,3334,4909,5194,4041,3464,6432,7863,4423,3540,5147,5260,4028,3516,6.83115,-12.6996,8.66587,48.256
23906,3028,3162,3474,3381,3222,3471,4052,4230,3527,4031,5465,7326,3477,4192,6577,9708,19.3147,21.2917,8.55067,48.2153
23907,3318,3347,3282,3174,3683,3775,3738,3539,4449,5211,4886,3994,5173,9037,7559,4440,26.6726,-2.63562,8.64081,48.4033
23908,3185,3387,3364,3300,3553,3730,3789,3476,4045,4967,5477,4310,4485,7077,8863,5182,23.2647,2.68123,8.80675,48.1267
23909,10879,5799,4062,3382,7433,4939,3835,3372,4140,3905,3541,3225,3398,3446,3282,3169,-20.3512,-31.6854,8.72633,47.8713
23910,3218,3412,3708,3813,3357,3801,4828,5045,3444,4256,7209,7664,3349,3927,5383,5664,8.60302,15.7511,8.86139,48.052
23911,4893,4202,3588,3273,8534,4922,3775,3376,8035,4823,3677,3318,4590,4043,3619,3211,-0.954127,-33.977,8.95676,47.9193
23912,11623,6867,4103,3416,6314,5027,3759,3370,3873,3921,3482,3213,3406,3394,3215,3088,-25.2266,-22.4277,8.71502,48.0473
23913,5229,9177,7360,4476,4267,5097,4792,3966,3631,3826,3640,3459,3374,3399,3313,3264,-28.4656,-2.65452,8.99719,48.18
23914,3383,3863,5860,12484,3365,3797,4614,5990,3225,3437,3891,4039,3234,3249,3398,3375,-32.3759,29.9832,8.66837,47.4693
23915,4239,3869,3540,3266,6437,5180,3812,3315,8187,6252,3908,3483,5211,4502,3680,3351,3.66795,-19.3704,8.97986,48.1547
23916,3084,3187,3384,3487,3239,3373,3838,3866,3436,3766,4682,6168,3349,3928,5941,12657,28.8141,28.9076,8.82317,47.59
23917,4076,4746,4284,3650,4726,7745,5549,3817,4425,6031,4745,3720,3699,4021,3756,3462,-3.9484,-5.10785,8.97194,48.3013
23918,3106,3294,3546,3453,3340,3662,4141,4242,3551,4286,6679,6487,3663,4450,7294,7146,16.4737,14.2748,8.90203,48.2267
23919,3452,3696,3651,3501,3770,4644,5065,3964,4136,6385,7439,4574,4001,4735,5070,4219,7.35555,2.30274,8.81472,48.2013
23920,3325,3463,3217,3219,3907,3999,3669,3363,5591,6145,4408,3601,7155,8615,4962,3692,20.4821,-12.0662,8.61338,48.2207
23921,3341,3956,6543,12236,3300,3785,4922,5931,3268,3496,3764,4006,3182,3244,3419,3442,-31.1008,24.7609,8.55763,47.89
23922,3429,3407,3239,3146,4011,3873,3390,3342,6571,4917,3810,3467,12004,5997,3879,3414,23.4505,-32.06,8.5516,47.9307
23923,3466,4201,7407,10428,3366,3980,5170,6343,3326,3499,3849,3982,3004,3274,3322,3555,-23.2953,19.8401,8.60288,48.1147
23924,3604,3503,3268,3096,4793,4109,3500,3272,9070,5378,3906,3373,8615,5432,3910,3321,14.234,-26.1904,8.53858,48.1
23925,3092,3252,3534,3427,3266,3533,3985,4493,3370,3888,5426,8190,3477,3875,5883,9153,16.4683,23.6641,8.77971,47.896
23926,4605,5860,4848,3937,4971,7784,5666,3991,4057,4795,4305,3461,3412,3680,3533,3175,-10.0292,-5.27063,8.72498,48.0533
23927,3413,3497,3774,3624,3739,4382,4983,4030,3969,5922,7745,4892,3899,4730,5420,4369,8.58635,3.95275,8.65942,48.2587
23928,3117,3159,3331,3406,3234,3563,3913,3978,3323,3714,4765,6642,3338,4041,6004,11975,23.7981,27.2451,8.81201,47.6687
23929,7060,9471,5226,3824,5122,5864,4365,3757,3763,3829,3432,3374,3383,3341,3365,3123,-23.8885,-10.7683,8.90871,48.1993
23930,3330,3564,3552,3442,3613,4172,4248,3861,4000,6103,7025,4536,4037,5570,6476,4638,13.3915,2.42341,8.63015,48.1113
23931,7048,9828,5363,3778,4844,5250,4218,3612,3661,3807,3626,3384,3355,3432,3410,3186,-33.3851,-10.0885,8.8979,47.868
23932,3443,3433,3227,3155,4294,4053,3584,3275,7106,5762,3998,3441,8903,6779,4130,3462,18.45,-19.075,8.57847,48.03
23933,3204,3398,3697,3788,3327,3449,4216,4989,3491,3787,5241,9457,3428,3754,5042,7674,11.747,30.8122,8.54354,47.9613
23934,3518,3619,3310,3113,4073,4335,3717,3427,5870,7165,4486,3534,6258,7335,4631,3727,15.5157,-11.448,8.80735,48.0787
23935,5450,5820,4164,3642,6416,7674,4632,3575,4655,4675,3834,3451,3703,3700,3464,3223,-10.2725,-12.9562,8.51397,48.052
23936,5213,4684,3701,3277,8234,6594,4166,3514,5989,5038,3853,3351,4086,3832,3456,3233,-5.07785,-18.5209,8.86934,48.1473
23937,3415,3396,3262,3099,3677,3943,3617,3397,4692,5738,4506,3777,5969,9433,5917,3924,23.5955,-7.22433,8.79437,47.8413
23938,3351,3488,3119,3040,3963,3861,3500,3168,6804,4791,3808,3307,12065,5986,3985,3368,23.6988,-28.4936,8.91657,47.736
23939,3567,4146,5311,5053,3658,4658,7718,6433,3502,3987,5162,4829,3274,3488,3800,3710,-7.61121,12.1986,8.59362,48.1973
23940,3450,3942,6422,11595,3483,3814,5002,6637,3232,3419,3780,4062,3064,3171,3456,3356,-23.5905,23.8128,8.89009,47.9233
23941,3484,3595,3525,3298,3899,4317,3927,3653,4764,7150,5668,3956,4914,6825,5418,4117,14.3225,-4.21951,8.61626,48.34
23942,4113,4283,3877,3464,5119,6933,4757,3633,5185,6996,4715,3563,4092,4272,3812,3512,-0.122959,-8.19814,8.80154,48.2173
23943,3096,3518,3801,3756,3498,3979,5081,5011,3625,4375,7568,7159,3441,3989,5370,5337,7.62686,14.195,8.85211,48.4027
23944,3847,4054,3710,3325,4799,5975,4350,3684,5312,7761,4912,3843,4320,4730,4093,3461,3.31308,-8.43809,8.6622,48.1173
23945,3497,3684,3885,3747,3625,4585,5690,4421,3858,5314,8021,4983,3605,4322,4923,4349,5.07586,6.07499,8.85667,48.3393
23946,3344,3299,3360,3259,3852,3756,3386,3269,5983,4716,3790,3445,12500,6028,3986,3366,30.3407,-33.3468,8.87634,47.5593
23947,3252,3541,4167,4656,3310,3809,4810,8064,3380,3751,4913,8639,3188,3494,4207,4843,1.08757,29.3853,8.89977,48.016
23948,3147,3404,3495,3439,3384,3538,3980,4017,3506,4180,5696,5739,3581,4602,8452,8362,22.004,14.8263,8.58715,48.348
23949,8836,8946,4773,3581,5523,5179,4040,3523,3837,3851,3623,3309,3397,3389,3251,3022,-26.5348,-14.6627,8.63076,48.0533
23950,3185,3347,3309,3439,3357,3537,3947,3830,3751,4203,5356,5053,3886,5266,9662,7236,26.6279,10.7603,8.89172,48.2427
23951,5088,8574,7549,4476,4317,5323,4899,4044,3515,3809,3826,3585,3293,3413,3305,3194,-24.2983,-1.77033,8.9856,48.14
23952,3412,4212,7515,10584,3480,3891,5173,5974,3208,3553,3861,3942,3002,3238,3315,3481,-26.4037,19.5937,8.56627,47.894
23953,3209,3430,3651,3574,3596,4009,4776,4185,3875,5146,8056,5391,3738,4571,6101,4885,10.6206,7.69856,8.56707,48.1287
23954,3250,3376,3952,3916,3380,3880,5058,5256,3530,4308,7324,7253,3447,3966,5176,5367,7.18692,15.1948,8.62657,48.2927
23955,3367,3393,3379,3132,3873,4083,3810,3463,4889,6623,4911,3800,5622,8176,5519,3960,18.1605,-6.69433,8.73798,48
23956,3392,4100,5241,5700,3500,4239,7349,7654,3303,3869,4804,5055,3157,3463,3745,3770,-8.67161,15.9875,8.85668,48.2273
23957,3476,3865,5972,12888,3355,3659,4694,6024,3165,3444,3746,3826,3157,3235,3366,3305,-28.1667,31.1271,8.92847,47.4513
23958,3349,3383,3274,3178,3694,3858,3713,3360,4610,5268,4517,3792,5935,9628,6337,4003,31.5179,-6.58772,8.68392,47.9327
23959,5029,8573,6810,4454,4419,5726,5020,4057,3610,3949,3817,3472,3382,3402,3341,3217,-22.1232,-2.95932,8.62074,48.1853
23960,3490,3866,5284,5556,3430,4237,7207,7606,3332,3692,5003,5105,3251,3384,3880,3926,-7.74321,16.0659,8.93519,48.166
23961,10733,7117,4157,3347,6394,5163,3785,3353,3962,3860,3427,3231,3444,3495,3297,3067,-23.6209,-20.4819,8.63912,47.888
23962,9906,7940,4270,3582,5827,5263,4015,3470,4050,3733,3486,3269,3342,3396,3192,3035,-25.8187,-17.845,8.61996,47.8507
23963,3079,3323,3483,3391,3276,3562,4025,3984,3678,4219,5835,5491,3606,4898,8689,7665,22.4171,12.6879,8.57851,48.136
23964,3143,3535,4093,4477,3358,3772,4941,7169,3375,3866,5497,8601,3222,3559,4304,5150,2.44731,23.2964,8.60629,48.0413
23965,3365,4060,6411,9694,3417,3885,5437,7645,3141,3545,3966,4310,3141,3343,3527,3480,-18.2908,21.4961,8.96364,48.2447
23966,3464,3751,4312,4197,3558,4508,6676,5522,3584,4497,7036,5521,3447,3970,4343,4285,0.652053,10.3155,8.97301,48.4473
23967,3375,3651,3792,3539,3492,4322,5137,4285,3936,5457,8028,5217,3683,4552,5300,4573,7.44324,6.19911,8.60833,48.226
23968,3557,3546,3241,3089,4748,4295,3526,3196,8284,5946,3983,3420,7782,5912,4049,3417,14.0857,-20.1668,8.8777,47.994
23969,3455,3544,3262,3133,4183,3989,3489,3255,7634,5215,3983,3539,9915,6262,4053,3451,18.8638,-22.5304,8.61531,48.2413
23970,5987,9524,6049,4039,4794,5527,4734,3942,3672,3803,3643,3357,3290,3392,3244,3131,-24.4252,-6.2838,8.79749,48.0853
23971,3378,3974,6165,12220,3345,3862,4794,6316,3138,3538,3774,3802,3142,3269,3380,3359,-26.5704,27.6598,8.5001,47.6373
23972,3811,4406,5146,4346,3972,5621,7782,4737,3704,4579,5420,4302,3456,3738,3849,3659,-6.17075,4.59965,8.72336,48.352
23973,4733,7906,8413,4752,4115,5132,5295,4238,3509,3759,3785,3606,3215,3376,3249,3128,-24.4954,0.675012,8.98767,48.1407
23974,3479,3847,5865,11536,3420,3871,4863,7153,3260,3539,3805,4072,3106,3204,3289,3393,-22.3121,29.1126,8.51352,47.8013
23975,3100,3268,3315,3351,3157,3429,3821,3915,3381,3764,4821,6231,3428,3935,6115,12701,27.8201,28.2499,8.83341,47.8213
23976,3354,3329,3222,3074,3737,3855,3591,3357,5210,5124,4196,3613,8000,9653,5075,3597,31.0276,-12.3504,8.81863,47.9913
23977,3424,3479,3310,3135,3993,3922,3516,3326,6102,5760,4087,3573,8646,8026,4453,3548,21.3053,-15.7229,8.69934,48.2
23978,3111,3300,3639,3779,3245,3602,4276,5349,3360,3896,5526,9808,3279,3846,4969,6939,9.77251,25.5755,8.54557,47.9493
23979,3354,3483,3233,3116,3943,3832,3442,3176,6242,5006,3860,3371,11228,7193,4096,3392,25.4701,-21.2201,8.93133,47.978
23980,3192,3221,3406,3359,3239,3471,3739,3904,3355,3875,4930,5827,3487,4242,7667,11185,29.1153,19.733,8.85955,48.066
23981,3113,3246,3531,3490,3263,3627,4141,4253,3534,4183,6111,6845,3598,4349,6919,8302,17.5563,17.485,8.50317,48.3367
23982,3721,5102,9929,7481,3615,4270,5352,5028,3330,3677,3867,3678,3178,3323,3400,3346,-33.8775,11.1473,8.95255,48.198
23983,3293,3824,5046,7327,3279,3801,5396,9798,3322,3578,4278,5378,3058,3327,3630,3741,-10.7518,25.9885,8.81008,48.0507
23984,3989,6211,9677,5810,3820,4510,5332,4766,3487,3656,3846,3670,3274,3292,3390,3273,-33.3396,6.38646,8.68095,48.002
23985,11396,6960,4061,3411,6288,5098,3839,3375,3956,3743,3443,3268,3453,3452,3213,3037,-25.2702,-21.9807,8.94209,47.9953
23986,9166,5287,3836,3257,9047,5037,3929,3334,4707,3981,3510,3198,3529,3477,3196,3133,-15.2361,-32.2637,8.95807,47.7493
23987,4213,6333,9511,6012,3835,4717,5472,4558,3435,3610,3747,3678,3181,3242,3337,3322,-26.0064,6.00585,8.76145,48.1353
23988,3200,3457,3654,3810,3261,3613,4376,5441,3268,3972,5393,9939,3388,3740,4883,6741,9.1179,33.7717,8.78998,48.0907
23989,3557,3974,5178,5102,3540,4500,7722,6702,3432,3943,5294,5080,3228,3472,3958,3909,-6.38405,12.7934,8.6292,48.394
23990,10575,7637,4248,3445,5895,5056,3961,3592,3903,3725,3513,3255,3338,3337,3247,3066,-26.8686,-19.6028,8.59748,47.862
23991,3099,3171,3362,3421,3222,3486,3869,4017,3392,3748,4849,6062,3432,4065,6897,11771,27.6193,22.3849,8.87832,47.9087
23992,3222,3211,3291,3442,3318,3540,3758,3924,3440,3953,5013,5806,3536,4358,7828,10712,28.4646,18.965,8.9769,48.2347
23993,3088,3277,3417,3547,3301,3372,3789,3925,3305,4068,4841,5819,3497,4094,7522,10694,32.3727,19.6968,8.59477,47.704
23994,10643,7987,4442,3509,5805,5186,3958,3452,3863,3830,3440,3254,3281,3491,3248,3023,-28.3458,-18.5738,8.75753,48.2747
23995,4215,3823,3368,3185,6729,4566,3671,3281,9808,5135,3723,3360,5494,4476,3662,3368,4.62154,-33.6739,8.94284,47.9093
23996,3100,3256,3474,3274,3307,3587,3936,3846,3606,4297,5758,5098,3825,5377,9319,7123,23.2606,10.5246,8.63404,48.122
23997,5635,4714,3694,3348,9008,5979,3870,3414,6119,4665,3721,3339,4199,3722,3551,3178,-5.57786,-21.8895,8.59262,48.104
23998,3113,3166,3440,3427,3157,3518,3846,3952,3327,3887,5065,5745,3488,4262,7901,10553,28.0109,18.8997,8.73179,47.898
23999,3522,4352,7740,9155,3506,4082,5667,6224,3288,3533,4043,4047,3101,3241,3341,3385,-21.3589,17.2455,8.83743,48.1513
24000,5363,9470,6950,4228,4422,5074,4633,3865,3566,3785,3740,3472,3266,3322,3421,3304,-33.8328,-3.94126,8.9552,47.9207
24001,3346,3449,3407,3324,3857,4032,3747,3555,4719,6660,5308,3929,5105,7703,6046,4328,17.3095,-4.41506,8.83951,48.3433
24002,3231,3743,4875,6372,3330,3934,5856,9549,3252,3600,4539,5696,3174,3326,3791,3868,-7.94494,23.3191,8.98379,48.0907
24003,3696,3885,3797,3577,4284,5517,5105,3905,4313,6969,6245,4139,3852,4573,4536,3752,3.84654,-1.66505,8.68678,48.0967
24004,3393,3237,3136,3084,3939,3852,3403,3269,5758,4904,3858,3418,11418,7238,4097,3345,29.7256,-21.1872,8.9172,47.566
24005,3701,4913,9407,8202,3505,4086,5375,5292,3249,3604,3846,3802,3044,3233,3346,3365,-25.5929,13.497,8.8124,47.98
24006,6107,4740,3767,3349,9734,5223,3858,3415,5755,4574,3609,3334,3924,3685,3369,3276,-7.71366,-33.673,8.63516,47.8127
24007,5208,4268,3611,3294,8962,5016,3678,3414,7508,4817,3726,3280,4517,4005,3499,3229,-2.42477,-28.5409,8.66736,48.0213
24008,3191,3367,3624,3888,3379,3708,4395,5395,3400,3947,5859,9222,3440,3863,5134,6696,9.93042,22.5881,8.52788,48.3387
24009,3649,4298,4757,4104,4037,5855,7511,4652,3877,4821,5626,4115,3537,3802,4011,3696,-3.7464,3.29178,8.7251,48.232
24010,3544,4090,5071,4639,3713,4876,8093,5694,3550,4205,5603,4771,3312,3460,4001,3778,-5.56914,9.45597,8.81872,48.2667
24011,3113,3260,3653,3842,3232,3573,4359,4980,3429,4024,5968,8686,3266,4030,5594,7725,12.8502,21.6999,8.6613,48.4893
24012,3202,3386,3483,3403,3416,3904,4294,4070,3850,5052,7336,5195,3856,5239,7452,5426,15.5317,7.29369,8.98201,48.376
24013,3148,3411,3859,4085,3335,3736,4947,5768,3387,4081,6595,8259,3423,3754,5106,5658,6.94735,18.8297,8.54152,48.368
24014,3160,3334,3477,3520,3326,3740,4060,4104,3529,4332,6458,6396,3577,4389,7361,7413,17.4068,14.9194,8.89835,48.1173
24015,3422,3855,5729,10408,3335,3810,5213,7895,3234,3613,3906,4299,3180,3163,3506,3527,-18.4428,28.2908,8.65647,48.0633
24016,3405,3388,3281,3182,4097,3795,3488,3260,7229,5042,3881,3397,11281,5776,3888,3416,21.134,-30.369,8.57533,47.8707
24017,3087,3253,3438,3379,3257,3529,3721,4019,3342,3763,4889,5830,3394,4127,7200,11326,31.6742,21.0899,8.50309,47.7027
24018,3744,3762,3399,3391,4492,4954,3931,3446,5874,8078,4934,3707,5008,5736,4237,3693,8.65625,-9.86768,8.55348,48.2573
24019,4254,6008,7611,5085,3996,5364,6460,4733,3518,3898,4211,3571,3374,3421,3440,3313,-17.5947,3.79722,8.54324,48.1713
24020,3274,3312,3358,3227,3710,3861,3764,3450,4372,5217,4779,3946,5204,9257,7240,4257,33.7875,-2.81714,8.77378,48.152
24021,8869,7070,4206,3468,7091,5746,4008,3425,4156,4041,3534,3228,3415,3454,3281,3141,-18.5291,-18.9075,8.99207,48.0887
24022,4674,4613,3930,3420,6194,7201,4400,3493,5654,6060,4018,3609,4143,4150,3784,3329,-2.68382,-12.97,8.86389,48.448
24023,3318,3467,3497,3424,3388,3913,4245,3958,3792,5052,7280,5020,3921,5311,7362,5252,15.244,6.5253,8.67774,48.1333
24024,3231,3339,3836,3968,3340,3623,4431,6236,3393,3747,5212,9839,3370,3764,4620,6170,6.94676,30.8493,8.83613,48.0793
24025,2994,3287,3491,3481,3284,3591,4049,4258,3378,3957,5459,7410,3452,3998,6265,9932,19.0264,22.4151,8.58151,48.1907
24026,3431,3956,5032,4716,3511,4389,7695,6604,3457,3944,5562,5234,3266,3525,3988,3962,-5.31572,13.1463,8.97974,48.1813
24027,3682,5174,9078,6918,3720,4332,5898,5294,3412,3518,3948,3840,3162,3236,3416,3508,-22.0272,10.4473,8.59983,48.0907
24028,12931,6097,3982,3304,5921,4690,3705,3364,3888,3699,3584,3262,3302,3355,3305,3192,-29.8346,-29.2835,8.97991,47.7207
24029,3171,3533,4169,4847,3414,3774,4896,8615,3347,3826,4952,8057,3188,3475,4110,4597,-0.541045,30.7458,8.66881,47.9807
24030,3227,3588,3862,4355,3275,3725,4903,7174,3343,3772,5024,8836,3348,3655,4387,5385,2.9381,27.1809,8.50636,47.906
24031,3181,3350,3626,3773,3345,3671,4250,5369,3406,3708,5194,9809,3226,3712,4944,7214,10.3196,31.7231,8.80742,47.852
24032,3859,3766,3446,3026,5672,4329,3672,3322,10061,5274,3706,3318,6927,4745,3654,3276,9.0926,-28.6583,8.82358,48.0353
24033,3085,3344,3751,3880,3358,3606,4468,5310,3468,3775,5593,9603,3415,3769,5069,6803,9.98238,24.6754,8.55682,48.198
24034,3439,4079,6490,11438,3364,3868,4998,6709,3174,3591,3851,4110,3133,3192,3441,3439,-22.7248,23.7461,8.9143,48.2107
24035,3139,3287,3491,3413,3213,3383,3904,4204,3362,3911,5035,7537,3352,3913,5873,10958,20.1069,27.6612,8.65372,47.9833
24036,3508,3724,3507,3366,4143,4556,3994,3507,5531,8240,5112,3723,5094,6182,4584,3770,11.3019,-8.53984,8.97955,48.3607
24037,3379,3850,6010,12603,3259,3701,4813,6108,3133,3352,3780,3882,3192,3326,3319,3438,-33.7443,28.9343,8.91596,47.43
24038,3488,3376,3130,3129,3893,3842,3564,3322,5888,4909,3828,3298,11510,7332,4196,3435,29.8915,-21.0577,8.74845,48.0933
24039,3608,3497,3263,3106,4513,4182,3622,3294,8100,5650,3935,3519,8698,6043,3921,3341,16.145,-21.5071,8.83257,48.1947
24040,3169,3257,3354,3258,3404,3688,3879,3721,3847,4771,5258,4542,4189,6681,9494,5677,26.2723,4.92305,8.91835,48.126
24041,3196,3217,3333,3550,3263,3582,3878,4307,3352,3812,5099,7678,3350,3901,5659,10599,19.228,30.6837,8.51132,47.8507
24042,3322,3647,4654,6206,3330,3792,5240,9932,3245,3604,4479,6195,3178,3264,3742,4094,-7.0279,28.1788,8.90243,47.9493
24043,3780,3596,3300,3025,5371,4131,3521,3236,9796,5265,3883,3286,7401,5152,3815,3330,10.8786,-29.6202,8.8632,47.9253
24044,4731,7902,8435,4850,4168,4983,5199,4283,3623,3662,3779,3462,3292,3368,3404,3246,-25.0207,1.06754,8.90882,48.258
24045,3940,6009,9773,6147,3591,4410,5360,4575,3454,3657,3757,3637,3255,3297,3403,3443,-33.6567,7.24022,8.83264,47.8053
24046,3262,3633,4486,4893,3556,3973,6316,7508,3280,3902,5676,6235,3252,3522,4094,4443,-2.70223,17.5676,8.71539,48.0207
24047,3954,4932,6464,4895,3950,5490,7680,5024,3503,3982,4543,4097,3152,3502,3557,3407,-12.3082,5.68784,8.66735,48.088
24048,10374,5713,3887,3464,7773,5047,3850,3354,4326,3980,3411,3241,3485,3466,3152,3147,-18.8987,-28.6228,8.50244,47.78
24049,3210,3121,3361,3504,3300,3329,3876,3905,3375,3723,4792,5932,3392,3877,6040,12585,30.0479,32.2316,8.58378,47.548
24050,3277,3848,5199,8777,3310,3803,5246,9102,3268,3573,4143,4798,3121,3251,3524,3543,-14.1823,28.6663,8.92404,47.8553
24051,4202,3961,3611,3219,5526,5781,4114,3488,6654,7207,4390,3522,4626,4611,3986,3379,3.0577,-14.0454,8.51462,48.1847
24052,3302,3385,3165,3174,3916,3891,3480,3302,6227,4727,3763,3239,12754,5999,3975,3367,26.6354,-32.1801,8.98157,47.7773
24053,3486,3546,3392,3184,4030,4415,3766,3359,5626,7076,4663,3776,6000,7637,4892,3757,16.0415,-9.9443,8.73358,48.4033
24054,3105,3328,3472,3603,3310,3625,4159,4452,3458,4088,5833,7652,3368,4204,6312,8228,15.7093,19.8122,8.55313,48.1313
24055,3302,3639,4292,4570,3336,3936,5829,7208,3458,3988,5766,7307,3251,3641,4344,4559,0.184247,18.7923,8.92204,48.284
24056,8954,6846,4142,3499,7149,5884,3868,3435,4194,4019,3597,3220,3582,3491,3164,3037,-18.3331,-19.1522,8.83189,48.054
24057,3346,4090,6862,10321,3436,3819,5420,6886,3234,3565,3894,4197,3077,3255,3433,3439,-21.2384,21.4961,8.78246,48.1827
24058,3089,3281,3344,3431,3163,3341,3811,3990,3463,3776,4803,6915,3391,3975,6158,11780,22.5837,27.4238,8.59,47.8073
24059,3445,3511,3433,3300,3818,4144,3877,3549,4545,6806,5496,4080,5011,7405,5995,4230,16.5552,-3.79017,8.80248,48.43
24060,12432,6075,3826,3425,6147,4774,3672,3404,3855,3835,3522,3175,3308,3421,3400,3246,-32.8714,-28.7034,8.81213,47.678
24061,3261,3417,3766,4015,3353,3602,4484,6097,3336,3840,5226,9873,3289,3671,4670,6177,7.02813,31.3766,8.67608,48.0513
24062,3179,3233,3508,3598,3276,3532,4103,4696,3420,3877,5205,9079,3335,3920,5262,8649,14.2845,32.6929,8.97304,47.9147
24063,3445,3743,4837,6793,3310,3832,5165,10023,3190,3586,4420,5516,3169,3328,3653,3771,-9.55762,32.5583,8.71116,47.854
24064,12407,6353,3937,3404,6068,4735,3746,3421,3973,3926,3513,3184,3371,3173,3132,3014,-27.3603,-25.6466,8.71604,47.5713
24065,3278,3341,3325,3280,3564,3782,3815,3535,4334,5478,5147,4126,4893,8346,7494,4560,22.6723,-1.39114,8.75205,48.1987
24066,3043,3198,3332,3369,3297,3493,3896,3991,3570,3913,5181,5780,3452,4369,8142,9955,25.8957,17.6119,8.58635,47.9873
24067,3708,3629,3299,3192,5089,4128,3574,3284,9402,5253,3826,3421,7901,5192,3799,3325,12.4123,-28.8256,8.60088,48.0147
24068,3068,3137,3360,3243,3388,3663,3928,3840,3675,4568,6000,5023,3851,5439,9472,6459,22.0267,9.53866,8.84674,48.076
24069,3411,3950,6280,11881,3338,3806,4838,6765,3127,3440,3781,3953,3085,3204,3336,3341,-24.2889,26.2741,8.6977,47.6907
24070,5064,4279,3626,3208,8610,4989,3827,3365,7498,4927,3833,3366,4395,4056,3545,3235,-2.02879,-33.4692,8.6439,47.882
24071,3377,3285,3300,3204,3697,3738,3644,3533,4656,5542,4611,3934,5691,9327,6468,4232,23.9328,-5.62509,8.76354,48.1593
24072,3240,3320,3416,3499,3228,3420,3710,3896,3303,3706,4717,6029,3308,3980,6342,12621,31.6039,26.8834,8.81941,47.8233
24073,3295,3667,4449,5494,3374,3727,5447,9416,3200,3754,4676,6848,3194,3476,3853,4338,-4.49119,26.9991,8.81025,48.1387
24074,3115,3312,3393,3325,3270,3740,3912,3819,3614,4279,6086,5440,3660,4931,8910,7412,21.5024,12.0514,8.88257,48.1453
24075,3245,3306,3398,3263,3461,3750,3762,3595,3828,4588,5164,4480,4110,6765,9724,5776,29.897,5.12561,8.96788,48.1433
24076,12550,5909,3886,3403,5977,4788,3801,3400,3812,3738,3442,3326,3349,3399,3199,3200,-31.0756,-32.3417,8.78278,47.4527
24077,9905,8273,4435,3550,5437,5067,3960,3463,3931,3664,3544,3156,3420,3388,3229,3170,-33.1419,-17.0629,8.84011,47.728
24078,5164,4355,3604,3275,8715,5152,3791,3381,7437,5028,3652,3281,4530,4026,3617,3174,-2.23584,-25.3081,8.65424,48.1213
24079,3290,3410,3314,3217,3890,3942,3652,3464,5130,6139,4615,3795,6193,8875,5315,3772,20.717,-9.17931,8.66263,48.0087
24080,3311,3638,4183,4739,3412,3864,5501,7347,3239,3884,5676,7471,3275,3591,4291,4724,0.260766,20.3597,8.543,48.0973
24081,4377,5610,5114,3857,4656,7593,6054,4131,4031,4709,4447,3695,3542,3659,3621,3344,-9.92125,-3.13309,8.51116,48.2933
24082,3536,3534,3547,3220,4429,4801,3994,3498,5958,8025,4833,3657,5311,6245,4500,3699,11.1681,-10.1844,8.80928,48.5247
24083,4030,3922,3356,3167,6204,4439,3685,3240,9936,5320,3815,3375,6226,4616,3741,3256,7.02844,-27.6521,8.77181,48.2187
24084,4881,4206,3547,3346,7882,5511,3777,3268,7665,5161,3855,3350,4670,4136,3491,3278,-0.284661,-21.8171,8.71389,48.016
24085,3747,4626,6176,4922,3798,5158,8055,5388,3637,4049,4714,4078,3217,3393,3638,3619,-10.9052,7.43019,8.9264,48.1433
24086,3330,3414,3345,3211,3670,3862,3797,3595,4624,6156,5159,3958,5196,8107,6359,4217,19.4198,-3.77928,8.72746,48
24087,3275,3553,4327,5127,3338,3887,5539,8416,3324,3797,4995,7624,3185,3558,4148,4595,-1.18878,23.0765,8.76626,48.4587
24088,4080,4309,3712,3428,5330,6648,4334,3531,5546,7105,4575,3624,4333,4470,3889,3408,0.998476,-10.7821,8.87006,48.2147
24089,3150,3303,3617,3802,3324,3588,4303,5633,3385,3820,5644,9684,3445,3746,4915,7047,9.61419,25.0671,8.96449,48.2707
24090,3046,3308,3648,3764,3256,3605,4495,5322,3465,3863,5920,9462,3308,3870,5021,6749,9.91521,22.5233,8.78531,48.068
24091,3365,3379,3272,3098,3922,3869,3444,3219,5828,5609,4236,3591,8746,8466,4514,3612,22.1232,-15.3172,8.97966,48.1133
24092,3193,3179,3404,3426,3244,3422,3793,3936,3421,3953,5065,5598,3472,4420,8016,10270,33.0759,18.0585,8.83226,47.8747
24093,7292,6379,4248,3560,7194,6609,4210,3509,4529,4305,3612,3336,3558,3546,3305,3125,-14.6697,-16.5667,8.81224,48.2113
24094,3708,5385,9918,7326,3560,4236,5205,4797,3366,3521,3869,3809,3085,3374,3360,3326,-31.212,10.9651,8.93172,47.8967
24095,3143,3291,3422,3523,3268,3515,3802,3888,3523,3966,5087,5706,3502,4353,8315,9938,28.7141,17.6057,8.7286,48.1613
24096,3144,3376,3542,3609,3278,3714,4470,4388,3535,4285,6832,6945,3322,4173,6383,6690,13.4509,15.7001,8.53045,47.7907
24097,3055,3206,3329,3381,3193,3542,3997,4144,3404,3752,5073,7045,3287,3946,6027,11779,21.8365,27.8704,8.95831,48.1067
24098,3247,3409,3409,3155,3517,3812,3860,3590,4138,5154,5527,4160,4630,7528,7955,4720,22.4423,0.883516,8.54763,47.874
24099,3380,4170,6845,12076,3445,3786,4829,6025,3332,3475,3797,3969,3100,3233,3319,3410,-27.0748,23.1063,8.87371,48.1273
24100,3277,3360,3553,3371,3547,3797,4055,3635,4074,5288,6337,4475,4196,6385,7965,5077,18.8464,3.43244,8.53538,48.2613
24101,3697,4129,4208,3675,4193,5787,5832,4166,4189,6061,6250,4257,3691,4233,4185,3751,0.563894,0.584474,8.8302,48.2027
24102,3197,3414,3425,3278,3545,3735,4048,3969,3619,4694,6783,5213,3810,5083,8107,6338,18.1473,9.37735,8.52848,48.172
24103,5485,4581,3805,3329,8836,6058,4051,3427,6254,4914,3801,3297,3977,3903,3518,3159,-5.03543,-20.7347,8.9511,48.2633
24104,3430,3855,5229,7674,3379,3748,5671,9157,3213,3585,4223,5103,3036,3299,3644,3636,-11.6694,24.252,8.58623,47.9213
24105,3086,3177,3223,3368,3256,3409,3851,4122,3280,3886,4868,6888,3334,4011,6104,11973,23.7758,27.2737,8.84393,47.8907
24106,10550,6252,4038,3428,7174,5263,3893,3408,4221,3898,3470,3216,3510,3390,3229,3077,-20.0541,-22.855,8.79137,48.0113
24107,3388,3933,4956,5047,3546,4486,7347,7039,3484,3887,5381,5311,3332,3576,3887,3876,-6.04754,14.5031,8.51184,48.3173
24108,7369,7167,4437,3575,6484,6692,4293,3561,4131,4163,3596,3294,3486,3389,3250,3152,-16.47,-14.5795,8.97663,48.026
24109,3705,3681,3678,3312,4234,4950,4344,3553,5146,8141,5365,3916,4660,5451,4495,3703,8.55499,-6.66081,8.8651,48.2227
24110,12375,5988,3886,3431,6111,4654,3799,3372,3895,3767,3514,3239,3459,3372,3280,3057,-33.5279,-30.8746,8.63563,47.466
24111,12521,6244,3851,3388,6027,4817,3754,3384,3953,3727,3373,3228,3534,3378,3353,3167,-32.705,-26.3917,8.66422,47.7993
24112,3492,3859,6023,12499,3406,3629,4786,5820,3308,3431,3737,3904,3133,3237,3409,3410,-29.9389,32.8644,8.72115,47.3887
24113,3324,3946,5406,9317,3421,3812,5152,8796,3292,3434,4078,4604,3092,3398,3457,3537,-15.6892,32.6885,8.69502,48.044
24114,4244,6427,8953,5681,3978,4697,5690,4626,3529,3665,3935,3827,3223,3285,3310,3346,-23.1107,5.41041,8.67453,48.2773
24115,3300,3878,4818,6335,3327,3865,5548,9466,3279,3650,4418,5900,3054,3418,3775,4036,-8.1161,24.3511,8.57685,48.0447
24116,3385,3908,5932,12448,3309,3724,4706,6058,3200,3471,3786,3920,3154,3249,3486,3329,-32.8335,31.4144,8.73105,47.3767
24117,4093,4224,3797,3268,5249,6414,4360,3668,5706,7371,4513,3612,4475,4542,3903,3493,1.69285,-10.5761,8.7804,48.4587
24118,3357,3932,4798,4871,3533,4315,7238,7085,3420,3894,5546,5490,3240,3527,3814,4055,-4.70011,15.1534,8.54103,48.0767
24119,3374,3911,5751,10515,3342,3786,5126,7815,3078,3512,3952,4300,3053,3336,3506,3558,-18.9261,31.2112,8.62208,47.9433
24120,3129,3417,3527,3529,3454,3875,4565,4291,3755,5000,7914,5604,3616,4639,6649,5282,12.4899,9.08546,8.7331,48.164
24121,3396,3540,3738,3589,3753,4501,4854,4057,4100,6192,7317,4769,3933,4804,5355,4296,8.26971,2.71989,8.62726,48.1293
24122,3570,3741,3880,3613,3846,4819,5211,4052,4098,6502,7111,4472,3871,4699,4817,4097,5.91903,1.39166,8.60618,48.266
24123,3149,3494,3967,4119,3307,3811,4786,5934,3377,3995,6094,9049,3360,3656,4679,5871,6.53226,21.3189,8.75809,48.432
24124,3047,3346,3446,3375,3190,3404,3766,3913,3463,3834,4682,6018,3319,3959,6311,12666,29.4297,26.6014,8.6705,47.826
24125,3773,4994,9343,7573,3665,4239,5639,5212,3486,3604,3901,3887,3090,3279,3317,3332,-23.3012,11.794,8.89584,48.2227
24126,3355,3498,3201,3202,3872,3722,3479,3126,6198,4732,3714,3459,12444,6113,3984,3362,28.2399,-28.5382,8.69802,47.6407
24127,5035,8708,7422,4517,4253,5332,4956,3943,3587,3869,3887,3479,3375,3403,3251,3283,-24.862,-2.4136,8.56273,48.2
24128,3105,3244,3509,3444,3210,3491,3802,3977,3206,3687,4909,6420,3458,4007,6387,12130,24.98,25.4673,8.80648,47.9907
24129,7709,6868,4245,3516,7072,6353,4148,3490,4288,4096,3668,3322,3551,3465,3281,3179,-16.3461,-16.8258,8.66547,48.1673
24130,3049,3336,3480,3606,3300,3532,4025,4535,3463,3971,5468,8587,3301,4002,5553,8812,15.2938,24.1567,8.91967,48.0133
24131,3616,4500,7014,6929,3675,4344,6828,6311,3350,3653,4359,4316,3113,3258,3466,3563,-15.7049,14.072,8.54042,48.1967
24132,3341,3921,5722,11595,3372,3820,4811,7105,3243,3435,3906,4107,3106,3234,3362,3419,-22.1042,30.9725,8.9682,47.666
24133,3304,3433,3372,3215,4009,4233,4030,3568,4929,7149,5338,3943,5208,7325,5432,4028,15.9543,-5.36465,8.87262,48.344
24134,3479,3420,3217,3081,3990,3875,3561,3245,6452,5429,3946,3430,9442,7497,4187,3595,21.5715,-18.6097,8.78765,47.8973
24135,3456,3482,3204,3101,4103,3835,3529,3137,6303,5406,3963,3456,10139,7183,4297,3508,22.3637,-19.6601,8.59483,48.068
24136,3272,3499,3520,3492,3604,4128,4562,4009,3966,5601,7541,4989,4043,5125,6336,4976,12.5337,5.28951,8.56654,48.442
24137,3122,3223,3396,3555,3334,3510,4079,4245,3567,4002,5830,7031,3533,4212,6936,8645,18.2478,18.5399,8.51158,48.1467
24138,5779,8973,6037,4060,4749,5991,4720,3802,3849,3859,3662,3441,3319,3494,3347,3177,-22.0131,-6.05805,8.6572,48.1727
24139,3112,3248,3333,3378,3216,3493,3856,3926,3430,3836,4983,7174,3403,3928,5908,11606,21.7744,32.308,8.6837,47.8867
24140,3563,4552,6950,6252,3668,4563,7243,6276,3307,3823,4437,4193,3150,3376,3644,3520,-14.5264,12.297,8.54298,48.3447
24141,3164,3767,4988,7358,3361,3855,5457,9711,3281,3592,4178,5297,3027,3309,3554,3815,-10.8995,26.6785,8.75881,47.8093
24142,3586,4350,7462,8050,3565,4110,6176,6467,3435,3585,4122,4156,2947,3222,3440,3541,-18.4215,16.2161,8.92212,48.1427
24143,3115,3285,3504,3436,3179,3528,3971,4511,3436,3741,5043,8324,3351,3922,5558,9910,17.0868,28.9053,8.70263,47.876
24144,4108,5281,6214,4472,4133,6024,7314,4698,3581,4092,4356,3796,3257,3533,3639,3458,-12.3764,2.97103,8.59006,47.9707
24145,4212,6543,9400,5565,3878,4676,5359,4625,3396,3693,3901,3697,3126,3364,3453,3382,-25.417,5.16712,8.51233,48.18
24146,10889,7478,4282,3400,5830,4918,3952,3460,3976,3778,3497,3257,3322,3462,3179,3139,-26.8226,-19.993,8.82079,47.8793
24147,3641,5100,9193,7004,3694,4296,5913,5220,3358,3579,3979,3791,3100,3286,3490,3286,-21.7401,11.3168,8.98742,47.9533
24148,3815,4582,4692,4049,4237,6470,7291,4286,3876,4961,5216,4100,3461,3663,3890,3674,-5.1928,0.888087,8.90635,48.1753
24149,10957,5887,3984,3432,7478,4838,3669,3311,4179,3935,3524,3139,3488,3393,3375,3027,-20.7789,-30.3846,8.59664,47.744
24150,3513,3947,4130,3810,3684,4823,6109,4567,3898,5268,7309,4683,3718,4106,4469,4150,2.47707,5.25685,8.82095,48.1227
24151,3488,3419,3381,3142,4230,4011,3588,3275,6377,6160,4150,3626,7762,7566,4495,3603,18.1363,-15.3274,8.55504,48.182
24152,5262,6827,4927,3828,5334,7563,4921,3776,4132,4362,3994,3410,3412,3512,3442,3185,-13.9172,-8.2777,8.63236,47.9247
24153,3298,3483,3329,3131,3870,3843,3636,3372,5076,5495,4301,3572,7509,9550,5047,3772,25.2277,-11.4111,8.70451,48.1893
24154,7838,5133,3711,3406,9717,5161,3789,3398,5005,4186,3603,3240,3720,3625,3399,3156,-11.9598,-27.062,8.96263,48.058
24155,9352,5800,3885,3441,8475,5265,3849,3418,4603,4015,3618,3285,3546,3447,3275,3053,-16.3245,-24.5415,8.78405,48.218
24156,3269,3394,3239,3139,3767,3937,3719,3442,4751,5697,4641,3797,5613,9305,6244,4126,23.5335,-5.90796,8.59102,48.0533
24157,3102,3366,3569,3733,3304,3717,4286,4589,3420,4058,6571,7821,3521,4044,6073,7146,13.6132,17.7156,8.669,48.2133
24158,8464,5338,3840,3357,9414,5152,3719,3402,4769,4074,3475,3271,3640,3651,3387,3144,-13.6289,-30.4631,8.77974,48.0647
24159,3203,3623,4366,5193,3385,3753,5279,9185,3358,3725,4842,7394,3301,3445,3887,4472,-2.35485,27.7798,8.75216,48.274
24160,3388,3391,3359,3102,3944,3922,3626,3375,5329,6030,4433,3806,7257,8743,4960,3693,21.8721,-11.5719,8.50424,48.2387
24161,3225,3370,4026,4408,3332,3742,5205,6735,3348,3980,5972,8350,3224,3691,4489,5085,3.12815,20.2881,8.96625,48.1213
24162,3511,3409,3307,3093,4183,4111,3594,3172,6937,5924,3996,3489,8607,7100,4247,3481,18.6916,-18.0636,8.64502,48.1073
24163,6425,6022,4141,3450,7404,6983,4225,3623,4629,4457,3652,3411,3704,3625,3424,3060,-11.9666,-16.2385,8.6389,48.1567
24164,3618,3533,3220,3200,4826,4140,3622,3181,9313,5327,3943,3449,8101,5202,3749,3470,13.2372,-33.828,8.80988,47.9293
24165,3252,3662,4283,4276,3486,4226,6384,5956,3582,4404,6696,6157,3433,3730,4427,4544,0.96394,13.6797,8.60297,48.332
24166,3263,3288,3308,3381,3497,3701,3746,3497,4294,5007,4831,4154,4845,8509,8276,4585,31.5672,-0.203827,8.94809,48.1213
24167,9132,8961,4653,3490,5398,5198,4105,3598,3795,3877,3594,3276,3313,3259,3184,3024,-27.4764,-15.1468,8.95818,47.9047
24168,4744,4159,3538,3220,8149,4881,3759,3236,8276,4908,3706,3306,4777,4273,3720,3219,0.0012826,-32.6666,8.66375,47.914
24169,3701,3914,3824,3441,4173,5457,4597,3682,4707,7672,5712,3973,4196,4797,4467,3789,5.34518,-4.01035,8.62964,48.068
24170,6480,8393,5173,3772,5423,6504,4576,3602,3812,3994,3716,3329,3297,3452,3342,3104,-19.1053,-9.8852,8.792,47.9793
24171,7741,9284,4917,3679,5118,5244,4241,3713,3973,3863,3685,3330,3338,3426,3271,3253,-33.7691,-12.0223,8.50706,48.0507
24172,3137,3365,3511,3696,3304,3570,4084,4750,3245,3887,5297,9037,3284,3939,5272,8862,14.5543,27.5315,8.77157,48.16
24173,4737,4417,3761,3218,7385,6040,3800,3422,6803,5644,4002,3334,4489,4218,3606,3187,-1.01365,-18.4874,8.91562,48.042
24174,3694,3881,3689,3373,4378,5521,4383,3665,4913,7906,5404,3920,4361,5010,4348,3687,5.9122,-6.40199,8.54329,48.0887
24175,3628,3673,3688,3462,3930,4740,4559,3765,4321,7143,6809,4365,4222,5152,5138,4078,8.51483,-0.530727,8.98829,48.4487
24176,3439,3798,4350,3992,3697,4675,6912,4951,3819,4841,6921,4888,3535,3942,4390,4156,-0.119205,7.37439,8.9022,48.204
24177,3426,3990,6225,11049,3304,3800,5167,7263,3279,3459,3832,4253,3071,3182,3297,3406,-20.7355,25.6436,8.8268,48.002
24178,3364,3975,6824,11438,3406,3776,5048,6493,3297,3444,3806,4071,3112,3199,3418,3338,-24.4293,23.123,8.65505,48.006
24179,3675,4202,4333,4083,3861,5497,7084,4712,3713,4869,6274,4488,3520,3958,4077,3880,-1.85841,4.63309,8.58028,48.1507
24180,5340,4301,3539,3356,9193,5089,3724,3346,7321,4664,3673,3306,4414,3911,3496,3232,-2.95448,-31.5152,8.60874,47.9367
24181,3297,3820,5202,8146,3416,3898,5242,9287,3291,3594,4080,5053,3115,3258,3635,3754,-13.1409,31.4642,8.78142,48.0587
24182,9358,5662,3862,3283,8420,5218,3807,3448,4526,4059,3500,3201,3486,3463,3306,3097,-16.1171,-26.343,8.52229,47.7973
24183,3526,4160,7302,10339,3383,3881,5084,6480,3205,3435,3946,3972,3146,3242,3385,3338,-23.1207,20.1798,8.85677,47.8827
24184,3396,3587,3597,3328,3876,4441,4200,3628,4762,7484,5916,4142,4703,6142,5218,4086,12.2452,-3.56888,8.86652,48.3373
24185,12423,6089,3915,3358,6235,4880,3757,3580,3852,3799,3413,3333,3419,3424,3244,3224,-26.2696,-33.8102,8.7694,47.9633
24186,4988,4223,3601,3283,8376,5008,3713,3470,7960,4858,3832,3435,4755,4142,3532,3198,-0.607573,-29.9634,8.51229,48.2493
24187,3398,3787,5347,8070,3453,3800,5426,9190,3259,3535,4231,4783,3156,3305,3564,3755,-13.0006,24.8635,8.88741,48.0393
24188,3221,3639,4260,5011,3363,3792,5051,8610,3280,3665,5003,8042,3122,3464,4188,4705,-0.955579,26.9574,8.97229,48.2773
24189,3368,3601,3440,3388,3765,4292,4024,3542,4930,7371,5471,3942,4957,6993,5309,4014,14.3388,-4.86277,8.93833,48.2713
24190,6905,5180,3875,3292,9297,5969,3872,3398,5315,4381,3577,3216,3858,3677,3377,3278,-10.0472,-22.3469,8.95915,48.3113
24191,9216,5323,3973,3314,8995,5106,3917,3451,4746,4037,3479,3272,3602,3545,3262,3063,-15.0312,-29.3451,8.63308,48.2007
24192,3119,3224,3418,3257,3216,3506,3860,3810,3387,3827,4773,6239,3513,3899,6043,12375,26.2752,31.5282,8.52231,47.644
24193,3263,3348,3260,3068,3817,3981,3657,3369,5259,6379,4503,3760,6424,8943,5295,3843,20.5018,-9.57038,8.5823,48.1127
24194,3506,3766,4034,3735,3838,4836,5660,4223,3898,5992,7261,4601,3724,4304,4732,4111,3.92287,3.33686,8.67561,48.1473
24195,3438,3461,3263,3177,3969,3696,3456,3225,6165,4738,3748,3449,12334,6262,3900,3451,28.359,-27.4028,8.61912,47.8213
24196,3398,3858,4979,5209,3422,4202,7172,7186,3415,3899,5338,5509,3226,3615,3912,4008,-5.44808,15.3526,8.73191,48.232
24197,3398,3882,5808,10774,3440,3880,4903,7508,3260,3465,3960,4152,3145,3208,3351,3372,-19.7064,33.7764,8.7435,47.6707
24198,3558,3999,3921,3542,4034,5464,5586,3958,4257,6603,6566,4182,3920,4473,4467,3799,3.07691,-0.0852726,8.93302,48.2193
24199,3343,3379,3306,3137,3678,3936,3738,3487,4717,5942,4686,3803,5908,9175,6063,4059,21.8813,-6.56842,8.75532,48.238
24200,3946,5347,7645,5553,3834,4945,7180,5114,3593,3859,4126,3929,3241,3284,3488,3381,-16.246,7.08261,8.5546,48.31
24201,4894,8209,8106,4718,4186,4964,5005,4204,3579,3755,3838,3551,3313,3356,3295,3163,-26.8123,-0.0458338,8.87085,48.0907
24202,4659,4643,3864,3442,6394,7358,4374,3551,5452,5860,4201,3435,4081,4142,3608,3212,-3.40856,-12.9068,8.99149,48.184
24203,3444,3362,3225,3130,4127,3946,3480,3364,7586,4956,3800,3411,10732,5700,3871,3275,19.4272,-32.2982,8.72736,47.606
24204,4117,6240,9926,5932,3751,4550,5312,4699,3381,3654,3858,3663,3176,3364,3289,3266,-27.5483,6.36993,8.82683,48.1187
24205,4881,5289,4194,3538,6076,8123,4673,3724,4609,5409,4167,3577,3703,3806,3533,3294,-6.74592,-10.141,8.60676,48.3973
24206,4089,5139,5687,4332,4225,6555,7164,4433,3659,4385,4553,3907,3369,3547,3638,3408,-10.1104,1.51362,8.73446,48.06
24207,3417,3900,4475,4331,3666,4543,7157,5738,3600,4496,6532,5225,3355,3738,4308,4098,-1.35453,10.4766,8.62895,48.386
24208,3900,3742,3406,3144,5929,4361,3643,3211,10012,5262,3784,3318,6554,4819,3651,3312,8.10861,-30.0236,8.78726,48.032
24209,3351,3798,5205,6980,3332,3959,5970,9024,3415,3593,4312,5299,3088,3346,3645,3802,-10.6756,22.1879,8.72745,48.0793
24210,3625,3728,3508,3213,3860,4684,4263,3636,4772,7647,6128,4078,4537,5908,5022,3970,10.7739,-3.23575,8.74768,48.386
24211,10966,6652,4003,3312,6953,5089,3856,3427,4029,3843,3544,3308,3492,3496,3134,3045,-22.1527,-22.7784,8.77666,48.0993
24212,3378,3658,4285,5237,3326,3787,5084,9307,3329,3681,4726,7342,3226,3419,3959,4380,-2.82995,29.9015,8.94913,48.0827
24213,5607,4434,3672,3354,9344,5233,3712,3278,6963,4708,3739,3313,4327,3950,3487,3183,-4.16647,-26.993,8.86207,48.2027
24214,3841,5589,8580,5949,3717,4599,6477,5133,3477,3857,4060,3787,3200,3246,3425,3419,-19.0894,8.11993,8.60227,48.2373
24215,3394,4012,6216,11292,3327,3839,4942,6985,3190,3416,3920,4032,2994,3265,3393,3360,-21.8118,25.3679,8.57689,47.718
24216,4988,6923,5374,4184,4945,7315,5470,3958,3708,4359,4018,3541,3482,3588,3269,3356,-14.3761,-4.55984,8.84822,48.3187
24217,3459,3421,3233,3135,4292,3991,3598,3231,7185,6006,3977,3491,8386,6809,4167,3472,17.1781,-18.2254,8.76896,47.902
24218,3240,3376,3290,3117,3676,3728,3573,3519,4788,5375,4519,3757,6165,9739,6179,3915,26.9788,-6.9896,8.78748,47.9707
24219,3073,3268,3302,3421,3244,3541,3980,4317,3489,3882,4906,7618,3312,3882,5805,11189,19.9232,29.607,8.76687,48.1527
24220,7421,5714,4032,3374,8394,6089,3973,3405,4748,4293,3607,3237,3597,3598,3331,3185,-13.243,-20.603,8.62327,47.9987
24221,3494,3531,3136,3073,4270,4105,3457,3280,7178,5365,3877,3483,10104,6487,4028,3420,19.2763,-22.1427,8.9754,48.192
24222,3230,3274,3322,3200,3395,3620,3819,3700,3961,4791,5104,4409,4384,7399,8904,5264,30.4162,2.71,8.6291,47.8507
24223,7463,9568,5112,3628,5003,5235,4294,3633,3739,3950,3619,3346,3289,3423,3332,3164,-33.3007,-11.0772,8.67913,47.8653
24224,3077,3258,3450,3414,3187,3537,3925,4061,3417,3905,5123,6993,3353,4123,6670,10823,21.6193,22.3576,8.59391,48.2107
24225,3398,4108,5930,8040,3416,4032,5989,7993,3304,3589,4168,4546,3104,3326,3485,3691,-14.5986,20.319,8.51944,48.0793
24226,3366,3357,3281,3025,4013,3889,3474,3252,6232,5271,3979,3349,9878,7549,4316,3479,23.026,-18.7003,8.82876,47.8067
24227,7949,9334,5003,3572,5241,5307,4080,3557,3770,3907,3570,3352,3308,3417,3213,3213,-32.431,-12.9165,8.52903,47.862
24228,3534,3596,3289,3202,3926,4120,3968,3551,4867,6878,5237,3854,5230,7498,5638,4098,16.4908,-5.01263,8.6472,48.324
24229,3209,3430,3536,3398,3526,3828,4160,3836,3936,4899,7070,5056,3889,5378,7687,5489,16.4716,6.55972,8.72552,48.218
24230,3347,4051,6861,12102,3326,3924,4894,5880,3159,3448,3868,3902,3177,3230,3445,3381,-32.9188,22.6823,8.93687,47.9967
24231,3779,4602,6123,4795,3701,5333,8027,5358,3592,3950,4737,4259,3285,3565,3640,3520,-10.1837,7.7422,8.64377,48.1773
24232,4517,7217,8549,5024,4091,5012,5533,4267,3536,3913,3958,3730,3224,3277,3272,3235,-22.9683,2.15468,8.69247,48.2367
24233,3146,3331,3403,3323,3264,3447,3725,4061,3333,3838,4763,6803,3401,4133,6046,12014,23.6793,28.1877,8.88061,48.0207
24234,3162,3387,3589,3744,3194,3576,4275,5113,3335,3869,5699,9352,3413,3849,5296,7468,11.6659,23.449,8.5738,48.214
24235,5422,8529,6309,4152,4679,6132,5057,3992,3767,3862,3799,3571,3311,3494,3324,3341,-20.0075,-4.57528,8.89637,48.494
24236,4867,4212,3500,3192,8191,5340,3942,3197,8015,5230,3732,3277,4685,4192,3554,3270,-0.408275,-23.3956,8.97541,48.264
24237,3453,3256,3205,3123,3968,3787,3397,3145,6068,4697,3752,3346,12464,6307,3956,3435,30.2433,-26.6289,8.71636,47.5727
24238,3375,3410,3196,3194,3897,3908,3622,3263,5386,5474,4219,3510,8101,9092,4985,3729,25.1205,-13.2383,8.68779,48.2407
24239,3311,3527,4078,4120,3466,3998,5572,5811,3409,4149,7034,6929,3298,3813,4757,4828,3.86457,15.3138,8.57749,48.0667
24240,6725,9795,5630,3879,4840,5155,4325,3645,3723,3911,3645,3361,3414,3376,3327,3241,-32.1191,-8.71576,8.51627,47.9947
24241,4087,5378,6110,4452,4159,6086,7298,4670,3738,4311,4503,3907,3337,3554,3603,3502,-11.7399,2.60394,8.72415,48.4633
24242,3506,4167,7069,10057,3409,3956,5415,6748,3272,3487,3914,4212,3078,3286,3315,3386,-21.3483,20.0483,8.82568,48.1847
24243,3336,3454,3357,3144,3877,3923,3563,3325,5197,5191,4185,3614,7863,9563,4897,3579,32.9035,-12.4097,8.75549,48.0453
24244,6132,7016,4544,3707,6117,7310,4435,3663,4241,4320,3666,3550,3440,3608,3406,3205,-14.9862,-11.803,8.68621,48.24
24245,3132,3164,3368,3349,3286,3414,3689,3890,3416,3781,4753,6375,3344,3923,6051,12114,25.6013,30.5418,8.52201,47.366
24246,3960,5611,9378,6927,3675,4337,5490,4980,3271,3730,3813,3812,3182,3250,3366,3346,-25.9458,9.2109,8.51688,48.0853
24247,8205,7887,4567,3595,6167,5930,4109,3570,4025,4032,3568,3218,3407,3453,3300,3126,-20.156,-15.4309,8.60198,48.106
24248,3477,3697,3840,3779,3831,4672,5428,4214,4094,6022,7538,4596,3870,4505,4946,4148,5.50699,3.48804,8.54958,48.438
24249,4071,4735,4488,3740,4660,7453,6101,4026,4166,5329,4760,3767,3625,4011,3752,3465,-5.16066,-3.18994,8.89621,48.0993
24250,7992,9273,4917,3650,5426,5474,4154,3569,3932,3773,3528,3340,3353,3491,3267,3043,-25.2302,-12.9284,8.65452,48.1213
24251,3236,3624,3590,3513,3629,4094,4655,4006,4118,5787,7755,4731,3863,5014,5998,4547,10.3466,4.17339,8.63797,48.1067
24252,4457,6233,6115,4343,4500,6605,6314,4259,3738,4169,4233,3636,3323,3416,3515,3334,-14.3052,-0.549133,8.74641,48.1267
24253,4447,4061,3470,3211,7180,5052,3647,3265,8841,5505,3762,3324,5108,4359,3663,3206,2.75953,-23.5774,8.82358,48.0673
24254,3273,3544,3704,3687,3476,4085,4996,4666,3675,4843,8020,5979,3635,4213,5719,4975,8.45598,10.2542,8.5151,48.3267
24255,3388,3633,3818,3667,3652,4243,5057,4224,3946,5593,7855,4995,3737,4509,5379,4405,7.81929,5.2484,8.72898,48.0673
24256,3099,3321,3317,3341,3397,3449,3894,3811,3600,4274,5303,5390,3610,4837,9214,8372,27.1026,13.4833,8.82672,48.1527
24257,3370,3539,4477,5369,3285,3790,5122,9322,3294,3632,4590,7230,3197,3473,3784,4261,-3.79867,33.2852,8.81431,47.8233
24258,3280,3771,5157,8155,3199,3887,5313,9435,3270,3591,4249,4904,3258,3347,3636,3616,-12.7497,29.9323,8.7764,48.0453
24259,3212,3360,3324,3256,3550,3721,3762,3577,4208,4976,5115,4300,4672,7813,8504,5058,26.0131,0.839085,8.70298,48.272
24260,9129,5306,3897,3382,9066,5144,3725,3272,4580,4112,3578,3221,3641,3494,3305,3227,-15.1856,-31.7952,8.91913,48.0527
24261,3376,3871,5220,9107,3433,3834,5255,8836,3247,3591,3982,4606,3109,3236,3432,3538,-15.617,30.1798,8.85026,47.782
24262,3540,3963,4241,4076,3747,4948,6902,4698,3703,5023,6751,4743,3576,3970,4241,3882,0.0278593,5.36939,8.85088,48.0027
24263,3052,3371,3375,3429,3171,3441,3699,3930,3341,3907,5064,5967,3441,4131,7396,11227,30.9814,20.5946,8.71494,47.9613
24264,3366,3998,6758,11792,3327,3751,4830,6310,3131,3425,3897,3917,3027,3074,3412,3389,-25.69,23.8876,8.72216,47.6027
24265,3526,3366,3235,3133,4424,3931,3509,3318,7956,5082,3809,3357,10192,5749,3910,3420,18.1605,-30.5988,8.77791,47.9447
24266,3224,3260,3478,3572,3314,3505,4215,5028,3450,3848,5200,9340,3345,3745,5266,8087,13.0003,30.9364,8.51057,47.918
24267,3334,3424,3445,3154,3611,4066,3941,3571,4285,5670,5729,4260,4554,7458,7329,4601,19.5782,0.197159,8.79811,48.288
24268,4431,4079,3519,3224,7365,4787,3758,3306,8976,5153,3818,3268,5102,4391,3732,3256,2.5419,-32.8295,8.68111,48.11
24269,3151,3292,3373,3469,3172,3527,3669,3801,3415,3868,4686,6046,3356,3827,5994,12486,29.3372,31.2043,8.5633,47.4213
24270,3714,4352,5705,4893,3785,5041,8105,5661,3532,3963,4928,4378,3078,3687,3784,3579,-9.43029,8.90194,8.58155,48.1233
24271,3391,3807,6022,12473,3427,3719,4540,5900,3276,3424,3644,3841,3263,3417,3153,3340,-33.2037,33.6278,8.97366,47.0913
24272,3116,3251,3466,3325,3272,3445,3939,4059,3511,3870,5366,6384,3487,4327,7346,10012,22.6649,19.341,8.51408,48.1173
24273,3575,3458,3314,3140,4591,4046,3434,3259,8831,5085,3869,3424,9033,5364,3883,3382,15.4625,-33.5626,8.8691,47.792
24274,3704,3597,3332,3125,4664,4042,3704,3313,8878,5227,3769,3330,8805,5299,3881,3473,14.8416,-30.3555,8.58572,48.0953
24275,3382,4351,7691,10902,3321,4001,4928,5940,3255,3389,3828,3865,3139,3222,3373,3457,-27.1286,19.7363,8.72853,48.0293
24276,2990,3339,3470,3539,3283,3513,4033,4418,3342,3838,5249,8013,3504,4057,5861,9793,17.7291,23.8043,8.80181,48.1613
24277,3151,3266,3333,3320,3263,3636,3859,3890,3633,4090,5299,5416,3551,4899,9136,8600,26.6316,13.8285,8.7683,48.228
24278,5598,9626,6530,4116,4518,5227,4577,3953,3838,3785,3817,3379,3281,3385,3248,3152,-33.3183,-4.81963,8.83024,48.02
24279,3162,3205,3413,3440,3257,3403,3838,3875,3333,3971,4930,5944,3434,4056,7083,11419,29.5805,21.8274,8.59842,47.842
24280,3096,3269,3483,3644,3184,3566,4027,4543,3356,4014,5047,8681,3435,3894,5503,9327,16.2627,28.3368,8.59609,48.046
24281,3376,3394,3167,3077,3848,4001,3377,3257,5871,5246,3947,3487,10247,8007,4345,3446,25.5107,-18.4294,8.93227,48.062
24282,4552,7803,8656,4974,4003,4886,5060,4215,3616,3771,3829,3550,3110,3399,3419,3222,-28.9169,1.27684,8.59362,48.0433
24283,3153,3385,3513,3336,3603,4007,4300,3870,3911,5163,7200,5166,3860,5218,7150,5183,14.6038,6.41171,8.64313,48.012
24284,7094,5521,4008,3536,8641,6358,4038,3602,4982,4393,3546,3322,3748,3646,3213,3051,-11.7075,-19.8256,8.7029,48.466
24285,7465,6544,4097,3463,7356,6418,4251,3450,4419,4308,3562,3323,3584,3579,3283,3092,-14.9223,-17.1681,8.51589,48.1293
24286,7763,9795,5074,3635,5113,5332,4119,3630,3842,3852,3608,3361,3351,3360,3168,3162,-32.0151,-11.8057,8.84079,48.11
24287,4580,5435,4420,3593,5574,8280,5106,3714,4453,5222,4196,3456,3654,3808,3566,3235,-7.52291,-8.0696,8.93871,48.1947
24288,5310,6111,4546,3673,6133,7896,4709,3665,4395,4609,3940,3446,3633,3678,3406,3265,-11.1376,-10.3813,8.69056,48.2767
24289,3591,3555,3332,3148,4339,3979,3674,3244,8278,5019,3837,3373,10032,5671,3915,3421,17.6883,-29.0397,8.90924,48.272
24290,3184,3314,3515,3330,3402,3776,4082,3636,3869,4982,6508,4782,4063,5801,8399,5506,18.7202,6.23366,8.91718,48.0993
24291,3073,3444,3604,3606,3289,3649,4406,4436,3472,4239,6767,7341,3506,4218,6340,6703,13.8833,15.8267,8.75233,48.062
24292,3408,3933,5524,9558,3299,3865,5176,8498,3204,3418,4006,4472,3153,3213,3453,3578,-16.6096,30.4089,8.8034,47.8387
24293,3418,3996,5738,9511,3378,4027,5264,8144,3324,3502,4012,4453,3047,3308,3453,3595,-16.9471,24.6915,8.87523,48.1133
24294,3389,3943,4974,5504,3439,4094,6876,7908,3302,3849,5051,5490,3214,3457,3910,4113,-6.09834,17.1511,8.69028,48.342
24295,5157,5560,4092,3483,6236,8007,4701,3751,4449,5159,3940,3435,3754,3730,3551,3344,-8.38841,-11.5161,8.89201,48.2327
24296,3071,3178,3311,3363,3292,3551,3822,3772,3384,4072,5201,5472,3684,4869,9077,8576,30.0006,14.0848,8.73597,47.7967
24297,4019,6390,9102,5693,3942,4726,5791,4669,3411,3702,3931,3738,3248,3304,3326,3237,-23.0148,5.21635,8.64638,48.1527
24298,3690,3768,3407,3306,4362,4922,3991,3415,5957,8270,4861,3635,5107,5639,4344,3625,9.4083,-9.62381,8.79952,48.1993
24299,3496,4083,7067,11405,3399,3985,5025,5972,3158,3507,3864,4001,3190,3119,3295,3442,-32.0711,21.7843,8.66723,48.0053
24300,5598,7603,5329,3952,5187,6984,4809,3951,3922,4226,3889,3510,3387,3548,3371,3232,-16.2957,-7.58449,8.66626,48.332
24301,5556,4590,3688,3229,9141,5521,3873,3361,6453,4801,3760,3296,4153,3886,3470,3224,-5.12559,-24.0374,8.55008,48.0013
24302,3461,3400,3213,3113,3954,3812,3433,3160,5835,5105,3828,3507,10740,7592,4354,3459,28.4972,-19.8123,8.60906,47.9773
24303,11977,6599,3908,3383,5981,4876,3832,3276,3932,3889,3342,3162,3451,3423,3211,3012,-31.6878,-23.8913,8.69483,47.5027
24304,3354,3610,4289,4474,3602,3994,6018,6446,3371,3992,6329,6657,3431,3753,4252,4583,0.651435,15.8911,8.91177,48.1033
24305,7225,8695,5086,3718,5469,6112,4329,3657,3953,3893,3677,3306,3504,3397,3295,3111,-21.1699,-11.71,8.5716,48.2847
24306,3643,5105,9849,7485,3658,4198,5273,5158,3233,3592,3817,3774,3249,3246,3336,3299,-30.7599,11.164,8.75631,47.9433
24307,9959,8082,4322,3433,5643,5185,3965,3402,3849,3945,3462,3237,3398,3387,3247,3126,-33.8449,-17.7657,8.67999,47.7613
24308,3226,3655,4481,5090,3362,3841,5591,8691,3373,3854,4911,7045,3185,3512,4005,4468,-2.90546,22.5401,8.74734,48.1933
24309,3121,3393,3745,3809,3331,3599,4338,5360,3385,3906,5722,9401,3393,3837,5149,6918,10.5333,23.6021,8.59171,48.2713
24310,4787,7851,7870,4651,4181,5402,5362,4206,3577,3803,3892,3683,3193,3299,3327,3277,-22.2915,0.283154,8.93149,48.2407
24311,4639,7882,8527,4922,4188,5109,5090,4154,3534,3695,3851,3537,3257,3213,3349,3270,-25.6636,0.925205,8.93523,48.1447
24312,4881,6111,5063,3943,4953,7844,5700,3925,3990,4497,4149,3522,3396,3653,3548,3317,-11.954,-5.25388,8.95492,48.328
24313,5060,8908,7784,4645,4294,5008,4777,4079,3633,3770,3791,3539,3234,3406,3329,3202,-26.8507,-1.61315,8.91577,48.306
24314,3462,3736,3796,3652,3888,4900,5096,4060,4212,6337,7105,4348,3888,4703,4928,4129,6.11707,1.58198,8.50068,48.16
24315,3360,3396,3181,3152,3805,3865,3680,3225,5825,5306,3984,3421,9810,8150,4570,3497,25.4186,-17.4634,8.5595,48.1513
24316,3288,3445,3793,4158,3355,3779,5180,5734,3458,4051,6763,7958,3320,3853,4818,5295,5.76512,17.6351,8.6489,48.1653
24317,3310,4018,6279,11257,3408,3769,4936,7061,3187,3516,3907,4170,3026,3169,3430,3494,-21.8335,24.6893,8.90451,47.958
24318,11579,5794,3957,3307,7235,5001,3717,3393,4105,3930,3497,3250,3385,3372,3245,3076,-21.3983,-31.1977,8.82983,47.8953
24319,3899,3808,3480,3113,5209,4587,3651,3205,8808,6537,4053,3342,6267,5131,3830,3497,9.15936,-19.7696,8.76078,48.278
24320,5721,5951,4213,3610,6713,7763,4510,3572,4663,4738,3706,3394,3636,3660,3368,3221,-11.0083,-13.2786,8.64545,48.2927
24321,3502,4528,8039,8380,3476,4121,5803,5992,3227,3541,3925,4044,3037,3280,3509,3492,-20.9521,15.6266,8.57714,47.9307
24322,3529,3838,4011,3775,3873,4867,6177,4579,3806,5441,7244,4744,3586,4280,4681,4027,2.52779,4.64787,8.60835,48.3053
24323,3525,3543,3526,3390,3998,4620,4498,3719,4687,7446,6329,4106,4260,5602,4947,3962,9.57744,-2.63483,8.94963,48.1053
24324,3205,3315,3514,3334,3491,3693,3733,3553,4097,5048,4940,4123,4740,8151,8301,4894,28.8288,0.598568,8.55502,48.088
24325,3897,5008,8192,6008,3833,4571,6829,5403,3414,3737,4197,3967,3110,3350,3430,3428,-17.5859,9.10884,8.54667,48.2493
24326,3447,3641,4057,3920,3704,4528,6243,4649,3643,4984,7511,5231,3504,3956,4562,4225,2.67639,7.50853,8.55867,47.87
24327,8064,9488,5000,3743,5226,5296,4080,3584,3913,3935,3513,3315,3367,3398,3259,3243,-33.1335,-12.7604,8.96182,48.2827
24328,4228,4080,3508,3217,6295,5571,3922,3379,7474,6423,4017,3390,5017,4490,3753,3195,2.64619,-17.5918,8.86982,47.9727
24329,3911,6198,8596,5503,3962,5012,6187,4751,3550,3739,4034,3662,3206,3302,3360,3317,-20.2982,5.39416,8.74787,48.1933
24330,3716,3974,3778,3390,4262,5575,4752,3678,4737,7599,5901,4012,4113,4922,4338,3911,4.92584,-3.65968,8.9671,48.4387
24331,3315,3273,3316,3206,3739,3824,3648,3389,4591,5389,4593,3883,5787,9692,6470,4052,27.1138,-5.59806,8.7992,48.1113
24332,3248,3421,3199,3022,3770,3825,3733,3270,5175,5358,4116,3560,8244,9236,4928,3659,27.87,-13.1596,8.87998,47.8427
24333,3856,5649,10020,7088,3667,4253,5120,4953,3242,3576,3671,3656,3112,3353,3358,3363,-32.261,10.0052,8.96136,47.958
24334,3421,4085,6190,7735,3396,4135,6059,7785,3291,3632,4252,4508,3111,3381,3631,3600,-15.1249,18.896,8.96382,48.1413
24335,3434,3699,3403,3292,4102,4521,4121,3416,5288,8009,5256,3850,5011,6349,4708,3925,11.7361,-6.91302,8.90386,48.256
24336,12565,5996,3862,3363,6118,4822,3776,3354,4054,3749,3409,3243,3273,3370,3223,3097,-27.7466,-30.9311,8.79794,47.516
24337,3529,3496,3172,3126,4361,3959,3623,3276,7884,5236,3879,3381,9922,5778,3955,3496,18.012,-24.7006,8.59451,48.0487
24338,3804,4547,4573,4025,4092,6344,7127,4427,3935,5009,5515,4087,3435,3819,3875,3620,-4.32807,1.75733,8.78277,48.156
24339,5836,4449,3642,3355,9700,5250,3807,3425,6695,4554,3613,3232,4199,3748,3369,3280,-5.07896,-28.68,8.97426,48.1027
24340,3348,3289,3143,3122,3890,3794,3526,3321,5714,5057,3952,3420,10564,7880,4444,3480,28.3436,-18.7235,8.61751,47.9627
24341,6126,8810,5582,3980,4858,6186,4588,3806,3935,3967,3592,3409,3342,3405,3349,3203,-20.6892,-7.72504,8.77168,48.092
24342,4442,7653,9095,5023,3941,4809,5134,4224,3429,3744,3787,3556,3107,3395,3309,3391,-32.0388,2.23694,8.92447,48.026
24343,7204,4945,3785,3339,9721,5380,3803,3402,5347,4345,3625,3331,3822,3625,3345,3178,-10.4148,-29.6266,8.69509,48.1313
24344,3094,3423,3795,3975,3171,3672,4545,5738,3476,3901,5946,9232,3196,3751,4912,6159,7.84237,22.0364,8.87498,47.9907
24345,3159,3399,3764,3765,3362,3640,4366,4624,3465,4171,6782,7574,3505,4061,5942,6561,12.0089,16.9113,8.62089,48.0933
24346,6894,4979,3701,3278,9707,5595,3867,3308,5493,4353,3628,3216,3949,3659,3362,3079,-9.83782,-24.0907,8.97169,48.0453
24347,5063,5973,4404,3642,5898,8184,4903,3720,4264,4891,3881,3572,3594,3709,3387,3255,-10.4169,-9.35773,8.96124,48.2267
24348,3177,3245,3366,3277,3312,3705,3757,3643,3924,4575,5589,4554,4089,6371,9644,5729,24.8066,5.96524,8.71335,47.9713
24349,11686,7128,4196,3398,6183,5033,3886,3354,3870,3836,3469,3135,3466,3247,3148,3116,-27.0735,-21.9312,8.91535,48.1007
24350,3372,3762,4069,3823,3780,4785,6095,4354,3953,5651,7400,4703,3659,4217,4734,4176,3.32495,4.53233,8.67259,48.3553
24351,3913,4062,3589,3347,4803,5910,4271,3613,5594,7959,4810,3784,4492,4816,4122,3550,3.9086,-9.55858,8.83267,48.4233
24352,3150,3259,3456,3436,3279,3430,3674,3899,3406,3693,4754,6042,3329,3863,5928,12446,31.5653,30.1741,8.74736,47.3627
24353,5549,4451,3574,3232,9380,5179,3761,3324,7052,4624,3705,3230,4240,3913,3539,3174,-3.78576,-27.6726,8.82717,47.9513
24354,4774,4376,3630,3260,7819,5783,4026,3444,7215,5400,3862,3341,4721,4155,3596,3208,-1.08208,-20.4265,8.64792,48.4067
24355,3746,5233,9445,7514,3608,4234,5442,5024,3314,3526,3815,3812,3153,3268,3333,3389,-26.0947,11.3562,8.84799,47.904
24356,10288,5925,3975,3469,7802,5126,3818,3544,4311,3975,3512,3270,3421,3442,3159,3124,-18.6353,-25.0493,8.84481,48.1073
24357,6812,8436,5032,3735,5490,6469,4396,3680,3935,4178,3666,3239,3378,3459,3249,3134,-19.5948,-10.8523,8.77385,48.192
24358,5004,4378,3536,3200,8316,5345,3818,3287,7504,5155,3721,3354,4535,4088,3628,3338,-1.66096,-22.5494,8.96229,48.138
24359,4284,3819,3491,3216,6835,4710,3625,3301,9512,5425,3816,3312,5573,4495,3672,3301,4.30584,-26.7199,8.92815,48.258
24360,4376,7268,9552,5303,3971,4731,5069,4445,3454,3639,3704,3651,3244,3267,3443,3300,-29.9542,3.39614,8.81038,48.278
24361,3525,4069,5435,5752,3497,4202,6917,7701,3316,3734,4631,4998,3159,3523,3751,3956,-9.16388,16.4057,8.80619,48.1107
24362,3099,3267,3421,3465,3209,3620,3930,3826,3589,4292,5766,5409,3647,4805,9142,7981,23.4689,12.9669,8.87072,48.312
24363,4082,3925,3424,3233,6531,4665,3593,3257,9461,5686,3850,3349,5771,4704,3665,3300,5.48522,-23.1337,8.94016,48.3307
24364,3306,3838,5214,7425,3398,3928,5785,8871,3229,3688,4290,5032,3081,3341,3635,3788,-11.9214,22.8692,8.59729,47.8993
24365,3073,3360,3477,3504,3489,3691,4310,4151,3566,4475,7061,5642,3860,4885,7645,6236,16.3844,10.6398,8.6816,48.2833
24366,6224,4640,3638,3307,9865,5364,3838,3306,6071,4470,3654,3217,4006,3805,3291,3144,-7.10378,-27.9106,8.95643,47.8933
24367,3365,3306,3394,3201,3696,3829,3734,3494,4514,5622,4725,3884,5833,9346,6455,4133,24.2976,-5.34504,8.82121,48.354
24368,3625,5037,9330,7823,3568,4183,5137,5142,3370,3529,3959,3742,3117,3248,3442,3298,-29.9107,12.4633,8.53349,47.7
24369,3400,3759,4357,4852,3387,3996,5928,7632,3394,3960,5535,6895,3261,3635,4195,4300,-1.72253,18.9426,8.84321,48.324
24370,4508,7249,8088,5024,4088,5296,5532,4355,3528,3781,3922,3603,3233,3403,3472,3201,-21.6905,1.44716,8.72932,48.1887
24371,3306,3647,4527,4755,3436,4306,6709,6977,3486,3916,5932,6090,3255,3577,4091,4201,-2.39113,16.1294,8.85557,48.1407
24372,3181,3260,3388,3506,3198,3456,3773,3967,3310,3793,4741,6240,3524,3919,6063,12492,26.9946,29.7697,8.63365,47.874
24373,3730,3669,3407,3314,4432,4974,3957,3474,5870,8119,4796,3633,5170,5837,4290,3695,9.6054,-10.2157,8.84491,48.2447
24374,3148,3289,3394,3402,3228,3511,4011,4269,3437,3749,5002,7685,3370,3896,5713,10690,19.1891,32.5352,8.63252,47.8627
24375,3673,3654,3411,3168,5028,4278,3582,3345,9609,5111,3845,3447,7589,5118,3799,3473,11.4595,-32.8146,8.77596,48.0867
24376,3486,3559,3524,3341,3954,4735,4304,3752,4670,7580,6048,4123,4403,5807,5077,3903,10.6655,-3.15378,8.85456,48.1773
24377,3447,4039,6516,12263,3302,3776,4819,6152,3167,3574,3705,4010,2976,3188,3385,3306,-28.557,24.8654,8.63525,47.75
24378,12425,6383,4056,3367,6084,4840,3851,3442,3907,3733,3453,3279,3362,3344,3157,3176,-28.4192,-26.6258,8.71505,47.906
24379,5019,4319,3673,3269,8456,5602,3876,3254,7331,5078,3787,3424,4522,3961,3511,3182,-1.87657,-22.0451,8.87738,48.176
24380,3545,4192,5397,4474,3701,4962,8289,5540,3511,4281,5444,4478,3362,3525,3922,3589,-6.36408,8.45151,8.90551,48.1413
24381,3771,4982,7478,5726,3820,4748,7171,5442,3500,3646,4321,3962,3246,3284,3559,3489,-15.7659,9.31017,8.99022,48.0967
24382,3764,5164,8732,6512,3751,4518,6094,5113,3352,3753,3920,3852,3281,3259,3475,3399,-20.774,9.80922,8.52409,47.9593
24383,3084,3221,3415,3508,3258,3452,3777,4157,3297,3718,4848,7181,3410,3889,5953,11436,21.9387,29.7349,8.53492,47.736
24384,5145,6048,4519,3509,5910,8279,4787,3735,4355,4779,4065,3430,3507,3665,3436,3285,-10.0853,-10.3321,8.87632,48.3027
24385,8036,5906,3822,3358,8395,5986,3908,3504,4554,4291,3630,3338,3607,3541,3174,3134,-14.2333,-20.9211,8.99202,48.1227
24386,4049,4919,5610,4414,4132,6222,7777,4691,3728,4337,4751,3905,3416,3581,3713,3554,-9.56552,3.08867,8.94861,48.5327
24387,3382,4239,6721,8998,3336,3919,5768,7242,3335,3412,4112,4275,3113,3247,3452,3592,-18.0405,19.6854,8.7137,48.0953
24388,3306,3570,4460,5492,3357,3793,5221,9693,3420,3682,4594,6978,3280,3480,3805,4199,-4.26313,30.4113,8.66857,48.22
24389,3357,3345,3201,3171,4015,3876,3467,3222,5961,4710,3813,3372,12518,6046,3946,3348,30.314,-30.5742,8.67222,47.5787
24390,3320,3362,3111,3132,4039,3755,3444,3230,6645,4720,3822,3448,12108,5960,3843,3472,23.465,-33.4372,8.91546,47.6073
24391,3277,3413,3306,3278,3527,3722,3898,3508,4240,5004,4932,4180,4578,8317,7988,4741,33.4156,0.020529,8.62753,47.9393
24392,12580,5995,3948,3417,6109,4692,3744,3377,3853,3759,3452,3298,3333,3402,3187,3166,-27.6014,-30.3958,8.67678,47.5413
24393,9563,7399,4158,3445,6565,5606,3964,3507,4046,3818,3501,3158,3381,3485,3267,3038,-20.9477,-18.4277,8.87592,47.934
24394,9287,5875,3883,3500,8174,5432,3756,3490,4439,4076,3500,3245,3564,3514,3254,3059,-16.7903,-23.9801,8.56002,48.032
24395,3438,3445,3278,3053,4308,3895,3511,3201,7700,5183,3958,3289,10168,6251,4084,3342,18.6805,-23.6572,8.88999,48.0693
24396,3388,3982,5944,12479,3350,3924,4823,5983,3261,3510,3712,3794,3206,3285,3289,3385,-29.0595,32.7752,8.51358,47.5433
24397,3508,4629,7400,7538,3577,4219,6221,6414,3372,3598,4028,4271,3187,3300,3508,3523,-17.6794,15.0154,8.73754,48.1953
24398,10055,5948,3894,3353,7847,5184,3923,3404,4416,3946,3531,3314,3454,3341,3196,3118,-18.3407,-24.988,8.55005,47.9493
24399,3418,3534,3488,3229,4050,4493,3969,3481,4862,7492,5596,4013,4754,6645,5296,3936,13.378,-4.7517,8.52586,48.1707
24400,4040,5248,5519,4218,4264,6478,7090,4466,3764,4388,4493,3861,3537,3634,3718,3427,-10.257,1.23707,8.64546,48.0967
24401,3734,4840,8063,6786,3686,4411,6528,5725,3239,3653,4100,3993,3091,3312,3501,3588,-18.2695,11.849,8.66132,48.1667
24402,3447,3431,3229,3300,3989,3667,3478,3292,6114,4742,3774,3323,12533,5951,3886,3373,32.5834,-31.6575,8.74057,47.686
24403,6356,5708,3937,3337,8019,6977,4109,3538,4914,4675,3686,3249,3751,3667,3431,3151,-11.0531,-17.0379,8.9689,48.3367
24404,8104,5275,3883,3354,9254,5381,3816,3407,4900,4186,3509,3254,3585,3550,3294,3163,-13.5797,-26.3712,8.7504,47.9433
24405,4062,6064,9667,6326,3876,4439,5272,4586,3418,3612,3827,3716,3271,3254,3317,3390,-29.1108,7.0384,8.53616,48.0647
24406,3054,3253,3384,3498,3191,3630,3945,4327,3412,3943,5883,7410,3496,4108,6711,8839,17.9114,19.1688,8.69316,48.056
24407,3101,3268,3326,3514,3363,3478,4033,4264,3454,3916,5023,8067,3360,3880,5716,10052,17.8472,32.6852,8.53844,47.8767
24408,3375,4116,6474,11764,3327,3813,4885,6662,3311,3517,3767,4226,3111,3101,3370,3419,-23.3615,24.295,8.96129,48.1587
24409,3332,3206,3170,3054,3916,3773,3464,3227,5927,5081,3880,3457,10813,7708,4284,3472,26.5096,-19.7203,8.62566,47.8427
24410,3375,3775,6140,12631,3390,3772,4784,5953,3166,3356,3705,3916,3102,3219,3289,3297,-28.8516,33.1671,8.7346,47.2467
24411,4447,7547,8975,5058,3951,4764,5004,4405,3481,3625,3737,3650,3250,3454,3223,3335,-31.3356,2.3771,8.67392,47.9373
24412,3462,3827,5774,11536,3393,3770,4890,7192,3277,3499,3797,4055,3039,3325,3367,3490,-21.2126,32.5654,8.89311,47.7953
24413,5017,4289,3713,3258,8682,5282,3859,3350,7367,4953,3686,3340,4517,4032,3561,3246,-2.36541,-24.5822,8.71521,48.1013
24414,3049,3299,3439,3436,3248,3591,4195,4003,3678,4325,6288,5624,3641,4802,8605,6988,19.6868,11.904,8.77587,48.1407
24415,3467,3999,6313,10257,3364,3855,5267,7301,3260,3447,3912,4142,3180,3236,3377,3520,-20.1851,22.7983,8.70368,47.9313
24416,3456,3432,3272,3109,3922,3814,3504,3274,5479,5159,4100,3497,9248,8653,4509,3489,33.6824,-15.7875,8.59448,47.9447
24417,3163,3275,3415,3337,3291,3428,3751,3954,3362,3805,4635,5877,3398,3952,5959,12663,30.9157,33.1614,8.93664,47.51
24418,3709,3658,3423,3208,5041,4755,3860,3338,7924,7010,4228,3528,6028,5399,3924,3478,9.75266,-17.0401,8.73972,48.3407
24419,11079,5796,3972,3372,7419,4977,3738,3458,4228,3944,3505,3137,3385,3385,3203,3087,-20.3546,-27.8026,8.5871,47.79
24420,6679,4903,3912,3394,9825,5096,3724,3341,5534,4389,3779,3308,3858,3619,3354,3231,-8.99065,-33.5773,8.7494,47.964
24421,3768,3606,3314,3111,5399,4253,3550,3294,9880,5327,3730,3326,7320,4927,3719,3287,10.6263,-28.6259,8.86634,47.874
24422,3729,5021,7997,6063,3634,4572,6914,5465,3441,3747,4168,3936,3205,3263,3446,3422,-17.1652,9.65135,8.96987,48.0153
24423,3152,3299,3491,3513,3385,3735,4193,4051,3631,4303,7006,6083,3549,4569,7438,6656,16.156,12.4689,8.96437,48.036
24424,5144,8446,6943,4452,4484,5675,4959,4061,3748,3863,3916,3581,3224,3413,3378,3260,-22.2037,-2.76259,8.58711,48.3647
24425,3933,5028,5339,4342,4300,6205,7553,4637,3746,4486,4788,3914,3449,3671,3676,3631,-8.86552,2.55258,8.59733,48.4653
24426,3023,3203,3380,3359,3204,3550,3853,4050,3466,3819,4998,6523,3390,4059,6998,10950,23.2762,21.7471,8.9054,47.8833
24427,3063,3218,3396,3558,3296,3514,4033,4284,3476,3858,5323,7637,3384,3984,6151,9883,18.6917,22.9795,8.57161,48.0387
24428,3432,3373,3193,3143,3807,3752,3312,3192,6005,4744,3693,3296,12702,6051,3909,3445,30.4698,-30.3978,8.89584,47.366
24429,3390,4127,6750,9273,3383,4101,5553,7316,3239,3526,4098,4281,3020,3284,3388,3600,-18.5386,20.152,8.98005,48.2193
24430,3343,4022,6633,12060,3357,3782,4854,5926,3181,3399,3758,3961,3131,3366,3342,3314,-33.3309,23.3296,8.93392,47.6193
24431,5785,4551,3555,3409,9548,5602,3786,3370,6324,4464,3793,3270,4296,3903,3432,3160,-6.07836,-24.0929,8.90312,48.1653
24432,3414,4094,6393,10276,3350,3969,5342,7453,3201,3523,3936,4311,3051,3262,3455,3459,-19.6133,22.4961,8.92563,48.326
24433,3723,4831,8833,7655,3646,4209,5860,5443,3311,3556,3943,3922,3181,3120,3340,3484,-21.8365,12.7372,8.60524,48.038
24434,3344,3377,3288,3167,3695,4095,3722,3495,4849,6519,4918,3919,5730,8313,5681,4006,18.7325,-6.5133,8.84273,48.0787
24435,3282,3631,3702,3657,3438,4055,4981,4438,3788,5046,8218,5573,3624,4346,5491,4812,8.35591,8.24728,8.74283,48.0547
24436,8717,5306,3749,3506,9198,5216,3764,3371,4595,4240,3570,3331,3522,3616,3289,3188,-14.3799,-31.165,8.74517,48.1187
24437,3507,3537,3138,3080,4476,3987,3607,3271,8705,5086,3768,3356,9648,5481,3918,3364,16.4141,-33.2662,8.91792,47.9527
24438,4305,4180,3666,3355,6364,6153,4081,3469,6537,6380,4078,3474,4480,4410,3622,3309,0.880835,-15.6224,8.56423,47.9087
24439,5284,8194,5795,4074,4844,6671,5004,3967,3724,4057,3729,3483,3265,3460,3293,3226,-18.1884,-5.62435,8.92023,48.0467
24440,3163,3259,3466,3431,3366,3689,4081,3932,3714,4631,6558,5096,3967,5364,8564,6077,19.3244,8.67209,8.81858,48.2387
24441,3253,3813,6067,12887,3312,3690,4660,5934,3199,3416,3803,3936,3207,3323,3434,3390,-32.9776,29.1707,8.7115,47.5493
24442,11026,5986,3893,3422,7612,5042,3909,3273,4257,4002,3481,3284,3441,3410,3271,3045,-20.2821,-26.8871,8.67048,48.236
24443,4356,5721,5209,4058,4599,7404,6223,4134,3942,4631,4254,3780,3533,3634,3558,3429,-10.7101,-2.70436,8.53084,48.31
24444,3973,3974,3555,3194,5169,5681,4120,3533,6579,7500,4382,3456,4746,4901,3943,3459,4.23758,-12.9242,8.7158,48.11
24445,3431,3574,3410,3181,4121,4513,3950,3485,5155,7775,5357,3914,5092,6660,4897,3785,12.8772,-6.85712,8.99434,48.2
24446,3393,4042,5874,6009,3652,4417,7422,7183,3246,3736,4691,4714,3158,3379,3614,3657,-10.9623,14.9005,8.86386,48.1247
24447,3866,4114,4009,3685,4266,6312,5702,4039,4354,6257,5906,3972,3863,4240,4132,3664,0.383721,-1.77947,8.52656,48.254
24448,3230,3412,3452,3280,3564,3900,3878,3594,4173,5430,5514,4230,4800,7489,7597,4734,21.4032,0.150159,8.59223,48.1847
24449,12557,6137,3991,3416,6083,4756,3707,3445,3941,3810,3448,3208,3388,3322,3328,3191,-29.1512,-29.5646,8.70927,47.8187
24450,3310,3995,5829,12598,3378,3732,4688,6117,3138,3346,3966,3887,3164,3172,3382,3409,-29.5265,30.9574,8.77955,47.4073
24451,3326,3454,3461,3344,3772,4108,4275,3610,4429,6499,6085,4107,4611,6613,6185,4401,15.9593,-1.11412,8.61615,48.1867
24452,3519,3535,3365,3151,4313,4187,3632,3429,6368,6362,4264,3583,7559,7108,4526,3618,17.052,-15.4762,8.60351,48.346
24453,3119,3334,3579,3627,3311,3678,4265,4356,3461,4185,6688,6911,3604,4201,6790,7294,15.1587,16.0301,8.75384,48.2687
24454,12428,5909,3792,3424,5985,4660,3698,3368,3937,3771,3351,3272,3483,3485,3297,3199,-33.7163,-30.933,8.54885,47.3727
24455,3320,3808,4926,6583,3275,3896,5615,9501,3341,3621,4535,5662,3135,3320,3703,3981,-8.70409,24.3323,8.68924,48.148
24456,3454,3306,3150,3160,4009,3829,3395,3199,6515,5002,3817,3420,12292,6079,4014,3297,24.7592,-27.0511,8.55644,47.9587
24457,3373,3916,6433,10012,3464,3853,5206,7410,3235,3571,4048,4278,3027,3259,3398,3537,-19.1275,23.3702,8.65834,48.0133
24458,3416,3872,5052,5244,3557,4364,7267,7009,3451,3900,5443,5272,3260,3446,3946,3971,-5.6589,14.7204,8.59694,48.3133
24459,6170,7653,4890,3691,5747,7071,4590,3724,4036,4222,3699,3338,3482,3472,3364,3229,-16.3617,-10.4394,8.57274,48.252
24460,4397,4769,3867,3466,6104,7284,4414,3515,5310,6149,4212,3467,4055,4148,3711,3366,-2.80711,-12.1196,8.7828,48.156
24461,3166,3289,3652,3659,3390,3676,4416,4597,3526,4112,7013,7600,3470,4219,5984,6444,12.2069,16.5637,8.84898,48.142
24462,8512,5227,3840,3354,9131,5294,3777,3440,4860,4142,3604,3265,3564,3481,3287,3059,-14.3216,-31.7945,8.78098,47.8913
24463,3419,3733,4518,4712,3429,4083,6330,6849,3495,4031,5934,6421,3330,3671,4271,4514,-1.02593,16.3385,8.55989,48.4933
24464,3612,4379,6115,5368,3691,4770,8113,5949,3449,3952,4764,4459,3254,3349,3764,3673,-11.0663,10.3255,8.84143,48.4407
24465,3973,6120,9807,6273,3852,4429,5346,4757,3439,3589,3904,3659,3151,3200,3410,3280,-26.7801,7.29373,8.78643,48.126
24466,3378,3842,4855,5422,3419,4081,6493,8237,3314,3838,4927,5826,3249,3460,3901,4110,-5.79026,18.8284,8.83123,48.2347
24467,3271,3421,3356,3235,3874,4143,3919,3503,4729,6245,5223,4074,5257,8091,6082,4201,18.6842,-4.82673,8.84386,48.416
24468,5398,9468,6975,4348,4445,5157,4696,3844,3741,3803,3676,3376,3323,3336,3285,3195,-28.1418,-4.08662,8.95113,48.044
24469,4564,7625,8569,4907,4083,4939,5408,4253,3554,3779,3785,3569,3305,3267,3319,3269,-23.4876,1.7947,8.98315,48.13
24470,3078,3240,3480,3523,3207,3499,3844,4243,3336,3804,5225,7880,3418,3914,6074,10023,18.3167,24.0824,8.98068,47.8587
24471,3362,3882,6078,12853,3283,3777,4741,6099,3246,3346,3808,3946,3152,3225,3436,3342,-30.7059,28.6253,8.79711,47.7173
24472,3315,3508,3526,3519,3358,3850,4380,4137,3634,4639,7682,5921,3671,4552,6848,5809,13.4852,11.3126,8.95276,48.2327
24473,3386,3846,6258,12376,3425,3831,4773,5945,3192,3412,3740,3993,3131,3262,3305,3326,-30.0143,26.7923,8.55987,47.4673
24474,3187,3329,3516,3494,3179,3658,4382,4425,3491,4181,7204,7086,3556,4366,6444,6702,13.8604,14.9002,8.9016,48.1333
24475,4120,4930,4621,3868,4544,7230,6273,4064,4012,5276,4870,3880,3607,3695,3768,3483,-5.68308,-2.17911,8.84408,48.1607
24476,3202,3437,3925,4382,3331,3775,4854,6692,3309,3888,5710,8775,3248,3734,4465,5430,4.37354,22.7763,8.68412,48.1047
24477,3980,6027,9393,6202,3761,4503,5658,4714,3401,3667,3821,3722,3120,3328,3303,3346,-24.21,7.48155,8.51974,47.964
24478,7961,9282,4982,3744,5500,5489,4190,3540,3803,3718,3562,3290,3450,3425,3358,2954,-25.2175,-12.6515,8.75644,48.1653
24479,3211,3207,3271,3278,3284,3471,3785,3934,3352,3797,4790,6157,3359,3786,5926,12641,28.1251,32.0156,8.92427,47.4993
24480,3271,3452,3467,3382,3526,3931,4103,3900,3942,5666,7051,4738,4214,5752,7065,4852,15.3731,3.82288,8.97918,48.208
24481,3285,3433,3272,3237,4004,3831,3409,3250,6442,4713,3828,3441,12095,6004,3935,3498,25.1262,-33.1695,8.66331,47.7847
24482,3247,3411,3691,3727,3447,3806,4883,4735,3601,4491,7682,6829,3536,4111,5529,5542,9.48705,13.2592,8.53249,48.1787
24483,4971,4535,3678,3271,7397,5999,4017,3432,6647,5663,3885,3463,4411,4224,3559,3175,-1.82961,-18.2369,8.68569,48.218
24484,3301,3436,3293,3171,3787,3784,3688,3434,4662,5551,4613,3806,5764,9229,6263,4123,23.648,-5.96531,8.632,47.9367
24485,5172,5189,4124,3479,6768,7591,4495,3620,4923,5235,3877,3383,3991,3998,3471,3276,-6.96693,-13.2004,8.74739,48.3947
24486,7997,9545,4971,3590,5168,5276,4145,3635,3765,3924,3616,3311,3394,3286,3273,3082,-31.3086,-12.4426,8.70835,47.9853
24487,3266,3449,3296,3215,3936,3735,3449,3235,6424,4808,3923,3355,11912,6096,3964,3390,23.6682,-33.1975,8.59504,47.6353
24488,3122,3265,3379,3414,3281,3503,4008,4342,3478,4026,5692,7239,3384,4289,6773,8863,18.0324,19.8735,8.83323,48.0387
24489,3385,3397,3335,3065,4150,3995,3565,3304,6590,5895,4146,3616,8621,7395,4261,3644,19.6843,-17.0006,8.51401,48.2427
24490,3350,3337,3324,3101,3790,3917,3548,3444,4969,5145,4266,3649,7281,9724,5154,3805,28.8281,-10.8899,8.69352,47.8693
24491,3413,3395,3202,3021,4213,4040,3435,3141,7281,5047,3894,3361,11062,6217,3924,3386,20.4186,-25.3887,8.86548,48.0213
24492,3298,3669,4008,3810,3603,4280,5656,4474,3843,5300,7883,5242,3643,4237,5007,4325,5.78683,7.21571,8.51063,48.1853
24493,3922,4458,4089,3698,4461,6798,5615,3963,4390,6202,5210,3916,3900,4191,3843,3539,-1.71071,-3.43312,8.66387,48.13
24494,12108,6591,4057,3435,6152,4780,3814,3393,3957,3796,3509,3206,3404,3408,3222,3112,-29.6138,-24.1759,8.92976,47.9627
24495,3331,3996,6430,12570,3441,3727,4720,5954,3185,3449,3778,3874,3128,3086,3440,3430,-29.2072,26.147,8.74216,47.6927
24496,3147,3232,3451,3435,3289,3443,3883,3905,3398,3840,4736,6029,3354,3921,6198,12449,31.7923,26.6381,8.69798,47.8067
24497,3803,3885,3489,3330,4694,5421,4139,3507,5741,8045,4788,3629,4770,5325,4307,3498,6.52149,-9.71126,8.98647,48.2473
24498,3360,3867,5785,9442,3432,3767,5499,8234,3193,3625,3965,4556,3128,3135,3462,3541,-16.6175,24.3816,8.91854,47.994
24499,3226,3671,4481,5067,3496,3966,6230,7846,3270,3859,5381,6478,3208,3574,4111,4279,-2.81503,18.8985,8.88793,48.0953
24500,3324,3609,4630,5365,3427,4076,6263,8201,3312,3876,4997,6079,3274,3496,4037,4185,-4.65387,19.1086,8.6198,48.1007
24501,6230,5628,4150,3373,7723,7023,4140,3471,4996,4695,3779,3344,3867,3724,3412,3161,-9.95011,-16.7865,8.60749,48.4773
24502,9045,8647,4650,3605,5477,5366,4094,3501,3762,3851,3555,3353,3406,3233,3179,3129,-25.6453,-15.7656,8.90051,47.902
24503,3022,3221,3484,3374,3210,3505,3889,4150,3303,3866,5221,7032,3397,3959,6671,10960,21.8183,23.0635,8.94398,48.176
24504,3427,3381,3274,2992,4310,3960,3601,3153,6813,5791,4018,3457,8828,7195,4228,3525,19.2675,-18.3219,8.82942,47.9687
24505,3329,3344,3123,3257,3852,3754,3443,3195,6034,4737,3797,3388,12679,6091,3901,3422,30.6749,-30.1807,8.84826,47.564
24506,4191,4545,3916,3552,5331,7476,4857,3678,4841,6158,4473,3689,3949,4130,3736,3462,-2.73151,-7.66555,8.82527,47.9893
24507,3283,3463,3321,3052,3840,3861,3585,3319,4991,5659,4399,3746,6895,9480,5290,3876,24.7653,-10.303,8.80154,48.04
24508,7867,7850,4610,3472,6122,5947,4082,3576,4110,3971,3594,3354,3366,3464,3390,3060,-19.5947,-14.9292,8.62428,47.89
24509,3334,3991,5957,10046,3383,3827,5237,7738,3176,3383,3891,4333,3047,3334,3441,3541,-18.3302,24.4177,8.63643,47.7727
24510,7229,4931,3825,3363,9776,5428,3867,3421,5229,4123,3541,3401,3877,3633,3348,3145,-10.7288,-25.6666,8.67193,48.0913
24511,3404,4045,6057,7680,3488,3999,6294,8077,3332,3600,4204,4671,3112,3318,3554,3645,-14.249,19.1979,8.70294,48.32
24512,3387,3389,3155,3133,4085,3693,3481,3219,6500,4874,3800,3290,12052,6337,3849,3374,24.9656,-26.4432,8.62031,47.7453
24513,3187,3437,3503,3577,3348,3635,4204,4384,3507,4125,6356,7348,3545,4322,6534,7611,15.3089,17.521,8.64358,48.4153
24514,5725,7907,5182,3839,5150,6818,4862,3762,3847,4245,3737,3447,3363,3488,3316,3159,-16.8882,-7.96072,8.76337,47.898
24515,11610,7158,4166,3469,5881,4945,3801,3387,3892,3704,3517,3183,3349,3351,3161,3121,-29.5314,-21.553,8.84573,47.7967
24516,11920,7118,4099,3400,5871,4893,3896,3424,3924,3779,3411,3227,3325,3300,3229,3139,-28.8765,-22.7226,8.95581,47.97
24517,4061,3669,3428,3239,6159,4492,3648,3434,9805,5237,3652,3392,6269,4676,3746,3295,6.94225,-30.1488,8.62886,48.1347
24518,3930,3612,3336,3096,5574,4586,3721,3280,9281,5852,3796,3365,6364,4954,3748,3290,8.31374,-22.2741,8.79642,47.8567
24519,3284,3571,3934,3903,3451,4261,5508,4752,3609,4670,7991,5859,3490,4146,5230,4801,6.15474,10.6821,8.54674,48.3067
24520,3288,3329,3331,3291,3615,3875,3818,3587,4121,5526,5769,4302,4578,7245,7834,4869,20.1159,1.41299,8.96796,48.252
24521,4225,5752,6084,4492,4142,6371,7104,4420,3722,4211,4236,3882,3425,3452,3506,3390,-12.9654,1.65087,8.99841,48.276
24522,3705,4905,9286,8207,3477,4101,5543,5278,3301,3524,3910,3804,3072,3125,3403,3414,-24.7203,12.9797,8.95555,48.0367
24523,3263,3424,3523,3407,3715,4033,4251,3908,4089,5666,7090,4704,4030,5629,6791,4757,14.5592,3.68288,8.74386,48.1867
24524,4616,7165,6386,4339,4553,6542,5716,4108,3809,4147,4071,3594,3388,3578,3496,3250,-16.6567,-2.38904,8.89479,48.5053
24525,3197,3505,3901,4309,3331,3710,4658,6962,3363,3869,5178,9196,3320,3612,4490,5562,3.98633,27.04,8.54356,48.1087
24526,4104,5847,6666,4756,4106,6001,6796,4632,3748,4118,4274,3812,3310,3411,3530,3368,-14.4986,2.17922,8.52387,48.3193
24527,3223,3613,4618,5776,3437,3829,5827,9378,3365,3727,4809,6295,3080,3474,3842,4098,-5.71037,22.8478,8.92236,48.2607
24528,3813,4686,6276,5081,3825,5119,7872,5438,3493,3980,4461,4044,3244,3367,3608,3545,-11.9164,7.75758,8.76212,47.9013
24529,5329,7275,5067,3829,5093,7546,5138,3943,3876,4407,3820,3466,3471,3559,3517,3120,-14.8185,-7.36437,8.74546,48.304
24530,3230,3758,4843,6929,3343,3902,5186,10103,3248,3650,4240,5526,3212,3351,3740,3844,-9.43785,31.9589,8.90383,48.07
24531,5147,8758,7679,4628,4190,5108,5058,4073,3534,3766,3660,3564,3157,3393,3278,3255,-27.178,-1.45586,8.65399,48.1653
24532,6135,9875,6048,3946,4539,5220,4480,3830,3701,3858,3591,3370,3261,3362,3347,3181,-31.0416,-7.06951,8.65497,47.8293
24533,3571,3812,4465,4406,3605,4408,7412,5869,3597,4280,6264,5293,3331,3642,4103,4123,-1.9698,11.2756,8.59889,48.1207
24534,3420,3325,3292,3136,4153,3892,3393,3271,6895,4864,3912,3318,11985,6059,3977,3367,23.266,-28.498,8.79444,48.1727
24535,3995,5982,9977,6046,3714,4424,5472,4721,3357,3615,3712,3690,3266,3272,3431,3332,-25.0168,7.31419,8.92717,48.004
24536,7522,6884,4271,3528,6929,6437,4133,3473,4226,4153,3561,3334,3505,3462,3389,3140,-16.2045,-16.1275,8.69893,47.9647
24537,2999,3338,3323,3399,3270,3510,3818,4017,3316,3864,5018,5949,3514,4192,7563,10871,26.0559,19.9201,8.76337,47.974
24538,4087,3672,3410,3189,6100,4403,3559,3181,9771,5307,3794,3365,6235,4643,3698,3399,7.09378,-28.2983,8.50237,47.8753
24539,6386,8220,4943,3659,5494,6704,4465,3658,3974,4113,3629,3432,3440,3472,3356,3163,-18.4855,-10.7483,8.69892,48.072
24540,3587,4230,5038,4539,3728,5045,8154,5521,3496,4253,5377,4595,3321,3611,3886,3753,-5.99503,8.66484,8.78005,48.0893
24541,3171,3178,3324,3386,3257,3466,3742,3866,3465,3704,4740,5932,3453,3932,6066,12614,30.5,32.0398,8.94027,47.5307
24542,10282,8232,4312,3531,5635,5096,3887,3454,3848,3815,3600,3256,3284,3400,3224,3089,-30.0083,-18.0627,8.82017,47.9633
24543,3133,3405,3632,3540,3308,3642,4427,4596,3605,4306,6865,7151,3502,4227,6270,6662,13.3419,15.7532,8.87906,48.1807
24544,4573,7427,8549,5124,4033,5026,5332,4331,3620,3806,3691,3600,3273,3288,3335,3218,-24.9255,1.83215,8.62535,48.1507
24545,3526,4498,7063,6765,3594,4386,6876,6564,3311,3751,4299,4334,3036,3302,3568,3526,-15.5258,13.9743,8.9374,48.266
24546,7382,6716,4165,3556,7079,6414,4062,3503,4500,4259,3642,3359,3556,3557,3405,3184,-15.4741,-16.7506,8.56692,48.226
24547,3539,3411,3245,3084,4258,4125,3525,3173,6965,5969,3992,3458,8689,7055,4184,3572,18.3402,-18.1168,8.63713,48.1627
24548,3095,3318,3451,3509,3231,3534,3919,4197,3510,4168,5929,6794,3518,4274,7085,8599,18.9673,17.9595,8.57916,48.0873
24549,3516,3789,4021,3857,3920,4923,6123,4502,3755,5383,7269,4766,3619,4245,4768,4066,2.64304,5.39159,8.81845,48.348
24550,3336,3793,4740,4985,3489,4211,6954,7208,3353,3934,5531,5859,3136,3553,4036,4145,-4.13409,15.9167,8.88201,48.1753
24551,3295,3677,3988,3813,3603,4326,5720,4694,3711,5048,8168,5591,3482,4165,5101,4591,5.33628,9.18488,8.6966,48.6487
24552,4494,7561,9006,5005,4039,4815,5020,4224,3462,3735,3733,3694,3218,3281,3434,3253,-32.9633,2.21777,8.97692,47.9827
24553,3298,3472,3622,3477,3574,4124,4539,4058,3967,5509,7728,5050,3919,5034,6390,4917,12.0491,5.56066,8.67264,48.452
24554,5488,5264,3959,3480,7409,7214,4177,3449,5085,4993,3890,3434,3798,3824,3421,3247,-7.85236,-15.4944,8.84425,48.088
24555,5312,4271,3719,3203,9318,5055,3698,3456,7249,4691,3803,3423,4418,3940,3442,3297,-3.19684,-29.8571,8.54005,48.1967
24556,5823,9835,6557,3979,4531,5134,4570,3754,3687,3940,3603,3423,3276,3493,3373,3266,-32.2913,-5.90562,8.8782,48.1627
24557,5780,4517,3703,3340,9736,5212,3797,3368,6328,4582,3583,3260,4018,3882,3417,3187,-5.78935,-33.8765,8.69157,47.8067
24558,3400,4034,5386,4953,3560,4578,7820,6461,3498,3944,5210,4860,3276,3564,3895,3713,-7.23311,12.2466,8.80695,48.1013
24559,3673,3732,3560,3323,4145,5199,4466,3601,4920,8099,5688,3980,4367,5405,4549,3773,7.66073,-5.32459,8.96308,48.32
24560,3232,3454,3537,3431,3418,3882,4351,4056,3818,4889,7361,5261,3877,5052,7401,5467,15.2597,8.14897,8.95556,48.3247
24561,3295,3809,5987,12769,3343,3750,4710,5922,3144,3374,3763,3912,3164,3315,3286,3422,-30.417,30.4728,8.80125,47.31
24562,3932,3874,3487,3239,5854,4867,3760,3367,8595,6321,4065,3381,5678,4768,3690,3347,6.33913,-19.7068,8.52332,48.15
24563,3494,3583,3297,3206,4627,4162,3473,3243,8750,5225,3778,3452,9291,5408,3767,3377,15.8422,-29.9932,8.60684,48.0887
24564,3346,3400,3262,3166,3778,3923,3610,3391,4991,5615,4319,3670,6794,9641,5590,3868,24.8043,-9.65808,8.90586,48.2427
24565,3016,3216,3353,3300,3390,3712,3930,3721,3564,4407,5635,4944,3898,5701,9659,6639,24.7316,8.55896,8.89658,48.0567
24566,5000,4249,3552,3267,8522,5239,3773,3312,7868,5009,3658,3270,4532,4102,3578,3135,-1.37632,-26.3411,8.70486,48.044
24567,3371,3360,3254,2987,4087,3781,3444,3282,6481,4803,3779,3348,12203,6042,4007,3387,25.0543,-30.8302,8.53893,47.744
24568,3224,3633,4422,5735,3366,3783,5149,9570,3350,3611,4550,6547,3190,3416,3933,4191,-4.92039,33.0152,8.96834,47.78
24569,2978,3195,3255,3437,3281,3528,3791,3859,3353,4077,5343,5509,3518,4608,8850,9173,25.8835,15.502,8.91528,47.8367
24570,4458,4099,3623,3249,7173,5356,3783,3388,7920,5784,3806,3391,4856,4382,3669,3246,1.60656,-20.6085,8.66898,48.122
24571,3354,3353,3333,3181,3760,3810,3654,3348,4692,5627,4603,3753,6292,9542,5842,3948,24.5051,-7.77389,8.67838,48.0613
24572,4730,4458,3740,3354,6736,6785,4119,3498,6088,5967,3945,3449,4277,4262,3696,3324,-1.63477,-15.4417,8.83905,48.2853
24573,3196,3138,3462,3290,3119,3440,3837,3929,3374,3748,5012,5787,3436,4044,7375,11404,30.0944,21.1697,8.92259,47.7273
24574,3972,3794,3393,3126,5926,4516,3605,3345,9897,5266,3906,3366,6053,4706,3849,3335,6.90346,-33.8345,8.53261,48.0367
24575,3961,4200,3652,3464,4888,6053,4326,3657,5461,7715,4868,3684,4413,4720,3959,3531,3.29162,-8.78058,8.71803,48.368
24576,3119,3147,3428,3397,3358,3379,3780,3957,3578,3837,4995,5712,3519,4193,7489,11316,30.5419,20.4276,8.66638,48.136
24577,3271,3621,4336,5189,3334,3812,5241,8966,3436,3662,4853,7253,3166,3607,4013,4394,-2.84525,25.5845,8.53069,48.1027
24578,8048,7448,4364,3464,6561,6164,4121,3520,4212,4032,3509,3298,3530,3513,3323,3112,-18.0628,-16.2078,8.82309,48.146
24579,5342,5907,4405,3677,5965,8005,4815,3786,4399,4765,3933,3476,3604,3736,3431,3219,-10.7278,-10.3062,8.62233,48.31
24580,6342,9829,6226,3994,4696,5289,4450,3712,3726,3801,3640,3408,3439,3376,3271,3237,-29.963,-7.24239,8.86153,48.2907
24581,3933,3640,3419,3169,5472,4335,3543,3333,9218,5721,3837,3460,6797,5048,3816,3391,9.67484,-23.2573,8.59903,48.088
24582,3072,3240,3387,3450,3107,3468,3974,4138,3392,3924,5064,7020,3382,4059,6763,10382,20.8919,21.5298,8.88939,47.8813
24583,3079,3160,3476,3439,3295,3503,4031,4246,3351,4078,5464,7386,3496,4035,6563,9651,18.9387,21.0715,8.85303,48.1687
24584,3388,3975,6072,12259,3309,3713,4884,6666,3345,3412,3885,4085,3056,3249,3388,3449,-24.0009,28.2093,8.82423,48.09
24585,3282,3665,3878,3919,3453,4063,5469,4973,3587,4560,7746,6389,3467,4063,5032,4817,5.7031,12.4735,8.83583,48.242
24586,3227,3224,3355,3375,3201,3546,3823,3874,3374,4115,5026,5509,3481,4430,8201,9877,32.4986,17.1448,8.74027,47.7587
24587,4299,4813,4190,3682,5015,7796,5461,3818,4648,5860,4700,3708,3746,4048,3758,3430,-3.89738,-5.95771,8.95389,48.648
24588,3305,3801,5083,7886,3431,3769,5216,9539,3233,3532,4237,5103,3088,3342,3626,3645,-11.9772,32.2736,8.84664,47.8907
24589,10237,7908,4300,3437,5549,5089,4012,3343,3979,3924,3518,3235,3296,3358,3317,3221,-33.7128,-18.0681,8.92262,47.8153
24590,3125,3179,3390,3396,3261,3402,3816,4009,3309,3793,4817,6937,3423,3878,5966,11773,23.1612,30.5076,8.54806,47.6493
24591,8935,6439,3976,3417,7526,5799,3991,3322,4332,4072,3624,3173,3550,3495,3256,3178,-17.2361,-20.3553,8.69039,48.0567
24592,5046,8804,7610,4485,4210,4963,4866,3968,3508,3725,3752,3503,3269,3303,3395,3265,-30.3578,-1.91841,8.57159,47.7813
24593,3289,3455,3253,3156,3692,3883,3658,3344,4699,5095,4620,3879,5830,9693,6347,4080,33.2041,-5.86291,8.76848,47.982
24594,3313,3606,3494,3349,3625,4174,4073,3820,4244,6405,6669,4392,4261,6060,6272,4429,13.9508,0.251516,8.81764,48.124
24595,3168,3549,4047,4094,3387,3958,5472,5502,3473,4256,7342,6747,3411,3833,4966,4974,4.82901,14.4169,8.52035,48.1193
24596,3224,3223,3607,3661,3280,3560,4262,4997,3379,3878,5269,9586,3257,3826,5109,7891,12.1758,29.8656,8.74773,48.006
24597,4088,4516,3991,3697,5009,7086,5166,3705,4645,6311,4691,3761,3896,4221,3817,3511,-1.82019,-6.42806,8.5556,48.074
24598,6187,9770,5938,4129,4709,5731,4587,3681,3746,3813,3650,3387,3256,3315,3279,3063,-23.8813,-7.22896,8.95907,48.1607
24599,5681,5397,4040,3440,7427,7328,4308,3485,4977,4837,3961,3215,3792,3705,3389,3234,-8.7276,-15.4135,8.96018,48.144
24600,3184,3270,3848,3898,3304,3728,4617,5808,3343,3903,6071,9171,3335,3813,4919,6102,8.11802,21.6914,8.7724,48.2093
24601,3129,3445,3659,3805,3254,3482,4353,5566,3288,3832,5296,9868,3344,3780,4826,7154,9.75933,29.9087,8.70677,48.054
24602,3407,4031,6335,9044,3451,3999,5512,7713,3182,3493,4000,4346,3095,3302,3496,3533,-17.3852,21.0671,8.82988,47.9593
24603,3492,3827,4100,3741,3775,4981,5929,4460,3898,5452,7399,4838,3697,4137,4507,4155,2.9876,4.68167,8.74415,48.2587
24604,3072,3295,3413,3386,3220,3442,3791,3874,3542,4019,5089,5502,3534,4402,8627,9641,29.9023,16.9032,8.61889,47.8993
24605,3393,3661,4486,4854,3391,3846,5858,7656,3359,3823,5518,6780,3186,3529,4138,4500,-1.66413,19.4589,8.80431,47.9853
24606,6530,9403,5639,3900,4844,5718,4484,3650,3686,3892,3527,3376,3355,3389,3360,3076,-23.6483,-8.75433,8.58351,47.886
24607,12122,6045,3947,3389,6533,4932,3799,3335,3968,3893,3421,3160,3386,3381,3308,3179,-24.3583,-27.9225,8.79717,47.8653
24608,3685,4029,3999,3672,4090,5702,5843,4158,4182,6242,6263,4141,3826,4429,4302,3791,1.80138,0.205076,8.98863,48.236
24609,6867,4937,3685,3399,9982,5218,3695,3310,5478,4329,3575,3233,3857,3652,3255,3189,-9.638,-31.5033,8.94425,47.774
24610,3389,3840,5514,7266,3362,4026,6092,8837,3292,3641,4384,4752,3062,3322,3606,3770,-12.358,20.9135,8.87688,48.1033
24611,3175,3305,3372,3243,3425,3632,3855,3609,3706,4469,5338,4652,4007,5969,9917,6219,27.4123,7.14634,8.95405,47.9287
24612,3099,3201,3370,3357,3171,3473,3877,3860,3316,3803,4999,5866,3419,4091,6942,11671,30.6809,22.0894,8.97738,47.6767
24613,3118,3281,3292,3561,3241,3394,3903,3920,3331,3721,4762,6082,3256,4022,6582,12092,27.8942,24.5821,8.83639,47.7053
24614,3219,3595,4067,4590,3287,3648,4851,7796,3388,3711,5079,8612,3285,3585,4224,4948,1.22307,28.6326,8.51635,47.9233
24615,3039,3214,3423,3385,3131,3566,3764,3998,3390,3879,4881,5866,3476,4100,6961,11772,29.8319,22.8611,8.70607,47.8967
24616,7376,5228,3805,3459,9209,5601,3915,3357,5197,4270,3639,3357,3683,3644,3404,3086,-11.4412,-23.5998,8.63551,48.1533
24617,6318,5342,3896,3389,8657,6434,4049,3434,5291,4660,3745,3391,3747,3759,3443,3056,-9.56437,-19.3411,8.83245,48.4073
24618,3176,3300,3400,3459,3221,3612,4076,4424,3363,3905,5304,8529,3455,3990,5559,9261,15.8629,33.9614,8.52786,48.0227
24619,3459,3878,4306,4260,3781,4750,6934,5281,3645,4689,6852,5226,3486,3750,4220,4055,-0.544044,8.95666,8.96383,48.3813
24620,4470,7193,8419,5018,4127,5171,5741,4452,3440,3816,3769,3709,3250,3297,3375,3256,-21.8927,2.29027,8.84633,48.3353
24621,3351,3863,5393,6504,3449,4055,6362,8459,3258,3605,4557,5297,3211,3322,3754,3823,-9.69764,19.7269,8.61827,48.1753
24622,3232,3242,3172,2959,3915,3885,3319,3139,6451,4756,3755,3456,12332,6494,3991,3402,26.0068,-25.1614,8.96466,47.6667
24623,3831,3664,3469,3126,5342,4349,3564,3310,9834,5427,3826,3480,7165,4996,3639,3177,10.4946,-31.9577,8.51208,48.1327
24624,3742,3713,3538,3246,4604,5055,3884,3465,6636,7912,4547,3610,5261,5621,4044,3483,8.2832,-12.5527,8.9937,48.2407
24625,4883,8572,8063,4719,4162,4989,4838,4063,3521,3756,3665,3523,3267,3292,3342,3173,-31.0641,-0.653536,8.95086,47.8853
24626,3583,4046,4352,4075,3810,5015,7080,4804,3724,5022,6821,4742,3465,3906,4277,3956,-0.617364,6.04666,8.77896,48.452
24627,3318,3614,4165,4886,3453,3734,4894,8396,3284,3748,4916,8071,3179,3423,4179,4608,-0.638526,31.5577,8.73189,47.912
24628,3228,3440,3321,3186,3689,3750,3709,3462,4492,5526,4798,3832,5638,9305,6447,4176,24.646,-5.01663,8.59052,47.9993
24629,4040,3737,3536,3108,6112,4496,3706,3295,9717,5120,3888,3311,6055,4676,3683,3255,6.61087,-31.9754,8.71947,47.8233
24630,5528,5065,3819,3355,8186,6925,4128,3422,5484,4955,3837,3186,3994,3956,3452,3154,-6.97647,-17.7987,8.88237,48.2973
24631,3353,4048,5919,12716,3407,3805,4658,5826,3302,3540,3710,3849,3167,3206,3325,3421,-32.2573,33.1199,8.92923,47.5013
24632,3158,3399,3634,3671,3297,3765,4485,4488,3472,4238,6915,7086,3486,4343,6341,6485,13.022,15.2006,8.58003,48.1753
24633,8702,5765,3951,3424,8622,5508,3827,3465,4469,4175,3531,3346,3579,3486,3241,3102,-15.3038,-23.1304,8.9509,48.1287
24634,3497,3957,5953,11960,3369,3842,4880,6453,3345,3526,3809,3949,3137,3247,3429,3521,-23.7889,31.4983,8.54396,47.916
24635,3978,3842,3425,3179,6334,4655,3720,3341,9596,5378,3800,3454,5845,4558,3745,3235,6.0071,-25.3886,8.64178,48.0567
24636,9559,8613,4550,3471,5426,5198,4094,3431,3762,3844,3471,3253,3338,3298,3313,3075,-30.3627,-16.4514,8.84558,47.7973
24637,5154,5420,4019,3411,6849,7605,4599,3516,5027,5079,3815,3507,3886,3857,3562,3188,-7.53533,-13.538,8.62802,48.3293
24638,4776,6217,5028,3782,4935,7850,5454,3902,4105,4636,4113,3542,3503,3572,3607,3364,-11.4669,-5.52968,8.5636,48.2573
24639,3312,3494,3969,4077,3382,3913,5328,5867,3617,4245,6811,7337,3191,3970,4780,5279,4.52657,16.4751,8.86628,48.3813
24640,4240,3887,3533,3208,6541,4531,3624,3341,9481,5359,3793,3379,5536,4461,3661,3280,5.29958,-26.8917,8.59595,47.9033
24641,3978,5112,5460,4228,4270,6537,7180,4582,3746,4449,4814,3928,3362,3555,3701,3428,-9.25742,1.77086,8.57653,48.22
24642,4475,4083,3692,3321,6925,5674,3880,3332,7488,6143,4029,3483,4744,4383,3652,3239,1.33807,-18.2636,8.9516,48.362
24643,3684,3822,3440,3152,4623,4679,3892,3319,6806,7648,4406,3556,5822,5909,4205,3532,10.6664,-13.7397,8.81137,48.33
24644,6077,5379,3991,3318,8195,6818,4088,3494,5300,4664,3854,3272,3783,3807,3392,3142,-9.60008,-17.9547,8.95129,48.3827
24645,11360,5878,3951,3406,7238,4981,3747,3467,4138,3827,3383,3231,3353,3395,3239,3038,-21.3609,-28.8345,8.60372,47.7547
24646,3313,3417,3257,3066,3992,3909,3665,3353,5889,5920,4290,3514,8145,8242,4618,3597,21.0517,-14.6809,8.68596,48.1247
24647,3051,3292,3530,3629,3291,3566,4158,4761,3276,3871,5530,8885,3446,3864,5497,8381,13.8067,24.2841,8.61153,48.0187
24648,8221,6461,4173,3371,7516,5970,4114,3453,4375,4084,3650,3302,3645,3421,3271,3094,-16.2359,-18.8943,8.83575,48.0807
24649,5825,7612,5136,3885,5284,6945,4830,3841,3983,4293,3816,3553,3416,3448,3505,3189,-16.561,-8.2678,8.53351,48.374
24650,9055,7227,4265,3472,6616,5679,4106,3501,4103,4032,3561,3382,3429,3557,3216,3028,-19.7208,-18.0413,8.70593,48.1527
24651,4001,5033,5836,4476,4099,5983,7479,4738,3756,4242,4627,4108,3395,3518,3654,3460,-10.3731,3.26106,8.57647,48.27
24652,3170,3221,3301,3352,3228,3575,3792,3856,3354,3731,4812,6382,3444,3853,5989,12277,24.4229,32.8074,8.80047,47.558
24653,7647,9265,5021,3805,5432,5730,4250,3538,3844,3798,3600,3278,3358,3383,3251,3146,-22.6524,-12.2196,8.80412,48.2307
24654,3507,3992,5756,11340,3412,3824,4917,7157,3209,3414,3857,4133,3169,3157,3384,3417,-21.2769,33.2742,8.65061,47.7633
24655,3117,3236,3458,3329,3226,3551,3890,4219,3333,3777,5094,7450,3330,3860,6077,11104,20.7103,26.3834,8.578,48.034
24656,4811,4219,3581,3233,8144,4846,3803,3282,8273,4988,3671,3282,4788,4070,3517,3215,0.155493,-30.1772,8.65802,47.8153
24657,3141,3247,3367,3239,3357,3685,3960,3811,3800,4648,5734,4604,4164,6319,9297,5802,23.7006,5.99843,8.77998,48.1167
24658,3330,3353,3268,3273,3657,3854,3712,3450,4617,5306,4489,3893,5750,9572,6434,4106,27.0936,-5.74983,8.71809,48.0427
24659,10818,5680,3935,3412,7811,4958,3769,3382,4326,3887,3493,3221,3467,3443,3117,3145,-18.9398,-30.2516,8.79819,47.9093
24660,3376,3366,3327,3089,3969,3797,3498,3189,5823,5080,3869,3365,10539,7585,4331,3477,26.6913,-18.7843,8.61807,47.7867
24661,3116,3221,3342,3420,3331,3427,3833,4163,3373,3839,4960,7294,3517,3907,5701,11224,20.4272,30.0433,8.6538,47.7787
24662,3365,3979,6540,11755,3448,3894,5015,5955,3188,3490,3906,4035,3171,3208,3372,3391,-33.6332,24.0273,8.59687,47.808
24663,3280,3243,3422,3323,3516,3721,3880,3698,4089,4987,5607,4519,4312,6995,8623,5211,22.9495,2.91608,8.54356,48.284
24664,3839,3691,3273,3099,5235,4372,3633,3252,8715,6222,3861,3364,6790,5442,3851,3385,10.5135,-20.3819,8.8005,48.016
24665,3372,3365,3245,3109,3978,3722,3498,3167,5995,4641,3779,3357,12831,6107,3929,3314,30.1729,-28.1633,8.96194,47.606
24666,3978,5431,8567,6122,3680,4592,6452,5139,3380,3692,4142,3935,3280,3426,3446,3422,-19.2292,8.57474,8.53867,48.456
24667,3906,4267,3906,3691,4511,6381,5171,3808,4619,6794,5439,3835,3953,4407,4116,3679,0.928094,-3.81662,8.74944,48.322
24668,3136,3554,4206,4969,3276,3859,5205,8504,3329,3728,5021,7716,3209,3613,4175,4723,-1.16187,24.9843,8.79541,48.1487
24669,6652,4988,3865,3326,9361,5897,3826,3391,5489,4407,3577,3267,3921,3758,3315,3170,-9.21446,-22.143,8.86184,48.14
24670,4478,4236,3633,3228,7208,5619,3903,3337,7678,5870,4065,3318,4625,4249,3650,3235,1.03452,-19.1818,8.98651,48.2213
24671,9185,8400,4540,3582,5696,5364,4084,3484,3869,3978,3489,3245,3378,3451,3262,3232,-25.0937,-16.1875,8.50618,48.1593
24672,3696,3623,3306,3085,4743,4224,3605,3323,8437,5887,4003,3433,7518,5780,3993,3489,13.3444,-20.5972,8.58433,48.0967
24673,3746,5632,9759,6822,3748,4437,5112,4987,3338,3683,3902,3763,3157,3279,3376,3375,-33.4223,9.33642,8.82933,48.0773
24674,3907,5312,8129,5815,3808,4891,6632,5133,3446,3840,4099,3985,3202,3233,3458,3363,-17.9125,7.64495,8.59479,48.1687
24675,3257,3286,3280,3211,3719,3765,3562,3465,4722,5238,4437,3823,6547,9795,5901,4006,28.3268,-7.78211,8.91811,48.0093
24676,3380,3866,4905,6877,3499,3710,5339,9958,3283,3650,4429,5358,3217,3350,3623,3752,-9.49226,33.9313,8.74342,48.1307
24677,3206,3313,3309,3251,3257,3567,3906,3873,3494,4342,5700,5343,3698,5010,9249,7664,23.8524,12.2309,8.96369,48.1213
24678,6953,9066,5401,3829,5062,6016,4410,3793,3687,3897,3535,3328,3363,3376,3257,3018,-22.909,-10.0328,8.54632,47.994
24679,8289,6123,3871,3465,7820,5900,4019,3553,4543,4199,3491,3307,3499,3605,3276,3082,-15.6983,-20.0745,8.77471,48.028
24680,3965,3855,3396,3279,5471,5119,3986,3356,7924,6937,3989,3544,5408,4867,3818,3408,6.23328,-17.2526,8.7828,48.2147
24681,3140,3290,3383,3401,3213,3478,3810,4043,3335,3676,4653,5953,3384,3917,6163,12761,29.8067,27.984,8.99375,47.7333
24682,7012,9960,5445,3834,4878,5164,4401,3679,3705,3864,3593,3319,3290,3452,3322,3069,-31.4672,-9.96389,8.61674,47.9913
24683,3369,3867,5300,6079,3525,4066,6630,8247,3362,3732,4734,5280,3181,3430,3785,3819,-9.18143,18.3533,8.57651,48.2707
24684,3495,4401,8255,9355,3463,3975,5384,5782,3324,3502,3853,3983,3098,3194,3420,3345,-24.4947,16.7257,8.89154,47.886
24685,3445,3946,6134,12471,3316,3758,4894,6114,3166,3407,3773,3852,3177,3225,3307,3383,-25.7754,33.9329,8.86048,47.5787
24686,7949,9572,4979,3694,5234,5474,4209,3551,3835,3851,3479,3323,3394,3395,3268,3105,-25.7398,-12.1696,8.98975,48.208
24687,3159,3375,3321,3421,3312,3481,3854,3957,3464,3935,5160,5572,3585,4404,8475,9507,32.0009,16.5258,8.55753,47.988
24688,6639,8807,5194,3722,5258,6248,4376,3638,3976,3958,3630,3382,3234,3468,3371,3102,-21.1767,-10.5736,8.63291,48.002
24689,6846,9552,5322,3781,5144,5853,4321,3679,3830,3970,3617,3370,3280,3380,3251,3067,-22.8787,-10.0479,8.94226,48.1753
24690,3379,3325,3115,3105,4001,3847,3480,3265,5961,5046,3868,3380,10901,7449,4286,3366,26.2146,-20.748,8.6676,47.8493
24691,4000,5728,7847,5327,3900,5181,6708,4884,3411,3805,4035,3783,3268,3353,3493,3417,-17.6441,5.9469,8.67652,48.0933
24692,3409,3907,4130,3993,3735,4718,6486,4812,3739,5023,7238,4996,3607,3928,4557,4067,1.83377,6.5028,8.70208,48.23
24693,6085,9586,6065,4068,4698,5472,4540,3855,3698,3840,3668,3379,3277,3331,3270,3196,-24.8523,-7.10089,8.82447,48.0187
24694,4015,5031,5587,4427,4091,6008,7721,4690,3754,4288,4830,4050,3328,3577,3717,3391,-9.54876,2.85736,8.94753,48.3367
24695,4041,5837,9972,6602,3757,4370,5143,4786,3390,3671,3801,3668,3106,3199,3391,3254,-30.9726,8.42285,8.65235,47.992
24696,6594,9432,5408,3929,5016,5944,4435,3660,3834,4011,3755,3371,3399,3217,3192,3066,-23.19,-9.21719,8.79067,48.1753
24697,5068,4401,3625,3367,8027,5885,3775,3511,6901,5359,3868,3369,4399,4139,3563,3177,-2.3675,-20.5716,8.73101,48.2893
24698,3134,3524,3810,4297,3371,3696,4757,6677,3373,3680,5417,9381,3231,3629,4514,5574,4.54138,26.3142,8.67301,48.0433
24699,11980,6212,3892,3230,6948,4974,3947,3304,4161,3829,3501,3202,3363,3447,3132,3098,-22.9799,-25.8276,8.9827,48.1467
24700,3420,3733,4440,4670,3470,4293,6589,6764,3571,3961,5973,6077,3336,3556,4255,4302,-1.92174,15.137,8.53733,48.2733
24701,3088,3213,3296,3485,3260,3553,3983,4282,3344,3749,4854,7493,3415,4035,5800,11227,20.4627,31.4402,8.56934,48.0513
24702,3135,3277,3426,3343,3407,3619,3923,3726,3631,4272,5715,4967,3891,5362,9532,6734,23.0699,9.40579,8.68292,47.9733
24703,3529,3531,3302,3091,4159,4331,3764,3367,6313,6952,4370,3519,6637,7212,4411,3631,15.7946,-13.2211,8.73982,48.0793
24704,3194,3303,3465,3387,3330,3403,3679,3883,3409,3782,4563,5935,3355,4068,5992,12470,29.8414,32.8921,8.61869,47.4787
24705,5247,4276,3620,3228,9089,5143,3767,3247,7437,4765,3773,3317,4406,3980,3425,3275,-2.57748,-27.3316,8.85251,47.9967
24706,3317,3534,4346,5076,3363,3861,5652,8313,3420,3743,5219,6849,3128,3561,4124,4343,-2.32149,21.807,8.50631,47.8993
24707,3505,3554,3431,3194,4048,4560,4036,3539,4851,7699,5651,4045,4667,6254,5045,3926,12.0589,-4.78429,8.77794,48.0033
24708,4875,7957,7876,4734,4199,5262,5377,4077,3579,3811,3751,3450,3284,3373,3368,3158,-23.095,0.150098,8.96478,48.0873
24709,3317,3366,3232,3127,3871,4171,3805,3510,5118,6927,4985,3971,5528,7944,5427,3873,16.8775,-6.81005,8.89793,48.1147
24710,4082,3999,3630,3250,5599,5350,3916,3367,7669,6836,4163,3395,4979,4858,3871,3311,5.03738,-16.3804,8.66886,48.1833
24711,3401,3372,3221,3122,4028,3973,3655,3272,6103,6160,4240,3545,7684,8112,4664,3580,19.5391,-13.9452,8.91728,48.088
24712,4348,6798,7339,4883,4159,5553,6033,4523,3558,3911,4049,3649,3300,3447,3486,3288,-18.6668,2.01298,8.75447,48.216
24713,3444,3497,3303,3182,3787,3948,3556,3461,5168,6162,4431,3702,6695,8889,5196,3745,20.7002,-10.1389,8.723,48.1107
24714,4559,4154,3679,3456,6502,6141,4059,3433,6752,6273,4039,3512,4551,4313,3648,3457,0.489741,-16.3384,8.65251,48.352
24715,3140,3412,3859,4066,3396,3612,4646,6087,3466,3772,5168,9796,3379,3672,4630,6187,7.12995,31.0163,8.62851,48.192
24716,3371,3416,3250,3146,3818,3883,3687,3229,5166,5664,4218,3745,7496,9427,5049,3667,24.442,-11.4646,8.5392,48.1547
24717,3520,3488,3281,3052,4164,4072,3554,3231,7085,5763,3952,3546,8635,6796,4293,3504,17.9001,-18.4381,8.5342,47.9573
24718,6069,4606,3592,3369,9799,5118,3723,3287,6351,4498,3739,3374,4032,3870,3514,3193,-6.19702,-29.7108,8.79468,48.0893
24719,3049,3259,3366,3305,3138,3546,3915,3980,3441,3846,5127,6276,3373,4197,6973,11274,24.7394,21.7753,8.715,48.0433
24720,3680,3970,4137,3831,3796,5331,6254,4367,4019,5707,6854,4372,3614,3995,4311,3928,1.04642,2.89162,8.70684,48.1107
24721,4728,7742,7910,4708,4228,5467,5400,4298,3583,3822,3805,3526,3258,3430,3429,3267,-21.8857,-0.163571,8.98671,48.4007
24722,3493,3555,3382,3183,4413,4202,3636,3278,7218,6215,4036,3540,7703,6515,4179,3522,15.9128,-17.6587,8.77545,48.0467
24723,3426,3847,6183,12675,3300,3659,4682,6108,3210,3520,3716,3855,3087,3240,3317,3475,-31.4971,27.4946,8.8069,47.5333
24724,3451,4507,8248,9786,3392,4008,5137,5478,3219,3563,3921,3894,3224,3206,3320,3395,-33.3171,17.0658,8.75984,47.8327
24725,4056,5642,8982,5815,3923,4684,6232,4872,3384,3764,4098,3772,3142,3374,3414,3300,-20.8887,7.27427,8.67716,48.3027
24726,5757,9596,6365,4016,4615,5188,4660,3864,3678,3844,3625,3477,3273,3436,3338,3127,-32.9665,-5.67631,8.72926,47.906
24727,11935,6531,4033,3381,6467,4870,3807,3313,3886,3895,3408,3135,3423,3439,3190,3058,-24.4356,-24.6108,8.72725,47.8473
24728,3392,4055,7398,10899,3461,3998,4885,5816,3226,3501,3832,3976,3151,3272,3317,3523,-33.1992,20.4066,8.5783,47.8013
24729,3763,3727,3434,3189,5163,4590,3767,3208,8015,6790,4177,3468,6076,5460,3958,3405,9.45174,-17.5852,8.89562,48.1267
24730,3041,3320,3322,3387,3350,3499,3917,3964,3513,3985,5224,5775,3496,4468,7893,10050,25.5684,17.77,8.56691,48.136
24731,5632,4482,3653,3254,9497,5157,3852,3399,6860,4600,3663,3322,4267,3925,3353,3170,-4.22223,-30.325,8.55756,48.0573
24732,4137,4117,3744,3375,5089,6615,4635,3686,5291,7071,4760,3769,4088,4457,3845,3595,1.02151,-8.78534,8.77843,48.1827
24733,3195,3421,3777,3733,3381,3833,4704,4777,3581,4470,7486,7115,3496,4076,5564,5763,9.80063,14.6324,8.61746,48.248
24734,3307,3303,3176,3110,3938,3857,3395,3250,6126,4993,3846,3340,12204,6397,3947,3357,27.8206,-24.972,8.73483,47.6973
24735,3416,3518,3377,3083,3745,3766,3542,3312,5586,5452,4057,3522,8941,8680,4782,3601,25.5185,-15.1861,8.67525,48.2533
24736,3238,3280,3307,3157,3559,3711,3892,3509,4361,5039,4819,4144,5085,8623,7988,4669,27.9114,-1.25489,8.8896,48.254
24737,3690,4721,8257,8024,3502,4228,5916,5712,3287,3662,4014,4091,3097,3305,3378,3420,-21.1044,14.2448,8.71358,48.2027
24738,3110,3267,3338,3400,3257,3460,3715,3969,3371,3763,4758,6408,3460,3954,5923,12620,25.5954,30.3888,8.82656,47.8487
24739,4048,5928,9922,6063,3802,4383,5199,4546,3395,3627,3776,3690,3285,3246,3411,3386,-31.8037,6.92034,8.66271,47.8047
24740,3099,3378,3442,3355,3176,3573,3867,3740,3527,4088,5174,5366,3591,4950,9368,8405,28.5935,13.6061,8.96864,48.066
24741,4219,7013,9456,5288,3985,4670,5221,4483,3408,3660,3757,3716,3122,3330,3329,3279,-32.3272,3.833,8.78583,47.9573
24742,5214,4923,3742,3415,7606,6708,4241,3373,5691,5315,3846,3453,4117,3999,3501,3182,-5.2462,-16.5669,8.76193,48.2173
24743,3539,4490,8232,9807,3349,4060,5051,5606,3212,3500,3726,3802,3138,3321,3375,3454,-30.0594,17.1934,8.65164,47.7747
24744,7192,9940,5386,3781,4942,5329,4251,3608,3844,3843,3596,3348,3298,3362,3262,3078,-27.0659,-10.6268,8.79773,48.04
24745,12690,5959,3925,3428,6092,4672,3726,3353,3990,3819,3300,3289,3349,3471,3277,3217,-32.6574,-28.863,8.99948,47.7047
24746,3356,3668,4781,6472,3259,3783,5349,9718,3248,3660,4429,5947,3223,3387,3799,3882,-7.5276,28.3869,8.52315,47.974
24747,3146,3498,4011,4380,3200,3732,5064,6686,3452,3824,5724,8673,3236,3732,4602,5301,3.48665,22.3471,8.66243,48.174
24748,3188,3356,3655,3758,3228,3571,4236,5310,3459,3781,5490,9341,3358,3887,4988,7642,11.6725,26.2818,8.52542,48.1653
24749,3450,3547,3505,3427,3850,4370,4396,3812,4362,6812,6724,4432,4134,5471,5603,4438,11.1574,-0.0193016,8.66681,48.222
24750,3355,3368,3211,3089,3981,3886,3526,3273,6630,5014,3767,3429,11812,5962,3972,3544,23.1003,-33.9276,8.63329,47.8793
24751,4290,4053,3487,3167,6651,4994,3647,3404,8736,5948,3828,3354,5341,4495,3682,3281,3.96867,-21.8346,8.67069,48.2387
24752,5613,5792,4034,3477,6878,7657,4403,3586,4649,4761,3875,3432,3735,3827,3425,3168,-10.2135,-13.4279,8.54764,48.208
24753,9427,5828,3867,3423,8482,5237,3736,3423,4500,4144,3480,3234,3540,3519,3126,3030,-16.3341,-25.1846,8.82975,47.9973
24754,3334,4048,5880,12239,3403,3845,4741,6445,3205,3448,3835,3851,3258,3312,3362,3327,-25.2353,32.6255,8.6421,47.6887
24755,3143,3303,3520,3456,3228,3525,3960,4608,3415,3863,5161,8328,3366,3838,5642,9998,17.0232,27.7093,8.66602,48.236
24756,3380,4027,5863,7746,3527,4116,6135,8078,3223,3585,4215,4729,3051,3444,3629,3615,-13.9289,19.9456,8.58609,48.242
24757,12352,6044,3840,3382,6022,4676,3759,3307,3997,3782,3423,3283,3401,3374,3313,3256,-33.9223,-27.1021,8.94061,47.474
24758,3128,3218,3398,3398,3212,3417,3800,4083,3346,3779,4831,6607,3409,4018,6230,12040,24.0974,27.6984,8.68196,47.9427
24759,3726,4220,4544,4171,3903,5692,7389,4727,3862,4900,5851,4401,3494,3848,4036,3784,-3.65317,3.91807,8.72143,48.3653
24760,5564,8965,6275,4116,4702,5884,4983,3776,3665,3970,3782,3365,3416,3286,3354,3229,-21.2962,-5.22713,8.95389,48.2213
24761,6130,5406,4046,3341,7879,6955,4125,3492,4897,4677,3765,3417,3940,3704,3550,3143,-9.59399,-17.1397,8.63828,48.3113
24762,3125,3324,3420,3617,3420,3723,4515,4836,3528,4220,7177,7571,3511,4012,5702,6251,10.949,16.2508,8.8853,47.968
24763,3157,3219,3273,3419,3533,3607,3796,3622,3903,4626,5390,4552,4219,6608,9459,5721,26.5905,4.8677,8.58892,48.0693
24764,3469,3458,3406,3190,3972,4135,3775,3361,5424,6687,4662,3665,6216,8130,5093,3797,18.0842,-10.1159,8.71245,48.2933
24765,3375,3439,3285,3075,3852,3918,3624,3361,5338,5898,4374,3646,7100,8949,5031,3711,21.6069,-11.6102,8.64875,47.984
24766,3838,5469,9805,6467,3642,4487,5347,4949,3422,3634,3990,3706,3219,3279,3336,3458,-33.8754,8.30793,8.56024,48.032
24767,4493,4745,3959,3511,5754,7830,4764,3579,4931,6055,4198,3511,3961,4014,3655,3203,-3.89647,-9.76666,8.96057,48.1087
24768,9212,8689,4509,3607,5509,5318,3974,3557,3773,3858,3504,3217,3447,3341,3257,3178,-27.611,-15.7356,8.50233,47.9667
24769,3134,3239,3553,3556,3172,3615,4065,4598,3330,3816,5612,8634,3338,3871,5666,8911,15.1064,23.738,8.96669,48.0733
24770,7772,8336,4623,3652,6024,6134,4286,3550,4057,3999,3622,3253,3410,3483,3225,3059,-19.8773,-14.0907,8.96581,48.3233
24771,3502,4239,7764,10720,3411,3942,5036,5842,3184,3488,3817,3967,3165,3316,3368,3406,-30.9057,19.2707,8.81631,48.1113
24772,4825,8359,8151,4800,4226,5089,5001,4187,3578,3711,3689,3603,3298,3304,3329,3237,-25.8484,-0.247257,8.9696,48.258
24773,6184,4966,3857,3381,8857,6206,4024,3448,5470,4467,3684,3265,3932,3734,3511,3149,-8.22846,-20.6088,8.59474,48.09
24774,3791,3874,3585,3227,5238,5143,3835,3446,7121,7415,4212,3546,5204,5212,3939,3426,7.19707,-14.6919,8.63042,48.1427
24775,4710,4248,3425,3287,8029,5335,3812,3320,7838,5251,3753,3422,4824,4126,3625,3263,-0.0040329,-23.3497,8.65702,48.1787
24776,3211,3265,3623,3763,3316,3500,4296,5243,3392,3856,5104,9821,3418,3833,5070,6879,10.1274,33.0325,8.92565,47.7267
24777,3188,3341,3428,3225,3343,3758,3843,3679,3942,4769,5535,4339,4358,6931,9035,5451,24.3982,3.93802,8.77071,48.11
24778,10543,7732,4252,3487,5816,5093,3909,3507,3900,3799,3468,3312,3372,3387,3165,3178,-32.9439,-18.6726,8.76262,47.9467
24779,3516,3918,4749,4428,3561,4618,7686,5750,3576,4273,6071,5120,3362,3708,4083,3941,-3.09534,10.2001,8.81967,48.24
24780,3486,3680,3626,3373,3780,4513,4615,3864,4278,6625,7305,4422,4082,5190,5264,4216,9.04419,0.94695,8.64407,48.2127
24781,6304,8398,5316,3829,5372,6373,4561,3729,3869,4154,3780,3376,3340,3545,3220,3077,-19.4439,-9.71609,8.52011,48.162
24782,4593,4268,3536,3206,7531,5022,3732,3398,8328,5087,3789,3354,5054,4255,3650,3218,1.12171,-25.5687,8.51723,48.014
24783,3093,3242,3435,3480,3235,3587,3953,4381,3360,3780,4860,7956,3489,3944,5496,10595,18.7623,31.0228,8.91658,47.924
24784,3413,4254,7620,10945,3401,3932,4863,5887,3141,3550,3798,3928,3093,3170,3318,3416,-28.2514,19.7104,8.9075,47.8193
24785,5039,4270,3579,3205,9036,5268,3829,3305,7473,4774,3689,3245,4448,4086,3431,3183,-2.32048,-25.0792,8.83368,47.9067
24786,12020,6820,4071,3395,6144,4892,3837,3352,3931,3814,3553,3175,3429,3334,3227,3107,-27.2802,-23.2611,8.99511,48.0673
24787,4277,3997,3691,3248,6386,5447,3826,3430,8043,6217,3958,3382,5018,4538,3689,3332,3.31233,-19.0884,8.74974,48.3193
24788,5072,5482,4227,3543,6179,8056,4772,3658,4587,5045,3945,3473,3756,3674,3416,3172,-8.43164,-10.8136,8.55697,48.038
24789,3292,3529,3934,3979,3353,3915,5063,5638,3504,4173,6696,7808,3350,3923,4868,5301,5.81043,17.1233,8.77062,48.2173
24790,4167,3850,3388,3226,6633,4865,3622,3287,9187,5660,3851,3371,5568,4587,3674,3238,4.95305,-22.5947,8.99383,48.116
24791,3272,3258,3337,3414,3281,3365,3833,3799,3353,3777,4864,5883,3334,3938,6146,12377,30.6755,33.5053,8.60925,47.4873
24792,3623,4376,5346,4584,3752,4941,7914,5657,3494,4094,5440,4573,3201,3485,3868,3791,-6.77826,9.29118,8.6734,48.0927
24793,3413,3445,3541,3273,3700,3977,4110,3719,4304,6304,6236,4315,4544,6370,6407,4477,15.4529,0.157039,8.62527,48.09
24794,3065,3236,3292,3359,3405,3525,3888,3962,3468,4040,5355,5553,3537,4579,8672,9133,25.6221,15.5014,8.71037,48.046
24795,3231,3308,3390,3228,3657,4033,3948,3632,4357,6131,5538,4153,4718,7643,6747,4400,18.6866,-1.87859,8.92007,48.076
24796,3135,3307,3349,3339,3254,3523,3881,4067,3353,3817,4946,7091,3474,3861,5923,11516,21.3707,32.1454,8.95955,47.8907
24797,3280,3604,4220,4901,3190,3706,5145,8406,3342,3739,5001,8217,3282,3546,4004,4784,-0.357583,26.9023,8.74331,48.2447
24798,12635,5935,3863,3360,5955,4714,3768,3352,3994,3899,3396,3227,3467,3448,3254,3159,-31.4876,-28.0186,8.79686,47.6173
24799,3806,5406,9700,7042,3664,4326,5317,4893,3312,3616,3918,3890,3101,3219,3423,3314,-27.318,9.98607,8.66379,47.9647
24800,3049,3275,3367,3341,3199,3463,3788,3962,3451,3886,4952,5781,3361,4286,7850,10787,29.8933,19.2813,8.94046,47.8653
24801,3441,3773,3876,3633,3831,4803,5229,4092,4112,6072,7500,4514,3746,4575,4806,4133,5.68925,3.01082,8.95396,48.0907
24802,3934,4050,3701,3368,5090,6003,4285,3494,5863,7657,4646,3681,4549,4815,3920,3489,3.61291,-10.6053,8.87011,48.3633
24803,3283,3404,3341,3231,3656,3690,3789,3455,4265,5016,4763,4175,5076,8626,7967,4573,31.3393,-1.38125,8.75815,48.2067
24804,3552,4000,7673,10929,3411,4001,4930,5877,3267,3500,3775,3902,3081,3306,3322,3362,-28.4274,19.5962,8.5346,47.9253
24805,3767,3796,3682,3446,4362,5370,4552,3705,5008,7844,5712,3925,4263,5004,4444,3670,6.20934,-4.82205,8.71575,48.3667
24806,3833,3474,3321,3122,5169,4334,3638,3358,9750,5213,3853,3364,7768,5006,3750,3317,11.8823,-28.6511,8.87551,48.18
24807,3341,4016,7135,11339,3348,3818,5019,5990,3301,3365,3874,3819,3177,3247,3436,3331,-33.5688,21.2639,8.75765,47.704
24808,3933,5703,8178,5543,3843,5059,6617,4917,3484,3789,4076,3740,3324,3390,3507,3258,-18.1923,6.50533,8.58237,48.2407
24809,3377,3708,4536,5661,3337,3845,5083,9559,3312,3701,4691,6521,3286,3419,3810,4023,-5.29324,32.0502,8.55543,47.9127
24810,3404,3394,3361,3083,3743,3769,3611,3370,4652,5224,4570,3741,6105,9762,6112,4044,28.9529,-6.81331,8.5521,47.9633
24811,3111,3205,3340,3240,3292,3647,3976,3759,3684,4280,5442,4771,3793,5593,9895,6869,28.0481,9.28062,8.7009,47.9313
24812,10700,7449,4167,3499,5879,4979,3902,3378,3927,3802,3484,3229,3413,3439,3301,3177,-32.3565,-19.5847,8.58067,47.8167
24813,8736,7215,4251,3506,6588,5906,3986,3498,4281,4120,3508,3347,3362,3593,3290,3133,-19.2692,-17.6192,8.76462,48.2133
24814,6614,9842,5681,3857,4807,5203,4413,3763,3815,3875,3573,3309,3401,3332,3325,3095,-32.5748,-8.53567,8.73326,47.9367
24815,6496,5203,3901,3354,8476,6424,3984,3455,5280,4594,3651,3310,3798,3727,3356,3230,-9.94266,-19.627,8.64616,48.1593
24816,12621,6071,3952,3411,6085,4710,3720,3480,3862,3751,3374,3224,3381,3350,3253,3156,-28.8433,-29.6283,8.62303,47.6007
24817,3226,3408,3588,3540,3431,3830,4492,4063,3880,5003,7644,5288,3828,4831,6729,5261,13.5242,8.31067,8.89488,48.028
24818,3007,3169,3363,3395,3300,3509,3759,3931,3469,4016,5188,6476,3409,4284,7562,10144,23.2162,19.2231,8.80525,47.9873
24819,3254,3371,3304,3170,3613,3852,3701,3502,4160,4927,4911,4094,4903,8653,7935,4644,29.3961,-1.02378,8.55124,47.996
24820,3213,3671,4393,6108,3423,3883,5169,9770,3337,3657,4601,6317,3162,3475,3842,4124,-6.05364,32.3922,8.73821,48.0967
24821,3445,3852,5912,12740,3346,3704,4610,5978,3286,3411,3745,3963,3127,3278,3307,3352,-32.8776,29.6675,8.9351,47.3707
24822,4000,3867,3426,3189,5605,5023,3806,3452,7804,6848,4099,3458,5460,4956,3791,3377,6.55838,-17.3851,8.5244,48.1073
24823,3143,3445,4006,4514,3365,3689,4984,7498,3427,3745,5301,8790,3313,3592,4261,5168,2.17218,24.695,8.92532,48.1607
24824,3638,3881,3556,3393,4489,5145,4166,3476,5820,8182,4826,3653,4846,5462,4244,3575,8.07533,-9.63702,8.78726,48.2347
24825,5229,9178,7207,4473,4286,5210,4806,4037,3647,3847,3678,3527,3178,3272,3262,3172,-28.1896,-2.90586,8.68641,48.006
24826,3871,5792,9946,6279,3703,4427,5301,4722,3436,3733,3724,3701,3195,3377,3355,3332,-33.1545,7.79592,8.97941,47.9293
24827,3324,3567,4360,5466,3365,3821,5094,9374,3324,3638,4563,7336,3300,3521,3855,4343,-3.41925,29.9907,8.87847,48.1673
24828,5518,9095,6736,4257,4496,5715,4817,3931,3577,3886,3659,3448,3342,3414,3218,3181,-23.4326,-4.74576,8.81481,48.1933
24829,3834,4729,7090,5808,3720,4886,7299,5792,3539,3932,4356,4195,3135,3375,3600,3431,-14.8304,10.0667,8.61141,48.4807
24830,3440,3921,5520,6228,3410,4106,6626,8173,3325,3681,4660,5085,3128,3457,3736,3718,-9.93199,17.8466,8.76797,48.1427
24831,3369,3386,3339,3162,4097,3748,3460,3173,6130,4709,3780,3423,12430,6092,3748,3369,32.7295,-26.9445,8.75606,47.61
24832,3644,4105,3936,3674,4047,5658,5770,4087,4056,6192,6323,4316,3918,4311,4274,3805,1.46583,0.172232,8.51812,48.0773
24833,3609,4176,5674,5074,3670,4714,8202,6098,3466,4102,4991,4384,3207,3421,3676,3694,-9.07068,10.3925,8.96024,48.1053
24834,3342,3892,5199,6554,3482,3992,6086,9111,3305,3659,4515,5267,3058,3507,3575,3741,-9.7154,20.8939,8.6474,48.19
24835,9907,5567,3915,3293,8405,4972,3750,3302,4524,4097,3544,3194,3574,3472,3360,3113,-17.1972,-27.9643,8.99224,47.9927
24836,3373,4076,6741,12001,3311,3888,4841,5917,3208,3589,3840,3919,3112,3180,3378,3437,-30.1326,23.2269,8.79242,47.874
24837,3314,3308,3263,3101,3552,3856,3710,3406,4589,5312,4665,3802,6037,9606,6495,4199,26.1642,-5.96718,8.85619,48.1433
24838,4807,5501,4208,3651,5719,8030,4856,3776,4515,5176,4143,3631,3677,3808,3577,3440,-7.63188,-9.36973,8.63024,48.3433
24839,4020,4744,5913,4697,3828,5452,8003,5082,3634,4024,4788,4018,3241,3573,3683,3504,-10.3187,5.70049,8.65893,48.136
24840,10411,8069,4373,3407,5626,5121,4038,3410,3844,3836,3492,3093,3482,3499,3252,3069,-28.4147,-18.1228,8.76568,48.0147
24841,3388,3781,5341,7171,3329,3927,5853,9250,3272,3594,4303,5064,3129,3315,3529,3909,-11.5487,22.5188,8.94699,48.1033
24842,3162,3360,3733,3781,3355,3763,4541,4734,3584,4156,7162,7571,3430,4103,5813,6188,10.9839,15.995,8.80383,48.2907
24843,3428,3447,3235,3139,4047,3870,3563,3198,6128,5255,3943,3522,9774,7740,4276,3417,23.8865,-18.5237,8.60476,47.988
24844,3333,3593,4322,4846,3341,3786,4991,8563,3199,3710,4773,8070,3155,3556,4252,4693,-0.746344,27.5948,8.6769,48.122
24845,3370,3885,4682,4652,3595,4361,7146,6345,3574,3917,5785,5604,3351,3705,4036,4123,-2.93001,13.5831,8.58635,48.0873
24846,3670,3776,3502,3312,4577,5042,4044,3496,5950,8119,4841,3623,4982,5458,4355,3635,7.87112,-10.1889,8.95017,48.2547
24847,3066,3269,3599,3656,3121,3673,4112,4939,3542,3805,5392,9744,3367,3848,5168,8041,12.1607,32.6974,8.99321,48.228
24848,6253,9055,5626,4020,4894,5964,4551,3838,3780,3846,3713,3379,3298,3387,3342,3152,-21.9645,-7.60623,8.80398,48.0653
24849,3599,4199,5801,5748,3544,4498,7819,6749,3322,3779,4795,4583,3136,3419,3679,3636,-10.5578,12.9616,8.85831,48.204
24850,3286,3399,4086,4399,3298,3657,4690,7266,3382,3708,5083,9312,3281,3500,4371,5288,3.28876,28.1652,8.96978,48.004
24851,9779,5477,3933,3426,8391,5151,3795,3349,4479,3974,3504,3218,3549,3459,3347,3099,-17.0975,-29.1765,8.68164,47.9533
24852,3304,3591,4582,5868,3382,3749,5212,9692,3260,3573,4703,6373,3231,3432,3899,4137,-5.83427,30.7207,8.75612,47.992
24853,11685,5947,3977,3493,6989,4850,3756,3311,4013,3814,3437,3176,3423,3317,3197,3131,-21.9671,-29.5698,8.70206,47.6773
24854,3506,3686,3656,3406,3860,4666,4698,3966,4236,6575,7077,4368,4102,5148,5211,4162,8.92297,0.591923,8.56944,48.2153
24855,3689,3673,3470,3116,4634,4306,3670,3373,7530,6644,4189,3511,6923,6158,4254,3478,13.0916,-16.996,8.92447,48.412
24856,6814,4975,3672,3357,9583,5553,3827,3377,5634,4378,3620,3232,3858,3739,3382,3206,-9.37337,-25.0448,8.68588,48.138
24857,7877,5162,3752,3274,9386,5249,3856,3360,5148,4295,3559,3223,3643,3612,3314,3203,-12.0808,-30.2771,8.65616,47.942
24858,3230,3406,3819,4039,3391,3688,4511,6253,3444,3699,5076,9789,3348,3680,4574,5830,5.86406,31.2641,8.8049,47.8513
24859,3583,4273,7162,9849,3463,4047,5238,6409,3262,3544,4088,3998,2974,3341,3531,3461,-21.6492,19.4647,8.73209,48.1487
24860,5007,4994,3974,3362,7095,7559,4295,3515,5280,5342,3970,3344,3876,3937,3524,3278,-5.6782,-14.3092,8.95025,48.2347
24861,3409,3960,5817,8981,3428,3913,5328,8141,3311,3515,4061,4665,3172,3350,3465,3547,-16.0357,22.9228,8.67229,48.042
24862,5538,7679,5197,3725,5147,7042,4957,3818,4019,4195,3829,3525,3434,3550,3329,3221,-16.6162,-7.86334,8.74036,48.1367
24863,3182,3334,3718,3970,3180,3625,4347,5733,3426,3868,5484,9858,3269,3806,4785,6562,8.67804,24.7517,8.85277,48.098
24864,3278,3693,4864,6695,3348,3869,5098,9917,3327,3598,4425,5669,3119,3320,3661,3946,-8.68365,32.6221,8.84474,47.8847
24865,3040,3329,3303,3373,3344,3472,3720,3842,3451,4176,5090,5717,3589,4492,8366,9785,26.2923,17.1978,8.59206,48.0593
24866,3441,3942,5743,6503,3498,4107,6827,8078,3362,3580,4556,4807,3289,3416,3727,3771,-11.0841,17.3763,8.94207,48.4313
24867,3190,3427,3905,4262,3367,3789,4571,6781,3267,3752,5011,9544,3336,3551,4457,5602,4.45987,31.7796,8.72973,47.8747
24868,3184,3285,3312,3305,3565,3672,3953,3688,3881,4813,5810,4613,4160,6329,8994,5685,22.345,5.44361,8.60217,48.166
24869,4895,8749,7663,4601,4308,4907,4914,4127,3538,3780,3651,3487,3280,3444,3522,3205,-31.9818,-1.49725,8.51092,48.0473
24870,3870,5141,6907,5137,3824,5342,7729,4995,3603,3903,4339,3932,3220,3442,3474,3492,-13.5713,6.20846,8.99579,48.2333
24871,8402,6364,4170,3418,7464,6009,4106,3425,4374,4155,3606,3270,3522,3500,3322,3039,-16.5024,-19.3342,8.84206,48.0973
24872,7549,5053,3708,3362,9590,5484,3808,3408,5206,4192,3533,3071,3732,3728,3306,3208,-11.2731,-27.0249,8.58256,47.9587
24873,3218,3680,4459,5656,3316,3737,5272,9439,3248,3633,4627,6603,3079,3412,3830,4241,-4.98197,26.1228,8.91559,47.6333
24874,3556,4013,5288,4961,3629,4517,7873,6453,3530,3970,5268,4980,3199,3522,3750,3685,-7.00867,12.2235,8.63966,48.1293
24875,3123,3255,3565,3503,3135,3602,4117,4749,3274,3789,5323,8506,3380,3779,5693,9268,15.9916,25.3928,8.93064,48.0407
24876,3546,4282,5748,5653,3587,4417,7596,6887,3397,3842,4742,4673,3237,3415,3678,3719,-10.3025,13.6575,8.82842,48.2793
24877,3350,3455,3214,3114,3960,3849,3485,3230,6070,4827,3901,3434,11405,6858,4129,3391,26.3672,-22.5864,8.6709,47.7813
24878,3067,3368,3481,3486,3273,3534,4154,4093,3674,4139,6162,6139,3600,4522,7810,7612,18.7342,14.205,8.50465,48.076
24879,3633,3875,4156,3953,3933,5109,6296,4482,3985,5490,6826,4551,3597,4108,4516,3911,1.2885,3.6875,8.82801,48.2807
24880,3398,3827,5995,12314,3435,3853,4821,6468,3187,3443,3726,3950,3145,3200,3430,3428,-24.6421,32.6778,8.97815,47.7467
24881,5013,8234,7231,4401,4274,5729,5255,4133,3561,3892,3810,3510,3420,3340,3380,3184,-21.0373,-1.97136,8.64448,48.2447
24882,5714,4519,3643,3310,9648,5191,3769,3336,6817,4588,3620,3285,4134,3891,3421,3298,-4.57493,-31.7764,8.86043,48.1227
24883,6547,9900,5799,3968,4897,5322,4344,3709,3736,3779,3600,3352,3317,3333,3251,3074,-28.0619,-8.24105,8.7807,47.952
24884,3385,4110,6755,11750,3459,3837,4870,6307,3302,3551,3908,3991,3151,3102,3375,3312,-26.6958,23.6476,8.58205,48.11
24885,3282,3742,4880,6590,3474,3833,5505,9676,3141,3582,4432,5861,3057,3386,3813,3939,-8.28751,24.908,8.88281,48.1287
24886,8662,6523,4031,3457,7591,5892,4079,3382,4371,4115,3623,3189,3560,3606,3300,3179,-17.1036,-19.8854,8.83012,48.3733
24887,3162,3301,3719,3983,3265,3725,4413,5901,3364,3762,5148,9744,3320,3743,4846,6510,8.28218,30.9869,8.73714,47.9373
24888,3517,3468,3285,3017,4089,3974,3640,3296,6322,6109,4088,3335,8313,7593,4607,3555,19.347,-16.1533,8.60285,48.1387
24889,3666,3801,3885,3680,3898,5275,5481,3978,4257,6540,6753,4320,3919,4366,4618,3953,3.60447,0.218304,8.81235,48.26
24890,3259,3642,4024,4121,3523,4093,6003,5303,3456,4434,7325,6293,3442,3832,4759,4700,3.49854,12.6669,8.69131,48.1393
24891,3603,4694,8914,8805,3473,4103,5355,5521,3304,3506,3769,3953,3183,3185,3397,3309,-25.5724,14.7739,8.70429,48.0493
24892,5619,9258,6980,4284,4503,5252,4695,3921,3653,3767,3654,3451,3318,3331,3247,3185,-28.0697,-4.25461,8.5236,48.0787
24893,8716,9210,4858,3644,5242,5289,4185,3502,3919,3777,3489,3277,3374,3380,3264,3096,-29.5701,-14.323,8.99774,48.148
24894,3896,5500,9107,6250,3786,4519,6068,4965,3409,3701,3917,3846,3172,3341,3377,3394,-21.7497,8.5605,8.86981,48.1653
24895,3658,4482,5805,4828,3691,5029,8222,5663,3530,4081,4940,4310,3285,3567,3791,3592,-9.34117,8.44531,8.64066,48.316
24896,3281,3466,3790,3953,3369,3743,5166,5753,3422,4104,6911,8027,3455,3734,4931,5454,5.73286,17.7148,8.98555,48.3727
24897,5138,4371,3588,3249,9003,5187,3759,3304,7535,4761,3724,3254,4509,4008,3525,3256,-2.24436,-31.3217,8.77981,48.114
24898,3147,3388,3747,3802,3381,3629,4642,4897,3504,4159,7098,7794,3419,4056,5523,5978,9.41991,16.5538,8.97724,48.1093
24899,5847,4849,3705,3309,8743,6200,4032,3403,5772,4764,3678,3331,4226,3902,3497,3161,-6.53071,-20.4119,8.73417,48.2793
24900,4374,4064,3490,3160,7174,4694,3605,3409,9101,5164,3829,3313,5340,4395,3606,3271,3.33776,-28.4456,8.63746,47.9927
24901,3270,3969,6394,12373,3309,3844,4845,6009,3115,3359,3801,3991,3092,3221,3285,3471,-28.2169,25.8498,8.82586,47.5653
24902,3290,3305,3382,3524,3325,3639,3838,3836,3570,4108,5133,5180,3586,5077,9666,7888,32.9919,12.1729,8.854,48.2313
24903,3867,3940,3536,3322,4813,5478,4176,3598,5888,7991,4732,3666,4747,5159,4117,3532,5.91441,-10.4949,8.66855,48.3747
24904,10221,7598,4269,3523,6206,5285,3929,3562,4035,3762,3500,3250,3396,3376,3229,3060,-24.1202,-18.9354,8.90489,48.134
24905,3161,3500,4062,4286,3465,3789,5284,6356,3431,4021,6357,7964,3350,3794,4562,5180,3.37994,19.259,8.54867,48.3747
24906,3367,3334,3257,3147,3828,3757,3423,3328,6021,4765,3694,3280,12776,6231,3885,3362,31.6276,-26.472,8.92348,47.6367
24907,5685,4476,3524,3306,9502,5050,3827,3351,6783,4710,3653,3375,4216,3956,3362,3218,-4.68544,-28.7708,8.55304,47.996
24908,3407,3860,5352,8090,3380,3841,5530,9058,3248,3591,4115,4945,3140,3416,3570,3688,-13.0522,24.3631,8.84592,48.154
24909,10017,8243,4367,3497,5571,5101,4053,3490,3836,3779,3410,3263,3412,3394,3246,3127,-26.2076,-17.703,8.65758,47.8707
24910,4647,8054,8548,4910,4242,4841,4927,4213,3484,3713,3744,3540,3219,3379,3425,3290,-31.0333,0.697009,8.69569,48.1173
24911,3143,3232,3427,3315,3219,3592,3834,3765,3566,3975,5101,5538,3489,4450,8395,9865,30.5505,17.3667,8.82685,47.9373
24912,3195,3653,4309,4731,3312,3838,5324,8006,3366,3823,5363,7804,3264,3534,4194,4730,0.0133197,22.322,8.98532,48.2973
24913,4967,4209,3582,3205,8634,5123,3752,3325,7870,4823,3721,3318,4698,4083,3485,3182,-1.38476,-28.4812,8.83539,47.9847
24914,3042,3190,3417,3419,3341,3481,3782,3856,3326,4021,4965,5981,3392,4196,7368,11065,27.1809,20.6514,8.52297,47.8947
24915,3138,3252,3520,3341,3408,3573,3928,3834,3619,4226,5272,5135,3713,5098,9635,7344,33.5688,11.2072,8.63847,48.024
24916,3382,3327,3265,3123,3929,3832,3479,3231,5880,4981,3902,3483,10730,7428,4341,3429,26.1731,-19.7187,8.64451,47.828
24917,3265,3655,4424,5629,3243,3768,5102,9651,3157,3651,4545,6930,3203,3479,3831,4252,-4.37843,31.0211,8.96098,47.8567
24918,3310,3939,5840,8372,3373,3945,5598,8626,3219,3655,4236,4623,3185,3249,3384,3679,-15.0042,22.801,8.90991,48.1553
24919,3253,3306,3306,3233,3514,3632,3788,3684,3951,4653,5098,4385,4287,6993,9176,5427,33.0382,3.68245,8.70697,47.7907
24920,3610,3803,4119,3863,3830,5089,6432,4545,3701,5256,7264,4759,3628,4083,4346,4047,1.40111,4.87183,8.79609,48.25
24921,11262,7302,4119,3356,5846,4984,3884,3409,4017,3871,3434,3287,3553,3384,3210,3205,-33.0775,-21.0399,8.8811,48.082
24922,3115,3254,3401,3450,3289,3461,3812,4133,3425,3863,5350,6561,3414,4254,7274,9808,21.2287,19.1762,8.87558,47.9093
24923,3294,3969,6004,12480,3269,3768,4745,6083,3202,3403,3795,3893,3191,3229,3373,3465,-30.405,29.8538,8.58518,47.442
24924,3271,3448,3182,3106,3888,3803,3570,3338,5391,5043,4029,3494,8965,9000,4741,3751,29.5814,-14.5942,8.56852,48.0133
24925,3515,3729,3669,3495,3991,4724,4754,3743,4398,6984,6979,4258,4037,4928,5051,4070,7.83489,-0.36531,8.83732,48.2167
24926,3544,4025,4862,4539,3626,4640,7751,5776,3520,4130,5808,4954,3434,3665,4009,4019,-4.32863,10.0113,8.64262,48.2013
24927,3165,3438,3306,3233,3438,3741,3688,3692,4061,4811,5126,4299,4269,7210,9126,5156,31.1095,3.14847,8.61446,47.8393
24928,12245,6512,3995,3430,6034,4778,3758,3366,3921,3822,3424,3189,3451,3307,3078,3036,-28.2508,-24.8792,8.78715,47.564
24929,5055,4209,3569,3275,8824,4964,3757,3307,7865,4845,3679,3284,4507,4272,3520,3257,-1.48981,-29.1361,8.68109,48.126
24930,3385,3799,4879,5935,3418,4007,6487,8709,3322,3578,4766,5521,3130,3476,3724,3850,-7.81882,20.0066,8.95732,47.9907
24931,3884,4280,4026,3848,4314,6326,5817,3974,4228,6221,5619,4034,3870,4286,3967,3734,-0.527814,-1.5755,8.6477,48.2853
24932,3636,4185,4546,4205,3867,5526,7306,4745,3740,4888,6140,4466,3507,3791,4032,3889,-2.72622,5.03316,8.68942,48.3127
24933,3853,4345,4007,3656,4349,6625,5264,3891,4490,6809,5526,3836,3845,4381,4040,3726,0.754122,-3.44437,8.98334,48.4287
24934,4038,3874,3419,3182,5819,4597,3776,3247,8991,6109,3970,3389,5763,4843,3827,3292,6.98867,-20.3228,8.85837,48.0907
24935,3230,3533,4180,4616,3284,3774,4948,7970,3348,3806,5315,8133,3247,3609,4356,4972,0.515636,24.4785,8.79715,48.214
24936,3095,3309,3537,3401,3369,3663,4248,4297,3612,4311,6714,6853,3599,4400,6853,6820,15.0875,14.675,8.87123,48.054
24937,9039,5857,3985,3365,8231,5594,3916,3401,4603,4061,3533,3288,3491,3446,3331,3091,-16.295,-22.6016,8.6764,48.1547
24938,3919,3815,3451,3119,5208,4478,3654,3329,8779,6351,4040,3419,6400,5227,3924,3363,9.58351,-19.8251,8.63156,48.3173
24939,11553,5883,4033,3274,7245,4872,3698,3307,4155,3874,3604,3213,3435,3410,3228,3035,-21.6215,-28.9981,8.98763,47.8793
24940,3918,5833,10284,6562,3671,4396,5242,4642,3445,3475,3766,3676,3179,3220,3365,3529,-32.5485,8.29398,8.93045,48.1353
24941,3257,3471,3880,4197,3323,3659,4542,6749,3380,3761,5184,9633,3298,3674,4470,5455,4.50498,32.557,8.7669,47.9553
24942,3934,4765,5303,4276,4137,6269,7549,4628,3701,4499,4943,3975,3371,3522,3661,3523,-8.28424,2.84314,8.69063,48.0373
24943,3254,3985,5819,11740,3383,3828,4781,7101,3276,3500,3880,4030,3150,3278,3358,3433,-21.97,29.5129,8.87777,47.864
24944,4197,4152,3682,3356,5956,6171,4128,3477,6472,7109,4185,3553,4454,4558,3728,3458,1.56183,-14.0071,8.95025,48.424
24945,3428,3346,3163,3038,3998,3852,3557,3280,6464,5051,3919,3445,11287,6960,4109,3399,24.5524,-21.8216,8.82021,48.1973
24946,3308,3587,4170,4271,3493,3993,6008,5979,3484,4246,6887,6433,3334,3724,4587,4682,2.01637,14.5341,8.81578,48.124
24947,5055,6283,4571,3644,5684,8138,4881,3685,4323,4759,4006,3446,3581,3654,3429,3346,-10.9467,-8.89985,8.8133,48.3233
24948,3173,3566,4051,4524,3424,3754,4822,7902,3360,3709,5027,8747,3319,3561,4156,4987,1.57699,31.5399,8.96752,48.0547
24949,3369,3818,5785,12587,3353,3820,4664,6033,3255,3397,3711,3876,3309,3248,3351,3442,-33.7705,31.5932,8.7856,47.3453
24950,3699,4092,4217,3679,4131,6031,5939,3955,4022,6204,6144,4047,3715,4211,4198,3782,0.400282,-0.402554,8.98751,48.044
24951,10752,5783,3901,3419,7653,4972,3714,3395,4296,3923,3491,3167,3368,3447,3127,3188,-19.6699,-30.0438,8.80332,47.7307
24952,3167,3182,3405,3425,3245,3520,3747,3939,3387,3685,4779,6192,3379,3926,6274,12477,28.0449,28.0076,8.50479,47.8193
24953,3329,3455,3739,3917,3480,3872,5102,5113,3498,4342,7429,7156,3497,3902,5237,5264,7.35657,14.5803,8.59396,48.2213
24954,3967,4242,3784,3319,4718,6436,4840,3715,5132,7348,4812,3851,4148,4510,4011,3501,1.68659,-7.35455,8.71699,48.2227
24955,3606,3914,4153,3803,3855,5119,6131,4413,3911,5593,7241,4552,3639,4019,4616,4003,2.41139,3.81116,8.74441,48.3787
24956,3700,4316,5673,4949,3746,4898,8057,5750,3501,3961,4929,4441,3220,3541,3794,3698,-9.02425,9.188,8.69038,48.116
24957,4065,4463,3912,3557,5051,7050,4863,3732,4842,6744,4754,3700,4025,4223,3949,3388,-0.585635,-7.09982,8.80554,48.212
24958,4093,4139,3743,3297,5034,6207,4213,3471,5619,7444,4644,3742,4523,4622,3810,3402,2.44152,-10.348,8.73377,48.002
24959,4754,7658,7584,4782,4267,5502,5346,4266,3672,3908,3929,3601,3282,3342,3415,3185,-21.408,0.0926075,8.57638,48.3287
24960,3831,3843,3561,3300,4659,5436,4162,3523,5923,8158,4899,3768,4765,5171,4201,3489,6.63447,-9.61452,8.51712,48.4593
24961,3417,3617,3676,3417,3640,4327,4382,3901,4239,6440,7290,4521,4121,5303,5890,4444,11.5679,1.6704,8.82935,48.4167
24962,4117,4677,4231,3699,4799,7292,5372,3884,4410,6009,4857,3727,3865,4018,3886,3431,-2.98094,-5.00546,8.61574,48.1827
24963,3978,4396,4069,3621,4547,6796,5484,3986,4425,6367,5262,3825,3754,4211,4020,3619,-0.964258,-3.69818,8.63912,48.24
24964,3568,3395,3234,3132,4468,3964,3584,3235,8318,5089,3849,3317,9742,5726,3854,3331,17.0628,-26.9676,8.6251,47.8707
24965,3191,3357,3572,3296,3396,3745,4139,4064,3666,4554,7106,5942,3628,4895,7726,6347,16.1293,11.282,8.99779,48.416
24966,3118,3101,3339,3519,3240,3422,3760,3919,3404,3743,4708,6164,3358,3892,6099,12608,32.2898,29.5208,8.73671,47.596
24967,3452,4154,5808,5600,3568,4423,7592,6994,3349,3850,4857,4681,3226,3478,3737,3737,-9.74167,13.8909,8.6093,48.3373
24968,3170,3264,3464,3507,3276,3585,4105,4345,3431,4221,6395,6383,3503,4496,7303,7609,17.1996,15.1753,8.86644,48.038
24969,4329,7042,9167,5333,3979,4758,5324,4368,3409,3761,3875,3628,3147,3330,3405,3344,-24.3138,3.58978,8.54008,48.1327
24970,3157,3292,3404,3546,3103,3437,3900,4372,3398,3821,4893,7611,3470,3921,5800,11088,19.9555,31.0567,8.84693,48.142
24971,4548,7822,8596,4904,4146,4941,5027,4242,3582,3715,3801,3539,3236,3402,3353,3243,-32.7613,1.22798,8.91198,48.0647
24972,4952,4366,3661,3308,7991,5607,3894,3440,7145,5358,3816,3346,4560,4134,3632,3290,-1.57544,-21.2395,8.68565,48.3333
24973,3411,4083,6081,12773,3295,3837,4688,5819,3313,3470,3722,3859,3165,3264,3393,3346,-28.8066,33.8471,8.81467,47.6793
24974,3306,3952,6271,11823,3409,3774,4948,6738,3180,3477,3877,4015,3144,3311,3349,3462,-23.2241,25.6727,8.71577,48.024
24975,3161,3149,3363,3392,3208,3449,3875,4031,3492,3768,4869,6870,3387,4049,5948,11844,23.604,30.8442,8.60143,47.9033
24976,3182,3494,3931,4330,3382,3703,4789,7013,3421,3681,5099,9600,3354,3642,4334,5455,3.86549,30.7575,8.90564,48.2733
24977,3147,3337,3311,3188,3584,3793,3623,3468,4474,5123,4637,3971,5656,9587,6944,4265,30.0165,-4.52537,8.81356,48.072
24978,3237,3597,4446,5321,3373,3827,5454,8705,3318,3760,4894,6931,3143,3597,4050,4465,-3.26816,23.1659,8.76444,48.0787
24979,12646,6104,3888,3435,6128,4772,3701,3308,3965,3723,3413,3116,3355,3415,3216,3164,-28.8927,-28.9897,8.5518,47.566
24980,4532,7093,8794,5157,4111,4846,5287,4389,3583,3822,3702,3644,3368,3349,3342,3294,-25.044,2.77037,8.69489,48.2087
24981,3036,3289,3627,3713,3273,3556,4138,5100,3357,4047,5435,9550,3298,3637,5245,7819,11.9563,25.3353,8.91784,48.08
24982,3338,3836,5137,6014,3459,3958,6595,8510,3356,3689,4707,5447,3131,3408,3755,3891,-8.59238,18.9063,8.88305,48.154
24983,5825,5036,3882,3370,8454,6742,4110,3492,5487,4924,3761,3317,3926,3898,3341,3187,-7.73377,-18.4977,8.86865,48.5013
24984,3324,3401,3452,3314,3756,4291,4046,3627,4410,6650,6200,4185,4671,6497,6171,4168,14.9879,-1.24443,8.97477,48.1087
24985,3427,3831,4227,3985,3678,4598,6546,4905,3780,4857,7229,4955,3485,3850,4571,4160,1.34757,7.86466,8.82777,48.056
24986,3384,3863,5822,12233,3297,3732,4624,6159,3308,3372,3768,3848,3255,3294,3405,3454,-33.0599,33.0894,8.50221,47.212
24987,3371,3696,4820,6564,3443,3845,5191,9609,3273,3644,4405,5650,3147,3443,3674,3736,-8.59859,33.2809,8.5959,47.674
24988,4629,5640,4358,3757,5319,8054,5417,3841,4360,5050,4162,3541,3501,3724,3525,3365,-8.67202,-6.87962,8.77787,48.162
24989,3304,3851,4826,6612,3285,3794,5722,9719,3307,3642,4477,5788,3173,3205,3697,3894,-8.49683,24.7946,8.7393,48.1973
24990,3871,4232,4008,3566,4541,6450,5340,3858,4462,6760,5517,4027,3873,4292,4123,3681,0.766333,-3.76939,8.89526,48.4007
24991,3332,3689,4278,4464,3476,3982,5978,6544,3457,4145,6201,6688,3290,3676,4407,4599,0.797548,16.5098,8.51518,48.1373
24992,3284,3333,3333,3227,3424,3731,3706,3585,4109,4873,4919,4253,4596,7764,8743,5003,32.6353,1.30805,8.83267,47.922
24993,3902,5412,8278,5683,3916,4867,6808,5084,3481,3719,4009,3728,3186,3319,3499,3303,-17.7443,7.26154,8.61262,48.1293
24994,9276,8614,4697,3568,5433,5125,3928,3426,3828,3828,3558,3320,3433,3429,3171,3167,-29.585,-15.53,8.83676,47.8673
24995,3286,3510,4109,4669,3327,3605,4821,7889,3265,3849,5020,8495,3294,3558,4233,4978,1.42461,28.7672,8.50545,47.9387
24996,3770,3607,3290,3099,5313,4331,3597,3277,9819,5187,3939,3357,7325,5032,3739,3228,10.6764,-32.0591,8.85453,47.94
24997,6984,8214,4781,3780,5585,6424,4515,3573,3984,4136,3655,3368,3356,3520,3290,3143,-19.0829,-12.0079,8.70742,48.2053
24998,3328,3651,4388,5183,3362,3839,5571,8913,3315,3804,5005,6984,3125,3485,3862,4410,-3.10296,24.1586,8.7377,48.15
24999,3568,3932,4263,3891,3864,4977,6639,4593,3887,5165,7010,4719,3588,3966,4369,4091,0.762582,5.55681,8.99846,48.348
25000,3387,3600,4197,4703,3404,3684,5474,7602,3267,3863,5461,7773,3325,3600,4293,4733,0.222667,21.6723,8.94335,48.244
25001,3519,4240,6782,7451,3449,4142,6460,7191,3350,3584,4264,4365,3065,3427,3640,3419,-15.5939,16.8375,8.85827,48.232
25002,5291,4626,3743,3219,8354,6246,4049,3482,6205,5148,3770,3325,4252,3934,3546,3164,-4.41295,-19.252,8.68867,48.236
25003,3191,3503,4108,4532,3410,3657,4865,7924,3398,3729,4951,8588,3249,3579,4307,4953,1.03266,33.2561,8.59088,47.9627
25004,3394,3858,4878,6712,3371,3911,5371,9835,3294,3594,4402,5539,3203,3327,3629,3785,-9.71691,33.5325,8.88797,48.0687
25005,3277,3755,4351,4603,3500,4218,6708,6399,3375,4145,6179,5888,3329,3829,4214,4336,-1.48226,14.0659,8.52575,48.0707
25006,3303,3446,3511,3538,3492,4109,4502,3943,3914,5399,7687,4989,3964,5208,6600,4867,12.8748,5.06363,8.82418,48.3147
25007,3926,5678,9324,6271,3699,4552,5898,4926,3498,3679,3885,3775,3129,3293,3375,3302,-22.2326,8.3881,8.97715,48.14
25008,3378,3521,4096,4366,3454,4047,5630,6537,3456,3993,6303,7400,3367,3719,4421,4807,2.1522,17.513,8.68824,48.33
25009,3712,5414,9884,7160,3608,4420,5352,4923,3267,3550,3807,3677,3146,3298,3408,3374,-31.0644,10.3556,8.88065,48
25010,5584,9485,7038,4280,4415,5304,4705,3938,3589,3849,3654,3440,3287,3261,3242,3236,-28.2949,-4.21599,8.8723,48.2047
25011,3456,3496,3249,3072,4233,4009,3564,3370,6355,6210,4164,3658,7763,7587,4497,3635,18.2097,-15.4388,8.76168,48.212
25012,3448,3402,3165,3152,3978,3722,3433,3230,6137,4684,3807,3436,12547,6246,3959,3349,32.7158,-25.8698,8.75027,47.7967
25013,3070,3231,3420,3288,3280,3441,3816,4049,3512,3803,4927,6759,3420,3993,6327,11759,23.6606,26.1643,8.75638,48.0633
25014,3179,3271,3507,3373,3280,3592,3849,3703,3538,4321,5389,5243,3694,4989,9429,7838,25.1131,12.239,8.78229,48.13
25015,3309,3420,3195,3126,4004,3751,3350,3153,5939,4829,3917,3328,11347,7433,4165,3499,26.7283,-20.6834,8.90403,47.8433
25016,5734,6354,4468,3631,5987,7774,4773,3656,4309,4463,3814,3355,3606,3713,3398,3121,-12.2895,-10.8268,8.6023,48.104
25017,8741,7355,4379,3435,6504,5789,4097,3446,4256,3813,3567,3307,3665,3452,3275,3200,-19.6772,-17.0936,8.8657,48.1873
25018,3309,3912,6422,12502,3416,3775,4788,6142,3349,3428,3799,3996,3105,3201,3371,3306,-28.6532,26.4068,8.80242,47.8807
25019,3764,4121,4358,3812,4096,5717,6630,4291,3868,5378,6281,4361,3526,3971,4223,3784,-0.950536,2.7779,8.56481,48.1207
25020,4176,4629,4028,3608,5417,7539,4804,3739,4842,6411,4601,3614,3983,4134,3793,3348,-2.38554,-8.16321,8.9695,48.444
25021,3199,3515,3887,4161,3380,3657,4542,6689,3381,3652,5153,9347,3304,3708,4606,5656,4.95646,31.968,8.50364,47.8913
25022,5318,9306,7196,4257,4333,5155,4765,3881,3683,3795,3657,3511,3332,3353,3218,3196,-31.8061,-3.64169,8.75367,47.9707
25023,4342,4644,3959,3624,5293,7676,4867,3740,4707,6183,4471,3663,3919,4029,3829,3411,-2.7791,-8.29826,8.73059,48.238
25024,11244,7428,4125,3416,5812,4915,3947,3356,3966,3765,3403,3156,3438,3387,3250,3043,-31.0947,-20.6999,8.99138,47.7673
25025,3403,3407,3261,3150,4262,3953,3528,3261,7220,5337,4035,3402,10106,6407,4001,3313,19.588,-22.2474,8.54167,48.0307
25026,3633,3904,3655,3418,4220,5302,4494,3683,5044,8005,5688,3982,4507,5069,4384,3709,6.28958,-5.29877,8.94414,48.4647
25027,3380,3408,3165,3126,4075,3874,3570,3266,6961,5196,3891,3298,10746,6614,4044,3368,20.9945,-21.9717,8.93943,47.988
25028,3458,3776,4098,3926,3724,4734,6345,4734,3741,5250,7358,4987,3646,4036,4545,4231,2.0878,6.70959,8.8751,48.3927
25029,4498,5960,5711,4059,4457,7158,6483,4122,3903,4286,4208,3733,3375,3565,3549,3432,-12.5447,-1.17743,8.71569,48.3327
25030,3420,3956,5197,5087,3562,4394,7558,6821,3432,3851,5231,5168,3182,3551,3801,3764,-6.37152,13.9888,8.9034,47.9833
25031,3245,3778,5605,9961,3510,3806,5022,8350,3333,3479,4008,4297,3101,3281,3538,3476,-17.2535,29.8798,8.72328,47.86
25032,3449,3963,4843,4397,3614,4813,7804,5761,3506,4235,5801,4805,3421,3649,4088,3896,-4.08482,10.2568,8.82165,48.03
25033,3334,3431,3390,3164,3672,4154,3838,3529,4610,6338,5425,4048,5074,7805,6264,4313,18.5549,-3.47627,8.52542,48.2593
25034,4611,4816,4052,3355,6466,7477,4443,3618,5234,5657,4174,3484,4076,3959,3539,3323,-4.40302,-12.0959,8.56742,48.1893
25035,7970,5110,3737,3378,9724,5237,3812,3302,5034,4229,3486,3191,3710,3454,3261,3168,-12.3573,-29.0974,8.94202,47.8687
25036,7297,7394,4617,3634,6268,6472,4246,3523,4100,4142,3632,3338,3522,3487,3307,3114,-17.453,-14.2881,8.82284,48.062
25037,4633,8003,8324,4902,4159,4904,5042,4198,3356,3770,3760,3596,3242,3334,3270,3291,-31.5123,0.626002,8.73545,47.856
25038,3200,3437,3937,4245,3314,3646,4741,6895,3292,3778,5192,9399,3328,3586,4574,5690,4.51471,31.8116,8.72995,48.1693
25039,3328,3747,5025,7431,3358,3800,5350,9694,3234,3644,4303,5402,3121,3473,3570,3702,-10.8631,28.2026,8.82961,48.1213
25040,3404,3584,3580,3322,3751,4329,4212,3684,4570,7021,6336,4234,4511,5940,5503,4102,12.3082,-1.87886,8.54424,48.0553
25041,10797,5786,3855,3465,7639,5117,3893,3343,4191,3915,3412,3161,3350,3523,3196,3106,-19.7099,-31.2306,8.6277,47.8327
25042,3151,3270,3283,3335,3286,3364,3908,3907,3432,3887,5031,5691,3377,4342,7983,10525,31.5143,18.6282,8.94726,47.848
25043,4658,4788,3946,3540,6099,7571,4490,3588,5086,5879,4220,3509,3893,4130,3616,3285,-3.69207,-11.7639,8.50312,48.1987
25044,3498,3987,3869,3596,3919,5140,5607,4148,4190,6178,6909,4489,3902,4480,4577,4007,4.09429,1.42252,8.81933,48.3307
25045,3224,3422,3657,3531,3398,3676,4479,4460,3610,4413,7120,6753,3565,4307,6571,6383,13.5713,13.9364,8.93667,48.3793
25046,3256,3367,3276,3086,4006,3830,3613,3287,5411,5384,4267,3502,8694,8985,4735,3624,26.3155,-14.5942,8.6347,48.2153
25047,3765,4820,6718,5646,3746,4770,7613,5704,3462,3863,4466,4149,3211,3390,3544,3482,-13.3751,9.47957,8.80306,48.2327
25048,4481,4006,3294,3239,7412,4681,3701,3324,9189,5130,3755,3344,5272,4270,3649,3226,3.04507,-28.9255,8.91412,47.982
25049,8571,7424,4331,3563,6545,5870,4033,3549,4065,3977,3590,3320,3512,3440,3256,3006,-19.2216,-16.8033,8.98955,48.0347
25050,3148,3273,3335,3358,3160,3542,3840,3833,3454,3872,5104,5624,3483,4495,8501,9686,28.4126,16.6413,8.96922,47.8053
25051,5543,9301,6693,4273,4538,5551,4761,3917,3682,3787,3789,3497,3272,3430,3379,3180,-23.8114,-4.59399,8.64026,48.3953
25052,3945,3835,3571,3335,5126,5299,3872,3404,6987,7378,4389,3571,5138,5173,3989,3484,6.42666,-14.4297,8.7236,48.3307
25053,3294,3784,4583,5675,3335,3822,5582,9109,3239,3818,4730,6359,3194,3531,3804,4122,-5.2417,23.9998,8.5458,47.9873
25054,3226,3623,4116,4306,3448,3961,5708,6748,3430,3941,6243,7420,3277,3663,4449,4789,1.62642,17.9144,8.96033,48.232
25055,4879,4714,3860,3389,6937,6951,4249,3525,5677,5705,3867,3386,4155,4081,3651,3322,-3.56318,-14.647,8.59429,48.232
25056,3414,3942,6266,10895,3510,3729,5048,7241,3280,3558,3872,4152,3141,3129,3365,3357,-20.8678,24.5924,8.52616,47.9327
25057,12150,5958,4039,3336,6613,4886,3818,3556,3974,3803,3430,3320,3350,3440,3265,3183,-23.6855,-32.8695,8.78305,48.0807
25058,3236,3499,3758,3725,3438,3845,4967,4740,3585,4549,8047,6482,3532,4272,5395,5293,8.50554,12.5433,8.94439,48.242
25059,5393,4441,3709,3337,8420,5915,3868,3392,6633,5066,3731,3389,4234,3907,3469,3142,-4.09106,-20.9561,8.8987,48.0307
25060,3189,3315,3534,3479,3439,3813,4301,4023,3680,4697,7302,5688,3707,4738,7314,5878,15.0616,10.3685,8.5417,48.0647
25061,3344,3806,4644,6421,3322,3769,5253,9943,3228,3473,4271,6148,3200,3368,3687,4004,-7.77848,27.2829,8.6956,47.9207
25062,3920,5281,8239,6137,3674,4562,6734,5164,3381,3729,4070,3823,3177,3295,3406,3380,-18.7252,9.18605,8.74235,47.9813
25063,3304,3615,4492,5170,3238,3693,5287,9013,3312,3680,4806,7294,3204,3430,3878,4396,-2.86875,26.9772,8.60194,47.8747
25064,3535,3492,3182,3099,4504,3935,3436,3332,8462,5174,3701,3377,9881,5595,3841,3347,16.6904,-31.2599,8.67001,47.9287
25065,3305,3860,5571,8910,3336,3744,5302,8841,3162,3608,4131,4640,3073,3400,3546,3490,-15.0931,24.94,8.89928,47.946
25066,7333,9587,5149,3786,4979,5260,4232,3632,3765,3863,3583,3399,3305,3353,3217,3205,-31.2743,-10.9396,8.53884,47.7653
25067,3196,3254,3564,3642,3254,3568,4059,4667,3400,3872,5207,9256,3400,3815,5245,8634,14.114,29.9804,8.76254,48.022
25068,6265,7466,4593,3620,5984,6942,4382,3667,4186,4237,3767,3416,3462,3481,3342,3237,-15.8194,-11.8055,8.68959,48.0313
25069,4107,6787,9853,5715,3826,4672,5182,4555,3420,3588,3888,3564,3105,3231,3409,3400,-32.0207,5.25167,8.86738,48.2013
25070,4618,4464,3720,3286,7052,6361,4046,3481,6309,5848,3991,3436,4301,4225,3606,3211,-1.55203,-16.3858,8.81031,47.97
25071,10021,5970,3984,3357,8066,5169,3882,3416,4378,3962,3583,3242,3350,3556,3225,3039,-18.0289,-25.4342,8.85559,48.1333
25072,3336,3805,4871,5119,3563,4032,7056,7637,3464,3817,5361,5506,3122,3461,3978,3974,-5.19105,16.2477,8.98246,48.068
25073,3256,3519,3833,4336,3368,3723,4653,7023,3374,3806,5189,9366,3397,3703,4469,5495,4.126,29.5749,8.59488,48.34
25074,3149,3416,3577,3432,3444,3855,4335,4045,3683,4819,7311,5497,3797,4903,7386,5784,15.3716,9.03723,8.50791,48.2887
25075,12662,6265,3920,3303,6029,4740,3847,3262,3974,3787,3354,3176,3350,3437,3305,3129,-33.6594,-27.4329,8.91453,47.6933
25076,3693,3896,3718,3462,4262,5303,4642,3760,4701,7501,5990,4110,4240,4958,4434,3762,5.88579,-3.82437,8.68248,48.288
25077,6264,9528,5815,3974,4876,5771,4547,3814,3689,3876,3626,3415,3314,3395,3314,3071,-22.8205,-7.5381,8.96556,48.1927
25078,3305,3816,4608,6217,3451,3857,5638,9473,3312,3688,4416,5964,3153,3390,3785,4110,-7.24629,24.6918,8.61016,48.122
25079,3262,3382,3388,3253,3582,3818,3765,3609,4369,5185,4890,4101,5002,8526,7867,4733,25.6692,-0.901202,8.54548,48.488
25080,3313,4039,7099,11178,3388,3939,5017,6030,3277,3597,3881,4019,3196,3249,3370,3379,-33.8455,21.3341,8.66138,47.9807
25081,3366,3483,3367,3149,3722,3846,3528,3336,4766,5201,4410,3721,6729,9907,5613,3955,30.4281,-8.90613,8.58556,48.066
25082,3651,3957,4478,4045,3827,5287,7161,4830,3825,4910,6355,4590,3467,3921,4128,3955,-1.45177,5.52339,8.90775,48.258
25083,3116,3291,3320,3334,3209,3350,3927,3888,3264,3895,5021,6073,3477,4228,7279,11296,25.65,21.4415,8.99858,47.9787
25084,3927,4522,4228,3744,4594,7011,5717,3995,4341,5937,5145,3887,3707,4163,3749,3482,-2.42016,-3.32484,8.83827,48.0993
25085,3798,4439,4402,3919,4159,6013,6898,4390,3841,5293,5791,4174,3700,3758,3989,3622,-2.82004,1.71536,8.8081,48.124
25086,12717,6006,3911,3448,5999,4712,3618,3424,3775,3672,3452,3130,3397,3365,3246,3172,-29.8227,-29.2751,8.78437,47.3627
25087,3409,3315,3189,3078,4107,3742,3452,3157,6767,4879,3779,3434,11945,6148,3984,3433,24.1393,-27.7862,8.52716,47.8787
25088,3199,3233,3326,3290,3237,3468,3791,3942,3242,3720,4786,6394,3474,3864,6136,12240,26.215,28.2393,8.53965,47.5613
25089,3704,3606,3357,3095,5045,4281,3564,3300,9314,5683,3830,3393,7614,5228,3863,3371,11.7337,-23.8826,8.9967,48.1653
25090,3381,3906,5973,12524,3420,3762,4641,5922,3271,3461,3816,3903,3194,3260,3527,3396,-31.7362,32.7636,8.79096,47.5713
25091,3370,3685,4413,5101,3466,3893,6007,8078,3349,3819,5290,6493,3185,3466,3963,4370,-2.87019,19.858,8.75266,47.9653
25092,3491,3380,3226,3225,4272,3969,3491,3186,7821,4965,3781,3393,10392,5692,3881,3392,18.2701,-31.0719,8.74326,47.7047
25093,3863,5027,7966,6074,3638,4630,6800,5418,3463,3728,4111,4097,3158,3314,3516,3447,-17.6014,10.3122,8.67476,48.1667
25094,5376,4551,3738,3296,8430,6188,3948,3438,6192,5048,3883,3350,4205,4071,3465,3270,-4.47505,-20.1124,8.55547,48.2993
25095,3415,3947,6005,7824,3581,4090,6073,8016,3186,3627,4176,4566,3190,3317,3473,3628,-14.5268,19.8078,8.73527,48.076
25096,3314,3868,5475,8313,3336,3941,5283,9129,3301,3532,4136,4789,3067,3219,3588,3763,-13.9932,25.7156,8.58116,48.036
25097,3352,3371,3223,3145,3943,3903,3506,3226,6054,4983,3731,3397,11997,6590,3955,3361,33.1731,-23.8585,8.71834,47.8247
25098,4603,7694,8419,4993,4147,5100,5373,4222,3540,3838,3768,3487,3183,3229,3391,3214,-23.4397,1.19784,8.88262,48.134
25099,3127,3265,3427,3421,3176,3475,4034,4171,3333,3721,4999,7824,3385,3879,5786,10594,19.0503,33.7559,8.75445,47.7447
25100,3366,3803,5006,6484,3428,3888,5574,9554,3183,3660,4340,5764,3099,3325,3745,3883,-8.86833,24.4969,8.65088,48.068
25101,3492,4180,6493,7153,3475,4246,6443,7255,3336,3600,4214,4565,3054,3445,3635,3566,-14.9365,16.8679,8.55826,48.1013
25102,3302,3514,3393,3346,3715,4087,4000,3626,4286,6048,6315,4366,4397,6593,6805,4552,16.5078,0.551335,8.83456,48.23
25103,3418,3558,3374,3210,4020,4378,3887,3399,5787,7515,4793,3717,5847,7114,4763,3667,14.279,-9.65358,8.7117,48.298
25104,5336,4535,3665,3358,8327,5760,4016,3467,6505,5067,3773,3404,4344,4032,3476,3176,-3.63266,-20.8926,8.55341,48.1607
25105,3151,3179,3576,3459,3224,3502,4024,4470,3416,3860,5257,8560,3348,4006,5459,9198,15.9667,32.8665,8.7373,47.7927
25106,5536,9139,6801,4132,4464,5504,4828,3959,3635,3770,3670,3482,3260,3455,3244,3121,-23.9359,-4.51306,8.82421,48
25107,3397,3472,3240,3138,3926,4092,3684,3337,5627,6659,4504,3688,6545,8337,5091,3751,18.3641,-10.961,8.6631,48.3253
25108,3254,3324,3437,3333,3445,3722,3912,3702,3817,4664,6022,4899,3925,5881,9013,5918,21.1746,6.98602,8.58355,48.1787
25109,3362,3515,3307,3151,3579,3880,3714,3464,4667,5882,4594,3883,5853,9163,5966,4126,23.1136,-6.30709,8.62585,48.0707
25110,3315,4020,6545,12075,3434,3757,4758,6083,3144,3507,3786,4022,3130,3380,3309,3444,-29.0882,24.6535,8.72904,47.806
25111,3608,4175,4677,4329,3894,5501,7832,5026,3660,4549,5740,4596,3391,3786,4073,3821,-4.3995,5.85716,8.79652,48.4387
25112,3389,3894,5362,9097,3470,3808,5163,8927,3268,3534,4057,4711,3211,3319,3530,3492,-14.8913,29.6094,8.58221,48.1547
25113,3408,3506,3285,3062,4383,3963,3584,3197,7828,5504,3976,3415,9497,6060,4055,3369,17.3801,-22.5581,8.86685,48.0613
25114,3334,3380,3535,3442,3526,4158,4353,3834,4024,5883,7268,4632,3969,5674,6666,4636,13.6243,3.10364,8.96178,48.2093
25115,3185,3461,3982,4359,3254,3637,4693,7116,3379,3867,5179,9266,3308,3642,4441,5500,3.90893,27.2829,8.57764,48.1793
25116,3757,4049,3903,3564,4116,5860,5218,4037,4456,6741,5826,4025,3955,4376,4205,3707,1.99446,-2.25615,8.52726,47.8633
25117,3158,3195,3312,3293,3402,3667,3764,3854,3731,4426,5308,4906,3809,5402,9940,7107,29.3017,9.77519,8.87658,48.1827
25118,12610,6015,3943,3533,6126,4709,3822,3423,3944,3821,3472,3146,3294,3399,3153,3276,-28.2876,-30.8951,8.7068,47.7907
25119,8079,5235,3742,3263,9446,5431,3749,3360,5015,4116,3504,3321,3693,3635,3287,3213,-12.8331,-25.9027,8.73514,48.0593
25120,3950,3719,3461,3124,6148,4551,3708,3305,9892,5372,3853,3348,6096,4511,3702,3247,6.51708,-27.7955,8.86468,47.9913
25121,3564,4539,8386,8524,3604,4041,5550,5768,3316,3558,3881,3940,3075,3433,3394,3571,-23.0089,15.2664,8.81318,48.096
25122,3026,3228,3480,3577,3224,3580,4099,4808,3418,3853,5638,8909,3446,3902,5596,8566,14.7773,24.5446,8.82586,48.2333
25123,9610,5636,3897,3380,8402,5216,3835,3292,4359,4118,3449,3255,3444,3505,3278,3186,-16.5649,-33.8704,8.79294,47.908
25124,3649,3539,3306,3119,4533,4057,3626,3223,8851,5108,3725,3466,9252,5473,3854,3361,15.6155,-28.2068,8.55671,48.0947
25125,3992,3867,3333,3271,5721,4786,3679,3305,8869,6139,3898,3396,5824,4623,3849,3176,6.6996,-21.0478,8.67515,47.8187
25126,3827,4999,9554,7362,3602,4309,5688,5304,3314,3564,4038,3806,3111,3152,3451,3349,-23.881,11.3586,8.74091,48.2867
25127,3695,3585,3319,3068,4999,4115,3621,3195,9792,5198,3770,3375,7930,5061,3707,3348,11.9044,-29.6695,8.91082,47.852
25128,3271,3592,4617,5985,3445,3843,5511,9742,3177,3539,4689,6374,3241,3501,3800,4091,-5.9259,24.7471,8.85242,48.2787
25129,3160,3151,3301,3268,3277,3424,3645,3829,3334,3810,4719,5909,3462,3890,6098,12844,28.9111,32.5464,8.983,47.414
25130,3481,3971,5854,11482,3341,3742,4939,7235,3242,3405,4025,4120,3149,3197,3352,3362,-21.2729,31.3452,8.65873,47.9313
25131,3433,3939,5976,12349,3319,3881,4720,6221,3337,3408,3811,3953,3163,3286,3269,3386,-27.2683,32.0238,8.61499,47.634
25132,3480,3586,3464,3281,3878,4458,4088,3677,4778,7477,5818,3973,4595,6318,5204,3992,12.5487,-3.80949,8.86958,48.0447
25133,3214,3425,3208,3042,3759,3760,3721,3360,4696,5180,4276,3669,6644,10120,5755,3854,29.6471,-8.82193,8.96901,47.7887
25134,4968,4566,3700,3324,7684,6538,4152,3419,6172,5428,3868,3526,4276,3998,3565,3284,-3.43348,-17.7348,8.80471,48.312
25135,3166,3256,3600,3772,3286,3694,4429,5186,3340,3988,5956,8998,3414,3804,5321,6875,10.5431,21.2804,8.82278,48.0567
25136,3228,3362,3657,3764,3234,3641,4366,4989,3412,4030,6227,8797,3393,3899,5432,6853,11.26,20.5383,8.69931,48.1893
25137,3287,3368,3286,3132,3840,3823,3553,3261,5412,5151,4226,3556,8660,9173,4837,3471,31.9724,-14.4021,8.74481,48.024
25138,3465,3756,3999,3638,3713,4646,6000,4474,3795,5345,7768,5101,3568,4136,4808,4251,4.04343,6.20468,8.98487,48.3087
25139,3463,3427,3377,3053,3896,3854,3433,3264,5965,4672,3656,3490,12806,6058,3819,3482,30.9026,-27.4896,8.94381,47.81
25140,8000,8159,4680,3782,5902,5912,4205,3522,4025,4031,3586,3292,3371,3448,3256,3114,-20.4761,-14.3569,8.73456,48.19
25141,3071,3312,3538,3557,3323,3761,4021,4392,3478,4135,6323,6974,3534,4308,6807,7677,16.4738,16.9336,8.79924,48.1407
25142,3496,3601,3338,3190,4263,4404,3724,3469,6003,7354,4602,3665,5872,7031,4608,3565,14.2893,-11.0198,8.78086,48.1233
25143,3205,3265,3557,3726,3426,3690,4317,5188,3397,3892,5965,9223,3243,3853,5192,7242,10.8851,22.1799,8.78395,48.254
25144,3504,3665,3429,3176,4107,4344,3936,3449,5222,7305,5208,3703,5293,7250,5184,3835,14.8323,-6.88382,8.68811,48.4067
25145,3389,3452,3577,3426,3540,4151,4497,3921,3938,5587,7775,4980,3972,5065,6347,4681,11.5524,4.68743,8.70251,48.1987
25146,4102,6116,8884,5710,3918,4753,5995,4759,3579,3750,3881,3776,3145,3337,3387,3283,-21.0782,6.42143,8.81326,48.25
25147,4614,4111,3529,3248,7635,4907,3620,3244,8967,5217,3783,3325,5135,4373,3575,3280,2.14721,-26.072,8.98484,48.3753
25148,3277,3959,5754,11721,3450,3793,4902,7107,3278,3531,3819,3984,3092,3247,3574,3357,-21.7796,30.6483,8.82198,47.8967
25149,3332,3723,4594,5199,3362,3944,6295,8200,3335,3881,5123,6461,3203,3436,3985,4194,-3.97412,19.4623,8.87052,48.178
25150,4536,5198,4274,3564,5635,7887,5060,3824,4534,5521,4206,3490,3839,3872,3542,3226,-6.63467,-8.75521,8.67724,48.1387
25151,3202,3384,3616,3657,3227,3489,4195,4951,3348,3762,5419,9412,3396,3750,5234,7796,12.4676,24.6912,8.86428,47.892
25152,3183,3495,3943,4393,3381,3837,5137,7209,3241,3840,5639,8265,3272,3624,4433,5100,2.01558,22.0674,8.70239,47.9947
25153,3377,3406,3106,3037,4096,3995,3514,3266,6485,5479,3998,3480,9591,7313,4293,3509,21.418,-18.6115,8.70661,47.9633
25154,3459,4081,6442,12074,3420,3808,4784,6086,3241,3415,3750,3995,3136,3266,3445,3396,-28.1296,24.7475,8.53376,47.8653
25155,10161,5909,3922,3294,7983,5166,3866,3394,4314,3932,3585,3177,3519,3405,3237,3103,-18.1382,-26.9396,8.77724,47.978
25156,3376,3967,5980,12741,3417,3798,4656,6362,3290,3385,3770,4074,3052,3259,3413,3415,-27.7633,28.7922,8.9992,47.97
25157,3191,3390,3746,3718,3503,3845,4588,4643,3611,4449,7562,6852,3451,4185,5839,5731,10.4644,14.0446,8.78735,48.2027
25158,4601,5567,4616,3755,5283,8009,5406,3859,4285,5050,4162,3619,3624,3728,3525,3261,-8.54989,-6.43017,8.63847,48.2333
25159,6314,7724,4895,3671,5721,7058,4602,3587,4092,4104,3755,3312,3434,3622,3336,3235,-16.141,-11.0068,8.99851,48.308
25160,8352,5335,3776,3348,9307,5040,3751,3390,4845,4177,3603,3284,3708,3545,3347,3112,-13.3413,-31.0377,8.72806,47.9467
25161,3229,3442,3439,3463,3590,3981,4404,3945,4024,5801,7282,4712,4089,5567,6651,4892,14.2071,3.69472,8.93193,48.3407
25162,3575,3861,3695,3542,4193,5055,4957,3969,4487,7266,6426,4089,4099,4899,4693,3987,6.2413,-1.70764,8.52088,48.5287
25163,6230,7332,4715,3731,5929,7198,4576,3638,4036,4277,3751,3342,3430,3592,3359,3180,-15.6342,-11.1346,8.57097,48.2107
25164,3645,4829,8384,7181,3565,4270,6262,5697,3400,3626,4052,4019,3176,3302,3356,3301,-19.7475,12.2725,8.64078,48.0433
25165,4594,4051,3494,3255,7720,4756,3746,3271,8770,5014,3727,3423,5101,4230,3563,3294,1.56156,-29.5756,8.51433,48.006
25166,10631,8018,4373,3389,5681,5025,3924,3390,3859,3750,3493,3224,3396,3461,3236,3065,-31.0941,-18.7645,8.83057,47.9433
25167,4543,3965,3514,3138,7393,4820,3692,3271,8927,5101,3860,3367,5241,4302,3675,3264,2.79098,-28.6112,8.55324,48.0487
25168,3148,3263,3305,3304,3323,3507,3794,3947,3388,3829,4768,6128,3397,3929,6067,12344,26.8356,33.6244,8.5947,47.6273
25169,7555,4906,3834,3248,9622,5378,3978,3375,5221,4137,3649,3407,3758,3614,3231,3157,-11.4053,-26.9401,8.65758,48.0467
25170,4336,4495,4075,3587,5285,7332,4906,3733,4979,6298,4389,3607,4125,4159,3762,3381,-2.19811,-8.36463,8.64633,48.2993
25171,3068,3228,3459,3392,3235,3484,3953,4212,3445,3946,5602,6834,3462,4204,7143,9698,20.6898,19.803,8.66247,48.2433
25172,3136,3281,3471,3352,3359,3443,3947,4157,3471,4069,5519,6965,3417,4081,6928,9516,19.4548,19.4239,8.62278,48.0747
25173,3391,4026,6415,10753,3391,3907,5117,7024,3181,3441,3903,4167,3131,3216,3349,3395,-21.1659,23.4149,8.67836,47.8713
25174,12499,5982,3946,3441,6220,4805,3784,3386,3894,3725,3452,3206,3309,3386,3279,3174,-26.0291,-31.7563,8.60281,47.6587
25175,4141,5540,5220,4129,4308,6845,6812,4342,3805,4667,4525,3839,3489,3752,3704,3421,-9.654,-0.0985388,8.65569,48.3593
25176,3154,3199,3321,3412,3260,3467,3845,3961,3345,3708,4845,6527,3408,3887,5921,12167,24.8207,29.2412,8.86087,47.618
25177,9507,8366,4495,3506,5812,5265,4069,3466,3925,3833,3493,3299,3435,3341,3256,3191,-25.0606,-16.6699,8.86956,48.1727
25178,3339,3938,6069,12506,3431,3789,4886,6132,3255,3493,3684,3909,3060,3237,3393,3228,-26.982,30.3658,8.52693,47.566
25179,3400,4324,7976,10482,3400,3916,5081,5565,3191,3492,3859,3890,3130,3285,3441,3391,-29.3045,18.574,8.93558,47.882
25180,3141,3318,3359,3334,3264,3428,3809,3918,3365,3768,4682,5920,3306,3888,5955,12521,32.1137,30.7998,8.62954,47.3173
25181,3610,4273,4845,4467,3733,5227,8118,5135,3671,4404,5708,4520,3335,3587,3883,3615,-5.34701,6.85282,8.9057,48.0873
25182,3035,3247,3453,3545,3368,3528,4053,4235,3529,4117,5829,7099,3437,4152,6862,8659,17.7019,18.6027,8.76798,48.0987
25183,3353,3449,3449,2987,3879,4107,3684,3338,5243,6451,4598,3741,6285,8444,5231,3924,19.2275,-8.9724,8.78415,48.1087
25184,3279,4050,6438,10535,3420,3806,5196,7082,3208,3539,3854,4153,3054,3196,3423,3464,-20.3891,23.4465,8.75534,47.798
25185,11706,7194,4189,3413,6101,4855,3901,3384,4010,3877,3462,3248,3352,3404,3174,3068,-27.7382,-21.9127,8.98819,48.2253
25186,3366,3785,5166,7851,3334,3858,5484,9394,3199,3632,4296,5154,3077,3356,3534,3655,-12.2207,24.9277,8.82988,48.094
25187,4020,6524,9465,5812,3903,4734,5633,4450,3404,3544,3819,3693,3143,3274,3345,3300,-24.6636,5.75159,8.9267,48.042
25188,3186,3251,3416,3348,3213,3483,3797,4159,3312,3909,4961,7485,3430,3882,5712,11194,19.8471,32.9318,8.993,47.8253
25189,3615,4470,5650,4835,3747,5096,8086,5511,3553,4059,5095,4400,3254,3644,3816,3534,-8.59547,8.45219,8.55382,48.2433
25190,9850,8390,4458,3502,5724,5089,3939,3420,4025,3681,3575,3209,3341,3389,3275,3119,-27.0486,-16.8739,8.74307,47.9907
25191,3912,5513,9926,6834,3749,4304,5289,4856,3342,3587,3840,3807,3217,3329,3491,3437,-31.2497,9.53272,8.58751,48.2887
25192,3160,3363,3557,3589,3229,3654,4238,4765,3375,3957,5923,8313,3339,3917,5645,7932,13.7519,21.1739,8.63256,47.9707
25193,3376,3349,3088,3215,3772,3732,3404,3191,6167,4690,3690,3496,12727,6105,3913,3545,26.9432,-31.1977,8.81203,47.64
25194,3172,3329,3413,3293,3488,3723,3811,3629,3917,4702,5237,4378,4271,6976,9389,5490,29.4016,3.89113,8.76317,48.1453
25195,3645,4728,8916,8727,3370,4071,5306,5287,3401,3660,3860,3845,3229,3222,3282,3424,-31.2168,14.5448,8.6414,47.982
25196,3535,3407,3327,3118,4254,3936,3589,3191,6842,5379,3961,3451,9662,6989,4272,3456,20.4524,-19.7506,8.73363,48.246
25197,3342,3947,4981,4988,3543,4540,7777,6631,3350,4036,5444,4957,3204,3568,3932,3912,-6.08544,13.3715,8.6977,48.1013
25198,3312,3373,3275,3045,3925,3859,3553,3270,5688,5352,4100,3639,8679,8750,4767,3547,24.3858,-14.7728,8.60261,48.0893
25199,3227,3602,4448,5527,3363,3713,5281,8963,3190,3682,4822,7070,3339,3510,3931,4435,-3.63498,26.1813,8.56985,48.0687
25200,3359,3376,3253,3165,3810,3747,3555,3313,5440,5108,4007,3574,9107,8925,4522,3526,28.3231,-15.2474,8.97688,47.858
25201,3098,3297,3522,3524,3293,3569,4075,4327,3384,4061,5987,7181,3507,4201,6674,8293,16.9407,17.9559,8.88739,47.9953
25202,3404,3387,3187,3082,4043,3683,3510,3243,6077,4694,3661,3457,12641,6029,3952,3429,28.2581,-30.7074,8.67806,47.6527
25203,3510,4437,8293,9329,3374,4150,5437,5810,3254,3544,3940,3911,3062,3225,3433,3400,-23.8792,16.5953,8.98978,48.0727
25204,5313,7138,5095,3965,5258,7397,5156,3893,3973,4470,3836,3463,3472,3606,3442,3161,-14.6553,-7.6211,8.79232,48.4253
25205,3131,3301,3316,3356,3251,3427,3844,3902,3271,3731,4710,6080,3278,3920,5997,12654,27.1121,31.7645,8.86757,47.446
25206,5407,7127,5105,3750,5362,7429,5106,3753,3874,4399,3900,3540,3369,3523,3338,3261,-14.7223,-7.67558,8.68189,48.162
25207,5266,7184,5150,3823,5219,7356,5102,3782,3870,4250,3935,3440,3533,3522,3441,3159,-14.7614,-7.43564,8.66048,48.0213
25208,3045,3269,3285,3361,3295,3581,3905,3817,3560,4188,5347,5415,3591,4874,9226,8312,25.0813,13.3811,8.7696,48.0473
25209,3164,3493,4305,4520,3359,3727,5348,7550,3293,3908,5495,7999,3221,3697,4304,4807,1.06997,21.5003,8.76717,48.1267
25210,3658,3474,3259,3215,5005,4127,3591,3239,9182,5681,3841,3386,7958,5358,3987,3286,12.9071,-23.2588,8.97696,48.1647
25211,3773,3637,3427,3183,4914,4505,3549,3300,8410,6488,3929,3398,6998,5594,3966,3314,11.8095,-19.5957,8.80186,48.2567
25212,3415,4218,7522,11042,3516,3877,5036,5780,3308,3503,3879,3869,3089,3266,3430,3397,-31.6967,20.6878,8.68992,48.098
25213,3465,3432,3359,3179,3920,3722,3550,3169,5992,4919,3723,3269,12336,6450,3949,3423,32.1979,-25.0482,8.5365,47.9047
25214,3335,3376,3307,3207,3738,3761,3610,3305,4887,5326,4449,3784,6416,9825,5756,3992,33.8208,-7.98283,8.78087,48.0493
25215,3116,3268,3664,3853,3226,3721,4285,5444,3413,3805,5116,10005,3260,3736,4907,6994,9.78792,30.6806,8.94147,47.8753
25216,3331,3451,3207,3077,3919,3897,3575,3259,5979,5609,4147,3519,8800,8323,4542,3629,21.9339,-15.3927,8.91948,48.176
25217,4423,7113,7517,4698,4259,5476,5742,4255,3596,4019,3948,3573,3273,3406,3474,3234,-19.5401,0.862774,8.68525,48.004
25218,5083,6012,4527,3743,5709,8192,4920,3587,4257,4828,3914,3557,3595,3705,3548,3277,-10.3184,-9.16779,8.72905,48.3027
25219,3346,3968,6176,11152,3262,3731,5039,7131,3132,3472,3947,4144,3129,3189,3419,3528,-21.3144,25.1216,8.53852,47.8433
25220,3596,4291,5394,4536,3806,5109,8149,5573,3490,4198,5330,4547,3305,3530,3807,3616,-7.05726,8.4183,8.85212,48.1847
25221,4335,5927,5586,4143,4342,7015,6397,4205,3768,4371,4262,3745,3305,3610,3575,3289,-12.0178,-1.08994,8.67333,47.9167
25222,3935,5998,9541,6162,3731,4430,5625,4583,3463,3657,3923,3751,3225,3330,3295,3286,-24.3388,7.21737,8.78529,47.9567
25223,10318,7685,4204,3477,5781,5026,3852,3316,4017,3798,3473,3295,3558,3492,3239,3153,-33.7783,-18.4501,8.57849,47.7893
25224,6111,7593,4775,3712,5802,7157,4632,3724,4068,4253,3667,3491,3433,3494,3246,3138,-15.9919,-10.2915,8.62761,48.1973
25225,3531,3522,3331,3239,5043,4234,3493,3327,9811,5143,3792,3425,7895,4995,3803,3359,12.2192,-31.6003,8.99206,47.962
25226,3467,3786,4519,4454,3537,4597,7383,5655,3604,4388,6302,5329,3352,3720,4145,4078,-2.14381,10.9199,8.59756,48.2107
25227,5470,4298,3765,3231,9308,5188,3690,3343,7069,4586,3664,3293,4432,3927,3480,3175,-3.55686,-29.8961,8.79035,47.946
25228,4166,6022,7538,4957,4059,5457,6714,4613,3525,3837,4187,3835,3235,3435,3486,3313,-17.0382,3.48496,8.84569,48.2527
25229,3399,3929,5753,9434,3484,3793,5279,8219,3243,3601,4044,4440,3126,3311,3595,3452,-17.0034,24.2545,8.58596,48.068
25230,3419,3371,3265,3211,3950,3725,3369,3205,6156,4814,3745,3438,12627,5979,3931,3255,31.6041,-28.0292,8.63649,47.64
25231,3745,5206,9109,7419,3708,4268,5758,5281,3347,3583,3937,3864,3123,3376,3437,3386,-23.2111,11.8262,8.71234,48.3647
25232,3100,3224,3450,3539,3411,3621,4195,4390,3489,4260,6350,6778,3569,4271,6894,7363,16.4336,16.046,8.53131,47.936
25233,3422,3406,3215,3101,3981,3734,3471,3289,5954,4770,3788,3394,12312,6490,4037,3287,31.3365,-24.0457,8.88092,47.7673
25234,3003,3298,3484,3359,3059,3532,3853,4167,3504,3884,5209,7118,3482,4117,6624,10439,20.4789,22.7175,8.92759,48.088
25235,11927,5959,3909,3437,6549,4800,3797,3406,4007,3835,3437,3189,3429,3439,3245,3013,-24.668,-28.7364,8.60242,47.5853
25236,3247,3258,3483,3344,3413,3552,3800,3693,3700,4144,5160,5073,3719,5342,9699,7522,30.9608,11.3709,8.88872,48.0993
25237,3203,3414,3799,4030,3196,3722,4627,5889,3363,3915,5597,9641,3292,3618,4795,6045,7.25746,24.6356,8.77346,48.0973
25238,5370,5750,4147,3554,6549,7896,4409,3712,4679,4877,3771,3482,3726,3787,3493,3204,-9.67365,-12.7845,8.93191,48.2707
25239,3362,3470,3274,3199,3815,3756,3542,3362,5854,4604,3818,3378,12396,5908,3916,3375,32.6942,-32.8169,8.94033,47.3527
25240,3430,4024,6097,12512,3411,3758,4688,6258,3350,3510,3772,3944,3150,3118,3385,3428,-26.7825,28.7852,8.72629,47.89
25241,4121,6714,9599,5610,3841,4543,5076,4627,3507,3650,3782,3714,3217,3315,3331,3216,-30.7778,5.00457,8.81184,47.9087
25242,3158,3216,3337,3218,3563,3666,3910,3648,3973,4750,5297,4459,4295,7049,9322,5600,26.1105,3.86598,8.93803,48.3073
25243,3044,3129,3457,3467,3308,3504,3877,4236,3457,3847,5350,7270,3357,3987,6490,9884,19.3789,22.1128,8.87382,47.776
25244,12129,6087,3964,3323,6959,4856,3878,3378,4022,3850,3406,3172,3428,3502,3186,3131,-23.2847,-27.4012,8.99787,48.1807
25245,3146,3251,3410,3362,3467,3706,3884,3695,3765,4742,5785,4800,3906,5867,9455,6190,22.7195,7.13665,8.94024,48.2873
25246,5048,6041,4506,3722,5621,8038,5068,3745,4195,4745,4051,3490,3508,3727,3372,3294,-10.8871,-8.78634,8.95404,48.114
25247,3461,3860,6202,12898,3371,3732,4660,5986,3221,3414,3766,3953,3181,3248,3371,3474,-30.3413,28.1166,8.94519,47.8653
25248,3463,3285,3151,3149,3982,3778,3422,3204,6637,5245,3785,3379,10883,6818,4113,3430,22.6167,-21.9365,8.93698,47.816
25249,3234,3672,4276,4440,3417,4011,5909,6619,3441,4133,6215,6909,3414,3692,4339,4750,0.898197,16.9844,8.65271,48.314
25250,11829,6795,3978,3308,6277,4924,3667,3474,4059,3967,3493,3235,3413,3441,3271,2989,-25.517,-23.4487,8.80167,48.08
25251,4121,5530,7128,4883,3974,5401,7038,4735,3539,3887,4241,3826,3362,3371,3471,3371,-15.2716,4.88955,8.66456,47.9187
25252,3466,3382,3480,3316,3937,4103,3882,3479,5070,7217,5110,3754,5367,7776,5294,3829,16.3256,-6.88144,8.78808,48.308
25253,3162,3549,3640,3977,3209,3609,4457,5745,3366,3808,5188,9904,3341,3782,4820,6531,8.45225,32.9139,8.6365,48.0587
25254,3199,3222,3348,3286,3421,3734,3989,3630,3841,4740,5847,4690,4036,6197,9241,6045,22.403,6.12659,8.70629,48.3107
25255,3375,3936,5626,11127,3332,3886,4922,7452,3243,3465,3881,4170,3070,3272,3387,3453,-20.4587,31.0338,8.77444,47.7313
25256,3313,3417,3182,3169,3959,3717,3360,3230,6173,4760,3845,3343,12029,6628,4010,3423,29.1009,-23.8727,8.78905,47.7053
25257,3308,4035,6109,11042,3358,3886,4920,7256,3236,3495,3890,4216,3102,3195,3442,3334,-20.7873,25.3335,8.74031,47.8827
25258,12591,5987,3832,3329,6044,4717,3674,3346,3816,3793,3419,3191,3448,3415,3292,3275,-33.2913,-29.8493,8.64583,47.446
25259,3080,3211,3475,3518,3168,3563,4054,4667,3332,3765,5198,8849,3393,3903,5350,9280,15.5875,29.1465,8.76005,47.8707
25260,3136,3297,3668,3918,3264,3675,4414,5789,3488,3806,5551,9374,3381,3822,4987,6587,8.78794,23.7319,8.60681,48.1047
25261,3292,3594,4405,5038,3356,3821,5471,8186,3403,3822,5077,7325,3285,3490,4102,4470,-1.75595,22.5113,8.52719,48.0913
25262,3248,3550,3850,3787,3452,3869,5168,4920,3522,4558,7862,6583,3545,4120,5125,5130,6.99056,12.8119,8.96965,48.1927
25263,3729,3770,3729,3454,4289,5456,4470,3722,4934,8033,5446,3830,4282,5060,4381,3740,6.04429,-5.37739,8.53518,48.2167
25264,3387,3546,3646,3547,3618,4136,5051,4118,3904,5483,8027,5072,3788,4685,5633,4616,9.33833,5.77186,8.72783,48.1713
25265,3297,3298,3433,3278,3628,4027,4185,3628,4168,6100,6215,4320,4587,6840,6936,4558,17.1943,0.37095,8.89118,48.332
25266,3857,4453,5368,4335,3876,5857,7904,4908,3610,4445,5284,4206,3347,3634,3809,3609,-7.09125,4.74287,8.90193,48.3347
25267,3436,3971,6039,11824,3463,3819,4769,6736,3261,3513,3727,4070,3157,3229,3465,3302,-22.8972,31.5558,8.61013,47.854
25268,3555,3632,3516,3180,4338,4536,3863,3458,6113,7904,4738,3516,5268,6284,4590,3592,11.7865,-10.8849,8.68907,48.0553
25269,4087,3846,3369,3073,6246,4441,3678,3232,9935,5454,3790,3390,6154,4788,3681,3269,7.027,-25.7705,8.92196,48.2887
25270,3799,4173,3958,3651,4427,6211,5346,3967,4450,6693,5656,3963,3938,4310,4197,3553,1.11025,-2.80388,8.57854,48.1947
25271,3161,3452,3765,4037,3246,3734,4606,5875,3395,3883,5981,9256,3316,3685,4842,6035,7.31523,22.5975,8.70158,48.1793
25272,3493,3411,3219,3003,4266,3996,3476,3258,7649,5110,3830,3367,10730,5738,3996,3403,19.3497,-30.0608,8.7009,47.9633
25273,5723,8971,6143,4064,4687,6030,4797,3742,3750,3852,3683,3382,3227,3408,3341,3154,-21.4642,-6.25742,8.6722,47.9693
25274,3573,3927,4087,3839,3785,5305,6119,4438,4003,5452,6733,4551,3620,4144,4414,3918,1.38852,3.28846,8.70265,47.9387
25275,4360,4450,3810,3354,6129,6877,4234,3488,5870,6330,4300,3542,4135,4205,3644,3303,-0.989924,-13.5136,8.96784,48.0207
25276,3879,3811,3473,3255,5382,4669,3719,3394,8495,6452,4035,3556,6004,5069,3978,3319,8.14985,-19.0521,8.87638,48.3267
25277,8823,5311,3909,3438,9056,5137,3762,3421,4595,4017,3517,3367,3503,3498,3307,3221,-14.8611,-32.6005,8.54293,47.9213
25278,4337,5061,4365,3819,4914,7825,5735,3999,4373,5441,4521,3653,3598,3845,3589,3490,-5.60814,-4.93986,8.86294,48.3767
25279,7199,9826,5203,3738,4950,5345,4354,3683,3809,3771,3608,3280,3413,3325,3214,3219,-32.9053,-10.6904,8.76637,47.958
25280,3737,3829,3483,3179,5296,4539,3748,3288,8721,6320,4039,3404,6366,5163,3919,3405,9.31629,-19.8395,8.97612,48.2907
25281,3486,3722,3709,3503,3801,4848,4911,3830,4276,6698,7080,4408,4030,4997,5004,4148,7.02843,1.00792,8.91028,48.3007
25282,3103,3371,3342,3273,3446,3775,3707,3624,3751,4716,5411,4578,4217,6888,9532,5695,26.4287,4.77836,8.96835,48.286
25283,3091,3253,3384,3474,3259,3421,3899,4019,3347,3840,4811,6576,3460,3915,6172,12231,24.2945,27.7221,8.59052,48.1013
25284,3602,3648,3434,3268,4414,4772,3872,3385,6056,8123,4766,3602,5341,6088,4534,3645,10.9691,-10.7683,8.91154,48.3667
25285,4431,5617,5292,4029,4580,7249,6574,4163,4061,4527,4302,3662,3475,3556,3525,3411,-10.7494,-1.56389,8.75348,48.3027
25286,3554,3500,3215,3137,4330,4136,3536,3251,7421,5881,4071,3505,8502,6739,4167,3384,17.1494,-18.6631,8.81405,48.2193
25287,3991,6189,9672,6152,3849,4352,5457,4673,3367,3708,3825,3680,3243,3295,3309,3243,-26.8774,6.7317,8.638,48.0033
25288,12035,6340,3978,3414,6436,4839,3747,3400,3933,3866,3477,3177,3386,3312,3181,3111,-25.3502,-26.1544,8.61921,47.7547
25289,3441,3464,3200,3106,3771,3810,3593,3424,4964,5262,4418,3776,6782,9954,5524,3786,32.6511,-9.25627,8.64188,48.1833
25290,4918,6981,5301,3913,4909,7435,5276,3955,3915,4438,4000,3606,3448,3551,3479,3337,-14.129,-5.59135,8.5661,48.308
25291,4838,6501,5240,4085,4861,7464,5574,3901,4046,4463,4081,3578,3467,3553,3427,3275,-13.0955,-4.67397,8.57183,48.236
25292,3396,3854,5412,7361,3416,3804,5729,9252,3190,3585,4268,4934,3109,3256,3547,3739,-12.0472,23.5888,8.66989,47.9013
25293,7648,6207,3987,3486,7932,6107,3980,3470,4556,4263,3627,3388,3503,3596,3256,3229,-14.2301,-19.1512,8.88554,48.1567
25294,3294,3447,3193,3087,3837,3828,3394,3378,5574,4991,3968,3518,9856,8276,4449,3542,28.8605,-17.3025,8.71308,47.7547
25295,3048,3342,3429,3536,3187,3517,4077,4509,3363,3916,5251,8410,3336,3896,5742,9456,16.334,24.3082,8.94903,48.01
25296,3102,3210,3562,3609,3243,3431,4057,4894,3240,3743,5197,9286,3345,3819,5369,8728,14.0915,28.9957,8.89124,47.89
25297,3610,4338,8200,10034,3503,3977,5023,5574,3475,3437,3786,4053,3114,3299,3397,3316,-31.303,17.3367,8.61007,48.0907
25298,3287,3661,4091,4021,3417,4180,5829,5400,3609,4476,7380,6248,3440,3964,4664,4616,3.29699,12.3021,8.63585,48.1887
25299,11873,6908,4094,3393,5939,4895,3834,3419,3904,3740,3489,3154,3319,3350,3244,3163,-28.2959,-22.607,8.78628,47.812
25300,3415,3347,3204,3000,4066,3834,3477,3146,6351,4779,3784,3448,12438,6239,3923,3544,25.7596,-27.6927,8.72498,47.9967
25301,3354,3816,5299,8532,3405,3625,5320,9186,3364,3523,4166,4878,3209,3215,3661,3548,-13.8543,25.893,8.76968,48.0673
25302,5267,9175,7091,4421,4415,5173,4728,3967,3715,3654,3761,3575,3331,3277,3336,3176,-27.5103,-3.41692,8.62827,48.0413
25303,3159,3447,3514,3571,3357,3819,4410,4281,3584,4577,7569,5975,3769,4622,6770,5867,13.5039,11.2968,8.73349,48.194
25304,3274,3485,3605,3722,3531,4084,4871,4453,3642,4769,8074,5663,3573,4425,5929,5092,10.1426,9.57139,8.5687,48.128
25305,3176,3321,3360,3366,3253,3583,3799,3984,3557,4254,5195,4919,3680,5317,9664,7408,31.9101,11.1186,8.58916,47.8907
25306,12226,6038,3925,3392,6497,4756,3869,3389,3968,3713,3420,3316,3364,3370,3259,3183,-24.6305,-28.7195,8.77637,47.79
25307,3072,3209,3368,3350,3268,3443,3760,3804,3446,3903,4970,5933,3386,4086,7055,11618,28.4943,21.5659,8.83669,47.7807
25308,8048,6052,3978,3464,7933,5991,4091,3429,4618,4184,3492,3248,3503,3506,3315,3081,-14.9547,-20.0071,8.84313,47.9553
25309,3752,3548,3406,3120,4954,4301,3583,3248,9670,5286,3864,3399,7547,5266,3893,3448,12.1952,-32.8056,8.68264,48.19
25310,8905,8993,4590,3560,5320,5137,3962,3470,3768,3776,3559,3286,3369,3312,3260,3142,-32.0495,-14.6156,8.96723,47.606
25311,3432,3684,4044,3947,3701,4321,5690,4802,3691,4896,7657,5463,3581,4006,4779,4387,4.03218,8.71212,8.51145,48.054
25312,3347,3989,6413,12232,3319,3784,4815,5980,3218,3461,3766,4059,3196,3269,3375,3341,-33.043,25.7086,8.56501,47.7093
25313,3143,3247,3360,3439,3222,3432,3687,3873,3330,3741,4921,6219,3379,3830,6006,12708,27.5846,32.229,8.6775,47.6913
25314,3020,3209,3377,3352,3268,3500,3727,3867,3431,4000,5240,5766,3568,4271,8089,10052,27.241,17.7632,8.63053,47.8247
25315,3091,3285,3437,3402,3348,3483,4031,4427,3474,3783,5059,7791,3482,3922,5650,10546,18.6846,32.678,8.9451,48.1407
25316,3078,3372,3507,3674,3276,3592,4225,4640,3440,3899,6001,8360,3433,4035,5844,8178,14.339,21.4581,8.68349,48.3693
25317,3411,3959,5584,7025,3458,3955,6270,8341,3332,3706,4403,4808,3069,3392,3573,3825,-12.008,19.2152,8.81001,48.074
25318,3771,4183,4029,3631,4453,6683,5615,3957,4379,6494,5561,4008,3845,4124,4063,3682,-0.26138,-2.54802,8.96595,48.3187
25319,3148,3347,3670,3739,3283,3595,4197,5198,3417,3820,5353,9776,3295,3659,5018,7532,11.4236,27.6549,8.63309,48.0313
25320,4812,7095,6006,4146,4630,6675,5793,4112,3746,4204,4102,3585,3319,3463,3506,3333,-15.9496,-2.92287,8.76516,48.3513
25321,3427,3553,3513,3313,3791,4304,4227,3701,4540,7025,6306,4179,4493,6152,5628,4207,12.6842,-1.70333,8.82147,48.2393
25322,3415,3304,3384,3249,3881,3687,3395,3302,5935,4723,3820,3357,12547,5907,3862,3420,32.578,-32.7726,8.63272,47.4587
25323,3374,3699,5120,7390,3349,3885,5308,9834,3230,3566,4092,5334,3167,3313,3594,3745,-10.9014,29.8662,8.72895,48
25324,3288,3255,3393,3352,3582,3825,3709,3472,4257,5496,5100,4018,5147,8377,7418,4510,23.3173,-1.95735,8.8104,48.1327
25325,4869,8081,8211,4761,4210,4889,5093,4203,3451,3710,3806,3502,3299,3298,3400,3261,-28.6369,0.193485,8.55204,48.0293
25326,8461,5394,3937,3376,8957,5230,3880,3432,4760,4155,3519,3291,3491,3559,3315,3213,-13.7897,-32.4672,8.51947,47.98
25327,3051,3260,3419,3421,3253,3518,3862,4091,3392,3817,4997,7220,3395,3851,5956,11513,21.5155,27.5971,8.79094,48.0107
25328,3099,3319,3551,3629,3235,3477,4159,4856,3394,3837,5256,9139,3486,4038,5251,8427,13.8743,27.7002,8.77487,48.102
25329,5292,4328,3682,3184,8991,5344,3797,3268,7350,4724,3757,3278,4477,4058,3354,3218,-2.8762,-25.0831,8.97714,48.068
25330,4076,3807,3408,3142,6054,5129,3746,3394,8135,6579,4092,3432,5273,4885,3796,3336,5.11949,-18.4267,8.88684,48.1893
25331,10729,6191,4019,3308,7262,5212,3948,3345,4216,4016,3479,3167,3479,3308,3279,3049,-20.1788,-23.8796,8.73717,48.0047
25332,3638,4415,6611,6223,3475,4339,7271,6649,3400,3712,4333,4259,3102,3430,3435,3519,-13.303,14.1061,8.97663,47.874
25333,6064,4535,3602,3245,10078,5176,3843,3335,6286,4494,3545,3168,4076,3890,3377,3176,-6.15261,-31.3049,8.78525,47.9267
25334,2989,3362,3360,3430,3195,3678,4169,4057,3382,4311,6425,6283,3557,4504,7662,7508,17.9837,14.6028,8.76792,47.9147
25335,5710,9801,6305,4050,4530,5237,4468,3900,3724,3892,3699,3451,3249,3469,3374,3145,-33.8255,-5.96691,8.95455,48.0027
25336,3415,3958,5941,11580,3463,3786,4854,7109,3231,3473,3877,4039,3103,3204,3437,3277,-21.7994,32.6276,8.96551,47.8313
25337,10334,5758,4035,3419,7992,5110,3814,3315,4439,4033,3619,3212,3344,3520,3218,3020,-18.1241,-29.9477,8.82613,48.1213
25338,3430,3757,4036,3850,3858,5006,6143,4418,3961,5448,7173,4705,3542,4128,4510,4146,2.39926,4.67705,8.61461,48.074
25339,3298,3604,4215,4564,3419,3935,5886,6551,3462,3963,6301,7110,3369,3645,4359,4668,1.09736,17.0156,8.75578,48.2327
25340,3323,3657,4279,5080,3378,3669,4942,8843,3414,3651,4813,7619,3211,3509,3967,4701,-1.54205,29.9142,8.87499,48.0373
25341,3348,3435,3279,3092,3967,3840,3509,3228,5878,5212,4000,3477,9954,8167,4319,3494,28.0654,-17.7686,8.77163,48.1327
25342,3624,4764,8352,6834,3540,4429,6526,5637,3422,3815,4077,3969,3140,3222,3355,3384,-19.225,11.6964,8.60269,48.06
25343,3665,3612,3317,3224,4885,4351,3509,3248,9515,5347,3815,3313,7773,5161,3854,3345,12.2296,-32.5516,8.58423,47.956
25344,3230,3216,3349,3318,3320,3447,3850,3909,3484,3922,5151,5440,3464,4301,8162,10052,30.8222,17.4336,8.81907,47.7433
25345,3382,4021,6029,12502,3390,3724,4747,6221,3175,3430,3719,3812,3092,3200,3355,3309,-27.2487,30.3487,8.66314,47.4053
25346,4768,4279,3640,3372,8244,5649,3801,3332,7343,5365,3668,3292,4538,4172,3492,3250,-1.1945,-22.0372,8.83375,48.1367
25347,3384,3342,3175,2999,3972,3924,3401,3162,6244,5152,3844,3333,11705,6992,4038,3463,26.0698,-22.556,8.99378,48.0867
25348,4252,5640,6064,4372,4219,6411,7014,4474,3769,4227,4433,3850,3349,3516,3571,3535,-12.4124,1.37645,8.70961,48.464
25349,3311,3540,3307,3252,3827,3834,3555,3330,4917,5331,4315,3663,6976,9818,5381,3827,31.4499,-9.82791,8.79518,48.1227
25350,6712,4776,3714,3393,9824,5251,3953,3339,5616,4448,3618,3267,3763,3711,3358,3177,-9.09603,-32.8477,8.88615,47.9467
25351,3920,4575,4887,4206,4081,6453,7257,4421,3825,4928,5129,4039,3546,3714,3888,3602,-5.68794,1.56828,8.74832,48.314
25352,5027,5062,4018,3440,7089,7240,4303,3557,5375,5325,3925,3461,3895,3964,3557,3245,-5.87742,-14.869,8.72374,48.322
25353,3338,3970,5633,7393,3403,3995,6168,8710,3342,3665,4184,4926,3052,3350,3761,3877,-12.1451,20.8187,8.85148,48.5113
25354,10494,5692,3789,3362,8168,5127,3857,3237,4355,3847,3502,3210,3515,3496,3215,3033,-18.3842,-29.5293,8.83784,47.9327
25355,3425,3390,3306,3001,4112,3923,3560,3251,6709,5456,4040,3386,9782,7078,4216,3565,20.6982,-19.4821,8.691,48.1333
25356,9544,5519,3886,3298,8622,5101,3873,3479,4648,3978,3426,3180,3551,3365,3286,3102,-16.352,-31.3377,8.64114,47.9053
25357,3295,3315,3297,3206,3708,3735,3651,3336,4619,5253,4505,3736,6087,9979,6041,3949,33.563,-7.30825,8.7967,47.808
25358,8688,6006,4094,3520,7764,5725,3862,3390,4395,4049,3611,3162,3659,3531,3338,3171,-16.3496,-21.5193,8.55003,47.9767
25359,3313,3927,5920,10855,3388,3741,5190,7516,3181,3565,3865,4395,3083,3176,3440,3483,-19.8811,25.9229,8.82589,48.0253
25360,4809,4555,3690,3237,7274,6260,4062,3412,6542,5733,3943,3405,4413,4061,3565,3235,-1.71651,-17.6481,8.70286,48.1307
25361,3800,3851,3557,3350,4909,5200,4021,3510,6474,7760,4491,3619,5178,5074,4100,3556,6.96531,-12.4513,8.51808,48.3
25362,3273,3482,3319,3113,3830,4059,3744,3570,4789,6614,5119,3918,5345,7883,5968,4065,18.301,-5.03586,8.5532,48.0607
25363,12263,6470,3900,3392,5947,4924,3650,3308,3892,3819,3285,3278,3405,3454,3219,3166,-32.6232,-24.5172,8.96331,47.5813
25364,4413,7368,9021,5391,4061,4696,5179,4296,3374,3781,3773,3641,3240,3358,3225,3297,-29.2037,2.8942,8.68298,48.076
25365,4331,5408,5224,4129,4566,7237,6469,4164,3846,4673,4449,3768,3531,3640,3589,3318,-9.67869,-1.62757,8.668,48.228
25366,3332,3961,6333,11216,3433,3897,5037,7182,3322,3423,3876,4192,3021,3221,3308,3404,-21.6125,25.2326,8.7971,48.1053
25367,3273,3486,3707,3644,3554,3958,4884,4287,3745,4839,8075,5840,3660,4493,5849,5205,9.98358,9.9457,8.5396,48.3327
25368,3094,3311,3464,3322,3204,3632,3847,3884,3624,4250,5558,5329,3660,4958,9374,7782,24.6341,12.4021,8.92894,48.1953
25369,3049,3325,3374,3415,3245,3719,3935,4013,3635,4330,6237,5562,3750,4915,8662,6959,20.0654,11.6305,8.88052,48.0833
25370,3592,4071,4761,4209,3697,5118,7652,4941,3687,4660,6314,4714,3345,3792,4022,3864,-2.99526,6.56307,8.85603,48.2927
25371,4376,6668,7329,4767,4327,5712,6183,4482,3666,4084,3912,3661,3276,3321,3418,3250,-17.9564,1.45807,8.91396,48.288
25372,3195,3437,3411,3289,3527,3721,4193,3867,3867,5077,6599,4872,4100,5776,8172,5443,18.239,5.75174,8.94482,48.364
25373,3508,3973,4610,4157,3676,4901,7447,5185,3746,4687,6489,4710,3516,3830,4138,3864,-1.99384,7.90655,8.99605,48.2913
25374,4670,7638,7519,4664,4272,5547,5558,4350,3647,3891,3885,3569,3268,3295,3446,3326,-20.6898,0.0496966,8.81002,48.3633
25375,5094,8077,7055,4277,4417,5849,5241,4138,3643,3985,3832,3562,3313,3253,3301,3213,-20.5771,-2.72259,8.62712,48.1667
25376,3316,3375,3091,3108,4040,3861,3486,3314,6873,4935,3804,3385,11640,5861,3837,3424,22.9091,-30.876,8.60168,47.5667
25377,3407,3307,3253,3226,3879,3700,3473,3233,5934,4675,3746,3332,12546,5915,3950,3381,31.5027,-32.8705,8.86135,47.3047
25378,3114,3236,3473,3435,3230,3495,3826,3939,3403,3721,4690,5938,3399,3960,5919,12624,32.2148,28.6781,8.61562,47.6013
25379,3442,3663,4017,3782,3700,4503,5838,4650,3775,4968,7595,5299,3546,4115,4812,4338,4.03341,7.50644,8.75465,48.0287
25380,3118,3269,3473,3573,3221,3570,4145,4891,3338,3825,5380,9250,3343,3864,5433,8395,13.7261,33.7635,8.72898,48.0587
25381,3160,3248,3324,3307,3415,3703,3770,3687,3792,4514,5361,4774,4061,6151,9853,6265,26.7022,7.27306,8.9271,48.2567
25382,5383,9224,6996,4355,4265,5088,4809,3900,3648,3709,3704,3443,3230,3422,3401,3138,-29.4871,-3.63866,8.6863,47.81
25383,3088,3228,3470,3561,3201,3527,4030,4489,3482,3648,5067,8453,3462,3898,5686,9653,16.7629,28.2452,8.52519,47.962
25384,4255,4060,3413,3220,6466,4788,3743,3298,9079,5625,3957,3301,5579,4623,3681,3258,4.98114,-22.9759,8.82972,48.2307
25385,3792,4002,4077,3648,4271,5809,5423,4061,4380,6589,6026,4152,4029,4328,4187,3826,1.7553,-1.50733,8.51499,48.4
25386,3388,3366,3288,3121,3873,3870,3548,3467,5481,5419,4139,3596,8309,9017,4882,3625,24.0469,-13.6629,8.96068,48.2593
25387,3921,3874,3508,3331,5444,4924,3800,3335,7580,6999,4252,3529,5451,4920,4007,3399,6.86401,-16.5503,8.68623,48.1827
25388,3695,4375,6017,5315,3755,4739,8204,5820,3523,3854,4886,4358,3270,3450,3655,3660,-10.8201,10.0055,8.96922,48.384
25389,5239,7894,5831,4175,4625,6659,5225,3853,3822,4007,3749,3518,3474,3502,3330,3229,-18.0003,-5.13478,8.72157,48.088
25390,3185,3553,3936,4097,3297,3834,5026,6254,3318,4055,6136,8342,3442,3787,4629,5431,4.7654,20.1452,8.71356,48.2147
25391,3500,3468,3418,3262,3911,4382,4062,3574,4990,7547,5517,4041,4946,6702,5360,3907,13.7871,-4.80852,8.81088,48.3913
25392,3296,3301,3442,3360,3587,3704,3778,3699,3950,4674,5111,4359,4321,7092,9155,5350,29.8242,3.57212,8.57147,48.1193
25393,8837,7874,4363,3539,6273,5617,4056,3495,3997,4002,3566,3217,3316,3428,3391,3058,-21.2662,-16.4588,8.77073,48.0193
25394,6250,5161,3920,3407,8699,6430,3993,3533,5481,4588,3663,3271,3821,3761,3355,3173,-8.72062,-19.8301,8.85218,48.3373
25395,3103,3218,3508,3577,3278,3521,4092,4061,3565,4135,5925,6566,3597,4336,7452,8378,18.8612,16.7664,8.797,48.208
25396,3994,4016,3584,3264,5560,5730,3983,3406,6744,7204,4285,3589,4745,4746,3928,3355,3.7467,-13.9685,8.74361,48.0887
25397,4065,3692,3378,3117,6048,4506,3641,3318,9997,5425,3644,3442,6420,4674,3646,3300,7.33184,-27.7053,8.6625,48.2087
25398,3575,3529,3295,3200,4567,4107,3627,3378,7686,6372,3905,3372,7714,6322,4146,3473,14.9103,-18.6853,8.83231,48.1787
25399,3332,3842,5380,9089,3425,3951,5166,8947,3323,3517,4031,4562,3227,3280,3501,3537,-15.2409,29.8936,8.91918,48.0733
25400,9954,6724,4073,3508,7177,5303,3934,3413,4091,3940,3459,3273,3361,3379,3187,3041,-20.1051,-21.1899,8.73412,47.878
25401,3345,3381,3324,3144,3849,3817,3609,3325,5236,5294,4154,3550,8246,9081,4849,3651,29.7182,-13.3758,8.51895,47.9033
25402,4852,8412,8209,4757,4219,4851,4927,4132,3442,3725,3759,3529,3123,3361,3425,3296,-30.2875,-0.435606,8.88751,48.0127
25403,3135,3309,3568,3576,3262,3618,4092,4349,3409,4130,5901,7040,3519,4127,6976,8507,17.7773,17.9598,8.66963,48.3453
25404,4072,4192,3691,3395,5333,6352,4386,3566,5714,7213,4515,3597,4450,4596,3841,3613,1.88807,-10.7483,8.50174,48.3507
25405,3530,3697,3922,3716,3618,4514,5617,4421,3920,5626,7690,4787,3732,4412,4870,4193,5.08256,5.40622,8.57237,48.1767
25406,3374,3941,5718,7972,3355,4023,5939,8623,3193,3541,4137,4830,3061,3224,3587,3648,-13.9874,21.3989,8.94644,48.1107
25407,4478,5437,4704,3837,5101,8121,5730,3953,4129,5008,4291,3645,3609,3650,3637,3415,-8.49442,-5.50265,8.90756,48.4967
25408,3138,3430,3852,4083,3262,3679,4687,5987,3382,3944,5941,9162,3266,3676,4709,5862,5.98536,21.7515,8.90775,48.04
25409,3712,4541,6917,5956,3582,4611,7385,6125,3372,3747,4293,4173,3070,3397,3653,3530,-13.9739,11.6437,8.75708,48.0427
25410,3625,4573,8114,9050,3487,4085,5476,5913,3206,3536,3936,4052,3198,3304,3499,3394,-22.3505,16.6196,8.61879,48.2987
25411,6664,10023,5776,3817,4795,5327,4391,3586,3677,3839,3502,3320,3277,3415,3163,3161,-27.9131,-8.73012,8.91106,47.822
25412,5706,4624,3712,3266,9329,5599,3942,3347,6505,4743,3722,3325,4185,3987,3390,3210,-5.46912,-23.2753,8.81451,48.3947
25413,11994,6352,3965,3487,6518,4937,3780,3297,4038,3782,3405,3262,3459,3327,3175,3117,-24.6351,-25.4662,8.73487,47.93
25414,3275,3429,3418,3224,3832,3888,3737,3393,5056,5837,4534,3708,6524,9243,5352,3836,22.4939,-9.46774,8.53766,48.1907
25415,3687,3840,3701,3481,4235,5398,4593,3750,4845,7617,5799,3987,4275,4997,4428,3746,5.44423,-4.33093,8.57363,48.2527
25416,3332,3737,4823,5923,3496,3830,5809,9174,3293,3644,4620,6122,3205,3507,3953,4064,-6.44606,22.6281,8.55401,48.3547
25417,3497,3581,3623,3401,3731,4213,4666,4078,4091,6116,7432,4684,3944,5201,5708,4408,10.438,2.93376,8.99212,48.2493
25418,3375,3443,3257,3155,4000,3747,3505,3169,6052,4819,3845,3350,12421,6016,3880,3254,33.9023,-27.7073,8.61625,47.5253
25419,4697,4533,3815,3388,6192,7020,4238,3590,5721,6075,4281,3441,4146,4087,3628,3433,-2.23096,-13.4378,8.60278,48.19
25420,2981,3236,3412,3365,3128,3496,3682,3961,3384,3780,4956,5794,3310,4142,7359,11567,30.3651,21.1826,8.93446,47.702
25421,3717,3565,3373,3181,4928,4185,3570,3405,8885,6056,3994,3466,7596,5631,3928,3326,12.7206,-21.2728,8.92499,48.5373
25422,3410,3485,3166,3015,3836,3796,3389,3186,5907,4780,3753,3384,12511,6304,3882,3428,28.5357,-26.2855,8.79253,47.488
25423,3584,4099,6100,6528,3466,4180,6942,7410,3280,3775,4383,4683,3097,3464,3687,3587,-12.4242,16.3953,8.70122,48.1767
25424,4051,4995,5441,4286,4139,6407,7317,4461,3728,4509,4541,3845,3403,3674,3677,3371,-9.77232,1.99498,8.66438,47.8967
25425,3128,3282,3453,3525,3287,3615,4075,4431,3481,4067,5959,7321,3403,3993,6629,8349,16.9966,18.8027,8.78823,47.9987
25426,3380,3323,3255,3066,3872,4018,3608,3333,5652,5982,4269,3595,7612,8612,4813,3706,20.8841,-12.901,8.70025,48.064
25427,3434,3813,3882,3671,3794,4716,5523,4293,3968,6018,7559,4574,3729,4307,4781,4110,4.89423,3.48521,8.85419,48.1147
25428,9743,6290,3988,3487,7404,5406,3923,3417,4285,4001,3560,3260,3453,3437,3369,3123,-18.9727,-22.4082,8.55672,48.0973
25429,3680,5069,9564,7871,3578,4211,5290,5120,3270,3584,3871,3799,3045,3258,3388,3294,-30.1893,12.2632,8.7952,47.928
25430,3431,3400,3253,3168,4078,3947,3477,3151,6722,5343,4000,3369,10022,7007,4272,3511,21.177,-20.3212,8.62063,48.1007
25431,3376,3519,3749,3753,3661,4153,5181,4444,3733,5314,8122,5429,3680,4478,5390,4661,8.3985,7.67341,8.74701,48.4287
25432,3168,3560,3226,3223,3707,3969,3754,3421,4754,5809,4792,3808,5682,9050,6142,4065,21.7529,-5.6357,8.59488,48.0867
25433,3156,3364,3666,3637,3270,3712,4434,4692,3381,4128,6692,7825,3522,4069,5785,6762,11.8577,17.3146,8.66549,48.0633
25434,11382,6121,3926,3528,6940,5027,3811,3432,3915,3943,3422,3249,3502,3392,3239,3168,-22.0752,-25.6146,8.69955,47.998
25435,3165,3299,3323,3349,3191,3516,3812,3833,3675,4193,5420,5118,3642,5067,9915,7656,27.1019,11.7202,8.98168,48.116
25436,3381,3385,3285,3108,4063,3992,3602,3300,6229,6040,4134,3474,8289,7869,4515,3462,20.1259,-15.7023,8.75964,48.0853
25437,7791,10000,5251,3709,5029,5296,4266,3589,3751,3758,3519,3312,3328,3303,3263,3108,-28.927,-11.6354,8.9409,48.182
25438,3470,3353,3257,3104,4031,3843,3409,3285,6062,4996,3862,3344,11412,6803,3925,3314,33.8279,-22.0234,8.57583,47.6467
25439,3154,3382,3590,3636,3416,3799,4505,4439,3629,4339,7098,7103,3443,4263,6314,6447,12.8775,15.0304,8.96525,48.3713
25440,3324,3443,3266,3093,3927,3902,3511,3382,5246,5941,4247,3689,7160,9250,4997,3768,22.5881,-11.3831,8.83566,48.0973
25441,3230,3226,3410,3310,3234,3426,3743,3939,3436,3785,4926,5986,3386,3763,6376,12284,32.2421,25.2079,8.57079,47.64
25442,3403,3291,3217,3142,3860,3934,3545,3399,5435,5234,4065,3488,8412,9208,4854,3598,33.9503,-13.5304,8.71201,48.0567
25443,3356,3341,3261,3029,4108,3735,3508,3278,7190,4937,3814,3311,11628,5967,3908,3380,21.6715,-27.4444,8.9321,47.834
25444,3921,4115,3677,3397,4822,5860,4425,3702,5331,7743,4862,3798,4346,4707,4078,3575,3.25094,-8.51889,8.62246,48.2393
25445,3949,4184,3773,3464,4703,6239,4797,3748,4860,7558,5212,3752,4087,4563,4222,3468,2.3759,-5.77441,8.94947,48.386
25446,10520,8100,4175,3541,5679,5015,3923,3461,4021,3724,3467,3263,3362,3368,3330,3231,-30.6524,-18.4266,8.79404,48.12
25447,3907,4118,3783,3412,4872,6100,4479,3599,5152,7844,4960,3629,4313,4694,3985,3524,3.58432,-8.38879,8.81909,48.2473
25448,3983,3724,3397,3094,6387,4567,3597,3445,9876,5102,3858,3333,5897,4635,3707,3382,6.11292,-30.2567,8.78191,47.9893
25449,3131,3205,3330,3448,3299,3399,3683,3988,3341,3913,4796,5912,3272,3844,6113,12274,32.6722,27.7303,8.66784,47.2987
25450,3055,3372,3538,3762,3292,3773,4361,4470,3431,4260,6987,7047,3524,4357,6494,6729,14.2648,15.3808,8.77471,48.3013
25451,3465,4495,8452,9509,3418,4070,5052,5563,3224,3478,3783,3941,3158,3256,3461,3375,-32.7513,16.3667,8.79961,47.8
25452,8051,5316,3865,3313,9262,5564,3942,3300,4864,4135,3573,3270,3620,3566,3314,3091,-13.1162,-25.2068,8.71457,48.0307
25453,3561,3518,3247,3111,4666,4054,3573,3284,8662,5123,3845,3354,9494,5364,3853,3209,15.6573,-28.5416,8.93062,47.9453
25454,5503,9374,7075,4353,4424,5198,4815,3977,3665,3833,3727,3445,3135,3373,3240,3252,-28.3633,-3.86702,8.7578,48.2593
25455,3322,3412,3084,3113,3943,3857,3493,3267,5548,5176,4023,3429,9659,8504,4525,3476,30.3469,-16.7875,8.78518,47.8873
25456,4909,6974,5730,4273,4710,6882,5684,3929,3790,4245,3982,3495,3368,3489,3383,3239,-14.9513,-3.67032,8.59926,48.0547
25457,8861,7906,4561,3601,6071,5621,3948,3471,4050,3873,3608,3283,3383,3420,3300,3129,-21.7021,-16.5211,8.62102,48.0573
25458,5013,5405,4178,3556,6511,7807,4513,3619,4848,5158,3941,3500,3848,3823,3447,3281,-7.5674,-12.3699,8.94734,48.2987
25459,6218,4662,3652,3350,9917,5161,3749,3343,6124,4541,3574,3204,3971,3757,3397,3201,-6.97265,-30.2517,8.87921,47.8807
25460,3259,3307,3650,3821,3293,3552,4339,5411,3377,3729,5163,9778,3465,3741,4940,6946,9.95113,29.7855,8.8153,47.8473
25461,3271,3382,3260,3206,3759,3837,3676,3228,5078,5335,4214,3606,7733,9723,5093,3656,26.6859,-11.9139,8.64514,48.038
25462,6407,8325,5111,3755,5504,6478,4408,3645,4037,4123,3624,3405,3335,3543,3258,3205,-19.2031,-10.5432,8.61781,48.1087
25463,3241,3308,3436,3396,3179,3515,3711,3902,3392,3755,4896,6223,3448,3945,6145,12432,26.5454,28.6589,8.56935,47.9493
25464,3330,3358,3287,3060,3892,4013,3650,3381,4974,5780,4547,3804,6513,9441,5584,3910,22.4124,-8.6942,8.96685,48.3493
25465,3367,3961,5834,10662,3373,3809,5164,7523,3291,3380,4011,4195,3194,3094,3332,3338,-19.4204,33.7078,8.68666,47.6853
25466,3387,3548,3709,3558,3627,4251,4683,3994,4030,5803,7792,4985,3844,4766,5761,4504,9.69196,4.98326,8.70991,48.1613
25467,3267,3439,3841,3957,3320,3674,4586,6234,3409,3846,5167,9729,3268,3666,4751,5824,6.21264,33.5155,8.81799,47.9853
25468,3370,3348,3280,3164,3987,3831,3363,3269,6024,4644,3833,3384,12689,6132,3976,3339,28.5336,-28.4089,8.81303,47.7553
25469,2976,3335,3488,3699,3266,3503,4159,4440,3406,4112,5702,8186,3378,4011,5964,8684,15.8136,21.989,8.62691,48.206
25470,5324,4283,3643,3274,9309,5112,3850,3410,7390,4641,3704,3326,4452,3984,3451,3206,-2.73234,-31.8794,8.7591,48.2393
25471,12298,5944,3917,3413,6555,4760,3771,3372,3906,3878,3432,3196,3386,3419,3223,3136,-25.03,-31.8879,8.65189,47.7373
25472,3610,4140,4877,4319,3718,5004,7780,5368,3726,4398,5959,4777,3334,3711,4017,3873,-3.77831,8.0738,8.58948,48.4073
25473,3607,3609,3415,3169,4543,4390,3733,3408,7333,7203,4276,3499,6425,6035,4192,3526,12.4767,-15.5789,8.79091,48.242
25474,3645,3680,3216,3123,4725,4189,3721,3306,8200,5833,3883,3447,8115,5820,4091,3394,14.5405,-21.0266,8.76688,48.2587
25475,3535,4282,7553,10343,3411,3995,5079,6111,3280,3431,3854,3980,3177,3141,3480,3406,-24.5182,19.1813,8.90538,48.0387
25476,4778,7863,7851,4673,4255,5330,5410,4238,3564,3805,3754,3518,3254,3370,3453,3277,-22.9509,-0.219964,8.60828,48.262
25477,3382,3870,4444,4223,3703,4683,7148,5222,3686,4635,6577,5051,3494,3841,4291,4077,-0.90795,8.37002,8.5291,48.218
25478,3321,3879,6090,12739,3348,3799,4779,6199,3214,3449,3794,3923,3137,3294,3346,3352,-27.2906,28.2371,8.9958,47.7753
25479,3156,3390,3526,3593,3252,3592,4062,4610,3529,3816,5546,8466,3416,3994,5756,8487,15.5085,22.7834,8.59802,48.1273
25480,5100,5524,4260,3624,6129,7992,4925,3733,4502,5029,3974,3461,3650,3807,3537,3305,-8.96125,-10.58,8.52173,48.368
25481,3615,3722,3772,3471,4270,5270,4512,3620,4725,7825,5864,4066,4365,5102,4561,3788,6.72234,-3.96227,8.85756,48.3653
25482,3446,3903,5399,9071,3390,3798,5153,8906,3258,3474,4081,4557,3070,3337,3501,3575,-15.4205,32.2649,8.81934,47.946
25483,4455,4738,4027,3585,5350,7605,4878,3797,4801,6216,4434,3550,3970,4134,3672,3436,-3.32079,-8.37483,8.60422,48.432
25484,3239,3312,3387,3237,3630,3773,3749,3644,4179,5138,5276,4105,4682,7637,8399,4910,23.5797,1.12715,8.76673,48.198
25485,12064,6557,3996,3390,6231,4925,3769,3483,3938,3895,3373,3164,3382,3361,3186,3114,-26.6217,-24.811,8.57072,47.8853
25486,3361,3536,3802,3705,3607,4195,5151,4348,3762,5228,8164,5230,3683,4477,5521,4660,7.67523,7.29285,8.88557,48.2867
25487,3222,3398,3494,3395,3462,3811,4183,3892,3933,5328,6975,4860,4012,5624,7321,5313,16.6427,5.34238,8.66039,48.1487
25488,3726,3917,4074,3585,4056,5457,5363,4022,4284,6625,6523,4257,3732,4443,4416,3910,3.10636,0.0151293,8.62768,48.26
25489,3377,3466,3279,3167,4059,4011,3638,3290,5916,6183,4261,3459,7437,7643,4780,3700,18.8753,-13.823,8.5444,47.7773
25490,3133,3274,3898,3842,3405,3676,4750,5732,3490,3982,6260,8856,3448,3804,4801,5960,7.06004,20.2628,8.79818,48.2073
25491,4017,4590,4327,3896,4375,7088,5913,4040,4343,5762,5116,3902,3692,3915,3859,3654,-3.3933,-2.72647,8.51696,48.326
25492,3121,3319,3428,3541,3201,3627,4151,4124,3563,4334,6522,6220,3604,4517,7530,7292,17.3762,14.3583,8.99818,48.0627
25493,3494,4045,6100,11089,3414,3750,5062,7430,3095,3429,3789,4127,2995,3253,3359,3437,-20.3505,26.1267,8.979,47.912
25494,3626,3616,3288,3081,4910,4144,3569,3348,9232,5069,3767,3277,8350,5355,3879,3304,13.6183,-30.7209,8.66858,47.8767
25495,3363,3398,3133,2989,4054,3871,3495,3246,6955,4817,3824,3341,12209,6033,4022,3338,23.2148,-28.5673,8.99421,48.0587
25496,3220,3397,3392,3382,3563,3907,3743,3601,4404,5759,5345,4115,4850,8084,7155,4577,21.3446,-1.69079,8.56991,48.3293
25497,3547,4038,4883,4520,3681,4869,7790,5537,3593,4253,5826,4783,3328,3564,3934,3863,-4.59099,9.14066,8.72174,48.006
25498,4406,4124,3540,3243,6780,5464,3855,3358,7721,5986,3998,3366,4844,4513,3662,3243,2.00997,-19.1643,8.98378,48.0687
25499,3268,3467,3468,3470,3395,3916,4058,3872,3926,5457,7363,4816,4086,5582,7195,4950,14.9884,4.91379,8.80112,48.1927
25500,4692,5199,4131,3554,5885,8044,4828,3681,4760,5520,4087,3569,3697,4014,3501,3278,-5.87333,-10.2018,8.9939,48.2933
25501,3533,3540,3278,3137,4463,4254,3700,3206,7694,6152,4099,3474,7669,6226,4258,3497,14.7969,-18.5753,8.96188,48.12
25502,6755,9743,5673,3937,4825,5353,4251,3703,3715,3779,3742,3357,3340,3439,3211,3172,-28.5945,-9.13634,8.54727,47.9967
25503,4848,7804,7603,4712,4253,5501,5320,4151,3583,3919,3795,3686,3245,3463,3276,3181,-21.8181,-0.434826,8.72751,48.2267
25504,3156,3432,3526,3346,3502,3687,4044,3910,3918,4811,6353,4857,3949,5648,8709,5864,19.7282,6.59727,8.92235,48.4747
25505,4035,3954,3570,3290,5397,5465,3874,3373,7240,7504,4247,3506,5114,4844,3849,3380,4.80567,-15.077,8.9338,48.428
25506,3392,3439,3246,3144,3948,3764,3491,3259,6061,4710,3622,3407,12874,6057,3864,3479,31.248,-30.314,8.80972,47.838
25507,5403,9574,7156,4333,4372,5160,4729,3850,3605,3767,3714,3491,3231,3353,3198,3271,-28.549,-3.85166,8.88208,48.138
25508,3418,4013,6238,11331,3363,3764,5087,7066,3206,3428,3866,4126,3055,3201,3329,3469,-21.1729,25.0919,8.86193,47.9733
25509,4675,4149,3484,3274,7930,4999,3653,3341,8473,5286,3807,3349,4828,4283,3538,3225,0.775793,-24.1743,8.96184,48.196
25510,3613,4628,7949,6911,3580,4383,6662,5761,3416,3620,4084,3943,3196,3303,3460,3436,-18.4007,12.1881,8.84112,47.9633
25511,5298,9211,7214,4431,4376,5143,4790,4027,3520,3772,3715,3575,3243,3191,3387,3244,-31.555,-3.25322,8.63996,48.0913
25512,3446,3630,3464,3362,3882,4449,4128,3665,4854,7524,6023,3946,4549,6107,5257,4143,12.3365,-2.96976,8.9363,48.286
25513,3696,4714,7029,6027,3601,4543,7220,5913,3539,3845,4414,4234,3228,3375,3583,3520,-14.3309,11.1119,8.53608,48.3207
25514,7424,6385,4238,3493,7598,6378,4141,3387,4556,4248,3631,3286,3538,3574,3344,3150,-14.7341,-18.0511,8.9018,48.2473
25515,3241,3492,3680,3826,3333,3650,4404,5812,3413,3787,5219,9733,3298,3750,4784,6518,8.46326,31.2441,8.68921,47.96
25516,3509,3407,3358,3100,4039,4149,3680,3295,6081,6236,4293,3610,7269,7837,4576,3690,18.4449,-13.8051,8.51529,48.086
25517,9415,8720,4400,3429,5396,5315,4187,3553,3857,3803,3591,3228,3362,3499,3234,3119,-33.954,-15.9466,8.99093,48.072
25518,3435,3511,3200,3227,4638,4155,3477,3264,9174,5107,3824,3453,8567,5507,3970,3412,14.3226,-33.4644,8.61703,47.9473
25519,3200,3390,3313,3159,3519,3810,3754,3493,4508,5040,4780,3975,5095,9321,7361,4514,29.5163,-2.67591,8.95819,48.1547
25520,3485,3251,3188,3068,3967,3833,3462,3170,5905,4886,3938,3387,11551,7323,4082,3312,30.2168,-21.1632,8.89054,47.872
25521,3258,3582,4394,4420,3385,4017,6060,6709,3355,4140,6138,6934,3335,3667,4356,4536,0.647319,16.9584,8.8563,48.1907
25522,3739,4669,7098,5867,3509,4601,7519,5818,3337,3832,4330,4244,3175,3306,3576,3510,-14.2499,10.8089,8.70569,48.0867
25523,3561,4001,3879,3541,4328,5641,5031,3872,4443,7169,5947,4055,4053,4741,4378,3815,3.62137,-3.06049,8.69463,48.3033
25524,12419,6274,3942,3433,5935,4776,3736,3305,3921,3708,3449,3207,3410,3475,3287,3169,-29.9865,-26.8823,8.68125,47.6307
25525,5996,4596,3710,3374,9773,5353,3720,3312,6388,4523,3534,3281,4153,3900,3497,3175,-5.97254,-27.9215,8.69233,48.19
25526,3544,3771,4367,4149,3622,4637,7048,5329,3605,4484,6822,5269,3442,3748,4385,4121,-0.523507,9.57463,8.78786,48.2287
25527,3504,3967,4662,4393,3716,4958,7683,5409,3581,4373,6309,4928,3376,3682,4082,3912,-2.96876,8.35723,8.90341,48.3567
25528,3932,3972,3608,3307,5090,5944,4169,3454,5884,7692,4647,3614,4504,4776,3969,3538,3.9511,-10.621,8.96524,48.0667
25529,5347,9179,7177,4418,4419,5318,4743,4006,3524,3767,3666,3484,3240,3435,3393,3168,-24.8067,-3.34237,8.86709,48.1893
25530,3738,3756,3324,3164,5010,4563,3682,3294,8257,6737,4200,3458,6142,5447,4021,3357,9.9469,-18.0581,8.83244,48.1
25531,4543,4850,3926,3476,5780,7768,4735,3677,4773,6011,4283,3480,3857,3964,3637,3263,-4.31701,-10.2066,8.95045,48.0153
25532,3933,3965,3611,3241,5181,5725,4085,3643,6396,7794,4440,3445,4756,4845,4051,3521,4.58002,-12.1752,8.84674,48.4213
25533,3138,3339,3338,3448,3337,3791,4025,3661,3778,4513,6075,4957,3967,5668,9084,6336,21.2873,8.13875,8.71237,48.3033
25534,4325,6583,7513,4828,4207,5666,6315,4515,3609,3752,4001,3720,3293,3299,3371,3362,-18.0238,2.23434,8.85317,48.2393
25535,3309,3903,5488,9270,3416,3876,5175,8527,3422,3594,4112,4502,3136,3267,3368,3555,-16.0894,32.2041,8.52259,47.9467
25536,3185,3224,3461,3456,3253,3592,3942,4048,3446,4043,5754,6258,3591,4473,7920,8455,20.3952,15.8397,8.82759,48.0673
25537,3174,3200,3446,3522,3316,3592,4050,4497,3345,3831,5169,8337,3403,3949,5586,9426,16.8023,33.7695,8.70992,47.8953
25538,5465,7394,5368,3914,5054,7104,5160,3711,3931,4207,3854,3457,3391,3444,3385,3256,-16.1794,-6.80618,8.6225,48.0633
25539,4087,3842,3415,3158,6140,4471,3854,3247,9683,5468,3844,3342,6032,4730,3694,3336,6.95899,-25.4979,8.50677,48.2287
25540,3543,4377,8227,9991,3515,3947,5045,5665,3166,3414,3811,3823,3110,3320,3316,3485,-31.1975,17.5349,8.70734,47.8367
25541,3356,3951,5635,10533,3287,3872,4937,7786,3328,3646,3926,4305,3122,3216,3385,3419,-18.9444,32.1098,8.92555,47.8027
25542,3122,3222,3483,3610,3381,3651,4241,4565,3367,4054,6394,7983,3487,4053,6160,7433,14.2299,18.3975,8.92308,48.1373
25543,4054,5983,9921,6341,3712,4355,5341,4759,3320,3649,3832,3681,3259,3265,3400,3366,-32.0461,7.40471,8.79932,48.1587
25544,4068,3828,3259,3175,5699,4876,3647,3230,8921,6173,3967,3425,6062,5023,3835,3229,7.3517,-20.7612,8.65744,48.278
25545,6696,9519,5535,3856,5065,5838,4468,3721,3725,3839,3655,3440,3194,3312,3319,3166,-23.104,-9.30288,8.9847,48.232
25546,3457,3519,3304,3142,4082,3851,3478,3210,7255,5224,3845,3354,10502,6407,3950,3442,20.1266,-23.5227,8.83546,48.0147
25547,3680,3736,3595,3383,4478,5215,4021,3492,5756,8054,4880,3667,4889,5518,4203,3739,7.8193,-9.09145,8.50928,48.204
25548,3424,4013,6036,12269,3254,3766,4885,6646,3153,3487,3768,3977,3096,3126,3443,3393,-24.1643,29.721,8.7008,47.824
25549,3407,3363,3295,3136,3683,3896,3639,3358,4861,5181,4425,3646,6935,10015,5500,3757,31.2299,-9.49479,8.68341,48.0647
25550,9804,5764,3914,3311,8172,5065,3776,3426,4391,3941,3566,3295,3634,3479,3261,3061,-17.8791,-28.3248,8.50601,47.9067
25551,3450,4117,7602,10769,3351,3862,5023,5654,3282,3524,3846,4000,3187,3279,3402,3403,-33.5764,19.6422,8.83217,47.834
25552,3089,3311,3345,3412,3324,3409,3749,3836,3381,3795,4717,6016,3341,3833,6090,12868,29.3086,31.0811,8.94674,47.6773
25553,3381,3645,3713,3502,3780,4369,4709,3950,4154,6471,7244,4539,3953,5222,5523,4318,9.64216,2.01291,8.76832,48.3153
25554,3451,3936,5269,5623,3504,4285,7349,7544,3227,3800,4887,5079,3212,3504,3762,3833,-8.20738,15.7676,8.91413,48.1767
25555,3410,3384,3207,3071,3846,3769,3469,3434,5706,5026,3929,3433,10713,7917,4320,3402,28.8528,-18.7664,8.88988,48.024
25556,3349,3415,3192,3155,3994,3719,3608,3258,5904,4932,3883,3369,10507,7840,4260,3385,27.1069,-19.4971,8.79122,47.8467
25557,3411,3837,6102,11955,3315,3776,4909,7015,3124,3490,3772,4029,3039,3249,3382,3481,-23.0444,27.664,8.85439,47.924
25558,3314,3812,5163,7596,3428,3875,5514,9415,3321,3556,4298,5091,3160,3361,3630,3784,-11.6501,25.425,8.58587,48.212
25559,3177,3301,3518,3323,3481,3803,3984,3647,4021,5224,6178,4426,4361,6597,8087,5135,19.5439,3.04269,8.90243,48.1753
25560,3616,3567,3212,3016,4654,3987,3469,3204,8895,5196,3782,3395,9370,5513,3748,3446,16.0684,-28.1676,8.93739,48.0467
25561,3111,3151,3487,3455,3226,3477,3908,4380,3323,3890,5003,8322,3386,4018,5494,9916,17.4211,32.8581,8.95294,47.698
25562,6143,9991,5955,4009,4645,5319,4373,3758,3699,3818,3627,3441,3227,3407,3328,3324,-31.1774,-7.0469,8.92778,48.0427
25563,6270,9732,6063,4025,4653,5661,4516,3791,3791,3855,3544,3322,3252,3386,3315,3192,-25.3748,-7.40492,8.6415,48.2453
25564,3159,3378,3759,4042,3252,3681,4745,5751,3362,4018,5928,9192,3495,3855,4902,6115,7.3807,21.8451,8.94036,48.4227
25565,3402,3516,4079,4515,3430,3862,5307,7377,3444,3931,5726,7919,3216,3640,4255,4791,1.1459,20.443,8.85742,48.2733
25566,3171,3129,3483,3576,3242,3522,4051,4532,3458,4011,5846,7875,3443,4064,6224,8539,16.3636,20.4928,8.67396,48.1107
25567,3151,3360,3522,3384,3523,3701,3991,3743,3853,4725,6256,4816,4091,5718,8552,5907,20.2737,6.95864,8.63586,48.1953
25568,5856,4554,3606,3344,9825,5195,3854,3363,6561,4525,3741,3221,4034,3943,3481,3282,-5.69613,-29.9041,8.78005,48.2567
25569,3297,4054,5840,6735,3510,4003,6775,7955,3172,3739,4413,4768,3145,3363,3782,3641,-11.7497,17.6338,8.94258,48.128
25570,4700,4136,3541,3222,8214,5113,3759,3430,8298,5080,3751,3239,4820,4207,3613,3202,0.19023,-26.5446,8.61975,48.2167
25571,4028,6202,8727,5600,3863,4881,6099,4553,3560,3789,3834,3763,3199,3336,3471,3376,-20.9757,4.92727,8.89625,48.1873
25572,3264,3572,4060,4122,3507,4113,5928,5977,3602,4163,6701,6798,3440,3727,4609,4710,2.34567,15.4659,8.56497,48.1953
25573,3566,3490,3356,3269,4604,3992,3657,3215,8628,5123,3771,3413,9149,5465,3925,3356,15.8051,-32.4944,8.55491,47.986
25574,3462,3463,3184,3116,3839,3738,3557,3289,5751,5238,4116,3407,9613,8376,4513,3555,27.6502,-16.7378,8.53327,48.1447
25575,3798,4040,3735,3383,4664,5683,4326,3568,5316,7783,4854,3720,4482,4947,4181,3690,4.69789,-8.22507,8.56902,48.1133
25576,3041,3262,3547,3669,3208,3551,4242,4854,3478,3865,5606,9044,3236,3889,5457,7930,13.0009,23.2367,8.9644,47.9193
25577,10155,5608,3797,3285,8172,5032,3946,3431,4357,3958,3549,3235,3525,3522,3223,3186,-17.8185,-29.1857,8.6952,47.9873
25578,3824,3747,3564,3229,4952,5166,3864,3374,6964,7860,4345,3565,5171,5333,4045,3494,7.02768,-14.0523,8.98441,48.3313
25579,3463,3269,3236,3178,4029,3818,3441,3189,6161,4998,3828,3447,11406,7078,4190,3440,25.8096,-21.4242,8.69361,48.114
25580,3414,3461,3285,3109,3999,3950,3622,3395,5624,6273,4347,3644,7049,8591,4957,3661,19.3639,-12.0412,8.9936,48.254
25581,3262,3605,4389,5669,3348,3789,5102,9818,3265,3600,4571,6607,3176,3387,3797,4190,-4.91537,31.2268,8.78432,47.7167
25582,3170,3371,3822,4091,3304,3775,4991,5558,3505,3987,6543,8047,3352,3873,4921,5507,6.25583,18.1945,8.53774,47.878
25583,9710,8198,4356,3567,5605,5040,3862,3491,4077,3919,3408,3170,3420,3429,3223,3105,-33.0617,-17.0229,8.62658,47.72
25584,3489,3921,4436,4355,3538,4548,7001,5594,3757,4480,6643,5378,3393,3848,4258,4165,-0.944537,10.7668,8.71532,48.536
25585,3067,3196,3312,3405,3170,3528,3934,4274,3342,3860,5106,7327,3300,3879,5950,11058,20.4593,27.7722,8.70564,47.8053
25586,3140,3232,3598,3668,3314,3490,4076,4639,3380,3943,5194,9205,3440,3834,5325,8635,14.4156,32.0128,8.83106,48.0753
25587,4162,3777,3482,3170,6665,4467,3579,3371,9863,5197,3750,3453,5849,4507,3607,3361,5.54448,-30.0254,8.97823,48.1733
25588,3083,3186,3260,3392,3292,3497,3777,3895,3394,3734,4859,6294,3316,3973,6037,12770,28.1143,27.4402,8.97984,47.8393
25589,3418,3363,3158,3141,3882,3729,3418,3290,6041,4718,3838,3367,12357,6291,3937,3465,29.0979,-26.1864,8.70009,47.6087
25590,3232,3327,3381,3261,3596,3824,3719,3494,4476,5454,4769,4004,5279,9097,7009,4309,26.0885,-3.33586,8.50089,48.154
25591,4118,6870,9545,5665,3930,4572,5209,4345,3494,3680,3798,3681,3157,3351,3370,3174,-29.5868,4.55533,8.71323,47.9727
25592,4755,8422,8048,4773,4210,5119,5036,4081,3664,3811,3834,3623,3358,3323,3343,3173,-25.5011,-0.322626,8.75363,48.382
25593,3848,4655,5338,4369,3943,5843,7881,4898,3766,4392,5127,4067,3315,3725,3765,3498,-7.49264,4.60733,8.69035,48.2867
25594,5132,8803,7449,4513,4311,5285,4774,4142,3601,3841,3831,3464,3236,3341,3294,3160,-26.3452,-2.22168,8.59701,48.118
25595,3553,4168,4926,4378,3786,5013,7904,5459,3622,4268,5803,4700,3494,3658,4034,3874,-4.41324,8.51213,8.63736,48.4267
25596,3175,3422,3580,3763,3225,3563,4404,5481,3405,3882,5317,9761,3346,3734,4922,7152,10.024,30.5439,8.84162,48.088
25597,3326,3469,3232,3108,4010,3896,3531,3305,5747,5214,3897,3456,9983,7994,4427,3453,25.5528,-17.9358,8.57192,48.032
25598,3413,3516,3270,3038,3887,3890,3649,3305,5543,5868,4192,3564,7682,8757,4844,3598,22.7212,-12.9163,8.81077,48.0107
25599,3177,3453,3947,4203,3268,3785,4640,6615,3330,3753,5452,9426,3344,3648,4509,5576,5.00038,24.4145,8.65742,48.084
25600,3548,4333,8138,9711,3523,4036,5102,5632,3226,3553,3836,3808,3176,3204,3436,3327,-27.7998,17.0786,8.52327,47.726
25601,3342,3928,6462,11775,3438,3793,4941,6364,3209,3476,3863,3948,3023,3157,3459,3454,-25.8746,24.6676,8.55996,47.7547
25602,4553,7643,8430,5010,4065,5107,5375,4222,3421,3766,3779,3522,3287,3324,3359,3233,-24.5994,1.51185,8.6168,48.064
25603,3119,3250,3365,3341,3207,3403,3837,3955,3228,3786,4983,6084,3401,3862,6499,12117,33.5851,24.8831,8.59504,47.6247
25604,3130,3253,3690,3977,3221,3668,4366,5946,3416,3811,5138,10013,3389,3751,4668,6456,8.00859,31.0688,8.7673,47.9287
25605,3373,3883,5396,8317,3415,3921,5276,9100,3259,3590,4067,4685,3244,3257,3555,3706,-13.8122,33.6866,8.56892,48.0293
25606,5291,4223,3606,3229,9293,5156,3847,3412,7188,4920,3710,3385,4411,4042,3473,3033,-2.93921,-28.1117,8.75318,48.146
25607,3470,4259,7273,9656,3357,3948,5498,6473,3143,3513,3920,4211,3142,3153,3404,3474,-21.7866,19.1638,8.55153,47.9293
25608,3321,3330,3232,3050,3945,3941,3408,3223,6302,4732,3749,3439,12471,5858,4109,3386,26.0363,-33.78,8.89352,47.664
25609,3204,3343,3364,3509,3277,3482,3965,4534,3479,3785,5309,8743,3379,3917,5377,9154,15.6513,31.9057,8.93437,47.8807
25610,6711,9965,5688,3818,4839,5513,4327,3776,3738,3829,3602,3346,3272,3519,3300,3192,-26.2891,-8.97888,8.8086,48.29
25611,3127,3174,3381,3332,3145,3466,3918,3961,3595,3901,5351,5940,3367,4314,7882,10495,25.2249,18.5315,8.84292,48.2327
25612,3112,3369,3566,3420,3495,3887,4053,3820,4006,5361,6748,4869,4108,5771,7424,5060,16.4253,4.52123,8.59575,48.046
25613,4261,4959,4421,3737,4984,7778,5644,4022,4227,5412,4442,3797,3679,3868,3615,3501,-6.24136,-4.49236,8.50881,48.2313
25614,3445,3346,3200,3077,3914,3885,3470,3224,6033,4839,3748,3358,12170,6855,3965,3402,28.8315,-23.592,8.99469,47.954
25615,9200,5826,3917,3453,8113,5473,3938,3397,4401,4013,3560,3207,3454,3479,3142,3026,-16.6225,-22.9277,8.72173,47.7327
25616,3916,4529,4353,3895,4620,6962,6104,4113,4144,5731,5214,3892,3668,4023,3920,3513,-2.85151,-2.06615,8.77029,48.398
25617,3339,3806,4965,7034,3302,3966,5287,9863,3222,3600,4325,5267,3118,3366,3590,3781,-9.85139,32.9191,8.92046,47.8873
25618,4233,4949,4328,3812,5125,7820,5614,4002,4328,5527,4555,3706,3700,3846,3607,3414,-5.82505,-5.41322,8.70901,48.3773
25619,4121,5223,5721,4326,4183,6311,7268,4683,3780,4306,4691,3901,3418,3552,3605,3437,-11.0353,2.22991,8.56732,48.3507
25620,8432,9067,4718,3544,5418,5211,4084,3529,3921,3845,3669,3290,3432,3313,3188,3154,-33.4781,-14.1761,8.68368,47.8767
25621,3156,3231,3348,3341,3457,3628,3925,3781,3751,4389,6068,5227,3902,5309,9093,6613,21.9996,9.75659,8.63926,48.146
25622,11056,5720,3996,3482,7583,4916,3858,3504,4196,3887,3417,3249,3466,3360,3235,3126,-19.834,-31.9562,8.85735,48.034
25623,3197,3413,3322,3275,3546,3792,3787,3511,4166,5280,5293,4255,4818,7783,7872,4715,22.4596,0.0398963,8.62743,48.0167
25624,3074,3267,3562,3487,3387,3482,3973,4187,3438,4077,5719,6575,3427,4335,7480,9229,20.7005,17.8153,8.85054,48.466
25625,3643,3946,3887,3480,4223,5326,4763,3788,4610,7469,6086,4047,4187,4781,4591,3759,5.22762,-3.08215,8.62159,48.3907
25626,4134,3939,3558,3370,5494,5759,4179,3545,6627,7301,4441,3505,4745,4849,3914,3429,3.95707,-13.6958,8.63024,48.526
25627,3442,4221,7049,8150,3504,4011,6049,6817,3359,3614,4201,4293,3044,3279,3459,3455,-17.3782,17.7508,8.64145,47.9647
25628,3479,3536,3598,3396,3880,4443,4210,3531,4729,7558,5880,4095,4762,6042,5141,4031,11.8944,-4.0127,8.6751,48.2073
25629,3214,3665,4185,4617,3425,3824,5400,7457,3355,3898,5642,8016,3284,3700,4254,4885,1.18101,20.9083,8.97764,48.5473
25630,3325,3343,3312,3146,3723,3810,3716,3436,4665,5305,4427,3872,6057,9778,6315,4061,28.3968,-6.44102,8.54959,48.194
25631,3524,4406,6772,7289,3438,4237,6733,6869,3449,3554,4199,4350,3118,3299,3575,3472,-15.632,15.6789,8.80571,48.1893
25632,3896,3989,3575,3231,5247,5394,3923,3359,7055,7464,4347,3575,4997,5003,3947,3483,5.72235,-14.3588,8.88301,48.3233
25633,3528,3516,3456,3139,4618,4279,3663,3245,8037,6208,3892,3408,7507,6004,4150,3430,14.3613,-18.9454,8.63684,48.0533
25634,3824,4406,4163,3600,4510,6834,5989,3989,4332,6087,5375,3937,3735,4067,3963,3544,-1.80196,-2.17085,8.98951,48.2367
25635,3515,3547,3267,3108,4730,4142,3609,3296,9162,5158,3848,3413,8749,5407,3828,3360,14.2293,-30.6968,8.94355,48.0927
25636,3140,3259,3582,3501,3298,3380,4034,4161,3360,3957,5446,6794,3350,4098,6959,10037,20.8057,20.6368,8.66341,48.2373
25637,3377,4107,6665,11154,3437,3845,5141,6697,3238,3442,3831,4077,3162,3223,3483,3435,-22.5618,22.8827,8.6846,48.2093
25638,3891,5335,8222,5974,3680,4791,6693,5265,3386,3774,4016,3925,3081,3352,3473,3422,-18.37,8.57124,8.81116,48.1867
25639,3127,3425,3551,3606,3487,3828,4721,4235,3682,4883,8083,5931,3665,4635,6301,5249,11.4071,9.62349,8.99097,48.2727
25640,6155,4526,3692,3424,9874,5265,3741,3239,6390,4551,3695,3312,4072,3697,3362,3217,-6.29083,-27.8847,8.94931,48.1413
25641,5374,4957,3867,3394,7854,6968,4254,3606,5644,4944,3740,3384,3951,3922,3502,3082,-6.07856,-17.2566,8.54184,48.2953
25642,3060,3357,3722,3962,3311,3608,4456,5724,3375,3771,5379,9899,3320,3697,4838,6841,9.32942,26.4156,8.65721,48.2133
25643,3238,3387,3724,3764,3364,3949,5012,4953,3625,4281,7456,7072,3476,4007,5272,5340,7.62337,13.9395,8.62922,47.9467
25644,3465,3700,4091,4121,3471,4211,6001,5381,3473,4441,7354,5922,3565,3870,4578,4560,2.58812,12.1203,8.55647,48.136
25645,3377,3958,4659,4351,3604,4549,7446,5937,3547,4301,6197,5244,3409,3634,4126,4131,-2.857,10.8692,8.84409,48.3133
25646,3237,3644,4469,4946,3385,3846,5506,7948,3258,3803,5195,7631,3220,3489,4143,4676,-1.12155,21.9969,8.84523,48.264
25647,3403,3997,6574,12172,3365,3813,4825,6276,3210,3374,3710,3887,3030,3247,3412,3388,-27.1119,24.7101,8.74062,47.7887
25648,3399,3893,5582,8652,3464,4062,5481,8862,3266,3528,4011,4566,3094,3239,3516,3605,-14.7042,23.7911,8.85711,48.1467
25649,6612,9771,5653,3926,4820,5549,4372,3793,3657,3795,3614,3367,3373,3348,3346,3085,-25.997,-8.70778,8.71154,48.054
25650,3520,3960,4072,3828,3983,5220,6125,4406,4060,5737,6672,4383,3651,4214,4442,3990,1.66703,2.94238,8.67863,48.1753
25651,10452,5626,3946,3296,7859,4890,3877,3363,4339,4031,3435,3216,3589,3523,3260,3199,-18.525,-31.7556,8.53918,47.934
25652,3459,4187,6979,9637,3468,3892,5480,7029,3360,3482,3905,4214,3144,3224,3332,3314,-19.9375,19.7108,8.99648,48.0707
25653,3170,3157,3332,3311,3325,3516,3776,3954,3321,3843,4805,5897,3418,3953,6744,11772,31.0069,22.8653,8.86849,47.5293
25654,4453,5899,5532,4229,4329,6937,6473,4318,3767,4395,4324,3751,3314,3680,3533,3372,-12.2585,-0.964193,8.91133,48.204
25655,6090,8354,5356,4015,5076,6468,4662,3783,3848,4025,3728,3392,3415,3562,3359,3230,-18.7973,-8.03516,8.66606,48.242
25656,3238,3266,3421,3286,3502,3729,3747,3515,4156,4883,5100,4238,4830,8346,8095,4747,26.9717,-0.318252,8.79757,48.066
25657,5093,4331,3582,3273,8514,5185,3765,3371,7438,4962,3747,3363,4643,4181,3498,3201,-1.38305,-24.6282,8.5127,48.098
25658,3386,4066,6162,10893,3358,3703,5119,7307,3130,3500,3803,4180,3099,3175,3403,3419,-20.7719,25.5761,8.73506,47.802
25659,3284,3413,3245,3150,3754,4014,3745,3365,5042,5711,4415,3688,6684,9541,5489,3711,23.5048,-9.45225,8.86262,48.1673
25660,3103,3382,3666,3864,3249,3680,4467,5319,3407,3931,6128,9295,3352,3804,5057,6650,9.66738,21.8888,8.9234,48.236
25661,3655,4249,6731,6594,3613,4314,6926,6759,3430,3751,4358,4496,3137,3294,3526,3447,-14.5496,14.5389,8.55785,48.1867
25662,3336,3517,3391,3349,3839,4214,3998,3522,4869,7533,5531,3957,5116,7005,5384,4075,14.5617,-5.22983,8.86773,48.424
25663,3132,3340,3344,3275,3546,3770,3776,3579,4089,4853,4877,4234,4805,7947,8483,4940,30.1948,0.510768,8.75697,47.9933
25664,5114,4311,3608,3242,8564,5029,3725,3297,7671,4803,3688,3409,4656,4048,3441,3194,-1.6374,-30.0041,8.58047,47.8667
25665,3586,3371,3218,3222,4311,3908,3583,3209,8188,5140,3797,3428,10093,5523,3961,3335,17.5898,-33.0606,8.8212,47.9153
25666,3003,3249,3378,3436,3373,3526,3999,3922,3603,4204,6022,5755,3679,4621,8581,7880,21.0539,13.7456,8.67242,48.154
25667,7150,10038,5356,3909,5002,5505,4126,3643,3756,3751,3555,3352,3337,3378,3217,3147,-26.6384,-10.5488,8.91302,48.148
25668,11775,6854,3957,3381,5994,4988,3870,3355,3869,3779,3391,3256,3431,3443,3173,3138,-31.3382,-22.8807,8.84698,47.7693
25669,10244,5647,3996,3317,8062,5062,3749,3359,4312,3957,3575,3355,3506,3391,3284,3106,-18.0238,-30.33,8.65012,47.948
25670,11394,7252,4103,3495,6028,5055,3866,3411,3939,3760,3414,3188,3445,3357,3284,3054,-26.972,-21.1167,8.83158,48.03
25671,4517,7539,8784,5129,4046,4759,5110,4325,3504,3658,3843,3566,3223,3357,3303,3164,-32.6874,2.04506,8.55392,47.8847
25672,3168,3433,3923,4100,3418,3831,5243,5623,3492,4142,7019,7710,3343,3827,5042,5332,6.04782,16.5192,8.98325,48.4307
25673,4500,4236,3651,3291,7267,5799,3918,3343,7251,5802,3974,3393,4651,4209,3665,3286,0.140662,-18.9351,8.70978,48.1573
25674,4339,4392,3745,3250,6320,6514,4129,3434,6465,6534,4114,3409,4451,4461,3683,3395,0.108546,-14.6306,8.87909,48.4233
25675,9240,8027,4475,3584,6091,5388,3975,3454,3920,3958,3650,3161,3453,3237,3206,3232,-23.1035,-17.0177,8.80356,48.034
25676,4026,6438,9993,5992,3819,4433,5207,4615,3449,3708,3826,3570,3192,3328,3439,3310,-30.3296,6.38537,8.82224,48.23
25677,3004,3197,3350,3316,3227,3517,3848,4068,3468,3950,4910,5997,3424,4272,7292,11110,26.4936,20.5932,8.90032,47.9667
25678,3129,3191,3397,3573,3200,3529,4042,4200,3511,4027,5597,6593,3463,4376,7239,9093,19.9148,18.5392,8.69208,48.1067
25679,3169,3257,3461,3432,3182,3487,3793,3938,3433,3801,4689,6061,3252,4055,6243,12070,30.9487,25.4174,8.51191,47.5487
25680,10518,6384,3996,3354,7165,5119,3881,3419,4200,3870,3474,3357,3402,3359,3227,3135,-20.4075,-23.854,8.57411,47.9067
25681,3704,3720,3481,3283,4719,4954,3796,3329,6427,8011,4601,3670,5263,5598,4174,3453,8.74271,-12.2876,8.87259,48.122
25682,3416,3440,3259,3231,4062,4008,3712,3345,5390,6650,4650,3701,6388,8339,5055,3675,18.2616,-9.85001,8.82581,48.214
25683,3872,3686,3402,3200,5416,4295,3566,3234,9825,5307,3835,3409,7101,4965,3713,3345,10.2794,-28.4047,8.6283,48.114
25684,3980,4509,4390,3824,4119,6372,6438,4327,4129,5611,5644,4026,3658,3831,3989,3706,-2.32578,0.109344,8.67729,48.3687
25685,3201,3479,3691,3576,3474,4036,4932,4344,3804,5017,8238,5700,3658,4411,5836,5062,9.70359,9.49121,8.72943,48.306
25686,3822,4752,4674,4090,4419,6503,7034,4297,3952,4976,5031,3984,3510,3772,3812,3497,-5.61747,0.57042,8.58252,48.0833
25687,5755,8972,5873,4045,4829,6361,4915,3801,3813,3945,3662,3387,3312,3391,3241,3227,-20.2577,-6.43308,8.95574,48.3527
25688,3265,3402,3957,4079,3374,3676,4606,6785,3347,3728,5251,9588,3299,3648,4473,5802,5.15875,26.819,8.84799,48.1867
25689,12649,6099,4002,3383,6018,4865,3806,3330,4014,3726,3360,3186,3391,3418,3199,3156,-29.4173,-28.5426,8.73993,47.7347
25690,6253,10003,5755,3869,4798,5315,4481,3696,3693,3814,3736,3348,3463,3372,3368,3157,-32.1269,-7.54698,8.77087,48.0807
25691,5412,5490,4179,3466,6962,7674,4372,3474,4881,4957,3966,3354,3792,3775,3487,3257,-8.6325,-13.7551,8.77268,48.332
25692,3229,3648,4398,4628,3469,4170,6096,6599,3455,3955,6177,6582,3228,3744,4246,4645,0.0823655,16.1038,8.52398,48.1793
25693,3072,3395,3497,3266,3388,3714,3978,3897,3675,4404,6133,5393,3840,5128,8673,6764,20.193,10.5291,8.76683,48.1447
25694,4452,6362,6407,4649,4201,6249,6390,4336,3686,4140,4129,3713,3367,3410,3575,3403,-15.1162,0.538752,8.69897,48.3127
25695,3138,3285,3374,3414,3179,3390,3741,3943,3410,3788,4709,6141,3470,3989,6254,12295,30.1917,27.46,8.52144,47.68
25696,3328,3349,3373,3198,3716,3728,3633,3440,4795,5263,4436,3635,6020,9984,6179,3932,33.8052,-7.10642,8.91561,48.006
25697,4275,3981,3498,3205,6745,5020,3812,3253,8897,5651,3812,3265,5373,4423,3669,3259,4.00905,-22.7294,8.52758,48.092
25698,3353,3677,4996,7572,3353,3772,5344,9851,3219,3493,4316,5178,3135,3375,3533,3785,-11.416,28.9803,8.9036,47.968
25699,4270,3729,3301,3108,6631,4461,3569,3357,9902,5279,3835,3305,5734,4646,3612,3258,5.65114,-27.8284,8.99131,47.998
25700,3304,3642,4519,5507,3341,3865,5504,9293,3393,3674,4686,6581,3184,3452,3775,4291,-5.06535,24.5322,8.66636,48.0073
25701,3422,4166,6953,10177,3339,3908,5219,6662,3224,3418,3904,4121,3176,3305,3479,3480,-21.6461,20.6156,8.59014,47.9687
25702,12512,6048,3911,3529,6254,4799,3781,3480,4080,3784,3395,3227,3370,3365,3273,3119,-26.9811,-28.3637,8.57478,47.9513
25703,5184,4453,3614,3215,9259,5129,3612,3360,7274,4809,3712,3356,4330,3963,3450,3195,-3.07494,-30.3819,8.93602,47.9433
25704,8162,9331,4830,3514,5207,5171,4073,3538,3783,3842,3547,3338,3417,3369,3266,3171,-32.2907,-13.0973,8.78604,47.706
25705,5320,4323,3611,3199,9050,5155,3901,3412,7468,4917,3700,3168,4513,3959,3483,3121,-2.755,-28.2204,8.71763,48.2
25706,3808,4236,3968,3596,4306,6475,5610,3948,4293,6487,5503,3963,3836,4244,4179,3626,0.054124,-2.56956,8.5293,48.052
25707,3352,3499,3360,3224,3681,4025,4147,3656,4408,6445,6112,4198,4590,6699,6572,4399,16.2204,-0.684007,8.66207,48.2447
25708,3421,3851,4238,3994,3733,4653,6603,4984,3637,4845,7194,5150,3494,3946,4522,4138,1.14053,8.16305,8.62478,48.2687
25709,3177,3146,3373,3325,3282,3524,3927,3827,3549,4065,5198,5399,3624,4764,8784,9002,27.4217,15.2287,8.78168,47.9773
25710,3200,3484,3678,4068,3241,3574,4505,6148,3508,3756,5181,10029,3290,3620,4748,6156,7.03631,29.2393,8.91311,48.124
25711,3027,3284,3339,3351,3301,3497,3791,3923,3237,3735,4854,5997,3399,3946,6275,12460,33.4355,25.0391,8.90045,47.6107
25712,3387,3399,3276,3134,3897,3831,3485,3114,6988,4878,3869,3426,11754,5903,3885,3506,22.3759,-31.3623,8.71406,47.8213
25713,3223,3628,4407,5608,3475,3797,5134,9333,3264,3617,4687,7025,3267,3410,3877,4364,-3.84232,28.8976,8.52948,48.0773
25714,5227,9225,6769,4252,4463,5522,4913,3922,3689,3802,3737,3487,3233,3399,3290,3156,-22.9061,-3.96355,8.97316,48.0573
25715,3500,3486,3197,2963,4451,3915,3513,3262,8099,5016,3823,3336,10203,5733,3838,3425,18.3385,-28.9066,8.8681,47.84
25716,3413,4111,5831,5784,3624,4354,7717,7019,3487,3814,4730,4599,3129,3464,3818,3819,-10.397,14.193,8.87063,48.4753
25717,4135,5539,6619,4629,4048,5761,7361,4680,3666,4040,4327,3869,3301,3414,3423,3446,-13.5347,3.24849,8.71233,48.172
25718,3380,3923,5942,12748,3427,3710,4628,5882,3157,3416,3670,3975,3197,3357,3333,3412,-32.3144,31.2821,8.91305,47.438
25719,3648,4956,9371,8092,3519,4230,5424,5303,3289,3498,3852,3833,3118,3258,3411,3322,-26.4612,12.7631,8.95558,48.0827
25720,4341,3926,3447,3210,6906,4997,3811,3282,8765,5437,3815,3403,5373,4426,3688,3297,3.68445,-23.4025,8.5003,48.0827
25721,11250,5789,3958,3267,7255,4962,3848,3427,4127,3853,3448,3240,3354,3376,3210,3110,-20.8561,-31.7474,8.70307,47.6493
25722,4110,5206,5919,4444,4030,6138,7467,4646,3644,4200,4563,3952,3363,3430,3577,3554,-11.6271,2.70387,8.87649,48.162
25723,3621,3940,3887,3584,3904,5131,5131,3875,4425,6737,6853,4397,3829,4678,4618,3953,5.04413,0.176017,8.69264,48.3753
25724,3342,3505,3763,3849,3306,3980,5109,4775,3525,4483,7808,6833,3397,4059,5346,5258,7.61422,13.5382,8.82269,48.2253
25725,5874,7943,5222,3924,5204,7030,4760,3738,3880,4168,3784,3425,3378,3616,3336,3249,-16.9344,-7.73315,8.79957,48.354
25726,4097,6299,9342,5939,3849,4657,5631,4766,3460,3553,3817,3743,3196,3323,3300,3357,-24.1727,5.91426,8.67649,48.2193
25727,3208,3425,3354,3369,3583,3767,3918,3646,4039,5365,6013,4479,4466,6698,8040,5158,20.2808,2.79578,8.53099,48.352
25728,3912,6010,9763,6291,3804,4487,5498,4705,3516,3530,3811,3643,3176,3262,3378,3318,-25.0049,7.45942,8.94556,48.0693
25729,3233,3638,4268,4727,3386,3787,5133,8040,3271,3750,4987,8165,3202,3502,4062,4805,-0.170525,26.0364,8.722,47.9707
25730,4020,5842,9146,6130,3719,4591,5858,4771,3451,3685,3880,3833,3161,3305,3369,3337,-22.3331,7.30909,8.78767,48.0653
25731,4720,7296,7194,4607,4320,5760,5770,4272,3626,3950,3902,3658,3237,3423,3439,3282,-18.8132,-0.351022,8.95913,48.304
25732,3238,3271,3227,3238,3927,3717,3443,3338,6621,4824,3805,3430,12273,6007,3952,3409,24.3127,-33.744,8.91136,47.8133
25733,3448,4061,5502,5996,3481,4266,7068,7687,3403,3730,4656,5027,3198,3413,3786,3714,-9.60831,16.5002,8.60067,48.2907
25734,4558,7092,7978,4932,4144,5252,5833,4332,3520,3925,4026,3714,3209,3440,3436,3259,-20.4706,1.66663,8.80721,48.4333
25735,3382,3423,3230,3121,4057,3879,3445,3169,6349,4765,3744,3424,12542,6068,3958,3474,26.1797,-27.923,8.65938,48.02
25736,3527,3786,4228,3948,3614,4495,6506,4889,3769,4899,7390,5018,3483,3893,4513,4230,1.64861,7.87655,8.90952,48.1253
25737,3437,3504,3299,3082,4509,4009,3472,3218,8521,5298,3941,3299,9338,5784,3939,3419,16.3804,-24.5106,8.9453,48.046
25738,2994,3456,3616,3826,3304,3566,4309,5163,3346,3920,5662,9397,3317,3868,5260,7595,11.3974,23.7246,8.89147,48.3993
25739,2991,3244,3519,3509,3251,3539,4118,4381,3399,3941,5798,7580,3515,4150,6341,8578,17.001,20.2184,8.84803,47.9027
25740,8165,5757,3988,3508,8772,5684,3827,3434,4770,4142,3582,3211,3747,3492,3194,3012,-14.1506,-22.7694,8.81942,48.19
25741,3547,3526,3447,3258,3978,4322,4034,3630,4916,7807,5427,3795,4914,6666,5059,3900,13.0042,-5.89718,8.9608,48.1507
25742,3139,3331,3594,3644,3374,3730,4405,4564,3575,4329,7308,7014,3490,4257,6309,6195,12.3714,14.2463,8.97885,48.172
25743,3473,3711,3631,3436,3822,4773,4499,3730,4483,7341,6446,4122,4327,5533,4941,4013,9.33898,-2.2103,8.81861,48.1873
25744,3582,3531,3171,3153,4642,4165,3511,3244,8843,5146,3944,3319,9073,5445,3898,3374,15.1699,-28.5701,8.53841,48.0273
25745,3261,3547,4013,4208,3437,3940,5343,6057,3397,4129,6343,7623,3296,3730,4728,5144,3.5715,17.8782,8.56232,48.1307
25746,3455,3567,3252,2980,4284,3874,3549,3333,7330,5599,4092,3435,9133,6581,4019,3426,18.1884,-20.6618,8.674,47.9393
25747,12051,6612,3825,3401,6058,4886,3833,3322,3928,3721,3471,3285,3403,3370,3249,3142,-32.5646,-24.193,8.87261,47.7047
25748,3505,3785,4044,3998,3575,4632,6243,4682,3846,5123,7415,5092,3589,3972,4612,4144,2.54377,6.89623,8.54043,48.1713
25749,3395,3686,4517,4671,3323,4204,6202,6751,3339,3938,6089,6378,3434,3644,4224,4419,-1.20706,15.9734,8.6583,48.1427
25750,5491,4495,3682,3277,9132,5414,3787,3392,6846,4840,3802,3324,4370,3994,3494,3141,-3.76385,-25.2029,8.75438,48.3207
25751,3333,3805,5221,7689,3361,3843,5123,9842,3299,3452,4200,4976,3179,3400,3618,3660,-11.8234,31.2148,8.93156,48.0007
25752,3454,3389,3300,3265,3674,3955,3663,3472,4544,5408,4498,3882,5866,9608,6189,4028,33.3724,-6.09061,8.78502,48.13
25753,12387,6070,3981,3462,6242,4729,3799,3398,3784,3640,3437,3295,3369,3326,3186,3048,-26.2613,-30.4133,8.70949,47.4353
25754,3431,3884,5989,12648,3508,3764,4710,5914,3286,3372,3718,3868,3166,3332,3410,3384,-32.9314,32.2171,8.74089,47.5893
25755,3376,3676,4789,5956,3326,3914,6002,9465,3243,3745,4716,5971,3138,3529,3838,4108,-6.83505,21.9067,8.90647,48.528
25756,7666,5226,3812,3295,9467,5310,3816,3407,5046,4205,3639,3181,3715,3698,3398,3126,-12.1729,-32.9081,8.62794,48.0047
25757,5183,8787,7576,4492,4308,5170,4878,3991,3636,3760,3723,3523,3255,3344,3334,3187,-28.0472,-2.15562,8.77857,48.098
25758,3717,3700,3353,3036,4929,4391,3681,3314,8452,6303,3959,3514,7072,5612,4006,3348,11.49,-19.5356,8.67384,48.258
25759,3385,3869,5190,6645,3476,3876,6230,8828,3211,3703,4656,5225,3242,3395,3760,3735,-9.88245,20.752,8.64228,48.284
25760,3487,3278,3199,3050,3997,3770,3444,3296,6638,4821,3886,3440,12069,5959,3819,3358,23.6212,-29.3769,8.86412,47.674
25761,7436,7459,4395,3540,6357,6582,4290,3646,4191,4010,3640,3285,3503,3458,3242,3121,-17.8522,-14.3751,8.81048,48.1033
25762,2991,3363,3407,3355,3364,3585,4040,3978,3566,4446,6013,5471,3721,5036,8838,7065,20.8078,11.4694,8.85899,48.1593
25763,5048,4252,3575,3354,8822,5216,3663,3391,7705,4864,3654,3269,4546,4083,3530,3321,-1.74711,-29.9518,8.82363,48.1953
25764,12564,6031,3959,3430,6047,4727,3778,3361,3967,3631,3458,3180,3504,3407,3296,3210,-28.2798,-31.1402,8.54981,47.7
25765,3398,4026,6240,12276,3321,3890,4751,6526,3176,3491,3849,3982,3183,3188,3368,3352,-25.4634,26.1373,8.72464,48.0113
25766,6303,4719,3711,3336,10066,5219,3744,3346,6227,4447,3609,3324,3971,3806,3370,3192,-7.10201,-29.171,8.70792,48.26
25767,3263,3461,3545,3428,3493,3909,4208,3803,3796,5127,6948,5073,3949,5347,7327,5318,16.0411,6.42051,8.59182,47.9967
25768,4075,3870,3338,3159,5950,4708,3787,3303,9105,5951,3911,3461,5992,4713,3770,3358,6.87263,-22.0692,8.51673,48.3007
25769,3059,3452,3779,3988,3320,3642,4625,6198,3350,3833,5411,9491,3339,3821,4651,6135,6.7536,24.7673,8.72152,48.0627
25770,3426,3421,3347,3248,3730,3965,3935,3515,4869,6694,5059,3854,5363,8213,5718,4146,18.064,-6.04616,8.93625,48.3353
25771,3032,3249,3477,3442,3283,3401,3908,3978,3357,3783,4873,6705,3425,3959,6115,11865,23.1568,27.1612,8.82381,47.9013
25772,3100,3368,3574,3575,3360,3824,4400,4424,3453,4270,7213,6996,3566,4347,6405,6367,13.2851,14.4539,8.74765,48.1613
25773,3362,3383,3312,3171,4091,3798,3445,3250,5972,4740,3757,3370,12612,6089,3858,3335,33.7822,-28.2808,8.78786,47.6967
25774,3290,3640,3931,3905,3549,4274,5553,4710,3716,4868,8071,5874,3506,4050,4936,4627,5.30881,10.0223,8.6798,48.3333
25775,3321,3901,5784,11382,3289,3758,4851,7195,3196,3463,3857,4143,3059,3218,3327,3336,-21.6684,31.3261,8.67316,47.3867
25776,4729,8310,8467,4708,4100,4883,4902,4238,3482,3659,3754,3506,3266,3305,3375,3285,-31.6875,0.0681333,8.94816,47.9793
25777,10870,6459,4008,3435,6974,5139,3908,3350,4144,4000,3413,3266,3385,3412,3253,3103,-21.4397,-22.8543,8.92967,48.0793
25778,3560,4758,8812,7609,3582,4228,6031,5621,3413,3589,3989,3903,3170,3303,3469,3315,-20.9325,13.0765,8.99983,48.2347
25779,6332,4927,3904,3381,9096,6078,4033,3308,5596,4695,3644,3336,3868,3758,3279,3168,-8.35057,-21.3021,8.94414,48.2687
25780,3327,3692,4773,6431,3329,3883,5345,9800,3250,3603,4444,5877,3130,3454,3829,3969,-8.07911,27.1103,8.75559,48.0907
25781,3473,3279,3341,3187,3853,3726,3438,3299,5901,4601,3812,3318,12627,5986,3952,3326,31.2111,-33.0067,8.7289,47.4127
25782,4903,4284,3509,3281,8212,5568,3831,3370,7397,5281,3766,3368,4597,4072,3588,3154,-1.77789,-21.8854,8.76403,48.1207
25783,3202,3292,3432,3269,3524,3739,3673,3559,4124,4928,5252,4492,4608,7685,8552,5038,24.9213,1.57929,8.89488,48.246
25784,3704,4469,5816,5144,3739,5004,8235,5861,3454,4059,4781,4353,3212,3455,3794,3620,-9.95864,9.15491,8.8055,48.4667
25785,6084,7371,4786,3737,5757,7184,4646,3682,4142,4370,3727,3447,3488,3536,3364,3133,-15.2589,-10.8298,8.59699,48.3027
25786,9379,7511,4220,3491,6382,5562,4115,3589,3994,4045,3545,3204,3473,3464,3268,3111,-21.3467,-18.0422,8.55981,48.2353
25787,7374,4928,3786,3289,9740,5272,3824,3435,5279,4271,3591,3282,3846,3530,3365,3211,-10.7061,-29.5895,8.50979,48.0153
25788,8909,8809,4718,3626,5324,5357,4068,3550,3924,3865,3525,3333,3332,3340,3231,3078,-26.0706,-14.945,8.79513,47.9927
25789,3207,3388,3397,3200,3689,3905,3882,3483,4371,5798,5139,3988,5280,8690,6737,4384,21.5009,-3.55336,8.87266,48.3587
25790,3285,3762,4994,6299,3362,3926,6030,9454,3383,3666,4502,5527,3124,3356,3748,3828,-8.58924,22.0696,8.92379,48.164
25791,3404,3309,3279,3089,4104,3663,3528,3282,7110,5037,3697,3388,11533,5868,4048,3395,22.0587,-32.3576,8.84893,47.8227
25792,3291,3928,5878,11892,3311,3728,4936,7147,3248,3414,3902,4098,3153,3186,3382,3380,-21.869,29.2444,8.90035,47.916
25793,5148,7554,5984,4188,4666,6632,5494,3913,3663,4172,3917,3545,3378,3428,3368,3317,-17.3008,-4.10089,8.77214,48.2447
25794,5886,4625,3563,3167,9732,5189,3806,3409,6464,4548,3639,3320,4000,3856,3464,3158,-5.91478,-33.6315,8.73906,47.884
25795,3094,3232,3526,3267,3280,3561,3854,3687,3490,4255,5320,5100,3652,5140,9671,7708,26.9076,11.7104,8.86172,47.8913
25796,4510,3994,3540,3244,7832,4800,3688,3363,8637,5010,3842,3436,4939,4319,3533,3200,1.56978,-32.7384,8.61486,47.9247
25797,3295,3440,3303,3117,3990,3737,3457,3168,6113,4752,3782,3380,12725,6248,3957,3329,27.133,-27.2101,8.86005,47.862
25798,3642,3634,3624,3344,3953,4811,4319,3680,4880,7801,5964,4028,4513,5463,4812,3866,8.82838,-3.97205,8.77114,48.2227
25799,3288,3658,4574,5726,3343,3720,5312,9636,3274,3706,4606,6619,3299,3456,3873,4192,-5.25158,27.5873,8.62995,48.188
25800,3233,3247,3374,3296,3336,3695,3774,3696,3834,4505,5296,4717,4029,6081,9736,6086,28.7162,6.72144,8.79131,47.9567
25801,4281,3966,3606,3196,6026,5588,3918,3351,7689,6617,4140,3404,4923,4629,3744,3309,3.23068,-17.2697,8.90177,48.258
25802,3312,3877,4888,7217,3422,3876,5197,9772,3274,3666,4198,5361,3122,3273,3736,3770,-10.3944,29.0896,8.60022,47.974
25803,12384,5738,3852,3362,5916,4615,3750,3407,3906,3774,3478,3283,3289,3417,3313,3181,-33.6286,-32.9859,8.95068,47.11
25804,3367,4176,7351,11231,3350,3830,4943,5729,3212,3402,3843,4015,3016,3218,3402,3400,-28.2838,21.2615,8.74207,47.6567
25805,5509,7368,5187,3906,5266,7280,5076,3911,3906,4250,3747,3423,3377,3556,3412,3278,-15.4331,-7.23886,8.7194,48.3013
25806,3359,3395,3286,3094,4222,3984,3487,3160,6917,4956,3915,3394,11025,6507,4046,3402,22.0206,-23.4073,8.91423,48.0993
25807,3469,3474,3275,3180,4226,4058,3679,3291,6801,6009,4141,3424,8308,7328,4316,3472,17.9872,-16.8378,8.86162,48.3007
25808,3398,3983,5923,12193,3427,3810,4824,6550,3300,3443,3840,3967,3190,3105,3329,3440,-24.3419,33.3086,8.66508,47.8147
25809,3027,3272,3438,3341,3233,3466,3935,3948,3448,3956,5296,6217,3354,4287,7556,10000,22.8226,18.8265,8.64008,47.8493
25810,3579,4538,7116,6877,3449,4236,6614,6370,3282,3739,4306,4152,3092,3349,3495,3472,-15.9944,14.3181,8.81387,47.7773
25811,3719,4106,4387,3950,4011,5677,6617,4446,3950,5421,6168,4415,3622,3968,4180,3842,-1.13807,2.72365,8.64652,48.3193
25812,4600,5569,4671,3793,5000,8018,5744,3938,3934,4967,4171,3695,3452,3782,3505,3431,-9.13388,-4.92969,8.97954,48.18
25813,4031,4204,3646,3318,5033,6454,4370,3646,5419,7455,4874,3676,4247,4687,3944,3400,2.18386,-9.17124,8.866,48.2693
25814,3114,3228,3280,3386,3302,3437,3744,3869,3650,4108,5255,5402,3639,4887,9215,8483,26.3162,13.8534,8.5173,47.9993
25815,3434,3762,4585,4485,3632,4354,7465,6412,3601,4231,6063,5496,3231,3638,4113,4123,-2.80629,12.567,8.7208,48.4167
25816,6183,9985,6195,4021,4743,5409,4412,3798,3650,3824,3552,3428,3318,3323,3250,3166,-28.6685,-6.84853,8.77209,48.1713
25817,3101,3485,3772,3990,3234,3719,4676,5391,3370,3986,6329,8756,3339,3923,5011,6050,8.04975,19.8787,8.5541,48.088
25818,3793,3599,3306,3119,4988,4226,3676,3280,9381,5413,3781,3312,7838,5137,3790,3374,12.4724,-28.7874,8.58503,48.0087
25819,3105,3198,3408,3307,3185,3461,3889,3897,3524,3931,5399,6095,3491,4381,7644,9884,23.4269,18.5609,8.75842,47.866
25820,3618,4412,5971,5081,3734,4993,8152,5859,3353,4015,4840,4352,3332,3584,3631,3671,-9.64589,9.55352,8.75533,48.3987
25821,11953,6535,4075,3402,5822,4879,3733,3345,3972,3778,3535,3188,3444,3347,3308,3103,-32.5521,-24.6077,8.66051,47.6127
25822,3185,3309,3444,3517,3233,3504,4206,4112,3535,4255,5934,6135,3575,4524,7874,8258,20.0843,15.0919,8.75296,48.4
25823,3432,4023,5949,8022,3359,4032,5875,7977,3165,3629,4314,4760,3126,3259,3597,3623,-14.3903,20.3483,8.60956,48.0947
25824,3142,3302,3283,3372,3288,3504,3725,3926,3418,3805,5026,5903,3319,3917,7138,11782,31.4949,22.056,8.97962,47.9
25825,3398,3539,3663,3587,3652,3977,4561,3989,3836,5582,7872,5018,3939,4842,6325,4846,11.8576,5.5976,8.9512,48.4173
25826,3576,4395,6941,7553,3602,4182,6261,6822,3389,3719,4300,4355,3175,3265,3556,3518,-16.4276,16.0209,8.52598,48.406
25827,3379,3482,3538,3342,3775,4340,4279,3814,4315,6754,6866,4552,4259,5656,5668,4321,11.8269,0.249564,8.96297,48.2267
25828,3147,3332,3463,3319,3366,3628,3842,3687,3705,4419,5374,4745,4051,6146,9883,6237,25.9465,7.10412,8.99922,48.2293
25829,8647,6011,3898,3436,8248,5586,4011,3425,4623,4104,3565,3298,3497,3520,3191,3097,-15.7732,-22.645,8.5022,48.1047
25830,3227,3370,3349,3211,3444,3707,3709,3708,3859,4799,5141,4420,4400,7423,9305,5105,31.0032,2.87725,8.89509,48.118
25831,3666,4197,5130,4397,3711,4928,7993,5478,3510,4296,5796,4704,3378,3655,3877,3814,-4.62621,8.71593,8.9532,48.3533
25832,3309,3409,3205,3041,3891,3742,3600,3412,5262,5372,4281,3576,7656,9502,5251,3642,24.5956,-11.6512,8.91128,48.1007
25833,3217,3383,3427,3222,3531,3650,3742,3607,4065,4959,5173,4168,4535,7828,8679,5038,25.809,1.65035,8.93321,48.1493
25834,3425,3936,6527,12194,3382,3886,4729,5991,3234,3432,3794,3988,3048,3325,3255,3355,-28.4573,25.2754,8.7414,47.6673
25835,4377,4827,4173,3662,5183,7719,5064,3711,4628,5877,4470,3653,3831,3831,3728,3357,-4.30468,-7.28924,8.64932,48.0607
25836,3530,4161,5581,5216,3589,4576,8057,6496,3376,3883,5207,4674,3162,3408,3820,3730,-8.75957,12.5576,8.7873,48.3107
25837,4119,3948,3481,3336,5630,5556,3890,3519,7201,6978,4213,3523,5063,4723,3813,3337,4.33125,-15.5368,8.76448,48.22
25838,3124,3300,3502,3359,3311,3521,3717,3705,3803,4319,5274,4868,3910,5377,9786,7026,32.6296,10.0346,8.59166,47.9347
25839,3344,3288,3153,3051,3816,3872,3592,3324,5258,5354,4399,3490,7499,9798,5099,3731,25.7182,-11.5375,8.77999,48.0453
25840,3323,3597,3720,3525,3645,4202,4843,4033,3879,5682,7850,4981,3929,4806,5680,4533,9.48357,5.11254,8.52361,48.152
25841,3325,3626,3614,3511,3631,4165,4975,4083,3756,5529,8058,5271,3764,4525,5812,4754,9.47967,6.51503,8.99549,48.266
25842,5874,8543,5409,3929,5002,6421,4644,3781,3829,4031,3793,3336,3570,3409,3309,3278,-19.1994,-7.93106,8.68598,48.1053
25843,4197,4023,3619,3247,5893,5159,3857,3446,8054,6421,4138,3521,5242,4778,3812,3377,5.09278,-18.12,8.61822,48.5227
25844,3441,4177,7073,9342,3360,3918,5502,6763,3335,3487,3940,4186,3114,3222,3542,3462,-19.9803,19.2449,8.86984,47.9093
25845,3644,3539,3434,3209,4616,4476,3785,3374,6994,7142,4068,3547,6423,6316,4240,3525,12.7495,-15.1975,8.68109,48.2213
25846,3202,3474,3472,3266,3477,3760,4106,3708,3939,5075,6582,4742,4148,5949,8024,5215,18.1238,4.89672,8.72591,48.0927
25847,3996,5833,9679,5995,3761,4636,5815,4828,3376,3691,3782,3720,3199,3228,3344,3297,-23.2153,7.44767,8.91176,48.12
25848,3471,3835,4088,3876,3776,4916,6399,4455,3832,5147,7470,4951,3622,4016,4637,4154,2.09553,5.56377,8.96468,48.43
25849,6917,9714,5674,3874,4828,5281,4344,3706,3615,3783,3586,3464,3244,3441,3201,3163,-31.0665,-9.5241,8.62446,47.89
25850,3350,3473,4047,4636,3359,3783,4856,7902,3381,3705,4855,8702,3336,3574,4252,4972,1.14775,31.3442,8.63102,48.122
25851,5631,9645,6595,4101,4420,5086,4636,3906,3708,3826,3713,3439,3295,3325,3344,3208,-32.4892,-4.8375,8.75721,47.9187
25852,3640,3938,3815,3602,4171,5569,5019,3880,4366,7136,6283,4140,4068,4781,4565,3858,3.7897,-1.96037,8.8583,48.554
25853,3913,3778,3397,3086,5275,4596,3661,3361,8735,6286,4113,3366,6444,5120,3803,3261,9.20612,-19.8636,8.75931,48.13
25854,3461,4075,6686,12070,3356,3794,4846,6107,3178,3363,3791,3891,3029,3281,3359,3417,-28.6,24.1754,8.97655,47.8027
25855,3243,3821,5227,6782,3381,4087,6098,9147,3254,3651,4335,5319,3096,3359,3748,3654,-10.325,21.5576,8.85404,48.1347
25856,3032,3306,3419,3438,3235,3684,3965,4285,3476,3829,5431,7285,3296,4104,6722,9581,19.0487,20.8283,8.88891,48.0587
25857,3145,3355,3299,3166,3454,3783,3836,3644,4226,5234,5347,4239,4734,7958,8064,4794,23.7471,0.257371,8.79263,48.1853
25858,6407,4710,3636,3325,9876,5328,3747,3310,5949,4347,3725,3285,3916,3845,3394,3165,-7.91538,-32.1982,8.73592,47.9767
25859,5407,4863,3840,3359,7984,6784,4173,3532,5572,4976,3723,3417,4035,3798,3480,3173,-6.29223,-17.3395,8.61647,48.0773
25860,11300,6946,4149,3470,6244,4943,3848,3448,4039,3859,3489,3275,3367,3334,3239,3125,-25.0715,-21.776,8.9156,48.05
25861,4725,4434,3623,3374,7187,6287,4128,3484,6535,5688,3977,3331,4333,4339,3716,3290,-1.61023,-17.3245,8.93074,48.3007
25862,3175,3484,3638,3712,3410,3834,4815,4738,3572,4469,7987,6543,3480,4170,5935,5594,10.2158,12.4444,8.8279,48.3707
25863,3014,3290,3401,3476,3125,3480,4025,4154,3422,3898,4964,6953,3386,3945,6383,10839,21.8449,23.9283,8.54993,47.8367
25864,3089,3122,3330,3408,3259,3548,3965,4080,3530,4036,5221,6018,3534,4466,7739,9466,24.1309,17.2893,8.69926,47.874
25865,3143,3292,3440,3337,3260,3633,3871,3833,3546,4152,5168,5290,3486,4605,8896,9115,30.5,15.1801,8.63238,48.0447
25866,3387,3284,3216,3158,4081,3771,3411,3237,6231,4820,3745,3370,12231,6182,3977,3309,26.5859,-29.935,8.51252,47.6067
25867,3582,3513,3301,3087,4541,4177,3516,3324,8071,5899,3945,3483,8459,6075,4007,3473,15.2298,-21.3023,8.8354,48.302
25868,3307,3686,4981,6923,3294,3738,5286,9830,3399,3539,4287,5631,3162,3429,3688,3820,-9.10963,27.8185,8.71488,48
25869,3396,3419,3191,3039,3897,3876,3542,3403,5987,5054,3813,3321,10868,7539,4226,3529,26.1659,-19.5847,8.92458,48.0667
25870,5608,5458,3908,3399,7472,7195,4243,3535,5096,4862,3802,3306,3802,3715,3480,3295,-8.60782,-16.0085,8.54187,48.1173
25871,3347,3394,3476,3300,3886,4187,3829,3516,4859,6882,5401,3980,5088,7348,5823,4201,16.4315,-4.34059,8.76066,48.3447
25872,4386,3890,3528,3234,6926,4692,3674,3402,9332,4996,3704,3359,5377,4357,3613,3270,3.60246,-31.0309,8.63129,47.8267
25873,3117,3358,3487,3324,3367,3765,3988,3807,3831,4888,6291,4874,4017,6014,8522,5655,20.3074,5.97709,8.63764,48.2033
25874,4446,4155,3605,3333,6166,6091,4066,3429,6636,6726,4125,3431,4572,4436,3673,3305,1.52131,-15.0777,8.98221,48.13
25875,3308,3404,3888,3825,3370,4068,5401,4803,3573,4606,7921,6505,3474,4054,5130,4778,6.54651,11.9395,8.82364,48.072
25876,3388,3520,3287,3182,3929,3759,3491,3254,6044,4784,3824,3333,12574,5894,3910,3390,32.9948,-30.9763,8.6256,47.7087
25877,6236,5068,3825,3401,9003,6155,3896,3477,5596,4561,3732,3286,3982,3560,3402,3034,-8.33692,-21.1143,8.63027,48.1427
25878,3293,3378,3503,3186,3682,3921,3804,3444,4594,6323,5367,4107,5102,7780,6314,4204,18.6996,-3.40333,8.74973,48.0013
25879,3536,4382,7568,9679,3421,4045,5380,6394,3250,3540,3892,4075,3024,3113,3445,3442,-21.8549,18.2329,8.72367,48.124
25880,8897,5781,3948,3460,8457,5461,3948,3397,4556,4236,3621,3175,3617,3473,3311,3061,-15.6436,-23.0795,8.76687,48.266
25881,3412,4013,5972,11922,3401,3720,4871,7015,3144,3540,3898,3984,3236,3259,3347,3355,-22.7685,31.1667,8.81126,48.0593
25882,7543,9233,4965,3732,5407,5689,4259,3658,3887,3903,3613,3299,3332,3413,3360,3182,-23.0772,-12.0658,8.67897,48.3167
25883,3671,4798,6751,5549,3708,4928,7689,5418,3467,3839,4431,4234,3227,3366,3550,3476,-13.5666,8.83193,8.74361,48.068
25884,12403,6056,3896,3421,6343,4821,3743,3374,3957,3783,3363,3243,3414,3417,3165,3240,-25.6821,-29.6658,8.61858,47.7593
25885,3161,3562,4351,4898,3321,3649,5247,8597,3378,3742,4963,7865,3261,3569,4109,4671,-1.1743,26.2467,8.86706,48.2293
25886,7736,7360,4374,3566,6535,6218,4159,3541,4180,4157,3639,3337,3622,3388,3256,3113,-17.9436,-15.6864,8.70336,48.1207
25887,3357,3397,3222,3236,4000,3794,3472,3235,6385,4922,3758,3259,12508,6090,3879,3373,25.4193,-28.7304,8.79092,47.9247
25888,3693,3766,3511,3164,4733,4746,3821,3414,6986,7621,4388,3459,5599,5649,4133,3456,9.95239,-14.1687,8.83793,48.0927
25889,4024,4783,4451,3849,4407,7239,6254,4072,3980,5442,5000,3932,3677,4058,3774,3426,-4.74898,-2.18109,8.97462,48.2453
25890,5415,4417,3714,3217,9309,5215,3795,3387,7224,4708,3635,3384,4309,3959,3466,3110,-3.51045,-27.6968,8.74403,48.176
25891,12495,6065,4066,3491,6493,4743,3794,3345,3865,3802,3299,3230,3409,3350,3217,3127,-25.3474,-30.04,8.72803,47.8607
25892,3456,3985,5907,12600,3419,3795,4854,6150,3240,3518,3794,3952,3092,3216,3305,3292,-27.4612,31.7272,8.82563,47.7167
25893,3301,3319,3269,3189,3690,3807,3680,3428,4684,5238,4458,3816,6021,9439,6371,4058,28.7405,-6.19284,8.53668,47.8453
25894,12330,5904,3991,3462,6342,4783,3825,3430,3843,3795,3526,3278,3372,3372,3048,3124,-25.437,-31.4431,8.89883,47.6167
25895,7582,9666,4888,3815,5153,5252,4153,3595,3853,3791,3632,3287,3331,3385,3362,3171,-33.9437,-11.6978,8.97594,47.944
25896,3944,5491,10081,6871,3716,4419,5450,4825,3393,3550,3811,3690,3007,3348,3325,3289,-26.8741,9.10242,8.99937,48.14
25897,3289,3454,3461,3443,3498,4009,4218,3833,3971,5346,7371,4950,3948,5368,6827,5138,14.4919,5.68105,8.54732,48.0827
25898,9885,5794,3949,3483,8059,5123,3868,3434,4425,4002,3494,3202,3534,3490,3316,3113,-17.6825,-25.789,8.59277,48.114
25899,6302,9877,6117,4106,4627,5360,4523,3702,3657,3808,3656,3336,3301,3423,3206,3130,-26.1303,-7.48925,8.89448,48.0873
25900,5488,4483,3787,3226,9117,5452,3749,3377,6741,4753,3819,3365,4251,4041,3428,3140,-4.28186,-23.6347,8.68928,48.1447
25901,3768,3488,3260,3095,4781,4169,3606,3250,8363,6074,4131,3435,7717,5862,3960,3346,13.5181,-20.3926,8.96481,48.2033
25902,3196,3573,4316,5116,3336,3756,5037,8804,3280,3765,4832,7658,3243,3528,4201,4514,-1.8737,28.5268,8.5014,48.1033
25903,5200,6277,4600,3677,5685,7805,5014,3823,4275,4643,3941,3504,3527,3713,3408,3174,-11.7707,-9.06755,8.64548,48.1773
25904,3240,3320,3272,3129,3554,3753,3742,3508,4339,5174,4917,4096,5074,8780,7691,4622,24.9188,-1.5327,8.92468,48.1407
25905,4785,8196,8097,4821,4146,5010,4952,4151,3538,3761,3764,3605,3323,3371,3320,3448,-33.5185,-0.258027,8.63484,48.192
25906,3286,3405,3512,3409,3715,4116,4093,3770,4468,6372,6266,4386,4493,6584,6367,4316,15.2809,-0.207427,8.94092,48.372
25907,3293,3846,5804,12507,3481,3700,4690,6079,3301,3496,3767,3980,3165,3344,3397,3460,-33.8685,30.9242,8.69153,47.54
25908,3342,3430,3305,3081,4358,3974,3426,3154,8372,5081,3920,3453,9773,5624,3821,3419,16.8988,-33.6331,8.9651,47.6887
25909,3092,3244,3390,3236,3273,3553,3869,4006,3586,4197,5610,5688,3651,4745,8742,8245,22.6348,14.1423,8.52364,48.0847
25910,4176,4400,3788,3410,5659,7086,4434,3636,5490,6766,4405,3630,4260,4187,3782,3466,-0.57664,-11.1928,8.92861,48.3833
25911,3521,4593,8888,9307,3483,4010,5195,5553,3250,3501,3787,3950,3104,3261,3323,3371,-27.555,15.7369,8.71577,48.0647
25912,9164,5842,3955,3463,8084,5413,3894,3400,4467,4063,3564,3240,3451,3531,3270,3094,-16.7251,-23.7249,8.65419,47.93
25913,3051,3344,3631,3682,3246,3565,4162,4910,3405,3930,5712,8920,3447,3965,5455,7902,12.9506,22.8228,8.70732,48.218
25914,3652,3487,3302,3008,4669,4171,3589,3368,8516,5517,3832,3418,8783,5703,3907,3362,15.3026,-22.945,8.98545,48.1893
25915,4111,3915,3495,3156,6202,5028,3777,3346,8324,6183,4011,3446,5371,4723,3787,3376,4.79361,-19.9732,8.62265,48.1673
25916,3196,3205,3309,3357,3185,3430,3792,3827,3305,3838,4676,5988,3374,3935,6379,12407,30.3846,25.674,8.98258,47.4687
25917,7669,7370,4430,3570,6875,6189,4076,3507,4181,4211,3592,3406,3450,3425,3324,3009,-17.181,-16.0933,8.57885,48.1893
25918,11846,6154,4013,3493,6716,4821,3772,3379,3968,3836,3474,3206,3448,3421,3159,3160,-23.3942,-26.2896,8.75619,47.9107
25919,3302,3378,3480,3474,3479,3794,4235,3965,3923,5145,7219,4966,3954,5288,7569,5365,15.8206,6.74907,8.99123,48.3573
25920,4891,5993,4468,3776,5609,8307,5099,3740,4254,4902,4013,3420,3622,3571,3427,3245,-9.81528,-8.47808,8.9086,48.2247
25921,3216,3584,4243,5113,3281,3828,5111,8794,3391,3708,4845,7811,3279,3462,4015,4558,-1.85193,26.6494,8.95063,48.1593
25922,3313,3318,3224,3053,3806,3806,3485,3375,5035,5339,4213,3605,7567,10077,5198,3651,28.791,-11.0982,8.98138,48.0433
25923,3126,3164,3337,3430,3354,3767,3998,3794,3690,4396,5786,5003,3870,5518,9507,6602,22.9138,9.14617,8.80823,48.228
25924,3117,3236,3317,3393,3239,3619,3791,3973,3412,3924,5040,5756,3399,4262,7713,10717,31.9082,19.0916,8.76421,47.9387
25925,11081,6144,3899,3459,7197,5047,3917,3358,4161,3918,3502,3259,3350,3448,3285,3087,-20.5727,-25.8005,8.97898,48.0747
25926,3775,4228,4968,4337,3850,5376,7937,5105,3636,4343,5584,4372,3430,3691,3734,3729,-5.42009,5.98935,8.62633,48.0633
25927,3277,3326,3379,3363,3778,4103,3756,3519,4758,6334,5135,3935,5442,8064,5957,4052,18.3876,-5.27718,8.50601,48.1187
25928,3546,3409,3439,3003,4493,4026,3543,3172,8205,5258,3802,3375,9446,5859,3953,3382,16.9675,-24.613,8.73878,47.9407
25929,3263,3598,4183,4405,3419,4010,5514,6693,3419,4009,6076,7728,3301,3666,4329,4859,2.01232,19.1857,8.68513,48.3147
25930,3222,3246,3541,3363,3465,4031,3924,3817,4181,5413,6191,4387,4372,6601,7751,4935,18.6439,2.17842,8.70751,48.2933
25931,3708,5155,9899,7703,3669,4255,5448,4984,3384,3626,3810,3808,3065,3191,3403,3367,-29.5395,11.772,8.96766,48.3167
25932,3157,3436,3987,4193,3271,3633,5035,6553,3397,3789,5724,8860,3321,3649,4607,5312,3.95924,21.5879,8.82128,47.9493
25933,3198,3320,3370,3464,3227,3447,3802,3967,3283,3814,4922,5902,3372,3990,6437,12201,30.9929,25.9492,8.58463,47.8107
25934,3460,3914,6036,12111,3401,3823,4955,6807,3277,3369,3751,3992,3159,3352,3333,3335,-23.6418,31.5101,8.83804,48.05
25935,3373,3756,4565,5796,3311,3800,5441,9604,3316,3617,4670,6423,3126,3475,3903,4071,-5.85269,26.029,8.86707,48.1647
25936,4789,5752,4588,3750,5217,8214,5299,3865,4195,4781,4103,3679,3541,3776,3540,3300,-9.85946,-6.88835,8.60632,48.2593
25937,3306,3312,3345,3204,3583,3683,3759,3549,4114,4866,4921,4221,4630,7850,8834,5013,28.2488,1.32539,8.83669,48.1267
25938,6394,9775,5792,4009,4602,5232,4501,3821,3778,3991,3626,3440,3403,3321,3317,3181,-33.1126,-7.8451,8.60353,48.122
25939,8604,5750,3871,3338,8740,5466,3994,3436,4670,4188,3576,3241,3531,3527,3247,3066,-14.8979,-23.8272,8.81043,48.1633
25940,9150,6664,4038,3550,7259,5479,3976,3368,4239,4105,3594,3301,3457,3435,3213,3179,-18.6837,-20.4286,8.72171,48.0047
25941,4100,6552,9768,5847,3847,4470,5209,4559,3416,3648,3834,3735,3248,3380,3337,3296,-28.4548,5.25944,8.94432,48.164
25942,5755,7880,5215,3851,5240,7096,4860,3807,3991,4169,3762,3370,3479,3484,3322,3156,-16.8054,-8.24972,8.87859,48.2913
25943,3197,3304,3393,3223,3339,3579,3791,3860,3721,4162,5288,5163,3653,5069,9775,7419,33.2066,11.4423,8.72295,47.9573
25944,3890,3928,3517,3155,5202,5429,3940,3438,6984,7628,4389,3523,5005,5222,4021,3358,6.21686,-13.5453,8.9285,48.4193
25945,3315,3273,3192,3098,4008,3848,3377,3221,6026,4771,3753,3290,12439,6436,3928,3370,28.8352,-24.8994,8.90763,47.5633
25946,3397,3653,3942,3928,3576,4281,5717,4791,3590,4876,7813,5689,3613,4033,5015,4581,4.63799,9.85119,8.82194,48.33
25947,3206,3475,3892,4423,3249,3714,4694,7142,3351,3697,5070,9173,3206,3510,4303,5718,3.77125,29.5929,8.70024,47.882
25948,3313,3370,3300,3197,4029,3840,3535,3252,5659,4999,3954,3417,10131,7837,4342,3526,31.7141,-18.2167,8.53831,47.8007
25949,3296,3987,6734,11825,3287,3693,4897,6046,3215,3491,3825,3961,3056,3236,3384,3478,-33.8596,22.6857,8.65569,47.6073
25950,3410,3508,3293,3248,3625,3887,3820,3634,4364,5772,5418,4089,4732,7851,7164,4523,20.2601,-1.23268,8.80441,48.2253
25951,4567,4064,3494,3168,7761,4780,3733,3447,8773,4944,3731,3412,4962,4285,3594,3175,1.36888,-31.7695,8.68739,47.9267
25952,6482,6516,4422,3571,6979,7030,4125,3594,4370,4282,3679,3315,3553,3577,3300,3227,-13.8203,-14.7123,8.98851,48.0147
25953,3215,3452,3816,4016,3275,3663,4577,6215,3369,3890,5589,9347,3282,3713,4692,5920,6.24388,24.2814,8.67795,48.0207
25954,3148,3350,3407,3378,3259,3539,3849,3937,3585,4088,5558,5360,3654,5004,9205,7945,24.362,13.1433,8.72708,48.1773
25955,3577,4874,9028,8433,3554,4221,5236,5255,3376,3552,3840,3962,3115,3263,3407,3394,-26.9755,13.7789,8.51706,48.058
25956,3387,3764,4797,5166,3502,3981,6527,8015,3426,3838,5059,5838,3254,3471,3988,3956,-4.84841,18.3794,8.89317,47.9793
25957,3497,4455,8527,9836,3492,4017,5134,5507,3336,3598,3840,3826,3026,3373,3415,3276,-29.2864,16.8273,8.5714,48.1033
25958,4871,4259,3583,3247,8433,4901,3681,3345,8009,4940,3778,3305,4722,4074,3659,3188,-0.334799,-30.0587,8.6823,47.9967
25959,4340,4083,3572,3207,6292,5860,4004,3459,7290,6431,4119,3501,4753,4474,3650,3313,2.19231,-16.4644,8.87748,48.232
25960,3148,3191,3407,3374,3177,3523,3788,4004,3449,3700,4698,6400,3356,3822,6036,12498,25.0515,32.1651,8.94686,47.714
25961,12520,6086,3943,3500,5910,4812,3750,3338,3875,3688,3425,3342,3421,3319,3150,3082,-27.424,-33.8516,8.63379,47.4407
25962,3570,4757,8213,7547,3494,4341,6270,5942,3222,3673,4053,3938,3041,3280,3393,3425,-19.4829,13.4936,8.55267,48.106
25963,3105,3496,3507,3539,3582,3793,4286,3814,3865,5146,7348,5178,3954,5150,7337,5278,15.6472,6.5777,8.50776,48.252
25964,4337,3896,3448,3119,6323,4776,3629,3321,8921,5858,3866,3424,5650,4713,3635,3266,5.38053,-22.3722,8.53627,48.1213
25965,3269,3711,4873,6813,3474,3893,5579,9525,3271,3458,4434,5668,3186,3295,3706,3921,-9.16741,24.5678,8.74691,48.0507
25966,9720,8527,4482,3513,5527,5026,4046,3421,3822,3801,3524,3393,3254,3385,3304,3050,-29.2114,-16.7678,8.77886,47.8633
25967,3427,3493,3244,3102,4073,3968,3572,3277,6482,5955,4075,3454,8294,7687,4438,3560,19.626,-16.0904,8.65545,48.0673
25968,3559,3585,3254,3101,4644,4018,3577,3267,8644,5343,3881,3409,8867,5398,3860,3385,15.4362,-26.5958,8.52314,47.8613
25969,3435,3388,3256,3075,3999,3843,3462,3241,6126,4809,3772,3355,12124,6552,4030,3362,31.8923,-24.5501,8.71223,47.886
25970,3142,3342,3399,3482,3229,3384,3756,3819,3373,3705,4670,5895,3436,3826,5912,12780,31.6144,32.6391,8.74783,47.4333
25971,3309,3445,3190,3090,4259,3939,3445,3142,7097,4933,3840,3422,11336,5821,3987,3439,21.0713,-32.2787,8.7105,47.796
25972,3661,3503,3302,3135,4671,4023,3455,3302,8734,5101,3777,3374,9148,5616,3926,3487,15.6414,-30.0782,8.54328,48.1433
25973,4221,3956,3626,3150,6247,5387,3848,3414,7767,6448,4050,3479,5070,4614,3802,3266,3.69661,-17.9802,8.84481,48.23
25974,3283,3531,3812,3895,3398,3945,5262,4958,3724,4577,7682,6389,3522,4090,5226,4977,6.63978,12.4781,8.59305,48.1807
25975,3848,4731,5451,4429,4070,5905,7875,4699,3774,4324,5007,4107,3346,3511,3765,3633,-9.10602,4.12068,8.80965,48.3167
25976,3431,3399,3130,3182,4066,3790,3428,3153,6509,4834,3746,3443,12766,6007,3866,3320,25.5318,-28.847,8.99756,48.0467
25977,3866,5000,6012,4706,3895,5597,8012,4871,3541,4190,4682,3980,3396,3536,3721,3526,-10.8957,5.17468,8.73125,48.354
25978,9694,8394,4445,3507,5528,5216,4062,3494,3965,3886,3539,3205,3451,3417,3253,3051,-31.8503,-16.8546,8.69175,48.0713
25979,4062,3819,3444,3160,6533,4608,3594,3276,9842,5145,3798,3294,5879,4611,3652,3305,5.98226,-30.2462,8.7,48.0147
25980,3419,3998,5756,8356,3359,4000,5737,8510,3211,3617,4102,4670,3073,3242,3493,3585,-14.5843,22.1684,8.96157,48.0853
25981,3626,4836,8966,8584,3597,4230,5344,5217,3274,3670,3947,3912,3165,3276,3447,3346,-25.4235,14.0606,8.66137,48.2913
25982,5317,4270,3695,3282,9141,5260,3864,3364,7244,4884,3766,3304,4313,3944,3453,3137,-3.00894,-25.5121,8.92724,48.1587
25983,4328,4306,3664,3363,5772,6476,4245,3434,6138,6721,4161,3594,4392,4481,3862,3376,0.598553,-13.4348,8.6692,48.2087
25984,3687,4190,4459,3868,3947,5567,7011,4578,3913,5008,6189,4497,3595,3809,4200,3849,-2.05046,3.96395,8.72897,48.2447
25985,3139,3280,3530,3411,3140,3486,3857,3839,3431,3747,4994,6006,3354,4035,6860,11536,33.9648,22.2285,8.69343,47.7633
25986,3175,3275,3501,3429,3237,3479,3889,4319,3377,3880,5019,8202,3348,3889,5645,10286,17.9068,31.048,8.91205,47.9667
25987,3345,3360,3379,3190,3696,3939,3860,3426,4422,6098,5593,4112,4818,7887,6828,4338,19.1588,-2.23779,8.96191,48.194
25988,3415,3622,4523,5131,3352,3811,5774,8525,3376,3863,5081,6657,3138,3576,4058,4307,-3.54265,21.2763,8.80019,48.1393
25989,4314,4898,3957,3592,5345,7613,4895,3821,4782,6008,4418,3669,3874,4129,3682,3420,-3.58428,-8.63744,8.58613,48.278
25990,3529,3512,3308,3001,4585,3976,3452,3217,8644,5146,3843,3378,9614,5491,3836,3438,16.5002,-29.3486,8.81041,47.98
25991,3573,3570,3511,3324,3797,4510,4285,3638,4548,7464,6152,4193,4525,6053,5439,4034,12.2263,-2.6624,8.6525,48.4107
25992,3400,3320,3196,3131,3794,3714,3375,3250,6018,4644,3730,3370,12789,5954,3775,3437,32.0942,-29.9606,8.97323,47.2647
25993,3217,3330,3717,3794,3324,3640,4302,5687,3285,3786,5263,9909,3281,3756,4843,6921,9.38356,32.5441,8.90908,48.0367
25994,4276,5256,4526,3833,4869,7776,5815,4006,4047,5149,4558,3720,3645,3709,3765,3464,-7.16207,-3.9902,8.64858,48.276
25995,4499,4374,3599,3208,6663,6103,4050,3407,6626,6164,4067,3445,4560,4326,3726,3286,0.0935534,-16.61,8.90437,48.0687
25996,3602,4470,6421,5885,3710,4708,7539,6235,3483,3790,4517,4377,3136,3392,3572,3579,-12.9947,12.0259,8.5731,48.2773
25997,3213,3381,3433,3384,3232,3467,3829,3865,3635,4345,5208,5152,3716,5207,9520,7349,33.0943,11.4084,8.7114,47.9573
25998,3794,3775,3185,3063,4958,4302,3561,3209,8497,6414,4026,3375,7038,5744,3999,3450,12.0696,-19.5401,8.92564,48.26
25999,9421,8696,4521,3554,5473,5263,3971,3462,3886,3859,3605,3320,3237,3408,3199,3087,-28.8804,-16.2105,8.70023,47.9747
26000,3336,3924,6402,12281,3367,3893,4751,6029,3154,3388,3765,3896,3127,3260,3407,3295,-28.83,25.4438,8.60867,47.5167
26001,3166,3263,3373,3293,3424,3727,3856,3603,3808,4666,5562,4579,4037,6351,9543,5957,24.9267,5.81027,8.79986,48.1387
26002,7509,6691,4249,3433,6946,6421,4225,3561,4487,4249,3660,3344,3522,3548,3389,3159,-15.6942,-16.5855,8.7976,48.262
26003,3395,3326,3337,3194,3699,3684,3578,3454,4877,5217,4370,3685,6851,9951,5424,3864,31.8127,-9.40433,8.6309,47.9373
26004,3523,3947,4454,4120,3695,4899,7094,4975,3707,4810,6721,4809,3537,3833,4412,3999,-0.657213,7.14773,8.86246,48.3567
26005,3180,3245,3487,3327,3384,3767,3952,3758,3836,4905,5990,4716,4166,6361,8815,5550,21.6753,5.18692,8.55583,48.2927
26006,3404,4418,8162,9965,3526,4085,5095,5456,3328,3653,3809,3838,3093,3204,3355,3373,-29.9934,17.0205,8.83631,47.8427
26007,3453,3559,3277,3148,4447,3887,3497,3194,8370,5024,3786,3368,9978,5751,3823,3449,17.4842,-28.903,8.76201,48.0073
26008,4304,7572,9015,5048,4141,4866,5025,4333,3531,3695,3895,3587,3273,3342,3308,3254,-33.0717,2.00614,8.72513,48.126
26009,3259,3510,3728,3695,3330,3674,4706,4542,3558,4420,7612,6497,3424,4242,6102,5624,10.9809,13.0366,8.79471,47.9487
26010,6850,5493,3942,3283,8888,6263,4017,3309,5120,4405,3620,3249,3751,3758,3385,3209,-10.8788,-20.595,8.57034,48.3613
26011,3982,4005,3551,3218,5006,5391,3981,3575,6635,7728,4325,3515,4931,5043,4009,3557,6.2905,-13.172,8.70965,48.3013
26012,3396,3484,3597,3417,3761,4083,4473,3826,4120,5827,7497,4633,4125,5339,6331,4667,12.7574,3.86368,8.68275,48.384
26013,3339,3391,3317,3207,3658,3845,3726,3385,4504,5759,5014,3998,5365,8660,6553,4194,21.5422,-4.26001,8.7116,47.9433
26014,3356,3409,3160,3214,4051,3697,3445,3247,6337,4790,3793,3419,12455,5922,3996,3409,25.0982,-31.847,8.85538,47.8
26015,3205,3312,3790,4073,3428,3673,4600,6250,3363,3756,5152,9817,3323,3698,4694,6031,6.50338,30.6942,8.55178,48.11
26016,3126,3226,3384,3315,3286,3441,3876,3918,3429,3659,4820,6826,3392,3887,6046,11907,22.5977,33.8433,8.95382,47.692
26017,4664,6400,5701,4125,4547,7074,5910,4091,3939,4334,4173,3581,3401,3577,3576,3359,-13.6981,-2.45645,8.66909,48.3013
26018,3476,3604,3534,3370,4037,4652,4294,3751,4647,7417,6237,4080,4424,5529,4890,3991,9.81392,-2.93722,8.52655,47.9553
26019,8186,7266,4492,3522,6628,6120,4198,3503,4164,4109,3503,3292,3514,3427,3365,3154,-18.1865,-16.5711,8.57171,48.2953
26020,3111,3283,3355,3438,3208,3606,3981,4280,3429,3767,5071,7942,3476,3963,5727,10302,18.3054,32.1176,8.70211,47.9593
26021,3626,3399,3369,3125,4417,3978,3471,3254,8220,5199,3876,3325,9637,5717,3911,3380,17.2847,-26.4964,8.66406,47.936
26022,7248,9788,5241,3829,4864,5236,4315,3615,3811,3803,3631,3338,3344,3356,3300,3275,-29.6704,-10.3705,8.78649,47.996
26023,3393,3881,5827,11746,3330,3762,4908,7182,3212,3482,3901,4090,3080,3261,3331,3476,-21.4537,29.4189,8.85911,47.908
26024,3427,3606,3664,3390,3914,4637,4376,3731,4584,7388,6425,4132,4387,5722,5136,3936,10.236,-2.23259,8.69238,48.3033
26025,3563,3623,3377,3035,4137,4130,3643,3349,5933,6746,4512,3655,6450,7720,4776,3695,16.8873,-12.2752,8.57295,48.2293
26026,3213,3410,4072,4571,3344,3746,4982,7761,3341,3920,5081,8573,3201,3524,4247,4853,1.19037,26.3076,8.57098,47.8927
26027,3547,3903,4458,4240,3731,4776,7152,5222,3696,4498,6658,5186,3438,3769,4277,4031,-0.615166,9.01477,8.90396,48.388
26028,3566,4186,6301,7902,3447,4015,6192,7663,3395,3563,4164,4470,3000,3327,3507,3601,-15.7023,18.4691,8.81432,48.1993
26029,3426,4145,7009,10827,3307,3882,5182,6679,3206,3394,4010,4039,3151,3172,3258,3397,-22.4935,21.4522,8.95665,48.056
26030,3373,3947,5896,11704,3372,3653,4926,7157,3147,3487,3751,4114,3109,3236,3435,3515,-21.6677,28.1206,8.82132,47.8813
26031,4385,4909,4141,3558,5385,8099,5100,3742,4551,5748,4395,3585,3781,3968,3614,3398,-4.82058,-7.76738,8.83747,48.2393
26032,3188,3270,3744,4034,3319,3666,4331,5661,3439,3897,5250,9936,3235,3764,4741,6540,7.86266,29.5887,8.66739,48.01
26033,3373,3454,3488,3363,3681,4235,4076,3668,4565,6527,6364,4247,4522,6433,5907,4464,14.3209,-0.556929,8.92643,48.2447
26034,3781,4070,4009,3577,4155,5877,5306,3972,4566,6637,5896,4178,3939,4450,4305,3784,2.04597,-1.93097,8.64138,48.3347
26035,3424,3952,5631,9917,3349,3852,5056,8052,3194,3429,3958,4357,3139,3220,3536,3450,-17.4591,33.318,8.74583,47.6773
26036,4277,7147,9202,5329,3914,4827,4990,4300,3412,3688,3850,3656,3292,3387,3370,3386,-32.0609,3.21618,8.85097,48.018
26037,12252,5869,4013,3564,6610,4913,3709,3421,3968,3670,3369,3260,3327,3299,3310,3203,-23.0825,-33.5145,8.99696,47.838
26038,3440,3391,3473,3374,3585,4128,4389,3939,4107,5890,7333,4657,4076,5454,6462,4743,13.4198,3.45084,8.84095,48.294
26039,8048,5178,3809,3292,9554,5192,3786,3371,5057,4105,3612,3332,3609,3642,3319,3126,-12.3529,-29.7135,8.83171,48.0213
26040,3546,3392,3206,3156,4579,3990,3532,3278,8316,5232,3874,3385,9728,5749,3793,3364,17.0302,-26.3771,8.78325,48.08
26041,3211,3345,3292,3259,3503,3688,3764,3666,4172,4996,4908,4030,4893,8520,7902,4616,32.6832,-0.815962,8.83533,47.8433
26042,3362,3329,3196,3029,3912,3767,3420,3235,6444,4688,3763,3385,12370,6259,4004,3471,25.3609,-26.6627,8.97267,47.756
26043,7489,4948,3856,3365,9698,5282,3782,3421,5240,4330,3547,3307,3616,3665,3382,3230,-11.1563,-27.3897,8.78647,48.1053
26044,3245,3406,3329,3296,3837,4008,3595,3376,4646,6071,4998,3885,5526,8586,6498,4108,20.7419,-4.69475,8.99082,48.2733
26045,6235,5480,4086,3369,7939,6862,4124,3429,5086,4481,3765,3253,3764,3687,3478,3017,-9.79282,-17.3879,8.99449,48.0367
26046,3444,3949,5885,11045,3444,3835,4908,7535,3278,3557,3742,4129,3143,3195,3464,3355,-20.3067,32.0935,8.66636,47.9387
26047,3259,3596,4550,5594,3347,3758,5225,9378,3210,3639,4657,7052,3158,3505,3874,4263,-4.45463,27.5566,8.69133,48.0433
26048,3626,3534,3303,3057,4734,4464,3549,3397,7708,6617,4136,3489,7002,5882,4108,3387,12.9623,-17.9061,8.70303,47.9953
26049,7479,9486,5169,3764,4998,5332,4229,3549,3759,3872,3563,3266,3259,3371,3346,3211,-28.0748,-11.3901,8.62349,47.7687
26050,3061,3359,3356,3274,3319,3696,3740,3641,3846,4632,5160,4554,4168,6878,9396,5710,28.9058,4.47422,8.79561,47.86
26051,3415,3503,3723,3597,3804,4397,4906,3987,4057,5944,7761,4782,3917,4807,5428,4278,8.2929,3.77716,8.74386,48.204
26052,3399,3564,3603,3622,3733,4534,4761,3966,4101,6499,7321,4486,3991,4961,5289,4255,8.64471,1.77943,8.81193,48.0567
26053,3235,3408,3308,3163,3694,3725,3779,3587,4254,5159,5138,3959,4777,8346,7871,4662,24.1324,-0.891296,8.86769,48.0433
26054,4387,6064,6029,4393,4348,6661,6596,4288,3718,4213,4253,3738,3337,3572,3453,3356,-13.5786,-0.170207,8.69057,48.2707
26055,6577,7834,4692,3760,5798,6809,4511,3713,4060,4311,3643,3407,3509,3434,3290,3221,-16.9833,-11.5951,8.98575,48.3793
26056,3209,3614,4376,5514,3411,3816,5237,9288,3302,3795,4836,7037,3281,3421,3950,4314,-3.84226,27.1338,8.70503,48.2673
26057,3175,3378,3655,3714,3351,3698,4489,4973,3422,4170,6409,8439,3370,3920,5476,6604,11.2062,19.1063,8.76309,48.162
26058,3958,4607,4731,3952,4214,6544,6910,4415,3867,4955,5187,4072,3475,3820,3872,3613,-5.24223,0.782629,8.73837,48.128
26059,3345,3746,5727,10607,3410,3890,4955,7620,3253,3609,3844,4230,3188,3310,3449,3489,-19.1091,30.9406,8.80938,47.7813
26060,4582,6603,6228,4370,4305,6509,6236,4307,3728,4167,4157,3716,3439,3499,3565,3288,-15.2712,-0.855239,8.86495,48.466
26061,3091,3233,3439,3630,3267,3471,4013,4587,3364,3731,5380,8509,3390,3978,5835,9403,16.2686,24.2722,8.9955,48.214
26062,3154,3439,3613,3635,3269,3697,4314,4645,3499,4139,6439,7886,3618,3952,5948,6846,12.6912,18.0114,8.5126,48.062
26063,3837,4209,4201,3830,4209,6242,6012,4208,4090,5910,5932,4161,3705,4072,4100,3802,-0.597701,-0.0734631,8.51921,48.3467
26064,6244,9135,5528,3940,4923,6157,4399,3860,3770,4033,3705,3422,3381,3316,3211,3145,-20.843,-8.29468,8.89353,48.1127
26065,3209,3320,3420,3217,3563,3857,3874,3610,3998,5269,5808,4369,4307,7043,8251,4975,21.3972,2.20582,8.68388,48.06
26066,3327,3630,4661,5616,3295,3914,5062,9254,3316,3654,4668,6656,3256,3564,3868,4173,-4.68231,33.3005,8.55187,47.9427
26067,4528,4193,3523,3325,6549,5578,3955,3406,7380,6107,3821,3463,4807,4309,3681,3327,1.74895,-18.6162,8.61336,47.968
26068,3098,3342,3682,3805,3423,3605,4396,5462,3460,3899,5553,9445,3345,3765,5019,6661,9.53955,23.9641,8.53477,47.9733
26069,4011,3889,3477,3199,5620,4931,3799,3353,8089,6597,4124,3448,5574,4960,3823,3463,6.30762,-18.1796,8.6927,48.238
26070,3326,3628,3499,3275,3912,4360,4132,3622,4731,7285,6163,4103,4559,6125,5479,4083,12.5439,-2.59121,8.78921,48.188
26071,3399,3719,3925,3689,3744,4675,5729,4419,3851,5586,7721,4977,3734,4258,4750,4272,4.74401,5.23841,8.61154,48.2987
26072,3325,3862,6096,12509,3349,3776,4814,6178,3185,3438,3815,3972,3134,3175,3311,3442,-29.3377,28.5325,8.6174,47.5873
26073,3376,3979,5953,12005,3363,3867,4890,6770,3144,3453,3768,4074,3203,3276,3389,3333,-23.6973,28.8698,8.81846,47.8953
26074,6405,5157,3813,3367,8925,6423,3954,3381,5296,4430,3544,3228,3999,3636,3306,3143,-9.71653,-20.1831,8.96044,48.0047
26075,3131,3264,3251,3457,3257,3483,3835,3968,3339,3889,4886,5866,3333,4084,6995,11875,28.3176,22.9718,8.84976,47.942
26076,3443,3297,3218,3142,3825,3769,3459,3242,6080,4589,3713,3421,12862,5968,3977,3322,29.1067,-32.5753,8.99707,47.5513
26077,3078,3374,3308,3393,3401,3505,4000,3879,3733,4275,6117,5256,3837,5252,9033,6982,21.3949,10.9327,8.91269,48.282
26078,3321,3585,3683,3533,3500,4147,4689,4149,3809,5637,7819,4979,3879,4944,6097,4702,11.1689,5.46684,8.59292,48.3153
26079,3327,3675,4380,4827,3468,3981,6283,7397,3450,3939,5711,6623,3243,3548,4118,4446,-1.74095,18.281,8.8676,48.2773
26080,8005,5340,3869,3260,9078,5840,3890,3352,4823,4178,3567,3319,3651,3661,3325,3130,-13.3865,-23.6489,8.90304,48.192
26081,5941,7781,5063,3780,5369,7010,4652,3764,3956,4210,3796,3479,3401,3555,3432,3216,-17.1118,-9.06006,8.58869,48.27
26082,3905,3904,3386,3150,5660,4708,3691,3390,8416,6333,4063,3423,5917,4999,3740,3448,7.39921,-19.0902,8.74033,48.0887
26083,4618,4324,3687,3208,6876,5888,3892,3337,7145,5844,3800,3489,4660,4287,3765,3223,0.323526,-18.0667,8.80451,48.0287
26084,3241,3376,3292,3138,3612,3860,3533,3327,4432,5205,4578,3886,5699,9896,6773,4112,28.9324,-5.15009,8.9746,47.9733
26085,4715,6414,5344,3958,4744,7761,5710,4066,3857,4599,4082,3482,3411,3589,3451,3208,-12.9781,-4.10122,8.86333,48.2607
26086,7692,9507,4996,3690,5231,5500,4204,3553,3823,3934,3525,3388,3279,3329,3265,3199,-24.3081,-12.0597,8.94395,48.0767
26087,3579,4318,6220,5889,3638,4561,7587,6526,3293,3720,4539,4511,3177,3306,3679,3683,-12.0187,12.717,8.73146,48.1507
26088,3048,3192,3515,3537,3292,3551,4289,4650,3342,3926,5403,8590,3439,3852,5504,8844,15.2283,25.6873,8.82309,47.9827
26089,3268,3254,3545,3751,3262,3571,4032,4747,3403,3867,5278,9368,3352,3857,5219,8545,13.5838,31.9848,8.87747,48.2127
26090,3336,3802,4961,6542,3373,3953,5551,9533,3320,3620,4428,5808,3108,3260,3863,3979,-8.65225,25.0998,8.54982,48.2913
26091,3118,3202,3374,3358,3309,3566,3880,3834,3652,4385,5715,5212,3592,5183,9168,7196,23.3612,11.0419,8.60562,47.8293
26092,3355,3466,3250,3212,4026,3898,3615,3403,5692,5859,4329,3532,7815,8563,4735,3687,21.2305,-13.4509,8.64065,48.2913
26093,3545,3444,3247,3130,4256,3884,3489,3212,7309,5490,3887,3456,9279,6557,4184,3508,18.328,-20.7572,8.77528,47.918
26094,3320,3333,3311,3159,3705,3892,3648,3506,4772,5977,4657,3846,5884,9115,6061,4040,22.1898,-6.47836,8.8151,48.1507
26095,3386,3490,3211,3181,3904,3950,3584,3219,5384,5654,4292,3644,7938,8956,4925,3609,23.7964,-12.9674,8.73012,48.218
26096,3541,3470,3216,3020,4190,3908,3408,3140,7066,5198,3922,3465,10619,6445,4083,3393,20.6282,-22.6715,8.64266,48.056
26097,3309,3459,3267,3049,3841,3855,3478,3263,5191,5518,4277,3644,7793,9274,5043,3842,25.626,-11.9384,8.58418,48.0687
26098,12578,6292,3907,3405,6214,4671,3853,3529,3979,3776,3541,3226,3289,3300,3166,3072,-27.5611,-26.7929,8.71842,47.8653
26099,3538,4203,6597,8210,3585,3961,6126,7214,3218,3597,4304,4388,3117,3257,3448,3545,-16.6007,17.8845,8.76734,48.2053
26100,3404,3397,3468,3416,3704,4153,4323,3862,4271,6117,7043,4569,4300,5645,6143,4524,12.8243,1.78118,8.53335,48.226
26101,5780,9734,6745,4109,4567,5169,4485,3863,3623,3809,3733,3535,3224,3355,3250,3185,-30.1926,-4.92715,8.86851,48.1107
26102,5784,4592,3676,3333,9711,5111,3831,3453,6441,4649,3674,3322,4066,3845,3490,3098,-5.7344,-32.2454,8.57626,48.0507
26103,7466,9806,5212,3816,5037,5338,4210,3680,3785,3820,3609,3355,3227,3397,3225,3166,-26.3812,-11.2979,8.98994,48.0993
26104,4269,7000,9385,5613,3915,4699,5041,4377,3433,3660,3797,3625,3109,3253,3383,3334,-31.092,4.18911,8.81372,47.9287
26105,3236,3505,3867,4026,3312,3663,4512,6500,3408,3726,5085,9560,3321,3658,4582,5769,5.32131,32.1316,8.62598,47.82
26106,3403,3959,5646,10343,3433,3822,5066,7770,3195,3589,4079,4267,3172,3303,3438,3455,-18.4545,31.8365,8.52098,47.96
26107,4850,8597,8174,4694,4184,4880,4818,4096,3542,3787,3787,3457,3264,3288,3418,3196,-29.8329,-0.466491,8.97369,48.0213
26108,3208,3276,3657,3759,3284,3705,4458,5264,3497,3990,6529,8647,3421,3893,5380,6379,9.74791,19.2965,8.89679,48.2313
26109,10254,7176,4298,3487,6468,5264,3907,3413,4117,3912,3494,3228,3443,3471,3229,3128,-22.6515,-20.5139,8.53934,48.1927
26110,3388,3939,6016,12793,3296,3639,4609,5912,3225,3347,3724,3873,3101,3304,3436,3238,-31.2009,30.2338,8.82345,47.2267
26111,3318,3372,3249,3170,3783,3916,3709,3341,4776,5831,4635,3844,6074,9304,5909,3971,22.4052,-7.00449,8.72998,48.1347
26112,3917,3729,3348,3123,5555,4361,3589,3299,9924,5290,3864,3486,6913,4929,3691,3252,9.32796,-27.5363,8.75042,48.18
26113,3556,4881,9334,8151,3676,4171,5323,5307,3385,3586,3861,3796,3113,3245,3427,3297,-26.5166,13.4162,8.81594,48.0727
26114,3945,5627,9983,6885,3649,4387,5372,4814,3394,3708,3802,3760,3039,3294,3311,3308,-28.1894,9.25261,8.87411,48.1853
26115,4426,5526,4408,3835,5102,8194,5376,3783,4259,5241,4305,3598,3679,3709,3639,3412,-7.5201,-5.82621,8.93936,48.328
26116,3297,3969,5469,6606,3434,4032,6361,8446,3330,3673,4569,5128,3065,3390,3695,3853,-10.5888,19.6228,8.71429,48.2113
26117,7303,7255,4458,3552,6603,6493,4164,3471,4146,4359,3614,3285,3404,3439,3315,3059,-16.7393,-15.0644,8.94853,47.9467
26118,3121,3315,3411,3369,3436,3746,3876,3771,3838,4607,5563,4630,4064,6092,9376,5834,23.7351,6.3074,8.71725,48.0327
26119,3497,4443,8175,9625,3532,4015,5089,5739,3247,3485,3843,3922,3035,3181,3446,3388,-33.2866,16.8689,8.6225,47.7747
26120,3665,4150,4045,3727,4058,5879,5642,4028,4301,6304,6099,4191,3755,4309,4349,3851,1.1278,-0.746287,8.57793,48.2353
26121,4082,6100,9767,6301,3822,4468,5334,4552,3392,3635,3829,3642,3144,3244,3432,3371,-28.0517,7.34246,8.66469,48.0767
26122,3209,3277,3407,3304,3211,3477,3834,3985,3304,3917,5066,5546,3547,4249,7697,10438,32.7351,18.696,8.61065,47.6453
26123,3332,3803,5582,8897,3456,3781,5331,8756,3213,3484,4081,4836,3085,3286,3532,3625,-14.8925,25.6484,8.94292,48.0533
26124,3412,3420,3332,3076,3976,3741,3454,3054,6904,4797,3698,3379,11745,5996,3955,3389,22.5913,-32.4207,8.91702,47.552
26125,3461,3419,3284,3068,4137,3926,3485,3269,7333,4902,3768,3368,11264,5826,3906,3480,20.5724,-31.873,8.80356,47.9307
26126,3506,3957,5338,5926,3451,4338,7034,7583,3391,3813,4742,5095,3120,3536,3686,3861,-9.14589,16.2741,8.80602,48.2513
26127,5453,4577,3624,3175,9619,5405,3906,3288,6835,4664,3699,3178,4231,3794,3440,3271,-4.17691,-25.722,8.97721,48.106
26128,3712,4691,7056,5889,3723,4728,7482,5764,3415,3722,4409,4281,3178,3446,3653,3497,-14.1911,10.388,8.72719,48.4307
26129,4481,7261,8625,5067,3986,5119,5416,4285,3491,3657,3769,3524,3216,3247,3455,3245,-24.1814,1.98459,8.84079,47.896
26130,3739,4759,8114,6675,3581,4420,6640,5646,3402,3723,4126,4019,3114,3352,3443,3417,-18.3584,11.6243,8.82046,48.1133
26131,3536,3824,4089,3855,3706,5168,5919,4199,4148,5670,6873,4476,3678,4278,4541,3864,2.471,2.8634,8.83843,47.8827
26132,3402,3527,3105,3084,4268,3963,3524,3328,7538,5476,4135,3451,9648,6308,4127,3471,18.5143,-21.6163,8.52916,48.2367
26133,4249,6224,8653,5335,3924,4951,5978,4654,3491,3846,3952,3777,3258,3291,3472,3336,-20.5636,4.51257,8.61014,48.2607
26134,3331,3817,6089,12616,3449,3761,4660,5857,3239,3379,3638,3878,3232,3340,3364,3251,-31.2094,33.6408,8.95219,47.2673
26135,3354,3649,4411,4548,3421,4039,6207,6537,3523,4148,6119,6607,3420,3600,4266,4547,0.0505071,16.4213,8.70273,48.264
26136,3243,3354,3326,3392,3511,3742,3789,3648,3999,4912,4985,4301,4558,7486,8836,5018,32.7501,2.08295,8.66503,48.0667
26137,5880,4500,3754,3339,9762,5200,3820,3419,6428,4566,3746,3311,4049,3915,3395,3237,-5.80971,-33.8186,8.92317,48.214
26138,5749,5451,3973,3334,7508,7261,4186,3564,5088,4755,3842,3303,3807,3698,3463,3262,-8.37389,-15.7673,8.73078,48.1627
26139,3105,3320,3506,3497,3301,3654,4043,4037,3632,4333,6927,5980,3611,4675,7508,6814,16.9961,12.8287,8.8836,47.962
26140,3650,4358,5580,4826,3793,5026,8127,5672,3557,4096,5219,4319,3318,3502,3730,3754,-8.02663,8.86975,8.74349,48.3513
26141,3234,3244,3335,3406,3398,3692,3831,3710,3694,4312,5213,4942,3848,5384,9692,6994,31.4258,9.65512,8.50228,47.9527
26142,3323,3301,3363,3157,4094,3840,3404,3256,7151,4935,3766,3430,11276,5915,3893,3396,21.0518,-33.9013,8.88594,47.6667
26143,3692,4446,6174,5134,3765,4840,7921,5927,3486,3861,4704,4383,3293,3417,3716,3630,-10.7601,10.016,8.66033,48.2593
26144,10315,6506,4033,3398,7213,5470,3948,3338,4146,3987,3568,3272,3507,3275,3308,3158,-20.0191,-21.9929,8.6509,48.2947
26145,3354,3447,3242,3152,3814,4041,3785,3462,5094,6644,4723,3841,5889,8340,5377,3875,18.5835,-8.21142,8.69784,48.0533
26146,3158,3783,4459,5465,3372,3728,5042,9461,3271,3816,4775,6888,3173,3424,3914,4125,-4.22954,32.2559,8.83223,47.9027
26147,3193,3405,3688,3685,3222,3627,4289,4742,3506,3995,6198,8487,3308,3979,5694,7314,12.8402,19.8922,8.87575,48.2213
26148,3327,3407,3230,3110,3920,3828,3534,3335,5903,5306,3969,3452,9166,8388,4543,3554,23.7746,-16.0698,8.82868,47.9813
26149,5237,8702,7166,4559,4433,5370,4980,3928,3701,3813,3759,3484,3258,3398,3256,3174,-24.4951,-2.58299,8.64399,48.1453
26150,3655,4921,9022,8205,3557,4201,5538,5321,3215,3548,3841,3845,3149,3152,3345,3361,-24.5264,13.3262,8.6492,47.9173
26151,9376,8275,4484,3523,5804,5341,3983,3510,3983,3768,3620,3290,3364,3514,3254,3125,-25.1342,-16.7562,8.83967,48.1427
26152,5221,4829,3888,3323,7487,7096,4161,3470,5602,5238,3849,3371,3981,3961,3532,3219,-5.99507,-16.0838,8.85399,48.152
26153,3084,3190,3451,3468,3229,3505,3829,3848,3556,4234,5210,5318,3621,4748,9237,8487,31.419,14.3438,8.79754,48.01
26154,5145,5601,4174,3464,6296,7968,4651,3577,4571,5175,3902,3379,3711,3737,3567,3206,-8.64687,-11.5663,8.88568,48.0827
26155,3296,3327,3454,3351,3486,3975,4229,3890,4093,5708,7084,4619,4081,5779,6952,4898,14.9486,3.51852,8.9741,48.148
26156,3095,3278,3486,3444,3500,3650,4122,4000,3670,4592,6621,5397,3760,5172,8233,6254,18.4165,9.72779,8.78093,48.1827
26157,5609,8001,5493,4057,5013,6628,5102,3858,3875,4111,3796,3370,3224,3384,3385,3153,-17.8047,-6.86435,8.69979,48.0393
26158,3132,3234,3365,3494,3301,3540,4031,4530,3237,3854,5016,8684,3341,4011,5478,9330,15.8636,33.8593,8.92041,47.7187
26159,4067,4968,5008,4118,4436,7008,6783,4176,3849,4904,4531,3802,3485,3790,3778,3402,-7.87873,-0.355575,8.6814,48.07
26160,3216,3502,3926,4164,3341,3761,4956,6042,3494,3932,6229,8400,3319,3849,4876,5596,5.88966,19.5335,8.51353,48.402
26161,2987,3198,3386,3395,3221,3436,3978,4261,3351,4022,5218,7182,3395,4026,6747,10337,20.5246,22.2811,8.88336,48.0933
26162,3557,3917,4369,3981,3761,4950,7024,4814,3759,4945,6671,4672,3518,3993,4136,3972,-0.62389,6.21063,8.84012,48.026
26163,3153,3508,4041,4481,3362,3719,4926,7754,3345,3812,5130,8893,3267,3534,4142,5027,1.57568,28.4861,8.84606,48.0627
26164,3233,3589,4278,4894,3297,3797,5148,8630,3385,3688,4892,7626,3254,3447,4042,4636,-1.52984,25.1248,8.65585,47.8907
26165,4148,6095,7728,5014,3949,5355,6540,4574,3592,3984,4128,3765,3350,3379,3456,3347,-17.7357,3.53576,8.7407,48.2693
26166,4061,5242,6949,5179,3759,5316,7502,5128,3550,3935,4320,3984,3222,3475,3490,3452,-14.2287,6.12023,8.89806,48.376
26167,12548,5890,3819,3311,5847,4690,3740,3328,4012,3852,3425,3247,3302,3361,3349,3169,-32.499,-31.9554,8.79193,47.26
26168,3643,4182,4505,3948,4125,5843,6693,4366,3903,5317,5973,4209,3533,4086,4112,3785,-1.6349,2.1244,8.51605,48.1487
26169,2999,3200,3332,3381,3249,3469,3771,4008,3479,3851,4996,5836,3455,4033,7157,11491,29.5215,21.8377,8.63398,47.8047
26170,6513,4817,3745,3386,9888,5443,3755,3351,5782,4291,3693,3374,3986,3713,3344,3226,-8.54127,-26.2301,8.7909,48.2047
26171,8171,8757,4826,3641,5437,5683,4101,3540,3899,3854,3510,3317,3348,3422,3316,3064,-23.7488,-13.7392,8.62511,47.924
26172,3690,3856,3637,3591,4403,5474,4640,3860,4884,7466,5883,4070,4168,4861,4317,3699,5.1779,-3.84296,8.56531,48.3327
26173,3192,3362,3831,3976,3250,3638,4374,5898,3317,3769,5238,10110,3312,3639,4816,6372,7.93372,30.6049,8.8267,48.0627
26174,3220,3387,3240,3449,3165,3559,3778,3821,3594,3982,5166,5621,3559,4467,8384,9617,29.6089,16.7338,8.73322,48.006
26175,3340,3437,3287,3094,3988,3824,3447,3113,6030,4917,3815,3323,11012,7424,4174,3363,26.6687,-20.3942,8.95892,47.7253
26176,3301,3372,3279,3120,3835,3874,3537,3307,4999,5204,4147,3580,7776,9703,5084,3740,31.7784,-12.1756,8.90065,47.9053
26177,3426,4064,6510,11944,3412,3808,4858,6143,3200,3457,3852,4025,3098,3174,3307,3348,-26.5894,24.1514,8.58186,47.7507
26178,3392,3496,3252,2970,3982,3862,3468,3201,6069,4960,3807,3555,11285,7229,4054,3409,25.8706,-21.519,8.86346,47.994
26179,3627,4713,8967,9023,3521,4098,5225,5525,3287,3443,3728,3931,3164,3294,3385,3423,-29.4466,14.9357,8.80466,48.236
26180,3661,4593,7455,6607,3599,4405,7036,6157,3354,3740,4227,4235,3187,3295,3614,3493,-15.7046,12.9527,8.78227,48.4387
26181,3130,3327,3525,3611,3208,3493,4075,4804,3333,3846,5328,9137,3455,3910,5317,8401,13.7198,25.5072,8.73217,47.9333
26182,3391,3378,3257,3211,3739,3895,3511,3319,4880,5369,4261,3636,7117,9837,5352,3652,33.5711,-10.2642,8.92412,47.87
26183,12214,6309,3903,3390,5979,4795,3854,3345,4094,3818,3512,3253,3292,3441,3256,3078,-33.0535,-24.8837,8.51928,47.6887
26184,5139,4402,3481,3390,8897,5226,3808,3300,7531,4875,3567,3352,4505,3971,3426,3232,-2.24086,-26.7855,8.75715,48.068
26185,4888,4282,3569,3229,8499,4857,3671,3354,8123,4893,3572,3253,4682,4194,3512,3255,-0.824262,-30.8007,8.91868,47.8887
26186,4090,4339,3786,3415,5236,6742,4552,3601,5346,7154,4582,3439,4247,4300,3897,3360,0.658349,-9.64911,8.61847,48.0573
26187,3232,3393,3613,3524,3426,3810,4427,4056,3680,4867,7685,5541,3843,4897,6945,5281,13.5774,8.87552,8.74382,48.1467
26188,3436,3739,3772,3569,3702,4355,5078,4125,3884,5723,7910,4998,3863,4567,5315,4460,7.83513,4.7254,8.66775,48.3307
26189,4429,7369,8725,5130,4023,4886,5285,4373,3444,3749,3691,3626,3295,3273,3420,3365,-26.5269,2.23311,8.56453,48.0553
26190,5053,8884,7588,4449,4310,4971,4755,4033,3673,3752,3707,3464,3345,3398,3348,3208,-30.0642,-2.11943,8.7279,47.9587
26191,3137,3297,3541,3679,3314,3557,4093,5087,3483,3832,5377,9615,3297,3813,5170,7670,12.0002,28.3923,8.62168,47.9747
26192,3096,3291,3367,3331,3380,3666,4093,4011,3630,4197,5965,5915,3617,4738,8107,7867,20.3566,14.0644,8.67961,48.1807
26193,3038,3255,3478,3402,3294,3565,3742,3840,3375,3705,4711,6038,3413,4026,6267,12485,29.0605,28.9454,8.57728,47.756
26194,3795,3623,3361,3111,5255,4257,3607,3210,9653,5481,3924,3356,7521,5274,3714,3357,11.4314,-25.593,8.67795,48.3327
26195,5482,5191,3910,3398,7885,7035,4114,3495,5334,4981,3813,3416,3939,3910,3483,3115,-7.4323,-16.6953,8.85813,48.334
26196,3794,5401,9627,7143,3702,4350,5463,4941,3446,3651,3811,3710,3210,3256,3400,3256,-25.6793,10.1448,8.58429,48.1073
26197,3206,3419,3657,3687,3405,3783,4671,4680,3527,4383,7609,6795,3540,4106,5835,5761,10.0877,13.9125,8.51315,48.0427
26198,4217,3893,3429,3205,6745,5129,3787,3259,8654,5687,3919,3358,5170,4631,3687,3288,3.793,-21.738,8.92102,48.0387
26199,3786,4541,5088,4237,4047,5881,7694,4718,3668,4483,5338,4315,3424,3817,3769,3660,-6.12416,3.88587,8.61426,48.3107
26200,3996,3840,3474,3309,5658,5137,3887,3423,7982,6798,4038,3474,5363,4817,3760,3513,5.57201,-17.1709,8.94774,48.3127
26201,3290,3661,4280,5042,3239,3769,5555,8470,3368,3876,5195,7321,3244,3516,4059,4469,-2.06414,22.439,8.92716,48.236
26202,4339,5980,6636,4693,4129,6048,6716,4430,3705,4013,4128,3822,3264,3539,3442,3438,-15.2743,1.81574,8.69326,48.2147
26203,3817,3628,3297,3182,5256,4326,3656,3224,9643,5061,3726,3345,7475,4970,3811,3292,11.1986,-31.1122,8.5045,47.806
26204,3194,3312,3489,3612,3250,3537,3983,4488,3483,3764,5058,8715,3241,3801,5461,9347,15.9001,30.7923,8.80667,47.8233
26205,3321,3325,3199,3112,3995,3986,3597,3270,5607,5349,4181,3559,9137,8483,4619,3622,25.9505,-15.8664,8.51211,48.2413
26206,3406,4125,5479,5313,3561,4409,7756,6907,3350,3872,4914,4809,3170,3507,3796,3766,-8.81692,13.3724,8.85272,48.0933
26207,3121,3516,3778,3841,3387,3677,4640,4950,3530,4265,6960,7515,3456,3944,5593,5965,9.31628,16.4523,8.65095,48.092
26208,3874,3682,3583,3130,4926,4896,3810,3483,6748,7573,4428,3656,5381,5555,4106,3432,8.65782,-13.882,8.64932,48.1753
26209,3112,3380,3514,3510,3445,3688,4367,4083,3649,4791,7466,5668,3797,4898,7254,5705,14.4393,9.69616,8.87432,48.218
26210,7833,7734,4422,3669,6365,6081,4145,3534,4063,4103,3589,3264,3538,3460,3297,3060,-18.7921,-15.4123,8.65112,48.1047
26211,3167,3415,3635,3600,3323,3747,4501,4784,3439,4321,7326,7109,3472,4151,5919,6038,11.291,15.1128,8.92693,47.9647
26212,3406,3469,3326,3234,3793,4115,3894,3441,4700,6791,5551,4026,4883,7445,5967,4247,16.525,-3.46163,8.88636,48.192
26213,3124,3414,3664,3843,3278,3578,4298,5378,3389,3807,5312,9678,3331,3763,4939,7289,10.285,27.5135,8.63086,48.0567
26214,12319,6326,3899,3447,6060,4803,3730,3333,3975,3702,3400,3240,3363,3388,3123,3122,-31.5607,-25.74,8.86283,47.4867
26215,3391,4038,6622,12042,3434,3858,4900,6316,3213,3462,3824,3872,3070,3127,3349,3384,-25.4344,24.5253,8.87004,47.9347
26216,4219,6306,8479,5358,3982,5110,6215,4591,3561,3821,3880,3665,3136,3385,3394,3288,-20.2709,3.96665,8.86615,48.26
26217,3057,3350,3290,3426,3358,3376,3748,3956,3407,3847,4769,6363,3322,3911,5798,12697,25.9513,30.9206,8.91296,47.7833
26218,3800,3794,3425,3215,5743,4375,3565,3360,9752,5274,3836,3395,6334,4833,3602,3429,8.00874,-31.039,8.54741,47.8213
26219,3365,4044,6543,7768,3467,4039,6439,7678,3201,3656,4183,4439,3087,3338,3539,3513,-15.231,18.101,8.89681,48.1993
26220,3060,3245,3465,3385,3167,3521,3805,3908,3370,3893,4935,5840,3429,4054,7154,11503,29.9349,21.9233,8.63755,47.8227
26221,3287,3493,3479,3386,3559,4100,4465,3815,4188,6208,7072,4490,4277,5614,6245,4506,12.7283,1.96634,8.72644,48.1227
26222,4890,4943,3933,3437,6638,7378,4396,3576,5188,5421,4029,3421,4078,3938,3509,3311,-5.32886,-13.0808,8.61823,48.0573
26223,4651,4702,3909,3436,6183,7299,4316,3522,5504,6215,4087,3497,4111,4100,3615,3274,-2.63695,-12.9237,8.8538,48.2807
26224,9523,8323,4598,3497,5529,5170,4163,3456,3848,3759,3476,3280,3349,3336,3264,3178,-29.5839,-16.3331,8.65558,47.8327
26225,4141,5029,4794,4009,4449,7137,6661,4169,3872,4855,4728,3886,3495,3709,3714,3607,-7.41379,-0.840093,8.90828,48.17
26226,3204,3473,3253,3222,3736,3763,3811,3276,4566,5142,4606,3859,6076,9977,6339,4070,32.5543,-6.14352,8.8015,48.2487
26227,3292,3379,3731,4065,3306,3832,4706,5828,3395,3858,6035,8871,3323,3798,4773,5766,6.65861,20.5556,8.8229,47.972
26228,4396,7159,9186,5447,3923,4790,5337,4489,3531,3673,3716,3631,3244,3299,3292,3272,-24.7465,3.70857,8.97035,48.2567
26229,3551,3927,3702,3493,4142,5342,4696,3734,4666,7610,6190,4026,4172,4913,4532,3852,6.0315,-3.10232,8.92686,48.3653
26230,3880,3679,3595,3165,5432,4816,3782,3390,8301,6643,4041,3417,5725,5037,3877,3372,7.26003,-18.1452,8.83731,48.1013
26231,9813,8306,4496,3531,5504,5061,3824,3492,3985,3768,3425,3299,3415,3454,3262,3182,-32.1991,-17.0242,8.81308,47.878
26232,3403,3398,3308,3085,4086,3741,3430,3339,5926,4919,3761,3299,11485,6962,4185,3426,30.1956,-21.9872,8.55012,47.8353
26233,3301,3402,3251,3164,3740,3936,3658,3304,4880,5240,4245,3707,6606,9927,5960,3935,30.2368,-8.04259,8.69464,48.1707
26234,3802,3936,3791,3512,4383,5913,4744,3787,4787,7279,5598,3846,3987,4631,4303,3749,3.37687,-4.4562,8.59529,48.032
26235,4765,7488,6883,4454,4351,5914,5593,4192,3617,3917,3915,3626,3333,3385,3361,3389,-19.0198,-0.933933,8.50858,48.122
26236,3918,3735,3290,3103,5745,4412,3709,3276,9333,5822,3888,3382,6310,4976,3730,3381,8.66753,-23.1299,8.64536,48.0067
26237,3920,3852,3393,3149,5913,4369,3649,3328,10030,5155,3767,3386,6370,4688,3750,3360,7.90588,-28.5869,8.60427,48.0527
26238,3196,3253,3511,3284,3454,3824,3756,3680,3964,4603,5196,4475,4153,6798,9530,5377,32.6526,4.45056,8.70788,48.036
26239,9334,7961,4471,3543,5998,5510,4104,3466,3935,3850,3611,3226,3365,3485,3126,3101,-22.856,-16.7891,8.86718,48.0573
26240,3602,3914,3601,3433,4240,5560,4522,3696,4891,7935,5539,3893,4346,4985,4306,3611,5.77864,-5.29249,8.57197,48.0493
26241,9756,5394,3905,3307,8282,5144,3776,3395,4437,3952,3550,3269,3510,3472,3172,3186,-16.7855,-31.4106,8.62163,47.6713
26242,6258,5177,3890,3359,8794,6241,4005,3330,5322,4616,3641,3283,3842,3716,3260,3127,-9.13208,-20.2985,8.90573,47.9073
26243,11057,6070,3999,3451,7547,4997,3897,3257,4113,3920,3527,3177,3465,3441,3220,2927,-20.3605,-25.7768,8.8826,48.0433
26244,3811,3967,3620,3273,4770,5720,4394,3613,5370,7896,5006,3683,4420,4902,4154,3636,4.792,-8.46254,8.60925,48.1567
26245,11338,6935,4115,3460,6398,5069,3869,3322,4053,3799,3478,3249,3402,3298,3223,3075,-23.9218,-22.2219,8.71485,48.0553
26246,3662,4273,4798,4258,3746,5353,7690,5034,3596,4600,6129,4563,3398,3785,4029,3877,-3.78871,6.21939,8.91089,48.5273
26247,3415,3602,3489,3482,3728,4334,4399,3724,4265,6860,7080,4354,4036,5445,5491,4318,10.5073,0.402477,8.88352,48.0147
26248,3948,3810,3463,3132,5634,4903,3726,3320,8365,6558,3995,3449,5839,4950,3897,3403,6.90381,-18.6435,8.90186,48.2613
26249,3987,4628,4646,3950,4159,6918,6627,4298,3991,5162,5157,4031,3536,3841,3808,3507,-4.90788,-0.327111,8.89324,48.164
26250,3109,3288,3393,3383,3272,3407,3767,3869,3315,3803,4718,6063,3407,3802,5926,12493,31.1606,29.4904,8.56836,47.3433
26251,3053,3171,3451,3387,3243,3400,3830,4131,3398,3741,5003,7347,3411,3840,5926,11775,21.4096,28.2724,8.95356,48.0713
26252,8264,8644,4887,3702,5354,5655,4141,3613,3856,3877,3602,3369,3381,3343,3213,3117,-23.949,-13.8966,8.58651,48.012
26253,3440,3388,3264,3150,3945,3722,3463,3242,6071,4571,3805,3287,12482,6142,4001,3376,29.8882,-29.6673,8.53422,47.566
26254,3065,3219,3413,3533,3345,3424,3981,4321,3433,3840,5341,7612,3443,3955,6167,9805,18.2593,23.1413,8.80145,47.9313
26255,4482,5207,4523,3825,4852,7819,5865,4067,4204,5090,4357,3742,3584,3773,3576,3440,-7.49806,-4.27716,8.76904,48.2707
26256,3442,3456,3370,3183,3939,4007,3873,3473,5195,6614,4905,3785,5912,8021,5320,3879,17.7198,-7.96758,8.60691,48.2493
26257,3412,4133,7276,11246,3357,3891,5162,5704,3161,3492,3826,3916,3098,3125,3418,3440,-32.6017,20.9787,8.50831,47.7713
26258,3369,3445,3331,3049,3883,3977,3704,3235,5620,5968,4139,3508,7593,8706,4823,3717,21.6387,-12.7348,8.72962,48.0447
26259,3412,3458,3364,3057,3994,3953,3718,3320,5561,6338,4292,3748,7149,8575,4895,3728,20.1184,-11.7593,8.63992,48.3747
26260,3566,4472,8188,9854,3388,3929,5133,5585,3377,3559,3776,3915,3077,3247,3405,3356,-27.324,16.8973,8.77971,47.8847
26261,6028,10022,6201,3992,4737,5286,4477,3731,3654,3834,3567,3290,3223,3322,3214,3181,-27.8159,-6.8559,8.99185,47.8393
26262,3500,4537,7508,7341,3566,4290,6371,6223,3436,3730,4178,4092,3193,3242,3514,3448,-17.6466,14.2224,8.76518,48.1127
26263,8211,9338,4849,3638,5385,5339,4265,3617,3759,3901,3578,3211,3367,3377,3327,3107,-33.7979,-13.2489,8.7624,48.1793
26264,3115,3344,3425,3415,3332,3433,3697,3881,3336,3790,4573,6151,3443,3829,5976,12492,31.7923,30.4864,8.6285,47.488
26265,5965,4717,3696,3259,9846,5309,3762,3374,6054,4629,3729,3227,4092,3773,3434,3230,-6.83686,-27.9732,8.58467,48.064
26266,3970,4378,3880,3438,5191,6911,4446,3503,5312,7174,4713,3596,4309,4350,3932,3388,0.708752,-9.00696,8.70613,48.3273
26267,3663,3413,3401,3139,4099,4240,3624,3351,5941,6673,4418,3513,6585,7753,4719,3673,16.7111,-12.5936,8.57892,48.1367
26268,12806,6008,3790,3366,6035,4655,3710,3362,3903,3799,3355,3233,3502,3387,3230,3085,-29.9398,-30.9282,8.9271,47.484
26269,3429,3463,3217,3083,4329,4012,3494,3273,7937,5197,3872,3419,10004,6068,3899,3407,18.5002,-24.6194,8.75751,48.0687
26270,3128,3348,3441,3399,3158,3515,3954,4002,3437,3868,5162,6338,3478,4113,6900,11099,24.691,21.7442,8.50241,48.2267
26271,3258,3416,3266,3238,3737,3838,3570,3375,4790,5207,4585,3773,6493,9859,5660,3929,31.4619,-8.37354,8.78727,47.996
26272,3822,5383,9253,6633,3725,4492,6038,5180,3391,3749,3943,3812,3094,3190,3373,3371,-21.4446,9.6762,8.6779,48.2993
26273,3454,3456,3243,2993,4128,3897,3510,3217,6445,5111,3911,3413,10596,6933,4057,3489,22.9786,-21.1913,8.50722,47.902
26274,3427,3398,3153,3129,4130,4087,3616,3375,5601,6378,4399,3606,6921,8351,4880,3737,19.2997,-11.8423,8.71307,48.1253
26275,3301,4059,6931,11620,3399,3798,4965,6185,3190,3465,3728,4060,3068,3232,3437,3387,-26.067,22.7789,8.82008,47.8833
26276,4082,4428,3982,3547,4693,7041,5139,3793,4655,6553,4956,3726,4067,4391,3975,3542,-0.703433,-5.93571,8.5404,48.38
26277,3171,3425,3535,3679,3369,3792,4525,4427,3515,4487,7480,6854,3486,4362,6257,6102,12.0802,13.6317,8.79447,48.3107
26278,3239,3308,3825,3949,3407,3619,4522,6286,3427,3729,5138,9820,3314,3720,4637,6018,6.75869,32.8067,8.92951,47.972
26279,11886,6703,3985,3463,5861,4883,3856,3396,3960,3892,3506,3295,3459,3426,3263,3208,-31.5498,-23.3455,8.55315,48.028
26280,3328,3627,3587,3379,3891,4262,4448,3778,4224,6440,7153,4476,4061,5521,5777,4411,11.3234,1.00804,8.84495,48.242
26281,3447,3574,3505,3397,3914,4555,4159,3625,4729,7580,6098,4069,4616,6036,5182,4012,11.1661,-3.65372,8.8773,48.332
26282,3360,3482,3885,3855,3501,4014,5432,4974,3553,4641,7833,6200,3488,3967,5168,4884,5.8748,11.769,8.9757,48.158
26283,3302,3530,4095,4030,3562,4063,5911,5395,3483,4392,7332,6230,3536,3974,4727,4720,3.27547,12.5052,8.74103,48.188
26284,4766,8219,8344,4723,4294,4877,4934,4301,3553,3730,3723,3627,3213,3294,3382,3256,-30.0415,0.149972,8.64382,48.1573
26285,3506,3508,3455,3122,4279,4402,3735,3423,5728,7629,4873,3733,5502,6967,4776,3790,14.0482,-9.42508,8.75517,48.2853
26286,3152,3245,3470,3331,3361,3515,3843,3856,3582,4170,5179,5063,3632,5002,9305,8034,31.9066,12.8738,8.64342,47.8267
26287,3639,4470,6723,5848,3653,4561,7667,6334,3396,3731,4430,4400,3262,3352,3660,3536,-13.0148,11.9755,8.82503,48.4413
26288,3403,3645,3667,3509,3735,4410,4930,4004,3976,6148,7868,4554,3857,4826,5458,4326,8.83747,3.30605,8.99249,48.2107
26289,10927,7615,4232,3442,5641,5080,3923,3383,3945,3880,3325,3190,3473,3424,3338,3157,-32.8857,-19.3687,8.88477,47.9833
26290,6531,5461,3927,3464,8502,6540,4163,3472,5162,4480,3750,3323,3724,3604,3298,3192,-10.4406,-19.2021,8.75277,48.3953
26291,11463,5924,3973,3392,7172,5003,3839,3427,4188,3915,3498,3123,3427,3405,3213,3083,-21.8489,-28.1672,8.50939,48.03
26292,5315,9416,7245,4251,4355,5200,4694,4119,3612,3829,3740,3358,3130,3316,3294,3127,-28.207,-3.55642,8.60033,48.0007
26293,3100,3286,3264,3462,3335,3510,3790,3898,3353,3802,4866,6055,3389,4073,6807,12056,28.9299,23.5463,8.89541,48.0307
26294,3455,3448,3290,3192,4304,4225,3598,3158,6992,6306,4043,3464,7994,6692,4321,3454,16.3762,-17.1678,8.85138,47.9573
26295,3221,3612,4241,4341,3424,4142,6046,6295,3494,4063,6589,6482,3422,3759,4451,4660,1.25279,15.1876,8.53402,48.1613
26296,6838,8472,4880,3837,5497,6551,4481,3592,3958,4036,3746,3362,3470,3497,3202,3146,-18.9057,-11.3688,8.7702,48.3767
26297,3480,3787,4039,3953,3809,4981,6172,4426,4008,5592,7194,4649,3698,4237,4497,4045,2.48326,4.2518,8.84685,48.378
26298,4886,4588,3740,3292,6929,6859,4289,3511,5845,5721,3991,3508,4277,4048,3608,3191,-3.10037,-15.3663,8.63985,48.1887
26299,3214,3524,3719,3638,3475,4121,4942,4358,3698,4793,8117,5829,3575,4312,5767,5034,9.23397,9.63763,8.85432,48.0773
26300,7984,5310,3826,3356,9033,5452,3939,3333,5009,4196,3565,3262,3714,3594,3290,3124,-12.7268,-24.7487,8.61958,47.9913
26301,5702,5619,4062,3505,7542,7380,4294,3524,4945,4751,3796,3369,3784,3770,3371,3076,-9.30364,-15.5341,8.85343,48.3267
26302,8260,9429,4878,3633,5300,5558,4231,3501,3975,3843,3618,3368,3350,3431,3230,3048,-25.0403,-13.2435,8.92997,48.4353
26303,9573,7207,4242,3441,6592,5557,3974,3508,4207,3997,3544,3217,3368,3513,3153,3106,-20.8877,-18.9213,8.69395,48.1327
26304,3512,4291,7044,8846,3405,3988,5846,6717,3333,3494,4085,4289,3083,3288,3440,3453,-18.7211,18.4093,8.60121,48.076
26305,3459,3455,3208,3225,4155,3818,3473,3243,7295,4821,3780,3444,11422,5806,3891,3310,20.9471,-30.0175,8.8168,47.87
26306,3335,3394,3247,3112,3757,3819,3577,3286,5163,5155,4182,3659,7773,9729,5301,3738,29.6674,-11.5951,8.72882,48.1513
26307,4370,5864,5408,4203,4692,7183,6494,4140,3795,4441,4287,3788,3410,3469,3649,3353,-11.41,-1.76976,8.86321,48.364
26308,6625,10019,5686,3830,4843,5294,4380,3718,3801,3817,3636,3356,3266,3431,3380,3302,-31.3916,-8.63071,8.68212,48.256
26309,3729,3703,3346,3126,4693,4646,3799,3409,7360,7268,4411,3403,6077,5786,4115,3541,11.262,-15.1052,8.7721,48.2747
26310,4759,7654,7186,4636,4304,5689,5309,4209,3618,4035,3887,3539,3349,3378,3448,3324,-20.7575,-0.917072,8.56846,48.216
26311,3159,3323,3639,3709,3216,3673,4081,5097,3413,3878,5308,9424,3363,3878,5126,7875,12.4831,26.2998,8.66718,48.108
26312,3703,4452,5643,4604,3904,5330,8180,5363,3524,4112,5118,4107,3344,3540,3736,3639,-8.91213,7.0305,8.8144,48.1993
26313,3791,4661,5404,4552,3881,5737,8030,4829,3563,4415,5144,4151,3427,3511,3771,3478,-8.12674,4.73027,8.99076,48.23
26314,3216,3274,3315,3095,3572,3775,3664,3557,4228,5104,4902,4048,5095,8793,7737,4515,27.6875,-1.5592,8.73007,47.9267
26315,2989,3258,3373,3322,3285,3501,3845,3841,3565,4002,5181,5676,3583,4505,8234,9871,26.5806,17.09,8.58491,48.0207
26316,3395,4177,6681,10299,3339,3819,5217,6948,3330,3460,3945,4217,3135,3267,3423,3371,-20.5075,21.7684,8.66541,48.0153
26317,5511,5850,4230,3411,6565,7707,4543,3581,4552,4785,3931,3460,3806,3697,3406,3139,-10.0269,-12.6398,8.76532,48.116
26318,3824,4093,3719,3455,4768,6049,4527,3496,5126,7597,5097,3743,4283,4724,4017,3547,3.13954,-7.55264,8.72188,48.0433
26319,3832,4703,5122,4193,4018,5912,7632,4619,3803,4733,5224,4157,3457,3707,3676,3643,-6.63069,3.50602,8.6346,48.2873
26320,3384,3481,3281,3091,4082,4181,3598,3367,6024,6542,4231,3565,7221,7775,4606,3581,17.8722,-13.2981,8.79416,48.0067
26321,3706,4867,8010,6301,3761,4587,6815,5753,3338,3585,4144,4000,3144,3351,3519,3408,-16.9055,11.0388,8.80216,48.1927
26322,12149,6461,4067,3376,6009,4763,3787,3324,3924,3710,3534,3103,3425,3450,3288,3151,-32.1329,-23.3614,8.75025,47.6807
26323,5782,5455,4133,3423,7082,7450,4352,3594,4874,4870,3809,3296,3671,3698,3489,3275,-9.53045,-14.469,8.50837,48.1687
26324,3134,3390,3907,4557,3248,3791,4830,7530,3334,3695,5176,9173,3281,3648,4300,5221,2.6091,28.6675,8.99435,48.1433
26325,3441,3386,3176,3173,4096,3685,3436,3324,6442,4752,3918,3356,12142,6070,3891,3380,24.8764,-27.994,8.54938,47.7787
26326,8442,9122,4846,3622,5300,5027,4159,3517,3834,3944,3602,3229,3352,3470,3270,3174,-31.6157,-13.6358,8.71753,47.94
26327,3114,3280,3456,3434,3261,3341,3840,3763,3446,3801,4929,6023,3290,3987,6715,12155,31.7066,23.5608,8.81297,47.89
26328,11728,5887,4088,3486,7016,4864,3799,3347,4014,3791,3565,3194,3433,3370,3241,3090,-22.8249,-29.0559,8.60203,47.942
26329,4400,5089,4577,3712,5183,7864,5633,3957,4124,5213,4329,3671,3686,3942,3587,3478,-7.19326,-5.37473,8.72694,48.2967
26330,3145,3245,3297,3431,3307,3611,3827,3756,3793,4341,5512,4967,3900,5661,9649,6778,25.8415,9.30395,8.50376,48.1467
26331,5424,7730,5369,3784,5103,7110,5081,3869,3927,4231,3845,3425,3361,3416,3344,3243,-16.3983,-6.75468,8.9753,48.1747
26332,8415,6984,4208,3401,6875,5929,4186,3469,4329,4166,3553,3211,3564,3567,3300,3045,-17.7757,-17.734,8.61496,48.1347
26333,3690,3657,3285,3188,4770,4492,3643,3290,8130,6402,4127,3472,7120,5732,4069,3505,12.6134,-18.9665,8.55375,48.3813
26334,10971,5739,3840,3420,7468,5089,3925,3362,4106,3930,3558,3231,3448,3437,3252,3039,-20.0757,-33.3784,8.67648,47.8767
26335,3406,3662,3903,3681,3658,4672,5115,4009,4113,6337,7611,4617,3801,4672,5126,4287,7.47642,3.02955,8.68721,48.4467
26336,3267,3739,4814,5591,3388,4061,6042,8834,3271,3608,4862,5840,3213,3525,3917,4103,-6.1139,20.6609,8.86858,48.05
26337,3318,3536,3864,3684,3646,4337,5311,4367,3913,5566,8102,5033,3652,4465,5278,4406,7.13382,6.13949,8.96433,48.3187
26338,6380,9957,5964,3873,4709,5110,4420,3735,3787,3774,3729,3363,3284,3389,3296,3135,-30.7205,-7.85021,8.58132,47.9367
26339,3638,3704,3403,3066,5259,4316,3616,3291,9223,5705,3986,3407,7229,5283,3848,3430,11.3602,-23.193,8.67119,48.2693
26340,3189,3541,3908,4396,3279,3532,4701,7041,3308,3864,5191,9110,3379,3590,4426,5242,3.58006,25.7347,8.67772,47.798
26341,3277,3546,3640,3705,3431,3898,4698,4415,3738,4875,8047,5966,3603,4359,6195,5281,10.8034,10.5118,8.82686,48.4493
26342,3382,3539,3463,3248,3759,4160,3937,3534,4626,6613,5466,4060,4843,7313,6090,4336,17.1552,-3.28721,8.60415,48.246
26343,4647,6589,6063,4333,4557,6679,5960,4222,3808,4102,4155,3638,3244,3489,3453,3294,-14.8665,-1.85219,8.80021,48.1553
26344,3801,5432,9660,6924,3682,4425,5804,5019,3296,3744,3867,3752,3097,3317,3432,3290,-23.4426,9.94778,8.98043,48.3613
26345,3802,4789,6493,5142,3845,5083,7993,5338,3578,3911,4619,3978,3157,3365,3603,3524,-12.3219,7.2842,8.7731,48.1467
26346,3960,6328,9928,6155,3655,4577,5391,4685,3387,3600,3784,3719,3127,3406,3349,3357,-26.2962,6.49961,8.93755,48.272
26347,3345,3309,3188,3181,3874,4052,3705,3376,4980,6187,4766,3724,6053,9052,5649,4018,20.6783,-7.7473,8.97259,48.306
26348,3212,3797,4318,4488,3410,4104,6272,6362,3510,4113,6554,6457,3380,3741,4346,4481,0.301,15.2221,8.97983,48.3633
26349,3206,3350,3325,3257,3692,3751,3712,3484,4483,5018,4798,3915,5309,9113,7180,4397,32.3584,-3.04385,8.54554,47.9933
26350,3356,3560,3492,3224,3902,4297,3838,3412,4897,7325,5313,3879,5173,7158,5364,3953,15.0832,-5.81489,8.74929,48.0953
26351,3376,3430,3280,3092,3890,3777,3377,3152,6186,4813,3756,3304,12183,6324,3902,3368,33.7513,-25.2462,8.59835,47.4733
26352,4805,4605,3747,3403,6943,6838,4029,3471,6027,5794,3950,3573,4183,4183,3624,3271,-2.76704,-15.5453,8.9314,48.2973
26353,3514,3489,3434,3175,3957,4278,3922,3544,5267,7236,5018,3822,5435,7472,5143,3897,15.257,-7.43318,8.51884,48.402
26354,3276,3917,5771,10719,3444,3777,5008,7621,3350,3505,3919,4238,3075,3208,3474,3436,-19.2614,32.0157,8.75789,47.8253
26355,5193,4537,3718,3283,8564,5954,3919,3325,6506,5042,3808,3363,4303,4046,3415,3158,-3.6736,-20.9524,8.62222,48.0893
26356,6193,5172,3862,3350,8606,6411,3966,3314,5474,4719,3580,3330,3827,3715,3437,3115,-8.93858,-19.7255,8.61009,48.0473
26357,3410,3487,3490,3249,3777,4187,3797,3549,4958,7014,5298,3966,5195,7602,5529,3980,16.1028,-5.38289,8.70864,48.3253
26358,3591,3574,3357,3209,4603,4182,3514,3282,8739,5745,3947,3316,8269,5741,3871,3377,14.2002,-22.8824,8.69301,48.2113
26359,6211,5910,4229,3488,7165,7278,4318,3554,4666,4666,3686,3334,3695,3713,3399,3212,-11.7218,-15.445,8.83725,48.3493
26360,3206,3291,3463,3339,3464,3795,4019,3773,3776,4790,6342,4825,3937,5856,8698,5734,19.7037,6.60512,8.71781,48.2053
26361,3318,3669,4467,5557,3376,3776,5054,9504,3275,3706,4721,6871,3182,3425,3923,4274,-4.35303,30.9935,8.91553,48.0653
26362,3191,3387,3390,3596,3425,3724,4308,4078,3621,4459,7058,6202,3597,4522,7171,6466,15.2135,12.3445,8.53941,48.13
26363,3396,3327,3154,3152,3918,3878,3336,3296,6094,4753,3805,3380,12565,5973,3979,3355,27.8453,-29.3073,8.79664,47.574
26364,8727,9086,4728,3652,5330,5142,4184,3589,3809,3818,3647,3265,3318,3426,3192,3203,-27.2944,-14.2048,8.65902,48.0773
26365,4065,3970,3646,3400,5224,5873,4265,3532,6050,7705,4615,3602,4607,4593,3871,3327,3.47689,-11.8108,8.83173,48.23
26366,5609,4610,3561,3464,8638,5821,4000,3373,6115,4852,3829,3336,4147,3959,3405,3197,-5.51246,-21.5263,8.54883,47.944
26367,3248,3431,3422,3231,3711,4000,3800,3522,4619,6419,5200,4018,5135,8043,6136,4223,18.252,-4.18321,8.86103,48.1053
26368,3427,3431,3318,3119,3894,3900,3547,3270,5674,5510,4172,3443,8851,8525,4721,3578,23.8228,-15.3382,8.64475,48.2533
26369,3223,3346,3417,3257,3522,3569,3775,3560,3979,4604,5087,4534,4269,6630,9535,5632,32.4466,4.80041,8.71863,47.9593
26370,3336,3894,5681,10644,3415,3915,5040,7828,3298,3510,4015,4358,3131,3242,3412,3430,-19.3342,28.5578,8.63495,48.0993
26371,3871,4856,6327,4916,3777,5336,7929,5117,3568,4074,4651,4037,3201,3472,3692,3475,-11.4296,6.34352,8.83611,48.1993
26372,3260,3725,4927,5946,3299,4026,6103,8879,3315,3724,4576,5834,3206,3427,3692,4090,-7.45464,21.2944,8.50667,48.0193
26373,3104,3428,3705,3964,3252,3661,4451,5966,3362,3906,5527,9660,3338,3744,4693,6180,7.47531,24.9373,8.72632,47.9607
26374,3606,3973,4761,4247,3685,4968,7822,5145,3628,4543,6171,4732,3514,3617,4135,3825,-3.27687,7.87449,8.96946,48.248
26375,3441,3579,3460,3204,4213,4325,3582,3322,5726,7453,4707,3792,5795,7178,4772,3707,14.8669,-10.1244,8.92476,48.1707
26376,3344,3966,6086,12721,3452,3710,4762,6358,3184,3441,3731,4044,3089,3202,3370,3327,-25.6018,28.0991,8.94906,47.858
26377,3517,3419,3184,3120,4141,3920,3388,3235,7828,5073,3740,3317,10561,5795,3892,3442,19.2664,-30.5018,8.51608,47.7147
26378,5708,4533,3687,3321,9442,5497,3830,3331,6516,4792,3648,3286,4212,3794,3440,3194,-4.81785,-25.0318,8.94584,48.154
26379,10696,6364,4116,3478,7112,5174,3838,3335,4132,3895,3462,3132,3388,3315,3155,3028,-20.7133,-23.4007,8.99524,47.7467
26380,3894,4022,3527,3288,5130,5208,3875,3405,6803,7650,4386,3444,5089,5075,3987,3578,6.48543,-13.575,8.85774,48.2407
26381,4385,4256,3611,3242,6580,5794,4000,3352,7142,6281,4054,3382,4634,4471,3762,3257,1.32169,-17.4657,8.71538,48.1353
26382,3617,4249,5073,4545,3683,4890,7944,5493,3483,4273,5704,4670,3358,3602,3982,3868,-5.21783,8.57812,8.87141,48.2893
26383,3422,4040,6646,12219,3309,3701,4852,5862,3236,3433,3785,3947,3194,3306,3358,3395,-31.3725,24.4488,8.84968,47.8033
26384,3407,4094,7112,10388,3537,4000,5205,6541,3292,3534,3781,4063,3121,3197,3544,3374,-22.1333,20.2371,8.65608,48.1267
26385,4538,3959,3466,3258,7503,4854,3795,3306,8613,5147,3847,3436,5225,4326,3613,3250,1.92271,-26.6116,8.57121,48.0907
26386,8630,9207,4702,3747,5407,5110,4142,3474,3770,3723,3516,3270,3297,3353,3249,3141,-31.6221,-14.092,8.8398,47.8253
26387,3129,3442,3706,3920,3298,3717,4864,5362,3548,4096,6794,7919,3413,3998,5127,5773,7.79589,17.4293,8.64829,48.0707
26388,3869,5732,8700,5826,3747,4790,6228,4967,3436,3709,3984,3802,3215,3360,3409,3396,-20.1476,7.18398,8.67576,48.1133
26389,3130,3341,3418,3537,3219,3486,3845,4134,3463,3969,5146,7425,3432,4003,6115,10639,19.8111,24.565,8.7785,48.2013
26390,3083,3312,3537,3613,3240,3567,4136,4745,3379,3857,5226,8949,3364,3774,5458,8620,14.6017,25.8325,8.76734,47.9067
26391,3602,4524,5958,4974,3790,5042,8552,5626,3443,4069,4830,4229,3264,3436,3669,3558,-9.88118,8.39158,8.86296,48.3773
26392,5622,4634,3731,3266,9034,5672,3805,3360,6543,4853,3711,3397,4290,3929,3454,3194,-5.10572,-23.7042,8.5265,48.33
26393,7568,5037,3790,3382,9653,5056,3824,3377,5169,4278,3635,3254,3796,3668,3367,3126,-11.4755,-30.455,8.80825,47.9867
26394,5249,4420,3610,3270,9106,5619,4007,3378,6878,4959,3765,3259,4432,3924,3498,3166,-3.39833,-23.0136,8.96065,48.36
26395,3706,4352,4836,4235,4035,5711,7903,4856,3713,4630,5680,4397,3382,3632,3910,3754,-5.06271,4.49247,8.95881,48.488
26396,3145,3404,3643,3717,3441,3633,4302,5054,3442,3924,6528,8454,3406,3893,5440,6754,10.6347,19.5664,8.95407,48.12
26397,3430,4046,5938,12697,3406,3704,4727,5972,3269,3375,3907,3852,3093,3132,3367,3339,-28.5764,32.7061,8.8406,47.5027
26398,3709,4206,4203,3784,4082,6184,6206,4141,4093,5855,6121,4071,3741,4133,4172,3694,-0.376964,0.402441,8.92544,48.2633
26399,3265,3686,4357,5063,3280,3750,5102,8754,3342,3687,4794,7484,3229,3386,4050,4367,-2.23724,29.1764,8.63703,47.7307
26400,3707,3835,3644,3467,4166,5359,4460,3679,4973,7949,5591,3945,4363,5136,4511,3616,6.7256,-5.00475,8.70484,48.2673
26401,4833,4466,3786,3327,7047,6398,3950,3519,6173,5768,3929,3478,4333,4140,3569,3295,-2.03715,-16.1117,8.56407,48.0073
26402,4874,5216,4066,3558,6069,8088,4646,3541,4723,5327,4074,3445,3832,3883,3547,3339,-6.61482,-10.7607,8.82747,48.152
26403,4061,6439,9807,6126,3917,4483,5197,4495,3507,3677,3767,3677,3219,3201,3319,3255,-29.402,6.35753,8.86773,48.098
26404,3489,4380,6967,6780,3528,4251,6821,6655,3322,3740,4252,4323,3215,3331,3578,3636,-14.8041,14.3215,8.81811,48.1787
26405,12861,5907,3857,3371,5885,4712,3724,3456,3896,3636,3377,3327,3363,3290,3264,3205,-31.1509,-31.9848,8.994,47.4207
26406,3375,3430,3347,3134,3930,4066,3649,3338,5532,6221,4311,3458,7218,8553,4979,3620,20.1165,-12.2721,8.75699,48.1073
26407,12349,6157,3758,3291,6034,4710,3770,3255,4002,3827,3347,3301,3420,3302,3258,3199,-33.4066,-27.5399,8.52058,47.32
26408,11510,6703,4103,3470,6486,4917,3860,3317,4119,3907,3398,3291,3401,3407,3230,3082,-24.0495,-23.0893,8.85562,48.134
26409,3613,3505,3217,3091,4216,3838,3475,3222,7837,4964,3804,3383,10710,5786,3865,3344,19.6215,-27.9293,8.95129,47.9133
26410,3295,3408,3314,3228,3720,3914,3880,3599,4452,5712,5344,4005,4883,8129,7229,4380,21.1139,-2.23927,8.92069,48.328
26411,8566,7086,4254,3488,6895,5925,4000,3411,4155,4077,3629,3290,3512,3494,3247,3164,-18.5149,-17.938,8.94758,48.1287
26412,3824,3679,3365,3170,5285,4561,3739,3320,8855,6173,3949,3515,6492,5160,3928,3359,9.63025,-20.5123,8.50021,48.2493
26413,3158,3113,3330,3363,3182,3535,3790,4099,3348,3958,4879,5968,3233,4054,6757,11855,30.6352,23.3184,8.50593,47.748
26414,3311,3506,3809,4104,3392,3834,5259,5930,3438,4019,6579,7984,3388,3874,4725,5117,4.81516,18.0462,8.79551,48.1793
26415,3463,4025,5948,8611,3424,3990,5631,8179,3261,3640,4181,4538,3085,3255,3539,3531,-15.7225,21.6293,8.83421,48.2007
26416,3483,4434,7908,9386,3438,4051,5519,5972,3349,3556,3910,4043,3112,3193,3350,3332,-22.8375,17.014,8.81255,48.024
26417,3297,3293,3288,3155,3715,3861,3685,3407,4556,5500,4744,3980,5515,9127,6719,4348,23.8016,-4.31718,8.83477,48.1267
26418,3265,3290,3355,3207,3817,3916,3584,3403,4530,5258,4655,3809,5776,9593,6533,4088,32.2682,-5.3653,8.5348,48.0527
26419,12592,5917,3851,3415,6012,4751,3684,3425,3911,3704,3447,3263,3491,3404,3294,3172,-31.9241,-30.3715,8.89931,47.5553
26420,7153,4991,3803,3336,9615,5355,3736,3371,5268,4386,3642,3435,3774,3608,3299,3168,-10.5984,-32.3181,8.6522,47.96
26421,3573,3843,3661,3340,4167,5221,4454,3621,4942,7933,5847,3917,4295,5190,4519,3758,6.41726,-4.96717,8.92776,48.1873
26422,3481,3430,3294,3159,4069,3833,3484,3312,6621,5336,4027,3432,10345,6818,4213,3397,22.1272,-20.9917,8.50359,48.1673
26423,3315,3792,5140,7347,3303,3711,5399,9668,3329,3667,4249,5245,3197,3324,3587,3732,-10.9259,27.3565,8.72849,48.0033
26424,3181,3353,3311,3264,3292,3397,3713,3917,3378,3919,4771,5880,3324,3845,5856,12636,30.6778,32.2727,8.74835,47.358
26425,3238,3319,3464,3495,3318,3700,4220,4067,3678,4707,6960,5571,3810,4964,7951,6027,16.655,9.8027,8.72303,48.326
26426,4810,6169,4989,3908,5015,7803,5508,3923,4082,4587,4192,3560,3455,3582,3461,3235,-11.3995,-5.73833,8.61736,48.186
26427,7363,5056,3772,3293,9820,5329,3787,3401,5124,4190,3595,3311,3696,3648,3317,3218,-11.2099,-33.2574,8.85889,47.9467
26428,4007,4204,3878,3535,4897,6447,4716,3596,5132,7169,4889,3774,4169,4494,4002,3589,1.211,-8.20553,8.50473,48.332
26429,3421,4062,6278,10457,3326,3890,5236,7271,3224,3501,4091,4250,3019,3333,3516,3515,-19.823,23.1082,8.78529,48.26
26430,3112,3269,3376,3359,3349,3570,3869,3765,3545,4114,5411,5345,3637,4987,9354,8005,26.905,12.871,8.5716,48.0447
26431,3134,3294,3722,3860,3268,3552,4277,5686,3337,3839,5151,10183,3243,3788,4899,6709,9.30292,31.3627,8.89901,47.9613
26432,3376,4143,6351,10843,3392,3843,5106,7249,3256,3438,3890,4103,3049,3281,3367,3437,-20.9458,24.5211,8.60632,48.0827
26433,3602,4068,5562,5618,3526,4381,7277,7073,3429,3717,4847,4861,3249,3381,3620,3874,-9.41762,15.002,8.72054,48.0567
26434,3721,3734,3641,3375,4387,5596,4472,3790,5029,7738,5433,3904,4453,5009,4460,3711,5.91965,-5.89839,8.53499,48.302
26435,3157,3297,3503,3492,3222,3441,3967,4449,3496,3947,5110,8362,3425,3985,5661,9655,16.9686,32.0083,8.72653,48.1127
26436,3530,4227,5883,6356,3583,4195,7164,7263,3360,3777,4491,4479,3184,3412,3705,3685,-12.0973,15.3548,8.70559,48.196
26437,4947,6410,4822,3823,5409,7851,5227,3795,4109,4585,4088,3590,3536,3567,3478,3165,-11.9725,-6.90368,8.7118,48.268
26438,4100,5429,5990,4354,4324,6415,7227,4453,3774,4259,4523,3802,3255,3528,3518,3389,-11.9322,1.58991,8.98606,48.2267
26439,3794,4292,4594,3944,4034,5867,7149,4580,3872,5123,5765,4316,3580,3794,4002,3809,-3.25505,2.66396,8.81397,48.3433
26440,3765,3664,3319,3200,5240,4167,3547,3312,9277,5631,3822,3479,7578,5104,3793,3287,11.7328,-24.6257,8.59578,48.1233
26441,3053,3216,3436,3434,3257,3674,3861,3850,3453,4122,5549,5864,3568,4550,8155,9139,22.3922,16.335,8.88408,48.1207
26442,3720,4336,5353,4612,3789,5235,8253,5416,3628,4284,5188,4354,3356,3620,3720,3520,-7.25625,7.09869,8.7413,48.256
26443,12687,6191,3918,3401,6068,4617,3697,3307,4044,3765,3375,3298,3365,3405,3207,3144,-29.3283,-28.2951,8.74933,47.6593
26444,5607,7369,5031,3914,5295,7353,4967,3852,4044,4238,3863,3521,3378,3445,3321,3198,-15.2947,-8.19179,8.88889,48.264
26445,3101,3332,3508,3447,3322,3510,4073,4166,3509,4096,5731,6569,3465,4357,7231,9041,19.7231,18.1657,8.85723,48.3053
26446,4015,4024,3573,3313,4998,5811,4144,3442,5979,7795,4528,3607,4608,4940,3941,3483,4.69782,-10.75,8.60099,48.134
26447,3596,3918,4501,4006,3825,5124,7096,4872,3739,5020,6690,4683,3535,3886,4194,3963,-0.988032,5.83865,8.93547,48.432
26448,3800,5411,9024,6645,3699,4498,6301,5256,3440,3708,3951,3816,3154,3282,3443,3230,-21.0904,9.45406,8.8065,48.4387
26449,3713,4277,4240,3775,4294,6185,5986,4175,4193,6010,5671,4028,3749,4099,4147,3715,-0.620807,-0.766602,8.96193,48.1713
26450,3191,3631,4537,5658,3454,3858,5462,9499,3294,3801,4653,6453,3154,3430,3893,4141,-4.83547,24.3759,8.73098,48.0727
26451,3467,3791,5657,10306,3445,3749,4995,8114,3262,3558,3873,4269,3171,3223,3429,3486,-18.2859,31.6086,8.9445,47.8633
26452,3353,3500,3654,3386,3798,4508,4626,3905,4154,6454,7264,4512,4103,5275,5477,4366,10.1525,1.50466,8.70967,48.2233
26453,3097,3441,3574,3855,3209,3561,4310,5647,3452,3826,5543,9926,3300,3753,4921,6535,8.84006,25.0169,8.89779,47.9667
26454,3070,3172,3411,3386,3571,3731,3897,3635,3995,4899,5625,4514,4159,6757,9012,5460,23.2186,4.01604,8.65593,48.196
26455,3096,3314,3431,3426,3246,3405,3803,4045,3377,3781,4824,5994,3422,4153,6749,11980,30.403,23.1787,8.67718,48.0307
26456,3374,3741,5276,6057,3336,4241,6802,8463,3277,3733,4669,5200,3153,3390,3722,3872,-8.93741,18.3259,8.99211,48.204
26457,3372,3318,3295,3276,3574,3721,3777,3649,4298,5229,5142,4098,4825,8455,7520,4616,23.4654,-1.03414,8.71117,48.11
26458,3337,3392,3694,3686,3500,3871,4527,4398,3705,4786,7707,6104,3659,4504,6370,5391,12.2059,10.3849,8.61401,48.4207
26459,4033,6029,8848,5943,3764,4696,5914,4663,3463,3694,3986,3803,3215,3379,3461,3292,-21.3097,6.38864,8.65427,48.122
26460,3104,3309,3445,3238,3397,3549,3924,3696,3707,4430,5471,4870,3926,5629,9821,6779,26.127,8.7798,8.77999,48.1967
26461,3203,3546,3756,3762,3396,3904,5058,4913,3595,4458,7833,6629,3489,4111,5443,5355,8.04648,13.1709,8.79216,48.3007
26462,7794,5488,3890,3362,9081,5700,3848,3355,5054,4183,3500,3295,3663,3655,3312,3082,-12.8294,-23.4166,8.94644,48.1747
26463,3307,3833,5047,7441,3378,3791,5151,9706,3266,3544,4228,5246,3164,3336,3740,3752,-11.3919,30.1356,8.50512,47.9533
26464,3719,3406,3327,3159,4821,4183,3510,3281,9119,5555,3856,3372,8158,5567,3825,3294,13.6452,-23.7175,8.95207,48.1013
26465,11957,6330,4036,3409,6602,4930,3804,3371,4017,3905,3563,3196,3379,3366,3258,3135,-24.0169,-25.238,8.78281,48.172
26466,3639,3636,3329,3136,5253,4287,3557,3250,9903,5314,3821,3410,7442,5039,3744,3383,11.4559,-30.649,8.73494,48.0953
26467,3472,3487,3316,3185,4415,4021,3556,3197,8120,5178,3904,3444,9997,5524,3848,3415,17.4243,-32.3935,8.5256,48.0527
26468,5836,6004,4311,3586,6901,7701,4242,3552,4634,4575,3770,3290,3603,3559,3440,3205,-11.2578,-14.0022,8.85596,48.1393
26469,3212,3261,3199,3277,3518,3767,3781,3591,3868,4622,5246,4345,4254,7118,9620,5479,28.099,3.78562,8.92475,48.1053
26470,3315,3333,3384,3216,3673,3756,3647,3451,4286,5069,4730,3992,5338,9120,7289,4418,29.0916,-2.82276,8.68844,48.0113
26471,3502,4148,5663,5171,3649,4630,8283,6190,3364,3923,5057,4467,3247,3458,3687,3752,-8.79493,10.9643,8.82761,48.1273
26472,3301,3462,3894,4110,3262,3830,4936,5759,3402,4023,6448,8187,3385,3810,4939,5473,6.24195,18.7198,8.50403,48.1473
26473,3300,3402,3332,3101,3777,3855,3499,3297,4822,5429,4328,3794,6722,9675,5649,3917,25.6947,-9.20871,8.83687,47.9327
26474,3176,3316,3769,3826,3449,3769,4718,4955,3416,4240,7139,7641,3597,4107,5426,5715,9.07703,15.6467,8.70628,48.1727
26475,3107,3527,3810,3997,3394,3829,5007,5569,3421,4102,6858,7982,3356,3823,4854,5400,5.87095,17.525,8.94394,48.024
26476,12448,6095,3938,3374,5893,4737,3691,3459,3798,3812,3478,3361,3402,3338,3282,3188,-29.5086,-33.1963,8.57587,47.5293
26477,3122,3274,3575,3811,3273,3500,4111,4946,3344,3830,5218,9579,3514,3715,5223,7941,12.8554,29.0571,8.70349,47.984
26478,4476,7035,8685,5268,4038,5031,5701,4361,3439,3846,3929,3593,3166,3301,3373,3317,-21.9134,2.82819,8.8836,48.3727
26479,3442,3429,3254,3135,4128,3754,3471,3132,7216,4861,3775,3405,11453,5821,3906,3334,21.0938,-32.2967,8.73127,47.6773
26480,3187,3223,3682,3641,3339,3634,4177,4469,3492,4329,6733,6971,3519,4279,6659,6822,14.5512,15.3732,8.77751,48.104
26481,3491,3460,3239,3243,3836,3810,3489,3261,5598,5239,4080,3479,9454,8522,4376,3360,33.8091,-16.25,8.80836,47.958
26482,5292,5692,4191,3523,6446,7998,4607,3594,4518,4925,3893,3461,3613,3799,3349,3307,-9.46453,-11.9629,8.97293,48.1387
26483,3032,3238,3435,3520,3239,3559,3841,4161,3472,3910,5250,6829,3420,4204,6627,10528,21.5374,22.2465,8.5003,48.1767
26484,3258,3661,4069,4332,3385,3947,5699,6153,3566,4042,6568,7231,3386,3688,4665,4849,2.70601,16.5532,8.84216,48.3327
26485,12464,6046,3998,3461,6283,4763,3773,3397,3991,3721,3358,3154,3358,3425,3241,3172,-26.3693,-32.274,8.54824,47.7367
26486,3060,3197,3362,3413,3254,3443,3740,4009,3253,3919,5017,6089,3426,4104,7171,11660,26.6642,22.1653,8.79759,48.078
26487,3311,3327,3280,3174,3805,3737,3513,3251,5169,5415,4105,3568,8285,9595,4797,3682,28.1943,-13.2234,8.88187,48.0093
26488,3484,4377,8056,10159,3539,4092,4955,5726,3230,3540,3832,3997,3155,3203,3379,3443,-27.4532,17.7893,8.90604,48.1113
26489,3967,5945,9681,6302,3697,4476,5352,4769,3430,3660,3843,3749,3221,3282,3344,3296,-31.0235,7.33999,8.50233,48.0093
26490,3757,4834,7010,5649,3726,4897,7437,5429,3417,3879,4387,4057,3169,3434,3536,3460,-14.3078,8.48581,8.53088,48.052
26491,5219,4945,3745,3452,7886,6837,4171,3427,5769,5137,3891,3297,4141,3868,3454,3136,-5.37518,-16.7944,8.90526,48.25
26492,4393,5591,4969,3796,4652,7554,6298,4147,4138,4861,4247,3728,3502,3669,3639,3501,-8.99679,-2.84966,8.85271,48.4567
26493,3945,3672,3323,3073,5381,4219,3639,3299,9897,5591,3805,3331,7004,4946,3692,3391,9.99707,-25.6239,8.91759,48.1387
26494,3124,3258,3462,3270,3358,3615,3880,3859,3589,4306,5275,5078,3757,5281,9772,7373,28.7328,10.7472,8.52863,48.1713
26495,3693,5084,9619,7808,3555,4178,5326,5130,3321,3552,3829,3810,3118,3209,3264,3422,-30.5938,12.2317,8.68041,47.9453
26496,5186,8755,7413,4546,4212,5213,4788,3998,3690,3821,3627,3465,3201,3383,3215,3133,-27.734,-2.22818,8.53366,47.764
26497,3865,3690,3281,3084,5365,4359,3619,3207,9625,5686,3803,3402,6889,5113,3771,3374,9.94648,-24.0779,8.55328,48.0887
26498,7892,9056,4852,3832,5435,5530,4256,3508,3847,3757,3544,3261,3443,3378,3302,3090,-23.7694,-13.1097,8.70494,47.9887
26499,3540,3459,3188,3153,4278,3885,3504,3243,8218,5153,3818,3325,10108,5712,3773,3342,17.6429,-27.6298,8.74459,47.7993
26500,3442,3951,6524,12151,3408,3977,4748,5930,3318,3500,3794,3884,3158,3180,3322,3436,-31.1318,24.6116,8.52694,47.8153
26501,4869,8599,7805,4597,4242,5028,4792,4031,3582,3833,3667,3555,3256,3412,3300,3256,-32.8875,-1.14873,8.79927,47.8827
26502,3498,4507,8713,9237,3455,3998,5362,5723,3467,3491,3854,3802,3150,3252,3525,3368,-24.6533,15.7172,8.79958,48.268
26503,3083,3243,3285,3352,3194,3346,3775,3974,3327,3856,4870,6400,3496,3930,5907,12168,24.0554,33.6427,8.89509,47.4707
26504,3220,3621,3858,3673,3643,4152,5257,4472,3792,5026,8071,5632,3622,4185,5372,4846,7.67506,9.06337,8.64508,48.2947
26505,5604,4550,3623,3239,9807,5119,3786,3424,6586,4640,3610,3360,4190,3891,3325,3199,-5.11775,-32.2756,8.94309,47.9687
26506,3065,3307,3374,3262,3169,3482,3900,3888,3375,3829,4855,5864,3354,3968,6773,12107,32.1997,23.4114,8.83475,47.7147
26507,3156,3306,3352,3365,3243,3428,3886,3812,3501,4074,5285,5222,3496,4468,8836,9210,32.4112,15.4499,8.84999,47.76
26508,3430,3848,5035,6199,3530,4070,6190,8834,3298,3631,4632,5492,3152,3413,3778,3931,-8.4491,20.1154,8.52967,48.3087
26509,3385,3799,4333,4387,3434,4135,6825,6052,3547,4105,6390,5805,3412,3706,4186,4298,-0.619844,12.9892,8.83784,47.866
26510,3376,3376,3240,3079,4092,3834,3524,3120,6387,4908,3780,3387,11968,6712,4176,3430,26.4194,-23.6599,8.85189,48.2593
26511,4373,6411,6826,4694,4186,5946,6409,4436,3662,4066,4158,3828,3278,3379,3355,3511,-16.2998,1.24509,8.96329,48.3453
26512,3701,3956,3927,3572,4124,5509,5271,4036,4342,6864,6112,4088,3952,4514,4330,3800,3.40621,-1.90204,8.95411,48.0653
26513,3327,3905,5961,12539,3321,3691,4672,5907,3216,3546,3754,3861,3266,3320,3379,3576,-31.855,31.1808,8.67325,47.494
26514,3282,3376,3811,3970,3234,3662,4344,6012,3367,3787,5217,9926,3327,3682,4784,6447,8.22313,29.368,8.53337,48.152
26515,3479,3337,3190,2974,3968,3829,3433,3143,6523,4943,3797,3414,11541,6737,4036,3342,24.6251,-23.134,8.68461,47.7907
26516,3462,3770,4692,4743,3524,4176,7113,6794,3487,4083,5752,5603,3212,3661,3975,4187,-3.4224,14.6112,8.81657,48.156
26517,9765,7532,4323,3658,6405,5386,4009,3490,4098,3949,3528,3180,3375,3378,3316,3093,-22.0896,-18.6446,8.65861,48.3233
26518,3154,3332,3462,3258,3431,3918,4102,3862,4023,5227,6663,4705,4120,6012,8011,5175,17.83,4.39888,8.81129,48.3033
26519,12153,6418,3937,3319,5918,4951,3795,3391,4049,3892,3375,3161,3406,3494,3230,3189,-32.668,-25.4908,8.54662,47.7853
26520,3420,3618,4194,4446,3485,3979,6255,6412,3472,4159,6664,6596,3328,3645,4525,4497,0.78067,15.1233,8.89775,48.4633
26521,3246,3541,4575,5758,3324,3857,5294,9748,3220,3779,4552,6836,3194,3433,3787,4175,-5.01765,27.3372,8.93812,48.2127
26522,3246,3453,3616,3548,3540,3925,4386,4178,3658,4793,7605,5767,3769,4643,6769,5567,13.1648,9.80443,8.56572,48.3087
26523,3175,3289,3362,3270,3269,3624,3755,3819,3572,4200,5245,5057,3841,5105,9489,7777,28.4847,12.1529,8.82364,47.8993
26524,3862,5613,9693,6590,3675,4390,5738,4889,3302,3646,3732,3773,3143,3207,3404,3334,-24.584,8.69672,8.96781,47.994
26525,4012,3723,3387,3147,5833,4492,3659,3308,10210,5217,3815,3312,6494,4745,3754,3280,8.27721,-27.8109,8.98169,48.2587
26526,3436,4344,8186,9721,3525,4008,5156,5685,3213,3551,3784,3925,3136,3323,3402,3438,-33.8466,16.9127,8.7139,47.8887
26527,4639,6021,5098,4053,4850,7589,5846,3987,3880,4493,4194,3617,3478,3653,3623,3369,-11.1356,-4.36746,8.66968,48.26
26528,6052,8541,5357,3965,5189,6567,4890,3707,3817,3920,3751,3433,3306,3430,3321,3186,-19.0296,-8.50954,8.73634,48.288
26529,6208,9924,6177,4013,4529,5145,4485,3836,3777,3747,3619,3329,3165,3419,3419,3132,-29.1077,-6.69402,8.73869,47.9493
26530,3239,3827,4777,6481,3371,3810,5226,9894,3392,3562,4357,6040,3155,3501,3697,3950,-7.61236,30.8143,8.72776,48.186
26531,3344,3751,4559,5355,3250,4000,6190,8383,3301,3866,5119,6143,3250,3524,3997,4192,-5.01689,19.7806,8.62115,48.1493
26532,4215,4688,4026,3563,5238,7548,4888,3824,4890,6235,4417,3616,4008,4117,3580,3452,-2.81393,-8.34064,8.62992,48.2033
26533,7186,6739,4333,3506,6861,6556,4170,3471,4289,4260,3637,3360,3578,3543,3244,3161,-15.7481,-15.6798,8.65105,47.9293
26534,4621,4053,3420,3221,7591,4765,3700,3238,8855,5065,3748,3356,5214,4269,3653,3278,2.05701,-28.0018,8.5356,48.0313
26535,3377,3396,3483,3323,3801,4207,4110,3765,4508,6818,6077,4262,4497,6603,5991,4197,14.4177,-1.60459,8.78061,48.2767
26536,9597,5458,3911,3315,8453,5070,3916,3293,4464,4070,3400,3164,3475,3466,3274,3113,-16.8418,-31.4286,8.51509,47.626
26537,3569,4122,5168,4619,3619,4746,8126,5891,3473,4149,5506,4773,3368,3476,3877,3766,-6.08052,10.3936,8.64482,48.1653
26538,3528,3900,4476,4329,3558,4691,7145,5521,3599,4455,6517,5186,3299,3772,4303,4095,-1.36465,9.89052,8.54159,48.2493
26539,3243,3596,4171,4718,3281,3811,5383,7862,3400,3813,5358,7898,3279,3538,4202,4718,-0.0649781,22.6566,8.80642,48.1807
26540,3444,3636,3374,3175,4217,4220,3588,3461,6095,6982,4527,3572,6535,7265,4631,3589,15.5129,-12.6694,8.56332,48.2073
26541,6744,5182,3846,3326,9154,6232,3882,3397,5320,4510,3628,3358,3932,3766,3247,3075,-9.66434,-21.1877,8.95602,48.3993
26542,4510,4075,3530,3196,7618,4933,3688,3303,8645,5130,3788,3344,4996,4313,3742,3166,1.53092,-32.5364,8.60159,47.9847
26543,3187,3497,3775,3989,3323,3773,4730,6187,3440,3795,5750,9400,3273,3751,4747,5870,6.66868,23.5991,8.79075,48.3247
26544,3384,3935,5926,7927,3420,4024,6015,8093,3298,3676,4245,4707,3158,3257,3642,3564,-14.3704,20.288,8.69525,48.1807
26545,6534,8355,4922,3811,5403,6591,4454,3612,3852,4070,3683,3441,3382,3354,3330,3149,-19.2466,-10.7687,8.66663,47.962
26546,12748,5817,3877,3387,6013,4738,3794,3353,3946,3720,3456,3380,3346,3440,3149,3127,-30.3137,-30.6379,8.77473,47.5273
26547,7601,8468,4964,3733,5544,6112,4250,3593,3934,3942,3627,3254,3511,3439,3399,3111,-21.0287,-12.9374,8.607,48.3213
26548,3614,4032,4423,3933,3904,5329,6763,4767,3900,5121,6544,4472,3573,3995,4246,3899,-0.193537,4.59961,8.53678,48.3433
26549,3256,3486,3603,3697,3283,3850,4566,4240,3548,4625,7904,6593,3596,4307,6158,5863,11.5292,12.5686,8.76289,48.3833
26550,9327,7149,4274,3445,6601,5497,3978,3505,4171,4074,3515,3300,3479,3442,3255,3053,-20.2106,-18.5181,8.66162,48.0433
26551,3499,3371,3276,3207,4148,4023,3518,3356,6523,6526,4175,3553,7420,7222,4483,3590,16.7143,-15.0522,8.84819,47.9267
26552,4551,7060,8272,4989,4185,5063,5691,4409,3514,3860,3783,3626,3164,3377,3393,3291,-22.0915,2.18565,8.57921,48.152
26553,3096,3327,3583,3755,3228,3494,4169,4934,3259,3740,5357,9520,3284,3886,5348,8263,13.1713,26.8453,8.95266,48.162
26554,3142,3318,3397,3287,3282,3588,3823,3588,3766,4555,5325,4738,4034,6087,9774,6348,26.0649,7.20852,8.63248,48.0347
26555,7051,5231,3818,3413,9303,5781,3987,3484,5228,4251,3703,3244,3774,3611,3306,3075,-10.8755,-23.1825,8.61322,48.1733
26556,3055,3391,3275,3445,3255,3420,3871,3939,3319,3956,4987,5769,3340,4296,7910,10655,29.8898,18.9129,8.58973,47.922
26557,3200,3270,3440,3227,3378,3632,3720,3657,3744,4540,5503,4762,4010,6259,9654,6211,25.6793,6.80791,8.76119,48.138
26558,4056,4898,5022,4082,4273,6643,7200,4291,3893,4818,4953,3906,3463,3748,3854,3453,-6.71085,0.869422,8.71459,48.3687
26559,3478,4141,6694,9179,3350,4038,5674,7102,3312,3477,3985,4170,3111,3373,3522,3528,-18.7467,19.8791,8.76827,48.0893
26560,3035,3173,3379,3566,3234,3393,3926,4122,3274,3822,4983,7198,3283,4056,6094,11443,21.6121,27.152,8.71836,47.9873
26561,7466,6143,4170,3478,7549,6368,4060,3495,4544,4232,3707,3246,3613,3464,3395,3199,-14.4714,-17.9378,8.77539,48.086
26562,7465,7393,4321,3674,6524,6533,4184,3425,4254,4124,3592,3203,3478,3448,3404,3154,-17.6021,-14.9949,8.90513,48.1173
26563,3484,3957,4981,4827,3585,4527,7711,6576,3419,3944,5633,5021,3211,3498,3985,3875,-5.60052,12.1711,8.94572,48.156
26564,3116,3287,3303,3257,3463,3573,3898,3787,3719,4288,5772,4902,3790,5422,9739,6743,24.3219,9.95532,8.89059,48.0393
26565,3873,3663,3329,3232,5580,4408,3632,3248,9905,5242,3891,3340,6850,4812,3685,3256,9.35036,-31.554,8.81539,47.964
26566,4228,6988,9309,5529,3982,4744,5092,4511,3557,3671,3835,3628,3262,3353,3300,3250,-29.0033,4.20482,8.52418,48.1593
26567,3191,3413,3773,3761,3438,3826,4688,4757,3650,4273,7618,7251,3448,4165,5611,5665,9.42394,14.6427,8.8943,48.352
26568,3241,3511,4215,4840,3426,3885,5556,8065,3370,3786,5415,7360,3224,3626,4151,4682,-0.835192,21.8851,8.96023,48.2353
26569,4207,5467,5130,4141,4493,7232,6732,4092,3834,4594,4413,3742,3497,3555,3608,3518,-9.9386,-1.02851,8.97368,48.17
26570,3655,4430,6464,5924,3548,4477,7575,6473,3335,3592,4446,4307,3259,3449,3686,3496,-12.8254,12.3297,8.79941,48.0773
26571,6691,5259,3898,3340,9172,6013,3850,3366,5252,4472,3772,3252,3743,3592,3392,3226,-9.96796,-21.3126,8.94816,48.1933
26572,5088,4257,3634,3260,8911,5164,3777,3344,7428,4709,3729,3387,4469,3882,3578,3271,-2.06685,-31.5835,8.90524,47.9253
26573,3153,3430,3736,3873,3413,3906,4850,4765,3481,4392,7579,7020,3500,4158,5684,5697,9.67563,14.0584,8.77903,48.4247
26574,4643,4234,3644,3262,7026,5777,3870,3413,7398,5919,3963,3437,4628,4237,3566,3203,0.280101,-18.8275,8.86848,48.1467
26575,3217,3275,3372,3339,3380,3639,3807,3811,3646,4160,5445,5273,3674,4865,9075,8120,25.4923,13.2162,8.60556,48.0653
26576,3225,3413,3296,3100,3723,3695,3539,3243,4824,5188,4366,3697,6913,9984,5581,3981,30.5482,-9.44169,8.75206,47.8453
26577,3111,3140,3428,3373,3148,3505,3734,4020,3373,3839,4857,5867,3430,3985,6722,12104,30.2959,23.5809,8.83556,47.7573
26578,5088,4563,3783,3333,7220,6895,4265,3464,5947,5546,3831,3482,4217,4023,3479,3203,-3.76008,-16.3009,8.91912,48.226
26579,3769,5205,9135,6977,3624,4388,5956,5217,3283,3706,3930,3974,3095,3200,3481,3366,-21.7716,10.7663,8.79219,48.204
26580,3222,3407,3259,3211,3555,3759,3690,3413,4489,5074,4710,4020,5567,9302,7153,4311,28.9319,-3.87329,8.82525,48.0947
26581,3455,4111,5379,5549,3552,4311,7647,7091,3394,3705,5015,5039,3161,3377,3848,3733,-8.39694,14.6478,8.95119,48.2447
26582,4512,7110,7846,4954,4066,5471,5795,4302,3584,3838,3988,3588,3203,3382,3385,3223,-19.7914,1.13122,8.85353,48.1647
26583,3299,3851,5443,9193,3341,3793,5050,8848,3319,3513,4096,4747,2995,3243,3497,3454,-15.257,29.5313,8.94327,47.788
26584,4926,4453,3651,3306,7727,6404,4046,3412,6244,5350,3792,3366,4324,4077,3573,3202,-3.07723,-17.7306,8.97455,47.902
26585,3437,3853,5837,10228,3576,3851,5035,8095,3305,3556,3869,4386,3112,3158,3419,3538,-18.2094,27.0428,8.6125,48.17
26586,3670,4285,5885,4974,3686,4948,8092,5804,3482,4021,4895,4393,3259,3505,3755,3668,-9.77606,9.69644,8.70711,48.2147
26587,3416,3728,5190,7917,3286,3770,5306,9661,3198,3509,4199,5083,3140,3387,3557,3713,-12.1724,32.3705,8.68686,48.04
26588,3439,3972,5955,11876,3275,3830,4898,6674,3095,3451,3868,3945,3168,3317,3387,3409,-23.4669,33.6902,8.91221,47.706
26589,9548,8568,4430,3437,5586,5275,4034,3451,3782,3694,3472,3204,3503,3424,3263,3145,-32.6714,-16.297,8.83772,47.8773
26590,3113,3267,3682,3973,3278,3582,4344,5783,3431,3653,5365,9869,3342,3797,4896,6608,8.29562,28.7203,8.80217,47.9887
26591,3365,3911,5353,8974,3312,3894,5103,8933,3246,3385,4005,4582,3206,3269,3462,3580,-15.2609,32.0902,8.81246,47.72
26592,3238,3382,3298,3181,3580,3666,3743,3566,4089,5022,5091,4179,4762,8057,8557,4894,26.3717,0.526979,8.99208,48.2033
26593,3135,3373,3926,4253,3302,3587,4649,6244,3338,3735,5299,9311,3242,3805,4600,5843,5.72889,25.5623,8.53294,47.7613
26594,12637,5973,3939,3338,6172,4641,3761,3398,3963,3736,3407,3206,3401,3398,3299,3264,-27.5975,-29.9349,8.82987,47.6887
26595,3527,4945,9424,8064,3545,4176,5466,5403,3289,3682,3886,3867,3043,3185,3361,3285,-24.7871,13.4227,8.93882,48.0987
26596,3342,3333,3318,3281,3605,3777,3675,3484,4382,5207,4634,4039,5377,9355,7047,4305,26.7633,-3.91332,8.92106,48.1073
26597,3490,4231,5159,4633,3724,4705,7888,5706,3558,4016,5536,4861,3227,3575,3829,3873,-6.09969,9.76358,8.57886,48.0073
26598,3358,3460,3408,3355,4014,4076,3674,3361,5476,6859,4633,3652,6116,8129,5073,3744,17.76,-9.30717,8.57277,48.2587
26599,3830,3708,3357,3259,5676,4477,3674,3334,9771,5245,3867,3340,6783,4773,3857,3264,8.7759,-26.1856,8.72266,48.1433
26600,3235,3551,3861,3993,3445,3767,5263,5497,3478,4146,6976,7420,3451,3934,4842,5280,5.8498,16.274,8.6156,48.0927
26601,4173,6158,9468,5962,3877,4674,5611,4783,3390,3582,3780,3736,3224,3309,3408,3227,-24.2521,6.49235,8.6206,48.2413
26602,3207,3250,3442,3347,3268,3440,3723,3864,3345,3680,4837,5849,3311,3882,5993,12802,31.768,33.7047,8.85847,47.4933
26603,3271,3703,4278,4304,3487,4239,6619,5605,3596,4418,6969,5713,3372,3757,4514,4392,0.777112,11.8731,8.90048,48.158
26604,3206,3233,3409,3207,3570,3738,3833,3676,4026,5117,5821,4489,4406,6856,8495,5158,21.7915,3.13617,8.7314,48.16
26605,3174,3354,3828,4021,3407,3744,4535,6080,3247,3876,5387,9811,3354,3649,4665,6281,7.1962,25.5093,8.88075,48.2753
26606,4258,4006,3594,3204,6393,5063,3814,3385,8344,6057,3754,3330,5153,4573,3654,3442,3.75553,-20.402,8.70462,48.016
26607,3360,3470,3239,3126,3872,3930,3521,3298,5438,4977,3911,3283,9900,8490,4400,3539,30.8996,-17.0658,8.88682,47.836
26608,4274,4696,4169,3498,5216,7517,4731,3773,4669,6126,4542,3693,3874,4035,3779,3487,-2.76612,-8.35754,8.63681,48.0527
26609,4188,5934,7162,4893,4041,5674,6866,4715,3519,3919,4094,4000,3193,3327,3586,3406,-15.8427,3.35525,8.82274,48.3447
26610,3480,3517,3129,3121,4161,3862,3453,3226,7726,5162,3904,3308,10137,5751,4032,3405,18.5871,-33.7603,8.52584,47.5827
26611,3682,5116,9697,7324,3649,4394,5271,4976,3368,3716,3750,3814,3243,3212,3422,3291,-31.9281,10.8622,8.58697,47.95
26612,3711,3991,3913,3629,4213,5749,5424,4015,4289,6469,6215,4094,3764,4234,4481,3891,2.27109,-0.705294,8.94844,48.0547
26613,3138,3344,3432,3496,3398,3474,4096,4226,3538,4250,6438,6512,3624,4414,7427,7717,17.8616,15.4106,8.66785,48.3493
26614,3723,3869,3579,3325,4413,5283,4052,3574,5463,8041,5204,3706,4716,5481,4312,3621,7.65108,-8.22397,8.66638,48.2413
26615,9671,7790,4404,3485,5971,5294,3931,3484,4011,3937,3423,3326,3463,3391,3251,3103,-24.1076,-17.7929,8.54383,47.9567
26616,3184,3347,3776,3857,3304,3801,4544,5709,3364,3912,5810,9040,3302,3716,4924,6457,8.16113,22.5084,8.5297,48.0313
26617,3510,4217,7971,10070,3444,4009,5133,5797,3306,3454,3873,3958,3158,3327,3365,3358,-25.375,18.4372,8.633,47.9667
26618,5367,7755,5732,3967,4775,6882,5175,3988,3793,4158,3994,3439,3363,3518,3349,3300,-16.9884,-5.27933,8.53021,48.37
26619,3326,3280,3248,3158,3700,3798,3674,3376,4725,5651,4409,3702,6459,9627,5810,3974,24.8849,-7.95049,8.93318,47.9447
26620,4575,5153,4227,3542,5605,8283,4909,3822,4528,5442,4155,3535,3903,3915,3736,3254,-6.08222,-8.95282,8.86948,48.3893
26621,3061,3254,3336,3406,3294,3408,3822,4079,3480,3945,5171,6639,3396,4230,6804,10898,23.0071,22.3103,8.5275,48.1487
26622,3322,3904,5131,7797,3444,3778,5361,9569,3273,3506,4099,5167,3083,3321,3680,3743,-12.1481,26.9408,8.73563,48.1187
26623,3540,3488,3218,3042,4210,4013,3451,3251,6846,5514,3946,3490,9734,6971,4079,3487,20.0016,-20.1089,8.69551,48.1867
26624,5367,4786,3704,3400,8240,6562,4027,3410,5702,5026,3794,3387,4173,3866,3507,3281,-5.27627,-18.8108,8.76464,48.1547
26625,3627,4351,5958,5136,3736,4883,8117,5878,3582,3889,4723,4390,3274,3453,3731,3746,-10.209,10.3172,8.56134,48.316
26626,8617,5215,3853,3411,9080,5290,3756,3394,4695,4071,3418,3239,3583,3560,3242,3220,-14.4548,-33.8501,8.98836,47.7627
26627,3667,4885,6904,5623,3726,4866,7635,5540,3444,3752,4512,4106,3237,3510,3526,3470,-13.9534,9.15929,8.63651,48.2687
26628,5996,4637,3863,3267,9398,5557,3741,3333,6050,4676,3692,3317,4114,3827,3411,3152,-6.30977,-23.8024,8.63162,48.0207
26629,4319,7311,9276,5304,4014,4705,5058,4339,3525,3665,3663,3539,3144,3324,3343,3241,-27.6619,2.87345,8.88607,47.8467
26630,3842,4129,3846,3694,4491,6230,4863,3747,4779,7478,5241,3860,4087,4445,4125,3658,2.42403,-5.24944,8.98053,48.3433
26631,3280,3728,4817,6042,3296,3801,5542,9909,3281,3535,4463,6174,3103,3408,3815,4016,-7.01273,24.9311,8.93526,48.14
26632,4996,5118,4059,3522,6415,7929,4678,3540,4775,5362,4144,3429,3845,3810,3616,3198,-6.77821,-11.7862,8.70251,48.2907
26633,3445,3375,3233,3120,4124,3815,3379,3221,5927,4878,3798,3337,11387,7052,4201,3394,28.7847,-21.6374,8.51708,47.7907
26634,3747,3552,3283,3290,5042,4184,3497,3235,9487,5434,3740,3314,7875,5052,3749,3424,12.0894,-27.7231,8.53447,47.9367
26635,3204,3308,3441,3445,3620,3818,4111,3894,3928,5362,6720,4760,4158,5887,7619,5223,17.3547,4.74944,8.73171,48.332
26636,3805,3645,3372,3246,5795,4365,3614,3257,10006,5358,3913,3314,6718,4825,3691,3372,8.70979,-31.5368,8.69875,48.1973
26637,3124,3221,3384,3367,3219,3365,3834,3811,3351,3761,4709,6144,3426,3898,6096,12786,28.0525,32.256,8.90394,47.664
26638,3300,3407,3150,2922,3909,3881,3507,3249,5918,5211,4005,3482,10211,8088,4462,3473,24.9103,-18.2061,8.96184,48.1167
26639,3524,3440,3241,3107,4162,3988,3515,3273,7169,5555,4005,3446,9450,6763,4090,3458,19.0055,-20.6729,8.68237,48.124
26640,3500,3599,3330,3079,4622,4260,3650,3238,7986,6100,4122,3433,7767,6268,4063,3397,14.8756,-19.1472,8.74236,48.276
26641,3249,3462,3782,3852,3390,3915,4830,4855,3587,4209,7410,7162,3416,3967,5370,5503,8.39552,14.8443,8.7268,47.9727
26642,3034,3339,3388,3423,3190,3441,3956,3879,3282,3980,4867,6135,3342,3844,6497,12472,28.0253,25.0447,8.98364,48.046
26643,3158,3292,3519,3625,3390,3845,4413,4110,3675,4855,7301,5696,3805,4711,7117,5788,14.8298,9.82678,8.70334,48.2
26644,6568,4664,3747,3315,10020,5186,3802,3277,5753,4478,3630,3271,3976,3780,3393,3238,-8.16702,-28.5383,8.83968,48.0653
26645,3303,3332,3292,3276,3800,3847,3898,3530,4287,5699,5256,4029,4903,8073,7109,4472,20.9111,-1.7462,8.8747,48.0707
26646,12647,6195,3926,3371,6336,4660,3841,3379,3898,3675,3471,3287,3352,3412,3231,3159,-26.5927,-30.1768,8.86142,47.8933
26647,9858,5571,3727,3394,8657,5112,3829,3321,4491,4075,3550,3198,3477,3458,3120,3063,-16.5882,-28.9472,8.90626,47.934
26648,3944,5165,6005,4726,4113,5759,7822,4851,3610,4123,4601,3869,3315,3431,3472,3452,-11.4113,4.39701,8.91337,48.172
26649,3645,4035,4691,4496,3628,4810,7741,5399,3578,4350,6007,4930,3326,3715,3989,3922,-3.77514,8.8479,8.53383,48.1747
26650,3385,3779,4422,4356,3555,4362,7030,5885,3658,4277,6641,5660,3330,3856,4313,4296,-0.286074,12.1235,8.94625,48.5367
26651,7175,6634,4384,3450,7027,6687,4136,3464,4439,4278,3637,3305,3702,3505,3408,3074,-14.7356,-15.9344,8.796,48.2033
26652,3550,4353,7437,10906,3350,3966,5029,5896,3234,3511,3863,3893,3131,3128,3420,3336,-27.1843,19.8873,8.76694,48.002
26653,3326,3433,3769,3518,3492,3951,5000,4309,3724,4937,8397,5672,3633,4402,5752,5021,9.41016,8.67788,8.86962,48.224
26654,3405,3886,6279,12574,3396,3789,4801,6009,3236,3339,3783,3864,3115,3283,3363,3417,-32.4459,26.0224,8.85706,47.6927
26655,3538,3858,3756,3457,3968,4838,4828,3840,4366,7157,6685,4306,4080,4810,4761,3884,6.52413,-1.0011,8.77478,48.088
26656,3009,3351,3543,3595,3328,3655,4200,4599,3453,4056,6134,8034,3343,4052,6046,7729,14.1987,19.4857,8.72324,48.0847
26657,7557,9594,5158,3873,5120,5202,4281,3731,3732,3866,3527,3296,3286,3336,3282,3103,-29.4987,-11.263,8.7489,47.9627
26658,3248,3319,3824,3974,3240,3658,4574,5834,3451,3884,5801,9364,3394,3697,4836,6206,7.17769,22.9102,8.79571,48.2027
26659,3343,3399,3285,3216,3993,3685,3453,3173,6037,4851,3713,3387,12765,6067,3694,3304,32.3055,-27.6511,8.93915,47.5767
26660,3341,3412,3174,3018,3906,3965,3539,3390,5388,5328,4126,3612,8607,8929,4790,3642,27.369,-14.1053,8.59494,48.1113
26661,3368,3391,3306,3175,3930,3841,3451,3277,6317,5124,3857,3393,10726,7074,4193,3432,23.9224,-20.8295,8.73557,47.9033
26662,3609,3516,3347,2935,4649,4248,3667,3389,8443,5720,3850,3327,8447,5695,3887,3517,14.7422,-22.5604,8.75255,48.164
26663,3366,3374,3221,3093,4033,3852,3493,3216,6950,4828,3894,3304,11916,5750,3950,3473,22.4466,-32.1775,8.94892,47.8087
26664,4991,8784,7854,4662,4211,5108,4921,4034,3524,3780,3683,3497,3299,3319,3334,3258,-29.5031,-1.52331,8.8213,48.1727
26665,3096,3264,3341,3261,3328,3533,3833,3774,3632,4210,5323,4962,3928,5378,9763,7247,27.868,10.5808,8.85152,47.9153
26666,4196,4081,3701,3342,5763,5912,4024,3410,6535,6914,4375,3500,4538,4590,3828,3441,2.39934,-14.492,8.85573,48.1
26667,4950,4271,3555,3158,8574,4953,3805,3386,7996,4850,3736,3312,4617,4102,3536,3262,-0.913882,-28.7458,8.87903,48.042
26668,4077,5531,8906,6041,3777,4492,6338,5008,3476,3789,3949,3845,3105,3263,3447,3250,-20.1311,8.15414,8.83067,48.196
26669,3099,3208,3312,3375,3204,3464,3844,3886,3435,3996,5313,5662,3580,4464,8423,9527,25.9898,16.6798,8.96878,47.8613
26670,3289,3720,4870,6835,3375,3788,5269,10015,3299,3711,4299,5588,3199,3309,3636,3915,-9.34041,29.1379,8.85499,48.078
26671,12796,6223,3912,3338,5948,4763,3724,3373,3900,3681,3440,3248,3346,3321,3305,3098,-30.5696,-26.9114,8.99832,47.6107
26672,3265,3527,3833,3777,3340,3831,4835,4747,3496,4373,7650,6938,3561,4039,5710,5546,9.2672,14.0499,8.82528,48.312
26673,3098,3291,3270,3230,3377,3582,3834,3753,3657,4350,5374,4899,3989,5725,10161,6762,26.4632,8.9173,8.93857,48.2347
26674,3729,3697,3395,3175,4832,4656,3639,3328,7680,7016,4137,3510,6348,5579,4016,3442,10.575,-16.7565,8.69744,48.1193
26675,3398,3365,3344,3211,3989,4195,3646,3485,5476,6769,4586,3601,6197,8337,5174,3780,18.2471,-9.55843,8.88329,48.3687
26676,3215,3357,3366,3383,3513,3723,3951,3730,3933,4808,6175,4744,4076,6120,8767,5642,20.2899,5.88548,8.74653,48.3353
26677,3396,3405,3191,3033,3984,3867,3386,3146,6475,4985,3802,3342,11592,6683,4176,3411,24.3282,-23.0571,8.94469,47.916
26678,3104,3464,3723,3770,3238,3586,4455,4765,3394,4138,6781,7861,3403,4017,5847,6604,12.0144,17.4246,8.74033,48.1
26679,3484,3964,6204,12617,3376,3779,4787,6039,3286,3494,3632,3930,3074,3258,3339,3400,-29.4421,27.8292,8.66005,47.7753
26680,3345,3325,3304,3065,3690,3936,3707,3418,4753,6134,4801,3785,5690,9048,6173,4084,21.2203,-5.79098,8.92777,48.172
26681,12501,6018,4028,3470,6132,4764,3687,3385,3896,3739,3522,3269,3349,3369,3316,3126,-28.677,-31.1232,8.60387,47.714
26682,3335,3339,3297,3102,3870,3729,3486,3274,5522,5020,3983,3513,9201,8775,4534,3550,29.3239,-16.3765,8.64518,47.6867
26683,3982,3919,3396,3175,5839,4844,3760,3339,8595,6282,3974,3476,5875,5001,3797,3304,7.55206,-20.0592,8.54054,48.372
26684,3715,3632,3455,3031,4665,4599,3702,3380,7515,6960,4196,3586,6098,5888,4125,3506,10.9241,-16.2189,8.54072,48.0353
26685,8169,5784,3987,3361,8740,5609,3901,3326,4783,4226,3684,3211,3658,3541,3279,3062,-14.2276,-22.1077,8.8647,48.214
26686,4018,4095,3741,3427,5110,6481,4324,3553,5505,7417,4604,3535,4349,4626,3901,3476,1.81211,-9.68243,8.77176,48.108
26687,3234,3824,4189,3945,3484,4264,6009,5043,3677,4654,7554,5589,3451,3999,4748,4362,3.48432,9.79045,8.58845,48.0173
26688,3210,3119,3283,3424,3232,3472,3622,3890,3397,3873,4828,6398,3474,3936,6175,12189,25.5101,33.779,8.60774,47.6813
26689,3662,4340,4572,4229,3956,5472,7467,4818,3810,4783,6011,4375,3479,3796,4135,3756,-3.38492,5.50639,8.56896,48.4407
26690,3318,3373,3362,3180,3916,3703,3386,3250,5946,4785,3703,3290,12832,5896,3957,3397,30.2802,-31.8262,8.90495,47.5293
26691,8892,5358,3788,3400,8853,5260,3781,3428,4781,4120,3547,3331,3669,3494,3297,3065,-14.607,-29.5681,8.73363,48.0427
26692,9951,5442,3896,3427,8259,5105,3829,3462,4410,3951,3540,3203,3369,3512,3308,3045,-17.2768,-31.3542,8.99205,47.806
26693,4746,5437,4426,3686,5666,8434,4960,3568,4431,5049,4058,3599,3640,3718,3584,3328,-8.44595,-8.89541,8.97149,48.22
26694,3323,3375,3304,3153,3901,3700,3537,3175,6272,4806,3772,3381,12582,6159,3943,3450,26.2705,-32.4746,8.84925,47.8887
26695,9143,8414,4440,3583,5603,5267,4152,3615,3937,3913,3565,3220,3433,3328,3230,3044,-25.5914,-16.0261,8.71403,47.9247
26696,3174,3521,4044,4725,3368,3774,5132,7789,3404,3852,5361,8337,3228,3494,4316,4943,0.840295,23.9246,8.92675,48.308
26697,4970,4205,3570,3179,8344,5305,3826,3181,7903,5175,3729,3378,4702,4221,3541,3148,-0.687248,-23.2474,8.88315,48.2513
26698,4395,4319,3740,3459,6008,6653,4239,3502,5946,6454,4216,3465,4311,4330,3798,3358,-0.521776,-13.4859,8.57845,48.1287
26699,8477,8563,4621,3619,5731,5688,4283,3563,4013,3962,3471,3166,3508,3346,3307,3034,-22.4556,-14.7989,8.58445,48.2347
26700,3327,3621,4275,4432,3384,4111,6382,6660,3537,4038,6196,6662,3359,3595,4382,4425,0.0326263,16.0359,8.99423,48.2573
26701,8982,6651,4094,3545,7306,5541,3993,3425,4298,4015,3585,3208,3537,3489,3367,3119,-18.1032,-19.7829,8.73549,48.1033
26702,3536,3586,3390,3376,4162,4620,3996,3454,5374,7786,4971,3789,5433,6555,4867,3761,12.813,-8.46249,8.84834,48.4373
26703,3858,4330,4118,3612,4314,6330,5441,3883,4338,6591,5566,3981,3717,4238,4120,3705,0.0239922,-3.01307,8.99763,48.0947
26704,3046,3232,3379,3381,3161,3544,3802,3862,3401,3861,4894,5896,3296,4124,7067,11301,33.1628,21.2592,8.60755,47.498
26705,5602,9354,6894,4177,4410,5090,4547,3925,3595,3819,3646,3468,3314,3373,3280,3265,-31.1498,-4.21253,8.65287,47.8393
26706,3381,3762,4638,6768,3380,3927,5291,9854,3249,3634,4378,5541,3267,3350,3791,3941,-9.21806,31.8339,8.58927,48.1013
26707,5065,6165,4458,3643,5408,8165,5073,3784,4292,4832,4001,3477,3605,3588,3485,3316,-10.2894,-8.31349,8.93634,48.238
26708,3141,3231,3492,3479,3360,3467,3914,4051,3476,4425,5930,5998,3588,4647,8322,7687,20.2705,13.9189,8.57444,48.1387
26709,3794,3649,3332,3193,5208,4488,3638,3293,8665,6356,4077,3418,6340,5329,3993,3479,9.59029,-19.1871,8.66489,48.168
26710,3500,3519,3284,3148,4314,4089,3668,3242,6958,6331,4115,3599,7586,6787,4306,3450,16.1052,-16.8626,8.50796,47.9307
26711,5630,8385,5548,3948,5015,6645,4821,3766,3826,3987,3783,3410,3388,3485,3407,3155,-18.6435,-6.95156,8.85193,48.1327
26712,3323,3420,3349,3107,3904,4006,3730,3377,5130,6105,4573,3734,6412,8822,5235,3815,20.1851,-8.95954,8.78592,48.028
26713,4737,5951,4770,3895,5082,8069,5680,3999,4092,4934,4185,3658,3531,3711,3516,3266,-10.426,-5.72027,8.99823,48.7173
26714,5115,4433,3603,3179,9063,5201,3688,3309,7328,4899,3726,3320,4487,4044,3509,3272,-2.5553,-32.0573,8.83627,48.1173
26715,4197,3809,3374,3153,6479,4685,3584,3278,9808,5282,3711,3333,5644,4598,3553,3312,5.2576,-31.1716,8.81295,47.8667
26716,3414,3306,3373,3112,3955,3795,3448,3234,5989,4761,3922,3383,12439,5872,3916,3308,32.824,-30.5715,8.50876,47.4847
26717,3321,3413,3231,3053,3829,3835,3465,3301,5475,5451,4279,3489,8229,9131,4932,3654,24.6512,-13.2688,8.66976,48.0587
26718,3270,3351,3771,4235,3286,3661,4474,6261,3408,3755,5168,9595,3305,3555,4678,6135,6.76243,29.9847,8.60784,47.9387
26719,3158,3446,3436,3338,3482,3837,4133,3981,3821,5163,6884,4996,3937,5629,7794,5451,17.0705,6.39229,8.52192,48.324
26720,3902,4102,3655,3393,4919,5878,4203,3556,5828,7859,4637,3577,4631,4833,3967,3482,4.35112,-10.5017,8.64221,48.2813
26721,9893,8071,4494,3523,5898,5228,3962,3558,3873,3823,3433,3171,3355,3436,3283,3109,-24.6421,-17.9234,8.79523,48.0733
26722,3251,3209,3529,3393,3265,3481,3711,3878,3609,4073,5255,5276,3544,4684,8869,9034,33.7992,15.1616,8.73368,48.0407
26723,3058,3387,3719,3771,3293,3509,4401,5396,3374,3936,6008,9358,3395,3845,5044,6727,9.69811,21.8075,8.9971,48.1473
26724,3435,4085,6851,11124,3380,3749,4984,6698,3196,3404,3828,4034,3124,3261,3417,3315,-22.3672,22.5585,8.97768,47.9233
26725,3442,3636,3829,3762,3673,4561,5553,4351,3822,5363,7866,5089,3683,4344,5055,4302,5.75724,5.70501,8.65289,48.2207
26726,3574,4363,7240,8631,3436,4123,5917,6665,3261,3635,3970,4206,3158,3231,3414,3375,-18.9791,17.1855,8.75726,48.1327
26727,3366,3369,3191,3071,3801,3748,3357,3217,6298,4782,3763,3447,12475,6025,4038,3363,26.5707,-32.3548,8.79885,47.5407
26728,4092,5701,7035,4874,4012,5578,7043,4739,3621,3996,4237,3845,3300,3518,3525,3399,-14.9622,3.76803,8.69022,48.3433
26729,3402,3412,3186,3083,4141,3902,3397,3295,7506,5137,3827,3370,10931,6068,4067,3372,20.3372,-25.5055,8.90492,48.064
26730,3897,4978,6628,5138,3919,5238,7641,5238,3509,3983,4384,4012,3091,3420,3460,3647,-13.0426,6.69532,8.67899,48.122
26731,12581,5983,3913,3459,6223,4645,3853,3323,3949,3874,3409,3259,3396,3388,3220,3177,-28.1712,-28.8497,8.54308,47.768
26732,3618,4817,8886,8516,3556,4091,5223,5360,3219,3698,3804,3928,3082,3311,3444,3417,-26.4899,14.1899,8.58137,47.98
26733,3845,4299,4000,3563,4450,6657,5296,3906,4494,6631,5310,3888,4000,4342,4006,3689,0.0182538,-4.12663,8.99614,48.2507
26734,3611,4265,8281,9800,3457,3954,5197,5631,3284,3541,3837,3948,3282,3217,3328,3396,-33.4998,17.0966,8.57493,48.0193
26735,3332,3350,3213,3158,3753,3773,3632,3440,4952,5352,4320,3639,7155,9917,5579,3927,26.1928,-9.83665,8.93138,48.328
26736,3828,5271,9236,6943,3660,4348,5806,5221,3339,3593,3911,3927,3197,3188,3503,3403,-22.7092,10.6448,8.54616,48.2493
26737,3147,3201,3380,3381,3276,3419,3732,3783,3427,3791,4761,5758,3412,3924,6085,12786,29.8469,32.7718,8.73801,47.5087
26738,3361,3988,5881,12666,3521,3669,4631,6016,3209,3429,3780,3999,3071,3256,3380,3385,-30.7821,30.4477,8.65421,47.4947
26739,3345,3750,4578,4612,3404,4141,6679,6732,3466,4046,5965,6220,3268,3724,4167,4312,-1.67552,15.2171,8.76108,48.2727
26740,3127,3412,4061,4338,3258,3791,4968,6805,3305,3834,5588,9000,3286,3713,4530,5264,3.47633,23.6341,8.83387,48.1867
26741,3521,3401,3192,3096,4366,4054,3608,3206,7958,5138,3778,3380,10121,5922,3959,3442,18.2047,-25.8069,8.86966,48.0947
26742,5008,4225,3567,3281,8806,4952,3812,3373,7641,4839,3688,3287,4583,4108,3480,3272,-1.74239,-30.4903,8.89663,47.948
26743,3983,3870,3464,3356,6115,4451,3540,3326,9789,5166,3814,3291,6127,4621,3681,3278,7.06682,-32.2011,8.58831,47.9147
26744,3474,4285,7641,10780,3390,3978,5037,5695,3293,3371,3865,3903,3159,3130,3312,3394,-29.5076,19.454,8.82874,47.8047
26745,4459,7161,9283,5159,3991,4740,5074,4429,3438,3737,3763,3656,3242,3276,3337,3312,-29.632,3.0916,8.5557,48.038
26746,9082,8568,4650,3617,5408,5165,4129,3438,3842,3871,3520,3294,3465,3275,3267,3174,-28.9232,-15.8324,8.59804,47.8433
26747,3146,3365,3762,3933,3289,3500,4243,5467,3354,3863,5545,9506,3307,3785,4996,6853,9.63261,25.8268,8.52653,47.9427
26748,3417,3580,3600,3479,3697,4225,4463,3947,4108,6233,6984,4529,4106,5435,5873,4529,11.7555,1.8711,8.64246,48.1367
26749,5163,4390,3587,3271,8960,5233,3768,3382,7491,4728,3658,3348,4410,4006,3503,3256,-2.47984,-32.0605,8.77774,48.1027
26750,3237,3507,3507,3534,3626,4080,4489,3951,3835,5575,7966,5171,4004,4925,6233,4802,11.5654,6.00599,8.71345,48.2947
26751,3357,3390,3241,3092,3999,3867,3470,3249,6714,5098,3874,3281,11803,5869,3992,3408,22.9813,-33.8581,8.73332,47.8027
26752,6308,8214,5138,3787,5521,6779,4600,3630,3958,4099,3757,3420,3412,3459,3270,3150,-17.9489,-10.2932,8.84826,48.3347
26753,3918,3913,3533,3320,5279,5411,3999,3353,6929,7327,4327,3508,5109,5103,3947,3371,5.98459,-14.4195,8.62913,48.2313
26754,3077,3232,3324,3420,3320,3555,3780,3812,3592,4320,5623,5097,3647,5178,9369,7461,24.1241,11.3741,8.60172,47.8713
26755,3284,3916,6096,12385,3339,3693,4770,6051,3150,3404,3826,4019,3143,3300,3392,3403,-32.9433,27.6468,8.72887,47.4473
26756,6740,6000,3932,3450,7549,6784,4184,3549,4673,4419,3745,3302,3697,3657,3393,3131,-12.6586,-16.6659,8.60429,48.1367
26757,3485,3615,3582,3403,4050,4611,4332,3630,4706,7536,6239,4097,4419,5670,5124,3995,10.1964,-2.64167,8.64533,48.3293
26758,3904,4968,7232,5550,3808,5066,7357,5282,3380,3931,4386,4169,3161,3348,3420,3428,-15.0326,8.12225,8.5636,48.26
26759,5041,7023,5543,4003,4654,7418,5381,3985,3886,4361,3951,3595,3449,3535,3379,3371,-14.1412,-4.87423,8.82436,48.3833
26760,5875,4549,3711,3310,9930,5389,3822,3299,6464,4580,3627,3229,4114,3874,3424,3049,-5.65645,-26.7033,8.99365,48.164
26761,3496,4242,7485,10701,3388,3925,5132,5777,3237,3487,3857,3897,3127,3288,3222,3417,-31.7255,19.4258,8.61403,47.7853
26762,3313,3895,5676,10172,3451,3969,5007,8165,3263,3501,3912,4312,3191,3260,3325,3528,-17.7363,31.889,8.84775,47.96
26763,11649,5870,3866,3423,7117,4934,3770,3373,4008,3740,3471,3156,3415,3438,3177,3111,-21.7993,-29.843,8.76653,47.6787
26764,3186,3593,4115,4203,3390,3824,5299,6219,3409,4023,6332,7753,3363,3807,4666,5089,3.77008,18.3808,8.68858,48.1807
26765,3204,3326,3395,3395,3506,3562,3808,3712,3883,4592,5258,4641,3999,6216,9704,5974,30.549,6.26871,8.52927,48.1167
26766,3430,3494,3358,3317,3843,4185,3882,3548,4934,6927,5137,3968,5193,7355,5530,4066,15.8395,-5.80089,8.60809,48.1113
26767,3250,3273,3349,3382,3147,3464,3839,4032,3395,3806,5037,7081,3468,4027,5895,11407,21.6472,32.6085,8.54866,47.9013
26768,3370,3837,4694,6628,3446,3977,5506,9664,3131,3630,4433,5724,3232,3321,3792,3971,-8.58923,25.4502,8.5509,48.2373
26769,3429,3931,5863,10211,3349,3909,5190,7773,3275,3442,4042,4446,3138,3218,3346,3554,-18.2455,26.4308,8.83393,48.0773
26770,3229,3772,5154,7780,3388,3834,5249,9693,3237,3575,4152,5182,3047,3440,3671,3754,-11.9283,26.9307,8.95635,48.1047
26771,10421,6275,4012,3346,7501,5175,3821,3468,4321,3929,3472,3137,3454,3440,3195,3090,-19.4734,-23.3507,8.9268,48.038
26772,4169,4312,3776,3393,5583,6689,4324,3497,5573,7096,4354,3554,4290,4403,3838,3359,0.774675,-11.2123,8.97563,48.14
26773,4019,3972,3570,3322,5285,5749,3916,3404,6572,7486,4284,3466,4878,4827,3935,3470,4.82036,-13.5851,8.69498,48.1033
26774,3127,3244,3453,3426,3306,3402,3833,3838,3343,3742,4658,6095,3207,3940,6242,12747,29.5859,26.9409,8.90961,47.7353
26775,3201,3258,3478,3417,3180,3435,3711,3933,3358,3855,5081,5950,3297,4027,6757,11759,31.0567,22.7436,8.57138,47.798
26776,3255,3669,4770,6282,3372,3829,5634,9829,3261,3725,4648,5930,3205,3379,3677,3936,-7.51113,24.1888,8.92279,48.2673
26777,3668,3613,3255,3148,5055,4292,3548,3316,9679,5256,3641,3367,7909,5117,3745,3268,12.0997,-30.6457,8.98551,47.918
26778,8495,6814,4138,3462,7069,6008,4096,3514,4225,4145,3578,3267,3514,3458,3271,3137,-17.6531,-18.3052,8.89453,48.1273
26779,3151,3227,3439,3457,3216,3397,3793,3923,3410,3905,4920,5819,3318,3938,6866,11677,32.5107,23.2724,8.59348,47.6373
26780,3570,3758,3966,3716,3792,4833,5928,4370,3879,5669,7616,4822,3747,4186,4685,4113,3.64317,4.73674,8.91262,48.4333
26781,5985,9767,6368,4061,4594,5130,4517,3757,3620,3854,3695,3388,3258,3383,3321,3189,-31.6145,-6.3002,8.68344,47.9247
26782,4526,5685,4887,3842,4983,7901,5745,3821,4153,4805,4314,3605,3638,3686,3611,3305,-9.76528,-4.77652,8.52891,48.338
26783,5209,4897,3919,3435,7309,7305,4277,3462,5387,5164,3949,3479,4047,3924,3533,3217,-5.93072,-15.2822,8.91493,48.342
26784,3822,4186,3753,3495,4770,6549,4726,3674,5149,7374,4867,3695,4165,4570,3947,3595,1.70686,-7.55505,8.68692,48.2247
26785,6443,4678,3765,3293,10154,5208,3748,3430,6006,4480,3559,3197,3961,3876,3325,3218,-7.77534,-30.6258,8.89584,48.2273
26786,3350,3622,4212,5184,3350,3690,5144,9223,3366,3686,4790,7432,3258,3376,3953,4515,-2.43189,28.7143,8.84391,48.1007
26787,12626,5976,3861,3317,6541,4792,3762,3287,3953,3729,3470,3304,3388,3324,3201,2976,-25.1277,-30.9386,8.95515,47.6713
26788,3387,3963,6042,10652,3357,3849,4950,7531,3206,3540,3962,4159,3125,3138,3453,3514,-19.9325,26.1758,8.51902,47.8853
26789,3405,3878,5575,9980,3366,3836,5090,8443,3220,3451,3982,4529,3192,3254,3404,3487,-17.1563,31.4221,8.89585,48.0613
26790,3074,3079,3419,3417,3189,3483,3743,3904,3289,3788,4750,6112,3390,3928,6614,12216,29.8235,24.6809,8.92366,47.5967
26791,3752,3555,3321,2998,4851,4184,3494,3207,9259,5230,3798,3448,8365,5218,3957,3411,13.3151,-26.7356,8.95725,48.032
26792,3655,4870,8941,8208,3611,4265,5492,5515,3354,3628,3837,3835,3166,3149,3459,3388,-23.9881,13.5734,8.5519,48.2487
26793,5796,4876,3815,3319,8698,6574,3967,3274,5569,4843,3717,3414,4166,3932,3386,3113,-7.08595,-19.1809,8.91854,48.306
26794,11676,5992,3925,3321,6804,4893,3743,3426,3965,3851,3496,3259,3332,3386,3236,3018,-22.5705,-29.8981,8.73058,47.5487
26795,3171,3381,3985,4167,3255,3740,4534,6368,3371,3775,5485,9487,3400,3782,4552,5837,5.81068,25.6129,8.60273,48.1933
26796,3159,3305,3532,3416,3288,3680,4126,4197,3574,4342,6498,6230,3596,4633,7593,7183,17.2152,14.0539,8.76675,48.2347
26797,4175,6585,9171,5502,4017,4737,5606,4497,3483,3602,3941,3666,3183,3349,3330,3284,-24.1159,4.85061,8.5368,48.0853
26798,3357,3441,4161,4443,3362,3696,4880,7620,3400,3742,5058,8799,3250,3701,4247,5039,1.76215,31.341,8.87496,48.1307
26799,5418,7241,5036,3850,5371,7414,4902,3748,3962,4377,3820,3515,3413,3516,3414,3144,-15.0066,-8.07519,8.9668,48.094
26800,3124,3191,3451,3643,3270,3523,3870,4315,3257,3761,5128,7705,3377,3814,5862,10188,18.5851,26.7018,8.55768,47.6527
26801,5980,9659,6399,4195,4595,5261,4548,3843,3668,3845,3654,3433,3425,3352,3291,3207,-27.1156,-5.95823,8.69136,48.2367
26802,3782,5162,8794,6699,3725,4591,6167,5167,3367,3700,4005,3955,3147,3217,3433,3377,-20.6041,10.0375,8.56985,48.192
26803,3488,3884,4248,4167,3553,4349,6761,5456,3453,4438,7024,5676,3444,3831,4375,4282,0.400586,11.171,8.77553,48.286
26804,6517,7837,4734,3656,5687,6901,4512,3703,4135,4019,3669,3415,3551,3469,3373,3125,-17.1991,-11.6267,8.90476,48.202
26805,3405,3397,3347,3044,4078,4071,3553,3273,6252,6008,4206,3460,8291,7706,4525,3609,19.5253,-16.0214,8.53655,48.15
26806,3523,3536,3391,3207,4465,4203,3767,3404,6780,6698,4291,3490,7173,6742,4267,3527,15.0915,-15.5163,8.79876,48.3093
26807,3226,3390,3431,3369,3439,3783,4150,3814,3880,5184,6808,4737,4117,5854,8012,5152,17.3378,5.08008,8.92826,48.2307
26808,3858,4697,5676,4486,4005,5821,7859,4861,3607,4146,4758,4086,3426,3609,3748,3671,-9.28029,4.86821,8.66407,48.2093
26809,3769,4638,5759,4941,3720,5122,8232,5558,3599,3985,4912,4288,3377,3535,3691,3660,-9.97611,8.01899,8.64085,48.524
26810,4373,5244,4451,3751,4979,8026,5758,3827,4119,5147,4297,3624,3579,3793,3606,3406,-7.66197,-5.18192,8.51702,47.9867
26811,3469,4154,6595,7894,3577,4134,6072,7385,3256,3645,4218,4493,3079,3287,3569,3459,-16.0492,17.9114,8.73257,48.1907
26812,9048,5540,3794,3467,8689,5327,3757,3392,4603,4013,3650,3157,3554,3590,3301,3115,-15.5097,-26.4704,8.50366,47.998
26813,3491,3511,3352,3117,4154,4189,3707,3234,6026,6819,4464,3619,6672,7708,4642,3650,16.6844,-12.2463,8.84658,48.2367
26814,3620,4686,8733,8973,3522,4077,5251,5622,3314,3424,3855,3767,3095,3273,3405,3410,-26.1085,15.3666,8.58253,48.018
26815,12102,5939,3907,3378,6664,4940,3763,3401,4116,3751,3427,3169,3321,3351,3193,3150,-23.7261,-28.9574,8.69336,47.7147
26816,4601,4708,3868,3351,6254,7418,4411,3709,5418,6060,4047,3672,4059,4090,3714,3338,-3.16854,-12.267,8.97911,48.4787
26817,3405,3966,5932,12257,3447,3770,4824,6350,3231,3406,3785,3924,3125,3086,3395,3443,-26.1216,30.9875,8.58901,47.564
26818,3006,3291,3376,3416,3329,3567,3918,3915,3441,4018,5335,5606,3543,4553,8473,9296,25.4708,15.975,8.93146,48.0553
26819,5471,5037,3881,3362,7840,6964,4160,3478,5487,5007,3840,3462,3925,3806,3521,3176,-6.4779,-16.9207,8.87131,48.278
26820,7905,9370,5029,3616,5292,5255,4278,3507,3852,3665,3494,3303,3318,3301,3251,3111,-31.1284,-12.6631,8.81587,47.698
26821,4110,3873,3441,3218,6276,4642,3610,3305,9275,5693,3794,3328,5694,4714,3741,3307,6.0302,-23.7725,8.60211,48.014
26822,3383,3418,3227,3119,3802,3940,3551,3370,5181,5202,4257,3718,7366,9650,5150,3657,33.7074,-11.0453,8.91263,47.994
26823,3427,3995,5927,12180,3371,3851,4749,6616,3290,3428,3835,3932,3089,3251,3397,3440,-24.0207,32.3109,8.86502,47.852
26824,3777,3628,3372,3054,5274,4276,3655,3312,9832,5182,3771,3337,7454,5091,3829,3328,11.0889,-30.8845,8.79029,48.1147
26825,3611,4149,4994,4466,3732,4982,8038,5491,3680,4369,5517,4509,3485,3621,3915,3836,-5.58197,7.76195,8.61539,48.2633
26826,5224,4273,3621,3184,9003,5444,3730,3386,7289,4907,3745,3221,4475,4024,3572,3247,-2.69155,-24.521,8.90375,48.23
26827,3178,3279,3371,3246,3472,3700,3839,3601,3964,4604,5160,4341,4225,7027,9582,5439,28.4723,4.11113,8.95257,48.0187
26828,3140,3332,3504,3627,3292,3460,4091,4622,3359,3869,5247,9062,3306,3858,5456,8890,15.0953,29.2516,8.6604,48.0767
26829,3044,3352,3613,3640,3333,3568,4204,4641,3358,4089,5942,7892,3355,4110,5938,7880,14.7677,19.6368,8.56015,47.9727
26830,3267,3339,3315,3238,3521,3846,3729,3580,4174,5311,5309,4259,4651,7599,7843,4905,22.6422,0.350513,8.67466,47.924
26831,3079,3345,3746,3774,3310,3595,4274,5400,3311,3873,5508,9840,3200,3808,4904,7238,10.2863,26.6474,8.95024,48.1367
26832,3155,3310,3424,3427,3407,3548,3829,3571,3732,4441,5246,4722,3896,5727,10088,6693,29.4839,9.11815,8.75604,48.144
26833,4486,6203,5367,4200,4633,7291,6139,4049,3895,4327,4138,3629,3518,3600,3503,3331,-12.8367,-2.63291,8.80921,48.206
26834,3225,3392,3449,3212,3609,3810,3857,3656,3879,5127,6081,4547,4152,6538,8812,5203,20.8623,4.08196,8.95088,48.366
26835,3514,3537,3389,3199,4122,4178,3784,3414,5520,7104,4756,3700,5804,7506,4852,3784,16.1424,-9.14781,8.58538,48.1087
26836,4398,6903,8956,5255,3983,5037,5559,4381,3541,3797,3870,3616,3215,3244,3355,3201,-22.9122,3.24355,8.9354,48.2073
26837,3202,3443,3878,4114,3285,3604,4546,6474,3317,3809,5401,9534,3323,3767,4594,5724,6.11634,25.4018,8.60514,48.01
26838,3104,3232,3309,3268,3309,3458,3662,4002,3407,3757,4733,5996,3528,3998,5964,12433,29.525,32.436,8.74321,47.44
26839,3220,3501,4276,5042,3316,3866,5041,8673,3307,3736,4817,7628,3182,3640,4010,4552,-1.7796,27.5655,8.52628,47.8713
26840,3412,3832,5914,11508,3490,3833,4964,7099,3379,3432,3817,3953,3111,3239,3460,3387,-21.9439,30.1931,8.59239,47.8867
26841,9195,5469,3863,3244,8634,5293,3879,3360,4657,4104,3430,3272,3571,3533,3318,3152,-15.7723,-28.2993,8.6296,47.9827
26842,3186,3375,3308,3419,3305,3587,3834,3754,3732,4275,5236,4927,3738,5253,9616,7407,28.9137,11.1159,8.66633,47.968
26843,3421,3334,3227,3206,3733,3964,3596,3354,4816,5888,4606,3717,5999,9272,5885,3865,22.0963,-6.90602,8.98527,47.922
26844,10055,8330,4522,3551,5633,5076,3988,3484,3983,3952,3429,3204,3297,3317,3120,3070,-28.8125,-17.2827,8.92824,48.0073
26845,4423,7391,8891,5246,4170,4759,5127,4344,3510,3705,3827,3577,3215,3381,3278,3279,-33.0038,2.53693,8.61327,48.082
26846,3562,3688,3260,3089,4618,4100,3685,3270,8024,5842,4017,3335,8119,5993,3965,3491,14.9204,-20.456,8.54105,48.0387
26847,3633,3747,3438,3198,4726,4690,3941,3354,6601,7706,4439,3647,5755,6113,4137,3518,10.5507,-13.4676,8.89574,48.4287
26848,11911,6754,3967,3431,5862,4823,3859,3271,3903,3804,3461,3246,3498,3351,3244,3137,-32.5127,-23.5169,8.71941,47.6813
26849,3229,3341,3308,3190,3590,3740,3773,3561,4247,5396,5035,4030,5108,8472,7535,4565,23.6998,-2.02666,8.55422,48.08
26850,3324,3575,4073,4200,3368,4040,5519,5772,3436,4330,6838,7197,3430,3773,4715,4887,3.7564,15.6144,8.72878,48.318
26851,3375,3907,5583,9992,3399,3778,5099,8263,3251,3493,4064,4316,3231,3178,3491,3487,-17.404,30.8372,8.7627,47.938
26852,3140,3302,3345,3230,3505,3866,4045,3650,3969,5095,6207,4620,4205,6209,8523,5238,19.9534,4.29896,8.83158,48.0993
26853,3300,3407,3146,3246,3689,3845,3773,3468,4523,5341,4858,4050,5399,9176,6949,4381,25.4543,-3.82466,8.54554,48.3673
26854,3376,3347,3197,3132,3939,3905,3555,3304,5374,5197,4017,3597,9354,8503,4469,3634,28.5512,-16.2249,8.55497,47.9333
26855,3100,3344,3293,3250,3604,3773,3776,3534,4191,4925,4866,4177,4825,8200,8185,4953,28.2552,-0.00235849,8.87337,47.9973
26856,6153,8464,5569,3939,5153,6478,4665,3877,3785,4112,3705,3394,3316,3373,3235,3125,-19.5874,-8.0499,8.59471,48.2287
26857,3557,3626,3494,3166,4407,4562,3790,3349,6587,7235,4548,3605,6024,6223,4412,3583,12.4674,-13.4175,8.76184,48.112
26858,4454,4454,3697,3260,6310,6765,4112,3491,5975,6491,4185,3469,4410,4345,3725,3422,-0.628356,-13.9506,8.71909,48.3767
26859,3980,4438,3833,3565,4838,6797,4657,3708,4942,7001,4920,3626,4161,4487,3882,3549,0.506915,-7.89626,8.566,48.256
26860,3288,3435,3282,3336,3633,3671,3797,3585,4099,4910,4936,4102,4896,8502,8065,4840,29.7273,-0.488885,8.78988,48.2513
26861,3941,3736,3273,3147,5944,4352,3636,3154,10045,5297,3793,3377,6493,4826,3745,3338,8.07566,-33.5766,8.99863,48.0647
26862,4653,8185,8390,4796,4136,4809,5003,4253,3580,3896,3726,3520,3281,3375,3399,3307,-33.0762,0.280141,8.94929,48.206
26863,4921,8437,8172,4674,4268,5018,4969,4070,3570,3724,3654,3474,3231,3353,3182,3267,-27.392,-0.731936,8.92586,47.9893
26864,3363,3807,4859,6137,3391,3905,5979,9419,3277,3713,4552,5619,3203,3520,3738,4000,-7.73701,22.0686,8.99984,48.3213
26865,3213,3235,3308,3341,3268,3497,3897,4147,3314,3771,4901,7178,3402,3964,5888,11627,21.6259,29.6889,8.73153,47.9673
26866,3454,3940,5936,11659,3418,3688,4823,7015,3298,3479,3857,3952,3163,3203,3364,3346,-22.1759,33.254,8.91295,47.73
26867,3280,3541,3792,3754,3357,3614,4634,5119,3394,4036,6576,8382,3390,3869,5380,6277,9.82648,18.5913,8.85606,48.2633
26868,6338,6364,4174,3565,6725,7376,4430,3578,4425,4470,3827,3323,3668,3551,3385,3164,-12.8384,-14.0014,8.74164,48.242
26869,3335,3899,5257,8486,3443,3852,5303,9220,3301,3489,4263,4897,3010,3325,3559,3544,-14.3506,28.107,8.88922,48.122
26870,5812,4657,3587,3203,9743,5216,3710,3429,6606,4566,3639,3391,4080,3748,3336,3177,-5.53299,-28.2528,8.56479,47.9333
26871,10843,5660,3995,3313,7597,5016,3802,3282,4244,3952,3582,3230,3415,3439,3240,3178,-19.4951,-30.895,8.65061,47.8587
26872,3292,3406,3255,3241,3921,3800,3648,3320,5602,5041,3946,3488,10080,8005,4331,3562,33.5482,-17.3458,8.93969,47.9587
26873,4796,4058,3626,3135,8104,5138,3746,3143,8427,5060,3725,3389,4848,4179,3492,3327,0.345611,-25.6528,8.91663,48.1287
26874,4224,5355,5275,3988,4430,7336,6478,4213,3759,4741,4424,3736,3457,3688,3664,3456,-10.3398,-1.16749,8.80513,48.1493
26875,3460,3384,3169,3086,4291,4016,3518,3279,7986,4957,3769,3246,10549,5768,3939,3376,18.6786,-28.4292,8.84475,47.862
26876,8063,7941,4494,3508,6129,5992,4209,3568,4019,3933,3631,3420,3427,3462,3363,3158,-19.4773,-15.1134,8.81221,48.2113
26877,3435,3443,3283,3119,3709,3988,3749,3534,4701,6207,4883,3712,5717,8904,6024,4078,20.4104,-6.2265,8.82333,48.324
26878,4079,3835,3421,3172,5798,4588,3710,3295,9153,5839,3804,3349,6202,4735,3949,3256,7.25981,-22.4048,8.56961,48.1233
26879,3396,3962,6254,12672,3369,3671,4773,6100,3219,3395,3720,3902,3161,3162,3511,3342,-29.9978,27.0963,8.82513,47.7393
26880,3355,4333,7675,10611,3452,4031,4941,5598,3325,3504,3764,3889,3177,3306,3472,3437,-32.9079,19.0571,8.70405,47.9133
26881,3291,3405,3590,3380,3636,3985,4133,3855,4110,5601,6548,4576,4266,6166,6959,4839,16.6478,2.57817,8.63111,48.2267
26882,3160,3315,3579,3644,3356,3550,4215,5071,3426,3848,5149,9466,3342,3745,5071,8057,12.4781,29.7157,8.66257,47.996
26883,3466,3378,3259,3063,4018,3830,3348,3200,6583,4939,3794,3405,11915,6282,3940,3471,24.4548,-25.7435,8.79003,47.9273
26884,5121,7357,5868,4149,4754,6934,5350,3931,3619,4079,3884,3627,3455,3359,3429,3243,-16.3583,-4.10521,8.98463,48.106
26885,3310,3680,3991,3988,3422,4233,5944,5149,3642,4653,7747,5885,3425,3960,4779,4565,3.64007,11.0534,8.75008,48.2487
26886,3234,3699,4158,4732,3368,3914,5305,7845,3335,3881,5331,7889,3297,3471,4176,4709,0.0337529,22.6034,8.55496,48.2293
26887,9287,8785,4535,3491,5461,5266,4002,3539,3882,3895,3502,3253,3317,3347,3257,3109,-32.808,-15.3254,8.98214,47.952
26888,5127,9201,7407,4350,4297,5095,4751,4010,3661,3667,3717,3563,3219,3358,3318,3272,-30.5307,-2.84411,8.71057,48.0087
26889,3328,3971,5921,12795,3351,3774,4694,5805,3294,3460,3624,3807,3171,3195,3373,3348,-30.8943,32.0228,8.81881,47.274
26890,5149,8712,7599,4601,4133,5191,4936,4196,3624,3731,3813,3733,3244,3382,3335,3222,-25.7926,-1.66785,8.66247,48.4007
26891,5672,4465,3692,3209,9661,5154,3828,3467,6557,4674,3699,3301,4177,3845,3338,3328,-5.45816,-29.9116,8.65947,48.0447
26892,9483,8696,4417,3439,5474,5176,4030,3588,3764,3821,3478,3220,3314,3330,3134,3072,-29.7996,-15.9747,8.99959,47.624
26893,3311,3623,4272,5067,3369,3827,5047,8995,3294,3634,4762,7416,3310,3471,4077,4381,-2.43384,33.1806,8.97117,47.904
26894,3400,3784,4743,5242,3433,4102,6703,7883,3370,3881,5185,5803,3310,3489,4026,4160,-4.97158,17.8003,8.89024,48.3427
26895,3152,3151,3395,3440,3250,3390,3848,3948,3339,3743,4763,5978,3339,3893,6088,12640,32.7479,28.0156,8.62924,47.5713
26896,3597,4043,4225,3816,3990,5836,6317,4364,4087,5638,6250,4310,3602,4177,4065,3757,-0.279188,1.72986,8.54457,48.0493
26897,3678,3779,3528,3317,4635,5152,4068,3503,5749,8041,4958,3577,4849,5564,4281,3507,8.20199,-9.63822,8.5742,48.124
26898,4652,7411,7616,4800,4217,5548,5494,4278,3554,3996,3920,3707,3225,3373,3261,3275,-20.0461,0.181646,8.94851,48.218
26899,3422,3388,3266,3103,3961,3865,3439,3280,6795,4955,3767,3321,11781,6024,3960,3430,23.0055,-30.4155,8.56051,47.838
26900,3648,4377,5186,4448,3739,5365,8219,5375,3623,4295,5123,4435,3327,3738,3816,3726,-6.90378,6.82875,8.91476,48.2933
26901,4318,3834,3397,3200,6766,4684,3650,3330,9463,5199,3773,3383,5462,4416,3643,3230,4.42155,-30.3556,8.72829,47.832
26902,4494,4077,3642,3369,6754,5679,3894,3320,7600,6094,3949,3327,4771,4412,3753,3281,1.41285,-18.3466,8.98746,48.2773
26903,3534,3556,3327,3076,4613,4068,3596,3291,8306,5565,3971,3344,8830,5855,3945,3414,15.7418,-23.4502,8.53112,48.194
26904,3088,3332,3627,3860,3273,3537,4152,5554,3430,3696,5212,9798,3338,3702,4870,7129,10.1755,28.3865,8.79517,47.732
26905,3288,3609,3656,3813,3468,4010,4992,4285,3809,5095,8157,5475,3734,4402,5843,4868,9.77239,8.67726,8.66874,48.336
26906,3407,4073,5637,8200,3449,4008,5725,8461,3289,3528,4223,4789,3045,3284,3404,3669,-14.1798,22.3604,8.9179,48.1273
26907,4485,4373,3655,3362,6427,6173,3994,3546,6631,6405,3988,3524,4523,4368,3760,3305,0.369246,-15.7853,8.51665,48.346
26908,6330,8544,5175,3770,5386,6615,4635,3762,3882,4018,3570,3311,3397,3364,3336,3070,-19.3605,-9.21197,8.88566,48.11
26909,3527,3940,4416,4180,3682,4739,7114,5187,3764,4640,6682,4992,3455,3738,4231,4027,-0.706821,8.3565,8.51633,48.2093
26910,4496,7459,8057,4801,4100,5432,5637,4309,3592,3918,3947,3632,3266,3365,3379,3313,-21.4466,0.859945,8.87966,48.4687
26911,3330,3661,3521,3303,3698,4374,4445,3802,4458,6757,6515,4338,4370,5813,5653,4206,11.8933,-0.720454,8.50754,48.1627
26912,3828,5537,9966,6722,3654,4449,5250,4918,3425,3631,3798,3758,3150,3201,3305,3283,-33.2445,9.29942,8.96955,47.9167
26913,9828,5709,3958,3364,8119,5163,3989,3405,4419,4011,3397,3214,3505,3496,3276,3062,-17.3665,-25.2306,8.83892,47.9433
26914,5770,7262,4637,3795,5628,7234,4758,3670,4176,4468,3751,3429,3537,3500,3448,3287,-15.1029,-9.93629,8.55106,48.2333
26915,4632,4455,3680,3396,6780,6421,4073,3492,6267,6134,3918,3493,4331,4190,3569,3216,-0.848486,-16.0701,8.86385,48.0313
26916,4047,6347,9984,5999,3840,4574,5179,4565,3417,3616,3794,3655,3112,3388,3496,3312,-30.5315,6.3796,8.93603,48.2167
26917,3447,3556,3740,3664,3587,4230,4901,4224,3940,5537,8025,5044,3770,4674,5625,4523,9.01126,5.47672,8.87865,48.3247
26918,3139,3483,3996,4561,3254,3757,4813,7480,3318,3805,5009,9027,3255,3788,4293,5248,2.70195,27.2285,8.74717,48.1507
26919,3192,3634,4286,5030,3319,3761,5003,8748,3370,3743,4980,7995,3237,3472,4141,4522,-1.17408,28.4039,8.71229,48.2887
26920,4669,7140,6292,4341,4472,6509,5845,4137,3788,4188,3947,3605,3279,3405,3461,3297,-16.4791,-1.99752,8.90791,48.25
26921,3429,4225,7544,10925,3436,3974,5136,6025,3168,3457,3930,3905,3085,3218,3307,3439,-25.7365,19.7608,8.87285,48.1353
26922,4022,4344,3794,3478,5017,7097,4890,3697,4928,6915,4745,3694,4016,4239,3841,3596,-0.395482,-7.98162,8.96902,48.2087
26923,8949,9174,4634,3459,5442,5146,4093,3405,3855,3798,3613,3297,3334,3356,3183,3146,-29.8004,-14.8586,8.90885,47.9227
26924,4136,3916,3420,3185,6583,4503,3633,3260,9707,5184,3829,3362,5731,4530,3771,3300,5.0617,-32.7369,8.90499,48.0333
26925,4830,6204,4712,3779,5390,8280,5222,3758,4045,4683,4020,3538,3600,3607,3352,3284,-10.5791,-7.42228,8.99464,48.2027
26926,3640,3666,3370,3124,4588,4452,3816,3295,7132,7030,4242,3531,6525,6064,4232,3442,12.6762,-15.4986,8.5636,48.0993
26927,3054,3263,3373,3379,3230,3489,3715,4016,3497,3875,4835,5936,3326,4029,7011,11912,28.7539,22.7956,8.87862,47.96
26928,3492,3842,5904,12318,3276,3696,4705,5972,3287,3460,3783,3931,3094,3180,3414,3515,-32.6416,30.8099,8.54535,47.246
26929,3208,3230,3368,3427,3216,3466,3731,3791,3311,3699,4788,6082,3394,4001,6087,12848,28.7973,29.5602,8.87965,47.7647
26930,11469,7352,4207,3471,5766,4965,3857,3384,3950,3717,3475,3170,3441,3335,3231,3047,-29.731,-20.8635,8.79131,47.8913
26931,3196,3391,3641,3786,3347,3624,4240,5147,3351,3759,5252,9761,3248,3770,4953,7463,11.3997,30.6398,8.75249,47.9527
26932,3381,3552,3295,3326,3982,4256,3866,3485,5050,6999,5239,3912,5330,7402,5302,3982,15.5026,-6.0764,8.84127,48.2393
26933,5588,4528,3763,3322,9637,5255,3817,3373,6617,4609,3639,3403,4105,3871,3544,3226,-5.56112,-25.7401,8.72346,48.198
26934,3384,3489,3236,3122,3878,3856,3621,3306,5157,5733,4432,3710,7024,9379,5254,3778,23.6177,-10.659,8.86942,48.2393
26935,3164,3213,3464,3495,3130,3418,3835,3957,3365,3823,4842,5933,3453,4002,6507,12061,32.2897,23.9917,8.5013,47.7747
26936,3412,3757,5748,10895,3358,3818,5012,7783,3191,3394,3847,4301,3216,3265,3419,3434,-19.3502,30.5997,8.86323,47.9
26937,3415,3655,3568,3365,3902,4524,4397,3783,4465,7069,6640,4219,4301,5421,5300,4118,10.1828,-0.865792,8.58794,48.0947
26938,3763,3655,3256,3292,4597,4434,3590,3383,7958,6339,4029,3403,7188,5788,4042,3360,12.8379,-19.0863,8.77214,48.0513
26939,3964,5515,8464,5893,3760,4845,6610,4990,3466,3755,4063,3731,3204,3343,3432,3368,-18.8617,7.08151,8.85856,48.2687
26940,3338,3272,3179,3040,4011,3790,3608,3197,5861,5284,4127,3526,10001,7945,4356,3441,24.1785,-17.8492,8.86128,47.984
26941,3358,3744,4863,6759,3329,3845,5459,9656,3266,3577,4463,5661,3152,3367,3720,3901,-9.32076,24.8035,8.83783,48.08
26942,3416,4159,7283,11079,3370,3911,5106,6354,3146,3472,3812,3991,3045,3149,3455,3449,-23.7531,20.9606,8.96756,48.1313
26943,7562,6826,4369,3475,7067,6354,4122,3434,4243,4189,3593,3329,3431,3524,3294,3117,-16.3401,-16.2544,8.73279,47.9527
26944,4121,5692,6971,4948,3930,5464,7253,4755,3448,4003,4331,3865,3303,3429,3437,3404,-15.2241,4.14908,8.94755,48.236
26945,4483,4003,3415,3274,7883,4841,3655,3266,8679,5194,3834,3408,5123,4282,3487,3296,1.50629,-27.3239,8.85028,48.082
26946,4475,5450,4447,3858,5000,8041,5765,3926,4164,5146,4253,3565,3518,3715,3681,3355,-7.80177,-5.26156,8.89298,48.2393
26947,3418,3279,3155,3236,3790,3932,3556,3312,5212,5204,4175,3665,8032,9428,4942,3625,30.3129,-12.8216,8.81197,47.974
26948,3292,3355,3491,3264,3525,3688,3808,3763,3936,4898,5093,4310,4459,7419,8986,5220,27.7922,2.51305,8.53924,48.338
26949,3690,4997,9123,7174,3518,4396,5912,5341,3426,3615,3894,3828,3067,3296,3323,3380,-22.1866,11.1815,8.84884,47.9867
26950,5230,5523,4247,3515,6635,7889,4501,3607,4542,4961,3880,3358,3765,3719,3552,3259,-9.04429,-12.5357,8.7681,48.122
26951,3317,3862,5753,9066,3293,3946,5490,8323,3222,3624,4125,4588,3092,3232,3603,3543,-16.0287,23.8362,8.88294,48.0527
26952,3000,3334,3465,3485,3292,3467,3944,4339,3291,3964,5306,7636,3279,3943,6332,9716,18.2994,22.5949,8.81401,47.862
26953,4762,4470,3749,3337,7167,6555,4109,3459,6398,5691,3996,3321,4321,4208,3651,3252,-2.29331,-17.1427,8.51101,48.2973
26954,3779,4619,5812,4900,3811,5370,8070,5332,3562,3926,4821,4315,3389,3535,3654,3601,-9.75576,7.28948,8.8373,48.3307
26955,3341,3857,5971,12546,3456,3789,4786,5906,3156,3325,3738,3916,3189,3314,3354,3340,-32.2515,29.9473,8.76451,47.3227
26956,3793,4084,3725,3291,4813,5957,4216,3501,5554,7879,4883,3643,4584,4891,4053,3582,4.50902,-9.34857,8.72388,48.2993
26957,3112,3324,3409,3378,3371,3618,4021,3712,3648,4310,5842,5184,3903,5357,9490,6850,23.0172,10.1791,8.97751,48.3527
26958,3571,3615,3549,3195,3994,4556,4238,3727,4640,7416,5881,4074,4507,6115,5247,3918,11.5643,-3.35628,8.51452,48.162
26959,6269,4776,3548,3303,9780,5208,3786,3327,6071,4369,3622,3313,3903,3875,3473,3128,-7.57679,-30.4045,8.60501,47.834
26960,3420,3443,3255,3167,4157,3944,3448,3121,7139,4872,3831,3354,11536,5794,3909,3471,22.0547,-29.999,8.59562,47.9073
26961,3272,3619,4068,4079,3470,4111,5609,5401,3489,4297,7383,6740,3340,3860,4820,4879,4.25557,14.2367,8.94351,48.2913
26962,5730,7578,5101,3880,5178,7146,4906,3807,3889,4220,3779,3388,3431,3602,3390,3132,-16.462,-8.10697,8.51141,48.1047
26963,3813,3702,3411,3112,4752,4490,3744,3371,7776,7000,3973,3382,6504,5843,4043,3495,11.6528,-17.2303,8.94507,48.274
26964,3453,4052,6275,7471,3498,4097,6520,7655,3200,3640,4283,4521,3100,3342,3652,3605,-13.9863,18.1554,8.92286,48.2427
26965,3190,3660,4149,4908,3345,3724,4978,8544,3361,3799,4866,8086,3200,3531,4129,4772,-0.402862,29.9854,8.81714,48.1613
26966,6488,9976,5677,3920,4752,5262,4383,3719,3596,3920,3613,3378,3399,3384,3254,3187,-33.3857,-8.42518,8.85263,47.9387
26967,3206,3294,3843,3971,3236,3684,4515,6181,3372,3823,5285,9834,3293,3779,4737,6124,7.17754,31.959,8.5003,48.118
26968,4787,6575,5145,3923,5081,7660,5451,3924,4145,4470,4064,3528,3485,3693,3477,3269,-12.9161,-5.86,8.56905,48.4513
26969,3186,3479,3631,3522,3370,3884,4827,4341,3717,4529,7863,6289,3650,4384,6042,5523,10.9442,10.9045,8.73593,48.158
26970,3393,3333,3298,3086,4025,3880,3450,3332,5806,5491,3944,3520,9017,8343,4486,3634,23.7799,-15.9871,8.62958,48.0253
26971,3400,3602,4640,5772,3373,3828,5571,9357,3295,3641,4631,6270,3188,3487,3755,4131,-5.93821,24.5491,8.68391,47.9607
26972,9706,5910,4082,3360,7936,5327,3801,3430,4392,4011,3494,3250,3460,3664,3282,3131,-17.6205,-23.8364,8.59212,48.1573
26973,3438,3429,3268,3154,4047,3846,3365,3173,7538,4874,3841,3413,11173,5610,3927,3269,20.5218,-31.4047,8.91833,47.5767
26974,4086,4280,3907,3534,4847,6870,4807,3738,4884,6863,4930,3719,4081,4379,3892,3486,0.258705,-6.93329,8.88436,48.202
26975,3444,3461,3294,3093,3806,3974,3716,3302,4916,6244,4640,3863,6062,8861,5679,3916,20.5068,-7.71772,8.71597,48.1807
26976,3727,4136,4117,3695,4046,5712,6091,4156,4101,5985,6138,4224,3826,4165,4247,3787,0.651086,0.710752,8.56529,48.102
26977,7724,5049,3791,3479,9668,5464,3762,3413,5178,4260,3631,3176,3781,3628,3310,3105,-11.5861,-26.8319,8.85982,48.2793
26978,3173,3617,4503,5491,3382,3755,5019,9450,3306,3736,4651,7002,3274,3470,3864,4198,-4.17504,31.5559,8.90449,47.9273
26979,3871,4289,4397,3749,4396,6565,6017,4096,4275,5813,5403,3980,3701,4059,4029,3608,-1.74672,-1.37485,8.82143,48.1653
26980,3037,3320,3352,3412,3209,3403,3852,4072,3385,4017,5212,6324,3477,4178,7268,10464,23.3772,20.1341,8.71479,47.988
26981,3314,3359,3705,3806,3259,3530,4426,5366,3221,3861,5269,9983,3315,3754,4911,7091,9.98867,29.0763,8.85448,48.1133
26982,3091,3408,3749,3912,3330,3701,4528,5933,3318,3962,5838,9176,3179,3726,4800,6175,7.63431,23.0709,8.838,47.884
26983,3263,3479,3359,3170,3786,4041,3840,3473,4890,6611,4920,3837,5740,8324,5644,3927,18.5283,-6.51478,8.71539,48.2027
26984,5040,4231,3660,3377,8939,4989,3593,3350,7611,4872,3749,3221,4386,3994,3455,3241,-1.81078,-33.4687,8.99934,47.8053
26985,5212,8933,6861,4399,4336,5636,5031,4002,3647,3756,3762,3483,3247,3417,3384,3349,-23.5981,-3.26857,8.97343,48.3033
26986,4530,3963,3498,3131,7233,4858,3702,3312,9029,5440,3769,3339,5162,4318,3496,3165,2.98772,-25.6064,8.79417,47.9633
26987,3279,3394,3324,3101,3688,3758,3718,3495,4520,5594,4845,3969,5445,9084,6783,4401,23.2438,-4.05223,8.7982,48.2653
26988,3332,3588,3959,3996,3438,4169,5666,4878,3730,4666,8017,5733,3580,4067,5017,4574,5.38542,10.276,8.96105,48.2733
26989,3615,4237,5076,4493,3715,5180,8007,5262,3583,4356,5654,4590,3413,3717,3882,3808,-5.27201,7.91779,8.59922,48.392
26990,3287,3403,3369,3176,3749,3734,3711,3299,4566,5317,4678,3871,5678,9670,6369,4049,32.5784,-5.39104,8.84108,47.9507
26991,4738,8182,8020,4667,4167,5177,5147,4157,3490,3754,3814,3734,3221,3297,3334,3280,-25.2449,0.225165,8.62627,48.1193
26992,3715,3783,3530,3189,4727,5141,3891,3427,6559,7834,4687,3515,5355,5528,4078,3543,8.60696,-12.5003,8.60658,48.3347
26993,3286,3567,3986,4456,3275,3601,4743,7777,3303,3818,4989,8970,3352,3630,4240,5014,1.74588,31.7246,8.88147,48.0047
26994,10831,7699,4235,3507,5749,4983,3939,3358,3820,3757,3600,3336,3494,3399,3171,3131,-27.099,-19.585,8.65403,48.006
26995,3398,3294,3206,3028,4102,3976,3600,3200,7697,4938,3750,3457,10806,5633,3855,3340,19.3946,-33.0859,8.9485,47.52
26996,5296,4494,3700,3319,8359,6012,4021,3385,6494,5099,3724,3364,4185,3959,3499,3182,-3.64018,-20.4209,8.93118,48.0613
26997,3855,3692,3403,3085,5744,4263,3578,3318,10114,5118,3649,3425,6655,4853,3712,3348,8.76273,-30.3843,8.91825,47.8747
26998,3420,3668,4193,3773,3640,4345,5839,4813,3603,4940,7857,5490,3500,4103,4923,4572,4.41798,9.22356,8.52195,48.4527
26999,3973,3936,3510,3160,5758,5043,3777,3411,7895,6827,4139,3478,5466,4798,3792,3391,6.23831,-17.6065,8.71643,48.236
27000,3771,4256,4450,3856,4135,6100,6566,4292,4015,5453,5839,4235,3644,4082,3946,3807,-1.91763,1.14496,8.81811,48.298
27001,10026,7495,4342,3433,6366,5356,3912,3422,4057,3790,3426,3299,3413,3398,3206,3075,-22.637,-19.1735,8.87557,48.0107
27002,3425,4117,7151,11548,3290,3819,4940,5861,3336,3438,3709,4054,3181,3295,3348,3369,-28.6888,21.7163,8.73596,47.9207
27003,3366,3500,3385,3154,3905,4154,3823,3446,5170,6879,5008,3874,5511,7941,5409,3922,17.0772,-7.19787,8.70118,48.298
27004,4070,6150,8922,5605,3966,4938,6112,4768,3373,3667,3887,3732,3200,3350,3424,3291,-21.1826,5.61802,8.79581,48.3033
27005,3159,3359,3436,3373,3365,3741,4318,3935,3754,4672,6894,5371,4008,5230,8016,5736,17.253,8.6226,8.7098,48.2447
27006,3161,3261,3350,3491,3265,3574,3813,3826,3652,4104,5544,5223,3648,4954,9246,8102,25.0181,13.135,8.8037,48.1427
27007,3174,3262,3474,3444,3234,3603,4079,4113,3519,4027,5780,6618,3625,4233,7434,8711,19.6502,17.4161,8.69815,48.22
27008,6111,7062,4702,3593,5849,7134,4514,3482,4133,4337,3912,3437,3544,3466,3410,3224,-15.1167,-11.1341,8.58759,47.94
27009,3679,3990,4377,4006,3859,5273,6706,4609,3900,5114,6537,4565,3561,3925,4238,3920,-0.675949,4.61443,8.59722,48.1727
27010,3144,3227,3392,3325,3275,3661,3869,3780,3499,4133,5354,5235,3517,4971,9279,8094,30.5191,12.8704,8.67473,47.8367
27011,3165,3194,3329,3233,3436,3658,3755,3647,4056,4654,5087,4313,4375,7616,9218,5138,29.6327,2.28345,8.96498,47.916
27012,3319,3848,5757,10926,3459,3860,5078,7751,3195,3394,3943,4101,3271,3221,3455,3498,-19.8261,31.6535,8.50802,48.0507
27013,3062,3279,3542,3423,3141,3530,4017,4307,3433,3885,5530,7438,3500,4108,6608,9560,18.6389,20.7009,8.80773,48.242
27014,3780,5299,9636,7410,3630,4362,5055,5097,3341,3704,3793,3689,3038,3286,3408,3329,-31.1868,10.8961,8.79376,47.9047
27015,3400,3719,3829,3391,4171,5126,4570,3729,4800,7658,5995,4016,4241,5197,4550,3849,6.78979,-3.75675,8.84673,48.1607
27016,3426,4256,6295,6812,3507,4211,6663,7556,3256,3641,4339,4566,3033,3324,3555,3610,-13.4311,16.6963,8.88276,48.0333
27017,3122,3178,3441,3463,3220,3428,3862,4440,3405,3870,5107,8039,3373,3868,5757,10202,17.9464,28.2126,8.87616,47.85
27018,3922,4463,4181,3604,4675,7079,5729,3817,4398,5985,5132,4001,3749,4100,3966,3512,-1.81892,-3.36463,8.92044,48.2087
27019,3173,3192,3459,3315,3442,3627,3821,3768,3779,4676,5646,4835,4000,5854,9431,6162,24.3748,7.72929,8.51328,48.12
27020,6227,4840,3701,3275,9139,5948,3809,3316,5731,4502,3685,3312,4004,3819,3359,3185,-7.80735,-22.2758,8.66384,47.9013
27021,3515,4222,6599,8753,3376,3975,5822,7209,3289,3489,4164,4340,3073,3296,3453,3522,-17.5962,19.2715,8.55839,48.0647
27022,3381,3607,3943,4069,3349,3994,5467,5564,3465,4261,7180,6930,3359,3816,4829,4991,4.53829,14.9844,8.87416,48.1367
27023,12482,6193,3944,3381,5984,4789,3743,3353,3962,3823,3426,3229,3425,3415,3241,3234,-32.3366,-27.4152,8.53757,47.7493
27024,3372,3223,3280,3232,3697,3814,3771,3490,4526,5239,4726,3929,5675,9479,6593,4098,33.4132,-5.16584,8.67595,48.096
27025,4164,6622,9046,5548,3894,4726,5604,4535,3454,3668,3935,3727,3193,3335,3410,3263,-22.9761,4.92407,8.66201,48.0827
27026,3267,3373,3332,3274,3654,3844,3814,3507,4264,5093,4922,3864,4880,8913,7586,4439,33.6413,-2.02193,8.85555,48.0173
27027,4533,7970,8437,4754,4143,4883,5022,4117,3582,3832,3844,3521,3255,3298,3285,3267,-32.8963,0.663368,8.69433,47.8287
27028,3558,4397,8256,10173,3397,3989,5174,5782,3232,3549,3765,3932,3116,3241,3388,3379,-25.5708,17.8352,8.97139,48.2187
27029,4785,4961,4022,3546,6157,7689,4710,3665,4870,5684,3969,3473,3870,3958,3598,3364,-5.21148,-11.4343,8.55345,48.214
27030,3276,3350,3345,3158,3661,3855,3501,3426,4804,5585,4326,3782,6695,9715,5829,3870,25.8459,-8.79127,8.57583,48.1187
27031,3640,3485,3305,3087,4760,4078,3491,3211,8909,5449,3868,3416,8635,5611,3952,3364,14.5926,-24.5324,8.71939,48.174
27032,5310,8855,7044,4324,4491,5592,5046,4058,3713,3840,3673,3399,3338,3296,3305,3224,-23.5243,-3.55257,8.55165,48.3387
27033,4533,7311,8832,5103,3931,4901,5299,4315,3357,3822,3880,3595,3235,3278,3302,3349,-24.553,2.30662,8.9033,48.0287
27034,4764,4201,3607,3204,7963,5728,3892,3314,7255,5492,3918,3414,4448,4159,3660,3184,-1.1314,-20.2944,8.88408,48.1353
27035,4229,3972,3403,3234,6244,5114,3797,3492,8248,6239,4051,3405,5266,4674,3640,3345,4.22515,-19.4683,8.79564,48.2353
27036,9309,5831,3893,3317,8318,5473,3854,3254,4454,4079,3632,3153,3567,3459,3218,3071,-16.3006,-23.8745,8.89155,47.9213
27037,3591,3439,3319,3034,4263,3955,3511,3340,7056,5498,3881,3497,9569,6545,4076,3509,19.3423,-21.2799,8.5879,48.0553
27038,3222,3260,3402,3453,3241,3489,3794,3949,3354,3782,4970,6013,3377,4076,7023,11236,33.2418,21.5007,8.59092,47.7607
27039,3191,3281,3265,3370,3361,3683,3875,3945,3540,4289,5970,5497,3732,4857,8976,7400,21.8538,12.1704,8.87284,48.1547
27040,3603,3633,3452,3169,4545,4348,3594,3320,7629,6653,4327,3485,7156,6180,4066,3589,13.6305,-17.3066,8.70697,48.4993
27041,3039,3226,3368,3322,3264,3485,3829,3809,3575,4087,5099,5676,3605,4501,8572,9426,27.4457,16.1544,8.70835,47.922
27042,3129,3419,3690,3620,3400,3732,4542,4845,3566,4209,6942,7564,3501,4172,5919,6358,11.636,16.5574,8.74955,48.4053
27043,3443,3919,5700,10417,3439,3740,5031,7925,3240,3429,3927,4305,3079,3262,3441,3491,-18.7784,27.754,8.70121,47.8587
27044,3433,3769,4237,3967,3680,4701,6545,4808,3763,4867,7233,5129,3454,3921,4578,4119,1.34287,7.69837,8.56853,48.136
27045,8509,5397,3939,3318,8977,5448,3849,3404,4866,4093,3560,3207,3651,3621,3269,3168,-14.1719,-24.9531,8.71708,48.184
27046,3329,3356,3404,3252,3546,3699,3707,3613,4144,4861,4943,4170,4760,7969,8548,4983,28.0413,0.777756,8.89307,48.1893
27047,3514,3495,3424,3225,4135,4624,4030,3509,5156,7822,5374,3912,4906,6358,4995,3937,12.0425,-6.01039,8.5857,48.2773
27048,3479,3526,3307,3150,4113,4318,3700,3372,6130,6790,4280,3551,6643,7551,4699,3628,16.4924,-12.5721,8.79111,48.158
27049,3411,3894,6250,12590,3287,3753,4815,6004,3172,3519,3714,3950,3152,3310,3348,3361,-31.6527,27.1097,8.92422,47.6867
27050,3451,3867,5761,10999,3325,3827,4960,7651,3239,3410,3872,4476,3141,3191,3450,3468,-19.7635,28.7753,8.59149,48.0587
27051,3621,4145,4454,4047,3737,5079,6955,4748,3925,4946,6778,4634,3544,3982,4278,3939,-0.663936,5.69085,8.64466,48.5413
27052,5115,7611,6569,4406,4462,6123,5339,4019,3658,4104,3906,3622,3449,3330,3413,3284,-19.1113,-2.32425,8.67567,48.2733
27053,3196,3313,3318,3434,3292,3697,3839,3735,3581,4414,5304,4912,3696,5336,9914,6865,33.971,9.62021,8.65356,47.8973
27054,3163,3199,3305,3509,3255,3531,4038,4453,3447,3761,5061,7893,3360,3934,5586,10279,17.74,31.4243,8.51043,47.8493
27055,3435,3338,3194,3192,3846,3720,3414,3229,6090,4794,3744,3411,12735,6239,3993,3300,29.3511,-26.3448,8.91299,47.7827
27056,3457,3301,3153,3103,4016,3826,3545,3268,6530,4727,3784,3329,12081,6121,3920,3411,24.4881,-27.3303,8.88409,47.7147
27057,3372,3507,3248,3288,3894,4236,3835,3457,5121,6854,4969,3731,5701,7729,5186,3939,16.8766,-7.96943,8.5075,48.0447
27058,3074,3393,3370,3293,3275,3443,3801,3959,3458,3633,4842,6174,3372,3998,6100,12284,27.0335,28.913,8.5604,47.646
27059,3129,3308,3401,3456,3210,3339,3861,4082,3316,3871,4678,6347,3415,3970,6236,12308,27.0416,26.3892,8.83198,47.9513
27060,5391,8967,7094,4391,4394,5277,4667,3985,3660,3821,3714,3603,3215,3279,3266,3245,-26.4707,-3.20495,8.65337,47.9793
27061,5161,8992,7546,4536,4340,4866,4897,4079,3685,3750,3696,3471,3290,3327,3369,3274,-31.6588,-2.32053,8.90818,48.186
27062,7916,9337,5106,3681,5234,5370,4228,3582,3921,3888,3595,3342,3341,3365,3192,3042,-25.4782,-12.486,8.65696,48.0933
27063,3377,3396,3435,3322,3667,4118,4073,3635,4347,6112,6042,4166,4597,6981,6768,4488,17.1719,-0.61006,8.57284,48.3493
27064,4019,5227,6056,4603,3940,5958,7426,4752,3681,4098,4509,4023,3284,3476,3604,3523,-11.6906,3.34694,8.64024,48.1193
27065,3441,4074,6747,12066,3375,3814,4718,6165,3132,3366,3738,3991,3096,3132,3406,3478,-26.6085,23.8986,8.8982,47.826
27066,3493,3448,3344,3114,4214,3864,3564,3185,6387,5512,4132,3437,9295,7481,4334,3499,20.9877,-18.0798,8.6682,48.202
27067,3613,3467,3216,2995,4763,4136,3595,3236,8872,5588,3863,3333,8510,5546,3923,3403,14.5031,-23.3861,8.97244,48.0393
27068,5177,4681,3704,3343,7813,6501,4146,3492,6024,5256,3773,3356,4220,4047,3379,3301,-4.54471,-17.8368,8.6646,48.142
27069,3406,3428,3149,3165,3862,3774,3604,3183,5738,5093,3985,3557,10360,8169,4270,3454,29.9786,-18.0788,8.95809,48.1313
27070,3371,3603,3624,3500,3652,4223,4726,3974,4056,5809,7680,4709,3855,4856,5832,4592,10.2197,4.17569,8.61294,48.0413
27071,3795,4867,6494,5067,3821,5310,7750,5278,3493,3912,4561,4078,3269,3456,3590,3539,-12.5699,7.143,8.70944,48.1867
27072,3273,3421,3334,3071,3697,3784,3640,3269,4802,5372,4329,3839,6426,9782,5841,3994,28.8366,-7.96865,8.70676,47.916
27073,3149,3221,3479,3373,3257,3547,3934,3996,3628,4284,5808,5339,3666,5039,9282,7236,23.01,11.8163,8.62489,48.1587
27074,3139,3137,3385,3438,3207,3586,3935,3984,3443,4013,5324,6282,3524,4261,7520,9697,22.4512,18.584,8.60715,47.9167
27075,3379,3384,3307,3143,3977,3822,3430,3260,6081,4962,3812,3306,11504,7001,4100,3525,27.6517,-22.1455,8.78995,47.9953
27076,3179,3150,3282,3466,3248,3428,3837,3896,3363,3954,5011,5780,3277,4161,7457,10824,32.9205,20.0973,8.5619,47.542
27077,3453,3604,3659,3377,3759,4471,4528,3942,4395,6753,6943,4457,4175,5339,5402,4203,10.1615,0.0146645,8.691,48.3067
27078,3369,3878,6079,12240,3342,3707,4710,6487,3216,3492,3944,3881,3060,3221,3434,3326,-25.1284,28.9441,8.83729,47.5907
27079,5944,9729,6304,4091,4659,5513,4570,3747,3727,4001,3636,3329,3210,3364,3147,3119,-24.3848,-6.25699,8.94274,48.06
27080,4256,4330,3795,3491,5547,6558,4385,3526,5695,6870,4419,3476,4264,4418,3859,3455,0.266887,-11.0771,8.58801,48.2293
27081,3192,3297,3277,3414,3302,3410,3801,3877,3400,3732,4721,5907,3427,3970,6012,12624,28.1556,31.6976,8.76015,47.5753
27082,3245,3362,3407,3253,3723,3832,3627,3431,4538,5281,4657,3825,5644,9704,6572,4194,33.2041,-5.15672,8.55262,48.1967
27083,12283,6598,3996,3357,6014,4888,3739,3491,3910,3855,3491,3214,3372,3382,3172,3136,-30.271,-24.9227,8.62417,47.932
27084,3447,3813,6006,12253,3318,3812,4780,6579,3214,3422,3709,3940,3193,3290,3369,3407,-24.1154,29.3117,8.86705,47.7013
27085,3394,4038,7390,11400,3385,3929,5011,5824,3171,3544,3874,3922,3050,3325,3422,3417,-32.2838,20.6244,8.9224,48.064
27086,3321,3579,3930,3879,3498,4104,5619,4747,3557,4802,7880,5867,3562,4146,5159,4584,5.83726,9.95954,8.63747,48.156
27087,3853,5233,8098,5834,3690,4743,6886,5291,3443,3784,4161,4013,3223,3245,3462,3395,-17.4759,8.70696,8.69275,48.236
27088,4162,5933,8010,5451,3917,5030,6577,4822,3588,3787,4138,3794,3265,3312,3233,3383,-18.3855,5.54575,8.77264,48.268
27089,4883,4761,3832,3415,7199,6842,4178,3502,5967,5604,4086,3331,4036,4036,3556,3138,-3.4901,-15.9236,8.63402,48.244
27090,3434,4202,6056,6955,3499,4145,6553,7732,3237,3622,4320,4525,3167,3334,3520,3616,-13.2855,17.7218,8.51311,47.9447
27091,3161,3330,3355,3348,3376,3612,3740,3541,3801,4630,5297,4659,3974,6204,9759,6117,31.4562,6.89894,8.62933,47.936
27092,3724,4547,6115,5101,3761,5061,8069,5543,3389,3789,4707,4243,3202,3442,3619,3466,-11.0119,8.52241,8.67247,47.852
27093,3850,5848,9908,6510,3661,4482,5239,4635,3416,3738,3787,3711,3177,3366,3446,3339,-29.4569,8.0384,8.62179,48.0753
27094,3114,3205,3479,3516,3302,3513,3928,4347,3308,3852,5223,7454,3416,3959,6240,10194,19.1757,22.9484,8.80104,48.0333
27095,4274,6298,6578,4570,4236,6166,6609,4358,3652,4117,4156,3711,3298,3543,3512,3436,-15.1571,1.21541,8.89741,48.3427
27096,3464,4091,5994,5871,3427,4438,7465,7102,3449,3742,4616,4615,3208,3381,3754,3697,-10.734,14.004,8.71905,48.2093
27097,4813,4927,4113,3547,6186,8043,4501,3576,4976,5536,4179,3539,3873,3967,3572,3286,-5.67723,-11.8569,8.97091,48.4227
27098,12534,6082,3930,3441,5961,4590,3799,3355,3904,3763,3411,3218,3293,3285,3241,3165,-31.2423,-31.902,8.70822,47.3147
27099,3596,3402,3284,3056,4565,4145,3527,3193,8702,5298,3866,3365,9598,5349,3923,3295,16.0699,-28.9957,8.90263,48.1093
27100,3938,5521,8585,6013,3728,4713,6456,4955,3413,3725,4100,3831,3163,3290,3491,3367,-19.6116,7.73097,8.66536,48.1927
27101,3828,4261,4479,3847,4083,5969,6790,4409,4024,5334,5898,4257,3572,4124,4031,3789,-1.87394,1.94228,8.70797,48.4633
27102,3177,3398,3882,3986,3231,3613,4403,6240,3389,3845,5171,10167,3331,3762,4684,5961,6.3925,32.7518,8.95326,48.16
27103,3935,4478,4344,3743,4578,7064,5645,4103,4287,6031,4997,3868,3654,3990,3900,3465,-2.74493,-3.42826,8.58157,48.0547
27104,3185,3371,3420,3284,3401,3813,3938,3736,4059,5189,6160,4480,4341,6457,8282,5112,20.018,3.06455,8.79671,48.152
27105,3797,4062,3800,3454,4296,5659,4655,3727,4798,7505,5640,3943,4150,4767,4284,3829,4.79602,-4.51539,8.67686,48.244
27106,3097,3344,3583,3604,3330,3540,4276,4610,3432,3971,6001,8083,3411,3924,5976,7810,14.5803,20.2584,8.59029,47.9947
27107,3447,4171,7221,10025,3435,3939,5463,6671,3223,3562,3919,4069,2935,3222,3438,3364,-21.2079,19.6862,8.8003,48.0693
27108,3294,3277,3290,3215,3608,3737,3707,3474,4254,4954,4876,3971,5012,8780,7545,4535,29.4138,-1.88721,8.57879,47.686
27109,4211,6849,9453,5485,3846,4611,5323,4499,3479,3790,3956,3613,3227,3353,3323,3311,-32.1607,4.67308,8.53637,48.2193
27110,3827,3859,3569,3323,4575,5364,4252,3626,5592,8133,4902,3866,4722,5221,4225,3532,6.54317,-9.00073,8.5987,48.392
27111,3205,3260,3372,3330,3429,3655,3814,3646,3932,4875,5021,4411,4363,7339,9158,5322,30.3167,3.26959,8.79544,48.088
27112,12678,6051,3913,3508,5980,4712,3721,3310,3842,3732,3413,3246,3243,3272,3304,3241,-29.1243,-33.3231,8.8543,47.444
27113,3226,3446,4071,4442,3328,3631,4680,7555,3286,3855,5115,8918,3216,3540,4376,5189,2.28095,31.6011,8.8116,47.916
27114,4646,4155,3571,3171,8091,4915,3639,3310,8449,5070,3836,3270,4873,4162,3598,3301,0.646417,-33.6994,8.95965,48.038
27115,4177,3929,3411,3162,6297,4711,3647,3319,9481,5694,3829,3432,5841,4688,3669,3254,5.77163,-22.973,8.92146,48.3607
27116,3353,3938,5561,6419,3436,4073,6534,8521,3348,3708,4592,5025,3053,3331,3682,3800,-10.0792,18.99,8.9932,48.2493
27117,3459,4192,6964,10732,3432,3885,5232,6503,3191,3458,3920,3962,3024,3263,3550,3463,-23.5219,21.0136,8.53228,48.1533
27118,3342,3447,3203,3023,4106,3880,3421,3252,6353,5224,3905,3455,10317,7470,4305,3330,23.1555,-19.1515,8.95003,48.022
27119,3140,3272,3365,3356,3327,3601,3767,3990,3516,4186,5274,5117,3600,4947,9401,8237,28.7933,13.1061,8.99014,48.064
27120,3246,3320,3348,3353,3355,3497,3745,3802,3797,4509,5218,4544,3917,6103,9996,6039,32.7304,6.80614,8.97762,47.8593
27121,3310,3425,3336,3172,3665,3819,3643,3463,4654,5546,4546,3693,5901,9477,6308,3987,24.602,-6.12671,8.53244,47.9633
27122,3509,4603,8532,9423,3398,3859,5190,5647,3215,3513,3888,3789,3143,3260,3341,3340,-26.5487,16.2543,8.76586,47.7667
27123,3645,3575,3249,3208,4813,4186,3598,3387,9341,5278,3804,3473,8232,5244,3918,3385,13.5214,-30.6511,8.56494,48.224
27124,5079,8794,7765,4500,4314,5178,4839,4079,3578,3749,3748,3518,3328,3304,3272,3218,-26.7879,-1.75373,8.9755,48.1753
27125,3425,4138,6289,7954,3489,4050,6187,7505,3196,3600,4070,4540,3155,3218,3555,3653,-15.6165,18.3343,8.68285,48.016
27126,3197,3269,3369,3296,3460,3680,3859,3676,3848,4655,5165,4598,4170,6577,9715,5592,33.6245,4.84164,8.77213,48.084
27127,3295,3658,4298,4509,3476,3979,6052,6650,3506,4128,6168,6838,3276,3729,4376,4606,0.540631,16.4998,8.69467,48.3627
27128,3506,4632,8622,9079,3550,4088,5287,5488,3268,3641,3772,3944,3158,3193,3427,3306,-26.6203,15.2042,8.7218,47.974
27129,3510,3500,3274,3092,4224,3992,3489,3203,7968,5167,3881,3389,9949,5958,4014,3311,17.8264,-25.5057,8.54397,47.9473
27130,3429,3394,3307,3122,4143,4109,3584,3261,6535,5564,4125,3499,9366,7335,4285,3470,20.4527,-18.5493,8.69776,48.352
27131,6871,9989,5505,3798,4929,5314,4283,3642,3671,4018,3656,3433,3256,3365,3259,3158,-32.3268,-9.64836,8.70309,48.098
27132,11636,6155,3956,3404,6972,4980,3749,3315,4172,3951,3470,3255,3392,3337,3190,3070,-22.3474,-25.9641,8.61346,48.0027
27133,3076,3418,3682,3686,3251,3605,4397,5187,3329,3869,5619,9326,3224,3819,5184,7455,11.1239,23.6047,8.72569,48.0847
27134,4489,4198,3566,3252,6654,5511,4001,3357,7651,6004,3981,3389,4972,4462,3587,3178,1.89625,-18.7506,8.6819,48.168
27135,4123,4386,4156,3636,4643,7064,5579,4028,4458,6227,5238,3851,3810,4121,3886,3552,-1.70033,-3.77475,8.73145,48.5053
27136,4700,6276,5542,4129,4599,7190,6031,4087,3809,4378,4191,3704,3380,3526,3446,3388,-13.0693,-2.52422,8.94432,48.2507
27137,4188,6697,9616,5784,3823,4574,5121,4458,3449,3591,3839,3681,3231,3304,3429,3304,-30.0407,5.04165,8.65229,48.0593
27138,3421,3964,6535,12260,3463,3806,4831,6255,3237,3320,3868,3989,3048,3166,3307,3468,-26.4443,24.9326,8.72062,47.9587
27139,11284,5916,4009,3328,7189,4972,3841,3403,4027,3766,3570,3244,3308,3383,3281,3121,-20.6846,-32.7459,8.95054,47.7613
27140,5067,4940,3911,3329,7409,6925,4217,3481,5499,5188,3879,3396,4115,3918,3514,3254,-5.44164,-16.182,8.55935,48.028
27141,3951,6046,9680,6084,3746,4450,5774,4623,3388,3694,3965,3806,3229,3272,3435,3214,-23.9594,7.3236,8.7912,48.238
27142,3191,3718,4536,5839,3377,3857,5387,9374,3349,3562,4675,6476,3148,3344,3971,4248,-5.35198,26.0402,8.5003,48.0347
27143,3358,3595,3466,3267,3868,4299,3960,3554,4955,7191,5175,3867,5135,7029,5308,4011,14.9175,-5.86766,8.68127,48.0253
27144,3028,3254,3390,3377,3243,3481,3773,3941,3388,3787,5001,6082,3339,4142,6875,11527,26.9704,22.8058,8.60555,47.752
27145,3189,3275,3342,3393,3349,3526,3944,3830,3682,4388,5189,4874,3852,5547,9753,6830,31.9895,9.51648,8.51903,47.9753
27146,3379,3503,3447,3372,3670,4188,4147,3654,4405,6878,6179,4201,4603,6706,6021,4235,14.5785,-1.70159,8.83349,48.392
27147,3197,3456,3759,3887,3241,3544,4349,5611,3385,3767,5253,9940,3341,3751,4808,7079,9.58082,28.9212,8.81205,48.2453
27148,4456,4037,3442,3095,7063,4857,3720,3281,9053,5360,3787,3364,5241,4409,3603,3253,2.96239,-24.8866,8.85301,48.014
27149,3050,3211,3404,3410,3261,3464,3615,3961,3295,3810,4744,6579,3409,3925,6070,12342,24.7866,28.9048,8.99889,47.7
27150,3475,3905,5873,9983,3449,3788,5164,8157,3196,3481,3860,4221,3133,3256,3550,3545,-18.1657,26.8161,8.68613,48.024
27151,3467,3433,3145,3097,3914,3866,3526,3242,6807,4843,3863,3367,11891,5919,3994,3383,23.4287,-28.4714,8.55888,47.838
27152,3221,3482,3977,3962,3452,3852,5481,5454,3410,4278,7205,7239,3318,3906,4953,5014,5.03731,15.1732,8.66748,48.136
27153,3268,3537,4045,4341,3323,3631,4673,6909,3383,3794,5080,9475,3336,3583,4405,5536,4.25864,30.8421,8.63168,48.2127
27154,3526,4195,6187,6616,3474,4233,7029,7210,3299,3802,4441,4534,3225,3490,3536,3645,-12.8219,15.1415,8.84096,48.2947
27155,3263,3855,5044,5884,3449,4125,6662,8434,3206,3764,4823,5419,3188,3496,3721,3913,-7.96666,18.4987,8.95436,48.164
27156,4984,8604,8020,4704,4176,4963,4969,4090,3605,3635,3700,3543,3269,3363,3345,3170,-29.7469,-0.989563,8.73051,48.0933
27157,4003,5106,6927,5248,3870,5225,7519,5176,3552,3804,4440,3864,3233,3415,3572,3458,-14.1221,6.89809,8.68006,48.2747
27158,3604,4172,5199,4603,3723,5027,8033,5422,3432,4145,5421,4506,3365,3671,3916,3727,-6.53949,8.73755,8.66815,47.9773
27159,3368,4116,6126,12680,3404,3752,4809,6036,3218,3458,3788,3903,3155,3248,3307,3377,-28.0426,29.3568,8.63758,47.83
27160,9046,6722,4253,3505,7100,5755,4029,3328,4258,4086,3542,3275,3444,3382,3220,3134,-18.2138,-18.6997,8.87159,48.0527
27161,3212,3219,3454,3403,3357,3564,3949,3806,3545,4194,6060,5626,3711,4866,8758,7557,21.6455,12.493,8.52963,48.1873
27162,7274,9739,5176,3722,5034,5134,4282,3700,3723,3830,3541,3261,3316,3466,3357,3257,-33.3662,-10.9726,8.99283,47.8747
27163,3629,4014,4114,3744,3993,5411,5966,4206,3929,5822,6698,4453,3915,4206,4376,3888,2.06458,2.1802,8.64213,48.2427
27164,4220,3924,3397,3273,6741,4553,3705,3239,9780,5230,3727,3294,5596,4448,3664,3252,4.98556,-29.4912,8.85323,48.0287
27165,3233,3376,3355,3128,3809,3708,3540,3366,4753,5189,4449,3829,6668,9944,5922,3885,30.4953,-8.28151,8.77215,48.1027
27166,6225,4733,3764,3317,9665,5529,3857,3391,5967,4366,3660,3266,3881,3840,3437,3296,-7.44877,-23.8032,8.82909,48.1293
27167,3396,3419,3254,3209,3947,3809,3488,3303,5364,4955,4071,3453,9380,8538,4552,3543,32.3807,-16.0974,8.79557,47.7873
27168,6316,6254,4267,3617,6760,7228,4396,3562,4528,4307,3679,3400,3585,3540,3438,3129,-13.2101,-14.3568,8.9228,48.004
27169,3091,3200,3383,3236,3303,3623,3867,3979,3522,4138,5450,5468,3606,4858,8801,8340,24.2649,14.1022,8.66606,47.91
27170,3283,3378,3389,3218,3625,3955,3837,3592,4262,5784,5811,4271,4690,7567,7131,4480,19.245,-0.542547,8.98333,48.182
27171,3682,3616,3455,3125,4713,4480,3657,3301,7484,6920,4295,3455,6354,5914,4160,3443,11.6987,-15.976,8.74249,48.036
27172,3126,3260,3542,3601,3275,3593,4027,4284,3317,4113,5905,7505,3527,4022,6526,8531,17.0063,18.9837,8.87052,48.1027
27173,9241,6102,3908,3432,7793,5481,4005,3381,4465,4000,3505,3206,3523,3515,3323,3114,-17.4494,-22.1,8.68543,47.996
27174,3112,3268,3454,3326,3300,3707,3839,3731,3674,4364,5895,4893,3824,5516,9501,6684,22.9554,8.92647,8.97353,48.0587
27175,3556,4468,6398,5617,3657,4721,7764,6154,3472,3924,4622,4498,3155,3406,3583,3642,-12.0892,11.2001,8.73567,48.4247
27176,9130,6465,4109,3516,7281,5563,4053,3477,4261,4050,3583,3073,3594,3563,3247,3187,-18.1521,-20.7139,8.61886,48.1013
27177,3118,3316,3332,3222,3340,3672,4024,3790,3890,4583,5604,4672,3868,6064,9784,6269,25.2744,7.11233,8.96805,48.3653
27178,3999,5891,10030,6415,3724,4445,5322,4764,3232,3591,3825,3777,3158,3269,3378,3209,-27.6993,7.66831,8.95695,48.0193
27179,5825,4665,3653,3282,9135,5939,3910,3437,5910,4738,3715,3336,4109,3915,3348,3126,-6.44484,-21.8636,8.99497,48.0287
27180,3366,3434,3162,3099,3998,4016,3541,3271,6165,5016,3841,3429,10851,7210,4218,3356,24.1449,-21.2746,8.7628,47.982
27181,9572,5579,3980,3447,8339,5127,3874,3412,4382,3984,3557,3240,3495,3508,3265,3227,-16.6581,-31.0713,8.66647,47.992
27182,3638,4489,5668,4656,3806,5125,8356,5421,3582,4088,4984,4407,3271,3633,3723,3580,-8.70898,8.1185,8.90895,48.2847
27183,6797,4962,3675,3395,9909,5225,3995,3431,5492,4438,3682,3329,3911,3704,3308,3142,-9.17959,-33.0627,8.84425,48.2633
27184,4429,7203,9198,5243,4058,4872,5085,4289,3334,3761,3694,3665,3220,3321,3259,3323,-33.8241,2.9129,8.93629,47.9693
27185,11873,6090,3897,3317,6682,4809,3831,3372,3981,3774,3531,3292,3427,3411,3172,3093,-23.7276,-29.4921,8.50134,47.7013
27186,3342,3404,3315,3163,3675,3792,3526,3357,4946,5306,4358,3694,6697,10148,5691,3792,32.7368,-8.83064,8.9048,48.1373
27187,5538,4541,3571,3324,9714,5116,3717,3325,6723,4703,3658,3330,4144,3818,3447,3190,-5.04044,-32.7436,8.97619,47.906
27188,6393,4719,3703,3354,9984,5305,3888,3378,5869,4378,3596,3173,4001,3792,3490,3260,-7.94924,-33.4904,8.746,48.1887
27189,9040,8738,4618,3667,5532,5149,4052,3514,4084,3820,3537,3327,3409,3384,3201,3030,-27.81,-15.6974,8.52699,48.068
27190,5496,8899,6308,4095,4660,6084,4776,3944,3710,4026,3823,3533,3263,3345,3349,3156,-21.3401,-5.43186,8.74867,48.3113
27191,3810,4345,4610,3925,4076,6129,6819,4325,4044,5329,5705,4083,3591,3873,4038,3680,-2.89123,1.39089,8.67612,48.2547
27192,3814,3826,3505,3341,4598,5063,3999,3426,6278,7976,4594,3636,5157,5496,4181,3542,8.21552,-11.3747,8.53155,48.288
27193,3340,3722,4718,5418,3452,4056,6573,8252,3360,3749,5186,6096,3174,3518,3948,4048,-5.14047,18.6109,8.93195,48.4067
27194,3436,3547,3845,3596,3583,4193,4772,3947,3895,5580,8156,4982,3734,4684,5834,4639,9.8349,5.58696,8.70444,48.282
27195,5442,4456,3677,3279,9297,5417,3741,3268,6830,4761,3660,3371,4377,3958,3383,3265,-3.92574,-25.5315,8.79773,48.1213
27196,3639,3943,4104,3802,3964,5326,6167,4306,3941,5770,6954,4379,3661,4174,4486,3960,1.71962,2.98907,8.90194,48.384
27197,4191,3909,3424,3209,6504,4649,3646,3304,9769,5193,3722,3340,5842,4634,3550,3346,5.62628,-30.0421,8.82038,48.1547
27198,3364,3400,3253,3145,3822,3865,3551,3365,5115,5282,4158,3586,7593,9670,5152,3671,27.5222,-11.5896,8.70156,47.9947
27199,3052,3247,3408,3280,3426,3531,3863,3882,3525,4101,5415,5355,3542,4875,8921,8511,25.43,13.9248,8.80776,47.956
27200,5811,8069,5551,3835,5051,6598,4863,3744,3820,4026,3767,3590,3385,3430,3301,3212,-18.4901,-7.4602,8.53502,48.0353
27201,3044,3330,3682,3799,3312,3583,4211,5245,3476,3783,5404,9555,3362,3715,5121,7218,11.0185,27.3924,8.51362,47.8933
27202,4464,4134,3636,3293,6960,5712,3966,3470,7362,5871,3878,3528,4800,4301,3687,3236,1.03161,-18.9289,8.74637,48.1987
27203,3344,3699,4311,5129,3366,3798,5001,8856,3331,3750,4759,7637,3210,3555,4065,4465,-2.01291,31.4939,8.79564,48.184
27204,4536,7533,8439,4818,4143,5176,5341,4164,3568,3680,3767,3594,3305,3328,3403,3342,-23.7377,1.42609,8.81422,48.0913
27205,4993,6910,5419,3872,4926,7417,5328,3800,3950,4361,3907,3602,3367,3488,3475,3284,-14.437,-5.73261,8.60871,48.066
27206,3841,5689,9981,6634,3680,4436,5152,4886,3401,3498,3794,3728,3161,3324,3351,3302,-31.9057,8.87881,8.75724,47.9053
27207,3617,3674,3672,3388,4020,4859,4588,3755,4553,7319,6385,4209,4247,5253,4897,3921,8.38446,-1.99001,8.79873,48.238
27208,5015,5960,4549,3753,5514,8125,5121,3804,4223,4766,3973,3550,3636,3663,3440,3248,-10.4063,-8.24903,8.89691,48.2267
27209,3283,3859,4943,7621,3353,3756,5440,9447,3352,3532,4225,5178,3121,3283,3734,3722,-11.4536,25.4096,8.76117,47.8993
27210,3882,5321,9416,6620,3825,4488,5782,5039,3301,3606,3866,3837,3162,3340,3357,3396,-23.5318,9.43374,8.57797,48.1587
27211,3351,3541,3446,3261,3678,4193,4227,3613,4334,6433,6409,4215,4363,6150,6316,4468,14.3693,0.195518,8.91192,47.9987
27212,3143,3272,3313,3396,3206,3472,3786,3916,3390,3697,4746,6050,3325,3898,6058,12743,29.3008,28.9591,8.86292,47.6073
27213,3804,3834,3383,3190,4684,4851,3759,3236,6920,7721,4386,3531,5645,5770,4145,3444,10.0645,-13.5574,8.95333,48.202
27214,3456,4278,7988,10131,3418,3938,5174,5610,3278,3550,3832,3883,3152,3251,3426,3370,-32.6242,18.0431,8.51998,47.8233
27215,3395,3501,3441,3150,3838,4285,3846,3377,5005,7125,5330,3814,5205,7377,5442,4014,15.8553,-5.94,8.57598,48.0967
27216,3315,3315,3254,3287,3665,3781,3584,3507,4297,5145,4717,4054,5067,8730,7845,4546,29.2117,-1.29657,8.69494,48.0727
27217,3327,3403,3439,3313,3457,3843,3997,3811,4008,5286,6448,4703,4125,5875,7803,5167,17.775,4.54136,8.87795,48.0033
27218,3189,3215,3455,3439,3164,3485,4002,4364,3436,3775,5159,7800,3433,3992,5672,10281,18.5945,30.5908,8.67479,47.9073
27219,3021,3323,3349,3316,3316,3580,3846,3922,3597,4291,5439,5309,3669,5038,9172,7850,25.4217,12.5545,8.58024,48.0253
27220,3400,3493,3382,3146,3950,4257,3906,3497,4927,7103,5266,3965,5158,7247,5526,4006,15.7537,-5.09282,8.70413,48.1527
27221,3144,3359,3403,3277,3454,3782,3881,3696,3752,4600,5396,4522,4156,6379,9410,5938,25.5204,5.36244,8.61048,48.0993
27222,3502,4072,6765,7697,3491,3955,6449,7139,3455,3729,4247,4462,3128,3253,3444,3568,-16.0489,17.1083,8.7133,48.2373
27223,3658,4281,5074,4467,3775,5216,7897,5391,3667,4388,5446,4444,3415,3607,4035,3759,-6.07898,7.21272,8.61858,48.3467
27224,3497,4446,7809,8713,3388,4012,5803,6276,3280,3569,3985,4129,3216,3316,3444,3495,-20.6743,16.7186,8.58479,48.252
27225,3445,4118,6512,11632,3307,3767,4913,6382,3226,3511,3847,4094,3070,3215,3463,3371,-25.1707,24.1721,8.79064,47.9153
27226,3242,3462,3610,3588,3405,3949,4568,4167,3705,5049,7993,5603,3622,4610,6286,5243,11.5706,8.64766,8.7398,48.068
27227,4173,3802,3437,3176,6738,4859,3621,3319,8798,5584,3835,3406,5444,4526,3611,3259,4.40712,-23.0881,8.7871,47.7253
27228,4895,4590,3732,3377,7916,6006,3976,3387,6687,5510,3783,3381,4310,4039,3451,3207,-2.46329,-18.8598,8.96815,48.1647
27229,3439,3987,5833,7514,3376,4151,6130,8237,3266,3577,4289,4705,3097,3324,3595,3655,-13.6615,20.0513,8.58986,48.1167
27230,3156,3239,3348,3403,3190,3456,3742,4001,3314,3807,4838,6092,3347,3794,6171,12529,33.4942,26.9561,8.88972,47.618
27231,3129,3356,3570,3610,3320,3663,4462,4396,3542,4248,6954,7199,3580,4186,6304,6657,12.9113,15.6126,8.89857,48.1173
27232,3157,3348,3493,3573,3296,3564,4124,5040,3329,3732,5381,9328,3264,3817,5321,8311,13.3744,27.0928,8.88941,48.052
27233,3445,3830,5379,8768,3310,3878,5302,9052,3214,3523,4027,4697,3150,3213,3509,3570,-14.3978,28.2583,8.8436,47.9113
27234,4307,7253,9341,5298,3945,4692,5010,4308,3522,3822,3779,3682,3183,3290,3257,3234,-29.0352,3.2958,8.94642,47.9487
27235,3315,3843,6509,12513,3362,3720,4919,5805,3282,3401,3772,4011,3211,3187,3446,3374,-29.4306,25.209,8.79585,47.78
27236,3188,3248,3606,3423,3381,3627,4220,4602,3488,4134,6534,7688,3554,4032,6367,7396,14.0799,17.6737,8.87195,48.3253
27237,3152,3198,3475,3469,3163,3575,4025,4431,3337,3857,5196,8286,3506,4008,5447,9625,16.6452,33.0526,8.53478,47.8333
27238,8242,9298,4852,3645,5305,5189,4128,3546,4034,3751,3485,3329,3371,3341,3276,3100,-32.9721,-13.2979,8.74726,47.928
27239,3106,3242,3359,3317,3410,3578,3899,3892,3730,4597,6034,4909,3915,5684,9271,6124,21.2765,7.87711,8.92305,48.0447
27240,3021,3251,3446,3564,3242,3539,3984,4486,3361,3938,5255,8172,3436,4056,5508,9567,16.5647,24.9652,8.50551,47.884
27241,3248,3335,3372,3357,3469,3777,3803,3668,3925,4828,5646,4489,4227,6918,9050,5388,24.0143,3.89038,8.56223,48.3333
27242,5611,6681,4609,3702,5714,7576,4878,3687,4238,4525,3873,3444,3523,3507,3339,3284,-12.9375,-9.77242,8.54325,48.1273
27243,3184,3656,4264,5348,3287,3716,5400,8896,3244,3793,4890,7292,3260,3518,4029,4408,-2.74777,24.9455,8.74442,48.1233
27244,12367,5967,3949,3416,6447,4812,3846,3415,3915,3726,3278,3232,3291,3395,3077,3201,-24.3496,-32.9488,8.96227,47.556
27245,4333,3994,3568,3176,7016,4618,3705,3298,9279,5152,3793,3339,5220,4493,3707,3298,3.39918,-33.45,8.82067,47.9927
27246,7062,5473,3844,3447,8780,6057,4034,3339,5036,4437,3681,3376,3834,3569,3381,3083,-11.627,-20.6387,8.70138,48.2887
27247,4881,5083,4062,3425,6242,7757,4504,3605,4930,5450,4082,3523,3951,4026,3539,3366,-5.81347,-11.7522,8.57366,48.284
27248,3054,3144,3406,3409,3167,3499,3805,4038,3388,4093,5332,6190,3510,4382,7710,9683,22.6684,18.1639,8.93138,47.8733
27249,3327,3376,3318,3040,3950,3849,3455,3213,5927,4921,3871,3457,11536,7167,4068,3410,27.912,-21.4329,8.70169,47.9233
27250,4830,6499,5348,4044,4733,7409,5722,4051,3934,4468,3997,3599,3446,3637,3452,3367,-13.2991,-4.31694,8.6168,48.3573
27251,3464,4293,6953,8863,3552,3994,5855,6852,3223,3696,4013,4175,3141,3265,3401,3447,-18.3363,18.4679,8.91215,48.1247
27252,3277,3330,3332,3291,3551,3745,3865,3608,4346,5437,5010,4177,5067,8617,7218,4550,22.9816,-2.15239,8.79993,48.2807
27253,3286,3942,5691,9577,3338,3801,5428,8190,3240,3479,4024,4596,3177,3303,3401,3664,-16.7039,25.2888,8.91656,48.0913
27254,3376,4069,6489,12024,3386,3865,4826,6294,3258,3518,3816,3930,3036,3221,3314,3415,-25.9636,24.1083,8.85417,47.8913
27255,3381,3674,3971,3920,3727,4409,5922,4767,3762,4954,7857,5483,3461,4119,4907,4487,4.28408,8.93807,8.74133,48.534
27256,3328,3495,3678,3454,3511,4038,4543,4091,4009,5840,7714,5079,3913,4948,6114,4606,11.3407,5.12599,8.84639,48.2407
27257,3121,3236,3373,3350,3195,3488,3879,4005,3562,3978,5248,5861,3520,4377,7809,9900,24.0948,17.8695,8.76686,47.9347
27258,12547,6140,3958,3404,6067,4834,3727,3281,3889,3777,3465,3218,3313,3440,3280,3055,-26.5459,-33.4912,8.83657,47.5967
27259,3610,3375,3265,3087,4443,3987,3575,3142,7768,5314,3988,3369,9752,6063,4048,3369,17.8203,-23.7741,8.81314,48.1033
27260,3344,3228,3552,3298,3187,3389,3744,3931,3467,3751,4663,6031,3362,3834,5826,12617,33.3813,29.5705,8.94288,47.4827
27261,3101,3208,3385,3317,3220,3456,3838,3868,3357,3875,4897,5981,3387,4065,6754,12059,29.9795,23.3686,8.643,47.8453
27262,4040,5957,9885,6343,3750,4498,5439,4789,3368,3578,3734,3675,3131,3273,3303,3243,-25.9786,7.59375,8.89894,48.004
27263,5784,9629,6391,4112,4570,5106,4443,3809,3779,3752,3728,3537,3450,3282,3333,3127,-31.6041,-5.72127,8.58815,47.888
27264,3261,3523,3762,3710,3557,4012,5010,4260,3833,5106,8137,5552,3673,4568,5770,4996,9.40976,8.00733,8.6371,48.4867
27265,3285,3314,3265,3124,3984,3858,3458,3178,5814,5300,4058,3461,9343,8267,4433,3588,23.9115,-16.9191,8.83869,47.82
27266,4288,3975,3407,3229,6898,4585,3579,3295,9755,5272,3784,3219,5601,4371,3553,3400,4.47515,-28.5778,8.87956,48.1407
27267,4295,7002,9381,5330,4047,4783,5123,4427,3447,3703,3790,3701,3197,3274,3501,3237,-32.4424,3.78404,8.64111,48.1587
27268,3141,3387,3567,3482,3336,3704,4261,4609,3422,4078,6501,7576,3407,4136,6369,7319,14.5906,17.4055,8.78294,48.1967
27269,3451,3954,4156,3726,3898,5265,6013,4285,4061,5787,6760,4403,3781,4244,4409,4021,1.9496,2.55665,8.72974,48.1427
27270,3067,3174,3393,3442,3220,3394,3727,3975,3343,3843,4786,6249,3444,3899,6214,12673,28.1179,27.509,8.91606,47.8953
27271,3248,3444,3780,3789,3437,3862,5087,4763,3615,4468,8100,6692,3598,4110,5564,5142,8.5629,12.5362,8.99407,48.466
27272,3861,5862,10112,6622,3717,4352,5224,4854,3361,3563,3848,3706,3094,3203,3407,3357,-27.6088,8.74851,8.80841,48.0953
27273,3310,3567,4224,4853,3394,3895,5473,7198,3390,3815,5830,7544,3302,3650,4250,4784,0.425507,19.4945,8.53698,48.3193
27274,3333,3368,3177,3139,4001,3749,3534,3205,6118,4834,3902,3356,12497,6221,3960,3554,30.4328,-25.9254,8.63601,47.9653
27275,6769,9744,5672,3834,4834,5162,4386,3789,3704,3812,3668,3337,3348,3277,3260,3190,-28.391,-9.17209,8.51586,47.8573
27276,3522,3907,4120,3987,3792,4970,6649,4708,3714,5094,6909,4789,3559,4014,4432,3899,0.363929,5.86244,8.78349,48.0433
27277,3881,3746,3387,3155,5617,4442,3671,3253,9597,5513,3805,3512,6796,4812,3835,3269,9.25572,-25.2141,8.66871,48.194
27278,3308,3841,5071,7640,3493,3852,5288,9520,3218,3566,4243,5082,3176,3301,3538,3716,-11.8982,30.8497,8.55228,47.902
27279,3416,3924,5031,5741,3418,4001,6710,8429,3362,3701,4886,5534,3191,3455,3847,3939,-7.19549,18.498,8.93699,48.39
27280,4083,4839,4633,3938,4496,7218,6554,4367,3955,5271,4902,3853,3614,3779,3783,3584,-5.74721,-1.23571,8.89617,48.5793
27281,3128,3333,3347,3254,3401,3650,3772,3730,3816,4622,5318,4517,4066,6324,9711,6107,27.7099,6.62057,8.75488,48.064
27282,3150,3398,3627,3768,3264,3720,4388,5011,3368,4004,6274,8756,3433,3993,5361,6683,11.148,20.1236,8.63067,48.132
27283,3769,4597,5562,4681,3862,5657,7941,5010,3593,4296,4804,4245,3279,3512,3785,3663,-9.19868,5.58772,8.75718,48.1707
27284,9763,7717,4240,3428,6157,5374,4109,3500,4075,3866,3528,3267,3373,3450,3388,3062,-23.0914,-18.3067,8.78365,48.198
27285,7129,9697,5310,3762,5027,5405,4312,3599,3761,3870,3564,3351,3390,3420,3287,3052,-25.6603,-10.3139,8.90205,47.9573
27286,3173,3339,3244,3332,3161,3384,3772,3901,3364,3719,4749,6016,3452,3855,5949,12677,27.9941,32.3026,8.92953,47.3913
27287,7477,5168,3695,3383,9781,5601,3922,3331,5213,4234,3445,3250,3797,3672,3264,2995,-10.9326,-24.8798,8.99331,48.152
27288,11915,6575,4039,3324,5936,4965,3784,3313,4089,3892,3437,3289,3411,3474,3309,3093,-32.9674,-23.7666,8.57218,47.8967
27289,3451,3982,5916,7316,3442,4211,6333,8024,3373,3744,4319,4613,3123,3364,3542,3617,-13.6838,18.6685,8.56352,48.2467
27290,4986,5140,4049,3589,6522,7734,4438,3637,4879,5257,4046,3433,3874,3783,3498,3300,-6.51818,-12.7637,8.53806,48.11
27291,3958,4656,5056,4166,4291,6464,7363,4495,3787,4631,4953,4060,3466,3689,3659,3491,-6.83931,1.79403,8.65337,48.1233
27292,3371,3728,4301,4531,3564,4047,6242,6408,3640,4156,6192,6476,3430,3747,4359,4420,-0.19136,15.5514,8.5373,48.408
27293,5071,8492,7820,4571,4274,5101,5004,4034,3592,3758,3761,3470,3377,3358,3268,3167,-25.6316,-1.3025,8.75593,48.0787
27294,4487,6021,5302,4161,4605,7346,6277,3961,3956,4513,4278,3652,3420,3624,3616,3365,-11.5351,-2.64367,8.72498,48.3893
27295,3566,3632,3188,3113,4543,4024,3464,3253,8953,5195,3756,3473,8874,5347,3823,3352,14.9754,-31.1846,8.71965,47.704
27296,3227,3531,3918,3785,3515,4319,5341,4514,3859,5074,8043,5554,3658,4151,5271,4672,6.80236,8.30167,8.73613,48.288
27297,3470,3671,3455,3232,3940,4479,4028,3558,4919,7579,5528,3917,4812,6536,5091,3873,13.1605,-5.76498,8.56593,48.0587
27298,3143,3305,3510,3438,3171,3561,4028,4394,3289,3822,5430,8226,3326,4006,5931,9516,17.2264,23.6138,8.81403,48.064
27299,10542,7765,4211,3497,6078,5000,3902,3404,3967,3780,3490,3197,3496,3335,3207,3068,-25.8268,-19.3756,8.65257,47.9593
27300,3067,3413,3877,4061,3223,3659,4548,6056,3400,3870,5424,9650,3205,3714,4659,6289,7.03547,26.1664,8.66472,48.0767
27301,3845,5404,9526,6892,3630,4340,5454,5113,3361,3591,3844,3816,3163,3282,3519,3329,-25.0974,9.97933,8.53876,48.0727
27302,3592,4589,8835,9041,3564,4086,5156,5409,3188,3547,3781,3899,3154,3219,3386,3349,-32.8948,15.1263,8.86296,47.8633
27303,3726,4345,5626,4813,3709,4913,8050,5704,3510,4038,5164,4535,3215,3463,3860,3698,-8.50854,9.28439,8.5077,48.246
27304,12447,5932,3887,3399,5857,4663,3799,3387,3729,3683,3400,3297,3392,3334,3282,3249,-33.1302,-33.7397,8.83005,47.158
27305,3533,3495,3332,3033,3957,3810,3430,3105,6709,5361,4008,3505,10021,7227,4149,3456,21.6521,-20.0837,8.69985,48.0873
27306,3287,3570,4177,4398,3299,3750,5054,7646,3452,3773,5398,8204,3265,3686,4285,5253,1.69465,22.9521,8.66523,48.3313
27307,3206,3386,3448,3289,3512,3913,4011,3790,4077,5040,6237,4544,4213,6036,8312,5210,19.3821,4.42297,8.57122,48.1493
27308,4179,5054,4983,3928,4457,7163,6888,4246,3892,4929,4663,3885,3426,3736,3607,3437,-7.99054,-0.948393,8.98975,48.3153
27309,3493,3359,3170,3069,4072,4114,3526,3370,6557,5605,4079,3461,9120,7451,4332,3447,20.5834,-18.2505,8.833,48.15
27310,3130,3275,3828,3982,3274,3504,4399,6055,3389,3775,5233,9878,3338,3742,4772,6305,7.37775,28.455,8.58216,47.9193
27311,3371,3791,5528,10079,3384,3864,5059,8236,3310,3565,3953,4394,3150,3205,3390,3530,-17.7296,29.2999,8.74251,47.8727
27312,3329,3846,4856,7024,3405,3840,5489,9760,3270,3561,4368,5533,3150,3346,3706,3812,-10.0476,25.8619,8.87398,48.1967
27313,3341,3839,5009,5882,3416,4050,6476,8700,3240,3689,4694,5537,3100,3401,3802,3932,-7.57282,19.5754,8.98789,48.072
27314,6170,4787,3659,3330,9348,5787,3965,3448,5824,4560,3786,3294,3829,3788,3436,3100,-7.44736,-22.3975,8.71857,48.074
27315,3423,3402,3244,3130,3883,3730,3403,3232,6148,4680,3873,3419,12767,5940,3840,3349,33.0767,-30.2989,8.74526,47.642
27316,3324,3826,5361,9144,3405,3831,5120,8983,3260,3535,4160,4645,3034,3152,3572,3490,-14.906,30.9125,8.93017,47.8947
27317,5182,4344,3641,3271,8827,5552,3817,3391,7222,4842,3846,3333,4304,3902,3593,3195,-2.92156,-23.6781,8.86889,48.1747
27318,3305,3758,4592,5915,3390,3926,5211,9687,3298,3631,4612,6280,3261,3343,3823,4129,-6.44614,33.1123,8.55757,48.1073
27319,3109,3110,3291,3413,3223,3573,3765,3908,3426,4078,5384,5476,3532,4639,8849,9009,25.7661,15.3339,8.80833,47.8567
27320,3425,3400,3180,3153,3934,3953,3536,3303,5135,5646,4299,3652,7484,9240,4996,3641,23.6089,-11.7206,8.55898,47.9847
27321,3396,3489,3517,3201,3887,4178,4022,3575,4792,7210,5426,4025,4968,7000,5616,4025,14.9296,-4.6974,8.51584,48.218
27322,3173,3373,3811,4059,3306,3671,4808,6111,3367,3963,5939,8986,3307,3714,4697,5724,5.94556,21.6358,8.72836,48.006
27323,11294,7343,4242,3361,6007,4978,3764,3390,3939,3801,3417,3266,3385,3385,3324,3064,-27.9138,-20.676,8.77285,47.9733
27324,3117,3243,3411,3420,3204,3636,3820,3713,3549,4250,5389,5236,3593,4859,9289,8186,27.1271,13.3304,8.71522,47.9433
27325,3392,3508,3608,3402,3797,4311,4514,3821,4213,6555,6957,4423,4206,5640,5711,4313,11.395,0.902465,8.82425,48.2473
27326,3822,3903,3683,3345,4661,5702,4495,3626,5178,7871,5325,3730,4363,4892,4110,3606,4.31425,-7.21859,8.63086,48.208
27327,4144,3853,3432,3179,6047,4843,3796,3432,8881,6060,3888,3367,5789,4693,3720,3306,6.09623,-20.8129,8.78636,48.2867
27328,6947,8848,5171,3806,5277,6115,4472,3665,3866,4034,3668,3295,3353,3385,3212,3163,-21.0905,-10.6876,8.75514,48.1847
27329,4915,8364,8041,4816,4186,5041,5045,4165,3594,3694,3715,3466,3224,3241,3329,3274,-26.3996,-0.340637,8.67341,48.0733
27330,4804,4199,3633,3267,8667,5257,3789,3384,7505,5152,3658,3319,4650,4122,3511,3145,-1.20657,-24.2357,8.81006,48.0413
27331,11467,5916,3983,3423,6913,4950,3842,3468,4009,3826,3525,3277,3370,3380,3309,3099,-21.8764,-33.0267,8.55878,47.838
27332,3155,3352,3821,4034,3301,3719,4614,5919,3341,4010,5780,9304,3292,3779,4804,6189,7.02961,22.8451,8.86462,48.276
27333,3202,3369,3311,3194,3670,3813,3772,3562,4292,5533,4913,4048,5143,8907,7034,4408,23.3264,-3.06875,8.65387,48.114
27334,10128,7202,4102,3466,6461,5343,4063,3567,4106,3978,3485,3266,3437,3276,3348,2964,-22.1118,-19.3906,8.74661,48.128
27335,3401,4212,6715,10683,3345,4010,5085,6716,3276,3449,3899,4195,3191,3149,3344,3398,-22.1459,21.7765,8.50857,48.0453
27336,3353,3956,6425,12322,3307,3832,4659,6045,3193,3323,3893,3993,3094,3264,3475,3313,-29.7107,25.8128,8.63548,47.6313
27337,3285,3227,3282,3259,3520,3669,3857,3746,4038,4815,5267,4412,4240,7086,9191,5273,33.9672,3.3993,8.60992,48.1113
27338,5074,5470,4374,3527,6055,8033,4905,3729,4642,4893,4058,3451,3648,3775,3556,3294,-8.79068,-10.6654,8.82527,48.3227
27339,3127,3368,3443,3375,3346,3603,4020,3944,3614,4833,6695,5284,3811,5141,8414,6102,18.4061,8.91881,8.98023,48.08
27340,12040,5966,3981,3372,6274,4822,3803,3435,3959,3880,3469,3289,3405,3324,3202,3112,-24.4526,-33.6289,8.63551,47.5553
27341,3498,3489,3250,3088,4115,3887,3550,3320,6000,5798,4171,3630,8172,8382,4632,3572,21.0719,-14.6466,8.63521,48.3693
27342,3721,4786,7222,5696,3657,4760,7390,5568,3487,3889,4256,4095,3221,3506,3522,3523,-14.7117,9.57527,8.63281,48.1993
27343,3465,3820,4665,4532,3458,4294,7067,6484,3505,4154,5982,5936,3408,3670,4036,4170,-2.44517,14.1709,8.70424,48.4307
27344,3132,3325,3353,3402,3416,3738,3747,3611,3845,4708,5455,4409,4256,6791,9309,5559,25.3824,4.12382,8.77721,48.0373
27345,3921,4130,3746,3399,4720,6018,4448,3709,5182,7545,4980,3820,4399,4717,4046,3635,3.07943,-7.70826,8.52578,48.2767
27346,3655,3572,3249,3086,4825,4240,3561,3270,9460,5099,3900,3306,7989,5262,3812,3524,12.768,-33.2073,8.85712,47.8733
27347,3290,3657,4218,4151,3492,4206,6535,5591,3534,4335,7119,6086,3374,3829,4477,4487,1.49081,12.1658,8.96647,48.254
27348,3346,3423,3226,3103,3952,3964,3409,3254,6432,5164,3960,3412,10779,6993,4224,3430,23.429,-21.26,8.52624,48.0473
27349,6577,8392,5106,3840,5446,6342,4519,3521,3922,4006,3540,3396,3460,3430,3337,3167,-19.413,-10.6495,8.5939,48.0007
27350,3190,3308,3415,3312,3437,3680,3731,3562,3873,4756,5180,4349,4255,7291,9441,5229,31.8643,3.30744,8.83873,48.006
27351,5181,4718,3723,3353,8158,6274,4014,3451,6257,5189,3782,3402,4241,3972,3456,3223,-4.30841,-19.2472,8.74744,48.2627
27352,3387,3833,5819,12760,3276,3702,4584,6102,3261,3433,3760,3906,3222,3280,3361,3354,-32.0533,30.327,8.86661,47.36
27353,5030,6630,5151,3820,5169,7713,5356,3811,4036,4477,3825,3582,3425,3497,3443,3250,-12.9889,-6.12904,8.91041,48.1433
27354,3923,4398,4191,3716,4504,6673,6078,3989,4143,6053,5292,4001,3773,4031,4010,3607,-1.77194,-2.01023,8.76327,48.2547
27355,3329,3421,3181,3114,3885,3736,3393,3218,6034,4752,3728,3367,12595,6183,3861,3377,27.7151,-28.2512,8.73337,47.4493
27356,3548,3600,3509,3150,4256,4525,3737,3453,6036,7553,4576,3625,5886,6561,4607,3594,12.9485,-11.7853,8.55788,48.144
27357,3906,4195,4030,3665,4098,5988,5413,4067,4416,6434,5825,4041,3847,4331,4275,3713,1.35476,-1.31478,8.67036,48.1627
27358,3513,3678,3710,3429,3886,4862,4855,3887,4259,6849,6850,4283,4068,5006,5061,4230,8.46942,-0.0389715,8.72963,48.284
27359,6094,10003,6320,3997,4439,5290,4517,3923,3688,3746,3588,3512,3208,3292,3358,3172,-27.4576,-6.26853,8.88608,48.098
27360,3113,3406,3402,3287,3421,3599,3947,3765,3733,4645,5939,4775,3886,5849,9464,6037,22.4006,7.39558,8.99372,48.1787
27361,3152,3277,3369,3403,3326,3617,3744,3855,3610,4239,5578,5290,3696,4975,9132,7934,24.1339,13.2899,8.65643,48.1313
27362,10414,6318,4188,3360,7393,5084,3916,3476,4245,4019,3358,3162,3391,3403,3185,3072,-19.6645,-23.5998,8.63922,47.9893
27363,3404,3473,3425,3295,3804,4225,4132,3587,4436,6700,6064,4075,4690,6637,5894,4317,14.6633,-1.80883,8.6616,48.1053
27364,11769,6209,3927,3409,6850,4862,3717,3409,4072,3772,3402,3265,3468,3449,3151,3082,-23.6363,-26.2341,8.75121,47.8753
27365,3564,3406,3248,2988,4122,3929,3541,3234,7433,5028,3855,3371,11117,5764,3828,3371,20.4203,-27.5883,8.70232,47.866
27366,12411,6167,3862,3403,6135,4681,3754,3375,3900,3892,3313,3208,3488,3368,3280,3178,-30.1805,-25.9227,8.52576,47.61
27367,3333,3958,5871,8786,3390,3809,5678,8738,3192,3519,4059,4632,3092,3247,3587,3639,-15.0678,23.582,8.87424,48.3533
27368,3253,3521,4373,5017,3409,3806,5356,8424,3396,3641,5057,7560,3093,3518,4000,4509,-1.61442,23.9446,8.84928,47.9553
27369,3442,3423,3216,3091,4055,3897,3504,3285,7047,5235,3944,3384,10196,6623,4049,3490,20.6573,-21.8075,8.63479,47.9207
27370,5188,4381,3605,3242,9017,5397,3813,3395,7331,4799,3642,3279,4465,4047,3477,3206,-2.99197,-25.4628,8.79875,48.1893
27371,12553,5850,4032,3507,6301,4804,3802,3428,3918,3739,3544,3254,3416,3238,3271,3221,-26.4033,-32.8593,8.92146,47.9187
27372,3150,3188,3450,3330,3316,3641,3898,3688,3697,4195,5256,5095,3631,5175,9711,7394,33.1754,11.5061,8.82184,47.8767
27373,3966,4432,4315,3694,4538,6953,5724,3992,4343,5933,5065,3925,3711,4126,3905,3644,-2.57048,-3.13152,8.69614,48.1773
27374,11225,7414,4279,3421,5861,4888,3889,3355,3905,3823,3408,3258,3364,3285,3157,3157,-31.4906,-20.6993,8.91082,47.7927
27375,3950,3790,3409,3122,5649,4551,3612,3297,9696,5868,3757,3327,6331,4955,3712,3215,8.22547,-23.0882,8.89566,48.1607
27376,4791,4080,3585,3233,8249,4992,3630,3347,8526,4985,3834,3383,4696,4269,3457,3315,0.420244,-28.5216,8.93926,48.248
27377,3219,3317,3253,3161,3671,3816,3703,3393,4402,5143,4644,3833,5998,9792,6681,4162,28.7669,-5.33065,8.78737,48.1253
27378,3018,3254,3297,3458,3191,3506,3901,3993,3551,3970,5289,6354,3445,4330,7609,10197,22.6285,19.1134,8.99972,48.242
27379,3198,3285,3320,3126,3712,3887,3616,3362,4857,5372,4375,3817,6442,9823,5781,3947,26.0199,-8.43305,8.60701,47.9467
27380,3097,3579,4061,4442,3365,3701,4770,7646,3401,3801,5009,9041,3208,3544,4198,5121,2.25276,31.2291,8.9183,47.9893
27381,3371,3605,3561,3536,3711,4346,4645,3964,4037,6359,7298,4636,4069,5095,5713,4262,10.5332,2.22774,8.61407,48.1387
27382,3193,3291,3403,3332,3575,3731,3830,3664,3877,4753,5229,4428,4187,6867,9440,5316,32.4824,4.15896,8.65146,48.0773
27383,3090,3213,3391,3381,3248,3508,3757,3981,3456,3919,5181,5729,3562,4465,8339,9720,26.7938,17.2235,8.73419,47.96
27384,3255,3386,3487,3365,3583,3873,4061,3653,4171,5889,5926,4286,4640,6816,7123,4648,18.224,0.226769,8.61758,48.108
27385,3667,3601,3620,3224,4242,4970,4137,3536,5578,8022,5100,3803,4831,5858,4409,3712,9.20666,-8.22585,8.7038,48.2067
27386,5300,9343,7380,4326,4249,5139,4745,3933,3553,3811,3810,3418,3241,3311,3379,3197,-29.7885,-2.88214,8.89314,48.09
27387,3413,3671,3458,3118,4005,4527,4008,3568,5092,7731,5332,3841,5113,6805,5001,3773,12.8768,-6.54959,8.79705,48.304
27388,5855,6844,4654,3605,5921,7613,4605,3623,4112,4425,3789,3474,3496,3604,3397,3180,-13.9958,-11.2044,8.95242,48.1313
27389,3119,3236,3360,3394,3253,3591,3779,3837,3462,4008,5312,5646,3534,4498,8144,9922,26.0898,17.3829,8.79645,48.0633
27390,4226,6484,9943,5869,3801,4715,5222,4584,3320,3719,3775,3564,3126,3288,3351,3282,-27.6473,5.53387,8.91798,48.1793
27391,3217,3177,3364,3457,3226,3449,3883,3924,3341,3843,4806,6354,3346,4054,6014,12403,25.4971,33.1289,8.97697,47.9053
27392,3363,3297,3250,3192,3793,3800,3599,3306,4990,5320,4336,3580,7477,9577,5022,3728,29.9067,-11.3264,8.5127,47.7533
27393,4438,4063,3563,3203,6808,5557,3943,3414,7898,5892,3934,3423,4741,4531,3539,3365,1.51574,-19.7153,8.82718,48.208
27394,3461,3491,3273,3055,4301,3976,3516,3203,7374,5351,3857,3496,9948,6344,4203,3402,19.149,-22.4761,8.59431,48.1673
27395,3520,4176,5687,5908,3373,4359,7386,7272,3350,3765,4766,4683,3167,3372,3650,3632,-10.4819,14.8423,8.8114,48.044
27396,3431,4197,7379,11397,3377,3862,4887,5970,3198,3595,3794,3870,3112,3191,3314,3378,-28.2071,20.662,8.94838,47.968
27397,3371,3269,3363,3284,3652,3796,3568,3299,4614,5308,4547,3780,6505,9966,5912,3892,28.9114,-8.15308,8.76543,48.084
27398,3384,3958,6197,11819,3319,3749,4775,6620,3250,3515,3825,4115,3135,3230,3342,3469,-23.6792,25.798,8.77242,47.8013
27399,4039,6226,9651,6073,3853,4412,5195,4591,3426,3684,3797,3696,3104,3364,3410,3263,-28.1208,7.17706,8.63871,47.856
27400,3429,3559,3501,3257,3880,4429,4259,3703,4538,7289,6201,4113,4486,6087,5437,3978,12.061,-2.5306,8.99528,48.0973
27401,7479,5126,3740,3420,9766,5221,3801,3433,5198,4117,3610,3203,3705,3606,3425,3129,-11.1888,-32.465,8.93816,47.986
27402,4438,7458,9052,5087,3980,4770,5105,4351,3543,3739,3731,3606,3295,3448,3371,3262,-33.3064,2.12522,8.97867,48.1573
27403,4257,4045,3560,3226,6005,5470,3856,3373,7490,6553,4115,3512,5005,4692,3768,3355,3.62563,-17.2829,8.78437,48.188
27404,4506,4035,3577,3188,7658,4782,3711,3371,8799,5107,3821,3357,5031,4150,3582,3288,1.93298,-27.9051,8.54493,47.9753
27405,3183,3355,3359,3313,3264,3701,3899,3720,3619,4291,5309,5006,3751,5279,9831,7222,33.5616,10.7905,8.84651,48.068
27406,7261,10086,5370,3736,4888,5287,4259,3675,3785,3790,3544,3358,3375,3381,3273,3077,-30.1625,-10.1732,8.97738,48.0967
27407,3449,3316,3218,3102,4192,3870,3447,3159,7186,4894,3806,3319,11712,6094,3869,3369,21.7942,-27.503,8.90251,48.0013
27408,9141,7309,4386,3484,6403,5623,4073,3463,4095,3945,3635,3328,3599,3459,3273,3044,-20.8916,-18.0674,8.58155,48.1733
27409,3296,3360,3315,3110,3591,3830,3661,3407,4538,5389,4736,3917,5593,9239,6704,4301,25.6471,-4.39382,8.7466,47.9913
27410,3111,3162,3358,3343,3182,3430,3772,3956,3399,3702,4731,5926,3376,3994,6129,12644,30.7466,28.1787,8.89727,47.4767
27411,2999,3296,3629,3572,3181,3653,4124,4834,3415,3871,5342,9033,3444,3895,5268,8651,14.305,27.9491,8.67355,48.138
27412,3178,3173,3501,3443,3311,3535,3870,4156,3417,3831,4838,7555,3379,3983,5711,10746,19.9056,30.9983,8.60197,47.7513
27413,3246,3614,4595,5696,3404,3786,5358,9766,3284,3632,4657,6631,3174,3397,3820,4293,-5.27349,26.8819,8.70928,48.2353
27414,3468,4479,8687,9319,3511,3930,5259,5537,3201,3485,3846,3907,3129,3274,3288,3412,-28.1295,16.3528,8.71491,47.8213
27415,3353,3642,4232,4176,3462,4105,6273,5365,3504,4411,7199,6199,3413,3788,4612,4579,2.33374,12.2927,8.53885,48.2087
27416,3480,3424,3339,3119,3727,3772,3603,3309,4827,5245,4354,3702,6959,9980,5578,3832,31.3525,-9.4509,8.74206,48.1667
27417,3329,3324,3177,3090,3844,3804,3679,3318,5117,5209,4123,3379,8089,9658,4941,3706,31.184,-12.8187,8.75928,47.858
27418,3393,4188,7056,10647,3510,3987,5256,6355,3218,3494,3874,3885,3082,3258,3413,3476,-24.0534,20.8931,8.71211,48.0613
27419,3120,3292,3699,3727,3169,3638,4444,5036,3320,4109,5990,8584,3360,3902,5528,7239,11.8086,21.0344,8.58173,48.1047
27420,3370,3506,3554,3353,3798,3982,4018,3649,4447,6381,5878,4252,4620,6889,6130,4343,15.9106,-1.55036,8.6639,48.1133
27421,3527,4027,5633,7088,3499,4022,6310,8421,3341,3681,4266,4712,3241,3311,3464,3741,-12.3212,19.9248,8.69885,48.1893
27422,3059,3198,3358,3332,3144,3423,3776,4186,3410,3780,5121,7367,3374,3896,6141,11164,20.7825,26.1487,8.6828,47.8193
27423,3433,3406,3409,3136,3942,4210,3779,3360,5172,7019,4783,3758,5988,8171,5093,3845,17.0779,-8.63055,8.9273,48.336
27424,3326,3686,4793,5976,3403,3977,5941,9300,3260,3601,4715,5934,3205,3363,3767,3909,-7.13558,22.4358,8.59834,48.104
27425,3566,4845,9251,8291,3549,4090,5158,5090,3208,3581,3929,3786,3187,3246,3351,3400,-32.0932,13.6036,8.64963,47.6853
27426,4548,4105,3536,3203,7844,4887,3748,3327,8875,5103,3697,3364,5028,4176,3616,3178,1.76097,-30.6521,8.82503,48.1567
27427,6311,9999,5932,3977,4760,5334,4486,3775,3685,3913,3655,3393,3267,3425,3260,3164,-27.0919,-7.81299,8.648,48.224
27428,3139,3165,3392,3387,3248,3619,3884,3975,3508,4075,5551,5760,3497,4552,8415,8953,23.1041,15.5419,8.955,48.08
27429,3504,3479,3347,3261,3908,4242,3758,3504,5011,7162,4838,3780,5632,7830,5341,3852,16.6615,-7.68329,8.96313,48.2993
27430,12161,6180,3984,3413,6399,4812,3768,3450,3898,3819,3474,3251,3484,3352,3197,3054,-25.2811,-28.3696,8.63639,47.7973
27431,12655,6050,3940,3443,5952,4603,3765,3329,4001,3724,3422,3297,3324,3393,3262,3123,-29.6176,-30.4643,8.65802,47.522
27432,3466,3484,3222,3144,4336,3920,3430,3201,8150,5193,3924,3337,10117,5744,3816,3397,17.5508,-26.7785,9,47.9207
27433,3182,3306,3522,3249,3386,3739,3839,3600,3941,4730,5203,4403,4151,6792,9401,5367,33.0097,4.13551,8.78592,47.874
27434,9709,8317,4639,3663,5613,5243,4124,3420,3902,3801,3416,3305,3375,3395,3172,3085,-26.8131,-16.6364,8.60467,48.1193
27435,3505,4024,6252,6452,3515,4197,6749,7365,3393,3747,4371,4561,3241,3299,3681,3517,-12.5364,16.0795,8.70435,47.9127
27436,3186,3265,3302,3283,3465,3721,3840,3628,3852,4587,5058,4507,4173,6644,9463,5694,31.679,4.84694,8.7918,47.7787
27437,3105,3296,3554,3621,3294,3567,4468,4585,3495,4204,6748,7640,3394,4122,6269,7009,13.3734,16.662,8.97092,48.2473
27438,3223,3337,3611,3330,3401,3855,4150,3881,3828,5042,7231,5299,3865,5121,7455,5604,15.8099,7.74444,8.65013,48.1553
27439,9783,5563,3880,3392,8246,5017,3777,3373,4373,4043,3506,3264,3587,3502,3333,3084,-17.0649,-29.9333,8.5378,47.8153
27440,3175,3349,3370,3398,3366,3495,3887,3845,3572,4221,5332,5259,3580,4936,9352,7769,33.8794,12.4844,8.68182,47.9373
27441,12072,5837,3901,3364,6643,4757,3815,3418,4075,3729,3426,3183,3420,3415,3284,3089,-23.447,-31.1473,8.77561,47.6187
27442,3303,3628,4395,4441,3490,4087,6439,6289,3464,4179,6506,6350,3296,3668,4377,4424,-0.171469,14.7038,8.99004,48.224
27443,3343,3385,3236,3190,4090,3946,3436,3090,7440,4993,3828,3389,11084,5718,3914,3355,19.8024,-33.1327,8.97846,47.6247
27444,3679,3600,3408,3188,4511,4391,3585,3345,7840,6348,4107,3471,7237,6086,4081,3485,13.7182,-18.4718,8.66428,48.2413
27445,2956,3270,3598,3708,3169,3528,4418,5232,3441,4058,5624,9469,3361,3758,5278,7289,11.0527,24.5291,8.73636,48.1047
27446,5505,4459,3691,3319,9674,5098,3723,3381,6688,4658,3683,3281,4198,3884,3486,3157,-4.49034,-31.875,8.88846,47.9233
27447,3588,3963,4186,3822,3910,5139,6079,4291,3998,5532,6996,4647,3675,4260,4481,3889,1.95957,3.41497,8.66498,48.304
27448,3093,3263,3412,3558,3242,3570,4055,4488,3439,3878,5326,8416,3189,3916,5773,9377,16.2898,24.8347,8.84284,47.9967
27449,10019,8206,4364,3543,5715,5074,3974,3476,3844,3795,3620,3379,3411,3415,3196,3086,-29.7114,-17.4736,8.83063,48.078
27450,3379,3866,4096,3986,3710,4655,6464,4754,3728,5058,7345,4962,3543,4054,4589,4141,1.74758,6.72121,8.74199,48.22
27451,3253,3298,3239,3187,3617,3937,3593,3534,4544,5221,4736,3820,5776,9771,6577,4170,28.8182,-5.57053,8.78263,48.182
27452,4094,3856,3458,3161,6441,4622,3751,3304,9480,5132,3737,3398,5700,4502,3726,3308,5.17695,-32.6875,8.56043,47.78
27453,6167,4857,3823,3342,8731,6142,3941,3431,5700,4581,3755,3338,3929,3811,3415,3169,-7.76952,-20.5717,8.63187,48.088
27454,3368,3642,4039,3952,3536,4236,5930,4937,3638,4743,7798,5735,3527,4020,4979,4490,4.04382,9.91776,8.75047,48.38
27455,3316,3566,4181,4844,3379,3720,5006,8190,3275,3837,5012,8211,3205,3543,4247,4871,0.0596315,28.5184,8.50527,48.2687
27456,4996,4166,3624,3206,8275,5115,3757,3421,8313,4919,3666,3291,4829,4199,3609,3233,-0.0452353,-27.1718,8.53408,48.4127
27457,3403,3437,3486,3249,3736,4019,3929,3656,4446,6317,5564,4127,4796,7375,6409,4367,17.261,-2.50396,8.68352,48.2107
27458,3675,3616,3181,3130,4912,4314,3489,3241,9172,5758,3859,3385,7642,5383,3801,3396,12.0583,-22.6126,8.92652,47.9693
27459,5793,4994,3774,3352,8779,6406,3927,3492,5716,4871,3676,3354,3985,3842,3485,3101,-6.77189,-20.0974,8.97318,48.3647
27460,3593,3549,3281,3141,4476,4185,3728,3301,7137,6687,4278,3450,7017,6419,4159,3566,13.9876,-15.9923,8.95166,47.978
27461,4284,4602,4016,3514,5493,7473,4908,3668,4934,6215,4402,3529,3957,4022,3710,3542,-3.15529,-8.66473,8.72955,48.1793
27462,4536,6559,6002,4230,4472,6713,6230,4284,3726,4139,4233,3700,3347,3437,3448,3302,-14.6421,-1.19738,8.63617,48.2387
27463,3426,3402,3292,3173,3899,3804,3552,3233,5679,5020,3947,3402,10538,7678,4297,3464,32.6016,-18.8142,8.7029,47.8707
27464,3997,3854,3383,3171,5968,4535,3584,3330,9987,5075,3792,3326,6220,4795,3661,3313,6.82037,-32.17,8.96447,47.994
27465,12166,6621,3973,3322,5976,4830,3887,3299,4006,3698,3356,3217,3398,3435,3287,3088,-32.1294,-24.197,8.78081,47.706
27466,3249,3378,3400,3299,3357,3688,3859,3742,3857,4807,6025,4721,4187,6258,8934,5600,21.3422,5.29664,8.89864,48.2407
27467,3342,3373,3167,3114,4014,3797,3503,3253,6044,4861,3925,3445,11647,7066,4040,3452,28.7301,-21.7383,8.7523,48.0287
27468,3117,3219,3436,3277,3152,3465,3753,3991,3306,3724,4748,6234,3450,4009,6184,12328,25.5051,33.3281,8.63436,47.5953
27469,3306,3391,3220,3111,4054,3897,3409,3250,6730,4769,3777,3492,11962,6019,3814,3419,23.407,-29.5808,8.51688,47.7467
27470,4159,4694,4347,3729,4881,7524,5656,3920,4459,5663,4759,3698,3713,4038,3853,3461,-4.21753,-4.44571,8.96337,48.3693
27471,3310,3443,3436,3331,3578,3768,3776,3461,4217,4909,4893,4088,4707,7980,8342,4810,32.7155,0.3454,8.55,48.0327
27472,6523,5606,3996,3418,8301,6534,4088,3540,5012,4480,3689,3319,3800,3621,3334,3191,-10.9005,-18.4868,8.72754,48.3013
27473,6149,4915,3762,3274,9469,5929,3960,3317,5749,4606,3603,3309,3960,3757,3340,3173,-7.83021,-22.145,8.94453,48.1813
27474,5187,4332,3626,3274,8931,5181,3748,3378,7316,4653,3678,3296,4375,3954,3483,3287,-2.6052,-27.6316,8.50106,47.7993
27475,11515,6001,3879,3441,7323,4975,3828,3324,4123,3820,3451,3403,3447,3400,3263,3067,-20.8439,-27.1821,8.98968,48.1733
27476,3283,3253,3453,3220,3544,3892,3733,3607,4246,5103,4890,4150,4891,8427,7826,4760,27.0315,-0.981664,8.50261,48.1853
27477,3512,4764,8914,8997,3517,3981,5064,5480,3275,3553,3802,3769,3056,3221,3369,3313,-28.5348,14.9445,8.85074,47.7247
27478,4304,3911,3402,3256,7134,4618,3647,3427,9320,5074,3853,3428,5258,4330,3633,3191,3.55742,-30.3332,8.56697,47.8573
27479,3126,3280,3698,3616,3357,3511,4377,5015,3450,3895,5760,8962,3491,3808,5439,7378,12.3375,22.0087,8.82809,48.1087
27480,10440,8208,4355,3513,5434,5102,3832,3338,3800,3834,3469,3291,3484,3448,3187,3093,-30.3049,-18.1677,8.77373,47.8853
27481,3304,3467,3779,3829,3446,4024,5039,4481,3628,4790,7976,6035,3662,4158,5589,5107,8.62765,10.7469,8.72788,48.2093
27482,3587,3791,3328,3099,4695,4702,3657,3277,6914,7487,4413,3594,5862,5996,4127,3432,10.7144,-14.081,8.67768,47.974
27483,7387,9780,5261,3765,5014,5384,4187,3749,3815,3911,3536,3350,3264,3273,3344,3128,-28.059,-10.7394,8.58267,48.0987
27484,3172,3263,3466,3442,3230,3443,3820,3920,3411,3919,4894,5909,3332,4176,7184,11251,32.67,20.832,8.86523,47.888
27485,3112,3415,3695,3850,3339,3591,4576,5168,3391,3941,6323,8689,3342,3973,5268,6490,9.80015,19.7164,8.75558,48.1087
27486,3482,3729,3895,3715,3855,5061,5451,4164,4127,6414,6890,4484,3902,4567,4623,3973,4.63095,1.42129,8.63953,48.2213
27487,3159,3230,3388,3277,3350,3500,3882,3867,3556,4154,5241,5159,3672,4786,9296,8380,33.1421,13.568,8.91839,47.9313
27488,5270,4636,3787,3270,8026,6054,3849,3519,6378,5040,3774,3335,4433,4074,3538,3230,-4.03457,-19.451,8.55422,48.142
27489,3119,3318,3428,3355,3357,3686,3927,3826,3784,4550,5965,5058,4024,5524,9168,6383,21.6632,8.83285,8.77208,48.3147
27490,3255,3808,5264,8683,3346,3854,5113,9206,3170,3577,4064,4783,3236,3300,3531,3654,-14.3254,30.096,8.99306,47.896
27491,3712,3740,3387,3209,4766,5040,3960,3484,6726,7897,4523,3622,5157,5601,4088,3445,8.01302,-12.7048,8.95932,48.238
27492,3321,3806,4603,4926,3413,4267,6919,7249,3558,3857,5768,5878,3184,3567,3985,4218,-3.62167,15.9925,8.99483,48.346
27493,3506,3326,3223,3163,4487,3967,3424,3222,8097,5004,3744,3352,10459,5817,3901,3350,18.4803,-27.4249,8.67282,48.028
27494,3574,3899,3895,3665,3916,5108,5511,4243,4100,6330,6994,4439,3769,4460,4524,3995,3.51355,1.72009,8.97929,48.2813
27495,8428,9292,4851,3605,5284,5251,4107,3466,3764,3810,3637,3256,3379,3428,3275,3191,-28.5379,-13.6276,8.99205,48.016
27496,3452,4201,7245,11009,3356,3947,5142,6050,3177,3483,3938,3997,3099,3262,3353,3371,-25.0738,20.7584,8.71611,48.0547
27497,5109,7876,6265,4292,4498,6338,5340,4141,3802,3954,3902,3487,3340,3526,3338,3261,-18.5839,-3.47875,8.79201,48.3127
27498,4088,3888,3412,3191,5725,5181,3795,3337,7737,6835,4043,3463,5255,4856,3907,3433,5.22641,-17.2834,8.78033,48.0973
27499,6282,4587,3714,3226,10128,5198,3825,3204,6179,4446,3606,3158,4011,3808,3338,3131,-7.21812,-28.5988,8.93105,47.894
27500,3118,3396,3302,3293,3410,3619,3864,3775,3784,4605,5677,4619,4183,6392,9572,5803,24.2392,5.70469,8.7051,48.2747
27501,4568,7638,8161,4879,4070,5148,5366,4309,3628,3832,3833,3556,3144,3297,3410,3249,-23.1185,0.943601,8.84407,48.0587
27502,3297,3422,3253,3131,3646,3751,3647,3431,4493,5267,4651,3878,5741,9455,6796,4193,27.8654,-4.73432,8.86506,48.0347
27503,3124,3196,3466,3449,3342,3566,3897,4033,3369,4033,5890,6753,3510,4355,7226,8545,18.8258,17.6503,8.57294,47.836
27504,3301,3429,3254,3383,3600,3954,3623,3397,4766,5259,4585,3792,6161,9757,5968,3992,32.5614,-7.12682,8.5036,48.1473
27505,4012,5592,8213,5613,3823,4872,6775,4978,3440,3823,4101,3964,3204,3282,3488,3303,-17.6025,6.48878,8.90045,48.322
27506,3483,3801,4028,3866,3804,4772,6013,4305,3916,5440,7475,4762,3737,4234,4618,4090,3.40011,4.7095,8.76786,48.2293
27507,3314,3375,3212,3109,3821,3792,3531,3345,5435,5458,4159,3464,8587,9036,4827,3740,26.2396,-14.4786,8.78576,48.1367
27508,3353,3376,3257,3078,3788,3852,3637,3443,4760,5519,4290,3631,6960,9734,5600,3842,26.4811,-9.61427,8.8619,48.08
27509,3135,3341,3481,3419,3204,3717,4036,4502,3444,4088,6260,6721,3463,4248,7218,8246,18.0051,16.273,8.85858,48.3487
27510,3403,3382,3221,3156,3992,3790,3598,3252,5770,4965,3904,3418,11441,7199,4100,3348,31.1436,-21.5253,8.61375,47.9593
27511,3285,3256,3262,3260,3417,3797,3785,3576,4020,4967,5490,4461,4262,6901,9044,5293,23.8915,3.30759,8.98811,48.0507
27512,3216,3243,3354,3289,3419,3496,3883,3701,3832,4559,5343,4582,4018,6027,9748,6190,27.868,7.07548,8.84759,47.9333
27513,3532,3814,4395,4405,3581,4377,6981,5792,3559,4241,6420,5532,3281,3725,4217,4215,-1.46305,11.9866,8.55558,48.0447
27514,3997,4868,5428,4379,4108,6298,7505,4583,3707,4325,4899,3933,3409,3683,3690,3488,-8.90517,2.48094,8.8394,48.2
27515,5592,8976,5963,4129,4819,6092,4702,3886,3749,3923,3699,3447,3325,3368,3432,3146,-21.1394,-6.26897,8.60075,48.1653
27516,3167,3442,3891,4264,3303,3691,4836,6855,3445,3847,5464,9284,3378,3624,4452,5557,4.12929,24.7916,8.95908,48.3333
27517,4174,4384,3980,3390,5325,6927,4617,3559,5258,6713,4547,3585,4161,4424,3981,3531,-0.301754,-9.76213,8.74845,48.3707
27518,3555,4021,4513,4305,3692,4821,7148,5358,3622,4567,6514,5082,3420,3755,4151,4129,-1.51594,8.69464,8.50006,48.4353
27519,10482,6736,4253,3463,6919,5213,3825,3360,4160,3844,3498,3282,3464,3562,3197,3018,-21.1115,-21.4557,8.87962,48.184
27520,3083,3193,3439,3507,3194,3463,4004,4403,3486,3876,5455,7674,3404,4088,6327,9203,17.613,21.2999,8.92546,47.866
27521,5107,4212,3607,3304,8802,5300,3743,3304,7608,4940,3652,3235,4525,4102,3561,3275,-2.31791,-25.2333,8.86525,48.1847
27522,3323,3354,3245,3249,3846,3733,3451,3229,6084,4727,3686,3396,12720,5994,3859,3360,29.4736,-32.7596,8.86177,47.504
27523,4967,6225,4847,3885,5194,7912,5387,3922,4020,4491,4043,3713,3510,3615,3564,3256,-11.8272,-6.83655,8.50789,48.3673
27524,3544,3741,3479,3208,4050,4620,4077,3574,4858,7889,5714,3967,4601,6018,4766,3825,10.9706,-4.88364,8.93249,47.954
27525,6749,4865,3836,3342,9792,5382,3764,3302,5574,4356,3623,3339,3876,3751,3463,3179,-8.73246,-30.2258,8.54429,48.1287
27526,3553,3329,3239,3145,3984,3921,3562,3320,5635,5867,4194,3617,7328,8792,4888,3678,21.4214,-12.4758,8.65138,48.0347
27527,3288,3783,4925,5853,3344,3998,6154,9015,3273,3682,4804,5685,3185,3385,3849,4190,-6.98548,20.6198,8.84716,48.2753
27528,3869,4008,3542,3249,5067,5521,4197,3388,6204,7905,4551,3523,4799,4917,3978,3601,5.13027,-11.7911,8.64203,48.2127
27529,3275,3439,3494,3355,3570,3961,4256,3857,3954,5434,7078,4849,4025,5594,7127,5041,15.452,4.80747,8.62416,48.206
27530,3453,3921,6084,12392,3367,3770,4758,5942,3185,3522,3772,3923,3082,3258,3367,3323,-29.9048,29.932,8.60117,47.4127
27531,12645,6122,4037,3385,6170,4628,3720,3377,3905,3708,3404,3203,3493,3309,3298,3126,-29.2323,-27.7896,8.73509,47.6867
27532,4499,4566,3741,3419,6048,6935,4380,3557,5670,6290,4091,3616,4265,4207,3729,3357,-1.86782,-12.862,8.5759,48.2467
27533,3170,3212,3319,3375,3357,3491,3956,4129,3492,4218,5730,5957,3554,4587,8304,8383,21.4231,15.187,8.80989,48.156
27534,3968,3824,3434,3099,5984,4450,3634,3228,9921,5152,3724,3398,6514,4791,3744,3215,8.05984,-29.7047,8.84742,48.0533
27535,3414,3510,3509,3292,3700,4174,4197,3673,4364,6392,6443,4284,4422,6248,6308,4418,14.8589,-0.253311,8.68808,48.232
27536,4500,5018,4094,3595,5393,8011,5271,3717,4528,5690,4356,3573,3863,3837,3681,3406,-5.47823,-7.54035,8.65523,48.3553
27537,3484,3936,4594,4458,3626,4503,7378,5873,3480,4205,6185,5282,3303,3717,4185,4074,-2.21573,11.3508,8.58939,48.1887
27538,12417,6145,3994,3381,6092,4685,3670,3398,4003,3799,3417,3219,3414,3393,3247,3114,-30.8629,-28.5784,8.50174,47.592
27539,7311,6466,4219,3510,7212,6707,4133,3545,4454,4323,3590,3249,3578,3630,3345,3087,-14.7147,-16.7652,8.65084,48.2393
27540,3143,3252,3344,3333,3545,3725,3817,3648,4050,5121,5541,4329,4520,7181,8578,5186,22.5033,2.05873,8.82027,48.2087
27541,3168,3376,3393,3639,3257,3550,4341,4542,3512,4158,6628,7694,3461,4196,6306,7035,13.4103,17.5705,8.63162,48.1707
27542,3540,3593,3482,3294,4024,4664,4098,3547,5033,7823,5415,3965,4908,6236,4978,3793,11.9573,-5.86552,8.62849,48.262
27543,9773,5617,3849,3421,8343,5121,3788,3411,4333,3922,3568,3267,3418,3442,3221,3148,-17.1384,-33.2347,8.68933,47.7613
27544,3981,5799,9895,6459,3816,4231,5097,4803,3317,3553,3853,3709,3222,3308,3369,3341,-30.474,7.95651,8.55683,47.8353
27545,3119,3264,3586,3495,3104,3413,4061,4465,3438,3894,5004,8571,3498,3890,5607,9461,16.1779,31.6138,8.94081,47.9133
27546,3303,3771,4873,6860,3395,3887,5139,9972,3397,3584,4385,5532,3294,3339,3633,3796,-9.40192,33.2618,8.98871,48.1067
27547,7664,8327,4747,3702,5679,5929,4336,3625,3980,4027,3688,3369,3463,3405,3335,3145,-20.464,-13.7549,8.59784,48.2807
27548,3395,3431,3243,3109,3883,3875,3501,3268,5872,4937,3888,3383,11303,7256,4159,3344,32.389,-21.0973,8.59892,47.898
27549,3132,3555,4340,5108,3295,3810,5127,8647,3289,3773,4870,7800,3194,3507,4059,4610,-1.33307,26.9854,8.71006,48.0773
27550,3729,3442,3378,3133,4924,4170,3602,3293,9153,5389,3917,3362,7984,5282,3932,3322,13.0416,-24.92,8.78197,48.008
27551,6662,4788,3862,3374,9787,5170,3843,3341,5779,4328,3606,3313,3919,3731,3301,3206,-8.6321,-31.4705,8.60077,48.0067
27552,3972,5528,8222,5492,3857,5016,6726,5007,3507,3752,4129,3892,3294,3339,3453,3403,-17.7648,6.46946,8.76739,48.3927
27553,4004,3984,3603,3423,4850,5783,4202,3670,5937,7993,4733,3648,4582,4889,3945,3470,4.70161,-10.2049,8.82347,48.4773
27554,12615,5912,3891,3299,5938,4643,3799,3375,3963,3744,3304,3135,3465,3404,3191,3184,-31.8221,-29.331,8.75675,47.2413
27555,3572,4308,7554,8876,3425,4146,5784,6457,3283,3572,4046,4169,3185,3265,3488,3463,-19.6345,16.9846,8.83271,48.3953
27556,3203,3185,3346,3486,3294,3461,3738,4048,3297,3737,4647,5942,3405,3791,5905,12548,32.3199,29.733,8.50995,47.3553
27557,3614,3555,3280,3136,4737,4151,3642,3294,8593,5682,3923,3441,8433,5804,3705,3436,14.3547,-22.6268,8.71432,48.284
27558,3080,3228,3391,3323,3264,3536,3856,3766,3619,4200,5171,5321,3540,4852,9232,8657,28.8512,14.1387,8.92739,48.024
27559,4071,3767,3430,3114,6242,4590,3640,3242,9738,5153,3860,3469,5871,4768,3730,3323,6.49792,-33.933,8.79575,48.0053
27560,3123,3319,3291,3385,3224,3453,3744,3983,3341,3920,4781,5868,3486,4140,7534,11134,28.9697,20.0613,8.96396,47.8173
27561,7780,5117,3948,3423,9614,5285,3841,3457,5006,4234,3477,3301,3704,3601,3420,3139,-12.2448,-32.2751,8.6541,48.2313
27562,3093,3335,3648,3658,3279,3674,4438,4425,3595,4267,7070,6539,3581,4310,6627,6284,13.8013,13.973,8.74482,47.882
27563,3171,3443,3917,3955,3377,3899,5157,5251,3502,4242,7326,7176,3460,4020,5138,5353,6.89057,14.8876,8.89015,48.258
27564,3424,3425,3336,3113,3807,4071,3674,3364,5250,6084,4352,3724,6799,8827,5010,3729,21.0611,-10.641,8.51435,47.9927
27565,4004,3813,3442,3233,6056,4487,3586,3271,9886,5233,3652,3330,6223,4650,3665,3354,7.12098,-30.0041,8.86733,47.9233
27566,4471,7289,9324,5247,3855,4759,5177,4440,3480,3677,3735,3595,3245,3321,3273,3240,-27.4048,3.08747,8.92311,48.0853
27567,3384,3964,6876,12095,3442,3752,4836,6013,3100,3399,3757,3917,3006,3228,3288,3481,-31.2238,22.6631,8.9981,47.692
27568,3748,3647,3294,3142,4978,4186,3618,3256,9124,5723,3930,3388,7527,5311,3759,3371,12.1087,-23.3887,8.60664,48.0013
27569,4054,3886,3378,3287,5698,4920,3854,3341,8082,6740,4009,3453,5525,4928,3840,3408,6.15688,-17.8831,8.72315,48.2687
27570,3581,4079,4549,4209,3815,5077,7186,5053,3690,4694,6356,4816,3435,3827,4227,3886,-1.66941,7.0066,8.60485,48.32
27571,5519,9205,7036,4274,4423,5179,4763,3923,3653,3721,3631,3488,3342,3288,3203,3104,-26.7346,-3.92412,8.56843,47.8347
27572,3337,3498,3548,3368,3798,4284,4375,3805,4226,6289,7021,4598,4100,5565,5951,4421,12.5996,1.55712,8.96997,48.1227
27573,4851,7263,5610,3983,4716,6982,5502,4028,3830,4143,3907,3621,3342,3520,3394,3303,-15.5765,-4.462,8.79221,47.9967
27574,3695,3520,3301,3159,4854,4274,3581,3322,9031,6183,3919,3453,7495,5479,3913,3274,12.3636,-21.5024,8.87531,48.302
27575,3568,3603,3213,3134,4195,4087,3602,3242,6286,6552,4294,3504,7398,7521,4502,3565,17.3498,-14.5624,8.73154,48.1773
27576,3458,3907,5253,6648,3432,3850,6533,8786,3240,3629,4373,5167,3148,3332,3633,3859,-10.2846,20.2408,8.77012,48.1653
27577,4732,7196,7164,4586,4280,6000,5813,4205,3639,3962,4028,3558,3396,3430,3375,3240,-18.7494,-0.155201,8.93632,48.4027
27578,3349,3402,3229,3133,3759,3889,3650,3314,5216,5213,4227,3612,8138,9613,5085,3636,29.1606,-12.6749,8.6781,48.31
27579,10900,5612,3865,3406,7865,4849,3692,3504,4246,4004,3558,3120,3408,3449,3198,3135,-19.104,-30.9097,8.99115,47.874
27580,3159,3545,4139,4808,3382,3712,4878,8235,3336,3751,4814,8436,3220,3679,4155,4848,-0.000323356,30.2205,8.76051,48.0647
27581,3431,3440,3324,3303,3855,4323,3990,3676,4939,7379,5367,3936,4927,6850,5395,4010,14.3335,-4.75338,8.75173,48.0967
27582,3129,3276,3349,3340,3300,3695,3936,3732,3645,4262,5156,4963,3740,5049,9971,7406,31.3148,10.9243,8.76084,47.966
27583,3228,3273,3472,3390,3273,3494,3934,4193,3357,3883,4974,7568,3428,3849,5862,10599,19.3084,27.2044,8.55069,47.8513
27584,3417,3479,3178,3053,3859,3793,3409,3231,6213,4818,3792,3367,12361,6374,3912,3367,26.7609,-26.4763,8.56398,47.7487
27585,3193,3480,3621,3655,3542,4150,4829,4242,3702,5159,8092,5469,3726,4654,6030,4976,10.4896,7.59115,8.9698,48.3467
27586,3360,3406,3131,3076,4113,3970,3526,3357,6985,5374,4052,3364,10330,6860,4140,3511,21.1382,-21.2136,8.73571,48.37
27587,3169,3694,4979,7408,3505,3891,5303,9949,3364,3509,4266,5227,3212,3319,3596,3761,-10.9245,32.317,8.89638,48.1013
27588,12373,6314,3993,3355,6228,4753,3739,3353,4030,3838,3479,3247,3379,3421,3205,3031,-26.4059,-26.2417,8.8725,47.8253
27589,4004,6127,9966,6066,3816,4515,5404,4687,3365,3682,3839,3721,3054,3270,3401,3298,-26.4204,6.66364,8.84145,48.1433
27590,3259,3390,3292,3278,3614,3660,3871,3560,4187,4975,5112,4189,4854,8129,8238,4770,27.0325,0.17302,8.60444,48.252
27591,3255,3567,4051,4347,3373,3971,5690,6258,3453,4106,6765,7292,3233,3779,4461,4775,2.90001,16.4106,8.86734,48.2507
27592,3371,3427,3254,3172,3861,3861,3423,3199,6135,4662,3792,3376,12510,6115,3969,3400,28.0781,-29.7516,8.70934,47.6847
27593,5950,6735,4551,3704,6098,7382,4578,3570,4287,4368,3747,3413,3566,3627,3361,3211,-13.7312,-11.7496,8.5338,48.0987
27594,3121,3241,3450,3432,3478,3658,4011,3836,3889,4632,6144,4864,3924,5748,9007,5964,21.0705,7.68206,8.6883,48.266
27595,3508,3356,3204,3164,4293,3975,3405,3352,7665,4868,3872,3331,10719,5853,3902,3346,19.4213,-29.082,8.67106,47.8753
27596,5517,8974,6499,4148,4530,5762,4809,3859,3848,3963,3671,3392,3271,3433,3272,3271,-22.7552,-4.88384,8.67814,48.146
27597,3888,3814,3313,3051,5430,4764,3673,3342,8819,6421,4003,3419,6151,4927,3854,3457,8.25371,-19.8469,8.9547,48.2173
27598,12267,6099,3824,3374,6029,4844,3732,3391,3904,3684,3433,3154,3368,3397,3196,3173,-32.0647,-27.4242,8.63941,47.246
27599,3069,3293,3662,3753,3207,3491,4191,4883,3286,3787,5189,9416,3307,3864,5289,8234,13.2829,27.7351,8.96362,47.9473
27600,9139,6772,4214,3593,7133,5552,3871,3350,4274,3876,3665,3327,3458,3474,3251,3050,-18.7561,-19.6574,8.59332,47.9993
27601,3632,3503,3292,3138,4504,4251,3564,3289,7360,6421,4149,3446,7374,6534,4181,3550,14.6938,-17.4395,8.55101,48.1253
27602,4769,4455,3561,3262,7238,6338,4090,3495,6370,5863,3928,3410,4402,4172,3639,3273,-1.73997,-17.494,8.94865,48.1767
27603,3299,3400,3486,3494,3543,3994,4201,3927,3988,5474,7200,4876,4003,5356,7024,5065,14.3849,5.21937,8.70938,48.22
27604,3544,3890,4223,4011,3893,5097,6546,4526,3955,5161,6912,4765,3449,4043,4307,3946,0.765194,5.17141,8.73531,48.1787
27605,3383,3970,5566,9753,3420,3875,5128,8635,3201,3488,4038,4508,3105,3225,3403,3486,-16.936,27.9793,8.66359,48.1227
27606,3075,3316,3491,3652,3265,3642,4102,4608,3404,3920,5719,8586,3415,4102,5727,8507,15.022,22.6925,8.68487,48.354
27607,3117,3182,3451,3371,3124,3381,3822,4051,3327,3809,4760,6084,3329,3977,6453,12706,27.0089,26.2746,8.92804,47.9627
27608,6724,9838,5664,3895,4892,5159,4354,3760,3640,3880,3595,3306,3365,3378,3292,3039,-29.2094,-9.0169,8.54664,47.854
27609,3299,3419,3607,3605,3461,3920,4712,4166,3770,5116,7839,5496,3744,4610,6255,5005,11.6073,8.07797,8.54791,48.016
27610,3382,3722,4585,6016,3440,3959,5538,9441,3279,3667,4618,6463,3117,3454,3805,4023,-6.11588,25.4959,8.57202,48.3393
27611,3469,4048,5935,10851,3424,3860,5074,7443,3292,3508,3874,4200,3015,3254,3464,3382,-20.3155,27.0533,8.64059,48.062
27612,4010,4699,4457,3795,4388,7087,6345,4046,4170,5491,5063,3839,3563,3915,3869,3394,-4.42562,-1.69226,8.68223,48.0873
27613,3176,3309,3363,3317,3400,3543,3831,3809,3518,4351,5327,4972,3744,5332,9904,7202,30.6358,10.2557,8.81354,48.0653
27614,12513,6002,3959,3272,6255,4770,3843,3343,3930,3799,3350,3188,3479,3358,3198,3126,-26.3962,-31.6899,8.92768,47.59
27615,12108,6809,4020,3283,6068,4879,3758,3302,3820,3717,3511,3326,3342,3352,3200,3117,-27.2613,-23.7693,8.99315,47.7413
27616,3504,3519,3435,3190,3872,4125,3966,3532,4827,6724,5172,3955,5250,7536,5794,4042,16.8188,-4.77774,8.55569,48.2953
27617,9521,7532,4323,3532,6293,5474,3983,3485,4142,3958,3406,3179,3422,3324,3286,3113,-21.6606,-18.5108,8.7448,47.982
27618,4015,4336,4157,3812,4320,6697,6031,4194,4173,5799,5446,3986,3686,4005,4004,3602,-1.86802,-0.926644,8.81732,48.1753
27619,12527,6049,3907,3395,6230,4758,3801,3460,3925,3739,3373,3216,3441,3328,3192,3149,-27.582,-30.8756,8.64696,47.66
27620,4299,6559,8786,5308,3855,4933,5884,4567,3442,3748,3893,3644,3228,3254,3426,3350,-21.378,4.4368,8.95601,48.1173
27621,3506,3533,3312,3102,4370,3931,3470,3247,7871,5045,3752,3315,10558,5731,3998,3379,19.0733,-28.3542,8.68722,48.08
27622,3267,3542,4324,4711,3485,3870,5423,7559,3277,3784,5502,7794,3255,3612,4358,4725,0.551257,21.5132,8.63973,48.3253
27623,3109,3330,3416,3364,3351,3582,3804,3770,3678,4122,5233,5185,3684,4977,9382,8096,28.4487,13.0637,8.91959,48.0553
27624,5175,4321,3541,3226,8856,4973,3772,3418,7570,4850,3867,3284,4464,4138,3477,3208,-1.85273,-31.9239,8.54253,48.0933
27625,11820,5853,3979,3370,6937,4701,3799,3360,4021,3876,3513,3235,3465,3328,3170,3159,-22.6056,-30.3211,8.82414,47.724
27626,3138,3160,3391,3393,3236,3404,3768,4021,3448,3808,4879,5918,3484,3928,6722,11801,32.177,22.8814,8.83214,47.666
27627,4626,4245,3519,3203,7897,5099,3762,3417,8561,4941,3791,3438,4996,4349,3483,3243,0.720364,-25.6425,8.83313,48.38
27628,3333,3441,3340,3171,3873,3903,3579,3183,5554,5100,4141,3410,9328,8718,4574,3563,28.1954,-15.9953,8.69716,48.1407
27629,4568,6207,5779,4311,4509,6820,6295,4168,3779,4369,4136,3753,3358,3467,3582,3418,-13.5711,-1.17955,8.54174,48.346
27630,6215,6200,4229,3607,7035,7180,4304,3527,4495,4524,3683,3349,3618,3595,3410,3318,-12.256,-14.4901,8.57246,48.1927
27631,3036,3246,3429,3403,3228,3468,4104,4011,3553,4256,5858,6107,3606,4589,8093,8149,20.23,14.9393,8.82307,48.0907
27632,9688,5508,3890,3371,8530,4952,3808,3501,4469,4015,3435,3204,3546,3595,3238,3099,-16.6219,-32.0079,8.81213,47.8993
27633,9640,8170,4366,3527,5811,5280,4012,3466,3946,3861,3539,3239,3340,3406,3310,3043,-25.9297,-17.1791,8.54951,47.9707
27634,3790,5493,9719,7100,3530,4370,5196,4926,3221,3538,3759,3770,3128,3362,3444,3356,-30.6855,9.98522,8.60809,47.8013
27635,3511,3552,3253,3094,4184,3926,3668,3405,6540,6200,4199,3465,7888,7520,4467,3595,17.8898,-15.6612,8.96154,48.3113
27636,5609,4431,3669,3408,9490,5164,3735,3304,6858,4613,3750,3310,4052,3964,3380,3163,-4.58812,-31.4778,8.77431,47.9333
27637,3478,4091,5778,5811,3568,4360,7514,7206,3479,3684,4698,4778,3170,3452,3603,3669,-9.81548,14.7753,8.9816,48.226
27638,3350,3658,4789,6831,3422,3842,5490,9882,3278,3523,4380,5635,3140,3301,3819,3920,-8.85217,26.1588,8.78121,48.1733
27639,3474,3941,5989,12537,3341,3802,4702,5942,3291,3434,3843,3955,3195,3251,3324,3346,-31.6132,30.7758,8.52529,47.578
27640,3622,3502,3236,3113,4534,4037,3570,3138,8731,5129,3864,3389,9422,5468,3961,3338,16.0382,-27.8462,8.5699,48.036
27641,3338,3366,3255,3140,3771,3902,3511,3292,5039,5159,4193,3519,7789,9800,5139,3655,30.0961,-11.7724,8.95668,47.912
27642,3381,3420,3296,3046,3816,3749,3438,3258,6208,4778,3834,3315,12508,6122,3956,3338,27.7756,-28.3991,8.53441,47.642
27643,3483,3475,3320,3166,4252,4015,3690,3293,7076,6076,4032,3495,8473,6855,4126,3536,17.7042,-18.0617,8.84124,48.242
27644,3933,3826,3305,3225,5688,4320,3645,3267,9945,5355,3822,3396,6870,4826,3638,3312,9.20814,-28.9324,8.58615,48.2487
27645,4576,7514,7779,4866,4115,5522,5484,4345,3568,3856,3856,3687,3244,3397,3403,3279,-21.3287,0.248395,8.57525,48.3273
27646,4048,5432,6715,4826,3961,5639,7306,4819,3646,4007,4371,3937,3338,3491,3468,3514,-13.7951,4.66164,8.61872,48.3453
27647,3038,3307,3658,3684,3258,3744,4283,4962,3407,3943,6043,8916,3364,3876,5447,7276,11.7244,21.5553,8.50742,48.1373
27648,3100,3195,3270,3437,3212,3618,3922,4075,3383,3851,5145,6855,3351,4024,6500,11038,22.0808,23.2795,8.51587,47.984
27649,4762,4944,3902,3497,6536,7845,4411,3591,5205,5478,4012,3529,4020,4033,3648,3355,-4.62875,-12.7808,8.9706,48.512
27650,3274,3342,3263,3131,3825,3886,3650,3325,4778,5177,4348,3618,6348,10156,5829,4025,28.9965,-7.88831,8.9881,47.9833
27651,3286,3714,4439,5302,3350,3877,5804,8964,3289,3772,4982,6615,3200,3535,3874,4286,-4.17047,21.8868,8.69863,48.1927
27652,3298,3858,5471,6834,3395,3999,6340,8706,3334,3621,4365,5056,3111,3346,3634,3814,-10.8997,19.9396,8.86374,48.1213
27653,5887,4831,3763,3280,9243,6045,3848,3487,5801,4634,3747,3188,4044,3680,3454,3221,-6.74898,-21.9624,8.64231,48.102
27654,3380,3732,4852,7533,3385,3801,5179,9765,3231,3601,4185,5201,3170,3384,3653,3720,-11.4487,31.8108,8.92498,47.848
27655,3162,3294,3340,3226,3574,3636,3733,3718,4010,4607,5168,4487,4242,7107,9282,5595,29.1358,3.77518,8.64087,48.1207
27656,4847,4365,3608,3232,8159,5594,3831,3397,7308,5241,3725,3260,4573,4142,3453,3102,-1.43389,-22.1035,8.71516,47.8913
27657,5137,5554,4024,3576,6772,7892,4450,3649,4767,5011,3924,3541,3770,3796,3518,3231,-7.9803,-12.7354,8.92482,48.408
27658,4526,4051,3535,3230,7465,4788,3659,3268,9119,5072,3760,3274,5190,4263,3706,3283,2.38911,-28.322,8.93149,48.126
27659,4300,6737,9308,5484,3959,4543,5063,4463,3462,3743,3857,3535,3340,3316,3375,3265,-32.6484,4.08901,8.5871,47.8333
27660,7374,8553,4825,3710,5674,6162,4272,3671,4081,3990,3556,3352,3348,3553,3328,3167,-20.131,-12.8242,8.8097,48.4107
27661,5459,4949,3849,3348,7991,6709,4095,3480,5608,4994,3793,3379,4000,3857,3540,3217,-6.07893,-17.5185,8.69981,48.1787
27662,3689,3842,3523,3293,4191,4916,4129,3387,5462,8266,5235,3735,4852,5615,4477,3755,9.01868,-7.50819,8.91341,48.2447
27663,8626,5384,3800,3328,8955,5167,3863,3340,4772,4126,3500,3376,3716,3620,3189,3079,-14.4334,-27.8678,8.68433,47.894
27664,4826,7596,7147,4543,4282,5893,5647,4196,3620,4050,3968,3576,3283,3403,3478,3290,-19.3572,-1.00002,8.59007,48.532
27665,3772,4953,8773,7445,3693,4235,5953,5487,3247,3631,3905,4012,3143,3191,3402,3373,-21.4121,12.269,8.61699,48.1433
27666,3184,3393,3416,3323,3595,3711,3705,3550,4137,4969,4935,4261,4498,8019,8296,4938,32.8412,0.781462,8.57128,47.9533
27667,3261,3526,4209,4583,3282,3821,4899,8068,3290,3726,4820,8546,3229,3496,4124,4888,0.64163,32.1373,8.83916,47.8453
27668,3618,4248,5027,4575,3735,4947,8049,5685,3581,4230,5534,4617,3353,3556,3977,3835,-5.84423,8.87362,8.51553,48.378
27669,3306,3518,4242,4863,3253,3657,5036,8275,3374,3637,4874,8302,3317,3603,4229,4773,-0.0949614,28.4187,8.67257,48.1727
27670,3513,3921,4200,3955,3752,4945,6586,4739,3801,5091,7051,4899,3622,4099,4443,3964,0.980394,5.65088,8.73346,48.3873
27671,3441,3333,3374,3059,3896,3887,3444,3248,5986,4793,3874,3401,12557,5985,3842,3387,30.1109,-30.8481,8.50262,47.6713
27672,3706,4169,5207,4466,3739,5127,8190,5307,3738,4320,5484,4564,3445,3602,3864,3675,-6.18372,7.32202,8.98997,48.402
27673,3667,3708,3332,3075,5044,4211,3663,3178,9529,5281,3896,3289,7653,5127,3864,3342,12.0066,-33.4311,8.76232,47.906
27674,3323,3324,3287,3090,3795,3783,3696,3399,4565,5600,4584,3750,5893,9568,6443,4166,24.2041,-6.06428,8.87405,48.1773
27675,3788,4663,7195,6233,3633,4442,7057,5997,3424,3782,4308,4233,3242,3312,3512,3556,-15.7102,11.8294,8.52252,48.2513
27676,3442,4128,7103,11420,3363,3993,5022,6023,3123,3408,3882,3829,3127,3244,3361,3423,-27.9698,21.639,8.69292,47.9273
27677,3239,3640,3881,3843,3467,3980,5208,4567,3582,4716,7918,6136,3674,4200,5314,4919,7.64946,10.8422,8.57311,48.1893
27678,3172,3318,3398,3251,3442,3768,3653,3631,4167,4990,5323,4363,4805,7989,8505,5029,26.6833,0.67633,8.69153,48.536
27679,5161,6159,4542,3732,5789,8077,4830,3717,4277,4785,3897,3377,3503,3760,3464,3221,-10.7438,-9.47541,8.78298,48.194
27680,3629,3760,3494,3159,4409,4940,3891,3526,6016,7938,4752,3613,5188,5800,4385,3654,9.92498,-10.6739,8.50472,48.1027
27681,3356,3750,3788,3608,3700,4727,4937,3901,4201,6391,7395,4510,3926,4847,5241,4263,7.93021,2.20076,8.61778,48.3607
27682,3439,3867,5723,10206,3408,3812,5031,7943,3236,3449,3893,4420,3218,3175,3330,3471,-18.2138,32.1909,8.60118,47.7473
27683,3279,3385,3253,3128,3651,3822,3619,3437,4649,5365,4442,3836,6005,10123,6267,4037,27.888,-6.52269,8.89812,48.1987
27684,3283,3917,5034,7607,3379,3842,5290,9684,3195,3624,4139,5018,3196,3279,3581,3553,-11.7337,32.6216,8.71196,47.7473
27685,5611,4982,3911,3376,7821,6872,4217,3456,5423,4935,3875,3370,3930,3852,3426,3245,-6.95351,-17.0178,8.77432,48.2013
27686,3871,3694,3320,3239,5819,4582,3651,3393,9887,5181,3838,3386,6268,4806,3699,3281,7.7163,-33.3785,8.65118,47.9433
27687,9542,7437,4277,3471,6322,5635,3965,3437,4035,3974,3561,3297,3454,3543,3263,3118,-21.3225,-18.2443,8.78819,48.2207
27688,3079,3167,3407,3368,3219,3431,3732,3775,3388,3839,5125,5713,3213,4231,7972,10902,31.1394,19.2205,8.99068,47.7073
27689,4769,4193,3359,3271,7460,4864,3680,3403,8568,5023,3811,3339,5151,4381,3538,3265,1.63347,-26.4455,8.78405,48.05
27690,8829,5440,3859,3322,9130,5242,3835,3285,4794,4063,3520,3226,3648,3434,3351,3134,-14.8438,-29.816,8.8027,48.0747
27691,5800,4484,3586,3331,9542,5201,3792,3304,6675,4721,3713,3278,4178,3886,3419,3214,-5.26027,-31.218,8.63926,48.0827
27692,3895,3973,3532,3364,5132,5667,4040,3417,6321,7781,4419,3584,4864,4847,3858,3479,4.91394,-12.3038,8.62706,48.1153
27693,3051,3243,3505,3353,3255,3575,3859,4105,3566,3898,5113,6565,3373,4024,6873,10632,22.617,21.3571,8.58845,47.9933
27694,5081,7316,5568,4128,4825,7019,5466,3905,3777,4125,3895,3639,3317,3592,3438,3295,-16.1956,-5.02416,8.55361,48.2573
27695,7496,9902,5320,3667,4919,5265,4232,3684,3804,3816,3530,3337,3303,3437,3241,3144,-30.6919,-11.1115,8.97809,48.0647
27696,3477,3875,5813,11478,3414,3807,4878,7443,3176,3333,3808,4163,3084,3149,3413,3403,-20.8992,30.9663,8.80413,47.8093
27697,3627,4442,7905,7741,3527,4204,6137,6296,3220,3615,4026,4192,3153,3179,3490,3360,-19.0371,14.8191,8.79912,48.076
27698,3421,3877,5702,11483,3245,3845,5016,7362,3183,3497,3840,4143,3103,3193,3352,3316,-20.9995,31.3306,8.80966,47.7187
27699,3166,3483,4156,4752,3428,3738,4812,7887,3304,3790,4973,8603,3259,3569,4158,4835,0.912694,27.6902,8.78815,47.942
27700,3037,3401,3403,3250,3209,3570,3831,4015,3360,3678,4791,6369,3436,4049,6636,12135,24.6646,24.6161,8.92296,48.1133
27701,3387,3538,3511,3381,3743,4158,4279,3792,4206,6464,6689,4467,4169,5895,6193,4570,13.436,0.843234,8.71019,48.2947
27702,3391,3332,3303,3138,4021,3768,3306,3215,6768,4951,3855,3491,11765,6024,3861,3445,23.5882,-32.9456,8.50098,47.756
27703,3532,3490,3268,2999,4358,3923,3523,3209,7844,5166,3892,3296,10012,5984,3982,3387,18.0879,-25.2698,8.61799,47.91
27704,3190,3648,4425,5253,3283,3891,5445,8810,3245,3697,4979,7193,3139,3404,4068,4490,-2.55317,23.6109,8.82541,48.1067
27705,3222,3395,3356,3197,3629,3788,3656,3405,4463,4976,4890,3965,5270,9002,7394,4321,29.3737,-2.89045,8.73394,47.9527
27706,3577,4576,7966,7520,3730,4232,6264,6082,3309,3633,4013,3952,3132,3292,3458,3425,-18.7366,13.8324,8.75861,48.1073
27707,3547,4293,7008,8788,3455,3967,5951,6856,3181,3530,3979,4268,3029,3266,3336,3494,-18.5297,18.1346,8.83045,47.9653
27708,3996,3697,3400,3158,6030,4342,3604,3243,10140,5220,3719,3444,6368,4857,3692,3300,7.67841,-29.728,8.97514,48.14
27709,3551,3930,4658,4350,3668,4811,7533,5265,3669,4515,6366,4852,3436,3739,4196,3958,-1.85866,8.687,8.68583,48.3313
27710,3910,3697,3410,3160,5932,4490,3566,3342,9988,5227,3831,3320,6431,4647,3659,3379,7.81235,-31.2085,8.88621,47.9927
27711,3535,3322,3351,3091,4561,4095,3438,3231,8619,5250,3851,3404,9372,5464,3867,3412,15.7105,-30.199,8.87483,47.9087
27712,5689,9563,6458,4162,4491,5407,4620,3917,3739,3707,3577,3491,3254,3346,3224,3184,-25.8466,-5.43455,8.84889,47.886
27713,3118,3287,3461,3474,3253,3509,3856,4264,3444,3899,5416,7027,3446,4058,6882,9702,20.2056,20.2343,8.63882,48.064
27714,3062,3347,3491,3543,3439,3623,4094,4281,3460,4115,6305,7020,3487,4216,6932,7794,16.6411,16.8094,8.72206,48.1393
27715,3354,3344,3310,3253,3750,3832,3691,3338,4812,5102,4519,3745,6441,9965,5802,3796,33.7406,-7.8925,8.82971,48.036
27716,3669,4947,9042,7602,3651,4284,5809,5540,3346,3593,3977,3947,3168,3280,3420,3343,-22.3858,12.5072,8.8216,48.412
27717,3510,3404,3182,3104,4258,3910,3459,3201,7298,5058,3823,3303,11043,6019,3945,3291,20.7528,-26.3362,8.76027,47.872
27718,10342,8182,4298,3473,5583,5141,3929,3514,3779,3778,3558,3251,3515,3374,3198,3229,-31.5409,-17.8855,8.9269,48.096
27719,3819,3581,3359,3105,5019,4261,3541,3291,8984,6068,3891,3389,7470,5334,3755,3411,11.9774,-22.5008,8.7692,48.1853
27720,3121,3237,3342,3306,3241,3432,3727,3880,3358,3828,4722,6171,3369,3884,5921,12810,29.3494,30.3689,8.95358,47.566
27721,9734,7938,4280,3603,6195,5432,3999,3543,3871,3839,3573,3202,3391,3367,3166,2920,-22.8597,-17.5754,8.88747,48.0353
27722,3071,3275,3503,3474,3233,3656,4152,4134,3502,4026,6266,6423,3667,4438,7502,7711,17.9235,15.3593,8.87357,48.022
27723,4296,6580,8561,5374,4026,5017,5863,4452,3530,3767,3835,3661,3117,3309,3472,3307,-21.4336,3.93236,8.55823,48.1113
27724,3382,3436,3757,3507,3511,4111,4800,4146,3988,5648,7956,4987,3796,4729,5836,4716,9.83565,5.38917,8.9694,48.204
27725,3391,3976,6760,11855,3432,3850,4894,6031,3153,3397,3820,3964,3166,3250,3354,3394,-29.7706,23.1625,8.87235,47.7913
27726,3999,6092,9885,6400,3766,4470,5366,4616,3407,3691,3728,3620,3065,3214,3381,3256,-28.207,7.27363,8.95579,47.9707
27727,3118,3243,3435,3354,3324,3371,3924,4247,3333,3878,4920,7634,3427,3883,5694,10788,19.352,30.266,8.68003,47.7153
27728,3540,4006,5242,4973,3551,4370,7521,6804,3454,3930,5275,5164,3235,3542,3899,3869,-6.59651,13.6952,8.75784,48.25
27729,3232,3312,3403,3379,3377,3760,3749,3592,4092,4901,4937,4299,4652,8030,8351,4875,31.2473,0.513818,8.51243,47.9607
27730,6217,10019,6144,4143,4656,5267,4347,3804,3757,3839,3643,3328,3339,3236,3306,3082,-30.661,-6.87824,8.89748,48.0847
27731,7031,9660,5385,3777,4963,5437,4302,3717,3794,3891,3665,3450,3284,3528,3379,3168,-27.4695,-10.3833,8.53313,48.2873
27732,3330,3551,4086,4061,3423,4127,5883,5582,3635,4348,7089,6541,3468,3830,4675,4783,3.23797,13.8761,8.61334,48.2747
27733,3361,3848,5606,9706,3438,3871,5195,8215,3251,3514,4056,4426,3218,3199,3421,3501,-16.8995,33.3189,8.65542,47.884
27734,9512,6825,4031,3562,7047,5635,4067,3388,4191,3949,3533,3202,3464,3396,3238,3130,-19.4734,-19.8047,8.76029,48.1133
27735,3109,3237,3624,3671,3235,3726,4146,4923,3417,4132,5607,8852,3316,3965,5665,7751,13.0363,22.3223,8.62711,48.2507
27736,3630,3431,3201,3118,4456,4096,3536,3222,8484,5210,3931,3379,9438,5708,4022,3314,16.7256,-25.8741,8.69548,48.1173
27737,3319,4025,6598,12331,3350,3753,4726,6085,3308,3541,3726,3984,3181,3213,3319,3377,-31.5535,24.2152,8.94128,47.8907
27738,7321,5231,3741,3352,9325,5624,3910,3412,5086,4259,3709,3319,3682,3578,3365,3126,-11.4439,-23.7157,8.56652,48.0267
27739,3495,3325,3297,3136,4048,3851,3464,3243,7327,4947,3766,3400,11455,5699,3907,3472,21.1615,-29.5843,8.82957,47.888
27740,3998,3686,3491,3225,6026,4720,3739,3329,9166,5665,3833,3428,6037,4799,3812,3237,6.66344,-23.6571,8.52058,48.1273
27741,3480,3766,5494,7752,3446,3824,5931,8975,3237,3593,4188,4913,3230,3319,3556,3764,-12.7602,22.8782,8.91509,48.312
27742,10745,7693,4337,3342,5777,5010,3917,3473,3894,3794,3446,3220,3465,3341,3277,3155,-28.681,-19.538,8.64908,47.924
27743,3555,3597,3187,3180,4651,4165,3588,3304,7571,6129,4031,3512,7785,6246,4131,3485,14.8676,-18.5252,8.6582,48.078
27744,3451,3930,6122,12290,3328,3789,4731,6473,3202,3525,3752,3809,3168,3108,3283,3394,-25.4725,28.5588,8.75047,47.57
27745,3147,3288,3463,3424,3178,3492,3823,3992,3352,3789,4851,6009,3310,3922,6414,12105,30.2273,25.6967,8.67229,47.706
27746,3955,4145,3502,3297,5531,5571,4093,3365,6744,7341,4331,3581,4885,4794,3959,3384,4.17328,-13.557,8.70405,48.3187
27747,3114,3240,3378,3260,3501,3782,3915,3728,3868,4730,5876,4734,4043,5936,9223,5848,21.8734,6.73958,8.75431,48.1173
27748,3389,4060,6718,11961,3396,3812,4769,5975,3254,3463,3881,3933,3120,3207,3399,3429,-29.1422,23.255,8.85074,47.844
27749,6087,9101,5882,4068,4925,5929,4619,3701,3689,3936,3725,3421,3355,3413,3440,3174,-21.8692,-7.47871,8.71917,48.31
27750,4221,5389,5191,4047,4425,7078,6726,4398,3766,4679,4445,3767,3589,3675,3574,3372,-9.93313,-0.730426,8.8979,48.228
27751,3497,3873,4585,4274,3643,4760,7412,5195,3580,4599,6414,4877,3327,3728,4155,3907,-1.94788,8.32083,8.87608,47.884
27752,4025,4001,3668,3243,5546,5537,3961,3393,7029,6992,4241,3487,4967,4666,3784,3386,3.74546,-15.2136,8.93885,47.9507
27753,3470,3960,4932,4769,3617,4314,7561,6521,3516,4059,5894,5336,3202,3541,4008,4021,-3.91374,12.7733,8.92948,48.4807
27754,3272,3653,4169,4325,3439,4091,6121,5949,3608,4219,6712,6612,3404,3830,4442,4485,1.83637,14.4032,8.65554,48.2207
27755,3342,3387,3522,3388,3395,3848,4072,3964,3860,5125,7159,4736,4099,5545,7657,5191,16.6425,5.23842,8.78686,48.1933
27756,3531,3494,3265,3060,4393,3951,3554,3259,8355,5219,3894,3359,10093,5702,3912,3369,17.2757,-29.078,8.96711,48.2733
27757,5625,9561,6608,4230,4506,5143,4631,3906,3649,3703,3624,3427,3197,3412,3310,3154,-30.6758,-4.98315,8.69223,47.7907
27758,3150,3269,3492,3545,3281,3638,4228,4311,3414,4089,5976,7063,3395,4335,6766,7996,17.2287,17.536,8.76713,47.9653
27759,3389,3516,3350,3106,3757,3839,3764,3512,4571,5812,5007,3942,5284,8666,6690,4279,21.4651,-3.80911,8.78977,48.3227
27760,3446,3308,3355,3179,3966,3894,3496,3311,5681,5609,4138,3455,8404,8661,4690,3644,23.0789,-14.2567,8.6617,48.158
27761,3391,3407,3308,3169,3908,3974,3546,3262,5752,5535,4177,3485,8625,8381,4535,3551,22.7925,-15.5551,8.5046,48.004
27762,4498,4131,3595,3193,7489,5223,3701,3373,8300,5456,3782,3348,4951,4261,3732,3183,1.42294,-22.0585,8.93122,48.144
27763,6689,8611,5068,3766,5376,6398,4318,3600,3882,4029,3629,3374,3316,3509,3251,3204,-19.5972,-10.9643,8.71671,48.0133
27764,4036,3825,3391,3168,6039,4614,3667,3288,9271,5774,3935,3414,6062,4784,3653,3392,6.70205,-23.1133,8.52398,48.2087
27765,3727,3793,3514,3196,4506,4961,3947,3407,6384,8062,4565,3575,5187,5509,4284,3574,9.10644,-11.9147,8.77818,48.1273
27766,3438,3731,3750,3606,3788,4736,5133,4053,4038,6393,7441,4510,3836,4612,5043,4214,6.36373,2.65988,8.97233,48.2147
27767,3776,4311,4472,3971,4191,6097,6963,4364,4120,5198,5711,4259,3611,3870,3967,3684,-2.92271,1.42125,8.9503,48.3767
27768,4861,4130,3527,3264,8329,4917,3709,3360,8563,4894,3741,3328,4848,4040,3485,3211,0.322232,-32.3952,8.92646,48.138
27769,3588,3837,3728,3491,3949,5144,5027,3954,4239,6862,6780,4182,3942,4773,4684,4003,6.1244,-0.483846,8.72508,48.122
27770,3491,3472,3303,2952,4447,4079,3580,3258,8308,5228,3842,3523,9574,5981,3871,3348,17.0842,-24.2409,8.79824,48.1713
27771,11254,7437,4130,3404,5869,4854,3916,3377,3968,3739,3431,3156,3411,3436,3360,3092,-31.8784,-20.5123,8.99938,47.8893
27772,8351,5542,3792,3437,8943,5570,3873,3362,4758,4228,3508,3167,3562,3515,3324,3071,-14.1303,-23.5655,8.72351,48.002
27773,3551,4559,7162,6268,3611,4452,7338,6271,3307,3700,4366,4231,3143,3423,3566,3523,-14.8558,12.2661,8.87309,48.314
27774,3281,3464,3545,3398,3388,3893,4413,3960,3712,5044,7494,5230,3913,5072,7068,5330,14.3464,7.48335,8.78187,48.1367
27775,3744,3568,3312,3182,5164,4326,3513,3295,9755,5189,3810,3374,7271,5100,3731,3341,10.9522,-33.7369,8.82032,47.7833
27776,9447,5509,3837,3418,8498,5211,3887,3349,4582,4129,3505,3261,3640,3495,3282,3157,-15.9629,-26.4639,8.72368,48.138
27777,4003,3762,3322,3155,5981,4400,3675,3304,9829,5396,3864,3373,6289,4657,3739,3374,7.36079,-28.6068,8.69786,48.082
27778,7520,9559,5176,3859,5040,5268,4140,3761,3704,3871,3703,3309,3348,3402,3223,3122,-27.9891,-11.2825,8.61391,48.0033
27779,3392,3781,4144,4048,3576,4421,6476,4987,3655,4685,7458,5342,3429,3982,4587,4249,2.38039,9.01334,8.88648,48.1413
27780,3725,4032,3811,3497,4286,5857,4985,3910,4628,7325,5628,3959,4090,4698,4323,3733,3.22463,-3.90681,8.74376,48.3247
27781,6542,9760,5949,3886,4687,5224,4424,3835,3692,3779,3541,3428,3353,3355,3325,3206,-31.8446,-8.13913,8.59184,47.9907
27782,7819,7652,4445,3667,6408,6093,4186,3685,4134,3946,3607,3389,3408,3413,3255,3195,-18.5285,-15.4732,8.68999,48.2013
27783,3470,3589,3424,3138,4472,4368,3697,3439,6759,6904,4275,3650,6695,6710,4279,3483,14.1745,-14.713,8.62478,48.2347
27784,4186,3946,3478,3229,5754,5484,3824,3367,7551,6752,4103,3576,5308,4640,3746,3475,4.74172,-16.9548,8.699,48.2793
27785,3339,3970,6112,11274,3373,3783,4895,7386,3239,3473,3920,4165,3080,3208,3369,3480,-21.07,26.0971,8.92935,48.044
27786,3255,3475,3272,3210,3642,4050,3928,3465,4603,6259,5209,4038,5200,8286,6218,4232,19.3285,-4.10331,8.66751,48.228
27787,3174,3456,3765,3831,3353,3696,4572,5237,3528,4125,6572,8021,3450,3873,5187,6096,9.10478,18.2158,8.59114,47.9573
27788,3503,3584,3316,3110,4960,4078,3476,3258,9473,5094,3982,3475,8080,5246,3904,3353,13.2184,-32.4209,8.95437,47.928
27789,3311,3387,3543,3394,3690,4128,4479,3934,4050,5811,7612,4930,4032,5349,6420,4731,12.7581,4.07268,8.5072,48.534
27790,3305,3818,4990,5786,3489,4016,6570,8234,3307,3820,4851,5471,3234,3545,3821,3924,-7.56766,18.687,8.76576,48.1207
27791,3405,3431,3192,3038,3986,3790,3407,3269,6326,4816,3863,3350,12241,6355,4058,3457,25.9472,-25.821,8.7128,47.9893
27792,3250,3327,3252,3326,3627,3804,3763,3575,4351,5255,4966,4043,5128,8652,7459,4633,26.4341,-2.15207,8.52871,48.274
27793,3060,3254,3376,3401,3301,3418,3851,3953,3348,3868,4915,6450,3453,4050,6230,11753,24.5881,26.0939,8.57781,47.7873
27794,3681,4429,4973,4454,3979,5552,7923,4910,3754,4517,5468,4410,3446,3681,3769,3561,-5.97642,5.47992,8.75953,48.338
27795,3119,3332,3367,3334,3452,3767,3849,3738,3878,4893,5614,4621,4205,6911,9038,5357,23.3438,3.67132,8.96999,48.3167
27796,3690,4479,6828,6637,3528,4340,6992,6577,3406,3639,4321,4301,3172,3392,3473,3520,-14.8086,13.543,8.77359,48.1967
27797,4769,8092,8441,4947,4162,4949,4949,4330,3631,3734,3723,3459,3270,3283,3284,3322,-32.779,0.479323,8.85469,48.23
27798,5138,8911,7380,4431,4285,4998,4756,4104,3638,3821,3688,3567,3290,3458,3413,3267,-32.2219,-2.36707,8.51531,48.0967
27799,3327,3353,3231,3169,3919,3783,3453,3185,5685,4957,3986,3319,10252,8039,4464,3347,28.3221,-17.7786,8.82007,47.646
27800,7117,4981,3885,3454,9757,5306,3779,3309,5401,4311,3598,3294,3696,3649,3434,3277,-10.5998,-32.6623,8.56082,48.1653
27801,3176,3293,3400,3320,3180,3566,3849,3792,3598,4164,5193,5358,3570,4786,9223,8392,27.7931,13.897,8.59224,47.9067
27802,4469,7272,8992,5215,4025,5037,5334,4385,3478,3665,3861,3508,3064,3258,3335,3227,-24.1483,2.57274,8.93354,48.0833
27803,4238,5655,6395,4560,4146,6357,7110,4439,3564,4062,4257,3873,3294,3522,3461,3369,-13.3531,2.04804,8.97436,48.2013
27804,7916,5000,3802,3437,9727,5283,3906,3354,5057,4210,3437,3212,3627,3639,3297,3170,-12.3998,-31.2794,8.71805,48.0493
27805,3560,4702,8243,7614,3612,4217,6083,5823,3285,3627,4055,4021,3138,3247,3425,3336,-20.2109,13.8085,8.58448,47.992
27806,7162,5741,3955,3440,8313,6297,4078,3379,4680,4323,3675,3315,3784,3607,3388,3161,-12.6007,-19.6911,8.90005,48.1987
27807,3814,3750,3478,3076,4853,4564,3702,3406,7639,7150,4222,3523,6075,5700,4024,3458,10.1272,-16.4698,8.76893,48.2893
27808,3097,3413,3350,3266,3390,3658,3794,3610,3964,4619,5111,4539,4123,6523,9659,5686,31.6364,5.22274,8.67033,47.868
27809,3075,3086,3446,3446,3117,3400,3905,3969,3348,3848,4851,5885,3462,4136,7147,11665,29.3373,22.0487,8.94905,47.8573
27810,3249,3469,3420,3231,3766,3874,3634,3473,4971,6011,4570,3741,6079,9324,5652,3929,21.6198,-7.5882,8.9996,48.262
27811,3150,3291,3382,3252,3380,3825,3866,3770,3817,4609,5542,4612,4108,6380,9414,5885,25.2215,6.02342,8.87509,48.1887
27812,4159,3705,3481,3093,6027,4727,3860,3179,9112,6033,3938,3348,5640,4720,3714,3321,5.96073,-21.1853,8.9965,48.038
27813,3336,3339,3146,3079,3974,3811,3484,3186,6873,4738,3679,3450,12297,6154,3961,3367,23.8913,-28.0444,8.9136,47.916
27814,3511,4003,5232,5279,3529,4362,7355,7049,3483,3837,5182,5130,3237,3382,3901,3816,-6.76681,14.2336,8.58256,48.192
27815,3388,3445,3168,3184,3944,3871,3498,3185,6020,4992,3744,3355,12109,6231,3940,3400,32.38,-25.2761,8.50654,47.6493
27816,3300,3238,3479,3388,3251,3517,3828,3926,3416,3622,4643,6181,3282,3799,5783,12390,33.9365,30.9558,8.66138,47.362
27817,3393,3970,6980,11724,3384,3838,4900,5959,3104,3509,3768,3860,3120,3308,3303,3407,-31.7513,22.197,8.72495,47.6847
27818,3393,3828,5191,8091,3438,3794,5133,9417,3325,3592,4288,4973,3050,3331,3634,3746,-13.115,29.0689,8.65723,48.1493
27819,3405,3854,6394,12361,3377,3880,4853,5932,3252,3456,3728,3947,3162,3200,3403,3511,-30.6183,25.2049,8.6988,47.81
27820,3302,3394,3274,2996,3892,3911,3528,3166,6511,4799,3754,3405,12097,5872,3901,3441,24.7505,-31.99,8.57326,47.4953
27821,3880,3925,3514,3139,5330,4937,3955,3378,7556,7265,4237,3611,5581,5243,3819,3382,7.58901,-15.5751,8.64275,48.5013
27822,3379,3888,6273,11544,3356,3751,4986,6821,3203,3368,3843,4070,3156,3230,3413,3353,-22.4587,25.2731,8.76247,47.756
27823,3641,4035,4430,3938,3864,5518,6650,4615,3838,5262,6688,4388,3678,3931,4174,3956,-0.477805,4.22939,8.76078,48.404
27824,3433,3916,6074,12286,3255,3725,4955,6621,3235,3425,3785,4026,3103,3201,3460,3395,-24.5954,29.7858,8.75249,47.93
27825,3251,3686,4731,6125,3456,3855,5654,9683,3327,3625,4576,6043,3281,3374,3773,3866,-7.19458,24.2855,8.67559,48.204
27826,4097,6016,8359,5459,3880,5092,6257,4709,3476,3859,3892,3792,3231,3390,3423,3326,-19.8828,5.11939,8.64163,48.172
27827,4144,4057,3608,3294,5898,5805,3962,3491,6945,6870,4153,3576,4795,4635,3879,3363,3.13495,-15.4182,8.78539,48.3167
27828,3903,4107,3478,3153,5715,5193,3811,3388,7833,6808,4089,3541,5279,4858,3848,3307,5.16108,-17.3238,8.57868,48.2073
27829,3323,3582,4260,5136,3468,3894,5647,8126,3289,3714,5248,7125,3258,3509,4102,4502,-2.12456,21.8424,8.77548,48.122
27830,3711,3620,3318,3111,5115,4398,3808,3377,8456,6457,4157,3399,6621,5568,3895,3258,11.0167,-19.0752,8.92286,48.1793
27831,3582,3662,3638,3450,3897,4801,4531,3787,4539,7466,6422,4179,4227,5274,4852,4029,8.60604,-2.0488,8.70176,48.224
27832,4510,7346,8881,5282,3924,4860,5077,4451,3460,3729,3744,3692,3320,3341,3317,3211,-27.6996,2.57436,8.65454,48.0967
27833,7956,9816,4981,3726,5141,5192,4290,3565,3814,3693,3528,3290,3328,3479,3211,3119,-29.6305,-12.3575,8.96615,48.086
27834,5121,6325,4736,3869,5432,8105,5113,3721,4087,4627,3916,3406,3537,3591,3465,3139,-11.8542,-7.91093,8.91307,48.1267
27835,3088,3261,3364,3381,3332,3734,3852,3729,3675,4273,5115,5050,3881,5684,9699,6821,28.2542,9.36619,8.62391,47.9593
27836,3278,3557,3504,3273,3796,4162,4153,3645,4221,6734,6341,4217,4591,6311,6143,4325,14.2544,-0.968676,8.61629,48.1673
27837,3373,3388,3255,3286,3861,3785,3427,3234,5834,4649,3794,3323,12566,5993,3977,3440,30.6674,-33.4634,8.54069,47.4567
27838,3191,3428,3856,3989,3325,3826,4913,5449,3420,4125,6724,8235,3317,3874,4947,5675,7.11557,17.9551,8.98435,48.196
27839,3494,3372,3154,3169,4052,3724,3419,3326,6135,4911,3875,3377,11831,6467,3920,3330,26.1187,-24.3804,8.66023,47.704
27840,4069,3838,3448,3153,5760,4827,3751,3378,8613,6515,3993,3276,5643,4871,3822,3282,6.74585,-19.5029,8.8821,48.1593
27841,11230,5777,3867,3486,7305,4965,3814,3329,4190,3924,3492,3245,3409,3407,3264,3179,-21.0761,-30.8266,8.5145,47.922
27842,3137,3177,3398,3416,3246,3470,3699,4012,3378,3797,4781,6330,3420,3963,6041,12094,25.4596,30.4511,8.50779,47.5727
27843,3351,3429,3297,3100,3944,3722,3511,3275,5694,5407,4228,3481,9141,8496,4500,3608,24.3528,-15.7502,8.99216,48.1227
27844,3632,3651,3353,3064,5295,4263,3588,3271,9853,5137,3842,3315,7463,4871,3641,3439,10.9526,-30.8644,8.56797,47.7853
27845,3109,3160,3399,3526,3336,3577,4039,4008,3545,4197,5823,6003,3722,4569,8123,8014,20.5928,14.697,8.76087,48.1
27846,3463,3368,3262,3051,4052,3725,3507,3236,6036,4845,3786,3396,12072,6827,3994,3294,29.34,-23.4999,8.78205,47.9427
27847,3268,3471,3284,3255,3664,4094,3815,3458,4794,6287,5060,4000,5544,8657,6141,4109,20.1918,-5.32087,8.75613,48.6007
27848,9199,8412,4566,3612,5724,5321,4020,3482,3921,3888,3499,3389,3432,3320,3174,3151,-24.6614,-16.4917,8.59455,48.0733
27849,3405,3367,3317,3260,3947,3867,3422,3283,6042,4749,3704,3446,12323,5790,3919,3402,33.4599,-31.3037,8.62358,47.4953
27850,3178,3318,3369,3441,3380,3883,4193,3823,3894,5263,6784,4735,4080,5668,7723,5246,17.0745,5.02244,8.50943,47.9853
27851,12042,5934,3927,3392,6809,4883,3788,3338,3957,3817,3436,3272,3515,3270,3154,3249,-23.4431,-30.9125,8.57005,47.8553
27852,3946,3724,3451,3186,5730,4457,3670,3353,9713,5377,3871,3384,6700,4841,3784,3424,8.48579,-27.1322,8.6418,48.4073
27853,3940,3816,3332,3129,5940,4384,3596,3262,10029,5269,3725,3348,6421,4805,3710,3269,7.80915,-27.9049,8.90912,47.9833
27854,6556,4753,3682,3303,9885,5259,3876,3305,5848,4474,3594,3298,3845,3779,3396,3142,-8.30108,-32.6816,8.8506,47.9967
27855,3427,3905,6116,12539,3362,3700,4808,6275,3140,3430,3905,3939,3182,3235,3386,3337,-26.6882,27.9249,8.61271,47.7907
27856,3305,3493,4027,4049,3335,3914,5418,5457,3486,4285,7115,7052,3382,4002,4869,5124,4.87434,15.3708,8.76874,48.2087
27857,5088,5485,4216,3640,6130,8127,4820,3748,4609,5110,4028,3539,3745,3721,3557,3264,-7.80572,-10.7531,8.68623,48.5513
27858,3502,3450,3146,3213,4333,4018,3521,3300,8410,5200,3942,3364,9511,5540,3885,3342,16.7951,-33.767,8.66498,47.7847
27859,9330,8698,4504,3529,5548,5104,4000,3567,3916,3791,3478,3292,3401,3360,3235,3171,-29.6475,-16.3329,8.58072,47.9493
27860,6650,5232,3947,3384,8998,6156,3930,3399,5116,4444,3714,3119,3784,3660,3309,3099,-10.4901,-20.9545,8.95194,47.9607
27861,12629,6075,3931,3366,6211,4616,3725,3406,4050,3814,3384,3249,3289,3319,3312,3187,-27.8163,-29.4152,8.57373,47.7087
27862,3875,4268,4001,3668,4392,6858,5638,3997,4389,6228,5344,3917,3806,4228,4097,3651,-1.16717,-2.69843,8.72298,48.238
27863,3291,3804,5277,8558,3305,3808,5195,9127,3148,3535,4113,4805,3116,3271,3605,3560,-14.2476,29.3606,8.62834,47.6787
27864,3478,3417,3271,3165,3777,3920,3640,3353,5275,5268,4251,3605,7978,9456,4987,3643,32.2031,-12.4884,8.66367,48.3227
27865,3156,3199,3456,3457,3370,3522,3872,3798,3421,4170,5195,5280,3619,4696,9172,8778,29.0695,14.5499,8.73979,48.1073
27866,4143,4083,3461,3283,6501,4993,3780,3263,8668,5958,3848,3435,5501,4458,3775,3336,4.14953,-21.6053,8.57347,48.324
27867,3301,3363,3254,3230,3813,3774,3545,3278,5319,5088,4003,3601,8287,9223,4920,3719,31.3665,-13.8145,8.58348,47.812
27868,3286,3422,3473,3260,3894,4213,3896,3343,4945,7249,5001,3930,5370,7698,5318,3921,16.3247,-6.8674,8.96959,48.146
27869,3341,3344,3350,3184,3765,3698,3629,3322,4871,5148,4322,3737,7320,9877,5386,3807,29.6611,-10.3546,8.9611,48.0673
27870,4671,4294,3673,3301,7344,5914,3980,3415,7064,5868,3932,3318,4642,4287,3683,3222,-0.541221,-18.6209,8.82722,48.4053
27871,3560,4786,8248,7867,3564,4180,5850,5811,3352,3619,3921,3945,3170,3323,3496,3394,-20.9873,13.8468,8.50216,48.0573
27872,3573,3592,3501,3181,4178,4396,3960,3535,5577,7645,4746,3629,5558,6722,4616,3750,13.3052,-10.0999,8.58145,48.106
27873,4497,6979,8184,4984,4092,5103,5763,4445,3663,3844,3842,3684,3213,3270,3401,3310,-21.1062,2.6955,8.59494,48.1827
27874,3401,4086,4784,4549,3601,4622,7662,5813,3497,4217,5971,5053,3398,3690,4005,3942,-3.87313,10.438,8.71799,48.194
27875,3363,3822,5279,8613,3423,3787,5212,9069,3383,3590,4084,4625,3157,3358,3554,3619,-14.067,32.4357,8.55535,47.9587
27876,3412,3758,5459,9383,3401,3710,5172,8817,3160,3538,4160,4710,3060,3180,3478,3561,-15.6557,27.0936,8.81792,47.9727
27877,9307,6693,4177,3404,7303,5483,3971,3496,4236,3916,3501,3220,3474,3412,3241,3177,-18.7452,-20.71,8.57388,48.0073
27878,3236,3249,3398,3389,3368,3675,3750,3803,3685,4371,5272,4926,3737,5388,9930,6950,33.8776,10.0589,8.92594,48.0847
27879,3133,3185,3447,3595,3205,3549,3920,4294,3423,3859,5008,7806,3465,3878,5732,10444,18.7289,31.1001,8.5753,47.962
27880,3211,3337,3238,3281,3716,3856,3627,3439,4476,5152,4841,3828,5538,9308,7092,4235,28.7525,-3.8228,8.63511,48.1167
27881,3295,3660,3601,3399,3655,4319,4672,3708,4024,6124,7520,4712,4009,5105,6028,4508,11.1985,3.20364,8.80989,48.226
27882,3640,4236,5667,5049,3598,4820,7969,6148,3487,4004,5022,4509,3282,3450,3809,3773,-9.13024,10.7753,8.58954,48.3087
27883,3974,3833,3440,3163,5446,4924,3741,3312,8129,6780,4251,3458,5590,4946,3895,3485,7.10463,-17.9048,8.70494,48.2447
27884,3711,4204,4453,3921,3914,5849,6801,4531,3968,5214,6005,4351,3547,3996,4110,3718,-2.11345,2.60565,8.97564,48.1953
27885,4841,8257,8286,4720,4289,4893,4880,4173,3524,3913,3735,3486,3338,3325,3279,3250,-29.2446,-0.301287,8.61546,48.126
27886,3217,3403,3515,3497,3376,3820,4230,4200,3645,4471,7318,6057,3589,4467,7201,6286,15.1272,12.146,8.80116,48.1947
27887,3140,3578,4064,4610,3317,3769,5023,7329,3488,3886,5437,8668,3199,3611,4184,5127,2.13683,24.0283,8.85563,48.2867
27888,3194,3433,3775,3889,3256,3650,4496,5808,3330,3855,5215,9986,3499,3738,4817,6173,7.73963,33.2866,8.83659,48.076
27889,3644,3936,3998,3665,4268,5695,5600,4060,4239,6436,5989,4211,3937,4489,4321,3702,1.93995,-0.857384,8.51906,48.1267
27890,3251,3328,3340,3225,3601,3682,3823,3563,4101,5185,5239,4192,4663,8000,8001,4791,23.695,0.1922,8.57436,47.99
27891,7174,5482,3859,3345,9004,6049,3970,3365,4885,4362,3641,3295,3746,3635,3362,3079,-11.9377,-21.2856,8.94286,48.1687
27892,3336,3835,5000,5839,3444,4008,6495,8407,3355,3780,4781,5395,3146,3411,3740,4018,-7.25291,19.2322,8.60816,47.9933
27893,7568,5471,3850,3389,9097,5759,3894,3498,4927,4183,3550,3256,3648,3650,3365,3163,-12.7339,-22.5147,8.97599,48.1787
27894,6693,7460,4612,3677,6237,6806,4355,3564,4069,4192,3747,3270,3522,3590,3339,3075,-16.1659,-13.4542,8.99534,48.1387
27895,3423,4155,7050,11488,3371,3850,4943,5941,3185,3393,3816,3974,3178,3263,3313,3406,-31.5182,21.5894,8.56953,47.8327
27896,3742,3559,3393,3139,4803,4278,3579,3219,8637,6021,3993,3433,7572,5645,3948,3437,12.8444,-20.4832,8.86033,48.2653
27897,3231,3452,3672,4121,3161,3581,4472,6010,3339,3794,5385,9956,3372,3720,4700,6225,7.15398,26.3468,8.75322,48.1273
27898,4112,3718,3386,3179,6044,4673,3761,3153,9242,5968,3803,3328,6055,4735,3651,3306,6.65664,-22.2871,8.9,48.076
27899,3435,3388,3159,3120,3812,3786,3626,3350,5630,5116,4087,3485,9349,8664,4380,3644,27.869,-16.3606,8.50906,48.0207
27900,7859,5935,3979,3374,8179,5986,3978,3531,4626,4216,3678,3262,3533,3518,3263,3149,-13.9808,-20.4001,8.71561,48.044
27901,3550,3970,5367,5091,3620,4472,7862,6517,3390,4029,5358,4751,3271,3482,3799,3835,-7.11439,11.8588,8.59602,48.2427
27902,4467,5000,4124,3568,5371,8208,4993,3723,4690,5701,4281,3688,3760,3959,3681,3405,-4.88356,-8.04629,8.98243,48.4127
27903,3452,3394,3258,3088,4133,4032,3647,3300,6085,5949,4098,3439,8508,7931,4435,3558,20.405,-16.0296,8.87789,48.2047
27904,3343,3411,3219,3239,3804,3978,3537,3219,5278,5288,4153,3482,8215,9317,4876,3461,33.9007,-13.0096,8.91305,47.88
27905,3982,4790,4988,4170,4200,6764,7072,4461,3890,4837,4712,3981,3470,3770,3811,3508,-7.19872,0.576241,8.63544,48.2707
27906,3137,3304,3642,3846,3392,3529,4400,5631,3340,3803,5777,9766,3382,3747,4869,6687,9.12847,24.441,8.85305,48.168
27907,3181,3230,3392,3382,3216,3377,3814,4007,3439,3820,4904,6381,3303,3971,6245,12237,25.7709,27.1576,8.63161,47.9327
27908,3122,3276,3502,3378,3269,3356,3784,3949,3304,3756,4551,5960,3341,3857,5827,12651,32.6706,31.1696,8.95727,47.2553
27909,4377,4035,3405,3148,7238,5033,3758,3252,8967,5499,3730,3294,5167,4382,3724,3260,3.17386,-23.0657,8.92309,48.1793
27910,3378,3478,3363,3268,3811,4211,3929,3457,4841,7014,5146,3961,5265,7537,5468,3992,16.3887,-5.66014,8.88107,48.0793
27911,3857,5071,5686,4350,4221,6273,7522,4645,3720,4327,4738,3964,3394,3630,3624,3490,-9.92345,2.86923,8.55331,48.3413
27912,4788,4270,3589,3229,8051,5103,3874,3399,7864,5175,3758,3329,4637,4112,3548,3263,-0.255521,-23.8803,8.55883,47.9927
27913,4126,4574,4080,3661,4755,7043,5212,3833,4588,6283,4867,3727,3927,4047,3935,3426,-1.67565,-5.54747,8.81551,48.056
27914,3253,3458,3362,3274,3600,3824,3803,3528,4329,5743,5105,3985,5069,8389,6923,4484,21.0334,-2.8774,8.59804,48.086
27915,3080,3347,3577,3706,3296,3770,4482,4463,3626,4468,7647,6289,3730,4404,6445,5935,12.7431,12.1876,8.59971,48.1767
27916,3393,3393,3563,3452,3608,3946,4451,3976,3971,5777,7708,4854,3971,5114,6236,4707,12.0415,4.61548,8.74007,48.08
27917,11064,5850,4099,3375,7653,4989,3696,3466,4173,3930,3587,3163,3428,3474,3271,3110,-20.2808,-26.862,8.76753,48.2187
27918,3268,3499,3262,3136,3777,3797,3618,3260,4880,5298,4195,3661,7361,9939,5326,3717,31.4779,-10.9854,8.89594,47.996
27919,3226,3397,3869,4027,3320,3688,4431,6160,3291,3794,5302,9791,3247,3592,4681,6154,6.72202,26.7583,8.99545,47.98
27920,7814,7222,4443,3554,6779,6154,4116,3522,4280,4068,3556,3237,3452,3490,3180,3141,-17.451,-16.3778,8.54054,48.0053
27921,3378,3451,3322,3196,4282,4079,3600,3233,6578,6224,4168,3640,7538,7380,4469,3587,17.5205,-15.3311,8.95872,48.0833
27922,3069,3304,3369,3371,3323,3554,3802,3747,3513,4097,5198,5136,3622,4715,9341,8328,31.3177,13.4852,8.68711,47.6593
27923,3598,5382,9789,7214,3597,4240,5353,5061,3309,3630,3757,3704,3194,3324,3436,3372,-33.6922,10.4649,8.85323,47.9733
27924,3700,4925,7886,6102,3794,4662,7086,5585,3421,3744,4159,3953,3122,3373,3548,3383,-17.0418,9.89199,8.92352,48.2953
27925,3142,3351,3518,3535,3235,3652,4046,4543,3356,3709,5166,8705,3413,3927,5508,9340,15.7076,29.4306,8.61068,48.0973
27926,5316,5991,4262,3512,6223,7891,4648,3724,4488,4692,3890,3461,3631,3662,3370,3235,-10.4791,-11.0941,8.81905,47.9973
27927,3370,4000,6890,11920,3382,3666,4879,5934,3233,3329,3774,3895,3098,3243,3324,3480,-30.2412,23.4427,8.80048,47.6113
27928,3472,3422,3184,3044,4184,3900,3532,3292,7406,5112,3913,3377,10509,6249,4024,3264,19.6001,-23.735,8.9491,47.9227
27929,9828,6034,3934,3559,7744,5313,3877,3375,4355,4036,3501,3215,3525,3411,3206,3010,-18.2032,-23.5858,8.6221,47.9487
27930,3442,4502,8136,9750,3433,3972,5173,5653,3226,3457,3870,3887,3253,3199,3401,3295,-30.748,17.0943,8.58398,47.766
27931,3424,3434,3232,3130,3983,3960,3495,3298,6335,5627,4041,3543,8575,7747,4597,3489,21.2646,-16.8736,8.61132,47.94
27932,3649,3880,3534,3252,4624,5370,4068,3502,6100,7973,4606,3615,4945,5281,4204,3503,7.29439,-10.961,8.6867,48.0707
27933,3334,3319,3286,3188,3789,3871,3542,3367,5330,5304,4115,3489,8392,9359,4841,3731,26.5926,-13.5598,8.78628,48.1713
27934,3337,3455,3606,3438,3865,4186,4501,3841,4062,5923,7591,4689,3969,5183,6105,4604,11.8543,3.66225,8.94642,48.2367
27935,5614,4577,3591,3303,9769,5288,3818,3333,6802,4534,3573,3318,4230,3786,3399,3238,-4.44107,-27.1224,8.99156,48.1153
27936,3343,3368,3559,3345,3544,3994,4295,3830,3998,5711,7388,4751,3976,5308,6629,4806,13.6609,4.10631,8.81484,47.8967
27937,3437,3946,5781,7305,3455,3932,6133,8554,3202,3588,4376,4723,3183,3407,3563,3765,-12.7675,20.2815,8.89478,48.2333
27938,3309,3299,3258,3198,3876,3780,3452,3329,5785,4637,3784,3370,12567,6059,3931,3422,31.0147,-33.99,8.82794,47.3707
27939,3398,3256,3398,3247,3610,3697,3887,3513,4187,4925,4798,4078,4866,8629,8115,4538,32.3293,-0.93795,8.99017,48.0947
27940,3338,4005,5969,12636,3491,3661,4594,5845,3258,3427,3796,3905,3151,3406,3382,3433,-31.8908,32.434,8.81876,47.5313
27941,3817,4930,7564,5831,3759,4752,7149,5570,3482,3669,4320,4010,3166,3385,3535,3546,-15.6403,9.55529,8.50577,48.3233
27942,3849,3875,3576,3235,5208,5126,3862,3425,6879,7501,4340,3609,5149,5198,3937,3404,6.52455,-14.1213,8.66135,48.1153
27943,3034,3226,3356,3377,3147,3375,3761,3936,3323,3852,4824,6602,3374,3932,6228,12301,25.6369,27.0551,8.72835,47.7653
27944,3138,3337,3737,3906,3344,3689,4449,6071,3329,3815,5241,9881,3336,3652,4663,6357,7.51103,28.445,8.69624,47.9633
27945,3844,3526,3354,3113,5095,4210,3561,3259,9704,5402,3799,3293,7742,5160,3891,3286,11.9533,-26.3485,8.85876,48.1593
27946,3333,3339,3317,3146,3786,3899,3666,3328,4449,5482,4655,3734,5892,9621,6482,4214,25.5132,-5.83186,8.85953,48.2287
27947,5221,6995,5049,3885,5264,7553,5062,3719,3972,4320,3947,3547,3461,3518,3369,3169,-14.1922,-7.09394,8.78851,48.034
27948,3471,4403,8005,10174,3468,3941,5043,5592,3182,3576,3786,3836,3126,3298,3354,3364,-32.2621,18.0125,8.82955,47.746
27949,3230,3594,4215,5223,3296,3777,5002,8993,3356,3711,4777,7401,3188,3491,4022,4416,-2.59736,29.7404,8.79089,47.7947
27950,3882,4836,6514,4898,3795,5343,7825,5133,3437,4018,4529,4118,3172,3424,3623,3470,-12.1546,6.4119,8.584,48.0113
27951,3200,3275,3366,3319,3288,3609,3861,3732,3673,4387,5445,4785,3953,5834,9979,6574,25.1785,8.36236,8.99868,48.1867
27952,5102,9204,7222,4332,4402,5179,4651,3967,3633,3855,3768,3488,3305,3363,3272,3296,-31.4481,-3.00889,8.79702,48.026
27953,3068,3318,3698,3678,3305,3688,4290,4368,3504,4163,6718,7223,3500,4160,6418,6956,14.226,16.2098,8.80456,48.0367
27954,3133,3270,3591,3584,3202,3472,3958,4551,3343,3895,5228,8519,3441,4014,5581,9546,16.4884,27.1918,8.68568,48.2187
27955,3151,3420,3597,3750,3234,3654,4332,5287,3323,3989,5451,9625,3321,3746,5097,7148,10.7474,24.7118,8.73494,48.0833
27956,3456,4246,5489,5024,3733,4561,7998,6529,3363,3860,5143,4697,3253,3563,3706,3715,-8.12709,12.1279,8.97231,48.224
27957,3307,3594,4530,5771,3269,3932,5164,9701,3255,3746,4583,6447,3181,3400,3818,4180,-5.52316,29.8668,8.61406,47.9187
27958,3320,3812,4550,4692,3479,4084,6538,6809,3397,4057,6133,6008,3304,3679,4180,4469,-1.65592,15.4052,8.75312,48.3407
27959,4238,6864,8997,5555,4068,4706,5503,4437,3452,3634,3869,3626,3210,3303,3370,3332,-25.684,4.00077,8.60778,48.1093
27960,9486,5605,3892,3379,8693,5261,3684,3354,4565,4115,3602,3180,3658,3431,3218,3080,-15.9068,-26.615,8.99127,48.1353
27961,3034,3138,3333,3473,3274,3547,3773,4056,3385,3896,5033,6922,3357,3938,6317,11495,22.0679,24.6404,8.88246,47.9807
27962,3341,3796,5646,9432,3397,3899,5361,8468,3380,3514,4159,4452,3057,3196,3550,3563,-16.3339,26.1073,8.63434,48.1407
27963,7389,7139,4493,3617,6448,6436,4216,3571,4133,4165,3612,3229,3394,3515,3286,3086,-17.0792,-15.5181,8.87237,47.8193
27964,5780,9786,6631,4076,4537,5132,4632,3793,3638,3799,3548,3482,3224,3447,3323,3197,-32.8709,-5.02466,8.9527,48.0167
27965,11130,5874,3910,3414,7377,4959,3778,3389,4296,3779,3528,3178,3503,3393,3190,3052,-20.4393,-28.245,8.54405,47.8333
27966,3428,3851,5960,12657,3366,3694,4700,6005,3208,3502,3678,3969,3121,3238,3397,3458,-30.0587,29.0527,8.94815,47.488
27967,3834,5536,8702,5957,3769,4694,6468,5169,3374,3754,4028,3773,3166,3314,3450,3354,-19.4005,8.17396,8.69364,48.228
27968,3434,4138,7086,11418,3371,3868,5090,6043,3253,3458,3835,3949,3060,3232,3385,3310,-26.5936,22.0483,8.57393,47.9533
27969,3196,3408,3277,3136,3645,3674,3710,3434,4586,5199,4669,3887,5727,9634,6659,4168,27.9015,-5.05467,8.8575,48.006
27970,3043,3279,3482,3393,3227,3612,3739,3929,3455,3852,5104,5783,3312,4230,7546,11012,28.2519,20.2652,8.75443,47.9987
27971,3991,5543,9811,6757,3718,4354,5430,4915,3318,3597,3774,3779,3207,3198,3395,3348,-25.9197,9.01523,8.68744,48.09
27972,3742,3698,3453,3154,5159,4645,3846,3317,7827,7017,4177,3514,5876,5287,4196,3390,8.9805,-16.47,8.7763,48.1987
27973,3289,3405,3852,4425,3323,3668,4743,6941,3316,3885,5115,9229,3324,3548,4439,5492,3.71896,30.1428,8.54608,47.996
27974,3257,3360,3667,3715,3391,3652,4412,4709,3505,4062,6688,7723,3477,4103,5808,6771,12.0418,17.3958,8.73973,48.2
27975,3366,3422,3415,3144,3845,4183,3690,3492,5473,6492,4514,3835,6244,8364,5071,3849,18.5803,-9.95422,8.64542,48.266
27976,3562,4332,6068,5872,3603,4523,7575,6738,3299,3795,4530,4474,3150,3387,3727,3706,-11.5686,13.2958,8.75735,48.2273
27977,3271,3402,3276,3192,3736,3930,3585,3440,4876,5709,4548,3669,6573,9387,5505,3973,24.2119,-8.77417,8.5044,48.048
27978,3410,3882,5513,8921,3367,3868,5212,8838,3257,3488,4013,4568,3207,3315,3452,3445,-15.2777,33.7295,8.70339,47.8373
27979,3535,4404,6063,5478,3652,4675,7871,6407,3420,3819,4759,4509,3209,3460,3676,3600,-10.8932,11.7833,8.66239,48.358
27980,3419,3780,5008,5311,3586,4218,7397,7193,3281,3814,5184,5370,3184,3568,3924,4067,-6.1093,15.1047,8.94814,48.2027
27981,3402,3367,3286,3139,3975,3801,3442,3173,6963,5016,3818,3299,11848,5961,3885,3323,22.4372,-28.9147,8.78111,47.7987
27982,4725,5013,4073,3397,6167,7818,4483,3658,5130,5642,4095,3495,3900,3969,3616,3279,-5.19388,-11.766,8.72702,48.3067
27983,3376,3390,3278,3068,3785,3983,3589,3353,4982,6122,4439,3652,6450,9426,5601,3779,21.7152,-8.84904,8.71766,48.182
27984,3196,3144,3403,3365,3195,3433,3776,3960,3476,3826,4804,6046,3336,4001,6277,12194,27.6331,25.0965,8.71545,47.6213
27985,3024,3186,3416,3247,3296,3563,3960,3962,3376,4047,5356,5867,3594,4578,8232,9252,23.5967,16.6007,8.81825,47.9707
27986,3556,4408,8121,10060,3470,4008,5263,5634,3145,3463,3978,3939,3136,3201,3425,3302,-24.9112,17.6311,8.99907,48.0727
27987,3468,4766,9021,9076,3397,4108,5020,5473,3242,3517,3815,3882,3059,3321,3466,3430,-30.7758,15.4823,8.98539,48.0407
27988,3827,4846,6173,4774,3823,5587,7825,4988,3638,4183,4677,4126,3350,3464,3586,3549,-10.9685,5.77216,8.73223,48.2773
27989,3435,4374,8169,9687,3469,4042,5101,5591,3285,3518,4054,3885,3172,3302,3441,3434,-33.8554,17.3989,8.60818,47.9727
27990,3450,3421,3265,3196,4264,4081,3681,3287,6547,6179,4050,3514,7711,7635,4504,3617,18.2883,-15.414,8.57147,48.268
27991,3315,3484,3672,3660,3374,3981,4874,4447,3747,4961,8160,5790,3618,4400,5823,4919,9.52236,9.55449,8.62289,48.15
27992,3124,3230,3284,3377,3237,3473,3758,4011,3418,3786,4866,7120,3449,3970,5866,11796,21.9796,31.2715,8.79308,47.8433
27993,3318,3362,3585,3284,3566,4102,4300,3762,4236,5944,6558,4443,4377,6035,6770,4709,15.2543,2.23433,8.72385,48.234
27994,3060,3283,3398,3483,3264,3476,3871,4099,3390,3772,5044,6441,3365,4191,6901,10877,23.6177,21.7811,8.71949,47.9433
27995,3413,3448,3224,3076,3734,3865,3459,3336,5219,5550,4249,3556,7772,9549,5002,3693,25.2132,-12.0464,8.9762,48.0967
27996,7863,6854,4180,3535,7063,6237,4156,3497,4390,4137,3601,3361,3519,3472,3303,3068,-16.4572,-17.0632,8.80393,48.1573
27997,3467,3857,5276,5735,3415,4166,6971,7691,3265,3776,4916,5166,3201,3519,3728,3833,-8.03922,16.765,8.90988,47.988
27998,3327,3359,3226,3078,4160,3913,3473,3145,7030,4965,3886,3359,11213,5929,3838,3397,21.4746,-32.7701,8.54347,47.532
27999,3373,3366,3295,3171,3874,3776,3506,3297,5761,5203,4026,3520,10070,7970,4430,3498,26.7356,-17.713,8.61802,48.0907
28000,3278,3307,3394,3204,3534,3749,3677,3567,4136,4988,5031,4189,4558,8349,8323,4770,32.854,0.200103,8.99553,48.036
28001,6800,6649,4410,3571,6558,6934,4299,3496,4414,4418,3599,3392,3522,3598,3345,3153,-14.3717,-14.2452,8.82181,48.1053
28002,3315,3512,4128,4198,3462,3926,5486,6009,3481,4111,6731,7180,3435,3732,4538,4868,3.08394,16.1589,8.76672,48.0747
28003,3367,3953,6634,11810,3469,3686,4946,6035,3268,3467,3969,3968,3116,3212,3364,3492,-27.6056,23.982,8.58469,47.8373
28004,4251,4836,4237,3639,4742,7794,5497,3893,4361,5634,4581,3865,3696,3884,3772,3454,-4.44828,-5.3367,8.63029,48.0907
28005,3534,4459,8919,9471,3391,4066,5127,5308,3267,3553,3720,3814,3181,3292,3397,3367,-31.9833,15.6986,8.95036,47.9107
28006,3448,3749,4450,4052,3685,4535,6898,5266,3669,4708,6926,5217,3490,3892,4360,4096,0.148642,8.8516,8.56465,48.294
28007,11518,6825,3972,3471,6366,5014,3874,3388,3957,3893,3416,3128,3449,3349,3302,3120,-24.8585,-22.771,8.87291,48.028
28008,3556,4445,5644,5060,3716,4860,8081,5667,3568,3971,5087,4419,3257,3391,3700,3571,-9.39033,9.4481,8.85609,47.9953
28009,3751,3726,3373,3217,5358,4236,3653,3213,9913,5213,3818,3427,7091,4892,3679,3367,10.2588,-32.2217,8.79508,47.9513
28010,3594,3924,3992,3630,3922,5312,5520,4077,4135,6220,6760,4393,3916,4464,4619,3989,3.38544,1.43612,8.56824,48.3113
28011,3049,3254,3388,3376,3205,3451,3887,3868,3350,3783,4757,6257,3371,3914,6003,12570,27.9535,31.0619,8.63853,47.6553
28012,4547,6180,5344,4077,4728,7393,6063,4000,3840,4522,4100,3667,3351,3549,3578,3433,-12.0173,-2.89917,8.7642,48.248
28013,3084,3322,3607,3638,3235,3577,4165,4622,3440,3998,5778,8534,3508,4060,5715,7926,14.0453,21.137,8.8047,48.1393
28014,5139,4623,3679,3251,8479,5921,3852,3368,6527,5172,3873,3356,4308,3974,3508,3212,-3.56585,-20.6195,8.65185,48.1613
28015,3367,3416,3136,3005,4105,3833,3493,3226,7080,4845,3722,3426,11436,6095,3911,3445,21.7677,-26.4536,8.77213,47.694
28016,3279,3445,4060,4148,3213,3857,5634,5979,3481,4155,6579,7343,3352,3889,4685,5046,3.56092,16.7395,8.51022,48.0967
28017,3821,4668,5492,4383,3944,5622,7990,5062,3726,4216,4961,4148,3286,3656,3822,3637,-8.48032,5.23671,8.78012,48.2893
28018,3180,3446,3652,3735,3298,3667,4487,4844,3532,4020,6590,8001,3366,4097,5653,6774,11.8175,18.3473,8.64586,48.228
28019,4001,6228,9977,6083,3829,4589,5194,4659,3415,3645,3776,3765,3149,3225,3430,3253,-30.6453,6.80933,8.81792,48.1453
28020,4216,4173,3699,3328,5458,6431,4296,3463,5904,7086,4487,3580,4466,4520,3786,3414,1.43222,-12.3477,8.78943,48.2047
28021,6112,6222,4306,3648,6709,7361,4389,3539,4408,4512,3763,3341,3610,3623,3409,3276,-12.462,-13.92,8.58482,48.152
28022,3192,3244,3527,3347,3453,3624,4113,4002,3728,4806,6592,4991,3872,5274,8605,5790,18.5169,8.04298,8.92303,48.1067
28023,3458,3770,3890,3522,3831,4829,5382,4167,4079,6410,7193,4347,3722,4574,4856,4008,4.82502,1.72088,8.75094,48.0253
28024,3366,3449,3289,3277,4057,4079,3755,3306,5642,6805,4569,3669,6230,7887,4951,3803,17.3013,-10.647,8.89886,48.0893
28025,3208,3445,3814,3918,3343,3884,5026,5327,3468,4312,7074,7393,3440,4033,5223,5778,7.90945,15.7314,8.6137,48.4573
28026,11317,6807,4025,3331,6654,4926,3863,3413,4039,3878,3436,3173,3404,3299,3329,3070,-22.8941,-23.2217,8.869,47.976
28027,3417,4400,8189,9716,3425,3978,5131,5558,3306,3509,3911,3895,3097,3199,3455,3397,-32.5126,17.2608,8.67012,47.722
28028,3056,3288,3400,3452,3210,3436,3964,4103,3352,3787,4986,7260,3410,3949,5859,11393,21.5906,27.8927,8.82602,47.9367
28029,6199,9967,6065,4027,4654,5326,4345,3775,3659,3753,3613,3323,3255,3373,3335,3222,-29.2316,-7.19621,8.76031,47.9273
28030,4484,5075,4277,3536,5231,7989,5041,3744,4460,5464,4319,3622,3827,3914,3642,3439,-6.08615,-7.55711,8.58556,48.0427
28031,3731,4230,4834,4230,3870,5531,8040,4902,3681,4555,5539,4386,3383,3643,3883,3677,-5.30112,5.44768,8.93506,48.0767
28032,3492,4407,7909,10389,3371,3836,4989,5605,3245,3490,3814,3833,3219,3290,3342,3248,-29.6177,18.5342,8.763,47.6527
28033,3327,3538,4144,4294,3527,3900,5455,6284,3344,3985,6245,7583,3274,3823,4511,4902,2.48682,17.8233,8.7864,48.0907
28034,3434,3856,6142,12472,3280,3734,4726,6016,3231,3524,3892,3953,3260,3272,3438,3405,-33.6039,26.3977,8.88425,47.7567
28035,3426,3834,6156,12568,3302,3704,4631,5959,3293,3441,3714,3980,3163,3243,3336,3341,-30.1201,32.0033,8.55961,47.394
28036,3514,3893,4616,4377,3644,4787,7628,5615,3528,4416,6187,4928,3327,3686,4093,4083,-2.94346,10.103,8.65143,48.2147
28037,3229,3238,3300,3115,3678,3704,3654,3497,4591,5154,4594,3803,5788,9558,6781,4232,29.1241,-4.79586,8.72138,47.944
28038,3778,4029,3824,3417,4439,5718,4858,3802,4841,7309,5480,3934,4266,4841,4233,3660,3.63397,-4.67542,8.50418,48.286
28039,3754,5162,8766,6378,3764,4597,6283,5110,3433,3674,3955,3946,3174,3378,3328,3347,-19.6669,9.27803,8.60023,48.0327
28040,3325,3934,5816,10180,3354,3902,5092,7851,3197,3589,3997,4450,3172,3234,3478,3533,-18.2588,26.2891,8.62397,48.0693
28041,4719,4224,3477,3248,8113,4889,3715,3342,8406,4894,3778,3373,4888,4103,3618,3136,0.228668,-30.4639,8.6658,47.9487
28042,3316,3363,3251,3130,3957,3766,3481,3202,6012,5157,3874,3462,10506,7656,4225,3398,25.4919,-19.1084,8.8736,47.8373
28043,3216,3252,3405,3284,3450,3728,3854,3647,3957,4662,4999,4400,4324,7231,9239,5296,32.1768,3.18458,8.83262,47.9627
28044,7278,9932,5285,3747,5015,5260,4189,3570,3812,3851,3580,3356,3365,3350,3447,3099,-32.4708,-11.0461,8.80586,48.0907
28045,3355,4071,5990,10200,3252,3867,5111,7688,3240,3499,3945,4272,3122,3211,3476,3480,-18.7022,24.7683,8.85531,47.8527
28046,12255,6191,3908,3395,6040,4801,3831,3332,4085,3798,3433,3179,3495,3389,3291,3129,-33.5336,-25.7089,8.51521,47.7013
28047,3649,4705,9251,8708,3559,3961,5118,5292,3316,3519,3874,3805,3126,3260,3358,3348,-30.4908,14.2707,8.87984,47.8993
28048,3387,3706,4845,5976,3446,3875,5892,9293,3222,3564,4562,5812,3167,3430,3889,3894,-7.02107,22.3882,8.90091,47.9733
28049,3436,3745,4484,4502,3500,4312,6678,6415,3416,4174,6202,5976,3255,3748,4284,4389,-1.30551,14.0277,8.63183,48.344
28050,3334,3743,4555,4928,3403,4039,6326,7419,3463,3868,5633,6250,3270,3622,4155,4302,-2.38743,17.399,8.74389,48.2067
28051,3463,4403,7400,8560,3558,4041,5829,6561,3244,3563,3919,4188,3024,3298,3432,3453,-19.374,17.1212,8.5401,47.9573
28052,3576,3564,3302,3133,4233,4177,3660,3370,6688,6577,4197,3451,7329,7163,4484,3557,16.3197,-15.0964,8.62356,48.3073
28053,3580,4508,6848,6678,3540,4326,6937,6615,3403,3712,4358,4344,3199,3294,3519,3560,-14.4895,14.2115,8.75912,48.2807
28054,8417,6654,4209,3516,7129,6092,4101,3501,4375,4064,3701,3278,3456,3448,3300,3080,-17.1716,-18.2856,8.6605,48.214
28055,3526,4177,6515,7460,3544,4160,6509,7433,3350,3669,4244,4466,3148,3305,3546,3577,-14.9204,16.9895,8.5887,48.4193
28056,5212,4401,3650,3262,8763,5589,3862,3439,7117,5040,3698,3286,4332,3989,3585,3223,-2.7041,-22.9232,8.71259,48.2987
28057,4605,4254,3607,3217,7139,5597,3922,3443,7431,5753,3962,3471,4729,4322,3606,3272,0.502978,-19.6545,8.68482,48.22
28058,3203,3415,3580,3599,3189,3650,4439,4520,3504,4219,6983,7254,3472,4242,6327,6701,13.2979,15.4512,8.96841,48.198
28059,3225,3238,3357,3395,3186,3369,3734,3883,3372,3735,4745,6191,3462,3840,6172,12581,27.4698,29.2844,8.5506,47.6567
28060,3126,3299,3452,3340,3379,3657,3793,3905,3555,4281,5283,5227,3724,5099,9377,7572,32.9173,11.9619,8.66457,48.046
28061,5431,4424,3631,3341,9158,5022,3771,3308,7205,4689,3668,3400,4355,3954,3582,3334,-3.61823,-30.9878,8.80451,48.182
28062,3411,3883,5998,11618,3329,3816,4825,7115,3259,3479,3866,4129,3075,3174,3491,3432,-22.0496,28.955,8.81352,47.9333
28063,3793,3754,3452,3047,5292,4579,3759,3210,8567,6409,4135,3430,6186,5214,3902,3463,9.05647,-19.0543,8.69747,48.128
28064,12694,5957,3872,3457,5833,4604,3842,3469,3847,3694,3429,3309,3325,3370,3245,3202,-31.1426,-33.5919,8.89605,47.4327
28065,8166,5159,3890,3379,9332,5336,3863,3346,5001,4194,3470,3138,3694,3532,3361,3127,-12.9258,-26.7217,8.6909,47.992
28066,4001,4130,3865,3342,4839,6575,4649,3705,5155,7473,4918,3760,4291,4484,3956,3563,1.85783,-7.71408,8.75343,48.4707
28067,3645,5119,9424,7589,3600,4334,5616,5150,3298,3594,3750,3848,3165,3329,3509,3342,-23.7349,12.0771,8.97996,48.208
28068,3871,3746,3250,3055,5571,4212,3660,3258,9953,5274,3853,3410,6930,4927,3616,3264,9.43125,-29.3762,8.82547,47.9
28069,4036,5806,10186,6303,3714,4456,5175,4717,3373,3697,3803,3687,3165,3270,3313,3237,-30.1452,7.61349,8.89872,47.9587
28070,3353,3322,3348,3222,3585,3852,3762,3392,4323,5015,4788,4004,5129,8885,7617,4553,30.3429,-2.09654,8.84508,48.1
28071,3062,3193,3498,3502,3095,3478,4005,4174,3341,3894,5090,7755,3411,3985,5943,10511,18.8944,26.1261,8.75045,47.958
28072,6784,9780,5703,3963,4804,5246,4401,3610,3854,3796,3667,3415,3223,3475,3250,3132,-27.7906,-9.22687,8.7654,48.0687
28073,3377,4061,6859,11606,3283,3828,4878,5958,3272,3453,3858,4032,3185,3115,3422,3378,-32.2907,22.0603,8.56298,47.71
28074,3394,3564,3643,3575,3730,4266,4509,3947,4113,6095,7511,4738,3920,5069,5675,4451,10.2221,3.1417,8.5891,48.1333
28075,3677,3856,3699,3491,4171,5402,4844,3774,4632,7419,6252,4058,4090,4694,4540,3754,5.13883,-2.63567,8.93914,48.2353
28076,5107,4251,3532,3335,8827,5229,3707,3410,7621,4824,3682,3330,4682,3913,3536,3213,-2.15795,-25.9266,8.95873,48.1327
28077,3964,3955,3670,3236,4768,5668,4353,3619,5629,8021,4904,3679,4497,4789,4008,3600,4.71229,-8.96096,8.69917,48.24
28078,3548,3458,3216,3113,4610,4062,3664,3192,8642,5189,3868,3246,9560,5596,3855,3352,16.2125,-28.8063,8.91536,48.114
28079,9458,8404,4571,3500,5780,5411,4086,3420,3930,3750,3467,3184,3283,3388,3389,3041,-25.403,-16.6919,8.68798,48.0413
28080,3167,3249,3372,3385,3275,3502,3906,3947,3406,3933,4765,5950,3314,3958,6830,11904,29.0985,22.5605,8.91169,47.9087
28081,3153,3300,3475,3381,3368,3618,3987,3932,3711,4390,6213,5261,3686,5254,8967,6643,20.6976,9.7395,8.85632,48.226
28082,5936,7895,5133,3941,5407,7003,4764,3722,3838,4199,3762,3449,3324,3422,3336,3155,-16.9038,-9.02889,8.64845,48.1907
28083,4714,6230,5060,4020,5001,7852,5526,3974,4002,4455,4226,3654,3447,3568,3524,3259,-11.996,-5.0816,8.69758,48.3413
28084,3657,4453,7807,8170,3463,4169,6028,6346,3282,3626,4028,4228,3013,3288,3442,3548,-19.3115,15.6332,8.74548,48.3653
28085,6403,5055,3764,3218,9307,5956,3951,3443,5567,4546,3752,3230,4018,3646,3395,3165,-8.57945,-22.0294,8.9317,48.2773
28086,4269,6473,8351,5206,3945,5104,6081,4660,3579,3761,4027,3722,3233,3345,3363,3345,-20.482,3.69583,8.61469,48.3093
28087,3079,3173,3371,3440,3273,3487,3702,3773,3373,3779,4820,6196,3439,3934,6049,12383,27.93,28.0153,8.62113,47.514
28088,3302,3416,3226,3221,3692,3876,3637,3364,4800,5221,4257,3689,6950,9881,5397,3693,32.3494,-9.87162,8.81368,47.748
28089,3430,3793,4166,4221,3501,4144,6144,5480,3552,4332,7132,6055,3277,3831,4608,4410,2.09353,12.4459,8.52588,48.0507
28090,3565,4096,4588,4258,3703,5162,7662,5066,3612,4664,6158,4712,3452,3713,4192,3803,-3.01822,7.13549,8.92571,48.2707
28091,4531,4031,3562,3117,7663,4902,3622,3308,9034,5087,3779,3313,5197,4300,3478,3192,2.08922,-28.155,8.87468,48.0773
28092,3201,3381,3346,3240,3635,3774,3660,3531,4173,4915,4940,4283,4697,8117,8538,4792,28.6648,0.286305,8.76942,48.1487
28093,3476,3700,4155,3950,3673,4625,6391,4841,3761,5069,7457,5158,3600,3972,4623,4129,2.16801,7.14502,8.87923,48.3867
28094,5637,6137,4350,3581,6484,7808,4462,3644,4511,4542,3935,3324,3594,3666,3388,3243,-11.4093,-12.6559,8.73681,48.204
28095,12628,5929,3869,3443,5833,4723,3658,3384,3867,3784,3394,3266,3333,3402,3292,3191,-31.96,-33.184,8.65845,47.3307
28096,3739,5113,8432,6569,3595,4472,6461,5373,3397,3616,4118,3957,3121,3427,3393,3414,-19.4969,10.7508,8.59871,48.1313
28097,3465,3412,3263,3252,3985,4248,3842,3426,5048,7048,4905,3831,5594,7715,5427,4040,16.423,-7.22521,8.7948,48.334
28098,4320,3814,3513,3246,6851,4622,3673,3264,9505,5245,3640,3455,5648,4471,3791,3239,4.53898,-26.5265,8.56958,48.198
28099,8103,5716,3920,3430,8519,5744,3952,3418,4653,4197,3645,3306,3689,3454,3268,3103,-14.3186,-21.5116,8.72746,48.078
28100,3249,3455,4293,4851,3393,3706,5049,8075,3364,3843,5143,8015,3269,3604,4197,4783,0.114865,25.4653,8.56415,48.1927
28101,3108,3261,3360,3391,3268,3444,3789,3854,3423,3761,4881,6088,3514,3925,6488,12139,28.9544,24.6164,8.73988,47.796
28102,3459,4102,7525,10996,3325,3911,5023,5905,3141,3517,3851,3930,3081,3157,3412,3427,-28.2097,20.3386,8.68363,47.8413
28103,3269,3734,4551,5640,3290,3838,5178,9470,3368,3615,4643,6779,3263,3401,3897,4244,-4.80885,32.4675,8.76611,48.12
28104,3153,3461,3921,3940,3356,3604,4725,6275,3361,3905,5803,9357,3421,3704,4640,5807,5.91995,22.6744,8.89639,48.2887
28105,4302,4810,4394,3651,5035,7765,5477,3792,4394,5783,4650,3729,3740,4006,3675,3362,-4.48412,-5.47248,8.71518,48.3767
28106,7005,5207,3833,3453,8995,6147,3903,3427,5154,4389,3577,3159,3641,3648,3342,3109,-10.854,-21.4134,8.97613,47.9927
28107,3322,3591,4581,5565,3371,3895,5113,9640,3333,3648,4654,6609,3174,3407,3923,4207,-5.13194,32.8906,8.65927,48.022
28108,3590,3431,3222,3089,3951,3895,3454,3247,6104,4869,3843,3278,12155,6409,3841,3341,32.6021,-24.6355,8.71021,47.8127
28109,3412,3490,3435,3367,3744,4129,3995,3661,4297,6237,6247,4277,4573,6649,6567,4496,16.1185,-0.0548268,8.7906,48.384
28110,3608,4787,9253,8265,3594,4115,5199,5244,3256,3529,3792,3895,3177,3364,3342,3365,-32.4661,13.5676,8.70401,47.8567
28111,3723,4285,4453,3932,4131,6009,6652,4350,3944,5400,5924,4119,3621,3988,4090,3776,-2.06417,1.48104,8.89945,48.2647
28112,4144,3907,3444,3269,6335,4932,3636,3340,8681,6256,4023,3427,5475,4685,3708,3304,5.10782,-20.4133,8.95602,48.3773
28113,3371,4069,6610,10926,3385,3926,5043,6589,3313,3536,3960,3995,3124,3113,3400,3386,-23.0248,22.8757,8.54938,47.8307
28114,3811,4866,7322,5814,3763,4850,7239,5579,3470,3781,4319,4026,3052,3345,3496,3515,-15.3737,9.53338,8.73774,48.1653
28115,3021,3277,3554,3447,3246,3450,4057,4512,3436,3862,5343,8077,3417,4045,5956,9521,16.7808,23.3319,8.77743,48.1473
28116,3212,3614,4113,4490,3536,3794,5552,6522,3415,3958,6177,7571,3321,3723,4499,4844,2.55205,18.2469,8.63668,48.2273
28117,3197,3156,3244,3441,3242,3392,3756,3964,3269,3824,4888,6415,3337,3910,6752,12030,25.381,23.9027,8.8004,47.878
28118,4517,5929,5318,4180,4491,7177,6380,4158,3874,4514,4220,3660,3411,3636,3593,3452,-11.6417,-1.82031,8.79934,48.34
28119,3154,3259,3408,3429,3252,3439,3664,3917,3350,3699,4628,6045,3362,3850,5991,12686,33.5371,29.1812,8.8182,47.422
28120,5004,8540,7931,4577,4250,4985,5014,4107,3496,3824,3912,3571,3157,3371,3387,3261,-26.9561,-0.892131,8.60372,48.258
28121,3295,3409,4122,4367,3281,3704,4864,6789,3382,3819,5597,9290,3196,3765,4476,5255,3.8054,23.3958,8.93845,48.4073
28122,3120,3299,3694,3987,3325,3517,4254,5677,3308,3813,5255,9871,3236,3763,4961,6881,9.16521,30.1324,8.60109,47.974
28123,3162,3303,3443,3397,3262,3471,3700,3876,3463,4013,5111,5433,3598,4654,9126,8855,29.0947,14.6845,8.99327,47.9113
28124,3654,4659,8044,7574,3552,4174,6106,6116,3310,3650,4060,4116,3019,3366,3470,3467,-19.4433,14.1724,8.51701,48.2247
28125,3250,3438,3712,3894,3329,3885,5019,5355,3496,4084,6652,8224,3409,3863,5148,5771,7.93883,17.7828,8.88085,48.3527
28126,3405,3785,6030,12722,3440,3746,4772,6052,3299,3317,3729,3864,3010,3269,3450,3318,-30.7044,30.0217,8.7065,47.472
28127,4541,4302,3685,3232,7027,5770,3873,3410,7300,5851,3893,3274,4723,4227,3586,3219,0.187506,-19.0877,8.61999,47.942
28128,3124,3448,3729,3721,3290,3563,4562,5047,3464,4040,6366,8525,3345,3885,5583,6830,11.1843,19.6079,8.87456,48.348
28129,3154,3361,3846,4152,3330,3722,4616,6467,3305,3664,5230,9714,3299,3736,4526,5903,5.77241,27.7428,8.91133,48.0167
28130,11396,7342,4106,3409,5798,4968,3820,3283,3985,3737,3552,3206,3390,3340,3238,3183,-30.9922,-20.8458,8.84406,47.8353
28131,3563,3511,3191,3095,4443,3941,3600,3294,8036,5700,3905,3299,8813,6163,4031,3490,16.2675,-21.4995,8.83444,48.05
28132,3145,3285,3279,3405,3211,3429,3731,3929,3395,3705,4737,6285,3342,3932,6065,12644,27.264,30.1228,8.95191,47.6793
28133,5738,4682,3734,3293,9493,5608,3838,3479,6163,4722,3685,3284,3876,3855,3472,3156,-6.07896,-23.4705,8.98337,48.052
28134,3277,3414,3531,3447,3718,4062,4150,3711,4173,5947,7070,4463,4211,5839,6678,4592,14.4517,2.17687,8.82736,48.1887
28135,12171,5942,3962,3402,6768,4879,3795,3376,3988,3919,3551,3145,3341,3412,3191,3073,-23.4919,-33.1164,8.84765,47.9433
28136,3372,3882,4711,5264,3387,4031,6724,7878,3406,3994,5168,5994,3205,3543,3918,4113,-4.78461,17.6032,8.68118,48.3933
28137,3329,3841,6012,12626,3422,3706,4752,6164,3204,3517,3761,3888,3229,3238,3378,3451,-33.2264,28.2723,8.61321,47.6787
28138,3502,3378,3209,3125,3719,4047,3753,3441,4870,6451,4905,3809,5730,8475,5774,4092,19.8794,-6.39529,8.56653,48.1867
28139,3078,3317,3447,3487,3268,3565,3865,3828,3470,4068,5081,5598,3522,4428,8225,9615,31.7775,16.8881,8.53514,47.908
28140,3685,3927,3637,3329,4406,5461,4373,3645,5319,7799,5292,3776,4575,5078,4293,3655,5.83266,-6.78307,8.50388,48.1667
28141,4039,3753,3380,3132,5873,4328,3663,3289,9991,5181,3759,3409,6320,4778,3696,3354,7.44839,-28.5177,8.81907,47.9633
28142,3011,3291,3519,3631,3224,3540,4087,4724,3391,3961,5378,8848,3285,3940,5560,8782,14.927,25.3167,8.88723,48.1147
28143,3216,3513,3996,4228,3293,3741,4696,7022,3395,3835,5235,9443,3267,3550,4352,5514,3.62023,30.354,8.7628,48.1973
28144,3427,3467,3440,3198,3603,3762,3908,3572,4309,5640,5305,4227,4817,7837,7443,4612,21.5251,-0.976057,8.61776,48.378
28145,3358,4034,6690,12392,3386,3772,4934,5947,3203,3340,3672,3853,3111,3104,3398,3318,-29.3323,24.5081,8.81444,47.6747
28146,3533,4747,8957,8950,3537,4081,5048,5417,3291,3510,3779,3860,3157,3224,3349,3395,-29.9385,15.1736,8.57148,47.89
28147,3166,3459,3598,3601,3482,3741,4495,4275,3666,4651,7858,6118,3741,4578,6542,5694,12.4877,11.351,8.75533,48.4433
28148,4272,6795,9343,5709,3800,4681,5347,4431,3414,3660,3882,3597,3177,3236,3434,3383,-25.9154,4.43691,8.78359,48.1073
28149,3297,3617,3702,3630,3568,3953,4965,4371,3807,4963,8061,5573,3601,4420,5727,5008,9.78747,8.75192,8.54886,48.1753
28150,3438,3486,3233,3176,3997,3818,3570,3255,5589,4991,4022,3360,10072,8228,4336,3429,32.8562,-17.3968,8.87952,48
28151,3686,3715,3459,3272,4650,4897,3896,3434,6398,7774,4501,3693,5390,5434,3986,3509,8.4512,-12.9009,8.62243,47.796
28152,3892,5648,9886,6448,3716,4414,5262,4890,3374,3698,3786,3665,3174,3294,3482,3430,-33.547,8.35599,8.51156,48.0393
28153,4589,6031,5317,4034,4540,7366,6172,4100,3916,4426,4186,3694,3414,3489,3500,3311,-12.1707,-2.89877,8.73685,48.0567
28154,3515,3402,3233,3059,3824,3824,3461,3158,5951,4929,3903,3398,11312,7467,4128,3413,27.4935,-20.9623,8.81404,47.9847
28155,4114,5755,7556,5091,4036,5403,6890,4878,3402,3931,4174,3776,3241,3382,3424,3436,-16.8579,4.66874,8.6783,48.326
28156,5752,7700,5246,3849,5127,7273,4831,3703,3925,4241,3893,3408,3370,3559,3375,3219,-16.2972,-8.19106,8.71139,48.314
28157,3872,5314,7090,5288,3848,5320,7538,5047,3489,3988,4414,3870,3214,3503,3655,3403,-14.2881,6.33022,8.99738,48.5687
28158,3340,3341,3286,3093,3921,3804,3597,3299,5116,5242,4140,3669,8051,9319,5023,3553,30.1595,-12.8106,8.51482,47.8627
28159,5638,4503,3731,3253,9128,5516,3792,3354,6561,4682,3691,3280,4239,3931,3579,3234,-4.82247,-24.601,8.55474,48.0747
28160,3274,3326,3384,3189,3594,3856,3714,3371,4434,5241,4717,3955,5406,9078,7172,4312,27.1963,-3.24581,8.90272,48.0153
28161,12691,5837,3840,3245,6079,4572,3690,3399,3924,3720,3389,3227,3371,3401,3221,3325,-33.7605,-31.9727,8.97365,47.2873
28162,3427,3997,5675,10374,3456,3753,5048,7831,3152,3448,3965,4418,3136,3283,3407,3384,-18.6781,32.3996,8.64279,47.836
28163,3455,4067,5574,6474,3410,4160,6996,7827,3341,3604,4479,4846,3194,3402,3678,3756,-10.7553,17.1217,8.60273,48.1753
28164,4137,5872,7223,5007,4015,5507,6652,4584,3495,3999,4052,3713,3308,3354,3471,3352,-16.1981,3.32403,8.63319,47.8273
28165,3328,3779,5024,7322,3433,3853,5270,9648,3292,3599,4366,5159,3147,3361,3704,3760,-11.0903,33.0647,8.70163,48.03
28166,3082,3269,3412,3523,3243,3487,4062,4235,3277,4070,5380,7671,3424,4010,6361,9558,18.2248,21.8083,8.65532,48.0427
28167,5380,8799,7208,4407,4406,5302,4799,4092,3627,3828,3773,3571,3269,3415,3445,3323,-24.2809,-2.67642,8.61327,48.4293
28168,3316,3707,3977,3892,3597,4287,5806,4829,3651,4734,7809,5586,3565,3971,4891,4436,4.11982,10.1136,8.60021,48.036
28169,3704,4088,4027,3513,4386,5946,4996,3818,4617,7344,5753,3843,3913,4544,4197,3596,2.75512,-3.47131,8.95561,48.19
28170,3318,3562,3192,3179,3987,3914,3580,3333,5715,5330,4003,3530,9522,8249,4472,3556,24.3347,-16.8282,8.85821,48.2947
28171,3646,3667,3236,3128,4891,4153,3490,3367,9190,5290,3836,3454,8250,5192,3793,3380,13.2762,-26.5288,8.60204,47.9753
28172,3383,3380,3269,3071,4222,3913,3361,3149,7495,5068,3902,3383,11332,5960,3870,3365,20.5961,-27.6361,8.99856,48.082
28173,3084,3359,3371,3312,3222,3443,3812,3962,3388,3738,4724,6011,3472,3943,6094,12637,27.7339,32.3708,8.65031,47.7147
28174,3675,3535,3403,3164,4794,4206,3617,3280,8463,6027,4040,3398,7510,5694,3945,3294,13.0389,-20.1082,8.94915,48.03
28175,3649,3809,3436,3284,4488,5198,4111,3545,5674,7957,4965,3622,4909,5684,4356,3588,8.31983,-9.32687,8.57874,48.1833
28176,3358,3730,4383,5247,3379,3775,5183,9205,3286,3657,4712,7255,3231,3545,3936,4351,-3.12868,32.0201,8.65935,48.1553
28177,3310,3444,3330,3159,3709,3935,3799,3393,4603,5164,4542,3972,6035,9911,6186,3974,32.5318,-6.50019,8.92641,48.3107
28178,3971,6051,9969,6276,3696,4389,5258,4803,3430,3702,3871,3810,3123,3324,3365,3305,-28.1401,7.50081,8.62563,48.2287
28179,3159,3757,5017,6699,3374,3848,5524,9831,3218,3622,4464,5582,3102,3410,3675,3833,-9.08,25.7865,8.94719,48.0767
28180,3363,3386,3188,3126,3940,3777,3443,3312,5711,4944,3931,3337,10448,8074,4428,3449,30.6531,-18.2168,8.85251,47.9047
28181,3389,3419,3257,3119,3826,3824,3617,3213,5293,5221,4031,3472,8458,9401,4934,3541,27.8267,-13.7077,8.86686,48.01
28182,6744,5400,3954,3314,8447,6391,4115,3462,5036,4355,3658,3333,3787,3759,3406,3104,-10.8973,-19.669,8.691,48.1767
28183,4469,6584,6480,4440,4387,6285,6230,4165,3712,4102,4054,3732,3349,3434,3567,3354,-15.7628,0.234097,8.81227,48.2293
28184,11636,6327,3851,3416,6881,4949,3877,3382,4088,3717,3513,3214,3432,3320,3382,3018,-23.1179,-25.2838,8.72822,48.002
28185,3626,3791,3679,3417,4099,5176,4294,3731,5005,7870,5808,3926,4323,5278,4645,3847,7.54918,-4.70507,8.6335,48.3433
28186,3260,3293,3363,3319,3437,3706,3789,3625,3854,4498,5250,4494,4231,6895,9402,5565,27.5995,4.2312,8.71983,47.9873
28187,6375,5024,3701,3205,9457,5933,3774,3336,5559,4427,3717,3276,3914,3742,3310,3135,-8.62372,-22.8182,8.79666,47.9233
28188,3411,3395,3220,3065,3954,3723,3477,3234,6550,4762,3742,3432,12225,6090,3795,3380,25.182,-30.5302,8.548,47.6367
28189,3202,3298,3715,3584,3426,3713,4717,4463,3497,4456,7453,6983,3468,4218,6096,5989,11.4781,14.0177,8.80526,48.1853
28190,3383,3476,3306,3132,4339,3936,3611,3320,7878,5071,3765,3314,10369,5703,3958,3340,18.3365,-27.4519,8.79,47.934
28191,3320,3800,4667,5393,3370,3917,6165,8409,3356,3707,4906,6250,3393,3419,3878,4107,-4.65063,19.8927,8.71062,48.038
28192,3378,3306,3300,3038,3783,3847,3517,3294,4877,5343,4298,3651,7217,9610,5370,3706,30.3821,-10.9779,8.59802,47.69
28193,3422,3580,3652,3369,3719,4358,4666,3988,4081,6151,7624,4593,4048,5065,5627,4323,10.0075,3.00292,8.63204,48.1773
28194,3194,3318,3333,3386,3550,3830,3698,3575,4149,4806,4988,4129,4766,8223,8491,4866,31.2433,0.31484,8.90567,48.2013
28195,3197,3242,3461,3406,3341,3443,3935,4256,3332,3889,4962,8343,3367,3852,5587,10052,17.4221,32.6376,8.79202,47.7767
28196,3028,3199,3274,3368,3211,3519,3777,3957,3363,3712,4721,6048,3342,3876,6469,12472,29.3712,25.0337,8.88989,47.5573
28197,6608,9328,5368,3893,4918,5866,4556,3695,3797,3881,3674,3486,3365,3486,3397,3123,-22.7353,-9.62604,8.60528,48.294
28198,3583,4053,4299,3953,3815,4906,7112,4943,3601,4951,6820,4779,3493,3954,4317,3989,-0.588253,6.43051,8.72719,48.3787
28199,12018,6317,3985,3449,6585,4909,3767,3275,4072,3813,3421,3155,3382,3438,3148,3034,-24.0188,-25.2596,8.77876,47.8453
28200,5286,4462,3551,3164,9096,5117,3882,3406,7103,4610,3750,3420,4195,3950,3490,3143,-3.50932,-33.6705,8.77756,47.75
28201,10859,5800,3916,3276,7701,4919,3672,3310,4305,3869,3498,3193,3409,3404,3177,3228,-19.4831,-29.0983,8.91175,47.6907
28202,3203,3499,3561,3482,3534,3919,4614,4029,3899,5306,7570,5117,3684,5071,6795,5065,13.4372,6.49252,8.86829,48.232
28203,3618,3576,3271,3111,4701,4164,3519,3217,8938,5345,3776,3352,8643,5391,3793,3355,14.2938,-25.0002,8.96024,47.8467
28204,3134,3345,3811,3886,3331,3526,4541,5953,3379,3604,5331,9910,3275,3671,4849,6434,7.98227,31.501,8.62977,47.9867
28205,4090,3962,3538,3221,6284,5338,3800,3322,7964,6477,4099,3424,5063,4621,3718,3333,3.67076,-18.4999,8.84707,48.1693
28206,3162,3277,3427,3539,3273,3647,4114,4217,3416,3985,5693,6832,3489,4248,7040,9291,19.3114,18.798,8.54212,48.4333
28207,3326,3860,5185,7390,3462,3842,5629,9536,3336,3625,4331,5178,3068,3400,3545,3879,-11.409,25.2091,8.75089,48.3947
28208,4124,6631,9701,5707,3845,4591,5299,4492,3401,3791,3835,3655,3080,3224,3349,3279,-26.6767,5.4002,8.93265,48.0027
28209,3327,3599,4221,4157,3591,4314,6353,5609,3514,4297,7151,5930,3383,3768,4645,4378,1.66974,12.2344,8.91589,48.158
28210,4546,6029,5279,4002,4798,7255,5892,4089,3985,4516,4129,3565,3467,3583,3468,3243,-12.2529,-4.00139,8.50083,47.8973
28211,7590,9785,5139,3653,5106,5202,4162,3618,3809,3838,3495,3248,3350,3352,3320,3094,-30.5231,-11.7587,8.58713,47.8407
28212,3136,3123,3479,3471,3232,3549,3963,4075,3441,4030,5538,6683,3564,4327,7122,9295,20.0414,18.6251,8.66524,48.0187
28213,3242,3333,3347,3429,3118,3533,3748,3808,3511,4167,5225,5351,3501,4661,9055,8947,32.6907,14.5508,8.91639,47.984
28214,5734,6167,4304,3476,6349,7525,4492,3674,4594,4750,3938,3384,3812,3636,3442,3215,-11.1757,-12.4958,8.71138,48.328
28215,3706,4008,3721,3455,4329,5633,4796,3774,4706,7528,5876,3958,4205,4864,4393,3738,4.58191,-3.83671,8.62375,48.46
28216,3414,3410,3309,3084,3901,3895,3545,3291,5346,5187,4183,3500,8514,8989,4697,3580,29.784,-14.2298,8.51376,47.8967
28217,7611,5050,3770,3261,9790,5212,3722,3311,5159,4150,3496,3235,3654,3664,3309,3194,-11.8934,-30.4559,8.99989,47.7253
28218,4921,5397,4102,3457,6164,7933,4645,3530,4712,5135,4088,3417,3832,3874,3499,3309,-7.047,-11.3192,8.65309,48.01
28219,5126,4435,3619,3301,8831,4997,3784,3331,7488,4776,3673,3321,4403,3985,3562,3242,-2.37861,-32.4266,8.86317,47.916
28220,3314,3300,3207,3096,3963,3644,3442,3234,6072,4719,3730,3390,12524,6559,3943,3342,29.1713,-25.1251,8.92736,47.6527
28221,3341,3441,3319,3159,4280,4133,3610,3385,6456,6252,4333,3483,7373,7378,4489,3434,17.3633,-15.0511,8.60266,47.9107
28222,3287,3649,4592,5573,3369,3831,5240,9832,3401,3623,4638,6507,3242,3463,3827,4113,-5.41359,31.7013,8.95675,48.1247
28223,6606,4740,3608,3411,10191,5360,3787,3442,5773,4381,3680,3308,3842,3659,3362,3105,-8.59552,-26.5699,8.99279,48.17
28224,3192,3294,3408,3282,3369,3718,3976,3903,3504,4298,5928,5348,3712,5131,9203,7066,21.5773,10.7914,8.97046,48.2213
28225,6240,8269,5196,3846,5213,6430,4627,3733,4015,4172,3693,3418,3412,3415,3373,3173,-18.8908,-9.06761,8.62386,48.15
28226,3601,3859,3779,3388,4035,5109,4748,3869,4538,7153,6398,4134,4044,4912,4761,3941,6.21514,-1.6095,8.55753,48.1793
28227,3189,3348,3296,3439,3272,3423,3863,3922,3340,3872,4846,5850,3427,4017,6811,12126,31.9658,23.1621,8.92662,48.0273
28228,3504,3869,4215,3879,3806,5057,6644,4514,3941,5250,6955,4496,3552,4035,4400,3940,0.715108,4.73547,8.75929,48.038
28229,3340,4075,6044,8752,3419,4010,5736,8003,3325,3673,4116,4450,3092,3304,3507,3625,-16.254,21.6925,8.53032,48.314
28230,3326,3693,4588,5085,3391,3955,5908,8363,3250,3847,5066,6536,3228,3534,4115,4382,-3.34802,20.5758,8.62124,48.178
28231,3897,3773,3456,3200,5681,4370,3602,3265,9923,5233,3791,3402,6573,4712,3889,3376,8.84193,-32.9429,8.917,48.0953
28232,3497,4374,6374,5991,3704,4559,7621,6264,3441,3817,4417,4332,3201,3377,3665,3660,-12.6398,12.2498,8.63252,48.196
28233,7768,9402,4901,3676,5156,5325,4213,3618,3899,3794,3592,3298,3373,3281,3211,3126,-32.6839,-12.5723,8.57113,47.7553
28234,4498,6834,6851,4605,4334,6127,6043,4347,3640,3938,4069,3675,3364,3440,3412,3363,-16.91,-0.00300648,8.65982,48.36
28235,3400,3333,3273,3214,3947,3658,3424,3326,5630,5060,3855,3318,10969,7665,4047,3453,32.1828,-19.6038,8.98448,47.7147
28236,3657,4504,5938,4975,3724,4882,8221,5704,3523,3973,4886,4443,3175,3608,3711,3644,-9.73192,8.77653,8.91611,48.3787
28237,3055,3107,3468,3379,3368,3589,3881,3768,3694,4207,5391,5181,3725,5151,9574,7714,27.8618,11.5762,8.7408,48.168
28238,3075,3345,3555,3619,3221,3535,4090,4986,3368,3880,5329,9646,3295,3847,5191,7976,12.0606,27.3897,8.87667,47.972
28239,3185,3203,3359,3468,3208,3501,3779,3966,3444,3666,4768,6114,3260,3893,6064,12651,32.1295,27.3754,8.87932,47.686
28240,3323,3416,3325,3282,3750,3786,3656,3488,4732,5171,4417,3730,6219,9652,5866,3937,32.7434,-7.14663,8.62271,47.8333
28241,3554,3934,4358,4097,3734,4916,7052,4925,3779,4727,6962,4843,3573,3930,4350,3923,-0.404823,7.00093,8.81328,48.438
28242,3150,3287,3344,3418,3204,3405,3619,3993,3353,3675,4736,6103,3323,4011,6025,12698,30.5777,29.5523,8.91551,47.5627
28243,3413,4032,5819,10663,3378,3822,5046,7620,3133,3593,3952,4220,3085,3158,3363,3422,-19.2099,33.3749,8.74715,47.8127
28244,3128,3228,3569,3562,3247,3575,4232,5055,3390,3847,5155,9832,3352,3828,5075,7729,11.8858,32.6977,8.99035,47.8693
28245,3528,3652,3464,3275,4157,4715,3972,3460,5499,7884,5135,3885,5085,6266,4612,3771,11.4116,-8.2239,8.58176,48.24
28246,3318,3422,3455,3382,3620,3906,4046,3676,4013,5531,6445,4562,4257,6193,7527,5029,17.4368,3.39714,8.74618,48.2547
28247,3143,3413,3449,3478,3242,3452,3893,4283,3328,3749,5030,8066,3387,4004,5661,10496,18.3786,29.4982,8.71651,48.0493
28248,3296,3453,3572,3464,3542,4015,4558,3790,3910,5483,7628,5037,3962,5232,6418,4834,12.7667,5.07646,8.82026,48.1293
28249,3863,3961,3701,3251,4886,5713,4153,3618,6036,7900,4604,3621,4659,4999,4056,3511,4.96269,-11.118,8.97743,48.3547
28250,3450,3364,3291,3141,4441,3852,3630,3197,7510,5332,3843,3426,10110,6133,3908,3398,19.0382,-23.5559,8.67405,48.0173
28251,3244,3568,3730,3657,3494,4032,5172,4662,3490,4607,8030,6372,3640,4211,5379,5105,8.11903,11.5604,8.83212,48.262
28252,12359,6045,3924,3415,6237,4904,3890,3422,3878,3686,3409,3318,3398,3381,3198,3154,-26.2252,-32.7658,8.62364,47.7453
28253,3599,4146,5197,4773,3691,4913,8334,5769,3494,4155,5391,4472,3285,3558,3894,3754,-6.65461,9.61046,8.9444,48.2833
28254,3154,3275,3406,3435,3196,3488,3824,3969,3269,3870,4798,6017,3313,3880,6272,12530,30.6032,26.3533,8.55194,47.7973
28255,5524,5110,3847,3476,7969,7010,4159,3401,5358,5025,3651,3420,3949,3880,3510,3251,-7.02753,-16.8366,8.89213,48.36
28256,10160,8049,4286,3510,5888,5397,3879,3493,3880,3767,3537,3371,3386,3400,3246,3140,-24.8333,-18.196,8.94225,48.2593
28257,3521,4422,8388,9598,3519,4113,5119,5643,3278,3523,3912,3962,3197,3235,3325,3354,-33.3706,16.6613,8.82738,48.0727
28258,3414,3403,3402,3063,3789,3854,3555,3324,5083,5176,4276,3605,7518,9763,5133,3749,32.6465,-11.3689,8.85932,48.0713
28259,3518,3867,4931,5486,3489,4108,6870,7787,3518,3886,5152,5611,3267,3545,3745,4003,-6.27535,16.9638,8.56147,48.522
28260,7879,6516,4196,3506,7474,6213,4106,3460,4559,4112,3657,3303,3444,3569,3330,3195,-15.8817,-18.2262,8.81553,48.346
28261,3837,4096,3818,3650,4354,5957,5278,3834,4552,6919,5647,3940,4003,4626,4151,3765,1.79197,-3.23351,8.56481,48.2847
28262,12272,6334,3997,3336,6238,4848,3714,3448,3985,3692,3382,3086,3375,3326,3250,3106,-27.1107,-27.2577,8.58068,47.5927
28263,3916,5409,7880,5573,3744,4911,6787,5130,3374,3763,4095,3935,3278,3370,3426,3594,-17.3635,7.6461,8.58908,48.1233
28264,3364,3937,6165,12585,3397,3802,4801,6099,3237,3503,3753,3952,3113,3204,3329,3402,-29.401,28.7588,8.61264,47.762
28265,3375,3616,4220,4105,3490,4115,6132,5564,3494,4254,7075,6389,3414,3864,4541,4415,2.25211,13.0358,8.73797,48.042
28266,3646,4505,6380,5391,3747,4771,7842,5944,3496,3884,4576,4293,3236,3470,3658,3655,-11.8648,10.1662,8.77365,48.3293
28267,3058,3259,3439,3497,3240,3494,3869,4411,3263,3836,5366,8027,3346,3937,5742,10130,17.8736,26.5356,8.58393,47.9427
28268,3590,4119,4571,4180,3684,5147,7434,5005,3685,4698,6395,4720,3532,3798,3970,3918,-2.5532,6.94372,8.5272,48.2973
28269,6295,5513,4159,3383,7490,7267,4226,3526,4856,4751,3720,3302,3729,3649,3413,3214,-10.2729,-16.1443,8.60151,48.3287
28270,3010,3256,3461,3520,3285,3446,3945,4117,3579,3918,5550,6619,3416,4269,7192,9527,20.6153,19.1588,8.55098,48.0733
28271,3164,3220,3370,3411,3324,3416,3752,3953,3350,3698,4764,6175,3451,3930,6174,12684,28.8566,27.8879,8.8545,47.8907
28272,3485,4510,8255,9483,3505,4048,5207,5707,3334,3583,3796,4004,3153,3238,3293,3288,-26.5213,16.9379,8.65531,47.926
28273,3217,3282,3360,3318,3362,3798,3882,3776,3805,4638,5921,4881,3957,5889,9141,5887,21.3399,7.23896,8.77869,48.076
28274,4452,7039,7506,4704,4244,5548,5816,4276,3470,3897,3897,3616,3351,3453,3396,3272,-19.4445,1.00024,8.69877,47.958
28275,6806,8216,4944,3838,5490,6300,4511,3733,4070,4143,3566,3440,3324,3476,3270,3157,-18.7815,-11.1487,8.58537,48.1893
28276,4917,5205,3925,3471,6253,7957,4619,3577,4879,5330,4077,3578,3928,3841,3578,3260,-6.28973,-11.4224,8.89015,48.2633
28277,5551,4606,3713,3290,9355,5096,3793,3398,6775,4753,3731,3266,4072,3918,3480,3138,-4.61966,-31.2648,8.58694,47.9567
28278,11725,6380,3939,3337,6527,4883,3810,3419,4076,3802,3415,3104,3428,3531,3168,3099,-24.1347,-25.5313,8.69504,47.762
28279,3325,3808,4441,4510,3434,4418,7117,5974,3516,4229,6424,5555,3313,3653,4300,4259,-1.26412,12.34,8.7912,48.184
28280,8156,9566,4755,3620,5235,5281,4184,3586,3771,3695,3595,3356,3442,3377,3211,3160,-27.9643,-13.2001,8.95585,47.9933
28281,3521,4376,7608,10433,3392,3971,5224,6053,3310,3535,3984,4021,3090,3224,3413,3407,-24.8209,19.4428,8.55084,48.3747
28282,8252,5439,3835,3332,8983,5452,3910,3351,4800,4114,3668,3224,3651,3613,3253,3118,-13.8515,-24.4981,8.79949,47.9967
28283,3400,3505,3275,3145,4159,4137,3706,3462,5917,6600,4453,3814,6772,7784,4696,3660,17.4771,-12.3489,8.6208,48.3233
28284,3339,3356,3281,3230,3903,3784,3394,3215,6358,4707,3784,3380,12442,5924,3963,3380,25.5551,-31.5413,8.87292,47.6267
28285,3390,3692,3965,3922,3449,4254,5807,4903,3653,4789,7800,5620,3474,4151,4902,4586,4.26674,9.99277,8.61006,48.238
28286,10369,5703,3885,3323,8012,5186,3785,3388,4344,3940,3531,3191,3446,3330,3209,3018,-18.5805,-30.6496,8.63039,47.7733
28287,3361,3466,3262,3229,3997,3758,3374,3281,6072,4613,3750,3351,12558,6070,3898,3388,31.5496,-29.0971,8.60169,47.6187
28288,9219,8897,4603,3488,5425,5216,4032,3637,3834,3739,3596,3336,3378,3353,3233,3072,-28.9266,-15.5881,8.88614,48.0387
28289,10282,6727,4254,3394,6819,5159,3915,3487,4081,3937,3437,3297,3477,3382,3203,3203,-21.3281,-21.3472,8.66148,48.036
28290,3194,3566,3747,3677,3370,3880,4735,4485,3517,4394,7612,6808,3622,4141,5779,5635,10.2453,13.6283,8.53345,48.108
28291,6129,7560,4854,3717,5841,7168,4432,3562,4031,4230,3751,3364,3561,3470,3342,3196,-15.876,-11.2975,8.93807,48.1387
28292,3906,3884,3452,3150,5693,5131,3863,3428,8057,6579,4059,3481,5480,5007,3915,3344,6.25573,-18.1274,8.72963,48.286
28293,3197,3443,3883,4282,3356,3662,4598,6772,3328,3854,5100,9442,3253,3695,4514,5537,4.40787,30.2966,8.76392,47.944
28294,3204,3356,3912,3928,3277,3640,4519,5894,3407,3803,5338,9808,3208,3771,4791,6315,7.79265,33.3944,8.64393,48.114
28295,3648,3684,3728,3290,4161,5047,4387,3660,4982,7894,5856,3857,4451,5351,4627,3743,7.89816,-4.81232,8.67437,48.244
28296,8007,9445,5055,3730,5178,5447,4247,3671,3887,3878,3521,3316,3330,3342,3362,3155,-25.5682,-12.5634,8.90364,48.3807
28297,5724,9850,6517,4205,4461,5240,4495,3889,3697,3812,3677,3390,3295,3430,3314,3221,-30.2052,-5.42673,8.86236,48.1447
28298,7101,4962,3712,3556,9856,5521,3732,3401,5250,4356,3642,3252,3807,3658,3264,3129,-10.2282,-26.0261,8.99406,48.1327
28299,3331,3403,3184,3144,3939,3924,3594,3286,5465,5225,4154,3444,9227,8740,4587,3614,27.5605,-15.4793,8.69704,48.174
28300,10523,6863,4178,3383,6806,5246,3858,3404,4104,4016,3461,3216,3382,3380,3194,2969,-21.4819,-21.2875,8.92727,47.9887
28301,7131,5000,3828,3406,9806,5341,3844,3418,5475,4083,3586,3266,3778,3682,3396,3191,-10.2932,-26.6335,8.92074,48.154
28302,3493,4071,7398,11514,3357,3860,4888,5993,3274,3497,3834,3827,3071,3194,3349,3320,-26.5316,20.873,8.94913,47.96
28303,4972,4287,3657,3269,8425,5490,3820,3337,7361,5087,3876,3384,4469,4080,3580,3161,-1.96222,-22.9882,8.54495,48.17
28304,3402,3991,5847,7747,3456,4015,6164,8370,3306,3655,4205,4611,3089,3225,3530,3639,-14.0465,19.8902,8.63645,48.168
28305,6748,10001,5623,3932,4694,5306,4200,3750,3615,3760,3654,3356,3326,3329,3300,3235,-31.2905,-8.60776,8.56162,47.886
28306,4538,6629,7132,4657,4319,5940,6041,4329,3641,4034,4068,3564,3256,3428,3587,3193,-17.631,0.587934,8.67605,48.2373
28307,3523,3554,3387,3104,4349,4320,3647,3308,6065,7329,4478,3586,6161,6856,4444,3533,14.3764,-12.2547,8.96457,47.7627
28308,3142,3221,3461,3411,3237,3451,3813,4056,3372,3727,4952,5772,3317,3970,6709,11798,33.917,22.6907,8.74523,47.606
28309,6516,9995,5799,3853,4901,5294,4361,3697,3774,3885,3656,3425,3346,3409,3229,3239,-29.5754,-8.07442,8.50381,48.2527
28310,12439,6087,3967,3387,6017,4915,3709,3263,4113,3753,3371,3146,3354,3373,3187,3160,-31.2469,-27.0453,8.65535,47.494
28311,10751,5692,3904,3532,7631,4900,3676,3468,4150,3930,3487,3249,3351,3456,3256,3080,-19.6549,-32.5598,8.76342,47.6753
28312,4365,4260,3706,3311,5949,6409,4238,3539,5947,6693,4305,3637,4489,4365,3711,3339,0.452136,-12.9555,8.72306,48.1753
28313,3875,3960,3715,3341,4548,6139,4725,3706,4848,7757,5326,3853,4167,4759,4129,3691,3.58764,-5.58962,8.81647,48.3593
28314,3272,3508,3967,4323,3367,3746,4668,6980,3400,3749,5147,9520,3212,3704,4401,5507,4.06589,29.076,8.91716,48.314
28315,3105,3323,3706,3691,3244,3617,4349,4898,3409,3913,6133,9006,3429,3841,5388,7138,11.6421,21.2025,8.77145,48.1267
28316,4106,3997,3668,3315,5467,5814,4043,3411,6491,7200,4394,3519,4722,4783,3816,3475,3.73718,-13.4936,8.56357,48.1473
28317,6104,5015,3801,3271,8359,6325,4076,3444,5647,4769,3665,3261,4132,3645,3408,3153,-7.7893,-19.5609,8.66301,48.05
28318,3106,3266,3573,3617,3259,3485,4041,4686,3313,3868,5096,8998,3350,3890,5381,8986,14.7595,29.2852,8.76821,47.9433
28319,3814,3638,3466,3149,4841,4566,3844,3409,7735,6911,4249,3459,6323,5679,4165,3527,10.77,-16.813,8.50637,48.5167
28320,12756,6073,3831,3350,6150,4573,3600,3375,3967,3705,3332,3193,3356,3321,3228,3195,-32.3818,-30.0875,8.64512,47.3367
28321,3529,3475,3221,3096,4526,3979,3468,3189,8028,5121,3719,3382,10029,5710,3920,3345,17.7598,-26.8344,8.86127,47.8247
28322,3367,3824,5993,12582,3295,3781,4794,5992,3272,3387,3920,3870,3194,3252,3391,3496,-30.6939,28.2064,8.87437,47.6067
28323,3923,4078,3828,3461,4592,6446,4728,3689,4911,7487,4979,3775,4167,4638,4013,3605,1.99928,-6.17343,8.98286,48.2133
28324,3404,3260,3279,3125,3862,3730,3485,3209,6030,4805,3712,3350,12417,6456,4014,3360,28.9963,-24.7326,8.87572,47.6653
28325,12488,6293,3827,3327,6125,4730,3829,3294,3864,3766,3505,3241,3449,3328,3258,3141,-28.9666,-26.291,8.59625,47.6433
28326,7899,5511,3919,3330,8918,5669,3895,3339,4902,4367,3550,3247,3667,3584,3248,3104,-13.1709,-23.3287,8.72484,48.0993
28327,3651,3561,3265,3100,4688,4034,3543,3271,8883,5255,3734,3385,8875,5273,3895,3361,14.5351,-27.9222,8.54737,47.8493
28328,3146,3304,3412,3468,3329,3591,3905,4004,3441,3862,5178,6609,3392,4154,7004,10432,22.2377,20.8733,8.51228,48.154
28329,3122,3298,3323,3454,3180,3449,3746,3959,3382,3738,4828,6069,3388,3909,6174,12363,33.9566,26.1722,8.76547,47.588
28330,5537,5056,3803,3334,7784,6824,4164,3549,5361,5026,3821,3282,4040,3792,3463,3195,-7.03954,-17.1706,8.50071,48.0207
28331,3403,3804,4648,4830,3431,4168,6784,7031,3512,3996,5750,5802,3313,3542,4057,4135,-3.20163,15.505,8.81957,48.1373
28332,3228,3375,3369,3284,3718,3850,3727,3443,4511,5082,4861,3774,5586,9420,6594,4268,33.6755,-4.74024,8.50509,48.06
28333,3772,4293,4105,3559,4251,5887,5583,3986,4373,6472,6075,4202,3876,4322,4111,3623,1.07851,-1.19098,8.91565,48.3267
28334,3335,3400,3533,3456,3612,4036,4385,3944,3917,5448,7684,5133,3932,5010,6543,5027,12.6629,5.90598,8.75174,48.2633
28335,3552,3766,3651,3550,4057,5166,4456,3723,4621,7641,5953,4155,4300,5146,4717,3856,7.37454,-3.33562,8.64955,48.2067
28336,3739,3641,3325,3165,5123,4152,3473,3294,9677,5359,3780,3382,7791,5239,3732,3351,11.9964,-27.8187,8.83218,48.1487
28337,6660,4907,3765,3316,9992,5326,3791,3415,5542,4419,3591,3198,3871,3632,3348,3199,-9.3282,-33.3306,8.94075,47.9813
28338,3498,3707,3548,3536,3912,4770,4747,3853,4290,6964,6972,4367,4144,5012,4964,4020,8.48709,-0.00385632,8.60525,48.2027
28339,3575,3565,3265,3118,4578,4251,3672,3196,7536,6525,4135,3467,7140,6238,4159,3505,14.2197,-17.4778,8.76499,47.95
28340,5711,9464,6948,4305,4299,5150,4794,3854,3666,3696,3769,3497,3299,3271,3358,3260,-29.2808,-3.91718,8.78232,48.2273
28341,3600,3332,3435,3254,3876,3765,3369,3333,5995,4623,3648,3398,12498,5850,3785,3412,33.4982,-30.6936,8.6707,47.4487
28342,3413,3384,3244,3126,4462,3894,3472,3296,8111,5136,3803,3442,10302,5715,3865,3351,18.3939,-29.2726,8.95668,48.0107
28343,3346,3253,3201,3062,3940,3806,3377,3250,6086,4712,3846,3324,12467,6717,3922,3376,28.1566,-25.0169,8.94464,47.79
28344,3167,3256,3471,3425,3172,3305,3829,4110,3436,3756,4845,6151,3364,3854,6259,12534,26.9406,26.894,8.80268,47.956
28345,3510,3418,3168,3075,3866,3851,3409,3277,5646,5023,3931,3495,10284,8270,4471,3576,28.1569,-17.9808,8.76793,48.18
28346,8470,6894,4145,3544,7149,5908,4081,3590,4189,4131,3629,3284,3516,3488,3116,3044,-17.5636,-18.2331,8.97512,48.1187
28347,4873,8301,8020,4609,4301,5024,4924,4137,3579,3796,3662,3543,3271,3330,3393,3290,-33.0378,-0.494291,8.8127,48.0353
28348,3730,5304,9560,7676,3716,4234,5358,5029,3390,3550,3852,3874,3198,3233,3296,3301,-26.8605,11.5769,8.80075,48.2007
28349,3310,3354,3213,3326,3509,3670,3626,3555,4017,4844,5197,4424,4435,7398,9018,5387,27.7121,2.91708,8.79559,48.1887
28350,3237,3921,5334,7520,3432,4001,5939,8879,3296,3591,4396,4909,3114,3324,3637,3769,-12.2709,22.1103,8.5015,48.1993
28351,3819,4173,3858,3589,4411,6206,4946,3850,4579,7017,5653,3925,4038,4499,4148,3742,2.09524,-4.1263,8.59239,48.302
28352,3413,3842,4238,3925,3679,4441,6615,5087,3760,4671,7311,5346,3497,3887,4404,4160,1.16362,8.85534,8.68394,48.184
28353,3402,3621,3776,3587,3691,4434,5094,4105,4006,5980,7640,4743,3870,4639,5366,4332,8.08744,4.00227,8.69359,48.1907
28354,3121,3190,3429,3329,3258,3547,3782,3890,3357,3908,4978,5593,3460,4173,7936,10710,30.4739,19.0738,8.88942,47.774
28355,10121,5631,3862,3383,8307,5139,3788,3343,4452,3923,3407,3193,3527,3356,3345,3152,-17.5607,-29.8533,8.85536,47.9527
28356,3625,4560,6454,5690,3669,4559,7526,6085,3411,3864,4502,4434,3280,3423,3660,3573,-12.6891,11.3092,8.53862,48.21
28357,4456,4559,3942,3452,5938,7064,4491,3546,5615,6291,4244,3534,4104,4149,3618,3349,-1.57597,-12.0223,8.81125,48.2347
28358,3429,3675,3812,3658,3696,4640,5063,4126,4026,6081,7560,4637,3804,4528,5202,4333,7.02664,3.13239,8.5673,48.18
28359,3642,4463,6116,5287,3633,4904,7996,5991,3379,3886,4783,4463,3354,3399,3739,3606,-11.0722,10.1777,8.93076,48.4273
28360,12370,6456,3982,3289,5914,4763,3791,3395,3959,3702,3490,3195,3484,3350,3151,3156,-30.8726,-24.9378,8.73614,47.6313
28361,3290,3194,3273,3173,3877,3822,3592,3419,4863,5345,4236,3752,7063,9953,5376,3892,28.234,-9.87176,8.51821,48.08
28362,3332,3672,4776,5535,3425,3902,6154,8799,3402,3655,4760,6022,3156,3539,3916,4147,-5.73258,20.7731,8.8151,48.128
28363,3328,3658,4675,5207,3456,3775,6080,8304,3369,3854,5191,6507,3217,3506,4068,4333,-3.76799,19.9312,8.57319,48.352
28364,3378,3339,3472,3325,3533,3812,4127,3865,4071,5355,6978,4622,4010,5653,7642,5045,16.5809,4.75383,8.90958,48.1513
28365,3410,3448,3323,3102,4101,3880,3500,3152,7231,4894,3704,3376,11761,5876,3861,3306,21.7454,-30.4998,8.90574,47.95
28366,4699,8130,8082,4792,4169,5166,5102,4319,3575,3725,3818,3467,3298,3306,3204,3206,-25.4874,0.016865,8.56028,48.0387
28367,3356,3680,3962,3752,3693,4364,5642,4424,3852,5326,8082,5122,3661,4258,5070,4298,5.50919,6.34083,8.69075,48.3613
28368,3090,3234,3343,3421,3253,3422,3954,3888,3517,4122,5528,5862,3749,4594,8267,9014,23.3365,15.9583,8.62904,48.172
28369,11048,6760,4158,3485,6681,5114,3971,3370,4097,3760,3461,3231,3555,3511,3148,2989,-22.5907,-22.1757,8.90831,48.226
28370,3416,3417,3318,3209,3791,3931,3552,3330,4936,5179,4448,3725,6880,9747,5380,3727,33.222,-10.261,8.75308,47.9907
28371,5309,4269,3679,3242,8997,5098,3845,3251,7504,4704,3682,3329,4612,4021,3590,3166,-2.47475,-31.2759,8.53598,48.1987
28372,4567,7472,8709,5012,4043,4899,5339,4316,3566,3753,3827,3646,3182,3271,3350,3247,-24.3931,1.89491,8.85508,48.1327
28373,4449,3949,3435,3181,7360,4790,3721,3310,9249,5238,3883,3338,5228,4371,3627,3175,2.77113,-28.0508,8.95406,48.2027
28374,3401,3976,5686,10773,3355,3828,4997,7604,3254,3373,3869,4247,3154,3280,3362,3479,-19.2465,30.4016,8.77554,47.7587
28375,7762,9657,5181,3710,5001,5362,4288,3592,3857,3840,3635,3327,3478,3297,3193,3247,-28.8262,-11.71,8.62056,48.2847
28376,3238,3388,3784,3949,3310,3646,5169,5567,3481,4045,6774,7876,3381,3824,5075,5521,6.21056,17.352,8.63501,48.0187
28377,6900,4973,3773,3301,9619,5263,3809,3338,5481,4363,3542,3161,3956,3689,3425,3252,-9.42158,-26.7651,8.52197,47.8967
28378,3242,3645,4944,6585,3432,3782,5609,9772,3279,3710,4458,5559,3129,3372,3800,3985,-8.87107,24.5481,8.82039,48.202
28379,3185,3287,3353,3477,3276,3501,3850,3894,3294,3740,4690,6099,3374,3926,6261,12625,27.9949,32.3277,8.70755,47.888
28380,4138,4465,4048,3548,5133,7397,5022,3792,4673,6374,4628,3743,3972,4200,3804,3513,-2.21396,-7.40723,8.65113,48.3
28381,6742,5055,3831,3281,9239,5829,3991,3450,5330,4393,3702,3219,3783,3685,3419,3165,-9.6171,-22.8216,8.58502,48.076
28382,3803,3654,3398,3192,4768,4408,3727,3322,7954,6889,4121,3409,6548,5706,4164,3488,11.4574,-17.2508,8.97104,48.3673
28383,3413,4111,7002,11805,3329,3836,4953,5853,3238,3471,3914,3903,3119,3126,3397,3408,-29.5678,22.6834,8.65493,47.9187
28384,3316,3677,3875,3847,3324,3985,5495,4726,3617,4778,7941,6158,3528,4218,5135,4842,6.24353,11.0152,8.91095,48.308
28385,4705,5920,4710,3862,5002,7926,5775,3925,4169,4651,4167,3518,3558,3589,3621,3264,-10.4068,-5.3745,8.97193,48.2413
28386,3542,4139,5074,4585,3763,4785,8125,5718,3547,4174,5640,4587,3294,3669,3892,3814,-5.51149,9.1501,8.89467,48.232
28387,6495,8768,5268,3811,5279,6238,4603,3816,3898,3997,3614,3374,3332,3372,3370,3216,-20.0055,-9.87216,8.54791,48.3007
28388,3384,3918,5850,10153,3412,3964,5107,7916,3306,3560,3854,4337,3049,3268,3450,3470,-18.0237,26.2651,8.751,47.9987
28389,3210,3285,3408,3347,3235,3508,3807,3921,3319,3825,4847,5772,3345,3984,7019,11456,30.959,21.5584,8.75364,47.5253
28390,3330,3435,3307,3270,3649,3839,3613,3390,4833,5240,4550,3664,6348,9795,6195,3796,28.8976,-7.34263,8.76392,48.1693
28391,3319,3918,5129,5862,3429,4011,6791,8132,3409,3729,4889,5568,3250,3456,3862,3980,-7.9827,17.8468,8.52859,48.4893
28392,3381,3448,3288,3180,3878,4153,3951,3509,5200,7158,5034,3853,5165,7439,5381,4070,15.9454,-6.2747,8.63438,48.0587
28393,3645,3995,3791,3470,4310,5744,4908,3864,4738,7258,5663,4000,3939,4685,4303,3838,3.79413,-3.69301,8.61866,48.1007
28394,3365,3456,3324,3169,4205,4015,3452,3297,7210,5020,3873,3347,10622,6550,4021,3413,20.6812,-22.8601,8.57689,48.226
28395,3279,3379,3290,3220,3639,3811,3627,3447,4511,5152,4587,3854,5837,9751,6463,4198,31.1841,-5.73936,8.9508,48.03
28396,3511,3381,3215,3190,3801,3786,3464,3254,5416,5121,4089,3565,9532,8605,4502,3645,28.4255,-16.2903,8.60181,48.0513
28397,3776,3647,3231,3038,5308,4339,3520,3362,9869,5202,3831,3387,7056,4874,3829,3432,10.3641,-33.5006,8.93789,47.8007
28398,3294,3378,3270,3046,3799,3782,3531,3254,5460,5012,3949,3478,10347,8169,4403,3482,29.5078,-17.7689,8.95875,47.7693
28399,4543,4035,3402,3191,7715,4923,3746,3339,8818,5237,3792,3284,5029,4303,3455,3263,1.72973,-26.2351,8.85693,48.05
28400,3795,4546,5575,4701,3774,5266,7919,5347,3702,4190,4972,4179,3379,3553,3741,3677,-8.82062,7.06147,8.53038,48.2107
28401,3787,3619,3412,3090,5371,4313,3629,3206,9498,5665,3803,3283,7217,5108,3797,3376,10.4695,-24.3018,8.51386,48.116
28402,9652,8449,4454,3497,5499,5192,4167,3446,3865,3795,3513,3172,3476,3399,3123,3022,-31.197,-16.7344,8.84949,47.814
28403,4033,5017,4795,4136,4453,7387,6619,4216,3881,4872,4791,3939,3663,3867,3744,3487,-7.52045,-1.22851,8.85086,48.6
28404,3078,3247,3379,3378,3452,3504,3769,3811,3651,4191,5382,4939,3717,5373,10064,7394,28.148,10.9135,8.96642,48.2193
28405,10894,7829,4215,3498,5854,4961,3920,3390,3988,3756,3522,3199,3378,3335,3315,3038,-28.87,-19.4614,8.67696,48.0613
28406,3412,3642,5050,7050,3365,3848,5255,9740,3365,3679,4398,5180,3136,3277,3721,3694,-10.1595,33.7018,8.73726,47.8747
28407,4930,8524,7476,4540,4288,5311,5082,4076,3574,3742,3758,3555,3285,3421,3385,3285,-23.7354,-1.62324,8.62133,48.1547
28408,3532,3401,3266,3120,3959,3850,3511,3395,5263,5878,4338,3659,7366,9043,5074,3757,22.3254,-11.5211,8.7245,48.2747
28409,3371,3889,5888,10999,3421,3769,4993,7665,3258,3526,3933,4184,3013,3259,3459,3502,-20.1761,26.6577,8.8661,48.086
28410,11921,6825,4010,3276,5994,4829,3839,3339,3791,3769,3397,3159,3407,3309,3267,3162,-31.6415,-23.3833,8.77473,47.5293
28411,3363,3470,3268,3124,3963,3909,3497,3309,6168,4893,3749,3390,12005,6801,3998,3403,26.7289,-23.2301,8.9231,48.2067
28412,3295,3922,6084,12660,3362,3737,4839,6027,3212,3450,3755,3963,3130,3151,3390,3431,-30.3088,29.546,8.55621,47.6053
28413,5513,5683,4148,3536,6623,7534,4280,3493,4802,4852,3875,3400,3658,3693,3569,3228,-8.98306,-13.0915,8.50566,47.9247
28414,3957,5867,8475,5555,3935,4952,6400,4892,3529,3756,4076,3812,3197,3424,3418,3335,-19.3523,6.06006,8.8952,48.3867
28415,3497,3431,3295,3051,4483,4035,3506,3271,8197,5168,3810,3425,10008,5662,3782,3460,17.4908,-27.7399,8.732,48.054
28416,3200,3465,3657,3580,3547,3942,4723,4390,3758,4792,8030,5980,3714,4474,6037,5267,10.4482,9.63763,8.55601,48.3707
28417,12737,6033,3835,3407,6073,4713,3747,3360,3812,3819,3490,3209,3461,3301,3273,3123,-27.6117,-32.1827,8.96301,47.5953
28418,3525,3548,3312,3201,4212,4518,3647,3544,6283,7352,4489,3531,6045,6656,4350,3649,13.3377,-12.3492,8.66017,47.908
28419,4496,6878,6839,4368,4440,6084,5976,4267,3623,4036,4070,3680,3272,3373,3347,3356,-17.0245,-0.216615,8.8278,48.07
28420,13068,5986,3794,3333,6049,4765,3783,3341,3994,3769,3389,3288,3376,3320,3215,3160,-30.7365,-30.5326,8.98526,47.7533
28421,3451,3964,5616,6568,3455,4073,6500,8011,3247,3716,4572,4981,3176,3384,3663,3818,-11.0721,18.3459,8.60099,48.13
28422,4004,5474,7881,5398,3935,5060,6948,4950,3506,3708,4185,3852,3344,3243,3507,3268,-17.1484,6.14041,8.94464,48.1753
28423,4309,3901,3508,3227,6830,4656,3705,3387,9457,5151,3816,3381,5406,4545,3725,3251,4.1296,-33.1339,8.6674,48.17
28424,3389,3439,3144,3032,4167,3976,3487,3242,7397,5056,3839,3421,11054,5775,3937,3372,20.4913,-33.8693,8.7018,47.818
28425,3151,3630,4247,4954,3326,3743,4906,8656,3331,3736,4876,8019,3203,3498,4123,4658,-1.01438,29.0981,8.73848,48.038
28426,3271,3374,3314,3177,3578,3839,3664,3428,4576,5308,4659,3884,6189,9580,6247,3969,28.9321,-6.55392,8.53491,48.038
28427,5597,4677,3820,3336,8910,5910,3889,3321,6304,4773,3678,3282,4105,3978,3364,3177,-4.93964,-21.1332,8.93022,48.0807
28428,3478,3706,3473,3364,4000,4607,4269,3706,4897,7633,5747,4065,4574,5948,5004,3994,10.7655,-4.01735,8.54723,48.31
28429,12612,6196,3858,3293,5983,4708,3789,3405,3951,3884,3484,3179,3389,3433,3216,3135,-31.0508,-27.3401,8.78986,47.6767
28430,4320,6781,8979,5607,3935,4735,5488,4515,3426,3719,3878,3675,3237,3253,3447,3357,-24.65,4.20264,8.55575,48.2347
28431,3719,5056,9405,7355,3613,4371,5578,5171,3353,3720,3893,3901,3167,3232,3491,3258,-24.0474,11.4059,8.5865,48.1887
28432,3893,4297,4200,3737,4295,6272,5776,4126,4272,6091,5566,4091,3734,4115,3975,3836,-0.725816,-1.35685,8.50212,48.184
28433,6869,4768,3712,3401,9792,5206,3868,3393,5613,4289,3588,3266,3969,3761,3436,3184,-9.08073,-30.4871,8.52614,48.0767
28434,6474,4736,3690,3381,9590,5216,3924,3395,6065,4373,3647,3240,4000,3772,3342,3154,-7.92147,-29.879,8.63332,47.9993
28435,7301,7683,4657,3619,6005,6399,4141,3600,3998,4110,3799,3340,3364,3524,3295,3302,-18.5675,-13.7548,8.54067,48.0913
28436,3850,5404,9479,6819,3720,4407,5717,4912,3422,3699,3773,3861,3108,3336,3316,3381,-23.535,9.67417,8.7555,48.136
28437,3240,3544,4511,5870,3396,3780,5297,9916,3363,3753,4575,6421,3182,3435,3948,4123,-5.94272,28.0282,8.70757,48.236
28438,3110,3432,3348,3306,3439,3584,3865,3696,3832,4531,5377,4518,4145,6648,9739,5717,29.6172,5.45666,8.88956,48.1913
28439,3188,3474,3818,3911,3345,3720,4656,5328,3546,4165,6707,8060,3369,3905,5370,6006,8.87511,17.958,8.58061,48.3787
28440,3441,3776,5726,12543,3367,3715,4787,6051,3305,3352,3752,3915,3216,3345,3455,3484,-33.7477,32.4231,8.97433,47.4867
28441,3364,3904,5264,7891,3269,3869,5444,9463,3209,3499,4117,5056,3140,3331,3613,3580,-12.4368,25.2113,8.90265,48.0087
28442,3311,3628,4792,6847,3368,3863,5196,9767,3308,3613,4364,5691,3141,3395,3719,3886,-9.36297,31.587,8.59323,47.926
28443,3334,3665,4418,5190,3351,3895,5772,8412,3280,3739,5120,6858,3278,3512,3987,4319,-2.69393,21.5237,8.65665,48.0867
28444,3126,3188,3390,3467,3278,3467,3744,3803,3369,3767,4608,6005,3315,3830,6087,12715,32.4443,28.2035,8.82463,47.4393
28445,9695,8144,4539,3431,5611,5151,3924,3496,4005,3868,3569,3242,3332,3358,3251,3054,-26.492,-17.2641,8.65218,47.78
28446,4821,5900,4777,3769,5336,8249,5139,3862,4242,4749,4124,3433,3581,3577,3412,3261,-10.2965,-7.26994,8.90208,48.1547
28447,4728,7031,5705,4164,4741,6922,5659,4070,3880,4336,4017,3578,3368,3463,3424,3288,-15.0393,-3.64798,8.68166,48.2493
28448,3256,3553,3859,4122,3377,3677,5046,6172,3503,4034,6111,8418,3387,3665,4688,5469,4.92272,19.8937,8.83787,48.2247
28449,3333,3857,5641,9120,3355,3835,5303,8638,3231,3529,4110,4619,3130,3251,3529,3559,-15.4168,24.4763,8.87434,48.0267
28450,3651,4059,3977,3599,4239,5699,5125,3787,4507,6802,6028,4034,3992,4422,4328,3837,2.96781,-2.34328,8.73466,48.0573
28451,4936,4358,3620,3352,8329,5386,3791,3356,7430,5122,3749,3337,4660,4131,3484,3216,-1.4813,-23.0075,8.60181,48.1713
28452,3415,4091,6450,10129,3444,4014,5426,7523,3303,3497,3902,4238,3196,3102,3427,3525,-19.0873,22.257,8.99819,48.4547
28453,8069,9407,4842,3645,5054,5148,4176,3626,3820,3934,3535,3282,3379,3367,3290,3211,-31.4696,-12.8202,8.7192,47.8567
28454,4409,4052,3553,3345,6862,5390,3784,3310,8113,5749,3935,3380,5086,4385,3560,3249,2.34013,-20.3816,8.66361,48.108
28455,6712,4861,3694,3316,9516,5616,3888,3359,5564,4491,3649,3351,3835,3580,3264,3256,-9.13647,-24.1998,8.54993,47.968
28456,3399,3855,5850,12631,3296,3817,4760,5958,3271,3420,3739,3823,3043,3310,3405,3330,-31.3429,30.5255,8.6766,47.2713
28457,3650,3780,3468,3264,4660,4599,3760,3443,6907,7392,4285,3584,5977,5996,4049,3557,10.9979,-14.592,8.53378,48.2473
28458,4278,7014,9102,5518,3970,4716,5586,4433,3480,3870,3940,3658,3145,3426,3319,3261,-24.6569,3.68036,8.83816,48.4773
28459,3139,3205,3349,3393,3236,3483,3743,3976,3330,3785,4784,6164,3469,3928,5987,12558,26.6831,29.8956,8.81528,47.686
28460,3168,3292,3232,3475,3195,3365,3632,3864,3341,3849,4828,6269,3358,3971,5861,12449,24.4814,32.9281,8.9893,47.4327
28461,3294,3738,4470,5397,3288,3898,5288,9254,3269,3676,4673,7114,3241,3415,3907,4394,-3.61169,26.9124,8.67974,48.2107
28462,3253,3441,3484,3285,3633,4148,4477,3867,4090,5855,7065,4737,4173,5560,6630,4846,13.7468,3.41232,8.5472,48.3627
28463,3446,3510,3372,3083,4117,4079,3579,3453,6090,6303,4130,3440,7713,7737,4590,3484,18.8789,-14.5828,8.65714,48.084
28464,3454,4150,7062,11711,3289,3847,5007,5895,3212,3423,3750,3936,3093,3208,3322,3340,-28.8955,21.6736,8.88526,47.7993
28465,3097,3285,3415,3494,3192,3472,4055,4215,3424,4031,5530,6782,3676,4338,6922,9377,19.6481,19.4946,8.79897,48.2033
28466,12497,6179,3768,3420,6221,4807,3734,3409,4065,3710,3388,3274,3351,3385,3183,3157,-27.6383,-26.9179,8.63654,47.6987
28467,4155,6420,9596,5829,3826,4492,5138,4554,3535,3633,3777,3762,3131,3379,3322,3353,-28.6607,5.73925,8.54057,47.9347
28468,3076,3224,3445,3433,3328,3419,3982,4344,3327,3868,5086,8464,3342,3999,5671,9983,17.2327,27.6884,8.90708,47.994
28469,3264,3689,4549,5298,3430,3826,5785,8621,3449,3730,5018,6649,3239,3533,3955,4307,-3.73982,21.4677,8.83172,48.228
28470,5377,4449,3608,3290,8805,5625,3790,3336,6614,4995,3803,3355,4334,3959,3553,3166,-3.66336,-22.5934,8.81332,48.0393
28471,3477,3344,3331,3139,4136,4002,3603,3176,6980,5476,3996,3351,9855,6716,4249,3472,20.0445,-20.2799,8.79111,48.202
28472,8845,5685,3992,3325,8442,5498,3890,3389,4696,4059,3600,3386,3459,3567,3323,3108,-15.7509,-23.7983,8.71369,48.176
28473,3049,3325,3494,3360,3277,3474,3800,3899,3339,3723,4652,6085,3403,3976,5967,12540,30.4005,28.6666,8.77837,47.5753
28474,3549,4065,4751,4312,3770,5009,7606,5293,3542,4430,6115,4613,3433,3741,4040,3951,-3.60171,7.92405,8.91208,48.1467
28475,3280,3578,4112,4508,3305,3655,4844,7541,3383,3844,5201,8995,3358,3544,4353,5005,1.99157,27.6939,8.51276,48.3373
28476,3123,3297,3459,3446,3232,3533,4033,4146,3623,4091,5789,6309,3665,4410,7615,8636,20.183,16.6051,8.6212,48.2713
28477,3521,3418,3201,3053,4278,3937,3576,3298,7730,5013,3772,3459,10425,5727,4056,3326,18.8472,-33.611,8.5085,47.86
28478,3585,3483,3251,3052,4337,4090,3471,3246,8156,5327,3903,3448,9686,5829,3929,3340,17.1584,-24.6642,8.78182,48.0887
28479,3065,3212,3343,3363,3289,3540,3826,3886,3582,3902,5113,5845,3474,4158,7726,10499,27.9654,18.9997,8.77831,47.882
28480,3334,3362,3374,3165,3863,3817,3341,3337,5937,4624,3718,3295,12577,5830,3975,3375,33.0438,-32.6387,8.95869,47.2827
28481,4781,4180,3530,3252,8253,4886,3652,3330,8325,4998,3890,3293,4853,4176,3634,3302,0.233735,-31.5843,8.52729,48.2233
28482,3696,4908,7970,6130,3677,4617,7008,5465,3351,3781,4101,4090,3233,3348,3558,3466,-17.1366,9.82541,8.6765,48.266
28483,3390,3940,5874,12309,3424,3828,4655,6040,3292,3411,3766,3875,3242,3332,3275,3463,-29.1888,33.7496,8.60627,47.4107
28484,3457,3819,3903,3406,3910,4822,4840,3925,4505,6814,6799,4400,4008,4977,4823,4161,7.09281,-0.21264,8.50332,48.3793
28485,3083,3172,3261,3380,3320,3623,3866,4042,3449,3916,5315,6100,3445,4360,7711,10074,24.0263,18.5515,8.77877,48.078
28486,3226,3278,3345,3325,3550,3735,3803,3595,4105,4867,5032,4444,4402,7292,8971,5141,33.2882,2.62823,8.71969,48.074
28487,3084,3311,3658,3650,3209,3485,4346,5244,3427,3798,5630,9508,3299,3868,5120,7445,11.4208,23.4489,8.93429,48.0547
28488,4792,8044,8348,4797,4063,4987,5188,4233,3554,3826,3728,3647,3148,3269,3362,3155,-26.0224,0.713174,8.61862,48.094
28489,3096,3296,3413,3311,3328,3599,4016,3802,3538,4427,5607,5159,3787,5243,9376,7063,23.8707,10.6242,8.68861,48.0407
28490,4795,7988,7832,4701,4195,5169,5252,4115,3598,3757,3765,3663,3212,3325,3361,3320,-22.9151,-0.589363,8.70725,48.032
28491,3276,3401,3549,3294,3638,4049,4189,3729,4345,5995,6561,4315,4451,6156,6733,4618,15.2902,1.3924,8.95094,48.1993
28492,3330,3368,3377,3176,3752,3795,3635,3227,4913,5389,4314,3666,6857,9948,5399,3844,32.3116,-9.33149,8.72488,47.9933
28493,3603,4422,5565,4635,3862,5279,8132,5358,3645,4242,4997,4269,3216,3510,3816,3629,-8.46983,6.88277,8.63825,48.12
28494,3151,3129,3427,3442,3247,3601,3827,4042,3440,4060,5217,6371,3530,4262,7314,10345,23.048,19.5593,8.5676,48.27
28495,9339,7639,4253,3503,6261,5459,4002,3338,3932,3885,3570,3426,3414,3486,3322,3096,-21.6287,-17.5298,8.68391,47.95
28496,7199,6076,4295,3456,7324,6802,4149,3483,4458,4476,3702,3342,3541,3415,3318,3110,-13.8441,-16.6933,8.70115,48.0973
28497,3251,3406,3342,3215,3753,3779,3578,3343,4916,5630,4417,3789,6444,9792,5854,3928,25.3756,-8.24023,8.85907,48.2913
28498,3395,3327,3267,3028,3843,3858,3510,3256,5799,5361,4074,3532,9343,8430,4489,3604,24.8731,-16.6003,8.66402,48.0773
28499,7545,7627,4569,3616,6278,6383,4293,3508,4101,4088,3693,3170,3551,3475,3359,3229,-17.9972,-14.606,8.70405,48.3233
28500,4060,3879,3442,3186,5822,5349,3906,3384,7607,6932,4109,3534,5116,4808,3924,3389,4.67732,-16.5128,8.78999,48.298
28501,3364,3418,3307,3204,3705,3749,3533,3354,4934,5351,4317,3667,6622,9884,5512,3843,33.078,-8.92344,8.81488,47.8427
28502,3566,3581,3223,3110,4737,3985,3511,3200,8832,5335,3879,3460,8823,5464,3906,3363,14.6075,-27.7723,8.65994,47.9833
28503,4996,7209,5931,4170,4515,6783,5539,4105,3806,4195,3996,3585,3525,3479,3368,3321,-15.7217,-3.47171,8.57533,48.3487
28504,3818,5276,9755,7359,3638,4274,5425,4995,3301,3519,3929,3875,3118,3121,3280,3306,-26.3433,10.8503,8.88803,47.9927
28505,3980,3924,3528,3238,4913,5489,4108,3485,6349,7873,4603,3535,4919,5148,3941,3422,5.89525,-11.9699,8.62034,48.3033
28506,3398,4040,6341,10836,3428,3936,5143,6967,3111,3457,3844,4105,3051,3147,3398,3401,-21.312,23.587,8.76393,47.7353
28507,3506,3383,3331,3073,4281,3951,3569,3250,7415,5644,4021,3423,9253,6459,4182,3522,18.1477,-20.4755,8.6975,48.1753
28508,3461,3411,3130,3071,4028,3836,3484,3142,6309,5112,3971,3444,10859,7166,4192,3434,23.8433,-20.9658,8.97843,48.0333
28509,3287,3299,3346,3336,3233,3489,3837,3811,3353,3762,4583,5994,3297,3850,6110,12695,31.268,30.5622,8.83413,47.5213
28510,3435,3431,3281,3008,4319,3807,3489,3249,7648,5011,3809,3329,10984,5697,4045,3374,19.7704,-31.1624,8.67333,47.944
28511,12213,6184,3998,3546,6329,4713,3739,3359,3991,3742,3527,3279,3404,3375,3286,3110,-24.8909,-33.3445,8.71648,47.8633
28512,9346,5467,3779,3290,8914,5124,3808,3285,4580,3996,3573,3208,3590,3583,3190,3119,-15.7195,-28.0379,8.99448,47.9013
28513,3148,3438,3526,3539,3509,3862,4397,4073,3836,4956,7773,5454,3741,4973,6929,5307,13.2615,8.25372,8.87225,48.3073
28514,8417,8835,4675,3643,5387,5387,4046,3508,3836,3832,3565,3317,3354,3375,3182,3072,-25.0389,-14.2195,8.63403,47.6207
28515,3187,3263,3360,3279,3365,3503,3805,3695,3737,4326,5285,4869,3979,5837,9895,6538,30.2948,8.13585,8.65068,47.9487
28516,6849,8658,5015,3750,5449,6316,4480,3607,4016,4045,3659,3475,3415,3301,3275,3148,-20.1196,-10.7148,8.87069,48.3053
28517,3129,3231,3417,3329,3258,3409,3782,3857,3485,4052,5188,5470,3659,4554,8904,9096,28.3222,15.3116,8.92155,47.88
28518,3157,3643,4001,4193,3377,3840,5307,6029,3455,4040,6227,8030,3328,3803,4646,5215,4.15834,18.8839,8.76871,48.194
28519,3767,4359,5029,4296,3889,5585,8025,4882,3663,4436,5659,4306,3513,3604,3810,3674,-5.63939,5.269,8.97872,48.3313
28520,3355,3937,6336,12382,3397,3802,4982,6065,3231,3451,3717,3925,3051,3202,3380,3434,-31.6035,25.643,8.86813,47.7647
28521,3189,3297,3451,3545,3239,3505,3887,3987,3404,3764,4809,6088,3332,3984,6109,12297,33.7572,25.8039,8.59288,47.9247
28522,4142,5583,6445,4622,4069,6089,7034,4664,3595,4116,4268,3729,3343,3524,3451,3398,-13.7807,2.41969,8.7587,48.048
28523,12734,5976,4046,3188,6117,4689,3784,3418,3818,3803,3421,3229,3475,3478,3137,3102,-29.3186,-29.4041,8.87061,47.61
28524,3871,3734,3334,3112,5596,4479,3705,3223,9819,5294,3785,3359,6490,4815,3741,3269,8.57212,-33.1825,8.89392,47.7507
28525,3551,4512,8618,9441,3580,4087,5197,5490,3316,3502,3834,3773,3210,3211,3382,3343,-30.2024,16.1156,8.68501,48.0313
28526,3476,4378,7068,8831,3375,4048,5644,7053,3232,3528,3986,4189,3138,3228,3468,3508,-18.7062,18.515,8.84556,48.1
28527,3221,3724,4364,4599,3337,3937,6097,6668,3370,4025,6149,7033,3301,3686,4367,4704,0.369617,17.2859,8.74112,48.388
28528,3272,3392,3209,3169,3921,3675,3376,3178,5904,4675,3758,3455,12799,5914,3906,3357,30.118,-31.3732,8.92159,47.3067
28529,6282,9967,5969,4012,4765,5211,4395,3809,3696,3859,3505,3392,3391,3340,3265,3084,-29.4438,-7.33726,8.67932,47.9613
28530,12298,5951,3924,3447,6467,4851,3730,3314,3947,3717,3496,3144,3405,3347,3189,3217,-24.8976,-32.5239,8.7846,47.6293
28531,3397,3987,5866,11724,3373,3754,4963,6874,3331,3408,3759,4101,3211,3214,3330,3494,-22.3415,33.3418,8.75248,47.8573
28532,3163,3325,3319,3317,3360,3734,4088,3823,3686,4819,6417,5048,3944,5471,8442,5953,19.3346,7.94061,8.56298,47.9393
28533,3362,3989,5256,5080,3601,4394,7929,6750,3429,3958,5243,4922,3210,3536,3896,3805,-6.99307,13.22,8.94513,48.24
28534,3316,3511,3451,3323,3815,4274,4112,3864,4516,6962,5970,4112,4623,6457,5725,4127,14.2351,-2.13814,8.86191,48.1053
28535,5564,9372,7034,4293,4497,5328,4794,3998,3555,3832,3718,3480,3214,3388,3392,3199,-25.3744,-3.91298,8.55008,48.4387
28536,3045,3218,3388,3400,3170,3461,3899,3830,3546,4031,5222,5494,3563,4649,8755,9010,26.6016,15.6734,8.61772,47.7873
28537,3416,3460,3220,3060,4104,3951,3509,3092,6554,5094,3890,3404,11318,6633,4085,3366,23.3673,-23.0416,8.86029,48.104
28538,3193,3368,3566,3637,3379,3717,4465,4614,3470,4223,6773,7364,3473,4177,6227,6828,13.3064,16.2261,8.9565,48.316
28539,3460,3402,3208,3200,3955,3890,3476,3200,5796,4952,3873,3378,11530,7029,4076,3449,30.1001,-22.3377,8.55332,47.916
28540,3379,3435,3162,3183,3959,3731,3527,3206,5773,4944,3876,3348,11168,7488,4152,3448,31.5903,-20.1205,8.77976,47.8527
28541,3548,3432,3303,3178,4078,3764,3279,3207,7323,4919,3741,3416,11464,5898,3793,3351,21.1182,-30.9895,8.89302,47.796
28542,3459,3476,3436,3310,3732,4189,4162,3712,4413,6560,6350,4255,4555,6413,6105,4254,14.4818,-0.913785,8.83604,48.254
28543,3271,3401,3298,3202,3568,3796,3628,3553,4403,5336,4702,3863,5439,9625,6852,4275,29.2442,-4.29387,8.90532,48.1413
28544,3330,3423,3282,3312,3753,3890,3515,3409,4752,5256,4335,3699,6575,9782,5479,3782,33.3612,-8.79428,8.65184,47.716
28545,10969,6042,3914,3450,7273,5080,3834,3448,4091,3936,3482,3169,3467,3412,3220,3101,-21.0136,-25.7002,8.61717,47.9253
28546,4549,7461,8717,5139,3955,4863,5305,4294,3536,3738,3734,3598,3315,3327,3398,3365,-24.8471,2.12354,8.74757,48.196
28547,3182,3324,3401,3358,3148,3551,3850,3843,3402,3918,4665,6070,3372,3888,6543,12139,28.7155,24.2146,8.664,47.7693
28548,3367,3496,3345,3284,3792,4067,3836,3541,4708,6377,5036,3925,5400,8165,6091,4067,19.1966,-5.33703,8.6982,48.3313
28549,3195,3484,3490,3256,3563,3753,3873,3594,4045,4946,5468,4421,4404,7276,8733,5329,24.8971,2.71582,8.53614,48.5533
28550,7302,9551,5123,3752,5199,5740,4337,3684,3820,3902,3449,3329,3422,3374,3187,3088,-23.541,-11.2398,8.93823,48.1727
28551,4165,6089,9111,5646,3876,4693,6066,4700,3508,3734,3951,3668,3176,3255,3440,3284,-21.4638,6.04259,8.88521,48.2413
28552,3598,3527,3231,3154,4633,4167,3569,3272,8468,5704,3962,3372,8444,5720,3913,3428,15.0395,-22.8288,8.65198,48.108
28553,5517,4567,3715,3324,8794,6054,3991,3469,6329,4896,3720,3306,4314,3801,3483,3186,-5.39315,-21.3462,8.88667,48.3107
28554,3543,3668,3401,3109,4309,4320,3747,3428,6455,7440,4480,3650,6071,6580,4419,3643,13.3479,-12.7748,8.92856,48.1753
28555,5850,6718,4503,3597,6019,7633,4713,3831,4188,4384,3835,3450,3523,3617,3425,3113,-13.3569,-11.0625,8.59415,48.266
28556,3289,3557,3694,3720,3482,3966,5099,4818,3656,4703,7934,5959,3566,4184,5459,4967,7.90253,10.73,8.5664,48.0353
28557,3297,3497,3461,3166,3722,3908,3960,3606,4381,5976,5650,4263,4734,7345,7030,4530,18.4762,-0.788705,8.52776,48.3507
28558,3648,3655,3415,3184,4900,4580,3748,3369,7727,7055,4212,3550,6281,5680,4106,3527,10.6569,-16.7114,8.83386,48.4247
28559,3762,3556,3294,3192,5057,4319,3586,3195,9560,5234,3775,3401,7705,5111,3741,3485,11.8902,-28.9876,8.73686,47.982
28560,3271,3330,3196,3109,3880,4043,3468,3291,5745,5288,3982,3525,9594,8469,4485,3494,24.7951,-16.6994,8.94519,48.1133
28561,3370,3779,4800,7388,3416,3920,5271,9806,3213,3562,4231,5327,3195,3339,3592,3823,-10.6953,29.3982,8.60619,48.0213
28562,4159,6034,8621,5429,3914,4966,6245,4707,3459,3827,4014,3692,3181,3367,3424,3360,-19.7906,5.04542,8.69265,48.266
28563,3299,4040,6017,12829,3415,3808,4709,5797,3242,3458,3676,3964,3159,3219,3382,3436,-28.8454,32.998,8.82567,47.6333
28564,8291,9393,4886,3653,5334,5297,4202,3507,3882,3767,3544,3148,3287,3377,3242,3080,-27.6846,-13.3311,8.88375,47.9267
28565,3293,3748,4909,6831,3355,3688,5482,9768,3242,3616,4300,5444,3181,3448,3676,3897,-9.71218,25.3403,8.56579,47.9187
28566,5532,7723,5212,3887,5135,7081,4991,3835,3960,4115,3812,3538,3421,3618,3443,3264,-16.1107,-7.70393,8.62431,48.378
28567,3169,3262,3447,3573,3254,3528,3933,4414,3376,3830,5129,8529,3436,3851,5424,9411,16.2725,28.2667,8.50318,47.7107
28568,3330,3371,3361,3297,3485,3780,3686,3584,4271,4900,4962,4192,4782,8283,7968,4719,32.8473,-0.234259,8.72846,47.9807
28569,3254,3391,3303,3052,3603,3771,3647,3474,4473,5263,4659,4004,5381,9391,7038,4422,26.9659,-3.76395,8.90248,48.084
28570,3343,3268,3331,3076,3825,3888,3557,3318,5113,5298,4211,3659,7902,9721,5058,3663,27.5628,-12.0691,8.8374,48.154
28571,12761,5978,3835,3483,5974,4746,3794,3413,3857,3720,3444,3253,3337,3388,3236,3071,-31.3656,-30.5289,8.77279,47.5267
28572,3731,4880,6140,4904,3967,5601,8011,5055,3568,3995,4744,4100,3370,3477,3632,3588,-10.901,6.14678,8.87503,48.5087
28573,3270,3549,4129,4721,3348,3640,4814,8033,3395,3819,5021,8499,3275,3577,4206,4882,0.675559,30.8538,8.62843,48.1187
28574,3390,3281,3206,2989,4002,3777,3394,3153,6088,5074,3863,3399,11266,7317,4106,3432,27.1042,-21.1818,8.99273,47.8247
28575,3432,3835,5926,12676,3366,3726,4691,6020,3269,3490,3709,4057,3291,3212,3343,3380,-30.7053,30.8438,8.63799,47.6153
28576,3417,3996,5560,10001,3280,3865,5191,8190,3221,3482,4053,4302,3037,3283,3477,3542,-17.6236,32.8966,8.81817,47.9313
28577,5829,9518,6407,4105,4509,5490,4603,3746,3675,3874,3641,3467,3231,3284,3369,3140,-24.9551,-5.71073,8.91003,47.9253
28578,3745,3661,3335,3117,5157,4188,3592,3177,9718,5295,3806,3305,7704,5096,3842,3367,11.495,-32.6942,8.62476,48.07
28579,3442,3970,5951,11697,3427,3834,4854,7007,3217,3443,3882,4009,3142,3220,3296,3253,-22.124,33.821,8.84732,47.7627
28580,3374,3932,5982,12724,3450,3757,4772,5800,3329,3357,3764,3928,3123,3196,3261,3313,-30.8745,33.1941,8.8461,47.3747
28581,3267,3374,3423,3440,3508,3937,4197,4029,3787,5092,7031,5156,3900,5294,7442,5593,15.9607,7.0108,8.57,48.3133
28582,3409,3847,4393,4337,3608,4493,6927,5532,3533,4443,6734,5408,3332,3845,4253,4217,-0.448005,10.7387,8.82457,48.2073
28583,3168,3315,3534,3458,3238,3780,4277,4325,3598,4054,6034,7012,3485,4309,6814,7948,16.8877,17.3061,8.68834,48.2327
28584,3316,3811,4572,4528,3521,4190,6700,6561,3479,4023,6201,6046,3339,3603,4378,4250,-1.29851,14.8839,8.92089,48.3453
28585,3291,3372,3480,3432,3361,3712,4072,4083,3525,4307,6522,6092,3597,4567,7630,7344,17.7399,13.9401,8.6329,48.258
28586,4017,3924,3594,3192,5195,5484,4011,3436,6706,7402,4401,3548,4911,4932,4039,3514,5.46966,-13.7664,8.56256,48.204
28587,10394,7402,4325,3437,6293,5140,3883,3351,4034,3852,3467,3184,3451,3337,3294,3041,-23.1822,-19.3736,8.85944,47.9233
28588,3132,3272,3402,3407,3304,3569,3849,3930,3438,4040,5310,5381,3534,4545,8975,8819,33.048,14.6086,8.85779,47.938
28589,3350,3344,3203,3127,4183,3863,3475,3266,7268,4818,3758,3415,11425,5799,3883,3409,21.1396,-31.6892,8.94694,47.724
28590,4616,6749,6803,4472,4234,6102,6017,4370,3665,4038,4079,3632,3275,3373,3509,3321,-16.6127,0.0110543,8.53728,48.17
28591,12659,5887,3842,3342,5861,4702,3795,3472,3819,3719,3388,3338,3340,3440,3332,3218,-33.1229,-31.1389,8.75095,47.436
28592,3439,3376,3293,3010,4007,3817,3471,3201,6267,5348,4010,3364,9910,7759,4262,3576,23.7225,-18.4632,8.53201,48.0733
28593,4344,6902,8239,5129,4051,5322,5753,4443,3535,3861,3801,3685,3255,3415,3383,3170,-20.8325,2.72629,8.86535,48.192
28594,3231,3212,3444,3538,3258,3475,4077,4483,3441,3776,5267,8753,3376,3869,5439,9333,16.2291,30.3538,8.69169,47.9813
28595,3329,3431,3275,3081,3863,3821,3538,3327,5603,5024,3850,3514,10512,7775,4319,3355,30.0407,-19.3181,8.62164,47.7447
28596,3490,3424,3202,3151,4310,3896,3534,3186,8254,5184,3717,3524,10123,5677,3778,3335,17.4436,-32.9684,8.79053,47.8567
28597,3336,4150,7089,10940,3476,3920,5154,6403,3152,3534,3867,4003,3154,3266,3357,3409,-23.3796,21.3765,8.50284,48.14
28598,6694,8605,4965,3720,5683,6300,4522,3739,4008,4012,3758,3255,3382,3484,3138,3161,-19.2562,-11.3385,8.94106,48.284
28599,3294,3578,4275,4987,3347,3735,5158,8833,3327,3659,4862,7729,3297,3492,4035,4568,-1.98896,32.096,8.87878,48.1173
28600,4614,4257,3597,3325,7776,5751,3876,3340,7285,5497,3859,3400,4591,4340,3652,3336,-0.449011,-20.5406,8.79355,48.3307
28601,3285,3244,3280,3276,3623,4034,3730,3430,4597,5859,4995,3944,5493,8896,6544,4248,21.8705,-3.99964,8.67851,48.3187
28602,5518,9546,7044,4317,4467,5334,4650,3835,3676,3722,3723,3469,3275,3379,3294,3250,-28.1751,-4.21972,8.60543,48.3327
28603,3152,3174,3369,3394,3138,3482,3811,3887,3336,3808,4960,5860,3459,4139,7278,11406,30.8708,21.0541,8.93463,47.7687
28604,3277,3535,4188,4930,3323,3750,5124,8550,3424,3764,4875,7871,3158,3559,4127,4689,-1.14692,25.6411,8.97248,48.096
28605,3680,3700,3455,3285,4684,4864,3915,3375,6501,7889,4484,3539,5456,5844,4305,3615,9.96067,-12.2509,8.71174,48.394
28606,12172,6239,4039,3529,6068,4748,3870,3395,3952,3847,3385,3289,3488,3492,3243,3106,-28.0144,-26.3486,8.60296,47.908
28607,4056,5311,6999,5051,3981,5435,7254,4737,3595,4035,4367,3886,3345,3531,3574,3480,-14.5186,4.999,8.65697,48.4247
28608,3166,3288,3272,3272,3645,3863,3862,3562,4310,5274,5250,4159,4927,8168,7763,4661,23.087,-0.59278,8.86859,48.2947
28609,5009,4904,3922,3396,6461,7422,4410,3590,5274,5623,4110,3473,3900,3860,3645,3380,-4.92846,-13.2255,8.51941,48.2527
28610,3144,3495,3854,4263,3415,3730,4725,6399,3347,3827,5627,9321,3179,3626,4639,5888,5.21016,23.8182,8.69979,48.3193
28611,3602,3645,3398,3180,4617,4289,3550,3258,7931,6528,4110,3528,7148,5846,4071,3440,13.0082,-18.3868,8.80059,48.094
28612,3416,4144,6271,8244,3419,3869,6049,7781,3390,3644,4128,4591,3147,3268,3513,3553,-15.6954,19.955,8.54939,48.2847
28613,4946,8195,7847,4685,4228,5228,5110,4168,3614,3760,3805,3635,3239,3336,3353,3229,-24.6773,-0.488842,8.68684,48.252
28614,3079,3282,3430,3343,3201,3488,3844,3909,3401,4215,5590,5474,3534,4776,9216,8211,23.9372,13.518,8.92564,47.9953
28615,3105,3355,3444,3520,3299,3501,4172,4713,3405,3910,5825,8713,3360,3954,5685,8060,13.8264,21.9624,8.88322,48.014
28616,3177,3598,3962,4253,3463,3824,5129,6039,3471,4023,6494,8013,3359,3656,4727,5099,4.32159,18.5545,8.76376,48.1913
28617,3199,3285,3525,3432,3199,3478,4030,4599,3403,3782,5087,8537,3331,4012,5463,9223,15.9724,30.5895,8.62797,47.7233
28618,3736,3633,3339,3119,5155,4301,3671,3293,9262,5736,3923,3418,7208,5229,3799,3432,11.4924,-23.1349,8.58496,48.1693
28619,3650,3562,3406,3088,4729,3993,3517,3151,9249,5039,3746,3379,8961,5273,3790,3419,14.4744,-29.2561,8.83789,47.968
28620,3406,4063,7229,11200,3350,3832,5049,5811,3287,3534,3884,4023,3035,3270,3353,3482,-33.6423,20.3958,8.62118,47.872
28621,3417,3434,3434,3268,3952,4149,3845,3397,4988,7014,5177,3922,5349,7519,5397,4045,16.4793,-6.01977,8.54932,48.2047
28622,9270,8601,4515,3608,5505,5238,4068,3565,3916,3789,3582,3267,3410,3354,3309,3143,-28.0792,-15.914,8.50552,48.0933
28623,3445,3425,3211,3057,3906,3829,3619,3283,5628,5278,4021,3511,9323,8683,4668,3519,26.0357,-15.9959,8.9027,48.2707
28624,3481,3474,3398,3315,3980,4447,3979,3567,5262,7521,5286,3783,5041,6782,5058,3868,13.7677,-6.86153,8.8582,48.1613
28625,3439,3875,5302,6263,3432,4016,6455,8478,3316,3652,4540,5247,3176,3281,3647,3807,-9.5372,19.2765,8.52192,47.9507
28626,5401,5443,4031,3513,6968,7559,4406,3455,4891,4838,3832,3440,3947,3696,3475,3245,-8.21555,-14.2358,8.82193,48.0933
28627,3445,3925,5748,11518,3275,3884,4945,7188,3153,3437,3802,4093,3123,3232,3442,3538,-21.7568,29.949,8.57723,47.832
28628,12510,5923,3819,3334,5781,4706,3786,3349,4054,3736,3429,3330,3442,3529,3315,3227,-33.2544,-32.903,8.56659,47.5133
28629,3435,3823,4742,4903,3593,4351,7187,6621,3395,4045,5586,5517,3250,3634,4144,4166,-4.02668,14.2492,8.51305,48.2613
28630,3558,4632,8210,6955,3679,4266,6448,5767,3348,3727,4152,4068,3145,3200,3456,3341,-18.1813,12.5205,8.92743,47.968
28631,3197,3432,3750,3685,3408,3889,4914,4553,3658,4930,8221,6075,3586,4365,5702,5157,8.87779,10.3385,8.97801,48.348
28632,3525,3566,3332,3119,4668,4085,3565,3354,8495,5245,3855,3365,9184,5731,3916,3391,15.8786,-25.1869,8.56607,48.264
28633,3789,4026,3727,3399,4592,5997,4660,3750,5063,7689,5140,3839,4255,4813,4164,3583,4.08566,-6.47598,8.53977,48.324
28634,3548,4163,7050,9722,3393,3956,5381,6832,3238,3535,3954,4100,3061,3264,3464,3341,-20.7907,19.5845,8.56631,48.0013
28635,3332,3393,3272,3122,3924,3816,3372,3189,5736,4930,3975,3275,10345,8151,4320,3471,30.4509,-17.8767,8.98495,47.7487
28636,3086,3218,3382,3422,3323,3551,3922,3935,3618,4193,5553,5913,3484,4601,8231,8376,22.0906,15.3205,8.76163,47.872
28637,4536,4197,3594,3250,7341,5012,3642,3297,8731,5335,3709,3391,5233,4277,3578,3192,2.48647,-25.2707,8.67349,48.21
28638,6080,6821,4548,3628,6221,7325,4505,3644,4380,4473,3826,3430,3437,3585,3208,3175,-14.1102,-12.1911,8.72679,48.1907
28639,6800,7780,4870,3781,5879,6898,4429,3712,4040,4038,3608,3244,3507,3454,3276,3138,-17.6344,-12.3106,8.98243,48.3027
28640,3157,3311,3435,3499,3314,3658,4047,4110,3557,4102,6294,6486,3551,4373,7450,7709,17.9023,15.2457,8.81573,48.0353
28641,10464,6977,4194,3488,6739,5233,3938,3371,4035,3884,3481,3192,3478,3403,3250,3054,-21.8429,-21.2331,8.70032,48.1207
28642,3814,4871,6650,5109,3836,5174,7672,5268,3469,3950,4515,4033,3255,3493,3556,3506,-13.066,7.20987,8.64772,48.114
28643,3777,4454,5143,4350,3949,5822,7812,4915,3756,4552,5454,4192,3390,3673,3740,3789,-6.32763,4.62227,8.5308,48.512
28644,3151,3260,3511,3436,3355,3592,4194,4007,3542,4360,6711,6015,3702,4679,7519,6826,17.2075,12.5229,8.54692,47.9067
28645,11139,6797,4157,3568,6597,5005,3812,3429,4086,3886,3533,3178,3364,3342,3190,3036,-22.8729,-22.2752,8.93797,48.0793
28646,3922,3765,3516,3169,5845,4900,3879,3299,8554,6208,4017,3450,5574,4939,3760,3447,6.18351,-19.5801,8.59781,48.1627
28647,3343,3506,3825,3744,3409,4007,5121,5035,3604,4390,7550,6908,3482,4075,5258,5310,7.57243,13.7793,8.53799,48.378
28648,3318,3333,3347,3225,3647,3846,3592,3389,4584,5567,4614,3813,5905,9361,6309,4200,24.5648,-6.00611,8.68245,48.0333
28649,8824,5362,3867,3343,9018,5293,3828,3433,4760,4105,3488,3137,3626,3481,3168,3153,-14.6292,-31.4605,8.88372,47.924
28650,3716,3730,3294,3187,4710,4671,3697,3366,7287,7219,4249,3582,6045,5733,4092,3590,11.0455,-15.013,8.52405,48.112
28651,3322,3761,4959,6823,3354,3783,5434,9747,3199,3613,4383,5657,3081,3329,3638,3879,-9.30572,25.1428,8.86783,47.9747
28652,5371,8089,5868,4258,4697,6337,5028,3929,3772,3961,3727,3404,3313,3472,3420,3125,-18.7812,-4.89254,8.64251,47.8473
28653,3958,4515,4523,3917,4245,6894,6652,4331,4117,5290,5141,4100,3584,3906,3698,3628,-4.41948,-0.569856,8.65342,48.3327
28654,3483,3423,3192,3074,4566,4023,3558,3253,8515,5206,3942,3417,9504,5513,3873,3412,16.284,-31.1049,8.50476,47.9693
28655,4307,4360,3575,3426,6122,6562,4212,3544,6026,6797,4171,3557,4375,4351,3734,3275,0.175522,-13.6658,8.88496,48.2627
28656,3110,3279,3236,3490,3190,3526,3833,3934,3467,3923,5015,6105,3495,4147,6755,11624,26.5702,23.2026,8.59753,48.086
28657,3140,3156,3441,3403,3136,3630,3829,4140,3422,3788,4990,6600,3462,4066,6830,11138,22.9855,22.2369,8.78554,48.114
28658,3089,3440,3814,3853,3262,3633,4479,6047,3280,3892,5598,9736,3360,3650,4865,6464,7.70897,25.2554,8.96243,48.308
28659,11396,6973,4173,3403,6110,4804,3931,3490,4075,3856,3451,3367,3442,3454,3124,2988,-26.7723,-22.1149,8.65972,48.0247
28660,3389,3864,5396,8595,3466,3800,5031,8913,3335,3580,4005,4740,3083,3430,3427,3645,-14.4706,33.1696,8.51556,47.7993
28661,11245,6250,3951,3571,6964,5072,3774,3360,4201,3767,3466,3210,3353,3435,3349,3068,-21.6571,-24.5767,8.86288,48.024
28662,4018,5668,9702,6722,3846,4356,5572,4949,3316,3630,3782,3795,3097,3276,3439,3288,-24.9245,8.9184,8.75862,48.304
28663,3178,3397,3745,3780,3475,3965,5141,4840,3525,4416,7488,6891,3507,4047,5454,5261,8.24584,13.6969,8.57773,48.0733
28664,3159,3276,3512,3819,3293,3652,4337,5402,3431,3840,5401,9682,3267,3790,5033,7417,10.5921,26.0506,8.65677,48.2073
28665,11516,7227,4212,3440,5916,4867,3983,3457,3898,3774,3442,3174,3322,3299,3210,3117,-27.3968,-20.9883,8.87474,47.9027
28666,3425,3390,3173,3147,3956,3702,3435,3125,5957,4912,3954,3372,12069,6849,3988,3334,28.4573,-23.2217,8.88057,47.8587
28667,3382,3391,3288,3069,3852,3862,3461,3243,6036,4792,3780,3392,12635,5979,3850,3401,27.8739,-31.773,8.76872,47.6087
28668,3263,3693,4400,4116,3473,4481,6720,5664,3465,4464,7007,5659,3425,3792,4394,4234,0.243505,11.4226,8.94951,48.1667
28669,3355,3338,3260,3145,3836,3892,3506,3294,5634,5169,3979,3491,9186,8826,4670,3495,26.3666,-15.5981,8.94407,48.0507
28670,3803,3646,3250,3060,5491,4160,3609,3342,9884,5342,3858,3371,7209,4861,3790,3504,10.5865,-28.7908,8.64578,48.12
28671,3911,3669,3327,3151,5280,4302,3570,3252,9713,5334,3827,3404,6949,4909,3863,3361,10.033,-29.9883,8.53477,47.8813
28672,3614,3791,4085,3919,4019,5167,6106,4386,3950,5607,6851,4515,3690,4202,4434,3997,1.81016,3.26254,8.7989,48.222
28673,3482,4235,7411,11144,3348,3884,5120,6100,3189,3396,3752,3811,3109,3223,3430,3451,-26.7887,20.3147,8.88625,48.0567
28674,8365,5810,3953,3347,8485,5752,3817,3390,4675,4052,3630,3289,3504,3550,3344,3056,-14.7077,-21.9146,8.96224,48.0127
28675,3461,3586,3414,3196,4170,4265,3759,3303,5898,7328,4467,3642,6263,7107,4772,3625,15.2801,-11.6993,8.73228,48.1707
28676,3319,3462,3386,3162,3824,3804,3624,3299,5211,5565,4129,3500,7913,9440,5064,3632,24.7529,-12.3915,8.83498,48.2227
28677,3247,3737,3979,3777,3625,4305,5631,4552,3727,4889,8316,5492,3475,4145,5078,4489,5.36433,8.83041,8.97949,48.3093
28678,3748,3572,3389,3085,5174,4266,3606,3280,9107,5700,3936,3429,7476,5299,3950,3354,11.9968,-23.9567,8.51955,48.2473
28679,3420,3948,6395,11535,3304,3808,4992,6790,3188,3474,3858,4132,3139,3223,3237,3468,-23.08,24.5669,8.62876,47.9407
28680,3330,3390,3387,3256,3654,4054,4032,3647,4235,5894,6184,4315,4375,6776,7228,4809,17.4965,0.863746,8.6921,48.3773
28681,3159,3272,3448,3515,3333,3603,4138,4515,3483,3988,6021,7747,3403,4103,6328,8219,15.4491,19.522,8.83664,48.1833
28682,3392,3901,6089,11512,3349,3814,5033,7078,3144,3442,3950,4003,3074,3207,3274,3417,-21.9837,26.473,8.94787,47.786
28683,5076,8204,6644,4201,4493,6124,5361,4028,3761,3990,3933,3565,3222,3355,3373,3147,-19.7952,-3.32248,8.9351,48.318
28684,3572,3511,3474,3326,4037,4496,3952,3417,5471,7866,5139,3910,5033,6485,4730,3714,12.4641,-7.85058,8.56398,48.0887
28685,11795,5962,3909,3339,6962,4943,3762,3359,3946,3874,3456,3165,3434,3434,3217,3032,-22.3259,-28.8958,8.84089,47.726
28686,3046,3316,3477,3624,3201,3599,4150,4598,3399,3918,5307,8537,3326,3907,5540,9189,15.6153,24.8503,8.75066,48.0893
28687,3836,5421,8669,5917,3680,4687,6438,5035,3481,3671,4070,3906,3103,3293,3411,3420,-19.2647,7.82297,8.65547,48.0253
28688,3155,3362,3787,3793,3327,3893,4752,4888,3409,4260,7322,7424,3403,4021,5619,5917,9.57857,15.6484,8.86598,48.2213
28689,5937,4587,3701,3290,10001,5300,3794,3309,6565,4449,3645,3228,4241,3892,3446,3146,-5.74959,-26.5236,8.85411,48.354
28690,3593,4758,9059,8796,3463,4047,5295,5546,3249,3495,3797,3802,3113,3165,3417,3312,-26.3761,14.5027,8.93185,47.938
28691,3293,3651,4464,5152,3326,3728,5002,9180,3395,3836,4704,7434,3349,3515,3911,4364,-2.7181,30.726,8.76737,48.2027
28692,8793,6908,4315,3489,6928,5838,3926,3495,4216,4060,3585,3232,3521,3432,3265,3222,-18.419,-18.2236,8.79428,48.15
28693,3245,3257,3250,3298,3357,3717,3773,3632,3877,4665,5161,4475,4227,6705,9455,5571,30.6736,4.89187,8.75413,47.7767
28694,3365,3369,3232,3077,3895,3647,3377,3237,6197,4722,3721,3392,12778,6028,3831,3336,28.0577,-29.354,8.92251,47.4693
28695,4402,6166,6072,4276,4348,6584,6513,4295,3803,4054,4157,3814,3476,3532,3526,3409,-13.7352,-0.419963,8.98883,48.2847
28696,5208,8025,6443,4297,4510,6316,5302,3978,3759,4004,3791,3345,3387,3515,3321,3266,-18.8854,-3.55999,8.60616,48.3113
28697,3725,5241,8568,6226,3711,4692,6572,5223,3420,3730,3999,3887,3048,3401,3492,3369,-18.6319,9.13828,8.67072,48.2027
28698,3678,3596,3324,3184,4716,4171,3462,3165,8916,5564,3917,3390,8254,5517,3914,3368,13.9953,-24.088,8.86392,48.0907
28699,4288,4314,3700,3348,5908,6477,4103,3483,5915,6815,4291,3586,4376,4417,3820,3309,0.53914,-12.8003,8.76205,48.1
28700,3615,3623,3412,3170,4576,4411,3730,3366,7125,7053,4308,3578,6464,6283,4304,3529,13.0404,-15.2365,8.81911,48.3647
28701,5289,5766,4204,3659,6160,7874,4768,3770,4492,4823,3959,3393,3628,3642,3504,3301,-9.55294,-11.0408,8.53423,48.1547
28702,3431,3426,3157,3211,3859,3839,3356,3208,6196,4707,3683,3269,12796,6219,3920,3326,29.8758,-26.7047,8.99878,47.7353
28703,3425,3501,3253,3115,4048,3957,3420,3274,6796,4855,3765,3333,11591,6514,4062,3279,23.0424,-24.402,8.64107,48.1253
28704,3439,4034,5796,6840,3463,4072,6723,8182,3308,3650,4323,4897,3135,3325,3510,3706,-11.6918,18.2686,8.68611,48.2687
28705,3558,3485,3241,3142,4393,3951,3423,3270,7974,5033,3757,3441,10653,5612,3844,3307,18.6907,-31.1661,8.72023,48.056
28706,3343,3941,6081,12592,3435,3761,4740,6060,3350,3356,3885,3906,3154,3359,3366,3472,-31.6068,27.3708,8.57662,47.8673
28707,3268,3793,4652,5670,3378,3988,6298,8565,3292,3820,4898,5938,3164,3381,3867,4032,-5.8933,19.3525,8.88347,48.0027
28708,4032,5944,9077,5991,3898,4752,5963,4837,3518,3738,3840,3663,3236,3300,3391,3257,-21.3978,6.68724,8.82581,48.2913
28709,3578,3467,3280,3098,4459,3964,3438,3256,8466,5150,3949,3292,9724,5511,3947,3329,16.4576,-30.4758,8.7959,47.9387
28710,3473,3973,5980,11919,3380,3781,4915,6952,3226,3398,3717,4088,3042,3258,3339,3400,-22.122,26.706,8.97384,47.894
28711,4065,4850,4896,4009,4326,7005,6846,4257,3898,4802,4782,3903,3439,3713,3649,3535,-7.37686,-0.093066,8.72611,47.9833
28712,3168,3232,3345,3389,3246,3451,3715,3947,3454,3738,4822,6578,3501,3888,5924,12290,24.2253,30.0334,8.86444,47.792
28713,3599,3617,3363,3183,4570,4296,3660,3230,7688,6188,4014,3392,7850,6129,3994,3416,15.0534,-18.9257,8.61604,48.126
28714,4601,6589,6163,4409,4353,6515,6041,4285,3683,4069,4024,3648,3367,3439,3521,3339,-14.8763,-1.11013,8.56747,48.0307
28715,5056,8675,7655,4510,4293,5023,4847,3988,3530,3796,3738,3555,3323,3282,3238,3189,-31.501,-1.72741,8.70897,47.7987
28716,3519,4147,6171,6245,3606,4229,7082,7148,3388,3800,4558,4616,3132,3353,3595,3665,-11.971,15.2811,8.71794,48.1693
28717,3324,3591,4144,4241,3363,3990,5539,6046,3383,4051,6466,7353,3305,3722,4621,4897,2.95179,17.0259,8.52079,48.024
28718,6045,5944,4107,3572,7093,7258,4373,3362,4642,4593,3738,3312,3635,3699,3477,3298,-11.3531,-14.7155,8.77346,48.0987
28719,3554,4248,7099,7045,3462,4426,6722,6612,3322,3624,4305,4260,3236,3376,3578,3551,-15.6595,14.7387,8.50758,48.28
28720,4414,4083,3489,3237,6779,5251,3725,3307,8392,5755,3877,3408,5243,4490,3580,3369,2.76447,-21.419,8.63663,48.266
28721,3202,3255,3349,3258,3341,3653,3820,3907,3747,4389,5307,4903,3833,5407,9902,6964,31.6827,9.65168,8.53357,48.158
28722,3285,3498,3645,3468,3602,4102,4275,3829,4118,5737,7088,4619,4113,5676,6561,4648,14.2188,2.97126,8.83804,48.176
28723,3611,3863,3603,3397,4265,5287,4483,3689,4846,7875,5621,3969,4337,5320,4531,3822,6.39685,-5.11194,8.69123,48.346
28724,3485,3309,3253,3102,3939,3812,3597,3276,5636,5143,3894,3358,9993,8167,4236,3484,32.5036,-17.7557,8.85076,47.7893
28725,3697,4167,4496,4074,4033,5752,6861,4417,3985,5144,6085,4345,3484,3970,4143,3741,-1.76798,3.13747,8.80785,48.2627
28726,6262,5017,3707,3280,8948,6011,4090,3418,5480,4466,3697,3340,3909,3674,3358,3238,-7.97403,-21.4854,8.63126,47.93
28727,3475,3938,5922,12461,3435,3756,4630,5827,3281,3394,3746,3845,3235,3270,3327,3383,-31.2468,33.3582,8.78335,47.2833
28728,3411,3445,3175,3123,3963,3779,3325,3312,5987,5113,3874,3332,10983,7362,4122,3478,26.5851,-20.0536,8.96229,47.856
28729,3503,3720,3414,3405,3896,4632,4287,3663,4769,7384,5918,4053,4466,5765,5224,4012,10.9866,-3.14881,8.55707,48.074
28730,3078,3226,3418,3341,3270,3430,3841,3942,3542,4074,5107,5507,3601,4523,8495,9434,28.944,16.4716,8.51542,47.886
28731,3656,4229,4757,4167,4011,5840,7674,4714,3730,4760,5619,4398,3520,3792,4043,3684,-4.46198,4.14134,8.96821,48.396
28732,3421,3949,5850,11465,3438,3842,5058,7250,3139,3442,3826,4103,3148,3190,3422,3341,-21.1807,32.3882,8.74505,47.9227
28733,5807,4586,3818,3216,9264,5539,3795,3426,6332,4638,3726,3284,4099,3884,3485,3163,-6.29229,-23.7618,8.52025,48.0413
28734,5867,4686,3843,3393,9039,5943,3884,3314,6086,4676,3715,3350,4080,3797,3485,3207,-6.43112,-21.4233,8.79978,48.2433
28735,3772,3855,3636,3197,5010,5228,3940,3422,6737,7756,4441,3661,5099,5221,4081,3460,6.90837,-12.9741,8.96743,48.344
28736,5891,9561,6381,4188,4578,5624,4718,3871,3563,3782,3691,3407,3372,3271,3289,3174,-24.3779,-6.20393,8.93348,48.2407
28737,3897,4350,4639,3935,4098,6372,6923,4378,3927,5228,5366,4135,3597,3891,3920,3604,-3.91997,1.21532,8.83498,48.1733
28738,5316,4488,3563,3327,9175,5065,3796,3442,7527,4857,3612,3341,4376,4067,3387,3209,-2.81061,-29.2295,8.9365,48.3653
28739,3462,3576,3574,3347,3836,4333,4240,3794,4529,6978,6458,4196,4367,5907,5648,4276,12.3084,-1.26776,8.64948,48.3473
28740,3316,3538,4372,5282,3303,3746,5078,9228,3319,3810,4798,7294,3252,3436,3972,4418,-2.87924,27.9989,8.79328,48.108
28741,5020,6768,4983,3797,5257,7768,5226,3798,4040,4314,3899,3461,3322,3581,3446,3270,-13.321,-6.72241,8.85883,47.9667
28742,3149,3352,3350,3441,3381,3499,4048,3845,3583,4280,5838,5416,3731,4972,8811,7466,22.1547,12.1946,8.70527,48.108
28743,4144,4201,3830,3441,5314,6797,4484,3662,5292,7091,4568,3607,4213,4378,3872,3417,0.552117,-9.65612,8.99132,48.2073
28744,4390,5181,4355,3719,5240,8141,5327,3816,4508,5399,4442,3681,3682,3870,3678,3381,-6.29078,-6.89129,8.76192,48.54
28745,3608,3564,3319,3061,4425,4247,3639,3311,7206,6685,4184,3495,6898,6518,4415,3486,14.0153,-15.7638,8.66357,48.0407
28746,3406,3656,3542,3334,3808,4428,4398,3745,4403,6848,6747,4456,4397,5691,5520,4286,11.4305,-0.154572,8.72458,48.4433
28747,3152,3272,3337,3333,3265,3629,3984,3711,3756,4359,5166,5004,3853,5225,9628,7158,33.699,10.6652,8.51731,47.888
28748,3465,4026,7000,11892,3365,3844,4810,5959,3226,3447,3901,3930,3048,3257,3416,3449,-29.7908,21.935,8.82425,48.0233
28749,3627,3795,3686,3354,4478,5606,4380,3648,5184,7885,5331,3822,4402,5123,4307,3672,6.00453,-7.0103,8.72616,48.2
28750,4732,7464,6513,4366,4519,6261,5593,4168,3822,3976,4015,3555,3294,3443,3414,3297,-17.9735,-1.76183,8.62598,48.288
28751,5138,6447,4808,3859,5307,7806,5084,3781,4080,4640,3935,3432,3470,3650,3421,3236,-12.6376,-7.51308,8.91636,48.0627
28752,3178,3238,3364,3314,3168,3539,3846,3926,3351,4036,4974,5739,3392,4366,7836,10420,28.0132,18.6495,8.61145,47.7913
28753,9636,8337,4426,3474,5810,5340,4020,3449,3998,3876,3602,3292,3404,3403,3265,3107,-24.4852,-17.1813,8.93643,48.2927
28754,3440,3404,3229,3106,3633,3851,3638,3318,4621,5128,4512,3744,6206,9890,6131,3964,31.4511,-7.32652,8.7077,47.8767
28755,4418,5901,5309,3985,4556,7321,6147,4184,3732,4605,4307,3654,3399,3645,3357,3487,-11.1731,-2.31796,8.55626,48.0047
28756,3022,3232,3384,3363,3221,3522,3990,4425,3351,3847,5059,8400,3419,3872,5525,9847,17.1971,31.1214,8.93454,47.6527
28757,3169,3183,3622,3520,3228,3589,4172,4753,3408,3734,5296,8973,3372,3778,5457,8503,14.0223,32.8037,8.55828,47.838
28758,3602,4642,8928,9149,3547,3964,5289,5409,3338,3498,3800,3814,3135,3229,3348,3370,-29.0622,15.5292,8.74626,48.0413
28759,3188,3256,3350,3436,3249,3486,3708,3992,3298,3818,4891,6523,3445,4084,6373,11930,25.56,25.5943,8.53069,48.018
28760,3408,3849,4178,3908,3833,4898,6332,4669,3905,5386,7302,4798,3671,4190,4585,4022,1.91442,4.90602,8.94125,48.6227
28761,5052,8808,7568,4577,4217,5144,4848,3933,3613,3819,3736,3500,3302,3427,3403,3161,-32.3751,-1.86592,8.62837,48.072
28762,6125,9935,6266,3989,4746,5167,4429,3806,3702,3704,3676,3430,3263,3326,3293,3134,-29.3,-6.57961,8.94428,47.994
28763,3165,3228,3415,3300,3424,3764,3763,3694,4080,4824,5201,4358,4418,7214,9219,5188,28.6152,3.02989,8.72986,48.17
28764,3564,3411,3334,3144,4605,4109,3542,3280,8705,5164,3796,3369,9185,5425,3846,3360,15.2681,-29.852,8.58364,47.8927
28765,3735,4733,8546,7544,3616,4417,5995,5793,3342,3550,3940,3928,3124,3321,3506,3373,-20.9316,13.2981,8.71665,48.3087
28766,5619,7651,5284,3789,5252,7255,4975,3814,3942,4238,3821,3502,3373,3412,3299,3203,-16.1289,-7.94069,8.80658,48.286
28767,3260,3436,3478,3216,3566,3805,3695,3301,4628,5187,4632,3750,5739,9755,6258,4094,33.0751,-5.65313,8.77703,47.8667
28768,3232,3407,3295,3240,3470,3553,3763,3770,3796,4443,5154,4610,4008,6297,9724,6080,31.8142,6.27757,8.74539,47.8947
28769,3950,4503,4272,3816,4354,6819,6057,4027,4066,5599,5425,3980,3702,4046,3890,3584,-2.56697,-1.51925,8.92727,48.06
28770,3552,4561,8250,9524,3455,3966,5313,5903,3342,3501,3915,3905,3067,3302,3341,3436,-24.1839,16.8628,8.89447,48.222
28771,4853,4293,3505,3186,8197,5141,3835,3347,8019,4920,3720,3372,4550,4045,3484,3232,-0.661442,-25.9069,8.69974,47.7993
28772,3925,3654,3272,3078,5304,4335,3638,3289,9281,5908,3939,3454,6630,5140,3811,3345,9.72311,-22.1715,8.79557,48.002
28773,3439,3800,5981,12712,3300,3761,4827,6087,3186,3442,3674,3893,3152,3190,3397,3523,-29.0168,31.0959,8.99248,47.576
28774,4568,4124,3434,3154,7530,5175,3896,3363,8112,5434,3860,3344,4857,4313,3619,3249,1.32157,-22.1665,8.67909,48.0213
28775,3363,3637,3959,3963,3543,4191,5833,5026,3596,4471,7723,6029,3542,4023,4811,4688,3.97787,11.4664,8.97295,48.2653
28776,3662,4088,4211,3782,4052,5818,6459,4392,3918,5516,6342,4346,3654,4031,4137,3924,-0.390654,2.03232,8.63719,48.2213
28777,3378,3304,3241,3146,3868,3731,3445,3277,5992,4688,3689,3261,12807,6074,3936,3312,30.2737,-30.8206,8.88779,47.4327
28778,11820,5969,4023,3402,7018,4916,3847,3370,4007,3831,3397,3235,3325,3326,3187,3033,-22.1138,-33.5461,8.91683,47.804
28779,3340,3392,3177,3123,3953,3660,3452,3245,6073,4841,3837,3350,12587,6582,4029,3438,29.6676,-24.8131,8.95632,48.0527
28780,6942,9851,5554,3788,4844,5275,4319,3550,3746,3806,3614,3361,3452,3273,3191,3131,-29.5282,-9.72008,8.67089,47.798
28781,3185,3456,3789,3790,3371,3773,4810,5495,3497,4108,6774,8270,3415,3889,5119,5726,7.82377,17.7793,8.97654,48.3113
28782,9490,8699,4537,3473,5480,5175,3956,3503,3890,3797,3524,3204,3324,3380,3288,3221,-31.2435,-16.0345,8.80035,47.9607
28783,4847,8493,8080,4745,4190,5036,4987,4233,3586,3825,3699,3457,3143,3465,3286,3241,-26.5733,-0.387646,8.93042,48.2087
28784,5146,8994,7286,4298,4367,5124,4775,3974,3669,3799,3644,3519,3304,3435,3403,3283,-32.5645,-2.77039,8.63988,48.0133
28785,6263,9023,5407,3909,4978,6066,4645,3838,3854,4008,3784,3352,3534,3348,3306,3002,-21.2018,-8.82781,8.66838,48.2113
28786,4958,8459,7529,4593,4406,5355,4962,4072,3676,3680,3791,3427,3201,3329,3329,3162,-24.8366,-1.7514,8.60318,47.9527
28787,3121,3215,3459,3349,3414,3616,3976,3925,3706,4463,6441,5337,3835,4997,8476,6606,19.4412,10.7109,8.68444,47.9573
28788,4187,4123,3804,3393,5590,6437,4182,3665,6051,6906,4346,3583,4549,4408,3825,3353,1.36439,-12.3168,8.73705,48.268
28789,3498,3364,3138,3118,4266,3867,3584,3241,6758,5702,3861,3385,9218,7230,4303,3536,19.7107,-18.7405,8.6647,48.046
28790,3083,3288,3522,3518,3249,3441,3856,3900,3457,3684,4760,5994,3354,3909,6279,12172,32.0983,27.7157,8.5866,47.644
28791,4185,4210,3664,3321,5260,6162,4151,3567,6098,7331,4517,3502,4677,4688,3742,3415,2.50067,-12.2411,8.60512,48.3267
28792,5852,7485,4977,3813,5455,7056,4734,3768,4072,4225,3799,3481,3532,3516,3324,3186,-16.0058,-9.69921,8.86725,48.1833
28793,3428,3893,4746,4275,3769,5073,7677,5202,3665,4596,6092,4804,3471,3723,4069,3849,-2.91606,7.34264,8.95192,48.2213
28794,3313,3313,3263,3159,3684,3931,3668,3443,4647,5535,4372,3786,6068,9600,6202,4109,26.0678,-6.7271,8.54444,48.062
28795,3271,3288,3312,3208,3766,3777,3772,3455,4611,5348,4661,3795,5745,9568,6624,4211,30.1905,-5.07287,8.73609,48.2747
28796,3482,3435,3241,3075,3897,3794,3381,3396,6029,4652,3636,3366,12537,5939,3865,3388,33.5738,-32.9223,8.88217,47.4087
28797,3756,5039,9809,7938,3597,4131,5264,5337,3308,3450,3664,3809,3131,3280,3336,3406,-28.6278,12.0596,8.96814,48.17
28798,4429,4987,4230,3629,5099,7904,5413,3821,4358,5577,4440,3579,3787,3878,3692,3423,-5.35698,-6.72308,8.65467,48.164
28799,4462,7112,7833,4966,4180,5496,5871,4383,3504,3898,3939,3738,3276,3388,3362,3234,-20.146,1.6488,8.78822,48.428
28800,3249,3441,4109,4843,3296,3742,4844,7989,3309,3773,5080,8559,3292,3559,4303,5052,0.800641,27.8252,8.68517,48.2933
28801,3138,3398,3552,4013,3322,3555,4427,5920,3338,3791,5386,9760,3285,3729,4756,6600,8.23693,26.439,8.67314,47.98
28802,3180,3259,3401,3283,3303,3515,3897,3790,3498,4010,5548,5355,3592,4814,9350,8281,26.024,13.4766,8.88516,48.0507
28803,3712,4397,5552,4652,3832,5314,8086,5324,3608,4155,5092,4325,3303,3597,3929,3761,-8.16777,6.89722,8.58715,48.426
28804,7266,9568,5267,3793,5012,5702,4328,3665,3908,3839,3458,3382,3403,3336,3232,3166,-24.983,-10.6669,8.74654,48.2167
28805,3381,4004,6600,11934,3508,3972,4976,6120,3144,3435,3852,3960,3109,3223,3327,3459,-26.7252,23.1681,8.86568,48.0027
28806,10341,6983,4192,3385,6737,5254,3886,3476,4092,3798,3491,3337,3339,3396,3159,3074,-21.8376,-20.8203,8.67102,47.96
28807,4594,4368,3645,3408,6680,6358,4128,3565,6141,6206,4085,3408,4316,4099,3777,3496,-1.15659,-15.3882,8.68289,48.1827
28808,3409,3943,5613,9565,3384,3790,5072,8518,3193,3515,3910,4373,3084,3276,3526,3453,-16.7086,33.8471,8.50818,47.7493
28809,4798,6990,6019,4203,4448,6529,5820,4073,3630,4083,3981,3570,3307,3395,3465,3302,-16.2149,-2.12743,8.96981,47.742
28810,3112,3182,3604,3567,3272,3483,4207,4763,3419,3899,5498,8881,3421,3949,5634,8472,14.5098,23.9191,8.55916,48.242
28811,3095,3265,3529,3519,3189,3472,4002,4494,3402,3707,4955,8487,3331,3864,5503,9678,16.359,30.0732,8.67186,47.6613
28812,3164,3252,3595,3488,3308,3580,4014,3942,3642,4193,6190,5734,3778,4943,8453,7109,20.0118,12.4831,8.69293,48.2567
28813,3480,4076,6632,9849,3392,3899,5372,6937,3260,3542,3968,4344,3188,3200,3378,3499,-19.9499,20.7493,8.69958,48.0107
28814,3450,3805,4905,7469,3440,3875,5130,9694,3316,3640,4179,5137,3161,3373,3577,3680,-11.411,32.8768,8.65551,47.8873
28815,3373,3431,3367,3309,3883,3969,3842,3564,4465,6416,5501,4148,4889,7396,6503,4465,17.9038,-2.32366,8.5616,48.3473
28816,11310,7222,4085,3470,5808,4888,3893,3357,3874,3738,3528,3280,3341,3468,3302,3101,-28.6426,-21.238,8.78243,47.7767
28817,3136,3282,3610,3768,3251,3561,4144,5129,3310,3784,5202,9517,3392,3833,5035,7999,12.1579,31.5906,8.72826,47.9687
28818,6594,9886,5889,3916,4855,5351,4364,3658,3787,3781,3541,3410,3314,3360,3252,3196,-28.2855,-8.51203,8.60692,48.1027
28819,3370,3449,3195,3150,4208,3855,3407,3269,7449,4981,3881,3407,11095,5766,3998,3369,20.1802,-29.9075,8.82797,47.8993
28820,4893,4107,3528,3255,8097,5011,3759,3393,8435,5066,3691,3297,4807,4395,3489,3237,0.43208,-26.5831,8.83103,48.3067
28821,3400,3495,3397,3218,3970,4204,3909,3478,5020,7134,5221,3920,5109,7327,5423,4057,15.4427,-5.49074,8.70587,48.188
28822,3331,3634,4284,4812,3429,3908,6217,7476,3379,3902,5590,6652,3233,3608,4043,4390,-1.84486,18.1201,8.60279,47.9253
28823,3951,3619,3239,3071,5908,4639,3670,3359,9417,5876,3923,3332,6431,4849,3825,3386,8.16635,-22.7826,8.67512,48.33
28824,3379,3402,3195,3177,4006,3723,3495,3209,6369,4877,3974,3381,12179,6304,3904,3317,26.7478,-25.5151,8.70681,47.9273
28825,3514,3569,3379,3149,4075,4149,3780,3451,5947,6823,4465,3566,6710,7535,4680,3598,16.8462,-12.6508,8.52829,48.26
28826,4892,5361,4162,3594,6050,8145,4611,3653,4774,5316,4011,3509,3776,3799,3473,3272,-7.11868,-11.3364,8.95379,48.2653
28827,3160,3634,4155,4802,3356,3794,5338,8450,3409,3789,5025,7697,3239,3462,4106,4671,-1.3214,24.1371,8.64597,48.058
28828,3534,3547,3403,3211,4054,4373,3840,3478,5406,7763,5011,3762,5352,6837,4820,3744,13.5629,-8.07442,8.98958,48.09
28829,12702,6199,3962,3456,6064,4803,3796,3393,3937,3725,3466,3193,3335,3317,3211,3111,-28.497,-28.3055,8.76407,47.78
28830,3188,3270,3461,3445,3372,3647,3964,3935,3672,4445,6101,5643,3686,4901,8405,7403,20.0086,12.9357,8.79227,48.3587
28831,3489,4241,7446,10621,3390,3883,5174,6153,3196,3441,3782,4061,3069,3238,3397,3360,-24.5932,20.5089,8.64463,47.9607
28832,3395,3932,6205,11613,3277,3931,5010,6894,3155,3462,3829,3973,3121,3228,3386,3466,-22.9484,27.3954,8.62026,47.918
28833,3816,3924,3685,3286,5038,5648,3939,3524,6209,7709,4628,3759,4781,4928,4002,3448,5.12016,-11.5751,8.6337,48.216
28834,4987,8557,8026,4595,4060,5153,4835,3940,3607,3714,3793,3502,3306,3303,3271,3243,-27.053,-1.12039,8.88751,47.928
28835,3040,3143,3350,3431,3240,3512,3935,4044,3477,3845,4857,6551,3436,3890,5799,12076,25.2944,29.4005,8.5691,47.7507
28836,3675,3923,3784,3442,4078,5303,4719,3800,4623,7295,6134,4029,4226,4911,4452,3749,5.90741,-2.62438,8.72181,48.0953
28837,3052,3283,3340,3400,3284,3454,3690,3817,3289,3782,4669,6046,3365,3890,5968,12819,30.251,29.1354,8.90554,47.432
28838,3256,3290,3418,3286,3384,3578,3971,3838,3754,4421,6173,5035,3878,5440,9008,6282,21.3177,9.02011,8.5927,48.008
28839,9296,5745,3922,3316,8166,5384,3788,3308,4557,4144,3598,3217,3613,3575,3338,3128,-16.3479,-25.223,8.64732,48.0633
28840,7199,5313,3808,3405,9001,6058,3995,3352,5085,4300,3667,3385,3806,3605,3369,3105,-11.3876,-22.3407,8.86527,48.302
28841,3365,3345,3343,3203,3782,3838,3636,3393,5295,5155,4239,3604,8209,9241,4780,3677,30.1679,-13.5227,8.52126,48.07
28842,3477,4133,4925,4582,3714,4712,7745,5726,3477,4297,5674,4875,3346,3696,4018,3855,-4.55315,9.73798,8.59871,48.168
28843,6951,9507,5306,3784,5208,5654,4302,3773,3863,3872,3563,3273,3306,3427,3226,3097,-23.5308,-10.2864,8.8944,48.0747
28844,3114,3294,3503,3328,3433,3605,3897,4079,3506,4408,6210,5821,3687,4545,8145,7568,20.2429,13.8119,8.77577,48.0953
28845,3180,3343,3697,3873,3252,3499,4354,5630,3381,3793,5740,9344,3314,3717,5007,6874,9.7068,24.7256,8.50762,47.9987
28846,4731,5078,4111,3537,5750,7937,4883,3669,4733,5491,4100,3665,3771,3900,3617,3321,-5.69723,-10.1573,8.52923,48.196
28847,3334,3519,3769,3714,3597,4217,4959,4138,3870,5395,8049,5210,3806,4636,5646,4651,9.23562,6.91553,8.55405,48.34
28848,3237,3191,3477,3344,3259,3440,3738,4015,3354,3723,4853,6138,3431,3954,6142,12382,26.8986,30.6738,8.61532,47.7853
28849,3439,3303,3285,3127,3983,3737,3470,3260,6007,4662,3743,3452,12250,6182,3987,3357,30.5571,-27.3426,8.52819,47.496
28850,3549,4453,7768,8301,3423,4118,6064,6371,3301,3600,4032,4145,3123,3226,3365,3398,-19.5899,15.6699,8.73851,48.158
28851,3411,3907,6002,12035,3303,3870,4823,6477,3299,3392,3890,3984,3112,3152,3294,3400,-24.8312,30.2377,8.58929,47.5673
28852,5735,8765,5759,4103,4847,6467,4866,3758,3804,4083,3763,3483,3260,3373,3211,3089,-20.0529,-6.76583,8.84078,48.244
28853,3096,3329,3559,3655,3271,3640,4095,4758,3463,3754,5376,8905,3330,3898,5535,8619,14.4621,25.877,8.69176,48.1887
28854,3143,3401,3722,3940,3276,3447,4371,5653,3504,3913,5270,9857,3328,3766,4915,6901,9.21106,30.1851,8.68888,48.2713
28855,3213,3273,3456,3466,3281,3750,4196,4019,3671,4665,6801,5636,3803,4851,7902,6328,17.232,11.1949,8.94711,48.2073
28856,3310,3413,3220,3204,3923,3794,3603,3211,5453,5100,4095,3521,9199,8908,4599,3511,30.4416,-15.2697,8.87386,48.0427
28857,5093,5954,4596,3762,5534,8114,5013,3805,4314,4631,3905,3518,3615,3619,3517,3229,-10.0356,-8.85373,8.5627,48.146
28858,3947,4464,4422,3780,4299,6500,6078,4091,4345,5898,5245,4103,3649,4096,4026,3611,-2.41168,-1.25351,8.62543,48.3693
28859,3197,3137,3443,3193,3332,3501,3874,3843,3563,4160,5319,5105,3575,4996,9822,7827,32.2091,12.078,8.98359,47.9247
28860,3429,3399,3198,3169,3952,3703,3331,3200,6043,4940,3741,3328,12559,6252,3869,3369,31.2935,-25.795,8.91727,47.6547
28861,12471,5986,3806,3380,5939,4746,3679,3370,3838,3792,3501,3196,3398,3454,3250,3097,-30.5224,-30.8729,8.61183,47.2687
28862,3194,3408,3471,3442,3451,3729,4216,3970,3532,4470,6736,5614,3764,4927,8169,6136,17.4315,10.3394,8.70891,48.1527
28863,4986,4169,3650,3253,8477,4903,3735,3301,8004,4683,3692,3254,4710,4177,3478,3236,-0.513286,-32.3523,8.87887,47.8053
28864,4859,5671,4375,3718,5677,8037,5108,3755,4432,5158,4024,3461,3709,3722,3637,3259,-8.44203,-8.71857,8.66725,48.4013
28865,3271,3314,3263,3221,3580,3806,3744,3491,4324,5081,4995,3952,5280,9113,7350,4383,29.4346,-2.74683,8.52367,48.112
28866,3228,3720,4111,5100,3334,3735,4996,9078,3306,3636,4749,7610,3272,3438,4100,4461,-2.31843,29.6296,8.81655,47.916
28867,3146,3548,3798,3954,3453,3860,5241,5172,3495,4301,7690,6845,3307,3947,5165,5075,6.27137,13.8627,8.96716,47.998
28868,3897,3732,3329,3163,5561,4528,3592,3200,9805,5441,3682,3417,6876,4968,3869,3252,9.03127,-27.7608,8.50881,48.208
28869,3469,3332,3285,3186,4105,3930,3446,3206,7499,5092,3782,3328,11191,5858,3928,3501,20.8726,-27.631,8.80331,48.092
28870,3212,3342,3408,3472,3178,3337,3770,3852,3364,3696,4764,5869,3447,3817,6063,12708,29.869,31.993,8.82003,47.5327
28871,8210,5391,3881,3372,9254,5361,3925,3387,4958,4214,3651,3260,3575,3389,3221,2943,-13.1731,-24.718,8.67555,47.9947
28872,3808,5546,9814,6882,3640,4358,5370,4846,3414,3578,3834,3773,3085,3328,3403,3419,-25.9243,9.54271,8.93844,48.0653
28873,3816,4484,4364,3681,4378,6524,5966,4166,4209,5682,5624,3967,3831,4077,4074,3536,-1.69322,-0.996687,8.88429,48.2527
28874,3381,3799,5021,7572,3373,3903,5196,9579,3247,3523,4289,5161,3075,3346,3615,3693,-11.2827,28.9591,8.59592,47.8487
28875,3495,4283,6382,6621,3504,4196,6902,7086,3389,3691,4407,4608,3189,3396,3437,3663,-13.3036,15.5923,8.89411,48.166
28876,3299,3966,5130,7647,3345,3811,5485,9396,3266,3630,4225,5059,2925,3346,3688,3825,-11.5801,25.2312,8.723,48.0287
28877,3285,3420,3288,3138,3705,3841,3738,3474,4408,5239,4605,3858,5562,9607,6957,4298,27.0614,-4.2611,8.9429,48.282
28878,3145,3269,3466,3269,3461,3624,3914,3591,3907,4771,5587,4520,4145,6621,9252,5464,23.8331,4.8123,8.56424,48.004
28879,5097,9043,7406,4406,4508,5013,4795,4021,3570,3842,3645,3518,3230,3441,3344,3268,-32.8086,-2.4773,8.74308,48.098
28880,3428,3436,3211,3117,3795,3805,3478,3263,5690,4993,3913,3559,10534,8058,4411,3409,29.5812,-18.5089,8.84843,48.0667
28881,7417,6251,4018,3510,7526,6368,4112,3522,4528,4277,3521,3392,3640,3584,3360,3231,-14.1413,-18.231,8.84643,48.1713
28882,3488,4162,6978,11231,3406,3812,4965,6168,3394,3468,3949,3915,3035,3295,3297,3409,-25.3319,22.1065,8.54097,47.9813
28883,10113,6013,3923,3272,7634,5363,3908,3356,4279,3948,3586,3153,3362,3406,3276,3057,-18.5575,-25.0928,8.66186,47.766
28884,4505,3942,3441,3227,7314,4767,3720,3335,9040,5292,3819,3328,5134,4407,3662,3288,2.793,-25.2731,8.7728,48.1473
28885,3309,3209,3275,3150,3654,3706,3775,3424,4285,4980,4989,4075,4954,8434,7979,4731,27.6311,-0.715169,8.69577,47.9527
28886,3495,3337,3325,3115,4218,3993,3590,3307,7100,5559,3936,3331,9694,6715,4118,3417,19.4172,-20.797,8.90005,48.1667
28887,3023,3302,3380,3422,3229,3455,3774,4200,3480,3924,5037,7728,3430,3757,5655,11081,19.8643,30.4141,8.85894,47.918
28888,3382,3292,3230,3140,3861,3715,3401,3227,6332,4934,3837,3309,12216,6083,3956,3329,24.9728,-33.8583,8.73504,47.496
28889,3154,3273,3491,3665,3385,3698,4284,4561,3416,4031,6386,7340,3415,4278,6374,7455,14.7473,17.6694,8.67339,48.1373
28890,3395,3717,4055,4136,3696,4705,6480,4684,3751,4995,7409,5110,3563,4011,4536,4237,2.31967,7.522,8.77279,48.32
28891,3431,3289,3191,3153,3966,3881,3470,3312,5996,4716,3867,3384,11912,6656,3990,3328,31.7185,-23.7374,8.55291,47.6947
28892,3096,3382,3658,3801,3204,3469,4288,5360,3525,3768,5474,9909,3224,3779,5045,7280,10.3553,25.966,8.88755,48.1747
28893,12340,6636,3923,3320,6088,4895,3787,3400,3974,3713,3423,3117,3420,3461,3211,3100,-32.2327,-24.4265,8.86503,47.872
28894,6833,4928,3842,3375,9463,5633,3828,3280,5508,4376,3589,3355,3849,3754,3458,3080,-9.5317,-23.7971,8.75714,48.1007
28895,3960,3658,3412,3234,5596,4383,3619,3253,9901,5013,3826,3319,6779,4819,3798,3219,8.8384,-30.1186,8.6542,47.8593
28896,10336,7970,4258,3406,5531,5063,3901,3488,4028,3749,3507,3228,3428,3418,3248,3036,-32.604,-18.1972,8.85999,47.73
28897,4041,4152,3719,3413,4987,6552,4327,3563,5525,7293,4653,3600,4282,4506,3931,3537,1.95057,-9.84235,8.70183,48.054
28898,7728,9511,5214,3627,5042,5229,4332,3687,3764,3787,3511,3219,3378,3394,3235,3130,-30.9459,-11.9691,8.6745,47.8587
28899,11295,7380,4105,3425,5718,4943,3894,3386,3984,3784,3446,3188,3385,3493,3183,3105,-32.091,-20.5514,8.75827,47.8093
28900,3218,3349,3317,3319,3503,3635,3906,3697,3779,4679,6069,4936,4023,5662,8979,6060,21.4319,7.5247,8.58243,48.0873
28901,3344,3461,3488,3381,3499,3981,4206,3788,3982,5480,6993,4661,4060,5925,7205,4792,15.9152,3.90954,8.89155,48.164
28902,4641,5249,4135,3583,5751,8051,4791,3638,4683,5585,4103,3559,3849,3906,3485,3290,-6.03472,-9.76569,8.87658,48.1993
28903,3448,3545,3280,3103,4114,4022,3521,3316,6702,5551,3990,3524,9576,7113,4303,3471,20.3787,-19.0867,8.81165,48.386
28904,3420,4529,8506,9263,3506,4026,5120,5557,3335,3572,3857,3871,3069,3339,3406,3383,-30.923,16.1167,8.61698,47.8393
28905,3272,3374,3223,3264,3630,3819,3719,3365,4561,5246,4520,3766,5993,9708,6411,4132,27.7186,-5.97624,8.76749,48.002
28906,5276,9150,7048,4375,4352,5164,4830,3959,3606,3868,3689,3461,3296,3462,3393,3194,-29.5637,-3.39889,8.55208,48.082
28907,3175,3258,3356,3400,3178,3587,3852,3897,3316,3866,4771,6481,3416,3968,5933,12150,24.5616,33.7998,8.5065,47.736
28908,3438,3430,3335,3097,4140,4012,3644,3277,6110,5891,4225,3500,8036,7772,4479,3544,19.2828,-15.586,8.79516,47.9533
28909,3319,3331,3356,3099,3692,3935,3661,3422,4569,5115,4654,3985,5794,9669,6578,4122,29.8332,-5.15128,8.71093,48.2007
28910,4390,5882,5300,4100,4762,7457,5955,4169,3814,4471,4231,3698,3430,3620,3553,3464,-11.4447,-2.97385,8.57727,48.1973
28911,3432,3979,5742,11396,3394,3841,5022,7185,3260,3448,3930,4170,3275,3289,3364,3355,-20.9561,29.523,8.50139,48.0547
28912,3326,3440,3157,3066,4060,3780,3377,3269,6013,4701,3788,3340,12457,6453,3939,3275,32.1527,-24.5839,8.97192,47.6273
28913,3122,3304,3398,3374,3347,3553,3999,3903,3562,4118,5539,5643,3624,4701,8525,8382,22.6978,14.4055,8.61413,48.0627
28914,4534,6869,7010,4543,4252,5961,6017,4311,3651,4071,3920,3605,3218,3385,3435,3313,-18.0437,0.18933,8.89855,48.0633
28915,3224,3518,3629,3849,3405,3847,4914,4879,3457,4424,7431,7241,3494,4021,5446,5647,8.84715,14.933,8.55835,48.284
28916,3477,3939,5852,9036,3396,3812,5524,8145,3194,3538,4090,4522,3192,3261,3622,3535,-16.173,22.6989,8.85403,48.09
28917,3433,3441,3297,3109,3909,3888,3391,3202,5938,5030,3859,3338,11398,7257,4204,3522,27.817,-20.9475,8.78857,48.144
28918,3960,5472,7337,5284,3923,5326,7197,4948,3415,3804,4190,3812,3231,3445,3509,3382,-15.8129,6.09535,8.70489,48.1567
28919,3620,3512,3273,3161,4560,4152,3641,3375,7941,6118,4020,3511,7718,6018,4137,3511,14.6918,-19.0424,8.51287,48.1787
28920,5003,4354,3611,3281,8884,4964,3730,3395,7443,4917,3572,3482,4603,4034,3478,3348,-1.92257,-31.56,8.84563,48.066
28921,3634,3678,3405,3082,4933,4170,3531,3194,9662,5275,3892,3385,7784,5114,3798,3306,12.077,-27.3543,8.77,47.8953
28922,3719,4417,6366,5640,3669,4640,7737,6303,3400,3782,4525,4350,3168,3464,3664,3563,-12.4634,11.6227,8.64345,48.2713
28923,3876,3917,3671,3371,4819,5813,4320,3542,5710,7814,4859,3734,4441,4861,4050,3569,4.46456,-9.31357,8.85772,48.2447
28924,12134,5879,3972,3527,5862,4875,3848,3454,3975,3737,3458,3293,3369,3392,3210,3289,-31.1706,-33.1285,8.55141,47.516
28925,3188,3224,3451,3518,3222,3466,3862,4281,3389,3825,5400,7353,3397,3998,6359,10076,19.6763,22.3916,8.56414,48.006
28926,3179,3241,3396,3311,3262,3528,3740,3929,3374,3789,4695,6293,3446,3900,5890,12662,26.6153,32.1352,8.94574,47.7567
28927,3345,3862,5102,7647,3435,3730,5300,9427,3268,3686,4224,5142,3172,3308,3633,3690,-11.9101,31.417,8.58436,47.9807
28928,3427,3510,3439,3272,3850,4350,4086,3555,5178,7508,5301,4005,5018,6802,5209,3838,14.2108,-5.81849,8.80937,48.232
28929,3250,3663,4748,5926,3377,3830,6227,9131,3316,3687,4768,6025,3181,3490,3918,3981,-6.47319,21.305,8.97149,48.3453
28930,3183,3352,3838,3901,3411,3629,4543,5853,3426,3702,5187,9938,3330,3730,4775,6224,7.5621,33.709,8.80871,48.0147
28931,4031,4888,5026,4208,4365,6802,7038,4368,3750,4614,4761,3879,3582,3752,3751,3422,-8.15498,0.640604,8.55487,48.158
28932,4066,5399,6664,4885,3994,5572,7436,4939,3597,3996,4365,3871,3302,3374,3595,3413,-13.5516,4.51151,8.84928,48.312
28933,4557,5379,4458,3757,5075,8156,5518,3932,4185,5033,4227,3632,3630,3765,3672,3331,-8.26807,-5.79395,8.96454,48.2047
28934,12166,6638,3977,3413,6073,4849,3839,3388,3949,3797,3514,3102,3355,3306,3217,3113,-29.1728,-24.3252,8.82401,47.7973
28935,3307,3713,4614,4838,3556,4103,6720,7177,3447,3973,5636,5978,3140,3607,3987,4302,-3.16713,16.1074,8.68057,48.0653
28936,5539,4684,3757,3343,8866,5993,3940,3412,6252,4825,3756,3332,4147,3941,3275,3171,-5.43493,-21.2851,8.7706,48.1553
28937,3588,3866,3736,3531,4008,5344,4987,4042,4463,7128,6289,4117,3968,4715,4501,3883,4.80038,-1.96076,8.74117,48.1107
28938,8051,5315,3958,3365,9330,5439,3855,3337,5122,4138,3606,3185,3733,3548,3363,3179,-12.7297,-24.968,8.97215,48.3493
28939,3350,3647,4686,5887,3403,3769,5068,9922,3253,3687,4356,6131,3179,3377,3850,4055,-6.66329,31.7419,8.77174,47.7467
28940,3639,4765,8497,7971,3492,4211,5924,5661,3344,3497,4011,3830,3167,3180,3478,3376,-20.8349,13.8768,8.89424,48.0287
28941,12177,5912,4012,3485,6471,4837,3799,3328,3870,3887,3455,3292,3383,3341,3230,3094,-24.0772,-33.9258,8.80937,47.7153
28942,4306,4338,3737,3379,6260,6506,4163,3483,6291,6594,4228,3470,4467,4333,3759,3329,-0.041765,-14.3972,8.89335,48.4287
28943,3124,3291,3553,3603,3227,3513,4096,4621,3309,3923,5421,8565,3388,3865,5754,8729,14.9211,24.575,8.66256,47.988
28944,3396,3352,3224,3044,4043,3854,3491,3295,6672,4882,3667,3428,11768,6257,3955,3453,23.7899,-25.8922,8.87072,47.854
28945,12427,6365,3977,3307,6009,4784,3830,3414,3903,3785,3489,3234,3418,3279,3210,3139,-29.343,-25.8711,8.54706,47.7133
28946,6196,9037,5779,3924,4954,6008,4785,3763,3697,3903,3648,3431,3396,3352,3317,3148,-21.837,-7.48293,8.66404,48.2253
28947,4487,4150,3477,3109,7405,4782,3702,3262,9185,5163,3702,3293,5088,4299,3657,3212,2.26607,-26.6804,8.95955,47.982
28948,3523,3500,3305,3074,4681,4494,3782,3341,7603,6539,4204,3456,6964,6086,4130,3500,13.237,-17.252,8.66318,48.1213
28949,3385,3819,5759,12752,3320,3728,4788,6091,3255,3377,3687,4015,3156,3296,3438,3367,-33.0213,29.4337,8.93829,47.4887
28950,3197,3178,3375,3406,3267,3536,3890,3972,3439,3903,4736,6147,3413,3919,6058,12490,28.2692,29.4812,8.51607,47.9507
28951,4390,6840,7407,4645,4182,5725,6193,4386,3625,3843,4059,3646,3264,3387,3382,3233,-18.1233,1.15725,8.91379,48.138
28952,3339,3405,3238,3069,4218,4014,3462,3269,6786,5429,3980,3400,9860,6880,4036,3449,20.563,-20.2379,8.79056,47.8893
28953,3146,3433,3385,3522,3335,3598,4291,4275,3573,4150,6660,6296,3644,4523,7354,6858,16.6685,13.658,8.84846,48.0287
28954,3076,3181,3297,3375,3293,3501,3772,3732,3662,4495,5381,4846,3881,5673,10002,6709,27.3134,8.55276,8.93461,47.9173
28955,3190,3369,3498,3393,3376,3735,4017,3968,3705,4732,6879,5363,3786,5133,8098,6063,17.8437,9.28749,8.88177,48.2033
28956,3291,3329,3366,3269,3599,3781,3618,3579,4213,4990,4854,4059,4969,8703,7795,4519,30.8724,-1.20637,8.91792,47.956
28957,3164,3284,3404,3408,3219,3514,3825,4189,3471,3815,4990,7639,3274,3900,5856,11022,19.8196,28.3462,8.89758,47.9827
28958,3806,3676,3342,3229,5298,4306,3606,3297,9294,5464,3881,3425,7349,5248,3794,3366,11.4818,-24.3577,8.5652,48.254
28959,3190,3282,3377,3508,3271,3672,3885,3810,3593,4278,5227,5054,3668,5021,9498,7544,33.6475,12.0696,8.58666,47.9187
28960,3082,3250,3349,3391,3340,3553,3809,3675,3623,4437,5134,4842,3830,5668,10139,6871,31.7451,9.53847,8.82951,47.9953
28961,3331,3400,3385,3083,3672,4002,3723,3609,4517,5647,4966,3920,5218,8744,6709,4281,22.3197,-3.86937,8.65366,48.138
28962,7418,4943,3828,3301,9627,5202,3898,3397,5179,4350,3579,3304,3742,3623,3290,3223,-11.3155,-32.4268,8.93272,47.936
28963,3465,3914,6948,11807,3365,3884,4799,5921,3205,3469,3790,3907,3082,3260,3395,3310,-31.0051,22.6268,8.91388,47.6807
28964,3149,3191,3315,3441,3230,3439,3739,3676,3429,3723,4771,6161,3455,4048,5932,12585,27.4108,33.1886,8.84509,47.5227
28965,3639,3584,3462,3202,4376,4622,3830,3437,6292,7533,4543,3690,5775,6450,4396,3661,12.3575,-12.1699,8.50674,48.328
28966,3282,3474,3137,3148,3985,3882,3423,3182,5680,5269,3942,3544,10013,8042,4398,3587,26.6758,-17.392,8.73218,47.992
28967,3689,3573,3395,3023,4967,4138,3548,3244,9065,5557,3839,3408,8041,5392,3817,3396,13.1697,-24.9436,8.61156,48.0613
28968,4780,4167,3550,3176,8302,5168,3680,3302,8222,5057,3839,3290,4674,4074,3558,3168,-0.481716,-25.8247,8.75919,48.0047
28969,3407,3358,3123,3043,3896,3794,3410,3265,6088,4979,3867,3335,12176,6432,4032,3513,26.7637,-24.8334,8.51801,47.812
28970,3029,3269,3542,3574,3359,3566,4118,4429,3427,4132,5813,7726,3423,4104,6393,8626,16.6477,19.8009,8.79035,48.3533
28971,3324,3397,3331,3135,3610,3799,3674,3375,4537,5235,4482,3863,5830,9758,6533,4155,31.8495,-5.66001,8.87627,48.0253
28972,3377,3875,5360,9661,3464,3838,5036,8443,3133,3587,3877,4489,3114,3395,3537,3570,-16.5544,29.4473,8.68912,47.8373
28973,3395,3531,4548,5683,3351,3766,5238,9541,3367,3706,4694,6528,3145,3280,3911,4173,-5.00182,32.2472,8.59679,47.9047
28974,3411,3923,6461,12274,3297,3945,4852,6108,3137,3470,3756,3926,3140,3224,3394,3397,-27.6929,25.156,8.65106,47.81
28975,3491,3598,3297,3084,4191,4094,3498,3291,7453,5622,4021,3381,9087,6462,4083,3408,17.8674,-20.3883,8.62093,48.0407
28976,5935,6733,4626,3720,5735,7563,4719,3780,4229,4414,3711,3471,3570,3575,3358,3144,-13.4455,-10.7673,8.66422,48.1887
28977,4772,7645,7733,4679,4255,5516,5489,4124,3572,3787,3874,3640,3225,3278,3322,3355,-20.9664,0.308903,8.90374,48.1773
28978,3600,3636,3447,3297,4315,4622,3892,3486,5729,8003,4890,3717,5286,6206,4392,3779,11.7273,-9.55813,8.74558,48.198
28979,3369,3830,4593,4505,3523,4362,6796,6321,3540,4076,6144,5762,3290,3698,4256,4248,-1.42909,13.9737,8.65811,48.2087
28980,3920,5711,8931,6438,3708,4606,6173,5145,3428,3639,4027,3739,3118,3247,3391,3385,-21.2192,8.78029,8.67203,48.404
28981,3405,4332,7955,10320,3395,3978,5116,5488,3231,3492,3851,4044,3172,3265,3479,3388,-32.4096,18.2267,8.75441,47.9407
28982,11877,6742,4039,3352,5956,4965,3871,3338,4000,3737,3407,3304,3526,3360,3337,3172,-33.6269,-23.0073,8.89837,47.9887
28983,12162,5781,3865,3347,5898,4719,3802,3374,3933,3742,3434,3332,3353,3337,3339,3288,-33.7114,-33.0527,8.62301,47.1373
28984,12648,6282,3980,3444,6026,4687,3785,3454,3976,3758,3404,3229,3460,3413,3153,2985,-30.0717,-26.261,8.68018,47.7893
28985,3371,3395,3205,3123,4038,3703,3516,3260,6417,5001,3826,3315,12057,6553,4044,3488,24.9969,-24.8275,8.98043,48.208
28986,3093,3289,3659,3582,3153,3515,4099,4567,3424,3868,5207,8421,3424,3874,5349,9362,15.9987,29.4506,8.53407,47.924
28987,3410,3359,3257,3066,4081,3906,3491,3313,7265,4974,3772,3365,11347,5887,3794,3481,21.1805,-28.4554,8.54739,47.8453
28988,3237,3547,3922,4008,3405,3852,5249,5738,3409,4199,6974,7746,3341,3803,4897,5188,5.44253,16.8,8.92283,48.3433
28989,4187,5035,4635,3766,4795,7580,6215,4021,4134,5003,4553,3778,3606,3918,3630,3439,-6.83506,-3.12671,8.65874,48.1967
28990,3462,3441,3311,3106,3909,4012,3670,3319,5973,5884,4122,3625,8100,8120,4575,3560,21.1687,-14.5377,8.69421,48.126
28991,4533,4324,3690,3275,7025,5938,3928,3366,7124,5928,4049,3347,4692,4271,3617,3317,0.112452,-18.6108,8.70089,48.2827
28992,3055,3235,3469,3365,3316,3554,3982,4016,3606,4149,5576,5787,3660,4654,8641,8682,22.7997,14.8003,8.83341,48.498
28993,3438,3791,4266,4066,3578,4478,6549,5169,3694,4553,7291,5661,3402,3751,4495,4263,1.37939,10.0036,8.82465,48.2967
28994,3736,4209,4043,3747,4387,6586,5766,3957,4235,6323,5631,4001,3874,4166,4117,3631,-0.485019,-1.85886,8.99264,48.2727
28995,7629,9500,5130,3772,5022,5260,4240,3670,3853,3677,3571,3278,3420,3487,3289,3187,-30.9363,-11.3303,8.57883,47.99
28996,3175,3430,3442,3458,3236,3655,4102,4130,3539,4230,6534,6295,3640,4488,7552,7089,17.165,14.017,8.97949,47.9967
28997,3514,3511,3354,3099,4462,4140,3482,3295,8475,5555,3951,3396,9055,5767,3886,3407,15.6897,-24.1413,8.9561,48.2327
28998,3309,3503,3254,3196,3790,3761,3710,3311,4711,5272,4465,3780,6347,9542,5792,3915,33.7534,-8.12589,8.56138,47.772
28999,3239,3732,4683,5438,3359,3890,5966,8814,3320,3700,4962,6580,3225,3469,3952,4228,-4.3308,21.2459,8.97606,48.3713
29000,4179,4377,3703,3401,5480,6728,4438,3563,5581,6858,4422,3580,4342,4348,3822,3473,0.618616,-11.0489,8.52784,48.1967
29001,3292,3535,3273,3173,3803,3749,3544,3304,5370,5207,4119,3561,8584,9125,4669,3616,30.3042,-14.0267,8.75733,47.9493
29002,3401,3912,6069,12845,3460,3672,4701,6157,3178,3383,3664,3860,3205,3229,3339,3365,-29.1919,29.9126,8.69277,47.6267
29003,5349,4486,3604,3241,9278,5228,3778,3347,7217,4717,3632,3270,4343,3981,3431,3163,-3.46114,-27.4359,8.71234,48.0433
29004,3149,3332,3539,3327,3315,3553,3958,3780,3611,4442,5848,5242,3707,5229,9409,6835,22.4329,10.4646,8.77702,48.184
29005,3181,3189,3331,3509,3312,3653,3742,3870,3516,3951,5234,5422,3521,4603,8877,9082,29.06,15.6134,8.58942,47.9953
29006,4140,5361,6454,4774,4060,5677,7264,4731,3523,3892,4340,3772,3389,3522,3624,3458,-13.1781,3.67131,8.55717,47.9873
29007,3722,5078,9667,7714,3607,4180,5263,5150,3321,3596,3738,3829,3123,3197,3330,3378,-28.0562,11.9478,8.88579,47.9287
29008,3615,3938,4479,4068,3684,4880,7505,5123,3582,4565,6496,4915,3474,3879,4125,3941,-1.94129,8.2001,8.84229,48.1793
29009,4594,4093,3625,3157,7454,5352,3800,3316,7943,5517,3788,3338,4913,4234,3651,3163,1.31237,-21.7154,8.57398,47.9587
29010,3486,3477,3267,3110,4270,3911,3512,3253,8124,4989,3961,3409,10133,5658,3982,3446,18.1038,-32.821,8.65481,47.992
29011,3145,3240,3514,3657,3254,3389,4133,4624,3415,3913,5334,8661,3313,3953,5645,9012,15.823,24.3898,8.74041,48.1347
29012,3388,3334,3227,3035,3927,3964,3449,3201,6457,5330,3931,3429,10099,7333,4369,3546,22.7367,-19.239,8.76939,48.0127
29013,3217,3565,4125,4860,3318,3825,4968,8286,3377,3723,4922,8101,3206,3680,4237,4788,-0.414006,31.8878,8.91559,48.132
29014,3087,3360,3362,3398,3294,3593,3821,3750,3524,4164,5282,5446,3673,4672,8828,8874,27.3448,14.811,8.57167,48.0853
29015,4051,5358,6840,4785,3981,5613,7262,4853,3508,3826,4458,3911,3290,3488,3480,3449,-14.0241,4.80128,8.89903,48.102
29016,3049,3378,3469,3506,3145,3696,3966,4354,3478,3987,5639,7642,3392,4051,6153,9313,17.7052,21.914,8.68393,48.1453
29017,3331,3806,5424,9323,3338,3757,5171,8802,3208,3551,4042,4629,3090,3292,3527,3429,-15.485,30.6827,8.93285,47.8133
29018,3204,3442,3419,3523,3262,3433,3753,3849,3427,3679,4741,6007,3481,3827,5886,12532,31.4503,30.9914,8.57979,47.6433
29019,12145,5854,4016,3441,6427,4884,3743,3263,3942,3787,3503,3258,3363,3357,3156,3162,-24.4678,-32.3955,8.71414,47.534
29020,6095,4776,3700,3237,9320,5829,3918,3443,5779,4504,3641,3254,3986,3818,3502,3073,-7.63386,-23.2721,8.94819,47.9167
29021,3567,4175,4916,4570,3758,4621,7789,5763,3497,4357,5747,4781,3351,3668,3953,3931,-4.6219,9.97131,8.52917,48.296
29022,8545,9076,4837,3645,5296,5302,4189,3558,3782,3871,3547,3262,3476,3340,3313,3002,-26.8406,-14.0574,8.80257,48.0273
29023,3526,4329,7261,8346,3441,4127,6009,6778,3226,3523,4015,4147,3169,3158,3435,3385,-18.4965,17.3145,8.77931,47.9167
29024,3372,3333,3259,3159,3972,3786,3486,3254,6367,5110,3885,3419,11212,7098,4089,3458,24.6755,-21.6165,8.75665,48.1727
29025,12491,5857,3971,3313,6050,4646,3815,3459,3763,3771,3467,3149,3475,3453,3283,3145,-32.2045,-30.0123,8.52478,47.4053
29026,3805,4190,4098,3709,4190,5852,5792,4209,4226,6176,6062,4155,3788,4316,4260,3802,0.987973,-0.225316,8.55048,48.42
29027,3134,3380,3633,3681,3407,3656,4478,4739,3559,4107,6913,7577,3496,4084,6003,6729,12.183,16.9663,8.90414,48.384
29028,3515,4323,7902,10432,3416,3923,5093,5686,3327,3443,3783,3917,3019,3184,3302,3323,-27.1795,18.5722,8.79674,47.7253
29029,3714,3629,3408,3208,5131,4094,3700,3346,9661,5219,3873,3400,7593,5028,3726,3372,11.6816,-29.6922,8.58144,48.068
29030,3503,3975,4778,4505,3662,4828,7692,5725,3522,4191,5928,4794,3272,3688,4011,3959,-3.97033,9.87511,8.65018,48.022
29031,3688,3696,3317,3129,4972,4262,3552,3280,9612,5224,3889,3499,7798,5045,3817,3340,11.9947,-31.257,8.75991,48.08
29032,3580,3915,4376,4063,3838,5126,6618,4647,3788,5173,6619,4601,3567,4089,4331,3960,-0.0802367,5.4068,8.89471,48.194
29033,4100,4427,4133,3573,5142,7102,5007,3826,4870,6496,4626,3746,4045,4218,3855,3448,-1.32607,-7.0049,8.59938,48.4093
29034,3375,3649,3884,3728,3570,4241,5648,4656,3783,4923,7937,5520,3546,4232,5047,4625,5.40213,8.82435,8.78523,48.2427
29035,4573,4050,3592,3382,7519,4883,3742,3335,8661,5214,3847,3375,5024,4275,3639,3329,1.86518,-25.7745,8.68139,48.2933
29036,3291,3613,4568,5799,3266,3789,5223,9596,3253,3592,4650,6654,3153,3393,3820,4252,-5.26819,28.8393,8.95481,47.9413
29037,4554,4587,3795,3364,6501,6919,4277,3503,5724,6078,4250,3455,4063,4105,3704,3381,-2.18334,-13.7775,8.92791,48.1733
29038,3119,3316,3343,3388,3303,3617,3889,3785,3690,4326,5706,5143,3752,5271,9586,7310,24.7378,10.8555,8.61646,48.3627
29039,3497,3519,3327,3122,4030,4259,3653,3462,5478,6956,4579,3784,6131,7734,4959,3723,16.8012,-10.1839,8.58737,48.142
29040,3349,3652,4267,4454,3435,4124,6190,6560,3467,4006,6219,6541,3273,3711,4374,4522,0.0165466,16.369,8.66571,48.096
29041,4947,8501,7842,4661,4208,4976,4893,4077,3610,3767,3737,3478,3212,3434,3349,3301,-27.9805,-1.1326,8.50591,47.9953
29042,3189,3347,3681,3828,3296,3604,4108,5311,3303,3833,5281,9817,3417,3759,4989,7324,10.6859,31.2029,8.88893,48.058
29043,9563,7868,4392,3566,6130,5345,3971,3365,3973,3830,3539,3208,3439,3344,3301,3164,-23.3884,-18.0038,8.61095,47.9987
29044,4234,6757,9373,5423,3885,4708,5475,4531,3452,3721,3866,3642,3169,3401,3277,3192,-24.3362,4.19472,8.9201,48.0707
29045,3111,3659,4112,4497,3265,3786,4847,7264,3290,3834,5266,8787,3266,3640,4396,5088,2.40975,24.702,8.64089,48.072
29046,3300,3380,3453,3388,3550,3971,4131,3878,4004,5551,6927,4745,4018,5836,7226,4929,15.8825,4.50194,8.59928,48.1913
29047,3490,3428,3282,3195,4517,4077,3560,3303,8015,5417,3916,3317,9194,5927,4090,3443,16.9338,-23.2777,8.59418,48.114
29048,3152,3384,3493,3319,3415,3796,3958,3787,3970,4859,6068,4687,4072,6060,8706,5668,20.9006,5.85357,8.61062,48.2627
29049,3960,4997,5456,4286,4083,6234,7507,4607,3661,4386,4841,3989,3418,3604,3547,3466,-8.65649,2.62962,8.59953,48.028
29050,3431,3966,6237,9774,3469,3928,5377,7556,3165,3460,3952,4274,3141,3251,3500,3486,-18.4671,22.3828,8.72096,47.978
29051,3665,4612,7240,6433,3781,4536,7072,5954,3363,3741,4201,4140,3188,3330,3563,3520,-15.9497,11.7571,8.7642,48.226
29052,3827,4606,5484,4544,4055,5762,7989,5036,3638,4288,5044,4062,3313,3576,3786,3590,-8.49431,5.47268,8.596,48.4
29053,3339,3863,5559,9375,3303,3876,5154,8470,3335,3447,4037,4616,3123,3356,3565,3671,-16.1651,26.2772,8.84121,48.0593
29054,3481,4131,5708,5649,3465,4402,7455,7165,3299,3830,4750,4863,3143,3449,3830,3835,-9.15882,14.7401,8.55878,48.3033
29055,3193,3407,3488,3418,3407,3887,4367,3942,3925,5221,7596,5090,3940,5229,7135,5147,14.6547,6.52393,8.9925,48.2613
29056,3293,3920,5307,8128,3464,3753,5492,9399,3263,3454,4149,4835,3098,3368,3598,3621,-13.057,25.0173,8.96208,48.0947
29057,4609,7369,7910,4893,4139,5346,5698,4228,3566,3864,3888,3619,3125,3325,3375,3201,-21.5726,0.978624,8.50271,48.1033
29058,12664,6001,4010,3405,5977,4629,3755,3281,3784,3779,3453,3391,3425,3257,3224,3206,-29.6583,-30.8726,8.61562,47.494
29059,3314,3629,4381,4238,3527,4265,6464,5989,3462,4188,6597,6244,3244,3820,4377,4513,0.468427,13.7896,8.99588,48.168
29060,3091,3288,3495,3616,3324,3530,4065,4341,3550,4060,5999,7190,3449,4121,6765,8343,17.2329,18.6791,8.51242,48.1513
29061,3190,3206,3480,3387,3227,3442,3774,3955,3316,3763,4927,6368,3329,3946,6507,11755,25.6081,24.4634,8.58356,47.7147
29062,3090,3283,3415,3338,3204,3641,3741,3801,3431,3995,4982,5598,3490,4280,8111,10117,32.5374,17.5788,8.83274,47.678
29063,4045,5228,5951,4498,3994,6148,7506,4621,3709,4185,4568,3938,3510,3532,3606,3458,-11.2852,2.96795,8.70469,48.3313
29064,5653,9647,6303,4031,4577,5161,4602,3897,3690,3775,3725,3334,3363,3413,3242,3242,-33.2754,-5.45211,8.93437,47.77
29065,3480,3877,5805,12430,3455,3680,4660,5805,3347,3478,3647,3819,3198,3389,3408,3512,-33.3303,33.6253,8.76167,47.3267
29066,8483,8473,4554,3616,5767,5747,4210,3467,3974,3914,3567,3289,3452,3448,3267,3003,-22.7426,-14.8888,8.83273,48.154
29067,5800,7273,4833,3697,5508,7378,4689,3742,3941,4233,3751,3454,3513,3589,3421,3221,-15.1213,-9.25192,8.72582,48.0287
29068,4442,4901,4149,3599,5732,7909,4820,3745,4753,5747,4147,3518,3846,3964,3631,3298,-4.79646,-9.56554,8.86425,48.134
29069,3460,4426,7699,8907,3456,4058,5835,6232,3326,3591,3745,4118,3098,3314,3495,3396,-20.9452,16.968,8.80283,48.104
29070,3335,3944,5945,12789,3446,3730,4889,5908,3229,3394,3770,3872,3161,3211,3327,3336,-30.3363,29.457,8.84427,47.524
29071,3322,3434,3594,3374,3652,4241,4480,4009,4022,5838,7680,4812,4029,5093,6256,4663,11.8632,4.23598,8.77017,48.3327
29072,8299,9406,4984,3561,5099,5318,4028,3592,3821,3811,3518,3249,3355,3371,3278,3102,-29.6215,-13.1118,8.964,47.8613
29073,3611,4352,6562,6464,3536,4296,7208,6738,3406,3687,4332,4430,3138,3345,3586,3544,-13.8695,14.0648,8.78457,48.1567
29074,3043,3232,3258,3315,3261,3577,3868,3901,3526,4062,5131,5506,3488,4399,8409,9573,27.451,16.4612,8.86959,47.6993
29075,4546,3965,3426,3267,7647,4949,3724,3342,8904,5167,3811,3190,5098,4289,3634,3379,1.92859,-26.2864,8.81182,48.2253
29076,3082,3199,3389,3460,3126,3451,3705,3936,3481,3863,4948,5841,3379,4082,7403,11398,30.5807,21.1541,8.90244,47.8287
29077,3385,3358,3229,3250,3882,3709,3333,3283,5908,4706,3788,3329,12339,6083,3894,3545,31.9486,-33.5393,8.86276,47.3473
29078,3423,3934,5574,9579,3400,3846,5155,8134,3219,3547,3945,4529,3086,3215,3550,3418,-17.0801,26.5861,8.60539,47.7027
29079,3530,4263,7343,8621,3378,4099,5875,6774,3307,3625,4131,4134,2996,3330,3435,3511,-19.2441,17.3201,8.90085,48.2347
29080,4839,4201,3582,3245,7849,5570,3788,3303,7458,5335,3914,3295,4643,4129,3507,3248,-0.692402,-21.7914,8.83229,47.9373
29081,3622,3644,3343,3096,4837,4081,3566,3338,8506,6040,4041,3488,7866,5672,4078,3217,13.3731,-21.3477,8.68707,48.29
29082,3232,3421,3365,3265,3626,3733,3858,3493,4421,5211,4872,3896,5192,9088,7378,4342,25.2006,-2.83319,8.83164,48.262
29083,3523,4548,8232,8576,3456,4140,5587,6053,3373,3531,3911,4006,3043,3275,3343,3365,-22.3623,15.6866,8.61048,47.9747
29084,3370,3384,3189,3037,4212,3868,3432,3305,7536,4970,3818,3337,10828,5970,4068,3335,20.478,-25.9232,8.55988,47.7727
29085,5261,4425,3644,3188,9102,5247,3713,3321,7486,4811,3734,3369,4383,3989,3470,3246,-2.77852,-25.932,8.93956,48.2593
29086,4477,4049,3539,3255,7831,4920,3812,3338,8814,4900,3770,3351,5006,4256,3520,3358,1.70021,-31.0194,8.68014,48.1307
29087,11432,5948,3924,3408,7238,4975,3833,3433,4214,3718,3471,3198,3415,3343,3316,3117,-21.2859,-27.8356,8.7552,47.9887
29088,3151,3289,3435,3278,3337,3704,3810,3639,3819,4678,5138,4704,4206,6590,9479,5596,30.8608,4.92849,8.73688,47.902
29089,3343,3328,3252,3160,3626,3780,3623,3384,4704,5324,4445,3825,6189,10106,5835,3962,32.1122,-7.91696,8.90383,47.924
29090,3421,3754,5035,7199,3472,3727,5385,9662,3227,3609,4233,5467,3149,3360,3631,3803,-10.1242,27.2902,8.5204,48.0893
29091,3125,3283,3450,3469,3324,3555,4073,4330,3515,4068,5836,7249,3436,4162,6676,8537,17.4487,19.0611,8.69606,48.0587
29092,3515,3491,3235,3187,4183,4042,3465,3230,7154,5366,4034,3370,9342,6509,4320,3516,19.1419,-20.6087,8.59004,47.9727
29093,4283,4548,4143,3692,4942,7445,5449,3983,4421,5978,4789,3710,3820,4093,3898,3560,-2.82363,-5.32144,8.77684,48.5027
29094,3343,3805,5055,7779,3368,3959,5313,9581,3252,3579,4235,4991,3200,3258,3540,3741,-11.7875,33.6524,8.93429,47.9993
29095,6917,4931,3810,3305,9841,5248,3924,3322,5589,4305,3618,3259,3815,3649,3392,3108,-9.55934,-29.0932,8.54879,48.022
29096,3355,3806,4382,4687,3502,4168,6679,6929,3415,3915,5866,6288,3153,3619,4197,4249,-1.90092,16.0682,8.89654,48.14
29097,3150,3226,3414,3535,3220,3602,3806,3892,3380,3957,5092,5540,3536,4617,8596,9315,30.8485,15.9892,8.64937,47.9187
29098,3148,3223,3417,3454,3155,3459,4025,4106,3350,3736,5005,6918,3351,3858,6468,11359,22.5815,25.0038,8.59808,48.0213
29099,3117,3304,3268,3188,3692,3732,3795,3489,4235,4981,4851,4045,4965,8905,7710,4524,30.6239,-1.8108,8.82316,47.8673
29100,3635,3702,3337,3046,4428,4265,3601,3307,7573,6239,4065,3424,7699,6173,4148,3476,15.0075,-18.226,8.63685,48.0787
29101,3288,3230,3380,3221,3593,3777,3706,3588,4250,4973,5084,4179,4849,8301,8180,4739,26.8459,-0.0311353,8.62415,48.2253
29102,3051,3342,3439,3419,3379,3662,3991,3840,3723,4430,6110,5158,3942,5357,8963,6591,21.1974,9.47836,8.64748,48.2647
29103,6584,6683,4243,3648,6946,6961,4387,3524,4451,4332,3630,3324,3580,3549,3328,3139,-13.9832,-14.7985,8.6437,48.206
29104,3403,4026,6031,10178,3367,3754,5208,7781,3203,3524,3924,4329,3090,3269,3474,3585,-18.7283,24.3098,8.81723,48.0973
29105,4466,5911,5603,4279,4422,6910,6334,4281,3760,4357,4265,3614,3375,3631,3562,3393,-12.4171,-1.0362,8.92232,48.1087
29106,3420,3899,6022,12320,3401,3749,4853,6335,3272,3485,3835,4006,3122,3134,3382,3290,-25.8679,31.8664,8.50592,47.6833
29107,3282,3641,4497,5668,3361,3723,5224,9593,3270,3757,4744,6710,3121,3323,3827,4244,-4.97029,28.9009,8.83932,47.99
29108,3594,4115,6502,7554,3387,4093,6311,7296,3332,3849,4221,4379,3050,3240,3402,3569,-15.2792,17.3796,8.70949,47.9293
29109,3933,4085,3763,3564,4759,6353,4786,3667,5037,7386,5239,3828,4065,4419,4096,3576,2.10968,-6.6115,8.74987,48.3707
29110,3051,3273,3382,3477,3371,3594,4100,4080,3490,4026,6024,6560,3570,4383,7526,8370,18.9971,16.6041,8.97257,48.1847
29111,3211,3313,3284,3361,3684,3815,3880,3637,4193,5548,5662,4270,4569,7136,7683,4777,19.9117,0.879351,8.79343,48.0153
29112,4778,5778,4812,3718,5146,8160,5395,3752,4091,4891,4188,3592,3622,3646,3381,3266,-10.0856,-6.58417,8.77928,48.144
29113,3748,4318,5301,4516,3812,5234,8003,5175,3700,4258,5447,4400,3382,3606,3856,3722,-6.60482,7.0123,8.56039,48.3187
29114,3156,3282,3462,3527,3376,3560,4088,4673,3322,3697,5254,8833,3333,3800,5499,8915,15.123,31.1245,8.94024,47.8513
29115,3343,3912,5656,6213,3616,4276,7067,7626,3307,3711,4585,4842,3207,3385,3677,3731,-10.5101,16.3424,8.894,48.1027
29116,3363,3461,3683,3755,3448,3925,4856,4427,3727,4821,8083,6019,3624,4350,5936,5266,10.0369,10.5395,8.69627,48.496
29117,4653,5162,4240,3602,5499,8149,5005,3750,4488,5409,4161,3629,3689,3844,3457,3280,-6.40654,-8.39542,8.9212,48.0113
29118,9116,5820,3931,3428,8430,5467,3834,3479,4531,4110,3563,3250,3552,3526,3274,3105,-15.8219,-23.773,8.88781,48.2773
29119,8971,5462,3767,3446,8677,5238,3958,3426,4784,4128,3524,3346,3682,3502,3247,3089,-15.0345,-28.4686,8.50717,48.1647
29120,3391,3948,6075,12243,3340,3801,4775,6476,3254,3446,3792,3899,3049,3300,3320,3422,-25.3743,31.0296,8.56036,47.6873
29121,3444,3843,5581,10047,3371,3927,5022,8122,3254,3425,4022,4327,3084,3204,3529,3461,-17.5177,31.0558,8.794,47.7753
29122,3148,3475,3728,3729,3461,3855,4754,4582,3615,4576,7807,6322,3538,4176,6008,5560,10.785,12.126,8.54371,48.2227
29123,3862,5401,9820,6885,3630,4352,5320,4786,3326,3690,3760,3737,3153,3309,3365,3253,-32.3408,9.54978,8.62869,47.766
29124,4106,5688,6974,4955,3989,5473,7122,4721,3599,4036,4241,3885,3279,3419,3545,3348,-15.1164,4.02098,8.79884,48.2533
29125,3195,3140,3387,3386,3253,3458,3757,3897,3294,3727,4735,6284,3329,3968,5962,12609,27.6831,31.5976,8.86266,47.5873
29126,4359,5930,6898,4730,4095,5716,6721,4603,3650,4050,4198,3851,3268,3470,3573,3280,-15.4204,2.81874,8.68876,48.2613
29127,2978,3229,3472,3358,3149,3619,3773,3872,3420,3919,4884,5800,3415,4227,7432,11229,30.214,20.2539,8.87771,47.8507
29128,12599,6132,3988,3353,6073,4827,3817,3405,3997,3702,3508,3136,3382,3463,3156,3222,-26.7997,-29.0778,8.93844,47.84
29129,9479,6471,4012,3410,7771,5438,3832,3422,4362,3950,3622,3120,3465,3540,3262,3080,-17.9477,-21.7713,8.82171,48.1573
29130,3254,3328,3542,3530,3449,3656,4181,4246,3555,4455,7166,5902,3655,4691,7354,6577,15.869,11.8203,8.86172,48.3607
29131,7158,5342,3862,3316,9013,5875,3807,3519,5121,4308,3587,3298,3684,3612,3386,3172,-11.1712,-22.1322,8.63826,48.04
29132,3425,3528,3994,3732,3589,4188,5384,4581,3647,4908,8153,5653,3646,4141,5254,4616,6.26958,8.78244,8.57014,48.2927
29133,5705,4730,3731,3304,8869,6179,3901,3296,5932,4744,3691,3292,4098,4044,3482,3188,-5.80101,-20.821,8.97025,48.124
29134,3217,3432,3562,3531,3521,3863,4433,4016,3804,4657,7617,5660,3794,4686,6778,5604,13.7773,9.46798,8.51641,48.1167
29135,3521,3664,3537,3365,3927,4676,4446,3764,4585,7674,5989,3995,4456,5845,5147,3999,11.0137,-3.12369,8.99613,48.3933
29136,6496,6898,4394,3753,6438,7158,4380,3518,4369,4323,3671,3392,3633,3525,3352,3103,-14.6285,-13.4308,8.91244,48.2687
29137,3196,3588,3874,3995,3367,3766,4987,5406,3507,4073,6608,7989,3490,3865,5006,5490,6.69059,17.4473,8.52212,48.138
29138,3139,3298,3456,3419,3278,3513,3874,3959,3470,4018,5349,5554,3540,4723,8808,8913,27.0288,14.9828,8.56521,48.2073
29139,12221,6246,3933,3310,6554,4872,3811,3390,3934,3817,3454,3310,3397,3366,3224,3137,-25.1997,-26.5651,8.78303,47.984
29140,3401,3839,5123,6674,3400,4011,6147,9037,3352,3628,4479,5297,3072,3352,3709,3736,-10.2809,21.0015,8.80118,48.1713
29141,3395,3859,5190,6069,3421,4128,6559,8285,3321,3755,4732,5484,3163,3498,3861,3856,-8.4172,18.7036,8.57038,48.384
29142,3369,3349,3282,3071,3820,3730,3431,3285,5727,5079,3875,3430,10324,8262,4386,3407,29.8138,-18.1805,8.8269,47.8847
29143,6319,7437,4744,3770,5936,6981,4540,3571,4033,4125,3709,3420,3500,3572,3334,3124,-16.0586,-11.4349,8.62392,48.0767
29144,3458,3428,3157,3119,3995,3722,3456,3188,6040,5215,3997,3404,10025,7954,4296,3577,23.9566,-17.752,8.96308,48.0207
29145,3273,3855,4861,5628,3416,4013,6346,8405,3325,3830,4857,5951,3180,3540,3862,4167,-6.23538,19.5935,8.68383,48.3393
29146,3689,4753,9166,8251,3544,4214,5522,5441,3338,3691,3931,3979,3095,3206,3348,3390,-24.291,13.617,8.92633,48.372
29147,12264,6673,3820,3397,6111,4730,3785,3424,3896,3738,3406,3316,3286,3392,3325,3089,-31.03,-25.2308,8.80998,47.768
29148,3721,4330,5583,4961,3732,4787,8182,5872,3646,4057,4896,4396,3365,3557,3726,3679,-8.56806,9.59917,8.51535,48.3267
29149,3096,3464,3757,3832,3378,3767,4598,5389,3384,4006,6415,8580,3417,3956,5255,6185,9.00077,19.7132,8.87338,48.3193
29150,3400,3359,3158,3070,3876,3754,3490,3206,5840,4983,3881,3427,11336,7309,4164,3556,31.9034,-21.0441,8.8427,47.8727
29151,3395,3459,3325,3114,4159,4105,3704,3451,5756,7113,4533,3597,6549,7688,4798,3813,16.6209,-11.5566,8.69124,48.3727
29152,5784,4828,4034,3317,8355,6544,4158,3467,5541,4926,3783,3316,4126,3698,3415,3058,-7.43942,-18.5126,8.64393,48.2333
29153,3950,3780,3459,3194,5293,4933,3887,3360,7943,7112,4086,3441,5675,5118,3860,3453,7.71614,-16.9443,8.86802,48.3627
29154,3528,3896,4615,4096,3753,4674,7133,5275,3666,4603,6636,5101,3431,3806,4168,4000,-1.02125,9.06486,8.82354,48.254
29155,3284,3551,4335,5312,3395,3898,5298,9076,3284,3733,4777,7062,3169,3464,4001,4536,-3.11663,26.468,8.60668,48.1167
29156,3314,3388,3374,3123,3676,3873,3720,3361,4574,5206,4617,3869,6084,9851,6480,4128,27.0989,-6.02789,8.99238,48.4253
29157,3279,3367,3374,3178,3662,3747,3697,3517,4366,5148,4609,3904,5284,9229,7489,4463,28.4033,-3.1112,8.93274,48.2087
29158,3144,3254,3348,3377,3275,3606,3820,3665,3585,4334,5250,4840,3848,5633,10091,6796,29.715,9.15315,8.73932,47.9107
29159,4874,5778,4413,3733,5480,8293,5114,3732,4351,4944,4065,3371,3669,3660,3506,3280,-9.29428,-8.18534,8.9749,48.1753
29160,5834,8588,5880,4060,4910,6200,4728,3810,3787,4093,3691,3357,3310,3505,3190,3295,-19.9581,-6.55471,8.69002,48.1587
29161,3381,3291,3277,3044,3955,3791,3503,3284,5888,5284,3938,3455,10170,7919,4360,3555,25.6614,-18.1623,8.7217,48.0633
29162,5892,5004,3863,3425,8318,6546,4080,3403,5459,4729,3819,3307,3918,3775,3424,3142,-8.03111,-19.1441,8.5673,48.0693
29163,5056,5794,4440,3627,5477,8178,5110,3799,4349,4775,4047,3527,3679,3789,3605,3285,-9.48131,-8.78235,8.72544,48.358
29164,3694,5194,9425,7566,3689,4248,5317,5122,3364,3517,3861,3874,3129,3201,3295,3328,-29.2203,11.7518,8.53127,47.8827
29165,3512,3540,3200,3054,4530,3873,3591,3245,8084,5746,4010,3414,8840,6019,4046,3395,16.2801,-21.5255,8.75788,48.066
29166,3590,5101,9435,7839,3499,4268,5258,5339,3300,3535,3808,3829,3089,3298,3414,3372,-33.9102,12.4739,8.60853,47.9827
29167,3194,3440,3699,4251,3327,3686,4553,6549,3392,3691,5124,9565,3231,3566,4649,5736,5.23765,31.159,8.607,47.7687
29168,4247,3962,3430,3197,6719,4720,3736,3392,9150,5533,3914,3335,5561,4478,3709,3350,4.33605,-24.4469,8.50974,48.2887
29169,3633,4292,5359,4602,3768,5196,8144,5529,3563,4225,5319,4407,3376,3696,3831,3698,-7.12557,8.08987,8.76702,48.4253
29170,3416,3372,3146,3124,4019,3808,3433,3186,5887,4952,3752,3400,12460,6641,3980,3433,29.5764,-24.535,8.73634,48.006
29171,3122,3345,3446,3354,3324,3564,3752,3750,3818,4479,5253,4725,4006,6048,9870,6059,30.6244,7.36177,8.60492,47.9433
29172,3915,4517,4388,3902,4349,6824,6296,4135,4119,5608,5307,3937,3634,3947,3864,3576,-3.34943,-1.07141,8.92278,48.212
29173,3187,3283,3566,3812,3233,3575,4317,5179,3316,3896,5425,9629,3400,3826,5054,7546,11.4237,25.7804,8.67232,48.1627
29174,3184,3532,3870,4119,3267,3555,4459,6373,3468,3718,5140,9901,3269,3655,4537,6174,6.62048,28.6823,8.78196,48.1473
29175,4393,4016,3508,3215,7207,4758,3776,3331,8944,5090,3910,3298,5229,4311,3705,3341,2.85389,-32.6556,8.56391,48.0213
29176,4391,3972,3519,3163,6454,5016,3790,3268,8595,5998,3853,3483,5228,4522,3626,3248,3.81375,-21.2387,8.82583,48.084
29177,3670,4005,4975,4399,3741,5098,7944,5324,3676,4362,5767,4658,3462,3607,3987,3873,-4.89775,7.83504,8.81509,48.3653
29178,4446,7416,8953,5194,3877,4857,5281,4285,3504,3651,3737,3515,3270,3244,3370,3156,-26.756,2.73768,8.83763,47.8373
29179,3301,3457,3317,3125,3744,3765,3627,3478,4648,5301,4406,3840,5938,9991,6531,4047,28.9146,-6.13407,8.97467,48.344
29180,3105,3329,3469,3507,3245,3653,4031,4005,3544,4376,6326,5629,3634,4724,8325,7065,18.8168,12.2606,8.95823,47.978
29181,3360,3948,5833,10830,3404,3808,5030,7540,3229,3445,3842,4199,3179,3256,3387,3505,-19.8479,33.1796,8.67568,47.8633
29182,3867,4058,3622,3254,5146,5838,4093,3429,6244,7694,4585,3622,4834,4832,3867,3457,4.32874,-12.0165,8.93584,48.2947
29183,3154,3399,3479,3655,3272,3552,4182,4832,3322,3922,5339,9247,3285,3821,5321,8576,13.7451,29.237,8.74465,48.2387
29184,12227,6092,3882,3290,6354,4835,3795,3541,3935,3781,3343,3136,3518,3388,3279,3099,-26.4427,-29.1058,8.63052,47.6633
29185,3341,3624,4215,4897,3292,3730,5100,8495,3193,3772,4951,7921,3369,3451,4187,4617,-0.998742,30.8515,8.62234,48.1033
29186,3400,3365,3208,3069,4103,3880,3631,3303,5721,6160,4288,3537,7579,8468,4729,3652,20.4382,-12.9914,8.99064,48.062
29187,8944,5356,3819,3327,9112,5258,3824,3282,4697,4098,3606,3175,3707,3532,3357,3163,-14.6024,-26.6855,8.86579,48.1713
29188,4037,4818,4817,4015,4303,6717,7007,4359,3932,4952,4980,3902,3485,3784,3828,3706,-6.30419,0.414791,8.62213,48.428
29189,3236,3457,4041,4378,3354,3752,4761,7068,3436,3704,4982,9168,3212,3534,4356,5376,3.33266,32.7653,8.54196,47.8767
29190,3867,3983,3565,3300,5201,5814,4023,3493,6049,7735,4465,3581,4718,4989,3831,3539,4.33823,-11.8083,8.77879,48.102
29191,3468,3379,3208,3240,3916,3609,3427,3278,5563,4997,3920,3320,9895,8430,4379,3516,29.8381,-17.0713,8.91075,47.6967
29192,7929,8061,4718,3558,5905,6155,4237,3632,4004,4028,3587,3348,3379,3421,3236,3144,-19.9728,-14.3759,8.58682,48.228
29193,3493,4181,6958,11189,3345,3896,5010,6116,3161,3347,3803,3987,3135,3244,3440,3462,-26.9478,21.5551,8.59798,47.8447
29194,3270,3603,4149,4564,3387,3831,5622,7258,3464,3795,5755,7673,3365,3605,4307,4780,0.601862,20.3552,8.82509,48.2853
29195,3546,3580,3274,3132,3992,4260,3710,3422,5645,6882,4549,3626,6144,7898,4820,3787,16.9334,-10.645,8.79973,48.178
29196,3481,4323,6315,7649,3473,4100,6376,7529,3316,3579,4156,4522,3111,3298,3512,3636,-15.0522,17.6769,8.87251,48.2507
29197,4331,3884,3561,3301,7073,4891,3786,3308,8943,5479,3863,3454,5217,4367,3596,3259,3.18396,-23.4383,8.87628,48.2087
29198,4430,4914,4397,3682,4992,7755,5492,3934,4219,5474,4521,3659,3770,3886,3651,3383,-5.54467,-5.71202,8.65135,48.106
29199,3596,3655,3443,3359,4151,4771,4026,3530,5170,7878,5322,3968,4858,6051,4793,3819,10.9953,-6.7277,8.50378,48.26
29200,3950,4572,4314,3741,4255,6674,6085,4127,4239,5644,5272,3882,3745,3990,3983,3601,-2.71445,-1.18653,8.71598,48.0493
29201,4369,4277,3812,3391,5807,6695,4286,3485,5827,6632,4405,3568,4322,4384,3678,3419,-0.000163697,-12.6165,8.81729,48.238
29202,3343,3459,3304,3073,4084,3947,3518,3323,6294,5605,4025,3482,8848,7805,4391,3562,21.3799,-17.0248,8.56172,48.042
29203,3619,4442,6276,5710,3644,4627,7692,6346,3445,3854,4675,4334,3241,3404,3461,3596,-11.9361,11.629,8.74694,48.244
29204,3389,3931,5087,5993,3471,3993,6630,8486,3295,3733,4748,5447,3082,3392,3745,3907,-8.58935,18.5161,8.85368,48.2193
29205,3177,3461,3879,4117,3449,3558,4902,6500,3376,3818,5732,8819,3269,3662,4560,5649,5.10365,22.0831,8.62591,47.952
29206,5572,4507,3664,3318,9084,5568,3834,3347,6881,4716,3718,3300,4211,3993,3495,3165,-4.32472,-23.0588,8.83283,48.2487
29207,3325,3375,3266,3098,3870,3840,3461,3169,5955,4983,3878,3312,11482,7131,4194,3432,29.6667,-21.6677,8.6092,47.8473
29208,10044,8456,4459,3459,5485,5129,3917,3439,3941,3946,3561,3280,3419,3402,3276,3103,-31.2284,-17.1759,8.84706,48.2107
29209,3225,3192,3517,3414,3347,3429,3752,3831,3364,3714,4746,6001,3457,3973,5840,12174,33.7001,32.6655,8.58504,47.3173
29210,3846,3857,3379,3135,5352,5060,3710,3398,8008,6757,4012,3471,5760,5166,3873,3400,7.4136,-17.6865,8.61655,48.1227
29211,3935,3845,3344,3156,6039,4504,3646,3239,9797,5281,3830,3415,6249,4590,3806,3304,7.24141,-30.3964,8.80814,47.9867
29212,3440,4097,7342,11106,3438,3756,4967,5742,3260,3416,3835,3919,3113,3408,3382,3512,-31.9967,20.4519,8.63266,47.822
29213,3221,3305,3501,3610,3276,3615,4037,4729,3495,3809,5219,8728,3337,3852,5444,8872,15.2326,31.2456,8.50733,48.0333
29214,4523,6860,6820,4469,4435,5919,6057,4211,3628,4070,4040,3605,3337,3429,3387,3410,-16.879,-0.192204,8.78936,48.1333
29215,3238,3415,3485,3355,3878,4262,4172,3709,4607,6791,6288,4259,4513,6205,5951,4291,13.7283,-1.20992,8.93964,48.2793
29216,3284,3235,3402,3473,3189,3546,3875,3770,3259,3817,4984,5953,3392,3946,6858,11629,32.6125,23.0814,8.5844,47.7413
29217,3590,5041,9450,7831,3551,4138,5167,5299,3257,3594,3810,3825,3154,3193,3493,3430,-33.1076,12.6416,8.61186,47.882
29218,4358,6614,9775,5725,3916,4553,5341,4601,3511,3775,3719,3740,3180,3330,3366,3242,-27.3452,5.22833,8.91621,48.4973
29219,3574,4028,4074,3796,3726,5268,6404,4425,3954,5426,6954,4523,3583,4028,4483,3909,1.05349,3.94162,8.94329,48.1033
29220,3073,3294,3327,3422,3359,3489,3829,3934,3342,3875,5038,5714,3312,4177,7649,10997,31.5693,19.9227,8.75585,47.8873
29221,3479,4359,7743,9886,3458,3944,5293,6071,3148,3565,3814,3962,3192,3316,3432,3414,-23.317,18.1716,8.56156,48.0507
29222,3314,3334,3476,3536,3363,3635,4139,3903,3774,4738,6925,5247,3776,5076,8151,6121,17.8967,9.19596,8.74915,48.3387
29223,11494,7097,4096,3413,6078,4988,3939,3380,3925,3821,3500,3261,3448,3168,3253,3128,-27.429,-21.5082,8.85758,47.9927
29224,3222,3595,4276,4798,3318,3939,5417,8175,3368,3793,5440,7689,3222,3563,4166,4535,-0.677084,21.9398,8.90443,48.344
29225,3610,3759,3736,3583,3895,4868,4786,3852,4326,7023,6840,4233,4132,4981,4861,4057,6.94594,-0.305089,8.88722,48.3613
29226,3929,5247,5723,4529,4074,6308,7422,4471,3729,4271,4493,3899,3400,3541,3525,3489,-10.4383,2.22295,8.77026,48.0333
29227,3207,3346,3301,3390,3181,3491,3737,3873,3400,3756,4728,5939,3543,3985,6178,12295,30.7814,33.1435,8.54995,47.5667
29228,3284,3430,3289,3184,3723,3764,3701,3427,4617,5030,4565,3859,6040,9607,6240,4157,31.2744,-6.35766,8.62608,47.9447
29229,3043,3202,3489,3596,3250,3621,4109,4560,3505,3893,5041,8675,3303,3822,5630,9323,15.7595,32.0955,8.75579,48.0413
29230,3152,3183,3370,3343,3111,3442,3899,4116,3333,3872,4899,6224,3356,4034,6647,12127,26.1484,24.83,8.59884,48.072
29231,3377,4125,6816,11424,3334,3840,5001,6298,3251,3592,3839,3888,2990,3226,3380,3403,-25.7752,22.4395,8.56159,47.856
29232,6224,9971,6000,3989,4690,5223,4533,3788,3721,3899,3664,3412,3404,3401,3285,3142,-29.5035,-7.1886,8.74898,48.2307
29233,5203,4731,3857,3340,8006,6209,3948,3479,6072,5252,3748,3302,4256,3984,3436,3297,-4.36463,-18.7619,8.77516,48.08
29234,3255,3528,4058,4613,3319,3645,4891,7675,3319,3859,5001,8732,3330,3595,4200,4948,1.52836,28.1778,8.5484,47.9787
29235,3654,4609,6417,5374,3703,4830,7927,5651,3462,3897,4640,4143,3228,3418,3557,3572,-12.2233,9.11628,8.88797,48.0547
29236,7494,5140,3793,3388,9192,5496,3884,3362,5191,4284,3609,3333,3767,3592,3295,3124,-11.67,-24.3539,8.51342,47.9627
29237,3904,5292,8499,6384,3699,4564,6344,5177,3436,3705,4161,3942,3046,3327,3450,3472,-19.4566,9.45536,8.65657,48.268
29238,3376,3768,5000,7201,3364,3753,5350,9889,3267,3666,4286,5206,3179,3268,3634,3725,-10.6272,33.3855,8.88892,47.9547
29239,5689,7814,5153,3923,5018,6900,4926,3847,4021,4157,3794,3450,3421,3460,3251,3065,-17.116,-7.82447,8.62952,47.926
29240,12618,6116,3924,3401,6227,4983,3692,3350,3866,3793,3365,3232,3327,3393,3235,3136,-28.3569,-27.9194,8.59082,47.772
29241,6291,6321,4382,3509,6890,7260,4207,3720,4398,4637,3771,3374,3617,3607,3361,3175,-12.912,-14.2843,8.67309,48.3467
29242,3248,3598,4308,4881,3312,3805,5207,8351,3383,3757,5154,7606,3444,3577,4316,4717,-0.878582,24.2752,8.58156,48.4427
29243,3438,3328,3271,3107,3950,3833,3501,3292,5814,4918,3894,3335,11613,7031,4120,3343,32.2164,-21.9137,8.50696,47.8587
29244,3504,3633,3443,3253,3999,4442,4023,3561,5373,7684,5056,3906,5192,6516,4882,3685,12.2948,-7.73349,8.51279,48.1013
29245,3036,3299,3420,3390,3222,3491,3907,4118,3422,3954,5036,7226,3411,4062,6051,10670,20.8855,24.8716,8.54324,47.81
29246,3103,3180,3446,3484,3255,3540,4003,4334,3434,3904,5362,7552,3349,4171,6386,9844,18.9639,22.3386,8.62362,48.2313
29247,12567,6018,3947,3473,6054,4693,3744,3440,3929,3771,3344,3369,3362,3288,3210,3117,-30.23,-32.1243,8.73493,47.5507
29248,3313,3543,3594,3422,3651,4125,4526,3936,4041,6087,7329,4605,4195,5325,6040,4512,11.5307,3.02622,8.72359,48.1627
29249,3141,3219,3390,3356,3299,3383,3685,3843,3475,3818,4771,6031,3478,3935,5959,12377,30.5316,30.3916,8.51845,47.44
29250,3956,4756,4475,3988,4435,7015,6380,4173,4049,5180,5085,3930,3671,3941,3840,3636,-5.09099,-0.954336,8.55962,48.34
29251,3469,3995,5724,6055,3530,4244,7254,7322,3426,3840,4535,4721,3253,3382,3710,3768,-10.8456,15.7442,8.63125,48.152
29252,4591,7826,8648,5032,4092,4865,4915,4182,3469,3814,3836,3519,3321,3353,3301,3192,-29.3915,1.51182,8.79228,47.9707
29253,3274,3660,4361,5235,3367,3880,5045,9392,3398,3691,4729,7417,3115,3453,3946,4505,-2.59011,29.1763,8.74944,48.312
29254,4167,4431,4119,3498,4843,7436,5144,3905,4689,6472,4702,3662,3802,4164,3826,3547,-2.07242,-6.36092,8.76703,48.2713
29255,3258,3729,4168,4473,3435,4002,6061,6757,3444,4074,6134,7033,3279,3667,4266,4637,0.509553,17.6365,8.58947,48.278
29256,4062,3813,3505,3150,5924,4466,3699,3313,9941,5201,3846,3287,6220,4716,3687,3322,7.46358,-32.2101,8.98796,48.1013
29257,3463,3776,3659,3588,3809,4513,4895,4082,4090,6148,7444,4619,3913,4693,5229,4276,7.37175,2.48315,8.87464,48.1313
29258,3180,3229,3371,3331,3262,3399,3703,3904,3337,3659,4798,5904,3439,3903,6036,12573,30.7776,33.4978,8.6316,47.352
29259,3613,5103,9331,7334,3659,4339,5706,5285,3386,3552,3992,3794,3167,3253,3405,3344,-24.0721,11.4935,8.54756,48.1753
29260,3400,4326,7465,10898,3323,3902,5103,6194,3184,3522,3870,4059,2946,3221,3371,3393,-24.5048,19.9604,8.89573,48.118
29261,3527,3565,3255,3177,4570,4049,3485,3276,8882,5222,3798,3362,9583,5435,3828,3355,16.0583,-28.4745,8.82859,48.246
29262,3378,3921,5667,9312,3410,3938,5205,8331,3237,3573,4026,4436,3091,3222,3538,3533,-16.3901,26.031,8.57606,47.8787
29263,3720,5151,9499,7817,3648,4147,5183,5088,3220,3569,3881,3748,3028,3322,3445,3335,-30.8637,12.408,8.71562,47.8673
29264,3701,4884,9017,8202,3703,4052,5294,5439,3341,3637,3846,3862,3058,3198,3485,3405,-25.8429,13.4786,8.56997,48.0827
29265,3224,3541,4087,4602,3276,3733,5049,7656,3375,3699,5211,8658,3182,3597,4231,4965,1.6319,25.9023,8.87531,48.0573
29266,3247,3239,3286,3418,3382,3436,3728,3872,3433,3720,4748,5817,3315,3977,6084,12483,28.7469,33.5349,8.87575,47.4567
29267,3870,4345,3940,3563,4580,6508,4970,3863,4753,6924,5249,3816,3916,4400,4071,3552,0.75843,-5.29408,8.77883,48.2133
29268,3594,4848,8768,7949,3541,4265,5775,5573,3297,3619,3937,3882,3114,3312,3438,3428,-22.2272,13.4479,8.96297,48.2267
29269,3881,3867,3421,3331,4723,5058,4040,3398,6535,7894,4490,3609,5159,5508,4127,3441,7.89562,-12.4533,8.54906,48.3213
29270,5637,6757,4715,3760,5759,7557,4679,3688,4246,4387,3781,3469,3483,3501,3469,3169,-13.8025,-10.2531,8.55824,48.038
29271,3658,3477,3278,3054,5044,4210,3642,3158,9370,5650,3810,3294,7907,5303,3886,3217,12.6696,-24.0279,8.92894,47.972
29272,3416,3306,3185,3074,3845,3800,3532,3212,5803,5615,4070,3566,8814,8404,4672,3561,23.0304,-15.5075,8.90881,47.9167
29273,3622,3641,3349,3091,4640,4400,3719,3285,7839,6491,4044,3436,7261,5955,4057,3334,13.2465,-18.1552,8.71092,48.1093
29274,3095,3309,3389,3386,3443,3720,3874,3681,3997,4535,5154,4425,4228,6864,9443,5566,26.9694,4.4199,8.71039,48.0727
29275,8828,5490,3965,3389,8989,5275,3886,3286,4771,4062,3588,3190,3633,3506,3290,3074,-14.5911,-26.9235,8.57143,48.148
29276,3153,3309,3523,3461,3315,3731,4263,4113,3648,4578,6790,5667,3702,4747,7890,6342,16.8744,11.0857,8.77654,48.1547
29277,3342,4036,5803,7496,3428,4061,6232,8138,3277,3604,4363,4763,3139,3331,3525,3557,-13.2916,19.714,8.83934,48.0633
29278,4131,5137,5386,4352,4275,6477,7273,4584,3693,4269,4715,3925,3383,3643,3634,3429,-10.1627,1.91332,8.81064,48.204
29279,4270,4186,3656,3480,5515,6500,4338,3567,5734,6944,4428,3579,4324,4469,3806,3429,0.809545,-11.9755,8.53041,48.15
29280,3150,3222,3399,3376,3199,3487,3784,3884,3393,3771,4644,6031,3416,3858,6187,12540,30.4341,27.6188,8.73038,47.5607
29281,3021,3422,3597,3795,3280,3549,4117,4854,3358,3848,5398,9230,3373,3964,5362,8147,13.2675,24.8645,8.90616,48.21
29282,3234,3432,3733,3681,3578,4224,5095,4234,3893,5342,8354,5215,3702,4353,5477,4705,8.18171,6.6891,8.98211,48.168
29283,11716,6935,4135,3412,6169,4848,3845,3480,4065,3802,3502,3310,3382,3422,3143,3066,-26.8308,-22.807,8.69723,48.1547
29284,3390,4191,6577,9591,3367,3923,5452,7234,3121,3607,3929,4367,3010,3275,3420,3417,-19.2043,21.3001,8.64115,47.914
29285,4872,4624,3702,3341,7244,6577,4214,3587,6056,5569,3908,3393,4297,4085,3664,3162,-3.07336,-16.6803,8.58749,48.1967
29286,3393,3442,3329,3044,3951,3924,3601,3310,5570,5502,4085,3561,8789,8635,4601,3573,24.6888,-15.0669,8.75242,48.2067
29287,3324,3967,5594,7375,3428,3892,6011,8594,3283,3666,4264,4857,3071,3389,3690,3735,-12.4673,20.722,8.74503,48.0933
29288,3315,3502,3498,3174,3938,4218,3719,3542,5070,7078,5066,3761,5519,7595,5399,3982,16.4412,-6.96937,8.55616,48.2507
29289,3484,4138,6603,6971,3583,4248,6711,7085,3260,3543,4337,4474,3306,3428,3603,3555,-14.6745,15.9251,8.90016,48.2193
29290,9608,7319,4306,3486,6513,5481,4055,3486,4206,3928,3519,3270,3443,3517,3198,3007,-21.3613,-18.9071,8.66607,48.228
29291,3133,3699,4388,5252,3357,3745,5263,8948,3329,3743,4782,7288,3148,3382,4095,4317,-2.73761,25.3079,8.87041,47.9127
29292,5859,4560,3469,3304,9634,5369,3804,3318,6716,4600,3706,3246,4203,3884,3331,3128,-5.02278,-27.2848,8.91157,48.0873
29293,4215,5186,4839,4058,4529,7335,6433,4087,4028,4821,4475,3661,3611,3772,3672,3501,-7.80808,-1.90357,8.79253,48.1487
29294,3049,3236,3478,3480,3301,3441,4034,4364,3372,3994,5329,7698,3406,4099,6378,9936,18.6607,22.3845,8.81316,48.3967
29295,3104,3254,3399,3443,3272,3476,3858,4151,3358,3851,5110,7653,3419,3887,6117,10333,19.5296,24.5126,8.59972,47.79
29296,3964,4912,5393,4229,4019,5991,7623,4873,3774,4428,4908,3895,3392,3573,3750,3486,-8.5675,3.24282,8.62854,48.14
29297,3386,3667,4631,6235,3445,3770,5337,10044,3198,3668,4413,5992,3145,3419,3735,3998,-7.19602,32.2736,8.90617,48.0553
29298,3310,3553,4305,4895,3427,3828,5680,8006,3247,3842,5411,7349,3174,3551,4204,4609,-1.0317,21.0343,8.99653,48.2607
29299,3535,3522,3202,3049,4474,4178,3565,3303,7761,5884,3896,3437,8293,6094,4275,3484,15.8508,-19.8374,8.76389,47.968
29300,7240,4919,3871,3367,9810,5266,3841,3348,5459,4335,3558,3227,3717,3770,3284,3149,-10.6301,-27.2983,8.78192,48.1073
29301,3102,3277,3406,3469,3197,3381,3824,4050,3316,3834,4774,6011,3378,3799,6209,12716,29.1569,29.5814,8.67711,47.8287
29302,3073,3290,3625,3829,3365,3656,4347,5568,3342,3709,5446,9883,3319,3824,5008,7141,9.91985,26.0588,8.87739,48.2833
29303,3513,3428,3234,3172,4719,4074,3593,3320,8991,5070,3855,3507,8984,5441,3807,3511,14.953,-32.6023,8.8471,48.146
29304,3414,3527,3398,3207,3820,3955,3904,3462,4767,6727,5077,3932,5337,8127,5890,4225,18.1628,-5.47815,8.82035,48.5127
29305,3546,3733,3874,3583,3965,5136,5359,4086,4175,6500,6841,4330,3813,4531,4590,3922,4.38563,0.755873,8.80022,47.9893
29306,8254,9336,4953,3650,5302,5191,4176,3621,3847,3841,3636,3358,3345,3340,3254,3182,-30.2907,-13.2982,8.94457,48.1907
29307,11388,5883,3929,3384,7210,5034,3724,3361,4149,3895,3415,3249,3377,3405,3296,3113,-21.207,-31.0795,8.615,47.8747
29308,3133,3225,3576,3767,3146,3708,4324,4657,3415,4105,6404,8095,3464,4068,5845,7263,12.3398,18.4291,8.96319,48.13
29309,4075,3859,3395,3240,6358,4615,3649,3284,9605,5161,3780,3345,5857,4611,3673,3267,5.68153,-32.3249,8.5909,47.8493
29310,12672,6017,3998,3384,6062,4762,3770,3335,4008,3787,3366,3210,3344,3423,3233,3070,-28.0048,-28.3767,8.85699,47.6273
29311,6795,5097,3732,3296,9455,5820,4011,3325,5366,4469,3662,3282,3699,3713,3347,3067,-9.70518,-23.4169,8.57161,48.0907
29312,3438,3579,3789,3644,3495,4264,5365,4359,3930,5478,8154,4983,3611,4506,5278,4490,7.08734,6.23255,8.91805,48.242
29313,3264,3413,3639,3573,3456,4133,4625,4249,3817,5186,8053,5465,3680,4613,6010,4946,10.7387,7.93352,8.74519,48.0813
29314,3082,3481,3746,3946,3302,3715,4596,5798,3359,3929,5884,9342,3295,3825,4744,5966,7.09285,22.1814,8.86526,48.0067
29315,8949,9213,4689,3499,5306,5068,4084,3399,3828,3838,3500,3390,3353,3403,3351,3100,-31.982,-14.4917,8.93132,47.98
29316,3757,5254,9618,7075,3613,4287,5525,5061,3378,3600,3825,3823,3091,3274,3380,3330,-25.8197,10.1032,8.74015,47.9273
29317,3699,4073,4079,3776,4069,5768,6230,4355,4041,5945,6428,4216,3621,4088,4294,3868,0.271268,1.26523,8.97451,48.3667
29318,3128,3294,3552,3413,3206,3459,3933,4122,3337,3916,5241,7428,3418,4029,6086,10289,19.1219,23.7191,8.54245,47.9007
29319,8033,9539,4806,3697,5319,5245,4170,3534,3839,3947,3541,3321,3361,3427,3285,3186,-31.703,-12.9152,8.56562,48.1667
29320,3385,3592,3863,3654,3633,4503,5238,4211,3990,5814,7782,4796,3796,4558,5162,4270,7.11779,4.30588,8.60923,48.1647
29321,8348,6595,4107,3533,7470,5969,4009,3487,4449,4032,3591,3320,3575,3409,3365,3133,-16.6519,-19.0306,8.74181,48.2613
29322,5653,9475,6583,4250,4377,5262,4722,3836,3555,3794,3728,3378,3242,3351,3324,3203,-27.3022,-4.83377,8.76287,47.822
29323,3230,3369,3421,3284,3640,3882,4031,3714,4049,5670,6228,4628,4219,6407,7446,4899,17.8741,2.44257,8.61361,48.078
29324,3407,3941,5959,12721,3508,3679,4711,5932,3230,3462,3714,3883,3169,3318,3494,3372,-30.5516,31.0571,8.8914,47.6667
29325,3360,3627,3875,3805,3609,4132,5370,4648,3623,4705,7933,5877,3520,4126,5112,4766,6.39123,10.1489,8.77845,48.0587
29326,4027,4408,3990,3475,4799,7073,4952,3737,4816,6723,4879,3584,4005,4342,3873,3514,-1.00928,-6.47152,8.99792,48.1313
29327,3387,3639,4201,3963,3558,4396,6232,5085,3631,4554,7418,5636,3443,3912,4713,4404,2.53899,10.3946,8.62506,48.1147
29328,3787,3831,3625,3245,4646,4846,3906,3451,6497,7980,4627,3693,5341,5584,4101,3564,8.83638,-12.2433,8.8181,48.4827
29329,3356,3609,4051,4107,3473,4080,5722,5520,3478,4369,7240,6799,3305,3772,4675,4711,3.59408,14.2019,8.52298,48.178
29330,3602,3586,3276,2990,4505,4124,3627,3338,7691,6076,4040,3404,7700,6198,4014,3334,14.7761,-18.6291,8.67761,47.67
29331,6394,9846,6166,4120,4612,5311,4531,3797,3688,3749,3540,3422,3310,3398,3297,3137,-27.8112,-6.9393,8.68962,48.212
29332,4250,5166,4746,3834,4710,7674,6191,3953,4116,5053,4477,3713,3604,3734,3647,3470,-7.24483,-3.36354,8.91051,48.2253
29333,3127,3399,3767,3755,3335,3728,4749,4920,3440,4273,7141,7419,3441,4063,5532,5793,9.5227,15.5027,8.86108,47.9213
29334,10272,7799,4218,3488,6066,5053,3989,3488,3933,3916,3460,3242,3412,3369,3290,3093,-25.4686,-19.0971,8.66007,48.0587
29335,3709,4616,7371,6572,3712,4313,6926,6174,3373,3647,4195,4225,3126,3313,3501,3532,-15.9351,12.6397,8.86331,48.2033
29336,8139,8627,4768,3699,5732,5719,4099,3628,3767,3844,3626,3322,3314,3444,3208,3157,-22.8783,-14.0749,8.54238,48.062
29337,3319,3688,4650,5217,3317,4029,6269,7932,3345,3911,5245,6182,3243,3486,3971,4188,-4.21004,18.5663,8.54307,47.9947
29338,3586,4745,8989,8868,3551,4096,5241,5331,3260,3600,3880,3846,3209,3217,3352,3373,-26.0063,14.6312,8.91755,48.096
29339,3381,4233,8046,10437,3468,4008,5113,5707,3233,3438,3841,3902,3085,3257,3505,3323,-33.0572,18.4516,8.88839,47.9847
29340,4817,8262,7898,4780,4287,5072,5059,4070,3635,3771,3858,3563,3230,3317,3347,3262,-26.4481,-0.62242,8.95691,48.152
29341,7765,9737,5054,3628,5191,5104,4115,3569,3697,3798,3573,3338,3331,3396,3346,3219,-32.7076,-11.8058,8.75648,47.9073
29342,3317,3375,4002,4474,3383,3660,4866,7534,3388,3799,5038,8718,3239,3611,4327,5134,1.84458,32.5762,8.58552,47.91
29343,3394,3879,5143,6070,3367,4006,6484,8823,3254,3664,4573,5515,3206,3435,3942,3842,-7.68828,19.7452,8.96559,48.398
29344,4025,3813,3383,3158,5820,4454,3708,3247,9497,5714,3890,3386,6294,4844,3803,3290,7.79798,-23.5401,8.75479,48.2173
29345,3284,3474,3214,3261,3910,4000,3603,3337,5148,6108,4428,3619,6510,9051,5359,3826,20.7182,-9.4608,8.93867,48.088
29346,3809,4399,4448,3871,4176,6522,6587,4325,4053,5496,5696,4070,3592,4027,3961,3637,-3.02474,0.283717,8.72417,48.446
29347,12020,6658,3969,3400,6223,4909,3902,3347,3992,3773,3483,3239,3470,3321,3262,3121,-27.5896,-23.408,8.98402,48.0593
29348,3446,4025,6320,12210,3412,3645,4780,6661,3305,3431,3791,4056,2997,3168,3376,3350,-24.0456,26.3675,8.98258,47.982
29349,5865,4733,3720,3378,8941,5747,3868,3299,6109,4748,3830,3306,4164,3968,3347,3262,-5.88209,-21.7639,8.62145,48.19
29350,3197,3406,3346,3302,3627,3899,3771,3494,4418,5047,4704,4083,5067,8683,7902,4552,30.3503,-1.49898,8.70681,48.332
29351,3591,3453,3279,3036,4533,4002,3517,3220,8517,5259,3888,3346,9339,5441,3914,3453,16.3322,-26.7413,8.68271,47.8587
29352,10232,6142,3961,3351,8001,5357,3865,3483,4324,3954,3415,3137,3442,3368,3323,3079,-18.4665,-23.7604,8.94801,48.2893
29353,3493,3570,3326,3168,4404,4337,3707,3438,6736,6977,4453,3580,6515,6698,4444,3549,13.7475,-14.4664,8.54579,48.2633
29354,3719,3634,3467,3151,4820,4550,3773,3320,7505,7231,4294,3512,6046,5750,3980,3490,10.6903,-16.1352,8.72716,48.1613
29355,12336,5825,3929,3443,6010,4814,3823,3437,3944,3724,3433,3350,3417,3446,3326,3217,-32.9666,-31.1807,8.53918,47.6493
29356,3253,3332,3275,3188,4001,3778,3450,3259,5730,4613,3692,3386,12738,6089,3824,3410,30.2727,-32.8262,8.92976,47.3453
29357,3109,3281,3430,3369,3221,3394,3818,3879,3314,3790,4692,6085,3398,3912,5732,12607,32.864,31.7612,8.88906,47.354
29358,3850,5213,8721,6598,3699,4491,6148,5314,3408,3711,4060,3926,3276,3287,3419,3327,-20.3513,10.1921,8.57292,48.2987
29359,3188,3282,3413,3334,3310,3476,3860,3886,3526,4093,4977,5474,3564,4441,8500,9577,29.0913,16.4815,8.57706,47.934
29360,3691,3623,3409,3204,4595,4411,3789,3350,6897,7341,4299,3470,6098,6222,4280,3576,12.2873,-14.38,8.69237,48.17
29361,3078,3230,3577,3470,3323,3769,4254,4173,3558,4293,6488,6161,3523,4665,7446,7027,17.0474,13.5062,8.58411,48.0233
29362,7276,8369,4832,3673,5699,6066,4380,3571,4108,4024,3609,3289,3393,3346,3304,3140,-19.9972,-12.1861,8.65211,48.0527
29363,3306,3936,6444,11500,3403,3828,4977,6852,3163,3454,3815,3959,3086,3259,3436,3460,-22.73,24.2712,8.96604,47.9187
29364,3142,3583,3854,3824,3500,4047,5088,4885,3572,4551,7630,6607,3580,4024,5415,5232,7.71645,12.8862,8.5989,48.356
29365,3234,3472,3381,3365,3723,4027,3878,3567,4400,5991,5433,4125,4810,7719,6861,4467,19.6536,-1.58209,8.58241,48.302
29366,3259,3238,3372,3209,3127,3387,3754,3812,3467,3832,4778,6054,3495,3982,6098,12804,27.5448,33.461,8.8212,47.7787
29367,3383,3522,3279,3155,3982,4072,3620,3276,5666,5835,4219,3586,7891,8373,4680,3623,21.5468,-13.6281,8.50784,48.108
29368,3077,3292,3640,3677,3251,3496,4049,4844,3439,3674,5255,9458,3428,3760,5353,8351,13.4146,30.3465,8.9729,48.0293
29369,3124,3334,3569,3568,3311,3757,4383,4166,3664,4487,7107,6291,3549,4526,7216,6581,15.4807,12.809,8.61709,48.422
29370,3459,4420,7890,10143,3453,4057,5176,5739,3327,3555,3946,3885,3156,3287,3450,3390,-25.9036,17.9963,8.63131,48.222
29371,3170,3418,3326,3393,3295,3561,3867,3916,3482,3900,4944,5592,3530,4359,8588,9838,29.3037,17.0666,8.63031,48.1193
29372,3150,3268,3317,3382,3261,3458,3769,3950,3385,3815,4647,6128,3301,3849,6391,12635,30.1626,26.0063,8.95195,47.804
29373,3677,3785,3422,3172,4330,4639,3815,3328,5980,7885,4675,3686,5565,6338,4477,3666,11.2918,-10.4357,8.64331,48.2933
29374,3175,3400,3604,3457,3476,3989,4385,3868,3797,5159,7506,5177,3857,5177,7241,5311,14.8762,6.89462,8.82747,48.386
29375,3032,3216,3452,3323,3246,3476,3934,4200,3406,3882,5104,6897,3446,4043,6490,10879,21.678,22.9371,8.69747,48.0173
29376,3470,3411,3335,3092,4044,4183,3647,3377,5822,6619,4445,3630,6823,7952,4778,3782,17.9748,-12.0095,8.64393,48.2733
29377,3681,4232,5880,5357,3586,4660,8046,6307,3383,3932,4766,4548,3158,3402,3707,3617,-9.5796,11.5605,8.97455,48.1747
29378,3405,3921,6212,12534,3446,3681,4710,6121,3150,3547,3727,3841,3148,3221,3358,3453,-28.6899,28.7418,8.75977,47.65
29379,3068,3085,3439,3377,3289,3508,3892,4198,3539,4052,5439,6351,3464,4376,7760,9349,21.7147,17.6809,8.78737,48.124
29380,3813,4537,4916,4009,4133,6425,7255,4455,3850,4845,5290,4040,3469,3781,3927,3621,-5.66322,1.76583,8.88122,48.244
29381,3169,3293,3419,3203,3395,3651,3899,3659,3867,4628,5377,4505,4194,6538,9588,5839,26.9112,5.68843,8.69554,48.1493
29382,3393,3380,3215,3044,4043,3800,3487,3201,6524,4925,3901,3407,11958,6542,4022,3336,24.6673,-24.6933,8.95183,48.1187
29383,3660,5136,9734,7671,3524,4125,5167,5159,3230,3607,3864,3793,3082,3210,3359,3289,-32.3364,11.9461,8.68253,47.74
29384,3379,3825,4900,6672,3417,3864,5139,9881,3239,3613,4372,5786,3144,3373,3735,3881,-8.76136,30.1824,8.80683,48.1467
29385,3630,3511,3364,3164,4723,4462,3773,3296,7881,6457,4067,3443,7196,5931,4059,3366,12.8288,-18.1607,8.50802,48.2153
29386,3280,3483,3470,3308,3781,4081,4002,3588,4466,6437,5854,4139,4621,7277,6366,4355,16.9503,-1.93091,8.88603,48.3387
29387,5660,7065,4788,3697,5771,7424,4849,3676,4163,4336,3821,3412,3409,3514,3419,3169,-14.5141,-9.82772,8.757,48.1153
29388,3483,3675,3497,3365,3928,4457,4251,3610,4708,7370,5801,4048,4563,6333,5281,4101,12.4617,-3.5779,8.54591,48.314
29389,3357,3281,3111,2997,3866,3933,3451,3345,6689,4723,3752,3485,12341,5950,3829,3380,23.7115,-32.8577,8.9904,47.66
29390,6517,5829,4044,3529,7742,6791,4334,3536,4912,4448,3703,3379,3765,3641,3435,3087,-11.2324,-17.1674,8.65408,48.4613
29391,3159,3280,3314,3232,3378,3699,3791,3599,3895,4634,5388,4550,4239,6568,9575,5782,26.2281,5.17731,8.5941,48.0553
29392,7657,9029,4968,3653,5511,5723,4267,3673,3811,3864,3692,3341,3256,3446,3276,3096,-23.1102,-12.5187,8.65849,48.1753
29393,3740,3606,3442,3089,4493,4700,3861,3431,6545,7729,4522,3583,5706,5957,4287,3575,10.8484,-12.6755,8.52495,48.1773
29394,12398,6237,3889,3349,6038,4760,3741,3356,3888,3752,3473,3249,3368,3482,3200,3103,-33.1961,-26.3851,8.84,47.522
29395,3618,3796,3545,3413,4122,5030,4606,3746,4781,7869,5999,4001,4399,5323,4706,3787,7.3716,-3.87893,8.72174,48.494
29396,3048,3083,3404,3356,3258,3612,3700,3839,3511,4137,5381,5349,3665,4840,9161,8448,26.7525,13.9991,8.72998,47.8613
29397,3621,3579,3264,3069,4716,4172,3531,3199,8931,5106,3852,3230,8868,5307,3908,3352,14.3735,-30.4433,8.63256,47.8033
29398,4350,3961,3523,3166,6609,5066,3760,3385,8580,5921,3956,3354,5158,4397,3630,3247,3.76446,-21.1126,8.81666,48.042
29399,3365,3327,3366,3063,4107,3871,3441,3168,6920,5376,3935,3300,10429,6864,4209,3361,20.9534,-20.9536,8.81598,48.068
29400,4313,6882,8788,5219,3983,4941,5594,4434,3535,3753,3846,3682,3324,3292,3389,3297,-22.3615,3.41716,8.84373,48.1813
29401,3320,3953,5378,6705,3502,4145,6518,8275,3249,3660,4449,5076,3216,3366,3580,3717,-10.7799,18.9977,8.59689,48.0727
29402,3025,3229,3411,3511,3226,3628,3830,4065,3433,3887,5180,6314,3470,4176,7468,10570,23.4967,20.0668,8.95679,48.282
29403,3292,3423,3845,3899,3477,3961,5163,5335,3472,4202,7578,7027,3457,3945,5035,5223,6.34024,14.5943,8.89611,48.2227
29404,3259,3287,3438,3390,3563,3970,4200,3777,4009,5675,6928,4753,4192,6013,7308,4921,16.1605,3.75191,8.98519,48.4553
29405,3073,3255,3553,3526,3287,3511,3971,4477,3433,3773,5089,8072,3425,3882,5558,10101,17.6677,31.4871,8.55161,47.9907
29406,3269,3351,3327,3233,3619,3793,3608,3476,4480,5483,4832,3990,5306,9002,6881,4379,24.1226,-3.58968,8.55262,48.0193
29407,3427,4150,7697,11091,3449,3854,4987,5709,3266,3513,3904,3815,3046,3301,3382,3347,-29.4173,19.7972,8.69448,47.9587
29408,5903,4906,3818,3371,8357,6264,4015,3448,5604,4780,3729,3378,4010,3843,3519,3236,-7.32818,-19.5441,8.5019,48.1207
29409,4821,8332,8115,4718,4164,4934,5066,4086,3654,3782,3771,3563,3243,3370,3293,3230,-28.6081,-0.153859,8.82603,48.0947
29410,3291,3698,4602,5837,3405,4049,5924,8986,3349,3679,4786,6256,3128,3492,3890,4123,-5.42612,21.9516,8.6234,48.33
29411,11422,5854,3889,3318,7262,4890,3710,3503,4166,3842,3504,3266,3349,3351,3279,3129,-21.1133,-30.4703,8.74962,47.8227
29412,3448,3355,3212,3113,4282,3888,3536,3252,8142,5128,3827,3369,10263,5594,3903,3400,18.2443,-33.1921,8.82386,47.808
29413,9059,8889,4573,3470,5433,5202,4068,3440,3732,3840,3501,3297,3320,3464,3231,3149,-33.7379,-15.3716,8.97589,47.7787
29414,3656,4536,7465,6461,3652,4377,6882,6114,3366,3568,4292,4212,3134,3394,3568,3540,-15.9567,12.3124,8.7431,48.1447
29415,3372,3345,3309,3058,3766,3881,3685,3535,4592,5463,4661,3787,5921,9451,6322,4153,24.4505,-5.80334,8.65951,48.2007
29416,3451,3400,3244,3168,3941,4103,3628,3346,5544,6787,4455,3693,6465,8082,4890,3854,17.8953,-11.0742,8.89693,48.034
29417,3444,3335,3233,3124,3926,3776,3443,3205,6085,4699,3635,3415,13017,5771,3885,3380,32.8478,-28.7607,8.94531,47.582
29418,3310,3642,3982,3831,3587,4305,5903,5029,3609,4765,7853,5788,3426,4067,4879,4538,4.21953,10.148,8.75802,48.3427
29419,3171,3236,3441,3405,3219,3372,3783,4042,3328,3609,4788,6076,3382,3863,5991,12573,33.9522,27.2314,8.88595,47.5193
29420,3364,3951,5578,8970,3336,3899,5491,8474,3208,3578,4140,4522,3084,3201,3455,3608,-15.6272,23.9198,8.9202,47.906
29421,3242,3737,4569,5247,3369,3992,5756,8398,3265,3840,5134,6635,3377,3611,4037,4349,-3.64797,21.1554,8.61656,48.372
29422,3328,3866,5243,8178,3473,3803,5239,9154,3324,3417,4141,4919,3183,3294,3621,3656,-13.686,29.1961,8.62064,47.8927
29423,3182,3257,3389,3430,3312,3426,3844,3820,3363,3950,5082,5762,3490,4317,8011,10272,30.4249,18.5473,8.57599,47.938
29424,3300,3377,3390,3253,3539,3854,3875,3515,4426,5532,5478,4079,4840,7769,7395,4698,21.0503,-0.729031,8.91914,48.2133
29425,3127,3215,3570,3542,3340,3721,4240,4268,3613,4292,6737,6486,3561,4490,6970,7031,16.2279,14.4029,8.54266,48.1353
29426,3328,3590,3847,3788,3416,4048,5291,4781,3630,4821,8110,5947,3587,4312,5389,4858,7.39403,10.3648,8.68526,48.4953
29427,8003,5367,3835,3307,9314,5579,3824,3361,5001,4146,3528,3217,3666,3620,3215,3033,-12.7455,-24.9472,8.8774,48.0107
29428,3344,3938,5901,11704,3539,3832,4885,6915,3312,3480,3808,4056,3078,3087,3433,3469,-22.0614,33.7242,8.84107,47.854
29429,3454,3445,3256,3057,3908,3960,3612,3250,5354,5770,4284,3490,7339,9035,5211,3820,22.1784,-11.7397,8.92201,48.1633
29430,5495,9482,6637,4103,4460,5180,4699,3956,3645,3844,3848,3445,3350,3389,3242,3101,-33.4258,-4.62045,8.64209,47.9173
29431,3083,3378,3348,3372,3444,3754,3975,3878,3714,4370,6258,5389,3760,5028,8742,6731,19.9607,10.7128,8.94073,48.1493
29432,3457,3665,3515,3413,3786,4512,4656,3718,4330,7182,6842,4248,4204,5227,5144,4038,9.11125,-0.512386,8.97178,47.958
29433,3082,3246,3398,3397,3208,3467,4047,4437,3412,3854,5103,8097,3410,3941,5583,10238,17.7783,29.3535,8.72814,47.9467
29434,3707,3650,3330,3133,5068,4341,3605,3202,8919,6135,4019,3396,7198,5477,3792,3428,11.4748,-21.474,8.89596,48.2667
29435,6936,4936,3776,3324,10029,5237,3828,3467,5579,4206,3582,3267,3751,3648,3320,3216,-9.72486,-28.6579,8.6828,48.068
29436,11496,7078,4133,3403,6265,4796,3891,3262,3944,3912,3436,3314,3397,3379,3164,3128,-26.1614,-22.6374,8.63228,47.9987
29437,8483,5299,3949,3393,9184,5143,3895,3346,4633,4093,3636,3368,3630,3481,3260,3061,-14.1673,-33.5523,8.67982,47.9027
29438,3405,3990,5659,10314,3343,3868,4991,8027,3147,3508,3877,4295,3175,3286,3557,3571,-18.3464,32.8316,8.80394,48.0087
29439,4440,7069,9002,5347,4051,5045,5580,4384,3473,3677,3827,3581,3121,3346,3296,3320,-24.2055,3.22085,8.84821,48.3727
29440,2882,3248,3424,3553,3233,3569,3754,4094,3473,3878,5016,6486,3410,4087,6895,10884,23.9214,22.2742,8.62097,47.924
29441,3311,4055,6557,10981,3431,3816,5199,6852,3251,3470,3917,4165,3025,3226,3380,3492,-21.9805,23.1896,8.59241,48.0853
29442,3753,4212,4358,3799,4069,5870,6561,4500,4014,5379,6183,4315,3568,3978,4095,3755,-1.39929,2.16736,8.87354,48.2727
29443,6177,9649,6193,4006,4675,5177,4460,3813,3723,3830,3771,3479,3283,3451,3369,3179,-31.7788,-6.95039,8.51937,48.1567
29444,3792,3696,3399,3190,4807,4724,3708,3421,7240,7506,4399,3473,5686,5496,4090,3540,9.48866,-14.9719,8.92389,48.1113
29445,3518,3425,3290,3163,4176,3875,3561,3205,7283,4760,3781,3412,11165,5819,4020,3391,20.7969,-28.5134,8.64346,47.896
29446,3399,3998,6449,10677,3366,3985,5107,7076,3273,3408,3839,4221,3126,3258,3394,3425,-20.8723,22.5569,8.78913,48.0007
29447,3432,3398,3284,3243,4093,4074,3677,3275,6120,6061,4333,3625,7862,7972,4717,3492,19.6142,-14.9348,8.60721,48.4387
29448,10539,7564,4359,3455,6029,5192,3907,3437,3910,3924,3529,3267,3258,3447,3239,3194,-25.2631,-19.2518,8.56765,48.1667
29449,4218,6164,9011,5617,3848,4928,5988,4720,3508,3658,3995,3721,3169,3296,3385,3301,-21.7335,5.4778,8.66307,48.3513
29450,3402,3990,6269,7099,3432,4168,6560,7535,3267,3703,4263,4693,3056,3330,3619,3559,-13.8152,17.4384,8.93045,47.9633
29451,3354,3384,3316,3108,4119,4010,3553,3228,6291,5774,4062,3498,8629,7815,4537,3478,20.4791,-16.538,8.89832,48.104
29452,8293,8269,4511,3600,6005,5841,4312,3506,4027,4008,3664,3327,3361,3512,3381,3059,-20.855,-15.2803,8.57533,48.4507
29453,3194,3275,3570,3522,3390,3730,4327,4420,3662,4360,7124,6617,3576,4441,6764,6472,13.8635,13.7644,8.68088,48.296
29454,3531,4071,5771,7058,3512,4070,6453,8152,3291,3641,4386,4774,3039,3281,3590,3706,-12.6251,18.6071,8.70636,48.2173
29455,3854,3548,3328,3216,4817,4289,3575,3243,8642,6074,3898,3423,7512,5557,3817,3285,12.5674,-21.2386,8.6081,48.052
29456,3218,3386,3806,4076,3186,3647,4421,6131,3439,3812,5176,9989,3311,3634,4668,6272,6.52154,30.1978,8.79181,48.1147
29457,4745,4114,3610,3210,7943,5114,3787,3406,8381,5134,3755,3295,4829,4091,3550,3377,0.483899,-25.7841,8.68551,48.2273
29458,3624,3753,3561,3360,4181,5030,4192,3654,5117,8210,5501,3811,4617,5556,4631,3794,8.68351,-6.14615,8.91828,48.3947
29459,3232,3526,3687,3435,3569,4012,4659,4139,3851,5513,7797,5316,3840,4803,6276,4795,11.3795,6.24311,8.61868,48.3
29460,3414,3420,3191,3063,4002,3750,3459,3242,6009,4925,3951,3327,11979,6724,3927,3384,28.9588,-24.1095,8.55601,47.8447
29461,3089,3181,3403,3389,3292,3557,3879,3968,3532,3972,5438,5906,3448,4346,8167,9782,24.4334,17.4403,8.82654,48.2327
29462,5778,4781,3831,3290,8938,6195,3954,3395,5789,4653,3685,3219,4115,3973,3392,3177,-6.87971,-20.5302,8.96506,48.11
29463,8723,6468,4128,3531,7408,5733,3865,3402,4227,4132,3597,3310,3484,3582,3320,3139,-17.0314,-19.7388,8.69373,48.0327
29464,6409,9866,5955,3954,4877,5432,4568,3838,3700,3817,3489,3282,3277,3370,3369,3131,-26.8801,-8.20564,8.84934,48.2227
29465,4618,5805,4787,3908,4972,7994,5543,4093,3994,4817,4121,3699,3397,3623,3596,3231,-10.0399,-5.45912,8.80901,48.132
29466,3966,4981,5558,4468,4073,6273,7756,4708,3733,4396,4677,3963,3408,3657,3702,3491,-8.99467,2.82505,8.92707,48.54
29467,3747,4381,4232,3716,4477,6452,5746,4057,4306,6053,5528,4165,3784,4121,4035,3772,-1.23784,-1.44894,8.65075,48.3813
29468,3333,3730,3796,3534,3801,4656,5009,4159,4065,6272,7492,4523,3908,4695,4978,4291,7.21632,2.53541,8.87997,48.1613
29469,3333,3338,3907,4562,3286,3728,4812,7648,3328,3723,4986,8933,3244,3597,4372,5263,2.25856,28.3574,8.78741,48.04
29470,3191,3428,3736,4098,3289,3783,4447,6223,3346,3835,5209,9790,3220,3610,4567,5970,6.47724,32.0262,8.73403,47.828
29471,3337,3962,5901,11581,3387,3746,4894,7047,3175,3374,3934,4136,3064,3219,3491,3404,-21.6926,28.7635,8.69937,47.768
29472,3327,3416,3619,3543,3500,3785,4655,4467,3589,4449,7415,6412,3598,4337,6126,5768,11.411,12.7515,8.50584,48.004
29473,3485,4481,8772,9579,3475,4021,5216,5437,3232,3572,3878,3819,3101,3282,3397,3399,-28.8806,15.8637,8.97825,48.0973
29474,3353,4283,7985,10289,3342,3969,5096,5759,3298,3518,3868,3938,3128,3368,3371,3428,-33.6457,18.0945,8.78742,47.9953
29475,3100,3212,3378,3493,3193,3442,3960,4035,3474,3960,5178,6735,3387,4168,6845,10588,22.1423,21.259,8.58484,48.0987
29476,3574,4325,8042,10180,3422,3866,5152,5823,3265,3493,3860,3932,3052,3286,3317,3275,-28.3507,18.1488,8.70107,47.9093
29477,6434,10068,5681,3991,4646,5221,4336,3871,3757,3721,3576,3432,3310,3400,3308,3049,-31.6003,-8.06921,8.8889,47.8673
29478,12154,5819,3997,3343,6899,4802,3812,3370,3978,3695,3453,3205,3430,3403,3094,3128,-23.5323,-30.6316,8.99914,47.7213
29479,5560,4392,3745,3146,9259,5225,3717,3340,6977,4646,3723,3384,4365,3962,3531,3162,-3.97768,-27.5714,8.70488,48.0893
29480,3348,3420,3254,3075,4028,3659,3455,3242,6623,4791,3706,3375,12197,6155,4045,3486,24.7146,-27.1332,8.63217,47.906
29481,11613,5920,3806,3402,7125,4999,3796,3437,4083,3819,3386,3231,3333,3365,3224,3189,-21.3255,-33.1856,8.87801,47.8187
29482,3369,3958,6044,11748,3302,3791,4953,6878,3188,3470,3882,4029,3102,3156,3349,3535,-22.4337,27.7174,8.75839,47.836
29483,5530,5003,3789,3347,8013,6688,4121,3416,5459,4950,3756,3356,3955,3985,3471,3172,-6.6603,-17.9463,8.50096,48.0073
29484,3448,3956,6583,12110,3291,3864,4919,5900,3314,3455,3881,3894,3233,3219,3284,3402,-33.4344,23.8075,8.70279,47.8353
29485,4170,5649,6844,4768,4033,5739,7059,4627,3710,4067,4329,3819,3205,3322,3547,3420,-14.7152,3.53442,8.60851,48.2053
29486,3346,4109,7018,11524,3496,3863,4923,5940,3323,3479,3789,3883,3114,3276,3446,3351,-29.4559,22.1263,8.50489,47.92
29487,3397,4261,7622,10809,3385,3949,5163,5995,3204,3520,3786,4000,3080,3201,3270,3409,-26.2312,19.6019,8.9916,48.034
29488,3276,3258,3200,3204,3672,3766,3581,3505,4536,5379,4668,3843,5589,9657,6685,4247,25.4687,-4.81602,8.96095,48.044
29489,3429,3976,5943,11781,3322,3872,4903,7149,3262,3501,3685,4065,3084,3196,3374,3441,-21.8231,32.6479,8.97048,47.9887
29490,5629,4630,3656,3384,9367,5460,3845,3382,6695,4700,3646,3282,4152,3918,3437,3221,-4.61258,-24.4341,8.68529,48.2693
29491,3256,3513,3330,3474,3622,3939,4001,3684,4271,5851,6060,4302,4565,6811,6875,4507,17.103,0.632582,8.70098,48.0407
29492,3194,3581,4141,4794,3420,3773,4926,8310,3261,3629,4962,7989,3286,3653,4212,4673,-0.696467,32.7411,8.53228,47.8693
29493,3326,3678,4617,6261,3452,3863,5195,9734,3227,3556,4503,6006,3172,3376,3867,3851,-7.7076,32.9596,8.71535,47.7893
29494,5901,9667,6320,4108,4534,5309,4511,3825,3646,3836,3637,3441,3255,3370,3296,3199,-30.3369,-6.10191,8.55314,47.9033
29495,3408,4051,6299,8684,3474,4033,5778,7758,3114,3600,4025,4508,3142,3399,3497,3554,-16.2308,20.1611,8.87503,48.216
29496,3723,4370,6000,5396,3648,4720,8033,6282,3622,3763,4661,4383,3281,3385,3658,3547,-10.5915,11.0809,8.57309,48.3147
29497,3931,4383,4139,3662,4524,6869,5392,3926,4546,6251,5129,3755,3868,4148,4030,3539,-1.26728,-3.60272,8.56234,48.0613
29498,3405,3938,5825,9622,3312,3837,5164,8227,3332,3537,3978,4537,3159,3201,3512,3515,-16.8675,25.9401,8.74436,48.0673
29499,3785,5440,9129,6607,3740,4564,5997,4961,3343,3589,3999,3749,3301,3259,3445,3303,-21.6016,9.19756,8.58997,48.1407
29500,3216,3416,3502,3307,3482,3834,3880,3745,3986,5058,6028,4585,4182,6368,8422,5414,20.739,4.35469,8.51427,48.2833
29501,3305,3853,5390,7468,3424,3807,5681,9334,3291,3535,4203,5136,3085,3371,3583,3739,-12.0118,23.8193,8.91505,48.1367
29502,3287,3705,4494,5010,3432,3994,5875,7909,3396,3815,5493,6945,3241,3565,3976,4401,-2.18458,19.7453,8.74541,48.3587
29503,12717,5937,3946,3388,6043,4726,3772,3229,3942,3668,3353,3166,3475,3447,3235,3090,-33.5212,-29.1152,8.87058,47.4227
29504,3780,3792,3468,3080,5302,4714,3684,3257,8282,6522,4124,3544,5914,5213,3855,3517,8.75624,-18.7277,8.61538,48.032
29505,12451,6261,3853,3368,5989,4822,3636,3385,3906,3690,3483,3200,3578,3382,3328,3196,-31.7335,-27.1144,8.86017,47.6853
29506,3228,3307,3377,3366,3474,3877,4042,3725,3934,4794,6425,4819,3956,5597,8396,5669,18.873,6.40111,8.95599,47.9907
29507,3357,3745,4748,6596,3229,3804,5253,9963,3261,3589,4331,5898,3165,3349,3729,4073,-8.16806,29.5652,8.77199,48.06
29508,9648,8508,4598,3544,5582,5170,4034,3544,3874,3896,3438,3193,3349,3425,3164,3106,-30.7179,-16.5981,8.94575,48.0487
29509,6020,5279,3945,3512,8153,6599,4127,3450,5195,4594,3836,3364,3832,3741,3361,3182,-8.96905,-18.1631,8.55087,48.1267
29510,10073,8141,4407,3563,5666,5138,3928,3377,3857,3789,3571,3341,3345,3387,3234,3034,-29.6592,-17.5548,8.54103,47.9007
29511,2996,3201,3465,3529,3222,3545,3995,4408,3357,3861,5242,8232,3306,3946,5804,9821,17.4521,25.723,8.98099,47.9533
29512,9624,8454,4457,3566,5628,5119,3986,3606,3966,3873,3503,3112,3385,3432,3205,3134,-26.9089,-16.4477,8.92477,48.0333
29513,4261,5336,5295,4130,4430,7009,6798,4263,3804,4649,4428,3817,3558,3612,3593,3384,-10.1249,-0.607192,8.84697,48.2447
29514,3122,3279,3494,3505,3183,3474,3856,4280,3477,3702,5039,7916,3422,3936,5566,10468,18.6398,31.2677,8.91039,47.8127
29515,2993,3280,3441,3495,3235,3493,3954,4248,3341,3885,5102,7746,3329,4072,5886,10466,18.7938,27.1209,8.75032,47.9773
29516,3491,3372,3226,3091,4076,3771,3407,3159,6624,4713,3759,3373,12248,6201,3941,3519,24.3127,-26.8049,8.99568,47.9807
29517,3369,3828,5859,11839,3361,3808,4869,6808,3220,3333,3797,3931,3119,3194,3440,3440,-22.193,30.8445,8.89794,47.4767
29518,3346,3916,5048,6580,3412,3876,5678,9597,3136,3621,4535,5625,3135,3401,3688,3899,-8.87566,24.1948,8.83028,48.3287
29519,3945,4180,3903,3578,4524,6402,4961,3752,4667,6874,5274,3965,4067,4457,4010,3622,1.41018,-5.11765,8.5231,48.1207
29520,3181,3321,3623,3793,3319,3687,4326,5331,3403,3840,5221,9851,3256,3746,4901,7250,9.95343,28.8256,8.75387,48.0327
29521,3341,4098,6413,10250,3395,3803,5396,7311,3192,3548,3964,4055,3108,3239,3433,3633,-19.8995,22.7247,8.80144,48.1193
29522,3286,3356,3232,3063,3935,3958,3538,3345,5913,5671,4039,3566,8544,8292,4669,3581,22.2339,-15.2921,8.85794,47.992
29523,3565,3867,4476,4065,3810,5044,6873,4805,3749,4878,6915,4808,3646,3986,4344,3992,-0.491341,6.43479,8.99146,48.5487
29524,3666,4940,9494,8009,3543,4216,5317,5114,3351,3639,3765,3870,3117,3291,3374,3387,-30.07,12.7234,8.54725,48.062
29525,3786,5002,7462,5617,3704,4758,7108,5431,3468,3789,4199,3923,3213,3394,3473,3428,-15.6983,9.03181,8.766,47.8367
29526,3240,3346,3651,3704,3295,3628,4508,4772,3615,4097,6537,7808,3471,4056,5841,6947,12.4941,17.7727,8.7119,48.344
29527,3374,4022,6754,11922,3321,3754,4895,5909,3224,3505,3839,3997,3152,3268,3476,3473,-32.5235,22.744,8.7984,47.9233
29528,3758,3589,3305,3183,4570,4027,3639,3225,8656,5651,4033,3376,8537,5917,3958,3408,14.7132,-22.2092,8.87321,48.5547
29529,5255,9467,7209,4350,4505,5155,4660,3904,3571,3770,3640,3480,3226,3335,3328,3180,-33.216,-3.51028,8.98362,48.0233
29530,3267,3546,4535,5484,3380,3980,5662,9235,3451,3845,4854,6475,3202,3356,3899,4260,-4.44621,22.6844,8.87448,48.2873
29531,3202,3158,3323,3321,3207,3415,3860,4101,3419,3865,4910,6301,3422,4142,7052,11454,25.257,22.6329,8.78419,48.1013
29532,3558,4947,9571,7959,3643,4152,5177,5148,3240,3693,3772,3814,3080,3352,3324,3377,-32.7624,12.5753,8.87032,47.8713
29533,3351,3300,3264,3120,3493,3782,3579,3537,4612,5077,4594,3873,5911,9776,6653,4027,28.9532,-5.28597,8.92746,47.966
29534,3405,3458,3484,3231,3806,4289,3905,3561,4922,7339,5412,3891,4893,6930,5272,4051,14.5647,-5.04808,8.74761,47.8993
29535,3352,3377,3301,3092,3786,3756,3598,3364,4877,5303,4239,3693,6818,10037,5450,3853,33.9278,-9.42528,8.93633,47.9307
29536,3423,3990,6523,11193,3417,3952,4949,6589,3168,3493,3901,4069,3092,3219,3376,3458,-23.2832,23.9447,8.51127,47.8747
29537,3444,3428,3303,3200,3990,3718,3387,3228,5917,4742,3707,3387,12396,5952,3954,3456,31.8781,-33.0615,8.65278,47.4727
29538,3191,3231,3451,3342,3319,3687,3782,3682,3816,4636,5069,4469,4128,6429,9812,5543,33.1674,5.16978,8.83176,47.7247
29539,3254,3605,4549,5597,3302,3888,5419,9244,3233,3694,4781,6961,3260,3484,3879,4342,-4.09035,25.2733,8.85664,48.328
29540,6272,4606,3762,3355,10019,5235,3746,3276,6016,4449,3760,3281,3886,3828,3343,3146,-7.6347,-28.8982,8.8905,47.9867
29541,5218,8617,7161,4473,4276,5407,5052,4032,3676,3917,3706,3507,3288,3452,3314,3238,-23.4238,-2.51928,8.63943,48.2227
29542,3966,3953,3625,3343,4995,5714,4090,3397,6309,7708,4570,3590,4660,4899,4064,3551,4.9141,-11.9001,8.60216,48.2893
29543,3302,3572,4354,5298,3366,3701,5330,8539,3343,3775,5056,7274,3218,3427,4060,4647,-2.40648,24.3539,8.50337,48.1747
29544,12493,5969,3803,3389,6128,4802,3662,3382,3897,3816,3400,3207,3456,3461,3202,3132,-32.8379,-27.925,8.6055,47.466
29545,3491,4127,5294,4943,3756,4726,8161,5996,3512,4088,5303,4724,3306,3543,3747,3719,-7.24271,10.536,8.75218,48.2907
29546,3039,3342,3720,4021,3301,3591,4471,5787,3404,3739,5451,9936,3302,3630,4785,6616,8.61361,27.1813,8.84046,48.09
29547,3424,3383,3209,3027,4206,3847,3491,3284,7258,5110,3798,3368,10845,6588,4101,3343,20.9457,-23.2556,8.91009,48.188
29548,3471,3524,3469,3157,3964,4351,3870,3366,5127,7408,4961,3748,5402,7454,5028,3968,15.3155,-7.50862,8.65552,48.1787
29549,3226,4091,6120,12041,3481,3849,4952,6524,3153,3459,3817,4030,3234,3186,3316,3361,-24.247,26.7466,8.82974,47.8933
29550,11114,5931,4025,3375,7555,5009,3841,3401,4148,3901,3514,3191,3437,3522,3265,3149,-19.9589,-32.6703,8.83852,48.252
29551,3461,3919,5218,5852,3418,4184,7085,7936,3350,3719,4801,5059,3231,3449,3782,3894,-8.81186,16.8587,8.69944,48.2387
29552,3296,3736,4369,5670,3318,3776,5144,9461,3297,3759,4607,6712,3148,3408,3834,4226,-4.8398,27.9602,8.70946,47.8407
29553,7576,4999,3834,3365,9673,5218,3822,3312,5182,4288,3527,3266,3752,3642,3364,3171,-11.3399,-31.7993,8.59514,47.994
29554,3279,3312,3280,3151,3619,3635,3622,3460,4419,5137,4732,3980,5235,9125,7484,4498,29.703,-2.93185,8.73976,47.9787
29555,3102,3402,3693,3753,3259,3794,4638,4856,3526,4200,7057,7451,3342,4154,5655,6129,10.6814,16.4456,8.51473,48.0073
29556,3475,3339,3345,3252,4215,3902,3409,3233,7735,5034,3896,3409,10512,5770,3962,3435,19.1723,-32.3102,8.77238,47.9487
29557,3231,3536,3805,4002,3413,3892,4953,5775,3520,4113,6690,7878,3359,3910,4895,5311,5.88798,17.7466,8.53535,48.1887
29558,4277,4023,3411,3223,7387,4727,3736,3283,9240,5068,3791,3274,5213,4327,3578,3368,2.56141,-33.0871,8.98999,47.9507
29559,3373,3986,6063,12631,3430,3780,4794,6235,3291,3421,3694,3888,3111,3230,3355,3410,-27.7227,28.6778,8.66997,47.7947
29560,3391,3377,3318,3118,4108,3865,3466,3159,6540,5076,3884,3394,11163,6814,4048,3333,23.0208,-22.0201,8.912,48.036
29561,3302,3442,3369,3198,3673,3888,3718,3324,4526,5618,4821,3977,5526,9000,6649,4141,23.433,-4.40459,8.60304,48.1147
29562,11791,6434,3953,3386,6640,4889,3756,3447,3944,3782,3442,3215,3303,3414,3227,3221,-23.8813,-24.6105,8.75278,47.896
29563,3360,3405,3332,3250,3884,3990,3659,3430,5139,6229,4583,3783,6212,8969,5413,3836,20.4521,-8.76985,8.51674,48.316
29564,3450,4234,6929,10148,3488,3933,5467,6737,3224,3435,3941,4153,3105,3223,3353,3453,-20.8137,20.673,8.82347,48.182
29565,3349,3370,3229,3186,3879,3833,3427,3193,5851,4957,3815,3397,11347,7366,4091,3391,28.1267,-21.124,8.90059,47.7873
29566,5758,9527,6390,4073,4648,5629,4717,3760,3751,3814,3769,3446,3296,3362,3310,3198,-24.4117,-5.91576,8.98623,48.2987
29567,3429,3386,3281,3106,4008,4038,3560,3210,6085,5637,3969,3419,8954,7999,4444,3610,21.9565,-16.6231,8.72265,48.09
29568,3818,3759,3455,3097,5263,4267,3537,3356,9634,5165,3805,3448,7543,4966,3694,3348,10.9163,-29.1024,8.5412,48.1033
29569,3185,3510,4090,4577,3398,3764,4867,7675,3306,3925,5029,8863,3305,3567,4287,5067,2.09763,27.4505,8.60215,48.2767
29570,3510,4447,7981,9025,3511,4073,5554,6072,3315,3472,3946,4114,3196,3243,3330,3429,-22.8458,16.6,8.55268,48.1453
29571,3458,4014,5560,6792,3603,4031,6480,8177,3259,3604,4489,4992,3215,3410,3598,3732,-11.3801,18.5566,8.86617,48.276
29572,6475,9974,5854,3924,4751,5479,4554,3613,3809,3829,3528,3399,3326,3385,3279,3157,-26.8431,-8.01563,8.9761,48.224
29573,6009,5002,3836,3407,8577,6380,3958,3403,5573,4694,3729,3407,3932,3727,3468,3139,-8.28428,-19.8309,8.54528,48.1607
29574,4174,6898,9562,5657,3925,4677,5137,4473,3524,3677,3797,3571,3187,3332,3293,3247,-30.4569,4.73517,8.63844,48.0873
29575,3391,3803,4926,5739,3498,4041,6499,8544,3369,3720,4874,5758,3075,3469,3931,4034,-6.81084,18.9371,8.96674,48.4473
29576,4074,4372,3876,3528,4827,6916,4755,3674,5124,6945,4669,3716,3990,4308,3937,3622,-0.382009,-7.74778,8.69977,48.222
29577,3384,3406,3239,3194,3870,3682,3431,3332,6134,4843,3716,3274,12527,6004,3854,3395,33.6505,-28.274,8.71272,47.5233
29578,3192,3387,3417,3327,3561,4060,4099,3737,4074,5459,6557,4601,4307,6131,7375,5012,16.7742,3.3116,8.68152,48.1973
29579,3101,3405,3798,3858,3407,3738,4460,6118,3386,3780,5262,9882,3203,3724,4894,6244,7.39641,30.9563,8.79489,48.1733
29580,3394,3928,6761,12114,3316,3906,4777,6036,3240,3443,3805,3801,3105,3239,3483,3426,-30.9411,24.0429,8.91638,47.8493
29581,3423,3364,3079,3131,4001,3880,3589,3261,6038,5277,4086,3291,9851,7818,4357,3483,23.7962,-18.4119,8.50539,47.9527
29582,3404,4174,7153,9190,3478,4004,5638,6670,3203,3523,4014,4183,3118,3134,3472,3384,-20.1879,19.0247,8.52007,47.828
29583,3130,3296,3403,3469,3288,3562,3924,3972,3459,4135,5766,5709,3671,4702,8646,7920,22.0887,13.7526,8.76832,48.0347
29584,3544,3439,3302,3207,4113,4215,3780,3429,5962,6855,4504,3546,6772,7614,4643,3639,16.8025,-12.2919,8.9986,48.376
29585,3115,3156,3333,3376,3292,3476,3741,3958,3342,3807,4826,6183,3423,3953,6006,12440,26.0754,32.8799,8.63842,47.618
29586,3372,3372,3216,3224,4069,3909,3474,3153,6885,4916,3807,3315,11710,6057,4009,3411,23.1447,-27.0203,8.57988,47.9327
29587,3704,3561,3363,3189,4804,4522,3649,3373,7760,6945,4165,3510,6432,5707,4075,3428,11.4768,-16.8852,8.72161,48.1247
29588,3805,3712,3566,3226,4706,4743,3856,3392,6760,7712,4396,3535,5559,5596,4143,3525,9.62966,-13.5446,8.73434,48.1547
29589,5931,5588,4016,3437,7392,7181,4238,3471,4889,4720,3740,3406,3719,3756,3342,3197,-9.85134,-16.2201,8.5838,48.0153
29590,3040,3207,3516,3546,3255,3492,4137,4752,3378,3768,5190,8980,3320,3897,5404,9026,14.8998,26.9896,8.87852,47.9387
29591,5919,4887,3785,3276,9180,5925,3899,3397,6022,4703,3701,3319,4035,3862,3381,3123,-7.00682,-22.3635,8.70643,48.276
29592,3657,4698,9426,8589,3542,4177,5181,5385,3217,3477,3764,3876,3007,3379,3462,3363,-30.8967,14.3077,8.9381,48.1333
29593,4300,4683,4187,3635,5018,7749,5337,3787,4506,5883,4623,3711,3681,3875,3696,3435,-3.43033,-6.19341,8.85548,48.0707
29594,3443,3933,5846,9483,3330,3886,5447,8302,3198,3567,4113,4502,3106,3442,3544,3451,-16.8596,24.768,8.73643,48.3953
29595,3322,3867,4805,6141,3444,3901,6035,9060,3233,3678,4817,5798,3110,3394,3828,3956,-7.45442,21.5158,8.58489,48.2593
29596,3035,3270,3397,3558,3239,3482,4051,4423,3520,3989,5445,7753,3412,4023,6049,9419,17.8842,23.3351,8.51359,48.0433
29597,7614,9720,5168,3718,5133,5205,4264,3642,3709,3786,3543,3401,3275,3372,3316,3153,-29.3827,-11.4548,8.71007,48.0127
29598,3236,3638,4193,4566,3365,3894,5797,6652,3366,3899,6138,7353,3216,3613,4463,4779,1.12823,18.0329,8.80556,48.112
29599,3259,3513,3958,4249,3470,3887,5423,6184,3414,4123,6530,7621,3468,3703,4559,5010,3.48959,17.4549,8.82666,48.2473
29600,6829,6678,4408,3545,6997,6887,4207,3514,4503,4273,3710,3374,3579,3467,3286,3139,-14.8165,-15.3927,8.81808,48.264
29601,3892,5548,9992,6873,3674,4280,5229,4879,3408,3732,3821,3716,3259,3160,3338,3357,-28.802,9.25896,8.97802,48.1053
29602,3337,3415,3336,3279,3761,3699,3657,3259,4638,5141,4457,3725,6468,9766,5666,3968,31.8915,-8.07423,8.58675,47.7147
29603,3219,3409,4071,4394,3275,3617,4736,7385,3411,3630,5134,9232,3229,3601,4337,5399,3.11265,27.6071,8.96471,48.0527
29604,3114,3375,3376,3358,3300,3782,4033,3783,3929,4860,6596,4937,3905,5567,8367,5882,18.7333,7.46725,8.97087,48.1093
29605,3540,3671,3470,3214,4278,4670,3953,3455,5469,7981,4945,3686,5099,6158,4714,3683,11.2432,-8.54852,8.55192,47.9907
29606,4364,4074,3500,3208,6552,5236,3769,3356,8155,5956,3884,3558,5250,4566,3741,3259,3.4791,-20.5401,8.58812,48.2853
29607,3215,3383,3305,3346,3279,3322,3770,3956,3390,3776,4709,6105,3279,3920,5897,12599,29.6261,30.3978,8.52375,47.5007
29608,6494,9801,5805,3907,4857,5182,4351,3748,3795,3798,3541,3313,3318,3345,3299,3134,-31.2935,-8.61592,8.50722,47.792
29609,7689,9274,5059,3612,5381,5792,4388,3598,3848,3772,3545,3415,3401,3410,3272,3105,-23.4568,-11.895,8.96006,48.374
29610,4631,7887,8300,4879,4222,4872,5016,4179,3457,3795,3779,3528,3256,3337,3278,3255,-32.2986,0.763982,8.54454,47.7807
29611,3267,3712,3887,3888,3580,4230,5789,4756,3536,4755,8087,5829,3422,4161,4946,4682,4.88863,10.1771,8.90131,48.3513
29612,3441,3407,3309,3197,3837,3962,3724,3480,4838,6348,5057,3932,5348,8506,5960,4072,19.5101,-5.20128,8.96802,48.2787
29613,3452,3639,3605,3444,3791,4427,4708,4006,4147,6152,7815,4789,3866,4817,5510,4455,9.04068,3.43632,8.9249,48.4153
29614,3213,3671,4370,5110,3335,3796,5004,8983,3369,3718,4933,7676,3107,3575,3894,4334,-2.36115,28.1484,8.77815,48.0587
29615,3286,3342,3296,3245,3472,3755,3734,3630,4068,4974,5049,4310,4549,7971,8467,4787,33.4772,0.937338,8.94609,47.9567
29616,3376,3891,5804,10626,3421,3985,5085,7570,3280,3609,3977,4265,3183,3273,3447,3460,-19.32,29.4937,8.52754,48.168
29617,6537,4737,3699,3411,9561,5460,3838,3368,5959,4482,3638,3260,4035,3777,3251,3278,-8.09997,-25.8798,8.54816,48.194
29618,6774,8409,5043,3707,5491,6366,4443,3718,3910,3980,3692,3371,3459,3442,3359,3142,-19.0925,-10.8441,8.81064,48.204
29619,5263,8996,7416,4327,4188,5002,4655,3991,3619,3769,3749,3427,3359,3397,3256,3169,-30.7182,-2.87776,8.63223,47.722
29620,3468,3448,3151,3175,4261,3930,3485,3346,7868,5033,3713,3420,10329,5716,3919,3290,18.6986,-32.282,8.79164,47.7013
29621,3351,3834,5210,7534,3369,3791,5729,9292,3330,3482,4219,5158,3188,3387,3681,3721,-11.6489,24.4137,8.75934,48.184
29622,3324,3924,5229,8608,3330,3862,5423,9097,3393,3709,4046,4794,3092,3215,3594,3686,-14.0694,26.6463,8.77451,48.2173
29623,3568,3802,3638,3423,4079,5137,4488,3755,4971,7882,5818,3824,4370,5199,4657,3813,7.32073,-4.50142,8.86696,48.2827
29624,3156,3395,3587,3501,3406,3815,4313,4351,3538,4403,6985,6271,3709,4510,7076,6352,14.7971,12.87,8.53405,48.2453
29625,3195,3251,3417,3390,3349,3479,3712,3816,3355,3819,4689,5884,3361,3810,5949,12761,29.7926,32.5339,8.91385,47.4913
29626,3270,3925,6261,12819,3346,3664,4659,6066,3232,3490,3707,3864,3181,3312,3447,3394,-31.9787,27.2686,8.85099,47.758
29627,3854,4724,4861,4120,4203,6157,7097,4467,3830,4746,5291,4123,3537,3833,3661,3689,-5.68431,2.14993,8.50272,48.1287
29628,3692,3900,3608,3441,4374,5833,4488,3675,5157,8019,5284,3902,4347,4995,4229,3659,4.70845,-6.87252,8.7837,48.402
29629,3230,3714,4531,5998,3382,3776,5222,9829,3334,3699,4516,6143,3231,3347,3926,4084,-6.39178,33.1932,8.82032,47.9747
29630,3412,3828,4571,4412,3386,4448,7000,6118,3498,4241,6250,5738,3298,3706,4174,4301,-1.35021,12.9164,8.62103,48.254
29631,3480,4037,7093,11579,3399,3923,4961,5753,3228,3524,3727,3921,3085,3311,3378,3364,-29.8213,21.5745,8.59824,47.842
29632,7178,6320,4277,3517,7290,6692,4137,3417,4501,4343,3731,3277,3593,3537,3327,3177,-14.042,-16.5612,8.65052,48.2093
29633,3195,3324,3578,3702,3273,3555,4450,4985,3386,4238,6425,8331,3460,3922,5720,6903,11.8518,18.8272,8.99747,48.298
29634,7090,6205,4013,3584,7596,6655,4181,3407,4560,4361,3604,3372,3683,3588,3327,3184,-13.3642,-16.7633,8.91552,48.2733
29635,9544,8515,4589,3408,5608,5099,4033,3432,3864,3818,3483,3194,3438,3213,3261,3043,-32.0772,-16.4395,8.96158,47.6947
29636,3070,3157,3372,3432,3120,3395,3850,3897,3455,3872,5133,5909,3389,4287,7183,11439,28.0103,21.4125,8.82923,47.9733
29637,3405,3412,3120,3135,3765,3811,3565,3258,6046,5045,3865,3538,10581,7574,4317,3431,25.5928,-19.4649,8.62426,47.912
29638,3426,3813,5466,8816,3358,3828,5157,8850,3316,3652,4121,4594,3186,3210,3488,3461,-15.0504,33.043,8.75664,47.828
29639,3340,3901,5733,10747,3409,3878,5041,7754,3300,3455,3924,4292,3122,3250,3356,3419,-19.3576,27.8656,8.87029,47.9473
29640,4864,7887,7239,4536,4214,5555,5388,4096,3598,3921,3695,3623,3248,3343,3394,3363,-21.0509,-1.26282,8.71837,47.976
29641,3950,3880,3452,3286,5382,5077,3973,3412,7265,7152,4302,3502,5237,5070,3947,3464,6.34481,-15.5762,8.58209,48.234
29642,12527,6099,3955,3423,6024,4709,3724,3416,3965,3751,3434,3235,3392,3425,3237,3164,-29.9548,-27.6925,8.6235,47.6533
29643,4750,7988,8464,4802,4117,4966,5138,4163,3636,3661,3815,3560,3216,3288,3290,3225,-25.4362,0.620364,8.89669,48.0527
29644,3577,3545,3187,3113,4438,3998,3603,3274,7478,5369,3960,3456,9630,6309,4012,3379,18.4949,-22.0257,8.68932,48.2187
29645,5260,6371,4642,3748,5484,7907,5018,3865,4196,4568,3923,3482,3413,3592,3437,3249,-12.2506,-8.67066,8.79512,48.1033
29646,3268,3919,5544,9610,3412,3803,5108,8683,3251,3376,3974,4566,3153,3422,3491,3536,-16.1096,27.824,8.78699,48.0773
29647,6112,4598,3743,3306,9824,5201,3862,3426,6159,4458,3585,3386,3916,3886,3420,3129,-6.62599,-33.7688,8.65635,48.0073
29648,4878,4456,3724,3468,8061,5857,3904,3333,6830,5117,3812,3345,4435,4168,3511,3234,-2.2983,-20.3376,8.72515,48.0887
29649,3819,3834,3488,3213,4928,4794,3839,3357,7171,7288,4254,3547,5635,5558,4135,3505,9.19554,-14.8581,8.59616,48.2433
29650,3437,3632,4271,4135,3530,4354,6401,5177,3570,4418,7200,5703,3455,3958,4486,4290,1.3943,11.3268,8.69737,48.0113
29651,4058,3987,3564,3205,5684,5062,3849,3400,7819,6803,4138,3468,5430,4754,3678,3346,5.51105,-17.196,8.66921,48.1633
29652,3266,3410,3290,3279,3480,3702,3832,3424,4106,4947,5107,4250,4755,8032,8418,4758,28.8667,0.584739,8.72667,48.0373
29653,3385,3445,3668,3505,3700,4291,4327,3841,4135,6042,7245,4531,4203,5568,6068,4550,12.6131,2.62257,8.54395,48.336
29654,3315,3678,4820,5372,3431,3909,6386,7957,3354,3794,5289,6073,3253,3508,3995,4255,-4.53178,18.6765,8.88509,48.2593
29655,4418,6821,7824,4962,4158,5476,6013,4485,3547,3860,4049,3640,3279,3328,3410,3340,-19.8159,2.08438,8.61718,48.4067
29656,3381,3909,5721,9184,3439,3930,5426,8593,3222,3523,4112,4474,3184,3294,3438,3551,-16.0362,24.3759,8.71757,48.254
29657,3201,3328,3541,3513,3380,3900,4367,4089,3709,4646,7564,5530,3775,4854,6954,5732,13.9574,9.47749,8.61896,48.0553
29658,3215,3247,3443,3378,3248,3301,3791,3967,3329,3852,4933,6155,3382,3844,6107,12354,33.7162,26.8067,8.51713,47.6973
29659,3868,3654,3267,3128,5452,4289,3599,3224,9819,5413,3846,3387,7173,4932,3775,3381,9.80427,-26.2712,8.88109,48.138
29660,3578,4668,9049,8714,3512,4149,5346,5339,3304,3601,3710,3809,3180,3238,3299,3400,-30.9545,13.9331,8.72709,47.9307
29661,4084,6491,9866,5949,3807,4385,5183,4623,3398,3621,3871,3571,3154,3413,3337,3399,-31.0191,6.02283,8.91476,48.1013
29662,3370,3943,5897,11691,3417,3873,4890,6827,3420,3383,3868,4017,3151,3140,3360,3341,-22.3321,33.5627,8.62312,47.7253
29663,3381,3479,3290,3228,4075,3795,3447,3269,6014,4766,3782,3378,12324,5970,3812,3367,33.636,-27.3285,8.53797,47.5847
29664,3613,4306,4789,4261,3889,5451,7777,4940,3747,4690,5784,4338,3442,3718,3984,3702,-4.33063,5.28256,8.92657,48.2873
29665,3386,3363,3251,3000,4061,3773,3446,3147,7383,4934,3828,3395,11208,6299,3823,3287,20.5922,-24.4913,8.93238,47.7227
29666,3147,3194,3313,3490,3186,3486,3886,4111,3336,3948,5265,6747,3356,4065,6947,10339,21.8446,20.8376,8.52148,47.8773
29667,3345,3859,4801,6646,3446,3888,5240,9788,3298,3500,4390,5834,3214,3373,3725,3991,-8.11331,30.5148,8.73848,48.2253
29668,7843,9408,5111,3695,5223,5519,4263,3527,3810,3929,3574,3298,3329,3385,3308,3212,-24.8269,-12.5964,8.88225,48.2893
29669,3829,5100,7393,5590,3789,5008,7172,5324,3521,3834,4304,4002,3187,3430,3431,3469,-15.6334,8.34967,8.71153,48.2553
29670,4816,7177,5902,4274,4621,6552,5656,4063,3774,4145,4096,3474,3351,3598,3405,3311,-16.0377,-3.28714,8.51137,48.1433
29671,3414,3878,6113,10964,3335,3847,5011,7197,3214,3495,3880,4235,3177,3272,3468,3402,-20.5857,24.9758,8.99792,47.9347
29672,3293,3958,5351,8840,3239,3846,5159,9046,3290,3461,4083,4833,3070,3215,3563,3612,-14.2568,29.9293,8.87054,47.906
29673,12326,6425,4004,3424,5987,4742,3798,3364,3793,3789,3391,3277,3429,3399,3216,3137,-30.0142,-24.4057,8.7215,47.6673
29674,3100,3193,3461,3444,3219,3546,4145,4241,3443,4027,5680,7178,3470,4251,6762,9003,18.0837,19.3476,8.9858,48.1087
29675,9831,5821,3893,3378,8235,5134,3865,3347,4535,4109,3443,3280,3526,3496,3237,3123,-17.2583,-26.6448,8.99983,48.1687
29676,3191,3149,3347,3370,3382,3646,3805,3744,3713,4276,5362,4920,3867,5470,9846,7074,27.7191,10.0912,8.8921,48.108
29677,3363,3791,4873,6660,3375,3808,5561,9403,3301,3563,4366,5511,3119,3370,3688,3963,-9.23722,24.7624,8.52186,47.81
29678,3566,3457,3270,3145,4770,4015,3569,3257,8959,5152,3804,3351,9406,5310,3890,3405,15.7973,-30.2135,8.97646,48.2173
29679,9598,5493,3842,3441,8560,5070,3865,3429,4496,3950,3470,3227,3484,3480,3176,3138,-16.609,-29.9582,8.752,47.8127
29680,3666,4761,6420,5219,3766,5004,7823,5565,3451,3823,4640,4187,3265,3448,3594,3640,-12.1783,8.42688,8.81671,48.1813
29681,5609,8769,5952,4030,4823,6245,4789,3835,3736,4034,3766,3506,3285,3373,3245,3206,-20.5539,-5.97981,8.72389,48.1353
29682,3409,3395,3178,3091,3828,3904,3365,3232,6032,4863,3656,3395,12113,6641,4074,3506,31.2598,-24.0227,8.71049,47.788
29683,3380,3930,4725,4810,3501,4365,7426,6394,3446,4018,5776,5425,3297,3674,4014,4088,-3.90872,13.4969,8.70739,48.1793
29684,3686,4188,5249,4583,3677,5076,7899,5414,3504,4323,5386,4641,3317,3669,3921,3701,-6.61842,8.22763,8.56932,48.156
29685,3379,3920,6032,12493,3418,3689,4694,6023,3100,3504,3782,3908,3187,3219,3302,3409,-32.5229,26.903,8.59846,47.3727
29686,3208,3263,3298,3360,3322,3444,3815,3935,3393,3975,5270,5875,3508,4405,8173,9683,26.3451,17.0696,8.79445,47.9513
29687,3890,3693,3290,3137,5431,4391,3623,3261,9516,5576,3801,3397,7004,4972,3805,3386,9.96875,-24.8095,8.60362,48.1153
29688,3311,3302,3259,3118,3905,3808,3476,3286,5598,5123,4000,3515,9964,8300,4430,3483,30.1692,-17.5542,8.93838,47.9187
29689,7551,6047,4015,3330,7980,6194,3933,3469,4746,4350,3605,3277,3693,3447,3353,3136,-13.765,-19.3883,8.63533,48.084
29690,11889,6156,4006,3389,6827,4901,3778,3428,3963,3866,3448,3293,3389,3417,3198,3127,-23.1711,-27.4689,8.74528,48.05
29691,3125,3391,3366,3363,3281,3451,3799,3987,3416,3803,4819,5957,3360,3863,6083,12450,28.8752,30.8576,8.70575,47.676
29692,3293,3387,3562,3350,3779,4062,3967,3604,4648,6755,5697,4102,4792,6969,5989,4145,15.7145,-2.94251,8.64929,48.0673
29693,3225,3355,3728,3857,3182,3640,4207,5618,3313,3795,5291,9879,3416,3788,4913,6649,9.17072,26.4434,8.7201,47.904
29694,6352,10086,5833,3877,4723,5278,4440,3716,3704,3766,3613,3422,3192,3333,3357,3194,-27.6519,-7.6494,8.79385,47.924
29695,3339,3605,4033,3945,3387,4279,5862,4806,3761,4645,8166,5723,3519,4065,4901,4438,4.64826,9.38152,8.8615,48.316
29696,5969,5130,4008,3340,8648,6448,4111,3388,5455,4623,3752,3305,3920,3759,3351,3131,-8.24892,-18.9147,8.56015,48.2253
29697,3396,3568,3557,3267,3870,4387,4018,3577,5095,7643,5382,3817,5106,6714,5228,3958,13.4343,-5.84036,8.72808,48.3887
29698,3790,5150,10017,7416,3626,4200,5123,4998,3359,3607,3904,3852,3119,3253,3402,3359,-31.7552,11.0022,8.88458,48.1167
29699,3855,5651,9990,6679,3753,4293,5258,4846,3340,3573,3778,3772,3153,3311,3409,3278,-28.0542,9.19587,8.88929,47.9593
29700,3482,3915,5410,8498,3337,3699,5214,9289,3245,3494,4137,4788,3157,3295,3391,3596,-14.2446,33.1442,8.97161,47.9647
29701,4012,3838,3336,3158,5789,4612,3588,3226,9391,5820,3940,3367,6192,4791,3757,3383,7.3732,-23.0561,8.64947,48.1333
29702,3906,5376,7831,5715,3722,4823,6889,5119,3445,3872,4234,3892,3249,3380,3470,3397,-17.2053,7.68315,8.68833,48.2133
29703,3243,3657,4668,5927,3398,3810,5142,9736,3246,3728,4545,6380,3307,3397,3811,4077,-5.98634,32.0759,8.56735,48.048
29704,3234,3302,3276,3193,3795,3796,3630,3295,4747,5323,4401,3642,6828,9941,5527,3794,32.0195,-9.20314,8.89866,47.816
29705,3143,3283,3342,3304,3453,3788,3923,3737,4086,5106,5955,4580,4382,6473,8473,5348,20.6041,3.99144,8.51073,48.2507
29706,7409,5040,3699,3302,9904,5195,3767,3262,5330,4255,3596,3276,3809,3574,3466,3204,-11.1363,-29.9904,8.87166,48.0587
29707,8614,5706,3955,3361,8534,5695,3869,3396,4767,4140,3518,3237,3443,3463,3311,2982,-15.0414,-22.8999,8.64147,47.994
29708,3643,3839,3697,3514,4153,5431,4779,3730,4626,7380,6159,3961,3863,4685,4373,3918,5.13657,-2.34398,8.88312,47.834
29709,4563,7855,8790,4903,4130,4864,4937,4234,3484,3816,3861,3479,3251,3296,3264,3292,-33.5301,1.23489,8.95611,48.0127
29710,4584,6691,6384,4381,4487,6470,6144,4233,3674,4192,4043,3732,3358,3460,3439,3217,-15.5107,-1.01139,8.90615,48.326
29711,4314,6527,7473,4743,3994,5634,6338,4430,3643,4023,4041,3637,3307,3325,3419,3331,-17.7845,2.12106,8.72487,48.1193
29712,3272,3821,5612,9634,3378,3892,5271,8404,3295,3554,3950,4433,3038,3288,3526,3539,-16.868,25.9278,8.77531,47.938
29713,3065,3212,3485,3461,3254,3408,3950,4301,3431,3830,4950,7431,3391,3924,5770,10910,19.7767,29.5246,8.73093,47.8487
29714,3732,5144,9215,7799,3676,4207,5234,5280,3331,3507,3808,3824,3171,3291,3418,3300,-26.0404,12.4189,8.55978,47.958
29715,3774,4175,4042,3576,4307,6066,5271,3906,4454,6732,5731,3929,3932,4340,4134,3630,1.09244,-2.60975,8.55131,47.9993
29716,5106,5468,4144,3551,6292,8011,4672,3524,4727,5264,3925,3374,3732,3738,3543,3186,-7.49824,-11.9008,8.87032,48.1713
29717,4855,4836,3975,3413,6659,7290,4308,3405,5474,5724,4059,3465,3987,4111,3575,3333,-4.21721,-13.914,8.54901,48.3127
29718,3362,3695,4211,4172,3574,4387,6404,5301,3625,4491,7036,5764,3372,3947,4566,4369,1.20699,10.9816,8.50588,48.184
29719,3399,3921,5365,8095,3410,3885,5455,9141,3187,3554,4136,4871,3129,3315,3545,3683,-13.3009,24.8398,8.61989,48.0607
29720,3517,3456,3303,3121,4398,3902,3352,3224,8225,5095,3903,3345,9905,5607,3901,3419,17.4302,-31.0416,8.67473,47.782
29721,3530,4293,5705,5159,3615,4777,8060,5970,3547,3873,4940,4552,3276,3472,3770,3675,-9.10526,10.6844,8.57833,48.1427
29722,3067,3346,3425,3404,3479,3776,4139,3957,3721,4842,6715,5205,3937,5288,8216,5891,17.5854,8.73853,8.9717,48.272
29723,3255,3599,3995,3939,3531,4128,5794,5117,3612,4593,7645,6102,3491,4002,4845,4567,4.31591,11.7919,8.89822,48.1433
29724,3182,3454,3895,4292,3407,3733,4961,6699,3394,3920,5858,8825,3297,3663,4490,5380,3.692,22.3871,8.53155,48.3
29725,3072,3205,3584,3652,3248,3528,4080,4495,3339,3731,5109,8591,3239,3918,5629,9525,16.3565,26.0871,8.84604,47.9633
29726,7565,5534,3881,3392,8880,5851,3937,3334,4970,4298,3632,3268,3636,3680,3338,3005,-12.4019,-21.7655,8.93909,48.134
29727,4087,6306,9941,5961,3882,4468,5204,4572,3304,3689,3777,3592,3150,3391,3399,3411,-31.1561,5.9136,8.6339,48.0893
29728,3410,3939,6065,12663,3278,3777,4734,6040,3196,3425,3830,3925,3177,3202,3392,3452,-30.4601,28.0684,8.79284,47.67
29729,3380,3409,3221,3314,3911,3899,3401,3253,6194,4772,3774,3294,12495,6019,3867,3420,27.1151,-30.9819,8.6187,47.7487
29730,3379,3825,5030,5436,3506,4167,6734,7817,3408,3893,4954,5438,3160,3525,3877,3997,-6.64148,16.628,8.53692,48.0973
29731,3856,5105,7488,5513,3831,4829,7119,5180,3530,3765,4269,3995,3182,3463,3528,3380,-15.7112,8.17834,8.76834,48.022
29732,3914,5643,10071,6963,3661,4278,5251,4782,3501,3612,3832,3730,3198,3135,3344,3264,-29.9773,9.37823,8.85206,48.1193
29733,5450,8822,6474,4239,4487,5917,5118,3909,3618,3950,3757,3529,3228,3292,3347,3139,-21.4179,-4.59604,8.96013,48.184
29734,3615,4701,7387,6472,3626,4532,7224,6065,3396,3641,4133,4075,3155,3388,3504,3512,-15.6927,11.9156,8.94192,48.284
29735,3069,3447,4058,4289,3392,3813,5280,6794,3302,3853,6213,7964,3247,3573,4573,5132,3.04626,19.5445,8.97472,47.9993
29736,3197,3316,3375,3324,3296,3720,3944,3878,3632,4318,5721,5245,3760,5199,9281,7059,22.9979,10.787,8.74078,48.1767
29737,6511,4822,3685,3317,10019,5251,3802,3444,5832,4312,3600,3252,3910,3687,3348,3173,-8.14835,-31.8772,8.95248,47.9767
29738,3246,3256,3366,3351,3565,3749,3664,3406,4192,4855,4912,4275,4839,8493,8031,4557,32.3893,-0.913632,8.74962,47.838
29739,3354,3967,6034,12675,3429,3691,4706,5679,3154,3397,3714,3814,3155,3283,3373,3308,-30.0028,33.5978,8.66421,47.1553
29740,12450,6142,3808,3392,6024,4827,3660,3416,4025,3789,3450,3243,3455,3281,3335,3195,-33.2591,-27.3449,8.58839,47.6613
29741,4465,7541,8718,4950,4076,4872,5049,4265,3460,3766,3732,3655,3217,3369,3343,3343,-33.1689,1.69381,8.70239,47.8807
29742,7069,6412,4187,3574,7181,6663,4264,3527,4463,4333,3638,3375,3609,3547,3264,3191,-14.4829,-16.3728,8.60709,48.198
29743,12258,6241,3959,3265,6596,4955,3862,3335,4106,3845,3550,3181,3427,3383,3171,3081,-24.1548,-26.1462,8.81316,48.1433
29744,11255,6226,3994,3454,7130,5057,3876,3472,4122,4011,3493,3239,3355,3389,3276,3088,-21.3025,-25.1208,8.78468,48.2913
29745,3402,3639,4077,3994,3458,4315,6003,5046,3613,4577,7539,5864,3535,3958,4679,4557,3.17384,10.9066,8.85978,48.1707
29746,4227,4497,3984,3599,4885,7161,4946,3822,4717,6568,4842,3697,3877,4205,3880,3475,-1.44685,-6.75465,8.51699,48.2547
29747,3499,3434,3313,3154,4165,3896,3470,3292,6930,5142,3889,3280,10545,6614,3975,3396,21.2083,-22.6957,8.82115,47.996
29748,3184,3416,3405,3421,3516,3803,4060,3766,3884,5118,6728,4897,4200,5846,7759,5271,17.6893,5.58829,8.69843,48.1827
29749,3605,4094,4168,3906,3887,5360,6152,4502,3915,5687,6774,4480,3713,4173,4465,3930,1.29598,3.25939,8.64045,48.5407
29750,3209,3477,3281,3227,3445,3743,3738,3513,4293,4922,4802,4083,4967,8471,8177,4722,30.2429,-0.463543,8.72138,48.0467
29751,3348,3734,3988,3988,3636,4450,5915,4857,3656,4896,7631,5414,3513,4118,4668,4444,3.23301,8.90034,8.54536,48.1707
29752,4005,3811,3304,3147,5984,4458,3551,3322,9883,5318,3904,3425,6459,4813,3610,3386,7.90703,-28.0808,8.71125,48.2533
29753,5121,4546,3611,3329,8373,5818,3967,3334,6917,5095,3816,3253,4332,3996,3494,3236,-3.00434,-21.2674,8.58836,48.1587
29754,3181,3225,3534,3403,3415,3714,4027,3894,3709,4665,6172,5078,3863,5291,8821,6378,20.3959,9.32545,8.65121,48.2467
29755,4450,7415,8915,5298,3973,4725,4945,4224,3504,3696,3732,3494,3343,3285,3362,3376,-31.5771,2.29054,8.61736,47.8247
29756,3326,3657,5043,6905,3353,3838,5602,9733,3213,3669,4377,5368,3117,3315,3599,3873,-10.1868,25.4253,8.67508,47.992
29757,3560,3517,3269,3138,4465,3976,3505,3116,8372,5053,3859,3521,9838,5602,3760,3353,16.9549,-29.4237,8.76504,47.936
29758,3255,3520,4166,4575,3403,3806,4941,8204,3380,3751,4870,8271,3261,3479,4131,4974,0.43061,28.7782,8.58026,47.9913
29759,4938,4532,3750,3219,7663,6118,4013,3471,6637,5523,3812,3304,4364,4170,3647,3255,-2.10765,-18.8414,8.69932,48.2773
29760,3900,5196,7053,5385,3742,5024,7491,5132,3374,3954,4280,3957,3249,3435,3616,3479,-15.1692,7.25613,8.55736,48.178
29761,8116,9348,5106,3656,5082,5360,4142,3577,3855,3818,3570,3374,3350,3398,3230,3124,-28.1479,-12.4749,8.59912,48.0707
29762,5281,9145,7427,4391,4488,4938,4648,4113,3604,3841,3724,3520,3200,3246,3440,3191,-29.8423,-2.62179,8.82718,48.1313
29763,3392,3786,4349,4338,3499,4451,6577,5486,3546,4383,7063,5822,3360,3859,4425,4321,0.760523,11.5504,8.848,48.438
29764,3325,3537,3372,3258,3763,3973,3718,3392,4728,6047,4867,3796,5719,8942,5843,4001,20.7493,-6.32146,8.69064,48.1873
29765,5287,9265,7225,4367,4472,5108,4706,3967,3543,3758,3724,3561,3249,3342,3304,3205,-30.4799,-3.10081,8.85187,48.0553
29766,3337,3752,4761,6421,3339,3863,5238,9926,3361,3621,4349,5563,3104,3362,3721,3916,-8.69447,33.9121,8.71108,47.756
29767,8079,8386,4702,3656,5720,5819,4200,3572,3993,4041,3519,3317,3394,3390,3384,3185,-21.5065,-14.3506,8.70336,48.238
29768,4668,4037,3597,3227,8154,4985,3720,3331,8388,5030,3757,3390,4817,4142,3460,3168,0.249965,-28.0662,8.71144,47.914
29769,3176,3312,3375,3358,3404,3662,3829,3739,3633,4379,5258,4866,3692,5360,9826,6864,33.9388,9.68914,8.52722,47.822
29770,3179,3504,4239,5146,3336,3963,5244,8618,3400,3725,4941,7607,3248,3520,4007,4500,-1.58842,25.8257,8.51971,48.118
29771,3442,3511,3463,3282,4001,4368,3958,3599,5007,7708,5318,3823,4967,6830,5072,3915,13.8211,-5.97085,8.92175,48.176
29772,3475,3548,3437,3319,3933,4430,3942,3499,5198,7379,5220,3889,5076,6945,5298,3883,14.111,-6.32769,8.64013,48.314
29773,6006,4553,3776,3241,9654,5186,3835,3374,6275,4412,3692,3378,4035,3914,3378,3091,-6.17377,-32.8443,8.68377,47.8667
29774,3543,4645,8714,9388,3562,4067,5171,5555,3315,3569,3818,3842,3011,3273,3395,3331,-30.1682,15.615,8.72607,48.1327
29775,3450,3621,3383,3282,4009,4376,3811,3349,5310,7426,4983,3675,5422,7227,4882,3720,14.9289,-7.83288,8.66993,47.9507
29776,3787,4388,4142,3734,4386,6387,5833,4083,4261,6211,5535,4066,3767,4148,4079,3685,-0.813633,-1.68722,8.50745,48.328
29777,3291,3418,3577,3350,3580,3957,4113,3701,4353,6186,6297,4367,4460,6494,6669,4472,15.9822,0.309681,8.64564,48.19
29778,7652,5114,3702,3372,9717,5228,3811,3338,5151,4235,3659,3363,3526,3503,3223,3182,-12.0147,-32.7204,8.71579,47.8507
29779,3167,3292,3397,3377,3175,3449,3755,3824,3405,3754,4755,5953,3518,4034,5991,12544,28.8776,30.8334,8.51828,47.5933
29780,3330,3685,4567,5596,3488,3783,5849,9091,3223,3725,4713,6426,3149,3465,3948,4157,-4.98945,23.1224,8.7658,48.13
29781,3171,3289,3532,3328,3370,3623,3829,3788,3649,4243,5223,5005,3767,5177,9607,7304,33.8124,10.762,8.53187,47.9367
29782,3437,3644,4030,3728,3686,4369,5813,4517,3790,5268,7925,5020,3623,4327,4883,4325,4.71166,6.82688,8.62675,48.2567
29783,3367,3826,4735,5171,3394,4056,6552,7863,3377,3829,5262,6001,3272,3534,3825,4223,-4.60087,17.9144,8.75709,48.1913
29784,3615,4001,4193,3743,3991,5263,6514,4421,3788,5248,6705,4621,3661,4120,4296,3959,0.643783,3.67454,8.82319,48.0927
29785,4936,4270,3620,3274,8340,4904,3890,3313,8028,4944,3762,3250,4647,4168,3429,3368,-0.463352,-28.6396,8.64352,48.0953
29786,3232,3406,3319,3137,3798,3914,3739,3416,4995,5774,4434,3715,6320,9420,5529,3894,23.3556,-8.27612,8.77211,48.028
29787,3191,3277,3349,3401,3441,3639,3803,3598,3977,4601,5151,4411,4180,7060,9312,5410,33.6182,3.60929,8.87972,47.8673
29788,8624,6799,4139,3537,7093,5809,4025,3525,4196,4043,3663,3279,3507,3485,3218,3124,-17.8541,-18.334,8.83709,48.044
29789,3202,3407,3913,4034,3362,3829,4892,5675,3368,4024,6601,8239,3319,3873,4931,5577,6.34626,18.7998,8.67544,48.164
29790,3645,3800,3867,3548,4006,5420,5147,4016,4276,6763,6497,4234,4011,4529,4600,3872,4.30374,-0.673142,8.71749,48.154
29791,3216,3619,3877,3715,3516,4122,5234,4572,3644,4690,8067,6042,3560,4123,5378,4917,7.47618,10.8686,8.69393,48.1947
29792,3661,3550,3240,3095,4869,4104,3501,3265,9229,5116,3822,3522,8611,5280,3868,3362,13.9262,-32.4969,8.71829,48.0633
29793,3366,3566,4123,4124,3465,4085,5735,5596,3561,4319,6937,6628,3479,3872,4680,4724,2.9889,14.176,8.56248,48.1733
29794,3284,3742,4847,6710,3444,3810,5202,9896,3383,3660,4336,5652,3193,3477,3637,3857,-8.8584,33.1666,8.72859,48.0867
29795,3160,3460,3599,3668,3236,3680,4435,4982,3490,4059,6392,8494,3411,3944,5569,6771,11.0855,19.3676,8.51945,48.2333
29796,10825,7510,4135,3365,5740,5071,3967,3400,4029,3778,3465,3274,3315,3375,3155,3099,-33.1509,-20.3411,8.68269,47.6687
29797,3307,3582,4386,5028,3426,3839,5864,8188,3336,3750,5231,7033,3170,3427,4079,4389,-2.05952,21.1186,8.84342,48.0233
29798,10541,7542,4308,3474,6099,5081,3990,3438,3880,3861,3488,3279,3377,3477,3225,3196,-25.1633,-19.6703,8.51862,48.1707
29799,3400,3385,3281,3182,3908,3761,3403,3243,5960,4858,3828,3365,12260,6659,3949,3427,32.495,-23.028,8.87386,47.9127
29800,3494,3701,3609,3461,3962,4749,4487,3667,4472,7235,6540,4077,4349,5364,5024,4056,9.13076,-1.75766,8.57242,48.1647
29801,3475,3390,3285,3114,4116,3873,3478,3159,7486,4936,3873,3450,11210,5729,3887,3359,20.2708,-30.5301,8.83832,47.88
29802,3322,3878,6307,12561,3289,3818,4707,6125,3030,3401,3694,3968,3110,3315,3378,3418,-28.4705,26.5137,8.6966,47.5473
29803,3539,3479,3233,3032,4474,3964,3571,3170,8532,5010,3862,3344,9707,5478,3844,3434,16.7149,-30.3816,8.97567,47.782
29804,3555,3583,3281,3100,4592,4329,3722,3347,7736,6507,4135,3533,7219,6065,4083,3419,13.5997,-17.9433,8.83396,48.1373
29805,3490,3841,3715,3596,3826,4685,4912,3853,4399,6853,6946,4422,4155,5093,4866,4116,7.83765,0.22741,8.70393,48.512
29806,5270,4403,3556,3242,9115,5213,3699,3283,7299,4702,3757,3281,4330,3932,3535,3313,-2.88148,-28.9363,8.64413,47.9533
29807,8194,7905,4597,3513,6187,6054,4209,3462,4062,3951,3585,3181,3357,3318,3369,3146,-19.7041,-15.2697,8.93113,48.06
29808,3094,3270,3338,3424,3370,3485,3898,3914,3525,4101,5183,5255,3566,4808,9151,8545,33.199,14.0262,8.92445,47.9513
29809,3806,4552,4797,4031,4291,6124,7311,4583,3839,4724,5257,4088,3560,3729,3949,3525,-5.73339,2.50054,8.69225,48.1107
29810,3117,3297,3514,3247,3359,3352,3723,4088,3264,3688,4820,6658,3422,3873,6029,12216,24.7687,30.8322,8.72875,47.778
29811,11495,6686,4118,3384,6685,4892,3781,3316,4080,3780,3511,3112,3316,3413,3147,3087,-24.0902,-23.7197,8.96325,47.8687
29812,5097,4728,3804,3380,7558,6840,4080,3388,5641,5315,3999,3439,4122,3924,3543,3172,-4.8959,-16.2602,8.91117,48.02
29813,6337,9531,5605,3832,4997,5735,4394,3730,3837,3825,3562,3465,3388,3464,3264,3186,-23.0422,-8.63476,8.80982,48.1013
29814,3281,3432,3253,3225,3565,3961,3718,3456,4523,5245,4763,3986,5602,9429,6826,4104,33.3109,-4.40275,8.61181,48.246
29815,3707,4111,4459,4074,3980,5609,6867,4616,3931,5321,6044,4377,3587,3869,4149,3690,-1.96608,3.14197,8.57459,48.2607
29816,3374,4108,7303,11124,3464,3858,4918,5980,3207,3449,3813,3876,3136,3128,3425,3443,-32.8388,20.3044,8.71265,47.7373
29817,5171,8340,6547,4201,4517,5969,4993,3893,3702,3952,3925,3482,3466,3477,3385,3150,-20.6057,-3.59432,8.60822,48.1133
29818,3281,3470,3253,3316,3531,3709,3773,3536,4123,4836,4938,4136,4498,8255,8268,4814,32.4415,0.435352,8.90534,47.8247
29819,5223,7418,5316,3907,5088,7119,5231,3917,3945,4171,3929,3480,3350,3594,3393,3287,-15.7862,-6.25198,8.87223,48.2453
29820,3347,3401,3274,3174,3908,3803,3707,3317,4916,5184,4262,3624,7053,9712,5527,3763,32.3659,-9.87301,8.60458,47.9813
29821,3370,4072,6052,11867,3339,3680,4933,6808,3134,3435,3848,3972,3139,3100,3387,3384,-24.1014,27.801,8.78175,47.68
29822,4157,3783,3459,3202,6638,4482,3634,3329,9693,5107,3731,3461,5721,4563,3725,3299,5.36863,-32.4289,8.82277,47.9893
29823,9393,7723,4339,3560,6330,5312,4053,3441,4064,4023,3448,3207,3354,3480,3310,3018,-21.467,-18.1553,8.7743,48.0367
29824,6880,8025,4716,3683,5854,6563,4465,3677,4045,4075,3628,3384,3444,3446,3348,3015,-18.3372,-12.4813,8.68486,48.1653
29825,3327,3557,4346,5322,3352,3798,5069,9083,3303,3606,4610,7202,3331,3494,4030,4386,-3.04278,32.6052,8.60685,47.8773
29826,3757,4284,4602,3977,4125,6206,6847,4359,4011,5245,5707,4233,3599,3896,4014,3655,-2.55793,1.59475,8.56982,48.3447
29827,4943,7132,5489,3969,4897,7091,5441,3906,3797,4249,4000,3588,3437,3453,3408,3247,-14.9593,-4.83486,8.58227,48.0313
29828,3127,3373,3412,3282,3270,3596,3690,3848,3585,4305,5293,5122,3743,5173,9796,7454,30.8161,11.2712,8.74542,48.046
29829,3534,4437,7873,9696,3404,3941,5407,6075,3174,3489,3854,3968,3082,3331,3337,3446,-23.7889,17.7235,8.61731,48.032
29830,3589,4049,4927,4465,3690,4672,7672,5909,3520,4178,5924,4912,3398,3559,4001,3968,-4.12926,10.261,8.83239,48.2887
29831,4479,3994,3484,3277,7565,4833,3655,3301,8920,5023,3745,3302,5030,4387,3717,3241,2.4914,-31.5526,8.88126,47.9687
29832,3413,3378,3191,3034,3951,3830,3606,3317,5495,5224,4030,3530,9313,8674,4441,3529,27.9422,-15.9781,8.56458,47.9707
29833,3477,3486,3330,3171,4091,4216,3730,3348,5882,6408,4437,3560,6889,7841,4779,3655,17.9495,-12.1837,8.57313,48.2
29834,3487,3446,3201,3096,3804,3794,3484,3278,5664,5121,3994,3463,9904,8102,4389,3523,32.343,-17.3,8.6326,47.8333
29835,4531,7879,8637,4977,4030,4798,5136,4126,3512,3731,3861,3585,3283,3430,3395,3206,-33.8771,1.21506,8.72086,48.078
29836,3358,3387,3297,3126,4066,3730,3440,3286,6358,4811,3880,3412,12224,5964,3990,3464,25.0916,-29.8291,8.65132,47.862
29837,9078,5454,3986,3332,8809,5086,3833,3298,4440,4162,3601,3220,3495,3528,3204,3153,-15.2155,-32.7058,8.92019,47.786
29838,3726,4785,7459,6078,3721,4615,7025,5790,3463,3778,4223,3969,3206,3348,3495,3462,-15.8968,10.4782,8.57691,48.0953
29839,3084,3239,3496,3499,3252,3487,3992,4268,3483,4031,5322,7103,3533,3987,6582,9840,19.7861,21.499,8.63095,48.132
29840,3367,3942,6034,11836,3415,3812,4804,7107,3270,3543,3747,3939,3119,3289,3352,3435,-22.5339,31.9775,8.80915,48.0073
29841,3069,3259,3559,3471,3368,3679,4117,4104,3596,4400,6659,6030,3562,4638,7811,6915,17.7767,13.0729,8.78943,48.158
29842,3411,3718,4969,7015,3403,3836,5594,9566,3300,3594,4331,5343,3190,3396,3665,3853,-10.1524,24.9248,8.57676,48.1227
29843,3256,3277,3203,3088,3759,3842,3734,3313,4863,5444,4384,3793,6792,9967,5753,3872,26.256,-8.87351,8.795,48.2267
29844,3197,3264,3393,3448,3243,3402,3779,3735,3541,3943,5058,5739,3536,4529,8530,9399,26.7958,16.5888,8.99096,47.824
29845,3178,3550,3878,3777,3381,3818,4776,5101,3476,4186,7173,7558,3430,4021,5448,5657,8.86705,15.558,8.93536,48.272
29846,3684,5449,9316,6319,3706,4474,6133,5037,3484,3728,3920,3745,3153,3382,3410,3263,-21.702,8.98397,8.94673,48.1353
29847,3240,3474,3218,3240,3824,3855,3534,3376,5154,5313,4279,3569,8028,9456,4952,3637,26.5477,-12.4587,8.52125,48.0993
29848,3264,3566,4400,4928,3185,3719,5096,8523,3350,3672,4980,7837,3309,3589,4047,4688,-1.08358,25.4348,8.74025,48.102
29849,3060,3285,3422,3439,3163,3452,3809,4390,3436,3878,5156,7517,3407,3982,6059,10691,19.8572,24.9559,8.95778,48.0973
29850,4929,8252,7317,4646,4372,5575,5271,4076,3705,3778,3883,3518,3291,3326,3438,3176,-22.1136,-1.73123,8.64808,48.3687
29851,3126,3360,3640,3550,3283,3484,4032,4478,3458,3809,5162,8890,3311,3848,5517,9112,15.5367,26.9328,8.63937,48.04
29852,3197,3151,3551,3580,3259,3497,4063,4543,3358,3841,5225,8761,3371,3856,5449,9124,15.7193,31.7275,8.5926,47.884
29853,4786,4137,3501,3217,7968,5136,3763,3375,7995,5282,3772,3350,4805,4014,3716,3212,0.120609,-24.1163,8.7869,48.0193
29854,3573,3841,5620,10859,3295,3768,4902,7807,3245,3431,3878,4376,3123,3220,3433,3461,-19.1675,31.2985,8.73921,47.888
29855,3153,3186,3337,3414,3309,3244,3879,4062,3405,3775,4847,7150,3408,3930,5828,11790,21.7028,28.2535,8.94655,47.8113
29856,3212,3388,3474,3382,3629,4055,4112,3804,4120,6097,6706,4401,4338,6319,6711,4672,15.6206,1.36688,8.9031,48.28
29857,3274,3648,4287,5286,3418,3819,5200,9074,3277,3688,4800,7335,3185,3392,3974,4361,-3.05957,27.2827,8.8833,48.012
29858,3342,3339,3268,3172,4048,3959,3415,3226,6506,4767,3783,3363,12384,5863,3840,3378,24.6286,-31.0761,8.80612,47.7687
29859,3631,3545,3371,3188,4524,4304,3518,3316,7368,6668,4237,3551,7089,6154,4080,3485,14.1636,-17.2657,8.60728,48.0193
29860,3497,3386,3151,3092,4179,3970,3523,3190,6968,5257,3868,3310,10827,6482,4017,3374,20.8714,-22.3121,8.81457,48.0607
29861,4155,5427,6709,4813,3980,5763,7266,4811,3579,4038,4370,3876,3313,3521,3489,3429,-13.7993,3.65058,8.91389,48.3593
29862,3088,3239,3537,3509,3193,3523,3940,4310,3565,3854,5410,7664,3374,4081,6214,9507,18.1613,22.2318,8.76808,48.0053
29863,11638,6916,4114,3342,6034,4923,3798,3395,3921,3788,3423,3198,3373,3332,3333,3111,-26.5731,-22.6466,8.70815,47.7593
29864,4651,7843,8534,4996,4102,4865,4905,4277,3468,3732,3778,3656,3258,3236,3290,3302,-27.9198,0.999441,8.78238,47.9287
29865,3902,3679,3323,3211,5444,4360,3539,3276,9631,5428,3869,3383,7074,4938,3749,3285,9.8384,-29.1066,8.6243,48.0607
29866,3334,3637,4543,5867,3401,3739,5330,9572,3312,3703,4360,6454,3299,3415,3904,4214,-5.57396,27.477,8.7513,48.056
29867,3380,3896,5013,7537,3375,3845,5421,9595,3227,3677,4315,5179,3128,3371,3587,3756,-11.5064,28.2944,8.54262,48.2013
29868,7673,5006,3779,3317,9952,5344,3886,3314,5067,4184,3697,3257,3661,3574,3329,3099,-11.6962,-28.2178,8.96816,48.0927
29869,3239,3385,3477,3255,3485,3792,3774,3702,3921,4678,5194,4474,4135,6688,9411,5544,32.6997,4.62991,8.74658,48.1027
29870,3084,3233,3402,3383,3153,3371,3835,4006,3339,3921,4922,5871,3296,4095,6968,11836,32.4222,22.1345,8.93847,47.81
29871,3015,3304,3363,3384,3193,3556,3835,3839,3454,4025,5047,5680,3557,4333,8235,10226,27.6525,17.8636,8.89137,48.0307
29872,3455,3572,3488,3217,3907,4383,3943,3507,5094,7803,5375,3891,5071,6626,5128,3931,13.0292,-6.19739,8.91838,48.2607
29873,3900,3664,3310,3188,5660,4334,3494,3290,10067,5276,3824,3376,6796,4808,3679,3226,9.11988,-26.8147,8.89356,47.928
29874,3077,3322,3380,3218,3366,3485,3857,3792,3523,4369,5541,4915,3873,5237,9875,7400,26.0546,10.6026,8.97798,48.1533
29875,3686,3908,3683,3458,4280,5541,4387,3546,5171,8073,5440,3792,4427,4942,4210,3653,5.93648,-6.22449,8.77876,48.1313
29876,5094,8995,7629,4599,4217,4986,4856,4116,3600,3770,3684,3532,3280,3265,3304,3244,-30.475,-1.94536,8.83675,48.114
29877,3419,4173,6876,8186,3509,3951,6114,7059,3255,3657,4245,4371,3117,3202,3482,3522,-16.8046,17.8844,8.8412,48.092
29878,3094,3286,3620,3588,3296,3535,4177,5110,3480,3775,5368,9788,3346,3816,5105,7672,11.6071,33.0968,8.69305,48.0373
29879,3106,3417,3382,3435,3392,3847,4173,3955,3922,4812,6792,5321,3902,5115,7985,5988,17.3798,8.82824,8.58129,48.3627
29880,3345,3504,4013,3947,3611,4345,5738,4940,3730,4622,7766,5895,3449,3872,5010,4503,4.16071,10.6097,8.77834,48.1933
29881,10834,7551,4350,3356,5939,4922,3914,3300,3996,3815,3477,3206,3379,3394,3174,3052,-26.6251,-19.7063,8.96482,47.7727
29882,3209,3305,3269,3179,3752,3838,3666,3353,4605,5428,4456,3721,6280,9956,6070,3965,29.7872,-7.43507,8.77663,48.0347
29883,3747,3733,3403,3223,5039,4458,3681,3277,8582,6698,4020,3521,6298,5331,3976,3320,10.1182,-18.7034,8.99261,48.2047
29884,3531,3864,4135,3870,3649,4618,6136,4695,3766,5137,7527,4919,3715,4007,4610,4195,2.70675,6.70419,8.59971,48.2493
29885,3540,3926,4250,3866,3855,5056,6300,4497,3906,5370,7036,4585,3574,4193,4553,4077,1.645,4.50723,8.56476,48.3893
29886,3328,3331,3247,3073,4060,3931,3491,3231,6436,5618,4109,3474,9030,7700,4351,3619,20.7657,-17.6554,8.77288,48.0193
29887,3452,3455,3236,3121,4642,4077,3531,3263,8746,5173,3892,3489,9374,5389,3780,3319,15.7794,-28.5899,8.77117,47.9593
29888,3232,3236,3406,3209,3416,3598,3787,3678,3788,4523,5082,4676,4023,6259,10131,5988,30.2686,6.25249,8.93635,48.0213
29889,3030,3400,3369,3402,3209,3492,3825,3781,3534,4045,4953,5563,3533,4449,8515,9674,31.3916,16.9922,8.58605,47.8493
29890,3702,4444,6109,5045,3751,4814,8066,5679,3491,3913,4795,4293,3240,3494,3678,3608,-10.5055,9.21654,8.87592,48.0813
29891,3414,3791,4605,5776,3434,3945,5164,9687,3311,3709,4504,6348,3148,3438,3866,4058,-6.11416,33.4101,8.51504,48.132
29892,3425,3331,3317,3141,3871,3792,3540,3345,5737,5139,3853,3508,10148,7981,4373,3490,29.5217,-18.2933,8.59135,47.994
29893,3157,3264,3464,3384,3325,3505,3958,4188,3368,3978,5525,7359,3383,4123,6764,9339,18.5155,20.2661,8.91811,48.056
29894,3356,3384,3205,3132,4201,3824,3480,3175,7090,4836,3823,3444,11660,5843,4030,3361,21.2293,-30.9,8.9429,47.896
29895,9696,8338,4242,3444,5575,5213,4060,3526,4001,3879,3596,3215,3260,3363,3253,3212,-33.4192,-17.3508,8.56858,47.9153
29896,3674,4843,8115,7310,3623,4367,6405,5693,3374,3621,4087,3946,3153,3326,3444,3447,-19.4122,12.6434,8.50024,48.2853
29897,3781,4018,3617,3449,4545,5888,4450,3556,5259,7783,5004,3725,4364,4793,4177,3658,4.27927,-7.59272,8.6743,48.0447
29898,3818,5055,7934,5848,3823,4824,7178,5312,3423,3654,4180,4024,3171,3314,3522,3394,-16.8323,8.59854,8.92774,48.316
29899,8026,7684,4430,3463,6302,6042,4039,3573,4154,4089,3682,3322,3501,3430,3248,3103,-18.7666,-15.7431,8.80708,48.0587
29900,3989,6077,9281,6062,3811,4590,5889,4756,3507,3747,3903,3699,3230,3237,3301,3322,-22.3714,7.07022,8.74391,48.2673
29901,3236,3607,4232,4721,3492,3791,5451,7558,3366,3917,5596,7586,3262,3647,4270,4711,-0.0109879,20.345,8.97504,48.2953
29902,3288,3640,4410,5240,3315,3801,5215,9486,3395,3700,4717,6977,3249,3419,3975,4327,-3.78489,28.8052,8.885,48.1027
29903,5247,4713,3873,3386,7789,6833,4162,3309,5764,5259,3751,3411,3969,3886,3540,3227,-5.05993,-17.0877,8.9125,48.0793
29904,12681,6163,3915,3328,5990,4689,3758,3321,3949,3746,3367,3184,3353,3419,3283,3239,-30.0807,-28.0885,8.7829,47.59
29905,3239,3596,4133,4458,3263,3867,5576,6512,3447,3965,6109,7594,3188,3705,4475,4904,2.28657,18.1524,8.80649,48.0207
29906,9734,5428,3907,3389,8486,5009,3792,3417,4483,3905,3542,3304,3499,3459,3260,3097,-16.6308,-29.4116,8.84325,47.8073
29907,3889,5589,9354,6600,3669,4381,5783,4966,3321,3725,3793,3710,3164,3272,3493,3394,-23.4975,9.22167,8.50047,48.0687
29908,4169,4111,3510,3302,5882,6039,4042,3438,6700,6869,4177,3628,4820,4415,3874,3449,2.30199,-14.9397,8.93452,48.2833
29909,5280,8990,6895,4328,4434,5608,4755,3994,3738,3879,3805,3516,3256,3319,3405,3096,-23.3069,-3.79617,8.95608,48.1987
29910,3577,4618,7607,8065,3504,4170,6132,6283,3236,3533,4182,4132,3003,3314,3402,3424,-19.0503,15.1733,8.8645,48.1213
29911,4100,4314,3872,3450,4947,6719,4716,3651,5165,7065,4863,3728,4108,4348,3778,3449,0.398395,-8.12269,8.69114,48.182
29912,3193,3380,3656,3548,3415,3824,4774,4686,3626,4395,7418,6833,3560,4225,6079,5973,11.1383,14.0817,8.56096,48.39
29913,3311,3900,6154,12511,3369,3866,4742,6480,3154,3362,3818,4003,3172,3298,3403,3355,-25.1679,28.2273,8.87437,47.932
29914,3110,3319,3269,3360,3253,3468,3874,3989,3404,3914,4875,6426,3514,3983,5970,12086,24.5634,29.5424,8.67252,47.876
29915,3244,3415,3334,3190,3709,3942,3682,3409,4760,5486,4306,3701,6370,9663,5881,3995,26.8272,-8.06247,8.61973,48.058
29916,3647,3563,3452,3164,4358,4458,3861,3287,6073,7725,4613,3674,5639,6642,4480,3547,12.5861,-11.2931,8.99294,48.122
29917,3070,3254,3306,3281,3339,3552,3817,3861,3728,4427,5360,4895,3836,5461,9856,7038,28.3347,9.95036,8.74754,48.054
29918,3519,3429,3221,3104,4182,4094,3587,3320,7823,5012,3767,3379,10388,5758,3981,3438,18.4461,-33.9989,8.5572,48.0013
29919,3629,3411,3231,3100,4281,3860,3378,3188,7548,5091,3964,3408,10393,6248,3826,3423,19.3444,-24.0678,8.6598,47.986
29920,3617,4372,8176,9785,3585,4098,5151,5783,3238,3581,3989,3878,3181,3236,3413,3479,-25.6661,17.2469,8.63754,48.3747
29921,3772,5424,10005,7004,3662,4308,5130,4942,3356,3512,3861,3749,3265,3300,3414,3336,-32.2454,10.4719,8.98024,48.0267
29922,3333,3393,3269,3128,3916,3870,3441,3199,5734,5174,4056,3293,10238,8005,4411,3441,27.2998,-18.017,8.92424,47.934
29923,3595,4564,8830,9138,3483,3985,5231,5513,3267,3570,3687,3858,3194,3242,3363,3367,-33.6586,15.2862,8.94452,47.9247
29924,3263,3653,4768,6476,3342,3752,5222,9777,3295,3581,4378,6114,3195,3348,3715,4049,-7.59915,28.9997,8.74926,47.952
29925,2971,3268,3479,3632,3322,3547,4107,4735,3398,3937,5618,8317,3354,3964,5666,8874,15.7776,23.7201,8.77724,48.126
29926,3228,3510,4124,4683,3209,3695,4970,8123,3299,3714,5122,8525,3175,3466,4165,4965,0.851339,28.2233,8.78269,47.982
29927,5376,5336,4090,3517,6693,7753,4357,3486,4905,5024,3885,3388,3797,3924,3451,3185,-7.89048,-13.142,8.66669,48.1113
29928,4766,4183,3498,3213,7925,4913,3743,3461,8571,5039,3789,3358,4925,4263,3669,3283,0.659344,-28.3594,8.57313,48.3993
29929,9730,5454,3804,3402,8507,5280,3841,3454,4492,4060,3584,3183,3437,3431,3237,3063,-16.7134,-30.1494,8.76352,47.9727
29930,3686,4782,7049,5961,3636,4615,7322,5902,3425,3758,4235,4282,3141,3433,3585,3500,-14.9186,11.1431,8.79332,48.208
29931,3478,3633,3485,3274,4217,4716,3927,3511,5503,8173,5026,3730,5113,6294,4611,3668,11.4726,-8.15212,8.96346,48.2393
29932,3699,4475,5293,4502,3877,5543,7953,5309,3561,4294,5144,4303,3283,3559,3788,3512,-7.74211,6.45609,8.7205,48.0633
29933,3165,3439,3801,3898,3329,3805,4902,5532,3527,4343,6735,7854,3463,3925,5116,5419,6.84728,17.325,8.86295,48.1687
29934,3457,3992,5135,5172,3422,4443,7544,6866,3582,3972,5267,5145,3220,3519,3916,3989,-6.64249,13.9768,8.80989,48.4273
29935,3452,3362,3178,3201,3924,3861,3492,3190,5972,4592,3856,3350,12554,6359,3853,3297,30.5733,-27.1016,8.72447,47.662
29936,7398,9612,5223,3677,5097,5181,4262,3605,3786,3757,3505,3337,3435,3456,3225,3130,-31.6437,-11.1744,8.63359,47.7907
29937,3442,3880,5916,12347,3455,3813,4920,6543,3136,3420,3799,3832,3065,3227,3392,3472,-23.6351,32.934,8.99558,47.7727
29938,3520,3477,3312,3158,3924,4209,3658,3402,5357,6899,4699,3787,5995,8126,5247,3839,17.7366,-9.15873,8.72085,48.406
29939,3494,3641,3595,3316,4236,4952,4152,3543,5400,8170,5083,3711,4851,5775,4542,3744,9.5097,-7.87694,8.76165,48.1367
29940,3568,4850,9108,8317,3626,4170,5377,5330,3330,3533,3916,3889,3044,3281,3448,3260,-26.8919,13.3448,8.52837,48.0313
29941,4338,5931,5270,4086,4575,7454,6530,4214,3944,4492,4350,3673,3443,3523,3462,3310,-11.1475,-2.20498,8.91961,48.3967
29942,3222,3929,5387,7882,3383,3923,5710,9006,3199,3521,4209,4905,3183,3285,3612,3641,-12.9721,22.4532,8.82278,47.998
29943,4056,3967,3561,3205,5719,5339,3897,3426,7480,6985,4160,3313,5079,4862,3737,3399,4.73802,-16.4093,8.91226,48.1233
29944,3173,3357,3477,3526,3530,3887,4239,3998,3897,5016,7353,4997,3918,5176,7413,5295,15.3423,6.88588,8.80518,48.168
29945,3159,3342,3253,3285,3351,3669,3947,3580,3685,4399,5217,4717,3952,5799,10127,6674,28.0499,8.44152,8.75863,48.104
29946,3154,3125,3392,3307,3249,3499,3867,3897,3335,3871,4745,6095,3479,3847,6426,12427,28.4996,26.2385,8.53735,47.81
29947,3154,3378,3799,4199,3280,3672,4563,6741,3385,3755,5352,9563,3368,3648,4587,5684,5.09507,27.0084,8.96821,48.0853
29948,3449,4355,7382,9637,3352,3934,5404,6427,3318,3559,3910,4029,3064,3290,3407,3368,-21.6782,19.0411,8.5409,47.9233
29949,3967,5988,9858,6436,3699,4360,5255,4654,3437,3741,3845,3652,3183,3290,3374,3377,-30.5544,7.85861,8.70193,48.0773
29950,3150,3195,3278,3413,3199,3480,3877,4005,3451,3971,5152,6487,3483,4206,7182,10591,23.0325,20.8181,8.71211,48.08
29951,8826,8420,4669,3590,5735,5552,4081,3488,3837,3872,3590,3259,3451,3360,3255,3210,-23.5598,-15.7587,8.58187,48.13
29952,12513,6138,3887,3339,6220,4692,3747,3451,3966,3880,3472,3200,3324,3424,3244,3143,-26.2496,-28.5655,8.59596,47.76
29953,4935,7664,6912,4567,4290,5908,5569,4194,3538,3975,3915,3538,3250,3426,3273,3208,-19.6574,-1.47046,8.62919,48.108
29954,8054,5664,3879,3343,8584,5862,3938,3421,4759,4153,3657,3267,3729,3452,3359,3137,-14.218,-22.1809,8.92861,48.172
29955,5021,4385,3593,3332,7978,5941,4002,3434,6694,5253,3830,3289,4413,4044,3508,3293,-2.26568,-19.8687,8.74092,48.0067
29956,3459,3725,3895,3625,3762,4760,5301,4023,4099,6034,7430,4538,3829,4599,4867,4133,5.43385,2.62765,8.68381,48.0527
29957,3167,3382,3833,4003,3170,3807,4450,6507,3273,3698,5230,9818,3315,3650,4554,6082,5.76665,30.2952,8.96716,47.9593
29958,3357,3992,5155,4963,3566,4446,7500,6589,3451,3957,5300,5015,3304,3459,3994,3911,-5.9798,13.7486,8.71848,47.9727
29959,3432,3486,3204,3120,3852,4054,3588,3271,5517,6106,4363,3551,6992,8631,5086,3834,20.473,-11.4251,8.87824,48.058
29960,3271,3409,3679,3655,3467,4014,4674,4348,3591,4795,7909,5830,3691,4501,6122,5205,10.8456,9.67399,8.60826,48.1073
29961,11838,5989,3960,3320,6880,4806,3759,3393,4010,3891,3409,3217,3342,3326,3170,3084,-23.2216,-29.2799,8.65,47.596
29962,3701,3823,3382,3191,4832,4665,3735,3373,7275,7276,4328,3545,5906,5745,4048,3428,10.3274,-15.5574,8.73432,48.1687
29963,3133,3335,3546,3427,3323,3596,4089,4123,3613,4270,6479,6150,3710,4549,7693,7375,18.2104,14.2764,8.79002,48.274
29964,4730,8414,8393,4755,4097,4971,4963,4167,3581,3666,3664,3459,3248,3296,3212,3204,-29.5901,-0.0359759,8.85544,47.88
29965,4059,6370,9785,6069,3685,4546,5300,4508,3424,3696,3835,3695,3170,3356,3356,3138,-27.7655,6.38286,8.73895,47.9947
29966,3858,4057,3989,3535,4491,6417,4886,3753,4700,7212,5258,3876,4052,4447,4059,3633,1.54893,-5.31066,8.88562,48.1487
29967,3258,3376,3363,3337,3463,3765,3830,3532,4031,4658,5049,4459,4182,6741,9396,5533,29.6075,4.52607,8.61449,47.982
29968,3194,3452,3480,3482,3436,3797,4443,4351,3654,4524,7401,6245,3634,4626,6778,6095,14.0006,12.0129,8.77763,48.3947
29969,11766,6929,4110,3339,5830,4978,3867,3347,3893,3748,3392,3229,3362,3451,3253,3203,-30.9038,-21.9614,8.6958,47.798
29970,4176,6347,9856,5923,3788,4523,5144,4626,3330,3707,3899,3764,3180,3457,3317,3337,-32.4597,6.11941,8.73167,48.2493
29971,12305,5928,3984,3413,6269,4764,3770,3363,4024,3843,3436,3248,3343,3333,3279,3148,-26.4666,-31.7695,8.59416,47.6333
29972,3399,3366,3273,3209,4006,3815,3464,3146,6884,4957,3768,3278,12044,5874,3824,3398,23.4891,-30.0795,8.75814,47.8033
29973,9244,8811,4556,3466,5422,5195,4188,3366,3869,3878,3543,3278,3370,3292,3297,3133,-30.086,-15.8303,8.81425,47.9387
29974,3251,3415,3487,3326,3617,4183,4220,3777,4281,6070,6724,4387,4284,5986,6679,4580,14.5822,1.53156,8.90786,48.178
29975,5177,7503,5413,3952,4978,7186,5161,3968,3801,4194,3888,3483,3438,3509,3432,3199,-15.5954,-5.98731,8.98647,48.188
29976,3482,3965,6566,11392,3400,3841,5059,6641,3155,3496,3879,4128,3080,3230,3382,3358,-23.256,23.9353,8.87161,48.036
29977,3735,5141,9651,7270,3709,4180,5295,5159,3304,3701,3741,3690,3162,3332,3509,3467,-32.6403,10.8906,8.62838,48.0307
29978,7864,9111,4833,3783,5564,5508,4250,3644,3852,3818,3581,3255,3287,3353,3271,3080,-23.2473,-13.1138,8.92668,48.036
29979,3358,3899,5982,10961,3318,3850,5056,7378,3151,3580,3966,4329,3191,3282,3455,3457,-19.9316,26.0533,8.79056,48.142
29980,3421,3900,4319,4101,3649,4455,6763,5431,3547,4416,6826,5396,3469,3955,4375,4301,0.414044,10.4352,8.75275,48.216
29981,3259,3459,3403,3305,3575,3890,4049,3636,4175,5751,6373,4465,4385,6653,7362,4773,17.7067,1.69711,8.86204,48.342
29982,3443,3420,3232,3126,3912,3779,3416,3203,6530,4907,3934,3242,11808,6708,4095,3403,24.7543,-23.6304,8.86296,48.1053
29983,4791,4484,3764,3479,7060,6501,4090,3503,6278,5838,3930,3465,4240,4123,3558,3253,-1.89242,-16.3263,8.65045,48.238
29984,3179,3492,3885,4181,3450,3772,5070,5856,3438,4035,6241,8316,3282,3882,4892,5558,5.42041,19.6087,8.51752,48.3527
29985,11945,5950,3949,3434,6685,4876,3765,3422,3890,3807,3470,3320,3359,3274,3226,3140,-23.4376,-32.9674,8.74309,47.6747
29986,3539,3725,3555,3481,4333,5107,4282,3699,4891,8000,5590,3899,4552,5435,4434,3905,8.22852,-5.54369,8.8671,48.2847
29987,11194,5930,3945,3368,7240,5029,3852,3274,4193,3815,3492,3279,3540,3390,3184,3147,-20.8681,-27.1329,8.54182,47.9147
29988,3417,3912,5737,10647,3387,3797,4964,7877,3288,3564,3945,4130,3101,3222,3373,3372,-19.3429,31.4893,8.73107,47.822
29989,3129,3243,3465,3387,3218,3503,3892,4188,3290,3783,5022,7602,3403,3948,6172,10685,19.8906,25.5439,8.95873,47.9533
29990,3315,3822,4577,4619,3495,4261,7181,6195,3529,4195,6135,5703,3238,3628,4291,4140,-2.35873,13.2587,8.8982,48.216
29991,3321,3701,4090,4255,3543,4199,5871,5993,3547,4217,6856,6519,3369,3836,4543,4566,1.8677,14.3508,8.78538,48.284
29992,4354,4720,4171,3591,5203,7728,5149,3792,4492,5937,4588,3637,3756,4106,3659,3460,-3.99046,-6.84118,8.71189,48.2287
29993,3144,3248,3462,3425,3360,3449,3852,3887,3373,3779,4679,6132,3383,3957,5966,12466,28.7012,32.031,8.50402,47.708
29994,3160,3377,3560,3517,3403,3777,4550,4531,3709,4590,7731,6511,3562,4345,6187,5629,11.6972,12.3603,8.59042,48.0927
29995,9673,8500,4568,3522,5494,5070,4042,3423,3884,3903,3516,3140,3300,3373,3306,3136,-33.2848,-16.344,8.90278,47.9
29996,5267,9136,7000,4315,4408,5507,4875,4031,3684,3887,3770,3545,3296,3353,3329,3167,-24.4021,-3.2804,8.74654,48.38
29997,6740,7842,4869,3570,5695,6676,4325,3559,4120,4107,3830,3377,3442,3474,3152,3183,-17.765,-11.7677,8.66916,47.974
29998,3422,3771,5623,9134,3347,3884,5375,8528,3298,3516,3944,4643,3062,3336,3558,3547,-15.5744,24.8869,8.82028,47.992
29999,3322,4005,5489,9290,3335,3931,5319,8276,3346,3442,4064,4722,3008,3262,3517,3523,-15.6754,25.9818,8.80831,47.9007
30000,3404,3352,3325,3170,3667,3905,3610,3348,4735,5544,4601,3722,6150,9329,6041,4048,24.1712,-6.49975,8.76937,47.9673
30001,3357,3391,3195,3044,4045,3802,3534,3200,6910,4942,3873,3465,10941,6937,4014,3449,22.3712,-22.1702,8.84023,48.066
30002,3721,4190,5097,4468,3838,5314,8196,5151,3639,4325,5458,4468,3295,3682,3812,3727,-6.27313,6.9509,8.98777,48.254
30003,3336,3686,4828,6059,3274,3929,5768,9319,3306,3719,4545,5934,3159,3404,3815,4045,-7.54275,23.3538,8.63802,48.084
30004,5648,4539,3763,3339,8971,5880,3945,3384,6299,4890,3780,3323,4128,3921,3512,3135,-5.28854,-21.4328,8.75126,48.3047
30005,4285,6963,9024,5151,3972,4770,5260,4466,3453,3796,3885,3553,3233,3462,3399,3286,-33.9194,3.33609,8.70769,47.972
30006,3370,3987,7020,11938,3313,3733,4849,5972,3314,3451,3751,3967,3068,3277,3344,3387,-30.0912,22.4356,8.96484,47.8273
30007,6152,6122,4171,3594,7122,7137,4354,3535,4545,4554,3677,3421,3515,3618,3517,3165,-12.1258,-14.5898,8.72187,48.1327
30008,8468,8959,4756,3717,5474,5505,4124,3512,3916,3927,3441,3272,3364,3373,3229,3044,-24.6742,-14.1027,8.88462,48.054
30009,5386,7912,5564,4047,4948,6843,5061,3796,3801,4130,3892,3505,3322,3601,3445,3216,-17.1186,-6.62321,8.57781,48.3127
30010,5568,4919,4014,3383,8314,6424,3973,3510,5620,4842,3818,3335,3974,3937,3418,3159,-6.9693,-18.8,8.63812,48.1387
30011,4511,4431,3686,3406,6807,6222,4071,3438,6556,5980,3940,3439,4592,4309,3554,3341,-0.754549,-16.6681,8.51741,48.1887
30012,9742,5751,3936,3469,8446,5096,3817,3296,4432,4070,3495,3253,3471,3358,3098,3076,-16.9916,-28.3066,8.71843,47.8707
30013,4594,4109,3520,3211,7939,4825,3727,3281,8516,5072,3774,3348,4871,4321,3572,3303,1.05264,-29.1281,8.74938,47.9887
30014,3400,3618,3349,3323,3857,4433,4040,3688,4718,7049,5853,4060,4704,6598,5469,4109,14.0229,-3.15722,8.74235,48.1787
30015,3216,3724,5023,7911,3402,3791,5293,9767,3303,3442,4149,4949,3186,3310,3714,3713,-12.1918,28.5826,8.74845,47.9287
30016,3596,4320,6334,6012,3597,4406,7434,6728,3348,3719,4577,4487,3165,3339,3700,3715,-12.4024,13.2338,8.82093,48.318
30017,3187,3414,3797,3821,3388,3725,4635,5323,3348,4151,6669,8281,3315,3872,5191,5977,8.61477,18.1981,8.75024,48.0627
30018,3178,3292,3348,3293,3543,3765,3771,3558,4274,5309,5462,4329,4692,7728,7862,4826,22.4498,0.182187,8.72741,48.1533
30019,3362,3544,3598,3272,3961,4233,3984,3556,4798,7134,5661,3905,5041,6974,5673,4039,15.0455,-4.29374,8.79168,48.49
30020,3812,3690,3300,3232,5702,4433,3669,3334,10122,5267,3702,3346,6678,4951,3582,3309,8.45633,-30.6051,8.73381,48.086
30021,4098,3697,3390,3182,6277,4381,3606,3292,10046,5238,3757,3324,6180,4678,3663,3267,6.70475,-28.2788,8.93018,48.0507
30022,3372,3331,3241,3140,3936,3911,3480,3219,5680,4982,3919,3445,10421,7974,4369,3514,28.6396,-18.3989,8.89562,47.956
30023,3171,3443,3622,3400,3449,3887,4687,4225,3642,4927,7738,5677,3651,4719,6553,5520,12.8475,9.22956,8.61078,48.2073
30024,3634,4658,8938,8733,3580,4001,5280,5340,3255,3636,3809,3959,3099,3254,3430,3387,-27.3011,14.7301,8.66725,47.9953
30025,6378,5942,4073,3428,7433,6977,4217,3544,4829,4344,3780,3313,3694,3598,3423,3221,-11.5584,-16.4642,8.82305,48.1293
30026,9065,5306,3847,3351,8983,5080,3771,3346,4730,4035,3520,3279,3674,3506,3326,3168,-14.9258,-29.312,8.64049,47.9913
30027,3166,3321,3354,3423,3427,3488,3763,3824,3746,4395,5258,4815,3830,5604,9835,6834,32.2023,9.17664,8.61845,48.0553
30028,3446,3342,3209,3190,4022,3650,3400,3268,6096,4635,3864,3368,12500,6081,3880,3362,32.3932,-27.052,8.62091,47.542
30029,4472,7201,7986,4958,4239,5359,5665,4345,3562,3851,3895,3578,3281,3337,3503,3369,-21.0262,1.80816,8.65556,48.4007
30030,3412,4288,7628,10363,3464,3999,5200,6097,3192,3448,3780,3983,3112,3214,3349,3316,-24.679,19.0529,8.59008,47.8967
30031,3311,3943,6051,12496,3308,3894,4645,6209,3321,3459,3832,3789,3172,3164,3404,3278,-28.1539,33.2161,8.63819,47.5173
30032,3854,5325,9627,6946,3665,4345,5445,4933,3406,3598,3907,3684,3162,3184,3578,3448,-25.0733,9.98925,8.55684,48.0713
30033,3433,3626,3647,3366,3801,4376,4373,3759,4390,6987,6876,4362,4240,5550,5579,4093,11.2216,-0.45239,8.94211,48.3053
30034,3065,3430,3799,3591,3450,3947,4674,4339,3627,4758,7883,6058,3541,4426,6486,5366,11.2107,10.4818,8.91023,48.2933
30035,3870,5502,9616,6796,3898,4400,5649,4998,3344,3543,3794,3835,3126,3308,3408,3423,-23.6587,9.4679,8.94703,48.34
30036,4196,3906,3459,3265,6878,4556,3742,3200,9563,5160,3744,3449,5422,4422,3691,3363,4.23447,-32.7546,8.80492,48.0107
30037,3234,3272,3427,3406,3393,3778,4092,3954,3761,4711,6819,5189,3878,5238,8267,5825,17.8519,8.33295,8.98556,48.1627
30038,4062,3820,3432,3242,6643,4620,3698,3262,9598,5503,3830,3360,5730,4529,3664,3245,5.15238,-25.454,8.85197,48.1587
30039,3411,3440,3279,3149,3789,4005,3529,3347,5083,5484,4226,3614,7165,9605,5254,3855,24.6322,-10.9216,8.67217,48.1567
30040,8594,7237,4149,3494,6837,5817,4116,3505,4194,4013,3433,3259,3473,3470,3327,3038,-18.2031,-17.7286,8.99979,47.9707
30041,3142,3245,3322,3347,3211,3468,3845,3972,3493,3793,4792,6239,3296,3896,6129,12367,27.717,27.2568,8.67995,47.7047
30042,3166,3433,4178,4510,3270,3800,5094,7524,3314,3811,5378,8518,3303,3543,4362,5137,1.6754,24.2524,8.77708,48.2273
30043,3269,3568,3750,3804,3422,4002,5206,4785,3672,4772,8012,5948,3559,4167,5383,4790,7.23235,10.0384,8.65534,48.0727
30044,3442,3361,3390,3111,3873,3980,3747,3429,5182,6070,4517,3692,6361,8875,5371,3801,20.5103,-9.38193,8.77218,48.1347
30045,3600,4123,5752,5536,3696,4466,7724,6518,3454,3787,4783,4643,3108,3430,3834,3639,-10.1351,12.7666,8.58342,48.062
30046,3393,3960,5565,9862,3294,3824,5060,8408,3255,3480,3988,4521,3123,3320,3427,3519,-17.0459,27.1955,8.7878,47.9993
30047,5158,5556,4134,3505,6597,7867,4512,3580,4780,5038,3933,3412,3698,3807,3431,3238,-8.09142,-12.4407,8.50457,48.164
30048,3172,3222,3323,3370,3316,3522,3796,3835,3714,4428,5291,4883,3964,5835,9981,6589,30.2225,8.16845,8.75017,48.1607
30049,3398,3856,5584,8620,3350,3901,5613,8788,3259,3490,4194,4685,3125,3298,3563,3624,-14.7761,24.5511,8.83968,48.232
30050,4434,3902,3427,3249,7363,4731,3785,3333,9145,4944,3790,3412,5196,4451,3700,3208,2.90127,-32.065,8.84467,48.0467
30051,3569,3461,3183,3096,4565,3983,3536,3242,8784,5181,3892,3388,9225,5486,3862,3380,15.5575,-30.4204,8.9008,47.8887
30052,8102,5320,3902,3454,9021,5501,3765,3311,5050,4164,3463,3313,3743,3582,3410,3151,-13.0997,-25.3685,8.52869,48.168
30053,3389,3948,4134,3998,3761,4858,6783,4756,3691,4904,7301,4985,3523,4003,4348,4171,0.815856,6.84277,8.98119,48.3687
30054,3118,3149,3510,3435,3143,3467,3718,3987,3346,3886,4731,6061,3390,4085,7034,11635,27.3601,22.1747,8.76938,47.7967
30055,3680,3534,3227,3307,4995,4229,3499,3246,9519,5140,3875,3424,7905,5231,3848,3306,12.4758,-32.5897,8.64646,47.9767
30056,4337,4197,3575,3266,6291,5324,3899,3432,7456,6311,4097,3410,5217,4644,3693,3387,3.00484,-17.7739,8.55948,48.3573
30057,3241,3331,3263,3159,3695,3845,3656,3368,4952,5594,4338,3756,6826,10073,5569,3874,25.3887,-9.24175,8.98662,48.36
30058,4692,4200,3552,3277,7283,5518,3787,3334,7829,5733,3740,3476,4779,4360,3563,3216,0.683924,-20.8088,8.9146,48.226
30059,3287,3704,3906,3846,3502,3989,5711,5037,3640,4525,7767,6052,3505,4020,4976,4765,4.70403,11.4028,8.74772,48.1547
30060,3305,3772,4173,4490,3458,4112,6416,6192,3518,4128,6521,6347,3387,3714,4245,4484,0.16452,14.7963,8.90968,48.1747
30061,3741,4184,4119,3817,4021,6040,5932,4193,4179,6178,6097,4139,3752,4008,4083,3720,0.0609734,-0.0311915,8.99291,48.1353
30062,11064,6284,3950,3326,7306,5070,3769,3394,4194,3853,3471,3310,3426,3424,3201,3077,-21.1956,-24.9665,8.8548,48.0793
30063,3432,4060,6069,12192,3392,3730,4945,6456,3148,3408,3787,3984,3099,3150,3350,3347,-25.1567,28.1981,8.56559,47.6993
30064,8487,9152,4830,3555,5236,5142,4193,3589,3878,3851,3556,3242,3360,3430,3309,3168,-32.7643,-13.7645,8.95197,47.9853
30065,3568,3749,3783,3386,4121,5172,4946,3930,4491,7229,6608,4119,4104,4847,4518,3939,5.80075,-1.66766,8.96215,48.34
30066,3295,3561,3914,3977,3463,4077,5396,5099,3521,4463,7729,6617,3550,3871,4883,5084,5.67869,12.9853,8.90224,48.3333
30067,5275,8281,6482,4287,4424,5881,5097,3984,3686,3782,3835,3518,3296,3369,3436,3235,-20.349,-3.64215,8.76191,47.912
30068,3269,3485,3529,3316,3550,4002,4232,3838,4014,5526,7106,4853,4142,5569,6873,4984,14.8127,4.42722,8.78489,48.192
30069,3372,3376,3276,3040,3893,3686,3428,3146,6310,4730,3780,3359,12586,6069,3935,3368,27.9836,-28.0918,8.82914,47.5693
30070,3421,4050,6827,12030,3463,3727,4889,5947,3269,3456,3748,3960,3108,3322,3368,3374,-29.9078,23.768,8.71072,47.9727
30071,3321,3389,3321,3216,3919,3806,3300,3268,6176,4737,3746,3431,12579,6050,3899,3420,27.519,-29.1541,8.6482,47.7187
30072,4263,5623,5772,4423,4187,6336,7163,4460,3734,4345,4524,3778,3401,3526,3542,3424,-11.9101,1.13104,8.50042,48.334
30073,3141,3255,3506,3506,3292,3787,4186,3974,3690,4328,6473,5790,3686,4891,7929,6818,18.4858,12.0912,8.63715,48.168
30074,3084,3254,3400,3369,3398,3593,3777,3712,3790,4355,5325,4850,3885,5927,9855,6445,27.8312,8.46232,8.58186,48.0127
30075,3284,3753,5367,7426,3318,3886,5709,9485,3357,3520,4241,5203,3101,3234,3570,3827,-11.2602,23.594,8.93623,48.1873
30076,10060,7395,4288,3408,6467,5440,3937,3473,4286,3763,3540,3348,3393,3390,3215,3051,-21.8868,-19.3766,8.88366,48.3027
30077,3429,4028,6953,10884,3463,3956,5197,6751,3217,3411,3924,3977,3040,3235,3445,3349,-22.5213,21.7686,8.8427,48.1727
30078,4712,5756,4637,3775,5169,8175,5458,3844,4091,4904,4172,3596,3530,3676,3490,3226,-9.46769,-6.48668,8.743,48.1407
30079,3029,3220,3436,3262,3196,3470,3748,3907,3422,3715,4703,6015,3330,3855,5981,12501,31.7963,31.6916,8.63606,47.1933
30080,3817,3755,3536,3319,4724,5649,4138,3552,5987,7887,4724,3655,4815,5081,4168,3554,5.83807,-10.5692,8.67936,48.2407
30081,4594,4104,3462,3267,8233,4942,3664,3339,8584,5201,3745,3372,4869,4148,3717,3192,0.78754,-33.801,8.97274,48.2887
30082,3181,3302,3690,3692,3269,3605,4265,5166,3339,3726,5163,9412,3404,3962,5071,7517,11.6341,32.7747,8.53326,47.8427
30083,3734,3683,3278,3181,4911,4423,3622,3260,8694,6188,4071,3426,7009,5395,3980,3357,11.3603,-19.9673,8.71432,48.1413
30084,12418,6449,3934,3326,6236,4787,3829,3375,3943,3732,3395,3306,3398,3341,3160,3067,-27.7322,-26.2123,8.97189,47.7973
30085,5997,9425,6009,4067,4775,5750,4632,3889,3783,3875,3726,3438,3258,3399,3261,3214,-22.7616,-6.88163,8.67141,48.332
30086,4368,4770,4176,3746,5390,7783,4954,3733,4802,5935,4297,3641,3899,3973,3655,3377,-4.04842,-8.58929,8.65081,48.3327
30087,3396,4094,6757,9662,3448,3930,5386,7150,3191,3548,3895,4263,3107,3246,3417,3539,-19.6428,20.909,8.81271,48.0193
30088,3654,3558,3381,3099,4950,4294,3645,3369,7926,6609,4078,3428,6970,5848,4044,3422,12.4217,-18.4511,8.68566,48.1833
30089,4767,4532,3793,3355,7600,6375,4144,3421,6384,5517,3855,3416,4358,4043,3645,3197,-2.42791,-17.5417,8.75111,48.268
30090,5998,4728,3692,3284,9948,5153,3760,3424,6159,4415,3720,3274,3975,3830,3339,3275,-6.6975,-32.5006,8.74467,47.9827
30091,3831,5404,9624,7045,3653,4367,5714,5063,3357,3582,3718,3725,3075,3221,3380,3329,-24.2991,10.1632,8.72007,48.0587
30092,3335,3262,3308,3235,3716,3905,3655,3422,4760,5665,4456,3765,6455,9705,5862,4002,24.4042,-8.12959,8.76162,48.3387
30093,4658,7769,8050,4952,4175,5133,5446,4284,3396,3858,3851,3572,3136,3318,3388,3289,-22.1709,0.613148,8.92175,48.1833
30094,3371,3294,3169,3186,3869,3683,3430,3251,6265,4827,3754,3356,12382,5982,3956,3454,26.8663,-32.825,8.65468,47.486
30095,4055,5581,6295,4474,4321,5985,7333,4734,3667,4153,4420,3772,3291,3498,3585,3466,-12.9025,2.57765,8.58694,48.42
30096,3678,3649,3278,3114,4895,4325,3589,3181,8663,5684,3804,3454,8089,5528,3957,3288,13.5469,-22.6115,8.53034,48.1173
30097,3587,4466,8334,9547,3535,4002,4868,5452,3347,3550,3868,4017,3060,3199,3327,3623,-31.4778,16.979,8.62849,47.8547
30098,3269,3225,3386,3320,3582,3875,3783,3499,4370,5012,4686,3968,5251,9378,7080,4228,32.92,-3.46792,8.96344,47.9413
30099,3568,3930,3970,3700,3985,5367,5583,4032,4155,6467,6599,4302,3847,4412,4353,3898,3.22632,0.370638,8.93753,48.112
30100,3331,4163,6484,8451,3506,4087,5873,7611,3231,3568,4159,4345,3159,3335,3496,3499,-16.3014,19.1872,8.74544,48.1987
30101,4749,4046,3518,3158,8265,4890,3736,3338,8541,4918,3687,3366,4931,4212,3641,3183,0.501882,-30.7101,8.90831,48.1193
30102,3122,3160,3441,3325,3510,3649,3901,3737,3798,4548,5859,4759,4045,5892,9381,5949,22.5715,7.19507,8.81585,48.0507
30103,4133,5163,5480,4222,4235,6444,7297,4494,3727,4397,4787,3858,3422,3563,3603,3487,-9.81524,1.5758,8.85159,48.208
30104,3279,3698,4423,4410,3418,4219,6667,6309,3561,4218,6355,6161,3443,3697,4301,4459,-0.169034,14.1932,8.62742,48.412
30105,4631,3973,3551,3152,7656,4785,3706,3345,8827,5078,3756,3336,5003,4348,3608,3294,2.22704,-29.4011,8.57283,48.0327
30106,4090,6446,10002,5911,3762,4552,5394,4576,3243,3666,3862,3658,3211,3442,3363,3302,-26.8601,5.96605,8.95194,48.32
30107,2994,3290,3436,3508,3414,3606,3935,3797,3665,4397,6147,5259,3781,5148,8984,7240,21.1582,11.5933,8.93642,48.4007
30108,3694,3612,3497,3236,4401,4840,4030,3566,5679,8207,4881,3701,5086,5915,4364,3587,9.96526,-9.52884,8.68884,48.1973
30109,4410,6083,5181,4167,4692,7677,6125,4055,3954,4458,4163,3667,3489,3652,3432,3359,-11.4894,-3.08851,8.99234,48.376
30110,4927,8498,8033,4546,4184,5045,4845,4229,3536,3713,3690,3586,3169,3400,3343,3283,-29.2697,-0.777819,8.675,48.018
30111,3150,3244,3342,3465,3206,3497,3765,3855,3573,4012,5326,5717,3517,4596,8590,9186,24.8033,15.9586,8.78498,48.0273
30112,3365,3819,5436,8698,3384,3784,5496,8818,3295,3568,4073,4711,3192,3221,3590,3653,-14.8165,25.9921,8.61079,48.0687
30113,3155,3212,3462,3492,3188,3512,4002,4104,3389,3855,5229,7140,3382,4173,6383,10244,20.2125,23.0055,8.50246,47.948
30114,3680,4054,4122,3835,3947,5416,6042,4236,3967,5799,6765,4293,3653,4168,4377,3915,1.51832,2.15925,8.88344,48.1793
30115,3417,4309,7913,10514,3472,3891,4860,5773,3248,3427,3841,3899,3105,3221,3319,3389,-30.5956,19.1361,8.72539,47.732
30116,3267,3403,3401,3472,3417,3788,4289,3998,3719,4662,7061,5547,3780,4985,7557,5844,16.1748,9.4556,8.52814,48.1267
30117,7057,5003,3837,3392,9702,5291,3788,3370,5538,4433,3566,3307,3644,3641,3379,3114,-10.0084,-33.1212,8.56913,48.0413
30118,3614,4512,6645,6298,3596,4359,7061,6465,3394,3742,4420,4391,3211,3312,3546,3592,-13.9383,13.7566,8.61528,48.1053
30119,3908,3722,3475,3109,5457,4816,3769,3278,8779,6305,4063,3369,6008,4980,3888,3333,7.58507,-19.5862,8.60742,48.1727
30120,3424,3961,5963,8390,3426,3902,5696,8346,3218,3622,4123,4682,3177,3184,3487,3710,-15.1072,21.8781,8.70857,48.2073
30121,3266,3655,4619,5340,3393,3944,6067,8584,3339,3752,5055,6394,3166,3557,3923,4131,-4.86102,20.3619,8.66519,48.1233
30122,3828,4318,4529,4052,4093,5834,7119,4534,3848,5120,5858,4311,3646,3878,3942,3718,-3.37454,3.06951,8.67625,48.4187
30123,3187,3348,3336,3311,3382,3665,3866,3684,3939,4666,5130,4547,4212,6798,9423,5547,30.9176,4.32317,8.57117,48.0273
30124,7035,9352,5310,3701,5242,5685,4322,3600,3797,3852,3673,3426,3354,3447,3262,3117,-23.8809,-10.5963,8.62166,48.1167
30125,3104,3215,3396,3269,3377,3477,3879,3903,3458,4111,5475,5344,3617,4885,9362,8248,25.1773,13.1193,8.90282,48.08
30126,4629,6069,5072,3972,4665,7596,5984,4022,3959,4487,4179,3654,3454,3738,3552,3352,-11.2769,-3.81783,8.71998,48.256
30127,3555,4358,7242,7743,3555,4285,6309,6688,3262,3528,4092,4198,3073,3236,3495,3561,-17.692,15.9379,8.60095,48.12
30128,3368,3525,3239,3169,3942,3763,3499,3170,5751,5035,3903,3342,10844,7825,4258,3482,32.1895,-19.2807,8.83186,48.0767
30129,3221,3327,3359,3167,3591,3833,3841,3530,4208,5287,5102,4131,4952,8462,7707,4543,24.805,-1.06329,8.66613,48.174
30130,6812,9232,5283,3753,5294,6023,4397,3700,3750,3844,3720,3309,3435,3453,3284,3070,-21.4861,-10.0032,8.95295,48.2393
30131,3455,3919,6162,12624,3416,3675,4917,6022,3278,3492,3764,3950,3115,3238,3268,3447,-30.8423,26.844,8.76126,47.828
30132,3174,3235,3343,3449,3279,3383,3730,3861,3360,3695,4587,5974,3408,3843,6063,12891,31.0354,31.7543,8.86141,47.5167
30133,3381,3505,3210,3130,3940,3813,3437,3227,5984,4653,3760,3388,12682,6113,3860,3377,29.7362,-28.5712,8.56492,47.64
30134,3298,3224,3214,3116,3830,3814,3642,3249,5420,5147,4068,3538,9297,8864,4712,3639,27.508,-15.394,8.90972,48.048
30135,4443,7356,9510,5231,3917,4691,5092,4417,3423,3677,3791,3692,3151,3325,3290,3274,-29.0926,3.10141,8.95347,48.1867
30136,3062,3332,3518,3603,3219,3521,4014,4801,3427,3810,5374,9084,3309,3822,5477,8591,13.9171,27.5629,8.82813,47.976
30137,3178,3452,3523,3386,3491,3970,4229,3864,3901,5266,7116,4938,4015,5497,7315,5201,15.8228,5.54732,8.72143,48.228
30138,3154,3343,3327,3349,3307,3389,3862,3965,3386,3850,4756,6615,3367,3927,6222,11851,24.2979,32.4897,8.5287,47.78
30139,4221,6332,9027,5795,3827,4662,5573,4615,3379,3667,3832,3675,3262,3397,3390,3335,-23.1837,5.35714,8.51597,47.9927
30140,5232,8875,7146,4543,4387,5430,5048,3889,3690,3728,3735,3501,3243,3395,3341,3177,-23.8936,-2.88092,8.8878,48.24
30141,4180,4321,3888,3449,5308,6940,4445,3522,5281,6808,4639,3577,4252,4465,3854,3448,0.247572,-9.70637,8.58711,48.2513
30142,3387,3696,3853,3700,3713,4586,5494,4185,3814,5649,7885,4905,3855,4428,4944,4315,5.80812,4.91143,8.73166,48.2727
30143,3598,4667,8818,8999,3477,4019,5311,5577,3411,3602,3749,3905,3179,3270,3398,3312,-26.8808,15.4466,8.52704,48.1947
30144,5304,6751,4630,3724,5754,7912,4799,3685,4288,4589,3800,3413,3449,3577,3545,3123,-12.5573,-9.56103,8.72262,48.2287
30145,4205,6708,9503,5692,3944,4550,5283,4609,3449,3664,3789,3582,3233,3302,3379,3265,-29.7149,4.75803,8.63771,48.1047
30146,3253,3379,3530,3518,3447,3904,4469,4054,3832,5047,7385,5406,3898,4952,6850,5407,14.2893,8.03672,8.65104,48.2207
30147,3549,3531,3276,3102,4542,3975,3480,3312,8840,5011,3968,3300,9069,5537,3792,3378,15.1327,-32.7406,8.96595,47.7747
30148,4182,6594,9210,5478,3933,4802,5576,4497,3466,3669,3965,3692,3233,3351,3347,3229,-24.3408,4.6059,8.61674,48.1493
30149,3062,3369,3434,3330,3309,3539,3998,4044,3629,4121,5712,5967,3560,4649,8442,8166,21.2798,14.8484,8.98944,48.2207
30150,3415,3366,3153,3120,3951,3802,3542,3171,6103,4818,3777,3321,12203,6691,3887,3345,27.6949,-24.7526,8.99592,47.7767
30151,3199,3337,3378,3336,3412,3631,3697,3635,3927,4773,5214,4356,4356,7167,9432,5310,31.7827,3.67943,8.98397,48.1067
30152,3962,5483,8498,5930,3773,4781,6516,5105,3441,3757,4086,3750,3156,3249,3453,3342,-19.3004,7.64588,8.70374,48.188
30153,3581,4442,8636,9711,3555,4035,5085,5475,3307,3510,3880,3901,3131,3246,3249,3359,-28.3609,16.5441,8.57838,48.0687
30154,3239,3364,3326,3227,3536,3793,3699,3528,4037,4937,4997,4171,4782,8258,8319,4887,27.8248,0.336789,8.65193,48.0667
30155,3677,4210,4391,3856,4066,5686,6638,4389,3978,5472,6294,4439,3669,3970,4127,3824,-1.06493,2.89646,8.55475,48.4573
30156,4724,4126,3437,3132,8010,4880,3728,3351,8330,5081,3698,3518,4963,4214,3702,3423,0.636545,-28.665,8.64583,48.2113
30157,3086,3264,3360,3383,3272,3549,3823,3871,3388,3907,4912,5884,3453,4136,6926,11637,31.5089,22.4106,8.62125,47.9007
30158,3064,3313,3392,3328,3192,3410,3657,3924,3389,3745,4820,6286,3319,4015,6148,12455,26.4324,26.9546,8.77388,47.638
30159,3639,3739,3422,3290,4502,4783,3885,3383,6390,7911,4795,3638,5218,5881,4357,3550,9.82536,-11.348,8.72079,48.2553
30160,4354,6229,5738,4140,4466,7029,6405,4219,3791,4354,4183,3690,3525,3488,3611,3372,-12.6818,-1.4305,8.66692,48.396
30161,4412,3902,3402,3268,7229,4704,3786,3332,9109,5044,3894,3409,5328,4328,3632,3404,3.21349,-29.2158,8.7326,48.122
30162,3615,3640,3309,3172,4391,4324,3721,3293,6774,7152,4362,3604,6683,6410,4372,3651,13.6157,-14.674,8.76406,48.3153
30163,3088,3307,3413,3463,3192,3533,3799,3916,3348,3879,4895,5946,3388,4068,6703,12004,30.6573,23.7701,8.63983,47.9613
30164,3288,3410,3263,3364,3529,3742,3874,3577,4059,4898,5035,4280,4402,7488,8808,5108,32.1265,2.23642,8.64851,48.0833
30165,3899,5591,9340,6657,3737,4326,5710,5014,3321,3663,3897,3820,3080,3275,3378,3252,-23.554,9.19783,8.57812,47.9733
30166,8677,6603,4243,3516,7203,5759,4061,3475,4450,4060,3581,3334,3483,3635,3265,3205,-17.6356,-19.4387,8.51371,48.3667
30167,10255,8194,4317,3466,5561,5091,3841,3436,3958,3786,3474,3302,3376,3321,3243,3173,-32.4731,-18.0585,8.84726,47.8627
30168,3343,3841,5821,12367,3388,3668,4694,5937,3295,3385,3750,3963,3286,3345,3430,3474,-33.5303,32.2938,8.51544,47.3247
30169,3666,4908,8617,7719,3570,4203,5778,5580,3285,3576,4021,3928,3243,3385,3421,3427,-21.7548,13.1039,8.77075,48.218
30170,3444,3974,5730,10524,3426,3854,5029,7587,3127,3510,3906,4342,3197,3259,3259,3365,-19.2714,33.7391,8.71615,47.6887
30171,3722,3832,3575,3283,4625,5181,4163,3580,5664,8034,5100,3664,4731,5148,4233,3632,7.25714,-8.58645,8.65895,48.1113
30172,3412,3557,3336,3205,4076,4257,3637,3444,5853,6819,4414,3648,6648,7413,4766,3701,16.5523,-12.0577,8.58411,48.124
30173,5544,4650,3778,3341,8138,6401,3977,3494,5964,4982,3764,3475,4194,3985,3495,3198,-5.24923,-18.9018,8.84182,48.2533
30174,3387,3904,6045,12805,3405,3716,4684,6085,3189,3443,3750,3814,3262,3222,3341,3389,-26.6031,33.9259,8.99692,47.6273
30175,3714,3745,3446,3149,5067,4684,3853,3361,7666,7214,4172,3374,5945,5493,4053,3338,10.2011,-16.4014,8.77188,48.1827
30176,3659,3741,3403,3249,4695,4394,3683,3341,7469,6817,4346,3469,6576,5980,4162,3515,12.502,-16.4995,8.62783,48.3327
30177,3657,4378,6777,6103,3577,4574,7481,6486,3418,3667,4301,4275,3143,3348,3601,3599,-13.7844,12.9895,8.95862,48.2567
30178,7400,5155,3936,3358,9392,5519,3833,3395,5134,4271,3560,3238,3738,3705,3329,3190,-11.4509,-25.0332,8.67909,48.102
30179,3610,4161,4598,4110,3994,5559,7147,4469,3762,4976,6074,4372,3591,3828,4080,3680,-2.65016,3.36734,8.86263,48.0073
30180,3431,3380,3297,3099,4043,3933,3564,3376,5913,5347,4102,3490,9633,8047,4250,3508,24.2383,-17.5645,8.64018,48.2753
30181,3379,3977,5669,7719,3482,4004,5848,8412,3248,3651,4174,4637,3164,3290,3527,3649,-13.8727,21.1623,8.67882,47.8867
30182,3278,3798,5065,7317,3374,3894,5217,9926,3323,3669,4300,5196,3136,3379,3583,3572,-11.2899,31.4439,8.75918,48.018
30183,4778,7730,7479,4633,4325,5720,5478,4224,3593,3886,3828,3494,3235,3429,3426,3222,-20.7561,-0.592149,8.93781,48.32
30184,3419,3920,6015,12347,3329,3778,4740,6250,3244,3506,3856,3842,3200,3242,3405,3270,-26.7973,31.6521,8.7152,47.5753
30185,5589,6102,4392,3575,6325,7781,4490,3711,4488,4815,3865,3456,3634,3612,3521,3143,-10.7788,-11.8761,8.77506,48.3327
30186,4018,4594,4108,3638,4642,7118,5598,3789,4408,6136,4972,3815,3926,3978,3841,3531,-2.70483,-3.8332,8.87059,48.0747
30187,3809,5246,9497,7588,3631,4328,5558,5108,3300,3502,3823,3814,3105,3313,3496,3292,-24.9894,11.4388,8.96052,48.2733
30188,4709,7437,6584,4290,4350,6182,5803,4059,3684,4097,3925,3656,3243,3531,3553,3297,-18.0167,-1.69626,8.60263,48.2667
30189,3591,4471,5895,5087,3608,4945,8039,5976,3483,3896,4826,4478,3210,3480,3659,3609,-9.78937,10.2157,8.80948,48.1687
30190,10696,7560,4177,3447,5673,5069,3873,3310,4001,3858,3534,3283,3419,3398,3197,3118,-33.2847,-19.5724,8.63729,47.742
30191,3288,3312,3194,3174,3726,3811,3606,3402,4849,5470,4411,3686,6885,9686,5677,3765,26.6147,-9.26454,8.89822,47.9613
30192,3192,3555,4196,5044,3380,3704,5059,8976,3372,3653,4717,7844,3204,3451,4017,4557,-1.80131,30.8939,8.95752,47.9473
30193,3411,3935,5692,9477,3320,3785,5378,8501,3303,3529,4059,4419,3159,3237,3357,3522,-16.1633,24.8853,8.99467,48.056
30194,3316,3403,3595,3321,3447,3827,4353,3953,3938,5290,7409,5021,3974,5247,7052,5048,14.6588,5.80108,8.82121,48.1293
30195,3227,3502,3525,3354,3627,4093,4191,3829,4111,5941,6871,4676,4209,5748,6487,4784,14.7203,2.39042,8.73722,48.1167
30196,9685,7514,4306,3535,6407,5383,4046,3639,4112,3876,3623,3293,3351,3419,3129,3059,-22.0478,-18.5418,8.61864,48.2513
30197,12123,6811,4007,3375,6173,4920,3762,3266,3965,3744,3448,3225,3449,3325,3227,3064,-27.5215,-23.4352,8.81973,47.9227
30198,4765,5376,4088,3579,5956,8070,4820,3719,4588,5377,4204,3495,3854,3909,3448,3284,-6.95507,-10.2539,8.8654,48.3547
30199,3065,3394,3689,3928,3260,3663,4576,5747,3368,3918,5267,9805,3388,3732,4796,6383,8.30237,33.9727,8.5352,47.986
30200,3151,3302,3413,3266,3371,3630,3801,3688,3805,4394,5364,4901,3856,5808,10095,6312,32.9241,7.80081,8.89361,48.1047
30201,3442,3459,3531,3364,3708,4267,4164,3725,4448,6484,6517,4276,4473,6124,6087,4351,14.1425,-0.164735,8.67701,48.28
30202,3473,3984,5711,10751,3494,3877,4939,7708,3281,3425,3983,4244,3175,3215,3448,3354,-19.0704,29.6429,8.84787,48.0413
30203,3526,3476,3246,3144,4353,4104,3546,3331,7345,5888,3892,3394,8699,6638,4082,3360,17.644,-19.4169,8.74321,48.016
30204,3387,3692,4561,5704,3387,3738,5235,9668,3419,3668,4578,6768,3171,3384,3903,4167,-4.92195,29.8471,8.7172,48.2867
30205,3543,3594,3469,3305,3990,4539,3935,3643,5046,7721,5364,3845,4970,6542,4942,3738,12.7798,-6.58509,8.65331,48.124
30206,3390,3461,3202,3085,3789,3813,3453,3166,6238,4770,3757,3402,12665,6038,3949,3445,27.4832,-29.3254,8.82924,47.7487
30207,3189,3581,4708,5779,3327,3873,5186,9663,3268,3682,4667,6501,3188,3543,3858,4086,-5.52179,30.5111,8.79162,48.066
30208,4323,3969,3462,3120,7049,4718,3805,3389,9027,5384,3837,3342,5492,4464,3685,3305,3.78175,-26.2935,8.59414,48.2473
30209,3044,3113,3421,3403,3141,3485,3724,4001,3269,3903,5127,6466,3424,4124,6904,11557,24.5491,22.8432,8.83392,48.0707
30210,3512,3898,4086,3864,3912,5227,5871,4258,3986,5743,6847,4545,3766,4175,4386,4118,2.44396,3.0584,8.61209,48.1293
30211,3384,3771,3814,3589,3863,4754,5292,3993,4101,6502,7328,4503,3795,4506,4883,4193,6.18931,2.24819,8.90649,48.1807
30212,6037,10083,6007,3892,4616,5273,4580,3785,3715,3828,3554,3374,3316,3310,3205,3246,-32.9124,-7.30518,8.97003,47.8807
30213,3539,4239,8152,10179,3379,4031,5172,5727,3220,3423,3725,3858,3015,3248,3345,3463,-27.6531,18.0192,8.79398,47.81
30214,12338,6506,3914,3325,6042,4906,3831,3280,3855,3823,3521,3249,3401,3424,3304,3180,-31.67,-25.2674,8.56866,47.9327
30215,3181,3307,3478,3476,3384,3767,4087,4129,3605,4353,6482,6023,3751,4612,7679,6889,17.2508,13.2331,8.70068,48.1353
30216,3295,3975,6342,10519,3424,3838,5185,7321,3128,3586,3849,4403,3104,3163,3364,3453,-19.9555,23.0336,8.92251,47.966
30217,3260,3499,4032,4058,3439,3857,5272,5627,3498,4191,6714,7340,3341,3870,4833,5251,4.85855,16.4737,8.52948,48.0547
30218,3339,3428,3276,3028,3892,4057,3748,3420,5342,6652,4626,3829,6211,8335,5128,3869,18.4777,-9.40725,8.7865,48.12
30219,4589,6503,6320,4332,4471,6425,6074,4192,3624,4135,4057,3613,3329,3541,3418,3337,-15.9069,-0.85195,8.50904,47.9733
30220,3389,3283,3136,3166,3980,3800,3461,3301,6577,4783,3765,3414,11917,6126,3987,3395,24.4317,-28.0252,8.72306,47.6533
30221,3606,3711,3595,3305,4106,5163,4417,3662,4803,8086,5822,3918,4405,5333,4631,3860,7.73446,-4.56617,8.79276,48.282
30222,4631,7921,8771,5004,3909,4881,4902,4264,3638,3732,3759,3584,3201,3346,3430,3254,-27.3153,1.25742,8.94037,48.1513
30223,3140,3190,3274,3448,3222,3453,3712,3875,3424,3792,4773,6031,3325,3915,6399,12387,30.0716,25.7262,8.86729,47.5733
30224,4415,7069,8376,4862,4122,5207,5741,4385,3479,3766,3914,3582,3183,3332,3443,3325,-21.4107,2.3673,8.56709,48.134
30225,3335,3475,4131,4870,3337,3686,4995,8453,3401,3796,4905,8025,3295,3534,4144,4575,-0.486325,31.8881,8.95258,47.9713
30226,3181,3385,3467,3383,3635,3961,3995,3705,4049,5634,5853,4464,4460,6655,7418,4779,18.4307,1.20799,8.58691,48.016
30227,3905,4552,4892,3953,3998,6154,7502,4590,3838,4573,5363,4068,3535,3752,3844,3619,-5.90035,2.80156,8.9767,48.092
30228,3263,3769,4975,6993,3331,3779,5566,9423,3146,3755,4434,5443,3109,3382,3705,3958,-10.1142,24.7466,8.59984,48.0207
30229,3207,3247,3387,3376,3258,3447,3780,4006,3367,3775,4912,5974,3382,3948,6634,11838,32.1624,23.9232,8.69889,47.692
30230,4328,5143,4457,3761,4909,7951,5851,3987,4153,5075,4395,3720,3595,3793,3541,3422,-7.31753,-4.45024,8.79683,48.054
30231,9142,5589,3892,3395,8697,5174,3755,3419,4558,4029,3434,3180,3574,3496,3248,3111,-15.8175,-26.4757,8.79196,47.7953
30232,3082,3303,3527,3582,3178,3542,4172,4789,3463,3863,5582,8822,3330,3864,5676,8345,14.3539,23.3076,8.91576,48.08
30233,3289,3957,6376,12647,3404,3694,4764,5921,3214,3400,3754,3936,3003,3276,3345,3372,-29.6304,25.8476,8.83981,47.568
30234,3841,3863,3423,3238,4962,4944,3783,3496,7199,7392,4273,3564,5330,5249,4029,3364,7.88026,-14.4956,8.85295,47.9667
30235,3467,4169,6872,9474,3539,4107,5550,6883,3264,3597,4045,4146,3041,3258,3422,3442,-19.8833,19.5829,8.62234,48.184
30236,3926,3775,3475,3202,4992,5276,3946,3418,6782,7605,4312,3608,5157,5308,3982,3401,7.12806,-13.5203,8.92851,48.11
30237,9479,5578,3784,3329,8599,5269,3829,3329,4585,4054,3558,3238,3526,3500,3320,3151,-16.2872,-26.9687,8.87082,48.0853
30238,3435,3837,4906,5155,3427,4153,6797,7505,3279,3799,5318,5643,3334,3424,4029,4116,-4.76263,16.5367,8.78938,48.1047
30239,5276,6407,4503,3683,5932,7968,4736,3628,4312,4570,4070,3475,3544,3668,3324,3194,-11.3421,-10.055,8.88184,48.1933
30240,7094,9997,5382,3902,4788,5302,4460,3654,3785,3775,3589,3355,3295,3373,3312,3068,-29.3378,-10.132,8.96148,48.0873
30241,5046,8252,7563,4569,4197,5522,5100,4024,3655,3800,3768,3482,3297,3241,3364,3272,-22.7736,-1.17299,8.80505,48.1013
30242,3664,3611,3354,3194,4755,4509,3801,3323,7481,7086,4202,3495,6295,5924,4228,3500,11.9321,-16.035,8.72346,48.2813
30243,3325,3866,5780,11048,3363,3912,4926,7548,3214,3511,3879,4089,3115,3221,3417,3484,-20.0117,28.8652,8.71179,47.7987
30244,3304,3487,3433,3262,3941,4195,4069,3521,4876,7024,5228,3898,5086,7468,5593,3958,16.1441,-5.38418,8.9755,48.2287
30245,3984,5259,7491,5266,3882,5282,7134,4949,3436,3916,4251,3909,3257,3362,3648,3329,-15.9597,6.06699,8.7622,48.2367
30246,3862,5556,9201,6458,3652,4659,5977,4907,3366,3631,3888,3831,3101,3389,3359,3322,-22.2936,8.36132,8.59967,48.106
30247,3176,3186,3477,3388,3159,3457,3947,4135,3419,3892,5137,7101,3391,4045,6175,10970,21.302,24.8336,8.56417,48.0367
30248,10324,5943,3931,3371,7808,5160,3917,3361,4444,3832,3551,3256,3526,3501,3212,3108,-18.4785,-25.9813,8.80557,48.1633
30249,3526,3720,3747,3660,3939,4918,5146,4007,4291,6688,6980,4336,4025,4762,4942,4062,6.60812,0.522955,8.79103,48.4993
30250,3389,3493,3452,3277,3977,4107,3702,3435,5411,6906,4677,3727,5946,7908,5141,3741,17.0142,-9.41748,8.58437,48.1927
30251,5650,6855,4655,3757,5757,7541,4769,3748,4084,4536,3964,3325,3641,3571,3490,3248,-13.3146,-10.142,8.53717,48.394
30252,3251,3284,3374,3274,3414,3702,3685,3563,4030,4801,5205,4496,4192,7042,9348,5366,29.4269,3.73351,8.63351,48.018
30253,3720,4535,5966,5043,3819,5018,8144,5738,3506,4000,4908,4214,3237,3425,3757,3620,-10.323,8.97787,8.78312,48.4333
30254,3238,3713,4619,6084,3259,3793,5291,9871,3174,3588,4518,6453,3163,3411,3792,4184,-6.18467,27.5923,8.97599,48.1007
30255,10338,5707,3807,3279,8062,4992,3917,3341,4341,3934,3447,3249,3501,3410,3296,3110,-18.0896,-31.1709,8.83404,47.8207
30256,3291,3413,3811,4135,3356,3601,4804,6896,3355,3750,5088,9315,3370,3662,4536,5598,4.28741,31.7458,8.55155,47.9873
30257,3868,3757,3661,3331,4608,5376,4201,3446,5902,8094,4698,3630,4854,5129,4170,3519,6.16625,-10.2016,8.61554,48.1627
30258,3375,3469,3281,3160,4180,3915,3436,3188,6832,5288,3916,3240,10489,6813,3908,3512,21.5312,-21.7624,8.55749,48.0013
30259,3610,4498,7842,7672,3558,4197,6125,6036,3322,3587,4047,4179,3142,3237,3489,3455,-19.294,14.8964,8.5582,47.9973
30260,4648,6447,6115,4372,4492,6716,6204,4234,3726,4329,4080,3668,3336,3410,3449,3379,-14.4336,-1.35502,8.82204,48.4033
30261,3115,3248,3448,3396,3227,3482,3941,4364,3455,3772,5074,7938,3432,3787,5615,10269,18.2569,28.1161,8.65022,47.7087
30262,3556,4025,4185,3852,3853,5067,6219,4517,3805,5451,6957,4650,3584,4072,4338,3955,0.945315,4.26119,8.53879,48.0573
30263,3199,3336,3330,3221,3501,3715,3817,3423,4164,5196,4970,4114,4917,8664,7758,4606,25.1124,-1.38537,8.69654,47.954
30264,3888,5052,6011,4697,3989,5589,7767,4991,3670,4188,4738,3935,3320,3529,3587,3465,-11.0599,4.56663,8.53674,48.2773
30265,3116,3250,3341,3418,3251,3414,3803,3840,3356,3770,4834,6040,3427,3989,6086,12616,32.8947,27.681,8.83904,47.7007
30266,3296,3320,3223,3120,3809,3843,3587,3230,5196,5289,4190,3475,8163,9315,4812,3664,32.7247,-13.2947,8.51389,47.688
30267,3340,3726,4914,6717,3418,3851,5410,9648,3366,3592,4421,5766,3176,3263,3709,3879,-8.90934,27.1493,8.56435,48.1307
30268,6790,5836,4253,3408,7727,6589,4141,3440,4625,4436,3634,3361,3696,3648,3277,3140,-12.4843,-17.3279,8.55249,48.0007
30269,8741,6519,4170,3528,7176,5896,4198,3434,4329,4021,3564,3400,3378,3437,3211,3132,-17.5424,-19.0456,8.52975,48.0893
30270,3289,3395,3293,3093,4039,3779,3505,3225,6112,4772,3822,3278,12185,6672,4061,3308,28.3787,-24.3844,8.64687,47.8853
30271,3336,3871,5649,10565,3358,3831,5070,7902,3307,3490,3994,4334,2995,3242,3418,3539,-18.5399,27.817,8.6626,47.934
30272,3307,3785,5076,7487,3443,3934,5423,9541,3234,3641,4255,5319,3174,3290,3653,3766,-10.886,25.2986,8.73582,48.2187
30273,3394,4000,6320,11678,3418,3819,4976,6860,3165,3480,3861,3982,3069,3136,3383,3254,-22.6288,24.8376,8.70486,47.8633
30274,4118,5549,6689,4726,4112,5568,7278,4912,3563,4134,4335,3926,3283,3414,3508,3500,-13.7573,4.16525,8.60018,48.41
30275,3396,4002,6158,9253,3516,3861,5419,8041,3335,3524,4112,4449,3169,3302,3373,3525,-17.0259,23.2048,8.58247,48.29
30276,3645,4574,8891,9040,3499,4126,5058,5356,3257,3542,3811,3844,3218,3245,3334,3290,-31.2942,15.3939,8.50369,47.82
30277,8292,5828,4055,3391,8095,5715,3935,3506,4630,4088,3586,3259,3536,3444,3351,3065,-15.2454,-21.2239,8.52529,47.8507
30278,4321,4281,3742,3333,5681,6739,4405,3531,5677,6961,4408,3571,4376,4365,3744,3257,0.165934,-11.5126,8.90001,48.2613
30279,3454,3540,3530,3317,3877,4259,4304,3653,4698,7127,5965,4189,4609,6409,5492,4172,13.0413,-2.76495,8.82023,48.3967
30280,3544,3607,3486,3274,4193,4190,3723,3339,6113,6905,4404,3710,6442,7183,4504,3657,15.4585,-12.4926,8.50052,48.1827
30281,3443,3742,4737,6343,3364,3755,5173,9987,3359,3546,4402,6027,3188,3375,3798,4083,-7.39435,30.757,8.55338,48.2147
30282,3161,3434,3700,3721,3453,3795,4577,4666,3523,4300,7572,6998,3554,4136,5777,5893,10.365,14.1117,8.89019,48.1733
30283,9184,6809,4352,3415,7099,5583,3936,3438,4259,4053,3413,3238,3579,3415,3240,3234,-19.1272,-19.7795,8.54191,48.1647
30284,3342,3705,4929,7189,3297,3961,5396,9776,3194,3476,4375,5519,3097,3309,3656,3920,-10.093,27.086,8.71954,48.094
30285,3235,3477,3901,4139,3369,3682,4767,6747,3365,3948,5601,9212,3356,3731,4528,5534,4.65647,23.1808,8.83429,48.3947
30286,4016,6169,9930,6282,3778,4385,5423,4577,3361,3697,3799,3782,3127,3376,3312,3264,-28.7039,7.11922,8.80444,48.1853
30287,2986,3215,3295,3354,3280,3462,3782,3923,3483,4010,5076,5335,3592,4600,8777,9698,30.8973,16.2066,8.91995,47.912
30288,3234,3413,3379,3166,3682,3812,3772,3402,4394,5065,4652,4081,5591,9408,7115,4277,28.174,-3.82549,8.60209,48.2953
30289,6688,8946,5315,3784,5089,6133,4438,3641,3880,4092,3604,3316,3390,3478,3336,3123,-20.992,-9.82583,8.55654,48.1687
30290,3416,4219,7446,10899,3402,3967,5025,6026,3220,3348,3804,3870,3167,3308,3412,3348,-25.7474,19.996,8.78449,47.918
30291,3839,4152,3720,3304,4852,5915,4320,3679,5647,7588,4859,3679,4408,4770,3996,3564,3.82491,-9.16765,8.62289,48.1947
30292,3261,3691,4790,6733,3443,3779,5316,9829,3344,3660,4302,5577,3115,3522,3709,3800,-9.41435,32.3091,8.92746,47.914
30293,3292,3828,5765,11426,3448,3815,5000,7467,3202,3384,3815,4060,3132,3184,3514,3398,-20.5133,31.7409,8.95863,47.82
30294,3437,3869,5959,11891,3254,3828,4838,6737,3236,3453,3899,4073,3091,3284,3243,3422,-23.6863,31.5665,8.50593,47.676
30295,3371,3464,3195,3190,4347,3921,3520,3173,8142,5109,3853,3433,9981,5607,3962,3464,17.4281,-30.7581,8.55082,47.8213
30296,3373,3881,6249,12522,3420,3720,4707,6029,3212,3439,3724,3885,3104,3287,3390,3438,-30.2492,26.9808,8.75302,47.5867
30297,3381,3316,3215,3050,3885,3905,3448,3189,6244,4660,3730,3323,12833,5782,3981,3473,27.3861,-31.0545,8.98056,47.61
30298,5104,4309,3635,3336,8949,5198,3808,3391,7361,4860,3713,3323,4415,3975,3495,3204,-2.30043,-24.785,8.92523,48.0507
30299,3266,3342,3361,3138,3715,3741,3602,3380,4666,5244,4462,3804,6456,9940,6054,3940,26.7146,-7.8202,8.6929,48.074
30300,3272,3584,4304,5149,3340,3852,5202,8607,3296,3790,4895,7668,3182,3482,3996,4609,-1.97663,24.5977,8.90182,48.152
30301,3413,3390,3148,3119,3971,3858,3517,3312,6114,4993,3921,3382,11883,6699,3996,3396,27.5416,-23.5362,8.5223,48.0747
30302,11810,6797,4070,3410,5894,5002,3844,3351,3955,3743,3550,3241,3454,3375,3244,3110,-31.9726,-23.2511,8.60506,47.9
30303,3889,4241,3828,3422,4608,6548,4645,3598,4991,7475,4928,3673,4139,4539,3925,3549,1.87838,-7.45276,8.89547,47.9987
30304,3396,3482,3219,3207,3978,3884,3483,3180,5753,4940,3869,3362,10554,7680,4213,3478,32.6421,-18.9238,8.68909,47.7853
30305,3356,3354,3466,3157,3699,4102,3990,3477,4596,6729,5481,4082,4879,7330,6004,4141,16.8976,-3.23343,8.68186,47.8953
30306,6713,4884,3853,3456,9889,5232,3779,3413,5450,4247,3740,3439,3749,3720,3325,3085,-9.24847,-33.0698,8.73692,47.9827
30307,4445,6114,5875,4349,4546,6704,6301,4267,3831,4356,4092,3787,3363,3568,3472,3284,-13.6174,-0.745334,8.58231,48.236
30308,3765,5362,9769,7285,3659,4317,5309,4905,3358,3687,3752,3805,3224,3254,3414,3271,-32.1142,10.5996,8.83175,48.0907
30309,4413,6222,6482,4452,4246,6192,6354,4448,3646,4243,4157,3787,3415,3536,3543,3364,-15.2128,0.601146,8.54506,48.3333
30310,6268,4979,3861,3321,8801,6366,4018,3465,5517,4625,3777,3364,3979,3662,3370,3168,-8.87103,-19.6933,8.78397,48.3607
30311,8237,8953,4760,3696,5518,5466,4108,3447,3952,3960,3452,3203,3374,3570,3258,3128,-24.7341,-14.0038,8.72651,48.0547
30312,4859,8385,7474,4627,4226,5479,5173,4083,3613,3789,3765,3534,3316,3412,3384,3207,-22.8494,-1.25162,8.87684,48.2173
30313,3962,4632,5354,4454,4027,6064,7583,4797,3697,4366,4980,4118,3275,3627,3597,3659,-8.73595,3.62383,8.58001,48.128
30314,3173,3294,3487,3418,3378,3793,4159,4150,3612,4391,7040,5844,3696,4745,7787,6500,17.1181,12.0105,8.76373,48.3113
30315,3625,3536,3227,3066,4479,4125,3381,3278,7977,5509,3829,3494,8766,6080,4020,3530,16.3984,-21.7561,8.74385,47.948
30316,3305,3861,5328,7331,3340,3899,5565,9280,3314,3589,4278,5255,3158,3388,3650,3857,-11.2691,24.0852,8.61772,48.2653
30317,7672,8465,4789,3592,5802,6091,4242,3529,4009,4052,3615,3372,3365,3455,3291,3143,-20.4722,-13.6486,8.78915,48.3227
30318,3212,3365,3652,3807,3226,3598,4322,5373,3402,3766,5294,9817,3393,3859,5038,7301,10.8164,27.218,8.74578,48.2833
30319,3131,3167,3392,3326,3270,3590,3927,3769,3719,4311,5500,4995,3790,5445,9668,7231,25.2269,10.536,8.66044,48.154
30320,3233,3634,4106,4656,3319,3722,5001,7846,3412,3845,5008,8461,3206,3559,4152,4816,0.845644,30.6272,8.5027,47.984
30321,3364,3312,3275,3136,3732,4058,3710,3270,4752,6146,4741,3913,5751,8878,5911,3985,20.6878,-6.43457,8.7393,47.956
30322,3547,4864,9227,8721,3616,4168,5227,5178,3296,3639,3899,3946,3028,3219,3437,3263,-29.5675,14.146,8.80529,48.1833
30323,7829,9636,5116,3722,5107,5408,4108,3613,3758,3873,3676,3330,3307,3441,3230,3063,-28.5488,-12.1768,8.9157,48.1447
30324,3503,3485,3342,3046,4502,4090,3562,3337,8578,5093,3763,3391,9634,5424,3878,3419,16.2002,-29.6757,8.92373,48.0313
30325,3405,3417,3257,3157,4144,3964,3454,3279,7674,5041,3754,3437,10707,5756,3852,3324,19.1097,-33.2722,8.79365,47.748
30326,3390,3528,3620,3494,3659,4289,4627,3956,4078,5881,7509,4741,4034,5130,5833,4437,11.0265,3.41042,8.66663,48.1373
30327,3681,3573,3265,3122,4956,4071,3591,3182,9223,5385,3760,3473,8397,5395,3824,3374,13.9368,-26.5026,8.64844,48.1813
30328,3942,4906,5186,4231,4360,6623,7102,4414,3829,4631,4744,3958,3544,3661,3716,3495,-7.98169,1.05542,8.74636,48.228
30329,3166,3640,3938,4037,3302,4039,5563,5389,3560,4259,7290,6850,3401,3789,4972,4871,4.24855,14.7454,8.97615,48.044
30330,4058,5039,5385,4477,4075,6187,7514,4813,3773,4480,4896,4102,3364,3527,3647,3612,-9.53973,3.24097,8.62916,48.6327
30331,3732,4395,4319,3801,4214,6130,6212,4179,4142,6058,5757,4180,3570,4030,4067,3617,-1.00276,-0.165464,8.99291,48.2687
30332,3285,3293,3178,3145,3974,3908,3375,3331,7103,4918,3765,3366,11832,5829,3876,3327,22.1503,-31.7652,8.84041,47.67
30333,3224,3222,3605,3696,3354,3543,4324,5349,3431,3801,5224,10105,3299,3890,4844,6965,10.1164,32.2608,8.86268,47.9173
30334,3171,3221,3369,3306,3299,3612,3708,3802,3644,4078,5092,5323,3612,4669,8935,9032,30.0104,14.8839,8.91427,47.9153
30335,7305,4940,3714,3382,9748,5284,3883,3341,5157,4360,3536,3313,3620,3693,3450,3156,-11.2513,-33.1424,8.68961,47.9213
30336,3416,3650,4367,4399,3466,4158,6388,6348,3530,4094,6499,6487,3295,3758,4293,4415,0.248753,14.7016,8.90341,48.3753
30337,5972,6890,4637,3737,5900,7521,4601,3640,4244,4377,3693,3554,3495,3493,3406,3114,-14.66,-11.254,8.76966,48.1827
30338,10179,7503,4239,3445,6360,5303,3980,3471,4002,3903,3515,3311,3420,3450,3231,3109,-23.1557,-19.3752,8.86322,48.2807
30339,3391,3436,3213,3165,3890,3738,3491,3247,6088,4755,3941,3391,12587,6375,4030,3363,28.7757,-25.4088,8.86369,48.0673
30340,3620,3550,3481,3147,4717,4201,3581,3143,8897,5725,3985,3367,7968,5426,3810,3371,13.1829,-23.0424,8.66011,47.9927
30341,5809,10028,6632,4132,4489,5170,4640,3786,3582,3763,3701,3341,3317,3357,3216,3101,-27.927,-5.24739,8.87433,48.0427
30342,4640,6880,6833,4612,4238,6009,5937,4301,3591,4109,4021,3700,3376,3470,3447,3292,-17.4411,0.116374,8.50928,48.304
30343,3178,3326,3341,3372,3250,3455,3869,3985,3498,3782,4944,5958,3277,3922,6365,12076,30.8611,24.1528,8.54678,47.732
30344,4269,6255,7360,4818,4079,5613,6406,4464,3554,3997,4105,3731,3227,3413,3462,3330,-17.1116,2.74213,8.9299,48.0553
30345,3139,3573,4332,5012,3341,3748,5122,8752,3338,3581,5024,7888,3167,3513,4062,4670,-1.14474,28.2982,8.50435,48.1747
30346,3251,3385,3448,3183,3609,3748,3599,3404,4715,5409,4570,3888,5915,9542,6400,4090,25.5779,-6.14283,8.67675,48.104
30347,4481,7557,8870,5153,4099,4757,4914,4318,3578,3690,3793,3569,3245,3431,3336,3231,-30.4964,1.89864,8.9462,48.0147
30348,11889,6559,4025,3375,6427,4771,3741,3377,4023,3873,3480,3245,3413,3331,3174,3130,-25.537,-24.6667,8.65656,47.8887
30349,8602,5368,3830,3317,9109,5138,3744,3318,4766,4155,3498,3291,3573,3563,3245,3100,-13.9339,-33.0019,8.88345,47.7447
30350,3288,3742,4617,5626,3353,3912,5901,8964,3278,3736,4874,6142,3212,3450,3837,4200,-5.46391,21.4685,8.86834,48.088
30351,3963,4645,4600,3928,4337,6732,6496,4183,4065,5372,5198,3991,3662,3843,3798,3480,-3.94242,-0.718769,8.8891,48.1953
30352,3471,3645,4654,6342,3454,3882,5307,9704,3313,3717,4385,6084,3241,3322,3690,4060,-7.33601,31.7309,8.55653,48.1807
30353,3652,3637,3329,3133,5153,4344,3595,3322,9549,5529,3915,3302,7383,5133,3807,3313,11.3004,-25.0502,8.50339,48.064
30354,3406,4335,7873,10733,3345,3912,5107,5846,3270,3475,3747,3841,3080,3161,3308,3402,-26.6813,19.128,8.96726,47.894
30355,5329,4705,3768,3399,8319,6260,3923,3405,6184,5154,3823,3412,4212,3967,3405,3300,-4.58282,-19.2628,8.9434,48.3767
30356,3470,3885,4796,4581,3640,4633,7648,6063,3422,4180,5972,5135,3337,3646,4153,4115,-3.58881,11.5431,8.93029,48.4507
30357,12013,6667,3952,3373,6026,4804,3812,3459,3971,3789,3491,3214,3365,3511,3297,3177,-29.0407,-24.1176,8.58278,47.9473
30358,3104,3282,3400,3517,3247,3409,3827,4289,3367,3962,5251,7767,3318,4074,5963,10461,18.8642,26.5984,8.80528,48.1587
30359,4297,7260,9434,5253,4034,4684,5121,4410,3323,3714,3861,3609,3232,3303,3371,3298,-32.7515,3.51049,8.93788,48.136
30360,3573,4335,7931,9643,3462,3983,5325,5976,3191,3530,3891,4007,3071,3236,3406,3422,-23.3683,17.7074,8.86002,47.988
30361,12537,5972,3884,3420,5975,4759,3689,3372,3845,3793,3467,3222,3442,3429,3189,3177,-32.4614,-28.6419,8.61312,47.448
30362,3124,3360,3505,3321,3240,3606,3879,3792,3585,4306,5212,5084,3774,5006,9489,7748,29.102,12.0649,8.5933,48.0207
30363,3447,3926,5801,11741,3289,3793,4854,6786,3179,3455,3925,4057,3084,3173,3425,3454,-22.7659,29.7005,8.59308,47.5927
30364,3251,3558,3749,3583,3459,3992,5161,4626,3709,4857,8139,5912,3609,4246,5417,4939,7.94466,10.0207,8.55793,48.138
30365,3444,3395,3347,3136,3823,3814,3464,3103,5688,5089,3830,3442,10562,7673,4235,3472,32.8068,-18.9763,8.81225,47.678
30366,3079,3235,3372,3456,3215,3432,3780,3989,3360,3862,4981,5861,3442,4189,7652,10980,31.9317,19.9248,8.60157,47.9233
30367,3725,4745,8058,6966,3660,4257,6497,5747,3367,3660,4057,4095,3142,3358,3521,3382,-18.2249,12.1904,8.9704,48.158
30368,10942,7614,4228,3457,5914,5025,3996,3447,3883,3838,3401,3243,3296,3281,3046,3226,-27.2373,-19.681,8.90224,47.8913
30369,5091,7942,6399,4324,4503,6070,5274,4047,3782,3935,3844,3550,3323,3519,3380,3198,-19.1416,-3.06769,8.59512,48.1207
30370,3043,3325,3414,3518,3189,3588,3996,4303,3310,3835,5388,7551,3451,4038,6359,9823,18.6973,22.0434,8.85889,48.0873
30371,4147,5852,7373,4926,4109,5548,6800,4790,3528,3981,3996,3798,3326,3455,3497,3336,-16.2371,3.64979,8.74265,48.308
30372,4463,4475,3785,3320,6100,6910,4280,3440,5732,6218,4273,3492,4252,4158,3726,3372,-1.38063,-13.2196,8.75464,47.9973
30373,3235,3840,4746,5051,3486,4072,6705,7667,3311,3840,5405,6005,3218,3529,4059,4115,-4.17556,17.2051,8.68751,48.1893
30374,5915,4714,3677,3282,9473,5384,3756,3380,6421,4558,3767,3200,4097,3806,3445,3161,-5.54934,-26.3603,8.53574,48.024
30375,3043,3538,3667,3690,3265,3590,4235,5086,3475,3869,5957,8920,3471,3853,5343,7076,11.2443,22.1375,8.7338,48.052
30376,3269,3414,3327,3285,3523,3861,3912,3758,4128,5524,5628,4353,4434,7268,7944,4928,20.9415,1.48894,8.69821,48.3707
30377,3185,3388,3353,3311,3561,3738,3696,3561,4188,5060,4922,4008,5114,8583,7637,4455,31.0592,-1.66805,8.77105,47.84
30378,3138,3272,3508,3438,3280,3542,3893,4038,3454,3773,5049,7415,3497,3960,5913,10914,20.3321,31.9442,8.54433,48.056
30379,3713,4930,9700,8000,3651,4116,5113,5186,3347,3595,3877,3811,3157,3355,3396,3285,-32.2693,12.6642,8.76532,48.1547
30380,3378,3472,3246,3177,3944,3873,3564,3234,5666,5178,3896,3437,9906,8049,4389,3510,25.8458,-17.7736,8.75421,47.946
30381,4426,4043,3492,3372,7073,4738,3691,3307,9104,5274,3733,3381,5317,4419,3677,3316,3.66319,-25.8461,8.7194,48.242
30382,12372,6095,3924,3362,6480,4947,3742,3449,3835,3854,3445,3199,3361,3213,3125,3101,-25.3259,-30.0908,8.86103,47.6693
30383,3090,3173,3301,3475,3215,3470,3827,3967,3335,3858,4817,6419,3487,3939,6481,12036,25.7938,26.2846,8.52585,47.9267
30384,3378,3907,5977,12015,3377,3772,4881,6935,3174,3470,3871,4164,3076,3213,3268,3335,-22.9573,28.7995,8.59217,47.8753
30385,4670,8135,8239,4716,4218,5028,5018,4200,3524,3754,3777,3545,3327,3300,3291,3247,-31.7275,0.330916,8.50433,47.9927
30386,11656,6001,4072,3339,6919,4930,3807,3470,4008,3950,3555,3295,3407,3292,3197,3029,-22.2509,-32.5324,8.6949,47.9513
30387,3230,3434,3414,3286,3444,3875,3772,3747,3945,4609,5154,4518,4216,6857,9301,5508,31.9374,4.28539,8.63082,48.2067
30388,3205,3444,3646,3510,3561,3918,4369,4035,3860,5396,7550,5054,3862,4993,6620,5042,12.6845,6.41106,8.51369,48.0433
30389,6724,5470,3999,3362,8616,6399,4045,3471,5040,4478,3677,3318,3709,3630,3350,3147,-10.8118,-19.3985,8.72786,48.29
30390,3836,3908,3712,3483,4382,5741,4691,3781,4674,7660,5635,3942,4296,4781,4355,3750,4.32432,-4.44546,8.89551,48.418
30391,3131,3413,3683,3836,3287,3557,4353,5067,3325,3788,5639,9393,3334,3815,5249,7347,11.283,23.9209,8.75522,48.1447
30392,4419,4948,4233,3532,5460,7730,4964,3699,4632,5750,4295,3615,3929,4024,3618,3387,-4.63013,-7.93857,8.57634,48.1567
30393,8356,5181,3821,3302,9452,5123,3843,3329,4925,4078,3465,3280,3639,3633,3357,3094,-13.5843,-28.641,8.91234,47.9187
30394,4203,4487,4025,3549,4986,7394,4930,3732,4724,6399,4704,3679,3898,4203,3952,3512,-1.71506,-6.86632,8.90603,48.2513
30395,3395,4003,5745,9813,3370,3736,5252,8069,3197,3607,3991,4392,3084,3334,3338,3585,-17.5552,25.9618,8.66715,47.9407
30396,3212,3372,3309,3295,3526,3716,3763,3652,3901,4717,5127,4453,4266,7013,9355,5365,30.3592,3.78462,8.69247,48.028
30397,3160,3359,3506,3604,3205,3504,4032,4528,3356,3761,5315,8610,3333,3846,5448,9263,15.8639,26.6444,8.6762,47.8867
30398,9690,6216,4013,3434,7640,5577,3848,3398,4290,4065,3460,3258,3539,3436,3163,3017,-18.0198,-22.2571,8.98291,48.0293
30399,3828,5650,9872,6599,3632,4264,5326,4823,3450,3698,3832,3780,3197,3288,3422,3398,-33.6944,9.22561,8.75391,48.0393
30400,3335,3230,3366,3225,3619,3989,3840,3519,4532,5829,4870,3917,5468,8797,6581,4244,22.4729,-3.98188,8.65437,48.2407
30401,3593,4196,5888,5659,3548,4616,7770,6790,3379,3823,4642,4579,3223,3457,3662,3713,-10.7976,13.3185,8.82033,48.3587
30402,3728,3776,3443,3164,4574,5108,3870,3399,6281,8099,4667,3604,5176,5519,4232,3444,8.26141,-11.5934,8.99514,48.056
30403,5340,6166,4292,3604,6204,7895,4689,3640,4305,4740,3916,3515,3762,3690,3459,3301,-10.7194,-10.8786,8.64467,48.3453
30404,7626,9766,5154,3700,5063,5228,4214,3633,3770,3848,3663,3248,3430,3460,3227,3221,-28.394,-11.8016,8.69329,48.1673
30405,3353,3449,3169,3134,3860,3696,3384,3290,6057,4765,3744,3377,12686,5987,3876,3337,29.9615,-29.8824,8.76013,47.4427
30406,6877,6106,4164,3320,7668,6626,4130,3432,4561,4338,3662,3281,3641,3599,3361,3182,-13.5353,-17.0456,8.8029,47.9653
30407,3079,3223,3500,3328,3286,3507,3903,3972,3496,4271,5725,5642,3681,4793,8767,8149,22.7983,14.1958,8.77482,48.2147
30408,3416,3903,6427,11398,3426,3792,5040,6706,3297,3431,3817,4029,3178,3330,3434,3422,-22.6727,23.8898,8.80506,48.0307
30409,4280,3939,3439,3188,6804,4598,3678,3340,9362,5188,3826,3260,5633,4403,3671,3360,4.47316,-27.1279,8.61708,47.9793
30410,3348,3581,4123,4073,3539,4033,5773,5371,3528,4428,7352,6352,3423,3862,4821,4585,3.75629,13.1641,8.54736,48.128
30411,3464,4041,5860,12307,3444,3748,4746,6190,3255,3365,3755,3962,3286,3246,3448,3317,-27.1135,33.2701,8.50514,47.6227
30412,7697,9685,5138,3668,5164,5247,4159,3594,3738,3821,3636,3260,3411,3359,3197,3134,-32.6612,-12.0054,8.73966,47.9387
30413,3341,3587,4645,5733,3272,3829,5137,9612,3427,3863,4513,6498,3183,3389,3899,3940,-5.75743,33.671,8.51672,47.912
30414,3358,3392,3401,3068,3911,3810,3587,3356,5334,5835,4186,3643,7484,8961,4981,3727,22.6094,-12.0128,8.59311,48.0227
30415,3375,3922,4509,4504,3613,4208,6484,6710,3501,4043,6092,6179,3307,3602,4174,4343,-1.5988,15.1296,8.52739,48.3773
30416,6853,5426,3925,3435,8596,6233,3972,3368,5057,4423,3666,3265,3822,3747,3315,3044,-11.007,-20.065,8.86706,48.098
30417,3565,4004,4922,4557,3700,4722,7536,5746,3514,4218,5874,4927,3333,3626,4026,3904,-4.09478,9.83727,8.53031,48.116
30418,3144,3164,3443,3490,3144,3427,3778,4126,3422,3828,4983,6911,3399,3924,6285,11324,22.1024,24.0631,8.84654,47.8613
30419,3439,3963,6631,12056,3270,3818,4923,5955,3289,3411,3855,3980,3127,3217,3370,3407,-31.6542,24.1477,8.80764,47.8073
30420,3310,3338,3219,3166,3942,3733,3465,3161,6071,4656,3870,3470,12697,6058,3901,3453,29.3288,-31.926,8.96845,47.6733
30421,3142,3221,3409,3412,3235,3399,3716,3916,3354,3833,4798,6119,3350,3886,6196,12443,30.6114,27.0994,8.7232,47.6193
30422,9800,5463,4001,3445,8297,5019,3882,3372,4450,3956,3461,3322,3536,3426,3278,3015,-17.0119,-29.2441,8.68253,47.8153
30423,4103,5971,9587,6342,3732,4436,5468,4720,3369,3583,3886,3709,3132,3275,3316,3303,-25.5424,7.35389,8.82649,47.9547
30424,3491,3562,3411,3144,4250,4245,3747,3234,6813,6809,4268,3576,6952,6841,4305,3574,15.0938,-14.6858,8.87872,48.148
30425,3514,3738,3744,3563,3888,5011,5019,3921,4344,6992,6919,4301,4022,4733,4775,3920,6.07136,-0.154609,8.99712,48.2693
30426,5460,8926,6526,4350,4623,5682,4742,3964,3730,3927,3684,3441,3205,3315,3263,3183,-22.6866,-4.58671,8.54947,48.014
30427,3414,3412,3215,3133,4036,3793,3475,3180,6832,4790,3744,3317,11855,5767,3901,3447,22.9309,-32.9443,8.85524,47.5407
30428,9103,5513,3684,3387,8945,5178,3802,3376,4710,4061,3438,3284,3589,3537,3387,3224,-15.5281,-28.5831,8.89118,48.1453
30429,4620,8007,8761,5035,4098,4848,5011,4352,3547,3720,3877,3574,3233,3276,3462,3129,-28.7382,1.1541,8.6641,48.3667
30430,3323,3468,3404,3232,3640,3817,3711,3535,4493,5177,4695,3907,5008,9256,6975,4253,33.5895,-3.35638,8.80591,47.9293
30431,10298,6915,4200,3463,6784,5193,4032,3462,3997,4007,3509,3129,3398,3265,3255,3112,-21.3408,-20.8763,8.93009,48.0127
30432,8153,6297,4108,3409,7804,6142,3902,3391,4462,4204,3626,3308,3524,3544,3285,3083,-15.1973,-19.131,8.8973,48.1613
30433,4879,4218,3691,3267,7976,5716,3874,3416,7079,5231,3756,3392,4615,4224,3648,3252,-1.52779,-21.3959,8.51824,48.156
30434,3037,3321,3568,3599,3267,3511,4090,4638,3381,3926,5765,8563,3406,3762,5820,8449,14.7072,22.0605,8.85272,48.0687
30435,12850,5856,3908,3372,5916,4681,3827,3336,3846,3761,3363,3209,3419,3397,3255,3108,-29.9264,-33.2265,8.9306,47.4027
30436,3429,3291,3222,3248,3952,3787,3468,3212,6340,4775,3683,3315,12623,5895,4035,3431,26.0056,-30.9492,8.63506,47.804
30437,3279,3777,4649,6055,3328,3950,5641,9257,3209,3651,4630,6105,3162,3346,3794,4025,-6.68388,24.2273,8.60255,47.9053
30438,10619,6459,4068,3431,7097,5158,3903,3340,4073,3816,3561,3277,3458,3489,3261,3119,-21.1965,-23.0783,8.54449,48.086
30439,3569,4065,4172,3750,3829,5381,6368,4385,3933,5605,6493,4413,3630,4111,4221,3954,0.606162,2.79636,8.67644,47.9193
30440,3140,3134,3336,3315,3401,3533,3868,3753,3488,4274,5232,5044,3708,5169,9958,7581,29.0436,11.2974,8.83041,47.956
30441,6878,10055,5579,3768,4963,5190,4292,3690,3755,3819,3589,3435,3388,3396,3380,3045,-31.6947,-9.17616,8.77822,48.148
30442,5697,9646,6787,4198,4588,5208,4583,3911,3600,3694,3702,3515,3213,3426,3267,3240,-26.9956,-4.53194,8.95685,48.1833
30443,5236,9051,6858,4341,4399,5460,4907,3994,3671,3897,3699,3469,3256,3419,3275,3156,-23.912,-3.51939,8.88259,48.0587
30444,4425,7693,8599,4963,4229,5090,5368,4307,3532,3672,3853,3674,3244,3335,3321,3235,-24.9417,1.8347,8.99876,48.36
30445,3119,3301,3435,3448,3316,3542,3941,4072,3559,4161,5842,5866,3585,4559,8373,8118,20.9053,14.9062,8.86946,48.158
30446,3282,3664,4188,4042,3504,4310,6154,5189,3617,4600,7454,5853,3359,3998,4733,4482,3.02253,11.2933,8.67097,48.286
30447,11658,6069,3965,3420,6979,4864,3881,3456,3992,3792,3435,3206,3380,3408,3190,3056,-22.7469,-29.2826,8.50143,47.834
30448,9543,8316,4524,3606,5668,5228,4099,3475,3932,3869,3612,3313,3390,3414,3198,3086,-25.208,-16.702,8.773,48.182
30449,3172,3292,3409,3185,3482,3846,3851,3686,3965,4920,5537,4507,4381,6979,8935,5167,23.4265,3.1628,8.86515,48.2093
30450,3366,3304,3176,3185,3968,3803,3440,3364,5324,5163,4085,3595,8905,9068,4672,3607,28.7311,-14.5533,8.74448,48.0167
30451,3187,3358,3353,3444,3271,3381,3719,3917,3374,3648,4580,6019,3413,3902,5870,12819,29.4004,30.638,8.91315,47.5033
30452,5788,9640,6475,4163,4688,5371,4419,3758,3596,3801,3625,3383,3260,3430,3169,3213,-26.8372,-5.75439,8.8772,47.8527
30453,3303,3267,3387,3190,3806,3965,3785,3467,4637,5727,4739,3871,5607,9083,6160,4142,22.6721,-5.71253,8.51475,48.0907
30454,3319,3500,3467,3406,3519,3920,4331,3955,4141,5536,7200,4793,3998,5481,6839,4676,14.13,4.09746,8.75475,48.054
30455,3201,3531,3921,4228,3293,3616,4784,7099,3424,3741,5208,9585,3281,3730,4389,5474,4.31886,29.6649,8.84428,48.3367
30456,3935,3948,3583,3278,4885,5730,4141,3518,6044,8001,4544,3712,4730,5113,4037,3531,5.49113,-11.0153,8.81065,48.4867
30457,3113,3344,3354,3206,3471,3816,3858,3779,3888,4847,6089,4760,4023,6269,8889,5591,21.4185,5.55332,8.82201,48.198
30458,3843,4732,8518,7021,3553,4384,6177,5505,3249,3575,4125,4016,3226,3302,3424,3334,-20.1221,11.9252,8.65341,47.9893
30459,3399,3422,3201,3153,3898,3797,3474,3278,5317,5229,4053,3575,8828,9066,4811,3624,28.6768,-14.7176,8.83965,48.0833
30460,3646,4419,5745,4773,3819,4855,8201,5550,3468,4039,4943,4349,3218,3545,3816,3686,-9.32384,8.67615,8.76541,48.048
30461,3241,3279,3382,3384,3301,3452,3614,3986,3313,3684,4726,6016,3344,3865,5899,12773,33.2438,30.6595,8.88038,47.506
30462,10837,7267,4200,3319,6112,5031,3847,3434,4015,3847,3490,3257,3341,3376,3244,3151,-24.9252,-20.9003,8.70344,47.8453
30463,3329,3433,3329,3156,3754,3980,3920,3600,4468,6104,5285,3991,5021,7894,6506,4336,19.3717,-3.07642,8.65637,48.0707
30464,5722,9569,6857,4202,4463,5248,4611,4075,3545,3791,3672,3428,3325,3362,3277,3130,-26.9571,-4.59293,8.82535,48.1847
30465,5181,7666,5636,4074,4933,6976,5142,3812,3857,4133,3812,3449,3381,3509,3301,3257,-16.7283,-5.44357,8.94017,48.0793
30466,3204,3303,3475,3393,3245,3462,3850,4078,3341,3779,4872,7127,3349,3937,5894,11374,21.5963,31.3027,8.61062,47.7887
30467,3450,3912,5716,9060,3363,3801,5406,8665,3311,3549,4145,4535,3149,3164,3476,3674,-15.5658,25.0091,8.75099,48.2507
30468,3307,4037,6745,12214,3314,3821,4704,5920,3257,3417,3851,3878,3036,3281,3398,3334,-28.5181,23.3411,8.78851,47.676
30469,4247,6198,7556,4835,4146,5692,6618,4545,3531,3919,4095,3698,3214,3497,3396,3330,-16.7846,2.96821,8.83403,48.3447
30470,3351,3949,6239,12672,3444,3778,4814,5941,3252,3445,3791,3961,3178,3367,3353,3385,-33.1593,25.8588,8.9025,47.9467
30471,6997,5866,3925,3531,8216,6538,4078,3433,4686,4311,3701,3243,3780,3601,3330,3125,-12.6527,-18.5717,8.95219,48.2407
30472,3085,3246,3348,3413,3420,3476,3823,3960,3498,3952,5618,5744,3638,4569,8429,9063,23.8583,15.6739,8.88933,48.188
30473,4230,3978,3430,3191,6934,4633,3712,3144,9615,5242,3739,3334,5527,4523,3653,3274,4.08628,-28.6407,8.95817,48.106
30474,3817,5296,9499,7529,3652,4267,5233,5151,3348,3558,3823,3718,3122,3233,3313,3308,-27.8036,11.4067,8.51413,47.9113
30475,3192,3398,3619,3587,3464,3755,4279,4078,3776,4970,7300,5359,3780,4953,7306,5481,14.9072,8.238,8.56488,48.198
30476,5948,9200,5969,3901,4978,5976,4688,3844,3876,3930,3618,3384,3333,3371,3307,3179,-21.5385,-6.95457,8.65301,48.3347
30477,3668,4058,4564,4085,3900,5298,7201,4795,3664,4884,6193,4581,3462,3810,4098,3924,-2.45814,5.37913,8.92635,48.1233
30478,3429,4072,6349,9637,3361,3982,5568,7471,3278,3506,3931,4312,3113,3212,3483,3336,-18.8174,21.7372,8.53882,48.0267
30479,3511,3547,3455,3257,3934,4632,4183,3700,4781,7650,5936,3985,4538,6065,5089,4006,11.2647,-3.56667,8.58817,48.1793
30480,3189,3315,3442,3370,3320,3637,3858,3821,3563,4320,5299,4980,3659,5344,9649,6882,32.5724,10.1842,8.66601,47.7653
30481,4674,8012,8171,4861,4190,5164,5104,4209,3571,3789,3873,3549,3211,3268,3438,3258,-24.778,0.35782,8.8441,48.228
30482,12439,6492,4113,3414,6057,4752,3813,3401,3845,3846,3498,3139,3385,3411,3237,3119,-27.8767,-25.5427,8.6666,47.974
30483,4287,5839,5825,4384,4429,6593,6564,4385,3802,4299,4370,3821,3413,3417,3521,3424,-12.3587,-0.126204,8.67746,48.2487
30484,3097,3219,3419,3339,3478,3768,3889,3734,3889,4720,5595,4596,4012,6218,9318,5767,23.456,6.17326,8.52178,48.0387
30485,9356,6777,3995,3415,7340,5614,3929,3331,4234,3931,3602,3274,3455,3428,3290,3106,-18.8456,-20.3332,8.9465,48.0513
30486,3273,3689,4494,5068,3440,4017,6252,7952,3400,3757,5334,6266,3180,3553,4074,4289,-3.2564,18.3678,8.81911,48.0253
30487,3087,3267,3426,3472,3221,3473,4077,4774,3379,3744,5336,8800,3416,3935,5629,8919,14.968,24.7929,8.94562,47.97
30488,3220,3397,3319,3221,3614,3846,4012,3656,4147,5618,5963,4327,4435,7023,7429,4605,18.5751,0.751607,8.62202,47.888
30489,3293,3306,3323,3285,3813,3858,3607,3369,4894,5325,4383,3678,7086,9672,5456,3692,32.2643,-10.1911,8.6708,48.0267
30490,3234,3487,3791,3908,3340,3838,5042,5213,3532,4272,7168,7634,3391,3967,5135,5456,7.18542,16.1276,8.86608,48.272
30491,9967,8235,4335,3603,5740,5127,3953,3459,3879,3648,3483,3357,3408,3484,3216,3082,-27.6231,-17.5226,8.85993,47.984
30492,3918,4911,5808,4650,3945,5831,7723,4836,3651,4128,4668,4018,3354,3621,3764,3459,-10.3973,4.28545,8.771,48.19
30493,3381,3863,5967,9338,3392,3950,5304,8093,3280,3403,3954,4491,3162,3344,3536,3537,-16.8074,23.7026,8.64018,47.9967
30494,4288,6663,8001,5060,4168,5303,5980,4460,3573,3866,3988,3743,3258,3519,3381,3316,-20.3346,2.72316,8.58117,48.378
30495,3951,3944,3806,3345,4704,5978,4249,3593,5528,7992,4914,3612,4467,4935,3991,3448,4.05069,-8.96456,8.96268,48.3047
30496,3642,4352,4482,4089,3949,5765,6911,4595,3920,5037,5997,4475,3548,3822,4081,3840,-2.38022,3.60101,8.58,48.3367
30497,3448,3429,3180,3083,3963,3785,3459,3280,6602,4869,3924,3360,11483,6491,3971,3395,23.2285,-24.4213,8.52703,47.8147
30498,3474,3381,3199,3089,3916,3862,3452,3311,5773,4961,3849,3346,10950,7409,4137,3452,33.5696,-20.1408,8.52768,47.7073
30499,3215,3305,3366,3427,3291,3449,4121,4438,3370,3745,5060,8302,3336,3835,5627,9971,17.3457,31.1576,8.88924,47.9053
30500,3191,3307,3375,3303,3236,3536,3782,3764,3483,4097,5091,5194,3536,4746,9298,8618,31.5223,14.0852,8.93282,47.7047
30501,3297,3543,4008,4612,3365,3668,4814,7707,3343,3773,5086,8874,3313,3542,4313,5048,1.7103,30.949,8.94892,48.204
30502,3418,3996,5793,10306,3360,3900,5076,7962,3210,3480,3932,4290,3055,3126,3450,3450,-18.3882,29.9324,8.54875,47.8693
30503,3149,3385,3342,3312,3304,3538,3863,3870,3583,4331,5813,5421,3691,5057,8920,7483,22.3633,11.8371,8.57541,48.0413
30504,7724,4956,3753,3361,9819,5248,3873,3434,5208,4168,3646,3169,3640,3639,3355,3126,-11.6357,-31.6175,8.97259,48.0793
30505,3044,3199,3419,3469,3274,3589,3875,4247,3263,3809,5014,7911,3379,3849,5694,10970,19.2123,28.4727,8.84703,48.0033
30506,3078,3332,3342,3359,3346,3722,3778,3920,3554,4316,5701,5270,3755,5171,9218,7249,23.3716,11.4226,8.67273,48.074
30507,3360,3360,3175,3092,3857,3716,3483,3258,6086,4679,3699,3348,12673,6064,3951,3401,28.5857,-30.6227,8.7111,47.468
30508,3593,3816,3739,3441,4241,5092,4587,3690,4702,7877,5933,4045,4202,5141,4569,3851,7.16703,-3.82735,8.97734,48.346
30509,3414,4047,4849,4968,3557,4539,7421,6548,3568,4042,5490,5218,3219,3515,3934,3939,-4.9578,13.3612,8.58794,48.1787
30510,5609,4621,3656,3267,9283,5503,3942,3373,6462,4696,3698,3259,4180,3920,3509,3241,-5.18018,-24.4879,8.65321,48.146
30511,6474,4969,3815,3334,9443,5577,3836,3363,5679,4475,3558,3298,3940,3617,3228,3223,-8.3458,-24.8221,8.57325,47.886
30512,3515,3473,3168,3072,4372,4146,3633,3192,7086,5836,4020,3300,8913,6774,4212,3417,17.8226,-18.9471,8.91551,48.086
30513,5401,4340,3668,3189,9057,5176,3769,3386,7064,4737,3720,3383,4345,3885,3522,3131,-3.51854,-27.03,8.69222,47.8487
30514,3218,3253,3389,3405,3445,3637,3863,3670,3918,4685,5130,4537,4286,6650,9610,5485,32.0707,4.75047,8.78788,48.1207
30515,3732,4789,6313,5085,3770,5221,8138,5348,3583,4067,4602,4187,3182,3424,3608,3523,-11.6511,7.49519,8.92293,48.3813
30516,6330,5547,3954,3388,8008,6918,4142,3444,4855,4493,3714,3252,3676,3668,3404,3123,-10.1444,-17.4119,8.93937,47.944
30517,5032,4946,3835,3243,6881,7490,4402,3530,5450,5411,3811,3410,3992,4002,3546,3339,-5.19736,-14.6257,8.82179,48.2133
30518,7372,9367,5287,3711,5142,5506,4347,3617,3752,3813,3580,3197,3337,3437,3328,3232,-25.5362,-11.0285,8.54222,48.0167
30519,4129,4659,4319,3761,4705,7484,5861,3913,4252,5720,4895,3830,3674,3852,3738,3473,-4.18964,-3.65923,8.92523,48.1767
30520,3409,3412,3221,3103,3904,3727,3516,3188,6319,4833,3690,3268,12430,6176,3953,3362,26.8233,-27.4876,8.81738,47.674
30521,12384,6042,3885,3415,6449,4716,3807,3268,3970,3777,3390,3320,3369,3447,3305,3264,-24.9086,-31.0169,8.73425,47.872
30522,3383,3868,4697,4806,3497,4222,7018,6878,3371,3956,5727,5711,3266,3591,4129,4205,-3.40721,15.0283,8.91243,48.2167
30523,3460,3415,3241,3114,4227,4100,3576,3205,6870,5744,4080,3580,8656,7336,4448,3593,18.9374,-17.801,8.76338,48.43
30524,3297,4049,6629,11815,3398,3789,4862,5937,3237,3442,3900,3971,3050,3247,3511,3421,-31.982,23.6748,8.50365,47.7033
30525,3818,3580,3252,3221,5274,4115,3573,3324,9971,5172,3818,3493,7394,4956,3743,3342,10.8739,-31.4453,8.77669,48.0307
30526,3444,3686,3740,3759,3655,4639,5246,4139,3939,5713,8057,4845,3741,4555,5194,4194,6.4971,4.3141,8.94733,48.364
30527,3222,3522,4048,4150,3297,3765,4608,6739,3345,3735,5227,9676,3313,3687,4462,5539,4.49226,33.3766,8.95669,48.2233
30528,9296,5483,3792,3405,8755,5000,3873,3447,4607,4054,3461,3203,3549,3470,3185,3168,-15.5524,-31.5501,8.91883,47.832
30529,3131,3334,3354,3391,3396,3675,3943,3969,3759,4507,6437,5189,3902,5311,8726,6301,19.6916,9.20141,8.64021,48.2167
30530,3228,3307,3423,3389,3220,3402,3772,3804,3355,3903,5085,5766,3317,4105,7209,11450,28.9215,21.2476,8.86489,47.8233
30531,3977,3775,3476,3206,6290,4515,3653,3299,9692,5585,3847,3337,6008,4642,3657,3309,6.60758,-24.9432,8.77571,48.1787
30532,3258,3901,5169,6029,3449,3998,6351,8660,3313,3649,4631,5386,3208,3421,3810,3959,-8.67205,19.5252,8.50797,48.128
30533,12357,5887,4017,3499,5789,4681,3746,3399,3968,3733,3436,3334,3342,3420,3244,3087,-31.777,-33.9018,8.64921,47.2927
30534,3607,4537,8598,8859,3564,4106,5413,5620,3158,3571,3893,4004,3147,3273,3371,3389,-24.0617,15.3018,8.90591,48.0733
30535,3379,3384,3281,3152,3763,3890,3589,3340,4982,5260,4312,3609,7527,9834,5122,3740,32.9654,-11.2466,8.98997,48.1093
30536,3398,3845,5625,10690,3379,3788,5055,7936,3270,3461,4002,4198,3161,3113,3442,3503,-18.8873,30.8294,8.96264,47.9107
30537,3372,3697,4388,4612,3446,4071,6371,6747,3466,4091,5828,6344,3374,3546,4056,4412,-1.23128,16.0849,8.53272,47.8807
30538,4375,6579,6816,4566,4198,5962,6266,4345,3690,4066,4141,3701,3265,3388,3385,3361,-16.9125,0.69516,8.96514,48.0693
30539,3400,3839,5925,11864,3390,3722,4953,6979,3242,3497,3895,4118,3074,3175,3352,3361,-22.8414,29.6967,8.81493,47.8573
30540,3497,3364,3440,3350,3639,3970,4197,3668,4050,5837,6751,4624,4238,6027,7076,4750,16.1641,2.71195,8.92963,48.3187
30541,3421,3877,5733,10878,3399,3821,5067,7453,3214,3376,3797,4201,3118,3237,3444,3374,-20.0371,29.1318,8.52669,47.6067
30542,3452,4149,7218,10758,3386,3981,5131,5872,3200,3416,3989,3905,3185,3302,3439,3385,-33.9446,20.1721,8.51929,47.8453
30543,4809,4300,3636,3339,7890,5506,3733,3387,7506,5367,3867,3334,4612,4066,3588,3297,-0.746252,-21.5527,8.77199,48.158
30544,3945,5537,9381,6476,3769,4460,5815,4832,3381,3585,3818,3823,3186,3244,3408,3402,-23.1425,8.4668,8.84023,48.0413
30545,11715,5866,3928,3406,6843,4982,3736,3376,4076,3892,3438,3302,3363,3413,3286,3113,-22.5729,-32.3864,8.62568,47.8233
30546,3127,3195,3241,3312,3181,3384,3791,3933,3380,3726,4750,6430,3487,3961,6079,12624,26.1637,29.9552,8.67754,47.734
30547,10243,8018,4387,3434,5668,5188,3998,3511,3947,3784,3513,3235,3433,3371,3263,3038,-28.0429,-18.1069,8.76239,48.0207
30548,4105,6269,8795,5524,3892,4735,6118,4720,3554,3779,3975,3722,3184,3337,3328,3353,-20.5818,5.56651,8.94938,48.26
30549,3109,3227,3319,3394,3242,3563,3883,3811,3501,4151,5408,5626,3592,4687,9080,8407,25.4676,14.1662,8.77607,48
30550,3148,3383,3353,3310,3300,3673,3754,3683,3704,4250,5250,4812,3905,5627,10151,6771,30.0887,9.01126,8.94619,48.0493
30551,3171,3300,3504,3512,3429,3651,4178,4198,3703,4309,6890,6334,3534,4628,7065,6680,15.705,13.202,8.62818,48.0573
30552,4355,5799,5623,4140,4523,6956,6593,4263,3757,4382,4301,3847,3327,3501,3603,3369,-11.8079,-0.993394,8.77922,48.226
30553,5304,4489,3600,3269,9210,5219,3910,3346,7275,4870,3640,3312,4353,3941,3466,3078,-3.33749,-27.0444,8.79323,48.188
30554,5578,9592,6782,4195,4517,5149,4622,3927,3617,3834,3681,3450,3283,3406,3375,3208,-31.3912,-4.37536,8.7113,48.144
30555,4120,4128,3620,3292,5945,5628,3867,3358,7256,6752,4270,3392,4985,4670,3814,3316,3.26745,-16.4284,8.74144,48.2753
30556,3705,3692,3371,3198,4833,4671,3786,3380,7354,7161,4251,3546,6003,5857,4258,3474,10.8026,-15.5637,8.98541,48.36
30557,3396,4108,7034,11380,3386,3836,4922,6070,3246,3507,3753,3957,3148,3085,3385,3344,-27.4631,22.2545,8.52722,47.7047
30558,3098,3547,3786,4232,3321,3671,4643,6612,3295,3695,5185,9715,3323,3687,4496,5783,5.05701,28.5242,8.72792,48.0593
30559,7719,5102,3795,3241,9681,5165,3901,3336,5015,4278,3664,3225,3727,3545,3450,3112,-12.0532,-33.9215,8.99162,47.9707
30560,6156,4755,3685,3338,9270,5768,3979,3361,5754,4537,3699,3384,3958,3788,3442,3194,-7.70427,-23.0082,8.53949,48.0453
30561,3417,3819,5091,7202,3357,3876,5426,9624,3182,3585,4369,5286,3089,3340,3621,3731,-10.6294,24.9405,8.87011,48.01
30562,4169,6449,9107,5720,3835,4717,5707,4568,3437,3675,3759,3807,3133,3291,3361,3396,-23.3047,5.31346,8.55914,48.0873
30563,3832,3580,3376,3180,4986,4329,3618,3319,8668,6063,3927,3413,7192,5386,3894,3322,11.9321,-21.5664,8.52714,48.0567
30564,8878,5743,3971,3383,8536,5459,3896,3409,4676,4023,3589,3296,3525,3496,3202,3159,-15.5042,-23.5363,8.87766,48.1607
30565,3336,3599,3752,3621,3620,4398,5029,4103,3952,5679,7928,4986,3793,4490,5287,4419,7.62239,5.15388,8.83773,47.9947
30566,5322,6111,4312,3665,6024,8278,4820,3630,4429,4859,3920,3397,3546,3710,3357,3237,-10.6255,-10.2457,8.92635,48.4113
30567,10817,6337,3982,3378,7476,5175,3843,3308,4157,3867,3449,3209,3416,3394,3230,3026,-20.1191,-24.4093,8.98596,48.0427
30568,4327,3905,3327,3114,6620,4796,3711,3365,9279,5567,3713,3372,5479,4484,3709,3347,4.28093,-24.1103,8.73291,48.0767
30569,3203,3547,4265,4759,3307,3729,5080,7830,3333,3793,5315,8269,3251,3658,4231,4929,0.617152,24.1954,8.88073,48.3327
30570,3570,3633,3410,3111,4790,4214,3598,3268,9364,5253,3785,3371,8051,5171,3918,3367,13.1892,-33.3785,8.64493,47.916
30571,3125,3250,3529,3539,3234,3570,4103,4562,3323,3780,5185,8551,3243,3957,5609,9360,15.9464,27.3463,8.71356,47.9467
30572,3787,3703,3439,3181,5175,4693,3951,3340,7774,7141,4310,3612,5820,5178,3955,3318,8.77192,-16.4687,8.91394,48.2513
30573,3120,3217,3339,3369,3298,3508,3803,3982,3302,3865,4748,6002,3423,4014,6475,12023,32.0449,24.1471,8.62161,47.6587
30574,3255,3612,4027,4155,3455,3958,5763,5506,3559,4184,7174,6755,3400,3796,4593,4802,3.85388,14.3713,8.75451,47.996
30575,3257,3337,3358,3310,3604,3722,3785,3492,4436,5100,4801,3895,5273,9536,7009,4393,31.7679,-3.72582,8.98443,48.2053
30576,3082,3482,3878,4291,3249,3737,4657,7096,3331,3855,5158,9444,3317,3603,4442,5428,3.67814,32.8142,8.97026,48.0333
30577,3668,3583,3329,3248,4670,4442,3596,3214,8053,6756,4197,3436,6715,5857,4154,3420,12.1541,-17.7303,8.86155,48.2253
30578,12592,6050,3911,3420,6017,4813,3785,3449,3923,3632,3461,3250,3416,3290,3165,3190,-28.3019,-31.016,8.65473,47.576
30579,9922,5712,3861,3371,8353,5026,3861,3366,4356,3987,3469,3287,3515,3519,3258,3158,-17.5236,-31.9716,8.66098,48.014
30580,3081,3262,3497,3581,3358,3758,4188,4372,3542,4098,6218,7452,3552,4226,6501,7721,15.4517,17.72,8.53205,48.2713
30581,3570,4656,8486,9111,3487,4109,5292,5666,3219,3539,3977,3962,2984,3259,3297,3334,-25.4927,16.0207,8.54465,47.9653
30582,3320,3458,3377,3121,3734,3876,3666,3438,4927,5343,4215,3622,6775,9584,5617,3793,31.7495,-9.38815,8.54562,47.9107
30583,6050,9301,5892,3991,4697,5892,4589,3749,3729,3861,3664,3524,3398,3390,3336,3206,-22.8034,-7.30975,8.63052,48.1793
30584,3444,3356,3259,3052,3933,3713,3510,3281,5819,4866,3939,3398,11226,7434,4272,3365,31.4648,-20.9543,8.53177,47.9113
30585,3531,3545,3383,3140,4076,4153,3681,3441,5621,6867,4435,3612,6604,7774,4900,3629,17.4379,-11.6341,8.84092,48.2613
30586,3427,3680,3943,3604,3666,4365,5689,4382,3818,5317,7980,5087,3670,4241,4980,4349,5.22133,6.43632,8.98319,48.132
30587,11938,6151,3924,3372,6577,5039,3853,3436,3885,3827,3432,3267,3473,3420,3214,3154,-23.4844,-33.1384,8.57161,47.9747
30588,3138,3365,3372,3396,3269,3612,3848,3927,3569,4259,5173,5364,3669,4839,9186,8520,31.2226,14.0475,8.62982,48.3373
30589,3690,3628,3428,3290,4891,4822,3849,3420,6760,7868,4417,3497,5412,5584,4279,3613,9.26101,-13.2632,8.88846,48.2987
30590,5220,4273,3586,3243,8950,5097,3765,3303,7660,4837,3657,3278,4595,3997,3416,3245,-2.06183,-27.3239,8.95362,48.0813
30591,3213,3566,3890,3867,3439,3868,5241,5411,3471,4310,7264,7231,3424,3963,4990,5076,5.6731,14.9071,8.96055,48.1493
30592,3414,4189,5829,6654,3613,4099,6843,7593,3361,3802,4513,4721,3173,3398,3629,3684,-12.1315,17.0341,8.61464,48.3433
30593,3374,3426,3263,3081,3991,3835,3462,3261,6775,4860,3753,3312,11987,6156,3993,3373,23.6891,-25.5998,8.96547,47.9347
30594,9485,8463,4588,3557,5458,5086,3952,3526,3888,3834,3543,3254,3414,3407,3339,3058,-30.587,-16.062,8.51763,47.9013
30595,6788,6210,4319,3593,7216,7046,4183,3565,4511,4259,3757,3386,3594,3582,3420,3071,-13.6379,-15.599,8.97075,48.3333
30596,4685,4125,3603,3226,7964,5085,3734,3274,8543,5021,3668,3418,5001,4379,3520,3303,0.679685,-25.5399,8.83359,48.366
30597,3560,4062,4203,3991,3899,5268,6657,4538,3917,5222,6810,4561,3631,3980,4251,3881,0.0640724,4.34716,8.71909,48.2873
30598,3503,3824,3592,3313,4194,5029,4493,3791,4653,8004,6019,4103,4282,5173,4647,3813,7.64202,-4.0163,8.93187,48.2887
30599,3173,3441,3331,3221,3649,3938,3875,3578,4268,5579,5828,4262,4692,7401,7379,4727,19.7585,0.0114003,8.62437,48.228
30600,3054,3271,3546,3374,3360,3621,4152,4071,3660,4410,6763,6115,3633,4621,7842,6752,17.146,12.6271,8.99968,48.1633
30601,4009,4515,4055,3643,4636,7236,5455,3754,4460,6244,5024,3907,3900,4223,3923,3573,-1.88367,-4.66014,8.83157,48.3713
30602,3157,3175,3460,3630,3361,3656,4229,5039,3284,3767,5228,9556,3429,3728,4976,8068,12.7481,32.4313,8.68238,47.8287
30603,3493,3386,3228,3146,3898,3694,3396,3302,5876,4803,3805,3524,12707,6037,3920,3411,30.0727,-30.4607,8.55608,47.7507
30604,3124,3219,3314,3360,3399,3492,3721,4041,3338,3771,4923,5945,3419,4125,7333,11690,27.2733,21.5909,8.91691,48.1427
30605,3711,4694,6146,4942,3887,5216,8153,5425,3487,3962,4792,4150,3256,3447,3687,3588,-11.1325,7.57971,8.94703,48.362
30606,3142,3255,3425,3471,3233,3504,3825,3920,3272,3760,4833,6014,3352,4032,6413,12117,31.7494,24.4248,8.6532,47.712
30607,3816,5455,9798,7005,3662,4361,5422,4989,3348,3580,3819,3836,3189,3216,3370,3319,-27.1242,10.0943,8.90542,48.1233
30608,3620,3480,3322,3074,4463,3985,3485,3293,8502,5233,3871,3399,9691,5721,3927,3328,16.6883,-26.2327,8.90073,48.2627
30609,3094,3244,3332,3622,3152,3449,3875,4152,3360,3855,5028,7141,3422,3905,5972,11629,22.3265,27.4511,8.70762,48.1547
30610,3162,3324,3673,3756,3169,3602,4410,5382,3360,3817,5516,9744,3361,3816,5084,7246,10.5597,25.4553,8.94635,48.2813
30611,3353,3876,5501,8024,3404,3960,5514,9180,3241,3550,4319,4872,3075,3197,3574,3730,-13.1531,23.5896,8.98377,48.2467
30612,4941,8440,7993,4783,4095,5230,5013,4041,3589,3786,3825,3497,3129,3283,3357,3209,-25.5079,-0.849923,8.54559,48.1407
30613,3513,4312,7288,8799,3442,4053,5743,6709,3334,3534,4044,4105,3113,3279,3441,3437,-19.7528,17.7208,8.90871,48.0973
30614,3377,3431,3285,3156,3935,4139,3796,3583,4921,6770,5007,3858,5413,8034,5706,3948,17.6598,-6.27034,8.73124,48.2393
30615,3192,3113,3368,3402,3285,3321,3738,3955,3350,3641,4660,6163,3444,3948,6038,12889,28.3828,28.8119,8.85835,47.6713
30616,4570,7182,8821,5106,4009,4924,5230,4265,3480,3830,3825,3566,3205,3432,3376,3255,-25.5489,2.65053,8.5381,48.0507
30617,3320,3390,3284,3240,3758,3910,3525,3359,4912,5425,4283,3616,6776,9705,5402,3849,33.6798,-9.63596,8.58844,47.836
30618,3319,3410,3454,3276,3806,4068,4006,3606,4602,6534,5835,4282,4620,6715,6234,4423,15.8267,-1.53973,8.50679,48.1267
30619,3642,3476,3300,3180,4640,4035,3639,3285,8744,5421,3846,3284,8974,5640,3872,3393,15.4517,-25.2485,8.90556,48.2473
30620,3801,5168,8371,6399,3699,4587,6658,5437,3366,3772,3975,3918,3145,3213,3408,3504,-18.9194,9.78013,8.81478,48.2807
30621,10296,6532,4005,3407,7210,5369,3903,3375,4219,3982,3521,3137,3538,3492,3196,3047,-19.8942,-22.3108,8.77065,48.1527
30622,4855,8582,7907,4678,4255,5050,4841,4120,3583,3673,3721,3429,3211,3305,3379,3308,-33.1794,-1.0275,8.78131,47.9313
30623,3966,3792,3424,3161,5938,4584,3704,3214,9304,5876,3857,3401,6002,4871,3652,3287,6.85273,-22.6499,8.53741,48.022
30624,3189,3442,3321,3273,3688,3901,3978,3587,4233,5780,5443,4297,4735,7777,7307,4594,20.5656,-0.694503,8.53899,48.3633
30625,4688,5788,4594,3873,5186,8122,5398,3796,4165,4877,4171,3527,3719,3822,3507,3313,-9.20013,-6.73053,8.71637,48.364
30626,3360,3473,3382,3258,3871,4091,3951,3674,4480,6611,5820,4098,4742,7171,6325,4328,16.3598,-2.1954,8.87197,48.4233
30627,4549,7776,8830,5011,4138,4779,5090,4250,3449,3755,3700,3502,3219,3465,3302,3280,-27.7788,1.64015,8.68729,48.0633
30628,3241,3515,3918,4114,3405,3787,5157,6186,3508,4097,6482,8015,3316,3704,4687,5288,4.41345,18.7176,8.83811,48.28
30629,6755,4756,3712,3294,10042,5340,3669,3412,5713,4406,3634,3173,3903,3763,3349,3219,-8.6953,-30.2705,8.89673,48.0933
30630,3515,3601,3463,3267,4052,4639,3986,3574,5218,7628,5304,3964,5096,6552,4895,3936,12.7334,-7.41152,8.53295,48.46
30631,4575,7710,8186,4951,4139,5039,5243,4226,3631,3810,3910,3566,3187,3414,3384,3269,-24.0481,0.908024,8.57044,48.16
30632,3363,3591,4581,5250,3355,3874,5620,8768,3434,3821,4986,6800,3205,3527,3912,4442,-3.45056,22.2137,8.67619,48.3527
30633,5053,5204,4070,3559,6612,7735,4587,3632,4900,5226,4075,3381,3871,3773,3634,3169,-7.28174,-12.4078,8.92765,48.3207
30634,3103,3226,3313,3342,3298,3584,3800,3745,3523,4214,5377,5330,3652,4928,9294,8220,26.1774,13.2657,8.8975,47.966
30635,3283,3418,3509,3392,3455,3950,4494,4221,3837,5041,7732,5419,3813,4916,6759,5242,13.2482,7.66349,8.92112,48.3207
30636,3456,3933,6022,12024,3444,3806,4838,6541,3274,3391,3808,4029,3028,3189,3421,3365,-24.079,32.7008,8.50922,47.7127
30637,3389,3425,3117,3189,3914,3780,3525,3243,6378,4751,3756,3369,12139,6259,3937,3402,26.3932,-27.3719,8.62062,47.7153
30638,8099,8050,4467,3512,6194,6083,4313,3475,3978,4135,3545,3318,3330,3425,3158,3055,-20.0389,-14.796,8.97228,48.0913
30639,3822,3755,3482,3166,4719,4902,3953,3332,7180,7593,4418,3499,5475,5552,4120,3482,8.88626,-14.1094,8.738,48.3
30640,4683,8074,8403,4699,4196,4990,4853,4226,3452,3703,3794,3523,3230,3281,3310,3214,-33.0417,0.371505,8.94482,47.754
30641,9082,5387,3884,3433,8723,5134,4006,3394,4496,4013,3448,3293,3464,3511,3213,3124,-15.7957,-33.0988,8.8321,47.7367
30642,3524,4579,7269,7085,3539,4337,6782,6375,3312,3581,4013,4127,3184,3327,3472,3458,-16.4604,14.053,8.95297,47.976
30643,3059,3324,3495,3539,3179,3471,4108,4450,3422,3783,5149,8378,3322,3867,5613,9890,17.1982,31.3648,8.90768,48.0327
30644,3449,3424,3285,3054,4361,3956,3531,3234,7890,5400,3950,3411,9666,5957,3988,3466,18.0386,-23.4007,8.64413,48.0147
30645,3081,3215,3567,3741,3263,3607,4180,5052,3320,3887,5217,9425,3387,3745,5126,8141,12.7738,28.0899,8.84604,47.9693
30646,3140,3324,3304,3281,3403,3694,3764,3684,3984,4778,5785,4603,4184,6565,9269,5562,23.1621,4.98619,8.74756,48.216
30647,3963,5627,9774,6720,3736,4219,5227,4764,3337,3637,3832,3656,3225,3327,3273,3233,-30.4315,8.88547,8.55927,47.7
30648,3376,3444,3157,3087,4231,4028,3541,3254,7917,4972,3847,3397,10619,5699,3950,3227,18.9049,-30.1301,8.85513,47.8307
30649,3408,3770,4197,4267,3675,4391,6675,5493,3462,4388,6928,5651,3383,3770,4380,4248,0.202104,11.363,8.60896,48.0573
30650,4379,4701,3946,3409,5600,7343,4733,3674,4936,6261,4313,3507,4132,4193,3766,3472,-2.56695,-9.87366,8.66803,48.2433
30651,8273,9209,4964,3580,5195,5251,4185,3532,3824,3769,3657,3256,3380,3405,3316,3008,-29.677,-13.5409,8.54718,47.8693
30652,3288,3747,4652,5480,3452,3992,6369,8204,3370,3897,4958,6113,3188,3579,3932,4130,-5.1783,19.5615,8.6489,48.234
30653,3190,3434,3511,3389,3439,3891,4084,3794,3855,5122,6813,4739,3955,5727,8184,5356,18.0863,5.61961,8.98947,48.322
30654,3870,5103,7803,6086,3717,4689,6865,5338,3402,3768,4186,4052,3257,3401,3345,3506,-17.4088,9.69777,8.56892,48.2587
30655,3595,3967,5432,5711,3688,4201,7173,7436,3397,3796,4878,4989,3314,3500,3767,3757,-8.38279,15.3179,8.58874,48.4007
30656,4328,3973,3473,3196,6626,5254,3883,3286,7954,6058,4048,3427,5084,4621,3742,3401,3.13682,-19.5889,8.63124,48.236
30657,3409,4214,7302,11169,3428,3861,5064,6142,3179,3461,3935,3896,3109,3251,3339,3453,-25.4015,20.7591,8.95466,48.1413
30658,3308,3529,3291,3225,3629,4095,3947,3521,4462,6329,5823,4105,4797,7390,6358,4256,17.2606,-2.17248,8.73776,48.0433
30659,4194,3951,3454,3242,6384,4563,3668,3218,9740,5133,3757,3408,5836,4653,3653,3295,5.93584,-32.2099,8.59515,48.0993
30660,3466,3879,5661,10365,3402,3862,5023,8148,3286,3443,4043,4448,3046,3212,3343,3425,-17.6664,30.2044,8.89842,48.0347
30661,3362,3980,5396,8254,3413,3845,5553,8777,3120,3590,4179,4857,2985,3291,3537,3684,-13.8365,24.7239,8.53118,47.882
30662,3327,3664,3975,3935,3249,3883,5415,5212,3577,4476,7416,6668,3533,3996,5187,4997,6.11946,13.7453,8.54155,48.34
30663,3197,3730,4768,6121,3378,3866,5716,9506,3353,3668,4620,6079,3142,3423,3631,3899,-7.20441,24.1651,8.67807,48.0647
30664,3122,3189,3354,3357,3262,3445,3833,3852,3354,3723,4978,5901,3519,4250,7440,11259,28.8563,20.391,8.75906,47.892
30665,12189,5969,4021,3459,6390,4824,3764,3521,4011,3724,3439,3300,3271,3346,3159,3168,-24.7154,-33.2267,8.71503,47.7033
30666,3355,3716,5029,7403,3334,3927,5201,9802,3372,3594,4320,5182,3152,3358,3596,3695,-11.2489,33.7369,8.9048,48.024
30667,3298,3613,3455,3417,3926,4379,4185,3638,4577,7172,6176,4088,4564,6007,5557,4225,12.6873,-2.14828,8.5792,48.1847
30668,4427,4045,3635,3243,6499,5790,3855,3409,7331,6144,4166,3387,4842,4470,3811,3420,1.71947,-17.551,8.58835,48.316
30669,3993,4015,3656,3379,5214,5842,4150,3595,6052,7377,4551,3577,4601,4824,4022,3481,3.75183,-11.8812,8.51024,48.2193
30670,3533,3481,3243,3139,4499,4166,3566,3223,8562,5118,3756,3474,9195,5454,4013,3381,15.9214,-31.3132,8.71594,47.8687
30671,3310,3320,3138,3191,3606,3856,3637,3367,4444,5085,4487,3944,5699,9738,6706,4097,31.628,-4.90323,8.91975,47.75
30672,3412,3423,3236,3206,3975,3667,3373,3232,5942,4651,3690,3355,12699,5872,3944,3321,32.5172,-31.1228,8.89338,47.332
30673,3053,3458,3791,3782,3285,3680,4617,4811,3550,4186,6764,7669,3429,4035,5538,6287,10.3832,16.5123,8.76685,47.9567
30674,3093,3223,3465,3534,3226,3540,3979,4171,3373,3907,5015,7836,3370,3859,5921,10260,18.6453,26.3207,8.75525,47.848
30675,3442,3928,5918,12067,3265,3705,4876,6605,3283,3541,3831,4120,3150,3218,3340,3326,-24.7206,30.1275,8.83339,47.7433
30676,6520,8896,5328,3831,5114,6068,4461,3579,3834,3929,3583,3413,3344,3402,3346,3168,-21.349,-9.50768,8.6641,47.8773
30677,8916,5608,3879,3427,8566,5330,3896,3400,4506,4103,3576,3274,3677,3612,3298,3197,-15.343,-24.7846,8.68507,48.1767
30678,3656,4002,4480,4066,3770,5166,6991,4881,3718,4810,6470,4695,3517,3841,4312,3951,-1.24463,6.22875,8.57077,48.2173
30679,4516,4041,3406,3160,7689,4960,3768,3248,8856,5142,3673,3382,5117,4201,3558,3319,1.63733,-28.3483,8.86746,48.024
30680,3709,3893,3880,3561,4088,5309,5241,4024,4314,6824,6584,4227,3967,4580,4544,3882,4.12292,-0.458357,8.98551,48.418
30681,3272,3428,3636,3668,3570,3930,4416,4005,3792,5187,7701,5277,3781,4918,6531,5356,12.8199,7.66954,8.60533,48.312
30682,3535,3842,3937,3829,3940,5107,5892,4303,3891,5838,7144,4586,3773,4167,4530,4054,2.85035,3.1249,8.88761,48.2453
30683,3364,3365,3311,3144,3915,3863,3464,3309,5428,5123,4042,3384,9468,8599,4406,3570,32.8413,-16.3978,8.99521,47.8367
30684,3051,3342,3625,3556,3234,3613,4288,4815,3399,3939,5891,8696,3352,3907,5613,7945,13.5623,21.75,8.93889,48.1773
30685,3051,3242,3359,3479,3218,3482,3950,4417,3467,3990,5168,7454,3400,4005,6132,10275,19.4279,24.2599,8.59767,48.0593
30686,3122,3255,3370,3559,3266,3612,3998,4394,3473,3905,5269,8029,3435,4041,5978,9128,16.9736,22.7626,8.8449,47.8893
30687,3535,3980,5294,5164,3437,4568,7628,6802,3411,3977,5244,4971,3214,3456,3850,3896,-7.39431,13.4025,8.60476,48.2847
30688,3464,3957,5452,6759,3455,4049,6344,8358,3317,3661,4437,4969,3175,3430,3651,3808,-11.3392,19.5369,8.68775,48.1907
30689,3270,3612,4576,5883,3455,3710,5143,9904,3323,3595,4479,6414,3113,3480,3849,4138,-5.82511,29.4836,8.83528,47.9627
30690,3123,3318,3497,3552,3262,3624,3960,4137,3514,4226,5891,6304,3492,4410,7566,8084,19.6202,16.323,8.64599,47.9733
30691,4464,4177,3551,3301,6694,5957,3916,3431,7238,6220,4056,3356,4740,4254,3724,3332,1.07881,-17.6135,8.94427,48.274
30692,3505,3982,4191,3954,3723,4995,6781,4628,3852,4968,6800,4612,3635,4002,4346,4062,0.388864,5.6676,8.67043,48.024
30693,10271,7882,4467,3565,5628,5041,3964,3366,3994,3980,3537,3286,3448,3258,3260,3093,-27.8806,-18.2778,8.58895,48.0267
30694,8612,9107,4949,3556,5419,5156,4136,3556,3909,3853,3508,3242,3430,3396,3336,3102,-28.1167,-14.044,8.89708,48.178
30695,3784,3683,3420,3211,4604,4905,3954,3426,6367,7986,4610,3507,5261,5571,4135,3513,8.9787,-11.8995,8.98312,47.958
30696,3964,4092,3666,3442,4752,6434,4389,3743,5341,7523,4953,3735,4247,4549,3924,3584,2.53399,-8.2415,8.65871,48.2253
30697,3373,3879,6460,12487,3373,3872,4798,5898,3307,3462,3792,3872,3201,3192,3439,3441,-30.4692,25.8817,8.7963,47.8973
30698,3767,5322,9736,7357,3688,4302,5320,4901,3277,3590,4012,3779,3172,3280,3412,3311,-29.2535,10.9559,8.58328,48.1507
30699,3848,4537,5407,4435,3799,5486,8046,5002,3607,4269,5115,4214,3335,3717,3778,3721,-7.21577,5.42608,8.67377,48.2107
30700,5065,5942,4544,3787,5506,8082,5047,3810,4152,4757,4067,3545,3599,3622,3579,3274,-10.1782,-7.98141,8.7835,48.252
30701,3427,3692,3790,3506,3738,4591,5368,4109,3993,5797,7750,4749,3812,4513,4974,4278,5.82323,3.96097,8.8571,48.058
30702,5185,4748,3758,3404,7326,6904,4147,3427,5878,5441,3964,3432,4084,4062,3468,3273,-4.14647,-16.2873,8.90805,48.334
30703,4205,6641,8875,5419,3940,4904,5898,4524,3523,3740,3887,3700,3195,3241,3344,3300,-22.6902,4.50985,8.52624,48.224
30704,5625,9254,6955,4218,4499,5066,4690,3976,3531,3754,3727,3468,3303,3364,3364,3290,-30.9807,-3.9367,8.55471,48.056
30705,4798,6672,6000,4297,4681,6901,5966,4158,3669,4141,4020,3509,3378,3524,3365,3265,-15.409,-2.21202,8.78531,48.2293
30706,5102,6079,4530,3596,5888,8016,4860,3638,4267,4802,3946,3457,3704,3666,3439,3340,-10.4499,-9.88253,8.6831,48.22
30707,3277,3701,5279,8251,3334,3813,5364,9568,3265,3602,4233,5043,3083,3273,3539,3708,-12.5275,27.6825,8.92848,48.222
30708,9298,5644,3807,3424,8451,5358,3790,3291,4557,3986,3517,3294,3528,3586,3285,3089,-16.5054,-24.7765,8.65112,47.9367
30709,4635,4105,3589,3243,8104,4864,3623,3352,8794,5158,3780,3279,4947,4184,3484,3165,1.10896,-28.4789,8.99587,48.204
30710,3275,3592,4257,5176,3366,3796,5008,9024,3299,3696,4812,7565,3298,3609,4081,4579,-2.04985,27.1828,8.56398,48.2887
30711,3927,3744,3371,3282,5901,4365,3545,3224,9886,5319,3854,3329,6535,4915,3584,3330,8.35854,-27.3928,8.86094,48.074
30712,3437,3414,3277,3178,3792,4028,3672,3451,5016,6628,4797,3782,5946,8463,5482,3888,18.7551,-8.0923,8.81651,48.1673
30713,4351,7117,8999,5361,3990,4940,5151,4408,3531,3721,3827,3513,3126,3423,3356,3298,-25.0354,3.41784,8.64444,48.0747
30714,3406,3497,3327,3064,3813,3862,3600,3357,5184,5471,4135,3550,7516,9408,5251,3842,25.1936,-11.5941,8.72801,48.1887
30715,4806,4262,3646,3239,8554,4924,3737,3348,7835,4788,3797,3361,4535,4251,3579,3250,-1.20152,-28.652,8.62773,47.9413
30716,4798,5652,4655,3780,5309,8081,5404,3843,4038,4813,4148,3525,3664,3688,3538,3358,-9.95529,-6.90382,8.75402,48.196
30717,3240,3452,3506,3357,3495,3878,4348,4058,3696,5024,7579,5276,3835,5105,7176,5366,14.3478,7.53938,8.92396,48.2607
30718,4028,6268,9962,6025,3876,4460,5246,4528,3393,3678,3821,3626,3266,3243,3279,3254,-29.1549,6.55089,8.83482,47.9687
30719,3346,3832,4271,4432,3485,4089,6380,6395,3509,4089,6265,6551,3315,3690,4263,4401,0.0965268,15.6162,8.92683,48.2087
30720,9106,8840,4458,3502,5569,5232,4033,3510,3909,3866,3646,3231,3479,3324,3258,3143,-32.4975,-15.3208,8.57844,48.0707
30721,3375,3748,4888,7017,3277,3892,5197,9967,3260,3682,4407,5494,3071,3384,3688,3889,-9.59401,27.9383,8.93346,48.1573
30722,3145,3258,3243,3313,3191,3587,3622,3921,3410,3779,4732,6148,3380,3946,6077,12678,28.0281,28.5731,8.97971,47.62
30723,3203,3433,3435,3364,3441,3830,4125,3804,3912,5223,6999,4951,3998,5673,7793,5282,16.9706,5.5765,8.86885,48.3107
30724,4232,5068,4465,3837,4551,7563,6019,4108,4158,5300,4737,3859,3559,3846,3656,3457,-6.13591,-2.98986,8.52081,48.2767
30725,3740,4358,5459,4800,3822,5085,8064,5476,3593,4139,5171,4397,3285,3634,3818,3638,-7.64231,7.94543,8.667,48.3193
30726,4321,3997,3650,3325,6161,5818,4021,3431,7218,6612,4124,3479,4765,4580,3774,3373,2.47114,-16.2855,8.56156,48.4327
30727,3397,3760,5087,6622,3353,3804,5879,9418,3176,3640,4525,5433,3108,3404,3631,3836,-9.34366,22.9743,8.75058,48.0487
30728,4125,5440,5678,4426,4228,6618,7122,4426,3722,4364,4438,3841,3355,3534,3702,3391,-11.2782,1.1555,8.75959,48.2733
30729,5543,8725,5758,4037,4769,6473,4871,3968,3732,3996,3876,3360,3315,3314,3378,3178,-19.78,-6.23466,8.93016,48.1953
30730,7649,5055,3796,3390,9835,5265,3972,3305,4990,4281,3534,3315,3647,3517,3352,3055,-11.7355,-26.8265,8.82222,47.972
30731,3230,3322,3423,3430,3134,3403,3766,3865,3411,3717,4686,5878,3353,3891,5973,12855,29.586,30.7529,8.93787,47.558
30732,3144,3220,3316,3342,3347,3540,3911,3926,3551,4237,5825,5633,3660,4784,8990,7851,22.2184,13.0861,8.95395,48.1847
30733,3700,3930,4142,3875,3954,5062,6070,4463,3857,5505,7051,4583,3619,4077,4365,4092,1.79989,3.48286,8.61501,48.23
30734,3511,4228,7798,10186,3402,3946,5322,5908,3188,3502,3842,3962,3123,3152,3376,3405,-25.373,18.8078,8.77755,47.9007
30735,3191,3335,3341,3237,3202,3623,3873,3847,3703,4281,5313,4874,3901,5629,9824,6910,27.1091,9.50389,8.63343,48.056
30736,3105,3362,3502,3671,3299,3629,4220,4665,3400,4080,6150,8170,3492,4028,5984,7475,13.553,19.7505,8.54688,48.1547
30737,3406,3498,3184,3060,4081,3929,3562,3152,6700,5363,3955,3446,10480,6956,4161,3464,21.9924,-21.2243,8.74039,48.2647
30738,3329,3322,3474,3291,3675,3976,4292,3727,4335,6052,6523,4437,4384,6242,6727,4568,15.4446,1.11268,8.52838,48.236
30739,3525,4362,7736,8905,3414,4061,5755,6398,3221,3565,4035,4029,2946,3278,3390,3355,-20.7236,17.1547,8.75343,47.9833
30740,3723,5225,9873,7537,3594,4211,5140,4925,3439,3652,3801,3729,3244,3250,3398,3375,-29.5042,11.4027,8.51747,48.0773
30741,3538,3473,3270,3201,4617,4005,3538,3359,8530,5158,3750,3438,9350,5614,3950,3352,15.8967,-29.0231,8.60621,48.0953
30742,3451,3707,4582,4423,3523,4546,7081,5814,3522,4371,6345,5523,3375,3775,4309,4193,-1.13685,11.8289,8.5939,48.36
30743,3416,3939,5628,6952,3445,4085,6370,8000,3306,3628,4522,4840,3177,3353,3593,3811,-12.1683,18.4122,8.55137,48.0433
30744,3459,4156,7323,11227,3357,3937,4943,5719,3218,3593,3844,3968,3106,3242,3367,3461,-28.7471,21.0946,8.57712,47.9467
30745,3870,4382,4374,3908,4159,6259,6353,4287,4112,5448,5596,4161,3567,3899,3999,3661,-2.42545,0.22691,8.63105,48.0233
30746,3295,3346,4155,4636,3379,3739,4848,8033,3352,3764,5025,8603,3217,3489,4310,4857,0.668186,29.4073,8.72686,48.032
30747,3331,3834,5700,10856,3411,3856,4979,7366,3270,3384,3969,4342,3163,3235,3451,3480,-19.6879,30.7331,8.53707,47.7513
30748,3552,3559,3292,3126,4320,3981,3570,3239,7040,5682,4014,3472,8975,6879,4234,3471,18.5826,-18.8573,8.67921,48.2707
30749,3829,3737,3419,3214,5328,4489,3648,3279,9148,6094,3940,3394,6677,5108,3761,3304,9.65733,-22.0166,8.83011,48.246
30750,8633,5236,3726,3314,9389,5157,3750,3436,4718,4052,3554,3322,3704,3532,3290,3162,-13.8649,-28.3676,8.98502,47.9833
30751,4534,4778,4031,3454,5818,7558,4493,3606,5093,6037,4221,3567,3977,4116,3601,3299,-3.30897,-10.9686,8.66961,48.122
30752,3158,3640,4177,4692,3371,3738,5158,7530,3383,3850,5440,7989,3236,3629,4341,4885,0.994739,22.2687,8.61002,48.1447
30753,3228,3477,3798,4349,3264,3694,4578,6945,3343,3711,5077,9337,3351,3768,4472,5642,4.41409,30.7308,8.61083,48.0227
30754,3329,3348,3204,3195,3801,3855,3568,3288,4996,5326,4243,3547,8011,9723,5026,3614,28.3196,-12.1308,8.86189,48.0493
30755,3396,3982,6052,11898,3362,3760,4662,6772,3120,3390,3837,3953,3112,3270,3445,3452,-24.508,28.4764,8.52186,47.642
30756,3968,4683,4760,3956,4212,6305,7033,4425,3986,4950,5213,4077,3572,3735,3842,3577,-5.09491,1.35548,8.53552,48.196
30757,5734,4488,3687,3302,9638,5222,3816,3312,6661,4636,3776,3300,4186,3839,3430,3153,-5.17711,-28.7048,8.92591,48.12
30758,4121,3918,3578,3062,5623,5012,3789,3348,8213,6609,4032,3421,5552,4790,3848,3390,6.38327,-18.1901,8.83794,48.204
30759,3352,3948,6161,12572,3344,3746,4818,6057,3235,3431,3809,3967,3198,3323,3336,3393,-28.9965,27.9532,8.54755,47.7933
30760,3547,3790,5100,5007,3510,4261,7345,7096,3421,3931,5287,5282,3306,3652,3940,4002,-5.90533,14.6632,8.50218,48.318
30761,6235,6799,4408,3548,6617,7304,4408,3578,4262,4361,3645,3387,3555,3607,3416,3166,-13.7096,-13.4803,8.92908,48.1973
30762,4076,5778,8264,5484,3889,4978,6599,4621,3473,3822,4043,3720,3238,3351,3469,3402,-18.4049,5.55375,8.91634,48.138
30763,4697,4167,3522,3273,7978,4909,3747,3382,8437,5118,3658,3259,4944,4088,3584,3254,0.709192,-27.2697,8.77934,48.0113
30764,3349,3322,3293,3211,3860,3819,3504,3204,5954,4670,3712,3326,12918,6045,3856,3434,29.8282,-31.3991,8.91489,47.6513
30765,3419,3974,6126,12682,3404,3826,4684,6066,3164,3415,3759,3926,3158,3269,3330,3355,-29.3411,32.5401,8.76283,47.7047
30766,4600,4091,3533,3285,7835,4935,3730,3414,8808,4954,3735,3344,4852,4170,3627,3292,0.914003,-28.2207,8.74151,48.1367
30767,3473,4241,7391,11061,3464,3844,4962,5947,3264,3579,3816,3994,3179,3175,3402,3337,-27.1366,20.8414,8.6447,48.086
30768,3238,3445,3934,4153,3380,3542,4555,6383,3366,3737,5108,9806,3237,3681,4531,6044,5.80071,31.9782,8.55181,48.0933
30769,3302,3387,3346,3220,3739,3783,3632,3419,4830,5207,4374,3608,6644,9874,5665,3901,30.3328,-8.72225,8.6137,47.954
30770,3059,3225,3503,3445,3234,3531,3987,4300,3387,4062,5528,7378,3429,4083,6654,9149,18.3737,20.1874,8.98994,47.9693
30771,4102,3881,3482,3188,5834,4828,3777,3293,8806,6270,3912,3361,5650,4790,3678,3394,6.28061,-19.7163,8.96611,48.164
30772,4017,6240,9971,5987,3688,4480,5206,4632,3467,3695,3812,3760,3204,3347,3312,3309,-31.0384,6.68459,8.93184,48.0847
30773,8971,6391,4170,3540,7386,5618,4027,3430,4370,4101,3708,3231,3518,3543,3303,3078,-17.7347,-20.5468,8.54344,48.2567
30774,3216,3279,3435,3136,3504,4020,3728,3571,4183,5158,5350,4255,4615,7674,8332,4995,23.2806,1.03298,8.76364,48.3007
30775,5018,4961,3907,3406,6812,7629,4349,3447,5006,5625,3968,3386,4018,3872,3424,3327,-5.84222,-13.6372,8.9078,48.1033
30776,3568,4160,7891,10809,3362,3983,4964,5672,3175,3519,3862,3927,3101,3258,3379,3290,-30.7349,19.0034,8.97744,47.9467
30777,6272,9620,6107,4079,4647,5511,4498,3840,3700,3771,3721,3391,3282,3435,3269,3124,-25.9405,-6.81163,8.74345,48.178
30778,5418,4568,3723,3307,9074,5666,3904,3313,6417,4833,3754,3244,4294,3928,3447,3064,-4.52172,-22.5493,8.81485,47.9693
30779,3300,3476,3336,3229,3828,3867,3530,3426,4999,5455,4338,3629,6877,9754,5508,3781,25.6837,-9.77841,8.68381,48.222
30780,3307,3287,3247,3115,3734,3785,3723,3397,4580,5199,4593,3809,5878,9863,6343,3992,29.7667,-6.38764,8.82093,47.9013
30781,3319,3313,3266,3290,3815,3731,3519,3221,5330,5301,4176,3680,8266,9330,4939,3590,31.7981,-13.0933,8.57043,48.0573
30782,4104,4146,3747,3322,5185,6517,4438,3581,5360,7281,4716,3707,4381,4476,3977,3518,1.68917,-9.28385,8.69172,48.304
30783,3471,4002,5895,12627,3403,3726,4626,6039,3192,3410,3645,3816,3087,3435,3405,3318,-30.4493,30.1007,8.67013,47.398
30784,4872,8223,8370,4861,4238,4916,4934,4152,3481,3707,3737,3478,3220,3345,3417,3267,-29.3212,0.148174,8.60578,48.1453
30785,3354,3355,3287,3232,3753,3728,3476,3253,5285,5081,4175,3554,8367,9266,4935,3706,31.248,-13.5355,8.73984,47.8713
30786,3324,3946,6334,11780,3385,3742,4794,6421,3180,3422,3955,4007,3085,3136,3312,3413,-24.5492,26.0083,8.56054,47.4907
30787,3811,3765,3384,3273,5092,4823,3772,3391,7920,7012,4214,3520,5772,5407,3928,3325,8.75167,-16.9447,8.79978,48.2727
30788,3242,3520,4040,4401,3422,3756,5093,6759,3411,3835,5708,8677,3297,3558,4345,5260,3.03441,22.3511,8.7244,48.216
30789,4024,4043,3619,3276,5833,5688,4065,3446,7225,6914,4049,3523,4810,4665,3767,3489,3.48967,-15.6403,8.77663,48.2907
30790,3764,4288,4546,3907,3956,5827,6808,4497,3825,5200,5997,4192,3602,3897,4054,3895,-2.17394,2.52017,8.55345,48.17
30791,3168,3390,3670,3802,3234,3588,4578,5327,3537,3729,5209,9827,3347,3722,5017,6959,9.5719,33.0729,8.61392,48.0693
30792,3333,3318,3192,3142,3947,3757,3393,3235,6500,4796,3762,3351,12427,6129,3896,3455,25.0455,-28.2696,8.82871,47.7553
30793,3408,3951,5054,6200,3402,3958,6211,8819,3339,3698,4426,5515,3226,3386,3745,4010,-8.71725,21.0142,8.63567,48.232
30794,4512,6224,5711,4046,4607,7231,6272,4097,3678,4339,4245,3622,3480,3589,3351,3325,-12.9968,-1.98308,8.92164,48.2193
30795,3157,3296,3339,3229,3583,3640,3807,3552,4110,4978,5096,4222,4574,7811,8499,4964,28.1127,1.08939,8.57099,47.9047
30796,5775,8641,5654,3986,4989,6526,4828,3825,3823,4057,3842,3403,3451,3452,3326,3075,-19.3244,-6.67106,8.72238,48.4353
30797,3486,3358,3253,3063,3984,3854,3432,3265,6338,4851,3775,3487,12031,6455,3926,3396,25.4599,-25.6642,8.5667,47.9693
30798,3689,4818,9298,8110,3559,4181,5305,5244,3261,3617,3781,3970,3202,3289,3363,3406,-33.5814,13.2183,8.92443,48.062
30799,4448,5563,4972,3994,4614,7477,6111,3975,3933,4821,4455,3714,3451,3678,3615,3414,-9.44335,-2.95889,8.62114,48.1567
30800,3148,3355,3317,3363,3381,3560,3718,3749,3754,4574,5383,4766,3934,5932,9959,6359,27.2983,7.43395,8.74144,48.168
30801,3759,3547,3450,3110,5066,4228,3582,3206,8985,5850,3969,3394,7128,5332,3908,3389,11.1989,-21.6718,8.68238,47.9353
30802,3505,4423,8053,10357,3482,3973,5058,5563,3138,3464,3724,3873,3132,3245,3360,3452,-31.4279,18.1426,8.96326,47.868
30803,12070,6766,3907,3435,5911,4790,3771,3264,3896,3865,3465,3215,3405,3346,3154,3148,-30.9416,-24.0337,8.82991,47.6053
30804,3261,3315,3306,3260,3709,3846,3621,3509,4349,5224,4626,4043,5528,9592,6956,4326,27.2457,-4.02177,8.99429,48.314
30805,6061,9735,6238,3973,4572,5526,4467,3835,3668,3876,3724,3465,3366,3344,3259,3245,-25.4758,-6.64036,8.58657,48.236
30806,3347,3815,4867,5852,3393,4018,6124,8854,3347,3644,4771,5809,3114,3443,3846,3988,-6.89817,20.7888,8.55697,48.1547
30807,3341,3483,3597,3551,3621,3863,4178,3905,3991,5344,7371,4877,3910,5248,6944,5047,14.4989,5.6116,8.72437,48.1807
30808,3595,4624,8721,8919,3439,4078,5279,5499,3310,3517,3921,3889,3113,3260,3389,3497,-25.6472,15.6892,8.71403,48.0333
30809,5017,6012,4428,3614,5875,7983,4835,3688,4489,4766,3828,3549,3551,3797,3544,3238,-10.3685,-10.3667,8.53579,48.1427
30810,3803,4347,4298,3935,4091,6243,6430,4246,4064,5501,5736,4211,3706,4047,4162,3735,-2.08668,0.571385,8.59648,48.37
30811,3370,3933,6097,12295,3158,3701,4907,6447,3250,3479,3710,4061,3118,3220,3473,3365,-25.0742,30.2237,8.70915,47.7227
30812,12019,6012,3935,3412,6807,4949,3793,3329,3983,3752,3496,3178,3352,3461,3261,3009,-23.361,-28.4478,8.75515,47.832
30813,3606,3948,4298,3883,3890,5082,6616,4624,3723,5207,6809,4611,3612,4208,4381,3881,0.673189,4.46251,8.8086,48.2527
30814,4426,4200,3587,3263,6428,6013,4057,3430,6827,6404,4018,3505,4568,4474,3686,3228,0.91777,-16.5556,8.56159,48.076
30815,3178,3517,4001,4156,3391,3804,5041,6005,3466,4023,6286,8360,3289,3724,4843,5291,5.14326,19.5515,8.70557,48.25
30816,3188,3568,4080,4673,3251,3670,5084,7704,3407,3873,5163,8075,3262,3659,4315,4963,1.00298,24.1121,8.66203,47.9567
30817,3328,3456,3211,3071,4102,3907,3496,3190,5880,5437,4088,3480,8994,8355,4605,3495,23.731,-15.7699,8.72734,48.0633
30818,3445,3524,3388,3213,4017,4369,3860,3459,5487,7562,5073,3891,5294,7156,5059,3755,14.2806,-7.81373,8.79221,48.368
30819,3412,3383,3264,3067,4038,3817,3583,3271,5940,4938,3954,3352,11201,7400,4047,3330,33.2008,-20.6112,8.89621,47.998
30820,3293,3464,3312,3251,3498,3883,3812,3493,4374,5920,5414,4093,4754,7841,7141,4586,20.2999,-1.24562,8.51983,48.086
30821,4322,6098,6404,4472,4315,6278,6557,4506,3706,4114,4262,3686,3247,3422,3529,3460,-14.5531,0.75151,8.73403,48.252
30822,3559,3720,3504,3285,4240,4955,4070,3537,5370,8096,5265,3705,4814,5804,4608,3732,9.90597,-7.32343,8.50571,48.176
30823,3345,4064,5488,6156,3458,4259,7042,7760,3435,3664,4631,4776,3183,3369,3738,3735,-9.76602,16.5683,8.65221,48.0687
30824,3145,3223,3263,3472,3168,3364,3868,4013,3424,3679,5066,7226,3368,3989,5913,11602,21.1692,32.851,8.84548,47.8553
30825,3588,3479,3291,3115,4536,3972,3423,3277,8103,5301,3864,3334,9442,5850,3845,3475,17.0987,-24.8744,8.52592,47.93
30826,9823,5556,3923,3308,8236,5177,3867,3410,4336,3957,3491,3206,3463,3542,3332,3140,-17.1328,-33.189,8.76459,47.8447
30827,3601,4453,7314,8909,3405,3957,5606,6648,3296,3530,3892,4016,3113,3283,3398,3553,-19.8975,18.0286,8.50375,47.9827
30828,3750,4405,5382,4649,3781,5233,7969,5295,3604,4231,5227,4397,3350,3610,3734,3542,-7.77034,7.37787,8.56745,48.106
30829,3402,3552,3775,3630,3777,4647,5152,4126,4105,6236,7535,4673,3902,4688,5124,4182,7.2241,2.79172,8.54676,48.3373
30830,3345,3404,3282,3132,3932,3888,3536,3185,5510,5082,3995,3449,9378,8415,4566,3612,29.4734,-16.5576,8.55007,47.8073
30831,3362,3985,6064,11693,3359,3750,4853,6660,3219,3435,3861,4084,3111,3093,3356,3313,-22.8179,33.6385,8.64145,47.4653
30832,4022,4238,3687,3410,4653,6065,4504,3750,5134,7555,5025,3835,4483,4669,4129,3638,3.50879,-7.35782,8.7168,48.5313
30833,7227,5000,3792,3286,10049,5279,3831,3422,5281,4229,3548,3225,3811,3579,3278,3006,-10.4317,-31.0604,8.94805,47.8953
30834,3102,3290,3339,3351,3375,3680,4129,3910,3594,4262,5902,5458,3837,4897,8652,7316,20.9058,12.3282,8.92701,48.0627
30835,7296,7607,4616,3694,6059,6421,4142,3644,4160,4082,3604,3273,3390,3449,3401,3216,-17.9613,-14.0016,8.61075,48.036
30836,3311,3769,4778,4991,3534,4225,7038,7325,3395,3877,5499,5700,3183,3547,4105,4136,-4.5746,15.8093,8.95633,48.2753
30837,4211,5745,5913,4459,4138,6465,6985,4474,3829,4341,4413,3777,3368,3396,3569,3372,-12.3931,0.865127,8.87213,48.3033
30838,4344,3856,3466,3231,6959,4826,3765,3218,9425,5334,3937,3395,5476,4387,3581,3321,3.98311,-25.5997,8.8965,48.3473
30839,4606,6644,6357,4502,4340,6446,6128,4274,3753,4110,3998,3643,3392,3430,3411,3250,-15.5878,-1.05878,8.5055,48.1893
30840,3175,3338,3473,3521,3155,3442,3831,4066,3332,3869,4772,6072,3365,3805,6163,12225,33.8437,25.8724,8.6677,47.736
30841,6262,7008,4531,3675,6274,7078,4526,3601,4232,4279,3706,3419,3441,3495,3248,3151,-14.8336,-12.3517,8.73937,47.9507
30842,3153,3417,3862,3665,3412,3739,4555,4882,3506,4363,7166,7475,3470,4022,5605,5878,10.1042,15.7827,8.68062,48.1133
30843,3255,3587,4021,4330,3333,3677,4856,7175,3462,3755,5120,9151,3282,3589,4387,5077,2.82889,33.8234,8.69593,48.038
30844,3382,3795,4428,4732,3526,4140,6631,6584,3449,4085,5969,6055,3254,3569,4233,4345,-1.54129,15.237,8.56527,48.118
30845,3440,3847,4488,4363,3482,4592,7239,5512,3527,4381,6403,5210,3348,3785,4136,4010,-1.8074,10.6963,8.92986,47.842
30846,3364,3523,3661,3681,3646,4135,4970,4257,3825,5398,8098,5290,3664,4562,5646,4601,8.91676,7.02155,8.58407,48.214
30847,3327,3989,6681,12107,3417,3854,4947,5857,3283,3415,3810,3846,3078,3238,3481,3468,-29.5087,22.8912,8.95094,47.8653
30848,3113,3278,3414,3407,3518,3807,4120,3960,3839,4749,6443,5269,3801,5287,8372,6187,18.8501,9.21987,8.63822,48.376
30849,3333,3427,3225,3071,3984,4024,3578,3397,5355,5911,4169,3659,7399,9204,5029,3594,21.9374,-11.9404,8.83403,48.2393
30850,3354,3692,4898,7022,3362,3938,5224,9689,3317,3685,4382,5386,3192,3458,3684,3752,-10.3971,32.2443,8.66318,48.0233
30851,3649,4326,5006,4504,3765,5245,7859,5348,3625,4445,5643,4490,3329,3668,3977,3672,-5.35969,7.59828,8.96162,48.3673
30852,3779,3671,3404,3300,4571,4679,3695,3334,6924,7559,4460,3540,5815,5915,4133,3564,10.6221,-13.8473,8.6034,48.2287
30853,3518,3568,3826,3591,3750,4612,4962,4008,4178,6729,7237,4411,3953,4740,5080,4106,7.43238,1.3756,8.95231,48.1793
30854,3528,3917,4835,4690,3475,4537,7424,6504,3432,3990,5892,5325,3341,3586,4030,4039,-3.5619,13.0275,8.79058,48.3633
30855,6437,9976,5905,3932,4635,5281,4382,3693,3739,3819,3613,3361,3360,3419,3229,3134,-26.9394,-7.71843,8.8552,47.9433
30856,3970,4968,7129,5385,3830,5123,7363,5117,3511,3838,4414,4043,3149,3474,3540,3447,-14.3188,7.3743,8.51512,48.2007
30857,3563,3847,4146,3790,3862,4945,6092,4360,3974,5573,6977,4718,3635,4183,4521,4038,2.35442,3.89523,8.5945,48.1493
30858,3361,3466,3265,3186,3675,3952,3669,3313,4765,5218,4406,3741,6561,9810,5831,3881,32.1311,-8.46792,8.79039,48.0667
30859,3415,3502,3259,3182,4366,3952,3530,3178,8068,5177,3999,3443,9754,5611,3773,3397,17.3189,-33.3702,8.59054,47.7373
30860,7219,5915,4000,3481,8008,6310,4117,3468,4848,4332,3569,3290,3724,3613,3410,3091,-13.1686,-18.5206,8.56571,48.2633
30861,3164,3260,3368,3417,3208,3579,3944,3961,3464,3934,5250,6003,3502,4390,8012,9712,24.3101,17.8096,8.7564,48.112
30862,3751,4240,5208,4517,3818,5055,8137,5461,3717,4143,5282,4496,3389,3571,3952,3750,-6.53673,7.67649,8.59944,48.3247
30863,3323,3399,3535,3353,3662,4122,4370,3854,3951,5616,7353,4748,4038,5546,6676,4807,14.0384,3.89024,8.86264,48.2353
30864,3088,3222,3297,3483,3222,3443,3853,3948,3419,3753,5046,6280,3558,4120,7115,11058,24.9805,21.2125,8.61713,47.9367
30865,3406,3886,5540,8790,3379,3796,5468,8792,3210,3559,4117,4727,3213,3316,3482,3740,-14.7922,24.8283,8.98165,48.2807
30866,3357,3900,5975,12935,3410,3697,4777,5987,3213,3426,3784,3868,3161,3193,3366,3410,-29.8696,30.966,8.88562,47.6393
30867,3289,3371,3197,3170,3887,3913,3598,3346,5245,5415,4141,3671,7739,9531,5155,3586,26.7412,-12.2653,8.64965,48.1693
30868,12139,6077,4000,3382,6379,4876,3781,3430,3919,3812,3438,3211,3447,3366,3221,3163,-24.6163,-33.7012,8.76943,47.7607
30869,3187,3339,3366,3333,3335,3758,4044,3811,3670,4573,6272,5153,3962,5341,8714,6561,20.6311,9.46677,8.55224,48.2793
30870,9902,6966,4115,3330,6767,5387,3915,3452,4245,4051,3441,3046,3401,3458,3223,3111,-20.3185,-19.9896,8.94648,47.8733
30871,3308,3569,4026,4142,3519,4061,5621,5810,3456,4139,6922,7063,3416,3813,4672,4749,3.45943,15.7622,8.55544,48.1907
30872,3251,3329,3621,3575,3291,3866,4530,4369,3629,4787,7876,5987,3619,4465,6523,5733,12.6276,10.7166,8.80295,48.3007
30873,3409,3474,3320,3103,4222,4129,3601,3373,6625,6204,4090,3528,8270,7352,4290,3544,18.524,-16.9532,8.67327,48.356
30874,3214,3371,3632,3685,3282,3524,4248,5022,3354,3819,5187,9647,3458,3838,5003,7765,12.0976,29.7823,8.55812,48.0327
30875,3287,3433,3319,3257,3586,3658,3690,3621,4265,4948,4960,4158,4771,8248,7992,4856,29.0085,-0.254067,8.60537,48.0327
30876,3780,4196,4413,3821,4100,5945,6544,4380,4010,5427,5880,4214,3701,4014,4150,3856,-1.5062,1.84316,8.51824,48.2873
30877,3279,3864,4866,5881,3463,3962,6168,9002,3257,3612,4662,5733,3104,3376,3898,4042,-7.19025,21.2749,8.70398,48.1127
30878,3481,3565,3191,3047,4435,4086,3480,3233,8391,5171,3967,3390,9564,5614,3923,3326,16.1116,-33.9715,8.73082,47.9093
30879,6480,9835,5699,3813,4779,5353,4424,3848,3760,3772,3722,3411,3398,3424,3312,3140,-33.9143,-8.51108,8.69762,48.1133
30880,3629,4323,5539,4783,3777,5016,8227,5447,3490,4169,5042,4458,3342,3521,3765,3724,-8.33975,8.45549,8.67401,48.168
30881,8195,6403,4148,3541,7536,6034,3933,3383,4420,4059,3682,3281,3502,3464,3374,3092,-16.1724,-18.9606,8.70812,48.0313
30882,4396,5396,4814,3809,4806,7700,6025,4045,3980,5051,4369,3690,3515,3664,3505,3361,-8.44744,-3.49476,8.67751,48.084
30883,11056,6749,4066,3391,6739,5025,3809,3431,4102,3745,3454,3184,3467,3544,3283,3110,-22.0182,-22.923,8.84506,48.1033
30884,3447,4020,4970,4695,3691,4689,7652,6018,3523,4115,5598,4848,3278,3681,3912,4012,-4.9509,10.8087,8.53617,48.0993
30885,11814,5924,4039,3374,7011,4718,3763,3366,4033,3857,3434,3303,3450,3477,3281,3151,-22.0893,-28.3195,8.96404,47.9967
30886,3292,3514,4048,4612,3326,3693,4866,7892,3351,3798,4952,8866,3285,3697,4269,4820,1.38398,33.1382,8.978,48.1873
30887,3279,3542,4143,4920,3397,3674,4983,8444,3460,3633,4963,7999,3223,3574,4228,4764,-0.773201,26.8823,8.75181,48.1507
30888,3054,3256,3348,3571,3201,3445,3907,4161,3312,3858,4809,7216,3395,3938,5890,11370,21.451,29.2245,8.79401,47.8207
30889,4484,5647,4844,3995,4648,7713,6185,4175,3999,4752,4344,3644,3499,3613,3506,3457,-9.43144,-3.46404,8.67531,48.3367
30890,3163,3289,3362,3321,3286,3703,3797,3797,3716,4469,5319,4852,3879,5633,9713,6723,31.4549,9.07202,8.7457,48.0147
30891,9831,5601,3812,3403,8320,5079,3726,3297,4462,3941,3457,3235,3624,3527,3316,3048,-17.095,-27.0749,8.78355,47.786
30892,3180,3421,3757,3864,3274,3689,4395,5458,3448,4115,5905,9166,3315,3857,5020,6477,9.25025,22.0638,8.60546,48.2273
30893,10014,6092,3914,3389,7687,5274,3972,3343,4224,3945,3444,3302,3321,3472,3166,3155,-18.4804,-23.6994,8.71834,47.8093
30894,12538,5941,4149,3424,6155,4674,3653,3487,3853,3711,3391,3222,3268,3296,3227,3196,-26.5341,-33.6085,8.78555,47.4567
30895,3297,3388,3383,3290,3631,3900,3769,3591,4328,5807,5501,4228,4861,7580,7171,4458,19.8708,-1.04968,8.70297,48.122
30896,3280,3318,3369,3312,3574,3816,3610,3362,4431,5035,4631,3863,5816,9647,6661,4093,30.3723,-4.98066,8.73817,47.8787
30897,8956,5311,3813,3401,8849,5271,3769,3391,4668,4156,3573,3291,3526,3561,3338,3096,-15.0777,-30.5469,8.73353,47.98
30898,3360,3817,4927,7125,3437,3833,5242,9977,3268,3514,4302,5461,3158,3308,3564,3821,-10.0466,32.2211,8.69939,48.076
30899,3532,3515,3436,3208,4300,4148,3718,3321,6623,6871,4245,3505,6979,7015,4378,3545,15.4757,-14.9221,8.68248,48.226
30900,3511,3523,3218,3288,4145,3831,3418,3194,7746,5070,3835,3367,10409,5657,3928,3371,18.9396,-32.2784,8.81769,47.674
30901,4234,4284,3781,3360,5650,6241,4152,3553,5866,7062,4406,3488,4376,4537,3858,3353,1.20272,-12.3565,8.91522,48.134
30902,4444,6619,6742,4705,4187,5993,6203,4421,3639,4173,4100,3706,3257,3252,3438,3316,-16.9428,0.60373,8.53681,48.13
30903,3225,3431,3610,3646,3418,3897,4745,4363,3552,4642,7984,6129,3688,4366,6231,5342,10.8797,11.1246,8.95052,48.1793
30904,3299,3463,3459,3275,3652,4120,4022,3623,4419,6611,6039,4340,4469,6705,6305,4327,15.3022,-0.948892,8.93016,48.0853
30905,3698,3570,3330,3110,4938,4189,3504,3321,9131,5544,4003,3411,7985,5310,3839,3495,12.9026,-24.2834,8.55359,48.252
30906,3298,3944,5945,7943,3475,4048,5736,8365,3293,3479,4198,4656,3126,3287,3508,3691,-14.4162,20.9879,8.67776,47.9947
30907,6796,4873,3663,3280,9968,5291,3835,3340,5692,4437,3687,3352,3876,3670,3330,3113,-8.99696,-29.1938,8.77155,48.1353
30908,11485,7376,4045,3293,5801,4949,3915,3332,3862,3836,3491,3182,3375,3421,3264,3089,-29.4173,-21.318,8.68231,47.8107
30909,3519,4163,5660,5178,3667,4650,7942,6322,3344,3864,5046,4528,3269,3499,3743,3742,-8.96938,11.5945,8.75858,48.0907
30910,10128,8008,4340,3573,5576,5116,3999,3401,3893,3851,3543,3170,3373,3429,3199,3138,-28.7889,-17.839,8.69798,47.8247
30911,3163,3378,3360,3231,3412,3682,3708,3604,3875,4626,5138,4335,4351,6884,9529,5504,30.3475,4.32953,8.86315,47.8533
30912,3987,4430,4367,3956,4327,6466,6362,4267,4120,5298,5486,4002,3683,3927,3988,3607,-2.82442,-0.124171,8.69645,48.182
30913,4427,4024,3572,3258,7163,4974,3780,3289,8925,5237,3746,3285,5226,4363,3680,3211,3.03882,-25.2753,8.64506,48.1067
30914,3251,3958,6037,12596,3298,3767,4751,6122,3254,3467,3754,3884,3209,3351,3388,3375,-33.488,27.4072,8.89774,47.6413
30915,8344,9467,4802,3697,5191,5334,4204,3671,3778,3780,3522,3387,3374,3441,3278,3080,-27.3953,-13.4757,8.84888,48.2333
30916,4856,8739,7986,4592,4275,4916,4858,4018,3553,3799,3752,3583,3236,3308,3344,3096,-29.5037,-0.958022,8.9159,47.9407
30917,9336,7027,4200,3431,6676,5458,3938,3365,4150,3985,3522,3430,3442,3422,3229,3031,-20.159,-19.1598,8.68711,47.7613
30918,4346,3948,3465,3154,7407,4971,3805,3322,9047,5080,3760,3269,5251,4518,3632,3196,2.88403,-31.7138,8.78377,48.114
30919,3580,5015,9338,8115,3603,4195,5484,5253,3257,3509,3691,3879,3210,3286,3330,3452,-26.3963,13.2345,8.92666,48.1313
30920,3931,3664,3316,3110,5139,4614,3839,3320,8178,6905,4152,3532,6098,5352,3862,3436,9.20285,-17.8823,8.9358,48.2987
30921,4195,7164,9399,5459,3933,4757,5087,4292,3492,3727,3712,3695,3324,3255,3268,3320,-30.1383,3.54187,8.56516,48.0527
30922,3371,3765,6096,12430,3371,3738,4711,6042,3286,3517,3768,3972,3057,3244,3394,3528,-32.3873,27.6941,8.65594,47.5267
30923,3521,3496,3302,3187,4238,3980,3462,3306,7551,4995,3810,3410,10688,5741,3977,3522,19.5121,-31.1541,8.82066,48.124
30924,8812,5469,3719,3418,8867,5150,3873,3394,4686,4073,3564,3273,3506,3435,3253,3066,-14.8634,-30.6038,8.76516,47.7053
30925,3488,3287,3264,3229,3926,3795,3494,3304,6050,4772,3760,3327,12638,5884,3915,3371,32.6937,-31.007,8.64013,47.6693
30926,3337,3448,3303,3109,3786,3850,3491,3290,5400,5098,4094,3538,8698,9253,4713,3518,32.1378,-14.0054,8.83793,47.9507
30927,4747,7718,7084,4478,4427,5759,5501,4285,3642,3928,3925,3546,3330,3437,3352,3273,-20.0027,-1.08158,8.97126,48.288
30928,3172,3150,3359,3332,3265,3459,3777,3996,3521,4071,5245,5564,3694,4751,8841,8771,27.4118,14.887,8.81133,47.9787
30929,3376,3917,5774,9495,3386,3926,5300,8450,3272,3504,3961,4486,3152,3224,3539,3617,-16.8254,25.4796,8.96211,48.2527
30930,3088,3373,3586,3640,3337,3781,4529,4422,3610,4441,7719,6516,3572,4299,6373,5887,12.3636,12.5832,8.92567,48.1153
30931,5638,4596,3698,3306,9317,5423,3920,3437,6502,4734,3704,3276,4130,3894,3516,3198,-5.24436,-23.9215,8.56949,48.1927
30932,3671,3505,3334,3024,4892,4162,3498,3308,8778,5778,3889,3423,7793,5669,3949,3312,13.4129,-22.5429,8.94915,47.99
30933,3418,4007,5058,4875,3621,4606,7903,6377,3394,3978,5568,4976,3282,3430,4051,3890,-5.58972,12.2207,8.99756,48.2893
30934,3725,3822,3789,3425,3951,5224,4905,3882,4498,7147,6540,4205,4106,4782,4709,3921,5.32616,-1.40062,8.51834,48.4207
30935,3380,3848,6195,12680,3422,3739,4755,5825,3160,3366,3789,3858,3140,3279,3376,3524,-33.2775,26.3331,8.99815,47.5573
30936,4112,3735,3403,3159,5758,4655,3658,3321,8841,6142,3893,3424,5856,4848,3783,3294,7.02128,-20.9094,8.6319,47.9213
30937,3674,3602,3355,3203,5073,4265,3646,3215,9352,5776,4028,3378,7618,5279,3956,3350,11.8468,-23.6354,8.94077,48.5133
30938,5021,8759,7652,4400,4376,5072,4813,4078,3615,3810,3762,3432,3276,3351,3476,3151,-32.0342,-1.72076,8.59192,48.0293
30939,4129,5544,5701,4176,4342,6875,6854,4359,3622,4408,4399,3791,3450,3659,3601,3482,-11.2569,0.1492,8.94299,48.2613
30940,3431,3948,4809,4513,3713,4768,7548,5710,3564,4338,6030,5002,3288,3662,4082,4009,-3.48704,10.0636,8.54632,48.2767
30941,3439,3967,5227,8962,3417,3742,5065,8790,3276,3473,4068,4616,3311,3254,3562,3530,-15.0727,33.3239,8.63336,47.7993
30942,3338,3376,3248,3075,4037,3790,3472,3277,6551,4835,3831,3348,12100,6020,4022,3281,24.9988,-28.8363,8.62703,47.734
30943,5710,4582,3670,3352,9684,5129,3749,3364,6513,4551,3655,3300,4050,3841,3520,3207,-5.43137,-32.1445,8.80012,47.918
30944,3435,3952,6999,11610,3395,3971,5044,5987,3261,3493,3806,4005,3092,3242,3376,3379,-33.921,22.0089,8.76434,48.0313
30945,3151,3404,3624,3635,3267,3651,4516,4699,3499,4032,6719,7865,3485,4172,5814,6794,12.0157,17.7064,8.84128,48.218
30946,12453,5991,3819,3347,5992,4688,3792,3467,3766,3800,3445,3391,3410,3382,3239,3257,-30.8667,-32.7718,8.5594,47.4927
30947,3170,3330,3700,3733,3201,3573,4108,5242,3421,3802,5330,9804,3302,3776,4975,7411,10.9204,28.3446,8.75522,47.9187
30948,3154,3223,3391,3421,3359,3556,3930,3748,3609,4394,5086,4800,3868,5591,9871,6625,32.631,8.99552,8.90121,47.7507
30949,4125,4912,4432,3712,4523,7308,6129,4098,4154,5467,4841,3900,3698,3964,3840,3379,-5.11207,-2.84323,8.8064,48.3213
30950,3400,3644,4228,4306,3407,3997,5721,6416,3441,4064,6192,7244,3441,3721,4484,4764,1.79284,17.33,8.57207,48.3133
30951,3324,3702,4157,4104,3542,4294,6252,5505,3555,4564,7189,5887,3539,3865,4559,4468,1.79631,11.6683,8.7279,48.3373
30952,3232,3684,4335,5146,3427,3781,5572,8492,3416,3800,5088,7263,3266,3513,4051,4359,-2.21619,23.1854,8.53573,48.2833
30953,3424,3985,6447,12417,3399,3832,4803,6013,3258,3396,3805,4021,3137,3158,3277,3465,-29.2047,25.7389,8.56635,47.8913
30954,3210,3253,3398,3157,3312,3678,3785,3785,3608,4369,5342,4879,3768,5422,9909,6874,33.9005,9.32126,8.85504,47.8327
30955,3402,3845,5515,6972,3386,3952,6290,8569,3299,3797,4283,5078,3071,3371,3697,3789,-11.4328,20.058,8.64365,48.2107
30956,10314,5808,3824,3470,7976,4986,3789,3425,4246,3833,3485,3264,3470,3424,3293,3266,-18.7399,-32.5476,8.68111,47.9153
30957,4449,7148,9081,5413,3843,4689,5065,4492,3535,3712,3838,3654,3255,3324,3389,3319,-28.9931,3.39703,8.59487,48.1373
30958,3522,3844,3957,3718,3811,4742,6006,4287,3836,5440,7698,4822,3693,4161,4646,4163,3.5047,5.17936,8.83754,48.2307
30959,4597,4718,3908,3488,6362,7460,4333,3585,5352,5957,4081,3562,3970,4057,3543,3333,-3.69957,-12.5766,8.72533,48.204
30960,3109,3297,3378,3439,3234,3583,3788,4018,3643,3999,5125,5649,3392,4390,7972,9644,33.8872,17.1092,8.52684,47.7733
30961,3265,3859,5957,12747,3411,3734,4762,6071,3264,3466,3754,3893,3143,3251,3244,3391,-28.3431,32.3217,8.86999,47.4747
30962,3326,3398,3261,3246,3777,3797,3662,3433,4762,5179,4365,3620,6362,10062,5833,3873,31.6925,-7.95875,8.87557,47.9707
30963,3512,4342,8150,9924,3378,3913,5100,5633,3139,3501,3899,3938,3258,3280,3384,3281,-33.522,17.5076,8.86677,47.7547
30964,6189,7943,4948,3867,5471,7049,4565,3729,3967,4191,3779,3486,3496,3435,3263,3210,-16.9678,-10.0096,8.80693,48.392
30965,3631,3588,3253,3317,4818,4102,3431,3247,9506,5176,3881,3442,8261,5194,3821,3334,13.0107,-32.4923,8.88672,48.0013
30966,3313,3782,5345,7604,3291,3823,5684,9378,3241,3594,4235,5031,3012,3257,3527,3789,-12.0416,24.1731,8.86393,47.9373
30967,6969,4731,3708,3258,10103,5242,3697,3306,5596,4315,3607,3260,3907,3763,3352,3061,-9.55087,-29.8711,8.87634,47.9167
30968,3201,3293,3270,3348,3244,3446,3700,3837,3341,3734,4671,5927,3513,3946,6034,12591,31.3355,33.6252,8.95756,47.3973
30969,6811,9440,5494,3828,5072,5765,4330,3689,3841,3985,3616,3415,3351,3300,3244,3059,-23.5813,-9.63422,8.93389,48.16
30970,3467,3812,3928,3816,3637,4666,5632,4499,3973,5680,7378,4770,3788,4311,4754,4199,4.38993,4.53122,8.50517,48.2067
30971,3573,3716,3529,3356,4307,4876,3925,3564,5637,8137,5019,3694,4945,5886,4530,3645,9.94717,-8.47764,8.78912,48.226
30972,3794,5511,10020,6903,3717,4231,5508,4871,3358,3609,3829,3770,3136,3252,3473,3384,-26.2052,9.57576,8.82898,48.244
30973,4160,4118,3747,3344,5627,5965,4155,3488,6461,7030,4199,3570,4754,4551,3868,3381,2.62478,-14.2212,8.74923,48.2787
30974,3075,3263,3490,3372,3115,3461,3816,3959,3344,3841,4911,6166,3423,3994,6778,11891,26.6598,23.7175,8.62545,47.9327
30975,3107,3382,3662,4023,3320,3637,4517,6065,3338,3798,5363,10081,3387,3662,4671,6479,7.7216,28.1948,8.86414,48.328
30976,3967,3813,3399,3098,5784,4626,3683,3348,9273,6118,3888,3365,6029,4877,3809,3233,7.41083,-21.8923,8.88098,48.2067
30977,3176,3249,3563,3662,3230,3483,4253,4852,3464,3972,5555,8879,3361,3906,5554,7833,13.5186,23.8708,8.54303,47.9947
30978,3340,3658,4375,5480,3375,3804,5182,9270,3347,3585,4726,7121,3199,3504,3818,4256,-3.96408,28.3925,8.65201,48.0267
30979,5294,5186,3832,3262,7192,7115,4227,3476,5331,5199,3921,3377,3914,3980,3423,3245,-6.29472,-15.8314,8.81584,47.9827
30980,3309,3385,3420,3269,3660,3789,3719,3477,4418,5116,4673,3940,5356,9391,7094,4133,33.1387,-3.78512,8.95875,48.0993
30981,11893,6410,3880,3347,6501,5025,3945,3498,4115,3763,3352,3121,3388,3376,3129,3162,-23.853,-24.0915,8.98822,47.9367
30982,8199,5261,3890,3258,9525,5304,3827,3315,5059,4120,3498,3273,3667,3553,3418,3044,-12.7858,-27.291,8.89745,48.1407
30983,3489,3677,3308,3146,4201,4369,3677,3404,6350,7080,4328,3641,6517,6999,4456,3603,15.0883,-13.2644,8.51622,48.1633
30984,3382,3409,3259,3205,3804,3843,3645,3362,4655,5243,4498,3904,5997,9879,6228,4009,33.0248,-6.29771,8.70676,48.2147
30985,3325,3703,4655,5511,3398,3892,5887,9076,3363,3691,4820,6187,3135,3303,3983,4146,-5.08089,22.0353,8.63508,48.05
30986,3148,3409,3332,3327,3679,3977,3846,3553,4380,5937,5649,4179,4775,7614,6968,4454,18.9042,-1.44103,8.8866,48.1513
30987,3504,3417,3178,3095,3932,3806,3439,3285,6711,4806,3802,3437,12052,5881,3813,3473,23.7783,-31.7354,8.92267,47.754
30988,3474,3452,3313,3155,4117,3981,3587,3222,6651,5829,4027,3397,8840,7528,4187,3407,19.6566,-17.3426,8.88983,48.1113
30989,3805,3828,3549,3322,4628,5279,4086,3532,5802,8169,4697,3650,4901,5449,3984,3576,6.80437,-10.2306,8.88973,48.1713
30990,3177,3334,3439,3345,3248,3384,3843,3826,3478,3964,5166,5364,3497,4699,8962,9048,30.145,15.0542,8.8291,47.8493
30991,3039,3282,3406,3588,3318,3603,4002,4560,3303,3830,5182,8279,3385,3898,5603,9554,16.7644,25.7343,8.70234,47.888
30992,6645,5130,3713,3379,8965,6142,3967,3489,5390,4508,3636,3332,3795,3742,3307,3071,-9.48885,-21.0932,8.70643,48.1407
30993,4073,4169,3673,3443,5101,6320,4523,3684,5472,7210,4655,3625,4195,4497,3910,3488,1.5055,-9.06301,8.63749,48.0253
30994,3346,3473,3277,3175,3933,4028,3594,3255,5452,6041,4414,3677,7028,8843,5061,3742,20.9553,-11.4241,8.57103,48.226
30995,3538,4112,5378,5196,3685,4609,7802,6561,3448,3949,5100,4732,3279,3539,3874,3767,-8.00424,12.5857,8.52556,48.3793
30996,3693,3533,3301,3207,4805,4648,3708,3326,6948,7538,4424,3701,5700,5854,4189,3560,10.6194,-14.0558,8.78797,48.09
30997,3228,3295,3545,3524,3259,3467,4016,4444,3361,3843,5348,8101,3339,3994,6091,9472,17.2441,23.1323,8.8858,48.218
30998,3556,3901,3602,3412,4104,5124,4597,3756,4576,7547,6407,4063,4207,5025,4474,3915,6.75699,-2.83874,8.60628,48.1773
30999,3955,3702,3342,3123,5123,4823,3825,3414,7680,7206,4239,3553,5649,5345,4017,3382,8.00406,-16.0184,8.88561,48.252
31000,3172,3434,3922,4190,3287,3643,4865,6368,3398,3931,5799,9054,3341,3704,4626,5541,5.10695,22.0761,8.8301,48.1833
31001,3327,3734,4519,4865,3546,4169,6605,7149,3428,3892,5661,5925,3324,3427,4224,4193,-2.83585,16.0794,8.97044,47.992
31002,3245,3582,4170,4247,3417,4055,5449,5992,3529,4266,6774,7103,3195,3785,4626,4855,3.32874,16.2105,8.69166,48.1933
31003,4522,4011,3539,3260,7428,4903,3782,3459,8866,4972,3825,3471,4952,4309,3617,3294,2.04687,-33.3699,8.57499,48.14
31004,3307,3455,3418,3211,3811,4108,3817,3522,4969,6829,5340,3941,5226,7527,5667,3971,16.6057,-5.5843,8.64625,48.0793
31005,3420,3861,4790,5342,3475,4131,6677,7828,3423,3828,5080,5831,3251,3508,3909,4150,-5.47651,17.561,8.64201,48.336
31006,3159,3383,3846,3843,3407,3723,4639,5681,3439,3953,6442,8891,3317,3814,4823,6001,7.59518,20.1692,8.97138,48.2407
31007,8315,5309,3929,3311,8923,5544,3904,3446,4782,4229,3561,3219,3626,3638,3293,3142,-13.8543,-24.2807,8.86267,48.114
31008,10654,5703,3855,3424,7743,5049,3842,3415,4272,3891,3583,3272,3493,3389,3236,3040,-19.0184,-29.9975,8.63108,47.9073
31009,4035,3772,3468,3124,5829,4474,3581,3199,9929,5331,3791,3338,6214,4655,3617,3386,7.45641,-28.27,8.53355,47.8287
31010,4461,7349,9049,5231,3969,4840,4981,4312,3490,3755,3779,3663,3274,3268,3411,3251,-28.3469,2.61535,8.77943,48.0553
31011,3652,4898,6976,5661,3774,4785,7528,5663,3482,3858,4425,4196,3119,3366,3487,3557,-14.2116,9.77588,8.70745,48.2847
31012,3635,4802,9318,8519,3510,4025,5067,5401,3293,3442,3790,3829,3095,3282,3373,3556,-27.6801,13.8259,8.78714,47.958
31013,3398,3857,5454,9937,3368,3739,5168,8256,3209,3486,4001,4307,3079,3288,3554,3632,-17.3857,32.7543,8.85107,47.822
31014,3396,4164,7563,10886,3399,3862,5010,5909,3310,3537,3859,4036,3077,3225,3292,3357,-26.7404,19.697,8.91894,47.9213
31015,7982,8997,4889,3587,5478,5657,4221,3534,3954,4002,3491,3236,3450,3360,3226,3068,-23.4377,-13.0782,8.71919,48.088
31016,9925,5562,3912,3376,8213,5098,3769,3351,4320,4075,3493,3138,3473,3553,3099,3153,-17.3454,-30.7005,8.89896,47.6733
31017,3654,4992,9420,8451,3495,4137,5204,5300,3272,3558,3739,3820,3168,3174,3312,3420,-29.0944,13.5632,8.82866,48.0773
31018,5116,8993,7479,4524,4403,5236,4884,3898,3503,3758,3713,3530,3190,3407,3364,3204,-25.8365,-2.12123,8.86269,48.1347
31019,3719,4576,5578,4811,3772,5194,8321,5421,3531,4007,4961,4359,3232,3610,3803,3629,-9.10396,7.8996,8.99006,48.3493
31020,8558,5509,3868,3280,8917,5493,3846,3451,4735,4213,3567,3237,3580,3523,3187,3168,-14.4733,-24.3264,8.99218,48.088
31021,3672,3622,3280,3105,4617,4203,3561,3179,8342,6089,4027,3458,7830,5970,4029,3353,14.1862,-20.0229,8.91824,48.2247
31022,3477,3464,3217,3126,3959,3757,3460,3361,6033,4657,3781,3371,12422,5967,3915,3325,32.4354,-31.0399,8.58315,47.528
31023,3045,3240,3452,3458,3247,3554,4065,4414,3447,4012,5647,7420,3323,4135,6442,8945,17.5293,20.2072,8.83259,47.8973
31024,5308,9129,7353,4461,4326,5259,4982,3833,3557,3791,3641,3521,3159,3278,3279,3229,-25.7035,-2.84306,8.87906,48.0707
31025,3367,3971,6652,12062,3462,3831,4825,6061,3224,3317,3744,3947,3201,3149,3335,3362,-30.4232,24.864,8.57729,47.6733
31026,8783,7622,4402,3471,6414,5840,4135,3428,4164,3959,3609,3276,3460,3421,3309,3129,-20.0111,-17.0635,8.77335,48.2813
31027,3089,3284,3479,3396,3236,3516,3826,3960,3602,4168,5787,5606,3630,4731,8822,7966,22.7862,13.348,8.54984,48.0653
31028,3140,3353,3676,3795,3381,3548,4294,5472,3402,3745,5236,9930,3324,3688,5031,7062,9.72037,30.1018,8.99287,48.0513
31029,3601,3424,3388,3129,4245,3857,3497,3271,7786,5048,3857,3467,10249,5716,3937,3399,18.547,-31.0338,8.55182,47.914
31030,3521,3984,6204,10437,3476,3898,5190,7464,3170,3454,3859,4217,3061,3279,3413,3418,-19.6006,23.7364,8.75479,48.03
31031,4074,6028,9026,5663,3822,4662,6087,4791,3450,3714,3843,3646,3126,3315,3404,3321,-21.3969,6.10235,8.83415,47.9813
31032,9912,5603,3911,3453,7999,5027,3667,3456,4361,3991,3481,3290,3536,3462,3151,3105,-17.4987,-31.8067,8.6208,47.6033
31033,4331,6701,8347,5085,4086,5304,5786,4497,3545,3876,3925,3606,3232,3375,3346,3324,-20.0695,2.63975,8.78422,48.244
31034,3274,3906,5958,12287,3384,3787,4702,6647,3213,3488,3911,3982,3144,3198,3404,3457,-24.1464,30.2969,8.95286,47.828
31035,3716,3651,3406,3017,5094,4535,3725,3310,8317,6700,3989,3549,6462,5447,3945,3357,10.3457,-18.3362,8.80724,48.1467
31036,3085,3270,3257,3348,3162,3449,3785,4036,3325,3790,4836,6603,3286,3947,6172,12402,24.9708,27.6665,8.99553,47.8353
31037,3249,3405,3226,3330,3399,3645,3752,3587,4241,5029,5098,4298,4732,8164,8254,4818,31.7233,0.29093,8.69043,48.1513
31038,3446,3491,3264,3091,3796,3875,3525,3446,4918,5581,4271,3634,6727,9764,5539,3787,25.0264,-9.27089,8.93429,48.1033
31039,3571,3902,3904,3638,4002,5212,4989,3924,4518,7004,6363,4211,4060,4611,4622,4029,5.33215,-1.19644,8.58837,48.3733
31040,4718,5581,4456,3699,5442,8109,5129,3815,4434,5175,4194,3496,3718,3834,3582,3394,-7.97642,-7.55093,8.85025,48.5173
31041,3118,3259,3328,3312,3378,3583,3745,3748,3679,4170,5305,4912,3879,5396,9814,7303,27.6699,10.4623,8.90335,47.9527
31042,3280,3564,4322,5401,3263,3710,5056,9099,3396,3711,4684,7403,3265,3575,3850,4438,-2.96115,29.7338,8.58612,48.0113
31043,5362,7924,5742,4056,4820,6613,5130,3954,3823,4107,3761,3522,3420,3560,3355,3197,-17.7857,-5.74114,8.56858,48.2307
31044,3361,3756,4194,4360,3483,4178,6197,5942,3503,4239,6756,6243,3417,3779,4387,4455,1.23647,14.0656,8.8692,48.1667
31045,3072,3202,3351,3238,3342,3404,3746,3982,3377,3777,4877,6529,3435,4074,5937,12220,24.9014,30.8382,8.59555,47.7087
31046,3421,4012,5100,5881,3384,3942,6608,8782,3309,3751,4621,5233,3118,3460,3695,3826,-8.35284,18.8053,8.9928,48.0953
31047,9841,8390,4441,3482,5632,5174,4076,3406,4001,3866,3553,3233,3361,3405,3232,3016,-27.6163,-16.7823,8.76103,48.0727
31048,3752,4956,8366,6928,3717,4402,6454,5645,3433,3491,3935,4042,3112,3387,3377,3454,-19.3366,11.3898,8.87579,48.3007
31049,8115,5197,3713,3341,9463,5414,3873,3324,4898,4103,3588,3180,3625,3645,3349,3076,-12.6936,-26.4,8.83358,47.936
31050,3308,3773,5145,7561,3505,4075,5622,9088,3284,3720,4245,5075,3071,3278,3626,3870,-12.0082,24.8263,8.6792,48.164
31051,4636,7971,8417,4863,4085,4914,4920,4245,3562,3869,3767,3704,3268,3336,3400,3264,-31.7832,0.69573,8.85776,48.1473
31052,3172,3277,3567,3689,3257,3559,4056,4741,3320,3835,5613,8870,3358,3990,5546,8133,13.9843,23.2761,8.88361,47.9887
31053,3325,3662,4317,5352,3329,3802,5015,9347,3253,3669,4802,6982,3159,3574,3874,4291,-3.50623,31.9854,8.75419,47.8353
31054,3266,3715,5160,7593,3428,4006,5145,9729,3270,3486,4186,4973,3175,3223,3678,3728,-11.6302,33.4745,8.9497,47.8407
31055,3118,3391,3679,3881,3289,3574,4495,5605,3363,3857,5600,9533,3263,3783,4966,6747,9.31777,23.2364,8.94802,48.096
31056,4798,5443,4318,3661,5687,8175,4986,3738,4433,5058,4107,3544,3750,3907,3453,3272,-8.4247,-9.10492,8.73178,48.22
31057,3263,3488,3699,3749,3492,3949,5058,4499,3649,4809,8128,5961,3696,4371,5703,4958,8.7147,10.5456,8.68854,48.3147
31058,3407,3498,3361,3141,3946,4019,3596,3469,4947,6211,4736,3851,6226,8703,5517,3889,20.3653,-8.16593,8.51756,48.3447
31059,3159,3194,3576,3742,3229,3564,4218,4988,3442,3845,6026,8782,3412,3964,5591,7531,12.6384,21.1446,8.9398,48.1753
31060,3769,3657,3320,3105,5412,4403,3567,3217,9706,5591,3787,3361,6964,5101,3940,3286,10.3403,-24.3073,8.90992,48.124
31061,3030,3344,3513,3809,3297,3681,4187,5004,3467,3858,5581,9156,3368,3824,5425,7725,12.8714,23.1305,8.62246,48.1793
31062,3278,3386,3251,3050,3688,3876,3693,3526,4568,5167,4482,3781,5935,9777,6583,4087,28.2854,-5.85059,8.93623,48.0853
31063,3333,4136,6634,11531,3446,3818,4823,6511,3294,3568,3810,4124,3161,3221,3326,3360,-24.6383,23.7912,8.6908,48.064
31064,3447,3412,3226,3114,3881,3715,3397,3335,5854,4813,3824,3363,11955,6919,4065,3453,30.7408,-22.9389,8.8433,47.8487
31065,3253,3409,3340,3283,3552,3825,3897,3556,4347,5263,5304,4223,4833,7844,7736,4651,22.9923,-0.327845,8.5337,48.2107
31066,5360,5516,4133,3562,6656,7757,4440,3514,4764,4979,3850,3466,3773,3870,3404,3210,-8.63624,-13.03,8.80696,48.1693
31067,3438,3449,3250,3200,4622,4002,3475,3160,8630,5078,3761,3357,9784,5556,3844,3333,16.7044,-27.4323,8.93217,47.9593
31068,3771,5082,8561,6573,3667,4538,6597,5418,3475,3766,3990,3873,3092,3177,3435,3440,-19.1091,10.4248,8.99709,48.3033
31069,5969,4660,3699,3308,9619,5315,3888,3447,6218,4570,3627,3352,3972,3787,3404,3215,-6.73113,-33.1693,8.54787,48.0333
31070,3614,4854,7548,6195,3659,4527,6919,5658,3451,3737,4282,4143,3189,3358,3470,3428,-16.1776,10.6722,8.59968,48.0213
31071,6400,5063,3851,3427,9094,6219,3907,3459,5370,4514,3726,3315,3796,3686,3450,3183,-9.30401,-21.0362,8.6672,48.3067
31072,3242,3378,3410,3317,3752,3754,3698,3397,4439,5222,4565,3879,5799,9503,6608,4112,30.3698,-5.32921,8.50285,48.05
31073,4346,6125,6764,4627,4219,6112,6551,4433,3667,4085,4173,3842,3371,3372,3568,3284,-15.3009,1.58706,8.67092,48.3593
31074,3077,3350,3365,3363,3309,3593,3802,3889,3411,4011,5169,5407,3578,4499,8539,9299,32.0217,15.8916,8.81193,47.774
31075,7798,9566,4939,3764,5072,5209,4186,3628,3766,3770,3613,3366,3368,3360,3313,3261,-31.3017,-12.0203,8.78148,47.986
31076,3828,3612,3261,3213,5462,4445,3603,3181,9993,5309,3826,3327,7016,4814,3793,3330,9.8052,-32.547,8.85909,48.0087
31077,6291,4746,3726,3426,9995,5267,3843,3397,5799,4400,3693,3236,3809,3781,3391,3218,-7.67893,-33.7782,8.77667,48.012
31078,3431,3432,3376,3040,4389,4038,3677,3262,7986,5133,3762,3392,10267,5631,3859,3269,18.0653,-31.0822,8.59544,47.9627
31079,12048,6755,4069,3394,6367,4738,3865,3361,4028,3815,3463,3282,3400,3360,3216,3092,-26.1714,-23.6085,8.725,48.1687
31080,3301,3508,3422,3352,3807,4063,3997,3642,4538,6408,5527,3981,4828,7499,6236,4175,17.5117,-3.09093,8.6169,48.1893
31081,3301,3293,3173,3090,3933,3782,3362,3240,6532,4759,3805,3367,12221,6466,3940,3458,25.3252,-25.6757,8.8419,47.8147
31082,3258,3740,4428,4611,3545,4206,6404,6462,3502,3993,6066,6448,3297,3670,4251,4421,-0.730199,15.6475,8.70775,48.2013
31083,3404,3440,3345,3148,4013,4068,3743,3298,5495,6921,4618,3744,6245,7969,4902,3729,17.2151,-10.0753,8.97834,48.0547
31084,3361,3379,3314,3171,3858,3745,3379,3217,6091,4675,3805,3363,12599,6032,3928,3406,27.249,-32.4137,8.6729,47.5487
31085,3947,4145,3763,3488,4783,6574,4937,3711,4901,7303,5040,3795,4064,4341,3936,3530,1.02678,-6.11644,8.9999,48.172
31086,4170,5023,4608,3945,4595,7476,6468,4110,4105,5023,4653,3761,3547,3675,3656,3566,-7.40845,-2.23771,8.96078,48.254
31087,3429,3413,3206,3032,3961,3878,3479,3234,5841,4886,3886,3347,11606,7093,4158,3368,30.4518,-21.6915,8.71678,47.878
31088,4357,7537,9183,5161,4002,4798,5111,4190,3452,3778,3675,3548,3237,3276,3357,3249,-26.3317,2.52006,8.98975,47.9407
31089,3224,3689,4473,5210,3460,3696,5365,8790,3233,3702,4880,7228,3152,3487,4015,4461,-3.0237,24.6724,8.61372,48.0433
31090,3307,3810,4856,6835,3449,3757,5315,9632,3237,3811,4286,5436,3224,3387,3643,3879,-9.44848,25.8238,8.63879,47.9093
31091,3369,3953,5919,11638,3241,3778,4863,7040,3242,3521,3829,4107,3180,3244,3370,3386,-22.1256,32.2283,8.59171,47.7867
31092,3071,3446,3826,4090,3235,3548,4462,5858,3389,3931,5233,9820,3314,3661,4693,6373,7.67629,32.3378,8.57334,47.9667
31093,3080,3189,3370,3335,3249,3498,3682,3919,3375,3904,5071,6041,3409,4069,6981,11484,26.7485,21.8845,8.77326,47.7707
31094,4162,3984,3485,3136,6538,4532,3688,3322,9655,5042,3781,3367,5799,4693,3635,3225,5.18625,-28.6578,8.65478,48.0293
31095,3199,3138,3375,3305,3182,3418,3796,4020,3321,3836,4836,6539,3428,3957,5909,12409,25.4156,31.0765,8.95842,47.7787
31096,4144,3951,3434,3207,5970,5385,3936,3429,7600,6936,4044,3529,5062,4694,3765,3424,4.42412,-16.8224,8.80148,48.34
31097,3417,3801,5588,9620,3461,3877,4935,8335,3270,3581,4110,4426,3102,3242,3466,3588,-16.8045,31.6096,8.50441,47.8793
31098,4754,8185,8389,4814,4061,4860,4887,4118,3595,3709,3832,3680,3179,3341,3361,3334,-28.2692,0.464306,8.64287,48.066
31099,8317,6664,4225,3470,7235,6152,4053,3471,4413,4081,3542,3251,3480,3503,3273,3076,-16.887,-18.1604,8.99421,48.1373
31100,3408,3623,3667,3683,3727,4430,5320,4313,3930,5687,8019,4887,3730,4580,5067,4385,6.63617,4.83439,8.74328,48.304
31101,3566,3384,3295,3016,4418,3993,3470,3201,8075,5078,3903,3303,10189,5860,3779,3409,18.091,-26.5923,8.95867,47.9593
31102,3331,3616,4590,5784,3304,3699,5147,9607,3298,3627,4471,6559,3255,3463,3796,4170,-5.48691,29.5765,8.55728,47.8113
31103,7259,9582,5348,3849,4902,5401,4241,3656,3677,3979,3531,3409,3347,3356,3228,3254,-26.3185,-10.5817,8.60986,48.0127
31104,3355,3353,3190,3162,3886,3746,3444,3212,6120,4794,3768,3375,12501,6440,3924,3255,30.1352,-27.8198,8.67753,47.6833
31105,3011,3270,3358,3420,3271,3608,3769,3735,3605,4357,5534,5002,3915,5596,9626,6503,25.381,8.79134,8.6449,47.72
31106,4581,7744,8635,4980,3992,4806,4973,4255,3515,3668,3857,3561,3275,3328,3364,3259,-32.6948,1.30472,8.6237,47.862
31107,3674,4180,6145,6060,3537,4231,7449,6905,3328,3678,4599,4497,3089,3352,3732,3675,-11.6209,14.1068,8.94527,48.0873
31108,3409,4044,4885,4808,3548,4430,7661,6223,3437,4070,5852,5153,3257,3561,4005,3965,-4.50596,12.2115,8.86505,48.2053
31109,3419,3382,3238,3030,4032,3804,3404,3214,5847,5019,3898,3375,10953,7602,4258,3371,28.3435,-19.707,8.91579,47.8973
31110,4054,4219,3846,3466,4900,6728,4721,3575,4990,7019,4844,3650,4089,4316,3960,3408,0.795685,-7.25522,8.58192,47.8567
31111,3445,3339,3180,3112,3860,3891,3528,3118,6065,4812,3718,3357,12618,6062,3896,3351,29.6539,-28.6376,8.8468,47.568
31112,3425,3312,3322,3118,3932,3904,3566,3219,5800,5008,3843,3341,11617,7109,3952,3389,33.9702,-21.6463,8.8524,47.9047
31113,3325,3387,3282,3159,3678,3964,3701,3362,4941,5535,4351,3649,6890,9815,5549,3870,25.8238,-9.34589,8.72543,48.3053
31114,3159,3257,3346,3437,3287,3650,3846,3854,3643,4145,5251,5290,3730,4934,9272,8176,29.3403,13.2626,8.60352,48.1847
31115,4719,7748,7396,4712,4246,5507,5169,4254,3552,3846,3780,3684,3241,3382,3420,3173,-21.8907,-0.690085,8.57095,47.886
31116,4371,5551,4719,3819,4877,7937,5831,4066,4250,4934,4489,3600,3593,3649,3560,3429,-8.49206,-4.30391,8.79358,48.45
31117,3415,4223,7490,11175,3396,3843,4978,5914,3123,3479,3867,3942,3248,3213,3349,3374,-28.654,20.5481,8.87188,48.0193
31118,3046,3365,3475,3317,3400,3691,3924,3843,3717,4519,6372,5194,3885,5446,9021,6209,20.6617,8.86738,8.95647,48.2827
31119,10089,5674,3892,3408,8324,5221,3716,3484,4418,3903,3470,3254,3494,3331,3185,3094,-17.4861,-27.2215,8.95389,47.9713
31120,3555,4505,8057,10104,3462,4044,5019,5610,3288,3583,3771,3932,3054,3209,3387,3444,-30.4576,17.7148,8.6109,48.016
31121,3340,3693,4414,5713,3413,3897,5288,9525,3386,3739,4751,6729,3241,3517,3975,4293,-4.67013,27.4702,8.57723,48.6093
31122,3254,3535,3973,4424,3415,3718,4754,7485,3339,3773,5124,9077,3326,3629,4300,5166,2.52933,32.6113,8.93281,48.1947
31123,3581,4408,6574,5567,3769,4791,8020,5972,3451,3842,4522,4237,3187,3443,3479,3623,-12.1289,10.6366,8.95144,48.3107
31124,4612,4139,3596,3231,7291,5365,3930,3434,7719,5681,3833,3514,4924,4334,3541,3353,0.70227,-20.5064,8.54339,48.3313
31125,3912,3844,3473,3164,5456,4640,3780,3284,8685,6234,3980,3378,6196,5069,3826,3437,8.49095,-19.8881,8.6832,48.2387
31126,3477,3287,3180,3060,3931,3842,3433,3204,6295,5030,3892,3351,10917,7292,4212,3383,24.6997,-21.0943,8.86168,47.8573
31127,4405,4088,3587,3195,7212,5076,3703,3415,8849,5385,3862,3392,5212,4468,3610,3182,2.89747,-23.6547,8.83847,48.4273
31128,3147,3233,3566,3723,3358,3617,4102,4604,3329,3883,5659,8606,3370,3898,5750,8430,14.5883,22.7956,8.8374,48.1833
31129,3264,3383,3408,3128,3617,3916,3602,3481,4598,5485,4614,3835,5852,9470,6376,4150,25.0399,-5.92069,8.56358,48.1193
31130,4226,6729,9652,5585,3825,4616,5164,4488,3420,3579,3749,3832,3207,3316,3422,3341,-31.3811,4.72535,8.84841,48.1007
31131,3257,3362,3233,3091,3914,3741,3495,3196,6150,4706,3725,3324,12814,5955,3940,3374,27.473,-29.8602,8.98698,47.518
31132,8638,6257,3905,3281,7850,5703,3976,3500,4589,4018,3603,3323,3663,3530,3266,3127,-16.1454,-20.778,8.90983,48.1527
31133,3786,4551,4823,4155,4021,6108,7592,4640,3774,4853,5202,4212,3585,3735,3836,3570,-5.89786,3.04681,8.86991,48.2953
31134,3004,3185,3612,3448,3123,3594,3903,4516,3333,3785,5050,7946,3380,3908,5738,9879,17.5956,26.584,8.55016,47.6027
31135,3166,3253,3470,3679,3170,3559,4160,5014,3402,3875,5261,9284,3454,3902,5221,8205,13.0561,28.8814,8.61803,48.05
31136,3071,3257,3489,3427,3364,3605,3814,3792,3525,4181,5253,5019,3813,5342,9527,7395,29.1656,10.9966,8.55686,47.916
31137,3858,4295,4428,3901,4175,6134,6786,4385,3919,5435,5789,4167,3599,3989,4046,3661,-2.52198,1.34297,8.71522,48.378
31138,5964,4629,3739,3294,9573,5507,3895,3382,6187,4654,3636,3363,4110,3864,3421,3313,-6.34091,-25.3212,8.58011,48.354
31139,3213,3247,3341,3169,3665,3838,3715,3431,4412,5235,4811,4014,5534,9260,6995,4292,27.6026,-4.04212,8.74878,48.1147
31140,4299,5182,4352,3667,4960,7799,5500,4004,4364,5263,4484,3693,3690,3835,3672,3433,-6.43745,-5.37936,8.54467,48.1313
31141,7036,4770,3780,3321,9933,5268,3833,3420,5472,4343,3636,3309,3911,3642,3250,3242,-9.40984,-27.0609,8.75983,48.1107
31142,3931,3854,3449,3233,5448,4455,3650,3362,9383,5818,3858,3390,6333,4924,3797,3283,8.62007,-22.5026,8.73898,48.112
31143,3367,3943,6111,8393,3458,3979,5860,8069,3315,3516,4123,4518,3204,3209,3552,3534,-15.6567,20.6485,8.82685,48.1007
31144,9250,5443,3897,3387,8829,5110,3794,3392,4555,4053,3617,3293,3515,3507,3317,3217,-15.7745,-29.2868,8.58299,48.1173
31145,12702,5898,3888,3428,6009,4544,3605,3325,3843,3791,3402,3184,3386,3374,3347,3143,-30.6896,-32.2247,8.86467,47.246
31146,7848,5244,3827,3361,9369,5331,3832,3460,4964,4120,3597,3302,3731,3543,3261,3125,-12.5588,-25.1873,8.72222,47.9433
31147,5665,9428,6810,4239,4555,5326,4562,3921,3624,3834,3704,3395,3228,3335,3258,3284,-26.3713,-4.73538,8.57634,48.112
31148,3376,3852,4664,4797,3576,4066,7140,7040,3478,3878,5648,5595,3293,3612,3999,4166,-3.93385,15.3873,8.88263,48.12
31149,4088,4091,3632,3233,5451,6088,4216,3495,6315,7263,4461,3582,4699,4749,3861,3398,3.36203,-13.0151,8.83664,48.4147
31150,3598,3447,3271,3055,4339,3893,3580,3318,7396,5469,3987,3364,9650,6493,4222,3474,18.8856,-21.198,8.50106,48.3707
31151,3474,4260,7340,10287,3322,3919,5374,6655,3308,3586,3814,4081,3023,3141,3355,3465,-21.9347,19.8833,8.82998,48.2693
31152,11440,6095,3835,3375,7113,4941,3772,3302,4206,3879,3480,3267,3469,3320,3330,3019,-21.6176,-27.0906,8.73085,47.8953
31153,3105,3236,3434,3502,3298,3562,4242,4350,3471,3929,5386,7417,3410,3977,6187,9171,17.7614,21.51,8.58851,47.7847
31154,9600,5438,3866,3367,8518,5181,3882,3387,4660,4008,3535,3236,3387,3489,3253,3125,-16.399,-29.8481,8.55292,47.9547
31155,3063,3269,3424,3533,3265,3574,3902,4054,3504,4138,5907,6138,3572,4632,7860,8493,21.3884,15.7742,8.56139,48.2187
31156,3189,3596,4390,5134,3347,3718,5093,9269,3302,3646,4912,7464,3160,3432,4020,4492,-2.55014,28.1989,8.83893,48.1093
31157,6967,6305,4174,3486,7398,6741,4107,3468,4563,4218,3676,3293,3531,3647,3468,3182,-13.8081,-16.3361,8.84507,48.1493
31158,8785,8176,4426,3521,5917,5711,4129,3646,4067,3942,3596,3278,3502,3460,3187,3082,-22.25,-15.7406,8.50676,48.2833
31159,10096,8106,4258,3603,5867,5174,3895,3431,4009,3949,3504,3208,3322,3409,3171,3093,-25.9671,-18.2496,8.67673,48.0633
31160,3276,3511,3755,3589,3616,4092,4949,4246,3904,5449,7974,5067,3797,4595,5591,4812,9.12958,6.37018,8.67214,48.1487
31161,3155,3484,4003,4220,3204,3692,5033,6322,3323,3816,6118,8710,3297,3670,4591,5361,4.38233,20.9351,8.89527,47.9993
31162,3417,3355,3216,3113,4057,3782,3432,3194,5920,4924,3892,3364,11889,6804,4174,3348,30.6741,-22.5105,8.82791,47.9207
31163,3262,3615,4594,5585,3262,3804,5358,9396,3353,3618,4707,6889,3191,3497,3831,4314,-4.43278,26.7225,8.94731,48.184
31164,11130,7414,4240,3462,5752,5063,3957,3478,3937,3934,3535,3124,3400,3359,3225,3032,-29.4609,-20.1332,8.85227,48.028
31165,3915,3682,3384,3156,5519,4533,3569,3172,9700,5683,3876,3468,6683,5019,3747,3325,8.86641,-24.6983,8.95019,48.2873
31166,3250,3350,3475,3410,3545,3915,4056,3806,4025,5396,6179,4507,4254,6513,7653,4870,18.3142,2.88174,8.59661,48.136
31167,3606,3513,3340,3111,4626,4088,3501,3251,8771,5189,3857,3441,9055,5275,3878,3347,15.1495,-30.2955,8.65913,47.8993
31168,3347,3401,3591,3592,3466,3971,4871,4287,3722,4933,7965,5603,3712,4589,5970,5049,10.856,8.43715,8.71709,48.046
31169,3204,3380,3446,3333,3417,3589,3759,3607,3830,4475,5118,4731,4001,6185,9756,6092,31.873,6.71086,8.54542,47.9487
31170,3103,3242,3314,3374,3195,3469,3798,3920,3331,3894,4838,6535,3451,3903,6103,12333,24.7057,29.2985,8.74662,47.8687
31171,3881,4972,6612,5146,3921,5359,7523,4971,3535,4002,4527,3980,3233,3452,3654,3438,-12.9134,6.2077,8.53389,48.1373
31172,3127,3358,3741,3678,3398,3790,4661,4526,3459,4430,7578,6813,3492,4173,6075,5940,11.0724,13.7317,8.82907,48.1593
31173,3399,3766,5015,5984,3350,3970,6181,8576,3380,3726,4739,5596,3244,3284,3694,3940,-7.67093,20.3371,8.73481,47.896
31174,3734,4005,4037,3725,4110,5802,5952,4111,4062,5916,6267,4296,3781,4401,4363,3909,0.908171,0.599655,8.53358,48.314
31175,3142,3246,3398,3423,3079,3513,3994,4218,3313,3915,5690,7435,3475,4110,6515,9128,18.3108,20.2093,8.75672,47.7293
31176,3313,3833,6205,12487,3296,3755,4765,6017,3264,3430,3748,3887,3132,3257,3406,3327,-32.1884,25.2091,8.9635,47.4147
31177,3679,3872,3816,3494,4173,5397,4855,3825,4607,7368,5984,4072,4166,4724,4461,3797,4.83094,-2.98485,8.88757,48.1933
31178,3182,3614,3792,3831,3457,3940,5153,4408,3773,4837,8045,5882,3540,4243,5484,4894,8.0897,10.4596,8.59574,48.05
31179,3897,4463,3943,3592,4505,6601,5304,3746,4538,6619,5410,3992,3980,4270,4105,3635,0.15303,-4.06059,8.90263,48.4
31180,3162,3350,3547,3538,3417,3679,4409,4475,3564,4341,7179,6843,3539,4299,6350,6502,13.3391,14.4386,8.85931,48.1293
31181,3641,3544,3367,3101,5037,4295,3668,3242,9598,5285,3780,3459,7550,5160,3970,3368,11.5338,-33.2435,8.57854,48.0433
31182,3189,3264,3362,3331,3438,3862,3890,3922,3796,4679,6599,4995,4065,5516,8625,5684,18.7104,7.48418,8.90874,48.1447
31183,3117,3126,3423,3410,3149,3531,3757,3812,3402,3883,4952,5875,3386,4147,7367,11588,28.6801,21.2045,8.98001,47.95
31184,4375,6036,5806,4166,4522,6732,6451,4371,3751,4271,4283,3700,3479,3623,3471,3401,-13.4578,-0.933198,8.56328,48.292
31185,3398,3361,3284,3133,3866,3892,3487,3249,5598,5066,4091,3495,9985,8277,4414,3501,29.0949,-17.1302,8.67053,48.0647
31186,4407,5817,5765,4359,4271,6695,6832,4428,3797,4309,4315,3754,3385,3420,3548,3341,-12.6492,0.51391,8.72925,48.2953
31187,3752,3950,3799,3395,4374,5819,4660,3728,4842,7715,5562,3889,4194,4715,4173,3671,4.27642,-4.96789,8.95592,48.1587
31188,9260,8895,4666,3635,5432,5254,4009,3567,3878,3786,3559,3249,3320,3360,3155,3085,-26.7634,-15.4638,8.65429,48.0733
31189,3491,3572,3291,3134,4239,4206,3664,3203,6741,6569,4178,3495,7270,6991,4398,3510,16.3493,-15.5718,8.9618,47.968
31190,3432,3790,5062,5953,3413,4137,6651,8222,3414,3681,4842,5507,3332,3321,3715,3817,-8.29314,17.98,8.78383,48.1927
31191,12255,5941,3922,3513,6388,4912,3837,3292,3928,3749,3522,3304,3362,3361,3303,3209,-24.3727,-32.7967,8.82432,47.8653
31192,3446,3892,6144,12423,3291,3754,4722,6093,3334,3305,3835,3926,3127,3234,3441,3385,-29.4237,28.991,8.53099,47.568
31193,3512,4356,5559,4778,3648,4940,8234,5650,3507,4010,5130,4520,3240,3577,3747,3670,-8.59071,9.38869,8.62391,48.052
31194,4087,6239,9561,5932,3810,4664,5466,4657,3378,3582,3870,3749,3064,3257,3356,3215,-24.8257,5.94584,8.96347,47.9247
31195,3558,3364,3229,3173,4472,3975,3509,3224,8377,5286,3735,3327,9501,5759,3938,3329,16.7985,-26.239,8.85404,47.8373
31196,3081,3448,3608,3855,3226,3577,4166,5380,3422,3803,5228,9785,3238,3804,5113,7149,10.0543,31.4192,8.661,47.922
31197,4219,5553,6090,4511,4238,6260,7027,4537,3647,4156,4393,3894,3340,3455,3544,3462,-12.4935,1.97915,8.68012,48.2173
31198,3284,3463,3201,3148,3913,3948,3618,3366,5368,6233,4440,3698,6901,8678,5158,3760,20.4971,-10.8368,8.6006,48.118
31199,3384,4059,4979,5193,3339,4231,7137,7326,3397,3877,5206,5318,3209,3539,3801,3930,-6.17418,15.6183,8.66275,47.95
31200,3400,4003,5712,10945,3342,3869,4926,7602,3202,3461,3945,4180,3088,3180,3296,3510,-19.4612,33.0106,8.87274,47.774
31201,6980,9531,5314,3729,5138,5651,4277,3676,3750,3895,3500,3440,3350,3418,3248,3167,-24.1874,-10.1744,8.72168,48.0427
31202,3104,3229,3636,3636,3266,3655,4237,4665,3397,4018,6154,8094,3353,4066,5890,7814,13.9068,19.7296,8.77625,48.1427
31203,3967,3938,3679,3287,4940,5900,4103,3625,5915,7750,4678,3575,4545,4795,4046,3470,4.16589,-10.7265,8.77955,48.142
31204,3592,4790,9137,8729,3564,4034,5338,5351,3336,3598,3861,3721,3072,3218,3308,3426,-26.9462,14.0982,8.95941,48.05
31205,3497,3742,3741,3411,3972,4804,4776,3859,4387,6964,6681,4307,4033,4969,4889,3989,7.28043,-0.416275,8.52717,48.014
31206,3941,4798,5426,4429,3972,6024,7825,4742,3821,4345,4931,3939,3277,3499,3640,3533,-9.07063,3.78581,8.73862,48.0947
31207,3166,3384,3456,3315,3425,3635,3964,3746,3888,4714,6070,4848,4112,5849,8957,5887,21.4457,6.56615,8.69998,48.2773
31208,3435,3312,3175,3130,4066,3796,3468,3188,6991,4959,3789,3279,11780,5933,3935,3444,22.5159,-29.5389,8.54834,47.7867
31209,3291,3400,3329,3160,3776,3734,3623,3447,4790,5299,4396,3733,6322,9902,5991,3949,29.8261,-7.84927,8.50652,48.0947
31210,10278,6401,4001,3432,7353,5202,3991,3424,4226,3860,3421,3239,3479,3418,3249,3107,-19.6734,-23.3018,8.81654,48.054
31211,8343,5218,3787,3308,9168,5308,3816,3413,4869,4140,3592,3288,3638,3547,3210,3082,-13.6567,-27.4788,8.5856,47.818
31212,3317,3727,4694,6128,3401,3791,5553,9541,3321,3681,4635,6080,3149,3435,3795,3991,-6.96033,24.6884,8.70967,48.1593
31213,3343,3327,3196,3103,3964,3788,3477,3240,5836,4844,3759,3341,12078,6749,3944,3369,31.3908,-23.5064,8.86849,47.572
31214,3791,4447,4952,4213,4067,5899,7559,4645,3781,4730,5420,4317,3465,3691,3872,3580,-5.50828,3.70184,8.80503,48.286
31215,3474,4254,6793,7994,3490,4058,6238,7253,3337,3533,4227,4364,3200,3256,3493,3485,-16.4035,17.5595,8.69938,48.2993
31216,3426,3420,3325,3083,4132,3867,3529,3286,7166,4997,3753,3474,11415,5848,3910,3365,21.1262,-32.7284,8.99752,47.9973
31217,3347,3805,5135,7139,3344,3915,5602,9442,3337,3555,4269,5407,3260,3323,3629,3676,-10.3607,24.6711,8.74962,48.1233
31218,3127,3247,3375,3476,3147,3524,3898,4214,3447,3770,4867,7049,3402,3834,5802,11588,21.5378,30.6755,8.8816,47.8447
31219,6651,9736,5696,3879,5000,5403,4424,3669,3822,3843,3636,3375,3349,3274,3235,3173,-26.2373,-8.70064,8.552,48.11
31220,3310,3406,3606,3366,3531,3976,3975,3720,4177,5855,6228,4388,4401,6616,7169,4587,17.3422,1.28723,8.64451,48.2073
31221,10750,7340,4140,3439,5750,5150,3894,3451,3926,3901,3386,3261,3366,3362,3170,3023,-33.9646,-19.8919,8.72032,47.5393
31222,3185,3431,3763,3895,3337,3616,4640,5755,3450,3924,6119,9021,3442,3759,4893,6161,7.69013,21.1749,8.91013,48.2607
31223,3766,3609,3352,3093,5487,4330,3636,3244,9843,5427,3835,3354,7126,4987,3772,3365,10.5987,-27.7603,8.66231,48.1507
31224,3668,4748,9536,8294,3571,4141,5233,5108,3236,3568,3817,3808,3215,3262,3404,3406,-32.2564,13.2747,8.99508,48.01
31225,3379,4085,6167,7248,3512,4092,6529,7519,3416,3625,4261,4562,3019,3280,3557,3610,-13.5113,17.3949,8.88401,47.9073
31226,4044,4083,3569,3262,5518,5655,4171,3301,6679,7460,4255,3541,4800,4830,3885,3398,4.18963,-13.8212,8.80157,48.3007
31227,3396,4028,7303,11432,3336,3920,5001,5938,3314,3333,3725,3981,3156,3089,3365,3361,-29.1077,21.1581,8.78456,47.7853
31228,3451,3429,3265,3086,4289,3951,3518,3216,7227,5395,3982,3394,9772,6718,4155,3473,19.4912,-20.9576,8.80687,48.214
31229,12006,6247,3986,3315,6721,4901,3815,3374,4104,3770,3465,3125,3343,3340,3268,3144,-23.9459,-27.7078,8.70006,47.9493
31230,3584,3603,3432,3210,4319,4578,3793,3441,6180,7535,4489,3614,5738,6614,4511,3570,12.7291,-11.7613,8.61298,48.1407
31231,3470,3674,3593,3483,3818,4657,4249,3734,4467,7306,6461,4214,4335,5672,5248,4033,10.2487,-1.65041,8.80789,48.276
31232,3387,4016,5570,6598,3321,4163,6633,8175,3249,3724,4636,4909,3188,3475,3718,3805,-10.9589,18.4043,8.61684,48.378
31233,3500,3927,6068,12629,3425,3745,4861,6117,3261,3403,3788,3952,3088,3252,3375,3516,-27.7861,29.4085,8.64119,47.938
31234,3078,3201,3415,3343,3107,3545,3783,3992,3334,3958,4995,5892,3417,3981,7176,11692,33.4103,21.6921,8.90045,47.9393
31235,8818,9026,4658,3653,5208,5158,4033,3648,3764,3760,3644,3307,3421,3543,3234,3230,-31.5466,-14.3881,8.97068,48.07
31236,6142,9840,5984,4130,4782,5149,4318,3654,3803,3822,3600,3311,3348,3365,3385,3134,-28.3641,-7.40343,8.53484,47.8447
31237,3288,3716,4152,4112,3455,4165,6125,5084,3540,4534,7544,5957,3487,3936,4743,4451,3.1099,10.9093,8.95792,48.1927
31238,12319,6088,4072,3439,6020,4917,3793,3452,3906,3767,3482,3226,3448,3341,3244,3113,-30.4199,-28.4579,8.53718,47.7513
31239,3234,3361,3309,3222,3545,3773,3807,3504,4240,5187,4958,4161,4953,8284,7996,4695,26.0007,-0.612693,8.55541,48.1527
31240,3469,3770,4702,4635,3455,4319,7188,6348,3473,4031,6310,5384,3180,3702,4161,4191,-2.7959,12.9383,8.9065,48.212
31241,3716,4603,5430,4609,3769,5364,8071,5279,3570,4164,5081,4293,3264,3497,3718,3643,-8.27505,6.15643,8.66541,48.0473
31242,3691,5096,9753,7363,3563,4173,5384,4976,3438,3688,3855,3767,3149,3236,3363,3436,-33.7996,11.2139,8.99929,47.954
31243,3427,3387,3223,3079,4394,4030,3553,3247,7464,5189,3780,3311,10281,6205,3955,3450,19.3421,-24.1056,8.77566,47.9833
31244,3447,3630,3827,3651,3851,4597,5502,4298,4014,5837,7712,4728,3847,4365,4906,4294,5.29516,4.03872,8.96871,48.3373
31245,6299,6269,4191,3494,6995,7289,4245,3580,4526,4631,3634,3306,3625,3657,3469,3250,-12.3245,-14.5745,8.94109,48.3067
31246,7110,6155,4218,3495,7465,6560,4196,3445,4638,4244,3699,3401,3639,3552,3271,3212,-13.8239,-16.9376,8.63621,48.2
31247,3498,3307,3140,3039,4140,3819,3424,3157,7019,4886,3838,3306,11739,6099,4029,3358,22.3917,-26.3588,8.85797,47.8653
31248,3454,3877,4526,4278,3718,4750,7426,5474,3498,4442,6547,5002,3488,3651,4080,4052,-2.00691,9.59078,8.87424,48.1753
31249,3368,4049,6466,12284,3425,3704,4767,6230,3240,3383,3819,3998,3116,3257,3389,3252,-26.9738,24.933,8.92534,47.8313
31250,3149,3246,3330,3360,3199,3400,3818,3950,3415,3764,4888,6382,3363,3883,6482,12015,25.0177,24.9183,8.99322,47.7627
31251,4866,4130,3607,3286,8389,4999,3778,3317,8164,4992,3710,3333,4737,4150,3500,3265,-0.261227,-30.5222,8.59594,48.1487
31252,2985,3136,3358,3304,3201,3455,3865,4008,3377,3797,4940,6869,3374,3967,5882,11994,22.9106,32.9894,8.72771,47.6747
31253,3265,3589,4003,3989,3417,4046,5764,5217,3560,4354,7444,6434,3461,3855,4887,4748,4.41074,12.5878,8.78545,48.022
31254,5762,9761,6571,4041,4553,5217,4528,3849,3725,3734,3750,3404,3311,3350,3291,3165,-29.6979,-5.93406,8.78075,48.008
31255,3328,3492,4149,4615,3358,3683,4883,7782,3403,3692,4961,8580,3296,3606,4244,4994,1.2188,32.0586,8.69184,48.044
31256,3376,3727,4833,6775,3496,3859,5350,9879,3237,3551,4451,5679,3130,3241,3722,3909,-9.03566,28.1358,8.63721,48.1433
31257,3551,4244,6705,7681,3535,4110,6365,7217,3211,3577,4247,4419,3086,3253,3498,3714,-15.85,17.2876,8.9585,48.2753
31258,3720,4654,7611,6589,3592,4508,6712,5891,3528,3781,4246,4162,3070,3315,3469,3483,-17.0344,11.9519,8.54526,48.2207
31259,10675,6010,3884,3457,7669,5100,3921,3344,4260,3863,3361,3318,3422,3404,3204,3117,-19.6102,-26.3464,8.62275,48.006
31260,4537,7514,8849,5150,4035,4892,5119,4263,3605,3706,3811,3567,3211,3380,3372,3231,-28.8621,1.87325,8.59575,48.1613
31261,4313,6734,6887,4596,4289,5931,6115,4336,3708,4020,4064,3665,3347,3462,3428,3243,-17.1481,0.11598,8.8848,48.092
31262,5920,9036,5857,3913,4851,6112,4581,3796,3618,4000,3687,3437,3321,3310,3351,3207,-21.6186,-7.20358,8.75702,47.998
31263,3194,3781,5104,7349,3406,3867,5853,9439,3235,3681,4357,5328,3193,3283,3592,3718,-10.8058,23.4704,8.88747,48.2533
31264,3142,3638,4033,4188,3359,3876,5368,6329,3549,3942,6459,7660,3282,3775,4607,5037,3.02265,17.8342,8.89951,48.1627
31265,8855,8258,4557,3544,5870,5606,4168,3512,3887,3941,3464,3324,3477,3413,3263,3031,-22.578,-15.9841,8.77726,48.1133
31266,4384,5135,4370,3736,4960,7983,5594,3858,4241,5275,4405,3764,3602,3824,3701,3346,-6.5766,-5.3156,8.71859,48.1187
31267,3530,4594,8196,8284,3482,4120,5975,5961,3325,3686,3962,4072,3132,3275,3494,3469,-20.8343,15.0039,8.76708,48.3713
31268,3080,3243,3359,3383,3272,3458,3777,3987,3377,3861,4726,6629,3457,3927,6003,12174,24.0615,32.5766,8.88379,47.8087
31269,6588,9553,5412,3835,5147,5849,4368,3584,3843,3801,3636,3393,3329,3286,3359,3190,-22.6188,-9.61089,8.95291,48.1153
31270,5912,9379,6141,4011,4639,5891,4727,3856,3752,3992,3772,3481,3282,3381,3201,3069,-23.2611,-6.25475,8.88104,48.324
31271,12283,5939,3736,3470,5957,4802,3915,3426,3921,3813,3399,3273,3404,3435,3172,3243,-28.9036,-31.7037,8.5222,47.4587
31272,3326,3757,5282,8476,3449,3758,5142,9261,3246,3572,4221,4800,3189,3275,3553,3736,-13.7654,30.5494,8.57069,48.0287
31273,3120,3252,3458,3348,3260,3493,3991,4200,3444,3859,5352,6639,3504,4144,6919,10467,21.4779,20.9294,8.77012,48.3
31274,3335,3577,3969,4621,3251,3829,4958,7792,3318,3638,5225,8682,3216,3610,4358,4940,1.39208,25.6383,8.79022,48.2127
31275,5270,5992,4287,3506,6127,8081,4751,3687,4494,4930,3998,3420,3606,3701,3382,3311,-10.1484,-10.969,8.85946,48.362
31276,3383,3945,5357,7082,3450,4058,6153,8920,3330,3644,4312,4946,3078,3189,3593,3759,-11.7628,20.8514,8.97716,48.1327
31277,6134,5922,4148,3474,7361,7351,4187,3413,4647,4498,3789,3440,3716,3679,3435,3156,-11.4687,-15.3466,8.9048,48.2333
31278,3450,3624,4497,5003,3414,4011,5999,8054,3324,3792,5247,6488,3201,3528,4164,4308,-2.64141,19.781,8.69172,48.0693
31279,3452,3311,3205,3151,4188,3985,3582,3247,7618,5019,3681,3319,11176,5695,3924,3399,19.7895,-31.055,8.96734,47.968
31280,3447,3424,3460,3301,3814,4253,4021,3666,4487,6440,5750,3988,4745,6996,6297,4253,16.3447,-2.33847,8.60057,48.228
31281,3150,3527,3985,4338,3395,3656,4740,7043,3303,3805,5117,9334,3295,3600,4405,5479,3.43347,28.516,8.62312,48.1147
31282,3090,3313,3495,3506,3237,3440,3963,4414,3350,3763,5142,8170,3374,3768,5494,10363,17.5561,31.5151,8.78556,47.9213
31283,3376,3478,3311,3135,3896,3701,3456,3238,5945,4620,3766,3418,12506,5952,3843,3318,32.1018,-31.0063,8.61535,47.306
31284,3537,3804,3973,3602,3821,4832,5707,4267,3924,5882,7377,4601,3828,4350,4690,4064,4.13888,3.34197,8.74401,48.1727
31285,3624,5188,8298,6142,3742,4471,6593,5339,3361,3741,4163,3979,3179,3245,3369,3344,-18.1998,9.83039,8.98547,47.852
31286,3057,3337,3461,3327,3425,3663,4038,4037,3680,4414,6569,5830,3803,4745,7861,6873,17.8806,12.3764,8.76448,48.08
31287,3468,4294,7513,8122,3437,4055,6241,6482,3308,3565,4124,4191,3168,3294,3549,3438,-18.4384,16.2395,8.74809,48.166
31288,12464,5913,3974,3375,6357,4733,3778,3373,3884,3774,3394,3306,3339,3343,3221,3083,-25.8582,-31.7026,8.75174,47.5407
31289,3139,3097,3287,3514,3203,3418,3752,4003,3353,3890,4912,6324,3397,3852,6039,12535,25.3565,30.6961,8.89202,47.81
31290,3271,3395,3371,3234,3632,3735,3823,3648,4169,5327,5357,4113,4736,7789,8027,4557,22.7975,-0.0172541,8.61823,48.1227
31291,3433,4163,7366,11282,3391,3919,4962,5746,3217,3428,3863,3900,3111,3135,3299,3521,-29.8388,20.5312,8.65294,47.824
31292,3764,4029,4035,3703,4145,5825,5589,3986,4233,6497,6059,4241,3740,4316,4299,3732,1.49121,-0.488412,8.72259,48.1287
31293,4053,3725,3416,3185,5796,4885,3742,3339,8371,6274,4063,3466,5555,4848,3786,3428,5.95092,-19.4857,8.52958,47.9547
31294,12623,5857,3939,3274,5849,4725,3707,3309,3878,3818,3438,3198,3347,3382,3289,3283,-32.273,-32.2275,8.94428,47.2773
31295,3281,3398,3299,3146,3687,3881,3640,3384,4507,5690,4697,3840,5867,9330,6357,4168,24.7181,-5.62682,8.64904,48.1147
31296,3114,3225,3437,3438,3182,3371,3727,3945,3366,3773,4859,6043,3480,3918,6223,12573,29.4499,27.5214,8.87895,47.7827
31297,3220,3866,5253,7333,3446,3919,5590,9510,3182,3596,4366,5299,3160,3415,3619,3847,-10.7143,24.527,8.8395,48.414
31298,3467,3822,5425,9798,3244,3766,5090,8726,3150,3533,4003,4426,3138,3228,3415,3543,-16.6481,30.3174,8.98021,47.8493
31299,3524,3589,3345,3118,4211,4307,3669,3318,6386,6970,4397,3577,6638,6950,4563,3684,15.0581,-13.2577,8.85061,48.164
31300,5171,4302,3542,3205,8844,5104,3791,3362,7278,4810,3734,3285,4413,4027,3548,3257,-2.49132,-33.5101,8.59866,47.782
31301,3216,3227,3382,3299,3226,3578,3736,3959,3596,3935,5131,5636,3484,4612,8307,9647,26.8544,17.1965,8.62378,47.9807
31302,3414,3956,5939,10201,3407,3804,5151,7819,3224,3441,3954,4235,3160,3269,3461,3487,-18.6186,24.7285,8.88248,47.948
31303,4431,5611,5123,3985,4522,7381,6408,4115,3995,4637,4395,3636,3611,3648,3619,3421,-9.94841,-1.74712,8.77142,48.3587
31304,4885,7260,6439,4328,4420,6482,5572,4183,3713,4027,3991,3658,3427,3390,3402,3324,-17.1096,-2.03496,8.87406,48.334
31305,6160,4572,3692,3233,9824,5157,3842,3348,6370,4378,3602,3338,4022,3841,3419,3138,-6.66082,-29.2296,8.93874,47.9573
31306,3274,3337,3337,3251,3556,3730,3754,3455,4550,5161,4688,3936,5359,9265,7153,4248,30.0454,-3.33208,8.66554,48.036
31307,12252,5919,3883,3353,6023,4696,3781,3381,3909,3816,3295,3256,3426,3394,3374,3218,-33.7605,-32.2288,8.57221,47.3173
31308,3339,3816,6115,12629,3354,3661,4793,6090,3183,3368,3827,4004,3161,3210,3427,3471,-32.7901,28.2419,8.53737,47.632
31309,3371,4208,7519,10761,3357,3984,4963,5877,3264,3417,3720,3990,3120,3350,3319,3455,-33.6991,19.8104,8.98413,47.7833
31310,3426,3692,3959,3794,3635,4452,5701,4580,3777,5188,7920,5182,3707,4153,4891,4395,4.59848,7.10907,8.65503,48.3013
31311,3175,3348,3352,3298,3471,3740,3885,3619,4116,5026,5043,4104,4767,8389,8085,4745,26.2691,-0.36704,8.98817,48.1087
31312,3899,5293,8008,5794,3857,4806,6856,5188,3445,3713,4090,4054,3235,3359,3442,3451,-17.3509,8.23369,8.53681,48.3267
31313,5138,4697,3779,3421,7289,6865,4251,3460,5611,5563,3898,3392,4072,4113,3570,3296,-4.54516,-16.0428,8.57591,48.2767
31314,3205,3431,3736,3599,3536,3805,4848,4244,3724,4778,7997,5888,3691,4457,5825,5226,10.3023,9.91061,8.52568,47.9933
31315,3349,3391,3620,3496,3423,3902,4366,4129,3749,4900,7736,5631,3795,4781,6846,5492,13.7167,8.98517,8.82369,48.404
31316,3690,3950,3611,3321,4319,4907,4118,3545,5447,8275,5018,3702,4738,5541,4357,3661,8.48846,-8.26812,8.89999,48.1333
31317,3271,3746,4979,6983,3316,3835,5561,9777,3211,3563,4270,5433,3214,3343,3671,3816,-10.0956,26.5794,8.77449,47.9927
31318,12674,5864,3882,3324,6042,4679,3658,3357,3879,3761,3359,3225,3454,3494,3218,3217,-33.7591,-31.7813,8.74966,47.3913
31319,4618,6148,5118,4035,4900,7696,5864,3934,4010,4620,4191,3606,3464,3643,3486,3256,-11.272,-3.86648,8.86609,48.3927
31320,3419,3938,5824,9912,3331,3850,5125,8106,3312,3466,3909,4399,3037,3251,3527,3400,-17.9548,25.5881,8.87144,47.8707
31321,3281,3733,4806,5562,3376,4084,6274,8618,3263,3958,4971,5975,3180,3440,3984,3983,-5.87056,19.7539,8.7667,48.3253
31322,3462,3387,3193,3140,3883,3678,3413,3283,5776,4645,3827,3394,12690,5863,3942,3337,32.111,-31.9345,8.55435,47.2753
31323,3087,3263,3251,3300,3274,3485,3789,3898,3472,3904,5017,5777,3491,4271,7738,10553,26.5386,18.9413,8.68345,47.7133
31324,3406,3877,5509,9078,3319,3853,5399,8455,3211,3553,4047,4691,3074,3215,3530,3640,-15.4268,25.3878,8.6916,47.9047
31325,3427,4200,7925,10632,3390,3967,5089,5593,3261,3443,3856,3887,3256,3253,3372,3365,-31.5176,18.6583,8.86014,47.944
31326,3117,3305,3524,3276,3282,3450,3865,3799,3416,4107,5552,5456,3619,4654,9112,8473,24.7178,13.9591,8.64326,48.0047
31327,3140,3311,3301,3336,3262,3451,3884,3909,3414,4032,5167,5644,3428,4197,7948,10000,33.8176,17.5523,8.53754,47.616
31328,3879,3653,3258,3151,5469,4201,3528,3212,9822,5155,3774,3326,7228,5099,3687,3315,10.2606,-29.705,8.96821,47.838
31329,3134,3421,3446,3626,3390,3783,4308,4124,3765,4721,7243,5779,3812,4795,7452,5920,15.3794,10.5488,8.76104,48.4793
31330,3411,3714,5051,7372,3359,3716,5173,9853,3196,3620,4214,5278,3227,3331,3546,3746,-10.908,32.2196,8.85877,47.8713
31331,10977,6603,4053,3486,6625,4993,3849,3419,4049,3936,3443,3201,3341,3350,3249,3112,-22.634,-22.754,8.58418,47.7907
31332,3389,3523,3627,3454,3923,4650,4313,3708,4548,7172,6564,4191,4235,5589,5238,4064,10.1473,-1.5241,8.87041,48.1253
31333,3305,3875,5508,9322,3473,3853,5241,8603,3244,3530,3992,4600,3126,3267,3528,3539,-16.0825,26.6661,8.86911,48.004
31334,3402,3979,6055,12273,3360,3882,4582,6570,3249,3430,3848,3921,3050,3264,3450,3382,-25.5324,29.373,8.50307,47.798
31335,7334,7231,4436,3508,6483,6396,4330,3558,4222,4239,3657,3309,3509,3526,3364,3175,-17.1184,-14.6765,8.75278,48.1847
31336,3584,3650,3589,3338,4105,5011,4301,3588,4950,7995,5648,3977,4531,5620,4644,3844,9.00085,-5.37453,8.63128,48.25
31337,3894,5609,8382,5856,3912,4875,6332,5157,3476,3873,4081,3805,3166,3281,3416,3344,-18.8419,7.20598,8.57028,48.306
31338,3420,4143,6943,11572,3345,3936,4954,5855,3245,3645,3824,3959,3147,3244,3412,3391,-30.3073,22.2707,8.52461,48.0233
31339,3395,3744,4487,4424,3607,4542,7024,5938,3582,4218,6428,5442,3364,3789,4166,4190,-1.54944,12.1178,8.62652,48.2267
31340,3343,3421,3349,3167,3756,4076,3809,3486,4881,6600,4956,3892,5604,8292,5669,4084,18.2163,-6.90513,8.98535,48.2567
31341,3454,3654,3538,3364,3956,4676,4204,3614,4836,7694,5959,4013,4649,5824,5127,3917,10.993,-4.22711,8.76406,48.3193
31342,5325,5351,4007,3553,6991,7711,4421,3588,4898,5030,3880,3415,3829,3830,3430,3191,-8.04521,-13.6581,8.91295,48.3
31343,5568,9410,6907,4292,4561,5267,4561,3863,3785,3686,3682,3510,3299,3357,3331,3109,-26.9629,-4.30505,8.89086,48.1253
31344,3041,3140,3307,3366,3359,3438,3807,4160,3440,3807,4956,6961,3394,3852,6240,11594,22.4777,26.078,8.80699,47.908
31345,3215,3425,3520,3460,3484,4105,4261,3892,4038,5824,7330,4780,4093,5489,6598,4801,13.7338,4.13476,8.94259,48.21
31346,3168,3553,3605,3654,3341,3746,4439,4511,3436,4354,7349,6739,3519,4252,6260,6381,13.0303,14.5946,8.80619,48.2047
31347,3136,3235,3439,3418,3220,3526,3840,3969,3519,4063,5487,5909,3571,4510,8075,9265,23.9419,16.6517,8.51605,48.1213
31348,3643,4715,7701,6967,3606,4509,6337,5911,3371,3635,4038,4163,3085,3114,3487,3468,-18.0151,12.8444,8.57535,47.8333
31349,4087,3970,3538,3130,5985,5526,3960,3444,7481,6921,4047,3462,4915,4695,3753,3318,4.06417,-16.3647,8.9929,48.1547
31350,10485,7606,4264,3430,5919,4956,3928,3478,3974,3907,3545,3238,3465,3425,3308,3065,-26.0018,-19.0286,8.56027,47.9953
31351,3364,3522,3442,3430,3689,4012,4144,3785,4143,6096,6752,4310,4237,6090,6773,4518,14.6639,1.64517,8.89513,48.2047
31352,3149,3341,3453,3391,3232,3486,3840,3922,3480,3975,4984,5758,3515,4278,7589,10708,28.3345,19.7989,8.60784,48.0673
31353,3349,3538,3499,3307,3734,4034,4092,3774,4499,6019,6152,4401,4462,6259,6628,4586,15.7385,0.391961,8.5813,48.222
31354,3242,3237,3360,3418,3420,3713,3960,3975,3624,4499,6551,5408,3773,5064,8407,6509,19.2823,10.2683,8.6766,48.1067
31355,3174,3575,3921,4129,3465,3777,4921,5960,3504,3852,6282,8286,3297,3665,4770,5577,5.34777,19.0896,8.5106,48.1033
31356,3383,3388,3207,3096,3883,3798,3540,3225,5453,5079,4217,3500,9348,8787,4580,3536,31.8263,-15.8772,8.73169,48.0133
31357,3425,3425,3178,3070,4389,4033,3555,3253,7970,5201,3781,3344,10019,5998,3924,3371,18.0465,-24.3903,8.91485,47.9573
31358,12533,6029,3938,3391,6368,4707,3799,3269,4001,3719,3486,3239,3472,3460,3295,3133,-26.7062,-29.7253,8.59397,47.8927
31359,4531,6980,7494,4808,4116,5646,6114,4405,3608,3810,4033,3663,3300,3311,3394,3390,-18.5328,1.04511,8.81039,48.402
31360,3333,4001,6256,10236,3386,3731,5365,7877,3233,3468,3905,4288,3057,3214,3440,3401,-18.7202,23.5695,8.94655,48.1273
31361,3932,3880,3493,3128,5629,4997,3846,3403,8153,6720,4080,3530,5419,4855,3774,3290,6.12355,-17.8336,8.92961,48.086
31362,3461,3698,3645,3612,3776,4463,4986,4129,4132,6084,7474,4815,3983,4642,5261,4374,7.67632,3.23405,8.52858,48.3567
31363,3253,3322,3321,3333,3470,3619,3863,3708,3845,4712,6006,4750,3872,5922,9101,5922,22.141,6.89845,8.57198,48.0127
31364,3676,4429,6600,5689,3616,4716,7759,5954,3359,3847,4446,4330,3326,3450,3613,3632,-12.7171,11.5476,8.61555,48.2947
31365,10710,7551,4105,3347,5768,5022,3876,3345,3925,3838,3496,3219,3439,3445,3276,3122,-32.371,-19.5628,8.83838,47.656
31366,5344,9515,7091,4255,4410,5190,4741,3880,3665,3786,3664,3483,3177,3295,3391,3214,-27.8617,-3.77085,8.97473,48.0673
31367,3485,3974,5784,11526,3276,3825,4969,7182,3143,3545,3964,4085,3102,3117,3245,3360,-20.9252,33.3292,8.77116,47.7213
31368,3745,4556,6455,5532,3716,4758,7996,5940,3428,3850,4584,4208,3203,3310,3520,3572,-12.1504,10.503,8.91764,48.2487
31369,3833,5373,9921,7067,3591,4295,5182,4961,3416,3520,3758,3765,3264,3269,3341,3354,-33.2501,10.312,8.84313,47.94
31370,12653,6465,3898,3354,6014,4793,3765,3309,3872,3793,3491,3234,3477,3322,3146,3023,-28.8908,-25.6117,8.94299,47.7393
31371,4817,4091,3565,3296,8190,5319,3846,3409,7677,5142,3821,3340,4558,4236,3549,3263,-0.963843,-22.9598,8.9808,48.0793
31372,3184,3249,3404,3469,3316,3390,3753,3863,3394,3935,5080,5849,3462,4019,7222,11151,32.0772,20.6932,8.59146,47.8267
31373,3438,3890,6016,12362,3402,3736,4701,6192,3220,3487,3908,3987,3032,3329,3340,3429,-28.0458,32.6547,8.59236,47.646
31374,6417,9867,5814,3901,4697,5257,4337,3791,3807,3823,3658,3321,3297,3381,3306,3253,-33.2692,-7.8046,8.64557,47.9513
31375,5075,5454,4131,3622,6393,7869,4642,3815,4654,4986,4055,3448,3780,3850,3551,3236,-8.18139,-11.5453,8.56023,48.374
31376,4489,5605,5210,4136,4609,7505,6257,4198,3971,4566,4240,3653,3410,3641,3500,3336,-10.7546,-2.78985,8.93637,48.2173
31377,8745,7580,4447,3589,6410,5797,4103,3408,4047,3929,3574,3349,3404,3353,3256,3134,-20.2345,-16.729,8.87276,48.0833
31378,3139,3253,3410,3324,3283,3587,3906,4025,3595,4460,5945,5394,3842,5117,8911,6923,21.5671,11.1021,8.70873,48.076
31379,3429,3342,3221,3175,3740,3785,3622,3344,4793,5495,4485,3748,6108,9875,5843,3996,25.5185,-7.61229,8.97438,48.0007
31380,3397,3892,5803,11529,3283,3767,4894,7134,3285,3514,3776,4046,3134,3274,3288,3505,-21.718,30.1744,8.89261,47.6807
31381,12631,6129,3906,3365,6101,4704,3759,3444,3969,3807,3341,3322,3437,3436,3192,3080,-27.0864,-28.5639,8.96462,47.7487
31382,4670,7751,7806,4811,4226,5244,5472,4217,3573,3872,3747,3528,3257,3354,3222,3293,-22.5235,-0.0538658,8.80729,48.0287
31383,3106,3455,3509,3705,3236,3645,4216,4901,3436,3961,5774,9052,3279,3982,5455,7816,12.8658,23.3074,8.89356,48.352
31384,3935,5740,8855,6318,3751,4557,6213,5001,3282,3575,3954,3875,3049,3296,3320,3414,-21.3445,7.91543,8.72422,48.09
31385,12678,6013,3918,3343,5983,4541,3734,3306,3886,3733,3390,3153,3407,3298,3270,3278,-32.1454,-30.4386,8.95326,47.2873
31386,3497,4025,6729,11906,3341,3761,4802,6222,3235,3398,3744,3916,3101,3158,3269,3361,-27.3092,22.9138,8.87847,47.6433
31387,5882,4544,3673,3230,9882,5421,3767,3273,6512,4617,3660,3298,4121,3925,3450,3179,-6.03619,-25.9251,8.94973,48.2893
31388,7217,6699,4297,3588,7043,6645,4090,3509,4405,4281,3576,3274,3598,3432,3341,3109,-15.4809,-16.1901,8.7003,48.0693
31389,3200,3294,3319,3389,3168,3520,3790,4046,3430,3762,4885,6564,3371,3913,6157,12056,24.2957,26.0798,8.82507,47.9093
31390,4319,4108,3551,3279,6379,5461,3943,3301,7530,6362,3987,3340,5075,4514,3630,3276,3.0051,-17.9833,8.6483,48.0367
31391,3172,3464,3511,3439,3384,3803,4214,3887,3870,5033,7235,4990,3971,5297,7393,5381,15.7821,6.54188,8.85729,48.0293
31392,3106,3314,3328,3407,3306,3573,3832,3804,3347,3960,4970,5923,3376,4076,7327,11346,30.4564,21.0098,8.76973,47.9967
31393,4160,3927,3454,3193,6497,4809,3744,3313,9146,5607,3938,3328,5535,4541,3748,3223,5.32489,-23.9575,8.50258,48.1087
31394,3349,3839,5834,11485,3339,3801,5077,7473,3316,3568,3793,4120,3262,3288,3421,3374,-21.0188,29.9795,8.9273,48.226
31395,3066,3363,3682,3786,3268,3622,4456,5544,3335,3812,5142,9968,3371,3808,4888,7156,9.72366,29.8303,8.71655,48.178
31396,4913,8334,7634,4609,4226,5157,5025,4160,3592,3749,3858,3581,3303,3416,3382,3319,-25.1068,-1.1519,8.57996,48.172
31397,4853,7531,7388,4496,4296,5582,5494,4219,3656,3876,3923,3511,3241,3433,3332,3307,-20.7109,-0.456854,8.64956,48.092
31398,3322,3369,3297,3264,3604,3946,3843,3511,4359,5548,5256,4110,5098,8292,7341,4552,21.8733,-1.72493,8.75905,48.4747
31399,3527,4543,8936,9324,3497,4143,5052,5437,3324,3462,3824,3853,3201,3233,3385,3321,-31.6774,15.3009,8.82182,48.0413
31400,3038,3263,3684,3764,3408,3649,4249,5162,3270,3853,5180,9646,3314,3790,5071,7576,11.2106,29.3163,8.52943,47.9447
31401,3228,3329,3488,3672,3393,3725,4354,4138,3571,4515,7176,6155,3590,4672,7041,6146,15.2977,11.7884,8.58829,48.1287
31402,3391,3434,3260,3163,3821,3715,3521,3190,6095,4785,3728,3384,12494,6078,3893,3388,31.4872,-28.0971,8.83509,47.56
31403,4084,6435,9715,5647,3863,4635,5348,4666,3348,3690,3788,3616,3265,3374,3360,3340,-33.7325,5.81199,8.98285,48.116
31404,3494,3484,3294,3118,4250,3993,3494,3202,7619,5368,3888,3345,9907,6340,4001,3424,18.766,-22.7056,8.84739,48.1473
31405,3358,3384,3235,3084,3858,3771,3478,3268,5925,4943,3782,3338,11835,7088,3984,3416,30.6916,-22.7451,8.84067,47.8313
31406,3331,3686,4959,7012,3426,3928,5491,9946,3374,3511,4256,5428,3083,3255,3799,3866,-9.77538,26.2102,8.99734,48.234
31407,3166,3296,3412,3304,3459,3605,3756,3624,3833,4607,5138,4486,4188,6538,9586,5496,32.3451,5.00038,8.96083,47.6627
31408,3358,3474,3241,3105,3952,3748,3403,3160,5984,4766,3776,3410,12483,6522,3888,3460,27.9933,-25.3683,8.74587,47.82
31409,3662,4466,4875,4255,3876,5716,7916,4818,3727,4535,5548,4259,3389,3711,3840,3656,-5.69819,4.60325,8.92392,48.166
31410,12822,6078,3899,3350,5984,4740,3741,3380,3930,3783,3460,3125,3428,3407,3333,3215,-31.9959,-28.1649,8.98068,47.7833
31411,3061,3398,3396,3313,3339,3461,3777,4081,3391,3664,4734,6280,3392,3980,5972,12617,26.3718,31.554,8.9758,47.904
31412,3290,4033,5579,10138,3424,3908,5144,8041,3318,3440,3988,4306,3119,3180,3565,3558,-17.8676,33.3648,8.70703,48.0207
31413,3074,3404,3490,3488,3369,3739,4270,4078,3628,4654,7360,6098,3640,4707,7144,6168,14.9379,11.722,8.88955,48.2073
31414,3140,3147,3461,3483,3240,3495,3934,4258,3413,3783,5075,7834,3362,4013,5640,10327,18.3229,31.8129,8.57035,47.7367
31415,6683,4714,3734,3357,10004,5166,4043,3328,5667,4382,3691,3366,3804,3579,3335,3150,-8.63162,-33.4834,8.9,48.002
31416,3337,3368,3331,3167,3719,4015,3641,3449,4688,6244,5124,3978,5626,8458,6051,4107,19.5843,-5.41795,8.73739,48.202
31417,3541,3577,3170,3111,4716,4139,3543,3272,9201,5216,3852,3419,8230,5360,3859,3408,13.4396,-32.979,8.60113,47.7427
31418,3701,3861,3568,3423,4413,5267,4279,3576,5215,8031,5242,3811,4562,5233,4364,3845,7.25753,-6.82358,8.68906,48.2607
31419,3049,3206,3505,3549,3283,3497,4100,4508,3379,3923,4984,8222,3460,3809,5583,9907,17.1879,29.3696,8.67578,47.976
31420,3414,3927,6052,12535,3499,3723,4813,6161,3277,3367,3822,3892,3203,3230,3278,3173,-27.3586,33.8255,8.74765,47.5773
31421,8636,8616,4610,3467,5762,5477,4146,3597,3920,3855,3603,3239,3395,3374,3308,3082,-23.1403,-15.248,8.98435,48.058
31422,4725,5416,4298,3586,5641,8194,5007,3809,4455,5345,4151,3437,3642,3886,3463,3399,-7.16441,-8.72472,8.9426,48.3027
31423,3818,4821,5668,4613,3934,5669,8181,4851,3579,4169,4776,4065,3295,3527,3684,3575,-9.62107,5.46635,8.90605,48.15
31424,2970,3183,3344,3343,3168,3419,3977,4057,3452,3919,5302,6773,3531,4054,6851,10670,21.6061,21.1951,8.92426,48.0087
31425,6528,4881,3854,3488,9269,5905,3968,3438,5473,4435,3693,3269,3946,3727,3340,3115,-9.23876,-22.1969,8.68674,48.2193
31426,3498,4381,7112,8263,3457,4180,6038,6669,3330,3667,4158,4291,3107,3276,3467,3460,-18.0816,16.8266,8.87709,48.236
31427,3415,3415,3327,3089,3888,3985,3548,3260,5615,6031,4295,3642,7354,8694,4859,3657,20.6502,-12.7332,8.82252,48.0493
31428,3910,3858,3492,3191,5512,5064,3731,3321,8061,6551,4237,3454,5583,5033,3937,3358,6.94549,-17.2639,8.72585,48.1953
31429,3070,3253,3301,3346,3218,3445,3875,3878,3518,4184,5290,5202,3620,4794,8988,8779,27.4545,14.2433,8.5805,47.8407
31430,3075,3288,3523,3529,3173,3568,3925,4292,3366,3868,5186,7704,3446,3859,5864,10171,18.5539,25.014,8.65873,47.8913
31431,3274,3661,4943,6609,3482,3915,5661,9637,3342,3730,4320,5633,3138,3350,3755,3926,-8.9187,24.1837,8.96186,48.2507
31432,6919,10075,5412,3889,4853,5190,4286,3668,3784,3874,3555,3325,3387,3420,3341,3101,-30.0347,-9.57421,8.59995,48.0527
31433,3421,3311,3339,3115,3854,3856,3509,3240,5823,4981,3834,3433,11412,7131,4197,3361,32.5509,-21.0939,8.80486,47.878
31434,3096,3224,3363,3323,3384,3421,3718,3931,3343,3831,4734,5947,3454,3955,5970,12492,29.0162,30.2416,8.56068,47.4573
31435,3492,3956,5884,11222,3315,3869,4865,7288,3302,3487,3925,4227,3084,3246,3360,3401,-20.8998,28.7295,8.50801,47.9487
31436,3168,3496,3326,3143,3568,3826,3703,3519,4286,5435,5212,4116,4886,8093,7427,4586,22.7826,-1.2662,8.5351,47.86
31437,3157,3175,3422,3405,3271,3378,3876,4060,3369,3819,4898,6003,3280,4007,6370,12016,33.8126,24.1682,8.51463,47.6707
31438,3396,4077,6603,8355,3529,4038,5912,7561,3347,3624,4048,4369,3052,3354,3377,3442,-16.4734,19.49,8.90735,48.056
31439,3341,3393,3283,3015,3775,3773,3396,3160,5827,4955,3953,3422,11285,7492,4065,3499,30.9136,-20.3833,8.78993,47.756
31440,3123,3223,3357,3351,3222,3464,3901,3811,3593,4250,5467,5375,3750,5001,9292,7438,24.7439,12.1463,8.55953,47.7453
31441,3690,3469,3266,3258,4725,4170,3498,3194,9155,5243,3810,3356,8612,5234,3858,3307,14.1307,-31.2076,8.78571,47.8967
31442,6744,10039,5605,3839,4713,5397,4419,3846,3736,3819,3624,3397,3379,3467,3252,3106,-27.7064,-8.66612,8.67186,48.2547
31443,3426,3518,3432,3366,3664,4168,4089,3705,4409,6557,6262,4352,4502,6260,6147,4241,14.6591,-0.517847,8.5694,48.0653
31444,6864,9857,5413,3930,4878,5345,4379,3732,3702,3901,3573,3332,3342,3325,3296,3104,-27.0194,-9.45628,8.69582,47.982
31445,3139,3270,3458,3334,3180,3384,3859,3971,3425,3859,4969,6300,3408,4182,6748,11368,25.0691,22.5141,8.69976,47.9027
31446,3810,3691,3346,3167,5319,4360,3698,3388,9117,6005,3952,3389,6725,5162,3794,3344,10.1251,-21.4471,8.80559,48.178
31447,4608,7442,7655,4786,4275,5467,5638,4164,3596,3855,3777,3598,3256,3376,3391,3316,-20.9228,0.410503,8.90806,48.1333
31448,8835,8798,4653,3580,5264,5162,4248,3570,3882,3854,3507,3323,3471,3367,3392,3146,-32.3928,-14.464,8.6842,48.0347
31449,3469,3423,3173,3080,4194,3879,3440,3222,7395,4904,3837,3376,11433,5996,3843,3368,20.9016,-28.32,8.89837,48.0213
31450,3253,3370,3603,3580,3458,3917,4653,4399,3771,4720,7951,6075,3630,4430,6114,5468,11.1796,11.0878,8.76024,48.2613
31451,3431,3997,5181,5524,3602,4303,7162,7410,3481,3793,5050,5182,3186,3409,3765,3954,-7.51978,15.5968,8.65335,48.2867
31452,3613,3505,3229,3232,4805,4083,3461,3277,8961,5207,3806,3463,8649,5300,3874,3461,14.1687,-33.5252,8.90458,47.9507
31453,3150,3411,3442,3288,3510,3684,3865,3719,4002,5136,5780,4458,4313,6856,8352,5216,21.1072,2.96465,8.84831,48.1213
31454,3348,3745,4833,6722,3312,3840,5241,10093,3243,3561,4408,5847,3202,3363,3726,3961,-8.45404,28.6506,8.80959,48.2967
31455,3472,3357,3225,3161,4047,3807,3404,3362,6033,4815,3766,3419,12022,6891,4026,3436,29.2844,-23.7621,8.5399,48.162
31456,3434,4113,6848,11599,3371,3781,4861,6035,3220,3597,3845,4023,3143,3231,3384,3357,-28.971,23.3617,8.54535,47.8947
31457,11127,7554,4137,3418,5813,4979,3976,3311,4004,3732,3444,3204,3337,3468,3234,3001,-29.852,-20.3362,8.81934,47.826
31458,3270,3761,5012,7111,3255,3844,5356,9817,3227,3580,4287,5405,3236,3319,3517,3823,-10.149,26.7257,8.62857,47.88
31459,3367,3348,3297,3086,3699,3942,3621,3297,4936,5371,4315,3616,7617,9660,5152,3703,27.922,-11.2246,8.57044,48.018
31460,3407,3400,3385,3260,3968,3903,3761,3441,5276,5825,4315,3719,6647,8977,5405,3765,22.3028,-9.95208,8.59557,48.3027
31461,3797,4966,9748,7903,3593,4270,5194,5195,3389,3678,3845,3683,3131,3219,3408,3416,-30.0194,12.2065,8.95987,48.29
31462,5416,4465,3653,3354,9197,5294,3787,3428,7017,4841,3678,3210,4346,3886,3442,3152,-3.65784,-25.9612,8.55365,48.1107
31463,3172,3181,3582,3648,3254,3584,4164,4763,3319,3820,5372,9267,3327,3888,5206,8232,13.6885,32.7132,8.70216,47.8527
31464,3657,3885,3800,3551,4167,5432,4690,3638,4884,7561,5867,3911,4219,4922,4354,3762,5.45251,-3.81192,8.77062,48.2
31465,3557,4190,6291,7914,3496,4006,6135,7653,3244,3626,4128,4531,3076,3388,3506,3569,-15.3654,18.8141,8.57576,48.2067
31466,3083,3528,3868,4062,3363,3619,4596,6247,3342,3835,5392,9864,3282,3700,4639,5899,6.26229,26.201,8.97881,48.2127
31467,3647,4966,9468,8096,3576,4160,5238,5092,3280,3464,3934,3885,3137,3326,3308,3263,-29.5083,12.4866,8.83561,47.8933
31468,4129,4038,3708,3345,5514,5797,4069,3533,6580,7187,4252,3494,4674,4750,3892,3432,3.39784,-13.5631,8.69799,48.2627
31469,11789,6038,3982,3416,6723,4859,3766,3404,3992,3799,3530,3264,3399,3344,3256,3166,-23.3948,-28.0631,8.63128,47.818
31470,3422,3350,3258,3110,4225,3886,3548,3312,6874,5465,3993,3436,9613,6982,4204,3347,20.1448,-19.5667,8.6902,48.0167
31471,3214,3357,3442,3345,3284,3518,3800,3779,3657,4095,5221,5008,3735,4958,9413,7905,29.9963,12.308,8.51267,47.8207
31472,5146,4353,3552,3289,8547,5419,3887,3389,7271,5011,3680,3411,4402,4088,3545,3242,-2.4239,-24.1563,8.82106,48.1547
31473,8599,5261,3880,3333,9130,5221,3754,3327,4991,4120,3417,3299,3684,3605,3264,3180,-14.0723,-28.0919,8.56407,48.0433
31474,3444,3354,3177,3062,4022,3737,3500,3141,6209,4984,3858,3380,11528,6822,4167,3456,25.9393,-22.9353,8.68813,47.894
31475,6673,4800,3610,3394,9984,5271,3810,3327,5765,4442,3597,3317,3911,3739,3415,3195,-8.76104,-29.3111,8.72442,48.1667
31476,4409,4651,3922,3454,5807,7280,4455,3593,5426,6414,4265,3568,4154,4107,3711,3359,-1.79486,-11.2788,8.91298,48.3833
31477,3436,4161,6320,8500,3435,3925,5868,7844,3231,3560,4073,4595,3061,3369,3486,3489,-15.8487,19.9828,8.8685,48.2353
31478,3605,3625,3232,3172,4551,4097,3589,3247,8986,5119,3900,3431,9068,5377,3882,3402,15.1493,-33.0967,8.69797,48.1887
31479,3222,3223,3452,3312,3350,3730,4018,4021,3498,4377,6440,5605,3689,5052,8486,6860,19.5822,11.5963,8.87967,48.2233
31480,5820,4953,3839,3406,8324,6531,4064,3460,5481,4916,3851,3376,4038,3856,3491,3154,-7.0533,-18.7266,8.75595,48.3733
31481,6849,6945,4421,3553,6799,6749,4226,3515,4366,4328,3666,3350,3528,3390,3399,3183,-15.1883,-14.8539,8.80553,48.178
31482,3237,3427,3262,3186,3862,3794,3549,3332,5066,5244,4089,3561,7908,9608,5022,3753,29.3276,-12.1274,8.69637,47.9333
31483,5075,5352,4019,3516,6518,7772,4478,3621,4918,5217,4034,3364,3884,3832,3515,3275,-6.88067,-12.6913,8.602,48.26
31484,3207,3542,3979,4493,3297,3710,5020,7340,3424,3780,5390,8921,3354,3591,4264,5151,2.50858,24.3262,8.9693,48.3087
31485,5363,4487,3618,3285,9215,5025,3765,3328,7299,4530,3601,3360,4340,3844,3522,3317,-3.28978,-29.5975,8.63098,47.9327
31486,3133,3313,3477,3590,3215,3461,4070,4687,3409,3848,5519,8091,3366,3986,5891,9042,16.2641,22.8281,8.70395,48.0653
31487,3853,3726,3432,3261,5409,4967,3825,3327,7889,7054,4092,3509,5671,5061,3835,3350,7.45017,-16.4655,8.85239,48.174
31488,5845,6458,4313,3668,6396,7597,4355,3620,4413,4582,3787,3350,3678,3717,3469,3098,-12.3306,-12.7491,8.89284,48.2307
31489,3325,3424,3151,3163,3990,3905,3546,3252,5999,4933,3827,3390,11136,7374,4143,3464,28.5934,-20.7699,8.56127,48.0147
31490,3453,3811,3612,3557,4071,4929,4437,3658,4643,7644,6214,4026,4351,5445,4764,3890,8.6767,-3.48323,8.73642,48.3367
31491,3404,3939,6628,12337,3321,3850,4676,6131,3291,3392,3837,3920,3079,3312,3419,3345,-28.5502,24.4105,8.84908,47.9207
31492,4801,4237,3606,3252,8444,4954,3671,3339,8375,4931,3768,3362,4679,4188,3531,3353,-0.384154,-29.3339,8.80215,48.3273
31493,3289,3506,4206,4796,3362,3676,4986,8220,3438,3773,5037,8168,3195,3567,4221,4856,0.168744,25.9339,8.94554,48.1973
31494,3246,3323,3368,3168,3574,3661,3830,3568,4077,4668,5152,4357,4431,7241,9223,5269,28.3512,2.97373,8.64818,48.104
31495,4253,4633,4109,3716,4673,7315,5615,3775,4480,6015,4831,3762,3841,4011,3857,3494,-3.2202,-4.70826,8.63218,48.2533
31496,3463,3557,3381,3218,4161,4514,3889,3518,5374,7981,5100,3759,5263,6624,4697,3732,12.8898,-8.21067,8.98411,48.154
31497,4657,6391,5939,4219,4385,6976,6246,4130,3779,4275,4169,3649,3375,3543,3474,3382,-13.7996,-1.22002,8.97454,48.3927
31498,3539,3325,3240,3086,4003,3729,3469,3280,6475,4801,3868,3378,12543,6079,3831,3350,25.7968,-28.5871,8.81721,47.9973
31499,4638,5616,4452,3590,5395,8207,5379,3776,4325,5059,4130,3515,3604,3773,3536,3331,-8.58305,-7.33714,8.81092,48.2173
31500,3504,3841,5964,12512,3295,3731,4733,6065,3134,3586,3850,4017,3129,3262,3364,3450,-28.2508,29.0993,8.60424,47.6247
31501,3826,5049,8206,6207,3767,4610,6642,5391,3457,3708,4078,3907,3218,3304,3468,3430,-18.2694,9.63602,8.73934,48.1787
31502,3159,3313,3636,3827,3281,3649,4301,5367,3410,3842,5240,9881,3263,3728,4945,7141,10.1564,30.7382,8.88473,47.9887
31503,3459,4397,8433,9625,3532,4077,5292,5541,3187,3577,3841,3896,3169,3275,3451,3357,-32.4879,16.9669,8.69013,48.0727
31504,6687,4941,3737,3231,9527,5672,3935,3357,5531,4351,3674,3179,3929,3793,3365,3120,-9.11037,-24.4484,8.87349,48.0193
31505,3632,3796,3661,3247,3998,5106,4814,3928,4511,7084,6301,4135,4251,5088,4717,3998,6.96947,-2.08821,8.50255,48.178
31506,3152,3285,3579,3789,3306,3690,4600,4772,3470,4295,7127,7574,3499,4079,5809,6120,10.6993,16.5192,8.62671,48.0973
31507,10134,5614,3867,3403,8248,5195,3859,3481,4296,3985,3459,3277,3477,3368,3230,3175,-17.8647,-29.9846,8.8376,48.0453
31508,3934,3756,3434,3108,6042,4441,3685,3269,9683,5332,3771,3210,6400,4815,3683,3316,7.93494,-26.4379,8.59692,47.9193
31509,4295,4271,3660,3279,6326,6128,4103,3403,6546,6420,4089,3478,4627,4483,3747,3362,0.791518,-15.4735,8.81398,48.1447
31510,5704,4786,3675,3300,9218,5879,3826,3355,6241,4766,3629,3391,4173,3813,3342,3060,-5.75758,-21.74,8.99696,48.1053
31511,3694,5506,10055,6757,3728,4247,5285,4821,3336,3695,3798,3653,3128,3332,3452,3369,-31.6472,9.13808,8.74065,47.904
31512,3574,4256,7167,8355,3499,4002,5879,6830,3281,3510,4114,4253,3129,3263,3450,3451,-18.1861,17.5374,8.68264,48.0087
31513,7435,9509,5271,3733,4934,5225,4252,3739,3773,3799,3625,3240,3417,3435,3271,3244,-28.7667,-11.1335,8.60376,47.9347
31514,3382,3459,3457,3215,3727,3751,3637,3442,4768,5300,4522,3709,6189,9838,5971,3970,32.0154,-7.15229,8.53128,48.2247
31515,3582,3502,3414,3137,4368,4530,3845,3431,6336,7650,4652,3647,5829,6398,4414,3502,12.4944,-11.9182,8.57887,48.158
31516,3328,3430,3458,3370,3691,4103,4142,3719,4277,6315,6403,4382,4416,6374,6346,4325,15.0423,0.49871,8.96582,48.0527
31517,3977,3952,3734,3431,4887,6098,4397,3499,5309,7762,4975,3809,4342,4723,3924,3542,3.14767,-8.64522,8.92858,48.2407
31518,11244,5809,4004,3343,7474,4958,3884,3417,4234,3916,3493,3298,3429,3287,3187,3083,-20.3588,-27.736,8.9187,48.04
31519,4914,8492,7603,4665,4354,5316,5052,4033,3567,3820,3771,3602,3264,3333,3323,3230,-24.5526,-1.33178,8.71119,48.226
31520,7939,7647,4560,3519,6293,6070,4199,3487,4112,3976,3614,3284,3453,3516,3367,3121,-18.9147,-15.337,8.57334,48.1047
31521,9553,5465,3989,3433,8561,5200,3804,3506,4428,3996,3596,3245,3566,3508,3306,3060,-16.2675,-31.8204,8.61367,48.144
31522,3300,3279,3384,3298,3583,3988,3981,3503,4183,5992,5875,4231,4596,7205,6948,4450,18.3838,-0.560619,8.73986,47.864
31523,3546,3677,3526,3294,4236,4927,3949,3531,5585,8091,5041,3815,4901,6061,4524,3646,10.0543,-8.52293,8.72601,48.2333
31524,3461,4227,6553,7762,3403,4161,6349,7302,3323,3537,4151,4299,3108,3327,3437,3612,-15.9382,17.5103,8.73566,48.008
31525,3350,3641,4133,4545,3228,3767,5171,7489,3389,3849,5471,8303,3340,3612,4174,5044,1.38133,23.3281,8.69964,48.3373
31526,12571,5999,3866,3389,6521,4815,3732,3353,4018,3695,3592,3216,3326,3312,3237,3063,-25.3725,-28.032,8.98862,47.8033
31527,4098,4931,4732,3820,4618,7464,6116,4089,4186,5228,4678,3719,3590,3798,3732,3476,-6.04653,-2.73794,8.72075,48.1833
31528,7464,5131,3825,3409,9972,5236,3751,3484,5243,4278,3453,3244,3704,3545,3340,3217,-10.9852,-30.1379,8.8901,48.1973
31529,3467,4162,7316,11045,3443,3846,5050,5988,3308,3462,3936,3858,3190,3164,3442,3530,-27.2715,20.6677,8.60429,48.138
31530,3519,4097,6860,8347,3514,4150,5984,6998,3274,3532,3988,4274,3252,3294,3399,3385,-17.6053,18.2046,8.86154,47.9113
31531,4241,6266,8068,5118,3952,5170,6442,4509,3515,3895,4032,3736,3255,3449,3352,3393,-18.749,4.06509,8.84785,48.262
31532,3733,3617,3383,3098,4500,4398,3774,3297,7203,6905,4326,3533,6507,6194,4194,3543,13.0601,-15.4756,8.52221,48.1367
31533,3667,4345,4720,3943,4014,5785,7174,4623,3976,4980,5703,4361,3448,3809,3998,3878,-3.38743,3.46514,8.9063,48.2827
31534,3656,4270,5862,5742,3600,4630,7913,6578,3412,3784,4749,4406,3203,3372,3738,3657,-10.8461,12.4017,8.99885,48.3813
31535,11018,7381,4159,3529,5710,4955,3917,3393,3891,3860,3476,3296,3430,3482,3217,3145,-30.3587,-19.9882,8.76113,47.906
31536,3218,3236,3517,3539,3275,3587,4010,4879,3419,3812,5161,9126,3329,3699,5280,8559,13.8299,29.5981,8.78161,47.764
31537,3062,3304,3374,3458,3265,3455,3767,3959,3395,3917,4831,5806,3436,4265,7665,10863,29.7651,19.7477,8.50152,47.8813
31538,3397,3337,3203,3142,4204,3875,3510,3228,7398,4954,3718,3453,10990,5832,3997,3423,20.4397,-28.8735,8.72854,47.774
31539,3395,3542,3309,3216,4283,4388,3753,3389,6001,7545,4609,3596,5906,6831,4742,3665,13.7186,-11.1804,8.98365,48.1133
31540,3319,3845,5227,7048,3312,3918,5637,9263,3277,3661,4254,5217,3168,3397,3696,3834,-10.4406,23.9724,8.58339,48.0487
31541,5454,4270,3604,3315,9327,5154,3821,3250,7311,4710,3632,3351,4366,3903,3563,3123,-3.27318,-29.8726,8.81257,48.1027
31542,3333,3428,3236,3074,3916,3908,3639,3284,5761,5698,4066,3575,8365,8772,4754,3639,22.6902,-14.2668,8.76704,48.2987
31543,3158,3543,4054,4581,3370,3783,4966,7851,3256,3736,5158,8523,3293,3598,4275,4966,1.09083,25.4103,8.88895,48.074
31544,9139,8987,4617,3620,5413,5143,4109,3543,3875,3837,3501,3239,3396,3375,3340,3129,-29.7399,-15.3167,8.77514,48.1753
31545,3144,3163,3421,3420,3222,3421,3856,3976,3366,3730,4756,6277,3297,3874,6428,12201,25.7226,25.6201,8.74839,47.7013
31546,4136,5175,5440,4184,4227,6691,7168,4447,3727,4473,4595,3832,3394,3555,3638,3413,-10.0297,0.942318,8.99442,48.0633
31547,3993,6095,9421,5926,3842,4594,5557,4700,3323,3711,3933,3737,3276,3176,3419,3344,-24.165,6.2671,8.81541,48.0313
31548,3401,4164,5683,7068,3504,4011,6179,8289,3208,3671,4315,4749,3166,3383,3490,3695,-12.5038,19.3423,8.71685,47.984
31549,5544,4494,3637,3431,9113,5620,3886,3364,6668,4862,3750,3267,4163,3959,3484,3149,-4.44088,-23.6924,8.71693,48.2607
31550,3464,3364,3260,3224,3905,3850,3465,3205,6034,4700,3756,3502,12625,5952,3877,3392,32.1057,-30.4712,8.57579,47.7167
31551,4233,4772,4351,3677,4754,7431,5980,4035,4281,5496,4827,3789,3508,3887,3754,3581,-4.93855,-3.53709,8.59528,48.2373
31552,3542,4351,8058,9623,3415,4049,5389,5962,3330,3496,3857,4019,3131,3263,3324,3370,-23.8596,17.4208,8.80305,48.1193
31553,3137,3291,3521,3395,3311,3436,3756,4114,3411,3932,5035,7508,3293,3914,5834,10832,19.8862,33.3907,8.81632,47.8133
31554,4238,5910,6755,4749,4210,5927,6876,4573,3487,4027,4335,3819,3202,3374,3502,3333,-14.6765,2.36665,8.72577,48.2113
31555,3706,3560,3390,3148,4937,4142,3552,3273,9498,5164,3886,3429,8126,5163,3775,3473,12.9014,-31.9137,8.73029,48.148
31556,3255,3363,3870,4052,3278,3724,4428,6125,3397,3934,5115,9790,3287,3699,4855,6115,7.30501,33.0145,8.62741,48.1913
31557,4715,6915,6021,4202,4602,6422,5767,4124,3878,4216,4098,3664,3432,3448,3438,3301,-15.7569,-2.26738,8.65236,48.162
31558,3500,3942,5679,10423,3337,3852,4926,7891,3217,3413,3955,4286,3169,3210,3433,3575,-18.8364,31.3386,8.66796,47.872
31559,3542,4092,6225,9809,3412,3882,5419,7657,3163,3520,3937,4268,3134,3218,3443,3513,-18.7049,22.1134,8.55884,48.156
31560,3434,3898,5920,12715,3425,3828,4566,6033,3234,3446,3829,3872,3183,3184,3400,3424,-30.6301,31.7215,8.81786,47.594
31561,3326,3887,5666,9832,3436,3798,5214,8239,3316,3632,3930,4469,3077,3241,3511,3543,-17.0094,28.3663,8.55877,48.078
31562,6641,5226,3969,3358,8968,6022,3977,3338,5136,4439,3611,3359,3819,3689,3386,3242,-10.4822,-21.2541,8.71743,48.12
31563,3372,3454,3179,3168,4113,3849,3462,3276,7046,4960,3831,3255,11612,6001,3976,3412,22.4102,-31.0705,8.74437,47.9773
31564,3222,3262,3685,3979,3276,3557,4492,6166,3472,3784,5304,10002,3156,3716,4655,6229,7.4684,30.7707,8.96085,47.9713
31565,3151,3181,3471,3362,3189,3490,3955,4000,3450,4026,5339,6319,3529,4329,7494,10195,23.5258,19.4132,8.65489,48.32
31566,3399,3466,3283,3086,3972,3850,3397,3274,5907,4954,3910,3431,12032,6543,4167,3366,33.644,-23.9463,8.99417,48.0247
31567,3372,3597,3902,3853,3456,4132,5728,4819,3645,4790,8125,5856,3527,4071,5101,4628,5.33701,9.92576,8.95689,48.4013
31568,3067,3192,3370,3469,3157,3629,3862,4094,3510,4127,5641,6271,3684,4437,7714,8794,20.9246,16.3475,8.76497,48.012
31569,3319,3276,3233,3133,3737,3742,3641,3456,4689,5394,4520,3803,6264,9815,6116,4004,27.3503,-7.16179,8.65822,48.0947
31570,3331,3644,3567,3448,3788,4205,4361,3876,4126,6341,7257,4618,4075,5330,5986,4431,11.8556,2.21386,8.57984,48.256
31571,5543,7355,5101,3891,5261,7484,5016,3728,3965,4296,3795,3518,3410,3554,3474,3171,-15.0177,-8.29657,8.98809,48.3747
31572,3143,3430,3574,3684,3326,3767,4406,4865,3631,4102,6711,7919,3433,3983,5825,6629,11.8335,17.7323,8.53764,48.2853
31573,3717,3567,3230,3173,5066,4137,3587,3150,9418,5326,3912,3452,8074,5279,3842,3319,12.7684,-27.6033,8.62255,48.166
31574,3324,3449,3323,3098,3818,3801,3604,3252,5000,5650,4567,3699,6618,9483,5553,3887,23.1555,-9.52888,8.85183,48.084
31575,3366,3404,3191,3134,4085,3719,3433,3236,6469,4864,3788,3458,12206,6163,3911,3324,24.9633,-28.5528,8.73349,47.834
31576,3076,3217,3398,3381,3228,3402,3766,4008,3419,3913,4840,5794,3359,4077,6938,11882,30.6798,22.8904,8.80268,47.7987
31577,3083,3164,3483,3523,3214,3621,4067,4612,3328,3880,5599,8399,3395,3886,5771,9009,15.7324,23.6725,8.76536,48.0227
31578,3086,3280,3556,3337,3497,3828,4047,3815,3876,4869,6444,4896,4021,5566,8549,5774,18.8381,7.00726,8.97035,48.294
31579,3759,4580,6854,6103,3629,4534,7470,5973,3365,3800,4303,4225,3174,3396,3529,3601,-14.335,11.4659,8.60061,48.1967
31580,3354,4011,6146,12092,3423,3746,4773,6636,3246,3478,3762,4066,3130,3243,3418,3359,-24.2448,26.6832,8.80918,47.922
31581,3898,4465,4341,3972,4180,6431,6852,4283,3964,5356,5285,3997,3639,3911,3883,3654,-3.76937,0.457185,8.75479,48.074
31582,3164,3325,3667,4036,3207,3648,4415,5643,3378,3885,5356,9835,3321,3871,4898,6578,8.67038,25.596,8.85362,48.1513
31583,3320,3358,3289,3177,3922,3874,3452,3280,5522,5087,4046,3498,9408,8690,4525,3497,28.3765,-15.8452,8.55127,47.9633
31584,3634,4999,8478,7025,3594,4427,6195,5406,3517,3569,3916,3917,3135,3310,3474,3299,-20.0615,11.7076,8.72813,47.93
31585,3130,3171,3387,3563,3197,3469,3900,4289,3467,3818,5074,7620,3358,3982,5873,10741,19.8051,27.2258,8.67076,48.026
31586,3204,3415,3798,4027,3241,3689,4751,5949,3503,3840,6047,8990,3332,3785,4806,5810,6.46593,21.3919,8.72153,48.1247
31587,3691,5159,9474,7556,3552,4311,5431,5157,3242,3602,3782,3810,3109,3264,3456,3413,-26.5354,11.3151,8.50761,48.006
31588,3507,4029,5320,4966,3637,4617,7975,6367,3537,4029,5085,4815,3223,3461,3858,3874,-7.17711,11.8023,8.67866,48.2
31589,3334,3351,3252,3168,3845,3805,3521,3390,4982,5510,4397,3658,6881,9805,5588,3891,25.4013,-9.18703,8.83914,48.252
31590,10322,7908,4391,3450,6006,5205,3959,3381,3959,3704,3619,3296,3369,3315,3187,2964,-24.9321,-18.5353,8.99578,48.0233
31591,3405,3418,3239,3317,3784,3780,3413,3258,5979,4638,3655,3406,12427,5994,3953,3383,33.0511,-33.4489,8.89228,47.366
31592,9488,8699,4414,3465,5455,5102,4021,3487,3973,3837,3587,3320,3368,3425,3248,3167,-32.7466,-16.24,8.92257,48.0373
31593,3807,4926,6878,5293,3829,4879,7577,5457,3515,3836,4393,4074,3234,3373,3612,3590,-13.3616,8.25711,8.70718,48.182
31594,3403,4147,5566,5421,3592,4704,7685,6725,3427,3891,4976,4706,3182,3485,3758,3762,-9.34755,12.9415,8.76488,48.2867
31595,3202,3481,3809,3695,3251,3843,4870,4726,3610,4438,7708,7256,3467,4076,5589,5557,9.51526,14.1526,8.99338,48.3853
31596,3516,3899,4049,3832,3667,4767,6107,4612,3945,5321,7353,4768,3573,4216,4611,4186,2.80106,5.5427,8.80041,48.2813
31597,7382,5101,3835,3290,9823,5130,3847,3410,5240,4289,3587,3256,3773,3519,3348,3206,-10.7874,-32.0264,8.86321,48.024
31598,4691,5499,4339,3720,5347,8007,5190,3885,4352,5143,4252,3599,3682,3730,3590,3312,-8.30303,-7.63339,8.55349,48.2253
31599,4633,7684,8300,4834,4129,5010,5418,4288,3668,3765,3842,3523,3199,3289,3298,3173,-24.0963,1.13342,8.59946,48.0353
31600,7877,6552,4207,3539,7379,6215,4033,3488,4479,4128,3624,3331,3497,3528,3297,3064,-15.9771,-18.0845,8.64416,48.1587
31601,4013,5512,7675,5370,3895,4965,6870,5053,3473,3903,4152,3848,3212,3414,3613,3422,-16.6374,6.40686,8.61941,48.26
31602,8967,8686,4576,3578,5544,5332,4042,3573,3929,3807,3526,3270,3415,3376,3337,3105,-25.2347,-15.6972,8.71439,48.042
31603,3350,3356,3225,3161,3948,3822,3540,3314,5397,5159,4134,3484,8882,8793,4694,3482,33.7976,-14.972,8.92339,47.8273
31604,6025,9826,6269,4172,4623,5232,4481,3855,3613,3834,3668,3349,3355,3361,3341,3227,-30.2119,-6.53159,8.75021,48.154
31605,6596,6033,4074,3486,7611,6865,4192,3427,4600,4536,3783,3315,3636,3596,3365,3212,-12.6625,-16.6918,8.74627,48.218
31606,3380,3341,3297,3119,3824,3932,3681,3348,5113,5222,4228,3675,7556,9651,5250,3634,33.2463,-11.3513,8.67311,48.1673
31607,4160,6351,8586,5472,4040,4974,5980,4627,3538,3715,3963,3592,3255,3272,3441,3278,-20.6778,4.66089,8.55036,48.1627
31608,3179,3368,3509,3368,3286,3430,3885,3878,3396,3795,4860,6036,3471,3913,6441,12093,30.389,24.776,8.50896,47.9387
31609,3149,3402,3855,3803,3340,3844,4751,5311,3499,4065,6837,7767,3387,3985,5223,5782,8.30221,17.1207,8.60391,48
31610,3548,3494,3337,3163,4385,4139,3641,3299,7951,5847,3954,3397,8281,6302,4217,3436,15.8119,-20.0849,8.88198,48.2607
31611,3126,3160,3445,3393,3253,3552,3777,3936,3362,3993,5068,5916,3462,4327,7855,10439,26.6942,18.9581,8.53844,48.0427
31612,3405,3844,4938,5221,3524,4266,7084,7357,3391,3844,5088,5409,3240,3416,3868,3934,-6.25669,15.8194,8.71134,47.886
31613,4160,5427,5550,4251,4429,6662,6925,4402,3690,4360,4459,3821,3464,3621,3618,3467,-10.6946,0.648337,8.59583,48.204
31614,3215,3313,3355,3452,3153,3417,3753,4146,3417,3867,4914,7343,3374,3869,5880,11169,20.1146,31.6033,8.56335,47.758
31615,3038,3210,3515,3442,3219,3513,3976,4247,3430,3795,5118,7926,3375,3865,5698,10263,18.3073,33.4733,8.88481,47.7533
31616,3208,3415,3633,3660,3296,3708,4441,4823,3435,4102,6596,8208,3385,3943,5820,6944,12.1452,18.2005,8.84557,48.4113
31617,3583,3438,3250,3145,3953,3911,3548,3273,6056,5175,3999,3390,10008,7688,4246,3506,24.3119,-18.4264,8.69635,48.1127
31618,8015,5315,3904,3319,9077,5392,3941,3307,4944,4132,3600,3229,3681,3522,3298,3087,-13.3153,-25.6556,8.60087,47.842
31619,3456,3460,3211,3066,4067,3802,3410,3206,6952,5016,3676,3387,11524,6131,4070,3443,22.6746,-25.9453,8.6197,47.918
31620,5389,6889,4700,3722,5480,7824,5009,3690,3868,4421,3955,3453,3517,3584,3455,3236,-13.8387,-8.27971,8.64081,48.128
31621,3093,3198,3439,3461,3233,3463,3963,4095,3382,4007,5062,6187,3334,4295,7307,10677,23.7472,20.2954,8.91056,48.1307
31622,3902,5635,9280,6097,3635,4472,5837,4776,3363,3757,3935,3753,3215,3291,3394,3383,-22.6124,8.14523,8.52216,47.8167
31623,3470,4096,5961,7704,3424,4079,6152,8019,3232,3596,4215,4695,3122,3327,3498,3545,-13.9755,19.8846,8.85104,48.09
31624,9767,5530,3765,3399,8268,5106,3836,3468,4457,3950,3674,3192,3538,3556,3171,3133,-16.9563,-29.9321,8.67267,47.8733
31625,3103,3183,3324,3548,3292,3454,3906,4112,3465,3812,5286,6501,3477,4022,7117,10533,22.4699,20.2943,8.92901,48.09
31626,4493,4756,4092,3476,5580,8060,4914,3702,4637,5795,4284,3549,3948,3960,3610,3380,-4.46345,-8.8887,8.94687,48.1573
31627,3474,3884,5075,7733,3384,3824,5428,9489,3227,3553,4180,5142,2969,3361,3745,3747,-12.1276,27.1977,8.76082,48.1433
31628,3387,3340,3181,3137,3802,3888,3617,3299,4965,5607,4404,3822,6568,9565,5667,3860,24.468,-9.03603,8.75057,48.0727
31629,3036,3289,3483,3355,3389,3596,3772,3772,3371,3914,5030,5507,3647,4605,8654,9334,29.3737,15.7214,8.8566,47.836
31630,12334,5837,3925,3395,6096,4665,3744,3430,3998,3829,3379,3170,3382,3335,3173,3200,-33.222,-29.8133,8.51546,47.2613
31631,4247,4548,3895,3510,4990,7205,5028,3779,4759,6429,4742,3664,3867,4167,3877,3436,-1.71949,-7.01263,8.71797,48.0953
31632,4994,7628,6156,4125,4796,6824,5451,4142,3724,4106,3828,3502,3395,3430,3300,3197,-16.7684,-3.78074,8.9546,48.3987
31633,3060,3338,3418,3373,3189,3442,3766,3858,3463,3742,4712,6317,3389,3917,5947,12550,26.3826,31.8198,8.78963,47.654
31634,3410,3379,3192,3101,4000,3879,3490,3259,5812,5256,3957,3622,9064,8711,4519,3554,24.784,-16.1239,8.96005,48.1367
31635,3279,3427,3448,3464,3556,4058,4226,3778,4209,6129,6709,4438,4227,5951,6598,4701,15.3818,1.75502,8.78752,48.132
31636,5784,5070,3905,3362,8331,6559,4163,3574,5482,4824,3732,3430,4019,3863,3394,3029,-7.53618,-18.6862,8.66893,48.3473
31637,4162,4046,3621,3281,5911,5613,3904,3411,7343,6818,4055,3340,4886,4596,3712,3309,3.45053,-16.4358,8.95738,48.0053
31638,6001,8842,5588,3904,5008,6500,4770,3736,3811,3909,3831,3392,3377,3400,3299,3127,-19.5072,-7.9291,8.99785,48.33
31639,3417,3915,6066,12798,3411,3729,4734,5838,3300,3344,3647,3768,3219,3241,3300,3425,-29.704,33.3187,8.94928,47.4347
31640,3081,3319,3516,3496,3260,3540,4083,4276,3481,4125,5732,6989,3452,4242,6972,8765,18.3348,18.9099,8.65581,48.2193
31641,5545,9416,6899,4195,4422,5399,4720,3880,3529,3768,3797,3455,3315,3330,3319,3197,-24.7547,-4.20164,8.99429,48.124
31642,10183,6915,4187,3432,6838,5223,4012,3442,4065,3971,3530,3177,3505,3400,3234,2961,-20.8321,-20.707,8.82496,48.05
31643,3396,3949,5538,10154,3374,3890,5030,7986,3281,3416,3928,4296,3153,3170,3377,3512,-17.9732,32.0659,8.68042,47.6333
31644,4182,3891,3494,3175,6497,4819,3664,3322,9190,5734,3873,3483,5633,4423,3660,3223,5.1772,-23.204,8.80207,48.1753
31645,3122,3364,3320,3349,3407,3640,3887,3602,3854,4398,5364,4633,4102,6259,10120,5999,31.969,6.28155,8.832,48.28
31646,3425,3785,4018,3804,3598,4437,5931,4783,3738,5019,7949,5375,3505,4046,4858,4421,4.07533,7.80446,8.77152,48.4613
31647,3100,3281,3391,3362,3244,3299,3686,3989,3409,3793,4810,6386,3321,3992,5870,12542,25.5779,31.7032,8.88129,47.65
31648,3426,3201,3176,3173,4055,3749,3452,3213,5843,5039,3865,3446,11318,7190,4062,3431,31.0857,-21.1659,8.73072,47.7593
31649,3346,3802,5070,7640,3447,3879,5232,9736,3246,3516,4143,5319,3046,3352,3528,3754,-11.4176,27.3212,8.78883,48.0373
31650,4348,5030,4276,3738,5010,7718,5562,3911,4194,5451,4633,3701,3803,3906,3838,3436,-5.54301,-5.53641,8.59871,48.37
31651,4612,4185,3652,3386,7742,5304,3821,3325,7878,5339,3800,3332,4704,4275,3572,3378,0.188998,-21.8862,8.74138,48.2033
31652,3103,3151,3321,3378,3162,3580,3787,4165,3337,3889,4886,6446,3428,4015,6251,11850,24.6808,25.8549,8.66811,47.8327
31653,3947,4362,4118,3638,4537,6672,5233,3981,4552,6372,5308,3848,3859,4230,3985,3559,-0.400332,-3.87034,8.50798,48.134
31654,3467,3701,3783,3511,3910,4976,4912,3874,4165,6696,7077,4338,4027,4710,4977,4093,6.22386,0.902435,8.67394,48.1447
31655,8963,5433,3915,3328,8947,5242,3831,3369,4702,4015,3561,3304,3654,3536,3303,3110,-14.8131,-27.4202,8.96211,48.142
31656,3580,3580,3321,3235,4287,4256,3682,3332,6256,7453,4500,3575,6096,6835,4583,3737,13.8179,-12.2966,8.93827,48.2053
31657,4858,5962,4665,3850,5173,8089,5425,3760,4145,4841,4126,3555,3591,3598,3585,3307,-10.3964,-6.35444,8.89701,48.3533
31658,3480,4323,7358,9713,3457,3952,5319,6467,3363,3547,3846,4014,3000,3155,3352,3450,-21.3854,18.8954,8.8454,47.864
31659,3158,3310,3368,3405,3193,3510,3829,4136,3336,3799,5000,7278,3395,3980,6028,11360,20.9218,26.6015,8.64966,48.0567
31660,3355,3342,3272,3173,3817,3646,3466,3313,5816,4742,3776,3297,12562,5937,3974,3398,32.389,-33.9378,8.98569,47.2573
31661,3800,5264,9389,7202,3617,4325,5756,5120,3351,3478,3806,3808,3059,3262,3449,3339,-23.1336,10.4016,8.83767,48.0167
31662,3509,3842,4107,3796,3657,4609,6399,4768,3756,4929,7411,5080,3541,4027,4667,4140,2.07983,7.17118,8.80814,48.1587
31663,3140,3293,3467,3388,3251,3500,4038,3900,3541,3938,5269,6232,3455,4347,7823,9549,22.5249,17.7646,8.7337,48.0873
31664,3419,4124,6821,11787,3461,3705,4910,6203,3168,3524,3819,3993,3119,3240,3405,3406,-26.1312,22.7814,8.70988,48.0693
31665,3653,4241,5459,4786,3653,4944,8117,5924,3481,4160,5203,4480,3369,3471,3676,3799,-7.32114,10.111,8.748,48.2773
31666,6055,4615,3795,3250,9559,5263,3754,3336,6265,4556,3656,3351,4044,3875,3390,3183,-6.11588,-26.7191,8.68592,47.9647
31667,3556,4087,4602,4228,3830,4909,7622,5197,3710,4586,6183,4665,3351,3844,3975,3846,-2.96002,7.49123,8.76425,48.1273
31668,3336,3945,5067,6518,3314,3949,6070,9054,3262,3711,4462,5410,3153,3410,3638,3816,-9.46096,21.4135,8.8144,48.0767
31669,12158,6073,3956,3376,6312,4775,3657,3463,4041,3771,3458,3183,3447,3407,3268,3174,-25.52,-31.7889,8.51187,47.6793
31670,3348,3512,3413,3275,3584,4050,4002,3623,4390,6537,5686,4102,4561,7077,6348,4442,17.116,-1.62396,8.72851,47.9667
31671,3325,3325,3294,3170,3563,3788,3642,3361,4430,5452,4801,3935,5476,9316,7090,4347,25.1222,-3.68967,8.99006,48.21
31672,3147,3329,3542,3465,3479,3752,4405,4134,3645,4410,7110,6128,3700,4703,7269,6274,15.3647,12.209,8.89923,48.328
31673,3328,3732,4158,4051,3624,4299,6272,5141,3620,4634,7353,5881,3488,3816,4632,4402,2.31565,10.863,8.66316,48.2873
31674,5977,4483,3663,3300,9659,5158,3877,3400,6578,4571,3636,3297,4183,3819,3444,3263,-5.52323,-29.9941,8.54335,48.2053
31675,3125,3486,3888,4236,3383,3748,4648,6843,3411,3771,5175,9293,3361,3502,4522,5552,4.40927,27.4953,8.58536,47.9627
31676,3647,3694,3596,3229,4297,4729,4053,3455,5336,8225,5243,3808,4899,5977,4662,3623,10.3901,-8.15247,8.86938,48.3153
31677,5760,8932,6091,3948,4802,6078,4682,3905,3762,3940,3624,3473,3281,3480,3366,3224,-21.4465,-6.56528,8.6699,48.232
31678,3430,3483,3315,3207,4020,4111,3823,3390,5589,6989,4729,3719,6110,7862,5054,3735,16.8044,-9.88338,8.90204,48.3773
31679,3288,3317,3267,3054,3943,3834,3661,3309,5430,5518,4212,3562,8011,9057,4983,3731,24.6875,-12.984,8.88324,48.118
31680,4066,5451,6333,4655,3931,5956,7321,4707,3629,4204,4494,4024,3445,3500,3570,3445,-12.6643,3.09416,8.70697,48.4873
31681,5968,4552,3741,3346,9795,5283,3647,3349,6351,4497,3586,3394,4152,3870,3436,3211,-6.32726,-28.342,8.62085,48.1187
31682,3265,3491,3914,3861,3479,3892,5265,5221,3572,4356,7494,7060,3432,3920,5223,5053,6.57373,14.472,8.61555,48.332
31683,9106,5442,3797,3304,8723,5234,3862,3328,4665,4112,3503,3235,3690,3495,3230,3118,-15.9664,-30.4725,8.68883,47.896
31684,4912,5526,4244,3556,5749,8305,4964,3835,4462,5207,4052,3363,3658,3787,3558,3222,-8.03999,-9.50081,8.88695,48.2667
31685,3204,3356,3764,3715,3215,3483,4256,5518,3320,3946,5396,9926,3271,3779,4859,6874,9.48994,32.7777,8.93688,47.9213
31686,5530,7826,5604,4040,4896,6835,5217,3801,3864,4169,3823,3503,3385,3504,3394,3135,-16.8542,-6.13828,8.67441,48.3507
31687,4914,6925,5389,4034,4833,7262,5514,4100,3814,4286,4045,3621,3400,3532,3358,3256,-14.2612,-4.62112,8.70977,48.1887
31688,3735,3619,3297,3179,5081,4492,3720,3327,8525,6530,4063,3417,6492,5460,3888,3415,10.1789,-19.1817,8.87684,48.16
31689,3146,3327,3364,3392,3217,3523,3819,3965,3295,3962,5047,5677,3467,4291,7986,10487,32.898,18.818,8.94503,47.9767
31690,3329,3988,6505,12288,3418,3730,4855,5993,3213,3421,3832,3966,3080,3211,3307,3356,-32.4932,24.4023,8.88733,47.6613
31691,6129,4807,3729,3354,9754,5226,3712,3428,5921,4479,3676,3275,3900,3799,3363,3154,-7.3337,-33.2434,8.65081,47.804
31692,3322,3752,4977,6964,3326,3736,5410,9744,3312,3564,4406,5427,3123,3404,3651,3911,-9.91346,30.2432,8.63171,48.0193
31693,3140,3415,3767,3925,3301,3672,4684,5440,3427,4094,6101,9069,3294,3761,4944,6244,8.57151,21.4772,8.70981,48.1853
31694,3121,3314,3660,3692,3349,3585,4265,4949,3478,3924,6347,8620,3529,3930,5525,7259,12.0834,19.9515,8.78085,48.3647
31695,3415,3469,3240,3136,3976,4013,3648,3405,5695,6218,4284,3652,7176,8407,4808,3735,19.8156,-12.2724,8.79286,48.1847
31696,6314,5248,3934,3399,8603,6321,4134,3408,5176,4623,3630,3311,3765,3649,3375,3119,-9.42969,-19.2838,8.79068,48.006
31697,4121,4181,3744,3421,5366,6440,4320,3667,5841,7147,4581,3552,4369,4429,3874,3453,1.90075,-11.2327,8.84334,48.3373
31698,5139,4360,3530,3201,8806,5380,3824,3338,7246,4995,3739,3257,4495,4177,3488,3216,-2.25722,-23.4232,8.79819,48.1273
31699,3241,3467,3288,3192,3729,3772,3820,3437,4718,5753,4743,3963,5710,9050,6292,4238,23.0681,-5.47448,8.56903,48.2753
31700,3153,3403,3947,4053,3215,3784,4756,6334,3390,3874,5821,8975,3307,3781,4581,5680,5.41899,22.278,8.8181,48.036
31701,3569,4044,5934,6840,3594,4102,6669,7738,3353,3702,4339,4619,3229,3393,3622,3710,-12.9701,17.3498,8.66681,48.3047
31702,3692,3780,3307,3111,5230,4323,3716,3335,9664,5136,3757,3444,7221,5052,3774,3369,10.4572,-30.721,8.69477,47.9407
31703,12670,6294,3876,3398,6024,4743,3841,3407,3940,3785,3487,3232,3323,3436,3276,3108,-31.2927,-27.142,8.9262,47.8933
31704,12433,6306,3846,3362,6399,4821,3781,3391,3945,3753,3374,3225,3422,3241,3271,3081,-26.4769,-26.7754,8.84983,47.7673
31705,3465,3871,4230,3889,3756,4893,6148,4578,3856,5223,7255,4872,3614,3995,4427,4031,1.7483,5.64904,8.83492,48.0687
31706,3445,3800,4960,7018,3382,3748,5246,9905,3394,3621,4282,5344,3183,3347,3686,3763,-10.1613,32.703,8.80756,48.0827
31707,3465,3372,3327,3275,3925,4003,3905,3418,5151,6770,4658,3725,6041,8303,5122,3900,18.1686,-8.82361,8.97216,48.24
31708,3965,3865,3529,3224,5683,5093,3800,3354,8196,6775,4049,3496,5357,4847,3792,3381,5.9594,-18.3015,8.86432,48.2707
31709,3147,3251,3473,3477,3196,3503,4003,4337,3447,3934,5635,8023,3357,4159,6236,9271,17.399,21.9996,8.75929,48.2993
31710,12052,6055,3857,3437,6633,4922,3734,3273,4083,3812,3584,3225,3340,3495,3245,3059,-24.3875,-27.8359,8.66368,47.8707
31711,4745,6702,5998,4392,4613,6646,5956,4179,3730,4147,3996,3582,3338,3468,3431,3222,-15.0685,-1.98807,8.73518,48.0967
31712,3748,5496,9106,6405,3743,4515,6064,4950,3525,3768,3909,3901,3242,3304,3460,3306,-21.4361,8.77079,8.50793,48.2947
31713,11002,6045,4006,3402,7468,5190,3800,3379,4065,3896,3482,3190,3488,3445,3279,3004,-20.4891,-25.848,8.8319,48.094
31714,3071,3191,3321,3337,3268,3377,3929,3935,3408,3778,4820,6421,3357,4015,6244,12246,25.8783,26.7306,8.85378,47.812
31715,3431,3778,4201,4018,3731,4516,6407,4703,3782,5015,7298,5087,3480,3927,4526,4203,1.91989,7.15936,8.70739,48.0687
31716,3576,4452,8318,9817,3529,3927,5011,5642,3274,3581,3794,3923,3115,3257,3414,3344,-28.4128,17.0229,8.80873,47.9827
31717,3356,3459,3718,3717,3499,3931,4843,4435,3673,4802,8116,5837,3559,4303,5863,5075,9.39481,9.90605,8.92207,48.124
31718,6851,10029,5608,3745,4806,5228,4335,3766,3730,3819,3529,3383,3332,3418,3325,3049,-32.3438,-9.43824,8.86893,47.9687
31719,3145,3463,3990,4220,3370,3769,5004,6581,3430,3997,5964,8477,3378,3648,4558,5309,4.22441,20.7559,8.66205,48.202
31720,4387,7352,9200,5212,3916,4814,5102,4326,3531,3651,3796,3572,3138,3293,3394,3282,-27.4808,2.75613,8.72072,47.9773
31721,3170,3347,3409,3481,3215,3511,3982,4188,3364,3823,5210,7532,3310,3937,6393,10503,19.4686,23.1694,8.99157,48.25
31722,3112,3362,3703,3668,3381,3787,4504,4339,3661,4548,7383,6057,3681,4426,6771,6018,13.8566,11.7262,8.63225,48.2673
31723,3456,3453,3288,3080,4215,3926,3614,3204,6653,5236,3934,3515,10239,6916,4236,3380,21.4422,-20.6622,8.81258,48.23
31724,5443,6033,4299,3619,6219,7860,4642,3645,4483,4725,3969,3424,3642,3745,3488,3274,-10.6743,-11.8755,8.75814,48.34
31725,3056,3214,3495,3624,3199,3542,4183,4565,3391,3914,5279,8674,3295,3814,5382,9051,15.4711,29.7887,8.59214,47.7853
31726,3224,3676,4446,4761,3400,4037,6421,7293,3416,3951,5791,6380,3292,3589,4195,4461,-2.02179,17.3356,8.72288,48.222
31727,3507,3462,3307,3194,4126,4075,3783,3267,6318,5953,4146,3472,8034,7610,4459,3531,18.9175,-15.5748,8.76651,48.1627
31728,4276,6226,7543,4957,4009,5479,6559,4680,3518,3903,4061,3814,3266,3317,3411,3349,-17.4602,3.0308,8.84946,48.2453
31729,3395,3995,5470,7440,3453,3839,6032,8641,3330,3621,4374,4948,3139,3249,3662,3625,-12.3335,21.3315,8.83714,48.142
31730,3915,3813,3494,3214,5163,5083,3835,3369,7192,7550,4275,3458,5331,5169,3931,3591,6.96129,-14.5715,8.89563,48.2553
31731,3116,3404,3738,3758,3289,3722,4548,5017,3444,4184,6722,8098,3441,3994,5553,6465,10.425,17.8373,8.89972,48.3287
31732,4765,8314,7746,4521,4210,5440,5139,4043,3597,3839,3794,3536,3229,3324,3384,3219,-23.1821,-0.64437,8.72531,48.0667
31733,3280,3272,3387,3282,3414,3619,3767,3737,3851,4569,5201,4663,4089,6107,9923,5901,32.3048,6.42324,8.65544,48.0413
31734,3169,3401,3462,3439,3436,3706,4106,4011,3699,4714,6844,5333,3746,5087,8030,6136,17.6096,9.80284,8.59198,48.2127
31735,3529,3535,3305,3122,4820,4064,3672,3386,9112,5287,3814,3464,8361,5350,3899,3340,13.7793,-30.5785,8.67588,48.04
31736,3358,3961,5965,11722,3461,3796,4859,6772,3213,3432,3973,4025,3111,3226,3443,3392,-23.1179,29.0811,8.52462,47.806
31737,3259,3292,3678,3744,3329,3576,4347,5553,3381,3795,5316,9863,3295,3755,4904,6743,9.22554,33.8055,8.69109,47.8867
31738,3214,3571,4117,4535,3323,3766,4948,7959,3435,3783,5089,8435,3231,3528,4193,4754,0.614054,33.8083,8.93187,47.9207
31739,3059,3390,3724,3937,3237,3737,4661,5783,3437,3856,6082,9108,3424,3854,4872,6275,7.5715,21.7132,8.82031,48.2907
31740,6592,10055,5680,3827,4736,5325,4408,3661,3808,3964,3656,3554,3383,3325,3331,3222,-32.2954,-8.53202,8.94476,48.3513
31741,11089,7554,4228,3440,5875,4951,3953,3401,3876,3804,3540,3144,3346,3384,3294,3134,-29.4444,-20.1024,8.80521,48.0087
31742,3475,3350,3331,3150,3840,3760,3411,3207,6034,4596,3765,3363,12651,5988,3804,3356,31.8808,-32.2614,8.5567,47.3873
31743,3611,4391,7853,10329,3581,3903,5126,5955,3266,3541,3811,3932,3184,3142,3407,3428,-25.3999,18.9374,8.66171,48.3067
31744,3362,3385,3217,3054,3897,3870,3491,3258,5777,5236,3995,3389,10357,8089,4398,3477,26.8238,-18.4899,8.91057,48.168
31745,3086,3309,3359,3411,3206,3438,3879,3868,3293,3884,4860,6182,3562,3869,5946,12473,26.3035,31.2324,8.80426,47.75
31746,4648,7752,7610,4640,4242,5324,5445,4253,3605,3920,3897,3539,3164,3330,3368,3317,-21.5989,0.249491,8.58978,48.036
31747,4060,3975,3712,3372,4799,5765,4272,3577,5965,7933,4721,3614,4572,4777,3995,3649,4.34072,-10.1836,8.83448,48.5053
31748,3370,3369,3239,3169,3799,3792,3535,3433,5151,5215,4221,3599,7730,9618,5145,3748,27.9415,-11.7846,8.55813,48.0887
31749,3479,3444,3301,3199,4105,4341,3734,3309,5470,7336,4723,3757,5661,7530,4906,3832,15.2344,-9.14357,8.9639,48.0847
31750,3687,3949,3502,3195,4854,5283,4000,3414,6368,7963,4558,3655,5022,5410,4073,3422,7.10491,-11.777,8.77261,48.2367
31751,3346,3375,3163,3053,3790,3742,3587,3205,5955,4683,3807,3450,12505,6186,3921,3348,31.2981,-27.2112,8.5746,47.4107
31752,11770,6854,4023,3352,5981,4927,3805,3392,3945,3786,3356,3120,3442,3410,3216,3068,-30.0473,-22.8256,8.53993,47.6313
31753,3144,3281,3348,3327,3220,3425,3780,4174,3330,3789,4865,6652,3428,4010,5958,12339,24.3802,28.092,8.8374,48.0467
31754,3069,3093,3373,3435,3299,3360,3724,3982,3329,3847,4657,6121,3289,3876,6092,12767,31.0911,27.9101,8.91126,47.542
31755,3681,5032,9642,8059,3493,4243,5302,5168,3239,3598,3833,3847,3043,3359,3338,3264,-27.4471,12.6133,8.87791,48.094
31756,3784,4330,4373,3856,4184,5996,6419,4133,4046,5739,6019,4172,3735,4107,4203,3659,-0.45268,0.597456,8.85521,48.5033
31757,4387,7749,8561,4954,4178,4866,5047,4212,3618,3793,3876,3578,3293,3347,3354,3268,-33.9398,1.23156,8.78093,48.054
31758,12067,6480,3952,3340,6058,4938,3739,3324,3949,3890,3473,3134,3355,3415,3209,3133,-33.8579,-24.169,8.68999,47.6373
31759,8019,5417,3873,3342,8825,5720,3900,3337,4904,4181,3656,3202,3596,3541,3344,3033,-13.3907,-23.5037,8.55573,47.9267
31760,4059,5508,8687,6011,3781,4650,6386,5038,3430,3696,4112,3709,3139,3304,3438,3359,-19.6335,7.85621,8.89533,48.2047
31761,7625,9460,4945,3802,5246,5807,4262,3740,3876,3851,3666,3335,3252,3468,3181,3133,-24.2065,-11.7618,8.7962,48.4327
31762,5624,9177,6486,4203,4542,5503,4743,3896,3612,3794,3728,3508,3288,3434,3285,3177,-24.658,-4.96091,8.53076,48
31763,7351,9491,5238,3716,5172,5523,4279,3549,3886,3955,3570,3445,3414,3266,3315,3077,-25.6589,-10.9982,8.83421,48.1647
31764,3487,3987,6129,11704,3392,3710,4858,6632,3231,3441,3938,4071,3173,3343,3462,3375,-23.3375,26.102,8.73965,47.9553
31765,3153,3235,3387,3376,3178,3420,3789,3829,3409,3713,4809,6110,3349,3950,6051,12744,29.0732,28.3499,8.81613,47.668
31766,4006,6383,9888,5808,3733,4560,5199,4559,3470,3649,3766,3805,3172,3266,3306,3344,-32.2338,5.76229,8.95346,47.9427
31767,3736,3794,3615,3226,4567,5235,3950,3480,5984,8100,4721,3677,4854,5478,4182,3553,7.5482,-10.6251,8.90469,48.1013
31768,4185,6338,9668,5824,3839,4412,5268,4638,3563,3691,3949,3694,3150,3242,3398,3365,-27.7074,5.96369,8.78621,48.1493
31769,3194,3539,3758,3827,3455,3854,5018,4867,3536,4483,7828,6656,3474,4086,5333,5342,7.89279,13.0419,8.86974,48.1667
31770,3589,4315,6358,5826,3604,4516,7773,6470,3446,3819,4583,4452,3193,3362,3566,3686,-11.9856,12.9138,8.54128,48.372
31771,3133,3241,3402,3453,3322,3570,3860,3918,3447,4145,5504,5581,3651,4775,8948,8192,23.4363,13.4301,8.6315,48.0947
31772,3004,3300,3448,3363,3151,3591,3780,3964,3314,3975,5096,5612,3490,4271,7550,10547,32.3435,19.1653,8.50507,47.6373
31773,10651,5957,3890,3379,7516,5146,3902,3381,4201,3912,3443,3262,3488,3567,3185,3153,-20.0178,-26.575,8.73912,48.022
31774,3116,3284,3919,4135,3277,3645,4536,6320,3322,3759,5252,9990,3303,3641,4603,6191,6.1547,28.7748,8.92771,48.1953
31775,3311,3806,5184,6978,3298,3759,5725,9348,3255,3755,4391,5464,3195,3318,3561,3775,-10.0603,23.6685,8.95511,48.082
31776,3278,3646,4323,4935,3339,3782,4895,8796,3390,3826,4906,7624,3243,3535,4115,4514,-1.56751,31.8938,8.92721,48.098
31777,3324,3466,3364,3092,3692,3986,3846,3495,4560,6258,5209,3987,5172,8185,6265,4158,18.8277,-3.88135,8.87452,48.0393
31778,4296,6900,9620,5417,3987,4681,5071,4478,3395,3581,3817,3590,3165,3283,3384,3246,-29.4757,3.81026,8.91945,47.9407
31779,3731,3891,3645,3400,4329,5423,4568,3673,4981,7963,5789,3939,4170,4923,4370,3699,5.98919,-4.86511,8.89089,48.3293
31780,3245,3402,3863,4003,3461,3937,4933,5656,3492,4012,6583,8078,3354,3815,4908,5383,5.78976,18.2497,8.54997,48.0833
31781,3541,3483,3181,3144,4382,3945,3495,3190,8101,5023,3784,3476,10301,5571,3756,3500,17.8251,-30.8189,8.99721,47.9153
31782,3451,3265,3287,3022,3805,3880,3524,3263,5231,5337,4249,3563,7923,9288,4871,3794,26.3041,-12.7649,8.67417,47.8353
31783,3206,3314,3365,3289,3453,3757,3786,3601,3936,4726,5156,4369,4328,7220,9080,5168,32.3615,2.94512,8.79613,47.836
31784,3873,5265,7139,5277,3809,5089,7328,5196,3453,4010,4282,3937,3182,3360,3508,3450,-15.0353,6.66085,8.7078,48.1053
31785,7086,5054,3761,3404,9832,5170,3864,3399,5381,4317,3594,3266,3704,3664,3321,3182,-10.3222,-32.3093,8.85847,47.9993
31786,4838,7925,7632,4529,4355,5546,5363,4172,3558,3938,3825,3507,3267,3369,3417,3152,-22.0344,-0.895315,8.82308,48.262
31787,11544,6993,4015,3428,5770,4952,3778,3452,3835,3798,3453,3228,3465,3315,3221,3144,-33.5996,-21.8376,8.93007,47.594
31788,3574,3661,3670,3437,3918,4941,4789,3812,4367,7309,6739,4197,4059,4962,4748,3877,7.18414,-1.13232,8.91337,48.04
31789,3654,4493,6800,6497,3559,4211,6950,6412,3453,3669,4449,4351,3148,3428,3621,3530,-14.3296,13.4249,8.56421,48.15
31790,3626,3829,3494,3303,4570,5220,4129,3467,5729,8264,4883,3802,4709,5486,4366,3663,7.90415,-9.25984,8.54199,48.36
31791,3431,4034,4447,4403,3649,4503,7348,5807,3461,4306,6316,5203,3326,3821,4166,4095,-2.096,11.0969,8.81457,48.2107
31792,3784,3724,3460,3213,4999,5162,3849,3471,6913,7574,4381,3508,5339,5283,4007,3420,7.24378,-13.5496,8.71638,48.058
31793,3028,3294,3623,3464,3377,3477,4040,4288,3601,4167,5995,6428,3539,4447,7506,8370,19.1349,16.3942,8.87592,48.4293
31794,3690,3687,3559,3259,4795,5015,3978,3423,6472,8034,4513,3603,5283,5679,4109,3529,8.74222,-12.2901,8.66974,48.4187
31795,3346,3732,4464,5122,3418,3900,5793,8225,3296,3800,5159,6781,3269,3495,4031,4480,-3.04623,20.5969,8.6669,48.2073
31796,3522,4109,5537,5630,3612,4286,7425,7156,3402,3738,4898,5003,3200,3377,3783,3833,-8.93982,14.701,8.80003,48.3407
31797,5919,4947,3810,3278,9192,6108,3884,3452,5768,4734,3558,3185,3943,3744,3494,3128,-6.9414,-21.3255,8.99578,48.096
31798,10190,8220,4382,3529,5509,4998,3932,3438,4008,3789,3387,3231,3414,3336,3307,3101,-30.3171,-17.718,8.85447,47.8473
31799,3357,4090,6777,11604,3407,3844,4866,6539,3190,3520,3885,3966,3128,3201,3391,3418,-24.1701,23.5932,8.68091,48.122
31800,5247,4714,3708,3283,7893,6624,4164,3439,5940,5375,3930,3405,3957,4004,3475,3175,-4.58062,-17.8174,8.94145,48.222
31801,11377,5865,3897,3398,7213,5023,3859,3444,4172,3785,3581,3224,3469,3504,3189,3130,-21.1615,-28.0217,8.86112,48.0867
31802,3592,3360,3223,3053,4234,3901,3543,3161,7393,5003,3775,3449,10920,6116,3989,3443,20.1485,-26.5347,8.73767,48.1033
31803,4176,4718,4181,3575,4801,7549,5441,3932,4341,5877,4777,3776,3821,4005,3745,3426,-3.77412,-5.19372,8.60732,48.094
31804,3311,3352,3241,3095,3950,3848,3481,3210,5880,4963,3873,3354,11057,7547,4180,3454,27.313,-19.9483,8.92074,47.864
31805,3279,3408,3860,3949,3426,3918,5163,5335,3528,4158,7448,7439,3312,3896,4814,5308,6.03525,15.3547,8.96848,48.1607
31806,3202,3349,3731,3711,3302,3736,4740,4519,3559,4585,7596,6734,3610,4192,6074,5740,11.0719,13.2305,8.91253,48.2533
31807,3876,4909,6659,4875,3904,5308,7762,4991,3526,4078,4545,3993,3344,3418,3535,3566,-12.582,6.12039,8.89734,48.1927
31808,3607,3945,3890,3670,4081,5489,5603,3951,4234,6473,6419,4263,3844,4343,4506,3857,2.70056,0.182026,8.83616,48.1167
31809,5595,4885,3814,3307,8461,6378,4010,3432,5731,4933,3784,3384,3899,3877,3354,3115,-6.8959,-19.4678,8.94977,47.9727
31810,3359,3954,6641,12245,3344,3692,4954,6063,3197,3370,3676,3977,3138,3244,3351,3456,-28.7544,24.6054,8.5001,47.774
31811,3561,4429,7714,9774,3408,4034,5440,6005,3272,3555,3810,4030,3219,3180,3374,3451,-24.0635,17.9799,8.53691,48.1707
31812,3739,3628,3322,3178,5308,4234,3612,3303,9806,5159,3740,3370,7446,4902,3772,3402,11.1468,-29.5787,8.63807,47.9473
31813,3314,3926,6546,12044,3349,3838,4813,6281,3187,3551,3827,3861,3059,3196,3424,3438,-24.9085,24.8337,8.8994,47.7693
31814,4201,4252,3848,3381,5320,6987,4503,3551,5472,6954,4439,3559,4183,4470,3835,3437,0.141795,-10.2995,8.71078,48.2613
31815,3404,3652,4622,5932,3366,3856,5237,9847,3272,3588,4506,6076,3205,3367,3894,4015,-6.3005,33.2044,8.918,47.8927
31816,3148,3344,3353,3344,3302,3406,3809,3952,3352,3712,4742,5877,3276,3915,5940,12454,32.6676,33.3231,8.56292,47.284
31817,3401,3542,3372,3139,3948,4149,3805,3508,5031,6741,4864,3775,5670,8205,5497,3956,17.5275,-7.19279,8.63714,48.402
31818,3118,3363,3870,4032,3403,3705,4574,6214,3457,3849,5158,9622,3348,3620,4661,6119,6.58782,28.2736,8.55286,48.0753
31819,3386,3282,3278,3166,3924,3899,3579,3279,5732,5157,3945,3365,10917,7380,4256,3449,27.7261,-20.3666,8.55115,47.996
31820,3118,3193,3535,3737,3251,3577,4175,4990,3387,3889,5522,9368,3316,3790,5210,7968,12.9081,25.1571,8.79455,48.0173
31821,4489,4026,3556,3228,7293,4747,3723,3410,8995,5192,3684,3278,5133,4316,3591,3300,2.52933,-31.0363,8.5099,47.974
31822,3089,3265,3403,3345,3272,3561,3942,3942,3497,3984,5308,5888,3548,4362,8043,9454,23.9121,17.2751,8.64001,47.9353
31823,4867,6610,5487,3933,4852,7466,5584,4036,3847,4397,4055,3529,3355,3594,3384,3309,-13.8502,-4.4274,8.88298,48.2033
31824,12672,6259,3921,3407,6030,4773,3864,3276,3868,3768,3269,3179,3427,3347,3262,3109,-31.1618,-26.5079,8.99077,47.6207
31825,4015,4685,4745,4003,4291,6479,6885,4305,4017,4914,5008,3969,3541,3783,3728,3538,-5.73284,0.368314,8.61632,47.9373
31826,3285,3656,4358,5061,3343,3837,5721,8317,3351,3718,5132,7411,3169,3473,4100,4516,-1.49499,22.0856,8.99626,48.2987
31827,5625,8783,6266,4161,4617,5883,4789,3830,3813,3948,3738,3441,3405,3442,3278,3244,-21.7155,-5.06076,8.65549,48.1753
31828,3259,3457,3465,3342,3616,3849,4197,3885,3965,5263,6843,4823,4014,5664,7651,5128,16.7916,4.76029,8.71481,48.2807
31829,4373,6299,5853,4350,4409,6654,6266,4255,3782,4193,4154,3638,3315,3489,3509,3271,-13.6623,-1.19061,8.58921,47.8733
31830,10630,6459,4070,3375,7105,5182,3896,3340,4239,3915,3547,3269,3383,3364,3123,3049,-20.5718,-22.7668,8.98232,47.964
31831,10518,5805,4009,3390,7761,5095,3980,3442,4330,3903,3548,3155,3472,3345,3254,3044,-18.9462,-25.9704,8.57442,48.034
31832,3253,3358,3749,4038,3292,3640,4437,6064,3379,3725,5557,9613,3317,3738,4690,6257,7.08163,25.8202,8.75073,48.0713
31833,11754,6959,4039,3320,5799,4904,3893,3406,3979,3855,3513,3249,3455,3265,3287,3079,-33.0957,-22.0542,8.83237,47.8373
31834,3378,3464,3449,3226,3777,4246,3997,3606,4598,6709,5769,4192,4616,6830,5915,4211,15.1549,-2.67066,8.90398,47.9887
31835,3405,3378,3324,3066,3971,3849,3610,3247,5375,5211,4202,3680,8122,9180,4766,3658,33.4184,-13.2956,8.62054,48.0293
31836,3352,3324,3265,3140,3682,3904,3741,3528,4396,5716,5063,3903,5272,8732,6885,4330,21.93,-3.47193,8.92096,48.1553
31837,3235,3278,3345,3267,3575,3734,3807,3533,4075,4935,5077,4259,4712,8123,8485,4904,29.2305,0.62048,8.73896,48.2293
31838,3425,3432,3445,3242,3727,4299,4004,3641,4720,7157,5916,4155,4588,6503,5686,4225,13.55,-3.00236,8.86873,48.11
31839,3449,3394,3282,3071,4015,4115,3661,3504,5609,6666,4484,3673,6652,8016,4903,3791,17.9507,-11.305,8.78246,48.19
31840,12581,5833,3913,3430,6432,4856,3763,3460,3948,3751,3328,3266,3369,3412,3164,3145,-25.3847,-32.1924,8.81776,47.7673
31841,3828,4181,4200,3808,4369,6043,6040,4334,4216,5919,5828,4201,3768,4033,4090,3718,-0.63306,-0.364814,8.68074,48.384
31842,3652,4260,4980,4603,3651,4869,8003,5725,3449,4282,5466,4696,3390,3653,3926,3793,-6.0585,9.30114,8.68604,48.2653
31843,3806,4480,4589,3933,4278,6213,7138,4490,3993,5023,5538,4108,3467,3833,3935,3609,-4.0871,2.0279,8.91787,48.2887
31844,3400,3451,3386,3289,3644,4097,3887,3499,4643,6515,5356,4045,5136,7408,6056,4234,17.4927,-3.54403,8.55987,48.0307
31845,3367,4029,6335,12451,3381,3798,4818,5961,3247,3471,3748,3962,2968,3193,3407,3458,-30.0474,26.2539,8.78165,47.7293
31846,4274,3899,3395,3169,6548,4585,3758,3231,9502,5533,3834,3433,5661,4500,3784,3319,5.39914,-24.2827,8.74803,48.2833
31847,3163,3153,3293,3395,3244,3433,3587,3840,3383,3830,4845,6094,3310,3876,6093,12667,26.784,33.6998,8.72734,47.4707
31848,4181,3813,3513,3144,6651,4656,3719,3243,9797,5153,3785,3410,5603,4472,3727,3281,5.21346,-31.5554,8.98537,48.0987
31849,4520,7478,8469,5125,4129,5019,5285,4152,3574,3797,3690,3567,3150,3294,3244,3234,-24.4502,1.75412,8.7513,47.818
31850,3199,3664,4253,4742,3308,3885,5532,7623,3293,3901,5331,7670,3256,3598,4361,4646,-0.0165834,21.3083,8.54598,48.1747
31851,3195,3421,4014,4609,3327,3691,4721,7148,3315,3794,5188,9220,3122,3736,4470,5263,3.14921,26.6163,8.53635,48.156
31852,3319,3466,3262,3171,3519,3803,3729,3445,4253,5195,4819,4115,5144,8905,7719,4543,26.2149,-2.12954,8.86184,48.2713
31853,3657,3606,3375,3230,4904,4243,3461,3156,9750,5179,3846,3441,7753,5102,3729,3247,12.3035,-32.9807,8.98017,47.786
31854,4705,8259,8254,4807,4253,4907,4955,4193,3557,3687,3737,3533,3284,3292,3307,3228,-28.4949,4.99504e-05,8.64599,47.972
31855,4652,5345,4288,3623,5438,8296,5237,3779,4360,5173,4128,3611,3624,3874,3551,3239,-7.56475,-7.69139,8.98254,48.1453
31856,3167,3254,3542,3600,3286,3465,4016,4317,3319,3786,5103,7945,3436,3864,5748,10401,18.6308,29.1646,8.67666,48.166
31857,3699,4330,4795,4169,3959,5838,7561,4889,3787,4707,5641,4328,3464,3661,3884,3559,-4.98728,4.00132,8.90795,48.1807
31858,4494,4019,3682,3308,6933,5017,3779,3369,8375,5728,3894,3397,5196,4479,3740,3290,2.64904,-21.3532,8.87788,48.4667
31859,6316,4782,3721,3360,9905,5295,3743,3345,6067,4334,3663,3353,3969,3743,3499,3154,-7.79303,-29.5535,8.61326,48.166
31860,11508,6436,3943,3358,6943,4892,3837,3348,4271,3807,3395,3202,3415,3256,3168,3041,-22.4022,-24.7445,8.61483,47.88
31861,3450,3368,3221,3075,3969,3880,3423,3195,5993,4916,3755,3420,11548,7281,4194,3383,29.7696,-21.4098,8.78413,48.0473
31862,3362,4082,6904,11424,3406,3886,4944,6319,3198,3415,3837,3972,3046,3314,3333,3415,-25.3447,22.5287,8.77451,47.9047
31863,3321,3280,3377,3277,3650,3826,3737,3427,4375,5192,4779,3974,5206,9239,7263,4235,30.9589,-2.94479,8.69191,48.1053
31864,3285,3512,3566,3729,3339,3659,4571,5025,3437,4053,6500,8342,3439,4046,5518,6459,10.4233,18.4164,8.7416,48.32
31865,3561,3630,3436,3096,4322,4549,3757,3453,6058,7758,4708,3649,5626,6521,4550,3526,12.5842,-11.1334,8.72979,48.1333
31866,3142,3214,3409,3544,3289,3479,3948,4092,3464,4041,5631,6844,3576,4280,7253,9064,19.1794,18.5086,8.92549,48.18
31867,3663,3786,3513,3154,4556,5034,4041,3459,6253,8048,4785,3648,5164,5768,4149,3529,8.77905,-11.0929,8.79336,48.3667
31868,3054,3121,3430,3395,3242,3523,3719,3930,3518,3905,5035,5912,3443,4202,7419,10845,27.8094,20.1454,8.52701,47.7953
31869,3418,3691,4551,5680,3395,3882,5603,9123,3355,3751,4778,6426,3138,3359,3945,4275,-5.1957,23.8516,8.53367,48.2467
31870,3226,3344,3411,3316,3575,3685,3723,3597,3849,4699,5222,4391,4336,7109,9186,5246,31.5027,3.26836,8.50291,47.9433
31871,3508,4441,8478,9656,3381,3969,5086,5596,3145,3664,3817,3967,3112,3248,3455,3368,-32.6501,16.3927,8.9531,47.9273
31872,8000,5400,3863,3323,9334,5430,3873,3326,4994,4177,3501,3222,3703,3568,3409,3073,-12.9425,-25.6494,8.85167,48.1307
31873,3530,3754,4511,4287,3531,4545,7031,5620,3505,4322,6645,5294,3416,3803,4174,4094,-1.434,11.084,8.61416,48.0413
31874,10535,5756,3857,3403,7853,4912,3844,3367,4289,3951,3519,3174,3508,3527,3103,3129,-18.607,-29.4248,8.71873,47.818
31875,3422,3445,3278,3189,3871,3850,3555,3314,6018,5528,4097,3542,9159,8078,4478,3382,22.3548,-16.5382,8.62125,48.1373
31876,3518,3306,3316,3130,3900,3790,3488,3407,5593,5049,3986,3413,10247,7985,4218,3381,32.4214,-18.2726,8.7667,47.818
31877,4668,6918,5966,4210,4543,6870,5960,4120,3727,4217,3918,3681,3389,3495,3401,3329,-14.8761,-2.26499,8.82207,48.2747
31878,3818,5748,9305,5990,3801,4623,6060,4981,3376,3658,3886,3756,3209,3289,3401,3217,-21.7982,7.71176,8.99969,48.0787
31879,3054,3284,3463,3537,3187,3559,4046,4405,3431,3965,5477,7803,3340,4064,6135,9384,17.8002,22.7633,8.55933,48.0893
31880,3331,3262,3302,3006,3986,3719,3565,3215,5825,5037,4000,3511,10363,7998,4303,3457,26.2075,-18.5621,8.8089,47.92
31881,6338,9887,5889,4028,4683,5346,4416,3715,3804,3921,3543,3332,3176,3480,3321,3138,-26.6757,-7.90466,8.91603,48.0113
31882,3525,3340,3196,3108,3913,3848,3580,3225,5977,4951,3868,3390,11652,6936,4028,3430,32.469,-21.9238,8.82385,47.978
31883,3315,3858,4536,4624,3447,4250,6587,6596,3425,4057,6163,6201,3355,3613,4199,4382,-1.18946,15.0924,8.62458,48.4053
31884,3293,3271,3292,3195,3617,3836,3690,3545,4171,5114,4929,4158,4872,8448,7964,4854,26.8166,-0.578774,8.73617,48.166
31885,3282,3977,5352,7246,3517,3815,5854,9147,3330,3644,4265,5012,3109,3484,3734,3541,-11.6924,22.4843,8.60057,48.206
31886,3153,3302,3511,3451,3468,3634,3776,3669,3886,4616,5009,4475,4260,6810,9410,5403,31.8396,4.0011,8.78003,47.8887
31887,3417,3950,5904,9160,3389,3766,5481,8263,3277,3551,3987,4392,3028,3376,3514,3560,-16.2595,23.5672,8.5919,48.01
31888,4265,4783,4259,3681,5012,7886,5362,3819,4513,6007,4562,3749,3722,3919,3684,3395,-4.14226,-6.43497,8.98027,48.412
31889,3323,3399,3267,3202,3952,3697,3380,3328,5978,4699,3642,3412,12491,6072,3862,3506,31.4906,-33.3677,8.84985,47.4733
31890,7455,5265,3878,3395,9493,5627,3830,3409,5157,4245,3550,3296,3752,3654,3364,3147,-11.7046,-24.5086,8.57926,48.3447
31891,3481,4434,8058,9485,3452,4103,5320,5876,3207,3521,3761,3903,3089,3289,3410,3418,-24.1329,17.2049,8.52327,47.8713
31892,3388,3451,3295,3147,3906,3828,3511,3208,5866,5146,3825,3483,9977,8021,4445,3508,26.4983,-17.9478,8.51273,48.0033
31893,4238,3852,3511,3112,6687,4478,3632,3303,9603,5192,3718,3324,5787,4597,3740,3376,5.43523,-29.4376,8.88229,48.1
31894,3307,3368,3251,3054,3900,3893,3609,3308,5552,5675,4204,3519,8234,8907,4811,3660,22.931,-13.5477,8.92941,48.168
31895,3377,4019,6305,12262,3283,3767,4778,6548,3068,3482,3751,3987,3043,3226,3261,3416,-25.4515,25.9358,8.91927,47.7153
31896,6440,10233,5752,3927,4628,5238,4351,3775,3779,3843,3522,3354,3295,3345,3386,3218,-31.0866,-8.10405,8.94871,48.0573
31897,6417,6311,4266,3516,7063,7189,4355,3491,4511,4378,3500,3425,3710,3472,3397,3166,-13.1655,-15.0018,8.80238,48.1113
31898,3474,3510,3358,3143,4153,3977,3759,3319,6247,6403,4212,3573,7744,7393,4526,3663,17.927,-14.7805,8.64179,48.3027
31899,3390,3267,3260,3219,3906,3846,3407,3190,5731,4725,3957,3553,11523,7046,4028,3415,31.3274,-21.8212,8.71463,47.642
31900,3242,3301,3446,3400,3308,3406,3772,3944,3463,3806,4959,5675,3345,4284,7378,11121,31.9899,20.3486,8.58872,47.9
31901,7373,9741,5239,3727,4967,5282,4285,3566,3876,3863,3621,3285,3334,3378,3221,3150,-31.2982,-10.8928,8.59043,47.9387
31902,3358,3438,3270,3205,3910,4013,3749,3404,5002,6359,4665,3802,6066,8305,5551,3960,19.3711,-7.7995,8.50363,48.038
31903,3220,3589,4276,4682,3332,3863,5610,7564,3348,3934,5706,7333,3160,3539,4257,4812,0.0749974,20.0837,8.68291,48.15
31904,3379,3995,5264,6241,3421,4102,6812,8161,3413,3879,4645,5154,3212,3402,3711,3926,-9.42728,17.671,8.85841,48.478
31905,9196,7365,4228,3432,6649,5690,4063,3466,4110,3892,3637,3239,3441,3467,3217,3134,-19.9607,-18.4123,8.80318,48.1507
31906,9545,5515,3745,3457,8579,5211,3884,3340,4464,4061,3468,3202,3701,3561,3228,3173,-16.3959,-27.3042,8.602,48.0893
31907,3200,3521,4206,4698,3394,3706,5124,8063,3357,3762,5316,8183,3209,3574,4151,4772,0.415894,24.3086,8.95678,48.1573
31908,6129,4561,3653,3308,9670,5518,3874,3388,6179,4477,3661,3325,4098,3844,3386,3152,-6.96673,-25.7641,8.53263,48.1487
31909,3938,4013,3583,3359,5617,5425,3887,3360,7268,6869,4193,3481,5030,4707,3941,3429,4.5327,-15.9664,8.62943,48.0667
31910,5059,8193,7469,4546,4237,5394,5281,4137,3567,3837,3845,3521,3166,3338,3291,3266,-22.4789,-1.09057,8.65062,48.098
31911,4281,4352,3758,3513,5739,6780,4361,3591,5629,6785,4492,3576,4293,4346,3667,3318,-0.306512,-11.4712,8.60749,48.3207
31912,3802,4894,8981,7274,3542,4409,6051,5453,3223,3581,3926,3988,3086,3353,3417,3331,-21.0519,11.8969,8.86679,48.2073
31913,3161,3229,3410,3341,3330,3683,3896,3688,3862,4501,5478,4932,3971,5797,9701,6396,24.9736,8.19594,8.69994,48.2507
31914,3479,3730,4995,5513,3471,4232,6820,7779,3359,3898,5005,5326,3258,3526,3802,4054,-6.817,16.6105,8.54201,48.1647
31915,3412,4052,6270,9900,3347,3828,5273,7467,3170,3556,3998,4413,3064,3319,3444,3485,-19.3268,22.6073,8.53815,47.9987
31916,3583,3498,3365,3101,4238,4212,3624,3367,6322,6788,4231,3574,6933,7171,4524,3539,16.1606,-13.7717,8.87214,48.0467
31917,3233,3436,3778,3950,3325,3809,4958,5431,3392,4098,6738,7932,3449,3948,5384,5712,7.80707,17.361,8.75813,48.382
31918,9935,5502,3885,3381,8280,5096,3854,3361,4383,4075,3606,3186,3504,3359,3282,3139,-17.2996,-33.3935,8.75682,47.8853
31919,3290,3368,3224,3044,4180,3968,3492,3191,7224,4964,3913,3387,10906,6347,4020,3429,20.9183,-25.3784,8.64088,47.9647
31920,3074,3142,3431,3430,3138,3521,3804,4218,3393,3902,5066,7513,3303,3972,6026,10893,20.0269,25.6903,8.94961,47.884
31921,3609,3563,3448,3177,4229,4605,3918,3423,5727,7769,4992,3776,5491,6541,4552,3720,12.356,-9.19107,8.52176,48.36
31922,3247,3860,5705,9302,3407,3913,5296,8385,3214,3475,4111,4578,3144,3286,3434,3644,-16.2062,26.0075,8.56559,48.0007
31923,3860,3825,3436,3173,5301,4811,3834,3274,8091,6705,4196,3490,5880,5204,3865,3477,8.40264,-17.9013,8.72298,48.2813
31924,7938,6318,4168,3341,7742,6064,3986,3492,4514,4178,3603,3259,3493,3479,3307,3157,-15.5146,-19.1353,8.882,48.026
31925,3281,3489,3925,3910,3395,4111,5402,5056,3547,4404,7711,6545,3475,4108,5123,4934,6.32555,12.5702,8.54131,48.2773
31926,3380,3485,3214,3008,3936,3889,3569,3338,5770,5565,4046,3447,8747,8644,4666,3643,23.6566,-14.9928,8.65197,48.2313
31927,3205,3251,3443,3438,3283,3538,3896,4186,3305,3856,4959,7388,3374,3936,5877,10964,20.6177,27.8238,8.51332,47.9327
31928,3203,3615,4279,5002,3344,3762,5037,8728,3363,3733,4976,7882,3197,3503,4034,4646,-1.34217,25.7004,8.94356,48.2027
31929,3133,3225,3315,3269,3262,3495,3801,3783,3545,3990,5102,5198,3677,4678,9068,9180,30.8034,15.0206,8.91543,47.814
31930,3543,4720,9464,8375,3488,4194,5279,5365,3193,3603,3821,3929,3212,3247,3337,3474,-33.8272,13.6503,8.93705,48.1627
31931,4629,7213,6957,4491,4291,6085,5773,4093,3643,3900,3976,3595,3338,3423,3335,3278,-18.1164,-0.838334,8.92808,48.0133
31932,3443,3378,3296,3053,3863,3811,3541,3425,4999,5405,4203,3719,7075,9642,5283,3880,25.9052,-10.4474,8.50482,48.0107
31933,3537,3550,3208,3092,4618,4057,3412,3289,8821,5302,3998,3321,9116,5477,3750,3442,15.5585,-29.1165,8.71795,47.9933
31934,3838,3728,3321,3180,5650,4375,3721,3260,9808,5135,3863,3355,6607,4916,3785,3357,8.73471,-32.7617,8.628,47.9327
31935,7445,4900,3734,3338,9786,5380,3770,3355,5288,4299,3566,3324,3767,3639,3316,3129,-10.8934,-30.529,8.8735,48.024
31936,3481,3351,3186,3115,4074,3939,3389,3233,6340,4847,3701,3440,12027,6116,3964,3520,24.6015,-33.0513,8.53117,47.8153
31937,3378,3410,3220,3207,3857,3874,3467,3264,6135,4820,3720,3396,12615,5982,3944,3358,29.2931,-30.2579,8.64481,47.7647
31938,3098,3365,3616,3652,3391,3780,4727,4484,3523,4683,7721,6406,3639,4246,5973,5594,11.1,11.8547,8.8426,47.932
31939,11159,5895,3885,3340,7445,4797,3741,3434,4243,3884,3493,3170,3386,3401,3239,3161,-20.5871,-29.0016,8.75233,47.782
31940,4956,4543,3822,3440,7315,6945,4088,3463,5871,5480,3867,3376,4164,4020,3634,3313,-3.52194,-16.1728,8.90063,48.198
31941,4914,8039,7310,4546,4286,5679,5338,4063,3674,3772,3774,3653,3304,3436,3394,3311,-21.8686,-1.23712,8.75278,48.3287
31942,3899,4017,3573,3402,4771,5750,4235,3541,5759,8083,4737,3676,4663,4902,4143,3564,5.16858,-9.89587,8.78059,48.4767
31943,4926,7858,7641,4649,4263,5588,5305,4157,3590,3847,3788,3554,3329,3377,3320,3239,-22.152,-0.965899,8.64703,48.2873
31944,3886,5304,9812,7001,3691,4317,5229,4943,3373,3555,3813,3823,3130,3301,3363,3381,-31.0645,9.84449,8.52306,47.948
31945,3438,3642,3303,3103,4165,4294,3733,3218,6212,7081,4420,3641,6478,7134,4614,3666,15.2425,-12.5529,8.81784,48.0947
31946,3221,3375,3894,3985,3401,3903,5125,5191,3525,4200,7209,7530,3551,3963,5041,5205,6.89062,15.2771,8.7856,48.2127
31947,3128,3194,3325,3327,3192,3565,3830,3877,3458,4065,5177,5388,3481,4552,8706,9280,28.3335,15.9279,8.66658,47.6967
31948,3263,3307,3366,3291,3442,3645,3811,3748,3925,4729,5513,4447,4176,6680,9582,5640,26.3212,4.7791,8.99084,48.3767
31949,4560,5015,4041,3607,5593,8199,4841,3797,4721,5738,4219,3639,3927,3857,3627,3377,-5.43804,-9.61932,8.95733,48.5053
31950,3340,3266,3305,3163,3700,3887,3730,3505,4433,5115,4562,4051,5384,9316,6641,4243,32.6146,-4.21592,8.62473,47.7607
31951,3360,3782,5862,12865,3408,3709,4746,5927,3259,3362,3680,3909,3193,3209,3334,3472,-32.192,31.1958,8.93303,47.3847
31952,3417,3349,3219,3152,4094,3877,3505,3221,6940,5028,3765,3401,11385,6023,3804,3468,22.0037,-32.4405,8.67235,47.7653
31953,4042,4493,4086,3595,4693,6741,5527,3957,4467,6195,5120,3833,3799,4158,3895,3560,-1.46503,-3.9625,8.57153,48.1073
31954,4655,7707,7813,4730,4239,5330,5323,4302,3624,3845,3874,3606,3290,3382,3353,3199,-21.7803,0.242384,8.56295,48.1813
31955,3150,3261,3379,3410,3368,3516,3828,3753,3704,4373,5218,4901,3779,5528,9821,6736,33.5416,9.39475,8.55063,47.8167
31956,3409,3899,4802,6036,3434,4036,6062,8885,3330,3723,4708,5838,3109,3481,3737,4029,-7.16142,20.9545,8.67308,48.3453
31957,3423,3959,6790,12316,3352,3763,4756,5968,3178,3554,3811,3911,3075,3152,3394,3374,-28.6659,23.9453,8.8403,47.8507
31958,3887,4981,7238,5549,3742,5026,7319,5579,3560,3850,4354,4032,3237,3249,3552,3464,-14.4788,8.48996,8.70461,48.4127
31959,3311,3855,5060,6968,3456,3822,5817,9505,3167,3679,4283,5349,3237,3365,3598,3886,-10.3783,23.3625,8.89945,48.2387
31960,3125,3241,3490,3480,3375,3542,4183,4159,3469,4159,6242,6794,3464,4247,7103,7991,17.0864,16.5063,8.75872,48.0427
31961,3183,3400,3411,3203,3517,3723,3989,3743,3757,5022,6356,4810,4069,5780,8522,5656,19.4655,6.27004,8.75346,48.094
31962,3133,3274,3284,3401,3283,3406,3857,4024,3329,3826,4914,5814,3423,4085,7168,11418,32.8557,20.7742,8.95516,47.7593
31963,4321,3909,3448,3296,6931,4745,3728,3384,9363,5005,3757,3430,5366,4499,3664,3348,4.03218,-31.8101,8.57918,48.1293
31964,3583,3442,3347,3112,4686,4070,3534,3193,9143,5180,3860,3279,8897,5394,3833,3335,14.7773,-29.3081,8.60524,47.9253
31965,4153,3956,3499,3193,6413,5029,3761,3351,8207,6199,3964,3465,5333,4634,3708,3354,4.4599,-20.0737,8.64412,48.146
31966,3129,3230,3519,3692,3180,3544,4063,4633,3375,3869,5343,8931,3319,3922,5500,8851,14.5682,25.444,8.76656,48.0667
31967,3503,3695,4443,4533,3533,4263,6773,6222,3452,4213,6055,5776,3327,3749,4303,4245,-1.49891,13.7491,8.52149,48.0567
31968,3443,3672,4081,3994,3474,4204,5818,4904,3630,4534,7773,5981,3446,3956,4901,4510,4.09443,11.0433,8.55036,48.214
31969,3415,3462,3272,3087,3861,3804,3426,3260,5655,5096,3916,3473,10472,7953,4254,3427,31.1185,-18.3808,8.59519,47.8887
31970,3897,4185,3699,3350,4981,6363,4503,3557,5530,7352,4664,3772,4311,4540,3951,3497,2.1102,-9.67061,8.71361,48.1013
31971,3353,3344,3179,3111,3983,3997,3565,3308,5397,5694,4381,3578,7677,9115,4965,3698,23.5693,-12.1723,8.53204,48.23
31972,3353,3903,5604,10936,3433,3749,4987,7872,3308,3442,3901,4221,3072,3345,3370,3305,-19.5163,31.845,8.94578,47.8673
31973,3813,4153,3908,3519,4923,6840,4858,3774,4963,7028,4913,3737,4085,4473,4013,3603,0.528455,-6.80458,8.73873,48.402
31974,3610,5192,10000,7585,3584,4217,5099,4923,3308,3592,3739,3748,3241,3239,3394,3451,-30.9023,11.1665,8.74809,47.948
31975,6744,6485,4306,3562,6990,6824,4275,3545,4404,4346,3646,3355,3616,3624,3379,3051,-13.8897,-15.4025,8.70073,48.1013
31976,3260,3842,5267,8246,3417,3830,5224,9375,3280,3586,3966,4833,3106,3305,3589,3723,-13.1989,33.2231,8.7611,47.8993
31977,7652,5173,3827,3344,9608,5142,3808,3474,5046,4105,3647,3311,3780,3605,3279,3179,-12.06,-31.1509,8.56068,47.9867
31978,3286,3582,4414,5178,3318,3776,5083,9184,3411,3690,4716,7312,3345,3365,4011,4462,-2.86593,31.4714,8.56006,48.0887
31979,3589,3433,3163,3097,3865,3807,3515,3250,5508,5163,4027,3507,9412,8414,4524,3562,30.1371,-16.1435,8.54624,47.8907
31980,3477,3399,3186,3116,4043,3997,3540,3226,6294,5981,4220,3457,8032,8023,4535,3632,19.4393,-14.9448,8.945,48.1053
31981,3569,4204,5802,5668,3652,4336,7637,6914,3367,3711,4807,4709,3161,3399,3753,3671,-10.0339,13.7698,8.79225,48.24
31982,3203,3276,3301,3187,3515,3678,3798,3584,4117,4846,4983,4323,4619,7774,8925,4939,28.2126,1.62271,8.98814,48.0453
31983,3235,3274,3388,3341,3269,3564,3839,3793,3662,4378,5179,4790,3806,5553,10087,6867,33.1952,9.31202,8.98023,48.0167
31984,8731,9430,4748,3540,5270,5176,4096,3467,3795,3825,3449,3255,3401,3445,3238,3157,-30.4383,-14.27,8.95185,48.0153
31985,4848,4082,3549,3248,8095,4927,3794,3328,8209,5031,3763,3381,4821,4220,3626,3318,0.236095,-26.1467,8.59279,48.16
31986,4822,4164,3507,3222,8386,4920,3705,3428,8094,4900,3756,3326,4562,4076,3518,3307,-0.555827,-32.941,8.84806,47.7953
31987,3222,3411,3819,4096,3269,3601,4553,6249,3375,3885,5335,9755,3318,3633,4622,6096,6.88582,27.5044,8.58718,48.1593
31988,3495,3507,3243,3134,4354,3984,3512,3231,8082,5065,3845,3350,10255,5555,3847,3478,17.7672,-32.9545,8.87211,47.958
31989,3217,3257,3419,3324,3534,3740,3941,3666,3963,4853,5815,4716,4107,6293,9011,5815,22.3988,5.70761,8.62073,48.4473
31990,5030,4268,3543,3329,8655,4996,3727,3379,7716,4779,3796,3304,4651,4143,3473,3156,-1.70246,-32.7237,8.57494,47.9633
31991,3433,4066,6265,9686,3470,3829,5486,7604,3294,3477,3943,4330,3062,3269,3443,3528,-18.2849,22.0307,8.89614,48.1233
31992,3654,4986,9351,8237,3535,4032,5215,5089,3322,3613,3685,3842,3089,3246,3367,3361,-28.7309,13.0106,8.8977,47.7493
31993,5481,9164,7253,4328,4406,5084,4743,3922,3656,3851,3684,3444,3305,3400,3283,3210,-28.5837,-3.42543,8.86131,48.1427
31994,3326,3828,5863,12750,3413,3775,4654,5943,3306,3391,3807,3955,3216,3337,3277,3425,-31.3858,30.3717,8.88814,47.5107
31995,3467,3401,3199,3072,4034,3826,3525,3295,7014,4967,3901,3271,11501,5965,3892,3396,21.8339,-27.1533,8.80447,47.8173
31996,9690,5344,3880,3274,8549,5243,3790,3392,4549,4081,3566,3139,3502,3519,3228,3139,-16.1014,-29.9708,8.81243,47.9233
31997,3245,3239,3296,3334,3321,3497,3737,3814,3401,3799,4669,6035,3286,3896,6082,12781,29.3362,32.6057,8.94617,47.6213
31998,7356,7416,4483,3652,6346,6339,4196,3601,4157,4055,3705,3306,3405,3436,3332,3216,-18.0444,-14.5683,8.7141,48.0007
31999,3693,3798,3441,3143,4481,4770,3924,3488,6481,7822,4559,3621,5296,5575,4139,3480,9.21097,-12.4572,8.5773,47.8073
32000,3239,3358,3685,3888,3275,3550,4387,5519,3286,3847,5140,9848,3364,3739,4970,7034,9.6196,31.58,8.72663,48.086
32001,3362,3312,3270,3143,3686,3722,3687,3422,4563,5241,4726,3953,5931,9503,6516,4048,32.2681,-5.55677,8.65029,48.0567
32002,3571,3936,3946,3714,3913,5209,5717,4091,4174,6222,6848,4326,3723,4352,4584,3924,3.13581,1.34691,8.99013,48.1667
32003,3214,3502,3464,3366,3699,4248,4226,3771,4268,6273,6699,4388,4278,6158,6457,4494,14.3255,1.02365,8.97501,48.3367
32004,3494,3534,3319,3061,4406,4049,3519,3273,7559,5439,3932,3432,9732,6322,3999,3494,18.377,-22.312,8.64631,48.376
32005,3265,3465,3783,4062,3290,3719,4880,5727,3383,3992,6326,8400,3433,3917,4809,5648,6.73465,19.5839,8.52098,48.066
32006,3044,3272,3446,3486,3233,3397,4046,4153,3434,3961,5489,7056,3489,4194,6755,9726,20.1653,20.1484,8.76511,48.1207
32007,3332,3344,3409,3166,3595,3735,3656,3515,4593,5311,4435,3809,6172,9767,6240,3959,30.2833,-6.99139,8.66526,48.0253
32008,5302,8853,6748,4265,4518,5822,5047,3855,3643,3908,3687,3472,3225,3308,3296,3152,-22.181,-3.60544,8.87514,48.0673
32009,3228,3225,3322,3446,3285,3478,3805,4088,3407,3901,4828,6909,3288,3879,5866,11540,21.7071,30.7125,8.55826,47.6633
32010,3539,4311,6980,8624,3360,4094,5809,7012,3198,3621,4055,4257,3131,3274,3492,3423,-17.9469,18.0451,8.87442,48.12
32011,3300,3453,3399,3356,3881,4234,3997,3632,4515,6733,6078,4104,4684,6644,5948,4249,14.9314,-1.87131,8.88043,48.138
32012,4138,6053,8836,5558,3957,4885,6236,4725,3514,3562,3863,3793,3126,3298,3290,3264,-20.2211,5.78915,8.93148,48.0653
32013,4031,3902,3479,3210,5612,5268,3881,3428,7744,6824,4114,3507,5210,4907,3928,3459,5.6734,-16.6825,8.69514,48.336
32014,3293,3463,3349,3175,3664,3928,3801,3421,4575,6038,5254,3943,5219,8438,6613,4339,20.7693,-3.49929,8.9151,48.342
32015,3260,3314,3554,3501,3355,3693,4236,4013,3653,4602,6742,5834,3757,4782,7697,6544,17.2507,11.839,8.59792,48.358
32016,3678,4852,7915,6464,3619,4497,6859,5792,3355,3688,4095,4074,3119,3222,3564,3532,-17.2525,11.2575,8.82308,48.2167
32017,8031,9450,5014,3741,5198,5353,4266,3581,3887,3748,3738,3357,3393,3334,3192,3141,-27.8832,-12.7483,8.73473,48.2827
32018,9927,5558,3948,3301,8220,5062,3725,3292,4477,4041,3521,3182,3496,3341,3142,3237,-17.2715,-27.7433,8.97776,47.6467
32019,3873,3722,3492,3277,5056,4884,3807,3357,7324,7449,4165,3558,5460,5469,4073,3473,8.39604,-14.9962,8.83474,48.2927
32020,9990,6837,4076,3482,7072,5478,3926,3350,4187,3964,3575,3220,3473,3352,3262,3121,-19.5063,-20.3674,8.94541,48.2433
32021,4158,4963,4843,3928,4398,7227,6671,4107,3937,4947,4729,3926,3512,3798,3767,3566,-6.89293,-1.1762,8.91851,48.318
32022,3495,3947,6163,12455,3297,3774,4790,6300,3217,3507,3845,3912,3104,3239,3367,3400,-26.2371,27.0234,8.80771,47.8747
32023,3394,4027,6315,11788,3382,3849,4964,6329,3272,3549,3843,4016,3012,3099,3352,3510,-25.8937,24.4871,8.56943,47.8007
32024,3332,3446,3868,3755,3459,3929,5134,4689,3622,4559,7866,6257,3537,4095,5394,5145,7.95317,11.9556,8.77042,48.058
32025,3371,3219,3311,3214,3592,3789,3789,3470,4155,4900,4942,4271,4681,7982,8394,4821,32.9655,0.612829,8.56461,47.934
32026,3447,3463,3284,3129,4199,3971,3463,3172,6904,5478,4043,3378,9666,6859,4109,3634,20.2662,-20.1618,8.7495,48.1327
32027,3689,3636,3256,3133,4821,4168,3603,3154,8974,5309,3946,3298,8527,5490,3896,3459,14.1435,-25.8139,8.88167,48.2393
32028,3626,3606,3337,3095,4549,4320,3606,3383,7809,6440,4008,3543,7266,6092,4105,3450,13.831,-18.2481,8.76629,48.1567
32029,3296,3405,3186,3170,3750,4075,3667,3582,5027,6383,4759,3927,5862,8382,5601,3956,19.072,-6.87405,8.68271,48.0187
32030,3550,4207,6411,7380,3495,4022,6540,7328,3220,3672,4255,4442,3207,3269,3500,3604,-14.7359,17.6268,8.57216,48.068
32031,3784,3613,3337,3063,5102,4158,3574,3253,9547,5405,3788,3390,7787,5119,3939,3216,12.0253,-26.8262,8.60499,48.05
32032,3408,3456,3292,3224,3668,3823,3570,3380,4790,5187,4378,3847,6421,9886,5783,3865,33.1988,-7.95011,8.84786,47.9853
32033,3168,3274,3316,3358,3450,3685,3966,3736,3864,4661,5878,4729,4127,6040,9389,5864,22.3698,6.55082,8.9558,48.3367
32034,11327,6829,4164,3410,6426,5134,3904,3346,4021,3885,3611,3147,3441,3374,3167,3180,-24.5209,-22.2923,8.64465,48.244
32035,3414,3361,3245,3135,3993,3828,3416,3213,6576,4822,3917,3428,11565,6643,4047,3353,24.1186,-23.2062,8.99766,47.9707
32036,3610,4774,9055,8659,3468,4177,5295,5407,3330,3488,3854,3950,3192,3157,3310,3339,-28.7792,14.6989,8.5295,48.0433
32037,3232,3489,3687,3534,3547,3935,4900,4371,3806,5156,8158,5692,3648,4444,5791,4914,9.46396,8.40576,8.73197,48.2027
32038,3541,3831,3991,3769,3830,5162,5554,4170,4048,5972,7125,4589,3858,4408,4693,3949,4.09109,2.43512,8.50365,48.3267
32039,3368,3871,5254,7116,3387,3992,5875,9016,3347,3691,4371,5077,3138,3426,3665,3772,-11.0692,21.8509,8.71761,48.244
32040,3249,3281,3423,3259,3506,3848,3932,3723,4154,5243,5773,4421,4441,7319,8125,4929,21.2492,1.6823,8.90227,48.4173
32041,3443,3711,4236,4114,3614,4768,6834,4893,3715,4841,6836,5092,3651,3990,4391,4115,0.244591,8.31762,8.65861,48.1627
32042,3462,3384,3308,3052,3951,3892,3586,3279,5206,5325,4145,3495,8260,9270,4957,3709,28.7706,-13.4274,8.50817,48.1873
32043,8229,9288,4907,3700,5206,5298,4297,3401,3853,3877,3496,3307,3428,3375,3225,3123,-28.7237,-13.3731,8.55378,48.0067
32044,3439,4119,6312,7612,3534,4109,6365,7421,3360,3582,4335,4456,3091,3279,3601,3554,-14.9438,17.7365,8.86679,48.1127
32045,3131,3246,3375,3480,3315,3519,3964,4426,3426,3821,5189,8341,3381,3985,5557,9894,17.462,32.847,8.81371,48.0333
32046,3242,3635,4226,4559,3377,3922,5949,7412,3357,3890,5793,7082,3301,3587,4193,4556,-0.434956,18.5268,8.80283,48.054
32047,3537,4323,8481,9574,3438,3968,5177,5606,3215,3478,3799,3935,3221,3184,3314,3320,-33.3741,16.7215,8.91711,47.7133
32048,3159,3553,4006,4195,3359,3873,5443,6305,3367,4052,6627,7698,3307,3893,4584,4908,3.40159,17.8222,8.87599,48.2193
32049,6255,9193,5663,3917,4853,6064,4647,3772,3797,3897,3649,3372,3350,3387,3282,3107,-22.2921,-8.12921,8.56686,48.1367
32050,3293,3621,4358,4881,3422,3793,5482,7736,3449,3815,5221,7717,3281,3498,4163,4734,-0.164737,22.2139,8.98999,48.3093
32051,3505,3439,3325,3333,4116,4212,3664,3497,5811,7089,4641,3622,6237,7367,4645,3765,15.9721,-11.0913,8.912,48.1787
32052,3051,3234,3389,3402,3403,3534,3870,3939,3467,4118,5667,6115,3584,4524,7878,9032,21.5821,17.2257,8.6056,48.138
32053,3385,3406,3198,3166,3886,3930,3614,3269,5420,5615,4154,3692,7979,9291,5022,3741,24.1746,-12.9807,8.92603,48.512
32054,6914,9847,5566,3772,4934,5081,4298,3632,3739,3944,3647,3265,3276,3353,3352,3111,-31.9942,-9.49131,8.71601,47.8207
32055,3213,3540,4188,4934,3272,3770,5255,8653,3282,3744,4947,7894,3212,3520,4035,4584,-1.44204,25.721,8.92068,48.0287
32056,4670,4005,3619,3283,8068,4726,3594,3382,8699,4941,3677,3317,4945,4258,3609,3307,1.10543,-29.098,8.80238,48.0667
32057,3659,3655,3384,3096,4353,4566,3714,3519,6642,7348,4481,3528,6018,6372,4443,3634,12.6617,-13.0821,8.67745,48.2747
32058,7876,9235,4962,3692,5141,5221,4285,3562,3905,3783,3543,3373,3282,3405,3201,3147,-33.0476,-12.3133,8.58349,47.742
32059,3496,3497,3342,3142,4351,4107,3615,3329,7598,5860,4087,3481,8502,6657,4039,3437,16.794,-19.2899,8.73786,48.36
32060,3522,3408,3363,3086,4560,4156,3603,3244,7978,6190,4017,3503,7985,6099,4065,3417,14.8831,-19.6498,8.79863,48.1307
32061,3575,3725,3714,3439,3904,4762,4650,3858,4487,7196,6717,4418,4242,5083,4983,4015,8.25826,-0.938867,8.90689,48.512
32062,3540,3583,3362,3070,4321,4354,3634,3415,6591,6842,4226,3381,6916,7082,4343,3590,15.1762,-14.3381,8.59279,48.1667
32063,3042,3281,3477,3502,3306,3625,4127,4176,3523,4092,5940,6534,3551,4421,7288,8375,18.8129,16.5636,8.61194,48.1733
32064,4204,5619,7155,4977,4007,5595,7245,4731,3488,4023,4205,3722,3236,3468,3580,3387,-15.259,4.25442,8.97021,48.428
32065,3599,4455,7235,8972,3444,4026,5928,6599,3302,3634,4053,4116,3068,3169,3407,3467,-19.4506,17.8819,8.88558,48.316
32066,4287,6823,9662,5610,3999,4645,5212,4458,3432,3717,3800,3656,3263,3391,3297,3278,-31.6541,4.75715,8.91725,48.3533
32067,3463,3413,3284,3173,3997,3809,3527,3217,6308,5245,3878,3483,10679,7227,4297,3371,24.487,-20.5528,8.51865,48.2473
32068,3198,3418,3397,3221,3486,3862,4034,3690,4138,5401,6238,4582,4256,6423,8015,5005,18.6577,2.848,8.92178,48.2427
32069,6563,6532,4365,3588,6767,6932,4436,3539,4382,4410,3621,3348,3640,3606,3413,3135,-14.1392,-14.5618,8.52236,48.1847
32070,6921,9876,5538,3818,4799,5228,4408,3612,3745,3754,3555,3477,3234,3375,3249,3138,-29.8196,-9.38394,8.78337,47.818
32071,3138,3331,3416,3416,3302,3410,3724,3973,3423,3743,4787,6140,3429,3877,6040,12407,27.9357,28.2931,8.79065,47.704
32072,5318,9160,7235,4304,4312,5276,4788,3959,3694,3722,3781,3431,3263,3395,3337,3264,-26.9385,-3.00194,8.57132,48.1593
32073,3142,3329,3383,3292,3406,3644,3740,3725,3867,4588,5670,4741,4008,6151,9434,5884,23.9972,6.59742,8.69048,48.0027
32074,3384,3856,6079,12358,3480,3751,4785,6311,3258,3449,3778,3946,3053,3295,3416,3331,-27.1297,29.3749,8.51747,47.6867
32075,4964,8707,7877,4595,4269,5020,4998,4107,3623,3754,3691,3505,3373,3211,3286,3149,-27.4981,-1.285,8.99074,48.086
32076,3111,3277,3466,3611,3175,3502,4035,4198,3489,4169,5817,6420,3477,4390,7647,8574,19.8216,16.367,8.64209,48.2387
32077,3845,3855,3530,3235,4855,5118,3984,3391,6598,7902,4518,3511,5012,5341,4060,3482,7.10939,-12.3007,8.84906,48.158
32078,12051,6090,3909,3295,6587,4911,3788,3328,3944,3813,3470,3166,3486,3286,3271,3064,-23.9243,-27.9346,8.78118,47.6393
32079,8541,5302,3953,3432,9185,5305,3811,3325,4792,4136,3539,3213,3580,3518,3236,3154,-13.7036,-28.6958,8.70741,48.0147
32080,9222,6030,3869,3393,8266,5357,3871,3346,4399,4094,3576,3205,3617,3459,3216,3076,-16.6699,-23.3655,8.5536,47.9973
32081,9481,8274,4602,3578,5631,5377,3933,3535,3971,3870,3525,3323,3404,3442,3151,3068,-25.1615,-16.4442,8.52031,48.11
32082,3434,3377,3059,3140,4262,3936,3559,3262,7044,5060,3922,3340,11264,6079,3911,3415,21.9474,-25.5948,8.69717,48.0427
32083,3119,3177,3184,3438,3222,3407,3806,3979,3374,3830,4761,6464,3376,3866,6079,12440,25.1857,28.7837,8.94345,47.6813
32084,4547,7730,8657,5030,4078,4950,5073,4335,3486,3770,3701,3594,3223,3307,3281,3264,-25.2323,1.5777,8.71262,48.0173
32085,3752,3782,3593,3240,4568,5360,4065,3595,5812,8294,4841,3714,4744,5299,4259,3587,6.96691,-9.87791,8.90859,48.3367
32086,9544,8305,4514,3578,5760,5220,3981,3485,3977,3795,3580,3298,3293,3447,3258,3035,-25.0503,-17.0256,8.61186,48.0467
32087,3309,3755,4580,5318,3419,4152,6610,8322,3414,3821,5122,5914,3194,3498,3933,4088,-5.30501,18.9699,8.88221,48.2993
32088,3117,3312,3426,3432,3314,3474,3792,3833,3346,3739,4671,6030,3349,3887,5741,12479,33.3491,29.7124,8.60766,47.2947
32089,3326,3402,3292,3233,3781,3854,3540,3387,5156,5271,4164,3574,7540,9606,5107,3561,32.483,-11.7395,8.79354,47.8627
32090,6043,6141,4239,3511,6940,7590,4413,3525,4524,4509,3761,3418,3699,3657,3455,3139,-11.7999,-14.0796,8.91353,48.376
32091,5063,4532,3670,3343,7542,6616,4159,3548,6138,5389,4006,3360,4197,3889,3539,3243,-3.42665,-17.2071,8.83967,48.156
32092,6524,10038,5778,3894,4662,5110,4361,3771,3719,3831,3656,3373,3389,3404,3380,3218,-32.5512,-8.43066,8.97612,48.072
32093,10826,6081,3959,3278,7333,5048,3839,3321,4209,3867,3452,3182,3504,3469,3191,3149,-20.3255,-25.3869,8.99195,47.8053
32094,3517,4405,7608,9723,3495,3967,5457,6357,3230,3462,3823,4108,3048,3201,3446,3486,-22.353,18.2581,8.85486,48.222
32095,3393,3355,3383,3107,3755,3845,3639,3395,4873,5106,4331,3662,7109,9723,5344,3739,31.286,-10.4304,8.52902,47.8393
32096,4132,5169,5159,4204,4288,6748,7248,4361,3839,4546,4735,3953,3481,3522,3681,3405,-8.94774,0.449674,8.80257,48.314
32097,3354,3475,3552,3274,3697,4137,4085,3714,4316,6417,6270,4281,4538,6402,6478,4360,15.381,-0.0793726,8.96962,48.2333
32098,9815,8191,4377,3534,5656,5085,3886,3392,3965,3838,3559,3277,3290,3405,3182,3115,-33.924,-17.2475,8.99257,47.7113
32099,9757,8381,4352,3462,5568,5121,3973,3428,3876,3769,3520,3199,3526,3464,3297,3079,-32.3746,-16.906,8.87826,47.848
32100,3135,3274,3363,3388,3296,3457,3748,3961,3315,3812,4762,6466,3333,3878,6131,12391,26.378,28.2779,8.56757,47.8067
32101,3664,4950,9207,7710,3598,4230,5381,5138,3363,3595,3939,3852,3154,3135,3365,3339,-24.8907,12.4382,8.60151,47.7467
32102,3548,3550,3252,3100,3982,3687,3417,3251,5978,4843,3741,3388,12071,6483,3965,3455,32.7067,-24.5396,8.75973,47.8073
32103,5371,4577,3652,3354,8709,6140,3964,3368,6282,4941,3722,3409,4178,3960,3542,3254,-4.74936,-20.1613,8.84839,48.282
32104,3338,3334,3372,3279,3436,3650,3845,3627,4079,4738,5046,4407,4250,7079,9113,5227,33.6411,3.06951,8.70489,47.88
32105,3582,3504,3193,3084,4688,4010,3477,3242,8921,5170,3884,3393,9192,5413,3886,3333,15.4364,-28.6964,8.96832,47.9813
32106,9011,8832,4673,3492,5326,5282,4053,3652,3815,3799,3581,3288,3351,3413,3249,3198,-31.2721,-15.1728,8.765,48.01
32107,3527,4465,7099,7207,3637,4306,6738,6544,3330,3664,4171,4249,3165,3271,3540,3517,-16.1178,14.9093,8.87417,48.2867
32108,3233,3238,3394,3380,3180,3428,3874,4000,3447,3971,5042,5671,3343,4069,7424,10958,32.5081,20.1149,8.64097,47.768
32109,3350,3669,4366,4317,3479,4186,6367,6109,3641,4191,6515,6233,3290,3784,4421,4386,0.199553,14.1589,8.73688,48.2027
32110,3245,3571,4126,4637,3351,3834,4952,8422,3360,3743,4991,8347,3285,3500,4120,4823,0.29962,31.3983,8.99213,48.2047
32111,2985,3182,3357,3475,3418,3569,4088,4046,3452,4209,5996,5979,3618,4713,7918,7892,19.8949,14.7227,8.62799,47.9313
32112,11933,6830,4126,3340,5983,4848,3817,3359,3932,3842,3431,3115,3421,3470,3134,3046,-28.6981,-23.5412,8.7941,47.7513
32113,3294,3790,4808,5449,3424,4086,6114,8607,3235,3806,4919,6069,3123,3474,3989,4100,-5.59655,20.3641,8.50858,48.1913
32114,3552,4152,6338,7586,3567,4149,6286,7422,3298,3618,4291,4353,3143,3262,3508,3534,-14.5774,17.448,8.66449,48.0393
32115,4331,4237,3624,3435,5848,6586,4227,3512,6255,6579,4390,3532,4488,4445,3715,3462,0.729325,-13.3928,8.63756,48.444
32116,6958,9670,5556,3974,4887,5338,4406,3703,3746,3785,3597,3356,3351,3342,3338,3164,-27.7472,-9.54824,8.79053,48.114
32117,3287,3338,3299,3120,3963,3828,3572,3175,5623,5223,4128,3546,9031,8763,4613,3657,25.4456,-15.3671,8.86024,48.1107
32118,3305,3987,5560,10023,3385,3807,5033,8287,3334,3437,3944,4342,3039,3265,3423,3380,-17.3884,33.9781,8.9993,47.7007
32119,3169,3307,3459,3264,3507,3744,3796,3627,4053,5100,5859,4616,4308,6796,8576,5313,21.0925,3.20997,8.9847,48.3293
32120,3225,3312,3773,4091,3345,3624,4462,6083,3331,3690,5413,9705,3287,3722,4621,6254,7.18304,27.753,8.57204,47.9587
32121,8219,5239,3749,3335,9420,5199,3919,3379,4981,4182,3540,3227,3626,3486,3418,3093,-12.9522,-28.0001,8.99283,48.008
32122,9807,5678,3784,3451,8362,5033,3812,3362,4524,4007,3551,3321,3441,3539,3340,3156,-16.8877,-28.8191,8.88386,48.112
32123,4771,8033,8680,4975,4034,4790,4996,4129,3526,3697,3762,3495,3183,3315,3385,3240,-29.3315,1.10102,8.98837,48.0073
32124,4261,6517,9316,5735,3905,4766,5526,4495,3378,3780,3862,3663,3134,3329,3328,3299,-24.2731,4.55863,8.61366,48.196
32125,3203,3613,4097,4856,3161,3657,5009,8249,3314,3663,5057,8403,3301,3512,4160,4841,0.243075,27.871,8.66043,48.064
32126,3434,3882,5979,12779,3241,3699,4763,6328,3114,3496,3870,3881,3134,3106,3190,3376,-26.4113,30.7338,8.83951,47.5147
32127,3801,5313,9800,7274,3620,4224,5476,4962,3309,3625,3785,3781,3153,3335,3363,3284,-26.2144,10.6742,8.98075,48.07
32128,3079,3233,3411,3360,3258,3467,3877,4212,3438,3883,5007,7249,3427,3998,6275,10894,20.5429,25.2945,8.55172,48.0453
32129,3839,4602,5443,4469,3915,5540,7946,5044,3687,4273,5027,4084,3374,3720,3676,3621,-8.20794,5.59857,8.73106,48.1733
32130,3161,3614,4663,5997,3438,3777,5644,9449,3276,3693,4639,6256,3142,3400,3770,4157,-6.20587,23.9743,8.87454,48.0507
32131,3279,4017,5960,10110,3362,3847,5321,7863,3193,3541,3899,4290,3137,3255,3432,3391,-18.2124,24.6813,8.79563,47.9313
32132,3177,3428,3878,4206,3412,3716,4619,6115,3419,3915,5960,9022,3319,3656,4721,5532,5.82586,21.8026,8.83032,48.0633
32133,3820,4392,4368,3864,4354,6437,5990,3949,4234,6009,5419,4035,3813,4044,4027,3642,-1.59276,-1.69337,8.62733,48.2647
32134,3330,3291,3244,3132,3754,3928,3483,3287,5272,5532,4140,3566,7961,9473,5031,3695,25.5378,-12.4975,8.82266,48.0793
32135,3336,3863,5085,7032,3348,3780,5692,9515,3337,3688,4379,5251,3117,3294,3654,3821,-10.6858,23.6307,8.71181,48.128
32136,3314,3774,4878,7278,3349,3940,5279,9921,3259,3641,4310,5449,3163,3359,3705,3713,-10.1514,28.8811,8.67478,48.2213
32137,3271,3547,3938,3912,3461,3945,5225,5285,3434,4314,7427,6970,3442,4038,4899,5150,5.74204,14.4595,8.70149,48.172
32138,3306,3379,3273,3055,4069,3868,3505,3323,7218,4982,3680,3438,11358,6043,3939,3423,21.1499,-27.2184,8.69097,47.906
32139,4733,4056,3553,3196,8107,5294,3825,3361,8095,5257,3808,3287,4764,4203,3497,3204,0.00465536,-23.7292,8.99582,48.16
32140,3715,4870,7292,5597,3700,4931,7329,5506,3381,3814,4363,4025,3280,3327,3495,3426,-15.1005,9.24245,8.51454,48.034
32141,4590,4059,3519,3295,7878,4814,3750,3389,8470,5069,3772,3323,5004,4250,3541,3271,1.28349,-29.1013,8.90317,47.996
32142,8506,7118,4250,3448,6971,5924,4132,3404,4151,4100,3593,3300,3438,3526,3378,3148,-18.0236,-17.8673,8.80626,48.258
32143,3300,3317,3282,3213,3901,3699,3391,3157,6227,4951,3686,3466,12674,5842,3997,3420,26.254,-32.2086,8.9157,47.682
32144,3358,3515,3691,3424,3698,4116,4472,4079,3969,5817,7676,4691,4076,5229,6046,4577,11.9817,3.82838,8.81129,48.2893
32145,3507,3272,3228,3165,3947,3732,3516,3268,5909,4646,3781,3459,12794,5895,3861,3330,31.967,-31.5968,8.93488,47.54
32146,7878,6517,4046,3410,7510,6263,4151,3405,4359,4176,3623,3211,3599,3447,3306,3092,-15.2472,-17.9459,8.9354,47.9953
32147,3423,3879,5752,11281,3251,3766,4867,7444,3233,3425,3828,4281,3202,3223,3397,3457,-20.4806,28.9756,8.92989,47.806
32148,3387,3318,3153,3040,4031,3829,3457,3215,5974,4859,3800,3336,12224,6581,3997,3412,29.1186,-24.1806,8.92201,47.742
32149,4405,6900,8070,4979,4042,5233,5765,4330,3531,3914,3982,3645,3242,3396,3386,3316,-20.5776,2.33397,8.77644,48.0907
32150,3416,3592,3529,3336,3900,4415,3922,3500,4873,7449,5480,3903,4994,6754,5211,3881,13.9815,-5.19494,8.66346,48.1033
32151,6534,9833,5816,3928,4776,5195,4277,3573,3777,3871,3565,3375,3350,3285,3192,3327,-31.0384,-8.44118,8.65618,47.7827
32152,3457,3875,4352,4166,3700,4638,6955,5161,3825,4436,6939,5209,3476,3856,4264,4076,-0.28117,8.79803,8.66664,48.2567
32153,5379,4419,3664,3301,9123,5041,3737,3385,7341,4634,3718,3322,4339,3919,3419,3278,-3.18733,-31.0582,8.68495,48.0127
32154,3332,3315,3205,3196,3835,3791,3430,3210,5453,5428,4162,3515,8620,9115,4761,3678,25.8345,-14.3989,8.59961,48.0307
32155,9845,8134,4520,3528,5663,5180,3887,3532,3951,3920,3490,3238,3393,3508,3161,3046,-27.5064,-17.5939,8.57587,47.9973
32156,3381,3524,3307,3139,4180,4002,3521,3262,6654,5848,4095,3457,8592,7345,4314,3527,19.6703,-17.3541,8.74774,48.0987
32157,6103,7033,4701,3720,6037,7384,4502,3677,4108,4385,3695,3340,3614,3483,3345,3089,-14.7507,-11.638,8.91627,48.144
32158,3212,3435,3904,4128,3337,3660,4872,6159,3400,3983,5888,8704,3443,3803,4739,5654,5.57414,21.803,8.52467,48.214
32159,3885,3709,3473,3135,4945,4672,3806,3318,7723,6946,4227,3422,6185,5679,4063,3404,10.3139,-16.8325,8.62166,48.3947
32160,11303,7376,4190,3351,5733,4984,3927,3406,3841,3774,3439,3209,3382,3349,3232,3084,-30.1374,-20.2206,8.9391,47.72
32161,3816,5201,9580,7294,3605,4182,5624,5102,3299,3585,3867,3839,3057,3245,3369,3307,-25.1831,10.942,8.93433,47.9813
32162,3124,3311,3368,3440,3263,3583,3908,3833,3497,3958,5082,5192,3516,4653,8961,8865,32.0887,14.8177,8.88647,47.7027
32163,3350,3889,5786,10742,3414,3735,5171,7621,3285,3548,3912,4247,3028,3175,3480,3563,-19.4067,27.4249,8.56489,47.964
32164,3405,3392,3261,3066,4109,3760,3392,3228,7250,4916,3742,3378,11551,5889,3895,3417,21.2547,-27.13,8.97407,47.7673
32165,11208,7140,4158,3479,5916,5013,4033,3505,3870,3776,3369,3215,3350,3439,3257,3117,-28.0663,-21.1602,8.7457,47.8967
32166,4061,4163,3798,3332,5147,6458,4352,3572,5616,7451,4496,3602,4245,4603,3909,3496,2.07531,-10.5334,8.81549,48.2007
32167,6046,4694,3696,3338,9706,5178,3769,3437,6182,4592,3717,3366,4062,3832,3493,3202,-6.6182,-31.3063,8.55539,48.2067
32168,4205,6875,9626,5602,3876,4675,5055,4369,3404,3672,3753,3662,3180,3296,3455,3199,-28.9427,4.32079,8.768,47.936
32169,3065,3274,3501,3439,3232,3460,3887,4049,3454,3925,5592,6434,3525,4297,7489,9268,20.7132,18.0166,8.81853,47.9273
32170,3236,3741,4691,5821,3313,3996,5990,9131,3376,3679,4746,6256,3111,3446,3710,4188,-5.89531,22.6382,8.80689,48.2873
32171,3141,3258,3506,3497,3285,3509,3756,4071,3328,3633,4746,5982,3464,3852,6103,12508,31.8339,29.4698,8.56345,47.7593
32172,3358,3366,3100,3147,3871,3789,3543,3336,6024,4820,3868,3521,11272,7282,4181,3480,27.3473,-20.5831,8.99362,47.972
32173,6210,4813,3868,3336,9850,5155,3883,3378,5570,4398,3666,3366,3978,3683,3466,3245,-8.09451,-33.3683,8.57684,47.91
32174,12521,6294,4038,3412,6151,4809,3755,3354,3956,3800,3460,3204,3461,3284,3201,3139,-26.6217,-26.464,8.69509,47.8927
32175,3375,3600,3493,3282,3856,4308,4235,3700,4570,7176,6347,4284,4578,5990,5561,4206,12.4515,-1.61264,8.71026,48.374
32176,3327,3795,6231,12560,3334,3835,4763,6185,3149,3525,3770,4000,3197,3244,3296,3435,-28.263,27.6524,8.96286,47.764
32177,6224,4700,3725,3240,9508,5413,3828,3369,5939,4377,3672,3404,4155,3675,3349,3138,-7.71816,-26.1866,8.65542,47.8107
32178,3064,3354,3424,3703,3252,3598,4315,4507,3460,4096,6806,7396,3466,4220,6413,7188,14.3085,16.714,8.96907,48.1747
32179,3375,3449,3393,3292,3780,4192,4015,3465,4755,6950,5505,3948,4904,7331,5754,4128,16.1004,-3.92011,8.74382,48.1573
32180,3276,3567,3892,3880,3462,4028,5394,4972,3368,4547,7833,6302,3468,4025,5129,4939,6.25002,12.0699,8.59716,48.0547
32181,3141,3325,3491,3761,3355,3603,4144,4915,3447,3790,5199,9475,3463,3759,5157,7868,12.583,31.9892,8.61315,47.9287
32182,6409,4824,3843,3251,9700,5243,3814,3366,5922,4293,3578,3281,4008,3702,3383,3267,-7.88451,-29.4106,8.52426,47.9227
32183,5907,8522,5304,3938,5074,6572,4775,3809,3870,4127,3726,3450,3439,3465,3281,3176,-18.3389,-8.34296,8.7197,48.29
32184,3853,3761,3438,3300,4798,5091,3882,3417,6809,7604,4484,3572,5217,5447,4067,3430,7.93336,-13.5003,8.76572,48.1133
32185,3171,3282,3338,3153,3584,3759,3675,3631,4168,4918,4853,4155,4700,8028,8465,4816,30.8284,0.47718,8.63872,47.7973
32186,4572,4014,3527,3261,7664,4814,3753,3343,8783,4940,3834,3308,4992,4221,3658,3259,1.90889,-31.9728,8.80421,47.962
32187,3144,3249,3398,3270,3230,3684,3909,3630,3651,4278,5256,4996,3866,5271,9945,7175,28.3304,10.3475,8.85219,47.968
32188,7088,4990,3691,3381,9760,5387,3887,3367,5526,4312,3575,3282,3767,3608,3361,3200,-10.2236,-27.713,8.86022,48.1213
32189,5292,6138,4369,3648,5905,8049,4877,3655,4236,4713,3897,3461,3658,3636,3387,3267,-10.7847,-10.17,8.95974,48.1253
32190,3157,3530,4093,4405,3272,3768,4763,6895,3240,3757,5259,8911,3263,3641,4384,5407,3.65624,24.5545,8.71868,47.83
32191,3533,3765,3672,3392,4037,4610,4605,3800,4418,7202,6551,4222,4224,5388,4995,3988,8.89177,-1.85298,8.90697,48.268
32192,3240,3594,3778,3818,3401,4042,5110,4535,3661,4844,8224,5969,3580,4230,5382,5037,7.9008,10.196,8.68298,48.2967
32193,3453,4252,7562,9919,3425,3968,5283,6339,3363,3509,3829,3981,3104,3225,3429,3372,-22.838,18.8136,8.85577,48.0087
32194,3324,3427,3270,3186,3903,3778,3504,3414,5362,5148,4086,3551,8861,8929,4789,3654,28.6877,-14.5774,8.53967,48.124
32195,5708,9594,6559,4103,4541,5526,4666,3825,3697,3830,3628,3535,3231,3376,3295,3203,-25.3569,-5.10864,8.9771,48.2113
32196,3537,4059,4625,4278,3840,4908,7549,5194,3585,4522,6342,4838,3374,3713,4109,3859,-2.60899,7.51892,8.91506,48.2213
32197,3143,3219,3363,3418,3193,3475,3783,3844,3375,3931,5127,6265,3502,4217,7324,10823,24.7227,20.5081,8.78872,48.0013
32198,5004,4433,3710,3273,8377,6041,3917,3381,6805,5236,3905,3359,4456,4076,3418,3279,-2.66236,-20.7684,8.90887,48.4467
32199,3511,3352,3217,3098,4056,3907,3468,3190,7450,5080,3824,3389,11258,5841,3925,3277,20.8413,-29.9403,8.76022,47.8953
32200,3291,3307,3567,3961,3267,3584,4320,5740,3394,3759,5112,10024,3313,3766,4891,6765,8.86679,31.7648,8.93623,48.0407
32201,5863,8182,5460,3909,5105,6699,4792,3722,3899,4010,3874,3548,3368,3478,3377,3144,-18.3448,-7.96518,8.52755,48.2867
32202,9845,5519,3976,3380,8456,4990,3972,3368,4500,3978,3578,3257,3388,3481,3239,3132,-16.9963,-27.9905,8.98529,48.0393
32203,5068,7103,5216,3929,5028,7386,5521,3867,3943,4448,3824,3495,3441,3582,3505,3204,-14.2539,-6.07307,8.90542,48.3733
32204,3254,3356,3361,3235,3670,3922,3826,3463,4521,5699,5195,4024,5104,8423,7052,4376,21.8035,-2.84214,8.65477,48.3207
32205,3731,3740,3422,3225,4970,4750,3745,3358,7763,7143,4222,3573,5930,5363,4138,3381,9.2186,-16.7169,8.86057,48.3027
32206,4591,6314,5339,4082,4674,7437,5998,4121,3996,4418,4121,3581,3305,3609,3520,3341,-12.6658,-2.95856,8.71516,48.298
32207,3221,3179,3413,3334,3215,3462,3806,3840,3366,3764,4845,6038,3427,3978,6078,12520,27.7526,32.6806,8.69307,47.6573
32208,3460,3593,3741,3390,3940,4702,4527,3863,4515,7181,6542,4271,4133,5364,5058,4125,9.48817,-1.12562,8.69485,48.27
32209,3342,3678,4961,6792,3323,3839,5308,10191,3336,3635,4344,5531,3170,3371,3672,3868,-9.19351,31.5,8.95209,48.2407
32210,3552,3358,3219,3066,4186,3933,3584,3256,6725,5609,4075,3383,9222,7366,4326,3425,20.3609,-18.2468,8.89772,48.19
32211,4097,6304,9615,5799,3855,4720,5118,4581,3538,3632,3768,3733,3138,3361,3402,3277,-33.1892,5.8894,8.81602,47.9587
32212,5374,4439,3570,3360,9436,5123,3798,3341,7077,4694,3743,3301,4258,3998,3513,3078,-3.71838,-33.1596,8.80655,48.0687
32213,5738,5747,4114,3410,7257,7413,4239,3559,4851,4818,3801,3376,3746,3667,3449,3130,-9.69524,-15.0554,8.83122,48.21
32214,3686,4511,6668,5877,3601,4470,7315,6306,3427,3829,4388,4160,3208,3379,3669,3517,-13.9093,12.2909,8.72764,48.0073
32215,3308,3349,3273,3109,3720,3755,3503,3277,6068,4729,3678,3410,12734,5964,3958,3477,28.1858,-33.6929,8.87172,47.5413
32216,3534,3639,3430,3398,3965,4637,4288,3744,4700,7621,5970,4043,4628,5804,4972,3990,10.7156,-3.72134,8.71089,48.242
32217,3296,3321,3260,3054,3911,3838,3622,3300,5407,5298,4128,3508,9196,8591,4658,3514,26.2718,-15.7157,8.8114,47.9347
32218,4570,7718,8234,4893,4067,5112,5349,4247,3511,3828,3844,3594,3170,3478,3329,3228,-23.244,0.803913,8.70332,48.1147
32219,3910,5237,7794,5634,3811,4858,7079,5163,3529,3880,4109,3970,3140,3431,3591,3353,-16.6171,7.97816,8.56432,48.326
32220,3766,4309,4872,4148,3827,5523,7606,4821,3765,4647,5711,4218,3456,3737,4051,3697,-4.35921,4.498,8.63448,48.1027
32221,4191,6835,9001,5319,3922,4678,5364,4424,3485,3728,3864,3728,3211,3447,3434,3256,-33.9286,3.81662,8.52721,47.9247
32222,3253,3380,3708,3770,3362,3808,4672,4756,3493,4306,7139,7393,3443,4157,5923,5932,10.2919,15.393,8.55398,48.33
32223,4183,6057,8057,5436,3985,5173,6258,4726,3382,3790,4061,3743,3166,3445,3417,3342,-18.7895,4.90452,8.5908,48.1473
32224,3856,4379,4434,3973,4165,6243,6639,4273,4024,5523,5574,3990,3699,3964,4002,3637,-2.42315,0.45048,8.90441,48.25
32225,3317,3360,3192,3092,3890,3873,3425,3235,6317,4771,3805,3370,12584,6195,3961,3340,27.3891,-28.3699,8.82966,47.818
32226,3339,3347,3331,3252,3717,3787,3697,3359,4558,5171,4578,3886,5708,9655,6615,4131,30.294,-5.34364,8.57472,48.0873
32227,3545,3468,3224,3088,4426,3956,3535,3233,8254,5174,3895,3427,9841,5783,3940,3372,17.3359,-26.4396,8.56522,48.1073
32228,3687,5470,9829,6794,3669,4349,5159,4970,3416,3574,3779,3760,3234,3278,3448,3395,-32.7999,9.64978,8.50757,47.874
32229,5216,9336,7194,4267,4368,5237,4673,4058,3568,3841,3706,3584,3278,3282,3340,3120,-31.406,-3.58292,8.92903,48.0453
32230,3206,3410,3341,3307,3483,3788,3711,3466,4118,4943,4929,4163,4871,8750,8210,4652,29.0602,-0.675861,8.938,48.232
32231,4416,4000,3473,3223,7404,4652,3743,3464,9143,5090,3779,3295,5309,4423,3631,3220,2.87312,-29.7696,8.59923,48.1767
32232,3406,4061,5990,7047,3587,4022,6598,8116,3217,3678,4440,4567,3225,3227,3607,3757,-12.6133,18.3076,8.77936,48.3633
32233,5368,4444,3650,3382,9123,5865,3923,3356,6404,4736,3708,3284,4209,3924,3465,3067,-4.5843,-21.5675,8.94001,47.9387
32234,3481,3957,6144,12623,3461,3744,4742,5836,3414,3437,3779,3909,3157,3218,3295,3367,-29.6943,33.8447,8.77744,47.7093
32235,3318,3390,3368,3084,4077,3873,3367,3258,7117,4842,3795,3320,11860,6015,4009,3308,22.1492,-29.4474,8.81694,48.0007
32236,3496,4629,8967,9011,3517,3945,5101,5480,3289,3569,3954,3914,3116,3159,3405,3458,-29.0462,15.1122,8.96761,48.0067
32237,3317,3403,3163,3068,3885,3764,3485,3233,6496,4803,3760,3376,12253,6183,3839,3394,25.5036,-27.7135,8.82449,47.6147
32238,3369,3665,4162,4340,3422,3955,5554,6250,3445,4123,6550,7374,3272,3796,4535,4916,2.84103,16.7501,8.81331,48.4853
32239,3640,3716,3314,3299,4956,4476,3626,3322,8178,6429,4053,3430,6802,5696,4030,3470,11.4196,-18.8862,8.67334,48.2913
32240,4353,5881,6151,4466,4314,6556,6552,4260,3768,4178,4257,3794,3329,3543,3592,3410,-13.6341,0.238341,8.60796,48.2693
32241,3283,3607,3526,3398,3802,4284,4335,3699,4453,6653,6476,4364,4235,6176,5839,4331,13.4635,-0.465964,8.68303,48.3073
32242,4377,4939,4229,3518,5399,7841,5075,3672,4652,5792,4437,3674,3795,3938,3697,3379,-4.67162,-8.23005,8.57681,48.276
32243,3100,3342,3631,3949,3303,3511,4299,5337,3296,3751,5421,9810,3264,3784,4848,7278,10.6105,27.426,8.70947,47.9493
32244,3246,3422,3317,3175,3772,4208,3791,3538,4694,6501,5365,3967,5031,7805,6329,4275,17.8978,-3.91036,8.97644,48.2907
32245,4993,7926,6496,4531,4409,6106,5467,4073,3677,4014,3913,3546,3316,3368,3413,3262,-19.2643,-2.67186,8.5091,48.34
32246,3825,5515,9610,6908,3606,4444,5451,4968,3342,3636,3977,3740,3199,3233,3324,3329,-25.0551,9.37919,8.70756,48.0713
32247,5629,5082,3818,3311,8211,6689,4100,3381,5543,5020,3836,3323,4009,3915,3406,3212,-6.84762,-17.8705,8.92867,48.3233
32248,3471,3462,3234,3149,4259,3967,3443,3327,7397,4991,3808,3346,11002,6062,3962,3361,20.3775,-26.5884,8.88788,48.1607
32249,3112,3238,3617,3639,3375,3524,4126,4778,3406,3724,5138,9081,3405,3832,5292,8366,13.5115,31.8336,8.52875,47.7687
32250,3270,3530,3972,4449,3278,3667,4711,7387,3273,3696,5325,9302,3243,3514,4342,5459,3.19263,27.3722,8.91069,48.2787
32251,5362,8783,6226,4234,4553,5857,4903,4027,3674,3845,3818,3435,3380,3332,3272,3209,-21.8183,-5.15499,8.63407,47.94
32252,3443,3894,5322,8362,3392,3948,5168,9107,3327,3627,4185,4773,3115,3363,3440,3518,-13.8608,32.4413,8.55055,47.9893
32253,4239,6135,7004,4728,4164,5811,6652,4477,3624,4082,4137,3830,3342,3490,3548,3265,-16.1545,2.11931,8.81454,48.352
32254,3278,3300,3387,3210,3744,3897,3548,3344,4895,5378,4396,3536,6977,9729,5529,3863,27.5215,-9.88658,8.69234,48.0073
32255,3162,3289,3476,3434,3333,3582,4063,4040,3527,4239,6353,6332,3596,4595,7411,7798,18.1807,15.272,8.64686,48.1533
32256,3531,3372,3241,3074,3944,3948,3555,3149,5765,4976,3887,3534,11471,7042,4037,3404,30.6877,-22.0952,8.67305,47.9533
32257,3202,3456,3708,3916,3399,3810,4620,5429,3348,3978,6669,8343,3387,3842,5150,5962,8.33159,18.0774,8.98227,48.146
32258,4189,3933,3554,3268,6996,4538,3720,3342,9557,5232,3741,3380,5589,4532,3592,3258,4.48236,-29.4589,8.64148,48.2807
32259,3239,3399,3305,3259,3558,3758,3620,3633,4240,4993,4881,4029,5203,8750,7714,4463,29.8038,-2.08447,8.92149,48.0293
32260,7254,6019,4013,3487,8152,6438,3947,3404,4655,4254,3713,3276,3622,3522,3296,3080,-13.0909,-18.9953,8.79276,48.088
32261,3111,3324,3413,3308,3196,3551,3899,3930,3427,3988,5201,5397,3498,4483,8691,9532,32.6032,16.1369,8.75347,47.966
32262,3336,3362,3226,3066,3980,3790,3381,3250,6200,4736,3830,3377,12597,6165,3984,3413,29.205,-26.3262,8.99053,47.7953
32263,3421,3932,5773,10356,3376,3837,5046,8115,3203,3442,3932,4368,3172,3288,3368,3465,-17.8203,29.1499,8.82657,48.0627
32264,4340,5294,4558,3776,5061,7980,5685,3931,4111,5178,4260,3674,3758,3863,3740,3350,-7.57049,-4.99411,8.61784,48.3727
32265,3317,3384,3296,3101,4001,3859,3535,3285,5337,5214,4203,3546,8076,9483,4905,3657,28.1645,-12.7322,8.71618,48.1327
32266,5374,4425,3820,3264,9565,5111,3805,3358,7159,4549,3695,3230,4306,3973,3494,3188,-4.12157,-28.1837,8.95068,48.2107
32267,3271,3529,4245,4783,3397,3711,4988,7737,3327,3681,5127,8354,3144,3593,4210,4829,0.656256,25.0668,8.58449,47.9507
32268,7160,5076,3755,3366,9798,5301,3817,3343,5180,4228,3598,3338,3773,3548,3392,3241,-10.8502,-33.712,8.6919,47.9427
32269,3279,3283,3486,3166,3611,3796,3786,3604,4116,5323,5577,4361,4514,7481,7977,4919,20.8312,1.08491,8.62779,48.186
32270,3155,3322,3506,3533,3251,3534,4165,4729,3351,3984,5702,8873,3365,3914,5447,8183,13.8668,23.4607,8.61258,48.0093
32271,3420,4252,7335,10439,3347,3886,5058,6279,3240,3503,3831,4002,3088,3288,3357,3517,-23.5514,19.8953,8.56044,47.8947
32272,3672,4542,8170,8240,3645,4182,5826,5754,3240,3663,3969,4078,3181,3132,3416,3293,-20.6059,15.0762,8.65633,48.002
32273,3196,3724,4860,6762,3354,3869,5106,9831,3234,3562,4414,5633,3155,3471,3666,3847,-9.38508,30.3372,8.6447,47.7893
32274,5030,8244,7502,4526,4324,5298,5048,4077,3638,3828,3693,3611,3296,3329,3396,3211,-24.4718,-1.36938,8.50372,48.034
32275,3089,3463,3993,4624,3393,3720,4769,7895,3343,3806,5008,8588,3200,3494,4214,5012,1.41642,29.1855,8.50543,47.7407
32276,3556,3529,3284,3196,4520,4009,3541,3282,8675,5103,3943,3495,9418,5433,3940,3403,16.1261,-28.62,8.72234,48.218
32277,3151,3316,3403,3394,3299,3506,3911,3985,3520,4012,5395,5734,3439,4693,8224,9284,24.7836,16.5769,8.92468,48.1773
32278,3609,4281,5299,4751,3777,5257,8263,5350,3561,4100,5153,4420,3301,3621,3801,3653,-7.58909,8.05634,8.73337,48.1313
32279,4006,3950,3545,3252,5467,5304,3939,3512,7149,7380,4293,3471,5044,4962,3858,3399,5.72845,-15.0151,8.99672,48.354
32280,3450,3464,3192,3249,4632,4185,3507,3282,9180,5085,3920,3411,8486,5380,3861,3526,13.9951,-33.7725,8.94669,47.8733
32281,9196,8497,4590,3498,5767,5433,3954,3399,3951,3754,3491,3344,3320,3352,3265,3135,-24.6353,-15.8626,8.90912,47.964
32282,3135,3372,3361,3208,3417,3781,3786,3624,3898,4556,5290,4533,4085,6530,9642,5955,29.0855,5.72988,8.57957,48.1153
32283,6603,10270,5892,3855,4834,5175,4446,3668,3627,3860,3444,3388,3355,3220,3321,3209,-30.2985,-8.61309,8.95746,48.1113
32284,3480,3423,3235,3201,3941,3731,3413,3164,6345,4716,3751,3335,12422,5946,3907,3388,26.2939,-29.0746,8.879,47.5987
32285,8409,5365,3878,3406,9134,5066,3865,3239,4817,4075,3528,3232,3630,3549,3275,3129,-13.7275,-31.5799,8.60224,47.7313
32286,6322,9598,6167,4064,4670,5487,4470,3836,3602,3729,3643,3333,3274,3516,3313,3117,-26.5647,-7.43947,8.70818,48.094
32287,4813,7346,6463,4258,4400,6355,5642,4086,3679,4045,3993,3619,3322,3433,3467,3208,-17.5278,-2.30489,8.82149,48.086
32288,3205,3537,3966,4149,3228,3715,4655,6661,3439,3850,5096,9305,3351,3609,4455,5633,4.55153,33.4184,8.52671,47.9027
32289,4677,7970,8275,4967,4128,5044,5024,4293,3412,3583,3701,3534,3214,3380,3272,3306,-32.774,1.02361,8.51802,47.8533
32290,3393,3301,3338,3133,3761,3954,3736,3255,5126,5249,4137,3588,7845,9408,4888,3632,32.9098,-12.5748,8.75976,47.8293
32291,3690,3946,4066,3669,4059,5352,5387,3929,4194,6508,6457,4146,3950,4484,4316,3885,3.22223,-0.104736,8.77415,48.0253
32292,5115,5517,4173,3499,6415,8026,4602,3564,4826,5084,3945,3361,3768,3769,3549,3343,-8.12745,-11.8662,8.82344,48.3707
32293,4112,6279,8713,5441,3920,4867,6100,4683,3447,3804,3940,3848,3191,3304,3548,3357,-20.6496,5.20698,8.76633,48.3693
32294,3020,3169,3292,3506,3212,3492,4042,4387,3412,3837,5093,7882,3287,3928,5995,10529,18.9367,25.9221,8.78179,48.0553
32295,3469,3914,6186,12455,3361,3774,4816,6351,3217,3444,3713,3993,3054,3157,3404,3371,-26.9698,27.6858,8.7511,47.786
32296,4029,4295,4061,3584,4753,7109,5208,3773,4657,6557,4831,3823,3802,4275,3883,3563,-1.15728,-5.43719,8.89831,48.1353
32297,4971,5098,4064,3409,6263,7845,4656,3628,4943,5243,3957,3377,3750,3904,3455,3290,-6.47075,-12.013,8.99118,47.902
32298,5288,4328,3602,3322,9076,5105,3812,3345,7307,4799,3635,3276,4460,3985,3359,3299,-3.11663,-27.1786,8.94113,47.9987
32299,3183,3229,3312,3447,3254,3572,3930,3882,3514,4119,5275,5209,3664,4854,9208,8159,33.0468,13.131,8.50489,47.874
32300,6343,8790,5250,3715,5164,6438,4466,3706,3909,4083,3734,3372,3434,3355,3265,3184,-19.6065,-9.67437,8.77998,48.1387
32301,3417,3879,5915,12368,3384,3881,4865,6537,3270,3407,3793,3970,3084,3223,3326,3368,-24.1158,32.4341,8.99193,47.7913
32302,5114,7265,5653,4098,4839,7140,5339,3904,3931,4254,3873,3382,3449,3536,3308,3282,-15.8791,-4.99984,8.85742,48.2447
32303,3805,4015,3542,3231,4813,5601,4172,3483,5797,7948,4788,3698,4662,5101,4246,3530,5.69735,-9.86706,8.50084,48.288
32304,3345,3366,3340,3191,3558,3990,3829,3520,4440,6094,5550,4041,4851,7816,6889,4363,19.3022,-1.94166,8.95642,48.122
32305,4344,6786,9164,5463,3838,4892,5557,4463,3495,3678,3983,3768,3139,3374,3348,3285,-23.511,4.0764,8.70159,48.3847
32306,3180,3354,3479,3294,3468,3766,3704,3683,3816,4911,5761,4510,4339,6823,8794,5168,22.0623,3.73474,8.99629,48.0333
32307,4124,3842,3447,3198,6334,4485,3581,3281,9931,5095,3766,3396,5931,4511,3621,3270,6.16719,-29.3003,8.97717,47.8753
32308,3134,3402,3590,3436,3267,3635,4167,4029,3495,4408,6761,6268,3583,4528,7674,7043,17.0897,13.2057,8.99568,48.28
32309,8491,9297,4723,3642,5278,5301,4183,3573,3831,3816,3561,3370,3301,3367,3308,3087,-28.7271,-13.6847,8.6681,48.086
32310,4095,3895,3536,3146,6390,4927,3699,3417,9047,5801,3784,3542,5575,4759,3781,3331,5.21429,-22.317,8.87156,48.4833
32311,3954,4142,3623,3363,4963,6038,4251,3515,5606,7807,4680,3677,4405,4654,3973,3633,3.47103,-9.43713,8.90018,48.1893
32312,6293,4930,3884,3350,9412,5876,3873,3401,5705,4467,3646,3296,3790,3619,3439,3227,-8.747,-22.3557,8.74375,48.1387
32313,3363,3767,4837,6703,3405,3850,5257,9818,3290,3624,4587,5626,3141,3425,3657,3868,-8.77038,28.812,8.55121,48.1453
32314,5530,4687,3834,3409,8268,6460,4023,3469,5841,4951,3805,3382,4078,3910,3472,3238,-5.50328,-19.2504,8.58845,48.238
32315,5286,5487,4222,3484,6712,7628,4397,3560,4743,5056,3832,3531,3842,3768,3547,3330,-8.20989,-13.0341,8.71175,48.2833
32316,6026,4495,3641,3231,9839,5088,3798,3414,6526,4574,3699,3165,4219,3777,3450,3177,-6.06489,-28.3456,8.75049,48.0793
32317,3278,3323,3813,4138,3279,3664,4471,6509,3363,3724,5575,9661,3303,3656,4557,5890,6.11771,25.57,8.81983,48.136
32318,3405,3665,3712,3673,3694,4585,5252,3997,4054,6054,7786,4839,3906,4582,5157,4194,7.06362,3.85026,8.91912,48.37
32319,3368,4111,6934,11378,3326,3775,5063,6263,3155,3447,3789,4073,3052,3227,3344,3465,-25.3656,22.4301,8.71341,47.8467
32320,3649,3631,3481,3160,4213,4382,3742,3368,6253,7283,4491,3599,6058,6778,4515,3564,13.8607,-12.7332,8.80844,48.1113
32321,3461,3785,5073,5561,3408,3956,6448,8429,3366,3748,4876,5645,3179,3456,3896,3982,-7.02591,18.7487,8.62619,48.1793
32322,3326,3557,3733,3559,3639,4169,5044,4263,3913,5461,8128,5061,3719,4596,5642,4421,8.4761,6.16751,8.95099,48.154
32323,3299,3619,4240,4111,3415,3935,5940,5691,3473,4243,7185,6769,3292,3820,4636,4648,3.14118,14.4117,8.83928,48.2107
32324,4799,5601,4373,3674,5790,8321,4929,3715,4345,5107,3994,3446,3611,3939,3515,3271,-8.77924,-9.22966,8.72204,48.2867
32325,5090,4383,3638,3346,8575,5583,3938,3398,6808,5125,3846,3378,4507,4156,3484,3270,-2.62852,-22.1599,8.53084,48.35
32326,3756,3674,3355,3113,5235,4358,3630,3271,9299,5851,3839,3385,6968,5189,3799,3276,10.9392,-22.5205,8.93279,47.9987
32327,4621,5081,4224,3593,5409,7964,5138,3730,4566,5600,4397,3632,3708,3920,3624,3383,-5.87413,-8.09503,8.5956,48.3933
32328,3529,4434,7761,8747,3525,4121,5777,6307,3263,3539,3982,4147,3115,3258,3381,3354,-20.3655,16.4154,8.81266,48.16
32329,3896,5713,9650,6940,3600,4372,5312,4871,3366,3678,3848,3717,3115,3215,3276,3321,-28.5129,9.56174,8.54528,47.9267
32330,3302,3504,3669,3479,3478,4066,4591,4052,3827,5546,8137,5065,3748,4771,6221,4751,10.8137,5.9579,8.95809,48.138
32331,3124,3232,3301,3237,3437,3622,3774,3642,3768,4512,5475,4538,4144,6384,9815,6126,26.2202,6.15671,8.95941,48.0873
32332,3320,3628,4546,5873,3382,3637,5259,9765,3288,3587,4572,6531,3213,3381,3772,4038,-5.56354,31.9803,8.92427,47.8613
32333,3422,3810,4948,5604,3467,4103,6657,8079,3418,3788,4964,5668,3156,3486,3892,3963,-6.52666,18.2916,8.60191,48.2833
32334,3382,3329,3275,3212,4017,3805,3447,3219,6618,4826,3653,3525,12009,5998,3974,3414,24.2202,-27.32,8.81349,47.802
32335,3159,3394,3560,3532,3376,3673,4210,4326,3521,4228,6999,6585,3524,4350,6852,6704,14.3685,14.4078,8.74877,47.9953
32336,3353,3590,3521,3356,3614,4094,4359,3764,4273,6085,6553,4378,4373,6093,6414,4534,14.9777,0.657924,8.56438,48.236
32337,9811,5613,3925,3439,8039,5057,3797,3296,4498,4060,3573,3225,3487,3371,3288,3077,-17.7451,-33.2504,8.60328,47.704
32338,4887,4299,3588,3302,8627,4949,3799,3298,7890,4935,3744,3352,4739,4118,3456,3243,-0.822715,-29.7736,8.67021,48.1507
32339,3125,3309,3476,3492,3303,3513,4005,4187,3394,3794,5001,7798,3323,3926,5734,10641,18.9848,32.4565,8.74415,48.014
32340,3807,3652,3312,3143,5234,4302,3612,3240,9393,5525,3840,3412,7250,5141,3680,3370,11.0676,-24.4844,8.60674,47.942
32341,6087,4853,3749,3282,9487,5737,3931,3442,5866,4597,3622,3344,4123,3877,3428,3137,-7.32533,-22.9346,8.89111,48.3747
32342,3242,3379,3508,3559,3352,3533,4152,4620,3389,3779,5266,8705,3522,3787,5387,9052,15.4184,32.3816,8.51935,48.1547
32343,3341,3790,4612,4899,3586,4148,6846,7041,3442,3967,5571,5928,3268,3579,4058,4197,-3.44748,15.9266,8.54805,48.182
32344,3350,3306,3309,3095,3796,3814,3731,3373,4627,5377,4507,3768,6007,9827,6252,4031,28.2689,-6.68219,8.64701,48.1133
32345,12562,5996,3937,3474,6318,4900,3646,3428,3962,3707,3423,3342,3339,3373,3221,3153,-26.5364,-32.4912,8.87059,47.854
32346,12879,6035,3906,3324,6158,4735,3740,3291,3848,3747,3403,3231,3316,3343,3244,3136,-31.1478,-28.618,8.96207,47.5573
32347,5676,7386,5119,3851,5278,7282,4851,3806,3991,4348,3916,3373,3378,3524,3314,3262,-15.8145,-8.25899,8.63004,48.2367
32348,3352,3461,3323,3130,3817,3787,3547,3374,5388,5214,4176,3503,8776,8836,4608,3516,33.6816,-14.5744,8.80055,47.872
32349,4454,6333,5422,4067,4565,7200,6136,4221,3929,4473,4236,3652,3328,3561,3578,3343,-12.4256,-2.48606,8.71837,48.332
32350,3379,4028,5864,7328,3574,4020,6401,8108,3328,3654,4331,4725,3096,3383,3551,3659,-13.1609,19.0255,8.61144,48.286
32351,11296,6078,3917,3355,7082,4946,3778,3398,4150,3876,3534,3267,3476,3388,3292,3139,-21.7383,-26.8779,8.56004,47.9813
32352,4882,4245,3515,3298,8451,4942,3771,3422,7995,4852,3853,3319,4603,3982,3487,3245,-0.795308,-33.0817,8.69541,47.908
32353,8230,6954,4282,3513,6896,6069,4137,3489,4264,4090,3668,3234,3531,3479,3190,3079,-17.8603,-17.4733,8.82731,48.07
32354,8705,5353,3849,3431,9327,5275,3778,3455,4837,4045,3461,3341,3612,3528,3258,3097,-14.1769,-30.9794,8.80516,48.2347
32355,5020,6835,5470,3923,4974,7457,5344,3953,3804,4316,3924,3639,3455,3537,3348,3244,-14.4205,-5.17614,8.76743,48.162
32356,3090,3193,3369,3403,3229,3359,3751,3817,3354,3833,4922,6131,3403,3949,6771,12059,28.0298,24.7935,8.71633,47.7553
32357,4126,3836,3472,3207,5912,4801,3744,3333,8618,6151,3921,3466,5682,4846,3816,3313,5.89747,-20.3339,8.56324,48.1627
32358,5350,4485,3645,3263,9267,5153,3693,3350,7273,4688,3797,3447,4280,3944,3361,3123,-3.25937,-31.5791,8.88856,48.0793
32359,12696,6084,3865,3426,5880,4719,3797,3350,3759,3713,3437,3281,3449,3403,3149,3132,-30.8435,-30.6122,8.91934,47.4267
32360,7429,9755,5318,3887,4978,5154,4230,3691,3725,3693,3538,3308,3423,3347,3351,3171,-29.6613,-11.2875,8.68881,47.9987
32361,3363,3455,3213,3127,4047,3836,3455,3297,6633,4873,3778,3348,11819,6318,3996,3391,24.4585,-25.6504,8.64916,47.966
32362,4465,6342,6578,4525,4304,6108,6533,4422,3723,3919,4122,3793,3377,3441,3524,3243,-15.5564,0.755345,8.54528,48.2793
32363,3305,3339,3150,3134,3958,3805,3330,3172,6176,4835,3789,3365,12567,5972,3893,3469,29.6763,-29.8251,8.62962,47.506
32364,3617,4026,3979,3664,3993,5348,5526,4073,4180,6415,6814,4262,3824,4393,4508,3829,3.07845,0.762901,8.89587,48.3007
32365,3388,3374,3473,3443,3668,4098,4173,3791,4319,6450,6584,4498,4467,6093,6336,4579,14.602,0.572569,8.55241,48.4893
32366,3781,5066,9362,7973,3582,4188,5363,5226,3298,3462,3864,3762,3136,3229,3362,3339,-27.4641,12.5608,8.62849,47.9953
32367,3040,3319,3701,3613,3279,3594,4128,4869,3517,3904,5758,8882,3263,3853,5524,7841,13.2228,22.4666,8.79075,48.0567
32368,3289,3579,4082,4751,3440,3698,4921,8437,3436,3622,4851,8249,3283,3589,4160,4810,-0.189302,29.2237,8.93095,48.1313
32369,8955,7756,4345,3572,6354,5647,3956,3467,4035,3904,3581,3229,3444,3426,3250,3068,-20.8153,-17.0054,8.89554,47.9927
32370,3859,4988,9247,7838,3626,4181,5559,5199,3304,3614,3884,3940,3092,3295,3294,3390,-25.1815,12.3954,8.52449,48.2067
32371,3708,4697,7665,6839,3536,4506,6730,5936,3353,3701,4134,4109,3148,3226,3533,3459,-17.0287,12.4898,8.76871,48.1867
32372,4833,6790,5322,4011,4897,7535,5461,3930,3823,4360,3951,3563,3467,3527,3486,3252,-13.8714,-4.62649,8.77384,48.1387
32373,3354,3342,3346,3125,3923,4061,3590,3374,5324,6201,4432,3811,6928,8846,5015,3743,20.4539,-10.9185,8.63633,48.2767
32374,3335,4070,7061,11763,3306,3804,4919,6084,3161,3403,3857,3976,3081,3304,3408,3432,-30.8027,22.5756,8.58513,47.976
32375,3555,4805,9177,8370,3565,4125,5200,5390,3354,3593,3891,3776,3157,3282,3288,3267,-27.8092,13.7533,8.85288,47.8633
32376,3899,4307,4174,3799,4362,6633,6026,3996,4341,6151,5545,3925,3701,4194,4019,3629,-1.4842,-2.08902,8.77549,48.4673
32377,3381,3893,5965,11916,3411,3825,4885,6873,3147,3462,3870,4047,3088,3177,3404,3396,-22.8472,30.7087,8.50189,47.8267
32378,4961,5173,3869,3466,6333,8015,4721,3621,5055,5486,4018,3525,3730,3924,3502,3130,-6.0513,-12.0626,8.84653,48.3527
32379,3542,4341,6323,5711,3708,4778,7681,6164,3439,3872,4567,4329,3289,3400,3662,3586,-12.0893,11.4378,8.59958,48.2613
32380,3358,3851,5162,8117,3444,3810,5216,9262,3355,3577,4259,5015,3192,3309,3476,3637,-13.1936,31.2185,8.83063,48.0267
32381,3351,4110,7205,11293,3336,3903,5038,5835,3295,3421,3866,3846,3151,3211,3467,3400,-32.4164,21.1207,8.83387,47.8187
32382,3343,3400,3222,3226,3800,4003,3667,3454,5089,6016,4647,3734,6128,8884,5584,4060,20.6752,-8.08946,8.68859,48.1713
32383,3414,3382,3296,3091,4109,3856,3389,3178,5884,5076,3736,3361,11076,7318,4045,3382,33.489,-20.5639,8.53685,47.7287
32384,3251,3393,3290,3098,3763,3910,3689,3378,4537,5610,4807,4002,5422,9008,6806,4275,23.4256,-4.06761,8.86291,48.1593
32385,3340,3527,3814,3701,3595,4033,5494,4511,3830,5012,8130,5612,3448,4195,5245,4727,6.54349,8.76861,8.93655,48.1427
32386,3254,3614,4188,4926,3378,3884,5160,8728,3286,3775,4813,7682,3218,3506,3988,4477,-1.78408,32.6091,8.78225,47.918
32387,3315,3429,3230,3258,3625,3850,3757,3531,4172,4921,5034,4108,4699,8371,8164,4898,32.4901,0.0319511,8.69765,48.2413
32388,3643,3718,3707,3372,4017,4592,4208,3727,4723,7577,6082,3912,4538,5517,4939,3961,9.96879,-3.1003,8.6278,48.1553
32389,10470,5740,3736,3372,7985,5003,3805,3409,4343,3834,3499,3296,3530,3359,3299,3219,-18.7135,-32.2111,8.62182,47.9327
32390,3309,3774,4233,4361,3444,4203,6594,6071,3447,4200,6832,6080,3342,3815,4324,4356,0.198371,13.3004,8.87184,48.2567
32391,3468,3938,5338,5908,3456,4166,7090,7678,3322,3861,4842,4994,3122,3416,3827,3778,-9.13847,16.7399,8.82455,48.136
32392,3947,3811,3528,3311,4898,5383,4011,3577,6169,7962,4565,3624,5024,5118,4113,3534,6.20372,-11.6822,8.8788,48.3833
32393,3240,3289,3358,3211,3381,3733,3969,3626,3829,4839,5773,4506,4316,6535,9148,5440,23.267,4.66084,8.92068,48.1287
32394,3419,4274,7732,10619,3304,3978,4901,5709,3228,3418,3990,3880,3229,3228,3489,3360,-29.0276,19.3585,8.54257,47.8387
32395,3718,3967,4083,3748,4038,5588,5828,4171,4109,6122,6385,4321,3765,4272,4282,3718,1.50711,0.644099,8.57019,48.0767
32396,3300,3326,3312,3214,3733,3817,3638,3426,4789,5267,4380,3772,6728,9678,5609,3904,27.0094,-9.21824,8.54315,47.9287
32397,4599,4605,3828,3460,6518,7172,4322,3491,5642,6008,4070,3532,4242,3966,3676,3305,-2.97349,-14.1582,8.77015,48.2907
32398,3595,3903,3957,3703,3898,5237,5627,4217,4064,6050,6807,4417,3733,4291,4301,3967,2.96646,1.79918,8.85162,47.8447
32399,6992,7338,4564,3542,6231,6667,4340,3627,4211,4059,3632,3357,3485,3395,3296,3049,-16.8066,-13.3532,8.59072,47.8567
32400,3323,3406,3196,3009,3997,3801,3531,3250,6069,4698,3821,3389,12668,6192,3882,3375,28.1293,-27.1177,8.926,47.738
32401,3468,3357,3288,3176,3859,3826,3355,3194,5974,4781,3667,3388,12690,5998,3853,3381,32.0006,-29.5891,8.84941,47.5033
32402,5595,9565,6784,4143,4481,5225,4772,3892,3648,3783,3609,3384,3254,3437,3321,3236,-31.3625,-4.58667,8.94111,48.086
32403,3334,3416,3355,3157,3720,3864,3798,3366,4705,6395,5047,3858,5502,8543,6097,4230,19.5815,-5.36703,8.64487,48.258
32404,5535,4545,3629,3383,9563,5245,3727,3289,6688,4736,3759,3308,4292,3810,3455,3142,-4.74579,-27.888,8.71827,48.0707
32405,3321,3735,4013,4129,3500,4135,6002,5796,3525,4288,7109,6386,3286,3813,4539,4615,2.34097,13.6481,8.74479,48.128
32406,5530,4324,3558,3272,9628,5002,3843,3438,7005,4556,3706,3373,4280,4014,3459,3296,-4.35623,-30.063,8.82079,48.1893
32407,3608,4863,8212,7268,3649,4171,6203,5768,3338,3504,4088,4033,3091,3222,3511,3442,-19.6823,12.8906,8.96002,47.9807
32408,3118,3318,3327,3254,3443,3748,3799,3690,3736,4657,5280,4374,4205,6553,9732,5784,28.3418,5.38576,8.77097,48.012
32409,7735,5043,3801,3413,9648,5279,3835,3359,4997,4138,3532,3239,3662,3645,3399,3201,-12.0202,-31.9188,8.60687,47.9507
32410,3315,3916,5246,6308,3521,3975,6447,8571,3293,3588,4565,5277,3253,3493,3759,3878,-8.95324,19.945,8.60595,48.27
32411,3457,3586,3315,3176,4098,4144,3681,3386,5863,6762,4426,3729,6639,7640,4808,3669,16.8614,-12.3799,8.82541,48.2527
32412,3360,3340,3211,3097,4043,3766,3490,3143,6556,4923,3762,3328,11940,6416,4034,3353,24.3751,-24.9624,8.73752,47.8413
32413,3720,3739,3475,3181,4654,4906,3948,3479,6416,8030,4620,3579,5293,5723,4226,3494,9.03009,-11.8501,8.80366,48.322
32414,3716,4170,4162,3844,4116,5919,6187,4295,4109,5915,6145,4209,3671,4010,4197,3706,-0.420679,0.543243,8.83763,48.2473
32415,3336,3917,6114,12274,3330,3677,4687,6146,3237,3467,3780,3843,3146,3169,3382,3422,-26.5595,33.4224,8.87505,47.2847
32416,3685,3568,3298,3171,4573,4112,3504,3286,8866,5325,3823,3284,8767,5611,3843,3376,14.8816,-24.1537,8.83447,48.0613
32417,3364,3776,4232,3976,3694,4458,6373,4792,3781,4871,7460,5305,3585,3980,4613,4154,2.29535,8.36175,8.99513,48.276
32418,3396,3935,6199,12383,3345,3685,4745,6447,3180,3459,3706,3895,3015,3133,3430,3464,-26.8343,27.5884,8.68266,47.6113
32419,3897,5105,7823,6049,3769,4696,6817,5503,3472,3826,4275,3957,3172,3331,3550,3451,-16.9311,10.0521,8.56214,48.462
32420,5684,4406,3541,3325,9939,5089,3717,3315,6691,4565,3616,3207,4153,3796,3368,3203,-5.25717,-31.08,8.83692,47.7433
32421,4268,4736,4239,3632,5054,7783,5254,3835,4465,6020,4624,3729,3847,4075,3778,3558,-3.62506,-5.98572,8.77393,48.598
32422,4171,6382,8068,5280,4087,5297,6216,4685,3478,3785,3987,3822,3231,3285,3396,3294,-18.7167,3.90734,8.93543,48.3093
32423,7102,5006,3873,3247,10091,5252,3898,3357,5443,4273,3596,3259,3847,3591,3327,3157,-9.81756,-30.063,8.94948,48.2127
32424,3022,3347,3474,3556,3272,3668,4154,4126,3647,4285,6661,6444,3579,4688,7259,7185,16.8101,14.1076,8.99256,48.2447
32425,3775,3585,3279,3013,5002,4194,3539,3282,9459,5341,3813,3363,7927,5233,3751,3244,12.5245,-27.9283,8.69002,47.8667
32426,3728,4162,3959,3561,4411,6065,4879,3815,4753,7177,5514,3915,4018,4533,4138,3686,2.55443,-4.58736,8.52112,48.2093
32427,3296,3883,5091,5914,3370,4050,6862,8088,3257,3815,4705,5381,3165,3405,3726,3987,-7.88561,17.5675,8.7713,47.9967
32428,3265,3355,3295,3245,3698,3766,3695,3509,4397,5359,4640,4032,5315,9417,6834,4257,33.0059,-4.43261,8.62317,48.0527
32429,7015,5271,3829,3335,9048,6036,3952,3351,5182,4438,3693,3177,3803,3651,3261,3123,-10.5386,-21.4479,8.77409,48.11
32430,4323,3938,3471,3174,7182,4716,3734,3379,9228,5025,3628,3408,5220,4392,3662,3320,3.09641,-32.1179,8.74664,47.8667
32431,3041,3333,3483,3565,3209,3594,3994,4496,3355,3916,5239,7935,3399,3992,6070,9754,17.406,24.553,8.51832,48.25
32432,3387,3924,5393,7096,3462,3975,6053,8684,3254,3571,4405,4881,3147,3404,3699,3801,-11.8049,20.8139,8.71261,48.0907
32433,6049,4628,3668,3292,9777,5270,3762,3346,6308,4399,3663,3343,4061,3837,3286,3219,-6.41906,-29.9112,8.74738,47.9387
32434,5422,4458,3708,3278,8742,6161,3891,3415,6278,4997,3732,3309,4184,3946,3504,3243,-4.69834,-20.6819,8.93035,48.1787
32435,3873,5431,7052,4933,3922,5373,7414,4998,3540,3925,4340,4039,3285,3444,3431,3460,-14.6497,5.20274,8.91519,48.3067
32436,9398,8428,4508,3559,5744,5249,4022,3444,3907,3772,3588,3284,3319,3391,3270,3083,-25.786,-16.3853,8.71052,47.9773
32437,3138,3208,3351,3381,3132,3395,3804,3897,3270,3820,4827,5988,3380,3858,6123,12476,28.5402,28.5645,8.83655,47.3653
32438,3404,3566,3624,3416,3701,4278,4791,3930,4160,6025,7393,4581,3843,5091,5775,4452,10.0946,2.94579,8.82546,48.02
32439,3070,3351,3806,4128,3295,3699,4417,5984,3428,3846,5644,9792,3356,3754,4847,6404,7.70513,24.8288,8.90648,48.5473
32440,3494,3428,3384,3273,3975,4141,3741,3451,5672,6811,4550,3623,6457,7909,4916,3660,17.2074,-10.8276,8.55638,48.3233
32441,3916,5006,6557,4917,3855,5332,7798,4991,3510,4024,4445,3957,3379,3404,3587,3516,-12.9143,5.85942,8.82108,48.1293
32442,3951,4800,5317,4266,4082,6324,7582,4741,3684,4473,4983,3985,3352,3626,3726,3481,-8.15543,2.9556,8.71669,48.2487
32443,3282,3336,3359,3112,3814,3835,3610,3218,5147,5599,4293,3573,7638,9349,5024,3706,24.4819,-11.9731,8.68961,47.93
32444,4398,5155,4672,3901,4638,7606,6035,4089,4022,5036,4557,3808,3562,3765,3644,3491,-7.35465,-3.11798,8.68223,48.2527
32445,3988,5660,7610,5386,3862,5221,6997,4909,3372,3932,4165,3816,3206,3321,3378,3414,-16.6285,5.61338,8.65056,48.158
32446,3310,3852,4832,5467,3377,4058,6528,8248,3365,3826,5054,5635,3285,3466,3906,4093,-5.7762,18.911,8.79714,48.2013
32447,11540,6976,4203,3315,5886,4908,3835,3309,3981,3923,3587,3206,3409,3412,3268,3138,-28.5891,-22.9205,8.76665,47.9307
32448,3357,3837,5700,9346,3371,3809,5328,8163,3343,3561,4086,4557,3180,3217,3428,3517,-16.1461,25.3808,8.59781,47.8667
32449,6040,4793,3723,3307,9351,5748,3908,3413,5950,4616,3627,3330,3971,3780,3423,3104,-7.09857,-23.1037,8.57759,48.056
32450,3723,5123,9716,7748,3607,4192,5454,5051,3289,3520,3806,3832,3113,3241,3435,3319,-27.0667,11.6752,8.99097,48.1127
32451,3264,3528,4076,3941,3535,4104,5728,5193,3498,4441,7575,6457,3521,3957,4830,4738,4.53317,12.2847,8.79525,48.2573
32452,3458,4130,6770,11317,3319,3900,5067,6503,3235,3399,3801,4012,3072,3198,3349,3452,-23.1223,22.982,8.78817,47.988
32453,3718,4265,5384,4701,3811,5041,8137,5589,3536,4106,5314,4485,3280,3428,3833,3722,-7.25301,8.5262,8.72157,48.2333
32454,11980,6642,3975,3345,6003,4912,3753,3418,3941,3805,3441,3255,3439,3423,3176,3115,-33.6115,-23.4306,8.58273,47.7487
32455,3362,3892,5982,12331,3380,3849,4776,5859,3269,3425,3786,3919,3266,3257,3459,3331,-31.5654,32.9403,8.83767,47.4287
32456,3845,5352,8964,6446,3584,4536,6268,5172,3290,3564,3950,3885,3138,3326,3341,3265,-20.6493,9.53386,8.87593,47.9507
32457,7550,5158,3819,3449,9673,5306,3743,3347,5166,4357,3592,3234,3735,3595,3252,3084,-11.5203,-26.0589,8.90338,48.04
32458,3522,3786,3761,3658,3868,4631,4959,3973,4195,6536,7186,4535,3914,4770,4858,4147,6.80767,1.39397,8.71837,48.1993
32459,3386,4190,7593,10939,3432,3887,5013,5569,3198,3468,3787,3810,3054,3169,3366,3431,-31.9107,19.483,8.83813,47.528
32460,3898,4222,3886,3486,4689,6510,4684,3633,4981,7231,5035,3769,4174,4401,4050,3496,1.60683,-6.94491,8.95306,48.0967
32461,3411,3931,6956,11642,3345,3794,4943,6112,3167,3424,3883,3953,3093,3111,3369,3506,-27.5693,22.6569,8.5019,47.76
32462,3869,3653,3396,3250,5674,4496,3512,3366,10114,5302,3809,3385,6591,4780,3792,3268,8.56987,-33.3381,8.96874,48.1713
32463,12468,5913,3914,3391,6122,4572,3720,3360,4020,3774,3389,3235,3545,3385,3258,3140,-33.4111,-30.9113,8.71115,47.4707
32464,3069,3221,3417,3399,3234,3500,3783,4086,3584,4069,5588,5836,3495,4483,8371,8836,22.7087,15.7835,8.88515,47.9807
32465,3488,3440,3282,3085,4269,3946,3537,3271,7487,4855,3839,3372,10807,5927,3998,3312,20.0814,-26.795,8.56498,47.9433
32466,3102,3207,3380,3356,3173,3353,3827,3961,3491,3799,5010,5966,3325,4064,7308,11272,28.7511,20.9316,8.57212,47.7293
32467,3091,3357,3448,3422,3384,3686,4121,3917,3765,4582,6269,5213,3890,5236,8443,6422,19.7465,9.4108,8.70218,48.164
32468,10757,5721,3851,3342,7782,4905,3756,3402,4269,3999,3544,3213,3478,3420,3148,3080,-19.4516,-27.7657,8.91998,47.778
32469,3368,3377,3242,3129,3969,3782,3312,3272,6025,4644,3706,3481,12575,5933,3986,3423,31.4923,-28.7083,8.6523,47.4827
32470,3370,3894,5983,12582,3510,3748,4631,6068,3314,3432,3767,3818,3214,3157,3276,3429,-28.1736,32.518,8.83531,47.462
32471,3346,3451,3359,3291,3921,4243,3769,3396,5407,7075,4720,3714,6092,7862,5054,3773,16.804,-9.56319,8.75395,48.3153
32472,3918,4593,5381,4496,4019,5603,8090,4900,3626,4378,5116,4160,3350,3623,3800,3668,-7.92375,5.34215,8.81083,48.4807
32473,3488,3649,3766,3552,3740,4611,5451,4237,3973,5791,7695,4935,3705,4552,5114,4250,5.90771,4.05015,8.63904,48.3393
32474,3627,4147,4627,4344,3798,5191,7647,5097,3578,4578,6038,4691,3334,3850,4148,3820,-3.37413,6.74205,8.5808,48.3433
32475,3301,3686,4375,4908,3236,3795,5658,8454,3352,3884,5198,7204,3241,3587,4072,4564,-1.75536,21.6988,8.95959,48.3433
32476,3904,4053,3804,3356,4581,5923,4630,3665,5119,7909,5166,3776,4328,4766,4137,3675,3.80815,-6.82619,8.87325,48.528
32477,3474,3297,3209,3138,4158,4028,3506,3258,6566,5564,3971,3333,9342,7291,4257,3570,20.7023,-18.5644,8.73888,47.9747
32478,7766,9576,5024,3772,4958,5186,4294,3667,3895,3787,3611,3417,3277,3373,3239,3133,-32.1363,-11.8373,8.82105,47.9833
32479,3451,4096,5547,6637,3584,4146,6763,7886,3318,3635,4602,4949,3141,3388,3584,3655,-10.924,17.4301,8.65722,48.2547
32480,3296,3464,4267,4928,3373,3642,4972,8305,3258,3774,4961,8225,3233,3544,4084,4743,-0.414442,28.32,8.595,48.046
32481,8224,9220,4790,3652,5286,5212,4095,3523,3830,3845,3574,3298,3470,3381,3269,3131,-28.9381,-13.584,8.68973,47.8667
32482,3967,3647,3448,3135,5729,4277,3667,3279,9857,5359,3790,3243,6846,4942,3758,3362,8.82462,-27.6261,8.75216,48.204
32483,11317,7337,4089,3472,5737,5137,3858,3389,3975,3901,3500,3271,3421,3317,3288,3114,-32.8833,-20.393,8.83125,48.082
32484,3540,3418,3358,3014,4562,4165,3576,3242,8093,5587,3806,3424,8757,5909,4131,3417,15.9484,-22.418,8.60568,47.9993
32485,3428,4139,5835,6150,3492,4306,7305,7214,3276,3639,4606,4705,3209,3255,3613,3672,-11.4904,15.3908,8.76409,47.896
32486,3067,3276,3418,3320,3091,3343,3823,3821,3432,3765,4896,6250,3437,3910,6029,12518,27.3517,32.0247,8.69002,47.5973
32487,3517,4298,7943,10512,3556,3951,5122,5693,3101,3505,3808,3958,3027,3147,3480,3381,-27.1988,18.6896,8.86775,47.9993
32488,3072,3327,3632,3668,3253,3547,4199,4868,3274,3868,5308,9505,3282,3833,5237,8178,12.9488,27.3423,8.71619,48.034
32489,3657,4629,8460,8973,3439,4190,5553,5849,3133,3557,3967,3957,3098,3257,3397,3411,-23.9885,15.7798,8.84464,48.3513
32490,6006,6946,4565,3639,5945,7320,4487,3689,4274,4347,3796,3416,3564,3550,3446,3194,-14.1969,-11.334,8.80563,48.1227
32491,3286,3713,4275,4540,3436,4168,6347,6379,3457,3956,6512,6518,3321,3700,4345,4485,0.210459,15.3412,8.9175,48.292
32492,3418,3366,3225,3037,3915,3861,3428,3184,6317,5072,3707,3310,10953,7309,4277,3514,24.8477,-20.7665,8.84171,47.9287
32493,6646,10137,5714,3918,4883,5230,4331,3786,3715,3798,3534,3297,3341,3416,3331,3223,-30.9334,-8.63184,8.9697,48.2
32494,3232,3722,4937,5499,3400,4013,6275,8608,3262,3765,4797,6019,3265,3398,3827,4316,-5.54172,20.1817,8.8313,48.2233
32495,3403,3729,3872,3751,3664,4302,5556,4543,3784,5088,7710,5479,3691,4182,5076,4445,5.52957,8.1022,8.66763,48.1833
32496,3476,3702,3996,3784,3787,4776,5891,4458,3950,5455,7436,4731,3618,4248,4607,4214,3.53018,4.55763,8.59591,48.086
32497,3216,3366,3888,4167,3447,3786,5009,6102,3478,3851,6450,8371,3265,3753,4640,5253,4.53922,19.036,8.90607,48.028
32498,3307,3325,3366,3203,3657,3899,3636,3387,4632,5627,4643,3899,5946,9390,6146,4094,23.2937,-6.13839,8.96336,48.1047
32499,3378,3513,3678,3618,3671,4186,4819,4092,3917,5722,7722,4884,3883,4778,5788,4567,9.749,4.85407,8.56697,48.144
32500,3268,3517,4244,4227,3423,4005,5972,5999,3530,4201,6795,6778,3312,3837,4561,4630,2.31414,14.9975,8.98913,48.1993
32501,3409,3366,3204,3119,4205,3870,3473,3210,7155,5190,3790,3404,10663,6357,4049,3308,20.8276,-22.8949,8.77239,47.848
32502,3295,3329,3474,3165,3679,3623,3693,3487,4324,5158,4638,3965,5499,9356,7108,4182,29.6196,-3.63804,8.83788,47.9833
32503,3347,3930,6481,12302,3362,3763,4837,6516,3243,3519,3761,3867,3061,3278,3303,3372,-25.7365,25.6835,8.9698,47.9613
32504,5629,8145,5619,4023,4980,6780,4927,3936,3860,4034,3807,3390,3476,3463,3300,3132,-18.1273,-7.03959,8.63435,48.334
32505,3219,3585,4019,4216,3429,3833,5213,6642,3398,3925,6010,8240,3226,3735,4564,5039,3.26619,20.0601,8.51509,48.1953
32506,3193,3454,4034,4483,3470,3723,4916,7326,3439,3863,5434,8592,3324,3624,4362,5141,2.22865,24.3363,8.62931,48.252
32507,3866,3646,3319,3111,5407,4368,3643,3249,9944,5209,3826,3348,7277,4815,3749,3314,10.0898,-29.7228,8.77763,48.0607
32508,3232,3311,3387,3290,3604,3769,3737,3548,4122,4946,5117,4077,4883,8615,8045,4820,25.6384,-0.787247,8.64274,48.3353
32509,3091,3251,3382,3440,3329,3422,3771,3875,3329,3738,4722,5981,3297,4009,5951,12718,29.5313,30.7101,8.55432,47.5373
32510,3559,4061,4752,4293,3658,5046,7763,5346,3628,4603,5778,4693,3435,3696,4040,3910,-4.00927,7.73995,8.87954,48.174
32511,3799,3580,3324,3179,5482,4334,3640,3318,9998,5134,3699,3367,7131,4828,3767,3231,9.6697,-31.3666,8.92334,47.874
32512,3183,3306,3614,3736,3301,3699,4444,4560,3482,4267,7212,7120,3526,4213,6089,6386,12.0989,15.0976,8.87153,48.092
32513,4031,5575,7232,5129,3928,5486,7140,4715,3574,4051,4269,3801,3285,3430,3341,3436,-15.541,4.60298,8.81461,48.282
32514,3838,5468,9905,7150,3627,4289,5314,4863,3357,3569,3836,3819,3228,3249,3382,3269,-28.8965,10.1409,8.66189,48.1087
32515,6298,7857,4836,3683,5592,6995,4521,3743,4019,4208,3778,3461,3496,3526,3289,3135,-17.0712,-10.9135,8.98216,48.2913
32516,3887,4346,4487,3994,4190,6114,6843,4385,3899,5307,5864,4207,3473,3915,4025,3747,-3.08977,1.87007,8.77712,48.4553
32517,5667,8471,5775,4087,4950,6331,4900,3900,3751,3929,3741,3482,3360,3421,3408,3175,-19.8979,-6.66009,8.63398,48.232
32518,3429,3414,3310,3091,3962,4164,3637,3314,5485,6525,4560,3579,6658,8223,5055,3828,18.8107,-10.5917,8.66045,48.156
32519,3287,3647,3902,3825,3440,4071,5711,5207,3554,4497,7776,6525,3500,4152,4793,4841,4.91571,12.6804,8.94885,48.4853
32520,3307,3414,3455,3361,3692,3997,4221,3681,4159,6025,6478,4429,4403,6328,6975,4596,16.0876,1.45374,8.85093,48.3473
32521,4461,4576,3743,3359,6219,6844,4196,3471,6017,6193,4107,3448,4309,4209,3674,3420,-1.22928,-14.0719,8.5662,48.164
32522,4781,8556,7795,4559,4238,5003,4814,4185,3645,3774,3703,3554,3359,3407,3405,3267,-31.7064,-1.418,8.59105,48.03
32523,7071,5747,3897,3423,8286,6364,4091,3525,4891,4427,3704,3221,3591,3615,3350,3128,-11.8792,-19.0124,8.93835,48.2207
32524,3086,3248,3397,3398,3255,3539,3848,4123,3230,3831,4960,6979,3381,3968,5966,11729,22.0854,28.4833,8.81448,47.9587
32525,3285,3563,3453,3438,3542,4021,4268,3929,3972,5430,7418,4976,3904,5231,7019,5022,14.5315,5.58341,8.78604,48.314
32526,3308,3371,3257,3132,4020,3808,3505,3113,6007,4901,3795,3280,11950,6818,4093,3327,27.6757,-23.7027,8.67865,47.79
32527,4158,5140,5424,4276,4147,6589,7250,4490,3708,4573,4664,3964,3495,3565,3587,3530,-9.68529,1.1703,8.70004,48.3733
32528,2989,3144,3291,3345,3193,3452,3846,3942,3374,3893,4795,6616,3310,3872,6059,12197,24.7349,27.5879,8.90346,47.5453
32529,3066,3273,3489,3454,3259,3568,3772,4101,3406,3850,5287,6333,3448,4316,7203,10166,22.7741,19.693,8.64704,47.994
32530,3391,3944,5930,12116,3434,3784,4806,6747,3254,3374,3809,4125,3127,3328,3339,3407,-23.3274,30.2504,8.90715,47.9433
32531,3360,3492,3370,3082,3854,3907,3688,3407,5281,6258,4477,3611,6639,8917,5301,3823,20.2714,-9.87866,8.96754,48.3113
32532,3372,3872,5498,9111,3339,3851,5272,8760,3252,3537,3946,4600,3068,3312,3565,3588,-15.313,27.5419,8.88226,47.962
32533,3281,3294,3699,3790,3351,3680,4156,5708,3293,3746,5204,9727,3333,3664,4912,6927,9.51426,29.5925,8.52625,47.8433
32534,3320,3966,6298,12664,3282,3688,4752,6003,3166,3431,3791,4009,3116,3228,3391,3388,-32.0928,26.3105,8.91454,47.662
32535,12843,5954,3833,3377,5975,4765,3695,3348,4022,3687,3421,3199,3423,3389,3298,3178,-32.8728,-28.4877,8.81461,47.6047
32536,3304,3366,3257,3083,3993,3830,3376,3152,6106,4642,3809,3433,12627,6304,3950,3369,27.7373,-27.5995,8.86031,47.734
32537,3866,3587,3401,3119,5667,4458,3591,3374,9964,5431,3840,3467,6736,4898,3715,3262,9.34671,-32.4054,8.79534,48.2507
32538,4365,4666,4075,3464,5477,7504,4767,3771,4933,6259,4484,3566,4031,4095,3728,3467,-2.83489,-9.26455,8.61216,48.4347
32539,12541,6081,3954,3370,6049,4658,3846,3242,3891,3712,3439,3315,3419,3314,3270,3156,-29.8043,-29.5387,8.65128,47.5047
32540,4923,7592,5983,4238,4586,6610,5413,3986,3712,4078,3872,3576,3310,3410,3405,3145,-16.9843,-3.67767,8.77627,47.8927
32541,5288,4290,3607,3311,9011,5409,3697,3280,7192,4835,3695,3305,4514,3980,3506,3126,-2.86654,-24.6598,8.97983,48.0307
32542,3349,3945,5524,7928,3416,3897,5972,9031,3248,3547,4262,4772,3055,3275,3614,3610,-13.5305,21.9752,8.98394,48.2967
32543,3379,3808,5976,12710,3316,3811,4617,6190,3255,3526,3753,3951,3082,3165,3359,3420,-28.09,30.1231,8.93668,47.5453
32544,3075,3294,3478,3460,3325,3469,3915,3875,3429,3839,4897,5733,3327,4174,7492,10786,32.7271,19.7219,8.5909,47.712
32545,3482,3596,3156,3167,4817,4133,3560,3227,9196,5299,3780,3413,8643,5361,3837,3451,14.3528,-27.6485,8.9278,48.0787
32546,3422,4171,5761,7213,3476,4012,6309,8184,3313,3680,4340,4771,3055,3386,3656,3684,-12.6781,19.084,8.66554,48.2887
32547,3194,3342,3293,3346,3328,3639,3763,3736,3622,4361,5233,4930,3746,5473,9847,6691,33.4745,9.35478,8.81765,47.696
32548,3140,3268,3481,3354,3135,3426,3860,3916,3283,3847,4802,6268,3349,3981,6375,12298,26.5202,25.2236,8.96502,47.8553
32549,4691,4202,3523,3335,8249,4818,3770,3345,8506,4911,3892,3295,4813,4220,3646,3265,0.579212,-31.9111,8.76719,48.3207
32550,5416,7028,4990,3850,5351,7574,5041,3893,4085,4361,3851,3500,3469,3530,3342,3157,-14.0531,-7.34176,8.57876,48.292
32551,12270,6425,3896,3395,6029,4898,3743,3292,4113,3747,3428,3213,3385,3329,3243,3041,-27.7047,-25.6143,8.57002,47.6313
32552,3661,4507,8250,8861,3530,3945,5529,5910,3216,3581,3981,3991,3096,3250,3369,3474,-22.4265,15.8407,8.68371,48.1007
32553,3398,3498,3307,3095,4108,4008,3440,3298,6453,5579,4132,3498,9007,7439,4331,3561,20.4918,-17.6961,8.74173,48.1013
32554,3397,3392,3255,3082,3966,3847,3484,3248,6306,4781,3764,3322,12637,6097,3903,3397,26.8195,-27.675,8.82969,47.9187
32555,3173,3264,3384,3235,3576,3707,3687,3507,4265,5121,4839,3976,5420,9016,7521,4493,27.2908,-2.66126,8.73845,48.1227
32556,3196,3317,3635,3881,3300,3680,4291,5514,3380,3826,5391,9725,3269,3699,4955,7013,9.65009,26.6066,8.7575,48.048
32557,8780,9160,4900,3599,5210,5164,4015,3432,3773,3826,3578,3411,3360,3399,3339,3024,-28.7296,-14.4316,8.89253,47.98
32558,3464,3368,3229,3087,3837,3735,3490,3222,6160,4724,3772,3462,12572,6191,3864,3401,30.0862,-27.151,8.70212,47.7187
32559,3043,3265,3443,3350,3255,3511,3809,3937,3387,4100,5356,5702,3529,4412,8244,9456,24.8673,16.6715,8.58467,47.866
32560,3194,3214,3368,3305,3315,3355,3824,3905,3336,3872,4756,6128,3325,4154,6895,12050,27.609,23.2548,8.77454,47.9973
32561,3428,3431,3216,3014,4013,3945,3586,3195,6776,5188,3831,3370,10567,6914,4148,3446,21.8444,-21.2923,8.74968,48.0453
32562,3305,3463,3202,3027,4147,3871,3592,3292,6494,5491,3966,3395,9879,7332,4219,3472,21.736,-19.1122,8.7846,48.098
32563,3477,3561,3303,3246,4101,4088,3630,3253,6219,6401,4226,3555,7487,7635,4483,3613,18.122,-14.3915,8.88804,48.1853
32564,3271,3410,3369,3320,3700,4021,3922,3606,4388,5689,5748,4227,4576,7298,7293,4642,19.1111,0.0359046,8.8448,48.32
32565,8739,8969,4558,3599,5501,5073,4015,3580,3808,3855,3582,3250,3379,3397,3194,3209,-33.5342,-14.5517,8.91162,47.8053
32566,3325,3464,3636,3520,3425,3892,4415,4169,3624,4815,7717,5737,3699,4518,6683,5703,13.4797,10.1704,8.68377,48.228
32567,4658,6225,5553,4130,4615,7369,6164,4015,3866,4404,4070,3611,3393,3512,3486,3307,-12.7964,-2.74914,8.95093,48.252
32568,3495,3534,3361,3232,4183,4459,3872,3462,5650,7992,4841,3683,5583,6629,4628,3804,12.6147,-9.29068,8.99906,48.272
32569,3809,4895,7598,5883,3821,4678,7272,5481,3430,3826,4161,4031,3260,3334,3558,3425,-16.1141,9.31809,8.84546,48.308
32570,3214,3337,3480,3391,3555,3979,4172,3939,3826,5193,6913,4893,4103,5659,7498,5266,16.5584,5.50745,8.80093,48.2787
32571,3242,3590,3693,3616,3513,4072,4789,4244,3726,5171,8038,5464,3698,4419,5849,5090,9.79704,8.38735,8.78326,48.1427
32572,3327,3633,4739,5853,3353,3845,5588,9570,3300,3661,4650,6181,3188,3445,3841,4150,-6.63966,24.5766,8.82515,48.216
32573,3569,3754,3734,3454,4103,5356,4789,3717,4566,7302,6120,4126,4313,4946,4506,3824,5.58432,-2.63745,8.62454,48.1193
32574,3561,3640,3516,3359,3852,4754,4120,3636,4874,7634,5998,4106,4529,6028,5206,3863,10.897,-3.56158,8.85227,48.4507
32575,3469,3689,3626,3444,4044,4815,4730,3903,4403,7007,6783,4173,4164,5165,4915,3974,7.79349,-0.517171,8.6284,48.2027
32576,3435,3336,3298,3157,4216,3788,3428,3183,6739,5246,3886,3428,10567,6910,4068,3398,21.7093,-21.4201,8.93262,48.0553
32577,5614,4921,3848,3458,8189,6520,4047,3493,5740,5021,3821,3322,4079,3831,3420,3124,-6.34587,-18.2614,8.92978,48.2987
32578,3243,3647,4024,4766,3332,3699,4857,8117,3396,3742,5041,8453,3328,3623,4105,4907,0.299307,28.1445,8.68502,48.1867
32579,7601,9778,5181,3885,4964,5464,4208,3583,3912,3832,3550,3195,3371,3351,3345,3086,-25.8292,-11.3944,8.65025,48.204
32580,6528,4832,3615,3356,9860,5661,3813,3334,5633,4326,3652,3351,3921,3676,3402,3154,-8.65461,-25.5686,8.91512,48.076
32581,3242,3644,4382,4962,3361,3720,5013,8944,3399,3814,4911,7424,3331,3455,4083,4462,-1.91179,33.294,8.58556,48.098
32582,3718,3695,3367,3031,5346,4209,3728,3288,9764,5261,3816,3431,7325,4890,3775,3311,10.6207,-28.5241,8.93061,47.97
32583,8098,5176,3700,3346,9576,5187,3697,3442,5071,4260,3560,3256,3651,3544,3405,3120,-12.6303,-29.7139,8.91888,48.0593
32584,3163,3334,3449,3340,3571,3656,3957,3640,3976,4753,5705,4598,4133,6588,9291,5509,23.7382,4.64462,8.9936,48.442
32585,4004,5685,9783,6702,3668,4448,5385,4890,3364,3597,3849,3762,3173,3262,3338,3277,-25.7462,9.01006,8.77791,48.1247
32586,6928,9866,5440,3816,4827,5159,4279,3613,3838,3680,3652,3363,3390,3458,3235,3215,-32.6299,-9.52368,8.76769,47.8393
32587,3372,3972,6001,11511,3376,3975,4987,7087,3266,3421,3812,4067,3030,3221,3512,3432,-22.3028,26.294,8.64831,48.028
32588,3093,3356,3634,3752,3333,3642,4283,4992,3374,3964,5232,9277,3329,3906,5102,8023,12.8479,27.4388,8.57271,48.1947
32589,3223,3410,3406,3371,3338,3638,3682,3725,3843,4565,5115,4512,4102,6437,9819,5790,31.357,5.79673,8.94201,47.984
32590,3280,3542,3636,3456,3568,3940,4610,3971,3895,5400,7653,4998,3911,5026,6649,4979,12.998,5.94946,8.71453,48.3427
32591,9329,5386,3876,3370,8901,5211,3773,3317,4574,4050,3507,3259,3508,3476,3262,3102,-15.5174,-31.2698,8.94649,47.934
32592,4606,5820,4594,3937,5189,8060,5339,3754,4119,4849,4094,3640,3623,3767,3493,3278,-9.53534,-6.49633,8.5856,48.108
32593,6844,9723,5684,3936,4853,5453,4393,3703,3744,3937,3573,3424,3285,3361,3273,3130,-26.8217,-9.26659,8.6947,48.2107
32594,3161,3226,3339,3384,3231,3530,3948,4194,3269,3857,5140,6945,3449,4043,6627,11185,21.5407,23.8443,8.88438,48.352
32595,4469,4087,3460,3277,7566,4840,3754,3285,8803,5054,3613,3392,5076,4372,3531,3277,2.01977,-32.9099,8.57561,47.904
32596,4170,6240,7756,4901,3989,5463,6400,4548,3611,3829,4095,3660,3215,3383,3477,3339,-17.739,3.25371,8.70612,48.0507
32597,10583,7113,4158,3448,6400,5131,3973,3486,4038,3831,3448,3260,3520,3384,3152,3000,-23.6889,-20.2375,8.77198,47.95
32598,3398,4048,5607,5990,3463,4236,7181,7657,3310,3742,4637,4872,3119,3448,3636,3753,-9.77313,16.1656,8.68545,48.0647
32599,6149,5711,4023,3513,7498,7117,4151,3513,4630,4580,3829,3409,3803,3667,3308,3116,-10.8798,-15.7456,8.72201,48.0113
32600,3545,3492,3388,3243,4046,4479,3936,3417,5618,7843,4927,3797,5306,6609,4639,3674,12.6825,-8.58918,8.65155,47.9727
32601,3102,3190,3502,3512,3225,3560,3966,4041,3357,4040,5698,6486,3442,4335,7589,9191,20.6324,17.6358,8.82331,48.1573
32602,3702,4760,9098,8212,3426,4173,5211,5262,3326,3556,3867,3812,3152,3365,3331,3361,-33.962,13.6056,8.75772,47.7427
32603,3024,3347,3449,3388,3368,3720,4233,4125,3683,4361,7057,6000,3684,4714,7665,6432,16.5087,11.5559,8.9393,48.1667
32604,3024,3316,3434,3506,3179,3552,3987,4120,3324,3926,5131,7173,3436,3952,6209,10541,20.2498,23.8358,8.64929,47.8733
32605,3201,3516,3987,4205,3313,3881,4901,6244,3437,3881,5951,8710,3302,3706,4650,5536,4.94629,20.9602,8.54441,48.2807
32606,3089,3335,3460,3586,3347,3604,4089,4226,3549,4081,6487,6515,3593,4418,7372,7520,17.2859,15.3778,8.99909,48.1807
32607,6941,6646,4161,3431,6915,6790,4174,3595,4487,4346,3749,3367,3571,3562,3333,3114,-14.6008,-15.6968,8.92173,48.1213
32608,5496,4600,3679,3306,9484,5194,3795,3267,6458,4624,3723,3300,4126,3880,3472,3244,-4.84949,-33.6475,8.53418,47.7653
32609,3264,3287,3469,3406,3405,3426,3595,3884,3410,3816,4646,6045,3376,3880,5954,12548,32.4102,30.3557,8.63303,47.6073
32610,3396,3812,4906,7005,3521,3792,5224,9939,3315,3646,4281,5267,3107,3325,3638,3755,-10.1419,32.3186,8.72601,47.9527
32611,3235,3355,3597,3561,3448,3848,4339,4027,3633,4809,7152,5463,3729,4967,7558,5777,15.8289,9.56124,8.72309,48.332
32612,3347,3746,5224,8393,3284,3777,5240,9361,3200,3666,4178,4929,3167,3294,3552,3677,-13.1564,27.8921,8.7524,48.0233
32613,3397,3315,3258,3111,3833,3801,3478,3268,5446,5236,4074,3535,9208,9084,4671,3544,28.9986,-15.0902,8.97721,48.1727
32614,3391,4160,6992,11133,3520,3941,4942,6246,3201,3425,3804,4031,3058,3203,3428,3531,-24.6983,22.3254,8.50069,48.004
32615,3317,3371,3250,3192,3802,3944,3699,3466,4845,5530,4344,3623,6573,9570,5583,4000,24.7841,-8.57373,8.53715,48.0727
32616,3475,3906,5949,11476,3471,3735,5012,7170,3319,3387,3836,4186,3099,3112,3378,3356,-21.3377,28.6832,8.74426,47.9113
32617,3204,3497,4087,4323,3377,3847,5238,6341,3487,3902,6276,7909,3311,3774,4665,5129,3.54546,18.9658,8.5285,48.2447
32618,3242,3346,3321,3344,3584,3846,3827,3683,4067,5183,5813,4406,4387,7101,8213,4961,20.8422,2.54412,8.71039,48.216
32619,5104,6649,5066,3805,5159,7504,5498,3935,4039,4467,3938,3523,3374,3521,3311,3249,-13.2281,-6.09243,8.87358,48.0947
32620,3376,3377,3223,3163,3884,3718,3436,3324,6070,4715,3799,3421,12669,6085,3953,3394,30.0433,-29.8043,8.86943,47.738
32621,3239,3356,3425,3342,3377,3713,3855,3770,3838,4677,5167,4687,3930,6079,9663,6034,33.9453,6.74645,8.50311,48.1013
32622,4019,4640,4421,3833,4542,6936,6123,4189,4249,5558,5100,3804,3759,3920,3768,3640,-3.53646,-2.06031,8.6632,48.334
32623,3313,3407,3293,3155,3644,3844,3757,3425,4772,5748,4693,3767,5953,9215,6226,4201,23.1109,-6.02624,8.65279,48.2753
32624,6925,9776,5478,3842,4841,5233,4302,3778,3885,3920,3596,3282,3356,3325,3249,3065,-32.8767,-9.34415,8.50242,47.902
32625,3660,5039,9370,8171,3650,4229,5375,5198,3366,3580,3799,3794,3144,3073,3279,3422,-27.0766,12.8941,8.71479,48.0993
32626,3283,3406,3275,3174,3927,3773,3458,3268,5977,4664,3721,3393,12809,5920,3812,3470,27.9038,-31.0517,8.84447,47.5533
32627,3527,4441,7346,8652,3400,3982,5868,6759,3325,3598,3950,4183,3004,3197,3433,3468,-19.0216,17.3798,8.77349,48.0887
32628,6669,4887,3760,3279,9462,5750,3827,3503,5523,4491,3555,3230,3893,3729,3309,3175,-9.23395,-24.2008,8.52126,48.028
32629,3695,3511,3306,3221,4235,4354,3669,3425,6109,7615,4417,3728,5863,7087,4591,3538,14.1403,-11.7204,8.77315,48.2427
32630,3334,3654,4381,4811,3408,3981,6269,7480,3409,3876,5570,6503,3339,3585,4117,4259,-2.27805,18.0898,8.86637,47.984
32631,3745,4133,3985,3680,4190,6072,5827,4086,4222,6257,5860,4177,3901,4283,4170,3886,0.571204,-0.446495,8.80426,48.316
32632,8235,9481,4956,3715,5185,5244,4162,3565,3807,3909,3622,3320,3461,3437,3255,3128,-27.7383,-12.8891,8.75577,48.3213
32633,3760,4912,7695,6511,3616,4490,6743,5673,3424,3671,4180,4114,3205,3310,3472,3489,-17.4447,11.4713,8.69075,48.1767
32634,3395,3409,3264,3113,3903,3893,3499,3345,5523,5181,4013,3436,9589,8553,4470,3681,28.1393,-16.6837,8.63122,48.178
32635,3634,4731,7712,7262,3632,4241,6493,6034,3364,3727,4145,4117,3105,3240,3467,3454,-17.869,13.7158,8.90979,48.2387
32636,3147,3273,3371,3396,3225,3571,3791,3786,3596,4199,5603,5307,3632,4861,9254,7996,24.4051,13.0615,8.92366,48.0053
32637,3044,3354,3756,3863,3241,3768,4438,5517,3433,4018,5756,9317,3445,3787,5055,6623,9.40052,22.4918,8.61221,48.2767
32638,4521,6289,5643,4249,4415,6924,6055,4168,3800,4354,4220,3724,3355,3595,3535,3408,-13.2676,-2.14025,8.70897,48.17
32639,3307,3325,3381,3475,3171,3393,3732,3965,3351,3724,4748,5984,3301,3883,5836,12653,33.5922,31.6445,8.82568,47.486
32640,3157,3234,3344,3552,3305,3502,3864,4160,3422,3870,4873,7721,3364,3883,6026,11031,19.837,26.7366,8.99509,48.2053
32641,3335,4003,5509,6853,3467,4052,6225,8398,3254,3626,4404,4929,3142,3404,3687,3686,-11.7092,19.3982,8.79207,47.9827
32642,3357,3379,3245,3119,4023,3777,3417,3311,6019,4791,3837,3295,12618,6075,3947,3396,30.8765,-27.1647,8.68141,47.7373
32643,3240,3318,3367,3285,3631,3733,3874,3655,3998,4899,5464,4424,4299,7041,8966,5396,24.0415,3.75559,8.5267,48.3933
32644,3280,3930,5864,8961,3405,3802,5440,8736,3152,3480,4050,4607,3122,3260,3523,3550,-15.4663,25.3806,8.83785,48.108
32645,5120,4372,3505,3229,8508,5570,3893,3318,7422,5008,3759,3318,4507,4075,3600,3214,-1.94912,-23.4788,8.85778,48.2787
32646,3543,3850,4209,3866,3737,4783,6312,4663,3764,5116,7298,5035,3530,4065,4526,4106,1.95572,5.91243,8.9641,48.2687
32647,3501,3966,4491,4226,3666,4733,7412,5310,3608,4526,6635,4935,3481,3921,4171,3989,-1.78531,8.45323,8.72823,48.3807
32648,5287,9086,7332,4489,4257,5175,4799,4005,3702,3742,3578,3383,3273,3379,3348,3169,-27.5822,-2.75436,8.73414,48.0027
32649,3309,3818,5050,7792,3325,3788,5344,9437,3246,3538,4213,4931,3159,3488,3703,3677,-12.1353,32.772,8.5291,47.8787
32650,4145,4313,3673,3368,5813,6217,4284,3499,6017,7076,4290,3562,4388,4555,3839,3443,1.40009,-12.9837,8.75154,48.3213
32651,4754,6269,5055,3974,4975,7615,5593,4041,3918,4674,4125,3744,3504,3611,3542,3240,-11.7351,-5.04941,8.5189,48.4227
32652,3061,3292,3408,3340,3388,3622,3977,3884,3425,4284,5897,5731,3647,4739,8556,8008,21.6715,14.1547,8.72414,48.1727
32653,4139,5639,6979,4829,4020,5705,7027,4702,3540,3970,4384,3737,3361,3422,3540,3351,-15.1089,3.7496,8.85746,48.23
32654,12125,5831,3915,3374,6638,4724,3694,3379,3917,3762,3351,3242,3420,3375,3320,3045,-24.106,-28.9725,8.84878,47.408
32655,6405,9941,6275,4122,4537,5196,4469,3757,3734,3710,3525,3420,3201,3298,3314,3250,-29.0602,-6.92317,8.74175,48.1027
32656,3268,3371,3243,3105,4016,3823,3445,3337,6845,4913,3732,3386,11760,5862,3953,3424,22.9056,-30.695,8.55227,47.6553
32657,3006,3122,3452,3418,3264,3510,3904,4036,3425,3881,5385,6342,3519,4227,7485,10116,22.3515,19.0057,8.98892,48.0613
32658,3275,3645,3770,3700,3539,4248,5368,4338,3902,5365,8101,5183,3706,4486,5219,4532,7.14176,6.58829,8.76679,48.2513
32659,9646,7098,4146,3498,6886,5533,3843,3373,4246,3971,3405,3316,3395,3489,3266,3077,-19.9577,-19.5682,8.83267,48.1253
32660,7886,6280,4315,3363,7405,6063,4002,3530,4391,4230,3681,3288,3612,3579,3346,3075,-15.5715,-18.6272,8.5218,48.0307
32661,12116,6576,3920,3498,6087,4884,3789,3396,3951,3831,3380,3104,3445,3411,3210,3194,-28.5234,-24.0579,8.75218,47.8613
32662,4090,5444,5907,4426,4164,6139,7385,4587,3608,4171,4424,3903,3400,3548,3571,3428,-11.699,2.80406,8.71912,48.13
32663,3322,3471,3254,3125,3761,3862,3619,3310,5108,5452,4323,3528,7030,9666,5460,3849,25.2736,-10.0582,8.7222,48.0933
32664,6148,6362,4279,3547,6685,7255,4376,3594,4588,4398,3670,3301,3662,3621,3421,3242,-12.7811,-13.7112,8.86856,48.0993
32665,3301,3497,3360,2992,4040,3822,3411,3156,6199,4840,3819,3402,12163,6190,3862,3436,25.682,-26.9556,8.59484,47.66
32666,3073,3267,3471,3494,3241,3479,3711,3994,3355,3851,5124,6432,3506,4191,7015,10861,24.6427,21.4895,8.62826,48.0433
32667,5123,5103,3742,3399,7192,7439,4419,3509,5279,5226,3882,3359,4026,3864,3442,3267,-6.19709,-14.8865,8.90071,48.1807
32668,9010,6131,3957,3417,7937,5504,3993,3342,4444,4136,3556,3292,3438,3444,3327,2986,-16.3552,-22.0465,8.84547,47.9427
32669,3133,3365,3611,3541,3310,3580,4133,4909,3400,3831,5753,9084,3299,3891,5398,7935,12.9548,23.2081,8.81925,48.1153
32670,3278,3507,4174,4654,3400,3734,4702,7994,3398,3763,4989,8516,3182,3429,4186,4911,0.620866,30.7192,8.79301,47.878
32671,3216,3391,3289,3313,3547,3715,4112,3682,3967,5073,6189,4730,4184,6199,8348,5405,19.4426,4.9846,8.85452,48.24
32672,3288,3668,4429,5164,3398,3827,5453,8819,3385,3645,4873,7055,3257,3471,3964,4287,-2.9451,23.4596,8.66206,47.9887
32673,3504,3393,3304,3092,4274,3865,3505,3307,7933,5125,3750,3479,10240,5943,3949,3336,18.3761,-24.9029,8.97168,47.9993
32674,3533,4971,9274,8396,3554,4129,5253,5308,3334,3643,3745,3859,3129,3262,3347,3375,-27.4655,13.4403,8.74738,48.0747
32675,3525,3456,3329,3097,4103,4277,3788,3314,5628,7169,4604,3669,6074,7590,4893,3683,16.09,-9.91014,8.66889,48.1327
32676,3473,3478,3334,3202,3833,4148,3813,3439,5106,6892,4811,3761,5760,7915,5351,3851,17.353,-7.93298,8.84282,48.1113
32677,3423,3383,3130,3104,3821,3815,3482,3360,5728,5178,4011,3321,10501,7901,4390,3444,28.2248,-18.7336,8.61792,47.9947
32678,3182,3349,3243,3155,3493,3634,3636,3486,4313,5042,4836,4050,5313,9187,7661,4452,29.7254,-2.19152,8.98119,48.0213
32679,3738,5041,9163,7335,3621,4333,5988,5453,3357,3513,3964,3847,3109,3259,3382,3311,-21.9988,11.3529,8.96316,48.276
32680,3664,4541,6947,5856,3658,4591,7406,5942,3454,3819,4498,4213,3183,3445,3565,3545,-13.9865,11.0008,8.61867,48.218
32681,3200,3246,3474,3405,3258,3433,3807,4033,3340,3792,4950,7061,3374,3945,5764,11656,22.6502,29.2841,8.62335,47.8253
32682,3649,4769,9274,8468,3514,4255,5288,5356,3299,3541,3772,3754,3143,3264,3285,3440,-26.0984,13.454,8.86689,48.0473
32683,3114,3336,3736,3926,3267,3738,4419,6022,3372,3736,5219,9897,3235,3699,4616,6477,7.44302,28.2669,8.92002,47.8727
32684,12475,5936,4011,3376,6283,4854,3859,3316,3906,3729,3537,3273,3419,3427,3160,3058,-26.455,-28.2117,8.75014,47.746
32685,4779,7949,7748,4725,4105,5376,5268,4130,3523,3830,3901,3553,3201,3393,3371,3091,-22.6102,-0.626554,8.74562,47.962
32686,4421,4161,3601,3349,6524,5733,3912,3330,7132,6225,4106,3501,4652,4481,3725,3380,1.56895,-17.0927,8.83355,48.1553
32687,3291,3798,5922,12613,3236,3730,4702,5974,3254,3405,3730,3932,3241,3263,3471,3388,-32.014,31.4021,8.95449,47.3
32688,5279,4293,3574,3216,8969,5392,3711,3408,7253,5013,3708,3307,4591,4020,3397,3162,-2.44772,-24.7798,8.69522,48.1953
32689,3389,3620,3441,3190,4063,4506,3954,3443,5325,7898,5166,3733,5351,6757,4918,3707,13.2227,-7.78281,8.90758,48.3073
32690,3418,3974,5968,9969,3371,3892,5272,7788,3259,3617,4017,4362,3172,3165,3530,3696,-18.1212,24.8055,8.55059,48.3133
32691,3387,4086,5727,6065,3474,4258,7454,7486,3288,3782,4687,4651,3194,3369,3625,3792,-10.5034,15.1993,8.95138,48.2167
32692,3612,3842,3816,3514,3890,5087,5187,3995,4378,6700,6727,4344,3974,4714,4750,4046,5.10773,-0.025995,8.66627,48.384
32693,3415,3332,3230,3104,3840,3739,3456,3286,5999,4812,3804,3450,12634,5999,3841,3384,29.7739,-32.8766,8.97516,47.55
32694,3381,4037,6265,7969,3418,4039,6227,7914,3227,3572,4138,4645,3182,3248,3491,3587,-14.6333,19.2753,8.96013,48.2267
32695,4032,5508,6058,4529,4092,5984,7288,4667,3621,4119,4287,3899,3338,3522,3629,3485,-12.5371,2.80089,8.57422,48.0387
32696,3198,3343,3490,3345,3522,3824,4202,4054,3828,4665,7240,5406,3775,4737,7813,6063,16.4107,9.55928,8.94271,48.3367
32697,3344,3390,3182,3085,3970,3837,3535,3307,5968,5109,3940,3566,10090,7759,4217,3483,24.9903,-18.7687,8.90414,47.8547
32698,3665,4430,5133,4421,3843,5456,7978,5157,3688,4382,5375,4320,3426,3662,3921,3633,-6.55578,6.11404,8.7049,48.3267
32699,3469,3482,3201,3123,4278,3909,3343,3194,8077,5129,3949,3394,10115,5568,3992,3442,17.6502,-32.0313,8.70531,47.7767
32700,3270,3270,3195,3037,3933,3815,3481,3314,6146,4843,3757,3394,12582,6104,3972,3473,26.99,-32.6781,8.81771,47.724
32701,4608,5117,4092,3651,5794,7835,4852,3770,4762,5597,4097,3561,3849,3920,3629,3312,-5.64612,-10.192,8.63141,48.2973
32702,3059,3327,3369,3341,3230,3535,3848,4064,3407,3766,5041,7237,3425,3924,5948,11256,20.815,33.3439,8.73544,47.8513
32703,4291,6820,9314,5692,3897,4650,5274,4434,3404,3751,3928,3582,3211,3274,3417,3325,-26.6658,4.57795,8.53817,48.176
32704,3134,3307,3964,4214,3343,3557,4561,6535,3377,3845,5620,9401,3231,3760,4583,5849,5.37253,24.6179,8.94122,48.1873
32705,3076,3108,3435,3433,3239,3481,3871,4022,3382,3737,5138,6379,3454,4245,6947,10851,23.3578,21.3075,8.90249,47.8653
32706,3427,3960,6179,11005,3417,3774,5031,6964,3253,3496,3865,4308,3105,3297,3386,3481,-21.6533,25.1764,8.64301,47.9653
32707,3143,3331,3376,3421,3298,3693,3832,3986,3644,4103,5715,5485,3666,4681,8664,7918,21.9616,13.3162,8.64725,47.9707
32708,3402,3380,3293,3114,3970,3652,3475,3167,6150,4869,3759,3257,12710,6336,3940,3357,28.4075,-25.8917,8.9132,47.8873
32709,6633,6118,4136,3520,7323,6814,4220,3512,4483,4619,3642,3340,3668,3643,3388,3175,-12.8733,-16.099,8.51068,48.156
32710,3461,3435,3285,3174,3673,3805,3444,3396,4975,5439,4271,3744,6808,9822,5523,3817,26.4499,-9.5772,8.62608,48.048
32711,3684,4361,4840,4308,3880,5477,7834,4923,3650,4554,5561,4407,3452,3773,3981,3706,-4.80204,5.53467,8.77959,48.2607
32712,3674,3640,3327,3186,5169,4311,3621,3209,9617,5257,3855,3297,7772,4993,3833,3387,11.7676,-32.5431,8.76501,48.0987
32713,3174,3194,3358,3333,3205,3413,3759,3901,3424,3814,4715,6061,3418,3989,6151,12685,27.0391,33.6024,8.85801,47.7293
32714,5606,4599,3620,3324,9402,5457,3690,3305,6599,4634,3712,3260,4252,3898,3340,3243,-4.89611,-25.0465,8.95832,47.9607
32715,4000,5561,7195,4992,3970,5500,7101,4838,3661,3981,4219,3881,3230,3314,3533,3469,-15.3861,4.51807,8.64637,48.2967
32716,3358,4002,6113,12764,3436,3857,4829,6344,3229,3368,3688,4048,3192,3245,3313,3341,-26.0123,27.5487,8.99284,48.0847
32717,3073,3277,3355,3317,3237,3425,3905,3767,3662,4209,5195,5046,3805,5062,9656,7845,29.6075,11.7817,8.99092,47.8907
32718,6190,8170,5046,3949,5436,6617,4589,3697,3797,4021,3783,3421,3423,3511,3390,3141,-18.0687,-10.2273,8.68073,48.1207
32719,7056,4958,3899,3299,9544,5532,3757,3293,5455,4352,3800,3244,3779,3716,3360,3035,-10.1597,-25.8826,8.8671,48.0527
32720,3162,3188,3373,3341,3390,3500,3796,3771,3685,4212,5226,5133,3723,5174,9696,7640,29.8774,11.7463,8.92311,48.0067
32721,3277,3570,3822,3842,3545,4233,5251,4520,3596,5010,8011,5609,3587,4154,5184,4641,6.7581,8.7637,8.85639,47.9013
32722,3214,3741,4311,4680,3359,3938,6023,7032,3393,3953,5835,6818,3380,3632,4365,4568,-0.389638,17.5179,8.56417,48.1613
32723,4217,6001,6845,4709,4039,5659,6869,4698,3722,3947,4178,3677,3165,3534,3559,3351,-15.648,2.74386,8.81339,48.1133
32724,3325,3412,3692,3605,3398,3743,4775,4471,3618,4552,7892,6460,3604,4299,5989,5639,10.3858,12.7425,8.79403,48.316
32725,3570,3507,3365,2979,4820,4139,3615,3344,9387,5312,3791,3494,7964,5178,3984,3296,12.9834,-33.5481,8.84074,47.83
32726,3307,3641,5006,6435,3381,3798,5005,9970,3337,3650,4448,5731,3132,3440,3753,3948,-8.15422,31.0707,8.85545,47.988
32727,12241,6767,3867,3349,5930,4881,3884,3334,3895,3699,3422,3209,3375,3467,3171,3150,-29.3511,-23.8828,8.9577,47.7607
32728,3296,3814,5251,7643,3380,3863,5473,9325,3316,3609,4281,5149,3153,3328,3617,3646,-11.7002,24.6707,8.66987,48.096
32729,3249,3507,3800,3936,3541,4016,5498,4948,3504,4460,8009,6393,3473,3940,5177,4879,6.16899,11.897,8.75353,48.22
32730,3299,3699,4844,6929,3301,3815,5373,10019,3307,3549,4243,5711,3083,3377,3704,3899,-9.47769,28.9624,8.63255,48.1013
32731,3261,3610,4711,6027,3388,3821,5375,9559,3287,3645,4551,6292,3223,3373,3689,4110,-6.26215,25.256,8.95718,47.948
32732,3370,3845,5654,10950,3352,3880,5044,7818,3152,3456,3830,4193,3184,3206,3446,3386,-19.0298,31.0033,8.90579,47.844
32733,4732,6835,6050,4286,4516,6672,6105,4138,3763,4092,3953,3569,3379,3545,3442,3245,-15.5619,-1.97853,8.85614,48.2147
32734,3317,3842,4727,4838,3592,4416,7541,6805,3459,3957,5443,5444,3363,3609,3845,3923,-4.78506,13.7347,8.94485,48.0807
32735,3374,3542,3560,3361,3867,4309,4221,3738,4583,6978,6380,4242,4579,6146,5695,4184,12.9496,-1.64388,8.7788,48.506
32736,3491,4349,7997,9932,3507,3959,5212,5541,3259,3477,3807,3969,3138,3147,3452,3486,-32.4254,18.0095,8.55273,47.8153
32737,3371,3391,3245,3146,3916,3819,3462,3256,6004,4661,3823,3438,12535,6300,3878,3429,29.0832,-26.565,8.79843,47.7827
32738,3742,3701,3479,3176,4350,4771,3826,3500,6103,8002,4689,3740,5428,6020,4363,3561,10.5861,-10.7643,8.61772,48.3007
32739,3371,3449,3338,3076,3694,3772,3592,3339,4708,5129,4358,3652,6709,10020,5475,3828,31.1044,-9.19222,8.85878,47.6733
32740,3392,3951,4789,4752,3428,4393,7311,6879,3461,3986,5623,5512,3219,3585,3932,4006,-4.59765,14.2768,8.79712,48.146
32741,3500,3549,3459,3310,4026,4543,4006,3542,5230,7900,5517,3900,4902,6377,4768,3857,12.0509,-6.42835,8.8303,48.2573
32742,5110,6803,5016,3769,5125,7706,5216,3893,4079,4357,3889,3621,3450,3498,3361,3214,-13.2779,-6.77596,8.69067,48.0713
32743,3383,3439,3187,3082,4108,3985,3515,3363,6076,5573,3957,3577,8757,7855,4601,3501,21.5339,-16.2915,8.6777,47.9727
32744,5396,5611,4059,3506,6658,7665,4429,3625,4658,4889,3870,3431,3759,3762,3390,3217,-9.22595,-13.3364,8.55313,47.95
32745,5221,5084,4045,3361,7220,7389,4349,3612,5153,5226,3884,3422,3894,3964,3514,3279,-6.49516,-14.8481,8.81154,48.4113
32746,3423,3946,5946,11462,3378,3718,4888,7028,3386,3483,3862,4068,3114,3243,3389,3417,-22.1893,27.8486,8.57523,47.834
32747,3264,3400,3183,3147,4018,3827,3494,3291,6268,5126,3890,3351,11187,7120,4154,3415,25.7227,-21.2936,8.79567,48.09
32748,3111,3226,3349,3418,3159,3559,3810,3936,3408,3918,5106,6236,3462,4242,7169,10715,24.3671,20.6281,8.54134,47.8827
32749,3390,4031,6209,12334,3363,3714,4672,5949,3252,3492,3797,3919,3223,3388,3378,3436,-31.2939,26.2467,8.72295,47.698
32750,3563,4583,7104,6006,3590,4623,7364,6108,3405,3826,4405,4218,3174,3404,3559,3588,-14.531,11.4634,8.7516,48.3467
32751,3317,3352,3236,3031,3896,3850,3385,3206,5878,5080,3891,3494,10881,7724,4251,3470,30.2324,-19.2591,8.73323,47.9613
32752,4536,5044,4165,3470,5343,8057,5126,3726,4700,5598,4304,3558,3799,3918,3489,3380,-5.51038,-8.29001,8.76677,48.142
32753,4027,3825,3463,3229,6083,4476,3744,3250,9865,5208,3887,3328,6042,4715,3563,3259,6.51694,-32.7808,8.91138,47.976
32754,3467,3527,3220,3090,4171,3890,3482,3204,7403,5073,3768,3350,11108,5911,3923,3335,20.1359,-27.8125,8.66541,47.948
32755,3108,3206,3463,3389,3171,3526,3857,4148,3447,4023,5163,6740,3436,4139,6874,10634,21.9082,21.3496,8.94801,48.216
32756,3294,3311,3276,3290,3562,3826,3688,3555,4243,4892,5117,4304,4720,8146,8338,4743,27.8294,0.23497,8.61838,48.2033
32757,3229,3636,4473,5000,3406,3669,4945,8976,3467,3658,4778,7499,3300,3375,4055,4375,-2.39792,31.8767,8.95165,47.894
32758,3518,3417,3252,3184,4146,4125,3656,3327,6896,6132,4136,3423,8272,6953,4247,3417,17.655,-17.3151,8.58736,48.0673
32759,3536,3408,3248,3102,4136,3996,3480,3289,6591,5642,4115,3473,9394,7137,4285,3609,20.7029,-18.8143,8.51917,48.294
32760,3344,3853,6249,12754,3320,3702,4819,6197,3249,3435,3785,4014,3085,3231,3290,3482,-26.8092,29.493,8.6125,47.8727
32761,6095,7679,5052,3751,5650,7251,4711,3612,3915,4262,3702,3422,3397,3537,3336,3197,-16.1307,-9.93526,8.63657,48.3793
32762,3838,4994,9160,7559,3679,4149,5624,5241,3348,3635,3947,3873,3126,3203,3353,3458,-23.9832,11.9859,8.51636,48.1247
32763,5033,5395,4109,3550,6632,7873,4553,3595,4848,5143,3848,3419,3740,3790,3487,3273,-7.74275,-12.3978,8.79287,48.192
32764,4161,3864,3295,3143,6378,4519,3621,3269,9672,5503,3785,3406,5840,4635,3760,3287,6.13386,-26.645,8.64454,48.092
32765,3153,3215,3406,3417,3382,3502,3898,4039,3484,3964,5338,6477,3423,4309,7334,9758,21.5633,19.1862,8.76926,48.066
32766,5490,8772,6185,4087,4782,6170,4991,3980,3621,4000,3666,3527,3338,3377,3374,3128,-20.7997,-5.55047,8.89953,48.3253
32767,3339,3934,6521,12488,3283,3772,4632,6002,3076,3474,3766,3937,3097,3284,3252,3397,-29.4731,24.9551,8.95914,47.5027
32768,3501,4488,7975,10070,3441,3939,5042,5731,3216,3432,3799,3898,3144,3304,3376,3336,-29.2221,17.6119,8.66049,47.7947
32769,3141,3209,3392,3444,3222,3410,3774,3928,3384,3778,4734,6039,3386,3905,6014,12462,30.6198,30.828,8.73249,47.4813
32770,5174,4633,3653,3331,8130,6199,4043,3554,6203,5095,3946,3351,4288,3920,3420,3261,-3.98742,-19.2721,8.5241,48.134
32771,3833,3702,3531,3210,5722,4582,3669,3310,9158,6009,4077,3460,6332,4967,3752,3321,7.74334,-21.776,8.81684,48.4233
32772,3384,3696,4886,7002,3330,3791,5356,9858,3263,3537,4344,5293,3258,3297,3666,3772,-9.90118,31.8189,8.55138,47.822
32773,3298,3395,3309,3181,3906,3839,3611,3255,5627,5148,3945,3404,9541,8490,4497,3426,28.7445,-16.7417,8.50118,47.9147
32774,4030,3868,3424,3199,6110,4470,3649,3291,9841,5282,3772,3335,5855,4790,3650,3289,6.53933,-33.5454,8.69961,47.9033
32775,3073,3330,3444,3422,3179,3381,3832,4117,3363,3812,4902,6976,3232,3991,6376,11392,22.0083,24.8971,8.93837,47.8813
32776,3329,3365,3318,3075,3602,3762,3697,3549,4283,5072,4978,4129,5171,8643,7595,4470,25.4193,-1.91085,8.68711,48.0253
32777,3290,3387,3190,3187,3673,3809,3497,3407,4790,5390,4304,3629,6977,9836,5541,3926,27.9551,-9.54738,8.78938,47.8887
32778,3369,3525,4940,5974,3379,3907,6068,9234,3317,3669,4605,5755,3054,3360,3773,4109,-7.4581,21.2094,8.88718,48.0253
32779,3202,3352,3473,3408,3143,3470,3817,4315,3397,3879,5370,7138,3433,4131,6660,10107,20.164,21.1571,8.88954,48.1967
32780,3096,3200,3449,3493,3152,3497,3953,4194,3317,3774,5101,7918,3322,3793,6056,10482,18.8198,25.1094,8.94582,47.8647
32781,3426,4031,5207,4928,3709,4658,8021,6039,3385,4082,5670,4730,3296,3546,3943,3807,-6.01086,11.1176,8.82606,48.3187
32782,3411,3336,3323,3114,4013,3827,3522,3269,5611,5072,3968,3412,9872,8047,4283,3501,28.8318,-17.4325,8.725,47.7207
32783,7690,9452,5163,3743,5192,5269,4196,3546,3768,3899,3609,3305,3298,3333,3200,3195,-27.7748,-12.1772,8.62879,47.9053
32784,5448,8259,6217,4037,4681,5985,4930,3969,3705,3976,3783,3509,3222,3470,3439,3262,-20.4349,-4.9068,8.55881,47.928
32785,12645,5730,3737,3452,6014,4771,3763,3348,4035,3734,3354,3321,3599,3372,3303,3248,-33.7813,-31.4289,8.65526,47.6173
32786,4451,5924,5139,4105,4876,7729,5937,4027,4022,4608,4323,3629,3471,3583,3579,3255,-10.7215,-3.77199,8.69744,48.4387
32787,7838,8539,4790,3683,5775,5770,4068,3592,3976,3928,3601,3449,3346,3428,3303,3086,-22.0438,-13.6012,8.57872,48.1147
32788,3230,3598,4124,4173,3406,4063,5566,5791,3533,4283,6887,6935,3417,3849,4656,4817,3.64548,15.1243,8.62904,48.2187
32789,3359,3776,4179,3983,3538,4468,6375,5259,3666,4629,7261,5455,3597,3999,4564,4345,1.96188,9.99685,8.76801,48.302
32790,3126,3294,3436,3511,3223,3664,3756,4032,3399,3938,4980,6411,3355,4049,6627,11372,23.8405,22.7977,8.68455,48.1153
32791,3360,3907,5808,10346,3336,3774,4966,8127,3186,3469,3935,4396,2995,3211,3359,3493,-18.0197,29.859,8.70066,47.7787
32792,3310,4123,6852,11674,3364,3812,4957,6208,3162,3548,3819,3925,3090,3261,3336,3354,-26.4983,22.72,8.82278,47.8633
32793,9891,8563,4592,3350,5402,5139,4010,3480,3727,3789,3647,3341,3316,3384,3099,3114,-29.7273,-16.8275,8.9956,47.896
32794,3267,3600,4528,5585,3368,3775,5206,9629,3366,3496,4617,6796,3207,3424,3894,4247,-4.55735,31.4412,8.89453,48.0033
32795,3098,3425,3571,3644,3319,3746,4368,4989,3407,4118,6239,8202,3317,4090,5495,6780,11.3756,19.8431,8.50158,47.872
32796,10610,5800,3920,3334,7933,5095,3712,3247,4191,3895,3416,3149,3610,3348,3235,3019,-18.8743,-29.4568,8.78505,47.676
32797,3400,3588,3413,3228,4007,4335,3843,3395,5499,7626,4829,3817,5572,7074,4971,3821,14.8037,-8.61193,8.60978,48.2787
32798,5476,4337,3645,3268,8975,5424,3868,3361,6911,4844,3622,3315,4450,4020,3365,3146,-3.73268,-25.5204,8.56312,48.018
32799,3269,3873,5889,11778,3416,3775,4788,7062,3257,3383,3920,4053,3232,3153,3441,3375,-21.6132,31.778,8.97799,47.776
32800,6150,8713,5394,3889,5221,6506,4666,3754,3767,4011,3611,3280,3364,3437,3386,3162,-18.9701,-8.29749,8.95327,48.2073
32801,3129,3305,3572,3551,3330,3828,4290,4076,3617,4460,7059,5846,3769,4613,7453,6203,15.7956,11.1264,8.59391,48.0673
32802,3347,3479,3479,3259,3762,4040,3932,3606,4467,6551,6064,4246,4652,6967,6357,4243,15.8784,-1.72613,8.83378,48.3007
32803,10483,7738,4324,3407,5585,4960,3912,3493,3924,3905,3449,3305,3368,3425,3243,3245,-32.3812,-18.7391,8.60989,47.844
32804,3187,3234,3239,3315,3254,3277,3755,3741,3382,3707,4690,6028,3444,3995,6101,12608,28.7856,33.8032,8.86089,47.3047
32805,3121,3323,3484,3649,3320,3620,4269,4684,3432,4038,6277,7884,3419,4090,6112,7614,14.0688,18.642,8.88384,48.224
32806,3235,3330,3359,3323,3363,3706,3799,3719,3839,4706,5492,4540,4062,6445,9629,5857,25.0272,5.79418,8.78609,48.2693
32807,3371,3578,4714,5483,3497,3989,6119,8609,3288,3777,4909,6176,3193,3485,3867,4224,-5.21907,20.314,8.50695,48.186
32808,4909,4239,3613,3222,8122,5157,3810,3320,7878,5156,3743,3327,4776,4234,3408,3301,-0.264804,-23.6596,8.67238,48.1433
32809,3325,3803,5730,10336,3404,3821,4988,8296,3261,3548,3884,4335,3072,3262,3474,3478,-17.8803,29.5248,8.95041,48.0113
32810,3383,4050,6270,12653,3381,3750,4817,6081,3287,3444,3773,3970,3081,3229,3367,3320,-30.3617,25.6087,8.88302,47.904
32811,3415,3919,5850,9785,3364,3883,5337,8241,3163,3500,3972,4443,3129,3305,3492,3473,-17.2605,24.2296,8.98624,48.1807
32812,3924,5229,7107,5285,3852,5039,7320,5069,3590,3888,4387,3976,3321,3504,3442,3388,-14.9167,6.56628,8.90101,48.214
32813,3280,3251,3310,3056,3821,3908,3787,3512,4419,5736,4963,4034,5311,9069,6586,4278,22.2353,-4.35214,8.90366,48.214
32814,4412,7584,9259,5234,4054,4670,5042,4339,3386,3707,3741,3609,3254,3290,3368,3282,-27.8161,2.33569,8.9729,48.154
32815,3423,4187,6737,11524,3318,3839,5028,6657,3177,3479,3894,3857,3087,3165,3395,3525,-23.6144,22.8168,8.93987,48.1947
32816,5048,4412,3552,3377,8464,5447,3914,3404,7159,5211,3671,3309,4463,4110,3607,3263,-2.045,-22.6793,8.52218,48.274
32817,3280,3453,4377,5263,3429,3801,5096,9515,3325,3648,4723,7297,3182,3465,3938,4322,-3.10662,27.4386,8.92564,48.076
32818,9906,5699,3912,3223,8498,5063,3812,3331,4467,4008,3462,3135,3483,3486,3325,3098,-17.0077,-26.9155,8.91145,47.9387
32819,3211,3122,3385,3330,3213,3493,3758,4004,3375,3881,5130,6651,3450,4044,6829,11144,22.9208,22.8533,8.72226,48.0133
32820,3123,3233,3519,3579,3222,3581,4008,4481,3367,3893,5605,8373,3379,3893,5872,8895,15.7427,23.4384,8.77562,48.0153
32821,12805,6266,3854,3510,6149,4714,3741,3241,3850,3928,3405,3271,3360,3351,3177,3134,-30.1012,-28.0795,8.9624,47.8373
32822,3637,4306,5353,4659,3721,5119,8140,5507,3678,4168,5158,4425,3238,3605,3866,3764,-7.25253,7.70721,8.6275,48.2293
32823,3619,4970,9739,7846,3534,4138,5155,5219,3349,3536,3783,3827,3239,3305,3417,3344,-31.4581,12.3197,8.72335,48.0133
32824,9575,7232,4352,3432,6468,5511,4041,3468,4260,3962,3555,3294,3419,3433,3257,3080,-21.0679,-18.8698,8.5802,48.226
32825,8084,5260,3826,3356,9457,5237,3807,3438,5003,4204,3545,3192,3701,3664,3308,3086,-12.5837,-29.7644,8.58081,48.112
32826,3196,3385,3461,3413,3524,3825,4034,3760,3953,5146,6670,4785,3930,5839,8039,5359,17.8476,5.35324,8.85142,48.2127
32827,8462,5237,3806,3428,9161,5165,3773,3432,5015,4098,3649,3352,3659,3657,3309,3038,-13.8618,-29.8435,8.52357,48.1607
32828,3291,3444,3265,3218,3749,3868,3654,3299,4725,5476,4323,3556,6704,9954,5674,3905,25.9988,-9.00779,8.84985,48.07
32829,3527,4061,5965,12443,3379,3663,4763,5815,3293,3441,3764,3859,3151,3272,3336,3502,-30.8421,33.2224,8.51782,47.4893
32830,6559,8103,4834,3708,5716,6779,4423,3654,4067,4133,3692,3326,3455,3486,3316,2964,-17.5706,-11.2476,8.91644,48.1433
32831,3446,4205,7270,10052,3359,3921,5332,6391,3223,3460,3996,4089,3009,3241,3470,3456,-22.12,19.2051,8.79653,47.9467
32832,3484,3509,3419,3240,4065,4380,3646,3448,6197,7114,4477,3554,6436,7423,4527,3611,15.5421,-12.2188,8.85808,48.3533
32833,3632,4113,4263,3864,3948,5471,6650,4412,4040,5506,6292,4377,3696,4061,4098,3854,-0.830856,2.43456,8.64079,48.1847
32834,3652,4774,9326,8602,3541,3970,5139,5288,3301,3545,3649,3826,3173,3336,3446,3394,-28.3424,13.8718,8.94838,47.9747
32835,3087,3283,3347,3296,3229,3412,3822,3841,3360,3824,4692,6193,3345,3948,6044,12809,26.6619,30.025,8.92545,47.688
32836,3443,4054,6743,11975,3348,3813,4989,5980,3180,3327,3803,4025,3156,3240,3290,3471,-30.8546,22.763,8.81882,47.8913
32837,11645,7148,4163,3369,5921,4920,3863,3411,3869,3694,3457,3214,3369,3325,3240,3136,-29.1359,-21.6445,8.91134,47.8293
32838,3092,3185,3385,3404,3304,3432,4012,4190,3418,4004,5608,6782,3397,4335,7389,9397,20.1186,18.4673,8.99907,48.2227
32839,4429,4514,3771,3406,6538,6388,4148,3505,6297,6224,4052,3505,4379,4272,3753,3312,-0.768885,-15.5136,8.88353,48.3287
32840,3135,3302,3428,3635,3151,3484,4042,4491,3427,3790,5453,8633,3337,3887,5613,9245,16.0663,25.1845,8.77731,48.0353
32841,3491,4343,8388,9673,3513,4012,5210,5519,3222,3580,3774,3892,3152,3319,3362,3338,-29.6564,16.6127,8.57426,47.8587
32842,3294,3200,3344,3226,3658,3755,3692,3569,4285,5089,4742,4017,5291,9166,7276,4338,29.1017,-2.93194,8.93428,47.9613
32843,11496,7006,4110,3514,6080,4953,3864,3327,3921,3927,3425,3191,3447,3402,3301,3090,-26.83,-22.2186,8.72324,48.036
32844,3197,3672,3924,3848,3363,4112,5871,5238,3546,4481,7661,6310,3484,3870,4782,4809,3.92831,12.538,8.99778,48.112
32845,3221,3338,3644,3868,3279,3656,4333,5811,3414,3698,5181,10186,3361,3756,4906,6753,8.56196,28.4922,8.84824,48.27
32846,3108,3202,3286,3400,3192,3416,3824,4012,3304,3731,4836,6535,3465,4007,6034,12098,24.2856,33.4716,8.71592,47.6333
32847,3185,3392,3349,3433,3381,3555,3879,3714,3657,4132,5317,5018,3660,5098,9598,7699,30.103,12.1179,8.84259,48.0447
32848,2974,3269,3488,3616,3283,3627,4104,4547,3505,4083,6222,7889,3560,4137,6074,7952,14.7643,18.9462,8.94226,48.22
32849,3040,3152,3364,3379,3218,3552,3813,3970,3462,3879,4922,6086,3368,4146,7099,11517,26.6217,21.9846,8.61146,47.978
32850,5655,5168,3869,3386,7864,7117,4255,3598,5319,4839,3737,3339,3857,3866,3397,3147,-7.9441,-17.159,8.53707,48.2753
32851,4482,4010,3447,3161,7502,4808,3560,3312,8891,5336,3816,3323,5224,4215,3656,3289,2.43895,-26.0809,8.5516,48.0213
32852,3379,3860,6070,12615,3327,3768,4651,6024,3248,3474,3843,3825,3174,3369,3476,3413,-33.2031,27.8759,8.64541,47.6773
32853,3082,3324,3579,3871,3268,3548,4524,5414,3467,3943,5573,9813,3217,3809,4987,7033,9.5786,24.4748,8.88149,48.3013
32854,3428,3520,3241,3105,4102,3933,3471,3257,7188,4886,3787,3421,11316,5948,3926,3452,21.3957,-27.3854,8.76612,47.9873
32855,12412,6052,3860,3363,6064,4817,3790,3365,3989,3830,3504,3283,3368,3377,3244,3116,-29.4493,-30.499,8.51731,47.6227
32856,3498,4314,7754,10421,3495,4000,5312,5912,3358,3503,3843,3984,3086,3223,3425,3405,-25.012,18.6132,8.67352,48.3553
32857,4067,3714,3348,3150,6155,4680,3747,3318,9199,5812,3919,3409,6160,4752,3734,3381,6.67401,-23.4716,8.64471,48.3633
32858,3357,3402,3230,3144,3878,3787,3517,3217,5700,4983,3817,3456,10613,7932,4350,3443,31.6257,-18.854,8.90689,47.884
32859,9569,6890,4111,3413,7012,5427,4007,3422,4202,3956,3628,3324,3462,3536,3251,2960,-19.6867,-20.4259,8.83541,48.1133
32860,12104,6179,3924,3422,6823,4754,3780,3283,4064,3837,3403,3340,3331,3403,3094,3097,-23.9863,-27.7204,8.91359,47.892
32861,3368,3944,6122,11883,3329,3651,4879,6654,3194,3520,3851,4058,3165,3177,3530,3338,-23.7407,27.463,8.64468,47.7753
32862,9521,6029,3969,3279,8118,5352,3833,3433,4434,4103,3449,3370,3550,3519,3280,2983,-17.2484,-24.1191,8.6782,48.148
32863,4252,6517,7737,4957,4124,5317,6067,4477,3631,3810,4009,3690,3322,3464,3389,3335,-18.993,2.65379,8.60373,48.0653
32864,3878,5272,8213,5677,3810,4993,6982,5242,3403,3828,4092,3868,3155,3248,3424,3296,-17.3288,7.76211,8.89392,48.254
32865,3332,3356,3301,3094,3746,3844,3577,3405,4755,5443,4346,3766,6838,9923,5597,3888,26.964,-9.00105,8.97657,48.1407
32866,10083,5786,3928,3447,7896,5224,3921,3407,4439,4039,3567,3228,3541,3357,3296,3008,-17.7471,-25.5444,8.91924,48.1113
32867,3326,3811,5673,11145,3400,3853,4960,7611,3317,3470,3978,4265,3069,3305,3387,3414,-19.8033,31.5103,8.99224,47.9893
32868,4404,6880,8365,5088,4170,5135,5749,4477,3478,3943,3926,3666,3279,3345,3316,3444,-20.8866,2.88606,8.55369,48.4433
32869,3775,4671,6125,5105,3788,5209,8093,5479,3492,3988,4694,4190,3236,3421,3577,3499,-11.3292,7.83656,8.91447,48.228
32870,3335,3487,3424,3295,3588,3950,3910,3593,4282,5781,5531,4260,4726,7637,7034,4591,19.6048,-0.737739,8.57953,48.2827
32871,3160,3188,3460,3420,3118,3480,3844,3923,3319,3934,5039,5848,3467,4377,8175,10252,29.3461,18.0761,8.70064,48.0027
32872,3998,6087,9706,6118,3847,4553,5105,4803,3372,3647,3818,3730,3248,3328,3472,3394,-31.7466,6.93698,8.54459,48.1507
32873,4175,5749,7295,5048,3956,5616,6985,4639,3571,3897,4212,3734,3287,3460,3527,3370,-15.8855,3.95816,8.83902,48.3473
32874,3662,3843,3468,3245,4698,5179,4006,3479,6355,7929,4623,3504,5100,5234,4084,3589,7.23048,-11.7426,8.66901,47.9987
32875,3094,3381,3621,3367,3479,3819,4161,3863,3853,5209,7261,5191,4027,5144,7434,5399,15.8134,6.87591,8.96904,48.202
32876,3137,3443,3736,4011,3323,3693,4384,6060,3342,3765,5194,9891,3256,3787,4704,6129,7.28866,30.9001,8.54453,47.9033
32877,3083,3196,3348,3494,3238,3431,3796,3969,3457,3836,4764,6281,3389,3941,6020,12417,26.261,29.5515,8.5579,47.7733
32878,3510,3514,3249,3141,4378,4059,3538,3153,7638,5346,4020,3316,9480,6260,4080,3347,17.9017,-23.1072,8.7143,48.0193
32879,3323,3826,5247,8403,3357,3907,5114,9399,3243,3618,4090,4932,3236,3326,3548,3604,-13.4724,31.3045,8.87854,48.1153
32880,3560,4121,4933,4546,3555,4925,7805,5469,3596,4322,5939,4673,3428,3596,4026,3918,-3.95959,8.8701,8.79158,48.2747
32881,8790,5324,3846,3310,9112,5363,3968,3444,4675,4001,3454,3308,3601,3364,3129,3110,-14.8682,-26.1148,8.99891,47.866
32882,3693,5047,9691,7923,3493,4185,5259,5240,3329,3533,3879,3739,3176,3226,3390,3315,-29.5725,12.2345,8.83303,48.0787
32883,3475,4451,7037,7222,3589,4331,6748,6700,3338,3640,4282,4213,3168,3256,3506,3487,-15.634,15.0885,8.90072,48.2953
32884,3338,3447,3366,3068,3759,3850,3660,3385,4832,5309,4436,3702,6633,10122,5573,3808,33.0214,-8.97893,8.83304,48.192
32885,3807,3693,3452,3095,4935,4490,3667,3288,8674,6232,3961,3506,6863,5479,3932,3340,11.0807,-19.8498,8.68939,48.276
32886,3248,3794,5306,7501,3340,3914,5691,9180,3279,3606,4264,5024,3160,3319,3557,3880,-11.8628,23.6312,8.53952,48.042
32887,3476,4157,5907,5921,3619,4367,7515,7091,3369,3774,4529,4655,3193,3383,3770,3612,-11.1507,14.3113,8.81349,48.2253
32888,3269,3443,3241,3050,3984,3950,3439,3282,6143,5350,4005,3434,9498,7748,4276,3606,23.6706,-17.6001,8.7257,47.812
32889,3427,3363,3329,3091,3817,3691,3586,3176,5384,5354,4137,3626,8741,9025,4709,3573,25.7119,-14.4993,8.90249,48.0193
32890,3139,3256,3522,3536,3311,3571,4051,4563,3402,3778,5190,8862,3356,3737,5609,9209,15.5574,27.0771,8.92999,48.0613
32891,3097,3339,3520,3529,3267,3694,4150,4334,3512,4149,6434,7404,3561,4146,6497,7478,15.1069,16.9437,8.90276,48.074
32892,3794,3902,3608,3400,4641,5552,4338,3694,5270,8012,5091,3823,4470,4944,4111,3651,5.06955,-8.05871,8.69031,48.2007
32893,3277,3568,4219,4484,3452,4039,5635,6494,3453,4152,6175,7380,3411,3766,4420,4868,2.17828,17.7038,8.62461,48.5287
32894,3452,3358,3231,3052,4221,3933,3540,3258,7513,5002,3879,3372,10860,5886,3999,3492,20.0012,-25.9762,8.66021,48.032
32895,3301,3819,6059,12613,3332,3767,4703,6048,3287,3401,3722,3958,3242,3223,3347,3412,-31.508,28.0311,8.90773,47.4893
32896,3204,3401,3841,3800,3205,3548,4442,5294,3434,4041,6123,9106,3293,3919,5237,6614,9.33115,20.7875,8.96277,48.3347
32897,3537,3350,3094,3106,3985,3776,3541,3162,6087,4900,3943,3317,11706,6936,4182,3475,28.1087,-22.6046,8.66636,48.0647
32898,3787,4755,8307,7566,3483,4187,6139,5807,3326,3590,3972,4064,3127,3265,3398,3414,-19.8922,13.2182,8.75247,48.1247
32899,3065,3260,3394,3342,3323,3726,3890,3758,3787,4705,5970,4757,3967,5861,9210,6121,22.2651,7.42398,8.925,48.0907
32900,3438,3312,3227,3155,3886,3767,3407,3251,6115,4849,3756,3260,12505,6410,3999,3286,31.2259,-24.7854,8.84597,47.7487
32901,4748,4104,3575,3164,7973,4976,3744,3321,8277,4964,3666,3300,5066,4141,3611,3334,0.461067,-28.6595,8.55006,47.976
32902,11324,5834,3950,3465,6888,4876,3829,3437,4176,3936,3501,3166,3430,3389,3267,3183,-21.7732,-33.4861,8.51375,47.7673
32903,5037,5263,4016,3462,6334,7804,4600,3661,4843,5296,4019,3506,3878,3867,3536,3187,-6.74985,-12.1553,8.60385,48.206
32904,3921,4704,5255,4242,4036,6133,7585,4588,3818,4617,5033,4052,3369,3687,3751,3654,-7.53071,2.99584,8.54633,48.2967
32905,3436,4082,7178,10964,3360,3765,5060,6479,3263,3535,3817,4014,3087,3267,3424,3276,-23.659,21.3437,8.66082,48.0047
32906,3245,3352,3306,3255,3579,3629,3753,3646,4114,5015,5175,4122,4849,8090,8225,4897,25.8261,0.5019,8.6037,48.168
32907,3133,3446,3533,3518,3290,3585,4118,4203,3602,4224,6404,6584,3618,4462,7249,7521,17.4218,15.5187,8.73546,48.3267
32908,3688,4686,7038,5814,3652,4773,7526,5867,3475,3828,4353,4133,3083,3299,3614,3471,-14.393,10.2708,8.85847,48.2
32909,5342,5571,4102,3503,6588,7903,4442,3634,4755,4870,3887,3449,3708,3702,3416,3189,-8.83893,-12.5815,8.73257,48.0407
32910,3059,3268,3628,3499,3330,3671,4087,4048,3648,4460,6635,5907,3693,4795,7982,6787,17.8966,11.6397,8.70291,48.3313
32911,4575,7300,7681,4600,4181,5784,5572,4260,3724,3762,4030,3568,3289,3337,3428,3327,-20.3221,0.254965,8.7773,48.2787
32912,3289,3247,3389,3257,3553,3790,3718,3557,4186,5093,5235,4135,4800,8031,7977,4758,24.4561,-0.0491543,8.71527,48.01
32913,3252,3643,4519,5513,3266,3889,5345,9506,3301,3734,4712,6628,3252,3371,3948,4241,-4.40603,26.0545,8.87437,48.08
32914,3432,3486,3221,3082,3728,3885,3532,3287,5330,5248,4034,3596,8663,9379,4642,3591,30.1595,-14.0378,8.75378,48.0907
32915,3648,3616,3276,3136,4424,4160,3619,3290,7695,6033,3946,3458,7968,6187,4160,3433,15.2839,-19.3906,8.63148,48.0327
32916,4301,5298,4797,3740,4643,7621,6264,4086,3955,4817,4527,3662,3614,3750,3719,3343,-8.14147,-2.59644,8.69207,48.0913
32917,3347,3643,4681,6284,3376,3903,5251,10015,3301,3635,4371,6057,3097,3408,3729,3944,-7.16187,31.0371,8.7214,48.028
32918,3469,4515,8881,9109,3461,4102,5317,5430,3232,3637,3874,3797,3028,3237,3408,3340,-26.7422,15.3496,8.8323,47.8913
32919,4590,4023,3499,3266,7460,5180,3732,3268,8582,5508,3724,3312,5100,4281,3602,3248,1.79538,-23.8018,8.90787,48.25
32920,4211,6220,8134,5260,3980,5286,6191,4631,3522,3829,4044,3670,3222,3295,3413,3353,-19.3884,3.947,8.77215,48.174
32921,13012,6090,3852,3382,5888,4800,3943,3296,3807,3699,3409,3195,3321,3250,3246,3138,-28.7728,-33.1431,8.98753,47.552
32922,3140,3171,3569,3429,3272,3489,3872,4008,3461,3709,4765,6523,3295,3842,5860,12531,24.2236,31.9413,8.87807,47.9573
32923,3349,3547,3961,4160,3454,3903,5417,5397,3500,4311,7212,7135,3410,3794,4739,4975,5.10301,15.5145,8.57285,48.176
32924,6342,9691,6104,4005,4816,5320,4489,3747,3791,3776,3668,3463,3331,3346,3445,3142,-27.7976,-7.35548,8.57322,48.3173
32925,5046,4586,3660,3370,7636,6456,4016,3324,6301,5435,3944,3452,4270,3968,3637,3282,-2.89957,-17.7149,8.80526,48.2553
32926,4089,4116,3688,3330,5040,5908,4336,3518,5829,7343,4756,3738,4505,4665,3977,3463,3.44983,-10.5376,8.5273,48.2007
32927,3038,3219,3405,3322,3088,3507,3720,3960,3434,3841,5044,6856,3408,4079,6369,11435,22.8378,24.4586,8.71029,47.8167
32928,3151,3255,3593,3534,3315,3427,4091,4686,3353,3917,5315,8824,3376,3865,5468,8962,14.9395,27.0063,8.73212,48.088
32929,3588,3675,3664,3349,4146,4973,4385,3687,4949,7802,5771,3880,4432,5669,4783,3815,8.85587,-4.9318,8.83484,48.3787
32930,4387,7379,8714,5064,4111,4932,5273,4337,3559,3729,3804,3650,3179,3339,3322,3415,-24.4471,2.4608,8.56412,48.1293
32931,3143,3240,3388,3378,3192,3424,3823,3943,3458,3838,5141,5592,3542,4227,7879,10438,30.1921,18.9196,8.68095,47.764
32932,3315,3325,3281,3225,3851,3854,3607,3258,5392,5370,4104,3595,8715,9066,4510,3545,33.603,-14.5876,8.56951,48.0087
32933,3347,3341,3270,3170,3929,3761,3490,3223,6116,5055,3874,3349,11261,7197,4153,3328,25.9728,-20.8326,8.82458,47.9093
32934,3355,3405,3227,3131,3852,3817,3447,3323,6007,4859,3858,3259,12093,6629,3979,3360,32.3882,-23.9552,8.80037,47.734
32935,6475,5207,3833,3315,8994,6316,3860,3394,5298,4568,3686,3427,3922,3711,3288,3200,-9.66473,-20.4796,8.84975,48.3293
32936,3283,3443,3522,3460,3630,4168,4280,3821,4096,6074,7072,4669,4147,5697,6418,4708,13.8544,2.30381,8.98388,48.3253
32937,3423,3345,3211,3123,3765,3786,3632,3229,5001,5848,4474,3661,6390,9471,5539,3970,22.6174,-8.72716,8.87312,47.912
32938,3422,3260,3266,3090,4022,3849,3456,3196,6688,4772,3849,3353,11886,6002,4029,3451,23.8472,-31.4646,8.67976,47.7273
32939,4050,3792,3447,3105,6303,4705,3664,3386,9398,5523,3779,3338,5925,4660,3782,3277,6.43191,-24.6986,8.60014,48.0893
32940,4172,6861,9380,5652,3894,4611,5209,4671,3546,3608,3774,3686,3207,3283,3409,3238,-27.6196,4.45675,8.56292,48.134
32941,3377,3670,4568,5642,3493,3753,5184,9935,3322,3619,4552,6733,3218,3446,3863,4109,-5.33692,30.1677,8.98968,48.3227
32942,3208,3341,3362,3424,3270,3387,3697,3883,3455,3887,4781,6037,3357,4032,6044,12704,27.837,33.1177,8.86333,47.9127
32943,6902,6615,4352,3630,6831,6919,4323,3504,4284,4379,3639,3315,3547,3599,3290,3035,-14.6685,-15.1574,8.97517,48.1093
32944,5304,8942,7162,4385,4401,5131,4789,4051,3615,3795,3781,3405,3309,3359,3297,3251,-28.7528,-3.01825,8.52036,47.9847
32945,11843,6400,3994,3490,6291,4936,3837,3518,3993,3850,3390,3243,3380,3318,3234,3159,-26.3558,-25.1251,8.51002,47.9173
32946,3158,3199,3406,3348,3188,3481,3829,4020,3457,3748,4801,5994,3278,3848,5889,12805,33.9221,27.1496,8.81419,47.6327
32947,3007,3208,3273,3365,3182,3357,3834,3989,3286,3805,4803,6500,3412,4036,5944,12977,26.5303,29.8381,8.90707,47.9853
32948,3758,3662,3359,3115,5157,4118,3584,3238,9795,5257,3810,3379,7733,5118,3713,3295,11.7825,-29.6279,8.84848,48.0607
32949,8163,9354,4927,3694,5361,5416,4158,3622,3764,3766,3480,3311,3305,3393,3196,3081,-25.9176,-13.3243,8.66277,47.994
32950,6935,8506,5005,3708,5501,6271,4334,3722,3987,3989,3702,3390,3357,3443,3208,3148,-20.0135,-11.2873,8.67771,48.1373
32951,3475,3938,6033,12308,3459,3825,4813,6496,3207,3391,3803,3929,3091,3146,3386,3273,-25.1963,32.0196,8.5407,47.7153
32952,4578,7157,7587,4739,4093,5576,5955,4419,3567,3895,3946,3568,3256,3419,3352,3228,-19.4559,1.15503,8.84732,48.2233
32953,3734,4285,5010,4413,3885,5250,7959,5083,3666,4382,5585,4381,3462,3692,3860,3808,-5.61296,6.83319,8.61868,48.3033
32954,3250,3286,3367,3299,3458,3802,3752,3613,4039,4580,5195,4477,4349,7169,9202,5213,32.3701,3.13263,8.76178,48.034
32955,4863,7579,6437,4284,4354,6426,5444,4075,3753,4095,3909,3680,3303,3485,3292,3226,-17.7569,-2.65236,8.82471,48.1367
32956,4375,7058,8804,5267,4023,4958,5470,4498,3516,3777,3891,3669,3290,3280,3429,3294,-23.2942,3.0116,8.77304,48.3993
32957,3459,3580,3648,3395,3838,4484,4375,3756,4490,6969,6607,4229,4335,5719,5485,4142,11.3719,-1.05252,8.73592,48.3407
32958,8666,9036,4723,3631,5396,5274,4132,3401,3898,3847,3521,3375,3368,3417,3272,3154,-27.3209,-14.2447,8.67784,48.074
32959,3638,4138,4440,4069,3899,5316,7308,4683,3755,4945,6114,4571,3488,3860,4080,3877,-2.16595,4.45049,8.92758,48.1207
32960,3313,3377,3236,3402,3604,3760,3704,3519,4258,5059,4862,4019,4780,8576,7726,4542,33.9747,-1.43242,8.97877,47.8247
32961,4181,3956,3539,3120,6753,4803,3542,3298,9515,5574,3776,3334,5575,4379,3699,3298,4.72561,-24.8973,8.8842,48.228
32962,12120,6031,4018,3414,6239,4868,3771,3474,3920,3845,3421,3221,3355,3356,3223,3127,-25.235,-33.6899,8.51075,47.602
32963,3378,3919,4808,5094,3481,4045,7039,7399,3285,3974,5377,5787,3261,3406,3965,4073,-4.46153,16.2447,8.99229,48.194
32964,8074,9329,4953,3729,5140,5205,4317,3550,3873,3838,3570,3362,3324,3372,3339,3163,-30.1949,-12.6112,8.54479,48.092
32965,5965,6419,4396,3567,6625,7484,4464,3512,4408,4461,3875,3468,3519,3596,3470,3251,-12.8934,-12.9677,8.60907,48.32
32966,3100,3263,3498,3441,3190,3507,3975,4332,3302,3835,5105,7846,3345,3952,5990,10102,18.2586,25.4438,8.60564,47.8553
32967,5076,6301,4554,3629,5593,7992,4998,3738,4256,4615,3974,3401,3532,3676,3521,3263,-11.1995,-8.8537,8.51339,48.0793
32968,4264,5470,5270,4005,4539,7297,6499,4225,3890,4709,4462,3836,3458,3679,3640,3381,-9.50835,-1.23271,8.84029,48.416
32969,8128,5279,3919,3400,9233,5634,3723,3415,5054,4212,3556,3290,3565,3540,3422,3103,-13.1141,-24.0044,8.94417,48.3153
32970,3204,3456,3965,4426,3314,3678,4681,7170,3283,3709,5247,9123,3251,3626,4348,5364,3.07978,26.7701,8.96653,47.8967
32971,3413,3340,3233,3107,4017,3728,3435,3182,6413,4916,3767,3394,11718,6640,4117,3397,25.3429,-23.6747,8.78092,47.878
32972,3451,3988,6479,12273,3366,3804,4831,6043,3157,3431,3728,4001,3118,3318,3396,3487,-30.89,25.1741,8.65161,47.914
32973,3323,3722,4713,6077,3480,3859,5329,9638,3295,3623,4551,6263,3144,3392,3888,4031,-6.52861,25.4215,8.55986,48.2187
32974,3446,4017,5157,4939,3507,4384,7747,6673,3339,4005,5321,5012,3303,3567,3941,3891,-6.46194,12.9041,8.79115,48.166
32975,3457,4323,7439,10224,3413,4126,5156,6224,3345,3511,3836,3946,3097,3181,3369,3498,-24.183,19.3587,8.81022,48.0967
32976,3036,3324,3543,3641,3247,3523,4196,4735,3349,3756,5376,9164,3357,3964,5389,8603,14.1229,25.7268,8.9242,48.1353
32977,3603,3861,4695,4631,3554,4496,7710,6063,3333,4279,5803,5233,3336,3709,4028,3986,-4.15798,11.7994,8.71247,48.2133
32978,3418,3476,3208,3075,3874,3787,3551,3218,6390,4831,3755,3328,11844,6391,3946,3414,25.366,-24.7099,8.79982,47.6707
32979,3396,3471,3319,3155,3759,3843,3585,3343,5002,5727,4420,3701,6934,9310,5454,3812,23.7595,-9.96806,8.54184,48.154
32980,3154,3386,3655,3808,3314,3699,4672,5313,3418,3998,6554,8405,3290,3940,5265,6345,9.38732,18.7267,8.6807,48.144
32981,8449,7003,4360,3418,6839,6107,4003,3454,4201,4086,3528,3266,3491,3488,3239,3124,-17.8013,-17.8245,8.63167,48.0373
32982,3399,3399,3248,3178,4266,3834,3525,3339,8035,5062,3806,3496,10417,5680,3853,3418,18.5847,-28.9283,8.64014,47.97
32983,5104,8959,7661,4417,4317,5101,4812,4124,3597,3640,3737,3492,3289,3421,3266,3221,-30.2747,-2.2639,8.83133,48.1053
32984,3324,3681,4481,5885,3391,3825,5312,9641,3368,3674,4526,6450,3224,3426,3884,4122,-5.47289,25.9065,8.79262,48.1427
32985,4815,7601,6852,4489,4403,6081,5572,4143,3674,4052,3930,3651,3185,3346,3370,3274,-18.8198,-1.53901,8.94206,48.292
32986,6757,4873,3684,3333,9497,5711,3928,3404,5646,4451,3546,3163,3881,3685,3398,3177,-9.45854,-24.3117,8.54695,48.0893
32987,3097,3347,3433,3350,3229,3457,4013,4298,3428,3912,5073,7072,3474,3858,6397,10759,21.217,23.8763,8.7628,48.1313
32988,3382,4069,6540,12026,3438,3820,4842,6330,3218,3396,3866,3959,3134,3253,3324,3343,-26.9241,24.8614,8.5721,47.96
32989,3061,3295,3493,3412,3215,3606,4189,4285,3590,4021,6092,6699,3573,4279,7169,7911,18.1864,16.6845,8.66764,47.9267
32990,4899,7489,5936,4089,4818,6649,5501,3941,3774,4263,3780,3568,3388,3491,3384,3264,-16.4624,-3.89084,8.88032,48.156
32991,3073,3192,3374,3399,3144,3451,3617,4109,3452,3803,4826,6180,3329,3958,6091,12647,27.1309,28.2028,8.7356,47.7633
32992,4193,6408,8292,5311,3884,5254,6204,4669,3487,3844,3955,3643,3290,3397,3329,3295,-19.8165,3.92058,8.89299,48.3033
32993,3446,3981,5708,10896,3290,3766,4895,7413,3262,3499,3925,4085,3179,3225,3372,3305,-20.1488,32.5089,8.61051,47.498
32994,3147,3182,3477,3439,3223,3558,4081,4148,3610,4110,6037,6296,3601,4391,7564,8398,19.336,15.9508,8.95479,48.1747
32995,3592,4573,6483,5619,3782,4788,7724,5930,3394,3815,4462,4296,3209,3436,3709,3568,-12.6751,10.3577,8.53293,48.2533
32996,5209,4509,3608,3277,8299,5854,3870,3530,6750,5231,3798,3442,4288,4086,3491,3304,-3.34733,-20.6091,8.73569,48.364
32997,11680,7120,4260,3423,5857,4839,3963,3382,3870,3828,3368,3304,3339,3425,3105,3010,-29.027,-21.145,8.73442,47.8487
32998,8968,6018,4138,3306,7800,5695,3917,3507,4525,4054,3543,3298,3562,3578,3263,3044,-16.8717,-21.504,8.57019,48.144
32999,3488,3694,3480,3385,3965,4663,4308,3706,4679,7437,6120,3994,4328,5791,5189,4034,10.6066,-2.68752,8.65176,48.174
33000,3307,3259,3281,3177,3534,3733,3732,3587,4102,4918,5066,4284,4722,8112,8398,4841,27.1287,0.431632,8.9097,48.0353
33001,5821,9830,6166,4021,4601,5217,4626,3846,3819,3850,3634,3387,3381,3393,3280,3213,-31.3887,-6.08305,8.53474,48.0567
33002,3474,3857,5305,9014,3306,3807,5318,8953,3272,3568,4109,4811,3241,3257,3404,3605,-14.8842,28.5283,8.56671,48.2007
33003,3971,3807,3432,3200,6202,4492,3616,3380,9690,5189,3852,3238,6002,4683,3768,3275,6.71345,-29.8211,8.5921,47.8647
33004,3819,4594,4817,4120,4211,6212,7482,4509,3874,4662,5367,4211,3497,3749,3863,3588,-5.4837,2.8844,8.69485,48.3833
33005,11831,6988,4102,3253,5869,4860,3835,3303,4112,4007,3498,3200,3445,3388,3199,3198,-33.6886,-22.3758,8.51927,48.0587
33006,4634,7074,6893,4457,4321,5907,5983,4171,3772,4014,3964,3637,3246,3419,3478,3280,-18.3357,-0.34283,8.5082,48.1667
33007,3144,3295,3508,3527,3205,3466,3895,4432,3467,3872,5068,7991,3365,3926,5573,10201,17.6046,33.5666,8.77932,47.9567
33008,3217,3331,3414,3370,3346,3669,3703,3743,3574,4421,5346,4805,3947,5808,10032,6333,33.0438,8.10332,8.7225,48.0393
33009,3185,3267,3448,3351,3269,3440,3823,3867,3343,3781,4764,6421,3370,3914,6356,12332,25.842,26.8981,8.76949,47.954
33010,8203,7413,4375,3413,6411,5918,4112,3529,4158,4066,3532,3268,3517,3379,3356,3068,-18.8791,-16.2951,8.56498,47.812
33011,3393,3859,4299,4163,3606,4536,6655,5359,3483,4677,6913,5452,3531,3780,4470,4238,0.637432,10.1414,8.59842,48.276
33012,3475,3983,6029,12533,3449,3670,4742,6020,3302,3507,3738,3908,3129,3219,3357,3304,-29.6324,32.1211,8.60042,47.5767
33013,9134,8323,4494,3601,5882,5253,4075,3502,3913,3915,3520,3277,3359,3389,3283,3081,-23.1042,-16.1185,8.91541,48.0007
33014,3370,3365,3345,3195,3797,3780,3486,3271,5293,5253,4050,3526,8464,9175,4803,3681,32.2866,-13.8074,8.69565,47.9027
33015,4857,6231,4961,3836,5176,7719,5494,3861,4033,4757,4207,3621,3604,3686,3561,3275,-11.4728,-5.98725,8.61106,48.586
33016,3167,3319,3568,3486,3245,3528,3983,4378,3332,3808,5116,8034,3402,3911,5616,10354,18.0619,30.3921,8.90645,48.1647
33017,3267,3700,4511,4603,3436,4116,6575,6778,3417,4066,5930,6321,3290,3601,4099,4290,-1.1872,16.1371,8.91601,48
33018,5737,9088,6101,3967,4777,5981,4855,3836,3647,4014,3647,3402,3383,3447,3359,3169,-21.5847,-6.16577,8.72739,48.2733
33019,3622,3498,3317,3140,4702,4109,3510,3227,8588,5726,3907,3428,8274,5798,3873,3456,14.2588,-22.1177,8.82174,48.1167
33020,3163,3621,4344,4684,3371,3844,5548,7913,3414,3714,5349,7516,3210,3514,4229,4625,-0.633871,21.1775,8.81471,48.0393
33021,3086,3181,3415,3321,3389,3636,4017,3788,3751,4681,6414,5064,3962,5544,8553,6104,19.6692,8.52932,8.78495,47.9373
33022,3321,3446,3359,3259,3772,3770,3646,3408,4618,5904,4824,3957,5930,9210,6100,4110,23.2012,-6.25373,8.6668,48.4227
33023,4817,4177,3618,3259,7973,5205,3705,3350,7972,5171,3805,3356,4672,4207,3542,3251,-0.404851,-23.7621,8.59062,48.0533
33024,5605,8932,6395,4134,4655,5881,4843,3893,3801,3921,3661,3513,3299,3449,3326,3259,-21.9168,-5.3552,8.65165,48.378
33025,3323,3436,3712,3609,3576,4048,4923,4295,3840,5107,8164,5476,3706,4389,5887,4965,9.69845,8.35288,8.62427,48.304
33026,3321,3428,3277,3149,3762,3758,3546,3301,5308,5201,4082,3444,8305,9289,4880,3582,28.809,-13.5937,8.54738,47.7553
33027,3224,3113,3465,3422,3303,3455,3822,4059,3356,3870,5179,6325,3437,4157,7219,10867,23.8653,20.7339,8.78068,48.182
33028,3531,3790,5126,5535,3448,4044,6639,7973,3286,3735,5110,5676,3144,3446,3949,4032,-6.33346,17.8957,8.67022,48.3093
33029,3219,3548,3942,4472,3302,3713,5022,7348,3518,3826,5427,8738,3153,3694,4287,5022,2.45157,24.0416,8.79135,48.154
33030,7123,6161,4103,3365,7583,6481,4138,3503,4611,4311,3666,3289,3632,3683,3401,3055,-13.9105,-17.3189,8.77921,48.07
33031,3974,6150,9938,6312,3735,4404,5237,4742,3397,3657,3783,3608,3121,3309,3373,3294,-30.6657,7.29652,8.78179,48.0227
33032,3269,3261,3313,3282,3554,3720,3700,3575,4424,5182,4735,4037,5371,9107,7262,4374,28.6836,-2.94619,8.67153,48.1107
33033,4456,3989,3447,3204,7235,4732,3680,3310,9201,4994,3796,3398,5290,4364,3635,3214,3.14694,-27.3692,8.66439,47.9633
33034,3153,3237,3460,3335,3345,3432,3707,3868,3404,3797,4744,6046,3334,3921,5801,12404,33.081,32.8437,8.81132,47.3253
33035,4844,5181,4131,3636,6203,7909,4612,3723,4756,5256,4063,3498,3896,3846,3629,3282,-6.81818,-11.2345,8.54976,48.31
33036,11178,5772,4011,3424,7560,4993,3821,3393,4192,3916,3464,3184,3387,3426,3222,2959,-20.0108,-31.9063,8.87111,47.9347
33037,3652,3466,3351,3064,4919,4076,3549,3188,9441,5231,3747,3395,8433,5316,3951,3395,13.6317,-29.0094,8.9968,48.116
33038,3496,4551,8658,9604,3580,3912,5155,5465,3254,3568,3697,3919,3133,3170,3409,3407,-31.065,16.4399,8.98142,47.9853
33039,3327,3350,3217,3231,4068,3760,3473,3145,6040,4720,3707,3341,12852,6069,3926,3372,30.0567,-28.8275,8.9302,47.732
33040,3358,3502,3310,3232,3744,3920,3771,3546,4832,6051,4771,3901,5672,8904,5904,4109,20.5837,-6.2693,8.69461,48.3513
33041,3085,3320,3618,3539,3420,3862,4284,4389,3536,4384,7352,6479,3591,4390,6814,6171,13.773,12.6659,8.84352,48.156
33042,3378,3427,3310,3095,3950,3920,3628,3302,5278,6067,4404,3573,7080,9010,5210,3683,21.867,-11.0496,8.98482,48.21
33043,3162,3249,3340,3327,3231,3570,3842,3825,3452,3841,5091,5922,3495,4277,7893,10456,26.9351,18.7426,8.8175,47.982
33044,5341,4628,3744,3341,8710,6207,3956,3448,6248,4920,3771,3379,4176,3849,3489,3128,-5.17907,-20.2767,8.87202,48.2233
33045,3286,3391,3259,3160,3731,3912,3568,3200,5146,5353,4217,3555,7435,9764,5118,3716,33.7431,-11.2323,8.81291,47.874
33046,6635,7808,4740,3707,5862,6777,4434,3631,4050,4114,3710,3374,3467,3478,3322,3126,-17.083,-11.9766,8.91404,48.1567
33047,3448,3946,6188,12477,3330,3807,4809,6346,3188,3402,3766,3972,3080,3245,3402,3315,-26.5631,26.4854,8.78246,47.814
33048,4876,8660,7840,4699,4168,5015,4812,4127,3574,3706,3771,3500,3223,3220,3451,3260,-28.1781,-1.00465,8.61305,47.9347
33049,12050,6008,3894,3330,6449,4900,3720,3395,3977,3695,3455,3232,3432,3271,3245,3170,-24.226,-33.6838,8.72001,47.482
33050,9739,6347,4047,3500,7438,5453,3831,3484,4322,4089,3517,3217,3468,3463,3258,3052,-18.5546,-22.4149,8.58384,48.15
33051,3505,4643,8913,8495,3575,4129,5391,5590,3375,3627,3949,3886,3044,3287,3256,3295,-24.2238,14.232,8.97794,47.9733
33052,3741,3878,3537,3455,4609,5681,4187,3565,5674,8140,4822,3691,4607,5227,4096,3584,5.84322,-9.38798,8.93551,48.3293
33053,3571,3934,4537,4098,3715,4901,6979,5023,3709,4669,6787,4957,3428,3919,4333,3960,-0.779228,7.79651,8.61989,48.3467
33054,3384,3421,3295,3104,3868,3700,3473,3212,6027,4753,3685,3452,12563,6083,3870,3298,32.067,-28.1131,8.97475,47.4587
33055,4535,6310,5343,4084,4687,7417,5937,4067,4013,4412,4183,3653,3445,3523,3518,3414,-12.7344,-2.99079,8.77972,48.3607
33056,3210,3414,3912,4290,3402,3652,4731,6803,3451,3814,5235,9388,3317,3740,4536,5657,4.47039,26.4472,8.67017,48.368
33057,3318,3239,3366,3386,3525,3935,3940,3713,4002,5034,5878,4688,4348,6346,8393,5329,20.7665,3.85623,8.64174,48.2933
33058,3120,3363,3906,4245,3319,3613,4653,6745,3393,3807,5442,9668,3419,3592,4555,5654,4.92807,27.3185,8.68059,48.3293
33059,7988,5311,3788,3373,9674,5296,3801,3327,5075,4126,3605,3316,3654,3531,3363,3127,-12.6641,-30.8403,8.84447,48.2367
33060,3321,3619,4545,5442,3294,3762,5237,9617,3291,3727,4693,6815,3186,3314,3821,4259,-4.18362,31.9473,8.88593,47.962
33061,12485,6729,3917,3425,5992,4890,3690,3440,3836,3737,3580,3224,3328,3303,3239,3075,-28.6309,-24.1049,8.91768,47.9267
33062,3298,3626,3838,3890,3501,4012,5285,4975,3448,4495,7653,6550,3553,4046,5236,5107,6.47035,12.5534,8.71113,48.342
33063,3349,3406,3151,3170,3921,3910,3571,3214,5520,5232,4073,3587,9203,8852,4619,3585,27.579,-15.6098,8.61426,48.242
33064,3041,3273,3420,3389,3307,3634,3919,3657,3756,4417,5741,4963,3905,5592,9610,6629,24.2005,8.88447,8.95642,48.1687
33065,3365,3527,3773,3481,3701,3996,4693,4081,3941,5398,8010,5202,3827,4682,5840,4729,10.761,6.11726,8.80082,48.164
33066,3827,5861,9858,6427,3738,4410,5565,4815,3428,3692,3811,3752,3125,3343,3337,3305,-25.5288,8.24172,8.9133,48.196
33067,3515,3518,3257,3202,4624,4028,3589,3286,8828,5134,3771,3383,8772,5485,3919,3403,15.0604,-33.2746,8.72074,47.8093
33068,4028,6129,9962,6170,3738,4438,5251,4584,3423,3652,3712,3729,3231,3311,3392,3221,-28.9289,7.27426,8.73196,47.9807
33069,3401,3467,3421,3277,3875,4295,4090,3752,4828,7074,5651,3989,4870,6983,5473,4132,14.5333,-4.40938,8.52661,48.3853
33070,3398,3778,4817,5621,3364,3970,6526,8421,3300,3742,4890,5753,3186,3415,3825,3958,-6.82786,19.0793,8.79006,47.976
33071,5599,4427,3680,3288,9771,5044,3784,3375,6712,4538,3676,3234,4294,3819,3488,3268,-4.78854,-29.0793,8.97657,47.998
33072,5583,9428,6988,4318,4416,5257,4730,3982,3656,3759,3681,3467,3299,3337,3311,3112,-29.3484,-4.08182,8.58272,48.216
33073,3380,3394,3248,3103,4176,3935,3637,3401,6146,5985,4255,3422,7717,7868,4616,3619,19.534,-14.3453,8.69778,47.9347
33074,7319,5079,3752,3303,9787,5543,3800,3276,5340,4248,3668,3267,3833,3700,3344,3131,-10.509,-26.6092,8.89471,48.26
33075,3194,3469,3729,3706,3321,3846,4825,4959,3538,4284,7246,7543,3431,4088,5577,5859,9.25882,15.707,8.90058,48.41
33076,3305,3843,5675,10376,3431,3785,5034,7948,3375,3510,3877,4283,3159,3289,3374,3349,-18.9012,29.8841,8.51207,47.742
33077,7016,9388,5389,3955,4962,5673,4366,3617,3742,3833,3677,3381,3351,3347,3277,3143,-24.6544,-9.70447,8.51115,48.078
33078,3139,3200,3442,3390,3319,3524,4074,4061,3505,4261,6186,6178,3637,4542,7827,7719,19.0195,14.892,8.76608,48.0027
33079,6396,4864,3806,3365,9611,5571,3850,3307,5837,4386,3529,3267,3957,3764,3383,3154,-8.15004,-24.6012,8.67255,48.0313
33080,11060,7523,4230,3494,6078,5028,3803,3400,3912,3755,3467,3160,3269,3421,3214,3106,-25.9763,-20.4315,8.76581,47.9467
33081,3410,3921,6180,12396,3316,3787,4845,6091,3184,3495,3700,4002,3240,3205,3423,3375,-29.6669,27.7032,8.66207,47.7133
33082,4539,4276,3724,3249,6291,6696,4297,3570,6020,6308,4131,3494,4325,4286,3699,3450,-0.432061,-13.8435,8.97991,48.2367
33083,3056,3214,3387,3396,3304,3379,3806,3862,3409,3879,4980,5833,3384,4181,7780,10911,31.6693,19.5724,8.89358,47.8407
33084,9745,5541,3817,3391,8181,5045,3852,3400,4343,4046,3547,3306,3606,3427,3216,3086,-16.7728,-33.0318,8.59077,47.6993
33085,3364,3819,5832,11260,3411,3799,5014,7215,3325,3460,3954,4146,3195,3259,3402,3458,-21.1418,32.7752,8.63204,47.942
33086,3347,3453,3218,3028,4159,3787,3514,3202,7178,4981,3799,3459,11630,6090,3908,3344,21.7064,-26.6471,8.89209,48.0647
33087,9653,8502,4388,3493,5679,5291,4005,3495,3915,3774,3457,3259,3401,3372,3321,3034,-25.8989,-16.7018,8.84683,48.026
33088,3368,3866,5236,8674,3366,3801,5111,9192,3135,3531,4196,4721,3099,3340,3535,3743,-14.0231,28.2626,8.73265,47.9427
33089,6496,7749,4649,3658,5934,6751,4511,3666,4143,4132,3611,3312,3439,3560,3444,3250,-17.0516,-11.7216,8.54065,48.2033
33090,3138,3436,3903,4341,3314,3668,4902,6355,3387,3948,5839,9072,3306,3624,4577,5586,4.94328,22.1486,8.86664,48.264
33091,3939,4427,3825,3451,4828,6745,4899,3771,4921,7013,4959,3830,4083,4343,3983,3581,0.595589,-7.06264,8.72114,48.3987
33092,5267,4782,3720,3343,7971,6708,4112,3437,5783,5158,3919,3399,4098,3986,3557,3310,-4.91067,-17.5634,8.9792,48.3667
33093,3530,3478,3320,3212,4243,4029,3481,3145,8084,5016,3856,3487,10247,5630,3842,3540,17.8517,-30.7117,8.85184,48.0933
33094,10244,5649,3844,3347,8102,5057,3869,3476,4279,3987,3497,3198,3436,3449,3285,3187,-17.8712,-31.0658,8.76091,47.9373
33095,5124,7911,6244,4347,4617,6238,5271,4057,3760,4065,3813,3579,3371,3379,3341,3166,-18.6874,-3.52085,8.57298,48.1887
33096,3196,3236,3454,3380,3204,3531,3917,4307,3316,3899,5291,7770,3345,3894,6041,10344,18.5967,24.3056,8.9772,48.0833
33097,3242,3388,3408,3290,3470,3762,3670,3602,4073,4826,5059,4210,4634,7855,8792,4970,27.6097,1.26711,8.83624,48.1673
33098,5279,5214,4000,3541,6817,7603,4429,3454,4980,5257,3878,3412,3832,3837,3528,3232,-7.5462,-13.7844,8.76219,48.1953
33099,3206,3325,3293,3370,3361,3587,3807,3929,3590,4170,5276,5227,3542,4783,9048,8786,29.4375,14.3784,8.80918,48.2
33100,3308,3631,4652,6552,3360,3852,5217,9893,3409,3573,4348,5868,3228,3428,3807,4073,-7.88029,31.0043,8.60591,48.1327
33101,3390,3361,3326,3243,3899,3841,3473,3327,4936,5372,4246,3677,7169,9805,5387,3742,29.3696,-10.6596,8.85457,48.1293
33102,4216,3954,3472,3236,6827,4678,3728,3327,9464,5090,3817,3397,5411,4535,3752,3339,4.10144,-33.7877,8.668,48.162
33103,3786,4355,3933,3730,4306,6025,5324,4051,4434,6566,5832,4118,3965,4257,4219,3736,1.27835,-2.20081,8.55312,48.4247
33104,3450,3855,5127,6146,3511,4086,6529,8510,3307,3774,4623,5379,3161,3353,3783,3973,-8.70545,19.4738,8.6223,48.378
33105,3426,3836,5458,9285,3422,3903,5134,8453,3169,3465,4051,4589,3119,3408,3525,3523,-16.338,31.9079,8.5137,47.844
33106,3608,4924,9362,8247,3581,4239,5274,5172,3286,3542,3760,4002,3167,3188,3342,3342,-27.3339,13.1251,8.77838,48.024
33107,3348,3486,3538,3379,3787,4366,4234,3743,4209,6239,7070,4474,4068,5701,6172,4453,12.878,1.74866,8.75507,48.178
33108,3167,3272,3449,3382,3416,3625,3846,3730,3799,4524,5310,4683,3879,6005,9851,6337,27.9799,7.49911,8.53806,48.1833
33109,3276,3473,3941,3969,3347,3731,4938,5875,3351,4046,6442,8257,3318,3721,4890,5462,5.96656,18.8673,8.64899,48.0247
33110,3231,3581,4304,5115,3354,3823,4978,8695,3271,3715,4874,7630,3228,3601,4145,4576,-1.69736,26.2669,8.60256,48.0807
33111,3346,3807,4688,6600,3370,3787,5255,9796,3353,3563,4357,5728,3220,3338,3692,4014,-8.78752,30.0658,8.87789,47.9427
33112,3704,3658,3262,3082,4805,4182,3693,3280,8700,5846,3977,3524,7688,5716,3915,3348,13.4604,-21.7336,8.519,48.2533
33113,3104,3237,3421,3292,3181,3512,3758,3941,3369,3830,4907,6131,3463,4072,6698,12088,28.2298,24.3443,8.7936,48.0027
33114,3272,3439,3300,3164,3847,4077,3825,3493,4848,6660,5038,3937,5277,8292,5938,4128,18.1722,-5.18721,8.9793,48.3567
33115,4852,6456,4924,3893,4999,7873,5354,3880,4026,4511,3883,3575,3556,3548,3452,3331,-12.0632,-6.01477,8.92534,48.0753
33116,10250,5842,4008,3343,7972,5100,3973,3404,4336,3864,3455,3202,3501,3455,3263,3175,-18.5276,-26.1325,8.61881,48.0953
33117,6576,4841,3713,3299,9899,5251,3913,3306,5717,4398,3620,3233,3734,3749,3392,3169,-8.58633,-33.6768,8.91156,47.8733
33118,3806,3764,3329,3212,4817,4871,3782,3452,7586,7322,4420,3477,5749,5509,4091,3436,9.42047,-15.6128,8.89446,48.4153
33119,3174,3277,3432,3540,3272,3575,4008,4176,3511,4023,6039,7047,3417,4215,6981,8546,17.6618,17.7095,8.92328,48.1553
33120,4002,6407,10031,5838,3827,4507,5170,4614,3404,3738,3777,3625,3361,3220,3355,3321,-33.5948,5.85282,8.86337,48.1313
33121,9196,5513,3869,3324,8928,5184,3822,3373,4734,4080,3511,3275,3496,3502,3228,3192,-14.9208,-27.4242,8.96087,48.1513
33122,3152,3223,3373,3340,3174,3549,4029,4117,3451,3734,4744,6483,3430,3991,5863,12069,23.7914,29.3724,8.50107,47.8147
33123,7594,5273,3877,3388,9547,5210,3837,3363,4920,4241,3720,3218,3642,3567,3354,3216,-12.0391,-33.4993,8.51654,47.978
33124,3168,3509,3753,3910,3339,3662,4651,5402,3422,3983,6371,8538,3435,3884,5202,6120,8.40244,19.3315,8.69734,48.2327
33125,3232,3612,4529,5705,3424,3785,5339,9414,3251,3764,4643,6604,3209,3491,3941,4386,-4.86157,26.5079,8.52589,48.2193
33126,3264,3513,4269,5088,3386,3724,5290,8595,3369,3770,5010,7362,3242,3555,4061,4531,-2.21218,25.0329,8.56492,48.0193
33127,3216,3530,4061,4631,3370,3671,5144,7689,3377,3760,5488,8327,3185,3523,4170,4953,1.16123,22.7392,8.98799,48.0633
33128,6342,5532,3965,3339,8175,6652,4233,3389,4991,4578,3779,3272,3738,3699,3381,3088,-10.1471,-18.4269,8.55597,48.102
33129,4379,4040,3623,3132,7012,5080,3733,3357,8580,5686,3836,3370,5096,4450,3541,3275,2.57844,-21.5488,8.90379,48.1267
33130,3415,3359,3141,3058,4110,3851,3494,3213,6989,4972,3633,3437,12045,5919,3907,3344,22.6227,-30.1951,8.91124,47.9247
33131,3443,3364,3412,3219,3739,4088,3732,3447,4774,6515,4869,3769,5515,8411,5713,4129,19.1276,-6.09507,8.85104,48.0927
33132,3439,3967,6026,12576,3360,3814,4827,6205,3332,3451,3837,3869,3165,3155,3346,3293,-26.8046,31.3912,8.64536,47.7747
33133,3850,3731,3531,3194,4885,4785,3771,3394,6910,7712,4430,3530,5693,5464,4118,3448,9.47561,-13.9157,8.83931,48.2973
33134,3328,3878,5442,9744,3345,3800,5228,8304,3178,3559,3907,4417,3179,3290,3512,3406,-16.7733,31.5481,8.81985,47.678
33135,3795,3714,3302,3122,5493,4266,3516,3377,9892,5320,3778,3293,7080,4784,3791,3310,10.1426,-28.9921,8.71856,47.8887
33136,3160,3336,3513,3486,3438,3640,4233,4143,3516,4343,6898,6100,3755,4740,7331,6521,15.859,12.4032,8.94125,48.102
33137,3218,3709,4496,5349,3387,3895,5701,8900,3361,3733,4968,6932,3226,3422,3990,4238,-3.9677,22.3969,8.94626,48.35
33138,3450,4034,5272,5287,3541,4387,7776,6884,3508,3861,5191,4849,3191,3373,3959,3852,-7.16468,13.5119,8.93416,48.2767
33139,3122,3238,3402,3291,3260,3582,3896,3859,3667,4304,5697,5020,3888,5416,9462,6997,23.2913,10.4692,8.80869,48.0673
33140,3776,3588,3256,3230,5192,4281,3531,3353,9711,5140,3801,3463,7297,5078,3855,3314,10.9426,-31.9075,8.64541,47.9107
33141,3366,3959,5785,11716,3357,3821,5022,7123,3268,3401,4093,4020,3130,3141,3384,3415,-21.9193,31.389,8.91634,48.0007
33142,4342,5794,5578,4249,4488,7068,6523,4330,3718,4473,4310,3669,3452,3514,3524,3287,-11.8146,-0.952043,8.99169,48.2127
33143,5975,4599,3652,3341,9677,5229,3851,3436,6216,4486,3707,3351,3991,3769,3444,3094,-6.26458,-32.4513,8.73756,47.8787
33144,3202,3229,3418,3342,3403,3558,3800,3724,3828,4542,5240,4672,3893,5861,9992,6339,31.6168,7.77185,8.85592,48.0287
33145,7249,6144,4080,3531,7576,6386,4076,3513,4618,4335,3723,3337,3563,3593,3322,3061,-13.8409,-18.0178,8.66534,48.0713
33146,12604,5932,3774,3382,5889,4677,3790,3371,3815,3781,3289,3349,3479,3324,3294,3211,-32.0584,-30.7196,8.94263,47.3073
33147,3398,3313,3355,3100,3781,3841,3441,3333,5041,5204,4241,3737,7852,9640,5069,3597,29.7326,-12.0084,8.84493,47.962
33148,6642,5436,4050,3447,8159,6806,4090,3408,4949,4474,3675,3313,3765,3710,3297,3137,-11.092,-18.0926,8.81818,48.2387
33149,4801,7332,6699,4488,4459,6151,5650,4093,3708,4019,3865,3553,3269,3546,3332,3325,-18.4688,-1.28601,8.77334,48.1933
33150,3048,3200,3472,3455,3297,3479,3818,4025,3416,3870,4976,6254,3426,4074,6880,11185,25.0909,22.3643,8.51388,47.9167
33151,5716,4524,3640,3283,9487,5167,3771,3337,6734,4678,3763,3295,4203,3981,3461,3124,-4.78624,-28.1944,8.62665,48.1093
33152,3345,3533,3513,3379,3817,4534,4378,3778,4651,7262,6338,4219,4416,5814,5278,4082,11.4707,-2.14514,8.79928,48.2247
33153,3252,3199,3374,3336,3267,3368,3684,3883,3345,3814,4846,6068,3362,3987,6499,12098,28.0678,25.5599,8.61734,47.588
33154,3076,3286,3443,3306,3401,3617,3852,3733,3698,4300,5239,4829,3859,5610,10019,6858,29.559,9.44999,8.86321,48.084
33155,3699,4761,9229,8226,3537,4163,5355,5415,3251,3675,3934,3848,3078,3132,3427,3430,-25.253,13.4782,8.67032,48.1067
33156,7872,9842,5086,3634,5102,5336,4086,3582,3790,3758,3608,3341,3280,3364,3389,3276,-29.6701,-11.9245,8.88848,48.2307
33157,3605,4276,6753,7946,3587,4024,6272,7060,3273,3591,4121,4247,3064,3332,3575,3559,-16.8712,17.0161,8.55728,48.19
33158,3753,3662,3202,3126,4990,4166,3506,3323,9357,5448,3905,3363,7996,5268,3760,3387,12.7876,-26.4156,8.95931,48.1413
33159,3456,4209,6481,9302,3433,4018,5505,7374,3313,3531,4019,4368,3138,3346,3451,3624,-18.2873,20.8843,8.72982,48.3787
33160,4797,5128,4001,3475,6635,7334,4404,3443,5347,5556,4080,3478,4028,3946,3468,3282,-5.01628,-13.6429,8.84531,48.268
33161,3554,3640,3457,3187,4060,4459,3806,3339,5791,7717,4703,3762,5615,6805,4636,3751,13.3879,-10.3154,8.78009,48.188
33162,9223,5856,3943,3357,8065,5590,3852,3334,4531,4158,3521,3317,3463,3502,3311,3053,-16.7216,-23.0117,8.67041,48.0507
33163,4005,3741,3346,3176,6054,4595,3647,3232,9697,5673,3800,3398,6094,4711,3679,3283,7.18338,-23.4765,8.96066,48.0873
33164,3334,3389,3290,3289,3707,3829,3605,3413,4740,5203,4470,3924,5987,9743,6186,4015,32.8903,-6.75017,8.53848,48.0827
33165,3425,3752,4011,3866,3669,4480,5972,4603,3742,5062,7525,5355,3620,4209,4789,4314,3.97622,7.34979,8.58071,48.2627
33166,3401,3453,3235,3150,3888,3633,3435,3243,6092,4679,3845,3395,12648,6060,3806,3417,31.102,-28.3809,8.79939,47.5867
33167,3368,4007,7141,11619,3355,3886,4935,5928,3173,3443,3750,3902,3023,3194,3304,3426,-31.8667,21.842,8.76962,47.636
33168,3844,4511,5397,4364,3942,5680,7961,4906,3607,4441,5188,4057,3344,3644,3937,3530,-7.76879,4.78529,8.7512,48.2353
33169,3391,3524,3428,3321,3774,4388,4139,3734,4431,7077,6456,4165,4555,6112,5629,4252,12.7358,-1.35092,8.67843,48.2507
33170,4042,4858,4953,4095,4229,6848,6991,4441,3875,4859,4745,3910,3490,3800,3735,3587,-7.30279,0.58628,8.7744,48.3053
33171,3704,3648,3403,3202,4808,4465,3752,3370,7420,7021,4075,3497,6360,5916,4068,3424,11.7915,-15.9575,8.79289,48.0887
33172,3179,3184,3339,3350,3310,3594,3825,3889,3515,4066,4930,5378,3566,4531,8969,9140,31.9161,15.0119,8.71819,47.8433
33173,3089,3316,3292,3369,3299,3457,3766,3937,3283,3667,4820,6182,3390,3922,5848,12686,25.9788,31.7929,8.92222,47.5487
33174,3171,3384,3496,3579,3359,3586,4454,4513,3471,4214,6666,7064,3548,4130,6387,6790,14.0774,16.0846,8.66759,47.8747
33175,4069,3855,3441,3202,6440,4592,3629,3310,9581,5110,3843,3379,5849,4699,3778,3308,6.07112,-33.9297,8.66196,48.0567
33176,4394,4442,3868,3447,5697,7140,4545,3542,5530,6602,4317,3483,4111,4289,3679,3376,-0.854136,-11.0981,8.9822,48.308
33177,3631,4707,7671,6746,3660,4448,6676,5855,3450,3807,4134,4136,3120,3367,3488,3544,-17.5741,12.2285,8.5366,48.2933
33178,3233,3544,4290,5308,3430,3728,5118,8974,3339,3806,4714,7554,3121,3572,4103,4382,-2.49646,27.2782,8.53549,48.144
33179,3460,4277,7696,10059,3427,3984,5225,6096,3327,3523,3829,3962,3229,3394,3457,3392,-23.9618,18.5017,8.54387,48.2247
33180,7977,5301,3889,3388,9012,5686,3898,3447,4933,4155,3650,3224,3702,3545,3378,3144,-13.186,-23.8724,8.65557,48.2193
33181,3662,4384,6144,5112,3709,4805,7989,5882,3438,3936,4864,4259,3159,3433,3765,3624,-10.3817,10.2886,8.9014,48.11
33182,6184,9218,5669,4018,4895,5867,4603,3748,3750,3891,3666,3367,3329,3303,3282,3199,-22.1016,-7.9321,8.62513,47.9927
33183,3993,3800,3392,3216,5948,4484,3558,3213,9548,5782,3840,3337,6159,4776,3684,3423,7.30939,-24.0729,8.79098,48.102
33184,5402,6195,4354,3620,6102,8076,4691,3672,4339,4631,3936,3438,3604,3651,3426,3146,-11.1723,-10.7687,8.83114,48.1887
33185,12034,6288,4009,3443,6317,4933,3729,3423,3979,3852,3473,3258,3343,3401,3266,3132,-26.0848,-25.4411,8.52788,47.92
33186,3924,3800,3530,3214,5198,4904,3791,3311,7469,7245,4323,3458,5482,5306,3933,3341,8.07253,-15.9296,8.81149,48.1527
33187,3389,3692,4438,5804,3316,3788,5231,9916,3283,3687,4401,6472,3245,3511,3854,4020,-5.81432,32.0754,8.96817,48.0313
33188,4557,7531,8835,5098,4026,4985,5223,4350,3548,3627,3747,3616,3226,3257,3375,3261,-25.8684,1.97497,8.83931,48.1747
33189,3517,3823,5805,12294,3407,3691,4754,5972,3279,3422,3733,3983,3195,3335,3398,3428,-32.8908,31.1668,8.53857,47.3573
33190,3360,3399,3220,2967,3913,3760,3490,3137,6065,4817,3776,3365,11966,6876,4054,3477,27.231,-22.8679,8.83808,47.7613
33191,3458,3928,5766,10593,3395,3858,4843,7812,3093,3536,4019,4292,3127,3297,3392,3414,-18.9172,32.5647,8.99317,47.882
33192,12654,6041,3885,3183,6021,4755,3760,3385,4026,3683,3384,3311,3381,3486,3285,3133,-30.6323,-27.9645,8.82379,47.582
33193,3423,3931,5918,11800,3375,3864,4990,6702,3221,3421,3799,3973,3137,3187,3362,3319,-23.6928,33.9173,8.52284,47.6147
33194,3138,3523,4067,4648,3305,3712,4758,7614,3372,3757,4901,8943,3347,3552,4282,5148,1.96795,28.603,8.58938,48.0447
33195,11148,6743,4090,3477,6769,5029,3815,3315,4045,3822,3484,3156,3344,3425,3213,3052,-22.9138,-23.0246,8.72317,47.9513
33196,8340,9253,4747,3589,5314,5194,4179,3546,3914,3955,3551,3260,3410,3317,3268,3072,-33.5706,-13.6818,8.9416,47.9393
33197,12218,6399,3915,3346,5962,4835,3850,3261,3906,3742,3562,3262,3353,3384,3250,3149,-32.6476,-25.4043,8.73711,47.596
33198,3389,3281,3203,3115,3966,3699,3465,3168,6645,4845,3892,3337,12360,6005,3986,3471,24.3885,-29.6439,8.98368,47.8847
33199,4153,4590,4035,3573,4979,7354,5142,3666,4763,6356,4656,3709,3956,4101,3676,3479,-2.24347,-6.99856,8.72904,48.1253
33200,3242,3355,3734,3689,3377,3699,4422,5013,3469,4131,6634,8174,3353,4054,5530,6529,10.76,18.0627,8.89665,48.27
33201,3158,3205,3368,3464,3228,3404,3897,4179,3330,3776,4868,7454,3378,4061,5734,11350,20.5435,31.2658,8.97832,47.9027
33202,4492,4929,4224,3719,5341,8076,5002,3731,4612,5792,4360,3615,3812,3872,3716,3409,-4.8573,-7.98354,8.86401,48.468
33203,3033,3243,3512,3485,3181,3680,4098,4087,3516,4403,6370,6249,3639,4501,7750,7397,18.129,14.0158,8.63777,48.096
33204,6477,5333,4033,3373,8227,6668,4088,3453,5030,4516,3800,3254,3807,3691,3340,3183,-10.0676,-18.2669,8.53586,48.182
33205,3290,3353,3276,3232,3637,3886,3702,3425,4542,5358,4566,3877,6012,9604,6368,4100,26.6492,-5.89039,8.62117,48.152
33206,3199,3383,3634,3742,3321,3689,4460,4767,3531,4164,6893,7401,3484,4126,5936,6475,11.9733,16.2638,8.88587,48.1367
33207,4455,7522,8451,4995,4048,5027,5259,4368,3482,3820,3811,3511,3252,3376,3417,3301,-24.6316,1.98504,8.53455,48.0633
33208,3403,3438,3199,3180,3835,3831,3535,3156,5483,5147,3942,3396,10101,8396,4411,3628,30.9825,-17.0696,8.91469,48.054
33209,3419,3440,3183,3137,3930,3873,3585,3268,5935,5593,4031,3449,8778,8467,4629,3507,23.0381,-15.5751,8.70921,48.1493
33210,8847,5227,3878,3537,9120,5104,3807,3451,4648,4159,3482,3245,3564,3496,3319,3106,-14.4021,-29.8373,8.68192,47.9933
33211,3305,3381,3679,3661,3390,3846,4736,4409,3622,4461,7606,6455,3654,4208,6106,5752,11.6377,12.7501,8.86962,48.1807
33212,4108,5321,5891,4416,4198,6050,7394,4562,3724,4137,4594,3882,3298,3530,3624,3492,-11.5776,2.84922,8.69033,48.1473
33213,3239,3664,4077,4268,3253,3793,5297,6643,3388,4019,5935,8136,3377,3730,4457,5190,3.11929,19.8269,8.75421,48.3107
33214,3856,4428,4443,3929,4173,6055,6806,4383,3974,5243,5706,4108,3481,3987,4113,3715,-2.75169,1.42865,8.74302,48.2667
33215,3338,3581,3586,3375,3725,4173,4045,3765,4362,6583,6281,4288,4609,6504,6227,4374,14.9201,-0.773951,8.78169,48.544
33216,3299,3900,5943,12556,3411,3732,4687,5840,3390,3455,3874,3880,3173,3300,3399,3471,-31.7892,32.1842,8.76186,47.54
33217,5095,4435,3670,3233,8860,5090,3763,3289,7600,4730,3716,3339,4461,4087,3526,3195,-2.08608,-33.4592,8.71773,48.0593
33218,3576,3920,4151,3755,3834,5122,5990,4297,3923,5814,6940,4592,3815,4137,4351,3976,2.25407,2.83865,8.84044,48.1287
33219,7317,7235,4483,3485,6519,6685,4143,3471,4209,4229,3659,3309,3412,3562,3349,3078,-16.6876,-15.175,8.94785,48.0967
33220,3943,6253,9718,6101,3654,4502,5455,4730,3525,3612,3815,3720,3171,3262,3409,3310,-25.3812,6.96069,8.75384,48.12
33221,3655,3771,3502,3239,4398,5102,4037,3434,5659,8077,4917,3723,4764,5648,4370,3765,8.2771,-8.98488,8.68067,48.0407
33222,3464,3582,3401,3206,4140,4421,4008,3452,5208,7561,5188,3883,5254,6891,4985,3897,13.7938,-7.71955,8.73713,48.3607
33223,4237,5889,6431,4626,4204,6015,7000,4615,3715,4156,4207,3708,3321,3500,3472,3274,-14.0416,2.39817,8.90757,48.2467
33224,3162,3527,3706,3959,3308,3608,4493,5672,3412,3937,5766,9201,3298,3741,4907,6454,8.49256,23.0584,8.61662,48.1007
33225,3333,4221,6973,10368,3525,4002,5341,6539,3232,3454,3865,4111,2989,3232,3452,3419,-22.1457,20.969,8.52938,48.0373
33226,3248,3310,3387,3250,3488,3779,3740,3649,3940,4672,5080,4383,4303,7167,9186,5375,31.8338,3.29747,8.76282,47.9713
33227,4217,6384,8221,5141,4040,5295,6211,4572,3585,3837,4035,3771,3175,3391,3433,3320,-19.2855,3.72866,8.88855,48.4187
33228,4392,6105,5934,4369,4422,6755,6500,4292,3815,4369,4290,3827,3220,3524,3510,3337,-13.0048,-0.555888,8.93722,48.4407
33229,3681,5229,9707,7308,3562,4188,5269,5074,3383,3603,3871,3903,3141,3348,3465,3282,-28.9174,11.0109,8.55784,48.0093
33230,3553,3805,4222,3904,3628,4611,6300,4677,3708,4875,7514,5148,3490,4091,4467,4256,2.59452,7.74734,8.82632,48.166
33231,12608,5918,3960,3408,6369,4900,3668,3479,4042,3758,3482,3227,3353,3134,3180,3130,-25.9375,-32.7754,8.75798,47.744
33232,3333,4045,6436,12163,3425,3836,4844,5822,3329,3431,3829,3902,3173,3274,3384,3492,-31.8029,24.5045,8.6082,47.812
33233,3403,4339,7939,10431,3464,4056,5115,5691,3152,3472,3761,3916,3140,3228,3411,3400,-27.4702,18.6125,8.76056,47.9453
33234,3308,3377,3363,3216,3843,3980,3790,3435,4588,6165,5001,3862,5433,8278,6133,4163,19.8887,-4.77511,8.57643,47.9567
33235,4139,4021,3489,3134,6738,4862,3757,3248,9043,5760,3801,3474,5574,4541,3607,3216,4.45116,-22.8217,8.85046,48.2693
33236,3361,3414,3294,3201,3897,3945,3678,3389,5247,6405,4461,3760,6404,8921,5157,3790,20.581,-9.57702,8.97896,48.216
33237,3065,3265,3420,3339,3337,3444,3846,4015,3517,3975,5156,5859,3560,4315,7864,10382,25.982,18.6469,8.68841,48.2393
33238,3701,4648,8376,7619,3476,4288,6111,5890,3327,3594,4017,3935,3111,3309,3404,3409,-20.5668,13.4622,8.69242,48.1433
33239,3216,3187,3333,3349,3285,3569,3760,3952,3565,4037,5080,5479,3417,4477,8481,9930,31.7367,16.7359,8.967,48.078
33240,3231,3425,3630,3713,3409,3926,4970,4572,3682,4850,8005,5959,3562,4432,5676,5166,9.42748,9.93302,8.50815,48.1387
33241,4991,7352,5967,4150,4621,6744,5591,3980,3888,4109,3919,3558,3369,3507,3532,3283,-16.6887,-3.73292,8.61692,48.374
33242,3556,3646,3365,3174,4453,4352,3635,3378,7184,6281,4053,3521,7494,6551,4154,3599,15.1989,-16.9138,8.58045,48.264
33243,3345,3476,3186,3206,3845,4004,3709,3306,5423,6165,4372,3697,6876,8919,4988,3614,20.7413,-11.0466,8.99182,48.0873
33244,3254,3439,3267,3351,3691,3857,3693,3578,4519,5953,4972,4077,5370,8676,6469,4283,21.58,-3.91332,8.50297,48.2993
33245,4156,4721,4062,3599,4935,7440,5132,3754,4674,6502,4740,3612,3927,4051,3840,3509,-1.98301,-6.49739,8.95059,48.436
33246,3510,4334,8393,9910,3468,4056,5005,5491,3273,3425,3881,3732,3184,3319,3347,3348,-30.8961,17.3936,8.94998,47.784
33247,3450,3495,3220,3134,3970,3949,3415,3215,6007,4739,3782,3318,12147,6666,4021,3376,32.7815,-24.0568,8.59923,47.936
33248,3668,3635,3228,3113,4852,4137,3467,3262,9079,5195,3744,3402,8615,5386,3827,3357,14.0944,-30.1776,8.78326,47.978
33249,3067,3240,3347,3452,3301,3518,3966,4343,3292,3845,4885,7312,3330,3855,5821,11271,20.7355,31.3537,8.50029,47.8967
33250,3580,3504,3300,3171,4704,4126,3597,3329,8808,5421,3824,3343,8806,5496,4052,3286,14.8585,-24.1308,8.94897,48.2313
33251,4178,5267,4877,3882,4500,7531,6278,4058,4104,4962,4666,3837,3581,3675,3672,3394,-7.94948,-2.59205,8.80522,48.308
33252,3077,3305,3448,3376,3446,3617,4020,3787,3707,4439,6200,5236,3785,5169,9132,6749,20.8997,10.2156,8.96271,48.3287
33253,3641,4526,6747,5817,3620,4625,7671,6174,3393,3753,4471,4201,3234,3333,3579,3541,-13.4219,11.4325,8.86262,48.2173
33254,4161,6188,8423,5306,3885,5001,6137,4710,3522,3852,4044,3746,3255,3347,3402,3318,-19.7825,4.45464,8.55479,48.198
33255,3344,3352,3373,3173,3395,3830,3761,3638,4055,5324,5219,4270,4594,7883,8333,4815,23.7538,0.630294,8.7927,48.2393
33256,3835,3736,3360,3115,5360,4450,3648,3282,9096,6046,3910,3385,6770,5383,3888,3321,10.0595,-21.3242,8.93925,48.39
33257,3152,3323,3349,3279,3276,3690,3955,3786,3815,4496,6176,5245,3868,5316,9219,6565,21.209,9.5909,8.76631,48.34
33258,3304,3688,5027,7332,3359,3867,5373,9763,3288,3605,4221,5218,3132,3424,3655,3735,-11.0264,26.6384,8.90921,47.994
33259,3068,3329,3496,3612,3363,3617,4199,4286,3612,4279,6453,6905,3600,4438,6791,7143,15.5759,15.7993,8.58769,48.1273
33260,3312,3866,4984,5910,3455,4010,6559,8543,3393,3675,4842,5347,3120,3474,3760,3989,-7.79362,19.3503,8.83928,48.1593
33261,3339,3340,3228,3229,3849,3934,3616,3385,5030,5972,4497,3626,6653,9202,5449,3848,22.5639,-9.63837,8.78101,48.1313
33262,10965,7688,4175,3499,5602,4937,3851,3414,3858,3779,3556,3185,3376,3403,3178,3176,-30.46,-19.621,8.73062,47.7613
33263,9108,6559,4086,3395,7246,5485,4001,3270,4310,4100,3641,3345,3610,3452,3284,3127,-18.4525,-20.742,8.5621,48.0127
33264,3415,3936,5277,8689,3362,3696,5299,9064,3252,3587,4144,4889,3113,3313,3468,3566,-14.3201,29.1484,8.69856,48.0467
33265,4278,6246,6892,4641,4078,5949,6497,4435,3632,4117,4083,3584,3297,3421,3517,3388,-16.147,1.31429,8.6135,48.0367
33266,3680,4802,7327,5916,3683,4723,7300,5504,3533,3699,4343,4076,3156,3462,3496,3399,-15.0886,10.0421,8.9479,48.066
33267,6118,4935,3732,3433,9273,5884,3943,3305,5709,4712,3675,3324,4060,3744,3347,3177,-7.78248,-22.166,8.87864,48.2473
33268,3233,3386,3431,3468,3515,3906,4160,3780,3964,5146,6884,4965,3921,5480,7886,5504,17.0703,6.6807,8.69429,48.4193
33269,5509,4943,3907,3287,7796,6880,4173,3345,5443,4936,3874,3361,4079,3868,3502,3241,-6.32535,-17.012,8.82442,48.096
33270,4447,3943,3507,3232,7290,4771,3766,3355,9212,5042,3678,3377,5327,4150,3754,3241,3.17101,-29.459,8.63741,48.0613
33271,3730,3595,3312,3162,5121,4189,3610,3362,9774,5175,3943,3422,7712,5188,3760,3430,11.8632,-31.0587,8.80588,48.3233
33272,4242,6639,9423,5535,3847,4834,5509,4470,3426,3701,3755,3729,3151,3393,3456,3332,-24.0662,4.88902,8.96012,48.2947
33273,3391,3417,3186,3077,3972,3952,3472,3237,5786,5087,3932,3283,11248,7166,4120,3220,32.9478,-21.2246,8.88645,47.6973
33274,4747,4163,3451,3208,7991,4823,3632,3326,8723,5028,3751,3272,5022,4192,3554,3293,1.32342,-28.4285,8.99762,48.1173
33275,3349,3441,3330,3173,3708,3825,3782,3324,4929,5854,4702,3793,5970,9310,5683,3959,22.3323,-7.69753,8.62004,48.088
33276,3316,3392,3287,3276,3582,3807,3775,3544,4185,5082,5037,4096,4790,8552,7834,4599,33.6708,-1.0833,8.54016,48.1027
33277,3797,3928,3529,3277,4712,5191,3985,3513,5914,7921,4726,3645,5013,5454,4245,3556,7.4709,-10.3949,8.78806,48.2707
33278,11881,6893,4024,3494,5913,4884,3767,3353,3994,3831,3498,3310,3474,3427,3256,3096,-29.7251,-23.2366,8.90507,48.0633
33279,3340,3910,5356,8802,3363,3922,5263,9230,3292,3534,4120,4632,3086,3293,3541,3563,-14.5211,28.2833,8.88525,48.1647
33280,3387,3449,3313,3343,3699,4050,4038,3602,4262,6074,5926,4336,4604,6872,6797,4445,17.4124,0.22948,8.59226,48.1313
33281,3668,3563,3279,3098,4870,4198,3501,3337,9313,5288,3856,3432,8128,5262,3806,3409,13.2799,-27.0038,8.6058,48.0053
33282,4079,3938,3554,3265,5607,5160,3830,3344,7602,6824,4100,3525,5266,5003,3839,3385,5.35502,-16.9664,8.61853,48.214
33283,3225,3344,3393,3288,3363,3636,3905,3696,3807,4846,6120,4707,3951,6114,9088,5704,21.8189,6.31891,8.59897,48.1247
33284,3097,3470,3846,3876,3214,3587,4576,5597,3371,3878,5905,9311,3387,3822,4983,6333,8.4029,22.4676,8.97716,48.1687
33285,3128,3299,3251,3450,3183,3584,3848,3925,3370,3901,5020,6157,3456,4099,6953,11283,25.3898,21.2099,8.90832,47.938
33286,3926,5519,8057,5498,3838,4851,6723,4964,3477,3712,4071,3908,3115,3357,3388,3348,-17.8292,7.05164,8.78008,47.8347
33287,3037,3349,3579,3761,3293,3670,4341,4989,3423,3877,5972,8991,3380,3933,5451,7315,11.9012,21.5652,8.70457,48.2407
33288,3311,3678,3991,4046,3495,4171,6071,5602,3604,4383,7104,6327,3451,3813,4773,4496,3.00018,13.2905,8.65651,48.2107
33289,5382,9167,6773,4266,4540,5602,4719,4078,3601,3886,3741,3375,3256,3375,3298,3167,-24.5086,-3.90741,8.90447,48.1507
33290,3379,3787,5698,9812,3458,3897,5048,8175,3229,3402,4061,4338,3008,3254,3495,3508,-17.4742,32.1759,8.52606,47.6993
33291,3449,3334,3250,3164,3911,3723,3347,3306,6073,4681,3732,3392,12520,5951,3837,3357,33.4493,-28.8668,8.60338,47.3513
33292,4435,5601,4570,3886,4846,7820,5868,3970,4172,4863,4264,3656,3598,3837,3511,3273,-8.66069,-4.5517,8.69331,48.1133
33293,3181,3467,3876,4069,3278,3815,4950,5933,3329,4018,6368,8456,3341,3800,4748,5540,5.75819,19.7692,8.69368,48.1127
33294,3587,3716,3605,3311,4083,4866,4479,3713,4727,7683,5994,4112,4296,5615,4926,3852,8.99791,-3.44677,8.6304,48.3767
33295,11769,5788,3967,3266,7262,4891,3661,3412,4126,3861,3465,3319,3327,3449,3252,3181,-21.7774,-29.4811,8.90656,47.9973
33296,3436,4255,7796,10873,3416,3804,4991,5757,3301,3464,3879,3855,3097,3384,3403,3344,-30.907,19.4438,8.77064,48.0367
33297,3974,5986,9508,6104,3712,4443,5685,4712,3387,3668,3929,3695,3053,3316,3385,3302,-23.6735,7.26688,8.84248,47.906
33298,3905,3850,3680,3334,4742,5376,4173,3414,6142,7867,4555,3647,4753,5126,4086,3494,6.16901,-10.9067,8.78344,48.096
33299,3289,3369,3268,3314,3627,3750,3774,3584,4273,5227,4973,3971,4940,8479,7517,4490,25.2369,-1.91342,8.69531,47.8967
33300,3372,3397,3208,3157,3855,3877,3628,3350,5394,5461,4212,3536,8195,9219,4770,3516,25.052,-13.5676,8.94008,48.098
33301,3279,3672,4541,5807,3285,3818,5227,9698,3274,3661,4463,6526,3353,3381,3947,4131,-5.5123,28.1315,8.88299,48.042
33302,3966,4037,3734,3292,5189,5907,4271,3505,6012,7734,4598,3484,4566,4795,4010,3443,3.71168,-11.9181,8.95823,48.362
33303,6862,4920,3678,3303,10050,5264,3660,3254,5581,4296,3610,3298,3770,3636,3317,3176,-9.4371,-28.6139,8.91861,47.7833
33304,3439,3923,6033,12239,3325,3864,4757,6346,3307,3412,3789,3920,3140,3286,3424,3372,-25.1506,33.4101,8.6147,47.7173
33305,4986,7256,5776,4175,4720,6818,5497,3994,3828,4167,3969,3662,3393,3454,3414,3294,-16.0527,-4.08877,8.54715,48.2687
33306,3183,3406,3349,3241,3638,3813,3619,3477,4255,5101,4768,4042,5126,8960,7597,4574,29.6174,-2.26085,8.73198,48.0993
33307,4733,7909,8111,4776,4197,5198,5302,4222,3639,3686,3796,3470,3122,3365,3377,3185,-23.9148,0.380534,8.7071,48.0587
33308,6876,5112,3894,3325,9461,5647,3961,3383,5431,4369,3576,3396,3782,3705,3352,3082,-9.79192,-24.014,8.52999,48.2347
33309,10989,6094,3999,3409,7105,4996,3825,3465,4184,3805,3652,3276,3521,3438,3179,3021,-21.1511,-24.4064,8.6289,47.972
33310,3177,3175,3401,3389,3352,3627,3809,3793,3645,4208,5229,4907,3750,5382,9947,7150,31.0025,10.2981,8.65823,47.9607
33311,3903,4617,5044,4217,4085,6051,7758,4660,3770,4567,5114,4075,3399,3633,3955,3536,-7.16076,3.43976,8.83645,48.256
33312,3810,3942,3625,3382,4415,5487,4388,3665,5326,7999,5221,3892,4482,5172,4284,3702,6.40828,-7.19083,8.76644,48.528
33313,3966,4222,3927,3492,4499,6712,4683,3765,4915,7210,5035,3666,4146,4337,3974,3623,1.33756,-6.85481,8.85634,48.1147
33314,3446,3502,3275,3184,4604,4069,3548,3296,9190,5171,3878,3417,9121,5378,3797,3347,14.7107,-32.8473,8.92153,48.1487
33315,11471,6812,4083,3373,6389,4936,3965,3403,3950,3853,3482,3243,3247,3337,3251,3065,-24.4964,-22.621,8.90841,47.9067
33316,5780,9651,6647,4220,4564,5105,4651,3919,3688,3747,3677,3484,3227,3343,3354,3214,-30.2764,-4.91176,8.78963,48.1807
33317,11786,6230,3907,3445,6881,5060,3838,3433,4063,3840,3443,3243,3529,3380,3139,3037,-22.8829,-25.1719,8.88847,48.1693
33318,3414,4075,7368,10833,3383,3855,5068,5724,3205,3500,3865,3903,3173,3260,3537,3486,-32.6214,19.7357,8.50346,47.766
33319,5207,4274,3693,3241,8957,5192,3832,3333,7520,4838,3686,3406,4527,3966,3391,3175,-2.37723,-26.9797,8.763,48.1587
33320,3069,3290,3524,3396,3409,3685,4049,4140,3580,4404,6499,6076,3642,4535,7682,7291,17.8406,13.6061,8.73133,48.1807
33321,3323,3414,3259,3237,3807,3847,3638,3366,5348,5800,4224,3587,7410,9094,5262,3708,22.9929,-11.7827,8.5292,48.216
33322,3216,3398,3387,3257,3575,3839,3670,3490,4104,4871,4762,4233,4705,7966,8380,4857,27.9883,0.634057,8.61281,47.8067
33323,3803,3617,3332,3064,4948,4527,3640,3361,7994,6780,4137,3540,6423,5644,4028,3479,11.0357,-17.6098,8.83058,48.2113
33324,3257,3272,3283,3375,3251,3389,3793,3866,3472,3724,4750,6022,3422,3873,6049,12612,29.5479,33.069,8.73114,47.6067
33325,3701,4165,4427,3848,3938,5986,6801,4500,3965,5364,5971,4346,3475,3844,4101,3759,-1.92686,2.03513,8.68347,48.1273
33326,3413,3542,3643,3632,3663,4376,4847,4044,4145,5875,7794,4814,3924,4842,5587,4378,9.15478,3.56904,8.8938,48.346
33327,3294,3478,3520,3417,3485,4078,4271,3850,4034,5705,7300,4805,4056,5438,6806,4808,13.98,4.18519,8.83593,48.23
33328,3341,3335,3282,3176,3592,3772,3693,3447,4648,5291,4459,3678,6230,9917,6241,4123,28.316,-6.68461,8.73783,48.15
33329,12958,5922,3913,3449,5952,4756,3659,3473,3907,3644,3446,3265,3355,3354,3243,3151,-28.7834,-31.6612,8.9844,47.6313
33330,3231,3385,3438,3333,3624,3843,3899,3707,4149,5205,6189,4570,4301,6426,8208,5249,19.5729,3.41957,8.52344,48.5047
33331,12551,6168,3928,3456,6293,4834,3800,3403,4078,3795,3295,3320,3464,3380,3245,3135,-25.6948,-28.5414,8.91854,48.0967
33332,4000,6227,9753,5762,3848,4614,5243,4586,3365,3712,3794,3751,3279,3253,3421,3248,-33.698,5.88576,8.66019,47.904
33333,4687,4039,3562,3279,7786,4912,3765,3285,8719,5038,3773,3322,5037,4318,3551,3223,1.42794,-27.6092,8.91959,48.1973
33334,3414,4403,7390,9948,3491,4067,5291,6239,3228,3443,3989,4081,3118,3360,3462,3445,-22.6368,18.9573,8.78571,48.246
33335,3354,3468,3548,3347,3493,4161,4267,3873,4159,5938,7182,4603,4228,5507,6373,4629,13.3904,2.4187,8.94325,48.0867
33336,3250,3508,3897,3889,3407,3953,5195,4872,3568,4436,7666,6672,3340,4080,5238,5112,6.94725,13.5619,8.64689,48.0553
33337,5635,4472,3689,3331,9382,5205,3778,3330,6608,4601,3699,3327,4185,3928,3353,3194,-4.79419,-28.6564,8.62414,47.8113
33338,11745,5937,3918,3419,6946,4818,3837,3174,4133,3805,3447,3246,3493,3271,3239,3154,-22.0663,-30.2539,8.91118,47.7213
33339,3203,3296,3422,3220,3608,3761,3954,3662,3994,5149,5869,4414,4268,7036,8388,5061,21.0759,2.58854,8.89266,48.2033
33340,3102,3159,3386,3409,3142,3456,3711,3927,3376,3863,4946,6455,3394,4013,6633,12047,24.5024,24.1703,8.94782,48.0127
33341,4558,7525,8665,5186,4099,4861,4973,4297,3531,3647,3803,3620,3200,3401,3290,3290,-30.3511,1.778,8.57572,47.964
33342,5871,9525,6481,3983,4631,5262,4501,3958,3630,3890,3625,3434,3260,3410,3209,3164,-31.1242,-5.88123,8.55031,47.8893
33343,3370,3941,6005,12411,3381,3880,4831,6176,3245,3511,3799,3884,3216,3208,3199,3407,-26.8189,29.2839,8.51754,47.6427
33344,4333,5881,6432,4603,4162,6046,6848,4477,3717,4106,4283,3811,3275,3529,3546,3359,-14.1689,1.80828,8.52936,48.272
33345,3222,3416,3945,3736,3391,3954,4911,4657,3715,4651,7959,6395,3607,4206,5552,5258,8.33743,12.0846,8.6034,48.3833
33346,4225,3820,3440,3213,6936,4646,3673,3291,9216,5340,3817,3357,5544,4449,3623,3217,4.09416,-25.5194,8.73882,47.8713
33347,3127,3230,3466,3424,3340,3512,3849,3761,3622,4100,5092,5219,3600,4871,9576,8079,31.9462,12.297,8.98171,47.912
33348,4629,4069,3501,3166,7568,5016,3713,3390,8482,5181,3736,3239,5028,4423,3517,3282,1.60376,-24.7309,8.83495,47.96
33349,3138,3478,3745,4018,3336,3681,4771,5692,3401,3911,6200,9043,3270,3790,4864,5900,7.11636,20.7372,8.94116,48.1587
33350,3159,3273,3403,3285,3390,3552,3884,3760,3922,4583,5083,4580,4115,6439,9866,5869,31.312,5.7267,8.77286,48.1087
33351,3272,3436,3504,3429,3462,3772,4272,3948,3870,4783,6983,5219,4019,5161,7768,5532,17.0497,7.72742,8.5721,48.2867
33352,3356,3843,5174,7886,3429,3773,5393,9379,3321,3602,4183,5031,3140,3259,3524,3795,-12.309,28.4025,8.5258,48.0587
33353,11070,6830,4157,3353,6635,5080,3926,3431,4026,3981,3460,3203,3453,3319,3323,3088,-23.1338,-22.3703,8.50546,48.2233
33354,3328,3402,3246,3010,3980,3763,3353,3238,6240,4903,3707,3357,12293,6420,3842,3461,27.6947,-25.3411,8.632,47.6953
33355,3119,3277,3533,3467,3141,3508,3844,4373,3351,3729,4993,7700,3390,3922,5957,10760,19.6326,25.9976,8.71379,48.0427
33356,3126,3195,3414,3464,3225,3474,3970,4118,3290,3857,4923,7154,3397,3903,5937,11261,20.8332,31.5485,8.85309,47.8053
33357,3215,3697,4595,5424,3283,3872,5896,8966,3326,3735,4768,6543,3179,3431,3822,4278,-4.51554,22.4991,8.96361,48.02
33358,7757,5113,3775,3372,9820,5254,3837,3445,5120,4107,3540,3210,3710,3654,3311,3122,-11.9852,-29.1587,8.76684,48.098
33359,3370,3332,3286,3207,4023,3839,3510,3190,6060,4811,3793,3294,12398,6298,3844,3324,31.1914,-26.0224,8.80314,47.7193
33360,4284,6587,8457,5224,4021,5097,5876,4492,3535,3796,3823,3692,3252,3405,3407,3365,-21.3858,3.63269,8.54335,48.2087
33361,3341,4117,6765,9524,3352,4064,5493,7217,3191,3572,3951,4212,3099,3255,3585,3456,-19.1944,21.097,8.85364,48.1293
33362,4096,6090,9931,6088,3756,4530,5235,4620,3395,3585,3793,3753,3172,3410,3325,3345,-31.6199,6.68894,8.72968,48.0827
33363,6040,8536,5384,3943,5075,6546,4689,3773,3850,4049,3735,3282,3460,3373,3336,3108,-18.984,-8.50232,8.99531,48.1193
33364,3391,3401,3157,3189,3941,3861,3582,3190,5838,4981,3951,3419,10823,7582,4261,3434,26.9889,-19.9251,8.66941,48.0007
33365,3405,3872,5589,9925,3421,3811,5162,8470,3228,3502,4042,4341,3157,3289,3409,3559,-17.3153,27.3865,8.95521,48.1213
33366,3385,3541,3580,3535,3584,4211,4673,4022,3977,6093,7517,4736,4031,5252,5906,4504,11.345,3.16663,8.69392,48.3647
33367,3140,3336,3432,3368,3360,3607,3922,3748,3654,4653,6065,4879,4008,6006,9280,5997,22.1106,6.60319,8.73915,48.3033
33368,3514,3646,3370,3070,4755,4494,3734,3249,7721,6764,4046,3506,6947,5990,4023,3374,12.2666,-17.1255,8.86509,48.1353
33369,3538,4185,5358,5062,3623,4724,8163,6237,3452,3942,5128,4826,3363,3434,3634,3626,-8.02725,11.1256,8.98786,48.1967
33370,4808,8120,8269,4725,4244,5026,5257,4158,3476,3811,3717,3547,3197,3294,3308,3181,-25.1443,0.163866,8.88863,48.092
33371,3345,3369,3616,3450,3638,4152,4456,3982,3896,5993,7367,4796,4071,5353,6388,4722,12.9098,3.88902,8.89793,48.396
33372,3071,3397,3750,4024,3331,3577,4465,5994,3451,3759,5318,9981,3251,3748,4750,6389,7.69293,26.3155,8.84431,48.1707
33373,4587,4017,3488,3268,7816,4878,3781,3336,8811,5014,3805,3342,5078,4225,3578,3234,1.78833,-28.2664,8.91948,48.172
33374,7772,5457,3795,3328,9209,5587,4063,3440,4994,4358,3492,3344,3645,3608,3143,3073,-12.67,-22.9885,8.86395,48.2053
33375,3092,3364,3712,3988,3233,3678,4493,5735,3464,3817,5297,9873,3404,3770,4887,6234,8.13517,31.9816,8.57065,48.0273
33376,3807,3544,3295,3079,5295,4268,3622,3185,9840,5342,3863,3442,7339,5013,3703,3325,10.7461,-27.8678,8.79926,47.9747
33377,3492,3547,3321,3046,4457,4235,3543,3337,7480,6355,4187,3391,7622,6424,4305,3418,15.7534,-17.8495,8.70855,48.1067
33378,4798,4596,3790,3351,6610,6855,4324,3482,5756,5924,4124,3478,4266,4175,3677,3336,-2.25817,-14.3856,8.51791,48.3613
33379,3411,4007,5529,5722,3532,4355,7321,7419,3343,3780,4687,4984,3187,3511,3750,3715,-9.21656,15.6314,8.55226,48.1687
33380,12459,5982,3894,3439,6049,4671,3859,3397,3975,3781,3535,3246,3392,3329,3223,3270,-29.5574,-30.1791,8.51476,47.6673
33381,3200,3513,3726,3669,3642,4193,5021,4155,3768,5406,7997,5378,3655,4579,5689,4646,8.62733,7.12028,8.51365,48.158
33382,11456,7028,4095,3333,5927,4900,3825,3389,3966,3854,3556,3315,3477,3335,3234,3177,-32.964,-21.6004,8.65894,47.9113
33383,12692,6067,3793,3263,5959,4748,3702,3307,4014,3815,3275,3260,3442,3405,3248,3222,-32.0066,-27.1865,8.93171,47.4747
33384,3331,4150,5748,6650,3578,4084,6546,7927,3338,3622,4425,4967,3128,3327,3627,3652,-11.8507,18.0161,8.56892,48.0667
33385,12697,5998,3867,3395,6062,4772,3798,3282,3992,3647,3438,3304,3382,3317,3152,3147,-33.5712,-28.8318,8.83684,47.5
33386,12482,5894,3869,3436,5954,4719,3833,3368,3934,3742,3409,3268,3484,3392,3229,3176,-31.5518,-29.8866,8.66999,47.4593
33387,5789,4628,3841,3297,9230,5884,3922,3300,6334,4967,3661,3310,4198,3816,3491,3069,-5.53556,-22.4465,8.82969,48.4913
33388,4237,6863,9191,5396,3969,4878,5243,4445,3536,3753,3806,3617,3282,3353,3344,3273,-33.6497,3.50978,8.57283,48.124
33389,3877,3703,3370,3210,5613,4470,3650,3309,9472,5752,3887,3374,6477,5018,3814,3427,8.58769,-23.1153,8.73125,48.282
33390,3833,4742,6096,4695,3824,5525,8082,5235,3513,4115,4757,4083,3303,3546,3664,3503,-10.75,6.5488,8.95396,48.344
33391,3128,3419,3506,3364,3317,3725,4117,3958,3685,4579,6679,5443,3893,5090,8026,6453,17.7642,10.1732,8.78495,48.2547
33392,3943,4172,3714,3440,5003,6340,4550,3617,5318,7510,4718,3697,4415,4604,3878,3473,2.26971,-8.72154,8.93979,48.2613
33393,4228,5869,6511,4533,4107,6043,6919,4471,3657,4147,4208,3728,3289,3491,3484,3514,-14.3352,1.95674,8.76259,48.1327
33394,6184,4673,3691,3155,9789,5474,3833,3311,6213,4603,3692,3286,4049,3642,3376,3112,-6.76862,-26.5331,8.99492,48.0553
33395,6125,8491,5431,3880,5147,6454,4699,3729,3887,4041,3736,3404,3434,3425,3378,2985,-19.6915,-8.65655,8.68281,48.164
33396,12529,5926,3949,3470,6293,4866,3759,3336,3903,3747,3498,3227,3274,3254,3194,3162,-25.6134,-33.4751,8.88997,47.5913
33397,3306,3492,3561,3412,3575,3841,4319,3890,3733,5239,7291,5080,3845,5246,7010,5024,14.6108,6.53936,8.90224,47.9093
33398,7608,6586,4210,3466,7204,6347,4112,3568,4485,4267,3679,3259,3645,3551,3208,3163,-15.6548,-17.4805,8.52104,48.2387
33399,3108,3134,3236,3392,3228,3474,3889,3852,3388,3856,4942,5821,3428,4158,7789,10955,29.7081,19.7631,8.87207,47.7667
33400,3468,3404,3200,3069,4242,3926,3606,3177,7023,5016,3870,3449,11128,6291,3945,3461,21.5624,-24.6371,8.57884,48.1833
33401,3400,4092,6288,12049,3343,3803,4895,6369,3179,3520,3862,3969,3041,3134,3422,3344,-26.0249,26.5109,8.50058,47.8067
33402,3468,3595,3945,3756,3749,4612,5684,4280,3855,5653,7861,4842,3692,4241,4861,4251,4.96084,5.04036,8.8917,48.23
33403,3329,3589,4037,4193,3289,3978,5457,5585,3520,4196,7036,7465,3348,3824,4829,5043,4.48821,15.932,8.93365,48.4787
33404,3176,3340,3430,3241,3465,3891,4011,3685,4094,5402,6291,4658,4280,6486,7834,4949,18.6335,2.97039,8.99712,48.1553
33405,3698,3901,3849,3548,4111,5544,4975,3953,4395,7059,6323,4066,4019,4508,4450,3779,3.91287,-1.58077,8.9271,48.1187
33406,3220,3552,4691,5450,3392,3884,5951,8866,3438,3692,4840,6274,3135,3500,3858,4234,-5.23529,21.1903,8.98907,47.9847
33407,3145,3396,3761,3912,3264,3726,4595,5525,3447,4013,6115,8900,3352,3716,5004,6225,8.4417,20.7333,8.95317,48.064
33408,3398,3716,4847,5963,3460,3897,5834,9185,3346,3586,4587,5752,3151,3523,3860,4019,-7.26734,22.1274,8.69776,48.0827
33409,3506,3692,3626,3460,4072,5008,4696,3800,4677,7415,6388,4067,4274,5044,4852,3922,7.03938,-2.21655,8.76898,48.3327
33410,3499,3761,3751,3521,3919,4846,4666,3727,4443,7099,6580,4267,4294,5190,4937,4024,8.43901,-1.04621,8.56033,48.3493
33411,4281,5926,5970,4380,4268,6365,6824,4329,3815,4215,4270,3892,3330,3509,3569,3436,-13.2405,0.871005,8.60108,48.2527
33412,3332,3649,4698,5973,3488,3715,5210,10009,3364,3557,4534,6266,3096,3281,3940,4077,-6.28617,32.6059,8.92873,48.126
33413,4056,4084,3491,3186,5836,5508,3909,3410,7507,6659,4149,3382,4920,4798,3777,3369,3.92643,-16.3892,8.57412,48.0273
33414,3275,3376,3221,3145,3911,3844,3401,3186,6002,4780,3897,3409,11981,6758,3977,3449,30.2982,-23.4911,8.63603,47.7413
33415,4092,5388,5712,4350,4199,6519,7144,4543,3687,4326,4592,3882,3346,3581,3705,3407,-10.6752,1.42378,8.98567,48.3153
33416,6688,6831,4302,3681,6857,6893,4258,3513,4248,4165,3649,3333,3479,3622,3365,3106,-15.0377,-15.3449,8.9357,47.9933
33417,3236,3775,4471,4976,3409,4032,6266,7580,3427,3953,5572,6500,3276,3587,4223,4317,-2.15118,18.1984,8.76783,48.4
33418,3313,3668,4084,3871,3542,4216,5955,5202,3600,4549,7603,6114,3491,3897,4774,4680,3.86845,11.9831,8.70623,48.3727
33419,7376,6353,4024,3465,7616,6609,4217,3419,4442,4148,3719,3253,3601,3635,3314,3113,-14.1474,-17.2658,8.98645,48.2027
33420,3436,3367,3263,3251,3974,3865,3681,3269,5402,5164,4186,3505,8009,9304,4714,3598,33.6946,-13.0848,8.50668,47.992
33421,4366,4298,3663,3191,7111,5726,3840,3401,7585,5869,3888,3422,4783,4357,3660,3218,1.04019,-19.2784,8.98408,48.252
33422,3850,5058,7963,6141,3770,4679,7000,5451,3439,3771,4135,3906,3139,3375,3516,3365,-16.484,9.81861,8.83772,48.372
33423,3606,3631,3379,3155,4434,4411,3706,3408,6825,7426,4312,3476,6225,6430,4334,3682,13.1627,-13.9169,8.95478,48.2933
33424,3065,3276,3400,3388,3175,3511,3832,4063,3350,3774,4753,6826,3340,3973,6051,12162,23.2821,28.0816,8.97931,47.9593
33425,12324,5936,4082,3435,5880,4700,3783,3371,3971,3809,3365,3360,3425,3455,3265,3137,-30.5895,-33.3964,8.50653,47.532
33426,5308,4742,3808,3296,8254,6574,4068,3387,5836,5011,3953,3448,3895,3915,3445,3270,-5.79995,-18.7062,8.74833,48.14
33427,4207,6453,9799,5950,3785,4589,5379,4583,3301,3674,3913,3673,3069,3328,3384,3207,-26.8858,5.87133,8.9214,48.196
33428,9139,6880,4231,3465,7252,5785,3944,3423,4175,4042,3482,3268,3579,3468,3187,3218,-18.876,-19.2309,8.84385,48.3587
33429,10229,6899,4140,3274,6891,5348,3945,3382,4065,3931,3573,3345,3422,3321,3232,3155,-20.6714,-20.6808,8.97164,48.1013
33430,3428,3378,3221,3106,3946,3782,3458,3387,5803,4934,3802,3380,11883,7031,4106,3356,30.5515,-22.1696,8.92726,48.0007
33431,3872,3689,3362,3136,5301,4235,3646,3237,9604,5482,3855,3333,7295,4985,3760,3296,10.5217,-26.5439,8.5757,48.0587
33432,3330,3336,3294,3166,3856,3987,3544,3340,5356,5227,4130,3483,8128,9240,5013,3516,31.1666,-12.9382,8.52124,47.964
33433,12484,5912,3941,3408,6266,4771,3822,3372,3745,3794,3488,3304,3393,3332,3350,3126,-26.6696,-32.5284,8.77729,47.672
33434,3495,3466,3242,3107,4119,3847,3490,3128,6831,5073,3831,3374,11282,6321,4051,3376,22.1617,-24.0479,8.95459,48.022
33435,5887,4588,3616,3332,9738,5301,3795,3264,6419,4615,3640,3358,4064,3811,3536,3174,-5.79923,-29.3968,8.64008,48.092
33436,3719,4577,6352,5248,3657,4847,8077,5692,3512,3935,4652,4263,3236,3494,3624,3466,-11.4667,9.34259,8.75219,48.234
33437,3362,3764,5233,8118,3500,3753,5286,9335,3282,3614,4164,4962,3158,3293,3511,3632,-13.056,31.4134,8.75516,47.978
33438,4642,5298,4287,3661,5458,8055,5013,3816,4383,5238,4192,3593,3747,3821,3505,3262,-7.32198,-8.43277,8.65247,47.9807
33439,3372,3706,4874,6521,3416,3792,5434,10056,3169,3638,4301,5992,3176,3334,3795,3885,-8.23371,28.3371,8.86616,48.3073
33440,5491,4314,3638,3297,9291,5120,3870,3354,7028,4670,3660,3294,4438,3925,3416,3294,-4.01564,-28.2623,8.74968,48.0667
33441,3394,3378,3323,3201,3885,3957,3695,3325,5686,6058,4140,3580,7647,8667,4711,3638,21.0039,-13.231,8.87844,48.19
33442,3388,3879,6032,9775,3385,3887,5290,8045,3257,3513,4083,4425,3181,3247,3425,3526,-17.5805,24.6019,8.70009,48.2253
33443,3164,3310,3341,3433,3237,3518,3950,3868,3514,4013,5182,5174,3673,4759,9352,8511,31.7757,13.6336,8.94509,47.9993
33444,3420,4005,4904,4985,3425,4300,7328,7074,3476,4075,5373,5312,3233,3454,4001,3987,-6.05965,14.7659,8.5551,48.2347
33445,3910,4795,5118,4089,4208,6720,7162,4543,3884,4526,4885,3968,3402,3719,3717,3538,-7.47256,1.24774,8.83797,48.1227
33446,7820,7220,4345,3591,6641,6227,4265,3438,4292,4171,3584,3172,3531,3446,3342,3154,-17.3074,-16.009,8.72125,48.1593
33447,4280,4007,3475,3253,7092,4642,3653,3286,9247,5203,3781,3355,5421,4323,3745,3215,3.83428,-26.7509,8.97824,47.9853
33448,3485,3958,6121,11655,3362,3787,4870,6750,3282,3513,3784,4095,3064,3138,3444,3429,-23.551,27.0502,8.59299,47.8247
33449,4213,5681,5951,4503,4391,6335,6891,4390,3724,4225,4424,3734,3356,3533,3561,3332,-13.1127,1.16472,8.78874,48.1627
33450,3406,4282,7534,10722,3352,3904,4998,5664,3271,3551,3744,3954,3102,3149,3403,3348,-32.622,19.9736,8.59214,47.5893
33451,12553,6111,3902,3331,6043,4865,3752,3395,3967,3907,3524,3250,3483,3345,3305,3176,-31.8564,-27.7479,8.50368,47.9393
33452,6563,9767,5746,3936,4736,5294,4325,3659,3727,3803,3622,3417,3273,3339,3298,3266,-27.8184,-8.6241,8.67924,47.8473
33453,3204,3325,3551,3458,3488,3810,4179,4011,3830,4995,7159,5266,3874,5264,7493,5401,16.0503,7.23944,8.61921,48.2053
33454,3345,3306,3270,3137,4088,3909,3379,3298,7247,5014,3976,3301,11270,5878,3954,3505,20.8779,-33.3758,8.76093,47.918
33455,5705,4885,3864,3261,8627,6057,4141,3420,5887,4940,3738,3390,4058,3841,3553,3176,-6.0982,-20.3007,8.50737,48.362
33456,3058,3340,3507,3708,3261,3701,4458,4487,3597,4309,7257,6930,3567,4301,6170,6267,12.7265,14.1376,8.94419,47.9453
33457,4071,3936,3457,3209,5463,5384,3930,3317,7098,7323,4275,3516,4993,4839,3899,3351,5.05327,-15.3509,8.94824,48.0407
33458,3574,4247,6743,6895,3503,4205,6737,6784,3346,3733,4239,4348,3241,3370,3537,3615,-14.9188,15.3179,8.65269,48.078
33459,3349,3964,6442,11877,3419,3892,4946,6568,3228,3397,3777,4111,3156,3207,3413,3334,-23.7854,24.9875,8.98261,48.0533
33460,3523,3433,3300,3161,4667,4039,3580,3264,8304,5274,3879,3393,9090,5711,3896,3298,15.9287,-25.8292,8.53662,47.8747
33461,3448,3747,4509,4395,3594,4560,7230,5690,3587,4293,6520,5343,3403,3696,4273,4237,-1.32074,10.8883,8.71321,48.35
33462,7447,7305,4381,3495,6667,6338,4211,3446,4271,4211,3703,3320,3530,3528,3168,3127,-17.119,-15.5225,8.92898,48.0987
33463,3078,3477,3893,3929,3388,3787,4746,5203,3453,4090,6728,8191,3474,3964,5141,5874,8.56387,17.5615,8.82061,48.2773
33464,3842,3707,3460,3119,5213,4838,3879,3360,7857,6917,4291,3392,5651,5333,4007,3558,8.60582,-16.9639,8.60998,48.2827
33465,3588,4658,8721,9304,3559,4014,5263,5455,3291,3540,3888,3978,3205,3225,3327,3346,-29.7319,15.59,8.66403,48.2413
33466,3271,3561,4232,4970,3371,3773,5006,8527,3336,3650,4894,7783,3224,3528,4208,4625,-0.912909,26.575,8.69274,47.9727
33467,4380,3999,3471,3181,7077,4625,3744,3203,9464,5191,3726,3387,5435,4393,3616,3350,3.48088,-31.6008,8.87998,48.1613
33468,3684,3990,3661,3346,4515,5380,4314,3603,5227,8090,5224,3731,4510,5122,4177,3677,6.54094,-7.66865,8.56304,48.1673
33469,3879,4830,7166,5647,3748,4913,7253,5386,3283,3889,4423,4099,3203,3285,3471,3474,-14.9216,9.03232,8.7428,47.966
33470,5257,5670,4080,3540,6872,7758,4470,3546,4675,5022,3892,3338,3785,3746,3485,3092,-8.80739,-13.293,8.7565,48.152
33471,3184,3407,3706,3748,3192,3552,4292,5413,3318,3903,5246,9857,3314,3813,4984,7264,10.3828,27.9558,8.93135,48.1287
33472,3666,4028,3916,3654,4113,5605,5362,3941,4380,6680,6208,4216,3877,4439,4431,3902,3.05248,-0.838929,8.5049,48.2787
33473,3092,3244,3613,3589,3296,3654,4199,4659,3235,3853,5389,8534,3317,3937,5840,8686,14.9589,22.876,8.82062,48.0913
33474,3706,5025,8888,7827,3591,4258,5515,5376,3314,3604,3862,3863,3092,3381,3419,3362,-23.7968,13.1228,8.52056,48.0553
33475,3103,3195,3384,3506,3235,3514,3818,3936,3259,3914,5007,5810,3446,4236,7776,10750,27.8017,19.2155,8.69475,47.926
33476,3139,3319,3435,3420,3394,3632,3894,3733,3572,4415,5213,4839,3848,5431,9855,6612,33.0766,9.46999,8.74521,47.834
33477,3506,3503,3209,3102,4307,4123,3605,3329,6955,5838,4111,3603,8550,7033,4234,3494,18.0991,-17.8455,8.91522,48.3347
33478,3400,4152,7009,11372,3403,3946,4940,6165,3065,3501,3771,3930,3035,3142,3352,3456,-26.0814,21.7733,8.75371,47.7593
33479,3310,4152,7345,11399,3428,3988,4929,5880,3315,3538,3815,3810,3213,3241,3304,3356,-32.3204,20.882,8.85643,48.0153
33480,6120,4819,3683,3307,9752,5279,3793,3371,6197,4620,3631,3372,3965,3792,3337,3211,-6.99988,-31.5192,8.58857,48.166
33481,6930,4934,3811,3271,9818,5134,3835,3420,5459,4276,3619,3146,3800,3680,3442,3209,-9.71984,-32.0134,8.70503,47.856
33482,3599,4756,9026,8557,3557,4137,5243,5176,3349,3646,3791,3831,3140,3198,3374,3346,-29.9414,14.0754,8.5469,47.8173
33483,12656,5993,3962,3429,5965,4683,3765,3410,3937,3867,3298,3337,3317,3413,3221,3172,-31.2287,-30.463,8.81392,47.6167
33484,5761,5638,4057,3391,7312,7454,4490,3519,4831,4772,3786,3408,3613,3705,3498,3120,-9.47309,-14.7168,8.73687,48.2367
33485,4233,6688,7885,4992,4191,5537,6081,4533,3611,3801,3928,3650,3219,3402,3374,3401,-18.6133,2.11816,8.95297,48.3507
33486,3401,3343,3281,3105,3999,3853,3473,3183,5934,4955,3799,3404,11451,7013,4071,3491,32.5031,-21.5122,8.77999,47.8373
33487,3302,3684,4122,4475,3362,3980,5728,6920,3360,3941,5915,7522,3337,3573,4252,4832,0.847555,18.4665,8.98113,48.2033
33488,3086,3315,3407,3468,3236,3605,3984,4152,3477,3824,4862,7590,3361,3947,5741,11003,20.0625,29.7608,8.54249,48.0387
33489,3162,3142,3516,3557,3247,3393,3857,4265,3445,3831,5024,7979,3335,3932,5545,10455,18.5809,31.6714,8.92717,47.79
33490,3691,4896,7973,6216,3710,4647,6847,5375,3426,3751,4156,4138,3139,3306,3414,3441,-17.5522,9.80441,8.78694,48.084
33491,11562,6192,4085,3267,6958,4906,3838,3295,4083,3740,3501,3223,3499,3336,3238,3135,-22.529,-25.9916,8.74959,47.9053
33492,3454,3488,3516,3300,3873,4359,3999,3543,4683,7229,5921,3992,4741,6695,5450,4126,13.3954,-3.56292,8.88444,48.246
33493,3199,3223,3309,3470,3302,3512,3843,3884,3410,3768,4697,5915,3394,3945,5834,12610,30.2107,32.4548,8.88846,47.5433
33494,5727,7527,5058,3855,5238,7250,4915,3835,3957,4187,3879,3494,3456,3608,3450,3119,-15.9261,-8.46346,8.5349,48.37
33495,3496,4005,4548,4306,3581,4779,7342,5470,3667,4439,6192,5040,3412,3805,4085,4029,-2.20444,9.54752,8.61669,48.1307
33496,3154,3436,3723,3743,3306,3662,4646,4626,3604,4373,7761,6937,3470,4117,5796,5889,10.6285,13.8311,8.97282,48.162
33497,3258,3466,3472,3416,3449,3904,4146,4044,3761,4846,6997,5287,3978,5078,7602,5668,16.376,7.88135,8.55905,48.248
33498,3637,3454,3271,3066,4618,4116,3514,3190,8776,5560,3882,3482,8576,5592,4006,3408,14.456,-23.6442,8.79209,48.0987
33499,3051,3221,3408,3499,3194,3595,3904,4174,3306,3836,5253,7484,3437,4017,6194,10585,20.2476,23.9348,8.74957,48.1053
33500,4447,4770,4003,3534,5771,7627,4522,3615,5074,6136,4243,3497,4030,4026,3721,3430,-3.35714,-10.7424,8.57712,48.2973
33501,3542,3777,4005,3687,3824,4948,5699,4250,4061,5881,7301,4589,3719,4390,4745,4043,3.72527,2.94255,8.74233,48.3073
33502,3049,3324,3546,3589,3267,3726,4357,4488,3516,4113,6333,7385,3463,4116,6285,7636,14.7012,18.1164,8.60624,48.1287
33503,3385,3924,6237,11847,3480,3772,4815,6656,3206,3461,3796,4016,3062,3221,3390,3397,-24.7495,26.7109,8.50805,47.7767
33504,3138,3175,3397,3573,3237,3533,3741,4120,3342,3804,4846,6681,3346,3968,6353,11894,23.9236,26.1385,8.71566,48.0987
33505,9936,7929,4347,3397,5723,5064,4053,3495,3906,3919,3479,3229,3508,3373,3322,3185,-33.1382,-17.9096,8.78779,47.91
33506,3288,3687,4380,5592,3421,3749,4999,9635,3292,3713,4619,6736,3195,3442,3840,4147,-4.55973,31.7142,8.78607,47.8233
33507,5293,8942,7375,4349,4339,5086,4853,3926,3591,3867,3665,3594,3259,3424,3415,3187,-31.1525,-2.94634,8.72399,48.11
33508,3472,3493,3241,3203,3874,3817,3450,3243,5934,4845,3618,3373,12471,5938,3958,3420,31.6464,-29.7048,8.51826,47.5667
33509,4246,4211,3666,3407,5776,6062,4341,3514,6252,6845,4419,3612,4561,4448,3779,3398,1.69326,-13.4241,8.57684,48.358
33510,3184,3389,3429,3450,3305,3652,3956,3914,3581,4358,6116,5462,3703,4914,8994,6800,20.9093,11.2724,8.5194,48.138
33511,3386,3417,3276,3097,3914,3716,3384,3253,5790,5071,3862,3510,11192,7389,4194,3436,30.745,-20.7898,8.54137,47.9247
33512,3641,4550,7137,6171,3640,4561,7159,6085,3480,3557,4327,4114,3167,3282,3560,3557,-15.0178,11.9258,8.56266,47.992
33513,4813,4492,3625,3237,7519,6090,4069,3380,6668,5516,3928,3333,4434,4054,3560,3277,-1.69288,-18.8062,8.69328,47.9967
33514,12173,6081,3884,3440,6662,4928,3786,3354,3953,3732,3409,3228,3420,3372,3183,3166,-24.1378,-32.5558,8.69339,47.8473
33515,3345,4007,6001,12680,3425,3807,4776,5888,3185,3434,3723,3788,3225,3184,3356,3329,-29.8193,33.8682,8.60924,47.4353
33516,4382,4067,3658,3223,6171,5543,3949,3310,7358,6466,4071,3464,4920,4529,3873,3308,3.1107,-17.4717,8.65518,48.1947
33517,3146,3337,3391,3289,3459,3646,3851,3724,3795,4483,5256,4731,3956,6141,9843,6201,29.7248,7.04109,8.57758,48.166
33518,3232,3620,4094,4672,3415,3831,4954,8017,3376,3722,4949,8317,3260,3616,4079,4900,0.375797,29.616,8.52547,48.036
33519,3940,4506,4175,3730,4460,7028,5858,3971,4225,5887,5234,3925,3730,3997,3935,3526,-2.52442,-2.59096,8.99152,48.0847
33520,4708,6135,5089,3937,4935,7691,5844,3957,3961,4697,4108,3515,3406,3633,3512,3307,-11.2454,-4.81839,8.74904,48.29
33521,4909,4255,3590,3280,8541,5000,3788,3365,7964,4872,3684,3260,4637,4007,3561,3179,-0.94708,-30.3216,8.6209,47.928
33522,6124,9842,6251,3942,4719,5259,4431,3768,3770,3670,3700,3489,3316,3353,3311,3085,-27.0784,-6.74357,8.76616,48.02
33523,3832,3630,3367,3132,4876,4424,3628,3307,8361,6354,4049,3473,6911,5725,3855,3455,11.6831,-19.4701,8.79314,48.2527
33524,3358,3788,4206,4124,3517,4125,6430,5652,3582,4331,6979,6125,3365,3750,4550,4561,1.50825,12.7515,8.97764,48.2953
33525,6786,9933,5649,3961,4779,5281,4437,3706,3809,3834,3569,3331,3309,3281,3309,3151,-32.4516,-9.17462,8.7979,48.0833
33526,4539,7224,8232,4858,4076,5337,5650,4255,3677,3880,3904,3601,3353,3388,3394,3254,-21.1356,1.63027,8.99473,48.4147
33527,3087,3365,3626,3612,3327,3703,4400,4714,3549,4190,6688,7673,3556,4150,6012,6735,12.345,16.8342,8.84251,48.258
33528,3245,3992,5873,12618,3543,3710,4752,5954,3107,3351,3838,3888,3160,3225,3460,3346,-30.4066,31.4297,8.58481,47.3747
33529,2956,3207,3267,3447,3172,3530,3918,4047,3359,3847,5088,6810,3518,4042,6748,11105,22.6406,22.7523,8.94344,48.0407
33530,3536,3361,3235,3211,3948,3929,3466,3325,5821,4959,3921,3425,11016,7419,4183,3430,31.4778,-20.2484,8.54685,48.1233
33531,8723,9391,4818,3647,5293,5386,4147,3553,3862,3832,3659,3241,3383,3404,3201,3113,-27.6199,-13.6151,8.97893,48.4353
33532,3317,3520,4243,4700,3336,3838,5314,7583,3352,3839,5627,7592,3334,3625,4198,4804,0.536367,20.8006,8.75491,48.148
33533,3141,3278,3382,3392,3279,3376,3750,3998,3376,3817,4872,6004,3333,4063,6719,12327,28.9192,24.0685,8.86146,48.0713
33534,3361,3791,5759,10745,3380,3796,5116,7799,3235,3352,3890,4388,3019,3219,3420,3436,-19.2754,30.2046,8.65437,47.804
33535,3080,3331,3443,3354,3339,3620,3789,3775,3496,4240,5408,5290,3707,4881,9127,8251,25.3824,13.1916,8.88367,48.0873
33536,12343,6091,3963,3344,6021,4583,3800,3386,3969,3809,3369,3216,3409,3485,3305,3184,-31.5775,-27.7008,8.52545,47.518
33537,3134,3399,3528,3576,3280,3620,4125,4635,3467,4193,6229,7702,3469,4028,6162,7608,14.5889,18.6597,8.67852,48.1033
33538,6209,5672,4099,3593,7761,7240,4120,3466,4905,4701,3678,3267,3669,3655,3280,3245,-10.4355,-16.1623,8.89062,48.3733
33539,5831,5320,3944,3497,7914,6850,4141,3529,5228,4715,3879,3343,3817,3819,3492,3159,-8.25816,-17.2724,8.56278,48.3187
33540,8187,9548,5012,3576,5228,5409,4164,3513,3849,3878,3530,3275,3266,3359,3180,3106,-27.1072,-12.6349,8.98303,48.0533
33541,3492,3331,3329,3086,4011,3718,3459,3145,5831,4787,3630,3416,12600,6312,3854,3254,32.6737,-26.4204,8.89575,47.5033
33542,5181,4476,3702,3303,8443,5778,3855,3361,6683,5043,3818,3390,4308,4050,3580,3202,-3.23942,-21.2095,8.76855,48.1153
33543,3652,3912,4072,3714,3993,5180,5484,4189,4262,6201,6729,4313,3874,4344,4461,3902,2.95917,1.14337,8.52731,48.188
33544,4029,6396,9798,5726,3844,4536,5324,4406,3415,3593,3822,3779,2953,3359,3401,3298,-27.8038,5.46286,8.88573,47.786
33545,3219,3668,4365,5546,3445,3639,5096,9531,3298,3738,4612,6795,3192,3490,3865,4218,-4.56101,29.6406,8.67281,47.8113
33546,3590,4638,8789,8757,3553,4127,5315,5590,3413,3597,3879,3839,3077,3355,3383,3385,-24.7809,15.0081,8.76842,48.1913
33547,5160,5077,4045,3486,6684,7596,4451,3433,5101,5221,4040,3484,3810,3894,3597,3103,-6.58802,-13.2538,8.72118,48.1213
33548,6991,5028,3723,3316,9775,5346,3935,3334,5491,4340,3677,3310,3862,3767,3352,3140,-9.89369,-33.9259,8.66518,48.258
33549,4602,4613,3978,3325,6223,7251,4295,3407,5546,6163,4136,3516,4226,4091,3773,3338,-2.35413,-13.0274,8.84882,48.322
33550,3614,4389,6252,6091,3598,4489,7356,6862,3371,3712,4513,4527,3144,3427,3632,3569,-12.5169,13.849,8.79638,48.364
33551,3376,3847,5768,10693,3494,3550,4994,7799,3237,3565,3938,4256,3108,3272,3541,3406,-19.1453,29.9925,8.78108,47.896
33552,3594,4549,8132,8919,3479,4041,5499,6116,3336,3472,3875,4085,3087,3196,3433,3428,-22.3342,16.3138,8.83841,48.1607
33553,3194,3466,3764,3575,3483,3900,4674,4441,3728,4700,7968,6211,3553,4395,5943,5391,10.7369,11.4631,8.76354,48.2573
33554,12431,6158,3904,3326,6011,4720,3721,3401,3909,3866,3472,3237,3396,3382,3191,3142,-31.4571,-27.6946,8.67679,47.5113
33555,4096,4693,4137,3573,5009,7612,5364,3768,4462,5798,4511,3826,3766,4031,3879,3490,-3.76263,-5.54436,8.65949,48.01
33556,4497,6561,6190,4441,4474,6697,6130,4203,3829,4164,4118,3743,3291,3420,3475,3385,-14.9444,-1.11338,8.64006,48.412
33557,4825,6171,4790,3746,5244,8179,5308,3858,4094,4728,4003,3623,3466,3537,3576,3298,-11.0941,-6.60837,8.90161,48.2973
33558,10031,8539,4486,3401,5591,4982,3989,3385,3886,3747,3474,3243,3344,3405,3279,3094,-29.4769,-16.903,8.96571,47.9173
33559,11065,6572,4077,3442,6824,5252,3879,3372,3964,3863,3521,3254,3363,3459,3168,3161,-22.0563,-23.0503,8.74979,48.1573
33560,3390,3333,3306,3147,3778,4028,3658,3444,4920,5873,4430,3824,6456,9521,5739,3873,23.1338,-8.39896,8.61993,48.48
33561,11323,6930,4062,3446,6270,4972,3886,3382,3958,3846,3366,3210,3332,3427,3165,3134,-25.2905,-22.2276,8.93332,47.806
33562,3713,3593,3354,3270,4791,4317,3687,3312,8503,5953,3845,3478,7718,5711,3913,3333,12.8866,-21.1718,8.94291,48.3273
33563,3495,3958,6656,11450,3417,3868,4997,6661,3301,3471,3868,4136,3069,3181,3451,3470,-23.2484,23.6025,8.95857,48.2993
33564,3067,3256,3434,3368,3322,3592,4014,4030,3713,4273,5870,5869,3578,4727,8494,7814,20.9745,13.733,8.71338,48.2807
33565,3300,3473,3300,3030,3831,4004,3550,3337,4991,5735,4541,3645,6603,9417,5550,3859,23.1969,-9.26759,8.92454,48.1107
33566,4019,4608,4545,3869,4402,7118,6350,4139,4159,5389,4954,3986,3630,3811,3803,3631,-4.73889,-1.71278,8.56165,48.2753
33567,3951,5031,6193,4710,3965,5861,7608,4813,3668,4223,4497,3865,3424,3479,3625,3528,-11.8092,4.4777,8.62086,48.294
33568,4472,3982,3473,3394,7419,4911,3637,3284,9002,5122,3833,3294,5269,4304,3598,3196,2.39926,-28.9334,8.63392,48.1267
33569,3090,3277,3669,3663,3242,3668,4316,4777,3473,3971,6095,8467,3392,3931,5822,7466,12.9428,20.0248,8.996,48.2127
33570,3269,3538,3968,4185,3471,3892,5183,6058,3396,4068,6670,7739,3315,3787,4754,5106,4.12295,17.3318,8.96197,48.266
33571,4884,5092,4056,3508,6162,7756,4630,3616,4816,5490,4038,3496,3924,3853,3562,3301,-5.93894,-11.6343,8.5047,48.1227
33572,11628,7085,4075,3363,5789,4943,3874,3381,3889,3762,3446,3124,3508,3278,3309,3117,-31.8351,-21.5139,8.90582,47.714
33573,3214,3345,3412,3288,3585,3902,3605,3507,4245,5050,4862,4076,5047,8711,7587,4501,33.1383,-1.63524,8.69962,47.958
33574,3796,4699,5298,4310,3982,5928,7939,4874,3625,4405,5128,4196,3274,3558,3716,3505,-7.73996,4.22224,8.9753,48.1553
33575,4684,5876,4820,3846,5061,7864,5589,3935,4089,4664,4224,3612,3532,3655,3492,3282,-10.8428,-5.46917,8.86591,48.15
33576,8956,5655,3909,3388,8813,5456,3945,3321,4630,4068,3459,3211,3579,3517,3355,3116,-15.4772,-24.2884,8.84835,48.252
33577,5742,9703,6429,4078,4384,5124,4575,3889,3550,3793,3623,3502,3349,3233,3341,3229,-30.9863,-5.57732,8.83976,47.696
33578,3298,3512,3770,3752,3356,3868,4994,4918,3586,4345,7445,7087,3495,4053,5438,5550,8.35395,14.4735,8.52949,48.3113
33579,3323,3305,3288,3309,3664,3759,3814,3665,3944,5041,5408,4298,4484,7499,8474,5039,24.5851,1.83591,8.71217,48.2093
33580,4190,4460,3915,3336,5415,7101,4701,3637,5202,6714,4472,3658,4124,4294,3789,3446,-0.531265,-9.62579,8.95437,48.3027
33581,3519,3478,3376,2996,4137,4053,3479,3271,6826,5761,4056,3460,8980,7162,4365,3509,19.2917,-18.1026,8.57693,48.2853
33582,3491,3332,3378,3106,3985,3913,3679,3313,5404,6052,4253,3541,7135,8919,5098,3673,20.9042,-11.6179,8.96088,48.1813
33583,4205,3808,3362,3212,6826,4557,3797,3266,9539,5268,3733,3281,5719,4505,3694,3339,4.79623,-27.4795,8.8933,48.074
33584,3437,3418,3269,3061,4159,3917,3438,3162,7146,4947,3923,3407,11275,6061,3940,3343,21.766,-26.7852,8.51778,47.9353
33585,3383,4028,6310,12405,3380,3847,4798,6262,3167,3433,3720,3894,3103,3240,3306,3393,-27.7021,26.6542,8.71146,47.7793
33586,3281,4027,6508,12158,3397,3855,4880,6301,3260,3412,3900,3964,3035,3247,3310,3460,-25.6012,25.1577,8.88357,47.9967
33587,3351,3927,6228,12555,3359,3743,4823,5995,3274,3416,3689,3952,3209,3248,3346,3552,-32.3657,26.0199,8.77581,47.778
33588,3426,3452,3353,3219,3641,4082,3884,3496,4475,6444,5643,4031,4955,7472,6336,4292,17.6079,-2.67999,8.65613,48.134
33589,3332,3464,3257,3070,3795,3769,3507,3247,5696,5192,4007,3433,9962,8550,4346,3448,30.196,-16.8043,8.95089,48.05
33590,3420,3955,6098,11756,3466,3823,4911,6698,3198,3418,3890,4107,3041,3259,3494,3413,-23.5821,26.6452,8.52399,47.9647
33591,9350,5408,3867,3322,8792,5060,3894,3396,4623,4077,3472,3184,3705,3561,3188,3205,-15.3545,-29.326,8.87295,48.0693
33592,3341,3258,3324,3189,3911,3846,3399,3235,6022,4748,3747,3328,12207,6371,3899,3434,33.9969,-24.5793,8.59701,47.506
33593,3468,3925,6034,12798,3350,3757,4666,6128,3188,3255,3701,3875,3160,3211,3282,3494,-30.3304,28.3238,8.94997,47.528
33594,3126,3408,3696,3967,3337,3576,4239,5726,3402,3835,5275,9846,3286,3812,4883,6813,8.81196,28.0899,8.81634,48.1513
33595,3159,3285,3434,3541,3402,3623,4217,4355,3403,4042,6174,7057,3548,4274,6812,7774,16.4417,17.0593,8.72082,48.0667
33596,3333,3584,3684,3536,3657,4333,4996,4076,3982,5952,7887,4788,3821,4734,5640,4361,8.42925,3.87073,8.91399,48.2427
33597,3525,3476,3226,3139,4120,3830,3552,3221,7067,4882,3818,3346,11466,5962,4044,3396,21.8272,-26.0812,8.54983,48.0467
33598,3280,3421,3659,3555,3528,4117,4928,4283,3683,5105,8123,5595,3655,4448,5810,5026,9.63396,8.16758,8.67176,48.144
33599,3277,3842,4777,5207,3521,4278,6972,7296,3464,4006,5236,5512,3224,3560,4032,3960,-5.00871,15.6234,8.74223,48.1093
33600,4058,3883,3424,3207,6551,4517,3647,3318,9903,5220,3842,3464,5827,4620,3597,3213,5.78655,-27.1462,8.85124,48.194
33601,4890,4435,3699,3288,7809,6004,3960,3418,6715,5349,3918,3413,4425,4079,3599,3256,-2.29206,-19.7209,8.57877,48.1713
33602,4787,6246,4588,3742,5357,8021,5177,3824,4175,4637,4066,3512,3531,3567,3541,3335,-10.9154,-7.51481,8.59992,48.0707
33603,4438,3987,3424,3180,7219,4854,3788,3295,9035,5422,3783,3386,5240,4387,3491,3313,2.97894,-24.7515,8.86595,48.1613
33604,6632,5201,3883,3330,9040,6110,3919,3536,5351,4538,3626,3262,3794,3574,3374,3062,-9.88065,-21.1161,8.9748,48.1547
33605,3504,3958,6070,11854,3233,3725,4925,6884,3266,3530,3850,3983,3068,3167,3411,3456,-22.5557,27.7652,8.78223,47.9227
33606,3622,4610,7814,6829,3697,4330,6562,6091,3382,3624,4174,4064,3160,3337,3461,3467,-17.811,12.5174,8.62579,48.1493
33607,4856,4543,3639,3257,7787,5973,3943,3528,6827,5454,3909,3405,4546,4289,3568,3222,-1.96015,-19.274,8.53764,48.4973
33608,3373,3581,3912,3748,3635,4400,5432,4536,3727,5136,7893,5326,3695,4222,5157,4550,6.09306,7.55252,8.70177,48.2153
33609,3094,3316,3512,3685,3273,3550,4186,5235,3553,3818,5686,9247,3277,3792,5307,7653,11.9377,23.9357,8.62346,48.1227
33610,6242,8933,5510,3875,5207,6398,4521,3719,3734,4027,3833,3169,3332,3513,3327,3189,-19.884,-8.84962,8.91889,48.3527
33611,5341,5303,3972,3432,7275,7655,4444,3567,5055,5075,3798,3375,3821,3785,3460,3219,-7.70141,-14.5997,8.87484,48.3847
33612,3824,4038,3585,3311,4618,5682,4408,3667,5460,8075,5016,3731,4465,4852,4024,3638,4.59518,-8.52421,8.66882,48.2627
33613,4119,4305,3672,3418,5489,6465,4392,3708,5755,6937,4545,3514,4367,4514,3947,3421,0.936689,-11.3768,8.85766,48.3787
33614,3281,3534,3529,3438,3666,4265,4237,3699,4154,6345,6802,4461,4245,6023,6262,4538,14.0591,1.18858,8.67009,48.3193
33615,3524,3352,3206,3249,3856,3738,3425,3274,6176,4643,3812,3347,12436,5867,4009,3418,27.6502,-32.4267,8.76451,47.5547
33616,12020,6038,3966,3432,6600,4788,3720,3327,3984,3707,3423,3323,3482,3350,3274,3134,-23.9786,-31.323,8.73789,47.712
33617,3270,3742,4359,4949,3445,3863,5833,8044,3394,3898,5306,6939,3194,3515,3954,4417,-2.09553,20.278,8.905,48.0813
33618,3225,3265,3288,3206,3153,3653,3830,3831,3746,4366,5105,4668,4022,6065,10103,6240,30.0782,7.25966,8.87589,47.844
33619,3144,3393,3681,4001,3337,3608,4341,5754,3399,3702,5285,9784,3365,3863,4730,6613,8.51926,28.5439,8.62771,48
33620,3352,3337,3150,3189,3983,3843,3391,3276,6163,4655,3755,3373,12568,5939,3969,3370,29.1342,-30.1002,8.62257,47.542
33621,3641,3954,3744,3422,4343,5405,4534,3666,4986,7985,5570,3832,4274,4916,4362,3761,5.53177,-5.48353,8.64171,48.2633
33622,5100,8912,7667,4471,4398,5100,4654,3922,3624,3748,3701,3505,3300,3464,3484,3192,-29.6748,-2.01843,8.63793,48.1613
33623,3440,3936,6352,12212,3284,3818,4835,5968,3170,3404,3739,4028,3112,3261,3453,3418,-33.9063,25.6127,8.78196,47.62
33624,3367,3506,3283,3200,4040,4409,3847,3599,5428,7505,5011,3911,5393,6961,5032,3824,14.3281,-7.76162,8.70154,48.2107
33625,12136,5998,3949,3491,6699,4847,3795,3295,3979,3790,3350,3176,3476,3352,3229,3153,-22.9883,-30.999,8.90325,47.81
33626,3041,3228,3475,3344,3303,3412,3684,4095,3421,3840,5013,7154,3392,3904,5963,11506,21.5171,31.7467,8.65316,47.85
33627,12197,6068,3907,3500,6813,4871,3788,3275,4002,3711,3371,3172,3465,3347,3266,3122,-23.5449,-28.1509,8.97418,47.9167
33628,4031,3936,3507,3130,5651,4804,3829,3363,8205,6599,3999,3415,5561,4954,3813,3417,7.0144,-18.6579,8.56357,48.1427
33629,3523,3438,3237,3061,4420,3986,3613,3278,7608,5546,3797,3495,9069,6281,3935,3421,17.0658,-21.4917,8.85882,47.8053
33630,3658,3579,3285,3045,4901,4139,3618,3288,9295,5374,3933,3484,8245,5323,3819,3258,13.4034,-26.4426,8.76844,48.1627
33631,3397,3435,3234,3062,3992,3813,3449,3166,6276,4882,3844,3416,12066,6577,3964,3329,28.0644,-24.5846,8.81811,47.9347
33632,3300,3869,5105,7824,3456,3916,5233,9635,3241,3558,4135,5132,3122,3353,3538,3703,-12.2223,28.643,8.73242,48.08
33633,3160,3278,3487,3588,3286,3629,3927,4553,3413,3717,5125,8583,3282,3870,5545,9834,16.666,29.0413,8.85787,48.1847
33634,8202,9610,4896,3720,5158,5234,4106,3608,3763,3800,3467,3328,3337,3297,3226,3110,-31.3285,-12.7885,8.98323,47.908
33635,3109,3205,3355,3349,3264,3602,3836,3974,3419,4161,5237,5578,3506,4411,8403,9571,33.8864,16.357,8.70333,47.9867
33636,3378,3378,3224,3101,3837,3865,3392,3232,6008,4850,3869,3427,12474,6629,3987,3364,29.2155,-24.5984,8.78078,48.01
33637,3259,3277,3436,3346,3152,3337,3741,3868,3415,3772,4675,5928,3339,3793,5982,12559,32.2285,31.9845,8.78994,47.2527
33638,4642,7594,8766,4911,4114,4832,4917,4282,3671,3623,3788,3519,3245,3315,3354,3175,-31.5721,1.19774,8.63029,47.832
33639,4108,3798,3488,3263,6723,4737,3699,3363,9387,5095,3846,3438,5563,4478,3736,3350,5.05122,-33.6184,8.52025,48.048
33640,3205,3349,3408,3216,3373,3697,3664,3537,3884,4717,5015,4306,4463,7377,9378,5223,31.5237,2.89665,8.9228,47.8747
33641,3209,3317,3405,3361,3273,3526,3838,3926,3584,4012,5394,5404,3648,4914,8962,8505,25.4215,14.1932,8.89457,48.1853
33642,8828,9149,4747,3718,5417,5242,4098,3607,3817,3835,3455,3324,3366,3359,3193,3043,-27.8296,-14.4906,8.70782,48.132
33643,3301,3450,3117,3157,4001,3799,3435,3290,6911,4885,3763,3394,11835,5882,3982,3350,23.0496,-33.4883,8.73881,47.7013
33644,3234,3716,4499,5402,3373,3864,5034,9436,3314,3680,4513,6773,3271,3406,3871,4232,-4.60381,31.2261,8.73209,47.7453
33645,4972,5769,4715,3703,5539,8164,5338,3765,4266,4735,3948,3586,3577,3651,3415,3284,-10.3749,-8.06327,8.7763,48.2847
33646,3116,3334,3343,3309,3419,3600,3846,3716,3714,4352,5817,4891,3924,5590,9409,6537,23.7935,8.46676,8.80679,47.9447
33647,3128,3396,3493,3386,3559,3875,4347,3854,3930,5065,7146,5005,3880,5321,7527,5341,16.1534,6.68323,8.96936,48.1687
33648,3726,4316,4573,3991,4249,6187,6686,4309,3933,5192,5780,4134,3556,3853,4006,3782,-3.00091,1.55079,8.52714,48.182
33649,3560,3512,3406,3126,4343,4578,3792,3413,6540,7664,4486,3578,5930,6356,4555,3682,12.5041,-12.5715,8.84818,48.3473
33650,6674,5752,3987,3382,7799,6797,4232,3540,4903,4449,3796,3301,3664,3650,3340,3140,-11.976,-17.2766,8.6735,48.2707
33651,3724,5356,10067,6992,3634,4244,5285,4871,3289,3647,3830,3723,3206,3255,3346,3416,-33.087,10.1444,8.88183,47.9233
33652,4446,4737,4072,3559,5406,7746,4911,3734,4630,6021,4373,3694,3943,4071,3596,3456,-3.56564,-8.47322,8.9147,48.2633
33653,3297,3281,3228,3146,3995,3726,3383,3235,6107,4938,3834,3344,12200,6710,3922,3371,26.8356,-23.8863,8.92065,47.8113
33654,3352,3709,4875,6651,3331,3900,5618,9746,3324,3633,4384,5675,3192,3375,3637,3858,-8.58637,24.2226,8.71632,48.1733
33655,3139,3385,3384,3180,3452,3632,3766,3567,4021,4781,5161,4304,4396,7140,9239,5298,28.8205,3.22888,8.75782,47.8967
33656,3284,3401,3267,3310,3387,3650,3697,3568,4001,4752,5160,4342,4221,6859,9465,5437,31.0685,4.20003,8.69923,47.8673
33657,3325,3515,3886,3675,3614,4214,5502,4395,3771,5130,8128,5433,3694,4322,5226,4476,6.41969,7.79435,8.97011,48.204
33658,5016,5892,4447,3712,5813,8038,4890,3790,4262,4827,3928,3495,3594,3627,3383,3259,-10.0024,-9.09121,8.75242,47.982
33659,3154,3299,3369,3411,3293,3575,3797,3882,3433,3920,5104,5712,3435,4162,7572,10654,32.1948,19.3802,8.58519,47.848
33660,7962,8696,4739,3650,5560,5797,4228,3644,3942,3932,3648,3293,3465,3402,3177,3119,-21.9741,-13.3828,8.68818,48.1693
33661,5306,4448,3673,3203,9194,5055,3785,3263,7329,4766,3553,3389,4306,4018,3429,3202,-3.23485,-28.6939,8.69745,47.946
33662,5690,7291,4924,3595,5533,7489,4948,3789,4074,4332,3831,3372,3412,3644,3494,3328,-14.8743,-9.4607,8.79928,48.4973
33663,3095,3473,3862,4017,3323,3773,5003,5953,3304,3936,6311,8634,3446,3743,4744,5590,5.66705,19.8848,8.77087,48.138
33664,3478,4539,8199,10091,3414,3995,5115,5627,3277,3625,3809,3852,3059,3192,3493,3378,-29.6522,18.0271,8.50485,48.0953
33665,5214,4320,3487,3350,9414,5103,3786,3428,7078,4625,3728,3313,4395,4043,3501,3102,-3.28258,-33.4159,8.78952,47.9247
33666,3507,4372,7824,9900,3467,4044,5396,6032,3244,3533,3907,4010,3085,3240,3446,3424,-23.6342,18.0909,8.839,48.2873
33667,6828,9936,5549,3863,4838,5401,4308,3682,3785,3725,3715,3352,3288,3393,3145,3108,-28.4993,-9.46353,8.9612,47.944
33668,8007,5157,3853,3430,9471,5255,3901,3428,4969,4180,3559,3196,3787,3612,3260,3124,-12.6901,-29.6765,8.59097,48.126
33669,3329,3672,3981,3743,3532,4349,5883,4837,3737,4856,8005,5478,3562,3976,4907,4377,4.41,8.72875,8.82083,48.1493
33670,3615,3812,3635,3493,4129,5252,4690,3782,4640,7730,6000,4003,4230,5235,4654,3851,6.8609,-3.60642,8.7564,48.5007
33671,3289,3968,5473,9728,3486,3861,4994,8554,3220,3545,4052,4477,3143,3247,3497,3668,-16.8351,28.5254,8.82839,48.1347
33672,5134,7125,5414,3906,4986,7458,5351,3912,3946,4255,3835,3539,3410,3537,3384,3299,-14.6484,-5.81592,8.95566,48.3273
33673,3199,3335,3391,3426,3494,3544,3767,3838,3656,4289,5328,4863,3783,5430,9756,7049,32.8933,9.83719,8.65485,48.0987
33674,3805,5589,10062,7113,3598,4363,5328,4743,3416,3604,3795,3639,3156,3394,3397,3330,-29.9823,9.40482,8.94632,48.2213
33675,3353,3658,3727,3467,3630,4183,4724,3882,4130,6062,7494,4791,4101,5098,5793,4545,10.6149,3.32564,8.71213,48.4253
33676,3099,3217,3425,3444,3243,3553,3941,4185,3522,3934,5543,6769,3481,4302,7374,9128,19.9392,18.3907,8.83004,48.1067
33677,3157,3260,3457,3264,3402,3665,3858,3576,3937,4800,5580,4345,4347,7039,9213,5282,23.9716,3.56869,8.91649,48.1213
33678,3842,5173,9115,7290,3641,4373,5836,5253,3328,3672,3958,3802,3094,3265,3306,3302,-23.1887,10.9667,8.66785,48.1667
33679,3846,4649,5903,4734,3867,5532,8048,5068,3620,4087,4674,4006,3338,3518,3702,3616,-10.6054,6.08512,8.70592,48.1387
33680,3952,5922,8274,5486,3779,5120,6751,4845,3463,3747,3996,3800,3081,3342,3443,3207,-18.4006,6.0727,8.89988,48.1387
33681,3110,3209,3609,3610,3252,3490,4043,4681,3427,3855,5242,8867,3316,3858,5442,8913,14.5804,28.6024,8.57852,47.9493
33682,3581,4706,8997,8987,3588,4055,5209,5474,3268,3567,3823,3946,3204,3328,3277,3288,-27.4361,14.6749,8.69984,48.1987
33683,3216,3413,3521,3641,3327,3665,4143,4203,3630,4373,6903,6629,3607,4325,6802,6704,15.1135,14.5115,8.574,48.068
33684,4374,4833,4144,3569,5136,7819,5241,3725,4521,5786,4472,3640,3934,3938,3589,3453,-4.24019,-6.85661,8.80396,48.116
33685,3383,3687,4695,6341,3427,3862,5526,9813,3145,3622,4483,5819,3161,3479,3736,4003,-8.10789,25.04,8.70863,48.1213
33686,3306,3952,5065,7211,3262,3935,5626,9462,3264,3590,4347,5216,3194,3376,3484,3850,-10.7267,23.5357,8.97407,48.0933
33687,4052,5120,5364,4325,4127,6561,7316,4561,3737,4474,4649,3901,3474,3627,3606,3532,-9.40187,1.53819,8.77983,48.284
33688,3333,3486,3346,3148,3761,3735,3505,3288,5128,5230,4163,3533,7875,9798,5087,3651,29.9088,-12.0134,8.86373,48.0447
33689,3245,3867,5749,12062,3466,3833,4942,7075,3294,3490,3804,3949,3150,3273,3329,3352,-22.6475,29.7679,8.96259,47.92
33690,3300,3326,3284,3027,3970,3732,3469,3291,6285,4852,3864,3329,12279,6418,4016,3301,27.5062,-25.9172,8.71591,47.8287
33691,8351,7107,4341,3533,6627,5716,4114,3443,4248,3987,3638,3327,3506,3435,3275,3023,-18.6111,-17.4548,8.54728,47.7807
33692,3580,4496,8440,9788,3469,4029,5065,5629,3162,3554,3764,3875,3124,3182,3454,3393,-31.567,16.742,8.8316,48.0027
33693,3753,4363,4559,3945,4144,6141,6771,4524,4027,5285,5731,4236,3592,3931,3958,3678,-3.19849,1.92847,8.65117,48.4253
33694,4737,7929,8099,4966,4139,5150,5057,4221,3602,3794,3713,3634,3261,3281,3323,3289,-25.4685,0.322066,8.73159,48.13
33695,12518,5971,3920,3400,5885,4772,3767,3396,3877,3775,3513,3259,3334,3417,3258,3137,-28.4768,-32.5033,8.71382,47.466
33696,3946,3596,3459,3111,5203,4376,3564,3285,9395,5923,3851,3414,6818,5121,3700,3388,9.78766,-22.5168,8.85411,48.1
33697,3605,4523,7754,7771,3684,4227,6263,6179,3258,3643,3942,4097,3136,3317,3494,3399,-18.6795,14.7074,8.81512,48.1947
33698,3804,4670,6185,4915,3825,5484,8111,5305,3624,4011,4657,4103,3248,3477,3595,3529,-11.4262,6.93941,8.87235,48.362
33699,3515,3402,3315,3082,4240,4066,3594,3261,7115,5990,4028,3446,8545,6829,4188,3434,17.9053,-18.211,8.93463,48.0333
33700,3938,5085,5151,4152,4277,6748,7026,4398,3880,4603,4854,3822,3419,3623,3697,3536,-8.39739,0.646666,8.88101,48.1393
33701,4282,4416,3899,3475,5542,7018,4454,3662,5302,6670,4255,3465,4048,4357,3733,3394,-1.04961,-10.6831,8.92095,47.9813
33702,3151,3305,3266,3240,3548,3701,3782,3629,3926,4703,5380,4458,4326,6831,9487,5598,25.5897,3.85349,8.93481,48.2207
33703,3325,3290,3284,3131,3749,3987,3662,3301,5305,5432,4200,3541,7701,9070,4976,3768,24.831,-12.683,8.52064,47.8147
33704,3277,3310,3394,3353,3508,3754,3946,3834,3836,4910,5877,4834,4069,5931,8761,5685,21.2878,6.27702,8.5138,48.186
33705,3279,3432,3565,3665,3588,4049,4901,4386,3657,4877,8314,5620,3593,4401,5994,4999,9.7399,9.15532,8.7695,48.2133
33706,3267,3337,3366,3328,3468,3710,4168,3973,3618,4711,6623,5236,3832,5384,8148,6093,18.3282,9.0084,8.59841,48.1747
33707,4204,4774,4166,3613,5117,7509,5180,3801,4543,6225,4590,3647,3881,3991,3784,3512,-3.26851,-6.99109,8.92462,48.358
33708,3861,4836,5264,4669,3974,5757,8182,4958,3620,4262,5066,4143,3486,3526,3615,3560,-8.18919,5.14628,8.60114,48.5193
33709,3234,3411,3639,3649,3326,3636,4148,4973,3463,3992,6273,8408,3473,3869,5547,7016,11.2718,20.0107,8.53701,48.038
33710,3732,3953,3635,3307,4832,5376,4117,3510,5944,8013,4814,3636,4747,5043,4022,3540,5.74387,-10.7831,8.63754,48.1473
33711,3686,3506,3280,3197,4870,4148,3578,3303,9254,5246,3909,3408,8475,5266,3847,3357,13.95,-27.7657,8.75622,48.22
33712,3534,4462,8232,9786,3483,4018,5140,5761,3341,3552,3875,3886,3085,3260,3531,3350,-26.2841,17.2529,8.64733,48.1973
33713,4367,4164,3619,3262,6617,5633,3865,3408,7540,6081,4038,3382,4844,4534,3693,3191,2.04767,-18.539,8.62461,48.1587
33714,4264,4376,3882,3511,5160,7037,4818,3699,4970,6543,4665,3642,4111,4243,3944,3477,-0.89872,-8.188,8.52249,48.228
33715,5458,4375,3642,3350,9237,5091,3796,3386,6964,4637,3669,3363,4343,3945,3490,3110,-4.25423,-29.0892,8.71234,47.904
33716,3416,3829,4397,4475,3516,4504,6999,5935,3491,4321,6356,5664,3225,3773,4248,4264,-1.28897,12.4455,8.66436,48.2753
33717,3461,3489,3267,3185,4469,4117,3467,3281,7798,5838,4018,3328,8442,6149,4069,3402,16.1425,-20.0858,8.87239,47.8533
33718,3390,3701,5069,7930,3354,3712,5532,9500,3265,3607,4208,5052,3066,3313,3624,3698,-12.3813,26.9781,8.93979,48.014
33719,3180,3192,3402,3351,3186,3368,3743,4161,3384,3725,4805,6734,3400,3836,5994,12222,23.9112,29.3227,8.58096,47.7887
33720,3084,3286,3577,3646,3143,3372,3997,4914,3249,3913,5194,9336,3369,3794,5358,8397,13.4566,27.9137,8.96338,47.7527
33721,4569,4817,3908,3384,6128,7422,4424,3527,5395,5902,4204,3566,4037,4070,3730,3340,-3.01217,-12.3626,8.78783,48.282
33722,5623,6274,4321,3577,6417,7651,4535,3709,4411,4663,3852,3334,3556,3629,3395,3250,-11.4443,-12.5169,8.66918,48.1313
33723,3507,3748,3743,3512,3703,4639,5048,4090,3955,6139,7840,4724,3948,4592,5152,4347,7.27345,3.26358,8.99069,48.458
33724,3380,3310,3319,3097,3954,3875,3339,3242,6446,4780,3688,3483,12536,5997,3945,3378,24.7039,-31.7112,8.94221,47.846
33725,3815,4050,3756,3606,4413,6016,4923,3870,4699,7176,5573,3920,4042,4533,4219,3688,3.007,-4.19528,8.69731,48.1993
33726,3085,3403,3592,3573,3412,3742,4357,4404,3565,4303,7362,6660,3575,4442,6605,6085,12.9715,13.4691,8.77848,48.11
33727,3416,4076,6296,10574,3449,3795,5076,7505,3194,3485,4018,4244,3056,3195,3390,3433,-19.7785,23.6525,8.97254,48.1347
33728,3423,3560,3853,3721,3463,4058,5265,4639,3587,4966,8032,5863,3610,4203,5182,4707,6.8816,9.59839,8.54979,48.088
33729,12384,6020,3890,3437,6415,4842,3776,3431,3988,3820,3451,3186,3375,3408,3250,3066,-25.64,-29.1754,8.57813,47.826
33730,3344,3744,5010,6208,3304,3819,6126,9137,3394,3696,4657,5656,3172,3423,3762,3910,-8.17996,21.6249,8.86422,48.2413
33731,4582,4949,3923,3560,6044,7698,4755,3581,5044,5682,4198,3425,3950,4053,3615,3324,-4.53899,-10.9262,8.50794,48.2553
33732,3239,3414,3431,3230,3693,4047,4031,3742,4285,6225,6115,4319,4491,6778,6795,4615,16.7047,-0.118968,8.94033,48.3
33733,4161,6624,9615,5787,3889,4550,5255,4409,3507,3894,3629,3731,3103,3367,3434,3179,-27.7245,5.2559,8.78299,48.0893
33734,4425,4219,3679,3358,6243,6230,4172,3565,6412,6414,4120,3410,4509,4457,3646,3436,0.633749,-14.988,8.57387,48.1967
33735,5113,4285,3601,3320,9139,5122,3801,3274,7334,4711,3722,3353,4282,4031,3533,3191,-2.59962,-33.2516,8.55539,47.8747
33736,4802,5689,4341,3770,5575,8190,5035,3898,4333,5172,4055,3524,3713,3674,3558,3251,-8.5602,-8.53783,8.92928,48.3867
33737,3712,5376,9809,7092,3767,4307,5256,4879,3350,3704,3941,3786,3071,3285,3346,3439,-30.557,10.183,8.67241,48.08
33738,6253,7766,4808,3703,5694,6895,4506,3747,4054,4157,3783,3298,3457,3482,3405,3104,-16.4493,-10.8237,8.83832,48.0747
33739,3206,3308,3606,3515,3414,3650,4211,4404,3556,4296,6763,6755,3450,4304,6735,6887,15.0669,14.9842,8.75299,48.04
33740,3448,3500,3166,3167,4033,3858,3372,3220,5835,4910,3743,3332,12017,6740,4016,3416,31.0159,-23.677,8.90719,47.8487
33741,3053,3272,3387,3403,3210,3434,3923,3929,3474,3836,4694,5984,3427,3904,6161,12347,31.0781,27.2717,8.64676,47.6253
33742,3463,3969,4783,4561,3685,4572,7432,5990,3529,4257,5967,5017,3342,3730,4003,3925,-3.63535,11.2432,8.63735,48.15
33743,3115,3331,3355,3324,3322,3624,3838,3677,3760,4566,5161,4544,4208,6435,9761,5891,29.8184,5.90209,8.93949,47.9413
33744,3810,3662,3310,3099,5331,4420,3583,3371,9537,5670,3796,3400,6804,5002,3877,3299,10.0869,-23.6681,8.81516,47.9807
33745,3325,3612,4743,6454,3437,3819,5319,9736,3343,3677,4387,5973,3225,3482,3708,3947,-7.64895,26.7598,8.70717,48.1247
33746,3407,3446,3443,3112,3905,4106,3673,3385,5178,6251,4674,3724,6193,8578,5220,3993,19.3588,-8.94695,8.72403,48.192
33747,5285,4579,3830,3208,8460,5958,4033,3425,6255,5046,3822,3392,4233,3928,3449,3158,-4.63632,-20.1433,8.59968,48.0407
33748,3367,3689,4280,4462,3480,4102,6215,6326,3577,4116,6338,6477,3267,3709,4345,4537,0.233618,15.2057,8.71564,48.1913
33749,3058,3250,3341,3389,3269,3476,3821,3871,3361,3773,4680,6451,3417,3927,6194,12524,25.5937,27.5435,8.92612,47.868
33750,3841,5020,6878,5196,3852,5024,7741,5210,3439,3895,4333,4000,3305,3450,3527,3388,-13.9208,7.46186,8.79928,48.066
33751,3528,3456,3250,3072,4244,3929,3438,3243,7351,5273,3790,3425,10074,6562,4022,3475,19.6872,-22.6335,8.61859,48.088
33752,3212,3399,3196,3409,3470,3698,3685,3611,4142,4750,5058,4244,4566,7932,8576,4997,32.4831,1.10489,8.94397,47.9633
33753,3205,3685,4576,6224,3405,3830,5282,9898,3348,3650,4574,6334,3155,3498,3827,4076,-6.29745,29.0278,8.81606,48.378
33754,4463,7003,8909,5183,3804,4934,5482,4616,3509,3721,3822,3610,3234,3308,3313,3184,-23.7225,2.99249,8.81076,48.0633
33755,4209,3801,3469,3117,6643,4678,3602,3348,9456,5338,3875,3436,5727,4558,3616,3288,5.38437,-27.446,8.57631,48.1073
33756,4721,6805,6548,4572,4405,6178,5913,4162,3628,4060,3977,3698,3286,3508,3367,3300,-17.1455,-0.781768,8.51389,48.0853
33757,3056,3361,3401,3433,3194,3595,3929,4143,3485,4183,6105,6314,3614,4575,7705,8077,19.349,15.2041,8.84112,48.1133
33758,3254,3374,3237,3110,3928,3817,3530,3225,5344,5610,4282,3628,7818,9015,5054,3707,23.7178,-12.6704,8.66325,47.9553
33759,3172,3257,3365,3315,3456,3537,3731,3867,3354,3730,4734,6590,3401,3940,5837,12092,24.4879,31.6357,8.68229,47.5853
33760,3625,3473,3294,3131,4534,4086,3485,3255,8758,5164,3870,3389,9148,5374,3936,3464,15.4392,-30.8707,8.86783,47.9907
33761,3385,3734,4685,5505,3452,4019,6336,8248,3263,3862,5085,5980,3198,3637,3872,4051,-4.76438,19.1091,8.85342,48.208
33762,3282,3301,3288,3173,3537,3800,3663,3403,4535,5134,4651,3849,5678,9657,6789,4148,27.0884,-5.10163,8.8175,47.9253
33763,3408,3767,5053,7607,3417,3733,5374,9763,3222,3597,4135,5029,3169,3351,3648,3710,-11.8198,31.658,8.63609,47.9887
33764,4315,4527,3963,3476,5170,7126,4608,3778,5069,6652,4598,3593,4050,4189,3768,3407,-1.21584,-8.78167,8.5513,48.1927
33765,3841,5599,10204,6918,3520,4225,5240,4947,3253,3647,3829,3746,3152,3230,3463,3269,-28.0151,9.80919,8.97344,48.0553
33766,3294,3835,4394,4852,3374,3978,6147,7545,3310,3851,5760,6737,3346,3635,4144,4443,-1.86575,18.2679,8.81942,48.43
33767,7471,9900,5291,3622,5101,5156,4229,3568,3835,3776,3480,3342,3366,3363,3267,3033,-30.2095,-11.3112,8.91378,47.8667
33768,3413,3388,3199,3183,3906,3884,3485,3248,5503,5154,4010,3470,8920,8976,4654,3634,31.509,-14.6833,8.98044,48.018
33769,9953,6481,4077,3431,7304,5237,4056,3420,4219,3881,3501,3205,3502,3462,3215,3040,-19.8799,-21.7881,8.76628,47.9893
33770,3309,3546,4274,4995,3347,3812,4975,9041,3310,3710,4932,7551,3215,3562,4201,4328,-2.05563,33.9511,8.96349,48.072
33771,3702,3744,3519,3235,4570,5140,4073,3502,5837,8207,4783,3650,4811,5462,4318,3628,8.3266,-9.71949,8.79604,48.1207
33772,3348,3618,3948,3804,3492,4402,5644,4595,3726,5289,8066,5254,3491,4158,4989,4342,5.36368,7.27384,8.98889,48.1107
33773,3716,3688,3403,3188,4932,4620,3697,3286,7870,6965,4147,3468,6071,5576,4063,3506,10.142,-16.8261,8.85199,48.1307
33774,2993,3362,3557,3656,3350,3732,4361,4448,3484,4177,6738,7567,3449,4106,6265,7031,13.2035,17.0746,8.85847,48.184
33775,3187,3491,4307,4923,3400,3740,4985,8929,3319,3703,4722,7909,3198,3469,4077,4549,-1.56939,31.8383,8.84529,47.9387
33776,3292,3697,4742,5976,3393,3856,5311,9888,3288,3711,4431,6123,3226,3374,3811,3968,-6.95819,33.3254,8.93144,48.058
33777,3682,3840,3549,3266,4668,5322,4064,3537,6119,7970,4725,3615,4865,5373,4230,3531,7.25124,-10.636,8.50198,48.2373
33778,5400,4243,3630,3298,9354,5188,3859,3480,7101,4687,3799,3151,4307,4000,3423,3229,-3.69507,-28.2956,8.65286,48.0993
33779,3653,4609,7974,7101,3607,4455,6416,5880,3394,3731,4067,4075,3173,3351,3398,3442,-18.6618,12.9839,8.62812,48.2173
33780,3487,3456,3213,3047,4281,3913,3602,3355,7017,5541,3950,3450,9544,6875,4077,3491,19.473,-19.881,8.54867,48.1993
33781,3026,3311,3323,3525,3285,3399,4004,4253,3470,3902,5141,7028,3373,4130,6369,10569,20.9723,23.2404,8.66434,48.072
33782,3528,4184,7127,10681,3365,3834,5059,6461,3255,3487,3891,3985,3176,3234,3388,3458,-24.0018,20.6757,8.50019,48.0753
33783,3408,3439,3338,3080,4070,4023,3679,3257,6265,5807,4126,3577,8237,7817,4495,3509,20.114,-15.2924,8.54044,48.0847
33784,3112,3254,3452,3434,3167,3410,3827,3835,3383,3788,5013,5958,3406,4053,6888,11927,31.9686,22.095,8.92311,47.938
33785,3327,3749,4524,5735,3342,3715,5215,9650,3321,3689,4551,6561,3149,3472,3960,4189,-5.09454,31.2651,8.5492,48.0993
33786,3255,3323,3562,3516,3188,3666,3786,4285,3339,3836,5068,8301,3471,4023,5735,9922,17.2335,33.5644,8.81633,48.184
33787,3536,3634,3256,3256,4665,4081,3562,3290,9077,5284,3896,3320,8639,5280,3846,3399,14.2649,-32.2041,8.61051,48.014
33788,3405,3905,5773,10802,3454,3788,4947,7623,3326,3474,3882,4192,3153,3233,3505,3417,-19.878,31.7337,8.51643,47.9193
33789,3604,5016,9346,8207,3576,4215,5413,5303,3290,3584,3800,3794,3211,3255,3379,3399,-25.9101,13.1078,8.80078,48.2613
33790,3088,3332,3447,3470,3333,3562,4007,3976,3631,4481,6221,5685,3645,4783,8337,7272,20.4513,12.6748,8.55866,48.18
33791,3317,3777,4834,5729,3448,3999,6390,8780,3181,3747,4837,5926,3187,3376,3809,4052,-6.40623,19.8669,8.95726,48.2593
33792,3928,3919,3473,3203,5882,4833,3889,3341,8494,6360,4048,3488,5612,4824,3826,3337,6.22567,-19.6463,8.80621,48.3047
33793,3431,4067,4869,4386,3811,4745,7779,5613,3564,4304,6003,4936,3410,3649,3965,3881,-3.61474,10.0657,8.66937,48.2753
33794,4947,5566,4192,3619,5882,8311,4915,3673,4501,5034,3945,3413,3609,3799,3455,3311,-8.59707,-9.76509,8.97249,48.1147
33795,6321,9736,6067,3965,4701,5334,4413,3666,3758,3752,3670,3475,3351,3395,3328,3214,-27.1699,-7.08405,8.78553,48.0973
33796,3442,3883,6125,12351,3335,3804,4898,6333,3194,3492,3735,3908,3063,3178,3439,3261,-25.9301,31.9984,8.59175,47.6273
33797,7551,9663,5229,3694,5164,5465,4221,3662,3803,3792,3615,3319,3380,3349,3138,3164,-26.9525,-11.4526,8.5816,48.1393
33798,3126,3292,3253,3469,3236,3503,3728,3977,3380,3798,4763,5931,3365,3810,6192,12381,32.141,27.2949,8.5662,47.4693
33799,3537,4703,8829,8512,3529,4173,5408,5718,3148,3608,3962,4031,3095,3283,3363,3278,-22.9945,14.4839,8.90274,48.118
33800,3443,3787,3849,3738,3863,4808,5667,4179,3931,5783,7623,4777,3739,4406,4704,4099,4.94774,4.09204,8.71034,48.264
33801,3377,3953,4834,5418,3391,4118,6466,8363,3449,3833,4876,5749,3214,3516,3916,4040,-6.38493,18.6789,8.74872,48.342
33802,3236,3424,3969,4133,3305,3797,4679,6405,3285,3773,5861,9246,3276,3805,4674,5727,5.70145,23.0044,8.9235,48.3967
33803,3403,3401,3314,3037,3923,3802,3504,3200,5930,5200,3941,3410,9737,7859,4338,3428,23.7554,-17.6154,8.82142,47.618
33804,4373,3913,3495,3256,7501,4926,3705,3313,9090,5223,3817,3262,5108,4259,3684,3281,2.36984,-32.4132,8.7284,48.1373
33805,3516,4116,5547,5355,3458,4483,7603,6791,3371,3919,5095,4832,3324,3446,3769,3778,-8.45741,13.5805,8.59859,48.2687
33806,11676,7066,4058,3323,5974,4957,3716,3349,3955,3919,3387,3135,3437,3378,3327,3159,-32.9911,-21.8599,8.9894,47.8773
33807,3405,3406,3257,3144,3932,3853,3466,3315,6180,5092,3890,3425,10735,7440,4260,3444,24.4831,-20.1938,8.87393,48.1627
33808,5953,9822,6189,4051,4659,5220,4568,3919,3682,3884,3678,3396,3371,3304,3388,3144,-31.3893,-6.71358,8.69477,48.152
33809,3127,3307,3307,3320,3381,3526,3861,3773,3601,4318,5192,4983,3754,5384,9873,7470,30.0355,10.8746,8.91134,48.118
33810,4790,4224,3628,3194,8460,5003,3758,3340,8219,4881,3800,3393,4626,4092,3558,3262,-0.433019,-32.5453,8.60739,48.152
33811,5932,9746,6321,3988,4663,5185,4505,3873,3583,3881,3589,3387,3313,3393,3274,3293,-32.5962,-6.51637,8.84504,47.9507
33812,8383,5581,3938,3389,8701,5577,3979,3511,4644,4276,3714,3289,3630,3480,3234,3075,-14.4413,-23.4883,8.53115,48.2673
33813,3384,3425,3315,3136,3994,3874,3439,3302,6067,4863,3691,3396,12028,6704,4030,3306,28.8513,-23.9774,8.77578,47.9693
33814,4165,4881,4596,3923,4458,7296,6363,4145,4051,5144,4818,3859,3652,3904,3829,3488,-5.98618,-2.25713,8.63496,48.3813
33815,3178,3432,3860,4201,3344,3716,4610,6818,3302,3767,5238,9541,3329,3619,4466,5667,4.84666,27.0906,8.55013,48.0587
33816,4560,4948,4062,3438,5674,7975,4675,3753,4839,5742,4261,3636,3946,3967,3612,3413,-4.77011,-9.8161,8.63793,48.334
33817,3068,3359,3601,3552,3318,3702,4312,4619,3393,4125,6482,7843,3489,4106,5933,7102,13.1505,18.2102,8.56175,48.0027
33818,3237,3285,3363,3432,3382,3492,3737,3790,3806,4434,5296,4734,3829,5937,9871,6208,33.5351,7.66876,8.6417,47.8887
33819,3703,3855,3537,3296,4691,5153,3989,3496,6112,7909,4719,3739,4923,5574,4211,3449,8.20456,-10.7224,8.56479,48.2373
33820,3392,3364,3249,3052,3895,3899,3545,3285,5483,5890,4197,3601,7970,8951,4753,3595,22.6837,-13.202,8.96723,48.0807
33821,11526,6860,4062,3332,5770,4911,3910,3421,3964,3842,3520,3190,3352,3372,3286,3181,-32.6081,-21.9893,8.68258,47.666
33822,3205,3426,3487,3399,3602,3979,4247,3905,3895,5282,7259,4949,4052,5287,7189,5121,15.0128,5.79475,8.87367,48.1893
33823,3393,4215,7132,9894,3464,4036,5436,6423,3198,3492,3978,4036,3140,3231,3402,3405,-21.8722,19.7466,8.62003,47.9167
33824,3382,3301,3317,3175,3675,3769,3654,3295,4520,5338,4512,3854,5966,9700,6387,4110,26.6621,-5.96327,8.89199,47.97
33825,3542,4291,7811,10442,3415,3970,5107,5693,3298,3451,3820,3899,3137,3344,3377,3351,-28.0999,18.3497,8.81632,47.9653
33826,4002,3748,3391,3145,5962,4548,3615,3311,9810,5299,3811,3369,6135,4700,3777,3329,7.24597,-28.0108,8.63964,47.968
33827,3307,3629,4336,5123,3360,3721,5137,9207,3455,3678,4827,7291,3306,3448,3986,4351,-2.92857,33.2917,8.84573,48.108
33828,3288,3812,5222,8274,3438,3932,5317,9264,3243,3513,4245,4745,3250,3272,3520,3564,-13.7911,33.4236,8.77775,47.9327
33829,12319,6297,3994,3441,6191,4752,3815,3423,3960,3865,3473,3210,3394,3367,3138,3115,-27.3972,-26.2012,8.653,47.836
33830,4424,7083,9261,5409,3933,4647,5196,4392,3478,3864,3768,3592,3217,3407,3313,3242,-27.8581,3.28309,8.63101,48.1507
33831,3410,3301,3253,3072,3968,3659,3505,3237,6260,4619,3710,3296,12597,6219,3938,3425,26.0935,-30.8252,8.85851,47.646
33832,3312,4057,5977,10284,3290,3972,5077,7775,3184,3588,3964,4301,3079,3310,3511,3575,-18.8542,25.1178,8.69995,48.1707
33833,4841,4264,3637,3270,8042,5328,3765,3409,7554,5514,3764,3360,4661,4174,3615,3250,-0.358327,-22.0685,8.55675,48.2987
33834,4491,4410,3780,3339,5901,6711,4299,3512,5765,6525,4279,3672,4456,4388,3736,3376,-0.131948,-12.4762,8.56103,48.4267
33835,7321,5281,3787,3363,9118,5676,4025,3486,5195,4285,3654,3322,3754,3660,3301,3092,-11.5022,-22.8017,8.62305,48.2133
33836,3706,3568,3364,3078,5053,4225,3667,3310,9259,5389,3817,3350,8182,5143,3791,3315,12.8055,-26.1884,8.71638,48.1447
33837,3289,3396,3813,4022,3264,3738,4491,6186,3290,3801,5260,9748,3384,3570,4542,5969,6.50724,30.5116,8.70668,47.842
33838,3661,3647,3466,3175,4255,4597,3983,3578,5808,7900,4889,3698,5225,6286,4537,3664,11.2578,-9.28721,8.53515,48.246
33839,7669,5141,3924,3290,9666,5329,3801,3377,5159,4246,3550,3193,3739,3641,3365,3112,-11.5996,-26.482,8.87338,48.1347
33840,6045,7014,4637,3629,6139,7589,4609,3615,4184,4391,3758,3409,3531,3489,3271,3217,-14.356,-11.9832,8.70974,48.3513
33841,3351,3316,3323,3113,3782,3846,3590,3396,5085,5439,4131,3657,7661,9517,4961,3755,26.9649,-12.3596,8.66877,47.9487
33842,3205,3181,3482,3335,3178,3333,3827,3879,3404,3817,4779,5848,3489,4199,7324,11035,30.1908,20.2975,8.75929,47.5433
33843,3239,3500,3774,3556,3633,3927,4717,4269,3770,4972,8141,5474,3670,4499,6204,4994,10.7542,8.6383,8.6996,48.226
33844,3544,3617,3516,3291,4238,4804,3981,3441,5938,8200,4850,3886,5087,6019,4453,3613,10.2337,-9.45737,8.93988,48.3187
33845,10347,6120,4079,3327,7632,5248,3882,3451,4306,4014,3530,3201,3433,3456,3206,3125,-19.2396,-23.786,8.69039,48.238
33846,4812,8136,8204,4801,4257,5014,5018,4138,3575,3872,3896,3495,3199,3348,3264,3145,-25.1978,-0.00163224,8.78879,48.116
33847,3330,3608,3338,3228,3750,4284,4074,3599,4679,6861,5900,4140,4867,6798,5942,4235,15.0767,-2.89186,8.83778,48.422
33848,3548,4747,8370,7930,3569,4244,5912,5834,3395,3566,3966,3949,3144,3073,3383,3417,-21.062,14.1616,8.83094,48.0313
33849,3955,5021,6621,4900,3796,5543,7647,4924,3617,3926,4531,4022,3239,3328,3599,3463,-12.5556,5.51438,8.66227,48.088
33850,3540,3625,3262,3052,4865,4178,3472,3318,9261,5224,3885,3459,8192,5169,3881,3367,13.2403,-32.7494,8.60345,47.8333
33851,3235,3334,3251,3144,3545,3827,3748,3561,4217,5130,4929,4069,4904,8405,7942,4643,26.4017,-1.101,8.58705,47.9227
33852,3313,3516,3533,3435,3715,4091,4167,3622,4143,6136,6715,4681,4156,6090,6460,4710,14.6407,1.77636,8.55776,48.322
33853,3677,3429,3207,3116,4721,4108,3579,3272,8772,5590,3842,3299,8337,5548,3889,3398,14.1285,-23.4649,8.97055,47.856
33854,3147,3227,3378,3413,3236,3564,3855,3907,3409,3857,5269,6085,3499,4311,7627,10319,24.2224,18.9598,8.92387,48.0687
33855,8408,6491,4069,3474,7610,5907,3990,3414,4412,4089,3391,3365,3534,3586,3305,2982,-16.4066,-19.2197,8.60888,48.018
33856,3252,3626,4304,5037,3422,3851,5321,8023,3363,3848,5151,7524,3155,3535,4238,4748,-1.15527,22.6979,8.5806,48.2653
33857,4181,5874,6083,4497,4191,6386,6749,4492,3781,4172,4335,3745,3374,3514,3491,3341,-13.3122,0.757373,8.54687,48.1373
33858,3049,3366,3709,3781,3337,3621,4404,5351,3542,3899,6110,9040,3457,3915,5126,6603,10.2123,21.3913,8.75981,48.2067
33859,3793,4685,4975,4015,4064,6612,7220,4421,3839,4893,5008,4021,3536,3722,3834,3599,-6.34425,1.57669,8.9773,48.158
33860,3164,3315,3501,3324,3307,3487,3737,3878,3381,3801,4762,5742,3399,3943,5949,12517,31.5029,33.3829,8.69959,47.4713
33861,3412,3370,3276,3217,4015,3859,3640,3319,5442,5214,4074,3517,8717,8829,4592,3657,33.9324,-14.7903,8.51433,48.1
33862,3450,3372,3259,3205,3900,3738,3462,3250,5838,4829,3698,3368,12072,6438,3956,3351,33.0338,-24.2039,8.82069,47.4573
33863,3306,3406,3207,3139,3868,3822,3462,3273,6182,4828,3778,3338,12437,5965,4076,3444,26.4138,-33.03,8.82446,47.6873
33864,5649,5808,4236,3488,6820,7904,4550,3577,4518,4794,3889,3441,3785,3645,3332,3112,-10.4994,-13.1869,8.86189,48.3653
33865,7158,9953,5441,3884,4940,5279,4230,3734,3801,3745,3513,3307,3256,3434,3188,3140,-28.3786,-9.90058,8.93349,48.002
33866,3214,3736,4610,5867,3378,3889,5236,9725,3366,3603,4641,6425,3143,3459,3896,4082,-5.89403,27.6695,8.84078,48.18
33867,3179,3413,3348,3345,3448,3687,3827,3572,3903,4845,5610,4569,4171,6726,9241,5529,23.0128,4.58189,8.94248,48.2753
33868,3091,3454,3343,3495,3393,3782,4163,4147,3569,4432,6684,6211,3732,4699,7461,6898,16.9285,13.4072,8.57413,48.3693
33869,3591,3603,3278,3209,4917,4141,3543,3293,9250,5107,3775,3313,8323,5288,3817,3372,13.2412,-29.7797,8.56016,47.88
33870,3829,4180,3841,3471,4778,6228,4746,3833,4769,7241,5275,3866,4108,4494,4194,3772,1.82151,-5.80764,8.58816,48.4167
33871,3225,3300,3371,3337,3367,3577,3789,3736,3835,4424,5235,4683,3919,6133,9731,6207,30.8013,7.40573,8.58966,47.9127
33872,4220,4131,3394,3309,7226,4785,3681,3301,9188,5059,3766,3389,5323,4321,3683,3269,3.48402,-33.2924,8.62002,48.03
33873,3475,4375,7941,9522,3507,3995,5466,6212,3296,3510,3782,4020,3100,3230,3331,3531,-22.7192,17.6152,8.84994,48.1953
33874,8422,5305,3851,3393,9072,5293,3808,3343,4926,4048,3569,3241,3510,3650,3300,3084,-13.9315,-32.6729,8.5984,47.8767
33875,3091,3311,3378,3308,3492,3782,4134,3836,3931,5009,6699,4883,3997,5755,8355,5469,18.267,6.01514,8.97646,48.2867
33876,4078,4921,4985,4025,4326,6904,6993,4347,3865,4881,4766,3899,3453,3672,3746,3522,-7.07933,0.0671406,8.90108,48.2553
33877,3611,3517,3335,3158,4693,4105,3477,3303,8664,5400,3890,3322,9129,5501,3795,3358,15.6436,-28.6235,8.57537,48.172
33878,3358,3700,5341,9027,3433,3937,5137,9076,3240,3535,4014,4841,3108,3353,3490,3653,-14.73,31.0644,8.94369,48.162
33879,3406,3339,3343,3122,3913,3868,3505,3154,6664,4961,3777,3293,12074,6044,3850,3273,23.1559,-29.7732,8.7103,47.724
33880,3591,3815,4030,3614,3951,5653,5645,4007,4232,6463,6550,4348,3814,4426,4445,3814,2.69732,0.235267,8.905,48.2653
33881,3491,3958,5288,5398,3508,4274,7140,7464,3391,3918,5064,5161,3229,3404,3812,3916,-7.81518,15.5636,8.5163,48.2773
33882,3900,4734,5238,4112,4109,6189,7432,4782,3768,4662,4950,4104,3474,3593,3729,3607,-7.55185,3.03767,8.65384,48.2553
33883,3044,3164,3255,3289,3211,3452,3868,3998,3281,3804,4889,6106,3390,3959,6093,12533,27.5087,30.6547,8.92502,47.5573
33884,3100,3277,3386,3428,3291,3516,3977,4202,3326,3870,4927,7644,3372,3930,5839,10645,19.4036,33.2645,8.61513,47.82
33885,3086,3289,3285,3314,3273,3536,3796,4018,3413,3859,4871,6810,3360,3942,5863,11512,22.2352,31.949,8.61254,47.4847
33886,5235,9057,7625,4464,4436,5022,4841,4011,3569,3774,3702,3493,3244,3332,3282,3197,-26.9817,-2.47274,8.92019,48.1893
33887,3188,3374,3399,3188,3637,3898,3841,3417,4638,5710,4816,3889,5610,9012,6445,4098,22.776,-5.28917,8.80375,48.1067
33888,4921,4063,3642,3274,8621,5151,3755,3314,7760,4879,3803,3339,4667,4107,3547,3307,-1.0946,-32.624,8.83864,48.1
33889,3207,3937,4934,5781,3452,4120,6455,8426,3329,3693,4920,5584,3199,3422,3792,4011,-7.33949,19.0068,8.58097,48.1747
33890,4063,4077,3720,3331,5024,6296,4351,3506,5672,7344,4692,3647,4434,4794,4054,3506,3.07157,-10.0722,8.58468,48.3407
33891,3248,3265,3387,3258,3634,3688,3731,3461,4483,5125,4792,4085,5364,9417,7140,4201,32.1889,-3.57464,8.8435,48.186
33892,3529,3369,3213,3143,4497,3852,3508,3156,8304,5108,3825,3478,9751,5473,3865,3449,17.2048,-30.0029,8.61484,47.68
33893,3815,3758,3283,3195,5564,4389,3673,3330,9849,5218,3829,3401,6669,4892,3726,3289,8.61193,-33.3732,8.81849,47.92
33894,5088,4205,3739,3243,8306,5252,3614,3389,7589,5128,3888,3467,4641,4125,3551,3222,-1.21948,-24.5804,8.527,48.298
33895,3406,3922,6416,11827,3376,3775,4814,6394,3169,3472,3919,3960,3137,3157,3386,3412,-25.7538,25.6099,8.54812,47.6947
33896,9349,5413,3890,3404,8652,5112,3842,3421,4605,4063,3493,3273,3616,3534,3292,3138,-15.8228,-31.1617,8.86862,48.0647
33897,3072,3234,3383,3363,3305,3449,3953,3899,3457,4009,5050,5826,3400,4320,8121,10425,26.084,18.5845,8.89274,48.1773
33898,6070,4637,3680,3250,9713,5318,3799,3307,6382,4587,3595,3298,4019,3917,3388,3177,-6.54422,-26.3752,8.67485,48.0913
33899,3247,3480,3211,3220,3755,3933,3703,3563,4430,5831,5509,4133,4825,8018,7174,4757,20.4875,-1.19017,8.81498,48.526
33900,4902,7143,5819,4087,4689,6996,5735,3958,3787,4176,3907,3616,3453,3497,3371,3313,-15.9541,-3.94988,8.76811,48.2993
33901,3593,4666,8878,8970,3557,4108,5038,5414,3277,3515,3838,3868,3105,3264,3415,3375,-29.7833,15.2131,8.97646,47.9207
33902,3296,3472,3306,3407,3709,3988,4079,3682,4185,5948,6357,4368,4412,6304,6827,4667,16.3646,1.13455,8.51486,48.0047
33903,3405,3498,3513,3249,3644,4179,3997,3703,4335,6440,6462,4321,4564,6169,6142,4443,14.3079,-0.0426746,8.9249,48.0427
33904,4276,4781,4406,3710,4804,7459,5974,3922,4219,5450,4691,3831,3644,3922,3712,3435,-5.15914,-3.89059,8.68146,48.1573
33905,3405,3352,3162,3215,4319,3836,3569,3272,7763,5113,3868,3418,10314,5650,3917,3341,18.6038,-30.4513,8.58713,47.676
33906,3262,3361,3360,3369,3422,3697,3892,3621,3642,4511,5316,4587,3972,6211,9686,6033,32.3526,6.42813,8.54297,47.9613
33907,4640,7600,8694,5137,4053,4997,5150,4191,3478,3643,3788,3502,3347,3289,3331,3372,-25.9133,1.59838,8.87303,48.1413
33908,3843,3675,3331,3061,5287,4478,3658,3313,8808,6310,4000,3330,6616,5317,3890,3357,10.0208,-20.3427,8.68712,48.1827
33909,3474,3500,3263,3182,4287,3865,3542,3219,8382,5086,3817,3393,10081,5811,3760,3294,17.6869,-27.4293,8.96884,47.9707
33910,4472,5715,5421,4200,4520,7064,6375,4319,3876,4435,4294,3737,3388,3658,3520,3460,-11.4932,-1.23811,8.56461,48.3027
33911,3156,3369,3612,3755,3246,3617,4311,4864,3426,4092,6124,8547,3484,3987,5509,7096,11.9751,20.1224,8.81988,48.13
33912,3918,4553,4141,3645,4661,7049,5523,4117,4322,5906,5104,3807,3792,4047,3871,3452,-2.4733,-3.62328,8.81695,47.9387
33913,9635,7910,4471,3555,5829,5342,4017,3545,3989,3836,3472,3263,3402,3301,3249,3098,-25.4971,-17.3153,8.53517,47.9427
33914,7274,4906,3865,3320,9890,5283,3804,3328,5298,4194,3615,3198,3825,3670,3329,3071,-10.4537,-30.9242,8.7734,47.9133
33915,3147,3478,3954,4183,3387,3621,4711,6806,3387,3881,5174,9394,3307,3557,4479,5740,4.3851,29.0446,8.65384,48.1373
33916,3469,3373,3246,3134,3923,3857,3551,3257,5666,5066,3938,3511,10652,7546,4107,3403,31.4186,-19.3628,8.57783,47.7993
33917,3348,3904,6158,12553,3518,3774,4789,5826,3261,3439,3893,3824,3211,3258,3262,3302,-31.55,33.0987,8.73466,47.5467
33918,3149,3299,3489,3554,3216,3427,3997,4490,3396,3800,5090,8589,3317,3869,5452,9409,16.5273,30.2314,8.88053,47.6953
33919,5018,4303,3586,3316,8707,5151,3737,3388,7637,4875,3700,3445,4386,4054,3559,3210,-1.54691,-32.4589,8.80491,48.048
33920,3214,3302,3522,3549,3257,3569,4078,4713,3395,3871,5058,8973,3378,3882,5376,8857,15.007,32.3396,8.95281,47.996
33921,4805,5428,4231,3527,5837,8068,4817,3708,4597,5385,4108,3602,3668,3736,3523,3369,-7.18929,-9.67685,8.53385,48.2727
33922,5538,4941,3852,3399,8012,6793,4152,3411,5557,4837,3891,3443,3944,3871,3345,3192,-6.74917,-17.8036,8.85517,48.1187
33923,3451,3962,5306,6061,3497,4071,6514,8434,3239,3822,4648,5158,3160,3384,3676,3931,-9.40891,18.7542,8.55607,48.2093
33924,3348,3421,3352,3073,3910,3921,3523,3279,5476,5418,4097,3463,9028,8651,4638,3511,25.8008,-15.3882,8.5642,48.0727
33925,3838,5168,9057,7244,3587,4301,5686,5211,3337,3600,4050,3852,3130,3376,3311,3348,-23.5591,11.2438,8.65747,48.064
33926,3122,3292,3270,3329,3287,3448,3798,3963,3592,3923,5013,5553,3524,4369,8263,9890,29.7116,17.5104,8.56538,47.7573
33927,4641,7855,8694,4921,4072,4894,5194,4200,3545,3738,3761,3708,3319,3323,3304,3204,-28.4336,1.21837,8.7384,48.2487
33928,3350,3886,5205,8372,3434,3886,5201,9196,3267,3606,4040,4934,3116,3325,3541,3747,-13.692,29.5619,8.84388,48.0707
33929,5229,7723,5619,4030,4847,6656,5196,3914,3896,4145,3913,3539,3428,3494,3387,3264,-17.0553,-5.82552,8.8776,48.1867
33930,3778,5055,8830,6651,3575,4420,6255,5410,3329,3676,3992,3959,3208,3408,3357,3370,-20.0613,11.0077,8.88043,48.182
33931,4005,4994,5491,4321,4101,6267,7569,4689,3780,4316,4726,3971,3394,3625,3705,3556,-9.67337,3.08268,8.76903,48.34
33932,3363,3618,3894,3928,3491,3951,5508,4962,3584,4602,7933,6364,3464,4058,5071,4703,5.60815,12.0585,8.91422,48.3293
33933,12400,6327,3846,3503,6123,4797,3843,3422,3836,3871,3482,3217,3311,3265,3302,3130,-26.9212,-26.7858,8.69982,47.7833
33934,3435,4078,6434,9911,3370,3984,5320,7206,3130,3447,4022,4278,3140,3261,3440,3530,-19.0329,21.4988,8.54924,47.9907
33935,6469,5248,3874,3432,8661,6306,3991,3378,5224,4553,3615,3282,3782,3669,3402,3172,-9.71843,-20.2316,8.61883,48.0387
33936,3615,3575,3302,3214,4338,4434,3648,3428,6184,7358,4619,3716,6099,6877,4533,3561,14.0077,-11.9174,8.63199,48.334
33937,3333,3614,3510,3373,3824,4288,4447,3792,4521,6706,6589,4340,4367,5766,5605,4328,11.5317,-0.5578,8.61407,48.2687
33938,3196,3372,3758,3922,3328,3510,4434,5982,3334,3762,5614,9511,3210,3748,4775,6354,7.83656,24.3938,8.74747,47.8733
33939,3961,3724,3531,3236,5302,5051,3905,3358,7662,6958,4156,3505,5489,5108,3959,3334,6.80796,-16.2649,8.63302,48.1593
33940,3249,3390,3540,3522,3514,3915,4437,4062,3752,5129,7854,5308,3793,4814,6542,5359,12.9348,7.95234,8.85515,48.12
33941,3523,4392,7158,7400,3609,4193,6454,6581,3421,3651,3993,4298,3089,3180,3602,3477,-17.0482,15.4955,8.55351,48.014
33942,4805,4076,3567,3223,8368,4955,3676,3292,8431,4963,3783,3366,4707,4195,3597,3235,0.093432,-27.5773,8.99625,48.1593
33943,3161,3243,3406,3342,3243,3509,3739,4013,3311,3773,4857,6018,3411,3852,6398,12634,30.338,26.2744,8.90426,47.94
33944,3078,3286,3533,3406,3209,3554,3771,3858,3461,4143,4988,5307,3533,4698,8924,9035,30.364,14.8159,8.96098,47.856
33945,5132,4423,3724,3210,8763,5635,3966,3261,6982,5116,3755,3252,4376,4030,3500,3243,-3.12662,-22.3538,8.5357,48.2453
33946,5331,5209,3870,3445,7479,7173,4220,3502,5413,4998,3923,3480,3890,3752,3570,3190,-6.84715,-15.9959,8.99812,48.2967
33947,3649,3562,3280,3030,4317,3953,3463,3168,7686,5105,3754,3509,10169,6019,3942,3496,19.0294,-25.3541,8.52094,48.068
33948,3373,3983,6607,11952,3355,3836,4868,6301,3212,3465,3778,3836,3033,3227,3436,3284,-27.0779,25.1395,8.56565,47.6973
33949,5735,4527,3693,3262,9615,5308,3829,3267,6612,4555,3663,3315,4253,3959,3391,3202,-4.84673,-26.6847,8.73652,48.124
33950,5695,9543,6607,4221,4540,5498,4649,3863,3711,3799,3680,3415,3204,3247,3319,3125,-24.9026,-4.80289,8.96807,48.0773
33951,3363,3366,3456,3197,3676,3800,3752,3518,4435,5067,4677,4037,5146,9161,7371,4320,33.0777,-2.82674,8.82989,48.228
33952,5062,5259,4063,3455,6663,7833,4583,3599,4834,5085,3889,3471,3843,3807,3543,3250,-7.17843,-12.5581,8.94376,48.1593
33953,5942,8190,5171,3907,5253,6804,4789,3764,3956,4165,3789,3441,3339,3386,3288,3141,-17.9075,-8.33879,8.8667,48.2167
33954,4613,4635,3831,3467,6479,7560,4320,3642,5459,5754,4137,3512,4216,4045,3681,3351,-3.57198,-12.924,8.95328,48.468
33955,3772,3830,3346,3221,5688,4202,3628,3246,9969,5446,3794,3388,6953,4884,3754,3382,9.42465,-25.841,8.87596,48.3353
33956,3402,3813,5279,8249,3432,3661,5288,9312,3263,3531,4081,4943,3179,3349,3484,3627,-13.462,27.5322,8.86145,47.9287
33957,3364,3666,4353,4919,3397,4004,6313,7221,3374,3919,5617,6732,3302,3600,4223,4347,-1.5378,17.5839,8.72463,48.234
33958,3326,3385,3296,3203,4017,3714,3570,3270,5719,4942,3975,3352,10749,7614,4325,3516,29.2398,-19.7136,8.73609,47.982
33959,5948,4548,3659,3302,9649,5390,3843,3261,6436,4521,3631,3349,4086,3733,3470,3171,-6.38668,-26.535,8.65362,47.998
33960,3174,3311,3521,3536,3297,3439,3941,4286,3380,3919,5057,7770,3493,4050,5740,10063,18.3061,33.6179,8.5132,47.9847
33961,3132,3352,3565,3825,3209,3727,4401,5034,3497,4010,6225,8848,3289,4012,5496,6970,11.7029,20.6558,8.97227,48.3947
33962,3421,4463,8573,9061,3571,4144,5227,5620,3329,3435,3837,3774,3172,3320,3468,3358,-33.6387,15.8468,8.53172,47.8487
33963,3376,4095,6471,10680,3256,3839,5185,7024,3242,3514,3870,4162,3073,3212,3387,3438,-21.0584,22.5371,8.81061,47.8827
33964,3154,3528,3839,4180,3182,3541,4658,6426,3311,3685,5662,9211,3297,3658,4548,5819,5.43578,23.7178,8.76145,47.7993
33965,4839,4886,3843,3530,6567,7404,4452,3544,5130,5797,4106,3474,3956,3996,3560,3297,-4.64162,-12.7607,8.9237,48.254
33966,4100,6527,9657,5810,3897,4691,5204,4593,3424,3694,3694,3562,3142,3296,3448,3309,-28.9302,5.28257,8.77523,48.032
33967,7389,8900,4962,3692,5468,6126,4372,3563,3901,3908,3624,3351,3391,3372,3318,3092,-20.8801,-12.0248,8.94989,48.286
33968,3495,4108,7238,11662,3280,3799,4943,5873,3192,3448,3847,3947,3107,3276,3451,3363,-32.075,21.645,8.8468,48.0193
33969,3461,3355,3228,3211,3840,3774,3495,3254,5964,4658,3653,3343,12671,6053,4047,3397,29.4335,-33.291,8.83251,47.6027
33970,8622,5473,3872,3301,8744,5446,3964,3485,4848,4084,3512,3288,3639,3597,3393,3184,-14.3661,-24.643,8.55131,48.3013
33971,3402,3479,3236,3172,4120,3946,3556,3333,6786,5603,3947,3443,9204,7215,4176,3487,20.0137,-18.6189,8.6156,48.07
33972,3713,4693,8405,7466,3530,4332,6276,5761,3319,3702,3925,4037,3059,3344,3460,3429,-19.9801,13.4053,8.59937,48.3007
33973,3222,3660,4834,6212,3431,3891,5549,9898,3275,3725,4381,5989,3108,3417,3693,3989,-7.70362,24.876,8.87533,48.1827
33974,3759,3594,3330,3183,5624,4483,3498,3254,9703,5143,3869,3403,6847,4847,3678,3247,9.24976,-29.3888,8.60224,47.6413
33975,3658,3653,3435,3192,4997,4712,3776,3299,7787,6989,4108,3611,5981,5397,3979,3407,9.2581,-16.6238,8.84954,47.9873
33976,3128,3407,3722,3813,3245,3713,4537,5363,3433,3936,5853,9063,3382,3901,5200,6641,9.89361,21.8675,8.67976,48.2247
33977,3175,3249,3397,3494,3271,3498,3963,3979,3419,3790,4824,5984,3334,3987,6719,11937,32.905,23.6028,8.51792,48.0133
33978,3337,3733,4982,7941,3369,3797,5072,9524,3373,3519,4194,5016,3127,3275,3523,3793,-12.3397,29.7955,8.82821,47.7167
33979,4108,4228,3696,3261,5634,6048,4060,3512,6542,7147,4353,3561,4560,4640,3798,3393,2.607,-13.5363,8.89216,48.3607
33980,3566,3487,3196,3131,4334,3940,3586,3183,8075,5028,3860,3324,10294,5573,3858,3401,17.9423,-32.8111,8.93788,47.8907
33981,4911,4178,3553,3189,8661,5034,3743,3286,7748,4829,3772,3215,4661,4099,3516,3247,-1.08716,-28.3833,8.75709,47.7613
33982,3217,3464,3987,4320,3254,3820,5302,6634,3418,3982,6057,8044,3301,3690,4569,5064,3.19146,19.4437,8.68023,48.082
33983,3403,3681,5077,7708,3431,3806,5337,9686,3342,3521,4182,5251,3087,3262,3518,3729,-11.8379,27.5842,8.77059,48.014
33984,3514,3396,3273,3069,4451,4074,3510,3339,8175,5132,3875,3388,9771,6003,4009,3345,17.4552,-24.6852,8.74373,48.216
33985,3117,3323,3312,3339,3196,3504,3755,3968,3364,3846,4923,6098,3467,4116,7118,11441,26.6825,21.6282,8.70742,47.9247
33986,9844,6739,4235,3480,7072,5457,3923,3393,4125,3905,3395,3290,3402,3547,3216,3147,-20.0781,-20.6624,8.67964,48.1133
33987,3459,3412,3214,3058,4088,3926,3460,3205,6991,5095,3889,3427,10828,6444,3974,3359,21.2148,-23.603,8.91486,47.886
33988,3672,4894,9255,8525,3521,4041,5210,5099,3354,3525,3782,3838,3120,3311,3309,3295,-29.0496,13.7128,8.78406,47.834
33989,10971,5799,3826,3420,7763,4958,3683,3463,4223,3952,3470,3251,3293,3480,3325,3072,-19.2594,-28.6934,8.92481,47.966
33990,3089,3283,3383,3392,3273,3398,3826,3977,3431,4042,5203,5669,3576,4518,8239,9940,26.4659,17.2798,8.67828,48.1593
33991,3615,4349,5592,5066,3637,4838,8141,6016,3507,3888,5090,4457,3317,3489,3746,3708,-9.16941,10.3456,8.62636,48.304
33992,3201,3262,3438,3411,3218,3423,3936,4199,3316,3781,5001,7792,3415,3853,5696,10876,19.1826,29.0833,8.96083,47.8787
33993,3318,3581,3519,3200,4074,4260,3806,3445,5395,7174,4729,3690,5752,7243,4926,3773,15.2429,-8.9221,8.5221,47.9233
33994,3417,3938,6022,12894,3388,3807,4805,6119,3199,3354,3757,3873,3160,3162,3427,3276,-29.3748,29.3328,8.76411,47.732
33995,3647,4424,6254,5601,3720,4630,7921,6055,3516,3865,4709,4338,3111,3469,3596,3588,-11.4807,10.598,8.70277,48.296
33996,10160,5843,3969,3342,7946,5270,3883,3395,4395,3919,3507,3252,3514,3453,3283,3114,-18.1743,-24.7283,8.78261,48.1633
33997,3088,3177,3396,3412,3215,3552,3986,4117,3501,3991,5597,6004,3526,4371,8059,9010,22.2717,16.7389,8.71525,48.0013
33998,4124,6299,9218,5816,3980,4647,5518,4618,3359,3729,3886,3687,3222,3276,3342,3313,-23.7682,5.7457,8.66529,48.0227
33999,3378,3388,3343,3076,3987,3922,3684,3378,5397,6270,4491,3715,6765,8882,5129,3751,20.3074,-10.666,8.96454,48.3707
34000,11737,6746,3948,3329,6365,4942,3736,3394,4084,3785,3592,3180,3366,3474,3202,3029,-25,-23.9884,8.67261,47.9393
34001,4170,6580,9467,5707,3907,4527,5105,4554,3500,3705,3714,3674,3164,3218,3491,3294,-30.3141,5.17902,8.6238,47.8513
34002,3537,3387,3265,3092,4374,3917,3480,3153,7667,5293,3951,3417,9915,5978,3938,3378,18.2521,-23.7729,8.87694,47.828
34003,3354,3610,4396,5352,3429,3702,5111,9330,3300,3728,4609,7023,3171,3443,4069,4291,-3.6849,29.3022,8.68473,47.9453
34004,4324,5114,4518,3781,4799,7884,5974,3875,4144,5086,4428,3663,3600,3776,3656,3403,-7.18841,-4.41773,8.77373,48.0167
34005,3325,3806,5871,11883,3337,3792,4808,7182,3218,3400,3791,4108,3087,3175,3360,3372,-21.8602,28.6697,8.8361,47.6767
34006,4209,5015,4428,3696,4913,7853,5669,3931,4292,5557,4506,3692,3630,3880,3708,3443,-5.56161,-5.03187,8.92214,48.2813
34007,4011,4946,5348,4266,4227,6418,7325,4496,3709,4544,4932,4078,3455,3705,3845,3497,-8.70705,2.3214,8.53423,48.5347
34008,3475,3828,3668,3470,4080,5073,4662,3764,4726,7698,6248,4096,4261,5174,4805,3894,7.38536,-2.72122,8.71428,48.6147
34009,3065,3362,3566,3552,3241,3605,4153,4563,3539,4137,6033,7717,3474,4130,6165,8018,15.4939,19.2069,8.52814,48.2133
34010,4208,4584,4110,3597,5418,7537,4749,3623,5030,6371,4459,3570,4063,4187,3797,3327,-1.97079,-9.15788,8.87212,48.42
34011,3531,3726,3798,3545,3961,4987,4926,3741,4353,6979,6894,4269,4007,4824,4773,3878,6.53872,-0.206902,8.94649,48.128
34012,12538,5974,4031,3417,6088,4721,3683,3346,3946,3801,3384,3196,3407,3433,3259,3176,-29.5161,-29.6613,8.54265,47.6
34013,3863,3922,3498,3228,4738,5458,4070,3471,6180,8083,4589,3520,4766,5172,4068,3486,6.42752,-10.9698,8.88123,48.0747
34014,3804,3932,3741,3464,4264,5440,4733,3735,4720,7758,5934,3943,4130,4831,4408,3706,5.14028,-3.98137,8.91413,48.362
34015,11996,6887,4105,3444,5908,4941,3724,3314,3927,3811,3485,3166,3436,3420,3203,3018,-31.8916,-23.051,8.80212,47.8567
34016,9894,8333,4450,3567,5487,5082,3909,3477,3923,3920,3443,3324,3493,3337,3251,3127,-31.7648,-16.8939,8.89805,48.0113
34017,3192,3386,3457,3336,3498,3689,3767,3643,3783,4668,5216,4393,4024,6691,9599,5409,33.5876,4.67653,8.93023,47.834
34018,10163,5642,3988,3398,8200,5063,3847,3495,4284,3884,3449,3228,3491,3436,3305,3225,-17.8258,-33.3107,8.9437,48.0653
34019,7565,5086,3824,3353,9498,5204,3823,3411,5114,4315,3541,3326,3633,3585,3325,3091,-11.4969,-33.6036,8.58438,47.796
34020,3219,3594,4269,4473,3355,3972,5596,6900,3383,3870,5870,7680,3290,3678,4365,4754,1.40239,19.2711,8.80119,48.1787
34021,6266,9936,5973,3948,4793,5244,4477,3838,3707,3782,3624,3333,3337,3422,3310,3160,-31.1068,-7.64405,8.7084,48.1
34022,3418,3743,4517,4648,3463,4204,6717,6587,3536,4104,5980,6205,3284,3703,4159,4282,-1.5631,15.1191,8.83875,48.3667
34023,6069,9689,6181,4099,4776,5384,4474,3797,3735,3845,3539,3264,3325,3363,3283,3207,-26.7917,-6.82813,8.61949,48.02
34024,5403,8340,6101,4021,4805,6364,4934,3927,3751,4042,3846,3535,3347,3411,3320,3116,-19.684,-5.16372,8.75704,48.1753
34025,3122,3314,3443,3542,3294,3608,3962,4652,3395,3857,5311,8797,3284,3859,5511,9138,15.5226,26.0373,8.56594,48.0593
34026,5388,8990,6923,4379,4487,5529,4848,3981,3625,3874,3740,3574,3284,3378,3306,3167,-23.1986,-3.61842,8.82855,48.3153
34027,3345,4023,6907,11485,3412,3812,5012,6038,3310,3415,3935,4017,3159,3268,3319,3427,-33.6588,22.4045,8.52881,47.9227
34028,3584,4218,5725,5557,3621,4408,7625,6716,3496,3884,4872,4734,3215,3364,3636,3698,-9.85335,13.1975,8.56228,48.2353
34029,3984,6235,10080,5966,3752,4482,5058,4720,3297,3693,3715,3643,3170,3330,3367,3354,-30.429,6.72991,8.98325,47.8973
34030,3068,3282,3335,3423,3307,3506,3965,4354,3390,3908,5581,7638,3421,3929,6296,9673,18.2209,22.5795,8.5164,48.0507
34031,3147,3315,3395,3407,3395,3692,4080,3871,3750,4530,6503,5188,3830,5228,8539,6401,19.4983,9.55246,8.69461,48.1807
34032,3443,3837,5483,7239,3404,3949,5910,8926,3197,3626,4260,4936,3084,3420,3697,3701,-11.9623,21.8197,8.79209,48.0747
34033,3640,4193,4384,3819,3939,5677,6663,4427,3938,5378,6217,4315,3570,4012,4270,3800,-0.904726,2.48715,8.58905,48.1613
34034,3439,3962,5993,12716,3423,3789,4479,6024,3239,3479,3712,3949,3151,3182,3337,3444,-28.9849,29.315,8.86189,47.5453
34035,7990,5638,3862,3416,8722,5912,3939,3336,4732,4217,3565,3299,3663,3587,3375,3139,-13.6413,-22.2401,8.76537,48.2613
34036,5663,4564,3703,3306,9663,5326,3743,3304,6392,4491,3703,3189,4080,3878,3445,3301,-5.6379,-33.8259,8.85257,47.834
34037,5591,9279,6760,4211,4548,5400,4722,3987,3522,3766,3728,3409,3262,3476,3259,3239,-25.2687,-4.50781,8.76675,48.106
34038,3258,3464,3216,3250,3659,3853,3774,3577,4284,5553,5235,4114,4973,8117,7499,4515,21.6593,-0.897496,8.99082,48.2273
34039,3756,3746,3328,3272,5021,4663,3640,3296,7886,6947,4142,3469,6114,5498,3997,3475,10.1312,-16.8503,8.82279,48.1667
34040,5447,9399,7187,4274,4298,5183,4832,3927,3621,3740,3729,3458,3307,3356,3262,3200,-28.1225,-3.33145,8.91943,48.1467
34041,3215,3374,3347,3225,3559,3830,3852,3665,4025,5387,5626,4360,4535,7297,8045,4880,21.0331,1.36661,8.93264,48.148
34042,12689,6101,3870,3422,6377,4765,3836,3297,4025,3752,3470,3295,3278,3351,3147,3066,-25.9433,-28.3172,8.97066,47.8273
34043,12590,5965,3901,3370,6281,4837,3822,3350,4050,3746,3427,3248,3323,3287,3217,3182,-26.4954,-30.117,8.90785,47.7307
34044,3601,4023,5064,4677,3731,4846,7989,5817,3553,4208,5371,4673,3417,3587,3874,3971,-6.23858,9.73818,8.51455,48.268
34045,3387,3971,5841,12672,3410,3857,4715,5976,3170,3530,3682,3804,3021,3258,3331,3369,-28.5703,31.558,8.97378,47.3293
34046,5397,4866,3864,3266,8305,6447,4092,3389,5875,4969,3689,3303,4134,3951,3481,3257,-5.82625,-18.7151,8.93724,48.19
34047,3401,3508,3305,3194,3706,4062,3872,3512,4684,6280,5248,4103,5209,7866,6238,4233,18.4702,-3.85189,8.59466,48.2807
34048,3331,3603,4017,4246,3450,3942,5682,5834,3448,4125,6899,7057,3340,3836,4605,4866,3.34841,15.4188,8.71322,48.1873
34049,3606,4600,8819,9294,3445,3991,5282,5400,3391,3578,3795,3970,3097,3231,3399,3362,-30.7345,15.7143,8.62199,48.1733
34050,3772,4537,5622,4905,3825,5188,8011,5409,3597,4027,5097,4301,3181,3585,3704,3700,-8.63426,7.70558,8.50412,48.3073
34051,6941,5061,3852,3242,9453,5682,3841,3453,5308,4306,3629,3339,3884,3770,3354,3085,-10.1517,-24.0404,8.56918,48.1333
34052,4337,4716,3883,3524,5185,7572,4812,3777,4863,6201,4448,3635,3827,4141,3717,3408,-3.06003,-8.33816,8.58869,48.0307
34053,3426,3392,3402,3198,3990,4147,3818,3476,5394,6817,4697,3815,5864,7974,5027,3799,17.0925,-8.98317,8.73611,48.1573
34054,3589,3828,3436,3174,4670,4530,3743,3327,7337,7038,4328,3280,6323,5997,4093,3379,11.8768,-15.7998,8.69689,48.048
34055,4485,5160,4278,3737,5314,8050,5285,3707,4299,5432,4356,3568,3670,3925,3598,3337,-7.07522,-7.06924,8.73388,48.134
34056,11853,5917,3965,3480,6929,4837,3774,3279,4043,3794,3401,3328,3358,3362,3224,3123,-22.203,-33.6482,8.97061,47.778
34057,4057,6383,9938,5823,3738,4588,5102,4603,3390,3580,3883,3758,3267,3301,3408,3260,-32.9388,5.98349,8.9079,48.0527
34058,3425,3647,4319,5303,3339,3896,5121,9135,3265,3762,4824,7317,3034,3495,3972,4301,-3.23114,27.3309,8.69316,48.1033
34059,3251,4040,6662,12035,3425,3775,4859,6270,3258,3470,3823,3833,3162,3328,3357,3415,-27.0485,24.7306,8.68433,47.9753
34060,4488,4050,3462,3295,7364,5088,3805,3325,8475,5569,3765,3434,4871,4291,3619,3359,1.87149,-22.8286,8.60696,48.1733
34061,3155,3278,3323,3332,3265,3527,3618,3911,3388,3623,4679,6034,3359,3904,6080,12939,30.7141,30.244,8.98401,47.61
34062,11078,5942,3959,3425,7491,4950,3729,3289,4226,3919,3506,3211,3529,3385,3051,3017,-20.0149,-27.2016,8.78774,47.8047
34063,4176,5077,5295,4196,4345,6858,6983,4556,3787,4590,4597,3815,3537,3651,3675,3462,-9.08062,0.768498,8.56369,48.4
34064,4034,5134,6291,4739,3962,5655,7629,5017,3714,4027,4391,3990,3276,3451,3569,3585,-12.4067,5.19984,8.54762,48.3093
34065,3342,3423,3449,3210,3540,4024,3958,3538,4371,5808,5607,4255,4696,7551,7241,4714,19.3694,-0.36363,8.63457,48.4847
34066,6029,4635,3695,3292,9503,5537,3763,3366,6321,4588,3615,3175,4059,3875,3426,3227,-6.26995,-24.8127,8.96094,48.0707
34067,3853,4984,7634,5626,3774,4793,7270,5446,3453,3798,4171,3909,3216,3378,3536,3412,-16.0362,8.70595,8.61936,48.1687
34068,3436,3413,3479,3381,3591,3993,4305,3883,4111,5814,6997,4587,4136,5623,6572,4716,13.9941,2.79203,8.58663,48.0247
34069,3374,3770,5586,10133,3265,3896,5106,8263,3296,3462,3970,4346,3037,3297,3393,3486,-17.7785,30.0996,8.8426,47.7867
34070,3545,3590,3559,3345,4026,4787,4218,3585,4906,7749,5684,3991,4462,5896,4987,3830,9.93681,-4.88093,8.50655,48.1067
34071,2964,3184,3504,3712,3321,3552,4232,4859,3416,3831,5518,9027,3439,3884,5407,8143,13.572,24.7198,8.66953,47.9953
34072,5703,7054,4678,3664,5683,7416,4751,3681,4124,4418,3888,3421,3574,3504,3387,3110,-14.3305,-10.0771,8.62584,48.0373
34073,3223,3383,3324,3383,3227,3489,3826,3841,3541,3927,5159,5596,3463,4417,8464,9428,33.617,16.4564,8.8714,47.794
34074,3298,3643,4505,5605,3421,3763,5161,9411,3290,3776,4561,6765,3312,3437,3852,4191,-4.66983,31.9929,8.52817,47.994
34075,3317,3873,6423,11406,3427,3819,5067,6774,3187,3430,3836,4097,3121,3231,3367,3375,-22.7825,24.1836,8.77408,47.8333
34076,4202,3906,3438,3194,6421,4694,3608,3338,9762,5167,3810,3305,5712,4570,3510,3249,5.20417,-33.0366,8.98859,47.924
34077,4468,4077,3435,3291,7768,4839,3832,3232,8669,5244,3698,3391,4974,4305,3610,3233,1.6822,-27.0369,8.64101,48.044
34078,3108,3320,3558,3678,3176,3589,4294,4640,3539,3992,5828,8838,3432,3959,5619,7795,13.2831,21.4151,8.90465,48.2433
34079,3466,3829,6085,12706,3411,3658,4750,6023,3068,3334,3841,3979,3151,3330,3439,3386,-29.9158,29.546,8.7078,47.6373
34080,3701,5307,9721,7236,3718,4293,5173,5149,3423,3638,3964,3758,3287,3271,3418,3340,-32.9404,10.7708,8.83824,48.2647
34081,4715,8157,8383,4867,4203,4826,4973,4261,3536,3754,3669,3522,3185,3424,3380,3319,-31.1884,0.0991624,8.84707,48.116
34082,3556,4181,5340,4543,3742,4736,8115,5711,3541,4099,5704,4680,3316,3737,3914,3662,-5.79585,9.43754,8.91594,48.3847
34083,7826,5321,3778,3328,9394,5538,3873,3397,5072,4264,3572,3329,3702,3605,3328,3077,-12.2867,-25.4903,8.85156,48.2693
34084,3483,4172,6454,10754,3356,3862,5106,6920,3211,3467,3895,4188,3136,3258,3391,3455,-21.52,23.113,8.58396,48.072
34085,5373,4507,3613,3305,9326,5105,3868,3281,6922,4595,3786,3365,4122,3860,3375,3137,-4.20582,-33.8255,8.66459,47.6933
34086,3323,3649,4166,4557,3419,3751,5429,7107,3372,3851,5852,7815,3262,3642,4366,4733,1.16628,20.1838,8.64175,48.196
34087,3365,3505,3471,3395,3852,4346,3928,3550,4651,6785,5708,4031,4813,6943,5905,4203,15.2935,-3.37773,8.62079,48.3007
34088,5310,4277,3652,3303,9043,5148,3778,3292,7274,4755,3686,3298,4318,4071,3497,3220,-2.92027,-27.9082,8.66758,47.948
34089,3173,3352,3381,3336,3304,3574,3806,3794,3689,4219,5135,5231,3666,5008,9452,7924,30.6512,12.23,8.71471,48.0293
34090,3340,3968,6039,11909,3314,3806,4832,6827,3252,3446,3819,3975,3095,3268,3326,3412,-23.1288,28.1104,8.72751,47.752
34091,6884,4892,3764,3465,9726,5257,3977,3530,5453,4277,3618,3279,3804,3683,3384,3103,-9.64168,-32.6953,8.53531,48.064
34092,3333,3350,3295,3013,3942,3832,3570,3367,5346,5335,4065,3616,8901,8948,4725,3531,25.8253,-14.7773,8.96724,48.1127
34093,3187,3358,3672,3904,3284,3666,4505,5764,3364,3900,5290,9854,3255,3683,4886,6455,8.72698,32.3611,8.86529,48.018
34094,4089,5056,4816,3989,4507,7136,6398,4360,4064,4999,4714,3840,3610,3771,3595,3553,-6.98822,-1.52779,8.65466,48.3313
34095,3456,3919,4951,4854,3580,4428,7717,6430,3488,4074,5564,5041,3307,3565,3918,3981,-5.22344,12.5658,8.67255,48.182
34096,3102,3293,3694,3788,3307,3665,4427,5004,3453,3904,5879,8895,3392,3865,5439,7301,11.8202,21.7717,8.86119,48.272
34097,3352,3789,5982,12502,3318,3692,4660,5904,3370,3355,3727,3956,3075,3390,3416,3491,-31.6988,30.2909,8.65257,47.3193
34098,3296,3570,3724,3602,3456,4220,4746,4158,3877,5426,7831,5076,3784,4608,6012,4744,10.2049,6.2846,8.64513,48.0867
34099,4335,5316,4871,4007,4613,7726,6199,4070,4050,5006,4447,3783,3517,3744,3573,3467,-8.25106,-3.00961,8.89948,48.4827
34100,3190,3244,3393,3228,3440,3622,3803,3681,3799,4683,5054,4537,4153,6665,9664,5622,31.2395,4.82849,8.67882,47.852
34101,3431,3588,3857,3699,3635,4302,5165,4389,3848,5393,8102,5049,3711,4433,5345,4450,7.17597,6.52923,8.81135,48.2647
34102,3856,5954,9842,6351,3854,4378,5342,4731,3350,3636,3855,3764,3190,3346,3416,3249,-26.3264,7.72598,8.53817,48.076
34103,3270,3785,4344,5129,3379,3826,5501,8508,3376,3748,5037,7085,3219,3466,4081,4352,-2.35093,22.3731,8.80861,48.0707
34104,3188,3304,3463,3414,3232,3405,3739,3963,3428,3787,4762,6019,3389,3781,6001,12634,31.334,28.1565,8.84127,47.6727
34105,6377,4911,3780,3319,9289,5707,3795,3354,5834,4634,3613,3352,4014,3770,3410,3190,-8.0558,-23.4501,8.65314,48.2327
34106,5746,9380,6217,4137,4637,5518,4598,3895,3616,3885,3707,3458,3324,3425,3407,3084,-24.7074,-6.01802,8.50825,48.0227
34107,4243,4873,4665,3814,4582,7280,6250,4230,4008,5138,4911,3967,3635,3900,3765,3463,-6.03035,-1.93131,8.54523,48.4827
34108,3505,4069,6246,7071,3464,4131,6672,7520,3306,3606,4208,4409,3212,3409,3581,3602,-13.5042,16.6878,8.94464,48.0073
34109,3670,4429,5622,4795,3679,5109,8103,5379,3553,4236,5053,4324,3309,3424,3705,3625,-8.85833,7.82673,8.67473,48.01
34110,3948,4774,4961,4009,4116,6718,7186,4498,3863,4845,5025,3981,3521,3783,3832,3557,-6.43035,1.07199,8.67292,48.4113
34111,12773,6070,3861,3374,6078,4706,3769,3322,3892,3744,3503,3264,3329,3461,3218,3105,-30.7015,-29.9884,8.83807,47.646
34112,11726,5943,4062,3402,6909,4900,3777,3391,3993,3878,3481,3247,3332,3320,3165,3047,-22.6752,-32.0456,8.76043,47.7153
34113,3185,3311,3341,3253,3571,3733,3766,3656,4097,5190,5514,4190,4733,7517,7979,4914,22.7171,0.600381,8.61731,47.9667
34114,3203,3388,3516,3276,3398,3914,4222,4101,3846,5034,7303,5260,3860,5115,7550,5508,15.7912,7.79845,8.77508,48.3293
34115,3293,3509,3593,3465,3516,3960,4319,4071,3917,5374,7534,5112,3867,5087,6683,5093,13.6636,5.95729,8.58436,48.262
34116,3566,3505,3245,3082,4656,4396,3595,3204,8044,6392,4111,3541,7407,6068,4009,3400,13.822,-18.6834,8.9567,48.1473
34117,3875,3926,3622,3352,4601,5576,4262,3494,5610,7959,5036,3657,4596,5122,4169,3539,5.543,-9.02359,8.87406,48.264
34118,3001,3281,3468,3396,3204,3355,3712,3774,3325,3730,4597,6131,3308,3892,6171,12793,29.1267,26.6884,8.96598,47.4253
34119,3308,3953,5891,12476,3297,3698,4746,5868,3323,3588,3694,3951,3119,3328,3333,3534,-31.5976,29.1572,8.51863,47.4047
34120,4339,4268,3662,3250,6158,6349,4110,3521,6568,6539,4192,3519,4567,4517,3742,3257,0.586401,-14.9133,8.7226,48.372
34121,3319,3428,4014,4483,3418,3767,5053,7549,3287,3789,5223,8801,3252,3590,4382,5148,1.79467,25.0096,8.56359,48.3353
34122,3784,5052,6377,4876,3895,5476,7829,4980,3563,4016,4549,3954,3236,3507,3557,3578,-12.3157,5.7003,8.96416,48.1527
34123,3643,3541,3212,3136,4503,4114,3510,3218,8508,5020,3802,3451,9665,5413,3834,3379,16.1703,-28.9079,8.68338,47.966
34124,4238,3889,3374,3153,6752,4862,3647,3396,9019,5533,3756,3351,5519,4621,3712,3153,4.13228,-23.3906,8.78284,47.9833
34125,3674,4433,6144,5208,3839,4868,7953,5824,3424,4040,4758,4294,3329,3433,3636,3648,-10.4519,9.7328,8.52503,48.3367
34126,4113,5214,5153,4179,4311,6760,7111,4461,3782,4600,4589,3944,3411,3664,3621,3452,-9.24203,0.516169,8.90505,48.2433
34127,4665,6748,5740,4142,4823,7046,5851,4138,3753,4220,3989,3704,3424,3462,3406,3292,-14.5143,-2.84811,8.52225,48.2687
34128,4471,4613,3895,3591,5538,7445,4685,3748,4894,6352,4394,3603,3986,4085,3671,3489,-2.36095,-9.27346,8.79171,48.3067
34129,3560,3647,3259,3133,4665,4107,3559,3286,8350,5510,3871,3311,8877,5776,3928,3409,15.6041,-23.505,8.82326,48.1653
34130,3261,3653,3702,3585,3679,4282,4758,3989,3967,5888,7581,4873,4031,4861,5709,4548,9.86616,4.08512,8.59414,48.2447
34131,3420,3645,4418,4944,3354,3815,5552,8371,3470,3766,5057,7076,3224,3514,4085,4482,-2.10091,22.1908,8.59461,48.1287
34132,5419,8970,6424,4238,4584,5954,4857,3893,3675,3874,3699,3360,3241,3352,3247,3197,-21.9887,-5.10835,8.59043,47.9893
34133,3488,3612,3527,3313,3919,4670,4193,3708,4807,7822,5903,4011,4539,6046,4997,3856,11.0502,-4.19999,8.78168,48.274
34134,5277,4309,3598,3259,9123,4980,3754,3286,7518,4835,3677,3309,4496,3991,3446,3197,-2.36195,-27.6869,8.95914,48.0367
34135,4448,7389,8318,4965,3988,5174,5514,4402,3615,3779,3927,3598,3213,3330,3444,3215,-22.82,1.67553,8.75009,48.2127
34136,3185,3303,3406,3394,3469,3846,4143,3934,3854,4691,6514,5133,3898,5264,8498,6144,19.5648,8.43223,8.64554,48.4507
34137,7177,6767,4387,3579,7086,6830,4244,3462,4342,4179,3638,3350,3540,3464,3306,3182,-14.7552,-15.529,8.97456,48.3553
34138,3436,3371,3233,3049,4023,3806,3430,3258,7066,4888,3870,3362,11855,5770,3815,3459,22.0229,-31.3829,8.90661,47.794
34139,3432,3373,3223,3079,3870,3768,3438,3234,5841,4916,3924,3300,11314,7388,4076,3385,31.081,-21.0942,8.68317,47.7073
34140,3379,3666,3513,3445,4080,4585,4090,3640,4989,7800,5573,3945,4842,6099,4936,3803,11.3248,-5.0982,8.65465,48.2567
34141,11742,7127,4139,3433,5840,4789,3999,3316,3808,3803,3389,3343,3379,3404,3308,3120,-30.1222,-21.9678,8.94288,47.9593
34142,3412,3850,5716,10447,3390,3979,4901,7771,3317,3405,4028,4331,3204,3244,3449,3494,-18.539,30.4061,8.50375,47.9587
34143,3388,3371,3149,3084,3890,3719,3516,3292,5624,5021,3994,3446,10105,8322,4452,3529,29.6981,-17.696,8.92819,47.9347
34144,3299,3531,4149,4578,3393,3786,5304,7367,3383,3797,5355,8228,3361,3676,4334,5109,1.3629,22.668,8.70151,48.4333
34145,4947,6779,5353,3970,4795,7253,5574,3886,3932,4340,4004,3575,3513,3592,3478,3350,-14.0607,-5.05794,8.89598,48.2273
34146,11792,6762,4037,3369,5894,4792,3831,3419,3972,3893,3500,3178,3383,3449,3182,3056,-33.1381,-22.6373,8.68445,47.6727
34147,3512,4170,7167,9480,3451,3900,5596,6710,3335,3504,4003,4098,3083,3308,3388,3508,-20.0607,19.2257,8.96659,48.142
34148,3246,3448,3988,4055,3324,3946,5408,5474,3487,4299,7179,7214,3372,3798,4863,5008,5.11095,15.1183,8.9123,48.0727
34149,3433,3395,3255,3058,3753,3843,3599,3385,5012,5566,4384,3745,6728,9633,5480,3888,24.8697,-9.11663,8.6401,48.1047
34150,3308,3516,3338,3097,3890,4055,3616,3346,5200,6623,4517,3708,6289,8861,5304,3857,19.6275,-9.0297,8.96727,48.35
34151,3782,4581,4751,4161,4011,6057,7397,4712,3763,4819,5294,4162,3462,3811,3866,3621,-5.01324,2.6167,8.78499,48.1667
34152,3612,4428,6133,5126,3754,4894,8172,5727,3393,3958,4867,4347,3225,3512,3690,3591,-10.1515,9.50434,8.70552,48.286
34153,10907,7599,4257,3430,5829,5011,3747,3419,3953,3695,3489,3197,3393,3498,3222,3039,-28.166,-19.8767,8.6673,47.79
34154,5386,5786,4313,3562,6324,7791,4549,3714,4579,4872,3923,3506,3729,3601,3381,3202,-9.68325,-12.0127,8.62029,48.1453
34155,3364,3880,6209,12620,3336,3662,4729,6079,3327,3393,3881,3961,3185,3212,3404,3439,-31.7924,26.8286,8.63816,47.7873
34156,9104,8860,4595,3585,5516,5142,4124,3563,3884,3817,3563,3351,3433,3313,3317,3163,-31.2946,-15.3069,8.67783,48.22
34157,5445,9560,6921,4223,4467,5206,4713,3823,3632,3700,3544,3527,3365,3284,3329,3108,-28.8193,-3.9185,8.74214,47.898
34158,3294,3874,5686,10630,3418,3777,5193,7752,3259,3489,3941,4314,3155,3175,3464,3475,-19.1611,30.3046,8.74415,47.9307
34159,3249,3422,3628,3578,3304,3774,4450,4405,3532,4477,7500,6424,3704,4345,6527,6062,12.8847,13.0021,8.81635,48.254
34160,9859,7061,4282,3462,6722,5453,3936,3439,4134,3946,3496,3230,3374,3456,3150,3034,-21.0174,-20.0726,8.56296,48.0227
34161,6202,4746,3754,3331,9689,5340,3824,3334,5937,4403,3584,3263,3985,3810,3377,3287,-7.38927,-32.826,8.54993,47.9107
34162,3987,3623,3394,3067,5957,4471,3648,3348,10115,5289,3717,3374,6344,4739,3771,3233,7.87873,-29.4317,8.80257,48.0513
34163,3123,3362,3303,3421,3297,3680,3928,3716,3644,4226,5144,5028,3675,5187,9440,7597,29.5956,11.6795,8.51642,47.8473
34164,3738,3611,3344,3075,5218,4278,3556,3293,9426,5961,4030,3346,7016,5154,3941,3346,10.8305,-22.7366,8.96026,48.222
34165,10276,7628,4326,3480,6034,5119,3918,3460,4107,3852,3589,3200,3506,3338,3305,3145,-25.0275,-18.7089,8.71145,48.1887
34166,3502,3476,3247,3081,4108,4321,3807,3357,5985,7251,4619,3663,6260,7320,4694,3711,15.4346,-11.4785,8.9279,48.268
34167,4540,7501,9012,5099,4119,4717,4997,4304,3498,3708,3713,3600,3187,3288,3459,3304,-30.0434,2.50687,8.53252,48.0307
34168,4278,4131,3749,3337,5414,6232,4138,3453,6077,7258,4480,3530,4669,4624,3817,3397,2.15011,-12.3272,8.66699,48.3893
34169,3255,3512,4219,4810,3360,3781,5307,7888,3346,3871,5253,7902,3308,3598,4242,4771,-0.0729687,22.5913,8.92267,48.282
34170,8652,9034,4704,3584,5473,5244,4164,3605,4020,3847,3443,3301,3293,3343,3154,3145,-30.0122,-14.2846,8.61998,48.004
34171,3290,3437,3385,3167,3757,3947,3517,3370,4868,5582,4452,3646,6360,9911,5667,3925,24.6841,-8.1939,8.95242,48.1873
34172,3250,3425,3406,3316,3510,3812,3765,3641,4146,4819,4962,4119,4654,8250,8286,4830,32.152,-0.0210833,8.75072,48.1273
34173,3326,3502,3431,3249,3780,4195,4060,3588,4560,6585,5746,4180,4632,7051,6119,4260,15.88,-2.25168,8.69415,48.176
34174,3620,4754,9244,8759,3529,4246,5179,5436,3215,3456,3812,3797,2959,3305,3379,3272,-27.4231,14.495,8.92056,47.9747
34175,3006,3262,3305,3482,3227,3537,3936,4004,3341,3798,5017,6522,3506,4153,6974,11029,23.6641,21.783,8.58416,48.066
34176,3148,3339,3358,3286,3367,3610,3828,3745,3865,4693,5194,4461,4127,6521,9713,5764,31.6007,5.39741,8.69426,48.0127
34177,3276,3878,6041,10409,3420,3719,5257,7599,3128,3477,3979,4344,3078,3243,3474,3506,-19.2878,25.0515,8.73548,47.8853
34178,5700,7230,4912,3738,5436,7435,4920,3803,3831,4356,3753,3481,3496,3529,3434,3277,-14.785,-8.66029,8.81787,48.2207
34179,4879,5854,4474,3694,5673,8084,5127,3779,4344,4952,4010,3545,3635,3728,3521,3192,-9.59962,-8.61117,8.57071,48.3273
34180,3129,3372,3598,3664,3250,3575,4182,5040,3401,3854,5340,9403,3418,3802,5155,7998,12.2209,27.1611,8.62831,48.1207
34181,3462,3375,3267,3107,3916,3844,3423,3162,6027,4971,3812,3394,11381,7133,4233,3408,29.3674,-21.332,8.56103,47.9433
34182,3196,3310,3361,3212,3477,3865,3861,3478,4244,5366,5253,4317,4807,8001,7813,4787,23.1174,-0.184406,8.63929,48.232
34183,5721,5747,4251,3547,6999,7429,4345,3665,4681,4832,3810,3364,3755,3643,3375,3179,-10.1153,-14.1913,8.66818,48.2287
34184,4228,6498,9488,5883,3830,4580,5326,4517,3449,3696,3739,3617,3180,3268,3441,3408,-29.5384,5.27933,8.52082,48.0987
34185,3550,3528,3493,3135,4124,4392,3716,3390,6125,7325,4656,3609,6160,7050,4542,3619,14.4448,-11.9321,8.92169,48.276
34186,3563,3907,5429,5758,3533,4294,7354,7628,3306,3791,4796,5059,3127,3425,3792,3680,-8.93282,15.6119,8.96535,48.2947
34187,7627,7481,4446,3626,6484,6467,4174,3545,4149,4017,3663,3320,3485,3511,3339,3173,-17.5849,-15.2016,8.9876,48.338
34188,4523,7407,7806,4717,4253,5693,5764,4184,3468,3934,3851,3612,3285,3354,3327,3301,-20.3444,0.623045,8.72885,48.3193
34189,3191,3386,3923,4266,3351,3860,5042,6513,3456,3836,6003,8416,3351,3690,4665,5240,3.90344,20.771,8.82077,48.126
34190,5099,4493,3649,3326,8176,5771,3999,3388,6785,5363,3876,3250,4341,4093,3439,3297,-2.94462,-20.788,8.77026,48.23
34191,3528,4158,4958,4508,3570,4861,7846,5776,3504,4214,5691,4789,3485,3651,4022,4009,-5.47928,10.0869,8.51624,48.38
34192,7259,9532,5095,3873,5260,5711,4426,3668,3894,3879,3537,3322,3250,3347,3265,3137,-23.5099,-10.8915,8.9282,48.3033
34193,5260,4807,3742,3390,8161,6452,4036,3404,5969,5135,3876,3321,4093,3949,3534,3220,-4.55499,-18.7363,8.97066,48.2327
34194,3164,3398,3820,4145,3313,3521,4459,6567,3383,3845,5296,9805,3304,3727,4500,5882,5.42143,27.8684,8.85795,48.086
34195,3464,3717,3879,3545,3718,4556,5325,4194,4002,5772,7649,4807,3815,4463,4938,4143,6.08228,3.97677,8.74894,47.9913
34196,3013,3212,3336,3447,3308,3437,3891,4025,3386,3683,4967,6540,3373,4111,6700,11427,23.8815,23.2702,8.92515,47.904
34197,5084,8145,6148,4232,4623,6390,5287,3930,3698,4042,3905,3526,3289,3418,3467,3233,-18.524,-4.22668,8.66594,48.278
34198,3463,4049,7072,11412,3380,3860,4929,5866,3164,3536,3810,4031,3109,3320,3453,3395,-31.74,21.6055,8.50023,47.8993
34199,3273,3598,4195,4855,3302,3766,4906,8563,3308,3761,4949,7958,3184,3504,4092,4672,-0.664173,31.9991,8.79724,47.924
34200,6036,5416,3953,3414,7845,6975,4106,3466,4918,4853,3723,3374,3952,3719,3444,3192,-9.73323,-17.011,8.63663,48.2573
34201,3426,3788,4207,3918,3638,4521,6263,4983,3718,4666,7425,5590,3545,3989,4577,4340,2.39723,9.6658,8.67711,48.396
34202,6163,4640,3657,3330,10054,5214,3868,3384,6073,4460,3462,3326,4035,3764,3340,3214,-7.36684,-28.739,8.97656,47.9893
34203,3359,3340,3219,3088,3953,3789,3464,3302,6406,4701,3798,3336,12020,6394,4118,3396,25.7159,-25.5552,8.5462,47.7887
34204,4149,6783,9634,5553,3816,4755,5235,4438,3448,3723,3747,3526,3134,3349,3410,3319,-32.2576,4.36655,8.62225,48.0127
34205,3703,3591,3299,3124,4705,4109,3561,3226,8629,5850,3909,3433,7889,5732,3904,3338,13.7655,-21.6623,8.82215,48.0013
34206,4254,3886,3485,3186,6507,4935,3776,3357,9238,5807,3868,3242,5440,4419,3592,3291,4.39704,-22.7867,8.84791,48.1887
34207,3800,5351,9807,7394,3614,4236,5296,4944,3422,3584,3762,3807,3150,3269,3431,3259,-29.3865,10.5012,8.83097,48.084
34208,4235,5034,4269,3733,4938,7911,5458,3894,4422,5694,4654,3679,3676,3899,3748,3478,-5.13431,-5.45619,8.6003,48.4813
34209,3116,3357,3397,3415,3460,3739,4026,3877,3673,4680,6730,5177,3727,5301,8391,5998,18.6138,9.04162,8.65519,48.0427
34210,3172,3390,3702,3868,3333,3569,4379,5725,3382,3982,5226,9932,3256,3796,4704,6537,8.2246,32.6073,8.61274,47.9687
34211,3345,3624,4505,5429,3392,3798,5615,8973,3288,3703,4852,6736,3185,3464,3935,4361,-4.22726,22.8511,8.63343,48.1367
34212,7469,8486,4847,3689,5696,5949,4279,3610,3905,4070,3692,3274,3498,3384,3354,3144,-20.6777,-13.2511,8.59906,48.2307
34213,7630,6429,4211,3427,7218,6380,4205,3553,4360,4314,3545,3309,3576,3614,3363,3099,-15.0779,-16.9579,8.7983,48.1553
34214,3153,3302,3643,3504,3259,3865,4263,4179,3597,4404,7043,6078,3655,4589,7144,6641,15.6499,13.0387,8.63019,48.2127
34215,9404,5932,4027,3399,8140,5367,3883,3475,4421,3973,3505,3256,3554,3421,3279,3085,-17.071,-24.0283,8.52072,48.0807
34216,3208,3454,3933,4400,3413,3750,4894,7095,3345,3757,5445,8986,3263,3618,4345,5226,2.80988,25.4017,8.75358,48.088
34217,3153,3350,3575,3714,3208,3579,4165,5225,3322,3948,5296,9535,3357,3801,5149,7620,11.6995,27.8098,8.78125,47.998
34218,3818,4582,5423,4480,3798,5597,8030,5246,3609,4189,5104,4201,3417,3639,3702,3632,-8.14909,6.0189,8.76385,48.3113
34219,3781,5427,9670,7184,3601,4312,5324,4987,3386,3662,3756,3721,3147,3239,3304,3367,-30.7896,10.2678,8.57567,47.912
34220,3296,3494,3521,3502,3546,4151,4332,3917,3999,5829,7343,4871,4003,5274,6385,4812,13.0491,3.80404,8.54584,48.1833
34221,3161,3355,3395,3151,3473,3792,3734,3478,4257,5102,4787,3955,5304,9332,7302,4325,31.089,-2.88876,8.99045,47.9353
34222,8887,5289,3888,3471,9111,5156,3848,3311,4805,4018,3495,3241,3593,3591,3319,3192,-14.4823,-29.2247,8.70396,48.1433
34223,3286,3468,3625,3554,3528,4098,4836,4315,3747,5107,8364,5489,3803,4523,5799,4810,10.0312,7.75389,8.7646,48.2347
34224,3372,3398,3379,3069,4259,4128,3728,3294,6914,6131,3984,3480,8087,7155,4349,3412,17.8571,-17.1614,8.79517,48.0927
34225,3290,3615,3742,3696,3592,4056,5214,4405,3769,5154,8221,5499,3603,4210,5508,4786,8.17077,8.68835,8.84319,48.24
34226,4563,4113,3557,3226,6981,5216,3902,3372,7995,5721,3991,3392,4984,4457,3616,3383,1.74757,-20.3994,8.94227,48.3127
34227,5669,6550,4608,3639,5902,7619,4701,3721,4269,4425,3848,3485,3475,3670,3365,3223,-13.2504,-10.4935,8.62356,48.1127
34228,3292,3419,3323,3313,3623,3831,3762,3463,4248,4993,4894,4127,4788,8552,8062,4591,32.382,-0.643039,8.97802,48.1873
34229,11698,6930,4069,3391,6129,4918,3799,3353,3914,3794,3535,3315,3379,3369,3141,2970,-26.6378,-22.3428,8.88788,47.8027
34230,3139,3515,3804,3716,3367,3797,4607,4819,3562,4268,7064,7668,3513,3941,5604,6012,9.92309,16.5606,8.57166,48.264
34231,4138,5460,5794,4278,4156,6536,7076,4496,3783,4331,4491,3776,3370,3625,3519,3452,-11.171,0.875455,8.85529,48.1873
34232,4901,5818,4520,3592,5619,8211,5084,3727,4352,4880,4063,3431,3755,3796,3418,3295,-9.64927,-8.72306,8.79629,48.308
34233,11772,5900,3882,3378,6974,4933,3777,3354,4082,3833,3431,3247,3398,3393,3268,3133,-22.2831,-28.7313,8.97778,47.8367
34234,4341,4007,3508,3135,7107,4713,3670,3244,9341,5168,3731,3459,5140,4395,3675,3189,3.37623,-33.0855,8.85496,47.882
34235,3356,3418,3227,3140,3765,3781,3634,3373,4899,5337,4499,3622,6333,9893,5722,3927,33.3388,-8.428,8.70146,47.9507
34236,3897,3783,3475,3079,5875,4901,3657,3319,8783,6466,3894,3513,5694,4804,3810,3353,6.31061,-19.5244,8.97298,48.202
34237,3444,3613,3526,3342,3993,4457,4087,3566,4822,7668,5718,3947,4800,6496,5135,3939,12.6155,-4.7939,8.78946,48.3687
34238,3234,3381,3512,3543,3410,3738,4147,4171,3573,4501,6918,6062,3710,4561,7458,6536,15.944,12.5874,8.66755,48.3033
34239,3403,3379,3220,3004,4070,3771,3457,3258,5951,4802,3917,3443,12090,6496,3991,3379,27.6178,-24.966,8.74762,47.754
34240,4369,5801,5961,4351,4250,6605,6783,4593,3603,4215,4339,3797,3462,3539,3559,3303,-12.9691,0.628951,8.75672,48.3533
34241,3492,4435,8200,9917,3294,4046,5103,5491,3388,3605,3779,4061,3138,3297,3451,3333,-30.8635,17.5127,8.51208,48.02
34242,12222,6483,3927,3366,6001,4826,3835,3500,3878,3837,3499,3244,3399,3297,3308,3163,-32.6457,-24.2665,8.71703,47.8567
34243,4608,7430,8637,5167,4049,4845,5182,4382,3542,3780,3809,3548,3166,3341,3336,3334,-24.3817,2.07231,8.80372,48.104
34244,4299,4727,3935,3470,5383,7613,4767,3740,4890,6274,4373,3533,3882,4107,3732,3385,-2.67013,-9.03237,8.75209,48.0733
34245,11163,7472,4192,3331,6115,5038,3860,3334,3950,3813,3446,3108,3482,3511,3309,3170,-26.5608,-20.9129,8.97051,48.196
34246,3198,3301,3419,3305,3207,3612,3841,3726,3503,4008,5230,5268,3645,4767,9456,8487,29.9164,14.0132,8.96905,47.982
34247,4443,4023,3423,3236,7296,4803,3712,3283,9106,5058,3605,3307,5184,4357,3639,3319,2.85541,-32.5095,8.79259,47.8627
34248,4519,7701,8635,4981,4012,4769,5016,4308,3538,3777,3785,3638,3224,3496,3466,3360,-32.3119,1.96692,8.5094,48.15
34249,3307,3430,3457,3259,3656,3946,3915,3655,4430,5788,5553,4166,4891,7527,6940,4505,18.9728,-1.19325,8.74762,48.2833
34250,3236,3446,3348,3291,3562,3727,3722,3543,4229,4957,4879,4145,4929,8304,7933,4661,30.7072,-0.639739,8.5498,47.9413
34251,3207,3645,4018,4353,3401,3882,5546,6367,3502,4140,6356,7428,3362,3696,4476,4803,2.33693,17.4773,8.84431,48.1213
34252,4314,5757,5781,4350,4406,6874,6710,4322,3718,4293,4307,3746,3391,3583,3664,3304,-12.416,-0.293809,8.9084,48.3467
34253,3566,3816,3854,3590,3823,4933,5364,4140,4085,6419,6850,4419,3881,4551,4833,3907,5.28901,1.22186,8.70002,48.0207
34254,3442,3470,3350,3102,4264,4156,3632,3309,7204,5940,4148,3448,7962,6809,4202,3462,16.705,-17.8382,8.73052,47.9333
34255,6169,8910,5495,3856,4967,6229,4641,3789,3885,3982,3677,3384,3331,3438,3313,3242,-21.099,-8.48321,8.54033,48.2053
34256,3456,3781,3934,3699,3971,5028,5461,4283,4074,6197,7128,4541,3753,4563,4658,4004,4.69651,2.08704,8.79019,48.354
34257,3195,3484,4035,4691,3330,3704,5117,7660,3383,3778,5106,8798,3176,3606,4288,5086,1.73682,27.0256,8.81343,48.2913
34258,8036,9263,4960,3716,5410,5496,4204,3611,3806,3763,3610,3228,3456,3340,3269,3162,-24.6885,-12.9675,8.9211,48.22
34259,3611,3538,3501,3244,4189,4565,3803,3494,6099,7992,4688,3739,5459,6406,4431,3605,11.9706,-10.692,8.87947,48.2427
34260,3140,3250,3360,3506,3235,3439,3969,4119,3330,3942,5214,6706,3380,4176,6870,10665,21.9692,21.419,8.7948,48.2007
34261,11731,5918,3900,3235,6949,4981,3820,3375,4000,3798,3509,3146,3399,3395,3312,3144,-22.3909,-31.6556,8.70823,47.7413
34262,3534,4339,8165,10113,3440,3988,5101,5595,3347,3418,3765,3998,3060,3342,3472,3329,-30.712,17.7768,8.63824,48.004
34263,10308,7131,4141,3463,6775,5300,3858,3457,4139,3870,3418,3239,3442,3516,3225,3057,-21.8899,-20.7705,8.74076,48.226
34264,3191,3356,3821,4013,3324,3641,4484,6086,3433,3882,5316,9690,3412,3780,4665,6232,7.06903,30.3716,8.75269,48.2173
34265,3565,3463,3337,3099,4346,3931,3596,3293,7921,5378,3914,3547,9071,5957,4105,3439,16.6022,-22.1989,8.59842,47.9747
34266,6644,9903,5555,3940,4858,5337,4426,3641,3740,3786,3654,3357,3332,3429,3342,3201,-27.3345,-9.18906,8.68335,48.0967
34267,3574,4102,4952,4626,3694,4837,7855,5413,3566,4284,5605,4737,3337,3617,3982,3807,-5.39567,8.71421,8.81323,47.992
34268,3315,3484,3315,3215,3660,3791,3669,3434,4661,5620,4587,3930,5718,9314,6288,4049,25.4783,-5.76893,8.51031,48.0333
34269,9847,8319,4217,3523,5555,5128,3992,3489,3876,3825,3520,3218,3335,3370,3245,3141,-33.2275,-17.2702,8.74899,47.7333
34270,5406,9316,7039,4374,4552,5132,4690,3917,3696,3718,3681,3415,3231,3430,3351,3250,-29.467,-3.61451,8.64573,48.132
34271,3408,3316,3277,3266,3868,3707,3496,3297,6121,4826,3707,3405,12410,6081,3996,3377,27.0042,-33.2645,8.75079,47.7053
34272,3367,3300,3188,3244,3613,3858,3684,3347,4815,5404,4330,3762,6564,10213,5758,3913,28.4192,-8.63413,8.99661,48.24
34273,3283,3366,3393,3223,3482,3684,3710,3604,4094,4889,4973,4156,4669,8189,8671,4750,29.4222,0.737973,8.94132,48.0907
34274,7432,5524,4052,3387,8651,6157,3997,3467,4972,4225,3670,3383,3680,3524,3310,3147,-12.0202,-20.9428,8.85359,48.3853
34275,3477,3519,3375,3086,4693,4193,3444,3317,7977,6030,4091,3492,7839,6078,4138,3452,14.6016,-19.4978,8.77997,48.134
34276,3233,3625,3942,3820,3534,4112,5625,4738,3616,4795,8019,5826,3559,4064,4950,4618,5.71153,10.0386,8.967,48.0507
34277,3407,3814,5584,9360,3448,3896,5156,8392,3241,3647,4112,4587,3118,3340,3456,3639,-16.3867,27.133,8.55558,48.1313
34278,3590,3987,3679,3325,4264,5391,4483,3619,5054,8170,5520,3950,4306,5037,4343,3597,6.3511,-5.58636,8.74959,48.21
34279,3218,3444,3681,3597,3374,3792,4620,4725,3461,4386,7476,7088,3484,4112,5908,5887,10.6819,14.4933,8.53554,48.1687
34280,3272,3538,3575,3382,3634,4016,4346,3881,4008,5645,7284,4821,4087,5469,6662,4596,13.5618,3.98909,8.88908,48.144
34281,3220,3349,3335,3134,3568,3815,3582,3401,4440,5474,4751,3832,5677,9565,6690,4225,25.3606,-4.68185,8.75386,48.0387
34282,4895,4302,3648,3404,8481,5232,3734,3333,7435,5085,3874,3331,4630,4105,3568,3176,-1.35968,-23.7664,8.78031,48.1553
34283,12015,6864,4070,3447,5884,4874,3821,3437,3895,3872,3456,3288,3306,3283,3233,3193,-31.3713,-22.9919,8.61005,47.9587
34284,3993,4584,4338,3590,4689,7151,5630,3975,4350,5949,5002,3873,3745,3977,3874,3546,-2.91183,-3.6547,8.57818,48.1773
34285,12547,6112,3993,3391,6221,4774,3734,3272,3972,3762,3451,3266,3400,3332,3228,3204,-27.643,-28.4692,8.70476,47.7727
34286,3499,3493,3274,3044,4462,4015,3534,3198,8102,5398,3856,3373,9231,6114,4101,3557,16.785,-22.5118,8.98153,48.1673
34287,3390,3415,3238,3168,3914,3877,3451,3229,5916,5478,4055,3533,9606,7844,4431,3528,22.8761,-17.1967,8.90164,48.0487
34288,3891,3952,3654,3334,4985,5986,4258,3545,5676,7999,4836,3747,4491,4882,3994,3573,4.14831,-9.95805,8.97028,48.5353
34289,3330,3312,3277,3137,3713,3853,3575,3346,4693,5145,4377,3639,6647,10307,5768,3910,30.3513,-8.81941,8.91405,48.0193
34290,3303,3585,4617,5660,3339,3772,5226,9628,3185,3596,4594,6814,3173,3486,3964,4090,-4.98058,29.0491,8.8851,48.0213
34291,3233,3445,3730,3835,3484,3766,4860,4864,3518,4588,7617,6970,3414,4087,5472,5491,8.79038,13.9905,8.68426,48.2493
34292,5480,4454,3611,3242,9339,5458,3761,3428,6992,4893,3726,3206,4379,3967,3486,3148,-3.82669,-24.5948,8.91776,48.38
34293,3076,3214,3319,3342,3180,3441,3813,3996,3360,3704,4802,6566,3378,3956,6213,12214,24.8478,25.9889,8.98679,47.716
34294,3635,4197,4650,4317,3871,5487,7496,4900,3780,4625,5904,4583,3501,3808,3936,3839,-3.7103,5.7481,8.50316,48.3527
34295,7464,5246,3728,3325,9196,5831,3896,3429,5113,4264,3606,3266,3830,3543,3438,3085,-11.6353,-22.9684,8.79803,48.1733
34296,3461,4097,5648,6209,3567,4114,7044,7514,3317,3788,4595,4773,3206,3453,3669,3760,-10.7381,16.2292,8.80379,48.1433
34297,3133,3383,3415,3362,3356,3673,3839,3633,3834,4698,5537,4573,4257,6504,9338,5697,24.0663,5.35448,8.88166,48.1547
34298,3334,3366,3264,3059,3882,3961,3562,3275,5353,5207,4077,3511,8138,9405,4951,3622,28.5827,-13.1752,8.70794,47.978
34299,3440,3382,3258,3079,3860,3934,3387,3243,6192,5091,3743,3352,11123,7187,4043,3340,24.9721,-21.308,8.6904,47.7693
34300,10368,5715,3950,3474,7822,5071,3815,3254,4307,4003,3503,3325,3445,3398,3275,3062,-18.5154,-32.5883,8.6509,47.858
34301,5450,9252,7350,4288,4374,4963,4671,3941,3589,3756,3711,3573,3174,3394,3336,3254,-30.9063,-3.35021,8.64464,48.0507
34302,3377,3445,3201,3068,3988,3837,3410,3101,6024,4940,3917,3269,11801,7056,4034,3369,29.4026,-22.8007,8.7403,47.8913
34303,3202,3265,3322,3417,3384,3616,3817,3751,3644,4463,5306,4732,3976,5869,9793,6445,27.0381,8.20639,8.52778,48.0013
34304,7504,6408,4301,3573,7681,6248,4062,3443,4374,4188,3554,3277,3601,3496,3362,3204,-14.766,-18.1671,8.87397,48.184
34305,3213,3241,3649,3634,3340,3683,4293,4465,3418,4159,6614,7246,3488,4229,6538,7258,14.5993,16.6416,8.72773,48.312
34306,3208,3240,3282,3344,3278,3384,3789,3918,3356,3718,4688,6164,3317,3900,5927,12578,27.275,31.1882,8.67829,47.394
34307,3140,3463,3840,4083,3272,3788,4942,6268,3406,4036,5913,8861,3275,3629,4726,5507,5.24106,21.6824,8.64984,48.0993
34308,4874,6685,5523,4086,4940,7353,5521,4038,3923,4341,4036,3414,3227,3560,3452,3312,-13.6201,-4.5533,8.85072,48.19
34309,10135,8091,4413,3470,5586,4971,3785,3519,3896,3820,3471,3259,3390,3380,3261,3132,-30.8164,-18.0763,8.95825,47.7193
34310,4102,4716,4276,3685,4631,7384,5832,3995,4407,5758,4873,3722,3814,3964,3842,3413,-3.41414,-3.83389,8.72737,48.276
34311,5819,4564,3638,3245,9765,5299,3874,3447,6652,4530,3589,3272,4056,3801,3384,3270,-5.75316,-27.764,8.987,48.1367
34312,3223,3285,3476,3321,3404,3660,3968,3845,3664,4599,5923,4925,3830,5770,9221,6255,22.0772,8.27019,8.88416,48.246
34313,3506,3591,3509,3126,4105,4227,3825,3394,5577,7165,4549,3632,5908,7411,4777,3775,15.8564,-10.1692,8.71596,48.0513
34314,3172,3376,3539,3423,3380,3765,4167,4075,3684,4508,6665,5447,3710,5025,8112,6519,18.4231,10.1165,8.61617,48.378
34315,4213,5175,4910,4019,4637,7426,6192,4037,3949,4946,4642,3834,3511,3690,3712,3463,-7.833,-2.59184,8.60933,48.2373
34316,7519,5004,3837,3410,9775,5305,3878,3363,5027,4192,3561,3299,3634,3556,3369,3123,-11.7235,-32.7113,8.69598,47.9013
34317,3645,3585,3262,3160,4658,4061,3559,3225,8891,5163,4056,3334,8972,5412,3927,3399,15.3013,-30.0648,8.542,48.206
34318,3126,3337,3469,3510,3430,3691,4303,4275,3563,4387,6701,6511,3565,4429,7139,7079,15.6288,14.5897,8.97002,48.3433
34319,3443,3452,3304,3052,4237,3845,3545,3235,7231,5240,3892,3361,10385,6406,4036,3304,20.6527,-22.723,8.80954,47.9787
34320,3387,3359,3199,3102,3834,3849,3439,3216,5563,5208,4085,3518,9709,8815,4481,3472,27.2026,-16.3892,8.98561,48.1573
34321,3813,4836,6034,4826,3767,5673,8207,5335,3582,4059,4646,4061,3256,3340,3588,3633,-10.5422,6.52384,8.94822,48.4373
34322,3730,5578,9977,7028,3691,4333,5228,4979,3358,3560,3804,3785,3218,3227,3394,3332,-31.1537,9.96239,8.71659,48.148
34323,4635,4349,3535,3179,7135,5683,3823,3417,7357,5812,4001,3548,4692,4302,3687,3186,0.396519,-18.8493,8.72174,48.2273
34324,4640,5753,4591,3784,5150,7979,5550,3927,4037,4878,4211,3513,3577,3620,3676,3445,-9.56698,-5.46739,8.857,48.2207
34325,3639,4833,8927,8204,3578,4188,5576,5437,3289,3566,3851,3942,3035,3174,3439,3400,-24.3623,13.5827,8.76245,48.052
34326,8362,6458,4015,3411,7612,5891,4141,3379,4427,4171,3572,3238,3625,3440,3135,3071,-16.1568,-19.4061,8.82187,47.9653
34327,3318,3265,3278,3144,3919,3844,3589,3262,5318,5091,4192,3398,8747,8862,4649,3580,33.1809,-15.0761,8.84976,47.6373
34328,3541,3495,3379,3157,4445,4250,3743,3327,6882,7032,4241,3443,6800,6719,4303,3620,14.3279,-15.1317,8.9869,48.2513
34329,3450,3425,3186,3192,3918,3725,3483,3109,6003,4710,3783,3494,12844,5857,4003,3381,29.023,-31.1762,8.77368,47.7087
34330,3386,3346,3259,3074,3889,3773,3442,3249,5873,5012,3986,3399,11008,7392,4245,3432,27.6665,-20.3682,8.55919,47.8433
34331,5307,8720,6599,4287,4482,5855,5098,3882,3674,4054,3684,3446,3289,3391,3350,3277,-21.7589,-3.77995,8.92785,48.2633
34332,3140,3271,3347,3379,3303,3538,3764,4029,3291,3888,4938,5938,3522,4106,7007,11426,33.6212,21.4418,8.69301,47.9247
34333,3922,3839,3324,3130,5440,4506,3503,3225,9466,5759,3851,3469,6711,4979,3826,3321,9.2837,-23.2367,8.90578,48.1807
34334,3424,4323,7804,10441,3473,4069,5090,5792,3176,3457,3792,3878,3120,3280,3389,3378,-31.4465,18.796,8.5137,47.924
34335,3595,3588,3320,3122,4987,4263,3643,3258,9457,5143,3731,3414,8017,5313,3888,3352,13.1401,-26.4207,8.76527,48.0607
34336,3141,3209,3467,3504,3270,3417,3815,4079,3395,3750,4798,6053,3293,3814,6047,12407,33.4605,27.3277,8.68536,47.6393
34337,3487,3995,5908,11089,3431,3758,4998,7077,3194,3542,3880,3901,3039,3287,3413,3512,-20.749,33.7077,8.53209,47.674
34338,3347,3907,6120,12762,3253,3759,4729,5874,3256,3459,3716,3930,3148,3174,3412,3386,-28.3554,29.1218,8.94986,47.488
34339,4190,4259,3790,3336,5480,6514,4338,3494,5772,6927,4526,3610,4404,4440,3857,3495,0.824784,-11.0536,8.53995,48.288
34340,3399,3817,5237,7916,3380,3815,5412,9420,3227,3529,4240,5035,3174,3263,3565,3686,-12.3498,26.2038,8.75444,48.0767
34341,3272,3331,3924,4229,3383,3670,4757,6751,3394,3808,5058,9489,3293,3683,4500,5727,5.05406,32.5038,8.6271,48.1793
34342,5731,4494,3760,3365,9709,5386,3778,3360,6696,4496,3521,3268,4316,3878,3418,3075,-5.00145,-26.6814,8.95137,48.1673
34343,4196,3815,3516,3191,5846,5089,3756,3314,8075,6626,4043,3526,5556,4728,3785,3433,5.60497,-18.6546,8.63817,48.33
34344,5337,4382,3648,3278,8911,5517,3859,3451,6876,4982,3670,3241,4268,4088,3500,3201,-3.39143,-22.9673,8.88466,48.1393
34345,5401,4323,3637,3145,9097,5117,3737,3294,7166,4682,3884,3411,4351,3946,3473,3221,-3.15686,-32.9256,8.69745,47.9233
34346,3364,3514,3349,3158,3793,4028,3724,3398,4853,6087,4946,3760,5610,8584,5875,3990,20.2864,-6.24012,8.74234,48.022
34347,3113,3146,3537,3497,3169,3497,4117,4561,3293,3745,5131,8838,3258,3731,5519,9459,15.6396,28.824,8.92982,47.7407
34348,3437,3439,3204,3121,4197,3848,3579,3156,6946,4843,3745,3413,11336,6310,4058,3408,22.046,-24.3435,8.96732,48.0267
34349,3109,3502,3608,3426,3340,3688,4433,4338,3669,4306,7205,6491,3585,4507,6734,6344,13.7772,13.3298,8.53942,48.19
34350,3497,3893,5921,11782,3466,3705,4705,7070,3245,3454,3857,3982,3163,3124,3439,3332,-21.8741,31.6974,8.98295,47.7567
34351,3079,3210,3411,3406,3287,3591,3888,3905,3625,4112,5488,5741,3634,4654,8162,8750,23.1207,15.4007,8.6383,47.962
34352,3162,3443,4069,4587,3345,3780,4994,7674,3324,3780,5265,8663,3278,3527,4314,5047,1.57303,26.1407,8.76513,48.168
34353,3228,3601,4202,4658,3455,4021,5796,7217,3412,3951,5689,7221,3321,3641,4182,4718,-0.226919,19.0473,8.82076,48.2087
34354,3191,3240,3367,3287,3336,3512,3710,3975,3412,3970,5310,5433,3481,4687,8746,9149,26.3546,15.467,8.9495,47.8707
34355,3885,3802,3318,3259,5628,4381,3713,3187,9830,5487,3624,3294,6735,4753,3742,3450,9.14733,-25.0107,8.75913,48.0587
34356,3962,3762,3252,3125,6114,4601,3629,3298,9806,5448,3952,3226,6310,4677,3710,3285,7.42809,-25.5506,8.77886,48.1047
34357,3224,3403,3273,3215,3590,3867,3726,3554,4509,5233,4814,3915,5453,9206,6902,4313,31.5822,-3.85784,8.64233,48.1313
34358,3423,3896,4624,4307,3651,4538,7624,5674,3593,4509,6290,5206,3284,3685,4034,3929,-2.47774,10.266,8.65314,48.178
34359,3155,3327,3762,3902,3347,3562,4373,5648,3301,3804,5404,9684,3308,3847,4852,6883,9.08822,26.9065,8.52745,48.106
34360,3445,3383,3258,3143,3818,3814,3522,3346,5227,5197,4067,3540,8373,9419,4965,3637,31.059,-13.5303,8.7182,48.1027
34361,3226,3351,3726,4065,3378,3662,4647,5767,3330,3970,5987,9064,3295,3761,4923,5961,7.61624,21.7417,8.88555,48.0753
34362,3235,3381,3239,3126,3820,4157,3676,3386,5250,6324,4667,3847,6362,8753,5447,3805,20.0277,-8.87338,8.72692,48.3167
34363,3498,4393,6996,7600,3519,4129,6345,7020,3315,3635,4189,4251,3126,3275,3555,3511,-16.6026,16.4271,8.79586,48.238
34364,10439,7690,4266,3562,6066,5070,3938,3452,4039,3794,3591,3255,3288,3349,3100,3101,-25.5488,-19.3001,8.5899,48
34365,3351,3374,3279,3059,3831,3805,3402,3221,6067,4870,3752,3367,12506,6015,3994,3432,27.2234,-33.1925,8.66624,47.55
34366,3280,3275,3202,3030,3845,3966,3602,3262,5457,5596,4267,3627,7682,9432,4968,3782,24.5952,-12.4132,8.86551,48.182
34367,7552,5003,3812,3359,9833,5317,3791,3387,5318,4214,3609,3300,3771,3645,3373,3127,-11.3557,-28.1037,8.72937,48.274
34368,3443,4264,8021,10457,3392,4005,4888,5854,3285,3395,3817,3859,3232,3232,3426,3361,-27.3743,19.0902,8.74898,47.954
34369,3354,3420,3196,3259,3962,3857,3482,3109,6058,5084,3867,3551,11261,7248,4096,3441,26.3464,-21.0883,8.86299,48.1633
34370,3561,4426,8379,9632,3581,4020,5311,5646,3202,3531,3809,3905,3044,3193,3364,3390,-25.7695,16.7277,8.89318,47.996
34371,3297,3923,6167,12643,3307,3929,4606,6036,3372,3352,3825,3971,3193,3291,3375,3365,-32.248,28.8065,8.53642,47.768
34372,4087,4033,3685,3380,5468,6116,4044,3524,6217,7185,4353,3581,4616,4668,3786,3328,2.72202,-12.7432,8.74179,48.0473
34373,3412,3890,5242,6503,3440,3930,6411,8781,3251,3617,4445,5254,3124,3389,3817,3868,-9.71005,20.1563,8.60158,48.2493
34374,3505,3494,3470,3259,4118,4423,3770,3476,5470,7500,5053,3809,5331,6937,4900,3784,13.7155,-8.12906,8.58875,48.1993
34375,3150,3305,3767,3662,3325,3530,4346,5118,3373,3996,6034,9148,3289,3877,5320,7167,11.563,21.7816,8.59222,48.2713
34376,3679,3555,3255,3213,4268,4317,3659,3287,6979,6416,4180,3549,7480,6747,4329,3485,16.1801,-16.9023,8.56711,48.2653
34377,3446,3632,4016,3853,3692,4444,5922,4645,3819,5166,7715,5057,3597,4082,4867,4442,4.45884,7.11858,8.51997,48.2633
34378,3470,3956,4098,3768,3792,4724,5887,4407,3950,5540,7329,4682,3617,4245,4610,4086,3.489,4.36296,8.62055,48.1073
34379,3399,3352,3255,3166,4012,3829,3489,3277,6746,4812,3852,3468,11933,5963,3971,3430,23.205,-32.3328,8.72598,47.9693
34380,6462,9926,5787,3875,4768,5289,4359,3674,3779,3838,3588,3307,3336,3366,3323,3213,-32.0693,-8.33815,8.81333,47.9267
34381,3129,3302,3439,3435,3179,3394,3807,3944,3397,3978,5017,5737,3363,4136,7018,11610,30.2201,21.8577,8.70785,47.9233
34382,3302,3367,3212,3181,3967,3841,3522,3249,6524,4743,3705,3345,12099,6005,3965,3389,23.8725,-30.473,8.77985,47.6107
34383,3681,3570,3344,3111,4756,4413,3718,3406,8102,6532,4053,3522,6975,5748,4087,3501,12.4621,-18.3915,8.8145,48.346
34384,3406,3928,6037,11570,3388,3726,4809,7211,3217,3517,3799,4052,3111,3305,3363,3435,-21.8968,28.7812,8.58491,47.916
34385,3447,3483,3304,2987,3943,3814,3494,3168,5725,5054,4013,3510,9740,8361,4490,3475,33.0963,-16.8369,8.97864,48.0053
34386,3504,3830,4177,4068,3602,4612,6605,5058,3657,4653,7197,5339,3484,3920,4503,4232,1.15005,8.93614,8.82916,48.294
34387,3689,3589,3242,3133,4590,4054,3625,3263,8002,5801,3922,3433,8329,5933,3973,3385,15.1152,-20.8314,8.53878,47.9753
34388,3343,3281,3343,3162,3863,3725,3382,3194,6197,4822,3818,3415,12479,6022,3860,3365,26.8606,-33.0592,8.8917,47.514
34389,7795,5437,3857,3248,8838,5815,4006,3469,4874,4219,3525,3230,3772,3643,3307,3217,-12.8602,-22.7613,8.59647,48.168
34390,3320,3331,3334,3162,3830,3787,3385,3302,5856,4774,3798,3366,12704,5942,3988,3417,30.2261,-31.0361,8.76327,47.5307
34391,5705,4587,3647,3313,9731,5228,3758,3382,6547,4657,3695,3377,4093,3857,3340,3276,-4.99981,-32.1888,8.6565,48.1287
34392,3440,3860,5710,9581,3421,3750,5305,8523,3260,3527,4045,4475,3078,3132,3464,3623,-16.7358,26.4603,8.66795,48.1293
34393,3393,3520,3597,3482,3430,3963,4665,4176,3747,5297,8165,5340,3738,4894,6060,4986,11.3467,7.09784,8.93915,48.302
34394,3340,3835,5319,8851,3359,3750,5233,9019,3315,3539,4091,4737,3216,3356,3548,3660,-14.8387,28.6128,8.75671,48.112
34395,3175,3245,3424,3472,3161,3515,3785,3938,3524,3958,5111,5613,3344,4341,8195,10002,33.5542,17.5164,8.7901,47.8687
34396,3293,3814,5297,8018,3377,3931,5030,9496,3149,3499,4201,4935,3058,3313,3565,3715,-12.7,30.6513,8.77244,47.794
34397,3379,3414,3156,3241,3960,3756,3442,3243,6128,4697,3722,3322,12667,5814,3847,3467,31.785,-29.4951,8.87125,47.5033
34398,10228,7709,4385,3421,6064,5123,4023,3443,3999,3891,3475,3363,3361,3436,3267,3142,-24.6187,-18.7417,8.76128,48.22
34399,11130,5841,4004,3463,7485,4986,3970,3407,4241,3852,3448,3141,3467,3355,3268,3066,-20.0224,-28.2736,8.97819,48.0827
34400,3397,3448,3292,3052,3889,4106,3628,3327,5508,5993,4320,3611,7428,8699,4941,3656,20.9879,-12.7565,8.88243,48.1967
34401,3055,3300,3396,3394,3206,3549,3864,4094,3428,3870,4931,7058,3321,3996,6028,11617,22.4438,27.3373,8.5558,48.0713
34402,3536,3532,3258,3140,4193,4235,3736,3358,6243,6851,4377,3558,6932,7462,4494,3626,16.4559,-13.3999,8.79743,48.354
34403,9681,7096,4164,3451,6774,5423,4180,3498,4208,4009,3567,3158,3522,3370,3230,3177,-20.055,-19.7136,8.98841,48.3387
34404,3107,3346,3262,3264,3560,3769,3747,3525,4003,4920,4909,4217,4532,7662,9031,5112,30.8396,2.06792,8.99476,47.9773
34405,3323,3709,4955,7546,3289,3796,5215,9638,3201,3619,4193,5330,3068,3326,3721,3713,-11.2572,31.8106,8.7598,47.7613
34406,3428,3883,5521,7669,3479,3884,5780,8956,3172,3621,4134,4979,3104,3202,3542,3748,-12.552,22.5992,8.81821,48.068
34407,6984,9784,5332,3798,5058,5703,4363,3546,3767,3884,3488,3379,3300,3408,3202,3200,-23.9715,-10.0958,8.9702,48.1307
34408,3081,3153,3483,3436,3180,3425,3808,3790,3419,3903,4995,5873,3366,4049,7380,11215,28.5646,20.7681,8.76767,47.704
34409,3282,3876,6041,12771,3437,3802,4721,6389,3149,3425,3737,3926,3166,3215,3344,3459,-25.243,28.3709,8.95846,47.8267
34410,10264,5983,3991,3360,7733,4992,3800,3307,4367,3902,3540,3177,3410,3408,3310,3126,-18.6847,-25.7809,8.94854,47.78
34411,3446,3397,3193,3083,4103,3956,3430,3205,7294,5104,3705,3359,11428,5956,3961,3389,21.0242,-27.128,8.91412,48.006
34412,3256,3536,4169,4685,3341,3815,4924,7902,3346,3791,5105,8454,3339,3577,4234,4877,0.8453,30.0312,8.54966,48.234
34413,3870,4312,4365,3853,4276,6249,6357,4152,4155,5682,5672,4011,3640,4109,3911,3711,-1.47437,-0.360413,8.66006,48.2167
34414,11034,6366,4084,3475,7059,5152,3854,3362,4198,3882,3475,3226,3412,3279,3266,3083,-21.7149,-23.7224,8.63707,48.138
34415,3866,4617,4928,4156,4173,6198,7463,4729,3744,4772,5086,4077,3360,3727,3842,3506,-6.60787,2.53669,8.55907,48.1627
34416,4553,7320,8510,5094,4131,5043,5458,4444,3419,3815,3711,3601,3333,3442,3470,3302,-23.0913,2.1561,8.77224,48.4307
34417,3563,3798,3981,3687,4239,5461,5296,4075,4261,6732,6413,4065,3903,4573,4445,3987,3.57414,-0.714953,8.92048,48.3193
34418,3054,3180,3535,3462,3209,3359,3847,3889,3382,3786,4908,6022,3299,3991,6196,12682,30.7348,27.0364,8.62602,47.8673
34419,3522,3889,4443,4252,3766,4877,7274,5150,3697,4614,6616,5126,3504,3712,4186,3984,-1.34369,9.0002,8.67976,48.408
34420,6010,9965,6459,4126,4576,5061,4606,3767,3559,3645,3667,3296,3376,3394,3363,3174,-29.254,-5.93967,8.98141,48.0293
34421,3383,3389,3196,3127,3850,3918,3386,3278,6661,4849,3666,3395,12373,5954,3996,3353,24.3335,-29.4667,8.94255,47.8493
34422,3540,3654,3493,3187,4115,4736,4074,3565,5406,8184,5286,3822,4975,5970,4730,3746,10.1334,-7.25419,8.82865,48.322
34423,10966,5708,3950,3350,7677,4881,3788,3365,4116,3957,3356,3258,3447,3420,3362,3129,-19.6083,-31.9012,8.87369,47.82
34424,4348,6563,8164,5176,4025,5341,5945,4547,3602,3758,4013,3614,3210,3380,3370,3263,-19.5654,2.86755,8.75583,48.2127
34425,3241,3604,4418,5154,3481,3837,5428,8526,3379,3884,5133,7277,3292,3465,4023,4462,-2.4722,23.0655,8.58118,48.4027
34426,3199,3468,3798,4014,3402,3784,5005,5606,3538,4044,6831,7886,3485,3834,5099,5496,6.37553,17.839,8.51743,48.326
34427,4235,4752,4288,3714,5012,7628,5256,3862,4481,6036,4637,3671,3812,4003,3713,3384,-3.89326,-6.30659,8.60034,48.3227
34428,3243,3325,3361,3401,3426,3707,3897,3659,3967,4904,5646,4480,4358,6783,8882,5324,22.3611,3.85734,8.63969,48.242
34429,5795,6323,4373,3659,6372,7539,4627,3692,4346,4532,3740,3429,3561,3730,3379,3217,-12.0618,-12.2013,8.58875,48.2093
34430,9971,8194,4348,3428,5776,5194,3891,3458,3928,3837,3594,3253,3391,3339,3232,3178,-26.1989,-17.8926,8.97187,48.008
34431,9429,5439,3734,3377,8606,5138,3853,3427,4454,3996,3472,3264,3514,3458,3337,3093,-16.003,-33.4869,8.92332,47.7273
34432,8870,8612,4711,3527,5747,5566,4002,3436,3849,3960,3459,3376,3429,3406,3268,3224,-23.7555,-15.3229,8.92724,48.2947
34433,3407,3978,5761,11267,3406,3847,5024,7426,3140,3400,3951,4186,3046,3332,3373,3371,-20.61,28.5436,8.76123,47.9433
34434,3073,3307,3589,3648,3217,3506,4105,4843,3441,3821,5332,9288,3310,3907,5240,8392,13.7171,27.9424,8.58485,48.0127
34435,3375,3666,4741,6103,3391,3787,5365,9661,3309,3645,4535,6256,3216,3398,3738,4039,-6.95847,26.4814,8.50361,48.15
34436,3270,3543,4241,4244,3458,3922,5787,6073,3361,4050,6785,6963,3428,3729,4511,4844,2.81566,16.0232,8.57196,48.1393
34437,4498,5509,4903,3887,4891,7875,5984,4059,4042,4935,4435,3628,3529,3738,3557,3394,-8.79488,-4.36352,8.6965,48.576
34438,10653,6813,4125,3453,6602,5255,3877,3331,4061,3932,3495,3330,3365,3489,3269,3109,-22.3341,-21.6282,8.70938,48.106
34439,4513,7167,8731,5204,3974,4865,5336,4268,3510,3864,3755,3689,3225,3355,3413,3186,-25.4875,3.07215,8.50355,48.0367
34440,3433,3940,5970,11476,3273,3881,4876,7078,3263,3448,3939,4075,3196,3116,3376,3305,-21.4962,33.6743,8.79163,47.7633
34441,3302,3273,3481,3276,3394,3810,3977,3689,3914,4894,6097,4565,4170,6211,8579,5452,20.3698,5.08301,8.83817,48.056
34442,9626,7864,4245,3620,6130,5266,4002,3437,3980,3916,3496,3241,3363,3399,3229,3050,-22.9351,-17.9015,8.78547,47.9093
34443,12281,6064,3897,3418,6004,4790,3747,3288,3988,3765,3443,3234,3336,3392,3318,3190,-28.449,-31.3772,8.56535,47.4367
34444,3250,3456,3337,3235,3697,3799,3785,3471,4389,5948,4957,3946,5607,8860,6416,4232,21.9548,-5.01434,8.55984,48.2567
34445,3175,3326,3406,3228,3383,3736,3928,3618,3976,5045,5587,4363,4477,6919,8638,5164,22.6764,2.91687,8.66037,47.9793
34446,3387,3860,5364,9153,3316,3801,5244,8718,3330,3527,4025,4529,3076,3281,3490,3548,-15.6082,32.1441,8.64055,47.766
34447,3176,3567,4378,5336,3307,3759,5190,8871,3321,3649,4873,7504,3158,3452,4086,4609,-2.4125,28.0976,8.69513,48.1573
34448,3781,5028,7099,5363,3812,5116,7581,5165,3528,3812,4347,3953,3258,3421,3488,3521,-14.679,7.35101,8.96995,48.182
34449,3016,3285,3614,3816,3340,3550,4329,5626,3337,3814,5323,9845,3253,3699,4921,7061,9.79901,27.6603,8.90875,47.886
34450,3458,4046,7155,11904,3374,3810,4912,5838,3161,3495,3800,3870,3083,3259,3389,3327,-30.024,22.1758,8.86079,47.9207
34451,3129,3266,3354,3429,3220,3535,3867,3903,3393,4031,5109,5758,3482,4301,7645,10189,33.9061,18.1613,8.74832,47.7407
34452,4086,3898,3468,3199,6807,4571,3655,3225,9579,5043,3838,3354,5650,4491,3596,3434,4.76555,-32.4468,8.96342,47.9293
34453,3521,3385,3211,3053,4322,3859,3525,3200,7668,5086,3880,3462,10314,5969,3976,3458,18.8716,-25.5085,8.64501,47.926
34454,3377,3829,4617,4646,3362,4343,6713,6576,3318,4094,6052,6018,3347,3588,4192,4208,-2.01298,14.6832,8.91984,48.1867
34455,3422,3890,6340,12492,3403,3826,4787,6073,3124,3415,3722,3889,3177,3186,3288,3372,-30.4871,26.4503,8.75095,47.604
34456,4552,4247,3629,3213,6715,6080,4061,3426,6780,6034,4166,3340,4556,4305,3705,3338,0.011922,-16.8574,8.80089,48.098
34457,3173,3333,3340,3183,3569,3881,3841,3582,4168,5075,5214,4139,4677,8127,8200,4809,24.6288,0.190721,8.82469,48.2073
34458,4791,7968,7471,4626,4118,5490,5283,4247,3598,3938,3935,3680,3257,3359,3371,3263,-21.9538,-0.220416,8.56096,48.2633
34459,10356,7927,4272,3452,5919,5285,4024,3410,3935,3935,3340,3259,3304,3380,3243,3004,-24.8565,-18.2077,8.97347,48.03
34460,3264,3575,4519,5395,3334,3815,5403,9148,3399,3739,4892,6899,3233,3472,4004,4328,-3.99958,24.7645,8.83921,48.2793
34461,3111,3393,3507,3341,3306,3572,3914,3827,3738,4528,5737,4875,3863,5762,9641,6473,23.3797,8.69474,8.82522,48.392
34462,3507,4193,5286,4843,3664,4707,8114,5977,3530,4094,5234,4688,3351,3626,3875,3835,-6.97141,10.9776,8.9105,48.3493
34463,3145,3502,3634,3708,3475,3694,4686,4600,3521,4261,7449,7142,3438,4186,5984,5824,10.8281,14.6339,8.75688,48.166
34464,4349,5143,4347,3517,5194,7863,5406,3779,4443,5490,4386,3688,3757,3853,3680,3552,-6.08949,-6.27189,8.54148,48.298
34465,7666,8494,4725,3559,5647,6066,4317,3604,3922,4052,3641,3351,3419,3435,3267,3128,-20.944,-13.1889,8.78058,48.1953
34466,3269,3682,4645,6078,3431,3729,5198,9842,3330,3661,4481,6102,3292,3450,3766,4112,-6.62312,29.1957,8.93376,48.0453
34467,5772,9792,6596,4177,4536,5242,4589,3872,3675,3809,3728,3398,3236,3339,3334,3136,-30.1743,-5.28776,8.97718,48.154
34468,4341,5346,4671,3888,4873,7822,5873,4086,4176,4872,4342,3647,3628,3879,3586,3343,-8.33436,-3.96753,8.65818,48.2487
34469,3464,4008,6091,12567,3381,3769,4867,6030,3255,3448,3674,4063,3093,3240,3280,3454,-27.1852,28.4114,8.8252,47.7893
34470,3464,3986,5721,10403,3338,3869,5090,7593,3203,3544,4033,4395,3086,3245,3393,3517,-19.1139,27.2914,8.51054,47.92
34471,3337,3453,3259,3195,3851,3800,3521,3222,5526,5192,4070,3426,9563,8563,4437,3450,32.2615,-16.0153,8.88178,47.91
34472,7772,8780,4798,3677,5539,5784,4354,3524,3999,4006,3624,3375,3372,3437,3303,3172,-21.5553,-13.1062,8.65708,48.344
34473,3784,4254,4672,4217,3858,5462,7631,4949,3727,4678,5925,4447,3483,3695,3995,3658,-4.01687,5.27405,8.67327,48.29
34474,3958,3991,3618,3226,5425,5505,3950,3519,6825,6996,4411,3524,4936,4817,3784,3395,4.13655,-14.3633,8.52574,47.92
34475,3185,3321,3455,3343,3483,3701,3961,3807,3881,4603,6477,5110,3902,5377,8643,5942,19.8172,8.37647,8.54777,48.1273
34476,3907,3754,3351,3187,5657,4573,3728,3384,9391,5904,3965,3190,6286,4881,3702,3413,8.10654,-22.1751,8.88475,48.182
34477,3112,3286,3394,3293,3427,3771,3695,3699,3938,4727,5213,4470,4330,6980,9305,5434,29.3848,3.7652,8.64704,48.0493
34478,3138,3181,3551,3405,3246,3478,3975,4263,3464,4036,5592,7231,3531,4144,6822,9138,18.8447,20.0507,8.52916,48.13
34479,3334,3557,3373,3192,3822,4183,3860,3461,5018,7065,5060,3795,5277,7742,5631,3920,16.3136,-6.3857,8.94953,48.1933
34480,5016,4974,3919,3424,6912,7547,4374,3444,5093,5371,3977,3471,3897,3855,3531,3291,-5.90522,-14.0255,8.9982,48.064
34481,5527,8746,6317,4285,4549,5869,4974,3874,3668,3899,3787,3585,3262,3433,3342,3187,-21.4737,-4.74282,8.82235,48.2027
34482,3455,3613,3671,3609,3825,4674,4581,3825,4282,7020,6841,4302,4192,4983,4917,4149,7.90681,-0.198098,8.75243,47.9593
34483,3537,4802,9063,8741,3461,4111,5288,5343,3241,3577,3701,3897,3176,3394,3419,3278,-28.8061,14.4503,8.54831,48.0193
34484,3378,3538,3525,3395,3756,4237,4028,3742,4497,6598,6137,4324,4590,6303,6032,4354,14.0759,-1.01319,8.72869,48.2893
34485,4566,6318,6111,4424,4361,6688,6331,4173,3604,4196,4208,3694,3334,3484,3399,3500,-14.5854,-0.936765,8.97683,48.2607
34486,4522,7415,8735,5230,4074,4885,5370,4325,3469,3673,3716,3560,3202,3335,3385,3221,-24.8484,2.238,8.94427,48.078
34487,3255,3567,4006,4778,3305,3701,5064,8167,3301,3763,5054,8209,3260,3592,4236,4885,0.288367,24.5851,8.9009,48.0953
34488,3210,3520,4182,4753,3467,3861,5353,7424,3495,3896,5441,7853,3232,3572,4322,4784,0.617714,21.9378,8.55616,48.2433
34489,4869,6470,5178,3986,5048,7637,5615,3806,4003,4473,3987,3471,3489,3563,3540,3241,-12.7685,-5.31557,8.89735,48.2507
34490,3711,4470,5067,4393,3947,5722,7898,4928,3636,4431,5358,4350,3476,3553,3843,3715,-6.6124,4.7933,8.80866,48.332
34491,3871,3630,3302,3170,5152,4380,3591,3300,9118,5957,4011,3360,7049,5199,3836,3297,11.0453,-22.1075,8.62018,48.1487
34492,5323,5184,4081,3328,7348,7353,4208,3537,5169,5043,3978,3403,3897,3920,3519,3247,-7.08702,-14.8782,8.71274,48.3587
34493,3711,3691,3455,3225,4890,4765,3790,3419,7229,7468,4407,3601,5705,5456,4063,3533,9.38996,-14.6952,8.83323,48.272
34494,3673,4213,5229,4757,3688,4923,8056,5709,3538,4191,5529,4687,3333,3530,3751,3752,-6.42982,9.30867,8.88399,48.3727
34495,7656,5237,3812,3321,9341,5625,3931,3287,5179,4243,3592,3275,3833,3636,3298,3152,-11.9652,-25.3094,8.58772,48.2787
34496,5364,4428,3592,3338,9343,5000,3855,3387,7053,4636,3703,3371,4255,3974,3439,3277,-4.08307,-30.2544,8.78308,48.01
34497,3241,3550,3722,3605,3485,4208,4850,4314,3861,5334,8157,5164,3715,4668,5819,4753,9.34619,6.72846,8.79141,48.2973
34498,3284,3270,3353,3308,3438,3623,3832,3750,3855,4458,5227,4728,3899,5917,9846,6252,31.7319,7.64476,8.60091,48.0267
34499,4050,3813,3340,3148,6216,4501,3741,3435,9586,5396,3930,3315,6025,4695,3553,3370,6.4732,-26.2741,8.59096,48.076
34500,3091,3168,3408,3537,3238,3433,3875,4245,3390,3860,5093,7656,3345,3941,5856,10861,19.3332,27.0661,8.63762,47.998
34501,3410,3438,3334,3362,3669,4068,3973,3642,4468,6361,5757,4118,4700,7163,6530,4396,17.1721,-1.87347,8.55204,48.2593
34502,3717,3753,3368,3181,4424,5039,4143,3584,5685,8108,5084,3739,5005,5653,4449,3564,8.63409,-8.87704,8.64241,48.3307
34503,7528,9564,5374,3768,5135,5256,4370,3797,3741,3863,3546,3288,3349,3422,3196,3173,-27.6172,-11.2119,8.53214,48.2467
34504,3997,5301,7738,5468,3931,5099,7039,5013,3491,3897,4201,3892,3203,3396,3399,3388,-16.4432,6.96452,8.8684,48.302
34505,3241,3456,3439,3547,3548,4208,4018,3659,4338,6484,6516,4303,4405,6146,6149,4507,14.036,0.0955232,8.54391,47.976
34506,3198,3405,3764,3826,3393,3819,4785,5169,3362,4110,6990,7903,3412,3946,5357,5922,8.79308,16.8689,8.95934,48.2407
34507,3399,3434,3227,3041,3876,3941,3649,3170,5954,5436,4089,3532,9065,8019,4558,3463,22.8278,-16.597,8.75654,47.902
34508,3888,4617,5541,4462,3916,5669,7952,4938,3743,4323,4976,4068,3360,3675,3798,3640,-8.90326,4.82658,8.6216,48.3773
34509,3078,3149,3355,3361,3173,3506,3775,4177,3280,3753,4960,6614,3411,3992,6181,12206,23.7413,27.0868,8.98416,47.9807
34510,3143,3266,3423,3534,3241,3501,4037,4309,3473,3859,5302,7662,3328,3964,6025,9784,18.2132,23.7368,8.53234,47.9007
34511,5303,6787,4897,3893,5355,7487,5090,3820,4030,4373,3991,3424,3538,3567,3437,3336,-13.4711,-7.60327,8.53768,48.2187
34512,3131,3163,3351,3548,3206,3408,3890,4265,3405,3818,5150,8020,3408,3907,5951,10401,18.5256,25.461,8.93303,48.0147
34513,4873,4929,3950,3457,6341,7531,4606,3546,5121,5631,4067,3509,4007,3998,3615,3240,-4.95593,-12.4691,8.68219,48.2807
34514,3140,3244,3475,3424,3253,3494,3961,4434,3412,3878,5033,8025,3335,3852,5611,10434,18.4314,31.0713,8.96031,48.0033
34515,3311,3522,3899,3832,3493,4074,5172,4545,3670,4994,8114,5741,3620,4226,5365,4726,7.37081,9.46175,8.75301,48.2027
34516,7291,9728,5222,3694,5019,5353,4334,3683,3729,3871,3607,3293,3275,3435,3237,3126,-27.1543,-10.8657,8.65915,47.9313
34517,3622,4611,8638,8199,3576,4091,5644,5634,3347,3522,3931,3869,3159,3417,3387,3384,-22.5328,14.2663,8.61934,48.0207
34518,3495,4486,7473,7847,3529,4074,6164,6556,3317,3646,3958,4202,3107,3257,3508,3451,-18.1511,15.7191,8.94386,48.0467
34519,4647,4156,3665,3243,7189,5577,3898,3359,7587,5772,3805,3338,4805,4200,3670,3424,0.679209,-19.9001,8.50545,48.2233
34520,4684,8279,7926,4570,4224,5328,5066,4206,3594,3815,3765,3519,3288,3359,3310,3249,-25.2518,-0.604336,8.72589,48.1213
34521,3208,3317,3287,3199,3393,3710,3910,3631,3932,4679,5579,4530,4197,6547,9359,5723,24.0307,5.5276,8.80006,48.134
34522,3157,3569,4071,4186,3267,3764,5079,6354,3513,3986,5937,8535,3343,3566,4605,5327,4.45355,20.8553,8.79566,48.1727
34523,5421,8530,6627,4249,4524,5890,4934,3973,3728,3772,3824,3477,3303,3453,3290,3234,-21.5123,-4.01982,8.77147,48.1527
34524,3398,3732,5002,7503,3319,3867,5224,9564,3324,3512,4374,5143,3153,3278,3565,3602,-11.247,33.2265,8.59257,47.7067
34525,3219,3518,4007,4277,3307,3630,4583,6943,3240,3785,5105,9333,3412,3601,4427,5351,3.80628,33.8936,8.92273,47.8253
34526,3027,3328,3348,3443,3159,3537,3881,3901,3410,3918,5030,5553,3512,4223,8084,10469,33.3341,18.2812,8.9268,47.882
34527,3528,4135,5354,5114,3628,4513,7920,6549,3488,3899,5273,4783,3188,3530,3851,3960,-7.45674,12.5336,8.65671,48.4753
34528,4928,4761,3893,3442,7063,7101,4323,3520,5378,5423,3888,3397,4180,3959,3612,3146,-4.95119,-15.0715,8.7348,48.0093
34529,3880,3787,3214,3091,5501,4305,3566,3215,9983,5206,3786,3348,7077,4968,3766,3326,9.48594,-28.9641,8.69227,48.0127
34530,3844,4896,7645,6228,3698,4543,7235,5685,3442,3712,4065,4052,3212,3259,3491,3534,-16.4245,10.7399,8.71305,48.3607
34531,5368,9318,6809,4255,4396,5138,4809,3881,3655,3798,3753,3481,3251,3511,3294,3324,-33.115,-3.89402,8.51445,48.0273
34532,3123,3331,3609,3729,3261,3581,4272,4913,3427,3821,5827,9147,3352,3979,5262,7655,12.7134,22.6487,8.97104,48.1927
34533,3251,3445,3394,3139,3705,3819,3876,3592,4209,5509,5578,4289,4540,7448,7986,4727,21.1813,0.409538,8.85862,48.338
34534,5691,4586,3645,3297,9833,5220,3693,3321,6710,4575,3858,3358,4107,3832,3362,3165,-4.92656,-30.0225,8.81877,48.1687
34535,3456,3615,3307,3273,4263,4403,3744,3369,5926,7322,4593,3615,6081,6901,4550,3776,14.0174,-11.3067,8.60465,48.1293
34536,3197,3205,3494,3384,3217,3604,3903,3964,3445,4053,5604,6137,3499,4551,8010,8868,22.3017,16.0439,8.54103,48.09
34537,7130,5439,3960,3424,8793,5907,3979,3401,5073,4429,3644,3232,3717,3554,3433,3175,-11.3813,-21.2918,8.74192,48.1933
34538,3612,4043,4189,3782,3922,5275,6433,4430,3945,5729,6781,4479,3630,4040,4243,3944,0.98236,2.6759,8.74549,48.318
34539,4255,4024,3585,3220,5909,5861,4024,3471,6842,6936,4211,3503,4741,4531,3814,3373,2.68854,-15.2642,8.80323,48.2
34540,3139,3276,3373,3494,3163,3531,3820,3947,3427,3872,4882,5851,3433,4027,6754,11641,33.0211,22.4262,8.6809,47.7533
34541,3056,3426,3542,3647,3304,3482,4208,4635,3339,3795,5194,8833,3381,3774,5559,9169,15.377,27.0263,8.5006,48.2293
34542,3240,3437,3368,3317,3730,4061,3918,3501,4605,6698,5704,3923,5010,7551,6289,4168,17.3622,-3.12038,8.9588,48.3467
34543,5356,8650,6623,4280,4540,5875,4967,3932,3732,3969,3699,3533,3241,3389,3255,3094,-21.2929,-4.29646,8.67403,48.09
34544,11030,5823,3841,3440,7466,5012,3847,3407,4248,4021,3416,3200,3378,3295,3219,3163,-20.031,-28.3155,8.70267,47.8707
34545,3484,3987,6624,9661,3353,3860,5500,7405,3352,3571,4027,4195,3112,3316,3391,3479,-18.8604,21.1698,8.81723,48.2113
34546,3138,3406,3867,4135,3250,3540,4537,6114,3283,3830,5497,9838,3331,3608,4725,5831,6.44554,25.3336,8.85685,47.9533
34547,3155,3310,3401,3299,3372,3502,3826,3696,3636,4225,5386,4912,3834,5423,9923,7036,27.2212,10.1703,8.85621,47.9573
34548,3274,3423,3633,3456,3530,3982,4720,4177,3953,5374,8173,5281,3840,4729,6119,4745,10.4861,6.7044,8.87346,48.2727
34549,4626,4097,3476,3242,7858,4784,3626,3423,8837,5062,3652,3382,5132,4346,3571,3242,1.74378,-30.061,8.8391,48.2373
34550,3462,4358,8016,10223,3430,4013,5038,5661,3218,3522,3837,3882,3185,3263,3384,3536,-31.1487,18.173,8.62747,48.0187
34551,3532,3433,3222,3059,4498,3977,3521,3222,8592,5079,3720,3443,9543,5573,3814,3435,16.3318,-32.8956,8.8437,47.7753
34552,3532,4232,5029,4453,3847,4778,7850,5644,3710,4156,5724,4732,3346,3664,3949,3777,-5.02654,9.24995,8.53265,48.282
34553,3167,3228,3620,3631,3345,3506,4235,4841,3418,3833,5510,8705,3233,3917,5563,8199,14.1729,23.2008,8.58823,47.9673
34554,3297,3201,3393,3298,3518,3710,3822,3643,4061,4940,5070,4200,4494,7707,9025,5158,28.4628,2.03111,8.90656,48.358
34555,6559,4763,3711,3464,9954,5245,3885,3337,5642,4464,3513,3314,3829,3744,3385,3142,-8.39599,-32.3394,8.73875,47.9673
34556,3386,4092,5954,6975,3420,4027,6541,7771,3274,3689,4479,4716,3082,3405,3674,3747,-12.8717,17.7402,8.54332,48.1547
34557,3607,3710,3396,3215,4510,4665,3826,3418,6125,7766,4659,3616,5507,6330,4518,3643,11.6462,-11.3376,8.80749,48.3407
34558,3559,4275,5505,4908,3660,4803,7881,6122,3498,3923,5272,4625,3235,3600,3770,3707,-7.84654,10.5438,8.56058,48.2287
34559,3255,3393,3390,3330,3598,3682,3775,3554,4191,4925,5093,4292,4546,8015,8388,4931,26.2425,0.861482,8.58712,48.2387
34560,3373,4087,7176,11539,3417,3742,4879,5935,3239,3352,3809,4043,3155,3255,3379,3373,-28.7641,21.6669,8.60625,47.8353
34561,3703,3648,3301,3145,5240,4254,3510,3325,9537,5160,3819,3368,7649,5169,3689,3428,11.8546,-29.3246,8.52325,47.9633
34562,3123,3218,3301,3387,3342,3482,3673,3706,3504,4033,5209,5450,3650,4525,8677,9464,27.4964,15.9362,8.85904,47.8293
34563,5408,4949,3860,3283,8112,6400,3990,3421,5802,5103,3801,3320,4075,3921,3580,3193,-5.85921,-18.5126,8.51061,48.1453
34564,3137,3551,3886,4323,3318,3767,4663,7196,3372,3806,5131,9459,3223,3555,4420,5497,3.59513,30.1585,8.92067,48.2027
34565,3069,3203,3417,3280,3250,3412,3803,3969,3467,3969,4884,6107,3441,3958,6500,12186,27.3127,24.2064,8.61587,47.9433
34566,3430,3848,3912,3870,3731,4677,5742,4326,3837,5609,7459,4779,3685,4335,4689,4185,4.25194,4.94485,8.77516,48.076
34567,4836,7973,7495,4560,4276,5664,5438,4065,3538,3840,3835,3651,3288,3351,3424,3273,-21.2004,-0.882162,8.99369,48.338
34568,4836,8275,8022,4730,4085,5077,5009,4248,3565,3746,3781,3520,3425,3323,3380,3233,-25.8095,-0.551464,8.86169,48.17
34569,4011,4475,4135,3772,4459,6986,5846,3919,4331,6103,5145,3890,3741,4079,4085,3523,-2.02125,-2.93392,8.84372,48.3333
34570,3522,3551,3232,3093,4163,4052,3683,3226,6269,6401,4177,3584,7458,7620,4521,3629,17.509,-14.6927,8.70499,48.1207
34571,3239,3483,3721,4052,3183,3718,4636,5949,3346,3836,5772,9378,3306,3693,4772,5919,6.80183,23.4072,8.8663,48.002
34572,3393,3896,5336,7611,3366,3823,5605,9130,3248,3639,4206,5019,3088,3393,3636,3784,-11.8829,23.3957,8.5214,48.1153
34573,2991,3127,3514,3442,3093,3499,3900,3987,3342,3821,4990,6990,3422,3903,6135,11791,22.874,26.2006,8.81524,47.9647
34574,3163,3256,3551,3599,3249,3586,4136,4620,3328,3859,5168,8778,3422,3925,5317,8828,14.7753,30.5457,8.62267,47.8567
34575,7291,9685,5309,3678,5059,5336,4209,3524,3833,3854,3592,3358,3353,3448,3272,3051,-26.9916,-10.8697,8.61781,47.9013
34576,3307,3414,3333,3175,3613,3880,3685,3416,4314,5003,4894,4035,5092,8634,7792,4692,26.9641,-1.33625,8.52449,48.186
34577,3198,3131,3463,3383,3212,3555,3894,3947,3301,3797,4969,6034,3474,4251,7331,11060,26.8206,20.7777,8.59262,48
34578,4532,4051,3468,3259,7707,4978,3748,3440,8677,4940,3715,3339,5048,4432,3619,3256,1.59783,-33.4149,8.86582,48.1393
34579,5785,9623,6504,4228,4576,5141,4584,3820,3672,3837,3641,3491,3337,3418,3323,3073,-31.1742,-5.29536,8.84831,48.0353
34580,4553,4293,3540,3251,6938,6105,3925,3437,7014,6041,3986,3377,4530,4332,3610,3317,0.077454,-17.728,8.90887,48.166
34581,11391,6418,3919,3380,6978,5057,3850,3384,4109,3875,3531,3177,3433,3334,3284,3022,-22.122,-24.0089,8.9452,48.0947
34582,3197,3564,4023,4211,3473,3892,5454,5886,3565,4204,6973,7327,3370,3708,4669,4975,4.17425,16.3641,8.99648,48.3273
34583,3464,3446,3257,3208,4095,3921,3507,3262,6598,5604,4070,3606,8984,7581,4335,3488,20.3341,-17.6977,8.78821,48.284
34584,6833,8653,4999,3820,5441,6222,4413,3627,3832,3985,3744,3344,3358,3472,3210,3128,-20.4384,-10.9803,8.7166,48.054
34585,3496,4308,5045,4571,3556,4819,8038,5734,3660,4208,5607,4711,3298,3554,3956,3837,-5.65716,9.49921,8.70425,48.2653
34586,4917,6408,5042,3898,5219,7789,5314,3931,3925,4457,4032,3528,3509,3559,3480,3174,-12.7826,-6.31416,8.5113,48.1213
34587,4146,6005,9315,5852,3800,4752,5874,4632,3364,3650,3943,3823,3159,3280,3379,3322,-23.0691,6.28046,8.86105,48.1973
34588,3652,4312,5649,4889,3572,4751,8135,6049,3468,4020,5040,4535,3224,3593,3666,3679,-8.59011,10.6797,8.67188,48.156
34589,6964,8796,5111,3758,5425,6204,4361,3725,3837,3941,3563,3452,3399,3511,3277,3190,-20.6104,-10.951,8.59904,48.3427
34590,3077,3246,3554,3352,3241,3588,3872,4151,3426,3798,5066,6901,3427,3938,6627,11268,22.0755,22.9875,8.99092,48.3547
34591,7617,9288,5123,3680,5330,5645,4314,3657,3799,3874,3538,3265,3353,3423,3257,3236,-23.5643,-12.0826,8.89302,48.266
34592,3043,3186,3297,3400,3293,3411,3710,3960,3378,3835,4963,6002,3370,3997,6563,12384,28.4151,25.0671,8.81585,47.8613
34593,6682,5139,3993,3449,8973,6070,3979,3404,5281,4480,3628,3289,3791,3727,3404,3129,-10.0498,-21.47,8.57994,48.2787
34594,3124,3411,4090,4273,3341,3653,4674,6934,3267,3739,5092,9293,3231,3666,4531,5436,4.10169,28.4475,8.53331,47.8367
34595,3453,3508,3217,3057,4559,3968,3510,3285,8877,5091,3860,3381,9147,5412,3868,3374,15.3903,-32.293,8.5803,47.7113
34596,3171,3362,3658,3503,3439,3899,4698,4285,3752,4967,7843,5734,3753,4560,6340,5306,11.9726,9.34333,8.63142,48.18
34597,6531,6725,4409,3488,6594,7161,4454,3527,4347,4406,3656,3304,3540,3591,3381,3101,-14.3559,-13.6507,8.54771,48.1433
34598,8123,9465,5129,3625,5273,5310,4053,3664,3881,3825,3467,3304,3291,3412,3219,3134,-28.1047,-12.7763,8.82463,48.1167
34599,3801,4316,4347,3986,4010,5863,6430,4246,3997,5645,5828,4295,3668,4056,4108,3693,-1.67556,1.35533,8.80382,48.1927
34600,6072,5389,3953,3488,8041,6647,4030,3376,5159,4692,3741,3384,3801,3731,3429,3179,-8.97909,-17.8363,8.51084,48.0747
34601,3385,3968,6501,12165,3280,3875,4910,5964,3161,3593,3806,3977,3087,3173,3356,3401,-29.3097,24.4716,8.63132,47.7347
34602,7700,9476,5090,3714,5136,5345,4278,3549,3872,3927,3576,3244,3319,3422,3295,3113,-26.74,-12.11,8.58918,48.0373
34603,3827,4355,4363,3738,4392,6495,6088,4117,4144,5878,5735,4026,3694,4163,4079,3578,-1.55781,-0.760566,8.83294,48.448
34604,9638,5741,3906,3342,8427,5169,3801,3276,4441,4072,3578,3270,3593,3548,3358,3065,-16.8309,-26.7567,8.50204,48.15
34605,3082,3235,3306,3358,3369,3463,3753,3819,3418,3699,4771,6280,3418,3927,6099,12378,26.6449,29.42,8.70101,47.5833
34606,3476,4021,6068,9594,3328,3862,5297,7809,3246,3619,4025,4464,3097,3198,3376,3561,-17.5519,23.6502,8.59075,48.0273
34607,11947,5972,4022,3397,6745,4782,3767,3437,3991,3794,3440,3251,3354,3328,3197,3100,-23.6649,-30.511,8.62453,47.6827
34608,3493,3470,3263,3053,4390,4020,3461,3240,7456,5476,3989,3451,9499,6406,4186,3597,18.6902,-21.6971,8.69409,48.3
34609,6969,9715,5536,3800,4878,5163,4353,3706,3787,3805,3773,3368,3272,3431,3278,3148,-27.3826,-9.45231,8.70171,47.988
34610,3459,3494,3309,2956,4455,3962,3505,3154,7664,5539,3927,3387,9305,6337,4030,3453,17.7619,-21.6641,8.78509,47.9573
34611,4486,4333,3637,3274,6751,6043,3965,3387,6879,6063,4030,3503,4657,4425,3756,3286,0.310795,-16.7449,8.51269,48.3167
34612,3272,3471,3381,3083,3807,3947,3428,3300,5462,5130,4097,3561,9404,8724,4575,3441,28.2408,-15.9605,8.57064,48.0553
34613,11041,7505,4233,3448,6041,4903,3796,3468,3872,3819,3571,3303,3323,3325,3204,3042,-26.5953,-20.5588,8.93675,47.9293
34614,8972,5654,3991,3399,8485,5352,3871,3339,4629,4030,3552,3210,3697,3613,3303,3008,-15.6455,-24.1565,8.59833,48.07
34615,3366,3546,4050,4782,3398,3799,4963,8034,3291,3793,4953,8315,3235,3540,4168,4844,0.597079,28.2914,8.58665,48.0513
34616,4196,6683,9369,5669,3853,4600,5201,4521,3533,3687,3726,3674,3157,3292,3386,3252,-28.5865,5.04723,8.59845,47.866
34617,5600,4980,3876,3389,7961,6853,4087,3458,5621,4862,3773,3238,4016,3865,3411,3219,-6.83811,-17.441,8.77923,48.1393
34618,3118,3230,3403,3390,3253,3412,3670,4018,3475,3753,4766,6030,3414,3823,6258,12676,31.6428,25.7448,8.85309,47.7927
34619,11664,6028,3936,3349,6938,4910,3849,3314,4159,3796,3406,3227,3441,3516,3213,3068,-22.8876,-27.3647,8.75865,47.876
34620,3322,3406,3543,3376,3620,4069,4209,3888,4050,5829,7031,4717,4056,5792,6586,4647,14.2781,2.82624,8.53791,48.094
34621,3230,3286,3412,3317,3366,3607,3755,3932,3737,4395,5740,4970,3913,5568,9458,6432,23.5733,8.74027,8.5554,48.0787
34622,3102,3208,3271,3335,3190,3509,3868,4084,3366,3837,5073,5871,3513,4186,7439,11132,26.312,20.9544,8.73393,47.9893
34623,3452,3389,3185,3184,3896,3734,3480,3177,6086,4712,3841,3314,12463,5961,4022,3330,30.1816,-28.3396,8.70432,47.484
34624,3147,3362,3561,3712,3274,3463,4249,5258,3418,3873,5151,9827,3367,3845,4989,7666,11.5704,29.4257,8.70395,48.108
34625,3273,3498,3872,4393,3372,3775,4973,6995,3394,3821,5643,8581,3355,3547,4436,5071,2.7158,23.2309,8.61621,47.9993
34626,3268,3668,4307,5164,3381,3758,5109,9026,3307,3678,4707,7410,3174,3512,3890,4463,-2.85265,31.3916,8.76487,47.8813
34627,3465,3302,3146,3172,3824,3710,3349,3276,5980,4718,3758,3423,12493,5978,3921,3449,28.6894,-33.6964,8.66457,47.3093
34628,3371,3650,4064,3955,3581,4556,6060,4798,3720,4900,7619,5416,3552,3953,4715,4276,3.23779,8.73754,8.57498,48.124
34629,3314,3700,4488,5635,3371,3729,5290,9720,3248,3668,4591,6703,3183,3506,3904,4219,-4.91968,26.6385,8.8774,48.1793
34630,3734,3829,3724,3431,4106,5280,4874,3833,4604,7228,6293,4137,4060,4736,4652,3893,5.49725,-2.11708,8.68545,48.276
34631,3492,3626,3930,3663,3658,4492,5779,4328,3935,5430,7865,5160,3617,4277,4901,4421,5.17915,6.14344,8.82183,48.3827
34632,3419,3263,3240,3113,3863,3716,3472,3233,5644,5062,4071,3356,10239,8130,4311,3447,27.9114,-17.8582,8.73664,47.7193
34633,3461,3708,4041,3745,3842,4788,5666,4325,4039,5813,7401,4751,3703,4358,4752,3996,4.1345,3.83913,8.60331,48.2593
34634,11810,5998,3948,3413,6774,4821,3812,3371,4050,3888,3378,3263,3425,3412,3229,3141,-22.9459,-28.8563,8.61655,47.822
34635,3479,3313,3226,3147,3816,3804,3511,3251,5906,4927,3879,3315,11932,6565,3910,3425,31.3931,-24.2796,8.77618,47.604
34636,6660,5747,4084,3392,7837,6739,4133,3416,4782,4481,3808,3297,3790,3746,3335,3196,-11.5077,-17.606,8.69671,48.2953
34637,3424,3943,5687,9970,3429,3848,5189,8342,3193,3453,3971,4424,3038,3249,3462,3525,-17.0991,26.5526,8.90235,48.098
34638,3462,4110,6839,10703,3341,3943,5166,6681,3224,3582,3953,4093,3225,3298,3334,3401,-21.5645,21.6618,8.92078,48.2367
34639,5826,4607,3665,3356,9723,5292,3717,3354,6465,4544,3520,3352,4166,3787,3498,3189,-5.754,-29.5057,8.72709,48.0407
34640,10820,7669,4278,3405,5997,5013,3926,3414,3871,3872,3505,3214,3549,3337,3269,3114,-27.0814,-19.6025,8.62923,48.1687
34641,3391,3344,3155,3271,3989,3948,3463,3257,6041,4637,3776,3394,12356,5767,3811,3345,33.3561,-30.7336,8.6413,47.2967
34642,3681,4668,7719,7240,3605,4377,6490,5948,3423,3687,3996,4158,3203,3405,3401,3362,-18.303,13.1411,8.64482,48.242
34643,12654,6300,4011,3328,6049,4748,3741,3309,3898,3785,3496,3141,3330,3399,3306,3144,-29.6948,-28.4666,8.54801,47.7593
34644,3052,3216,3478,3594,3221,3576,4022,4626,3280,3814,5252,8919,3458,3954,5576,9033,15.3256,25.6389,8.97752,48.0473
34645,4596,8109,8237,4816,4221,4849,5017,4265,3618,3694,3820,3634,3298,3448,3401,3328,-33.6618,0.642266,8.66351,48.234
34646,9029,8576,4622,3522,5807,5455,4094,3407,3918,3964,3592,3216,3337,3362,3202,3053,-23.6856,-15.7923,8.93827,48.104
34647,5163,4415,3663,3354,9009,5098,3812,3294,7003,4862,3800,3232,4451,4048,3526,3219,-2.9486,-32.8261,8.64983,47.966
34648,3393,3363,3174,3136,4099,3868,3472,3238,7192,5170,3788,3400,11292,6309,3997,3340,20.9169,-25.0328,8.71547,48.154
34649,6054,9962,6443,4028,4636,5273,4555,3818,3727,3835,3609,3342,3295,3426,3345,3239,-28.1151,-6.09297,8.88741,48.3913
34650,4931,8106,6484,4191,4463,6150,5303,4067,3735,3920,3813,3601,3256,3494,3337,3256,-19.6171,-3.01912,8.79542,48.0713
34651,3407,3445,3267,3232,3765,3868,3601,3337,5022,5418,4158,3531,7430,9843,5311,3737,28.2049,-10.6082,8.95696,48.248
34652,3461,3437,3281,3161,4424,4004,3545,3312,8071,5217,3878,3456,9812,6105,3862,3433,17.343,-23.8926,8.84826,48.306
34653,3409,3460,3212,3203,3851,3705,3408,3159,5978,4668,3785,3433,12942,6091,3968,3302,28.5185,-29.3389,8.99021,47.716
34654,3014,3339,3431,3638,3220,3556,4103,4767,3395,3908,5493,8677,3351,3924,5624,8811,14.9636,24.2837,8.56597,48.1673
34655,3477,4497,7966,9320,3468,4053,5487,6186,3300,3470,3931,3984,3115,3267,3333,3444,-22.4646,17.3832,8.98017,48.1987
34656,3396,4077,5759,8533,3416,3967,5629,8134,3243,3568,4142,4574,2961,3319,3536,3690,-15.2739,22.8292,8.70441,47.9627
34657,3368,3872,3902,3712,3803,4708,5642,4268,3843,5612,7784,4931,3713,4247,4868,4348,4.91552,5.07372,8.96597,48.414
34658,3270,3561,4012,4153,3311,3881,5220,5834,3525,4139,6476,7890,3326,3850,4809,5213,4.7101,17.775,8.56478,48.3133
34659,3224,3392,3375,3272,3554,3764,3884,3743,3968,5061,5625,4521,4392,6830,8475,5131,21.9241,2.75601,8.64723,48.1407
34660,3455,3499,3334,3052,4177,3887,3548,3264,6955,5485,4029,3326,9575,6735,4201,3508,19.9083,-20.2528,8.68667,48.02
34661,2986,3308,3357,3380,3321,3567,3920,4036,3498,4050,5282,6482,3406,4245,7543,9808,22.341,18.926,8.85965,48.126
34662,3268,3439,3236,2985,3874,3896,3509,3173,5499,5173,4052,3420,9535,8551,4382,3411,32.0213,-16.3983,8.86661,47.602
34663,4141,6215,9259,5974,3842,4664,5648,4563,3470,3728,3950,3731,3068,3284,3395,3390,-24.439,6.23164,8.64409,48.2147
34664,3618,4170,5499,4982,3725,4732,8160,5890,3503,3977,5126,4685,3280,3558,3762,3826,-7.97683,10.4439,8.82195,48.3287
34665,3714,4498,5859,4928,3703,5040,8248,5492,3605,4023,4973,4327,3243,3502,3683,3675,-9.99288,8.65095,8.55486,48.342
34666,3683,5012,9534,7940,3480,4165,5248,5009,3437,3527,3747,3741,3150,3275,3361,3483,-30.6414,12.2301,8.55358,47.8613
34667,10983,7659,4324,3492,5989,4926,3943,3456,3892,3851,3426,3176,3321,3335,3278,3148,-27.3039,-19.8246,8.83464,48.1327
34668,3331,3618,4010,4080,3534,4022,5689,5223,3568,4333,7540,6512,3401,3972,4872,4958,4.70122,12.7766,8.76713,48.442
34669,3390,3374,3413,3248,3609,3753,3734,3609,4177,4988,4880,4073,4814,8105,8122,4738,33.0545,0.13706,8.62765,48.018
34670,3098,3270,3496,3498,3343,3648,4170,4154,3512,4265,6311,6444,3513,4488,7356,7607,17.1527,15.0296,8.55232,48.1153
34671,3150,3550,4220,4771,3294,3757,5130,7881,3418,3717,5155,8067,3204,3537,4298,4912,0.28241,23.7038,8.53351,48.0407
34672,3333,3759,4950,6881,3383,3911,5074,10020,3283,3606,4339,5531,3134,3373,3669,3842,-9.30404,32.7668,8.92057,48.0587
34673,6050,4954,3745,3340,9015,6022,3884,3464,5630,4693,3584,3336,3926,3835,3353,3247,-7.94809,-21.3152,8.62873,48.052
34674,3311,3851,5209,6563,3270,3832,5994,9200,3295,3654,4564,5504,3123,3257,3660,3847,-9.29545,22.1584,8.58807,48.0893
34675,3870,5859,9779,6323,3683,4496,5135,4752,3416,3583,3998,3707,3124,3306,3368,3333,-32.5124,8.04653,8.70459,47.8213
34676,4662,5916,4711,3795,5047,8256,5651,3872,4127,4915,4112,3559,3539,3755,3496,3275,-9.8783,-5.30713,8.98082,48.4587
34677,4235,7193,9131,5291,3966,4622,5088,4400,3608,3714,3849,3631,3246,3270,3333,3277,-30.3227,3.0773,8.61591,47.9027
34678,4138,3782,3508,3333,6549,4713,3647,3404,9550,5100,3774,3445,5687,4485,3709,3244,5.05805,-33.5697,8.5971,48.0453
34679,3833,5267,9773,7138,3622,4197,5305,5011,3298,3589,3762,3799,3253,3295,3368,3433,-33.2083,10.7886,8.66809,47.962
34680,3241,3678,4450,5352,3357,3882,5525,8941,3292,3783,4896,7085,3188,3469,3782,4345,-3.44141,22.7779,8.8508,48.1773
34681,4790,4483,3703,3306,7345,6653,4172,3380,6141,5746,3949,3344,4249,4097,3552,3332,-2.62237,-16.6595,8.99836,48.1613
34682,3244,3244,3528,3514,3296,3461,4114,4663,3339,3819,5182,8818,3303,3827,5398,9066,15.0509,27.7695,8.82104,47.8773
34683,3557,3531,3240,3184,4586,4050,3476,3221,9121,5262,3767,3439,8987,5290,3742,3385,14.682,-30.3828,8.9747,47.892
34684,4249,6840,9371,5600,3907,4849,5158,4435,3492,3599,3887,3542,3174,3451,3345,3355,-26.8036,4.65287,8.60221,48.1693
34685,12534,6171,3913,3338,6276,4688,3725,3436,3837,3792,3464,3272,3330,3280,3254,3141,-26.533,-28.2755,8.77922,47.634
34686,3603,4605,7979,8048,3583,4011,5843,5959,3402,3652,3969,4171,3140,3274,3565,3336,-20.1679,15.226,8.69897,48.0933
34687,3273,3640,4617,5242,3453,3929,6289,7868,3412,3870,5199,6159,3229,3537,4075,4291,-4.14841,18.8341,8.61336,48.0553
34688,3184,3314,3349,3349,3210,3477,3768,3923,3323,3787,4836,6558,3334,3884,6022,12343,25.8991,28.2261,8.68575,47.774
34689,4706,6159,5121,3920,4873,7763,5682,3971,3998,4602,4097,3453,3479,3703,3541,3261,-11.8116,-5.09788,8.88598,48.2193
34690,7900,5204,3845,3357,9563,5140,3766,3402,5013,4197,3693,3305,3547,3575,3233,3204,-12.5889,-33.668,8.76957,47.9627
34691,3177,3275,3351,3269,3278,3472,3810,3736,3638,4338,5388,5080,3785,5251,9446,7761,27.2108,11.4626,8.53064,48.0367
34692,4924,5799,4436,3613,5375,8264,5132,3866,4143,4956,4057,3526,3658,3733,3404,3308,-9.35161,-8.19049,8.74656,48.1293
34693,3627,3467,3368,3091,4556,3946,3456,3226,8574,5111,3804,3351,9582,5421,3848,3284,16.2718,-28.5228,8.84907,47.808
34694,3525,3591,3281,3035,4947,4119,3579,3243,9133,5283,3861,3342,8630,5248,3832,3390,14.1434,-29.3788,8.72593,48.026
34695,5820,4510,3578,3330,9786,5329,3788,3383,6502,4476,3617,3249,4099,3842,3317,3250,-5.75241,-28.1452,8.8837,47.9173
34696,3440,4064,6493,9458,3406,3901,5613,7320,3343,3598,4096,4284,3020,3188,3509,3514,-18.7867,21.4585,8.56803,48.1647
34697,3171,3276,3373,3336,3425,3739,3911,3656,4062,5160,5697,4433,4397,6951,8521,5019,21.7397,2.86013,8.6941,48.0847
34698,3367,3593,4559,5755,3376,3844,5240,9805,3200,3700,4548,6648,3145,3408,3893,4129,-5.68636,28.4522,8.99912,48.14
34699,3325,3566,4064,4037,3377,3937,5222,5365,3483,4279,7425,6978,3372,3926,5061,5158,5.84541,14.6161,8.69098,48.3833
34700,3202,3284,3406,3395,3224,3519,3886,3965,3379,3885,4901,7023,3511,3844,6029,11421,22.3777,33.8735,8.59927,47.916
34701,4505,5066,4106,3561,5470,8214,5087,3760,4554,5563,4252,3502,3795,3860,3590,3319,-5.27006,-8.38702,8.95634,48.136
34702,3522,3420,3320,3092,4388,3928,3475,3140,7812,5016,3834,3412,10640,5777,3951,3372,19.2163,-27.5323,8.84248,48.066
34703,3339,3894,6246,12768,3369,3817,4749,6175,3231,3336,3826,3794,3168,3165,3430,3284,-28.1566,26.6747,8.90158,47.7273
34704,4160,6162,7449,4908,4077,5518,6607,4497,3679,4019,4197,3800,3226,3370,3507,3428,-17.1144,2.87263,8.63374,48.4027
34705,3217,3672,4713,6324,3470,3845,5317,10154,3269,3603,4316,5995,3146,3438,3747,3938,-7.38776,29.4766,8.9819,48.1093
34706,3301,3850,5521,9030,3379,3842,5129,8784,3271,3488,4101,4726,3173,3279,3516,3571,-14.9643,27.5394,8.89782,47.974
34707,6259,9749,5789,4014,4694,5563,4580,3796,3783,3731,3599,3455,3286,3319,3377,3136,-25.0786,-7.52246,8.90654,48.0867
34708,3710,3755,3503,3239,4835,4933,3866,3368,6822,7637,4437,3605,5405,5568,4231,3551,8.62999,-13.1838,8.61298,48.31
34709,5768,8471,5683,3939,4852,6415,4924,3781,3828,4195,3805,3518,3354,3383,3350,3139,-19.1573,-6.91223,8.71628,48.27
34710,3084,3308,3577,3759,3255,3646,4407,4907,3452,4123,6646,8310,3350,4081,5672,6776,11.5148,18.8265,8.86084,48.2353
34711,6465,5609,3991,3480,7968,6647,4040,3450,4979,4661,3688,3379,3697,3750,3443,3136,-10.6826,-17.7108,8.66026,48.2553
34712,3893,4025,3518,3346,4917,5537,3986,3410,5933,7879,4694,3651,4819,4992,4135,3409,5.55278,-11.3651,8.65053,48.096
34713,3719,4271,4563,4023,4017,5916,6993,4580,3957,5186,5762,4195,3629,3958,4051,3758,-2.85772,2.95804,8.55011,48.3853
34714,3342,3957,6063,12531,3387,3692,4741,6110,3253,3446,3702,3825,3158,3195,3294,3476,-31.1425,28.9117,8.76032,47.448
34715,3192,3260,3287,3388,3259,3491,3902,3919,3491,4119,5274,5433,3520,4754,9027,8853,27.5543,14.6575,8.7048,48.1127
34716,3053,3213,3505,3486,3413,3535,4148,4186,3525,4258,6465,6258,3632,4599,7533,7296,17.8416,14.0967,8.76745,48.07
34717,3627,4829,7379,5893,3708,4555,7111,5809,3461,3747,4257,4029,3310,3405,3541,3523,-15.5145,10.0439,8.57927,48.1227
34718,3191,3282,3504,3347,3271,3432,3919,4475,3350,3799,5208,8210,3323,3899,5589,9844,16.8396,32.8406,8.61115,47.762
34719,3652,3985,4305,3710,3860,5347,6311,4374,3905,5553,6717,4467,3727,4036,4346,4022,0.706542,3.10712,8.79452,48.2113
34720,3216,3362,3329,3254,3509,3730,3835,3627,3944,4739,5079,4336,4371,7240,9115,5524,27.6843,2.86172,8.80547,48.14
34721,3170,3258,3389,3369,3304,3597,3831,3841,3479,4032,5032,5400,3631,4706,8880,9148,30.6948,15.0911,8.79873,48.0447
34722,4407,5371,4483,3705,5012,8050,5681,3934,4203,5177,4375,3550,3566,3817,3506,3427,-7.41582,-5.02968,8.95091,48.176
34723,3313,3659,4704,5244,3443,3957,6315,8403,3379,3714,5205,6263,3259,3463,3977,4160,-4.34453,19.4403,8.86477,48.3053
34724,3225,3375,3297,3280,3825,3983,3719,3374,4905,6015,4556,3687,6292,9277,5516,3997,21.4003,-8.46147,8.90187,48.2153
34725,4439,5927,5430,4199,4562,7253,6149,4223,3906,4450,4252,3783,3391,3591,3472,3333,-11.9449,-2.24574,8.73914,48.24
34726,4248,6481,8204,5055,3958,5223,6081,4521,3453,3807,3977,3780,3219,3363,3396,3332,-19.7148,3.63073,8.7814,48.0653
34727,3267,3568,3938,4321,3291,3732,4836,7301,3386,3752,5144,9150,3245,3616,4293,5272,2.8867,29.3685,8.58028,48.0747
34728,4063,4975,5062,4302,4263,6757,7201,4427,3805,4619,4732,3935,3371,3649,3654,3445,-8.06152,0.629741,8.95898,48.1733
34729,3422,3667,3642,3453,3774,4439,4961,3959,4190,6287,7631,4512,3945,4910,5205,4194,8.5723,2.53628,8.87942,48.1273
34730,6989,5243,3785,3369,9323,5836,3961,3418,5324,4197,3639,3325,3786,3596,3408,3175,-10.5745,-21.6918,8.98772,48.2493
34731,3586,3516,3329,3096,4909,4226,3500,3296,9165,5547,3898,3320,7938,5330,3895,3545,13.0473,-24.4349,8.5519,48.064
34732,3330,3801,5033,7039,3372,3799,5501,9579,3301,3639,4317,5522,3187,3355,3716,3930,-9.78108,25.5067,8.66051,48.2807
34733,10444,5665,3914,3291,7990,5076,3864,3381,4195,4021,3479,3287,3521,3565,3317,3055,-18.6623,-31.1759,8.51152,48.0433
34734,4852,4201,3567,3258,8145,5062,3813,3334,8204,4934,3780,3407,4934,4235,3608,3221,0.0222172,-26.0198,8.77878,48.37
34735,3300,4001,6719,12161,3357,3814,5028,6063,3115,3488,3761,3878,3109,3154,3331,3372,-26.9362,23.3266,8.98991,47.7673
34736,3436,3454,3175,3123,4239,3988,3482,3240,7320,5251,3840,3332,10354,6140,4099,3465,19.9434,-23.5374,8.72703,47.9587
34737,3650,3954,3982,3591,4038,5410,5341,4012,4411,6597,6487,4133,3889,4473,4509,3813,3.63565,-0.759665,8.53702,48.1933
34738,3016,3203,3520,3390,3174,3467,3834,4113,3375,3760,4856,7693,3520,3967,5719,11046,19.9514,31.5028,8.84779,47.7687
34739,3681,4901,9222,7948,3673,4241,5463,5339,3397,3680,3776,3895,3192,3232,3385,3459,-24.9477,12.9538,8.93556,48.3227
34740,3406,3609,4231,4475,3427,3997,6122,6718,3416,4055,6017,6895,3200,3601,4338,4660,0.172675,17.1554,8.5141,48.1113
34741,6598,9882,5496,3954,4870,5551,4362,3692,3741,3836,3509,3292,3354,3411,3315,3122,-25.4314,-9.37761,8.90015,47.99
34742,4990,8387,7452,4501,4295,5337,5058,4073,3505,3759,3843,3541,3302,3308,3449,3237,-23.2875,-1.58584,8.52339,48.0247
34743,5479,8200,5908,4142,4722,6381,5119,3782,3800,4046,3901,3467,3322,3512,3492,3185,-18.7469,-5.2856,8.53764,48.3053
34744,12781,6044,3867,3362,5892,4688,3633,3314,3971,3697,3422,3348,3395,3328,3241,3250,-31.8978,-31.0839,8.87294,47.4887
34745,3475,3375,3295,3217,4341,4118,3459,3249,7940,4978,3753,3357,10152,5665,3879,3316,18.2118,-31.6732,8.57215,47.7127
34746,3344,3856,5091,7721,3360,3752,5230,9605,3378,3528,4247,5125,3077,3265,3498,3668,-11.9635,32.3578,8.95818,47.83
34747,3600,4021,3823,3480,4153,5594,5083,3845,4356,7000,6398,4134,4147,4549,4362,3812,3.82793,-1.77937,8.5726,48.238
34748,4230,5571,6033,4387,4202,6312,7162,4593,3763,4311,4399,3815,3287,3578,3572,3385,-12.1246,1.62251,8.87463,48.4
34749,3187,3490,3885,4086,3354,3781,4624,6125,3482,3918,6071,8812,3314,3779,4686,5679,5.84138,21.0454,8.59905,48.182
34750,3187,3519,4508,5212,3451,3817,5257,9102,3354,3723,4789,7109,3177,3594,3923,4352,-3.40135,26.5696,8.86846,48.0493
34751,3153,3244,3324,3427,3308,3455,3963,3888,3636,4199,5602,5725,3515,4837,8598,8165,22.7088,14.3189,8.75013,48.026
34752,3399,3920,5748,11318,3308,3848,5064,7242,3183,3529,3831,4077,3077,3253,3362,3346,-21.1832,32.9864,8.54562,47.67
34753,6363,9376,5713,3795,5021,5953,4564,3638,3865,3863,3641,3385,3293,3430,3253,3182,-22.3248,-8.61827,8.84895,48.2233
34754,3180,3477,3966,4396,3350,3722,4773,7344,3405,3788,5056,8981,3293,3641,4357,5324,2.79765,28.0107,8.565,48.0353
34755,8996,8633,4645,3508,5655,5045,4053,3329,3870,3839,3498,3232,3461,3431,3255,3145,-33.3386,-15.2898,8.9669,47.73
34756,5881,5106,3702,3366,8275,6739,4051,3300,5335,4863,3839,3346,3894,3937,3487,3192,-7.64367,-18.1184,8.97992,48.2087
34757,3445,3843,4002,3565,3872,4766,5429,4210,4118,6094,7250,4571,3787,4541,4835,4102,5.0886,2.58148,8.79012,48.2867
34758,4398,4173,3504,3251,6718,5433,3947,3316,8090,6023,3957,3429,4903,4411,3686,3308,2.35157,-19.7144,8.62898,48.3647
34759,3361,3443,3346,3237,3962,4130,3768,3452,4936,6780,4846,3898,5524,8160,5420,4010,17.7662,-6.85508,8.90821,48.182
34760,3311,3933,5935,12531,3321,3798,4797,6179,3206,3418,3671,3929,3065,3153,3385,3445,-27.1469,32.5367,8.70496,47.3847
34761,3396,3521,3391,3211,4170,4299,3763,3332,5811,7003,4582,3700,6206,7243,4629,3788,15.5197,-11.4519,8.56746,48.03
34762,3530,3402,3244,3092,4131,3848,3483,3325,6928,4957,3783,3404,11082,6098,3882,3376,21.499,-24.7109,8.81851,47.71
34763,4176,6768,9364,5507,3914,4892,5456,4620,3500,3632,3806,3676,3127,3263,3319,3274,-24.5257,4.33776,8.87527,48.196
34764,6070,4593,3617,3359,9909,5083,3820,3402,6122,4535,3652,3312,3905,3791,3412,3165,-6.94494,-32.4924,8.89609,47.8313
34765,3298,3787,4740,6507,3483,3922,5522,9636,3178,3684,4487,5649,3260,3288,3684,3932,-8.77817,24.715,8.68234,48.038
34766,3080,3250,3433,3242,3477,3582,3758,3648,3677,4276,5382,4858,3705,5594,10089,6714,32.7868,8.99162,8.78156,47.8433
34767,3229,3391,3468,3431,3409,3634,3991,3857,3768,4619,6507,5132,3815,5423,8628,5950,19.3677,7.98877,8.57263,48.168
34768,3947,3752,3468,3116,6085,4478,3566,3404,9680,5223,3888,3276,6226,4655,3747,3468,7.01393,-30.1683,8.63539,47.986
34769,3102,3246,3352,3304,3229,3526,3905,4001,3393,3863,4973,5732,3434,4161,7495,10980,28.541,19.9413,8.50775,47.7973
34770,3251,3151,3365,3194,3579,3619,3777,3600,4109,4895,5285,4274,4546,7682,9033,5031,25.2224,2.176,8.91929,48.2607
34771,5929,8733,5706,4085,4929,6297,4775,3816,3801,4050,3702,3309,3390,3358,3244,3185,-20.1468,-7.57728,8.8116,48.206
34772,3306,3382,3215,3184,3689,3972,3984,3613,4457,5679,5722,4188,4718,7402,7059,4546,19.2867,-0.715311,8.68778,48.0773
34773,3267,3791,5037,7964,3357,3804,5153,9665,3292,3564,4281,5074,3166,3418,3499,3695,-12.0425,29.4239,8.55831,48.018
34774,4120,6348,9773,5868,3887,4572,5277,4666,3508,3654,3832,3655,3192,3274,3357,3270,-28.8186,6.10709,8.97425,48.1687
34775,3142,3230,3370,3368,3295,3589,3836,3787,3550,4227,5211,4998,3668,5124,9757,7752,31.1257,11.9249,8.76834,47.936
34776,3840,3572,3320,3181,5064,4104,3657,3221,9839,5148,3924,3342,7518,4938,3738,3320,11.2408,-32.0078,8.82117,47.8173
34777,4510,4286,3739,3237,6732,5903,3895,3427,6848,6170,4019,3372,4683,4279,3754,3342,0.507776,-17.2938,8.56524,48.1307
34778,3950,5597,8926,6131,3812,4534,6216,4993,3377,3713,4050,3710,3153,3415,3452,3297,-20.6752,8.05031,8.77328,48.2173
34779,3328,3337,3257,3116,3986,3866,3448,3247,5773,5124,3924,3420,10381,8045,4276,3560,27.5795,-18.75,8.70797,48.0587
34780,3428,3487,3281,3196,3855,3875,3613,3194,5527,5244,4014,3469,8950,8915,4532,3533,26.1658,-15.2276,8.55279,48.0753
34781,5101,8560,7241,4505,4402,5351,4957,4053,3551,3842,3717,3477,3298,3370,3342,3301,-23.7699,-2.37892,8.58583,48.0453
34782,10331,5575,3884,3358,7858,5115,3893,3348,4444,3976,3521,3272,3509,3530,3201,3170,-18.4735,-32.9039,8.53396,47.99
34783,3521,3414,3277,3077,4244,4052,3452,3290,7382,5575,3893,3349,9521,6476,4074,3358,18.3447,-21.2954,8.99305,47.97
34784,3220,3176,3429,3389,3316,3662,3929,4003,3736,4393,6232,5558,3801,4800,8534,7012,19.7371,11.8742,8.82105,48.1267
34785,3926,5671,9938,6530,3691,4271,5230,4773,3344,3571,3760,3766,3133,3334,3419,3247,-32.2674,8.72614,8.51104,47.736
34786,3194,3434,3615,3615,3450,3827,4601,4314,3628,4782,7718,5887,3764,4409,6380,5388,12.0395,10.8622,8.59499,48.004
34787,3335,3535,3401,3206,3791,4248,3967,3588,4809,7127,5614,4111,4979,7176,5677,4038,15.0427,-4.39485,8.92435,48.4013
34788,6213,4749,3772,3278,9651,5582,3850,3429,5895,4524,3511,3332,4009,3819,3328,3182,-7.25273,-25.2333,8.69087,48.0827
34789,9908,7962,4379,3488,5846,5329,3990,3601,3956,3690,3558,3252,3453,3436,3305,2950,-25.4782,-17.7822,8.57566,48.0687
34790,3432,3782,5174,8138,3270,3842,5210,9464,3268,3585,4155,4896,3141,3299,3537,3603,-12.7495,31.6378,8.56485,47.864
34791,5883,7551,5088,3823,5508,7074,4729,3666,4020,4153,3711,3411,3345,3491,3338,3297,-15.9949,-9.34156,8.73962,48.0587
34792,3359,3345,3181,3105,3949,3669,3451,3289,6145,4751,3771,3250,12561,6059,3897,3534,28.1655,-29.1387,8.61352,47.544
34793,3670,3598,3383,3016,4459,4386,3686,3302,7361,6704,4281,3589,6765,6278,4178,3466,13.4152,-16.4933,8.50598,48.0813
34794,3847,4216,4100,3527,4474,6463,5508,4055,4199,6378,5578,3963,3814,4307,4132,3554,-0.146537,-2.63103,8.75133,48.0767
34795,3823,5291,8168,5968,3736,4791,6771,5246,3411,3642,4083,3966,3159,3415,3514,3328,-17.953,9.00506,8.53115,48.208
34796,11050,5994,4017,3308,7393,4993,3929,3375,4211,3837,3535,3207,3530,3376,3222,3038,-20.6079,-26.5504,8.77591,48.01
34797,5861,4497,3666,3211,9420,5417,3859,3364,6398,4661,3707,3280,4160,3946,3497,3284,-5.73176,-24.9212,8.56954,48.152
34798,3330,4075,6376,11745,3327,3746,4896,6667,3280,3318,3851,4045,3120,3181,3345,3387,-23.9908,25.9942,8.63864,47.7927
34799,3859,3927,3512,3254,5188,5158,3789,3337,7230,7417,4354,3505,5300,5195,3843,3334,6.99868,-15.2132,8.64295,48.1347
34800,3178,3224,3447,3616,3287,3540,4118,4672,3435,4015,5601,8341,3405,3957,5857,8455,14.7884,22.2217,8.61237,48.0987
34801,3270,3429,3553,3299,3594,4010,3870,3490,4405,6161,5889,4256,4714,7103,6788,4502,17.8507,-0.82727,8.67135,48.222
34802,4262,6503,8813,5483,3986,4780,5808,4627,3562,3846,3954,3673,3211,3316,3443,3251,-22.6004,4.72284,8.53692,48.3453
34803,3338,3226,3421,3250,3589,3714,3778,3592,4143,4897,5075,4134,4756,8106,8317,4921,28.0906,0.857832,8.5925,48.1713
34804,3116,3311,3425,3424,3376,3713,4059,3891,3638,4639,6490,5257,3871,5290,8824,6156,19.7187,8.84776,8.80073,48.32
34805,5120,5955,4482,3744,5737,7996,4898,3643,4322,4864,3952,3602,3677,3736,3470,3301,-10.3233,-9.97438,8.58871,48.3327
34806,3286,3553,4228,4291,3390,3971,5587,6143,3451,4104,6476,7187,3207,3755,4548,4961,2.95308,16.8258,8.60797,48.092
34807,3354,3755,4958,6827,3343,3729,5334,10091,3260,3604,4309,5631,3143,3232,3605,3829,-9.59843,27.5045,8.70697,48.0027
34808,3329,3319,3276,3152,3654,4055,3783,3560,4620,6055,5015,3997,5413,8659,6370,4300,20.944,-4.49157,8.65582,48.3713
34809,3198,3330,3373,3302,3673,3811,3521,3459,4500,5197,4733,3901,5847,9606,6519,4104,29.4613,-5.45057,8.75447,48.0493
34810,3537,4595,8596,8842,3656,4063,5410,5679,3224,3530,3843,3883,3070,3306,3387,3327,-23.9496,15.4857,8.79227,47.9653
34811,3924,4473,4836,3997,3978,6376,7003,4501,3775,4941,5460,4222,3531,3876,3896,3621,-4.49181,1.78894,8.99758,48.2733
34812,10575,7810,4232,3414,5712,5019,3861,3344,3924,3895,3647,3188,3444,3390,3237,3118,-30.6792,-19.0296,8.62818,47.8733
34813,3262,3376,3590,3562,3481,3855,4533,4202,3688,4735,7888,5847,3699,4553,6556,5522,12.4093,10.1283,8.75119,48.2327
34814,6200,6509,4471,3655,6489,7388,4472,3672,4304,4506,3755,3407,3531,3602,3381,3230,-13.2329,-12.8296,8.50844,48.3813
34815,3021,3243,3747,3728,3311,3542,4286,5180,3346,3743,5511,9659,3324,3867,5156,7729,11.9483,26.155,8.84324,48.262
34816,4513,4158,3544,3160,7309,5318,3974,3495,7703,5804,3871,3432,4852,4222,3558,3285,0.921057,-20.6696,8.51137,48.132
34817,3509,4251,5990,5931,3565,4388,7482,6780,3450,3768,4696,4541,3169,3476,3678,3690,-11.376,13.7092,8.62776,48.2427
34818,3136,3448,3870,4144,3369,3786,4898,6285,3265,3903,5959,8765,3288,3674,4587,5516,4.82656,20.6913,8.67037,47.9287
34819,3073,3190,3440,3421,3280,3534,3882,4167,3289,3726,5053,7855,3437,3884,5777,10748,19.1805,31.6594,8.82003,47.8373
34820,3295,3382,3215,3171,3868,3862,3591,3293,5734,5128,3905,3414,9944,8047,4372,3421,26.8285,-18.1312,8.62114,47.7613
34821,3433,3740,3935,3671,3810,4838,5698,4276,3978,5747,7542,4814,3766,4269,4738,4067,4.38485,3.93902,8.94069,48.2147
34822,3463,4286,7045,9462,3400,3996,5579,6972,3276,3539,3822,4128,3135,3226,3329,3429,-19.7095,19.077,8.9381,48.058
34823,3767,3638,3345,3151,5183,4385,3721,3321,8291,6481,4031,3463,6499,5464,3990,3442,10.7078,-18.5818,8.50909,48.1147
34824,3942,3878,3402,3178,5507,4835,3669,3408,8317,6443,3937,3445,5724,5027,3869,3369,7.18614,-18.7731,8.7245,47.9667
34825,3326,3454,3347,3107,3563,3841,3653,3506,4598,5206,4639,3739,5540,9550,6777,4184,29.1502,-4.85559,8.62365,48.02
34826,3104,3320,3376,3313,3485,3775,3964,3788,3932,4767,6026,4799,3960,5845,8886,6084,21.4866,6.66669,8.54286,48.2827
34827,4620,4349,3706,3309,6660,6331,4251,3456,6459,6122,3999,3461,4388,4324,3722,3307,-0.420356,-16.1301,8.51933,48.3093
34828,3455,3871,5904,12594,3419,3838,4642,5871,3265,3454,3779,3786,3147,3278,3442,3445,-31.9747,32.6507,8.56213,47.46
34829,3084,3234,3500,3658,3272,3483,4128,4867,3301,3867,5476,9241,3327,3909,5421,8130,13.3497,25.0281,8.8453,47.932
34830,3283,3430,3361,3242,3463,3670,3746,3475,4031,4875,4804,4244,4595,7827,8751,5130,29.7377,1.71808,8.62028,47.9513
34831,3198,3267,3447,3418,3478,3577,3972,3873,3618,4287,6089,5391,3654,5027,8792,7111,21.4549,11.2099,8.5229,48.1327
34832,5962,4533,3663,3387,9770,5202,3893,3350,6339,4477,3523,3178,4109,3818,3495,3154,-6.03103,-29.9662,8.70361,47.902
34833,3714,3681,3368,3283,4562,5055,3921,3512,6181,8025,4625,3616,5086,5601,4342,3557,9.26114,-11.1162,8.73102,48.086
34834,3954,3770,3437,3178,5550,4330,3486,3374,9816,5317,3852,3387,6752,4903,3783,3304,8.9181,-27.8189,8.88199,48.1287
34835,3274,3623,4753,6082,3363,3910,5406,9713,3316,3725,4463,6077,3153,3372,3862,4044,-6.88799,25.5244,8.52203,48.0907
34836,5106,8903,7523,4527,4296,5319,4878,3957,3750,3742,3756,3499,3322,3282,3350,3238,-24.5386,-2.55594,8.96907,48.2987
34837,3442,3917,5654,9917,3381,3789,5099,8310,3230,3527,4028,4491,3196,3311,3447,3516,-17.3203,28.1775,8.68124,48.17
34838,3351,3754,4480,4978,3499,3964,6733,7105,3397,3935,5715,5957,3237,3683,4137,4218,-2.84072,16.0272,8.96307,48.0953
34839,3437,3428,3278,3063,4472,3986,3391,3220,8445,5258,3716,3314,9922,5623,3922,3536,17.1049,-26.9277,8.92802,48.0073
34840,4218,4842,4300,3795,4969,7692,5471,3882,4340,5553,4514,3685,3691,3954,3615,3458,-5.05356,-5.30321,8.51071,47.986
34841,3243,3690,4480,5269,3354,3789,5573,8866,3393,3758,4792,6967,3177,3411,3903,4321,-3.87316,24.2393,8.73296,47.9907
34842,3471,3438,3456,3208,3716,4065,3986,3600,4533,6029,5396,4118,4961,7630,6608,4355,18.8816,-2.4436,8.57136,48.38
34843,3325,3286,3284,3336,3581,3784,3723,3605,4085,5003,5125,4358,4462,7797,8652,4960,32.2122,1.61797,8.62258,48.244
34844,3067,3319,3486,3479,3301,3648,4031,4179,3418,3938,5767,6695,3496,4112,7151,9187,19.305,18.8222,8.65385,48.1827
34845,3610,4248,4702,4083,3904,5677,7352,4848,3749,4811,5950,4442,3466,3804,4012,3822,-3.46414,4.79624,8.74549,48.32
34846,3425,4079,5782,6721,3531,4169,6531,7896,3329,3650,4328,4694,3044,3437,3711,3786,-12.0182,17.8771,8.51065,48.0753
34847,3475,3932,6072,12150,3291,3785,4835,6567,3217,3536,3910,4022,3122,3142,3453,3446,-23.9105,30.8138,8.66331,47.97
34848,3160,3416,3607,3805,3302,3598,4343,5456,3441,3787,5121,9869,3304,3788,4821,7282,10.0412,31.6328,8.75839,48.0667
34849,3444,4319,8093,10279,3466,3891,5158,5542,3378,3474,3838,3696,3193,3219,3408,3327,-29.4057,17.8615,8.99858,47.8167
34850,3752,4836,6484,5106,3834,5236,8016,5262,3575,3987,4522,4073,3243,3477,3578,3617,-12.2967,7.03833,8.84188,48.3987
34851,3311,3302,3267,3100,3734,3845,3685,3336,4755,5748,4573,3765,6042,9496,6097,4039,23.5662,-6.82985,8.81444,48.0633
34852,3503,3690,3422,3334,4195,4739,4205,3516,5309,7849,5300,3857,4806,6107,4640,3745,11.035,-7.05975,8.61261,48.1447
34853,3448,3524,3458,3243,4262,4104,3585,3307,6897,6377,4163,3488,7469,6587,4215,3649,15.8302,-16.2641,8.77621,47.8507
34854,3055,3359,3330,3448,3259,3472,3935,4322,3332,3897,5082,7993,3412,3794,5700,10103,17.7321,33.3033,8.98203,47.662
34855,6226,9452,5947,3964,4829,5738,4591,3625,3710,3932,3651,3331,3365,3405,3285,3175,-23.8913,-7.57205,8.65615,48.1507
34856,3212,3632,4329,5222,3352,3760,5373,8874,3351,3747,4877,7230,3246,3481,3992,4514,-2.57234,24.6923,8.66184,48.128
34857,10092,6170,4010,3395,7622,5269,3884,3351,4331,3884,3513,3206,3408,3478,3197,3106,-18.9563,-24.4531,8.54396,47.944
34858,4031,6328,9964,5959,3831,4493,5248,4651,3403,3509,3768,3734,3187,3386,3398,3338,-28.0821,6.23474,8.70178,48.152
34859,3294,3488,3206,3106,3794,3829,3460,3241,5265,5155,4200,3665,8362,9355,4934,3709,29.0601,-13.3159,8.84387,48.042
34860,8646,5595,3887,3370,8699,5633,3993,3340,4659,4178,3490,3291,3593,3507,3347,3123,-14.8161,-23.5145,8.8287,48.234
34861,3211,3386,3550,3432,3312,3695,4116,4063,3521,4397,6753,5705,3705,4909,7936,6650,17.6955,11.5397,8.66823,48.2273
34862,3385,3917,5739,11369,3330,3685,4920,7274,3258,3478,3861,4220,3189,3186,3287,3446,-20.8939,33.9185,8.95191,47.696
34863,3195,3396,3364,3417,3534,3802,4088,3816,3884,4905,7022,5092,3970,5400,7852,5669,17.0444,7.60545,8.52715,48.2707
34864,7735,9607,5076,3726,5073,5280,4213,3655,3729,3853,3557,3337,3412,3412,3231,3168,-26.2168,-12.2419,8.90437,48.0427
34865,3246,3398,3407,3160,3631,3896,3651,3496,4446,5602,4721,3844,5648,9225,6559,4126,24.4145,-5.1843,8.70299,48.0373
34866,3291,3385,3387,3215,3751,4014,3835,3462,4612,6283,5096,3912,5348,8423,6163,4113,19.8147,-4.74428,8.67768,48.1933
34867,3561,3366,3154,3209,3906,3822,3573,3284,5380,5141,4060,3453,9453,8397,4479,3604,31.9836,-16.2374,8.79146,47.8947
34868,6577,9953,5802,3843,4694,5257,4426,3658,3728,3849,3646,3328,3335,3346,3333,3219,-33.8976,-8.60339,8.81136,47.996
34869,3315,3496,3263,3094,3940,3815,3597,3228,5337,5288,3965,3455,8908,9055,4640,3498,32.361,-14.8854,8.97669,47.9293
34870,3943,4554,4571,4014,4038,6158,7205,4493,3929,4899,5480,4131,3461,3859,3837,3575,-5.00397,2.2096,8.50644,48.098
34871,3454,3388,3188,3109,4132,3883,3460,3189,7208,4938,3884,3312,11440,5835,3952,3377,21.1906,-32.1691,8.77442,47.8327
34872,5001,7699,6095,4188,4721,6531,5434,3954,3795,3948,3883,3490,3333,3385,3307,3309,-17.3493,-3.90914,8.94345,48.0487
34873,3939,3631,3426,3177,5770,4351,3615,3258,9729,5243,3911,3338,6898,4971,3831,3348,8.84278,-26.8904,8.95585,48.2907
34874,7383,9771,5380,3798,5035,5434,4270,3532,3905,3995,3631,3334,3388,3489,3278,3028,-26.2051,-11.1961,8.87319,48.434
34875,3400,3949,6030,11393,3387,3773,4993,7287,3058,3454,3943,4090,3046,3187,3442,3449,-20.9798,26.7199,8.92402,47.9207
34876,3324,3757,4637,6373,3282,3862,5208,9897,3189,3632,4441,5931,3169,3346,3769,3892,-7.68398,33.0929,8.70982,47.806
34877,3157,3165,3414,3474,3191,3476,3885,3990,3371,3852,4951,5924,3498,4180,7281,11074,32.6969,20.8511,8.61337,47.922
34878,3125,3449,3653,3888,3316,3607,4358,5631,3341,3995,5663,9723,3293,3881,4891,6639,9.09051,24.7489,8.68396,48.302
34879,3305,3393,3311,3300,3572,3865,3794,3601,4233,5481,5791,4401,4693,7348,7464,4764,20.1835,0.608114,8.8546,48.2107
34880,3314,3482,4092,4330,3385,3745,5192,6572,3418,3823,6121,8283,3373,3701,4422,5125,3.20911,20.0858,8.71644,48.252
34881,3131,3174,3407,3294,3416,3583,3772,3783,3649,4290,5738,4987,3828,5332,9717,6894,24.6616,9.86572,8.78549,47.9967
34882,3581,3584,3130,3118,4248,4200,3628,3254,6953,6600,4261,3485,7255,6919,4249,3586,15.6492,-15.6466,8.96369,48.034
34883,11968,6284,3977,3325,6842,4939,3853,3468,4141,3799,3462,3199,3324,3390,3112,3160,-23.483,-25.804,8.86627,48.162
34884,3561,3485,3303,3098,4639,4096,3546,3272,8909,5135,3883,3350,8922,5418,3982,3399,15.0566,-32.6428,8.77914,47.9987
34885,12285,6556,3960,3332,6131,4744,3819,3296,3974,3727,3434,3318,3438,3389,3234,3062,-28.7146,-24.0883,8.53908,47.7993
34886,3929,5337,6366,4749,4010,5818,7517,4819,3553,4184,4397,3966,3281,3520,3633,3461,-12.8302,4.27894,8.81836,48.36
34887,3410,4310,7486,10687,3426,3897,4964,5837,3319,3429,3872,3974,3100,3222,3392,3365,-27.8564,19.8227,8.53035,47.7933
34888,8224,5262,3876,3396,9166,5325,3891,3411,4816,4203,3557,3301,3566,3549,3391,3192,-13.6472,-32.6305,8.52348,48.084
34889,3155,3196,3388,3413,3276,3588,3971,3809,3643,4364,5666,5202,3690,5039,9201,7575,23.8859,11.7905,8.80266,48.1173
34890,7343,7542,4563,3506,6118,6541,4378,3608,4261,4103,3611,3267,3541,3486,3360,3024,-17.6662,-13.8989,8.70791,48.168
34891,3540,3456,3299,3145,4658,4164,3570,3260,9178,5123,3882,3371,8554,5485,3920,3383,14.3542,-33.0814,8.93176,47.992
34892,3154,3288,3623,3625,3324,3680,4250,4338,3630,4348,7340,6540,3518,4383,6606,6473,14.0769,13.6939,8.84359,48.08
34893,3232,3469,3288,3162,3786,3983,3616,3329,4649,5411,4425,3793,5937,9558,6427,4183,26.9764,-6.1932,8.59992,48.1653
34894,3232,3196,3380,3367,3311,3432,3816,3808,3609,4134,5290,5231,3697,5072,9942,7802,32.7898,12.015,8.93801,48.2127
34895,3272,3735,4305,5190,3388,3783,5387,8638,3332,3808,5029,7267,3274,3414,4111,4550,-2.34193,23.5805,8.88012,48.322
34896,3155,3312,3374,3460,3127,3480,3803,4088,3438,3984,5077,6617,3414,4186,6923,10637,22.7565,21.17,8.76874,48.05
34897,3256,4050,6209,10887,3328,3830,5019,7225,3195,3390,3887,4119,3031,3203,3526,3408,-20.1926,24.4359,8.77036,47.7087
34898,6184,8574,5330,3848,5081,6579,4551,3702,3909,4168,3657,3439,3339,3496,3192,3120,-19.1742,-9.00166,8.9044,48.1127
34899,4069,5839,9732,6326,3818,4494,5450,4732,3432,3627,3803,3722,3158,3233,3405,3207,-25.9905,7.61479,8.60929,48.0313
34900,3337,3243,3227,3187,3850,3817,3433,3303,6080,4672,3724,3364,12816,5853,3966,3452,29.767,-31.211,8.92583,47.5493
34901,4294,5444,5383,4235,4362,6803,6809,4307,3763,4581,4600,3876,3474,3618,3613,3417,-9.88984,0.242188,8.87182,48.386
34902,3709,4823,9281,8538,3579,4168,5464,5362,3272,3584,3755,3865,3131,3196,3414,3273,-25.7883,13.6128,8.96267,48.276
34903,4208,5870,6040,4481,4213,6191,6885,4494,3761,4225,4348,3753,3436,3513,3596,3337,-13.2043,1.02937,8.69276,48.234
34904,7909,6800,4242,3576,6940,6312,4210,3428,4277,4143,3654,3309,3450,3589,3387,3056,-16.6983,-17.2461,8.61308,48.188
34905,3450,3497,3094,3128,4361,3939,3538,3185,8280,5248,3903,3349,9756,5934,3868,3401,17.1564,-24.6154,8.89668,47.954
34906,5047,5005,3976,3517,6708,7768,4376,3502,5078,5429,4107,3344,3902,3905,3536,3237,-5.94856,-12.7459,8.99913,48.2913
34907,5115,4503,3632,3345,7654,6302,4065,3497,6499,5326,3770,3339,4302,3993,3531,3249,-2.97072,-18.8359,8.73081,48.0813
34908,3225,3321,3436,3512,3290,3517,3724,3872,3383,3683,4784,6063,3373,3789,5807,12620,33.8551,30.884,8.78686,47.5993
34909,6482,10074,5577,3795,4867,5350,4403,3652,3637,3871,3732,3398,3326,3433,3332,3217,-33.6488,-8.60857,8.64146,48.0973
34910,3458,3422,3312,3034,4195,3993,3568,3167,7368,5102,3818,3283,10726,6405,3993,3453,20.7418,-23.5693,8.8255,48.198
34911,3107,3242,3425,3286,3342,3640,3812,3855,3525,4334,5323,4983,3762,5169,9681,7480,28.363,11.3941,8.72623,47.9773
34912,3391,3341,3308,3007,4032,3865,3462,3171,6654,5270,3801,3530,10453,6799,4110,3409,21.6383,-21.3838,8.68351,47.7353
34913,3444,3421,3245,3184,4002,3704,3496,3141,6194,4801,3819,3325,11927,6636,4042,3419,27.9118,-23.9346,8.60519,47.8667
34914,4242,5296,4972,4038,4373,6924,6734,4186,3915,4796,4669,3921,3401,3829,3687,3455,-8.13849,-0.819478,8.54562,48.292
34915,3881,4822,5412,4282,4024,6078,7480,4662,3819,4517,4731,4093,3352,3634,3792,3552,-8.41658,3.24934,8.56396,48.0873
34916,3142,3443,3993,4185,3289,3710,4974,6648,3363,3863,5638,8797,3286,3589,4467,5455,4.40014,23.3074,8.50856,47.8947
34917,3639,5034,9452,7684,3495,4280,5460,5241,3327,3585,3779,3811,3078,3218,3358,3428,-24.9115,12.4186,8.94801,47.9127
34918,12299,6056,3921,3491,5903,4831,3721,3416,3911,3786,3518,3227,3334,3334,3210,3252,-28.8527,-33.8048,8.56368,47.4733
34919,3323,3744,5183,7862,3401,3879,5153,9604,3238,3651,4145,5043,3155,3344,3493,3642,-12.343,32.5513,8.91595,47.9067
34920,3783,4992,8308,6787,3644,4512,6392,5493,3404,3677,4046,3962,3137,3386,3402,3532,-19.151,11.0335,8.51441,48.3047
34921,4702,7710,7483,4661,4217,5557,5516,4192,3592,3950,3963,3663,3340,3357,3466,3322,-20.9726,-0.189657,8.80694,48.4607
34922,3047,3318,3546,3699,3256,3604,4141,5002,3375,3680,5367,9336,3425,3896,5219,8060,12.6743,29.91,8.59423,47.9807
34923,3566,4223,5832,5192,3619,4712,8023,6229,3480,3958,4824,4652,3207,3423,3731,3719,-9.46722,11.6426,8.75836,48.26
34924,3354,3303,3265,3153,3852,3841,3620,3337,5074,5226,4352,3676,7672,9781,5152,3755,28.3171,-11.7733,8.65448,48.2753
34925,3492,4091,4877,4577,3797,4996,7851,5510,3494,4216,5702,4777,3343,3682,4151,3944,-4.50654,9.12701,8.72186,48.3333
34926,3786,4073,4188,3702,4214,6176,5590,4050,4295,6393,5813,4052,3833,4204,4137,3613,0.342652,-1.70054,8.88515,48.0793
34927,3157,3203,3356,3409,3381,3712,3911,3899,3779,4505,5828,4891,3892,5426,9317,6401,22.7418,9.48293,8.52449,48.0447
34928,11718,6794,4089,3504,5969,4813,3872,3318,3907,3837,3480,3232,3471,3399,3302,3186,-32.9829,-22.8194,8.69642,47.9273
34929,3440,3816,4355,4076,3641,4466,6619,4962,3525,4767,7164,5261,3552,4005,4556,4136,1.03297,8.91415,8.97319,48.2273
34930,3682,3567,3356,3191,4777,4103,3551,3325,8885,5205,3871,3391,8627,5401,3855,3471,14.2299,-27.3686,8.64748,48.172
34931,3958,3812,3491,3231,5238,5061,3822,3315,7211,7528,4379,3544,5342,5196,3967,3375,6.81808,-14.8992,8.87018,48.3133
34932,3119,3292,3589,3656,3293,3536,4081,4735,3312,3871,5179,9147,3430,3907,5367,8668,14.3631,30.7863,8.72522,48.1213
34933,3245,3431,3696,3730,3543,3727,4464,4738,3444,4106,7073,7303,3439,4175,5866,6267,11.6062,16.2877,8.86324,48.1647
34934,4640,8121,8539,4985,4133,4872,4936,4032,3485,3726,3840,3569,3278,3349,3349,3312,-29.7856,0.802237,8.69894,48.1107
34935,5843,6074,4352,3577,6559,7663,4453,3645,4446,4625,3882,3413,3571,3721,3435,3154,-11.9586,-12.8527,8.75023,48.2753
34936,3167,3368,3861,4397,3313,3728,4798,7217,3374,3722,5269,9230,3249,3623,4414,5300,3.40046,27.0633,8.94203,48.02
34937,4298,6810,9115,5464,3870,4795,5553,4490,3491,3652,3858,3577,3293,3318,3363,3200,-23.4044,4.18993,8.64604,48.098
34938,3215,3343,3615,3709,3387,3785,4521,4575,3536,4534,7377,6735,3466,4273,6063,5821,11.2314,13.6547,8.54717,47.97
34939,3363,3927,4157,4022,3632,4604,6536,4859,3707,4942,7211,4954,3589,3916,4487,4233,1.1739,7.28111,8.80964,48.0927
34940,3779,4189,4386,3901,4146,6087,6352,4366,4143,5440,5872,4204,3584,4067,3947,3721,-1.98384,1.35018,8.61248,48.1227
34941,3421,3360,3114,3069,4054,3802,3494,3224,6149,5119,3990,3438,10635,7376,4255,3408,24.5171,-20.2446,8.85074,47.9387
34942,3925,4746,4846,4032,4301,6727,7089,4399,3850,4789,5010,3957,3475,3747,3766,3640,-6.31793,1.02421,8.90446,48.1993
34943,3912,3852,3554,3165,5367,5206,3865,3388,7418,7530,4311,3524,5226,4935,3922,3498,6.10809,-15.3484,8.95023,48.4487
34944,3143,3297,3780,3844,3351,3563,4447,5910,3288,3849,5551,9844,3193,3784,4851,6456,8.06907,25.2029,8.93745,48.1007
34945,9263,8559,4641,3625,5452,5030,4049,3495,3868,3850,3457,3322,3440,3415,3243,3165,-29.3817,-15.755,8.62573,47.916
34946,9374,5587,3903,3415,8416,5191,3714,3391,4544,3963,3431,3307,3468,3576,3303,3101,-16.2744,-31.1248,8.73328,47.7893
34947,4175,5106,4472,3800,5033,7927,5756,3942,4206,5278,4473,3687,3712,3760,3633,3337,-6.51349,-4.39528,8.97694,48.198
34948,4383,4046,3505,3204,7016,4749,3622,3345,9307,5076,3875,3382,5317,4330,3701,3269,3.51664,-31.5801,8.5558,48.0847
34949,3282,3378,3574,3560,3482,3736,4433,4403,3627,4447,7111,6708,3695,4432,6503,6297,13.1587,14.321,8.5906,48.4453
34950,4614,5018,4158,3523,5753,7959,4746,3691,4759,5710,4198,3534,3835,3780,3572,3468,-5.44703,-9.45753,8.76145,48.212
34951,3495,4322,5836,6019,3516,4416,7410,6869,3414,3886,4618,4459,3103,3416,3593,3723,-11.2167,14.1787,8.66369,48.0633
34952,3281,3424,3395,3240,3578,3718,3768,3525,4449,5086,5077,4216,5044,8490,7518,4520,24.8138,-1.66214,8.50848,48.2193
34953,3440,3956,5782,7648,3484,3985,6070,8472,3297,3550,4220,4818,3165,3328,3642,3647,-13.2976,20.3488,8.90046,48.336
34954,4430,5010,4265,3577,5396,8119,5021,3803,4595,5716,4421,3611,3881,3847,3621,3364,-5.28896,-7.83389,8.85221,48.4513
34955,4171,3956,3364,3236,6882,4539,3662,3294,9439,5166,3785,3356,5722,4600,3617,3260,4.4517,-29.3259,8.51733,48.0327
34956,5364,8570,6536,4273,4577,5831,5057,3966,3661,4012,3696,3489,3229,3334,3372,3260,-20.8811,-4.01046,8.92409,48.1513
34957,5108,4326,3627,3349,9031,4919,3738,3296,7340,4765,3793,3334,4408,4082,3655,3258,-2.58071,-33.6096,8.66879,48.0193
34958,4148,6377,9869,5989,3900,4487,5346,4590,3499,3763,3779,3734,3127,3271,3293,3286,-27.0576,6.24518,8.94065,48.3053
34959,3340,3382,3325,3171,3865,3839,3590,3343,5126,5296,4227,3596,7679,9474,5019,3767,26.3222,-11.6392,8.70461,48.026
34960,5981,9364,6152,4144,4753,5641,4635,3756,3674,3836,3678,3410,3301,3332,3398,3168,-24.2722,-6.45103,8.89465,48.1487
34961,4791,7755,8112,4734,4136,5328,5269,4206,3582,3776,3945,3581,3282,3288,3350,3188,-23.0777,0.424136,8.93567,48.2153
34962,3219,3424,3746,3715,3373,3821,4825,4726,3612,4496,7883,6588,3583,4240,5689,5406,9.61309,12.6998,8.91665,48.2307
34963,3251,3747,4458,6032,3428,3770,5079,10054,3319,3564,4606,6458,3202,3417,3720,4023,-6.69195,30.0325,8.97428,48.0853
34964,3730,3864,3641,3472,4472,5865,4392,3604,5091,7856,5245,3829,4373,4843,4135,3525,4.16368,-6.70622,8.79991,47.958
34965,8471,5305,3803,3325,9204,5220,3912,3327,4857,4151,3537,3242,3615,3654,3290,3141,-13.9007,-30.3937,8.63641,48.036
34966,3481,3947,6289,12518,3378,3697,4683,6275,3153,3422,3721,4011,3072,3183,3419,3376,-27.5619,27.5618,8.672,47.75
34967,4527,6474,6398,4421,4378,6308,6114,4297,3584,4193,4161,3679,3378,3465,3447,3347,-15.5785,-0.385851,8.57144,48.114
34968,3225,3284,3467,3434,3358,3631,4000,3763,3725,4597,6308,5158,3789,5298,8595,6396,20.4283,9.38769,8.54341,48.0187
34969,12010,6661,4061,3398,6279,4837,3854,3273,3985,3787,3394,3233,3398,3388,3151,3074,-27.475,-24.679,8.65764,47.8553
34970,3611,4170,5395,4769,3637,4954,8274,5806,3445,4029,5093,4556,3220,3484,3724,3720,-7.89913,9.83466,8.99047,47.9247
34971,5870,9598,6521,4218,4449,5318,4640,3929,3583,3836,3608,3484,3241,3346,3226,3299,-28.1313,-5.57345,8.51073,48.1107
34972,3321,3526,4195,4979,3336,3671,5215,8707,3430,3725,5042,7599,3148,3437,4073,4691,-1.43894,24.6312,8.95219,48.0633
34973,3160,3317,3325,3386,3347,3557,3798,3789,3699,4323,5660,5336,3683,4980,9230,7467,23.3127,12.2685,8.97707,48.038
34974,3621,3555,3357,3089,4533,3929,3568,3273,8179,5538,3840,3487,9244,5943,3937,3376,16.8178,-23.7602,8.77616,48.3127
34975,3877,5849,9683,6639,3723,4423,5565,4815,3421,3736,3843,3766,3158,3249,3382,3372,-24.6919,8.51003,8.53933,48.334
34976,3493,4202,5275,5325,3588,4329,7672,7017,3482,3953,5054,4906,3098,3494,3859,3790,-8.05223,13.6861,8.98992,48.358
34977,4368,3980,3618,3300,6543,5388,3978,3263,7882,6051,3967,3484,5139,4465,3751,3282,2.67531,-19.1837,8.61259,48.306
34978,3800,4290,4217,3755,4116,6279,6116,4140,4212,5875,5884,4110,3675,4247,4126,3662,-0.515461,-0.347231,8.99535,48.336
34979,3250,3494,4151,4763,3457,3740,5393,7601,3388,3952,5432,8115,3190,3401,4227,4825,0.29868,22.2687,8.50308,48.2527
34980,3062,3162,3524,3562,3230,3492,3979,4310,3383,3755,5119,8127,3419,3889,5764,10531,18.2416,28.1534,8.93785,48.2053
34981,3278,3318,3342,3218,3696,3751,3761,3524,4143,5084,4860,4101,4992,8551,7815,4676,27.815,-1.31627,8.64313,48.0733
34982,3647,3484,3276,3120,4405,4030,3507,3344,8237,5112,3896,3383,9481,5790,3728,3420,16.8346,-25.871,8.53365,47.9067
34983,3473,3409,3236,3089,3984,3836,3485,3192,5732,5168,3918,3398,9828,8218,4297,3472,33.7444,-17.4954,8.83946,47.8233
34984,3150,3404,3652,3762,3280,3599,4415,5194,3445,3963,6352,8663,3462,3893,5442,6571,10.5144,19.6041,8.738,48.1647
34985,3303,3347,3249,3112,3703,3756,3747,3394,4926,5220,4169,3713,7137,9837,5477,3874,30.2757,-9.73718,8.67417,47.976
34986,3397,3354,3166,3217,4031,3801,3467,3281,6809,4911,3847,3327,11912,6172,3972,3412,23.833,-25.7851,8.83422,48.0507
34987,12438,6424,3976,3274,6052,4755,3831,3347,3963,3775,3448,3167,3380,3314,3230,3113,-29.6187,-25.188,8.93984,47.658
34988,3462,3773,4291,4212,3637,4423,6846,5424,3600,4451,6794,5585,3467,3736,4382,4199,0.215359,10.9213,8.86354,48.188
34989,12752,5984,3988,3316,6012,4820,3823,3244,3903,3709,3363,3248,3503,3344,3235,3089,-29.5074,-27.6404,8.77805,47.5553
34990,3513,3505,3333,3125,4350,4152,3691,3296,6799,6836,4259,3541,6949,6805,4347,3613,15.1627,-15.1912,8.86164,48.076
34991,3753,4439,4894,4324,4092,5651,7875,4839,3725,4450,5398,4296,3353,3781,3805,3761,-6.05098,4.78554,8.73022,48.2907
34992,3152,3554,4076,4528,3297,3616,5086,7594,3295,3811,5395,8582,3310,3590,4249,5065,1.73025,24.4435,8.95325,48.1333
34993,4243,3807,3472,3210,6835,4655,3748,3333,9488,5267,3866,3297,5647,4591,3592,3241,4.65816,-27.7366,8.53994,48.1947
34994,3871,3779,3384,3183,5441,4621,3660,3319,9140,6150,3923,3357,6276,5060,3862,3385,8.15777,-20.3696,8.98856,48.274
34995,3663,3820,3657,3539,3834,5102,4993,3867,4315,6776,7069,4469,3971,4736,4807,4044,6.37906,0.409734,8.58099,48.4413
34996,3030,3185,3458,3481,3268,3502,3857,4243,3252,3888,4924,7439,3351,3920,5777,11141,20.2302,29.8398,8.98729,47.8107
34997,3780,3797,3548,3288,4442,4892,3933,3282,6056,7991,4862,3702,5242,5744,4273,3620,9.45892,-10.7601,8.63048,48.3013
34998,3182,3268,3399,3302,3302,3544,3825,3891,3580,4168,5292,5141,3761,4951,9390,8074,28.7433,13.0399,8.60341,48.0467
34999,4734,7757,7534,4552,4248,5407,5407,4234,3612,3895,3805,3617,3395,3363,3429,3334,-21.4142,-0.319744,8.85173,48.2153
35000,3254,3301,3413,3270,3578,3689,3664,3487,4011,4920,4919,4052,4781,8362,8531,4905,28.4447,0.117993,8.98357,48.0913
35001,7297,9735,5308,3827,5042,5465,4260,3691,3772,3807,3442,3419,3457,3384,3159,3155,-25.7861,-10.5441,8.85114,48.1467
35002,3487,3331,3284,3120,4031,3827,3574,3229,6883,4924,3888,3319,11355,6504,4002,3389,23.0388,-23.7012,8.75017,48.098
35003,3357,3456,3182,3126,4066,3752,3431,3129,6246,5202,3768,3461,10634,7405,4180,3452,24.3441,-19.9722,8.95252,47.898
35004,8257,5150,3824,3271,9292,5175,3851,3254,4958,4089,3484,3304,3717,3569,3232,3242,-13.3759,-28.5846,8.60162,47.7793
35005,3212,3804,5098,6168,3455,3989,6342,8659,3285,3764,4599,5457,3200,3354,3736,3885,-8.49213,20.1297,8.65273,48.0047
35006,3653,4392,6213,5435,3695,4889,8113,6043,3468,3757,4616,4260,3174,3452,3684,3617,-11.4746,10.4671,8.99164,48.3073
35007,3434,3730,5037,7257,3459,3868,5585,9529,3261,3585,4288,5367,3078,3320,3651,3975,-10.3721,25.356,8.5918,48.2827
35008,3309,3327,3237,3214,3720,3794,3564,3276,4950,5320,4301,3718,7341,9724,5350,3702,27.243,-10.8227,8.65627,47.898
35009,3452,3456,3285,3133,4153,4144,3584,3346,6902,6208,4229,3543,7911,7100,4359,3590,17.2342,-16.515,8.92832,48.2633
35010,3284,3261,3335,3243,3631,3916,3641,3421,4430,5057,4674,3875,5362,9519,7125,4244,32.4704,-3.66756,8.89865,48.012
35011,3868,4072,3458,3324,5351,5592,3920,3469,6504,7352,4396,3571,4752,4807,3860,3463,4.58617,-13.2602,8.63606,47.8393
35012,3924,4709,4688,4023,4422,6982,6741,4195,4033,5093,4924,3888,3625,3794,3770,3530,-5.60895,-0.684803,8.84048,48.2273
35013,12689,6051,3844,3304,6040,4772,3748,3403,4057,3752,3538,3141,3423,3348,3201,3221,-30.8463,-29.0436,8.63679,47.688
35014,7412,5109,3765,3408,9558,5462,3830,3243,5422,4386,3588,3261,3735,3615,3252,3101,-10.9553,-25.9199,8.75714,48.098
35015,3468,3385,3305,3208,3722,3773,3589,3311,5151,5231,4017,3649,7760,9626,5067,3633,30.1556,-12.2484,8.63995,47.93
35016,4184,6107,8068,5000,4045,5307,6475,4711,3526,3850,4057,3701,3226,3419,3433,3263,-18.1524,3.83713,8.72272,48.248
35017,3744,3652,3313,3212,5186,4309,3549,3250,9684,5203,3817,3357,7765,5099,3784,3324,11.7078,-31.2623,8.73395,48.1653
35018,3842,3993,3541,3310,4674,5725,4244,3439,5572,8209,4942,3620,4525,5057,4087,3592,5.36507,-8.96142,8.97992,48.248
35019,3294,3741,5048,7379,3427,3767,5401,9664,3202,3455,4268,5338,3312,3227,3620,3806,-10.5191,27.6179,8.56298,47.966
35020,8160,9533,4899,3719,5098,5198,4157,3516,3725,3768,3580,3320,3504,3376,3303,3121,-32.2793,-12.869,8.94538,47.9847
35021,3177,3429,3258,3304,3625,3751,3795,3430,4399,5234,4766,3947,5635,9409,6950,4340,26.7547,-4.16172,8.84558,48.2993
35022,11908,6663,4045,3384,6290,4916,3820,3368,4023,3811,3443,3260,3259,3497,3156,3110,-25.7547,-23.9085,8.73301,47.9687
35023,3390,3422,3285,3091,3845,3815,3565,3300,5361,5381,4138,3564,8521,9007,4741,3637,27.0146,-14.1978,8.56337,48.042
35024,7614,7962,4581,3733,6083,6238,4225,3529,4113,4015,3518,3359,3370,3575,3424,3021,-19.6212,-14.1941,8.54508,48.24
35025,6600,9881,5784,3982,4716,5327,4276,3736,3803,3869,3550,3444,3372,3337,3370,3128,-27.4208,-8.54042,8.57665,48.1167
35026,4185,3884,3455,3175,5747,5296,3873,3346,7563,6900,4122,3579,4904,4823,3793,3384,4.7656,-16.6063,8.87153,48.0193
35027,3302,3390,3239,3096,3972,3695,3497,3278,6118,4749,3781,3407,12498,6048,3916,3440,28.554,-27.9055,8.75947,47.6173
35028,4054,4391,4167,3527,4830,7174,5172,3758,4700,6481,4982,3647,3993,4130,3855,3481,-1.73626,-5.62637,8.73055,48.228
35029,3169,3246,3446,3424,3271,3396,3773,3951,3435,3696,4697,5894,3425,3775,5904,12420,32.065,32.8073,8.85609,47.2813
35030,3989,4702,4192,3640,4740,7486,5677,3874,4496,6047,4727,3833,3838,3986,3773,3512,-3.35231,-4.36952,8.90645,48.3413
35031,3483,3471,3280,3157,3968,3782,3396,3315,6271,4769,3732,3411,12366,6078,3919,3413,33.7403,-27.3633,8.62754,47.874
35032,7521,9772,5302,3719,4977,5270,4244,3615,3802,3855,3673,3312,3350,3307,3298,3094,-30.7956,-11.1699,8.89224,48.074
35033,5045,6631,4954,3936,5109,7712,5336,3926,3945,4403,4037,3467,3497,3624,3473,3283,-12.9893,-6.28728,8.51127,48.252
35034,3958,4799,4788,4133,4341,6735,6867,4361,3898,5008,4992,3961,3539,3858,3827,3541,-5.97283,0.313458,8.73051,48.404
35035,6811,7104,4515,3595,6294,6846,4443,3705,4287,4241,3565,3419,3505,3473,3369,3138,-15.9571,-13.6395,8.53905,48.2067
35036,3177,3498,3605,3683,3303,3668,4302,5019,3494,4005,6123,8781,3308,3902,5512,7010,11.1731,21.0528,8.72764,48.26
35037,3646,3658,3659,3357,4060,5122,4273,3725,4949,8026,5584,3856,4349,5399,4531,3790,8.10885,-4.93561,8.64712,47.9893
35038,3275,3348,3557,3400,3628,4045,4396,3917,4022,5577,7543,4936,3955,5281,6707,4983,13.7321,5.06704,8.7837,48.38
35039,3076,3210,3488,3363,3386,3655,3990,3857,3616,4376,6081,5470,3826,5084,8815,7168,20.797,11.455,8.81825,48.3073
35040,3029,3180,3360,3386,3368,3543,3884,3906,3501,4110,5737,5752,3671,4647,8595,8730,23.2596,14.9789,8.79749,48.266
35041,3424,4045,5557,5951,3449,4231,7255,7648,3360,3717,4686,4729,3127,3386,3673,3880,-9.97169,15.7578,8.93587,48.0787
35042,3343,3726,4298,4563,3471,4091,6388,6394,3472,4114,6255,6444,3337,3790,4286,4392,0.187207,15.7944,8.80095,48.2427
35043,3370,3667,3957,3987,3532,4122,5743,5172,3562,4575,7488,6029,3447,3985,4844,4626,4.22548,11.5334,8.6566,48.0707
35044,3804,3567,3386,3018,4860,4154,3488,3201,9349,5551,3921,3417,8184,5269,3774,3281,13.2186,-25.1061,8.91236,48.1493
35045,3268,3289,3379,3470,3317,3518,3704,4069,3347,3880,4897,6737,3219,3888,5976,12051,23.5084,29.1257,8.86725,48.006
35046,4981,6891,5285,4030,4931,7498,5401,3949,3981,4268,3951,3514,3371,3571,3508,3367,-14.1159,-5.33774,8.91208,48.3313
35047,3484,3629,3881,3710,3733,4400,5535,4376,3965,5330,7954,5065,3662,4388,4999,4360,5.56417,6.13835,8.67802,48.314
35048,9270,8697,4536,3605,5568,5197,4035,3465,3952,3866,3580,3408,3414,3358,3177,3189,-28.318,-15.6819,8.61012,48.2113
35049,3466,4274,6389,7696,3465,4021,6296,7586,3269,3603,4206,4556,3140,3341,3580,3501,-15.4093,17.8639,8.90466,48.2593
35050,3383,4039,5776,6697,3518,4150,6637,8067,3409,3682,4339,4717,3188,3414,3682,3652,-12.0287,18.1983,8.60633,48.2333
35051,3199,3365,3383,3131,3466,3665,3741,3599,3986,4732,5033,4345,4345,7488,9185,5360,31.537,2.57932,8.92768,48.0153
35052,3316,4017,6521,12332,3352,3865,4816,5995,3145,3475,3919,3887,3161,3239,3455,3452,-32.2779,24.2532,8.69076,47.9647
35053,3122,3294,3769,3931,3311,3767,4605,5535,3382,4010,6083,9005,3393,3798,4975,6159,8.19809,21.5511,8.51467,48.0927
35054,3435,3384,3339,3080,4258,3736,3465,3223,7500,4934,3849,3436,11007,6079,3862,3355,20.3195,-25.8055,8.77042,47.9613
35055,5386,4826,3797,3382,8064,6464,4095,3433,5933,5112,3789,3430,4139,3894,3481,3212,-5.3519,-18.1935,8.9827,48.2913
35056,3371,3668,4632,5902,3350,3838,5519,9307,3215,3699,4642,6225,3198,3442,3879,4117,-6.48572,24.0244,8.7143,48.0027
35057,4775,8296,8708,4861,4134,4951,4854,4201,3515,3742,3681,3457,3248,3268,3319,3246,-31.556,0.487125,8.98342,48.1707
35058,4196,5132,4813,3931,4665,7383,6520,4189,3985,4850,4714,3787,3517,3732,3676,3510,-7.51001,-1.59972,8.86912,48.4
35059,3267,3283,3484,3373,3272,3391,3887,3833,3369,3756,4704,5877,3353,3938,5841,12544,32.235,33.0016,8.59146,47.448
35060,3236,3601,4232,4494,3352,3832,5929,6929,3391,3888,5911,7220,3434,3643,4294,4664,0.377244,18.5617,8.92684,48.0333
35061,4361,4473,3865,3482,5880,7134,4522,3664,5442,6381,4463,3539,4127,4216,3698,3304,-1.49967,-11.3934,8.8647,48.3673
35062,3381,3470,3192,3128,3992,3842,3516,3311,5818,4893,3765,3392,11669,7065,4033,3367,30.8045,-22.1843,8.70808,47.8893
35063,5200,5458,4037,3539,6812,7604,4543,3545,4867,5079,3797,3400,3671,3890,3477,3253,-8.24944,-12.8993,8.64,48.1147
35064,3469,3383,3176,3024,4071,3951,3477,3293,6447,5575,3987,3444,9524,7511,4256,3568,20.8174,-18.3447,8.93402,48.104
35065,5613,4594,3695,3244,9696,5413,3640,3430,6565,4580,3534,3304,4240,3890,3460,3276,-5.16635,-25.368,8.9048,48.116
35066,3097,3237,3493,3400,3224,3469,4049,4358,3458,4008,5507,7278,3523,4066,6659,9168,18.9029,20.6288,8.61507,47.996
35067,4175,5627,6530,4667,4109,5783,7012,4563,3586,4196,4269,3882,3278,3483,3605,3428,-14.2209,2.71071,8.657,48.1287
35068,3141,3270,3510,3482,3200,3387,3854,4039,3479,3912,4902,5902,3355,4048,6858,11771,31.9903,22.1371,8.54064,48.0733
35069,7005,4656,3750,3348,9890,5159,3821,3432,5600,4356,3566,3271,3810,3682,3438,3195,-9.85339,-30.2775,8.60141,47.986
35070,3108,3248,3374,3337,3161,3514,3753,3784,3380,3795,4693,6083,3450,3900,5966,12879,28.8844,31.4383,8.88391,47.6167
35071,3280,3699,4282,4709,3460,3974,5846,7458,3360,3877,5560,7366,3310,3664,4190,4603,-0.589985,19.6095,8.81248,48.4253
35072,3732,4740,6358,5139,3875,5059,7897,5535,3540,3845,4633,4086,3264,3459,3517,3555,-11.9036,8.34111,8.79513,48.156
35073,11414,6994,4020,3364,5950,4947,3912,3311,4006,3723,3506,3248,3416,3488,3225,3088,-30.6287,-22.4222,8.54082,47.7413
35074,6057,7970,5261,3794,5261,6801,4715,3705,3825,4179,3745,3422,3393,3413,3375,3001,-18.0759,-9.00977,8.62319,47.9447
35075,4714,7358,7114,4532,4269,5740,5748,4352,3539,3940,3940,3686,3218,3355,3328,3215,-18.6991,-0.37954,8.92328,48.032
35076,3307,3738,4903,7105,3350,3847,5368,9796,3270,3707,4301,5519,3213,3311,3704,3816,-10.0449,26.0636,8.75389,48.17
35077,3400,3734,4442,4405,3615,4424,6928,5680,3546,4373,6497,5618,3361,3657,4406,4353,-0.694454,11.6369,8.54033,48.2927
35078,7665,9073,5005,3619,5244,5770,4243,3578,3849,3941,3638,3316,3376,3307,3364,3053,-23.1823,-12.2383,8.64819,48.0273
35079,3550,3434,3242,2986,4447,4237,3563,3363,7318,6369,4213,3483,7743,6540,4072,3456,15.3897,-17.8733,8.8097,48.0107
35080,3159,3389,3534,3616,3299,3661,4186,4242,3538,4232,6621,6881,3559,4317,6794,7207,15.4114,15.9116,8.66453,48.1567
35081,4117,5603,7048,4969,3954,5511,7048,4676,3641,3887,4195,3850,3285,3502,3464,3380,-15.4061,4.24083,8.58673,48.0867
35082,3414,3937,6116,12128,3434,3772,4749,6603,3288,3454,3687,3971,3107,3187,3352,3351,-24.8687,28.1357,8.52503,47.7
35083,3640,4779,9414,8048,3530,4105,5191,5331,3239,3509,3847,3836,3056,3208,3432,3424,-33.5492,13.3353,8.73177,47.726
35084,4863,8410,8400,4722,4156,4996,5080,4086,3460,3640,3766,3627,3259,3374,3233,3141,-28.6136,0.0406523,8.93039,48.142
35085,3703,4119,4106,3725,4113,6055,6080,4186,4189,6046,6190,4243,3776,4171,4190,3799,0.424967,0.104269,8.92184,48.4607
35086,3402,3437,3297,3104,3969,3862,3536,3267,6260,5479,4146,3555,9486,7838,4349,3419,21.8531,-17.6564,8.98889,48.2707
35087,3079,3274,3412,3381,3113,3454,3877,4037,3328,3801,4981,7262,3477,3869,5862,11485,20.929,30.6787,8.92786,47.7947
35088,4783,6900,6252,4449,4420,6456,5788,4130,3710,4198,4015,3698,3382,3439,3415,3258,-16.6286,-2.1272,8.59904,48.1953
35089,3448,3377,3221,3110,3858,3849,3520,3399,5399,5066,4074,3568,8354,9163,4999,3664,28.2079,-13.6934,8.61488,48.046
35090,3421,3824,6140,12527,3318,3742,4727,6107,3173,3522,3838,3988,3076,3162,3355,3319,-27.1191,27.468,8.79772,47.4927
35091,3127,3128,3392,3320,3227,3335,3704,4031,3405,3767,4890,6551,3319,4111,6634,11822,24.0463,23.841,8.99885,47.842
35092,4306,6998,8817,5318,4049,4975,5459,4526,3461,3730,3795,3617,3194,3360,3336,3295,-24.3081,3.61588,8.59746,48.1573
35093,3801,5299,9885,7619,3689,4321,5126,5043,3303,3686,3785,3832,3075,3322,3371,3262,-29.9336,11.139,8.91925,48.2793
35094,3743,3640,3483,3063,4383,4384,3823,3338,6545,7382,4447,3689,5941,6497,4446,3496,12.5891,-13.3093,8.59483,48.2
35095,10303,7396,4314,3392,6206,5145,3951,3484,4050,3872,3509,3369,3362,3422,3255,3126,-23.7284,-19.8438,8.72129,48.104
35096,3206,3211,3358,3453,3264,3472,3712,4030,3373,3719,4640,6069,3449,3889,5899,12300,31.946,30.1495,8.5901,47.3627
35097,5245,7673,5439,3939,5013,7162,5044,3830,3890,4054,3924,3400,3443,3506,3285,3238,-16.1325,-6.3343,8.94497,48.0567
35098,3993,3804,3492,3151,6066,4713,3637,3245,9363,5932,3986,3315,5987,4689,3845,3253,6.56155,-22.6413,8.87386,48.314
35099,8783,5351,3955,3326,9078,5188,3796,3387,4749,4024,3517,3228,3604,3616,3335,3073,-14.5053,-28.2073,8.93422,48.0067
35100,3331,3364,3252,2964,3853,3833,3507,3110,6327,4699,3830,3396,12343,6072,3875,3546,25.5056,-28.7552,8.74347,47.5347
35101,11008,7723,4163,3439,5803,4959,3967,3341,3925,3768,3470,3250,3512,3350,3191,3024,-26.9226,-19.5394,8.84547,47.9287
35102,4177,3876,3493,3184,6433,4940,3756,3270,8880,5709,3921,3341,5548,4632,3692,3454,4.80134,-21.8799,8.77342,48.204
35103,3148,3271,3548,3727,3243,3462,4004,4563,3415,3777,5272,8606,3398,3896,5488,9337,15.9945,26.8367,8.67768,48.1033
35104,5837,9552,6419,4089,4596,5551,4546,3772,3582,3822,3622,3367,3348,3352,3356,3161,-25.196,-6.03933,8.80236,47.9813
35105,3545,3533,3378,3211,4156,4521,3757,3331,6196,7589,4615,3746,6000,6842,4439,3565,13.6957,-12.0547,8.88372,48.2827
35106,3072,3225,3396,3294,3340,3556,3797,3887,3529,4038,5301,5661,3607,4609,8550,9115,25.3403,15.599,8.75257,47.9847
35107,9737,6733,4211,3390,7030,5426,3980,3395,4214,3947,3488,3212,3562,3457,3272,3051,-19.7597,-20.586,8.71571,48.07
35108,3195,3065,3361,3349,3136,3403,3933,4107,3410,3767,4942,7448,3409,3851,5901,11375,20.4435,31.096,8.77472,47.768
35109,4260,4148,3461,3220,6173,5446,3798,3242,7910,6391,4130,3451,5031,4558,3792,3362,3.41861,-17.9258,8.9671,48.2487
35110,3592,4411,6082,5582,3613,4606,7624,6359,3524,3857,4653,4418,3304,3495,3680,3713,-10.8073,12.1265,8.5335,48.342
35111,3265,3886,6009,12349,3507,3782,4842,6353,3242,3473,3850,3966,3113,3273,3393,3506,-25.8318,29.9706,8.65994,47.8727
35112,12712,6043,3944,3303,6127,4703,3741,3359,3993,3736,3425,3294,3399,3429,3191,3132,-29.5353,-29.1472,8.53855,47.6873
35113,5096,4967,3908,3372,6950,7551,4406,3509,5281,5391,3930,3444,4082,3973,3539,3235,-5.70327,-14.0737,8.95052,48.4227
35114,3403,3854,5374,8891,3433,3802,5326,8843,3273,3477,4032,4767,3082,3243,3457,3625,-14.9725,27.2206,8.54215,47.9213
35115,3869,4003,3674,3397,4942,5721,4157,3560,6049,7630,4688,3714,4724,4858,4034,3503,4.54471,-11.1716,8.57251,48.3487
35116,6907,9851,5644,3816,4931,5271,4276,3668,3737,3822,3584,3447,3459,3260,3266,3195,-29.4013,-9.29276,8.65576,48.0893
35117,7615,9310,5086,3795,5348,5579,4320,3541,3782,3880,3584,3323,3446,3347,3223,3113,-24.7124,-11.9774,8.60871,48.1947
35118,3439,3662,3713,3688,3669,4373,5184,4358,3904,5658,7821,5053,3743,4487,5301,4438,7.03527,5.33177,8.69578,48.3273
35119,12437,5963,3842,3400,5894,4767,3777,3458,3838,3690,3518,3317,3369,3374,3222,3188,-31.0396,-33.3605,8.61737,47.3693
35120,3458,3384,3279,3202,3913,3743,3575,3270,5540,5110,3963,3456,9606,8556,4483,3530,31.1206,-16.4553,8.82128,48.0453
35121,3684,4750,7506,6225,3696,4620,7097,5868,3358,3722,4185,4017,3170,3377,3458,3585,-16.2808,10.9432,8.87168,48.212
35122,7853,5502,4001,3350,8688,5723,3942,3428,4838,4312,3662,3282,3755,3486,3305,3204,-13.4457,-22.3494,8.65409,48.2207
35123,3824,3791,3371,3264,5035,4429,3810,3406,7911,6915,4210,3413,6114,5755,3844,3429,9.86432,-17.4469,8.5865,48.3473
35124,3279,3741,4729,5278,3506,3985,6311,8351,3331,3816,5126,6224,3142,3476,4007,4160,-4.48982,19.2499,8.70462,48.308
35125,3427,3688,4573,5357,3423,3831,5249,9358,3310,3653,4811,6955,3258,3413,4009,4237,-3.81532,31.8863,8.50905,48.368
35126,3374,3417,3210,3130,3900,4033,3682,3320,5284,6149,4543,3654,6664,8938,5272,3909,21.0289,-9.95735,8.82396,48.3193
35127,3128,3535,3940,4249,3364,3730,4912,6417,3398,3884,5682,9162,3251,3708,4585,5601,5.11279,22.8328,8.51274,48.364
35128,3951,3830,3569,3154,5328,5066,3796,3396,7315,7131,4132,3536,5270,5178,3988,3444,7.047,-15.475,8.94409,48.056
35129,6580,5595,4070,3481,8097,6508,4133,3500,5021,4435,3717,3427,3884,3666,3320,3128,-11.0972,-18.5741,8.63519,48.3747
35130,3798,5080,9405,7742,3573,4250,5377,5142,3346,3613,3846,3748,3081,3261,3402,3329,-29.003,12.002,8.63182,47.9953
35131,3037,3412,3602,3523,3332,3767,4404,4387,3619,4495,7315,6380,3633,4354,6583,6164,13.3885,13.0412,8.94059,48.0047
35132,3373,3356,3217,3084,3900,3796,3367,3276,6228,4840,3830,3432,12372,6120,3958,3372,26.8413,-27.7935,8.62165,47.6807
35133,3444,4043,6077,9627,3383,3860,5244,7879,3299,3478,3889,4469,3112,3314,3516,3459,-17.7446,23.3045,8.81272,48.062
35134,3415,3307,3140,3087,3939,3801,3489,3067,6017,4879,3847,3402,12068,6660,4085,3318,27.477,-23.4917,8.98042,47.6807
35135,10127,5593,3773,3411,8267,5114,3865,3360,4416,3911,3571,3289,3521,3421,3281,3041,-17.6172,-29.2283,8.67406,47.974
35136,3269,3226,3345,3490,3238,3442,4016,4409,3284,3754,5084,8124,3458,3822,5612,10063,17.5822,32.8107,8.84351,47.7573
35137,3224,3363,3358,3222,3583,3704,3807,3523,4145,4881,5054,4248,4694,7858,8509,4958,27.6029,1.05159,8.70471,48.0873
35138,4564,3911,3455,3162,7196,4577,3685,3315,9163,4977,3826,3277,5378,4370,3531,3260,3.65194,-29.6105,8.98986,47.7647
35139,3215,3373,3735,3850,3381,3897,4789,4790,3464,4206,7357,7432,3523,4145,5544,5675,9.33715,15.2823,8.99328,48.2507
35140,11906,5866,3947,3438,7075,4914,3869,3371,4147,3919,3425,3085,3323,3384,3225,3100,-22.3324,-28.9278,8.93402,47.996
35141,4257,5956,7625,5092,3972,5330,6656,4694,3495,3906,4055,3777,3114,3325,3522,3448,-17.0481,4.07723,8.58895,48.1493
35142,3398,3483,3276,3186,4191,3999,3680,3333,6348,6386,4281,3708,7492,7557,4408,3547,17.5833,-14.9615,8.97954,48.182
35143,3615,4830,8838,8547,3548,4048,5336,5570,3389,3592,3993,3869,3106,3270,3349,3296,-26.1801,14.2655,8.58367,48.1307
35144,3357,3340,3312,3135,3747,3872,3649,3369,4757,5592,4574,3788,5926,9434,6157,4137,23.981,-6.394,8.5937,48.0973
35145,5579,8795,6146,4057,4773,5947,4916,3825,3618,3907,3706,3515,3312,3553,3348,3211,-21.2374,-5.78055,8.70611,48.1387
35146,3076,3303,3398,3387,3397,3423,3816,4091,3421,3867,4894,6858,3509,3996,6038,11612,22.4937,33.6457,8.60444,48.0573
35147,3485,3440,3309,3156,4065,3994,3679,3341,5939,5961,4277,3447,7785,8061,4673,3582,19.6442,-14.2448,8.62921,48.1293
35148,12911,5808,4013,3321,5853,4661,3785,3348,3920,3742,3486,3267,3325,3274,3312,3155,-30.118,-33.0657,8.95859,47.454
35149,3375,3316,3322,3122,3901,3823,3409,3229,5900,4734,3845,3401,12593,6111,3856,3463,29.8045,-28.21,8.88126,47.6
35150,3611,3827,4122,3798,3802,5099,6132,4433,3964,5770,7144,4418,3741,4223,4369,4047,2.03469,3.62667,8.99417,48.3333
35151,8261,5489,3819,3386,9261,5560,3886,3334,4888,4191,3495,3306,3661,3575,3283,3085,-13.3087,-24.816,8.87698,48.32
35152,7086,10044,5425,3692,4884,5269,4188,3616,3799,3785,3621,3260,3377,3315,3240,3239,-32.7305,-10.1795,8.97451,47.8933
35153,5162,4445,3588,3211,8813,5588,3899,3381,6960,4951,3726,3314,4400,4008,3541,3235,-3.34193,-23.569,8.55917,48.148
35154,4037,5454,7274,5247,3906,5244,7370,5046,3666,3891,4061,3888,3201,3416,3473,3378,-15.2648,5.49162,8.83205,48.368
35155,11397,5972,3976,3402,7411,5031,3852,3312,4213,3796,3543,3103,3379,3438,3330,3112,-20.8504,-26.9282,8.90324,48.178
35156,4229,3991,3390,3192,6123,5101,3923,3257,8469,6384,3962,3521,5300,4759,3835,3312,4.68518,-19.028,8.96124,48.4987
35157,11967,5979,3794,3381,6919,4841,3747,3364,4026,3746,3478,3196,3408,3339,3298,3113,-23.1575,-28.6084,8.79872,47.7307
35158,7536,9520,5091,3770,5202,5297,4208,3618,3781,3747,3675,3184,3373,3308,3084,3112,-26.9585,-11.454,8.65373,47.6707
35159,9181,5528,3802,3513,8666,5147,3798,3383,4450,4128,3600,3253,3596,3478,3380,3197,-15.697,-32.9672,8.53939,48.0667
35160,3361,3554,3601,3322,3808,4385,4403,3750,4269,6813,6964,4324,4313,5829,5763,4219,11.7181,-0.0758433,8.97323,48.452
35161,3081,3391,3468,3502,3323,3791,4153,4065,3580,4474,6591,5765,3624,4674,8002,7062,18.0576,12.2135,8.74177,48.364
35162,3602,3825,4260,4063,3650,4659,7003,5256,3646,4495,6675,5196,3486,3827,4179,4084,-0.964968,9.28622,8.56753,47.9373
35163,3938,4658,4673,4111,4248,6954,6821,4256,4004,5128,4895,3909,3629,3926,3838,3475,-5.73467,-0.397177,8.94561,48.3087
35164,3416,3686,4160,4061,3639,4284,6336,5158,3612,4573,7385,5730,3343,3835,4553,4425,2.35724,10.9607,8.62128,48.1307
35165,3365,3809,5960,10252,3369,3833,5168,8027,3296,3467,3883,4398,3049,3289,3384,3509,-18.2745,25.9931,8.7367,48.0387
35166,3233,3767,4723,6232,3370,3884,5118,9928,3217,3645,4472,6045,3249,3408,3728,4006,-7.32254,30.7169,8.66991,48.0167
35167,4261,6482,9143,5460,3965,4763,5715,4517,3349,3781,3806,3608,3226,3297,3397,3379,-22.8552,4.57274,8.94004,48.0993
35168,3961,4830,6051,4703,4028,5720,7948,5012,3574,4185,4658,4024,3311,3570,3652,3509,-10.6651,5.01625,8.73227,48.4907
35169,7325,5009,3800,3322,9600,5247,3865,3333,5197,4285,3627,3299,3743,3673,3298,3176,-10.7482,-30.5998,8.55762,47.866
35170,3592,4599,7404,7708,3489,4257,6382,6325,3144,3529,4001,4243,3080,3244,3484,3381,-18.3727,14.9413,8.60197,47.908
35171,5932,5125,3851,3348,8323,6630,4024,3511,5341,4691,3785,3359,3916,3942,3393,3191,-8.34247,-18.1254,8.83182,48.2413
35172,3186,3361,3458,3357,3403,3689,3925,3679,3832,4790,6181,4695,4048,5879,9033,5740,20.7949,6.83297,8.86483,48.1707
35173,3334,3389,3390,3113,3777,3818,3485,3209,5353,5125,4037,3408,8757,9159,4782,3583,29.1715,-14.5058,8.72452,47.8127
35174,4681,4151,3674,3204,7815,5356,3839,3258,7898,5448,3798,3403,4767,4198,3602,3294,0.0692083,-22.0548,8.95627,48.2573
35175,3979,5894,9769,6419,3802,4499,5543,4662,3476,3577,3905,3635,3244,3223,3257,3340,-25.3465,7.56438,8.96598,48.1493
35176,3192,3451,3515,3389,3340,3794,4414,4126,3822,4647,7632,5570,3776,4791,7228,5771,14.784,9.56206,8.91303,48.3053
35177,9160,5556,3830,3360,8539,5276,3905,3388,4653,4067,3580,3219,3541,3592,3224,3131,-15.6156,-26.7631,8.71606,48.014
35178,3384,3425,3336,3353,3690,4240,3932,3512,4611,6784,5530,3897,4893,7364,5901,4167,16.7218,-3.86324,8.92888,48.0127
35179,7380,9795,5410,3671,5006,5347,4173,3675,3872,3755,3500,3288,3272,3380,3333,3175,-30.5242,-10.9929,8.83649,48.0213
35180,3094,3348,3616,3933,3261,3717,4290,5634,3415,3737,5448,9899,3232,3766,4829,6669,8.85499,27.4309,8.83702,47.9253
35181,3597,4795,8945,8408,3522,4075,5184,5373,3272,3609,3840,3942,3197,3338,3377,3400,-33.7298,14.2583,8.51444,47.916
35182,3184,3287,3538,3721,3261,3667,4294,5343,3407,3942,5654,9339,3350,3742,5160,7247,10.9138,24.1462,8.77638,48.0907
35183,3548,4474,7892,9577,3388,3976,5492,6003,3321,3425,3926,4016,3131,3247,3354,3340,-23.5677,17.8151,8.50032,48.0733
35184,3439,3428,3302,3311,3932,3780,3382,3287,5909,4696,3614,3431,12569,5717,3802,3377,33.9305,-32.1623,8.98126,47.3173
35185,3632,3994,3855,3628,4323,5713,4817,3825,4497,7267,5950,3983,3963,4733,4431,3775,4.61267,-3.09156,8.70642,48.2573
35186,5071,8852,7518,4549,4351,5131,4944,4042,3639,3781,3702,3626,3154,3302,3369,3192,-26.841,-2.02051,8.73712,48.1487
35187,7443,8294,4786,3715,5848,6267,4280,3536,3995,4009,3563,3335,3461,3498,3217,3115,-19.9699,-13.2062,8.92015,48.2413
35188,3529,3722,3644,3405,4032,5034,4403,3769,4776,7945,6097,4034,4390,5280,4780,3873,8.41181,-3.61137,8.93796,48.4753
35189,4330,7048,9564,5248,3932,4729,5217,4434,3458,3738,3818,3570,3249,3367,3245,3201,-32.7232,3.43205,8.87664,48.0987
35190,3319,3926,5235,6140,3439,3999,6651,8403,3351,3688,4705,5167,3143,3509,3721,3758,-9.17356,18.5849,8.89071,48.1027
35191,3388,3921,6213,12384,3335,3674,4906,6457,3190,3481,3735,4115,3035,3218,3361,3447,-24.4321,26.9178,8.93936,47.9067
35192,3178,3617,4085,4730,3259,3754,4819,8005,3334,3808,4988,8577,3195,3500,4180,4993,1.32457,29.6167,8.64922,48.0147
35193,4760,8309,8365,4794,4232,4944,4838,4014,3567,3832,3769,3487,3231,3388,3320,3266,-29.064,-0.23236,8.95087,48.0773
35194,3265,3832,5666,9717,3308,3803,5030,8571,3073,3615,3997,4563,3129,3211,3468,3521,-16.5116,27.6741,8.94566,47.846
35195,3214,3363,3369,3246,3536,3779,3730,3582,4156,5063,5139,4231,4775,7946,8279,4901,24.6932,0.435239,8.70474,48.206
35196,3563,3920,4152,3739,3816,4970,6126,4305,3942,5586,7207,4712,3555,4109,4490,4083,2.14904,4.30057,8.82622,48.1833
35197,3441,4278,8006,10487,3365,3918,5211,5805,3272,3565,3840,3947,3126,3140,3304,3342,-27.4233,18.3484,8.86211,48.0313
35198,3462,4013,5159,4895,3683,4680,8034,6019,3481,4127,5304,4602,3318,3600,3833,3801,-6.76991,10.7982,8.63154,48.0073
35199,3234,3270,3854,3983,3173,3646,4472,5829,3271,3742,5227,9855,3305,3769,4715,6478,7.8624,30.2214,8.92462,47.882
35200,3381,3809,5759,11392,3345,3887,4937,7306,3254,3588,3817,4178,3174,3275,3317,3345,-21.1858,29.7055,8.61861,47.8427
35201,4827,7380,5928,4129,4577,6745,5466,4106,3698,4086,4009,3579,3360,3617,3471,3308,-16.7325,-3.39986,8.61119,48.1907
35202,3826,5025,9245,7597,3583,4060,5837,5350,3327,3603,3799,3866,3143,3265,3516,3326,-22.7246,12.0679,8.94809,48.2453
35203,3394,3277,3207,3127,3932,3834,3451,3259,6413,4798,3821,3373,12425,5937,3912,3363,26.1943,-30.6755,8.84013,47.682
35204,3159,3293,3600,3740,3222,3589,4373,5359,3443,3851,5337,9534,3370,3800,5033,7336,10.8499,26.6573,8.51689,48.026
35205,9431,6778,4164,3442,7180,5399,3968,3476,4156,3992,3490,3290,3454,3482,3194,3197,-19.1497,-19.945,8.78138,48.062
35206,8122,5192,3771,3345,9291,5575,3816,3338,5084,4227,3598,3123,3809,3573,3394,3063,-12.6373,-25.0869,8.72433,48.214
35207,4014,5883,9779,6559,3753,4351,5120,4767,3365,3579,3879,3748,3134,3337,3392,3482,-29.9041,8.12831,8.62961,48.0947
35208,3263,3658,4137,5168,3381,3782,4954,9040,3249,3632,4765,7688,3211,3636,4114,4386,-2.13569,31.0968,8.98606,48.0427
35209,3267,3390,3358,3127,3498,3744,3753,3567,4244,5072,4901,4018,5039,8622,7866,4672,28.048,-1.2473,8.67627,48.092
35210,3933,3873,3495,3257,5128,5563,4026,3470,6438,7476,4494,3682,4771,4978,3891,3435,5.1936,-12.4768,8.58771,47.94
35211,3205,3678,3870,4072,3480,4031,5584,5516,3481,4158,7351,7109,3407,4024,4865,5058,5.15272,14.8098,8.90526,48.5927
35212,5683,5319,4021,3425,7825,7184,4143,3418,5131,4924,3788,3373,3827,3768,3473,3220,-8.5612,-16.4692,8.74166,48.348
35213,3336,3944,5559,9892,3344,3884,5155,8398,3179,3506,4012,4602,3068,3234,3403,3531,-16.9708,27.5303,8.78499,48.0313
35214,3351,3730,4406,5402,3453,3849,5133,9443,3393,3745,4669,6963,3324,3431,3776,4187,-4.05955,31.2445,8.79624,48.17
35215,3077,3152,3400,3346,3169,3439,3824,4008,3325,3907,4721,6084,3440,4065,6314,12608,27.6111,26.0411,8.8941,47.9193
35216,3105,3217,3441,3434,3293,3427,3790,3974,3407,3701,4962,6913,3422,3854,5871,11967,22.6656,30.5372,8.82786,47.852
35217,3854,5361,9197,6513,3720,4582,6159,5103,3573,3561,3966,3908,3081,3305,3397,3355,-21.2935,9.6762,8.70697,48.4233
35218,3267,3304,3378,3341,3492,3718,3841,3656,4013,4799,5279,4327,4481,7271,9236,5308,26.5252,3.2539,8.58968,48.474
35219,3332,3534,3484,3379,3766,4210,4058,3600,4482,6775,5829,4126,4603,6854,6091,4140,15.5387,-2.24535,8.90898,48.1753
35220,4006,5258,6630,4857,3988,5615,7503,4805,3588,4019,4359,3841,3255,3454,3640,3472,-12.8961,4.77705,8.94603,48.1933
35221,3235,3208,3361,3330,3367,3507,3928,3785,3452,4190,5262,5360,3590,4667,9042,8465,33.4441,14.2996,8.67268,47.8327
35222,3414,3799,5343,8509,3353,3868,5292,9231,3260,3468,4125,4817,3098,3282,3446,3586,-14.0557,27.4301,8.80083,47.9273
35223,3330,3804,4749,6504,3440,3846,5246,10053,3298,3568,4299,5691,3225,3428,3706,3775,-8.91188,32.2514,8.94253,47.9747
35224,3397,3944,5870,11339,3424,3885,5008,7331,3184,3575,3933,4174,3001,3219,3357,3481,-20.5287,32.6776,8.96893,48.0813
35225,7136,7098,4389,3459,6533,6552,4292,3542,4211,4175,3731,3299,3544,3525,3324,3137,-16.0051,-14.7364,8.94489,47.9647
35226,3448,3835,6339,12628,3353,3848,4734,6054,3217,3395,3796,3925,3187,3289,3395,3467,-31.3643,26.3991,8.92518,47.94
35227,3180,3294,3468,3530,3262,3551,4161,4383,3448,3879,5114,8526,3312,3993,5521,9383,16.3884,33.5364,8.57457,48.0033
35228,3091,3241,3527,3344,3235,3521,3840,4074,3402,4290,5820,5800,3574,4680,8601,8165,21.8502,14.5152,8.78376,48.1367
35229,3180,3304,3485,3575,3214,3466,4030,4482,3384,3747,5265,8004,3366,3869,5844,9782,17.6006,25.0466,8.76223,47.998
35230,12623,6030,3945,3410,6300,4866,3771,3372,3911,3759,3379,3295,3295,3324,3179,3153,-25.9751,-32.0023,8.8601,47.7413
35231,4682,4328,3751,3384,6788,6255,4135,3435,6462,5821,4028,3525,4439,4222,3608,3224,-1.09669,-16.4071,8.58854,48.058
35232,3405,3518,3259,3150,4247,3895,3556,3252,7631,4981,3882,3318,10701,5706,3888,3471,19.4238,-27.9374,8.56833,47.9067
35233,4579,4738,3772,3318,6894,6446,4153,3478,6322,5958,4093,3490,4270,4228,3611,3230,-1.84714,-16.1339,8.65699,48.3867
35234,3637,3986,4603,4270,3787,5089,7511,5096,3662,4633,6266,4652,3456,3737,4147,3918,-2.57834,7.12926,8.86374,48.3
35235,3250,3583,3774,3572,3583,4090,4953,4089,3795,5416,8318,5231,3746,4634,5892,4767,9.63748,6.78527,8.97182,48.462
35236,5757,4542,3609,3262,9203,5462,3819,3344,6773,4696,3785,3229,4311,3967,3352,3219,-4.62192,-25.1877,8.5718,48.22
35237,3091,3168,3322,3498,3347,3629,3772,3685,3888,4484,5366,4642,4098,5990,9860,6238,26.8321,7.02278,8.79569,48.052
35238,3314,3472,3328,3140,3906,4070,3681,3556,5242,6766,4614,3694,6097,8292,5284,3915,18.311,-8.9609,8.94383,48.2473
35239,3158,3484,3953,4235,3479,3798,5139,6206,3401,4003,6325,8233,3391,3777,4618,5309,4.05587,19.1504,8.71118,48.3393
35240,3384,3807,3801,3445,3989,5006,4868,3941,4343,7027,6559,4317,4034,4981,4802,3949,7.04426,-1.13403,8.61445,48.1687
35241,10951,7578,4221,3355,5895,5093,3890,3335,3832,3789,3541,3137,3394,3486,3247,3117,-32.5515,-19.989,8.85104,47.9073
35242,4987,4484,3731,3279,8128,6053,3932,3317,6578,5175,3836,3429,4375,3960,3497,3296,-3.22643,-19.5803,8.71044,48.038
35243,3356,3374,3291,3151,3881,3864,3621,3284,5426,5276,3991,3378,9192,8650,4664,3575,28.7812,-15.4009,8.58028,47.9827
35244,4210,3872,3478,3159,6282,4580,3622,3287,9278,5686,3984,3408,5939,4635,3674,3278,6.1205,-24.2975,8.62454,48.248
35245,3026,3313,3378,3416,3359,3703,4169,3936,3642,4429,6295,5389,3718,4790,8506,7206,19.852,12.102,8.64936,48.1833
35246,8034,9258,4947,3798,5452,5620,4184,3498,3818,3887,3540,3420,3368,3366,3209,3073,-23.6313,-13.1124,8.75616,48.3147
35247,3092,3482,3819,3735,3391,3716,4719,5233,3499,4158,6790,8322,3362,3868,5125,5979,8.65098,18.255,8.98015,48.1933
35248,5695,9065,6426,4114,4431,5767,4809,3918,3702,3832,3756,3476,3279,3399,3415,3173,-22.6364,-5.13712,8.52336,48.1713
35249,3266,3436,3761,3840,3387,3893,5140,4929,3644,4499,7680,6688,3459,4048,5350,5152,7.22344,13.2068,8.77851,48.1147
35250,3260,3878,4894,5561,3320,3974,6492,8366,3365,3886,4978,5774,3123,3434,3862,4075,-6.12331,18.9047,8.96503,48.1613
35251,3070,3334,3378,3438,3208,3589,3857,3950,3472,4046,5697,5972,3620,4567,8493,8386,21.8502,14.9124,8.84777,48.0513
35252,3200,3511,4081,4643,3347,3790,4895,7885,3325,3719,4966,8552,3164,3513,4332,4827,0.749259,28.6701,8.69706,47.8333
35253,3159,3223,3519,3460,3245,3469,4032,4485,3325,3837,5094,8526,3379,3839,5570,9634,16.4513,32.0145,8.64917,47.864
35254,4163,3973,3533,3236,5917,5532,3877,3496,7463,6529,3998,3410,5012,4678,3782,3421,4.01459,-17.3487,8.60544,48.0133
35255,5035,8667,7740,4387,4351,5004,4854,4031,3656,3635,3854,3547,3339,3370,3345,3277,-30.3542,-1.62787,8.57488,48.0613
35256,3291,3292,3357,3159,3600,3804,3700,3487,4436,5021,4717,3923,5539,9626,6902,4262,32.1213,-4.19279,8.83215,48.0773
35257,3671,3692,3422,3169,4505,4377,3655,3275,7209,7196,4301,3427,6602,6312,4285,3535,12.9294,-15.2869,8.89163,48.422
35258,8333,8204,4623,3648,5946,5987,4058,3541,4093,3976,3564,3282,3409,3323,3280,3140,-21.2445,-15.1311,8.83126,48.2713
35259,7913,5231,3812,3331,9176,5606,3861,3340,4859,4207,3529,3398,3728,3586,3330,3175,-12.5519,-25.2887,8.64809,48.0547
35260,3149,3320,3344,3312,3673,3860,3752,3609,4290,5611,5315,4056,4957,8194,7133,4405,21.8776,-1.59408,8.97544,47.9867
35261,3140,3189,3321,3361,3208,3357,3734,4066,3519,3953,5023,5982,3442,4226,7485,10900,27.0704,19.9516,8.7104,47.9373
35262,3792,3707,3665,3398,4454,5300,4232,3676,5338,8083,5313,3835,4443,5566,4354,3620,7.52311,-7.15445,8.83161,48.5173
35263,4744,4389,3685,3252,7548,6081,3991,3438,6719,5699,3872,3366,4437,4164,3623,3185,-1.56756,-18.5012,8.92842,48.1287
35264,3367,3961,6271,12188,3396,3887,4806,6166,3325,3459,3790,4046,3075,3149,3414,3481,-27.6588,25.4936,8.55508,47.854
35265,3067,3247,3364,3418,3311,3533,3793,4042,3463,4036,5478,6087,3524,4511,8068,9356,22.8814,17.154,8.81788,48.1987
35266,4431,4108,3500,3277,6789,5113,3840,3368,8312,5836,3927,3425,5030,4355,3610,3286,2.82142,-20.7346,8.72779,48.138
35267,3124,3277,3466,3433,3205,3516,3782,3959,3451,3926,4978,5773,3407,4272,7527,11014,31.1818,19.7997,8.74599,48.0733
35268,4490,3931,3438,3254,7426,4697,3807,3455,8933,5085,3781,3329,5144,4332,3587,3239,2.49483,-32.5536,8.79501,47.952
35269,3130,3394,3909,4247,3457,3713,4666,6816,3319,3771,5087,9553,3315,3689,4575,5542,4.50924,29.2259,8.76922,48.122
35270,3870,4147,4282,3791,4243,6515,6009,4032,4195,5878,5610,4207,3698,4159,4044,3710,-1.29353,-0.902434,8.74376,48.26
35271,3572,3764,3787,3421,4167,5132,4584,3886,4632,7515,6034,3973,4243,5059,4558,3965,6.63513,-3.42726,8.64683,48.1947
35272,3653,4368,7175,7961,3475,4192,6190,6649,3339,3693,4148,4158,3157,3317,3395,3502,-17.8176,16.1473,8.64545,48.248
35273,3069,3330,3576,3648,3246,3478,4207,4670,3398,3990,5520,8516,3311,3889,5531,8647,14.7713,24.0707,8.51596,48.0173
35274,3368,3751,4914,7203,3306,3884,5479,9904,3233,3636,4273,5387,3166,3421,3680,3771,-10.3695,26.5147,8.86353,48.2507
35275,3462,3554,3762,3526,3748,4393,4915,3974,4149,6265,7655,4663,3732,4890,5557,4287,8.93646,2.94297,8.89105,48.3547
35276,3976,4832,4604,3937,4376,6982,6550,4346,3936,5108,5008,3829,3680,3928,3752,3484,-5.52521,-0.857459,8.57738,48.2187
35277,3138,3254,3349,3353,3177,3427,3899,4049,3378,3761,4930,6941,3344,4061,5870,11448,21.663,33.6653,8.58397,47.586
35278,7089,7274,4510,3584,6431,6621,4293,3609,4106,4186,3637,3357,3463,3607,3322,3133,-16.6215,-14.4353,8.85906,48.148
35279,6038,7043,4571,3800,5896,7325,4582,3659,4198,4447,3810,3254,3495,3587,3379,3264,-14.3723,-11.5152,8.82729,48.232
35280,3530,3764,3679,3545,3949,4779,4754,3905,4333,6965,6974,4373,4112,4876,5050,4140,7.72455,0.36058,8.75198,48.4853
35281,4989,4292,3623,3307,8838,5106,3832,3230,7447,4800,3775,3227,4420,4078,3545,3201,-2.10198,-33.4312,8.79884,47.8067
35282,3455,3772,5424,7058,3422,3954,6149,8862,3312,3691,4313,5064,3179,3339,3667,3759,-11.5548,20.8009,8.91549,48.28
35283,7564,5136,3836,3396,9513,5344,3854,3396,5034,4187,3524,3311,3713,3611,3342,3257,-11.9729,-33.1753,8.78193,48.012
35284,4156,4875,4443,3787,4834,7447,5899,4101,4208,5585,4626,3729,3668,3881,3761,3449,-4.93533,-3.72859,8.59409,48.2993
35285,3219,3271,3325,3275,3454,3777,3803,3630,3930,4926,5233,4395,4355,7281,8749,5209,24.0756,2.42328,8.91501,47.888
35286,12489,6119,3814,3403,6024,4807,3766,3270,4015,3870,3351,3263,3473,3434,3232,3127,-32.8825,-27.3757,8.52193,47.638
35287,3985,4878,5258,4225,4092,6473,7469,4604,3813,4601,4859,3921,3402,3651,3708,3551,-8.37192,2.15341,8.69722,48.3267
35288,5028,4643,3864,3407,7022,7082,4131,3440,5723,5592,3977,3451,4214,3989,3568,3303,-3.7565,-15.2436,8.79247,48.2893
35289,3445,4060,6385,8563,3548,4113,5827,7698,3178,3547,4064,4456,3106,3334,3445,3547,-16.2022,19.5145,8.95301,48.2107
35290,3160,3645,4133,4234,3369,3825,5427,6320,3420,3989,6561,7646,3333,3743,4564,4971,2.90273,17.5587,8.87884,48.2267
35291,3395,3951,6159,11873,3255,3782,4840,6761,3272,3530,3909,3955,3161,3100,3392,3395,-23.1784,27.8464,8.80811,47.82
35292,3411,3923,5902,12141,3336,3706,4962,6906,3234,3384,3838,4044,3152,3218,3351,3412,-22.4262,32.2969,8.98934,47.9467
35293,3267,3337,3317,3207,3566,3718,3605,3529,4654,5249,4520,3746,6041,10182,6199,4027,29.6695,-6.42269,8.90584,48.1093
35294,6613,6304,4272,3563,7203,7233,4196,3585,4624,4453,3690,3415,3600,3577,3403,3200,-13.0886,-15.6391,8.99016,48.6207
35295,3418,3917,6895,11757,3366,3724,4925,5924,3325,3525,3946,3954,3147,3268,3427,3426,-30.0187,22.7814,8.52238,47.9627
35296,3442,3280,3332,3149,3867,3970,3731,3444,4919,6389,4747,3911,5861,8686,5548,3946,19.8155,-7.64545,8.63231,48.148
35297,3329,3803,5031,7623,3370,3868,5128,9788,3362,3596,4250,5117,3115,3316,3674,3748,-11.8244,31.4021,8.88573,48.0787
35298,12458,6086,3957,3504,6112,4766,3862,3475,3858,3800,3435,3228,3376,3381,3211,3109,-26.8774,-33.9854,8.61925,47.7453
35299,3490,4117,6727,10116,3378,3940,5247,7051,3272,3531,3881,4015,3079,3267,3566,3506,-20.5383,21.1802,8.77225,48.122
35300,3131,3387,3861,4063,3379,3740,4573,6121,3260,3849,5745,9338,3425,3828,4650,5925,6.32814,23.271,8.79308,48.1833
35301,3410,3760,5217,7706,3339,3891,5481,9447,3291,3579,4217,5114,2998,3210,3703,3856,-11.8501,25.0209,8.85475,48.146
35302,3393,3807,5159,6021,3448,4063,6436,8601,3381,3807,4568,5335,3146,3432,3848,3852,-8.61073,19.4962,8.61269,48.198
35303,5975,4738,3740,3310,9204,5910,3824,3325,6063,4778,3737,3297,4036,3918,3389,3199,-6.69135,-22.0066,8.77476,48.2953
35304,2937,3149,3444,3315,3270,3450,3942,3986,3488,3930,5239,5997,3526,4347,7891,10043,24.2601,18.1818,8.75837,47.9693
35305,9018,5353,3931,3408,8819,5194,3838,3384,4451,4066,3548,3287,3560,3492,3283,3131,-15.2871,-33.4555,8.66034,47.842
35306,3396,3406,3227,3062,3914,3802,3551,3178,5582,5138,3953,3497,9655,8315,4567,3541,29.9648,-16.8072,8.6097,47.856
35307,5645,4910,3998,3412,8104,6640,4061,3489,5551,4852,3770,3376,3853,3804,3491,3297,-6.97603,-18.1016,8.53636,48.1687
35308,3712,3969,3880,3582,4118,5783,5246,4052,4337,6871,6080,4115,3885,4404,4314,3817,2.48333,-1.89945,8.813,48.11
35309,3856,5376,9295,6816,3658,4409,5816,5189,3293,3667,3915,3793,3095,3281,3352,3281,-23.4615,9.80655,8.5292,48.0613
35310,3578,4208,4873,4194,3883,5311,7868,5019,3549,4633,5918,4475,3496,3761,3988,3759,-4.01977,6.45788,8.68293,48.342
35311,3096,3240,3419,3589,3289,3534,4024,4415,3423,3892,5197,7742,3343,3905,5949,10080,18.5042,25.2029,8.5616,48.0913
35312,3266,3692,4044,4026,3461,3979,5638,5723,3635,4287,7196,6987,3471,3831,4778,4842,3.72208,15.2992,8.93405,48.5707
35313,12301,6118,3924,3411,6390,4781,3814,3474,3916,3882,3394,3303,3329,3464,3209,3144,-25.4389,-29.3991,8.67179,47.9027
35314,3686,3512,3283,3190,4862,3989,3660,3237,9353,5171,3849,3380,8456,5262,3854,3342,13.5106,-29.6381,8.90459,48.0573
35315,3405,3953,5328,8076,3335,3843,5438,9128,3168,3603,4267,4831,3076,3340,3628,3722,-13.1153,25.4763,8.64509,48.094
35316,3430,4419,8100,9751,3508,4078,5282,5924,3203,3508,3895,4026,3109,3174,3363,3398,-24.0442,17.3453,8.9051,48.112
35317,10960,7523,4172,3432,5873,5150,3953,3569,3983,3793,3469,3204,3471,3341,3116,3067,-30.0981,-19.8694,8.5985,48.0507
35318,4194,5072,4883,4097,4511,7284,6537,4195,3894,4878,4648,3808,3465,3740,3649,3464,-7.47613,-1.39586,8.67556,48.2127
35319,5480,6991,4828,3792,5545,7736,4977,3762,4200,4396,3834,3395,3619,3531,3338,3257,-13.6361,-8.94395,8.58219,48.454
35320,11443,7304,4072,3396,5925,4977,3907,3456,3905,3773,3513,3141,3392,3341,3160,3150,-27.3372,-21.43,8.7764,47.9033
35321,3520,3497,3247,3029,4598,4017,3543,3284,8562,5139,3970,3492,9347,5420,3973,3376,15.9716,-28.6109,8.52865,48.0093
35322,8273,9029,4838,3613,5595,5594,4099,3446,3725,3862,3458,3297,3409,3388,3307,3035,-24.6123,-13.6892,8.74283,47.9787
35323,3452,4174,6848,11262,3412,3893,4920,5916,3314,3520,3776,3957,3217,3256,3407,3452,-33.6862,21.5168,8.55636,47.8507
35324,3292,3770,5087,7472,3321,3874,5295,9643,3432,3535,4270,5085,3115,3357,3658,3602,-11.4008,33.2871,8.64903,47.872
35325,4969,7013,5944,4219,4631,6758,5590,4054,3837,4267,4002,3648,3458,3469,3329,3323,-15.6633,-3.32794,8.52937,48.3407
35326,3361,3952,6002,12517,3442,3853,4673,6289,3334,3559,3816,3953,3111,3305,3338,3357,-25.3752,29.3437,8.82968,47.908
35327,4386,4312,3764,3379,6160,6148,3950,3449,6362,6451,4181,3449,4484,4410,3758,3242,0.666144,-14.6694,8.5769,47.9233
35328,3411,3906,5538,9434,3367,3810,5121,8518,3255,3427,4151,4428,3077,3257,3486,3450,-16.2958,32.7652,8.75071,47.7573
35329,3763,3488,3421,3135,5022,4350,3519,3346,8479,6203,4007,3365,6975,5554,3963,3316,11.8118,-20.4467,8.55087,47.9373
35330,4607,4742,3925,3396,6496,7414,4284,3496,5484,5908,4070,3497,4103,4020,3673,3387,-3.24097,-12.8318,8.98209,48.3347
35331,3484,4154,5999,5800,3604,4423,7777,6762,3408,3805,4719,4628,3180,3288,3727,3677,-10.3951,13.4444,8.94875,48.29
35332,3177,3378,3618,3614,3319,3743,4199,4762,3532,4010,6396,8154,3429,3992,6085,7351,13.2638,19.2222,8.86079,48.506
35333,3197,3169,3562,3682,3183,3493,4115,4847,3412,3909,5511,9052,3374,3752,5426,8286,13.8167,24.1687,8.96011,47.98
35334,3544,3756,3439,3252,4054,4780,3993,3435,5549,8064,5173,3739,4970,6171,4485,3853,10.9136,-8.19182,8.77467,48.1713
35335,3265,3398,3394,3315,3583,3739,3862,3611,4293,5283,5181,4125,4934,8415,7680,4613,25.5001,-1.01617,8.55738,48.4607
35336,4165,5684,6117,4495,4259,6348,6961,4477,3644,4322,4346,3804,3463,3551,3508,3496,-12.919,1.19061,8.71946,48.4267
35337,3632,4505,7691,7921,3588,4130,6141,6166,3264,3699,4050,4153,3047,3283,3441,3497,-18.7818,15.4086,8.70802,48.1387
35338,3742,3538,3298,3074,5106,4287,3574,3214,9229,5778,3927,3415,7526,5200,3983,3353,11.7359,-23.261,8.96063,48.1627
35339,3691,4702,7957,6962,3562,4293,6536,5847,3268,3770,4077,3986,3191,3231,3385,3491,-18.4608,12.8876,8.83854,47.966
35340,3069,3343,3514,3528,3247,3454,4054,4491,3307,3805,5227,8311,3420,3936,5693,9460,16.1595,25.5328,8.98182,47.906
35341,10328,6021,3983,3304,7750,5224,3860,3344,4347,3973,3511,3251,3489,3448,3243,3037,-18.6987,-25.0058,8.76842,48.0753
35342,7519,9441,5123,3751,5155,5796,4214,3523,3866,3881,3578,3316,3344,3393,3229,3123,-23.3458,-11.4435,8.84757,48.168
35343,3404,4022,6538,12082,3352,3807,4845,6277,3171,3479,3753,4038,3029,3193,3426,3418,-26.5773,24.2702,8.78303,47.8893
35344,3496,3477,3325,3030,4142,4108,3608,3296,6390,6198,4134,3480,7757,7399,4396,3543,17.7991,-15.5838,8.7954,47.8527
35345,7219,8626,4827,3634,5723,6250,4291,3646,3882,4066,3628,3232,3419,3300,3280,3133,-20.1,-12.4644,8.95113,48.104
35346,5023,8890,7615,4525,4267,4955,4840,4160,3559,3756,3744,3434,3313,3373,3358,3246,-31.8858,-1.78836,8.64785,48.0387
35347,3115,3278,3641,3633,3220,3539,4121,4571,3425,3944,6014,7485,3403,4118,6430,7959,15.6232,18.5224,8.5508,47.9307
35348,3194,3466,3858,4062,3460,3732,4618,6384,3343,3765,5520,9218,3304,3727,4616,5695,5.20348,23.3347,8.95655,47.9747
35349,3292,4062,6991,11928,3396,3785,4803,5999,3305,3446,3801,4001,3044,3200,3434,3390,-29.7673,23.0994,8.58765,47.918
35350,11124,7498,4098,3360,5860,4977,3840,3442,3970,3767,3385,3201,3495,3453,3148,3066,-33.4503,-20.2505,8.94991,47.7893
35351,3109,3357,3343,3174,3556,3840,3724,3557,4158,4837,5184,4272,4696,7969,8561,4934,27.3949,0.857533,8.97868,48.1807
35352,3558,4240,5227,4701,3651,4633,7947,5894,3531,4058,5418,4692,3318,3646,3956,3801,-6.18586,10.3882,8.58149,48.1807
35353,9801,8329,4408,3469,5872,5159,3987,3440,3956,3849,3583,3247,3435,3355,3255,3112,-25.2465,-17.2264,8.69476,48.1713
35354,3382,3366,3183,3032,3964,3867,3530,3178,6381,5059,3878,3445,11123,6697,4090,3539,23.5135,-21.7122,8.85748,47.8093
35355,5173,5500,4150,3581,6045,8093,4513,3572,4582,5062,3989,3456,3712,3837,3469,3255,-8.39453,-11.2456,8.76569,47.9927
35356,4155,3870,3469,3110,6918,4537,3763,3327,9510,5178,3810,3483,5558,4462,3575,3277,4.22322,-32.2551,8.94567,48.0013
35357,3873,5564,9839,6887,3604,4279,5231,4959,3431,3595,3796,3756,3308,3243,3357,3337,-32.0996,9.70878,8.74209,48.0393
35358,3630,3638,3448,3304,4393,4772,3877,3419,6068,7913,4691,3761,5304,5816,4474,3680,9.94954,-10.7464,8.78487,48.1253
35359,3389,3699,4523,5519,3414,3785,5569,9046,3329,3658,4866,6810,3174,3440,3917,4208,-4.12805,24.0321,8.56482,48.2307
35360,3327,3409,3322,3208,3925,3783,3531,3197,5884,4847,3793,3322,12359,6475,3936,3357,32.2964,-24.7452,8.78249,47.7833
35361,3457,3981,5615,7522,3463,3990,6061,8825,3293,3604,4249,4903,3111,3200,3579,3729,-12.6886,21.5304,8.75385,48.388
35362,3280,3412,3242,3099,3604,3840,3526,3457,4836,5331,4418,3660,6495,10063,5921,4069,28.7269,-8.03626,8.99269,48.1687
35363,3116,3266,3437,3564,3215,3489,3925,4371,3423,3769,5003,8133,3492,3874,5598,10072,17.7629,29.302,8.51569,47.8313
35364,3094,3296,3365,3353,3297,3625,3896,3985,3594,4303,5959,5664,3634,4728,8500,7701,20.5256,13.1557,8.98964,47.996
35365,4408,6430,6417,4402,4272,6312,6272,4382,3652,4175,4216,3788,3286,3489,3570,3362,-15.291,0.103165,8.62368,48.2887
35366,3383,3363,3139,3152,3872,3712,3368,3305,6312,4812,3809,3349,12559,5924,3854,3330,26.1213,-32.5782,8.73512,47.4953
35367,5050,5085,3882,3484,7233,7250,4312,3572,5407,5296,3955,3407,3931,3796,3517,3284,-6.26729,-15.2362,8.94831,48.3073
35368,3168,3447,3507,3554,3385,3610,4238,4095,3627,4746,7205,5777,3742,4627,7352,6143,15.6511,10.6805,8.56272,48.1487
35369,3080,3500,3833,3955,3331,3683,4358,5799,3376,3935,5797,9389,3320,3714,4852,6355,8.057,24.0142,8.50832,48.1847
35370,3208,3236,3322,3385,3377,3680,3938,3669,3798,4900,5874,4766,4052,6189,9058,5732,22.2028,6.13669,8.69292,48.1227
35371,3030,3286,3403,3412,3229,3556,3841,3664,3535,4194,5108,5237,3602,4910,9287,8569,29.4499,13.6918,8.80966,47.9087
35372,3283,3608,4106,4508,3418,3784,5264,7277,3356,3914,5501,8124,3335,3585,4258,5067,1.84453,22.1406,8.60675,48.2587
35373,4215,6245,7758,5231,4071,5274,6324,4633,3521,3864,3930,3835,3202,3478,3479,3306,-18.6831,3.74883,8.53923,48.244
35374,3395,3935,5884,10819,3466,3833,4934,7538,3237,3439,3942,4193,3163,3254,3412,3515,-19.9521,31.5123,8.96662,47.9727
35375,3369,3444,3235,3108,3871,3725,3407,3157,5913,4942,3876,3369,11942,6862,3976,3329,31.3191,-22.5609,8.94197,47.6833
35376,3466,3410,3532,3535,3566,4114,4832,4234,3860,5343,8048,5262,3678,4725,5912,4882,10.5463,6.94088,8.77835,48.266
35377,3334,3352,3229,3073,3998,3816,3440,3320,6962,4798,3743,3366,11514,5954,4012,3464,22.4596,-31.482,8.51625,47.5833
35378,6757,9502,5523,3852,4936,5591,4534,3759,3801,3943,3654,3357,3374,3315,3328,3097,-23.6479,-9.20943,8.70643,48.2153
35379,6329,4739,3726,3405,9823,5402,3762,3236,6055,4481,3575,3222,3900,3756,3423,3193,-7.4988,-31.3951,8.88494,48.018
35380,4613,6801,6607,4521,4306,6278,6089,4153,3566,4035,4087,3610,3239,3470,3498,3321,-16.6163,-0.949548,8.83057,48.1293
35381,5391,9282,6831,4329,4377,5433,4727,3931,3575,3776,3711,3486,3369,3377,3293,3095,-26.554,-4.26988,8.56146,47.9887
35382,3272,3264,3441,3443,3149,3439,3743,4083,3295,3939,4784,6034,3329,3804,6134,12182,33.6854,25.4255,8.6193,47.5567
35383,3157,3522,3909,3910,3360,3638,4752,5614,3431,4111,6439,8242,3335,3949,5091,6068,7.86169,18.6265,8.51972,48.352
35384,3151,3205,3398,3444,3437,3724,3803,3722,3704,4480,5284,4963,3857,5492,9869,6551,33.5683,8.81343,8.72163,48.056
35385,3038,3185,3389,3422,3225,3410,3831,4148,3364,3792,5007,7144,3312,3837,5868,11580,21.7339,28.9991,8.88776,47.7013
35386,3358,3952,6342,12193,3348,3800,4811,6536,3298,3475,3794,3919,3104,3177,3403,3277,-24.8055,27.006,8.65715,47.858
35387,3728,3522,3225,3118,4832,4037,3628,3254,9557,5213,3792,3410,8179,5398,3763,3356,13.3404,-31.7409,8.89035,48.008
35388,3359,3877,5325,8262,3393,3863,5270,9082,3269,3591,4191,4916,3196,3285,3631,3662,-13.4014,26.9244,8.60937,48.1147
35389,4523,6120,5635,4145,4667,6875,6214,4160,3831,4460,4153,3720,3402,3547,3568,3312,-12.9141,-1.9183,8.51079,48.2213
35390,3405,3452,3221,3144,4125,3763,3399,3309,7206,4815,3859,3433,11348,5822,3902,3492,21.6067,-31.9389,8.52111,47.7967
35391,3298,3445,3907,4036,3244,3775,4593,6511,3344,3840,5282,9636,3190,3678,4593,5697,5.33385,33.1894,8.79909,48.046
35392,3393,3920,6072,12586,3427,3734,4705,5976,3262,3360,3697,3894,3128,3233,3419,3325,-28.7883,30.8477,8.94892,47.4207
35393,3498,4097,5141,4593,3651,4991,7944,5723,3624,4237,5558,4629,3421,3720,3936,3832,-5.92605,9.30672,8.54888,48.3967
35394,8362,9039,4763,3584,5335,5550,4143,3587,3872,3980,3608,3333,3422,3435,3214,3106,-24.2389,-13.7661,8.9528,48.222
35395,3706,4744,7178,5815,3741,4698,7564,5692,3368,3761,4376,4112,3153,3437,3583,3519,-14.483,9.93207,8.9933,48.298
35396,3516,3877,5280,8902,3327,3820,5210,8791,3266,3480,4072,4691,3167,3212,3523,3518,-15.3097,30.8712,8.72217,47.768
35397,3842,5386,9864,7024,3656,4317,5292,5031,3332,3576,3803,3795,3145,3210,3311,3348,-30.4423,9.7258,8.64175,47.9547
35398,3214,3290,3139,3173,4013,3815,3521,3227,5967,4982,3953,3377,11455,6953,4136,3502,33.0262,-21.7836,8.65466,47.8113
35399,3381,3495,3655,3375,3499,4170,4702,3914,3895,5690,7835,4946,3768,4897,6284,4683,11.8626,5.4641,8.93018,48.126
35400,4033,4231,3914,3526,4952,6627,4675,3698,5152,7180,4807,3590,4099,4456,3906,3501,0.924186,-8.31203,8.88506,48.2313
35401,3708,4412,5806,5034,3653,4936,8103,5928,3489,3923,5068,4295,3180,3492,3647,3660,-9.99295,9.3646,8.7071,48.2227
35402,3468,4283,7739,10132,3444,3904,5249,6011,3181,3409,3926,4089,3094,3223,3440,3350,-24.7284,18.4882,8.75091,47.9613
35403,3305,3680,4527,5683,3350,3875,5284,9441,3194,3696,4604,6659,3196,3468,3932,4225,-4.93763,26.8747,8.57616,48.0793
35404,6622,5013,3657,3244,9850,5320,3806,3423,5779,4416,3579,3294,3874,3707,3369,3209,-8.48436,-27.8669,8.69113,48.108
35405,3801,3940,3740,3412,4451,5845,4611,3650,5002,7705,5352,3851,4232,4907,4205,3700,4.48779,-6.16753,8.6015,48.2693
35406,3894,3688,3290,3139,5314,4390,3613,3325,9374,5783,3924,3451,7159,5160,3781,3449,10.9513,-23.272,8.78404,48.4893
35407,3143,3412,3846,4042,3333,3622,4475,5971,3353,3943,5712,9555,3315,3711,4737,6170,7.36932,23.6596,8.64371,48.2267
35408,3253,3283,3363,3316,3537,3599,3684,3598,3834,4761,5155,4465,4296,7052,9479,5389,31.7341,3.88686,8.94942,48.0427
35409,9228,7854,4293,3645,5960,5498,4027,3464,4007,3941,3502,3293,3388,3374,3268,3114,-23.3457,-17.0786,8.56381,47.904
35410,3190,3253,3402,3408,3387,3562,3844,3656,3764,4369,5317,4744,3880,5758,9990,6680,27.3761,8.57507,8.79395,48.136
35411,4493,6632,7057,4613,4278,5835,6257,4339,3649,3988,3964,3711,3346,3441,3484,3247,-17.3083,0.997369,8.70285,48.2227
35412,3165,3340,3554,3728,3226,3453,4282,4972,3296,3904,5039,9583,3389,3908,5029,7912,12.3439,30.9891,8.66141,47.8533
35413,3380,3345,3260,3257,3912,3777,3410,3271,6062,4730,3829,3357,12540,5881,3860,3367,32.2778,-29.4943,8.53613,47.492
35414,4023,3928,3560,3204,5791,4960,3840,3412,8547,6275,3975,3522,5596,4773,3896,3280,6.38563,-19.632,8.51892,48.388
35415,3024,3135,3526,3635,3200,3449,4021,4302,3320,3681,5116,8153,3411,3978,5718,10189,18.1119,27.8074,8.73807,47.9053
35416,3463,3452,3267,3161,3965,3928,3502,3320,5653,6026,4164,3537,7934,8834,4841,3618,21.2622,-13.5685,8.9984,48.4433
35417,6366,6835,4581,3552,6420,7180,4465,3615,4319,4308,3685,3303,3542,3509,3406,3191,-14.5243,-13.1031,8.57705,48.1847
35418,3137,3439,3833,3822,3518,3905,5248,5140,3610,4334,7435,6948,3536,3989,5073,5202,6.7068,14.4057,8.59848,48.1127
35419,3205,3529,4142,4779,3408,3739,4980,8526,3455,3803,5024,8343,3230,3620,4079,4821,0.0300188,28.3115,8.90686,48.4553
35420,4072,3741,3532,3132,5646,4877,3727,3421,8895,6171,3948,3334,6020,4754,3792,3273,7.11711,-20.6115,8.93689,48.2233
35421,3244,3413,3236,3036,3847,3743,3503,3129,6390,4851,3743,3318,12594,6144,4006,3358,26.199,-28.5127,8.91579,47.7033
35422,6377,4774,3715,3184,9667,5231,3868,3396,5902,4483,3657,3238,4016,3806,3435,3083,-7.70673,-26.8059,8.50837,47.888
35423,3438,3893,4715,4689,3528,4562,7249,6233,3405,4047,5979,5350,3286,3593,4033,4057,-3.33693,12.7843,8.74357,48.038
35424,4455,4073,3548,3225,7508,4730,3762,3250,8731,5291,3840,3450,5135,4270,3622,3224,2.14316,-25.1131,8.76838,48.076
35425,3652,3661,3311,3166,4779,4443,3774,3249,7541,6666,4253,3571,6651,6069,4186,3505,12.667,-16.9012,8.6565,48.318
35426,3283,3636,4432,5491,3362,3850,5273,9047,3331,3742,4850,7171,3132,3541,3914,4342,-3.1724,25.4312,8.76894,48.2647
35427,3597,4614,6734,5761,3686,4783,7579,5728,3373,3799,4500,4274,3231,3420,3702,3599,-12.9644,10.575,8.64547,48.2533
35428,3189,3292,3335,3257,3441,3708,3806,3681,4037,4812,5218,4461,4426,7203,9196,5309,26.0481,3.41176,8.74879,48.2473
35429,3741,4345,4835,4246,3959,5617,7640,4804,3753,4616,5579,4413,3502,3541,3921,3697,-4.87872,4.78239,8.50501,48.1393
35430,3339,3592,4181,4838,3334,3912,5240,8316,3369,3882,4965,7812,3197,3544,4131,4739,-0.948524,24.5871,8.85508,48.2607
35431,3208,3288,3361,3270,3590,3692,3760,3540,3973,4754,5309,4461,4483,7116,8824,5290,25.921,2.92519,8.60459,47.946
35432,3979,4522,4385,3806,4361,6795,6350,4237,4126,5435,4983,4071,3691,3972,3929,3582,-3.69087,-1.44006,8.59303,48.1493
35433,4451,4348,3632,3377,6342,6270,4135,3480,6317,6538,4134,3359,4478,4380,3672,3263,-0.17564,-14.8052,8.69608,48.1173
35434,3499,3524,3442,3325,4012,4580,4125,3614,4837,7645,5611,3901,4608,6254,5087,3923,11.9596,-4.59862,8.82828,47.9913
35435,3545,4182,6003,5461,3701,4578,7609,6586,3474,3747,4537,4438,3267,3493,3625,3598,-10.9547,12.5467,8.7846,47.896
35436,3351,3379,3297,3104,3867,3783,3589,3106,5973,5069,3906,3452,10862,7646,4223,3454,26.7978,-19.6656,8.71736,48.0407
35437,8913,5371,3719,3358,9118,5247,3798,3354,4829,4011,3565,3208,3621,3674,3361,3072,-14.5925,-27.3518,8.91076,48.146
35438,3106,3237,3419,3451,3144,3441,4030,4160,3494,3850,5351,7222,3400,4048,6313,10629,20.1245,23.0902,8.94285,48.1967
35439,4949,4531,3748,3277,7857,6081,4008,3370,6732,5324,3896,3358,4318,4103,3522,3182,-2.46119,-19.5069,8.61848,48.1707
35440,3379,3721,4781,5620,3389,4048,6292,8512,3343,3681,4841,5964,3221,3513,3841,4065,-6.04811,19.6895,8.50788,48.1407
35441,3408,3518,3330,3122,3769,4049,3815,3486,4695,6285,5175,4072,5282,8069,6232,4143,18.9093,-4.45721,8.53763,48.3
35442,3239,3391,3378,3150,3624,3953,3859,3582,4356,5897,5533,4101,4859,7961,6982,4507,20.6078,-1.35969,8.54981,48.248
35443,3791,4090,3872,3572,4211,6059,5560,3999,4403,6625,5914,4118,3890,4248,4208,3844,1.46105,-1.83207,8.57503,48.2693
35444,5395,8951,6842,4388,4331,5600,4807,3914,3699,3927,3805,3527,3351,3414,3372,3126,-23.1329,-3.58095,8.74251,48.2993
35445,4831,4748,3907,3367,7095,7183,4164,3508,5647,5506,3919,3536,4228,3894,3546,3431,-4.05681,-15.0272,8.98859,48.34
35446,3732,4383,6060,5111,3744,5059,8171,5756,3542,3887,4829,4372,3314,3513,3663,3528,-10.4603,9.14231,8.64868,48.4427
35447,3716,4314,4426,3943,4045,6249,6478,4295,3986,5484,5894,4244,3688,3972,4055,3682,-1.89152,1.41203,8.74363,48.314
35448,3256,3350,3454,3285,3436,3727,3977,3665,4009,5066,6376,4625,4117,6142,8385,5229,19.6793,4.74229,8.85375,48.066
35449,6240,10110,6045,4050,4574,5277,4419,3694,3737,3856,3592,3376,3388,3362,3239,3241,-29.0672,-7.11078,8.93425,48.1333
35450,3310,3705,4837,6825,3348,3766,5276,10041,3326,3575,4448,5647,3250,3265,3591,3883,-9.14176,30.5572,8.97679,48.062
35451,3214,3244,3390,3435,3376,3431,3706,3910,3361,3695,4662,6013,3376,3963,5947,12188,32.2864,33.3761,8.60641,47.274
35452,3672,4122,4412,3876,3918,5422,6670,4712,3812,5227,6442,4591,3567,4081,4307,3841,-0.661221,3.96463,8.59239,48.448
35453,3126,3305,3436,3380,3287,3541,3852,3691,3538,4126,5120,5094,3709,4938,9490,8076,30.5162,12.8737,8.67532,47.806
35454,4141,3774,3457,3180,6390,4574,3560,3330,9937,5137,3855,3303,6121,4602,3723,3244,6.41695,-28.3069,8.63011,48.2187
35455,3323,3510,3909,3861,3541,4070,5561,4687,3606,4744,7966,5935,3565,4202,5128,4741,5.8637,10.251,8.53621,48.2327
35456,3169,3452,3427,3462,3334,3708,4258,4311,3541,4153,6625,6939,3457,4336,6772,7140,15.2913,15.5538,8.74075,48.056
35457,3731,3655,3467,3137,4954,4555,3739,3459,7916,6953,4074,3467,6358,5639,4077,3439,10.8279,-17.0906,8.76679,48.4133
35458,3354,3419,3251,3136,3948,3807,3527,3225,5689,5034,3941,3438,10223,7959,4201,3395,33.8517,-18.2451,8.78209,47.698
35459,3293,3337,3167,3181,3805,3778,3508,3247,5868,4804,3681,3334,12869,5945,3789,3464,29.718,-32.728,8.941,47.38
35460,4174,3874,3580,3281,6128,5003,3799,3327,8315,6259,4086,3343,5435,4764,3833,3434,5.5869,-19.4045,8.67682,48.4233
35461,3155,3271,3581,3502,3507,3739,4197,4170,3792,4548,6975,5717,3732,4696,7547,6304,16.3456,10.6738,8.53741,48.2887
35462,3397,3777,3988,3786,3741,4685,5856,4563,3801,5370,7646,4836,3561,4286,4744,4148,3.45402,5.55018,8.59514,48.1233
35463,4179,4882,4782,3949,4431,7325,6606,4192,4042,4989,4842,3924,3541,3672,3636,3446,-6.35462,-1.25233,8.53568,48.292
35464,8604,8875,4684,3467,5342,5319,4308,3590,3854,3796,3543,3300,3313,3433,3298,3212,-33.9638,-14.2765,8.53567,47.9587
35465,7656,5201,3825,3358,9330,5642,3827,3342,5045,4230,3570,3174,3700,3601,3325,3029,-12.055,-23.9713,8.82156,47.9033
35466,4773,4432,3643,3221,7126,6000,4096,3313,6661,5857,4016,3391,4648,4164,3685,3337,-0.705263,-17.6855,8.65445,48.242
35467,3678,4038,4037,3716,4237,6125,5856,4237,4184,6267,5996,4117,3762,4208,4144,3888,0.595876,-0.29697,8.77539,48.3267
35468,3713,4254,4394,3819,4020,6041,6959,4430,3907,5326,6189,4215,3642,3964,4102,3746,-1.97226,1.94129,8.98472,48.4807
35469,8370,5910,3987,3397,7956,5806,3991,3502,4639,4076,3631,3210,3647,3537,3326,3147,-15.49,-20.8392,8.67699,48.088
35470,10732,5698,3842,3472,7678,4987,3818,3433,4308,3946,3502,3249,3469,3450,3174,3151,-19.6985,-30.7187,8.55585,47.9393
35471,5930,9331,6160,4092,4622,5653,4687,3840,3649,3944,3705,3287,3331,3489,3236,3202,-23.6755,-6.06823,8.75027,48.1053
35472,9701,8324,4407,3433,5641,5114,4009,3388,3924,3844,3618,3320,3291,3436,3156,3157,-33.8766,-16.8589,8.8166,47.842
35473,3650,4279,4749,4211,3921,5458,7462,4852,3720,4677,5899,4404,3413,3747,3908,3766,-3.74303,5.20207,8.56385,48.0773
35474,10793,7231,4146,3513,6303,5060,3930,3390,3885,3849,3492,3268,3421,3299,3322,3106,-24.0424,-20.8193,8.65313,48.0053
35475,3192,3572,4376,4973,3450,3845,5573,8385,3376,3712,5017,7389,3218,3499,4142,4658,-1.63481,22.7974,8.85154,48.2513
35476,3329,3472,3295,2992,4271,4001,3609,3350,6991,5433,3910,3449,9852,6813,4058,3391,20.0524,-20.7356,8.61156,48.144
35477,3174,3452,3953,4185,3263,3688,4546,6550,3392,3778,5157,9596,3283,3736,4491,5641,5.05244,31.7307,8.59145,47.9233
35478,7649,9148,5064,3743,5376,5906,4249,3567,3841,3814,3620,3291,3341,3370,3225,3115,-23.3548,-11.9965,8.71071,48.2127
35479,3501,3609,3346,3125,4165,4323,3788,3376,6180,7368,4553,3528,6103,6881,4624,3614,14.5914,-11.5085,8.65756,48.056
35480,3374,3924,6407,12148,3287,3764,4709,5861,3193,3376,3869,3944,3240,3251,3420,3376,-33.4516,25.2199,8.72411,47.4287
35481,3320,3355,3213,3175,3667,3835,3740,3412,4610,5201,4442,3836,6014,10017,6151,4003,31.8828,-6.80103,8.98909,47.994
35482,3052,3297,3522,3681,3224,3583,4191,4427,3565,4113,6001,7403,3479,4109,6297,8151,15.9454,18.8575,8.52837,48.0633
35483,3340,3774,4979,6894,3448,3790,5073,9805,3290,3553,4291,5426,3196,3327,3685,3880,-10.0137,29.7505,8.65434,47.834
35484,3405,4030,5574,6525,3434,4177,6573,8002,3260,3707,4552,4942,3264,3308,3715,3788,-10.4917,18.0609,8.51471,48.1707
35485,3412,3388,3200,3279,3765,3855,3629,3308,5204,5281,4203,3673,7380,9657,5145,3801,29.0191,-11.0632,8.84318,48.12
35486,3746,4137,3865,3450,4365,5929,4839,3770,4735,7448,5719,3916,3985,4633,4076,3625,3.15848,-4.622,8.98761,48.1587
35487,4226,6323,9101,5695,3780,4848,5852,4623,3522,3709,3807,3752,3006,3272,3354,3262,-21.8995,5.49823,8.89164,48.088
35488,3074,3177,3486,3385,3211,3355,3975,3847,3385,3823,4999,5541,3434,4224,7886,10586,31.21,18.6359,8.9082,47.592
35489,3646,3746,3629,3361,4144,4898,4418,3675,4810,7896,6061,4027,4306,5215,4633,3686,8.27034,-3.75722,8.93801,48.1007
35490,3305,3395,3172,3083,4060,3884,3410,3207,6066,5005,3882,3432,11191,7155,4207,3516,26.3011,-21.1155,8.50636,47.98
35491,3091,3234,3398,3425,3184,3390,3788,3882,3418,3771,4746,6064,3292,3974,6157,12705,32.4807,27.0751,8.95886,47.6793
35492,3700,4707,9028,8831,3521,4101,5311,5367,3316,3669,3873,3821,3049,3237,3341,3354,-27.6632,14.7633,8.74117,48.1507
35493,3524,3515,3297,3094,4329,4021,3467,3234,7552,5475,3740,3407,9787,6501,3976,3406,18.477,-21.7905,8.90172,48.2167
35494,3389,3423,3186,3036,4106,3877,3478,3245,6733,5184,3859,3471,10539,7106,4180,3323,22.4438,-21.0149,8.88973,48.09
35495,3072,3207,3494,3326,3229,3509,3816,3993,3442,3900,4996,5888,3482,4297,7311,10835,26.7734,20.0847,8.54682,47.8647
35496,4288,3974,3451,3268,6803,4683,3649,3413,9463,5203,3736,3339,5532,4359,3612,3216,4.3705,-28.074,8.54225,47.9927
35497,3517,4043,6660,10008,3388,3927,5316,7098,3249,3444,3862,4160,3050,3311,3418,3495,-20.3787,21.1583,8.79301,47.964
35498,3256,3422,3365,3163,3666,3790,3671,3456,4480,5295,4779,3928,5492,9412,6688,4286,26.917,-4.40585,8.67855,48.0993
35499,3123,3343,3481,3538,3286,3645,4132,4228,3520,4098,6165,6591,3609,4406,7167,7733,17.3662,16.5493,8.53385,48.0433
35500,3483,3475,3234,3063,4254,4142,3602,3231,6743,5891,4057,3488,8495,7111,4370,3518,18.4483,-17.3608,8.80058,48.1047
35501,3357,3996,5942,12520,3314,3667,4797,6150,3209,3485,3901,3896,3153,3280,3412,3428,-33.4225,28.9803,8.94562,47.6713
35502,3898,4777,5299,4304,4058,6256,7614,4567,3741,4501,4958,4061,3382,3595,3800,3509,-8.35433,2.54781,8.80133,48.2133
35503,4222,4108,3620,3231,6601,5539,3891,3427,7841,6249,3902,3428,5004,4553,3697,3308,2.58869,-18.4093,8.98361,48.414
35504,3507,4436,8590,9480,3449,4047,5301,5532,3250,3441,3838,3916,3087,3274,3435,3402,-33.9667,16.2385,8.96072,47.99
35505,11574,7267,4098,3425,5893,4909,3814,3413,3980,3771,3450,3134,3376,3340,3211,3058,-31.2234,-20.8221,8.95888,47.8087
35506,3501,3755,3613,3395,4075,4916,4403,3749,4654,7543,6256,4029,4241,5451,4930,3951,8.33146,-2.85567,8.87021,48.308
35507,3090,3264,3243,3297,3374,3564,3855,3826,3509,4201,5401,5107,3707,5223,9832,7650,30.2619,11.6119,8.894,48.0953
35508,8440,6050,4002,3422,8285,5818,3992,3431,4534,4187,3589,3156,3567,3513,3158,3088,-15.489,-21.2456,8.6545,48.1547
35509,3240,3901,5768,12041,3298,3878,4867,7033,3247,3301,3846,4123,3149,3243,3352,3420,-22.2025,30.632,8.95313,47.8047
35510,4191,5041,4625,3827,4713,7948,5966,4089,4106,5209,4567,3711,3590,3795,3757,3400,-6.71052,-3.79073,8.80567,48.3567
35511,3458,3826,6122,12912,3354,3763,4680,5899,3185,3273,3757,3879,3273,3179,3407,3397,-32.44,29.6164,8.94664,47.576
35512,3350,3443,3389,3256,3734,4137,3904,3584,4790,6780,5164,3963,5240,7695,5729,4110,16.6168,-5.07442,8.9671,48.1787
35513,6796,6628,4223,3595,6924,6860,4171,3530,4338,4257,3689,3299,3493,3496,3437,3176,-14.3637,-15.1375,8.86046,47.9413
35514,3805,4572,4823,4009,4080,6342,7066,4483,3842,4858,5457,4030,3481,3759,3968,3681,-5.03982,1.84647,8.60122,48.1707
35515,3152,3209,3558,3584,3414,3670,4411,4530,3434,4170,6678,7426,3393,4203,6240,7333,14.3897,17.1475,8.99853,48.27
35516,3487,3926,5356,7770,3297,3833,5753,8959,3098,3635,4267,4879,3132,3395,3599,3803,-12.5537,23.5513,8.57064,48.126
35517,3104,3221,3447,3418,3146,3396,3863,3955,3349,3733,4753,6279,3426,3859,6075,12494,27.1256,27.8131,8.66366,47.6787
35518,3318,3418,3413,3183,3559,3821,4042,3582,4051,5587,5845,4307,4662,7197,7737,4784,19.862,0.978646,8.62869,48.3373
35519,3380,3383,3205,3145,4006,3869,3459,3151,6039,4876,3805,3443,11886,6698,3953,3435,28.8799,-24.5968,8.59771,47.822
35520,3380,3723,4821,6258,3370,3693,5398,9670,3248,3611,4637,5885,3181,3388,3647,4006,-7.58687,33.8846,8.55332,47.944
35521,3057,3093,3394,3377,3243,3429,3722,3932,3309,3753,4685,6266,3385,3988,5998,12580,26.1815,30.8637,8.87443,47.474
35522,7486,5535,3867,3343,9005,5896,3967,3354,4985,4277,3639,3306,3722,3520,3251,3136,-12.6488,-21.9217,8.92017,48.1927
35523,12374,5795,3882,3370,5834,4626,3653,3426,3956,3787,3464,3289,3321,3402,3277,3249,-33.9742,-33.9381,8.9833,47.1367
35524,3222,3324,3442,3263,3538,3772,3874,3593,4196,5411,5777,4387,4602,7287,7970,4864,20.9089,1.01774,8.77455,48.348
35525,3203,3667,4433,5089,3446,3792,5133,8971,3352,3717,4904,7488,3229,3603,4036,4508,-2.17274,25.8606,8.6529,48.3807
35526,9716,8267,4448,3543,5635,5148,3999,3454,3937,3914,3525,3291,3299,3364,3211,3196,-27.1323,-17.3279,8.53639,47.9647
35527,9593,8418,4404,3595,5546,5207,4057,3521,3912,3848,3585,3301,3313,3291,3329,3168,-30.003,-16.3944,8.58474,48.0587
35528,3355,3365,3237,3048,3801,3892,3605,3272,5264,5823,4301,3627,7321,9191,5094,3729,23.2405,-11.341,8.79206,47.95
35529,6724,4794,3881,3222,10026,5201,3795,3435,5701,4378,3561,3248,3994,3682,3276,3194,-8.76874,-29.4481,8.9583,48.0747
35530,3548,4206,5985,5673,3575,4518,7553,6573,3396,3784,4657,4498,3174,3371,3715,3708,-11.1247,13.2041,8.64127,47.956
35531,3311,3381,3256,3226,3617,3757,3766,3481,4310,5094,4932,4128,4886,8617,7754,4658,28.5697,-0.985236,8.54915,48.116
35532,3480,3851,4497,4090,3703,4767,6956,5166,3753,4705,7055,4893,3549,3905,4301,4103,-0.149284,7.69212,8.83132,48.516
35533,4103,3854,3398,3147,5923,4464,3588,3267,10012,5258,3858,3376,6306,4591,3772,3368,7.61931,-32.2648,8.80262,48.19
35534,3242,3596,4525,5642,3272,3801,5472,9259,3160,3698,4632,6792,3167,3375,3986,4231,-4.85904,25.638,8.6963,47.9
35535,3325,3382,3443,3288,3681,4019,3848,3527,4405,5960,5384,4140,4984,7781,6612,4417,19.3084,-2.467,8.50532,48.1307
35536,3367,3933,5685,10668,3426,3778,5180,7759,3297,3366,3939,4315,3105,3183,3498,3394,-19.3116,27.5762,8.97452,47.9287
35537,12159,5945,3895,3432,6488,4993,3719,3377,3964,3726,3392,3282,3245,3322,3130,3129,-25.0026,-30.7414,8.75627,47.4653
35538,5956,5638,4118,3349,7462,7368,4390,3478,4864,4713,3808,3397,3668,3816,3447,3217,-10.0022,-15.4492,8.839,48.4593
35539,6603,7546,4763,3722,5880,6913,4516,3676,4066,4251,3775,3338,3393,3529,3237,3126,-16.8838,-11.7799,8.74987,48.2227
35540,4033,4746,4583,3883,4380,7061,6287,4227,4137,5409,4822,3827,3617,3858,3770,3615,-5.53335,-1.81872,8.67058,48.17
35541,3373,3979,5741,10902,3332,3815,5017,7792,3172,3481,3914,4089,3217,3221,3443,3504,-19.5096,29.0832,8.92862,47.9947
35542,3790,3868,3543,3383,4662,5535,4163,3584,5877,8027,4890,3678,4653,5208,4016,3624,6.23081,-9.5265,8.83343,48.334
35543,3521,3575,3269,3227,4470,4137,3542,3216,8277,5168,3766,3428,9698,5756,4044,3369,16.7906,-27.0922,8.59043,48.3087
35544,3471,3591,3408,3301,3926,4311,4190,3591,4587,6987,6035,4212,4666,6451,5753,4214,14.2439,-2.09992,8.7027,48.4627
35545,10345,7718,4302,3520,5603,5195,3901,3503,4008,3831,3548,3216,3397,3400,3263,3053,-33.6082,-18.6601,8.56439,47.8687
35546,3345,3653,4882,6969,3385,3870,5201,9868,3260,3507,4390,5629,3194,3407,3648,3972,-9.27523,31.0758,8.54646,48.12
35547,3368,3647,3728,3598,3595,4349,4992,4200,3945,5616,7959,5033,3826,4563,5553,4526,8.08044,5.21993,8.76411,48.332
35548,3445,3884,5200,6094,3393,4122,6604,8396,3309,3702,4650,5221,3237,3335,3752,3886,-8.57747,18.694,8.85165,48.1533
35549,8189,9268,5006,3592,5215,5235,4159,3626,3775,3972,3582,3283,3381,3366,3203,3156,-27.8771,-13.1201,8.88898,48.0053
35550,4284,7283,9221,5241,3973,4731,5051,4203,3545,3629,3756,3539,3326,3410,3347,3236,-29.6343,2.97465,8.5872,47.85
35551,3313,3806,4895,7112,3225,3835,5204,10012,3307,3552,4279,5311,3175,3373,3653,3740,-10.3548,32.6176,8.94183,47.8613
35552,3611,4101,4756,4558,3718,4902,7931,5461,3709,4329,5869,4665,3392,3638,4017,3847,-4.10433,8.34429,8.59624,48.336
35553,3287,3531,3438,3320,3671,3892,3991,3727,4133,5359,5977,4520,4397,6566,7550,4984,18.8609,1.97387,8.51401,48.2287
35554,3277,3517,4037,4547,3321,3710,4874,7881,3343,3785,5056,8667,3315,3621,4230,4919,1.53576,32.8637,8.75332,48.0667
35555,8445,9447,4590,3573,5348,5321,4139,3480,3873,3797,3487,3210,3313,3421,3244,3156,-32.7608,-13.5381,8.86376,47.896
35556,3414,3774,4150,3959,3573,4388,6194,5192,3673,4575,7381,5934,3437,3997,4598,4460,2.57474,10.9291,8.63523,48.466
35557,6123,4690,3693,3223,9516,5677,3798,3309,6096,4472,3732,3287,4099,3868,3337,3166,-6.65629,-24.5608,8.75083,48.0573
35558,3166,3229,3556,3653,3329,3569,4161,4736,3407,3760,5272,9253,3292,3871,5280,8620,14.0065,32.0603,8.88283,48.1027
35559,7198,9868,5586,3850,4776,5134,4302,3639,3756,3861,3590,3361,3263,3374,3191,3091,-30.2393,-9.98078,8.94671,47.8933
35560,5771,4828,3789,3327,9132,5792,3940,3474,6139,4863,3744,3233,4154,3844,3389,3110,-5.98473,-21.8826,8.83831,48.3527
35561,3261,3687,4465,5656,3330,3843,5271,9775,3285,3633,4524,6675,3198,3581,3864,4200,-5.41191,30.8453,8.83821,48.1653
35562,12794,5996,3832,3466,6164,4670,3813,3308,3887,3783,3448,3279,3371,3365,3262,3109,-27.6499,-30.1668,8.63091,47.698
35563,3297,3892,6212,12099,3343,3827,4893,6653,3264,3448,3805,3915,3106,3204,3361,3387,-25.1877,28.988,8.75343,47.804
35564,3059,3327,3501,3508,3301,3743,4219,4254,3641,4456,6861,6227,3643,4554,7461,6771,16.4514,13.3231,8.71505,48.3507
35565,4297,6792,9550,5562,3868,4588,5417,4482,3412,3498,3786,3741,3210,3325,3365,3239,-26.6227,4.62362,8.90327,48.088
35566,3236,3238,3562,3386,3411,3692,3935,3831,3633,4272,5792,5195,3788,5125,9145,7274,23.4591,11.4299,8.54889,48.3433
35567,4693,4022,3500,3213,7967,4652,3806,3340,8572,5079,3733,3420,5004,4210,3558,3160,1.12056,-31.2946,8.85484,47.9527
35568,3079,3465,3728,3993,3311,3699,4487,5947,3320,3867,5343,9786,3305,3744,4677,6345,7.33714,26.2316,8.56156,48.064
35569,3639,3613,3518,3180,4506,4788,3935,3335,6585,7469,4376,3621,5740,5864,4155,3570,10.4134,-13.192,8.50639,47.9293
35570,3156,3323,3499,3409,3250,3611,3860,3964,3410,3996,5291,6404,3508,4225,7259,10144,22.795,19.5239,8.62358,48.206
35571,3271,3605,4648,5664,3444,3886,5524,9200,3318,3630,4854,6533,3095,3405,3998,4158,-5.05598,24.0313,8.85718,48.1553
35572,4538,5510,4663,3737,4916,8273,5809,3933,3987,5004,4303,3770,3482,3631,3640,3362,-8.53576,-4.78125,8.8272,48.372
35573,3510,4457,7858,8724,3502,4050,5678,6264,3347,3527,3962,3900,3119,3292,3383,3433,-20.9497,16.6566,8.85898,48.004
35574,4757,4290,3522,3208,8198,4947,3663,3441,8111,4878,3781,3324,4633,4264,3510,3252,-0.211226,-32.9383,8.70272,47.8527
35575,4369,4042,3360,3158,7389,4671,3659,3270,9357,5013,3712,3323,5369,4365,3607,3206,2.89192,-28.6704,8.81237,47.9133
35576,3905,4562,4384,3862,4386,6844,6258,4183,4217,5590,5218,3901,3694,3955,3872,3635,-3.19378,-1.0874,8.63643,48.3107
35577,4644,4182,3624,3134,8438,4910,3765,3384,8403,4903,3703,3335,4670,4140,3519,3268,-0.167846,-31.4542,8.94066,48.0147
35578,3629,4572,8083,9899,3454,3982,5114,5898,3280,3450,3809,3867,3163,3210,3320,3413,-25.6162,17.4337,8.68183,48.0953
35579,3184,3237,3347,3225,3565,3803,3837,3599,4283,5065,5087,4053,4869,8362,8122,4545,25.1214,-0.591095,8.84022,48.122
35580,3136,3286,3270,3303,3295,3434,3778,4008,3409,3779,4802,6415,3450,3900,6032,12387,24.746,32.8872,8.85263,47.7893
35581,10177,7997,4489,3490,5568,5114,3896,3481,3862,3712,3514,3325,3381,3335,3270,3107,-30.7805,-17.6809,8.79632,47.812
35582,3459,3374,3188,3195,3981,3674,3384,3326,6102,4776,3727,3297,12789,5964,3919,3393,32.791,-29.1673,8.95583,47.6987
35583,3846,5561,8659,6103,3752,4811,6379,5018,3389,3663,4091,3873,3300,3369,3451,3299,-19.7398,8.28702,8.78631,48.376
35584,3437,3406,3371,3071,4112,3938,3615,3142,6463,5385,3942,3361,9761,7547,4261,3478,22.1707,-18.4574,8.99104,48.1933
35585,3351,3913,5345,7519,3425,3899,5714,9165,3323,3607,4279,5112,3180,3332,3645,3843,-11.7426,22.4707,8.87661,48.4347
35586,12335,5842,3958,3369,6482,4860,3856,3396,3998,3819,3400,3234,3360,3296,3217,3185,-24.4113,-33.2954,8.78925,47.738
35587,4278,6857,9456,5562,4033,4719,5176,4332,3381,3693,3903,3692,3177,3341,3433,3308,-33.0379,3.95929,8.84608,48.2273
35588,3207,3385,3791,3970,3340,3758,4821,5814,3422,3984,6429,8636,3393,3739,4943,5750,6.89274,19.6548,8.67357,48.2547
35589,3382,3889,4124,3854,3712,4827,6333,4707,3765,5065,7262,4963,3598,4136,4546,4154,2.03,6.42649,8.50559,48.2113
35590,3407,3843,4667,4464,3621,4702,7265,5641,3579,4334,6283,5324,3352,3722,4028,4115,-2.38321,10.7278,8.90987,48.2313
35591,3411,3457,3266,3165,3896,3801,3624,3265,5437,5249,4149,3456,8911,8706,4637,3488,26.8104,-14.8341,8.56665,47.9453
35592,3045,3207,3560,3339,3260,3533,3911,3986,3313,3901,4795,7152,3325,3815,5830,11743,21.7647,29.7278,8.97579,47.81
35593,3251,3330,3517,3501,3246,3687,4161,4059,3698,4423,6725,5482,3823,5084,7953,6329,17.7442,10.0605,8.59003,48.1793
35594,4337,5477,5167,4036,4490,7279,6436,4119,3908,4665,4408,3678,3483,3690,3750,3366,-9.7044,-1.77614,8.60041,48.1927
35595,3730,4811,8445,7500,3563,4215,6075,5815,3285,3592,4043,4010,3075,3288,3465,3362,-19.9263,13.206,8.85432,48.1827
35596,3278,3434,3687,4000,3291,3605,4515,5805,3280,3807,5360,10050,3322,3657,4762,6241,7.48465,33.0191,8.897,48.0627
35597,3469,3581,3422,3202,4344,4237,3678,3415,6171,7048,4449,3698,6561,7098,4402,3669,15.2222,-12.7652,8.55857,48.296
35598,3151,3427,3508,3408,3494,3775,4195,3930,3777,4987,7011,5241,3881,5316,7712,5678,16.6937,7.96292,8.52746,48.3273
35599,3227,3648,4438,5603,3204,3761,5346,9683,3269,3608,4716,6849,3234,3390,3892,4296,-4.89847,28.301,8.96581,48.1093
35600,3907,5629,10000,6427,3730,4455,5234,4778,3321,3661,3896,3639,3253,3292,3405,3353,-33.4924,8.38303,8.89611,47.9867
35601,3325,3392,3178,3226,3958,3773,3389,3154,6259,4804,3721,3372,12491,5961,3965,3420,25.8787,-32.421,8.84029,47.592
35602,3336,3386,3284,3114,3740,3711,3546,3354,4683,5201,4446,3630,6775,9953,5736,3955,29.6211,-8.47796,8.75221,47.9
35603,5293,4371,3685,3254,9098,5313,3945,3256,7228,4862,3720,3183,4391,4010,3460,3135,-3.18852,-25.2269,8.5409,48.136
35604,9439,8531,4616,3547,5383,5053,3942,3535,3875,3887,3517,3244,3369,3400,3266,3207,-30.9523,-16.3836,8.92336,47.874
35605,3082,3271,3432,3548,3212,3603,4168,4677,3331,3736,5309,8549,3319,3825,5596,9490,16.1517,27.2279,8.99941,48.0987
35606,5534,4767,3814,3253,8335,6302,3972,3483,5727,5056,3805,3358,4143,3926,3558,3154,-6.03509,-19.1873,8.88266,48.1247
35607,3191,3419,3694,4166,3279,3602,4685,6580,3369,3757,5376,9624,3369,3694,4583,5934,6.00365,27.5276,8.71585,48.2147
35608,3349,3311,3215,3168,3908,3770,3546,3309,5285,5282,4125,3565,8456,9148,4794,3564,27.731,-13.6228,8.55704,47.8633
35609,3436,3378,3318,3168,3973,3894,3430,3168,5714,4983,3915,3483,10530,7831,4111,3391,33.7901,-19.0183,8.85273,47.8153
35610,4709,4068,3552,3255,7942,5097,3723,3337,8435,5232,3717,3359,4871,4208,3470,3265,0.802811,-25.0737,8.80515,48.16
35611,7941,9211,4866,3611,5551,5588,4145,3502,3832,3932,3613,3261,3370,3338,3225,3118,-24.2041,-13.0283,8.79463,48.0693
35612,4592,4168,3523,3256,8074,4944,3703,3377,8448,5005,3732,3337,4943,4271,3631,3299,0.762582,-29.3626,8.5268,48.202
35613,12155,6202,4045,3343,6682,4794,3682,3372,4053,3872,3358,3331,3399,3302,3189,3105,-24.0892,-27.3613,8.89536,47.9227
35614,3558,4210,6228,6862,3449,4286,6910,7284,3404,3778,4302,4553,3046,3362,3526,3521,-13.3661,16.2451,8.96705,48.186
35615,8867,9026,4530,3609,5541,5088,4143,3508,3826,3958,3590,3234,3323,3397,3288,3103,-32.1899,-15.1294,8.79961,48.0207
35616,3390,3722,5042,7489,3334,3758,5200,9840,3337,3580,4208,5085,3137,3326,3525,3639,-11.7082,30.9865,8.85976,47.7413
35617,4380,3928,3461,3126,6448,4876,3753,3321,8802,5728,3953,3523,5504,4573,3716,3363,4.44447,-21.7305,8.54463,48.3033
35618,3188,3367,3532,3446,3454,3738,4159,4153,3670,4313,6764,5883,3696,4812,7709,6610,16.8241,12.0036,8.7005,48.3293
35619,3218,3398,3530,3311,3493,3731,4197,3805,3834,4680,6636,4998,3887,5414,8274,5938,18.2448,8.12041,8.6666,48.2293
35620,4448,4141,3560,3293,7087,5309,3786,3400,8058,5693,3969,3375,4938,4345,3610,3222,2.03882,-21.3824,8.65617,48.156
35621,3191,3333,3437,3371,3223,3567,3716,3832,3508,4145,5148,5408,3551,4759,8919,8927,31.696,14.9284,8.98215,48.0233
35622,12775,5944,3813,3393,5945,4689,3647,3383,3898,3683,3484,3158,3471,3426,3237,3131,-32.8304,-28.6504,8.83153,47.3847
35623,3169,3329,3615,3763,3216,3598,4349,5641,3421,3828,5368,9997,3365,3662,4692,6833,9.22177,27.9371,8.69964,47.8973
35624,3250,3604,4543,5895,3376,3788,5240,9871,3278,3706,4628,6558,3209,3441,3938,4149,-5.40981,27.1063,8.88888,48.316
35625,3518,3591,3480,3069,4112,4400,3892,3455,5786,7729,4900,3672,5545,6655,4686,3731,12.731,-9.54219,8.60644,48.1473
35626,10475,7546,4132,3449,6043,5209,3960,3379,4047,3800,3526,3240,3393,3438,3186,3166,-24.446,-19.4316,8.78711,47.9927
35627,3366,3728,4431,5731,3368,3824,5199,9583,3380,3721,4638,6486,3161,3488,3885,4198,-5.36776,31.6934,8.71642,48.1247
35628,3261,3631,4205,4887,3393,3705,5089,8425,3277,3825,4985,8112,3101,3551,4030,4711,-0.656559,26.2287,8.85534,48.1253
35629,4189,4758,4584,3869,4470,7099,6457,4168,4069,5329,4924,3912,3497,3783,3818,3434,-5.113,-1.64133,8.74556,48.24
35630,6644,6149,4228,3429,7372,6916,4181,3505,4616,4410,3660,3378,3616,3631,3424,3204,-12.6497,-16.312,8.54377,48.242
35631,3362,3541,3187,3103,4462,4035,3616,3313,7471,5825,4016,3451,8562,6621,4156,3424,17.0713,-19.6134,8.7534,48.0967
35632,3440,3360,3209,3087,4167,3882,3386,3176,6931,4844,3787,3400,11496,6101,4095,3419,22.2024,-25.1734,8.7116,47.8533
35633,4153,4146,3685,3241,6095,5828,3983,3499,7017,6634,4054,3545,4744,4522,3727,3455,2.62656,-16.0307,8.74324,48.2187
35634,3333,3514,3153,3163,4115,3818,3418,3153,7542,5121,3861,3338,10949,5715,3985,3396,19.8377,-33.0377,8.8928,47.716
35635,3839,4651,4530,3891,4366,6841,6589,4116,4078,5174,5216,4009,3582,3937,3905,3576,-4.32542,-0.532417,8.8127,48.2
35636,3112,3202,3402,3438,3258,3481,3783,3863,3324,3722,4698,5743,3536,3966,5927,12754,29.3694,32.7838,8.89436,47.4727
35637,3424,3724,4282,4124,3663,4463,6751,5182,3693,4502,7143,5431,3387,3894,4391,4235,0.768462,9.85301,8.9521,48.1927
35638,10934,6184,3975,3424,7431,5229,3796,3355,4362,3908,3438,3177,3404,3256,3158,3131,-19.9276,-24.1606,8.99089,48.108
35639,3986,3924,3630,3329,4909,5821,4272,3555,5906,7846,4704,3637,4532,4818,3913,3474,4.25588,-10.6562,8.97179,48.1707
35640,3149,3431,3680,3814,3326,3701,4453,5170,3386,4067,6405,8487,3437,3854,5164,6400,9.63973,19.1069,8.84358,47.9493
35641,12538,6161,3960,3443,5937,4761,3760,3502,3837,3805,3471,3275,3273,3358,3201,3152,-30.8533,-29.6663,8.84151,47.6227
35642,4636,4159,3414,3241,8014,4875,3763,3324,8593,4988,3744,3296,4919,4239,3512,3293,0.758013,-31.2431,8.83959,48.0067
35643,3325,3700,3805,3624,3799,4802,5169,4218,4177,6142,7464,4596,3791,4814,4978,4144,6.08408,2.56335,8.90505,48.3653
35644,3338,3830,5372,7858,3371,3889,5626,9076,3237,3617,4272,5036,3008,3240,3500,3739,-12.7024,24.7433,8.84383,48.006
35645,12466,6225,3888,3461,5883,4838,3745,3445,3899,3725,3369,3220,3407,3438,3293,3205,-30.862,-26.2285,8.60574,47.6713
35646,3834,4373,4799,4270,3866,5660,7717,4747,3744,4678,5598,4383,3517,3803,3844,3699,-4.49724,4.78764,8.84467,48.3547
35647,3467,3881,6360,11888,3422,3770,4913,6375,3287,3409,3905,3914,3093,3225,3375,3355,-25.022,25.7913,8.51973,47.7593
35648,7019,9814,5429,3749,4907,5310,4223,3629,3721,3862,3594,3433,3298,3416,3375,3166,-31.9772,-9.91254,8.57218,47.9633
35649,3094,3209,3399,3371,3242,3280,3818,4054,3411,3842,4754,6090,3388,3944,6252,12451,32.1551,27.127,8.78849,47.7327
35650,3411,3243,3199,3052,4079,3886,3536,3233,6614,4802,3752,3340,11773,6256,3899,3434,24.1173,-26.3656,8.56966,47.6727
35651,3084,3230,3445,3502,3186,3539,3858,4087,3429,3868,5247,7229,3412,3963,6291,10468,20.0293,22.7918,8.91001,47.892
35652,3125,3409,3551,3701,3328,3595,4268,5197,3376,3835,5633,9386,3336,3773,5319,7338,11.1727,24.6456,8.97735,48.1133
35653,3306,3478,3463,3291,3648,4083,3910,3559,4403,6318,5890,4218,4729,7165,6664,4371,17.2277,-1.42408,8.96627,48.3307
35654,3408,3368,3302,3138,4144,3683,3441,3237,6759,4842,3887,3373,11536,6267,3945,3428,23.439,-25.4494,8.75172,47.8387
35655,3445,3300,3175,3137,3976,3906,3463,3223,5748,5055,3831,3403,10702,7637,4124,3495,33.6668,-19.756,8.79691,47.7467
35656,3821,5218,9299,7125,3523,4410,5841,5315,3412,3621,3862,3880,3140,3264,3415,3344,-23.0773,10.7655,8.69765,48.3267
35657,4864,4450,3716,3337,7791,6074,4024,3453,6749,5388,3881,3304,4381,4184,3479,3200,-2.20775,-19.5359,8.845,48.1833
35658,3483,3428,3389,3054,4050,4178,3592,3379,6088,6427,4214,3563,7240,8000,4512,3592,18.6627,-13.6086,8.96925,48.126
35659,3355,3436,3359,3250,3875,4138,3936,3483,4846,6614,5242,3987,5241,7603,5870,4125,17.4566,-4.4255,8.57024,48.24
35660,3734,4458,5488,4706,3757,5346,8421,5396,3582,4101,5055,4325,3312,3587,3668,3604,-8.56974,7.11887,8.84889,48.36
35661,11868,6889,4123,3514,6000,4915,3986,3375,3918,3741,3400,3210,3455,3340,3212,3085,-28.9749,-23.1296,8.69588,48.0207
35662,3141,3242,3392,3386,3403,3655,3922,3780,3574,4387,5830,5222,3760,5214,9103,7087,22.6438,10.9129,8.6999,48.0653
35663,4795,5696,4615,3742,5473,8173,5193,3818,4191,5002,4048,3571,3591,3760,3482,3287,-9.15185,-7.54237,8.66993,48.2913
35664,3100,3277,3692,3901,3409,3588,4316,5366,3258,3659,5640,9847,3451,3719,5112,6993,10.0235,24.8354,8.88861,48.2187
35665,3379,3409,3386,3192,3684,3974,4033,3619,4435,5858,5653,4200,4731,7327,7014,4470,18.9679,-0.911903,8.59149,48.2427
35666,4611,6831,6510,4519,4386,6285,5995,4340,3770,4201,4031,3644,3354,3430,3455,3258,-16.9017,-0.802602,8.66894,48.4133
35667,3403,4143,7160,11205,3406,3792,5162,6188,3216,3391,3918,3927,3022,3168,3319,3325,-25.5709,21.43,8.56033,47.83
35668,4765,6736,5332,3998,4865,7238,5577,3889,3956,4395,3979,3658,3470,3528,3582,3239,-13.9104,-5.00944,8.51625,48.138
35669,3482,3339,3319,3108,4315,3945,3436,3232,8033,5152,3785,3311,10285,5917,3946,3404,18.4818,-25.5832,8.9294,48.006
35670,4628,4766,3944,3504,6133,7620,4574,3600,5186,5879,4103,3444,4021,4021,3621,3267,-3.82865,-11.7544,8.94449,48.2073
35671,10977,7706,4256,3422,5859,4964,3914,3372,3957,3937,3449,3171,3323,3411,3151,3039,-27.6547,-19.4418,8.83298,47.9387
35672,3955,5370,9920,7361,3665,4303,5262,4938,3244,3524,3872,3669,3253,3267,3397,3298,-29.6068,10.3404,8.70795,48.1987
35673,3517,4745,8582,8570,3651,4097,5566,5660,3206,3576,3862,3852,3029,3380,3329,3485,-23.6642,14.8765,8.68274,48.0713
35674,3223,3342,3404,3353,3549,3769,3740,3602,3988,4866,5133,4317,4456,7657,8821,5151,31.6079,2.05424,8.94525,48.2473
35675,3998,3810,3352,3162,6138,4386,3664,3298,9663,5216,3860,3375,6128,4719,3724,3327,7.08385,-32.3897,8.52451,47.88
35676,4436,4224,3649,3424,6193,6770,4189,3591,6179,6435,4154,3491,4396,4337,3739,3350,-0.34682,-13.9197,8.92938,48.3713
35677,3375,3883,6456,12292,3403,3865,4821,6246,3205,3404,3818,4017,3053,3210,3424,3380,-28.7375,25.2027,8.78883,47.9013
35678,12581,6050,3991,3503,5921,4756,3626,3405,4018,3824,3395,3306,3379,3364,3197,3148,-29.4241,-31.2656,8.59734,47.6427
35679,3382,3442,3270,3106,3985,4010,3566,3328,5629,5546,4176,3601,8401,8663,4671,3603,23.3805,-14.586,8.5903,48.2527
35680,3117,3226,3697,3942,3402,3834,4518,5683,3300,3937,5828,9272,3207,3750,5030,6360,8.83137,22.3417,8.55242,48.0687
35681,3138,3306,3323,3394,3172,3476,3771,3954,3473,3959,5005,5707,3466,4307,8169,10249,31.004,17.7361,8.90023,47.9127
35682,3116,3445,3671,3524,3345,3769,4528,4366,3578,4347,7419,6693,3528,4328,6474,6142,12.6481,13.2671,8.75169,48.182
35683,4136,5831,7691,5142,3911,5162,6985,4786,3542,3853,4169,3800,3218,3352,3426,3294,-16.9653,4.84193,8.69903,48.1987
35684,3603,4661,8524,8301,3607,4282,5644,5621,3260,3665,3970,3815,3192,3180,3314,3404,-22.8906,14.8913,8.5111,48.0287
35685,3063,3270,3496,3266,3308,3650,3832,3866,3755,4365,5828,5317,3901,5185,9154,6942,22.2108,10.895,8.67618,48.132
35686,3597,3543,3295,3124,4710,4070,3508,3209,8761,5394,3945,3312,8779,5566,3924,3443,14.8221,-25.612,8.65523,48.12
35687,3327,3774,4664,5767,3436,3807,5295,9654,3250,3701,4462,6431,3179,3439,3777,4007,-5.71569,26.671,8.56556,47.98
35688,3353,3300,3227,3145,3789,3787,3659,3430,4989,5424,4303,3723,6660,9570,5740,3884,24.8662,-8.76532,8.73328,47.9887
35689,3630,3516,3396,3171,4473,4303,3655,3288,7540,6337,4318,3502,7402,6120,4125,3419,14.1915,-17.8743,8.56674,48.13
35690,4116,6038,9020,5674,3742,4809,6194,4627,3441,3789,4002,3745,3218,3301,3349,3358,-21.0594,6.50666,8.92645,48.282
35691,3588,3497,3245,3113,4485,4045,3471,3288,7956,5630,3879,3350,9291,6106,4089,3420,17.0356,-21.7123,8.85498,48.302
35692,3325,3605,3378,3196,3940,4130,3939,3506,4854,7280,5357,3908,5013,7212,5391,3890,15.2557,-5.59381,8.82503,47.9493
35693,3363,3473,4467,5551,3319,3735,5252,9410,3332,3715,4607,6902,3219,3406,3790,4358,-3.84884,28.1172,8.75877,47.9327
35694,3411,4030,5397,5798,3468,4190,7174,7399,3349,3795,4785,5103,3232,3392,3795,3812,-8.74549,16.0939,8.63552,48.0867
35695,3086,3227,3540,3626,3257,3499,4068,4531,3416,3920,5486,8014,3271,3915,6037,9220,16.4174,23.0537,8.58469,48.0753
35696,3744,4463,5661,4887,3699,5190,8280,5678,3438,3973,5041,4376,3326,3452,3727,3585,-9.07969,8.77153,8.98035,48.3467
35697,3426,3922,5942,13022,3278,3727,4682,6069,3280,3262,3678,3938,3145,3234,3328,3448,-30.3374,30.432,8.98503,47.5873
35698,3195,3405,3390,3296,3561,3739,3860,3555,4159,4781,5038,4222,4593,7655,8564,4913,29.598,1.42702,8.63586,47.9507
35699,3583,4050,4116,3886,4000,5563,6126,4316,4025,5774,6511,4269,3753,4077,4388,3922,1.03522,1.91911,8.62327,48.2393
35700,3169,3297,3294,3274,3606,3765,3733,3524,3981,5118,5365,4434,4618,7593,8188,5076,22.8509,1.24119,8.5002,48.0233
35701,3331,3422,3389,3228,3747,3898,3848,3567,4440,6212,5369,4139,5016,7834,6682,4267,19.1959,-2.66114,8.78596,48.2593
35702,9668,8433,4365,3423,5466,5194,4012,3454,3860,3789,3546,3128,3345,3459,3279,3149,-33.3314,-16.2716,8.97496,47.7133
35703,5203,8116,6699,4290,4582,6018,5377,3980,3594,3912,3708,3556,3328,3324,3398,3191,-20.3149,-3.218,8.81523,48.184
35704,3402,4016,6076,11939,3432,3789,4968,6530,3231,3500,3888,3990,3125,3180,3418,3220,-24.2186,33.5049,8.78338,47.8027
35705,3384,3367,3298,3189,3851,3842,3539,3408,5086,5488,4181,3566,7612,9593,4998,3764,27.7233,-11.7108,8.52511,48.1107
35706,4645,5572,4685,3788,5045,7977,5695,3996,4227,5040,4335,3569,3537,3654,3425,3312,-8.79719,-5.43883,8.601,48.3347
35707,7769,6539,4340,3556,7099,6293,4111,3522,4491,4191,3654,3279,3454,3572,3327,3147,-16.1522,-17.3143,8.51032,48.2293
35708,4475,7334,7940,4839,4147,5316,5637,4358,3584,3772,3808,3644,3139,3291,3430,3338,-21.3902,1.00591,8.56262,48.0347
35709,3186,3305,3472,3304,3296,3665,3975,3706,3555,4295,5322,4983,3722,5217,9927,7438,32.4183,10.8309,8.99641,48.2453
35710,6610,4805,3792,3291,9901,5264,3690,3290,5780,4368,3493,3282,3901,3737,3435,3264,-8.26117,-29.0575,8.60883,47.9353
35711,3602,3793,3486,3294,4822,5032,4000,3418,6712,7803,4518,3533,5323,5455,4043,3488,8.36349,-13.0909,8.70113,48.2147
35712,3688,3620,3368,3099,4777,4568,3690,3338,7364,6973,4262,3555,6261,5961,4178,3527,11.6623,-15.8618,8.51133,48.1527
35713,3404,3385,3201,3153,3907,3872,3559,3287,5288,5152,4129,3478,8600,9080,4810,3630,32.0868,-14.4435,8.94744,47.9567
35714,3721,5146,9938,7663,3571,4244,5143,4976,3282,3557,3921,3719,3079,3259,3334,3341,-29.6681,11.369,8.82016,47.9293
35715,3438,3810,4928,6082,3388,3977,6180,9155,3362,3629,4646,5602,3099,3471,3814,3894,-7.89414,20.8905,8.88243,48.3167
35716,10695,5825,3826,3429,7712,5067,3757,3392,4401,3924,3631,3240,3498,3413,3219,3103,-19.4128,-26.7958,8.71408,48.088
35717,4880,5583,4289,3646,5743,8192,5026,3718,4377,5207,4169,3459,3731,3701,3525,3287,-8.29663,-9.1563,8.66396,48.3553
35718,3235,3239,3289,3282,3579,3775,3771,3472,4112,5051,5065,4063,5006,8640,7987,4585,27.3968,-0.756188,8.91746,48.1007
35719,3707,3821,3656,3299,4339,5200,4270,3464,5596,8093,5212,3787,4539,5258,4279,3635,7.19348,-7.92776,8.6257,48.1033
35720,3907,5839,9806,6538,3765,4344,5226,4782,3279,3735,3782,3666,3212,3233,3363,3278,-31.9171,8.5498,8.62333,47.8367
35721,3183,3305,3440,3501,3236,3497,4017,4311,3443,3877,5194,7634,3400,4011,6247,10141,18.7829,23.8704,8.73601,48.2913
35722,6792,5338,3856,3351,8505,6274,4077,3445,5140,4455,3566,3320,3786,3742,3484,3209,-10.6352,-19.5894,8.58923,48.2267
35723,3214,3328,3363,3244,3474,3704,3832,3663,3965,4632,5144,4393,4262,6908,9544,5495,28.3457,4.05447,8.66883,48.11
35724,6253,8397,5466,3780,5162,6477,4677,3688,4048,4111,3641,3341,3324,3506,3351,3064,-19.1874,-8.8164,8.77407,48.1907
35725,3568,3774,4078,3839,3795,4871,6158,4403,3865,5409,7331,4693,3644,4210,4662,4072,2.81897,5.02127,8.68086,48.248
35726,3934,5688,9046,6213,3803,4488,6092,5007,3398,3632,3853,3848,3042,3254,3422,3262,-21.7129,8.29773,8.79915,47.988
35727,7921,5098,3759,3308,9422,5310,3872,3381,5230,4241,3633,3189,3739,3553,3303,3113,-12.0538,-27.8899,8.9435,48.048
35728,7499,6153,4123,3429,7830,6424,4173,3388,4640,4226,3527,3215,3598,3553,3329,3117,-14.3438,-18.647,8.82178,48.1493
35729,8185,7946,4578,3557,6130,5952,4190,3477,3950,4019,3611,3221,3506,3500,3248,3178,-19.6121,-15.0137,8.82376,48.1653
35730,3544,3533,3373,3130,4291,4036,3594,3280,7670,6099,4059,3449,8313,6504,4120,3416,16.1315,-18.8609,8.93432,48.274
35731,3235,3446,4145,4297,3332,3888,5216,6409,3521,4047,6108,8049,3389,3642,4557,5168,3.57978,19.4172,8.77774,48.2993
35732,2995,3206,3441,3507,3204,3439,3804,4005,3504,3658,4759,6857,3430,3906,5955,11896,23.4365,28.7632,8.95632,47.7107
35733,7805,7341,4352,3606,6796,6236,4087,3530,4226,4008,3576,3355,3452,3439,3295,3124,-17.257,-16.2727,8.94441,48.152
35734,3313,3282,3278,3288,3772,3958,3655,3502,4798,6236,4735,3868,5674,8888,6138,3990,20.4763,-6.11836,8.92905,48.25
35735,3070,3249,3398,3489,3161,3478,3837,4018,3401,3838,4958,6607,3477,4000,6634,11355,23.6235,22.9489,8.98347,47.98
35736,3456,4095,6699,10369,3454,3857,5333,6875,3193,3614,3773,4238,3038,3269,3435,3512,-20.95,21.7535,8.51333,48.14
35737,3683,4562,6782,5963,3604,4645,7674,6291,3343,3729,4425,4343,3143,3332,3542,3494,-13.4299,11.8588,8.97699,48.37
35738,3578,3993,4120,3713,3986,5273,5846,4322,4052,5831,6801,4407,3795,4312,4341,3935,2.01289,1.88935,8.89595,48.2033
35739,7801,9809,5078,3699,5050,5271,4153,3656,3832,3801,3575,3320,3259,3363,3207,3135,-28.9859,-11.7016,8.75472,48.006
35740,11454,5699,3898,3431,7286,4990,3757,3365,4263,3909,3363,3249,3338,3313,3352,3096,-20.9205,-31.11,8.91037,47.842
35741,3326,3300,3164,3078,3929,3875,3571,3237,6215,4944,3769,3371,12000,7044,4036,3395,26.1509,-23.2149,8.70766,48.1693
35742,3221,3374,3931,4137,3324,3580,4783,6244,3347,3795,5876,9191,3387,3694,4710,5881,6.32771,22.728,8.66518,48.3167
35743,6972,5192,3833,3459,9410,5599,3826,3370,5253,4189,3574,3284,3807,3614,3398,3076,-10.4545,-23.9956,8.65124,47.904
35744,3250,3272,3344,3293,3388,3684,3959,3771,3820,4543,5136,4659,3964,5773,9943,6158,33.4173,7.34328,8.66999,47.9713
35745,9325,6021,4017,3404,8020,5389,3923,3313,4468,4120,3561,3141,3558,3480,3283,3136,-16.9621,-23.7669,8.5208,48.106
35746,3551,4588,8115,8348,3588,4027,5817,5986,3279,3564,3981,4070,3165,3133,3499,3381,-21.0295,15.2579,8.73251,48.0613
35747,3549,4180,6474,8607,3492,3983,5654,7650,3248,3591,4064,4418,3182,3369,3472,3535,-17.2992,20.055,8.59833,48.312
35748,3081,3218,3366,3397,3257,3441,3775,4111,3438,3826,5044,6998,3538,4063,6393,11183,22.2282,23.7668,8.82852,48.086
35749,3186,3326,3475,3276,3402,3652,3978,3721,3911,4777,6062,4707,4131,6033,8906,5696,21.2057,5.85507,8.87548,48.1593
35750,3883,5553,8608,5880,3817,4856,6485,5083,3352,3683,4221,3667,3106,3407,3444,3368,-19.0131,7.30177,8.97284,48.2753
35751,3153,3391,3919,4191,3263,3705,4995,6144,3371,3914,6140,8749,3209,3800,4667,5636,5.70968,20.7947,8.85624,48.1647
35752,3438,3276,3342,3111,4258,3937,3455,3232,7547,5152,3912,3443,10277,6008,4042,3507,18.9533,-25.2726,8.5049,47.958
35753,3247,3448,3811,3971,3279,3600,4495,6224,3342,3764,5261,9813,3242,3610,4595,6145,6.64202,32.0746,8.78578,47.898
35754,12345,5770,3877,3357,5952,4710,3755,3297,3883,3765,3369,3265,3446,3450,3342,3220,-33.8974,-32.21,8.80289,47.202
35755,3516,4102,6072,7647,3449,4037,6157,7908,3218,3607,4181,4512,3053,3291,3570,3502,-14.3974,18.8785,8.65176,47.8813
35756,3405,3916,5925,11522,3431,3786,4984,7357,3238,3483,3893,4110,3138,3304,3389,3319,-20.9507,30.7796,8.75116,48.1333
35757,3353,3333,3689,3578,3358,3812,4799,4660,3505,4415,7898,6744,3541,4157,5856,5573,10.039,13.0736,8.89441,48.1807
35758,3242,3347,3465,3320,3480,3919,4080,3669,3939,5113,6349,4660,4185,6206,8079,5193,18.887,4.04324,8.54422,48.164
35759,9879,8415,4468,3570,5600,5075,3965,3489,3871,3924,3486,3273,3365,3381,3266,3121,-29.4061,-17.2041,8.81929,48.0987
35760,4223,6935,9514,5542,3922,4634,5227,4358,3419,3698,3871,3629,3176,3325,3394,3287,-28.4244,4.30046,8.53254,48.1027
35761,3645,4510,6969,6523,3638,4351,6902,6320,3426,3677,4236,4279,3180,3275,3599,3490,-15.0611,13.3368,8.57856,48.0133
35762,9702,8374,4513,3489,5749,5209,3897,3449,3949,4016,3547,3275,3305,3354,3210,3096,-25.8312,-16.7218,8.93458,48.0893
35763,3322,3398,3231,3095,3978,3863,3369,3140,6572,4822,3793,3309,12208,6221,4006,3352,24.6004,-25.9806,8.77237,47.786
35764,3586,4769,9194,8810,3571,4196,5020,5245,3354,3412,3862,3834,3142,3219,3327,3330,-28.8655,14.2383,8.96268,47.914
35765,4014,3793,3346,3071,5818,4446,3624,3333,9923,5203,3852,3365,6640,4765,3663,3337,8.35999,-28.3043,8.7473,48.1287
35766,3085,3263,3438,3610,3276,3534,4108,4697,3327,3789,5320,8883,3446,3870,5418,8861,15.1502,26.4712,8.68233,47.95
35767,3245,3392,3635,3807,3331,3835,4745,4958,3518,4228,6853,7763,3478,4159,5567,6018,9.63316,16.9039,8.53539,48.3547
35768,4535,7806,8566,4962,4066,4940,5367,4382,3477,3638,3819,3672,3176,3337,3272,3285,-25.1237,1.86448,8.93552,48.2
35769,3267,3844,5084,7035,3419,3815,5550,9542,3435,3609,4269,5304,3161,3323,3625,3910,-10.3256,24.8156,8.66084,48.128
35770,3535,3645,3526,3383,3978,4557,4315,3697,4689,7624,5938,4091,4434,5760,5156,3994,10.605,-3.29359,8.73568,48.2147
35771,3392,3327,3243,3119,3950,3870,3422,3262,6462,4852,3745,3306,12430,5880,3800,3272,25.2784,-31.0882,8.8706,47.5547
35772,5848,4917,3761,3375,8807,6177,4047,3404,5938,4703,3697,3257,4124,3874,3452,3130,-6.9891,-20.7074,8.55301,48.3407
35773,5811,4505,3705,3181,9878,5291,3807,3435,6245,4442,3748,3339,4140,3781,3312,3212,-6.27101,-32.3278,8.76189,47.888
35774,3801,3851,3576,3384,4563,5329,4034,3575,5937,7989,4760,3738,4802,5261,4167,3563,6.61494,-9.79264,8.60055,48.22
35775,3544,3548,3370,3191,4112,4299,3807,3570,5561,7483,4924,3770,5564,7067,4812,3644,14.2671,-8.92221,8.80476,48.1773
35776,3446,4075,6879,11860,3356,3824,4866,6158,3225,3371,3785,3925,3110,3212,3384,3438,-26.3104,22.7766,8.97736,47.9427
35777,6365,9910,6019,4006,4764,5443,4366,3720,3773,3735,3590,3375,3330,3391,3339,3184,-27.5992,-7.7119,8.61334,48.2067
35778,3506,3417,3335,3193,4255,4009,3510,3245,7980,5151,3828,3489,10068,5649,3970,3415,18.1335,-32.8366,8.61545,48.0133
35779,4133,5913,8557,5747,4009,4855,6322,4774,3390,3705,3856,3734,3205,3452,3367,3315,-20.3865,6.2285,8.54485,48.2227
35780,3386,3952,6100,12397,3377,3654,4932,6258,3098,3398,3815,4087,3120,3263,3500,3295,-25.9046,28.1117,8.78467,47.7547
35781,5134,8911,7533,4510,4333,5060,4753,4036,3606,3863,3852,3478,3223,3302,3365,3278,-28.1545,-2.3601,8.5641,48.158
35782,3345,3496,3635,3418,3533,4035,4358,3980,4022,5772,7279,4667,3967,5462,6580,4855,13.886,3.76714,8.85064,48.2693
35783,9076,7830,4383,3541,6463,5631,4083,3606,3991,4044,3501,3265,3328,3349,3159,3090,-21.0424,-17.3846,8.95504,48.2267
35784,3264,3355,3448,3406,3610,3886,4128,3760,4024,5387,6516,4633,4301,6194,7533,4961,17.6808,3.51585,8.82017,48.2707
35785,3666,4306,4679,4034,3871,5660,7366,4767,3837,4995,6001,4361,3546,3836,4021,3763,-2.71167,4.29574,8.99108,48.4727
35786,4263,3932,3360,3165,6943,4611,3716,3388,9489,5060,3756,3382,5465,4456,3573,3324,4.15085,-31.467,8.60482,47.922
35787,3427,3363,3311,3138,3853,3693,3481,3274,6195,4713,3740,3384,12564,6042,3951,3365,29.4175,-29.6698,8.61694,47.6627
35788,3105,3219,3354,3462,3348,3690,4145,4141,3646,4224,6373,6365,3625,4500,7412,7378,17.8867,14.4861,8.69099,47.9913
35789,3501,3655,3587,3424,3879,4692,4587,4003,4433,7155,6753,4214,4150,5182,5077,3900,8.39588,-0.663752,8.96993,48.128
35790,3395,3764,5266,8648,3363,3883,5124,9229,3263,3614,4049,4769,3065,3312,3570,3616,-13.8063,32.1522,8.99466,47.9533
35791,3337,3412,3215,3104,3959,3770,3386,3304,6054,4762,3768,3405,12269,6332,3857,3298,31.9255,-25.7974,8.65695,47.488
35792,3109,3248,3417,3325,3207,3537,3921,4035,3385,3844,5079,6997,3373,3945,5962,11586,22.0005,32.8055,8.61854,47.98
35793,3554,3921,6033,10891,3401,3892,5063,7414,3200,3367,3882,4391,3041,3302,3342,3392,-19.6612,26.3365,8.78919,48.0573
35794,3092,3236,3416,3389,3158,3495,3812,3882,3528,4012,5157,5494,3546,4698,9082,8933,28.412,14.657,8.99079,47.9533
35795,3472,3854,6101,12268,3399,3837,4729,6584,3122,3475,3736,3965,3148,3158,3410,3323,-24.8433,27.8543,8.67709,47.7207
35796,3135,3393,3773,4167,3280,3683,4963,5942,3424,4067,6497,8456,3332,3883,4783,5521,5.75911,19.2771,8.86569,48.1993
35797,3875,5128,8663,6406,3776,4549,6499,5111,3380,3694,3959,3869,3156,3351,3379,3348,-19.4898,9.62401,8.53458,48.0953
35798,3262,4043,5950,9681,3331,3949,5231,8087,3201,3561,4024,4360,3204,3240,3499,3465,-17.6939,24.4088,8.9491,48.0587
35799,3395,3732,6090,12692,3392,3816,4682,6065,3223,3509,3744,3870,3156,3144,3233,3437,-31.5259,27.8076,8.87741,47.4533
35800,4527,4074,3433,3204,7693,5098,3687,3371,8656,5160,3695,3355,5170,4257,3632,3214,1.49615,-25.4013,8.78316,48.1507
35801,6790,10169,5655,3827,4891,5115,4331,3733,3639,3805,3580,3367,3349,3334,3288,3057,-30.4189,-9.19644,8.97843,47.9533
35802,3463,3920,5144,4991,3619,4329,7853,6558,3408,4036,5330,5049,3246,3537,3838,3812,-6.49829,12.8142,8.84701,48.0887
35803,3255,3538,3505,3388,3587,4233,4272,3851,4140,5906,7024,4667,4095,5777,6690,4759,14.5033,2.93605,8.56298,48.458
35804,5245,8096,6376,4356,4592,6164,5246,3986,3606,3877,3848,3505,3174,3421,3290,3308,-19.7246,-3.32792,8.81841,48.06
35805,11627,7171,4121,3489,5982,4882,3894,3353,3868,3701,3442,3218,3382,3301,3126,3167,-28.5097,-21.7671,8.96375,47.816
35806,3668,4674,7693,6383,3627,4519,6942,5850,3402,3694,4082,4151,3171,3331,3564,3584,-16.4651,11.6171,8.75821,48.2233
35807,7326,9627,5142,3784,5111,5347,4332,3658,3857,3866,3584,3355,3338,3293,3344,3302,-33.6335,-11.2766,8.62651,48.1773
35808,3627,3967,4532,4273,3779,4820,7515,5446,3695,4334,6275,5005,3331,3802,4144,3913,-2.47197,9.33459,8.67686,48.3053
35809,5037,5252,4128,3490,6266,7907,4546,3625,4912,5367,4058,3492,3924,3841,3512,3197,-6.49219,-12.1113,8.89304,48.3693
35810,3175,3107,3317,3313,3256,3461,3712,3909,3464,3869,5142,5715,3509,4379,7956,10671,29.2191,18.7547,8.87193,47.97
35811,3242,3581,4422,5383,3445,3826,5298,8865,3292,3653,4725,7111,3134,3470,4103,4435,-3.1696,24.516,8.54348,47.99
35812,8447,8256,4642,3574,5802,5614,4226,3573,4025,3968,3635,3303,3388,3447,3216,3150,-22.14,-15.0516,8.81214,48.1773
35813,3426,3428,3235,3152,4010,3789,3484,3243,5914,5503,3955,3434,9497,8010,4374,3596,23.8841,-17.1834,8.97695,48.0333
35814,3848,4025,3972,3539,4474,6112,5490,3920,4410,6859,5649,4017,3897,4495,4180,3612,1.61393,-3.06573,8.52933,48.3327
35815,3161,3378,3600,3710,3326,3718,4411,4608,3548,4079,6667,7881,3327,4021,5724,6820,11.9125,17.5268,8.95868,47.986
35816,4779,8564,8278,4682,4249,4960,4910,4159,3522,3800,3674,3512,3205,3404,3321,3207,-30.1615,-0.598408,8.97461,48.1507
35817,3357,3783,4867,6962,3456,3805,5204,9747,3222,3640,4333,5296,3199,3395,3573,3790,-10.1094,32.8082,8.61657,47.7527
35818,12013,6197,3926,3464,6570,4758,3858,3357,4030,3847,3420,3242,3420,3378,3218,3045,-24.2895,-28.5533,8.83309,47.8287
35819,12521,6006,3775,3376,5939,4672,3668,3379,3939,3854,3602,3220,3451,3388,3452,3153,-33.2677,-30.7931,8.55735,47.5967
35820,3361,3991,5891,12555,3310,3606,4739,5884,3319,3373,3736,3879,3258,3284,3375,3407,-32.6922,31.3867,8.97362,47.312
35821,6476,4886,3806,3313,9228,5928,3950,3561,5597,4534,3680,3277,4022,3614,3488,3192,-8.75547,-22.2168,8.63854,48.368
35822,3211,3402,4033,4284,3250,3687,4729,6945,3341,3837,5022,9257,3361,3626,4438,5513,3.68284,31.4956,8.74329,47.9573
35823,3581,3730,3682,3462,3941,4801,4579,3865,4604,7452,6365,4064,4153,5289,4950,3860,8.51669,-1.99593,8.92624,48.252
35824,3113,3488,3881,3994,3307,3770,4898,5787,3432,4065,6496,8236,3426,3772,4894,5430,6.02105,18.4134,8.94348,47.9927
35825,3389,3686,4710,4965,3497,4273,6988,7014,3505,3905,5716,5902,3247,3578,4002,4082,-3.19846,15.4131,8.90167,48.306
35826,3632,3528,3165,3160,4580,4157,3601,3251,8640,5557,3947,3453,8836,5572,3896,3405,15.2919,-24.2828,8.8243,48.2533
35827,3403,3942,5638,9924,3427,3914,5170,8028,3232,3538,3813,4372,3058,3235,3417,3494,-17.4933,33.7593,8.79652,47.7367
35828,3248,3324,3344,3179,3640,3899,3750,3538,4310,5728,5506,4369,4691,7728,7240,4673,20.338,-0.766426,8.8407,48.1113
35829,3262,3337,3349,3084,3876,3822,3655,3305,5309,5527,4227,3619,7815,9304,5074,3707,24.6182,-12.4997,8.82065,48.1813
35830,3429,3382,3210,3092,4172,3861,3428,3220,6769,5116,3799,3291,11444,6694,4011,3358,22.8063,-23.1213,8.98968,48.184
35831,4111,3974,3447,3221,6500,4692,3707,3333,9406,5087,3782,3422,5544,4520,3764,3286,4.99332,-33.9335,8.54142,47.864
35832,3400,3352,3223,3238,4009,3814,3530,3202,7030,4901,3805,3362,11384,5907,3930,3463,22.0228,-32.614,8.61193,47.7
35833,9201,7081,4242,3491,6701,5629,3966,3441,4118,4027,3347,3254,3534,3427,3282,3129,-19.8445,-18.726,8.76732,47.9133
35834,3462,3558,3318,3019,4293,4295,3662,3357,6552,6861,4213,3550,6982,7121,4304,3515,15.4977,-14.4487,8.99521,48.0413
35835,3185,3274,3395,3587,3193,3666,4098,4671,3426,3874,5364,8314,3427,3882,5739,8915,15.9108,24.0818,8.61042,48.0067
35836,3401,3960,6685,12331,3343,3809,4864,5933,3285,3483,3721,4006,3075,3229,3392,3346,-29.9328,23.7885,8.98528,47.9087
35837,3470,4117,6201,8330,3436,4026,6035,7697,3295,3729,3977,4388,3045,3284,3474,3565,-15.7218,19.4977,8.77635,48.046
35838,3301,3578,3662,3581,3576,4319,4834,4030,3964,5788,7907,5018,3979,4723,5626,4568,9.31476,4.91261,8.7029,48.3027
35839,3518,4295,8138,9993,3468,4079,5191,5652,3286,3450,3843,3886,3215,3221,3357,3367,-33.6668,17.6458,8.8289,47.9727
35840,4017,6005,9574,5955,3795,4735,5638,4737,3516,3722,3921,3765,3097,3264,3406,3341,-23.3902,6.86211,8.93326,48.3253
35841,3240,3368,3403,3216,3524,3832,3780,3569,4287,5680,5405,4265,4724,7763,7580,4641,20.9337,-0.656,8.98738,48.1847
35842,3394,4220,7472,10847,3423,3875,4961,5724,3189,3467,3726,3928,3143,3244,3308,3414,-31.3149,19.7575,8.51941,47.5567
35843,3305,3668,4492,6199,3427,3800,5373,9776,3340,3707,4442,6203,3109,3470,3762,4064,-6.5224,26.3846,8.86316,48.0913
35844,3292,3642,3739,3586,3606,4339,5033,4133,3813,5634,8061,5124,3722,4643,5297,4516,8.17507,5.8176,8.68965,48.12
35845,3252,3622,4574,5196,3415,3878,6083,8207,3363,3826,5186,6481,3204,3447,4085,4347,-3.16243,20.2181,8.70009,48.1107
35846,9858,5681,3935,3351,8231,5169,3832,3422,4428,3903,3527,3248,3509,3480,3325,3027,-17.5023,-26.4752,8.6697,47.9507
35847,3155,3157,3376,3425,3126,3457,3839,3978,3327,3759,4729,6372,3308,4011,6048,12482,25.0057,27.9531,8.88713,47.6993
35848,3518,4623,8790,8756,3551,4095,5301,5446,3351,3530,3779,3878,3128,3151,3290,3382,-29.5848,14.8424,8.73896,47.7127
35849,3012,3297,3468,3458,3266,3485,4002,4537,3408,3805,5144,8889,3285,4029,5439,9254,15.5373,30.4724,8.97476,47.852
35850,3509,3620,3342,3342,4941,4333,3560,3261,9496,5328,3775,3375,7942,5066,3760,3354,12.5037,-33.9223,8.87875,48.0027
35851,9399,5389,3911,3343,8734,5020,3827,3468,4545,4127,3495,3315,3518,3421,3337,3151,-15.7512,-29.7276,8.66505,48
35852,4532,6301,5882,4289,4543,6836,6359,4142,3756,4232,4216,3681,3366,3459,3509,3420,-13.6576,-1.3343,8.96094,48.3487
35853,3257,3485,3917,3995,3545,4022,5603,5154,3611,4528,7780,6573,3444,4067,5039,4857,5.48515,12.8522,8.94488,48.5847
35854,3404,3394,3162,3131,4022,3799,3436,3282,6016,4789,3715,3317,12632,6017,3901,3409,32.8865,-31.1643,8.85747,47.6173
35855,3205,3277,3515,3448,3345,3652,4398,4225,3542,4149,6635,6620,3509,4454,7205,7174,16.027,14.7157,8.97228,48.2353
35856,3356,4084,6652,11014,3400,3801,5073,6817,3154,3522,3857,4164,3157,3179,3301,3449,-21.9487,22.8379,8.84207,47.9867
35857,3086,3168,3331,3474,3288,3522,3951,3905,3571,4060,5116,5511,3550,4596,8645,9473,30.3334,15.9611,8.62572,48.1647
35858,3424,3556,3432,3307,3827,4356,3997,3544,4914,7341,5174,3891,5070,6999,5383,3966,14.9785,-5.74376,8.68993,48.1207
35859,3214,3353,3345,3297,3501,3623,3674,3728,3761,4539,5414,4574,4138,6438,9634,5837,25.6425,5.47137,8.93351,48.0467
35860,4923,8203,7338,4456,4302,5435,5210,4229,3595,3806,3798,3513,3320,3376,3303,3181,-22.8324,-1.7082,8.61655,47.992
35861,7205,5320,3948,3330,8544,6276,3908,3353,5059,4522,3658,3264,3724,3581,3284,3084,-11.882,-21.4421,8.54704,48.04
35862,3364,3411,3282,3070,3807,3793,3567,3343,5095,5079,4132,3655,7742,9824,4918,3692,30.4873,-11.9669,8.9832,47.8493
35863,3260,3887,5507,8308,3297,3930,5520,9086,3281,3539,4080,4746,3148,3327,3495,3434,-14.0537,23.9298,8.98045,47.8967
35864,9228,8540,4640,3561,5541,5141,4014,3408,3915,3917,3552,3332,3347,3297,3306,3068,-28.6952,-15.8564,8.61515,47.8713
35865,7127,5353,3937,3410,8963,5996,3852,3487,5090,4346,3644,3204,3669,3608,3326,3004,-11.3582,-21.6954,8.62216,48.0107
35866,3423,3961,6048,10035,3453,3872,5400,7679,3227,3597,4040,4320,3073,3218,3497,3380,-18.5465,23.202,8.88773,48.1487
35867,6174,4673,3705,3319,9666,5643,3761,3464,6037,4506,3620,3330,4094,3772,3373,3068,-6.89447,-25.1898,8.80236,48.1367
35868,4312,3992,3343,3169,6871,4653,3670,3326,9360,5358,3745,3307,5610,4413,3596,3361,4.20494,-29.3718,8.65052,48.0573
35869,3791,5216,9417,7368,3577,4360,5700,5141,3342,3680,3867,3905,3114,3259,3292,3338,-23.9743,11.0632,8.72231,48.2447
35870,4857,4233,3584,3296,8191,5247,3711,3420,7785,5231,3818,3257,4682,4168,3622,3215,-0.82113,-23.8067,8.67713,48.2113
35871,3339,3877,5100,6820,3481,3851,6007,9179,3267,3569,4466,5316,3121,3288,3754,3778,-10.1797,21.7738,8.979,48.142
35872,3192,3401,3342,3306,3483,3776,3721,3738,3802,4407,5235,4898,4083,5615,9706,6451,33.8988,7.8163,8.50962,48.104
35873,3176,3436,3773,3780,3308,3618,4348,5162,3434,3957,6081,9078,3378,3879,5120,6970,10.3554,21.3854,8.85432,48.332
35874,3609,3850,3790,3615,3903,5246,5218,4061,4141,6530,6859,4471,3857,4539,4561,3994,4.84807,0.724789,8.64018,48.1627
35875,3718,3475,3342,3018,4581,4147,3511,3373,8168,5924,4049,3383,7930,5982,4064,3425,14.4762,-20.4587,8.80602,48.06
35876,3046,3250,3566,3480,3169,3502,3988,4508,3398,3884,4994,8794,3471,3786,5527,9559,16.1231,30.5907,8.98758,47.948
35877,5803,4670,3800,3340,9255,5841,3896,3389,5984,4577,3705,3500,4077,3772,3545,3100,-6.4196,-22.5902,8.51217,48.1693
35878,3206,3379,3408,3397,3403,3620,4145,4025,3498,4322,6519,6020,3712,4670,8023,7009,18.0312,12.5535,8.63889,48.2373
35879,3538,3691,3626,3439,4081,4882,4278,3671,4795,7776,5929,4084,4507,5500,4718,3851,8.80106,-4.63131,8.53573,48.244
35880,3736,3649,3384,3250,4594,4495,3588,3329,7937,6995,4159,3518,6329,5587,4132,3504,10.7905,-16.9624,8.999,48.124
35881,3465,4385,8354,9887,3490,3999,5174,5717,3317,3416,3748,4001,3142,3197,3351,3336,-28.6768,16.9883,8.71157,47.986
35882,3356,3830,5543,8547,3431,3889,5416,8847,3244,3592,4189,4700,3150,3279,3546,3602,-14.4297,24.5331,8.83994,48.1073
35883,3337,3669,4913,5922,3397,4038,6334,8603,3324,3761,4784,5646,3187,3408,3852,4040,-7.21914,19.7413,8.77029,48.1433
35884,4601,7248,7384,4541,4219,5744,5657,4209,3522,3969,3988,3768,3264,3462,3488,3263,-19.0454,0.104459,8.68082,48.218
35885,8630,8639,4626,3591,5675,5540,4136,3632,3870,3823,3480,3157,3407,3382,3196,3147,-23.6248,-14.8393,8.61466,47.954
35886,6977,4840,3824,3282,10102,5157,3841,3204,5697,4327,3561,3169,3768,3716,3315,3151,-9.28619,-28.1579,8.78758,47.954
35887,3385,3455,3291,3143,3759,3787,3484,3416,5130,5120,4053,3469,8698,9136,4731,3605,31.0986,-14.2369,8.83715,47.7747
35888,4319,3992,3499,3196,6753,4669,3679,3275,9346,5238,3787,3383,5634,4541,3579,3347,4.2339,-26.7033,8.60938,48.158
35889,3396,3432,3236,3073,3865,3920,3463,3266,6475,4748,3740,3301,12288,5994,3957,3442,25.0383,-32.8159,8.85289,47.7307
35890,3277,3442,3679,3721,3369,3889,4818,4419,3638,4531,7888,6034,3665,4329,5960,5340,10.6583,11.0409,8.72414,47.9993
35891,3197,3299,3268,3388,3279,3477,3821,3919,3336,3696,4790,5976,3484,3873,5915,12381,33.073,32.1902,8.58247,47.3993
35892,3093,3408,3637,3618,3348,3705,4444,4558,3462,4125,6948,7476,3536,4066,6040,6636,12.7556,16.2117,8.52694,48.0667
35893,5651,6034,4334,3540,6490,7794,4591,3572,4463,4690,3824,3380,3666,3750,3455,3159,-11.2723,-12.4257,8.99916,48.262
35894,4303,4053,3540,3331,6009,5924,4040,3403,7034,6774,4005,3439,4644,4514,3658,3367,2.3335,-15.7147,8.93082,48.0253
35895,3887,4149,3838,3507,4713,6493,4844,3729,4724,7217,5193,3872,4094,4592,4068,3644,1.51356,-6.03859,8.64698,48.376
35896,3170,3234,3277,3365,3232,3318,3750,3936,3460,3749,4844,6371,3424,3910,6076,12528,25.5372,33.4732,8.90779,47.7627
35897,3633,4750,8238,7476,3661,4219,6057,5856,3252,3604,3990,4010,3122,3268,3507,3472,-20.4116,13.1645,8.81426,48.0767
35898,5718,9792,6255,4159,4540,5074,4614,3948,3682,3842,3630,3459,3313,3454,3274,3234,-32.9674,-6.03488,8.74949,47.992
35899,3768,3610,3244,3138,5176,4330,3660,3175,9398,5585,3937,3403,7249,5249,3901,3270,10.9621,-23.5952,8.79336,48.062
35900,5359,4431,3529,3374,9154,5243,3752,3338,7097,4902,3712,3344,4447,4052,3469,3173,-3.4197,-26.5285,8.67246,48.2507
35901,3219,3623,3989,4588,3329,3661,4872,7636,3339,3813,4903,8797,3231,3565,4286,4972,1.37988,28.0249,8.82284,47.882
35902,3399,3669,3759,3699,3674,4434,4964,4143,3820,5680,7704,4957,3741,4757,5425,4397,8.33264,4.90913,8.50496,48.148
35903,5363,4215,3586,3373,9112,5058,3682,3342,7289,4660,3681,3358,4408,3900,3427,3250,-2.89834,-30.4331,8.98172,47.8027
35904,3407,4020,6533,8180,3490,4113,6107,7178,3327,3751,4120,4387,3179,3334,3495,3640,-16.5782,18.2746,8.73351,48.174
35905,3104,3225,3369,3476,3392,3621,3814,3723,3657,4356,5174,4647,3958,5946,9778,6494,29.5941,7.9698,8.80166,47.8227
35906,3919,4287,4128,3834,4110,6321,6084,4241,4166,5831,5696,4159,3678,4088,4099,3592,-1.17558,-0.566103,8.98325,48.1553
35907,3088,3247,3360,3473,3203,3521,3896,4191,3387,3867,4884,7292,3343,4022,5814,11065,20.4437,30.2946,8.50257,47.7687
35908,3234,3584,4056,4683,3353,3754,5140,7232,3406,3840,5449,8312,3254,3683,4394,4863,1.68723,22.3962,8.54901,48.158
35909,6285,9231,5554,3989,5026,5863,4442,3673,3721,3889,3688,3402,3326,3383,3320,3245,-22.6474,-8.50173,8.72373,48.0247
35910,3243,3682,4233,4104,3556,4381,6504,5171,3635,4353,7293,5734,3415,3911,4519,4405,1.60909,10.8545,8.84118,48.0927
35911,5650,7811,5321,3884,4968,7120,4950,3891,3903,4187,3799,3370,3466,3583,3470,3178,-16.8398,-7.08354,8.73206,48.3673
35912,9415,5948,3848,3424,8272,5382,3880,3435,4481,4012,3555,3304,3453,3574,3254,3130,-16.3759,-23.2214,8.84837,48.2447
35913,3474,4123,5702,6188,3390,4202,6894,7545,3375,3765,4571,4788,3120,3434,3608,3783,-11.1412,16.4374,8.57985,47.9747
35914,3268,3523,3704,3491,3628,4100,4622,3946,4040,5694,7613,5048,3819,4923,6161,4677,11.0992,4.55442,8.51157,48.1713
35915,4086,4585,4157,3676,4621,7356,5598,3875,4448,6019,4788,3671,3719,4137,3937,3593,-2.77262,-4.71164,8.87537,48.1773
35916,3081,3238,3321,3434,3216,3509,3837,4112,3530,3887,5389,6832,3440,4147,7039,10180,21.3002,20.6708,8.82462,48.128
35917,7403,9870,5288,3800,4979,5326,4187,3662,3720,3771,3562,3291,3330,3404,3282,3101,-28.7399,-10.965,8.7727,47.984
35918,2964,3378,3686,3793,3325,3572,4318,5304,3430,3829,5271,9770,3326,3822,5056,7384,10.6828,28.3659,8.5316,48.152
35919,3426,3375,3251,3022,3900,3792,3429,3157,6032,4887,3857,3249,12256,6408,3948,3226,32.5244,-24.9863,8.8151,47.4767
35920,12476,6000,4002,3381,6025,4760,3749,3407,3822,3733,3379,3341,3381,3329,3269,3122,-32.5575,-29.7005,8.73206,47.4507
35921,8982,5906,3862,3375,8179,5398,3935,3414,4552,4086,3563,3330,3618,3536,3145,3029,-16.0778,-23.746,8.51852,47.94
35922,3293,3255,3318,3211,3430,3823,3899,3575,3940,4919,5605,4499,4258,6760,9028,5357,22.7794,4.04768,8.99886,48.1133
35923,3595,4008,4342,4004,3848,5085,6968,4880,3736,4998,6624,4665,3580,3958,4318,3913,-0.612562,5.57346,8.72675,48.348
35924,3239,3556,4117,4640,3335,3743,5075,7703,3421,3922,5204,8378,3282,3569,4244,4923,1.24412,24.802,8.87336,48.234
35925,3200,3313,3581,3849,3360,3629,4381,5360,3290,3814,5328,9989,3360,3687,4849,6914,9.44096,32.5198,8.90058,47.936
35926,3245,3360,3454,3247,3547,3760,3876,3521,4070,4859,4932,4356,4541,7573,8785,4989,33.0434,1.56177,8.68726,48.0767
35927,3313,3502,3718,3484,3548,4103,4715,3997,3921,5387,7929,5236,3814,4696,6134,4770,10.9863,5.96108,8.65732,48.178
35928,4897,4317,3743,3209,8023,6002,3860,3527,6682,5516,3979,3444,4336,4081,3576,3182,-2.36168,-19.4024,8.86331,48.2493
35929,4549,6813,6812,4573,4262,5973,6132,4425,3591,4036,4048,3640,3356,3364,3465,3354,-16.8691,0.38716,8.94396,48.262
35930,3426,3351,3296,3219,3829,3871,3389,3303,5828,4726,3709,3420,12792,5730,3946,3379,31.3104,-33.3176,8.86177,47.476
35931,3717,3916,3979,3474,4303,5702,4771,3630,4604,7433,5819,4000,4046,4738,4416,3701,4.39103,-3.34089,8.69845,48.166
35932,3013,3177,3422,3338,3426,3557,3843,3680,3589,4359,5462,4635,3926,5707,9983,6848,27.4443,9.07151,8.77034,47.9767
35933,3610,3614,3431,3133,4378,4330,3759,3295,6258,7377,4581,3631,5939,6469,4596,3692,13.3638,-12.6784,8.51078,48.062
35934,9271,6636,4096,3419,7556,5654,4012,3456,4290,3943,3520,3238,3574,3561,3175,2983,-18.1918,-20.4092,8.81553,48.256
35935,3112,3228,3366,3404,3201,3470,3797,4006,3392,3787,4772,6749,3414,3971,6259,12047,24.2036,26.1908,8.94454,47.9833
35936,4894,4334,3696,3370,8041,5715,3832,3461,7271,5395,3753,3312,4511,4116,3457,3266,-1.49367,-21.0376,8.90937,48.2827
35937,3300,3929,6207,12417,3303,3685,4705,6027,3205,3424,3860,3989,3195,3290,3383,3387,-32.9323,27.1447,8.53601,47.5373
35938,3452,3350,3157,3277,3984,3759,3420,3244,6120,4775,3776,3362,12486,6071,3960,3440,28.2781,-33.1658,8.61795,47.7553
35939,3795,3895,3851,3493,4341,5689,4837,3801,4609,7265,5719,4015,4050,4638,4427,3728,4.00722,-3.57297,8.53103,48.102
35940,3230,3466,4094,4405,3431,3888,5248,6761,3444,3852,5738,8058,3234,3754,4444,4969,2.61313,20.637,8.77707,48.0107
35941,3621,3732,3599,3377,4169,5077,4414,3750,4891,7921,5603,3983,4463,5450,4591,3835,7.96055,-5.18354,8.54246,48.3173
35942,5199,8969,7436,4510,4342,5120,4842,3853,3538,3807,3761,3552,3331,3393,3329,3219,-29.4622,-2.34195,8.67564,48.134
35943,3256,3257,3367,3388,3060,3526,3759,3884,3419,3952,4928,5891,3461,4146,7526,10995,30.7926,19.9984,8.66193,47.8767
35944,4476,5919,5541,4248,4548,6993,6321,4152,3796,4448,4393,3744,3441,3513,3424,3361,-12.0428,-1.65746,8.68212,48.212
35945,3418,3420,3272,3259,3919,3879,3506,3254,5398,5104,3987,3524,9115,8473,4527,3602,31.4621,-15.956,8.53464,47.7713
35946,3404,3290,3183,3057,3974,3730,3524,3249,5974,4797,3733,3380,12245,6671,4082,3382,28.1925,-24.0605,8.86917,47.7833
35947,3425,3871,4977,4856,3520,4502,7477,6737,3562,4001,5560,5341,3250,3553,4142,3877,-4.77061,13.6641,8.67733,48.434
35948,3235,3383,3462,3560,3411,3848,4252,4108,3666,4688,7537,5808,3709,4792,7040,5942,14.6944,10.3696,8.70702,48.294
35949,4098,4871,4473,3813,4670,7497,5978,4129,4151,5340,4716,3714,3591,3827,3763,3540,-5.46128,-3.21231,8.69439,48.114
35950,3203,3336,3543,3601,3190,3604,4079,4821,3368,3852,5158,9126,3368,3804,5248,8521,13.7814,28.3847,8.62842,47.8813
35951,3267,3552,3891,4593,3324,3668,4916,7981,3278,3800,4975,8553,3272,3586,4305,4839,1.05583,32.9447,8.99574,47.8667
35952,3404,4074,7274,11258,3446,3896,4987,5835,3279,3547,3793,3928,3068,3178,3321,3286,-27.2422,20.7366,8.7701,47.716
35953,11934,6729,4035,3345,5854,5119,3852,3387,4031,3734,3472,3049,3438,3381,3216,3138,-33.2745,-23.2428,8.75032,47.8093
35954,4729,4159,3492,3213,8006,4817,3734,3335,8529,4956,3724,3351,4833,4194,3588,3206,0.949597,-31.4216,8.68317,47.9107
35955,3340,4376,7997,10476,3526,3892,5028,5643,3252,3544,3784,3954,2987,3222,3400,3480,-29.8812,18.4067,8.96583,47.934
35956,4654,5890,4773,3732,4947,8019,5505,3840,4182,4798,4159,3559,3642,3709,3561,3321,-10.0345,-5.56073,8.83943,48.194
35957,4192,6793,9481,5336,3879,4761,5296,4440,3514,3688,3858,3526,3280,3214,3375,3384,-32.7569,4.16589,8.96526,48.0113
35958,3181,3291,3423,3458,3290,3548,3975,4258,3462,3987,5441,6890,3468,4279,7051,9356,20.0106,19.3007,8.54762,48.2387
35959,4804,6531,5122,4047,4996,7633,5537,4003,3980,4505,4106,3564,3527,3681,3568,3257,-12.6953,-5.47114,8.70416,48.574
35960,3686,4100,4546,4119,3752,5058,7382,4937,3699,4673,6276,4680,3610,3803,4144,3900,-2.17254,6.4143,8.56141,48.2433
35961,3233,3650,4345,5113,3391,3933,5511,8614,3353,3798,5017,6979,3211,3506,4105,4375,-2.89902,22.6294,8.82524,48.0893
35962,5231,5038,3905,3448,7183,7183,4262,3542,5241,5262,3849,3407,3943,3912,3544,3178,-6.1386,-15.2249,8.58127,48.0853
35963,3251,3239,3366,3272,3486,3814,3754,3546,4021,4674,5110,4373,4495,7571,8975,5125,30.1565,2.35894,8.97775,48.048
35964,3193,3299,3252,3391,3269,3479,3698,3925,3409,3780,4682,6004,3436,3873,5896,12725,31.6617,31.6317,8.78242,47.5407
35965,4980,8777,7767,4580,4280,5110,4783,4031,3552,3757,3737,3481,3241,3334,3240,3291,-32.8933,-1.82252,8.7875,47.9607
35966,12251,6017,3939,3508,6157,4765,3728,3431,3844,3798,3541,3226,3386,3287,3332,3095,-27.6354,-31.9001,8.54471,47.5367
35967,6830,5962,4098,3467,7843,6565,4133,3546,4800,4368,3600,3294,3617,3639,3382,3080,-12.4976,-17.5039,8.5612,48.1493
35968,11216,5921,3895,3559,7242,4888,3765,3407,4202,3861,3498,3216,3437,3445,3311,3067,-21.0068,-30.4903,8.76667,47.9533
35969,3983,6132,9729,5962,3927,4450,5184,4785,3392,3574,3829,3685,3165,3316,3185,3301,-32.1778,6.54241,8.6997,47.7327
35970,11121,7171,4213,3361,6173,5063,3895,3339,4080,3828,3449,3216,3410,3405,3233,2978,-25.0973,-21.3798,8.55862,47.9567
35971,3582,3650,3432,3249,4131,4612,4054,3467,5299,7938,5146,3850,4960,6499,4815,3786,12.1569,-7.29249,8.70166,48.3133
35972,4345,5553,5013,3945,4602,7636,6225,4096,4016,4690,4365,3676,3412,3729,3601,3399,-9.84345,-3.03156,8.9066,48.202
35973,3741,4020,4071,3593,4261,5875,5586,4031,4435,6351,6091,4161,3892,4439,4135,3673,1.8581,-1.00899,8.90141,48.2367
35974,3221,3475,3659,3576,3550,4044,4715,4200,3785,5236,8044,5361,3796,4669,5971,4837,10.3692,7.10442,8.79925,48.0927
35975,3712,3559,3349,3077,4437,4352,3515,3339,7788,6394,4108,3461,7331,6131,4195,3472,14.0645,-17.5689,8.52982,48.1467
35976,12468,5835,3859,3489,5966,4676,3723,3316,3942,3829,3437,3294,3447,3375,3319,3117,-33.1887,-31.8013,8.80306,47.3947
35977,4108,5363,7437,4965,3859,5495,7173,4884,3532,3971,4266,3800,3271,3406,3502,3345,-15.6306,5.24721,8.92884,48.2513
35978,4000,4169,3780,3482,5094,6247,4495,3633,5507,7211,4704,3628,4329,4592,3860,3465,2.04687,-9.48869,8.53835,48.1307
35979,3777,3704,3315,3097,5151,4534,3508,3284,9175,5805,3935,3361,7166,5270,3839,3348,10.787,-22.0842,8.75322,48.1793
35980,3519,3500,3154,3114,4367,4055,3557,3309,8150,5184,3830,3419,9619,5562,4034,3361,17.0981,-32.7216,8.61619,47.8227
35981,3194,3368,3402,3423,3245,3526,4013,4271,3393,3821,5048,7815,3311,4005,5588,10390,18.7945,30.8354,8.61174,47.8753
35982,5687,9519,6437,4161,4660,5533,4600,3799,3592,3876,3658,3544,3311,3341,3265,3168,-24.9915,-5.59155,8.89968,48.1007
35983,3192,3181,3439,3625,3156,3488,4025,4542,3381,3948,5069,8459,3442,3955,5382,9713,16.4895,31.2013,8.81456,47.998
35984,7282,5213,3710,3293,9752,5472,3746,3381,5283,4286,3562,3198,3646,3633,3321,3091,-10.9924,-25.9307,8.95069,47.9127
35985,4097,4559,4188,3733,4681,7317,5566,3879,4432,6021,4902,3807,3748,4035,3841,3558,-2.85989,-4.53658,8.99989,48.2427
35986,3465,3407,3248,3177,4386,3969,3441,3249,8395,5041,3888,3424,9783,5426,3933,3396,16.8416,-32.5619,8.88574,47.752
35987,3342,3357,3234,3130,3981,3851,3524,3334,6005,5454,4014,3497,9731,7857,4452,3561,24.1219,-17.7989,8.61778,48.216
35988,6119,7081,4621,3608,6036,7182,4710,3689,4253,4465,3781,3331,3536,3482,3256,3180,-14.9314,-11.2669,8.65183,48.22
35989,3357,3393,3396,3187,3553,3685,3703,3556,4206,5068,4736,4110,5083,8667,7728,4506,31.6805,-1.74572,8.5401,47.956
35990,10338,7234,4224,3450,6410,5282,3977,3423,4066,3790,3494,3228,3409,3395,3305,2987,-22.1369,-20.0753,8.87159,48.008
35991,3145,3396,3559,3611,3249,3802,4338,4589,3515,4170,6933,7355,3438,4203,6214,6734,13.249,16.0493,8.69635,48.1673
35992,4400,3954,3541,3234,6601,5310,3912,3382,7822,6089,4112,3424,5090,4548,3614,3334,2.78569,-19.3011,8.58592,48.2447
35993,3810,3650,3380,3076,5364,4282,3588,3267,9837,5274,3777,3267,7348,5014,3817,3289,10.5772,-27.3946,8.82996,48.0267
35994,3199,3345,3428,3419,3357,3526,3768,3882,3673,4179,5558,5250,3685,5033,9328,7816,24.1765,12.4638,8.83962,48.2973
35995,8767,9002,4695,3546,5487,5185,3979,3587,3818,3770,3576,3329,3394,3348,3332,3091,-32.0044,-14.7308,8.51575,47.9373
35996,3390,3928,4428,4226,3614,4443,6932,5558,3525,4434,6780,5399,3376,3797,4453,4142,-0.536445,10.7144,8.55056,48.2833
35997,3408,4040,7128,11516,3376,3827,4991,5810,3210,3508,3713,3875,3164,3217,3471,3546,-30.4596,21.5361,8.86508,47.8667
35998,3127,3360,3462,3606,3213,3591,4011,4474,3430,3758,5258,8597,3361,3880,5588,9297,15.8455,28.8995,8.66386,48.0087
35999,3377,3315,3283,3070,4023,3958,3533,3173,6173,5641,4048,3409,8829,7868,4492,3594,21.5278,-16.5504,8.7019,47.8573
36000,3492,4213,6532,7820,3434,4228,6299,7099,3264,3661,4169,4352,3181,3286,3449,3523,-16.2299,17.1226,8.51935,48.0013
36001,3156,3294,3528,3598,3239,3655,4171,5049,3460,3701,5109,9423,3352,3904,5146,7783,12.1758,29.9044,8.61929,47.712
36002,3064,3241,3333,3422,3234,3582,3963,3898,3377,4013,5434,6276,3524,4394,7864,9603,22.6198,17.9555,8.80364,48.148
36003,12629,5973,4011,3345,5987,4789,3795,3431,3903,3897,3316,3199,3448,3319,3178,3126,-28.6646,-30.3513,8.61701,47.564
36004,3274,3345,3251,3100,3663,3879,3570,3389,4793,5210,4318,3789,6327,9983,5852,4012,29.6384,-7.94627,8.91398,47.8367
36005,3188,3700,4309,5130,3301,3767,5177,9047,3304,3638,4840,7445,3250,3585,4070,4418,-2.33969,26.0852,8.9182,48.1127
36006,3705,4887,8586,7307,3659,4399,6011,5528,3232,3588,3979,3966,3247,3237,3408,3431,-20.8066,12.6486,8.77712,48.1133
36007,3585,3459,3389,3173,4261,4242,3753,3362,5964,7217,4557,3614,6155,7067,4638,3622,15.1044,-11.8192,8.6421,48.0387
36008,3589,4498,7107,6808,3666,4223,6823,6476,3345,3718,4262,4280,3167,3393,3523,3534,-15.7614,14.0263,8.69018,48.2747
36009,3520,3766,3912,3548,3895,4995,5171,4122,4199,6481,7057,4361,4007,4490,4644,4045,4.82057,1.05234,8.91755,48.142
36010,3211,3427,3713,3925,3367,3748,4393,5809,3453,3903,5550,9578,3349,3802,4893,6378,8.13571,25.8068,8.59928,48.3327
36011,3396,3986,5389,6549,3416,3982,6373,8527,3359,3708,4503,5092,3158,3302,3649,3805,-10.7848,19.9158,8.65285,48.1293
36012,4110,5772,8519,5498,3790,4881,6303,4775,3493,3755,4039,3974,3217,3279,3464,3362,-19.357,5.87101,8.89579,48.154
36013,3958,3784,3414,3135,5860,4537,3576,3352,9999,5445,3818,3401,6248,4644,3857,3250,7.39083,-27.6148,8.91706,48.1853
36014,3382,3464,3225,3112,4392,4015,3529,3294,8228,5192,3644,3424,10232,5615,3894,3481,17.7754,-30.0858,8.99684,48.082
36015,3061,3205,3361,3331,3301,3714,3841,3709,3775,4495,5092,4585,4027,6393,9900,6009,29.5374,6.60304,8.80816,47.866
36016,6488,5847,4124,3489,7438,6823,4121,3440,4803,4491,3733,3353,3705,3729,3337,3249,-11.4415,-16.5861,8.50447,48.1133
36017,5330,9281,7138,4396,4294,5225,4784,3966,3647,3809,3656,3470,3301,3366,3266,3212,-27.1696,-3.12305,8.7664,48.094
36018,3229,3303,3294,3242,3710,3923,3637,3492,4392,5233,4896,3807,5315,9146,7178,4407,25.3286,-3.28544,8.87395,48.136
36019,3132,3230,3552,3493,3286,3538,3998,4170,3450,3945,5472,6649,3372,4219,7169,9573,20.435,18.753,8.99451,48.1653
36020,3703,3636,3348,3122,4927,4576,3626,3355,8461,6417,4118,3486,6734,5598,3954,3414,11.1677,-19.0397,8.7785,48.3167
36021,6183,5088,3804,3432,8906,6353,4098,3278,5306,4715,3672,3377,3882,3712,3409,3134,-8.48592,-20.0573,8.98895,48.2327
36022,3395,3326,3302,3095,3896,3743,3456,3315,6650,4898,3850,3300,11812,5971,3959,3527,23.2011,-33.892,8.69388,47.6633
36023,3506,4381,7714,8366,3543,4142,5905,6305,3414,3672,4044,4002,3011,3402,3469,3435,-19.8237,16.2244,8.90286,48.2073
36024,12128,6410,4013,3357,5989,4847,3862,3404,3859,3810,3501,3235,3427,3356,3110,3164,-31.0432,-25.5017,8.63611,47.648
36025,3745,4575,6687,5529,3702,4719,7709,5988,3419,3953,4561,4232,3183,3433,3509,3606,-12.8193,10.7046,8.76024,48.3667
36026,5734,4620,3694,3295,9481,5177,3749,3306,6605,4477,3776,3349,4179,3810,3238,3125,-5.41768,-32.0553,8.59905,47.7433
36027,3108,3382,3453,3577,3247,3492,4119,4677,3491,3945,5371,8767,3464,3867,5628,8646,14.5515,25.0467,8.68012,48.156
36028,3598,4421,8626,9335,3503,3948,5183,5390,3271,3518,3818,4065,3083,3337,3342,3315,-30.6729,16.2349,8.51528,47.8353
36029,3810,4397,4613,4088,4116,6048,7084,4480,3865,5075,5486,4096,3430,3865,3867,3676,-3.82727,2.43008,8.81783,47.9973
36030,3909,3676,3377,3181,5756,4251,3621,3213,10016,5227,3721,3426,6922,4789,3655,3286,8.77631,-29.5565,8.75642,48.0173
36031,4257,6109,7407,4900,3960,5502,6490,4568,3614,3878,4050,3753,3328,3383,3497,3383,-16.9825,2.97862,8.62452,48.0527
36032,9792,6393,4031,3495,7437,5348,3900,3407,4301,3985,3517,3191,3565,3522,3293,3055,-18.8215,-22.267,8.72491,48.1547
36033,3168,3437,3357,3278,3466,3670,3846,3604,3979,4642,5435,4537,4289,6779,9257,5507,25.7348,4.41029,8.57015,48.1673
36034,8769,6274,4033,3593,7707,5698,4013,3402,4389,4026,3552,3242,3500,3591,3314,3130,-16.7469,-20.6444,8.64613,48.1553
36035,3222,3426,3275,3103,3603,3766,3585,3400,4726,5489,4473,3656,6585,9817,5780,3894,26.3577,-8.32636,8.83403,47.8667
36036,3212,3408,3902,4223,3363,4004,5401,5671,3380,4091,6925,7586,3382,3864,4798,5053,4.33928,16.2871,8.92116,48.1753
36037,4677,4109,3453,3092,7894,4800,3686,3277,8921,5076,3717,3267,4943,4250,3577,3268,1.31294,-29.5872,8.95442,48.0047
36038,3474,3610,3472,3210,4241,4631,3795,3304,5906,7733,4652,3612,5733,6608,4505,3549,12.9895,-11.0957,8.82923,48.0233
36039,6647,4738,3689,3262,10100,5261,3708,3427,5926,4502,3716,3248,3940,3662,3359,3152,-8.31317,-27.7868,8.92448,48.2247
36040,3319,3484,3643,3620,3516,4014,4704,4308,3874,4835,7821,5879,3785,4479,5971,5293,10.7983,9.78338,8.50039,48.3633
36041,6866,9518,5373,3856,4937,5481,4421,3727,3758,3825,3606,3407,3266,3388,3476,3186,-25.9368,-9.78005,8.58693,48.0607
36042,3086,3265,3460,3417,3329,3676,3982,4379,3327,3756,5040,8161,3347,3963,5616,10181,17.9312,31.9537,8.73444,47.99
36043,10231,7795,4259,3464,5845,5156,3941,3474,3980,3905,3381,3372,3385,3404,3150,3010,-26.6756,-18.6252,8.58389,47.8347
36044,9617,8752,4507,3614,5633,5139,3961,3425,3919,3954,3454,3226,3378,3411,3248,3052,-28.1548,-16.3944,8.9019,48.1933
36045,3988,3800,3384,3158,5750,4347,3643,3274,9771,5203,3863,3342,6587,4812,3828,3284,8.3557,-28.9419,8.51458,48.0227
36046,7440,5301,3870,3283,9449,5511,3833,3361,5195,4317,3562,3196,3843,3672,3311,3180,-11.4216,-24.2062,8.97685,48.216
36047,3718,4080,4043,3715,4109,5534,5732,4108,4304,6195,6545,4380,3804,4296,4462,3820,1.72366,0.619493,8.7702,48.5633
36048,3372,4002,5935,9315,3427,3775,5381,8300,3281,3578,3976,4498,3068,3222,3490,3473,-16.5659,24.8524,8.74103,48.062
36049,4796,5217,4101,3543,6110,7870,4781,3704,4787,5509,4157,3415,3865,3952,3505,3257,-6.08526,-10.6506,8.74752,48.3793
36050,3399,3279,3271,3202,3691,3769,3761,3408,4306,5169,4704,3859,5402,9292,7224,4433,27.1988,-3.55514,8.85978,48.1127
36051,3132,3301,3495,3344,3199,3629,3599,3848,3510,3912,5175,5555,3591,4609,8775,9230,31.5266,15.5862,8.5633,47.936
36052,3868,4928,6545,4895,3850,5289,7944,5338,3542,3921,4454,4083,3162,3435,3677,3446,-12.4934,6.59488,8.9591,48.2513
36053,3695,4871,8551,7129,3664,4357,6210,5511,3408,3725,4047,3982,3131,3241,3513,3425,-19.8544,12.3172,8.98079,48.3067
36054,3574,3954,4385,4176,3669,5122,7255,4914,3767,4734,6675,4884,3513,3877,4030,4035,-1.19889,6.5285,8.90501,48.376
36055,3369,3851,6142,12493,3441,3815,4824,5999,3138,3518,3825,3953,3273,3137,3356,3366,-33.1392,27.385,8.53211,47.6667
36056,3178,3351,3383,3327,3591,4052,4080,3731,4027,5627,6246,4442,4392,6379,7531,4837,17.8418,2.2914,8.81299,48.116
36057,4192,5262,5103,4068,4418,7408,6536,4182,3994,4834,4571,3852,3507,3662,3540,3494,-9.16649,-1.56203,8.87291,48.4153
36058,6502,4966,3678,3238,9686,5627,3936,3302,5731,4477,3530,3222,3867,3752,3363,3122,-8.91423,-25.0489,8.64625,47.9993
36059,3471,3732,3640,3383,3961,4635,4479,3861,4548,7141,6353,4125,4279,5399,4986,4071,9.06828,-1.84617,8.59546,48.0427
36060,3609,3556,3209,3080,4711,4061,3523,3285,9088,5408,3878,3430,8826,5407,3883,3380,14.9348,-25.9404,8.86347,48.2227
36061,4090,4762,4251,3709,4788,7394,5759,4083,4248,5674,4816,3885,3762,3884,3856,3448,-4.25802,-3.70136,8.65815,48.2727
36062,3679,3809,3412,3207,4659,5074,3859,3335,6597,7966,4476,3598,5351,5562,4179,3517,8.90659,-12.4298,8.82227,48.1867
36063,3419,3448,3337,3140,4077,3920,3600,3274,6363,5605,4154,3589,8714,7692,4398,3567,20.7389,-16.5664,8.54362,48.198
36064,3333,3493,4015,4425,3441,3775,4746,7606,3389,3774,5079,8992,3231,3688,4319,5165,2.28989,28.6286,8.68826,48.314
36065,3410,3828,6056,12669,3421,3792,4740,6092,3297,3477,3755,3757,3033,3226,3344,3376,-28.6439,32.2784,8.7501,47.5153
36066,9975,5875,3911,3391,8121,5183,3819,3366,4340,4053,3466,3288,3498,3433,3241,3045,-17.7492,-26.1315,8.68868,48.0033
36067,3503,3486,3858,3656,3563,4198,5264,4304,3827,5216,8194,5371,3679,4360,5240,4658,7.15159,7.67907,8.64268,48.2513
36068,5079,8435,7676,4666,4273,4981,4919,4130,3541,3762,3692,3389,3276,3339,3361,3241,-27.0697,-1.2943,8.62088,47.84
36069,12299,6568,3891,3407,5918,4819,3849,3308,3846,3890,3552,3245,3395,3463,3141,2977,-30.2091,-24.4687,8.60321,47.712
36070,11588,6041,3966,3365,6880,4812,3706,3424,4083,3922,3506,3282,3368,3442,3219,3156,-23.0097,-28.5275,8.59924,47.84
36071,5805,4941,3791,3300,8727,6381,3989,3339,5764,4838,3647,3315,3984,3905,3409,3173,-7.25889,-19.8689,8.62544,48.2053
36072,3027,3188,3371,3448,3264,3501,3898,4104,3367,3901,4977,7246,3293,4055,5841,11306,20.1397,33.1521,8.9404,47.858
36073,3061,3360,3670,3861,3331,3602,4411,6096,3384,3821,5490,10120,3346,3560,4680,6452,7.6023,27.9935,8.95967,48.1633
36074,3468,3672,4321,4314,3649,4306,7051,5844,3632,4210,6698,5817,3435,3646,4181,4290,-0.588744,12.7219,8.79345,48.356
36075,4222,5255,4803,3951,4592,7306,6454,4103,3899,4911,4541,3825,3592,3711,3602,3378,-8.36793,-1.84825,8.6509,48.0967
36076,3461,3877,5777,11458,3327,3864,5092,7212,3240,3481,3878,4087,3112,3188,3432,3319,-21.2238,29.965,8.56585,47.87
36077,3230,3588,4091,3830,3610,4415,5826,4617,3775,4984,7753,5321,3574,4250,4883,4440,4.416,7.99609,8.71827,48.1247
36078,4117,5669,6747,4910,4000,5718,6957,4742,3619,3943,4265,3802,3243,3518,3567,3383,-14.6806,3.20658,8.78723,48.1333
36079,3458,3577,3346,3283,4028,4441,3640,3452,5768,7528,4704,3691,5714,7131,4629,3726,14.3389,-10.2993,8.99952,48.0773
36080,3664,3574,3305,3165,5249,4353,3510,3364,9894,5214,3679,3350,7363,5093,3808,3433,11.2885,-32.7306,8.86348,48.012
36081,3584,4178,5127,4823,3712,4912,8066,5944,3462,4044,5497,4751,3259,3495,3822,3733,-6.53324,10.1433,8.57703,48.2727
36082,6116,9035,5702,3955,4891,5992,4656,3814,3828,3810,3691,3400,3323,3424,3375,3149,-21.7692,-7.42597,8.67314,48.1073
36083,3347,3811,5293,7576,3296,3930,5798,9306,3342,3641,4196,5123,3063,3347,3605,3776,-11.7314,23.427,8.92683,48.3
36084,3686,4214,4136,3790,4147,5746,6156,4411,3986,5682,6275,4342,3561,4120,4308,3742,-0.0129083,1.50181,8.6872,48.2013
36085,4652,7626,8722,4986,3911,4892,5221,4260,3438,3729,3626,3540,3215,3329,3466,3235,-25.8584,1.74307,8.96363,47.8987
36086,3296,3220,3322,3226,3593,3881,3796,3450,4195,5016,4851,4074,5021,8646,7861,4467,32.742,-1.44791,8.90285,47.9433
36087,3103,3419,3746,3944,3267,3693,4603,5675,3426,3903,6084,9062,3241,3841,4901,6151,7.56666,21.4765,8.50692,48.0393
36088,6096,4564,3711,3342,9790,5306,3831,3419,6176,4462,3698,3202,4124,3808,3389,3116,-6.71238,-30.0888,8.50093,48.0227
36089,7971,8479,4541,3620,5736,6061,4178,3551,3989,3946,3690,3324,3281,3466,3252,3049,-21.2208,-14.0162,8.91638,48.0893
36090,3357,3453,3129,3218,3913,3796,3540,3264,5936,5176,3840,3425,11216,7222,4033,3460,32.4072,-20.8033,8.89855,47.9853
36091,3905,4119,3598,3403,4987,6020,4260,3529,5826,7748,4869,3647,4527,4718,4033,3384,3.3654,-10.1435,8.78142,48.382
36092,3327,3401,3262,3077,3913,3883,3435,3262,5874,4938,3814,3412,12103,6663,3986,3418,30.5205,-23.8941,8.73616,47.8453
36093,3313,3403,3374,3136,3774,3871,3573,3356,4500,5084,4572,3826,5655,9929,6488,4054,31.8062,-5.40428,8.93934,47.9387
36094,3554,3691,3518,3276,3977,4499,4012,3610,4896,7628,5617,3930,4843,6397,5134,4024,12.2081,-5.19321,8.62107,48.404
36095,3102,3199,3483,3374,3180,3383,4016,4150,3366,3881,5140,7471,3296,4043,6195,10641,20.0122,24.5654,8.77831,47.9467
36096,3525,3630,3563,3281,3959,4626,4293,3612,4733,7606,5900,4105,4577,5954,5123,3915,11.1367,-3.97406,8.53483,48.268
36097,4227,3889,3495,3165,6440,4825,3669,3357,8777,6015,4002,3392,5433,4647,3733,3271,4.98012,-21.0393,8.81247,48.2247
36098,4479,5674,4755,3890,4844,7706,6101,4032,4053,4731,4317,3524,3398,3731,3556,3400,-9.95045,-4.01292,8.60791,48.1273
36099,4121,3982,3366,3172,6381,4607,3633,3261,9672,5133,3780,3429,5875,4515,3747,3346,5.80255,-29.9748,8.7926,48.0133
36100,4183,6379,9282,5720,3898,4679,5597,4684,3421,3672,3773,3718,3108,3338,3428,3261,-23.515,5.62714,8.79335,48.094
36101,3116,3207,3286,3328,3187,3537,3723,3839,3351,3823,4728,6315,3371,3908,5998,12399,25.927,32.3404,8.95509,47.4107
36102,3164,3176,3400,3376,3352,3513,3820,4060,3416,3815,4992,6582,3365,3932,6253,11969,23.9966,26.1028,8.51434,48.1233
36103,3257,3270,3208,3167,3924,3846,3517,3221,6851,4811,3679,3491,11941,6101,3883,3397,22.8437,-33.1942,8.86631,47.7093
36104,3099,3587,4233,4908,3279,3685,5075,8350,3381,3823,4888,8227,3186,3591,4146,4814,-0.738851,27.3513,8.66934,48.1813
36105,4042,4567,4035,3599,4794,7274,5206,3738,4725,6443,4914,3884,3817,4265,3899,3551,-1.74858,-6.0293,8.8801,48.502
36106,7357,9812,5119,3613,5083,5386,4148,3616,3819,3820,3575,3349,3330,3314,3288,3210,-33.6448,-11.4712,8.73541,47.8927
36107,3774,4944,8068,6329,3686,4501,6849,5451,3322,3722,4182,3940,3119,3300,3493,3411,-17.849,10.2468,8.53044,48.0607
36108,3016,3301,3299,3345,3252,3402,3970,4283,3387,3715,5006,7402,3439,3842,5896,11490,20.9032,27.4933,8.93147,48.03
36109,5666,8588,5787,3963,4754,6409,4882,4013,3740,3907,3728,3442,3268,3450,3314,3091,-19.4588,-5.81431,8.91123,48.0013
36110,3540,3861,4277,4078,3704,4786,6956,5044,3727,4751,7277,4985,3417,3868,4374,4049,0.429547,7.51171,8.97217,48.4627
36111,3489,3505,3246,3162,4023,4022,3544,3269,6110,5615,4043,3465,9130,7853,4309,3537,21.7427,-17.2004,8.71208,48.2147
36112,7607,8080,4537,3577,6081,6198,4299,3529,3977,4009,3647,3301,3343,3470,3285,3060,-19.2322,-13.9934,8.56557,48
36113,3224,3342,3575,3702,3353,3541,4225,5055,3491,3871,5250,9515,3453,3853,5004,7610,11.8948,32.6215,8.53984,48.0427
36114,8264,5372,3759,3304,9234,5333,3700,3304,4811,4209,3622,3294,3691,3729,3306,3174,-13.8564,-26.248,8.54695,48.0707
36115,3890,4463,4225,3823,4296,6603,6259,4201,4164,5526,5551,3986,3661,3967,3992,3582,-2.73891,-0.3315,8.71547,48.126
36116,4791,4236,3515,3255,7833,5430,3859,3356,7705,5546,3825,3390,4691,4104,3492,3185,-0.151218,-22.0306,8.94566,48.142
36117,3795,3701,3325,3276,5494,4270,3633,3298,10281,5211,3808,3458,6805,4846,3760,3305,9.54274,-30.875,8.9476,48.1773
36118,9638,8214,4539,3430,5583,5124,4075,3517,3815,3845,3557,3316,3435,3425,3379,3116,-32.405,-16.9894,8.69096,48.0053
36119,3305,3462,3496,3361,3709,4140,4335,3806,4116,5846,7013,4606,4075,5615,6584,4779,13.7388,3.07414,8.70397,48.1653
36120,3156,3286,3578,3684,3256,3580,4218,4731,3509,3964,5606,8619,3333,3816,5708,8160,13.8612,22.9767,8.5688,48.136
36121,7490,9845,5224,3628,4997,5160,4266,3597,3765,3860,3561,3267,3345,3353,3287,3181,-29.7194,-11.6856,8.71926,47.884
36122,3104,3311,3496,3702,3283,3568,4300,4892,3413,4031,5611,8985,3481,3900,5452,7733,12.7292,22.7502,8.83343,48.1747
36123,6909,5046,3813,3264,9499,5787,3913,3275,5588,4456,3558,3323,3750,3752,3389,3053,-9.55696,-23.2774,8.97599,48.25
36124,3410,3343,3238,3043,3851,3842,3513,3127,6067,5032,3852,3413,11222,7093,4109,3397,27.1025,-21.5661,8.68166,47.7013
36125,10444,5669,3911,3374,8097,5084,3762,3405,4379,3989,3507,3249,3497,3355,3353,3126,-18.1231,-28.153,8.90387,48.134
36126,5873,8553,5498,3977,5104,6539,4707,3764,3797,4101,3641,3338,3423,3418,3286,3239,-19.1215,-8.00508,8.54737,48.172
36127,7679,9613,5094,3696,5113,5298,4237,3660,3751,3808,3615,3391,3386,3404,3280,3190,-29.3338,-12.0329,8.6125,48.1433
36128,3266,3407,3420,3287,3503,3768,3930,3758,4143,5188,5779,4380,4412,6962,8129,5016,20.9211,2.40332,8.78265,48.232
36129,6767,9899,5517,3955,5023,5517,4291,3719,3651,3845,3561,3266,3231,3404,3274,3130,-26.0558,-9.58713,8.89421,48.0333
36130,3304,3617,4419,5420,3326,3824,5501,9163,3295,3758,4645,7030,3218,3502,3935,4440,-4.0105,24.5286,8.7527,48.2647
36131,3997,5894,8756,5756,3831,4818,6116,4770,3454,3725,3987,3752,3184,3330,3398,3349,-20.1929,6.39166,8.63989,48.078
36132,3524,3814,5676,10955,3384,3750,5036,7688,3266,3449,3946,4274,3049,3183,3315,3396,-19.2324,30.814,8.87632,47.8033
36133,3097,3295,3479,3521,3184,3446,3899,4363,3385,3909,5213,7590,3402,4049,6243,9951,18.8598,22.9618,8.85721,48.0173
36134,3303,3318,3379,3249,3514,3742,3752,3526,4231,5208,5093,4201,4739,8149,8111,4721,25.2686,-0.0789743,8.53439,48.1573
36135,3265,3654,4271,4884,3325,3927,5574,8142,3401,3727,5342,7330,3189,3645,4059,4515,-1.40882,21.4476,8.71737,48.1667
36136,3322,3344,3213,3259,4036,3767,3429,3422,7274,4975,3779,3391,11283,5883,3905,3371,21.2305,-32.8413,8.82657,47.7687
36137,3700,4142,4089,3743,3938,5735,5988,4136,4094,6128,6346,4254,3802,4042,4332,3779,1.01832,0.679114,8.9883,48.1653
36138,3264,3572,4176,4912,3361,3724,4974,8249,3351,3707,4997,8195,3204,3550,4038,4751,-0.29298,29.5004,8.55442,48.0167
36139,3397,4081,6515,7819,3507,4054,6346,7346,3257,3549,4193,4408,3238,3329,3529,3495,-15.7043,18.1764,8.99279,48.042
36140,4281,6504,7787,4853,4255,5361,6275,4593,3661,3897,3977,3633,3184,3383,3348,3372,-18.8188,2.87819,8.92159,48.2427
36141,4635,6497,5612,4034,4542,7196,6063,4078,3845,4338,4143,3628,3375,3524,3427,3333,-13.8855,-2.829,8.93355,48.18
36142,3146,3337,3574,3631,3518,3806,4677,4485,3602,4545,7841,6389,3524,4406,6226,5568,11.4707,11.7565,8.80657,48.1833
36143,3135,3431,3664,3889,3300,3585,4373,5860,3291,3885,5585,9691,3228,3709,4762,6469,8.05514,25.2,8.90167,47.9047
36144,3339,3530,3475,3187,3973,4384,3986,3448,5184,7393,5248,3760,5131,6962,5107,3905,14.4416,-6.5667,8.68896,48.008
36145,3171,3433,3974,4378,3353,3674,4655,6811,3413,3684,5140,9485,3284,3734,4497,5671,4.47098,31.7484,8.51952,48.238
36146,8866,6751,4182,3543,7267,5710,4053,3411,4320,4009,3485,3372,3572,3317,3382,3219,-17.7664,-19.1074,8.79372,48.306
36147,3376,3522,4084,4623,3305,3684,4828,7751,3267,3673,4871,8578,3369,3515,4336,4847,1.20612,32.6532,8.69196,47.7527
36148,3423,3944,6047,11152,3369,3818,5076,7431,3229,3489,3874,4219,2887,3211,3346,3518,-20.5138,25.4093,8.80153,48.022
36149,4119,4037,3590,3449,5169,6137,4322,3516,5650,7311,4639,3619,4523,4682,3832,3488,2.61273,-11.037,8.61792,48.0553
36150,3684,3984,4453,4208,3798,5035,7416,5138,3836,4663,6175,4679,3449,3804,4170,3806,-2.50851,6.67737,8.74856,48.1987
36151,3115,3473,3845,4163,3370,3701,4675,6332,3462,3914,5664,9386,3171,3730,4697,5756,6.12877,23.3702,8.86687,48.3027
36152,3315,3371,3357,3166,3683,3860,3680,3258,4804,5589,4675,3862,6112,9370,6015,4008,24.1942,-7.08625,8.50617,48.0833
36153,3467,3495,3204,3182,4369,4016,3586,3270,7341,5465,3842,3432,9592,6467,4060,3423,19.2319,-21.728,8.61816,48.1407
36154,3659,4200,4432,3901,4055,5930,6909,4496,3877,5081,6107,4360,3512,3821,4068,3775,-2.16663,2.85761,8.8226,48.122
36155,3350,3571,3504,3460,3582,4160,4519,3758,4165,6414,7161,4574,4206,5532,6100,4498,12.3949,2.14162,8.78506,48.3693
36156,4206,4009,3519,3208,6271,5083,3921,3406,8402,6132,3990,3400,5320,4556,3645,3319,4.18156,-19.6893,8.89647,48.258
36157,3050,3424,3639,3677,3258,3510,4138,4975,3406,3822,5303,9668,3303,3890,5185,8087,12.5077,25.5891,8.98544,48.2233
36158,8834,8930,4582,3584,5485,5115,4176,3528,3907,3866,3554,3350,3401,3403,3194,3199,-27.6762,-14.9832,8.6981,48.072
36159,3383,3812,5906,11589,3428,3748,4841,7144,3155,3439,3834,4149,3146,3279,3333,3422,-21.8123,29.4974,8.77782,47.7387
36160,3481,4368,8160,10039,3474,3903,5016,5742,3212,3651,3882,3985,3082,3057,3361,3397,-27.406,17.6018,8.6463,47.8733
36161,3441,3392,3207,3169,3839,3846,3587,3181,5881,4956,3857,3353,11474,6986,4056,3381,32.066,-21.6691,8.62714,47.7373
36162,3385,4075,6774,11548,3466,3836,5008,6432,3238,3449,3789,3972,3133,3189,3491,3418,-24.9085,22.9392,8.7822,48.1353
36163,3676,4172,4317,3943,3888,5604,6757,4534,3947,5237,6354,4425,3628,3809,4178,3803,-1.12091,3.27596,8.9502,48.1813
36164,3636,3572,3390,3181,4425,4444,3687,3496,6716,7025,4438,3492,6362,6462,4355,3586,13.2149,-14.1447,8.66102,48.178
36165,3194,3329,3470,3385,3361,3657,3954,3766,3921,4743,5869,4795,3896,5794,9233,5941,21.8745,7.04514,8.63629,48.2053
36166,3313,3921,5315,8548,3460,3806,5362,9272,3292,3535,4141,4795,3172,3275,3582,3603,-13.7736,28.2618,8.80181,48.2613
36167,7531,9626,5075,3842,5088,5308,4178,3583,3749,3960,3498,3347,3375,3411,3320,3106,-27.43,-11.293,8.71485,47.998
36168,7055,5594,3952,3319,8410,6190,4007,3445,5004,4344,3625,3295,3670,3743,3287,3121,-11.9001,-19.8534,8.70849,48.0407
36169,11631,6965,4040,3376,6198,4823,3891,3263,3957,3838,3437,3206,3382,3527,3197,2993,-26.6301,-22.2267,8.79899,47.816
36170,3322,3976,5963,10283,3269,3817,5275,8039,3208,3573,4141,4302,3029,3239,3458,3439,-18.6673,24.9192,8.83562,48.222
36171,3223,3369,3506,3362,3568,3810,4043,3662,4003,5155,6736,4733,4145,5796,7923,5333,17.6436,4.9107,8.82121,48.2447
36172,3098,3344,3484,3636,3199,3547,4003,4295,3379,4105,5824,7233,3473,4246,6914,8712,18.3462,18.9649,8.57055,48.328
36173,3742,3497,3388,3169,5147,4286,3536,3331,9769,5262,3923,3399,7497,4919,3770,3272,11.4155,-30.4774,8.9456,47.938
36174,3328,3371,3334,3148,3814,3733,3671,3305,4988,5331,4255,3658,7105,9691,5597,3849,28.892,-10.0733,8.52277,48.1187
36175,3243,3348,3647,3773,3343,3717,4265,5522,3294,3761,5369,9962,3288,3740,4980,7177,9.99326,26.9833,8.90048,48.286
36176,3167,3271,3335,3450,3266,3466,3940,4025,3393,3808,4871,5871,3237,4014,6797,11620,33.8334,22.2156,8.59785,47.6873
36177,3256,3483,3349,3244,3767,4204,3912,3595,4569,6460,5450,3998,5026,7594,6012,4149,17.3508,-3.98182,8.52516,48.0453
36178,3138,3524,3599,3761,3323,3690,4348,5315,3436,4000,5924,9026,3390,3944,5159,6717,9.92568,21.5209,8.52165,48.196
36179,3204,3662,4340,5131,3269,3676,4887,9128,3298,3607,4752,7591,3265,3477,4125,4378,-2.30918,31.7888,8.99316,47.86
36180,3531,3547,3354,3099,4323,4301,3676,3381,6208,7094,4446,3644,6338,7041,4754,3779,15.168,-12.2908,8.53089,48.344
36181,3129,3215,3298,3295,3229,3472,3875,4023,3469,3734,4624,6426,3377,4001,6143,12619,26.0499,27.2627,8.84259,47.9527
36182,7476,5123,3732,3390,9446,5384,3800,3314,5315,4310,3621,3212,3723,3653,3267,3180,-11.4087,-26.3852,8.6883,47.964
36183,3388,3924,6394,12343,3368,3794,4845,6502,3247,3318,3819,4034,3026,3134,3393,3357,-25.2194,25.7802,8.89655,47.924
36184,12828,5845,3891,3321,5976,4711,3830,3392,3903,3695,3347,3250,3401,3293,3308,3143,-31.7083,-31.352,8.86273,47.4227
36185,3548,4030,6133,12103,3435,3669,4780,6796,3242,3436,3740,4099,3108,3179,3364,3349,-24.0264,26.9646,8.75388,48.0073
36186,3050,3242,3345,3292,3410,3737,3756,3643,3834,4430,5396,4636,4112,6230,9804,5930,25.9879,6.39304,8.92704,47.898
36187,7809,6858,4354,3552,7116,6014,4071,3452,4471,4048,3530,3248,3581,3541,3377,3080,-17.2124,-17.3068,8.70803,48.068
36188,3368,3266,3297,3226,3558,3719,3738,3630,4371,4924,4841,3834,5009,8690,7830,4637,27.9647,-1.53,8.66528,47.9587
36189,3387,3400,3305,3088,4331,4043,3467,3177,7304,5621,4064,3415,8953,6498,4127,3432,18.0498,-19.994,8.86983,47.7413
36190,4250,4000,3534,3225,6026,5595,4053,3460,7473,6670,4164,3491,4998,4663,3770,3259,3.29942,-16.5701,8.69569,48.4207
36191,3236,3407,3781,3892,3247,3679,4422,6052,3463,3923,5387,9869,3384,3765,4703,6164,6.9555,33.6954,8.56434,48.2493
36192,3939,3765,3399,3174,5645,4510,3647,3436,9376,6062,3959,3354,6102,4828,3864,3453,8.05714,-22.1372,8.97881,48.342
36193,3407,3339,3178,3140,3978,3783,3432,3127,6002,4724,3846,3255,12644,6317,3842,3403,30.2881,-26.7032,8.94659,47.6113
36194,9299,8638,4468,3566,5455,5062,4062,3535,3927,3708,3494,3254,3435,3543,3340,3131,-32.8031,-15.8678,8.74451,47.9447
36195,5098,8189,7233,4538,4433,5538,5167,4087,3622,3868,3864,3502,3283,3344,3382,3170,-22.6092,-2.23084,8.7114,48.212
36196,3135,3182,3339,3453,3173,3275,3862,3907,3487,3934,5127,6329,3361,4202,7211,10963,24.7164,20.6872,8.98891,47.96
36197,3818,6021,10226,6132,3757,4434,5241,4822,3446,3526,3751,3713,3118,3237,3299,3330,-29.0752,7.77983,8.94812,47.914
36198,11278,6043,3950,3468,7210,4939,3754,3402,4134,3977,3430,3303,3379,3407,3184,3026,-20.9229,-26.7483,8.98313,47.9227
36199,3684,3814,3304,3076,5099,4257,3636,3246,9467,5476,3864,3397,7611,5261,3844,3363,11.9961,-25.477,8.68632,48.266
36200,4555,4039,3501,3230,7652,5096,3756,3323,8564,5301,3881,3315,5150,4295,3641,3223,1.64383,-24.503,8.5458,48.348
36201,3114,3318,3359,3299,3243,3491,3811,4045,3378,3743,4881,6836,3324,4053,5888,11885,22.9523,31.9137,8.61301,47.7787
36202,3300,3472,3345,3155,3724,3822,3509,3467,4701,5462,4407,3690,6062,9721,6102,4064,25.0553,-7.09243,8.91007,48.002
36203,4446,4341,3693,3310,6113,6443,4133,3537,6264,6494,4174,3471,4482,4535,3734,3220,0.497773,-14.3473,8.86402,48.26
36204,3396,3417,3383,3292,3753,3979,4214,3685,4214,6031,6378,4413,4292,6269,6784,4590,15.6102,1.12074,8.66088,48.06
36205,4010,4165,3777,3483,4932,6438,4546,3627,5172,7463,4761,3662,4245,4590,3990,3511,1.71724,-8.62205,8.87839,48.248
36206,3222,3284,3354,3294,3325,3673,3789,3843,3631,4202,5259,4962,3797,5324,9908,7275,30.4743,10.5503,8.81971,48.0947
36207,3150,3182,3387,3392,3380,3519,3842,3754,3518,4190,5372,5168,3553,4924,9639,7806,33.7657,12.6154,8.75985,47.8507
36208,3421,3638,3954,3663,3723,4577,5160,4284,4008,5796,7932,4828,3639,4535,4968,4371,6.36684,4.52373,8.89736,48.3313
36209,3739,4266,4523,3930,4001,5850,6765,4504,3953,5210,5933,4354,3601,3959,4183,3740,-2.09041,2.43321,8.55817,48.3407
36210,3112,3462,3999,4362,3327,3659,4972,6835,3457,3967,5755,8750,3141,3656,4455,5305,3.59114,22.2792,8.99986,48.1427
36211,6883,9703,5377,3679,4867,5260,4365,3668,3756,3848,3567,3396,3421,3331,3322,3083,-32.9605,-10.0028,8.50522,47.684
36212,3532,3441,3247,3162,4065,3805,3496,3148,5706,5092,3810,3344,10600,7724,4211,3412,33.3782,-19.1798,8.72548,47.8633
36213,12651,6268,3934,3397,6402,4860,3774,3449,3943,3851,3424,3178,3300,3355,3196,3054,-25.6776,-27.1279,8.96037,48.024
36214,3133,3214,3361,3421,3218,3469,3878,4299,3428,3819,4968,7473,3459,3939,5788,10779,20.2122,29.2813,8.56745,47.764
36215,4510,4153,3508,3213,7990,4941,3724,3213,8446,5000,3763,3430,4872,4222,3554,3343,1.07999,-33.494,8.83384,47.9213
36216,3125,3331,3270,3318,3496,3724,3710,3536,4167,5103,5039,4248,4761,8336,8139,4536,33.7964,-0.373695,8.79547,47.8927
36217,3143,3297,3568,3611,3278,3682,4195,4372,3475,4227,6264,7353,3517,4244,6547,7706,15.6201,17.8097,8.85269,48.3193
36218,3900,3786,3485,3240,5186,5095,4087,3501,7160,7242,4413,3544,5425,5154,3909,3466,7.22127,-14.7935,8.51452,48.3953
36219,5098,4277,3633,3284,9055,5026,3930,3336,7239,4714,3733,3404,4338,4059,3497,3288,-2.75475,-30.6976,8.50694,47.9407
36220,10723,6458,4084,3445,7023,5166,3956,3452,4144,3918,3420,3206,3502,3300,3186,3130,-20.8348,-23.0535,8.70839,48.0753
36221,4531,6748,7267,4580,4274,5711,6008,4529,3538,3918,3960,3674,3236,3374,3424,3392,-18.1785,0.893281,8.73908,48.1093
36222,3101,3637,3940,4040,3357,3767,5145,5900,3445,4050,6561,7948,3524,3790,4804,5283,4.84305,17.9352,8.77092,48.1947
36223,8743,5220,3893,3385,8971,5162,3865,3421,4656,4100,3620,3283,3674,3582,3315,3156,-14.564,-32.4744,8.84602,48.0307
36224,3292,3812,5213,7982,3500,3938,5259,9597,3231,3470,4289,4983,3066,3262,3552,3694,-12.5614,27.1349,8.82978,48.0933
36225,3488,3992,6823,11931,3411,3939,4811,5896,3172,3456,3885,3896,3068,3270,3425,3372,-30.3818,22.7515,8.63396,47.89
36226,3298,3666,4304,4934,3349,3808,5428,8124,3408,3775,5153,7381,3252,3612,4128,4593,-1.40014,22.6134,8.80916,48.142
36227,3386,3777,5464,10188,3395,3741,5028,8137,3245,3517,4031,4420,3176,3304,3465,3514,-17.4858,29.4728,8.67531,47.8587
36228,3474,3411,3286,3039,4084,3888,3714,3224,6093,5780,3990,3452,8419,8142,4570,3678,20.7562,-15.4338,8.77766,48.1627
36229,3307,3419,3595,3480,3426,3880,4473,4133,3872,4991,7819,5562,3882,4749,6589,5251,13.1778,8.28877,8.68183,48.2853
36230,3231,3225,3150,3210,3622,3821,3565,3452,4672,5322,4615,3874,5837,9537,6428,4169,28.7902,-5.46994,8.50673,47.82
36231,3850,5378,9317,7348,3659,4246,5701,5132,3363,3586,3809,3821,3066,3216,3467,3378,-24.1473,11.2783,8.62568,48.2247
36232,6217,5201,3925,3369,8133,6550,3986,3515,5214,4724,3715,3378,3890,3667,3438,3179,-9.19365,-18.2169,8.70185,48.0673
36233,5160,4545,3687,3373,8206,6060,3840,3395,6718,5221,3813,3344,4318,4157,3489,3195,-3.2613,-20.0269,8.88675,48.3473
36234,3227,3286,3320,3255,3540,3865,3674,3474,4333,5182,4692,4118,5246,8897,7526,4454,28.2181,-2.41807,8.58582,48.0593
36235,3675,3607,3321,3058,4887,4302,3701,3141,8659,6089,3969,3427,7684,5500,3872,3368,13.0355,-21.2126,8.7542,48.1733
36236,4676,5755,4472,3749,5248,8127,5252,3942,4238,4819,4163,3427,3723,3771,3592,3236,-9.31883,-6.99653,8.55087,48.1267
36237,4354,7028,8299,5026,4074,5149,5707,4305,3467,3849,4015,3540,3152,3366,3379,3366,-21.1262,2.34926,8.80236,48.0507
36238,12419,5963,3968,3466,6278,4907,3803,3365,3913,3787,3466,3168,3320,3299,3282,3140,-25.1346,-33.9605,8.99858,47.696
36239,3083,3328,3475,3532,3319,3700,3972,4079,3597,4233,6335,6176,3613,4486,7702,7367,17.8782,13.9756,8.93201,47.998
36240,3686,3651,3306,3132,5203,4272,3584,3319,9384,5685,3875,3454,7305,5279,3808,3339,11.3155,-23.4483,8.88916,48.188
36241,6354,9890,6145,3961,4769,5097,4419,3855,3657,3912,3611,3408,3190,3437,3399,3192,-28.7702,-7.39746,8.649,48.1973
36242,3413,3339,3252,3104,3941,3802,3431,3160,5784,4995,3898,3380,10299,7903,4286,3473,29.9089,-18.4709,8.57078,47.64
36243,3407,3396,3307,3133,4247,3923,3480,3252,7542,4941,3809,3398,10803,5704,3876,3341,19.6701,-30.7425,8.76218,47.706
36244,4905,7195,5922,4125,4551,6841,5678,4043,3787,4121,3996,3503,3343,3543,3367,3239,-15.7405,-3.35295,8.99495,48.106
36245,3068,3430,3399,3356,3307,3466,3807,4045,3475,4006,5097,6172,3482,4222,7329,10665,23.8799,20.0179,8.96938,48.2173
36246,6052,6634,4451,3777,6223,7466,4478,3647,4402,4499,3797,3368,3621,3598,3367,3168,-13.3141,-12.4162,8.67396,48.3653
36247,3284,3374,3433,3203,3872,4173,3881,3527,5025,6717,5030,3769,5594,7995,5561,3973,17.7817,-6.24095,8.57409,48.274
36248,3697,3730,3404,3041,5174,4490,3654,3285,8789,6247,4022,3467,6595,5343,3871,3350,10.0219,-20.7874,8.70758,48.106
36249,3394,3972,6293,12168,3418,3624,4880,6079,3228,3441,3683,4043,3066,3184,3374,3482,-32.3136,25.4127,8.66197,47.5527
36250,4461,7689,8532,4984,4163,4807,5052,4370,3568,3633,3887,3587,3251,3317,3280,3238,-32.2559,1.67276,8.60569,47.8793
36251,3629,3468,3240,3190,4592,4077,3523,3159,8876,5143,3794,3455,9064,5462,3843,3335,15.4273,-31.3819,8.63333,47.9
36252,3384,3491,3449,3345,3707,4169,4235,3715,4326,6420,6402,4324,4387,6355,6243,4428,14.5252,-0.14265,8.91709,48.2533
36253,11232,6347,3987,3289,6867,5066,3904,3386,4139,3943,3473,3259,3392,3418,3217,3123,-21.8119,-24.2214,8.91956,48.028
36254,6592,9885,5449,3738,4965,5378,4425,3684,3701,3863,3737,3426,3308,3421,3318,3220,-33.4262,-9.06227,8.80121,48.0733
36255,3453,3544,3778,3602,3713,4303,4995,4127,3985,5648,7899,4876,3864,4655,5464,4447,8.40507,4.49029,8.63112,48.2353
36256,3405,3496,3312,3136,3917,3823,3497,3230,5160,5217,4149,3476,8564,9048,4684,3527,32.5682,-14.1721,8.7294,47.7607
36257,3432,3347,3238,3056,3867,3802,3408,3168,6218,4827,3629,3399,12691,5958,3883,3467,26.9972,-29.9953,8.64335,47.5933
36258,3050,3206,3422,3481,3166,3485,3913,4022,3535,3748,4900,6962,3491,3930,6045,11585,22.6575,27.8935,8.55438,47.9607
36259,6092,9869,6290,4018,4632,5188,4509,3805,3671,3732,3672,3322,3261,3317,3327,3204,-32.4252,-6.64412,8.85034,47.9393
36260,3245,3642,4046,5085,3312,3835,5255,8729,3287,3763,4944,7760,3173,3518,4004,4475,-1.54761,26.365,8.85297,48.0487
36261,3099,3222,3339,3360,3315,3416,3827,3972,3347,3735,4989,6423,3473,4027,7089,11318,24.8005,21.6059,8.79229,47.9673
36262,3003,3213,3579,3702,3191,3523,4205,4649,3379,3875,5653,8734,3255,3976,5561,8177,14.0892,23.1514,8.7495,47.7833
36263,4123,6380,9872,5973,3732,4571,5277,4648,3455,3658,3820,3633,3245,3244,3476,3272,-30.4902,6.12064,8.80508,48.2527
36264,11189,5836,3837,3262,7497,4876,3802,3440,4069,3859,3446,3239,3467,3333,3290,3036,-21.057,-29.2501,8.8139,47.652
36265,10504,7598,4263,3534,5893,5080,3944,3386,3941,3768,3470,3160,3411,3545,3278,3188,-25.7112,-19.4635,8.61176,47.9753
36266,3555,3488,3320,3227,4618,4178,3601,3317,7778,6086,4001,3376,7876,6174,4158,3481,15.0224,-19.0439,8.72837,48.156
36267,3793,4446,4415,3811,4238,6190,6561,4264,3910,5466,5692,4114,3625,3996,3939,3778,-2.62463,0.686983,8.74442,48.1587
36268,3454,4025,6688,10773,3378,3789,5102,6749,3177,3527,3865,4141,3128,3278,3395,3452,-21.7044,22.2858,8.55482,47.9473
36269,3169,3543,3850,3800,3501,3916,5207,5082,3517,4439,7810,6612,3483,4006,5149,5024,6.88703,12.6643,8.74381,48.072
36270,3770,4364,4818,4105,4011,5811,7596,4776,3821,4711,5580,4260,3475,3778,3902,3734,-4.98289,3.94948,8.59269,48.3413
36271,3932,4875,5738,4506,3916,5786,7806,4814,3609,4319,4744,3985,3413,3647,3596,3424,-9.73299,4.10681,8.78946,48.0733
36272,8254,5353,3883,3309,9339,5323,3758,3379,4772,4137,3652,3248,3676,3502,3395,3072,-13.4337,-26.6884,8.88131,48.0347
36273,3680,3767,3520,3255,4477,5108,4153,3547,5681,8366,4951,3726,4853,5477,4233,3700,8.36035,-9.22251,8.90928,48.3293
36274,7137,6575,4182,3463,7221,6698,4151,3479,4366,4313,3623,3354,3615,3553,3279,3089,-14.8881,-16.304,8.77533,48.0653
36275,4827,8489,7905,4534,4282,5049,4926,4175,3603,3909,3716,3555,3310,3329,3344,3338,-33.818,-1.07717,8.76598,48.194
36276,3161,3477,3525,3512,3461,3836,4433,4156,3770,4757,7778,5465,3696,4631,7147,5641,14.1159,9.33764,8.6478,48.2973
36277,3374,3463,3328,3137,3820,4073,3795,3502,5049,6647,4766,3767,5942,8659,5401,3811,19.2509,-8.00962,8.72456,48.356
36278,3565,3380,3322,3165,4057,3866,3502,3149,6482,4842,3838,3276,12136,5906,3932,3395,24.7031,-31.9674,8.90026,47.8753
36279,6307,8964,5450,3861,5186,6173,4709,3760,3820,3962,3748,3346,3308,3400,3332,3123,-20.1974,-8.86941,8.86913,48.2993
36280,3082,3309,3409,3331,3291,3501,3826,3916,3547,4154,5049,5414,3667,4490,8733,9117,30.0288,15.2669,8.63458,47.8907
36281,6462,4670,3719,3269,9869,5295,3872,3487,5972,4446,3693,3265,3928,3699,3353,3187,-7.94587,-28.0718,8.74735,48.124
36282,3276,3479,4323,4957,3325,3826,5327,8272,3291,3823,5090,7609,3193,3568,4141,4604,-1.28497,23.6507,8.84646,48.0693
36283,6352,8880,5357,3878,5091,6226,4385,3694,3887,4081,3622,3404,3366,3539,3378,3154,-20.2674,-9.4193,8.83875,48.196
36284,3166,3419,4029,4443,3438,3749,4868,7514,3278,3735,4953,9102,3247,3657,4314,5087,2.44185,31.988,8.56809,47.9993
36285,3351,3801,5969,12513,3275,3793,4813,6064,3258,3320,3847,4044,3249,3192,3340,3403,-33.6426,28.9429,8.73776,47.488
36286,3173,3226,3439,3313,3321,3493,3643,4019,3375,3704,4709,6040,3405,3818,5992,12778,30.3713,30.8002,8.94495,47.632
36287,3454,3512,3241,3241,3968,3794,3464,3361,5925,4674,3755,3341,12502,5722,3709,3401,33.737,-32.3182,8.55553,47.376
36288,9103,7326,4242,3420,6584,5566,4004,3576,4122,4109,3573,3300,3518,3397,3200,3130,-19.9731,-18.1885,8.79059,48.1133
36289,4219,3885,3472,3223,6450,4824,3724,3370,9069,5795,3906,3453,5506,4618,3745,3184,4.75978,-22.1644,8.78034,48.2953
36290,3365,3789,3815,3736,3704,4393,5638,4374,3648,5097,8160,5301,3609,4289,5087,4450,5.66344,7.17936,8.57403,48.3033
36291,3381,3928,5906,12378,3438,3818,4869,6321,3133,3465,3755,3863,3081,3262,3399,3419,-25.7346,31.9324,8.58637,47.6107
36292,3515,3580,3338,3092,4423,4154,3597,3319,7416,5735,3990,3459,8610,6482,4196,3490,16.8878,-19.7349,8.51675,48.264
36293,3141,3354,3520,3553,3304,3464,4002,4930,3436,3817,5105,9473,3436,3860,5134,8249,13.1006,31.7907,8.7867,47.852
36294,3252,3429,3197,3101,4129,3874,3368,3275,6946,4945,3796,3357,11648,6011,3847,3413,21.8553,-33.3415,8.79708,47.7253
36295,3925,5689,9649,6490,3715,4547,5755,4859,3374,3669,3744,3686,3132,3164,3268,3317,-23.8303,8.60788,8.86213,47.9887
36296,6719,8309,5135,3757,5316,6383,4530,3725,3942,4081,3615,3401,3450,3338,3277,3133,-19.4618,-10.7466,8.67715,48.074
36297,3170,3428,3734,3834,3347,3859,5070,5152,3491,4148,7226,7793,3477,3862,5076,5605,7.79452,16.3774,8.99548,48.1813
36298,3332,3904,6210,12697,3314,3795,4839,6208,3168,3535,3722,3916,3176,3144,3345,3451,-27.7409,27.7046,8.87377,47.8373
36299,3135,3146,3302,3406,3510,3666,3838,3671,3696,4461,6106,5054,3853,5356,9170,6668,21.8705,9.35017,8.67006,48.0253
36300,3159,3364,4050,4333,3320,3698,4975,6547,3386,4126,5601,9035,3291,3664,4531,5326,4.40094,22.9862,8.72156,48.2707
36301,3028,3276,3418,3358,3197,3536,3821,3867,3348,3955,5130,5814,3494,4314,7757,10712,28.0273,19.6756,8.56815,48.0167
36302,5032,5751,4474,3689,5690,8231,4940,3579,4359,5006,3866,3609,3626,3732,3414,3281,-9.4826,-8.96149,8.64353,48.186
36303,3055,3223,3223,3380,3264,3449,3857,3951,3520,4115,5236,5888,3618,4470,8300,9608,24.422,16.9437,8.89068,48.1047
36304,5617,4494,3652,3281,9104,5492,3842,3316,6732,4853,3676,3359,4291,3924,3446,3230,-4.3459,-24.2086,8.77621,48.206
36305,3085,3160,3474,3526,3257,3496,4027,4060,3396,3905,5099,6866,3347,4044,6624,10801,21.6246,22.6234,8.78155,48.1113
36306,3056,3294,3530,3650,3323,3500,4285,4590,3473,4062,6232,8160,3368,4007,6017,7720,14.3466,19.3778,8.9695,48.178
36307,3461,4109,6056,7897,3476,4056,5907,8046,3326,3530,4208,4584,3174,3237,3539,3586,-14.7787,20.1449,8.72007,48.128
36308,3178,3324,3677,3894,3257,3664,4438,5580,3387,3813,5386,9843,3274,3803,4830,6711,8.77147,26.1672,8.72987,48.0393
36309,3141,3341,3631,3741,3385,3668,4383,4501,3495,4270,6657,7556,3530,4171,6113,6668,12.917,16.7857,8.74123,48.1673
36310,3376,3692,3724,3524,3755,4708,4852,3891,4112,6758,7139,4380,3935,5001,5257,4105,8.38063,1.02002,8.75923,48.1393
36311,3299,3773,4700,6578,3332,3779,5183,9815,3274,3541,4425,5994,3143,3400,3789,3869,-8.18793,28.5798,8.70105,47.9293
36312,3227,3430,3566,3548,3361,3969,4613,4184,3668,4764,7832,5945,3671,4593,6491,5283,12.2773,9.74431,8.62011,48.0967
36313,3373,3867,6235,12618,3313,3820,4672,6136,3279,3417,3716,3940,3196,3255,3244,3364,-30.3873,27.9453,8.77784,47.63
36314,3580,4244,5247,4614,3690,5173,8087,5403,3710,4167,5330,4437,3402,3603,3907,3782,-6.76704,8.05956,8.67087,48.2507
36315,7288,9240,5174,3894,5174,5729,4236,3706,3825,3930,3704,3378,3341,3315,3186,3061,-23.8737,-10.946,8.63232,48.1207
36316,3471,3365,3210,3246,3838,3818,3392,3265,5899,4857,3950,3356,11189,7383,4119,3435,31.5732,-20.3298,8.65996,47.862
36317,3151,3289,3342,3385,3317,3448,3793,4013,3382,3860,4817,5867,3283,3963,6870,11712,29.9733,22.8821,8.88644,47.6613
36318,4844,8283,8226,4730,4102,5136,5104,4080,3573,3766,3762,3617,3263,3334,3359,3155,-27.1134,-0.224449,8.71422,48.2227
36319,3721,4978,8664,6599,3566,4405,6423,5423,3369,3656,4021,3967,3211,3378,3509,3472,-19.3669,10.5136,8.8783,48.2413
36320,3458,3366,3185,3209,3923,3889,3512,3193,5732,5087,3990,3417,10454,7937,4178,3302,33.1245,-18.7939,8.75308,47.888
36321,3104,3151,3581,3505,3330,3597,3917,3895,3491,3938,5364,6086,3412,4387,8055,9509,23.208,17.4956,8.67472,48.2147
36322,8501,9305,4763,3517,5283,5215,4126,3509,3845,3850,3554,3354,3470,3444,3244,3205,-31.43,-14.0741,8.93385,48.1233
36323,3540,3598,3568,3343,4237,4736,4275,3608,5010,7923,5654,3830,4441,5623,4739,3869,9.01118,-5.55905,8.58072,47.996
36324,10065,5597,3883,3443,8202,5151,3776,3356,4360,3931,3582,3324,3479,3480,3228,3113,-17.512,-33.0138,8.99244,47.98
36325,3066,3241,3365,3316,3234,3618,3882,3828,3598,4139,5612,5361,3774,5004,9061,8181,24.3542,13.1409,8.75331,48.1867
36326,4209,3956,3551,3216,6944,4820,3806,3287,9040,5437,3786,3330,5431,4480,3723,3152,3.43946,-24.6671,8.67272,48.112
36327,3139,3264,3459,3427,3352,3739,4010,3801,3750,4483,6197,5165,3811,5599,8963,6273,20.6237,8.48967,8.72503,48.288
36328,3084,3319,3428,3398,3321,3610,3903,3695,3550,4307,5481,5099,3676,5208,9538,7484,24.662,11.3631,8.84239,48.0673
36329,3419,3502,3587,3658,3527,4048,4884,4122,3885,5408,7989,5256,3678,4604,5831,4710,9.88623,6.20526,8.70658,48.072
36330,4680,5744,4573,3736,5215,8279,5324,3869,4128,5023,4219,3533,3646,3740,3529,3314,-9.14519,-6.69061,8.96152,48.368
36331,3299,3396,3266,3284,3880,3763,3405,3241,6013,4742,3850,3359,12884,5958,3819,3397,31.934,-28.5044,8.8502,47.704
36332,4081,4338,3818,3494,5135,6848,4768,3654,5112,7122,4608,3648,4038,4462,3936,3559,0.351524,-8.64299,8.88218,48.414
36333,3097,3213,3328,3390,3277,3427,3683,3939,3413,3756,4708,6117,3447,3815,5959,12780,30.026,28.4664,8.89833,47.566
36334,6838,4706,3744,3301,9876,5488,3814,3407,5681,4346,3680,3311,3848,3658,3344,3084,-9.43971,-25.6868,8.83916,48.084
36335,3195,3538,4215,5010,3424,3770,5283,8581,3361,3820,4984,7756,3211,3577,4132,4630,-1.27299,25.0307,8.99475,48.3247
36336,4865,7856,7410,4552,4257,5727,5463,4221,3629,3837,3827,3619,3288,3246,3254,3370,-21.2569,-0.704693,8.74348,48.2807
36337,3607,3487,3320,3237,4665,4153,3556,3207,8589,5387,3808,3407,9033,5600,4024,3461,15.4664,-24.2319,8.65479,48.3607
36338,10207,6457,4081,3490,7182,5165,4012,3414,4231,3903,3448,3267,3481,3524,3153,3132,-19.9745,-22.6437,8.51658,48.098
36339,3370,3872,5840,12274,3291,3909,4777,6050,3357,3469,3770,3902,3254,3266,3390,3363,-33.7469,32.3239,8.69571,47.436
36340,3129,3452,3581,3880,3274,3666,4298,5243,3361,3966,5423,9490,3358,3856,5164,7338,10.8851,26.1746,8.58119,48.3193
36341,12284,5839,3954,3348,6218,4794,3789,3270,4041,3804,3419,3242,3470,3394,3317,3168,-33.9614,-28.7381,8.57254,47.5673
36342,5294,5456,4174,3439,6711,8031,4509,3576,4659,5026,3957,3433,3885,3710,3454,3198,-8.49081,-12.7521,8.78666,48.3413
36343,3773,3636,3348,3177,5641,4377,3716,3221,10119,5198,3843,3319,6809,4906,3719,3321,9.15636,-29.3379,8.94811,48.082
36344,11836,5993,3881,3420,6565,4876,3803,3400,4003,3828,3530,3200,3368,3431,3186,3164,-22.803,-33.0007,8.71654,47.656
36345,3762,3759,3445,3050,5304,4795,3709,3380,8485,6301,4131,3382,6114,5287,3945,3338,9.23537,-19.1954,8.52408,48.1247
36346,3742,4415,4308,3744,4336,6552,6401,4268,4041,5743,5488,3982,3706,3998,4113,3714,-2.37893,-0.311076,8.84602,48.3673
36347,3492,3531,3382,3190,4046,4297,3682,3360,5399,7276,4732,3646,5725,7571,5027,3746,15.8267,-9.05441,8.87939,48.068
36348,3102,3283,3328,3297,3297,3475,3841,3945,3350,3726,4900,6142,3393,3802,6354,12355,31.1885,25.9057,8.64306,47.7267
36349,3090,3264,3418,3406,3288,3478,3911,3794,3485,4151,5207,5331,3536,4762,9173,8517,32.1276,13.8728,8.85931,47.874
36350,3232,3097,3427,3380,3168,3385,3758,3964,3424,3760,4802,6714,3448,3920,5881,12204,24.3383,31.0929,8.91912,47.7093
36351,3973,3797,3585,3200,5005,5366,3961,3502,6475,7548,4454,3656,4972,5126,4035,3566,6.18103,-12.5901,8.55093,48.1473
36352,3081,3233,3396,3459,3270,3528,3827,3860,3475,3970,5007,5666,3466,4205,7591,10730,31.3115,19.7329,8.74539,47.8427
36353,3070,3236,3579,3546,3317,3464,4186,4313,3485,3821,5562,7978,3461,3943,5905,9116,16.7228,22.8128,8.70848,47.988
36354,3479,4261,6292,7426,3433,4042,6503,7564,3272,3574,4227,4551,3028,3337,3577,3572,-14.4163,18.1752,8.74302,48.092
36355,3211,3461,3816,4009,3247,3684,4820,6134,3377,3814,5903,9083,3295,3870,4629,5870,6.33646,22.2339,8.71866,48.1487
36356,3670,4403,5600,4708,3891,5311,8055,5125,3622,4263,4835,4303,3381,3558,3833,3665,-8.95049,6.70346,8.59401,48.1487
36357,4653,6339,5702,4177,4544,6802,6121,4191,3821,4237,4150,3711,3398,3529,3531,3284,-13.3183,-2.12939,8.92785,48.1267
36358,3590,4324,8067,10290,3542,3929,5114,5547,3271,3533,3833,3859,3034,3228,3386,3360,-28.7038,18.1838,8.70494,47.938
36359,3070,3279,3578,3634,3243,3507,4125,4452,3517,3909,5892,8028,3358,3933,6014,8552,15.8136,20.6754,8.73021,48.0607
36360,10246,6031,3992,3417,7895,5069,3755,3384,4420,3973,3478,3193,3597,3416,3332,3050,-18.4512,-25.2766,8.71359,48.1653
36361,3587,4445,7885,7970,3552,4155,6061,6182,3367,3628,3979,4005,3169,3255,3357,3557,-19.24,15.0804,8.73123,48.1027
36362,6097,8912,5550,3842,5029,6418,4759,3793,3846,4084,3722,3360,3361,3498,3350,3215,-20.0801,-7.82498,8.92336,48.5573
36363,3582,4727,8486,8414,3484,4091,5615,5800,3211,3559,3883,3937,3180,3330,3499,3438,-22.3179,14.9611,8.51306,48.1573
36364,9609,7500,4310,3467,6244,5303,3971,3510,3985,3895,3540,3241,3412,3383,3297,3105,-22.4272,-18.7261,8.54619,47.848
36365,3960,4094,3804,3522,4601,6301,4553,3658,5248,7688,4960,3740,4417,4641,3929,3544,2.76728,-8.08706,8.96461,48.44
36366,3117,3284,3447,3273,3316,3692,3913,3783,3825,4507,5959,4845,3937,5829,9295,6232,22.2705,7.72244,8.76571,48.1693
36367,3722,3837,3548,3320,4260,5168,4247,3578,5370,8084,5278,3804,4605,5364,4318,3619,7.48749,-7.47568,8.52077,48.0813
36368,3256,3293,3367,3389,3372,3588,3853,3767,3811,4640,5463,4808,4044,6091,9715,6084,25.1769,6.93479,8.8461,48.3607
36369,5051,5236,4061,3469,6417,7736,4527,3693,4917,5202,3908,3487,3873,3913,3534,3188,-7.18406,-12.5466,8.83183,48.1413
36370,3339,3377,3203,3029,3981,3730,3436,3332,6313,4828,3769,3485,12291,6312,3956,3387,26.4041,-26.0977,8.56245,47.8453
36371,3103,3225,3344,3335,3232,3407,3776,3991,3399,3726,4914,6613,3382,3955,6050,12289,24.8164,28.9051,8.99172,47.8273
36372,4873,7648,6759,4361,4484,6067,5513,4120,3691,4005,3782,3485,3219,3437,3351,3242,-18.6207,-1.9977,8.98135,48.0247
36373,3575,3375,3294,3063,4274,4078,3628,3131,7902,5183,3906,3474,9935,6049,3906,3345,18.2027,-25.0878,8.63916,48.0787
36374,3325,3349,3277,3104,3765,4085,3764,3465,5026,5977,4498,3772,6337,9146,5472,3940,21.2004,-8.62259,8.93904,48.2013
36375,3480,3269,3167,3143,3923,3911,3382,3165,6162,4835,3959,3458,11356,7057,4159,3467,25.9118,-21.8962,8.70919,47.9287
36376,3169,3232,3383,3378,3323,3457,3802,4152,3416,3863,5164,7346,3356,3902,5845,10856,20.0286,33.7775,8.79344,47.7627
36377,3201,3379,3417,3376,3488,3779,4094,3777,3875,5198,6544,4738,4176,6067,7950,5154,17.8847,4.29054,8.68761,48.142
36378,3253,3889,6011,12678,3404,3757,4721,6127,3186,3455,3750,3980,3118,3223,3473,3384,-33.7913,28.3567,8.72707,47.606
36379,5841,9189,5789,4096,4908,6037,4702,3755,3673,3846,3587,3565,3457,3354,3360,3188,-21.8611,-6.50277,8.76299,48.2313
36380,3201,3359,3386,3187,3541,3697,3661,3605,4157,4971,4897,4004,4937,8790,8056,4637,30.1728,-1.13746,8.996,48.0573
36381,3137,3334,3360,3362,3459,3605,4058,3856,3588,4491,5915,5158,3808,5249,9016,6881,21.9877,10.3633,8.5546,48.1847
36382,3417,3726,4412,4515,3528,4161,6685,6245,3441,4295,6217,5885,3481,3632,4302,4281,-1.1989,14.1449,8.55318,48.1487
36383,3166,3504,3815,4036,3262,3628,4476,5967,3344,3827,5192,9919,3288,3696,4781,6314,7.37315,30.7494,8.67948,48.1433
36384,12508,6067,3795,3434,6133,4760,3846,3381,3890,3730,3500,3244,3414,3385,3258,3060,-28.7597,-27.9793,8.79861,47.6033
36385,3142,3283,3321,3314,3449,3764,3749,3623,4011,4804,5069,4265,4238,7352,9175,5341,28.8314,3.23363,8.65417,47.9333
36386,2999,3163,3339,3413,3264,3349,3837,3970,3367,4046,5119,6125,3444,4219,7429,10632,24.3046,19.6261,8.97308,47.81
36387,5265,5316,3936,3454,6904,7373,4334,3665,4977,5029,3881,3432,3881,3819,3486,3181,-7.45223,-14.0677,8.50297,47.9553
36388,6107,8307,5058,3818,5349,6866,4709,3737,3910,4092,3668,3434,3377,3450,3228,3097,-18.14,-8.86289,8.91435,48.138
36389,3272,3914,5580,10180,3361,3903,5055,8435,3268,3438,3903,4283,3187,3227,3372,3415,-17.6515,31.4916,8.86681,47.862
36390,3362,3931,5569,9753,3453,3738,5052,8303,3147,3512,4146,4504,3038,3273,3456,3437,-16.9401,29.8662,8.65472,47.7827
36391,3109,3308,3327,3439,3242,3572,3837,3881,3549,4112,5323,5760,3511,4442,8259,9334,25.2371,17.0776,8.67375,48.0033
36392,4059,3708,3410,3221,5969,4516,3579,3256,9671,5513,3810,3408,6320,4754,3720,3363,7.55097,-25.7611,8.50312,48.1847
36393,8149,8995,4800,3642,5530,5645,4233,3567,3861,3886,3627,3271,3444,3413,3268,3078,-23.1091,-13.6752,8.92826,48.2727
36394,3544,3749,3620,3311,4124,5115,4401,3691,4926,8139,5696,3880,4430,5471,4560,3751,7.96736,-5.0897,8.97212,48.272
36395,3454,3898,4824,4819,3590,4426,7773,6478,3566,4081,5672,5223,3321,3482,4004,3875,-4.89813,12.9548,8.89538,48.324
36396,3484,3835,6312,12479,3330,3762,4868,6148,3134,3510,3809,3998,3116,3272,3383,3364,-32.88,25.6907,8.80851,47.8693
36397,3842,4818,6361,5093,3699,5185,7894,5332,3572,4044,4719,4155,3266,3499,3523,3495,-12.2472,8.06605,8.54365,48.3313
36398,3028,3239,3341,3377,3241,3389,3790,3997,3476,3810,5142,6439,3392,4048,6857,11154,24.0277,22.2226,8.79869,47.8133
36399,3442,3827,3866,3569,3953,4932,5372,4090,4086,6235,7236,4507,3855,4436,4801,3979,5.25846,2.15323,8.70852,48.124
36400,3575,3488,3262,3091,4331,4017,3554,3278,7439,5668,3917,3440,8907,6558,4075,3419,17.7149,-20.2656,8.97851,48.0127
36401,3707,5054,9341,7712,3617,4326,5607,5281,3296,3490,3887,3806,3064,3282,3334,3381,-25.0665,12.2341,8.69695,48.1233
36402,5642,9577,6395,4017,4526,5130,4672,3930,3731,3837,3740,3549,3304,3436,3256,3205,-33.6397,-5.34461,8.6271,47.9647
36403,3206,3516,3712,3601,3614,4123,4957,4045,3815,5515,8191,5160,3718,4651,5845,4691,9.854,6.19211,8.97388,48.24
36404,11972,6545,3926,3351,5986,5014,3712,3371,4001,3789,3466,3270,3422,3426,3276,3070,-33.0022,-24.0347,8.59341,47.7313
36405,4118,5005,4871,4007,4353,7074,6771,4249,4017,4959,4839,3792,3480,3794,3722,3585,-7.12295,-1.10829,8.69004,48.424
36406,3678,3918,4565,4153,3735,4946,7217,5039,3649,4650,6462,4813,3563,3927,4172,3976,-1.60228,7.48176,8.66701,48.3087
36407,3093,3283,3551,3772,3231,3598,4127,5171,3334,3772,5496,9288,3339,3882,5359,7779,12.4549,23.9819,8.89459,48.05
36408,3416,3802,5256,8421,3402,3791,5138,9268,3291,3475,4188,4712,3158,3365,3528,3596,-13.8651,31.3007,8.51382,47.8713
36409,5571,4588,3643,3204,9030,5818,3835,3373,6330,4939,3767,3357,4232,3974,3458,3129,-4.92718,-22.1726,8.91055,48.1653
36410,3324,3700,3830,3717,3633,4382,5458,4496,3801,5234,7988,5126,3729,4205,5243,4516,6.20347,6.70198,8.56021,48.2547
36411,5527,7870,5355,3912,5076,6971,4810,3808,3944,4174,3852,3524,3399,3382,3282,3273,-16.7861,-7.32855,8.78837,48.106
36412,7718,5084,3799,3244,9738,5336,3954,3420,5181,4197,3493,3292,3759,3654,3290,3101,-11.7552,-29.8995,8.80609,48.1733
36413,5179,5104,3948,3415,6991,7456,4255,3490,5165,5134,3954,3394,3985,3800,3608,3294,-6.3894,-14.4387,8.95388,48.1147
36414,3513,3722,3616,3409,4152,4754,4283,3709,4954,7748,5710,3882,4530,5655,4753,3989,9.59076,-4.91156,8.55555,48.2527
36415,4224,6457,8477,5395,3967,4994,6033,4739,3517,3794,3977,3728,3189,3269,3450,3353,-20.7353,3.95748,8.58589,48.3753
36416,3532,3578,3418,3205,4256,4476,3882,3608,5752,7766,4905,3769,5505,6645,4671,3651,12.8215,-9.65023,8.71213,48.4127
36417,3744,4754,6593,5251,3746,4916,7856,5633,3486,4029,4570,4076,3111,3430,3583,3467,-12.7956,8.78294,8.92007,48.1633
36418,3201,3337,3567,3720,3377,3554,4323,5361,3324,3793,5164,10025,3252,3826,4962,7116,10.4129,31.9177,8.96059,47.9347
36419,3279,3388,3308,3211,3635,3861,3828,3467,4353,5268,4992,3978,5184,8665,7320,4488,24.2831,-2.38287,8.55169,48.15
36420,12351,6178,3975,3448,5804,4719,3795,3319,3936,3725,3464,3238,3355,3510,3303,3081,-30.6009,-25.9146,8.73159,47.4673
36421,3161,3301,3545,3409,3143,3538,3886,4435,3388,3863,5165,8056,3386,3849,5589,10054,17.6381,31.9039,8.52428,47.8453
36422,3103,3197,3411,3341,3245,3484,3887,3963,3489,3971,5148,5633,3494,4374,8066,10175,30.3216,17.8848,8.8232,47.9873
36423,4701,7410,7584,4743,4235,5507,5659,4265,3685,3952,3972,3582,3237,3334,3308,3249,-20.3312,0.0115017,8.89988,48.282
36424,3510,3510,3208,3142,4558,4055,3569,3247,8366,5330,3920,3380,9086,5803,3968,3381,16.392,-23.6165,8.88269,48.022
36425,3322,3950,6783,12022,3419,3795,4818,5972,3234,3334,3860,3963,3017,3160,3478,3408,-28.2359,23.3682,8.87872,47.69
36426,3240,3548,4011,4310,3385,3758,4802,7192,3348,3862,5197,9119,3223,3619,4450,5126,3.04456,33.9122,8.76844,48.1267
36427,3029,3277,3296,3453,3258,3506,3834,4088,3375,3834,5150,7241,3473,3960,6187,11126,21.4788,25.4147,8.5587,48.058
36428,6736,5392,3940,3406,8767,6252,3983,3284,5015,4455,3667,3239,3800,3703,3408,3159,-10.9438,-20.0327,8.60296,48.1373
36429,3748,5092,9575,7878,3593,4183,5302,5148,3263,3519,3927,3767,3112,3269,3408,3424,-27.9278,11.9897,8.55784,48.1387
36430,3764,3548,3292,3090,4947,4169,3596,3247,9319,5365,3869,3393,7953,5247,3820,3326,12.1601,-26.4424,8.59215,47.9633
36431,5099,7897,6494,4183,4708,6276,5372,3887,3766,3982,3821,3452,3376,3397,3456,3236,-18.7731,-3.5805,8.63087,48.268
36432,3998,3865,3389,3157,5840,4517,3686,3271,9105,6093,3715,3386,6199,4945,3792,3264,8.08008,-22.307,8.57111,48.148
36433,3477,4489,8392,9683,3491,3928,5305,5836,3235,3640,3880,3912,3083,3264,3301,3313,-25.7831,17.2574,8.72493,48.1527
36434,8079,6719,4323,3519,7294,6063,3997,3462,4362,4178,3622,3305,3535,3495,3348,3108,-16.6046,-18.2338,8.68296,48.2727
36435,3378,4080,6732,11693,3318,3868,5063,6344,3252,3490,3878,3885,3135,3216,3258,3357,-24.6189,23.1139,8.90754,47.9647
36436,3469,3843,5203,8073,3484,3750,5205,9422,3247,3622,4144,4882,3160,3325,3597,3553,-13.1376,33.9686,8.90121,47.986
36437,8118,9522,4854,3622,5220,5277,4282,3467,3862,3861,3426,3361,3295,3344,3377,3112,-32.9772,-12.909,8.72133,48
36438,9788,5807,3976,3366,8132,5200,3912,3370,4423,3989,3497,3185,3452,3503,3292,3061,-17.4118,-25.2793,8.83382,47.9687
36439,3440,3485,3324,3182,3815,3932,3675,3357,5115,6180,4501,3680,6502,8910,5345,3950,20.9529,-9.13082,8.77509,48.262
36440,4119,4626,4090,3662,4935,7078,5187,3856,4568,6277,4800,3814,3909,4116,3805,3611,-1.80177,-6.06801,8.5784,48.302
36441,3096,3332,3368,3431,3427,3510,3835,3624,3697,4415,5676,5096,3694,5263,9541,7275,25.2215,10.643,8.50996,48.1867
36442,3356,3314,3282,3159,3916,3824,3537,3230,5358,5387,4139,3551,8589,8917,4939,3629,25.8942,-14.1993,8.51616,48.0847
36443,7638,9776,5121,3744,5116,5476,4244,3591,3686,3868,3571,3244,3337,3353,3154,3149,-26.3548,-11.782,8.97563,48.0453
36444,3440,3871,5124,7155,3333,3780,5205,9739,3249,3634,4234,5352,3152,3349,3635,3775,-10.4295,33.9216,8.87539,48.018
36445,3339,3572,3256,3183,3959,4094,3748,3427,5234,6594,4552,3625,6176,8650,5290,3710,19.2624,-9.25009,8.8828,48.2727
36446,11845,6616,4094,3290,6346,4994,3865,3450,4024,3833,3359,3150,3437,3355,3233,3179,-24.5833,-23.8115,8.80653,48.0467
36447,3227,3362,3367,3440,3432,3637,3895,3768,3821,4387,5753,4770,3932,5953,9492,6221,23.7877,7.6225,8.57782,48.3047
36448,9212,5368,3755,3463,8675,5130,3808,3397,4633,4076,3558,3424,3501,3441,3324,3083,-15.5694,-32.425,8.59942,47.8987
36449,3275,3320,3329,3275,3658,3821,3781,3362,4501,5165,4686,3894,5732,9701,6372,3934,33.8282,-5.79484,8.60576,47.8707
36450,7886,6160,4099,3526,7908,6048,3981,3460,4664,4223,3694,3256,3547,3524,3249,3114,-14.6445,-19.3362,8.98696,48.226
36451,3249,3365,3887,4111,3364,3725,4934,6098,3367,3853,6075,8584,3404,3712,4720,5790,5.94229,20.3763,8.50667,48.1587
36452,3638,5120,9493,7440,3730,4289,5162,5081,3392,3575,3942,3805,3228,3288,3484,3260,-32.8332,11.1235,8.6215,47.9513
36453,5330,9446,7127,4382,4402,5245,4769,4000,3593,3683,3708,3372,3329,3346,3336,3149,-27.6234,-3.68385,8.66721,48.1447
36454,3433,3459,3783,3472,3610,4242,4684,4012,3960,6238,7464,4630,4020,5129,5739,4533,10.9605,2.97217,8.8709,48.272
36455,8556,5344,3832,3371,9132,5342,3857,3502,4833,4060,3460,3227,3523,3606,3261,3088,-14.3746,-27.9981,8.77652,47.996
36456,9989,8400,4322,3524,5650,5117,4006,3392,3845,3806,3478,3317,3329,3366,3356,3069,-27.6673,-17.459,8.82694,47.9773
36457,3437,3606,3376,3200,4150,4391,3700,3423,5772,7447,4652,3718,5825,7288,4813,3678,14.9057,-10.3834,8.74337,48.3173
36458,3438,3351,3348,3135,3791,3823,3500,3350,5292,5146,4111,3504,8849,9105,4734,3611,29.0958,-14.6688,8.7952,48.0587
36459,3335,4390,7961,10221,3441,3937,5017,5674,3252,3604,3899,3841,3262,3243,3447,3356,-33.4167,18.2578,8.93295,47.92
36460,3429,3974,6074,11055,3310,3850,5050,7390,3171,3462,3908,4162,3090,3114,3372,3372,-20.6349,25.9456,8.84054,47.8553
36461,3584,4879,8431,7712,3606,4296,5861,5501,3227,3705,3957,4022,3191,3322,3488,3417,-21.0264,13.2261,8.53703,48.1327
36462,3144,3271,3456,3579,3245,3511,4171,4840,3319,3785,5268,8750,3375,3823,5581,8910,14.9859,27.0964,8.64734,48.0187
36463,11326,6519,3932,3356,6688,4898,3833,3430,4106,3890,3504,3276,3390,3332,3273,3098,-23.2178,-23.6647,8.71837,47.9007
36464,3084,3251,3528,3402,3217,3600,3966,4037,3508,4073,5674,6198,3589,4381,7841,8530,20.8535,16.2615,8.79297,47.9193
36465,3284,3338,3329,3220,3669,3806,3628,3462,4737,5144,4517,3766,6410,9869,5924,3848,30.3095,-7.71829,8.73189,47.9673
36466,3548,4380,5739,5048,3712,4946,8291,5791,3479,3991,4939,4411,3272,3557,3655,3543,-9.09834,9.76702,8.99866,48.2013
36467,3675,4842,9341,8311,3577,4239,5273,5091,3283,3527,3846,3865,3112,3200,3382,3390,-30.813,13.1278,8.91366,47.9693
36468,3171,3344,3501,3609,3203,3664,4046,4653,3376,3846,5665,8417,3359,3873,5714,8591,15.2708,22.9202,8.73564,48.0213
36469,4819,5878,4636,3875,5098,7903,5562,3867,4176,4842,4052,3541,3596,3667,3518,3228,-9.97833,-6.27349,8.67535,48.172
36470,4774,5956,4619,3816,5301,8087,5509,3890,4194,4833,4052,3521,3521,3648,3457,3165,-10.4174,-6.33121,8.99244,48.2287
36471,3059,3204,3456,3529,3316,3535,3848,3933,3257,3805,4794,6072,3350,3963,6411,12177,29.617,25.1411,8.67088,47.806
36472,3649,4126,4470,3926,3932,5527,6994,4622,3901,4998,6224,4378,3502,3995,4133,3839,-1.92913,3.77254,8.56671,48.144
36473,4394,4181,3450,3198,7227,4773,3723,3339,8999,5167,3856,3407,5263,4309,3612,3241,2.58904,-32.56,8.55145,48.0927
36474,3329,3475,3346,3239,3667,3818,3650,3440,4719,5188,4451,3840,6284,9703,5963,4081,32.4016,-7.32157,8.52872,48.1287
36475,3213,3377,3443,3375,3304,3807,4111,4019,3836,4652,6628,5138,3979,5159,8303,5946,18.4037,8.69449,8.8189,48.1933
36476,3334,3439,3157,3109,3883,3747,3428,3120,6201,4684,3775,3327,12780,6077,3880,3385,28.3277,-28.9079,8.79168,47.5507
36477,3227,3680,4696,6477,3395,3799,5294,9734,3382,3591,4364,5907,3058,3397,3855,4018,-7.79222,29.4883,8.65781,47.916
36478,3034,3155,3361,3430,3201,3516,3851,3980,3499,3913,5314,5882,3518,4393,7852,10267,25.9885,18.6836,8.66008,48.1107
36479,4321,5534,5833,4332,4162,6463,7190,4389,3610,4271,4505,3787,3397,3519,3591,3406,-11.4938,1.49809,8.61159,48.2067
36480,5770,5962,4258,3507,6716,7577,4489,3619,4497,4608,3804,3512,3647,3715,3515,3154,-11.061,-13.537,8.77333,48.2333
36481,11110,6957,4185,3385,6610,5150,3824,3370,4057,3774,3525,3299,3367,3284,3191,3127,-23.4177,-21.8804,8.77721,48.1433
36482,4825,4132,3543,3224,7762,5435,3716,3401,7768,5395,3850,3331,4642,4233,3724,3227,-0.121496,-21.4329,8.98187,48.1387
36483,5406,4611,3790,3358,8527,6272,3898,3477,6159,5070,3756,3391,4106,3939,3462,3174,-5.03929,-19.8233,8.95779,48.264
36484,4354,7201,8457,5051,4077,5150,5719,4435,3568,3780,3750,3699,3184,3352,3374,3183,-22.1674,2.75448,8.94742,48.2227
36485,3286,3573,3567,3470,3579,4247,4759,3862,4021,5998,7626,4777,4116,5164,5986,4645,11.0341,3.49124,8.82265,48.4507
36486,3323,3842,5583,9055,3369,3813,5212,8919,3279,3551,3975,4572,3156,3411,3414,3653,-15.2228,30.1176,8.57323,48.0847
36487,3738,5269,9906,7099,3652,4107,5255,5008,3411,3690,3891,3772,3140,3278,3310,3332,-33.4308,10.3855,8.74815,47.9053
36488,3061,3187,3366,3318,3304,3580,3896,3913,3569,4076,5528,5638,3663,4707,8561,8841,24.8012,15.2946,8.53685,48.1387
36489,3420,3585,3612,3417,4014,4657,4541,3782,4476,7318,6343,4112,4269,5545,5129,4218,10.0571,-1.81796,8.84418,48.292
36490,3788,5170,7361,5428,3824,5040,7308,5386,3423,3887,4376,3978,3184,3339,3449,3428,-15.2279,7.77452,8.91724,48.246
36491,3517,4006,4403,3963,3757,5028,7241,4893,3832,4981,6464,4741,3496,3885,4269,3863,-1.5357,5.68522,8.96011,48.226
36492,3484,4213,7310,8671,3464,3936,5864,6749,3321,3747,3949,4206,3131,3259,3439,3499,-18.9576,17.6362,8.61895,48.1613
36493,5138,8026,6534,4296,4486,6155,5279,4082,3662,4066,3726,3459,3332,3383,3354,3231,-19.2363,-3.11846,8.8426,48.1393
36494,5672,8267,5720,3978,4777,6502,4979,3793,3837,4034,3907,3670,3337,3448,3242,3201,-18.8485,-6.16858,8.6575,48.2427
36495,3393,3769,4706,6413,3349,3793,5503,9515,3268,3614,4483,6026,3190,3414,3776,3932,-7.42444,25.0399,8.52239,48.096
36496,3353,3297,3339,3258,3681,3881,3831,3592,4317,5741,5159,4140,4998,8194,6881,4565,21.6176,-2.32313,8.56934,48.1513
36497,3381,3342,3264,3178,3974,3657,3507,3211,6410,5158,3848,3405,10971,7130,4038,3508,24.3543,-21.3861,8.77328,47.988
36498,3791,4239,4018,3557,4410,6424,5268,3852,4518,6782,5482,3906,3937,4411,4051,3684,0.977918,-3.26993,8.66412,48.22
36499,3775,3691,3464,3179,4971,4923,3866,3451,6675,7603,4477,3571,5325,5445,4034,3521,8.24773,-13.6782,8.76231,47.9807
36500,3237,3238,3312,3196,3558,3729,3679,3603,4224,4970,4823,4051,4943,8718,8015,4704,30.2976,-0.852535,8.76783,48
36501,3907,3773,3351,3206,5648,4389,3611,3332,9836,5391,3829,3417,6856,4843,3798,3290,9.05204,-27.367,8.63793,48.318
36502,3178,3362,3348,3346,3292,3419,3900,4017,3309,3618,4719,6065,3369,3779,5772,12364,33.6535,32.4243,8.65909,47.238
36503,6976,7167,4411,3677,6496,6750,4401,3452,4232,4127,3764,3321,3616,3447,3403,3017,-16.0993,-14.16,8.98034,48.1713
36504,3425,3612,4541,5868,3317,3893,5228,9717,3296,3682,4551,6356,3166,3447,3782,4063,-5.82926,31.9509,8.59753,47.9627
36505,3193,3259,3489,3394,3201,3460,3902,4140,3388,3948,5009,7431,3390,3961,5751,10994,20.0623,32.6132,8.51984,47.94
36506,10132,6453,3984,3343,7267,5357,3855,3347,4223,3858,3483,3293,3428,3588,3358,3107,-19.6636,-22.196,8.70338,48.0507
36507,3305,3397,3103,3123,3868,3793,3461,3230,6308,4738,3724,3433,12655,6243,3935,3396,27.5126,-29.711,8.64383,47.808
36508,10219,6598,4135,3455,6887,5205,3882,3428,4236,3982,3593,3260,3359,3458,3185,3188,-20.718,-21.4561,8.53111,48.0467
36509,3335,3904,5963,12550,3437,3630,4822,6043,3254,3449,3769,3885,3103,3213,3426,3462,-33.5306,30.3262,8.76088,47.4967
36510,6013,6966,4526,3740,6172,7433,4624,3655,4213,4368,3706,3447,3649,3463,3290,3142,-14.2897,-11.7922,8.87424,48.2713
36511,3211,3544,4193,4634,3373,3841,4907,8029,3311,3751,4955,8361,3294,3606,4208,4730,0.25959,33.6433,8.67283,47.9653
36512,3277,3764,4453,4708,3425,4062,6307,7254,3417,4000,5597,6341,3195,3628,4197,4482,-1.77295,17.366,8.64908,48.0713
36513,3124,3296,3504,3532,3296,3495,4127,4357,3415,3893,5216,7561,3367,3990,5907,10161,18.9189,23.899,8.63046,48.1607
36514,4551,4034,3486,3297,7219,5202,3843,3297,7912,5861,3920,3399,4962,4348,3592,3307,1.68363,-20.921,8.65919,48.1533
36515,3104,3368,3754,3832,3280,3645,4512,5737,3362,3915,5770,9423,3313,3817,4920,6396,8.10563,23.1441,8.54065,48.0987
36516,3087,3362,3561,3354,3468,3841,4192,4104,3688,4875,6997,5336,3916,5109,7649,5883,16.7814,9.01103,8.55497,48.2813
36517,3511,4904,9399,8198,3640,4078,5390,5285,3246,3529,3759,3741,3102,3226,3400,3425,-26.5654,13.3338,8.62587,47.8887
36518,3836,3646,3293,3153,5234,4320,3688,3326,9736,5232,3865,3423,7416,4990,3716,3251,10.8476,-31.9679,8.58784,48.0833
36519,3439,3910,6060,12577,3374,3754,4669,6024,3233,3567,3859,3930,3152,3069,3221,3296,-29.3822,31.2166,8.56733,47.4227
36520,7852,6195,3955,3530,7913,6266,4137,3366,4592,4255,3498,3295,3589,3454,3331,3193,-14.6482,-18.6896,8.91696,48.2807
36521,5356,8174,5840,4235,4936,6357,5005,3954,3862,3981,3829,3478,3366,3437,3446,3264,-18.9233,-5.46994,8.51244,48.3467
36522,5116,9142,7023,4260,4460,5148,4815,3919,3602,3744,3653,3571,3324,3338,3315,3248,-33.0728,-3.16569,8.63241,47.7853
36523,3474,4268,7759,10593,3516,4041,5107,5907,3255,3471,3857,4014,3099,3214,3380,3433,-26.6269,19.0558,8.71397,48.2587
36524,8877,9092,4696,3507,5349,5274,4169,3465,3865,3895,3710,3250,3277,3348,3240,3121,-31.3827,-14.7669,8.99415,48.09
36525,3514,4052,4878,4463,3688,4827,7625,5667,3597,4289,6038,4803,3374,3705,3999,3705,-3.96128,9.28845,8.89707,48.1493
36526,6738,10068,5727,3846,4923,5254,4366,3715,3797,3729,3584,3340,3258,3392,3401,3076,-27.912,-8.67614,8.85471,48.1427
36527,3272,3508,3588,3341,3702,4308,4340,3817,4264,6333,7019,4319,4228,5671,5984,4475,12.7226,1.35267,8.999,48.1127
36528,3205,3260,3465,3549,3251,3575,3877,4101,3408,3771,5058,7380,3443,3975,6036,10896,20.4066,26.8634,8.67128,48.1667
36529,8275,9243,4902,3718,5231,5112,4150,3592,3791,3718,3625,3296,3376,3508,3340,3182,-30.8695,-12.9167,8.75474,48.0393
36530,3081,3375,3589,3678,3339,3563,4261,5470,3270,3857,5051,9996,3408,3734,4960,7076,9.78265,30.9938,8.90311,47.8053
36531,4109,3884,3432,3188,6329,4565,3566,3383,9704,5181,3723,3364,5808,4630,3799,3388,6.02347,-31.7805,8.55052,48.0353
36532,3894,4433,4416,3833,4303,6560,6317,4256,4131,5700,5374,3978,3696,4072,3931,3712,-2.27406,-0.514576,8.82467,48.404
36533,3418,3634,3722,3526,3736,4496,4776,3885,4042,6228,7547,4697,3895,4991,5446,4423,9.02121,2.57583,8.99515,48.308
36534,3512,4056,6452,9874,3401,3929,5298,7207,3274,3579,3909,4211,3201,3191,3506,3570,-19.5563,21.652,8.53136,48.1133
36535,11332,5826,3941,3363,7226,4921,3760,3414,4101,3951,3488,3161,3392,3453,3270,3008,-21.4518,-27.7604,8.56641,47.738
36536,7783,4970,3712,3222,9623,5254,3798,3409,5189,4236,3625,3447,3799,3582,3356,3124,-11.4181,-29.074,8.50417,48.086
36537,4869,4335,3649,3313,8278,5593,3893,3240,7291,5201,3770,3276,4479,4108,3526,3248,-1.73135,-22.2764,8.94192,48.046
36538,3492,3333,3243,3056,4237,3910,3572,3256,7061,5121,3902,3353,11034,6327,3943,3371,20.7219,-24.7887,8.61459,48.1407
36539,3699,3602,3386,3067,5025,4171,3533,3172,9404,5355,3892,3354,8400,5226,3860,3330,13.3955,-27.981,8.80606,48.3173
36540,4893,7401,5876,4120,4749,6761,5666,4119,3792,4264,3943,3566,3364,3494,3393,3166,-16.1169,-3.73069,8.67918,48.378
36541,3638,3599,3262,3143,4613,3979,3506,3214,8998,5301,3882,3369,8757,5388,3841,3304,14.3774,-28.3863,8.60485,47.8627
36542,3477,3529,3439,3110,3942,4018,3583,3473,5530,6392,4509,3708,6849,8355,5002,3782,19.3741,-11.8108,8.79483,48.4653
36543,3390,3283,3231,3217,3850,3691,3371,3236,6255,4798,3793,3420,12564,5877,4031,3468,26.678,-31.9022,8.7184,47.65
36544,4092,5941,8227,5430,4046,5004,6329,4721,3431,3735,4089,3808,3220,3291,3448,3324,-19.1036,5.34664,8.81283,48.0907
36545,7081,6704,4308,3533,7128,6721,4137,3513,4537,4284,3596,3306,3627,3474,3284,3221,-14.7883,-16.2317,8.78108,48.3027
36546,6084,7116,4751,3684,5949,7383,4619,3763,4293,4424,3709,3399,3511,3600,3411,3218,-14.5667,-11.2861,8.51017,48.6093
36547,4158,6349,9830,5841,3922,4501,5205,4426,3535,3673,3772,3748,3157,3324,3401,3274,-28.3655,5.67089,8.76245,48.0773
36548,3351,3899,5032,5900,3407,3999,6689,8092,3320,3795,4896,5418,3241,3472,3875,3896,-7.893,17.8394,8.52817,48.188
36549,3174,3409,3682,3818,3288,3682,4343,5450,3310,3823,5704,9552,3198,3906,5025,7000,9.95283,24.4653,8.72894,48.2427
36550,3152,3257,3385,3360,3174,3378,3743,3925,3308,3847,4831,6059,3367,3879,6510,12369,29.9912,25.1459,8.84086,47.696
36551,3702,4454,5370,4710,3796,5215,8224,5592,3657,4098,5076,4327,3381,3525,3745,3549,-8.1598,7.72095,8.80637,48.2807
36552,3149,3351,3680,3825,3275,3575,4418,5326,3384,3991,6036,9155,3320,3887,5165,6686,9.6212,21.417,8.72411,48.1487
36553,3136,3360,3715,3895,3319,3621,4347,5567,3351,3826,5053,9708,3312,3708,4961,6867,9.45493,29.6586,8.58218,47.8307
36554,3206,3363,3805,4067,3225,3572,4442,6319,3345,3842,5242,9985,3267,3638,4680,6115,6.68414,29.3972,8.95251,48.0753
36555,3393,3875,4572,4493,3562,4334,6987,6010,3549,4337,6311,5654,3382,3610,4216,4100,-1.55393,12.701,8.71188,48.2567
36556,3099,3286,3549,3535,3336,3526,4025,4523,3426,3816,5063,8439,3356,3895,5603,9817,17.3043,27.2997,8.60441,48.196
36557,3520,3664,3387,3187,5018,4271,3655,3303,9405,5084,3761,3417,7858,5166,3920,3365,12.6013,-31.2722,8.65873,47.9873
36558,3204,3356,3269,3245,3460,3693,3652,3522,4114,4924,4925,4002,4805,8507,8305,4697,29.3288,-0.463624,8.90558,47.7867
36559,3193,3390,3394,3381,3538,3863,4028,3759,4192,5504,6276,4575,4305,6574,7761,4931,18.4172,2.64548,8.96163,48.4427
36560,3385,3666,3579,3371,3875,4425,4472,3853,4599,7116,6674,4224,4227,5549,5337,4053,9.88349,-0.884823,8.93433,48.27
36561,3188,3553,4178,5043,3316,3834,5385,8605,3308,3752,4974,7519,3335,3570,4089,4548,-1.82159,24.0088,8.56588,48.1313
36562,4479,7290,8481,5039,4113,5048,5195,4414,3669,3698,3790,3694,3153,3304,3382,3155,-24.5954,1.82606,8.54832,47.936
36563,3189,3528,3997,4244,3276,3810,4844,6673,3394,3804,5538,8962,3289,3720,4389,5427,4.33373,23.9796,8.61161,48.056
36564,3251,3166,3400,3425,3316,3402,3874,3769,3439,3922,5059,5783,3362,4208,8029,10574,31.9352,18.5649,8.93113,47.986
36565,3457,4354,6884,7660,3451,4245,6293,6837,3266,3640,4209,4409,3150,3349,3472,3460,-16.6068,16.5751,8.62428,48.0907
36566,3107,3236,3390,3470,3230,3457,3851,4375,3430,3980,5702,7460,3418,4035,6541,9216,18.0068,20.8087,8.99063,47.932
36567,3336,3605,4245,5085,3306,3722,5024,8897,3369,3716,4751,7775,3175,3480,4063,4510,-1.66467,31.9326,8.88044,48.0393
36568,3073,3261,3492,3446,3276,3560,3983,4173,3471,4028,5334,6881,3427,4164,6646,10023,20.3555,20.9949,8.55462,48.1587
36569,7036,5811,4020,3341,8086,6340,4065,3496,4710,4333,3691,3237,3664,3626,3353,3108,-12.4469,-18.9043,8.65764,47.9447
36570,3344,3326,3229,3128,3980,3826,3696,3218,5620,5381,3991,3404,9517,8417,4510,3564,24.912,-16.6583,8.73657,48.1007
36571,3381,3645,4363,5310,3318,3751,5140,9497,3239,3732,4654,7251,3173,3434,3938,4357,-3.65204,28.4207,8.78375,48.122
36572,11138,5696,3905,3343,7337,5072,3716,3360,4097,3991,3390,3272,3506,3272,3260,3141,-20.8664,-30.4502,8.62747,47.664
36573,4026,5542,8457,5962,3897,4827,6339,4981,3456,3657,4033,3797,3257,3290,3403,3346,-19.6236,7.75815,8.65588,48.18
36574,3127,3149,3328,3380,3240,3503,3750,3977,3483,3706,4775,6286,3444,4071,6126,12555,24.9452,33.8959,8.76176,47.9333
36575,5198,8580,7036,4441,4568,5674,5111,3969,3670,3875,3830,3548,3203,3382,3302,3155,-21.8696,-2.88664,8.94936,48.3613
36576,3343,3290,3233,3153,3965,3872,3467,3150,6414,4800,3721,3386,12383,5938,3970,3411,24.6929,-33.707,8.76248,47.664
36577,3369,3449,3214,3110,4007,3768,3433,3200,6639,4948,3761,3297,12041,6516,3935,3368,24.661,-24.9086,8.89021,48.0367
36578,3383,4015,5444,5373,3347,4319,7418,7201,3321,3979,5145,5111,3263,3479,3741,3862,-7.58859,14.8284,8.50625,48.2673
36579,3143,3368,3447,3472,3286,3706,4137,4054,3505,4397,6544,6009,3677,4787,7927,6804,17.8765,12.571,8.69484,48.1753
36580,6704,6199,4134,3512,7434,6817,4256,3519,4498,4383,3731,3225,3661,3662,3323,3170,-12.9808,-16.3867,8.82565,48.152
36581,8139,9351,4872,3638,5145,5318,4251,3634,3858,3803,3514,3334,3321,3411,3251,3115,-31.2086,-13.0556,8.73963,47.97
36582,3326,3407,3191,3144,3821,3845,3473,3303,5175,5149,4354,3605,7831,9557,5188,3655,27.453,-12.3074,8.73331,48.016
36583,4231,3882,3389,3170,6618,4661,3834,3319,9612,5401,3776,3344,5653,4446,3586,3280,4.84468,-27.4643,8.70008,48.1347
36584,3673,5121,9450,7468,3656,4306,5658,5084,3387,3598,3893,3957,3070,3243,3418,3328,-23.7998,11.3892,8.59168,48.2067
36585,4396,5682,5409,4084,4479,7243,6356,4203,3911,4464,4270,3689,3475,3589,3533,3430,-11.1511,-1.46429,8.62662,48.142
36586,3561,4065,5363,4923,3676,4719,8017,6206,3464,4101,5114,4698,3276,3536,3927,3834,-7.40598,11.1636,8.77534,48.32
36587,3460,3462,3320,3150,4032,3979,3566,3247,6304,5460,4069,3450,9254,7571,4384,3587,22.0053,-17.514,8.54603,48.1967
36588,4314,4884,4230,3633,5059,7867,5210,3917,4578,5742,4661,3723,3733,3838,3690,3455,-4.67831,-5.91652,8.92813,48.356
36589,3344,3616,4293,4433,3397,3883,5878,6714,3482,4043,6152,7103,3266,3601,4334,4727,0.988539,17.3993,8.90545,48.1773
36590,3296,3728,5181,7435,3336,3988,5530,9355,3352,3619,4342,5082,3199,3280,3597,3763,-11.8065,24.5646,8.62293,48.0553
36591,3358,3437,3288,3102,3859,3869,3661,3272,5328,6352,4483,3668,6625,8597,5065,3726,19.9794,-10.4263,8.72973,47.7933
36592,3464,3950,5425,9277,3445,3736,5126,8874,3259,3528,4053,4608,3168,3227,3432,3515,-15.6036,29.5224,8.6301,48.058
36593,8296,7919,4546,3603,5921,5761,4242,3540,3998,3990,3602,3352,3469,3511,3208,3120,-21.103,-15.577,8.77011,48.052
36594,3201,3587,3672,3707,3428,3819,4679,4292,3599,4599,7701,6299,3696,4214,6225,5663,11.2519,12.0536,8.5153,48.254
36595,12690,5856,3832,3303,6142,4651,3738,3341,3983,3795,3418,3306,3390,3408,3333,3127,-33.9105,-30.0783,8.85707,47.542
36596,4256,6550,9658,5930,3785,4571,5071,4406,3383,3667,3736,3645,3215,3357,3403,3391,-28.8293,5.35249,8.77606,48.016
36597,6690,5265,3772,3354,8976,6099,3931,3377,5291,4574,3595,3374,3750,3640,3347,3085,-9.86088,-21.2047,8.74643,48.08
36598,3692,4438,6689,6258,3590,4579,7233,6319,3458,3778,4483,4312,3152,3386,3545,3638,-14.2567,12.8717,8.61505,48.3667
36599,12748,5964,3992,3278,6036,4721,3697,3441,3944,3763,3429,3342,3351,3361,3163,3142,-29.401,-30.854,8.7871,47.5813
36600,3435,4523,8663,9384,3398,4166,5096,5598,3290,3530,3746,3854,3135,3155,3486,3371,-28.6239,16.1255,8.6919,47.8867
36601,3632,3503,3241,3113,4770,4075,3650,3306,9406,5230,3763,3439,8646,5195,3712,3347,13.5067,-31.5555,8.85955,48.0187
36602,3305,3427,3502,3615,3546,3912,4555,4188,3726,4964,7819,5474,3820,4676,6790,5275,13.1386,8.88374,8.63794,48.396
36603,3362,3911,6173,12518,3418,3737,4553,6068,3178,3571,3830,3945,3121,3212,3449,3408,-29.216,28.2395,8.71621,47.636
36604,3601,3506,3269,3086,4668,4065,3410,3199,8997,5278,3889,3338,8763,5533,3930,3412,14.8862,-24.6679,8.97409,47.9627
36605,9034,5578,3876,3397,8753,5049,3732,3395,4442,4014,3539,3258,3612,3525,3341,3234,-15.9746,-33.1948,8.54009,47.8527
36606,3528,3345,3218,3147,4317,3951,3557,3178,7313,5199,3831,3346,10263,6432,4069,3443,19.449,-23.0931,8.74406,48.0913
36607,6772,5301,3811,3391,9058,6004,3852,3431,5186,4378,3625,3224,3894,3688,3422,2983,-10.2421,-21.9696,8.66417,48.0133
36608,4710,8001,8490,4862,4056,5001,5111,4161,3593,3688,3816,3611,3297,3361,3372,3239,-26.2103,0.595248,8.60875,48.246
36609,3809,5456,9865,7036,3614,4297,5417,4910,3299,3592,3848,3697,3146,3177,3426,3316,-26.0281,10.1235,8.9909,47.9367
36610,3517,3450,3279,3116,4501,3940,3448,3147,8323,5321,3839,3393,9589,5784,3885,3352,16.6294,-24.6314,8.97012,47.9227
36611,6080,4693,3792,3397,9344,5672,3877,3419,6054,4512,3695,3318,3944,3708,3361,3159,-7.01474,-23.607,8.74048,48.0167
36612,5145,6365,4557,3768,5661,7904,5039,3680,4257,4741,4031,3424,3561,3578,3504,3183,-11.6477,-8.89458,8.51465,48.2653
36613,3365,3346,3339,3212,3691,3840,3585,3337,4550,5151,4401,3846,6460,10065,6057,3914,29.3157,-7.40975,8.93696,48.106
36614,4080,4042,3777,3282,5346,5998,4174,3549,6103,7309,4346,3540,4572,4761,3796,3426,2.95208,-12.2219,8.79303,48.0673
36615,3883,5038,7906,5972,3787,4485,6861,5554,3494,3706,4241,3961,3103,3343,3521,3482,-17.5296,9.94478,8.55636,48.2247
36616,3276,3998,6097,12454,3335,3690,4726,6048,3316,3512,3722,3942,3143,3240,3415,3467,-30.7453,27.6281,8.9634,47.5873
36617,8300,9463,5002,3676,5259,5329,4158,3542,3864,3733,3508,3373,3432,3322,3224,3023,-28.3791,-13.0596,8.9948,48.1387
36618,4511,7696,8679,5058,4080,4941,5149,4192,3485,3831,3765,3696,3239,3242,3464,3145,-27.6967,1.72234,8.54831,48.1153
36619,5837,8997,5951,4086,4754,6060,4682,3818,3854,4007,3699,3495,3283,3344,3234,3110,-20.9548,-6.48441,8.95349,48.1407
36620,3381,3978,4721,4784,3573,4429,7322,6597,3453,4165,5720,5455,3205,3518,4050,3979,-3.99527,13.4337,8.90175,48.22
36621,3074,3124,3437,3297,3357,3414,3788,3831,3359,3821,4749,6197,3362,3816,6076,12507,27.563,33.9752,8.60163,47.4727
36622,3161,3247,3435,3474,3248,3441,3919,4354,3404,3901,5135,8113,3438,3843,5827,10405,18.259,26.7191,8.67732,48.23
36623,3477,4016,5655,6430,3417,4231,7043,7879,3312,3590,4586,4767,3126,3412,3599,3760,-11.0306,16.8416,8.93982,48.2
36624,3306,3686,3828,3534,3920,4675,4798,4057,4278,6596,7404,4364,3897,4880,5172,4071,7.43836,1.36434,8.86356,48.3107
36625,3637,4829,7975,6392,3704,4439,6779,5486,3396,3711,4215,3941,3095,3380,3437,3431,-17.5028,11.2563,8.7158,47.898
36626,7746,9587,5052,3763,5127,5153,4079,3534,3858,3858,3624,3317,3375,3296,3359,3120,-31.1575,-12.2416,8.62378,47.8987
36627,3254,3125,3443,3388,3147,3419,3782,4007,3420,3888,4753,6062,3391,3910,6511,11885,33.5581,23.9952,8.53496,47.59
36628,3359,3382,3275,3192,3866,3864,3628,3333,5275,5984,4414,3656,7231,9057,5110,3817,21.955,-11.4742,8.91093,48.2953
36629,3500,4257,7428,9654,3559,4173,5486,6484,3232,3548,3862,4055,3149,3337,3403,3448,-21.6198,18.5285,8.58071,48.3833
36630,3183,3463,3687,3622,3380,3791,4703,4626,3553,4394,7666,6994,3501,4322,6065,5728,11.1177,13.3268,8.84333,48.452
36631,3392,3532,3456,3405,3796,4438,4224,3673,4634,7198,6308,4342,4486,6105,5437,4163,12.1732,-1.95461,8.99833,48.3927
36632,5275,8963,6912,4276,4380,5642,4958,3891,3698,3769,3669,3534,3365,3373,3286,3148,-23.4717,-3.97423,8.75199,48.0927
36633,3110,3256,3425,3384,3240,3338,3780,4037,3313,3876,4853,6129,3516,4105,6815,11651,26.1195,22.8986,8.6885,47.8853
36634,3624,3859,3921,3487,3879,5083,4929,3965,4333,6926,6611,4356,4095,4779,4630,3851,5.41769,-0.653638,8.89544,48.2187
36635,3113,3290,3557,3726,3252,3528,4006,4612,3305,3871,5222,8912,3339,3874,5521,8684,14.6032,26.8439,8.66403,47.8747
36636,3941,4411,3927,3443,4556,6647,4987,3825,4671,6815,5114,3763,3949,4212,3896,3623,0.214989,-5.4731,8.67281,47.8533
36637,3257,3343,3497,3497,3349,3540,4023,4193,3488,4044,6196,6987,3527,4378,6889,8171,17.2674,17.4279,8.52558,48.2527
36638,3470,4256,7698,10969,3371,3840,4882,5684,3371,3536,3708,3864,3223,3274,3438,3331,-30.2468,19.4311,8.69302,47.9433
36639,5111,5445,4027,3498,6264,8119,4626,3557,4607,5216,3938,3424,3819,3834,3445,3244,-7.9177,-11.3477,8.93136,48.116
36640,3817,3670,3303,3137,5382,4297,3594,3286,9807,5256,3791,3330,7149,4997,3707,3384,10.3926,-31.3701,8.64237,47.938
36641,9377,8470,4451,3659,5714,5242,4036,3452,3968,3906,3544,3315,3377,3344,3177,3040,-25.436,-16.2239,8.91261,48.048
36642,4353,6138,6215,4418,4258,6486,6644,4303,3727,4211,4135,3828,3359,3582,3540,3393,-13.9488,0.0938248,8.77676,48.3933
36643,3968,3954,3424,3218,5246,5122,3844,3417,7485,7021,4121,3472,5404,5065,3958,3434,6.8264,-16.1835,8.57117,48.102
36644,6612,5330,3903,3261,8672,6318,4028,3421,5248,4495,3622,3368,3932,3586,3463,3205,-10.6097,-20.0528,8.71025,48.3093
36645,3370,3352,3201,3131,4310,3880,3524,3238,7689,5044,3822,3431,10634,5859,3842,3304,19.3706,-32.0916,8.71333,47.754
36646,3248,3380,3529,3564,3484,3853,4446,3973,3812,5017,7683,5296,3839,4900,6947,5086,13.6212,7.03825,8.91237,48.038
36647,3135,3229,3343,3419,3326,3581,3949,3996,3584,4233,5959,5924,3744,4640,8466,7963,21.3624,14.092,8.73164,48.3273
36648,3719,4262,4387,3829,4132,5926,6572,4454,3939,5370,5960,4243,3716,3867,4072,3761,-1.76751,1.74795,8.53036,48.1393
36649,4070,3866,3354,3244,6188,4556,3698,3226,9676,5621,3915,3420,6040,4729,3776,3327,6.4817,-24.3863,8.91593,48.4707
36650,3296,3637,4726,6262,3359,3771,5135,9755,3332,3670,4456,6086,3175,3401,3740,3979,-7.20601,33.0242,8.60052,47.8533
36651,4622,4158,3392,3195,7593,5492,3601,3349,7993,5533,3829,3302,4834,4216,3636,3231,0.794857,-21.8141,8.99137,47.984
36652,3599,4698,7081,5878,3748,4691,7495,5726,3384,3741,4431,4097,3108,3446,3526,3483,-14.1251,9.98409,8.95265,48.088
36653,3110,3439,3637,3458,3373,3681,4428,4475,3571,4473,7153,6378,3582,4310,6755,6371,14.2777,13.0378,8.94891,48.1293
36654,3686,4002,4305,3920,3812,5252,6774,4626,3811,5089,6681,4690,3599,3919,4169,3987,-0.189383,4.8791,8.95992,48.2147
36655,3388,3335,3182,3135,4146,4034,3534,3244,7377,5063,3757,3309,11291,5857,3776,3334,20.9448,-27.0722,8.9161,47.8413
36656,3454,3421,3185,3082,4208,3751,3497,3226,7290,4947,3814,3404,11475,6049,4138,3416,21.4371,-26.1941,8.81334,48.238
36657,3177,3281,3397,3416,3260,3733,3841,3912,3508,4220,5702,5701,3597,4649,8437,8279,22.5213,14.4189,8.56685,48.0733
36658,3814,3824,3455,3192,4605,5121,3947,3366,6460,7779,4686,3598,5335,5510,4209,3550,8.74109,-12.1923,8.63094,48.3007
36659,3508,3548,3385,2978,4319,4027,3553,3270,6639,5920,4157,3494,8352,7173,4437,3538,18.5201,-17.1403,8.51482,48.1987
36660,3222,3643,4085,4034,3456,4215,6023,5272,3608,4546,7524,6138,3465,4055,4601,4483,3.31453,11.5673,8.95916,48.2467
36661,3160,3209,3329,3334,3319,3557,3855,3738,3685,4452,5819,5001,3925,5524,9451,6663,23.2467,9.12324,8.96276,48.014
36662,4078,4556,3897,3490,5216,7171,4655,3594,4963,6829,4624,3669,4124,4244,3810,3418,-0.982431,-8.91217,8.67041,48.2253
36663,3586,3571,3332,3173,4390,4382,3638,3359,7148,7195,4298,3460,6520,6208,4295,3522,12.7955,-15.1214,8.93057,48.0513
36664,3048,3302,3350,3375,3265,3481,3848,3960,3400,3922,5079,5983,3452,4278,7809,10586,25.7667,19.7503,8.55037,48.092
36665,8376,5726,3934,3351,8806,5575,3791,3388,4726,4263,3553,3233,3592,3610,3245,3048,-14.4171,-23.557,8.64447,48.1447
36666,9675,6057,3950,3334,7800,5402,3954,3421,4333,4015,3603,3226,3559,3456,3236,3079,-18.0265,-22.9344,8.89341,48.0667
36667,3288,3507,3527,3429,3749,4180,4345,3814,4195,6458,7089,4451,4225,5648,5976,4452,12.6164,1.133,8.94536,48.222
36668,5094,4316,3624,3279,8947,4986,3814,3350,7664,4676,3822,3367,4302,3933,3477,3217,-2.03162,-30.3652,8.85583,47.912
36669,3290,3246,3424,3229,3450,3686,3760,3628,3960,4987,5605,4551,4321,6756,9167,5375,23.5908,4.06484,8.64786,48.29
36670,3288,3455,3356,3230,3898,3935,3737,3439,5402,6907,4758,3660,6093,8146,5225,3918,17.4653,-9.10543,8.96694,48.298
36671,10039,5757,3924,3340,8018,5148,3731,3446,4409,4054,3544,3155,3546,3480,3275,3162,-18.2155,-26.7092,8.61149,48.0187
36672,4292,7207,8676,5198,4102,5049,5390,4298,3458,3753,3720,3555,3183,3326,3340,3353,-23.4832,2.65753,8.71331,47.9333
36673,3709,3743,3558,3282,4612,5154,3942,3577,6001,8341,4663,3751,4932,5524,4326,3627,7.99036,-10.4044,8.86447,48.4947
36674,11744,5850,3991,3450,7083,4847,3812,3410,4017,3876,3527,3176,3446,3350,3221,3234,-21.9646,-30.8851,8.64537,48.0227
36675,3781,5258,9290,7302,3748,4224,5625,5181,3426,3570,3895,3866,3146,3290,3350,3445,-24.0848,11.006,8.74646,48.2647
36676,6007,9871,6142,4093,4614,5256,4458,3788,3686,3867,3625,3353,3379,3427,3350,3220,-30.2206,-6.6003,8.7808,48.0907
36677,5647,4865,3820,3303,8405,6296,3897,3404,5957,4958,3822,3331,4257,3873,3553,3255,-5.93903,-19.4404,8.51848,48.4287
36678,12614,5916,3985,3517,5981,4712,3714,3401,3975,3620,3346,3269,3386,3379,3263,3155,-31.667,-30.4163,8.56226,47.4887
36679,3200,3471,3201,3329,3664,3750,3701,3588,4317,5268,4775,3963,5373,9065,7077,4224,26.7296,-3.4858,8.54588,47.9773
36680,3319,3869,5413,6964,3351,3943,5957,9173,3286,3649,4389,5345,3103,3405,3679,3600,-10.7865,22.0688,8.98901,48.2967
36681,3220,3375,3338,3273,3440,3839,3696,3502,4357,5242,5205,4138,4933,7931,7703,4666,22.7928,-0.583735,8.51471,47.9053
36682,3328,3460,3572,3484,3533,3844,4340,4164,3663,4888,7436,5499,3781,4831,7015,5342,14.0033,8.58895,8.58588,48.12
36683,11158,5816,3931,3477,7347,5015,3822,3343,4313,3783,3531,3147,3464,3437,3227,3007,-20.4749,-28.2924,8.57378,47.8787
36684,3374,3510,3356,3179,3956,3950,3695,3409,5448,6649,4583,3666,6333,8462,5090,3825,18.9352,-10.0784,8.84381,48.3233
36685,6539,7241,4500,3575,6087,6849,4395,3708,4101,4385,3700,3411,3496,3501,3319,3230,-15.9919,-12.5876,8.59752,48.0247
36686,3374,3808,4908,6135,3444,4016,6425,8715,3325,3758,4712,5431,3170,3457,3846,3962,-8.1373,20.1441,8.90581,48.324
36687,3888,4678,4801,3999,4260,6600,6848,4430,3984,4924,4991,4099,3503,3768,3881,3540,-6.18393,0.988022,8.55802,48.1293
36688,3547,3455,3257,3258,4152,3882,3626,3283,7778,4868,3894,3457,10534,5627,3922,3340,18.9766,-30.3721,8.51977,47.92
36689,11838,6753,4077,3323,5872,4793,3796,3356,3864,3799,3436,3291,3398,3387,3233,3086,-32.8767,-22.5933,8.98156,47.5347
36690,3294,3545,3748,3596,3526,4204,5036,4210,3820,5356,8212,5377,3769,4479,5719,4589,8.5552,7.60273,8.95496,48.32
36691,4612,4239,3703,3282,7066,5811,3841,3498,7131,5756,4009,3356,4645,4215,3623,3319,0.0119309,-18.7972,8.5782,48.0707
36692,3307,3368,3171,3062,4017,3866,3533,3299,6522,4938,3824,3362,11493,6681,4042,3397,23.4398,-23.1117,8.80971,47.9213
36693,3316,3567,3902,3763,3405,3999,5662,4959,3606,4535,7967,6304,3446,3996,4971,4777,5.32155,11.7705,8.96924,48.1167
36694,3238,3581,4105,4894,3327,3801,5036,8200,3229,3621,4966,8401,3304,3612,4108,4783,-0.181427,26.8794,8.97359,48.1373
36695,3459,3871,5980,12551,3292,3852,4680,6203,3209,3391,3775,3949,3207,3217,3393,3413,-27.328,29.2793,8.50754,47.628
36696,3376,3838,5875,12388,3375,3729,4727,5986,3206,3330,3619,3860,3240,3371,3388,3430,-33.4796,33.0543,8.89001,47.1587
36697,9602,5584,3911,3322,8313,4917,3784,3510,4308,3978,3521,3294,3560,3497,3223,3135,-17.0007,-33.5089,8.66413,47.6393
36698,11668,5977,3993,3399,7061,4827,3658,3414,4101,3859,3380,3196,3476,3387,3285,3205,-22.7048,-28.0511,8.57533,47.924
36699,5040,8719,7776,4595,4392,5117,4800,4029,3507,3724,3815,3593,3245,3352,3357,3240,-27.235,-1.62992,8.8394,48.2007
36700,3478,3539,3473,3291,4199,4615,3964,3510,5504,8106,5230,3813,5119,6332,4617,3731,11.4167,-8.06897,8.73369,48.3473
36701,8766,8449,4676,3727,5798,5524,4119,3563,3917,3945,3466,3151,3361,3407,3171,3301,-23.0013,-15.2486,8.78345,48.2273
36702,3458,3891,5828,8533,3452,3939,5751,8390,3129,3520,4202,4544,3110,3252,3480,3658,-14.899,21.7229,8.72322,48.0913
36703,10219,6370,3974,3297,7473,5286,3842,3422,4270,3994,3571,3255,3402,3413,3196,3174,-19.5538,-23.4314,8.86556,48.1053
36704,3346,3435,3328,2995,4097,3827,3438,3254,6409,5158,3998,3419,10459,7205,4279,3387,22.6467,-20.2726,8.74871,48.0227
36705,4393,4983,4075,3499,5611,8088,4782,3786,4692,5615,4290,3586,3921,3985,3679,3341,-4.92118,-9.35234,8.7002,48.2173
36706,3201,3348,3429,3271,3493,3997,3854,3722,4077,5153,6188,4460,4266,6317,8299,5310,19.7615,3.64018,8.73812,48.2567
36707,4001,4095,3521,3333,5382,5454,4027,3455,6997,7275,4219,3511,4950,4905,3914,3496,4.78351,-14.6464,8.84178,48.3567
36708,4034,4257,4017,3556,4681,6796,5277,3890,4562,6661,4956,3780,3921,4212,3941,3699,-0.0558435,-4.98792,8.72164,48.16
36709,3728,4416,4805,4318,3797,5434,7904,5071,3668,4477,5828,4425,3453,3795,3929,3756,-4.95918,6.04114,8.71902,48.536
36710,3101,3269,3490,3358,3216,3401,3894,3944,3438,3832,4809,6894,3338,3850,5719,12145,22.767,31.3715,8.91489,47.7987
36711,3206,3323,3540,3564,3410,3608,4297,4158,3661,4465,6988,6154,3607,4580,7021,6413,15.2228,12.6605,8.84817,47.9967
36712,3069,3261,3421,3388,3209,3434,3873,3948,3438,3876,4976,6236,3461,3993,7111,10943,24.7737,21.4915,8.53377,47.758
36713,4813,4126,3559,3381,8356,4956,3787,3299,8368,4908,3840,3279,4623,4018,3566,3230,-0.118504,-33.2305,8.8976,48.0727
36714,3047,3162,3417,3440,3273,3518,3850,3932,3416,4125,5429,5814,3478,4559,8210,9398,24.054,16.8993,8.77108,48.0453
36715,3221,3435,3330,3134,3611,3830,3690,3487,4399,5191,4825,4078,5301,9134,7236,4504,27.6822,-3.2667,8.61275,48.2707
36716,4117,5365,5469,4159,4294,6777,6855,4393,3737,4409,4582,3739,3405,3564,3661,3397,-10.4417,0.338817,8.9977,47.9487
36717,3332,3415,3212,3128,3919,3730,3413,3260,5916,4807,3815,3387,12196,6871,3997,3452,31.8009,-23.2522,8.94737,47.9
36718,3251,3391,3354,3158,3768,3873,3712,3502,4738,5783,4724,3771,5789,9245,6206,4170,22.9153,-6.17019,8.56343,48.29
36719,3402,3883,5142,5803,3401,4138,6583,8237,3312,3760,4728,5399,3103,3385,3774,3960,-8.0894,18.6239,8.58581,48.0067
36720,4997,5496,4353,3577,5788,8378,4919,3806,4518,5089,4151,3424,3733,3814,3524,3194,-8.29393,-9.95902,8.79827,48.5073
36721,3289,3758,4666,6182,3399,3758,5307,9862,3329,3567,4397,6168,3273,3390,3789,4140,-7.09156,28.1387,8.68735,48.1827
36722,3135,3370,3271,3487,3246,3514,4020,4236,3541,4092,6032,6674,3549,4352,7152,8457,18.4506,17.4375,8.96701,48.0853
36723,5976,9731,6288,4113,4498,5379,4514,3761,3700,3831,3679,3485,3349,3347,3221,3211,-27.5795,-6.10171,8.74202,48.0553
36724,5383,9140,6889,4299,4570,5319,4594,3910,3662,3902,3701,3550,3375,3483,3299,3193,-33.3791,-4.12669,8.52015,48.1793
36725,3366,3600,3992,3769,3578,4257,5471,4552,3720,4954,8153,5582,3589,4153,5150,4466,6.4396,8.50972,8.79315,48.2347
36726,3316,3429,3368,3205,3685,3773,3687,3389,4509,5253,4595,3846,5569,9425,6685,4289,31.8128,-4.7855,8.7832,48.0153
36727,3316,3336,3277,3257,3934,3774,3357,3228,5852,4711,3730,3306,12789,6031,3847,3445,31.7623,-30.5193,8.91562,47.46
36728,3302,3353,3304,3241,3723,3845,3577,3418,4644,5756,4615,3855,6065,9395,6037,4080,23.767,-6.5865,8.75118,48.14
36729,3098,3305,3446,3343,3402,3696,3988,3967,3585,4057,5695,5528,3811,4714,8873,7962,22.4916,13.5956,8.81716,48.3133
36730,4357,4449,3716,3390,6103,7004,4297,3486,5783,6649,4287,3485,4165,4231,3653,3348,-0.835708,-12.9711,8.96555,48.2687
36731,4113,3795,3387,3225,6230,4544,3707,3307,9750,5283,3833,3368,5991,4594,3715,3314,6.66536,-30.0868,8.56987,48.104
36732,4486,6510,5894,4220,4513,6794,6046,4233,3800,4174,4103,3754,3433,3534,3493,3356,-14.6838,-1.56741,8.59968,48.2287
36733,3624,3506,3219,3141,4708,4177,3590,3209,9091,5164,3723,3425,8905,5437,3917,3333,14.7217,-29.0511,8.81053,48.1127
36734,3441,3326,3293,3125,3973,3701,3526,3162,6114,4874,3798,3417,12091,6638,3985,3383,27.0361,-24.605,8.82927,47.898
36735,4410,7412,9117,5277,4018,4641,5083,4317,3415,3636,3711,3675,3257,3410,3387,3219,-31.17,2.92188,8.8729,47.99
36736,11483,6199,4041,3345,7003,5040,3737,3373,4145,3837,3460,3119,3404,3420,3234,3051,-22.4176,-25.4006,8.76697,47.9273
36737,3456,3778,3689,3635,3903,4843,5018,3976,4158,6564,7184,4400,3973,4802,4969,4063,6.59618,0.963676,8.79507,48.274
36738,3191,3198,3465,3430,3255,3498,3839,4054,3487,3777,4915,6019,3427,4062,6881,11626,27.0793,22.6788,8.55092,48.0827
36739,6700,9947,5565,3790,4854,5210,4456,3749,3675,3838,3580,3357,3348,3405,3302,3239,-31.9667,-8.85152,8.8575,48.01
36740,3316,3285,3268,3140,3867,3731,3393,3280,6121,4841,3765,3363,12284,6087,3979,3442,27.8399,-33.3349,8.77682,47.4413
36741,3370,4046,6714,10721,3409,3855,5122,6789,3259,3496,3933,4112,3115,3282,3499,3417,-22.0094,22.7745,8.55925,48.0927
36742,3295,3897,5378,8296,3443,3944,5437,9116,3325,3527,4086,4946,3107,3278,3539,3640,-13.5239,25.696,8.74333,48.1693
36743,3678,3617,3322,3068,4860,4283,3661,3253,8728,5837,3926,3403,7593,5628,3835,3376,13.365,-21.5055,8.6092,48.0453
36744,7750,5209,3699,3392,9543,5408,3832,3331,5160,4229,3701,3302,3694,3531,3371,3067,-11.7451,-26.1039,8.89477,48.146
36745,9666,8592,4526,3440,5674,5244,4013,3543,3788,3880,3536,3258,3448,3317,3232,3047,-26.7055,-16.4391,8.86458,48.136
36746,3216,3568,4387,5219,3416,3868,5148,9046,3288,3743,4717,7223,3239,3336,3918,4513,-2.98066,28.3504,8.56503,47.8967
36747,5507,4528,3654,3261,9046,5251,3857,3319,6987,4640,3714,3232,4392,3993,3446,3247,-3.96293,-26.2603,8.6298,48.0493
36748,3131,3383,3637,3547,3490,3798,4627,4184,3761,4714,7838,6093,3724,4520,6328,5532,11.979,10.8144,8.73447,48.2047
36749,3338,3404,3213,3096,3775,3858,3697,3410,4473,5800,4704,3849,5743,9408,6280,4174,22.9739,-5.65173,8.93587,48.148
36750,3302,3747,5119,7585,3348,3814,5382,9669,3319,3468,4229,5156,3134,3442,3500,3720,-11.6659,26.3915,8.9053,47.956
36751,3338,4000,6479,12094,3328,3886,4837,5964,3222,3400,3750,3920,3094,3265,3455,3375,-32.7441,23.9369,8.89493,47.6047
36752,3364,3409,3285,2966,3985,3810,3497,3183,5902,4847,3927,3360,11813,7009,4224,3429,30.5494,-22.6974,8.60111,48.0067
36753,3829,3675,3388,3274,4879,4907,3842,3476,6807,7582,4420,3597,5331,5534,4159,3604,8.70538,-13.6852,8.74129,48.2027
36754,3705,3525,3326,3160,5230,4090,3542,3225,9888,5296,3816,3394,7756,5020,3764,3343,11.4587,-29.6909,8.85157,48.0533
36755,12927,6035,3994,3373,6199,4785,3726,3424,3896,3818,3447,3237,3324,3311,3227,3138,-27.6028,-33.1373,8.8966,47.9073
36756,7942,5077,3851,3309,9770,5192,3884,3275,5205,4097,3626,3259,3675,3599,3306,3121,-11.9794,-30.6663,8.89314,48.1253
36757,3222,3244,3506,3341,3296,3547,3796,3828,3627,4120,5269,5310,3677,4817,9058,8339,32.7058,13.6388,8.54322,47.998
36758,3435,3535,3173,3080,4308,3919,3422,3206,7857,5092,3772,3356,10427,5981,3990,3371,18.9186,-25.4203,8.86253,47.9493
36759,3369,3458,3334,3181,3977,4154,3474,3251,5792,5962,4214,3564,7605,8235,4638,3731,20.1786,-13.6596,8.56139,47.9593
36760,3548,3401,3213,3106,4405,4048,3538,3134,7641,5228,3884,3460,9868,6117,3944,3543,18.3315,-22.9527,8.97918,48.052
36761,3797,5508,9765,6890,3711,4287,5448,4982,3282,3580,3809,3649,3184,3325,3411,3401,-26.1517,9.70538,8.57195,48.0193
36762,3451,3468,3267,3122,4300,3971,3535,3210,7826,5323,3811,3405,10066,6215,3965,3305,18.3834,-23.6511,8.94823,48.16
36763,3662,3862,3712,3374,4348,5129,4139,3539,5484,7995,5005,3805,4889,5584,4461,3746,8.18302,-8.33577,8.54689,48.4893
36764,3685,3810,3530,3344,4551,5179,4137,3519,5836,8086,4825,3781,4715,5355,4245,3615,7.06096,-9.83136,8.59471,48.142
36765,4321,4299,3721,3328,6096,5844,4047,3515,6756,6411,4135,3496,4658,4567,3702,3389,1.58551,-15.5926,8.59546,48.19
36766,4257,6826,9444,5713,3898,4662,5199,4386,3504,3614,3864,3550,3107,3361,3258,3224,-28.8407,4.45666,8.67867,47.9113
36767,12325,6465,3979,3304,5948,4825,3822,3314,3986,3741,3453,3134,3386,3450,3163,3107,-32.3265,-24.5538,8.96777,47.6013
36768,7023,5431,3861,3365,9000,6091,3907,3334,5030,4453,3611,3296,3835,3599,3341,3109,-10.9937,-20.4956,8.80138,48.1907
36769,3811,3950,3701,3368,4307,5651,4513,3695,5045,7736,5303,3806,4290,4940,4385,3619,5.034,-6.03292,8.63121,48.08
36770,3138,3292,3377,3320,3571,3787,3731,3519,3975,4731,4974,4328,4623,7428,9181,5269,27.4299,2.66253,8.64352,48.1627
36771,10636,7649,4306,3422,5666,4984,3910,3423,4006,3761,3457,3257,3395,3492,3217,3121,-31.286,-18.9944,8.54988,47.8013
36772,3343,3728,3869,3837,3548,4037,5810,4919,3590,4769,8094,5778,3486,4220,4955,4568,4.80604,10.2668,8.87926,48.3673
36773,4119,4360,4196,3566,4658,7031,5234,3852,4523,6380,5013,3834,3867,4192,3864,3554,-1.60374,-4.69504,8.80899,48.162
36774,3981,5763,8508,5607,3770,4784,6467,4852,3473,3670,3969,3708,3256,3349,3419,3336,-19.0817,6.68745,8.87009,47.9413
36775,3462,4451,8074,8294,3535,4237,5844,6025,3252,3654,3892,3902,3197,3247,3411,3300,-20.5019,15.4075,8.82557,47.8513
36776,3963,3818,3457,3111,5897,4425,3637,3295,10037,5295,3763,3417,6494,4741,3581,3312,7.81816,-28.6308,8.99015,48.162
36777,12531,6153,3884,3393,6198,4717,3842,3455,3960,3753,3472,3176,3438,3429,3250,3151,-29.9006,-30.0909,8.54363,47.868
36778,3343,3437,3646,3584,3458,3845,4573,4238,3688,4898,7849,5809,3563,4471,6360,5227,11.5721,9.7396,8.58208,47.9927
36779,3564,3591,3331,3160,4673,4248,3607,3181,8624,5866,3972,3417,7888,5801,3906,3330,13.8031,-21.5902,8.85479,48.106
36780,7270,9572,5179,3655,5049,5555,4297,3631,3862,3864,3675,3316,3296,3322,3298,3087,-25.9557,-11.0395,8.73944,47.952
36781,3438,3378,3314,3240,3924,3781,3425,3210,5872,4864,3710,3325,12080,6914,4011,3424,32.2112,-22.6515,8.88982,47.94
36782,3071,3211,3342,3383,3387,3352,3796,3979,3348,3637,4990,5979,3364,4079,6615,12031,33.5688,24.0447,8.89995,47.7093
36783,3061,3291,3600,3675,3179,3469,4203,5068,3319,3869,5399,9408,3373,3887,5312,8011,12.6675,26.9172,8.74923,48.0827
36784,5189,6522,4890,3719,5476,7926,5090,3729,4014,4475,3956,3512,3523,3564,3487,3127,-12.7612,-7.87977,8.89408,48.1327
36785,3106,3214,3377,3474,3225,3515,3938,4121,3344,3742,5020,6868,3383,3882,5886,11519,22.4126,29.9855,8.57291,47.7427
36786,5855,7655,4956,3808,5533,7445,4864,3762,4093,4220,3765,3452,3463,3425,3370,3207,-15.7076,-9.19948,8.8708,48.582
36787,3139,3476,3736,3846,3302,3567,4641,5460,3394,3898,6180,9230,3317,3821,4861,6218,8.50862,21.0502,8.91672,48.0573
36788,5644,8859,6009,4079,4698,6278,4809,3898,3724,3786,3690,3430,3370,3411,3349,3202,-20.3533,-6.03944,8.95956,48.1573
36789,12048,6920,4057,3396,5902,4977,3876,3411,3828,3819,3503,3201,3424,3338,3138,3026,-27.9641,-23.3782,8.86957,47.9093
36790,3017,3268,3445,3477,3388,3474,3957,4226,3478,3910,5515,6780,3586,4287,7212,9331,19.7501,18.8128,8.92618,48.234
36791,3568,3541,3504,3352,4076,4745,4140,3635,4834,7851,5918,3970,4481,5665,4852,3871,10.0376,-4.64459,8.81719,48.002
36792,3025,3213,3476,3485,3226,3652,4146,4316,3546,4138,5982,6562,3597,4305,7274,8108,18.0749,16.6056,8.76469,48.034
36793,3567,3979,4021,3816,3917,5223,5937,4213,4054,5934,6739,4499,3680,4318,4373,3911,2.01161,2.55354,8.67284,48.1207
36794,3140,3240,3435,3421,3240,3592,4105,4458,3504,4062,6077,7329,3476,4267,6783,8086,16.5581,17.9192,8.87939,48.1433
36795,3508,3332,3211,3125,3950,3729,3369,3276,5900,4648,3662,3384,12847,6007,3843,3393,32.0546,-31.2235,8.83713,47.456
36796,10132,7762,4364,3365,6173,5201,3947,3510,3958,3821,3555,3206,3461,3514,3157,3119,-23.6612,-18.5926,8.89585,48.1633
36797,3597,3843,3918,3769,3800,4754,5428,4144,4108,6050,7546,4595,3814,4377,4617,4096,4.62242,3.25935,8.76815,48.304
36798,9781,5530,3861,3350,8273,5031,3817,3488,4451,3962,3413,3162,3520,3521,3303,3213,-17.2104,-28.3166,8.52415,47.784
36799,6941,4947,3837,3277,9877,5195,3782,3416,5212,4376,3684,3296,3854,3734,3340,3190,-9.82436,-33.1614,8.82682,47.972
36800,3074,3307,3537,3542,3348,3671,4334,4270,3585,4350,7245,6415,3612,4696,6968,6382,14.8047,13.1454,8.82805,48.224
36801,3086,3331,3388,3346,3173,3436,3801,3843,3406,3771,4833,6089,3361,4029,6438,12349,28.4482,25.4271,8.59937,47.7867
36802,3367,3260,3250,3080,3823,3804,3534,3335,5361,5307,4137,3612,8873,9070,4721,3489,26.1884,-14.691,8.81039,48.0153
36803,4040,3966,3560,3257,5806,5593,3843,3385,7364,6767,4252,3458,5037,4801,3870,3370,4.25759,-16.221,8.63773,48.246
36804,3317,3983,5938,10878,3405,3815,5339,7420,3195,3412,3924,4227,3135,3301,3469,3504,-20.3643,26.6066,8.7208,48.1747
36805,3166,3196,3411,3335,3280,3557,3820,3866,3421,3814,4832,5983,3376,4060,6868,11844,30.1727,22.8807,8.74927,47.886
36806,3503,4202,5988,6499,3588,4329,6970,7358,3342,3811,4368,4696,3203,3299,3556,3648,-12.2705,15.8009,8.928,48.24
36807,3450,3504,3406,3214,4026,4226,3741,3377,5422,7061,4851,3805,5881,7576,5078,3769,16.2138,-9.03775,8.70747,48.258
36808,3454,3890,5718,10455,3433,3818,5017,7858,3197,3595,3936,4362,3112,3199,3442,3461,-18.8975,28.5642,8.58479,47.9647
36809,3201,3447,3627,3689,3476,3903,4680,4261,3616,4757,7965,6026,3677,4613,6220,5244,10.8821,10.241,8.66005,48.268
36810,3905,3876,3562,3226,5322,5372,3888,3450,6767,7404,4413,3530,4979,4858,3998,3476,5.34886,-14.1499,8.761,48.0173
36811,3238,3582,4682,6302,3431,3732,5330,9863,3266,3705,4554,6287,3288,3415,3728,4103,-6.96162,28.0155,8.83282,48.3373
36812,12203,6458,3865,3360,5930,4927,3774,3308,3987,3705,3526,3233,3366,3427,3291,3094,-33.0719,-24.0073,8.89318,47.636
36813,3340,3862,5300,8850,3494,3777,5190,9050,3381,3565,4042,4661,3120,3306,3472,3567,-14.4345,32.9561,8.9131,47.9847
36814,3943,4384,4604,3875,4259,6661,6502,4142,3989,5547,5254,3921,3714,3868,3947,3625,-3.7899,-0.494319,8.63974,48.1567
36815,4524,7655,8981,5100,4051,4852,5154,4337,3470,3776,3811,3600,3289,3348,3284,3180,-27.6509,2.02251,8.82657,48.2747
36816,3144,3296,3352,3356,3461,3658,3913,3657,3824,4617,5373,4546,4109,6281,9755,5891,33.9742,6.08154,8.56828,48.1553
36817,3293,3797,4692,6172,3353,3836,5629,9809,3257,3728,4557,6094,3174,3365,3794,3977,-6.90612,24.173,8.96366,48.3513
36818,3357,3370,3216,3179,3845,3823,3471,3316,6281,4787,3848,3330,12363,6112,3904,3457,25.5235,-33.7264,8.62592,47.7727
36819,10593,5887,3991,3339,7691,5037,3911,3433,4126,3928,3373,3239,3512,3484,3296,3050,-18.9218,-25.6434,8.77794,47.9267
36820,3074,3281,3429,3198,3640,3774,3903,3489,4068,5156,5217,4242,4650,7794,8295,4955,25.082,0.6941,8.6717,48.11
36821,3575,3512,3336,3195,4328,4288,3722,3303,6657,6956,4290,3504,6911,6748,4324,3437,15.0175,-14.7402,8.94319,48.0573
36822,4630,6556,6330,4293,4344,6553,6319,4261,3703,4214,4156,3715,3248,3531,3481,3362,-14.9215,-0.452062,8.89313,48.464
36823,3430,3662,3582,3344,3914,4618,4215,3502,4823,7704,5729,3992,4694,6040,5092,3995,11.2008,-4.44649,8.67698,48.224
36824,3251,3322,3367,3360,3427,3745,3777,3652,3837,4690,5071,4406,4283,6704,9814,5597,29.6009,4.94681,8.97993,48.202
36825,3321,3763,4999,6489,3430,3815,5980,9341,3274,3558,4396,5613,3083,3292,3776,3892,-9.04672,22.9031,8.84733,48.0147
36826,3390,4176,7726,10912,3363,3802,5054,5679,3180,3430,3870,3933,3043,3329,3409,3421,-33.9379,19.525,8.95215,47.8113
36827,3264,3413,3711,3941,3209,3740,4779,5614,3404,3886,5994,9131,3334,3732,4870,6210,7.86871,21.2744,8.89164,48.1547
36828,12498,5889,3933,3355,5889,4760,3781,3356,3846,3762,3466,3257,3369,3350,3136,3190,-31.5417,-31.5324,8.66659,47.2247
36829,5821,8521,5405,4094,4800,6803,4759,3761,3786,4145,3758,3431,3407,3524,3362,3208,-18.4843,-7.15875,8.9962,48.39
36830,3240,3293,3550,3765,3264,3556,4272,5102,3344,3845,5739,9106,3349,3870,5313,7369,11.843,22.8841,8.88805,47.9847
36831,3421,3383,3334,3214,3880,3722,3447,3279,5816,4714,3725,3325,12504,5994,3978,3368,32.3729,-33.7261,8.69353,47.4027
36832,3362,3345,3246,3042,3888,3870,3595,3201,6240,5031,3859,3380,11318,7125,4161,3362,24.7711,-21.3854,8.98532,48.0167
36833,5156,9090,7142,4418,4387,5108,4759,3947,3560,3774,3797,3478,3325,3391,3269,3152,-33.6725,-2.96558,8.67756,47.8353
36834,3585,4343,7481,9227,3529,4072,5491,6527,3318,3527,3872,4049,3103,3367,3368,3445,-21.3708,17.735,8.50882,48.2027
36835,3333,3318,3310,3195,3677,3798,3715,3510,4507,5419,4670,4038,5486,9247,6799,4224,25.7617,-4.38923,8.53531,48.164
36836,3164,3142,3462,3516,3366,3537,3826,3857,3417,4001,5480,5830,3484,4566,8325,9267,24.5396,16.158,8.78107,48.16
36837,3583,3873,3746,3396,4023,5219,4897,3844,4456,7085,6544,4293,4032,4864,4730,3917,5.86021,-1.20101,8.58737,48.3347
36838,5698,7583,5064,3871,5417,7172,4720,3834,3914,4107,3846,3521,3386,3482,3403,3215,-16.1757,-8.67902,8.7618,48.1553
36839,3373,3656,4033,4038,3520,4170,5928,4844,3619,4655,7648,5766,3548,3977,4959,4620,3.7976,9.93741,8.52061,48.236
36840,6651,10157,5565,3785,4820,5196,4359,3610,3665,3778,3579,3344,3337,3393,3347,3107,-28.134,-8.61735,8.75763,47.7953
36841,3320,3340,3384,3282,3513,3901,4001,3591,4198,5854,5992,4330,4550,6976,7209,4791,18.2314,0.618888,8.81559,48.1547
36842,5030,6410,4793,3900,5314,7867,5187,3867,4223,4604,3983,3491,3551,3585,3427,3219,-11.943,-7.44455,8.54859,48.3007
36843,3703,3588,3428,3275,4611,4949,3833,3462,6575,7864,4455,3575,5580,5841,4186,3522,9.61075,-12.7508,8.83098,48.298
36844,3247,3525,3695,3662,3470,3932,4786,4321,3632,4689,7854,6044,3598,4477,6023,5278,10.7703,10.5344,8.57667,48.1553
36845,7186,5839,4085,3319,8510,6222,4064,3392,4797,4167,3700,3252,3698,3593,3264,3129,-12.4369,-19.8758,8.76139,48.1447
36846,11414,5945,4004,3337,7073,5028,3838,3401,4025,3760,3504,3312,3410,3309,3227,3135,-21.6712,-33.7324,8.56975,47.8147
36847,3223,3412,3505,3466,3476,3851,4426,3971,3803,4990,7532,5273,3899,5016,7090,5260,14.6597,7.27867,8.89727,48.1287
36848,3401,3358,3177,3129,3971,3737,3427,3278,6762,4814,3711,3383,12326,5880,3818,3416,23.9773,-31.005,8.89575,47.7253
36849,5046,4355,3756,3217,8590,5379,3876,3332,7258,4984,3783,3337,4508,4066,3500,3264,-2.3003,-24.5112,8.57694,48.1673
36850,4068,3686,3365,3186,6116,4627,3702,3204,9765,5613,3798,3328,5960,4667,3652,3249,6.7546,-25.3169,8.90657,47.9907
36851,4730,4158,3548,3285,8401,4913,3858,3408,8257,4912,3755,3367,4668,4183,3535,3186,-0.241174,-33.7055,8.96783,48.1093
36852,3422,3975,6297,11321,3426,3830,5026,7076,3230,3458,3814,4106,3111,3248,3332,3446,-22.0099,25.695,8.90248,48.0787
36853,3319,3678,4923,6882,3484,3859,5152,9953,3205,3603,4374,5619,3097,3412,3664,3799,-9.62671,28.468,8.77327,48.0153
36854,4066,4312,3893,3521,4962,6852,4848,3679,4928,6867,4695,3608,4004,4364,4030,3527,0.103205,-7.42143,8.8686,48.104
36855,3334,3526,4082,4622,3280,3622,4782,7662,3387,3766,4993,8776,3352,3583,4326,5014,1.74756,31.7252,8.60895,48.0713
36856,3257,3644,4227,4347,3360,3955,5670,6322,3402,4172,6332,7163,3338,3715,4535,4646,1.93706,17.0431,8.50024,48.0567
36857,3345,3460,3219,3145,3946,3897,3562,3363,5596,5662,4094,3561,8354,8761,4754,3556,23.2663,-14.456,8.85988,48.1833
36858,5312,5489,4151,3513,6672,7851,4459,3629,4741,4882,3790,3451,3815,3755,3438,3355,-9.02071,-13.2098,8.748,48.202
36859,6240,5904,4196,3363,7381,6961,4265,3509,4781,4578,3800,3352,3769,3728,3376,3177,-11.6256,-15.9109,8.5023,48.2533
36860,6278,5427,3971,3537,8406,6606,4080,3399,5186,4539,3739,3323,3822,3689,3478,3136,-9.50429,-18.3986,8.75977,48.4107
36861,3089,3209,3492,3567,3162,3473,3937,4252,3371,3849,5248,7996,3444,3933,5956,10015,17.9802,25.6597,8.66461,47.9953
36862,3269,3656,4409,5385,3333,3779,5162,9359,3318,3663,4648,7225,3201,3426,3978,4363,-3.42042,29.4883,8.86718,48.116
36863,3327,4094,6406,10509,3460,3828,5188,7179,3247,3604,3876,4124,3034,3247,3365,3412,-20.1702,23.4439,8.60205,47.9333
36864,3432,4150,6848,10792,3345,3954,5127,6562,3237,3556,3753,4042,3007,3254,3403,3453,-22.4014,21.4955,8.7767,47.9433
36865,3358,3989,6060,11425,3447,3776,4993,7044,3214,3415,3840,4054,3223,3191,3403,3428,-22.0587,32.66,8.70779,47.9067
36866,3719,4729,7662,6435,3720,4492,6827,5762,3509,3655,4223,4058,3106,3360,3379,3413,-17.0587,11.7866,8.82807,48.0327
36867,3446,3373,3203,3079,3931,3805,3427,3246,6029,4784,3786,3395,12356,6640,3975,3447,30.8276,-24.1784,8.86891,47.948
36868,8055,7976,4557,3556,5886,6089,4216,3566,4131,3799,3574,3277,3390,3363,3233,3132,-19.75,-14.7481,8.97986,47.8667
36869,6485,8026,4935,3693,5640,6717,4488,3647,4045,4155,3706,3308,3396,3539,3409,3159,-17.6961,-11.0758,8.59284,48.232
36870,3379,3901,5921,11356,3335,3884,4883,7208,3252,3471,3867,4120,3235,3223,3459,3318,-21.2931,31.3879,8.65969,47.8747
36871,4082,6861,9485,5462,3967,4671,5130,4394,3383,3737,3839,3770,3306,3372,3427,3312,-33.3643,4.09379,8.73012,48.132
36872,3751,3842,3621,3384,4476,5491,4400,3493,5294,8128,5176,3805,4548,5092,4292,3639,5.97413,-7.57165,8.91603,48.288
36873,3505,3385,3240,3126,4369,3984,3428,3298,8325,5152,3672,3393,10048,5686,3794,3338,17.1836,-28.3361,8.99392,47.8287
36874,3370,3696,3647,3514,3999,4766,4425,3790,4584,7367,6430,4031,4191,5503,4954,3930,9.1632,-2.08599,8.66114,48.1313
36875,3129,3246,3423,3370,3438,3560,3894,3912,3530,4214,5562,5682,3598,4811,8606,8260,23.0584,14.1868,8.93765,48.1567
36876,3351,3961,5928,10123,3447,3851,5355,8021,3144,3539,3846,4308,3046,3231,3452,3446,-18.0589,25.2676,8.88894,48.0327
36877,3357,3383,3178,3169,3722,3840,3647,3557,4373,5138,4565,4098,5507,9261,6888,4398,29.0454,-4.03556,8.56435,48.054
36878,3445,4215,5949,6273,3538,4212,7060,7341,3426,3696,4567,4683,3096,3340,3713,3603,-11.9324,15.5561,8.66033,48.1047
36879,3062,3208,3324,3464,3198,3623,3720,3791,3388,3911,4969,6257,3433,3992,6587,11942,25.8648,23.7608,8.78117,47.9127
36880,3362,3795,4844,6153,3447,3845,5755,9453,3318,3657,4499,6014,3227,3379,3868,3941,-7.37287,22.6794,8.5998,48.3713
36881,3259,3346,3424,3260,3461,3910,3868,3702,4151,5363,5975,4475,4363,6782,7869,4848,19.7426,2.01683,8.659,48.0373
36882,7642,5168,3851,3264,9406,5563,3815,3345,5272,4243,3529,3255,3769,3567,3359,3121,-11.3342,-25.2216,8.97891,48.1127
36883,3360,3374,3218,3170,4088,3744,3373,3235,7044,4936,3829,3449,11581,5892,3940,3374,22.0539,-33.7193,8.77702,47.738
36884,3340,3588,4077,3904,3539,4096,5655,5078,3598,4430,7785,6322,3473,3941,4985,4824,4.8992,12.3319,8.95147,48.4233
36885,3417,3617,4150,4235,3427,4084,5894,6267,3442,4101,6536,6883,3295,3782,4514,4689,1.87806,15.8488,8.58165,48.222
36886,4401,3924,3463,3191,7282,4819,3728,3443,9061,5231,3791,3394,5427,4414,3657,3213,2.9864,-26.213,8.91842,48.2927
36887,3447,3833,3996,3761,3672,4373,5855,4645,3774,4950,7732,5444,3517,4079,4775,4375,4.16042,8.39713,8.56985,48.152
36888,5268,8981,7655,4521,4312,4990,4919,4059,3674,3633,3760,3519,3257,3385,3286,3222,-31.428,-1.98887,8.64866,48.294
36889,3312,3402,3537,3400,3608,3997,4325,3876,4017,5684,7337,4680,4058,5563,6907,4950,14.2773,4.47318,8.8292,48.4353
36890,3795,5176,9805,7231,3617,4211,5283,4972,3327,3488,3873,3763,3102,3243,3399,3376,-28.5555,10.8777,8.66539,47.774
36891,4476,6737,7218,4779,4167,5714,5929,4392,3736,3945,4039,3618,3356,3504,3432,3276,-18.0398,1.15305,8.53166,48.212
36892,4995,4189,3515,3217,8180,5434,3755,3373,7607,5355,3785,3321,4726,4235,3585,3181,-0.622372,-22.1848,8.94707,48.302
36893,7979,5216,3713,3396,9332,5177,3861,3440,4873,4159,3580,3243,3665,3592,3240,3104,-12.9523,-32.5556,8.70675,47.7133
36894,4048,3797,3392,3202,5879,4756,3758,3316,8894,6103,3941,3440,5689,4789,3821,3275,6.5052,-20.7674,8.79503,48.0667
36895,10583,6203,4049,3326,7430,5205,3926,3351,4245,3999,3499,3209,3464,3457,3219,3052,-19.8961,-23.5677,8.78336,48.1447
36896,4025,5289,6423,4785,4039,5729,7482,4767,3594,4028,4315,3990,3256,3402,3566,3507,-12.6825,4.21483,8.6521,48.1313
36897,3924,5430,8907,6124,3720,4613,6159,5109,3335,3711,4128,3816,3142,3229,3416,3430,-20.6342,8.62801,8.91102,48.1287
36898,3654,3621,3315,3189,4994,4200,3496,3230,9499,5278,3818,3462,8113,5215,3816,3477,12.664,-31.0027,8.93788,48.2513
36899,5000,8603,7710,4604,4357,4997,4876,4063,3667,3675,3753,3620,3277,3341,3265,3069,-28.0409,-1.261,8.68928,47.918
36900,3030,3341,3479,3448,3316,3628,3998,3956,3543,4298,6348,5702,3722,4685,8186,7524,20.0447,13.1462,8.74351,48.136
36901,6924,9184,5302,3800,5240,5959,4371,3628,3890,3921,3669,3282,3319,3432,3267,3097,-21.422,-10.5714,8.82103,48.19
36902,5932,4664,3727,3331,9653,5253,3802,3391,6518,4376,3640,3262,4155,3786,3566,3185,-5.87379,-28.8243,8.5467,48.1607
36903,3254,3333,3396,3182,3526,3718,3785,3406,4103,5025,5045,4264,4837,8519,8166,4681,27.1941,-0.198847,8.70609,48.16
36904,3259,3916,6354,9220,3420,3827,5547,7930,3196,3570,4148,4430,3110,3221,3398,3574,-17.2285,21.7297,8.63846,48.08
36905,3221,3435,3873,4099,3371,3705,4746,6302,3369,4026,5839,9081,3234,3690,4642,5570,5.67321,22.1811,8.64821,48.1353
36906,5382,9073,7384,4354,4419,5090,4710,4039,3725,3731,3782,3597,3254,3289,3189,3171,-29.9756,-2.94199,8.63534,48.126
36907,3431,4068,5498,6822,3338,4076,6317,8506,3275,3690,4454,5045,3186,3325,3714,3732,-11.2345,19.567,8.68925,48.318
36908,4293,5830,5754,4391,4342,6442,6776,4372,3803,4363,4359,3775,3394,3528,3539,3405,-12.4402,0.701536,8.52865,48.244
36909,3761,5049,8882,7278,3715,4358,5819,5257,3346,3600,3971,3857,3097,3247,3491,3391,-21.6456,11.4646,8.86135,48.0793
36910,3772,4474,5134,4312,3943,5825,7829,4927,3737,4536,5187,4251,3432,3709,3807,3592,-6.7104,4.45919,8.58859,48.3113
36911,4634,4082,3584,3166,8059,4913,3726,3324,8475,5004,3759,3388,4899,4231,3602,3201,0.631967,-28.5084,8.66993,48.0313
36912,3350,3626,3983,3854,3495,4204,5649,5140,3667,4619,7529,6284,3502,4053,4927,4766,4.5232,12.1496,8.56142,48.432
36913,5568,8521,6015,4061,4654,6337,4764,3787,3829,4018,3818,3455,3330,3456,3428,3263,-19.257,-6.05995,8.95,48.2027
36914,4119,3846,3480,3102,5585,4873,3757,3346,8360,6408,4062,3352,5671,4890,3894,3384,6.40839,-19.2017,8.71144,48.086
36915,5395,9064,6985,4287,4331,5330,4720,3983,3640,3728,3749,3492,3348,3391,3288,3290,-25.9138,-3.44372,8.59906,48.014
36916,4288,5038,4404,3829,4752,7705,5872,4103,4160,5397,4622,3652,3656,3883,3615,3396,-6.03556,-4.14753,8.76026,48.248
36917,7057,5269,3812,3481,9170,6011,3912,3421,5215,4299,3679,3361,3851,3679,3374,3162,-10.9688,-21.873,8.70065,48.502
36918,3575,3547,3340,3256,3981,3988,3505,3332,6503,5994,4110,3393,8119,7430,4407,3640,18.9668,-16.1243,8.87169,48.08
36919,3197,3253,3469,3472,3154,3482,3793,4031,3443,3943,5005,6740,3438,3983,6138,11602,22.6932,26.4472,8.6089,48.0953
36920,3045,3322,3570,3506,3351,3686,4100,4524,3475,4048,5930,7789,3405,4051,6168,8350,15.7092,20.2986,8.51923,48.2133
36921,3293,3291,3159,3148,3933,3786,3447,3312,6589,4838,3827,3296,12154,6049,3988,3439,25.0174,-32.7472,8.51536,47.6993
36922,3259,3608,4640,5728,3344,3760,5115,9701,3289,3655,4566,6663,3259,3399,3836,4081,-5.24084,28.9842,8.68145,47.9353
36923,4333,5400,5022,4104,4530,7126,6654,4378,3837,4628,4434,3748,3556,3661,3660,3357,-9.10484,-1.0902,8.80268,48.2853
36924,4508,4748,3925,3422,5860,7322,4648,3604,5173,5907,4161,3607,4060,3916,3701,3343,-3.74185,-10.7929,8.59666,47.9367
36925,10160,5601,3980,3352,8020,5114,3758,3432,4286,3951,3640,3265,3461,3374,3288,3049,-18.0327,-33.1257,8.71379,47.8207
36926,4886,4900,3945,3488,6773,7495,4387,3539,5321,5418,3963,3508,3932,3923,3620,3211,-5.04792,-13.7259,8.76453,48.206
36927,3348,3373,3187,3224,3954,3793,3402,3249,6249,4774,3717,3326,12824,6204,3918,3381,26.8493,-27.441,8.8644,47.9487
36928,3123,3162,3375,3446,3276,3454,3914,4056,3372,3782,4784,6670,3489,3807,6165,11838,24.3268,28.1056,8.51864,47.8087
36929,3325,3670,4526,5822,3296,3736,5230,9803,3316,3643,4518,6451,3133,3485,3921,4070,-5.91055,29.4715,8.54347,47.9633
36930,3210,3506,4054,4199,3342,3781,4879,6635,3354,3955,5808,8914,3191,3664,4519,5404,4.26489,22.3284,8.73966,48.2767
36931,3042,3310,3356,3317,3321,3586,4011,3983,3550,4251,6120,5551,3707,4935,8739,7485,21.309,12.3854,8.67236,48.176
36932,12731,5810,3774,3301,6073,4692,3723,3309,3964,3790,3427,3235,3423,3403,3249,3217,-33.414,-29.5301,8.98241,47.414
36933,3259,3382,3282,3237,3748,3894,3666,3476,4704,5207,4474,3709,6216,9785,5840,3794,31.5364,-7.62341,8.56823,47.782
36934,3454,3547,3215,3134,4320,4081,3628,3236,6685,6564,4159,3545,7499,7154,4273,3529,16.6988,-15.6729,8.87178,48.0153
36935,3068,3380,3431,3376,3254,3451,3960,4188,3351,3812,4947,7616,3359,3918,5669,10887,19.1857,32.6194,8.65454,47.778
36936,3500,3412,3208,3121,4363,3921,3477,3237,8048,5114,3783,3295,10526,5587,3891,3409,18.5478,-32.0163,8.95946,47.928
36937,3211,3490,4149,4780,3307,3757,4822,8280,3421,3830,5016,8217,3266,3559,4206,4615,-0.141006,33.0372,8.86543,47.9507
36938,3069,3107,3371,3396,3329,3445,3913,4180,3382,3815,4901,7065,3459,3874,5943,11591,21.5981,27.9424,8.90543,47.8933
36939,5233,9174,7383,4443,4426,4942,4779,4032,3648,3702,3718,3566,3245,3366,3306,3221,-29.6876,-2.68665,8.96433,48.1227
36940,3297,3580,3691,3348,3722,4313,4405,3850,4302,6505,7105,4348,4176,5392,5794,4442,11.2013,1.2802,8.6716,48.18
36941,3348,3955,5864,12486,3443,3810,4635,5949,3254,3469,3839,3868,3235,3314,3321,3357,-32.0335,31.818,8.71698,47.4313
36942,3080,3459,3666,3746,3366,3706,4466,4975,3493,4093,6324,8287,3448,3940,5514,6708,10.7555,19.2663,8.53786,48.1807
36943,3557,3642,3382,3177,5096,4193,3559,3255,9202,5715,3864,3366,8115,5332,3838,3382,13.1519,-24.8122,8.88404,48.45
36944,3154,3360,3207,3267,3591,3650,3746,3661,4080,4803,5053,4252,4288,7384,8952,5093,32.9355,2.50439,8.84991,47.694
36945,3432,3421,3142,3083,3788,3920,3594,3292,5574,5049,3935,3424,9882,8197,4357,3510,33.3515,-17.3076,8.55856,47.7333
36946,4740,5269,4277,3485,5555,8191,5032,3740,4613,5276,4134,3556,3866,3839,3513,3268,-6.75152,-9.05468,8.98427,48.236
36947,4249,3882,3427,3276,6634,4806,3745,3281,9434,5387,3901,3280,5836,4327,3749,3316,4.75417,-25.5229,8.6265,48.3533
36948,3552,3433,3444,3295,3752,4031,3822,3579,4743,6467,5343,3999,5185,7650,6017,4018,18.059,-4.08323,8.58616,48.22
36949,3407,3444,3227,3204,4098,3824,3457,3142,7008,4937,3892,3482,11641,5969,3950,3434,21.7008,-33.5967,8.8642,48.0773
36950,3856,3619,3353,3148,5194,4447,3688,3334,9082,6030,3969,3523,6813,5353,3779,3389,10.3629,-20.8299,8.94597,48.3847
36951,3968,4617,4573,3925,4273,6696,6596,4311,4054,5190,5133,3919,3568,3921,3953,3561,-4.94892,-0.309271,8.5483,48.172
36952,3641,3407,3239,3093,4256,4071,3503,3315,7847,5561,3927,3445,9087,6074,4007,3491,17.2074,-21.8283,8.52468,47.976
36953,3126,3294,3310,3480,3300,3574,4058,3869,3555,4337,6119,5883,3740,4508,8211,7595,19.9986,13.9654,8.79097,47.9727
36954,3329,3533,3587,3381,3763,4322,4178,3744,4360,6647,6334,4398,4414,6189,6111,4405,14.1558,-0.56511,8.78184,48.4633
36955,3655,3605,3239,3104,4759,4110,3517,3240,9177,5102,3812,3298,8625,5335,3966,3278,13.828,-33.3608,8.86862,47.8813
36956,3388,3340,3207,3075,3871,3851,3419,3202,5960,4924,3858,3305,11325,7368,4224,3474,27.7926,-20.608,8.86686,47.8607
36957,3663,3518,3189,3155,4810,4176,3609,3235,8781,5558,3877,3358,8522,5508,3914,3440,14.05,-23.8449,8.82082,48.2087
36958,6243,8240,5368,3918,5128,6681,4683,3702,3925,4042,3754,3354,3276,3438,3366,3276,-18.7401,-8.80975,8.97281,48.2627
36959,3489,3853,6135,12248,3343,3755,4879,6227,3222,3464,3794,3966,3171,3258,3393,3442,-26.4801,26.8325,8.55907,47.7593
36960,3653,4492,6816,6652,3564,4331,6926,6479,3376,3694,4296,4328,3221,3419,3604,3581,-14.7226,14.1867,8.86304,48.288
36961,9329,7507,4221,3544,6181,5563,4095,3466,4112,3886,3545,3247,3529,3411,3276,3038,-21.4067,-17.9322,8.83954,47.9667
36962,3337,3541,3380,3234,3685,4199,4157,3619,4452,6854,6291,4273,4617,6333,6004,4222,14.0281,-1.37146,8.94139,48.132
36963,3994,3677,3412,3196,6069,4522,3566,3328,9974,5290,3794,3310,6086,4683,3662,3211,7.34056,-32.8605,8.91174,47.8493
36964,3737,3767,3538,3155,4605,4850,4024,3429,6067,7913,4660,3690,5252,5867,4185,3666,9.78592,-11.3109,8.58065,48.27
36965,3151,3214,3631,3648,3161,3611,4248,5119,3377,3818,5236,9388,3371,3849,5081,7819,11.9236,30.5137,8.55089,47.8147
36966,3617,4535,7162,6244,3606,4471,7319,6216,3373,3706,4230,4191,3161,3293,3468,3563,-14.9133,12.2289,8.93229,48.1033
36967,3947,4090,3819,3482,4867,6321,4536,3658,5265,7408,4885,3761,4286,4519,3974,3544,2.46913,-8.04783,8.63123,48.2413
36968,7938,5282,3847,3313,9590,5240,3777,3396,4821,4085,3613,3254,3575,3526,3342,3065,-12.6396,-33.3882,8.99621,47.776
36969,3390,3802,4393,4494,3588,4198,6893,6207,3473,4170,6386,5788,3265,3782,4240,4272,-1.30259,13.6208,8.53576,48.2273
36970,4837,7929,8446,4961,4106,4997,5072,4209,3525,3874,3754,3545,3155,3301,3256,3262,-27.4144,0.859189,8.51928,48.1527
36971,3858,3771,3366,3184,5320,4510,3611,3322,9199,5985,3898,3365,6552,5075,3829,3483,9.50252,-22.099,8.52154,48.2187
36972,3445,3344,3207,3127,3883,3791,3341,3207,6137,4656,3705,3460,12602,5938,3946,3488,27.761,-32.742,8.65357,47.518
36973,3480,3532,3132,3110,3971,3685,3461,3290,5848,4668,3719,3373,12749,6081,3971,3356,28.3591,-28.6386,8.71058,47.6173
36974,3583,3943,4256,4068,3836,4978,6770,4721,3798,5068,6766,4706,3536,3956,4328,4084,-0.12255,5.56938,8.80242,48.2647
36975,3802,4117,4022,3655,4156,6001,5882,4308,4202,6221,5981,4110,3819,4256,4258,3724,0.685071,-0.772069,8.8744,48.3427
36976,3447,3519,3381,3233,4249,4173,3613,3369,5906,6738,4487,3658,6417,7526,4643,3625,16.5493,-11.8656,8.52178,47.9893
36977,12721,5955,4067,3397,6128,4593,3757,3401,3753,3728,3411,3304,3327,3266,3157,3297,-29.6327,-33.2382,8.99177,47.508
36978,3208,3285,3304,3114,3754,3857,3599,3377,4882,5537,4501,3779,6300,9738,6007,3966,25.6128,-7.48317,8.7925,48.1387
36979,4628,5643,4844,3912,4874,7895,5702,3901,4040,4730,4177,3684,3520,3684,3599,3268,-9.8654,-4.83692,8.92375,48.0673
36980,3365,3483,3331,3088,3893,3947,3590,3400,5576,5585,4122,3562,8322,8672,4707,3635,24.2509,-14.0359,8.58042,48.1853
36981,3414,4016,7063,11376,3378,3820,4824,5992,3194,3476,3872,3916,3109,3290,3354,3445,-29.3856,21.4592,8.64598,47.6927
36982,3103,3344,3633,3886,3239,3650,4391,5361,3331,3900,5987,9406,3358,3855,5138,6741,10.0028,22.1492,8.88671,48.2153
36983,3554,4739,8547,8345,3567,4158,5548,5710,3210,3621,3904,4017,3143,3279,3371,3299,-22.6499,14.3853,8.67208,48.008
36984,4153,5897,7462,5025,3921,5437,6721,4728,3519,3959,4091,3693,3227,3417,3440,3462,-16.8261,4.08833,8.67464,48.1013
36985,3407,3354,3205,3191,4053,3862,3492,3315,5991,4867,3879,3442,11924,6595,4039,3321,30.7594,-24.0227,8.64778,47.958
36986,3088,3275,3379,3325,3170,3479,3827,3880,3462,3821,5288,6006,3559,4270,7790,10180,24.6889,18.4843,8.86407,47.866
36987,3318,3338,3393,3093,3744,3958,3621,3358,5006,5171,4231,3669,7531,9648,5112,3650,31.16,-11.5595,8.6518,47.894
36988,3437,4057,6414,9869,3459,3834,5511,7306,3366,3569,4001,4261,3100,3221,3465,3519,-18.8878,21.58,8.9594,48.2593
36989,12390,5779,3890,3492,6152,4732,3773,3355,3901,3897,3405,3215,3366,3355,3256,3236,-33.0941,-30.4312,8.5707,47.4627
36990,4082,5384,5759,4432,4123,6572,7324,4538,3690,4349,4441,3866,3374,3547,3603,3374,-11.24,1.27177,8.97829,48.3053
36991,3381,4266,8020,10539,3411,3937,5137,5792,3261,3478,3794,3921,3169,3244,3438,3327,-31.9733,18.6166,8.78797,48.0767
36992,3384,4126,6364,7185,3470,4226,6495,7283,3354,3636,4282,4478,3108,3342,3547,3643,-14.5727,17.0063,8.65519,47.9487
36993,3405,3380,3368,3145,3649,3880,3628,3426,4636,5226,4432,3825,6011,9886,6232,4095,31.227,-6.88314,8.7623,48.1493
36994,3259,3338,3365,3274,3389,3635,3710,3638,4005,4717,5126,4459,4183,6846,9530,5620,28.6537,4.39619,8.93979,48.0627
36995,8110,8130,4569,3561,6091,6001,4301,3483,3989,3876,3538,3295,3488,3463,3231,3174,-20.0491,-14.8756,8.93413,48.2
36996,3446,3958,5146,4959,3610,4503,7638,6707,3500,3932,5277,5007,3255,3579,3930,3894,-6.40147,12.7904,8.71578,48.2273
36997,3958,3727,3410,3285,5450,4697,3758,3327,8214,6688,3990,3328,5700,5050,3926,3436,7.8377,-18.0002,8.53963,47.9627
36998,3139,3238,3370,3402,3297,3544,4035,3898,3549,4289,6098,5849,3531,4630,8312,7827,20.2506,13.8041,8.76118,48.0053
36999,3434,3391,3160,3157,3980,3859,3488,3285,5930,4793,3771,3225,12384,6366,3897,3290,30.3392,-26.0397,8.59091,47.6067
37000,3179,3553,3907,4251,3271,3634,4806,6900,3353,3647,5225,9324,3353,3556,4360,5579,3.88141,26.5636,8.89279,47.932
37001,3313,3548,3953,3945,3463,4141,5619,5177,3466,4541,7550,6432,3402,3946,5082,4896,5.00877,12.6862,8.6419,48.316
37002,3392,3962,5026,5256,3426,4340,7191,7412,3401,3848,5115,5385,3072,3430,3810,3970,-6.26882,16.0004,8.8633,48.024
37003,3530,3922,4631,4502,3661,4773,7486,5560,3581,4292,6245,4859,3397,3586,4038,3949,-2.74808,9.61958,8.8855,48.008
37004,3250,3451,3680,3853,3502,3943,5077,4634,3521,4601,8000,6500,3608,4196,5424,5181,7.7803,12.0473,8.93866,48.2807
37005,3100,3286,3335,3385,3176,3548,3754,4035,3436,3813,4990,6863,3431,4023,5821,11978,22.9958,30.2976,8.55252,47.9827
37006,4489,6861,7445,4811,4175,5713,5722,4399,3486,3803,3963,3597,3252,3512,3362,3339,-18.775,1.23104,8.54798,47.9527
37007,3604,4414,6004,4967,3710,4947,8160,5656,3513,4019,4810,4348,3308,3419,3607,3737,-10.2734,9.11671,8.7847,48.1487
37008,7361,6133,4099,3444,7989,6505,4133,3444,4566,4259,3657,3383,3701,3540,3237,3209,-13.7646,-18.6411,8.92576,48.44
37009,3991,6136,9650,6092,3800,4502,5376,4649,3399,3623,3926,3751,3108,3275,3306,3329,-25.5349,6.587,8.85817,47.942
37010,3762,3710,3606,3219,4776,4771,3754,3449,6881,7655,4389,3644,5681,5676,4184,3530,9.66245,-13.808,8.8432,48.458
37011,4328,5318,5121,4037,4453,7234,6412,4102,4155,4873,4590,3890,3498,3696,3538,3442,-8.29973,-1.43635,8.63193,48.458
37012,3078,3281,3332,3399,3206,3618,3777,3828,3579,4190,5358,5223,3694,4977,9415,7913,26.4714,12.7573,8.88558,47.912
37013,3342,3417,3288,3109,3775,3844,3701,3347,4977,5307,4248,3655,7300,9783,5534,3782,29.7673,-10.5187,8.52726,48.2727
37014,4289,4061,3667,3314,6288,5932,4055,3471,7048,6512,4107,3468,4668,4409,3767,3319,1.81406,-16.1931,8.91404,48.25
37015,3723,3743,3662,3376,4163,5241,4440,3625,5053,7839,5680,4017,4490,5237,4435,3848,7.03347,-5.25391,8.67919,48.3813
37016,3209,3563,4183,4634,3412,3676,5330,7939,3262,3833,5305,7941,3213,3599,4351,4885,0.49582,23.1257,8.68375,48.2233
37017,8588,8793,4668,3728,5748,5419,4230,3427,3851,3897,3561,3328,3319,3325,3198,3121,-24.0089,-14.8848,8.76397,48.134
37018,3097,3213,3397,3366,3235,3398,3836,3876,3322,3801,4773,6305,3455,3843,5979,12566,26.0908,31.4445,8.86675,47.6413
37019,4033,3760,3438,3240,5751,4678,3668,3399,9148,5813,3952,3456,6206,4833,3798,3292,7.37447,-22.6813,8.55484,48.31
37020,5729,4777,3844,3255,8898,6008,4033,3523,6037,4775,3798,3323,4029,3766,3405,3079,-6.248,-20.6416,8.86956,48.186
37021,3421,3919,5040,4663,3672,4532,7582,6129,3510,4154,5760,5128,3377,3743,3964,3972,-4.33502,11.8054,8.64424,48.3773
37022,3141,3255,3313,3355,3204,3480,3854,3833,3379,3818,4969,6081,3387,4261,7089,11459,26.7125,21.2728,8.82167,47.9187
37023,3902,5339,8819,6434,3720,4624,6367,5243,3342,3630,3919,3849,3153,3275,3483,3420,-19.9949,9.18349,8.8304,48.346
37024,5101,4255,3630,3332,8732,5120,3803,3369,7638,4799,3776,3380,4535,3970,3566,3242,-1.81943,-30.0862,8.79435,48.1653
37025,3087,3375,3303,3252,3579,3804,3905,3484,4045,4882,5197,4301,4366,7720,8831,5271,26.1589,2.04777,8.74574,48.268
37026,11770,6848,4007,3401,5937,4939,3935,3196,3829,3758,3530,3191,3410,3425,3227,3090,-30.8619,-22.8141,8.67751,47.662
37027,3297,3440,3320,3005,3859,3919,3587,3258,5841,5532,4073,3550,8693,8530,4654,3643,23.4563,-15.2635,8.87828,48.134
37028,6733,4993,3638,3359,9837,5265,3803,3292,5520,4303,3749,3306,3742,3667,3377,3291,-9.46971,-33.9799,8.52778,47.9167
37029,3068,3385,3739,3927,3290,3570,4360,5849,3377,3712,5278,9902,3343,3760,4753,6668,8.21498,28.4187,8.81854,47.9873
37030,3118,3312,3376,3252,3345,3615,3844,3814,3669,4445,5772,5330,3636,5057,9338,7294,23.4255,11.3279,8.81914,48.1447
37031,3470,3903,5461,6210,3476,4060,6897,8164,3372,3785,4443,5054,3068,3382,3730,3846,-10.3477,17.6062,8.83145,48.214
37032,3240,3537,4348,5017,3307,3724,5504,8356,3363,3618,5058,7438,3117,3580,4129,4546,-1.67329,22.9234,8.80464,47.9213
37033,3804,3816,3486,3203,5364,4825,3729,3289,8174,6966,4109,3433,5731,5174,3861,3434,8.02849,-17.3089,8.9665,48.2653
37034,5544,5517,4071,3483,7153,7383,4343,3535,4901,4918,3729,3375,3824,3738,3418,3227,-9.04914,-14.7624,8.93278,48.106
37035,6089,8261,5093,3840,5358,6722,4641,3720,3941,4175,3698,3405,3425,3426,3274,3206,-18.3079,-9.2479,8.84449,48.1827
37036,9181,8156,4431,3473,5981,5433,3983,3415,4060,3812,3590,3247,3360,3365,3250,3099,-23.8869,-16.579,8.61073,47.8907
37037,6766,6791,4419,3539,6642,6912,4223,3516,4409,4287,3749,3338,3560,3546,3334,3166,-14.7321,-14.6751,8.77378,48.1313
37038,7403,5416,3887,3484,8920,6032,3948,3477,4939,4316,3606,3293,3738,3662,3324,3151,-12.0919,-21.8974,8.52213,48.3973
37039,3341,3983,6692,11875,3510,3885,4784,5998,3226,3437,3744,4003,3214,3274,3444,3419,-27.8174,23.5947,8.63303,47.886
37040,3396,3582,4381,4716,3529,4121,6369,6982,3349,3974,6087,6462,3208,3739,4095,4182,-1.20826,16.5004,8.79447,48.1147
37041,3554,3968,4606,4550,3604,4633,7393,5673,3568,4441,6119,5029,3393,3759,4175,3971,-2.57153,10.121,8.69149,48.2907
37042,4741,4012,3596,3129,8035,5007,3669,3260,8400,5030,3732,3304,4819,4231,3514,3249,0.489911,-27.1836,8.53727,47.8187
37043,11652,7174,4115,3376,5702,4885,3889,3432,3933,3742,3484,3177,3415,3369,3301,3104,-31.6391,-21.3422,8.99374,47.8333
37044,6903,8354,4899,3776,5632,6435,4466,3494,3940,4133,3625,3364,3340,3453,3292,3187,-19.6214,-11.4052,8.67479,48.1953
37045,4734,7789,8531,4981,4200,4989,5083,4210,3584,3767,3648,3472,3127,3353,3405,3255,-25.4467,1.18201,8.87652,48.0853
37046,3035,3261,3385,3340,3346,3498,3731,4001,3295,3835,4829,6374,3398,3934,6090,12282,25.6083,31.42,8.57491,47.756
37047,3486,3945,5873,11917,3345,3790,4792,6981,3198,3523,3845,4006,3209,3264,3367,3364,-22.179,31.9815,8.83348,47.9367
37048,3267,3497,3439,3332,3598,4023,4214,3899,3906,5578,7210,4788,4196,5667,6959,4950,15.0301,4.12118,8.83692,48.3487
37049,3773,5546,9730,6969,3605,4353,5444,4914,3310,3609,3877,3756,3061,3296,3392,3274,-25.1613,9.93841,8.77312,47.9393
37050,3148,3221,3383,3388,3271,3605,3865,3905,3534,4091,5299,5428,3572,4616,8969,8770,27.4761,14.78,8.84186,48.0433
37051,3338,3584,3907,4052,3486,4068,5865,5246,3520,4468,7424,6396,3494,4002,4817,4678,3.99433,12.8196,8.65719,48.23
37052,3914,4982,5717,4511,4014,5892,7579,4812,3741,4244,4661,3913,3402,3667,3680,3617,-9.90489,3.78903,8.5949,48.2307
37053,3194,3373,3340,3310,3407,3739,3872,3550,3957,4599,5039,4519,4307,6881,9520,5632,27.9784,4.23986,8.67741,48.1593
37054,6765,7744,4820,3715,5842,6604,4403,3549,4030,4207,3619,3312,3501,3472,3281,3211,-17.6255,-12.281,8.55538,48.05
37055,3080,3293,3692,3787,3195,3682,4291,5336,3460,3825,5117,9880,3348,3872,4974,7152,10.2378,33.2604,8.97626,47.9893
37056,3130,3218,3383,3415,3181,3463,3829,3934,3409,3932,5009,5788,3505,4179,7927,10743,31.7752,19.1546,8.76633,48.03
37057,3410,3685,4216,4322,3528,4217,6338,5669,3506,4349,6914,6014,3424,3696,4463,4459,1.23365,12.8785,8.53409,48.14
37058,3404,3324,3202,3174,3992,3796,3434,3252,5883,4839,3934,3346,11484,7135,4125,3408,33.5312,-21.1641,8.95387,47.8213
37059,4209,6650,9835,5709,3957,4645,5075,4360,3450,3667,3757,3632,3182,3336,3275,3416,-31.3138,4.81587,8.94882,48.1033
37060,3189,3531,3578,3525,3424,3898,4517,4319,3686,4632,7652,6037,3669,4427,6467,5614,12.4403,11.1698,8.81396,48.11
37061,3247,3279,3452,3252,3493,3581,3800,3679,3930,4900,5399,4413,4440,7448,8978,5256,25.8802,2.56379,8.85446,48.3647
37062,5485,9358,6700,4150,4479,5257,4685,3878,3654,3880,3714,3530,3357,3384,3333,3286,-33.561,-4.41962,8.64424,48.0867
37063,3356,3973,6422,12110,3423,3757,4879,6090,3291,3348,3729,3950,3129,3301,3407,3278,-33.7345,24.4512,8.86468,47.6287
37064,4682,5740,4594,3719,5285,8112,5251,3874,4033,4906,4139,3537,3660,3715,3603,3345,-9.80491,-6.66952,8.63914,48.13
37065,12390,6001,3939,3377,6126,4820,3815,3365,3953,3868,3411,3234,3323,3429,3182,3200,-27.4142,-31.4687,8.69924,47.622
37066,3821,4926,6032,4740,3928,5530,7754,4993,3535,4133,4723,4001,3385,3546,3702,3651,-10.7459,5.51137,8.55843,48.2667
37067,8769,5691,3882,3375,8504,5531,3891,3431,4695,4137,3601,3204,3627,3588,3324,3088,-14.9799,-24.1386,8.61104,48.2253
37068,3294,3460,3378,3130,3958,4091,3698,3341,5339,6703,4646,3754,6198,8370,5077,3958,18.3777,-9.53675,8.6151,48.2633
37069,3016,3155,3413,3364,3320,3443,3743,4016,3296,3842,4786,6530,3390,3991,6409,12244,25.132,26.1246,8.95297,47.972
37070,3453,3616,3814,3652,3890,4877,5308,4136,4068,6066,7462,4605,3736,4446,4722,4078,5.08011,2.90447,8.80297,47.9527
37071,3264,3437,3315,3154,3765,3738,3679,3483,4664,5645,4545,3767,5913,9486,6195,4064,23.6373,-6.04203,8.95011,48.076
37072,3645,4121,4062,3816,3905,5529,6192,4385,3917,5650,6756,4293,3669,4253,4273,3943,1.06636,1.89054,8.92742,48.2727
37073,3981,3797,3449,3105,5955,4480,3675,3280,9775,5600,3860,3305,6300,4810,3696,3231,7.28206,-25.2866,8.94835,48.1993
37074,3503,4085,5968,9093,3398,3993,5559,8000,3256,3516,4140,4394,3088,3372,3457,3514,-16.466,22.0871,8.58006,48.224
37075,4471,5865,5073,4024,4795,7837,5884,3934,3902,4730,4371,3724,3551,3537,3539,3380,-10.6806,-3.90523,8.79823,48.4113
37076,3254,3306,3442,3319,3411,3567,3913,3818,3589,4178,5149,5195,3639,4989,9466,7615,33.9148,11.8519,8.53264,47.9
37077,3406,3999,5780,11541,3395,3879,4872,7124,3280,3476,3898,4128,3117,3260,3478,3374,-21.9404,29.4308,8.61927,48.0047
37078,3872,3684,3346,3207,5659,4555,3799,3279,9394,5844,3899,3403,6286,4992,3803,3364,7.92341,-22.766,8.70431,48.2573
37079,3440,3842,5976,12624,3373,3784,4824,5967,3212,3430,3829,3851,3201,3321,3476,3457,-30.5554,30.8647,8.86117,47.738
37080,3287,3328,3404,3471,3414,3684,3891,4178,3565,4237,6152,5954,3512,4602,7951,7655,19.5792,14.1626,8.5842,48.19
37081,6002,5162,3883,3462,8318,6651,4021,3543,5239,4763,3743,3343,3891,3714,3431,3164,-8.48818,-18.5372,8.7852,48.22
37082,3520,3366,3238,3043,4272,3945,3456,3247,7656,5041,3790,3424,10985,5749,3917,3307,19.7999,-28.5767,8.9657,47.9707
37083,3079,3386,3665,3601,3406,3692,4590,4858,3481,4292,6900,7579,3581,4126,5695,6393,11.0802,16.6789,8.56667,48.216
37084,6074,7935,4893,3786,5478,7037,4673,3733,4028,4151,3630,3348,3413,3514,3332,3188,-16.7622,-9.85777,8.93678,48.142
37085,3037,3521,3966,4543,3367,3730,4777,7711,3377,3765,4890,8862,3330,3609,4314,5007,2.00102,32.9994,8.8237,47.8707
37086,7800,9715,5011,3693,5094,5172,4226,3569,3687,3788,3547,3409,3488,3374,3245,3125,-30.8561,-11.7192,8.89496,47.962
37087,4024,3982,3501,3272,5104,5806,4100,3499,6091,7667,4493,3545,4718,4982,4025,3525,4.32924,-11.64,8.76609,48.2227
37088,3065,3340,3483,3471,3207,3636,4177,4540,3492,3899,5806,8025,3391,3995,6067,8541,15.7477,21.4028,8.76071,48.09
37089,9288,8414,4632,3569,5586,5400,4010,3487,3977,3762,3596,3291,3395,3416,3265,3144,-25.4035,-16.2405,8.56108,48.1547
37090,3496,3573,3561,3326,3916,4427,4178,3550,4849,7568,5766,4038,4521,6356,5119,4023,12.3415,-4.04518,8.97171,48.178
37091,10078,8159,4390,3529,5639,5039,4020,3447,3860,3817,3438,3231,3361,3402,3293,3165,-30.6637,-17.7204,8.95746,47.912
37092,3181,3201,3373,3297,3334,3638,3967,3952,3522,4060,5266,5550,3519,4591,8752,8962,33.7591,15.2326,8.68938,48.11
37093,8835,7106,4266,3449,6730,5776,4192,3431,4108,4082,3550,3230,3530,3475,3206,3051,-19.1556,-17.8476,8.61312,48.0113
37094,5504,4413,3567,3233,9570,5232,3859,3310,6958,4608,3775,3320,4230,3875,3481,3166,-4.43151,-27.9269,8.97563,48.0673
37095,3113,3201,3400,3336,3104,3505,3767,3997,3380,3812,4884,5947,3306,4172,7013,11471,27.3696,21.895,8.64191,47.6053
37096,3371,3787,5010,7583,3412,3878,5297,9656,3265,3544,4181,5159,3129,3408,3591,3729,-11.6639,30.1489,8.88074,48
37097,3519,4717,8608,9197,3443,4119,5365,5547,3271,3467,3866,3767,3113,3204,3395,3406,-26.8069,15.6776,8.82662,48.0027
37098,3211,3306,3430,3403,3241,3531,3834,3956,3374,3856,4907,5887,3363,4046,7182,11365,33.6426,20.9397,8.78771,47.928
37099,3486,3563,3644,3363,3761,4429,4388,3693,4482,7032,6490,4291,4328,5633,5608,4246,11.3982,-0.914145,8.72307,48.2913
37100,4608,4057,3541,3305,7798,5088,3827,3302,8285,5280,3817,3374,4923,4287,3559,3272,0.80314,-24.034,8.9029,48.2153
37101,3592,4823,9054,8492,3587,4045,5269,5366,3284,3467,3781,3936,3122,3323,3512,3325,-27.2392,13.8121,8.59188,47.9853
37102,3841,5789,9792,6559,3660,4452,5365,4765,3317,3594,3812,3688,3186,3311,3312,3365,-26.5082,8.63947,8.73321,47.872
37103,5479,9324,6678,4185,4590,5186,4702,3938,3865,3787,3727,3512,3347,3344,3291,3248,-33.9803,-4.58976,8.65958,48.1353
37104,3359,3358,3277,3226,3784,3841,3672,3417,5298,5638,4170,3615,7589,9286,4953,3733,24.2427,-12.2842,8.56946,48.144
37105,3333,4431,8191,10127,3426,3948,5033,5606,3242,3463,3779,3782,3168,3295,3302,3385,-31.4469,17.5592,8.93104,47.674
37106,5217,5847,4237,3628,5980,8274,4786,3604,4476,5000,3965,3512,3666,3657,3463,3352,-9.76142,-10.687,8.99332,48.4427
37107,3155,3393,3520,3651,3300,3628,4035,4718,3472,3879,5443,9322,3276,3877,5343,8158,12.9889,24.5718,8.96631,48.1133
37108,3216,3325,3340,3284,3481,3678,3824,3713,3785,4487,5210,4643,3948,6481,9897,5922,30.1137,5.95143,8.85897,48.156
37109,4341,5015,4374,3593,4985,8004,5377,3928,4326,5631,4474,3650,3690,3837,3687,3397,-5.48089,-6.06557,8.88481,48.206
37110,5526,9379,6955,4220,4496,5162,4609,3924,3586,3750,3731,3484,3306,3304,3343,3281,-32.5308,-3.89095,8.68942,48.0373
37111,2993,3180,3453,3503,3250,3499,3803,3922,3398,3749,4891,6333,3496,3938,6043,12319,25.2668,32.4391,8.62521,47.8467
37112,3022,3218,3512,3535,3218,3539,3970,4400,3208,3781,5178,8408,3414,3931,5714,9965,17.0953,27.8459,8.87107,48.0087
37113,8098,5357,3797,3333,9277,5331,3754,3382,5026,4114,3502,3253,3574,3672,3322,3133,-12.9346,-27.2145,8.63085,47.95
37114,3332,3973,5998,12282,3442,3871,4840,6439,3158,3481,3684,3973,3237,3183,3212,3391,-25.6459,28.0901,8.5591,47.664
37115,6917,6637,4277,3505,7067,6715,4318,3555,4346,4302,3674,3339,3644,3556,3310,3084,-14.5022,-15.4867,8.7868,48.164
37116,3636,3953,4363,3901,3795,5083,6654,4665,3888,5178,6847,4607,3612,3905,4350,3941,0.113371,4.76165,8.70599,48.252
37117,4352,4896,4325,3724,4867,7822,5630,3827,4462,5609,4516,3704,3743,3812,3747,3465,-4.97748,-4.99467,8.75141,48.334
37118,3462,3442,3295,3157,4243,4246,3691,3261,5834,7047,4456,3746,6369,7507,4703,3543,16.416,-11.6869,8.79305,48.0013
37119,3122,3064,3555,3388,3292,3548,3960,4409,3418,3851,5204,7972,3426,3965,5748,10330,18.8316,28.1267,8.62317,48.168
37120,3443,3887,4824,4722,3588,4271,7030,6716,3442,4146,5666,5577,3319,3642,4057,4082,-3.79364,14.3855,8.51125,48.2747
37121,3813,4539,6091,5072,3760,5059,8128,5441,3388,4042,4763,4186,3258,3537,3638,3640,-10.6787,8.45415,8.57965,48.2367
37122,3401,3251,3262,3054,3931,3666,3411,3237,6316,4849,3843,3354,12388,6229,3873,3327,25.8686,-27.0566,8.6473,47.5947
37123,3259,3762,4604,4777,3477,4064,6909,6790,3409,4084,5834,6001,3376,3665,4126,4284,-2.29163,15.3429,8.63564,48.2807
37124,11975,5923,3866,3429,6656,4843,3875,3433,3970,3807,3499,3294,3382,3360,3180,3121,-23.3567,-32.539,8.7393,47.742
37125,3464,3424,3188,3146,3904,3841,3335,3245,6472,4779,3699,3393,12446,6023,3875,3332,25.2184,-30.9975,8.77991,47.7107
37126,3323,3709,4600,4800,3462,4072,6342,7246,3343,3942,5636,6304,3318,3585,4069,4306,-2.38113,17.127,8.53785,48.038
37127,3418,4095,7338,11268,3382,3908,4873,5854,3206,3508,3710,3872,3084,3243,3460,3336,-31.5341,20.4144,8.51957,47.7033
37128,3366,3944,5869,12417,3340,3695,4849,6043,3203,3372,3815,3824,3263,3350,3411,3488,-32.6036,29.5071,8.60244,47.4993
37129,3088,3350,3511,3363,3274,3532,3820,3946,3323,3777,4888,6666,3461,3955,6172,12176,24.517,26.1837,8.79122,48.2013
37130,3195,3176,3388,3394,3256,3493,3799,4027,3570,3979,5204,5491,3461,4430,8203,10018,29.1161,17.3169,8.52699,48.056
37131,3631,3537,3286,3019,4736,4136,3477,3198,8769,5544,3840,3439,8592,5716,4046,3272,14.6698,-23.6177,8.60407,48.1587
37132,3213,3324,3458,3429,3348,3586,4100,4374,3627,4205,6431,7014,3530,4274,6894,7689,16.4306,16.5904,8.77851,48.3307
37133,3147,3183,3363,3391,3185,3462,3835,4142,3285,3769,4961,6932,3278,4041,5998,11680,22.8512,27.6227,8.58324,47.768
37134,3039,3313,3658,3808,3293,3497,4353,5478,3359,3815,5457,9828,3360,3775,4901,7150,10.1257,26.8108,8.85885,48.056
37135,3305,3729,4089,3918,3649,4379,6142,4735,3690,4979,7656,5280,3531,4005,4784,4348,3.49884,8.09042,8.50361,48.146
37136,3331,3627,3615,3608,3646,4213,4880,3940,4061,5796,7797,4710,3925,4798,5633,4491,9.52012,3.92427,8.60055,48.0473
37137,3700,4922,9126,8530,3601,4023,5412,5300,3361,3538,3789,3825,3068,3298,3402,3348,-26.2617,13.6341,8.83627,48.162
37138,3120,3428,3766,3950,3276,3690,4661,5906,3256,3998,5951,9229,3278,3787,4839,5993,7.45761,21.6887,8.91845,48.0853
37139,4314,4515,4094,3599,5115,7643,5009,3831,4697,6146,4469,3696,3736,4086,3823,3286,-2.93074,-7.64588,8.76644,48.0393
37140,4516,4320,3777,3364,6438,6331,4155,3515,6302,6256,4052,3615,4321,4417,3754,3330,-0.592181,-15.4173,8.60683,48.3087
37141,3396,3400,3388,3213,3882,3775,3345,3351,6101,4608,3853,3315,12370,5790,3874,3295,33.1194,-32.3256,8.68461,47.304
37142,7126,5373,3900,3303,9083,5970,3856,3391,4943,4368,3680,3315,3705,3681,3430,3119,-11.4345,-21.4358,8.9502,48.162
37143,3165,3450,3462,3348,3260,3651,4083,4054,3721,4552,6830,5217,3878,5101,8070,6126,17.809,9.41602,8.88285,47.9787
37144,4741,8417,8036,4696,4330,5074,4835,4154,3658,3751,3767,3561,3289,3353,3321,3210,-33.1676,-0.542359,8.72574,48.1287
37145,3408,3792,4112,3804,3715,4683,6132,4605,3767,5227,7334,5127,3535,4161,4713,4269,3.04982,6.29935,8.55239,48.256
37146,3209,3392,3768,4141,3302,3600,4693,6685,3321,3765,5224,9726,3301,3636,4478,5702,5.10865,33.6579,8.85304,47.962
37147,3358,3375,3245,3117,3728,3771,3625,3295,4884,5331,4434,3610,7181,9972,5468,3857,28.7646,-10.1422,8.81742,48.1673
37148,3580,3531,3240,3152,4656,4267,3704,3252,8221,5746,3957,3451,8164,6055,3861,3453,15.2113,-21.058,8.75896,48.1933
37149,3238,3561,4125,4341,3425,3976,5968,6416,3441,4101,6246,7003,3330,3788,4389,4688,1.22432,16.3546,8.98833,48.024
37150,3474,3493,3534,3153,4016,4427,3941,3450,5194,7480,5289,3820,5097,6834,5225,3839,13.8147,-6.61132,8.66852,48.1773
37151,3320,3419,3364,3229,3790,3763,3534,3395,4890,5311,4185,3631,7273,9936,5372,3767,28.0183,-9.97348,8.92714,48.1193
37152,4314,4084,3629,3279,6392,5537,3973,3481,7364,6363,4144,3415,4860,4512,3784,3387,2.34008,-17.2302,8.57828,48.3453
37153,5012,4554,3731,3313,7803,6062,4003,3416,6673,5308,3945,3355,4353,4103,3440,3152,-2.39653,-19.3243,8.65621,48.1487
37154,3933,4571,4383,3665,4294,6869,6241,4123,4028,5580,5276,4039,3686,4014,3873,3613,-3.17487,-1.3682,8.73711,48.1253
37155,3302,3330,3311,3203,3737,3758,3645,3573,4259,4949,4647,3979,5033,8977,7568,4429,31.1405,-2.38231,8.78648,47.8
37156,3553,5092,9334,7831,3689,4209,5335,5192,3327,3614,3654,3802,3081,3282,3479,3323,-26.4055,12.4715,8.83384,47.8647
37157,7098,9479,5522,3930,5078,5501,4433,3633,3788,3971,3666,3388,3414,3365,3278,3139,-24.4245,-10.0007,8.60851,48.4553
37158,3448,4654,9102,8905,3531,4185,5160,5346,3349,3468,3841,3927,3156,3218,3367,3369,-31.596,14.5043,8.782,48.0173
37159,4787,4657,3822,3347,6363,7156,4308,3659,5630,5962,4017,3437,4109,4124,3552,3324,-3.02244,-13.6967,8.66391,48.1693
37160,3257,3499,3972,3891,3527,4102,5610,4859,3596,4667,8055,6321,3454,3940,4953,4661,5.7492,11.5366,8.79657,48.2427
37161,4958,4408,3564,3213,8650,5081,3761,3382,7564,4728,3839,3317,4548,4120,3575,3263,-1.85339,-30.4907,8.51074,47.9807
37162,3657,4433,5530,4616,3888,5328,8281,5341,3561,4189,5077,4319,3256,3528,3694,3665,-8.58365,7.28007,8.80013,48.242
37163,3234,3574,4314,5157,3437,3792,5515,8521,3199,3772,5137,7094,3186,3614,4044,4343,-2.3474,22.8385,8.51539,47.9553
37164,4051,4029,3459,3179,5394,5668,4025,3392,6938,7312,4287,3553,4989,4777,3895,3438,4.78614,-14.3801,8.5534,48.2573
37165,3147,3452,4000,4313,3244,3681,4832,7098,3297,3834,5258,9163,3227,3675,4384,5368,3.70307,25.7656,8.77481,47.982
37166,5342,4333,3543,3220,9250,5019,3795,3412,7186,4538,3720,3388,4469,3864,3497,3244,-3.58268,-31.87,8.97664,47.88
37167,3443,3453,3213,3010,4090,3852,3537,3236,6739,5035,3949,3348,10957,6853,4014,3429,23.0019,-21.9144,8.91335,48.1053
37168,3251,3523,3468,3375,3556,3992,4140,3908,4069,5944,7120,4645,4214,5960,6925,4713,14.6671,2.5292,8.97974,48.5353
37169,8794,6172,4106,3428,7711,5701,4037,3422,4561,4049,3496,3396,3478,3480,3263,3094,-16.5125,-20.9503,8.75316,48.1253
37170,3319,3430,3217,3147,3740,3724,3563,3285,4976,5270,4248,3531,7208,10045,5289,3834,28.4973,-10.1762,8.86432,47.884
37171,10682,5609,3919,3482,7697,4934,3775,3404,4288,4039,3456,3240,3569,3317,3356,3037,-19.1999,-29.5869,8.94898,47.8693
37172,3193,3284,3363,3248,3431,3614,3728,3678,3806,4415,5274,4816,3913,5675,10063,6496,30.1985,8.46942,8.94104,47.998
37173,3561,3517,3383,3055,4166,3987,3563,3345,6789,5522,3997,3427,9008,7023,4234,3542,19.6404,-18.8071,8.52527,48.0793
37174,3265,3551,3437,3482,3645,4148,4327,3841,4060,5938,7260,4557,4082,5450,6288,4650,13.2671,2.91238,8.65032,47.9873
37175,6002,4787,3738,3263,9220,5706,3920,3297,6212,4724,3744,3366,4144,3801,3486,3160,-6.6117,-23.0286,8.57642,48.38
37176,3184,3280,3422,3399,3280,3451,3850,4012,3397,3902,5253,5922,3495,4263,7980,10008,24.9073,17.8907,8.78433,48.0653
37177,3569,3957,3998,3634,4006,5255,5722,4141,4092,6145,6737,4457,3709,4263,4577,3863,2.87191,1.29059,8.74985,48.0833
37178,4585,7856,8592,5210,4051,4843,5018,4112,3524,3776,3739,3639,3260,3293,3420,3282,-26.8683,1.40116,8.55494,48.1333
37179,3251,3335,3624,3524,3379,3780,4409,4210,3713,4285,6919,6692,3544,4456,6778,6631,14.5971,14.3009,8.78935,48.3533
37180,4127,5192,5531,4153,4226,6464,7203,4463,3706,4482,4638,3933,3406,3687,3530,3429,-9.72261,1.52209,8.66157,48.1133
37181,7040,8387,4837,3740,5454,6290,4369,3728,4026,4057,3645,3369,3422,3292,3249,3073,-19.2099,-12.1206,8.52585,47.9853
37182,3231,3276,3580,3597,3260,3553,4079,4646,3287,3792,5123,8660,3350,3828,5322,9208,15.8386,31.3953,8.89953,47.8613
37183,3336,3571,3945,4113,3481,4152,5746,5236,3602,4604,7651,6254,3545,3812,4909,4601,4.19979,12.4992,8.66881,48.372
37184,3313,3389,3163,3096,3955,3789,3423,3317,5255,5358,4138,3583,8403,9167,4931,3605,25.5914,-13.8088,8.88302,47.9233
37185,3444,3874,5615,9645,3419,3836,5175,8401,3292,3482,4101,4357,3160,3264,3472,3526,-16.5786,33.0933,8.96202,48.042
37186,12066,6445,4054,3401,6240,5011,3747,3296,3966,3865,3497,3316,3357,3396,3184,3105,-25.8112,-24.2596,8.75976,47.964
37187,11837,6904,4120,3401,5841,4868,3845,3317,3851,3729,3488,3211,3428,3338,3225,3109,-31.3528,-22.4462,8.7776,47.6747
37188,3313,3827,6098,12633,3365,3675,4704,6019,3167,3549,3845,3949,3126,3173,3382,3414,-28.7606,29.7691,8.86951,47.4927
37189,4017,3964,3481,3200,5894,4975,3858,3333,8324,6626,4006,3507,5445,4784,3892,3369,5.63523,-18.8495,8.94629,48.45
37190,3426,3339,3279,3035,3879,3863,3547,3092,5817,4953,3909,3397,11062,7439,4213,3390,30.2078,-20.3278,8.637,47.76
37191,3318,3978,5976,9752,3473,3866,5212,7763,3263,3494,4016,4247,3093,3273,3403,3598,-18.1525,24.194,8.57088,47.8167
37192,3455,3380,3240,3062,4387,3947,3493,3209,8103,5027,3749,3436,10121,5662,3947,3356,17.9406,-29.8858,8.55449,47.716
37193,3165,3159,3393,3397,3182,3543,3975,3971,3310,3708,4823,6920,3305,3885,6058,12049,22.8649,28.7938,8.97586,47.8953
37194,3334,3332,3183,3037,4039,3770,3506,3270,6802,4758,3847,3309,11976,5886,3926,3512,23.204,-29.1706,8.79298,47.658
37195,4284,6662,8589,5266,4011,4922,5768,4470,3498,3636,4042,3815,3291,3214,3361,3271,-22.0611,4.07647,8.51036,48.0667
37196,4753,7708,6962,4444,4390,6038,5519,4190,3710,3930,3930,3497,3227,3397,3380,3220,-19.5359,-1.67614,8.79893,48.1967
37197,2989,3160,3371,3449,3166,3317,3870,3941,3440,3942,4802,6658,3362,3923,6050,12342,24.5411,28.3542,8.89735,47.8547
37198,3370,3866,4650,4890,3492,4201,6850,7173,3413,3846,5410,6014,3371,3658,4038,4185,-3.56701,16.4932,8.77998,48.2847
37199,6203,9768,6185,3995,4693,5284,4595,3833,3653,3776,3624,3417,3291,3246,3331,3127,-29.5612,-7.01539,8.57227,48.014
37200,3115,3265,3490,3427,3222,3456,3997,4216,3345,3832,5109,7796,3399,3927,5690,10432,19.1069,33.6555,8.51025,47.812
37201,3468,4594,8562,8660,3520,4028,5509,5837,3365,3519,3939,3890,3090,3280,3389,3355,-24.1383,15.2368,8.50454,48.0033
37202,4504,5781,5312,3997,4575,7335,6265,4136,3948,4578,4283,3550,3486,3705,3690,3384,-11.0004,-2.53574,8.66616,48.3527
37203,4478,4883,3971,3514,5730,7711,4733,3705,4875,5928,4381,3536,3943,4058,3616,3425,-4.1013,-10.0251,8.75101,48.3247
37204,3456,4276,8115,10180,3356,3959,5182,5685,3272,3483,3791,3890,3102,3294,3458,3434,-33.3525,17.6888,8.61699,47.9553
37205,5931,9937,6273,4149,4598,5322,4385,3856,3603,3679,3539,3424,3353,3270,3317,3256,-27.5531,-6.47701,8.87998,47.928
37206,5462,9420,6974,4352,4504,5307,4819,3942,3631,3708,3701,3445,3295,3408,3167,3187,-28.1782,-3.82854,8.55238,48.2147
37207,4057,3779,3429,3208,6190,4489,3732,3272,9846,5520,3808,3315,5994,4574,3741,3226,6.72998,-25.9711,8.82862,48.12
37208,3214,3297,3550,3733,3222,3652,4215,5056,3358,3881,5124,9894,3334,3931,5247,7483,11.5776,33.8321,8.93123,48.1273
37209,3316,3466,3404,3245,3626,3831,3819,3353,4450,5765,4964,4027,5184,8595,6973,4455,22.5099,-2.67925,8.71966,48.3153
37210,3162,3356,3425,3466,3336,3526,4129,4108,3543,4210,6454,6029,3710,4679,8011,7352,18.6859,14.194,8.92031,48.3307
37211,7607,6850,4090,3450,7123,6605,4165,3604,4430,4085,3644,3242,3511,3532,3226,3115,-16.2127,-16.7574,8.91672,48.186
37212,3279,4066,6541,12276,3456,3831,4776,5970,3148,3412,3876,3945,2999,3192,3377,3525,-30.6441,24.916,8.6284,47.7793
37213,5470,4628,3699,3296,9306,5424,3828,3337,6647,4576,3744,3287,4220,3882,3519,3131,-4.84729,-24.1015,8.78174,47.996
37214,3067,3263,3475,3421,3175,3525,3840,4209,3392,3810,5107,7418,3329,3904,6242,10557,19.8304,23.9151,8.84306,47.8227
37215,3372,3375,3267,3084,3852,3866,3605,3320,5416,5154,4139,3565,8676,9054,4661,3656,30.9751,-13.8841,8.59281,48.0413
37216,3756,3689,3293,3074,5088,4094,3615,3249,9452,5201,3770,3411,7949,5158,3771,3292,12.7013,-29.8608,8.59204,47.908
37217,3195,3466,3660,3835,3377,3649,4349,5458,3405,3903,5155,9815,3310,3701,4790,6844,9.49342,32.9746,8.586,47.9413
37218,8209,5168,3768,3333,9424,5183,3740,3416,4799,4092,3522,3315,3576,3545,3293,3163,-13.1982,-32.0127,8.98831,47.6973
37219,4795,4075,3543,3228,7847,5147,3715,3462,8187,5247,3824,3370,4816,4084,3619,3254,0.424527,-23.9683,8.60818,48.142
37220,3187,3277,3395,3375,3276,3446,3717,3911,3380,3880,4749,6051,3381,3784,5910,12441,31.2115,32.0805,8.9367,47.44
37221,3641,4798,9192,8862,3472,3901,5228,5502,3305,3466,3781,3926,3137,3210,3361,3304,-29.3401,14.5548,8.85216,48.0573
37222,3388,4053,6214,10745,3300,3819,5194,7337,3253,3408,3928,4231,2999,3114,3543,3435,-20.1147,23.9958,8.91422,47.974
37223,9560,8562,4571,3417,5504,5082,4030,3346,3938,3867,3565,3256,3325,3331,3318,3250,-31.8189,-16.412,8.98265,47.948
37224,12427,6179,3888,3399,6482,4713,3721,3328,4022,3814,3396,3196,3291,3403,3178,3088,-24.6823,-33.6422,8.88837,47.6833
37225,3150,3347,3415,3251,3462,3748,3892,3679,4137,5057,5764,4424,4530,6939,8419,5003,21.975,2.51549,8.80283,48.1447
37226,3065,3275,3487,3637,3286,3525,4044,4437,3373,3817,5373,8239,3435,3872,5731,9527,17.0263,25.3735,8.61031,48.082
37227,3612,4279,4544,4045,3935,5910,7020,4536,3872,5111,5872,4280,3648,3828,4023,3755,-2.88991,2.9992,8.5237,48.18
37228,3231,3716,4590,5953,3385,3675,5289,9637,3238,3652,4730,6472,3214,3362,3917,4112,-5.76114,26.5504,8.74085,48.1153
37229,3130,3315,3576,3748,3242,3548,4146,4903,3386,3975,5951,8814,3465,3919,5501,7388,12.9463,21.6396,8.66595,48.0047
37230,3328,3190,3330,3242,3534,3670,3739,3575,3888,4712,5133,4446,4323,7177,9178,5312,31.9565,3.45584,8.82471,47.8513
37231,12602,6018,3969,3491,5973,4859,3715,3428,3829,3804,3422,3294,3304,3367,3174,3211,-28.0191,-33.105,8.65665,47.64
37232,4774,6675,5593,4113,4776,7173,5722,4006,3741,4280,4118,3631,3478,3508,3473,3267,-13.8664,-3.67593,8.61222,48.2187
37233,3917,4077,3534,3204,5355,5561,3995,3457,6694,7597,4449,3401,4918,4906,4023,3341,5.02553,-13.2218,8.88074,48.286
37234,3411,3690,5077,7292,3394,3779,5349,9625,3368,3556,4348,5420,3110,3259,3646,3797,-10.7761,27.4334,8.67011,48.0807
37235,3257,3269,3353,3436,3197,3359,3728,3984,3424,3790,4897,5904,3436,3917,6783,11795,29.9847,23.2296,8.81388,47.686
37236,3451,3420,3275,3036,4196,3994,3624,3252,6581,5551,4000,3473,9120,7246,4264,3467,20.154,-18.1999,8.55554,47.9667
37237,3438,3310,3066,3113,3963,3909,3462,3164,6453,4735,3749,3405,12466,5961,3986,3355,25.114,-30.0476,8.93291,47.69
37238,3398,3456,3538,3446,3433,4054,4623,4088,3819,5233,8196,5272,3779,4683,6202,5098,11.0273,7.51923,8.99511,48.212
37239,3576,4500,8634,9441,3508,3945,5080,5605,3320,3532,3901,3846,3115,3297,3360,3417,-32.82,16.4248,8.98968,48.0513
37240,3411,3836,4502,4494,3570,4471,7144,6011,3594,4191,6244,5455,3376,3698,4172,4215,-2.1084,12.7145,8.89144,48.256
37241,3453,3846,4456,4348,3645,4711,7330,5626,3569,4330,6471,5224,3480,3713,4110,4082,-1.69689,10.3798,8.76552,48.2627
37242,3151,3279,3439,3431,3162,3480,3680,3992,3431,3841,4931,5752,3431,4270,7566,10895,33.0807,19.9286,8.90149,47.8207
37243,3853,4045,3881,3437,4351,6075,5023,3885,4591,7062,5826,3970,3957,4425,4214,3608,2.06122,-3.38915,8.92994,48.1353
37244,3404,3350,3229,3138,3900,3827,3420,3263,6175,4791,3787,3365,12727,6003,4045,3435,27.3314,-29.8707,8.76606,47.906
37245,4503,6588,7715,4905,4094,5454,6101,4472,3617,3906,3934,3687,3217,3455,3394,3217,-18.4408,1.78991,8.887,48.1727
37246,3324,3450,3275,3185,3783,3946,3636,3448,4899,6280,4861,3805,5818,8699,5962,3993,20.5019,-6.77966,8.51232,48.2427
37247,3118,3342,3448,3468,3309,3457,3943,4480,3422,3678,5040,8262,3360,3893,5593,10107,17.2527,32.3408,8.86768,47.9467
37248,6762,6222,4049,3483,7367,6808,4083,3500,4749,4458,3725,3267,3644,3642,3352,3242,-13.1497,-16.4635,8.55405,48.2353
37249,6696,9770,5805,3888,4705,5231,4294,3773,3580,3852,3595,3384,3339,3385,3282,3139,-28.1081,-8.57036,8.62631,47.812
37250,4427,7517,8966,4980,4137,4719,5036,4340,3467,3653,3677,3529,3235,3405,3416,3294,-32.1417,2.03459,8.86261,47.8653
37251,12432,6029,3917,3433,6207,4778,3782,3524,3967,3871,3528,3178,3386,3376,3305,3093,-27.6418,-30.4172,8.60454,47.8707
37252,3276,3376,3394,3194,3739,3792,3770,3456,4424,5132,4620,3962,5263,9466,7058,4314,33.9307,-3.46903,8.84018,48.1573
37253,7258,6873,4279,3595,6797,6501,4239,3573,4332,4244,3708,3288,3499,3569,3342,3106,-15.8036,-15.4427,8.54329,48.1353
37254,3408,3933,5702,10348,3378,3871,4987,8024,3219,3460,3990,4360,3061,3258,3445,3515,-18.3177,26.6731,8.701,47.9727
37255,3163,3285,3602,3742,3251,3709,4386,5171,3338,3921,5842,8943,3363,3856,5283,7282,11.0691,22.2521,8.56373,48.0913
37256,3235,3302,3398,3354,3348,3692,3951,3925,3646,4156,5821,5544,3723,4844,8793,7545,21.1195,12.7453,8.57762,48.1847
37257,4812,4267,3513,3361,8165,5312,3797,3280,8193,5203,3646,3265,4598,4140,3538,3220,-0.497849,-24.1749,8.96361,48.2067
37258,7381,7532,4495,3574,6432,6319,4324,3553,4222,4088,3597,3365,3519,3452,3254,3151,-17.4208,-14.8357,8.62907,48.172
37259,3430,3814,6032,12222,3440,3814,4762,6585,3339,3450,3799,4026,3052,3231,3446,3398,-24.636,28.0974,8.63655,47.8933
37260,3501,3462,3358,3192,3849,3777,3540,3160,5529,5095,3859,3489,10335,7812,4225,3679,30.9555,-18.5003,8.67779,47.908
37261,3922,4656,5039,4165,4018,5982,7672,4823,3769,4581,5316,4150,3426,3703,3644,3678,-6.44634,3.7428,8.65988,48.3627
37262,3234,3612,4052,4343,3455,3905,5624,6125,3432,4118,6672,7127,3353,3807,4539,4773,2.79962,16.475,8.65981,48.114
37263,3352,3522,3561,3442,3675,4241,4599,3925,3950,6114,7434,4747,4085,5204,5962,4597,11.7832,2.8502,8.67082,48.2733
37264,5479,8210,5580,4036,4954,6678,4896,3850,3647,4116,3748,3429,3363,3469,3450,3255,-18.4945,-6.88348,8.66343,48.1067
37265,3262,3714,4566,5644,3307,3700,5195,9894,3262,3672,4506,6851,3151,3462,3829,4228,-5.07546,29.081,8.86505,48.162
37266,3345,3466,3648,3591,3493,4084,4836,4044,3902,5572,8334,5162,3809,4724,5692,4583,9.61089,5.97241,8.89115,48.19
37267,3121,3274,3470,3283,3231,3538,3864,3949,3441,4050,5198,5311,3580,4678,8768,9046,32.8829,15.3649,8.82894,47.868
37268,9721,8451,4510,3554,5376,5140,4045,3519,3844,3741,3639,3277,3318,3361,3295,3172,-30.3419,-16.5897,8.53098,47.9753
37269,12879,6059,3810,3477,6186,4751,3695,3295,3860,3843,3423,3226,3377,3362,3254,3129,-27.533,-29.8232,8.91452,47.7507
37270,3437,4610,8668,9813,3486,3989,5076,5588,3329,3437,3802,3937,3111,3261,3397,3360,-29.7893,17.2037,8.97436,48.2007
37271,3131,3306,3537,3576,3183,3590,3995,4683,3380,4004,5550,8767,3300,3993,5666,8503,14.3983,23.7042,8.71426,48.1093
37272,6310,9078,5600,3949,4953,6124,4521,3836,3732,3858,3658,3348,3372,3338,3301,3187,-21.4676,-8.37644,8.81088,48.11
37273,3683,5012,8787,7050,3608,4363,5993,5459,3341,3613,3971,3948,3161,3238,3418,3440,-20.8611,11.5452,8.80244,48.0567
37274,4176,3927,3301,3182,6616,4719,3576,3294,9817,5248,3724,3408,5645,4501,3736,3216,5.1565,-26.7804,8.90292,48.0573
37275,10878,7526,4158,3539,5934,4941,3901,3342,3976,3795,3487,3288,3428,3387,3192,3100,-26.0962,-20.1331,8.58642,47.9147
37276,6832,6673,4333,3532,6858,7035,4255,3468,4391,4328,3760,3324,3604,3500,3303,3175,-14.4415,-15.1406,8.7983,48.2473
37277,7052,4897,3708,3277,9675,5210,3720,3346,5461,4286,3543,3314,3926,3784,3344,3196,-10.1139,-31.0971,8.52719,47.826
37278,3149,3223,3390,3312,3329,3583,3926,3805,3611,3985,5318,5456,3664,4758,9266,8268,26.1781,13.5259,8.85892,48.0287
37279,3097,3219,3387,3414,3293,3464,3762,3925,3395,3933,4878,6592,3370,3912,5976,11865,24.3933,32.7787,8.60896,47.6547
37280,3297,3492,3583,3600,3530,4133,4887,4298,3814,5207,8348,5471,3694,4398,5817,4813,9.5686,8.13523,8.94026,48.2547
37281,5206,4296,3540,3256,9195,5309,3809,3382,7452,4752,3742,3214,4446,4068,3485,3187,-2.46211,-26.4087,8.89825,48.226
37282,3335,3306,3192,3183,3916,3773,3324,3280,6364,4671,3753,3474,12762,6037,3989,3331,26.4015,-31.8185,8.79898,47.7933
37283,3435,3403,3184,3097,4191,3901,3509,3248,6895,4793,3874,3356,11413,6097,3962,3399,22.0316,-26.8125,8.51781,47.838
37284,3144,3301,3501,3468,3364,3587,3792,3912,3548,4098,5212,5400,3542,4634,8893,8768,33.3647,14.8316,8.8059,48.1093
37285,3865,5363,8427,6091,3727,4669,6650,5244,3396,3742,4125,3860,3178,3382,3570,3359,-18.7679,8.88477,8.76826,48.432
37286,5295,9113,7622,4453,4427,5059,4684,3941,3576,3705,3762,3473,3284,3402,3296,3114,-27.1196,-2.43938,8.97994,48.1373
37287,3715,3946,3746,3505,4312,5927,4763,3859,4696,7536,5667,3935,4143,4821,4257,3592,3.96835,-4.52232,8.92337,48.28
37288,4245,5701,5663,4426,4302,6566,6832,4431,3704,4369,4362,3779,3430,3606,3501,3344,-11.6982,0.664914,8.71729,48.174
37289,4824,4552,3768,3301,6953,6618,4144,3426,6273,5949,3956,3418,4257,4063,3629,3422,-1.79942,-16.4982,8.90711,48.3687
37290,7667,6420,4101,3437,7463,6333,4010,3442,4387,4142,3625,3341,3569,3533,3364,3144,-15.2166,-18.1072,8.73271,47.9853
37291,3296,3527,4632,5731,3458,3777,5333,9499,3273,3563,4573,6588,3218,3438,3886,4194,-4.75987,30.3585,8.57317,47.9907
37292,11422,7152,4127,3442,6327,4931,3789,3403,4011,3864,3454,3143,3435,3369,3266,3088,-25.5253,-21.8359,8.74942,48.1487
37293,3357,3441,3341,3064,3908,4042,3664,3467,5540,6271,4366,3585,7157,8483,4739,3671,20.3357,-12.2744,8.53137,48.064
37294,3099,3250,3411,3527,3305,3342,3784,4065,3327,3761,4969,6991,3401,3971,5931,11684,22.1755,28.0148,8.63337,47.8787
37295,3388,3284,3271,3111,4092,3746,3362,3155,6652,4810,3713,3375,12374,6043,3979,3350,25.4159,-29.3855,8.79617,47.8033
37296,3171,3233,3412,3376,3306,3491,3731,3964,3484,4049,5195,5382,3592,4566,8953,9025,26.6802,15.1315,8.74459,47.9533
37297,3465,3355,3287,2976,3937,3771,3439,3269,6130,4755,3761,3327,12655,6396,3861,3405,28.8295,-26.8083,8.86221,47.8593
37298,3942,6032,10009,6230,3804,4507,5263,4701,3429,3524,3882,3675,3226,3255,3364,3199,-27.4314,7.27751,8.82072,48.028
37299,3436,4215,6814,8062,3537,4080,6189,7217,3282,3554,4191,4254,3071,3208,3500,3464,-16.5777,17.7863,8.64131,48.0493
37300,3613,4383,7032,7032,3476,4248,6684,6639,3396,3664,4191,4296,3254,3252,3495,3463,-15.7434,14.4634,8.99741,48.0787
37301,4547,6553,6183,4455,4350,6598,6185,4347,3699,4118,4117,3609,3359,3441,3386,3348,-15.2917,-0.57081,8.97854,48.1967
37302,3310,3564,4133,4764,3277,3762,4889,8233,3310,3717,4928,8552,3144,3574,4056,4826,0.508983,28.5379,8.92284,48.026
37303,11864,6785,4058,3463,6276,4803,4006,3371,3951,3782,3449,3196,3345,3446,3258,3023,-26.647,-23.0639,8.66734,48.0507
37304,5292,4338,3539,3234,8874,5065,3728,3383,7583,4794,3715,3404,4426,4077,3523,3263,-2.17922,-29.6434,8.61035,48.1587
37305,3772,4952,6655,5180,3705,5014,7736,5307,3553,3926,4448,4152,3240,3422,3555,3555,-12.7667,7.69893,8.77814,48.1147
37306,3283,3325,3449,3315,3710,4084,4019,3709,4309,6206,5897,4220,4609,6890,6705,4487,17.1859,-0.642134,8.66755,48.1447
37307,3495,4022,5299,5463,3495,4204,7554,7185,3367,3866,5069,4929,3232,3475,3910,3841,-8.06023,14.5871,8.796,48.2707
37308,3199,3342,3494,3420,3281,3611,4105,3917,3635,4439,6243,5374,3632,5099,8672,6772,20.2021,10.6328,8.71998,48.1567
37309,4227,4873,4247,3590,4927,7815,5522,3938,4359,5592,4675,3697,3715,3993,3651,3512,-4.66651,-5.46723,8.76143,48.222
37310,4292,6496,7399,4855,4095,5621,6182,4529,3664,3964,4075,3650,3301,3396,3386,3297,-17.5659,1.88721,8.5276,48.1347
37311,3170,3314,3568,3668,3271,3523,4087,4708,3323,3865,5314,9056,3288,3853,5503,8732,14.6009,26.0452,8.79763,48.162
37312,3211,3224,3336,3310,3387,3607,3856,3763,3716,4464,5295,4701,3931,5813,9818,6337,32.7585,8.15485,8.64398,47.846
37313,3133,3209,3441,3340,3251,3523,3784,3814,3577,4026,5168,5401,3500,4533,8600,9582,31.9598,16.2985,8.85457,47.9213
37314,3490,3720,3834,3579,3917,4738,4897,3986,4230,6465,7298,4510,3861,4809,5040,4142,7.11127,1.58743,8.60076,48.344
37315,4786,4090,3495,3228,8271,4849,3744,3352,8208,4971,3822,3425,4743,4025,3505,3299,-0.0116513,-28.2593,8.57045,47.8753
37316,3104,3233,3518,3614,3181,3430,4066,4538,3483,3981,5725,8257,3381,3949,6207,8722,15.9993,21.7295,8.93667,48.2593
37317,5565,9147,6378,4096,4542,5647,4801,3998,3749,3946,3688,3322,3321,3447,3279,3148,-23.9329,-4.83626,8.70925,48.0493
37318,3250,3432,3272,3188,3802,3811,3544,3330,4911,5189,4306,3658,6960,9819,5437,3842,31.0142,-9.9899,8.87369,47.834
37319,3205,3231,3324,3289,3203,3388,3796,3814,3293,3830,4931,6712,3418,4018,6065,11973,23.2517,33.9669,8.97437,47.66
37320,9330,5504,3816,3349,8694,5197,3615,3463,4504,3993,3570,3163,3653,3538,3300,3088,-15.8767,-27.8644,8.75348,47.8513
37321,4691,7690,7378,4690,4205,5730,5658,4200,3537,3897,3791,3601,3231,3406,3293,3309,-19.8909,-0.475299,8.97381,48.2047
37322,12075,6019,3925,3323,6749,4959,3922,3325,4132,3740,3333,3247,3373,3394,3184,3188,-24.5104,-27.2982,8.64644,47.9253
37323,3419,3295,3228,3016,4035,3815,3523,3234,6933,4957,3765,3380,11727,5975,3980,3415,22.0059,-27.7626,8.64768,47.798
37324,3228,3381,3664,3844,3189,3609,4270,5609,3398,3871,5166,9903,3278,3681,4876,6881,9.62285,30.6248,8.70265,47.8987
37325,4091,3940,3500,3278,5842,5048,3668,3399,8299,6472,3936,3395,5456,4767,3884,3356,5.39202,-18.9933,8.77247,48.2207
37326,3543,3524,3246,3109,4123,3977,3572,3240,6287,5578,3991,3342,9115,7692,4316,3523,20.9485,-17.6338,8.94752,48.1187
37327,3067,3328,3358,3364,3482,3555,3760,3737,3811,4586,5234,4583,4144,6271,9739,5775,33.1028,5.56712,8.6748,47.8627
37328,3654,4172,4227,3733,4219,5909,5949,4014,4256,6213,5790,4204,3863,4224,4219,3733,0.445041,-0.575812,8.71195,48.2527
37329,3301,3338,3310,3147,4206,3949,3666,3301,7473,5188,3754,3354,10602,6133,4032,3544,19.5651,-24.491,8.90758,48.1987
37330,3357,3439,3671,3460,3647,4212,4531,3987,4013,5932,7695,4796,4007,5064,6037,4691,11.4938,3.82453,8.95413,48.3593
37331,4001,4237,3765,3307,5101,6202,4335,3627,5702,7445,4576,3586,4415,4622,4045,3420,2.9162,-10.2185,8.54147,48.2573
37332,3181,3345,3320,3364,3330,3748,3777,3625,3882,4773,5066,4346,4427,7184,9177,5327,29.1805,3.31444,8.5985,47.9147
37333,3299,4012,5153,7851,3342,3772,5132,9596,3227,3552,4188,4990,3084,3462,3665,3669,-11.9912,32.6425,8.50201,47.996
37334,3319,3368,3312,3172,3699,3963,3673,3357,4614,5783,4698,3845,5811,9467,6276,4123,23.1454,-5.91339,8.95791,48.32
37335,3432,3952,5463,6499,3476,4157,6818,8220,3331,3673,4594,4899,3212,3373,3571,3652,-10.9,18.2119,8.94384,48.2147
37336,3197,3209,3399,3339,3303,3459,3652,3818,3451,3724,4740,5892,3297,3866,5949,12678,28.9645,32.3828,8.96007,47.3153
37337,3345,3634,4395,5353,3362,3739,5240,9069,3337,3670,4707,7360,3141,3473,4005,4312,-3.0165,28.2944,8.72225,48.0947
37338,3845,5207,6403,4689,4070,5703,7701,4823,3605,3998,4563,3930,3292,3446,3469,3487,-12.5564,4.52684,8.81836,48.154
37339,2965,3394,3654,3874,3272,3534,4425,5292,3369,3908,5556,9477,3407,3846,5079,7342,10.8893,25.0415,8.64231,48.2627
37340,3166,3396,3448,3337,3411,3662,3784,3692,4156,5097,5537,4373,4381,6900,8597,5166,22.4022,2.96668,8.66595,48.0687
37341,3422,3614,4154,4025,3657,4464,6209,5091,3647,4705,7390,5515,3574,3863,4556,4342,2.11235,10.1519,8.59704,48.152
37342,3423,3445,3250,3112,3769,3993,3787,3442,4912,6031,4661,3742,6166,9043,5635,3977,21.5326,-7.79711,8.61961,48.2587
37343,3056,3313,3465,3461,3212,3621,3938,4258,3481,3885,5277,7280,3346,4074,6335,10228,19.709,22.788,8.67883,48.1533
37344,3227,3511,3871,4142,3332,3693,4663,6590,3329,3817,5447,9601,3275,3599,4469,5762,5.0147,26.7776,8.55311,48.2187
37345,7728,5025,3840,3421,9683,5228,3763,3393,5193,4204,3520,3124,3737,3751,3222,3237,-11.8346,-30.3037,8.94849,48.046
37346,4947,4330,3719,3244,7963,5750,3865,3487,7118,5210,3931,3377,4478,4049,3480,3193,-1.8247,-20.6663,8.81764,48.094
37347,3517,3385,3221,3202,3999,3766,3468,3243,6044,4657,3752,3281,12563,5878,3889,3271,33.615,-29.5602,8.83812,47.424
37348,3486,3442,3470,3279,3838,4393,3992,3648,4974,7640,5341,3992,4971,6989,5166,3905,14.1863,-5.8528,8.86091,48.3507
37349,3059,3294,3479,3491,3323,3600,4093,4036,3481,4173,6131,6303,3564,4601,7932,7667,18.9463,14.8791,8.79734,48.1513
37350,10471,6445,3939,3399,7279,5201,3879,3310,4092,3928,3461,3194,3393,3397,3207,3087,-20.4475,-23.0655,8.91046,47.788
37351,3174,3350,3540,3536,3338,3768,4266,4132,3699,4365,7229,5890,3656,4590,7526,6316,15.7583,11.5742,8.80104,48.25
37352,3507,3482,3284,3048,4043,3692,3472,3106,6718,4924,3686,3463,12118,6053,3766,3455,23.7348,-30.4838,8.8343,47.878
37353,3762,3513,3435,3140,5291,4291,3583,3390,9705,5236,3774,3324,7284,4933,3854,3475,10.5945,-31.586,8.5617,47.9933
37354,3642,3504,3398,3156,4328,4404,3910,3353,6323,7438,4575,3518,5895,6704,4530,3561,13.5004,-12.173,8.77537,48.1593
37355,3471,3432,3230,3068,4214,3902,3339,3275,7393,4981,3893,3366,11063,6005,3939,3289,20.7231,-28.0114,8.5729,47.9067
37356,8202,7682,4523,3419,6327,5970,4052,3552,4095,4051,3638,3269,3431,3507,3264,3112,-19.6833,-15.7791,8.61588,48.0627
37357,3378,3986,4683,4551,3699,4580,7855,5913,3508,4329,6016,5005,3398,3600,4027,4041,-3.7878,10.9235,8.9508,48.3793
37358,3163,3318,3481,3410,3237,3521,3829,3965,3410,3990,5024,5678,3455,4093,7386,10649,31.732,19.8057,8.52049,47.7393
37359,3591,3509,3284,3128,4520,4087,3480,3194,8683,5157,3755,3497,9206,5461,3859,3465,15.8668,-31.8982,8.69845,47.9173
37360,3285,3527,4169,4774,3384,3719,5065,8138,3325,3828,5031,8388,3196,3528,4115,4810,0.383423,28.6789,8.65888,48.188
37361,3461,3392,3327,3183,3836,3829,3453,3352,5240,5202,4176,3508,8470,9045,4750,3653,31.3643,-14.2042,8.74657,47.918
37362,4019,5485,9289,6512,3633,4530,5825,5187,3309,3648,3863,3834,3252,3290,3360,3365,-22.758,9.14455,8.70328,48.2673
37363,9627,8428,4410,3528,5679,5285,4006,3496,3912,3727,3485,3265,3377,3420,3273,2968,-25.9477,-16.6635,8.87018,47.924
37364,3508,3715,3433,3291,4246,4799,4021,3487,5666,8180,5091,3702,4964,5925,4415,3542,9.80034,-8.41121,8.66607,47.99
37365,3227,3323,3495,3234,3405,3676,3902,3761,3816,4688,5747,4644,4201,6282,9189,5755,22.9743,6.04118,8.7868,48.23
37366,10677,6073,3956,3328,7378,5231,3811,3551,4168,3894,3577,3275,3534,3459,3280,3084,-20.1372,-24.4663,8.69603,48.184
37367,3637,4855,9470,8644,3465,4085,5186,5306,3292,3573,3833,3765,3074,3158,3367,3293,-26.982,13.7028,8.97932,48.002
37368,3836,5119,7807,5750,3616,4820,6953,5358,3371,3893,4148,3966,3153,3424,3522,3395,-16.874,8.9991,8.70352,48.0873
37369,7948,5708,3967,3415,8566,5750,3863,3417,4832,4136,3587,3228,3739,3680,3347,3071,-13.8648,-22.3277,8.50691,48.1693
37370,3204,3471,4066,4368,3268,3666,4646,6881,3362,3820,5264,9154,3147,3643,4322,5475,4.15524,27.1696,8.56265,47.838
37371,5237,8387,6602,4460,4466,5914,5148,3909,3688,3898,3808,3544,3374,3421,3320,3213,-20.9383,-3.47738,8.52744,48.2593
37372,3282,3864,5627,9768,3412,3947,5041,8437,3141,3488,4061,4556,3085,3353,3513,3522,-16.8747,27.6655,8.74383,48.0647
37373,3812,4328,4614,4033,4130,6025,6940,4567,3910,5136,5734,4188,3554,3941,3932,3637,-3.37521,2.2273,8.59308,48.3207
37374,3640,4864,9442,8448,3510,4141,5504,5399,3273,3592,3675,3859,3114,3279,3382,3342,-26.2061,13.6677,8.98405,48.3093
37375,7288,9392,5140,3673,5258,5838,4296,3633,3850,3912,3536,3324,3362,3357,3306,3146,-23.6835,-11.189,8.86385,48.2073
37376,3694,4093,3956,3584,4129,5527,5286,3960,4372,6608,6273,4201,3897,4366,4440,3899,2.96763,-0.998154,8.8558,48.19
37377,3611,4617,7010,5920,3567,4604,7474,6149,3387,3735,4454,4260,3197,3423,3637,3468,-13.8538,11.5337,8.99001,48.342
37378,3963,5571,7267,5221,3958,5357,7096,4934,3683,3992,4394,3956,3155,3381,3519,3299,-15.5243,5.48296,8.55141,48.4973
37379,3455,3446,3166,3183,3919,3735,3313,3229,5869,4815,3780,3410,12216,6468,4046,3327,31.0508,-24.1132,8.77412,47.5847
37380,3301,3478,4111,4770,3395,3702,4960,8426,3374,3702,4950,8142,3229,3540,4198,4847,-0.116431,26.9888,8.75495,48.0833
37381,4042,5845,9820,6331,3785,4350,5532,4888,3415,3742,3802,3740,3064,3243,3372,3376,-24.791,8.25806,8.78224,48.2313
37382,5214,5696,4269,3667,6092,8183,4868,3632,4484,4893,4047,3417,3704,3682,3549,3253,-9.05691,-10.5479,8.98217,48.4333
37383,3181,3316,3199,3130,3774,3782,3531,3262,4941,5298,4340,3659,7606,9893,5024,3783,29.3997,-11.5976,8.72354,47.8127
37384,3761,5819,9922,6710,3754,4385,5268,4845,3409,3635,3810,3681,3138,3394,3479,3297,-29.5056,8.62586,8.64881,48.2047
37385,5508,4587,3580,3313,9351,5463,3738,3192,6663,4738,3626,3324,4255,3957,3442,3217,-4.56174,-24.854,8.97634,47.9693
37386,3676,3966,4305,3959,3849,5228,6561,4556,3934,5274,6822,4684,3565,3966,4258,3992,0.505584,4.50592,8.55778,48.3967
37387,5371,4878,3881,3389,7672,6941,4245,3497,5512,5002,3876,3334,3964,3940,3446,3185,-6.36015,-16.8919,8.5452,48.0887
37388,5941,5001,3891,3257,8735,6459,3908,3503,5524,4700,3753,3340,3987,3790,3532,3137,-7.82811,-19.4752,8.79039,48.3053
37389,4548,7334,8368,4962,4191,5151,5754,4317,3475,3888,3784,3558,3297,3308,3283,3304,-22.0269,1.59473,8.99849,48.348
37390,3310,3719,4568,5786,3455,3892,5459,9409,3332,3672,4691,6377,3153,3502,3877,4097,-5.57672,25.1088,8.73864,48.1993
37391,4525,6467,6658,4670,4318,6050,6322,4347,3717,4174,4074,3668,3288,3534,3497,3266,-16.0964,0.41742,8.83797,48.3833
37392,10226,6719,4092,3475,6807,5252,3959,3274,4148,3923,3512,3277,3455,3437,3245,3120,-20.7595,-20.9023,8.56679,47.9473
37393,3341,3842,5381,8418,3382,3836,5264,9401,3315,3529,4170,4797,3093,3253,3625,3631,-13.3675,29.701,8.79944,48.1853
37394,3492,3486,3378,3183,4022,4417,3800,3440,5270,7459,5007,3789,5536,7333,4955,3844,15.0294,-8.18274,8.97659,48.274
37395,6346,4815,3755,3350,9626,5459,3871,3295,5868,4426,3680,3368,3945,3707,3291,3209,-7.81676,-25.3083,8.98755,48.0073
37396,3490,3393,3399,3201,3866,3856,3588,3258,5284,5203,4239,3574,7853,9426,4947,3601,33.534,-12.6071,8.59491,48.1187
37397,3125,3314,3435,3341,3361,3612,3803,3733,3661,4187,5419,5062,3691,5129,9336,7636,27.1049,11.7627,8.57827,47.8967
37398,3211,3219,3411,3408,3281,3431,3812,4010,3537,3803,4985,7073,3357,3961,5867,11546,21.1069,33.4022,8.94438,47.9413
37399,8080,9685,4949,3651,5156,5107,4098,3621,3781,3768,3553,3260,3423,3346,3248,3222,-29.4623,-12.7746,8.97466,47.9653
37400,7182,9076,5124,3729,5346,5767,4326,3666,3873,3832,3649,3358,3338,3329,3318,3219,-22.3832,-11.1146,8.65274,48.088
37401,4052,4792,4474,3752,4512,7214,5988,3912,4265,5598,4984,3844,3782,3906,3853,3503,-4.17291,-3.07703,8.76659,48.2873
37402,3615,4693,9059,8752,3652,4052,5052,5384,3278,3581,3795,3881,3216,3225,3362,3365,-30.881,14.5417,8.52342,47.9747
37403,8049,9611,5001,3686,5210,5168,4266,3481,3864,3785,3592,3213,3179,3419,3320,3084,-29.4275,-12.6182,8.8671,47.952
37404,4155,3896,3448,3156,6295,4816,3640,3364,8824,5868,3835,3442,5567,4632,3734,3409,4.79395,-21.5785,8.59199,48.054
37405,5407,5911,4318,3543,6357,8118,4610,3569,4508,4786,3991,3406,3595,3707,3502,3150,-10.2307,-11.6193,8.93406,48.3187
37406,5398,4602,3929,3331,8571,6240,3969,3418,6104,4965,3718,3278,4045,3924,3469,3197,-5.16303,-19.6213,8.95107,48.1053
37407,3500,4035,4434,4031,3799,5170,7013,4820,3753,4930,6615,4695,3514,4015,4259,3883,-0.71438,5.61092,8.93483,48.3107
37408,3323,3315,3258,3190,3591,3729,3734,3567,4444,5298,4906,3877,5395,9164,6929,4387,26.1089,-3.3202,8.97751,48.0713
37409,3168,3231,3519,3403,3271,3404,3708,4019,3425,3814,4882,6562,3283,3967,5941,12319,25.0153,29.1676,8.86824,47.944
37410,3890,5261,7615,5522,3758,4974,7241,5231,3490,3796,4142,3920,3237,3342,3411,3290,-16.2991,7.35681,8.67636,48.08
37411,3146,3300,3429,3302,3227,3489,3871,3888,3517,4007,5158,5446,3574,4726,9230,8464,32.0381,13.9144,8.72159,47.8493
37412,3417,3768,4989,6942,3361,3899,5234,9819,3310,3563,4437,5502,3184,3410,3642,3769,-9.75333,30.6142,8.51639,48.164
37413,3191,3119,3310,3412,3275,3368,3716,3797,3431,3730,4761,5938,3425,3887,6070,12536,30.8218,33.5537,8.59099,47.3107
37414,11084,5856,3847,3429,7384,4946,3834,3422,4256,3920,3399,3364,3287,3515,3214,3156,-20.4144,-31.9415,8.89739,47.942
37415,3933,3975,3606,3316,5134,5468,4113,3444,6561,7633,4420,3589,4978,5123,3943,3475,5.70453,-13.3862,8.57324,48.474
37416,3285,3717,5163,8295,3369,3834,5261,9321,3271,3511,4096,4871,3176,3231,3480,3679,-13.5183,29.2214,8.81886,47.7067
37417,9723,6200,4018,3400,7771,5412,3925,3426,4387,3940,3594,3257,3434,3464,3235,2989,-18.2002,-22.2998,8.98339,48.1167
37418,3328,3392,3410,3258,3549,3881,3966,3612,4309,5610,5536,4333,4488,7130,7554,4798,19.7143,0.70013,8.67721,48.1027
37419,3414,3452,3357,3068,3888,3824,3533,3220,5533,5342,4170,3506,8947,8844,4700,3630,26.7521,-15.2844,8.75362,48.2853
37420,3366,4003,6100,10617,3404,3905,5137,7716,3262,3400,4009,4280,2990,3341,3392,3440,-19.5495,24.8064,8.83729,48.2413
37421,3285,3428,4041,4359,3347,3863,4731,7410,3427,3819,5173,8931,3268,3685,4352,5113,2.59992,33.4819,8.52076,48.1547
37422,3807,3814,3622,3360,4899,5692,4131,3471,6081,8050,4560,3684,4712,4934,4040,3521,5.14677,-10.8322,8.62781,48.252
37423,3719,5193,9601,7563,3613,4334,5289,4995,3303,3532,3871,3689,3290,3278,3412,3255,-32.5058,11.6542,8.56877,47.958
37424,3156,3335,3378,3327,3296,3580,3816,3756,3687,4393,5578,4989,3759,5512,9841,6844,24.9904,9.67095,8.92626,48.1647
37425,3198,3346,3432,3350,3443,3720,4066,3702,3996,5107,6184,4594,4160,6201,8513,5221,19.5903,4.3137,8.97938,48.1553
37426,10173,7434,4220,3433,6283,5342,3918,3439,4031,3802,3515,3245,3355,3423,3237,3055,-22.9836,-19.172,8.98281,47.9367
37427,3099,3299,3407,3338,3383,3569,3882,3903,3481,4098,5134,5473,3582,4672,8758,9166,27.7304,15.4354,8.96309,48.1627
37428,3401,3319,3218,3209,3781,3821,3661,3460,4921,5231,4395,3600,6652,9994,5605,3818,33.897,-9.24084,8.85558,48.0573
37429,3347,3623,4265,4269,3475,4008,5897,6364,3485,4104,6511,7000,3250,3607,4496,4786,1.76197,16.3293,8.93125,48.3247
37430,5725,4450,3687,3285,9791,5145,3716,3416,6703,4602,3625,3343,4180,3926,3394,3153,-4.96996,-32.2544,8.95887,48.094
37431,3573,4135,6384,7558,3580,4121,6238,7428,3239,3599,4284,4489,3131,3314,3582,3554,-15.0517,17.349,8.70048,48.1393
37432,10029,5590,3890,3492,8263,5004,3867,3398,4489,3924,3460,3253,3572,3429,3258,3073,-17.1425,-30.003,8.71083,47.994
37433,3519,3673,3706,3420,3913,4855,4593,3777,4467,7113,6515,4232,4085,5102,5146,4136,8.70882,-0.902915,8.60034,48.168
37434,3274,3598,4329,5040,3289,3744,4977,9030,3331,3718,4831,7681,3245,3485,4008,4499,-2.05163,30.2978,8.78943,48.0527
37435,3136,3345,3610,3458,3409,3755,4199,4067,3558,4620,7278,5713,3683,4739,7495,6005,15.5661,10.2551,8.76032,48.0467
37436,5684,9104,6575,4259,4498,5780,4756,3895,3573,3921,3683,3519,3295,3368,3280,3220,-23.3085,-4.64523,8.91909,48.2733
37437,3228,3324,3280,3154,3792,3821,3641,3377,5076,5275,4282,3681,7121,9599,5409,3871,28.5013,-10.0263,8.6438,47.954
37438,3283,3894,5589,8284,3347,3892,5755,8539,3218,3697,4152,4685,3178,3370,3636,3603,-14.2361,22.8988,8.65647,48.0813
37439,3656,4826,9228,8518,3486,4115,5072,5299,3340,3490,3697,3879,3065,3336,3374,3279,-29.9001,13.588,8.88197,47.7733
37440,3331,3340,3182,3097,4005,3777,3413,3290,6099,4641,3827,3379,12921,6026,3944,3390,26.9631,-31.6803,8.98887,47.7747
37441,4301,5817,5172,4022,4707,7539,6237,4042,3854,4654,4293,3700,3403,3531,3559,3481,-10.6089,-2.42477,8.89035,48.208
37442,4376,6933,9116,5306,3939,4901,5400,4402,3333,3803,3802,3647,3202,3394,3433,3258,-24.8921,3.49713,8.55242,48.1633
37443,3151,3402,3838,4055,3432,3795,4883,5709,3398,4046,6355,8525,3308,3802,4956,5758,7.11845,19.1423,8.76141,48.2753
37444,5578,4358,3594,3354,9774,5137,3790,3225,6887,4561,3704,3177,4219,3887,3422,3187,-4.6871,-30.0968,8.90059,47.9027
37445,3346,3389,3534,3369,3671,4092,4261,3832,4259,5857,6917,4624,4237,5804,6852,4620,14.7452,2.75323,8.79497,48.4427
37446,4377,7302,8783,5230,3927,5101,5540,4334,3391,3794,3880,3605,3193,3251,3330,3311,-22.4051,2.54911,8.96028,48.2327
37447,3868,3725,3469,3154,5082,4719,3904,3390,7396,7163,4301,3461,5839,5492,4064,3425,8.82328,-15.7649,8.79126,48.3013
37448,5933,5764,4135,3509,7208,7279,4417,3549,4830,4641,3722,3324,3762,3643,3410,3095,-10.6293,-15.3424,8.651,48.1473
37449,3278,3411,3364,3204,3742,3801,3592,3496,4430,5240,4637,3934,5469,9521,6774,4238,27.713,-4.41107,8.74471,48.0873
37450,3416,4050,5467,5410,3472,4550,7743,7034,3328,3901,4992,4819,3274,3441,3810,3876,-8.18761,13.6907,8.77255,48.3887
37451,3491,3808,3812,3608,3848,4930,5193,3991,4312,6355,7063,4540,3928,4601,4824,3994,5.38437,1.47328,8.55902,48.1987
37452,3752,4103,4071,3776,4160,5806,6109,4214,4152,6142,6085,4224,3734,4141,4128,3785,0.581327,0.31566,8.66941,48.2547
37453,3124,3376,3320,3276,3387,3749,3808,3742,3900,4681,5447,4630,4150,6602,9450,5617,25.0762,4.84997,8.81066,48.1727
37454,3606,3544,3244,3121,4831,4265,3622,3242,9081,5201,3859,3390,8152,5243,3935,3356,13.3966,-33.9893,8.55069,47.7947
37455,6146,4661,3757,3350,9751,5169,3906,3493,6050,4609,3712,3256,3877,3824,3378,3172,-7.31655,-31.5404,8.70367,48.074
37456,4048,4020,3672,3272,5445,5915,4088,3523,6328,7215,4439,3565,4738,4758,3840,3457,3.26179,-13.3534,8.57505,48.2153
37457,3302,4171,6611,8737,3427,4037,5775,7343,3253,3514,4149,4276,3136,3259,3434,3611,-17.5484,19.4303,8.87262,48.0233
37458,3083,3399,3855,3970,3429,3677,4680,5507,3403,3982,6387,8700,3337,3833,4978,6063,7.62133,19.7663,8.75746,48.1887
37459,3774,4826,7692,5992,3612,4770,7103,5572,3474,3723,4163,3914,3146,3278,3567,3471,-16.34,10.1201,8.84109,48.0513
37460,8858,5451,3851,3350,8948,4993,3814,3342,4679,4030,3521,3322,3548,3463,3303,3078,-14.9033,-32.8839,8.86092,47.7007
37461,3509,4505,8641,9228,3600,4075,5128,5711,3359,3659,3917,3848,3173,3249,3341,3397,-26.0075,16.06,8.8605,48.2267
37462,4742,5226,4150,3535,5879,7850,4841,3658,4725,5433,4175,3609,3823,3791,3634,3356,-6.31821,-10.0256,8.56722,48.2847
37463,4042,4369,4156,3681,4771,6873,5185,3881,4597,6368,5056,3874,3868,4211,3905,3555,-0.932932,-4.85232,8.5974,48.2613
37464,3394,3983,5777,11213,3358,3802,4862,7406,3183,3429,3841,4146,3139,3249,3439,3409,-20.868,29.707,8.73517,47.7533
37465,4532,6839,6806,4490,4382,6131,6128,4228,3637,4049,4017,3608,3415,3311,3409,3258,-17.0639,-0.471931,8.84999,48.16
37466,3209,3602,4101,4444,3378,3725,5043,7626,3410,3776,5317,8526,3236,3570,4310,4970,1.55721,24.5578,8.64427,48.162
37467,3277,3924,5985,12258,3358,3745,4883,6443,3147,3360,3796,4205,3066,3319,3387,3342,-24.775,28.1295,8.70974,47.6633
37468,3599,3459,3259,3201,4601,4092,3524,3307,8796,5252,3844,3318,9089,5341,3830,3369,15.5212,-30.9492,8.61892,47.9207
37469,3749,4459,6326,5405,3846,4862,7837,5633,3530,3892,4604,4342,3142,3518,3594,3663,-11.9036,9.68446,8.57256,48.268
37470,3421,3385,3301,3217,3940,3828,3407,3197,6097,5159,4023,3315,10123,7936,4414,3560,24.8541,-17.8658,8.77657,48.2153
37471,3545,4330,5970,5676,3665,4608,7685,6488,3461,3762,4762,4488,3154,3449,3758,3658,-10.5911,12.4991,8.72786,48.306
37472,3718,3599,3312,3136,5039,4311,3515,3249,9336,5265,3903,3396,7667,5222,3801,3376,11.9949,-33.7567,8.64491,47.8967
37473,3103,3237,3377,3406,3274,3591,4024,3950,3533,4102,5778,5973,3554,4466,8231,8380,21.322,15.0905,8.77657,47.986
37474,3909,3651,3366,3099,5615,4307,3622,3285,9865,5349,3797,3323,6616,4859,3787,3368,9.4074,-27.2524,8.64458,47.8787
37475,3523,3672,3254,3110,4640,4099,3571,3273,8731,5181,3837,3363,8966,5481,3870,3422,15.0443,-28.5092,8.82915,47.9953
37476,5386,9527,7134,4255,4344,5076,4621,4013,3600,3741,3675,3378,3302,3377,3260,3229,-29.5661,-3.70439,8.93177,47.9453
37477,3369,3346,3422,3232,3618,3890,3894,3671,4290,5758,5794,4281,4610,7317,7316,4678,19.6092,0.234439,8.59543,48.324
37478,11364,7639,4120,3358,5969,5059,3845,3406,3978,3760,3435,3201,3279,3381,3218,2978,-27.7775,-20.2963,8.91768,47.9933
37479,5053,4532,3685,3285,8072,6159,4034,3408,6572,5314,3917,3439,4293,3991,3471,3273,-3.02979,-19.5139,8.72259,48.332
37480,3592,4682,8692,9038,3391,4027,5238,5674,3286,3523,3827,3865,3118,3302,3364,3378,-26.8493,15.7184,8.98808,47.998
37481,3419,3350,3236,3196,4011,3767,3431,3310,5978,4701,3790,3217,12674,6207,3849,3441,30.687,-26.7586,8.918,47.718
37482,4309,6763,7587,4821,4124,5650,6161,4288,3583,3779,4001,3639,3235,3367,3401,3263,-18.4088,1.83742,8.92219,47.9807
37483,3486,3279,3254,3012,3976,3705,3429,3280,5842,4878,3944,3398,10675,7782,4237,3503,27.2449,-19.1688,8.64975,47.7867
37484,4741,4185,3605,3246,8353,4973,3716,3337,8293,4903,3786,3363,4873,4067,3575,3208,0.0161747,-29.7393,8.60486,48.1493
37485,3437,4183,7387,11158,3413,3914,4935,5950,3182,3492,3867,3966,3001,3262,3433,3358,-27.8377,20.6117,8.78359,47.9587
37486,4509,6194,5918,4240,4541,6794,6211,4314,3799,4257,4170,3676,3448,3483,3532,3389,-13.8707,-1.20678,8.64147,48.3167
37487,3168,3317,3358,3403,3183,3382,3923,4159,3455,3893,4995,7137,3322,3857,5959,11012,20.858,33.7531,8.76804,47.682
37488,5531,4845,3771,3380,8196,6639,4129,3492,5669,5117,3799,3337,4094,3978,3476,3280,-5.99582,-18.5699,8.74726,48.4887
37489,3379,3478,4178,4720,3429,3800,4913,7993,3248,3740,4894,8501,3352,3557,4316,4905,0.739407,29.2252,8.64517,48.2687
37490,3344,3514,3411,3264,3840,4249,3990,3610,4807,7170,5410,4099,5012,6955,5513,4102,14.94,-4.48984,8.84778,48.1933
37491,3541,3537,3151,3117,4402,4047,3611,3201,8200,5015,3811,3325,10186,5550,3776,3369,17.4834,-31.2143,8.85266,47.8927
37492,3246,3791,4335,5298,3299,3801,5468,8744,3226,3710,4900,7122,3227,3456,4008,4408,-3.1251,24.559,8.57903,48.026
37493,3545,4265,7902,10437,3483,3984,5042,5617,3256,3654,3847,3893,3112,3267,3253,3386,-30.7091,18.7081,8.62434,47.962
37494,3465,3308,3335,3050,4162,3948,3600,3192,6603,5624,4071,3529,9003,7391,4350,3456,19.7968,-17.4296,8.9137,48.058
37495,3149,3264,3420,3452,3266,3785,4141,3863,3755,4884,6702,5060,3910,5443,8371,5719,18.3948,7.43759,8.99749,48.1227
37496,3699,4018,3867,3483,4490,6024,4809,3819,4778,7211,5676,3872,4142,4624,4154,3671,2.92364,-4.09147,8.83844,48.2247
37497,3074,3406,3625,3873,3327,3651,4367,5659,3251,3732,5197,10207,3441,3750,4789,6499,8.75429,31.4304,8.92428,47.8987
37498,3590,3431,3248,3014,4287,3791,3498,3222,7855,5234,3895,3372,10198,6003,4051,3404,18.6178,-25.1115,8.72753,48.062
37499,3133,3373,3526,3592,3460,3786,4429,4348,3642,4655,7613,6207,3502,4381,6393,5827,12.8104,12.1771,8.57406,47.9113
37500,7805,6738,4397,3553,7014,6331,4173,3566,4378,4106,3641,3246,3551,3451,3348,3095,-16.3061,-16.9421,8.90356,48.262
37501,3909,3639,3335,3161,5561,4450,3583,3363,9836,5696,3695,3289,6665,4980,3849,3398,9.20168,-24.0233,8.9545,48.2727
37502,3350,3452,3281,3288,3668,3873,3662,3356,4561,5032,4460,3875,5635,9553,6602,4142,30.9069,-5.11255,8.83698,47.86
37503,11638,7108,4204,3452,6166,4955,3870,3367,3929,3763,3414,3226,3391,3343,3187,3123,-27.9799,-22.0625,8.66854,48.0907
37504,5881,4523,3607,3216,9827,5108,3723,3408,6602,4558,3633,3248,4197,3812,3420,3092,-5.60969,-28.7537,8.93647,47.9033
37505,3299,3411,3244,3166,3870,3743,3527,3221,5454,5336,4024,3523,9198,8742,4660,3496,26.637,-15.4118,8.77094,47.9427
37506,4740,4194,3489,3238,7733,5072,3835,3426,8095,5385,3807,3390,4767,4254,3669,3195,0.604786,-22.8811,8.84523,48.1927
37507,3436,3499,3243,3117,3850,3865,3359,3360,5976,4691,3871,3292,12562,6027,3828,3369,28.6056,-32.2005,8.85923,47.5633
37508,3422,3970,6178,11454,3462,3762,5016,7147,3164,3464,3836,4141,3011,3157,3323,3400,-22.1574,25.308,8.67888,47.938
37509,3052,3214,3541,3655,3249,3521,4054,4815,3335,3871,5379,8738,3387,3944,5569,8555,14.4397,24.1044,8.86909,47.9193
37510,12264,6225,3918,3405,6421,4766,3839,3398,3824,3818,3434,3217,3335,3322,3297,3216,-26.2539,-26.7925,8.51801,47.7993
37511,3314,3433,3447,3557,3614,4040,4432,3837,4005,5888,7315,4708,4047,5506,6523,4728,13.6344,3.54472,8.672,48.2627
37512,3290,3410,3220,3166,3655,3770,3557,3420,4707,5270,4486,3740,6500,10088,6022,4002,28.3211,-7.5698,8.81772,48.202
37513,6213,9945,6102,4042,4631,5188,4437,3878,3785,3886,3720,3410,3335,3304,3235,3193,-29.1994,-6.90723,8.56143,48.2027
37514,3169,3216,3266,3433,3262,3456,3943,4091,3397,3809,5082,6786,3354,4004,6608,11378,22.7144,22.8437,8.97629,48.1693
37515,3993,6573,9744,5772,3857,4717,5204,4360,3415,3746,3833,3734,3310,3338,3284,3292,-33.8798,4.7632,8.98278,48.1147
37516,3298,3411,3271,3214,3517,3811,3720,3461,4490,5429,4682,4055,5408,9166,7061,4349,25.283,-3.73421,8.7358,48.2287
37517,3588,4609,8608,9216,3459,3953,4997,5527,3234,3510,3913,3828,3159,3219,3526,3382,-30.2091,15.8803,8.60502,47.8187
37518,8640,6206,4098,3337,7826,5670,3880,3450,4511,4135,3562,3289,3636,3473,3214,3131,-16.6017,-21.2336,8.62741,48.0387
37519,3146,3354,3323,3362,3124,3472,3811,3924,3332,3902,4822,5898,3400,3972,6569,12343,31.4193,23.439,8.9859,47.836
37520,3410,3362,3181,3202,3995,3738,3530,3206,6182,4815,3817,3321,12275,6156,4037,3404,27.4033,-27.5146,8.55533,47.754
37521,12743,5959,3901,3407,6045,4826,3674,3377,3956,3627,3402,3219,3422,3376,3250,3058,-29.3741,-27.9142,8.88317,47.4947
37522,4738,4398,3706,3267,7654,5996,3999,3419,6901,5476,3939,3450,4282,4188,3452,3336,-1.65647,-18.9509,8.88155,48.134
37523,3532,3927,4543,4118,3786,4721,7110,5246,3577,4455,6743,5127,3451,3751,4331,3963,-0.827077,9.14013,8.78178,48.254
37524,3162,3353,3344,3417,3397,3479,3755,3845,3566,3994,5225,5428,3545,4687,9157,8948,27.1622,14.671,8.70089,48.2013
37525,3889,5379,9970,7160,3749,4259,5475,4923,3264,3607,3787,3834,3144,3260,3446,3224,-27.0508,10.2436,8.88657,48.2467
37526,3467,3854,4597,4475,3437,4260,7182,5877,3626,4273,6580,5498,3305,3680,4210,4165,-1.32903,11.7942,8.96508,48.324
37527,3199,3512,4145,4607,3298,3794,5176,7856,3226,3772,5281,8192,3189,3736,4187,4926,0.677946,23.5491,8.8487,48.064
37528,3240,3334,3824,4103,3319,3784,4806,5960,3274,3879,5985,8999,3333,3853,4821,5809,6.21615,21.3217,8.73962,48.2153
37529,3098,3396,3554,3485,3412,3698,4284,4058,3733,4518,7084,5723,3681,4861,7649,6092,16.3709,10.7834,8.56654,48.2173
37530,3183,3422,3390,3387,3410,3682,3934,3689,3717,4608,5923,4919,4040,5730,9354,5893,21.9986,7.44508,8.75902,48.1873
37531,4358,4426,3727,3464,5898,6927,4351,3518,5753,6692,4305,3474,4192,4291,3644,3464,-0.550312,-12.1769,8.761,48.3227
37532,4192,5933,8138,5268,3983,5069,6420,4737,3417,3843,4059,3771,3188,3384,3483,3313,-18.7435,5.10916,8.88711,48.132
37533,3298,3843,4781,5647,3472,4029,6007,8756,3426,3702,4930,6172,3185,3439,3997,3995,-5.33003,20.698,8.73978,48.4527
37534,3601,4492,8744,9171,3497,3999,5203,5350,3299,3509,3761,3862,3147,3200,3270,3379,-30.8332,15.6225,8.94984,47.656
37535,4247,5172,4702,3822,4602,7514,6238,4177,4139,4909,4567,3835,3484,3665,3718,3373,-7.8752,-2.38583,8.57803,48.1093
37536,3102,3321,3390,3275,3291,3717,3835,3800,3528,4352,5620,5140,3768,5247,9284,7265,24.1289,11.3379,8.66778,47.9567
37537,3238,3431,3279,3362,3452,3707,3802,3723,4004,4676,4979,4367,4348,6975,9486,5501,30.6469,3.94765,8.66561,48.22
37538,3131,3469,3661,3813,3357,3705,4789,5167,3450,4093,6987,8058,3323,4050,5427,5916,9.62384,17.561,8.94262,48.264
37539,12332,6186,3988,3382,5883,4655,3898,3294,3966,3778,3451,3130,3417,3429,3319,3207,-31.164,-26.2434,8.53965,47.5433
37540,3263,3408,3491,3322,3532,4006,4158,3690,4193,5868,6700,4452,4286,6335,7056,4722,16.1748,1.88775,8.92192,48.3213
37541,3528,4588,8666,9544,3347,4022,5223,5395,3207,3531,3807,3809,3056,3201,3369,3495,-31.583,15.8871,8.83537,47.8587
37542,9525,8500,4465,3522,5518,5108,4087,3458,3959,3848,3518,3223,3427,3374,3196,3115,-33.0714,-16.2264,8.64406,47.8953
37543,3626,3883,3955,3569,4063,5219,5384,4001,4253,6538,6625,4325,3935,4496,4582,3900,4.14808,0.296428,8.67421,48.236
37544,4761,4512,3729,3343,7196,6546,4079,3381,6124,5731,3974,3384,4373,4210,3630,3340,-2.29281,-16.2737,8.55792,48.2087
37545,3385,3259,3284,3092,3892,3775,3511,3276,5557,5221,3997,3464,9560,8555,4473,3488,31.71,-16.596,8.78999,47.8593
37546,3231,3289,3359,3380,3255,3533,3906,3689,3464,4077,5230,5464,3606,4725,8832,8963,32.4581,14.7129,8.55332,48.002
37547,4656,4748,3887,3380,6649,7074,4134,3528,5828,5933,3989,3383,4133,3999,3543,3264,-2.62075,-14.6097,8.7068,48.0853
37548,3307,3730,4625,5256,3434,3920,5948,8938,3347,3671,4835,6448,3193,3478,3854,4223,-4.57229,21.3209,8.92927,48.138
37549,3331,3346,3369,3235,3512,3779,3526,3526,4247,5014,4845,3968,5037,8625,7885,4500,32.4303,-1.40636,8.88914,47.83
37550,3151,3250,3391,3321,3309,3567,3845,3843,3743,4382,5253,4817,3973,5702,9992,6541,31.0985,8.71004,8.74098,48.0533
37551,12298,6698,4135,3313,6003,4818,3736,3375,3993,3787,3375,3124,3391,3347,3190,3158,-30.775,-23.9114,8.93543,47.8273
37552,3189,3372,3394,3269,3537,4029,4005,3688,4044,5122,6176,4526,4253,6412,8172,5123,19.8417,3.56839,8.51011,48.2073
37553,3480,4164,5948,6241,3566,4082,6997,7455,3304,3817,4491,4791,3183,3410,3572,3614,-11.6101,16.2391,8.71911,48.0767
37554,3371,3345,3171,3148,4056,3862,3509,3213,6801,4955,3908,3365,11876,5950,3965,3377,23.0272,-31.8315,8.75705,47.9147
37555,3312,3969,6800,11676,3425,3876,4913,5995,3195,3554,3774,3900,3148,3254,3309,3386,-33.4254,22.7875,8.68831,47.6573
37556,3627,3613,3394,3093,4712,4221,3654,3259,8724,5965,3913,3403,7573,5489,3958,3479,12.6634,-21.0757,8.76305,48.0513
37557,3280,3289,3323,3198,3486,3929,3860,3438,4463,5600,4863,4043,5257,8973,7109,4310,23.4375,-3.35429,8.95798,48.2807
37558,3837,5128,7977,6278,3752,4539,6661,5325,3391,3755,4185,3987,3238,3355,3575,3411,-17.8181,9.85326,8.67636,48.2627
37559,3290,3307,3209,3192,3756,3950,3572,3352,5118,5523,4276,3682,7122,9708,5391,3830,25.148,-10.3846,8.71784,48.1853
37560,3055,3335,3400,3473,3108,3462,3912,3999,3485,3939,5226,6404,3462,4187,7131,10591,23.8122,20.4734,8.50345,48.1127
37561,4519,4066,3440,3063,7540,4930,3796,3304,8806,5390,3757,3290,5112,4387,3550,3234,2.01875,-24.8224,8.85775,48.1227
37562,5345,7059,5100,3872,5083,7415,5193,3898,3946,4512,3840,3491,3473,3649,3403,3241,-14.1801,-6.58127,8.88429,48.3467
37563,3523,4299,6994,8020,3568,4163,6141,6929,3217,3615,4152,4170,3124,3292,3500,3530,-17.4218,17.3915,8.89018,48.158
37564,3205,3323,3663,3861,3283,3676,4589,5338,3408,3995,6379,8681,3381,3837,5174,6383,9.31977,20.1099,8.65591,48.1173
37565,3641,3444,3332,3077,4523,4060,3523,3295,8168,5426,3875,3341,9218,5937,4027,3293,16.5751,-23.1173,8.70385,48.12
37566,3586,4175,6740,10071,3462,3889,5214,6987,3220,3509,3966,4207,3130,3109,3368,3446,-20.2895,20.9813,8.89055,48.0527
37567,6297,5174,3830,3392,8824,6385,3942,3374,5427,4552,3604,3341,3877,3787,3440,3274,-8.85654,-20.2971,8.75559,48.3467
37568,6382,8574,5282,3935,5270,6579,4558,3797,3864,4091,3619,3459,3431,3417,3301,3084,-19.3496,-8.90515,8.6117,48.4287
37569,3767,4839,8131,6932,3687,4468,6520,5706,3405,3688,4033,3997,3141,3314,3483,3353,-18.2746,12.0913,8.81092,48.3093
37570,3783,3798,3614,3482,4261,5294,4226,3632,5128,8016,5515,3872,4475,5239,4435,3699,7.13891,-6.34169,8.72717,48.3127
37571,3409,3835,5265,8178,3312,3876,5165,9329,3162,3566,4126,4751,3122,3261,3569,3650,-13.2531,32.4313,8.62816,47.7173
37572,3443,3991,5764,9812,3430,3757,5199,8211,3247,3542,4008,4466,3081,3304,3475,3385,-17.2633,26.2751,8.57378,48.0767
37573,3559,3524,3302,3233,4218,4314,3826,3361,6085,7522,4426,3705,6135,7014,4601,3683,14.0232,-12.0718,8.95016,48.3387
37574,3571,3486,3273,3220,4538,4241,3616,3243,7453,6352,4111,3496,7728,6418,4187,3567,15.218,-18.1237,8.93175,48.3333
37575,3333,3730,4450,4731,3372,4153,6566,7275,3483,4046,5813,6374,3333,3627,4170,4284,-2.28388,16.845,8.82304,48.4933
37576,10907,6871,4133,3463,6652,5165,3892,3530,3965,3935,3385,3187,3415,3330,3139,3102,-22.7432,-21.5585,8.89759,48.0473
37577,3364,3943,4767,4762,3586,4348,7440,6525,3430,3985,5750,5292,3349,3580,4040,4009,-3.86349,13.2342,8.56415,48.1133
37578,4443,4390,3717,3448,5954,6584,4270,3493,5879,6543,4314,3473,4361,4410,3675,3314,-0.460239,-13.2536,8.57421,48.1787
37579,3369,3936,6280,12517,3444,3904,4805,6365,3177,3580,3824,3937,3026,3159,3285,3357,-26.8489,27.0361,8.97367,47.9767
37580,9412,8474,4432,3584,5649,5171,4018,3450,3843,3828,3632,3353,3440,3379,3159,3190,-26.3234,-16.4935,8.50325,48.0093
37581,3196,3455,3820,3892,3224,3691,4448,5711,3354,3817,5738,9425,3358,3719,4783,6313,8.13896,23.8139,8.63625,47.9627
37582,3643,3626,3267,3208,4963,4359,3631,3243,8304,6457,3997,3414,6878,5670,3953,3390,11.4587,-19.0762,8.8755,48.002
37583,12260,5987,3916,3391,6398,4756,3757,3404,4037,3874,3489,3186,3406,3192,3136,3161,-25.6629,-31.1903,8.56553,47.5667
37584,3747,3694,3253,3128,5149,4411,3586,3322,8901,5999,3953,3502,6896,5270,3865,3362,10.9871,-21.3259,8.54219,48.0253
37585,4865,4694,3856,3366,6623,7317,4435,3603,5600,5836,4065,3376,4002,4007,3647,3250,-3.6666,-13.883,8.81547,48.3613
37586,6837,8630,5138,3809,5350,6125,4483,3729,3935,4011,3665,3412,3406,3460,3248,3114,-20.7114,-10.8313,8.62556,48.2347
37587,11635,7125,4051,3411,5918,4951,3795,3377,3871,3817,3391,3228,3398,3460,3198,3174,-32.1717,-21.8623,8.89162,47.8667
37588,3488,3760,4316,4089,3714,4472,6749,5105,3623,4764,7045,5410,3443,3934,4428,4192,0.696752,9.02419,8.70288,48.3547
37589,3065,3325,3604,3721,3284,3593,4107,5157,3492,3730,5362,9760,3340,3825,5235,7784,12.2242,27.7261,8.69888,48.256
37590,3977,3814,3419,3187,5933,4791,3709,3317,8868,6174,3762,3362,5763,4965,3777,3401,6.72393,-20.5576,8.67669,48.146
37591,3524,3554,3395,3219,4213,4553,3892,3362,5452,7856,4858,3751,5268,6705,4766,3663,12.5664,-8.90477,8.54356,48.0207
37592,6251,4686,3796,3364,9802,5232,3819,3474,6103,4411,3634,3281,3941,3767,3395,3206,-7.45577,-29.8949,8.52347,48.108
37593,3822,4069,3766,3393,4950,5773,4287,3491,5842,7974,4620,3583,4624,4884,3932,3477,3.86449,-10.3847,8.85011,48.3247
37594,3459,4120,6719,8304,3493,4043,6073,7241,3359,3661,4180,4277,3222,3328,3427,3565,-16.8727,18.7712,8.67993,48.314
37595,3638,3877,3800,3491,4080,5196,4874,3964,4655,6933,6432,4285,4008,4939,4696,4001,5.99585,-1.28344,8.50533,48.5793
37596,3505,3652,3343,3163,4456,4529,3736,3287,6967,6983,4313,3630,6452,6389,4346,3458,13.3307,-14.7948,8.84253,48.1393
37597,3432,3398,3177,3096,3934,3779,3529,3290,5380,5294,4090,3520,8966,8864,4799,3566,27.6752,-15.0257,8.56047,48.076
37598,9202,7310,4228,3513,6491,5667,4040,3497,4163,4013,3462,3267,3456,3351,3279,2984,-20.2577,-18.4466,8.81439,47.9487
37599,3276,3223,3204,3196,3589,3773,3675,3496,4212,5064,4954,4116,5116,8852,7879,4618,26.2349,-1.22282,8.95377,48.162
37600,3217,3597,4236,4563,3439,3900,5634,6984,3453,3955,5861,7421,3337,3572,4327,4669,0.843069,19.2386,8.69842,48.11
37601,3483,3486,3201,3055,4252,3906,3498,3283,7420,4866,3781,3357,11136,5779,3785,3390,20.6691,-30.3817,8.65963,47.7853
37602,6105,9365,5837,4066,4806,5764,4609,3748,3739,3789,3664,3374,3286,3319,3356,3142,-23.8343,-7.32055,8.57237,47.9793
37603,4666,7825,8706,4940,4126,4778,5009,4146,3534,3725,3688,3579,3311,3330,3396,3350,-31.6728,1.01825,8.76201,48.0727
37604,3359,3888,5986,12587,3284,3792,4819,6202,3252,3483,3846,3992,3188,3292,3265,3359,-27.2448,29.5884,8.80182,47.7293
37605,3483,3464,3206,3073,3873,3755,3427,3314,6220,4839,3794,3352,12036,6662,4021,3376,27.1153,-24.1789,8.54594,47.93
37606,4225,3917,3449,3237,6759,4631,3715,3287,9526,5067,3888,3268,5549,4525,3712,3245,4.27704,-30.2342,8.6201,48
37607,6699,4904,3814,3277,9566,5768,3897,3427,5525,4377,3604,3302,3833,3717,3407,3193,-9.13232,-23.9195,8.86015,48.2067
37608,3913,4361,4337,3735,4332,6394,5798,3993,4211,6118,5541,3985,3891,4206,4016,3534,-0.80841,-1.80447,8.63183,48.2433
37609,3541,3822,3984,3640,3851,5144,5057,3945,4494,6718,6648,4128,3999,4606,4592,3941,4.64281,-0.417084,8.78852,48.0733
37610,3464,3977,6144,7675,3556,4090,6199,7896,3275,3547,4240,4609,3078,3300,3569,3565,-14.1787,19.1134,8.78849,48.1227
37611,3417,3431,3165,3039,4024,3878,3500,3161,5687,5193,3973,3550,10085,8185,4438,3543,27.3973,-17.6366,8.53209,48.1793
37612,4409,3913,3501,3240,7128,4745,3652,3298,9363,5138,3788,3427,5427,4376,3593,3283,3.35984,-28.5809,8.63185,48.1873
37613,3490,4087,7276,11579,3360,3824,5029,5974,3161,3417,3898,3981,3049,3189,3379,3378,-28.2642,21.9683,8.6531,48.0473
37614,3664,4479,5864,4967,3802,4907,7890,5624,3517,4038,5025,4415,3297,3542,3770,3605,-9.57958,8.85565,8.62296,48.2707
37615,3341,3332,3266,3148,3594,3926,3699,3463,4719,5612,4631,3832,5766,9237,6359,4179,23.5149,-5.86649,8.69644,48.0693
37616,3485,3493,3237,3260,4223,4296,3793,3472,5934,6943,4431,3580,6517,7351,4657,3556,16.1256,-12.2985,8.67582,48.152
37617,3628,3651,3557,3354,4229,4973,4157,3589,5239,8026,5578,3953,4571,5711,4622,3853,9.57977,-5.99234,8.71768,48.4607
37618,3418,3588,3418,3285,3948,4423,3955,3708,4843,7442,5658,3957,4826,6593,5314,3942,13.4513,-4.7247,8.82245,48.212
37619,3094,3268,3472,3396,3276,3600,3980,4051,3475,4062,5473,6043,3531,4534,7922,9137,22.5938,16.5786,8.72249,48.2093
37620,7555,5107,3805,3417,9684,5178,3792,3371,5156,4181,3592,3307,3699,3544,3230,3154,-11.3576,-30.9228,8.66679,47.848
37621,3332,3389,3581,3327,3569,3946,4183,3749,4052,5740,7013,4709,4180,5832,6815,4773,14.9176,3.02355,8.58418,48.1267
37622,12511,5936,3828,3420,5949,4703,3806,3379,3951,3713,3481,3327,3365,3495,3352,3159,-32.3965,-31.8999,8.51592,47.5833
37623,3450,3385,3223,3061,4285,3985,3452,3251,7434,5347,3909,3378,9987,6411,4156,3493,19.1802,-22.0794,8.52483,48.138
37624,3352,3355,3312,3229,3528,3790,3608,3563,4484,5319,4702,3937,5385,9501,6858,4244,28.6437,-4.22434,8.89994,48.1113
37625,5342,6194,4550,3659,5861,7897,4812,3782,4254,4687,3852,3418,3647,3633,3459,3199,-11.0415,-10.1767,8.55788,48.164
37626,3209,3559,3941,4214,3309,3714,4712,6898,3370,3649,5154,9514,3170,3646,4425,5474,4.16855,30.1883,8.82567,47.972
37627,6512,8536,5166,3639,5250,6441,4579,3625,3922,3976,3600,3524,3366,3416,3327,3175,-19.6816,-10.1308,8.56156,48.036
37628,3222,3523,3767,3732,3509,4004,5052,4504,3739,4877,8109,5723,3608,4369,5683,4965,8.78841,9.6509,8.66598,48.2573
37629,3391,3327,3224,3106,3656,3875,3525,3338,5334,5137,4108,3522,8192,9428,4952,3652,28.5013,-13.338,8.95529,47.8447
37630,3228,3417,3774,3950,3353,3663,4658,6144,3401,3899,5271,9602,3295,3781,4724,6009,6.90579,33.8145,8.61673,48.1127
37631,3334,3930,5636,9651,3327,3934,5388,8459,3202,3511,3973,4511,3077,3221,3453,3555,-16.6155,24.6237,8.98789,48.108
37632,3304,3763,4653,5665,3293,3910,6091,8852,3365,3796,4738,6244,3139,3542,3925,4131,-5.58103,21.1346,8.7333,48.274
37633,3416,3456,3254,3045,4059,3973,3597,3332,5955,6112,4230,3582,7718,8258,4736,3612,20.008,-13.9919,8.70343,48.2233
37634,3741,3875,3534,3319,4862,5355,3988,3548,6375,7774,4470,3654,5231,5312,4067,3525,7.10465,-11.9931,8.90666,48.42
37635,3350,3351,3263,3186,3724,3847,3473,3362,4607,5332,4392,3698,6525,9962,5882,3974,27.6685,-8.1695,8.68622,47.952
37636,3068,3235,3510,3307,3235,3673,3814,3936,3493,3973,5478,5892,3475,4397,8311,8995,22.9633,16.3465,8.85275,47.8613
37637,3472,4010,6039,12336,3397,3852,4740,6235,3240,3355,3720,3874,3215,3226,3414,3348,-26.6335,33.1335,8.66248,47.6487
37638,3254,3471,3942,4413,3383,3709,4761,7290,3348,3801,5226,9115,3161,3670,4434,5234,3.12114,26.8124,8.67369,48.1413
37639,4127,3878,3480,3169,6507,4613,3738,3339,9636,5327,3747,3305,5792,4547,3735,3339,5.94378,-26.4647,8.70573,48.186
37640,4833,8294,7825,4696,4144,5297,5037,4142,3643,3741,3784,3642,3247,3313,3426,3208,-24.0894,-0.70919,8.89725,48.1813
37641,3235,3401,3686,3667,3337,3650,4585,4841,3482,4013,6930,7891,3529,4004,5773,6539,11.1817,17.4425,8.98758,48.3753
37642,4324,6392,7575,4856,4112,5533,6419,4494,3612,3983,3911,3652,3269,3427,3466,3350,-17.7372,2.14631,8.65414,48.25
37643,3876,3788,3550,3179,4739,5153,3818,3516,6264,8012,4548,3572,5085,5339,3997,3475,7.54521,-11.7217,8.89867,47.9407
37644,3522,3396,3241,3144,3731,3759,3452,3219,5542,5047,3902,3445,10124,8344,4447,3582,27.7485,-17.1955,8.96515,47.9313
37645,3457,3494,3303,2969,4018,3722,3540,3264,5744,5372,3994,3554,9114,8361,4710,3556,25.1147,-15.8745,8.59032,48.1147
37646,3090,3292,3482,3497,3222,3517,4004,4214,3431,3790,5008,8090,3421,3969,5653,10008,17.7527,29.3393,8.60407,47.792
37647,3639,3951,4172,3676,4012,5531,5948,4237,4099,6142,6468,4278,3767,4236,4315,3827,1.43644,1.06643,8.98466,48.1987
37648,3446,3335,3186,3097,3858,3835,3564,3207,5463,5166,4140,3656,9066,8827,4693,3652,27.9144,-15.3392,8.55062,48.1273
37649,3167,3228,3361,3354,3304,3570,3932,4021,3383,3893,4906,7387,3212,3970,6011,11248,20.8393,26.1062,8.73438,47.9647
37650,3183,3242,3346,3375,3181,3458,3889,4136,3392,3729,4876,7345,3451,3906,5844,11076,21.0368,28.4058,8.71584,47.6193
37651,11009,6249,3960,3406,7489,5028,3875,3414,4204,3859,3507,3131,3341,3391,3253,2956,-20.4574,-24.4205,8.82681,48.048
37652,3169,3376,3403,3387,3311,3535,3794,3822,3622,4279,5369,5295,3766,4930,9298,8161,25.8711,13.4248,8.7211,48.3447
37653,3090,3279,3637,3590,3298,3634,4308,4633,3572,4195,6752,7631,3503,4147,6209,7159,13.6744,17.2822,8.67269,48.4247
37654,3233,3284,3411,3323,3524,3686,3742,3618,4204,4918,5112,4252,4505,7702,8866,4891,33.7017,1.34711,8.82263,48.1807
37655,3380,3980,7053,11600,3397,3819,4956,6016,3259,3449,3814,3855,3138,3167,3336,3347,-33.9478,21.9449,8.90175,47.7107
37656,11603,6999,4093,3502,5928,5007,3969,3463,3978,3782,3482,3308,3340,3403,3197,3028,-27.5245,-22.0437,8.87156,48.0547
37657,10312,6709,4082,3406,7253,5211,3847,3383,4111,3982,3491,3099,3390,3383,3210,3114,-20.6135,-22.0155,8.76217,47.9887
37658,4512,8026,8655,4805,4123,4799,4899,4286,3508,3679,3797,3583,3254,3371,3319,3178,-31.3766,1.12063,8.94536,47.8627
37659,3524,4109,6541,11544,3313,3870,4974,6560,3147,3475,3842,4123,2975,3183,3363,3433,-23.4379,23.3915,8.9066,47.984
37660,6555,4825,3683,3262,10183,5469,3812,3448,5765,4425,3679,3187,3926,3658,3435,3166,-8.4833,-26.0152,8.98795,48.3187
37661,3340,3396,3286,3170,3874,3800,3536,3311,5054,5405,4211,3530,7676,9656,5109,3663,26.5422,-12.0121,8.90915,48.0113
37662,3355,3383,3389,3264,4011,3765,3403,3215,5987,4577,3673,3377,12639,6025,3804,3410,32.248,-29.603,8.67697,47.518
37663,8250,8927,4925,3632,5313,5482,4121,3709,3806,3964,3492,3449,3324,3401,3222,3121,-25.2889,-13.7525,8.53748,48.092
37664,5207,6908,5118,3877,5158,7520,5143,3832,3930,4448,3933,3451,3409,3541,3450,3337,-13.8467,-6.89968,8.56988,48.1747
37665,3701,3499,3379,3094,4808,4217,3676,3267,8482,6014,3933,3363,7659,5712,4050,3399,13.3666,-20.6097,8.86638,48.1687
37666,4431,5008,4193,3625,5295,8012,5183,3737,4488,5546,4329,3825,3772,3903,3573,3452,-5.3652,-7.53775,8.75172,48.248
37667,3188,3305,3430,3493,3379,3725,4155,4006,3631,4394,6554,5756,3667,4740,8005,6943,18.5015,12.7899,8.55497,48.2473
37668,3225,3211,3389,3268,3437,3596,3924,3751,3664,4357,5267,4756,3894,5763,9960,6638,27.6972,8.63007,8.88651,48.0667
37669,3119,3187,3429,3321,3318,3645,3870,3881,3406,4095,5409,5897,3472,4534,8316,8914,23.794,15.9318,8.53664,47.8753
37670,3414,3461,3374,3312,3746,4163,4175,3759,4385,6898,6466,4251,4432,6452,5931,4319,14.0789,-1.25149,8.79779,48.3587
37671,7988,6022,4028,3482,7902,6206,3984,3457,4520,4314,3637,3284,3608,3612,3364,3162,-14.7379,-19.3132,8.61326,48.38
37672,3426,4215,7349,10997,3362,3880,5057,6045,3177,3493,3907,3777,3100,3221,3344,3454,-26.2028,20.2236,8.55219,47.8693
37673,3384,3775,5048,7073,3378,3887,5704,9558,3264,3430,4339,5439,3155,3289,3718,3804,-10.4095,24.9329,8.77572,48.1633
37674,4581,6987,8189,5044,4071,5224,5690,4248,3625,3799,3879,3649,3109,3360,3454,3323,-21.2683,2.29403,8.68328,48.1547
37675,5107,5888,4385,3637,5762,8202,4837,3693,4382,4798,3998,3437,3706,3606,3516,3241,-10.1138,-9.65127,8.82141,48.13
37676,3125,3249,3438,3431,3304,3477,3949,4255,3433,3789,4993,7466,3378,3869,5773,11084,20.1341,28.7309,8.7571,48.0087
37677,7352,7107,4495,3463,6766,6388,4281,3516,4353,4224,3576,3269,3484,3399,3383,3065,-16.7889,-15.3927,8.74024,48.0807
37678,5417,4287,3771,3353,9265,5160,3800,3380,7009,4837,3741,3376,4261,3883,3488,3367,-3.33323,-25.6499,8.65682,48.2633
37679,3507,4356,7233,7591,3491,4095,6322,6787,3268,3680,4032,4296,3039,3300,3520,3474,-16.8805,15.9585,8.99355,47.994
37680,5985,5798,4048,3457,7352,7332,4154,3568,4705,4628,3895,3378,3696,3612,3463,3224,-10.4729,-15.2618,8.8996,48.1967
37681,5795,4989,3911,3345,8141,6595,4097,3461,5454,4918,3874,3316,3953,3740,3473,3264,-7.53798,-18.5254,8.71781,48.2173
37682,4010,4372,3992,3602,4618,6731,5113,3834,4626,6822,4933,3777,3936,4445,3916,3539,-0.0298703,-5.54547,8.61607,48.1773
37683,3388,4156,7589,10984,3354,3932,5134,5766,3218,3520,3837,3952,3125,3322,3366,3331,-30.8762,19.6909,8.67381,47.9827
37684,4346,4815,4230,3780,4814,7825,5394,3841,4327,5628,4577,3727,3729,3989,3703,3425,-5.22314,-5.51338,8.66613,48.1
37685,4491,4034,3465,3273,7599,4881,3741,3371,8835,5145,3678,3386,4995,4299,3488,3256,1.59593,-28.7272,8.62632,47.958
37686,3246,3445,3393,3172,3641,3772,3666,3416,4583,5402,4755,3946,5538,9512,6643,4211,25.0956,-4.82799,8.82409,48.2273
37687,3273,3634,4721,5725,3359,3792,5175,9497,3322,3726,4554,6480,3140,3444,3804,4155,-5.60452,30.4901,8.5944,47.8673
37688,4118,6648,9447,5562,4022,4720,5009,4438,3561,3563,3870,3681,3163,3385,3308,3262,-31.0572,4.6141,8.65251,47.838
37689,3132,3175,3340,3468,3168,3410,3855,4009,3295,3810,4782,6070,3425,3974,6483,12070,28.9361,24.9699,8.64743,47.644
37690,3103,3572,3919,4143,3296,3678,4571,6385,3362,3823,5143,9711,3259,3735,4579,5826,5.84005,32.1471,8.52057,48.07
37691,3448,3426,3284,3204,4034,3999,3641,3356,5805,6249,4328,3606,7421,8246,4747,3670,19.8301,-13.0801,8.63998,48.3093
37692,11721,5916,3904,3325,6998,4847,3781,3285,4136,3787,3494,3303,3427,3363,3261,3100,-22.6027,-29.103,8.57158,47.7653
37693,3747,3689,3350,3156,5010,4609,3791,3346,8217,6778,4113,3428,6190,5377,3887,3379,9.67575,-17.8342,8.96122,48.0447
37694,6439,4696,3689,3465,9895,5157,3826,3412,5847,4447,3640,3261,3908,3652,3361,3122,-7.92583,-31.5502,8.74632,47.878
37695,3477,3378,3238,3169,3912,3719,3399,3263,6078,4735,3726,3275,12511,6134,3813,3369,30.5069,-27.7985,8.60993,47.464
37696,3247,3451,3926,4037,3225,3841,5191,5659,3513,4099,6679,7978,3368,3882,4861,5533,5.90176,17.6703,8.75694,48.3267
37697,3236,3388,3643,3747,3286,3638,4267,5172,3346,3851,5170,9592,3361,3741,4985,7380,10.9186,32.2709,8.51283,47.8687
37698,3331,3749,4818,6468,3394,3888,5271,9836,3302,3643,4375,5868,3113,3491,3658,3842,-8.32688,32.616,8.77188,48.0313
37699,3254,3558,4134,4609,3359,3755,5278,7141,3456,3876,5639,8174,3293,3583,4396,4866,1.68703,21.3561,8.76728,48.2473
37700,5559,4679,3842,3346,8289,6299,4070,3332,6001,4949,3696,3288,4054,3885,3505,3232,-5.41784,-19.3116,8.54092,48.0173
37701,3402,3971,6064,12037,3384,3807,4880,6598,3235,3360,3751,3972,3068,3187,3441,3486,-24.6719,30.3597,8.5332,47.762
37702,3178,3294,3454,3579,3287,3645,3905,4298,3372,3969,5521,7374,3370,4121,6439,9272,18.3205,20.8684,8.51059,48.052
37703,5971,4798,3707,3328,9163,5906,3998,3416,5970,4563,3679,3317,3966,3834,3469,3182,-7.06131,-22.016,8.90877,48.178
37704,3497,3648,3414,3139,3973,4289,3871,3412,5517,7376,4815,3860,5506,7292,4884,3712,14.7037,-8.62361,8.80928,48.1367
37705,3551,4423,6120,5633,3560,4541,7699,6492,3303,3860,4624,4367,3293,3452,3626,3679,-11.4918,12.4624,8.64033,48.1487
37706,3399,3344,3180,3121,3963,3799,3517,3258,6677,4718,3899,3220,12152,5998,3897,3464,23.9519,-31.5779,8.74786,47.7373
37707,3825,4201,4362,3908,4135,5981,6648,4336,3992,5571,5917,4206,3522,4144,4084,3666,-1.46219,1.66467,8.89079,48.332
37708,3330,4014,6201,10574,3289,3766,5067,7267,3280,3502,3946,4127,3005,3176,3419,3533,-20.3679,24.1759,8.53779,47.664
37709,3888,3788,3391,3251,5678,4411,3713,3280,9927,5271,3709,3420,6428,4830,3715,3294,8.65144,-32.3926,8.60109,47.996
37710,3318,3968,6015,12500,3344,3758,4846,6065,3298,3464,3808,3922,3138,3186,3383,3427,-30.5226,28.8173,8.69021,47.6267
37711,8189,5898,4038,3462,8346,5831,3913,3434,4652,4253,3496,3224,3449,3497,3332,3160,-14.7767,-21.1668,8.86355,48.116
37712,3416,3450,3392,3205,3861,3812,3342,3260,5968,4738,3759,3322,12550,5752,3769,3320,33.1275,-32.3059,8.64174,47.2773
37713,3188,3251,3358,3335,3429,3766,3888,3798,3921,4880,5650,4459,4255,6806,9023,5469,23.2015,4.01034,8.91325,48.3173
37714,7401,7502,4607,3579,6155,6526,4328,3510,4208,4104,3631,3361,3495,3517,3270,3019,-17.6898,-14.2169,8.79966,48.142
37715,3225,3351,3759,3988,3247,3668,4380,6037,3345,3817,5384,9964,3228,3702,4741,6365,7.8091,28.1984,8.92945,48.134
37716,8529,7930,4432,3516,6154,5670,4023,3543,4026,3993,3476,3268,3444,3350,3382,3064,-21.6195,-15.9954,8.54385,47.8667
37717,3534,4124,4748,4343,3759,5185,7749,5166,3712,4498,5936,4577,3299,3775,3953,3719,-3.86171,6.74078,8.81181,48.0513
37718,4245,3807,3496,3186,6551,4844,3690,3392,9117,5556,3969,3464,5747,4549,3811,3282,4.89779,-23.675,8.60145,48.4707
37719,4544,4828,4017,3637,5792,7700,4560,3563,5037,6056,4193,3466,4050,4021,3671,3426,-3.61497,-10.7266,8.99261,48.374
37720,3055,3251,3376,3406,3354,3628,4099,4028,3675,4393,6244,5589,3729,4932,8269,7148,19.4385,12.1448,8.58424,48.1173
37721,3356,3424,3603,3514,3698,4066,4339,3746,4168,6182,6912,4493,4242,5777,6298,4564,13.7733,2.06846,8.50317,48.2547
37722,3529,4467,8404,9729,3473,3902,5056,5615,3208,3579,3823,3859,3099,3271,3277,3316,-29.6522,16.6008,8.70759,47.738
37723,11612,6216,3935,3513,6842,4983,3809,3381,4031,3810,3435,3225,3376,3333,3211,3069,-22.6842,-25.8929,8.66282,47.854
37724,3150,3394,3383,3149,3558,3784,3703,3597,4230,4979,5060,4247,4608,8220,8392,4813,32.5255,0.23298,8.6564,48.178
37725,3312,3950,6666,11970,3215,3960,4733,6009,3212,3432,3803,3906,3094,3240,3357,3537,-32.9042,24.176,8.61195,47.5973
37726,7792,9677,5186,3715,4975,5261,4289,3637,3953,3891,3517,3297,3378,3256,3252,3077,-28.5691,-11.6113,8.73688,48.102
37727,3548,3483,3403,3112,4272,4220,3596,3408,6791,6335,4139,3676,7732,6965,4341,3554,16.6874,-16.1134,8.6399,48.3833
37728,3266,3396,3447,3278,3436,3866,4011,3731,4151,5333,6351,4611,4250,6244,7838,5128,18.0477,3.58982,8.69777,48.2247
37729,4009,5059,6059,4513,3988,5938,7860,4779,3550,4134,4705,3980,3434,3486,3610,3484,-11.0904,4.02045,8.91417,48.392
37730,3063,3276,3488,3274,3370,3537,3817,3845,3578,4154,5426,5399,3728,4818,9204,8092,25.1723,13.3561,8.71537,48.046
37731,3091,3278,3441,3499,3316,3546,4052,3932,3586,4143,5786,6006,3517,4618,8204,8321,21.1042,15.1783,8.71305,48.224
37732,3439,3880,4185,4101,3522,4628,6779,5185,3713,4593,7232,5193,3400,3850,4492,4132,0.884371,9.23404,8.95674,48.216
37733,3505,3781,5204,8018,3304,3780,5120,9399,3235,3521,4175,5099,3211,3293,3614,3644,-12.8511,30.0475,8.61526,47.9353
37734,3055,3293,3333,3303,3205,3452,3812,3914,3372,3783,4762,6280,3491,3938,6152,12457,26.579,29.616,8.76614,47.7347
37735,4432,6317,6657,4598,4304,6114,6317,4307,3698,4106,4186,3570,3315,3480,3441,3270,-15.9033,0.688579,8.67946,48.0747
37736,3070,3468,3695,3827,3362,3662,4516,5237,3477,4054,6458,8706,3418,3950,5181,6412,9.19311,19.3717,8.96655,48.3287
37737,3642,4907,8955,7925,3668,4130,5877,5511,3316,3615,3948,3900,3054,3246,3363,3343,-22.1192,13.0669,8.90178,48.2667
37738,3138,3412,3742,3807,3371,3797,4694,4932,3467,4135,7266,7413,3423,4067,5615,5928,9.75138,15.9818,8.52561,48.138
37739,3443,4593,8636,9118,3388,4003,5271,5399,3213,3412,3902,3898,3132,3193,3434,3450,-33.3109,15.646,8.92013,47.6567
37740,3112,3219,3369,3163,3372,3556,3789,3613,3849,4588,5483,4540,4071,6280,9755,5997,25.8568,6.27639,8.95524,47.8373
37741,3108,3328,3410,3372,3328,3573,3747,3947,3439,3927,4915,5843,3391,4214,7553,10810,32.5859,19.4597,8.73634,47.9367
37742,8090,8908,4879,3553,5486,5438,4161,3574,3919,3854,3571,3359,3409,3423,3267,3102,-24.2162,-13.5366,8.7751,47.9953
37743,3746,3494,3394,3087,4882,4110,3591,3214,9140,5422,3823,3462,8202,5311,3841,3356,13.506,-26.4927,8.69241,48.05
37744,3208,3353,3552,3434,3639,3922,4172,3892,4053,5410,7068,4854,4057,5570,7389,5021,15.6584,5.04631,8.98863,48.396
37745,3638,3836,3949,3761,3808,5167,5998,4279,3989,5816,6965,4503,3754,4133,4459,4008,2.50406,2.85475,8.66806,48.042
37746,3664,4552,6527,5569,3700,4749,7791,6011,3430,3839,4476,4302,3267,3574,3610,3446,-12.5459,10.6912,8.67213,48.338
37747,3321,3629,3995,3990,3539,4165,5664,5030,3690,4595,7622,6251,3418,3877,4887,4672,4.40701,11.8049,8.79087,48.23
37748,3312,3542,3748,3515,3729,4274,4560,3924,4025,6026,7626,4762,4086,5090,5891,4464,10.9364,3.60532,8.56717,48.3827
37749,3625,3537,3358,3154,4847,4118,3475,3219,9075,5432,3846,3274,8538,5255,3899,3372,13.9203,-26.6695,8.93937,48.016
37750,3233,3492,3976,4473,3280,3835,5057,7157,3340,3779,5448,8763,3190,3616,4388,5250,2.50251,23.873,8.66339,48.1847
37751,4234,4133,3684,3312,5740,6270,4263,3500,6017,6933,4303,3486,4624,4544,3715,3547,1.64772,-13.2087,8.52884,48.2033
37752,3709,3652,3333,3210,4718,4491,3666,3353,7538,6891,4182,3419,6576,5992,4126,3445,11.7343,-16.6245,8.51292,48.2007
37753,3487,3310,3283,3157,3969,3826,3523,3214,5691,5346,3929,3482,9377,8367,4516,3537,25.1084,-16.4312,8.69712,48.0093
37754,3786,4541,5820,4859,3852,5211,7944,5397,3552,4002,4784,4156,3269,3445,3676,3553,-10.1766,7.59092,8.57674,47.898
37755,3190,3299,3332,3276,3368,3570,3867,3685,3814,4335,5133,4842,4091,5715,9869,6504,30.3646,7.9395,8.71895,47.9267
37756,4320,6822,8884,5334,3943,4887,5694,4467,3498,3626,3898,3825,3183,3380,3417,3245,-22.1731,4.01139,8.95064,48.282
37757,6518,8615,5139,3720,5081,6380,4613,3731,3888,4174,3578,3376,3413,3354,3324,3229,-19.1113,-9.64098,8.68105,48.0887
37758,3455,3333,3223,3177,3864,3755,3482,3189,6010,4689,3765,3437,12545,6488,4014,3502,32.1285,-24.6322,8.95308,47.952
37759,12538,6187,4035,3395,6075,4704,3754,3389,3952,3668,3390,3185,3315,3321,3209,3131,-26.884,-27.8529,8.92319,47.4987
37760,4757,5196,4257,3627,5740,8027,4987,3675,4614,5196,4179,3500,3869,3767,3575,3319,-7.15522,-9.70971,8.61637,48.19
37761,5868,4821,3726,3280,9071,5981,4019,3433,5889,4772,3762,3333,3978,3731,3386,3166,-6.4563,-21.0396,8.82853,48.144
37762,3405,3879,5875,12834,3400,3769,4717,6058,3279,3447,3810,3928,3169,3358,3269,3399,-29.7857,30.9717,8.78961,47.7307
37763,3425,3798,4033,3760,3804,4794,5829,4389,3959,5588,7303,4859,3738,4257,4643,4102,3.61783,4.45555,8.57408,48.1873
37764,3195,3367,3951,4079,3385,3684,4550,6260,3437,3829,5159,9622,3387,3654,4563,5759,5.90064,32.285,8.60618,47.9207
37765,5119,4183,3463,3270,8743,5042,3815,3432,7746,4867,3710,3297,4656,4109,3530,3244,-1.63575,-27.6753,8.53939,48.1507
37766,4226,6811,9487,5465,3941,4753,5259,4431,3417,3667,3851,3634,3134,3269,3409,3252,-27.3133,4.21144,8.8571,48.004
37767,3303,3587,3783,3518,3553,4357,4783,4045,4003,5777,8087,4934,3808,4719,5499,4560,9.182,4.92119,8.81027,48.2107
37768,3161,3320,3359,3250,3248,3586,3746,3672,3817,4493,5411,4578,4010,5886,9887,6193,26.5531,7.05902,8.79905,47.7447
37769,3181,3312,3345,3302,3284,3624,3950,3857,3633,4300,5926,5135,3848,5359,9024,6893,22.0679,10.1885,8.61655,47.982
37770,3463,3573,3720,3617,3696,4376,5004,4144,4134,5769,7828,5020,3717,4579,5518,4480,8.28888,5.15926,8.50349,48.4253
37771,4548,7076,6991,4591,4271,5835,6007,4241,3681,3913,3997,3619,3206,3410,3285,3259,-18.1143,-0.103578,8.91355,47.9533
37772,4982,4617,3717,3391,7649,6513,4146,3388,6266,5503,3820,3410,4222,3986,3509,3231,-3.3148,-17.9457,8.62587,48.2333
37773,3539,4954,8939,8388,3524,4027,5433,5221,3403,3480,3809,3826,3147,3279,3391,3385,-27.5519,13.8814,8.54626,47.83
37774,7962,9384,4901,3637,5263,5101,4253,3521,3932,3815,3679,3375,3319,3448,3346,3155,-33.9605,-12.9918,8.70973,48.0607
37775,8224,9570,5056,3851,5233,5134,4137,3559,3805,3795,3588,3419,3353,3341,3260,3148,-29.6648,-12.5708,8.91077,48.3153
37776,3725,5164,9549,7957,3550,4193,5133,5103,3285,3487,3873,3831,3210,3202,3355,3284,-28.0656,12.3476,8.85209,47.934
37777,3083,3364,3458,3452,3487,3808,4165,3878,3717,4693,6692,5228,3873,5245,8298,5859,18.122,8.40721,8.93169,48.2
37778,10295,6877,4160,3464,6887,5252,3826,3485,4091,3939,3459,3276,3397,3447,3198,3052,-21.1942,-20.7544,8.83275,48.07
37779,3601,3721,3912,3458,3889,4920,4995,3959,4180,6870,6948,4379,3887,4800,4881,3990,6.25623,0.262387,8.93213,48.26
37780,3148,3323,3383,3291,3310,3674,3960,3926,3595,4302,5904,5578,3674,4823,8682,7675,21.6618,12.8951,8.71835,48.1653
37781,4175,4210,3842,3432,5108,6747,4541,3673,5036,7421,4790,3687,4205,4419,3922,3449,0.849062,-8.4291,8.87864,48.438
37782,3410,3500,3149,3036,4194,3821,3418,3247,7185,4906,3698,3316,11738,5968,3829,3337,21.8626,-27.8548,8.90533,47.8347
37783,3349,3940,4633,4690,3519,4199,7001,6667,3414,4039,5977,5786,3279,3676,4103,4195,-2.29706,14.7177,8.72792,48.3113
37784,3068,3181,3481,3312,3161,3419,3724,4027,3387,3801,4836,6362,3429,3972,6555,11962,25.7398,24.5635,8.69952,47.7847
37785,3446,3975,6568,12030,3380,3824,4919,6081,3261,3469,3844,3889,3152,3163,3326,3341,-27.3616,24.8234,8.55853,47.7787
37786,4391,5811,5184,4016,4736,7407,6092,4153,3944,4675,4322,3696,3488,3678,3513,3423,-10.7294,-3.06454,8.64926,48.3527
37787,3481,3732,4108,3666,3679,4553,5605,4436,3920,5513,7794,5001,3709,4200,4853,4270,4.53629,5.91533,8.62557,48.3467
37788,3772,3972,3443,3233,4988,5017,3884,3516,6705,7672,4449,3501,5215,5437,4011,3479,7.93236,-13.682,8.99442,48.196
37789,3340,3427,3233,3168,3735,3740,3601,3402,4851,5452,4383,3707,6827,9898,5575,3934,28.2459,-9.15618,8.71197,48.182
37790,3544,3903,6023,12462,3428,3835,4701,5951,3302,3396,3749,3845,3169,3224,3364,3358,-29.0687,33.3186,8.67666,47.5027
37791,3267,3727,4466,5360,3362,3761,5221,9758,3213,3695,4606,6807,3171,3475,3892,4198,-4.49049,31.9447,8.94055,47.986
37792,6475,4929,3732,3295,9605,5675,3829,3305,5605,4553,3549,3332,4003,3725,3381,3076,-8.57948,-23.7498,8.88588,48.046
37793,4296,6467,8009,5116,3990,5328,6230,4509,3499,3877,4046,3706,3207,3401,3424,3325,-19.3435,3.45114,8.79447,48.2867
37794,3340,3795,4893,6857,3445,3873,5625,9671,3356,3635,4300,5497,2968,3415,3608,3941,-9.36221,24.5078,8.88449,48.146
37795,3265,3684,4106,4535,3444,3826,5816,7030,3460,3966,5960,7400,3311,3723,4332,4710,1.11814,18.4597,8.80013,48.3787
37796,3300,3604,4498,5427,3355,3832,5059,9261,3372,3650,4578,6963,3247,3521,3995,4311,-3.86997,30.6886,8.65925,47.982
37797,3668,3662,3468,3168,4451,4469,3753,3424,6429,7753,4487,3633,5833,6301,4336,3637,12.0246,-12.5004,8.77062,48.3147
37798,6860,9799,5433,3830,4867,5342,4300,3673,3768,3829,3709,3360,3362,3413,3427,3211,-30.9224,-9.79944,8.59502,48.122
37799,4215,6801,9857,5722,3924,4613,5382,4402,3456,3566,3765,3670,3216,3214,3345,3298,-27.5602,5.0224,8.6458,48.2973
37800,5099,8181,6163,4332,4569,6439,5274,4034,3735,3996,3736,3489,3387,3437,3406,3170,-18.9175,-3.95892,8.96738,48.298
37801,3584,4599,7235,6067,3655,4693,7397,5941,3366,3775,4381,4133,3200,3387,3519,3628,-14.6065,11.3506,8.74253,48.3733
37802,3258,3251,3322,3234,3625,3793,3752,3576,4199,4921,4799,4122,4803,8664,7878,4607,31.1843,-0.852664,8.85337,47.8693
37803,3895,4504,4912,4201,4033,5889,7531,4758,3692,4747,5383,4131,3503,3663,3903,3676,-5.66403,3.50695,8.72717,48.2807
37804,9246,6795,4227,3459,7049,5680,3927,3411,4297,4040,3582,3338,3489,3477,3289,3082,-18.8908,-19.2442,8.70541,48.2587
37805,3251,3293,3317,3249,3321,3503,3722,3923,3400,3692,4702,5903,3350,3953,6089,12582,29.9827,28.5586,8.56372,47.5
37806,3318,3863,6273,12642,3304,3730,4831,6090,3176,3366,3806,3879,3087,3173,3376,3384,-31.5543,26.1974,8.86468,47.532
37807,3656,4155,4961,4525,3681,4948,8057,5449,3660,4314,5701,4644,3339,3590,4021,3889,-4.9076,8.73916,8.77541,48.3933
37808,3556,3556,3431,3105,4419,4454,3771,3334,6460,7171,4400,3540,6242,6582,4382,3580,13.495,-13.4183,8.56635,47.9887
37809,3259,3751,4760,5604,3414,4030,6337,8438,3375,3645,5035,5861,3208,3531,3761,4049,-5.55059,19.1729,8.53979,48.0387
37810,3448,4338,7360,10420,3423,4065,5239,6259,3273,3491,3843,4078,2998,3309,3420,3411,-22.9275,19.8901,8.8791,48.25
37811,3341,3861,5985,12494,3350,3737,4829,5997,3228,3450,3798,3858,3271,3309,3314,3457,-29.8601,30.3417,8.61503,47.5193
37812,12500,5880,3883,3360,5973,4654,3767,3484,3871,3843,3497,3315,3351,3386,3343,3192,-32.341,-32.6887,8.667,47.5327
37813,6755,9884,5467,3936,4861,5337,4384,3621,3643,3848,3638,3327,3301,3470,3321,3165,-32.6966,-9.22127,8.77411,47.972
37814,3821,4119,4003,3659,4295,6359,5713,3921,4329,6480,5672,3946,3855,4190,4154,3684,0.370132,-2.04093,8.80868,48.1333
37815,12722,5921,3800,3316,5925,4594,3714,3344,3875,3779,3406,3228,3448,3378,3289,3181,-33.1279,-32.2465,8.88137,47.28
37816,5521,6986,4843,3745,5397,7673,4882,3724,4040,4407,3941,3540,3488,3596,3451,3128,-14.2665,-8.39301,8.91445,48.2413
37817,3891,3851,3587,3379,4970,5453,3968,3430,6434,7540,4516,3678,4946,5063,3914,3459,5.84709,-12.5464,8.54883,48.0527
37818,4033,6042,9695,6429,3705,4514,5418,4771,3352,3720,3808,3788,3218,3195,3457,3278,-25.8922,7.52025,8.56047,48.282
37819,3267,3537,4080,4033,3427,3944,5401,5570,3438,4188,7055,7486,3512,3948,4820,5144,5.16046,15.8944,8.8487,48.5667
37820,3595,3947,4276,3940,3775,5062,6978,4886,3662,4962,6863,4824,3456,4011,4395,3998,0.0607053,6.37337,8.63858,48.42
37821,3488,3716,3762,3758,3772,4582,5323,4296,3982,5769,7733,4705,3757,4471,4884,4290,5.69578,4.19004,8.6597,48.192
37822,3134,3461,3457,3356,3503,3769,4310,4140,3764,4894,7347,5270,3826,5019,7492,5550,15.759,8.28006,8.92192,48.1947
37823,3406,3779,5935,11124,3262,3782,5081,7323,3294,3501,3982,4239,3078,3279,3398,3542,-20.4466,28.1575,8.68994,48.0033
37824,3067,3285,3644,3679,3245,3551,4204,4877,3380,3962,5974,8732,3378,3875,5559,7877,13.4046,22.0534,8.79564,48.1927
37825,3910,5253,9715,7673,3639,4186,5274,4922,3343,3517,3726,3717,3171,3232,3386,3305,-28.8258,11.4923,8.96823,47.9793
37826,3496,3910,4178,3800,3927,5186,6005,4316,4085,5801,6943,4685,3644,4142,4605,4044,2.39523,3.20828,8.64291,48.5113
37827,3175,3204,3352,3392,3163,3489,3725,3904,3376,3994,5049,5784,3348,4126,7057,11381,33.3923,21.6019,8.71942,47.6793
37828,3992,5020,5425,4246,4153,6526,7504,4562,3754,4402,4702,3947,3484,3587,3709,3432,-9.13525,1.84795,8.86234,48.2967
37829,3523,3488,3358,3143,4597,3872,3566,3372,8330,5076,3841,3377,9937,5385,3938,3359,16.981,-30.5287,8.59832,48.108
37830,3371,4020,6199,11686,3360,3937,4919,6848,3181,3446,3908,4109,3170,3330,3283,3346,-23.0719,25.7147,8.72324,48.0753
37831,11349,5907,3855,3270,7552,4957,3831,3334,4065,3856,3368,3264,3430,3481,3259,2987,-20.7756,-26.6871,8.98236,47.8433
37832,3454,3817,5702,9389,3379,3846,5462,8547,3301,3491,4099,4625,3179,3311,3453,3584,-16.2869,24.7911,8.82792,48.426
37833,3086,3268,3485,3373,3364,3656,4049,4058,3538,4245,6239,6063,3485,4526,7916,7516,18.7495,14.0543,8.54867,47.9113
37834,4609,4025,3537,3262,8089,4904,3645,3305,8551,5057,3770,3234,4879,4227,3537,3390,0.810469,-31.887,8.83099,48.014
37835,5240,4534,3804,3296,8090,5973,3910,3416,6843,5221,3880,3378,4400,4177,3581,3170,-3.20791,-20.215,8.66239,48.6087
37836,3212,3163,3339,3328,3237,3415,3788,4014,3362,3762,4851,6661,3461,3885,6239,11921,23.8576,25.4225,8.92846,47.7587
37837,3851,3837,3481,3136,5197,5226,3844,3446,7122,7619,4317,3510,5235,5149,4003,3510,6.96326,-14.45,8.8846,48.322
37838,3661,4108,4547,4085,3781,5245,7381,4801,3736,4843,6325,4607,3505,3807,4148,3889,-2.24784,5.76426,8.96311,48.3127
37839,6524,4603,3673,3357,9995,5192,3792,3475,5909,4512,3663,3318,4042,3806,3373,3094,-7.95755,-29.1034,8.72441,48.2187
37840,12451,5977,3972,3397,5898,4564,3793,3451,3996,3688,3420,3303,3386,3353,3355,3154,-31.8958,-32.7377,8.62371,47.4387
37841,3996,5487,7946,5328,3867,4922,6828,4894,3565,3746,4237,3911,3300,3409,3500,3367,-17.3298,6.52964,8.573,48.202
37842,11472,5727,3920,3481,7073,5061,3882,3397,4082,3880,3442,3191,3477,3323,3205,3183,-21.0514,-33.4203,8.66108,47.864
37843,3166,3311,3354,3194,3398,3587,3749,3617,3683,4451,5358,4816,3883,5862,9690,6584,27.0406,8.37851,8.58719,47.802
37844,4612,6565,6682,4488,4333,6264,6187,4224,3664,4019,3969,3775,3248,3503,3458,3260,-16.1656,0.0495397,8.91343,48.1673
37845,3130,3196,3335,3387,3176,3516,3840,3978,3470,3752,4902,6347,3441,3981,6013,12176,24.9108,30.927,8.6361,47.76
37846,4058,4860,4501,3800,4631,7399,5983,4092,4240,5505,4759,3771,3500,3914,3817,3438,-5.15349,-3.20713,8.83694,48.1787
37847,3363,3313,3404,3097,3766,3923,3632,3357,4933,5310,4313,3629,7299,9682,5319,3817,27.8216,-10.5588,8.78219,48.1047
37848,3230,3127,3324,3322,3196,3406,3798,3801,3381,3821,4823,6448,3390,4009,6053,12440,24.9779,33.638,8.8772,47.7127
37849,3268,3727,4468,4502,3537,4194,6852,6513,3587,4062,6267,5879,3288,3646,4265,4332,-1.69396,14.2263,8.95673,48.258
37850,3184,3660,4445,4936,3361,3816,5586,8153,3381,3758,5179,7056,3276,3489,4089,4581,-1.9704,21.6978,8.59597,47.9667
37851,3365,3733,4697,6568,3329,3815,5425,9751,3225,3477,4432,5878,3095,3376,3718,3960,-8.07193,26.5703,8.71804,47.896
37852,3561,3510,3291,2982,4550,4149,3604,3227,8448,5493,3898,3487,8823,5911,3917,3409,15.5788,-22.7103,8.93172,48.1733
37853,3990,3843,3479,3192,5399,4926,3804,3304,7973,6851,4045,3516,5664,5147,3797,3326,7.26833,-17.219,8.9515,48.1707
37854,3046,3336,3484,3548,3273,3655,4059,4799,3368,3792,5321,9223,3372,3891,5263,8478,13.8467,28.5231,8.87039,47.9387
37855,3341,3841,4405,3998,3530,4163,6299,5393,3674,4568,7067,5815,3440,3872,4447,4382,1.41683,11.4788,8.74727,48.1567
37856,3559,4613,7508,7666,3543,4291,6207,6215,3246,3535,4156,4057,3121,3301,3479,3449,-17.9756,14.7488,8.5991,47.964
37857,3099,3178,3434,3517,3302,3555,3926,4327,3361,3790,5122,7901,3547,3972,5583,10307,18.3594,32.1666,8.54425,47.9473
37858,12261,6052,3907,3370,6602,4802,3847,3338,3902,3819,3391,3227,3248,3263,3156,3152,-24.2426,-33.8451,8.87539,47.558
37859,12307,6248,3989,3382,6165,5013,3775,3454,3961,3842,3375,3208,3412,3406,3186,3109,-28.0227,-27.4262,8.57274,47.888
37860,3331,3623,3726,3466,3741,4611,4783,3966,4236,6535,7467,4575,3977,4904,5165,4063,8.19654,1.57845,8.82753,48.1127
37861,3442,3662,3399,3269,4140,4533,4012,3343,5398,7971,5095,3708,5211,6716,4815,3804,12.8905,-7.79662,8.775,48.3453
37862,3198,3636,4250,4806,3394,3839,5425,7850,3408,3888,5299,7618,3252,3613,4191,4716,-0.540929,22.3168,8.5919,48.2553
37863,5016,5129,3966,3445,6573,7614,4497,3528,5197,5534,3991,3440,3863,3982,3536,3214,-5.84221,-13.0492,8.87267,48.35
37864,3418,3518,3268,3203,4481,4023,3470,3168,8717,5161,3815,3462,9377,5713,3916,3419,16.0231,-33.6178,8.93263,48.086
37865,6177,9811,6269,4148,4598,5205,4445,3786,3747,3766,3596,3410,3302,3326,3265,3173,-29.0272,-6.75154,8.74712,48.016
37866,3445,3394,3302,3019,3855,3754,3361,3223,5751,4912,3904,3450,11340,7169,4065,3444,29.4072,-21.7081,8.68132,47.592
37867,3541,4395,5632,4677,3819,5177,8298,5597,3586,4149,5115,4393,3241,3384,3789,3635,-8.06735,8.15242,8.87902,48.2853
37868,3926,3748,3338,3180,6068,4447,3691,3304,9900,5391,3752,3394,6277,4681,3660,3310,7.47115,-26.7568,8.75335,48.0447
37869,3200,3326,3345,3307,3424,3685,4060,3828,3771,4729,6567,5068,3911,5549,8494,6270,19.4393,8.15604,8.67658,48.356
37870,7808,5686,4020,3461,8371,6013,4077,3559,4619,4323,3513,3286,3604,3573,3317,3135,-13.6078,-20.9527,8.67342,48.2433
37871,4156,4924,4608,3850,4661,7246,6322,4138,4129,5332,4900,3709,3513,3779,3612,3458,-6.14624,-2.40671,8.65588,48.2247
37872,9141,7646,4339,3496,6240,5577,4017,3497,4024,3912,3446,3200,3489,3371,3333,3169,-21.9428,-17.4227,8.56163,47.9313
37873,3630,4242,5318,4510,3760,5152,8187,5500,3599,4280,5453,4390,3313,3659,3896,3773,-6.50305,8.02248,8.6457,48.4413
37874,12459,6259,3977,3406,6166,4680,3690,3378,4009,3716,3369,3212,3477,3492,3196,3171,-28.1708,-27.5235,8.68784,47.7713
37875,6250,4729,3760,3305,9725,5521,3841,3391,6066,4497,3681,3359,4094,3788,3399,3067,-6.87092,-24.8915,8.58238,48.3153
37876,3178,3325,3293,3157,3583,3675,3670,3446,4424,5209,4600,3922,5487,9455,7081,4381,28.6097,-4.12217,8.85855,47.924
37877,3439,3459,3225,3207,4002,3773,3432,3283,5983,4735,3776,3390,12586,6100,3948,3345,30.3853,-26.9507,8.73423,47.7887
37878,3482,4245,6906,7841,3488,4094,6235,7058,3370,3690,3980,4422,3063,3322,3505,3493,-16.2844,17.0937,8.56794,48.1293
37879,3418,4235,7680,11023,3413,3871,5085,6069,3230,3568,3890,3870,3090,3265,3388,3388,-27.1462,19.7617,8.89551,48.322
37880,3792,3601,3426,3113,5473,4537,3544,3200,9734,5619,3944,3353,6806,4957,3796,3215,9.5144,-24.204,8.98327,48.0733
37881,4941,6067,4691,3815,5584,8102,5038,3767,4170,4727,4097,3446,3652,3703,3543,3253,-10.2305,-8.373,8.6907,48.3973
37882,3149,3306,3367,3343,3510,3641,3762,3569,3922,4768,5153,4312,4463,7197,9054,5361,27.7051,2.89934,8.73831,47.918
37883,3252,3471,3909,3896,3485,3998,5251,4842,3559,4628,7988,6443,3524,3975,5202,4999,6.71063,12.3611,8.87752,48.2813
37884,3291,3721,4000,4040,3403,3997,5765,5412,3544,4368,7464,6508,3414,4005,4775,4654,4.14493,13.0051,8.91961,48.2407
37885,3139,3466,3734,3831,3292,3789,4517,5333,3531,4034,6361,8533,3461,3917,4962,6291,8.84509,20.0165,8.51292,48.1273
37886,3512,4343,7731,8832,3548,4182,5754,6320,3123,3478,4065,4087,3066,3268,3460,3416,-20.8155,16.7745,8.7721,48.1233
37887,3097,3326,3604,3655,3214,3621,4191,4721,3414,3995,6243,8261,3468,4040,5943,7716,14.23,19.9025,8.80832,48.3393
37888,11130,6837,4127,3479,6388,4947,3820,3427,4095,3899,3413,3297,3428,3364,3276,3071,-23.7799,-22.2254,8.88962,47.9987
37889,3354,3301,3201,3127,3859,3830,3529,3278,5268,5179,4161,3566,8489,9144,4878,3719,28.2699,-14.0348,8.61586,47.922
37890,3101,3288,3435,3376,3261,3618,3838,3793,3626,4150,5270,5377,3539,4781,9180,8516,30.1655,14.4722,8.65858,48.0993
37891,7241,5327,3818,3423,8909,6032,3925,3444,5104,4405,3643,3239,3708,3543,3382,3059,-11.582,-21.3877,8.67152,48.1347
37892,3885,4920,5276,4294,4225,6253,7436,4740,3803,4488,4875,3933,3440,3627,3678,3509,-8.33796,2.1725,8.83367,48.2547
37893,3490,3764,3622,3614,3803,4809,4986,3893,4283,6595,7209,4430,4025,4857,4953,4185,7.1056,0.787795,8.57041,48.3453
37894,4958,4274,3674,3271,8529,5391,3782,3352,7320,5029,3764,3403,4468,4172,3570,3194,-1.46578,-23.2729,8.80847,48.1007
37895,3049,3227,3392,3478,3265,3572,4024,3949,3445,4031,5649,5961,3640,4494,8153,8788,22.3677,16.0673,8.7414,48.078
37896,3232,3304,3554,3418,3595,3803,4450,4106,3838,4886,7610,5506,3696,4874,7061,5535,14.1787,8.85097,8.57267,48.312
37897,3479,3931,6216,12223,3383,3840,4837,6382,3231,3464,3831,3878,3193,3189,3415,3349,-25.6237,26.9055,8.54831,47.894
37898,3144,3310,3471,3549,3279,3565,4082,4735,3451,3835,5167,8968,3313,3881,5386,8557,14.229,31.6306,8.63207,47.7953
37899,5000,7718,6588,4278,4518,6218,5428,4119,3648,4060,3917,3670,3268,3349,3287,3182,-18.6876,-2.70467,8.714,48.1653
37900,3955,4073,3724,3467,4538,6015,4499,3565,4943,7792,5283,3825,4288,4690,4202,3617,3.79336,-6.23979,8.90031,48.3173
37901,3579,3633,3381,3276,4091,4638,3965,3596,5382,8034,5100,3705,4962,6472,4724,3846,12.1012,-7.48686,8.85558,48.256
37902,4048,4511,4117,3746,4620,7045,5441,3835,4536,6232,4961,3939,3830,4038,3876,3568,-1.94155,-4.0819,8.68032,48.2287
37903,3602,3809,3856,3620,3862,4938,5626,4087,4119,6230,7102,4444,3871,4484,4706,4015,4.41176,2.30522,8.95288,48.2473
37904,3865,3730,3323,3208,5637,4568,3602,3312,9203,5953,3917,3334,6430,5011,3829,3312,8.25095,-22.445,8.51597,48.156
37905,3708,3486,3271,3189,4889,4130,3572,3336,9300,5219,3849,3472,8422,5264,3768,3417,13.8376,-28.5535,8.8511,48.1947
37906,6558,4687,3708,3243,9970,5225,3755,3383,5929,4460,3726,3294,3849,3682,3364,3165,-7.72203,-29.9351,8.86136,47.9987
37907,7290,9587,5269,3648,5149,5295,4370,3648,3717,3897,3612,3387,3203,3363,3229,3185,-32.884,-10.9157,8.63238,47.8993
37908,3488,3332,3278,3185,3987,3875,3431,3287,5914,4850,3883,3385,11083,7072,4112,3358,33.3326,-20.9844,8.65446,47.68
37909,6308,5027,3866,3309,8857,6266,4056,3419,5540,4514,3769,3305,3909,3789,3352,3320,-8.62619,-21.1845,8.78276,48.404
37910,4534,4179,3634,3203,7016,5800,3976,3451,7150,5969,4048,3496,4739,4173,3601,3313,0.41369,-18.1076,8.79375,48.188
37911,3472,3393,3246,3079,4213,3985,3384,3256,7301,5080,3763,3419,10972,5849,4076,3263,20.3007,-30.1465,8.50084,47.834
37912,3365,3573,3167,3235,4020,3747,3418,3265,5900,4833,3807,3377,12244,6523,4094,3396,32.2407,-24.023,8.91905,47.976
37913,7392,5062,3785,3373,9770,5402,3713,3325,5356,4280,3598,3311,3854,3558,3225,3104,-10.6755,-26.8325,8.82007,48.072
37914,4588,6496,6074,4335,4462,6587,6054,4248,3812,4250,4019,3696,3337,3486,3490,3322,-14.7556,-1.1691,8.53739,48.1707
37915,6364,6603,4337,3568,6626,7215,4465,3599,4368,4382,3658,3391,3542,3600,3366,3140,-13.668,-14.0923,8.95429,48.1493
37916,3090,3266,3552,3645,3261,3391,4013,4609,3434,3856,5427,8383,3417,3883,5849,9054,16.0047,23.7871,8.93884,48.0867
37917,3407,3965,6182,12692,3390,3798,4728,6097,3244,3341,3760,3963,3124,3205,3487,3456,-28.2812,28.6032,8.81661,47.8927
37918,4971,7659,6550,4547,4422,6088,5571,4186,3641,3995,3980,3654,3296,3473,3330,3307,-18.5365,-1.83672,8.53906,48.4467
37919,5987,4577,3684,3328,9812,5139,3856,3376,6549,4565,3544,3322,4082,3895,3340,3195,-5.89293,-30.7217,8.91672,48.1673
37920,3195,3647,4282,5129,3383,3687,5081,8903,3325,3735,4853,7894,3157,3537,4020,4577,-1.67877,31.451,8.99913,48.27
37921,4907,8082,8300,4709,4149,5122,4858,4159,3526,3928,3787,3577,3229,3334,3302,3126,-27.4521,-0.33366,8.92244,48.0633
37922,3756,3552,3321,3186,4941,4099,3561,3254,9402,5018,3893,3363,8342,5198,3725,3302,13.3752,-29.8695,8.77769,47.942
37923,3223,3332,3420,3207,3474,3725,3755,3657,4048,4803,5284,4444,4390,7114,9044,5391,25.3092,2.97242,8.58766,48.2073
37924,3735,3589,3268,3081,4612,4378,3601,3308,7696,6459,4063,3480,7296,5911,4080,3494,13.5942,-18.1451,8.70807,48.034
37925,3330,3565,3979,3875,3490,4150,5673,4896,3706,4873,7701,5737,3566,4102,4999,4649,4.76625,10.3667,8.54641,48.194
37926,6091,9930,6076,3902,4717,5303,4431,3746,3760,3761,3584,3398,3386,3467,3266,3144,-32.2243,-7.45214,8.59782,47.9747
37927,6653,7992,4646,3729,5734,6785,4528,3691,3974,4075,3656,3416,3416,3462,3276,3216,-17.5541,-11.922,8.87151,48.166
37928,6256,9797,6108,3980,4712,5236,4430,3716,3655,3864,3646,3383,3344,3398,3333,3251,-32.7357,-7.2001,8.80554,48.0727
37929,3818,4253,4103,3679,4403,6346,5519,4023,4403,6223,5568,3892,3803,4270,4138,3603,-0.00780897,-2.01632,8.66385,48.0293
37930,3379,3931,5115,5427,3493,4233,6987,7683,3300,3790,5085,5482,3198,3488,3868,3962,-6.46715,16.8384,8.5192,48.2807
37931,3019,3323,3498,3248,3333,3527,3852,3806,3490,4051,5253,5409,3632,4782,9171,8670,27.1103,14.1764,8.99751,48.0427
37932,4134,3939,3482,3147,5676,5267,3873,3314,7637,6820,4100,3421,5327,4798,3911,3352,5.28879,-16.8246,8.77354,48.132
37933,3363,3575,3439,3210,3809,4290,4092,3594,4865,7266,5612,3987,4907,6817,5441,3945,14.2576,-4.53282,8.71028,48.1413
37934,3069,3199,3350,3383,3241,3445,3796,3998,3401,3856,5076,6393,3333,4013,6797,11291,23.8126,22.034,8.88906,47.7607
37935,3024,3148,3497,3495,3282,3493,3856,4286,3450,3925,5145,7375,3525,3904,6177,10667,20.019,23.8838,8.86957,48.166
37936,3493,3487,3195,3074,3834,3918,3363,3098,6096,4691,3766,3372,12628,6281,3903,3312,28.1989,-27.2264,8.84031,47.674
37937,3342,3410,3210,3150,3802,3847,3602,3265,5149,5360,4248,3588,7500,9647,5135,3653,33.9403,-11.683,8.95422,47.9387
37938,5701,4476,3715,3144,9459,5450,3885,3348,6538,4799,3685,3208,4328,3966,3451,3281,-5.19988,-24.2963,8.61123,48.2893
37939,3337,3790,4915,5281,3456,4123,7081,7589,3414,3903,5144,5477,3328,3447,3949,4076,-5.71339,16.3516,8.61373,48.2067
37940,4232,4467,3944,3564,5191,7229,4834,3736,5044,6791,4618,3658,3924,4329,3872,3460,-0.975715,-8.55449,8.81911,48.5953
37941,3393,3717,3773,3584,3718,4487,4854,4032,4053,6064,7784,4630,3902,4814,5314,4313,7.71821,3.63557,8.71658,48.288
37942,5519,4535,3603,3321,9417,5367,3830,3453,6842,4723,3554,3285,4126,4049,3507,3159,-4.36615,-24.8673,8.95446,48.1933
37943,3413,3362,3313,3132,3841,3781,3509,3285,5178,5254,4145,3483,8274,9486,4882,3483,33.195,-13.0657,8.96607,47.8807
37944,3412,3739,4499,5533,3325,3757,5632,9036,3361,3801,4701,6598,3169,3425,3929,4279,-4.40875,23.8478,8.58737,48.1307
37945,3263,3834,4794,5999,3316,4025,5937,9099,3301,3738,4717,6082,3197,3360,3805,3962,-6.79121,22.1211,8.67002,48.286
37946,3554,4317,6415,6450,3579,4329,6969,7046,3340,3802,4301,4422,3179,3397,3685,3541,-13.4124,15.063,8.5342,48.2173
37947,4766,7137,6020,4272,4668,6633,5861,4091,3826,4185,3985,3617,3321,3404,3527,3216,-15.8317,-2.80563,8.60236,48.3527
37948,3456,3715,4858,6771,3387,3952,5709,9353,3320,3671,4473,5502,3192,3338,3648,3874,-9.59598,23.9504,8.56089,48.146
37949,3358,3683,4621,5854,3449,3771,5221,9632,3353,3541,4574,6386,3219,3479,3792,4084,-5.75415,33.1282,8.66584,48.0113
37950,5037,4692,3949,3454,7334,7106,4129,3521,5515,5476,3968,3484,4077,4079,3541,3334,-4.74051,-15.6132,8.81747,48.464
37951,3670,4191,4852,4502,3776,5008,7792,5136,3591,4294,5782,4670,3441,3573,3899,3986,-4.46488,7.96207,8.67957,48.1087
37952,3437,3506,3550,3315,3736,4356,4234,3526,4665,7270,6125,4119,4616,6134,5675,4109,12.7656,-2.71118,8.90219,48.2487
37953,3424,3323,3396,3272,3516,3724,3738,3510,4343,5158,4732,3952,5098,9086,7355,4373,30.0332,-2.93672,8.64464,48
37954,5098,7996,6315,4115,4573,6367,5313,4002,3856,4051,3848,3524,3281,3446,3404,3153,-18.8988,-3.63306,8.83584,48.228
37955,3365,3431,3303,3070,3860,3815,3536,3253,4998,5424,4317,3698,7063,9789,5500,3715,25.4443,-10.1071,8.91615,48.0913
37956,3521,3454,3139,3167,4589,4096,3494,3196,8722,5248,3909,3381,8942,5444,3888,3407,15.1865,-33.5789,8.63061,47.7313
37957,3707,3652,3392,3093,5238,4542,3670,3360,8743,6162,3938,3436,6434,5300,3757,3414,9.76996,-20.0894,8.79621,47.892
37958,11769,5896,3979,3332,6928,4964,3777,3362,4066,3755,3487,3189,3333,3525,3257,3034,-22.8592,-27.4891,8.55042,47.7687
37959,7859,5650,3932,3392,8484,5775,4034,3477,4703,4341,3659,3204,3570,3571,3229,3042,-13.5482,-21.8114,8.54418,47.948
37960,3058,3223,3446,3356,3281,3473,3682,3835,3508,3971,5134,5523,3638,4484,8597,9576,28.4825,16.3029,8.70541,47.8567
37961,5414,4531,3689,3269,8673,6021,3939,3362,6722,4943,3876,3299,4160,3932,3443,3169,-4.04771,-21.4687,8.88018,48.2947
37962,3507,4247,7059,9476,3453,4003,5556,6746,3281,3629,3950,4154,3083,3170,3330,3367,-20.2537,18.6847,8.64973,48.0073
37963,3603,3631,3314,3122,4538,4463,3709,3271,7383,6492,4176,3487,7381,6201,4156,3463,14.2319,-17.3046,8.52669,48.26
37964,3321,3331,3396,3097,3821,4030,3610,3338,5505,6154,4337,3656,7022,8964,4906,3879,20.7998,-11.3497,8.98687,48.2447
37965,4491,6374,6096,4164,4424,6650,6255,4182,3793,4169,4114,3660,3371,3484,3463,3309,-14.5265,-0.739316,8.82164,47.9993
37966,3322,3307,3301,3241,3720,3805,3644,3218,4850,5277,4351,3673,6586,10049,5623,3901,31.8678,-8.49484,8.94281,47.912
37967,3267,3371,3332,3377,3313,3565,3877,3741,3726,4616,5832,4879,3922,5580,9293,6520,22.7751,8.85411,8.79523,48.1407
37968,3469,3365,3254,3277,4000,3800,3321,3285,5880,4686,3806,3346,12406,5859,3858,3466,32.3956,-32.2388,8.63248,47.3853
37969,3510,3481,3264,3124,4361,3933,3631,3152,8672,5119,3780,3354,9755,5452,3879,3405,16.451,-28.5688,8.7077,47.9147
37970,3062,3491,3808,3759,3359,3823,4888,5059,3447,4291,7093,7845,3324,3932,5382,5740,8.33921,16.438,8.82389,48.202
37971,3240,3337,3433,3346,3533,3792,3937,3795,3990,5388,6283,4538,4232,6377,7838,5048,18.4869,3.43144,8.69268,48.0713
37972,8330,5503,4014,3474,8849,5510,3840,3353,4868,4165,3650,3218,3573,3574,3157,2962,-13.976,-23.0992,8.86621,48.0267
37973,3533,3541,3328,3146,4362,4275,3695,3312,6965,6343,4187,3540,7530,6869,4316,3620,16.1586,-16.3633,8.62139,48.3747
37974,4757,7452,6674,4375,4449,5975,5676,4159,3617,3877,3910,3571,3413,3432,3426,3278,-18.5167,-1.67802,8.80305,48.0273
37975,4813,8407,8325,4682,4226,4849,4907,4176,3574,3726,3645,3620,3291,3321,3348,3308,-31.015,0.0534333,8.71455,48.1453
37976,3336,3745,5113,7156,3374,3833,5330,9826,3349,3599,4282,5449,3181,3346,3739,3727,-10.3337,26.8884,8.70417,48.2567
37977,3103,3158,3349,3397,3165,3441,3903,4016,3403,3825,4983,6712,3470,4077,6378,11468,23.2103,24.7537,8.70212,47.8987
37978,3105,3246,3504,3559,3250,3602,4199,4497,3451,3892,5394,8112,3326,4010,5926,9237,17.003,23.6181,8.50654,48.2067
37979,3854,3645,3300,3150,5197,4166,3738,3237,9326,5529,3774,3358,7331,5101,3847,3374,11.3487,-23.4582,8.87754,47.9513
37980,6676,4774,3715,3298,10253,5043,3736,3458,5707,4334,3600,3273,3897,3706,3335,3186,-8.71824,-30.1948,8.95247,47.994
37981,3472,3460,3132,3167,3891,3740,3537,3249,6226,4615,3790,3398,12534,6094,3937,3411,27.2947,-32.929,8.76008,47.7687
37982,5408,6809,4711,3690,5887,7787,4792,3757,4109,4443,3764,3448,3513,3538,3451,3231,-13.073,-9.79274,8.91454,48.2253
37983,7143,9522,5297,3829,4948,5484,4333,3660,3761,3868,3584,3353,3323,3403,3332,3202,-25.7135,-10.6773,8.83893,48.028
37984,3652,3586,3302,3051,4423,4228,3575,3222,8039,6248,4046,3444,7630,6225,4036,3576,14.4992,-18.4482,8.776,48.1887
37985,4243,3894,3581,3192,6172,5007,3757,3334,8674,6177,4017,3360,5544,4632,3553,3323,4.9384,-20.5,8.58759,48.3067
37986,3819,3676,3366,3183,5258,4404,3625,3383,9779,5222,3688,3442,7139,4974,3813,3397,10.4017,-33.2902,8.76307,48.112
37987,7359,9690,5321,3857,5039,5464,4209,3672,3782,3877,3524,3262,3339,3444,3178,3148,-26.6969,-10.7445,8.53768,48.11
37988,3051,3326,3543,3720,3169,3563,4028,5028,3383,3869,5443,9283,3334,3930,5293,8308,13.5609,26.8344,8.77333,48.1807
37989,4010,5636,9792,6917,3618,4383,5299,4807,3413,3476,3721,3734,3260,3360,3384,3292,-29.4157,9.46254,8.54025,48.068
37990,3341,3961,6395,12092,3374,3709,4927,6501,3158,3417,3915,4044,3074,3200,3296,3503,-24.4121,24.3673,8.98885,47.938
37991,7557,9725,5182,3652,4985,5215,4226,3664,3776,3776,3619,3382,3317,3434,3181,3084,-31.4645,-11.2824,8.89642,47.85
37992,4375,4686,3967,3454,5718,7511,4652,3633,5119,6036,4267,3637,3976,4202,3646,3466,-3.02381,-10.6938,8.60002,48.23
37993,11681,6842,4092,3409,5910,4941,3717,3464,3983,3779,3534,3157,3480,3468,3266,3139,-26.488,-22.9016,8.61219,47.908
37994,3208,3307,3354,3464,3356,3539,3901,3939,3587,4268,5762,5488,3666,4956,8839,7714,22.8042,13.2082,8.57507,48.232
37995,4018,3846,3325,3149,6089,4613,3686,3201,9887,5126,3779,3370,6157,4669,3623,3317,6.84833,-30.369,8.7705,47.9033
37996,4161,4140,3564,3414,5542,6184,4213,3515,6181,7307,4394,3513,4450,4654,3802,3395,2.41454,-12.1948,8.92945,48.286
37997,10474,5699,3967,3429,7898,5071,3913,3370,4335,3860,3450,3231,3465,3421,3204,3159,-18.4525,-31.8472,8.61388,47.964
37998,3067,3261,3291,3423,3281,3543,3937,4182,3487,3730,4965,7354,3466,4040,5744,11105,20.5528,33.2621,8.53472,47.9173
37999,3273,3428,3320,3230,3531,3744,3823,3481,4362,5266,4923,3988,5034,8652,7625,4469,25.0721,-1.79277,8.6188,48.0993
38000,3332,3370,3323,3288,3635,3781,3849,3462,4270,5049,4817,4075,5096,8870,7425,4514,30.8741,-2.35275,8.59276,48.104
38001,3022,3239,3397,3346,3309,3431,3795,4079,3369,3880,4888,7029,3423,3868,5991,11563,22.5496,29.1033,8.62784,47.7527
38002,3296,3737,4886,6632,3288,3902,5550,9827,3199,3676,4354,5589,3171,3403,3694,3850,-9.13622,25.2416,8.8618,48.036
38003,3386,3672,4343,4897,3442,3960,6092,7679,3420,3872,5470,6480,3373,3540,4128,4430,-2.08764,19.014,8.56918,48.1227
38004,12560,6198,3991,3439,6000,4741,3813,3452,3926,3774,3449,3255,3534,3375,3238,3087,-29.8852,-26.3646,8.74558,47.888
38005,3743,3756,3252,3139,5428,4311,3598,3290,9858,5346,3778,3302,7490,5100,3799,3285,10.4218,-27.2162,8.94616,48.3167
38006,4656,6427,6284,4458,4207,6331,6329,4397,3688,4110,4010,3777,3314,3544,3544,3317,-15.2019,-0.479707,8.77305,48.262
38007,3183,3324,3448,3367,3337,3590,3893,3909,3495,4035,5132,5521,3469,4513,8435,9385,29.4278,16.0367,8.5788,48.024
38008,8302,8905,4618,3613,5291,5179,4277,3492,3878,3902,3593,3241,3324,3425,3431,3180,-33.9324,-14.1058,8.50654,47.7673
38009,3515,3406,3239,3150,4411,4066,3551,3083,8015,5351,3918,3524,9401,6108,3975,3467,17.1201,-23.0787,8.71194,48.12
38010,3497,4302,6686,7570,3502,4313,6704,6928,3241,3638,4360,4457,3073,3255,3632,3576,-15.5062,16.0368,8.7843,48.4893
38011,3379,3367,3609,3390,3564,4074,4383,3918,3799,5402,7454,5100,3868,5227,6926,5143,14.0349,6.01867,8.63473,48.402
38012,3350,3422,3188,3108,4066,4144,3689,3393,5628,6697,4458,3696,6523,8212,4916,3760,18.0607,-10.8025,8.96148,48.1667
38013,3429,3412,3283,3156,4102,3872,3479,3189,7531,5093,3864,3341,10918,5741,3890,3339,19.9208,-33.247,8.73898,47.7593
38014,3506,3313,3170,3138,3886,3679,3554,3275,5987,4743,3731,3330,12547,6093,3926,3311,30.7201,-27.3426,8.55972,47.4593
38015,4675,6496,5491,4224,4791,7183,6005,4173,3759,4295,3926,3607,3363,3553,3548,3325,-13.371,-3.33043,8.78639,48.276
38016,3451,4007,4831,4817,3582,4355,7396,6619,3406,3998,5563,5335,3237,3592,3983,4005,-4.91458,13.833,8.78151,48.118
38017,3805,3969,3882,3564,4485,5823,4685,3665,4904,7501,5494,3843,4197,4733,4293,3704,4.01804,-5.50006,8.65184,48.3647
38018,4336,4599,4133,3582,5212,7616,5061,3792,4603,6080,4491,3695,3960,4093,3812,3429,-3.30622,-7.14592,8.69263,48.3293
38019,3283,3340,3344,3352,3664,3871,3953,3662,4127,5626,5964,4424,4447,7173,7414,4577,18.8892,0.365675,8.89971,48.1473
38020,3372,3433,3207,3122,3992,3748,3413,3254,6113,4722,3772,3307,12612,6072,3923,3448,28.4728,-29.6849,8.64297,47.6733
38021,3272,3476,3316,3118,3770,3843,3593,3404,4916,5300,4208,3601,7339,9693,5356,3775,31.3362,-10.6872,8.62085,47.9867
38022,4542,4107,3388,3356,7589,4858,3683,3361,8977,5109,3786,3436,5056,4289,3523,3226,1.9827,-29.9638,8.63584,48.1907
38023,3377,3849,5986,12521,3375,3672,4729,6060,3240,3399,3844,3932,3174,3160,3379,3379,-28.0423,31.6923,8.6742,47.384
38024,3445,3408,3177,3164,4161,3866,3523,3197,7431,5097,3773,3330,11016,5845,3931,3387,20.3467,-29.1493,8.5698,47.834
38025,3501,3382,3320,3103,4404,3947,3422,3281,8194,5076,3772,3404,10165,5668,3862,3423,17.9948,-29.4288,8.6708,47.9493
38026,4966,5154,3983,3478,6605,7484,4462,3651,5095,5362,4044,3402,4028,3898,3600,3311,-6.25763,-13.2057,8.55992,48.3487
38027,11706,7251,4054,3469,5757,4769,3860,3359,4001,3842,3565,3269,3376,3359,3221,3110,-30.4565,-21.8979,8.77807,47.9787
38028,3184,3371,3718,3795,3360,3796,4668,5122,3538,4318,7070,7711,3312,4005,5351,5751,8.79589,16.3967,8.67499,48.0467
38029,3687,4007,3765,3474,4413,5662,4534,3733,5119,7895,5297,3853,4332,4791,4270,3709,4.95608,-6.5169,8.77479,48.3607
38030,3517,4599,8716,8888,3476,4114,5156,5779,3303,3481,3901,3996,3084,3323,3375,3258,-25.7554,15.4903,8.80872,47.9773
38031,3468,3534,3661,3396,3782,4615,4537,3694,4488,6850,6762,4343,4172,5410,5511,4140,10.2782,-0.436699,8.69066,48.242
38032,3393,4322,7709,10632,3419,3862,5146,6008,3178,3519,3660,3930,3146,3271,3352,3395,-26.0568,19.1434,8.95387,47.9613
38033,3318,3783,5676,9711,3339,3806,5068,8475,3237,3438,3949,4316,3211,3114,3544,3492,-16.7325,32.6031,8.86818,47.6513
38034,3784,3807,3329,3207,4937,4997,3864,3364,7054,7567,4414,3456,5525,5357,4034,3528,8.19531,-14.1653,8.88154,48.1493
38035,4778,4040,3461,3252,7991,4912,3727,3341,8611,5026,3654,3359,4968,4167,3549,3370,0.897781,-28.3874,8.5264,48.1373
38036,4248,3894,3463,3123,6312,4695,3715,3356,9154,5817,3792,3357,5663,4518,3726,3346,5.5547,-22.175,8.66699,48.1193
38037,9805,5933,3856,3413,8198,5297,3833,3347,4345,4037,3609,3168,3504,3535,3187,2966,-17.7125,-25.1645,8.85127,48.022
38038,3664,3681,3316,3151,5118,4179,3574,3251,9668,5187,3807,3402,7637,5110,3897,3260,11.7652,-30.0386,8.92466,47.9347
38039,3206,3369,3391,3439,3252,3416,3665,3847,3400,3809,4661,6069,3438,3991,6013,12526,30.3284,32.3909,8.69835,47.6613
38040,3484,4476,8435,9340,3467,3880,5223,5511,3182,3534,3870,3902,3086,3280,3362,3422,-33.556,16.4093,8.83501,47.636
38041,3223,3399,3509,3577,3280,3606,4215,4329,3624,4034,6578,6989,3471,4374,6902,7316,15.6165,15.8657,8.93621,48.284
38042,3206,3367,3602,3571,3247,3731,4166,5071,3281,3759,5255,9787,3405,3798,5035,7503,11.3518,31.3376,8.94846,47.856
38043,3281,3340,3393,3353,3457,3710,3858,3769,3827,4606,5183,4744,3920,6083,9660,5838,33.299,6.41123,8.54142,48.0147
38044,3785,4765,5775,4760,3914,5717,7707,5103,3641,4156,4678,4066,3340,3520,3692,3546,-9.84841,5.16783,8.59791,48.11
38045,3046,3158,3346,3478,3240,3550,3787,3862,3438,3874,5016,5796,3484,4137,7626,10803,28.94,19.6995,8.90686,47.7607
38046,3198,3423,3576,3479,3526,3833,4328,3917,3856,5085,7399,5158,3885,4940,7193,5461,15.0023,7.69781,8.79582,48.1713
38047,3287,3872,5300,8704,3391,3830,5246,8900,3296,3510,4159,4645,3170,3247,3542,3627,-14.3288,33.3048,8.58549,47.8173
38048,3330,3385,3302,3285,3512,3923,3907,3476,4280,5701,5619,4235,4813,7697,7238,4514,19.8953,-0.728317,8.71876,48.1447
38049,3395,3771,5474,9161,3364,3836,5186,8958,3210,3500,4025,4678,3179,3251,3530,3617,-15.1893,27.8002,8.67326,48.09
38050,3329,4002,6003,12726,3417,3724,4663,6100,3174,3373,3734,3864,3103,3210,3437,3420,-27.9907,31.6581,8.814,47.5193
38051,3978,3861,3561,3172,5603,4952,3793,3340,7836,6907,4131,3387,5510,5027,3866,3326,6.4866,-17.5744,8.78779,48.1667
38052,3078,3300,3351,3378,3182,3485,3674,3894,3525,3852,4862,6078,3308,3830,6099,12563,30.0157,28.3741,8.71232,47.6393
38053,12577,6217,3958,3519,6161,4744,3721,3263,3876,3821,3437,3300,3418,3350,3294,3116,-28.7975,-26.6285,8.81472,47.848
38054,3330,3407,3283,3230,3959,3762,3504,3258,5449,5145,4103,3458,9159,8592,4476,3578,33.1152,-15.5554,8.74189,47.7953
38055,3757,5219,9399,7502,3562,4212,5648,5183,3238,3640,3832,3824,3110,3254,3331,3373,-24.2469,11.3864,8.84403,48.056
38056,4061,4441,4030,3589,4814,7016,5190,3815,4594,6524,5002,3894,3931,4198,3881,3583,-1.15364,-5.2414,8.53826,48.3753
38057,3476,3563,3236,3074,4444,4069,3502,3246,8645,5053,3894,3377,9645,5476,3844,3459,16.5747,-29.6655,8.68257,48.002
38058,3171,3539,3657,3701,3374,3861,4843,4698,3662,4532,7867,6422,3534,4284,5934,5340,9.68337,12.0034,8.75863,48.2793
38059,4991,8412,7811,4735,4264,5285,4939,4059,3639,3751,3748,3520,3161,3357,3290,3202,-24.4108,-0.963726,8.82166,48.1093
38060,4103,4689,4574,3862,4534,7049,6198,4126,4228,5456,5053,3976,3722,3800,3810,3520,-4.51088,-1.77212,8.63901,48.4667
38061,3417,3376,3243,3082,4113,3764,3367,3294,6759,4854,3907,3333,11981,6196,3923,3463,23.6519,-26.0699,8.79114,48.048
38062,3347,3982,6375,12301,3258,3752,4863,6149,3216,3431,3806,3871,3076,3249,3387,3416,-29.6443,26.7847,8.58103,47.6527
38063,4301,5779,6348,4621,4113,6205,7158,4502,3675,4235,4313,3838,3355,3579,3344,3474,-13.8977,1.64813,8.89496,48.56
38064,3371,3366,3314,3090,3910,3693,3383,3294,5951,4665,3778,3444,12855,6015,3777,3439,30.6216,-30.5397,8.78532,47.5633
38065,4338,4722,4044,3608,5033,7674,5048,3781,4664,6255,4651,3675,3861,4093,3701,3483,-3.07796,-6.8063,8.8119,48.4207
38066,3600,4304,6133,5492,3634,4618,7888,6257,3460,3717,4695,4332,3205,3350,3646,3635,-10.9623,11.7978,8.64629,47.9773
38067,4003,5355,6972,5007,3956,5423,7551,4921,3609,3860,4327,3924,3245,3430,3587,3399,-14.3716,5.05502,8.95393,48.3793
38068,3243,3926,6060,12821,3417,3710,4746,5996,3154,3461,3759,3991,3119,3236,3366,3358,-33.8231,28.2318,8.91532,47.5753
38069,3381,3440,3166,3086,3924,3789,3412,3206,5921,4876,3790,3374,11553,7013,3963,3406,29.6688,-21.8231,8.70491,47.5333
38070,3321,3696,4560,6112,3463,3872,5237,10057,3354,3613,4481,6138,3166,3399,3829,3969,-6.73752,31.7542,8.91866,48.178
38071,3705,3633,3368,3088,4855,4293,3519,3321,8898,5581,3936,3468,7707,5448,3860,3417,12.9448,-23.2549,8.78089,48.0647
38072,3513,4271,6831,8185,3452,4136,6125,7174,3330,3542,4185,4287,3141,3325,3463,3483,-16.7555,17.5266,8.81457,48.2953
38073,3118,3260,3399,3304,3448,3625,3789,3583,3869,4628,5096,4600,3951,6184,10215,6093,31.312,6.71088,8.98655,48.108
38074,3292,3851,6172,12727,3402,3808,4758,6216,3249,3419,3821,3908,3110,3180,3332,3299,-27.8969,28.0055,8.8925,47.696
38075,3409,3617,3547,3493,3750,4373,4494,3766,4109,6391,7313,4560,4047,5233,5764,4378,10.8626,1.9987,8.98654,48.1627
38076,12052,6683,3908,3336,6078,4765,3772,3370,3989,3830,3458,3224,3315,3378,3228,3119,-30.7166,-24.2868,8.56055,47.67
38077,7442,7975,4543,3684,6013,6190,4303,3613,4203,3937,3658,3253,3442,3473,3334,3127,-19.2448,-14.0216,8.5543,48.1267
38078,5021,6417,4802,3751,5302,7982,5362,3736,4013,4451,4007,3519,3526,3629,3433,3252,-12.2083,-6.68495,8.83309,48.1353
38079,3419,3396,3162,3114,3972,3856,3505,3164,6054,4953,3918,3521,11073,7311,4266,3413,26.3733,-20.6186,8.78084,48.0647
38080,3673,3609,3140,3183,4932,4066,3484,3208,9584,5237,3865,3399,8229,5181,3811,3358,12.8592,-28.1769,8.93084,47.9727
38081,3740,4066,3926,3584,4501,6314,5036,3923,4700,7351,5520,3883,4023,4493,4018,3658,2.12404,-4.33625,8.97397,48.4907
38082,3262,3251,3356,3269,3315,3504,3811,3949,3358,3786,4846,6002,3469,3878,6036,12380,28.0747,30.4405,8.64302,47.648
38083,3293,3621,4240,4210,3465,4036,5874,5965,3544,4196,6893,6715,3491,3757,4516,4714,2.21598,14.8818,8.61781,48.3533
38084,4167,5538,5339,4169,4389,7206,6757,4395,3856,4470,4454,3734,3360,3555,3544,3340,-10.6916,-0.519161,8.81147,48.182
38085,5451,6789,4665,3732,5636,7633,4920,3708,4186,4453,3867,3411,3453,3707,3454,3043,-13.2114,-9.12784,8.93255,48.072
38086,3434,3367,3237,3044,3967,3762,3577,3330,5682,5151,3967,3438,10269,8008,4364,3506,27.1282,-18.439,8.60096,48.0687
38087,4076,6097,9481,6097,3731,4566,5664,4712,3347,3678,3896,3783,3072,3278,3343,3353,-23.9613,7.02946,8.59796,48.116
38088,3064,3115,3370,3384,3284,3519,3928,3905,3640,4284,5454,5062,3784,5060,9589,7743,26.5829,11.9372,8.81793,48.1233
38089,3283,3793,4556,5585,3418,3823,5505,9311,3393,3753,4854,6485,3106,3369,4002,4297,-4.65184,24.0009,8.98742,48.3553
38090,3082,3251,3446,3408,3280,3599,3843,3902,3355,4050,5000,5709,3443,4151,7408,10725,33.3992,19.8476,8.59786,47.768
38091,3386,3870,5601,9121,3416,3916,5177,8662,3263,3547,4126,4544,3219,3316,3499,3578,-15.7167,27.3878,8.61707,48.1607
38092,3481,3484,3255,3122,4629,4086,3580,3189,8672,5129,3894,3426,9114,5482,3932,3431,15.8568,-32.7765,8.60087,47.9373
38093,3965,4867,5329,4461,4035,6172,7534,4687,3881,4341,4860,3949,3364,3626,3700,3555,-8.7066,2.72291,8.64023,48.2173
38094,11019,6469,4145,3398,6844,5039,3715,3305,4284,3856,3572,3122,3396,3375,3268,3067,-21.8852,-23.5593,8.61042,47.916
38095,4418,5400,4788,3904,4729,7807,5852,4043,4072,4932,4410,3657,3646,3683,3660,3388,-8.5133,-3.88772,8.84522,48.2593
38096,3420,3377,3260,3261,3977,3734,3374,3157,6038,4788,3674,3316,12719,6110,3850,3387,31.8706,-27.4674,8.96537,47.628
38097,3823,3764,3360,3088,5346,4437,3583,3382,9022,5986,4024,3465,6586,5178,3834,3414,9.52507,-21.759,8.60743,48.1947
38098,3377,3311,3322,3129,3870,3818,3401,3133,6584,4817,3891,3364,12045,6067,3951,3359,23.8892,-33.8626,8.90927,47.626
38099,7651,5390,3897,3425,9379,5512,3905,3279,5151,4240,3561,3282,3618,3582,3275,3204,-12.2951,-24.1557,8.89813,48.234
38100,10903,5670,3928,3361,7792,5043,3846,3331,4274,3916,3420,3213,3438,3363,3270,3072,-19.1505,-30.0014,8.66415,47.8933
38101,3898,3831,3451,3231,4971,5067,3914,3357,7108,7737,4370,3426,5411,5330,4014,3455,7.92604,-13.9294,8.83833,48.3807
38102,4575,4006,3574,3229,6942,5366,3839,3297,8343,5724,3737,3401,5067,4328,3653,3267,2.36429,-21.9271,8.57908,48.232
38103,5413,4469,3609,3296,9376,5041,3791,3429,7140,4646,3688,3318,4366,4010,3485,3177,-3.37368,-29.519,8.9163,48.1693
38104,3291,3176,3242,3195,3636,3869,3682,3584,4704,5596,4500,3691,6142,9889,6146,4009,25.1852,-6.54678,8.97715,48.2347
38105,3255,3837,5146,8632,3319,3825,5102,9416,3170,3662,4086,4780,3127,3242,3503,3684,-13.7937,30.3831,8.92077,47.8573
38106,4010,3853,3371,3217,6037,4635,3680,3206,9526,5490,3957,3338,5983,4738,3742,3239,6.9812,-24.0022,8.58913,48.0147
38107,5797,4640,3603,3262,9529,5178,3778,3478,6737,4622,3628,3486,4151,3940,3362,3140,-5.2591,-30.4219,8.60442,48.2207
38108,3423,3399,3171,3170,3857,3720,3556,3340,5238,5165,4074,3611,8266,9322,4903,3644,29.2669,-13.2329,8.95113,47.906
38109,3445,3463,3567,3416,3825,4256,4433,3787,4278,6425,6991,4461,4140,5393,5761,4600,11.6605,1.46444,8.67021,48.1607
38110,6310,5554,4060,3504,7837,6960,4141,3623,4899,4552,3686,3342,3820,3675,3344,3164,-10.6872,-17.0392,8.56482,48.314
38111,3825,3826,3429,3071,5447,4561,3593,3277,9241,6124,4012,3419,6403,5121,3829,3414,8.77999,-21.0688,8.96319,48.3947
38112,3412,3499,3294,3106,4229,3894,3582,3216,7344,5372,3891,3459,9714,6536,4062,3541,18.9135,-21.7395,8.52106,48.1007
38113,3386,4013,6594,11638,3422,3898,4897,6468,3220,3470,3936,4055,3093,3263,3400,3442,-23.6784,23.5861,8.9985,48.13
38114,3370,3476,3493,3173,3860,4251,4022,3492,4701,7158,5664,3924,4928,7021,5659,4069,15.3686,-3.82267,8.7982,48.174
38115,4675,8033,8490,4921,4122,4986,4970,4284,3496,3712,3777,3535,3357,3348,3321,3150,-30.7466,1.04968,8.56569,48.118
38116,4524,4805,4096,3572,5695,7893,4942,3660,4868,5637,4351,3512,3825,3927,3574,3260,-4.66443,-9.4016,8.67023,48.094
38117,3201,3178,3236,3318,3388,3567,3871,3613,3888,4584,5310,4581,4149,6405,9669,6097,27.2821,6.01626,8.6703,48.0367
38118,3103,3365,3442,3407,3300,3538,3930,3908,3604,4060,5472,5773,3478,4600,8665,8491,24.039,14.7306,8.91667,48.0907
38119,7791,9485,4936,3680,5177,5401,4216,3770,3943,3798,3573,3397,3327,3425,3128,3218,-25.7985,-12.2719,8.82259,48.1767
38120,4224,6545,9521,5894,3944,4593,5221,4564,3423,3578,3826,3713,3182,3365,3362,3295,-31.98,5.50776,8.68574,48.1667
38121,10407,8003,4284,3386,5791,5289,3827,3331,4036,3802,3398,3176,3486,3424,3288,3062,-25.7449,-18.3504,8.91092,47.9933
38122,3390,3805,5641,9166,3430,3806,5314,8654,3211,3507,3997,4687,3000,3278,3554,3494,-15.8466,26.4211,8.99743,47.956
38123,3963,5166,8004,5806,3762,4822,6870,5229,3474,3798,4262,3865,3231,3343,3382,3392,-17.3244,8.21822,8.50046,48.246
38124,3224,3346,3354,3294,3457,3857,3859,3633,3933,4967,5750,4436,4344,7087,8826,5302,22.1392,3.09105,8.9884,48.446
38125,3438,3462,3182,3167,3765,3925,3716,3470,4696,5156,4590,3935,5904,9893,6274,3918,33.5092,-6.47523,8.60752,48.3273
38126,6107,5501,3993,3430,7959,6970,4248,3397,4877,4638,3684,3337,3663,3761,3386,3141,-10.1369,-16.9747,8.7845,48.0613
38127,3432,3554,3400,3297,4155,4485,3846,3504,5666,7638,5024,3668,5480,6852,4801,3768,13.8008,-8.98901,8.67778,48.38
38128,3377,4139,7332,11374,3422,3969,5079,5842,3187,3545,3870,3962,2998,3143,3310,3386,-29.8508,21.3104,8.6126,47.9567
38129,7738,8068,4589,3549,5958,6221,4167,3524,4025,4073,3603,3315,3342,3460,3306,3145,-19.6353,-14.416,8.69855,48.0553
38130,3482,3654,3730,3620,3941,4802,4840,3934,4251,6879,6877,4381,4084,4966,4792,4028,7.4885,0.100922,8.53907,48.174
38131,3096,3465,3859,4033,3370,3818,4947,5753,3515,4078,6491,8312,3356,3762,4910,5650,6.26861,18.7855,8.5282,48.2767
38132,4276,6640,9129,5486,3895,4698,5526,4447,3438,3580,3835,3767,3239,3326,3357,3364,-24.1627,4.5139,8.79302,48.002
38133,3499,3799,3710,3388,4113,5123,4453,3773,4681,8032,6016,4012,4282,5122,4561,3863,7.27703,-3.49259,8.91949,48.2847
38134,3552,3934,6028,12744,3357,3759,4695,6132,3243,3524,3785,4026,3099,3226,3382,3356,-27.2257,33.2029,8.98452,47.8947
38135,12453,6227,3827,3315,6002,4889,3838,3358,4036,3863,3445,3166,3586,3379,3369,2967,-32.8047,-26.2038,8.76811,47.8133
38136,6072,7493,4907,3781,5510,7057,4655,3731,4138,4242,3796,3454,3433,3448,3405,3121,-16.2298,-10.0537,8.5292,48.162
38137,3290,3811,6068,12364,3302,3835,4838,6111,3234,3447,3837,4040,3137,3300,3382,3439,-32.6461,26.5104,8.75028,47.6233
38138,3213,3391,3676,3986,3332,3716,4618,6282,3226,3848,5241,9909,3291,3726,4502,6142,6.48237,28.6603,8.59394,48.066
38139,3667,3855,3819,3601,4136,5629,5229,3876,4255,6859,6401,4111,4004,4534,4405,3877,3.40589,-1.06787,8.84843,48.172
38140,3499,3463,3130,3239,4369,4064,3552,3132,8040,5399,3881,3406,9595,5986,3865,3499,17.1785,-23.9532,8.61269,48.0793
38141,3311,3428,3323,3341,3514,3693,3687,3536,4034,4783,4996,4216,4643,8039,8435,4822,31.6467,0.760422,8.67976,47.8673
38142,6819,5178,3994,3273,8862,6150,3865,3423,5402,4446,3609,3351,3792,3693,3273,3198,-9.9555,-20.822,8.98885,48.2187
38143,3424,3638,3629,3313,4003,4602,4175,3580,4790,7645,5860,4030,4491,5861,4985,3980,11.0793,-3.44391,8.64713,48.004
38144,4612,5657,4729,3742,5006,7872,5560,3842,4164,4885,4121,3655,3672,3766,3556,3336,-8.99165,-5.95372,8.54687,48.1167
38145,3170,3358,3652,3715,3315,3609,4293,5450,3202,3905,5241,9845,3319,3753,5087,7280,10.7133,29.2548,8.88103,48.1293
38146,3754,4196,4315,3893,4024,5868,6564,4356,3965,5475,6126,4304,3688,4082,4116,3889,-1.07364,1.75535,8.73849,48.41
38147,3711,5278,9610,7547,3577,4135,5534,5095,3297,3660,3899,3692,3078,3326,3398,3367,-25.8459,11.17,8.94913,48.136
38148,3551,4059,5715,6279,3555,4064,7122,7836,3333,3771,4563,4777,3127,3415,3716,3630,-10.8982,16.6946,8.71319,48.342
38149,3439,3460,3287,3066,3877,3861,3495,3325,5501,4950,3960,3406,9898,8402,4476,3454,30.043,-17.1606,8.95811,47.9047
38150,3778,3836,3433,3267,4863,4826,3872,3319,7240,7290,4323,3536,5713,5551,4050,3343,9.19988,-15.1582,8.72605,48.16
38151,3118,3359,3504,3564,3395,3755,4344,4429,3522,4355,7086,6738,3564,4290,6521,6485,13.8962,14.2512,8.80463,48.0193
38152,5831,5672,4021,3508,7255,7436,4381,3525,4761,4718,3804,3373,3792,3694,3410,3241,-9.75313,-15.0473,8.82071,48.2813
38153,3241,3330,3456,3494,3600,4027,4299,3899,4017,5526,7177,4980,4078,5389,6947,4829,14.4516,4.72171,8.80974,48.1927
38154,3370,4037,6370,11320,3301,3735,5068,6918,3318,3500,3895,4169,3021,3175,3289,3394,-22.1102,24.642,8.67891,47.92
38155,3183,3218,3412,3390,3200,3497,3736,3958,3395,3838,4952,5831,3385,4144,7071,11645,29.7395,21.9863,8.51211,47.9033
38156,3186,3164,3391,3484,3192,3457,3824,4063,3462,3861,4943,5949,3364,4003,7293,11035,33.9359,20.5884,8.88302,47.7807
38157,3760,4658,6182,5077,3919,5181,8208,5288,3515,3892,4642,4059,3273,3448,3541,3610,-11.4491,7.50474,8.88832,48.1687
38158,3308,3884,5529,9496,3476,3776,5142,8470,3234,3560,4068,4499,3290,3323,3485,3482,-16.2603,31.7731,8.62164,48.0147
38159,3219,3522,3720,3764,3435,4022,5176,4767,3624,4729,7974,6482,3481,4203,5454,5036,8.24104,11.8139,8.83799,48.4053
38160,12114,5990,3940,3393,6619,4647,3728,3313,4065,3832,3477,3236,3386,3314,3219,3095,-23.9587,-29.1864,8.88173,47.5787
38161,4205,5626,6527,4716,4314,5978,6791,4563,3517,4084,4380,3815,3387,3441,3579,3326,-14.4617,2.2637,8.87651,48.166
38162,3084,3251,3444,3450,3154,3386,3760,3917,3367,3721,4860,6456,3369,4019,6484,12052,25.0393,24.8863,8.90095,47.8493
38163,10727,7580,4210,3543,6060,5019,3840,3378,4032,3797,3581,3167,3395,3347,3195,3095,-25.9734,-19.979,8.62467,47.9773
38164,7880,6619,4173,3471,7212,6190,4039,3536,4375,4224,3693,3307,3563,3468,3302,3109,-16.2674,-17.8243,8.72006,48.1073
38165,3307,3942,5763,9987,3293,3950,5060,7894,3301,3525,4055,4340,3079,3195,3527,3499,-18.0623,25.6865,8.60879,47.8113
38166,5851,7857,5141,3972,5178,6875,4902,3905,3913,4059,3775,3454,3415,3460,3437,3109,-17.2319,-8.20774,8.66324,48.202
38167,10431,6568,4139,3473,7303,5230,3862,3354,4155,3989,3470,3289,3452,3364,3170,3023,-20.5081,-22.2395,8.8402,48.1813
38168,3888,5339,9902,7224,3583,4311,5297,4922,3311,3638,3854,3675,3181,3263,3413,3417,-30.6696,10.4834,8.89026,48.1453
38169,4744,4411,3568,3333,7460,6180,3955,3387,6868,5590,3806,3350,4450,4077,3686,3303,-1.46874,-18.472,8.92173,48.112
38170,3942,3682,3248,3147,5679,4422,3664,3301,10021,5225,3923,3395,6660,4804,3723,3346,8.77201,-29.3667,8.90014,48.1213
38171,3656,4449,7994,8208,3519,4196,5793,6109,3301,3463,4044,4120,3051,3301,3455,3368,-20.3488,15.03,8.72299,48.018
38172,5715,5569,4049,3473,6998,7792,4423,3481,4848,4768,3785,3339,3656,3826,3442,3161,-9.7588,-13.8461,8.79535,48.2167
38173,8401,9170,4840,3626,5202,5234,4102,3574,3831,3913,3505,3207,3434,3365,3269,3087,-27.9341,-14.0921,8.67807,47.84
38174,3254,3331,3309,3195,3797,3641,3456,3277,5991,4680,3734,3464,12625,6088,3859,3405,29.013,-31.013,8.59165,47.404
38175,3299,3523,3490,3271,3762,4157,4049,3610,4486,6648,5793,4093,4773,7173,6154,4234,16.0713,-2.36108,8.79578,48.3433
38176,3156,3366,3421,3272,3378,3751,3989,3816,3778,4834,6089,4802,3976,6036,9068,5706,21.2737,6.49472,8.99479,48.292
38177,12656,5860,3888,3387,5956,4717,3745,3367,3832,3736,3473,3344,3430,3337,3276,3181,-31.3669,-31.6234,8.80923,47.4567
38178,4512,5650,5114,3964,4689,7754,6196,4097,3989,4510,4337,3713,3474,3639,3500,3394,-10.3218,-3.05958,8.92845,48.3547
38179,11553,6201,3970,3463,6810,4872,3758,3310,3964,3820,3589,3217,3511,3413,3200,3063,-23.9118,-25.8448,8.50507,47.8093
38180,3455,4036,5139,5219,3614,4297,7695,7007,3389,3913,5207,5038,3090,3446,3880,3915,-7.23943,13.8809,8.95712,48.2267
38181,3247,3313,3251,3223,4032,3860,3519,3280,5353,5185,4203,3509,8454,9120,4906,3547,29.3313,-13.6506,8.60524,48.0013
38182,3547,3466,3324,3171,3982,4423,3820,3354,5500,7523,4771,3814,5588,7327,4884,3860,14.9786,-9.16505,8.76965,48.236
38183,4491,5894,5137,4039,4770,7383,6033,4166,3853,4658,4352,3688,3487,3656,3525,3331,-11.3894,-2.90695,8.89209,48.3087
38184,7849,8309,4734,3704,5713,6004,4204,3747,3895,4013,3516,3172,3439,3413,3265,3099,-20.649,-13.8361,8.71872,48.0507
38185,3361,3310,3327,3255,3655,3871,3752,3485,4531,5808,5018,3951,5268,8660,6846,4227,21.9582,-3.59872,8.95049,48.2167
38186,7185,6321,4090,3507,7339,6612,4119,3470,4555,4360,3642,3380,3673,3598,3311,3152,-14.1946,-17.2171,8.57395,48.2093
38187,6151,9913,6287,4110,4571,5201,4433,3751,3714,3745,3642,3474,3347,3356,3297,3192,-30.203,-6.77322,8.72623,48.1227
38188,11228,5734,3923,3384,7441,4976,3740,3394,4025,3820,3575,3163,3336,3436,3294,3125,-20.313,-32.6373,8.94472,47.7293
38189,4100,5783,7768,5191,3983,5143,6797,4876,3553,3820,4173,3846,3205,3515,3473,3364,-17.1708,5.46454,8.72213,48.3933
38190,3362,3409,3205,3150,3834,3767,3572,3433,4798,5269,4278,3788,6811,9836,5681,3883,31.0777,-9.11888,8.7629,48.0507
38191,3439,3598,3721,3498,3973,4741,4698,3847,4316,6805,7072,4279,4102,5044,5182,4048,8.49925,0.556707,8.75056,48.242
38192,3427,3356,3262,3208,3917,3835,3386,3265,6007,4670,3753,3332,12562,6043,3884,3446,29.5379,-31.4826,8.52656,47.5687
38193,4188,5411,5301,4018,4536,7163,6766,4197,3755,4677,4479,3802,3515,3489,3637,3375,-10.0065,-0.605276,8.95505,48.206
38194,3694,4800,7164,5608,3702,4832,7630,5602,3317,3785,4355,4026,3260,3325,3602,3424,-14.0618,9.51122,8.88646,48.084
38195,3083,3301,3352,3384,3225,3537,4044,4109,3403,4078,5793,6473,3509,4322,7465,9028,19.4938,17.7424,8.89968,48.0707
38196,3484,3624,3353,3301,4011,4461,4111,3624,4960,7763,5553,3919,4878,6489,5139,3878,12.6059,-5.04835,8.79292,48.3653
38197,3377,3333,3237,2990,3981,3884,3609,3403,5386,5988,4267,3617,7710,8938,4875,3752,21.8709,-12.2883,8.78328,48.2313
38198,4818,7725,6858,4319,4506,6042,5390,4169,3685,4061,3880,3605,3402,3344,3448,3284,-18.782,-1.85416,8.83218,48.3573
38199,4254,4136,3457,3164,7120,4721,3728,3360,9198,5108,3759,3355,5152,4423,3677,3336,3.16471,-33.9854,8.70309,47.9653
38200,3208,3513,4043,4471,3325,3798,4739,7493,3299,3849,5065,8885,3426,3533,4317,5019,2.204,32.2246,8.63741,47.9887
38201,3137,3524,3488,3367,3705,3995,4061,3734,4113,5959,6431,4482,4444,6302,7015,4590,16.5105,1.36159,8.88873,48.2313
38202,4826,4264,3682,3276,7812,5670,3826,3362,7340,5333,3827,3348,4532,4154,3659,3282,-0.77002,-20.9548,8.61851,48.1287
38203,12260,6377,3910,3359,6081,4808,3856,3378,3912,3722,3440,3230,3366,3422,3269,3158,-31.7366,-25.5854,8.56293,47.6987
38204,3266,3424,4065,4487,3420,3789,4805,7788,3368,3768,5080,8840,3260,3553,4206,4952,1.87801,31.2309,8.62326,48.0473
38205,3632,4712,9158,8846,3436,4107,5018,5210,3325,3534,3876,3942,3202,3245,3387,3353,-30.6444,14.3819,8.83121,47.9887
38206,4449,6015,5813,4244,4410,6889,6319,4246,3837,4241,4157,3774,3476,3562,3481,3323,-13.2364,-1.03306,8.53347,48.1573
38207,3231,3466,4204,4773,3343,3653,4837,8243,3324,3735,4931,8574,3225,3627,4209,4809,0.401346,30.0008,8.87233,48.1227
38208,4014,3807,3479,3209,6517,4461,3747,3294,9780,5156,3828,3296,5820,4564,3680,3355,5.62672,-32.1403,8.93953,48.0047
38209,3282,3376,3518,3372,3538,3946,4236,3890,3917,5284,6922,4934,4074,5648,7306,5013,16.0189,5.29528,8.5324,48.1707
38210,4073,6106,10117,6405,3793,4437,5190,4745,3361,3611,3786,3687,3114,3232,3301,3327,-28.8601,7.43204,8.92544,48.19
38211,3262,3330,3361,3306,3535,3757,3779,3685,4037,4912,5000,4303,4485,7621,8760,5123,32.6085,2.19384,8.58793,48.1707
38212,3833,3773,3468,3274,4541,5155,4026,3508,6162,8160,4684,3616,4891,5391,4227,3575,7.71148,-10.762,8.99149,48.1893
38213,9955,5873,3972,3466,7994,5302,3808,3387,4359,3911,3443,3304,3625,3380,3133,3010,-17.9734,-25.6804,8.64465,47.948
38214,8892,5526,3938,3253,8774,5333,3938,3317,4664,4200,3649,3298,3524,3478,3229,3195,-15.1235,-25.6019,8.60507,48.1387
38215,3363,3901,5625,9488,3376,3869,5077,8741,3238,3550,4005,4627,3165,3289,3439,3462,-15.8341,32.1728,8.95632,48.1433
38216,8714,6672,4171,3526,6912,5824,4115,3382,4252,4117,3613,3281,3544,3463,3311,3136,-18.0559,-18.4195,8.69823,48.022
38217,3266,3215,3375,3278,3437,3692,3884,3649,3769,4549,5244,4656,4021,6415,9775,5698,33.5154,6.14436,8.80906,47.9487
38218,3417,3380,3184,3124,4029,3801,3533,3255,5941,4859,3800,3430,11950,6857,4037,3381,28.1427,-23.2058,8.74581,47.9853
38219,3554,3352,3267,3128,4295,3997,3561,3345,7909,5122,3779,3404,10081,5656,3832,3400,18.3961,-32.5472,8.59589,47.788
38220,3387,3342,3311,3160,3755,3876,3841,3371,4554,5667,4923,3945,5599,9170,6435,4167,22.947,-4.9746,8.73107,48.3353
38221,3364,3392,3259,3024,4206,3925,3441,3294,7840,5143,3826,3441,10578,5668,3849,3379,19.2095,-31.1688,8.72746,47.7527
38222,4453,7115,7270,4715,4161,5704,5994,4318,3583,3876,3908,3699,3163,3379,3395,3273,-18.7753,0.79069,8.85869,48.004
38223,6594,5355,3890,3346,8454,6144,4094,3421,5039,4494,3662,3281,3812,3657,3324,3239,-10.7681,-19.983,8.51754,47.8707
38224,3248,3604,4025,3845,3503,4013,5297,4576,3677,4702,8223,5770,3594,4124,5232,4737,6.61831,9.89782,8.82024,48.1133
38225,3345,3449,3340,3339,3474,3711,3670,3610,4210,4836,4977,4153,4593,7824,8723,5093,28.4978,1.38306,8.75617,48.2313
38226,3132,3191,3326,3484,3372,3465,3889,4235,3412,3917,5064,7405,3399,3860,5681,11154,20.4439,32.5371,8.78312,47.9907
38227,3430,4011,6727,11742,3343,3842,4874,6087,3292,3411,3802,3953,3127,3272,3424,3344,-28.1582,23.2705,8.56092,47.7873
38228,3403,4233,7049,9665,3302,3949,5445,6741,3186,3620,3978,4066,3066,3217,3429,3538,-19.9392,19.4996,8.89938,47.9247
38229,3239,3209,3427,3487,3262,3458,3864,3815,3447,3690,4635,6036,3344,3771,5930,12372,33.7866,33.4134,8.84486,47.324
38230,11417,6705,4021,3396,6433,4952,3997,3411,4081,3756,3492,3285,3423,3390,3222,3175,-24.468,-22.7005,8.87943,48.104
38231,3434,3625,3629,3676,3655,4260,4953,4133,3785,5672,7944,4924,3852,4538,5363,4531,8.43674,5.19991,8.51012,47.9827
38232,4083,6238,9651,5953,3850,4559,5142,4524,3436,3743,3780,3755,3169,3377,3332,3268,-33.1515,5.95978,8.65504,47.9067
38233,3301,3666,3773,3860,3561,4192,5482,4519,3711,5136,7992,5447,3544,4385,5197,4659,7.01412,8.64875,8.50054,48.2833
38234,3071,3246,3627,3702,3337,3556,4204,4937,3461,3787,6077,8713,3274,3887,5529,7381,12.5519,21.3213,8.8481,47.8593
38235,3435,3949,4930,4778,3570,4463,7807,6210,3432,4153,5638,4998,3296,3565,4091,3918,-4.7386,11.8226,8.54322,48.1553
38236,3388,3804,5334,8188,3409,3810,5456,9330,3301,3458,4279,4759,3098,3340,3533,3672,-12.9775,24.4056,8.96766,48.106
38237,3321,3749,4622,5809,3370,3837,5594,9494,3351,3699,4576,6351,3135,3517,3876,4145,-6.11163,24.1195,8.77651,48.2973
38238,4566,5995,4750,3940,4933,7959,5835,3915,3930,4718,4207,3541,3535,3576,3433,3368,-10.6586,-4.55811,8.988,48.134
38239,3085,3291,3382,3473,3321,3504,3879,4283,3472,3843,5419,6927,3424,4134,6921,10163,20.514,20.9769,8.93204,48.3473
38240,3127,3286,3503,3220,3500,3779,4010,3703,3909,4945,5841,4769,4128,6480,8996,5421,21.5809,4.28003,8.91088,48.4113
38241,3580,5018,9310,7826,3636,4095,5536,5284,3283,3667,3901,3844,3069,3285,3391,3370,-24.6528,12.7231,8.94566,48.0633
38242,3375,3584,3272,3122,3965,4017,3557,3237,6043,5908,4161,3516,8435,7870,4476,3585,20.625,-15.9627,8.56528,48.082
38243,3328,3352,3259,3199,3629,3751,3724,3431,4476,5224,4830,4027,5217,9088,7133,4344,33.5293,-3.27223,8.7855,48.008
38244,3957,4330,3964,3502,4694,6775,5259,3973,4495,6480,5311,3988,3874,4267,3966,3615,-0.550767,-4.29269,8.65768,48.3
38245,3517,3617,3785,3655,3646,4418,5214,4302,3940,5601,7938,4902,3781,4441,5165,4360,6.90608,5.10014,8.66751,48.188
38246,3558,3749,4548,4165,3700,4722,7396,5322,3606,4480,6685,4999,3542,3704,4317,3921,-1.47809,8.89814,8.78691,48.276
38247,9658,6289,4018,3470,7583,5432,3964,3397,4374,4034,3633,3226,3630,3386,3214,3075,-18.3323,-22.0041,8.77039,48.2553
38248,3249,3496,4168,4309,3439,4041,5788,5964,3507,4176,6782,6815,3366,3780,4628,4640,2.32542,14.9844,8.74532,48.0987
38249,3035,3168,3313,3420,3135,3452,3787,3921,3429,3857,5032,6495,3394,4091,6794,11278,24.5409,22.3424,8.73714,47.734
38250,3113,3146,3372,3480,3370,3522,3917,3836,3558,4086,5254,5188,3565,5028,9354,8059,31.8925,12.889,8.61705,47.8987
38251,3258,3471,3967,4107,3238,3759,4873,5809,3462,3965,6313,8664,3400,3753,4879,5632,6.34948,19.374,8.88516,48.3667
38252,3640,3625,3380,3123,4789,4295,3597,3225,8195,6250,4097,3375,7330,5822,3987,3437,13.22,-19.0381,8.60192,48.1113
38253,3200,3164,3355,3374,3211,3441,3823,3994,3265,3894,4959,5829,3346,4059,7149,11494,32.8091,21.1488,8.8143,47.7047
38254,5047,4345,3604,3276,8607,5356,3784,3327,7363,4989,3821,3310,4414,4064,3417,3248,-2.19256,-24.5269,8.6659,47.9813
38255,3496,4016,4697,4597,3597,4659,7474,5958,3625,4212,5954,5113,3249,3615,4097,3993,-3.86017,11.3295,8.5379,48.2347
38256,3416,3445,3237,3079,3991,3872,3621,3226,6160,5221,3899,3399,10076,7402,4301,3500,23.6072,-19.0187,8.503,47.8967
38257,4671,7385,7655,4857,4111,5327,5660,4246,3598,3949,3811,3550,3238,3391,3394,3322,-20.5548,0.587811,8.60889,48.11
38258,3287,3997,5778,10853,3473,3906,5125,7671,3268,3495,4018,4306,3047,3299,3420,3430,-19.4626,33.6898,8.8624,48.2487
38259,3216,3691,4438,5449,3313,3745,5102,9262,3329,3773,4715,7078,3291,3575,3996,4315,-3.81751,33.3545,8.69847,48.192
38260,3288,3500,3632,3466,3526,4053,4485,4015,3957,5484,7691,4882,3958,5011,6536,4944,12.7078,5.87656,8.62597,48.2853
38261,3364,3466,3227,3113,4071,3849,3434,3218,7060,4867,3759,3365,11427,6006,3857,3498,22.2216,-26.6149,8.78138,47.7207
38262,3334,3607,3525,3287,3736,4272,4179,3691,4341,6733,6414,4245,4555,6180,6095,4323,13.8902,-0.678489,8.71417,48.3447
38263,3185,3323,3312,3260,3493,3738,3702,3568,4135,5005,5024,4172,4666,8112,8415,4884,27.9375,0.812477,8.65859,47.996
38264,4636,5724,4510,3733,5067,8020,5516,3906,4233,4943,4194,3708,3629,3775,3607,3223,-8.91228,-5.82298,8.92531,48.2827
38265,3200,3197,3452,3300,3247,3371,3747,3878,3431,3801,4671,6209,3420,3944,6075,12630,28.2389,30.4504,8.55137,47.7153
38266,3445,3297,3359,3026,4142,4119,3657,3419,6086,6279,4285,3611,7399,7883,4541,3691,18.3827,-14.2528,8.82174,48.1593
38267,3520,3449,3177,3081,4477,3949,3485,3292,8039,5243,3817,3443,9699,5803,4064,3344,17.2033,-23.6671,8.85695,47.9213
38268,3059,3173,3439,3479,3243,3398,3716,4064,3424,3753,5004,6217,3354,4051,6621,11803,26.1704,23.9588,8.72383,47.8653
38269,8789,5356,3821,3363,9217,5258,3791,3332,4732,4080,3618,3243,3598,3492,3242,3101,-14.1769,-26.961,8.8349,48.022
38270,3315,3369,3345,3255,3875,3688,3612,3361,5104,5227,4198,3643,7742,9685,4897,3627,33.81,-12.2124,8.72437,47.962
38271,3720,4154,4168,3663,4237,5820,5751,3994,4222,6209,6159,4248,3834,4230,4211,3852,1.15789,-0.431601,8.54736,48.3147
38272,3132,3482,4155,4755,3383,3749,5169,7813,3354,3806,5272,8085,3259,3572,4293,4675,0.30283,23.2869,8.64228,47.9693
38273,3064,3334,3538,3711,3247,3577,4146,4958,3391,3814,5429,9453,3293,3750,5249,8140,13.0611,26.133,8.90611,48.0627
38274,3357,4143,6930,10219,3398,3986,5348,6740,3229,3414,3889,4169,3164,3173,3504,3414,-21.1559,20.8131,8.77788,48.0513
38275,12090,6005,4062,3409,6731,4861,3649,3337,3928,3869,3395,3355,3397,3349,3254,3134,-24.0604,-29.9847,8.63173,47.8833
38276,4295,6417,7907,5076,3981,5362,6092,4499,3526,3814,4088,3670,3224,3316,3371,3285,-19.0153,3.2095,8.68776,47.9487
38277,6437,5184,3930,3380,9061,6055,3893,3440,5348,4515,3692,3295,3775,3783,3479,3053,-9.4183,-21.1908,8.69723,48.2133
38278,3347,3358,3291,3412,3446,3697,3726,3576,4000,4851,4955,4436,4298,6914,9459,5401,31.8268,4.0377,8.69977,48.1113
38279,3702,3690,3492,3308,4312,5086,4186,3547,5428,8052,5245,3850,4661,5668,4360,3732,8.87914,-7.50866,8.54922,48.2127
38280,3807,4535,4755,4088,4159,5973,7102,4587,3788,4930,5482,4208,3498,3778,3762,3757,-4.66195,2.4387,8.68304,48.1393
38281,3163,3302,3553,3499,3199,3559,4171,4476,3502,4018,6250,7583,3474,4262,6345,7788,15.2028,18.4098,8.72616,48.096
38282,12040,6365,3964,3318,6018,4889,3791,3389,3990,3679,3442,3222,3390,3429,3321,3136,-29.1345,-26.065,8.50609,47.5887
38283,3164,3145,3395,3442,3161,3413,3756,4012,3476,3782,4717,6141,3413,3938,6124,12608,29.6895,29.6643,8.62353,47.7913
38284,4230,3853,3299,3081,6201,4649,3767,3225,9240,5698,3791,3458,5731,4550,3734,3187,6.12001,-23.2753,8.68023,47.796
38285,9589,8383,4612,3473,5613,5051,4033,3473,3935,3810,3477,3285,3445,3266,3342,3114,-32.0019,-16.5104,8.88446,47.934
38286,10871,5789,3784,3428,7817,5087,3729,3333,4412,3868,3372,3150,3377,3410,3211,3244,-19.6024,-29.7977,8.80142,47.9213
38287,12003,5999,3962,3378,6790,4901,3827,3329,3798,3842,3390,3222,3397,3412,3185,3063,-22.6336,-33.7622,8.9457,47.6653
38288,3658,3621,3355,3187,4511,4253,3505,3257,7588,6394,4149,3491,7424,6331,4129,3501,14.1548,-17.5117,8.87911,48.236
38289,3368,3877,6001,12620,3352,3663,4680,5950,3196,3447,3907,3864,3150,3186,3390,3247,-31.0726,31.1283,8.97642,47.2653
38290,3288,3408,3307,3201,3764,3809,3604,3389,5105,5231,4305,3575,7444,9686,5156,3741,32.1981,-11.2794,8.68263,48.0087
38291,3247,3358,3471,3430,3437,3595,4069,3838,3614,4503,6632,5317,3801,5085,8682,6539,19.1921,9.91814,8.94945,48.412
38292,3363,4084,5324,5502,3596,4372,7604,7233,3377,3875,4973,4922,3187,3519,3774,3805,-8.57388,14.7921,8.8959,48.34
38293,4128,5960,8377,5452,3873,4908,6337,4718,3510,3799,4003,3779,3165,3314,3395,3312,-18.6087,5.58872,8.94434,48.02
38294,3250,3382,3495,3675,3484,3700,4267,4241,3603,4328,6835,6562,3489,4400,6743,6690,14.9767,14.2315,8.69651,48.096
38295,3384,3326,3235,3183,3944,3930,3446,3399,5631,5050,3993,3520,9970,8121,4416,3531,28.1801,-17.3906,8.5096,48.0527
38296,3302,3436,3342,3215,3765,3939,3818,3471,4695,6187,4837,3900,5647,8716,6050,3987,20.7392,-5.85854,8.76418,48.2047
38297,3459,3340,3313,2971,3962,3935,3540,3135,6367,4915,3802,3381,12000,6427,3986,3350,25.4577,-24.5028,8.80176,47.922
38298,3599,3771,3814,3666,3983,5078,5087,3948,4349,6552,6780,4267,3994,4750,4706,3959,5.36873,-0.136619,8.58876,48.202
38299,3045,3159,3512,3512,3215,3592,3961,4499,3302,3873,5038,8024,3453,3895,5625,10206,17.9807,27.5197,8.68386,47.9407
38300,10968,5767,3956,3370,7403,4934,3853,3462,4092,3942,3498,3304,3345,3459,3277,2987,-20.4443,-32.9664,8.68623,47.7447
38301,3095,3146,3351,3341,3291,3512,3826,3853,3454,3891,5155,5715,3459,4245,8008,10293,31.4646,18.5624,8.60459,47.7567
38302,3396,3346,3210,3214,4087,3805,3381,3167,6489,4823,3749,3256,12407,6015,3900,3397,25.4132,-30.8667,8.86995,47.7613
38303,3164,3433,3388,3336,3620,3916,4074,3805,3923,5101,6488,4564,4175,6180,7804,5135,18.6345,4.06512,8.50683,48.0707
38304,3349,3402,3265,3126,3959,3865,3485,3307,5752,4992,3853,3403,10672,7698,4325,3442,29.0757,-19.5894,8.68719,47.93
38305,4076,6418,8703,5411,3951,4949,5964,4621,3553,3770,3908,3759,3156,3305,3299,3268,-21.1957,4.70571,8.62435,48.074
38306,3019,3302,3287,3397,3170,3533,3830,3985,3406,4018,5133,5740,3432,4385,8161,10318,28.1386,18.1842,8.86945,48.0773
38307,3634,4231,4846,4225,3718,5376,7573,4863,3750,4643,5914,4470,3446,3802,3921,3801,-3.93757,6.00416,8.62134,48.142
38308,3412,3400,3207,3070,4057,3724,3479,3224,6467,4775,3795,3398,12373,6039,3906,3378,25.3653,-28.3232,8.99592,47.8027
38309,3453,3828,3858,3619,3958,4800,5142,3904,4064,6480,7160,4583,3897,4564,4722,4135,5.65122,1.73209,8.84936,48.1113
38310,3520,3580,3439,3257,4409,4322,3762,3341,6717,7028,4288,3628,6380,6784,4347,3595,14.2043,-13.8495,8.98681,48.2647
38311,4066,6135,9787,5870,3834,4537,5200,4746,3421,3695,3754,3649,3182,3222,3315,3322,-33.8834,6.2773,8.99062,47.8233
38312,3497,3338,3292,3009,4318,4042,3453,3178,7826,5395,3840,3393,10038,6074,3967,3348,18.1622,-24.6313,8.96772,48.0053
38313,3161,3529,4125,4345,3318,3672,4738,7219,3428,3685,4980,9188,3360,3643,4348,5215,2.88094,32.4329,8.78418,47.9693
38314,3765,5061,9316,7694,3658,4195,5486,5105,3230,3711,3851,3903,3097,3281,3376,3338,-25.8397,11.694,8.50907,48.0447
38315,3523,3959,4324,3963,3826,5023,6962,4868,3738,4681,6813,4842,3462,4025,4249,3984,-0.258925,6.66296,8.67699,48.1613
38316,3246,3344,3334,3409,3355,3543,3765,3728,3597,4238,5202,5283,3807,5231,9574,7482,29.5623,11.5779,8.62745,48.092
38317,4915,4333,3559,3382,8615,5009,3822,3392,7461,4867,3722,3438,4448,4058,3581,3273,-2.04798,-33.8265,8.52021,47.9167
38318,4886,4174,3484,3225,8213,4975,3702,3338,8124,4837,3757,3339,4790,4119,3535,3298,-0.135056,-30.4471,8.56252,47.864
38319,3450,4060,7028,11606,3409,3859,4831,5895,3265,3505,3696,3996,3143,3168,3348,3337,-27.0201,22.2767,8.7955,47.7307
38320,3503,3552,3477,3172,4455,4275,3814,3397,7006,6988,4233,3472,6843,6224,4188,3521,13.7341,-15.4244,8.79416,48.08
38321,3764,4420,4664,4016,4111,6019,7033,4595,3939,5014,5457,4274,3572,3881,3962,3586,-4.00212,2.01847,8.66851,48.2047
38322,4227,6226,8020,5216,3917,5255,6182,4537,3455,4002,3973,3762,3170,3361,3458,3315,-19.1625,3.89373,8.60105,48.0507
38323,3088,3398,3776,3937,3244,3676,4408,5414,3373,3853,5926,9288,3338,3823,5052,6592,9.41006,22.5031,8.59931,48.124
38324,3731,4448,4455,3976,4024,6359,6721,4373,3965,5143,5607,4064,3576,3918,3941,3676,-3.37262,1.18466,8.58669,47.9847
38325,3185,3483,3134,3148,4046,3806,3379,3284,6179,4940,3852,3350,11896,6807,4127,3386,26.0656,-23.6837,8.63641,48.0013
38326,4091,6280,8860,5530,3836,4836,6067,4587,3430,3659,3893,3756,3083,3372,3490,3374,-21.4362,5.08728,8.92458,48.096
38327,4365,6026,6864,4764,4127,5798,6762,4531,3667,4043,4079,3743,3405,3385,3498,3295,-15.5947,2.40084,8.65807,48.2347
38328,3214,3482,4047,4591,3312,3760,4987,7552,3308,3813,5181,8480,3231,3582,4459,5168,1.75298,25.1055,8.66763,48.1113
38329,3370,4062,6440,12368,3411,3723,4632,6174,3232,3476,3787,3874,3156,3255,3254,3412,-27.7925,25.2211,8.99067,47.7507
38330,3960,3896,3512,3399,5220,5450,3975,3436,6701,7540,4385,3576,5119,4976,3882,3363,5.25665,-14.002,8.61985,48.26
38331,3066,3252,3464,3529,3259,3570,3908,4203,3475,3908,5600,7114,3467,4232,6678,9517,19.0602,20.1136,8.8186,48.1613
38332,3638,4807,9295,8496,3521,4113,5172,5396,3308,3540,3860,3890,3115,3307,3264,3385,-29.207,13.7456,8.51919,48.0713
38333,3153,3427,3621,3749,3296,3846,4664,4972,3465,4236,6972,7890,3479,4083,5563,6232,10.428,16.7921,8.93107,48.432
38334,6806,8358,4912,3795,5613,6463,4362,3614,4051,4018,3655,3363,3353,3498,3229,3047,-19.0663,-11.2755,8.79019,48.0913
38335,3233,3520,4049,4204,3290,3856,5628,6280,3409,4067,6595,7532,3372,3782,4481,4988,3.0626,17.2731,8.91341,48.1907
38336,3313,3399,3339,3139,3818,3768,3665,3302,4951,5542,4496,3709,6801,9648,5520,3915,24.6116,-9.4521,8.58041,48.2167
38337,3430,3846,5490,9229,3369,3849,5178,8664,3306,3535,4086,4625,3127,3242,3463,3507,-15.9102,29.1125,8.5913,47.964
38338,6919,5453,3845,3361,8812,6086,3967,3361,5114,4393,3632,3284,3890,3587,3341,3138,-11.3637,-21.1348,8.53629,48.122
38339,3332,3426,3366,3270,3638,3893,3961,3606,4533,5784,5419,4258,4947,7793,7061,4457,21.1348,-1.65432,8.62325,48.496
38340,3210,3324,3368,3390,3365,3556,3938,3788,3845,4410,5305,4651,3951,5999,9778,6334,29.4751,7.24637,8.53559,48.1413
38341,3129,3379,3475,3435,3332,3787,4103,3999,3753,4516,6673,5320,3835,5163,8274,6275,18.42,9.87786,8.53475,48.2987
38342,3288,3403,3376,3210,3970,3920,3391,3146,5824,4910,3845,3299,11801,6821,4030,3409,32.5351,-23.1362,8.68734,47.762
38343,3362,3323,3197,3112,4013,3765,3535,3261,6149,5107,3929,3501,10601,7436,4238,3438,25.1159,-20.1022,8.75564,47.978
38344,3397,3829,6115,12583,3394,3780,4774,6001,3123,3397,3881,3836,3114,3270,3475,3328,-33.5296,26.5881,8.96675,47.5313
38345,4015,3817,3348,3133,5920,4514,3678,3287,9526,5396,3785,3399,6381,4865,3803,3373,7.84887,-25.2216,8.5017,48.16
38346,12577,6184,3953,3401,5971,4850,3775,3473,3949,3838,3378,3187,3421,3318,3221,3193,-32.3077,-25.5528,8.78951,47.7927
38347,9739,7679,4388,3543,6216,5556,3929,3439,4047,3907,3433,3225,3529,3408,3212,3130,-21.6792,-18.2518,8.95084,48.2533
38348,3308,3547,3975,3929,3524,4046,5591,5095,3456,4505,7433,6474,3488,3832,5080,4932,5.51944,12.9371,8.56299,48.1433
38349,3551,3900,4055,3794,3810,4797,5959,4508,3890,5332,7238,4856,3647,4186,4594,4108,2.5116,5.33415,8.53695,48.15
38350,3078,3176,3401,3420,3274,3613,3989,4182,3476,4092,5711,6459,3525,4310,7632,8729,20.6552,17.4756,8.52966,48.0447
38351,3555,3692,3345,3206,4809,4476,3734,3374,7744,6964,4107,3489,6335,5807,4109,3402,11.3805,-16.6747,8.7799,48.0987
38352,3343,3800,4410,4425,3592,4496,6994,5837,3551,4184,6613,5520,3373,3786,4224,4354,-0.866042,11.6058,8.96207,48.3347
38353,3476,3494,3208,3143,4129,3976,3544,3243,6422,5945,4220,3607,7932,7516,4445,3565,18.6568,-15.9661,8.55651,47.91
38354,5958,5503,3907,3402,7625,7092,4124,3473,4922,4680,3681,3341,3815,3867,3378,3179,-9.78029,-16.353,8.70907,47.9647
38355,3166,3275,3415,3320,3559,3769,4321,3862,3781,4927,7134,5178,3772,5280,7757,5651,16.655,7.77875,8.96842,48.1113
38356,5525,9421,6875,4236,4453,5294,4655,3872,3670,3872,3631,3549,3142,3369,3263,3199,-26.8616,-4.02441,8.88335,48.0173
38357,3246,3250,3396,3397,3193,3457,3769,3925,3499,3860,4743,5892,3424,3948,6512,12106,29.8801,25.679,8.50633,47.7447
38358,3169,3167,3443,3461,3213,3470,3962,4236,3382,3979,5088,7650,3415,3914,6083,10529,19.066,24.5076,8.72023,48.1073
38359,5150,4488,3733,3223,8071,5890,3954,3452,6891,5236,3778,3392,4342,4086,3528,3173,-2.46277,-20.7849,8.57965,48.258
38360,3378,3385,3376,3129,4004,3811,3416,3312,6129,4721,3614,3362,12483,5862,3878,3426,33.217,-30.8004,8.60706,47.524
38361,3180,3390,3874,4412,3340,3665,4740,7238,3448,3891,5158,9259,3281,3533,4389,5388,3.26835,28.2488,8.78351,48.124
38362,3437,3404,3150,3109,4060,3918,3446,3101,6413,5321,3994,3455,10393,7016,4117,3477,22.0528,-20.6848,8.57777,47.874
38363,10255,8093,4347,3487,5649,5019,3874,3520,3851,3728,3482,3279,3494,3454,3245,2992,-29.9924,-18.1612,8.66512,47.846
38364,3392,4027,6996,11622,3353,3870,4895,6169,3202,3484,3811,3860,3092,3131,3328,3322,-26.7945,22.3454,8.76521,47.7027
38365,5099,7809,5737,4105,4904,6881,5287,3885,4002,4100,3735,3505,3300,3578,3485,3202,-16.9551,-5.14343,8.97792,48.4093
38366,3269,3404,3294,3123,3655,3832,3647,3532,4557,5390,4944,4060,5201,8796,6985,4369,23.4168,-3.15976,8.88199,48.0387
38367,9850,6422,3951,3454,7571,5474,4007,3378,4208,4040,3402,3207,3498,3460,3186,3028,-18.6143,-22.5165,8.92358,48.0907
38368,3136,3219,3390,3441,3226,3376,3971,4197,3372,3776,4946,7537,3562,3848,5936,10595,18.8498,33.0227,8.69271,47.6853
38369,3445,3709,3692,3577,3891,4809,4922,3983,4291,6590,7279,4317,4004,4743,4945,4080,6.93365,1.11087,8.86766,48.1847
38370,3348,3519,3222,3147,3854,3696,3425,3229,6073,4754,3795,3259,12619,6252,3892,3390,31.7436,-26.1856,8.95612,47.6493
38371,3525,3418,3149,3173,3999,3887,3297,3171,6027,4707,3836,3380,12707,5938,3878,3395,30.9067,-29.1966,8.88669,47.658
38372,5608,9629,6816,4224,4506,5234,4671,3900,3634,3778,3641,3422,3279,3394,3184,3183,-26.8062,-4.65088,8.96124,48.0687
38373,8796,9101,4776,3609,5307,5141,4156,3545,3806,3700,3486,3366,3375,3346,3348,3110,-29.3567,-14.4405,8.97307,47.9787
38374,5916,9016,6186,4177,4745,5911,4684,3781,3760,3930,3687,3409,3325,3427,3343,3123,-21.4793,-6.07926,8.52909,48.28
38375,9401,6333,4072,3405,7738,5473,3926,3465,4306,3912,3461,3221,3531,3532,3320,3177,-17.8645,-22.4104,8.82106,48.182
38376,3592,4074,4070,3860,3928,5309,5826,4266,4034,5894,6707,4319,3857,4234,4383,3923,1.80764,1.86945,8.55694,48.184
38377,3439,3403,3293,3263,3666,3769,3822,3406,4435,5695,5164,4051,5057,8466,6970,4291,21.8278,-3.01152,8.68505,48.1267
38378,3122,3254,3600,3583,3196,3623,4021,4800,3313,3824,5156,9252,3287,3825,5396,8468,13.8294,31.7705,8.74311,47.8133
38379,3222,3289,3402,3465,3211,3443,3880,3947,3447,3931,5084,5701,3425,4322,7587,11201,28.7347,19.9235,8.77781,48.3713
38380,3360,3396,3212,3160,3895,3826,3588,3250,5888,5015,3841,3352,11485,7265,3988,3363,33.9634,-21.0049,8.99504,47.9227
38381,4572,5010,4020,3493,5657,8179,4950,3693,4558,5740,4170,3590,3894,3882,3524,3346,-5.52782,-9.35742,8.83204,48.1853
38382,11650,6324,4115,3345,6721,4987,3735,3420,4031,3897,3537,3215,3410,3437,3150,3193,-23.2548,-24.5044,8.81001,48.1113
38383,5234,8958,7424,4431,4405,5051,4793,4057,3609,3657,3753,3439,3320,3439,3336,3228,-32.2352,-2.49354,8.66917,48.0893
38384,12576,6018,3986,3405,5998,4718,3856,3481,3930,3762,3548,3235,3476,3295,3242,3025,-27.0897,-32.7632,8.51815,47.7007
38385,6540,9345,5683,4009,5141,5801,4503,3685,3793,3880,3586,3318,3348,3394,3307,2983,-22.8976,-9.05033,8.90824,48.2107
38386,3581,3669,3844,3598,3903,4909,5187,4041,4220,6587,6969,4319,3969,4665,4741,4049,5.75944,1.21977,8.69754,48.1673
38387,3420,3826,5227,7959,3374,3832,5239,9375,3189,3584,4067,4952,3170,3301,3526,3726,-12.7533,28.8614,8.51897,47.8447
38388,3082,3282,3379,3305,3402,3721,3676,3662,3787,4485,5215,4570,4136,6410,9782,5943,29.9074,5.81801,8.77095,47.8913
38389,3896,5560,9395,6334,3674,4500,5978,5035,3364,3655,4005,3851,3137,3269,3391,3404,-21.9211,9.14717,8.95826,48.2987
38390,8818,9021,4836,3612,5417,5294,4124,3507,3900,3810,3652,3299,3433,3404,3238,3109,-27.3548,-14.5246,8.91437,48.316
38391,6242,6524,4373,3615,6553,7283,4335,3645,4308,4464,3880,3499,3516,3516,3419,3207,-12.7632,-13.3994,8.73285,48.2527
38392,3531,3881,4106,3710,3975,5121,5585,4137,4142,6388,6906,4464,3723,4411,4465,3964,3.18385,1.4494,8.70459,48.3393
38393,3221,3410,3798,4165,3357,3713,4576,6571,3350,3864,5122,9835,3289,3614,4544,5698,5.75694,31.3207,8.66206,48.0847
38394,7747,5136,3652,3359,9634,5085,3895,3323,4980,4231,3621,3200,3737,3612,3323,3189,-12.0689,-33.2745,8.732,47.816
38395,3181,3387,3314,3155,3816,3864,3582,3310,5043,5575,4358,3647,7112,9610,5426,3791,24.9625,-10.0812,8.85504,48.114
38396,4063,5310,5894,4487,4132,6192,7282,4760,3784,4306,4490,3899,3371,3556,3644,3586,-10.8469,2.79306,8.65317,48.504
38397,3266,3612,3916,4191,3413,3744,5046,6055,3496,4017,6326,8208,3197,3793,4805,5359,5.42136,18.6853,8.52809,48.296
38398,3547,3752,3394,3239,4111,4716,4033,3541,5611,8250,5043,3698,4917,6120,4540,3654,10.4505,-8.22045,8.99053,48.1107
38399,3314,3383,3177,3177,3821,3941,3463,3239,5413,5140,4132,3435,8656,9169,4641,3525,32.9562,-14.2103,8.87737,47.7507
38400,5958,5533,3991,3561,7435,7248,4226,3536,4883,4676,3804,3375,3822,3700,3522,3196,-9.77634,-15.7451,8.72421,48.3107
38401,3151,3500,3879,3917,3307,3900,5089,5263,3499,4281,7509,7311,3436,3991,4980,5219,6.66371,14.9804,8.94059,48.1547
38402,4397,4048,3574,3217,7099,5014,3790,3370,8607,5605,3829,3298,5129,4373,3643,3279,2.87912,-22.6853,8.7933,48.1813
38403,3481,4615,8489,9779,3373,4046,5149,5544,3264,3473,3723,3929,3204,3186,3366,3431,-28.2842,16.8438,8.83569,48.0347
38404,3418,3804,5139,7805,3435,3936,5435,9422,3264,3606,4137,5121,3179,3258,3519,3707,-12.1472,25.7307,8.62827,48.1233
38405,3655,4543,8394,9261,3507,4089,5242,5734,3180,3490,3855,3923,3155,3145,3408,3500,-25.7778,16.1752,8.66862,48.054
38406,3172,3345,3640,3918,3286,3713,4344,5475,3373,3836,5320,9905,3225,3739,4870,6678,9.29065,33.491,8.84659,47.8927
38407,3309,3431,3253,3215,3648,3835,3697,3550,4705,6098,4659,3827,5836,9049,5792,4098,21.4196,-6.65795,8.67043,48.0013
38408,3238,3332,3425,3299,3436,3716,3713,3518,3923,4697,5005,4420,4419,7368,9221,5253,31.8206,2.99405,8.76382,47.9887
38409,6772,4938,3734,3303,10022,5357,3779,3422,5543,4337,3647,3256,3736,3630,3448,3202,-9.17654,-33.3726,8.92359,48.084
38410,3089,3292,3425,3258,3190,3425,3868,3839,3420,3889,5040,5525,3518,4326,8190,9974,30.6892,17.5353,8.51695,47.512
38411,12328,6234,3879,3420,6275,4849,3810,3543,4050,3830,3401,3231,3268,3359,3290,3037,-26.7436,-26.8627,8.51844,47.8693
38412,3444,3925,6175,9199,3409,3952,5523,7980,3193,3582,4020,4383,3118,3305,3514,3562,-17.02,22.0429,8.65456,48.1893
38413,3619,4720,7956,6962,3546,4359,6684,5802,3320,3642,4152,4096,3134,3292,3438,3417,-18.0648,12.4164,8.93085,48.0927
38414,3190,3233,3601,3621,3405,3634,4188,4579,3560,4091,6288,7563,3411,4129,6246,7760,15.2907,18.613,8.62751,48.3327
38415,3427,3769,5122,7376,3333,3917,5258,9629,3437,3664,4289,5179,3150,3311,3565,3786,-11.0658,31.8521,8.50194,48.1413
38416,3385,4172,7609,10606,3372,3961,5072,5764,3239,3473,3785,4084,3263,3273,3375,3411,-33.917,19.4228,8.70836,47.896
38417,3536,4481,8358,9299,3486,4078,5464,5849,3224,3532,3835,3835,3059,3280,3384,3407,-23.7766,16.3715,8.71818,48.0713
38418,3383,3895,4732,4769,3495,4371,7579,6687,3406,3879,5823,5362,3333,3554,3948,3989,-4.14308,13.6162,8.98592,48.1367
38419,7156,4889,3741,3249,9845,5397,3826,3373,5489,4388,3617,3238,3816,3619,3249,3122,-9.97622,-26.8025,8.7136,48.0093
38420,5804,4714,3739,3282,9398,5793,3914,3383,5968,4639,3739,3325,4012,3807,3487,3169,-6.78081,-22.56,8.72389,48.1153
38421,3422,4048,7293,11166,3444,3858,5063,6195,3265,3407,3816,3989,3195,3186,3379,3404,-25.8486,20.7461,8.6838,48.0867
38422,3334,4061,6281,9750,3312,3980,5240,7369,3320,3523,3997,4294,3137,3236,3429,3553,-18.767,22.2749,8.92368,47.8773
38423,11208,7327,4164,3442,5821,4939,3924,3380,3860,3801,3486,3269,3391,3405,3304,3124,-32.9497,-20.1642,8.86653,47.8967
38424,5702,9451,6661,4114,4667,5193,4650,3933,3654,3792,3663,3589,3273,3395,3202,3156,-28.534,-5.31142,8.52354,48.0633
38425,11887,6689,3983,3449,6117,4889,3813,3326,3966,3815,3498,3264,3370,3438,3206,3165,-27.8488,-23.3551,8.5614,47.9167
38426,3975,5126,5841,4579,4026,6063,7653,4732,3705,4241,4628,3928,3308,3565,3567,3514,-11.0754,3.48104,8.71016,48.3007
38427,3103,3268,3348,3461,3252,3400,3839,4027,3364,3725,4959,6735,3266,3780,6385,11920,23.8488,26.5163,8.94145,47.888
38428,4120,4115,3597,3346,5726,6084,4155,3555,6431,7124,4171,3515,4627,4671,3738,3324,2.32396,-13.6375,8.61292,48.1993
38429,3368,4070,7211,11588,3452,4001,5046,5809,3261,3519,3737,3856,3161,3353,3346,3368,-30.5309,21.6295,8.9161,48.0973
38430,3566,4453,7569,8014,3573,4182,6117,6255,3330,3561,4008,4083,3224,3243,3495,3429,-19.0281,15.3831,8.54341,48.068
38431,3146,3505,3614,3703,3460,3831,4748,4590,3518,4688,7724,6405,3554,4195,5925,5461,10.1176,12.1043,8.71733,48.0447
38432,3191,3311,3572,3472,3361,3843,4414,4082,3587,4716,7480,5764,3661,4779,7172,5745,14.8367,10.2461,8.77262,48.1
38433,3179,3296,3422,3379,3260,3432,3693,3898,3326,3878,4844,5921,3397,3963,6625,12152,32.2309,24.2145,8.62955,47.7767
38434,3093,3328,3449,3357,3443,3644,3929,3757,3862,4599,5868,4854,3917,5876,9308,5968,22.5324,7.35536,8.58256,48.168
38435,3475,3431,3465,3124,4040,4219,3778,3443,5673,7311,4637,3787,6102,7470,4861,3779,15.6023,-10.396,8.85871,48.3967
38436,3137,3275,3688,3722,3322,3585,4227,5169,3466,3954,5672,9538,3332,3785,5120,7128,10.913,24.1723,8.78551,48.08
38437,3392,3920,6222,12422,3350,3726,4767,6099,3235,3455,3653,3975,3251,3218,3404,3544,-31.6714,26.9982,8.54382,47.7553
38438,8747,5574,3959,3263,8956,5322,3845,3387,4790,4016,3491,3260,3652,3578,3356,3227,-14.605,-27.5493,8.53918,48.282
38439,3890,5513,7385,5263,3911,5228,6894,4910,3538,3914,4203,3973,3251,3430,3545,3373,-16.1725,5.76915,8.54634,48.1473
38440,3258,3564,4102,4238,3367,3875,5496,6323,3444,4116,6374,7581,3415,3777,4594,4942,2.89362,17.7036,8.58492,48.3107
38441,3161,3231,3436,3196,3470,3639,3666,3520,4117,5151,5155,4270,4768,8181,8273,4940,25.6225,0.236915,8.85785,48.116
38442,11165,5921,4045,3444,7252,4984,3757,3286,4079,3933,3465,3295,3391,3464,3151,3103,-20.8459,-33.1898,8.7639,47.8233
38443,3352,3761,3816,3581,3710,4477,5317,4205,3964,5751,7860,4824,3683,4506,5110,4401,6.36218,4.61857,8.61293,48.212
38444,3174,3283,3564,3807,3268,3556,4246,5147,3394,3863,5553,9506,3318,3834,5137,7551,11.4921,25.6431,8.5482,48.134
38445,7828,5092,3810,3385,9450,5144,3788,3396,4953,4247,3584,3259,3597,3611,3308,3184,-12.5104,-30.0424,8.63967,47.7573
38446,5443,7973,5603,4104,4850,6801,5051,3920,3712,4216,3822,3542,3251,3373,3433,3173,-17.3106,-5.406,8.71635,48.178
38447,3400,3879,5816,12452,3454,3818,4668,5831,3285,3412,3745,3901,3220,3254,3373,3491,-32.5643,32.6688,8.8886,47.3327
38448,3465,4167,6806,10263,3383,4030,5267,6817,3308,3432,3844,4250,2938,3266,3354,3451,-20.8794,21.355,8.54101,48.0273
38449,3424,4041,5923,12705,3394,3770,4700,5802,3318,3464,3752,3761,3103,3180,3382,3400,-30.5942,33.1144,8.79655,47.4127
38450,3442,3443,3282,3068,3885,3666,3410,3158,5921,4993,3943,3353,11157,7175,4074,3424,33.2223,-21.1405,8.79713,47.596
38451,3204,3305,3340,3348,3516,3689,3827,3549,3944,4828,5070,4302,4580,7565,9066,5263,26.337,2.24469,8.76277,48.264
38452,3192,3489,3768,3912,3285,3831,4625,5835,3362,3939,6054,8915,3254,3764,4915,6090,7.64535,21.7173,8.5732,48.1533
38453,3960,4496,4275,3874,4370,6790,6106,4100,4244,5691,5061,4177,3668,4140,3918,3661,-2.82294,-1.74289,8.73599,48.354
38454,4295,4168,3678,3403,5676,6278,4216,3575,6109,7007,4298,3491,4455,4464,3903,3451,1.8537,-12.7415,8.69288,48.3113
38455,3210,3229,3441,3426,3362,3697,3847,3718,3762,4662,5222,4590,4108,6485,9759,5776,31.2551,5.81398,8.50992,48.196
38456,3080,3367,3698,3867,3296,3551,4485,5460,3451,3976,6071,9013,3297,3931,5092,6530,9.49058,21.6557,8.79156,48.11
38457,11551,6158,3929,3394,6813,5058,3872,3286,4012,3795,3316,3246,3458,3406,3276,3190,-22.8374,-26.5935,8.91224,47.84
38458,4866,4259,3609,3313,8617,5058,3846,3483,7702,4948,3713,3370,4591,4143,3524,3262,-1.59488,-32.5267,8.64066,48.2027
38459,3492,3394,3238,3053,3764,3850,3567,3256,5418,5217,4042,3477,9351,8463,4410,3574,32.8771,-16.1921,8.68902,47.7107
38460,6166,8151,5127,3959,5261,6771,4559,3764,3936,4121,3689,3403,3455,3538,3354,3196,-17.9572,-9.25621,8.52984,48.3
38461,3444,3337,3183,3106,4022,3731,3486,3218,6306,5009,3821,3317,11244,7111,4176,3422,25.6179,-21.475,8.75969,47.9553
38462,3523,3791,4773,4722,3527,4461,7518,6522,3539,4194,5886,5249,3285,3664,4069,3988,-3.85436,12.6138,8.85547,48.474
38463,4594,5365,4456,3638,5289,8095,5327,3738,4295,5200,4225,3569,3747,3786,3580,3386,-7.54727,-7.28078,8.92797,48.1933
38464,3324,3715,4743,6202,3377,3884,5250,9885,3336,3701,4438,6236,3227,3322,3707,3985,-7.07594,28.5522,8.82048,48.2213
38465,3198,3342,3429,3371,3376,3830,4045,3915,3745,4681,6579,5035,3843,5400,8317,5908,18.6502,8.07637,8.62822,48.0093
38466,4860,7965,8371,4911,4250,4974,5035,4221,3539,3753,3690,3642,3134,3262,3271,3222,-26.7583,0.557469,8.62389,48.0667
38467,7612,5712,3875,3378,8622,5813,3871,3524,4844,4197,3506,3342,3666,3565,3434,3071,-12.7349,-21.1398,8.71606,48.0213
38468,3099,3264,3357,3361,3372,3402,3825,3844,3598,4089,5255,5196,3690,4991,9626,8126,27.9835,12.6865,8.88167,48.0633
38469,3449,3388,3225,3031,4073,3878,3336,3251,7107,5064,3737,3419,11555,5983,3965,3324,22.1208,-30.5594,8.60543,47.8567
38470,3276,3552,3522,3529,3555,4135,4389,3918,4096,6196,7310,4599,4154,5462,6081,4506,12.1804,2.28542,8.90067,48.1867
38471,3368,3451,3374,3125,4066,4116,3961,3479,5248,6993,4951,3863,5608,7483,5136,4021,16.3525,-7.47085,8.61829,48.162
38472,3127,3292,3362,3412,3261,3545,3849,4052,3478,3985,5128,5580,3432,4352,7900,10184,30.8181,17.9618,8.72002,47.9593
38473,3514,3460,3280,3146,4347,4011,3499,3224,7857,5366,3921,3315,9571,5993,4022,3435,17.7345,-23.772,8.59073,47.974
38474,3656,3682,3503,3247,4323,4783,4124,3632,5684,8145,4938,3791,4891,5718,4397,3629,9.60081,-8.65751,8.6944,48.0953
38475,5060,8697,7653,4531,4274,5046,4930,4031,3723,3737,3694,3516,3327,3330,3282,3269,-31.2298,-1.72049,8.65759,48.0667
38476,3158,3453,3820,3721,3339,3787,4559,4551,3546,4322,7579,6720,3570,4231,6137,5608,10.9205,13.6494,8.52561,48.0673
38477,7106,5179,3805,3427,9393,5901,3889,3340,5184,4330,3631,3345,3794,3525,3252,3100,-10.6868,-22.8536,8.83558,48.134
38478,7061,8091,4792,3741,5883,6373,4325,3675,4064,4078,3657,3350,3419,3530,3309,3054,-18.5739,-12.6566,8.59302,48.268
38479,3068,3249,3410,3508,3134,3517,3783,4059,3367,3891,5012,6846,3425,3993,6552,11594,23.0629,24.9438,8.86744,48.272
38480,3402,3397,3344,3145,3858,3913,3539,3205,5727,5414,4170,3620,8711,8630,4737,3563,24.4363,-15.0663,8.76716,48.25
38481,9739,6724,4162,3454,6955,5546,3915,3469,4220,3980,3588,3232,3508,3406,3275,3077,-19.8313,-20.3394,8.78076,48.1667
38482,9330,8705,4529,3562,5569,5072,3912,3563,3815,3855,3482,3242,3311,3426,3234,3072,-31.6411,-15.8758,8.81317,47.786
38483,10071,7109,4181,3367,6702,5459,3966,3446,4056,3985,3486,3238,3457,3387,3270,3073,-21.1935,-20.1102,8.80765,48.1687
38484,4352,5575,5297,4109,4430,7085,6669,4162,3749,4483,4347,3776,3533,3639,3665,3391,-10.2573,-1.1077,8.74392,48.1747
38485,8259,5310,3884,3380,9206,5293,3843,3389,4716,4238,3601,3271,3566,3548,3355,3146,-13.859,-33.8092,8.68873,48.0033
38486,3145,3224,3359,3467,3222,3452,3787,3855,3425,3772,4654,5910,3468,3982,6072,12360,32.2426,33.964,8.58994,47.436
38487,3290,3362,3301,3236,3866,3879,3655,3334,4965,5219,4323,3642,7108,9872,5402,3774,32.2436,-10.1459,8.5666,48.152
38488,12094,6423,3980,3311,6201,4892,3770,3375,3890,3705,3481,3172,3412,3528,3237,3031,-26.1303,-24.4787,8.89794,47.668
38489,7157,5428,3809,3407,9098,6013,3914,3376,4926,4452,3656,3331,3708,3577,3435,3042,-11.4734,-21.3689,8.84846,48.2193
38490,3188,3354,3657,3639,3423,3735,4651,4853,3566,4365,7242,7384,3406,4081,5579,6031,10.1696,15.3592,8.64997,48.1027
38491,10156,8052,4284,3552,5662,5123,4040,3427,3851,3811,3539,3265,3315,3363,3256,3132,-31.2711,-17.9567,8.76915,47.8853
38492,3326,3324,3376,3068,3894,3919,3550,3300,5276,5372,4126,3555,8017,9481,4871,3688,26.4631,-12.78,8.76661,48.0953
38493,3241,3785,4991,6130,3445,3946,6222,8873,3386,3693,4631,5528,3177,3363,3808,4070,-8.01575,20.0311,8.60597,48.1927
38494,3255,3452,3716,3806,3512,3979,4979,4663,3620,4591,7778,6443,3437,4159,5581,5216,8.86088,12.611,8.71017,48.1247
38495,3414,3397,3284,3195,4354,3889,3378,3289,7580,5021,3809,3319,10851,5884,3799,3405,19.7575,-28.5786,8.75642,47.912
38496,10310,5485,3840,3488,8145,5073,3943,3424,4227,3981,3518,3235,3491,3442,3299,3289,-18.1411,-32.5269,8.96966,48.1267
38497,3474,3892,4946,5301,3563,4191,6809,7663,3381,3926,5067,5363,3211,3568,3843,4105,-5.92134,16.7108,8.58121,48.202
38498,3338,3521,3367,3167,3761,4054,4001,3575,4723,6778,5490,3994,4939,7262,5980,4121,16.5172,-3.83141,8.8181,48.0473
38499,3050,3332,3391,3345,3183,3450,3916,3969,3327,3792,4863,6723,3349,4036,6072,12161,24.3298,28.1668,8.57346,47.9727
38500,4152,4259,3707,3372,5264,6437,4298,3526,5716,7141,4594,3632,4474,4436,3829,3491,1.46753,-11.136,8.78646,48.2187
38501,3391,3451,3363,3231,3676,3821,3617,3457,4528,4996,4728,3937,5389,9427,6853,4319,32.0671,-4.17378,8.69242,48.1227
38502,3341,3622,4540,6158,3349,3740,5171,10021,3160,3616,4405,6400,3167,3455,3787,4148,-6.51775,29.1265,8.86539,48.0533
38503,3472,3386,3190,3002,4153,3846,3447,3199,6997,4980,3815,3468,11157,6373,4076,3357,21.8485,-24.5932,8.84689,47.9453
38504,3027,3162,3389,3332,3251,3511,3830,4021,3478,3744,5027,6926,3385,3874,5820,11715,22.2394,32.9159,8.92841,47.6613
38505,3539,4377,7647,8761,3477,4011,5747,6387,3278,3560,3965,4141,3110,3233,3439,3461,-20.3308,16.7981,8.68813,48.0887
38506,3501,4021,5960,12420,3398,3818,4755,6677,3287,3488,3621,4011,3056,3229,3357,3379,-24.1534,31.4082,8.97012,47.9853
38507,3428,3392,3191,3238,4088,3843,3344,3314,6769,4862,3721,3353,12014,5983,4015,3381,22.9109,-30.7811,8.84175,47.9573
38508,7485,7454,4510,3543,6392,6370,4274,3504,4253,4082,3637,3265,3490,3550,3420,3067,-17.5468,-15.0472,8.89984,48.1973
38509,3547,3571,3258,3112,4248,4174,3587,3282,7215,6172,4159,3588,7902,6737,4267,3528,16.3335,-17.4257,8.69479,48.2313
38510,4614,4020,3609,3208,8027,4955,3736,3377,8718,4945,3748,3255,4869,4233,3536,3146,0.980134,-29.7206,8.82024,47.9973
38511,3460,4088,6634,11858,3348,3949,4796,6135,3293,3483,3827,3880,3105,3247,3404,3375,-27.1344,23.4322,8.53245,47.9213
38512,3245,3346,3315,3183,3744,3884,3576,3392,4779,5222,4372,3683,6683,9914,5733,3788,27.4273,-8.61419,8.91518,47.906
38513,6507,5087,3892,3315,8881,6280,3895,3311,5321,4532,3684,3279,3970,3707,3421,3256,-9.22551,-20.7967,8.68502,48.2253
38514,4810,7346,7564,4731,4086,5584,5628,4251,3595,3923,4043,3537,3263,3341,3518,3298,-20.1034,0.0453804,8.77564,48.3453
38515,3759,4709,7703,6661,3694,4353,6707,5879,3436,3590,4201,4106,3177,3315,3578,3478,-17.2913,12.297,8.51391,48.2307
38516,3416,3983,6064,10024,3302,3788,5286,7907,3156,3590,3880,4287,3132,3202,3430,3533,-18.6691,24.3332,8.56916,47.9867
38517,3224,3277,3444,3235,3419,3662,3833,3569,4241,4835,5084,4260,4554,7962,8735,4820,32.9217,1.07184,8.70828,48.1027
38518,3436,3976,6588,12080,3344,3826,4797,6375,3153,3526,3869,3972,3054,3304,3365,3330,-26.3925,25.2962,8.51982,47.9967
38519,4542,5142,4259,3616,5496,7850,4998,3825,4604,5466,4231,3513,3862,3745,3653,3332,-6.06641,-8.35026,8.52892,48.0893
38520,3422,4030,5850,10628,3460,3783,5080,7561,3339,3384,3868,4205,3135,3231,3441,3430,-19.3848,33.8271,8.58679,47.898
38521,3479,3582,3291,3267,4062,4327,3769,3498,5105,7107,5227,3897,5322,7346,5312,3922,15.6431,-6.50866,8.55245,48.342
38522,3352,3459,3252,3253,3962,3655,3520,3261,6068,4765,3805,3296,12363,5939,3881,3440,32.8063,-30.1235,8.59413,47.514
38523,4781,4245,3544,3208,8015,4934,3842,3352,8288,5095,3748,3359,4824,4062,3490,3186,0.248613,-26.7036,8.76417,47.982
38524,4730,4129,3543,3295,8148,4754,3718,3229,8551,4959,3742,3268,4926,4165,3437,3294,0.526916,-28.8198,8.92156,47.9253
38525,7283,9584,5209,3780,5022,5228,4285,3639,3750,3803,3597,3403,3342,3462,3268,3212,-31.465,-10.769,8.59177,47.9113
38526,3432,3413,3362,3243,3747,4003,3785,3513,4849,6024,4826,3800,5547,8606,6025,4170,20.4658,-5.36197,8.50022,48.23
38527,3410,3460,3338,3138,4081,3995,3551,3310,6418,5888,4093,3612,8328,7758,4440,3586,19.3347,-15.8983,8.69279,48.2707
38528,3936,5111,7090,5286,3917,5162,7488,5119,3476,3853,4328,3969,3192,3419,3431,3545,-14.4205,6.87968,8.70683,48.2147
38529,9059,8674,4620,3566,5481,5372,4026,3418,4011,3946,3608,3192,3387,3403,3273,3193,-33.9915,-15.2229,8.94314,48.1527
38530,3439,3403,3278,3136,3869,3955,3573,3220,5212,5684,4302,3577,7312,9188,5156,3716,23.2749,-11.0244,8.69075,48.0133
38531,3126,3262,3704,3934,3235,3590,4451,5195,3405,3790,5814,9222,3293,3872,5213,7107,10.753,23.0108,8.59348,48.142
38532,3462,4028,6112,12128,3353,3830,4886,6588,3121,3388,3733,4072,3044,3296,3288,3425,-24.7558,27.3595,8.51619,47.836
38533,3206,3393,3364,3212,3634,3837,3661,3607,4085,4928,4929,4094,4675,8380,8071,4838,30.66,-0.0525266,8.58294,47.9427
38534,3269,3394,3270,3144,3721,3875,3674,3246,4972,5338,4266,3659,7032,9912,5495,3852,27.8827,-9.81114,8.76104,48.0793
38535,3451,4216,6903,9411,3525,4011,5484,6704,3271,3446,4075,4120,3138,3227,3354,3441,-20.1879,19.3214,8.78386,47.8513
38536,3165,3239,3434,3488,3258,3359,3799,4259,3470,3835,5090,7834,3393,3870,5679,10893,19.5379,31.5974,8.8577,48.0433
38537,3519,4353,7584,9695,3439,3982,5433,6301,3190,3492,3901,4099,3073,3256,3425,3325,-22.0735,18.2801,8.81358,48.0447
38538,6720,7580,4683,3651,6190,6841,4519,3523,4124,4210,3664,3276,3561,3550,3278,3111,-16.3448,-12.8594,8.95559,48.3207
38539,9033,8782,4620,3639,5365,5145,4055,3577,3823,3833,3465,3286,3426,3452,3332,3135,-30.9584,-15.3016,8.60294,47.9787
38540,5454,4502,3605,3368,8950,5600,3867,3408,6718,4743,3693,3293,4281,3949,3586,3091,-4.21825,-23.1984,8.77837,48.072
38541,3369,3485,3484,3268,3903,4236,3925,3522,4983,7338,5423,3911,4862,6994,5432,3931,14.4115,-4.91229,8.84597,48.044
38542,3621,3548,3368,3189,4802,4132,3578,3339,9189,5179,3836,3396,8760,5320,3871,3263,14.1915,-28.1512,8.84824,48.2607
38543,3142,3207,3379,3456,3211,3573,3888,3837,3508,4102,5262,5188,3635,4868,9215,8511,32.1653,13.8069,8.54942,47.988
38544,3281,3656,4231,4480,3441,3818,5887,6592,3442,3988,6325,7035,3236,3801,4362,4687,1.30408,17.0571,8.94294,48.1747
38545,3516,4540,8385,9563,3449,4057,5243,5439,3297,3587,3922,3848,3039,3315,3511,3324,-30.3438,16.2101,8.80662,48.0233
38546,3069,3196,3377,3343,3239,3428,3770,3913,3383,3879,4682,6348,3429,3885,6070,12715,27.1309,29.3721,8.79817,47.8173
38547,3305,3998,5771,11551,3432,3874,5062,6918,3216,3463,3855,4051,3147,3193,3467,3409,-21.8751,31.1497,8.67639,47.808
38548,7161,4835,3729,3237,9741,5184,3809,3501,5465,4408,3677,3229,3857,3728,3337,3157,-10.1271,-29.6068,8.53367,48.0367
38549,5289,5183,3931,3513,7075,7533,4313,3568,5163,5145,3887,3504,3938,3788,3487,3284,-6.87515,-14.3166,8.66113,48.4007
38550,4691,4476,3629,3342,7118,6480,4049,3444,6241,5799,4023,3517,4292,4121,3740,3267,-2.11593,-16.534,8.55985,48.1527
38551,3326,3819,6211,12486,3355,3715,4649,6228,3354,3447,3814,3980,3123,3228,3359,3411,-33.8883,27.2354,8.86847,47.67
38552,3816,3684,3455,3182,5706,4519,3548,3223,9836,5263,3840,3464,6727,4820,3754,3259,8.98305,-31.4545,8.68218,48.064
38553,3326,3860,4251,4341,3483,4244,6408,6274,3427,4172,6465,6232,3374,3795,4334,4414,0.174724,14.0991,8.72069,48.2667
38554,3403,3465,3263,3127,4015,3970,3629,3299,5723,5691,4058,3452,8473,8332,4579,3697,22.7804,-15.1811,8.78623,48.1173
38555,3178,3546,4050,4657,3372,3676,4856,8034,3447,3826,5037,8556,3370,3588,4161,4784,1.10994,29.1465,8.85089,48.092
38556,3440,3426,3229,3077,3931,3718,3497,3221,6508,4775,3683,3343,12276,6097,3885,3334,25.2034,-29.691,8.57043,47.6267
38557,3920,5198,7397,5318,3827,5304,7305,5097,3400,3874,4399,3792,3149,3334,3510,3408,-15.1917,6.65401,8.7776,48.1547
38558,5500,8513,6201,4204,4679,6159,4930,3889,3745,3899,3749,3509,3271,3417,3453,3289,-20.5131,-4.8326,8.70278,48.2713
38559,11108,7288,4241,3383,6050,5085,3855,3391,3955,3779,3515,3135,3300,3492,3162,3132,-26.2393,-20.2788,8.94046,47.914
38560,5596,4639,3660,3350,8955,5888,4035,3483,6276,4795,3732,3349,4106,3941,3524,3179,-5.49409,-21.6717,8.82698,48.3387
38561,3177,3280,3285,3387,3310,3474,3784,3925,3441,3696,4829,6325,3324,3902,6075,12494,25.3544,32.7216,8.72584,47.8053
38562,3395,3898,6108,12535,3325,3853,4766,6118,3205,3325,3763,3880,3147,3195,3405,3417,-26.6164,30.0924,8.6065,47.5567
38563,12648,6090,3866,3351,6215,4791,3736,3382,4013,3745,3406,3170,3475,3265,3298,3132,-33.4791,-27.5652,8.73999,47.722
38564,3637,3618,3247,3109,4503,4173,3675,3320,7963,6220,3931,3380,7630,6022,4143,3441,14.3024,-19.3306,8.63207,48.008
38565,3323,3441,3769,3546,3536,4058,4586,4192,3804,5298,8084,5363,3867,4715,6097,4926,10.94,7.231,8.82463,48.4033
38566,10474,5757,3807,3440,7965,5117,3894,3431,4210,3993,3472,3245,3375,3426,3233,3160,-18.4554,-33.4475,8.94564,47.9993
38567,3214,3526,4081,4513,3315,3668,4756,7522,3340,3657,5151,9284,3230,3671,4215,5266,2.58313,30.0934,8.89177,48.2727
38568,3322,3444,3216,3131,3906,3899,3637,3316,5061,5717,4341,3726,7313,9448,5097,3779,23.8543,-10.9754,8.96542,48.2353
38569,3257,3411,3731,3798,3329,3640,4545,5546,3432,3676,5299,9877,3183,3752,4861,6630,8.95737,33.3073,8.7839,47.978
38570,8224,7199,4200,3500,6762,5947,4138,3496,4201,4034,3517,3219,3435,3480,3373,3131,-18.0358,-17.1605,8.72309,47.904
38571,10520,5643,3975,3412,7749,5096,3838,3345,4259,3918,3574,3238,3476,3451,3234,3148,-18.7442,-30.2772,8.6646,47.9173
38572,10632,7715,4230,3430,5606,5038,3792,3443,3855,3785,3462,3324,3348,3380,3204,3254,-31.0899,-19.0021,8.80211,47.6653
38573,3694,3613,3381,3220,5334,4386,3669,3290,9784,5325,3839,3411,7254,5023,3754,3361,10.4921,-33.186,8.74576,48.2253
38574,3053,3174,3373,3330,3299,3462,3655,3924,3483,3852,4819,6599,3334,3936,6147,12101,24.2247,28.5823,8.66005,47.694
38575,3343,3677,4024,4058,3534,4359,6062,5250,3474,4495,7404,5925,3463,3998,4657,4549,2.363,11.3426,8.90144,48.1813
38576,3998,3945,3549,3260,4910,5539,4126,3504,5995,7838,4688,3683,4626,4937,3964,3597,5.11925,-10.9951,8.56565,48.106
38577,5070,7683,5881,4085,4801,6652,5390,3975,3825,4200,3830,3561,3324,3439,3435,3208,-17.1896,-4.42428,8.83118,48.2393
38578,3617,3609,3250,3205,4545,4471,3626,3209,7676,6602,4213,3466,6940,6171,4242,3397,13.1519,-17.3304,8.67336,48.1593
38579,3269,3794,4761,6785,3401,3868,5314,9803,3226,3690,4397,5787,3161,3377,3749,3967,-8.95047,27.5097,8.63204,48.2327
38580,3013,3257,3539,3392,3298,3418,3934,4270,3337,3905,5000,7614,3345,3926,5778,10499,19.1509,33.1374,8.56777,47.6833
38581,3071,3246,3344,3395,3159,3340,3757,3945,3370,3969,5008,5974,3465,4085,6944,11601,28.4518,22.2701,8.62066,47.782
38582,3368,3817,4972,7137,3431,3839,5309,9916,3271,3558,4236,5218,3121,3362,3590,3732,-10.7574,32.1389,8.87581,47.918
38583,5932,7262,4917,3894,5530,7286,4794,3795,4012,4357,3721,3429,3517,3414,3407,3106,-15.3781,-9.39,8.56025,48.2487
38584,4201,3846,3337,3176,6324,4671,3688,3149,9577,5505,3783,3336,5971,4620,3660,3360,6.45324,-25.0448,8.62698,48.136
38585,3390,4071,7099,11498,3408,3915,5030,5900,3186,3334,3795,3851,3116,3276,3479,3462,-31.0615,21.457,8.57278,47.8733
38586,2975,3207,3522,3457,3233,3389,3969,4160,3356,3774,5094,7197,3381,3995,6400,11059,21.3748,24.2965,8.67525,48.112
38587,4143,6649,9415,5631,3966,4616,5180,4474,3384,3773,3788,3644,3334,3355,3321,3285,-32.2314,5.06741,8.67813,47.972
38588,3201,3341,3354,3210,3657,3844,3662,3522,4445,5293,4773,4065,5346,9183,7023,4255,26.0523,-3.81474,8.67275,48.116
38589,4404,7430,8917,5071,4083,4754,4987,4335,3557,3634,3728,3599,3282,3394,3453,3288,-31.9272,2.32413,8.78311,47.944
38590,4202,3864,3434,3209,5883,4989,3763,3261,8519,6241,3995,3450,5671,4775,3783,3293,5.67512,-19.9635,8.62884,48.2213
38591,4656,4808,3941,3515,5909,7560,4498,3664,5096,5841,4218,3451,3880,4031,3676,3367,-4.06016,-11.4287,8.59633,48.074
38592,3474,4043,6321,8486,3371,3960,5758,7849,3282,3531,4126,4486,3147,3195,3460,3471,-16.0636,20.791,8.81887,47.9733
38593,5196,5281,4131,3558,6776,7544,4447,3530,4865,5224,3903,3522,3813,3785,3507,3195,-7.25558,-13.3745,8.65657,48.1847
38594,3375,4116,7608,10867,3514,3923,5041,5775,3229,3609,3780,4037,3125,3291,3403,3482,-32.0923,19.8045,8.6373,48.1167
38595,3407,3391,3249,3226,3957,3780,3394,3229,5892,4825,3892,3377,11595,6964,4063,3358,30.4252,-22.7259,8.60127,47.7327
38596,4794,7574,6611,4397,4555,6191,5579,4116,3649,3961,3885,3515,3266,3437,3250,3154,-18.5303,-2.07414,8.8508,47.956
38597,3534,4102,6466,8050,3457,3972,6094,7665,3273,3603,4042,4431,3182,3366,3495,3475,-16.0248,19.0191,8.98722,48.138
38598,3104,3222,3530,3522,3305,3493,3928,4369,3516,4081,5895,6811,3471,4375,7074,8374,18.1861,17.3817,8.69253,48.0467
38599,3473,3832,4218,3843,3733,4695,6599,4857,3879,5006,7253,5002,3509,3972,4402,4252,1.30194,7.17375,8.7335,48.35
38600,4368,7440,9067,5187,3973,4817,5174,4330,3516,3659,3752,3547,3272,3350,3388,3305,-25.5232,2.61658,8.97854,48.0967
38601,7421,5957,4007,3564,7994,6211,4016,3449,4609,4287,3677,3255,3649,3613,3407,3025,-13.6757,-19.5111,8.61401,48.094
38602,5189,4477,3586,3251,8308,6045,3923,3419,6587,5258,3871,3423,4255,3994,3629,3128,-3.02926,-20.3849,8.91672,48.2287
38603,3618,3609,3154,3058,4656,4189,3603,3240,9029,5506,3734,3432,8372,5485,3872,3395,14.0251,-25.9445,8.5321,47.968
38604,3304,3882,5631,9835,3354,3759,5096,8692,3186,3663,4117,4557,3092,3229,3556,3489,-16.6702,27.1028,8.89274,48.2947
38605,3231,3330,3364,3144,3559,3845,3807,3512,4265,5448,5307,4066,4948,8505,7695,4420,23.2524,-1.55662,8.97054,48.2973
38606,3273,3310,3337,3297,3324,3699,4096,3756,3723,4495,6106,5027,3902,5634,8989,6198,21.1091,8.45845,8.70309,48.1107
38607,3221,3487,4224,4841,3361,3799,4909,8629,3415,3771,4917,7875,3330,3571,4090,4668,-0.961152,27.9819,8.57321,48.072
38608,3763,3700,3440,3166,5076,4548,3704,3319,8712,6348,3990,3396,6491,5233,3648,3333,10.0424,-19.9983,8.93658,47.9113
38609,3144,3251,3309,3385,3175,3466,3844,3909,3498,4021,5100,5580,3486,4416,8392,9925,29.3762,17.2747,8.628,47.934
38610,3293,3796,4716,5094,3564,4051,6640,7668,3421,3857,5319,6067,3230,3571,4047,4346,-3.91336,17.3827,8.81729,48.4533
38611,3287,3327,3270,3142,3841,3780,3537,3256,6706,4937,3716,3303,12182,5801,3923,3479,23.9155,-32.5584,8.69855,47.658
38612,3518,4183,7559,10766,3471,3923,5173,5895,3226,3491,3882,3916,3113,3249,3437,3475,-28.1859,19.6829,8.57484,48.1847
38613,3341,3344,3180,3109,3952,3803,3468,3219,6188,4743,3860,3384,12589,6156,3892,3437,27.7589,-27.5061,8.82628,47.7767
38614,3173,3333,3430,3602,3282,3482,4147,4661,3418,3888,5467,8169,3406,4003,5896,8856,15.7996,22.9407,8.65253,48.142
38615,3302,3430,3196,3149,3881,3837,3629,3228,5570,5295,4123,3468,9066,8536,4639,3660,27.157,-15.5268,8.52337,48.006
38616,3357,3800,4729,5449,3445,4060,6347,8498,3305,3724,5019,6099,3201,3435,3860,4030,-5.21754,19.4498,8.80443,48.2387
38617,3317,3368,3340,3074,3657,3951,3611,3358,4987,5524,4398,3682,6987,9657,5551,3974,25.8412,-10.1873,8.6115,48.2907
38618,3500,4392,6582,6390,3601,4436,7101,6586,3330,3697,4475,4295,3241,3429,3623,3569,-13.4265,13.3222,8.52025,48.1647
38619,3364,4444,7360,7697,3626,4130,6309,6683,3354,3719,4013,4054,3129,3306,3429,3510,-17.6526,15.7808,8.82541,48.0847
38620,6652,6222,4297,3567,7290,6893,4295,3492,4501,4368,3689,3300,3704,3537,3412,3183,-13.0753,-15.943,8.74876,48.268
38621,3046,3283,3381,3448,3211,3454,3828,3933,3445,3818,5000,6112,3507,4309,7582,10605,25.7502,19.4046,8.55286,47.9747
38622,6039,9112,5572,3914,4930,6187,4557,3897,3860,3898,3692,3320,3317,3464,3360,3225,-21.3979,-7.64057,8.60917,48.2293
38623,3500,3593,3270,3096,4233,3998,3517,3175,6813,5344,4036,3402,10026,6822,4089,3452,20.5868,-20.7182,8.59993,48.244
38624,11043,6983,4133,3471,6534,5040,3822,3430,4123,3895,3418,3176,3411,3354,3233,3056,-23.5667,-21.9963,8.53184,48.0813
38625,3178,3281,3409,3477,3292,3572,3908,4319,3364,3807,5117,7652,3358,3944,5992,10705,19.4044,25.0628,8.91208,48.25
38626,3209,3230,3304,3353,3299,3481,3827,3812,3350,3927,5044,5690,3416,4435,8557,9836,31.2882,16.7853,8.68706,47.8467
38627,3485,3620,3478,3477,3834,4428,4323,3684,4514,7037,6457,4265,4486,5732,5351,4156,11.464,-1.28591,8.68054,48.218
38628,6897,7856,4724,3572,5845,6662,4407,3544,4130,4110,3672,3270,3469,3488,3377,3039,-17.7322,-12.4673,8.88339,48.0413
38629,3467,4388,7577,9124,3476,4067,5518,6210,3246,3472,4011,4090,3143,3206,3464,3555,-21.2376,17.5295,8.87823,48.0093
38630,3341,3907,5688,7458,3354,4023,6001,8500,3234,3750,4283,4923,3048,3459,3643,3670,-13.1299,20.7169,8.70915,48.188
38631,5043,8171,6889,4391,4416,6028,5212,4063,3657,3923,3803,3523,3264,3589,3354,3245,-20.6685,-2.89247,8.88988,48.3807
38632,3399,3970,4273,3976,3807,4887,6921,4809,3745,5063,7066,4745,3555,3807,4232,3964,0.519795,6.18579,8.99082,48.146
38633,3948,4530,4687,3961,4208,6249,7410,4413,3824,4998,5614,4137,3563,3786,3940,3584,-4.53008,2.43576,8.84649,48.568
38634,3127,3212,3355,3367,3465,3642,3769,3679,3859,4682,5576,4478,4106,6383,9364,5734,24.136,5.39503,8.57676,47.8653
38635,3270,3329,3341,3219,3884,3885,3739,3403,4736,5597,4553,3918,6103,9342,6299,4185,23.6101,-6.15576,8.83964,48.5353
38636,3275,3545,3888,3810,3637,4137,5253,4554,3585,4947,8143,5625,3548,4232,5300,4791,7.09602,9.28204,8.87107,48.18
38637,3286,3614,4310,4781,3314,3871,5155,7871,3364,3777,5169,7900,3239,3625,4189,4738,0.0163164,24.1919,8.61398,48.1353
38638,3327,3290,3320,3122,3928,3732,3664,3299,5162,5210,4190,3583,8071,9670,5049,3644,27.8732,-12.7919,8.99702,48.174
38639,3305,3641,4602,5140,3402,4023,6057,8147,3365,3874,5124,6448,3225,3593,3972,4304,-3.33342,19.9669,8.52228,48.148
38640,3495,3405,3317,3125,4284,4009,3609,3180,7665,5320,3923,3486,10101,6007,3853,3469,18.4975,-23.7961,8.73772,48.1653
38641,3174,3138,3515,3421,3237,3456,4038,4190,3356,3877,5002,7803,3333,3833,5563,10686,19.1009,29.5963,8.69801,47.748
38642,3667,4785,7625,6590,3614,4419,6898,5964,3408,3623,4098,3978,3169,3292,3413,3430,-16.9813,11.9806,8.78871,47.982
38643,12656,5957,3892,3457,6056,4722,3680,3322,3923,3704,3373,3267,3308,3311,3276,3098,-30.0373,-30.0531,8.86397,47.3347
38644,3378,3424,3321,3279,3727,4023,3835,3751,4410,6064,5636,4193,4938,7606,6645,4365,18.6126,-1.98445,8.61254,48.3967
38645,8349,9055,4794,3589,5578,5491,4059,3548,3786,3917,3555,3366,3319,3392,3314,3057,-24.0325,-14.1348,8.63883,48.1127
38646,3085,3263,3374,3326,3247,3605,3776,3878,3449,4065,5296,5425,3574,4655,9292,8470,33.8715,14.1565,8.76706,47.8533
38647,12174,5882,3882,3542,6458,4839,3699,3434,3960,3811,3471,3109,3310,3367,3247,3146,-24.7784,-30.164,8.51562,47.554
38648,3674,4092,4041,3706,4079,5869,5740,4004,4157,6396,6098,4240,3791,4343,4330,3817,1.51872,-0.181937,8.51504,48.2513
38649,3195,3266,3323,3291,3430,3605,3721,3831,3739,4399,5137,4891,3961,5554,9824,6901,30.5827,9.21754,8.73969,48.0453
38650,6682,10090,5913,3855,4760,5340,4389,3732,3665,3721,3588,3354,3325,3328,3339,3140,-30.2807,-8.38292,8.88949,48.1473
38651,3402,3887,5672,10089,3283,3837,5139,8089,3237,3493,4049,4483,3116,3207,3463,3571,-17.3358,27.2686,8.75832,48.0113
38652,3607,3712,3478,3191,4153,4622,4018,3507,5186,7851,5361,3952,5049,6315,4847,3801,11.8573,-6.97196,8.66877,48.4333
38653,3666,4051,4226,3752,3987,5818,6039,4255,4280,5956,6226,4266,3690,4311,4225,3736,0.635137,0.83393,8.96282,48.3227
38654,7376,8063,4653,3622,5804,6434,4400,3632,4006,4167,3575,3428,3310,3550,3276,3090,-19.1039,-13.1008,8.66159,48.2573
38655,3420,3523,3445,3211,3970,4343,3951,3588,4812,7201,5264,3930,4934,7283,5664,4027,15.2309,-4.92198,8.89267,48.3773
38656,3316,3744,4543,5146,3438,3804,5946,8657,3339,3729,5012,6578,3184,3431,4005,4356,-3.35425,21.2127,8.98134,48.152
38657,7541,5040,3827,3366,9707,5326,3867,3415,5121,4237,3594,3260,3858,3562,3320,3161,-11.4923,-32.5758,8.58863,48.1347
38658,4197,3940,3476,3201,6261,4783,3765,3262,8919,5840,4005,3418,5720,4536,3745,3331,5.36052,-22.031,8.59132,48.266
38659,3437,3471,3242,3018,3946,4088,3608,3287,6143,5917,4008,3486,8357,7759,4549,3639,20.2219,-15.8723,8.51116,47.97
38660,3016,3145,3457,3443,3185,3536,3898,3963,3359,3815,5129,6263,3556,4200,7326,10724,24.5555,20.5533,8.59851,48.01
38661,3436,4145,6200,7502,3566,4026,6219,7700,3427,3636,4220,4594,3076,3400,3499,3663,-14.786,18.4092,8.94969,48.206
38662,3345,3360,3216,3052,4039,3919,3437,3234,6560,5017,3818,3450,11020,7065,4040,3363,23.9458,-21.9276,8.61106,47.9567
38663,3360,3802,4644,4543,3472,4264,7104,6381,3492,4294,6122,5622,3302,3654,3992,4180,-2.81076,13.2256,8.84407,48.152
38664,3609,3729,3372,3111,4750,4420,3738,3287,8400,5958,4010,3417,7415,5753,3992,3522,13.1351,-20.6557,8.67524,48.322
38665,3955,3713,3379,3166,5673,4632,3615,3274,9189,6063,3912,3465,6295,4906,3743,3341,8.07151,-21.7268,8.91634,48.214
38666,3124,3469,3570,3616,3414,3732,4452,4590,3507,4065,6915,7024,3634,4296,6416,6782,13.6693,15.4979,8.77141,48.404
38667,4844,4432,3729,3305,7535,6000,3956,3424,6797,5470,3913,3484,4388,4095,3500,3294,-1.80616,-18.9892,8.57923,48.1107
38668,4102,4472,4049,3636,4898,7288,5349,3922,4514,6295,4828,3765,3826,4155,3733,3471,-2.24802,-5.6128,8.57261,48.202
38669,3810,4807,4879,3945,4068,6638,7190,4439,3828,4923,5211,3992,3516,3687,3843,3461,-5.99643,1.27158,8.8233,48.158
38670,11843,5987,4019,3421,6628,4948,3803,3338,4092,3800,3385,3275,3367,3440,3226,3089,-23.645,-29.206,8.7723,47.774
38671,3480,3565,3316,3055,4415,4045,3513,3170,7970,5169,3784,3444,10321,6059,3917,3371,18.8044,-25.2913,8.70186,48.396
38672,3442,4020,6778,12175,3433,3845,4853,5936,3256,3394,3810,3989,3142,3312,3283,3393,-30.15,23.2743,8.87657,48.0407
38673,11576,6209,3966,3438,7037,5029,3823,3385,4045,3779,3498,3200,3421,3292,3146,3078,-22.4543,-27.4704,8.51969,47.948
38674,3415,3900,5790,11741,3315,3780,4821,6940,3249,3394,3875,4009,3096,3362,3392,3356,-22.2179,29.9376,8.88453,47.6233
38675,3348,3833,5915,12939,3328,3743,4724,5873,3356,3446,3651,3967,3245,3254,3413,3316,-30.652,31.4268,8.83448,47.5673
38676,4496,4057,3540,3217,7253,4931,3779,3318,8472,5339,3909,3399,5062,4440,3607,3261,2.05248,-23.9488,8.63913,48.0533
38677,3168,3349,3672,3790,3319,3612,4415,5161,3477,3905,5245,9757,3422,3779,4992,7039,10.3024,33.8955,8.64484,48.068
38678,3631,4636,8106,8305,3559,4034,5834,6037,3277,3597,3851,4030,3117,3236,3466,3451,-20.7389,15.2163,8.79031,48.1113
38679,3353,3387,3312,3315,3472,3670,3720,3594,3879,4560,5197,4502,4110,6368,9878,5594,33.939,5.39544,8.98379,47.9407
38680,3424,3972,5371,6386,3357,4090,6731,8310,3204,3625,4548,5113,3120,3421,3831,3755,-9.97604,18.6009,8.89221,48.172
38681,3424,3761,4140,3966,3609,4523,6134,4780,3770,4900,7693,5307,3497,4113,4676,4302,3.27696,8.31974,8.98225,48.3967
38682,4205,6148,8308,5409,3932,5003,6281,4598,3538,3929,3909,3808,3224,3265,3429,3316,-19.9631,4.79325,8.93982,48.2013
38683,4034,3821,3515,3223,5248,5140,4011,3348,7279,7288,4273,3469,5382,5062,3856,3345,6.31468,-15.5379,8.54787,48.196
38684,3634,4477,8103,9524,3576,4068,5364,5856,3258,3460,3917,3900,3006,3232,3380,3424,-24.5974,16.93,8.6363,48.1193
38685,3535,3851,4010,3628,3767,4701,5561,4259,3832,5797,7540,4780,3736,4450,4726,4006,4.48381,3.95372,8.5348,48.1193
38686,3971,3816,3315,3196,5984,4460,3664,3301,9870,5127,3834,3378,6094,4758,3722,3365,7.20057,-32.2969,8.70196,47.9033
38687,6372,4701,3756,3234,10009,5278,3745,3359,6157,4442,3702,3264,3934,3840,3435,3151,-7.41623,-27.7026,8.87674,48.2527
38688,4915,4147,3542,3174,8491,5253,3794,3472,7799,5134,3710,3327,4667,4179,3559,3123,-0.779792,-24.7111,8.58103,48.1907
38689,3515,3842,4743,4544,3528,4547,7620,6005,3468,4199,5943,5103,3384,3623,3989,3959,-3.41686,11.371,8.92126,48.008
38690,3815,3657,3358,3245,5492,4385,3617,3267,9582,5453,3805,3289,7121,4922,3739,3387,10.0053,-25.9383,8.51303,48.0893
38691,3376,3334,3230,3084,3969,3792,3454,3185,5977,4762,3866,3246,12059,6708,3984,3410,28.3627,-24.0716,8.92624,47.624
38692,12735,5881,3900,3332,5944,4668,3670,3369,3928,3782,3510,3192,3388,3396,3325,3105,-31.8805,-30.3588,8.98583,47.4167
38693,3246,3258,3427,3352,3391,3653,3741,3586,3895,4587,5268,4611,4055,6445,9880,5731,31.7678,5.61065,8.96573,48.084
38694,6660,5257,3804,3357,8984,5871,4034,3366,5289,4440,3567,3345,3926,3745,3363,3121,-9.80777,-22.1988,8.82013,48.086
38695,3447,3398,3273,3115,3981,3706,3405,3312,6275,4872,3779,3377,12482,6067,3896,3439,26.8543,-30.2104,8.74566,47.8827
38696,3524,4051,6440,7317,3505,4076,6453,7462,3339,3701,4206,4387,3135,3432,3571,3584,-14.3916,17.1175,8.58393,48.122
38697,9676,6223,4109,3410,7821,5456,4047,3302,4285,3949,3453,3277,3482,3582,3288,3152,-18.1459,-22.3204,8.60489,48.3413
38698,3356,3449,3567,3358,3775,4071,4296,3729,4372,6455,6503,4431,4335,5956,6158,4485,13.7582,0.418455,8.53354,48.1973
38699,3200,3361,3428,3301,3397,3700,3962,3836,3686,4422,5915,5197,3838,5150,8842,6923,21.8017,10.5224,8.53039,48.1053
38700,9573,7152,4280,3479,6383,5556,3977,3418,4179,4013,3541,3256,3372,3388,3242,3139,-20.9912,-18.6371,8.6003,47.9653
38701,4015,6207,9131,5906,3703,4695,5957,4649,3393,3660,3918,3835,3197,3388,3437,3240,-22.8034,6.4625,8.73087,48.2207
38702,3226,3476,3632,3489,3447,3981,4424,4068,3770,4966,7920,5578,3783,4895,6556,5135,12.5517,7.96456,8.89868,48.2307
38703,3130,3264,3443,3402,3302,3567,3976,4023,3678,4221,5766,5788,3703,4889,8332,7890,21.3326,13.881,8.53694,48.2493
38704,11639,6003,4033,3500,6874,4983,3838,3385,3922,3814,3415,3284,3381,3374,3121,3117,-22.5571,-33.7183,8.61203,47.7887
38705,4530,7330,7486,4655,4297,5897,5727,4206,3721,3849,3901,3609,3327,3424,3345,3262,-19.5906,0.132204,8.70573,48.3773
38706,3163,3421,3892,4147,3291,3746,4561,6420,3318,3776,5220,9653,3402,3627,4539,5799,5.91191,31.4972,8.8934,47.9833
38707,12715,5940,3930,3357,5950,4690,3878,3328,3880,3718,3313,3263,3402,3430,3138,3190,-32.4712,-30.7021,8.88597,47.4147
38708,3253,3345,3447,3369,3500,3788,4021,3747,3936,4914,6191,4654,4203,6155,8528,5469,20.2287,4.72997,8.88942,48.3467
38709,5972,9249,6250,4028,4715,5762,4626,3795,3711,3965,3729,3493,3206,3314,3293,3217,-23.2409,-6.39054,8.55196,48.2167
38710,3257,3793,5144,6794,3504,3895,5975,9183,3271,3582,4485,5255,3184,3338,3759,3825,-10.151,22.2914,8.79485,48.1627
38711,3582,4056,4547,4231,3783,4886,7124,5248,3625,4624,6407,4786,3472,3845,4175,3978,-2.02542,7.9769,8.61332,48.246
38712,3204,3526,4036,4522,3326,3650,4718,7673,3410,3776,5236,9033,3206,3601,4293,5170,2.35357,27.8944,8.85502,48.2533
38713,3338,3312,3295,3196,3490,3847,3682,3521,4143,4899,4896,4361,4580,8067,8470,4920,32.0936,0.552181,8.90694,48.0113
38714,3315,3634,3872,3777,3519,3942,5311,4572,3765,4812,7954,6009,3592,4247,5384,4940,7.00426,10.323,8.59249,48.43
38715,3385,3509,3541,3311,3739,4125,4133,3927,4122,5954,6901,4565,4228,5623,6629,4717,14.4609,2.6391,8.73383,48.2727
38716,3380,3908,5933,12656,3433,3696,4701,5903,3314,3549,3686,3970,3235,3293,3358,3348,-33.7758,29.4235,8.93394,47.5753
38717,3582,4847,9152,8652,3591,4078,5393,5477,3294,3508,3925,3785,3193,3218,3368,3402,-25.5687,14.1735,8.67448,48.31
38718,3420,3313,3246,3068,4066,3737,3474,3199,7032,4991,3701,3380,12029,6054,3991,3367,22.739,-27.3971,8.99328,48.0453
38719,3865,3677,3348,3183,5889,4551,3655,3246,9804,5368,3669,3369,6402,4902,3724,3296,7.96415,-33.6358,8.79022,47.9653
38720,3326,3944,6134,10701,3488,3736,5157,7403,3303,3483,3877,4148,3012,3362,3354,3481,-20.0912,25.2764,8.76,47.9393
38721,5522,4717,3776,3317,8537,5987,3974,3335,6241,4939,3857,3370,4182,3960,3514,3271,-5.35773,-20.5424,8.58909,48.3327
38722,3282,3377,3287,3021,3806,3830,3660,3265,5251,5206,4151,3631,8088,9437,5020,3753,29.2065,-12.9434,8.64107,48.0433
38723,3086,3314,3374,3347,3342,3587,3833,3890,3574,4188,5338,5152,3730,5035,9489,7725,28.2927,11.845,8.70479,48.0027
38724,8675,8996,4568,3518,5293,5157,4110,3484,3847,3924,3626,3325,3406,3460,3346,3168,-31.999,-14.8431,8.54022,47.9353
38725,3044,3294,3340,3350,3358,3561,3897,3964,3562,4248,5467,5647,3665,4843,8744,8454,23.8727,14.1277,8.6502,48.292
38726,3441,3469,3334,3172,3942,3797,3400,3130,6033,4741,3754,3380,12375,6359,3943,3415,33.1522,-24.9898,8.80305,47.79
38727,3309,3404,3419,3160,3553,3736,3708,3449,4679,5153,4446,3866,5991,10106,6148,4092,30.2148,-6.78438,8.94603,48.146
38728,3827,3543,3336,3020,4975,4211,3615,3179,9131,5645,4008,3455,7913,5357,3831,3340,12.8337,-22.9559,8.99859,48.2573
38729,3607,4776,8966,8644,3407,4176,5194,5387,3299,3561,3837,3918,3132,3313,3370,3372,-30.897,14.3219,8.62131,47.9727
38730,3125,3185,3364,3380,3118,3391,3815,4084,3424,3746,4775,6778,3435,3985,5984,12191,23.5271,30.7873,8.95057,47.8533
38731,3166,3398,3640,3730,3338,3766,4497,5066,3577,4067,6664,8186,3401,4002,5514,6480,10.2222,18.4975,8.65177,48.328
38732,3464,3567,3627,3499,4013,4635,4159,3489,4974,7956,5641,4032,4630,5782,4786,3931,10.6783,-4.88354,8.53702,48.1233
38733,3406,3479,3346,3195,3880,4134,3726,3489,5156,6713,4707,3722,5815,8163,5302,3825,17.9807,-8.256,8.84751,48.0387
38734,3616,3527,3322,3133,4525,3939,3511,3208,8883,5083,3944,3369,9343,5368,3913,3387,15.7581,-28.8769,8.93508,48.0473
38735,3452,3323,3247,3222,3865,3697,3436,3263,6100,4659,3818,3536,12612,5958,3978,3314,30.2739,-31.6039,8.55159,47.6533
38736,11364,6271,3885,3380,7116,5138,3836,3344,4063,3867,3559,3269,3542,3370,3227,3077,-21.4269,-26.0788,8.82583,48.2053
38737,5931,9737,6339,4056,4673,5397,4464,3771,3658,3842,3612,3404,3202,3370,3297,3249,-25.613,-6.35031,8.84908,48.0013
38738,6335,9961,5876,3867,4825,5114,4488,3714,3747,3765,3689,3422,3312,3326,3288,3209,-33.0952,-7.94884,8.82739,47.9587
38739,3526,3652,3317,3248,4491,4673,3842,3400,6342,7795,4591,3614,5640,6233,4511,3743,12.0932,-11.7303,8.67815,48.412
38740,3178,3391,3364,3310,3497,3777,3837,3594,3880,4910,5412,4440,4438,7074,8764,5308,24.3514,3.12965,8.51129,48.116
38741,3259,3318,3269,3206,3661,3816,3758,3381,4654,5363,4555,3598,6309,9792,6180,4101,27.8964,-7.13257,8.54978,48.1467
38742,12009,6933,3968,3424,6047,4830,3901,3311,3913,3785,3459,3209,3408,3432,3246,3041,-28.7466,-23.4401,8.67315,47.944
38743,3296,3402,3515,3362,3583,4106,4152,3785,4274,6154,6867,4513,4293,5931,6502,4580,14.2992,1.65951,8.80906,48.21
38744,3416,3883,5864,12374,3311,3656,4789,6381,3266,3556,3661,3931,3127,3210,3421,3291,-26.1416,30.7462,8.88446,47.4247
38745,4746,7217,7090,4575,4272,5967,5669,4190,3664,3864,3951,3675,3330,3396,3405,3219,-18.8592,-0.426089,8.61088,48.1533
38746,3378,4099,6847,11573,3372,3873,5014,6271,3165,3545,3848,3984,3120,3229,3327,3377,-25.0085,22.1384,8.7925,48.0147
38747,3456,3999,6028,10643,3350,3886,5142,7454,3176,3503,3781,4264,3185,3246,3538,3380,-19.7897,26.0986,8.88367,48.0207
38748,3384,3986,5844,11043,3406,3824,5011,7601,3212,3478,3828,4284,3107,3287,3489,3532,-19.9527,31.1078,8.61185,48.2107
38749,3583,4184,5273,4577,3778,5256,7915,5358,3657,4251,5435,4411,3386,3586,3959,3734,-6.57987,7.31418,8.62316,48.2287
38750,3434,4163,7841,10925,3465,3858,5012,5654,3328,3443,3732,3954,3109,3171,3454,3443,-31.8678,19.1092,8.81415,47.9907
38751,3954,3933,3529,3138,5163,5463,3879,3439,6634,7477,4227,3562,5053,4964,3970,3491,5.39405,-13.5115,8.84475,47.9173
38752,11636,6092,3908,3394,6911,4969,3865,3432,4022,3841,3538,3174,3379,3505,3257,3039,-22.0995,-27.4952,8.5524,47.9747
38753,6504,4830,3740,3308,9818,5186,3801,3339,5687,4329,3626,3335,3901,3693,3466,3322,-8.36116,-33.0142,8.63905,47.9233
38754,3349,3787,3738,3507,3906,4606,5010,3952,4263,6640,6914,4387,4037,4746,5031,4162,7.0704,0.685371,8.60815,48.0233
38755,8858,5340,3899,3400,8995,5250,3656,3509,4610,4211,3594,3162,3619,3598,3200,3163,-14.6642,-32.8768,8.65899,48.0427
38756,4251,3906,3610,3148,7000,4831,3656,3268,9104,5397,3774,3327,5505,4544,3604,3330,3.88546,-23.9232,8.8431,48.17
38757,3387,3333,3124,3157,3935,3775,3396,3320,6203,4675,3830,3435,12619,6130,3985,3388,26.8025,-27.3061,8.98516,47.7947
38758,5390,9358,7082,4249,4366,5151,4647,3850,3634,3814,3683,3462,3386,3414,3335,3226,-32.8763,-3.42666,8.78439,48.0313
38759,5032,5198,4075,3406,6553,7857,4508,3566,5032,5347,3859,3539,3876,3779,3565,3173,-6.39979,-12.7804,8.93257,48.2433
38760,3634,4902,9505,8054,3512,4095,5216,5238,3324,3556,3892,3898,3116,3301,3429,3367,-30.583,13.2019,8.68974,48.026
38761,3405,3450,3270,3159,4089,4004,3662,3328,6154,5901,4153,3540,7952,8058,4577,3680,20.2068,-14.8467,8.61387,48.2547
38762,5341,7477,5160,3830,5063,7336,5009,3930,3917,4192,3897,3500,3498,3560,3398,3155,-15.5484,-6.95906,8.87598,48.1753
38763,3493,3823,4846,5176,3467,4246,6936,7458,3287,3763,5297,5650,3312,3499,3820,4057,-5.2592,16.3604,8.55115,48.0867
38764,4509,4067,3588,3257,7843,4952,3781,3264,8826,5230,3791,3343,4908,4257,3632,3187,1.71933,-25.7144,8.97936,48.29
38765,3315,3551,3632,3357,3667,4166,4179,3771,4371,6582,6609,4300,4338,6015,5879,4324,13.3408,0.0309498,8.65216,48.0373
38766,3300,3673,4620,6166,3300,3890,5406,10011,3305,3659,4498,6064,3045,3352,3784,4039,-7.17786,27.3209,8.84483,48.0747
38767,3364,3532,3420,3377,3748,4156,4206,3643,4361,6292,6326,4257,4456,6340,6415,4438,14.7998,0.207294,8.96656,48.2207
38768,5238,4727,3704,3335,8194,6535,4106,3446,5875,5145,3714,3377,4071,4083,3445,3192,-5.01411,-18.4516,8.91568,48.1247
38769,4954,7880,6771,4458,4418,5893,5402,4053,3716,3959,3773,3513,3384,3445,3400,3285,-19.5756,-1.89637,8.8162,48.2027
38770,3442,3868,6109,12928,3358,3664,4704,6065,3219,3502,3754,3884,3192,3188,3303,3375,-30.1147,28.9613,8.99545,47.7033
38771,3115,3315,3432,3514,3182,3488,4029,4295,3337,3837,5275,7782,3361,3975,6065,10026,18.5158,23.3988,8.83976,48.0187
38772,6102,5854,4130,3519,7261,7096,4329,3482,4663,4480,3677,3436,3768,3579,3370,3126,-11.3153,-15.8497,8.62733,47.9147
38773,3310,3343,3954,4182,3390,3804,5460,6183,3415,4070,6578,7573,3369,3860,4570,4873,3.49654,17.581,8.97136,47.956
38774,9547,6713,4155,3438,7121,5634,3948,3558,4226,4079,3505,3265,3411,3506,3260,3075,-19.1908,-19.9674,8.55203,48.294
38775,10444,7951,4334,3546,5803,4900,3905,3393,3957,3762,3434,3168,3411,3259,3249,3155,-29.4549,-18.4985,8.9081,47.7807
38776,3414,4019,6415,12173,3358,3846,4870,6095,3350,3470,3853,3965,3071,3188,3435,3505,-28.0093,25.4108,8.63371,48.018
38777,3468,3821,5240,8743,3281,3794,5218,8985,3208,3578,4061,4730,3186,3179,3492,3646,-14.641,33.1361,8.87368,47.7533
38778,3833,4183,3881,3599,4552,6505,4998,3872,4719,6873,5226,3952,4030,4270,4094,3707,0.858178,-4.83987,8.75617,48.196
38779,3330,3800,5121,6547,3370,3879,5796,9411,3175,3588,4598,5436,3118,3388,3776,3924,-9.13082,23.0469,8.57325,48.1713
38780,3480,4353,7532,10586,3440,3893,5078,5971,3235,3467,3947,3955,3117,3170,3186,3429,-25.6245,19.8554,8.62363,47.8927
38781,9640,6571,4166,3498,7062,5313,3961,3390,4118,3901,3544,3245,3589,3353,3195,3145,-19.663,-20.7623,8.51721,47.794
38782,3598,3652,3303,3050,4219,4278,3568,3364,6777,6973,4383,3505,6728,6708,4389,3679,14.5764,-14.9884,8.72715,48.116
38783,3635,3989,4726,4420,3746,5099,7541,5345,3685,4466,5841,4699,3364,3746,4102,3926,-3.96179,8.16294,8.50886,48.22
38784,6734,9757,5582,3712,4832,5320,4395,3664,3826,3894,3556,3282,3369,3457,3360,3135,-33.0712,-9.1585,8.54686,47.9167
38785,3271,3401,3335,3151,3724,3672,3571,3373,4642,5175,4397,3729,6134,9988,6167,4010,31.5343,-6.93043,8.98577,47.8267
38786,4694,6454,5678,4129,4576,7065,5784,4173,3875,4349,4077,3564,3428,3540,3495,3308,-13.8955,-3.00253,8.52979,48.126
38787,3466,4055,6893,11607,3409,3808,5059,6161,3111,3323,3788,4035,3171,3302,3317,3375,-23.9682,22.2203,8.94948,47.92
38788,3323,4039,5663,6875,3478,4106,6524,8184,3344,3811,4439,4830,3197,3249,3689,3682,-11.7354,18.5759,8.99823,48.2887
38789,3601,3862,4190,3783,3913,5430,6065,4365,4057,5615,6830,4306,3702,4215,4421,3969,1.4367,2.65191,8.94062,48.216
38790,8292,9303,4888,3594,5224,5260,4186,3514,3798,3775,3611,3377,3447,3368,3246,3194,-30.1836,-13.0632,8.66448,48.0513
38791,12699,5836,3937,3338,5902,4702,3744,3341,3831,3745,3459,3151,3410,3457,3257,3132,-32.9874,-30.5864,8.83567,47.294
38792,3423,3519,3446,3214,3897,4221,4088,3701,4480,7088,5849,4140,4688,6602,5743,4082,14.1702,-2.95698,8.84202,48.1207
38793,3150,3429,3694,3860,3351,3675,4562,5815,3350,3711,5201,9793,3273,3650,4801,6377,7.99724,33.7998,8.61016,47.7947
38794,4001,6126,10061,6156,3757,4454,5322,4509,3408,3543,3825,3878,3135,3364,3431,3341,-28.6743,6.89791,8.91819,48.2073
38795,3176,3216,3316,3289,3375,3593,3819,3690,3728,4309,5216,4896,3781,5396,10056,7109,29.9895,9.92642,8.93763,47.9767
38796,3433,3393,3110,3099,3983,3809,3429,3257,6131,4761,3808,3268,12605,6266,3918,3284,30.1226,-26.2912,8.90233,47.7027
38797,3214,3328,3428,3268,3541,3797,3845,3568,4096,5031,5391,4386,4590,7499,8337,4906,23.8776,1.58593,8.57541,48.15
38798,4688,7988,8469,4864,4142,4907,5058,4276,3577,3792,3713,3558,3263,3330,3346,3230,-30.6385,0.580766,8.60345,48.134
38799,10521,8303,4455,3496,5550,4937,3993,3439,3862,3867,3490,3238,3359,3370,3207,3070,-30.536,-17.6495,8.75475,48.1047
38800,3321,3725,4863,6861,3418,3792,5070,9935,3310,3617,4473,5511,3157,3409,3679,3866,-9.25282,29.6568,8.88315,48.0047
38801,4345,4026,3496,3237,7116,4833,3720,3428,8900,5325,3798,3380,5272,4354,3551,3216,2.83426,-25.6125,8.58149,47.998
38802,3399,3426,3209,3268,3940,3805,3622,3279,4965,5698,4442,3710,6802,9453,5376,3839,23.3985,-9.81342,8.97593,48.1553
38803,3599,3439,3295,3123,4261,4175,3686,3314,6643,6317,4171,3542,7623,7245,4420,3564,16.9723,-15.9051,8.92791,48.278
38804,3254,3580,4263,4687,3493,3970,5765,6890,3389,3957,6019,7191,3286,3669,4249,4614,0.482713,18.1479,8.58694,48.184
38805,5941,9830,6568,4096,4679,5352,4483,3835,3643,3888,3634,3514,3242,3297,3286,3127,-26.4956,-5.90829,8.92651,48.2767
38806,3610,4303,7119,7576,3510,4278,6319,6594,3330,3665,4183,4226,3252,3387,3427,3395,-17.0295,15.7285,8.656,48.116
38807,3753,4418,4935,4262,3848,5613,7832,5006,3720,4553,5355,4201,3381,3815,3836,3675,-6.02665,4.94454,8.70669,48.1353
38808,3255,3386,3256,3077,3645,3885,3686,3349,4791,5291,4499,3794,6283,10026,6019,4006,27.9986,-7.23158,8.99595,48.1653
38809,3222,3274,3374,3418,3166,3377,3732,3931,3302,3662,4805,6011,3409,3832,6399,12156,31.7951,25.4266,8.5481,47.38
38810,10809,7821,4201,3389,5605,4852,3925,3420,3957,3823,3489,3297,3374,3392,3186,3134,-31.9881,-18.8653,8.95813,47.7827
38811,4435,5319,4580,3720,5084,8032,5744,3980,4215,5145,4254,3667,3687,3756,3519,3405,-7.79035,-5.50047,8.72224,48.3613
38812,3231,3615,4325,4974,3411,3812,4947,8373,3264,3768,4939,7910,3171,3590,4164,4719,-0.812278,26.9228,8.57767,48.142
38813,4196,6912,9236,5604,3897,4713,5127,4339,3493,3716,3694,3830,3244,3298,3318,3403,-30.3314,4.23625,8.6966,48.0133
38814,3605,4307,7122,7877,3577,4085,6217,6762,3417,3613,4246,4130,3087,3217,3551,3473,-17.6799,16.6463,8.54018,48.1907
38815,3267,3363,3381,3155,3764,3795,3718,3330,4807,5272,4385,3875,6427,9785,5908,3902,32.0188,-8.02946,8.50036,48.0893
38816,3053,3362,3271,3400,3329,3636,3941,4133,3583,4026,5517,6008,3546,4530,8057,8911,22.3917,16.2614,8.89158,48.202
38817,3889,4419,5077,4164,4050,5902,7620,4721,3748,4654,5375,4183,3500,3739,3983,3632,-6.3559,3.98233,8.57022,48.4373
38818,5780,4499,3702,3377,9707,5399,3783,3344,6577,4518,3674,3315,4173,3798,3371,3134,-5.54186,-25.8577,8.81174,48.1007
38819,12319,6021,3919,3454,5871,4650,3784,3369,3830,3748,3385,3312,3386,3336,3301,3137,-33.3438,-33.2295,8.91286,47.2147
38820,3398,3830,6080,12673,3481,3742,4821,5997,3143,3441,3769,3841,3195,3311,3450,3451,-31.0872,27.5091,8.92686,47.7487
38821,3953,5336,8117,5732,3779,4771,6810,5229,3415,3748,4215,3996,3170,3337,3512,3350,-17.9545,7.44393,8.5711,48.3133
38822,3488,4194,6017,7726,3465,4105,6132,7613,3352,3632,4329,4517,3137,3344,3562,3597,-14.6921,18.5726,8.62357,48.14
38823,4864,7976,7000,4430,4374,6013,5385,4029,3650,3952,3810,3547,3315,3435,3290,3272,-19.8691,-1.98756,8.81711,48.228
38824,3318,3817,5546,9694,3479,3701,5133,8428,3198,3621,3995,4365,3219,3256,3561,3468,-17.053,32.2747,8.85343,47.866
38825,3444,3521,3421,3250,3755,4372,4305,3610,4496,6917,6248,4055,4679,6332,5737,4227,13.2507,-2.08844,8.79429,48.246
38826,3285,3401,3514,3433,3575,4014,4251,3778,4099,5812,7013,4624,4171,5860,6909,4733,14.9228,3.0799,8.81636,48.3147
38827,12765,5922,3856,3422,6259,4703,3761,3303,3886,3749,3370,3223,3383,3330,3247,3163,-27.4119,-30.8309,8.86554,47.5613
38828,3578,3566,3337,3162,4172,4030,3583,3219,6723,6035,4074,3473,8184,7285,4356,3537,18.2072,-17.0476,8.65934,48.2093
38829,3402,3926,5834,11933,3386,3812,4887,6984,3227,3471,3822,4076,3102,3253,3382,3382,-22.652,29.6997,8.61757,47.9193
38830,3662,4923,9697,8080,3500,4094,5373,5130,3302,3560,3864,3810,3071,3149,3329,3301,-27.8697,12.9021,8.93192,47.8967
38831,3431,3900,5528,9636,3452,3845,5087,8315,3232,3554,3987,4439,3202,3360,3432,3507,-16.5469,32.7127,8.74828,47.938
38832,3793,4330,4537,4042,4025,5925,7027,4567,3805,5252,5763,4307,3553,3939,3938,3797,-2.81697,2.64078,8.70989,48.4
38833,3263,3355,3305,3242,3695,3916,3556,3427,4725,5739,4707,3868,5859,9271,6180,3950,23.5176,-6.3718,8.52378,48.0387
38834,3409,3374,3214,3145,3804,3694,3337,3327,6335,4796,3784,3494,12322,6019,4077,3436,26.4666,-33.1689,8.50609,47.7113
38835,3024,3345,3426,3430,3251,3491,3930,4117,3399,3784,5128,7259,3463,3936,6066,10856,20.8285,25.2743,8.59941,47.9367
38836,3538,4278,6792,7279,3544,4160,6563,6910,3276,3653,4244,4458,3148,3238,3577,3467,-15.4475,16.0983,8.697,48.0833
38837,8808,6108,4007,3418,7787,5599,4003,3358,4471,4034,3554,3361,3591,3590,3266,3066,-16.6722,-21.4236,8.70659,48.014
38838,9325,5392,3896,3342,8578,5259,3845,3350,4616,4099,3526,3226,3367,3554,3255,3086,-16.114,-31.8613,8.6036,47.8107
38839,3583,3858,4264,3902,3681,4789,6785,5024,3772,4859,6863,5004,3464,3801,4390,4056,0.311111,7.78408,8.66204,48.0633
38840,3652,3658,3399,3193,4875,4401,3661,3300,8416,6343,4151,3484,7120,5462,3976,3361,12.0273,-19.7457,8.72998,48.3013
38841,3387,3538,4648,5259,3387,3843,5676,8691,3345,3645,4937,7082,3221,3555,3895,4300,-3.10295,22.8119,8.77711,48.2727
38842,5738,7358,4855,3745,5642,7198,4704,3725,4170,4254,3767,3487,3389,3552,3399,3175,-15.091,-9.89848,8.82615,48.1053
38843,3291,3395,3318,3259,3624,3790,3709,3478,4324,5081,4754,3936,5381,9114,7167,4297,32.1453,-3.47684,8.55308,47.9453
38844,7127,5045,3798,3322,9584,5548,3828,3363,5319,4322,3676,3289,3778,3726,3352,3139,-10.5855,-24.8342,8.94986,48.144
38845,3541,3497,3170,3013,4208,3992,3508,3217,6989,5476,3891,3445,9662,6937,4099,3528,19.9812,-20.0317,8.93437,48.1153
38846,3182,3334,3463,3305,3331,3574,3655,3809,3667,4329,5348,4965,3769,5364,9763,7170,30.4038,10.296,8.50257,48.0187
38847,6686,9815,5739,3944,4790,5395,4354,3705,3744,3663,3606,3393,3298,3278,3364,3253,-27.4215,-8.34147,8.54143,48.018
38848,3114,3189,3420,3377,3257,3579,3798,3935,3342,3821,5125,5825,3406,4058,7424,11130,32.6438,20.1861,8.85966,47.8667
38849,3071,3228,3473,3443,3128,3453,3920,4288,3439,3781,5172,7985,3232,3875,5577,10556,18.6678,29.0787,8.90089,47.7473
38850,3523,4499,8271,9252,3429,3966,5248,5856,3371,3505,3889,4009,3051,3149,3413,3421,-23.8724,16.505,8.61871,47.9013
38851,3173,3291,3257,3428,3283,3554,3798,3887,3506,4052,5068,5412,3510,4570,8664,9467,30.9519,16.2892,8.94626,47.9467
38852,3412,3434,3267,3181,3672,3753,3673,3449,4818,5291,4526,3754,6305,9912,5756,3956,32.8303,-8.01988,8.82511,48.106
38853,4510,5245,4510,3769,5224,7878,5493,3913,4348,5221,4409,3625,3819,3861,3617,3390,-7.29751,-6.14171,8.59603,48.5547
38854,3060,3278,3486,3360,3260,3394,3959,4039,3368,3817,4861,6875,3358,3798,6553,11754,23.1625,24.9959,8.972,48.1467
38855,3310,3471,3389,3054,3841,3820,3590,3350,5161,5457,4196,3584,7732,9357,4938,3755,25.4607,-12.017,8.96374,48.0033
38856,3192,3351,3572,3452,3192,3556,4101,4627,3419,3965,5593,8309,3382,4017,5870,8596,15.5786,22.3865,8.62943,48.1293
38857,3304,3434,3206,3090,3786,3894,3670,3341,5404,5637,4216,3659,7842,9041,4963,3622,23.0406,-12.7613,8.71663,48.0727
38858,3406,3424,3271,3113,3777,3791,3681,3351,5001,5715,4261,3671,7105,9454,5472,3813,24.6337,-10.1978,8.61194,48.204
38859,4888,4237,3639,3148,8303,5314,3608,3262,7795,5142,3695,3343,4661,4150,3442,3258,-0.762861,-23.5014,8.85098,47.9233
38860,3291,3290,3352,3218,3564,3742,3816,3612,4222,4899,5050,4249,4712,7975,8295,4850,30.8054,0.59573,8.51868,48.0913
38861,3092,3256,3437,3321,3201,3450,3838,4058,3390,3863,5218,6431,3372,4233,7134,10702,22.9342,20.8653,8.95831,47.9973
38862,8796,7732,4285,3534,6366,5762,4081,3589,4016,4045,3583,3170,3384,3436,3222,3124,-20.2352,-16.7538,8.95733,48.0833
38863,7475,6419,4199,3493,7531,6370,4143,3378,4502,4246,3656,3249,3577,3574,3297,3118,-14.8264,-17.7619,8.70823,48.1513
38864,5198,4450,3485,3175,8824,5466,3859,3431,7136,4862,3757,3362,4432,4029,3497,3210,-2.66547,-23.0405,8.80255,48.1153
38865,3240,3303,3492,3601,3244,3589,4181,4967,3339,3884,5160,9669,3293,3866,5123,8125,12.8848,30.1206,8.92961,48.0507
38866,3211,3295,3321,3252,3511,3728,3669,3487,4273,5052,4850,4111,5133,8842,7739,4390,30.0589,-1.92054,8.8276,47.9093
38867,3348,3350,3281,3206,3928,3812,3419,3073,6090,4664,3778,3361,12711,5989,3971,3361,28.6151,-30.549,8.84821,47.5613
38868,3362,3375,3259,3137,4036,3735,3419,3205,5964,4845,3781,3314,12810,6134,3903,3411,31.4203,-27.0902,8.81006,47.7933
38869,5029,4602,3720,3325,8189,6241,4020,3387,6375,5267,3782,3361,4279,4063,3531,3303,-3.45084,-19.2895,8.9047,48.316
38870,3402,3352,3211,3050,3836,3754,3452,3313,6169,4776,3849,3354,12761,6185,3836,3506,27.6361,-30.4853,8.73024,47.8707
38871,3712,3590,3254,3097,5298,4204,3597,3279,9679,5323,3861,3454,7682,5101,3809,3374,11.4475,-25.7298,8.75918,48.2093
38872,3289,3669,4931,6513,3270,3862,5782,9570,3299,3651,4480,5788,3250,3368,3752,4016,-8.26308,24.3946,8.6216,48.3267
38873,3363,3859,5902,12648,3332,3793,4805,5931,3168,3394,3759,3805,3116,3228,3323,3426,-33.0209,29.6914,8.96309,47.2347
38874,3133,3295,3355,3465,3408,3722,4039,3979,3730,4523,6487,5345,3757,5148,8537,6404,19.1116,9.76302,8.88886,48.218
38875,3165,3337,3349,3402,3569,3706,3872,3606,4035,4767,5341,4431,4417,6861,9372,5537,26.574,4.00201,8.69814,48.5113
38876,6915,9044,5217,3790,5221,6221,4392,3594,3832,3792,3595,3315,3353,3479,3297,3134,-20.804,-10.7122,8.99459,48.1273
38877,3389,3420,3176,3039,3977,3735,3549,3238,5824,5031,3929,3413,11132,7502,4238,3490,29.0581,-20.1786,8.79879,48.0547
38878,3293,3581,4071,3905,3617,4444,5898,4751,3779,4919,8086,5570,3429,3971,4800,4460,3.86494,8.79368,8.9693,48.3827
38879,3098,3314,3327,3253,3394,3615,3918,3810,3735,4530,5925,4931,4009,5713,9297,6287,22.1562,8.52354,8.65094,48.104
38880,3171,3252,3424,3372,3223,3505,3800,4142,3402,3786,4962,7010,3492,3793,5797,11689,22.4674,31.3153,8.66533,47.88
38881,3375,3743,5107,7538,3325,3926,5185,9643,3344,3651,4217,5181,3157,3418,3561,3604,-11.6846,32.0764,8.51592,47.9833
38882,4562,4088,3506,3248,7561,5324,3790,3457,8154,5559,3871,3335,4968,4188,3658,3379,1.11764,-22.2381,8.79113,48.432
38883,3382,3867,5140,7968,3248,3876,5363,9497,3365,3490,4270,4908,3087,3295,3609,3638,-12.6322,26.3316,8.50243,48.002
38884,3841,4486,4752,4057,4141,6330,6874,4485,4027,4963,5350,4050,3567,3812,3939,3573,-4.71537,1.54621,8.69798,48.1647
38885,8374,6186,4027,3493,7751,5783,3946,3409,4410,4144,3590,3354,3632,3606,3315,3143,-15.9453,-20.1086,8.50674,48.1087
38886,6019,4695,3734,3282,9886,5241,3842,3361,6317,4536,3605,3279,4092,3834,3466,3169,-6.49736,-27.532,8.58448,48.2387
38887,3500,4137,5755,6314,3478,4135,7082,7446,3258,3726,4553,4922,3191,3420,3667,3698,-11.1354,15.8846,8.85622,48.188
38888,5018,4685,3720,3378,7745,6454,3966,3437,6329,5564,3933,3283,4348,3976,3612,3148,-3.27397,-17.802,8.84589,48.3973
38889,3483,3474,3331,3072,3866,4053,3686,3456,5048,6820,4780,3734,5853,8060,5340,3797,17.5609,-8.28378,8.8342,47.902
38890,3363,3362,3256,3216,3800,3878,3596,3293,4832,5247,4286,3718,6933,9819,5646,3884,28.0519,-9.27115,8.56038,48.086
38891,3210,3383,3449,3504,3416,3781,4585,4286,3741,4752,7578,5778,3774,4679,6830,5613,13.5672,10.1616,8.51616,48.2393
38892,3262,3372,3325,3289,3534,3775,3687,3562,4149,5006,4878,4155,4921,8397,8077,4684,31.6478,-0.442799,8.81739,48.0487
38893,3134,3234,3517,3656,3334,3442,4139,4741,3410,3731,5105,8877,3416,3816,5392,9115,15.2328,30.0299,8.67298,48.0393
38894,6041,9256,5893,4040,4808,6003,4629,3693,3655,3892,3633,3384,3298,3403,3368,3087,-22.3499,-7.40799,8.93658,48.0553
38895,3346,3858,5310,8851,3431,3826,5249,9203,3205,3526,4109,4670,3071,3163,3498,3561,-14.1227,31.6408,8.99778,47.918
38896,5736,9623,6235,4139,4699,5226,4628,3836,3676,3772,3788,3379,3252,3337,3307,3253,-33.7833,-5.87527,8.66599,47.924
38897,3532,3514,3326,3221,4102,4266,3832,3366,5608,7476,4668,3662,5706,7353,4815,3835,15.3047,-9.48755,8.57013,48.188
38898,3286,4075,6906,10466,3397,3899,5308,6750,3339,3543,3870,4143,3085,3284,3338,3472,-21.2881,21.184,8.76386,48.1073
38899,3100,3242,3447,3436,3259,3590,3754,3700,3596,4364,5245,4907,3786,5551,10019,6856,28.3221,9.86575,8.65461,47.9013
38900,5368,4614,3641,3323,9017,5911,3920,3360,6416,4927,3594,3186,4073,3857,3486,3098,-4.63895,-21.5306,8.9664,47.8607
38901,10498,7791,4317,3382,5761,5099,3869,3518,3876,3837,3430,3257,3414,3475,3155,3134,-28.6209,-19.1435,8.7783,47.8753
38902,3261,3609,3994,4192,3377,3915,5340,6131,3390,3983,6265,7553,3258,3695,4812,5055,3.45252,17.8541,8.53564,47.8867
38903,3417,4028,5698,10266,3339,3826,5079,8000,3239,3570,4000,4285,3027,3342,3511,3476,-18.3223,27.3779,8.50655,48.0687
38904,11944,6558,4058,3360,6051,4792,3693,3340,3997,3863,3464,3222,3452,3306,3308,3044,-32.6786,-23.6326,8.67728,47.6347
38905,4999,6266,4872,3860,5148,7736,5389,3894,4014,4513,4067,3658,3517,3616,3532,3255,-12.0833,-5.93345,8.63085,48.224
38906,3229,3400,3432,3280,3531,3679,3772,3598,3915,4714,4918,4138,4466,7645,8924,5216,31.0963,2.23579,8.66068,47.9047
38907,3463,3454,3297,3039,4100,4000,3640,3234,5991,5461,4020,3470,9115,7859,4400,3514,21.8994,-17.0639,8.53369,48.038
38908,3914,5799,9759,6152,3843,4528,5242,4774,3418,3719,3923,3727,3183,3346,3431,3319,-33.8322,7.78203,8.59669,48.0513
38909,11571,7079,3976,3289,6008,5033,3818,3337,3872,3822,3341,3299,3443,3504,3346,3198,-31.8634,-21.6633,8.65453,47.9573
38910,3027,3322,3508,3673,3402,3662,4387,4903,3451,4018,6270,8512,3299,3952,5650,7355,12.4829,20.3708,8.87254,48.2607
38911,10232,7984,4290,3391,5663,5125,3874,3442,3976,3806,3545,3264,3430,3444,3260,3183,-30.7465,-18.2001,8.57692,47.9393
38912,5818,4826,3780,3409,9181,5997,4009,3324,5867,4669,3705,3278,3937,3792,3424,3158,-6.93087,-21.8377,8.72748,48.116
38913,3305,3823,5987,11981,3242,3826,4890,6787,3316,3454,3772,4019,3250,3161,3499,3451,-23.9419,27.9149,8.79771,47.842
38914,3113,3189,3420,3423,3214,3408,3836,4093,3410,3855,4898,6720,3420,4014,6381,11637,23.2139,24.6485,8.77541,48.0207
38915,3021,3264,3459,3447,3214,3549,4088,4380,3468,3875,5656,7315,3437,4139,6553,9316,18.095,20.5374,8.86407,48.1207
38916,3243,3486,4153,4749,3273,3783,5117,8240,3470,3786,4988,8099,3230,3594,4201,4704,0.065966,33.6336,8.60824,48.0773
38917,6188,10155,6192,3987,4754,5214,4400,3708,3715,3802,3657,3447,3227,3377,3319,3214,-28.7697,-7.27058,8.86333,48.2373
38918,8885,9262,4761,3537,5404,5156,4152,3554,3867,3761,3462,3229,3323,3302,3228,3135,-28.462,-14.7368,8.70093,48.012
38919,3294,3240,3368,3046,3710,3944,3686,3435,4570,5776,4760,3956,5756,9404,6377,4067,22.8547,-5.81286,8.99964,48.2593
38920,3775,4611,6100,5090,3871,4908,7926,5491,3542,4019,4732,4210,3233,3529,3627,3688,-10.8601,8.62763,8.64792,48.2347
38921,4052,4544,4043,3580,5031,7494,5132,3821,4645,6216,4770,3721,3848,4207,3896,3519,-2.77554,-6.18514,8.57101,48.346
38922,3843,4259,3856,3514,4703,6440,4718,3711,4997,7416,5117,3731,4171,4510,3971,3618,1.88946,-6.65897,8.84304,48.3833
38923,3684,4807,7831,6671,3595,4423,6840,5835,3354,3694,4176,4111,3115,3302,3429,3466,-17.1833,12.1197,8.94425,48.222
38924,4428,4104,3458,3192,7107,4823,3727,3284,8831,5361,3819,3328,5411,4365,3615,3253,3.28111,-24.7749,8.63985,48.0707
38925,3155,3388,3324,3313,3295,3560,3846,3801,3587,4378,5232,4805,3919,5453,10123,6712,32.1029,9.38224,8.85632,47.9273
38926,3248,3442,3781,3853,3372,3895,5029,4869,3676,4364,7592,7102,3476,4042,5245,5276,7.71137,14.3413,8.65929,48.1747
38927,3705,3651,3432,3196,4341,4656,3756,3380,6298,7922,4556,3617,5760,6206,4339,3541,11.4203,-12.4768,8.91544,48.2373
38928,3421,3335,3339,3125,3934,3947,3425,3183,5982,4927,3721,3407,12360,6712,3872,3389,31.6987,-24.0286,8.98754,48.0527
38929,12662,6272,3942,3417,6078,4732,3658,3416,3958,3810,3426,3192,3416,3291,3142,3101,-29.3335,-28.0553,8.61338,47.6753
38930,3102,3179,3377,3362,3396,3464,3975,4159,3336,3886,4952,7440,3410,3975,5830,11248,20.5226,32.7075,8.67932,48.0607
38931,5953,9581,6506,4152,4684,5267,4550,3723,3678,3831,3753,3488,3305,3346,3357,3201,-27.8959,-5.86116,8.52496,48.25
38932,3670,4205,5217,4758,3607,4835,7960,5707,3528,4164,5500,4752,3328,3583,3919,3826,-6.07965,9.99282,8.5565,48.3727
38933,3266,3786,4855,6988,3430,3774,5062,10103,3284,3576,4231,5391,3239,3368,3639,3871,-9.89538,32.472,8.86853,47.9087
38934,9108,8757,4688,3657,5484,5368,4030,3457,3812,3902,3611,3295,3351,3333,3251,3131,-26.0419,-15.4245,8.78492,48.1567
38935,3265,3323,3305,3281,3729,3692,3831,3441,4433,5125,4661,3806,5524,9602,7061,4179,31.2332,-4.21138,8.83195,48.172
38936,3777,3662,3299,2990,5147,4391,3569,3316,9342,5681,3819,3460,7171,5267,3869,3329,11.0707,-23.0708,8.91477,48.0593
38937,3440,4168,6946,10728,3402,3930,5132,6492,3168,3520,3867,3978,3065,3262,3415,3319,-22.5747,21.3387,8.95103,47.888
38938,5492,4351,3603,3410,9379,5149,3737,3353,7200,4685,3742,3308,4263,3892,3373,3181,-3.5835,-31.0137,8.79432,48.0787
38939,3399,3818,4702,4934,3480,4135,6838,7131,3444,3915,5465,5950,3242,3490,4072,4156,-3.39284,15.9895,8.90645,48.114
38940,3510,3650,3467,3402,4027,4644,4227,3646,4786,7680,5900,3998,4565,5929,5195,3919,10.7708,-3.56933,8.82334,48.3633
38941,3201,3259,3486,3377,3188,3426,3758,3968,3346,3775,4815,6175,3367,3953,6109,12619,28.0535,28.9942,8.52691,47.8813
38942,3366,3399,3363,3027,3885,3762,3432,3308,6119,4794,3792,3401,12421,5949,3879,3415,27.5207,-33.047,8.5587,47.5413
38943,3347,3867,5624,9286,3369,3838,5109,8802,3212,3529,3945,4548,3128,3207,3432,3579,-15.8,29.0468,8.81447,47.8813
38944,3287,3987,5974,11622,3478,3762,4851,6791,3311,3363,3802,4009,3048,3221,3488,3450,-22.9507,29.1978,8.50673,47.6293
38945,3425,3912,6102,12104,3361,3785,4777,6946,3156,3422,3894,3972,3076,3140,3309,3400,-23.3231,28.6388,8.93213,47.854
38946,3457,3413,3293,3072,3973,4009,3610,3209,5681,5947,4196,3589,7932,8349,4673,3635,20.9167,-13.9968,8.97439,48.0253
38947,4557,3998,3523,3231,7471,4879,3665,3190,8844,5184,3678,3330,5030,4400,3572,3271,2.26758,-26.9476,8.59998,47.882
38948,6409,4635,3675,3361,9896,5261,3753,3365,5965,4535,3648,3257,3892,3789,3364,3173,-7.43507,-31.1492,8.59866,47.9853
38949,3245,3477,3815,4078,3390,3808,5197,4979,3607,4236,7260,7111,3554,4050,5192,5226,7.0308,14.744,8.60614,48.15
38950,3134,3280,3570,3669,3270,3573,4008,4817,3432,3831,5307,9258,3304,3911,5187,8594,13.8811,30.9261,8.82098,48.0967
38951,3058,3269,3375,3377,3292,3492,3795,3960,3338,3776,4640,6101,3307,3906,6304,12647,32.5969,25.2523,8.99163,47.758
38952,3039,3334,3631,3640,3240,3650,4131,4459,3435,4137,6120,7440,3509,4115,6464,7918,15.8234,18.4037,8.65595,48.1747
38953,3486,3449,3270,3130,4285,3891,3452,3282,7345,5019,3830,3422,10859,6178,3996,3494,20.2654,-24.9273,8.55632,48.2587
38954,3346,3558,3955,3882,3561,4229,5786,4890,3616,4774,7891,5797,3596,4059,4804,4484,4.52438,9.82464,8.85567,48.152
38955,4723,7239,6561,4421,4343,6401,5847,4102,3650,3942,4033,3567,3391,3507,3419,3227,-17.276,-1.78149,8.92717,48.2487
38956,3955,4029,3702,3295,4857,6322,4519,3676,5384,7700,4910,3826,4357,4607,3886,3584,3.14612,-8.5741,8.73564,48.406
38957,3021,3246,3431,3380,3289,3421,3852,4115,3349,3862,4991,7200,3385,4008,5954,11212,20.8917,33.7316,8.82373,47.8107
38958,3078,3128,3345,3346,3180,3459,3854,3903,3344,3811,4919,6063,3346,4081,6556,12179,28.1137,23.46,8.98074,47.728
38959,3374,3391,3178,3189,3826,3862,3537,3267,5774,5101,4117,3524,10035,8205,4418,3382,27.1635,-17.6609,8.57031,48.12
38960,9805,7844,4408,3453,6100,5162,4059,3458,3971,3884,3618,3171,3438,3410,3292,3117,-24.9003,-18.2467,8.54724,48.1267
38961,3349,3586,4026,4009,3554,4268,5728,5002,3705,4635,7828,5872,3454,4012,4883,4469,4.14713,10.2417,8.81354,48.2533
38962,3465,3333,3317,3081,3940,4041,3706,3370,5505,6329,4540,3667,6653,8900,5024,3672,19.8042,-10.5495,8.987,48.362
38963,3661,4659,6311,5240,3761,4997,8099,5718,3477,3912,4616,4177,3240,3531,3556,3616,-11.7628,8.78815,8.63066,48.3807
38964,4060,3787,3494,3164,5505,5106,3715,3432,7724,7139,4250,3483,5321,4999,3911,3381,6.61142,-16.5073,8.92959,48.314
38965,3052,3166,3285,3374,3220,3577,3782,3944,3449,3958,5168,5546,3575,4575,8279,9973,28.7099,17.5259,8.77074,47.9487
38966,3216,3615,4432,5715,3288,3900,5439,9326,3225,3786,4683,6764,3216,3455,3990,4242,-4.57709,25.0488,8.65945,48.1947
38967,9923,7644,4342,3509,6156,5255,3995,3390,4035,3893,3584,3239,3417,3427,3207,3092,-23.7205,-18.754,8.71184,48.072
38968,4348,5869,6104,4365,4239,6402,6896,4494,3737,4225,4292,3765,3344,3606,3444,3372,-13.0865,0.706753,8.88625,48.3347
38969,3140,3214,3462,3506,3305,3599,3841,4088,3425,4096,5687,6200,3346,4445,7881,8820,21.4982,16.5772,8.76005,48.0367
38970,3308,3428,3292,3179,3604,3838,3702,3660,4331,5119,4826,4051,5210,8847,7414,4377,26.4296,-2.63007,8.5079,48.124
38971,6312,7794,4789,3813,5868,6586,4530,3635,4092,4167,3753,3310,3479,3443,3354,3205,-17.1089,-11.3449,8.71513,48.0867
38972,3372,3496,3413,3243,3867,4121,3860,3529,4915,6952,5201,3802,5313,7773,5665,4103,16.7914,-5.78012,8.69331,48.4167
38973,5453,9459,6991,4315,4419,5056,4713,3908,3719,3800,3774,3519,3307,3281,3368,3152,-30.4727,-3.69913,8.55838,48.156
38974,6416,4735,3755,3319,10060,5453,3711,3302,5752,4437,3651,3327,4000,3693,3381,3188,-8.25366,-26.5325,8.98776,48.12
38975,10298,7317,4341,3393,6117,5173,3924,3464,4129,3837,3421,3267,3483,3354,3254,3027,-23.9874,-19.7747,8.50041,47.866
38976,10168,5668,3793,3318,8046,5037,3968,3485,4283,3960,3545,3233,3438,3442,3228,3087,-18.0587,-30.4998,8.96534,47.7993
38977,5889,4521,3694,3370,9753,5272,3637,3301,6373,4484,3701,3307,4067,3869,3447,3168,-6.03283,-32.0574,8.89492,47.902
38978,3362,3301,3199,3271,3835,3812,3619,3352,5029,5254,4179,3588,8043,9529,4974,3732,27.4268,-12.6615,8.90139,48.0527
38979,3109,3216,3431,3517,3274,3563,4001,4247,3508,3958,5549,7191,3574,4121,6543,9581,19.0003,20.3134,8.87836,48.2553
38980,3360,3518,3178,3110,3904,3928,3413,3241,5966,5265,3830,3359,10128,7905,4313,3555,26.4568,-18.4841,8.5792,47.982
38981,3853,4529,4151,3746,4520,6886,5505,3926,4430,6095,5247,3891,3944,4247,3891,3525,-1.14252,-3.64828,8.72197,48.2573
38982,3336,3562,3703,3547,3559,4209,4967,4257,3868,5515,8086,5252,3823,4513,5622,4568,8.67004,6.36478,8.76898,48.258
38983,4644,5981,4850,3897,4956,8053,5526,3922,4107,4779,4178,3474,3482,3592,3461,3355,-10.8484,-5.73021,8.84566,48.1713
38984,4212,3835,3388,3250,6604,4525,3606,3402,9680,4999,3791,3381,5830,4497,3626,3284,5.15369,-31.4316,8.80183,47.94
38985,3271,3623,4050,4195,3550,4018,5930,5563,3530,4329,7262,6416,3479,3820,4619,4675,2.91692,13.1536,8.84764,48.22
38986,4363,4282,3858,3336,6107,6706,4167,3499,6101,6381,4255,3458,4376,4228,3684,3365,-0.413088,-13.9112,8.96907,48.1107
38987,5108,7439,5528,4048,4819,7024,5091,4033,3778,4202,3979,3552,3372,3560,3394,3248,-16.1094,-5.34524,8.76731,48.1167
38988,3359,3337,3419,3141,3648,3843,3805,3520,4450,5654,5050,4038,5133,8606,6808,4446,21.7859,-2.81722,8.67989,48.1713
38989,3611,3566,3402,3131,4731,4290,3723,3331,8153,6196,4027,3414,7229,5914,3886,3459,13.0636,-19.4917,8.60746,48.042
38990,9271,8510,4532,3523,5636,5202,4042,3465,3864,3928,3541,3333,3218,3376,3339,3109,-26.7319,-16.0525,8.52794,47.926
38991,3402,3706,3853,3654,3882,4610,5603,4388,3816,5544,7863,4988,3705,4241,5034,4223,5.00936,5.02891,8.94421,48.3413
38992,6394,7456,4757,3642,6046,6961,4420,3623,4194,4324,3735,3415,3505,3581,3265,3079,-16.0893,-11.9003,8.5634,48.2647
38993,4926,8596,7866,4641,4234,5147,5022,4080,3564,3765,3761,3579,3208,3278,3417,3226,-25.8249,-0.990145,8.92504,48.2067
38994,5159,8579,7254,4427,4420,5430,5150,3980,3619,3844,3916,3507,3250,3349,3315,3107,-23.1185,-2.56065,8.59535,48.204
38995,3318,3892,6097,12290,3364,3742,4854,6421,3219,3463,3801,4033,3181,3292,3395,3390,-25.6453,29.7833,8.50034,47.8347
38996,3630,4166,4456,4041,3756,5267,7039,4766,3829,4984,6315,4627,3505,3759,4209,3812,-1.46155,5.31096,8.73785,48.1073
38997,4739,7532,6928,4438,4391,5888,5481,4139,3682,3974,3915,3582,3336,3415,3396,3281,-19.4164,-1.11171,8.50317,48.078
38998,5227,8844,7339,4482,4357,5402,5053,3990,3555,3808,3749,3511,3306,3382,3404,3289,-24.5809,-2.73084,8.54141,48.4653
38999,3194,3369,3324,3363,3253,3538,3758,3812,3325,3841,5051,5893,3384,4161,7688,10956,29.6478,20.0176,8.9897,47.94
39000,3820,5243,9184,6733,3735,4435,6086,5037,3352,3738,3921,3916,3028,3258,3441,3365,-21.6644,9.65679,8.95546,48.1947
39001,4881,7781,6827,4303,4387,6172,5485,4143,3603,3978,3862,3530,3359,3351,3401,3220,-19.3956,-1.9258,8.86733,48.1887
39002,3116,3470,3781,3742,3343,3880,4867,5063,3527,4378,7443,7150,3521,3995,5387,5551,8.77066,15.1631,8.57459,48.1427
39003,3615,3551,3337,3200,4370,4634,3793,3470,5861,7947,4877,3704,5358,6413,4424,3790,11.5347,-9.83002,8.92106,48.2293
39004,3231,3584,4014,4391,3378,3665,4708,7223,3345,3727,5123,9294,3360,3589,4348,5316,3.22052,29.1524,8.60267,48.1973
39005,11311,6449,4044,3507,6643,5058,3843,3409,4196,3849,3508,3292,3270,3454,3228,3045,-22.9589,-23.9718,8.62941,48.0707
39006,3931,5180,6183,4660,4014,5902,7638,4882,3645,4111,4541,3910,3332,3516,3527,3447,-11.8853,4.10284,8.99365,48.2793
39007,3133,3290,3586,3652,3496,3695,4333,4348,3575,4402,7265,6664,3510,4416,6598,6263,13.2483,13.4015,8.81943,48.1507
39008,3173,3428,3535,3432,3356,3879,4328,3971,3855,4949,7677,5427,3789,4890,7128,5526,14.1911,8.41494,8.856,48.2287
39009,3211,3218,3300,3289,3428,3715,3894,3712,3959,4849,5544,4538,4205,6819,9141,5419,24.12,4.16542,8.62364,48.1607
39010,4392,5316,4470,3699,4917,7978,5643,3962,4264,5098,4477,3644,3655,3811,3552,3309,-7.72377,-4.88371,8.63041,48.1247
39011,11581,7005,4027,3297,5940,5060,3893,3393,3966,3783,3439,3227,3461,3402,3276,3071,-33.4754,-21.8149,8.86329,47.8807
39012,4018,3707,3419,3165,5598,4582,3724,3245,9007,5966,3994,3374,6275,4850,3805,3247,8.03775,-21.7308,8.5076,47.984
39013,3397,3424,3197,3064,4332,3915,3609,3166,7928,5342,3802,3381,10099,5824,4014,3432,18.0616,-25.4808,8.74985,47.9507
39014,3623,3830,3719,3520,4092,4974,4742,3900,4573,7284,6479,4124,4070,4989,4710,3921,6.85345,-1.6352,8.94791,48.3667
39015,3549,3557,3284,3231,4337,4278,3594,3383,7004,6811,4205,3606,7131,6718,4366,3643,15.1566,-15.6538,8.97096,48.4647
39016,3260,3444,3318,3172,3683,3875,3631,3427,4649,5134,4504,3768,5821,9803,6474,4064,30.568,-5.28243,8.7779,48.018
39017,3601,4874,9495,7874,3563,4150,5193,5273,3350,3586,3759,3842,3167,3218,3450,3361,-33.7799,12.8114,8.93293,47.8373
39018,3358,3486,3509,3441,3833,4251,4281,3554,4398,6646,6534,4210,4339,6023,5980,4327,13.5864,-0.387114,8.58162,48.1133
39019,3377,4048,5259,5717,3518,4205,7351,7512,3302,3725,4882,5048,3233,3387,3767,3843,-8.35021,15.5973,8.8088,48.116
39020,3457,3789,3835,3507,3828,4597,4994,3918,4241,6536,7165,4469,3998,4802,5060,4246,7.25697,2.00267,8.55897,48.2947
39021,3813,3855,3432,3311,5168,4955,3848,3406,7325,7092,4209,3518,5528,5369,3958,3567,7.98301,-15.5237,8.57902,48.236
39022,3395,3860,5839,10912,3398,3680,5053,7720,3212,3384,3958,4332,3054,3168,3325,3419,-19.4251,29.9254,8.87824,47.806
39023,3370,3258,3216,3268,3986,3693,3529,3190,6209,4745,3688,3565,12758,6022,3919,3267,27.2073,-30.2923,8.95453,47.7887
39024,6458,4758,3766,3363,10024,5183,3820,3361,5759,4381,3541,3250,3941,3646,3325,3213,-8.1092,-31.5784,8.90595,47.8593
39025,3329,3761,4738,6901,3433,3724,5231,9802,3344,3635,4316,5595,3173,3309,3635,3860,-9.13622,32.2282,8.86063,47.8573
39026,3578,3485,3247,3122,4340,4175,3537,3269,7735,5826,3981,3393,8685,6405,4078,3417,16.7994,-20.1466,8.99299,48.182
39027,12682,5907,3933,3397,5930,4583,3783,3457,4013,3638,3458,3229,3407,3361,3229,3123,-31.4473,-31.7376,8.99441,47.42
39028,3366,3911,5862,10686,3347,3730,4923,7559,3314,3535,3936,4206,3141,3195,3404,3479,-19.891,32.6087,8.64366,47.7293
39029,8838,5137,3883,3409,9073,5169,3823,3301,4749,4036,3578,3338,3574,3536,3251,3162,-14.5673,-29.5633,8.60912,47.9047
39030,3445,3603,3654,3585,3717,4487,4875,3914,4169,6344,7352,4577,4004,5099,5477,4307,8.94107,1.99664,8.57018,48.406
39031,3399,3374,3143,3111,4096,3870,3379,3233,6865,5072,3795,3297,11164,6404,4026,3497,21.7414,-24.0316,8.54964,47.8167
39032,3329,3457,3354,3124,3816,3822,3505,3229,5145,5200,4237,3576,7868,9503,5142,3676,28.9268,-12.2843,8.52629,47.9887
39033,3138,3165,3337,3391,3297,3448,3822,4083,3329,3784,4933,7323,3435,3828,5851,11731,21.2671,31.026,8.98977,47.93
39034,3273,3692,4324,5259,3286,3800,5215,9263,3283,3683,4773,7320,3212,3518,4013,4627,-2.78564,26.1628,8.967,48.3607
39035,3769,3679,3366,3092,4958,4577,3583,3357,8279,6620,4082,3581,6457,5585,4062,3363,10.9616,-18.176,8.8427,48.2733
39036,3808,3651,3282,3100,5297,4360,3618,3177,9675,5216,3753,3375,7488,4944,3761,3275,11.1627,-28.537,8.77462,47.8533
39037,3140,3184,3423,3331,3246,3515,3759,3990,3591,3969,5102,5545,3608,4510,8426,9706,31.052,16.4784,8.75474,48.03
39038,3263,3465,3986,3986,3305,3911,5179,5314,3523,4302,7250,7152,3512,3862,5077,5070,5.83936,14.7443,8.82085,48.1047
39039,3167,3340,3901,3946,3224,3657,4437,5708,3392,3760,5219,9848,3348,3798,4741,6501,8.14718,32.7925,8.8544,47.9913
39040,8112,5139,3778,3487,9130,5322,3964,3420,4876,4064,3542,3256,3656,3473,3322,3074,-13.2399,-29.7429,8.53695,47.7433
39041,4077,3847,3450,3193,5974,4848,3737,3507,8482,6261,3982,3414,5768,4789,3829,3307,6.48437,-19.9241,8.54603,48.31
39042,3316,3937,5943,10248,3285,3738,4998,8066,3235,3446,3973,4315,3163,3310,3446,3528,-18.5424,26.3479,8.96771,47.9647
39043,3490,3408,3136,3120,4217,3850,3518,3230,7164,4847,3821,3431,11269,5830,3812,3409,21.2505,-28.8066,8.69722,47.7013
39044,4714,4337,3577,3261,7661,5517,3866,3384,7526,5406,3847,3499,4753,4137,3683,3293,-0.442591,-21.3821,8.53356,48.3073
39045,10733,6597,4065,3495,6891,5152,3950,3468,4116,3911,3606,3311,3350,3360,3231,3067,-21.8724,-23.1597,8.62061,48.202
39046,3317,3718,4152,3816,3605,4333,6257,4845,3712,4930,7660,5538,3568,4058,4612,4258,2.95922,8.80841,8.94208,48.2527
39047,3303,3777,4232,4413,3526,4193,6219,6057,3497,4230,6611,6326,3303,3788,4313,4511,1.00164,14.5975,8.76838,48.1993
39048,3123,3341,3551,3571,3362,3630,4219,4290,3586,4254,6397,6460,3636,4552,7180,7347,16.7608,15.2372,8.58738,48.3327
39049,3084,3345,3452,3486,3347,3549,4248,4241,3651,4383,6699,6174,3704,4672,7415,6737,16.2801,12.9592,8.84915,48.1247
39050,3597,4206,6528,6745,3580,4085,6958,6896,3385,3774,4380,4362,3207,3401,3689,3676,-14.1511,15.0633,8.70699,48.3127
39051,3196,3377,3431,3288,3476,3599,3848,3772,3661,4404,5617,5013,3903,5548,9337,6476,23.7646,9.08276,8.53336,47.964
39052,3187,3568,3932,3995,3385,3877,5227,5377,3491,4196,6955,7339,3416,3871,5043,5217,5.70601,15.7328,8.65167,48.0507
39053,3474,3881,4061,3806,3842,4810,5928,4283,3923,5656,7246,4601,3793,4268,4634,4190,3.01019,3.99583,8.71263,48.264
39054,3437,3320,3274,3141,4070,3859,3479,3192,6974,4852,3803,3430,11435,5822,3943,3419,21.6539,-31.0147,8.55757,47.6333
39055,5715,5031,3906,3387,8495,6526,3993,3458,5564,4889,3711,3340,3980,3819,3385,3142,-7.47552,-19.2366,8.56747,48.2273
39056,3166,3242,3309,3291,3432,3598,3865,3784,3817,4421,5564,4652,3941,6000,9873,6340,24.9494,7.68188,8.60576,48.1967
39057,3649,3601,3321,3108,4781,4122,3578,3360,9171,5378,3722,3376,8738,5433,3930,3262,14.2955,-27.5015,8.66263,48.3533
39058,3349,3369,3160,3147,4184,3892,3485,3321,7443,5087,3895,3410,10816,5821,3954,3394,19.8455,-33.6782,8.64848,47.818
39059,4282,6601,9515,5894,3839,4623,5280,4589,3454,3520,3798,3675,3204,3307,3354,3324,-28.3473,5.18614,8.68395,48.1727
39060,3423,3940,6137,12676,3426,3714,4724,6082,3210,3474,3779,4006,3110,3115,3260,3435,-30.9655,27.1153,8.97472,47.674
39061,4193,3980,3464,3223,6205,5335,3815,3341,7703,6437,4011,3473,5115,4602,3761,3462,3.58282,-18.021,8.76683,48.08
39062,4413,4017,3481,3273,6534,5319,3862,3344,7989,5917,4015,3487,5145,4550,3704,3349,3.01718,-19.5436,8.64597,48.266
39063,3174,3134,3441,3292,3209,3536,3726,3940,3389,3994,5044,6097,3404,4186,7322,11062,26.3607,20.5219,8.58166,47.9667
39064,4333,3974,3501,3300,6538,5121,3806,3389,8383,6040,3999,3327,5230,4583,3610,3341,3.56286,-20.7613,8.71312,48.3167
39065,3361,3978,6163,12430,3336,3800,4788,6517,3190,3455,3763,3908,3217,3169,3365,3416,-25.3358,28.2359,8.72321,47.904
39066,5534,5687,4255,3553,6608,7732,4454,3623,4645,4609,3835,3482,3695,3746,3423,3272,-9.3775,-13.0667,8.53496,48.102
39067,4195,3817,3390,3239,6157,4661,3621,3261,9542,5567,3832,3377,6063,4669,3685,3270,6.54208,-23.6374,8.88215,48.2307
39068,3070,3398,3294,3275,3470,3648,3975,3725,3948,4876,5917,4441,4253,6351,8891,5422,21.9665,4.87027,8.84406,47.9693
39069,3298,3286,3338,3099,3912,3681,3436,3276,6079,4655,3636,3392,12639,6032,3850,3443,26.4428,-33.1156,8.83584,47.368
39070,3253,3837,5888,12506,3306,3598,4875,6077,3265,3455,3869,3936,3058,3310,3352,3386,-33.1689,28.5051,8.63406,47.314
39071,3553,3571,3467,3296,4018,4537,4082,3600,4994,7499,5725,3930,4751,6470,5156,4090,12.6781,-4.81379,8.89563,48.4927
39072,2997,3287,3398,3259,3452,3570,4093,3826,3723,4443,6313,5173,3817,5384,8762,6263,20.0978,9.05017,8.7865,47.84
39073,3590,4756,8573,9307,3409,4036,5174,5509,3235,3502,3727,3851,3025,3303,3367,3378,-26.3344,15.9988,8.70511,47.828
39074,3186,3414,4231,4750,3376,3751,5037,8413,3278,3770,4776,8342,3224,3641,4074,4758,-0.0121047,30.2079,8.80401,48.014
39075,3227,3471,3567,3424,3392,3856,4286,3988,3839,5084,7527,5249,3842,4948,7033,5288,14.2366,7.33487,8.57521,48.014
39076,3477,3389,3343,3155,3968,3794,3443,3163,5972,4647,3723,3338,12541,5908,3875,3491,30.3614,-30.9194,8.72591,47.4847
39077,3364,3907,6235,12576,3450,3755,4813,6109,3112,3448,3684,3882,3126,3164,3361,3394,-29.6012,28.115,8.69105,47.5867
39078,5089,4210,3582,3302,8685,4987,3665,3364,7761,4837,3820,3262,4735,4102,3500,3257,-1.31998,-27.1353,8.62293,48.1053
39079,3347,4179,7135,11561,3327,3963,4860,6120,3209,3432,3789,3981,3057,3234,3375,3421,-27.1728,21.7722,8.75529,47.9933
39080,4601,4192,3498,3187,7939,5276,3863,3353,8258,5176,3842,3329,4832,4161,3625,3408,0.39168,-24.4822,8.72548,48.36
39081,3578,3496,3299,3007,4616,4058,3629,3263,8431,5249,3902,3296,9389,5795,3866,3273,16.153,-25.0263,8.8256,48.098
39082,3467,4092,5606,6853,3382,4137,6595,8178,3206,3704,4445,4900,3162,3386,3644,3754,-11.3587,18.3606,8.93562,48.3407
39083,3731,5078,8859,7085,3632,4281,5968,5450,3355,3694,4024,3815,3181,3277,3416,3426,-20.7486,11.6149,8.97819,48.1813
39084,3324,3680,4079,3920,3460,4427,6064,4694,3672,4986,7759,5498,3494,3988,4794,4465,3.30959,8.49669,8.60454,48.2027
39085,3065,3274,3437,3418,3339,3497,3978,4259,3363,4059,5673,7006,3588,4128,6589,9198,18.9036,20.1001,8.61042,47.914
39086,3176,3642,4323,5443,3346,3638,5076,9329,3297,3694,4769,7054,3198,3470,4015,4352,-3.59579,29.5333,8.50828,47.8813
39087,3408,3369,3227,3089,4201,3872,3466,3194,7491,4988,3868,3413,11147,5851,3944,3396,20.341,-32.4598,8.76685,47.9493
39088,3267,3436,3861,3933,3417,4096,5281,5013,3587,4472,7814,6581,3502,4046,5109,4940,6.61876,12.6341,8.69408,48.2367
39089,3895,3795,3406,3198,5770,4340,3571,3331,9857,5059,3862,3369,6689,4770,3695,3297,8.68201,-30.927,8.621,47.936
39090,5122,4327,3502,3216,8524,5786,3890,3297,7124,5144,3792,3346,4408,4069,3535,3159,-2.23906,-21.6866,8.89508,48.1607
39091,5252,7488,5426,4017,5052,7078,5216,3902,3864,4228,3917,3459,3471,3579,3347,3268,-16.0313,-6.00338,8.56974,48.376
39092,6569,5371,3869,3402,8492,6382,4143,3485,5192,4522,3729,3267,3760,3634,3345,3256,-10.3898,-19.184,8.63397,48.2787
39093,4031,4606,4556,3848,4455,6899,6463,4173,4028,5239,5099,3966,3576,3880,3798,3480,-4.23301,-1.1014,8.53687,48.0647
39094,3208,3321,3283,3094,3790,3812,3607,3330,4675,5343,4458,3866,6309,10069,5984,4032,30.67,-7.88888,8.88465,48.1207
39095,3151,3289,3393,3439,3262,3618,3992,4077,3508,4163,5871,6340,3589,4553,8073,8101,20.012,15.3476,8.6645,48.2793
39096,3551,4410,7963,10249,3387,3902,5151,5433,3260,3539,3756,4041,3037,3176,3443,3365,-30.9397,18.1672,8.65441,47.7753
39097,3344,3539,3718,3510,3683,4230,4878,3914,4154,5946,7663,4809,4015,4912,5694,4438,9.63068,3.58679,8.64982,48.298
39098,3235,3375,3664,3509,3457,3771,4399,4229,3760,4612,7403,6001,3636,4503,6766,5875,13.9631,11.2516,8.6225,48.13
39099,3304,3384,3275,3167,3914,3834,3552,3319,5477,5005,4098,3567,9227,8824,4650,3499,28.2191,-15.7949,8.65786,48.064
39100,4748,8228,8463,4846,4186,4891,4963,4175,3457,3672,3750,3635,3196,3343,3374,3180,-28.54,0.401782,8.9239,48.0713
39101,3734,5249,9722,7674,3575,4199,5261,5016,3301,3622,3717,3775,3148,3339,3388,3372,-28.8664,11.8409,8.63864,48.0613
39102,4206,6641,9547,5687,3901,4552,5104,4569,3435,3667,3777,3710,3210,3353,3356,3232,-28.7846,5.12342,8.88344,47.9647
39103,3553,4050,7143,10121,3337,3937,5339,6470,3270,3463,3950,4186,3061,3251,3456,3495,-21.6751,19.8921,8.65272,48.0547
39104,3237,3472,3687,3512,3485,3956,4573,4279,3711,4916,8045,5796,3549,4484,6458,5212,11.8304,9.54685,8.8903,48.248
39105,6962,7559,4702,3524,6168,6623,4278,3701,4112,4063,3724,3381,3524,3524,3307,3111,-17.3085,-13.2868,8.52504,48.1753
39106,3517,3454,3190,3172,4049,3880,3466,3175,7176,4961,3805,3280,11473,5953,3928,3444,21.5592,-30.3796,8.91403,47.9487
39107,3354,4022,5782,11252,3450,3857,4890,7099,3231,3405,3930,4142,3046,3206,3412,3329,-21.4643,33.0602,8.58205,47.6047
39108,3791,3627,3259,3119,4877,4286,3632,3257,8831,5778,4007,3479,7647,5464,3975,3400,12.7157,-22.4817,8.62878,48.286
39109,4502,5336,4539,3663,5104,7879,5633,3976,4306,5141,4227,3689,3716,3864,3666,3242,-7.73558,-5.6252,8.70796,48.322
39110,3475,3511,3350,3121,3880,4119,3745,3493,5545,6931,4694,3679,5973,7868,4972,3814,17.2374,-9.93479,8.51173,48.1133
39111,3257,3310,3444,3187,3483,3933,3809,3545,4263,5657,5662,4215,4711,7558,7445,4667,20.3651,-0.0612882,8.89168,48.0973
39112,5289,4416,3554,3178,9197,5110,3902,3360,7182,4762,3703,3349,4465,3967,3479,3342,-3.43428,-30.0898,8.51354,48.17
39113,5192,7837,5734,4195,4773,6863,5257,3903,3842,4108,3759,3467,3339,3513,3394,3321,-17.1716,-5.00957,8.66665,48.3313
39114,3700,3628,3230,3048,5106,4266,3592,3330,9799,5430,3858,3436,7746,5014,3769,3324,12.118,-27.1614,8.98109,48.184
39115,5092,5402,4043,3444,6490,7853,4518,3664,4773,5172,4024,3414,3705,3773,3533,3303,-7.73037,-12.0838,8.65209,48.1353
39116,3642,3761,3716,3447,4217,5277,4423,3718,4736,7821,5911,3930,4360,5142,4606,3821,7.2104,-4.10999,8.86739,48.352
39117,4115,3923,3455,3130,6694,4628,3688,3207,9466,5351,3779,3344,5763,4539,3706,3376,4.86457,-26.2203,8.62113,48.1093
39118,3441,3425,3378,3246,3512,3764,3665,3473,4155,4946,4978,4091,4928,8443,8098,4708,31.6059,-0.496928,8.89836,48.1673
39119,3339,3855,4714,5190,3460,4161,6579,7776,3356,3863,5262,5838,3162,3534,3898,4202,-4.36576,17.5039,8.62823,48.126
39120,3476,3365,3348,3123,3900,3902,3535,3352,5239,5231,3973,3465,8364,9202,4745,3546,33.3417,-13.6741,8.56247,47.844
39121,5269,8960,7347,4480,4352,5168,4773,3921,3639,3793,3736,3397,3265,3298,3356,3146,-27.8958,-2.70597,8.52576,47.9333
39122,3008,3312,3584,3724,3373,3603,4315,4801,3466,3855,5932,8339,3434,3934,5775,7938,13.8561,20.8545,8.83568,48.262
39123,3436,3475,3231,3093,4221,4031,3473,3302,7344,5360,3958,3415,9796,6199,4090,3508,18.4071,-21.866,8.50489,47.9547
39124,3105,3170,3551,3649,3418,3398,4089,4373,3395,3973,4958,8005,3421,3891,5748,10136,17.9606,26.3566,8.84826,48.1867
39125,11103,5729,3913,3431,7461,4949,3772,3399,4164,4028,3480,3243,3482,3367,3227,3185,-20.0257,-28.9072,8.69151,47.9553
39126,12664,6023,3964,3326,6127,4788,3809,3317,3930,3783,3431,3187,3312,3328,3205,3135,-28.0416,-33.9257,8.98924,47.5527
39127,3089,3215,3470,3600,3236,3534,4000,4430,3406,3873,5514,7962,3377,4101,6039,9279,17.1186,21.9967,8.85736,48.0833
39128,3514,4307,6554,6878,3493,4173,6804,7029,3341,3606,4361,4534,3177,3417,3627,3472,-14.2697,15.7478,8.68403,48.1913
39129,3431,3808,5914,12401,3313,3714,4769,6191,3192,3507,3709,3957,3217,3336,3367,3293,-28.0092,31.13,8.53412,47.4127
39130,6880,5221,3808,3433,8878,6134,3970,3466,5203,4342,3590,3305,3924,3731,3381,3116,-10.7016,-21.5518,8.55729,48.2547
39131,4578,4122,3526,3154,7905,5233,3714,3337,8127,5235,3815,3365,4779,4216,3538,3186,0.200636,-24.0655,8.91044,47.8867
39132,3557,3364,3293,3115,4355,4045,3657,3332,8141,5738,3929,3409,8745,6022,3987,3468,16.1204,-21.3288,8.74755,48.1047
39133,3425,4075,5338,5150,3624,4462,7810,6606,3341,4017,5154,4930,3192,3515,3774,3842,-7.58733,13.0791,8.98182,48.17
39134,3391,3370,3356,3208,3665,3810,3568,3415,4724,5127,4497,3715,6330,9789,6097,4116,30.9112,-7.41823,8.72508,48.1187
39135,3139,3205,3454,3367,3273,3409,3899,4292,3454,3692,5082,7993,3370,3976,5582,10472,18.6463,31.3933,8.80511,47.7727
39136,3435,3540,3251,3128,3985,3727,3546,3243,6622,4818,3917,3301,12101,6022,3932,3348,25.0083,-28.8733,8.54654,47.944
39137,6581,4696,3682,3307,9694,5447,3853,3357,5727,4486,3611,3262,3996,3673,3396,3216,-8.55831,-26.6225,8.64401,47.9893
39138,3279,3988,6709,10961,3350,3826,5087,6797,3150,3429,3858,4246,3103,3275,3408,3410,-21.867,22.9432,8.88641,47.9173
39139,3908,4202,4216,3658,4327,6520,5535,4052,4337,6447,5521,3932,3883,4252,4168,3565,-0.27464,-2.63127,8.73982,48.3487
39140,3993,4170,3985,3533,4755,6622,4786,3790,4935,7165,4867,3754,4287,4403,4001,3611,1.03765,-7.13217,8.5241,48.438
39141,3907,4569,4411,3735,4417,6943,6117,4189,4218,5722,5214,3877,3597,3958,3930,3548,-3.00423,-1.95753,8.88136,48.2347
39142,6532,4796,3814,3395,10186,5208,3818,3379,5667,4365,3532,3300,3834,3649,3310,3174,-8.77504,-33.2308,8.82325,47.9727
39143,3459,3901,5137,5015,3540,4337,7541,6771,3363,3972,5404,5147,3371,3626,3896,3978,-5.95341,13.6247,8.65711,48.3053
39144,3549,4226,6070,6139,3550,4342,7337,7010,3401,3690,4502,4609,3219,3360,3555,3630,-11.7969,14.3468,8.77158,48.126
39145,3505,4218,6208,6016,3489,4320,7454,6868,3394,3775,4577,4500,3227,3473,3757,3597,-11.4692,14.0225,8.57939,48.252
39146,3233,3327,3455,3425,3416,3641,4048,4024,3761,4709,6877,5214,3909,5118,8259,5892,17.5219,9.08594,8.79275,48.2053
39147,4717,4223,3704,3325,7815,5698,3936,3272,7405,5566,3890,3310,4758,4146,3519,3225,-0.80815,-20.5645,8.92612,48.3393
39148,3383,3936,6253,10734,3450,3796,4940,7432,3181,3453,3922,4222,3051,3258,3467,3459,-20.1741,24.6978,8.79142,47.958
39149,3361,3636,4050,4046,3556,4228,5893,5040,3632,4528,7656,5890,3443,4011,4754,4643,3.69069,10.8369,8.90141,48.2447
39150,3611,3460,3360,3204,4566,4201,3558,3185,8391,6031,4063,3312,7962,5774,3848,3414,14.2769,-20.7604,8.88556,47.96
39151,3225,3388,3810,3936,3277,3603,4469,5559,3347,3897,5808,9543,3329,3757,4907,6580,8.93066,23.141,8.78271,48.29
39152,3414,3941,6030,8453,3460,3986,5738,8162,3302,3608,4198,4635,3143,3346,3486,3618,-15.4286,21.448,8.64107,48.3467
39153,3399,4064,6952,11564,3377,3809,5075,6195,3213,3407,3820,4051,3132,3238,3371,3443,-25.548,22.511,8.70427,48.0733
39154,4801,4403,3673,3286,7783,5808,3873,3388,7197,5513,3980,3197,4602,4193,3573,3206,-1.23481,-20.2546,8.73403,48.3173
39155,3184,3622,4376,5320,3235,3747,5145,9205,3392,3741,4880,7291,3176,3518,4081,4567,-2.89986,27.8343,8.52506,48.32
39156,4923,8399,8037,4638,4120,5008,4954,4078,3524,3673,3876,3574,3211,3313,3328,3291,-29.2414,-0.841803,8.78961,47.9647
39157,3080,3138,3440,3406,3154,3441,3854,3995,3459,3739,4837,6347,3401,3941,6200,12249,25.9948,26.6273,8.74719,47.7873
39158,4886,4254,3592,3250,8114,5611,3946,3271,7429,5342,3798,3463,4579,4240,3618,3257,-0.931672,-21.6737,8.89174,48.4333
39159,3886,5650,9669,6526,3797,4424,5759,4875,3324,3698,3838,3706,3163,3197,3444,3416,-24.1519,8.85867,8.97701,48.248
39160,3284,3394,3274,3030,3934,3840,3431,3204,5950,4771,3722,3362,12530,5985,3911,3326,29.0911,-30.1,8.74077,47.2987
39161,3107,3191,3468,3428,3183,3501,3876,3983,3397,3930,5248,6202,3407,4212,7410,10368,23.9943,19.8744,8.65036,47.9407
39162,3082,3207,3338,3446,3231,3329,3910,3970,3367,3859,4868,6909,3389,3934,6113,11870,22.8294,29.0226,8.66088,47.8813
39163,3999,5117,6379,4777,3970,5760,7439,4729,3690,4088,4441,3950,3357,3496,3581,3490,-12.4751,4.01493,8.80366,48.1753
39164,3239,3432,3823,4105,3252,3675,4683,6589,3333,3716,5400,9801,3223,3572,4541,5820,5.22069,25.4796,8.96276,48.136
39165,5118,4259,3546,3361,8861,5049,3741,3348,7621,4788,3684,3313,4609,4003,3535,3244,-2.09228,-29.1747,8.92851,48.0533
39166,3140,3211,3449,3385,3221,3364,3790,3955,3480,3844,4923,5829,3459,4125,7236,11521,31.8653,21.6373,8.98498,47.9547
39167,3372,3941,6186,12636,3420,3688,4762,6275,3124,3457,3714,3863,3137,3287,3378,3528,-26.9758,27.9708,8.84245,47.8453
39168,3348,3571,3406,3186,3886,4287,4038,3623,4914,7102,5560,3989,5041,6943,5580,4062,14.5714,-4.45836,8.71772,48.3573
39169,4002,6181,9708,6076,3734,4553,5540,4716,3316,3703,3836,3713,3206,3374,3374,3334,-25.055,7.10667,8.85831,48.244
39170,3403,3550,3234,3124,4447,4053,3491,3239,7612,5988,4018,3398,8401,6471,4117,3416,16.572,-19.6147,8.70023,47.9747
39171,3370,3419,3262,3212,3715,3780,3614,3396,4645,5210,4455,3842,5922,9690,6338,4120,31.1928,-5.95007,8.56046,47.9933
39172,3374,4100,6867,10998,3505,3832,5161,6451,3235,3428,3870,4046,3191,3202,3370,3450,-23.2491,21.692,8.75393,48.0533
39173,10257,5598,3897,3422,8150,5099,3748,3505,4226,3859,3488,3388,3479,3336,3324,3104,-17.9247,-33.2436,8.90314,47.92
39174,3173,3263,3349,3446,3338,3514,3830,3802,3464,3959,5022,5582,3493,4408,8521,9739,28.9711,16.5956,8.80119,47.9353
39175,3149,3340,3391,3394,3327,3297,3766,3887,3321,3684,4730,6159,3428,3980,5848,12409,33.8468,31.3873,8.84135,47.4067
39176,3338,3591,3921,4264,3302,3754,5090,6633,3356,3797,5835,8447,3234,3643,4518,5284,3.42037,21.6694,8.60255,48.0047
39177,3319,3917,6270,12198,3380,3697,4942,6431,3254,3390,3755,3971,3109,3252,3402,3401,-25.7801,26.1002,8.9276,47.792
39178,6346,9714,5866,3927,4829,5470,4550,3779,3737,3765,3641,3451,3284,3397,3223,3160,-25.0331,-8.25153,8.78129,48.0927
39179,3090,3306,3384,3376,3212,3417,4017,3990,3339,3855,4921,6293,3512,4031,6542,11743,26.0775,24.6376,8.52783,48.0187
39180,3503,3516,3282,3090,4063,3978,3508,3209,6675,5666,4004,3387,9180,7166,4215,3473,20.0426,-18.3829,8.5772,47.9433
39181,3644,3718,3640,3378,4310,5026,4096,3502,5494,8203,5087,3671,4794,5654,4555,3709,9.1863,-8.45452,8.6373,48.3207
39182,4514,6830,6817,4491,4216,6351,6205,4297,3661,4128,3975,3607,3353,3321,3403,3178,-16.7815,-0.103524,8.97855,48.2313
39183,3176,3306,3596,3634,3239,3745,4211,4338,3495,4077,6709,7482,3443,4195,6490,7095,14.3322,16.9667,8.93451,48.154
39184,9528,8656,4478,3561,5532,5184,3935,3510,3988,3763,3568,3284,3418,3368,3233,3094,-27.6832,-16.4437,8.951,48.0667
39185,3130,3352,3645,3632,3311,3652,4265,4912,3353,3854,5619,9030,3373,3818,5418,7822,13.0165,23.3697,8.88338,48.124
39186,3314,3594,4266,5475,3320,3796,5318,9333,3301,3669,4753,6944,3184,3564,3941,4289,-3.75985,26.116,8.82837,48.0407
39187,5582,5190,3930,3401,7613,7177,4391,3433,5170,4987,3721,3418,3882,3817,3476,3265,-7.72527,-15.9628,8.73477,48.302
39188,3404,4026,5979,12375,3295,3781,4764,6240,3308,3426,3882,3846,3077,3286,3422,3344,-26.6779,30.0321,8.57347,47.6367
39189,12834,6106,3930,3360,6093,4706,3695,3380,3863,3755,3484,3185,3400,3342,3143,3221,-29.173,-28.8647,8.95161,47.6647
39190,3132,3279,3279,3322,3283,3356,3709,3938,3407,3838,4763,6042,3318,3973,6052,12515,27.8604,33.2267,8.9636,47.4707
39191,3520,4087,5131,4841,3616,4580,8059,6277,3598,4062,5192,4788,3197,3491,3808,3826,-6.7716,11.6922,8.62529,48.0487
39192,5003,6862,5387,3856,4886,7276,5488,3998,3909,4371,4086,3554,3355,3562,3561,3296,-14.1544,-4.70858,8.83518,48.3
39193,11122,6008,3903,3343,7331,4939,3793,3355,4170,3872,3433,3169,3452,3335,3223,3175,-20.6451,-25.9929,8.79502,47.7487
39194,3203,3493,3775,3602,3583,3895,4930,4592,3659,4769,8034,6157,3580,4261,5788,5215,9.43286,10.9051,8.79846,48.3573
39195,3338,3305,3416,3266,3681,3854,3911,3476,4302,5676,5459,4149,4778,7631,7213,4373,20.1551,-0.765514,8.79948,47.8853
39196,3332,3382,3246,3093,3965,3736,3428,3245,6197,4708,3816,3387,12678,6042,3985,3374,26.6455,-31.7473,8.74406,47.7427
39197,3634,4821,7737,6609,3582,4439,6848,6009,3323,3743,4265,4022,3171,3359,3500,3366,-16.6481,11.9988,8.87632,48.2853
39198,3370,3405,3303,3096,3812,3772,3511,3184,5477,5264,3997,3532,9272,8862,4607,3583,27.442,-15.5638,8.85931,48.0313
39199,3382,3632,3537,3353,4004,4507,4323,3743,4739,7335,6037,4117,4569,6043,5205,4047,11.3913,-3.04688,8.61978,48.382
39200,4647,5380,4388,3772,5234,8181,5260,3686,4420,5163,4252,3642,3641,3794,3627,3259,-7.69288,-7.06916,8.59185,48.2307
39201,4460,6162,6193,4429,4215,6482,6449,4357,3730,4099,4168,3663,3333,3327,3458,3361,-14.6109,0.261326,8.56406,47.924
39202,3431,3836,5496,10434,3335,3725,4985,7917,3228,3475,3906,4272,3112,3327,3430,3428,-18.3762,30.6473,8.7185,47.558
39203,6743,6384,4317,3537,7187,6917,4209,3569,4364,4358,3712,3314,3682,3557,3334,3087,-13.5842,-15.7232,8.67111,48.1807
39204,4735,3950,3667,3234,8028,4950,3705,3358,8487,5087,3731,3396,4933,4183,3535,3184,0.640152,-26.9007,8.81236,48.1087
39205,4433,5914,5439,4120,4521,7153,6483,4192,3829,4427,4328,3631,3379,3571,3508,3411,-11.5733,-1.73534,8.75601,48.226
39206,3381,3367,3250,3160,3819,3815,3644,3387,5238,5576,4359,3636,7434,9309,5123,3704,24.2509,-11.1729,8.70694,48.1347
39207,3989,4328,3864,3393,4578,6627,4937,3744,4725,7077,5154,3721,4171,4387,4036,3583,0.852497,-6.02801,8.71943,48.2093
39208,6110,9764,6174,4009,4800,5406,4500,3737,3751,3750,3748,3356,3419,3347,3341,3071,-29.755,-7.13152,8.59105,48.1887
39209,12676,6004,3843,3568,6045,4684,3722,3392,3913,3858,3452,3213,3352,3281,3324,3252,-27.978,-33.3663,8.72456,47.7193
39210,3395,4006,5808,6375,3399,4131,7047,7795,3373,3757,4497,4795,3028,3398,3646,3664,-11.6661,16.7344,8.95423,48.076
39211,3275,3438,3251,3062,3975,3811,3358,3238,6276,4782,3794,3335,12352,6038,3889,3457,26.4997,-29.226,8.90568,47.554
39212,8689,9069,4641,3501,5433,5257,4090,3576,3800,3833,3521,3282,3287,3426,3354,3260,-33.2747,-14.722,8.54836,48.0127
39213,3369,4119,7007,9291,3402,4061,5714,6991,3213,3558,3914,4247,3177,3195,3416,3456,-18.7941,19.0656,8.89237,48.0867
39214,3146,3271,3450,3311,3212,3505,3915,4243,3469,3855,4943,7260,3297,3923,6151,11230,21.2339,26.5445,8.6895,48.1207
39215,3170,3294,3506,3428,3275,3622,3838,3870,3353,3887,5006,5804,3367,4069,7398,10788,33.5458,19.9243,8.72913,47.7833
39216,3976,6025,9517,6035,3797,4480,5630,4706,3487,3656,3761,3733,3238,3217,3362,3234,-25.9912,7.10054,8.6216,47.9027
39217,3433,4472,8316,9884,3474,3976,5159,5677,3232,3449,3748,4014,3136,3274,3357,3317,-26.2765,17.1444,8.74403,47.9453
39218,3008,3364,3808,3911,3342,3584,4699,5535,3429,4030,5842,9173,3434,3748,4976,6409,8.52612,22.2029,8.65616,48.1947
39219,3332,3843,5115,7812,3357,3961,5317,9754,3251,3487,4069,5110,3119,3226,3658,3633,-11.963,33.4263,8.99173,48.0293
39220,3458,3384,3192,3127,3941,3909,3525,3217,6101,5124,3846,3351,10923,7293,4104,3436,25.3546,-20.4385,8.84814,47.954
39221,9564,8745,4421,3573,5452,5147,4081,3487,3789,3718,3422,3196,3425,3381,3258,3145,-28.4166,-15.9634,8.94586,47.8693
39222,3079,3387,3835,3656,3347,3572,4421,5540,3357,3792,5616,9419,3429,3689,5001,6759,9.39938,24.34,8.60641,47.9327
39223,3311,3758,4799,6697,3369,3801,5287,9874,3280,3589,4366,5855,3124,3405,3632,3950,-8.59603,28.5968,8.87065,48.0647
39224,3456,3916,5909,10603,3318,3822,4948,7792,3252,3533,3914,4484,3157,3255,3424,3510,-19.0984,28.4611,8.65509,48.1953
39225,3819,5028,9164,7049,3590,4351,5989,5204,3330,3733,3931,3898,3099,3352,3443,3344,-21.8497,10.9767,8.96735,48.216
39226,11941,6159,3934,3373,6616,4850,3773,3477,4080,3776,3457,3281,3415,3365,3239,3151,-24.7495,-26.2874,8.5597,47.9247
39227,3340,3339,3269,3126,3789,3817,3553,3396,4978,5286,4277,3605,7449,9465,5285,3810,28.7373,-10.9521,8.59495,47.856
39228,3400,3425,3273,3166,4025,3623,3481,3278,6079,4730,3893,3353,12615,5919,3681,3312,32.4653,-30.3928,8.56399,47.502
39229,3218,3517,3757,3968,3290,3731,4739,5440,3476,4006,6235,8680,3355,3949,5090,6039,8.17023,19.6835,8.62816,48.3267
39230,3271,3646,4516,5783,3405,3716,5435,9208,3390,3621,4658,6613,3253,3479,3944,4256,-4.82409,24.6002,8.50003,48.1293
39231,3120,3295,3418,3539,3271,3572,3922,4400,3399,3712,5115,8151,3434,3856,5751,10078,17.7112,31.9695,8.85277,48.022
39232,12506,5890,3876,3374,5973,4729,3718,3303,3964,3711,3426,3254,3380,3415,3290,3175,-33.5762,-31.2342,8.62821,47.3227
39233,3107,3298,3342,3301,3407,3647,3889,3750,3781,4471,5504,4713,3932,5894,9652,6466,24.9963,7.59279,8.90335,48.1027
39234,3102,3429,3697,3763,3235,3584,4309,5169,3348,3879,5203,9609,3316,3842,5086,7458,11.1569,31.3171,8.67711,48.0193
39235,3200,3801,5381,8569,3362,3784,5223,9103,3257,3591,4212,4888,3124,3276,3542,3681,-13.8934,31.7146,8.87681,47.996
39236,3350,3872,5893,12908,3317,3674,4694,6100,3278,3381,3772,3952,3032,3252,3356,3390,-27.6064,30.1498,8.988,47.4807
39237,3418,3433,3174,3123,3869,3831,3505,3261,6176,4735,3821,3302,12248,6062,3912,3254,27.1051,-29.6599,8.57064,47.416
39238,3344,3986,5512,6543,3451,4049,6802,8155,3303,3572,4479,4875,3161,3379,3695,3786,-10.678,18.13,8.69285,48.0613
39239,5846,9569,6596,4187,4636,5283,4629,3904,3673,3767,3645,3519,3379,3306,3276,3138,-26.5369,-5.15278,8.77113,48.2353
39240,3263,3584,4037,4060,3497,3908,5524,5295,3493,4295,7290,6972,3426,3836,4914,4946,4.47265,14.3224,8.7075,48.2267
39241,10204,7832,4250,3446,6082,5230,4127,3425,4086,3761,3483,3244,3265,3402,3233,3050,-24.2172,-18.5287,8.96689,48.08
39242,3321,3740,4672,5964,3291,4005,5901,8917,3437,3634,4772,5912,3174,3335,3877,3969,-6.56983,22.0383,8.53337,47.9473
39243,3715,4601,5739,4805,3817,5290,8042,5477,3580,3982,4895,4238,3309,3587,3681,3620,-9.36763,7.47237,8.68726,48.252
39244,3324,3411,3359,3171,3597,3785,3653,3461,4594,5546,4609,4069,5838,9534,6268,4160,24.3049,-6.19602,8.81278,48.2527
39245,3124,3382,3846,4210,3290,3655,4515,6576,3352,3735,5169,9785,3274,3603,4554,5794,5.2798,28.3563,8.77638,47.9093
39246,4918,4278,3678,3190,7841,5750,3980,3404,7027,5515,3703,3412,4583,4143,3592,3232,-1.32977,-20.1275,8.95749,48.164
39247,4730,8080,8615,4885,4116,4833,5186,4145,3502,3785,3624,3564,3231,3353,3361,3218,-27.011,0.956028,8.59598,48.152
39248,3125,3268,3502,3565,3247,3605,4266,4472,3455,4252,6480,7232,3480,4193,6495,7417,15.2216,17.0973,8.67047,48.036
39249,3448,3961,5703,7942,3387,3964,5905,8565,3161,3605,4194,4756,3079,3420,3562,3648,-13.6946,21.6209,8.90781,48.2
39250,3428,3396,3276,3071,3831,3909,3468,3181,6426,5073,3837,3377,11395,6764,3950,3410,24.3282,-23.5974,8.66761,47.8613
39251,5454,6819,4782,3752,5519,7615,4910,3746,4045,4395,3831,3498,3534,3587,3580,3095,-13.3952,-9.06326,8.96617,48.108
39252,5262,4452,3636,3201,8462,5652,3854,3432,6881,5010,3781,3382,4310,4035,3508,3132,-3.11568,-21.8759,8.50966,47.9933
39253,3744,4706,6389,5017,3672,4994,8050,5410,3422,4025,4593,4103,3268,3520,3678,3622,-11.8773,8.39879,8.85814,48.142
39254,9715,8527,4486,3469,5301,5083,4114,3410,3882,3775,3469,3261,3348,3318,3199,3105,-30.7681,-16.3224,8.91698,47.6413
39255,4237,4051,3455,3230,6228,5759,3965,3386,7147,6668,4084,3462,4726,4582,3822,3335,2.53215,-16.3003,8.85024,48.0913
39256,3407,3487,3260,3124,3845,3798,3383,3207,6030,4831,3891,3325,12716,6267,3930,3383,31.1183,-27.991,8.54328,47.9227
39257,6703,10042,5654,3980,4837,5216,4276,3823,3816,3790,3649,3453,3362,3377,3147,3182,-31.5544,-9.03402,8.70961,48.2047
39258,3281,3447,3200,3166,3692,3859,3603,3461,4715,5131,4487,3736,5899,9524,6154,4154,33.1135,-6.20348,8.55997,47.6727
39259,3440,3481,3181,3223,4275,3806,3493,3184,7448,5054,3801,3373,11248,5984,3946,3272,20.4193,-28.0224,8.91315,48.1393
39260,3564,4289,7747,10854,3394,3993,4962,5753,3212,3509,3900,3869,3037,3272,3403,3398,-28.4539,19.2335,8.57981,48.104
39261,4268,5921,7352,4786,4064,5372,6666,4681,3631,3998,4186,3816,3235,3479,3472,3407,-16.5777,3.48355,8.50941,48.2227
39262,12070,6022,3997,3367,6595,4897,3709,3391,3947,3742,3481,3188,3321,3351,3252,3114,-23.817,-32.958,8.94775,47.6293
39263,3331,3895,5924,12252,3299,3863,4846,6650,3129,3418,3714,4009,3181,3278,3374,3354,-24.4237,30.7029,8.79248,47.678
39264,3008,3238,3372,3492,3309,3455,3939,4245,3424,3919,5366,7778,3452,4061,6075,9965,18.2054,23.2525,8.86773,48.0653
39265,6409,5019,3791,3398,8941,6157,4047,3443,5455,4677,3676,3436,3912,3700,3382,3130,-8.48986,-21.0254,8.59385,48.382
39266,4177,6396,9584,5857,3914,4623,5184,4513,3405,3668,3802,3677,3145,3307,3225,3290,-33.4006,5.40633,8.75107,47.8447
39267,3997,4446,4098,3668,4596,6966,5491,3814,4510,6328,5153,3865,3830,4182,3843,3498,-1.49767,-3.86952,8.61254,48.19
39268,10765,7373,4242,3443,6174,5141,3911,3320,3990,3764,3352,3168,3394,3344,3187,3255,-24.6183,-19.7803,8.99214,47.882
39269,6902,9634,5376,3791,5120,5554,4387,3619,3863,3976,3610,3351,3395,3436,3285,3215,-23.8214,-10.1784,8.9771,48.3427
39270,3756,3781,3346,3213,4848,4926,3865,3328,7035,7646,4331,3570,5644,5643,4123,3476,9.40061,-14.0537,8.96036,48.354
39271,3177,3340,3828,4273,3277,3595,4724,6936,3444,3873,5058,9674,3338,3577,4479,5675,4.36008,30.1507,8.81042,48.1787
39272,3316,3442,3259,3131,3715,3880,3552,3345,5105,5275,4189,3618,8009,9573,4970,3628,32.832,-12.5128,8.8504,48.0047
39273,3031,3314,3482,3490,3223,3492,3965,4680,3394,3712,5191,8591,3386,3920,5592,9466,16.2022,27.4056,8.98408,47.9527
39274,3227,3346,3358,3297,3468,3692,3796,3610,4051,4801,5193,4314,4337,7353,8740,5096,32.4991,2.23912,8.51699,47.786
39275,3828,3638,3359,3106,5355,4248,3521,3280,9306,5761,3848,3362,6972,5080,3804,3382,10.5984,-23.2375,8.62669,47.9
39276,5893,4530,3627,3310,9448,5456,3814,3393,6191,4523,3712,3361,4166,3795,3556,3169,-5.99795,-24.3918,8.6134,47.9627
39277,3032,3304,3673,3558,3231,3794,4389,4472,3633,4246,6992,7014,3649,4078,6352,6507,13.3215,15.0197,8.68911,47.9493
39278,3294,3439,3479,3374,3594,3811,4088,3741,4044,5512,6414,4569,4246,6251,7349,4948,17.257,2.93503,8.52962,48.102
39279,7461,9436,5149,3778,5237,5615,4298,3669,3853,3880,3661,3321,3338,3395,3272,3114,-23.7483,-11.2774,8.85925,48.318
39280,3123,3358,3343,3234,3515,3706,3927,3670,3998,4878,5590,4548,4269,6779,9123,5464,24.5906,4.22233,8.64394,48.35
39281,3697,4990,9559,7949,3604,4194,5179,4942,3332,3586,3838,3954,3135,3296,3432,3296,-31.4885,12.4008,8.78306,47.9887
39282,3507,3500,3302,3117,4677,4086,3446,3273,8554,5413,3876,3347,9045,5684,3884,3349,15.6193,-24.3559,8.98068,48.04
39283,10652,7034,4202,3550,6433,5190,3905,3438,3987,3988,3542,3186,3463,3407,3242,3083,-23.4847,-21.0886,8.56552,48.2013
39284,3875,4307,4016,3534,4745,6664,5027,3752,4790,6940,5132,3841,4096,4275,3952,3612,0.191792,-5.42273,8.52694,48.372
39285,3146,3322,3517,3567,3361,3756,4358,4190,3555,4394,6976,6415,3603,4490,6843,6641,15.3297,13.5213,8.68763,48.0893
39286,3794,3675,3263,3161,5602,4373,3570,3062,9736,5573,3819,3421,6890,4931,3861,3321,9.66858,-26.1395,8.63542,48.0347
39287,5288,7816,5769,4073,4738,6695,5196,4068,3659,4119,3936,3556,3342,3458,3240,3186,-17.8069,-4.85367,8.69224,48.0927
39288,3188,3442,3909,4004,3401,3772,4912,5624,3487,4075,6729,8194,3392,3853,4909,5403,6.74625,17.9376,8.68459,48.196
39289,6001,4997,3909,3411,8581,6447,4037,3442,5575,4619,3754,3291,3915,3636,3373,3194,-8.22434,-19.4681,8.6886,48.1213
39290,3296,3766,5069,7782,3364,3822,5223,9574,3378,3449,4154,5232,3091,3343,3636,3752,-11.7153,30.3173,8.75127,47.954
39291,3259,3596,3643,3542,3524,4092,4617,4033,3914,5279,7934,5300,3799,4823,6110,4814,11.269,6.54437,8.51692,48.186
39292,3157,3317,3468,3484,3156,3373,3743,3870,3331,3852,4886,6090,3320,3890,6518,12427,31.6867,26.5693,8.52421,47.9213
39293,3208,3293,3445,3468,3477,3690,4113,4044,3714,4514,6759,5721,3632,4848,7995,6514,17.4453,11.2772,8.91673,48.29
39294,3680,4403,6258,5262,3712,4820,7779,5734,3449,3956,4783,4367,3174,3549,3717,3613,-11.1133,9.45988,8.61279,48.1707
39295,3354,4021,5218,5634,3560,4196,7046,7868,3330,3913,4868,5136,3191,3506,3896,3901,-8.20425,17.078,8.60643,48.4253
39296,10584,5592,3961,3331,7914,5026,3918,3358,4189,3930,3456,3228,3501,3393,3247,3123,-18.8548,-28.9512,8.74799,47.834
39297,3383,4255,7952,10384,3350,3898,5101,5777,3227,3446,3779,3883,3143,3162,3398,3333,-28.6287,18.6306,8.64235,47.6473
39298,3455,3399,3389,3115,3735,3812,3685,3430,4999,5991,4583,3787,6303,9369,5661,3993,22.848,-8.122,8.76664,48.4707
39299,4097,6356,9814,6042,3795,4640,5366,4602,3364,3667,3859,3656,3221,3305,3291,3244,-26.6481,6.32139,8.91044,48.2127
39300,3467,4128,6093,8522,3399,3934,5767,8090,3197,3574,4018,4615,3135,3272,3548,3562,-15.8464,20.7225,8.78762,48.214
39301,9107,6270,3969,3382,7438,5495,3938,3346,4424,4131,3527,3245,3480,3551,3273,3182,-17.5946,-21.0441,8.65969,47.8387
39302,3309,3314,3307,3284,3496,3694,3671,3539,4150,5122,5128,4267,4618,8081,8468,4888,26.1626,0.722491,8.97335,48.224
39303,3228,3467,3417,3382,3575,4039,4019,3620,4065,5632,6521,4509,4419,6211,7459,4977,17.4648,2.55307,8.90329,48.36
39304,3710,3648,3405,3093,4585,4561,3812,3347,7129,7085,4328,3519,6505,6358,4213,3470,12.5245,-15.3843,8.89691,48.512
39305,4172,3863,3463,3194,6225,4875,3718,3348,9244,5906,3876,3306,5450,4594,3572,3263,5.03988,-21.9102,8.96264,48.046
39306,3307,3395,3255,3044,3980,3937,3405,3209,6662,4783,3756,3324,12282,6040,3963,3503,24.7985,-28.2353,8.73116,47.8967
39307,7379,9149,4955,3780,5464,5795,4248,3620,3980,3941,3650,3294,3325,3372,3243,3024,-22.5405,-12.0766,8.75463,48.146
39308,4487,4157,3665,3177,6604,5813,3988,3530,7273,6197,3998,3352,4618,4356,3725,3312,0.908755,-17.2192,8.9142,48.168
39309,3235,3504,3813,3819,3383,3883,5178,4991,3506,4413,7766,6911,3512,4065,5130,5215,7.56457,13.5254,8.80211,48.216
39310,3331,3318,3287,3061,3804,3846,3689,3408,4962,5732,4456,3736,6330,9391,5630,3915,23.2521,-8.44348,8.51803,47.9307
39311,3326,3921,4677,4705,3595,4241,6917,6960,3440,3887,5665,5917,3326,3587,4095,4188,-3.03092,15.1749,8.73914,48.298
39312,3769,4867,8677,7468,3637,4337,5992,5394,3289,3608,3935,3961,3167,3394,3419,3477,-21.2087,12.3562,8.59735,48.2607
39313,3403,3869,5882,9652,3365,3888,5296,8076,3255,3595,3975,4409,3037,3300,3492,3454,-17.2537,24.3398,8.77428,47.9653
39314,3395,3914,6587,12288,3381,3869,4881,5918,3219,3461,3803,4036,3049,3259,3280,3392,-29.3248,25.1394,8.77597,47.8213
39315,12352,5832,3884,3345,6076,4792,3614,3314,3940,3751,3455,3343,3417,3443,3391,3131,-33.9851,-31.3213,8.56381,47.3867
39316,5658,7135,4744,3819,5406,7509,4914,3770,4102,4375,3924,3378,3572,3685,3432,3171,-14.0836,-9.31704,8.79125,48.396
39317,3268,3541,4217,4970,3368,3796,5065,8418,3419,3671,4888,8272,3276,3492,4165,4589,-0.669716,28.5765,8.7473,48.2767
39318,4042,4895,5075,4047,4261,6910,6966,4347,3860,4668,4778,3931,3535,3551,3706,3528,-7.99608,0.408615,8.974,48.0667
39319,9659,8651,4550,3520,5383,5037,4080,3499,4010,3795,3530,3268,3352,3342,3254,3052,-31.3532,-15.9856,8.93209,47.988
39320,3073,3346,3595,3666,3245,3546,4108,4867,3385,3796,5097,9574,3386,3775,5147,8264,13.1077,31.553,8.93299,47.9133
39321,3495,3974,4960,5688,3441,4057,6705,8016,3288,3750,4925,5523,3248,3427,3975,3977,-6.87694,17.4831,8.53193,48.2993
39322,3227,3480,4011,4232,3330,3812,5101,6353,3480,4015,6212,8285,3247,3757,4603,5149,4.05549,19.3826,8.72113,48.196
39323,3356,3325,3253,3185,3952,3706,3342,3160,5881,4699,3822,3447,12763,6084,4010,3342,29.0104,-32.01,8.5961,47.5513
39324,4902,5401,4341,3564,5834,8060,4738,3660,4554,5171,4040,3600,3731,3827,3530,3232,-7.49562,-10.0118,8.92378,48.1233
39325,4092,4835,4394,3794,4738,7380,5848,3931,4245,5534,4766,3746,3781,3880,3894,3580,-4.62119,-3.52526,8.78792,48.292
39326,3911,5199,6182,4682,4037,5639,7624,4921,3682,4140,4549,4062,3280,3520,3574,3515,-11.9882,4.22416,8.6473,48.3447
39327,3341,3899,6339,12257,3373,3767,4873,5916,3251,3366,3767,3899,3184,3283,3386,3365,-30.5273,24.9632,8.88892,47.5107
39328,3428,3482,3239,3007,3873,3967,3706,3349,5034,6216,4523,3706,6527,8946,5444,3871,20.6562,-9.55303,8.83366,48.212
39329,3600,4565,7522,8202,3706,4168,5946,6366,3382,3672,3850,4133,3144,3167,3492,3493,-19.679,16.0498,8.51682,48.272
39330,11754,6928,4088,3366,5877,4815,3835,3382,3854,3822,3572,3283,3401,3330,3249,3086,-29.5395,-22.4548,8.68505,47.7613
39331,3081,3390,3404,3219,3457,3769,3847,3572,3919,4659,5226,4492,4264,6877,9229,5548,27.3644,3.86643,8.63615,47.9687
39332,3096,3236,3358,3259,3229,3589,3786,3786,3590,4361,5177,5103,3767,5137,9841,7615,28.3473,11.63,8.96043,47.9533
39333,3266,3409,3628,3477,3475,3856,4689,4265,3780,4730,7773,5960,3688,4541,6293,5290,11.477,10.3616,8.50561,48.08
39334,3134,3304,3316,3286,3480,3538,3849,3556,3885,4734,5416,4501,4390,6888,9325,5485,25.1664,4.13677,8.81799,48.058
39335,3328,3693,4475,5264,3463,3756,5082,9321,3297,3671,4730,7120,3277,3484,3902,4294,-3.74318,31.6924,8.63591,48.1047
39336,3358,3690,4894,6940,3308,3707,5211,10012,3307,3637,4365,5427,3203,3270,3647,3894,-9.47836,29.5953,8.73721,47.9133
39337,3505,4336,8108,9804,3348,4004,5321,5900,3305,3631,3813,3854,3100,3284,3335,3366,-24.3656,17.451,8.97822,48.0093
39338,3810,4199,4405,3915,4130,6046,6461,4353,4007,5564,5884,4248,3508,3942,4164,3645,-1.78848,1.18963,8.9104,48.1873
39339,3986,4001,3644,3379,4954,6020,4231,3585,5834,7682,4628,3649,4541,4719,3982,3510,3.40559,-10.6698,8.73506,48.23
39340,3090,3255,3412,3388,3227,3383,3812,3973,3303,3916,4879,6218,3521,4031,6784,11848,26.311,22.8476,8.74827,48.0267
39341,3398,3407,3156,3057,3942,3723,3432,3257,6109,4715,3677,3420,12530,6052,3988,3344,29.3488,-28.5414,8.73907,47.4713
39342,3455,3347,3337,3171,3931,3734,3370,3368,5906,4678,3698,3355,12538,6027,3994,3441,30.4823,-31.9204,8.54702,47.5667
39343,6748,6567,4282,3465,7084,7021,4193,3583,4442,4275,3661,3404,3499,3648,3381,3154,-14.1691,-15.1032,8.61523,48.2713
39344,3780,4398,4631,4158,4056,6171,7128,4500,3873,5040,5397,4135,3526,3897,3952,3726,-4.43827,2.14435,8.75466,48.2453
39345,3450,3379,3240,3134,3882,3782,3342,3214,6050,4857,3865,3306,12356,6108,3876,3475,30.8636,-28.9201,8.57743,47.544
39346,3528,3342,3106,3100,4133,3944,3412,3202,6473,5205,3787,3328,10459,7261,4187,3518,22.7741,-20.0407,8.94409,47.99
39347,3305,3554,4261,4649,3359,3922,5582,7241,3358,3821,5807,7435,3288,3629,4208,4756,0.433417,19.542,8.88898,48.1167
39348,3145,3208,3462,3395,3139,3404,3840,4041,3308,3825,4762,6080,3363,3968,6245,12280,32.5817,25.5302,8.55139,47.6433
39349,9864,8390,4370,3522,5510,5141,3953,3477,3833,3897,3443,3317,3319,3423,3249,3202,-28.486,-17.261,8.80377,47.94
39350,3178,3361,3482,3512,3226,3552,4010,4172,3379,3739,5115,7692,3370,3883,5714,10617,19.1278,32.1129,8.67008,48.0013
39351,9777,8542,4426,3625,5533,5011,3973,3399,3846,3812,3452,3275,3413,3377,3225,3193,-29.4566,-16.7698,8.94275,47.9193
39352,3578,3659,3478,3326,4358,4947,4076,3535,5685,8172,5052,3646,5038,5876,4314,3825,9.55633,-8.79302,8.57235,48.3767
39353,3320,3940,5818,9694,3333,3852,5133,8368,3223,3524,4025,4524,3054,3243,3368,3572,-16.9707,26.1353,8.92771,47.994
39354,3371,3728,4436,4414,3503,4256,6387,6206,3475,4135,6875,6133,3310,3752,4299,4363,0.216637,14.1209,8.88578,48.4287
39355,9050,7163,4268,3460,6563,5810,4137,3517,4143,3934,3512,3195,3441,3355,3270,3055,-19.66,-18.3127,8.57927,47.9153
39356,3570,4472,8331,9398,3391,4057,5201,5743,3320,3470,3860,4004,3096,3235,3263,3441,-26.13,16.4763,8.65051,47.9013
39357,3364,4471,8642,9240,3515,4106,5145,5640,3346,3499,3882,3863,3192,3298,3401,3547,-32.6051,15.839,8.60134,48.1007
39358,7774,7201,4291,3618,6601,6286,4090,3512,4137,4045,3556,3308,3611,3439,3404,3197,-17.4852,-16.2671,8.97325,48.0467
39359,3517,3474,3272,3155,4574,4198,3590,3245,7619,5800,3963,3437,8393,6265,4127,3398,16.074,-19.7154,8.96186,48.018
39360,3180,3451,3786,4170,3237,3603,4502,6639,3354,3832,5058,9833,3299,3729,4677,5800,5.18293,31.3134,8.97695,48.1
39361,3102,3165,3308,3372,3286,3477,3839,3773,3429,4077,5180,5365,3651,4846,9200,8884,29.5089,14.522,8.9948,47.9693
39362,4687,6129,5217,4063,4925,7308,5753,3990,3807,4468,4282,3701,3499,3518,3535,3324,-12.0512,-3.71633,8.60172,48.1373
39363,3578,4192,4668,4189,3886,5438,7643,4867,3768,4672,6165,4536,3550,3727,4053,3707,-2.93488,5.65553,8.87182,48.426
39364,3439,3433,3305,3124,3991,4295,3697,3437,5423,7031,4733,3772,5996,7654,5004,3868,16.2819,-9.34406,8.527,48.1347
39365,3609,4457,4994,4288,3995,5719,7957,4982,3695,4431,5423,4205,3442,3687,3972,3619,-5.83843,5.14787,8.91925,48.3167
39366,4642,7536,8669,4922,4027,4807,5075,4235,3557,3708,3812,3672,3213,3221,3466,3324,-31.9282,1.68934,8.54914,47.924
39367,3346,3363,3280,3206,3655,4061,3942,3471,4595,6226,5405,4084,5024,7900,6490,4191,18.946,-2.92239,8.68119,48.1593
39368,3241,3373,3475,3410,3472,3988,4118,3878,3992,5516,6718,4667,4160,6131,7441,5000,16.9448,3.20477,8.92837,48.3867
39369,3217,3335,3539,3505,3406,3743,4274,3964,3688,4632,7246,5668,3738,4958,7364,5920,15.8551,10.1111,8.61,48.1313
39370,3375,3612,3667,3457,3660,4590,4925,4095,3982,6357,7516,4751,4000,4929,5217,4303,8.06609,2.31666,8.63815,48.2907
39371,3103,3239,3293,3434,3240,3505,3773,3982,3463,3964,5218,5712,3439,4154,7658,10661,33.215,19.5022,8.79692,47.892
39372,6828,4946,3771,3287,9947,5338,3673,3388,5484,4384,3571,3289,3902,3733,3369,3136,-9.37898,-32.0881,8.61516,48.0307
39373,3377,4030,6087,12363,3482,3735,4821,6445,3285,3319,3786,3940,3109,3212,3312,3430,-24.7193,31.4311,8.84428,47.822
39374,3177,3295,3436,3324,3319,3539,3830,3794,3643,4280,5222,4850,3778,5447,9751,6771,32.1318,9.55434,8.52633,47.6373
39375,3132,3138,3312,3415,3221,3389,3753,3969,3393,3727,4713,6109,3294,3876,6182,12927,29.9899,27.5761,8.9734,47.7
39376,5723,9882,6493,4088,4508,5038,4596,3986,3661,3885,3558,3412,3268,3409,3283,3247,-29.1609,-5.83416,8.51228,48.0247
39377,3131,3240,3380,3359,3144,3471,3699,3957,3464,3874,4709,5979,3368,3915,6043,12661,27.5581,32.9776,8.84247,47.596
39378,3359,3355,3208,3070,3823,3824,3504,3235,5669,5043,4022,3440,10535,7699,4270,3406,29.9905,-18.6818,8.72836,47.6413
39379,12261,5870,3819,3341,6179,4897,3684,3332,4084,3876,3495,3199,3482,3399,3180,3015,-33.8285,-28.909,8.56662,47.4087
39380,3670,4657,6759,5870,3863,4659,7423,5817,3374,3894,4462,4268,3276,3399,3528,3590,-13.7309,10.7135,8.54301,48.3393
39381,4210,6498,9631,5645,3849,4713,5056,4567,3450,3657,3798,3611,3155,3349,3353,3405,-31.9301,4.99866,8.74789,47.9647
39382,2984,3370,3799,3928,3340,3711,4453,5628,3309,3814,5435,9739,3412,3742,4773,6494,8.45435,25.8337,8.84694,47.954
39383,3100,3155,3376,3400,3278,3455,3872,3924,3441,3835,5051,5891,3359,4236,7585,11047,27.2245,19.8288,8.90407,48.0033
39384,3364,3980,6068,9557,3519,3823,5299,7954,3245,3575,3946,4350,3077,3348,3452,3544,-17.4125,23.8266,8.53738,48.0673
39385,3117,3366,3524,3569,3311,3632,4297,4227,3616,4537,7367,6060,3641,4545,7203,6058,14.8243,11.9608,8.91738,48.0467
39386,3234,3197,3410,3432,3430,3654,4062,3951,3686,4495,6753,5582,3697,5005,8053,6382,18.3492,10.8303,8.6056,48.0153
39387,9149,9003,4556,3461,5518,5108,4028,3483,3850,3845,3491,3342,3439,3370,3236,3080,-32.4066,-15.616,8.97213,47.9727
39388,3125,3305,3346,3384,3269,3465,3848,3930,3261,3860,4726,5986,3319,4025,6448,12447,32.231,24.7555,8.80577,47.8293
39389,3188,3599,3986,4660,3353,3654,4832,8228,3237,3775,4935,8719,3257,3656,4241,4878,0.652623,28.7133,8.92118,48.132
39390,4954,7035,5993,4269,4562,6717,5733,4087,3609,4141,3889,3624,3387,3403,3367,3247,-16.3641,-2.64955,8.92072,48.0113
39391,3191,3410,3434,3259,3474,3811,3880,3744,4067,5205,5708,4274,4432,7034,8333,5106,21.4279,2.15906,8.92615,48.2413
39392,3744,4347,4740,3969,4060,5735,7208,4645,3829,4971,5746,4224,3438,3902,3943,3849,-3.49996,3.65075,8.74794,48.2333
39393,3082,3399,3543,3471,3246,3518,4097,4595,3395,3891,5217,8973,3340,3793,5386,9054,15.2661,33.0775,8.9907,48
39394,8745,8148,4584,3617,5869,5755,4037,3512,4026,4037,3697,3335,3285,3435,3179,3074,-21.9856,-15.8388,8.6588,48.2233
39395,4423,7169,8867,5176,4013,4921,5367,4444,3446,3719,3858,3662,3293,3288,3426,3326,-25.1818,2.99299,8.58088,48.2653
39396,3090,3256,3396,3412,3206,3482,3867,4007,3360,3794,4960,7146,3432,3919,5945,11561,21.9208,28.4481,8.77779,47.8887
39397,3364,3313,3261,3136,3844,3786,3450,3224,6034,4677,3808,3300,12550,5868,3919,3425,30.9155,-31.8069,8.53136,47.306
39398,5203,5909,4430,3734,5917,8067,4799,3798,4355,4868,3966,3420,3631,3736,3522,3273,-10.0537,-10.1407,8.565,48.4187
39399,3584,3869,6677,11537,3323,3791,4901,6454,3296,3556,3861,4093,3076,3154,3389,3330,-24.4666,22.8284,8.7479,47.9273
39400,3566,4106,4856,4419,3718,4960,7816,5476,3635,4332,5845,4720,3315,3662,3977,3878,-4.41307,8.5856,8.50263,48.1873
39401,3578,3499,3323,3226,4946,4100,3569,3285,9759,5245,3843,3353,7809,5044,3765,3319,12.0223,-33.6874,8.97691,47.7753
39402,3334,3462,3532,3605,3308,3780,4548,4655,3654,4305,7274,7096,3502,4223,6112,6238,11.9797,14.59,8.62587,48.4187
39403,6542,4957,3749,3340,9405,5691,3929,3344,5714,4491,3507,3223,3911,3713,3495,3189,-8.83093,-23.6673,8.77887,48.1333
39404,7329,9741,5391,3823,4911,5194,4218,3677,3784,3762,3639,3286,3312,3396,3290,3221,-30.3227,-10.3009,8.55606,47.9827
39405,3633,4346,7223,7132,3580,4146,6596,6732,3393,3726,4177,4240,3117,3360,3537,3552,-16.0155,15.073,8.82412,48.3267
39406,3080,3471,3824,3893,3368,3788,5138,4987,3555,4268,7445,7132,3412,3994,5422,5456,7.97924,14.4481,8.70472,48.1553
39407,3445,3348,3138,3037,3802,3901,3484,3087,6081,4913,3866,3359,11874,6911,4114,3398,28.0463,-23.115,8.67928,47.8387
39408,5533,9542,6638,4240,4537,5229,4751,3991,3682,3842,3722,3410,3309,3364,3101,3106,-27.2739,-4.77491,8.6118,47.998
39409,4294,6925,9399,5526,3813,4605,5085,4526,3462,3870,3957,3688,3176,3282,3414,3239,-31.2784,4.32765,8.64528,48.174
39410,3836,3826,3530,3279,4837,5102,3944,3410,6575,7944,4602,3678,4945,5339,4117,3458,7.55111,-12.3679,8.58718,48.2813
39411,7508,9766,5271,3750,5134,5332,4310,3661,3797,3849,3621,3289,3290,3279,3289,3149,-27.4129,-11.1428,8.90944,48.1967
39412,3145,3434,3622,3745,3376,3603,4620,4964,3489,4180,6720,7934,3614,3977,5485,6368,10.4936,17.6436,8.61098,48.184
39413,4075,4710,4222,3667,4625,7254,5803,4036,4337,5704,4789,3878,3735,3998,3857,3436,-3.95884,-3.66511,8.56484,48.084
39414,3531,3907,5026,5062,3538,4337,7693,6791,3401,3962,5260,5102,3293,3468,3812,3886,-6.32729,13.7425,8.8973,48.046
39415,3487,3566,3208,3116,4277,4174,3489,3203,6796,6167,4177,3479,8162,7211,4344,3530,17.7312,-16.7914,8.8904,48.2573
39416,3355,3514,3202,3116,4214,4182,3653,3390,6389,6050,4200,3559,7828,7435,4520,3617,18.805,-15.592,8.55263,48.1493
39417,3375,3300,3277,3141,3902,3751,3465,3244,5980,4729,3778,3404,12515,6087,3903,3441,30.8011,-33.7388,8.56106,47.528
39418,3833,3928,3731,3473,4252,5793,4872,3890,4605,7326,6059,4004,4165,4624,4271,3770,3.80052,-3.11181,8.86172,48.3973
39419,3155,3234,3691,3815,3315,3581,4326,5441,3390,3791,5230,10041,3389,3777,4901,7046,9.70052,28.5081,8.75858,48.082
39420,5358,8483,6045,4151,4711,6288,5019,3829,3726,3904,3780,3661,3351,3412,3419,3181,-19.7105,-4.82801,8.67001,48.212
39421,5118,7456,5494,3988,4722,7041,5357,4033,3862,4189,3885,3475,3423,3470,3572,3320,-15.6473,-4.97628,8.85344,48.27
39422,4511,4458,3795,3372,6774,6626,4078,3525,6242,6057,4069,3400,4425,4323,3691,3277,-0.907557,-15.5659,8.74695,48.4153
39423,3177,3231,3307,3480,3212,3454,3748,4013,3376,3769,4777,6375,3353,3941,6150,12456,25.9715,27.4496,8.71861,47.8793
39424,3559,3452,3284,3174,4316,4088,3415,3168,8016,5432,3939,3391,9611,5958,3937,3469,17.8163,-24.1128,8.76577,48.1393
39425,3138,3273,3360,3348,3221,3425,3689,3793,3339,3881,4767,6107,3393,3891,6128,12696,26.9214,33.4493,8.93294,47.6327
39426,8025,9537,5139,3632,5065,5181,4226,3636,3814,3962,3575,3293,3263,3398,3236,3237,-28.2559,-12.358,8.63304,48.146
39427,3876,3821,3636,3387,4619,5537,4098,3566,5709,7896,4922,3703,4759,5059,4117,3539,6.70295,-9.50815,8.6857,48.1627
39428,3876,5095,8142,5928,3801,4819,6839,5194,3523,3778,4076,3965,3176,3340,3485,3406,-17.3337,8.78289,8.91558,48.2953
39429,3107,3362,3398,3471,3287,3635,4025,3941,3613,4233,5911,5521,3674,4833,8471,7673,21.9531,13.1974,8.64001,48.1033
39430,3640,4779,8556,7944,3426,4124,5872,5791,3285,3624,4056,3970,3129,3335,3415,3266,-21.806,13.8314,8.89782,48.1413
39431,3741,5379,9778,6921,3661,4252,5206,4938,3460,3503,3920,3801,3174,3286,3437,3404,-32.9531,10.006,8.65583,47.9073
39432,3202,3539,4108,4662,3275,3719,5202,7204,3403,3780,5468,8504,3244,3581,4317,4854,1.5697,22.7057,8.85468,48.0413
39433,3132,3322,3286,3385,3241,3450,3812,3846,3410,3973,4961,5736,3456,4225,7409,11393,32.251,20.0893,8.92042,48.0247
39434,3478,4019,5385,5804,3502,4305,7242,7664,3295,3777,4735,4945,3102,3446,3763,3870,-9.02129,16.3449,8.68272,48.2213
39435,3990,3785,3484,3169,5331,4960,3866,3356,7821,7101,4110,3438,5492,5249,3907,3425,7.33608,-16.8158,8.87859,48.3227
39436,3523,3419,3297,3105,4382,4147,3599,3214,7230,6097,4098,3549,8140,6634,4294,3461,16.4982,-17.8778,8.89287,48.126
39437,3310,3910,5957,12404,3455,3794,4692,6428,3318,3458,3788,3842,3025,3279,3283,3347,-25.4583,30.9038,8.59099,47.5267
39438,3375,3436,3268,3216,3906,3879,3451,3253,5546,5363,4059,3419,9104,8572,4636,3538,25.7317,-15.7134,8.80806,48.014
39439,11342,5896,3898,3316,7018,4893,3786,3425,4035,3842,3409,3352,3483,3408,3291,3114,-21.7047,-33.1006,8.57437,47.672
39440,5057,7725,6072,4232,4763,6489,5442,4053,3680,4124,3773,3562,3451,3472,3324,3210,-17.4395,-3.71879,8.96519,48.286
39441,5003,8202,6933,4433,4366,5799,5276,4005,3634,3965,3824,3574,3301,3335,3356,3267,-21.1961,-2.11917,8.60605,48.182
39442,3351,3677,4891,6412,3403,3886,5607,9652,3300,3637,4455,5673,3136,3430,3763,3934,-8.49805,24.2054,8.82603,48.138
39443,3205,3226,3390,3360,3262,3552,3875,3990,3328,3805,5032,5747,3374,4089,7248,11275,31.6203,21.1965,8.70206,47.8387
39444,3388,3383,3652,3583,3478,3840,4662,4384,3709,4744,7948,6050,3595,4407,5983,5184,10.4392,10.5634,8.56599,47.9933
39445,4953,4292,3553,3286,8266,5586,3842,3377,7633,5160,3777,3345,4579,4233,3600,3190,-1.1336,-23.2017,8.64526,48.448
39446,3849,3839,3289,3127,5917,4408,3610,3363,9990,5144,3817,3405,6653,4773,3742,3286,8.27491,-29.1118,8.69531,48.1413
39447,5739,8207,5315,3955,5063,6955,4905,3693,3939,4101,3736,3361,3469,3587,3273,3188,-17.4327,-7.75285,8.79987,48.324
39448,4051,6286,10031,6000,3889,4470,5213,4548,3560,3778,3771,3671,3133,3319,3355,3345,-31.2111,6.42526,8.99107,48.28
39449,3225,3279,3467,3224,3377,3713,3728,3767,4010,4668,5526,4484,4236,6839,9353,5425,24.6534,4.26264,8.90262,48.214
39450,4493,4327,3703,3455,6620,6228,4093,3497,6509,6171,4080,3482,4406,4385,3693,3316,-0.0571635,-16.0197,8.51607,48.3053
39451,3291,3589,4321,5055,3250,3890,5462,8651,3308,3724,5028,7393,3159,3491,4035,4427,-2.26668,23.6673,8.96458,48.0493
39452,3281,3363,3282,3314,3643,3706,3720,3556,4204,4903,4893,4006,4924,8322,8072,4807,30.9024,-0.507028,8.64948,47.9973
39453,4258,6095,7346,5025,3966,5424,6604,4621,3562,3901,3954,3762,3252,3393,3532,3405,-17.1808,3.40602,8.79565,48.0667
39454,9661,5447,3967,3371,8376,5175,3908,3384,4428,3972,3625,3226,3631,3337,3248,3156,-16.4245,-31.4618,8.82833,47.9413
39455,12133,5957,3959,3376,6484,4807,3853,3442,3925,3756,3337,3304,3431,3416,3205,3065,-24.7081,-30.1978,8.5196,47.6333
39456,3320,3462,3309,3040,3797,3818,3485,3266,5355,5249,4125,3514,8821,8896,4712,3579,32.0744,-14.7233,8.74155,47.832
39457,7304,5749,4147,3448,8181,6240,4105,3368,4689,4392,3600,3392,3575,3625,3379,3123,-13.1823,-19.2911,8.83307,48.2113
39458,8072,5105,3721,3288,9654,5235,3886,3385,5013,4115,3613,3223,3718,3600,3368,3155,-12.7733,-30.2261,8.98189,48.1007
39459,4176,6688,9612,5730,3817,4561,5314,4574,3575,3612,3945,3743,3198,3364,3337,3274,-26.9091,5.26015,8.9576,48.3467
39460,3998,6076,9885,6154,3722,4461,5433,4778,3401,3603,3887,3710,3165,3388,3235,3221,-25.5752,7.44073,8.8459,48.078
39461,9563,5637,3960,3416,8234,5198,3810,3306,4416,4066,3486,3183,3455,3394,3217,3151,-17.3965,-29.2744,8.54376,47.6613
39462,3115,3356,3840,4077,3266,3573,4462,5983,3325,3799,5452,9796,3401,3758,4723,6290,7.44269,25.6149,8.68278,48.144
39463,4896,4674,3825,3321,7231,6775,4161,3555,5753,5622,3893,3401,4156,4096,3588,3253,-3.62667,-16.1426,8.58625,48.1333
39464,3439,3381,3123,2979,4141,3905,3612,3215,7128,4969,3834,3359,11308,6088,4031,3456,21.1174,-25.4356,8.98554,47.9787
39465,6402,4840,3656,3335,9665,5217,3809,3359,5936,4470,3605,3263,4063,3795,3311,3170,-7.21909,-31.754,8.70149,47.9307
39466,3642,3595,3315,3152,4802,4208,3552,3352,7851,6389,4067,3498,7135,6062,4106,3473,13.218,-18.6654,8.9323,48.1327
39467,3398,3596,3685,3558,3736,4343,4745,4018,4070,6420,7459,4587,4104,5155,5689,4368,9.93357,2.53101,8.82773,48.6207
39468,3922,5845,9788,6526,3658,4348,5444,4806,3307,3643,4008,3658,3213,3327,3458,3288,-27.3215,8.25674,8.61563,48.1593
39469,3407,3590,4527,5824,3371,3894,4996,9778,3330,3681,4470,6581,3209,3479,3666,4087,-5.6985,32.1344,8.97361,47.9267
39470,9456,8383,4563,3468,5849,5395,4053,3490,3839,3870,3524,3300,3420,3381,3195,3007,-23.7345,-16.5447,8.96586,48.1287
39471,4377,3879,3559,3106,7092,4655,3734,3331,9559,5162,3785,3250,5445,4445,3643,3316,3.903,-29.2258,8.82977,48.2253
39472,3203,3264,3368,3237,3345,3523,3790,3821,3825,4283,5527,4835,3991,5859,9614,6543,26.6927,8.24382,8.50669,48.0187
39473,3449,3823,4502,4539,3425,4276,6912,6205,3539,4191,6205,5833,3338,3634,4280,4103,-1.24887,13.4296,8.58742,48.1693
39474,3150,3615,4162,4419,3441,3989,5702,6933,3413,4024,6014,7613,3328,3744,4476,4780,1.5556,18.762,8.51637,48.5353
39475,3088,3361,3630,3557,3339,3614,4287,4349,3526,4123,6561,7026,3428,4325,6568,7081,15.3477,16.111,8.62095,47.9087
39476,3437,3399,3271,3156,3890,3666,3423,3274,5275,5223,4155,3645,8222,9560,4935,3715,30.0683,-12.9801,8.92762,48.164
39477,2986,3238,3307,3393,3176,3394,3822,3884,3341,3781,4879,6824,3389,3916,6097,12226,24.0087,28.7774,8.99948,47.7687
39478,3609,3536,3300,3165,4185,4237,3773,3220,6363,7170,4326,3648,6491,7130,4605,3628,15.1812,-12.5664,8.94346,48.2573
39479,3097,3291,3297,3351,3173,3392,3868,3959,3468,3829,4724,5983,3378,3907,6829,11967,30.56,23.4549,8.51179,47.6753
39480,3138,3349,3429,3451,3406,3698,4090,4093,3597,4338,6578,5913,3583,4924,7974,6901,17.634,12.3702,8.95767,48.308
39481,3265,3962,6081,11845,3311,3643,4872,6684,3296,3503,3879,4066,3185,3215,3394,3468,-23.9212,28.0265,8.62617,47.7793
39482,3555,4200,5443,5110,3655,4591,8041,6306,3426,3901,5191,4848,3228,3499,3902,3786,-7.74655,11.5347,8.87993,48.4547
39483,3087,3205,3430,3382,3268,3459,3693,4007,3412,3851,4975,5781,3444,4209,7780,10927,30.0788,19.5259,8.8818,47.94
39484,4257,6755,9320,5529,3875,4696,5142,4463,3442,3765,3809,3624,3238,3161,3375,3309,-29.029,4.44005,8.68184,47.84
39485,3644,3567,3396,3120,4877,4157,3588,3164,9401,5153,3790,3446,8241,5233,3872,3372,13.4286,-30.8859,8.51625,48.014
39486,6205,7367,4720,3781,6156,6975,4588,3693,4107,4264,3653,3325,3574,3561,3283,3114,-16.0315,-11.7493,8.74378,48.244
39487,3385,3680,4624,4890,3581,4285,7118,6781,3480,3933,5732,5620,3265,3520,4037,4099,-3.58905,14.5908,8.96592,48.02
39488,3147,3176,3554,3659,3175,3437,3963,4520,3252,3821,5387,8265,3360,3864,5606,9337,16.3456,24.996,8.5961,47.682
39489,3287,3658,4268,5569,3431,3722,5282,9089,3371,3727,4563,7017,3221,3517,3931,4343,-3.53853,29.1463,8.6104,47.9973
39490,3094,3275,3357,3311,3408,3563,3727,3752,3733,4523,5430,4732,3961,5841,9682,6435,25.9779,8.1125,8.54081,47.8827
39491,9600,8356,4581,3487,5690,5148,4001,3488,3973,3860,3445,3231,3293,3454,3308,3177,-28.3361,-16.3009,8.70838,48.0613
39492,3699,4606,6103,4974,3746,5134,8091,5405,3526,3930,4751,4142,3176,3565,3666,3481,-11.0545,8.02757,8.91356,47.9967
39493,3442,3320,3293,3142,3954,3730,3408,3212,6074,4674,3753,3329,12589,5876,3806,3405,33.1514,-29.5878,8.81626,47.338
39494,3437,3754,4567,4687,3512,4307,6994,6495,3521,4098,6106,5675,3282,3658,4099,4101,-2.44595,13.8968,8.63919,48.1953
39495,3450,3433,3211,3080,4016,3892,3584,3282,5720,5130,3944,3383,10397,7694,4214,3454,33.7775,-19.0069,8.64856,47.9227
39496,3208,3464,3710,3818,3310,3677,4430,5399,3372,3879,6098,9089,3509,3713,5210,6358,9.25596,20.721,8.66736,48.1627
39497,3402,3957,5964,11763,3399,3820,5002,6865,3249,3464,3824,4112,3116,3185,3422,3400,-22.6995,28.4829,8.6458,47.9627
39498,6394,4787,3759,3224,9682,5583,3899,3346,5888,4509,3694,3309,3977,3661,3303,3136,-7.92753,-25.28,8.54113,48.1007
39499,3609,4031,3945,3549,4258,5957,5226,3913,4276,6781,6013,4124,3783,4386,4316,3739,2.51775,-1.8825,8.72086,47.9373
39500,3493,3617,3725,3519,3854,4601,4808,3950,4178,6600,7497,4465,4044,4884,5273,4245,7.76003,1.51251,8.7743,48.502
39501,9614,7945,4317,3502,5977,5246,4092,3548,4124,3931,3405,3193,3413,3331,3325,3105,-23.362,-17.8814,8.70014,48.0453
39502,3378,3524,3341,3166,3764,4253,3984,3650,4621,7070,5645,4089,4869,6952,5772,4113,15.1809,-3.73374,8.73888,48.1273
39503,9374,8716,4679,3513,5549,5133,4114,3430,3860,3779,3454,3261,3362,3309,3219,3009,-27.4895,-15.8295,8.78125,47.8407
39504,3401,4121,7103,11394,3392,3808,4936,5898,3071,3577,3874,3938,2996,3215,3475,3327,-28.6659,21.7854,8.53427,47.684
39505,3645,4146,5262,4943,3624,4469,7916,6324,3471,4123,5319,4827,3327,3621,3917,3791,-7.01877,11.9047,8.58171,48.4833
39506,3834,4548,4582,3940,4245,6295,6955,4351,3809,5166,5482,4222,3549,3799,3893,3670,-3.98058,1.54606,8.63763,48.2267
39507,3133,3201,3601,3754,3306,3658,4276,5487,3368,3759,5255,9929,3317,3816,5053,7070,10.0769,33.1809,8.89042,47.9887
39508,3376,3432,3351,3198,3652,3804,3617,3401,4773,5244,4525,3751,6260,9855,5872,3926,33.7813,-7.28315,8.96564,48.0247
39509,3588,4852,9206,8374,3506,4177,5371,5335,3217,3535,3832,3811,3135,3236,3464,3394,-25.7014,13.6397,8.71808,48.022
39510,3994,3836,3514,3174,5944,5047,3707,3424,8142,6647,4064,3469,5347,4760,3808,3442,5.19713,-18.5475,8.79799,48.2127
39511,3476,3875,4359,4372,3555,4399,6902,5752,3595,4432,6711,5581,3386,3833,4263,4187,-0.717792,11.2656,8.84706,48.452
39512,3513,4645,8754,9043,3370,4082,5191,5344,3248,3470,3951,3788,3145,3173,3363,3392,-32.2688,15.1254,8.58628,47.648
39513,3281,3397,3599,3620,3367,3841,4587,4225,3655,4749,7932,5828,3716,4517,6465,5450,12.1508,10.0371,8.82373,48.1527
39514,4007,5707,9927,6610,3653,4370,5398,4868,3375,3668,3818,3679,2981,3244,3427,3282,-27.0037,8.65842,8.67981,48.0093
39515,3456,4297,7732,9980,3439,3997,5336,6141,3274,3594,3871,4022,3044,3296,3385,3395,-22.7168,18.2041,8.97354,48.1727
39516,3215,3561,3968,4038,3431,3906,5582,5415,3553,4334,7383,7066,3356,3930,4771,4848,4.91478,14.4559,8.99289,48.238
39517,3344,3498,3428,3352,3879,4139,3897,3710,4712,6730,5614,4012,4848,7022,5952,4161,15.8388,-3.37799,8.61515,48.1987
39518,3003,3208,3383,3285,3204,3572,3841,4012,3390,3903,5210,6234,3494,4246,7435,10575,23.8359,19.4044,8.76854,47.9967
39519,7103,5008,3693,3243,9878,5386,3837,3360,5539,4241,3615,3265,3803,3703,3403,3202,-10.1867,-26.5055,8.69158,48.186
39520,3395,3432,3177,3188,3998,3776,3655,3204,5567,5047,3980,3418,10188,7960,4332,3509,30.1677,-18.3018,8.76032,47.884
39521,3407,3842,6184,12540,3317,3786,4818,6009,3207,3385,3760,3992,3170,3160,3400,3415,-32.9812,25.9702,8.83874,47.5947
39522,3947,3728,3300,3136,5682,4282,3601,3206,9811,5105,3798,3369,6889,4931,3918,3313,9.32661,-29.8855,8.56108,48.0107
39523,6785,6606,4393,3587,6756,6981,4303,3564,4379,4335,3706,3416,3488,3541,3294,3256,-14.4347,-14.2769,8.71087,48.26
39524,4319,4095,3507,3179,7520,4807,3723,3276,9331,5216,3695,3274,5225,4174,3625,3227,2.64755,-29.3243,8.95443,48.1287
39525,3180,3296,3364,3336,3362,3585,3764,3743,3845,4413,5198,4660,3999,6156,9839,6210,30.2399,7.22175,8.67272,47.9667
39526,3289,3615,4103,4255,3468,4045,5760,6257,3400,4117,6565,6891,3283,3680,4458,4776,2.16169,16.4531,8.67015,47.9747
39527,3117,3445,3846,3811,3384,3726,4903,4996,3489,4329,7184,7211,3426,4109,5537,5702,9.05217,14.8605,8.61702,48.1433
39528,3273,3508,4040,4295,3338,3893,5475,6127,3556,4066,6306,7808,3479,3841,4554,4947,3.22043,18.0134,8.74531,48.3373
39529,3453,3735,3689,3537,3982,4730,4500,3794,4463,7313,6680,4202,4332,5197,4999,3941,8.67396,-1.58925,8.92761,48.3647
39530,3718,4080,4248,3915,3921,5591,6393,4294,4066,5592,6309,4362,3706,3926,4186,3887,-0.201452,2.37023,8.7581,48.1293
39531,9289,6167,4002,3374,7855,5498,3877,3421,4397,4097,3540,3243,3506,3534,3258,3045,-16.8624,-22.3958,8.88368,48.0687
39532,3577,3348,3312,3201,4226,3931,3517,3191,7845,4943,3841,3423,10301,5679,3961,3353,18.4339,-32.6386,8.68164,47.766
39533,3466,3460,3220,3105,3963,3992,3677,3409,5517,6667,4523,3842,6416,8040,4946,3832,17.8652,-10.262,8.63122,48.05
39534,3966,3978,3754,3441,4784,6272,4620,3773,5208,7456,4956,3706,4312,4609,4084,3562,2.25286,-7.84803,8.90727,48.3207
39535,10139,5591,3894,3308,8160,5004,3843,3354,4538,3953,3463,3162,3601,3510,3311,3054,-17.7917,-28.6133,8.70401,47.9233
39536,3742,4915,7638,6382,3492,4593,6884,5542,3351,3755,4268,4045,3180,3432,3469,3385,-16.8245,10.3117,8.84329,48.0487
39537,2987,3329,3493,3763,3304,3486,3943,4807,3371,3772,5217,9329,3251,3906,5302,8684,14.1887,28.7407,8.84453,47.9627
39538,3032,3314,3315,3307,3317,3507,3883,3861,3590,3905,5384,5401,3666,4834,9148,8509,26.6218,13.7654,8.78044,47.982
39539,3101,3295,3675,3765,3294,3601,4342,5518,3349,3846,5376,9921,3352,3829,4891,7184,9.9503,27.67,8.99964,48.226
39540,3295,3726,4841,6526,3353,3825,5214,9960,3334,3627,4330,5717,3249,3362,3653,3903,-8.60597,32.8673,8.81518,47.9433
39541,3689,5071,7974,6164,3705,4659,6756,5371,3448,3754,4133,3879,3214,3303,3421,3476,-17.5444,9.61983,8.5472,48.0113
39542,7165,9906,5428,3813,4867,5185,4315,3763,3858,3809,3492,3384,3276,3409,3335,3078,-30.2772,-10.0393,8.67883,48.0553
39543,5679,4486,3623,3279,9522,5410,3840,3267,6628,4657,3672,3347,4298,3845,3484,3179,-5.05942,-25.5908,8.78733,48.144
39544,3475,3414,3173,3048,4079,3882,3512,3234,7164,4870,3750,3359,11782,5997,3909,3372,21.9988,-28.7336,8.80769,48.0133
39545,3250,3315,3392,3296,3447,3747,3807,3738,3734,4404,5190,4667,4080,6033,9937,6253,28.9168,7.20684,8.55065,48.1933
39546,5119,7378,5516,4033,4887,6931,5160,3955,3898,4128,3911,3637,3510,3450,3345,3290,-16.0005,-5.54361,8.63926,48.0987
39547,3321,3516,3638,3710,3604,4169,5125,4262,3737,5279,8135,5231,3723,4567,5727,4643,8.88612,7.05004,8.74333,48.258
39548,4086,4113,3612,3318,5526,6170,4263,3513,6267,7169,4269,3591,4521,4671,3714,3376,2.13376,-13.0166,8.90198,48.1193
39549,3310,3975,5697,10128,3444,3850,5096,8163,3213,3560,3909,4368,3162,3247,3389,3440,-17.6907,33.8569,8.9812,47.9673
39550,10899,7481,4159,3358,5886,4986,3877,3358,3936,3656,3548,3380,3378,3424,3302,3238,-32.1863,-20.0001,8.73451,47.9107
39551,6837,9755,5224,3846,4863,5405,4394,3726,3717,3843,3746,3332,3273,3410,3292,3180,-33.7222,-9.97223,8.77491,47.8953
39552,6197,4537,3578,3278,9983,5229,3881,3308,6262,4599,3550,3367,4061,3888,3480,3096,-6.45171,-28.1534,8.85998,48.196
39553,3293,3640,4200,4285,3564,4111,6241,5859,3455,4191,6895,6348,3369,3788,4459,4531,1.36739,13.8881,8.82886,48.1527
39554,3579,3650,3312,3188,4177,4527,3902,3342,5794,7800,4791,3726,5305,6738,4698,3684,12.6443,-9.65705,8.61328,48.142
39555,3465,3671,3535,3342,3826,4341,4223,3692,4420,6879,6589,4243,4517,6008,5698,4260,12.4887,-0.771345,8.86243,48.4727
39556,6389,5675,4064,3564,7960,6670,4288,3486,4835,4624,3737,3282,3837,3575,3391,3175,-10.8192,-17.0884,8.70666,48.368
39557,3685,4889,9084,8459,3531,4057,5277,5374,3315,3638,3795,3827,3109,3199,3322,3444,-31.5928,14.0464,8.55943,48.0033
39558,5318,8892,7153,4501,4350,5448,4909,3905,3599,3821,3766,3473,3310,3383,3287,3226,-24.3317,-3.07077,8.75982,48.2273
39559,6663,10095,5669,3754,4904,5183,4393,3652,3668,3877,3626,3375,3307,3443,3320,3144,-32.3931,-8.86605,8.841,48.0487
39560,3226,3416,3334,3192,3495,3682,3809,3541,4197,4850,5038,4188,4680,8033,8712,4956,26.9496,0.919866,8.98864,48.2327
39561,4679,8075,8566,4876,4172,4875,4965,4120,3546,3771,3836,3615,3243,3366,3281,3271,-29.1311,0.69743,8.90674,48.1713
39562,4686,4080,3394,3246,8242,5016,3771,3279,8352,5018,3812,3339,4786,4206,3687,3225,0.299113,-29.3515,8.63926,48.0927
39563,3445,3799,4835,4873,3505,4137,7204,6958,3426,4053,5509,5644,3371,3575,4038,4038,-4.22027,15.0328,8.73036,48.2733
39564,3427,3782,4150,3891,3635,4602,6368,4765,3771,4955,7581,5167,3709,3949,4653,4225,2.54301,7.83629,8.87787,48.42
39565,3454,3390,3238,3247,4052,3864,3527,3273,6898,4734,3755,3507,11522,5920,3986,3399,21.8661,-32.6995,8.55309,47.844
39566,3393,3789,5672,8688,3384,3933,5568,8806,3308,3528,4140,4652,3007,3255,3446,3555,-14.7692,23.7476,8.99547,48.0827
39567,4593,4151,3585,3184,7192,5375,3778,3415,7864,5762,3913,3314,4998,4386,3680,3259,1.37769,-20.6475,8.77421,48.2993
39568,4521,7503,8849,5168,4006,4878,5193,4401,3556,3769,3784,3611,3248,3364,3373,3378,-26.7711,2.18659,8.79173,48.4013
39569,3370,3406,3228,3082,3798,3939,3598,3421,4929,5341,4214,3513,7562,9887,5195,3661,27.1221,-11.234,8.81253,48.096
39570,3821,3973,3799,3284,4493,6001,4648,3622,5044,7723,5373,3934,4064,4708,4216,3573,3.60686,-6.13102,8.92657,48.184
39571,3441,3363,3291,3205,4430,4064,3560,3325,8404,5126,3877,3386,9556,5586,3934,3402,17.2021,-32.4662,8.52393,47.9667
39572,3999,3800,3430,3176,5650,4325,3685,3233,9778,5414,3810,3354,6782,4894,3777,3180,9.14206,-26.2894,8.52291,48.1913
39573,3406,3236,3342,3158,3822,3942,3654,3460,4833,6336,4811,3862,6055,8743,5798,4003,20.4106,-7.3501,8.76159,48.3073
39574,9602,5768,3977,3395,8110,5231,3862,3369,4525,4129,3453,3257,3476,3462,3226,3102,-16.9053,-25.2729,8.59748,47.9627
39575,3382,4094,6762,11690,3317,3723,4974,5858,3243,3522,3731,4037,3130,3250,3390,3473,-33.9322,22.8911,8.7198,47.7173
39576,8843,6911,4153,3530,7119,5644,3953,3502,4325,4080,3622,3177,3386,3401,3309,3113,-18.9316,-19.1927,8.53542,48.0453
39577,3192,3298,3435,3258,3228,3380,3923,3863,3440,4057,5108,5582,3551,4385,8292,9990,33.9752,17.3748,8.97737,47.988
39578,3626,3526,3282,3172,4408,4364,3628,3273,7299,6800,4186,3506,6828,6477,4180,3541,13.6944,-16.1019,8.83665,48.064
39579,4324,5080,4455,3891,4775,7450,5952,3963,4070,5410,4716,3811,3658,3761,3705,3515,-6.19389,-3.36888,8.55112,48.3573
39580,3385,3417,3327,3114,3807,3857,3594,3403,5014,5692,4492,3599,6647,9365,5501,3888,22.9714,-9.48968,8.61932,48.068
39581,3464,3426,3192,3130,3976,3827,3469,3191,6015,4724,3737,3396,12607,5953,3911,3400,29.6636,-31.6485,8.58418,47.612
39582,3100,3213,3299,3552,3294,3485,3978,4223,3458,3833,5439,6803,3474,4164,6942,9684,20.7495,20.2452,8.6872,47.9607
39583,7303,6868,4275,3507,7084,6518,4172,3498,4369,4178,3598,3360,3541,3572,3212,3237,-15.506,-16.3204,8.87271,48.1947
39584,3275,3646,4486,5952,3316,3876,5308,9737,3231,3647,4446,6637,3184,3427,3770,4066,-5.76025,26.8196,8.95679,48.0027
39585,3958,3824,3624,3362,4697,5477,4163,3537,5813,7895,4776,3655,4768,5072,4067,3559,5.95993,-10.0686,8.50645,48.1647
39586,3274,3568,3904,4039,3387,3888,5301,5583,3429,4358,7171,7241,3422,3816,4829,4979,5.03296,15.5539,8.89753,48.126
39587,8635,8348,4603,3542,5789,5705,4189,3557,3905,3933,3567,3356,3449,3383,3235,3050,-22.5309,-15.1493,8.89915,48.164
39588,3109,3195,3545,3434,3243,3586,4156,4321,3442,3858,5487,7657,3415,4064,6406,9774,18.7352,21.8952,8.77301,48.4613
39589,3243,3331,3368,3439,3377,3492,3743,4052,3439,3619,4750,5930,3414,3722,5719,12666,33.4797,31.196,8.89362,47.536
39590,3854,3721,3298,3202,5268,4364,3570,3220,9430,5729,3827,3327,7074,5275,3890,3227,10.4878,-23.6845,8.67518,48.184
39591,4251,6703,9385,5636,3891,4693,5152,4500,3412,3711,3864,3607,3221,3335,3392,3450,-32.5911,4.47882,8.51568,48.1353
39592,3821,5501,9543,6968,3795,4395,5449,4963,3331,3581,3833,3753,3102,3256,3410,3338,-26.1917,9.87418,8.53642,48.026
39593,3644,3600,3244,3112,4938,4200,3559,3307,9356,5152,3856,3467,7919,5113,3964,3440,12.8853,-33.5057,8.70447,47.914
39594,3259,3347,3843,3825,3196,3660,4260,5538,3407,3759,5352,9618,3390,3791,4898,6804,9.42734,33.2249,8.61509,47.9647
39595,3582,3454,3245,3044,4332,3968,3490,3283,7777,5452,3977,3396,9310,6216,4024,3498,17.5947,-22.1108,8.53689,48.032
39596,4633,6564,5876,4265,4544,6796,5892,4106,3824,4186,4017,3729,3402,3589,3432,3355,-14.4797,-2.33475,8.78421,48.14
39597,3144,3358,3411,3389,3408,3784,4223,4024,3694,4641,6838,5504,3860,5035,7904,6076,17.1949,9.64342,8.66692,48.1953
39598,3110,3144,3337,3394,3435,3556,3845,3930,3636,4129,5193,5349,3508,4592,9047,8937,33.4132,15.0139,8.81116,48.0947
39599,3311,3393,3411,3163,3648,3754,3665,3405,4645,5261,4398,3801,6208,9782,6194,4007,31.7657,-7.25992,8.87066,48.0307
39600,3154,3266,3637,3645,3345,3786,4284,4751,3457,4074,6384,8192,3445,4115,5710,7043,12.4436,18.8055,8.52631,48.192
39601,4037,4425,4049,3466,5115,7248,4865,3694,4861,6775,4746,3665,3974,4152,3784,3399,-0.929721,-7.48978,8.95469,48.17
39602,3166,3421,3858,4319,3303,3736,4709,6820,3373,3822,5468,9505,3244,3603,4593,5536,4.46151,24.8111,8.80231,48.3173
39603,5951,9009,5730,4023,4867,6137,4576,3751,3757,3969,3628,3406,3328,3370,3266,3272,-21.0296,-7.65734,8.73176,48.0267
39604,3911,5773,9798,6418,3680,4440,5254,4768,3422,3619,3809,3753,3160,3257,3437,3427,-32.1166,7.84816,8.61521,47.9507
39605,3088,3461,3718,3911,3401,3760,4572,5170,3485,4083,6597,8104,3471,4012,5222,6076,9.16009,18.2713,8.58655,48.0873
39606,3965,5807,9844,6498,3704,4464,5228,4731,3404,3598,3907,3763,3174,3375,3282,3282,-29.5672,8.35266,8.67499,48.0173
39607,3372,4012,5981,10973,3390,3760,4994,7305,3201,3555,3865,4121,3032,3242,3375,3437,-20.6186,26.264,8.63418,47.7433
39608,3390,3648,3628,3457,3621,4479,4692,3836,4139,6415,7336,4509,3857,5201,5525,4308,9.93423,1.784,8.89155,48.0273
39609,3452,3482,3213,3109,3810,3761,3419,3266,5964,4737,3753,3344,12577,6117,3963,3471,30.4108,-31.0685,8.5817,47.6253
39610,3211,3503,3732,3796,3385,3877,4803,4583,3566,4227,7685,6748,3644,4139,5927,5682,9.94982,13.3187,8.54322,48.3387
39611,4368,6145,6848,4604,4286,6011,6522,4437,3747,4026,4090,3738,3393,3451,3375,3293,-15.9075,0.960499,8.58856,48.2227
39612,5258,9256,7349,4232,4299,5032,4921,4031,3537,3739,3721,3472,3364,3356,3275,3156,-29.3103,-2.91697,8.91618,47.9987
39613,3645,3541,3280,3124,5145,4091,3527,3229,9636,5304,3797,3341,7814,5079,3886,3413,11.8769,-27.9594,8.89167,47.9013
39614,3202,3366,3409,3166,3680,3720,3625,3374,4407,5275,4771,4003,5366,9181,7017,4340,26.4312,-3.78994,8.57133,47.9347
39615,3287,3573,4152,4761,3372,3725,4861,8276,3282,3717,5004,8322,3232,3578,4126,4689,0.189235,26.7925,8.96026,47.9713
39616,3029,3267,3546,3593,3365,3533,4123,4569,3512,3945,5777,7616,3402,4127,6217,8723,16.5155,21.0451,8.54033,48.2293
39617,3590,3992,4132,3744,3979,5415,6408,4424,3919,5463,6636,4534,3718,4009,4275,3889,0.423889,2.92331,8.81658,48.0847
39618,5984,5004,3856,3369,8486,6396,3976,3608,5467,4727,3695,3311,3901,3756,3450,3120,-8.12909,-19.4627,8.5512,48.0707
39619,3449,3926,5036,6039,3537,3906,6138,8610,3364,3678,4761,5582,3153,3427,3720,3997,-7.76774,20.2916,8.59001,48.2153
39620,9355,8722,4437,3508,5501,5287,4032,3388,3915,3887,3527,3261,3380,3423,3232,3175,-33.459,-16.0697,8.96582,48.02
39621,3259,3334,3247,3150,3728,3953,3688,3311,5088,5759,4355,3669,7001,9235,5392,3794,23.1407,-10.4317,8.69223,47.9753
39622,11498,6545,3944,3362,6862,5070,3841,3374,4038,3831,3513,3241,3452,3407,3169,3090,-22.5025,-23.5542,8.83283,48.158
39623,5293,4480,3647,3239,9090,5207,3774,3419,6832,4786,3691,3205,4248,4060,3461,3215,-3.812,-32.3368,8.62317,47.7647
39624,3640,4745,8878,8786,3557,4046,5345,5539,3324,3673,3770,3858,3047,3204,3419,3498,-24.1687,14.8674,8.87055,48.2193
39625,6588,4840,3739,3373,9928,5255,3833,3441,5542,4409,3637,3282,3830,3669,3467,3205,-8.65803,-33.4292,8.60252,48.0253
39626,3203,3442,3725,3925,3217,3608,4379,5579,3335,3818,5376,9549,3344,3803,4923,6782,9.15375,26.5358,8.50137,48.0053
39627,12361,6086,3943,3371,6234,4826,3763,3340,4002,3775,3297,3229,3354,3196,3269,3193,-24.8771,-33.7281,8.99347,47.4927
39628,8072,6627,4251,3494,7167,6033,4167,3419,4349,4060,3643,3269,3557,3453,3348,3266,-16.6301,-17.9504,8.9006,48.1167
39629,3565,4353,7243,8020,3466,4066,6078,6803,3342,3674,4030,4343,3144,3249,3489,3518,-17.7094,16.8424,8.82072,48.2553
39630,3128,3443,3914,4334,3295,3735,4981,6970,3391,3962,5352,8808,3372,3583,4504,5256,3.34755,23.1293,8.71045,48.0187
39631,4575,4156,3473,3203,7562,4942,3754,3354,8642,5242,3760,3448,5001,4208,3617,3273,1.71705,-25.0606,8.60061,48.14
39632,3309,3455,3435,3280,3645,3985,3937,3731,4236,5870,6309,4461,4379,6633,7154,4603,17.1313,1.14941,8.72741,48.2813
39633,3252,3397,3917,4153,3398,3734,4650,6797,3349,3803,5188,9501,3164,3633,4505,5441,4.46265,33.9887,8.74284,47.9213
39634,3657,3487,3233,3130,4549,4232,3652,3308,8146,5847,4121,3382,7964,6065,4091,3401,14.8901,-20.1222,8.61533,48.1767
39635,6658,5255,3829,3340,8734,6218,3907,3427,5266,4459,3776,3389,3931,3708,3334,3028,-9.6279,-20.5977,8.6032,48.1727
39636,5073,5088,4004,3457,6599,7585,4450,3492,5002,5193,3912,3398,3890,3774,3470,3280,-6.67774,-13.269,8.81284,47.778
39637,3434,3939,5963,12475,3434,3654,4678,5790,3191,3328,3678,3873,3294,3261,3426,3383,-31.2687,33.971,8.90123,47.2007
39638,3344,3676,4869,6150,3352,3772,5303,9804,3391,3623,4462,5902,3155,3358,3710,3895,-7.63232,33.7107,8.52453,47.844
39639,3366,3362,3238,3090,3919,3862,3734,3313,6084,5834,4177,3494,8675,8261,4610,3612,21.2238,-16.0026,8.98766,48.4207
39640,11912,6328,4115,3343,6544,4894,3845,3253,4108,3858,3457,3251,3384,3277,3160,3046,-24.1379,-26.1885,8.62688,47.85
39641,4420,7344,8908,5231,3983,4946,5292,4211,3481,3783,3732,3717,3280,3311,3336,3192,-26.3976,2.93474,8.65596,48.1113
39642,4149,5581,6131,4529,4236,6287,7182,4534,3700,4201,4423,3790,3390,3507,3465,3456,-12.909,1.80241,8.82024,48.374
39643,3501,3483,3285,3093,4223,3905,3504,3283,7862,4970,3850,3367,10452,5610,3878,3374,18.943,-31.0647,8.68338,47.76
39644,3253,4048,6790,11961,3335,3876,4924,5960,3196,3437,3829,3894,3218,3198,3307,3305,-30.3326,23.53,8.54235,47.6873
39645,7030,6232,4081,3487,7489,6771,4258,3484,4570,4342,3760,3396,3617,3568,3424,3081,-13.3479,-16.6214,8.5414,48.3933
39646,3235,3573,4031,4307,3427,3842,5080,6607,3475,3934,5752,8449,3301,3655,4507,5131,3.6076,21.0912,8.76167,48.204
39647,3788,3753,3404,3228,4556,4656,3841,3375,7174,7401,4374,3502,5996,5901,4203,3539,11.1321,-14.4699,8.82189,48.4607
39648,12295,6155,3887,3350,6103,4776,3733,3392,4005,3805,3387,3275,3458,3362,3235,3073,-33.3143,-25.8458,8.9277,47.5273
39649,3399,3956,5813,11408,3328,3837,4914,7061,3178,3591,3829,4173,3034,3299,3516,3353,-22.1317,30.1243,8.56719,47.7927
39650,3305,3572,4303,4993,3337,3681,5151,8674,3276,3761,4873,7937,3245,3512,3961,4591,-1.30294,31.5094,8.64685,48.1147
39651,11525,7210,4119,3450,6073,5055,3814,3348,3951,3756,3374,3256,3345,3339,3178,2998,-28.4299,-21.6928,8.69606,47.8607
39652,3110,3273,3377,3312,3367,3646,3871,3791,3704,4577,5917,4920,3930,5647,9261,6316,22.5335,8.50703,8.77346,48.0127
39653,3436,3802,5215,8014,3501,3795,5227,9368,3277,3581,4129,4955,3138,3241,3607,3632,-12.6001,32.7228,8.85475,47.9453
39654,4419,3996,3480,3180,7176,4673,3611,3302,9412,4959,3818,3384,5403,4377,3572,3295,3.39213,-29.0447,8.64622,48.038
39655,3313,3372,3230,3085,4049,3941,3465,3286,7406,4932,3723,3435,11501,5771,4014,3370,20.742,-31.9933,8.92824,47.9287
39656,3187,3488,3492,3411,3609,3947,4262,4014,3889,5120,7096,5183,3892,5148,7364,5413,15.4598,7.45992,8.57509,48.3433
39657,12453,6172,3778,3432,6385,4759,3864,3384,3946,3877,3399,3269,3350,3402,3286,3081,-25.2475,-27.537,8.58078,47.8913
39658,3632,3865,3716,3480,4337,5652,4516,3726,4939,7877,5639,3798,4239,4944,4414,3763,5.59892,-4.87024,8.81081,48.358
39659,4378,5010,4412,3748,5013,7900,5391,3853,4544,5558,4462,3559,3726,3831,3645,3508,-5.35505,-6.29007,8.5628,48.3587
39660,8972,7168,4296,3402,6786,5711,4040,3511,4098,3954,3550,3334,3497,3466,3317,3106,-19.5971,-18.1393,8.50733,48.1387
39661,4508,3971,3460,3206,7445,4800,3669,3231,9486,5110,3800,3333,5324,4266,3626,3209,3.00102,-27.7839,8.83277,48.296
39662,3201,3261,3357,3388,3241,3465,3699,3825,3461,3741,4684,5981,3301,3822,6033,12659,32.987,30.8457,8.68628,47.4127
39663,3415,3441,3302,3065,3913,3812,3481,3263,5667,4962,4009,3485,10222,8114,4201,3533,32.3539,-17.9493,8.89569,47.9233
39664,4376,7303,8778,5083,3956,5022,5500,4338,3504,3685,3767,3629,3176,3389,3412,3256,-23.5303,2.32053,8.74758,48.116
39665,3962,5824,9254,6114,3794,4653,5977,4824,3421,3640,3815,3753,3167,3292,3542,3331,-21.996,7.26933,8.59699,48.242
39666,3608,5134,9573,7760,3631,4090,5183,4962,3324,3599,3800,3844,3058,3308,3411,3281,-31.2026,11.5227,8.77713,47.7107
39667,6131,9890,6159,4022,4578,5265,4565,3755,3729,3820,3639,3445,3244,3490,3186,3083,-26.66,-6.83889,8.72586,48.0007
39668,5497,4411,3512,3287,9492,5148,3795,3467,6963,4693,3825,3301,4279,3815,3534,3199,-4.23839,-29.4019,8.6137,48.1453
39669,4275,6802,9361,5663,3951,4649,5185,4604,3452,3814,3766,3658,3127,3216,3353,3233,-27.1138,4.12385,8.70279,48.0727
39670,3166,3284,3457,3641,3297,3572,4130,4850,3381,3874,5071,9279,3366,3868,5338,8580,14.1043,29.2615,8.72834,48.1027
39671,3126,3302,3438,3331,3432,3618,3802,3745,3798,4366,5181,4645,3975,5953,9879,6419,29.7539,7.87828,8.83558,48.0067
39672,3617,3614,3381,3152,4376,4058,3511,3315,8310,5698,3795,3313,8858,6002,4065,3271,16.4174,-21.7601,8.9804,48.224
39673,3332,3624,3592,3533,3623,4032,4779,4084,3891,5537,7803,5033,3943,4838,5956,4789,10.7857,5.9332,8.54825,48.2593
39674,3234,3555,3901,3751,3442,3988,5049,4600,3601,4748,8157,6220,3624,4209,5420,4960,8.29652,11.1468,8.60515,48.306
39675,3788,5007,8489,6384,3746,4406,6502,5354,3347,3744,3959,3948,3265,3352,3469,3293,-19.0171,9.92359,8.84195,48.0353
39676,12688,6014,3843,3361,6053,4768,3766,3438,3703,3821,3462,3228,3328,3466,3178,3153,-27.4887,-33.8164,8.94175,47.5133
39677,3335,3340,3306,3111,3808,3863,3612,3277,4979,5088,4210,3667,7387,9787,5355,3780,29.7629,-10.8481,8.78044,47.9367
39678,3636,4086,3970,3647,4326,5842,5191,3902,4572,6934,5916,4051,3978,4425,4250,3658,2.45387,-2.38324,8.9982,48.256
39679,3551,3953,3931,3518,4086,5547,5069,3960,4447,6925,6130,4084,3913,4669,4526,3820,4.06793,-2.01669,8.58113,48.086
39680,4133,6579,9410,5874,3822,4617,5437,4591,3462,3550,3836,3748,3171,3290,3342,3251,-25.3726,5.70758,8.55858,48.0753
39681,3418,3424,3178,3146,4352,3935,3454,3241,7838,4949,3819,3274,10662,5731,3935,3482,18.778,-32.1721,8.81524,47.892
39682,4088,5243,6007,4499,4029,6067,7569,4707,3688,4224,4501,3972,3268,3586,3578,3375,-11.6985,3.17629,8.69761,48.2673
39683,3545,3509,3335,3295,4515,3992,3464,3180,8575,5119,3799,3427,9626,5500,3940,3345,16.3622,-32.3162,8.84388,48.1107
39684,3089,3236,3360,3471,3190,3507,3927,4438,3320,3960,5130,8122,3433,3966,5712,9907,17.4977,26.7499,8.70677,47.8453
39685,3181,3245,3510,3705,3332,3577,4249,5145,3322,3804,5288,9951,3356,3702,5126,7664,11.5605,30.2334,8.99703,48.1047
39686,3187,3381,3660,3770,3302,3491,4295,5207,3260,3803,5307,9527,3414,3745,5051,7739,11.5512,29.8618,8.65801,48.0927
39687,3377,3285,3340,3263,3588,3780,3583,3627,4261,4926,4736,4008,5001,8489,7697,4626,29.2069,-1.41401,8.62054,47.7247
39688,3193,3374,3416,3245,3632,3907,3893,3715,4374,5963,5552,4135,4880,7801,6821,4465,19.0145,-1.24888,8.50464,48.244
39689,3473,3532,3319,3183,4131,4117,3676,3371,6193,6626,4381,3600,6913,7558,4486,3533,17.2485,-13.5319,8.55784,48.0613
39690,3302,3374,3375,3271,3418,3653,3724,3598,4024,4832,5153,4348,4703,7913,8531,4985,27.6298,1.31153,8.76168,48.136
39691,3330,4086,6734,11991,3418,3740,4897,5826,3109,3418,3758,4017,3216,3311,3439,3467,-31.5803,23.3105,8.71455,47.838
39692,3403,3928,5928,12656,3400,3667,4721,6021,3272,3442,3690,3815,3096,3291,3328,3302,-31.3222,31.9253,8.62992,47.3067
39693,6039,9862,6252,3919,4626,5240,4570,3756,3695,3806,3634,3427,3264,3392,3300,3180,-31.4919,-6.43511,8.73624,47.9747
39694,4232,4301,3904,3478,5305,6662,4448,3611,5453,7024,4641,3704,4348,4364,3752,3416,0.777649,-10.2083,8.56582,48.4287
39695,3776,3868,3661,3320,4667,5656,4180,3604,5538,7999,4955,3729,4512,4954,4125,3416,5.00161,-8.50476,8.62158,47.9733
39696,3134,3226,3415,3472,3240,3360,3814,3906,3408,3784,4765,6120,3350,3928,5933,12454,31.1473,28.2138,8.53934,47.5393
39697,4286,5768,6154,4499,4273,6409,6915,4405,3620,4186,4439,3798,3362,3388,3481,3405,-13.2837,1.56802,8.91596,48.2587
39698,3331,3538,3420,3347,3690,4091,4151,3808,4310,6273,6617,4474,4239,6215,6552,4529,14.8904,0.930361,8.53255,48.39
39699,3110,3223,3441,3418,3408,3474,3769,3884,3337,3847,4620,5979,3393,3908,6035,12677,30.7716,30.6283,8.75584,47.682
39700,5098,4193,3548,3228,8644,5036,3789,3352,7822,4811,3712,3340,4584,4085,3537,3345,-1.33464,-30.7374,8.60272,48.0827
39701,3167,3233,3438,3223,3435,3599,3802,3812,3753,4568,5160,4527,4131,6412,9670,5696,32.5926,5.99464,8.6661,47.7507
39702,4016,5677,7194,5005,3963,5349,7126,4796,3478,4024,4160,3829,3181,3505,3502,3415,-15.5664,4.74009,8.94073,48.1467
39703,4685,4191,3587,3151,7871,4743,3789,3385,8214,5051,3780,3448,4669,4366,3619,3299,0.331053,-33.8214,8.52519,47.8987
39704,3306,3332,3287,3048,3998,3775,3534,3206,5731,4948,4075,3405,10295,8125,4363,3491,28.1092,-18.0439,8.81774,47.946
39705,3590,3553,3270,3147,4956,4240,3622,3277,9598,5172,3865,3320,8229,5103,3766,3329,12.8609,-33.0347,8.82253,48.0247
39706,4333,3896,3490,3140,6743,4940,3760,3312,8687,5706,3805,3450,5273,4591,3657,3236,4.0945,-22.6529,8.50933,48.0127
39707,12263,6268,3938,3398,6226,4837,3868,3397,4028,3887,3412,3303,3287,3435,3198,3147,-26.6959,-25.8676,8.6527,47.928
39708,3507,3431,3152,3104,3888,3750,3541,3324,6374,4837,3716,3439,12377,6084,3925,3436,27.1018,-29.6563,8.56454,47.9233
39709,3849,3726,3348,3143,5287,4236,3539,3196,9672,5384,3718,3397,7291,5149,3795,3312,10.8904,-26.5014,8.7733,48.028
39710,3453,3916,5157,5718,3554,4200,7011,7598,3401,3855,5063,5225,3242,3429,3757,3876,-7.61558,16.4066,8.81325,48.3033
39711,3706,3605,3380,3050,4900,4451,3635,3233,8739,6243,4027,3472,6899,5387,3928,3387,10.9078,-20.1056,8.97811,48.028
39712,3407,3398,3344,3263,3826,3940,3677,3409,4868,5861,4536,3789,6242,9073,5697,3929,22.6987,-7.7255,8.51225,48.1727
39713,4065,6144,9282,5769,3820,4817,5907,4833,3481,3736,3900,3654,3205,3278,3323,3168,-22.3584,6.17051,8.88136,48.2547
39714,3764,3762,3423,2994,4968,4495,3705,3373,8392,6512,4028,3524,6504,5468,3968,3420,10.2713,-19.5301,8.67598,48.2
39715,3300,3540,3595,3391,3720,4161,4624,3968,4048,5989,7470,4723,3999,5133,5938,4472,11.1838,3.27251,8.63197,48.0473
39716,3546,3501,3338,3212,4687,4150,3627,3237,7800,5957,3969,3441,8083,5998,4029,3496,15.3123,-20.5189,8.58175,48.0473
39717,3518,4481,6067,5237,3745,4838,7905,5906,3509,3925,4815,4406,3244,3471,3674,3700,-10.4113,10.231,8.56379,48.294
39718,3138,3538,3799,4243,3313,3621,4555,6743,3366,3656,5324,9530,3297,3724,4505,5573,4.58545,26.4549,8.94431,47.95
39719,3965,4828,5077,4163,4240,6369,7517,4545,3798,4570,4944,3926,3408,3744,3677,3519,-7.40796,1.87386,8.84355,48.1933
39720,3101,3342,3570,3712,3282,3665,4253,5199,3388,3806,5477,9700,3358,3724,5093,7599,11.8797,25.4578,8.83346,48.1793
39721,3142,3424,3450,3316,3357,3907,4026,3839,3930,5166,6716,4833,4171,5799,7744,5162,17.5001,5.12238,8.72428,47.988
39722,3302,3646,4252,4875,3411,3848,5526,8104,3371,3760,5370,7356,3125,3687,4183,4654,-1.014,21.8161,8.60188,48.3133
39723,7156,9906,5379,3770,4981,5225,4238,3616,3806,3843,3567,3326,3335,3372,3255,3168,-31.2103,-10.1517,8.81513,47.962
39724,3183,3267,3419,3623,3262,3590,4122,4929,3411,3807,5309,9091,3334,3980,5375,8661,14.3044,27.0049,8.71467,48.242
39725,3330,3519,3189,3045,4014,3770,3417,3180,6146,4888,3759,3439,12245,6507,3811,3463,28.7502,-25.1407,8.92588,47.8147
39726,3888,4864,6381,4915,3841,5279,8182,5223,3474,3988,4672,4090,3355,3348,3459,3523,-11.791,6.74317,8.93471,48.3213
39727,3416,3411,3194,3069,4046,3824,3422,3200,6027,4893,3810,3472,12494,6277,3961,3437,27.3018,-26.3909,8.69194,47.9687
39728,3005,3276,3415,3342,3259,3589,3930,3944,3510,4229,5885,5533,3642,4868,9010,7660,21.553,12.9406,8.95016,48.0647
39729,5139,5880,4204,3579,6322,8143,4668,3620,4557,4991,3924,3476,3745,3655,3440,3304,-9.4836,-11.2733,8.88773,48.4313
39730,3362,3350,3287,3207,3617,3874,3759,3482,4416,5070,4791,3705,5565,9439,7008,4154,31.9412,-4.05376,8.97373,48.0573
39731,3391,4252,7395,10988,3298,3899,5020,5953,3159,3461,3881,3960,3025,3342,3433,3398,-26.1519,19.9764,8.68151,47.9033
39732,3188,3394,3926,4067,3349,3630,4874,5849,3400,3995,6317,8475,3394,3717,4757,5642,6.06359,19.2749,8.9148,47.9827
39733,12731,5963,3904,3294,5975,4722,3716,3282,3948,3739,3495,3153,3432,3451,3275,3157,-32.0293,-30.1111,8.56638,47.4913
39734,3128,3386,3761,3900,3290,3587,4310,5691,3415,3821,5310,9856,3430,3718,4898,6628,8.86684,28.3992,8.57616,48.086
39735,3421,3422,3312,3128,3874,3745,3436,3263,5866,4926,3748,3315,11948,6687,3894,3357,33.2371,-23.4593,8.91339,47.5613
39736,3225,3469,4052,4394,3411,3756,4916,7150,3242,3878,5445,9058,3193,3649,4466,5237,3.03416,25.0027,8.66082,48.3607
39737,3649,4210,4053,3814,4157,5872,5820,4184,4183,6182,6130,4152,3834,4169,4151,3722,0.706751,-0.134013,8.5516,48.188
39738,12622,5968,3818,3477,6007,4647,3762,3492,3818,3651,3461,3220,3231,3450,3233,3252,-29.5744,-32.5731,8.66905,47.406
39739,3278,3308,3178,3158,3831,3700,3360,3343,6065,4754,3895,3404,12612,6014,4044,3427,28.2323,-33.853,8.87383,47.5807
39740,5357,4356,3537,3258,9032,5093,3724,3356,7225,4811,3757,3292,4275,4032,3456,3222,-3.1627,-27.4737,8.79865,47.8553
39741,3050,3175,3402,3535,3186,3507,3926,4296,3429,3877,4879,7819,3282,3902,5821,10783,19.1478,28.6188,8.9036,47.9127
39742,3464,3809,3846,3612,3816,4867,5285,4047,4127,6414,7179,4452,3908,4599,4911,4133,5.52899,2.07372,8.77876,48.3127
39743,6703,5681,4061,3413,8336,6497,4074,3481,4873,4612,3615,3335,3730,3653,3376,3168,-11.3138,-18.6997,8.84499,48.4053
39744,3308,3436,3251,3187,3755,3845,3684,3430,4421,5451,4802,3819,5550,9234,6837,4244,25.7241,-4.15691,8.79928,48.1693
39745,4545,6624,5986,4373,4462,6764,6152,4285,3751,4077,4078,3719,3303,3462,3368,3321,-15.0356,-1.19692,8.79288,48.18
39746,5497,4704,3704,3321,8683,6090,3891,3336,6172,5067,3721,3339,4071,3862,3531,3202,-5.61777,-20.7299,8.86771,48.1273
39747,3240,3192,3353,3359,3288,3566,3834,3805,3679,4385,5687,5022,4070,5457,9663,6695,24.4343,9.30736,8.81848,48.1967
39748,3384,3377,3249,3144,4198,3969,3426,3200,7334,4859,3730,3400,11425,5783,3937,3307,21.3392,-28.4671,8.82682,47.8147
39749,3187,3288,3355,3367,3479,3610,3821,3759,3971,4622,5177,4479,4226,6737,9547,5526,31.7557,4.59915,8.54824,48.1007
39750,3540,3855,3993,3672,3869,5022,5493,4193,4064,5997,7009,4574,3766,4410,4564,4091,4.00315,2.50027,8.53629,48.0747
39751,8886,7982,4475,3620,6035,5596,4144,3500,4140,3860,3553,3331,3396,3423,3314,3040,-21.6691,-16.1207,8.68969,48.1967
39752,3701,4010,3722,3487,4379,5662,4724,3695,4928,7544,5560,3730,4254,4796,4182,3714,4.39291,-5.32223,8.57127,48.0587
39753,3499,4481,8682,9114,3452,4200,5118,5506,3280,3619,3799,3959,3145,3181,3407,3427,-30.7245,15.457,8.60184,47.9127
39754,3491,4322,5495,5160,3620,4653,8091,6271,3409,4063,5038,4723,3164,3519,3721,3660,-8.25684,11.4734,8.70755,48.2667
39755,5174,4648,3709,3303,8066,6187,3898,3353,6410,5275,3889,3375,4235,3933,3534,3257,-3.56901,-19.2271,8.75277,48.164
39756,3211,3231,3494,3448,3156,3544,3796,4026,3369,3909,4851,5999,3465,3957,6738,11888,30.4807,23.8683,8.54116,48.0547
39757,9433,5659,4013,3482,8202,5282,3855,3397,4457,4002,3458,3317,3615,3458,3336,3105,-16.8286,-24.3787,8.65811,48.0473
39758,3132,3293,3608,3589,3196,3496,4125,4743,3534,3733,5441,8666,3422,3761,5527,8580,14.7105,24.5257,8.82314,47.8973
39759,3968,5904,9963,6296,3652,4452,5125,4699,3349,3648,3825,3790,3200,3323,3369,3289,-32.6108,7.76303,8.62198,47.9013
39760,4594,5225,4183,3605,5415,8159,5058,3654,4482,5548,4208,3646,3695,3812,3642,3311,-5.9903,-7.99207,8.97336,48.158
39761,3465,3378,3162,3105,3929,3842,3394,3139,5977,4900,3894,3465,11936,6653,3871,3342,33.768,-22.9558,8.79702,47.6347
39762,3069,3278,3371,3343,3315,3563,3884,3856,3426,4032,5393,5780,3522,4630,8503,9441,25.0158,16.1585,8.85482,48.2707
39763,7241,5842,3911,3334,8431,6306,4050,3391,4791,4343,3687,3173,3674,3670,3248,3061,-12.4269,-19.6192,8.94692,48.102
39764,6763,5003,3897,3348,9182,5907,4041,3399,5296,4508,3581,3240,3726,3704,3319,3179,-10.1992,-21.4796,8.97277,48.062
39765,3097,3256,3524,3646,3232,3506,3913,4241,3500,3791,5050,7732,3342,3946,5820,10710,19.3637,27.6395,8.70378,48.204
39766,3366,3361,3192,3084,4019,3758,3440,3189,6223,4720,3777,3329,12751,5899,3796,3354,28.2779,-29.2803,8.96852,47.5053
39767,3151,3438,3819,4044,3341,3668,4652,6139,3344,3849,5623,9268,3475,3714,4805,5970,6.45574,23.5096,8.55651,48.2
39768,3702,3539,3266,3055,4653,4066,3662,3394,8504,5901,3984,3453,7917,5850,4028,3390,13.7782,-21.0085,8.69919,48.2427
39769,4293,4037,3594,3227,6536,5342,3767,3344,8032,6245,3906,3555,4965,4507,3683,3202,3.39033,-19.6777,8.54769,48.1567
39770,3455,3931,6171,12156,3384,3866,4765,6760,3263,3310,3752,3870,3055,3107,3372,3413,-23.4142,26.7599,8.90571,47.7533
39771,3560,3365,3197,3056,3909,3852,3410,3233,5904,4839,3881,3274,11982,6686,3999,3407,31.6117,-23.5818,8.77615,47.7027
39772,4756,7605,7747,4761,4193,5339,5401,4094,3540,3855,3850,3533,3242,3407,3350,3259,-21.951,0.25394,8.51271,47.9547
39773,4477,7194,7469,4764,4146,5429,5732,4362,3715,3951,3841,3792,3349,3357,3226,3345,-19.6838,0.895309,8.8027,48.0993
39774,3209,3459,3830,4117,3298,3557,4487,6278,3278,3839,5224,10178,3197,3595,4602,5882,6.16703,29.141,8.94081,48.02
39775,3094,3227,3489,3410,3230,3443,3792,3916,3417,3891,4760,5943,3417,3934,6391,12484,32.6137,26.0134,8.79032,47.892
39776,3295,3760,4322,5185,3460,3896,5288,9045,3311,3594,4921,7216,3188,3486,4022,4508,-2.84774,25.1638,8.6531,48.3313
39777,3101,3219,3604,3615,3276,3527,4027,4675,3347,3879,5310,9007,3369,3912,5427,8758,14.7294,32.4616,8.59366,48.0353
39778,11591,6272,3929,3393,7029,4946,3793,3375,4066,3965,3451,3307,3395,3401,3186,3097,-22.1711,-25.8867,8.77444,48.1307
39779,8082,9369,4925,3663,5238,5268,4180,3635,3858,3875,3531,3258,3463,3379,3255,3265,-31.7786,-13.0557,8.61969,48.1627
39780,3254,3517,3846,3846,3420,3997,5565,4986,3620,4523,7560,6579,3512,4074,4969,4976,5.98765,12.7089,8.52479,48.1627
39781,3302,3284,3235,3326,3569,3766,3731,3455,4354,5017,4738,3885,5279,8829,7498,4405,28.209,-2.46219,8.69778,47.782
39782,3281,3550,4093,4093,3439,3998,5713,5994,3544,4176,6927,7042,3434,3697,4649,4790,3.05608,15.7472,8.54866,48.28
39783,11925,6109,4015,3389,6842,4852,3776,3401,4009,3731,3467,3249,3465,3482,3273,3097,-23.2705,-29.598,8.54182,48.0547
39784,3185,3331,3358,3278,3918,3928,3805,3557,4704,6107,4811,3823,5817,8749,5895,4110,20.955,-6.52499,8.68256,48.2507
39785,3252,3394,3380,3202,3584,3900,3759,3425,4408,5075,4629,3965,5659,9415,6738,4119,31.2447,-4.74295,8.56237,47.936
39786,3167,3202,3400,3463,3241,3436,3968,3825,3475,4162,5497,5843,3606,4624,8276,9045,23.3779,16.0452,8.56303,48.1533
39787,3157,3235,3443,3355,3231,3353,3820,3888,3406,3688,4695,5967,3413,3967,5949,12621,28.5382,30.9332,8.63609,47.4587
39788,3967,3895,3478,3271,5600,5183,3737,3402,7793,6801,4148,3430,5366,4848,3922,3400,5.86147,-17.5006,8.6131,48.1607
39789,8111,9095,4988,3617,5300,5409,4029,3537,3903,3886,3601,3261,3465,3403,3272,3076,-25.8615,-13.0199,8.55425,47.9687
39790,4275,4364,3921,3455,5386,6874,4521,3672,5397,6586,4497,3542,4099,4368,3783,3479,-0.310786,-10.3255,8.52736,48.146
39791,3600,4767,9004,8934,3523,4050,5101,5525,3323,3453,3883,3824,3183,3332,3376,3323,-29.5605,14.6807,8.83351,48.134
39792,4909,4279,3637,3259,8974,5005,3706,3425,7723,4803,3656,3348,4441,4085,3509,3235,-1.64732,-32.7591,8.83667,47.996
39793,7452,8283,4782,3733,5867,6074,4321,3647,3989,4065,3536,3334,3343,3457,3270,3151,-19.6187,-13.2273,8.74271,48.2027
39794,3266,3401,3381,3415,3552,3702,3748,3483,4025,4949,5050,4191,4630,8069,8379,4786,32.9878,0.61541,8.70939,48.018
39795,3624,4497,8353,9533,3467,4022,5354,5689,3296,3379,3910,3921,3058,3231,3351,3343,-25.1201,16.7349,8.94475,48.0187
39796,4469,7489,8941,5135,3914,4889,5264,4290,3518,3704,3849,3675,3269,3194,3396,3163,-25.9547,2.78057,8.61864,48.106
39797,11276,6799,3920,3314,6824,5140,3787,3465,4133,3939,3562,3199,3378,3440,3260,3132,-22.7276,-22.459,8.99362,48.3787
39798,3397,3525,3428,3312,3916,4463,4052,3536,4863,7575,5651,3853,4801,6710,5352,4008,13.8076,-4.67067,8.91987,48.2947
39799,3073,3265,3498,3422,3239,3467,3950,4317,3434,3945,5608,7076,3480,4114,6819,9333,19.0177,19.6268,8.98429,48.0267
39800,3293,3521,3862,3904,3387,3984,5274,5312,3544,4370,7449,7043,3415,3823,4952,5083,5.80347,14.6807,8.98886,48.144
39801,3257,3382,3308,3204,3763,3861,3598,3290,4966,5176,4228,3673,7547,9923,5288,3752,31.4386,-11.3264,8.98438,48.144
39802,3366,3628,4221,4073,3577,4231,6260,5491,3602,4532,7154,5835,3431,3904,4599,4427,1.90953,11.5611,8.57751,48.2207
39803,5397,9289,7163,4350,4407,5256,4766,3946,3673,3757,3603,3427,3332,3339,3299,3231,-26.4228,-3.40254,8.79642,48.1567
39804,3403,3384,3343,3213,3922,3743,3443,3058,6096,4708,3739,3389,12636,6047,4007,3294,33.5605,-29.0224,8.79631,47.6167
39805,7922,5255,3817,3460,9651,5086,3780,3409,5039,4189,3543,3243,3737,3671,3424,3078,-12.3089,-31.5512,8.60993,48.2027
39806,3798,3692,3429,3110,5210,4488,3694,3291,8469,6200,4051,3474,6615,5452,3920,3418,10.7253,-19.5741,8.51901,48.2073
39807,3216,3213,3369,3210,3438,3584,3855,3727,3738,4574,5086,4605,4061,6334,9990,6042,29.3126,6.5922,8.71452,48.028
39808,3460,3408,3279,3150,3832,3786,3503,3252,5928,4827,3837,3372,11983,6945,4138,3316,29.8942,-22.6443,8.83998,48.0107
39809,7663,5180,3799,3327,9713,5233,3730,3363,5018,4193,3657,3268,3703,3583,3297,3128,-11.9657,-30.1543,8.77826,47.9033
39810,3200,3293,3459,3258,3459,3669,3847,3763,3868,4450,5834,4802,3983,5620,9242,6327,23.1096,8.25731,8.50715,48.0493
39811,4928,4254,3718,3245,8082,5369,3779,3387,7358,5240,3777,3376,4650,4092,3615,3139,-1.09055,-22.4609,8.56667,48.006
39812,5099,8684,7662,4528,4402,5149,4964,4032,3466,3742,3779,3497,3301,3322,3397,3285,-26.3654,-1.83202,8.53303,48.206
39813,9180,6378,4072,3536,7597,5495,3935,3402,4310,4077,3591,3320,3576,3493,3297,3189,-17.5962,-21.1758,8.8356,48.2987
39814,3244,3691,4252,4368,3424,4037,6325,6055,3469,4170,6491,6561,3377,3777,4276,4600,0.67374,15.4868,8.7607,48.078
39815,3779,4623,7396,6496,3520,4322,6901,6098,3350,3784,4230,4152,3221,3375,3497,3663,-16.1605,12.5012,8.78801,48.2713
39816,5619,6923,4623,3718,5744,7561,4700,3741,4123,4426,3783,3394,3669,3589,3334,3151,-13.5578,-9.985,8.64753,48.0653
39817,4033,4343,4030,3532,4838,7027,5070,3886,4692,6801,4889,3765,4082,4206,3839,3502,-0.561375,-6.04176,8.79457,48.3567
39818,3821,3955,3748,3452,4333,5993,4591,3696,4772,7721,5447,3973,4140,4698,4253,3682,3.56263,-5.09965,8.94696,48.1833
39819,3498,3949,6246,12770,3298,3633,4808,6117,3252,3364,3796,3944,3225,3249,3340,3391,-29.1516,27.0256,8.97002,47.92
39820,3079,3312,3414,3435,3164,3489,3824,3974,3160,3878,4810,5903,3468,4209,7183,11486,32.959,21.3251,8.92664,47.8587
39821,3338,3799,4230,4328,3439,4145,6218,6211,3430,4122,6589,6410,3351,3667,4369,4554,0.690281,14.8402,8.57834,48.1333
39822,3431,3917,6032,12449,3388,3804,4855,6267,3189,3447,3750,3907,3060,3126,3470,3369,-25.8909,29.1061,8.57576,47.6407
39823,3653,4234,3983,3608,4346,5914,5328,3994,4410,6692,5798,4057,4027,4411,4117,3741,1.57158,-2.18243,8.93618,48.2087
39824,4758,4553,3625,3307,6700,6570,4251,3455,5957,6013,4009,3529,4271,4117,3615,3233,-1.97751,-15.3985,8.60728,47.9753
39825,3011,3302,3408,3380,3187,3428,3868,3912,3285,3839,4737,6010,3404,3793,6033,12757,28.9494,28.6997,8.78684,47.5693
39826,3131,3180,3494,3444,3291,3596,3920,3763,3744,4514,5873,5043,3913,5358,9444,6679,23.3703,9.20867,8.81237,48.258
39827,3528,4907,9382,8332,3561,4057,5458,5394,3398,3628,3855,3827,3073,3160,3283,3348,-25.181,13.2922,8.90493,48.1273
39828,3388,3931,5803,11212,3391,3777,4986,7279,3295,3462,4014,4056,3098,3212,3422,3405,-20.7178,32.5374,8.68604,47.8207
39829,3996,5876,8620,5663,3885,4829,6419,4796,3440,3746,3971,3787,3197,3287,3428,3264,-19.7987,6.61193,8.90558,48.136
39830,3399,3983,6260,11423,3408,3763,5083,6923,3187,3463,3824,4092,3110,3224,3457,3414,-22.2588,25.3093,8.67941,48.0087
39831,3426,4214,7816,11080,3497,3945,4922,5744,3199,3359,3763,3834,3125,3245,3393,3411,-31.2514,19.6501,8.95864,47.982
39832,3358,3309,3246,3140,3927,3774,3348,3151,6046,4906,3793,3406,11988,6921,4144,3300,28.1889,-22.8123,8.78694,47.838
39833,3344,4047,4970,4886,3533,4399,7461,6663,3581,4084,5520,5281,3363,3571,3852,3851,-5.49874,13.3205,8.69271,48.2707
39834,3567,3518,3363,3143,4570,4049,3548,3358,8455,5105,3920,3433,9608,5490,3902,3398,16.5926,-27.8595,8.73927,48.2847
39835,3619,3436,3289,3059,4748,4033,3440,3235,9102,5177,3985,3477,8651,5386,3834,3326,14.51,-27.7643,8.66631,47.8647
39836,5549,9326,6784,4227,4466,5242,4686,3807,3627,3890,3724,3405,3255,3402,3309,3207,-27.5561,-4.3819,8.51996,47.9373
39837,3390,3381,3288,3160,3736,3883,3660,3447,4812,6030,4736,3835,5891,8934,5817,4037,20.7474,-7.21521,8.76596,48.0247
39838,3469,3590,3353,3142,4608,4133,3705,3217,8940,5312,3905,3457,8618,5338,3937,3401,14.2823,-33.1102,8.53329,48.0833
39839,5185,8989,7362,4427,4339,5131,4795,3944,3634,3834,3791,3424,3383,3355,3269,3183,-28.1515,-2.87124,8.53472,48.03
39840,3152,3354,3305,3242,3344,3306,3715,3947,3329,3848,4716,5749,3421,3959,6044,12459,31.8631,33.8591,8.55083,47.26
39841,3555,4055,5196,4801,3632,4872,7852,5939,3484,4190,5491,4828,3349,3678,3778,3828,-6.28645,10.2153,8.50964,48.352
39842,3593,3484,3309,3076,4736,4121,3473,3314,9364,5211,3768,3395,8477,5412,3907,3384,14.1712,-32.573,8.96419,48.016
39843,3023,3332,3465,3537,3096,3565,4007,4467,3334,3883,5350,8154,3441,3977,5713,9686,16.9364,24.5236,8.72801,48.02
39844,11307,5856,3977,3445,7333,4931,3797,3379,4140,3762,3553,3231,3477,3331,3150,3106,-21.387,-28.9865,8.54024,47.85
39845,3418,3410,3180,3158,3967,3765,3417,3237,6074,4762,3827,3388,12151,6597,3992,3399,31.4594,-25.1179,8.5135,47.828
39846,3642,3623,3429,3131,4657,4655,3836,3343,6850,7417,4456,3577,5918,6098,4306,3459,11.2321,-14.1857,8.75835,48.2647
39847,3512,4218,5916,5723,3501,4483,7480,6975,3364,3677,4637,4812,3265,3470,3631,3649,-10.4869,14.0544,8.62205,48.2087
39848,3134,3281,3377,3379,3402,3639,3960,3957,3541,4159,5716,5441,3779,4928,8782,7804,22.5367,13.2806,8.712,48.186
39849,3432,4099,6448,9624,3372,3888,5350,7252,3171,3526,4017,4216,3081,3310,3429,3437,-19.1463,21.2449,8.55281,47.768
39850,3345,3731,3951,3775,3697,4244,5539,4417,3856,5636,7928,4978,3718,4317,4828,4311,5.13973,6.22838,8.79852,48.1807
39851,3329,3980,6445,12499,3398,3873,4583,6014,3222,3388,3778,3977,3175,3211,3332,3433,-29.6364,26.7697,8.53486,47.758
39852,8399,5332,3806,3334,9196,5346,3911,3415,4839,4208,3531,3209,3578,3421,3322,3096,-13.7969,-25.3575,8.86128,47.962
39853,3680,3662,3384,3162,4774,4399,3713,3377,7635,6880,4200,3442,6487,5893,4115,3420,12.0697,-17.0127,8.86816,48.1487
39854,3135,3403,3601,3681,3230,3624,4156,4941,3375,3796,5336,9326,3338,3752,5144,7754,12.4783,33.0121,8.66044,47.728
39855,3382,3913,5055,7570,3351,3804,5281,9540,3263,3563,4262,5134,3092,3348,3655,3749,-12.005,27.8075,8.56033,47.9747
39856,3152,3277,3353,3305,3418,3606,3792,3711,3616,4408,5185,4765,3689,5689,10016,6808,32.3188,8.96815,8.99629,47.86
39857,6602,5207,3768,3227,9085,6178,3980,3501,5413,4497,3565,3261,3825,3677,3336,3133,-9.63284,-21.2578,8.74643,48.17
39858,3247,3520,3962,4397,3278,3722,4730,7253,3401,3626,5062,9145,3265,3663,4319,5189,2.8072,28.1119,8.70984,47.8527
39859,12305,6156,3925,3297,6246,4824,3667,3342,3944,3882,3423,3286,3343,3224,3232,3145,-25.1503,-32.7974,8.85961,47.494
39860,3580,3423,3135,3096,4297,3952,3457,3213,7670,5164,3786,3278,10305,6172,4041,3440,19.41,-24.2954,8.64376,48.006
39861,3423,3450,3204,3174,3820,3753,3552,3249,5384,5286,4196,3544,8201,9202,5040,3691,27.8845,-13.2519,8.55743,48.1127
39862,3198,3343,3379,3373,3206,3340,3745,3773,3451,3673,4719,5854,3426,3939,6047,12632,32.4489,33.6278,8.87177,47.3987
39863,4741,7176,6402,4291,4482,6521,5812,4175,3594,4180,4007,3565,3327,3501,3383,3326,-16.6975,-1.90607,8.91363,48.322
39864,3375,3873,5189,8459,3326,3777,5150,9096,3394,3453,4173,4920,3158,3290,3536,3690,-13.6867,30.1762,8.63786,47.906
39865,3181,3392,3219,3084,3758,3912,3667,3332,4759,5645,4601,3698,6263,9698,5843,4024,23.881,-7.999,8.88964,48.0507
39866,3882,4891,5877,4670,3906,5701,7922,4993,3602,4113,4712,4069,3418,3526,3690,3473,-10.5908,5.42313,8.54438,48.2967
39867,3095,3339,3365,3359,3307,3520,3765,3782,3645,4231,5354,5070,3616,5177,9712,7654,27.7914,11.6312,8.7364,47.994
39868,4426,4624,3986,3474,5705,7446,4648,3600,5152,6204,4308,3627,4091,4070,3716,3329,-2.49464,-10.7621,8.59201,48.2707
39869,3071,3233,3281,3444,3318,3559,3937,3826,3532,4206,5533,5554,3524,4651,8761,8480,24.4334,14.7381,8.7076,47.94
39870,12339,6376,3876,3439,6026,4872,3744,3297,3911,3728,3468,3181,3398,3376,3247,3171,-29.3624,-25.8255,8.65681,47.6327
39871,3366,3824,5909,11380,3437,3816,4878,7260,3314,3448,3889,4154,3225,3197,3442,3480,-21.1296,29.9786,8.66399,48.0127
39872,3531,4169,5284,5018,3562,4567,7920,6488,3506,3911,5174,4864,3188,3444,3722,3770,-7.51655,12.6128,8.95103,48.0787
39873,6705,4856,3769,3372,9959,5503,3846,3350,5512,4413,3476,3145,3754,3576,3364,3165,-9.05554,-33.8799,8.92104,47.8433
39874,3105,3352,3391,3304,3325,3565,3838,3680,3656,4270,5506,4959,3749,5293,9766,7450,26.6108,11.2458,8.86668,48.1393
39875,5593,9327,6956,4234,4146,5233,4625,3853,3663,3932,3637,3448,3225,3440,3309,3170,-28.7439,-4.24183,8.8899,47.8607
39876,4207,4636,3824,3599,5191,7591,4940,3725,4898,6177,4540,3733,3906,4199,3856,3423,-2.52843,-7.89298,8.51148,48.2967
39877,3658,4907,9082,8376,3578,4281,5389,5352,3325,3511,3847,3828,3101,3353,3293,3447,-26.6076,13.4242,8.60134,48.2187
39878,3349,3573,4201,4476,3377,3911,5754,6986,3308,4008,5908,7561,3333,3699,4367,4824,1.03178,18.6785,8.88215,48.4233
39879,3363,4051,6826,11700,3383,3936,4941,6190,3263,3465,3804,4017,3067,3241,3389,3341,-25.7396,22.9297,8.88256,47.9847
39880,3140,3318,3285,3251,3405,3527,3870,3808,3732,4261,5215,4879,3826,5577,9810,6871,30.8346,9.36883,8.63046,47.85
39881,5713,6200,4369,3579,6626,7614,4442,3555,4577,4596,3772,3280,3603,3657,3434,3193,-11.6792,-12.7029,8.86409,48.14
39882,4034,6187,10055,6278,3645,4474,5164,4654,3439,3663,3799,3681,3091,3264,3471,3213,-29.5951,7.49256,8.85221,48.0747
39883,3469,3915,4201,3878,3806,4715,6266,4569,3864,5390,7305,4849,3592,4131,4537,4051,2.35872,5.82238,8.52366,48.3587
39884,4763,7610,6867,4500,4337,5975,5603,4152,3587,3988,3919,3588,3309,3405,3389,3230,-19.1113,-1.48181,8.6625,48.148
39885,3059,3178,3473,3419,3132,3531,3817,3922,3419,3825,4867,5774,3421,3996,6936,11870,31.3854,22.2375,8.91267,47.7593
39886,3310,3519,4153,4076,3481,4144,5804,5415,3511,4363,7228,6386,3313,3877,4730,4699,3.22008,13.4925,8.73051,48.006
39887,4197,4157,3602,3344,6238,5653,3956,3480,7426,6330,4012,3459,4911,4442,3738,3349,2.60784,-17.0688,8.8382,48.196
39888,3536,3512,3335,3129,4537,4141,3451,3333,9072,5071,3846,3381,9160,5355,3777,3298,15.0326,-27.9387,8.90687,47.956
39889,4601,6052,5226,3987,4819,7728,5781,3958,3923,4613,4095,3607,3465,3557,3472,3225,-11.8137,-4.51261,8.90028,48.0727
39890,5937,9980,6277,3955,4636,5231,4381,3844,3769,3738,3536,3360,3386,3421,3354,3199,-32.2567,-6.55163,8.77573,48.0027
39891,5352,6774,4644,3869,5455,7773,4947,3691,4207,4471,3894,3517,3502,3539,3476,3178,-13.2775,-9.06087,8.61806,48.1927
39892,4712,4593,3711,3398,6954,6934,4277,3432,5946,5747,3882,3353,4183,4187,3724,3136,-2.5888,-15.1738,8.881,48.1127
39893,4554,4036,3516,3282,7778,4737,3703,3461,8982,4871,3737,3194,5092,4252,3600,3236,1.95122,-30.9354,8.75777,48.0207
39894,4309,5803,6608,4613,4185,5970,6818,4576,3643,4019,4384,3813,3329,3434,3553,3508,-14.5451,2.35499,8.68519,48.3767
39895,3239,3356,3318,3229,3549,3781,3952,3634,3974,5027,5528,4416,4327,6912,8942,5048,23.0368,3.28936,8.9472,48.1547
39896,3421,3332,3183,3185,4139,3859,3471,3233,7084,4798,3704,3309,11727,5935,3946,3442,22.2066,-28.8712,8.54827,47.8453
39897,3221,3294,3294,3223,3525,3699,3744,3465,4316,5230,4839,3923,5332,9144,7309,4351,26.3343,-2.92801,8.86054,47.9393
39898,4796,5168,4190,3594,6120,7792,4651,3549,4895,5438,4117,3526,3853,3865,3573,3239,-6.10335,-10.9741,8.83982,48.244
39899,3905,4089,3966,3560,4307,6143,5277,3945,4597,6899,5822,4000,3974,4560,4241,3736,1.96046,-2.82489,8.66131,48.6807
39900,7011,6267,4260,3410,7315,6600,4299,3494,4430,4263,3624,3381,3645,3593,3406,3241,-14.2237,-16.5257,8.58357,48.1593
39901,3565,3694,3681,3501,3769,4781,4826,3886,4334,6842,7092,4306,4030,4891,5104,4085,7.85857,0.411242,8.71883,48.258
39902,3398,3942,6041,12439,3349,3821,4736,6413,3179,3391,3707,3961,3115,3233,3314,3456,-26.414,28.6709,8.66264,47.6633
39903,3286,3527,3716,3623,3576,4159,5172,4321,3847,5293,8239,5266,3726,4423,5301,4581,7.84654,7.12017,8.67606,48.0373
39904,3526,3509,3274,3144,4501,4031,3546,3243,8043,5397,3873,3397,9365,5904,3897,3403,16.7917,-23.7548,8.59798,48.0353
39905,5419,5656,4188,3478,6643,7650,4580,3694,4660,4904,3862,3294,3812,3679,3458,3278,-9.22681,-12.825,8.54334,48.17
39906,3328,3292,3331,3239,3553,3686,3824,3593,4115,4850,5113,4238,4717,7935,8401,4784,30.9228,0.743305,8.59151,47.9993
39907,3217,3402,3566,3474,3468,4006,4590,4073,3770,5164,7982,5390,3706,4723,6488,5176,12.2116,7.96803,8.83136,48.13
39908,3367,3979,5782,10483,3367,3826,5114,7942,3203,3415,4012,4448,3174,3272,3363,3553,-18.4034,27.0306,8.96046,48.2
39909,3355,3470,3257,3238,3951,3824,3435,3232,5829,4746,3781,3392,12169,5923,3958,3343,32.9845,-33.3626,8.5068,47.2687
39910,3608,4465,8666,9406,3494,4092,5030,5403,3355,3548,3853,3949,3141,3323,3411,3301,-29.9759,15.9409,8.84738,48.03
39911,3207,3373,3644,3868,3372,3584,4321,5782,3425,3744,5246,9822,3228,3805,4784,6675,8.84088,27.1308,8.7128,47.92
39912,6689,7530,4583,3580,6163,6903,4394,3628,4230,4265,3664,3371,3432,3502,3302,3050,-16.3902,-12.6827,8.95135,48.1907
39913,4152,6781,9388,5604,3843,4755,5396,4452,3442,3677,3781,3625,3251,3288,3291,3288,-25.7035,4.94863,8.78548,48.0093
39914,3322,3470,3350,3080,3927,3900,3685,3312,5115,5786,4277,3658,7197,9316,5103,3728,23.8991,-11.3603,8.52108,48.1507
39915,3228,3435,3479,3486,3552,3884,4152,3856,3997,5540,6874,4705,4068,5742,7137,5003,15.5593,4.00165,8.85193,48.092
39916,9696,5584,3922,3301,8250,5097,3905,3376,4664,3982,3523,3287,3483,3492,3265,3268,-16.956,-29.0538,8.52291,48.0633
39917,3206,3160,3260,3342,3385,3383,3790,3819,3451,3735,4748,6187,3435,3893,6168,12621,26.6993,32.1211,8.81471,47.722
39918,5953,4538,3626,3247,9946,5141,3755,3402,6348,4529,3583,3274,4114,3739,3391,3161,-5.87274,-33.1723,8.9194,47.8313
39919,4092,3865,3461,3248,5877,5204,3742,3386,8310,6524,4040,3433,5269,4603,3756,3392,4.84234,-18.5399,8.8814,48.1347
39920,3220,3396,3260,3121,3787,3882,3563,3416,5214,5270,4338,3697,7558,9418,5155,3763,28.3425,-11.8152,8.54065,48.0387
39921,3507,4053,6448,8784,3427,4073,5740,7349,3221,3626,4254,4400,3118,3328,3558,3518,-17.2043,19.7308,8.53768,48.2693
39922,5092,8434,7284,4489,4361,5590,5010,4099,3617,3791,3830,3465,3277,3385,3335,3218,-22.986,-2.28585,8.66623,48.1847
39923,3451,3796,3945,3617,3645,4439,5629,4402,3863,5418,7680,4931,3777,4328,4927,4304,4.7341,5.75002,8.52215,48.1013
39924,11493,7097,4122,3554,6065,4923,3868,3309,3906,3786,3412,3289,3394,3345,3196,3036,-26.3863,-21.8128,8.78291,47.8633
39925,3263,3409,3619,3486,3474,3821,4309,3983,3851,4877,7584,5360,3747,5049,7274,5492,15.0429,8.1616,8.99632,48.3987
39926,3019,3234,3329,3388,3296,3499,3872,4060,3475,3994,5120,5600,3525,4515,8167,9765,28.9235,16.9941,8.69529,47.9053
39927,3468,3485,3317,3016,4294,3843,3415,3135,7691,4959,3981,3373,10608,5820,3996,3402,19.4822,-27.0985,8.74298,47.8687
39928,3328,3375,3303,3101,3896,3816,3472,3384,5103,5171,4227,3590,7583,9707,5102,3684,28.7083,-11.6106,8.71114,47.8947
39929,10767,7604,4235,3436,5746,4987,3984,3393,3884,3887,3491,3217,3434,3324,3235,3135,-30.8931,-19.6408,8.62878,47.8393
39930,3784,3647,3320,3210,5312,4310,3537,3190,9613,5520,3884,3435,7290,5151,3807,3288,10.8231,-25.7994,8.91028,48.1987
39931,6083,8999,5631,3866,4780,6113,4733,3753,3766,4029,3785,3414,3386,3391,3269,3097,-21.7553,-7.66116,8.53429,48.0633
39932,4203,6124,7650,4901,4120,5423,6370,4717,3643,3925,4219,3690,3171,3355,3406,3262,-17.5805,3.51236,8.65409,48.1193
39933,5886,7379,4806,3649,5553,7224,4782,3653,4023,4332,3864,3494,3541,3604,3280,3175,-15.6067,-9.61242,8.84951,48.1633
39934,4114,6881,9413,5493,4024,4719,5479,4516,3406,3658,3737,3692,3169,3257,3296,3361,-25.0278,4.39384,8.99932,48.1433
39935,3555,3510,3213,3297,4228,4426,3682,3402,6144,7398,4444,3740,6009,6813,4478,3641,13.9999,-11.6748,8.63431,47.9867
39936,7125,7384,4520,3638,6193,6486,4351,3604,4133,4224,3592,3402,3529,3411,3413,3078,-17.4231,-13.9976,8.71956,48.0553
39937,3527,4176,5962,5808,3563,4441,7568,6772,3465,3723,4684,4515,3244,3436,3638,3610,-10.5143,13.2179,8.84829,48.088
39938,4486,7638,8897,5068,4202,4746,5048,4340,3567,3650,3693,3549,3240,3416,3376,3272,-31.5197,1.63942,8.84911,48.1253
39939,3058,3380,3689,4050,3365,3578,4517,5880,3337,3956,5213,10072,3363,3713,4746,6440,7.61971,31.4581,8.90588,48.238
39940,4528,7482,8822,5181,4060,4834,5141,4300,3438,3617,3726,3682,3219,3430,3446,3352,-27.1235,2.37285,8.55993,48.172
39941,3393,3370,3201,3138,3786,3844,3541,3310,5419,5278,4059,3623,9151,8570,4620,3547,26.3707,-15.5494,8.84532,47.9
39942,3640,3581,3236,3139,4808,4157,3595,3194,9199,5221,3693,3391,8545,5327,3867,3445,14.2844,-30.1175,8.58378,48.0253
39943,4646,7311,6989,4476,4257,6035,5800,4210,3684,3898,4078,3665,3265,3403,3284,3262,-18.4599,-0.689978,8.75918,48.1753
39944,5280,8683,6796,4319,4579,5680,5079,3913,3564,3907,3806,3464,3298,3317,3321,3186,-22.9901,-3.4244,8.5933,48.128
39945,3170,3253,3471,3353,3333,3580,3817,3703,3892,4400,5268,4521,4098,6313,10014,6087,29.6383,6.47669,8.88492,48.182
39946,3225,3411,3566,3260,3494,3897,4133,3785,3904,5309,6845,4749,4093,5775,7621,5155,16.7664,4.82589,8.97902,48.148
39947,3213,3410,3628,3685,3347,3603,4482,4450,3628,4579,7547,6715,3541,4419,6170,5890,11.9448,13.0594,8.70008,48.2047
39948,3208,3697,4266,4697,3484,3980,6071,7412,3495,3927,5716,6656,3255,3676,4178,4391,-1.51918,18.3061,8.70188,48.0727
39949,4134,6403,9710,5814,3849,4681,5301,4575,3367,3726,3834,3623,3248,3393,3312,3306,-31.2212,5.89602,8.62189,48.184
39950,3026,3238,3489,3379,3275,3480,3819,4053,3324,3799,4951,6465,3487,3910,6474,11389,24.0695,23.6412,8.52021,47.7053
39951,4894,7986,7774,4728,4128,5298,5151,4111,3684,3817,3781,3558,3259,3455,3346,3262,-23.161,-0.500177,8.64205,48.1547
39952,3692,3685,3535,3360,4258,5023,4263,3625,5324,7928,5318,3887,4595,5629,4449,3806,8.70875,-6.6934,8.61392,48.2513
39953,4352,4143,3578,3302,6354,5745,3998,3367,7333,6339,4053,3428,4748,4467,3786,3212,1.85801,-17.3101,8.88647,48.1367
39954,12587,5939,3932,3537,5927,4683,3758,3392,3894,3757,3404,3243,3475,3369,3274,3175,-31.3763,-31.5368,8.57742,47.564
39955,3171,3431,3816,3885,3292,3567,4245,5596,3334,3870,5149,10136,3280,3782,4819,6651,8.70942,31.7529,8.89629,48.016
39956,12184,6670,3984,3490,6075,4804,3856,3404,3799,3859,3440,3241,3299,3409,3235,3025,-26.986,-24.0392,8.95927,47.8493
39957,4657,7050,6620,4479,4295,6334,5915,4148,3677,4173,3928,3615,3343,3449,3471,3341,-16.9764,-0.985067,8.92477,48.33
39958,4105,5899,9751,6207,3747,4374,5552,4757,3260,3712,3810,3648,3117,3312,3461,3380,-25.3575,7.96799,8.74462,48.0613
39959,3398,3577,3610,3770,3531,4137,5160,4341,3800,5233,8141,5524,3637,4476,5435,4770,8.23748,7.97099,8.7827,48.36
39960,4120,4679,4232,3785,4775,7125,5596,4011,4340,5940,4871,3970,3790,3978,3795,3487,-3.33268,-3.65611,8.71702,48.3293
39961,6188,9150,5701,3935,5045,5939,4538,3777,3747,3950,3656,3311,3306,3446,3258,3191,-22.3564,-8.07158,8.67334,48.092
39962,4315,4114,3671,3177,6355,5190,3917,3296,7610,6392,3959,3417,5149,4580,3746,3288,3.10891,-18.6143,8.57854,48.1173
39963,3331,4069,6388,8811,3372,3852,5659,7764,3321,3577,4196,4574,3122,3273,3430,3552,-16.7871,21.1075,8.59863,48.194
39964,6664,9862,5759,3940,4865,5210,4311,3608,3800,3790,3567,3391,3317,3367,3371,3046,-29.4517,-8.90699,8.66803,47.912
39965,3047,3192,3428,3585,3217,3481,3790,4032,3474,3960,5350,6491,3443,4209,7232,9752,21.9741,19.4336,8.53118,47.7887
39966,5269,5143,4064,3338,7327,7100,4369,3487,5243,5044,3878,3300,3859,3823,3440,3272,-6.75493,-15.6186,8.50765,47.9707
39967,4751,6901,5972,4185,4597,6873,5830,4102,3847,4303,4043,3571,3308,3474,3477,3331,-15.3455,-2.92289,8.52276,48.3767
39968,3416,3996,5775,8522,3418,3956,5736,8629,3269,3524,4190,4551,3085,3173,3455,3527,-15.1478,22.3242,8.84236,48.148
39969,3800,3655,3346,3051,5283,4413,3639,3338,9895,5172,3777,3383,7216,5010,3831,3458,10.726,-28.6779,8.78971,48.178
39970,3277,3736,4748,5888,3330,4001,5918,9053,3366,3641,4729,6040,3136,3472,3755,3972,-6.24529,21.8604,8.79702,48.0413
39971,3636,3544,3283,3172,4748,4049,3676,3244,8717,5246,3797,3332,8649,5426,3836,3386,14.6536,-26.1538,8.5297,47.8273
39972,5322,4535,3705,3230,9280,5066,3750,3218,6894,4798,3685,3324,4084,3914,3551,3284,-3.95158,-32.9294,8.55102,47.76
39973,3646,4987,9636,8179,3633,4141,5051,5091,3314,3589,3889,3756,3163,3279,3315,3383,-30.2916,12.9533,8.88706,48.0347
39974,4495,4219,3386,3141,7782,4872,3749,3373,8720,5165,3797,3305,4934,4297,3592,3227,1.50161,-26.6332,8.78594,48.036
39975,4145,4150,3622,3341,6025,5655,3936,3345,7131,6673,4142,3422,4900,4648,3791,3479,2.92058,-16.0478,8.59582,48.27
39976,3158,3264,3465,3286,3379,3611,3873,3760,3796,4679,5912,4837,4218,5970,9094,5838,21.7503,6.75065,8.93326,48.0933
39977,3899,6032,8630,5524,3776,4792,6189,4776,3517,3740,3966,3743,3253,3365,3410,3398,-20.2677,6.12894,8.60195,48.0067
39978,3280,3376,3347,3200,3461,3746,3802,3556,4191,5132,5427,4389,4623,7720,8164,4777,22.7486,1.00306,8.85954,48.1273
39979,4878,8249,8182,4785,4199,5046,4846,4007,3585,3735,3679,3610,3264,3324,3294,3278,-30.3192,-0.295897,8.63855,47.974
39980,3393,3937,6197,11860,3338,3869,4891,6701,3148,3366,3855,4062,3034,3298,3333,3410,-23.0172,25.9796,8.84318,47.7947
39981,3439,3456,3250,3133,4278,3904,3547,3261,7869,4980,3767,3294,10647,5621,4002,3422,18.7473,-30.7319,8.75399,47.9133
39982,3499,4399,7571,9910,3570,3937,5246,6154,3310,3540,3880,4098,3081,3269,3493,3326,-23.4994,18.5328,8.67717,48.1887
39983,11036,7417,4230,3396,5834,4939,3923,3403,3726,3794,3389,3199,3431,3390,3203,3139,-31.2404,-20.1824,8.86843,47.6327
39984,10803,7540,4235,3521,5937,4991,3885,3376,3940,3816,3375,3315,3286,3373,3286,3134,-26.4548,-19.4888,8.7321,47.8753
39985,3358,3450,3158,3144,4451,3945,3522,3305,8244,5099,3788,3332,9895,5510,3940,3389,17.2941,-31.5373,8.90789,47.6867
39986,3609,4474,8431,9186,3536,4098,5311,5772,3228,3546,3819,3974,3134,3186,3392,3299,-24.3466,16.3835,8.87864,47.9967
39987,3412,3487,3457,3307,3783,4217,3859,3575,4949,7000,5353,3895,5164,7382,5685,4098,16.2179,-4.93281,8.57283,48.4153
39988,6424,5477,3891,3432,8095,6733,4173,3489,4970,4578,3724,3412,3812,3700,3403,3145,-10.3231,-17.6461,8.76218,48.3053
39989,3179,3240,3372,3413,3318,3463,3924,4108,3295,3849,4923,7544,3503,3886,5756,11093,20.588,30.7824,8.59564,47.9107
39990,8432,7854,4480,3574,6293,5979,4088,3643,4083,4070,3531,3211,3458,3470,3276,3009,-19.9227,-15.6131,8.78006,48.3007
39991,3951,4073,3573,3336,4996,6094,4132,3542,5723,7661,4641,3623,4396,4810,4016,3456,3.48236,-10.1763,8.7769,48.0153
39992,6789,6380,4193,3551,7219,6788,4302,3534,4627,4309,3660,3330,3710,3514,3298,3040,-13.7547,-16.0031,8.59562,48.1627
39993,3604,3712,3389,3194,4258,4690,3823,3456,6032,7979,4724,3606,5485,6470,4613,3577,11.7978,-10.7793,8.57338,48.408
39994,5385,6077,4451,3577,6293,7749,4563,3658,4512,4806,3891,3348,3677,3748,3365,3297,-10.3976,-11.9211,8.63689,48.2647
39995,11912,5841,3960,3373,6813,4846,3799,3247,4133,3879,3528,3189,3387,3490,3230,3143,-22.9421,-31.5218,8.52208,47.8467
39996,3188,3478,3862,4079,3369,3714,4821,6836,3343,3783,5153,9405,3284,3631,4475,5467,4.22408,33.6904,8.88675,47.9253
39997,3484,4051,6387,9933,3380,3947,5491,7186,3219,3534,3961,4390,3070,3146,3424,3455,-19.352,22.1211,8.57009,48.0387
39998,3124,3237,3293,3465,3224,3469,3699,3989,3329,3727,4927,6138,3432,3913,6155,12564,27.5358,26.9427,8.86372,47.79
39999,3147,3236,3628,3664,3268,3597,4326,4731,3347,4009,6523,8151,3455,4060,5759,7110,12.6115,18.7647,8.66001,48.0073
40000,3102,3293,3578,3488,3273,3683,4190,4693,3411,3913,5843,8278,3336,4071,5947,8414,15.0741,21.113,8.91848,48.342
40001,4481,7500,9027,5167,3893,4767,5327,4306,3595,3708,3787,3654,3189,3315,3343,3226,-26.8405,2.50599,8.74948,48.19
40002,3662,4999,9472,7993,3553,4136,5323,5219,3159,3589,3947,3820,3066,3290,3361,3299,-28.0098,12.9502,8.75694,47.9253
40003,3654,4284,6202,5876,3621,4338,7628,6638,3476,3805,4660,4384,3187,3363,3587,3717,-11.712,13.2558,8.81733,48.28
40004,4260,5456,5240,4233,4306,7001,6712,4308,3756,4563,4495,3834,3411,3596,3676,3365,-10.051,-0.287083,8.60881,48.1413
40005,3962,3783,3400,3122,5857,4734,3681,3318,8999,6153,3946,3306,5714,4679,3683,3345,6.49377,-20.6868,8.96459,47.788
40006,3728,4256,4642,4047,3842,5460,7454,4779,3776,4743,5964,4400,3517,3820,3978,3801,-3.50245,4.53991,8.87837,48.138
40007,3813,3639,3331,3107,5460,4347,3712,3313,9985,5277,3782,3322,7105,5023,3678,3270,10.3586,-31.953,8.74379,48.1093
40008,3493,4202,7139,8890,3592,4040,5707,6879,3169,3617,4132,4223,3132,3331,3426,3430,-18.6885,18.4044,8.70219,48.268
40009,3201,3405,3292,3086,3737,3825,3826,3428,4623,5825,4896,3807,5498,9119,6497,4273,22.3703,-4.88826,8.98174,48.2253
40010,3112,3307,3365,3314,3332,3639,3949,3915,3646,4274,5577,5248,3665,4928,9226,7780,24.68,12.709,8.76828,48.1847
40011,3372,4091,6559,12109,3413,3762,4829,6059,3176,3502,3783,3865,3262,3280,3356,3490,-29.9268,23.8256,8.63746,47.9387
40012,3265,3390,3410,3262,3512,3674,3901,3747,3955,4810,5648,4632,4216,6490,8775,5402,22.7684,4.6203,8.5244,48.0593
40013,3200,3814,5140,7541,3335,3850,5502,9546,3193,3517,4238,5157,3105,3422,3517,3848,-11.4342,25.573,8.94636,47.95
40014,3193,3613,3629,3423,3496,3913,4724,4242,3775,5482,8047,5358,3739,4758,6142,4952,10.9916,7.0339,8.92361,48.324
40015,3189,3290,3320,3301,3550,3701,3899,3582,4265,5227,5183,4132,4907,8227,7881,4681,23.6743,-0.584075,8.82112,48.2233
40016,3109,3171,3420,3353,3222,3607,3890,3727,3543,4136,5234,5255,3635,5018,9388,8282,30.9916,13.1702,8.73553,47.9933
40017,4066,5675,9492,6434,3670,4527,5721,4862,3394,3581,3863,3784,3153,3213,3366,3309,-23.7299,8.17252,8.66144,48.0733
40018,3502,3764,3754,3522,3895,5088,5088,4062,4286,6627,6795,4226,3830,4666,4828,4032,5.46111,0.158547,8.7436,47.9767
40019,3529,3705,3477,3329,4138,4633,4063,3445,5228,8161,5266,3909,4996,6124,4642,3797,11.1828,-6.74079,8.83659,48.2947
40020,3291,3894,4761,6171,3309,3904,5559,9613,3330,3631,4491,5789,3063,3458,3879,4062,-7.3628,23.839,8.96602,48.1367
40021,9111,8387,4578,3599,5747,5350,4173,3541,3916,3956,3527,3380,3361,3305,3278,3144,-25.2726,-15.6326,8.66243,48.2353
40022,3381,3482,3448,3149,4028,4083,3626,3316,6132,6690,4383,3545,6828,7862,4604,3595,17.7111,-12.8651,8.83814,48.1013
40023,3269,3846,4993,7086,3384,3808,5181,10132,3229,3497,4273,5221,3178,3274,3679,3750,-10.3649,32.9,8.89557,47.8667
40024,3511,4342,8057,9927,3350,3963,5148,5951,3326,3581,3869,3964,3150,3144,3434,3333,-25.7424,17.9402,8.73331,48.0333
40025,7007,4915,3723,3297,9844,5346,3704,3466,5494,4167,3621,3277,3863,3614,3294,3111,-9.66493,-29.5545,8.7517,47.8287
40026,6163,9538,5860,3982,4833,5770,4643,3735,3804,3986,3677,3417,3314,3348,3308,3186,-23.4427,-7.66992,8.94104,48.376
40027,3581,3700,3602,3290,4061,4779,4361,3725,4719,7656,5884,3972,4598,5443,4765,3976,9.27491,-3.84383,8.61817,48.0747
40028,7501,5322,3873,3315,9039,5800,3870,3378,4951,4297,3589,3206,3730,3630,3294,3122,-12.3528,-22.5137,8.82015,47.9447
40029,4450,7605,8835,5069,3946,4821,5054,4263,3515,3683,3756,3555,3232,3327,3340,3218,-30.6422,2.09226,8.55251,47.7793
40030,11333,7185,4098,3353,6084,4938,3828,3340,3899,3884,3374,3226,3373,3406,3247,3088,-26.7233,-21.2354,8.61122,47.7707
40031,4182,6039,6951,4739,4091,5868,6878,4572,3470,4086,4080,3690,3358,3409,3489,3339,-15.6548,2.36753,8.9525,48.1607
40032,3135,3371,3667,3593,3242,3474,4222,4591,3326,4005,5749,8631,3389,3981,5696,8381,14.6907,22.7434,8.61688,48.302
40033,3288,3379,4037,4310,3364,3720,4661,7090,3344,3747,5103,9409,3267,3563,4418,5361,3.36852,32.6885,8.96941,48.0407
40034,3212,3522,4203,5096,3214,3776,5035,8830,3387,3643,4898,7638,3189,3441,4039,4535,-1.91267,28.5503,8.6386,47.772
40035,3551,3592,3420,3238,4243,4384,3724,3426,6169,7534,4631,3693,6116,6650,4552,3668,13.4021,-11.7326,8.59263,48.394
40036,3341,3848,5069,7139,3447,3793,5250,9813,3288,3595,4233,5200,3323,3270,3545,3764,-10.7,33.5906,8.93592,47.9453
40037,3769,4753,8956,8083,3555,4128,5625,5505,3228,3654,3886,3863,3182,3311,3370,3401,-23.9658,13.4711,8.59688,48.1793
40038,7828,5911,4126,3442,7831,5952,3988,3466,4433,4109,3739,3231,3666,3520,3441,3262,-15.2047,-20.1283,8.50503,47.9633
40039,3627,3535,3324,3130,4746,4289,3573,3207,8380,6049,4088,3448,7678,5746,3898,3428,13.1321,-20.3478,8.75519,48.0973
40040,3108,3347,3599,3616,3292,3520,4127,4889,3347,3947,5383,9108,3394,3890,5376,8211,13.6141,25.8159,8.54738,48.1027
40041,3517,4744,8776,9132,3520,4084,5282,5339,3257,3519,3784,3911,3128,3250,3347,3378,-28.4338,15.3634,8.64774,47.9787
40042,3250,3375,3215,3109,3704,3806,3582,3351,4876,5248,4400,3747,6986,9732,5534,3730,26.9529,-9.93393,8.90794,47.7633
40043,3823,5067,8624,6730,3693,4383,6266,5383,3337,3623,3945,4030,3221,3280,3423,3415,-20.1246,10.682,8.59058,48.162
40044,3562,4079,4630,4260,3808,4983,7416,5184,3654,4467,6308,4817,3510,3682,4115,3941,-2.55731,7.90869,8.50639,48.2773
40045,3842,3772,3533,3261,5190,4925,3725,3383,7645,7174,4258,3424,5789,5171,3830,3382,8.23713,-16.4009,8.68894,48.2027
40046,7322,5678,3968,3396,8424,6154,4006,3496,4799,4222,3678,3310,3683,3592,3319,3113,-12.7279,-20.0455,8.80075,48.1067
40047,4523,4108,3438,3205,6766,5384,3908,3366,8010,5811,3815,3365,5159,4470,3549,3321,2.54867,-20.5372,8.53422,48.132
40048,3106,3216,3388,3342,3144,3414,3726,3990,3368,3819,5006,6313,3378,4003,6483,12063,25.4715,24.773,8.91998,47.8393
40049,3689,5054,9441,7905,3570,4276,5226,5164,3392,3578,3783,3703,3156,3350,3361,3322,-29.0361,12.3065,8.67398,47.98
40050,3135,3113,3319,3335,3250,3476,3772,3947,3435,3782,4741,6151,3386,3825,5989,12898,28.2633,29.9959,8.89808,47.7027
40051,3435,3403,3290,2997,4136,4018,3646,3294,6495,5800,4037,3470,8739,7578,4357,3571,19.9429,-17.1034,8.7787,48.1773
40052,3102,3193,3426,3625,3267,3579,3958,4756,3459,3724,5196,8920,3449,3796,5467,9136,15.3859,28.4532,8.82105,48.0353
40053,4933,6748,5487,4078,4810,7365,5668,4063,3886,4424,3919,3541,3454,3524,3377,3146,-14.4077,-4.12307,8.96765,48.282
40054,3369,3787,5993,12620,3268,3655,4816,5967,3335,3418,3765,3961,3191,3282,3343,3324,-31.699,30.6404,8.86936,47.396
40055,3250,3562,3643,3898,3499,4078,5325,4733,3648,4595,8085,6317,3467,4144,5387,4997,7.1329,11.6303,8.77444,48.4187
40056,3210,3306,3410,3311,3518,3774,3767,3652,3791,4611,5511,4471,4202,6481,9416,5857,25.0947,5.29969,8.6711,48.192
40057,5897,9495,6287,4023,4668,5492,4720,3762,3678,3851,3787,3393,3245,3335,3367,3139,-25.4512,-6.17887,8.84634,48.0927
40058,3432,3949,6743,11584,3454,3811,5054,6239,3115,3440,3945,4096,3129,3157,3386,3271,-26.3154,23.0858,8.5126,47.87
40059,3353,3936,5748,11759,3371,3828,4842,7101,3215,3355,3812,4047,3176,3124,3489,3456,-21.8234,30.2574,8.96934,47.7413
40060,3106,3327,3398,3320,3261,3519,3794,3906,3607,4178,5226,5217,3683,5005,9454,7918,33.2625,12.2329,8.58248,47.946
40061,7260,5365,3901,3377,8691,6103,3969,3437,4903,4252,3613,3268,3669,3661,3303,3175,-11.6614,-21.1865,8.83903,47.9647
40062,3268,3424,3738,3618,3540,4135,5017,4505,3616,4902,8261,5574,3556,4410,5639,4894,8.70773,9.26413,8.72979,48.0647
40063,3232,3495,3856,4185,3350,3772,4961,5786,3401,4091,6545,8028,3374,3792,4772,5404,5.97697,18.6405,8.54685,48.0293
40064,3137,3449,3902,4150,3259,3685,4475,6363,3335,3767,5263,9957,3311,3669,4511,5857,6.09282,30.1448,8.66646,48.06
40065,3687,4957,9360,8158,3454,4227,5420,5237,3297,3536,3781,3861,3193,3204,3393,3308,-27.1761,13.073,8.6447,48.0487
40066,5107,7580,6255,4152,4766,6453,5562,4046,3827,4080,3945,3489,3182,3430,3432,3232,-17.5321,-3.9552,8.5794,48.3587
40067,7375,9369,5167,3674,5236,5788,4290,3652,3833,3820,3738,3233,3330,3414,3360,3137,-23.4611,-11.516,8.81453,48.2773
40068,4877,8403,8063,4725,4261,5073,4898,4084,3625,3734,3777,3516,3290,3268,3359,3242,-30.0253,-0.681237,8.73269,48.13
40069,3286,4045,6387,11780,3382,3894,4879,6796,3168,3460,3802,3955,3084,3285,3448,3412,-23.1748,24.9983,8.83781,48.042
40070,3084,3223,3392,3306,3229,3487,3809,4035,3334,3836,4974,6318,3423,4179,6954,11337,25.3273,21.9899,8.57359,47.9467
40071,3468,3834,5285,8103,3531,3935,5534,9154,3341,3508,4201,4898,3116,3368,3530,3648,-13.331,24.5704,8.82802,48.3027
40072,3325,3884,4742,5127,3564,4313,7140,7032,3479,4001,5599,5551,3174,3513,3931,3989,-4.40161,14.9383,8.88707,48.2427
40073,3508,4231,7140,9308,3441,4035,5634,6945,3279,3510,4028,4195,3046,3353,3336,3422,-19.7159,18.7139,8.72798,48.274
40074,4550,4817,3873,3426,6027,7587,4602,3648,5185,6019,4209,3551,3942,3965,3738,3281,-3.43421,-11.6743,8.80796,48.28
40075,4063,6343,9799,5859,3948,4454,5174,4571,3424,3660,3784,3798,3256,3257,3317,3234,-29.4546,6.07443,8.95557,47.9607
40076,3423,3305,3214,3085,4185,3918,3655,3302,6178,6165,4113,3582,8029,7848,4546,3628,19.2926,-15.1708,8.94381,48.1173
40077,3127,3266,3351,3471,3339,3396,3865,4009,3331,3812,4812,5842,3404,3839,6830,11924,32.9842,23.0033,8.9142,47.7453
40078,4025,3679,3343,3180,5979,4432,3649,3281,9948,5191,3789,3369,6093,4777,3733,3206,7.19237,-31.9213,8.79341,47.7827
40079,6883,5015,3779,3256,9659,5391,3915,3411,5442,4294,3705,3272,3835,3648,3315,3151,-9.73431,-26.6068,8.5602,47.9807
40080,3252,3363,3431,3352,3492,3770,4035,3933,3826,4861,6734,4900,4036,5579,8246,5626,18.3694,6.73674,8.85324,48.2907
40081,3292,3754,5107,7527,3416,3994,5425,9792,3296,3684,4304,5204,3054,3255,3560,3817,-11.3324,26.2691,8.90014,48.3207
40082,4007,5634,9035,5729,3773,4774,6134,4846,3515,3818,3965,3777,3198,3323,3359,3451,-20.8646,6.67476,8.63812,48.2253
40083,3281,3554,4052,4799,3428,3839,4903,8342,3375,3771,4912,8265,3271,3555,4244,4714,0.0102353,31.6716,8.68648,48.2033
40084,4126,3873,3412,3247,6342,4648,3733,3340,9614,5168,3831,3418,5897,4685,3647,3291,5.97729,-32.5552,8.71885,48.1813
40085,3308,3347,3334,3172,3711,3757,3657,3279,4961,5393,4234,3726,6973,9760,5595,3783,27.7609,-9.96219,8.62484,47.9933
40086,3966,3783,3439,3270,5715,4757,3689,3331,8860,6218,4013,3440,5766,4953,3752,3352,7.1922,-20.0541,8.95792,48.2027
40087,3410,4008,6150,12329,3410,3648,4693,6006,3198,3412,3762,3948,3191,3331,3347,3343,-32.3572,28.2987,8.60486,47.4573
40088,3080,3321,3322,3337,3324,3371,3905,3920,3383,3776,4827,6125,3352,3893,6266,12303,33.3013,25.5508,8.65072,47.67
40089,5326,4675,3754,3293,8731,5942,3971,3322,6324,4854,3701,3351,4157,4076,3491,3211,-4.58998,-21.0576,8.85609,48.1193
40090,10286,6325,4044,3409,7544,5230,3943,3368,4195,3994,3557,3233,3387,3480,3296,3034,-19.02,-23.1934,8.93044,48.2167
40091,3466,4190,6763,10344,3529,3885,5310,6803,3200,3564,3867,4162,3038,3233,3484,3503,-20.9277,21.1084,8.66735,48.2273
40092,3185,3456,3302,3138,3564,3769,3810,3620,4171,4941,4997,4090,4846,8410,8106,4664,26.7261,-0.587386,8.70753,48.046
40093,8119,9432,5066,3663,5211,5378,4102,3583,3729,3791,3590,3263,3404,3366,3304,3147,-26.6715,-12.9059,8.96354,48.0987
40094,3301,3262,3265,3066,3909,3781,3583,3400,5336,5499,4037,3615,7973,9163,4916,3673,24.5628,-13.1104,8.66187,47.8527
40095,3455,3713,3804,3497,3710,4850,4907,4095,4401,6970,7020,4339,3968,4891,4986,4063,7.33172,-0.163285,8.98494,48.446
40096,3058,3165,3357,3546,3200,3537,3930,4166,3329,3922,5216,7133,3397,4147,6430,10265,20.5598,22.7949,8.50825,47.8653
40097,3317,3513,3468,3219,3753,4160,4012,3696,4328,6135,6469,4420,4366,6202,6499,4535,15.0745,0.868753,8.97152,48.0613
40098,3999,5093,6671,5031,3965,5312,7704,5101,3593,4060,4373,3976,3190,3476,3562,3492,-13.3293,6.11697,8.95073,48.3987
40099,3875,4099,3883,3508,4628,6197,5028,3825,4628,7321,5397,3871,4003,4413,4196,3713,1.65772,-4.47541,8.90084,48.39
40100,12626,6157,3892,3361,6134,4677,3779,3363,3810,3858,3436,3185,3397,3442,3204,3109,-29.5597,-28.5684,8.70848,47.62
40101,3296,3612,4358,5062,3394,3716,5046,8753,3357,3690,4807,7738,3329,3446,4080,4566,-2.05815,30.7964,8.55382,48.1667
40102,3232,3220,3418,3354,3326,3397,3748,3769,3371,3855,4738,5733,3555,4049,6029,12323,30.3268,33.4138,8.72418,47.4113
40103,3183,3226,3399,3403,3188,3731,3877,3959,3525,4143,5251,5403,3568,4694,9068,8424,32.9246,14.3487,8.62211,48.028
40104,4501,5019,4290,3657,5183,8135,5276,3837,4361,5427,4369,3658,3730,3870,3621,3335,-6.17474,-6.74034,8.82554,48.1793
40105,8072,5174,3818,3265,9415,5356,3828,3379,4909,4196,3577,3336,3640,3483,3161,3150,-12.798,-30.4193,8.66124,47.8393
40106,3650,4508,6440,5449,3748,4874,7762,6028,3392,3819,4551,4315,3277,3406,3619,3552,-12.2587,10.0041,8.66132,48.26
40107,3737,3811,3597,3334,4254,5161,4313,3655,5212,8024,5336,3780,4600,5257,4448,3702,7.35992,-6.55897,8.56829,48.1473
40108,3488,4044,5874,11802,3353,3701,4913,7025,3254,3411,3779,4047,3155,3225,3380,3362,-22.1132,32.1232,8.9395,47.8753
40109,10154,5673,3933,3383,7964,5015,3692,3395,4373,4079,3609,3235,3574,3464,3294,3054,-18.0149,-27.5534,8.57936,47.9273
40110,3312,3398,3295,3168,3721,3772,3681,3434,4752,5398,4482,3699,6470,9872,5734,3876,32.3609,-8.0225,8.53878,48.0427
40111,4167,4811,4341,3829,4700,7651,5713,4053,4276,5646,4760,3806,3648,3992,3776,3429,-4.44845,-3.92175,8.94325,48.3987
40112,4626,7900,8167,4686,4071,4978,5081,4269,3548,3787,3838,3518,3405,3379,3403,3348,-33.0008,0.622455,8.53086,48.0027
40113,3336,3958,6650,12136,3343,3753,4996,6082,3300,3354,3695,3930,3096,3236,3286,3324,-28.3349,24.5403,8.6522,47.65
40114,3474,4292,6823,7478,3398,4131,6359,6780,3347,3707,4161,4329,3051,3401,3572,3546,-16.4585,16.4077,8.51269,47.8993
40115,3632,4354,7565,7784,3654,4175,6209,6244,3379,3544,4174,4165,3065,3382,3434,3448,-18.3724,15.3607,8.7578,48.1387
40116,4468,7533,9124,5157,4010,4781,4973,4281,3440,3653,3788,3595,3283,3305,3328,3257,-29.4669,2.42882,8.91762,47.984
40117,3496,3351,3234,3198,3882,3839,3571,3316,5438,5336,4044,3492,8888,9048,4745,3518,27.3506,-14.6286,8.79181,48.264
40118,3275,3524,4097,4620,3375,3715,4916,7775,3374,3857,4968,8610,3226,3559,4154,5117,1.24686,27.5616,8.59829,48.108
40119,5211,8948,7181,4504,4354,5156,4874,3993,3540,3774,3713,3493,3306,3476,3325,3322,-26.9842,-2.69467,8.58277,48.1133
40120,3283,3898,5585,9903,3285,3860,5088,8572,3163,3460,4108,4393,3120,3254,3573,3505,-16.6102,29.6432,8.93394,48.0333
40121,10291,7588,4214,3528,6148,5310,3878,3423,3972,3809,3437,3222,3440,3357,3207,2980,-23.6896,-19.0921,8.82685,47.8693
40122,12634,6227,3869,3250,6095,4789,3688,3356,3954,3852,3529,3159,3410,3440,3229,3132,-31.502,-26.3442,8.64979,47.742
40123,3588,4695,9209,8276,3584,4091,5326,5240,3185,3581,3899,3898,3233,3272,3338,3469,-32.8088,13.8673,8.80291,47.9227
40124,3169,3291,3450,3216,3516,3789,3684,3643,3978,4940,5539,4442,4356,7029,8995,5079,23.8975,3.0919,8.61939,48.0773
40125,5488,4465,3602,3361,9168,5111,3714,3406,7046,4878,3698,3388,4219,3879,3475,3215,-3.55496,-32.9658,8.62737,48.0753
40126,3984,3719,3292,3142,5908,4455,3663,3253,9898,5189,3768,3269,6210,4618,3768,3352,7.51319,-31.875,8.85725,47.6587
40127,6008,9828,6352,4135,4671,5238,4578,3842,3756,3873,3642,3417,3330,3265,3333,3193,-29.1313,-6.47298,8.88302,48.3073
40128,10325,5672,3915,3297,8170,4980,3763,3372,4311,3950,3393,3167,3584,3448,3304,3144,-18.1795,-29.8508,8.88955,47.8633
40129,3096,3287,3553,3686,3221,3426,4169,4948,3310,3831,5341,9430,3315,3814,5309,8342,13.02,27.2578,8.85805,48.052
40130,3320,3717,3859,3718,3561,4492,5464,4380,3889,5385,8177,5236,3585,4330,4962,4379,5.83546,6.27706,8.9781,48.3027
40131,10613,5863,3915,3358,7782,5048,3885,3412,4313,3805,3475,3253,3508,3394,3165,3155,-18.7158,-27.3374,8.63993,47.9627
40132,9241,5916,3950,3366,8430,5373,3934,3425,4405,3930,3549,3297,3609,3454,3194,3099,-16.5927,-24.0046,8.97623,48.1147
40133,3095,3409,3850,4067,3332,3697,4784,6485,3407,3753,5758,9385,3281,3656,4576,5679,5.08733,23.1849,8.95231,48.1427
40134,3379,3378,3146,3070,4020,3920,3414,3221,6132,5010,3908,3459,11260,7032,4110,3359,25.8402,-21.4767,8.85564,47.8787
40135,3082,3181,3354,3401,3287,3529,3847,3846,3560,3997,5197,5315,3491,4502,8900,9350,29.756,15.8411,8.96748,47.8927
40136,3530,4172,7318,11074,3555,3669,4951,6293,3287,3457,3833,4013,3028,3278,3506,3440,-24.8167,21.2535,8.72872,48.2693
40137,3420,3734,4927,6534,3539,3865,5946,9169,3227,3721,4501,5589,3173,3382,3800,3847,-8.65564,22.0527,8.50193,48.2493
40138,3342,3775,5141,6916,3329,3845,5557,9737,3261,3545,4341,5454,3170,3275,3643,3912,-9.74575,24.4971,8.77829,48.162
40139,3881,5473,9475,6805,3638,4477,5740,4860,3312,3719,3776,3820,3095,3340,3399,3329,-24.0312,9.2433,8.7433,48.0927
40140,3674,4858,8871,7793,3492,4271,5852,5510,3356,3571,3867,3890,3143,3256,3446,3376,-22.7044,13.0692,8.72115,48.1507
40141,3149,3357,3355,3312,3445,3645,3802,3722,3725,4430,5587,4739,3868,5778,9727,6516,24.8687,8.11402,8.63912,48.1047
40142,9806,7837,4357,3382,6074,5303,4045,3442,3964,3943,3534,3187,3398,3386,3197,3030,-23.3772,-18.4035,8.84148,47.9233
40143,7796,9637,4926,3664,5195,5261,4225,3706,3825,3923,3632,3386,3353,3399,3267,3224,-33.8008,-12.2116,8.81246,48.2793
40144,7373,9414,5149,3755,5142,5585,4334,3667,3785,3805,3666,3411,3259,3379,3298,3104,-25.3331,-11.3149,8.56086,48.084
40145,5281,9000,7357,4488,4417,5428,4699,3968,3515,3746,3636,3429,3309,3396,3246,3176,-26.2222,-2.86954,8.7972,48.0607
40146,12521,6166,3904,3344,6228,4778,3827,3304,3941,3787,3443,3081,3299,3355,3117,3156,-28.9118,-29.2035,8.5706,47.5007
40147,7137,4931,3689,3276,9929,5279,3780,3323,5489,4167,3612,3292,3647,3670,3290,3207,-9.91026,-29.471,8.86845,47.812
40148,3323,3925,5460,7383,3362,4070,5940,9060,3327,3607,4385,4901,3099,3427,3576,3722,-12.0366,21.3102,8.97964,48.378
40149,3515,4176,7316,11444,3285,3770,5048,5888,3232,3465,3759,3931,3130,3230,3358,3363,-28.7649,21.1517,8.81773,47.94
40150,4487,5978,5063,3960,4862,7806,5820,4079,3921,4579,4156,3638,3468,3625,3481,3298,-11.1064,-4.53497,8.73383,48.1473
40151,3187,3240,3416,3347,3398,3703,3839,3701,4012,4751,5448,4558,4230,6823,9406,5663,25.0141,4.65031,8.59411,48.4813
40152,3378,3653,4538,5590,3308,3800,5227,9653,3276,3738,4564,6696,3182,3445,3926,4180,-4.99841,33.2054,8.94023,48.1027
40153,3321,3334,3279,3107,3920,3792,3446,3375,5847,4954,3760,3442,11750,6983,4066,3346,29.0737,-22.3188,8.78213,47.8147
40154,3548,3345,3256,3124,4010,3677,3341,3322,6136,4830,3756,3411,12296,5936,3828,3402,33.5491,-28.2374,8.60619,47.4787
40155,3450,3616,4229,4053,3631,4340,6005,4922,3618,4741,7494,5623,3463,3950,4736,4471,3.32018,9.78487,8.5724,48.228
40156,4474,7477,8849,4982,4047,4862,4921,4232,3514,3819,3825,3500,3164,3375,3436,3273,-32.3055,2.08537,8.59781,47.8333
40157,11287,6795,4067,3408,6412,5137,3824,3436,4107,3862,3517,3128,3314,3462,3159,3076,-23.4251,-22.0934,8.88931,47.994
40158,3301,3306,3424,3403,3196,3461,3761,3868,3432,3708,4705,6050,3327,3874,6001,12571,32.5753,31.0683,8.60517,47.592
40159,3142,3386,3614,3465,3571,3916,4286,4006,3929,5248,7348,4955,3929,5223,7413,5197,15.1305,6.34991,8.84483,48.4187
40160,11555,7079,4184,3325,5879,4956,3913,3293,3891,3743,3510,3182,3486,3504,3184,3072,-28.5626,-21.7552,8.62585,47.8373
40161,3114,3178,3500,3632,3255,3494,4068,4461,3379,3850,5366,8357,3429,4036,5684,9258,16.2153,24.5368,8.60729,48.0407
40162,3257,3583,4257,4312,3460,3919,5774,6248,3472,4172,6510,7162,3383,3727,4334,4729,1.97209,16.7837,8.96034,48.1993
40163,11594,6293,4004,3371,6907,4976,3799,3332,4026,3841,3348,3221,3394,3360,3174,3140,-22.1144,-25.9102,8.75797,47.8533
40164,4453,6141,5861,4353,4480,6760,6435,4283,3902,4255,4209,3796,3360,3412,3444,3396,-13.6978,-0.664048,8.52758,48.36
40165,3221,3300,3641,3890,3273,3686,4326,5630,3265,3767,5381,9930,3311,3754,4882,7018,9.53329,30.2941,8.61787,48.1833
40166,4074,4821,4679,4017,4428,7227,6765,4171,4055,5112,4851,3945,3498,3836,3655,3332,-6.35149,-1.06371,8.87622,48.3107
40167,4915,7789,6643,4202,4441,6162,5416,4054,3711,3871,3800,3595,3297,3422,3420,3346,-18.582,-2.40136,8.8787,48.056
40168,3262,3580,4038,3837,3636,4121,5538,4906,3658,4768,7884,5739,3450,4103,4941,4735,5.07492,10.2625,8.57357,48.1307
40169,5204,8735,6824,4386,4417,5607,4827,3877,3706,3855,3806,3514,3330,3410,3418,3074,-22.6259,-3.2092,8.73647,47.9933
40170,4660,7438,8508,5018,4069,5116,5355,4268,3526,3770,3852,3582,3374,3273,3350,3220,-24.2563,1.45222,8.59956,48.2527
40171,3062,3329,3380,3305,3278,3550,3679,3862,3487,4117,5175,5492,3535,4558,8719,9133,28.4789,15.4994,8.64577,47.774
40172,3959,4239,4169,3633,4404,6721,5606,3962,4358,6293,5379,4023,3838,4258,3957,3605,-0.846115,-2.74136,8.89686,48.2693
40173,3721,3572,3353,3177,5180,4289,3578,3275,9491,5524,3735,3413,7620,5194,3757,3412,11.5582,-24.8621,8.76929,48.194
40174,3331,3883,6038,12658,3423,3687,4621,6247,3289,3450,3771,3925,2962,3209,3335,3271,-26.8081,30.894,8.99741,47.4
40175,6457,9901,5577,3878,4738,5310,4299,3766,3818,3909,3662,3405,3356,3375,3314,3084,-32.46,-8.54391,8.60034,47.8993
40176,5402,9054,6626,4219,4417,5646,4765,3993,3643,3875,3745,3427,3308,3409,3319,3213,-22.8104,-3.82586,8.99315,48.0407
40177,3347,3909,5366,8501,3361,3896,5232,8985,3242,3720,4089,4735,3249,3130,3593,3571,-14.0598,33.1267,8.87478,47.9507
40178,3476,3827,4219,4148,3673,4534,6811,5009,3718,4596,7118,5369,3485,3827,4548,4139,0.69435,8.96014,8.76447,48.3313
40179,3351,3855,5153,7962,3375,3858,5180,9456,3351,3555,4146,4960,3143,3371,3537,3763,-12.488,31.3957,8.58973,48.0107
40180,3365,3962,5498,8258,3373,3844,5719,8719,3285,3506,4178,4825,3098,3276,3501,3683,-13.9886,23.5885,8.76087,48.06
40181,3175,3310,3417,3293,3160,3552,4048,3939,3513,4106,5645,5827,3510,4493,8298,8636,22.6746,15.2974,8.67503,47.948
40182,3431,3931,6125,10425,3497,3767,5121,7840,3189,3458,3852,4208,3084,3261,3397,3492,-19.0507,24.82,8.93912,48.052
40183,3884,4413,3995,3694,4663,6797,5456,3970,4444,6266,5147,3905,3867,4156,3890,3622,-1.14844,-3.70573,8.90796,48.1127
40184,3149,3279,3422,3297,3202,3433,3766,4033,3324,3647,4640,6047,3489,3916,5993,12626,33.8638,29.3512,8.8824,47.5087
40185,3700,3695,3386,3148,4580,4361,3611,3259,7407,6731,4165,3523,6751,6163,4151,3455,13.1728,-16.3581,8.66054,48.0573
40186,9931,8127,4354,3506,5877,5158,4009,3557,3964,3833,3520,3269,3418,3357,3227,3090,-25.6301,-17.6334,8.88707,48.1313
40187,3107,3352,3458,3464,3246,3437,4012,4207,3432,4007,5682,6660,3492,4205,7436,9066,20.2277,18.1831,8.93312,48.1753
40188,3267,3598,3991,4509,3237,3790,4968,7782,3405,3884,4994,8619,3303,3627,4190,5010,1.20196,33.4588,8.7959,48.116
40189,3189,3374,3625,3648,3150,3494,4069,4818,3292,3766,5277,9037,3336,3779,5370,8729,14.2835,26.8307,8.54191,47.9687
40190,3152,3486,3566,3830,3357,3612,4273,5376,3307,3652,5556,9915,3300,3784,4899,7163,10.2972,26.6616,8.93212,48.152
40191,3537,3680,3412,3192,4221,4663,3903,3411,5583,7915,5164,3792,5113,6392,4679,3814,11.8651,-8.19592,8.56267,48.314
40192,9854,7505,4366,3454,6140,5452,3968,3404,4089,3893,3510,3341,3509,3449,3359,2930,-23.0596,-18.7826,8.51974,48.1487
40193,3851,5251,9882,7224,3658,4308,5267,4994,3321,3611,3810,3682,3181,3297,3393,3308,-31.8131,10.4816,8.74299,48.0253
40194,3394,3511,3333,3194,3869,4051,3775,3411,5025,6709,4752,3827,5694,8269,5481,3915,18.4074,-7.58697,8.51939,48.14
40195,3159,3432,3760,3877,3263,3593,4482,5728,3366,3768,5472,9743,3364,3790,4786,6515,8.44857,25.3046,8.83599,48.0653
40196,3377,3910,5787,11265,3439,3913,5063,7206,3188,3535,3826,4107,3126,3099,3444,3461,-21.263,30.3578,8.53594,47.8307
40197,3418,4316,8000,10278,3469,3922,5014,5682,3204,3538,3778,3921,3129,3141,3376,3412,-27.5869,18.6459,8.86845,47.732
40198,6782,4920,3839,3276,9739,5360,3837,3398,5685,4278,3608,3303,3797,3718,3341,3169,-8.87587,-32.8587,8.52736,48.0333
40199,12036,6620,4050,3407,5892,4767,3974,3387,3978,3844,3415,3178,3490,3360,3291,3187,-32.6055,-23.853,8.53452,47.9173
40200,3356,3377,3270,3159,3781,3980,3764,3498,4959,6125,4732,3816,5808,8888,5756,3919,20.5427,-7.13846,8.93368,48.1253
40201,4472,5918,5426,4298,4499,7067,6408,4162,3777,4272,4292,3678,3443,3526,3481,3400,-12.2135,-1.64037,8.6946,48.0793
40202,3648,4585,8726,9632,3572,4082,5172,5491,3251,3560,3925,3879,3121,3261,3430,3386,-26.7501,16.0845,8.91215,48.4807
40203,3223,3236,3455,3411,3224,3290,3726,3946,3393,3679,4732,5976,3449,3868,6028,12787,31.5117,28.8817,8.99655,47.6153
40204,3389,3843,5466,9309,3376,3770,5211,8685,3145,3549,3967,4555,3211,3255,3426,3540,-16.0904,33.3165,8.58569,47.798
40205,12155,5979,3885,3410,6634,4712,3864,3308,4005,3807,3522,3189,3536,3353,3265,3018,-24.4995,-29.7802,8.70534,47.7613
40206,3811,3608,3414,3193,5063,4527,3663,3361,7794,6941,4159,3462,6466,5766,3965,3480,11.1099,-17.4624,8.63023,48.4487
40207,4172,4033,3544,3237,6123,5638,4036,3273,7333,6454,4112,3412,4962,4601,3800,3300,2.95429,-17.2127,8.93835,48.02
40208,3514,3530,3414,3273,4124,4196,3755,3362,5574,6889,4476,3695,6112,7663,4921,3790,16.6516,-10.1437,8.6951,48.192
40209,3722,4363,5732,4871,3558,5044,8549,5683,3357,4084,4901,4266,3355,3513,3719,3696,-9.29567,8.57467,8.95148,48.2753
40210,3163,3188,3471,3423,3267,3618,4135,4168,3494,4315,6238,6346,3396,4480,7449,7707,18.0713,15.2642,8.70583,47.9053
40211,3417,3808,4977,7217,3323,3780,5523,9695,3336,3570,4233,5226,3217,3299,3735,3730,-10.6158,26.514,8.76308,48.0573
40212,3659,4021,5260,4575,3681,4924,8176,5676,3592,4211,5392,4547,3185,3580,3848,3771,-6.13871,8.87305,8.99499,48.0653
40213,3638,3651,3368,3248,4381,4606,3717,3415,6538,7546,4423,3670,5796,6350,4304,3571,12.2129,-12.5885,8.78715,48.148
40214,3088,3259,3403,3355,3179,3523,3924,4256,3286,3798,4976,7329,3358,3869,6002,11021,20.7753,28.4086,8.60328,47.7507
40215,4405,3842,3473,3219,6824,4709,3634,3294,9238,5348,3786,3380,5545,4448,3710,3268,4.14957,-25.5156,8.56149,48.082
40216,6821,6648,4371,3558,6793,6683,4249,3544,4311,4280,3781,3311,3549,3627,3388,3158,-14.564,-15.1979,8.54971,48.048
40217,3064,3274,3444,3478,3147,3502,3807,3988,3329,3761,5135,6136,3607,4173,7293,11007,25.2773,20.6545,8.91339,48.0967
40218,3570,3983,4721,4368,3769,4815,7514,5318,3532,4511,6017,4754,3463,3828,4173,3937,-3.18758,8.44054,8.55235,48.182
40219,3407,4059,6504,9186,3428,3900,5551,7548,3205,3479,4080,4361,3072,3255,3460,3581,-17.9378,20.84,8.74944,48.0507
40220,8991,7756,4444,3538,6164,5519,4041,3458,4084,3990,3531,3239,3472,3401,3317,3130,-21.6265,-17.0363,8.62175,48.05
40221,3192,3402,3776,3918,3212,3677,4522,5904,3231,3822,5436,9817,3354,3668,4855,6400,7.67586,25.8887,8.8464,48.124
40222,3233,3412,3600,3824,3292,3615,4348,5628,3427,3835,5231,10028,3372,3793,4812,6913,9.38734,31.5416,8.86431,48.242
40223,3480,3400,3322,3168,4171,4099,3578,3282,6518,6345,4072,3347,8116,7279,4401,3615,17.8897,-16.6326,8.53781,48.1287
40224,3039,3277,3453,3458,3204,3464,3710,4070,3350,3777,4890,7066,3314,3999,5844,12026,22.4779,29.7883,8.84309,47.9607
40225,3391,4321,8258,9934,3378,4019,5137,5610,3208,3393,3946,3901,3040,3156,3352,3340,-26.8019,17.5003,8.82359,47.5893
40226,4357,5672,5421,4236,4414,6996,6681,4120,3929,4497,4345,3822,3474,3647,3500,3380,-11.1948,-1.13528,8.65382,48.3273
40227,3495,3433,3430,3128,4204,4412,3777,3347,6111,7167,4667,3646,6049,7055,4588,3796,14.557,-11.9555,8.76126,48.2033
40228,7564,7980,4609,3607,6211,6313,4128,3389,4130,4015,3594,3277,3455,3501,3342,3121,-18.8847,-14.4249,8.96694,48.1573
40229,3048,3396,3680,3726,3439,3740,4669,4852,3592,4291,7189,7464,3426,3987,5591,6007,9.99458,15.8701,8.89515,48.0647
40230,3519,3477,3427,3216,3996,4322,3814,3452,5546,7362,4894,3769,5503,7346,4857,3782,14.5222,-8.38282,8.59182,48.188
40231,3055,3289,3441,3385,3316,3643,4036,3978,3695,4491,6168,5413,3859,5020,8662,6699,20.3854,10.2419,8.77171,48.1
40232,3516,3747,4121,3927,3624,4219,6213,4997,3612,4885,7771,5444,3324,4041,4775,4342,3.56182,8.92834,8.89385,48.372
40233,9515,5494,3829,3276,8542,5032,3840,3439,4503,4081,3448,3288,3668,3380,3264,3106,-16.2667,-29.9809,8.7383,47.8033
40234,4859,8418,7900,4554,4187,5000,4933,4068,3641,3791,3786,3601,3280,3356,3437,3277,-33.2067,-1.38137,8.52552,48.0587
40235,3245,3483,3575,3472,3684,4035,4374,3822,3925,5582,7322,4793,4017,5335,6755,4824,13.5319,4.4432,8.86759,48.162
40236,3534,3575,3750,3608,3715,4514,4828,4071,4136,6204,7631,4594,3934,4843,5311,4236,8.37902,3.04307,8.91235,48.3227
40237,3396,3312,3169,3184,3882,3862,3636,3201,5697,5272,3977,3576,9539,8374,4421,3588,24.9874,-16.6047,8.9977,48.0573
40238,3401,4153,6670,12199,3332,3854,4726,5939,3158,3474,3736,3839,3236,3175,3382,3533,-31.4959,24.4041,8.65082,47.8713
40239,12532,5949,3875,3280,6451,4843,3701,3383,4020,3725,3452,3214,3275,3219,3233,3062,-25.9594,-30.5405,8.98322,47.476
40240,3389,3870,5620,9904,3458,3838,5079,8264,3177,3467,3966,4361,3162,3270,3459,3535,-17.5483,28.6004,8.53604,47.8793
40241,6958,4925,3712,3246,9754,5239,3795,3420,5497,4248,3627,3276,3933,3703,3408,3295,-9.58239,-29.0281,8.62908,48.024
40242,3045,3162,3486,3447,3223,3499,3851,4097,3251,3650,5017,7440,3363,3975,5912,11557,20.7438,27.2462,8.9548,47.9833
40243,4769,4525,3680,3257,7488,5958,3927,3399,6692,5530,3933,3403,4390,4211,3595,3240,-1.63623,-18.5345,8.62082,47.998
40244,3210,3249,3396,3396,3412,3826,3823,3731,3814,4886,6130,4721,4081,6104,8832,5544,20.4786,5.77963,8.84656,48.1033
40245,3643,4557,7422,6340,3617,4508,7165,6179,3327,3739,4343,4165,3181,3339,3434,3385,-15.5429,12.2414,8.82952,48.2293
40246,3322,3685,4018,3968,3544,4297,5947,5056,3733,4649,7725,5818,3505,4078,4912,4487,3.63778,10.5678,8.66435,48.496
40247,3140,3332,3334,3412,3416,3572,3927,3656,3715,4467,5562,4881,3849,5742,9684,6520,24.7217,8.6779,8.90506,48.1393
40248,3592,3453,3366,3098,4245,3992,3513,3270,7848,5102,3803,3538,10387,5685,3871,3320,18.6493,-30.1523,8.51819,48.0553
40249,3492,3326,3327,3206,4039,3912,3506,3195,7026,4974,3692,3449,11563,5965,4001,3420,21.3766,-30.4918,8.59983,48.062
40250,4568,4264,3598,3236,7359,5160,3855,3301,8110,5654,3977,3431,4833,4289,3653,3244,1.09859,-22.0314,8.6089,48.3547
40251,3401,3496,3327,3147,4019,4021,3617,3347,5732,6386,4309,3609,7392,8358,4807,3675,19.6279,-12.5991,8.85375,48.4287
40252,12728,6050,4000,3269,6047,4832,3730,3397,3864,3773,3454,3232,3308,3320,3175,3184,-26.2937,-32.7506,8.99548,47.5753
40253,4102,5417,4961,4130,4457,7276,6519,4315,3922,4790,4566,3919,3540,3680,3643,3384,-8.89352,-1.3915,8.80258,48.414
40254,3400,3441,3290,3092,4308,3897,3418,3163,7763,5067,3749,3334,11009,5560,3905,3475,19.0277,-33.8549,8.99549,47.914
40255,3672,3492,3313,3110,5018,4215,3650,3223,9373,5188,3803,3353,8201,5257,3839,3311,13.263,-30.2941,8.6051,48.012
40256,4416,6230,5928,4274,4453,6608,6453,4277,3653,4216,4262,3610,3260,3473,3396,3434,-13.9112,-0.628671,8.6895,47.962
40257,7007,8386,4948,3746,5611,6375,4523,3443,3945,4088,3638,3302,3480,3422,3372,3194,-19.4046,-11.8445,8.65474,48.32
40258,12724,6229,4045,3356,6286,4748,3697,3320,3982,3762,3405,3260,3328,3351,3225,3087,-27.0295,-27.6948,8.91446,47.87
40259,6313,5569,4054,3462,7689,6996,4115,3484,4932,4492,3688,3360,3714,3715,3362,3176,-10.8089,-16.399,8.80169,48.0807
40260,3494,3415,3211,3117,3903,3888,3430,3224,5593,5060,3854,3499,10042,8181,4288,3434,31.5627,-17.5559,8.88163,47.7553
40261,4046,3737,3338,3283,6301,4502,3657,3285,9979,5155,3784,3424,5899,4642,3772,3205,6.38391,-32.4344,8.97139,48.006
40262,4646,4187,3516,3375,7637,5696,3891,3321,7407,5579,3916,3319,4646,4261,3616,3332,-0.583895,-20.5343,8.67399,48.23
40263,3084,3253,3391,3451,3281,3539,4012,3897,3622,4055,5499,5832,3644,4606,8657,8526,22.7354,15.2072,8.97123,48.2327
40264,3079,3292,3386,3531,3277,3439,3899,4316,3493,3857,5105,7776,3339,3924,5754,10404,19.036,29.0009,8.64195,47.914
40265,12529,5840,3897,3399,5798,4730,3845,3477,3878,3798,3460,3350,3351,3322,3235,3183,-30.5789,-32.6871,8.60847,47.3947
40266,3163,3374,3635,3496,3349,3832,4362,4171,3672,4713,7661,5992,3572,4579,6827,5669,13.8324,10.644,8.87675,48.0447
40267,3381,3377,3274,3121,3829,3904,3560,3250,5250,5142,3971,3566,8793,8873,4818,3528,29.9656,-14.6887,8.51897,47.758
40268,3718,3630,3356,3074,4990,4298,3605,3245,9150,5827,3839,3428,7610,5408,3928,3381,12.5299,-22.3463,8.80256,48.3247
40269,3305,3746,4743,6358,3430,3803,5146,9699,3304,3671,4448,6020,3202,3417,3769,3945,-7.83178,32.8932,8.52924,48.004
40270,3915,3777,3380,3223,5925,4535,3641,3348,9639,5400,3691,3350,6436,4787,3746,3283,8.11488,-25.8118,8.54056,48.0507
40271,3294,3455,3357,3056,3913,4056,3804,3519,4923,6661,5108,3827,5533,8053,5713,3995,18.2394,-5.94725,8.72135,48.178
40272,10302,6445,4077,3381,7251,5265,3812,3342,4283,3986,3523,3282,3349,3363,3213,3101,-19.627,-22.3219,8.78424,47.9833
40273,3110,3313,3338,3238,3504,3747,3907,3494,4049,4802,5284,4311,4427,7488,9004,5162,26.6424,2.36136,8.84949,48.1187
40274,5340,4400,3577,3232,9039,4982,3648,3462,7049,4761,3626,3333,4506,3906,3466,3223,-2.91429,-30.8964,8.65252,47.7
40275,3205,3631,4434,5183,3340,3793,5512,8756,3336,3821,4882,7281,3248,3436,3985,4551,-2.57474,23.999,8.93581,48.2627
40276,3359,3400,3202,2971,3854,3847,3619,3268,5707,5127,4057,3460,9542,8553,4434,3599,26.0633,-16.1044,8.85509,47.9993
40277,3719,4595,6995,6224,3634,4520,7248,6090,3430,3767,4271,4254,3163,3403,3490,3469,-14.8341,11.8802,8.78069,48.1813
40278,3901,5107,7180,5022,3889,5301,7694,5132,3498,3908,4380,3980,3168,3368,3553,3391,-13.9597,6.41711,8.9085,48.3147
40279,5373,6667,4759,3787,5409,7719,4956,3696,4146,4513,3906,3444,3549,3543,3419,3340,-13.0723,-8.44092,8.76998,48.1507
40280,11740,6872,4086,3321,5984,4851,3891,3483,3857,3831,3471,3170,3408,3426,3198,3092,-27.5444,-22.5803,8.51242,47.7873
40281,4463,4023,3604,3348,7411,4830,3678,3310,8935,5140,3803,3387,5125,4260,3671,3244,2.4034,-33.4222,8.78462,48.1547
40282,3355,3749,4517,5127,3494,4052,6437,8094,3429,3850,5254,6316,3196,3406,3958,4196,-3.64249,18.9638,8.84982,48.2867
40283,3442,3527,3314,3222,3851,4217,3899,3592,4995,7430,5460,3999,5010,6979,5324,4031,14.4555,-4.85652,8.86987,48.1947
40284,3331,3748,4930,7611,3463,3788,5305,9512,3247,3642,4178,5209,3173,3322,3741,3819,-11.5137,29.6042,8.6412,48.0127
40285,3378,3366,3394,3093,4100,4126,3620,3327,5985,6206,4199,3513,7526,7993,4597,3611,19.254,-14.0878,8.52138,48.0227
40286,4990,8916,7685,4480,4217,5058,4849,3997,3680,3752,3808,3507,3295,3315,3425,3168,-30.2923,-1.71198,8.94466,48.0947
40287,3358,3845,5600,10678,3312,3792,5143,8094,3264,3510,3951,4271,3128,3108,3481,3462,-18.5834,31.0896,8.97476,47.998
40288,3015,3264,3207,3416,3303,3495,3794,3877,3501,4022,5152,5659,3451,4401,8531,9646,27.4971,16.5775,8.7115,47.8227
40289,3081,3317,3434,3410,3426,3474,3811,3894,3349,3910,5011,5770,3320,4125,7400,10998,32.2366,20.2612,8.89396,47.82
40290,11171,5891,3943,3444,7186,5061,3769,3358,4298,3801,3521,3168,3475,3353,3401,3038,-20.9174,-30.0166,8.53602,47.9187
40291,3771,4040,4105,3698,4232,5949,5685,4085,4293,6485,6069,4022,3942,4360,4184,3723,1.10265,-0.975057,8.7026,48.4287
40292,3172,3514,3943,4392,3428,3584,4704,7430,3310,3725,5134,9093,3255,3576,4332,5286,2.81449,30.5888,8.61579,47.9187
40293,3216,3513,3910,4548,3256,3734,4957,7036,3446,4004,5641,8719,3205,3562,4509,5144,3.06624,22.4585,8.857,48.2667
40294,3634,4291,4857,4316,3812,5516,7888,4944,3666,4556,5613,4311,3428,3697,3842,3701,-4.96291,5.50472,8.80777,48.048
40295,12232,6091,3944,3387,6105,4675,3818,3398,3992,3747,3394,3258,3322,3414,3242,3052,-27.1619,-30.3681,8.58779,47.3807
40296,5998,9647,6510,4116,4589,5441,4679,3861,3640,3852,3670,3558,3332,3441,3266,3145,-26.8167,-6.00697,8.62721,48.4967
40297,8459,5419,3744,3418,9351,5201,3783,3410,4895,4034,3572,3276,3615,3406,3305,3052,-13.8883,-29.3451,8.75977,47.96
40298,3082,3301,3342,3420,3193,3365,3758,3987,3356,3683,4766,6047,3297,4017,6426,12691,29.3838,25.6101,8.90753,47.8207
40299,6532,5171,3719,3373,9081,6067,3893,3441,5383,4569,3759,3328,3808,3656,3341,3102,-9.34137,-21.6964,8.83888,48.1487
40300,6630,9623,5938,3957,4760,5499,4310,3766,3669,3721,3576,3436,3361,3431,3266,3135,-26.9943,-8.29041,8.87647,48.052
40301,3334,3891,5993,12656,3343,3675,4728,6112,3274,3420,3856,3967,3181,3283,3366,3374,-27.4435,28.4679,8.88809,47.6353
40302,3349,3387,3219,3110,3942,3765,3391,3128,6047,4953,3806,3424,12311,6616,3947,3481,29.0031,-24.8626,8.64123,47.9173
40303,3181,3608,4354,4755,3397,3967,5869,7208,3427,3856,5770,7138,3284,3690,4294,4677,-0.285194,18.8267,8.86781,48.3167
40304,3431,4137,6279,9034,3457,3945,5713,7561,3258,3523,4129,4379,3158,3251,3442,3432,-17.5209,20.3966,8.97678,48.086
40305,3621,3856,3694,3411,4263,5207,4541,3725,4798,7821,5909,4109,4335,5054,4492,3795,6.28299,-3.9468,8.69436,48.4207
40306,3260,3472,3596,3527,3558,4106,4724,4137,3849,5393,8097,5203,3782,4693,6093,4862,10.9098,6.37374,8.83278,48.2347
40307,3578,3621,3408,3123,4799,4562,3723,3389,7607,6861,4207,3553,6497,5835,4127,3478,11.6791,-17.2166,8.59716,48.2453
40308,3082,3220,3429,3388,3324,3594,3942,3831,3613,4215,5596,5199,3790,5022,9542,7559,23.8451,11.7776,8.97742,48.2307
40309,3310,3940,5314,6966,3331,4026,6177,8886,3223,3624,4392,5116,3175,3408,3552,3821,-10.911,20.5813,8.96342,48.174
40310,3210,3331,3469,3426,3407,3723,3833,3686,3850,4529,5207,4622,4028,6226,9649,5851,33.9806,6.02639,8.54185,48.0313
40311,3426,4055,5484,5299,3639,4516,7764,6656,3414,3916,5131,4753,3316,3470,3805,3823,-7.61314,13.1524,8.80118,48.3113
40312,3269,3512,4078,4291,3425,3740,5124,6526,3446,3882,6043,8202,3311,3613,4426,5192,3.2643,20.118,8.96071,48.0533
40313,3410,3570,3717,3700,3553,4294,5255,4366,3929,5320,8205,5149,3747,4459,5405,4470,7.76531,6.79536,8.80789,48.366
40314,3314,3328,3361,3233,3529,3825,3798,3519,4103,5024,5200,4215,4610,7819,8493,4914,25.7305,1.07154,8.67293,48.19
40315,3145,3333,3453,3470,3208,3650,4102,4286,3456,4049,6240,6894,3411,4389,7112,7968,17.3424,16.8551,8.93807,48.1107
40316,3114,3285,3427,3424,3206,3540,3914,3983,3475,4062,5406,5841,3503,4442,8144,9489,22.9726,16.7698,8.91685,48.17
40317,3414,3230,3223,3130,3929,3919,3530,3289,5141,5521,4309,3669,7466,9723,5252,3710,25.4698,-11.1202,8.97841,48.3033
40318,3211,3297,3378,3347,3217,3359,3788,3892,3275,3781,4717,6206,3429,3973,5966,12713,26.8132,32.2744,8.65209,47.6993
40319,3267,3370,3306,3134,3742,3782,3664,3460,4445,5243,4683,3871,5474,9300,7144,4252,27.5886,-3.81001,8.7165,48.0913
40320,3869,5154,9211,7111,3582,4434,5732,5154,3291,3665,3958,3616,3174,3353,3462,3335,-23.081,10.7082,8.52772,48.0673
40321,3868,3668,3306,3123,5411,4282,3703,3211,9982,5315,3797,3325,7018,4947,3815,3228,10.0612,-28.5798,8.69851,47.9993
40322,3217,3443,3372,3103,3632,3833,3639,3505,4706,5286,4476,3765,6302,9743,5946,4017,29.7573,-7.33463,8.50028,47.99
40323,3582,3882,3677,3433,4081,5358,4868,3821,4427,7171,6507,4242,4048,4968,4740,3993,6.05082,-1.24784,8.95737,48.532
40324,4006,3839,3308,3223,5819,4428,3707,3264,9768,5286,3841,3301,6397,4688,3763,3350,7.82651,-28.2421,8.63439,47.992
40325,6023,4846,3744,3321,9280,5872,3947,3336,5929,4598,3730,3303,4012,3753,3363,3160,-7.11348,-22.4485,8.8432,48.1447
40326,3564,3579,3397,3232,4293,4523,3767,3386,6667,7335,4417,3477,6168,6571,4387,3537,13.0348,-13.2735,8.91082,48.2
40327,3249,3538,3674,3647,3606,4018,4819,4453,3778,5057,8066,5575,3750,4362,5697,4992,9.33458,8.66675,8.50364,48.1873
40328,3277,3469,3229,3025,3838,3878,3465,3327,5512,5109,4083,3387,9555,8750,4553,3583,28.093,-16.0341,8.92052,48.0267
40329,3160,3277,3541,3331,3256,3594,3815,3814,3672,4235,5258,4938,3870,5458,9722,7311,28.931,10.2159,8.66905,48.168
40330,9706,5811,3872,3384,8290,5124,3856,3353,4463,3955,3507,3218,3569,3486,3307,3073,-17.1139,-25.9763,8.63612,47.9827
40331,3505,3616,3752,3399,3708,4353,4755,3986,4139,6168,7635,4679,3934,5032,5482,4413,9.59832,2.68541,8.83167,48.3707
40332,3130,3470,4111,4534,3434,3676,5141,7484,3258,3855,5384,8439,3222,3574,4273,4974,1.6171,22.8415,8.86867,47.9727
40333,3378,3960,5818,10343,3364,3854,5192,7942,3231,3502,3901,4364,3153,3259,3448,3404,-18.9147,26.6725,8.69112,48.0753
40334,3389,3814,6436,12136,3380,3797,4921,6245,3309,3467,3813,4007,3105,3213,3390,3345,-28.2474,25.2853,8.63126,47.8447
40335,11304,6965,4189,3451,5925,5027,3803,3345,3811,3907,3537,3175,3407,3385,3267,3203,-33.8429,-21.0978,8.52781,47.8007
40336,3269,3489,3914,4133,3351,3884,5530,6220,3299,4087,6507,7589,3341,3641,4579,5133,3.64144,17.6976,8.99775,47.9773
40337,4133,4115,3453,3187,6203,5270,3841,3440,7966,6292,4019,3465,5162,4589,3793,3294,3.778,-18.5826,8.93578,48.148
40338,8955,8211,4549,3678,5907,5458,4052,3474,3895,3879,3499,3182,3402,3493,3158,3160,-23.1182,-16.1182,8.59115,47.968
40339,3210,3436,3402,3425,3268,3587,3892,3914,3551,4065,5200,5195,3631,4871,9191,8127,31.25,13.3938,8.52115,47.9767
40340,3205,3378,3345,3321,3499,3838,3893,3682,4071,5123,6171,4516,4280,6443,8192,5213,19.9461,3.60706,8.85457,48.1133
40341,6126,9783,6101,4001,4691,5399,4511,3852,3741,3735,3748,3459,3309,3361,3303,3170,-26.8337,-7.19654,8.54575,48.1933
40342,3930,3789,3416,3289,5733,4829,3712,3309,8790,6372,3988,3510,5808,4985,3833,3282,7.30239,-19.7618,8.75358,48.3833
40343,3594,3896,3910,3639,3910,5206,5594,4150,4087,6154,6956,4557,3672,4334,4596,3966,3.28219,1.66193,8.72962,48.1473
40344,3113,3268,3756,3997,3192,3608,4481,5666,3480,3795,5241,10003,3248,3794,4715,6775,8.93707,28.2105,8.82647,48.088
40345,3460,3884,4115,3947,3892,4944,6482,4473,3886,5297,6922,4670,3639,4109,4425,4042,1.39949,4.86362,8.54893,48.1247
40346,3575,3693,3564,3253,4132,4841,4492,3712,4781,7584,6165,4050,4263,5340,4763,3887,8.41355,-3.21822,8.67917,48.0633
40347,3412,3430,3192,3083,3948,3766,3418,3182,6010,4855,3727,3291,12445,6204,4011,3347,32.6523,-25.7365,8.8685,47.5473
40348,3132,3336,3384,3366,3272,3558,3944,3987,3369,3910,5417,6176,3559,4337,7746,9469,22.6273,17.6658,8.59798,47.9747
40349,3427,3423,3214,3120,3839,3823,3463,3290,6022,4735,3798,3505,12766,6006,3949,3391,29.5574,-28.7072,8.73248,47.8473
40350,7796,6958,4249,3458,7140,6364,4229,3402,4405,4216,3573,3260,3609,3555,3283,3001,-16.4194,-17.1677,8.67893,48.332
40351,3418,4091,5536,5716,3567,4361,7334,7125,3392,3758,4815,4834,3255,3447,3684,3820,-9.94459,14.8943,8.57278,48.102
40352,3222,3413,3355,3379,3267,3445,3764,4000,3243,3775,4746,6027,3323,3926,6444,12199,33.092,24.6417,8.76225,47.6853
40353,4606,7587,8766,4968,4129,4780,4971,4236,3482,3709,3738,3654,3224,3388,3357,3319,-30.8278,1.57508,8.60554,47.9427
40354,3820,3793,3353,3224,5508,4392,3791,3246,9732,5232,3879,3298,6908,4884,3704,3288,9.32053,-29.7856,8.57862,48.0347
40355,4335,7039,9258,5360,3833,4624,5143,4320,3450,3685,3778,3639,3232,3329,3444,3202,-30.0431,3.36831,8.90955,47.7807
40356,3540,4492,8240,8196,3522,4310,5886,5980,3277,3520,3925,3983,3077,3276,3369,3441,-20.2224,14.6478,8.76926,48.0227
40357,4290,5327,5611,4358,4201,6445,7329,4547,3739,4254,4462,3807,3475,3465,3446,3446,-11.3525,1.81939,8.85473,48.1347
40358,3399,3469,3345,2970,4101,3989,3660,3322,6416,5960,4017,3518,8745,7542,4322,3725,19.7067,-16.8814,8.80043,48.3333
40359,3139,3261,3490,3627,3215,3520,4048,4640,3464,3952,5745,8527,3423,3904,5762,8503,15.0363,22.2999,8.84761,48.1467
40360,4035,4691,6135,4893,3830,5318,7983,5119,3541,4111,4619,4105,3345,3432,3694,3426,-11.3249,6.00685,8.6944,48.1847
40361,3415,3968,6052,11943,3320,3777,4719,6574,3268,3437,3737,4041,3144,3259,3282,3363,-23.8893,30.1002,8.70034,47.5327
40362,3384,3387,3179,3219,4029,3670,3429,3246,5934,4778,3838,3379,12279,6383,3894,3495,29.082,-26.9946,8.65801,47.682
40363,3904,3674,3352,3270,5723,4413,3657,3214,9800,5219,3743,3270,6493,4628,3779,3352,8.50711,-29.4207,8.50217,47.6607
40364,3193,3406,3526,3518,3481,3957,4274,4004,3763,4932,7263,5355,3828,5121,7338,5763,15.4879,8.27565,8.51107,48.4813
40365,6251,9266,5692,4003,4884,5795,4542,3724,3756,3948,3700,3455,3375,3350,3329,3110,-23.0487,-7.93406,8.55708,48.12
40366,4352,4018,3569,3312,6786,5126,3671,3408,8679,5834,3807,3436,5226,4410,3552,3252,3.33071,-21.9442,8.70421,48.292
40367,3140,3537,3360,3228,3568,3703,3778,3564,4173,5489,5330,4243,4716,8181,7641,4671,23.2963,-0.58658,8.65113,48.2147
40368,4687,4167,3573,3316,7008,5716,3893,3369,7392,5773,3837,3453,4704,4464,3576,3301,0.715915,-19.3675,8.5723,48.1527
40369,4185,3884,3489,3158,6473,4640,3574,3322,9542,5387,3820,3269,5767,4620,3661,3320,5.40636,-25.8787,8.73619,48.074
40370,5416,4568,3650,3214,9198,5161,3795,3321,7014,4562,3674,3320,4267,4001,3371,3264,-3.8451,-29.8225,8.60235,47.864
40371,3233,3575,4433,5155,3355,3753,5454,8963,3393,3765,4955,7159,3210,3450,3988,4357,-2.83606,23.7943,8.81599,48.132
40372,3298,4018,5385,9795,3339,3879,5096,8203,3329,3514,3988,4541,3017,3285,3466,3555,-17.0732,30.2152,8.50284,47.8053
40373,3382,3986,6384,11569,3396,3843,4946,6723,3261,3465,3878,4103,3095,3192,3335,3498,-24.2112,24.7259,8.62667,48.0373
40374,3217,3340,3401,3215,3308,3594,3950,3712,3723,4489,5346,4818,4004,5890,9736,6296,26.5963,7.61457,8.64464,48.026
40375,6583,9622,5686,3941,4768,5271,4263,3783,3775,3839,3691,3361,3299,3488,3287,3142,-30.5206,-8.30578,8.51617,47.866
40376,3421,3280,3273,3184,3927,3877,3505,3215,5513,5063,3984,3450,10288,8064,4456,3622,29.5627,-17.7466,8.65651,48.0813
40377,3206,3353,3303,3268,3427,3658,3849,3677,3909,4661,5274,4379,4341,6809,9446,5693,26.2916,4.72721,8.52397,48.1687
40378,8605,8442,4645,3598,5944,5782,4128,3479,3917,3817,3639,3335,3382,3323,3236,3137,-21.7357,-15.3852,8.87703,48.2727
40379,4109,4270,3607,3331,5740,6250,4239,3531,6199,6998,4458,3505,4454,4656,3799,3370,1.78765,-12.8065,8.8075,48.344
40380,4982,4195,3514,3215,8654,4963,3768,3241,8117,4895,3678,3395,4755,4053,3458,3239,-0.495702,-29.1289,8.99124,48.0813
40381,3452,3306,3135,3089,4108,3787,3442,3162,6790,4837,3803,3306,11918,6333,4082,3388,23.5787,-25.6247,8.83075,47.9587
40382,5053,6875,4997,3776,5196,7627,5297,3894,4028,4413,3974,3575,3445,3611,3583,3270,-13.3577,-6.55226,8.71648,48.4093
40383,3125,3358,3346,3409,3366,3621,3978,3954,3673,4275,5910,5344,3856,4932,8599,7278,21.0989,12.2503,8.64685,48.016
40384,8096,6035,4015,3495,8035,5940,3970,3489,4601,4079,3596,3225,3631,3527,3285,3195,-14.7667,-20.3293,8.88578,48.1427
40385,3797,4816,7597,5909,3594,4677,7321,5572,3448,3862,4296,4069,3166,3317,3412,3484,-15.5193,9.77596,8.96509,48.2247
40386,3649,4841,9471,8365,3544,4078,5181,5148,3280,3566,3760,3870,3177,3241,3459,3432,-29.4825,13.4176,8.87134,48.0413
40387,3463,3446,3237,3106,3998,3784,3542,3261,6028,4763,3686,3362,12430,6141,3856,3382,32.4587,-26.0929,8.76032,47.6567
40388,3422,3913,5997,12885,3323,3731,4765,5988,3252,3436,3889,3930,3115,3183,3433,3380,-31.3327,29.0311,8.89464,47.7613
40389,3315,3434,3388,3200,3838,3861,3604,3335,5064,6013,4449,3752,6677,9080,5230,3903,21.4215,-9.65578,8.96549,48.0953
40390,3086,3278,3611,3740,3275,3580,4250,5063,3300,3912,5789,8989,3399,3970,5444,7374,11.8783,22.3787,8.74628,48.04
40391,4276,7115,9404,5399,3841,4878,5287,4350,3460,3731,3831,3583,3212,3331,3421,3350,-27.5995,3.59796,8.80125,48.3127
40392,3465,4381,7486,7929,3646,4233,6123,6577,3224,3657,4074,4217,3206,3316,3625,3450,-18.21,16.0323,8.78416,48.406
40393,3149,3199,3412,3450,3341,3568,3904,3775,3538,4204,5361,5398,3686,4804,8791,8383,25.2561,13.7437,8.55226,47.9753
40394,3688,4141,4879,4380,3835,5121,8001,5272,3627,4361,5762,4634,3426,3654,3937,3714,-4.45967,7.39595,8.8713,48.288
40395,3248,3576,3685,3666,3387,4148,5013,4407,3798,4791,8314,5877,3544,4194,5569,4963,8.97972,9.8093,8.9826,48.12
40396,3415,3288,3301,3180,4033,3854,3528,3314,6068,4807,3723,3339,12521,5896,3813,3397,33.6978,-29.1016,8.53226,47.6513
40397,3241,3651,4407,5327,3290,3763,5147,9203,3333,3757,4622,7066,3222,3459,3902,4269,-3.26937,33.4691,8.75039,47.7727
40398,6131,7046,4424,3685,6168,7313,4531,3696,4230,4407,3744,3506,3469,3583,3283,3118,-14.5211,-11.8911,8.62733,48.2227
40399,4909,8312,7397,4501,4332,5428,5109,4116,3588,3800,3745,3375,3351,3358,3336,3279,-23.3894,-1.60418,8.65655,47.9573
40400,3462,3383,3270,3152,3852,3764,3477,3250,5551,5106,3952,3489,10058,8228,4490,3481,29.3873,-17.5143,8.75729,47.9767
40401,3608,3569,3371,3007,5020,4090,3501,3304,9474,5227,3853,3399,8138,5265,3901,3340,12.9171,-28.8236,8.70868,48.0447
40402,3689,3667,3337,3261,4799,4359,3517,3229,8405,6387,3938,3436,6908,5693,3975,3379,11.7417,-19.283,8.76645,47.986
40403,3950,5881,9515,6202,3861,4461,5630,4748,3345,3745,3804,3777,3085,3266,3384,3283,-24.4577,7.35441,8.52012,47.958
40404,3822,3650,3298,3236,5458,4377,3525,3201,9917,5323,3721,3275,6832,4928,3788,3405,9.48447,-32.8687,8.75307,47.8373
40405,3282,3616,4552,5836,3377,3771,5297,9716,3151,3679,4548,6434,3147,3454,3875,4183,-5.92573,27.1148,8.60313,47.9453
40406,12663,6013,3843,3393,5841,4706,3764,3437,3937,3771,3469,3191,3403,3465,3330,3067,-31.9192,-29.5969,8.74644,47.5287
40407,3003,3294,3549,3473,3166,3395,4187,4554,3404,3865,4974,8707,3333,3858,5442,9332,16.0394,31.6625,8.87791,47.6907
40408,3367,3833,4501,4519,3570,4320,6827,5897,3553,4207,6523,5553,3434,3684,4205,4242,-1.17576,12.2829,8.62093,48.1567
40409,5521,4536,3602,3336,8769,5969,3911,3419,6366,4864,3754,3338,4125,3892,3516,3260,-5.36105,-21.5568,8.76983,48.1187
40410,3610,3567,3327,3064,4998,4116,3529,3252,9388,5303,3791,3477,8044,5199,3724,3430,12.4792,-26.3154,8.92425,47.8793
40411,3647,3631,3337,3090,5100,4198,3686,3277,9761,5289,3639,3396,7334,4977,3879,3357,10.9965,-31.3216,8.78737,47.732
40412,3425,3895,5995,12874,3383,3723,4749,6068,3302,3361,3699,3878,3091,3229,3378,3333,-28.1937,31.8519,8.90636,47.5887
40413,4159,6829,9465,5523,3867,4742,5218,4372,3435,3768,3823,3651,3260,3325,3375,3367,-32.5497,4.27098,8.67421,48.1193
40414,3306,3369,3265,3171,3840,3891,3553,3351,5434,5107,4172,3536,9219,8859,4534,3671,28.4702,-15.3624,8.75244,48.1853
40415,3180,3319,3437,3358,3566,3590,3783,3788,3644,4460,5676,4940,3877,5614,9475,6500,23.4849,8.65327,8.7668,48.138
40416,3274,3289,3395,3342,3651,3850,3782,3608,4285,5295,5347,4228,4833,7952,7414,4621,21.9037,-0.358477,8.51322,48.1107
40417,3701,3899,3714,3480,4224,5439,4631,3818,4834,7628,5935,3882,4219,4940,4502,3799,6.09149,-4.06651,8.54808,48.43
40418,3711,3501,3319,3091,4820,4225,3602,3212,9240,5449,3741,3380,8041,5181,3807,3286,13.0305,-25.5488,8.94122,47.7373
40419,7407,9730,5160,3699,5067,5320,4241,3651,3847,3853,3641,3288,3313,3338,3298,3175,-30.0738,-11.0648,8.57404,48.0187
40420,4758,5302,4192,3613,5829,7930,4862,3680,4590,5291,4065,3617,3716,3762,3590,3291,-6.92677,-9.92447,8.65742,48.0587
40421,4676,5561,4651,3761,5110,8074,5558,3890,4137,4990,4411,3620,3537,3766,3540,3363,-8.47557,-5.40523,8.69792,48.43
40422,3340,3457,3396,3175,3693,3905,3810,3484,4553,5650,5084,3991,5028,8258,6864,4410,20.8945,-2.67308,8.62859,48.0653
40423,6036,4635,3751,3286,9609,5406,3861,3381,6220,4589,3673,3231,4126,3822,3324,3137,-6.1887,-25.3085,8.59702,48.058
40424,3921,3830,3389,3204,5971,4384,3607,3401,9589,5539,3876,3391,6422,4688,3693,3342,7.73634,-25.2434,8.56177,48.1647
40425,3539,4367,8231,9617,3553,3990,5295,5771,3251,3537,3815,3980,3096,3143,3483,3350,-25.1804,17.1649,8.84977,48.012
40426,5395,4441,3583,3205,9408,5245,3841,3319,7138,4560,3604,3319,4245,3929,3450,3127,-3.87588,-28.6939,8.84636,47.8727
40427,4173,6065,9336,5914,3835,4717,5621,4792,3503,3743,3870,3720,3202,3306,3453,3348,-23.8785,6.20403,8.74277,48.3987
40428,4906,7657,6679,4512,4551,6028,5466,4006,3716,4090,3861,3620,3312,3403,3360,3248,-18.7757,-2.03494,8.5202,48.2767
40429,12512,6062,3912,3301,6133,4871,3832,3383,3925,3778,3362,3192,3309,3395,3231,3168,-26.5692,-31.6022,8.54883,47.5773
40430,4738,4203,3526,3336,8486,5112,3776,3299,8018,4792,3679,3378,4620,4103,3599,3270,-0.582774,-33.6763,8.73431,47.9567
40431,3235,3410,3650,3409,3455,3780,4155,4013,3840,4911,7275,5257,3815,5144,7103,5370,15.239,7.7421,8.71354,47.8813
40432,9295,8679,4559,3534,5491,5071,3973,3458,3913,3877,3622,3325,3386,3313,3184,3164,-26.9305,-15.8424,8.7976,47.896
40433,3461,4166,5160,4672,3727,5141,7944,5544,3615,4277,5391,4490,3266,3600,3899,3709,-6.92311,8.68958,8.63279,48.0413
40434,9784,5918,4026,3395,8008,5455,3850,3456,4599,4027,3607,3266,3529,3364,3197,3190,-17.3649,-23.7863,8.86769,48.4473
40435,6906,9752,5594,3731,5012,5367,4382,3662,3804,3841,3577,3254,3314,3451,3235,3107,-31.7337,-9.77395,8.53558,47.9927
40436,3048,3268,3407,3404,3133,3530,3942,4252,3396,3797,4980,7258,3431,3852,6013,11293,20.7974,27.1053,8.9703,48.0027
40437,3550,3500,3338,2984,4384,4222,3601,3318,6954,6402,4215,3576,7462,6721,4344,3526,15.4988,-16.3353,8.57503,48.0647
40438,4157,3774,3355,3284,6570,4646,3636,3315,9769,5181,3889,3439,5619,4449,3754,3295,4.81355,-33.9858,8.8824,48.088
40439,11934,6447,4168,3382,6409,4863,3812,3313,4027,3781,3608,3207,3353,3342,3162,3147,-24.7473,-24.5187,8.70873,47.97
40440,3096,3173,3478,3407,3112,3468,3716,3994,3403,3940,4967,5872,3348,4055,7296,11467,30.7955,21.0162,8.7389,47.8613
40441,5332,5065,3925,3421,7503,7154,4144,3494,5269,5008,3825,3364,3995,3854,3456,3239,-7.08267,-15.754,8.64522,48.032
40442,3454,4253,7626,10645,3410,3988,5235,5904,3230,3484,3876,3991,3076,3124,3402,3319,-25.97,19.3902,8.74422,48.0113
40443,5756,6828,4621,3545,5825,7464,4675,3718,4236,4354,3772,3511,3505,3680,3510,3175,-13.6884,-10.6346,8.635,48.1167
40444,3156,3293,3334,3352,3265,3590,3843,3739,3572,4040,5211,5459,3614,4542,9387,8737,32.1567,14.7279,8.93586,48.0893
40445,10880,6211,3896,3318,7377,5159,3814,3392,4179,3839,3437,3208,3508,3380,3196,3075,-20.3767,-24.8902,8.98166,47.9127
40446,10376,7760,4312,3477,5820,5115,3929,3407,3943,3860,3623,3240,3389,3329,3165,3095,-26.3473,-18.8825,8.90381,47.8933
40447,3332,3277,3464,3164,3645,3774,3745,3448,4708,5490,4570,3745,6155,9647,6050,4074,25.2288,-6.99407,8.5635,48.192
40448,4088,4930,5113,4056,4350,6861,6859,4324,3817,4866,4858,3822,3422,3637,3680,3515,-7.62854,0.120364,8.8711,48.132
40449,3660,3670,3334,3188,5050,4328,3541,3262,9343,5686,3774,3372,7462,5259,3807,3364,11.6673,-23.5049,8.90038,48.0667
40450,3205,3612,3992,3863,3472,3997,5595,4925,3652,4564,7998,6021,3571,4072,4978,4842,5.98479,11.1046,8.69621,48.2393
40451,3467,3857,4718,4669,3506,4248,7206,6559,3503,4205,5756,5327,3342,3681,4000,4162,-3.54519,13.3329,8.55556,48.1373
40452,3323,3435,3553,3294,3627,3939,4139,3792,4142,5838,6443,4451,4388,6302,6962,4705,16.4369,1.6438,8.64552,48.222
40453,3525,3449,3191,3214,4373,3961,3450,3269,8081,5035,3863,3339,10275,5591,3867,3387,17.5378,-33.0681,8.86804,47.9133
40454,8041,5159,3652,3375,9662,5264,3809,3438,5018,4108,3588,3289,3680,3626,3209,3089,-12.2394,-27.5636,8.96197,48.0047
40455,11169,5870,3915,3345,7462,4887,3733,3475,4180,3820,3372,3202,3565,3433,3222,3111,-20.8315,-27.826,8.71315,47.8407
40456,3433,4218,6853,7660,3416,4226,6383,6861,3251,3626,4203,4469,3063,3285,3511,3537,-16.2107,16.7149,8.83078,47.9967
40457,3103,3310,3582,3417,3421,3692,4110,4078,3612,4540,6853,5786,3736,4830,7788,6303,16.7643,11.0807,8.61336,48.1073
40458,3397,3432,3262,3156,4011,3913,3417,3173,5805,4818,3701,3454,12027,6720,3968,3371,31.6793,-22.8723,8.94343,47.75
40459,3218,3498,3961,3814,3367,3917,5061,5066,3581,4310,7353,7271,3401,3943,5103,5257,6.73756,14.8771,8.88401,48.0807
40460,5580,9593,7007,4147,4421,5237,4728,3921,3545,3759,3594,3431,3303,3317,3297,3222,-28.2832,-4.08161,8.95773,48.068
40461,3621,4499,5490,4652,3938,5436,8025,5214,3602,4271,5194,4232,3411,3489,3719,3650,-7.99435,6.24863,8.58205,48.2953
40462,3814,4139,4026,3662,4313,5840,5715,4028,4161,6381,5806,4157,3993,4273,4194,3693,1.13856,-0.842607,8.52425,48.13
40463,4810,4439,3637,3278,7708,5816,3932,3409,7027,5508,3875,3480,4548,4112,3684,3223,-1.46576,-19.5581,8.53985,48.324
40464,5976,9652,6359,4135,4575,5368,4492,3997,3634,3924,3651,3424,3310,3319,3252,3216,-29.0923,-5.94857,8.73905,48.1893
40465,4191,4553,3898,3443,5579,7420,4535,3671,5242,6586,4432,3552,4078,4191,3736,3434,-1.59441,-9.89086,8.87136,48.3607
40466,3755,5017,8097,6161,3702,4724,6732,5515,3444,3731,4217,4044,3213,3373,3394,3228,-17.71,9.7098,8.8363,48.2313
40467,3119,3369,3879,3902,3394,3877,4939,5020,3417,4254,7415,7408,3477,4113,5283,5431,7.80631,15.2253,8.51147,48.198
40468,3517,3498,3483,3236,4228,4465,3760,3489,6137,7625,4699,3815,5784,6595,4583,3671,12.8756,-11.0948,8.62757,48.39
40469,11270,7490,4176,3512,5967,5029,3928,3350,3941,3812,3403,3256,3386,3403,3192,2990,-26.4237,-20.589,8.86533,48.07
40470,3073,3184,3300,3405,3198,3517,3653,3793,3380,3691,4820,5954,3332,4026,6117,12648,31.5246,28.2419,8.82196,47.394
40471,12414,6109,3994,3445,6243,4792,3758,3299,3905,3805,3525,3312,3315,3308,3336,3201,-26.343,-32.6615,8.53534,47.8407
40472,3691,4518,6598,5492,3638,4815,7937,5870,3446,3973,4499,4213,3251,3394,3587,3484,-12.6966,10.2457,8.86876,48.2707
40473,3289,3398,3396,3175,3851,3806,3551,3305,5320,5120,4137,3432,8538,9170,4969,3572,29.438,-13.8163,8.69319,48.0193
40474,10698,5574,3854,3286,7966,4785,3883,3365,4335,3921,3462,3218,3432,3421,3302,3128,-18.8236,-29.8527,8.99006,47.7533
40475,3643,4371,6430,6139,3621,4456,7406,6450,3317,3632,4435,4383,3223,3384,3586,3560,-12.8754,12.7287,8.70422,48.024
40476,3386,3388,3224,3062,3971,3861,3551,3273,5879,4971,3825,3448,11157,7361,4228,3458,28.7118,-20.6784,8.54604,48.0287
40477,3122,3238,3419,3326,3383,3482,3896,3766,3685,4199,5305,5031,3756,5338,9623,7352,29.7336,11.0454,8.57646,47.9473
40478,3335,3461,3475,3431,3575,4025,4397,3924,3940,5597,7472,4677,4178,5534,6654,4834,13.8651,3.87303,8.65019,48.3393
40479,4215,6495,9461,5703,3849,4721,5532,4587,3314,3609,3853,3770,3177,3325,3388,3260,-24.6098,5.24359,8.70159,48.1727
40480,3583,3427,3281,3035,4237,3924,3437,3311,7254,5401,3912,3506,9821,6568,4131,3352,19.3733,-21.1978,8.66055,48.12
40481,3479,3405,3175,3157,3946,3833,3577,3291,6731,4874,3820,3412,12098,5797,3973,3433,24.1795,-30.6039,8.56715,48.0007
40482,3480,4001,6352,9254,3419,3930,5716,7557,3272,3419,3955,4503,3090,3296,3396,3492,-17.4784,20.8379,8.98722,48.088
40483,3327,3563,3620,3423,3844,4716,4441,3719,4436,7295,6554,4358,4343,5380,4972,4034,9.43605,-1.49382,8.85513,48.0167
40484,12815,6131,3871,3396,5988,4789,3597,3328,3908,3778,3491,3217,3291,3400,3260,3176,-31.9812,-27.938,8.82892,47.624
40485,3710,5088,8780,7268,3624,4286,5955,5464,3345,3624,4054,4004,3134,3271,3446,3286,-21.0491,12.056,8.5534,48.226
40486,3447,3899,5333,6166,3518,4128,6996,8117,3292,3702,4618,5180,3205,3505,3661,3841,-8.75436,17.9057,8.66888,48.4053
40487,3215,3259,3323,3309,3396,3660,3812,3750,3754,4343,5339,4740,3795,5683,9993,6779,27.9579,8.67827,8.78461,48.1
40488,3173,3312,3610,3770,3281,3651,4494,5085,3417,3982,6241,8762,3350,3917,5442,6819,10.8502,19.9746,8.91531,48.204
40489,3496,4317,7336,9577,3428,3941,5545,6827,3225,3577,3902,4148,3066,3293,3372,3378,-20.5062,18.7246,8.94033,48.2853
40490,3263,3472,3963,4290,3209,3621,4931,6988,3390,3948,5374,9194,3265,3543,4447,5301,3.59416,24.3193,8.5651,48.1327
40491,3378,4023,6060,9411,3407,3785,5349,8169,3248,3595,4121,4488,3010,3282,3460,3545,-16.8274,24.0421,8.7344,48.2207
40492,3483,3356,3346,3133,4070,3928,3490,3270,6528,5335,3974,3515,9691,7314,4158,3536,21.3514,-19.3094,8.51995,48.0847
40493,3264,3811,5570,10139,3410,3876,5074,8189,3106,3395,3899,4399,3169,3252,3357,3417,-17.5214,31.0127,8.97879,47.5513
40494,5660,7758,5405,3964,4977,6883,4861,3825,3906,4242,3806,3406,3491,3472,3304,3122,-16.9755,-7.20211,8.8775,48.0547
40495,4210,3945,3439,3211,6809,4591,3754,3323,9594,5209,3736,3301,5684,4495,3643,3315,4.8512,-28.4204,8.79095,48.1727
40496,3654,4626,8127,8035,3544,4060,5878,5850,3404,3717,4051,4016,3116,3190,3421,3462,-20.5306,14.6243,8.50684,48.1007
40497,3664,3433,3254,3065,4330,3987,3586,3250,8221,5142,3897,3322,9846,5666,3933,3261,17.218,-29.223,8.8518,47.9047
40498,3370,3721,4440,5219,3429,3874,5972,8018,3419,3803,5119,6597,3225,3467,4028,4345,-3.25565,20.3444,8.56656,48.0307
40499,4179,4999,4631,3828,4596,7402,6409,4152,4134,5087,4591,3720,3524,3835,3685,3482,-7.10847,-2.53548,8.59971,48.1693
40500,3233,3704,4590,5505,3347,3869,5971,9129,3381,3713,4939,6266,3227,3483,3891,4171,-5.33579,22.4869,8.6039,48.2793
40501,3023,3403,3774,3911,3272,3537,4218,5412,3349,3733,5181,9819,3259,3717,4967,7020,10.0512,32.3623,8.62614,47.73
40502,3055,3179,3434,3454,3214,3373,3781,3949,3415,3950,4945,5890,3484,4132,7450,11158,32.0561,20.3247,8.98568,47.9087
40503,3267,3314,3253,3122,3828,3895,3692,3383,4429,5361,4575,3947,5898,9780,6533,4159,27.0449,-5.46309,8.67262,48.2907
40504,4784,8349,8225,4710,4252,4967,4930,4075,3487,3831,3811,3596,3236,3264,3400,3278,-31.8498,-0.274194,8.88707,48.13
40505,3466,4081,7403,11239,3351,3880,5000,5882,3248,3399,3776,3915,3230,3256,3417,3392,-30.305,20.7834,8.77964,47.9567
40506,3433,4054,7379,11188,3496,3831,4960,5752,3199,3410,3778,3850,3128,3293,3384,3380,-30.4554,20.8977,8.58236,47.6767
40507,3251,3438,3444,3364,3350,3680,3793,3646,3982,4671,5110,4285,4378,7473,9050,5278,31.2599,2.50194,8.65008,48.1287
40508,3148,3216,3405,3379,3137,3437,3703,3969,3457,3739,4735,5987,3446,3770,6006,12582,30.7865,30.1804,8.68443,47.4107
40509,3271,3519,3538,3394,3554,4143,4289,3768,4148,6037,6867,4655,4189,5878,6553,4559,14.2768,2.11064,8.82622,48.2413
40510,3233,3370,3615,3577,3401,3725,4229,4381,3582,4301,7136,6792,3582,4284,6407,6501,13.6644,14.3987,8.75939,48.0773
40511,4072,5966,7418,4852,4173,5552,6558,4740,3562,4007,3996,3704,3279,3416,3504,3473,-16.7091,3.1958,8.76993,48.1813
40512,4249,3974,3354,3219,7367,4784,3650,3353,9292,5084,3807,3396,5325,4375,3585,3281,2.9036,-31.6937,8.96348,48.0633
40513,3382,3695,4516,5052,3360,4058,6224,7672,3436,3978,5444,6529,3083,3595,4176,4367,-2.62632,18.5558,8.87381,48.378
40514,3155,3345,3563,3582,3342,3765,4376,4476,3596,4272,7136,6969,3534,4188,6296,6389,12.6657,14.6266,8.94598,47.9893
40515,3596,3631,3476,3250,4235,4870,4035,3474,5603,8361,5045,3672,4965,5871,4539,3694,10.2243,-8.5836,8.99168,48.2113
40516,3393,3841,6067,11998,3404,3779,4846,6679,3331,3467,3772,4110,3068,3257,3437,3410,-24.357,28.8168,8.80908,47.906
40517,3187,3268,3319,3431,3234,3375,3758,3967,3377,3818,4791,5994,3315,3920,6302,12527,30.367,26.3006,8.94041,47.722
40518,3431,4373,8163,10337,3484,3944,5204,5618,3225,3571,3714,3907,3062,3115,3432,3234,-27.3083,18.0994,8.95991,47.876
40519,4957,8517,7591,4446,4286,5448,4998,4061,3541,3898,3856,3448,3272,3423,3225,3234,-23.3902,-1.61176,8.83608,48.134
40520,5816,7752,5242,3795,5263,6958,4781,3690,4018,4207,3802,3402,3406,3501,3401,3214,-16.6395,-8.73748,8.63273,48.1653
40521,3308,3443,3279,3195,3833,3790,3638,3383,4768,5245,4443,3655,6632,9882,5640,3967,31.4336,-8.36423,8.567,48.0673
40522,3230,3421,3869,4242,3234,3762,4511,6580,3404,3888,5168,9624,3277,3809,4543,5802,5.12835,28.4429,8.63119,48.2427
40523,3213,3180,3380,3516,3215,3533,3744,3995,3363,3756,4843,6019,3311,3882,6381,12540,31.8952,25.9044,8.78192,47.914
40524,3451,3375,3289,3162,3954,3976,3639,3342,5099,6395,4532,3796,6328,8893,5487,3714,20.188,-9.03007,8.98914,48.288
40525,3659,3484,3313,3140,4708,4261,3723,3338,7910,6345,4080,3505,7359,6014,4046,3433,13.5097,-18.6446,8.80374,48.212
40526,3085,3378,3633,3866,3355,3690,4396,5238,3325,3756,5334,9769,3283,3793,5010,7394,10.9555,30.3846,8.70168,48.2033
40527,8640,5861,3851,3355,8341,5520,4027,3457,4578,4035,3617,3215,3499,3563,3260,3094,-15.5279,-22.3862,8.60133,47.942
40528,5904,7560,4914,3782,5480,7288,4594,3630,4084,4304,3794,3436,3391,3505,3328,3166,-16.1173,-9.5943,8.85527,48.1067
40529,3913,3847,3396,3118,5398,4645,3688,3313,8603,6442,4126,3398,6062,5011,3858,3432,8.26445,-19.573,8.69279,48.1667
40530,3407,3713,4434,4935,3503,4091,6253,7660,3321,3885,5506,6380,3221,3572,4106,4397,-2.44336,17.8602,8.79564,48.256
40531,3474,3302,3242,3096,4308,3944,3434,3233,8006,5031,3807,3281,10698,5708,3867,3440,18.5846,-31.2455,8.846,47.914
40532,3882,3750,3433,3090,5355,4585,3648,3216,9202,6322,3888,3331,6489,5282,3954,3183,9.38084,-20.895,8.79754,48.4067
40533,12927,6011,3957,3349,6086,4654,3731,3251,3868,3814,3527,3180,3341,3347,3325,3185,-30.3653,-30.237,8.93709,47.702
40534,4550,7695,8979,5092,3944,4918,5202,4184,3508,3747,3754,3595,3120,3397,3358,3226,-26.1929,2.0094,8.98148,48.1793
40535,5489,9686,7037,4148,4345,5189,4714,3983,3432,3730,3633,3491,3286,3394,3403,3248,-28.1165,-4.09076,8.97145,48.1387
40536,3743,3753,3395,3214,5040,4935,3811,3372,7449,7323,4059,3586,5756,5440,3921,3403,8.74407,-15.8926,8.7151,48.1333
40537,3084,3170,3300,3419,3273,3479,3756,3814,3441,3899,5010,5948,3344,4004,7078,11767,29.2934,21.7429,8.90495,47.8573
40538,3929,5604,8081,5579,3851,4871,6637,5146,3500,3731,4065,3881,3166,3509,3399,3352,-18.0132,7.05799,8.54251,48.2007
40539,3443,3676,3500,3303,4052,4877,4333,3692,4637,7672,6123,4140,4448,5711,4902,3941,9.77842,-3.84792,8.56674,48.3
40540,4008,5138,5005,4172,4282,6754,6954,4401,3930,4732,4901,3892,3505,3722,3643,3656,-7.95475,0.327336,8.60655,48.4633
40541,4763,7848,7478,4537,4288,5605,5519,4092,3534,3780,3993,3504,3286,3329,3378,3282,-20.7392,-0.597958,8.97712,48.144
40542,3460,3548,3642,3423,3729,4525,4449,3881,4352,6753,7127,4253,4212,5286,5622,4164,10.3176,0.498178,8.9851,48.284
40543,3464,3727,3511,3416,3862,4760,4495,3794,4471,7552,6476,4152,4226,5455,4937,3974,8.95888,-2.09122,8.93111,48.1813
40544,3427,4132,7239,11111,3446,3924,4863,5923,3184,3425,3775,3946,3129,3270,3278,3458,-27.5506,21.0471,8.5509,47.6867
40545,4202,5049,4955,4005,4458,7268,6565,4195,3947,4958,4650,3743,3573,3728,3671,3453,-8.0212,-1.36811,8.52597,48.28
40546,4895,8005,7463,4721,4338,5325,5224,4031,3658,3795,3848,3469,3239,3394,3397,3259,-22.8448,-0.826687,8.50852,48.0407
40547,3543,3353,3293,3140,3908,3647,3504,3124,5946,4782,3848,3352,12415,6319,3921,3390,31.8424,-26.1429,8.70383,47.6567
40548,4860,4118,3565,3209,8565,5046,3807,3306,7838,4765,3640,3392,4574,4114,3523,3211,-0.901028,-31.0493,8.68152,47.6887
40549,5247,9011,7446,4422,4399,5150,4948,3995,3573,3798,3638,3464,3230,3231,3422,3175,-26.6402,-2.36682,8.75467,48.0993
40550,3398,3903,6009,11738,3427,3694,5067,7033,3182,3459,3798,3999,3085,3234,3415,3260,-22.1175,33.0947,8.97695,47.8007
40551,3857,3674,3386,3141,5625,4457,3712,3325,9429,5681,3845,3380,6518,4893,3803,3310,8.83182,-24.1828,8.54018,48.024
40552,4058,4318,3953,3541,4874,7071,5047,3776,4675,6714,5006,3815,3937,4334,4017,3535,-0.120769,-5.88936,8.87975,48.4473
40553,5438,4599,3729,3407,9288,5315,3667,3395,6645,4595,3742,3344,4159,3851,3599,3250,-4.64371,-33.9899,8.65107,48.0153
40554,3127,3272,3377,3357,3455,3587,3834,3735,3788,4435,5333,4772,3952,6100,9839,6204,27.0733,7.12855,8.79293,48.1113
40555,3111,3278,3393,3396,3237,3545,3865,3763,3540,3966,5175,5351,3579,4688,8934,8755,31.2053,14.7144,8.6906,47.7173
40556,4837,4191,3601,3361,8656,5021,3763,3373,7938,4896,3785,3440,4751,4256,3532,3292,-1.05085,-31.8027,8.50495,48.462
40557,3068,3346,3531,3453,3358,3542,4184,4232,3513,4252,6168,6749,3584,4437,7043,7777,17.2819,16.1146,8.74179,48.158
40558,3340,3923,5496,9397,3398,3854,5217,8283,3197,3634,4098,4465,3148,3222,3510,3582,-16.2198,33.78,8.73249,47.8427
40559,5173,5627,4261,3572,6269,7927,4717,3580,4522,5042,3994,3535,3693,3806,3412,3171,-8.6584,-11.4515,8.57894,48.2007
40560,3123,3289,3393,3365,3366,3743,3943,3860,3780,4637,6206,4860,3941,5663,9067,5972,20.9135,7.22862,8.9082,48.1387
40561,6683,10059,5620,3949,4784,5236,4322,3708,3777,3802,3545,3354,3304,3336,3174,3000,-28.8609,-9.30839,8.77963,47.7687
40562,12583,5956,4004,3488,6094,4717,3759,3272,3835,3715,3529,3281,3425,3295,3293,3150,-30.1043,-31.5845,8.57768,47.5973
40563,3266,3431,3567,3530,3398,3853,4375,4041,3644,4744,7427,5782,3768,4773,7016,5690,14.5176,10.2253,8.62878,48.2033
40564,3395,3313,3171,3068,4249,3922,3518,3249,7238,5096,3846,3387,11290,6195,3980,3338,21.4087,-25.518,8.7987,48.17
40565,4797,4100,3502,3250,8040,5121,3756,3345,8310,4978,3628,3389,4836,4101,3627,3148,0.274156,-25.9556,8.73867,47.952
40566,4002,3774,3444,3206,5593,4838,3702,3260,8449,6401,4064,3500,5929,5173,3920,3344,7.81922,-19.6464,8.69515,48.3993
40567,3744,3647,3377,3184,4728,4719,3801,3270,7176,7436,4361,3515,5875,5649,4056,3516,10.0506,-14.7161,8.92472,48.036
40568,4763,4395,3564,3290,7699,5367,3876,3321,7666,5256,3797,3389,4670,4169,3643,3201,-0.315693,-21.8402,8.61937,48.044
40569,12465,6078,3936,3381,5971,4807,3723,3394,3926,3780,3460,3301,3379,3389,3140,3106,-28.6824,-27.4188,8.62705,47.4907
40570,3196,3468,4402,5117,3344,3919,5292,8574,3280,3788,4966,7500,3287,3478,4054,4540,-1.55661,24.5182,8.83713,48.1367
40571,3997,3694,3384,3148,6115,4435,3576,3375,9930,5333,3701,3406,6142,4755,3683,3305,7.32049,-31.4236,8.93954,47.986
40572,3313,3361,3222,3110,3885,3825,3561,3209,5588,5044,3878,3464,10196,8184,4320,3593,29.7075,-18.0813,8.82441,47.8353
40573,3447,4186,6537,7686,3456,4145,6200,7203,3275,3607,4234,4373,3155,3286,3584,3637,-15.9635,17.8015,8.57364,48.0073
40574,3414,3336,3252,3044,3919,3836,3510,3296,5585,5150,3968,3418,9743,8297,4453,3528,29.3903,-17.2607,8.74013,47.8327
40575,3590,3516,3315,3208,4942,4191,3491,3351,9491,5148,3859,3405,8291,5259,3738,3278,13.078,-30.4602,8.9409,48.0487
40576,4964,8021,7169,4638,4245,5629,5195,4084,3604,3925,3808,3581,3309,3349,3375,3145,-20.9749,-1.72741,8.55854,48.0273
40577,3488,4203,6373,7366,3507,4120,6480,7356,3405,3694,4247,4338,3182,3278,3540,3580,-14.6172,16.7823,8.59011,48.1047
40578,3086,3106,3289,3387,3271,3558,3910,3952,3408,3831,5022,5813,3499,4215,7633,11060,29.6388,19.8341,8.90003,48.0267
40579,12278,6678,3971,3384,6064,4811,3879,3317,3893,3751,3352,3254,3357,3406,3265,3129,-30.3295,-24.2674,8.74937,47.8593
40580,4812,7791,7315,4498,4390,5633,5486,4270,3601,3916,3793,3623,3222,3317,3297,3302,-20.6847,-1.05413,8.68324,48.1773
40581,3534,3808,3828,3648,3827,5010,5038,4050,4151,6751,6990,4436,4037,4603,4784,3891,5.85089,0.772303,8.66153,48.2573
40582,3297,3604,4167,4682,3388,3659,4919,8354,3326,3610,4976,8477,3172,3511,4148,4848,0.378764,28.5837,8.95622,48.092
40583,3362,3422,3202,3091,4114,3926,3419,3163,7381,5055,3899,3350,10567,6332,3988,3373,20.3023,-23.9982,8.95931,47.7627
40584,3235,3362,3350,3171,3492,3737,3852,3501,4106,5285,5493,4200,4719,7788,7964,4827,22.6201,0.407282,8.98093,48.0547
40585,10040,7747,4278,3535,5778,5059,3935,3474,3896,3952,3472,3286,3388,3464,3265,3032,-33.8737,-18.3708,8.56899,47.734
40586,4091,5134,5404,4380,4220,6490,7172,4532,3699,4384,4553,3840,3458,3629,3622,3480,-9.61134,1.60805,8.79988,48.0587
40587,3773,3606,3296,3084,5052,4370,3600,3280,9714,5305,3847,3358,7645,5087,3784,3368,11.2076,-26.8306,8.63974,48.1127
40588,12609,5830,3967,3432,5791,4529,3751,3392,3844,3713,3428,3239,3312,3431,3309,3208,-32.1112,-32.967,8.99375,47.19
40589,3415,3420,3149,3161,3926,3841,3485,3348,6206,4627,3838,3359,12715,5919,3786,3375,27.8923,-32.0493,8.84946,47.7133
40590,3199,3253,3344,3429,3295,3408,3870,3806,3465,4148,5538,5402,3628,4971,9185,8103,25.163,13.5455,8.55683,48.0293
40591,3197,3492,3579,3478,3519,3879,4556,4202,3733,5082,7867,5458,3745,4687,6377,5087,12.064,8.04536,8.87443,47.9587
40592,3421,3872,5761,11148,3485,3826,4932,7543,3223,3498,3873,4260,3072,3152,3408,3439,-20.4606,28.8836,8.98359,47.942
40593,3244,3417,3766,3941,3309,3675,4682,5553,3446,4093,6347,8612,3312,3806,5039,6000,7.7416,19.4255,8.51708,48.1613
40594,3793,4842,8820,8207,3614,4105,5575,5481,3330,3591,3899,3851,3003,3301,3406,3402,-23.571,13.7018,8.89229,48.1467
40595,3328,3382,3250,3303,3612,4102,3703,3559,4398,5771,5327,4270,4755,7806,7055,4591,20.0912,-1.54383,8.75571,48.1413
40596,3466,3878,5185,5496,3449,4169,7026,7593,3453,3838,4948,5472,3227,3492,3902,3887,-7.02621,16.5236,8.52263,48.3207
40597,3709,3460,3399,3123,4899,4110,3575,3347,9136,5437,3825,3463,8042,5376,3860,3369,13.4001,-24.7195,8.74763,48.0867
40598,4893,8285,7613,4637,4178,5378,5113,4215,3595,3781,3771,3518,3241,3340,3383,3190,-23.558,-0.790342,8.89227,48.0873
40599,3096,3225,3394,3380,3216,3556,3901,3859,3314,3885,4839,6075,3556,4211,7052,11221,26.7954,21.2219,8.52386,47.8533
40600,4125,3830,3379,3135,6202,4876,3565,3292,9497,5962,3880,3430,5738,4550,3722,3334,5.99377,-23.287,8.97451,48.3447
40601,4444,7080,9484,5488,3907,4671,5120,4434,3375,3769,3815,3641,3204,3299,3338,3342,-29.3351,3.87988,8.86683,48.274
40602,5891,5736,4221,3504,7192,7498,4426,3529,4628,4830,3814,3356,3664,3633,3367,3255,-10.1723,-14.3303,8.85161,48.3627
40603,3276,3797,4541,5058,3470,4117,6425,7695,3436,3895,5478,6186,3340,3575,3943,4182,-3.34566,17.7986,8.76214,48.276
40604,3359,4015,6097,12604,3258,3728,4762,5972,3277,3476,3748,3971,3108,3218,3383,3386,-29.5388,27.4496,8.84213,47.5747
40605,3567,3358,3387,3176,3946,3735,3471,3267,5963,4924,3819,3282,12000,6943,3912,3432,31.7977,-22.987,8.99984,48.1213
40606,3633,4997,9311,7645,3527,4201,5798,5406,3308,3665,3975,3921,3097,3282,3337,3372,-23.1738,12.5518,8.73973,48.3167
40607,3471,3542,3273,3171,4235,4085,3598,3414,6500,6120,4212,3555,7776,7404,4382,3589,18.1011,-15.9244,8.53809,48.218
40608,5513,9464,6888,4342,4436,5015,4743,3913,3591,3902,3669,3449,3320,3365,3252,3183,-30.6125,-3.64791,8.94195,48.03
40609,3065,3234,3407,3389,3123,3440,3665,3994,3306,3846,4959,5762,3528,4211,7531,11161,32.3032,20.6442,8.98912,47.7473
40610,3219,3287,3434,3392,3225,3459,3818,4051,3395,3876,4797,6054,3415,3925,6659,11860,28.1425,24.1512,8.5281,47.9107
40611,5362,8588,6397,4231,4681,6007,4922,3971,3879,3861,3726,3513,3248,3419,3372,3238,-20.7609,-4.29919,8.76981,48.2767
40612,3604,4236,6843,8227,3604,4082,5949,7103,3266,3629,4032,4242,3012,3299,3539,3436,-17.0608,17.624,8.8877,48.0687
40613,3124,3264,3418,3529,3321,3537,4089,4236,3641,4124,6371,6563,3612,4509,7331,7491,17.8549,15.4846,8.76845,48.1067
40614,10899,6769,4026,3443,6631,5238,3803,3268,4119,3774,3552,3235,3429,3408,3170,3150,-22.6529,-22.1931,8.7515,47.9427
40615,3733,3572,3321,3069,4796,4220,3623,3195,8879,5551,4011,3396,7962,5538,3916,3373,13.3536,-23.1704,8.58814,48.1033
40616,3717,3567,3493,3243,4627,4745,3890,3318,6652,7831,4478,3586,5492,5768,4177,3471,9.68356,-12.9686,8.75357,48.0367
40617,3688,5018,9205,7489,3656,4356,5844,5245,3429,3519,3867,3908,3049,3132,3406,3236,-23.3248,11.8907,8.81703,48.0313
40618,12558,6106,3982,3295,6425,4694,3845,3394,3931,3695,3520,3236,3406,3319,3324,3052,-25.4458,-28.7046,8.84164,47.8547
40619,3411,4007,6522,12086,3415,3868,4790,5999,3208,3372,3717,3972,3196,3305,3401,3422,-28.6537,24.9696,8.58288,47.794
40620,3337,3355,3208,3139,3729,3783,3622,3302,4989,5650,4564,3648,6635,9544,5541,3914,24.5734,-8.8855,8.6529,47.9733
40621,3173,3681,4543,5873,3347,3811,5363,9620,3268,3760,4732,6716,3147,3513,3781,4064,-5.60005,25.6798,8.82093,48.2613
40622,5527,9352,6832,4338,4493,5502,4750,3929,3746,3864,3678,3437,3368,3343,3339,3193,-24.6578,-4.35657,8.86316,48.4607
40623,4987,8688,7904,4622,4244,5026,4777,4093,3572,3740,3743,3562,3308,3324,3295,3205,-29.2255,-1.35643,8.91052,48.06
40624,3581,4289,7454,10485,3408,3942,5239,6311,3238,3512,3842,4001,3071,3179,3359,3417,-23.4472,19.646,8.84155,48.2187
40625,3452,3871,5507,9506,3310,3808,5145,8416,3205,3610,4142,4424,3145,3346,3432,3511,-16.577,31.8155,8.7865,47.8867
40626,3984,4819,4924,4231,4096,6448,7276,4389,3940,4812,5033,3997,3505,3701,3718,3558,-7.01069,1.34114,8.77134,48.2873
40627,3783,3715,3307,3221,5223,4314,3583,3380,9705,5305,3772,3369,7091,4963,3827,3331,10.2318,-33.3178,8.64599,47.926
40628,4019,3737,3415,3168,5850,4508,3740,3183,9185,5809,3970,3438,6122,4909,3797,3268,7.56846,-22.5675,8.53432,48.0787
40629,3180,3331,3498,3754,3330,3556,4253,4919,3446,3775,5246,9537,3336,3852,5285,7893,12.8403,33.0256,8.85964,48.1273
40630,3462,3450,3253,3104,3981,3730,3427,3248,6901,4933,3747,3404,11958,6172,3975,3426,23.4952,-26.765,8.76464,48.114
40631,3669,3703,3328,3202,4976,4238,3606,3231,9155,5880,3983,3408,7504,5336,3919,3438,12.165,-22.8157,8.64911,48.384
40632,3150,3217,3400,3510,3327,3619,4018,4127,3552,4257,6523,6459,3663,4417,7426,7427,17.0059,14.7647,8.97618,48.0613
40633,3367,3851,5568,9628,3397,3800,4973,8483,3280,3400,3968,4535,3234,3274,3549,3511,-17.0347,29.7128,8.66732,47.8787
40634,3844,5458,9700,6602,3705,4404,5759,4884,3369,3706,3722,3868,3117,3213,3248,3389,-23.4069,8.95251,8.63352,47.992
40635,6817,5026,3824,3308,9586,5766,3883,3428,5259,4440,3623,3332,3799,3657,3415,3115,-10.5105,-23.2397,8.98681,48.1853
40636,3304,3596,4482,5547,3250,3806,5121,9526,3335,3662,4650,6957,3137,3448,3925,4423,-4.21261,29.0442,8.74887,48.1127
40637,3615,3879,3899,3478,3996,5339,4974,3824,4579,7198,6415,4186,4041,4777,4592,4004,5.04284,-1.58997,8.90266,48.5307
40638,3390,3441,3120,3080,4127,3771,3486,3209,6667,4874,3889,3366,11569,6541,4126,3312,23.6681,-24.298,8.86867,47.9787
40639,4761,4260,3573,3148,8445,5077,3828,3217,8147,4885,3732,3293,4711,4160,3588,3254,-0.403708,-28.0097,8.99274,48.0527
40640,5311,8022,6230,4258,4677,6353,5347,3993,3773,3990,3902,3623,3293,3421,3428,3102,-18.5723,-4.22701,8.98362,48.482
40641,3298,3637,4294,5084,3398,3856,5050,8879,3355,3757,4865,7506,3210,3476,4073,4423,-2.34134,32.4525,8.84664,48.1073
40642,3118,3341,3417,3348,3349,3454,3937,4014,3431,3815,5086,5750,3452,4298,7896,10201,29.2022,18.592,8.50113,47.938
40643,3208,3282,3350,3233,3400,3777,3779,3631,3952,4832,5190,4332,4485,7266,9234,5180,27.0461,2.99147,8.96385,48.0873
40644,3420,3908,5911,12779,3416,3783,4763,5924,3261,3494,3698,3740,3191,3258,3301,3300,-28.1466,33.5454,8.92162,47.4313
40645,3348,3786,4691,5428,3411,3932,6218,8301,3365,3704,4949,6279,3228,3479,3948,4174,-4.72505,20.1774,8.5458,48.1607
40646,4710,6029,4700,3764,4983,8087,5395,3965,4111,4806,3963,3748,3488,3626,3513,3391,-10.5723,-6.03373,8.99488,48.186
40647,3695,3766,3559,3278,4661,4814,3843,3422,6737,7753,4449,3601,5674,5665,4247,3508,9.83781,-13.3263,8.95131,48.448
40648,3396,3622,3664,3534,3763,4412,4892,4049,3972,6138,7598,4746,3905,4829,5534,4290,9.11238,2.92206,8.52029,48.2293
40649,3469,4049,6291,8893,3493,3966,5741,7766,3148,3533,4062,4399,3144,3278,3592,3552,-16.8423,20.7157,8.72792,48.2507
40650,3715,3993,3813,3426,4589,5729,4552,3737,5120,7643,5451,3902,4184,4747,4175,3610,4.03522,-6.01127,8.84174,48.2573
40651,3303,3706,4112,4451,3341,3875,5546,6660,3570,4006,6034,7498,3299,3618,4330,4808,2.06184,18.6425,8.52851,48.1047
40652,3466,3884,4997,5063,3529,4184,7053,7422,3363,3835,5390,5496,3253,3498,3993,4007,-5.07512,16.0841,8.78838,48.2887
40653,4040,3724,3440,3096,6120,4434,3713,3306,9972,5228,3825,3328,6346,4588,3656,3285,7.04653,-28.8171,8.95295,48.0673
40654,4551,4288,3649,3228,6582,5958,3959,3456,6660,6233,4049,3442,4697,4293,3711,3385,0.604742,-16.8685,8.56381,48.094
40655,3197,3269,3389,3537,3219,3430,3727,3846,3357,3811,4800,6064,3399,4079,6290,12536,28.7943,27.4321,8.74218,47.9667
40656,4243,6871,9519,5545,3953,4757,5252,4550,3515,3668,3788,3567,3219,3269,3373,3336,-27.3903,4.39734,8.77934,48.2833
40657,3270,3868,5451,7866,3349,3892,5648,9041,3347,3549,4107,4904,3103,3355,3497,3626,-13.0005,23.2022,8.58094,47.9153
40658,12733,5886,3903,3281,6098,4622,3764,3350,4038,3721,3433,3337,3341,3400,3279,3158,-33.2233,-28.9154,8.93086,47.5627
40659,3058,3398,3507,3316,3321,3514,3873,3956,3472,4077,5252,5387,3576,4515,8834,8963,33.1198,15.1845,8.83225,48.0127
40660,3676,4917,9291,8682,3520,4020,5139,5305,3216,3458,3862,3805,3122,3170,3380,3316,-30.9672,13.9023,8.92857,47.9193
40661,3514,4265,6251,6124,3487,4166,7168,6881,3340,3768,4589,4534,3157,3318,3787,3643,-12.1827,14.2189,8.57162,47.9947
40662,3290,3838,5436,7833,3370,3880,5623,9295,3296,3592,4148,5053,3030,3281,3700,3652,-12.6038,24.4901,8.69564,48.2113
40663,3454,3860,6527,12267,3406,3807,4800,6093,3181,3424,3751,4023,3049,3188,3450,3418,-27.9757,25.7487,8.68262,47.7987
40664,3462,3848,5784,9115,3423,3792,5283,8385,3234,3598,3969,4511,3176,3292,3457,3542,-16.4296,25.2537,8.52372,47.914
40665,3217,3387,3640,3670,3280,3571,4222,5065,3453,3939,5565,9495,3288,3872,5117,7476,11.7223,24.2398,8.87451,48.1713
40666,3396,3905,5964,12576,3345,3768,4843,6408,3183,3431,3707,3866,3077,3239,3432,3327,-25.6435,31.5346,8.88747,47.6447
40667,3884,4365,3839,3510,4821,6295,4662,3664,5057,7262,4756,3683,4196,4545,4022,3627,1.6848,-7.7892,8.51125,48.1253
40668,3125,3210,3267,3377,3221,3524,3896,3835,3608,4066,5291,5187,3737,4858,9500,8301,27.6586,13.1781,8.96616,48.002
40669,3115,3380,3669,3648,3373,3597,4242,5211,3254,3794,5235,9709,3244,3865,5150,7392,11.1142,33.7746,8.88101,47.9187
40670,4127,3774,3479,3219,6361,4629,3700,3344,9711,5252,3841,3403,5643,4688,3633,3258,5.52543,-33.3709,8.83228,48.0413
40671,3567,4216,6117,6657,3489,4165,6681,7512,3439,3537,4374,4681,3201,3404,3698,3658,-12.6466,16.9813,8.53937,48.264
40672,3325,3321,3537,3371,3503,3947,4422,3876,4025,5405,7489,4844,3995,5433,6958,4979,14.2316,5.11732,8.98963,48.2867
40673,3383,3464,3210,3077,4110,3911,3472,3268,7030,5111,3927,3388,10792,6521,4031,3327,21.0158,-23.0687,8.662,48.0147
40674,3308,3373,3387,3198,3555,3813,3749,3523,4411,5249,4591,3911,5306,9377,7057,4213,33.5538,-3.86399,8.9054,48.014
40675,3548,3663,3295,3150,4677,4214,3611,3195,8689,5676,4035,3295,8128,5787,3961,3285,14.3876,-22.0442,8.964,48.1393
40676,3419,3435,3249,3194,3806,3819,3402,3190,5748,4872,3995,3379,10982,7603,4246,3466,30.6513,-19.9964,8.84895,47.87
40677,3677,3768,3611,3196,4470,5173,4146,3456,5661,8232,4813,3825,4733,5446,4272,3516,7.94976,-8.71458,8.7526,47.9967
40678,3424,3428,3327,3059,4042,3886,3545,3300,5835,5462,4157,3465,8809,8374,4662,3519,23.3249,-15.362,8.69486,48.196
40679,12414,6340,3923,3353,6057,4809,3593,3439,4005,3759,3476,3237,3478,3447,3322,3099,-31.0701,-25.9859,8.56448,47.834
40680,3370,3419,3184,3221,3716,3966,3645,3247,4874,5235,4386,3727,6668,9807,5520,3888,32.7418,-9.10703,8.51321,47.9153
40681,3374,3305,3391,3086,4030,3980,3715,3324,5471,6090,4247,3653,7382,8750,4881,3645,21.0425,-12.4116,8.69821,48.216
40682,3344,3937,6252,12033,3444,3702,4771,6007,3246,3379,3857,3875,3239,3337,3397,3431,-32.4621,25.2297,8.62777,47.5007
40683,7835,5360,3777,3284,9476,5459,3903,3295,4932,4272,3650,3212,3614,3573,3268,3184,-12.5366,-25.8776,8.86243,48.0627
40684,3582,3664,3382,3228,4214,4487,3771,3380,5998,7783,4726,3642,5722,6411,4676,3625,12.8334,-10.7231,8.89745,48.194
40685,3131,3265,3386,3367,3260,3525,3864,3937,3498,3863,5114,5565,3444,4253,7940,10263,31.1775,18.6005,8.50574,47.7833
40686,4791,5122,4123,3488,6514,7642,4528,3661,4976,5330,3941,3561,3885,3908,3537,3319,-6.07276,-12.3429,8.53734,48.2173
40687,3375,3371,3217,3144,3979,3788,3469,3261,5895,4828,3742,3289,12537,6418,3937,3317,30.9181,-25.1762,8.89547,47.7113
40688,3528,3566,3314,3061,4298,4165,3675,3291,7171,6137,4237,3474,7901,6665,4227,3517,16.1608,-17.6686,8.64867,48.1513
40689,4439,4061,3316,3213,7277,4939,3619,3309,9069,5536,3813,3345,5380,4385,3603,3080,2.85896,-25.2888,8.90554,48.256
40690,3183,3582,3910,4363,3295,3738,4718,7276,3278,3719,4978,9256,3312,3682,4522,5342,3.22153,30.088,8.51499,48.1027
40691,5609,8797,5835,4050,4790,6283,4931,3859,3775,4141,3676,3437,3235,3349,3198,3193,-19.9422,-6.42777,8.92306,48.1053
40692,3203,3428,3563,3625,3509,3906,4665,4088,3749,5000,8216,5610,3784,4643,6203,5214,11.474,9.12378,8.85227,48.2707
40693,3263,3176,3358,3338,3311,3440,3783,3918,3450,3761,4763,5901,3463,3885,6033,12323,31.5868,33.7027,8.54626,47.444
40694,3455,3358,3362,3167,3789,3958,3805,3385,4971,6712,5022,3739,5611,8284,5626,3955,18.3947,-6.76486,8.78255,48.1327
40695,8328,5182,3776,3406,9073,5165,3927,3435,4842,4101,3607,3273,3730,3613,3360,3088,-13.6469,-30.8447,8.56023,47.9373
40696,3222,3205,3320,3370,3309,3537,3871,3846,3731,4130,5304,5188,3529,4739,9277,8396,31.8577,13.9705,8.66843,47.9827
40697,12573,5838,4001,3429,5897,4603,3765,3525,3989,3740,3451,3175,3453,3547,3265,3195,-32.2296,-30.6072,8.50412,47.6307
40698,3316,3523,4101,4489,3416,3796,5401,6705,3324,3982,5851,8162,3296,3709,4639,4973,2.32947,19.6947,8.95488,48.4553
40699,8224,6108,4093,3492,7795,5931,3933,3463,4601,4248,3620,3362,3586,3569,3268,3105,-15.3048,-20.1795,8.63699,48.2653
40700,7910,6676,4302,3504,7180,6211,4092,3484,4318,4186,3626,3265,3563,3499,3435,3121,-16.0882,-17.5598,8.79472,48.248
40701,3140,3310,3613,3799,3242,3508,4266,5035,3245,3810,5555,9006,3319,3809,5263,7795,12.4467,24.195,8.54488,47.81
40702,3295,3273,3255,3011,3950,3832,3488,3258,5755,5036,3974,3395,10699,7745,4231,3494,32.0128,-18.8597,8.95591,47.794
40703,3248,3543,3857,3881,3353,3816,5141,5135,3575,4293,7170,7236,3578,4066,5259,5417,7.59966,15.1977,8.5134,48.3787
40704,3083,3355,3469,3563,3233,3571,4037,4866,3392,3940,5313,8829,3345,3897,5489,8725,14.4873,25.8301,8.6414,48.0713
40705,3117,3459,3662,3721,3330,4052,4867,4318,3673,4756,7880,6069,3658,4220,5874,5312,9.95908,10.8991,8.6628,47.9787
40706,3555,3512,3277,3176,4823,4128,3525,3298,9477,5159,3819,3439,8490,5095,3703,3342,13.5912,-30.789,8.82124,47.8787
40707,3093,3298,3333,3309,3281,3602,3949,3646,3576,4321,5421,5145,3671,4877,9170,8295,27.5369,13.2293,8.53496,47.9913
40708,3292,3446,3869,4488,3306,3560,4688,7412,3304,3797,5056,9301,3223,3542,4292,5338,3.02526,31.7377,8.97607,47.9427
40709,3448,4059,6252,8067,3441,4057,6024,7704,3252,3599,4169,4501,3167,3341,3523,3420,-15.6838,19.4059,8.89372,48.016
40710,3165,3288,3314,3343,3331,3627,3909,3857,3608,4320,5778,5257,3767,5268,9369,7197,23.4991,10.9734,8.90161,48.2653
40711,10608,7693,4048,3481,5716,5098,3960,3363,3856,3908,3503,3279,3400,3400,3291,3097,-33.6851,-19.3523,8.73109,47.8007
40712,3108,3313,3460,3462,3286,3571,3774,3953,3400,3782,4702,5912,3379,3940,6202,12469,30.7013,26.522,8.71206,47.8087
40713,4107,3861,3509,3224,6683,4512,3733,3374,9704,5315,3751,3293,5843,4548,3707,3274,5.5029,-29.8145,8.57346,48.292
40714,3180,3378,3250,3293,3352,3695,3875,3710,3832,4696,5512,4679,4139,6364,9287,5829,23.0941,5.56532,8.93847,48.0473
40715,3477,3778,4298,4126,3600,4556,6605,5157,3670,4643,7199,5491,3459,3895,4397,4183,1.35243,9.39865,8.58841,48.356
40716,3389,3644,3678,3628,3713,4627,4727,3998,4101,6675,7097,4502,4154,5002,5265,4117,8.78343,1.49224,8.62086,48.2113
40717,4921,7126,5593,4086,4889,7158,5506,4009,3938,4267,3876,3602,3410,3531,3381,3270,-15.087,-4.83974,8.62949,48.3753
40718,3502,4145,4841,4298,3767,5147,7654,5045,3727,4561,5902,4638,3376,3794,4047,3841,-3.57044,6.72539,8.64696,48.19
40719,12047,6498,3958,3399,6421,4923,3783,3403,4091,3720,3418,3169,3429,3412,3230,2993,-25.7568,-24.4928,8.86703,47.9293
40720,4191,3958,3554,3236,5818,5253,3876,3367,7577,6774,4031,3577,5278,4781,3936,3287,4.97327,-16.8613,8.87198,48.3293
40721,3169,3290,3427,3353,3195,3561,3750,3693,3491,4109,5135,5625,3374,4352,8232,9887,30.4031,17.3071,8.55609,47.762
40722,5207,9063,7329,4403,4309,5274,4751,3942,3522,3837,3786,3482,3328,3396,3308,3257,-25.9733,-2.91866,8.73917,48.1293
40723,3154,3284,3381,3325,3347,3572,3766,3922,3622,4254,5732,5446,3567,4947,8977,7580,23.285,12.3707,8.71107,47.9173
40724,3861,5706,9777,6749,3702,4462,5380,4823,3371,3541,3769,3751,3229,3352,3278,3388,-29.1964,8.8071,8.56306,48.0927
40725,3404,3504,3202,3165,4169,3884,3380,3204,7462,4997,3749,3372,11279,5822,3793,3358,20.6942,-29.1925,8.71499,47.8293
40726,3239,3495,3944,4346,3335,3722,4546,6806,3335,3847,5144,9218,3204,3652,4470,5554,3.91696,31.9733,8.52223,47.9047
40727,3134,3213,3314,3426,3155,3450,3728,3814,3387,3902,4925,6545,3405,3886,5903,12405,24.9009,32.6897,8.9318,47.728
40728,3301,4056,6510,12119,3465,3759,4825,6376,3126,3408,3880,3990,3252,3141,3284,3306,-25.0541,24.3174,8.94045,47.8653
40729,3327,3740,4405,4526,3492,4169,6676,6437,3569,4131,6189,6042,3373,3665,4216,4237,-1.42809,14.6561,8.61281,48.1293
40730,3229,3468,3537,3630,3502,3691,4488,4051,3776,4844,7734,5845,3693,4671,6620,5594,13.2384,10.1139,8.66719,48.2487
40731,3722,4888,9630,8220,3596,4120,5093,5136,3307,3624,3831,3787,3235,3260,3391,3336,-30.1232,12.9524,8.82036,48.1173
40732,3722,5071,9751,7771,3646,4167,5493,5203,3251,3628,3778,3675,3099,3155,3332,3366,-26.5779,11.7085,8.97617,48.072
40733,3959,5277,6734,4843,3897,5527,7387,4971,3523,4044,4411,4043,3205,3481,3670,3502,-13.468,5.30157,8.51847,48.316
40734,3947,3776,3257,3173,6006,4416,3610,3242,9903,5424,3896,3430,6351,4612,3725,3322,7.76944,-27.4521,8.94322,48.06
40735,7763,9783,5061,3637,5234,5152,4182,3563,3901,3752,3709,3328,3310,3373,3343,3075,-32.944,-11.697,8.95687,48.1107
40736,3527,3449,3178,3118,4387,4022,3545,3243,8016,5345,3907,3340,9699,6044,4079,3281,17.3171,-24.2428,8.89331,48.12
40737,3154,3200,3483,3424,3188,3503,3873,4150,3378,3840,4867,7099,3370,3966,6259,11332,21.1278,25.7035,8.92634,48.0573
40738,3137,3282,3478,3641,3263,3690,4220,4312,3552,4065,6316,7262,3495,4168,6525,7503,15.4991,17.0765,8.61567,47.9393
40739,3301,3905,5791,10532,3352,3945,5025,8063,3226,3475,4020,4233,3193,3224,3462,3419,-18.3299,32.7041,8.99236,48.1107
40740,3689,4491,5319,4493,3776,5372,8233,5204,3534,4328,5232,4255,3393,3607,3905,3708,-7.25821,6.35388,8.80265,48.3593
40741,3262,3529,3780,3473,3682,4247,4730,4040,3944,5979,7804,4716,4001,5086,5675,4546,10.2625,4.002,8.70527,48.3293
40742,5433,4479,3662,3240,9597,5285,3738,3265,6922,4591,3703,3422,4282,3877,3535,3081,-4.08118,-27.2333,8.80756,48.0747
40743,3186,3389,3578,3439,3376,3712,4217,3998,3638,4383,6757,5832,3656,4918,7717,6552,17.2279,12.0797,8.59006,48.232
40744,10847,5670,3841,3433,7729,4996,3839,3416,4300,3901,3442,3256,3428,3416,3246,3102,-18.9893,-32.5372,8.97985,47.908
40745,3583,4086,4480,3979,3782,5186,7226,4777,3756,4936,6254,4674,3547,4010,4211,3868,-1.39179,5.14801,8.75711,48.2367
40746,3042,3285,3377,3315,3202,3602,3829,3893,3401,3849,4905,5852,3448,4187,7372,11009,26.5851,20.287,8.9387,47.712
40747,3250,3469,3279,3200,3853,3777,3524,3226,5278,5114,4051,3512,8603,8995,4924,3654,31.0367,-14.2784,8.59129,47.806
40748,12688,6025,4012,3467,6012,4779,3765,3408,3903,3737,3529,3195,3277,3294,3263,3195,-27.5372,-33.3019,8.79897,47.6993
40749,8709,6402,4065,3477,7564,5856,4020,3482,4411,4170,3578,3279,3556,3547,3204,3197,-16.6943,-20.0605,8.79109,48.3447
40750,5857,6961,4502,3723,5922,7614,4664,3646,4187,4450,3848,3438,3612,3617,3291,3197,-13.3635,-11.3358,8.8099,48.3527
40751,4967,5508,4351,3619,5814,8164,4747,3610,4433,5065,4104,3507,3621,3774,3447,3353,-8.88848,-10.1291,8.73322,48.056
40752,3390,3347,3057,3128,4161,3804,3533,3269,6801,5140,3785,3446,10804,6654,4172,3504,22.2722,-22.8061,8.67688,47.9967
40753,3226,3382,3620,3815,3290,3572,4386,5472,3394,3882,5334,10114,3396,3745,4902,6710,9.35703,33.8464,8.85026,48.16
40754,3240,3265,3346,3316,3383,3648,3691,3693,3920,4616,5272,4558,4268,6878,9542,5586,27.7258,4.43615,8.88688,48.148
40755,3347,3398,3274,3150,3833,3856,3513,3394,5143,5409,4156,3697,7434,9670,5351,3859,26.3055,-11.4136,8.93633,48.3227
40756,3372,3849,5499,9874,3471,3778,4980,8372,3319,3578,4007,4448,3182,3310,3406,3522,-17.1523,31.4164,8.93981,47.978
40757,4641,8145,8504,4878,4164,4786,5104,4329,3527,3702,3714,3592,3212,3278,3298,3204,-30.3061,0.544361,8.62963,48.052
40758,3136,3292,3372,3280,3221,3553,3829,3851,3588,4076,5478,5312,3736,4879,9330,7830,25.2482,12.7346,8.53282,47.842
40759,3227,3387,3422,3370,3210,3551,3785,3943,3291,3713,4826,6166,3377,3711,5900,12452,33.4794,28.65,8.59062,47.554
40760,3348,3889,5397,8059,3324,3912,5596,9194,3199,3521,4330,4995,3154,3477,3675,3686,-13.0008,24.5989,8.56557,48.504
40761,5300,4720,3605,3240,8430,6045,3942,3469,6375,5098,3775,3377,4204,4078,3507,3200,-4.03338,-20.4763,8.88883,48.2433
40762,4827,6821,5345,3988,5124,7371,5557,3825,3788,4301,4042,3592,3427,3592,3497,3189,-14.1778,-5.09398,8.60179,48.1907
40763,3298,3408,3346,3237,3730,3942,3905,3688,4346,5829,5663,4158,4595,7360,7086,4541,18.9861,-0.391903,8.94936,48.088
40764,5482,7932,5498,4029,5055,6860,5016,3902,3920,4142,3777,3489,3256,3481,3317,3176,-17.069,-6.70638,8.79005,48.2213
40765,11178,6850,4044,3370,6636,5062,3892,3419,4021,3886,3406,3273,3369,3297,3266,3124,-23.4795,-22.2019,8.72982,48.062
40766,12061,5931,3940,3368,6759,4951,3832,3366,3964,3789,3506,3270,3399,3329,3179,3078,-23.3876,-31.7946,8.56162,47.8147
40767,3277,3643,3777,3450,3577,4250,4830,4147,3960,5764,7621,4806,3933,4843,5630,4551,9.75253,4.61055,8.51501,48.0393
40768,3162,3186,3388,3385,3314,3437,3850,4054,3488,3786,4804,6571,3354,3830,6101,12064,24.3223,27.3244,8.70455,47.8493
40769,3211,3253,3215,3353,3384,3678,3786,3695,3688,4498,5468,4730,4029,5869,9924,6434,26.4348,8.29693,8.69263,48.1433
40770,3399,4048,6435,12311,3277,3807,4810,5990,3185,3510,3686,4025,3047,3214,3370,3429,-29.8435,24.0973,8.84293,47.6953
40771,3463,4147,6494,8095,3527,4134,6098,7470,3411,3550,4145,4472,3163,3243,3407,3604,-16.4552,18.7682,8.67203,48.282
40772,5969,4988,3810,3346,8730,6314,3983,3461,5644,4624,3665,3384,3960,3762,3415,3177,-7.48455,-20.324,8.69546,48.1547
40773,4489,4080,3452,3180,7276,4815,3699,3273,9175,5171,3700,3370,5232,4391,3648,3259,2.77357,-28.4009,8.52556,48.14
40774,4810,6627,5179,3933,5068,7705,5457,3895,4001,4495,4048,3566,3503,3534,3417,3249,-12.9128,-5.69712,8.80867,48.3247
40775,10868,7073,4179,3431,6523,5115,3892,3362,3991,3780,3369,3262,3454,3378,3165,3229,-22.7249,-21.0143,8.94594,48.0473
40776,3686,3512,3268,3133,5015,4177,3703,3183,9561,5059,3782,3366,8266,5213,3652,3341,13.0803,-31.0268,8.74598,47.9447
40777,11107,5664,3895,3356,7477,5005,3725,3304,4250,3922,3437,3182,3412,3289,3186,3306,-20.082,-31.6499,8.89761,47.678
40778,3260,3470,3348,3239,3590,3832,3868,3636,4142,5227,5634,4337,4560,7187,8062,4971,21.553,1.32454,8.63285,48.242
40779,3351,3455,3194,3042,3864,3753,3420,3219,5978,4736,3753,3464,12520,6663,3989,3395,29.2157,-24.8985,8.97805,47.864
40780,3411,3911,6018,12420,3380,3772,4849,6484,3245,3519,3780,4073,3078,3111,3351,3351,-24.8885,29.1293,8.76087,47.8353
40781,3828,3719,3415,3202,5342,4576,3696,3356,8880,6401,4069,3381,6297,5161,3963,3380,9.13765,-20.3444,8.67949,48.444
40782,3211,3209,3360,3210,3579,3661,3814,3601,4207,4974,4916,4076,4861,8404,8019,4694,32.3459,-0.7913,8.6313,47.864
40783,3362,4163,7420,10725,3427,3876,5026,5952,3225,3487,3871,3980,3104,3203,3360,3452,-27.1688,19.8578,8.77585,47.7553
40784,12779,6301,3954,3264,6085,4846,3907,3314,3863,3856,3497,3234,3409,3415,3283,3050,-30.5343,-27.263,8.79708,48.038
40785,3133,3216,3505,3371,3429,3893,4091,3779,4004,5244,6332,4606,4290,6150,8117,5093,18.7542,4.09353,8.92417,48.1687
40786,3352,3428,3333,3175,3653,3801,3565,3366,4789,5492,4499,3782,6552,9691,5776,4002,25.6045,-7.94767,8.65528,48.1707
40787,6652,9380,5516,3910,5011,5790,4467,3669,3827,3966,3566,3366,3325,3376,3404,3131,-23.3072,-9.19982,8.88016,48.2373
40788,3413,4065,6528,10472,3376,3926,5144,7052,3171,3587,3887,4306,3022,3222,3457,3460,-20.6051,22.4338,8.58178,48.0587
40789,5973,4578,3732,3287,9838,5244,3866,3426,6117,4576,3623,3305,3939,3775,3410,3086,-6.53327,-32.9164,8.72601,47.85
40790,3933,5272,8422,5992,3604,4757,6571,5193,3393,3688,4120,3851,3066,3293,3561,3415,-19.1595,8.50047,8.9037,48.0873
40791,3817,4784,7239,5822,3689,4806,7318,5461,3350,3740,4372,4042,3234,3309,3528,3487,-15.378,9.82107,8.58512,47.9987
40792,3059,3171,3424,3507,3154,3545,3960,4072,3435,3858,5163,7099,3485,4123,6489,10705,21.308,22.9387,8.72022,48.166
40793,6002,6378,4324,3574,6545,7468,4421,3592,4545,4458,3832,3394,3632,3710,3377,3107,-12.7102,-13.0982,8.86434,48.2393
40794,3247,3484,4307,5148,3341,3918,5251,8913,3280,3736,4962,7328,3179,3540,4015,4543,-2.38214,26.1481,8.61545,48.128
40795,3186,3457,3751,4039,3270,3623,4443,5858,3454,3794,5123,10010,3308,3710,4681,6379,7.92377,32.3487,8.82294,48.0573
40796,3537,4132,5018,4894,3592,4585,7734,6312,3509,4060,5306,5077,3403,3524,3995,3917,-6.0367,12.113,8.60856,48.3967
40797,3106,3369,3622,3670,3241,3648,4291,4884,3398,3965,5679,8737,3386,3907,5540,7667,13.0183,22.2147,8.54088,48.0733
40798,7081,8533,4982,3747,5594,6196,4336,3582,3916,4030,3712,3331,3441,3471,3371,3110,-20.5622,-11.4069,8.6725,48.2887
40799,3223,3243,3390,3447,3301,3519,3723,3880,3641,4193,5271,5153,3656,4923,9647,7900,31.7484,12.3173,8.86039,48.0733
40800,4238,6105,8221,5265,3964,5140,6337,4598,3598,3834,3946,3701,3272,3295,3391,3328,-18.7619,4.11775,8.89769,48.1553
40801,3365,3889,5689,7397,3465,3956,6289,8410,3363,3719,4343,4788,3146,3360,3539,3598,-12.4761,20.0198,8.88454,48.2107
40802,3520,3961,5930,12516,3428,3815,4844,5785,3170,3357,3732,3757,3210,3181,3371,3489,-29.9391,33.6489,8.54667,47.3773
40803,3534,3774,3577,3283,4105,4882,4448,3751,4731,7627,6081,4012,4465,5363,4874,3895,8.77806,-3.42972,8.51128,48.268
40804,3385,3367,3282,3162,3775,3811,3451,3190,5368,5253,3944,3457,9508,8363,4580,3642,28.8385,-16.6342,8.60336,47.692
40805,3175,3454,3778,4182,3209,3720,4665,6471,3342,3758,5161,9717,3327,3764,4529,5895,5.42497,31.8112,8.58896,48.098
40806,4579,4195,3452,3187,7782,4970,3775,3242,8564,5252,3773,3239,5039,4278,3528,3271,1.43409,-25.4877,8.85873,48.084
40807,3721,4565,7445,7697,3542,4297,6186,6202,3324,3627,3925,4020,3005,3364,3451,3439,-18.298,14.9206,8.52364,47.8733
40808,3554,3979,4388,4189,3813,4796,7250,5043,3826,4834,6632,4850,3478,3759,4248,4004,-1.13852,7.60354,8.56477,48.4287
40809,4384,7169,9172,5376,3943,4820,5294,4358,3526,3777,3676,3716,3137,3312,3226,3297,-26.7152,3.47117,8.72226,48.122
40810,3313,3524,3650,3613,3717,4236,4741,4016,4036,5846,7738,4857,3963,4892,5709,4553,10.1506,3.96812,8.6271,48.2693
40811,5389,4461,3604,3116,9010,5292,3779,3333,7197,4720,3708,3361,4389,3876,3451,3260,-3.10127,-27.9507,8.50254,47.964
40812,3336,3928,5868,12573,3343,3863,4674,5835,3354,3419,3665,3800,3265,3303,3221,3447,-32.642,33.745,8.97531,47.2627
40813,5205,8835,7407,4495,4230,5109,4707,4054,3477,3809,3746,3506,3269,3536,3367,3299,-30.3287,-2.18489,8.53219,48.034
40814,3717,3683,3359,3157,4977,4395,3634,3254,8586,6107,4041,3463,7067,5356,3815,3458,11.3051,-20.6234,8.57183,48.046
40815,4597,4372,3737,3368,7017,6212,4033,3367,6796,5869,3998,3427,4570,4291,3656,3326,-0.43035,-17.5638,8.9453,48.424
40816,7621,5148,3729,3439,9958,5260,3843,3445,5042,4267,3437,3183,3632,3608,3338,3148,-11.5812,-33.3311,8.99729,48.0653
40817,3227,3651,4547,5875,3300,3850,5267,9825,3319,3626,4581,6603,3156,3390,3849,4084,-5.2445,29.5968,8.97342,48.1
40818,4709,4186,3545,3199,8104,5374,3806,3355,7685,5280,3790,3309,4658,4213,3573,3249,-0.567734,-22.5198,8.87378,48.0233
40819,3330,3664,4413,5599,3354,3711,5057,9513,3376,3632,4590,6989,3184,3431,3969,4295,-4.54334,28.7488,8.8019,48.0713
40820,3941,5814,9593,6381,3615,4569,5679,4828,3406,3679,3951,3699,3161,3243,3404,3267,-23.4355,7.85949,8.93081,48.1533
40821,3465,3752,4906,5957,3468,4013,6618,8776,3293,3745,4798,5623,3131,3427,3756,3946,-7.59505,19.3892,8.93495,48.4493
40822,11566,5800,3827,3527,7223,4980,3711,3365,4050,3862,3371,3307,3329,3398,3190,3155,-21.0727,-32.5779,8.91779,47.774
40823,3461,3540,3374,3252,3889,4219,3762,3532,5047,7070,5069,3820,5297,7703,5327,3972,15.9246,-7.14877,8.96556,48.2227
40824,8302,5715,4057,3355,8316,5630,3864,3379,4615,4238,3612,3316,3606,3639,3306,3118,-14.5528,-21.7564,8.50909,48.0453
40825,8441,9357,4847,3662,5288,5089,4002,3461,3854,3844,3498,3284,3263,3416,3242,3077,-31.8753,-13.9003,8.67851,47.75
40826,10522,7932,4211,3528,5701,5059,3953,3416,3908,3812,3507,3147,3369,3383,3203,3051,-31.9287,-18.7192,8.86672,47.8013
40827,8819,8985,4824,3605,5408,5243,4136,3508,3864,3833,3534,3321,3441,3491,3192,3200,-27.9772,-14.4364,8.73414,48.2693
40828,5455,6282,4264,3538,6280,7944,4588,3674,4455,4844,3879,3478,3552,3687,3498,3243,-10.8669,-11.6456,8.88506,48.4407
40829,6069,9713,6265,4006,4672,5312,4651,3767,3711,3887,3661,3418,3295,3360,3293,3161,-33.4302,-6.44388,8.53953,48.1607
40830,5737,9663,6581,4296,4487,5081,4561,3798,3643,3802,3649,3457,3376,3402,3284,3145,-31.1453,-5.09458,8.55606,47.9747
40831,3211,3313,3434,3519,3303,3586,4253,4184,3595,4223,6562,6446,3560,4495,7209,7326,17.1113,14.8515,8.50603,48.146
40832,3266,3580,3380,3257,3811,4143,4267,3664,4363,6623,6744,4280,4357,5996,6024,4297,13.5341,-0.139632,8.87961,48.0347
40833,4369,7588,9004,4978,3948,4892,5127,4475,3510,3608,3714,3644,3276,3361,3296,3212,-32.1338,1.90058,8.89175,48.0013
40834,3333,3794,4824,5977,3361,3915,5994,8969,3369,3733,4705,5834,3259,3411,3848,4026,-6.96563,21.468,8.61225,48.2347
40835,3115,3258,3368,3328,3171,3437,3845,3920,3363,3787,4823,6149,3282,3963,6136,12749,28.1195,29.6534,8.80365,47.796
40836,3366,3448,3380,3213,3907,4264,3836,3530,4983,6956,5201,3924,5225,7467,5442,4023,15.7629,-5.83769,8.53174,48.11
40837,3469,3422,3258,3036,4285,4036,3525,3311,7156,5465,3816,3486,9103,6785,4048,3494,18.5179,-20.2055,8.55851,47.7967
40838,3601,4127,5526,5184,3650,4630,8067,6383,3529,4005,4894,4579,3291,3534,3862,3686,-9.15263,11.6975,8.91916,48.3653
40839,3105,3236,3510,3554,3199,3541,4044,4297,3406,4119,5970,7062,3449,4312,6878,8470,17.6182,18.1472,8.81989,48.1013
40840,3149,3215,3416,3636,3170,3508,3902,4252,3333,3878,4966,7771,3446,3852,5734,10606,18.8922,28.447,8.82443,47.8893
40841,3009,3186,3363,3314,3280,3369,3889,4028,3350,3743,4787,6533,3335,3968,6273,12369,24.6707,28.1456,8.99637,47.864
40842,3686,3715,3413,3177,5134,4652,3722,3244,8277,6547,4032,3479,6437,5487,3909,3439,10.3122,-18.9184,8.61964,48.2333
40843,3383,4028,5080,5472,3485,4196,7172,7485,3362,3888,5135,5342,3287,3480,3906,3810,-6.58286,15.8341,8.84529,48.3407
40844,3132,3117,3457,3333,3160,3527,3779,3956,3364,3790,4826,6014,3387,4133,6891,11949,28.8282,23.0066,8.86518,47.8767
40845,3365,3482,3335,3154,3838,4212,3648,3426,5492,7133,4644,3756,6123,7744,4852,3769,16.7471,-9.80331,8.83471,47.982
40846,4776,4467,3661,3353,7474,6271,4005,3446,6577,5513,3789,3380,4247,4105,3666,3252,-2.16206,-18.1935,8.53128,47.988
40847,3369,3932,5957,12382,3372,3756,4635,5890,3326,3493,3620,3964,3142,3367,3281,3444,-33.0174,32.8425,8.74965,47.2867
40848,5059,7173,5743,4195,4882,6875,5473,3931,3970,4135,3915,3501,3361,3457,3474,3261,-15.4662,-4.25886,8.51817,48.27
40849,3101,3259,3344,3349,3227,3396,3923,4030,3367,3897,5043,6703,3484,4007,6480,11340,23.2166,23.9341,8.64996,47.9667
40850,4157,4836,4492,3847,4530,7492,6138,4072,4177,5255,4841,3769,3636,3842,3734,3449,-5.60399,-2.71645,8.9193,48.178
40851,3878,3850,3545,3257,5197,5381,3940,3502,6967,7428,4397,3557,5071,5008,3939,3417,5.57481,-14.1285,8.87784,48.2227
40852,3099,3266,3369,3280,3189,3474,3797,3928,3456,3690,4748,6130,3359,4099,6088,12520,27.4739,33.0185,8.56932,47.6613
40853,3591,3505,3410,3223,4374,4318,3820,3345,6727,6861,4430,3456,6783,6785,4382,3505,14.5423,-14.6455,8.81392,48.3433
40854,3315,3293,3337,3092,3707,3824,3567,3453,4589,5244,4468,3831,6028,9437,6484,4129,27.8246,-5.84533,8.50324,47.8653
40855,3901,3730,3404,3170,5687,4428,3511,3394,9756,5250,3770,3392,6796,4809,3697,3280,9.22978,-26.7813,8.67277,47.9833
40856,3672,4975,8875,7300,3584,4221,5948,5477,3376,3667,3912,3898,3120,3332,3470,3380,-21.8059,12.2,8.87258,48.138
40857,3730,4675,7253,6026,3637,4645,7315,5808,3296,3796,4302,4240,3226,3442,3495,3499,-15.1881,11.0294,8.96444,48.2567
40858,12756,6051,3807,3390,6084,4805,3822,3440,3963,3904,3529,3253,3421,3383,3241,3036,-28.5359,-29.3943,8.84502,47.9233
40859,3398,3377,3231,3072,3869,3831,3489,3251,5858,5009,3862,3434,11046,7582,4155,3366,29.9673,-20.2249,8.73825,47.8867
40860,3144,3374,3739,3900,3331,3522,4294,5689,3318,3793,5288,9988,3321,3673,5014,7005,9.90103,28.3574,8.81344,48.262
40861,3448,4050,7037,11460,3296,3896,4966,6292,3216,3535,3758,4025,3103,3254,3390,3375,-24.7709,22.5338,8.7951,48.0673
40862,3483,3350,3234,2987,4074,3802,3498,3160,6558,4777,3667,3297,12477,5974,3911,3393,25.0465,-29.9773,8.66785,47.7613
40863,3764,5175,9866,7280,3689,4280,5284,5045,3412,3531,3956,3828,3288,3286,3309,3364,-32.5999,10.9938,8.65129,48.238
40864,6937,5679,3969,3416,8337,6275,4216,3504,4949,4333,3642,3222,3767,3695,3426,3107,-11.6452,-19.796,8.54072,48.316
40865,5391,5589,4179,3519,6512,7894,4601,3605,4761,5163,3987,3427,3784,3862,3446,3304,-8.41548,-12.3087,8.79724,48.6827
40866,3542,3537,3172,3039,4420,4069,3446,3083,8144,5175,3766,3459,9801,5838,4012,3429,17.483,-24.7316,8.78284,47.9547
40867,3431,3439,3242,3216,4001,3818,3505,3144,5613,5089,4032,3472,9832,8304,4283,3520,31.1849,-17.2736,8.69647,47.9607
40868,3243,3484,3896,4444,3310,3650,4823,7383,3403,3873,5028,9120,3335,3664,4342,5176,2.80202,31.0353,8.62226,48.116
40869,5579,8575,5715,3892,4899,6493,4805,3850,3813,4049,3811,3448,3290,3283,3337,3107,-19.2298,-6.81358,8.88206,47.964
40870,11519,5883,3994,3512,7039,4846,3834,3397,3999,3831,3425,3273,3390,3330,3176,3209,-22.3987,-33.4411,8.56151,47.7713
40871,3338,3387,3216,3214,3827,3932,3564,3260,5138,5285,4075,3500,8311,9237,4950,3715,28.9385,-13.4279,8.55135,47.966
40872,3875,5219,8734,6515,3690,4526,6151,5417,3333,3640,3961,3932,3141,3281,3528,3387,-20.5074,10.1244,8.54326,48.22
40873,3341,3867,5456,8484,3321,3914,5521,9027,3242,3484,4184,4818,3127,3371,3578,3706,-13.8053,24.5417,8.88257,48.294
40874,3011,3176,3481,3304,3151,3474,3847,3994,3317,3780,4868,5965,3525,3991,6910,11634,28.9922,23.1193,8.50058,47.6187
40875,3713,3675,3269,3104,5213,4390,3678,3217,9116,5889,3926,3375,7049,5287,3951,3356,10.9227,-22.0416,8.80823,48.1387
40876,3259,3558,4272,4583,3386,3855,5524,7124,3335,3931,5861,7434,3321,3661,4372,4656,0.850838,19.4926,8.52171,48.088
40877,10795,6106,4131,3378,7119,5138,3803,3417,4184,3836,3574,3232,3384,3414,3208,3040,-20.7723,-24.257,8.66348,47.8393
40878,3808,4102,4424,3935,4035,5714,6531,4543,3944,5449,6292,4273,3673,4096,4139,3821,-0.884506,2.28239,8.54611,48.5193
40879,11670,5825,3917,3392,6916,4936,3840,3428,4067,3941,3457,3154,3369,3402,3192,3260,-22.3547,-29.2971,8.66745,47.844
40880,4365,3924,3515,3212,7368,4734,3671,3269,9435,5098,3802,3404,5210,4334,3541,3286,3.07492,-27.7035,8.98566,48.112
40881,4313,7058,9243,5307,3877,4767,5246,4359,3446,3748,3823,3599,3180,3337,3480,3295,-26.4366,3.44179,8.75411,48.052
40882,3077,3246,3286,3263,3268,3559,3823,3884,3677,4337,5409,5217,3668,5032,9279,7721,24.7925,12.3008,8.60037,47.8307
40883,4787,4046,3522,3219,8384,4991,3672,3349,8259,4979,3709,3458,4798,4185,3588,3249,0.141053,-28.365,8.8199,48.13
40884,3485,3518,3293,3043,4018,3927,3552,3310,6105,5721,4089,3451,9136,7665,4475,3478,21.3399,-17.1433,8.70068,48.1773
40885,3647,4646,8168,7988,3503,4143,6016,5804,3281,3664,3988,4028,3148,3312,3470,3448,-20.8453,14.4341,8.58124,48.1693
40886,4613,6917,6169,4304,4527,6399,5890,4216,3693,4160,3956,3620,3312,3568,3511,3200,-16.0597,-1.65095,8.87202,48.0367
40887,3786,4533,4846,4167,3926,5933,7424,4567,3905,4785,5414,4138,3508,3837,3898,3678,-5.77456,2.99852,8.56525,48.23
40888,3166,3239,3471,3318,3140,3351,3785,3949,3491,3776,4852,6315,3418,4124,6463,12117,26.732,24.1789,8.71509,47.9833
40889,3444,3331,3280,3106,4151,3910,3509,3216,6626,5358,4001,3486,9578,7203,4291,3455,20.8991,-18.9738,8.79562,47.9633
40890,3382,3759,4281,4124,3726,4721,6771,4794,3769,4941,7308,5078,3604,4004,4519,4091,1.09884,7.29382,8.83598,48.5813
40891,3300,3561,4169,5040,3275,3825,5017,8497,3444,3736,4873,7923,3182,3498,4113,4717,-0.824188,27.7505,8.90131,48.1133
40892,3338,3386,3212,3116,3573,3812,3638,3484,4512,5083,4521,3971,5579,9549,6894,4350,30.874,-4.27671,8.80981,48.012
40893,9666,7168,4290,3476,6825,5546,3958,3340,4199,3906,3618,3360,3490,3265,3207,3036,-20.6397,-19.4562,8.82306,48.2333
40894,3157,3205,3450,3400,3280,3445,3875,4215,3302,3811,5001,7711,3312,3933,5637,10922,19.5575,30.1525,8.86015,47.7707
40895,5906,9123,5751,3934,4985,6083,4704,3791,3781,3993,3679,3381,3314,3404,3193,3154,-21.4164,-7.45045,8.7887,48.1173
40896,3074,3178,3440,3422,3177,3524,3877,4026,3409,3779,5033,6749,3437,4067,6580,11332,22.7215,23.8073,8.70706,48.0693
40897,4564,6934,6884,4627,4322,5961,5843,4415,3669,4030,4024,3596,3260,3452,3472,3290,-17.6562,-0.0892332,8.61861,48.2287
40898,3496,3839,4529,4624,3573,4363,7052,6215,3563,4176,6116,5550,3258,3648,4108,4154,-2.03209,13.2971,8.65403,48.176
40899,3233,3528,3871,3836,3478,3967,5348,5079,3609,4497,7623,6741,3444,4058,5079,5059,6.3866,13.4233,8.87347,48.3
40900,3411,3362,3201,3021,3868,3945,3575,3462,5443,5525,4287,3409,8074,9012,4832,3723,24.3876,-13.1956,8.58151,48.1
40901,3684,3751,3344,3072,5012,4503,3665,3248,8653,6474,4008,3327,6731,5540,3921,3304,11.2662,-19.2104,8.99889,48.158
40902,3396,3357,3226,3088,4027,3836,3478,3278,6338,4935,3733,3446,11790,6861,4150,3484,25.4176,-22.6996,8.93026,48.282
40903,3093,3273,3762,3844,3336,3662,4491,5629,3386,3971,5799,9347,3417,3688,4947,6369,8.46321,22.6879,8.89489,48.0093
40904,3413,4270,8008,10335,3436,3906,5084,5613,3263,3493,3809,3859,3074,3151,3523,3417,-32.5355,18.2215,8.58809,47.7693
40905,3443,4011,6054,12734,3390,3694,4733,6027,3177,3417,3625,3945,3182,3216,3312,3358,-28.8307,31.2547,8.55383,47.5453
40906,4572,4011,3517,3185,7816,4991,3695,3465,8551,4949,3766,3368,4890,4308,3590,3439,1.40066,-33.7102,8.88653,48.0753
40907,3410,3390,3232,3048,4068,3855,3415,3370,6405,5197,3850,3290,11642,6716,4107,3399,24.0642,-23.3325,8.97539,48.2627
40908,3917,4358,3942,3564,4790,6985,5157,3804,4786,6644,5068,3777,3931,4217,3928,3578,-0.576674,-5.89235,8.56968,48.2973
40909,3210,3274,3349,3303,3144,3519,3841,3951,3532,3983,5146,5551,3534,4405,8436,9622,32.5168,16.4429,8.61256,47.8667
40910,3143,3330,3464,3736,3226,3496,4172,5063,3337,3894,5098,9800,3475,3649,5162,8006,12.1221,29.7356,8.94301,48.034
40911,3168,3262,3466,3403,3261,3473,3676,3992,3341,3807,4796,5887,3332,3941,6455,12336,29.6141,25.0377,8.5148,47.7307
40912,3074,3337,3578,3740,3380,3496,4263,5183,3412,3912,5840,9234,3439,3898,5330,7353,11.5281,22.7891,8.69886,48.3127
40913,3479,3621,3334,3092,4360,4545,3743,3265,6143,7419,4509,3594,6159,6808,4557,3533,13.8363,-12.6395,8.89431,48.1073
40914,3623,4679,8807,9181,3485,4122,5165,5422,3270,3553,3685,3794,3154,3298,3394,3233,-29.596,15.2265,8.82069,47.91
40915,3346,3974,6138,12271,3362,3776,4832,6550,3154,3460,3689,3944,3099,3186,3390,3414,-25.4169,28.4595,8.78576,47.7233
40916,3121,3387,3912,4168,3164,3703,4499,6666,3306,3736,5368,9790,3251,3756,4378,5752,5.23627,27.2609,8.96166,47.9713
40917,6058,4588,3695,3337,9974,5411,3824,3360,6332,4473,3610,3240,4100,3765,3414,3028,-6.49905,-26.9881,8.97322,48.1393
40918,3161,3438,4281,4832,3352,3779,4829,8610,3477,3666,4870,8092,3204,3534,3953,4666,-0.740809,31.8616,8.81037,47.8293
40919,3402,3801,5267,9302,3440,3840,5089,8592,3257,3453,4013,4522,3139,3296,3481,3583,-15.6292,32.4334,8.8095,47.6513
40920,3168,3742,4526,5686,3322,3741,5106,9638,3306,3616,4673,6615,3289,3355,3958,4118,-5.22609,29.0449,8.85443,47.906
40921,3336,4089,5812,9066,3377,3814,5374,8173,3283,3509,4032,4451,3250,3276,3487,3531,-16.3404,23.4257,8.60326,47.9067
40922,3250,3546,4066,4627,3328,3824,5012,7795,3210,3872,5317,8194,3247,3623,4315,4816,1.37185,23.7087,8.77319,48.028
40923,2993,3244,3342,3579,3292,3396,3869,4105,3452,3828,4962,6748,3455,4117,6576,11258,22.8394,23.5256,8.59737,48.144
40924,5001,8347,6648,4311,4493,6006,5268,4071,3694,3930,3768,3677,3391,3339,3352,3167,-19.9006,-2.87764,8.9313,48.3087
40925,6447,9171,5642,3905,4965,5816,4474,3713,3813,3955,3660,3320,3398,3464,3248,3119,-22.49,-8.36308,8.76798,48.0733
40926,3305,3656,4688,6511,3373,3787,5540,9962,3316,3653,4493,5803,3135,3418,3644,3927,-8.29037,26.1971,8.81512,48.1407
40927,3409,3518,3386,3253,4005,4219,3774,3405,5158,6896,4803,3666,5735,7800,5208,3915,17.265,-7.91186,8.58147,48.1
40928,6133,4595,3682,3289,9939,5213,3723,3299,6072,4381,3594,3349,3999,3749,3341,3302,-6.76359,-32.4861,8.7409,47.7733
40929,3639,4390,6338,5444,3715,4697,7823,6056,3458,3875,4706,4262,3398,3414,3560,3600,-11.8772,10.8655,8.53939,48.25
40930,3273,3943,5111,6249,3465,3990,6042,8978,3235,3747,4535,5499,3111,3402,3809,3875,-8.61081,20.8568,8.76452,48.176
40931,3250,3425,3748,3727,3338,3621,4462,5362,3341,3961,5958,8941,3253,3890,5183,6658,9.86541,21.1092,8.93208,48.0787
40932,3419,3983,5255,5584,3585,4289,7272,7619,3404,3910,4731,5248,3325,3465,3687,3827,-7.89992,15.9342,8.87005,48.402
40933,3285,3476,4065,4513,3325,3829,4792,7431,3315,3827,5112,8735,3319,3699,4217,4970,1.6901,33.7588,8.71653,47.94
40934,3090,3209,3712,3659,3305,3642,4425,4762,3505,4129,6416,8024,3462,3995,5696,6934,12.0994,18.6857,8.75176,47.9767
40935,5646,9490,6657,4398,4483,5273,4660,3940,3737,3726,3646,3522,3206,3337,3361,3232,-30.7066,-4.98415,8.62112,48.2093
40936,3440,3466,3231,3003,4080,4044,3559,3295,7047,5215,3930,3296,10546,6490,4095,3323,20.4112,-22.2919,8.76902,48.04
40937,3443,3773,3782,3599,3750,4696,5060,4058,4091,6567,7282,4483,3976,4747,5082,4104,6.95808,1.83871,8.75049,48.3287
40938,3406,3493,3351,3139,3848,3909,3623,3242,5103,5373,4043,3703,7664,9678,5158,3708,26.8121,-12.0943,8.82907,48.294
40939,3922,5681,9900,6538,3736,4268,5387,4767,3355,3714,3900,3704,3197,3268,3416,3302,-32.5712,8.43511,8.94679,48.0367
40940,4377,5812,5467,4060,4536,7223,6247,4081,3918,4516,4221,3722,3326,3605,3516,3378,-11.5742,-1.96843,8.78567,48.0033
40941,3253,3207,3364,3281,3505,3623,3750,3645,3970,4661,5291,4533,4089,6609,9872,5572,31.4061,4.97662,8.99138,48.15
40942,4066,3958,3299,3165,6575,4550,3678,3458,9671,5149,3887,3444,5787,4509,3764,3275,5.39132,-31.0474,8.63529,48.1567
40943,3392,3520,3441,3243,3722,4116,4073,3528,4499,6510,6008,4235,4573,6839,6167,4382,15.6142,-1.49885,8.91602,48.1653
40944,3729,3545,3395,3238,4309,4696,3766,3504,5780,7921,4837,3728,5312,6376,4537,3665,12.0363,-9.46359,8.59603,48.2253
40945,5473,8353,5897,4108,4791,6360,4936,3887,3901,4029,3785,3547,3255,3347,3319,3208,-19.2484,-6.02107,8.54043,48.1307
40946,4042,3940,3402,3238,6413,4544,3659,3263,9680,5087,3817,3370,5864,4575,3718,3315,5.87408,-29.5198,8.57664,47.9513
40947,3470,3585,3306,3151,4009,4352,3777,3378,5653,7065,4678,3656,6063,7542,4806,3771,16.1139,-10.2409,8.58075,48.1747
40948,3219,3587,4182,4751,3350,3698,4884,8204,3350,3744,4936,8251,3197,3556,4192,4785,-0.240147,30.8932,8.68017,47.924
40949,3242,3448,3305,3116,3851,3879,3654,3278,4863,5304,4542,3790,6517,9901,5744,3801,32.9725,-8.34142,8.63398,48.1567
40950,3660,4475,6747,5887,3585,4583,7616,5944,3416,3826,4442,4378,3104,3389,3601,3499,-13.5432,11.6307,8.86342,48.1013
40951,3645,3627,3277,3092,5213,4274,3637,3210,9723,5308,3824,3343,7641,5005,3836,3390,11.3111,-27.9785,8.81721,48.03
40952,3277,3502,4102,4752,3430,3650,4914,8110,3334,3751,5018,8330,3365,3548,4063,4900,0.490523,28.7494,8.6209,48.0307
40953,3086,3149,3453,3350,3289,3494,3835,3939,3452,3980,4944,5596,3514,4399,8318,9899,30.9719,16.8947,8.64866,47.798
40954,3322,3375,3410,3245,3562,3921,3924,3588,4032,5368,5985,4376,4314,6862,8054,5011,20.0016,2.1013,8.60517,48.2327
40955,3450,3981,5886,12456,3451,3752,4805,5930,3282,3550,3642,3921,3219,3287,3374,3387,-30.7281,30.5499,8.75152,47.582
40956,3487,4008,6698,10802,3395,3942,5223,6946,3145,3512,3761,4087,3106,3125,3373,3488,-21.7044,22.0921,8.81815,48.0653
40957,4075,4021,3589,3295,5444,5779,4041,3536,6792,7175,4276,3429,4946,4827,3860,3348,4.02061,-14.32,8.74642,48.2887
40958,3388,3867,5235,8646,3479,3904,5141,9018,3323,3464,4136,4667,3223,3287,3660,3582,-14.6234,33.223,8.50762,48.0133
40959,3861,4228,4331,3842,4136,6043,6475,4185,4102,5538,5827,4251,3715,4081,3950,3760,-1.41098,0.756167,8.66742,48.2167
40960,3371,3909,5772,11270,3463,3819,4931,7211,3367,3540,3817,4157,3204,3268,3394,3405,-20.9876,31.5147,8.76404,47.932
40961,3573,4063,5728,6044,3639,4286,7484,7155,3369,3880,4519,4620,3129,3378,3732,3632,-10.7286,14.5086,8.91735,48.154
40962,3417,3809,4751,5163,3425,4110,6920,7479,3366,3824,5354,5778,3137,3475,4142,4114,-4.5549,16.245,8.93045,48.176
40963,4573,4497,3727,3340,6637,6739,4192,3452,6042,5952,4109,3430,4261,4235,3631,3315,-1.75354,-14.9306,8.96085,48.088
40964,4572,4052,3504,3228,7396,4671,3727,3323,8910,5129,3777,3405,5150,4283,3620,3183,2.52916,-30.7967,8.72688,47.9533
40965,3284,3424,3287,3274,3651,4018,3851,3596,4502,6134,5188,4031,5167,8224,6568,4250,19.9158,-3.53001,8.69176,48.2993
40966,3190,3211,3426,3524,3251,3668,4132,4641,3408,3700,5279,8895,3395,3757,5575,8990,15.1499,25.3356,8.94402,48.028
40967,3198,3503,3939,4073,3454,3926,5354,5586,3661,4090,6960,7318,3388,3720,4824,5169,4.9534,16.1291,8.93192,48.1087
40968,3735,3541,3318,3174,5058,4250,3498,3254,9495,5484,3727,3312,8033,5266,3802,3460,12.8169,-27.0746,8.64074,48.2713
40969,7202,5021,3768,3275,9791,5312,3956,3351,5179,4185,3634,3248,3635,3690,3357,3213,-10.6573,-33.302,8.90258,47.878
40970,3495,4473,8188,10045,3509,3996,5140,5678,3228,3452,3794,3843,3035,3377,3446,3427,-27.6485,17.5529,8.62191,48.084
40971,4099,5181,6054,4668,4077,5755,7361,4827,3556,4107,4647,3929,3288,3461,3565,3487,-11.874,4.04864,8.54344,48.0413
40972,3430,3438,3264,2991,4237,4131,3654,3219,6760,6470,4075,3549,7368,7105,4468,3736,16.7413,-15.2739,8.99453,47.93
40973,5044,6022,4497,3772,5746,8107,4925,3815,4323,4763,3979,3509,3503,3679,3422,3358,-10.5963,-8.83412,8.62251,48.3093
40974,3099,3317,3385,3445,3221,3696,4000,4001,3460,4023,5669,6000,3423,4336,8140,9032,22.3043,16.6744,8.75866,48.1647
40975,3527,3865,6086,12718,3406,3722,4644,6089,3303,3409,3739,3913,3192,3188,3255,3407,-31.3549,31.0737,8.87325,47.642
40976,3149,3322,3310,3341,3260,3424,3756,3893,3368,3759,4743,5968,3547,3981,5967,12480,29.7401,33.1146,8.78692,47.512
40977,4715,8228,8351,4839,4166,4968,5088,4156,3470,3631,3636,3532,3226,3462,3431,3242,-27.3787,0.415382,8.70634,48.094
40978,6030,4991,3907,3413,8715,6306,4072,3410,5465,4663,3876,3463,3975,3732,3383,3131,-8.20698,-19.7698,8.97242,48.3547
40979,3371,3451,3397,3352,3784,4265,4059,3606,4827,7250,5799,4088,4903,6974,5630,3982,14.6948,-3.77837,8.75967,48.492
40980,3794,5084,8124,5845,3697,4833,7005,5343,3363,3822,4213,3878,3165,3277,3566,3473,-17.2628,8.70128,8.77669,48.3213
40981,4657,8034,8581,4919,4093,5004,5085,4154,3450,3842,3758,3521,3175,3367,3423,3264,-27.5653,0.754535,8.90592,48.218
40982,11720,5986,3941,3335,7132,5067,3881,3391,4145,3862,3461,3241,3391,3398,3208,3162,-21.8029,-27.18,8.91855,48.214
40983,3386,3499,3409,3373,3691,4144,4051,3680,4601,6669,6060,4139,4576,6681,5951,4337,15.1275,-1.92724,8.74725,48.1647
40984,3106,3456,3356,3349,3383,3615,3816,3635,3783,4672,5515,4803,3936,6140,9508,6111,24.1478,7.34694,8.69506,48.1227
40985,4324,3983,3540,3151,6767,5094,3791,3413,8612,5856,3905,3307,5274,4517,3635,3248,3.5328,-21.4624,8.6132,48.278
40986,6774,9925,5663,3911,4889,5086,4411,3711,3803,3761,3626,3382,3361,3412,3342,3175,-30.4006,-9.08078,8.62945,48.1547
40987,3553,3400,3334,3057,4125,3939,3511,3312,7185,5451,3986,3431,9812,6457,4003,3470,19.2712,-21.467,8.53677,48.0173
40988,3722,3563,3267,3114,4948,4268,3746,3308,8607,6082,3900,3462,7196,5477,4067,3366,12.0614,-20.6772,8.54684,48.062
40989,3284,3695,4680,6124,3398,3854,5966,9201,3290,3726,4548,5844,3156,3471,3735,4009,-7.43852,22.5165,8.51974,47.9873
40990,3577,4778,9629,8032,3496,4161,5158,5206,3237,3591,3799,3756,3272,3300,3395,3481,-32.9978,12.7846,8.97432,47.912
40991,7191,7580,4465,3613,6248,6387,4281,3520,4097,4042,3615,3311,3500,3580,3304,3179,-17.9999,-14.2697,8.5731,47.942
40992,3403,3368,3287,3080,3966,3728,3376,3216,6621,4861,3777,3164,12303,6083,3955,3373,24.7744,-31.1899,8.84608,47.7073
40993,3146,3294,3500,3595,3365,3540,4316,4830,3392,3907,5905,8752,3363,3920,5467,7878,13.3969,21.5491,8.88646,48.1133
40994,3233,3672,4204,5352,3385,3770,5054,9306,3315,3811,4602,7169,3236,3464,3870,4378,-3.16299,29.4098,8.52979,47.8807
40995,3041,3204,3319,3400,3266,3466,3808,4025,3481,4001,5252,5717,3557,4616,8549,9578,26.4485,16.4858,8.81623,48.1867
40996,3196,3316,3369,3453,3179,3520,3860,3885,3514,4002,4966,5575,3622,4418,8437,9521,33.833,16.6139,8.54482,47.8887
40997,3345,3863,5721,9832,3437,3793,5048,8371,3281,3497,4131,4498,3185,3267,3406,3635,-17.2821,28.9533,8.65649,48.2067
40998,3498,3466,3246,3166,4063,4034,3538,3318,6103,6432,4300,3588,7424,7773,4598,3601,18.6309,-14.0118,8.61907,48.0987
40999,3592,3709,3595,3201,4431,5010,4039,3612,5679,8144,4972,3724,4844,5477,4374,3684,8.42331,-8.76032,8.78122,48.058
41000,3684,4090,3959,3700,4217,5735,5568,4078,4221,6444,6280,4051,3890,4446,4272,3813,2.05693,-0.278665,8.91082,48.2987
41001,12788,5975,3872,3489,5859,4736,3741,3347,3808,3749,3313,3278,3445,3314,3220,3235,-30.0203,-32.9625,8.93426,47.446
41002,3316,3701,4691,6456,3380,3788,5209,10081,3333,3632,4436,6107,3098,3368,3777,3985,-7.61085,28.8137,8.77925,48.2387
41003,3562,4121,4509,3793,4041,5678,6727,4439,3896,5393,6289,4330,3506,4091,4090,3856,-1.09242,3.20684,8.85322,48.214
41004,3093,3241,3413,3373,3268,3506,3785,3908,3405,4205,5621,5766,3564,4715,8706,8653,23.41,15.0461,8.94225,48.148
41005,3263,3340,3248,3275,3717,3820,3626,3478,4592,5150,4402,3752,6104,10036,6170,3981,31.0026,-6.76267,8.81374,47.9693
41006,3420,3399,3232,3108,4026,4000,3395,3236,6527,5216,4094,3457,10357,7182,4289,3365,22.8296,-19.9854,8.68274,48.202
41007,3407,3944,4595,4770,3588,4333,7283,6298,3460,4079,5795,5490,3317,3662,4098,4042,-3.2882,12.9421,8.76036,48.1073
41008,3405,3433,3242,3080,4016,3768,3526,3203,6577,4834,3838,3539,12079,5965,4038,3382,23.8133,-29.1938,8.81328,47.95
41009,3302,3515,3751,3394,3571,4019,4575,4099,3799,5310,8017,5028,3898,4794,6241,4774,11.4292,6.32606,8.62216,48.058
41010,3628,3410,3261,3106,4395,3949,3523,3283,8185,5111,3823,3264,9874,5412,3820,3308,17.0835,-30.0629,8.557,47.568
41011,3110,3290,3399,3370,3215,3548,4005,4183,3396,3797,5045,7201,3371,3972,6339,10874,21.0065,24.8614,8.66129,48.0767
41012,3418,3407,3339,3171,4452,4016,3516,3178,8273,5021,3820,3283,9982,5522,3823,3380,17.5371,-31.1593,8.71895,47.734
41013,3212,3609,4117,4917,3404,3728,5049,8360,3354,3685,4976,8137,3292,3524,4108,4803,-0.4937,27.3849,8.89648,48.1833
41014,3214,3257,3419,3364,3307,3711,3846,3709,3912,4718,5229,4480,4130,6632,9574,5601,32.2013,4.83886,8.70889,48.0687
41015,3445,3607,3829,3672,3717,4312,5368,4433,3905,5295,7886,5166,3776,4338,4938,4449,6.51275,6.17835,8.54034,48.0907
41016,3767,5452,9889,7093,3654,4257,5409,4966,3414,3721,3842,3828,3082,3271,3375,3367,-26.4354,9.92897,8.77619,48.258
41017,3788,4033,3906,3582,4578,6137,4828,3809,4909,7288,5339,3864,4189,4468,4162,3723,2.6789,-5.32886,8.50207,48.402
41018,3054,3363,3355,3402,3297,3556,3937,3850,3584,4227,5188,5263,3662,4941,8967,8432,29.3528,13.9789,8.57007,48.052
41019,3454,4056,7168,11189,3384,3892,5061,6370,3164,3492,3899,4069,3082,3261,3372,3378,-24.1283,22.254,8.66619,48.194
41020,3386,3821,5991,12394,3313,3751,4766,6124,3284,3431,3784,3968,3111,3237,3436,3467,-33.5685,28.4629,8.56314,47.5093
41021,3309,3243,3362,3181,3543,3652,3780,3550,4103,4842,4925,4213,4650,7914,8735,4944,32.4426,1.10944,8.70341,47.964
41022,3706,3921,3704,3548,4376,5600,4670,3760,4972,7679,5704,3865,4307,4740,4220,3771,4.67656,-5.02972,8.60727,48.362
41023,3296,3353,3296,3145,3753,3784,3529,3240,5072,5253,4200,3671,7636,9925,5165,3663,29.4184,-11.3588,8.99315,47.9873
41024,3198,3491,3978,4486,3361,3643,4784,7584,3386,3835,5113,8992,3187,3634,4228,5227,2.33737,31.6572,8.84554,48.0847
41025,6598,9839,5700,3901,4758,5375,4395,3679,3725,3818,3638,3347,3288,3321,3275,3219,-26.9865,-8.47636,8.65482,47.9173
41026,3593,4004,4307,4022,3745,4995,6858,4704,3713,5059,6812,4663,3587,3951,4374,4061,0.38565,5.97215,8.73611,48.2987
41027,4159,4765,4376,3625,4641,7286,5771,4035,4343,5659,4970,3861,3819,3934,3884,3497,-3.99364,-3.4279,8.68916,48.4167
41028,4123,3996,3700,3228,5326,5893,4181,3534,6221,7342,4489,3534,4636,4723,3787,3362,3.69852,-12.3767,8.90955,48.05
41029,3302,3673,4472,4728,3450,3999,6198,7044,3511,3879,5821,6739,3281,3615,4086,4473,-1.31362,17.3331,8.70333,48.1807
41030,3152,3293,3438,3556,3300,3560,4052,4553,3374,3916,5767,8068,3373,3945,6072,8533,15.5829,21.5166,8.91141,47.968
41031,3373,3392,3479,3420,3630,4103,4245,3910,4075,5942,7054,4575,4197,5681,6479,4592,14.2228,2.21494,8.93493,48.098
41032,11457,7197,4064,3335,5857,4883,3883,3519,3978,3825,3439,3127,3328,3332,3267,3094,-30.0027,-21.1492,8.99717,47.7233
41033,3215,3395,3395,3319,3604,3902,4087,3698,4031,5512,6045,4378,4254,6643,7767,5027,19.1596,2.48862,8.72138,48.1813
41034,12650,5874,3963,3337,5853,4678,3654,3371,3864,3837,3446,3254,3349,3370,3300,3201,-30.935,-32.0332,8.81533,47.334
41035,4076,6159,9859,6222,3692,4485,5164,4613,3463,3588,3847,3697,3206,3337,3346,3330,-28.5605,6.82895,8.7368,48.056
41036,3266,3276,3320,3225,3468,3749,3877,3617,4025,4919,5308,4421,4474,7403,8537,5150,24.7103,2.17781,8.59428,48.0233
41037,3382,3345,3238,3202,3633,3880,3598,3339,4860,5161,4341,3817,6448,9975,5741,3965,29.9834,-8.2824,8.7671,47.95
41038,12591,5849,3834,3315,5976,4734,3701,3242,3897,3795,3307,3273,3425,3366,3252,3301,-33.2631,-31.5007,8.88677,47.2387
41039,3678,4252,4624,4062,3842,5663,7356,4720,3824,4830,5829,4305,3533,3869,3981,3760,-3.71668,4.1039,8.69908,48.0853
41040,8011,5284,3798,3352,9585,5239,3755,3349,4918,4263,3547,3330,3652,3583,3337,3089,-12.5772,-28.0535,8.76884,48.0613
41041,3244,3242,3386,3353,3622,3772,3869,3551,4129,4927,5083,4138,4679,7901,8641,5024,28.2237,1.12198,8.55958,48.374
41042,9031,5314,3853,3364,8956,5006,3778,3398,4677,4093,3658,3260,3617,3501,3215,3188,-14.9398,-31.1979,8.80601,47.9393
41043,6797,4861,3763,3418,9742,5284,3728,3447,5446,4302,3516,3403,3774,3609,3461,3271,-9.57389,-32.8504,8.50512,47.8813
41044,3137,3422,3605,3921,3359,3675,4225,5545,3401,3797,5245,9890,3356,3779,4866,6941,9.63738,31.7898,8.80411,48.1093
41045,3557,3557,3277,3128,4825,4211,3638,3183,8829,5649,3895,3435,8171,5481,3880,3280,13.8413,-23.7728,8.7704,47.9973
41046,3477,3767,4397,4436,3647,4452,6824,5372,3604,4442,6759,5448,3546,3706,4382,4183,-0.223875,10.8226,8.78226,48.2947
41047,6382,9317,5762,3873,4790,5706,4541,3780,3768,3841,3633,3369,3388,3313,3248,3131,-23.6856,-8.21552,8.50353,47.8947
41048,6922,5474,3836,3419,8709,6214,3961,3356,5042,4402,3595,3258,3844,3648,3324,3186,-11.2189,-20.4577,8.91768,48.1267
41049,3281,3658,4127,4059,3477,4429,6243,5018,3716,4720,7689,5418,3608,3979,4728,4315,2.71144,9.73072,8.82157,48.31
41050,3372,3967,6365,12460,3433,3850,4798,6186,3285,3417,3774,3927,3020,3300,3283,3371,-28.0357,26.6164,8.62483,47.872
41051,3995,4390,3993,3568,4805,6909,5057,3779,4783,6990,4882,3732,4105,4302,3887,3541,0.0285106,-6.31056,8.79403,48.4787
41052,11701,6932,4090,3425,5995,4834,3892,3237,3998,3772,3526,3279,3422,3370,3217,3045,-29.4366,-22.9425,8.70672,47.8233
41053,12374,6080,3823,3396,6495,4884,3881,3319,4048,3678,3445,3306,3304,3338,3095,3114,-24.2943,-33.6952,8.95988,47.72
41054,3539,4360,7983,10213,3435,3984,5007,5560,3256,3530,3864,3915,3092,3246,3437,3420,-28.4096,17.8207,8.68708,47.894
41055,3326,3467,3453,3350,3643,3926,3903,3588,4206,5772,6010,4272,4568,7052,7061,4684,18.3423,0.320282,8.64706,48.1873
41056,3143,3439,3395,3188,3596,3634,3839,3469,3969,4912,5123,4339,4390,7549,8953,5213,26.4545,1.90601,8.82491,48.1007
41057,3385,3527,3325,3272,3940,4177,3705,3410,5516,6837,4719,3731,6289,7921,4984,3792,17.4037,-9.76628,8.60747,48.3533
41058,11400,7023,4093,3365,6119,4875,3899,3378,3934,3918,3492,3238,3433,3479,3278,3155,-26.762,-22.0395,8.74478,48.0527
41059,3148,3275,3608,3709,3221,3656,4173,5073,3394,3798,5191,9482,3383,3759,5133,8047,12.5505,30.0382,8.54818,48.0333
41060,3381,3402,3142,3170,4004,3679,3381,3188,6002,4858,3798,3316,12804,6061,3785,3323,28.0451,-29.1535,8.82716,47.5293
41061,7845,5240,3849,3294,9747,5337,3816,3310,4939,4143,3631,3343,3720,3629,3283,3110,-12.1688,-28.501,8.95478,48.1573
41062,3295,3420,3324,3347,3588,3695,3838,3442,4307,5063,4881,4059,5070,8958,7526,4394,32.9406,-2.28879,8.71397,48.138
41063,3718,3617,3304,3041,5087,4077,3606,3190,9720,5335,3855,3396,7795,5092,3743,3405,11.6104,-31.7047,8.94657,47.9873
41064,12475,6452,3810,3402,6112,4728,3793,3344,3911,3841,3535,3300,3434,3386,3180,2999,-27.5739,-26.2396,8.96721,47.8013
41065,3695,4924,8285,7127,3468,4400,6349,5756,3308,3753,4051,3933,3193,3287,3354,3411,-18.9105,12.0658,8.61724,48.196
41066,3123,3258,3324,3395,3202,3530,3887,4066,3437,3924,5120,6781,3489,4098,6510,10822,21.9415,23.149,8.51685,47.9773
41067,12581,6044,3911,3327,5989,4634,3732,3340,3943,3780,3457,3225,3375,3453,3306,3066,-33.309,-28.3971,8.68716,47.442
41068,3355,3368,3223,3105,3862,3937,3541,3333,5158,5856,4413,3639,6793,9182,5421,3697,21.8868,-10.2011,8.7942,47.922
41069,3340,3412,3429,3233,3744,3950,3866,3583,4391,6364,5413,4137,5016,7652,6724,4288,18.5006,-2.37344,8.7706,48.3613
41070,3695,5133,9890,7184,3561,4206,5275,5099,3273,3651,3837,3854,3168,3271,3290,3438,-33.543,10.7662,8.88658,47.8833
41071,3172,3289,3647,3908,3309,3548,4432,5844,3399,3759,5277,9889,3328,3709,4777,6913,8.94742,29.9358,8.60494,48.1333
41072,3401,3460,3277,3214,3984,3746,3433,3264,6094,4782,3756,3415,12755,5885,3915,3336,31.2054,-28.632,8.63311,47.8113
41073,3428,3796,6010,12437,3463,3837,4679,6389,3263,3456,3711,3726,3033,3183,3333,3295,-25.4315,32.9159,8.8899,47.3593
41074,3426,3374,3303,3184,3824,3894,3434,3262,5462,5480,4100,3583,8594,9072,4681,3549,25.4245,-14.2239,8.86149,48.148
41075,3369,3713,4907,5309,3482,4120,6729,7944,3459,3870,5125,5803,3114,3481,3989,3997,-5.61747,17.6688,8.72675,48.274
41076,3223,3911,5926,12455,3371,3704,4725,6073,3170,3482,3819,3926,3165,3280,3541,3426,-33.2467,30.6587,8.92708,47.4647
41077,3394,3409,3186,3146,3884,3706,3654,3283,5007,5268,4324,3615,7289,9908,5283,3786,33.0109,-10.7867,8.90397,48.0947
41078,5046,8572,7446,4643,4305,5391,5009,4007,3512,3727,3813,3526,3309,3360,3315,3291,-23.8128,-1.65459,8.77543,48.1813
41079,3281,3329,3301,3142,3912,3770,3458,3119,6463,4939,3792,3277,12355,6132,3932,3348,25.0758,-31.8812,8.74674,47.7
41080,3353,3298,3159,3005,3968,3814,3591,3120,6361,4980,3788,3347,11466,6826,4186,3510,25.0748,-22.2014,8.99705,47.848
41081,3070,3378,3621,3685,3316,3588,4292,5369,3437,3821,5203,9832,3397,3712,4981,7194,10.3741,33.6218,8.71429,47.9307
41082,3296,3670,3883,3641,3785,4652,5360,4263,3911,5865,7831,4844,3748,4453,5097,4287,6.06063,4.28726,8.58729,48.3907
41083,5820,4469,3653,3264,9833,5240,3763,3281,6546,4563,3674,3329,4182,3839,3397,3142,-5.60578,-28.6418,8.738,47.9967
41084,3332,3599,4223,4786,3357,3765,4972,8467,3307,3748,4949,8230,3204,3497,4183,4854,-0.105034,29.5661,8.75403,48.3153
41085,3342,3426,3128,3080,3742,3879,3469,3340,4820,5406,4392,3793,7305,9860,5496,3673,28.8262,-9.98799,8.52585,48.1007
41086,3411,3990,5743,9214,3390,3831,5276,8312,3365,3509,3982,4533,3099,3239,3556,3586,-16.2139,25.0364,8.53757,48.024
41087,3248,3518,3640,3556,3495,3876,4673,4230,3821,4938,8234,5659,3726,4509,6287,5171,10.9799,9.33616,8.84794,48.3873
41088,4619,4098,3581,3197,7948,4909,3804,3278,8738,4998,3693,3327,5036,4199,3601,3242,1.0437,-30.9963,8.82699,48.1787
41089,3341,3658,4586,5362,3286,3850,5571,8987,3407,3709,4798,6715,3180,3480,3879,4273,-4.39465,23.8222,8.79999,48.0547
41090,5841,9144,6070,4181,4718,5925,4695,3886,3699,3879,3697,3391,3355,3356,3328,3161,-21.9891,-6.05708,8.82952,48.2173
41091,3392,3871,6202,11880,3398,3705,4986,6736,3235,3395,3794,4103,3044,3281,3448,3357,-23.2139,25.6838,8.92684,47.8847
41092,3403,3420,3323,3128,4107,3887,3447,3194,7241,4914,3918,3395,11388,5711,3978,3300,20.9086,-31.9963,8.97813,47.836
41093,3362,3318,3208,3133,3993,3924,3543,3282,5526,5913,4242,3636,7927,8710,4785,3738,22.0738,-13.2224,8.75596,48.16
41094,6583,4802,3713,3311,9714,5210,3810,3391,5958,4324,3638,3285,3885,3801,3474,3197,-8.29019,-31.4664,8.52525,48.064
41095,4086,5017,5014,4012,4242,6926,7010,4305,3856,4711,4708,3959,3417,3649,3812,3482,-8.06737,-0.0437553,8.85905,48.1373
41096,3819,4080,4116,3676,4119,5981,5949,4192,4145,6327,5944,4091,3875,4300,4176,3707,0.579085,-0.500095,8.92559,48.3313
41097,3134,3297,3431,3386,3212,3414,3790,4008,3374,4021,5158,6256,3515,4185,7449,10390,24.6969,19.3477,8.68428,48.0133
41098,10997,7305,4225,3398,6078,5080,3865,3385,3979,3824,3519,3281,3478,3444,3250,3036,-26.3005,-20.8104,8.58143,48.096
41099,4435,7060,8233,5067,4084,5191,5786,4336,3501,3781,3861,3552,3179,3368,3383,3340,-21.5977,2.12651,8.60216,48.1047
41100,7942,9486,4956,3585,5284,5266,4160,3400,3874,3935,3635,3322,3431,3428,3280,2999,-32.8181,-12.7187,8.70319,47.9887
41101,3613,3621,3386,3192,4233,4501,3829,3341,5965,7537,4568,3548,5771,6923,4568,3773,13.6802,-10.952,8.50957,48.246
41102,4123,4003,3578,3353,6070,5588,3925,3357,7403,6615,4188,3575,4948,4695,3776,3277,3.86054,-16.6618,8.72677,48.316
41103,4865,7469,6632,4432,4338,6243,5638,4051,3731,3935,3841,3598,3344,3471,3399,3120,-18.3999,-1.90092,8.69628,48.0713
41104,3570,3384,3122,3046,4322,3904,3425,3167,7407,5082,3898,3454,10798,6097,3920,3324,19.6662,-24.5689,8.90605,47.9467
41105,3412,3842,5069,7774,3444,3785,5451,9537,3162,3544,4184,5107,3211,3238,3596,3685,-12.5056,32.8122,8.54054,48.0273
41106,5958,5156,3821,3265,8769,6249,3930,3494,5527,4751,3684,3328,3886,3837,3423,3243,-8.23626,-19.7148,8.98629,48.214
41107,3982,3672,3405,3185,5637,4427,3640,3246,9580,5499,3867,3343,6589,4730,3679,3350,8.69768,-24.4155,8.57693,47.8873
41108,3347,3743,4432,4509,3517,4222,6725,6254,3612,4228,6204,6045,3256,3732,4276,4350,-0.867274,14.428,8.77806,48.3013
41109,5122,8499,6716,4178,4452,5982,5172,4084,3775,3896,3798,3551,3296,3409,3305,3157,-20.6345,-3.50857,8.83368,48.2613
41110,5163,4318,3640,3236,9076,5013,3765,3243,7348,4700,3658,3340,4415,3899,3498,3262,-2.49493,-32.2663,8.75666,47.716
41111,6183,8932,5571,3919,4975,6063,4605,3750,3815,3876,3696,3489,3329,3416,3303,3179,-21.0387,-8.12625,8.60355,48.0673
41112,3495,3492,3249,3200,3971,3790,3457,3191,6043,4762,3828,3312,12414,6062,3691,3323,32.0531,-29.6952,8.65295,47.52
41113,3060,3112,3344,3398,3283,3433,3886,3957,3410,3756,4818,6616,3310,3909,6245,12194,24.558,27.1247,8.95532,47.8207
41114,3368,3320,3236,3175,3925,3844,3406,3126,6042,4907,3782,3339,11386,7165,4127,3495,27.8558,-21.7028,8.51573,47.762
41115,5523,6104,4231,3586,6614,7565,4503,3679,4459,4745,3782,3340,3678,3687,3421,3218,-10.7603,-12.9957,8.81234,48.09
41116,5458,6331,4340,3670,5864,7893,4807,3618,4185,4626,3959,3439,3542,3669,3425,3229,-11.6237,-10.2239,8.51856,48.0367
41117,4618,4616,3779,3280,6546,7410,4283,3479,5582,5838,4025,3560,4121,4092,3538,3341,-2.82332,-13.5798,8.98136,48.072
41118,3815,3600,3248,3138,5559,4403,3647,3330,9874,5305,3732,3413,7063,4975,3707,3270,9.69671,-32.404,8.90999,48.0527
41119,3256,3381,3336,3286,3657,3814,3752,3486,4395,5112,4664,4001,5450,9372,7178,4232,31.6193,-3.504,8.88774,48.248
41120,5371,4422,3587,3283,8939,5317,3833,3424,7154,4783,3741,3339,4311,3885,3520,3196,-3.45898,-24.7065,8.90982,48.07
41121,3422,3393,3337,3127,3974,3846,3640,3276,6190,5290,3971,3442,10091,7548,4273,3479,23.7528,-19.1558,8.52333,48.1993
41122,3117,3260,3341,3446,3334,3512,3771,3917,3566,4083,5197,5370,3676,4603,8867,9026,28.6137,15.0751,8.6146,48.0573
41123,3076,3228,3452,3539,3298,3598,4133,4657,3406,3892,5689,8429,3284,3997,5615,8639,14.8476,22.5756,8.58142,47.9547
41124,3258,3596,3626,3464,3516,4043,4518,3952,3944,5525,7648,4966,3858,5154,6497,4961,12.6233,5.51537,8.82208,48.3507
41125,3477,3391,3267,3135,4202,3950,3586,3292,6673,5682,4042,3356,9012,7263,4309,3501,19.8745,-18.0926,8.65829,48.092
41126,4052,3798,3517,3043,5969,4685,3814,3275,8804,5969,3957,3497,5980,4745,3750,3333,6.79556,-21.6617,8.50488,48.1253
41127,4387,7313,9151,5286,3962,4705,5216,4277,3402,3551,3701,3520,3113,3361,3398,3306,-30.6235,2.89032,8.97882,47.766
41128,3417,4351,7379,10207,3451,3899,5265,6482,3293,3507,3959,4115,3107,3318,3390,3428,-22.6912,19.6633,8.6427,48.3787
41129,3098,3328,3346,3353,3481,3704,4127,3909,3748,4781,6732,5106,3881,5310,8579,6062,18.5227,8.44621,8.99997,48.3633
41130,3411,3318,3268,3057,3809,3812,3643,3311,5524,5205,4083,3496,9136,8549,4703,3614,29.1555,-15.6267,8.53265,47.9593
41131,3196,3471,3798,3708,3244,3739,4889,5143,3426,4243,7107,7570,3340,4069,5418,5814,8.46238,15.9744,8.66294,48.1167
41132,3358,3756,4671,6038,3386,3806,5720,9522,3252,3752,4700,6095,3168,3335,3810,4027,-6.82649,23.8626,8.67264,48.264
41133,9671,6405,4040,3449,7715,5337,3799,3441,4296,3833,3476,3235,3505,3410,3239,3039,-18.6808,-22.5549,8.57908,47.9267
41134,3449,3917,5990,12645,3279,3829,4647,6083,3282,3388,3855,3924,3205,3280,3348,3370,-27.8351,30.2223,8.64872,47.6607
41135,3218,3331,3266,3254,3539,3745,3863,3590,4074,4746,5552,4498,4444,7015,8961,5149,24.3519,3.40241,8.56899,48.1633
41136,3410,4010,5997,12212,3452,3709,4695,6293,3278,3387,3811,3912,3114,3248,3420,3333,-25.9373,32.2506,8.59213,47.5207
41137,11029,5862,3888,3352,7648,4996,3906,3296,4099,3826,3454,3234,3506,3397,3234,2975,-20.0734,-27.6046,8.94157,47.8013
41138,3725,3452,3338,3134,4870,4208,3623,3109,9178,5494,3719,3330,8354,5341,3879,3350,13.2834,-25.478,8.91023,48.0693
41139,3143,3279,3341,3350,3348,3661,3763,3716,3880,4758,5224,4502,3907,6382,9803,5700,33.9963,5.78602,8.6706,47.838
41140,3632,3586,3192,3079,5082,4332,3606,3269,9311,5521,3810,3473,7724,5142,3869,3419,12.4012,-25.1059,8.59498,48.0313
41141,8330,5629,3949,3407,8827,5588,3894,3396,4661,4247,3580,3238,3640,3465,3197,3155,-14.2693,-23.3343,8.91568,48.1353
41142,7754,8645,4791,3602,5684,5841,4300,3645,4020,3984,3591,3335,3422,3324,3213,3077,-21.6367,-13.4284,8.55369,48.152
41143,3327,3452,3353,3364,3630,3920,3739,3490,4447,5083,4772,3974,5205,9004,7194,4321,33.7651,-3.11419,8.72059,48.1833
41144,4082,4028,3663,3241,5350,5663,3990,3501,6848,7276,4334,3518,4937,4770,3974,3440,4.58254,-14.3919,8.92176,48.41
41145,3159,3224,3295,3187,3451,3667,3859,3701,3898,4696,5585,4429,4149,6680,9513,5614,24.5847,5.20775,8.9295,48.0713
41146,3194,3285,3205,3255,3710,3862,3769,3465,4296,5231,4763,4014,5192,9095,7025,4290,25.9578,-3.03357,8.74236,47.7673
41147,3198,3621,4055,4244,3430,3814,5231,6267,3430,4004,6109,8111,3285,3765,4471,5165,3.75358,19.3466,8.78794,48.1333
41148,3052,3269,3461,3347,3360,3650,4109,4080,3611,4361,6461,5597,3751,4823,8238,6893,18.6515,11.699,8.78752,48.042
41149,3387,3849,5642,9609,3470,3925,5165,8498,3228,3468,4095,4345,3083,3208,3495,3338,-16.61,33.9592,8.9259,47.87
41150,3194,3352,3406,3083,3664,3735,3645,3363,4685,5250,4523,3800,6278,10090,5938,3952,28.0547,-7.6378,8.84519,47.972
41151,3333,3591,3920,3606,3501,4072,4960,4359,3865,5254,8262,5383,3604,4406,5639,4733,8.85672,7.19171,8.76028,48.3253
41152,10741,7928,4328,3460,5778,5098,3832,3334,3955,3796,3375,3335,3275,3357,3217,3161,-26.6995,-18.9457,8.94976,47.98
41153,3332,3874,5301,9619,3391,3808,5173,8561,3243,3539,4022,4520,3119,3327,3477,3550,-16.3564,29.6641,8.52605,47.904
41154,3257,3267,3399,3395,3347,3408,3859,3875,3364,3726,4813,6032,3432,3877,6259,12360,31.1491,26.4347,8.57586,47.78
41155,3419,4246,7310,11059,3378,3902,4889,5967,3157,3349,3850,4022,3142,3200,3417,3422,-28.1872,20.5747,8.84359,47.8193
41156,12286,6129,4088,3398,6721,4885,3880,3321,4041,3781,3347,3200,3385,3334,3209,3044,-23.6751,-27.4883,8.88721,48.0327
41157,3871,3813,3379,3126,5961,4433,3733,3355,9760,5504,3851,3405,6373,4726,3898,3177,7.89198,-24.0039,8.96788,48.2433
41158,3666,3453,3375,3190,4858,4137,3499,3276,9301,5083,3885,3441,8432,5218,3791,3395,13.5113,-31.3934,8.51928,48
41159,3848,3563,3439,3190,5106,4231,3492,3232,9318,5569,3911,3414,7573,5245,3838,3308,11.7609,-25.1681,8.54558,48.1847
41160,4393,7722,8873,5030,4138,4813,5154,4260,3454,3737,3725,3493,3238,3327,3329,3303,-25.9994,2.02897,8.99538,47.9927
41161,3423,3661,3415,3153,4085,4306,3785,3474,5500,7318,4845,3660,5695,7338,4827,3783,14.9798,-9.22109,8.58497,48.1787
41162,4946,4495,3541,3241,8143,5612,3825,3329,7037,5256,3762,3430,4471,4126,3478,3200,-2.0214,-21.285,8.66136,47.928
41163,4436,4063,3495,3262,7366,4671,3704,3305,8987,4998,3834,3359,5352,4267,3513,3304,2.49088,-28.8938,8.53225,47.944
41164,3168,3436,3890,4063,3282,3581,4568,6434,3339,3672,5104,9508,3387,3664,4749,5774,5.6637,32.8336,8.50256,47.746
41165,6723,9835,5343,3717,4867,5382,4298,3568,3808,3882,3660,3453,3385,3378,3261,3207,-33.6643,-9.81565,8.65823,47.8447
41166,3331,3528,4318,4877,3351,3765,5016,8018,3361,3867,5142,8007,3176,3537,4101,4791,0.152013,25.2811,8.54529,48.124
41167,12344,6598,3974,3312,6037,4829,3770,3300,3926,3747,3512,3226,3313,3410,3229,3136,-32.2185,-24.4282,8.84685,47.7753
41168,5798,9442,6609,4171,4502,5369,4644,3856,3607,3845,3790,3561,3319,3294,3432,3162,-25.9669,-4.87727,8.63424,48.2673
41169,3249,3336,3395,3175,3540,3882,3800,3488,4409,5356,4871,3904,5417,9097,7289,4342,26.1327,-3.30016,8.57078,48.3667
41170,12718,6169,3868,3398,5990,4619,3731,3413,3970,3728,3394,3283,3382,3284,3225,3086,-30.6747,-27.0714,8.91802,47.5053
41171,12739,6194,3897,3439,5965,4741,3673,3344,3855,3778,3323,3307,3375,3399,3208,3210,-33.0667,-26.9563,8.96271,47.6313
41172,3314,3496,3910,4153,3452,3786,5065,6263,3318,3969,6172,8479,3330,3623,4668,5211,4.3301,19.89,8.83308,48.1393
41173,3171,3185,3580,3686,3274,3555,4236,4817,3303,3865,5357,9561,3312,3903,5247,7871,12.5847,33.499,8.84281,47.9487
41174,3311,3357,3289,3168,4124,3646,3526,3237,6502,4809,3864,3408,11907,6192,3970,3446,24.7979,-27.0629,8.53616,47.8373
41175,3105,3053,3355,3378,3229,3613,3774,4084,3449,3858,4860,6666,3407,3992,5943,11955,23.5101,30.2678,8.50496,47.814
41176,3113,3202,3384,3471,3381,3413,3808,3965,3373,3835,4899,6637,3289,4021,6025,11941,23.6696,27.6059,8.6644,47.838
41177,9577,7758,4289,3508,6359,5463,4092,3400,4077,3863,3561,3198,3371,3389,3157,3190,-21.7364,-18.0884,8.98283,48.168
41178,5139,4986,3902,3401,7224,7415,4228,3498,5305,5123,3868,3414,3909,3821,3421,3263,-6.44999,-14.9826,8.87569,47.9447
41179,3468,3347,3256,3149,3979,3844,3479,3143,5853,4939,3851,3369,11487,7243,4021,3385,31.6217,-21.3551,8.85188,47.8753
41180,3391,3595,3654,3340,3789,4535,4743,3911,4185,6337,7575,4488,4043,5125,5509,4295,9.39383,2.32282,8.82699,48.3433
41181,3852,4159,4099,3717,4210,6248,5944,4092,4220,6008,5795,4107,3670,4167,4191,3775,-0.397038,-0.424211,8.71099,48.1693
41182,3191,3229,3543,3582,3417,3494,4118,4864,3483,3929,5144,9298,3471,3924,5201,8309,13.4705,32.5581,8.57732,48.1313
41183,3998,4642,4713,3895,4339,6687,6612,4249,4006,5206,5093,3978,3668,3845,3891,3540,-4.58185,-0.347623,8.52544,48.2413
41184,3352,3385,3229,3143,3937,3640,3360,3233,6026,4729,3820,3425,12765,6043,3873,3361,32.1195,-27.8196,8.90887,47.5473
41185,3311,3764,4265,4976,3331,3784,4853,8501,3224,3683,4805,7786,3368,3580,4039,4616,-1.13501,31.9591,8.62693,47.924
41186,3087,3178,3369,3427,3264,3570,3896,4008,3337,4020,5376,6291,3483,4372,7649,9599,21.8073,18.082,8.79823,47.9507
41187,3379,3644,4588,5062,3301,3804,6129,8453,3445,3821,5082,6295,3186,3554,4111,4116,-4.49905,19.9902,8.96107,47.98
41188,5483,8990,6807,4357,4459,5432,4859,3887,3811,3871,3820,3426,3326,3494,3322,3171,-23.6602,-3.92865,8.58632,48.3433
41189,3560,3423,3290,3115,4317,4051,3587,3303,6778,5656,4109,3454,8901,6950,4194,3392,18.9101,-18.9225,8.51044,48.0533
41190,3336,4011,5586,9628,3457,3763,5107,8496,3277,3450,3978,4603,3141,3212,3539,3650,-16.0966,27.4672,8.65645,48.156
41191,11591,5983,3844,3461,7154,4903,3715,3390,4031,3993,3493,3168,3463,3376,3297,3099,-21.0589,-29.0927,8.92672,47.974
41192,12631,6376,3927,3416,5845,4818,3665,3459,3923,3829,3373,3267,3373,3374,3351,3065,-31.8052,-25.935,8.61443,47.7947
41193,3048,3263,3494,3397,3467,3560,3926,3802,3625,4269,5539,4984,3719,5124,9612,7150,24.8111,11.1206,8.82309,47.986
41194,3379,3762,5441,7082,3373,3900,5960,8979,3189,3623,4283,5232,3082,3410,3628,3766,-11.035,21.3477,8.94598,48.0593
41195,3822,3632,3376,3195,5938,4546,3704,3267,9897,5271,3791,3339,6624,4858,3842,3311,8.00094,-26.2623,8.98499,48.2753
41196,3876,5665,9797,6742,3798,4396,5667,4739,3366,3542,3892,3590,3145,3310,3301,3208,-24.6144,8.82966,8.87034,48.0227
41197,4313,4028,3441,3191,6840,4952,3803,3366,8577,5796,3870,3449,5384,4412,3645,3245,3.57519,-22.5528,8.82081,48.208
41198,7609,7753,4573,3570,6142,6397,4222,3509,4188,4035,3592,3339,3502,3572,3333,3074,-18.224,-14.3704,8.90993,48.2733
41199,3525,3589,3595,3400,4024,4811,4264,3648,4953,7890,5946,3897,4456,5747,4998,3910,9.78523,-4.41354,8.92735,48.4353
41200,4188,6921,8762,5297,4040,5098,5654,4478,3488,3907,3860,3723,3168,3342,3359,3256,-22.1563,3.21514,8.97297,48.3607
41201,12038,6118,3983,3418,6659,4972,3841,3288,3957,3837,3410,3216,3441,3319,3275,3138,-24.1155,-28.4065,8.64959,47.94
41202,4010,5917,9892,6551,3682,4465,5279,4732,3414,3559,3821,3667,3221,3265,3387,3250,-28.0287,8.04949,8.87422,48.0747
41203,3157,3404,3480,3418,3387,3630,4198,4046,3584,4423,6441,5651,3672,4977,8154,6708,18.5943,11.2519,8.95713,48.22
41204,4759,4145,3550,3128,7678,5144,3819,3375,7888,5263,3844,3509,4873,4374,3675,3182,0.312146,-22.8229,8.60987,48.1373
41205,3209,3643,4048,4042,3559,3980,5683,5206,3530,4532,7436,6504,3383,3933,4799,4806,4.41067,13.3302,8.81667,48.1953
41206,3373,3877,5157,6061,3443,4066,6293,8900,3376,3627,4656,5483,3165,3402,3721,3806,-8.67919,20.5927,8.71861,48.2707
41207,7601,9648,5161,3686,5126,5302,4284,3514,3742,3948,3674,3222,3351,3384,3278,3186,-32.502,-11.2648,8.72869,48.0713
41208,10019,8125,4357,3530,5570,5080,3878,3286,3907,3944,3574,3246,3427,3421,3219,3127,-33.1242,-17.5623,8.84664,47.8067
41209,3081,3240,3352,3352,3182,3523,3977,4137,3369,3808,4910,7850,3332,3870,5722,10621,18.9792,33.0281,8.78758,47.5507
41210,3222,3356,3920,4072,3360,3756,4510,6293,3441,3765,5281,9875,3289,3789,4541,5761,5.72648,33.8757,8.79454,48.154
41211,3160,3194,3451,3395,3228,3484,3983,4185,3342,3784,5014,7654,3475,3884,6115,10804,19.9997,27.6686,8.66637,48.1013
41212,3883,4693,5686,4460,4030,5641,7986,4893,3558,4336,4920,4183,3257,3624,3689,3475,-9.19518,4.83453,8.79577,48.2093
41213,3253,3528,3443,3284,3776,3934,3956,3445,4515,6208,5542,4009,5134,7901,6248,4329,18.2806,-3.1295,8.86605,48.3367
41214,3391,3321,3302,3096,3914,3888,3682,3292,5641,5774,4186,3710,8040,8556,4913,3714,22.4085,-13.676,8.70897,48.28
41215,9549,8795,4443,3516,5558,5187,4075,3497,3824,3727,3514,3220,3400,3302,3196,3215,-27.2641,-16.3279,8.91722,48.012
41216,3154,3389,3512,3665,3386,3717,4248,4340,3491,4454,7131,6467,3645,4406,6970,6547,14.7566,13.6121,8.98164,48.348
41217,12569,6037,3924,3499,6059,4810,3744,3248,3836,3796,3443,3125,3394,3285,3273,3189,-33.0555,-27.7722,8.7975,47.4873
41218,3507,3673,4075,3727,3630,4554,6063,4444,3848,5324,7746,4993,3735,4164,4742,4194,3.75948,6.40439,8.89926,48.2793
41219,3854,3945,3590,3269,5130,5527,4148,3528,6157,7780,4666,3505,4619,4964,4140,3533,5.21451,-11.1115,8.81655,48.2367
41220,3147,3279,3555,3550,3291,3400,4099,4579,3350,3806,5222,8893,3215,3786,5430,9337,15.6371,29.8559,8.88327,47.9593
41221,3688,3628,3416,3201,4415,4736,3934,3378,6143,7995,4601,3706,5393,6198,4287,3620,10.9917,-10.871,8.92882,48.226
41222,3217,3156,3341,3350,3352,3564,3878,3987,3572,4257,6302,5739,3695,4787,8404,7571,20.3226,12.9876,8.84773,48.1147
41223,3338,3408,3296,3223,3737,3718,3600,3408,4594,5234,4459,3734,6118,10059,6207,4040,31.955,-6.72928,8.97396,48.1153
41224,3117,3351,3342,3415,3314,3546,3907,3794,3539,4138,5416,5497,3600,4810,9144,8095,24.8957,13.3205,8.82469,48.0167
41225,3137,3346,3352,3460,3330,3386,3779,3924,3377,3731,4707,5914,3423,4019,5936,12623,32.5981,33.8708,8.84758,47.6293
41226,3387,3356,3350,3118,4018,3854,3550,3270,6559,5161,3969,3384,10663,7162,4123,3383,22.8898,-20.8892,8.80162,48.2047
41227,3191,3345,3291,3334,3338,3657,3859,3607,3898,4710,5191,4454,4175,6727,9612,5414,33.5555,4.92584,8.90351,47.8687
41228,3678,4826,8828,8212,3499,4123,5469,5613,3215,3580,4047,3873,3106,3205,3321,3394,-24.0027,13.8037,8.85405,47.9927
41229,3531,3893,4187,3919,3773,4932,6377,4669,3770,5140,7013,4749,3512,4049,4451,4109,1.10922,6.02396,8.76639,48.0493
41230,3255,3266,3251,3311,3237,3480,3733,3900,3376,3748,4791,5826,3516,3895,5951,12722,30.0677,31.7799,8.83582,47.5053
41231,3305,3604,4525,5646,3376,3726,5165,9537,3330,3708,4757,6603,3199,3478,3801,4175,-5.25804,26.2171,8.81145,47.9567
41232,3328,3884,6219,12297,3350,3916,4798,6030,3148,3424,3811,3992,3095,3234,3335,3453,-31.6747,25.8355,8.56069,47.5427
41233,3355,3611,4465,5760,3412,3744,5201,9658,3300,3749,4448,6285,3267,3379,3881,3983,-5.90188,33.5535,8.7734,47.6653
41234,8484,9269,4809,3582,5340,5151,4018,3671,3905,3840,3526,3276,3420,3306,3213,3110,-29.2099,-13.8884,8.96756,47.9467
41235,3698,5040,8164,6253,3575,4728,6716,5523,3396,3685,4227,3988,3174,3397,3430,3417,-17.9095,9.96189,8.56614,48.274
41236,3315,3630,4076,4547,3295,3681,5066,7514,3320,3931,5390,8329,3278,3547,4315,4928,1.35736,23.6095,8.65084,48.108
41237,3294,3810,5430,8858,3328,3903,5250,9220,3124,3559,4112,4598,3170,3337,3410,3559,-14.5869,27.7056,8.94839,47.9747
41238,9411,5614,3864,3349,8452,5137,3855,3364,4604,4007,3476,3232,3562,3485,3262,3148,-16.1309,-29.21,8.64616,47.8813
41239,3397,3824,6134,11814,3342,3893,4816,6858,3180,3453,3780,4018,3028,3237,3337,3306,-23.3944,27.8138,8.80016,47.6113
41240,7388,5075,3799,3407,9695,5250,3724,3358,5274,4193,3598,3281,3773,3688,3347,3154,-10.85,-30.2617,8.6512,48.0027
41241,3205,3588,4579,5554,3396,3767,5478,9249,3370,3680,4780,6759,3196,3430,3913,4338,-4.24393,24.0257,8.8186,48.188
41242,3249,3234,3371,3344,3414,3655,3832,3644,3811,4507,5185,4559,4051,6279,9676,6079,29.0915,6.75046,8.65001,47.9267
41243,5595,4546,3656,3257,9581,5309,3771,3363,6585,4670,3619,3429,4142,3765,3368,3136,-5.1636,-26.8103,8.89785,47.8613
41244,4156,3816,3403,3192,6701,4799,3630,3314,9500,5385,3734,3444,5658,4443,3707,3258,4.73169,-26.314,8.84938,48.0933
41245,5369,9387,7088,4182,4521,5118,4533,3925,3590,3774,3656,3461,3381,3350,3361,3293,-32.1653,-3.70446,8.75431,47.9927
41246,10389,7993,4208,3513,5736,5006,3876,3531,3909,3773,3492,3300,3390,3441,3344,3096,-27.4244,-18.4585,8.99943,47.998
41247,3832,4501,4651,4106,4283,6555,6969,4454,3974,5084,5328,4002,3529,3822,3903,3581,-5.07118,0.90377,8.67704,48.3827
41248,3296,3874,5847,12690,3295,3765,4682,5965,3282,3560,3738,3886,3270,3241,3465,3443,-31.0378,30.9918,8.72366,47.5327
41249,5249,9012,7332,4407,4212,5156,4884,3992,3683,3927,3836,3463,3278,3362,3253,3273,-24.7229,-2.63604,8.89685,48.2127
41250,3091,3377,3554,3446,3400,3640,4263,4320,3491,4243,6807,6693,3486,4390,6935,7118,15.6036,14.9999,8.75897,48.1693
41251,3387,3852,5563,9233,3354,3761,5173,8892,3277,3556,4173,4712,3078,3254,3522,3479,-15.5346,26.8035,8.77347,48.1773
41252,3315,3755,4600,6262,3342,3787,5230,9923,3305,3691,4478,6207,3295,3457,3623,3972,-6.97046,31.4659,8.77398,48.1613
41253,5907,5983,4147,3561,6886,7449,4432,3594,4529,4656,3840,3344,3641,3655,3320,3173,-11.392,-13.7417,8.55626,48.078
41254,9614,8475,4403,3558,5702,5171,4012,3532,3937,3956,3464,3331,3311,3333,3187,3085,-26.5379,-16.7291,8.75531,48.0473
41255,3289,3824,5842,12585,3457,3654,4747,5935,3273,3422,3727,3988,3127,3281,3410,3523,-33.7471,30.8467,8.8786,47.3893
41256,3268,3280,3337,3165,3656,3864,3633,3395,4727,5167,4444,3737,6270,9867,6030,3966,31.997,-7.05495,8.87715,47.8707
41257,11946,6085,3886,3439,6816,4777,3877,3316,3973,3799,3368,3196,3311,3481,3248,3196,-24.0557,-29.9708,8.58603,47.8093
41258,3996,4383,4584,3979,4259,6341,6887,4383,3852,5337,5397,4024,3532,3817,3925,3594,-4.10777,0.920602,8.59106,48.1933
41259,3253,3692,3837,3678,3504,4158,5363,4475,3710,5095,8073,5555,3582,4238,5245,4790,6.97676,9.1874,8.53637,48.1653
41260,3025,3151,3511,3368,3216,3536,3833,3778,3475,4040,5134,5676,3528,4598,8588,9597,25.7632,16.541,8.8771,48.036
41261,4047,3867,3446,3171,6190,4489,3616,3288,9774,5232,3882,3391,6129,4509,3644,3300,6.63861,-26.5913,8.74921,47.9833
41262,3135,3307,3398,3361,3312,3537,3830,3840,3440,4031,5158,5242,3530,4640,9016,8920,31.1166,14.7297,8.77561,47.798
41263,3335,3595,4473,4810,3483,3906,6066,7650,3419,3881,5499,6911,3293,3531,4087,4434,-1.61566,19.021,8.71818,48.2487
41264,3792,3646,3401,3155,5038,4255,3604,3257,9241,5773,3928,3318,7351,5423,3872,3316,11.7451,-22.4203,8.91109,48.2467
41265,4774,4152,3653,3224,7859,5537,3918,3334,7506,5494,3814,3402,4577,4086,3540,3356,-0.60019,-21.0978,8.83107,48.1507
41266,3437,3525,3242,3135,4238,4325,3705,3344,6398,6852,4206,3539,7027,7105,4581,3542,16.1369,-14.0833,8.66675,48.134
41267,3205,3446,3666,3661,3497,3887,4810,4239,3722,4871,8152,5728,3671,4552,5985,5095,10.562,9.36042,8.99613,48.1247
41268,3374,3354,3220,3108,3984,3858,3525,3156,6082,5080,3814,3320,11729,6702,4197,3389,27.2068,-22.8615,8.69135,47.928
41269,3478,4029,6525,11105,3408,3911,5087,6772,3272,3500,3739,4053,3080,3157,3349,3507,-23.0943,22.8474,8.53694,47.9813
41270,4307,6558,6693,4653,4285,6174,6531,4408,3691,4059,4167,3771,3296,3371,3439,3357,-15.4172,0.677346,8.97217,48.5067
41271,3234,3366,3346,3349,3471,3687,3872,3716,3672,4605,5809,4934,3858,5601,9394,6396,22.719,8.36554,8.74836,48.2067
41272,3083,3280,3458,3467,3216,3516,3949,4332,3379,3892,5472,7629,3446,4072,6329,9371,17.9804,22.1716,8.64279,47.9273
41273,3501,3979,6136,12736,3348,3661,4710,6083,3189,3502,3675,3848,3139,3287,3405,3510,-30.5247,26.9417,8.91059,47.806
41274,3472,3804,5705,7120,3458,3999,6244,8681,3257,3664,4208,5008,3121,3375,3611,3798,-11.9761,20.3266,8.88932,48.35
41275,4313,4049,3404,3187,6879,4873,3740,3362,9360,5353,3777,3381,5379,4394,3569,3288,3.96662,-25.0019,8.90654,48.2053
41276,3260,3337,3243,3109,3969,3824,3493,3274,5924,4928,3711,3350,12210,6751,3963,3460,29.0099,-23.7491,8.96097,47.8707
41277,5797,5082,3893,3433,8049,6868,4137,3522,5239,4833,3837,3330,3848,3759,3478,3108,-7.93106,-17.5812,8.77995,48.142
41278,4526,7558,8629,5021,4131,4956,5303,4299,3589,3718,3832,3540,3084,3328,3411,3305,-25.256,1.84353,8.67831,48.1533
41279,4314,6903,8974,5336,4004,4860,5454,4365,3394,3707,3945,3608,3105,3270,3382,3336,-24.4394,3.33209,8.54939,47.9713
41280,3606,4417,6034,5140,3681,4750,7965,5745,3467,3837,4773,4383,3254,3450,3704,3648,-10.8799,9.81753,8.80992,47.9027
41281,3148,3258,3322,3425,3299,3359,3730,3902,3383,3739,4811,6109,3388,3947,6070,12841,29.6057,28.1377,8.8132,47.8207
41282,3460,3373,3237,3048,4083,3822,3483,3262,7370,4857,3796,3305,11392,5850,3825,3427,21.1883,-31.5658,8.8413,47.7267
41283,5152,6632,5080,3897,5245,7666,5195,3833,4134,4492,3888,3635,3516,3508,3438,3278,-12.7521,-6.96406,8.70085,48.3927
41284,3287,3521,4501,5354,3393,3758,5205,9054,3359,3651,4668,7248,3224,3510,4003,4353,-3.27047,29.7064,8.83204,48.0593
41285,3362,3940,6691,11952,3331,3791,5005,6108,3147,3379,3822,3903,3193,3230,3399,3380,-33.2561,23.4229,8.55419,47.7553
41286,3774,3627,3265,3085,5308,4276,3701,3346,9767,5214,3813,3308,7575,4868,3713,3368,10.7159,-29.8344,8.79561,48.0053
41287,3375,3358,3177,3186,3857,3812,3608,3321,5277,5828,4366,3685,7326,9201,5165,3823,23.0305,-11.4818,8.83164,48.2433
41288,4281,3910,3488,3121,6415,4797,3619,3273,9002,5857,3844,3457,5589,4624,3708,3297,5.25278,-22.396,8.60329,48.188
41289,3443,3970,5408,9121,3391,3829,5247,8603,3249,3522,4058,4541,3185,3290,3444,3601,-15.5243,33.7622,8.63901,47.9347
41290,3660,4006,3949,3557,4236,5539,5056,3788,4518,7040,5961,4094,4064,4618,4438,3836,3.94608,-2.49106,8.67947,48.24
41291,3618,3658,3354,3092,4811,4528,3663,3305,7894,6801,4073,3464,6650,5873,4132,3457,11.9972,-17.3462,8.7103,48.2487
41292,3281,3301,3410,3224,3607,3791,3845,3644,4027,5051,5492,4380,4574,7551,8354,5086,23.6373,1.86001,8.63258,48.412
41293,3819,3716,3532,3303,5003,5070,3847,3442,6935,7447,4372,3517,5292,5337,4031,3515,8.10469,-14.2003,8.54589,48.1187
41294,3151,3327,3484,3699,3277,3502,4185,4803,3371,3875,5554,8752,3433,3961,5678,8233,13.8849,23.0146,8.75018,48.19
41295,9924,7670,4288,3519,6267,5281,3973,3478,4014,3913,3482,3268,3429,3384,3202,3129,-22.728,-18.6685,8.7418,48.1473
41296,3331,3447,3277,3205,3814,3894,3487,3278,6100,4831,3830,3339,12624,6093,3794,3413,28.6375,-31.6649,8.8504,47.838
41297,3419,3922,6242,12493,3394,3831,4768,6188,3286,3449,3731,3882,3203,3215,3340,3500,-29.7076,27.3968,8.56796,47.9087
41298,3165,3318,3823,3902,3225,3593,4498,6070,3377,3857,5421,9802,3384,3769,4767,6311,7.52723,26.2436,8.72107,48.188
41299,3192,3434,3711,3823,3320,3594,4404,5480,3347,3807,5281,9922,3401,3826,4893,6583,8.99067,33.3653,8.51276,48.012
41300,3320,3408,3215,3114,3921,3829,3504,3234,5921,4905,3947,3474,11241,7201,3992,3318,29.3346,-21.2875,8.57247,47.696
41301,3203,3430,3772,3882,3261,3640,4803,5270,3421,4134,6555,8285,3341,3838,5197,6174,8.89581,18.6672,8.69185,48.1373
41302,3324,3393,3359,3144,3791,3793,3773,3543,4526,6187,5378,4079,4921,7806,6436,4301,18.6887,-2.88624,8.92741,47.836
41303,3673,3726,3403,3236,4053,4663,3963,3430,5374,7976,5076,3765,5120,6378,4730,3768,11.8525,-7.90202,8.77249,48.2227
41304,3128,3299,3496,3423,3336,3802,4371,4172,3598,4493,7250,6216,3645,4517,7101,6192,14.506,12.2005,8.90558,48.026
41305,3262,3659,3673,3525,3518,4105,5048,4188,3842,5343,8128,5365,3719,4335,5652,4673,8.63855,6.76449,8.89683,48.0233
41306,3163,3243,3318,3413,3375,3577,3825,3846,3465,4241,5391,5472,3617,4819,9061,8111,25.6009,12.9892,8.52786,47.958
41307,3389,3855,5522,7668,3362,3918,5828,9063,3172,3629,4205,4941,3226,3303,3628,3711,-12.6883,22.0661,8.87885,48.28
41308,11857,5919,3727,3501,6910,4879,3813,3406,3968,3870,3499,3252,3387,3315,3210,3191,-23.2165,-29.551,8.82185,47.8027
41309,5318,5293,3993,3390,6897,7807,4440,3501,4818,5053,3864,3451,3773,3741,3614,3319,-8.0826,-13.6418,8.99584,48.1813
41310,3457,4034,7231,10613,3441,3969,5058,6307,3312,3490,3841,4065,3129,3241,3402,3382,-24.1117,20.629,8.78471,47.9813
41311,3488,3949,4945,4815,3510,4556,7631,6621,3470,3946,5513,5128,3340,3629,3925,4033,-4.92428,13.0344,8.94845,48.3327
41312,3400,3874,5854,12554,3426,3704,4730,6087,3365,3383,3693,4027,3215,3246,3392,3468,-33.1279,32.3368,8.7699,47.612
41313,3070,3336,3357,3523,3387,3726,4023,4017,3614,4379,6237,5906,3678,4881,8113,7200,19.1572,13.0074,8.67502,48.298
41314,3279,3345,3219,3179,3677,3813,3518,3381,4579,5191,4546,3822,5836,9845,6558,4231,28.495,-5.74016,8.90455,48.0127
41315,3293,3391,3234,3189,3782,3934,3679,3396,4987,5885,4369,3628,6658,9497,5340,3980,23.295,-9.46901,8.82598,48.1613
41316,3485,3987,5792,10814,3304,3799,5088,7625,3238,3473,3809,4216,3094,3198,3460,3379,-19.5518,27.1501,8.65727,47.8407
41317,4027,4310,4030,3609,4514,6844,5338,4005,4454,6289,5137,4031,3887,4275,4028,3571,-0.951692,-4.14766,8.58084,48.2327
41318,3405,3332,3429,3248,3563,3736,3723,3476,4320,5147,4763,4120,5012,8993,7456,4276,33.6052,-2.17044,8.73487,47.9993
41319,3352,3969,6045,11277,3425,3924,5041,6902,3292,3431,3858,4199,3127,3235,3395,3427,-21.5614,26.0286,8.69857,47.9327
41320,6189,7457,4724,3662,5691,7073,4577,3693,4133,4272,3756,3383,3482,3483,3365,3145,-15.8846,-10.7703,8.73587,48.0567
41321,3262,3560,3913,3887,3490,4024,5347,5129,3538,4450,7726,6378,3484,3926,5123,4898,5.85028,12.7593,8.65998,48.09
41322,6860,6959,4574,3647,6468,6673,4407,3634,4203,4246,3721,3380,3513,3503,3295,3204,-15.7044,-14.0956,8.52329,48.1913
41323,3120,3288,3224,3383,3332,3422,3809,3798,3427,3794,4732,6098,3434,3904,6035,12486,27.5787,32.7495,8.50942,47.524
41324,3644,3474,3406,3336,4223,4615,3912,3445,5978,7960,4668,3631,5340,6419,4549,3661,11.5632,-10.2992,8.80773,48.174
41325,3282,3554,4211,4364,3345,3838,5640,6964,3410,3903,5963,7704,3266,3699,4339,4911,1.14326,19.3687,8.76915,48.262
41326,3697,3944,3558,3344,4618,5748,4529,3649,5379,7743,5076,3836,4425,5007,4064,3591,4.87204,-8.10648,8.50311,48.1387
41327,3051,3211,3479,3373,3306,3392,3779,3960,3249,3730,4781,6508,3325,3874,6082,12329,25.8676,28.3097,8.53043,47.6193
41328,3153,3485,3864,4078,3239,3827,4808,6005,3353,4019,6126,9016,3265,3739,4749,5869,6.08782,21.1855,8.78687,48.3967
41329,3301,3382,3305,3097,3908,3874,3540,3360,5595,5460,4112,3489,9006,8607,4648,3617,24.5447,-15.2696,8.86562,48.2007
41330,4533,7152,8973,5265,4025,4948,5391,4358,3534,3644,3722,3686,3172,3377,3275,3255,-24.7493,2.67379,8.73887,48.2067
41331,7301,10126,5202,3775,4924,5331,4290,3591,3732,3754,3511,3439,3253,3385,3286,3079,-29.3789,-10.6188,8.87052,47.986
41332,3424,3565,3587,3343,3973,4568,4101,3638,4666,7492,5732,3996,4859,6380,5169,3951,12.654,-4.4414,8.53985,48.296
41333,10526,7847,4219,3441,5655,5116,3943,3425,3945,3820,3436,3204,3424,3330,3238,3083,-31.7873,-18.5384,8.79817,47.768
41334,12821,6067,3944,3360,6011,4750,3772,3385,3958,3755,3401,3177,3319,3282,3244,3098,-29.9572,-29.2154,8.82806,47.5627
41335,5677,6018,4250,3563,6572,7744,4438,3637,4714,4717,3904,3368,3523,3705,3484,3079,-10.576,-13.1758,8.99663,48.262
41336,3331,3528,3358,3266,3778,3935,3984,3494,4340,6121,5542,4215,4741,7714,6878,4353,18.9316,-1.85157,8.62768,48.3853
41337,3236,3399,3462,3302,3657,3706,3743,3628,4269,4853,5029,4256,4617,7872,8442,5028,29.6297,1.21068,8.59807,48.3327
41338,3251,3396,3329,3177,3691,3767,3662,3471,4735,5243,4444,3692,6269,9937,6039,3961,30.5881,-7.42305,8.68935,48.0427
41339,3728,5135,9001,7105,3572,4342,6159,5320,3248,3601,3983,3845,3223,3246,3473,3487,-21.4734,11.3068,8.96909,48.312
41340,3450,4171,5596,5433,3420,4441,7640,6869,3355,3809,4759,4701,3172,3515,3845,3778,-9.19729,13.8049,8.87667,47.9693
41341,6644,4721,3757,3285,9973,5304,3827,3360,5816,4296,3631,3279,3915,3715,3334,3138,-8.59053,-28.2987,8.79839,47.9967
41342,3602,3465,3327,3159,4673,3979,3477,3297,9026,5230,3911,3349,8863,5303,3802,3349,14.4305,-29.1631,8.51233,47.8747
41343,3165,3194,3345,3405,3216,3411,3804,4011,3283,3737,4793,6724,3440,4072,5864,12114,23.441,31.5335,8.91499,47.7187
41344,3386,3759,4724,5167,3415,4129,6733,7680,3259,3780,5268,5930,3221,3572,3976,4249,-4.43387,17.5047,8.96832,48.1653
41345,3235,3346,3380,3341,3545,3854,3991,3628,3926,5255,6120,4641,4141,6276,8366,5293,19.7567,4.48064,8.67715,48.2253
41346,4212,3878,3444,3232,6848,4656,3754,3282,9536,5177,3788,3335,5666,4382,3741,3257,4.65204,-27.3395,8.84589,48.1253
41347,4106,6657,9819,5632,3953,4544,5109,4575,3428,3781,3746,3653,3297,3360,3472,3252,-30.6645,4.9977,8.88575,48.256
41348,4398,4696,4097,3549,5404,7338,4863,3664,4865,6216,4397,3746,3962,4057,3581,3459,-2.87394,-8.64649,8.57286,48.1947
41349,3074,3337,3697,3669,3309,3616,4289,4860,3422,3973,5961,8687,3351,3905,5669,7533,12.7264,20.9415,8.86996,48.2347
41350,10048,5625,3934,3411,7943,4961,3904,3393,4261,3964,3566,3370,3491,3514,3207,3233,-17.8248,-33.1709,8.65198,47.8833
41351,3814,3968,3862,3553,4389,5879,4860,3712,4748,7464,5599,3825,4232,4717,4315,3694,3.79673,-4.91657,8.50161,48.4207
41352,3294,3628,4404,5413,3401,3881,5309,9162,3369,3829,4611,6852,3174,3447,3901,4183,-4.2187,33.456,8.56623,47.9053
41353,3647,4541,8104,7671,3571,4289,6192,5921,3244,3636,3922,4031,3038,3317,3413,3593,-19.3722,13.8081,8.63982,48.0867
41354,3975,3864,3446,3179,5835,4910,3814,3371,8387,6506,3997,3440,5433,4817,3751,3393,5.6916,-18.7228,8.8575,48.0787
41355,3287,3403,3433,3188,3819,4083,3971,3541,4687,6244,5522,4128,4848,7397,6275,4426,17.4139,-2.62847,8.5013,48.168
41356,4422,3908,3412,3144,7112,4799,3626,3297,9137,5451,3776,3431,5492,4491,3640,3249,3.71299,-24.3697,8.97706,48.258
41357,3197,3336,3476,3216,3603,3668,3920,3730,3799,4715,6380,4844,3968,5851,8878,5868,20.0591,6.44508,8.88378,48.2993
41358,11681,6602,3990,3332,6458,4896,3797,3359,4071,3785,3557,3285,3438,3393,3256,3128,-23.2994,-24.2202,8.77192,48.0187
41359,3501,4033,6093,6468,3569,4249,7090,7451,3319,3720,4359,4669,3148,3414,3633,3506,-12.3793,15.8709,8.92113,48.148
41360,3804,4429,4306,3845,4200,6350,6420,4233,4065,5655,5627,4178,3655,4078,4005,3659,-2.02735,-0.0549867,8.87656,48.3393
41361,3184,3241,3441,3322,3372,3628,3738,3710,3752,4438,5207,4574,3958,5848,10031,6430,32.36,7.87329,8.94539,47.916
41362,3164,3237,3469,3658,3235,3446,3989,4455,3331,3865,5231,8490,3294,4063,5680,9577,16.711,25.4747,8.81837,48.1227
41363,10224,7703,4210,3441,6069,5132,4005,3509,4045,3880,3522,3244,3251,3434,3242,3106,-24.6567,-19.192,8.74499,48.0113
41364,6924,9867,5724,3900,4820,5277,4473,3628,3739,3884,3631,3398,3310,3387,3268,3161,-28.6129,-9.08776,8.70401,48.2607
41365,4422,5039,4484,3830,4726,7846,5854,3890,4275,5145,4441,3738,3678,3800,3563,3363,-6.6918,-4.24444,8.9791,48.0627
41366,3083,3233,3462,3470,3194,3529,3786,3859,3425,3853,4930,5917,3527,4158,6872,11519,29.4514,22.3089,8.50414,47.878
41367,4651,4160,3650,3300,8005,5068,3835,3289,8007,5153,3902,3325,4866,4133,3664,3246,0.246873,-24.6199,8.56597,48.1693
41368,5775,8396,5574,3992,5041,6476,4855,3832,3849,4254,3796,3469,3444,3349,3317,3114,-18.7121,-7.32983,8.67319,48.3553
41369,3350,3353,3237,3114,3816,3824,3622,3377,5064,5593,4399,3619,6919,9508,5476,3883,24.3593,-9.58973,8.69775,48.1027
41370,3292,3419,3496,3447,3627,4056,4133,3792,4088,5897,6775,4445,4286,6207,6900,4526,15.8369,2.0615,8.86765,48.2573
41371,3259,3362,3421,3248,3605,3804,3771,3424,4241,5353,5184,4159,4832,8196,7798,4538,23.0716,-0.914683,8.86991,48.13
41372,3598,4960,9768,7857,3542,4207,5214,5157,3337,3522,3931,3841,3139,3352,3454,3316,-33.3216,12.2857,8.96813,48.13
41373,3436,3805,5307,6614,3328,3926,6140,9077,3282,3527,4405,5345,3202,3344,3648,3812,-9.80541,21.0664,8.72971,48.132
41374,4276,4353,3636,3249,5800,6013,4197,3499,6456,6862,4259,3486,4513,4458,3833,3409,1.8104,-14.1274,8.55282,48.1993
41375,3244,3605,3803,3831,3419,3865,5189,4789,3626,4700,7894,6458,3527,4061,5383,5076,7.47786,11.9369,8.67684,48.3133
41376,3491,3416,3212,3084,4125,3880,3494,3186,6548,5108,3903,3444,10580,6854,4126,3417,22.4342,-21.5233,8.52675,47.912
41377,3799,3979,3748,3404,4679,5814,4594,3666,4978,7756,5205,3788,4314,4897,4322,3512,4.26641,-6.78257,8.57897,48.3033
41378,4775,6607,5451,4072,4705,7116,5882,4053,3862,4441,4142,3609,3396,3555,3486,3453,-13.4565,-3.3374,8.66579,48.4033
41379,3320,3231,3398,3388,3271,3505,3811,4024,3523,3910,5155,5773,3366,4406,8081,9877,33.8444,17.6866,8.66036,48.026
41380,3549,3685,3263,3185,5005,4190,3660,3282,9417,5273,3951,3460,7934,5169,3832,3395,12.566,-27.1144,8.70093,48.1667
41381,3262,3367,3465,3362,3648,3931,4051,3550,4383,6197,5881,4116,4767,7378,6568,4380,17.5872,-1.66613,8.72375,48.204
41382,3163,3451,3388,3261,3635,3860,4091,3779,4122,5598,6465,4454,4235,6233,7647,5183,17.723,3.21839,8.54622,48.3767
41383,5337,8321,6391,4195,4549,5967,5117,3940,3684,3967,3856,3449,3316,3352,3357,3144,-19.9375,-4.03678,8.83638,47.9613
41384,3472,3489,3340,3111,4456,4032,3452,3270,8269,5158,3873,3325,9809,5673,3953,3419,17.3988,-28.013,8.5391,48.0673
41385,3200,3179,3380,3479,3341,3581,3778,4221,3478,3755,4874,7213,3372,3864,5753,11093,20.8964,31.0902,8.50994,47.7073
41386,4230,4781,4376,3694,4762,7447,5760,3981,4392,5763,4620,3749,3801,3910,3760,3325,-4.45865,-4.70808,8.51145,48.234
41387,4392,7805,8927,5169,4097,4850,5065,4272,3493,3743,3735,3601,3244,3369,3338,3188,-29.78,1.86023,8.81423,48.192
41388,5111,5692,4186,3438,6471,8000,4554,3663,4571,4950,4007,3491,3718,3754,3518,3320,-8.95099,-11.9608,8.82702,48.296
41389,4209,7023,8957,5292,4002,4889,5497,4368,3596,3646,3701,3631,3261,3297,3308,3257,-24.2693,3.20846,8.98183,47.956
41390,3109,3273,3493,3588,3231,3573,3993,4562,3383,3802,5014,8464,3417,3886,5542,9372,16.0291,30.8482,8.79828,47.8013
41391,3218,3591,4161,4133,3557,4196,6272,5683,3516,4245,7122,6212,3544,3917,4562,4508,2.42537,12.9833,8.82639,48.2913
41392,3239,3473,3813,4279,3269,3631,4731,7047,3298,3717,5155,9447,3305,3805,4432,5554,3.86962,31.2578,8.92582,48.13
41393,3380,3988,6170,8516,3464,4015,5829,7898,3254,3528,4137,4411,3204,3232,3611,3541,-15.7743,20.1334,8.84097,48.1187
41394,3376,3665,4103,3809,3575,4376,5825,4676,3665,4783,7804,5544,3541,4092,4908,4453,4.66182,8.96728,8.78307,48.13
41395,3359,3374,3149,3085,4000,3819,3355,3157,6072,4887,3786,3391,12631,6067,3866,3283,28.3962,-28.5777,8.70414,47.5207
41396,3290,4043,6315,12489,3374,3750,4684,6315,3318,3391,3828,3969,3084,3132,3381,3355,-26.1122,27.4547,8.88619,47.812
41397,3608,3499,3289,3139,4359,4195,3603,3295,7550,6112,4084,3455,8104,6277,4081,3503,15.6536,-19.083,8.60829,48.102
41398,3577,3646,3538,3359,4120,4935,4259,3618,5008,7996,5613,3913,4503,5574,4669,3802,9.13866,-5.33407,8.61427,48.0867
41399,3289,3616,4172,4807,3306,3808,4998,8651,3266,3723,4925,7989,3251,3533,4256,4579,-0.627714,26.4806,8.93146,48.1127
41400,3818,4434,4268,3604,4591,6648,5591,3937,4388,6258,5203,3861,3828,4279,3931,3495,-1.12327,-3.43949,8.50776,48.0893
41401,3444,4420,6745,6833,3618,4396,6794,6753,3295,3687,4450,4390,3089,3322,3551,3456,-14.8039,14.7631,8.60982,48.162
41402,3196,3441,3495,3458,3504,3863,3945,3818,4021,5125,6608,4771,4029,5778,7919,5390,18.3524,5.27592,8.55177,48.2407
41403,3509,4276,8151,10420,3396,3949,4967,5556,3238,3555,3772,3959,3172,3229,3267,3417,-29.98,18.1972,8.96799,47.8887
41404,3359,3348,3334,3033,3957,3829,3542,3180,5963,4699,3849,3418,12315,6302,3887,3415,29.3951,-26.5781,8.54241,47.62
41405,4402,4087,3575,3265,7077,5139,3725,3266,8537,5579,3962,3333,5096,4434,3651,3319,2.63188,-22.6206,8.5665,48.298
41406,3822,5057,8574,6786,3590,4492,6338,5329,3257,3747,4107,3794,3175,3301,3498,3501,-20.0422,10.7568,8.50944,48.2453
41407,4891,4262,3644,3285,7721,5914,3901,3359,6956,5410,3951,3428,4587,4121,3635,3397,-1.48519,-19.8268,8.57043,48.308
41408,3952,4221,3876,3524,4543,6531,5310,3955,4577,6583,5321,3894,4046,4342,3943,3694,0.259304,-3.8555,8.84202,48.208
41409,3464,3948,4202,3960,3767,5021,6702,4634,3850,5194,6986,4676,3560,3982,4375,3975,0.789983,5.21483,8.76052,48.1973
41410,3465,3834,5917,11964,3330,3736,4915,6912,3192,3530,3855,4102,3139,3137,3462,3358,-22.9629,29.9388,8.73548,47.8987
41411,3376,3948,5674,9812,3355,3849,5151,8470,3195,3446,3948,4434,3074,3283,3564,3565,-16.9805,29.751,8.65303,48.096
41412,3224,3409,3751,4146,3287,3621,4542,6300,3358,3748,5164,9861,3242,3692,4636,5934,6.1021,32.6038,8.85671,47.9433
41413,3094,3180,3331,3400,3320,3438,3751,3969,3433,3929,4787,6111,3363,3995,6583,12187,28.391,24.6646,8.8256,47.914
41414,3703,3705,3549,3373,4333,5125,3965,3626,5561,7998,5125,3759,4807,5545,4383,3754,8.2235,-8.34116,8.51805,48.2073
41415,9010,6065,3990,3386,7872,5562,3975,3366,4428,4128,3515,3257,3540,3470,3285,2998,-16.761,-21.4019,8.54888,47.898
41416,3343,3889,6317,11502,3361,3724,4829,6617,3235,3544,3871,4052,3100,3272,3432,3373,-23.2711,25.4352,8.51277,47.6407
41417,7297,5099,3815,3235,9470,5702,3895,3367,5287,4208,3644,3335,3773,3547,3359,3117,-10.8552,-24.5083,8.61265,48.1
41418,7546,6797,4273,3459,6920,6430,4288,3424,4265,4269,3633,3381,3459,3483,3352,3095,-16.1756,-16.3248,8.57023,48.0493
41419,3350,3608,3822,3607,3604,4438,5024,4184,3895,5814,7988,4814,3796,4632,5382,4486,7.89302,4.89505,8.75253,48.296
41420,3205,3413,3249,3208,3578,3826,3597,3504,4599,5567,5014,3958,5426,8994,6930,4209,23.3356,-3.67247,8.94483,48.1847
41421,4199,5397,5753,4395,4283,6580,7086,4462,3696,4391,4395,3758,3353,3551,3645,3388,-11.8685,0.940421,8.87141,48.2213
41422,4811,6818,5612,4197,4748,6994,5637,3958,3879,4374,4011,3609,3443,3557,3367,3320,-14.5436,-3.97838,8.56398,48.2233
41423,4223,3937,3512,3125,6576,4876,3782,3394,8748,5653,3967,3407,5419,4565,3623,3290,4.07747,-21.9545,8.68004,48.0647
41424,4166,5040,4356,3759,4865,7981,5622,3878,4305,5593,4571,3716,3515,3864,3736,3420,-5.70117,-4.67962,8.97743,48.258
41425,4207,4016,3782,3293,5610,6159,4098,3523,6222,7210,4341,3480,4574,4583,3770,3356,2.25672,-12.864,8.69018,48.1493
41426,3533,3803,3517,3342,4209,5272,4197,3688,5049,7988,5633,4029,4405,5180,4603,3750,7.44413,-5.76762,8.70975,48.132
41427,10806,7087,4103,3445,6378,5059,3926,3398,4058,3851,3624,3221,3338,3397,3143,3175,-23.8605,-21.1217,8.54639,48.006
41428,3251,3628,4033,4381,3406,3759,5343,6572,3517,3937,6170,8025,3315,3671,4544,5037,2.78181,19.5055,8.96787,48.3927
41429,3229,3358,3517,3451,3365,3697,4481,4115,3646,4583,7346,6148,3609,4520,7108,6032,14.2803,11.666,8.74867,48.1367
41430,9356,8556,4541,3538,5546,5169,4051,3479,3836,3845,3596,3347,3367,3388,3367,3027,-26.1743,-15.9889,8.61251,48.006
41431,3386,3344,3180,3052,3937,3859,3529,3250,5979,4725,3770,3460,12200,6790,4003,3522,28.6084,-24.1391,8.80393,47.9907
41432,3249,3479,3611,3488,3590,4129,4677,4146,3691,5236,8208,5535,3728,4585,6181,4915,10.5939,7.8763,8.98225,48.2987
41433,3757,5457,10183,7093,3680,4252,5169,5073,3333,3561,3718,3602,3181,3234,3308,3356,-29.5905,10.2519,8.94814,47.9713
41434,3296,3336,3424,3320,3459,3722,3723,3619,4097,4662,5024,4241,4386,7595,8875,5195,31.6344,2.18526,8.84242,47.9827
41435,4183,6630,9749,5776,3818,4485,5215,4565,3398,3668,3789,3744,3151,3249,3351,3266,-30.5954,5.5571,8.79276,48.0247
41436,3101,3200,3470,3566,3326,3541,4036,3997,3567,4119,5733,5783,3562,4537,8284,8763,22.5322,15.2682,8.82191,48.39
41437,9567,8315,4497,3454,5610,5191,4022,3556,3983,3797,3544,3188,3434,3379,3293,3064,-26.1039,-16.7782,8.68516,47.9293
41438,3124,3266,3428,3373,3209,3526,3912,3929,3593,4066,5198,5387,3369,4546,8657,9098,32.6287,15.5469,8.50076,47.7873
41439,3392,3339,3141,3140,3896,3864,3466,3248,6093,4800,3726,3442,12045,6508,3982,3370,28.3661,-24.9826,8.51995,47.6347
41440,3580,4217,5285,4728,3710,4900,8121,5891,3530,4061,5365,4567,3259,3601,3758,3715,-7.01345,9.43545,8.753,48.192
41441,11795,7057,4215,3415,5911,4877,3909,3371,3894,3881,3490,3220,3394,3285,3276,3149,-30.3854,-21.7652,8.68863,48.0927
41442,3323,3520,4110,4526,3361,3655,4985,7918,3394,3961,4988,8515,3336,3544,4231,4897,0.985189,33.9471,8.86931,48.176
41443,4594,6919,6194,4471,4423,6403,6023,4355,3695,4167,4071,3676,3331,3454,3483,3322,-15.8475,-1.15518,8.91974,48.3873
41444,3360,3394,3214,3129,3800,3875,3624,3246,5195,5258,4167,3467,8122,9486,5015,3584,30.3668,-12.7687,8.757,47.9573
41445,3257,3882,5204,7947,3354,3849,5117,9545,3263,3524,4183,4999,3094,3331,3579,3748,-12.6804,29.3046,8.50679,47.9173
41446,4072,3796,3328,3159,6285,4628,3580,3267,9820,5319,3775,3374,6014,4536,3690,3206,6.36255,-26.3487,8.96507,47.8993
41447,3840,4757,5613,4412,4015,5839,7842,4869,3668,4403,4824,3995,3366,3564,3647,3592,-9.01101,4.52522,8.51421,48.164
41448,3436,3355,3352,3122,3901,3809,3572,3206,5700,5113,3925,3428,10785,7549,4260,3471,29.6153,-19.454,8.71241,47.9893
41449,3752,4609,5842,4629,3865,5446,7982,5186,3627,4127,4838,4210,3284,3471,3653,3400,-9.71492,5.93546,8.87343,47.9473
41450,3210,3609,4408,5315,3339,3744,5120,9352,3373,3725,4845,7099,3296,3447,3987,4278,-3.39508,32.0318,8.86553,48.098
41451,3376,3699,5317,8469,3377,3824,5168,9230,3356,3586,4161,4903,3190,3263,3542,3661,-13.4993,28.5371,8.78895,48.0813
41452,4188,4204,3715,3451,5766,6383,4204,3501,6089,6817,4280,3486,4397,4479,3882,3445,0.995722,-13.0422,8.57391,48.1913
41453,5129,9058,7314,4362,4449,5078,4689,4151,3632,3768,3697,3480,3208,3297,3430,3238,-30.3803,-2.7967,8.59876,47.9867
41454,3208,3393,3657,3930,3262,3544,4468,5500,3422,3944,5887,8855,3368,3829,5073,6637,9.62846,21.6984,8.5624,47.9847
41455,4004,4821,4793,3979,4305,6924,6927,4405,4024,5065,4996,3894,3508,3712,3825,3605,-6.21522,0.0664627,8.93428,48.5247
41456,3073,3219,3366,3350,3151,3592,3799,3958,3323,3726,5074,5770,3402,4264,7743,10862,26.9403,19.5267,8.90349,47.7813
41457,5125,4550,3569,3304,8500,5752,3961,3311,7000,5084,3862,3410,4382,4040,3494,3220,-2.63905,-22.1261,8.99076,48.376
41458,4764,7411,7126,4748,4184,5755,5602,4274,3637,3952,3834,3573,3244,3423,3305,3242,-19.5728,-0.580117,8.74834,48.0493
41459,3223,3358,3308,3344,3375,3589,3811,3851,3612,4163,5171,5228,3639,4727,9192,8266,32.5043,13.5879,8.55245,47.9047
41460,4624,6246,5337,3890,4840,7395,5807,4016,3969,4509,4117,3669,3439,3520,3520,3477,-12.0359,-3.8637,8.69721,48.25
41461,3446,3311,3248,3178,4074,3774,3518,3306,6219,4741,3699,3377,12747,5946,4002,3396,28.3894,-30.114,8.90866,47.988
41462,5510,7314,5130,3860,5054,7146,5207,3844,3924,4350,3740,3620,3468,3505,3455,3262,-15.5404,-7.10098,8.77441,48.2593
41463,9900,7037,4197,3529,6734,5459,4070,3354,4162,3992,3650,3203,3431,3442,3238,3028,-21.001,-20.1076,8.60616,48.284
41464,6009,7400,4820,3739,5705,7371,4790,3713,4215,4231,3793,3441,3443,3543,3384,3192,-15.6473,-10.0823,8.87324,48.526
41465,3522,4278,7239,8993,3434,4087,5663,6766,3297,3483,4018,4063,3100,3331,3385,3501,-19.5375,18.3481,8.64929,48.1067
41466,4811,4213,3639,3256,8402,5384,3861,3263,7526,5147,3765,3366,4654,4053,3602,3238,-1.33174,-23.2035,8.99834,48.12
41467,3668,4357,5471,4723,3822,5086,8148,5435,3523,4106,5338,4333,3343,3611,3782,3736,-7.88017,8.31125,8.62638,48.3213
41468,6966,5121,3776,3270,9232,5751,3994,3428,5399,4320,3720,3262,3752,3720,3326,3179,-10.5421,-23.3705,8.55213,48.144
41469,5100,7261,5340,3971,4815,7092,5408,3930,3907,4264,3839,3508,3484,3528,3422,3295,-15.1348,-5.47206,8.71722,48.1093
41470,3307,3422,3303,3114,3830,3787,3633,3401,5250,5726,4274,3620,7104,9434,5281,3751,23.6199,-10.746,8.96235,48.158
41471,3650,3497,3243,3148,4573,4113,3543,3184,8397,5380,3728,3389,9356,5656,3913,3428,16.1994,-25.4223,8.57421,48.132
41472,3750,3999,3578,3543,4349,5564,4284,3694,5338,7696,5358,3821,4485,5055,4270,3831,5.83258,-6.76142,8.53207,48.41
41473,7266,4848,3761,3366,9779,5107,3877,3346,5339,4219,3659,3348,3584,3615,3426,3255,-10.6727,-32.4668,8.71687,47.8633
41474,3257,3532,4064,4236,3365,3863,5207,6263,3358,3964,6122,8260,3268,3735,4675,5088,4.09188,19.2788,8.56585,48.1713
41475,3355,3765,4695,5558,3433,3914,6275,8286,3343,3695,5053,6018,3117,3475,3875,4160,-5.02679,19.5285,8.56063,48.0113
41476,6363,4981,3744,3341,9351,5966,3816,3372,5480,4508,3582,3220,3837,3748,3425,3144,-8.72865,-22.8425,8.76597,47.9187
41477,3102,3290,3433,3290,3407,3447,3795,3778,3413,3970,5222,5191,3657,4763,9195,8600,29.6698,14.0744,8.52446,47.702
41478,9484,8896,4518,3594,5428,5142,3915,3585,3705,3961,3493,3259,3334,3463,3252,3194,-30.9735,-15.8485,8.91013,48.1487
41479,3456,3402,3263,3131,3810,3795,3530,3304,5581,5000,3948,3577,9985,8109,4376,3485,30.3504,-17.3285,8.62003,47.8347
41480,3744,4920,7166,5595,3830,4952,7373,5463,3522,3787,4511,4150,3200,3378,3574,3397,-14.1002,8.44418,8.52409,48.3747
41481,3274,3609,4265,4565,3496,3850,5812,6754,3442,4063,6056,7184,3406,3629,4251,4715,0.855045,18.2867,8.56172,48.2473
41482,3532,3405,3252,3056,4182,4003,3539,3228,7418,5252,3913,3441,10364,6484,4078,3407,20.0036,-22.8349,8.64093,48.3693
41483,3437,4057,6393,10889,3485,3788,5059,7084,3237,3472,3968,4132,3139,3222,3358,3431,-21.5581,23.6694,8.50202,48.1007
41484,3473,4153,7455,10789,3361,3966,5154,5757,3260,3458,3797,3918,3174,3275,3344,3506,-32.5596,19.6645,8.62116,47.8933
41485,5382,5816,4263,3591,6378,7954,4567,3719,4508,4802,3860,3504,3746,3636,3417,3187,-10.3048,-11.8772,8.73419,48.22
41486,3115,3195,3522,3535,3307,3429,3928,4413,3393,3809,5190,8069,3377,3817,5793,10148,17.7644,25.6482,8.84345,48.0267
41487,3493,4308,7387,9242,3489,4024,5769,6791,3271,3545,3847,4090,3117,3331,3460,3524,-19.9221,18.4957,8.92731,48.4587
41488,3364,3968,5938,11752,3438,3757,4749,6827,3125,3465,4017,4069,3191,3143,3479,3324,-22.7135,28.1058,8.70038,47.7373
41489,3322,4015,6047,11234,3367,3659,4955,7136,3271,3470,3901,4234,3144,3272,3338,3503,-21.4814,26.4086,8.70953,47.912
41490,3076,3210,3362,3276,3255,3368,3802,4079,3309,3786,4723,6168,3388,3904,6049,12592,26.1099,31.3974,8.93416,47.5647
41491,11162,6530,4080,3528,6936,5058,3943,3468,4067,3824,3514,3221,3484,3375,3173,2980,-21.8139,-23.6894,8.67794,48.2287
41492,12593,6234,4001,3343,6455,4668,3611,3366,4053,3842,3367,3196,3323,3275,3262,3110,-25.7499,-26.9042,8.99844,47.7993
41493,3671,3607,3428,3145,4702,4459,3831,3417,7824,6978,4145,3375,6224,5773,4172,3487,11.2183,-16.6204,8.91887,48.1587
41494,4636,4518,3660,3341,6670,6582,4077,3577,6297,5970,4022,3416,4271,4238,3650,3244,-1.11134,-15.9174,8.6642,48.1127
41495,3513,3803,6019,12543,3426,3766,4744,6241,3249,3525,3824,3846,3091,3178,3393,3430,-26.8929,28.4732,8.83426,47.7273
41496,4844,7992,7298,4555,4266,5585,5236,4137,3609,3868,3821,3548,3274,3329,3380,3330,-21.7236,-1.46999,8.58558,48.048
41497,3683,3548,3304,3118,4848,4308,3582,3273,8607,6075,3989,3338,7478,5568,3951,3338,12.6743,-20.6375,8.99946,48.0053
41498,3719,3796,3748,3541,4189,5421,4527,3684,4878,7723,5860,3958,4196,4993,4461,3866,6.09897,-4.23174,8.80543,48.3733
41499,3303,4166,6684,9287,3585,3911,5537,7296,3134,3443,4106,4391,3114,3260,3487,3579,-18.3345,20.0666,8.69122,48.1887
41500,3132,3256,3376,3332,3230,3414,3728,4047,3452,3776,4864,6405,3428,4053,6342,12066,26.2198,25.7696,8.50091,47.934
41501,3223,3563,4063,4653,3343,3756,5047,8140,3342,3747,5053,8330,3187,3690,4186,5036,0.356005,27.2944,8.65174,48.2393
41502,3428,3419,3202,3217,3801,3809,3615,3445,5026,5234,4123,3556,8521,9441,4845,3783,27.5964,-13.6864,8.98044,48.31
41503,6838,7637,4635,3578,6101,6518,4389,3549,4286,4209,3684,3319,3591,3472,3322,3118,-16.9547,-13.3636,8.5675,48.164
41504,3167,3318,3204,3454,3268,3431,3720,3952,3464,3842,4690,5971,3389,3834,6217,12786,32.2507,28.136,8.94754,47.8047
41505,3417,3616,4168,3926,3370,4152,6084,5338,3612,4347,7408,6221,3427,3928,4609,4625,3.32782,12.0681,8.82043,48.1653
41506,3403,3867,5055,7787,3373,3796,5297,9689,3367,3412,4278,4992,3172,3221,3503,3667,-12.0598,33.0477,8.83435,47.9193
41507,3077,3322,3453,3520,3275,3528,4073,4438,3518,3997,5830,7632,3413,4142,6592,8763,16.8534,20.687,8.77864,48.382
41508,3237,3422,3393,3301,3284,3596,3736,3789,3627,4299,5360,4845,3863,5459,9930,6927,27.872,9.80136,8.92617,48.0453
41509,3948,5700,9076,6224,3829,4653,6023,5004,3416,3661,3897,3800,3195,3281,3529,3245,-21.4788,8.04009,8.71527,48.3207
41510,3481,3807,5550,9696,3487,3829,5120,8252,3248,3504,4020,4319,3118,3289,3488,3510,-16.9252,33.5281,8.63326,47.812
41511,3265,3572,3826,3908,3448,4019,5126,4918,3611,4583,7813,6558,3540,4145,5173,4999,7.22278,12.5578,8.93945,48.336
41512,4257,5420,5066,4036,4601,7403,6483,4061,3924,4749,4536,3666,3459,3619,3619,3410,-8.84064,-2.02919,8.8224,48.206
41513,9288,8746,4581,3405,5521,5029,3931,3343,3852,3768,3592,3296,3416,3255,3290,3226,-32.1121,-15.8637,8.86013,47.6927
41514,3372,3415,3238,3044,4174,3771,3384,3261,6444,4848,3768,3421,12282,6187,3963,3453,25.4116,-27.1016,8.59822,48.0167
41515,3225,3373,3770,3898,3250,3642,4444,5686,3311,3855,5394,9884,3292,3825,4757,6667,8.47209,26.6802,8.92675,48.182
41516,4504,5795,4921,3821,4956,7855,5799,3906,3998,4769,4294,3667,3467,3730,3575,3357,-9.96873,-4.37866,8.88133,48.276
41517,3348,3431,3378,3263,3760,3951,3822,3411,4462,5568,4960,3943,5164,8472,6902,4404,22.1209,-2.88397,8.69444,48.1593
41518,3081,3138,3377,3297,3138,3458,3763,3976,3446,3806,4708,6335,3361,3930,6208,12475,26.3932,26.9034,8.80522,47.6647
41519,4374,6463,6929,4548,4269,5886,6182,4409,3630,3987,4175,3822,3227,3516,3525,3277,-17.0446,1.02622,8.90525,48.146
41520,3194,3369,3649,3914,3281,3833,4644,5170,3460,4207,6999,7703,3388,3923,5615,5919,9.14202,16.6647,8.81885,48.1787
41521,5101,8920,7622,4492,4305,5012,4745,4027,3588,3791,3776,3487,3285,3300,3319,3273,-29.2347,-1.6821,8.93462,48.0287
41522,3335,3426,3335,3203,3761,3673,3633,3342,4860,5172,4225,3702,6990,9955,5348,3758,32.5037,-9.87644,8.90852,47.812
41523,3200,3371,3822,4064,3308,3614,4580,6145,3377,3862,5267,9775,3331,3674,4633,6037,6.54501,33.3169,8.77697,48.04
41524,4406,4171,3561,3198,6714,5543,3947,3339,7821,5920,3889,3446,4931,4468,3628,3291,2.29463,-19.534,8.85388,48.182
41525,5069,8491,8108,4864,4153,5086,4933,4062,3442,3738,3737,3563,3263,3329,3285,3304,-25.9109,-0.543982,8.87553,48.2847
41526,3425,4037,5838,8921,3412,3763,5434,8237,3168,3491,4145,4626,3106,3337,3571,3673,-16.1843,23.069,8.64007,48.1227
41527,3043,3355,3817,3820,3292,3732,4845,5425,3457,4130,6513,8279,3331,3841,5063,6085,8.29257,18.787,8.71689,48.0187
41528,5510,9623,6695,4117,4488,5083,4575,3861,3665,3919,3677,3475,3263,3339,3225,3241,-33.6718,-4.38392,8.96506,47.8373
41529,3421,3980,4967,5443,3493,4326,7231,7502,3372,3870,5196,5241,3151,3551,3840,3949,-6.34864,15.4831,8.9556,48.3553
41530,3461,3867,5980,12338,3393,3829,4778,6622,3291,3403,3846,4016,3024,3176,3303,3378,-24.1211,30.7033,8.92465,47.8033
41531,6121,4750,3721,3329,9939,5145,3902,3364,6068,4465,3667,3311,3954,3812,3433,3261,-7.05728,-30.8115,8.8443,48.1613
41532,3771,3635,3354,3130,5259,4265,3570,3349,9794,5261,3753,3512,7207,4944,3833,3223,10.566,-29.889,8.57219,47.9067
41533,12215,6255,3879,3259,6663,4914,3784,3393,4011,3865,3408,3175,3405,3414,3234,3021,-24.448,-26.5488,8.99345,47.93
41534,3443,4059,5468,6952,3423,3948,6276,8678,3340,3635,4328,5040,3180,3233,3595,3734,-11.5143,20.4334,8.70271,48.2213
41535,3387,3299,3318,3113,3610,3855,3592,3475,4354,5062,4805,4010,5432,9406,7160,4284,31.1078,-3.4985,8.70152,48.108
41536,3453,4330,6911,8173,3498,3967,6062,7033,3343,3672,4150,4305,3086,3195,3523,3529,-17.5004,17.8307,8.86033,48.1533
41537,3290,3431,3523,3434,3428,3874,4480,3955,3909,5115,7507,5237,3857,5067,6937,5096,13.9841,6.78759,8.95547,48.0933
41538,3438,4016,4130,3990,3861,5249,6420,4382,3862,5573,6824,4577,3598,4109,4280,3954,1.04632,3.55899,8.9402,48.1753
41539,3216,3338,3613,3571,3311,3779,4595,4459,3522,4320,7029,6821,3501,4328,6432,6162,12.8613,14.1972,8.50139,47.998
41540,3213,3438,3437,3368,3162,3479,3787,3829,3379,3708,4775,6133,3421,3975,6280,12377,29.4226,26.3472,8.61503,47.8407
41541,3362,3837,4905,7146,3350,3952,5191,9893,3357,3634,4324,5274,3175,3400,3621,3768,-10.025,31.955,8.76699,48.126
41542,3291,3382,3413,3277,3480,3595,3754,3612,3953,4614,5040,4344,4356,7246,9285,5229,31.9524,2.97359,8.72138,47.914
41543,3162,3278,3438,3282,3448,3631,3875,3656,3897,4655,5051,4468,4051,6632,9904,5826,31.0241,5.39841,8.63654,48.1693
41544,4712,4684,3806,3471,6380,7492,4277,3478,5366,5950,4129,3529,4031,3983,3629,3289,-3.4487,-12.8958,8.91721,48.1373
41545,3415,3421,3182,3171,3848,3815,3473,3216,6789,4904,3842,3457,12152,6005,3971,3460,23.3346,-33.3202,8.98693,48.0807
41546,3623,3662,3299,3035,5115,4322,3675,3260,8910,5840,3922,3329,7650,5402,3948,3389,12.3785,-22.0977,8.80045,48.254
41547,6923,4692,3643,3328,9894,5313,3831,3416,5614,4434,3647,3379,3861,3799,3431,3151,-9.04138,-28.1421,8.59183,48.2373
41548,3632,3378,3301,2990,4560,4036,3612,3293,8013,5375,3986,3409,9359,5963,3893,3338,16.6595,-23.8108,8.63755,48.092
41549,3646,4865,9470,8239,3498,4153,5197,5247,3411,3703,3775,3806,3188,3262,3325,3299,-27.6791,13.6681,8.88143,48.056
41550,3096,3325,3359,3425,3271,3573,3809,4132,3318,3806,4995,7096,3342,3973,6583,10917,20.8792,23.6436,8.97791,48.0133
41551,3359,3451,3480,3349,3715,3913,3911,3617,4387,6206,5713,4176,4729,7199,6544,4395,17.6808,-1.37165,8.96035,48.096
41552,3810,3712,3391,3069,5185,4650,3585,3343,8464,6465,4068,3381,6244,5226,3948,3512,9.44065,-18.638,8.78751,48.0353
41553,3646,3654,3353,3121,4987,4184,3690,3219,9339,5142,3789,3346,8102,5094,3937,3337,13.0374,-29.5251,8.61992,47.96
41554,3560,4137,4903,4520,3622,4958,7841,5487,3517,4182,5852,4767,3411,3662,3979,3911,-4.63759,9.12631,8.67273,48.206
41555,3236,3298,3333,3401,3389,3729,3812,3829,3582,4297,5254,4844,3895,5625,10000,6741,30.2487,8.65738,8.86811,48.1767
41556,12729,6424,3862,3379,5964,4854,3804,3289,3915,3787,3396,3241,3441,3459,3187,3089,-28.9148,-25.6213,8.95306,47.88
41557,3444,3988,6140,9609,3351,3869,5430,8032,3224,3478,3896,4520,3174,3372,3528,3532,-17.1629,23.8745,8.66376,48.3913
41558,3171,3322,3718,3909,3203,3670,4418,5605,3436,3903,5303,9934,3341,3674,4957,6734,8.94833,28.2317,8.69912,48.1987
41559,3219,3523,4345,5039,3397,3775,5169,8878,3273,3745,4806,7679,3281,3519,3880,4426,-2.17282,33.7405,8.99061,47.9693
41560,3245,3444,3584,3512,3596,4072,4579,4003,3917,5545,7768,4963,3977,5014,6451,4789,12.3433,5.46506,8.89642,48.306
41561,3172,3369,3365,3299,3259,3629,4029,3885,3780,4428,5791,5166,3869,5497,9362,6580,22.1582,9.20175,8.6472,48.32
41562,5432,9172,6887,4275,4449,5159,4717,3901,3675,3846,3708,3517,3322,3432,3418,3225,-32.7877,-3.81634,8.52839,48.09
41563,4946,6272,4783,3844,5193,7925,5466,3862,4210,4576,4039,3572,3504,3529,3514,3263,-11.7169,-6.58175,8.74057,48.332
41564,5938,9860,6398,4005,4568,5195,4548,3824,3669,3717,3607,3422,3351,3350,3195,3139,-28.7124,-6.21484,8.89236,47.8573
41565,8175,5146,3769,3419,9260,5256,3866,3396,4835,4117,3582,3237,3641,3608,3322,3162,-12.9944,-30.4009,8.81785,47.8607
41566,3690,3614,3465,3221,4849,4867,3856,3529,7010,7497,4415,3674,5652,5485,4231,3470,9.48933,-14.3485,8.78705,48.35
41567,3341,3478,3345,3131,3977,3832,3594,3379,5289,5226,4144,3519,8473,9087,4643,3577,31.9126,-13.8117,8.54815,48.0233
41568,3348,3455,3253,3273,3687,3735,3627,3473,4512,5126,4709,3854,5771,9501,6677,4099,29.5176,-5.18344,8.55328,48.0667
41569,4013,5363,6920,5165,3946,5414,7213,4850,3592,3937,4370,3855,3325,3379,3555,3414,-14.8545,4.88333,8.823,48.2073
41570,3190,3509,3900,4223,3349,3711,5082,6234,3450,3960,6217,8495,3345,3716,4657,5358,4.99256,19.7134,8.85815,48.264
41571,3069,3344,3646,3657,3258,3649,4242,4730,3515,3971,6294,8098,3417,3977,5715,7411,13.2948,19.3928,8.81828,47.9953
41572,3327,3724,4583,5650,3367,3795,5166,9659,3314,3649,4606,6660,3159,3362,3820,4171,-4.96392,31.9571,8.86684,48.008
41573,3425,4031,5128,5465,3429,4200,7041,7567,3436,3895,5169,5332,3229,3433,3871,3988,-7.21708,15.8113,8.93963,48.426
41574,3199,3270,3376,3429,3224,3459,3805,3859,3394,3817,4709,6061,3317,3893,6559,12269,30.886,25.4267,8.86751,47.76
41575,3158,3347,3613,3734,3314,3607,4301,5476,3362,3852,5734,9426,3299,3767,5074,6906,10.2683,23.7054,8.72504,47.98
41576,3417,3507,3216,3236,3890,4029,3716,3453,4990,6620,4785,3682,5762,8357,5466,3979,18.5812,-7.32174,8.73146,48.07
41577,5175,4865,3919,3381,7469,6990,4192,3495,5382,5146,3956,3409,4040,3938,3615,3265,-5.51542,-15.8671,8.81777,48.158
41578,4438,6905,8461,5061,4068,5112,5784,4425,3521,3723,3916,3502,3240,3328,3431,3217,-21.2332,2.93021,8.84969,48.088
41579,3766,4701,5955,4891,3788,5259,7966,5336,3780,4095,4768,4158,3186,3478,3691,3579,-10.6025,7.06552,8.50063,48.2647
41580,3370,3413,3248,3114,3902,3776,3538,3309,5658,5207,4022,3517,9749,8254,4360,3579,27.3083,-17.0627,8.61955,48.0107
41581,7259,9500,5251,3762,5188,5603,4250,3742,3753,3814,3576,3378,3354,3396,3271,3197,-24.5346,-11.0349,8.5655,48.196
41582,3057,3278,3467,3587,3215,3538,4114,4459,3482,3780,5120,8411,3354,3919,5528,9449,16.4651,29.9225,8.58444,47.8387
41583,6571,7091,4364,3579,6467,7034,4596,3541,4317,4418,3674,3381,3509,3565,3235,3140,-15.0927,-13.3798,8.72917,48.3213
41584,3323,3299,3358,3253,3818,3759,3666,3397,4876,5411,4404,3625,6922,9813,5398,3888,31.6636,-9.54131,8.56842,48.14
41585,3104,3418,3601,3865,3392,3635,4453,5363,3468,3963,5815,9336,3428,3713,4915,6673,9.30838,23.238,8.5859,48.0947
41586,3246,3361,3285,3148,3849,3792,3719,3321,5044,5858,4453,3708,6646,9618,5517,3871,23.3838,-9.10643,8.84069,48.2907
41587,4202,3829,3416,3101,6191,4610,3714,3391,9646,5460,3780,3386,5964,4498,3715,3264,6.03908,-25.37,8.7722,48.1113
41588,3597,4454,6899,7044,3570,4311,6712,6747,3351,3760,4303,4392,3163,3315,3448,3603,-15.3718,15.0024,8.97139,48.446
41589,7312,9503,5075,3716,5091,5781,4208,3619,3740,3887,3618,3362,3405,3367,3309,3090,-23.4255,-11.4305,8.8933,48.0553
41590,7310,5570,4138,3400,8520,6411,3966,3347,4797,4400,3554,3195,3682,3616,3341,3009,-12.3947,-19.6949,8.94801,48.1707
41591,6657,9362,5510,3811,5025,5778,4442,3673,3751,3952,3731,3462,3365,3320,3272,3155,-23.6024,-9.16979,8.54308,48.1773
41592,4632,6978,6654,4514,4330,6134,5930,4377,3728,4036,3999,3628,3214,3368,3473,3273,-17.2497,-0.904349,8.5786,48.1787
41593,3201,3379,3451,3321,3506,3794,3943,3882,3910,5079,6307,4785,4089,6035,7989,5381,18.8095,4.83804,8.62576,48.0347
41594,3907,3764,3567,3267,5457,4850,3732,3299,8363,6551,3939,3414,5778,5017,3772,3417,7.65387,-18.7194,8.87569,48.0627
41595,3607,4549,8022,8505,3558,4073,5728,6016,3294,3617,4037,3941,3018,3258,3357,3548,-20.7905,15.8666,8.74338,48.0853
41596,4174,6616,9748,5875,3877,4514,5126,4516,3387,3709,3759,3739,3268,3282,3424,3190,-28.376,5.56197,8.59887,48.136
41597,3219,3305,3230,3324,3228,3357,3739,3842,3398,3751,4853,6279,3529,3944,6000,12478,26.3662,33.7157,8.76613,47.6507
41598,3291,3910,5202,7216,3432,3892,5726,9431,3262,3510,4259,5169,3156,3399,3619,3772,-11.1549,23.7057,8.80924,48.164
41599,3731,3676,3325,3145,4859,4332,3667,3357,7970,6179,3933,3398,7025,5701,4081,3524,12.5019,-19.0466,8.55699,47.9353
41600,3351,3410,3329,3361,3568,3810,3810,3488,4238,5026,4908,4138,4895,8460,7928,4467,33.2362,-0.777875,8.78488,48.1247
41601,6198,7536,4791,3644,5819,6971,4629,3656,4067,4247,3712,3321,3433,3436,3363,3194,-16.3528,-10.7981,8.71039,48.0113
41602,3514,3960,3827,3684,3910,5186,5022,4057,4326,6800,6734,4318,4013,4619,4613,4003,4.97805,0.0885037,8.51177,48.3907
41603,3508,3374,3174,3149,4250,3894,3475,3271,7172,5319,3931,3424,10281,6521,4097,3362,20.0978,-22.0408,8.92558,48.1347
41604,3854,4435,4193,3764,4517,6416,5799,4020,4201,6014,5506,3945,3808,4098,3968,3747,-1.32803,-2.10976,8.63027,48.19
41605,3442,3485,3466,3246,3898,4164,4002,3595,4838,7200,5530,4029,4832,6897,5625,4110,15.0127,-4.03018,8.8021,48.2393
41606,4463,4098,3559,3282,7441,4860,3725,3349,8759,5078,3812,3368,5016,4213,3680,3277,2.11393,-33.648,8.63802,47.9867
41607,12594,6174,3922,3396,6167,4623,3732,3286,3834,3704,3563,3162,3442,3376,3174,3242,-29.2402,-25.9661,8.93644,47.594
41608,3105,3262,3448,3451,3268,3409,3876,4027,3442,3738,5318,6724,3420,4136,7107,10192,21.6935,20.6997,8.87892,47.9487
41609,3209,3509,3907,4015,3307,3676,4864,6034,3277,4074,6329,8554,3404,3776,4856,5748,6.2565,19.5364,8.7801,48.3593
41610,3109,3386,3597,3570,3394,3770,4316,4175,3644,4533,7185,6338,3579,4343,6935,6364,14.5686,12.7022,8.50922,48.1587
41611,3673,4151,4870,4276,3710,5187,7768,5244,3700,4439,5862,4548,3352,3714,3971,3822,-4.50405,7.15631,8.53781,48.1913
41612,9710,8206,4428,3512,5715,5202,4068,3485,3922,3869,3559,3281,3326,3321,3207,3168,-33.8965,-17.1543,8.69861,47.986
41613,5860,4621,3703,3373,9621,5156,3792,3390,6494,4594,3695,3248,4079,3881,3465,3216,-5.42954,-30.7926,8.71757,48.1253
41614,3574,4162,5383,5112,3697,4625,7693,6320,3402,4075,5187,4909,3216,3482,3904,3783,-7.70746,11.6393,8.66456,48.3493
41615,9295,8470,4597,3529,5527,5208,3925,3614,3956,3970,3536,3270,3328,3470,3200,3224,-32.2502,-16.224,8.51671,48.0793
41616,3767,4257,4407,3818,4253,6316,6246,4204,4067,5707,5603,4137,3633,4137,4069,3705,-1.42912,0.130417,8.78248,48.2173
41617,11584,7023,4135,3394,6141,4859,3975,3450,3963,3760,3405,3180,3383,3371,3200,3113,-26.3159,-22.2602,8.87984,47.9573
41618,3214,3408,3421,3275,3401,3825,3925,3773,3911,4777,5526,4393,4173,6804,8992,5488,23.4729,4.0785,8.51564,48.204
41619,3962,3783,3412,3236,5733,4321,3670,3288,9694,5327,3762,3425,6694,4884,3687,3322,8.82813,-27.6712,8.52289,48.1333
41620,3584,4159,4339,3915,3926,5542,6728,4471,3969,5359,6263,4427,3515,4077,4252,3839,-0.778312,2.89324,8.79311,48.2433
41621,3065,3202,3386,3519,3131,3363,3922,4102,3515,3849,4934,6996,3449,3972,6418,11049,22.2599,24.069,8.76571,47.9147
41622,3052,3244,3437,3428,3216,3411,3904,3909,3439,3771,4808,6510,3425,4068,6231,12109,25.9192,25.9345,8.57367,47.9747
41623,3303,3885,5522,9657,3369,3759,5159,8676,3271,3475,3978,4615,3070,3258,3338,3598,-16.4846,29.0251,8.81966,47.9553
41624,5171,6912,5138,3883,5065,7557,5193,3892,3926,4410,3968,3588,3372,3551,3429,3286,-14.0512,-6.30217,8.90044,48.2273
41625,3753,3682,3287,3320,5411,4325,3628,3339,9568,5256,3955,3382,7328,5018,3745,3245,10.7232,-32.6719,8.53166,48.1613
41626,4387,4527,3803,3400,5499,7180,4738,3686,5173,6415,4481,3518,4037,4151,3806,3413,-2.11185,-9.39094,8.58284,48.1427
41627,4144,5136,5211,4241,4174,6832,7163,4404,3751,4565,4532,3987,3455,3588,3706,3539,-8.79038,0.45683,8.82815,48.2853
41628,3188,3567,3940,4078,3416,3959,5301,5512,3569,4277,7065,7056,3379,3887,4885,5092,5.13261,15.4107,8.59601,48.114
41629,3253,3318,3385,3243,3568,3705,3746,3609,4203,4997,5045,4123,4673,8003,8358,4949,27.7025,0.835895,8.75519,48.1187
41630,3267,3364,3350,3233,3623,3855,3710,3536,4228,4924,4959,4204,4717,8301,8145,4677,32.5211,-0.425219,8.61352,48.062
41631,3119,3398,3382,3259,3437,3688,3832,3607,3977,4639,5137,4433,4188,6816,9542,5593,30.0212,4.70061,8.72217,48.0313
41632,3378,3293,3294,3150,3979,3714,3407,3247,6047,4793,3721,3290,12719,6044,3928,3289,29.4667,-30.1242,8.92835,47.5287
41633,5865,5708,4156,3384,7175,7431,4363,3578,4865,4669,3732,3395,3763,3778,3444,3085,-10.2775,-14.7263,8.80008,48.2607
41634,3853,4406,5098,4393,3806,5626,7794,5022,3697,4535,5377,4282,3410,3734,3792,3646,-6.36113,4.8834,8.57277,48.314
41635,3095,3210,3385,3370,3084,3440,3708,3935,3388,3687,4656,6537,3444,3971,6034,12450,25.5395,28.4223,8.76883,47.596
41636,11449,6201,3961,3438,7022,4930,3797,3299,4080,3845,3471,3146,3469,3405,3255,3144,-22.1076,-26.13,8.99655,47.9413
41637,5590,8178,5857,4090,4801,6448,4931,3870,3909,3979,3827,3452,3335,3577,3395,3178,-19.1032,-6.00065,8.52644,48.278
41638,3787,3858,3535,3238,5000,5098,3877,3519,7067,7400,4382,3568,5456,5359,4078,3441,7.70543,-14.0759,8.85887,48.442
41639,3383,3821,5232,8286,3403,3824,5146,9175,3261,3547,4212,4775,3198,3344,3664,3737,-13.4275,33.0905,8.61924,48.0053
41640,3244,3556,3962,3956,3407,4004,5368,5219,3595,4307,7434,6994,3410,3880,4936,5036,5.66448,14.4183,8.79478,48.2053
41641,3376,3367,3295,3175,3858,3700,3362,3153,6139,4687,3790,3414,12987,6130,3838,3362,28.5628,-27.9033,8.90483,47.7553
41642,3074,3188,3503,3501,3251,3543,3916,4313,3412,3837,5065,8134,3392,3753,5806,10163,17.5971,28.1373,8.6508,47.9007
41643,12009,6772,3833,3289,6191,4800,3740,3505,3900,3757,3411,3278,3392,3364,3204,3137,-28.0926,-23.901,8.69092,47.7213
41644,3261,3553,4002,3869,3436,3993,5453,5204,3627,4501,7767,6569,3423,3937,4969,4923,5.14138,13.0079,8.96136,48.3247
41645,4978,8884,7989,4686,4255,5024,4661,3966,3434,3723,3709,3550,3251,3364,3417,3292,-29.001,-1.346,8.8848,48.122
41646,3188,3305,3506,3494,3168,3441,4105,4383,3419,3890,5144,8120,3358,3906,5933,10004,17.8685,24.7094,8.94942,48.2427
41647,4301,4387,3815,3460,5814,7072,4341,3447,5530,6562,4384,3625,4181,4351,3724,3369,-0.937974,-11.8133,8.79157,48.242
41648,3947,3977,3534,3232,5048,5735,4000,3468,6107,7980,4641,3654,4770,4975,3952,3447,4.97,-11.434,8.95596,48.3113
41649,3401,3368,3180,3104,3901,3880,3609,3318,5361,5167,4053,3519,8511,8951,4537,3470,33.4609,-14.483,8.51681,47.5533
41650,7010,7529,4633,3643,6108,6619,4390,3597,4116,4102,3555,3339,3466,3486,3295,3193,-17.1353,-13.3771,8.88091,48.054
41651,5779,4955,3722,3432,8645,6446,3993,3473,5638,4771,3800,3218,4084,3774,3473,3150,-7.15436,-19.6348,8.6866,48.2353
41652,3871,4170,3856,3395,4580,5968,4754,3640,5138,7560,5311,3874,4277,4746,4214,3604,3.49268,-6.36847,8.67926,48.6387
41653,3306,3844,5126,8189,3447,3849,5315,9431,3280,3642,4190,4883,3165,3345,3574,3655,-13.1926,29.3458,8.80799,48.1607
41654,3477,3305,3210,3090,4179,3884,3444,3341,7626,4994,3680,3406,10835,5897,4040,3290,19.759,-29.9833,8.70889,47.7987
41655,10542,7475,4201,3448,5978,5190,3955,3432,3998,3841,3571,3343,3397,3478,3205,3068,-24.7375,-19.9399,8.69721,48.0813
41656,3416,3497,3427,3090,4029,4074,3575,3376,6057,6087,4259,3411,7805,8028,4572,3657,19.3763,-14.3213,8.93565,48.24
41657,5013,4306,3525,3275,8585,5283,3855,3296,7628,4911,3744,3307,4501,4116,3451,3281,-1.79455,-25.4776,8.55602,48.0513
41658,4176,5132,4888,3794,4688,7509,6289,4120,3945,5041,4526,3826,3500,3801,3694,3429,-7.53756,-2.39552,8.60994,48.2387
41659,3701,4795,8177,6934,3591,4484,6447,5768,3350,3690,4050,3947,3162,3329,3544,3481,-18.7728,11.9722,8.51557,48.3
41660,3322,3854,5040,7301,3374,3789,5358,9881,3230,3551,4380,5382,3032,3271,3713,3801,-10.5357,26.6292,8.55874,48.186
41661,4990,8599,7803,4553,4294,5086,4802,4024,3594,3857,3792,3490,3243,3377,3292,3304,-27.0312,-1.36727,8.71435,48.0667
41662,3592,3671,3571,3307,4239,4986,4065,3597,5636,7928,4988,3829,4925,5856,4422,3691,9.80928,-8.5307,8.53467,48.202
41663,3403,3926,5603,8263,3361,3875,5542,8657,3298,3601,4270,4681,3133,3338,3587,3645,-14.1484,23.2538,8.68466,48.122
41664,3414,3362,3185,3127,3941,3799,3455,3261,5662,5057,4044,3329,10478,7941,4372,3496,27.2933,-18.5472,8.73533,47.9487
41665,4052,5121,4805,3913,4502,7193,6720,4243,4018,4841,4761,3908,3516,3695,3783,3488,-7.59479,-0.720683,8.85029,48.3727
41666,3378,3919,5685,10418,3403,3738,5043,7916,3208,3551,4024,4270,3228,3251,3359,3417,-18.3576,31.8005,8.98904,47.872
41667,6584,5440,3801,3463,8688,6265,4072,3344,4996,4544,3671,3247,3861,3659,3379,3060,-10.7025,-19.7449,8.83164,48.0493
41668,8969,8852,4700,3561,5496,5241,4075,3452,3849,3870,3476,3262,3472,3344,3249,3153,-28.7899,-15.0918,8.63756,48.014
41669,3901,3691,3312,3268,5851,4518,3623,3277,10016,5125,3838,3488,6547,4794,3668,3372,8.42045,-31.5283,8.89841,48.1927
41670,3458,3841,6154,12487,3347,3732,4631,6107,3242,3375,3820,3894,3137,3322,3319,3307,-30.8854,27.8321,8.62928,47.4487
41671,3088,3238,3359,3349,3212,3452,3879,3998,3301,3770,4807,6811,3403,4016,5983,12101,23.8256,31.9122,8.97847,47.8447
41672,5287,4491,3683,3198,8683,5755,3829,3284,6690,5033,3812,3262,4283,3896,3490,3202,-3.62706,-21.3149,8.88725,47.9187
41673,3214,3628,4300,4411,3396,4062,5959,6543,3450,4046,6225,6904,3316,3698,4388,4622,0.728903,16.8185,8.75429,48.108
41674,4063,3790,3466,3184,5926,4368,3569,3221,9695,5198,3782,3342,6490,4812,3794,3323,8.0297,-29.8148,8.50628,48.0153
41675,3829,3572,3295,3175,4962,4179,3551,3242,9528,5241,3843,3427,7992,5136,3823,3332,12.7116,-28.3852,8.92207,48.0847
41676,3406,3310,3227,3067,3967,3739,3370,3242,6582,4779,3805,3419,12452,5995,3907,3447,24.9944,-31.6946,8.71475,47.8093
41677,3058,3125,3370,3340,3249,3462,3746,4019,3366,3974,4879,6559,3339,4057,6431,12039,25.2707,25.1946,8.61847,48.0087
41678,3315,3458,3207,3116,3732,3711,3554,3335,4801,5272,4242,3730,6981,9997,5434,3725,30.8462,-9.70778,8.906,47.74
41679,3277,3756,4821,6730,3382,3835,5226,9854,3270,3677,4333,5668,3140,3411,3691,3991,-8.75903,29.2512,8.70687,48.0413
41680,3589,5008,9485,8149,3514,4073,5506,5203,3257,3549,3755,3854,3118,3214,3275,3402,-26.5063,13.1304,8.90488,47.9673
41681,4431,5041,4262,3745,5263,7978,5242,3835,4535,5554,4414,3543,3763,3853,3536,3369,-5.6259,-6.71542,8.71558,48.2427
41682,4717,7858,8467,4917,4118,4814,5030,4274,3536,3717,3690,3609,3224,3364,3329,3267,-27.2691,1.10877,8.51572,47.954
41683,6316,4711,3736,3299,10058,5239,3775,3348,6127,4315,3641,3261,4121,3769,3433,3155,-7.04901,-29.1679,8.55661,48.2027
41684,3391,4143,7285,10926,3468,3942,5074,5779,3278,3484,3827,3948,3076,3273,3395,3429,-28.1382,20.36,8.64496,47.812
41685,3546,3828,4665,4421,3714,4683,7598,5446,3602,4408,6172,4966,3398,3821,4154,3997,-2.58713,8.89544,8.99116,48.2793
41686,3702,4915,7424,5704,3750,4709,7176,5510,3523,3802,4262,4104,3279,3371,3523,3413,-15.6598,9.36186,8.73382,48.1113
41687,9429,5492,3866,3346,8743,5194,3884,3436,4578,4001,3450,3169,3587,3478,3306,3114,-16.4007,-26.9997,8.88116,48.0487
41688,4146,4516,4177,3569,4729,7209,5394,3937,4570,6123,4805,3917,3859,4109,3777,3619,-2.58978,-4.8407,8.50714,48.304
41689,3120,3236,3274,3299,3378,3697,3810,3873,3592,4244,5076,5117,3754,5115,9713,7375,31.776,10.8984,8.71415,47.782
41690,4097,4599,4053,3600,4879,7251,5259,3836,4437,6319,4898,3800,3779,4094,3860,3690,-2.48516,-5.69222,8.7085,48.3007
41691,12624,5967,3906,3497,5911,4678,3668,3293,3848,3724,3423,3186,3456,3403,3262,3138,-30.3442,-32.8129,8.8053,47.3227
41692,3551,3550,3288,3242,4994,4122,3530,3274,9327,5191,3986,3391,8000,5095,3705,3318,12.6424,-33.4517,8.74179,47.7093
41693,3463,3556,3480,3344,3860,4501,4212,3722,4581,7472,5941,4061,4577,5857,5364,4103,11.7859,-2.87496,8.61706,48.0627
41694,3202,3402,4086,4495,3275,3663,4881,7299,3432,3838,5233,9052,3183,3606,4287,5249,2.73554,25.3699,8.81755,48.122
41695,4624,4871,4150,3566,5755,8019,4749,3622,4873,5889,4371,3536,3853,4022,3597,3340,-4.84136,-9.68552,8.92017,48.558
41696,6698,9761,5640,3973,4822,5469,4389,3747,3749,3891,3631,3401,3283,3376,3425,3170,-25.9236,-8.88717,8.69326,48.2833
41697,4358,6982,8163,5095,4090,5316,5791,4230,3512,3790,4018,3734,3209,3453,3358,3265,-20.7049,2.09531,8.85738,48.2427
41698,3132,3209,3477,3362,3273,3432,3851,3889,3512,4065,5187,5267,3619,4702,8977,8806,31.4423,14.6286,8.66462,47.84
41699,4725,4133,3602,3182,7577,5273,3802,3377,8193,5447,3756,3338,4845,4300,3605,3209,0.891352,-22.7971,8.91331,48.2427
41700,3374,3945,6187,12380,3442,3699,4782,6096,3233,3380,3804,3794,3091,3326,3360,3479,-29.377,26.4421,8.60385,47.5813
41701,4113,5084,5036,4057,4399,7080,6797,4417,3986,4690,4718,3980,3458,3651,3702,3492,-7.9016,-0.3725,8.92676,48.44
41702,3113,3228,3440,3401,3221,3446,3803,3912,3476,3835,4862,5906,3385,4051,6900,11253,33.0575,22.1494,8.51005,47.488
41703,5125,7834,6443,4360,4562,6242,5349,3974,3708,4044,3805,3612,3310,3319,3442,3284,-18.9682,-2.92531,8.55749,48.2753
41704,3178,3377,3462,3349,3547,3818,4142,3835,3999,5273,6385,4712,4228,6102,7833,5002,18.1432,3.87076,8.61317,48.1613
41705,5705,5263,3795,3451,7973,6819,4082,3433,5404,4864,3652,3368,3915,3800,3420,3242,-7.69995,-17.7788,8.60479,48.124
41706,3363,3798,5091,7558,3436,3840,5217,9708,3287,3630,4144,5057,3183,3436,3605,3650,-11.547,32.8114,8.76544,48.002
41707,3308,3610,3852,3857,3549,4086,5476,4787,3679,4641,8072,6037,3588,4075,5065,4634,5.65892,10.5374,8.98904,48.2107
41708,8015,6431,4259,3420,7510,6073,4105,3507,4409,4149,3573,3339,3470,3513,3347,3166,-15.9351,-18.5873,8.62257,48.1907
41709,3031,3361,3630,3708,3318,3643,4408,5673,3389,3695,5199,9971,3442,3629,4885,6795,9.07559,32.8233,8.89356,47.8513
41710,3540,4119,8033,10372,3465,3961,5055,5704,3245,3460,3818,3953,3042,3346,3400,3271,-30.3873,18.4939,8.92486,47.856
41711,4015,3712,3477,3207,5889,4447,3672,3220,9621,5471,3854,3454,6425,4906,3716,3369,8.18914,-26.9014,8.58222,48.3033
41712,3002,3224,3475,3376,3171,3558,3928,3962,3453,3981,5153,5835,3425,4272,7859,10357,26.2132,18.761,8.82554,48.0207
41713,3490,3470,3301,3130,4231,3877,3470,3166,7400,4963,3897,3399,10475,6142,3980,3267,20.1878,-24.5234,8.57209,47.772
41714,3300,3992,5806,8501,3328,3953,5747,8310,3230,3661,4167,4626,3088,3343,3590,3608,-15.0222,21.6848,8.7401,48.1667
41715,3176,3316,3627,3619,3215,3673,4294,4661,3577,4107,6343,8075,3379,4079,5971,7295,13.647,18.8931,8.85274,48.2713
41716,3415,4202,7231,9731,3407,3899,5386,6822,3313,3626,3823,4092,3006,3297,3408,3429,-20.9037,19.4974,8.86694,48.058
41717,3501,3443,3173,3162,3938,3924,3462,3262,5996,4864,3945,3481,11467,7134,3966,3342,30.9142,-22.1008,8.51434,48.04
41718,3358,3534,3468,3305,3737,4323,4218,3725,4343,6818,6543,4206,4441,6045,5852,4225,12.8956,-0.602056,8.69168,48.094
41719,3181,3529,3831,4117,3312,3732,4575,6844,3324,3816,5217,9512,3373,3588,4457,5450,4.41146,31.3653,8.64821,47.9053
41720,3743,4992,9509,7820,3529,4162,5476,5226,3291,3536,3767,3870,3065,3323,3370,3382,-25.7386,12.4671,8.62742,48.0407
41721,5401,4965,3906,3465,7712,6978,4202,3426,5423,5196,3858,3335,4023,3882,3484,3212,-6.32896,-16.8607,8.89442,48.312
41722,9170,5454,3967,3396,8749,5212,3909,3405,4573,4073,3512,3318,3480,3524,3306,3101,-15.4448,-32.3655,8.9671,48.0993
41723,3256,3409,3356,3230,3493,3823,3793,3591,4233,5138,5167,4250,4743,7948,8149,4895,23.8133,0.448598,8.66201,48.316
41724,3680,4391,5665,4987,3787,5070,8114,5739,3519,4049,4748,4300,3329,3501,3815,3601,-9.40901,8.53931,8.62313,48.1967
41725,4073,4561,4136,3611,4714,7231,5480,3900,4431,6099,4868,3913,3827,4173,3853,3534,-2.53246,-4.92762,8.71321,48.2693
41726,3227,3433,3902,4076,3259,3673,4589,6247,3507,3826,5216,9608,3287,3653,4653,6078,6.12459,33.1154,8.6342,48.156
41727,9656,5576,3858,3442,8516,5021,3921,3367,4444,3971,3526,3192,3591,3436,3289,3137,-16.6183,-28.9645,8.89093,47.962
41728,4055,3743,3442,3217,6039,4524,3531,3360,9363,5728,3873,3349,6104,4830,3699,3252,7.34681,-23.5523,8.85106,48.0727
41729,11032,7499,4141,3509,5824,4999,3807,3473,3827,3801,3369,3185,3500,3572,3204,3160,-30.354,-20.412,8.62321,47.9347
41730,3859,4028,4112,3823,4087,6002,5901,4140,4119,6102,5960,4160,3856,4143,4152,3644,0.111705,0.0431156,8.74859,48.0587
41731,12487,6515,3981,3297,6012,4839,3760,3421,3970,3837,3381,3177,3333,3456,3231,3167,-29.913,-25.2121,8.71046,47.9093
41732,4355,5209,4528,3735,4797,7884,5617,4077,4118,5199,4407,3660,3667,3743,3717,3468,-7.21616,-5.06045,8.69101,48.1207
41733,3292,3694,4484,4508,3415,4155,6570,6623,3412,4057,6081,6191,3459,3698,4201,4449,-1.15043,15.2143,8.67243,48.1927
41734,4287,6994,9468,5450,4007,4711,5133,4338,3596,3656,3721,3720,3142,3268,3369,3217,-27.6524,3.7587,8.77984,48.0513
41735,3069,3175,3468,3538,3277,3434,3956,4307,3425,3794,5241,7747,3436,3901,5932,10350,18.5568,25.7821,8.64304,48.0333
41736,3421,3296,3206,3195,3943,3784,3474,3261,5902,4797,3834,3418,11834,6679,3979,3366,32.9448,-23.4189,8.50889,47.5927
41737,4255,3950,3460,3191,6819,4759,3679,3350,9078,5486,3801,3396,5425,4378,3627,3284,4.3086,-24.5951,8.68099,47.9587
41738,3436,3971,6097,12406,3414,3687,4731,6134,3308,3412,3805,3853,3143,3348,3357,3408,-27.6672,31.0534,8.56016,47.6733
41739,3465,4034,6463,11894,3436,3868,4850,6130,3264,3524,3715,3988,3101,3312,3316,3485,-26.7762,23.9525,8.60797,47.8967
41740,8739,5515,3912,3396,8935,5522,3834,3356,4846,4174,3520,3217,3664,3573,3245,3180,-14.628,-24.6953,8.89566,48.4187
41741,3322,3533,3295,3166,3878,3835,3617,3286,5375,5822,4271,3636,7460,9215,5014,3666,22.7278,-11.8334,8.8565,48.2607
41742,3339,3413,3136,3091,3943,3784,3567,3285,6038,4922,3855,3311,11602,7004,4149,3479,30.3679,-21.8063,8.83407,47.9453
41743,3332,3453,3263,3092,4057,3630,3505,3158,6182,4786,3694,3338,12103,6720,4006,3379,28.6902,-24.5462,8.62529,47.7987
41744,3697,3907,3616,3340,4481,5393,4264,3441,5566,8019,5044,3738,4691,5265,4258,3658,6.15324,-8.31079,8.62017,48.252
41745,3059,3273,3370,3513,3250,3367,3867,4032,3395,3790,4934,6067,3418,4052,6919,11632,32.9073,21.8356,8.73033,47.9587
41746,4425,4650,4131,3586,5149,7350,4810,3676,4896,6373,4549,3630,3895,4208,3840,3381,-2.2867,-8.4966,8.78544,48.366
41747,3238,3751,4981,7323,3275,3832,5435,9852,3255,3532,4205,5288,3210,3280,3724,3814,-10.7541,27.0599,8.87504,47.9967
41748,3496,3982,5554,9814,3558,3813,5035,8190,3311,3540,3887,4280,3164,3316,3491,3693,-17.4677,31.3385,8.66009,48.0827
41749,3455,4275,7380,10247,3469,3972,5178,6142,3249,3524,3977,3903,2955,3347,3330,3332,-24.4,19.3417,8.6821,47.8233
41750,3169,3214,3410,3304,3378,3618,3827,3800,3743,4327,5708,5042,3801,5153,9359,7391,25.1594,11.1393,8.52533,48.1627
41751,4554,4233,3577,3286,7508,5374,3819,3353,8100,5586,3863,3317,4795,4179,3621,3308,0.837508,-21.9367,8.5521,48.3153
41752,3329,3926,5468,10073,3354,3775,5140,8147,3310,3495,3969,4398,3073,3215,3489,3523,-17.8712,29.9738,8.77849,47.7893
41753,4383,6876,9299,5429,3895,4792,5422,4472,3529,3759,3753,3743,3120,3325,3289,3216,-26.1953,4.10776,8.55253,48.2013
41754,3077,3326,3628,3527,3353,3677,4348,4414,3578,4376,7086,6765,3631,4359,6659,6375,13.8242,14.0066,8.54674,48.1193
41755,4142,4362,3765,3488,5404,6989,4638,3722,5218,6703,4442,3650,4163,4235,3857,3421,-0.417388,-9.72501,8.85759,48.1327
41756,4699,6619,5640,4123,4575,7139,5980,4122,3879,4245,4089,3530,3510,3624,3453,3312,-13.7877,-2.77399,8.80578,48.3593
41757,3356,3383,3170,3223,3902,3777,3546,3151,6041,4722,3741,3329,12445,6069,3970,3391,29.9202,-32.3894,8.60524,47.4773
41758,3971,3988,3659,3316,4974,6179,4423,3648,5325,7618,4827,3631,4396,4688,3966,3617,3.00005,-8.87333,8.68648,48.1507
41759,3032,3383,3633,3827,3319,3603,4364,5027,3408,4095,6324,8508,3404,3957,5580,6760,11.41,19.3938,8.77122,48.1493
41760,4897,6738,5540,3974,4648,7217,5673,3972,3903,4395,4054,3613,3334,3514,3461,3302,-14.3035,-4.19798,8.6071,48.1567
41761,3369,3691,3754,3514,3675,4388,5251,4303,3991,5408,8067,5141,3723,4280,5319,4604,7.39669,6.83051,8.65478,48.3187
41762,5945,7562,4783,3707,5661,7268,4668,3705,4193,4306,3794,3353,3481,3513,3362,3217,-15.5371,-9.85171,8.99001,48.3453
41763,7552,5627,3964,3319,8714,6051,3878,3281,4905,4209,3780,3280,3760,3627,3236,3078,-12.4118,-21.6952,8.70841,48.174
41764,3537,4000,5362,5176,3567,4466,7750,6656,3513,3934,5121,4823,3313,3457,3818,3743,-7.45586,12.6699,8.54001,48.1573
41765,3665,3469,3313,3120,4917,4183,3551,3314,9402,5465,3872,3484,7893,5150,3852,3398,12.5549,-25.7706,8.64642,48.032
41766,10943,7447,4169,3351,5875,5007,3795,3407,3902,3806,3392,3228,3380,3444,3175,3120,-32.7497,-19.9889,8.789,47.6273
41767,3749,3582,3280,3094,4943,4344,3596,3330,9283,5673,3848,3387,7281,5258,3904,3251,11.4569,-22.8751,8.91856,47.8687
41768,3194,3323,3857,3942,3239,3630,4543,5828,3412,3850,5663,9447,3379,3692,4835,6451,7.95961,24.0305,8.80548,48.19
41769,3133,3198,3273,3416,3254,3455,3821,3996,3344,3743,4876,6380,3442,3974,5999,12392,25.0816,31.6269,8.7976,47.7973
41770,3807,4923,6510,5135,3714,5101,7999,5406,3569,3965,4544,4059,3227,3386,3558,3555,-12.7385,7.92555,8.98371,48.3053
41771,3354,3409,3374,3134,3679,3813,3688,3422,4667,5228,4572,3935,5625,9569,6399,4163,33.3037,-5.06113,8.69784,48.0207
41772,3142,3448,3369,3169,3600,3740,3772,3437,4189,5000,4863,4159,4882,8708,7977,4640,28.7949,-0.814332,8.96088,48.0633
41773,3483,4220,6525,8450,3530,3948,6000,7493,3410,3551,4013,4238,3090,3329,3519,3531,-17.0955,19.0092,8.74404,48.22
41774,3768,4488,4650,4090,4022,6194,7183,4510,3816,4901,5544,4204,3533,3975,3921,3648,-4.22001,2.29223,8.8575,48.298
41775,11299,5759,3862,3338,7197,5070,3792,3415,4141,3935,3453,3254,3416,3364,3212,3156,-20.8144,-31.4659,8.72659,47.7753
41776,3369,3511,3611,3460,3600,4305,4661,4040,4147,5994,7700,4685,3941,5128,5819,4332,10.657,3.49362,8.99382,48.202
41777,3269,3859,6055,12192,3329,3866,4923,6455,3268,3502,3994,4105,3053,3166,3322,3424,-24.9948,27.2912,8.63766,47.8547
41778,5606,8308,5596,4021,4986,6450,4943,3789,3767,4141,3898,3511,3395,3455,3324,3196,-18.6491,-7.12703,8.64329,48.2573
41779,4956,8271,6820,4396,4526,5847,5347,4060,3627,3989,3798,3535,3252,3355,3364,3152,-20.2525,-2.74974,8.856,48.1967
41780,3818,5411,9496,6873,3644,4418,5739,5115,3444,3660,3975,3780,3207,3220,3356,3266,-23.5448,9.89958,8.95449,48.2813
41781,3072,3272,3370,3387,3253,3475,3783,4054,3344,4045,5215,6274,3533,4317,7626,10071,23.6309,18.6972,8.88649,48.0607
41782,3382,3344,3264,3109,4024,3825,3523,3188,6837,4985,3877,3362,11581,6395,3956,3319,22.8223,-25.0397,8.98902,47.9807
41783,3157,3309,3403,3527,3328,3444,4019,4473,3421,3947,6022,7951,3479,4163,6235,8162,15.8834,19.6416,8.95594,48.0267
41784,3209,3463,3786,3867,3223,3747,4457,5169,3379,4016,6335,8544,3360,3785,5301,6459,9.69667,19.6595,8.51335,48.0667
41785,3602,4491,7256,7541,3441,4232,6460,6679,3283,3682,4118,4321,3051,3268,3352,3480,-16.9609,15.6579,8.83177,48.1713
41786,3449,3422,3255,3077,4066,3999,3580,3266,6144,5901,4135,3671,8185,7892,4514,3555,20.1622,-15.4539,8.7428,48.074
41787,3936,5959,9843,6190,3871,4532,5495,4754,3412,3561,3943,3725,3106,3405,3255,3310,-24.6062,7.22103,8.97078,48.198
41788,10858,5836,3856,3423,7736,5151,3790,3423,4177,3945,3540,3215,3420,3372,3247,3105,-19.6039,-29.5974,8.95501,48.0627
41789,3363,3353,3226,3114,3825,3836,3515,3258,6071,4915,3895,3441,11223,7142,4085,3428,26.5361,-22.0035,8.57426,47.7933
41790,3496,3470,3310,3166,4093,4310,3868,3463,5789,7102,4493,3719,6323,7367,4783,3679,16.1444,-11.2323,8.62355,48.2873
41791,3415,3459,3162,3161,3952,3837,3445,3165,6445,4795,3834,3344,12399,5939,3912,3513,25.6593,-31.1262,8.59354,47.8513
41792,4494,7392,7674,4876,4081,5433,5628,4372,3563,3846,3904,3618,3300,3431,3294,3106,-21.0617,0.781159,8.78728,48.008
41793,3800,5072,8537,6497,3655,4550,6547,5410,3340,3654,4175,3945,3030,3324,3402,3421,-18.8888,10.3616,8.8702,48.2393
41794,3222,3464,3915,4067,3363,3886,4884,5863,3363,3980,6298,8358,3334,3803,4704,5565,5.80194,19.6005,8.61851,48.046
41795,3551,4052,4829,4440,3646,4976,7860,5543,3567,4292,5909,4803,3355,3639,3943,3894,-4.45268,8.97197,8.78123,48.1993
41796,3340,3845,5697,10591,3429,3762,5037,7946,3167,3437,4055,4279,2989,3106,3432,3473,-18.5413,31.2557,8.89488,47.7233
41797,3369,3602,3473,3355,3947,4352,4125,3630,4855,7339,5655,3969,4723,6566,5318,4116,13.1285,-4.49048,8.63993,48.2627
41798,3071,3085,3329,3459,3277,3549,3815,3863,3364,3981,4995,5878,3460,4345,7903,10567,27.5383,18.5415,8.93693,47.9607
41799,9802,7310,4278,3370,6550,5530,3963,3496,4005,3955,3424,3265,3428,3381,3290,3061,-21.7029,-18.909,8.77172,48.072
41800,3545,3497,3293,3132,4553,3978,3488,3158,8416,5096,3842,3419,9733,5690,3838,3358,16.8734,-27.2777,8.7311,48.024
41801,3247,3235,3467,3210,3637,3746,3815,3588,4129,4893,4963,4072,4807,8249,8139,4681,29.8649,-0.324893,8.53152,47.9187
41802,3546,4088,5828,5815,3466,4483,7536,6940,3391,3763,4674,4730,3199,3573,3738,3625,-10.5142,13.9473,8.72481,48.2633
41803,12194,6192,3891,3447,6598,4889,3889,3427,4006,3868,3483,3088,3356,3463,3227,3061,-25.0396,-27.1679,8.78742,48.0527
41804,3321,3423,3207,3244,3979,3839,3501,3240,5947,4905,3866,3435,11284,7209,4191,3512,32.6281,-21.0948,8.66488,48.0687
41805,3118,3364,3305,3409,3145,3397,3752,3857,3329,3735,4884,5976,3327,4084,7015,11826,30.8632,22.7022,8.97283,47.682
41806,4513,7190,8033,4880,4122,5344,5772,4249,3551,3727,3907,3592,3338,3352,3351,3176,-20.5386,1.44878,8.83473,48.0647
41807,5793,8754,5776,4063,4819,6416,4764,3715,3810,3988,3684,3352,3437,3370,3279,3158,-20.1753,-6.97842,8.86334,48.1187
41808,3158,3429,3759,4029,3203,3558,4444,5651,3499,3974,5948,9368,3323,3773,4950,6510,8.56474,22.1302,8.92053,48.384
41809,4956,6121,4889,3816,5134,7817,5393,3944,4117,4522,4080,3614,3495,3610,3573,3232,-11.5583,-6.29994,8.72795,48.2087
41810,3906,3779,3632,3335,4895,5318,3950,3429,6513,7859,4385,3583,4969,5279,4090,3507,6.66301,-12.5369,8.86602,48.286
41811,3872,3711,3340,3176,5412,4436,3582,3284,9420,5806,3908,3333,6839,5032,3768,3364,9.71643,-23.0251,8.85536,48.1887
41812,7036,4890,3761,3322,9977,5337,3799,3315,5644,4328,3427,3432,3840,3772,3360,3178,-9.41146,-29.7112,8.91659,48.2787
41813,3800,4254,4453,3907,4099,5935,6745,4510,3935,5317,6005,4231,3665,4001,4125,3830,-2.20485,2.4471,8.66314,48.5413
41814,7952,6325,4109,3463,7767,6136,4100,3459,4501,4179,3695,3191,3527,3585,3287,3072,-15.4809,-19.2865,8.7986,48.232
41815,3497,4228,6801,8134,3503,4068,6283,7075,3376,3535,4048,4271,3087,3264,3593,3526,-17.107,17.5545,8.56063,48.1927
41816,3311,3446,3149,3130,3927,3736,3311,3220,6190,4885,3754,3367,12382,6280,3914,3372,27.3955,-26.572,8.90259,47.5827
41817,4031,4379,4002,3514,4770,7087,5205,3847,4630,6487,4957,3870,3926,4192,4008,3491,-1.18409,-6.01404,8.61827,48.264
41818,3578,3548,3280,3121,4768,4171,3501,3231,9257,5380,3834,3453,8569,5383,3893,3338,13.9881,-26.0629,8.77367,48.2033
41819,4045,3736,3417,3113,5888,4418,3660,3262,9817,5202,3820,3376,6664,4809,3590,3327,7.88713,-27.2273,8.86063,48.096
41820,3411,4151,7239,11157,3398,3974,4927,5817,3202,3439,3796,3946,3207,3213,3373,3437,-32.4216,20.7581,8.82075,47.7913
41821,3500,4022,7422,10796,3435,3832,5051,5923,3341,3532,3999,3993,3081,3241,3444,3381,-33.8162,20.0806,8.57095,47.9953
41822,3185,3284,3437,3370,3206,3369,3766,4080,3235,3707,4729,5999,3382,3797,6025,12593,33.1972,27.5076,8.8727,47.4427
41823,4401,3978,3557,3244,7156,4869,3609,3362,9033,5268,3857,3376,5317,4421,3691,3339,3.01149,-25.1302,8.93562,48.3187
41824,5084,8629,7315,4394,4380,5369,5051,4157,3776,3797,3748,3520,3260,3481,3371,3286,-23.7434,-2.23407,8.6839,48.412
41825,5421,4389,3705,3346,9232,5051,3835,3483,7196,4728,3811,3358,4340,3833,3400,3228,-3.17763,-29.9555,8.81046,48.2373
41826,3268,3290,3355,3241,3636,3757,3653,3474,4332,5327,4885,3992,5259,8793,7351,4524,25.6072,-2.80533,8.59449,48.0913
41827,3094,3202,3440,3419,3464,3748,4030,3857,3717,4709,6687,5207,3802,5303,8415,5995,18.2061,8.51065,8.98633,48.0593
41828,12642,5844,3930,3393,6035,4729,3778,3344,3953,3749,3441,3233,3283,3389,3209,3088,-32.7433,-30.1445,8.71657,47.36
41829,3864,3689,3433,3171,5254,4555,3645,3332,8354,6497,4044,3540,6360,5251,3950,3399,9.32789,-18.9081,8.56261,48.2253
41830,3190,3395,3925,4166,3258,3712,4602,6772,3358,3742,5151,9788,3233,3565,4488,5643,4.78165,29.7528,8.90521,47.992
41831,3326,3595,3662,3495,3706,4284,4805,4008,3955,5911,7777,4870,3872,4798,5664,4565,9.75815,4.30279,8.61014,48.1953
41832,4345,6385,8424,5484,3959,4978,6041,4708,3442,3818,3868,3706,3188,3407,3494,3264,-20.8506,4.39646,8.64421,48.3407
41833,3400,3672,4526,5055,3349,3988,5913,7958,3369,3870,5320,6603,3117,3515,4125,4287,-2.77612,19.6228,8.57776,48.0447
41834,3337,4076,6665,12141,3444,3769,4805,6038,3197,3481,3810,4019,3051,3257,3369,3442,-29.5644,23.6812,8.55552,47.934
41835,3066,3354,3369,3401,3183,3385,3750,3902,3266,3702,4640,5981,3297,3875,6013,12709,33.1817,28.7986,8.88772,47.262
41836,4429,4353,3790,3424,6076,6579,4335,3603,5891,6395,4163,3549,4181,4361,3651,3425,-0.311959,-13.5067,8.55243,48.1367
41837,3051,3231,3455,3395,3287,3642,3846,3867,3645,4142,5637,5638,3617,4911,9006,8141,23.2295,13.7966,8.95202,48.3407
41838,3092,3200,3428,3376,3162,3483,3783,4017,3349,3771,4749,6853,3342,3997,6010,12102,22.8969,27.0294,8.93987,47.8093
41839,3977,3652,3473,3220,5813,4573,3635,3251,9216,6098,3995,3352,6060,4836,3699,3302,7.69735,-21.3821,8.9885,48.1013
41840,4563,4152,3476,3195,7939,4897,3712,3335,8553,5038,3771,3439,4879,4115,3596,3297,1.02135,-30.3126,8.64105,47.9713
41841,3167,3335,3839,3898,3326,3775,4855,5841,3441,3868,6345,8773,3292,3877,4945,5948,7.40844,20.0333,8.74063,48.35
41842,3996,4784,4368,3824,4734,7518,5805,3987,4193,5532,4860,3803,3645,3964,3798,3600,-4.9582,-3.711,8.62747,48.274
41843,3577,4504,8655,9273,3450,4057,5196,5396,3306,3631,3842,3863,3151,3169,3333,3361,-30.6603,16.0663,8.61552,47.8427
41844,3041,3250,3429,3391,3226,3554,3853,4098,3272,3713,5063,6231,3394,4102,7132,11112,25.8081,21.1644,8.74239,47.9073
41845,4050,3821,3437,3123,5605,4816,3775,3449,8438,6430,3944,3423,5897,4949,3884,3251,6.87283,-19.0906,8.91666,48.1947
41846,5098,4557,3715,3418,8173,6188,3964,3503,6427,5205,3808,3376,4195,4108,3698,3277,-3.59528,-19.1069,8.77841,48.4733
41847,6652,4866,3694,3280,9725,5753,3809,3370,5615,4474,3618,3311,3990,3700,3458,3144,-8.54658,-24.0665,8.92063,48.306
41848,3546,3564,3291,3063,4574,4105,3471,3219,8536,5143,3891,3291,9583,5460,3918,3334,16.3112,-30.2504,8.56255,47.9927
41849,3540,4277,6761,7720,3511,3998,6073,7225,3365,3666,4174,4398,3180,3330,3505,3502,-16.1541,17.1802,8.653,48.15
41850,8950,8950,4647,3484,5407,5152,4148,3445,3836,3766,3553,3346,3462,3476,3239,3116,-30.7824,-15.2356,8.8822,47.9847
41851,5538,4643,3734,3320,8734,6159,3949,3437,6096,4871,3795,3321,4111,3860,3372,3236,-5.29879,-20.469,8.81308,48.1173
41852,3366,3432,3232,3124,3759,3739,3495,3265,5120,5254,4277,3763,7270,9779,5163,3728,33.8692,-10.7953,8.88095,47.844
41853,3100,3253,3299,3423,3168,3527,3826,3872,3354,3851,4890,5936,3406,4034,6919,12069,31.0117,22.4603,8.98005,47.9513
41854,3187,3745,5028,6945,3302,3754,5239,9765,3240,3740,4156,5633,3136,3361,3672,3877,-9.71151,29.2932,8.58194,47.8533
41855,3799,4004,3533,3308,4944,5656,4123,3523,6041,7841,4699,3516,4644,5078,3992,3487,5.29826,-11.0055,8.80217,48.1253
41856,3258,3385,3455,3322,3516,3704,3714,3618,3977,4671,5065,4382,4222,7277,9271,5259,31.6899,3.49355,8.77369,48.064
41857,5891,9816,6261,4016,4690,5332,4529,3903,3643,3773,3747,3441,3340,3376,3263,3104,-32.8515,-6.01101,8.85067,48.0833
41858,3823,5269,9829,7299,3608,4293,5349,5010,3305,3529,3864,3791,3143,3338,3283,3281,-29.8301,10.7569,8.74848,48.0093
41859,3276,3461,3236,3118,3747,3881,3724,3409,4690,5676,4604,3874,6130,9373,5888,4005,23.514,-7.25673,8.80308,48.0613
41860,3752,4578,6711,5400,3709,4902,7680,5618,3432,3943,4475,4147,3140,3341,3593,3507,-13.3701,9.47846,8.62659,47.952
41861,3211,3665,4603,5462,3516,3902,5960,8823,3343,3773,4848,6519,3210,3471,3908,4237,-4.48668,21.8529,8.72341,48.3007
41862,3140,3222,3384,3340,3154,3349,3702,4117,3351,3701,4878,6606,3514,3955,6318,12038,23.9183,28.241,8.85507,47.846
41863,3464,3901,6035,12563,3452,3780,4667,6067,3230,3369,3773,3793,3133,3201,3301,3450,-29.595,28.9531,8.51391,47.4527
41864,4055,5904,8436,5515,3809,4987,6556,4771,3474,3770,4064,3738,3200,3361,3437,3381,-19.1699,6.26621,8.96341,48.3053
41865,3147,3374,3515,3519,3363,3639,4258,4362,3466,4041,6480,6978,3568,4434,6539,7219,15.3213,16.2961,8.71804,47.9347
41866,3397,3770,4583,4367,3502,4331,6971,5699,3555,4234,6714,5693,3381,3816,4333,4264,-0.579651,12.449,8.83527,48.4067
41867,3286,3559,3991,3913,3479,3958,5653,5455,3647,4380,7482,6587,3410,3902,4779,4803,4.38457,13.2587,8.92185,48.1893
41868,3563,4561,7608,7814,3517,4159,6190,6342,3321,3576,4106,4164,3125,3229,3543,3493,-18.7097,15.4422,8.96112,48.2073
41869,3279,3473,3816,3571,3606,4064,5175,4348,3728,5186,8286,5650,3596,4210,5482,4828,8.20554,8.45008,8.8937,48.1987
41870,3077,3173,3385,3318,3288,3489,3731,3808,3358,3808,4718,6178,3450,3884,6112,12405,26.7301,33.0474,8.7998,47.4547
41871,3295,3352,3192,3100,3928,3789,3481,3186,6162,4678,3796,3290,12662,6285,3857,3322,28.7675,-26.8215,8.96489,47.5833
41872,3217,3350,3319,3147,3442,3893,3877,3553,3833,4775,5294,4552,4177,6746,9352,5491,33.0315,4.26124,8.56452,48.012
41873,12031,5980,3982,3391,6505,4777,3779,3511,3955,3774,3414,3300,3413,3256,3247,3082,-23.9123,-33.4263,8.8838,47.598
41874,3332,3432,3234,3161,4034,3802,3318,3148,6123,4849,3807,3267,12355,6200,3859,3360,32.7525,-26.1434,8.70115,47.5207
41875,3283,3346,3243,3335,3509,3556,3694,3503,4122,5006,5171,4285,4588,8007,8780,4935,27.0315,1.26043,8.9861,48.242
41876,4166,3895,3413,3108,6020,4513,3721,3353,9121,6002,3984,3396,6040,4744,3795,3287,7.04533,-21.9168,8.54485,48.372
41877,3785,5154,9673,7525,3639,4291,5445,4907,3394,3518,3757,3884,3146,3228,3351,3336,-28.1632,10.9882,8.85899,48.022
41878,11972,5852,4035,3394,6535,4889,3712,3388,3900,3859,3452,3302,3338,3309,3222,3249,-23.6453,-32.4236,8.51822,47.6053
41879,4730,7303,6428,4324,4530,6183,5677,4145,3711,4061,4084,3468,3334,3465,3463,3297,-17.6083,-1.96863,8.60665,48.1353
41880,3718,5089,9656,7578,3577,4301,5188,5028,3332,3508,3786,3823,3176,3331,3397,3431,-31.7403,11.4546,8.53997,47.946
41881,3077,3331,3322,3352,3222,3525,3799,3977,3329,3787,4844,6254,3362,3894,6328,12387,26.445,25.9344,8.65213,47.86
41882,3083,3278,3471,3269,3415,3641,3987,3771,3630,4430,6216,5299,3760,5020,8711,6945,20.8943,11.1103,8.76853,47.9507
41883,4856,5079,3967,3316,6415,7579,4499,3741,5081,5697,3953,3483,4012,4016,3578,3205,-5.39396,-12.8006,8.52137,48.318
41884,3494,3472,3205,3139,3991,3953,3529,3308,6403,5692,4087,3544,9009,7495,4209,3534,20.8,-17.4263,8.50354,48.0427
41885,3346,3913,5882,12685,3357,3678,4745,5968,3235,3602,3682,3944,3131,3255,3502,3408,-31.3449,30.7033,8.53007,47.5553
41886,3144,3212,3402,3425,3215,3530,3750,3858,3546,4206,5230,4994,3633,4924,9544,7933,33.2771,12.3788,8.91491,47.6973
41887,3356,3485,3183,3187,3913,3818,3481,3192,5686,5062,3938,3445,10080,8041,4446,3419,27.2641,-17.9682,8.898,47.8213
41888,3160,3556,4249,4657,3344,3853,5174,7926,3344,3812,5252,8049,3245,3595,4042,4922,0.278227,24.24,8.70471,48.12
41889,3048,3247,3467,3518,3286,3435,3996,4278,3276,3767,5150,7561,3492,3821,5774,10584,19.6406,27.9344,8.64208,47.8
41890,3387,3431,3276,3133,4193,3884,3462,3332,7463,4916,3745,3342,11183,6074,3901,3455,20.7552,-26.8869,8.81317,48.118
41891,3345,3941,5929,12426,3371,3834,4724,6334,3179,3553,3757,3969,3121,3235,3446,3307,-25.2553,29.9046,8.64035,47.6473
41892,3133,3303,3377,3356,3240,3391,3725,3997,3431,3697,4795,6074,3391,3802,5983,12639,33.2342,29.3176,8.78995,47.556
41893,11824,6119,3880,3391,6740,4843,3722,3419,4090,3879,3472,3192,3443,3377,3218,2991,-23.8821,-26.8644,8.67154,47.7333
41894,4499,6325,6173,4502,4315,6395,6462,4427,3626,4083,4234,3603,3207,3573,3548,3387,-14.607,0.0667311,8.91038,48.2393
41895,3193,3259,3318,3296,3384,3692,3990,3841,3794,4622,5936,4895,3922,5735,9288,6058,22.1274,7.62933,8.87551,48.1487
41896,3367,3564,3660,3722,3654,4357,5176,4222,3905,5468,8090,5122,3879,4425,5206,4459,7.35153,6.06504,8.70001,48.184
41897,3205,3322,3218,3227,3759,3824,3682,3476,4745,5333,4479,3842,6396,9784,6041,3926,27.5146,-7.01875,8.64756,48.1727
41898,4148,4741,4541,3811,4583,7291,6095,4039,4114,5338,4849,3827,3652,3854,3717,3503,-5.14644,-2.57943,8.58058,48.0687
41899,3678,3627,3479,3133,4755,4517,3730,3298,7659,6888,4306,3384,6455,5887,4043,3408,11.171,-16.464,8.67845,48.1647
41900,3249,3669,4243,5257,3331,3795,5031,9111,3321,3629,4672,7505,3294,3428,4068,4444,-2.50911,29.7912,8.97252,48.0313
41901,3117,3292,3390,3341,3367,3565,3821,3816,3584,4260,5497,5117,3739,5180,9873,7408,26.1141,11.2662,8.72144,48.2447
41902,3288,3594,4069,4458,3324,3765,4753,7460,3435,3762,5061,8709,3326,3644,4421,4990,1.70406,33.6759,8.51401,48.0393
41903,10609,6401,4053,3468,7244,5173,3893,3398,4275,3893,3475,3194,3439,3495,3244,3045,-20.5283,-23.0957,8.81564,48.1993
41904,3095,3211,3366,3425,3394,3588,3856,3786,3673,4365,5268,5160,3758,5286,9534,7180,33.2164,10.8923,8.51984,47.9633
41905,4617,4011,3417,3334,7817,4951,3661,3327,8827,4955,3694,3378,5048,4279,3553,3254,1.88857,-30.8587,8.97308,48.082
41906,8643,7705,4487,3603,6072,5806,4015,3542,4006,4112,3636,3320,3389,3311,3178,3083,-21.0171,-16.4521,8.56189,47.9387
41907,3507,4000,6575,12003,3408,3818,4897,6497,3168,3541,3752,3939,3115,3019,3370,3401,-25.2362,24.4929,8.71937,48.0067
41908,3221,3325,3436,3274,3707,3850,3650,3513,4371,5182,4837,3951,5134,8897,7255,4292,33.6879,-2.52684,8.57694,47.93
41909,3119,3148,3510,3530,3273,3627,4115,4452,3442,3850,5565,7617,3491,3984,6353,9027,17.2441,21.6118,8.64045,48.0687
41910,3101,3289,3450,3476,3223,3585,3947,4098,3569,4096,5943,5953,3625,4599,7953,7840,20.1501,14.8233,8.57901,47.8313
41911,3220,3443,4012,4336,3303,3687,4766,7145,3384,3868,5121,9189,3266,3460,4406,5462,3.80583,26.3776,8.79785,48.0453
41912,3388,3318,3296,3208,4000,3810,3444,3278,6804,4888,3746,3277,11869,5945,3822,3365,23.173,-31.4602,8.60226,47.6387
41913,3387,3835,5623,9783,3454,3865,5141,8436,3291,3491,4106,4464,3133,3280,3453,3525,-16.8519,28.5675,8.71978,48.178
41914,3150,3477,3850,3787,3401,3888,4921,5108,3500,4115,7322,7398,3538,4037,5483,5534,8.21123,15.5968,8.84538,48.3393
41915,3478,3739,3530,3400,3802,4439,4525,3887,4263,6323,7091,4431,4141,5354,5534,4384,10.5499,1.40227,8.74593,48.214
41916,3701,3596,3353,3066,4904,4143,3541,3351,8774,5664,4066,3467,8069,5476,3999,3391,13.6209,-22.7045,8.52872,48.374
41917,3153,3343,3392,3362,3363,3599,3863,3748,3576,4369,5709,4880,3911,5892,9785,6412,25.1067,8.37219,8.6237,48.238
41918,3143,3260,3445,3355,3329,3562,3729,3756,3618,4148,5114,5038,3677,5233,9861,7574,32.1241,11.3211,8.9337,47.8947
41919,7104,4882,3741,3207,9669,5374,3817,3316,5406,4305,3498,3311,3964,3731,3438,3140,-10.1262,-26.2034,8.50162,47.9353
41920,5251,8924,7234,4442,4445,5404,4853,3941,3578,3739,3756,3553,3218,3430,3371,3120,-24.2984,-3.02865,8.99064,48.1727
41921,3292,3763,4591,5367,3345,3890,5955,8582,3339,3687,5068,6387,3174,3509,4088,4308,-4.11146,21.1726,8.85712,48.23
41922,3497,3269,3284,3104,3887,3918,3556,3105,6159,5059,3965,3371,11173,7298,4038,3453,25.2175,-20.921,8.75933,48.0907
41923,3501,3386,3330,3086,3729,3795,3633,3244,5040,5632,4243,3728,7128,9560,5391,3733,25.3634,-10.4926,8.52784,48.106
41924,3633,3571,3285,3121,4813,4454,3708,3409,7794,6672,4219,3471,6710,5696,3990,3318,11.5158,-17.5582,8.7722,47.9093
41925,3543,3783,3679,3493,4027,4916,5026,3939,4412,6591,7027,4411,4077,4649,4755,3999,6.31891,0.703527,8.63671,48.218
41926,4155,4330,3778,3433,5260,6545,4500,3610,5382,7148,4622,3628,4318,4489,3919,3414,1.08329,-10.009,8.71247,48.354
41927,3218,3451,3959,4174,3271,3680,4663,6801,3364,3874,5218,9675,3334,3681,4544,5717,4.93582,27.0653,8.64387,48.416
41928,3335,3231,3293,3144,3722,3865,3568,3397,4810,5544,4453,3729,6929,9658,5554,3848,25.3199,-9.40332,8.80115,48.0533
41929,3116,3237,3414,3367,3240,3529,3971,4099,3479,3995,5728,6226,3569,4381,7768,8988,20.9344,17.0354,8.91437,48.0713
41930,3517,3472,3255,3182,4685,4278,3599,3295,8257,6175,4030,3434,7538,5898,4098,3405,13.515,-19.712,8.88709,48.0787
41931,3427,3510,3384,3254,4114,4307,3789,3484,5089,7105,5028,3772,5369,7437,5376,4054,15.7785,-7.04643,8.68438,48.3327
41932,3354,3430,3223,3158,3968,3832,3337,3148,6158,4653,3702,3420,12616,6243,3945,3416,28.3201,-28.1221,8.63581,47.7353
41933,3317,3554,4355,4956,3250,3714,4958,8778,3369,3725,4805,7751,3284,3433,4114,4575,-1.70246,31.972,8.58492,47.9587
41934,3161,3408,3431,3381,3405,3685,4149,4197,3670,4507,6810,5918,3649,4736,7593,6748,17.2421,12.511,8.51618,48.2987
41935,5196,7018,5139,3862,5235,7476,5172,3786,4019,4441,3863,3565,3394,3502,3370,3210,-14.2853,-6.94068,8.86227,48.1653
41936,12463,6466,3888,3509,5906,4650,3802,3329,3934,3799,3458,3324,3396,3361,3195,3067,-29.9135,-25.2831,8.89547,47.698
41937,3661,5172,9536,7758,3514,4239,5483,5187,3351,3605,3819,3821,3118,3268,3405,3316,-26.2993,11.9487,8.88945,48.1687
41938,8932,5397,3930,3395,8753,5133,3892,3441,4558,4140,3602,3190,3541,3508,3332,3159,-15.3598,-33.1343,8.5432,47.9353
41939,7735,6822,4332,3491,6913,6446,4128,3512,4280,4121,3604,3291,3628,3508,3346,3151,-16.4125,-16.6457,8.73098,48.2053
41940,5060,4322,3598,3298,8769,4920,3838,3455,7371,4885,3751,3262,4520,4031,3544,3153,-1.94449,-33.1671,8.71611,47.8513
41941,3254,3387,3965,3974,3471,3828,5170,5374,3551,4249,7149,7379,3364,3958,4977,5335,6.4156,15.807,8.63305,48.2567
41942,3553,3508,3446,3103,4494,4395,3725,3290,6965,6909,4161,3456,6875,6421,4190,3545,14.337,-15.7214,8.7458,48.024
41943,4588,4099,3534,3169,7543,5088,3654,3334,8551,5314,3791,3309,5106,4449,3609,3298,1.47288,-23.6413,8.92679,48.2907
41944,3370,3376,3162,3224,4012,3906,3534,3222,6823,4881,3757,3287,12060,5873,3965,3385,22.7657,-31.1116,8.98593,47.8913
41945,3050,3211,3482,3425,3233,3440,3846,3846,3489,3916,4989,5673,3454,4347,7878,10442,30.8595,18.5413,8.63517,47.814
41946,11757,7076,4003,3433,5937,4938,3800,3457,3849,3781,3409,3361,3463,3348,3185,3054,-29.4503,-22.1734,8.90858,47.9007
41947,3518,3523,3240,3075,4666,4084,3497,3264,8715,5075,3857,3482,9406,5375,3884,3291,15.9249,-29.4092,8.89722,47.968
41948,3169,3252,3376,3285,3471,3694,3728,3686,3812,4648,5165,4492,4202,6655,9728,5620,31.854,4.91633,8.83275,47.9887
41949,3780,4761,7486,6231,3667,4503,7107,5842,3341,3722,4163,4052,3195,3355,3507,3534,-16.0854,11.2619,8.50989,48.164
41950,3212,3313,3213,3434,3218,3571,3748,3930,3247,4018,4990,5620,3493,4388,7943,10536,32.3923,18.3179,8.85325,47.916
41951,3139,3524,3685,3798,3325,3748,4776,5168,3481,4270,6759,7990,3482,3972,5438,6012,9.42717,17.7344,8.74782,48.378
41952,4820,5658,4598,3734,5387,8120,5174,3819,4242,4865,3997,3607,3658,3618,3437,3319,-9.85143,-7.6808,8.62887,48.0353
41953,3357,3842,4605,4905,3481,4060,6781,7419,3386,3907,5675,5939,3202,3584,4065,4132,-3.85438,16.6034,8.8908,48.2267
41954,3087,3253,3465,3556,3169,3568,4011,4815,3368,3763,5311,8751,3331,3793,5540,9002,15.6178,25.59,8.66578,47.8553
41955,3125,3337,3447,3533,3171,3579,3921,4256,3424,3838,5384,7857,3453,4039,6121,9870,18.2611,23.2083,8.91909,48.2367
41956,3498,4397,8563,9374,3393,4105,5115,5492,3302,3486,3816,3838,3133,3336,3508,3385,-33.1933,15.8084,8.66558,47.8273
41957,5744,7375,4964,3904,5471,7633,4761,3681,3951,4284,3700,3354,3477,3493,3336,3114,-15.2486,-9.25205,8.76713,48.1613
41958,3352,3835,5187,7654,3455,3865,5376,9597,3319,3646,4246,5179,3230,3275,3643,3644,-11.9147,26.4408,8.69659,48.3353
41959,3623,3685,3362,3330,4403,4547,3811,3324,6345,7950,4596,3634,5461,6238,4384,3575,11.3289,-11.5645,8.75935,48.1787
41960,3645,3599,3331,3098,4691,4223,3524,3206,9062,5155,3885,3293,8775,5290,3801,3357,14.4661,-27.9813,8.7724,47.9567
41961,3136,3472,3648,3834,3408,3809,4952,4861,3546,4325,7365,7329,3363,4044,5406,5873,8.96945,15.0899,8.81822,48.2473
41962,12408,6206,3981,3299,6023,4791,3820,3371,3892,3709,3505,3250,3382,3469,3329,3142,-33.0803,-25.3439,8.68034,47.718
41963,3569,3718,3685,3512,4017,4873,4610,3803,4527,7540,6295,4012,4184,5143,4676,3952,7.52879,-2.67165,8.69672,48.0773
41964,3420,3406,3261,3178,4004,3885,3471,3237,6080,4839,3791,3326,12267,6244,3842,3349,33.3916,-25.6122,8.61414,47.7333
41965,3445,3360,3106,3084,3944,3842,3537,3191,5655,5060,3972,3490,10071,7970,4501,3607,28.9189,-17.7138,8.51386,47.89
41966,3278,3327,3348,3241,3630,3878,3795,3540,4401,5711,5375,4124,5031,8283,7198,4308,21.3828,-1.69348,8.90604,48.312
41967,3657,4396,4881,4250,3842,5574,7843,4964,3707,4651,5543,4383,3410,3631,3919,3715,-5.33733,5.52411,8.59337,48.244
41968,3350,3592,4054,4372,3369,3909,5380,6851,3429,3895,5777,7923,3262,3576,4317,5025,1.59784,20.0465,8.59926,48.054
41969,4584,5372,4455,3705,5450,8108,5086,3691,4453,5238,4180,3601,3784,3821,3561,3362,-7.96634,-7.60375,8.57074,48.3007
41970,3791,4286,4293,3918,4212,6197,6148,4191,4119,5717,5735,4090,3693,4059,3973,3750,-1.47061,0.312662,8.53842,48.1147
41971,3431,3927,5260,7355,3339,3859,5606,9282,3237,3546,4306,5023,3029,3343,3626,3789,-11.6019,23.0972,8.72578,47.972
41972,5152,9039,7390,4376,4320,5157,4807,4015,3530,3816,3708,3461,3379,3306,3288,3165,-28.9157,-2.70633,8.50699,47.9393
41973,3737,3593,3338,3149,5339,4255,3535,3242,9926,5269,3705,3334,7642,5071,3724,3241,11.0703,-30.297,8.96328,48.0667
41974,3576,3689,3483,3388,4153,4808,4032,3464,5272,7989,5368,3944,4795,6017,4594,3681,10.1747,-6.80767,8.84002,48.1687
41975,4186,4208,3815,3346,5674,6676,4292,3363,5699,7005,4479,3544,4501,4452,3755,3362,0.650695,-12.2543,8.85517,48.238
41976,3116,3266,3436,3349,3301,3466,3725,3889,3517,4117,5241,5534,3687,4577,8778,9067,25.9534,15.4001,8.79745,48.044
41977,11554,5760,3736,3462,7131,5024,3787,3391,4123,3830,3442,3103,3450,3334,3252,3063,-21.892,-29.8083,8.61581,47.628
41978,3351,3353,3205,3077,3886,3842,3661,3345,5218,5263,4192,3523,7851,9488,5157,3758,28.5707,-12.0662,8.68792,48.1133
41979,3129,3365,3443,3392,3299,3604,4200,4189,3493,4269,6235,6495,3558,4477,7215,7757,17.2804,15.8116,8.85371,48.08
41980,3562,3544,3374,3151,4339,4294,3745,3410,6480,7196,4462,3455,6411,7004,4325,3705,14.7146,-13.4211,8.931,48.3047
41981,3120,3308,3423,3461,3290,3396,3940,4332,3372,3864,5030,7869,3329,3837,5800,10540,18.6943,29.1898,8.50908,47.9407
41982,3253,3367,3267,3242,3596,3819,3805,3483,4173,4965,5016,4071,5005,8435,7730,4649,28.8607,-0.746919,8.51231,47.9173
41983,3371,3760,4743,6402,3463,3752,5100,9972,3340,3501,4423,5816,3150,3409,3659,4058,-7.93578,32.449,8.52697,47.946
41984,3363,3830,5261,7476,3438,3881,5727,9396,3174,3616,4215,5078,3071,3275,3642,3774,-11.6743,23.2488,8.97044,48.1447
41985,5210,9113,7532,4486,4343,5158,4659,3894,3528,3737,3873,3446,3352,3354,3293,3281,-29.5329,-2.40391,8.91649,48.1727
41986,6417,5606,4102,3482,7950,6766,4172,3547,4995,4615,3709,3299,3771,3501,3324,3158,-11.0327,-17.716,8.86587,48.276
41987,3380,3209,3359,3216,3588,3900,3651,3444,4395,5060,4839,4015,5359,9054,7101,4414,32.8732,-3.14501,8.5305,47.9893
41988,4025,4334,3948,3536,4980,7139,4977,3750,4847,6762,4852,3672,3969,4254,3901,3400,-0.818282,-6.88415,8.95869,48.2307
41989,3294,3424,3227,3124,3920,3798,3405,3254,6150,4814,3812,3401,12570,6064,3923,3396,26.903,-30.5379,8.59116,47.7173
41990,3346,3435,3244,3062,3955,3871,3583,3279,5498,5874,4312,3575,7716,8819,4798,3728,22.4837,-12.9851,8.69099,48.0633
41991,3349,3424,3249,3173,4221,3882,3452,3268,7807,5008,3857,3504,10590,5685,3952,3359,19.2865,-32.6816,8.72125,47.8533
41992,3389,4198,7062,11621,3345,3795,4816,5832,3300,3422,3732,3936,3153,3140,3372,3437,-31.1643,21.9364,8.82016,47.7
41993,3123,3294,3417,3376,3317,3559,3785,3813,3585,4219,5052,5060,3818,5169,9688,7431,31.8479,11.1158,8.66673,47.804
41994,3214,3514,3870,3836,3544,4190,5416,4493,3715,5028,8020,5750,3575,4228,5267,4497,6.70369,8.66985,8.91913,48.1047
41995,8761,5310,3888,3428,8968,5133,3829,3349,4847,3915,3566,3272,3635,3594,3228,3123,-14.5994,-29.3048,8.75843,47.8973
41996,3305,3310,3403,3267,3575,4005,4016,3675,4410,6331,5912,4235,4696,7158,6419,4453,16.7564,-1.10968,8.76514,48.1133
41997,6701,10114,5690,3825,4856,5255,4320,3690,3638,3815,3640,3444,3344,3417,3293,3081,-28.9814,-8.71157,8.90269,48.082
41998,3968,5298,9532,6679,3613,4392,5605,5086,3260,3647,3843,3853,3074,3293,3349,3325,-23.5374,9.71572,8.85932,47.878
41999,3240,3351,3525,3571,3339,3782,4400,4458,3401,4288,7199,6737,3543,4273,6631,6648,13.9675,14.4769,8.85445,48.2573
42000,12275,6366,3906,3366,6009,4816,3739,3334,3987,3921,3501,3176,3425,3332,3152,3157,-31.5472,-25.3373,8.75599,47.6413
42001,3361,3967,5539,8758,3352,3798,5484,8948,3285,3462,4127,4623,3111,3346,3361,3613,-14.6655,24.6461,8.87916,48.09
42002,3445,3836,4468,4528,3499,4171,6623,6432,3468,4111,6099,6034,3328,3788,4250,4272,-1.25984,14.3435,8.84841,48.2347
42003,3370,3996,6027,12560,3466,3685,4853,5977,3274,3454,3690,3855,3151,3219,3397,3355,-30.6739,28.1092,8.50746,47.5527
42004,3899,3611,3420,3039,5758,4359,3567,3255,9851,5372,3798,3375,6742,4835,3716,3340,8.86996,-27.986,8.56163,47.958
42005,3396,3421,3234,3051,4042,3846,3414,3245,6729,4960,3780,3439,11735,6282,3817,3360,22.6704,-25.2199,8.99533,47.834
42006,3159,3364,3765,3862,3261,3592,4340,5250,3365,3889,5208,9879,3383,3676,4939,7414,10.6925,31.8344,8.80548,48.2307
42007,6416,6592,4519,3625,6502,7088,4410,3637,4373,4423,3811,3303,3546,3628,3343,3095,-13.8651,-13.7014,8.722,48.2073
42008,4106,6164,8735,5645,4025,4996,6012,4695,3432,3814,3839,3668,3235,3325,3303,3327,-20.8384,4.82089,8.78785,48.214
42009,4994,8610,7836,4620,4346,5210,4878,4069,3534,3729,3782,3563,3250,3267,3311,3089,-24.7556,-1.34136,8.87973,48.0587
42010,3124,3339,3227,3280,3497,3770,3803,3691,3919,4514,5339,4568,4155,6638,9484,5701,27.0494,5.00663,8.61347,48.0327
42011,3285,3312,3498,3422,3504,3894,4266,3964,3948,5060,7456,5098,3774,5140,7255,5355,14.7689,7.17314,8.74284,48.154
42012,3904,3812,3352,3158,5885,4325,3600,3253,9929,5425,3813,3346,6592,4818,3655,3255,8.60402,-27.771,8.64747,48.0813
42013,3179,3211,3324,3363,3357,3604,3953,3870,3636,4465,5920,5032,3849,5634,9254,6598,22.3258,9.0771,8.82491,48.166
42014,3345,3453,3167,2985,3928,3745,3407,3206,6103,4749,3770,3463,12695,5950,3914,3377,27.4797,-31.0272,8.87845,47.5047
42015,3095,3185,3341,3492,3218,3359,3626,3899,3437,3697,4729,6151,3382,3973,6109,12823,28.2256,28.491,8.8763,47.6773
42016,3273,3214,3412,3297,3248,3461,3876,3845,3376,3933,5007,5707,3438,4244,7340,11000,31.345,20.5684,8.64223,47.7807
42017,8677,5381,3770,3445,8851,5139,3884,3335,4697,4137,3531,3243,3613,3571,3296,3205,-14.6072,-32.9866,8.60465,47.85
42018,3164,3471,3779,3987,3375,3590,4532,6004,3441,3900,5493,9693,3250,3833,4838,6304,7.55105,24.3591,8.71774,48.436
42019,4129,5036,5358,4277,4149,6424,7214,4580,3866,4517,4788,3941,3353,3648,3732,3468,-9.30933,1.47025,8.7639,48.32
42020,3564,3568,3295,3057,4893,4126,3530,3234,9138,5395,3878,3433,8388,5338,3898,3346,13.6639,-25.6066,8.82722,48.054
42021,3902,4084,3906,3641,4448,6188,4921,3837,4678,7007,5379,3985,3999,4463,4177,3588,1.86857,-4.77681,8.67844,48.1353
42022,3499,3364,3260,3163,4005,3758,3469,3239,5868,5073,4011,3440,11049,7431,4121,3346,33.5764,-20.4385,8.55558,48.064
42023,5058,6273,4537,3732,5451,8007,4970,3849,4292,4656,3987,3485,3503,3599,3423,3262,-11.2213,-8.46628,8.81629,48.056
42024,3231,3237,3443,3394,3135,3403,3791,3886,3338,3787,4655,6059,3491,4079,5986,12413,29.9118,32.6189,8.5481,47.552
42025,3795,3743,3252,3140,5092,4280,3599,3257,9502,5196,3769,3410,7827,5059,3767,3349,11.5562,-30.1175,8.69809,48.0247
42026,6209,4850,3778,3303,9382,5790,3975,3394,5853,4546,3591,3308,3982,3811,3449,3156,-7.64038,-22.2336,8.7195,48.2513
42027,3231,3264,3404,3338,3341,3382,3739,3857,3415,3858,4777,5920,3411,3876,6053,12644,30.8096,30.4592,8.80927,47.6733
42028,3288,3563,3882,3983,3264,3788,5103,5995,3461,4071,6457,8117,3378,3780,4761,5347,5.29945,18.5368,8.88323,48.1587
42029,3371,3919,5980,11486,3363,3839,4845,6973,3242,3400,3878,4070,3105,3153,3382,3420,-22.3649,32.171,8.52655,47.6173
42030,3337,3575,4122,4133,3601,4225,6035,5249,3583,4546,7635,5921,3499,4059,4614,4537,2.68268,11.3851,8.90734,48.4473
42031,3316,3573,4769,5958,3394,3793,5632,9302,3334,3680,4589,6104,3177,3493,3786,4131,-6.36347,23.6294,8.83645,48.0207
42032,3338,3950,6654,12151,3344,3896,4887,6174,3198,3362,3748,4032,3182,3292,3299,3349,-26.8868,24.4944,8.96927,47.904
42033,3177,3213,3495,3321,3270,3485,3894,4141,3318,3851,4861,7188,3450,3939,5913,11276,21.2282,32.7386,8.68229,47.8613
42034,3731,3919,3790,3466,4292,5356,4468,3739,5042,7755,5622,3927,4155,4933,4520,3755,6.2016,-4.8921,8.56888,48.3133
42035,4020,3995,3466,3265,5472,5431,3958,3403,7234,7072,4383,3494,4962,4879,3825,3373,5.11263,-14.96,8.842,48.1547
42036,3500,3717,3774,3407,3953,4917,4823,3831,4394,7252,6727,4225,4114,4892,4898,3984,7.33555,-0.720383,8.78879,48.272
42037,3381,4089,6607,9203,3472,3932,5722,7385,3216,3532,3949,4328,3054,3261,3557,3541,-17.7657,20.2792,8.9209,48.1527
42038,3160,3191,3337,3429,3234,3448,3921,4244,3408,3743,4968,7649,3313,3988,5786,10581,19.5006,31.9284,8.62101,47.6
42039,6817,7535,4548,3637,6139,6755,4326,3672,4112,4197,3699,3323,3446,3524,3290,3208,-16.3668,-13.3395,8.80622,48.152
42040,3236,3220,3329,3193,3471,3738,3823,3692,3818,4702,5167,4493,4087,6152,9856,5975,29.8432,6.49884,8.93401,47.968
42041,3841,4725,5371,4535,3879,5640,7947,4953,3612,4293,5009,4131,3356,3683,3884,3454,-8.51607,4.9061,8.80042,48.2087
42042,3527,3708,3368,3187,4223,4526,3830,3344,5689,7527,4803,3776,5577,6910,4621,3554,13.908,-9.90732,8.57872,48.1133
42043,3397,3803,4165,3945,3638,4529,6217,4726,3730,4970,7495,5203,3602,3982,4556,4254,2.16559,8.25066,8.76857,48.1413
42044,3544,3661,3450,3280,4064,4423,4010,3436,5409,7729,5163,3804,5196,6577,4818,3740,12.3171,-8.1903,8.76508,48.2027
42045,7250,9773,5463,3789,4836,5231,4391,3657,3760,3871,3606,3349,3283,3392,3276,3262,-29.6434,-10.0158,8.55086,48.126
42046,3321,3817,4470,4305,3542,4473,7000,5578,3584,4449,6630,5494,3441,3822,4276,4206,-0.805309,11.032,8.96187,48.272
42047,7274,5412,3745,3278,9147,5921,3988,3453,4940,4274,3604,3351,3741,3720,3269,3061,-11.7904,-21.8212,8.87099,48.1187
42048,3357,3655,4804,7101,3478,3786,5246,9890,3310,3503,4214,5355,3181,3351,3595,3792,-10.07,30.031,8.64349,47.7453
42049,4830,4851,3921,3434,6602,7317,4387,3564,5305,5738,4040,3550,4033,4154,3471,3178,-4.09788,-13.3156,8.88756,48.25
42050,3342,3480,3178,3103,4004,3808,3499,3236,6057,4724,3866,3377,12434,6098,3933,3355,32.2283,-27.2899,8.77413,47.6627
42051,3575,3525,3322,3038,4733,3981,3541,3214,9026,5109,3868,3384,9107,5474,3894,3405,15.3876,-27.5565,8.94869,48.1307
42052,3588,3499,3313,3185,4426,4259,3583,3343,7266,6514,4223,3636,7431,6529,4274,3373,14.8823,-17.403,8.78555,48.2947
42053,3278,3362,3362,3277,3481,3697,3707,3527,4079,4974,5202,4266,4526,7406,9108,5077,25.7723,2.28201,8.92481,48.2193
42054,3414,3967,6086,12487,3378,3720,4726,6146,3332,3491,3754,4042,3150,3212,3448,3451,-27.1161,29.9287,8.50628,47.8693
42055,3688,3539,3341,3157,5187,4234,3676,3304,9676,5344,3851,3312,7640,5055,3774,3273,11.4235,-27.8031,8.70468,48.034
42056,3277,3664,3562,3445,3715,4220,4412,3882,4192,6344,7049,4575,4127,5414,6014,4437,12.1056,2.01489,8.50485,48.2193
42057,3366,3343,3253,3099,3980,3785,3451,3283,5504,5103,3973,3419,10208,8299,4397,3549,29.5359,-17.3639,8.77469,48.008
42058,12776,6255,3818,3209,5887,4603,3848,3372,3880,3816,3421,3291,3373,3344,3222,3266,-30.7602,-27.1107,8.95907,47.5873
42059,3120,3283,3524,3716,3302,3573,4224,4785,3366,3960,5604,8712,3400,3952,5673,8244,13.9853,23.038,8.73165,48.292
42060,5807,7164,4657,3739,5855,7525,4756,3657,4117,4350,3791,3315,3435,3489,3382,3122,-14.3562,-10.589,8.71846,48.1073
42061,9459,5748,3848,3466,8417,5416,3868,3338,4430,4079,3460,3283,3529,3508,3406,3125,-16.486,-24.3171,8.91875,48.2533
42062,3357,3401,3125,3171,4385,4023,3526,3220,7598,5561,4003,3428,9259,6447,4123,3437,17.8832,-20.9439,8.79422,48.0427
42063,12652,6270,3907,3260,5992,4729,3756,3412,4016,3751,3348,3149,3447,3473,3222,3141,-29.8282,-26.6776,8.7526,47.6833
42064,3126,3234,3341,3357,3246,3424,3810,3901,3357,3781,4716,5946,3394,3976,6124,12859,29.5008,29.6869,8.76585,47.728
42065,3457,3629,3673,3473,3896,4606,4424,3780,4498,7256,6674,4234,4249,5384,5193,4150,9.5487,-1.35417,8.64784,48.384
42066,7534,9732,5251,3761,4964,5235,4174,3688,3793,3837,3496,3291,3343,3346,3324,3192,-29.0824,-11.0866,8.55899,47.974
42067,3084,3174,3499,3426,3192,3459,3881,3892,3410,3851,5008,6226,3412,4073,6811,11684,25.6429,22.1579,8.91809,48.0547
42068,4325,7187,9377,5532,3838,4707,5101,4320,3389,3710,3802,3531,3207,3193,3420,3267,-30.1332,3.65887,8.86089,47.9373
42069,3160,3498,3707,3888,3350,3797,4869,5162,3564,4093,6984,7939,3394,3831,5495,5803,8.55668,16.9684,8.99995,48.356
42070,3862,3968,3699,3403,4721,5896,4369,3719,5566,7774,4795,3765,4555,4814,4001,3536,4.05627,-9.07298,8.68757,48.2953
42071,3591,3744,3594,3377,4177,5196,4639,3827,4792,7821,6061,3999,4284,5069,4599,3800,7.03225,-3.62901,8.88667,48.38
42072,3217,3339,3414,3423,3262,3413,3728,3902,3310,3769,4699,5977,3447,3875,6043,12341,32.5363,33.6923,8.72781,47.4393
42073,3116,3494,3374,3407,3192,3592,4038,3871,3597,4384,5874,5295,3634,5163,9170,7176,22.1039,10.8579,8.82482,48.2513
42074,5824,4555,3720,3426,9456,5597,3840,3377,6338,4496,3763,3298,4107,3869,3405,3179,-5.85707,-25.4247,8.67198,48.1667
42075,4427,5637,4932,3920,4829,7724,6110,4036,4110,4704,4258,3606,3397,3660,3576,3312,-9.62472,-3.51262,8.61994,48.1587
42076,3325,3521,4067,4576,3339,3790,4913,8145,3297,3771,4927,8298,3312,3589,4285,4771,0.452924,33.839,8.68117,47.9507
42077,3112,3301,3371,3375,3204,3372,3708,3964,3395,3825,4766,5875,3359,3787,6038,12793,31.5899,29.0432,8.94019,47.4967
42078,3138,3311,3386,3279,3401,3570,3895,3691,3531,4241,5513,5150,3753,5328,9654,7247,25.7571,11.2086,8.79582,48.0587
42079,3287,3726,4811,6984,3395,3848,5218,10084,3449,3622,4327,5691,3210,3316,3719,3854,-9.61744,31.3949,8.77283,48.3607
42080,3128,3373,3580,3681,3254,3593,4044,4772,3528,3936,5752,8496,3344,3987,5771,8005,14.2465,21.7585,8.53388,48.1627
42081,4411,7323,9031,5263,3976,4831,5170,4305,3498,3674,3945,3555,3215,3299,3349,3201,-27.4515,2.87317,8.98001,48.0307
42082,4131,3912,3355,3176,6280,4505,3630,3315,9959,5302,3866,3387,6015,4657,3652,3277,6.13897,-29.3068,8.96135,48.2793
42083,3145,3639,4133,4524,3372,3532,4808,7538,3361,3705,5059,8898,3328,3563,4343,5173,2.04315,31.1528,8.6207,48.0807
42084,11919,6769,4036,3446,6167,4792,3870,3332,3997,3822,3473,3216,3375,3336,3234,3173,-28.3264,-22.8432,8.59421,47.9713
42085,12374,5957,3892,3368,6081,4854,3725,3295,3936,3787,3402,3243,3411,3436,3324,3179,-33.8067,-27.105,8.57849,47.5093
42086,3358,3515,3657,3461,3565,3987,4591,4063,3793,5225,8015,5144,3753,4800,6398,5043,12.1862,7.00419,8.86122,48.2453
42087,3843,5273,8254,6065,3804,4732,6716,5128,3353,3783,4000,3860,3186,3396,3444,3407,-18.352,8.70911,8.74458,48.1627
42088,3644,3752,3670,3261,4300,5200,4312,3683,4956,8073,5644,3990,4448,5134,4594,3748,7.54189,-5.32407,8.75842,48.2727
42089,3532,3677,3815,3448,3926,4927,4977,4003,4280,6668,7036,4425,3970,4872,4856,3979,6.23955,0.499095,8.80978,48.2607
42090,3381,3397,3255,3063,3809,3796,3553,3181,5554,5100,3989,3528,9864,8289,4520,3591,29.2021,-17.0487,8.77546,47.9133
42091,3741,5112,9218,7751,3541,4265,5517,5268,3334,3630,3853,3870,3107,3248,3361,3252,-25.23,12.3049,8.50645,48.0453
42092,3158,3220,3389,3497,3234,3476,3900,4200,3425,3952,5194,6736,3371,4252,6642,10517,21.6719,21.5995,8.54186,48.1087
42093,3487,3441,3297,2956,4146,3817,3500,3278,7096,5277,3782,3442,10720,6605,4146,3370,20.8963,-22.6007,8.90702,48.24
42094,3122,3285,3353,3311,3286,3569,3870,3738,3659,4506,5706,4961,3855,5507,9569,6560,24.0125,8.92836,8.68665,47.9047
42095,3069,3268,3553,3621,3184,3451,4066,4798,3307,3846,5106,9149,3522,3852,5362,8464,14.0923,29.6912,8.52364,47.7453
42096,3389,3372,3242,3107,3936,3982,3421,3302,5740,4894,3885,3416,10485,8047,4263,3467,29.0064,-18.6446,8.91666,47.9653
42097,3357,3754,4633,6202,3394,3835,5414,9487,3131,3608,4506,6175,3131,3392,3900,4026,-6.80021,25.9451,8.52658,47.9633
42098,3451,3295,3262,3042,4020,3892,3549,3234,6153,5097,3938,3431,10439,7542,4311,3465,25.5591,-19.3232,8.78003,48.0807
42099,3002,3232,3344,3419,3344,3484,3809,3901,3436,4083,5377,5535,3581,4731,8861,8818,25.013,14.9759,8.83543,47.9713
42100,12452,5841,3893,3489,6000,4776,3814,3416,3978,3816,3422,3253,3258,3348,3232,3191,-31.0283,-32.5261,8.65608,47.4527
42101,3195,3523,3988,4192,3392,3929,5713,5751,3488,4377,7077,6775,3386,3889,4745,4802,3.30273,14.5556,8.61934,48.148
42102,3436,3334,3322,3020,3922,3858,3483,3368,5641,5396,4094,3516,8815,8779,4598,3576,24.4331,-15.2215,8.83478,48.1053
42103,12614,6111,3962,3451,6255,4685,3748,3455,3914,3787,3344,3252,3390,3331,3246,3227,-25.6885,-32.2782,8.93226,47.848
42104,3718,3594,3274,3030,4851,4154,3516,3303,9136,5300,3760,3343,8400,5419,3876,3552,14.2761,-26.01,8.66537,48.1507
42105,3218,3579,3942,3882,3458,3957,5269,4986,3601,4390,7482,6902,3610,4057,5141,5148,7.01505,13.9147,8.53266,48.4147
42106,10965,7466,4092,3391,5806,4938,3962,3500,3833,3915,3502,3289,3443,3328,3146,3202,-31.6667,-20.2837,8.5226,47.852
42107,3105,3335,3711,3834,3313,3469,4289,5295,3268,3878,5432,9566,3325,3819,5148,7243,11.0659,25.1199,8.81268,48.02
42108,3331,3883,6140,12502,3413,3791,4869,6494,3209,3478,3713,3931,3160,3194,3368,3364,-24.9742,27.8332,8.95833,47.8933
42109,3101,3325,3457,3288,3297,3586,3744,3921,3334,4035,5068,5622,3504,4274,8128,9970,33.3381,17.7023,8.61496,47.7693
42110,4018,3961,3533,3301,5419,5565,4021,3448,6985,7263,4210,3505,4922,4788,3895,3361,4.63255,-14.4216,8.83014,48.13
42111,4261,4162,3477,3296,7202,4632,3698,3297,9211,5083,3855,3360,5302,4338,3574,3262,3.37442,-31.1094,8.60555,48.0067
42112,4067,3971,3440,3292,6301,5138,3819,3325,8331,6187,3883,3397,5318,4750,3852,3239,4.68984,-19.7322,8.81612,48.2067
42113,3526,3495,3332,3225,4220,4264,3822,3367,6083,7212,4522,3580,6097,7216,4570,3560,14.9521,-11.6761,8.93333,48.0607
42114,3157,3256,3479,3432,3287,3470,3791,3951,3342,3804,4985,5984,3288,4165,6957,11594,27.9677,22.6337,8.65082,47.9613
42115,3377,3389,3177,3065,4040,3725,3566,3184,6195,4834,3820,3366,12025,6697,3969,3315,26.5383,-24.2831,8.74734,47.8293
42116,3505,3816,3779,3603,3916,5169,5213,4048,4174,6688,6904,4295,3812,4649,4701,3878,5.409,0.585162,8.86049,48.1
42117,4072,5214,6384,4747,4009,5893,7614,4858,3573,4177,4551,4005,3341,3551,3516,3438,-12.166,4.22305,8.88889,48.6287
42118,3431,3896,5540,6914,3396,3970,6196,8716,3317,3701,4450,5072,3086,3348,3620,3704,-10.9641,20.3774,8.69299,48.238
42119,3171,3284,3425,3405,3393,3539,3761,3659,3794,4538,5182,4835,3929,5962,10012,6442,30.563,7.53015,8.80937,48.2207
42120,3106,3222,3375,3378,3206,3453,3870,4095,3411,3787,4956,7274,3406,3843,5875,11484,21.5056,29.8808,8.58051,47.8273
42121,3338,3363,3262,3165,3878,3845,3441,3336,5776,5080,3900,3542,11033,7446,4307,3437,29.3564,-20.0617,8.85191,48.0993
42122,11484,6016,3922,3305,7195,5036,3749,3336,4209,3846,3571,3271,3404,3456,3201,3085,-21.3652,-27.4639,8.71372,48.0573
42123,3547,3560,3218,3127,4313,3936,3612,3125,7553,5236,3958,3317,10021,6095,4123,3427,18.738,-22.8399,8.63004,48.112
42124,3011,3292,3490,3396,3211,3578,4134,4053,3530,4079,5704,6895,3407,4208,7018,8953,18.9434,18.3285,8.71841,47.9727
42125,3350,3531,3389,3268,3856,4249,3928,3604,4428,6831,5984,4254,4629,6820,5929,4227,14.9218,-2.11996,8.79348,48.1847
42126,3294,3368,3307,3284,3558,3799,3756,3587,4241,5190,4699,4017,5225,8961,7398,4359,28.3422,-2.88877,8.65587,48.0287
42127,4217,5920,7214,4877,4043,5713,6718,4511,3531,4007,4107,3827,3241,3402,3396,3348,-15.8423,2.88519,8.79876,48.048
42128,3124,3285,3391,3395,3350,3634,3779,3678,3675,4308,5223,4932,3778,5524,9946,6983,33.5963,10.1123,8.96562,48.0033
42129,4691,7347,7697,4812,4385,5664,5634,4304,3624,3895,3748,3563,3295,3275,3380,3195,-20.7202,0.0928665,8.60899,48.3393
42130,3791,3958,3780,3574,4326,5850,5153,3775,4442,6935,5959,4105,3903,4576,4260,3675,2.62216,-2.1782,8.94681,48.0413
42131,4473,5029,4285,3677,5353,7825,5086,3851,4572,5630,4362,3569,3727,3930,3631,3413,-5.33083,-7.55063,8.56056,48.2753
42132,10422,7910,4346,3508,5775,4960,3968,3373,3974,3899,3448,3284,3439,3424,3180,3157,-30.8574,-18.8575,8.56689,48.0447
42133,3478,4734,8260,7498,3628,4275,6180,5875,3382,3550,3989,4065,3212,3283,3433,3362,-19.5642,13.7588,8.96444,48.136
42134,4617,7640,8969,5136,4111,4860,5201,4316,3494,3759,3663,3559,3215,3229,3361,3129,-25.8195,1.87126,8.83292,48.1727
42135,3718,3694,3288,3065,4860,4292,3654,3354,8445,5902,3988,3461,7630,5728,3909,3464,13.3134,-20.7501,8.66838,48.3013
42136,7453,4921,3707,3420,9903,5230,3835,3468,5298,4324,3630,3230,3724,3697,3338,3116,-10.6521,-30.4852,8.70269,48.196
42137,3405,4057,7318,11375,3402,3780,4907,5847,3200,3558,3889,3781,3009,3208,3431,3357,-30.1457,20.9449,8.71283,47.6827
42138,3048,3382,3725,3810,3372,3496,4282,5454,3422,3801,5382,9939,3407,3825,4903,6850,9.89726,27.8853,8.60665,48.0653
42139,3195,3176,3520,3433,3325,3695,4234,4765,3338,4158,5914,8218,3506,3954,5988,7915,14.2675,21.2022,8.83396,48.2227
42140,5504,4827,3918,3407,8112,6461,4015,3397,5611,5042,3756,3372,4043,3960,3495,3224,-5.90932,-18.6804,8.60587,48.096
42141,3711,4554,5990,5053,3791,5076,7931,5538,3570,4009,4869,4177,3214,3450,3640,3611,-10.6333,8.4514,8.54571,48.1227
42142,6591,9880,5754,3931,4698,5114,4389,3809,3652,3853,3577,3281,3398,3345,3288,3175,-31.2655,-8.43285,8.83308,47.8233
42143,3242,3322,3358,3331,3441,3806,3826,3817,3961,5010,5919,4629,4057,6201,8863,5454,21.1039,4.86503,8.64448,48.158
42144,4468,3985,3510,3104,7487,4852,3748,3285,8945,5165,3828,3440,5244,4304,3631,3225,2.32948,-26.4566,8.62704,48.1473
42145,3244,3624,4095,4200,3434,4105,5984,5805,3571,4297,7073,6408,3396,3878,4686,4818,2.78302,14.2473,8.71567,48.412
42146,3983,4413,4231,3795,4340,6788,5903,3944,4196,5923,5305,3862,3831,4117,3991,3679,-2.04003,-2.29518,8.57045,48.2007
42147,9263,5440,3869,3342,8848,5108,3813,3404,4525,3889,3547,3144,3535,3464,3213,3071,-15.4901,-31.3916,8.92668,47.65
42148,3574,4217,7465,9214,3451,4051,5549,6597,3235,3500,4041,4149,3048,3201,3464,3498,-20.2698,18.1637,8.64289,48.1693
42149,3215,3494,3792,3890,3427,3937,5122,4943,3510,4419,7304,7095,3482,4021,5283,5245,7.41514,14.3975,8.67506,48.1193
42150,3536,4327,7199,7943,3542,4198,6283,6643,3347,3663,4067,4258,3172,3300,3438,3451,-17.6944,15.8603,8.93367,48.2447
42151,3156,3361,3457,3291,3484,3886,4076,3802,4005,5323,6440,4578,4118,6160,7972,5135,18.1376,3.96271,8.91483,48.1627
42152,3568,3517,3288,3214,4185,4018,3554,3340,6523,6461,4222,3641,7380,7346,4446,3643,17.2945,-15.2575,8.79619,48.2307
42153,5133,4794,3805,3370,7173,6900,4169,3577,5769,5534,3942,3381,4178,3937,3429,3226,-4.14287,-16.1895,8.79998,48.2113
42154,3417,4185,5896,8475,3334,3833,5558,8258,3270,3715,4125,4507,3226,3267,3515,3650,-15.2172,21.9851,8.55861,48.154
42155,11608,6251,4015,3429,7028,5026,3844,3356,4080,3842,3451,3156,3433,3461,3192,3082,-22.3525,-25.2632,8.76774,48.1693
42156,3386,3352,3363,3332,3615,3722,3618,3482,4240,4877,4923,3979,4996,8783,7747,4540,29.6761,-1.56802,8.87643,47.97
42157,3477,3518,3298,3035,4319,3854,3403,3283,8198,5121,3910,3520,10302,5682,3923,3472,18.1366,-29.5508,8.93073,48.21
42158,3372,3282,3211,3087,3815,3786,3435,3267,5879,4855,3790,3368,12563,6051,4024,3424,30.1212,-33.4842,8.7673,47.4727
42159,3528,3417,3274,3186,4359,3886,3533,3232,8086,5167,3767,3420,10259,5559,3754,3429,18.1761,-31.4902,8.83707,47.904
42160,3133,3390,3713,3938,3305,3661,4487,5229,3381,3903,5924,9008,3384,3768,5302,6735,10.0448,21.2069,8.88137,48.174
42161,3520,4797,8827,8227,3550,4276,5519,5293,3319,3535,4080,3869,3148,3174,3373,3383,-24.7496,13.4587,8.61715,47.9267
42162,3259,3384,3303,3259,3499,3720,3882,3544,4120,4757,5000,4268,4366,7503,9209,5241,31.6531,2.26882,8.9997,48.2093
42163,3581,3333,3245,3167,4049,3866,3458,3229,5767,4934,3856,3280,11005,7420,4222,3335,33.468,-20.2552,8.58016,47.8313
42164,3600,3638,3748,3403,3992,4764,4648,3812,4441,7230,6516,4329,4171,5101,4836,3950,7.75692,-1.24416,8.53603,48.1193
42165,3747,3608,3393,3016,4909,4213,3545,3319,8800,5723,3797,3345,7962,5636,3956,3461,13.7633,-23.0043,8.50069,48.2867
42166,9809,5471,3831,3383,8411,5085,3795,3415,4486,4051,3488,3338,3555,3526,3270,3137,-17.0623,-32.7153,8.71589,48.034
42167,4270,6322,8139,5285,3866,5083,6177,4564,3455,3840,3922,3798,3257,3299,3396,3314,-20.1539,4.14277,8.52095,47.9913
42168,3866,5472,8995,6201,3785,4489,6342,5053,3284,3711,3993,3856,3161,3235,3551,3306,-20.3228,8.37354,8.83994,48.2
42169,3267,3551,3940,4115,3422,3921,5459,5768,3512,4156,7012,7128,3361,3844,4775,4996,4.53196,15.402,8.5806,48.1513
42170,3875,5338,9130,6866,3582,4307,5819,5119,3405,3716,4069,3871,3148,3343,3411,3382,-22.611,10.1536,8.6006,48.254
42171,3394,4229,7643,9345,3483,3936,5565,6482,3285,3536,3982,4024,3060,3297,3378,3354,-21.1295,18.0749,8.73951,47.9953
42172,3095,3388,3446,3450,3589,3971,4141,3877,4127,5484,7027,4780,4043,5721,7221,4984,15.8277,4.55744,8.79675,48.2293
42173,3975,3765,3289,3220,5911,4524,3640,3358,9549,5511,3857,3355,6256,4693,3759,3181,7.6788,-24.9054,8.58621,47.8953
42174,3692,5032,8392,7071,3733,4371,6306,5444,3319,3651,4031,3914,3086,3319,3441,3516,-19.7325,11.5267,8.5252,48.212
42175,6988,7601,4675,3583,6232,6602,4224,3610,4208,4136,3675,3391,3598,3490,3321,3202,-17.2546,-13.3901,8.771,48.3573
42176,4579,7567,8613,5110,4011,4784,5169,4260,3480,3731,3865,3604,3257,3368,3416,3253,-26.4532,1.97126,8.51913,48.0447
42177,3520,4150,7375,11162,3385,3931,5048,5889,3133,3513,3707,3913,3131,3149,3335,3287,-27.328,20.7101,8.86338,47.752
42178,3119,3265,3744,3886,3284,3670,4401,5411,3404,3922,6264,9010,3388,3814,5102,6450,9.04128,20.5771,8.78934,48.0893
42179,4222,4464,3863,3463,5550,7044,4544,3583,5282,6560,4533,3686,4174,4184,3696,3506,-1.04366,-10.2668,8.64661,48.236
42180,3417,3760,3630,3416,4090,4926,4541,3784,4716,7469,6373,4126,4202,5220,4953,3873,8.25351,-2.72725,8.7873,48.3307
42181,3325,3867,5242,6903,3591,3893,5934,9410,3209,3559,4371,5213,3118,3238,3810,3731,-10.5129,22.4398,8.73122,48.276
42182,11577,6840,4034,3533,5918,4832,3894,3388,3988,3848,3410,3172,3411,3374,3354,3141,-31.7011,-22.5173,8.61489,47.8093
42183,4435,7190,8573,5166,4035,5086,5648,4375,3456,3756,3915,3609,3216,3455,3303,3248,-22.4153,2.28455,8.97643,48.3107
42184,3188,3395,3527,3811,3208,3583,4199,5431,3417,3849,5436,9920,3203,3774,4945,7197,10.615,27.8228,8.78685,48.0553
42185,4354,3970,3444,3130,7084,4727,3672,3395,9349,5127,3854,3386,5370,4493,3586,3206,3.67853,-26.7575,8.8287,48.098
42186,3644,3840,3885,3465,4346,5610,4992,3893,4520,7258,6081,4007,3963,4598,4302,3788,3.63812,-2.69216,8.95384,48.128
42187,4971,5115,4122,3507,6458,7919,4670,3638,4832,5303,4010,3433,3745,3851,3540,3251,-6.6887,-11.698,8.82722,48.2433
42188,5754,5904,4195,3590,6792,7773,4442,3537,4572,4699,3757,3404,3636,3623,3382,3200,-10.6348,-13.6586,8.9677,48.1733
42189,12636,5861,3928,3450,6207,4792,3725,3295,3974,3758,3362,3272,3360,3318,3313,3075,-30.024,-29.0583,8.89435,47.5507
42190,3272,3347,3342,3224,3562,3879,3694,3495,4284,4952,4698,3879,5163,8875,7646,4635,27.8479,-1.83778,8.63182,47.9647
42191,6430,5951,4235,3446,7360,7074,4290,3605,4686,4427,3755,3372,3651,3641,3264,3162,-11.7582,-15.6734,8.81131,48.2327
42192,3216,3236,3378,3351,3491,3788,3832,3611,4016,4879,4976,4136,4687,8164,8456,4845,30.5397,0.413298,8.64631,48.0413
42193,3353,3812,5001,5761,3415,4005,6484,8451,3478,3663,4890,5528,3128,3465,3782,3900,-7.43005,18.9773,8.67274,48.0773
42194,5039,6117,4614,3662,5409,8197,4974,3799,4209,4646,4025,3472,3496,3675,3314,3203,-11.1691,-7.7953,8.99155,47.9007
42195,3964,4050,3623,3513,5245,6391,4326,3609,5839,7274,4572,3643,4526,4521,3877,3459,2.37339,-11.3642,8.64179,48.288
42196,4286,4108,3618,3202,6403,5473,3955,3275,7630,6425,4037,3501,4861,4544,3651,3123,2.51173,-17.8109,8.93383,48.0613
42197,3075,3299,3449,3523,3343,3541,4093,4204,3428,4063,5875,7175,3389,4212,6734,8857,17.9795,19.1855,8.87899,48.1733
42198,6862,6498,4277,3590,7150,6942,4233,3584,4429,4290,3602,3290,3560,3594,3274,3106,-13.7915,-15.6128,8.91158,48.1873
42199,3288,3707,4606,5657,3323,3765,5304,9354,3433,3556,4717,6846,3217,3475,3968,4265,-4.42025,27.6714,8.53042,48.3207
42200,11676,7132,4122,3360,5924,4841,3894,3392,3932,3669,3420,3183,3404,3315,3216,3166,-30.6025,-21.2803,8.87109,47.764
42201,5434,4360,3638,3246,9134,5155,3737,3293,7321,4768,3649,3349,4403,4111,3387,3325,-3.01936,-27.9796,8.59141,48.2067
42202,6291,9469,5831,3965,4884,5812,4456,3688,3728,3901,3740,3331,3275,3396,3254,3184,-22.7342,-7.97677,8.91404,48.1367
42203,3718,3635,3334,3036,5382,4230,3539,3290,9721,5518,3823,3382,7452,5038,3780,3364,10.8022,-26.0819,8.89837,48.1613
42204,3795,3916,3607,3224,4582,5403,4298,3575,5615,8312,4760,3686,4484,5213,4328,3510,6.43918,-9.16136,8.87535,48.2053
42205,3443,3414,3147,3108,3990,3852,3404,3165,6307,4741,3889,3441,12423,6199,3887,3361,26.3654,-27.8427,8.77467,47.8473
42206,9322,7185,4297,3489,6722,5513,4016,3399,4266,3978,3560,3284,3445,3450,3173,3008,-20.287,-19.0519,8.52267,48.0713
42207,4114,4086,3660,3317,5535,6045,4106,3492,6475,7171,4276,3497,4673,4604,3823,3473,2.85359,-13.5746,8.88046,48.2313
42208,3537,3452,3328,3210,4506,4049,3583,3319,8956,5318,3947,3338,9034,5432,3904,3385,15.239,-33.0251,8.63754,48.1987
42209,7883,5796,3983,3443,8518,5827,3865,3470,4873,4188,3634,3269,3609,3587,3310,3057,-13.6641,-21.671,8.53291,48.208
42210,3159,3233,3553,3521,3280,3543,4188,4957,3248,3703,5129,9493,3379,3772,5283,8245,13.213,31.0231,8.93015,47.7907
42211,3472,3413,3239,3252,3889,3872,3360,3231,5926,4779,3882,3337,11927,6614,4076,3350,31.8047,-23.5701,8.62481,47.746
42212,3441,3482,3335,3123,4124,3979,3546,3306,6777,5829,4008,3462,8860,7105,4301,3481,19.0565,-18.28,8.7937,48.106
42213,3338,3566,3755,3862,3457,4001,5240,4849,3632,4627,7876,6441,3453,3993,5281,4946,7.22607,12.2232,8.71181,48.2113
42214,3281,3470,3952,4461,3361,3682,4717,7141,3458,3763,5092,9238,3319,3594,4346,5166,2.99809,31.8173,8.83678,48.0273
42215,12331,6392,3819,3372,6040,4796,3728,3369,3889,3761,3407,3110,3433,3459,3236,3163,-31.5039,-26.2772,8.6297,47.5367
42216,3125,3268,3394,3360,3336,3498,3666,3928,3346,3777,4714,5971,3441,4053,5965,12629,29.3567,33.0284,8.57229,47.6473
42217,4065,4497,4179,3616,4500,7162,5624,3850,4370,6058,4997,3783,3894,4143,3765,3483,-2.42685,-4.168,8.89568,47.9907
42218,3199,3294,3432,3443,3376,3631,3747,3654,3915,4519,5287,4625,4154,6417,9690,6010,30.1031,6.12679,8.5399,48.262
42219,3071,3181,3408,3328,3270,3492,3887,4058,3438,3812,5506,6721,3478,4190,7059,10499,21.4849,20.7723,8.82036,48.2653
42220,3088,3274,3421,3363,3148,3390,4046,4287,3330,4005,5726,7583,3383,4066,6352,9673,18.3225,21.357,8.9967,48.09
42221,3390,3371,3189,3041,3986,3768,3438,3195,6027,4763,3783,3358,12731,5934,3842,3394,33.3969,-27.4196,8.92355,47.4733
42222,3051,3191,3322,3370,3331,3613,3940,3765,3689,4210,5703,5336,3787,5180,9534,7411,23.8434,11.402,8.94749,48.2887
42223,12608,5978,3826,3359,6034,4737,3740,3423,3928,3624,3415,3225,3367,3345,3277,3203,-33.4677,-28.076,8.8842,47.3927
42224,5678,9626,6739,4108,4533,5137,4674,3903,3733,3817,3727,3417,3278,3423,3284,3287,-32.3576,-5.05448,8.79905,48.2427
42225,3148,3328,3397,3342,3311,3517,3759,3982,3277,3872,4930,5892,3361,3946,6945,11875,31.3808,23.051,8.74915,47.9213
42226,4432,5451,4945,3916,4780,7703,6137,4124,4064,4835,4514,3774,3520,3651,3572,3297,-8.96137,-2.9652,8.78938,48.4767
42227,3384,3835,5105,7939,3480,3823,5076,9310,3213,3603,4203,4991,3243,3408,3682,3722,-12.6736,32.8599,8.73977,48.0113
42228,7003,8528,4897,3728,5510,6210,4347,3622,3960,4011,3537,3297,3309,3545,3327,3155,-19.9281,-11.6458,8.74518,47.9907
42229,3039,3257,3280,3375,3225,3564,3703,3835,3451,3838,4958,5626,3434,4222,7992,10711,30.6432,19.2078,8.82138,47.6733
42230,3534,4208,7874,11054,3385,3959,5005,5749,3172,3479,3842,3918,3076,3215,3315,3434,-27.864,19.4126,8.82128,48.146
42231,3178,3496,3483,3415,3462,3919,4180,3878,3904,5109,7064,4887,3987,5554,7642,5364,16.3909,6.16939,8.92162,48.348
42232,3141,3388,3769,3882,3289,3677,4345,5575,3440,3752,5268,10024,3326,3802,4869,6757,8.99044,30.857,8.89512,48.2027
42233,3426,3368,3201,3066,4007,3900,3568,3330,5533,5773,4106,3531,8061,8783,4754,3594,22.6127,-13.7699,8.96256,48.0007
42234,3679,4201,4233,3810,4167,5771,6298,4287,3990,5900,6152,4196,3697,4199,4140,3734,-0.12344,1.02313,8.70405,48.3027
42235,3137,3115,3386,3426,3277,3516,3928,4084,3257,3888,4982,7310,3500,4020,5950,11093,20.6999,33.551,8.67202,47.9127
42236,3233,3390,3356,3087,3566,3834,3821,3615,4561,5567,4899,3971,5372,9188,6779,4201,23.0774,-4.02155,8.95328,48.2933
42237,3293,3446,4232,4739,3320,3701,4833,8302,3396,3696,4865,8420,3325,3537,4117,4771,0.0892161,28.69,8.99048,47.9953
42238,3098,3353,3463,3400,3306,3426,3946,4348,3434,3706,5081,7986,3408,3919,5642,10227,18.3717,31.8513,8.57034,47.8287
42239,3111,3395,3752,3811,3383,3720,4756,4460,3589,4447,7721,6604,3486,4304,5859,5423,10.1356,12.7776,8.86107,47.8807
42240,3091,3424,3749,3962,3347,3560,4281,5499,3310,3795,5308,9824,3355,3713,4820,7082,9.81646,27.8473,8.78028,48.08
42241,10849,7799,4349,3406,6112,5283,3832,3386,3960,3813,3503,3195,3365,3324,3253,2971,-25.4445,-19.0152,8.91208,48.2667
42242,3069,3234,3285,3365,3216,3492,3829,4053,3385,3908,4904,6440,3442,3979,6286,12186,25.0227,27.1677,8.63999,48.0487
42243,3136,3232,3278,3409,3250,3539,3923,4239,3399,3648,5043,7569,3408,3979,5907,10814,20.1653,26.9641,8.60866,47.8487
42244,7292,5519,3855,3547,8723,5957,4016,3456,4847,4294,3616,3372,3724,3664,3317,3206,-12.0281,-21.2773,8.60356,48.27
42245,3666,3788,3597,3271,4417,4890,4149,3594,5628,8175,5018,3732,4770,5659,4401,3570,8.61184,-8.55331,8.95872,48.2167
42246,12398,6438,4059,3405,6212,4808,3665,3451,3941,3742,3502,3084,3407,3369,3236,3042,-28.0548,-25.2222,8.65,47.8393
42247,5343,4537,3553,3302,9054,5201,3774,3431,7065,4667,3702,3276,4303,3943,3460,3240,-3.47998,-32.8221,8.68799,47.9007
42248,3627,3720,3590,3176,4234,4845,3992,3523,5722,8183,5050,3760,5120,5927,4502,3736,9.94463,-8.93273,8.93312,48.4713
42249,3169,3231,3413,3616,3261,3427,4106,4779,3463,3936,5377,8831,3387,3863,5635,8838,15.0113,25.5025,8.91262,48.2213
42250,3103,3343,3559,3579,3225,3554,3978,4725,3494,3777,5189,8952,3348,3852,5445,9111,15.0386,26.7808,8.97105,48.156
42251,3428,4127,5815,6755,3433,4167,6592,7862,3329,3726,4450,4811,3181,3357,3638,3703,-12.182,18.0448,8.97067,48.2493
42252,3351,3845,5290,8593,3432,3788,5117,9031,3300,3534,4040,4774,3153,3276,3539,3633,-14.432,28.814,8.61783,47.7973
42253,3239,3426,3389,3197,3624,3776,3802,3512,4434,5694,5059,3951,5207,8556,6858,4328,22.3052,-3.50281,8.7794,48.0347
42254,3150,3217,3510,3510,3289,3530,4101,4337,3551,4051,6561,7234,3529,4327,6803,7810,16.0594,16.9695,8.97707,48.34
42255,9096,5631,3876,3376,8385,5402,3764,3429,4749,4186,3513,3208,3661,3527,3251,3143,-15.5172,-24.1249,8.79444,48.1313
42256,3057,3225,3282,3249,3248,3441,3767,3913,3372,3780,4737,6149,3433,4014,6046,12640,27.1717,31.5435,8.93565,47.5687
42257,4838,4046,3609,3259,8005,5319,3768,3348,7981,5241,3726,3234,4760,4196,3449,3233,0.0147784,-23.1801,8.88407,48.008
42258,3518,3484,3202,3008,4371,4066,3539,3245,7872,5285,3994,3214,9734,5917,4041,3379,17.9187,-24.0687,8.61907,47.9127
42259,3971,3825,3469,3212,5663,4760,3663,3374,9089,5977,3979,3402,5990,4902,3771,3263,7.41834,-20.8743,8.82573,48.2067
42260,3737,4531,5351,4586,3858,5348,8151,5243,3585,4247,5281,4232,3378,3624,3940,3659,-7.75217,6.7869,8.61539,48.5007
42261,11932,6025,3917,3512,6836,4848,3778,3420,3976,3770,3423,3198,3376,3394,3176,3079,-23.5523,-29.8803,8.639,47.7733
42262,3134,3332,3447,3453,3487,3964,4447,3999,3866,4934,7795,5532,3845,4809,6847,5369,13.4589,8.3427,8.88532,48.1733
42263,3415,3363,3078,3133,3983,3784,3366,3279,6309,4882,3790,3383,12215,6238,3981,3422,25.7728,-26.5721,8.53873,47.7473
42264,3708,4270,4725,4139,4005,5538,7616,4871,3778,4745,5676,4445,3402,3803,4036,3737,-4.54637,4.38393,8.60173,48.3293
42265,3163,3237,3485,3418,3283,3603,3824,3882,3547,4077,5049,5362,3450,4545,8661,9413,31.9541,16.0746,8.88307,47.9993
42266,6392,6110,4208,3531,7172,7039,4315,3559,4606,4447,3811,3321,3538,3701,3459,3084,-12.3373,-15.4039,8.54302,48.1953
42267,8048,5502,3760,3402,9007,5601,3919,3479,4879,4155,3598,3110,3745,3583,3349,3182,-13.5636,-23.9628,8.60364,48.2127
42268,3480,3409,3159,3104,3996,3863,3469,3187,7118,4908,3972,3371,11500,5832,3905,3443,21.4567,-29.595,8.94262,47.8107
42269,4050,5986,9902,6345,3788,4543,5231,4534,3434,3729,3773,3717,3244,3200,3346,3292,-31.3013,7.10884,8.55965,48.076
42270,3917,5784,9963,6772,3713,4389,5201,4940,3325,3582,3766,3736,3146,3228,3299,3232,-29.8132,8.92392,8.91189,47.9953
42271,3228,3328,3343,3337,3398,3673,3762,3677,3770,4453,5116,4548,4034,6397,9983,5937,30.4754,6.19239,8.87854,47.9893
42272,3489,3500,3507,3355,3828,4487,4192,3578,4737,7437,5943,4102,4584,6127,5354,4005,12.2031,-3.3521,8.52373,48.15
42273,9036,7357,4362,3455,6496,5730,3957,3410,4339,4035,3630,3273,3479,3417,3164,3060,-20.1152,-17.8107,8.63376,48.1333
42274,5863,5957,4162,3520,6854,7424,4448,3580,4558,4708,3847,3359,3778,3643,3391,3116,-11.1165,-13.8216,8.94349,48.1387
42275,3418,3910,5497,9238,3395,3790,5182,8840,3327,3576,4044,4491,3072,3243,3607,3438,-15.395,30.4899,8.6195,48.0453
42276,4284,5063,4441,3593,5102,8123,5409,3933,4202,5361,4388,3630,3653,3840,3662,3368,-6.09374,-5.84816,8.95483,48.0347
42277,7824,7529,4353,3525,6339,6099,4239,3506,4112,4062,3652,3225,3442,3481,3283,3074,-18.9505,-15.7415,8.58686,47.83
42278,3044,3275,3330,3303,3304,3383,3847,4079,3254,3863,4967,7131,3528,3859,5847,11524,21.9566,33.4336,8.92213,47.692
42279,8352,9492,4811,3618,5345,5110,4006,3552,3782,3867,3577,3243,3426,3340,3374,3092,-31.5388,-13.6079,8.92021,47.9913
42280,3554,3454,3271,3154,3999,3772,3411,3243,5969,4682,3687,3369,12509,5828,3872,3383,32.6692,-30.2862,8.53764,47.438
42281,4718,4511,3763,3332,6885,6578,4170,3473,6160,5773,3954,3472,4249,4055,3763,3258,-2.49413,-15.9611,8.52063,48.076
42282,3024,3277,3478,3519,3261,3429,3952,4316,3436,3829,5308,7844,3419,3872,6063,10144,18.2843,23.5976,8.96537,48.114
42283,3324,3449,3240,3140,4060,3831,3370,3318,6892,4792,3748,3324,11824,5947,3924,3386,23.2311,-29.5285,8.51629,47.7127
42284,3723,3595,3286,3249,5169,4182,3513,3214,9703,5237,3814,3377,7995,4948,3798,3278,11.8566,-28.4062,8.95674,48.054
42285,5024,8562,7863,4717,4220,4816,4876,4067,3599,3722,3726,3571,3240,3418,3342,3322,-29.7425,-1.06479,8.52933,48.0567
42286,3095,3311,3415,3432,3246,3660,4174,4164,3524,4262,6355,6227,3541,4679,7525,7189,17.0138,14.1812,8.82569,47.866
42287,3455,4288,8065,10056,3460,3908,5170,5654,3206,3503,3848,3944,3022,3298,3414,3365,-33.5722,17.5833,8.88583,47.7707
42288,3144,3198,3331,3345,3259,3636,3863,3712,3723,4256,5236,4953,3842,5314,9866,7417,30.3516,10.5461,8.81789,48.0633
42289,3537,3637,3804,3522,3907,4985,4975,3881,4304,6846,6852,4337,4031,4822,4795,4043,6.21679,0.241527,8.81808,48.1853
42290,3231,3469,4187,4558,3299,3684,4888,7954,3234,3834,5018,8683,3298,3540,4206,4858,0.98973,29.5034,8.98369,47.9607
42291,4086,4744,4513,3926,4368,7145,6575,4178,4095,5115,5067,3858,3636,3848,3830,3496,-5.39524,-1.18693,8.85175,48.32
42292,3156,3352,3570,3403,3489,3909,4488,4061,3763,4883,7623,5561,3680,4831,6942,5509,13.8224,8.6746,8.77071,48.1467
42293,3133,3223,3462,3406,3360,3650,3940,3967,3478,4176,5758,5728,3657,4608,8574,8337,22.1392,14.2425,8.64531,48.3047
42294,3346,4062,6846,11670,3378,3904,5027,5896,3177,3459,3833,3972,3059,3210,3429,3393,-33.7186,21.7056,8.6316,47.774
42295,3316,3744,4918,6637,3372,3825,5622,9592,3255,3573,4397,5740,3074,3356,3674,3934,-8.98848,24.0874,8.83747,48.0193
42296,10089,8240,4332,3543,5933,5139,3887,3419,3835,3796,3537,3275,3384,3365,3171,3066,-25.7819,-17.6304,8.92965,48.0073
42297,3440,3897,5796,12778,3300,3794,4719,5852,3276,3348,3663,3875,3149,3165,3411,3407,-32.5839,31.0019,8.88339,47.2467
42298,3725,5275,9578,7481,3655,4249,5398,5127,3269,3486,3857,3932,3052,3270,3389,3422,-25.6456,11.4217,8.64536,48.11
42299,3236,3498,4186,4492,3422,3701,4759,7815,3409,3845,4989,8721,3312,3526,4392,4884,1.14563,30.9887,8.93095,48.1247
42300,4296,6883,8440,5118,4095,5233,5905,4356,3523,3752,3879,3660,3266,3356,3359,3264,-21.2916,2.86809,8.87247,48.2567
42301,3548,3564,3247,3190,4754,4099,3505,3265,9362,5213,3708,3337,8728,5253,3926,3449,14.1896,-29.4687,8.93057,48.0987
42302,3437,3328,3375,3068,4038,3966,3535,3260,6086,6170,4114,3655,7812,8223,4669,3634,19.8913,-14.1826,8.85094,48.2467
42303,8123,5610,3956,3323,8852,5566,3801,3404,4761,4208,3508,3424,3643,3501,3151,3098,-14.063,-23.4022,8.67362,47.9527
42304,3568,3391,3283,3052,4247,3925,3532,3229,7283,5328,3886,3365,10227,6470,4102,3386,20.0022,-22.2935,8.51056,48.1827
42305,3436,3400,3253,3158,3911,3760,3406,3186,5979,4822,3759,3372,12467,6358,4060,3363,30.1001,-25.6729,8.83255,47.7933
42306,6446,5784,4016,3418,7827,6827,4231,3528,4881,4567,3817,3319,3762,3641,3373,3062,-11.2129,-17.5073,8.66225,48.3327
42307,3345,3383,3639,3534,3773,4413,4339,3749,4296,6864,6621,4340,4287,5692,5723,4332,11.982,-0.22454,8.84483,48.22
42308,3102,3157,3409,3323,3252,3419,3810,3856,3516,3933,5207,5613,3591,4559,8450,9588,26.3184,16.736,8.79506,47.8567
42309,6193,9663,6234,4031,4764,5483,4503,3803,3792,3845,3608,3334,3312,3393,3315,3096,-25.2098,-6.89871,8.81605,48.246
42310,3410,3408,3214,3092,3815,3987,3632,3450,4856,5814,4500,3699,6683,9499,5536,3880,23.4154,-9.33904,8.67388,48.3167
42311,3607,3614,3500,3186,4542,4342,3837,3287,6955,7044,4387,3599,6455,6252,4360,3444,13.0187,-15.0776,8.52979,48.274
42312,12330,5868,3896,3459,6632,4861,3751,3315,3891,3739,3426,3241,3375,3344,3223,3175,-24.2712,-29.8085,8.98944,47.684
42313,3297,3857,4805,6449,3438,3692,5761,9667,3261,3657,4366,5741,3188,3435,3678,3974,-8.59277,24.1342,8.755,48.1773
42314,3339,3890,6051,12791,3538,3765,4832,6041,3215,3459,3700,3798,3277,3164,3362,3436,-31.7979,30.746,8.87967,47.772
42315,3222,3608,4128,4407,3385,3863,5486,6878,3425,4007,5896,7643,3290,3655,4395,4933,1.28403,19.7874,8.53503,48.1473
42316,3169,3315,3456,3513,3183,3602,4053,4550,3404,3790,5119,8810,3346,3910,5524,9029,15.4205,30.913,8.71938,47.8487
42317,3098,3396,3715,3813,3297,3807,4519,4788,3525,4095,6619,8314,3312,4038,5579,6673,11.0585,18.5204,8.77843,48.392
42318,3332,3355,3260,3176,3942,3664,3459,3245,6115,4600,3705,3408,12521,6230,3882,3310,29.0168,-27.767,8.7487,47.4693
42319,7775,5116,3819,3386,9708,5231,3781,3360,5218,4093,3588,3255,3713,3609,3238,3059,-11.7274,-28.5897,8.95686,47.966
42320,3716,4896,9236,8148,3597,4137,5483,5334,3423,3518,3907,3889,3060,3195,3385,3381,-25.6535,13.2265,8.56594,48.2033
42321,3704,4660,8009,6688,3613,4419,6591,6022,3332,3597,4100,4158,3209,3200,3451,3398,-17.8418,12.4772,8.742,48.1007
42322,5613,5850,4263,3588,6695,7616,4438,3629,4549,4779,3805,3480,3642,3695,3478,3269,-10.5318,-13.589,8.56842,48.2593
42323,5730,5114,3870,3315,7832,6991,4199,3529,5215,4868,3986,3346,3890,3747,3392,3210,-8.00455,-16.7156,8.9796,48.156
42324,3444,4131,7035,11261,3381,3823,4958,5751,3229,3326,3783,3913,3170,3173,3478,3403,-30.4078,21.1648,8.74063,47.506
42325,3239,3397,3411,3432,3460,3823,4109,3970,3857,4867,6868,4965,3793,5456,8086,5553,17.624,7.36769,8.66981,48.1907
42326,3047,3292,3397,3480,3371,3604,3853,3891,3678,4090,5427,5483,3705,4701,8857,8373,24.4161,14.0658,8.81688,48.166
42327,4738,7999,8183,4860,4119,4976,5196,4238,3529,3713,3753,3611,3098,3423,3428,3254,-26.1183,0.712137,8.50976,48.0787
42328,3334,3415,3323,3136,3917,3714,3480,3293,5911,4884,3762,3296,12327,6395,3976,3361,30.9829,-25.608,8.64046,47.6827
42329,3356,3328,3226,3225,3916,3874,3424,3369,5920,4683,3604,3433,12375,5969,3973,3448,30.2298,-32.1506,8.50273,47.4153
42330,3038,3258,3599,3598,3171,3517,4013,4330,3407,3967,5169,7802,3267,3816,5972,10225,18.7578,24.0361,8.82064,48.0993
42331,9019,9010,4756,3539,5222,5152,4169,3512,3806,3845,3496,3207,3457,3389,3156,3179,-29.569,-15.1012,8.93735,47.9427
42332,4358,6916,7616,4766,4144,5540,5948,4523,3530,3924,3914,3611,3230,3439,3421,3354,-18.9938,1.78972,8.99507,48.156
42333,4205,3909,3447,3196,6911,4530,3593,3224,9673,5175,3798,3391,5620,4481,3611,3214,4.36373,-29.7886,8.85103,47.9853
42334,3481,3945,5553,10244,3411,3824,4877,7997,3238,3486,4011,4412,3166,3310,3468,3552,-18.0673,30.8198,8.71876,47.9833
42335,3498,4568,8218,9462,3453,4160,5117,5600,3252,3616,3785,3852,3159,3260,3496,3440,-31.1383,16.5747,8.5627,47.9573
42336,4090,6158,9510,6039,3741,4565,5524,4741,3376,3680,3880,3763,3164,3395,3458,3203,-25.3654,6.62089,8.59116,48.1913
42337,3232,3451,3678,3548,3402,3951,4560,4242,3686,4587,7956,5955,3702,4453,6515,5546,12.3685,10.7835,8.9914,48.3093
42338,3252,3961,5234,7186,3396,3774,5605,9558,3161,3540,4188,5320,3097,3323,3672,3858,-10.8189,25.3324,8.50467,48.0833
42339,3461,4568,8540,9251,3614,4001,5363,5661,3298,3610,3936,3937,3064,3192,3430,3447,-25.2641,16.1457,8.54351,48.2487
42340,12303,5858,3922,3353,6925,4856,3691,3379,4073,3827,3405,3243,3432,3345,3252,3081,-23.6324,-30.3143,8.88595,47.9633
42341,3065,3301,3413,3308,3264,3461,3795,3871,3329,3793,4876,5888,3288,4005,6182,12606,30.1227,27.4088,8.8059,47.63
42342,5487,4848,3893,3357,8077,6751,4129,3369,5698,4958,3872,3304,4025,3899,3501,3240,-5.98826,-17.8137,8.9505,48.272
42343,3535,3996,5199,5315,3514,4298,7633,6880,3444,3908,5100,5101,3324,3598,3833,3861,-6.8922,14.138,8.8576,48.3593
42344,3146,3440,3990,4306,3307,3701,4697,7281,3272,3873,4967,9250,3357,3562,4392,5328,3.39373,31.7596,8.90058,47.9127
42345,9692,5559,3930,3387,8290,5224,3805,3458,4371,3919,3554,3388,3476,3469,3332,3136,-16.4881,-33.82,8.6515,47.9933
42346,3041,3276,3468,3383,3329,3551,3897,3988,3532,4160,5758,6283,3606,4506,7839,8565,20.8461,16.2359,8.59064,48.1213
42347,3196,3680,4476,5352,3225,3769,5440,9351,3364,3703,4693,6916,3201,3526,3948,4216,-4.01064,25.1766,8.74255,48.0373
42348,3437,3562,3755,3568,3888,4528,5051,4070,4025,5985,7708,4798,3908,4801,5215,4188,7.43939,3.22794,8.81303,48.3247
42349,4102,6355,9858,5973,3909,4474,5308,4637,3361,3637,3693,3683,3181,3306,3386,3286,-27.2067,6.19724,8.84956,48.0993
42350,5106,4233,3506,3320,9068,4999,3663,3413,7517,4764,3724,3238,4514,4004,3481,3228,-2.39886,-29.0689,8.95441,47.852
42351,3264,3710,4991,7275,3379,3832,5259,9718,3304,3531,4373,5404,3126,3321,3606,3822,-10.4251,30.6805,8.52148,47.9433
42352,4025,4424,4316,3782,4501,6884,5851,3974,4283,6050,5119,3822,3832,4054,4047,3581,-2.26208,-3.16724,8.54449,48.3633
42353,3399,4072,6885,11757,3413,3799,4905,6000,3292,3472,3882,3985,3047,3285,3329,3447,-27.4191,22.7315,8.77688,47.9793
42354,4039,3860,3416,3183,5826,4407,3690,3295,9566,5487,3804,3485,6257,4702,3697,3329,7.78876,-24.9252,8.52182,48.0287
42355,3027,3258,3414,3479,3169,3549,3973,4037,3409,4034,5202,6145,3480,4377,7628,9830,23.4248,18.3156,8.63434,48.0073
42356,3118,3328,3474,3579,3332,3808,4272,4294,3676,4552,7277,5929,3668,4703,7334,6317,15.4034,11.6686,8.73664,48.4407
42357,6583,9079,5434,3920,5046,5983,4442,3696,3869,3986,3635,3315,3295,3351,3306,3096,-21.8763,-9.12142,8.84079,48.024
42358,3645,3602,3326,3096,4497,4253,3683,3222,7806,6122,4007,3608,7822,6093,3993,3408,14.9043,-19.308,8.61883,48.122
42359,11525,5679,3851,3383,7152,4900,3882,3339,4199,3887,3498,3236,3431,3267,3170,3148,-21.3915,-30.514,8.78772,47.698
42360,3012,3286,3555,3643,3247,3520,4244,4653,3396,3939,5987,8456,3356,4046,5825,7882,13.9514,20.4919,8.98841,48.0313
42361,11893,6175,3902,3478,6703,4751,3831,3387,3966,3869,3324,3350,3378,3295,3206,3158,-23.6527,-33.6805,8.64478,47.7773
42362,3178,3304,3649,3969,3171,3633,4358,5506,3414,3854,5624,9937,3234,3741,4956,6906,9.25536,25.5197,8.96819,48.2893
42363,5432,4484,3672,3311,9331,5058,3757,3343,7120,4694,3716,3378,4211,3922,3424,3185,-3.62318,-31.8835,8.82952,48.0253
42364,3367,4026,6632,11883,3458,3743,4874,6086,3200,3452,3797,3852,3140,3338,3391,3445,-29.9807,23.9525,8.5046,47.7893
42365,3645,3765,4124,4013,3703,4614,6568,4784,3714,4955,7499,4984,3534,4005,4417,4068,1.60139,7.28555,8.94236,48.2613
42366,3029,3190,3430,3553,3204,3418,3911,4346,3463,3888,5169,7788,3356,4009,6196,10053,18.6095,23.9216,8.74433,48.002
42367,3204,3257,3361,3434,3258,3514,3780,3991,3510,4012,5101,5624,3383,4244,8091,10296,31.3679,17.8564,8.93402,48.04
42368,3643,3666,3553,3378,3895,4757,4343,3776,4699,7547,6122,4006,4496,5693,4862,4077,9.95973,-3.63937,8.94126,48.342
42369,10371,7841,4228,3410,5774,4895,3828,3502,3882,3799,3424,3147,3384,3406,3250,3247,-32.87,-18.4,8.9065,47.592
42370,3186,3233,3525,3402,3273,3647,3793,3970,3665,4370,6056,5311,3713,5160,9120,7109,21.6619,11.3068,8.61302,48.3553
42371,6488,10133,5827,3864,4786,5081,4383,3753,3704,3816,3747,3292,3282,3343,3359,3205,-31.8344,-8.22129,8.96061,48.042
42372,3281,3324,3307,3127,3603,3804,3740,3428,4596,5101,4481,3861,5870,9837,6408,4117,29.3184,-6.09615,8.59537,47.9233
42373,3462,3413,3228,3076,4022,3865,3478,3202,5972,4903,3782,3396,12407,6206,4061,3417,31.3992,-26.8199,8.55037,47.9267
42374,3373,3944,6066,12031,3334,3793,4956,6596,3145,3404,3743,3968,3106,3279,3447,3348,-24.0615,27.5226,8.52692,47.6887
42375,3072,3256,3369,3553,3275,3451,3724,3949,3354,3753,4864,5935,3373,4082,7129,11152,31.0908,21.097,8.58275,47.5273
42376,3902,4900,4527,3753,4492,7369,6269,4126,4164,5488,5060,3783,3574,3841,3730,3551,-5.12692,-2.28525,8.86622,48.3527
42377,4267,3910,3459,3170,6205,4942,3780,3346,8419,6218,4046,3377,5454,4569,3841,3320,4.79545,-19.8908,8.86648,48.2153
42378,3649,3701,3381,3084,4927,4113,3571,3219,9370,5264,3858,3503,8215,5207,3870,3319,13.0192,-28.3528,8.63639,48.1673
42379,3688,5385,9989,7143,3772,4272,5138,4907,3299,3649,3955,3783,3098,3170,3286,3301,-31.2192,10.4492,8.99154,47.89
42380,6262,10002,5709,3879,4746,5363,4340,3792,3734,3872,3581,3365,3276,3492,3233,3240,-33.7214,-8.1176,8.95918,47.924
42381,3586,4086,4256,3920,3826,5061,6472,4461,3862,5205,6794,4622,3574,3959,4385,4002,0.863338,4.57015,8.51752,48.0473
42382,3433,3981,4608,4765,3615,4355,7444,6381,3499,4167,5873,5301,3343,3609,4065,3960,-3.62678,12.7477,8.66512,48.266
42383,3104,3256,3440,3367,3347,3584,3835,3704,3722,4406,5821,4952,4022,5686,9507,6480,23.2713,8.77959,8.89525,48.1553
42384,5511,4316,3640,3402,9390,5194,3825,3360,6877,4654,3703,3283,4281,3811,3455,3164,-4.22086,-28.3123,8.52348,47.9107
42385,4757,6622,5560,4153,4674,7233,5890,4034,3812,4235,3963,3517,3356,3536,3404,3253,-13.9722,-3.43291,8.61881,47.9993
42386,3106,3251,3300,3327,3378,3592,3863,3756,3735,4369,5529,4871,3915,5707,9746,6671,25.0084,8.47996,8.99431,48.0773
42387,3543,3601,3447,3245,4038,4591,4066,3513,5066,7896,5284,3959,4935,6373,4839,3792,11.6012,-6.7891,8.73776,48.1253
42388,3706,4834,6429,4936,3836,5152,8291,5290,3443,4037,4564,4029,3373,3392,3548,3532,-11.9902,7.12032,8.97908,48.2613
42389,3456,3471,3344,3062,4253,3951,3559,3272,7392,5688,3951,3405,9152,6610,4059,3448,17.9089,-20.1346,8.84502,48.0487
42390,3352,3691,4020,3848,3688,4438,5920,4538,3792,5201,7763,5250,3587,4003,4843,4468,4.56253,7.65053,8.71576,48.268
42391,3150,3380,3517,3745,3196,3564,4148,5073,3453,3770,5130,9587,3294,3813,5217,7925,12.3642,28.51,8.76048,47.9747
42392,5894,9223,6170,4149,4698,5607,4681,3883,3689,3738,3744,3401,3394,3347,3258,3203,-22.9705,-6.01969,8.51243,48.0527
42393,3368,3795,5063,7814,3323,3770,5199,9723,3206,3571,4116,5150,3234,3298,3681,3703,-11.7749,27.7286,8.80593,48.0093
42394,4391,5712,5228,4087,4547,7271,6299,4239,3883,4725,4247,3840,3428,3699,3563,3392,-10.0629,-2.35979,8.69675,48.3673
42395,4085,4503,4627,3891,4335,6894,6812,4276,4011,5213,5057,3897,3555,3781,3732,3637,-5.41804,-0.350349,8.66848,48.204
42396,3269,3388,3286,3235,3564,3855,3699,3599,4352,5520,5050,4011,5229,8809,6995,4334,23.6363,-2.92546,8.58883,48.13
42397,3377,3489,3669,3555,3852,4395,4329,3773,4334,6664,6722,4318,4349,5730,5782,4195,12.1957,0.359575,8.71062,48.3553
42398,4119,3820,3434,3239,5504,5177,3748,3397,7642,7063,4048,3515,5237,5001,3955,3367,5.60822,-16.6034,8.73617,48.1773
42399,3330,3519,4207,4467,3448,4047,5561,7092,3370,4004,5849,7633,3282,3613,4376,4705,1.20789,19.6272,8.50962,48.3353
42400,3020,3259,3603,3826,3222,3497,4196,5228,3512,3914,5466,9392,3261,3817,5177,7811,12.0414,25.0849,8.76586,48.134
42401,3274,3908,6124,12585,3273,3641,4922,6213,3243,3540,3787,3936,3212,3273,3397,3404,-33.1507,27.5697,8.58401,47.8213
42402,5068,8430,7244,4624,4312,5481,5018,3927,3594,3858,3800,3481,3300,3286,3389,3245,-23.3936,-2.06376,8.62003,48.038
42403,10865,5810,3915,3430,7614,5093,3806,3398,4196,3770,3551,3179,3422,3374,3227,3105,-19.7984,-30.5146,8.76634,47.8367
42404,3687,4721,9125,8631,3609,4171,5184,5290,3205,3505,3799,3751,3158,3120,3336,3335,-28.7694,14.5031,8.56435,47.7513
42405,4516,7640,9085,4972,4035,4831,5130,4299,3414,3858,3718,3661,3189,3341,3335,3213,-26.7748,1.9246,8.99438,48.158
42406,3780,4261,4352,3790,4092,6369,6401,4264,3987,5647,5808,4089,3752,4074,3977,3756,-1.81217,0.537411,8.71968,48.266
42407,3482,3629,3288,3278,4138,4345,3798,3384,6036,7353,4717,3637,5911,7034,4644,3564,14.301,-10.9405,8.6841,48.1587
42408,3569,3443,3217,3130,4428,4003,3524,3258,8486,5129,3848,3308,9271,5529,4057,3378,15.9855,-33.0868,8.69866,47.7187
42409,3798,5279,9954,7332,3715,4289,5294,4997,3276,3486,3734,3783,3165,3313,3282,3359,-28.8406,10.9879,8.91979,48.0373
42410,3295,3539,3512,3463,3625,4281,4339,3867,4217,6097,6993,4528,4051,5590,6161,4614,12.833,1.86806,8.64862,48.1147
42411,9601,6236,3999,3365,7710,5503,3989,3414,4428,4009,3414,3159,3523,3495,3303,2968,-17.8407,-22.266,8.78105,48.0773
42412,3159,3272,3534,3549,3474,3700,4037,3834,3758,4736,6483,5091,4040,5392,8368,5878,18.8429,7.58868,8.61352,48.2033
42413,4742,4175,3522,3211,7911,4841,3799,3392,8636,5014,3626,3408,4901,4331,3630,3356,1.12021,-30.4517,8.73646,48.33
42414,3206,3359,3473,3191,3582,3844,3745,3555,4208,5050,4917,4123,4849,8292,8238,4771,26.8786,-0.238392,8.83607,48.2687
42415,3267,3535,3977,3913,3549,4214,5676,4640,3634,4911,7850,5737,3673,4126,5011,4585,5.83958,8.99423,8.52817,48.1987
42416,3465,4042,6449,12006,3270,3773,4968,6430,3238,3407,3827,3916,3108,3223,3425,3470,-25.5511,24.6752,8.9319,48.0113
42417,3342,3803,6158,12662,3450,3751,4767,6328,3165,3505,3775,4035,3052,3199,3328,3370,-27.9208,27.3726,8.82621,47.7933
42418,3469,4359,7169,8546,3426,4191,5890,6781,3284,3660,4087,4152,3098,3308,3388,3582,-18.3163,17.2749,8.69803,48.26
42419,3072,3312,3303,3321,3150,3538,3778,3941,3387,3891,4848,6192,3294,4012,6800,11998,27.4122,23.7077,8.93461,47.8913
42420,3172,3279,3412,3373,3199,3360,3798,3846,3336,3754,4867,6113,3394,3937,6025,12801,29.7256,30.9936,8.67026,47.7773
42421,3742,3587,3304,3139,5194,4212,3499,3229,9699,5334,3770,3396,7558,4993,3748,3365,11.438,-29.8561,8.73182,47.846
42422,5081,4222,3501,3377,8716,5537,3783,3389,7341,5131,3746,3300,4398,4086,3484,3135,-2.11852,-23.2973,8.71929,48.1513
42423,3077,3224,3409,3456,3235,3531,3928,4030,3461,4086,5837,5795,3714,4774,8536,8365,22.1063,14.8111,8.92844,48.3053
42424,4913,8480,7871,4682,4242,5314,4943,4122,3466,3859,3739,3503,3263,3389,3290,3295,-24.6345,-1.17117,8.54238,48.2473
42425,6707,9913,5768,3949,4802,5229,4407,3663,3693,3897,3641,3330,3314,3343,3361,3020,-27.2584,-8.27538,8.87682,48.0247
42426,3249,3826,5088,7586,3471,3884,5211,9800,3294,3569,4332,5076,3071,3359,3558,3672,-11.4761,29.3473,8.72647,48.0307
42427,4166,6619,9164,5669,4028,4727,5543,4568,3381,3654,3809,3611,3245,3320,3529,3268,-23.9196,4.70277,8.76905,48.2007
42428,3267,3936,5841,8206,3381,3946,5794,8527,3277,3522,4135,4626,3156,3202,3608,3639,-14.6845,22.0475,8.73313,48.042
42429,3747,4848,8904,8125,3672,4100,5616,5545,3288,3540,3936,3866,3129,3257,3360,3370,-23.5427,13.5234,8.58908,48.202
42430,3203,3336,3318,3253,3558,3710,3698,3504,4023,4843,4971,4377,4628,7677,8892,4983,31.7931,1.92649,8.92185,47.9827
42431,3533,3816,3794,3503,3966,4778,5020,3955,4264,6722,6868,4346,4023,4934,4817,3919,6.50193,0.0587084,8.51701,48.172
42432,3388,3827,5254,8917,3395,3804,5077,8970,3142,3399,4043,4820,3196,3369,3603,3588,-14.5702,28.3289,8.79339,47.8613
42433,3392,3379,3219,3127,4043,3874,3365,3236,6671,4937,3796,3383,11515,6697,4143,3323,23.4337,-23.2091,8.96323,48.0667
42434,6136,8073,4890,3835,5604,6852,4689,3689,4029,4242,3620,3439,3468,3439,3349,3197,-17.5238,-10.3245,8.68843,48.3673
42435,6524,5163,3803,3400,8912,6326,3969,3406,5216,4496,3653,3387,3893,3657,3383,3015,-9.57277,-20.0356,8.77279,48.1353
42436,4128,5012,4757,3979,4467,7331,6504,4058,4010,5051,4730,3827,3603,3736,3751,3510,-6.60761,-1.84935,8.84847,48.3027
42437,3208,3409,3460,3344,3502,3886,4185,3796,3724,5147,6956,4747,4014,5556,7750,5220,17.0201,5.59953,8.96711,47.936
42438,3712,5167,9528,7580,3662,4205,5278,5224,3369,3667,3835,3834,3217,3296,3417,3439,-32.9772,11.7169,8.609,48.2867
42439,3566,3562,3523,3208,4074,4712,3954,3483,5297,7966,5412,3898,4858,6322,4823,3843,11.2718,-6.86897,8.94718,48.334
42440,3896,4051,3708,3445,4673,6006,4468,3616,5254,7895,5074,3774,4350,4831,4101,3517,3.82984,-7.61676,8.90799,48.4393
42441,3477,3735,3442,3375,4213,4441,3890,3460,5593,7770,5039,3841,5236,6374,4698,3687,12.3998,-8.57999,8.67831,48.1807
42442,3241,3321,3306,3169,3738,3849,3767,3417,4896,5598,4449,3707,6080,9457,6072,3949,24.3464,-7.26989,8.52279,48.0107
42443,3266,3430,3243,3084,4090,3985,3572,3275,7656,5000,3766,3304,11044,5761,3916,3532,19.6801,-33.9114,8.9489,47.9493
42444,3625,3577,3377,3088,4597,4068,3546,3100,8732,5144,3832,3361,9232,5544,3846,3340,16.0383,-27.9579,8.65987,48.006
42445,3957,5831,8799,5766,3822,4726,6108,4881,3492,3680,4030,3769,3173,3306,3320,3317,-20.7156,6.97154,8.58864,47.9847
42446,3157,3285,3288,3426,3376,3539,3744,3775,3388,4029,5251,5388,3680,4837,9143,8648,29.2081,14.0318,8.63813,47.9693
42447,3125,3181,3271,3411,3281,3549,3789,3871,3643,4277,5760,5143,3842,5287,9660,7014,24.1923,10.3831,8.91059,48.0693
42448,3788,4106,3628,3392,4753,6002,4463,3629,5397,7584,4958,3599,4407,4830,4150,3677,3.89843,-8.51973,8.66768,48.242
42449,3076,3421,3673,3910,3285,3628,4368,5617,3363,3734,5200,9834,3368,3797,4947,6850,9.31954,29.4112,8.68499,48.0473
42450,3376,3809,5819,11667,3373,3843,4973,7064,3191,3422,3742,4176,3217,3199,3435,3544,-21.8216,31.8968,8.97371,47.9
42451,3689,4844,8373,7123,3684,4302,6215,5632,3423,3585,4100,3958,3109,3367,3376,3427,-19.8874,12.0813,8.70639,48.138
42452,5413,8625,6192,4093,4680,6192,5084,3865,3822,3877,3882,3416,3256,3398,3419,3274,-20.56,-5.01148,8.78313,48.3253
42453,3157,3355,3317,3425,3316,3561,3682,3871,3296,3816,5022,5899,3427,3942,6919,11737,32.8258,22.4234,8.54464,47.828
42454,10798,7756,4201,3342,5839,4972,4054,3476,3845,3809,3510,3290,3414,3416,3329,3027,-26.3552,-19.351,8.82828,48.052
42455,3514,3572,3292,3110,4157,4185,3702,3405,5891,7308,4592,3710,6180,7245,4713,3730,15.5212,-11.3241,8.93223,48.204
42456,3253,3307,3209,3161,3839,3772,3554,3350,5029,5149,4439,3589,7280,10080,5369,3674,29.9199,-10.6677,8.93279,48.036
42457,3442,3374,3247,3076,3953,3778,3420,3217,6004,4854,3838,3466,11855,6850,4018,3486,29.2413,-22.7289,8.56782,47.9187
42458,3261,3603,4128,4359,3577,4064,6073,6308,3499,4124,6593,6811,3340,3676,4456,4649,1.1734,15.8132,8.87499,48.3473
42459,3581,4193,4533,3983,3955,5467,7000,4658,3933,5144,6468,4448,3589,3927,4132,3859,-1.42995,3.92349,8.96455,48.58
42460,3197,3444,3358,3258,3614,3964,3938,3560,4277,5450,5572,4284,4712,7728,7607,4751,21.4609,-0.311034,8.57834,48.476
42461,3322,3435,3251,3093,3829,3880,3601,3331,5293,5167,4017,3504,8515,9328,4857,3557,28.1344,-13.7643,8.76081,47.9867
42462,3142,3392,3614,3571,3413,3622,4609,4632,3477,4319,7623,6963,3534,4231,6395,5960,12.0053,14.0101,8.97874,48.3313
42463,4144,5634,5834,4367,4251,6280,7031,4485,3791,4306,4464,3773,3442,3593,3567,3388,-12.1211,1.59121,8.55019,48.2333
42464,4955,8281,6804,4299,4493,5887,5212,4045,3571,3970,3716,3535,3313,3434,3238,3262,-20.513,-2.61339,8.68318,48.01
42465,4288,3966,3439,3311,7178,5305,3768,3307,8186,5804,3975,3346,4955,4450,3495,3233,1.99538,-20.7461,8.93857,48.004
42466,3156,3330,3543,3510,3351,3567,4312,4372,3512,4088,6269,7365,3466,4218,6542,7811,15.8651,17.6808,8.7361,48.2747
42467,3566,3577,3220,3131,4847,4230,3488,3206,8977,5297,3916,3349,8522,5403,3952,3415,14.0271,-32.0413,8.58199,48.064
42468,3225,3344,3312,3296,3570,3614,3766,3519,4011,4864,5219,4373,4348,7443,8891,4969,33.5743,2.04442,8.86575,47.8427
42469,3703,4897,9439,7882,3556,4162,5133,5226,3315,3528,3911,3919,3149,3378,3478,3418,-32.7317,12.6275,8.56621,48.0627
42470,11879,6908,4054,3314,6095,4959,3867,3397,3944,3756,3434,3270,3471,3438,3232,3032,-26.9737,-22.2912,8.76345,48.0333
42471,3756,3693,3344,3108,5315,4348,3590,3240,9407,5730,3821,3290,7223,5045,3829,3388,10.8973,-24.4447,8.7964,48.0847
42472,12053,6346,3947,3419,6650,5044,3761,3399,4046,3756,3498,3161,3454,3337,3162,3104,-24.0781,-25.8506,8.77581,48.0913
42473,9057,8961,4598,3506,5408,5060,4120,3467,3855,3854,3430,3312,3405,3410,3235,3176,-29.8177,-15.0977,8.80382,47.9027
42474,3158,3270,3437,3502,3333,3705,4181,4195,3628,4323,6597,6237,3578,4569,7412,7088,16.9896,13.8606,8.68171,48.142
42475,3581,3714,3723,3356,4085,5159,4656,3708,4734,7670,6223,3979,4251,5147,4646,3918,7.17089,-3.47157,8.91535,48.3667
42476,4086,3805,3477,3220,6201,4542,3669,3274,9850,5311,3811,3318,6105,4577,3752,3252,6.68894,-29.3433,8.74078,48.1667
42477,4122,4006,3397,3101,6998,4646,3733,3375,9318,5174,3793,3449,5421,4497,3655,3128,4.02197,-32.0039,8.58906,47.8753
42478,12296,6669,4028,3397,5879,4829,3749,3362,4035,3678,3490,3233,3468,3416,3308,3062,-28.9791,-24.4883,8.76056,47.9327
42479,3033,3313,3262,3253,3406,3594,3759,3818,3773,4373,5503,4934,3817,5533,9745,6901,25.3354,9.40982,8.75934,48.0113
42480,3414,3894,5950,12379,3287,3781,4740,6141,3188,3543,3815,3965,3066,3274,3500,3404,-29.6789,28.807,8.57812,47.5607
42481,4442,7611,9122,5216,3990,4701,5075,4298,3486,3681,3775,3514,3185,3349,3302,3246,-29.8187,2.38392,8.91399,47.9953
42482,3334,3358,3307,3267,3661,3858,3602,3443,4671,5549,4521,3827,6107,9527,6215,4111,25.4404,-6.32002,8.71837,48.2387
42483,3773,3566,3359,3227,4909,4317,3647,3194,8846,5905,3972,3480,7277,5442,3823,3374,11.8706,-21.811,8.69359,48.074
42484,3598,4437,8762,9354,3383,3964,5107,5517,3257,3498,3859,3826,3063,3242,3413,3372,-29.8969,16.3073,8.74868,47.768
42485,3431,4172,6739,8979,3489,4002,5498,6955,3228,3507,4072,4325,3164,3188,3525,3656,-18.8295,19.5001,8.53411,47.9533
42486,3499,4009,4059,3911,3716,4929,6506,4516,3872,5147,7159,4836,3560,4119,4518,4019,1.43756,5.87177,8.55293,48.25
42487,4329,5903,6383,4547,4142,6270,6648,4461,3685,4183,4194,3792,3308,3487,3423,3374,-14.0683,1.30076,8.81205,48.086
42488,3161,3465,3746,3765,3239,3659,4286,5319,3417,3916,5491,9580,3307,3848,4941,6882,9.95553,24.4704,8.54548,48.0147
42489,3159,3684,4476,4921,3396,4006,6104,7993,3408,3779,5312,6836,3196,3611,4119,4294,-2.38985,20.282,8.58938,48.196
42490,5546,6268,4250,3454,6624,7708,4592,3641,4327,4601,3952,3457,3624,3650,3553,3150,-11.4622,-12.4786,8.51443,48.2647
42491,3480,3578,3350,3217,4213,4469,3813,3502,5901,7695,4793,3733,5539,6852,4724,3670,13.5552,-9.87572,8.83205,48.3527
42492,3583,3636,3508,3226,4076,4477,3891,3551,5403,7689,5005,3777,5323,6705,4782,3710,12.7625,-8.24389,8.54153,48.228
42493,3469,3616,3405,3197,4469,4235,3595,3366,7212,6670,4249,3456,7099,6576,4258,3499,14.2502,-16.0776,8.76069,48.2473
42494,3387,3373,3274,3138,4243,3920,3593,3289,7694,5087,3694,3373,10657,5720,3956,3428,19.0647,-30.7941,8.54704,47.884
42495,3351,3513,3219,3088,4153,3838,3448,3198,6102,4799,3688,3309,12157,6213,3920,3327,33.4816,-25.5916,8.51142,47.5487
42496,3304,3994,6832,11927,3398,3869,4834,6040,3248,3397,3827,3952,3122,3283,3333,3462,-33.0491,23.2362,8.84962,47.8813
42497,3316,3901,5893,11743,3320,3777,4839,6939,3303,3444,3844,4014,3176,3209,3393,3479,-22.5227,32.3557,8.78282,47.7267
42498,3397,3571,4658,6071,3351,3834,5242,9737,3265,3644,4631,6329,3215,3499,3722,4086,-6.40278,27.1707,8.55189,48.168
42499,3530,4224,7299,11256,3368,3839,5086,5810,3188,3551,3713,3917,3117,3227,3444,3444,-27.911,21.2746,8.59223,48.0087
42500,4459,3927,3530,3383,7552,4893,3801,3291,9022,5131,3756,3298,5129,4356,3609,3387,2.55574,-26.6621,8.68523,48.3493
42501,3374,3917,5923,12619,3338,3773,4692,6125,3262,3392,3844,3958,3080,3271,3307,3376,-29.3601,31.542,8.69572,47.5007
42502,3744,4118,3834,3476,4450,6172,4892,3789,4796,7370,5385,3862,4039,4590,4110,3629,2.41743,-4.67475,8.96434,48.1707
42503,3478,3332,3301,3109,3992,3660,3498,3253,6476,4789,3809,3444,12488,5869,3856,3451,24.8484,-31.0007,8.86629,47.87
42504,3581,3923,3986,3671,3975,5116,5709,4163,4182,6160,7020,4297,3760,4393,4679,3901,3.4511,1.87171,8.89855,48.344
42505,3248,3353,3432,3213,3418,3581,3838,3679,3856,4562,5108,4495,4213,6847,9751,5714,29.5756,4.85733,8.92187,48.2053
42506,12624,6022,3930,3413,6168,4842,3747,3431,3914,3857,3555,3236,3367,3463,3245,3167,-28.3511,-28.5777,8.59721,47.9873
42507,3191,3243,3364,3359,3317,3520,3987,3879,3647,4090,5259,5278,3655,5090,9480,7941,32.4798,12.4854,8.93212,48.2
42508,3194,3325,3383,3167,3451,3772,3810,3628,4019,4989,5068,4353,4590,7804,8869,4946,27.8796,1.52773,8.87189,48.2453
42509,3255,3415,3370,3189,3725,3769,3733,3478,4570,5764,4672,3888,5908,9365,6145,4024,23.8898,-6.22384,8.63094,48.18
42510,3383,3699,4315,4418,3518,4149,6545,6377,3416,4143,6546,6224,3351,3684,4223,4362,-0.314736,14.5996,8.97396,48.2353
42511,3333,3269,3327,3221,3761,3909,3777,3457,4540,5695,4831,3896,5457,9044,6581,4221,23.3433,-4.55179,8.5599,48.2127
42512,3414,4033,5651,6366,3442,4143,6803,8052,3291,3708,4608,4881,3021,3347,3646,3649,-11.1153,17.598,8.56722,48.0367
42513,3457,3413,3218,3124,4232,3991,3400,3256,7477,5069,3822,3374,10715,5830,3803,3421,19.5466,-30.7996,8.50676,47.7347
42514,3001,3362,3687,4032,3300,3765,4660,5713,3308,4008,6039,8886,3400,3873,4857,6133,7.9229,21.5074,8.64338,48.016
42515,3215,3262,3272,3252,3604,3834,3753,3462,4224,4880,4979,4187,4721,8077,8340,4863,26.1134,0.107679,8.7767,47.95
42516,3732,5242,9870,7430,3563,4166,5303,5111,3403,3557,3866,3742,3145,3308,3366,3316,-29.083,10.901,8.95765,48.08
42517,3323,3877,6055,12411,3352,3752,4828,6303,3217,3448,3863,4028,3136,3289,3343,3320,-25.7894,31.0288,8.74506,47.6967
42518,3254,3778,5121,6245,3555,4032,6514,8741,3255,3758,4632,5388,3112,3380,3611,3795,-8.95852,19.6537,8.70663,48.114
42519,3421,3449,3285,3118,4202,4018,3506,3318,6588,5714,3949,3508,8955,7150,4402,3492,19.6474,-18.0217,8.78459,48.05
42520,3467,4008,6032,9194,3469,3827,5503,7969,3387,3450,4071,4353,3174,3271,3486,3603,-16.8233,22.7687,8.89456,48.176
42521,3287,4098,5452,6295,3398,4151,6614,8199,3295,3673,4575,5070,3183,3472,3716,3845,-10.4949,18.447,8.83933,48.2153
42522,3386,3406,3323,3134,3790,3837,3526,3296,5185,5123,4123,3463,7827,9260,5021,3571,28.9085,-12.6551,8.54202,47.514
42523,3564,3714,3423,3111,4144,4535,4041,3500,5267,7888,5227,3846,4986,6484,4977,3841,12.3003,-6.58393,8.96451,48.3653
42524,3458,3862,5807,10980,3389,3791,4981,7351,3312,3565,3870,4151,3081,3216,3395,3366,-20.2181,33.4414,8.85464,47.7167
42525,3378,3439,3248,3248,3993,3892,3457,3283,6105,4662,3737,3348,12572,5869,3791,3248,33.9841,-29.8725,8.69016,47.5133
42526,12552,6023,3833,3430,5946,4742,3610,3417,3991,3759,3415,3269,3440,3392,3286,3245,-32.2674,-29.586,8.85117,47.5667
42527,3228,3434,3739,3435,3498,3859,4638,4410,3678,4705,8152,5955,3621,4523,6310,5414,11.6759,10.4881,8.99623,48.3993
42528,4355,3925,3457,3208,6667,4987,3723,3295,8728,5719,3947,3349,5320,4524,3768,3254,3.78544,-22.5316,8.62727,48.1507
42529,3552,4459,7100,7076,3553,4180,6677,6629,3345,3664,4156,4229,3184,3336,3586,3606,-15.9401,14.6504,8.96482,48.2213
42530,3447,3519,3225,3210,4189,4038,3575,3199,7729,5021,3862,3345,10580,5686,3917,3405,19.1708,-32.7975,8.67432,47.9647
42531,8449,6589,4020,3419,7451,5935,4086,3500,4380,4038,3688,3280,3598,3572,3308,3068,-16.738,-19.4201,8.70866,48.254
42532,4462,7700,8893,5113,4103,4813,5065,4213,3536,3648,3796,3643,3243,3377,3321,3298,-31.2975,2.05131,8.76857,48.1493
42533,4663,8210,8088,4908,4097,4955,5031,4177,3514,3758,3755,3569,3257,3444,3334,3280,-32.2309,-0.0560848,8.91512,48.0267
42534,7023,10036,5511,3885,5050,5334,4251,3783,3791,3770,3561,3374,3257,3424,3204,3098,-28.2491,-10.048,8.92352,48.2347
42535,3172,3458,3671,3871,3243,3645,4430,5205,3401,4014,6157,8692,3368,3935,5221,6534,9.7011,20.2971,8.57846,48.0113
42536,3188,3210,3406,3359,3347,3724,3837,3793,3793,4446,5210,4784,3803,5753,10065,6455,32.6453,8.32972,8.59007,48.1153
42537,3715,3670,3298,3267,5255,4357,3549,3317,9531,5384,3842,3421,7273,5058,3921,3388,11.1692,-33.8958,8.52867,48.164
42538,8089,5662,3886,3347,8682,5794,4118,3514,4636,4094,3496,3250,3539,3447,3301,3142,-14.1126,-22.3199,8.73334,47.998
42539,3449,3433,3207,3147,3986,3729,3437,3263,5655,5051,3865,3494,10186,8170,4423,3642,27.0462,-17.7512,8.84604,48.0913
42540,3396,4136,7448,11032,3373,3904,5065,5622,3193,3523,3795,3867,3205,3219,3393,3415,-31.3902,20.2572,8.88433,47.724
42541,3656,4560,7621,7647,3598,4297,6238,6288,3326,3678,4042,4144,3042,3379,3500,3522,-18.3908,14.8535,8.80865,48.3587
42542,12458,6069,3917,3347,5996,4638,3743,3294,3882,3823,3362,3325,3380,3379,3382,3125,-33.4814,-27.0634,8.77864,47.4133
42543,3250,3453,3509,3641,3373,3738,4514,4596,3507,4354,7262,6647,3661,4205,6349,6088,12.799,13.8531,8.64822,48.098
42544,3974,6134,9991,6345,3735,4459,5169,4613,3297,3684,3796,3758,3182,3222,3357,3291,-30.8975,7.75275,8.82919,48.0047
42545,4646,6312,5859,4176,4477,6942,6106,4162,3809,4299,4144,3670,3374,3520,3469,3364,-14.2394,-2.01836,8.56267,48.2193
42546,3405,3420,3206,3063,4016,3839,3473,3291,6621,4803,3748,3413,12024,5823,4084,3399,23.8747,-31.139,8.7406,47.752
42547,9691,7860,4446,3531,6041,5398,4149,3552,3969,3803,3527,3239,3326,3342,3225,3157,-23.6364,-17.3385,8.61635,48.1707
42548,4591,4586,3864,3437,6089,7281,4475,3579,5242,6038,4358,3489,4097,4065,3740,3278,-2.84234,-12.1135,8.57486,48.1393
42549,5945,4460,3704,3255,9599,5206,3785,3391,6385,4624,3586,3295,4063,3888,3510,3123,-5.87767,-31.6137,8.53393,47.8793
42550,4047,5261,7437,5121,3867,5258,7228,5048,3558,3978,4329,3913,3205,3345,3486,3449,-15.4711,5.61418,8.73131,48.3533
42551,3552,4183,6287,6322,3482,4380,7504,6916,3224,3658,4526,4491,3139,3279,3605,3605,-12.0277,14.4253,8.89311,48.102
42552,5154,4509,3692,3262,7889,6184,3975,3421,6251,5398,3830,3289,4250,4037,3599,3402,-3.70483,-18.6944,8.66051,48.0947
42553,3485,3260,3189,3026,3948,3850,3563,3176,5903,4975,3871,3427,11892,7133,4168,3404,27.3125,-22.1344,8.96514,48.18
42554,3345,4147,7122,10681,3434,3924,5176,6442,3246,3441,3817,4051,3045,3176,3325,3348,-23.7536,20.8099,8.67809,47.8133
42555,3494,3963,4552,4273,3744,4858,7293,5392,3782,4482,6188,4904,3430,3829,4145,3973,-2.46599,8.47829,8.55764,48.2013
42556,4256,4254,3679,3320,5876,6119,4168,3422,6497,6710,4244,3547,4538,4459,3832,3299,1.87959,-14.097,8.74613,48.1467
42557,3049,3266,3343,3401,3270,3468,3944,4157,3371,3816,5123,6685,3449,4252,6930,10458,22.1993,21.1806,8.63669,47.988
42558,3758,3841,3464,3284,4646,5202,3973,3480,6105,8229,4712,3636,4933,5366,4151,3551,7.7883,-10.8155,8.87881,48.2207
42559,3428,3518,3388,3113,4121,4221,3846,3394,5315,7167,4697,3724,5646,7654,5108,3775,15.5947,-8.81687,8.83561,48.0767
42560,3507,3499,3449,3275,3986,4439,3907,3468,5320,7673,5086,3786,5327,6522,4862,3840,13.2372,-7.77532,8.66896,47.964
42561,12046,6587,4001,3364,6169,4773,3761,3372,3976,3749,3480,3298,3380,3394,3301,3090,-27.7026,-23.5459,8.97361,47.8273
42562,4756,6352,4989,4003,5024,7732,5604,3991,4024,4407,4138,3602,3431,3554,3453,3331,-12.2296,-5.12053,8.87137,48.2607
42563,9453,8668,4492,3543,5408,5195,3907,3534,3930,3826,3587,3369,3313,3305,3315,3050,-29.8196,-16.2768,8.59446,47.93
42564,3505,3644,3592,3304,3888,4514,4152,3534,4839,7558,5603,3903,4802,6276,5140,3889,12.4158,-4.49585,8.52058,48.0953
42565,2998,3321,3328,3445,3312,3543,3811,3973,3418,3817,4982,6278,3346,4133,7031,11185,24.8137,21.4182,8.62544,47.9473
42566,3515,3472,3240,3152,4449,4177,3729,3230,7532,6204,4140,3441,7924,6487,4162,3465,15.3949,-18.3371,8.89571,48.2127
42567,3584,3971,5102,4651,3516,4643,7727,6044,3514,4154,5680,5021,3347,3597,3959,3910,-4.91616,11.1747,8.8555,48.28
42568,6332,10012,5949,3907,4841,5194,4467,3803,3565,3792,3513,3344,3315,3258,3297,3215,-31.5925,-7.90501,8.94403,47.8693
42569,3591,3517,3267,3096,4607,4219,3712,3229,8257,5744,3869,3418,8593,5951,4025,3389,15.543,-21.8688,8.74095,48.3227
42570,3518,4461,8497,9710,3456,4040,5054,5434,3258,3505,3886,3871,3150,3167,3427,3400,-29.581,16.9349,8.98275,47.8893
42571,3381,4020,5462,9765,3427,3840,5078,8370,3251,3419,4017,4333,3165,3377,3304,3458,-17.0523,29.7701,8.729,47.778
42572,4867,8141,8005,4727,4196,5232,5246,4261,3660,3783,3714,3571,3271,3380,3369,3169,-24.8385,-0.061395,8.5425,48.3947
42573,3630,3805,3802,3532,4062,5287,4950,3815,4614,7274,6412,4180,3942,4809,4574,3909,5.53135,-1.50016,8.95042,48.398
42574,3665,4502,6967,6144,3621,4433,7361,6119,3349,3802,4312,4228,3251,3397,3426,3505,-14.1447,12.1607,8.78745,48.0547
42575,3376,3414,3161,3141,3765,3902,3575,3272,5280,5530,4194,3588,7904,9465,5038,3673,25.8264,-11.9704,8.92158,48.1853
42576,3212,3239,3276,3313,3576,3860,3753,3440,4392,5160,4829,4036,4980,9058,7352,4335,33.802,-2.79573,8.64454,47.874
42577,7053,4989,3780,3309,9500,5666,4008,3369,5330,4334,3652,3255,3880,3736,3373,3165,-10.591,-24.1081,8.96242,48.266
42578,5198,4409,3609,3311,8922,5061,3612,3359,7582,4778,3726,3316,4464,4043,3393,3241,-2.37258,-30.9248,8.79417,48.016
42579,3570,3428,3262,2970,4376,4042,3515,3233,8106,5076,3785,3419,9780,5791,3906,3249,17.5791,-26.4848,8.56886,47.672
42580,3358,3899,6485,12346,3396,3709,4819,6382,3207,3474,3899,3896,3115,3218,3446,3326,-25.9544,25.388,8.92391,47.9833
42581,3197,3992,5938,12653,3369,3761,4671,6175,3211,3425,3722,3979,3132,3272,3453,3394,-29.7916,29.4059,8.7689,47.5627
42582,3282,3605,3732,3567,3719,4316,4557,3766,4192,6353,7354,4658,3989,5137,5866,4445,10.201,2.26893,8.86859,48.3587
42583,12142,6563,3912,3407,5984,4920,3778,3438,4088,3758,3433,3197,3328,3467,3134,3140,-28.4192,-24.8712,8.52289,47.7927
42584,3070,3219,3541,3458,3185,3499,3834,4219,3348,3874,5296,7205,3415,3956,6422,10647,20.7696,23.9092,8.70931,48.1253
42585,3315,3388,3328,3110,3792,3960,3677,3400,5008,5955,4560,3710,6411,9249,5644,3725,22.3827,-8.54013,8.72484,48.1547
42586,9253,8334,4727,3609,5557,5331,4101,3570,3776,3985,3461,3288,3368,3371,3251,3119,-25.4198,-15.94,8.64985,48.0673
42587,3901,4624,4998,3998,4258,6456,6990,4389,3881,4959,5281,3972,3542,3807,3864,3565,-5.62505,1.20294,8.6122,48.3233
42588,4275,5660,5607,4139,4321,6651,6964,4398,3806,4421,4454,3857,3324,3573,3595,3485,-11.1256,0.127096,8.8761,48.3533
42589,3586,3934,4158,3821,3755,5011,6407,4578,3892,5246,7138,4682,3618,4149,4422,4059,1.45591,4.92447,8.5875,48.304
42590,3377,3851,4283,4052,3512,4392,6741,5356,3610,4586,7115,5515,3378,3820,4525,4241,1.17195,10.4324,8.87481,48.236
42591,5822,6556,4438,3655,6203,7761,4531,3697,4266,4497,3747,3358,3559,3503,3261,3175,-12.6184,-11.984,8.81794,48.0193
42592,3766,3846,3592,3286,4547,5784,4438,3665,5410,8014,5154,3703,4384,5020,4217,3551,5.11419,-7.81226,8.98692,48.2513
42593,3332,3420,3539,3245,3606,3797,3854,3524,4416,5593,5148,4101,4840,7968,7305,4600,21.7492,-1.41158,8.54097,48.192
42594,3185,3444,4316,5239,3374,3724,5068,8944,3315,3774,4739,7701,3216,3477,4056,4481,-2.24686,27.3652,8.86837,48.0353
42595,6545,4739,3720,3393,9798,5276,3801,3376,5971,4455,3574,3289,3983,3700,3419,3047,-8.11443,-27.0127,8.70401,48.0573
42596,6983,4780,3767,3265,10045,5289,3637,3437,5631,4457,3556,3265,3944,3728,3343,3131,-9.54694,-27.4272,8.96818,48.172
42597,8451,5353,3798,3449,8969,5097,3825,3425,4937,4123,3510,3241,3640,3515,3329,3165,-13.4948,-30.3262,8.52558,47.8847
42598,6070,6720,4518,3790,6007,7241,4436,3589,4136,4451,3821,3545,3443,3645,3350,3282,-14.1556,-12.0265,8.55296,48.0293
42599,5712,4785,3819,3264,8665,6264,4006,3410,5990,4751,3812,3237,4135,3826,3522,3159,-6.40861,-20.0644,8.52178,48.238
42600,3310,3383,3317,3227,3917,3895,3551,3412,4717,5305,4441,3760,6395,9931,5812,4028,28.9184,-8.07492,8.63899,48.2673
42601,5731,9768,6441,4107,4602,5223,4600,3826,3784,3726,3694,3446,3328,3332,3197,3180,-26.823,-5.53514,8.83856,47.99
42602,3441,3346,3254,3174,4000,3820,3485,3204,6698,4771,3849,3458,12070,6081,3981,3309,24.3203,-28.1569,8.78503,47.9607
42603,3913,4106,3883,3524,4554,6238,4901,3756,4891,7082,5307,3902,4025,4515,4036,3760,1.77045,-4.96889,8.51946,48.262
42604,3584,3571,3281,3115,4645,4028,3551,3266,8892,5329,3793,3318,9007,5527,3920,3392,14.8815,-26.8563,8.86429,48.146
42605,12872,6062,3927,3452,6089,4737,3735,3269,3809,3785,3415,3144,3468,3347,3127,3185,-28.8792,-29.4999,8.68542,47.6153
42606,3677,3649,3390,3149,5017,4210,3562,3206,9582,5273,3843,3440,7653,5076,3911,3423,11.4422,-33.8555,8.5902,48.0407
42607,3405,3946,6205,12381,3448,3725,4806,6041,3278,3451,3834,3942,3093,3227,3424,3449,-31.6685,26.9304,8.52076,47.77
42608,6729,4938,3810,3314,9756,5589,3975,3427,5469,4559,3538,3373,3816,3660,3303,3210,-9.36062,-24.406,8.89328,48.3107
42609,3297,3865,6238,12865,3309,3663,4641,6018,3381,3399,3784,3892,3097,3239,3314,3416,-30.136,28.1412,8.93271,47.612
42610,3062,3295,3379,3530,3188,3548,3991,4181,3513,3796,5145,7784,3456,3976,5814,10340,18.5905,26.8845,8.75432,47.9987
42611,3232,3431,3569,3521,3567,4113,4625,4033,3921,5653,7508,4980,3959,5150,6480,4885,12.7272,5.36801,8.57671,48.418
42612,3087,3173,3323,3339,3219,3501,3812,3977,3454,3765,4789,6507,3421,3916,6520,12097,25.4456,24.7675,8.90188,47.9333
42613,3332,3516,4034,4390,3334,3701,4906,7105,3248,3769,5363,8962,3346,3564,4266,5302,3.07968,25.5778,8.73783,48.092
42614,4393,6822,7164,4783,4185,5791,6104,4209,3590,4065,3952,3684,3292,3352,3354,3218,-17.9011,0.756384,8.88437,47.972
42615,9071,5382,3808,3420,8822,5030,3806,3337,4561,3973,3483,3202,3617,3610,3340,3059,-15.253,-31.5254,8.53165,47.6807
42616,3567,3493,3157,3006,4391,3949,3453,3252,8022,5155,3893,3263,10294,5967,3984,3421,18.7381,-25.5319,8.85639,48.178
42617,12475,5729,3873,3348,5987,4664,3692,3323,3923,3679,3435,3287,3389,3381,3281,3170,-33.9033,-32.017,8.79225,47.0907
42618,3286,3393,3413,3027,3869,4021,3625,3312,5247,5980,4337,3813,7152,8820,5031,3705,21.8794,-11.5219,8.77559,48.0207
42619,9606,8644,4566,3534,5517,5096,3969,3455,3964,3817,3532,3275,3482,3340,3177,3177,-30.5037,-16.5786,8.78696,48.1007
42620,3705,4781,7444,5842,3700,4612,7457,5786,3314,3886,4200,4048,3121,3301,3527,3485,-15.1516,10.2211,8.7945,48.1393
42621,6305,8556,5209,3805,5159,6390,4540,3730,3932,4082,3566,3362,3368,3292,3291,3020,-19.5449,-9.34821,8.57747,47.738
42622,4970,5686,4285,3707,5932,8044,4903,3705,4418,4977,3973,3503,3750,3731,3513,3312,-9.02537,-9.89479,8.69681,48.2727
42623,3238,3480,3573,3430,3542,3831,4229,4074,3747,4798,7006,5554,3763,5008,7314,5769,16.3022,9.5834,8.50139,48.2373
42624,3587,3383,3329,3044,4285,3931,3459,3228,7215,5417,3895,3403,9849,6618,4000,3393,19.313,-21.1831,8.92948,48.024
42625,3129,3251,3403,3448,3258,3586,3888,3805,3573,4337,5558,5173,3724,5190,9697,7582,25.311,11.6115,8.97854,48.4013
42626,3732,5283,9471,7371,3660,4166,5465,5120,3424,3562,3777,3829,3229,3488,3436,3310,-26.5986,11.19,8.54334,48.2153
42627,5212,7126,5439,4072,4967,7296,5265,3905,3908,4256,3986,3508,3490,3429,3553,3130,-15.3304,-5.20505,8.91875,48.3613
42628,3104,3269,3394,3381,3247,3588,4046,4092,3504,4178,5736,6600,3489,4367,7434,8514,19.1282,16.8499,8.78797,47.962
42629,3453,4086,7432,11181,3410,3874,4820,5803,3124,3496,3791,3935,3062,3263,3383,3409,-30.7086,20.4865,8.61952,47.6813
42630,3383,3420,3336,3152,3880,3867,3541,3242,5702,5148,4056,3410,9709,8545,4398,3443,29.4289,-16.9112,8.64098,48.1547
42631,6072,5088,3895,3427,8747,6454,3953,3455,5488,4722,3641,3355,3831,3670,3425,3116,-8.40926,-19.5436,8.91952,48.226
42632,3130,3475,4177,4843,3300,3795,5122,8249,3297,3614,5161,8154,3285,3549,4209,4822,0.10261,26.1318,8.7828,48.1213
42633,3308,3470,3256,3139,3885,3946,3390,3212,6355,4688,3767,3386,12516,6067,3949,3428,26.5805,-31.8549,8.64206,47.8413
42634,3178,3297,3294,3368,3352,3674,3898,3778,3525,4073,5184,5391,3519,4638,8904,8840,28.9904,15.1294,8.53908,47.942
42635,4195,6298,8690,5399,3903,4999,6134,4509,3413,3664,3961,3703,3274,3338,3430,3327,-20.2723,4.23927,8.98402,48.158
42636,3326,3422,3194,3062,4026,3940,3451,3326,5678,5413,4096,3489,9013,8449,4518,3546,24.5111,-15.9461,8.76555,47.966
42637,3406,4377,7531,8897,3536,3989,5680,6638,3279,3555,3952,4085,3098,3334,3462,3339,-20.2379,17.8196,8.50362,48.1053
42638,3530,4009,5113,4748,3592,4536,7927,6259,3448,4076,5518,4651,3360,3469,3811,3822,-6.28048,10.7989,8.63643,47.9127
42639,3488,3922,5821,11783,3498,3876,4899,6870,3254,3462,3770,4071,3211,3131,3361,3416,-22.0677,30.5519,8.74086,47.8887
42640,3177,3465,3715,3971,3221,3688,4694,5691,3303,3953,6556,8608,3401,3908,4908,5948,7.47789,19.1217,8.90683,48.138
42641,3790,3888,3511,3282,5131,5028,3996,3407,6868,7536,4391,3571,5380,5184,3936,3438,7.41492,-14.1635,8.54649,48.2247
42642,6506,4915,3608,3362,9863,5559,3811,3260,5827,4351,3673,3235,3846,3697,3383,3162,-8.30663,-25.3901,8.88478,48.0387
42643,5040,4437,3645,3296,8328,5654,3879,3397,7165,5054,3723,3382,4365,3989,3481,3281,-2.49928,-22.3435,8.53171,48.0773
42644,3522,3986,6238,8041,3325,4036,5919,7812,3300,3539,4272,4599,3154,3256,3435,3692,-15.2537,19.885,8.50553,48.084
42645,3573,3466,3285,3073,4030,4089,3585,3445,5839,6633,4315,3654,6761,7918,4756,3700,17.8921,-12.2371,8.5321,48.0813
42646,3122,3442,3577,3503,3378,3759,4279,4458,3479,4223,6762,7152,3460,4273,6404,6627,13.7194,15.5674,8.78747,47.932
42647,3327,3354,3374,3210,3765,3854,3798,3451,4663,6007,4883,3913,5559,8973,6288,4078,21.2717,-5.43239,8.97744,48.3313
42648,3691,3854,3571,3530,4319,5477,4461,3697,4941,7958,5540,3895,4328,5030,4346,3668,5.68549,-5.28421,8.62509,48.204
42649,3420,3703,4432,4198,3538,4382,6806,5559,3601,4441,6993,5607,3424,3774,4424,4199,0.320185,11.4023,8.9003,48.334
42650,3234,3566,3791,4356,3161,3650,4703,7149,3346,3984,5182,9397,3237,3609,4345,5375,3.6665,27.183,8.82405,48.0567
42651,4207,6024,8280,5135,3841,5104,6344,4720,3533,3832,3887,3759,3121,3323,3438,3302,-19.0647,4.35076,8.9025,47.9
42652,3343,3988,6582,12187,3297,3687,4810,6148,3162,3469,3787,3779,3115,3202,3446,3454,-27.7556,24.1796,8.97377,47.6373
42653,9291,5398,3909,3463,8850,5253,3821,3370,4610,4058,3453,3263,3466,3427,3337,3096,-15.9552,-31.7181,8.6344,48.0433
42654,3374,3729,5112,6308,3439,4022,6332,9077,3260,3697,4560,5467,3200,3349,3673,3938,-8.72653,20.6314,8.98252,48.358
42655,3217,3369,3431,3353,3596,3790,3983,3759,3936,5058,6322,4651,4098,6060,8344,5327,19.1418,4.53085,8.85854,48.196
42656,3205,3336,3480,3395,3264,3461,3860,3986,3341,3727,4751,5977,3325,4013,6662,12065,32.9688,23.8794,8.51359,47.8987
42657,3956,3684,3441,3116,5437,4487,3576,3329,9202,5859,3855,3393,6728,5054,3724,3307,9.64598,-21.8221,8.71215,48.0987
42658,3339,3726,4650,5985,3341,3831,5278,9885,3302,3704,4437,6018,3228,3441,3770,3972,-6.92018,26.6905,8.76628,47.938
42659,3366,3360,3208,3121,3883,3735,3571,3367,5340,5207,4135,3515,8041,9515,4977,3515,31.2346,-13.131,8.56974,47.904
42660,3330,3405,3178,3100,3917,3808,3386,3304,5744,4977,3890,3485,10987,7543,4279,3502,28.9007,-20.1886,8.59094,47.89
42661,3183,3314,3399,3484,3201,3580,4127,4189,3452,3967,5908,6916,3501,4208,7092,8751,18.3795,18.4288,8.9438,48.1813
42662,3295,3402,3260,3106,3840,3772,3618,3274,4953,5529,4336,3698,7070,9591,5364,3928,25.793,-9.8368,8.94926,48.024
42663,5780,9881,6660,4091,4422,5194,4598,3790,3659,3771,3706,3380,3224,3422,3258,3140,-29.5233,-5.44441,8.91732,47.984
42664,3094,3184,3288,3348,3289,3567,3762,3790,3483,4100,5288,5122,3638,5020,9572,8480,30.8993,13.3846,8.79492,48.0167
42665,4131,4323,3785,3490,5254,6706,4545,3623,5306,7126,4722,3579,4177,4317,3927,3507,0.710951,-9.19012,8.95566,48.3453
42666,3508,3449,3225,3133,3966,4009,3456,3264,6004,5479,4089,3524,9447,7795,4393,3450,22.8199,-17.3158,8.5101,48.1273
42667,3295,3345,3280,3173,3827,3884,3676,3336,5061,5423,4231,3605,7833,9597,5125,3789,25.878,-11.853,8.69587,48.32
42668,3275,3439,3452,3241,3575,3891,3585,3481,4613,5593,4554,3808,5834,9482,6344,4168,24.5808,-5.36325,8.89402,48.2233
42669,3374,3327,3150,3147,3911,3792,3533,3244,5655,5138,3903,3354,10268,8056,4380,3492,32.4481,-17.936,8.86095,47.816
42670,3311,3438,3268,3170,3647,3770,3618,3512,4580,5493,4743,3997,5541,9228,6679,4195,25.1835,-4.46764,8.55658,48.1267
42671,3175,3240,3466,3437,3279,3605,3880,4237,3288,3835,5205,7702,3363,4052,6000,10483,19.0937,25.1508,8.79943,48.1647
42672,3273,3992,5501,8882,3426,3746,5316,8536,3180,3624,4122,4731,3220,3330,3364,3590,-15.2269,25.2878,8.80884,47.8887
42673,3480,3936,6564,12033,3304,3867,4785,5955,3127,3534,3705,3967,3025,3201,3391,3370,-30.3468,24.1165,8.58276,47.496
42674,4096,5226,5706,4237,4185,6427,7343,4621,3704,4251,4643,3885,3302,3580,3547,3529,-10.505,1.93273,8.95873,48.188
42675,3446,3294,3292,3049,3935,3736,3490,3218,5546,5212,4136,3465,9113,8645,4614,3619,25.6225,-15.4205,8.64667,47.8733
42676,5049,5327,4189,3559,6170,8219,4573,3699,4601,5176,4021,3495,3679,3836,3554,3216,-7.85667,-11.1965,8.965,48.242
42677,3339,4063,5865,8599,3333,4091,5619,8037,3288,3611,4058,4458,3163,3251,3608,3555,-15.6661,21.8555,8.59009,47.9587
42678,7554,6450,4182,3513,7399,6202,4070,3479,4360,4221,3631,3421,3601,3511,3251,3071,-15.4616,-17.5902,8.7139,47.944
42679,3790,4808,6712,5143,3833,5101,7932,5470,3498,3857,4556,4029,3295,3480,3602,3464,-13.1774,8.20783,8.99313,48.38
42680,3386,3343,3379,3161,3698,3852,3527,3360,5035,5371,4250,3534,7421,10052,5261,3782,26.6045,-10.8582,8.96406,48.2747
42681,4547,7170,8571,5060,4096,5108,5565,4477,3494,3776,3782,3791,3158,3299,3344,3363,-22.3842,2.36868,8.85283,48.4007
42682,3244,3416,3478,3327,3463,3829,3982,3676,3840,5158,6347,4686,4142,6191,8039,5271,18.7758,4.46616,8.63451,48.0593
42683,5669,9653,6800,4121,4495,5110,4519,3827,3602,3806,3621,3543,3234,3401,3349,3189,-29.2135,-5.0352,8.80402,47.9593
42684,3336,3688,4912,7068,3428,3821,5375,9798,3258,3596,4231,5507,3161,3270,3635,3954,-9.58193,28.2542,8.96218,48.0253
42685,3395,3444,3451,3285,3885,4301,4117,3526,4860,7193,5474,3886,5056,6956,5364,3881,14.7749,-5.17812,8.62323,48.0493
42686,7244,5102,3767,3253,9995,5129,3935,3310,5352,4149,3526,3251,3827,3648,3358,3201,-10.7465,-30.6824,8.91352,48.0313
42687,3548,4420,8550,9498,3413,4031,5216,5658,3241,3531,3846,3850,3088,3327,3365,3373,-27.057,16.4593,8.83185,47.97
42688,4981,7148,5871,4138,4791,6717,5446,3994,3823,4312,3919,3496,3433,3524,3525,3210,-15.7362,-4.03595,8.81134,48.2187
42689,3175,3355,3706,3717,3222,3566,4254,4943,3356,3796,5228,9523,3312,3853,5208,8192,12.902,28.9345,8.84564,48.2707
42690,7425,4981,3654,3246,9915,5267,3739,3344,5311,4368,3647,3255,3661,3626,3289,3145,-10.8036,-29.6166,8.9639,47.9153
42691,3742,3895,3856,3448,4348,5721,4923,3880,4556,7141,5831,4023,3982,4607,4293,3821,3.61714,-2.79996,8.82717,48.0447
42692,3005,3210,3432,3520,3222,3570,4179,4474,3410,3911,5454,8193,3451,3927,5804,9097,16.7814,23.6291,8.60927,47.906
42693,3041,3301,3414,3369,3223,3538,3921,4207,3478,3871,5261,6256,3473,4235,7402,9988,22.906,19.293,8.55113,47.9853
42694,3507,3429,3229,3004,4204,3791,3495,3136,7136,5008,3638,3347,11241,6281,4023,3443,21.1542,-25.3697,8.81656,47.9413
42695,3061,3298,3430,3437,3293,3498,3846,4053,3467,3774,5144,6669,3321,3966,6633,10979,22.2145,23.0775,8.67501,47.9127
42696,4318,6405,7915,5112,4056,5359,6325,4491,3472,3893,4062,3758,3201,3382,3366,3382,-18.3233,3.05807,8.96328,48.3313
42697,3455,3556,3452,3206,4070,4293,3774,3524,5394,7635,4895,3651,5581,7142,4753,3778,14.4321,-8.7793,8.97147,48.106
42698,3148,3483,3597,3814,3313,3573,4264,5332,3383,3853,5226,9893,3350,3731,4950,7249,10.4202,29.4514,8.681,48.106
42699,7546,9430,5129,3815,5089,5131,4279,3664,3702,3998,3515,3400,3330,3391,3302,3144,-32.861,-11.5802,8.51138,47.91
42700,3430,3597,3373,3131,3925,3923,3554,3237,5730,5950,4301,3496,7635,8407,4718,3599,21.2395,-13.5211,8.60964,48.004
42701,3700,5303,10086,7076,3681,4241,5165,5017,3324,3566,3826,3869,3153,3245,3337,3334,-32.651,9.97657,8.98828,47.9487
42702,4855,4444,3816,3237,7641,6219,3973,3483,6788,5611,3879,3404,4385,4100,3585,3274,-1.59181,-18.6736,8.92851,48.4627
42703,3222,3316,3434,3392,3527,3827,4066,4053,3866,4870,6848,4840,4031,5452,8040,5526,18.0478,6.95086,8.67688,48.2067
42704,12290,6472,4014,3415,6051,4796,3783,3335,3945,3752,3470,3198,3384,3431,3178,3134,-28.2405,-25.481,8.75313,47.7653
42705,4498,3993,3559,3233,7336,4740,3785,3269,9104,5081,3756,3316,5271,4322,3557,3355,2.55256,-30.0561,8.60409,48.1167
42706,3257,3555,3640,3582,3503,4026,5121,4382,3720,5251,8454,5495,3639,4401,5654,4850,8.74644,8.07113,8.83583,48.3533
42707,4819,8438,8256,4908,4294,5014,5021,4120,3594,3678,3646,3377,3263,3335,3382,3284,-28.5825,0.0558911,8.61432,48.286
42708,3471,4371,8292,9893,3429,3882,4965,5604,3218,3495,3797,3864,3127,3145,3342,3394,-29.749,17.3249,8.98878,47.526
42709,3178,3187,3528,3451,3302,3477,3897,4317,3426,3907,5048,7839,3315,4057,5641,10424,18.8822,31.3123,8.71351,47.996
42710,3295,3793,5854,9605,3350,3871,5052,8346,3201,3493,4054,4500,3002,3277,3500,3476,-17.2927,26.6722,8.62518,47.7793
42711,3874,3843,3477,3215,5373,4989,3915,3403,7425,7180,4287,3489,5543,5047,3890,3393,6.84726,-15.9485,8.89887,48.2287
42712,3332,3546,3271,3133,3871,3734,3409,3237,5974,4726,3716,3335,12590,5954,3894,3415,32.5997,-32.4059,8.72854,47.4247
42713,4244,3941,3447,3113,6881,4686,3709,3353,9334,5377,3852,3353,5669,4422,3616,3260,4.2225,-25.48,8.89963,48.1713
42714,3395,3507,3789,3610,3718,4608,5511,4322,3966,5410,8115,4840,3596,4355,5061,4454,5.68245,5.77535,8.86132,48.1713
42715,3539,4106,6697,9530,3516,3920,5677,7189,3231,3510,4023,4213,3225,3318,3483,3459,-19.021,20.019,8.99854,48.424
42716,3427,4015,4704,4470,3560,4429,7474,5804,3521,4262,6122,5204,3285,3628,4076,3936,-2.90652,11.0626,8.93476,47.9447
42717,3332,3408,3311,3109,3825,3813,3624,3343,4923,5344,4333,3590,7155,9672,5434,3818,27.2547,-10.5558,8.6104,48.0227
42718,3070,3290,3501,3558,3255,3605,4184,4809,3391,3755,5334,9040,3391,3831,5448,8707,14.4302,26.1788,8.99513,48.1127
42719,3211,3300,3475,3206,3363,3715,4028,3791,3875,4753,5977,4777,3968,6006,8972,5728,21.1975,6.14686,8.56512,48.0967
42720,4010,5624,7242,5078,4004,5494,7096,4900,3529,3798,4287,3838,3229,3399,3393,3342,-15.724,4.68071,8.73566,48.1753
42721,3123,3233,3380,3381,3218,3430,3792,3992,3367,3979,4689,6112,3333,3910,6238,12414,30.0548,26.9991,8.66997,47.7273
42722,12503,5966,3791,3338,5977,4727,3763,3330,3914,3761,3388,3279,3465,3511,3313,3188,-33.9878,-29.4004,8.79443,47.476
42723,3630,3639,3305,3084,5008,4153,3459,3244,9521,5216,3859,3303,8122,5187,3844,3310,12.9242,-27.9854,8.86415,47.9227
42724,4011,4485,4756,3930,4189,6398,7105,4452,3877,4766,5144,4043,3490,3781,3919,3575,-5.67417,1.62352,8.8093,47.9473
42725,3037,3165,3398,3471,3219,3490,3975,4241,3436,3736,5075,8200,3437,3889,5758,10131,17.8936,28.8442,8.57689,47.772
42726,4388,4445,3717,3368,5726,6753,4299,3559,5937,6657,4271,3571,4332,4282,3815,3372,-0.207884,-12.2702,8.64076,48.328
42727,3494,3475,3284,3158,3987,4368,3805,3382,5656,7251,4694,3673,5900,7257,4941,3694,15.2439,-9.96734,8.55482,48.0127
42728,11300,5871,4059,3376,7069,4905,3823,3466,4105,3961,3428,3265,3495,3342,3255,3136,-21.3938,-33.8243,8.60431,47.904
42729,3155,3299,3375,3312,3432,3692,3814,3656,3974,4634,5600,4516,4209,6551,9099,5649,24.1405,4.88135,8.68284,47.978
42730,4140,4082,3699,3370,5556,5887,4170,3352,6396,7279,4345,3574,4703,4712,3883,3325,3.13439,-13.4755,8.84713,48.3153
42731,6105,4664,3735,3353,10018,5114,3657,3451,6274,4379,3630,3378,3937,3729,3452,3130,-6.51029,-30.7134,8.93863,48.004
42732,3459,4026,4891,4877,3498,4612,7763,6328,3567,4050,5703,5039,3347,3527,3906,3912,-4.99236,11.7954,8.98565,48.3367
42733,3807,3650,3293,3106,5288,4288,3718,3335,9617,5432,3938,3365,7326,5085,3790,3269,10.7399,-26.4826,8.62994,48.2047
42734,5411,9540,6882,4312,4391,5301,4798,3943,3593,3875,3813,3324,3298,3289,3387,3189,-26.0836,-4.07685,8.98138,48.2307
42735,10166,5945,3960,3447,7608,5076,3772,3320,4347,3924,3515,3309,3528,3415,3357,3154,-18.6244,-25.2104,8.60475,47.8953
42736,8990,9076,4729,3555,5409,5185,4115,3550,3938,3640,3582,3205,3335,3411,3163,3159,-27.1929,-14.7005,8.85543,48.028
42737,3280,3365,3315,3205,3572,3840,3674,3495,4643,5432,4648,3912,5658,9568,6527,4155,25.413,-5.46805,8.79501,48.1927
42738,5981,9065,5922,3989,4895,6134,4616,3628,3819,3882,3734,3439,3306,3520,3304,3178,-21.4424,-7.43137,8.52775,48.2747
42739,3558,4651,8097,8271,3576,4200,5712,6067,3341,3519,3803,3989,3024,3317,3467,3411,-21.1277,15.117,8.7073,48.002
42740,3710,3809,3725,3481,4158,5322,4694,3801,4620,7615,5987,4095,4063,4977,4500,3823,5.63658,-3.15191,8.75917,48.2533
42741,3440,3327,3288,3138,3778,3860,3563,3318,4884,5281,4308,3665,6986,10034,5652,3825,28.0453,-9.98716,8.90237,48.2313
42742,5367,4603,3723,3292,8790,5941,3922,3335,6560,4948,3775,3257,4288,3828,3479,3073,-4.29142,-21.8342,8.88874,48.1207
42743,3596,4640,7142,6520,3620,4522,6880,6292,3342,3653,4195,4263,3082,3428,3529,3589,-15.7309,13.2435,8.92185,48.1953
42744,4197,3945,3456,3146,6739,4582,3659,3333,9641,5222,3915,3388,5671,4417,3678,3296,4.97255,-32.1924,8.75084,48.19
42745,11897,6387,3958,3410,6689,4878,3822,3428,3969,3895,3402,3130,3404,3440,3135,3117,-23.5544,-25.7775,8.9356,47.974
42746,3401,3809,5257,7646,3433,3877,5334,9452,3245,3527,4138,4945,3146,3305,3623,3765,-11.8425,33.9999,8.66177,47.9353
42747,3399,3740,5082,8606,3453,3913,5290,9261,3213,3462,4123,4809,3111,3277,3591,3589,-14.0462,28.457,8.71319,47.946
42748,3285,3369,3406,3249,3585,3749,3649,3498,4266,5100,4723,4079,5208,9183,7479,4589,28.315,-2.46373,8.55472,48.278
42749,3286,3852,5676,12752,3295,3822,4733,6049,3301,3302,3823,3949,3179,3197,3491,3427,-33.9695,31.2533,8.83551,47.4227
42750,4102,5456,7092,4972,4137,5442,7089,4793,3583,3893,4383,3863,3264,3411,3473,3284,-15.2131,4.59396,8.84329,48.158
42751,3393,3726,3681,3588,3967,4569,5144,4118,4153,6224,7473,4554,3951,4734,4998,4176,6.41767,2.5845,8.71256,48.2993
42752,12278,5978,4026,3377,6553,4867,3832,3381,3896,3667,3458,3144,3466,3414,3219,3040,-25.2006,-29.1374,8.73575,47.7307
42753,3465,3863,4544,4564,3624,4349,7242,6136,3512,4343,6273,5455,3422,3707,4225,4105,-1.95623,12.4453,8.90141,48.5527
42754,3821,3718,3406,3147,5209,4512,3701,3287,9051,6174,3875,3475,6682,5249,3867,3301,9.72764,-21.3788,8.69282,48.3167
42755,3092,3227,3344,3372,3218,3331,3777,4041,3400,3795,4811,6010,3326,3999,6667,12376,28.8515,25.2708,8.81314,47.8573
42756,3211,3462,3792,3959,3336,3885,5020,5256,3507,4289,7146,7484,3473,3998,5147,5520,7.3334,15.8346,8.53234,48.3233
42757,3818,3745,3347,3170,5283,4575,3755,3283,8755,6394,3919,3518,6415,5348,3937,3191,9.81244,-19.9132,8.74085,48.302
42758,3404,3369,3262,3125,3870,3888,3551,3314,5257,5193,4109,3493,8340,9240,4819,3605,33.3266,-13.605,8.71395,47.8927
42759,3157,3236,3369,3304,3243,3516,3868,3807,3522,4139,5156,5626,3589,4664,8653,9560,27.3778,15.9512,8.74126,48.2727
42760,3419,4059,6082,9149,3321,3852,5527,7952,3202,3537,4108,4435,3191,3297,3520,3576,-16.7264,22.4348,8.51862,48.1513
42761,3373,3384,3273,3011,3998,3760,3431,3173,6376,4735,3724,3322,12690,6087,3933,3336,26.342,-28.0744,8.89015,47.7373
42762,3182,3451,3794,3837,3311,3823,4953,5266,3520,4166,6950,8007,3375,3920,5141,5649,7.6522,17.0637,8.83504,48.23
42763,3637,4820,9169,8639,3590,4158,5122,5295,3263,3665,3852,3830,3165,3386,3307,3258,-29.1083,13.9447,8.51053,48.104
42764,3454,3562,3698,3552,3706,4400,4731,4028,4104,6237,7635,4674,3869,4771,5602,4289,9.001,3.07303,8.93273,48.208
42765,3320,3588,4337,5684,3416,3809,5149,9616,3310,3701,4633,6735,3242,3293,3862,4068,-5.04282,32.1228,8.85284,47.842
42766,3240,3468,3867,4185,3367,3853,5185,5733,3505,4108,6793,7674,3335,3882,4782,5297,5.22237,17.0799,8.9344,48.1827
42767,3117,3288,3391,3296,3426,3803,3956,3709,3883,4899,6074,4659,4204,6276,8706,5410,20.6824,4.94777,8.69698,48.0647
42768,4303,4304,3778,3409,5574,6695,4381,3421,5751,6641,4350,3592,4381,4517,3742,3369,0.257369,-11.5931,8.65918,48.1387
42769,3168,3411,3545,3499,3491,3790,4459,4155,3746,4995,7608,5462,3804,4730,7010,5340,13.8129,8.86074,8.74571,48.142
42770,4576,4006,3599,3200,7414,4957,3751,3344,8744,5209,3743,3333,5069,4330,3594,3269,2.12346,-25.0326,8.86006,48.092
42771,3350,3493,3291,3112,4138,3948,3480,3224,7666,5063,3774,3495,10359,5760,3932,3414,18.6109,-32.9197,8.65309,47.666
42772,3942,5960,9792,6309,3818,4404,5466,4652,3473,3696,3839,3647,3127,3304,3328,3352,-26.8203,7.51824,8.80621,48.0727
42773,3378,3481,3261,3178,3814,3759,3506,3297,5664,5242,4070,3418,9871,8080,4367,3509,26.6191,-17.4397,8.52513,47.93
42774,12858,6123,3973,3383,5785,4703,3679,3555,3813,3737,3433,3249,3281,3361,3228,3085,-29.1448,-33.7448,8.85974,47.4973
42775,4833,4152,3499,3283,8439,4978,3754,3339,7843,4844,3716,3404,4566,4106,3683,3289,-0.592762,-33.4757,8.63504,47.8187
42776,3168,3368,3608,3822,3326,3599,4305,5433,3463,3904,5505,9705,3398,3711,4953,7087,10.0838,25.5419,8.8539,48.2367
42777,3508,4269,7668,10598,3434,3940,5132,5787,3138,3436,3813,3870,3199,3117,3319,3472,-30.6199,19.3623,8.67507,47.8
42778,3531,4044,4919,4727,3696,4798,7916,5875,3494,4180,5744,4773,3335,3644,3898,3863,-4.9563,10.6809,8.76363,48.2913
42779,3306,3343,3234,3086,3867,3893,3693,3270,5222,5996,4352,3682,6859,9110,5252,3920,21.7743,-10.2363,8.7717,48.0567
42780,3637,4183,4825,4210,3846,5224,7647,5034,3751,4592,5914,4511,3447,3798,4012,3852,-4.10672,6.22607,8.76086,48.322
42781,10331,7994,4250,3591,5631,4936,4026,3479,3892,3722,3549,3262,3451,3377,3227,3137,-30.2012,-18.2441,8.75817,47.9033
42782,3303,3335,3354,3367,3605,3878,4052,3785,3930,5317,6961,4912,4045,5834,7560,5144,16.3553,4.89947,8.95598,48.2547
42783,8584,9108,4823,3620,5403,5569,3976,3492,3877,3860,3613,3261,3346,3358,3279,3121,-25.5679,-14.057,8.8061,48.1933
42784,3338,3401,3189,2950,3936,3765,3473,3184,5948,4858,3851,3453,11937,6686,4067,3416,28.4119,-23.7661,8.76658,47.6347
42785,3086,3298,3532,3665,3287,3565,4315,4993,3242,3864,5097,9498,3367,3889,5399,7921,12.5979,33.7672,8.93497,48.012
42786,3849,6062,9789,6423,3687,4344,5267,4808,3375,3702,3803,3686,3153,3272,3457,3303,-30.9425,7.42929,8.52846,47.9867
42787,12600,6022,3844,3433,6059,4689,3701,3310,3971,3791,3474,3207,3375,3336,3290,3123,-33.3867,-28.261,8.8416,47.4833
42788,3340,3665,4422,5375,3401,3726,5110,9347,3261,3611,4734,6922,3227,3424,3978,4400,-3.69356,29.8744,8.52986,47.962
42789,3246,3762,4536,5278,3438,3899,5652,8860,3441,3731,5050,6704,3112,3495,3938,4326,-3.87358,22.2249,8.7282,48.312
42790,3576,3649,3486,3311,3991,4438,4210,3655,4675,7427,6030,4095,4467,6009,5316,3965,11.6392,-3.20236,8.72791,48.2
42791,4322,5951,5623,4245,4454,6968,6446,4422,3816,4348,4292,3683,3393,3500,3560,3353,-12.1388,-0.841693,8.60666,48.2507
42792,3438,3900,6116,12334,3377,3838,4756,6071,3327,3399,3761,3906,3167,3256,3364,3466,-28.037,33.0252,8.68207,47.6507
42793,3355,3335,3253,3049,4013,3803,3435,3186,6529,4836,3725,3368,12292,6209,3905,3509,24.5583,-33.9289,8.79511,47.868
42794,3355,3843,5476,9122,3441,3792,5190,8905,3216,3491,4031,4634,3147,3294,3474,3542,-15.4612,30.5471,8.95924,47.9687
42795,3376,3721,4362,4369,3522,4119,6583,5953,3483,4274,6657,6101,3334,3789,4369,4355,0.150436,13.5587,8.5519,48.2447
42796,3323,3365,3303,3134,3972,3743,3341,3237,6157,4708,3746,3322,12618,6096,3950,3424,29.7556,-28.5191,8.53559,47.626
42797,3186,3298,3596,3625,3421,3801,4570,4298,3640,4971,7960,5944,3616,4420,6268,5286,11.268,9.90943,8.86331,47.9333
42798,3179,3338,3685,3746,3369,3809,4571,4787,3541,4178,7218,7221,3415,4218,5747,5966,11.1498,14.9075,8.70021,47.992
42799,12531,5962,3801,3367,6179,4865,3628,3424,4114,3802,3468,3365,3561,3444,3153,3249,-33.7087,-28.3283,8.60214,47.942
42800,3638,3720,3552,3203,4397,4845,3957,3412,6309,7876,4675,3675,5378,5880,4300,3539,10.3015,-11.7223,8.53452,48.2373
42801,6489,9941,5967,3859,4684,5153,4419,3803,3677,3970,3599,3438,3407,3384,3338,3185,-30.6479,-8.15641,8.74457,48.2087
42802,4895,8655,7914,4520,4286,4982,4744,4124,3493,3774,3715,3516,3309,3350,3341,3115,-33.0467,-1.07787,8.80261,47.822
42803,11775,6600,4036,3319,6330,4795,3850,3376,3910,3775,3471,3202,3377,3305,3272,3103,-25.5673,-24.3054,8.50931,47.664
42804,6327,9565,5698,3862,4957,5702,4393,3721,3737,4032,3643,3478,3340,3454,3287,3081,-23.2983,-8.22688,8.88357,48.1847
42805,3457,4002,4988,4947,3390,4452,7511,6937,3432,4007,5355,5258,3312,3477,3833,3939,-5.56035,14.1553,8.90886,48.198
42806,3367,3771,4082,4121,3572,4500,6463,4930,3751,4847,7566,5302,3494,4103,4613,4229,2.18636,8.59767,8.97466,48.474
42807,3405,3412,3180,3215,3985,3793,3432,3262,5991,4633,3643,3392,12573,5899,3941,3429,29.6892,-33.4999,8.71862,47.4567
42808,9388,6852,4327,3431,6967,5599,4070,3474,4208,3966,3472,3247,3555,3433,3183,3008,-19.2116,-19.4359,8.84846,48.12
42809,3745,3559,3393,3168,5019,4140,3626,3269,9492,5559,3928,3308,7924,5205,3802,3318,12.4393,-25.2886,8.91326,48.3033
42810,12727,6345,3951,3293,6205,4777,3794,3373,3905,3779,3421,3228,3314,3320,3197,3083,-27.5798,-26.7908,8.93268,47.808
42811,4498,4609,3927,3429,5732,7392,4664,3590,5147,6284,4248,3536,4020,4175,3744,3392,-2.84243,-10.7456,8.82908,48.258
42812,3518,4142,7619,10506,3407,3887,5156,5943,3210,3478,3860,3967,3065,3314,3483,3448,-25.628,19.4773,8.72575,48.002
42813,3446,3796,3969,3967,3661,4615,6245,4581,3764,5213,7580,4978,3649,4184,4487,4287,2.69446,6.50126,8.71093,48.2813
42814,3010,3297,3391,3434,3400,3754,4123,3997,3746,4683,7037,5455,3798,4930,8124,6171,17.428,9.4845,8.97238,48.2333
42815,3339,3488,3493,3312,3784,4179,4128,3680,4400,6241,6386,4354,4438,6258,6383,4434,14.8996,0.294627,8.53614,48.198
42816,3981,5607,8624,5832,3821,4859,6340,4917,3546,3754,4077,3839,3180,3331,3387,3319,-19.3606,7.2357,8.54849,48.276
42817,3201,3238,3545,3619,3462,3734,4313,4239,3566,4396,7151,6324,3523,4327,7003,6570,14.7043,13.1986,8.7151,48.1407
42818,3998,3757,3416,3216,5402,5082,3863,3523,7208,7137,4282,3555,5218,5086,3873,3327,6.08412,-15.8373,8.71594,47.962
42819,3432,3847,5980,11798,3364,3894,4855,6967,3197,3418,3825,4017,3104,3160,3416,3474,-22.5229,31.8851,8.5884,47.832
42820,3221,3364,3500,3377,3390,3785,4232,4069,3786,4832,6823,5408,3914,5249,7989,5734,16.8829,8.48176,8.80022,48.4487
42821,3316,3830,5095,7087,3407,3867,5323,9853,3249,3562,4222,5487,3101,3290,3647,3768,-9.94952,28.1328,8.62696,48.0693
42822,4014,3862,3596,3270,5126,5731,4034,3392,6494,7658,4435,3516,4819,4935,3945,3413,4.80458,-12.9017,8.94036,48.16
42823,3415,3410,3171,3156,3789,3826,3638,3376,4831,5323,4245,3629,7116,9892,5339,3747,31.147,-10.2681,8.62301,47.9353
42824,3250,3387,3468,3374,3532,4018,4330,3845,3786,5417,7522,4902,4055,5359,6824,4989,14.3597,5.12575,8.80034,48.0387
42825,3325,4001,5728,6509,3464,4147,6812,7742,3418,3683,4476,5054,3168,3413,3642,3708,-11.0794,17.226,8.57243,48.1933
42826,3814,3728,3503,3178,4870,5010,3937,3364,7032,7621,4410,3505,5486,5258,4114,3419,7.92245,-14.3079,8.50783,48.166
42827,3427,3843,5937,12488,3282,3742,4789,5978,3328,3429,3862,3809,3210,3319,3273,3398,-31.4717,32.5533,8.52374,47.4093
42828,3220,3340,3461,3198,3432,3653,3833,3542,3810,4565,5569,4735,4039,6180,9655,6004,24.6218,6.45651,8.81475,48.1573
42829,6590,6663,4361,3595,6783,7068,4202,3547,4511,4285,3670,3334,3571,3577,3298,3176,-14.0055,-14.1175,8.53107,48.154
42830,5053,4786,3818,3361,7677,6989,4166,3431,5878,5339,3849,3361,4210,3750,3546,3189,-4.59173,-16.8806,8.85493,48.2687
42831,3712,4278,5230,4520,3689,5112,8033,5433,3535,4241,5320,4617,3193,3584,3910,3849,-6.40922,7.72782,8.61311,48.1707
42832,9141,6549,4149,3414,7449,5607,3919,3353,4345,3997,3607,3265,3543,3418,3332,3068,-18.1807,-20.6441,8.85518,48.104
42833,3475,3493,3260,3160,4421,4078,3388,3366,8740,5209,3847,3278,9484,5601,3764,3415,16.0168,-33.7432,8.90411,47.986
42834,3514,3832,3605,3397,4239,5048,4248,3558,5353,8373,5347,3713,4562,5637,4417,3569,8.02534,-7.53025,8.99265,48.2747
42835,3289,3692,4550,4794,3636,4294,6810,7154,3346,4033,5818,5887,3303,3561,4024,4224,-3.20413,15.6965,8.95474,48.2767
42836,3237,3862,5555,9033,3414,3891,5378,8792,3230,3475,4010,4814,2979,3299,3457,3566,-15.3018,25.7647,8.79592,47.9947
42837,6955,5509,3848,3325,8555,6235,3938,3450,4915,4303,3709,3341,3796,3644,3390,3204,-11.3556,-20.167,8.73344,48.078
42838,3656,4409,6953,6649,3552,4359,6852,6545,3473,3620,4221,4247,3136,3330,3485,3564,-15.066,13.7853,8.59429,48.034
42839,3458,3949,6356,12122,3367,3770,4768,6033,3269,3433,3693,3973,3098,3280,3314,3509,-31.2571,24.8265,8.69921,47.5947
42840,3130,3180,3467,3470,3325,3586,4063,4023,3517,4153,5903,6003,3636,4494,8030,7960,20.1636,14.8126,8.91837,47.96
42841,3269,3260,3598,3599,3282,3542,4200,4784,3386,3809,5288,9148,3379,3836,5318,8606,13.9791,30.9702,8.63638,48.2027
42842,3477,4251,6567,6708,3627,4345,6895,6946,3337,3743,4306,4422,3142,3309,3510,3483,-14.0287,14.9779,8.60345,48.0453
42843,3476,3379,3252,3237,4006,3887,3355,3235,6035,4782,3739,3366,12545,5953,3775,3368,33.5209,-29.0912,8.51703,47.5933
42844,3105,3437,3689,3793,3408,3594,4658,5133,3468,3969,6332,8504,3232,3867,5202,6434,9.75609,19.8642,8.56441,47.8833
42845,3211,3319,3742,4042,3286,3642,4550,6126,3403,3814,5134,10104,3368,3648,4675,6179,7.06028,32.434,8.85241,48.162
42846,3484,3403,3354,3281,3845,4146,3899,3504,4790,6561,5144,3964,5277,7902,5857,4161,17.9016,-5.04444,8.55693,48.3813
42847,4839,4689,3866,3289,7403,6662,4120,3499,6006,5377,3966,3463,4194,4077,3536,3292,-3.599,-16.99,8.68079,48.1853
42848,3334,3669,3926,3743,3691,4485,5588,4373,3819,5262,8102,5187,3604,4211,4865,4322,5.14714,6.99805,8.90129,48.1207
42849,3321,3409,3288,3199,3776,3883,3553,3253,5116,5210,4250,3754,7465,9672,5124,3733,27.6006,-11.335,8.55831,48.004
42850,3901,3904,3486,3183,5509,4753,3664,3354,8345,6556,4049,3422,5940,4949,3846,3338,7.7385,-19.1226,8.77684,48.1327
42851,3415,3528,3471,3242,3904,4239,3909,3532,4661,7127,5578,4097,4920,6922,5591,4017,14.7104,-4.10478,8.68345,48.102
42852,3149,3227,3437,3391,3297,3619,3726,3698,3702,4447,5181,4872,3789,5702,9861,6719,29.3171,8.85449,8.6059,47.878
42853,3568,3585,3270,3071,4490,4213,3647,3322,7541,6303,4194,3492,7628,6211,4168,3467,14.8745,-18.2974,8.70618,48.1133
42854,5561,4404,3697,3359,9463,5162,3813,3403,6705,4648,3647,3321,4232,3830,3512,3206,-4.64915,-32.2147,8.77987,47.9753
42855,3143,3233,3402,3365,3349,3575,3776,3764,3687,4230,5333,5174,3727,5279,9755,7240,33.208,10.9071,8.55946,48.0213
42856,3179,3314,3478,3227,3457,3658,3776,3643,3923,4612,5193,4395,4276,6860,9466,5465,31.9209,4.15135,8.92433,47.948
42857,3794,5271,8223,5952,3883,4734,6627,5341,3502,3799,4087,3923,3181,3324,3504,3384,-17.7929,8.84951,8.5257,48.3527
42858,3462,4547,8619,9661,3561,3930,5062,5512,3248,3475,3756,3768,3040,3356,3460,3316,-27.4949,16.5462,8.97319,47.8487
42859,3475,3884,6038,12476,3427,3722,4805,5804,3268,3438,3706,3897,3116,3270,3297,3335,-28.9138,33.5038,8.57033,47.3053
42860,3249,3387,3319,3336,3480,3784,3783,3688,3760,4709,5613,4584,4104,6494,9270,5807,23.5137,5.82688,8.75306,48.2447
42861,11537,6217,3969,3517,6988,4907,3784,3454,4070,3789,3460,3222,3457,3496,3137,3100,-22.6273,-25.8323,8.71615,48.0693
42862,3148,3197,3483,3551,3209,3520,4044,4441,3357,3855,5467,8273,3443,3869,5937,9207,16.1607,23.3614,8.67513,48.0007
42863,3981,4493,4196,3660,4479,7150,5619,3919,4399,6134,5147,3663,3855,4005,3893,3472,-2.02931,-3.30862,8.93606,48.0433
42864,3219,3331,3793,3802,3398,3757,4906,5058,3461,4176,7594,7435,3470,4082,5368,5538,8.56758,15.2435,8.63794,48.2587
42865,3414,4088,6663,12162,3394,3686,4907,5962,3191,3473,3723,3805,3081,3274,3358,3405,-31.6597,23.9116,8.90017,47.724
42866,3709,3656,3249,3028,4958,4093,3579,3295,9534,5248,3834,3491,8012,5240,3753,3285,12.5602,-29.3859,8.73516,47.976
42867,3316,3387,3315,3122,3579,3916,3580,3437,4587,5165,4785,3889,5860,9602,6477,4100,27.7701,-5.64797,8.6376,48.078
42868,4242,6941,9384,5687,3894,4731,5241,4414,3453,3726,3801,3615,3240,3193,3380,3245,-26.9696,4.30357,8.73834,48.1247
42869,3103,3362,3641,3851,3216,3498,4261,5451,3348,3833,5587,9946,3341,3747,4949,7270,10.3222,25.0916,8.88434,48.2693
42870,3810,5574,9813,6899,3688,4323,5271,4855,3454,3606,3856,3718,3191,3153,3401,3390,-31.8874,9.67759,8.75476,48.0013
42871,3146,3351,3541,3359,3250,3467,3766,3860,3413,3962,5029,5906,3291,4154,7596,10775,33.6185,19.7427,8.58897,47.9107
42872,5190,8624,6777,4365,4485,5695,5086,3980,3646,3912,3844,3510,3321,3366,3313,3173,-22.6886,-3.52945,8.53354,48.1913
42873,3427,3995,6051,12397,3447,3764,4818,6221,3225,3419,3763,3916,3140,3244,3344,3337,-25.6866,32.747,8.50192,47.672
42874,3828,5647,9966,6963,3552,4326,5385,4965,3329,3628,3789,3725,3199,3273,3481,3345,-27.0773,9.55192,8.69887,48.2673
42875,5893,4612,3701,3371,9493,5667,3817,3475,6338,4560,3803,3367,4125,3754,3383,3074,-6.12812,-23.9126,8.71428,48.2887
42876,3557,3493,3200,3174,4456,4006,3602,3252,7865,5486,3845,3456,9133,6191,4168,3340,16.9518,-21.8752,8.7767,48.1493
42877,3107,3190,3440,3444,3234,3432,3780,3978,3353,3757,4860,6007,3306,3949,6376,12572,33.5677,24.751,8.89648,47.8567
42878,3148,3446,3663,3749,3247,3572,4252,5237,3315,3844,5474,9547,3380,3894,5058,7394,11.3828,25.0276,8.99516,48.1467
42879,3444,3795,4832,4892,3533,4407,7459,6693,3346,3994,5639,5491,3227,3462,4095,3988,-4.68042,13.9874,8.98834,48.198
42880,5916,9982,6095,4005,4746,5154,4564,3673,3668,3834,3676,3410,3326,3461,3225,3185,-33.4528,-6.55472,8.94274,47.9467
42881,3196,3441,3431,3343,3514,3624,3802,3592,3980,4672,5082,4275,4366,7068,9219,5286,29.6056,3.66037,8.72506,47.9273
42882,3085,3332,3356,3281,3465,3638,3807,3707,4128,4911,5590,4413,4294,7005,8724,5146,23.268,3.30821,8.5804,47.9213
42883,3261,3492,4213,4934,3337,3646,4967,8859,3265,3801,4874,7850,3242,3554,4133,4699,-1.1474,28.5578,8.85558,48.0847
42884,8052,5942,3997,3467,8078,6037,4008,3453,4604,4172,3604,3218,3675,3524,3285,3082,-14.7116,-20.2355,8.5724,48.132
42885,6540,4610,3750,3431,9992,5290,3883,3385,5678,4405,3664,3381,3929,3709,3428,3191,-8.39631,-30.9389,8.86289,48.1773
42886,3452,3432,3529,3402,3894,4372,4079,3647,4800,7288,6120,4104,4648,6206,5374,4042,12.5195,-2.85636,8.71681,48.2593
42887,3073,3365,3467,3409,3273,3628,3964,4127,3654,4212,6315,5845,3601,4683,8066,7389,19.2038,13.7162,8.76499,48.0473
42888,3829,3763,3527,3152,5027,5149,3893,3401,6659,7755,4493,3729,5241,5206,3994,3396,7.21562,-13.3153,8.67785,48.1427
42889,5749,9433,6509,4083,4410,5444,4713,3916,3736,3849,3753,3503,3272,3368,3374,3137,-24.9436,-5.44997,8.56301,48.166
42890,4106,3880,3526,3148,6011,4842,3830,3279,8684,6200,3941,3427,5494,4641,3751,3265,5.34463,-20.4912,8.70438,48.0167
42891,4516,4147,3519,3125,8038,4899,3792,3267,8521,5132,3711,3333,4915,4222,3598,3295,1.06366,-28.5709,8.6105,48.02
42892,3506,3954,5076,4764,3520,4616,7881,6343,3395,4134,5476,4935,3265,3549,3903,3910,-5.72737,11.9949,8.93586,48.1513
42893,3140,3275,3384,3487,3198,3519,3705,3942,3454,3946,5140,5618,3422,4313,8113,10315,30.7225,18.0297,8.96755,47.9807
42894,3368,3358,3254,3189,3940,3796,3619,3371,6440,4865,3812,3364,12089,5980,4016,3363,24.2303,-32.6212,8.58531,47.8827
42895,3313,3561,4333,5269,3307,3788,5187,9077,3415,3654,4806,7070,3243,3523,3936,4313,-3.28581,33.9793,8.59179,47.8633
42896,6007,8896,5645,3984,4875,5887,4572,3837,3711,3966,3799,3461,3240,3463,3334,3218,-21.4667,-7.32343,8.52959,47.93
42897,3227,3368,3499,3377,3499,3921,4182,3915,3779,4898,7187,5248,3934,5228,7509,5492,16.1201,7.86724,8.71667,48.1753
42898,3341,3399,3350,3237,3805,4069,3750,3538,4820,6361,4710,3758,5810,8586,5750,4076,19.65,-6.4937,8.83348,48.24
42899,4443,4739,3963,3445,5972,7455,4488,3656,5307,6034,4315,3641,4143,4164,3572,3375,-2.99917,-11.264,8.94653,48.4747
42900,11089,6467,4000,3328,7121,4988,3767,3354,4127,3838,3593,3199,3400,3340,3245,3073,-21.3412,-25.13,8.56412,47.9527
42901,4457,5587,4922,3837,4584,7643,6071,4076,4105,4809,4401,3591,3584,3707,3650,3415,-9.50956,-3.41782,8.56533,48.2927
42902,3003,3265,3457,3453,3344,3549,4050,4483,3422,3856,4966,8505,3441,3803,5551,9960,16.8841,29.9747,8.80403,48.072
42903,3470,3685,3622,3418,3885,4571,4452,3710,4430,7240,6710,4285,4197,5498,5173,4115,9.66131,-1.11086,8.88834,48.3073
42904,3733,4247,4481,3968,3822,5808,6623,4303,3875,5323,6038,4324,3570,4029,4195,3910,-1.40373,2.22909,8.61951,48.166
42905,5659,6270,4401,3560,5992,7917,4778,3703,4346,4587,3921,3397,3590,3744,3367,3117,-12.2513,-10.794,8.86264,48.2327
42906,3101,3234,3351,3377,3348,3652,4050,3807,3687,4485,5863,4885,3769,5579,9312,6366,21.765,8.65696,8.80667,47.9107
42907,3128,3267,3447,3389,3210,3456,3871,3802,3478,3814,4870,5916,3473,4163,7327,11000,29.9687,20.7837,8.59574,47.7407
42908,3064,3289,3403,3446,3241,3534,3852,4090,3537,3831,5300,7014,3508,4134,6663,10373,20.9944,21.7167,8.71143,48.186
42909,3167,3360,3376,3338,3522,3739,3912,3743,4108,5102,5779,4573,4181,6575,8536,5295,21.0925,3.89822,8.68469,48.204
42910,3110,3430,3454,3410,3468,3790,4243,4017,3742,4835,7133,5279,3738,5043,7564,5889,16.3804,9.01105,8.81742,48.0967
42911,11521,5845,4027,3402,6931,4885,3825,3449,4005,3815,3382,3289,3392,3460,3102,3154,-22.1736,-33.7205,8.61109,47.656
42912,10544,5709,3813,3362,7759,5016,3884,3405,4115,3943,3513,3180,3364,3484,3229,3167,-19.1831,-31.2046,8.51282,47.658
42913,3475,3500,3262,3098,4074,4082,3561,3254,7070,5234,3763,3460,10074,6733,4199,3406,20.3814,-21.2745,8.7335,48.1633
42914,3856,5840,10060,6305,3672,4492,5288,4781,3339,3577,3860,3763,3112,3247,3407,3312,-31.7991,7.68385,8.74039,47.9407
42915,3648,3691,3317,3182,5020,4265,3579,3270,9253,5592,3880,3395,7720,5196,3813,3283,12.6681,-25.1445,8.65655,48.0693
42916,3480,3874,3803,3407,4058,5192,4825,3919,4520,7169,6454,4083,4032,4859,4572,3919,5.76155,-1.46823,8.79854,48.1107
42917,4247,4366,3856,3625,5066,7043,4907,3683,4927,6700,4740,3673,4130,4357,3822,3385,-0.594609,-7.7326,8.6112,48.3513
42918,3357,3882,6013,9817,3442,3869,5198,7999,3220,3615,4068,4250,3129,3186,3538,3488,-17.978,24.2558,8.69173,48.0473
42919,3401,4073,6434,9371,3464,3880,5419,7463,3281,3522,3964,4261,3195,3260,3534,3390,-18.5761,21.11,8.56795,47.9413
42920,4527,8289,8460,4965,4174,4895,4971,4133,3528,3689,3841,3490,3265,3343,3381,3343,-28.0254,0.679969,8.71005,48.196
42921,3816,4466,4300,3864,4342,6325,6033,4190,4111,5936,5553,4012,3712,4183,3994,3565,-1.58989,-1.2736,8.7806,48.268
42922,7255,5156,3818,3313,9608,5378,3860,3380,5288,4324,3644,3217,3843,3617,3339,3045,-10.6794,-25.9256,8.67486,48.0567
42923,3089,3241,3338,3288,3191,3457,3801,3981,3462,3750,4685,6362,3339,4026,6170,12500,26.3557,28.4179,8.83758,47.7867
42924,4937,8782,7544,4335,4276,5191,4791,4091,3588,3805,3723,3393,3221,3317,3281,3365,-33.5447,-2.05121,8.88391,47.76
42925,3294,3376,3269,3333,3582,3743,3838,3535,4289,5077,4722,3934,5062,9207,7442,4389,33.1193,-2.34747,8.8419,48.0613
42926,3356,3796,4610,5173,3297,3929,5706,8562,3273,3829,5043,6729,3298,3482,3944,4242,-3.75899,21.687,8.7529,48.1793
42927,3263,3249,3314,3314,3629,3697,3808,3483,4432,5089,4738,4237,4910,8483,7598,4402,33.6146,-1.70584,8.53678,47.764
42928,4104,3968,3553,3248,5371,5712,4155,3514,6652,7313,4399,3465,4807,4782,3859,3432,3.85492,-13.4795,8.83421,48.2227
42929,3142,3254,3384,3419,3209,3365,3658,3940,3297,3925,4799,5921,3342,4032,6462,12371,31.0245,24.811,8.79938,47.68
42930,3084,3267,3657,3627,3391,3773,4315,4630,3275,4050,6406,7961,3397,4061,5929,7234,13.3363,18.7894,8.59807,48.038
42931,3089,3443,3530,3557,3348,3655,4330,4562,3437,4123,6902,7590,3518,4107,6246,6889,13.3372,16.663,8.73055,48.2173
42932,3079,3297,3489,3509,3261,3581,4009,4400,3492,4126,5685,7540,3445,4190,6384,8545,17.0361,19.9469,8.60225,48.0213
42933,3476,3792,3752,3439,3874,4786,4945,4073,4209,6363,7154,4467,3912,4777,4957,4277,6.98424,1.42636,8.6153,48.1687
42934,3513,3428,3209,3086,4882,4073,3538,3340,9011,5184,3785,3478,8591,5375,3873,3366,14.4206,-32.6614,8.81415,47.8213
42935,3454,3343,3205,3052,4100,3758,3525,3265,7211,4823,3874,3330,11587,5869,3885,3349,21.6295,-32.4928,8.84558,47.7533
42936,3311,3745,4570,5711,3352,3787,5148,9778,3229,3615,4605,6615,3178,3426,3825,4200,-5.24905,33.5862,8.94442,48.0633
42937,4105,4783,4097,3607,4936,7708,5225,3718,4644,6072,4743,3691,3828,4040,3723,3589,-2.82159,-5.95983,8.60685,48.3393
42938,3508,4016,6645,11784,3305,3794,4746,5986,3180,3480,3710,3876,3107,3175,3477,3419,-32.3765,23.5638,8.53095,47.472
42939,4544,6583,6477,4491,4412,6099,6209,4307,3776,4020,4092,3671,3302,3435,3517,3310,-15.9221,-0.187275,8.85726,48.1633
42940,7574,5287,3792,3338,9329,5555,3899,3386,4997,4303,3695,3267,3752,3558,3305,3088,-11.9036,-23.944,8.72532,48.0833
42941,5569,7000,4743,3736,5568,7611,4741,3687,4190,4332,3899,3424,3519,3501,3394,3064,-14.2333,-9.74003,8.70646,47.9853
42942,3410,3991,5606,10968,3450,3852,4930,7583,3194,3466,3839,4147,3071,3179,3448,3405,-19.9676,29.7791,8.92226,47.6927
42943,3393,3881,5154,5896,3544,4182,6838,8088,3410,3653,4899,5294,3170,3359,3740,3894,-8.18186,17.3432,8.50218,48.2633
42944,3678,4651,9060,8807,3428,4052,5288,5377,3272,3511,3725,3906,3179,3217,3333,3358,-27.2426,14.5953,8.93843,47.8947
42945,3191,3497,3618,3611,3542,3936,4754,4428,3651,4661,8017,5996,3541,4412,6205,5336,10.9111,10.5908,8.84066,48.264
42946,3653,4371,4966,4333,3984,5586,7773,4938,3742,4567,5528,4325,3413,3719,3892,3684,-5.58651,4.54785,8.99679,48.316
42947,11024,7487,4082,3360,5811,4906,3798,3475,3855,3691,3457,3254,3441,3428,3229,3148,-31.7713,-19.9188,8.85221,47.6307
42948,3313,3403,3249,3204,3767,3716,3620,3322,4583,5048,4444,3793,6069,10045,6259,4009,30.6957,-6.65781,8.83646,47.896
42949,3155,3339,3585,3473,3510,3777,4415,4219,3808,4805,7781,5958,3564,4490,6706,5775,12.999,10.3906,8.96357,48.24
42950,3382,3638,4638,5744,3331,3793,5589,9338,3318,3734,4684,6531,3161,3375,3765,4167,-5.46605,23.9847,8.64494,48.1253
42951,4603,4143,3539,3162,7643,5335,3750,3294,7960,5433,3813,3314,4792,4249,3557,3289,0.448207,-22.1803,8.6352,47.9173
42952,3274,3536,4093,4135,3283,3900,5418,6660,3491,3864,6070,8035,3286,3690,4432,4924,2.64572,19.4263,8.72571,48.0607
42953,3511,3432,3184,3074,4649,4118,3560,3200,8556,5630,3860,3273,8663,5963,4007,3345,15.5137,-22.6222,8.96682,48.0167
42954,7701,5402,3967,3383,9003,5814,3952,3425,4858,4175,3582,3211,3638,3521,3319,3081,-12.899,-22.9854,8.60508,48.0213
42955,3383,3292,3233,3077,4018,3746,3460,3273,6227,4738,3726,3396,12382,6023,3968,3483,25.7924,-29.9959,8.61881,47.6167
42956,3525,4085,5003,4658,3645,4943,8158,5688,3532,4122,5499,4694,3289,3530,3898,3815,-5.63224,9.71821,8.92265,48.056
42957,3452,3883,5193,5958,3492,4174,6918,8143,3369,3787,4890,5227,3171,3483,3777,3895,-8.27807,17.9289,8.75298,48.5413
42958,3533,3648,3528,3414,4091,4966,4089,3579,5011,8053,5623,3971,4646,5643,4531,3843,8.7873,-5.71429,8.71805,48.1127
42959,3082,3272,3380,3541,3206,3496,3870,4175,3344,3899,5053,7526,3395,3948,6152,10715,20.3039,25.0581,8.68769,48.036
42960,3135,3361,3566,3519,3246,3607,4334,4488,3643,4306,6766,6852,3525,4349,6657,7070,14.9585,15.6596,8.55991,48.2827
42961,3409,3374,3202,3235,3943,3741,3429,3233,6059,4732,3864,3363,12419,6531,3931,3392,32.418,-24.4022,8.83454,47.9047
42962,3159,3306,3383,3458,3364,3584,4032,3889,3743,4570,6312,5276,3813,5086,8694,6531,20.1439,9.87952,8.73857,48.1333
42963,3655,4048,3990,3734,4100,5719,5653,4239,4127,6225,6332,4322,3822,4201,4376,3908,1.52377,0.425471,8.69296,48.3007
42964,3092,3180,3327,3276,3191,3439,3771,3882,3463,3747,4714,6413,3479,4000,6058,12244,24.4045,33.1246,8.91364,47.5173
42965,4644,6929,5815,4162,4712,6688,5741,4149,3794,4269,3967,3680,3533,3483,3426,3343,-15.1498,-2.8991,8.61512,48.2233
42966,3527,3431,3267,3105,4014,3881,3429,3140,6927,4879,3908,3358,11791,5938,3879,3471,22.9702,-30.8547,8.58991,47.9633
42967,3412,4000,5647,10904,3442,3672,4970,7784,3216,3444,3814,4197,3133,3111,3348,3532,-19.3653,29.1187,8.97927,47.7507
42968,6536,9710,5877,3922,4933,5730,4374,3769,3648,3823,3651,3290,3238,3325,3292,3134,-24.8677,-8.51124,8.95937,48.168
42969,3083,3195,3411,3415,3261,3485,3890,3984,3333,3940,5102,6464,3361,4085,6945,11250,24.2263,21.7564,8.89756,48.136
42970,6353,8047,4864,3682,5468,6798,4551,3642,3867,4133,3698,3360,3326,3544,3353,3270,-17.8283,-10.463,8.68607,47.9707
42971,3310,3401,3280,3282,3712,3800,3733,3351,4738,5631,4440,3765,6254,9630,6034,4049,24.9403,-7.01874,8.69528,48.2733
42972,3406,3452,3237,3135,4095,3793,3520,3232,7094,5184,3768,3366,10944,6262,4027,3469,21.6161,-23.7184,8.73082,47.9893
42973,3496,3664,3444,3292,4029,4630,4191,3489,4965,8044,5664,4020,4664,6014,4901,3909,11.172,-5.08632,8.91103,48.2773
42974,3681,5192,9912,7285,3621,4327,5129,5016,3262,3572,3824,3795,3229,3367,3385,3369,-32.3197,10.4074,8.89389,47.9773
42975,3197,3570,4257,4725,3309,3750,5157,8295,3228,3861,5223,8026,3274,3549,4175,4894,-0.171109,25.4213,8.87499,48.3267
42976,5577,9516,6876,4222,4516,5256,4546,3851,3743,3777,3626,3466,3328,3379,3412,3097,-31.023,-4.35639,8.68269,48.1253
42977,3683,4361,4482,4066,3991,5883,7055,4519,3907,4961,5865,4332,3555,3799,4082,3675,-3.01155,3.21949,8.84061,48.144
42978,3666,3656,3911,3789,3882,4857,5538,4168,4032,5930,7395,4582,3739,4400,4747,4049,4.75392,2.77879,8.58522,48.2273
42979,8472,9242,4710,3572,5382,5278,4209,3500,3846,3839,3557,3259,3435,3320,3285,3166,-33.3548,-14.208,8.55167,48.048
42980,5004,5456,4374,3549,5956,8149,4629,3691,4539,5117,4052,3575,3643,3817,3588,3299,-8.33744,-10.2158,8.61905,48.292
42981,12583,6133,3932,3316,6039,4677,3933,3371,3969,3666,3340,3219,3305,3339,3241,3179,-28.2986,-32.3805,8.77118,47.4947
42982,5536,9351,6738,4114,4476,5265,4724,3935,3623,3808,3730,3423,3325,3354,3304,3338,-33.752,-4.33391,8.91802,48.0293
42983,3520,3795,3591,3369,4080,4924,4127,3510,5124,7971,5493,3884,4598,5703,4751,3863,9.62137,-5.67848,8.55886,48.202
42984,3501,3927,3967,3733,4126,5075,5256,4073,4309,6583,6747,4537,3892,4559,4590,4066,4.84765,0.537471,8.60241,48.6273
42985,11063,7378,4226,3378,5810,4954,3964,3505,3869,3634,3458,3181,3427,3338,3316,3159,-32.4173,-20.4076,8.73477,47.7733
42986,3336,3822,5919,12387,3273,3703,4782,6132,3236,3484,3798,4127,3237,3282,3454,3372,-33.8178,27.8122,8.71019,47.5627
42987,8638,5606,3999,3341,8799,5351,3892,3308,4847,4156,3512,3327,3755,3492,3375,3087,-14.685,-25.5773,8.5231,48.3233
42988,3152,3293,3485,3617,3205,3571,4158,4596,3316,3935,5575,8367,3478,3937,5986,8726,15.5301,22.9281,8.70251,48.2647
42989,3614,4226,4670,4203,3975,5266,7385,4947,3780,4871,5886,4478,3522,3797,4093,3880,-3.44477,5.57667,8.68251,48.3953
42990,3041,3263,3419,3393,3304,3497,3782,3844,3315,3803,4965,5915,3416,4014,6863,11997,31.4141,22.643,8.98553,47.8873
42991,9496,8071,4359,3475,5952,5482,4102,3496,3968,3937,3480,3350,3310,3409,3117,3094,-23.7517,-17.1764,8.5621,48.0653
42992,3484,4094,6021,7616,3458,4036,6074,8015,3172,3649,4305,4630,3205,3248,3636,3660,-14.0321,19.5559,8.56853,48.202
42993,3457,3492,3385,3100,4110,4302,3762,3300,5724,7144,4589,3756,6237,7513,4776,3745,16.2876,-10.9779,8.69005,48.2613
42994,3371,3631,4276,4456,3528,4081,6244,6267,3438,4271,6288,6274,3303,3872,4365,4670,0.641655,15.2829,8.59804,48.2233
42995,3452,3605,4643,5753,3410,3797,5344,9504,3267,3736,4671,6709,3123,3511,3827,4236,-5.17936,25.5252,8.96552,48.392
42996,4172,3947,3342,3192,6692,4602,3672,3232,9636,5116,3804,3437,5815,4522,3611,3309,4.8114,-29.677,8.73613,48.0673
42997,3096,3359,3354,3434,3303,3519,3821,4155,3453,3892,4974,7683,3426,3923,5741,10813,19.7198,32.6343,8.68235,47.964
42998,3316,3517,3719,3558,3701,4305,4883,4081,3907,5846,8010,4821,3875,4832,5452,4502,9.10275,4.48582,8.79356,48.2167
42999,3614,3593,3260,3113,4488,4222,3652,3282,7723,6125,4088,3500,7811,6204,4213,3476,15.0283,-18.7031,8.52995,48.2427
43000,3514,3634,3942,3781,3670,4429,5640,4375,3816,5260,7832,5201,3622,4412,5091,4602,5.74486,6.76308,8.57004,48.5473
43001,4828,5686,4297,3839,5548,8130,5115,3724,4320,4956,4282,3467,3569,3836,3576,3432,-8.6281,-7.79487,8.56448,48.4033
43002,3437,3409,3232,3111,4279,3901,3546,3257,7869,5079,3713,3428,10937,5943,3939,3196,19.5716,-26.5883,8.97244,48.184
43003,6719,9764,5724,3874,4834,5414,4344,3778,3622,3853,3557,3332,3339,3244,3298,3189,-25.4829,-8.6383,8.7793,47.9233
43004,5094,4385,3722,3190,9113,4992,3697,3345,7536,4894,3732,3339,4398,3928,3466,3228,-2.40293,-33.0074,8.94418,48.0393
43005,6871,9914,5658,3971,4980,5188,4346,3679,3710,3742,3601,3325,3320,3414,3225,3133,-30.9803,-9.07849,8.82786,48.0513
43006,3649,4402,6883,7239,3457,4169,6512,6840,3395,3734,4236,4335,3139,3303,3570,3486,-15.664,15.306,8.57347,48.2327
43007,4832,4187,3522,3130,8455,5037,3766,3299,8057,4905,3700,3448,4713,4173,3551,3261,-0.820044,-31.3756,8.679,48.024
43008,7091,4903,3701,3335,9819,5470,3884,3420,5378,4357,3581,3237,3901,3534,3268,3193,-10.2293,-27.4379,8.83625,48.048
43009,4089,4661,4187,3566,4849,7530,5325,3817,4497,6145,4675,3775,3773,4092,3824,3437,-2.98493,-5.70313,8.98237,48.1613
43010,3425,3839,5266,8922,3290,3837,5140,8883,3188,3605,4044,4659,3160,3296,3593,3557,-15.2129,30.2366,8.58557,47.8027
43011,3430,3881,5219,6166,3426,4140,6541,8384,3216,3659,4655,5397,3127,3516,3857,3918,-8.9202,19.2603,8.71186,48.3547
43012,3620,3490,3241,3094,5003,4120,3533,3219,9598,5170,3846,3357,8008,5092,3963,3379,12.305,-32.4326,8.95805,47.822
43013,3086,3309,3422,3298,3385,3620,3772,3645,3837,4645,5650,4624,4079,6152,9406,5945,25.0853,5.93259,8.71958,47.9167
43014,3555,3996,4593,4053,3846,5034,7392,4872,3719,4751,6523,4689,3511,3845,4163,3882,-1.65594,6.28311,8.98471,48.2827
43015,4014,4072,3650,3248,5175,5848,4048,3459,6093,7654,4546,3569,4731,4878,3980,3402,4.05883,-12.0132,8.96277,48.2447
43016,3301,3355,3346,3293,3431,3588,3827,3604,3698,4443,5215,4620,3921,5983,10107,6146,30.7599,7.06235,8.83447,47.9187
43017,8695,9153,4629,3626,5260,5243,4177,3589,3911,3752,3476,3216,3429,3420,3251,3080,-31.0337,-14.5323,8.51357,47.938
43018,5686,4344,3630,3245,9188,5195,3716,3459,6917,4688,3674,3365,4196,3982,3508,3275,-4.31036,-28.3256,8.56639,48.0453
43019,3171,3621,4128,4666,3317,3782,4989,8290,3395,3777,4962,8291,3227,3513,4261,4760,0.00291185,32.4026,8.54332,48.1
43020,3331,3277,3333,3115,3743,3961,3543,3346,4938,5392,4337,3568,7129,9824,5407,3943,25.8898,-10.0571,8.96904,48.1247
43021,3999,3783,3375,3129,6071,4531,3617,3351,9656,5258,3779,3319,6033,4632,3703,3437,6.70546,-33.4221,8.50776,47.782
43022,3273,3435,3539,3201,3584,4066,4109,3614,4384,6380,6211,4219,4543,6637,6623,4593,15.918,-0.293045,8.98414,48.274
43023,3492,3436,3302,3154,4017,4069,3576,3264,6693,5819,3932,3422,8506,7667,4475,3454,19.8182,-16.9368,8.90865,48.1853
43024,3255,3367,3639,3441,3485,3986,4475,3916,3857,5227,7657,5125,3954,5154,7027,5138,14.1335,6.4657,8.77782,48.4687
43025,7672,7648,4431,3733,6265,6306,4299,3493,4089,4121,3646,3320,3344,3499,3293,3211,-18.021,-14.9078,8.94968,48.2467
43026,3906,4114,3692,3367,4938,5922,4158,3536,5775,7507,4749,3654,4580,4903,4003,3515,3.92865,-10.2483,8.53097,48.2127
43027,7803,5094,3905,3332,9571,5179,3808,3374,4995,4235,3538,3246,3701,3551,3426,3099,-12.2051,-30.1216,8.92061,47.9047
43028,8401,9271,4902,3658,5330,5239,4104,3522,3735,3854,3554,3243,3347,3280,3284,3199,-28.6415,-13.532,8.64869,47.9487
43029,11240,6272,4095,3477,6847,4979,3841,3405,4105,3983,3534,3223,3462,3390,3253,3148,-22.6926,-24.7872,8.58401,48.1693
43030,6024,6639,4522,3739,6089,7270,4605,3573,4248,4370,3689,3362,3536,3648,3383,3243,-13.6856,-12.1601,8.52817,47.96
43031,7192,9953,5372,3739,5010,5198,4277,3627,3828,3754,3637,3316,3240,3345,3378,3216,-32.3566,-10.6309,8.82052,48.0547
43032,3191,3388,3402,3494,3233,3456,3748,3980,3327,3697,4764,6866,3434,3955,5914,11816,23.0467,32.544,8.71823,47.7767
43033,3347,3810,5066,7034,3288,3904,5620,9744,3297,3592,4280,5388,3161,3425,3723,3900,-10.2435,24.1263,8.98609,48.386
43034,3340,3298,3209,3192,3916,3757,3423,3371,6312,4816,3763,3338,12280,6127,3816,3333,25.4967,-33.3903,8.7698,47.5273
43035,4085,3990,3619,3380,5665,5853,3980,3432,6789,7143,4383,3492,4744,4615,3846,3390,2.99318,-14.148,8.96329,48.2707
43036,3404,3819,4624,4619,3578,4441,7163,6378,3493,4123,5980,5495,3292,3594,3984,4059,-2.90707,13.1069,8.70169,48.0307
43037,3579,3617,3363,3219,4176,4445,3864,3432,5965,7630,4808,3615,5674,6855,4566,3656,13.5072,-10.2764,8.65116,48.3093
43038,4180,4170,3659,3428,5482,6447,4325,3561,5857,7278,4486,3569,4313,4524,3780,3346,1.54895,-11.4883,8.95614,48.27
43039,3146,3298,3485,3464,3260,3527,3856,4102,3403,4029,5311,6137,3547,4328,7455,9615,22.5718,18.5231,8.53417,47.9753
43040,5099,8985,7474,4562,4249,5077,4830,4043,3598,3767,3794,3492,3323,3411,3459,3300,-32.6837,-2.13531,8.70194,48.3087
43041,3277,3400,3308,3244,3716,3753,3694,3452,4721,5358,4532,3687,6024,9732,6094,4065,33.4425,-6.73994,8.81222,48.038
43042,4653,4014,3587,3256,8023,5024,3772,3402,8357,5107,3827,3394,4825,4263,3569,3184,0.513445,-26.1526,8.63708,48.1713
43043,3385,4108,6442,9537,3459,3972,5532,7394,3318,3479,4034,4312,3100,3264,3481,3426,-18.3242,21.1177,8.90678,48.162
43044,3680,4311,5816,5197,3632,4843,8146,5915,3495,3913,4914,4432,3312,3423,3738,3739,-9.33057,10.387,8.83975,48.3373
43045,3621,3905,3893,3516,4183,5538,5300,3926,4301,6818,6345,4194,4061,4538,4470,3728,3.73709,-1.07464,8.67795,48.2247
43046,3402,3917,5484,6835,3440,4050,6262,8549,3326,3646,4374,5138,3086,3378,3669,3844,-11.1686,20.3332,8.5807,48.2667
43047,3085,3196,3469,3475,3223,3582,3789,3900,3363,4034,5138,5802,3554,4363,7811,10420,27.6045,19.1368,8.50532,48.136
43048,4462,4822,4006,3384,6149,7545,4543,3682,5138,6016,4083,3596,3957,3947,3636,3422,-3.88978,-11.6235,8.72139,48.2587
43049,3986,3811,3577,3188,5397,5073,3809,3371,7677,6966,4228,3591,5299,4920,3865,3448,6.20804,-16.5134,8.63753,48.1373
43050,3076,3299,3652,3793,3363,3530,4235,5329,3300,3709,5401,9821,3303,3797,5066,7226,10.6056,28.7393,8.60307,47.9333
43051,5101,5146,3858,3511,6962,7607,4430,3500,5137,5235,3964,3299,3858,3898,3470,3198,-6.14873,-14.1342,8.83453,48.116
43052,3320,3448,3425,3244,3667,4043,3915,3427,4519,6174,5279,4047,5065,7929,6332,4333,18.7306,-3.20967,8.93772,48.1113
43053,4630,5255,4288,3699,5537,8112,5130,3778,4517,5507,4168,3595,3779,3787,3590,3406,-6.59602,-8.51213,8.6887,48.5187
43054,3310,3636,4817,5399,3432,3901,6391,8487,3394,3765,5065,6061,3125,3511,3966,4163,-5.42529,19.3902,8.85254,48.282
43055,4502,4711,3923,3528,5655,7498,4624,3664,4992,6163,4351,3662,4053,3964,3688,3418,-2.66921,-9.80868,8.766,48.264
43056,3169,3271,3435,3451,3335,3669,3858,3789,3613,4145,5219,5128,3563,4729,9272,8506,29.3223,13.9401,8.60988,48.1013
43057,5840,5647,4310,3424,6914,7451,4314,3604,4693,4628,3731,3433,3571,3643,3459,3198,-10.8451,-13.97,8.88316,47.9067
43058,3541,3277,3329,3188,3975,3755,3428,3209,5951,4743,3767,3410,12323,6397,3952,3281,32.0498,-24.7726,8.81073,47.684
43059,3265,3500,3352,3244,3718,4011,3755,3470,4572,6275,5285,4034,5189,8152,6337,4278,19.083,-3.69701,8.88149,48.2913
43060,3373,3517,3343,3071,3877,3895,3618,3293,4983,5636,4297,3705,6809,9523,5434,3758,23.5948,-9.53639,8.82178,48.088
43061,3392,3334,3162,3191,3919,3882,3476,3199,6064,4694,3727,3384,12650,6044,3860,3400,30.1176,-28.5006,8.72935,47.5853
43062,3330,4011,5795,8769,3446,3783,5412,8540,3092,3511,4056,4678,3080,3386,3439,3675,-15.2858,24.3945,8.58256,48.002
43063,3343,3695,4422,5129,3405,3906,6027,7914,3349,3871,5349,6677,3261,3535,4180,4464,-2.51028,19.8528,8.79022,48.3513
43064,4560,4709,4021,3507,5822,7719,4696,3586,4986,6094,4345,3601,3919,4111,3776,3345,-3.66427,-10.3929,8.65066,48.5313
43065,3624,3877,3992,3569,4207,5399,5143,3987,4335,6931,6305,4247,3862,4531,4547,3847,4.06216,-1.10036,8.74353,48.2687
43066,3523,4147,5607,5403,3571,4504,7923,6455,3462,3893,4956,4640,3185,3478,3755,3759,-8.85644,12.0122,8.79992,48.174
43067,3597,4724,9447,8245,3611,4056,5230,5205,3268,3577,3884,4003,3184,3232,3370,3367,-33.314,13.5732,8.91354,48
43068,3325,3946,5498,6969,3512,4017,6160,8695,3372,3752,4368,5000,3136,3414,3628,3775,-11.5205,20.7584,8.75062,48.378
43069,5097,4288,3623,3283,8735,5200,3696,3355,7667,4889,3646,3372,4468,4120,3530,3269,-1.39696,-25.6257,8.7735,48.1587
43070,3171,3346,3491,3536,3265,3629,4164,4162,3610,4389,6524,6386,3602,4537,7552,7203,17.1012,14.101,8.69645,48.378
43071,3397,3454,3209,3104,4100,3855,3410,3159,6795,4793,3834,3415,11648,6349,4072,3283,23.062,-25.6731,8.60758,47.918
43072,3462,3328,3166,3082,4071,3919,3592,3229,6636,5078,3908,3333,11253,6793,4087,3280,22.5225,-22.61,8.89105,48.1447
43073,4322,4193,3642,3329,6434,5472,3894,3386,7445,6296,4037,3475,4921,4495,3736,3403,2.57312,-17.9896,8.58379,48.32
43074,4223,6618,8545,5388,3920,5021,5915,4535,3412,3846,3945,3757,3118,3384,3454,3264,-21.2877,4.10717,8.63901,48.23
43075,3414,3559,3545,3446,3771,4351,4517,3961,4185,6209,7356,4661,4042,5357,5644,4426,10.673,2.46124,8.97931,48.296
43076,3856,4706,6203,4781,3937,5342,7935,5195,3588,4101,4607,4098,3277,3612,3640,3535,-11.2356,6.4178,8.64905,48.2753
43077,6114,4704,3668,3175,9853,5158,3824,3404,6236,4455,3586,3445,4086,3780,3418,3112,-6.76219,-28.4616,8.65935,48.012
43078,4301,5004,4216,3581,5216,7934,5175,3896,4466,5705,4398,3588,3664,4029,3590,3350,-5.44559,-6.84903,8.92854,48.0753
43079,12698,6124,3883,3333,6059,4759,3750,3358,3840,3686,3414,3240,3396,3414,3288,3161,-29.1652,-30.7011,8.75976,47.602
43080,9812,7889,4374,3383,5913,5341,4050,3481,3966,3890,3576,3201,3451,3376,3223,3068,-24.0803,-18.1749,8.63777,47.996
43081,3076,3235,3533,3507,3352,3576,4227,4402,3503,4048,6200,7460,3408,4204,6526,7914,15.7163,17.6865,8.96348,48.114
43082,8073,5891,3985,3475,8058,5913,3944,3418,4547,4243,3563,3354,3665,3442,3231,3126,-14.5356,-20.6707,8.51822,47.952
43083,3329,3389,3265,3186,3840,3917,3736,3424,5001,6205,4524,3719,6309,8909,5422,3900,20.931,-8.56838,8.83538,48.05
43084,3477,3342,3218,3131,3990,3782,3442,3261,5815,5016,3912,3437,10792,7391,4175,3442,33.9596,-19.7691,8.8722,47.7487
43085,12178,5986,3926,3428,5799,4645,3847,3393,3889,3743,3405,3244,3368,3325,3270,3170,-31.4485,-33.9863,8.64,47.0773
43086,3287,3744,4930,7536,3289,3875,5223,9921,3222,3558,4257,5314,3155,3356,3591,3761,-10.8702,31.68,8.9756,48.0127
43087,3347,3458,3124,3068,3963,3786,3482,3182,6130,4750,3774,3263,12628,6164,3912,3359,28.6385,-28.6604,8.64357,47.5933
43088,4152,4887,4528,3759,4672,7856,5879,3916,4425,5498,4610,3778,3692,3898,3643,3399,-5.42243,-4.41811,8.97124,48.3947
43089,3227,3431,3272,3206,3609,3624,3733,3555,3986,4850,5175,4326,4497,7675,8713,5157,25.6429,1.77529,8.77097,48.024
43090,3264,3727,4458,5353,3412,3878,5630,8573,3230,3755,4939,6778,3376,3431,4112,4421,-3.56575,22.5377,8.50944,48.2247
43091,11841,6037,3907,3355,6994,4839,3714,3341,4125,3817,3443,3260,3376,3388,3359,3084,-22.542,-29.1533,8.50044,47.92
43092,3515,3455,3351,3214,4001,4100,3728,3402,5593,6973,4539,3636,6159,7858,4965,3708,16.672,-10.3125,8.72027,48.1313
43093,12037,6626,4015,3381,5958,4788,3824,3323,3965,3849,3397,3239,3408,3282,3291,3129,-30.3913,-24.0734,8.64994,47.6747
43094,3450,3984,5429,5823,3534,4414,7204,7521,3314,3731,4766,4947,3188,3441,3798,3769,-9.02804,15.8622,8.70385,48.2087
43095,3539,4287,7853,9868,3458,3961,5201,6212,3243,3487,3954,3942,3241,3179,3432,3365,-24.1236,18.3373,8.87958,48.148
43096,10813,6677,4108,3350,6663,5187,3947,3465,4087,3804,3466,3299,3345,3427,3240,3030,-22.5698,-21.9709,8.55298,47.9387
43097,3398,3296,3285,3115,3947,3913,3516,3341,5529,5538,4163,3597,8312,8967,4648,3594,23.9369,-14.0674,8.82772,48.106
43098,3170,3288,3414,3505,3403,3458,3921,3915,3556,4187,5788,5457,3699,4880,9167,7484,22.5473,12.1418,8.88407,48.1947
43099,3128,3242,3431,3671,3270,3499,4172,4536,3484,3972,6155,7719,3606,4118,6221,7903,15.0354,18.7323,8.76858,48.0847
43100,8781,8883,4644,3599,5324,5169,4137,3513,3869,3828,3620,3271,3376,3296,3307,3167,-33.1505,-14.5572,8.67952,47.856
43101,3091,3307,3593,3567,3240,3455,4012,4787,3481,3927,5290,8854,3317,3972,5349,8983,15.0457,25.9676,8.88486,48.15
43102,4208,3985,3535,3252,6499,5299,3759,3309,8190,6125,3987,3318,5126,4634,3658,3257,3.1973,-19.757,8.69879,48.094
43103,4077,3924,3415,3129,6323,4876,3669,3198,9000,5786,3863,3406,5668,4685,3613,3277,5.39691,-23.3556,8.60194,47.9393
43104,3267,3408,3319,3156,3581,3663,3632,3350,4619,5289,4625,3841,5798,9757,6513,4228,28.2446,-5.44621,8.99279,48.0307
43105,3719,3630,3410,3032,5283,4295,3539,3329,10006,5303,3852,3368,7131,4932,3813,3296,10.4486,-31.905,8.9693,47.9587
43106,3063,3255,3411,3373,3275,3341,3852,3929,3411,3810,4924,6129,3505,4174,7155,11230,26.8617,21.5559,8.51258,47.8913
43107,4899,4802,3801,3364,7068,7153,4274,3575,5474,5484,4025,3486,4062,3947,3619,3285,-4.6224,-14.7764,8.86684,48.212
43108,3477,3466,3440,3203,4001,4101,3887,3385,4906,6795,4991,3850,5415,7880,5492,4044,17.3562,-6.33632,8.83917,48.222
43109,3483,3336,3367,3067,3972,3725,3370,3286,5977,4856,3777,3276,12544,6267,3891,3359,31.2392,-26.6799,8.97377,47.702
43110,5573,6170,4334,3523,6221,8148,4731,3642,4332,4654,3684,3351,3569,3695,3433,3220,-11.4987,-11.3552,8.9934,48.1867
43111,3088,3246,3370,3432,3309,3467,3871,3835,3606,4040,5351,5340,3477,4691,9091,8732,32.4183,14.3987,8.75848,47.964
43112,3382,4375,6555,7756,3451,4078,6450,7347,3326,3580,4200,4406,3056,3279,3603,3465,-15.7859,17.4033,8.95877,48.206
43113,3336,3817,5378,8939,3323,3870,5153,8834,3344,3518,4071,4644,3108,3269,3498,3561,-14.9267,32.2016,8.92313,47.7753
43114,8410,8647,4603,3487,5844,5595,4148,3552,3976,3921,3593,3285,3311,3410,3286,3092,-22.2108,-14.8314,8.96422,48.1067
43115,4677,4570,3917,3274,6627,7183,4266,3491,5677,6017,4082,3444,4098,4150,3648,3256,-2.75231,-14.2462,8.80838,48.2513
43116,3555,4038,5311,4902,3599,4728,8109,6211,3379,4057,5334,4753,3186,3456,3694,3754,-7.11108,11.1834,8.76584,48.044
43117,3221,3375,3282,3144,3533,3850,3757,3460,4505,5178,4726,4038,5531,9478,6737,4302,29.8926,-4.434,8.50479,48.078
43118,3198,3379,3576,3491,3281,3631,4280,4567,3443,4100,6686,7234,3431,4142,6640,7097,14.6573,16.5145,8.7077,48.1173
43119,3137,3427,3368,3336,3524,3815,4057,3922,3785,4942,6404,4726,4120,5908,8368,5446,19.3601,5.57198,8.92772,48.19
43120,4097,6098,9817,6143,3773,4399,5339,4664,3355,3637,3892,3669,3179,3272,3398,3360,-28.2395,7.11902,8.51423,48.0613
43121,7752,5246,3858,3358,9431,5425,3882,3261,5004,4179,3503,3221,3639,3503,3360,3174,-12.308,-25.4988,8.73931,47.864
43122,6914,5106,3753,3183,9739,5598,3891,3288,5501,4359,3606,3277,3761,3710,3288,3170,-9.83901,-25.2137,8.53501,48.096
43123,3311,3342,3379,3144,3944,4035,3665,3243,5134,6163,4615,3659,6369,8948,5520,3964,21.0595,-8.60274,8.55111,48.29
43124,3250,3428,3735,4149,3235,3697,4425,6109,3337,3934,5277,9836,3314,3707,4700,6309,7.12412,29.1109,8.68242,48.2947
43125,3625,4564,8224,8503,3593,4171,5717,5838,3351,3621,3944,3949,3152,3242,3363,3476,-22.4909,15.1992,8.51575,48.222
43126,3477,4153,6216,6092,3490,4448,7484,6712,3409,3892,4599,4448,3107,3370,3636,3538,-11.9932,13.4718,8.88806,48.0473
43127,3156,3225,3326,3459,3151,3391,3828,3969,3368,3822,4643,5978,3450,4060,6619,11878,29.7741,24.0968,8.57399,47.5487
43128,3233,3304,3243,3134,3712,3814,3813,3532,4466,5595,4945,4009,5317,8750,6876,4331,23.6923,-3.86601,8.50257,48.0493
43129,3339,3690,3959,3782,3521,4129,5565,4687,3716,4763,7980,5640,3577,4146,5074,4636,6.11709,9.32434,8.6263,48.136
43130,3153,3248,3381,3323,3291,3555,3908,3823,3555,4212,5403,5361,3531,4810,9142,8325,26.4524,13.8006,8.90695,48.014
43131,3346,3749,4227,4072,3683,4372,6375,5287,3715,4495,7200,5624,3424,3856,4492,4274,1.51553,10.639,8.53852,48.1273
43132,3124,3240,3332,3437,3209,3391,3904,3906,3390,3770,4921,5979,3269,4002,6635,12116,30.9942,24.6521,8.6713,47.75
43133,3223,3539,3866,3612,3501,4049,5193,4479,3789,4949,8237,5847,3644,4125,5281,4886,7.71872,9.56377,8.78796,48.1467
43134,12499,6111,3767,3314,6066,4775,3735,3452,3840,3866,3382,3207,3392,3341,3267,3236,-33.791,-26.5969,8.79641,47.5
43135,3215,3479,3867,4034,3297,3585,4688,6273,3385,3778,5157,9788,3310,3698,4641,5910,6.37855,32.0058,8.82306,48.07
43136,4071,3798,3484,3111,6195,4387,3626,3286,10043,5346,3823,3367,6324,4712,3796,3245,7.68715,-26.8691,8.92151,48.4093
43137,3482,3330,3289,3128,3971,4088,3639,3323,6078,5750,4165,3533,8490,8077,4563,3567,21.1627,-15.5268,8.67449,48.3153
43138,4388,5100,4286,3577,5285,7979,4991,3713,4450,5685,4399,3590,3728,3975,3694,3349,-5.18946,-7.69234,8.90642,48.126
43139,12399,6153,3969,3449,5950,4658,3807,3365,3907,3733,3530,3300,3271,3331,3222,3323,-30.5646,-33.9701,8.53487,47.578
43140,3300,3731,4560,5808,3370,4004,5821,9140,3326,3667,4725,6333,3105,3418,3862,4206,-5.81766,22.7937,8.62594,48.2507
43141,3479,3504,3260,3095,4217,4097,3583,3286,7400,5905,4080,3526,8481,6676,4093,3486,17.4532,-18.8471,8.86036,48.112
43142,3216,3600,4271,5238,3347,3936,5611,8816,3286,3706,5061,7009,3276,3430,3854,4275,-3.4987,22.6802,8.91143,47.9547
43143,4890,6153,4830,3825,5177,8094,5381,3954,4005,4691,4100,3564,3454,3624,3517,3275,-10.6884,-6.23584,8.76434,48.356
43144,3316,3562,3624,3581,3492,4070,4754,4305,3695,5138,8268,5597,3720,4431,5785,4890,9.71784,8.34969,8.89228,48.152
43145,3595,3542,3296,3160,4429,4045,3464,3227,7654,5856,3869,3454,8729,6233,4156,3549,16.9531,-20.2406,8.658,48.172
43146,4065,4208,3877,3517,4859,6516,4554,3805,5145,7219,4784,3733,4192,4429,4028,3425,1.259,-8.12762,8.7416,48.2373
43147,3285,3267,3488,3213,3676,4022,4046,3752,4110,5895,6173,4368,4504,6855,7164,4747,18.1024,0.973456,8.874,48.3767
43148,3299,3347,3499,3659,3354,3640,4361,5187,3442,3780,5331,9812,3346,3651,5123,7322,10.7999,33.6258,8.89899,48.102
43149,6174,4568,3681,3313,9943,5086,3954,3298,6407,4487,3672,3290,4049,3833,3473,3119,-6.6686,-29.6849,8.80705,48.2313
43150,3032,3217,3386,3381,3194,3383,3716,4118,3356,3880,4937,6035,3335,4089,6800,11822,27.3797,23.1073,8.73677,47.7873
43151,4034,4600,4089,3705,4890,7610,5283,3836,4637,6226,4661,3790,3801,4029,3839,3513,-2.66698,-5.84804,8.94209,48.362
43152,4259,6000,7698,5007,4092,5524,6614,4603,3624,3925,4046,3750,3241,3318,3488,3350,-17.1401,3.41707,8.77867,48.3593
43153,3193,3258,3328,3282,3514,3645,3862,3519,4029,4632,5342,4519,4226,6655,9578,5640,26.2819,4.69471,8.94046,48.148
43154,3275,3417,3338,3224,3487,3667,3809,3499,4029,4797,5044,4238,4442,7891,8896,4909,30.7287,1.36572,8.97192,47.9747
43155,3401,3843,5139,7329,3386,3793,5364,9676,3291,3569,4239,5325,3076,3373,3719,3682,-10.703,26.3893,8.91452,48.1367
43156,3098,3241,3471,3508,3163,3462,3745,3894,3376,3894,5017,5746,3382,4213,7459,11119,30.5368,20.418,8.93968,47.8587
43157,4320,3990,3419,3212,7069,4743,3799,3265,9364,5406,3859,3218,5317,4481,3696,3207,3.66335,-24.9673,8.98925,48.2433
43158,3960,3832,3413,3206,6066,4469,3670,3262,9968,5265,3854,3310,5941,4754,3821,3313,6.78981,-33.8801,8.628,48.0693
43159,3164,3463,4066,4794,3361,3780,4786,7943,3363,3784,4852,8465,3339,3689,4187,4805,0.696922,29.6747,8.80656,47.894
43160,3275,3367,3515,3301,3534,3811,4206,3868,4028,5341,6841,4686,4120,5837,7572,5055,16.8122,4.33226,8.79044,48.238
43161,3655,3761,3582,3535,4014,4846,4403,3835,4585,7573,6294,4013,4302,5170,4731,4007,7.64732,-2.82396,8.8372,48.204
43162,3934,3761,3475,3079,5378,4466,3676,3286,9073,6006,3979,3428,6600,4979,3867,3295,9.09882,-22.3327,8.52224,48.188
43163,3380,3477,3259,3080,4023,3823,3419,3311,6484,4943,3680,3385,11832,6449,3963,3415,24.5189,-25.3037,8.7042,47.9487
43164,4157,3885,3484,3170,6196,5296,3967,3336,7684,6390,4035,3427,5166,4602,3714,3369,3.7618,-18.0443,8.61426,47.9187
43165,4835,4128,3575,3230,8089,4923,3685,3342,8407,5045,3796,3368,4830,4148,3575,3169,0.517045,-28.5344,8.61376,48.0967
43166,3454,3382,3191,3135,3995,3819,3445,3218,5842,5039,3849,3439,11361,7204,4044,3504,30.3684,-21.2179,8.83226,47.9473
43167,3091,3292,3605,3617,3185,3461,4089,4779,3368,3856,5338,9185,3426,3857,5269,8335,13.5061,26.7515,8.59395,47.8353
43168,4716,7805,7633,4675,4408,5468,5302,4138,3696,3840,3784,3581,3255,3455,3300,3225,-21.3558,-0.632665,8.91196,48.1873
43169,4923,8239,7669,4633,4236,5394,5144,4196,3629,3824,3652,3577,3170,3505,3358,3243,-23.3701,-0.877169,8.94845,48.2613
43170,3729,3768,3547,3403,4504,5281,4119,3579,5563,8256,5131,3749,4520,5356,4249,3675,7.04002,-8.53639,8.87342,48.286
43171,3869,4174,4063,3620,4386,6535,5498,3985,4445,6466,5576,3943,3823,4121,4141,3688,0.0963238,-2.6708,8.84768,48.222
43172,11700,6655,3973,3381,5934,4954,3865,3461,4024,3851,3483,3126,3518,3373,3322,3212,-32.9134,-23.074,8.60145,47.888
43173,3421,3344,3205,3120,3922,3909,3555,3185,6151,4964,3751,3398,11370,7167,4062,3449,26.5101,-21.8175,8.52569,47.982
43174,3200,3539,3508,3399,3433,3934,4385,4037,3776,5025,7651,5384,3821,4919,6913,5425,14.0741,7.97317,8.82807,48.2327
43175,3418,3524,3367,3140,4178,4003,3647,3253,6171,6129,4197,3495,7670,7867,4522,3404,19.3278,-14.2752,8.8531,47.99
43176,3677,3652,3234,3130,4641,4359,3473,3213,8620,5669,4029,3416,8284,5824,3937,3353,14.5891,-22.6621,8.51976,48.3407
43177,3150,3453,3723,3866,3348,3582,4356,5904,3380,3844,5397,10167,3336,3619,4727,6638,7.96196,28.9975,8.98956,48.3267
43178,3032,3203,3389,3526,3328,3410,3881,4290,3511,3789,4997,7589,3253,3961,5748,11026,19.705,30.23,8.89142,47.9553
43179,3102,3396,3603,3885,3286,3626,4342,5485,3449,3878,5977,9355,3354,3709,5120,6593,9.43622,22.5639,8.89806,48.1067
43180,4169,3817,3406,3261,6545,4630,3739,3254,9663,5125,3782,3499,5840,4582,3603,3345,5.76618,-29.5177,8.80463,48.1733
43181,3137,3223,3425,3381,3221,3468,3851,3838,3630,4091,5428,5470,3556,4792,9027,8553,25.4667,14.4494,8.8678,48.0607
43182,6475,8823,5232,3806,5258,6314,4540,3726,3962,4019,3605,3369,3285,3451,3332,3116,-20.1605,-9.74795,8.58475,48.2087
43183,8560,7120,4370,3542,6835,5677,4022,3562,4139,4032,3641,3327,3482,3406,3201,3211,-18.7696,-17.6024,8.51539,48.0847
43184,3335,3731,5095,7092,3436,3710,5180,9951,3210,3576,4212,5309,3102,3416,3716,3814,-10.3043,30.7643,8.94475,47.9233
43185,3868,5372,9492,6873,3681,4331,5589,5044,3435,3567,3899,3679,3173,3206,3420,3381,-24.4278,10.2459,8.60058,48.0067
43186,4311,4077,3479,3243,6981,4739,3736,3389,9160,5035,3759,3327,5404,4313,3592,3451,3.3008,-33.857,8.57395,47.9973
43187,3302,3777,4802,6603,3325,3848,5315,9910,3260,3630,4486,5794,3126,3472,3736,3976,-8.30315,26.8831,8.80632,48.2413
43188,10364,7399,4258,3412,6242,5213,4042,3394,4120,3902,3401,3245,3378,3356,3209,3156,-23.8792,-19.8067,8.74152,48.0607
43189,3412,4184,7742,10651,3419,3902,5069,5696,3377,3454,3847,3885,3155,3260,3336,3462,-31.1362,19.378,8.65406,47.9007
43190,3550,3410,3171,3184,4198,3871,3434,3214,7518,4999,3865,3353,11017,5790,3865,3410,20.1137,-28.6911,8.66572,47.8993
43191,3199,3273,3376,3301,3432,3621,3846,3751,3726,4349,5424,4790,3985,5812,9705,6538,27.2338,8.71327,8.61227,48.0853
43192,3124,3283,3321,3442,3311,3586,3828,3908,3493,4156,5222,5308,3562,4746,8798,8769,26.9084,14.5183,8.59333,47.9047
43193,4506,5388,4844,3751,4887,7824,5986,4011,4044,4970,4277,3649,3528,3695,3722,3387,-8.52262,-4.19526,8.56661,48.3127
43194,3506,3759,3888,3679,3963,4842,5492,4214,4081,5940,7536,4614,3770,4447,4702,4050,4.69203,2.89091,8.83001,48.322
43195,3415,4003,6038,12517,3396,3745,4814,6305,3156,3459,3643,3933,3169,3182,3390,3408,-25.9935,33.3656,8.58756,47.7153
43196,3198,3330,3654,3717,3308,3545,4349,5380,3350,3817,5132,9743,3405,3703,4900,7354,10.6949,30.3505,8.63131,47.9233
43197,4916,4151,3563,3262,8260,5022,3772,3322,8179,5057,3741,3351,4706,4028,3610,3291,-0.40401,-25.7931,8.91094,48.154
43198,3339,3945,5310,9196,3436,3781,5064,8873,3333,3552,4041,4725,3093,3339,3485,3568,-15.3575,28.9334,8.72443,48.0533
43199,3368,3823,5269,7876,3444,3847,5691,9090,3280,3622,4094,5071,3031,3245,3560,3688,-12.4494,24.3259,8.56525,47.9993
43200,3137,3225,3360,3509,3350,3576,3875,4030,3350,3929,4963,5657,3639,4325,7729,10441,30.0823,18.694,8.7269,48.0633
43201,7311,5986,3999,3504,7788,6366,4041,3545,4506,4304,3715,3389,3567,3671,3189,3048,-13.7006,-18.6622,8.67775,47.9527
43202,3353,3815,4539,4436,3668,4315,7236,6042,3570,4235,6315,5580,3269,3696,4189,4269,-2.0754,12.457,8.90643,48.3513
43203,3314,3437,3342,3089,3887,4044,3744,3338,4818,6589,4907,3947,5545,8297,5845,4150,18.8071,-5.79977,8.95771,48.1953
43204,4629,6710,5818,4225,4651,6760,5920,4130,3709,4209,4056,3607,3310,3504,3451,3200,-14.9785,-2.49302,8.63975,47.926
43205,12508,6040,3933,3387,6199,4789,3779,3287,3871,3829,3444,3225,3406,3401,3274,3141,-26.3398,-32.5367,8.81685,47.6753
43206,4447,7631,8688,4873,4095,4841,5074,4327,3494,3767,3777,3524,3187,3298,3369,3407,-33.8301,1.51145,8.8638,47.866
43207,3073,3191,3361,3312,3408,3618,3877,3862,3654,4374,5689,5279,3721,5164,9192,7317,24.0224,11.4659,8.51829,48.0613
43208,3508,4126,6293,7125,3450,4081,6579,7405,3316,3768,4414,4630,3089,3311,3685,3542,-13.9464,17.0521,8.76175,48.2147
43209,4458,5138,4192,3722,5181,8047,5332,3760,4453,5455,4332,3666,3833,3854,3702,3315,-5.64694,-6.7808,8.71589,48.2933
43210,3327,3405,3294,3033,3812,3877,3620,3417,5167,5991,4336,3633,6991,9278,5158,3826,21.815,-10.8812,8.94407,48.11
43211,3355,3767,5070,7677,3421,3852,5230,9717,3244,3697,4160,5246,3068,3250,3600,3698,-11.8783,29.0348,8.76028,48.0347
43212,3682,4144,4533,4088,3960,5491,6887,4684,3815,5193,6192,4432,3590,3815,4091,3860,-1.67664,4.02204,8.50186,48.3047
43213,3026,3359,3349,3423,3262,3557,3784,4055,3382,3929,5154,6055,3422,4145,7446,10707,25.3047,20.2118,8.54969,48.0367
43214,6692,7039,4437,3482,6487,6954,4404,3584,4404,4182,3592,3325,3563,3487,3338,3121,-15.5874,-14.0255,8.9389,48.0607
43215,3544,3599,3451,3097,4367,4493,3779,3380,6374,7712,4634,3700,5675,6450,4341,3633,12.3604,-11.9495,8.98564,48.1527
43216,3647,4626,8174,7457,3559,4234,6129,5858,3289,3651,4224,4024,3176,3360,3354,3434,-19.1097,13.5676,8.88106,48.1307
43217,3581,4276,4700,4050,4013,5883,7387,4671,3828,4881,5845,4321,3511,3857,3957,3753,-3.77924,3.80836,8.92145,48.3427
43218,11515,5806,3843,3368,6943,4894,3806,3345,4122,3787,3406,3237,3353,3411,3214,3142,-21.9301,-29.5782,8.80038,47.4613
43219,3202,3530,4104,4547,3286,3787,4784,7788,3413,3926,4885,8773,3399,3528,4162,4900,1.30622,29.912,8.82013,48.0093
43220,3165,3243,3415,3376,3305,3563,3815,3894,3488,4194,5289,5172,3702,4974,9357,7999,28.6958,12.6893,8.73057,47.9673
43221,4968,5043,3885,3485,6821,7548,4319,3598,5057,5423,4024,3513,3946,3921,3553,3307,-5.64261,-13.5646,8.94516,48.274
43222,3118,3251,3484,3468,3325,3566,4126,4332,3399,4034,5848,7367,3486,4207,6628,8477,16.9927,19.0951,8.80575,48.0773
43223,3175,3384,3255,3166,3736,3892,3559,3293,4996,5254,4293,3667,7276,9973,5367,3829,28.3195,-10.4005,8.70264,48.0767
43224,3259,3429,3312,3102,3835,3772,3462,3260,6591,4805,3801,3358,11946,5999,3993,3381,23.6912,-33.5507,8.53544,47.5367
43225,5771,8472,5662,4088,4914,6510,4871,3792,3818,3976,3732,3464,3347,3407,3336,3081,-18.8992,-6.55651,8.88553,48.1607
43226,4193,4095,3507,3256,6123,5541,4009,3370,7542,6746,4154,3461,4903,4595,3711,3328,3.29693,-17.1147,8.98361,48.356
43227,3734,5192,9854,7166,3685,4339,5388,4953,3323,3412,3815,3803,3207,3282,3339,3334,-33.6233,10.4549,8.71227,47.884
43228,3456,3350,3306,2957,3838,3826,3435,3275,5592,5331,4072,3535,8877,8741,4675,3457,27.1426,-15.0257,8.58894,47.8153
43229,3569,4358,5955,5600,3620,4503,7672,6380,3449,3791,4724,4561,3246,3475,3721,3654,-10.5923,11.9315,8.53967,48.1853
43230,3357,3504,3254,3149,3898,3917,3449,3254,5946,4773,3670,3389,12473,6130,3842,3322,31.0565,-27.5244,8.6804,47.5513
43231,3084,3259,3398,3598,3273,3504,3958,4330,3403,3681,5139,8053,3316,3886,5715,9882,17.4835,26.9114,8.757,47.6527
43232,3047,3236,3465,3439,3334,3653,3713,4000,3502,3997,5350,5999,3584,4425,7912,9682,24.4743,17.487,8.77346,48.2253
43233,3457,3446,3177,3075,4105,3951,3531,3180,7071,5167,3984,3371,10538,6623,4003,3483,20.9805,-22.3136,8.60282,48.108
43234,3147,3229,3586,3755,3328,3684,4267,5348,3325,3897,5718,9227,3381,3753,5149,7301,11.2962,23.891,8.71393,48.0633
43235,3079,3423,3325,3317,3459,3642,3805,3661,3904,4536,5224,4625,4019,6379,9599,5817,33.1981,5.77072,8.66086,47.876
43236,3138,3155,3412,3427,3264,3583,3866,4027,3453,3776,5006,6672,3379,3940,6392,11338,22.984,23.9874,8.68445,47.8853
43237,3933,5328,8210,5780,3802,4901,6685,5108,3448,3820,4064,3861,3201,3323,3525,3404,-17.7665,8.12422,8.75741,48.262
43238,3178,3181,3404,3464,3293,3594,4091,4108,3482,4160,5885,6650,3508,4282,7402,8596,19.256,17.3099,8.63387,48.1853
43239,3582,4296,7945,10057,3488,4043,5132,5561,3275,3537,3760,3907,3088,3242,3382,3382,-33.3483,18.1306,8.7588,47.7847
43240,3184,3308,3512,3626,3229,3536,4256,4955,3372,3777,5275,9501,3344,3862,5169,8104,13.0506,28.4224,8.71117,48.0067
43241,3162,3251,3342,3288,3378,3642,3703,3876,3637,4273,5233,5162,3583,5061,9494,8126,31.1027,12.615,8.84861,48.1407
43242,3154,3332,3365,3408,3176,3352,3705,3894,3381,3753,4777,5937,3372,3902,6022,12625,30.7461,32.3863,8.85406,47.4367
43243,7525,9173,5046,3759,5361,5849,4266,3629,3864,3959,3600,3225,3359,3321,3269,3231,-22.7926,-11.9338,8.93547,48.2907
43244,3140,3266,3479,3460,3227,3511,4005,4340,3407,3888,5418,7483,3456,4259,6788,9339,18.5691,20.3021,8.84381,48.3107
43245,3294,3463,3231,3092,3664,3820,3578,3405,4566,5209,4468,3792,6030,10013,6293,4057,27.9458,-6.56568,8.71463,47.9833
43246,3367,4209,7556,10778,3534,3907,5087,5936,3185,3461,3808,4078,3142,3252,3471,3240,-25.7447,19.7392,8.59182,48.0073
43247,3180,3558,3914,4023,3452,3942,5225,5612,3520,4262,6752,7640,3364,3861,4781,5262,5.50099,16.763,8.66547,48.232
43248,3529,3545,3242,3138,4218,3936,3561,3294,7473,5413,3930,3461,9563,6293,4112,3475,18.6875,-21.9697,8.64806,48.122
43249,7983,5666,3955,3445,8424,5928,4036,3389,4632,4173,3569,3260,3683,3536,3322,3091,-14.0134,-21.0483,8.55156,48.0613
43250,4519,4326,3561,3364,6198,6372,4132,3495,6327,6429,4241,3585,4505,4325,3729,3355,0.235788,-14.6978,8.83633,48.3087
43251,3350,3744,4953,7100,3486,3854,5171,9933,3113,3638,4330,5588,3272,3297,3577,3733,-9.75627,29.3979,8.90646,48.0927
43252,3069,3138,3407,3467,3189,3507,3824,4048,3374,3756,5116,6579,3405,4144,6844,11191,23.5007,22.7432,8.735,48.0387
43253,5122,4306,3588,3376,9168,5058,3691,3325,7638,4740,3727,3317,4421,4078,3521,3207,-2.4881,-29.8248,8.94931,48.1887
43254,4452,7653,8966,5108,3974,4690,5190,4302,3536,3682,3762,3472,3235,3213,3489,3323,-28.8904,2.16967,8.96817,48.0313
43255,3523,4114,5653,5747,3531,4376,7572,7172,3366,3804,4719,4729,3193,3481,3738,3699,-9.76199,14.6922,8.89159,48.278
43256,4949,8798,7396,4458,4342,5116,4762,4045,3663,3717,3773,3538,3298,3459,3341,3271,-33.9557,-2.08002,8.70213,47.9507
43257,5530,4938,3842,3359,8045,6805,4112,3516,5640,4984,3696,3369,3821,3907,3465,3168,-6.72836,-17.2402,8.68307,48.1313
43258,3254,3636,3630,3591,3683,4506,4843,4019,4234,6309,7266,4505,3956,4997,5367,4260,8.86028,2.07408,8.63252,48.0373
43259,3534,3492,3290,3154,4202,4197,3617,3190,7093,6082,4079,3440,8015,7022,4326,3474,17.1159,-17.1632,8.9135,48.138
43260,3403,3373,3188,3016,3994,3879,3528,3271,6118,5111,3979,3471,10379,7609,4254,3432,24.4861,-19.1016,8.96866,48.0033
43261,3510,3952,6019,12754,3330,3826,4593,5991,3283,3361,3702,3868,3179,3224,3366,3274,-30.6461,32.0644,8.97357,47.488
43262,3754,3578,3197,3093,4878,4239,3641,3261,8672,5912,3894,3436,7493,5610,3902,3377,12.8753,-21.3061,8.71598,47.958
43263,3568,3923,4581,4256,3735,4794,7277,5225,3690,4668,6477,4835,3435,3862,4269,4028,-1.8514,7.82138,8.56546,48.4153
43264,10093,5576,4023,3360,8189,5097,3863,3459,4503,3973,3579,3323,3492,3457,3280,3027,-17.8413,-26.9753,8.7942,48.196
43265,3576,4397,6525,6452,3487,4336,7314,6666,3248,3701,4334,4430,3351,3355,3556,3520,-13.285,13.9289,8.8715,48.1653
43266,3262,3305,3376,3379,3397,3616,3908,3767,3678,4510,5246,4692,3899,6028,9749,6322,31.5508,7.30899,8.66838,48.0893
43267,5832,8972,5969,4126,4786,5958,4730,3858,3736,3930,3719,3436,3301,3258,3298,3264,-21.935,-6.2648,8.72759,48.1153
43268,3237,3668,4122,4800,3352,3853,4941,8306,3450,3739,4820,8215,3282,3507,4137,4736,-0.351888,31.787,8.80457,48.11
43269,4399,7296,8978,5256,4071,4737,5042,4383,3502,3701,3732,3622,3172,3523,3383,3362,-30.9119,2.82829,8.51595,48.106
43270,4176,3952,3467,3182,6629,4540,3752,3273,9614,5297,3839,3308,5900,4415,3566,3236,5.37529,-28.82,8.57164,48.0973
43271,3807,5164,8799,6898,3604,4294,6077,5546,3227,3689,4068,3863,3142,3300,3502,3349,-20.3276,11.114,8.60007,48.2193
43272,3172,3271,3605,3636,3242,3641,4357,4722,3367,4027,6036,8379,3408,4072,5853,7479,13.1397,20.2533,8.657,48.178
43273,3408,3442,3140,3089,4140,3835,3444,3222,6869,5077,3815,3311,10924,6624,3987,3444,22.0463,-22.8078,8.7746,47.8473
43274,4853,4198,3478,3172,8386,5107,3733,3351,8065,4975,3752,3447,4678,4267,3613,3211,-0.507187,-26.7303,8.72053,48.1907
43275,3150,3187,3473,3652,3179,3434,4008,4492,3366,3768,5157,8711,3400,4013,5489,9542,16.4543,28.2024,8.99322,48.014
43276,3135,3328,3597,3605,3346,3679,4214,4560,3407,3936,5866,8357,3378,4038,5755,7744,14.1611,20.9947,8.56849,47.9633
43277,6081,5616,4036,3507,7610,6936,4249,3506,4926,4600,3778,3340,3760,3681,3280,3165,-10.6417,-16.5973,8.52452,48.0473
43278,3429,4281,6910,7611,3540,4212,6403,6925,3250,3716,4130,4303,3046,3287,3426,3546,-16.4623,16.0859,8.96109,48.01
43279,3826,5515,9824,7031,3648,4375,5375,4892,3350,3645,3866,3837,3232,3285,3348,3248,-27.4971,9.55775,8.60227,48.198
43280,3570,3539,3336,3173,5031,4180,3584,3245,9469,5608,3824,3448,7747,5156,3945,3373,12.0017,-24.5758,8.99752,48.152
43281,4363,3978,3501,3222,7321,4857,3638,3321,9231,5275,3827,3248,5174,4436,3645,3360,2.95446,-26.0382,8.98426,48.2647
43282,3268,3438,3232,3156,3826,3799,3609,3299,4825,5373,4354,3701,6799,10095,5457,3875,32.956,-9.59035,8.96851,48.0707
43283,4262,3957,3474,3067,6863,4815,3609,3312,9273,5423,3809,3353,5465,4379,3690,3343,3.68761,-25.1071,8.93862,48.0627
43284,3304,3318,3636,3801,3259,3588,4403,4778,3457,3977,6392,8414,3387,3910,5563,6923,11.6027,19.2456,8.87127,48.0733
43285,3399,3376,3341,3175,3814,3699,3607,3296,5114,5156,4115,3594,7880,9507,4872,3637,33.0963,-12.7581,8.87852,47.7213
43286,3689,3602,3153,3171,4824,4194,3551,3294,9256,5164,3871,3463,8268,5359,3756,3398,13.4198,-33.795,8.84806,48.0087
43287,6231,5183,3832,3405,8647,6321,4092,3405,5267,4581,3640,3379,3757,3737,3402,3186,-8.95783,-19.8184,8.68819,48.0433
43288,3361,3913,6175,12461,3325,3669,4688,6189,3269,3518,3832,3955,3044,3249,3288,3414,-27.5636,30.0034,8.65461,47.5667
43289,3376,3427,3363,3148,3899,3997,3532,3346,5331,6222,4531,3641,6401,8917,5312,3876,19.8216,-9.44401,8.97029,48.2127
43290,3209,3339,3225,3179,3650,3897,3746,3428,4689,5058,4554,3944,5611,9629,6491,4203,31.891,-5.51009,8.64593,47.9013
43291,3052,3187,3581,3513,3142,3582,3905,4110,3499,4197,5552,6361,3527,4418,7648,9107,21.884,17.6048,8.52162,48.254
43292,3214,3308,3496,3556,3346,3714,4305,4415,3522,4155,6850,7258,3441,4327,6677,6844,14.1231,15.5917,8.88156,48.2853
43293,3227,3633,4284,4775,3264,3865,5509,7882,3315,3742,5270,7627,3313,3567,4263,4595,-0.357811,21.9586,8.55848,48.0873
43294,3032,3335,3525,3701,3279,3528,4133,4941,3383,3778,5280,9403,3425,3749,5083,8178,12.9275,29.8983,8.63419,47.8353
43295,5111,8660,7263,4400,4414,5409,4926,3983,3534,3783,3715,3506,3215,3309,3394,3164,-23.2305,-2.74324,8.70242,47.8573
43296,5351,5753,4270,3588,6411,7904,4675,3615,4460,4977,3854,3356,3735,3652,3384,3264,-9.72702,-11.5878,8.74915,48.166
43297,3366,3697,4408,4426,3436,4105,6365,6147,3507,4107,6386,6357,3404,3732,4286,4525,0.0603245,14.7298,8.74207,48.1693
43298,4251,4154,3650,3412,6498,5749,3883,3411,7376,6426,4057,3367,4707,4407,3605,3407,1.7049,-17.6437,8.96702,48.24
43299,3913,4926,6557,5060,3814,5193,7801,5206,3545,4028,4470,3961,3206,3400,3495,3600,-12.9531,6.63754,8.56083,48.1167
43300,3239,3361,3732,4103,3346,3647,4490,6161,3377,3870,5491,9617,3233,3802,4717,6026,6.56177,25.1946,8.51341,48.1413
43301,3090,3346,3411,3377,3196,3593,3851,3927,3415,3852,4844,5885,3511,4182,7047,11332,32.0072,21.6101,8.52594,47.906
43302,3158,3376,3473,3301,3398,3773,3937,3857,3877,4727,6151,4829,4007,6035,8908,5799,21.1916,6.86788,8.81124,48.404
43303,3217,3274,3490,3423,3246,3682,4113,4162,3545,4401,6619,6119,3733,4591,7753,6868,17.528,13.08,8.94024,48.1573
43304,3236,3717,4213,4623,3463,3892,5947,6971,3433,4047,5982,7090,3287,3618,4391,4639,0.234951,17.9876,8.94736,48.366
43305,3542,4572,8121,8759,3578,4175,5697,5813,3302,3537,3944,3930,3060,3229,3473,3399,-22.5541,15.9376,8.55812,48.0873
43306,3299,4051,6565,10968,3369,3986,5191,6809,3261,3469,3883,4097,3035,3232,3387,3449,-21.9241,22.9957,8.73062,48.034
43307,3216,3457,3487,3388,3596,4105,4316,3870,4002,5596,7156,4707,4126,5671,6807,4602,14.5372,3.66743,8.7483,48.068
43308,4550,7172,8781,5178,4009,4916,5344,4391,3434,3772,3871,3591,3205,3402,3284,3333,-25.6431,2.45983,8.5751,48.1553
43309,7909,9513,5002,3691,5191,5072,4195,3636,3855,3933,3592,3376,3360,3382,3322,3223,-31.0713,-12.6905,8.83311,48.168
43310,12850,6142,3888,3327,5920,4809,3686,3338,3870,3743,3407,3222,3429,3438,3265,3065,-32.9477,-26.7754,8.98421,47.5993
43311,9918,6100,4008,3385,7650,5222,3907,3395,4326,3957,3536,3261,3435,3512,3263,3083,-18.4394,-23.5352,8.98039,47.972
43312,3186,3204,3531,3495,3321,3622,4043,4164,3505,3977,5897,6662,3538,4244,7415,8531,18.4908,17.1691,8.82178,48.2233
43313,3181,3231,3394,3432,3311,3337,3783,3761,3504,3741,4714,5813,3394,3829,6015,12459,30.4382,33.8924,8.73701,47.266
43314,3367,3361,3244,3162,3913,3743,3498,3269,5424,5318,3997,3563,9336,8775,4626,3463,27.5104,-15.8304,8.83677,48.0393
43315,3160,3255,3391,3308,3303,3726,3781,3718,3704,4392,5073,4867,3754,5655,9974,7004,30.0615,9.18844,8.77046,48.0433
43316,3472,3516,3215,3127,4272,4022,3683,3275,7690,5221,3922,3372,10004,6091,3967,3459,18.6527,-23.6543,8.71729,48.2053
43317,3353,3840,5325,9110,3313,3851,5124,8895,3254,3499,3979,4595,3191,3265,3455,3669,-15.6801,31.5402,8.65108,47.812
43318,4911,4909,3874,3259,7170,7100,4267,3578,5550,5434,3887,3372,4054,3913,3605,3114,-4.543,-15.3345,8.71985,47.998
43319,3217,3417,3685,3636,3567,3892,4851,4486,3573,4729,7995,6059,3623,4366,5893,5228,10.3089,10.618,8.61954,48.1447
43320,4836,7506,6955,4182,4340,6154,5507,4080,3672,3971,4038,3577,3337,3427,3395,3269,-18.5385,-1.73608,8.98614,48.164
43321,3126,3293,3710,3989,3338,3602,4408,5998,3285,3864,5334,10031,3445,3772,4735,6538,7.79625,27.3961,8.96118,48.312
43322,3268,3708,4341,5123,3349,3806,5827,8702,3394,3775,5068,7004,3212,3491,4061,4397,-3.17975,22.4235,8.94733,48.3507
43323,4268,3964,3419,3209,6830,4715,3632,3245,9578,5140,3822,3285,5481,4401,3714,3288,4.15203,-31.7817,8.97446,47.994
43324,3120,3158,3336,3433,3139,3547,3874,4048,3536,4085,5002,5917,3457,4355,7752,10295,25.9047,19.2882,8.59156,48.036
43325,3088,3324,3581,3706,3416,3799,4509,4791,3525,4190,7049,7563,3505,4130,6076,6220,11.9933,16.3106,8.81048,48.3147
43326,3110,3250,3436,3534,3189,3464,4064,4719,3391,3861,5219,9058,3231,3761,5384,9122,14.7642,28.7186,8.70334,47.862
43327,3357,3937,5807,10849,3397,3797,5108,7755,3090,3552,3855,4253,3181,3280,3491,3445,-19.4425,29.2878,8.86292,48.1027
43328,6517,6763,4304,3400,6591,7008,4375,3476,4354,4318,3732,3443,3686,3589,3385,3268,-14.019,-14.0116,8.78663,48.1393
43329,8467,8098,4551,3654,5669,5523,4273,3538,3924,3934,3537,3316,3399,3528,3238,3131,-22.2376,-15.2725,8.50719,47.8533
43330,4143,4739,4263,3661,5008,7512,5083,3830,4489,6058,4629,3732,3704,4023,3731,3457,-3.37195,-6.50653,8.50394,48.0413
43331,9432,5799,3928,3377,8072,5453,3971,3431,4374,3945,3550,3260,3469,3408,3254,3108,-17.099,-23.6771,8.6867,47.8873
43332,5622,4728,3719,3260,9142,5927,3852,3378,6226,4883,3710,3287,4237,3806,3482,3155,-5.70534,-21.8224,8.85805,48.276
43333,8824,9006,4851,3663,5416,5155,4140,3540,3769,3891,3536,3296,3425,3435,3196,3031,-27.9017,-14.4932,8.84864,48.116
43334,3378,3628,4201,4395,3534,4129,6152,6116,3541,4139,6727,6461,3406,3725,4426,4575,1.12849,14.8541,8.68273,48.3553
43335,3255,3345,3242,3215,3558,3828,3733,3562,4148,5161,5027,4140,4872,8132,8122,4773,25.4138,-0.211587,8.90482,48.0753
43336,3889,3750,3326,3081,5344,4331,3638,3226,9860,5503,3808,3339,7092,5040,3764,3384,10.356,-26.2519,8.71397,48.25
43337,3322,3777,4862,6655,3368,3894,5100,9952,3307,3669,4481,5734,3232,3303,3724,3907,-9.06769,31.8606,8.93578,48.1913
43338,4297,3994,3454,3192,7186,4858,3770,3326,8921,5209,3889,3379,5238,4420,3560,3214,3.2225,-25.1007,8.55611,47.938
43339,3388,3407,3196,3164,3733,3871,3654,3320,5250,5415,4253,3515,7384,9695,5391,3692,25.8614,-11.2327,8.84225,48.2187
43340,3656,4460,6668,6433,3639,4371,7338,6557,3417,3834,4249,4251,3127,3317,3680,3612,-14.1445,13.3291,8.73858,48.406
43341,5298,9176,7568,4501,4356,5063,4620,4016,3638,3668,3719,3535,3257,3292,3249,3148,-29.3437,-2.72692,8.89748,48.0693
43342,3076,3251,3453,3312,3205,3589,3939,4004,3441,4026,5321,6121,3455,4434,8049,9764,23.1415,17.5264,8.96827,48.2933
43343,3644,4395,5752,5217,3595,4646,7831,6261,3429,3922,4849,4505,3179,3384,3756,3744,-9.12837,11.5447,8.51889,48.0727
43344,9424,5989,3984,3249,8258,5562,3836,3418,4644,4029,3512,3238,3511,3486,3222,3195,-16.5623,-23.646,8.86706,48.3713
43345,3142,3207,3297,3488,3315,3477,3850,4489,3415,3860,5058,8116,3356,3857,5845,10333,18.3265,26.437,8.97252,48.07
43346,4486,5687,5120,3981,4647,7317,6128,4192,3934,4642,4403,3629,3494,3555,3518,3364,-10.1493,-3.00094,8.59202,48.0647
43347,3268,3289,3202,3081,3868,3894,3361,3332,5663,5191,4064,3436,9998,8416,4412,3493,27.3629,-17.3152,8.91368,47.9787
43348,4542,5805,4778,3739,4994,7906,5619,3820,4123,4851,4180,3596,3548,3644,3618,3346,-9.66388,-5.53582,8.82061,48.0727
43349,3344,3439,3288,3120,3782,3832,3533,3424,4820,5304,4350,3728,6640,9829,5682,3947,29.3275,-8.86674,8.66609,48.0413
43350,4087,4025,3600,3252,5496,5794,4058,3497,6558,7225,4295,3443,4759,4895,3870,3429,3.78015,-13.5371,8.64083,48.1887
43351,4186,4288,3665,3409,6013,6076,4113,3416,6439,6944,4288,3602,4623,4474,3677,3370,1.62838,-14.4418,8.61803,48.3887
43352,3380,3350,3156,2992,3967,3686,3518,3317,5936,5001,3927,3401,11146,7647,4189,3517,27.0754,-20.0439,8.9792,48.0867
43353,3347,3415,3594,3348,3612,4014,4543,3971,3865,5499,7743,4952,3917,5222,6624,4855,13.0283,5.26168,8.92902,48.3473
43354,3311,3406,3179,3024,3876,3875,3426,3295,5480,5211,4181,3502,8837,9007,4744,3594,27.6946,-14.7302,8.78797,47.9653
43355,3200,3565,4198,4581,3330,3795,5207,7553,3326,3951,5502,8047,3267,3635,4315,4912,1.24884,22.3787,8.82609,48.256
43356,3568,3523,3296,3173,4708,4199,3671,3370,8204,5816,3963,3490,8141,5888,3985,3389,14.6124,-20.5974,8.56794,48.256
43357,3240,3469,4254,4617,3350,3694,5019,8144,3321,3786,4857,8272,3264,3499,4193,4776,0.199162,30.4187,8.87873,47.8367
43358,3489,3440,3201,3053,4230,3884,3500,3253,7263,5098,3779,3335,11021,6147,3987,3418,20.5723,-26.2681,8.63263,48.0653
43359,3235,3462,3638,3550,3534,3924,4319,4131,3775,4885,7577,5351,3774,4931,6879,5422,13.793,8.46898,8.68207,48.258
43360,3269,3485,3403,3271,3747,3934,3851,3496,4492,6222,5375,4113,4868,7867,6621,4365,19.0555,-2.28528,8.9694,48.2527
43361,5479,4415,3654,3200,9414,5102,3834,3441,6879,4827,3702,3326,4255,3890,3437,3215,-3.94956,-33.8117,8.8809,48.0467
43362,12498,6220,3980,3298,6045,4708,3856,3341,3747,3868,3488,3277,3501,3374,3239,3157,-30.8961,-26.2372,8.71579,47.7313
43363,3424,3507,3648,3358,3765,4239,4182,3660,4663,6923,6051,4131,4643,6320,5657,4208,13.6274,-2.25592,8.64187,48.2527
43364,3137,3428,3507,3588,3354,3763,4587,4571,3597,4281,7391,6732,3536,4290,6300,6121,11.8827,13.8341,8.99311,48.122
43365,3402,3468,3300,3062,4266,3881,3428,3290,6899,5107,3905,3391,10227,6631,4068,3461,21.0688,-21.804,8.69548,47.8573
43366,3201,3478,3418,3347,3648,3924,3990,3703,4057,5652,6526,4545,4228,6210,7332,4970,17.1492,2.75935,8.67679,48.1527
43367,4423,6915,8051,4923,4213,5343,5848,4406,3541,3817,3978,3703,3236,3459,3248,3317,-20.5364,2.07218,8.77632,48.2807
43368,4002,4980,6079,4526,3912,5704,7678,4866,3669,4191,4733,4056,3295,3499,3744,3499,-10.8814,4.89861,8.51667,48.2887
43369,3133,3234,3356,3359,3422,3652,3858,3897,3582,4327,5961,5175,3844,5270,9266,6853,22.53,10.2696,8.78287,48.126
43370,5936,9087,6057,4065,4738,5502,4746,3935,3675,3841,3766,3519,3313,3431,3293,3206,-23.0294,-6.25085,8.57025,48.0733
43371,3329,4137,7162,11170,3391,3885,4998,6035,3272,3492,3776,4009,3124,3193,3482,3396,-33.7462,20.5549,8.71035,47.9007
43372,3369,4263,7581,11016,3484,3924,5034,5874,3264,3463,3857,4010,3078,3144,3282,3359,-26.8212,19.8966,8.87263,48.0013
43373,5933,5166,3794,3350,8545,6456,4019,3489,5601,4800,3661,3295,3958,3694,3285,3105,-7.53893,-19.1619,8.63097,48.1007
43374,7357,5401,4007,3301,8907,6015,3937,3486,5043,4302,3621,3315,3673,3562,3295,3092,-12.0184,-21.3127,8.96896,48.2093
43375,3387,3864,5187,7146,3375,3871,5560,9285,3222,3755,4348,5265,3141,3318,3622,3662,-10.7974,23.4792,8.56118,48.0053
43376,3194,3524,3862,4189,3263,3643,4686,6495,3426,3839,5146,9508,3323,3551,4635,5672,5.17124,33.6537,8.52755,47.9707
43377,3544,3780,3480,3096,4451,4771,3846,3518,5987,8280,4783,3631,5239,6058,4413,3600,10.5266,-10.07,8.99391,48.318
43378,12458,6210,3953,3304,5845,4864,3794,3418,3990,3817,3479,3290,3363,3445,3314,3065,-31.9439,-26.4698,8.65109,47.7393
43379,4290,5288,4941,3969,4526,7377,6511,4227,3863,4895,4567,3814,3447,3679,3674,3398,-8.66042,-1.63034,8.89574,48.3107
43380,11644,6863,3995,3342,5906,4943,3686,3419,4044,3812,3507,3282,3489,3396,3230,3129,-33.4335,-22.3954,8.51294,47.7913
43381,5014,8531,7933,4673,4274,4923,4862,4054,3538,3798,3797,3496,3228,3472,3267,3131,-30.6874,-0.80647,8.59888,47.994
43382,3119,3360,3517,3329,3307,3653,4022,3987,3612,4473,6158,5445,3664,4903,8785,7250,20.6927,11.925,8.71265,48.3893
43383,4139,6411,9338,5912,3713,4757,5588,4608,3349,3707,3820,3788,3189,3244,3397,3330,-23.7942,5.92826,8.54737,48.1933
43384,11069,5725,3833,3423,7494,4879,3738,3389,4235,4056,3509,3146,3492,3451,3222,3082,-19.8865,-29.3849,8.96124,47.8287
43385,3286,3386,3469,3312,3611,3850,3911,3569,4270,5471,5093,4405,4743,8054,7782,4620,22.6117,-0.281541,8.65826,48.5547
43386,3896,3620,3357,3164,5201,4268,3660,3184,9439,5658,3858,3538,7105,5141,3879,3340,10.6626,-23.513,8.85177,48.2053
43387,3234,3303,3747,3699,3251,3739,4417,5418,3322,3762,5287,9955,3399,3772,4922,6911,9.55635,33.1567,8.61397,48.092
43388,3695,4481,7487,6572,3605,4537,6890,6019,3301,3686,4275,4157,3223,3293,3554,3447,-16.0445,12.5296,8.84629,48.148
43389,3646,3585,3419,3201,4252,4732,3916,3494,5635,8005,4859,3777,5451,6367,4492,3640,11.977,-9.54158,8.68279,48.314
43390,3189,3362,3305,3186,3529,3740,3847,3536,4217,5007,5059,4211,4653,8269,8486,4854,27.4473,0.501838,8.84813,48.3
43391,5053,8822,7675,4616,4291,5027,4885,4063,3599,3638,3723,3557,3288,3414,3331,3214,-31.3634,-1.60803,8.87063,48.1307
43392,5531,4399,3687,3193,9326,5155,3704,3456,6915,4690,3656,3298,4395,3970,3412,3143,-3.83387,-29.8682,8.83989,47.9533
43393,5571,4525,3582,3300,9725,5065,3797,3318,6754,4758,3582,3430,4202,3929,3466,3254,-4.56829,-31.4768,8.97158,48.172
43394,4571,4116,3526,3316,8135,4941,3746,3400,8453,4942,3639,3387,4804,4371,3553,3304,0.52881,-31.8986,8.62548,48.136
43395,3477,3447,3199,3123,4465,3900,3573,3303,8283,5155,3749,3411,9812,5553,3859,3310,17.1293,-30.3217,8.67423,47.746
43396,3226,3411,3618,3502,3476,3895,4579,4164,3808,4937,7863,5464,3755,4822,6382,5235,11.8741,8.32782,8.78593,48.0913
43397,5063,4262,3637,3270,8498,5075,3666,3284,7776,5047,3648,3316,4667,4135,3606,3211,-1.07941,-26.4031,8.65103,48.1073
43398,3739,4412,5238,4371,3861,5588,8178,5038,3648,4412,5437,4244,3331,3679,3768,3685,-6.75053,5.58526,8.94161,48.4193
43399,3246,3447,3554,3486,3524,3883,4506,4168,3791,4657,7718,5812,3774,4534,6690,5561,12.9534,10.2193,8.69887,48.234
43400,4298,3980,3511,3179,7036,4806,3659,3318,9372,5121,3739,3295,5515,4440,3597,3261,3.93358,-30.5977,8.68496,48.0847
43401,11661,5974,4064,3340,6879,4880,3827,3322,3987,3886,3408,3187,3489,3253,3222,3159,-23.1142,-26.6413,8.78092,47.692
43402,3262,3275,3306,3059,3740,3807,3591,3310,5385,5368,4202,3653,8361,9338,4752,3594,25.9711,-13.7239,8.9808,48.002
43403,3414,3351,3175,3133,4038,3784,3461,3129,6298,4731,3755,3361,12455,6138,3927,3455,26.9933,-27.3051,8.74393,47.7367
43404,4642,6577,5648,4172,4590,6953,6040,4090,3763,4128,3978,3700,3582,3541,3552,3341,-14.1041,-2.63356,8.57363,48.198
43405,3009,3313,3466,3486,3363,3551,4022,4247,3353,3898,5122,7955,3415,3950,5709,10120,18.0884,26.4634,8.59241,47.986
43406,3961,4046,3711,3300,5134,5837,4356,3440,5795,7621,4655,3704,4438,4705,3960,3469,3.38367,-10.4512,8.64921,48.088
43407,3362,3340,3462,3313,3867,4076,4014,3622,4466,6686,6013,4299,4606,6859,6277,4270,15.6187,-1.52952,8.83893,48.3547
43408,3317,3730,4904,6450,3381,3743,5459,9880,3272,3599,4411,5834,3162,3354,3768,3824,-8.23809,25.6847,8.96203,48.0587
43409,3238,3337,3401,3292,3376,3635,3823,3727,3989,4700,5689,4464,4308,6737,8946,5375,23.3355,3.77097,8.571,48.0247
43410,3734,4114,4437,3908,4068,5855,6570,4345,3877,5262,5976,4175,3622,3946,4105,3737,-2.25114,2.10814,8.62259,47.8207
43411,3833,5423,8784,6149,3706,4479,6304,5234,3456,3681,3954,3852,3253,3266,3505,3340,-20.5214,8.72109,8.70024,48.146
43412,3148,3581,3962,4128,3324,4042,5506,5641,3452,4254,7094,7171,3317,3813,4928,4888,4.42065,15.3635,8.91293,48.166
43413,3315,3299,3333,3178,3642,3819,3819,3529,4361,5450,4900,3962,5158,8733,7072,4454,23.6315,-2.61799,8.72392,48.016
43414,3843,5298,8994,6388,3804,4559,6174,5142,3429,3701,3916,3776,3073,3217,3322,3393,-20.9079,8.89396,8.90452,48.0193
43415,3464,3443,3157,3145,3985,3756,3414,3265,5929,4908,3884,3376,11533,7271,4207,3352,29.594,-21.0338,8.78478,48.0593
43416,4698,4408,3747,3392,7180,6537,4111,3444,6331,5628,3929,3381,4247,4059,3589,3314,-2.15765,-16.6837,8.91666,47.9967
43417,3157,3290,3373,3181,3682,3996,3740,3445,4199,5526,4906,4130,4904,8584,7539,4576,23.274,-1.72489,8.62355,48.152
43418,3217,3498,4444,5407,3338,3846,5326,9088,3365,3768,4843,7055,3139,3404,3956,4324,-3.49797,25.6559,8.71294,48.012
43419,3320,3515,3433,3430,3584,4193,4287,3873,4192,6398,6869,4556,4350,5729,6289,4517,13.2311,1.25338,8.95317,48.3567
43420,3210,3299,3293,3162,3792,3955,3684,3286,4777,5589,4535,3652,6487,9665,5809,3981,25.0301,-8.25898,8.80968,48.1173
43421,3436,3574,3436,3266,3927,4514,4126,3573,5065,7670,5391,3905,4995,6677,5084,3930,12.997,-5.88131,8.64531,48.3793
43422,3322,3569,3651,3519,3617,4290,4535,3928,4099,6226,7661,4664,4039,5109,5725,4444,10.3758,3.02376,8.82962,48.2653
43423,3452,4316,7599,9751,3496,3998,5395,6364,3155,3470,3926,4104,3056,3203,3547,3387,-22.5887,18.2829,8.9595,48.146
43424,3371,3477,3850,3864,3309,3896,5155,4993,3555,4327,7425,7091,3581,4012,5130,5363,7.46066,14.5516,8.67551,48.266
43425,3088,3313,3768,3911,3301,3575,4484,5573,3475,3908,5892,9358,3338,3855,4828,6620,8.72672,23.1166,8.51087,48.1913
43426,3291,3514,3828,3977,3402,3962,5418,5212,3556,4418,7595,6748,3498,4021,5001,4888,6.14134,13.4609,8.68269,48.2193
43427,3542,4214,6932,8385,3431,4060,6015,6826,3233,3621,4080,4281,3019,3256,3511,3452,-17.7404,17.5089,8.60965,47.9053
43428,4538,7335,7499,4745,4159,5753,5712,4255,3672,3970,3955,3655,3255,3396,3379,3281,-19.792,0.213835,8.55312,48.3727
43429,3403,3944,5878,8765,3377,3925,5525,8557,3255,3553,4079,4582,3084,3336,3536,3656,-15.6654,22.9883,8.89227,48.3033
43430,3288,3354,3289,3225,3592,3760,3766,3538,4090,5167,5101,4120,4868,8353,7896,4631,24.8507,-0.532942,8.55105,48.0253
43431,3554,3410,3232,3066,4303,3894,3430,3159,7721,5161,3882,3454,10715,5894,3903,3273,19.5628,-26.3048,8.76247,48.034
43432,3220,3415,3442,3369,3665,4075,4196,3687,4276,5985,6373,4392,4409,6468,6942,4766,16.4136,1.30731,8.63502,48.4533
43433,3116,3164,3420,3377,3147,3429,3845,3924,3400,3705,4708,5993,3262,3873,6173,12620,31.2538,27.4297,8.95818,47.4373
43434,5552,4486,3664,3394,9642,5162,3796,3479,6644,4622,3671,3253,4219,3944,3377,3289,-4.84446,-31.4007,8.85867,48.1293
43435,4211,6042,8422,5640,3882,4896,6152,4599,3497,3678,3986,3765,3131,3286,3353,3333,-20.4571,5.67693,8.57152,47.9153
43436,4962,8725,8029,4661,4154,5087,4880,4080,3588,3701,3662,3534,3305,3259,3292,3238,-28.5345,-1.21276,8.94588,48.1047
43437,6612,4715,3825,3248,10037,5241,3792,3529,5780,4314,3615,3211,3929,3786,3299,3172,-8.73818,-30.9949,8.91078,48.07
43438,3472,3623,3519,3334,3986,4674,4079,3453,5147,8104,5471,3792,4899,6222,4669,3838,11.4451,-6.75568,8.63335,48.188
43439,3917,3730,3411,3124,6240,4478,3636,3277,9830,5386,3784,3356,6134,4663,3655,3339,6.64549,-27.1504,8.62362,47.9733
43440,7873,6829,4300,3364,7138,6178,4195,3408,4348,4193,3560,3292,3544,3533,3288,3123,-16.7263,-17.5176,8.7538,48.1107
43441,3229,3464,3721,3744,3304,3865,4583,4558,3523,4634,7528,6760,3551,4194,6030,5860,11.0447,13.2985,8.65165,48.3653
43442,3192,3282,3447,3464,3386,3812,4180,4027,3730,4530,6959,5475,3803,4912,7846,6038,17.0332,9.7357,8.67591,48.0553
43443,10745,5766,3883,3422,7858,4927,3757,3375,4241,3884,3540,3224,3450,3435,3231,3076,-19.0813,-28.3269,8.82967,47.876
43444,3524,3479,3108,3161,4397,3929,3441,3228,8226,5141,3991,3383,10204,5785,3906,3393,17.7817,-27.0517,8.79547,48.1973
43445,3219,3240,3330,3385,3337,3330,3852,3925,3379,3900,4940,5851,3558,4170,7236,10912,33.557,20.1934,8.56326,47.7093
43446,3314,3601,3901,3778,3555,4178,5231,4543,3792,5063,8106,5505,3523,4257,5421,4645,7.25306,8.74462,8.54848,48.2753
43447,3157,3169,3373,3300,3225,3506,3810,3858,3433,3898,4741,6506,3494,3954,5970,11966,24.3377,33.294,8.93723,47.5733
43448,3610,3602,3374,3219,4106,4362,3979,3629,5131,7757,5286,3911,4896,6669,4957,3791,12.8228,-6.0591,8.96802,48.186
43449,3351,3838,5782,9220,3338,3828,5236,8593,3236,3555,4131,4608,3211,3303,3554,3468,-15.969,25.5095,8.7315,48.168
43450,3558,4581,8340,9678,3506,4027,5157,5571,3250,3564,3840,4027,3122,3217,3366,3270,-27.0531,16.5952,8.82931,48.0493
43451,3241,3264,3493,3334,3395,3671,4031,3830,3833,4611,6403,5153,3854,5356,8578,5907,19.6074,8.34939,8.52684,47.9693
43452,3348,3715,4668,6155,3260,3813,5148,9775,3209,3707,4567,6148,3137,3359,3797,4010,-6.99274,31.4159,8.69475,47.8773
43453,3500,3410,3187,3086,3918,3823,3554,3236,5657,5114,3908,3535,10682,7612,4178,3434,30.0412,-19.2258,8.52929,47.8893
43454,3461,3286,3238,3193,4094,3768,3368,3225,6701,4862,3804,3351,11879,6301,3924,3333,23.9025,-25.9269,8.69174,47.8587
43455,3455,3942,6114,12742,3409,3651,4782,5813,3370,3384,3596,3820,3136,3173,3207,3379,-29.723,32.7721,8.88383,47.3153
43456,3501,4332,7290,9321,3372,4029,5614,6601,3164,3557,3933,4146,3054,3212,3451,3469,-20.3732,18.3497,8.99927,48.0307
43457,3261,3708,4637,6200,3305,3832,5518,9913,3278,3594,4598,6082,3106,3421,3924,4039,-7.22153,26.4564,8.97318,48.2773
43458,5737,4459,3699,3243,9683,5266,3739,3420,6385,4454,3704,3266,4045,3906,3490,3255,-5.61606,-31.3357,8.69393,47.834
43459,3238,3524,4179,4730,3356,3896,5124,8161,3398,3784,5053,8286,3258,3649,4154,4840,-0.0994244,24.0473,8.78623,48.42
43460,3343,3370,3185,3142,3970,3803,3385,3271,7004,4900,3671,3478,11747,5785,3834,3472,22.164,-31.0211,8.93534,47.5733
43461,3398,3441,3471,3293,3745,4161,4065,3713,4282,6534,6166,4192,4524,6471,6233,4335,15.3451,-1.01452,8.97,48.016
43462,3393,4040,6376,12463,3458,3717,4867,6127,3273,3431,3727,3941,3064,3301,3323,3441,-27.9824,26.2,8.58938,47.9613
43463,6798,4894,3687,3322,9792,5339,3763,3423,5441,4350,3644,3300,3854,3779,3330,3174,-9.28702,-33.095,8.74249,47.9267
43464,3170,3446,3860,3927,3388,3872,4887,5065,3494,4353,7311,7515,3509,3926,5205,5493,7.61775,15.7762,8.77177,48.2807
43465,11442,5927,3944,3341,7283,5057,3790,3359,4124,3828,3519,3190,3470,3349,3203,3194,-21.3954,-30.79,8.70495,48.0133
43466,3284,3526,4350,4916,3302,3950,5970,7822,3361,3857,5483,6747,3283,3646,4190,4457,-1.86377,19.7485,8.72195,48.096
43467,10401,6341,3991,3392,7438,5214,3803,3445,4179,3832,3577,3205,3390,3396,3377,3032,-19.7365,-23.6919,8.68696,48.0087
43468,3068,3243,3331,3497,3164,3533,4091,4193,3428,3870,5175,6896,3471,4116,6677,10410,21.404,22.0533,8.50907,48.1087
43469,3154,3321,3315,3339,3351,3505,3798,3818,3603,4186,5141,5072,3630,4992,9675,8001,31.092,12.3692,8.8322,47.934
43470,12120,6498,4012,3358,6206,4873,3879,3439,4018,3876,3514,3220,3325,3371,3212,2975,-27.0691,-23.9612,8.65453,47.9307
43471,3363,3313,3358,3194,3668,3891,3580,3499,4759,5192,4445,3787,6299,9728,5961,3910,32.2228,-7.23021,8.61855,47.9647
43472,3334,3857,5208,5835,3491,4208,6675,8375,3210,3762,4635,5408,3231,3446,3859,3822,-8.29004,18.3208,8.86301,48.2373
43473,3490,3525,3299,3131,3813,3924,3742,3392,5427,6245,4379,3714,6653,8626,5083,3771,20.0815,-10.5246,8.55689,48.1427
43474,3333,3340,3242,3140,3755,3923,3663,3436,5219,5486,4285,3610,7616,9562,5061,3640,25.1493,-11.9156,8.85306,48.2073
43475,3397,3430,3334,3093,3819,3834,3662,3320,5223,5381,4224,3552,7812,9217,4816,3511,33.6679,-12.7894,8.55148,47.75
43476,3341,3542,3654,3318,3590,4180,4381,3932,4041,5817,7252,4781,4170,5413,6354,4677,13.0936,3.56618,8.54298,48.2953
43477,4499,7319,9076,5302,3925,4859,5058,4415,3435,3615,3855,3575,3308,3300,3465,3409,-29.3991,2.77438,8.65555,48.2767
43478,3187,3317,3667,3823,3238,3603,4386,5106,3386,3979,6025,8872,3379,3961,5326,6927,11.0558,20.7159,8.87585,48.1213
43479,3383,3428,3177,3125,3882,3830,3534,3241,5398,5142,4036,3561,8835,8942,4672,3480,28.6613,-15.0324,8.95077,47.7773
43480,3061,3298,3416,3292,3386,3573,3996,4076,3548,4210,6113,6246,3661,4520,7743,8006,19.4873,14.9647,8.78246,48.0967
43481,3392,3982,5889,11876,3383,3900,4981,6498,3301,3488,3735,3896,3135,3160,3443,3366,-23.9025,33.7342,8.53316,47.6167
43482,3450,3834,5730,9984,3466,3878,5194,8188,3276,3500,3907,4405,3194,3267,3436,3516,-17.5342,26.6683,8.66206,48.15
43483,3533,3938,5268,8455,3448,3750,5210,9096,3287,3522,3980,4643,3092,3343,3550,3687,-13.977,32.0693,8.99911,47.868
43484,3343,3790,5041,5686,3427,4105,6890,8052,3311,3762,4954,5442,3231,3432,3809,3886,-7.33858,17.467,8.97371,48.1073
43485,3433,3366,3314,3116,3939,3813,3508,3309,5910,5204,3951,3436,9628,8112,4293,3459,25.5555,-17.3992,8.51591,47.8607
43486,3669,4626,7976,7443,3620,4216,6371,6087,3402,3624,4103,4018,3168,3154,3507,3454,-18.6012,13.934,8.93158,48.292
43487,6889,7193,4425,3671,6557,6731,4455,3563,4242,4272,3679,3306,3476,3545,3233,3129,-15.7945,-14.022,8.92221,48.244
43488,4604,7723,8714,5122,4135,5028,5204,4171,3578,3745,3811,3532,3199,3342,3324,3178,-25.1482,1.64938,8.67976,48.2733
43489,3370,3349,3369,3226,3634,3880,3688,3552,4438,5787,5104,3955,5251,8428,6675,4394,21.4837,-3.51376,8.88855,48.0667
43490,3353,3562,3513,3447,3609,4221,4723,4007,4089,5921,7743,4750,3908,4944,5637,4552,9.75223,3.97943,8.73074,47.986
43491,3511,3487,3308,3054,4621,4204,3589,3243,8669,5288,3865,3316,9454,5635,3783,3361,16.2103,-27.4643,8.51684,48.2587
43492,6404,9631,5743,3977,4799,5826,4448,3709,3772,3932,3606,3449,3262,3330,3307,3124,-23.5856,-8.16577,8.89557,48.2127
43493,3366,3377,3389,2952,3989,3734,3446,3214,6322,5022,3785,3514,11664,6898,4005,3405,25.7664,-22.6483,8.89305,48.0547
43494,3079,3173,3383,3519,3160,3484,3819,3971,3470,3787,4957,6374,3435,4035,6546,11863,25.2765,25.3845,8.6304,48.0367
43495,4017,5558,8023,5639,3891,5050,6764,5072,3497,3803,4073,3911,3223,3309,3417,3429,-17.5748,6.54912,8.60509,48.4507
43496,3387,3720,5134,7767,3439,3888,5234,9644,3271,3658,4243,5259,3163,3432,3657,3685,-11.5353,28.8805,8.62937,48.3873
43497,3119,3289,3296,3448,3226,3459,3810,3949,3354,3636,4873,6366,3366,3935,6392,12242,26.7679,25.4485,8.87655,47.84
43498,4187,5370,6039,4559,4201,6212,7327,4657,3748,4209,4518,3897,3285,3524,3637,3372,-11.7952,2.00963,8.64468,48.4947
43499,3268,3583,4398,5026,3374,3986,5676,8059,3339,3804,5233,7120,3173,3534,4190,4535,-1.87814,20.9625,8.70354,48.1987
43500,3450,3389,3235,3197,3917,3741,3460,3287,6157,4617,3757,3495,12338,6045,4008,3453,28.7217,-28.2376,8.50983,47.6973
43501,3309,3883,4817,7018,3269,3817,5245,10093,3210,3533,4347,5514,3099,3486,3687,3829,-9.8551,28.6556,8.78593,48.104
43502,3216,3460,3814,4233,3342,3568,4579,6836,3246,3782,5211,9643,3285,3683,4510,5899,5.04398,27.8188,8.94905,48.2047
43503,3168,3553,4060,4603,3362,3787,5079,7722,3241,3732,5234,8566,3170,3676,4289,5031,1.43668,25.4476,8.66981,48.182
43504,3238,3479,3923,4182,3351,3720,4785,6653,3283,3747,5180,9474,3410,3625,4634,5580,4.72871,33.8369,8.53132,48.176
43505,3657,3962,4074,3709,3918,5399,6216,4360,4016,5691,6560,4451,3660,4056,4401,3971,0.992378,2.55593,8.61053,48.0673
43506,4087,4369,3789,3405,5113,6923,4544,3713,5092,6945,4759,3641,4157,4306,3859,3508,0.0715931,-8.1001,8.82162,48.14
43507,3258,3652,4285,5213,3349,3733,5252,8940,3400,3711,4904,7401,3232,3465,4084,4438,-2.60149,24.812,8.96755,48.2113
43508,3113,3242,3301,3425,3263,3486,3934,3964,3445,3834,4947,6121,3493,4239,7081,11161,26.5392,21.3592,8.68425,48.0327
43509,3226,3533,3774,4192,3370,3700,4890,6452,3439,3820,5847,9111,3321,3748,4612,5621,5.19584,22.3007,8.81891,48.4373
43510,3515,3830,3887,3647,3683,4735,5779,4343,3930,5711,7498,4832,3751,4340,4726,4063,4.44888,4.33417,8.84269,48.18
43511,3759,3541,3269,3020,5013,4171,3481,3254,9427,5338,3858,3387,8160,5400,3873,3319,13.0866,-26.336,8.82356,48.18
43512,3093,3222,3364,3419,3318,3597,3854,3995,3440,4093,5771,6032,3580,4525,8315,8644,21.6102,15.7708,8.96316,48.1747
43513,4887,4316,3451,3178,8104,5324,3820,3337,7656,5218,3774,3412,4702,4220,3529,3227,-0.549355,-22.8954,8.70863,48.1033
43514,3285,3912,5614,8319,3360,3828,5567,8801,3269,3633,4238,4810,2995,3339,3582,3690,-13.7783,23.6107,8.7023,48.1613
43515,3143,3322,3620,3641,3290,3609,4103,4942,3426,3815,5282,9333,3292,3752,5468,8160,13.4345,25.6115,8.63148,48.132
43516,3712,4819,7403,6507,3611,4587,6954,5869,3350,3727,4232,4165,3127,3420,3419,3508,-16.1765,11.4732,8.76895,48.2733
43517,3183,3355,3834,4073,3291,3631,4583,5853,3453,3980,5863,9447,3262,3811,4779,6007,7.10653,22.4702,8.73368,48.27
43518,4005,6509,9893,5578,3987,4433,5061,4405,3357,3695,3740,3731,3252,3373,3379,3281,-32.7061,5.41755,8.91603,47.786
43519,3655,4335,6039,5566,3617,4497,7920,6481,3430,3855,4707,4512,3212,3478,3742,3677,-10.9042,12.1621,8.8422,48.482
43520,3349,3880,5405,8994,3499,3878,5066,8773,3346,3519,4075,4684,3133,3298,3450,3671,-15.1068,30.518,8.69879,48.0133
43521,3387,3381,3310,3160,4232,3780,3448,3106,7400,4796,3878,3301,11187,5835,3904,3312,20.6262,-30.9577,8.82653,47.6113
43522,3294,3456,3564,3646,3328,3786,4777,4818,3561,4203,7578,7148,3539,4174,5518,5741,9.43384,14.7781,8.86857,48.0873
43523,4778,4324,3741,3339,7416,6218,3991,3410,6645,5665,3968,3447,4416,4072,3505,3249,-2.03071,-18.0131,8.61558,48.1227
43524,12742,6063,3812,3392,5980,4781,3697,3355,3946,3623,3470,3136,3363,3330,3216,3192,-32.2116,-28.2449,8.93455,47.3987
43525,3180,3663,4470,5267,3207,3768,5001,9301,3387,3673,4691,7211,3206,3506,3933,4420,-3.48782,31.8986,8.93285,47.9227
43526,7345,8007,4521,3572,6075,6537,4260,3659,4127,4061,3637,3401,3332,3496,3349,3105,-18.2213,-13.5977,8.97979,48.3227
43527,3311,4015,5237,6105,3542,4115,6764,8260,3323,3595,4692,5264,3182,3484,3781,3814,-8.58196,18.5832,8.80732,48.3227
43528,3277,3484,3896,4350,3290,3644,4675,7211,3352,3744,5081,9171,3335,3603,4508,5335,3.63662,30.0797,8.63564,47.9707
43529,3124,3258,3341,3253,3462,3757,3864,3704,3746,4365,5197,4683,3991,5937,10149,6346,30.1943,7.78415,8.97856,48.118
43530,3718,4075,4038,3707,4232,6041,5729,4110,4209,6333,6203,4166,3763,4272,4204,3943,0.963728,-0.351708,8.98727,48.4953
43531,4124,3837,3497,3189,6324,4837,3843,3310,9147,5674,3933,3438,5639,4667,3848,3220,5.93782,-22.2239,8.57948,48.3513
43532,3634,3577,3423,3068,4535,4459,3882,3369,6519,7391,4499,3597,6022,6521,4304,3571,12.9904,-13.0066,8.67752,48.2473
43533,3195,3759,4280,4356,3437,4045,6207,6715,3517,4116,6098,6695,3352,3644,4321,4670,0.0136854,16.1378,8.93333,48.2713
43534,4649,5172,4041,3576,5644,8057,4960,3771,4656,5464,4213,3581,3739,3965,3681,3227,-6.48163,-9.08868,8.71851,48.264
43535,4529,6811,6940,4674,4195,6036,6012,4227,3593,3979,3890,3697,3340,3477,3499,3300,-17.6078,-0.0461915,8.68513,48.1327
43536,3215,3621,4737,6107,3323,3705,5439,9716,3223,3710,4504,6365,3173,3439,3679,4116,-6.49518,26.2171,8.91581,48.048
43537,3414,3507,3227,3122,4031,4083,3657,3291,5541,6245,4220,3669,7222,8883,4879,3698,20.7069,-12.3271,8.87389,48.4593
43538,3236,3486,3529,3291,3399,3861,4124,3885,3889,4922,6760,4958,3889,5568,7827,5440,17.3317,6.57353,8.56505,48.0427
43539,3533,4515,7735,8458,3534,4113,5787,6161,3300,3575,4084,4160,3092,3173,3499,3512,-19.9938,16.1192,8.65842,48.154
43540,3401,3307,3301,3056,4127,3809,3491,3249,6910,4999,3830,3357,11492,6255,3909,3382,22.2459,-25.1126,8.85736,47.9167
43541,3226,3260,3290,3363,3230,3344,3674,3874,3325,3713,4765,5988,3274,4086,6265,12838,29.8318,26.8522,8.84072,47.6767
43542,3099,3269,3622,3679,3272,3531,4239,4957,3382,3829,5828,9287,3318,3886,5252,7618,12.1769,23.0407,8.60646,48.0453
43543,3131,3248,3437,3419,3262,3540,3886,4340,3419,3847,5067,7783,3389,3937,5617,10338,18.2485,32.0832,8.55896,47.7733
43544,3060,3288,3331,3432,3187,3511,3929,3898,3292,3919,5273,6007,3418,4313,7714,10349,23.9428,18.8394,8.92176,47.9473
43545,3818,4462,4696,4077,4198,6139,7359,4571,3871,4893,5407,4219,3474,3722,3827,3611,-4.64173,2.78201,8.55145,48.2293
43546,8724,9092,4802,3662,5182,5183,4151,3566,3716,3846,3586,3251,3392,3470,3301,3185,-28.7367,-14.4042,8.88214,48.0727
43547,3372,4064,6867,11560,3392,3941,4911,6072,3240,3509,3913,4031,3069,3169,3492,3322,-26.6582,23.2182,8.51771,47.9493
43548,3653,3466,3340,3051,4622,4184,3589,3278,8034,6256,4076,3439,7658,6067,4121,3378,14.0129,-19.0831,8.91052,48.1413
43549,3758,3812,3363,3062,4870,4538,3755,3355,7863,6819,4124,3337,6402,5600,4003,3491,10.5719,-17.4117,8.65217,48.1013
43550,4546,4451,3723,3254,6609,6471,4076,3541,6401,6164,4065,3480,4480,4302,3636,3259,-0.643953,-15.6719,8.83686,48.3053
43551,4915,8440,8041,4840,4189,5022,4998,4111,3557,3796,3686,3544,3293,3426,3243,3249,-28.3153,-0.373257,8.64478,48.2333
43552,3513,4633,8584,9546,3523,4009,5135,5527,3290,3513,3817,3871,3077,3303,3441,3303,-27.9584,15.9862,8.83304,48.0567
43553,3286,3763,4517,5032,3537,3998,6210,7975,3269,3785,5336,6350,3152,3621,4142,4331,-3.3803,18.8942,8.86255,48.2027
43554,6701,10058,5663,3778,4735,5302,4308,3736,3771,3767,3593,3277,3314,3433,3272,3198,-28.6817,-8.64268,8.74579,47.9373
43555,3189,3657,4394,4950,3461,3734,5012,8762,3300,3714,4846,7721,3212,3524,4095,4564,-1.6835,27.5432,8.79128,48.09
43556,3247,3740,4991,7267,3357,3695,5382,9851,3227,3602,4243,5335,3194,3388,3719,3694,-10.5548,26.8089,8.95518,47.9547
43557,3317,3383,3518,3442,3710,4127,4254,3905,4114,6179,7185,4607,4156,5541,6384,4645,13.4423,2.14048,8.81288,48.3113
43558,3012,3236,3505,3594,3142,3462,4115,4670,3438,3760,5329,9078,3352,3746,5432,8961,14.8888,27.3769,8.91007,47.888
43559,3294,3259,3262,3104,3898,3763,3509,3204,6044,4763,3757,3358,12848,5877,3884,3342,30.3426,-29.4417,8.87421,47.444
43560,4297,4500,3899,3459,5348,7283,4739,3593,4963,6390,4470,3646,4046,4154,3829,3447,-1.74928,-9.3311,8.54799,48.042
43561,4176,6293,9751,6048,3737,4496,5312,4676,3479,3560,3729,3833,3176,3312,3399,3292,-28.6791,6.59436,8.74097,48.1793
43562,3678,4208,5638,5274,3603,4585,7724,6551,3427,3929,4864,4663,3132,3432,3771,3717,-8.90274,12.1779,8.60597,48.1307
43563,3449,3544,3368,3250,4109,4455,3903,3377,5593,7735,4987,3690,5429,6896,4760,3768,13.6105,-9.00074,8.59852,48.2087
43564,3989,5251,6828,5200,3866,5358,7439,5000,3546,3940,4401,3935,3271,3324,3671,3443,-14.1457,5.95261,8.5746,48.308
43565,3198,3320,3796,3955,3305,3651,4644,5729,3411,3953,6037,9393,3333,3707,4870,6090,7.87899,21.8181,8.72831,48.2613
43566,3856,5790,9210,6495,3766,4609,5765,4852,3449,3674,3975,3700,3256,3389,3413,3395,-22.905,7.95548,8.53951,48.396
43567,3798,3954,3760,3429,4417,5876,4734,3796,4928,7677,5481,3844,4131,4860,4274,3643,3.91585,-5.47162,8.66321,48.4013
43568,4212,6277,8480,5345,3954,5098,6041,4572,3523,3699,3970,3759,3234,3303,3358,3293,-20.5335,4.73427,8.81645,48.0787
43569,4631,4587,3878,3448,5823,7572,4552,3591,5045,6141,4224,3564,3954,4140,3577,3326,-3.33744,-11.0874,8.57672,48.0353
43570,3286,3461,3177,3158,3869,3776,3375,3330,6530,4799,3822,3371,12243,5902,3955,3419,24.2501,-33.9991,8.73951,47.6487
43571,3648,3584,3279,3086,4761,4140,3567,3274,8707,5543,3889,3443,8126,5618,4046,3314,14.2314,-22.8598,8.7175,48.0167
43572,10727,7636,4187,3354,5762,5009,3936,3458,4030,3763,3483,3290,3338,3369,3157,3232,-33.3651,-19.2592,8.79949,47.8207
43573,3218,3401,3586,3468,3448,3699,4352,4189,3529,4514,7038,6188,3656,4667,7085,6351,15.2609,12.2319,8.8557,48.2593
43574,3141,3274,3495,3576,3160,3479,3968,4502,3401,3912,5147,8207,3370,3980,5706,9614,17.176,26.0044,8.6419,47.9547
43575,3028,3226,3499,3389,3254,3592,3938,4193,3384,3836,5195,7427,3324,3936,6313,10537,19.9216,23.906,8.88357,48.0473
43576,3340,3811,5340,8239,3399,3850,5198,9447,3264,3585,4176,4805,3105,3343,3558,3564,-13.2839,29.8498,8.57619,48.016
43577,3196,3232,3394,3416,3265,3517,3857,4025,3373,3858,4978,6368,3395,4092,7052,11160,24.2133,21.6286,8.84135,48.1187
43578,3131,3264,3490,3541,3216,3429,3987,4274,3437,3896,4996,7820,3359,3804,5650,10668,19.2211,27.7913,8.60411,47.9747
43579,3558,3764,3789,3556,3887,4891,5198,4031,4137,6606,7053,4486,3936,4676,4757,4028,5.55741,0.950672,8.86435,48.2353
43580,3299,3346,3274,3159,3916,3818,3443,3300,6321,4785,3832,3461,12396,6012,3997,3333,26.0699,-33.6249,8.50065,47.7947
43581,4478,4143,3676,3219,6785,5405,3915,3377,7624,6029,3964,3347,4904,4322,3731,3277,2.01436,-19.0344,8.78812,48.1307
43582,3195,3405,3364,3350,3419,3643,3797,3721,3886,4533,5121,4588,4095,6356,9734,5935,29.341,5.66909,8.52883,48.0947
43583,5917,7658,4853,3724,5571,7214,4774,3641,4040,4122,3737,3468,3419,3483,3324,3204,-15.7804,-9.92338,8.83746,48.0993
43584,3984,5562,8346,5523,3806,4974,6641,4962,3498,3775,4145,3745,3218,3369,3481,3455,-18.4459,6.71335,8.71156,48.3227
43585,3266,3497,3942,3956,3479,4214,6007,5079,3612,4576,7703,6026,3472,3956,4890,4559,3.98178,10.8774,8.97745,48.156
43586,3912,3930,3509,3237,5142,5055,3748,3403,7321,7370,4238,3544,5466,5254,4019,3459,7.13231,-14.9406,8.92297,48.4047
43587,4226,5700,6821,4719,4201,5807,6732,4713,3656,4150,4267,3784,3403,3520,3434,3288,-14.7543,2.90142,8.62886,48.2807
43588,3356,3427,3132,3167,3980,3812,3483,3252,5525,5180,3986,3425,9264,8741,4528,3423,33.2751,-15.8688,8.82593,47.7873
43589,4521,4640,3847,3557,5720,7415,4425,3616,5297,6410,4247,3601,3926,4286,3733,3327,-1.77749,-11.2338,8.87454,48.3787
43590,3153,3339,3525,3457,3328,3590,4100,4179,3524,4250,6235,6479,3485,4543,7447,7878,17.9128,15.4313,8.61527,48.3413
43591,3465,3403,3274,3019,3960,3791,3454,3241,6218,4832,3881,3342,12234,6378,3962,3344,26.4472,-25.2329,8.74897,47.8653
43592,3177,3581,3986,4688,3358,3716,4982,8036,3359,3780,5054,8340,3148,3524,4204,4862,0.728301,26.2046,8.95063,47.8633
43593,4509,7698,8555,4881,4109,5076,5218,4222,3422,3715,3754,3588,3206,3350,3447,3235,-25.5397,1.50268,8.69926,47.99
43594,3748,5465,9683,6984,3635,4372,5294,4935,3307,3627,3817,3725,3213,3355,3324,3305,-27.47,9.96509,8.54668,47.8593
43595,3267,3705,4687,6233,3457,3797,5278,9864,3423,3643,4510,6090,3236,3377,3835,4081,-6.99121,27.2421,8.76484,48.322
43596,3365,3981,5673,8023,3402,3916,5723,8752,3310,3545,4148,4776,3096,3192,3599,3595,-13.8192,21.8505,8.86825,48.064
43597,5367,9102,6836,4239,4478,5649,4914,3929,3780,3775,3761,3436,3374,3439,3414,3079,-22.7583,-3.87982,8.98962,48.3813
43598,3889,3588,3328,3245,5580,4215,3542,3261,9962,5460,3825,3342,6988,4882,3657,3303,9.66575,-26.9807,8.99703,48.0447
43599,3617,4885,9364,7955,3596,4197,5271,5261,3453,3644,3862,3899,3150,3264,3392,3429,-33.5814,12.4858,8.72743,48.1593
43600,2937,3194,3538,3513,3226,3504,3968,4587,3408,3863,5377,9072,3417,3849,5403,8920,15.0396,27.9052,8.63342,47.8507
43601,5223,9121,7415,4382,4369,5055,4834,4018,3659,3794,3625,3433,3209,3333,3337,3251,-31.5685,-2.64632,8.76378,48.0387
43602,4534,7889,8218,4747,4083,5176,5369,4210,3494,3828,3781,3587,3246,3398,3354,3264,-23.4736,0.626767,8.81508,48.1187
43603,3616,3492,3362,3007,4862,4146,3530,3283,9068,5553,3944,3316,8152,5422,3805,3391,13.6343,-24.4419,8.69799,47.966
43604,3288,3362,3356,3200,3672,3892,3831,3579,4396,5757,5107,4017,5161,8400,6983,4298,21.7426,-2.90971,8.63139,48.1993
43605,3096,3298,3512,3669,3267,3533,4309,4731,3548,3949,6041,8077,3291,3957,5944,7785,14.3182,19.5657,8.9554,48.0047
43606,3476,3681,3567,3374,3940,4683,4329,3676,4909,7852,5930,4101,4538,5803,4979,3968,10.2878,-3.98593,8.9065,48.5373
43607,3227,3692,4408,5230,3383,3784,5346,8997,3365,3774,4882,7008,3224,3415,3996,4411,-3.34957,25.026,8.61094,48.0947
43608,3330,3513,3222,3184,3765,3699,3547,3229,5062,5324,4245,3541,7939,9557,5113,3661,30.075,-12.2071,8.63855,47.954
43609,3163,3213,3279,3362,3204,3412,3819,3827,3316,3807,4757,5991,3431,3896,5950,12750,29.7416,30.2286,8.98466,47.4513
43610,3545,3661,3455,3247,4169,4464,3842,3466,5332,7824,5026,3892,5252,6510,4731,3884,12.6334,-8.29148,8.54029,48.2
43611,6226,5587,4014,3488,7626,7081,4312,3495,4750,4583,3796,3423,3722,3576,3362,3162,-10.8021,-16.5441,8.78671,48.1353
43612,3341,4033,5118,5609,3499,4171,6899,7870,3203,3720,4866,5261,3268,3373,3910,3896,-7.76035,17.1313,8.57125,48.0247
43613,5495,9255,6975,4229,4407,5283,4745,4082,3739,3848,3548,3554,3245,3441,3356,3173,-25.6388,-3.94098,8.71112,48.25
43614,3411,3991,5824,10415,3349,3908,5066,7900,3173,3493,3842,4208,3306,3257,3408,3383,-18.3199,33.1655,8.80949,47.956
43615,12412,5843,3890,3451,5896,4595,3768,3479,3951,3748,3367,3287,3399,3348,3291,3207,-32.7798,-31.7313,8.54381,47.288
43616,3895,5140,7138,5176,3834,5153,7515,5092,3538,4002,4347,3895,3313,3395,3488,3458,-14.4209,6.71812,8.89269,48.2527
43617,3473,3825,6032,12265,3405,3719,4699,6441,3164,3480,3748,3934,3121,3206,3384,3439,-25.538,30.5177,8.56552,47.5567
43618,4135,5652,6532,4712,3981,5895,7100,4592,3650,4222,4430,3759,3308,3499,3508,3395,-13.7053,2.89427,8.69098,48.2467
43619,5535,5240,3968,3410,7550,7379,4335,3433,5227,4966,3786,3491,3844,3896,3286,3115,-7.69971,-15.6712,8.95384,48.3073
43620,4504,4263,3623,3245,6751,5729,4056,3405,7091,6129,4020,3441,4728,4418,3653,3268,1.04308,-17.4929,8.56651,48.216
43621,3222,3485,4063,4533,3260,3663,4913,7801,3310,3804,5082,8831,3259,3529,4148,5020,1.31439,27.8559,8.78257,47.9487
43622,3417,3972,5703,7706,3411,3985,5893,8494,3124,3644,4267,4755,3104,3403,3570,3650,-13.6336,21.0204,8.71104,48.0653
43623,3337,3370,3209,3143,3968,3690,3538,3199,5945,4895,3929,3278,11713,7156,4222,3389,28.6669,-21.8663,8.8903,47.9873
43624,3416,3357,3271,3191,3951,3712,3459,3239,5960,4814,3944,3285,12551,6093,3876,3339,30.6772,-27.9668,8.74386,47.6387
43625,3345,3441,3482,3200,3632,4130,3904,3651,4410,6534,5664,4057,4800,7413,6490,4313,17.7173,-2.33372,8.80341,48.3107
43626,3118,3159,3374,3368,3085,3572,3977,4063,3483,4056,5296,6194,3392,4341,7548,9793,22.3774,18.5458,8.90229,47.8793
43627,3283,3393,3388,3260,3544,3773,3647,3487,4165,4932,4959,4094,4809,8622,7894,4690,31.3248,-0.970733,8.77322,47.96
43628,6635,5797,4123,3409,7934,6675,4055,3498,4746,4367,3687,3347,3694,3718,3359,3151,-11.7917,-17.4518,8.5466,48.13
43629,3570,3601,3377,3171,4383,4439,3728,3339,6750,7229,4334,3461,6446,6561,4234,3535,13.41,-14.1883,8.98085,48.1053
43630,3179,3418,3502,3855,3215,3594,4264,5058,3445,3925,5432,9190,3381,3794,5155,7439,11.6247,23.9123,8.64177,47.8973
43631,3253,3479,3883,3892,3486,3992,5284,4884,3572,4727,7928,6286,3558,4023,5126,4906,6.63984,11.4954,8.86317,48.186
43632,6465,5022,3836,3363,9959,5309,3798,3472,5646,4470,3658,3349,3946,3698,3307,3172,-8.66906,-33.6709,8.5794,48.3133
43633,5129,4276,3609,3222,8983,4992,3696,3326,7493,4835,3738,3320,4441,4011,3552,3281,-2.35239,-29.863,8.88101,47.936
43634,3039,3295,3524,3659,3247,3622,4165,4674,3388,3891,5759,8337,3463,3988,5870,8129,14.3938,21.227,8.62625,48.0333
43635,3435,4146,6456,8044,3403,4150,6149,7319,3222,3560,4223,4374,3126,3347,3461,3535,-15.9828,18.2847,8.95297,47.9667
43636,3114,3317,3380,3285,3476,3718,3862,3669,3822,4525,5237,4766,4122,6355,9582,5808,28.4872,5.97663,8.50944,48.0253
43637,3662,3579,3292,3155,4938,4354,3501,3209,8789,5932,3967,3405,7467,5508,3942,3294,12.3522,-21.1411,8.67503,47.996
43638,3146,3291,3494,3623,3195,3610,4145,4678,3307,3843,5233,9222,3435,3759,5245,8578,14.1565,32.1606,8.86858,47.8693
43639,3317,3813,5931,12739,3273,3785,4834,5966,3206,3387,3796,3982,3249,3251,3391,3489,-32.843,27.5992,8.8589,47.606
43640,4563,6152,5290,4052,4433,7180,6287,4125,3815,4455,4153,3630,3435,3507,3539,3288,-12.2535,-2.34713,8.58501,47.936
43641,3561,4385,6442,5895,3701,4606,7623,6180,3353,3751,4409,4353,3163,3426,3458,3667,-12.8402,11.8932,8.60667,47.982
43642,3262,3390,3398,3306,3587,3756,3706,3499,3948,5040,5184,4122,4677,8072,8406,4939,24.4926,0.49901,8.94639,48.1947
43643,3081,3158,3424,3415,3233,3500,3888,3944,3583,4161,5434,5772,3620,4594,8500,8847,23.2108,15.6606,8.50975,48.1027
43644,3422,3793,4745,6001,3372,3939,5469,9394,3183,3713,4598,6019,3159,3523,3825,4072,-6.55793,24.0934,8.53915,48.1513
43645,3255,3358,3377,3107,3717,3790,3693,3442,4765,5899,4580,3736,6189,9365,5795,3953,22.8863,-7.73541,8.76467,48.014
43646,4049,3822,3462,3165,5883,4874,3676,3284,8908,6067,3854,3375,5844,4783,3739,3428,6.79588,-21.3626,8.59565,48.142
43647,4844,4745,3942,3420,6888,6999,4205,3495,5834,5636,4031,3451,4173,4064,3577,3347,-3.57798,-14.8141,8.74775,48.434
43648,3395,3348,3327,3173,3875,3753,3450,3257,6007,4662,3777,3356,12598,5908,3842,3371,32.659,-30.6661,8.67142,47.3993
43649,3663,3632,3266,3169,4899,4032,3512,3272,9113,5375,3856,3443,8302,5381,3887,3344,13.5879,-27.3439,8.6415,48.0973
43650,5313,6421,4682,3848,5602,7839,5040,3801,4146,4566,3914,3504,3539,3591,3377,3293,-12.0828,-8.81449,8.84193,48.3173
43651,12627,5914,3920,3418,6342,4803,3780,3338,3915,3752,3397,3246,3386,3374,3218,3052,-25.7474,-32.972,8.94707,47.6547
43652,3170,3304,3506,3573,3210,3648,4228,4555,3466,3972,6175,7685,3387,4028,6424,7926,15.6196,18.684,8.99955,48.1713
43653,4083,5460,7714,5280,3984,5232,6849,4890,3509,3793,4105,3855,3234,3382,3457,3405,-17.1938,5.75727,8.71401,48.1547
43654,3166,3247,3399,3313,3281,3477,3916,4020,3536,4244,5807,5521,3717,4942,9181,7307,21.7389,12.259,8.96117,48.0493
43655,3313,3380,3135,3310,3776,3922,3711,3391,4737,6087,5026,3980,5390,8598,6153,4184,20.5865,-4.88828,8.79049,48.062
43656,3475,3537,3245,3097,4444,4023,3412,3229,7944,4991,3834,3373,10231,5914,3995,3319,18.5884,-25.7487,8.61141,48.042
43657,5063,5266,4136,3469,6510,7936,4512,3705,4886,5220,4004,3381,3820,3841,3453,3304,-6.77731,-12.4772,8.89496,48.3373
43658,3528,3631,3526,3166,4329,4456,3796,3425,6059,7715,4445,3676,5873,6621,4541,3574,13.124,-11.5096,8.96402,48.2407
43659,3420,3432,3254,3076,4373,3998,3479,3220,8198,5051,3901,3396,9950,5588,3990,3376,17.4716,-28.274,8.77317,47.8013
43660,3163,3387,3623,3733,3314,3669,4599,5060,3346,4135,6433,8515,3451,4023,5389,6525,10.4565,19.5329,8.6525,48.2433
43661,4578,4065,3456,3265,7260,5001,3673,3395,8807,5310,3905,3252,5200,4224,3608,3289,2.39984,-23.7624,8.91897,48.192
43662,5683,4686,3621,3165,9554,5256,3793,3346,6759,4671,3728,3297,4188,3876,3435,3241,-5.36101,-26.742,8.50217,48.1993
43663,3165,3227,3403,3335,3273,3567,3810,3820,3559,4067,5262,5349,3700,5009,9582,8102,29.6974,12.7189,8.59084,48.1533
43664,3400,3371,3430,3409,3728,4254,4082,3614,4540,6587,6085,4068,4777,6710,6035,4283,15.2643,-2.15796,8.62086,48.2487
43665,3302,3730,4551,5665,3344,3803,5280,9253,3331,3679,4722,6809,3243,3507,3814,4356,-4.38394,27.1893,8.53558,48.2593
43666,3276,3651,4450,5565,3307,3810,5124,9418,3370,3618,4720,6904,3129,3466,3965,4241,-4.18048,30.2712,8.79652,48.0093
43667,4732,7648,7127,4518,4328,5864,5475,4244,3646,3829,3936,3550,3336,3428,3421,3307,-19.6943,-1.0381,8.71849,48.2593
43668,5351,4684,3729,3333,8754,5802,3837,3453,6595,4961,3797,3352,4279,3967,3538,3227,-4.01137,-22.1004,8.64264,48.4393
43669,4197,4071,3556,3268,6010,5595,3934,3295,7243,6606,4101,3505,5025,4628,3737,3300,3.12169,-16.4357,8.96196,48.0473
43670,3436,3853,6216,11945,3365,3787,4870,6835,3276,3424,3833,4146,3064,3229,3392,3407,-23.1343,26.0627,8.84993,48.052
43671,3880,5616,8857,5836,3737,4821,6362,4967,3498,3711,4029,3736,3302,3376,3468,3346,-20.5081,7.07807,8.77903,48.3613
43672,3761,3950,3656,3312,4557,5571,4204,3505,5693,8080,4879,3541,4771,5088,4157,3553,5.68429,-9.31898,8.64455,48.1853
43673,3849,3713,3319,3176,5439,4341,3655,3310,9852,5445,3833,3388,6879,4899,3759,3250,9.77391,-26.7784,8.60201,48.0713
43674,3424,3947,6196,12377,3178,3811,4636,6063,3180,3464,3809,3924,3183,3168,3355,3475,-32.7663,26.5307,8.5407,47.46
43675,3580,4504,6249,5443,3683,4766,7892,6102,3491,3866,4573,4376,3149,3530,3666,3588,-11.3175,10.5919,8.63766,48.3053
43676,4036,3922,3406,3224,5836,5208,3849,3504,7909,6591,4056,3428,5329,4715,3771,3337,5.56995,-17.8653,8.84913,48.0807
43677,4374,4001,3481,3091,7244,4623,3667,3337,9180,5250,3828,3438,5417,4354,3636,3243,3.3909,-27.4941,8.55072,48.1093
43678,3229,3314,3423,3278,3288,3639,3747,3810,3639,4173,5182,5249,3611,4982,9605,7815,32.303,12.3643,8.87956,47.9893
43679,3224,3283,3421,3253,3481,3785,3978,3726,3998,5344,5917,4380,4443,6750,8124,4975,19.8188,2.68081,8.80968,48.0547
43680,3444,4002,6894,11926,3275,3863,4908,5892,3163,3458,3770,3860,3165,3324,3433,3368,-30.1295,22.2267,8.97728,47.83
43681,4969,7161,5760,4151,4722,6953,5589,3982,3793,4101,3884,3599,3409,3474,3366,3236,-15.852,-3.78763,8.86568,48.0993
43682,3389,3798,5255,8054,3363,3772,5383,9476,3269,3586,4198,5021,3156,3355,3444,3543,-12.7752,27.7076,8.88547,48.0413
43683,3383,3317,3350,3239,3810,3716,3387,3307,5852,4682,3839,3368,12424,6125,3834,3421,32.7358,-33.8964,8.52136,47.3693
43684,3155,3270,3552,3596,3218,3634,4163,4654,3452,3855,5331,9051,3450,3734,5368,8443,14.1054,33.0163,8.56625,47.9507
43685,3134,3405,3801,4098,3434,3677,4532,6232,3358,3821,5579,9753,3231,3689,4683,6124,6.5078,25.0642,8.63921,48.3673
43686,6441,4857,3609,3340,9927,5297,3870,3424,5610,4358,3642,3322,3832,3723,3376,3148,-8.39059,-27.3626,8.57777,47.8507
43687,3400,3476,3236,3119,3868,3814,3427,3350,5859,4888,3830,3345,11768,6936,4058,3402,32.6017,-21.7541,8.74284,47.8507
43688,10648,7467,4205,3376,5742,5075,4055,3383,4050,3925,3521,3219,3415,3415,3358,3180,-32.0701,-19.3499,8.68574,48.0227
43689,3476,4080,5309,5235,3457,4221,7674,7178,3407,3822,5013,5122,3159,3462,3735,3793,-7.24292,14.2049,8.82371,48.0953
43690,3276,3415,3282,3074,3697,3876,3550,3318,4960,5430,4265,3683,7330,9980,5372,3724,27.3396,-10.4822,8.93251,48.1547
43691,3309,3673,4396,5426,3423,3907,5216,9386,3358,3731,4750,6887,3150,3505,3924,4389,-4.08305,27.6942,8.71065,48.2867
43692,3298,3451,3514,3419,3789,4189,4215,3805,4185,6240,6878,4306,4323,5973,6383,4590,14.0072,1.08095,8.89562,48.372
43693,3362,3950,6147,12528,3309,3762,4795,6287,3246,3457,3699,4017,3094,3255,3509,3402,-27.4267,27.8273,8.60487,47.8793
43694,3346,3367,3296,3185,3847,3762,3495,3175,5489,5238,4106,3477,9414,8731,4519,3546,33.1301,-15.6418,8.98705,47.9953
43695,3467,3440,3123,3109,4263,3945,3468,3276,8130,4980,3873,3267,10397,5632,3800,3388,18.2055,-32.2491,8.86817,47.7053
43696,10319,7322,4195,3366,6435,5402,4028,3421,4059,3806,3498,3158,3392,3436,3232,3064,-22.2933,-19.9252,8.98046,48.0887
43697,4420,6402,5607,4169,4549,6904,6132,4237,3817,4460,4250,3631,3430,3451,3478,3318,-13.8011,-1.99531,8.70751,48.17
43698,6936,9738,5502,3871,4973,5379,4372,3725,3810,3806,3720,3295,3297,3401,3200,3259,-26.381,-9.5775,8.71112,48.1893
43699,5258,4410,3659,3225,8964,5315,3628,3329,7343,4820,3744,3399,4400,4075,3526,3160,-2.62786,-25.1857,8.78462,48.17
43700,4198,3817,3422,3198,6421,4712,3594,3381,9464,5504,3803,3274,5816,4628,3735,3218,5.93426,-24.9914,8.65395,48.1233
43701,3390,3529,3392,3093,3819,4152,3754,3520,5008,6901,5031,3909,5396,7803,5489,4014,16.833,-6.59321,8.91737,48.1333
43702,3467,3768,3990,3873,3622,4571,6099,4489,3867,5182,7604,5109,3667,4068,4708,4162,3.34766,6.36091,8.67451,48.164
43703,3136,3337,3518,3631,3285,3631,4090,4399,3489,4110,6225,7014,3492,4370,6900,7620,16.5594,16.474,8.58055,48.1647
43704,3087,3252,3519,3638,3248,3674,4157,4504,3388,3796,5471,8145,3365,3964,5877,9328,16.6331,23.0465,8.69601,48.2753
43705,3898,3799,3277,3215,6003,4307,3622,3300,9928,5173,3791,3320,6432,4764,3749,3284,7.97081,-30.36,8.77251,47.908
43706,3476,4340,7518,10025,3530,3913,5365,6394,3190,3486,3860,3972,3015,3235,3446,3350,-22.7168,19.2359,8.68856,48.0767
43707,4046,3812,3356,3193,5804,4502,3691,3338,9802,5663,3817,3386,6307,4682,3753,3423,7.71931,-24.9285,8.9654,48.3833
43708,3289,3277,3396,3177,3634,3931,3867,3577,4295,5523,5328,4130,4925,8192,7267,4417,21.6109,-1.74918,8.97217,48.15
43709,9815,8208,4419,3511,5682,5072,4039,3483,3786,3755,3452,3245,3214,3462,3271,3028,-27.5061,-17.4613,8.65719,47.628
43710,3369,3968,6207,11427,3359,3840,5020,6885,3191,3512,3889,4026,3169,3131,3477,3467,-22.2294,25.2447,8.95625,47.958
43711,4036,3959,3598,3163,5628,5426,4063,3451,7250,6994,4197,3454,4969,4784,3847,3428,4.85008,-15.9427,8.59387,48.1647
43712,3147,3390,3768,3711,3449,3920,4872,4600,3549,4424,7858,6456,3599,4308,5929,5483,10.175,12.3275,8.62839,48.3087
43713,3279,3628,4680,6331,3379,3858,5176,10036,3310,3710,4333,6014,3101,3363,3796,3998,-7.44463,30.8088,8.95723,47.9947
43714,3019,3260,3398,3408,3244,3468,3830,4137,3340,3861,4807,6559,3304,3958,6373,11803,24.8347,24.9976,8.70092,47.846
43715,3482,3454,3314,3120,4116,3990,3637,3375,5897,6381,4291,3539,7094,7993,4732,3739,18.3428,-12.8381,8.67081,48.1027
43716,6183,8804,5403,3894,5109,6308,4658,3629,3818,3927,3653,3310,3438,3506,3326,3111,-20.1684,-8.46843,8.72959,48.0513
43717,3259,3245,3400,3523,3180,3521,4054,4485,3370,3817,5116,8445,3388,3940,5449,9825,16.9849,32.895,8.91434,48.0113
43718,12478,5993,3951,3415,6357,4825,3746,3331,4017,3765,3410,3261,3339,3273,3202,3142,-25.7464,-32.1766,8.98908,47.67
43719,3300,3332,3302,3317,3644,3700,3625,3422,4321,5082,4821,4060,5089,9154,7610,4533,31.2313,-2.31417,8.69813,48.208
43720,8715,6491,4212,3508,7464,5951,4088,3442,4286,3933,3596,3309,3522,3417,3243,3029,-17.2839,-19.3659,8.87985,48.1373
43721,4568,4891,4097,3516,5621,7971,4828,3619,4922,5809,4213,3540,3898,3948,3711,3371,-4.44207,-9.79129,8.77101,48.3487
43722,3343,3695,4530,5887,3341,3797,5483,9621,3349,3660,4589,6554,3128,3293,3812,4141,-5.63474,25.3332,8.77267,48.1487
43723,3113,3273,3626,3685,3193,3469,4116,4900,3379,3810,5087,9454,3367,3801,5143,8267,12.9931,29.5333,8.82013,47.7887
43724,3402,3441,3236,3077,4129,3849,3481,3147,6602,5296,3861,3397,10274,7239,4245,3420,22.1538,-20.1754,8.92296,48.064
43725,3112,3268,3375,3471,3250,3584,3949,3827,3488,4051,5131,5446,3541,4690,9275,8235,33.4467,13.5275,8.61021,47.7953
43726,3172,3326,3410,3224,3508,3703,3636,3589,4149,5030,4865,4158,4703,8194,8577,4710,28.4459,0.54744,8.87503,47.9693
43727,3347,3327,3222,3075,4003,3850,3384,3115,6061,4573,3739,3331,12877,6057,3967,3430,28.3305,-29.1728,8.93527,47.572
43728,3375,3984,6080,10633,3371,3817,5070,7214,3198,3474,3870,4249,3024,3233,3386,3478,-20.2041,24.3965,8.73984,47.6373
43729,5058,5995,4358,3553,5809,8249,4904,3757,4367,4822,3928,3483,3547,3702,3464,3161,-10.1207,-9.73998,8.75736,48.1047
43730,3882,3898,3551,3391,4632,5783,4489,3520,5301,7871,5068,3803,4448,4984,4119,3554,4.81476,-7.80887,8.82257,48.196
43731,3852,3642,3273,3103,5911,4521,3553,3281,9862,5219,3711,3412,6530,4587,3757,3283,8.3691,-31.2455,8.70119,47.6647
43732,3474,3980,5033,4899,3528,4562,7772,6162,3448,4046,5678,4921,3225,3561,3969,3952,-5.31423,11.8045,8.79892,48.14
43733,3082,3282,3602,3558,3164,3562,4225,4854,3395,3849,5212,9527,3328,3843,5203,7890,12.5542,33.6194,8.91017,47.7173
43734,3246,3199,3407,3413,3179,3477,3810,3823,3360,3714,4770,6224,3490,3994,6156,12448,27.5134,28.2338,8.72006,47.8067
43735,3184,3214,3325,3301,3554,3740,3695,3529,4093,4841,5144,4180,4476,7608,9011,5180,27.7758,2.11755,8.73519,48.05
43736,7128,4936,3828,3328,9954,5045,3800,3334,5446,4411,3654,3208,3755,3643,3292,3254,-10.2857,-31.5676,8.91305,48.0107
43737,6180,8722,5263,3885,5133,6323,4500,3836,3969,4043,3760,3309,3351,3393,3319,3119,-19.8937,-9.08477,8.56309,48.07
43738,3426,3532,3533,3197,3899,4593,4244,3673,4730,7618,6108,4017,4564,5895,5218,3929,11.2334,-3.48354,8.89279,48.1173
43739,3669,4294,6874,6947,3532,4237,6634,6712,3346,3662,4156,4311,3196,3330,3495,3579,-15.2247,15.2963,8.74287,47.9827
43740,3452,4055,6375,8318,3427,3950,5783,7784,3249,3480,4004,4436,3048,3312,3502,3573,-16.3323,20.0994,8.74392,47.832
43741,3471,3880,6010,12729,3358,3736,4804,6414,3255,3453,3817,3971,3180,3176,3403,3326,-26.3574,30.7251,8.71892,47.9887
43742,4078,4494,4402,3785,4424,7075,6200,4065,4180,5501,5201,3981,3559,3880,3955,3703,-3.67626,-1.84674,8.54965,48.322
43743,12216,6167,3969,3511,6215,4817,3833,3300,3872,3844,3333,3219,3404,3311,3304,3148,-26.023,-33.8154,8.64944,47.642
43744,3219,3473,3873,3904,3400,3811,5101,5190,3550,4319,7520,7136,3432,3939,5135,5241,6.80976,15.0658,8.84839,48.162
43745,3524,3445,3219,3146,4021,3794,3485,3163,6478,5428,3894,3564,9810,7463,4272,3484,21.9028,-19.2256,8.65699,48.1267
43746,3386,3973,5882,12357,3462,3725,4895,6527,3278,3476,3957,3909,3058,3277,3456,3216,-24.348,31.5507,8.85122,47.8893
43747,3172,3202,3341,3292,3335,3625,4012,3897,3619,4314,6041,5196,3728,5092,9033,7278,22.0406,11.6262,8.85613,48.118
43748,3380,3491,3282,3037,3874,3867,3722,3261,5982,5452,3940,3354,9319,8150,4497,3581,23.2294,-17.0215,8.78183,48.126
43749,12470,6297,4009,3378,6071,4856,3728,3277,3905,3837,3391,3195,3452,3401,3226,3099,-32.3541,-25.517,8.63838,47.728
43750,3548,3383,3157,3096,4132,3752,3635,3246,7087,5054,3901,3357,10956,6371,4117,3399,21.5617,-24.0462,8.64516,48.1273
43751,3430,3399,3352,3239,3638,4035,4082,3676,4311,5859,6236,4376,4306,6627,6975,4646,16.8949,0.81461,8.6821,48.1247
43752,3352,3907,6311,12669,3362,3810,4767,5999,3193,3508,3674,3997,3026,3176,3428,3427,-29.3724,27.5015,8.79799,47.7373
43753,3759,4143,3835,3491,4424,6183,5028,3843,4768,7253,5504,3925,4064,4408,4208,3696,2.18212,-4.208,8.85702,48.3547
43754,3424,4098,6660,9832,3372,4015,5467,7197,3292,3477,4077,4230,3138,3265,3485,3542,-19.4755,21.5185,8.8752,48.3807
43755,3481,3540,3414,3302,3996,4524,4103,3674,4977,7578,5665,4066,4876,6197,5133,3921,12.2158,-4.8655,8.54103,48.298
43756,3851,5267,9873,7273,3610,4200,5312,4996,3318,3605,3885,3858,3188,3350,3322,3284,-28.976,10.6263,8.88891,48.128
43757,9614,7407,4337,3443,6353,5551,4076,3498,4049,4090,3565,3297,3443,3386,3322,3111,-22.1084,-18.1944,8.52579,48.3613
43758,4138,6737,9767,5708,3847,4514,5286,4395,3469,3720,3771,3626,3108,3373,3364,3327,-28.3026,5.03475,8.87504,48.1
43759,3275,3563,4147,4369,3470,3829,5663,6481,3481,4130,6212,7510,3218,3633,4403,4756,2.16868,17.7294,8.95377,48.0933
43760,4562,6635,6594,4486,4300,6075,6027,4391,3631,4093,4103,3687,3270,3480,3461,3319,-16.3483,0.0419098,8.73796,48.076
43761,4144,3948,3429,3203,6322,4835,3667,3289,9210,5774,3793,3421,5759,4603,3603,3215,5.47573,-22.4956,8.69354,48.1433
43762,3476,3544,3336,3123,4108,4267,3777,3396,5560,7192,4679,3606,5912,7500,4766,3793,16.1092,-10.0167,8.95531,48.0233
43763,4234,4148,3773,3401,5658,6689,4229,3528,6042,7001,4346,3475,4360,4441,3808,3328,0.861265,-12.584,8.78013,48.3073
43764,5231,6521,4645,3706,5275,7996,5317,3789,4170,4476,4108,3445,3550,3609,3481,3236,-12.0883,-7.38864,8.97959,48.37
43765,3742,4733,6748,5697,3680,4775,7780,5668,3449,3817,4532,4069,3196,3374,3543,3477,-13.5315,9.47479,8.99745,48.1867
43766,3289,3598,4052,4192,3494,3924,5632,6192,3473,4079,6541,7133,3388,3692,4573,4932,2.59924,16.3419,8.85445,48.1227
43767,3582,3666,3316,3190,4322,4516,3868,3355,6405,7905,4569,3653,5664,6191,4398,3611,11.7319,-11.9947,8.79648,48.1407
43768,11858,6846,4026,3351,5824,4738,3895,3442,3897,3786,3351,3262,3312,3408,3271,3084,-30.7889,-22.4522,8.81729,47.5673
43769,3396,3323,3214,3078,4125,3867,3507,3218,7340,4922,3850,3435,11341,5888,3961,3509,21.2215,-32.08,8.67293,47.9827
43770,3553,4138,5462,4884,3606,4809,8075,5936,3521,4096,5165,4700,3241,3492,3901,3860,-7.50756,10.6381,8.76316,48.2927
43771,3029,3252,3346,3347,3226,3381,3825,4009,3448,3910,5008,5745,3421,4230,7442,11094,31.8594,20.1671,8.89186,47.8087
43772,12510,6287,3872,3352,5921,4762,3782,3401,3962,3788,3331,3155,3397,3405,3255,3113,-30.4549,-26.4019,8.96463,47.5287
43773,3581,4260,6162,6834,3510,4248,6778,7488,3251,3783,4187,4558,3165,3387,3664,3516,-13.0518,16.8461,8.87258,48.248
43774,3716,5126,9685,7629,3654,4231,5285,4996,3248,3645,3842,3814,3164,3366,3335,3341,-31.0576,11.6376,8.76671,48.0513
43775,3485,3289,3240,3071,4018,3762,3469,3276,5885,4843,3829,3431,12133,6807,4016,3176,32.3919,-23.105,8.86323,47.82
43776,5276,4867,3871,3334,7803,7026,4144,3382,5782,5248,3757,3253,4001,3858,3463,3191,-5.58479,-16.9683,8.96151,48.1707
43777,3237,3740,3728,3615,3577,3999,4848,4252,3819,5025,8237,5442,3652,4517,5873,4943,9.85816,8.09811,8.70167,48.336
43778,8735,6640,4205,3478,7243,5725,3967,3426,4257,3970,3654,3380,3569,3541,3313,3086,-18.1579,-20.1718,8.65323,48.126
43779,3961,3876,3438,3183,5842,4598,3595,3339,9571,5796,3831,3402,6034,4753,3713,3366,7.30545,-22.7258,8.96307,48.1987
43780,3173,3393,3963,4329,3358,3639,4849,7568,3330,3848,5207,8943,3241,3584,4280,5186,2.71098,33.8938,8.86071,47.9273
43781,4368,7401,9207,5234,4005,4837,5233,4479,3450,3705,3633,3519,3269,3295,3314,3236,-25.9127,2.888,8.99483,48.1233
43782,3778,3648,3364,3221,5283,4351,3673,3223,9707,5237,3808,3342,7465,5021,3820,3295,11.1485,-27.1361,8.69801,48.1573
43783,3172,3367,3668,3760,3282,3837,4701,4547,3613,4361,7592,6945,3500,4102,6001,5710,11.1595,13.9044,8.8378,48.1053
43784,3302,3430,3850,4097,3298,3649,4637,6349,3387,3777,5194,9620,3277,3546,4525,5763,5.56475,31.7155,8.5546,47.8007
43785,3340,3310,3241,3125,3847,3891,3628,3249,5610,5373,4057,3478,9304,8382,4599,3540,25.9991,-15.9607,8.63865,47.9827
43786,5430,8718,6518,4369,4551,5675,4989,3922,3785,3892,3651,3527,3311,3429,3310,3317,-22.7866,-4.13152,8.50407,48.2627
43787,3697,3580,3389,3080,5345,4276,3602,3301,9823,5580,3840,3318,7310,5112,3841,3265,10.6477,-25.3088,8.99328,48.2393
43788,3173,3231,3320,3454,3277,3500,3714,3889,3424,3843,4982,5938,3335,4309,7345,11104,30.2157,20.6871,8.63655,47.892
43789,4560,4672,3883,3453,6101,7400,4510,3598,5270,6178,4226,3479,3999,4063,3681,3354,-3.1182,-11.5332,8.66733,48.2847
43790,3820,3910,3489,3355,4508,5306,4127,3574,5639,8071,4815,3750,4876,5355,4109,3584,7.3149,-9.77983,8.66119,48.192
43791,3450,3420,3184,3158,4209,3878,3480,3187,7340,5038,3784,3289,10726,6048,4011,3363,20.1275,-25.8366,8.86173,47.71
43792,3434,4298,7655,10569,3389,4005,4988,5680,3228,3476,3887,3840,3088,3150,3454,3400,-28.4413,19.4149,8.78561,47.694
43793,7180,7425,4564,3567,6204,6522,4393,3613,4098,4107,3683,3367,3592,3409,3238,3134,-17.0043,-14.1279,8.84044,48.064
43794,3323,3467,4001,4233,3449,3816,5140,6094,3472,4027,6348,8182,3405,3698,4866,5363,4.87133,19.4993,8.50245,48.5893
43795,4206,3981,3576,3219,5799,5455,3835,3346,7266,6804,4156,3395,5010,4708,3861,3322,3.96299,-16.2714,8.72182,47.9593
43796,3630,4515,7030,6204,3700,4455,7076,6076,3379,3650,4286,4214,3270,3462,3532,3496,-15.1573,12.2235,8.61649,47.9833
43797,3375,3916,4928,6411,3391,3954,5798,9420,3350,3589,4516,5806,3178,3461,3732,3898,-8.0704,22.9274,8.80564,48.482
43798,3133,3413,3452,3369,3277,3520,3809,3964,3516,4126,5080,5397,3580,4588,8888,9071,32.1454,15.108,8.88324,48.122
43799,3582,3578,3377,3202,4700,4153,3595,3257,8997,5764,3828,3340,7899,5726,3855,3407,13.4574,-22.3848,8.80607,48.1733
43800,3411,3421,3195,3143,3909,3847,3428,3214,5950,4889,3837,3440,11607,7090,4063,3350,33.4778,-21.6079,8.99429,47.8627
43801,3326,3675,4386,5355,3427,3846,5812,8426,3293,3718,5000,6868,3187,3579,4031,4427,-3.2189,21.6397,8.76119,48.2373
43802,4022,3789,3355,3176,5969,4626,3786,3269,9254,5751,3900,3434,6048,4775,3788,3332,6.99691,-23.0365,8.86385,48.1827
43803,3625,4576,7819,7744,3540,4218,6112,6059,3191,3606,4182,4073,3127,3434,3484,3437,-19.3709,14.3577,8.55183,48.1513
43804,4944,8464,7858,4590,4274,5024,4850,4138,3589,3894,3834,3490,3262,3292,3331,3214,-33.209,-1.16529,8.64468,48.032
43805,3155,3204,3391,3466,3292,3497,4079,4412,3473,3805,5247,7941,3416,3909,5876,9974,17.6767,25.1542,8.57234,48.0913
43806,10452,6028,4016,3348,7934,5139,3773,3394,4293,3974,3498,3256,3465,3398,3269,3120,-19.2214,-25.5981,8.71187,48.238
43807,3368,4043,6269,8916,3491,3815,5723,7645,3209,3571,4096,4290,3164,3348,3561,3559,-16.8364,20.73,8.8548,48.0453
43808,4778,8391,8166,4746,4307,5064,5038,4175,3549,3778,3665,3528,3217,3453,3425,3280,-26.4257,-0.357832,8.89867,48.3733
43809,3401,3367,3279,3153,3857,3852,3431,3315,5611,5756,4236,3605,8096,8795,4840,3683,22.2056,-13.615,8.92844,48.1847
43810,3410,3318,3299,3069,3769,3894,3558,3320,4650,5597,4424,3782,6686,9904,5632,3944,25.3539,-8.83763,8.88955,48.1707
43811,4731,4204,3547,3209,7493,5402,3877,3308,7686,5509,3985,3372,4851,4254,3533,3172,0.437693,-21.2212,8.5985,48.0887
43812,7853,9463,4935,3640,5333,5230,4298,3555,3940,3907,3520,3213,3323,3281,3269,3099,-33.5265,-12.5889,8.71814,47.906
43813,12980,6074,3919,3420,5998,4630,3766,3378,3726,3714,3424,3336,3238,3487,3127,3083,-28.486,-32.3784,8.91911,47.5333
43814,3107,3238,3339,3229,3254,3388,3873,4042,3384,3833,4742,6719,3328,3837,6077,12072,25.1171,28.0632,8.6484,47.6413
43815,3038,3446,3541,3685,3260,3566,4137,4991,3511,3792,5365,9527,3297,3889,5275,7896,12.3621,25.2909,8.98111,48.144
43816,3344,3403,3359,3091,3553,3855,3741,3583,4379,5109,4857,4017,5104,8792,7637,4506,28.2696,-2.39762,8.51624,48.22
43817,4086,3834,3414,3140,5918,4512,3702,3210,9821,5339,3763,3223,6495,4722,3714,3211,7.92792,-28.148,8.62549,48.0693
43818,7399,5967,4161,3444,7891,6128,4115,3430,4634,4366,3730,3350,3625,3638,3306,3084,-13.59,-18.5618,8.70435,48.1787
43819,3313,3542,3725,3630,3674,4096,5216,4515,3907,5133,8168,5556,3584,4363,5359,4589,7.58042,8.12758,8.90544,48.2467
43820,3134,3550,4115,4626,3345,3763,4941,8158,3269,3797,4960,8487,3230,3587,4261,4788,0.348373,27.175,8.95352,48.0073
43821,3167,3340,3481,3333,3455,3583,3848,3667,3761,4602,6006,4857,3916,5978,9435,5891,22.4114,7.05423,8.97112,48.2133
43822,3124,3550,4192,4606,3394,3867,5188,7519,3417,3897,5539,8053,3389,3658,4278,4817,0.786492,21.9287,8.63927,48.3253
43823,3512,4686,8755,9363,3535,4058,5229,5506,3168,3540,3882,3955,3076,3193,3381,3353,-27.4489,16.0253,8.89312,48.128
43824,3644,3605,3203,3055,4515,4208,3654,3225,7740,6155,4069,3380,7946,6133,4083,3489,14.9384,-19.4643,8.76984,48.0693
43825,3348,3474,3411,3156,4028,4041,3594,3221,6087,6303,4303,3537,7826,7868,4621,3624,19.1148,-14.2808,8.81341,48.2947
43826,3155,3283,3608,3679,3333,3532,4081,4942,3298,3769,5267,9460,3360,3882,5233,8043,12.8811,33.116,8.75708,47.95
43827,3628,4541,8883,9194,3473,3978,4997,5459,3354,3508,3893,3971,3086,3236,3467,3445,-32.2456,15.2809,8.92876,48.0753
43828,3060,3091,3501,3424,3183,3514,3775,4019,3356,3769,4783,6973,3424,3898,5863,12068,23.396,29.6509,8.69386,47.8007
43829,5091,4265,3498,3328,8856,4858,3738,3361,7596,4893,3770,3345,4680,4036,3429,3414,-1.96414,-30.7691,8.6742,48.1053
43830,3379,4076,5884,7134,3463,4166,6418,8014,3389,3750,4306,4504,3073,3295,3550,3657,-13.1768,18.2215,8.69332,48.0387
43831,3966,3769,3310,3180,6198,4510,3676,3259,9953,5152,3748,3353,6119,4645,3709,3393,6.88004,-31.0808,8.99605,47.96
43832,3406,4086,6254,7669,3485,4045,6187,7672,3307,3643,4157,4564,3121,3232,3534,3583,-14.4333,18.5135,8.54113,47.9633
43833,3211,3293,3379,3312,3291,3588,3861,3711,3631,4318,5063,4935,3782,5487,9807,7242,29.628,10.4552,8.60376,47.9407
43834,3176,3270,3346,3471,3227,3520,3908,3951,3404,3910,5031,6152,3451,4233,7376,10568,24.849,20.6387,8.59209,47.996
43835,3712,4363,4630,4120,4013,5891,7337,4647,3806,4810,5713,4275,3511,3904,4125,3694,-4.10327,3.65914,8.53484,48.3673
43836,3554,4071,4622,4225,3745,5291,7529,4991,3743,4748,6310,4654,3496,3740,4029,3895,-2.42879,6.64003,8.77036,48.4287
43837,4162,4298,3788,3469,5243,6870,4579,3637,5303,6979,4631,3542,4110,4498,3788,3481,0.449124,-9.17823,8.6485,48.252
43838,3154,3366,3685,3602,3299,3626,4201,4742,3295,3921,5538,8892,3293,3801,5417,8172,13.6453,24.9479,8.54369,48.0027
43839,4536,4100,3581,3132,7617,5105,3838,3391,8437,5310,3814,3304,4957,4256,3557,3289,1.17065,-23.6467,8.82489,48.1493
43840,3470,4035,6135,7705,3561,4077,6030,7897,3375,3680,4243,4585,3107,3342,3553,3726,-14.5328,19.3461,8.67362,48.3473
43841,4449,4070,3580,3222,6295,5717,4001,3475,7069,6619,4282,3385,4638,4632,3700,3381,2.17199,-16.8225,8.61833,48.3433
43842,3397,3330,3203,3168,3934,3831,3495,3298,5590,5004,3897,3369,10336,7999,4289,3467,29.5762,-18.0812,8.64923,47.738
43843,3381,3478,4208,4392,3320,3699,4957,7766,3436,3926,5075,8514,3166,3621,4358,4799,1.26165,33.7677,8.62043,48.064
43844,6388,7877,4667,3627,5954,6850,4523,3615,4117,4281,3745,3281,3399,3611,3460,3177,-16.3237,-11.5446,8.77391,48.3813
43845,7036,6745,4341,3479,6962,6735,4228,3520,4384,4272,3665,3384,3514,3525,3283,3056,-15.144,-15.5399,8.66188,48.086
43846,3300,3373,3249,3112,3638,3750,3543,3363,4981,5272,4305,3650,7169,9885,5549,3773,27.3454,-10.0194,8.8907,47.9413
43847,3678,4384,6804,6981,3512,4417,6527,6766,3368,3618,4198,4235,3120,3342,3562,3519,-16.0723,15.0354,8.51207,48.0207
43848,3277,3523,3926,4064,3398,3913,5486,5305,3549,4267,7360,7205,3398,3911,4955,5121,5.68483,14.9725,8.7631,48.4387
43849,3127,3272,3582,3688,3295,3535,4181,5132,3183,3779,5205,9915,3395,3771,5093,7773,11.7907,30.9801,8.9589,47.9507
43850,3274,3250,3259,3212,3748,3905,3711,3552,4453,5253,4829,3927,5264,8922,7232,4413,25.9363,-3.24179,8.55156,48.136
43851,11510,7028,4239,3480,5991,4898,3858,3426,3981,3802,3395,3204,3304,3373,3274,3202,-29.6624,-21.3239,8.65586,47.9767
43852,4421,4093,3520,3156,7185,5149,3837,3357,8475,5483,3810,3378,5023,4312,3690,3283,1.7592,-23.2227,8.62604,48.1147
43853,5664,4563,3726,3340,9622,5106,3861,3357,6575,4553,3539,3415,4205,3896,3393,3231,-5.40153,-29.6255,8.68113,48.0307
43854,3306,3728,4286,4207,3496,4165,6290,5968,3549,4189,6764,6294,3317,3732,4440,4576,0.917416,13.9419,8.754,48.2047
43855,6871,4841,3875,3234,9832,5190,3881,3317,5680,4283,3562,3357,3745,3662,3314,3113,-9.70599,-30.851,8.74679,47.838
43856,3113,3219,3342,3475,3261,3427,3730,3946,3363,3752,4914,5966,3463,4070,7042,11728,31.4617,21.9704,8.85285,47.874
43857,3613,3700,3593,3255,4291,5005,4277,3447,5203,8155,5422,3883,4501,5706,4703,3846,9.1177,-6.36104,8.71191,48.4
43858,3369,3957,6067,11693,3378,3776,4920,6792,3218,3494,3801,4145,3136,3281,3316,3408,-23.3616,26.5284,8.551,47.834
43859,3483,3444,3227,3075,3946,3929,3451,3240,6213,4860,3733,3341,12327,6153,3821,3385,26.0011,-28.7102,8.59996,47.752
43860,3409,3712,4203,4247,3441,4110,5925,5352,3500,4330,7176,6226,3363,3906,4550,4585,2.90165,12.8451,8.63047,48.0233
43861,7480,6636,4346,3507,6893,6420,4120,3655,4265,4279,3639,3408,3492,3571,3434,3063,-16.2161,-16.6901,8.54542,48.1387
43862,3180,3330,3392,3330,3395,3596,3736,3669,3726,4572,5196,4494,4028,6543,9942,5857,29.2535,5.54135,8.99756,47.9907
43863,3366,3354,3231,3157,4050,3886,3354,3285,6729,4807,3860,3346,11613,6351,3829,3508,23.2287,-25.778,8.53427,47.8173
43864,3405,4036,5395,6600,3518,4060,6486,8219,3417,3687,4517,5050,3080,3402,3725,3748,-11.0089,19.0454,8.55975,48.23
43865,3709,3908,3745,3379,4361,5565,4560,3654,5143,7909,5336,3864,4215,4916,4180,3621,4.9751,-6.20311,8.66646,48.0433
43866,9751,8568,4569,3583,5469,5082,3987,3455,3846,3862,3450,3176,3382,3466,3278,3070,-29.8488,-16.9244,8.84695,47.996
43867,3339,3978,5996,12604,3284,3867,4780,6130,3247,3399,3802,3996,3142,3173,3376,3401,-28.5018,28.0754,8.53777,47.676
43868,3339,3739,4971,6887,3386,3809,5160,9872,3312,3653,4329,5358,3131,3339,3601,3883,-9.9196,32.9324,8.66714,47.846
43869,3340,3429,3299,3228,3580,3929,3662,3455,4404,5181,4803,3948,5362,9470,6961,4173,33.9929,-3.99063,8.90877,48.1493
43870,3133,3354,3397,3326,3336,3545,3920,3728,3791,4364,5395,4712,3922,6131,9730,6233,25.7293,7.3925,8.93143,48.0113
43871,3217,3669,4507,5150,3323,3802,5044,8986,3317,3697,4751,7440,3269,3443,3932,4544,-2.24274,31.933,8.77504,48.0607
43872,3465,3634,3414,3187,4159,4618,3852,3472,5266,7994,5210,3859,5162,6543,4749,3824,12.1886,-7.43847,8.96122,48.272
43873,3361,3360,3280,3199,4032,3939,3382,3150,6759,4825,3808,3410,11833,6003,3922,3383,23.3693,-32.1684,8.61881,47.764
43874,3064,3274,3475,3551,3234,3589,4090,4467,3368,3866,5700,7928,3373,3969,6012,8909,16.6828,21.9057,8.78843,47.9127
43875,3345,3288,3173,3133,3824,3962,3563,3231,5325,5237,4100,3523,8751,8907,4870,3575,27.8679,-14.6878,8.90006,47.8713
43876,3514,3927,5062,4819,3695,4569,7709,6318,3481,4115,5648,5115,3352,3495,3930,3819,-5.43135,11.9598,8.78056,48.3787
43877,4372,4043,3567,3187,6880,5384,3842,3401,8048,5931,3977,3402,5012,4536,3607,3210,2.75549,-20.1679,8.73549,48.266
43878,6620,5158,3952,3441,9013,5896,3939,3444,5347,4501,3678,3234,3995,3627,3391,3144,-9.70157,-21.6978,8.50791,48.2533
43879,3902,5912,10043,6507,3657,4500,5222,4787,3358,3540,3859,3723,3105,3209,3321,3317,-29.0603,8.18879,8.81083,47.9747
43880,11710,7116,4065,3515,5887,4957,3767,3382,3935,3762,3461,3197,3490,3353,3266,3017,-29.0928,-22.6087,8.55661,47.92
43881,3435,3957,6623,12045,3364,3791,4782,6141,3175,3382,3827,4029,3159,3294,3370,3383,-26.9887,24.7605,8.59661,47.838
43882,3362,4076,6817,11902,3295,3802,4900,5997,3313,3432,3897,3918,3076,3226,3359,3274,-30.625,23.4442,8.53752,47.764
43883,3597,3712,3523,3316,4165,4687,3977,3565,5404,7934,5314,3796,4814,5920,4738,3757,10.6702,-7.11763,8.74179,48.146
43884,3585,3923,4309,3955,3792,5039,6744,4597,3845,5071,6864,4785,3604,3990,4295,4026,0.213917,5.99339,8.68492,48.2827
43885,4271,4584,3838,3395,5484,7295,4750,3624,5011,6496,4525,3613,3973,4327,3859,3386,-1.98998,-9.20333,8.681,48.2873
43886,4717,4170,3552,3174,7744,5293,3739,3274,8167,5277,3759,3439,4781,4212,3554,3260,0.716562,-23.5488,8.9352,48.0747
43887,4179,3763,3434,3067,6029,4710,3656,3334,9439,6068,3813,3562,5683,4746,3645,3409,6.64067,-21.8942,8.78159,48.358
43888,3214,3483,3498,3478,3613,3942,4301,3883,3956,5568,6998,4887,4081,5549,6874,4929,14.6228,4.11551,8.71374,48.1693
43889,3184,3368,3871,4146,3203,3553,4512,6310,3400,3731,5199,9677,3319,3729,4589,5989,5.94912,31.7196,8.5653,47.8533
43890,7601,9525,5114,3738,5206,5455,4087,3599,3902,3813,3468,3289,3408,3458,3149,3149,-25.5548,-12.2266,8.72675,47.974
43891,9894,7801,4411,3519,6062,5283,3946,3598,3929,3901,3543,3220,3501,3380,3287,3146,-24.0512,-18.0503,8.54332,48.2807
43892,3055,3259,3464,3386,3257,3486,3925,4119,3404,3899,5251,6343,3454,4198,7328,10306,23.0905,20.1728,8.66793,48.0893
43893,7082,9489,5124,3843,4950,5932,4339,3638,3882,3946,3625,3319,3435,3488,3251,3122,-22.7402,-10.79,8.92221,48.31
43894,3313,3339,3302,3188,3770,3871,3776,3435,4640,5902,4826,3964,5626,8809,6254,4089,21.752,-5.34259,8.52469,48.0693
43895,3153,3415,3345,3279,3461,3697,3745,3689,4025,4839,5074,4327,4417,7418,9061,5215,27.2957,2.36594,8.63719,48.1067
43896,11043,5695,3939,3436,7459,4875,3860,3387,4258,3870,3398,3311,3393,3327,3273,3010,-20.2334,-31.9107,8.83049,47.6893
43897,6867,6048,4106,3438,7548,6412,4221,3417,4701,4396,3713,3335,3574,3557,3385,3190,-13.0664,-17.3059,8.61981,47.9387
43898,6272,10029,5900,4141,4690,5338,4428,3748,3750,3854,3710,3355,3314,3340,3297,3148,-28.1703,-7.40417,8.74969,48.2093
43899,4656,7208,7524,4801,4224,5648,5811,4238,3577,3866,3985,3599,3164,3418,3410,3304,-19.4402,0.507637,8.87677,48.2887
43900,3399,3429,3274,3116,3778,3691,3641,3376,5058,5423,4324,3608,7198,9719,5260,3806,27.8465,-10.8345,8.92872,48.0667
43901,7331,5104,3809,3458,9563,5163,3843,3404,5328,4257,3664,3256,3647,3594,3310,3146,-11.1191,-32.9902,8.69394,47.918
43902,11733,5853,3919,3371,7098,4845,3692,3422,4151,3893,3450,3219,3393,3379,3043,3156,-21.8069,-28.5889,8.70564,47.7447
43903,4405,4564,4062,3411,5422,7249,4662,3607,5078,6555,4412,3593,4001,4155,3743,3392,-1.85011,-9.39161,8.75693,48.2073
43904,3395,3579,3457,3240,3956,4206,3792,3552,5118,7215,4855,3778,5750,7541,4985,3839,16.0354,-8.37314,8.51117,48.172
43905,3280,3612,3859,3783,3474,4257,5605,4501,3612,4755,7958,5555,3536,4141,5165,4613,5.73649,9.48751,8.646,47.804
43906,3884,3820,3402,3213,5277,4653,3686,3326,8320,6678,3976,3392,5946,5223,3823,3438,8.26908,-18.3035,8.72941,48.038
43907,3373,3398,3290,3059,3899,3798,3422,3274,6092,4991,3731,3459,11291,7147,4068,3456,26.8912,-21.1265,8.59051,47.832
43908,6721,4835,3750,3313,9567,5533,3882,3466,5629,4323,3517,3254,3837,3756,3289,3172,-9.33374,-26.729,8.78895,47.896
43909,8584,6730,4204,3454,7167,5698,4072,3474,4275,4063,3415,3299,3542,3501,3330,3111,-18.2745,-18.8042,8.58404,47.946
43910,3729,3766,3300,3123,5058,4505,3686,3377,8581,6264,4001,3478,6668,5546,3914,3426,11.0822,-19.6979,8.66311,48.2813
43911,3325,3902,6200,11518,3431,3786,5038,7146,3165,3476,3770,4204,3057,3168,3382,3434,-21.7631,25.7263,8.86412,48.0013
43912,3548,3548,3418,3191,4173,4324,3735,3473,5897,7400,4570,3684,5864,7152,4683,3792,14.7985,-10.5775,8.99769,48.3013
43913,3468,3938,6104,11999,3353,3753,4868,6792,3181,3509,3775,4009,3020,3273,3413,3330,-23.6102,27.6231,8.73958,47.8567
43914,4171,5615,6465,4593,4224,6042,7095,4596,3618,4128,4269,3824,3395,3478,3537,3364,-13.5633,2.42112,8.89611,48.276
43915,3058,3264,3280,3463,3154,3438,3765,3980,3292,3958,4974,6391,3412,4041,6655,11704,24.9043,23.6839,8.61029,47.886
43916,12126,6132,4044,3403,6280,4924,3789,3334,3921,3771,3405,3126,3295,3337,3235,3100,-26.4505,-26.8234,8.53793,47.4813
43917,3932,3998,3728,3385,4881,6065,4266,3621,5508,7662,4878,3668,4408,4894,4050,3434,3.4955,-9.15428,8.71282,48.252
43918,3003,3267,3335,3230,3248,3515,3895,3984,3415,3956,5304,6267,3382,4269,7413,10694,23.6952,19.8356,8.97337,48.118
43919,4087,6503,9523,5524,3931,4533,5259,4631,3494,3690,3800,3701,3272,3341,3340,3233,-33.1994,5.09686,8.6672,47.908
43920,4158,3882,3479,3201,6471,4649,3693,3223,9803,5136,3864,3314,5808,4590,3647,3254,5.45809,-32.4113,8.59953,48.1147
43921,3331,3423,3475,3232,3645,4023,4023,3695,4208,5829,6279,4435,4286,6595,7131,4782,17.6487,1.23197,8.77469,48.2613
43922,3504,3409,3352,3125,4402,4140,3705,3344,7136,6390,4219,3430,7606,6674,4282,3546,15.5233,-16.9798,8.51253,48.176
43923,6112,7485,4770,3686,5728,7203,4609,3658,4143,4334,3746,3344,3487,3508,3314,3098,-16.1062,-10.5281,8.60372,48.15
43924,3176,3236,3352,3370,3247,3479,3716,3901,3425,3792,4844,6032,3335,3885,5967,12523,32.4574,28.4735,8.72892,47.52
43925,3980,5220,7724,5741,3921,4952,7102,5177,3443,3851,4211,4025,3095,3341,3557,3414,-16.5468,7.72556,8.51425,48.5027
43926,3258,3325,3323,3232,3697,3738,3664,3470,4374,5272,4838,3995,5201,9049,7138,4367,25.8966,-2.88138,8.70577,47.9607
43927,8153,5385,3838,3226,9155,5385,3870,3390,5039,4086,3578,3335,3641,3569,3372,3133,-13.4766,-24.7551,8.71872,48.1033
43928,3353,3820,5435,9356,3375,3818,5127,8672,3246,3606,4036,4541,3163,3265,3457,3537,-16.0567,31.7323,8.73739,47.8713
43929,3441,4070,6528,11758,3384,3772,4832,6363,3170,3501,3809,4005,3097,3187,3335,3463,-24.752,24.0554,8.76874,47.81
43930,3313,3550,3957,3840,3492,4072,5643,5117,3575,4649,7675,6181,3508,3986,4998,4681,4.738,11.7926,8.78025,48.158
43931,6396,8231,5198,3800,5354,6487,4489,3693,3976,4063,3744,3393,3319,3401,3301,3169,-19.0824,-9.75084,8.62278,48.0093
43932,3386,3600,3902,3720,3630,4298,5290,4339,3811,5444,8045,5139,3625,4405,5219,4569,6.47872,6.16441,8.57689,48.2813
43933,12292,6588,3967,3337,5879,4823,3760,3315,3927,3782,3422,3187,3340,3398,3187,3125,-33.373,-23.9614,8.79239,47.5527
43934,3326,3602,3760,3682,3701,4224,5204,4246,3890,5531,7978,5101,3747,4481,5548,4494,8.17221,6.46527,8.83404,48.3433
43935,3343,3896,4964,6551,3387,3746,5612,9368,3275,3648,4437,5648,3178,3469,3749,3901,-8.99057,23.5792,8.54984,48.1147
43936,4805,4166,3485,3215,7999,4865,3756,3350,8388,5108,3697,3347,4756,4197,3562,3226,0.439218,-29.4235,8.54614,47.948
43937,3732,5194,9381,7415,3637,4261,5712,5273,3383,3430,3845,3810,3138,3368,3401,3454,-24.6793,11.4534,8.80092,48.2893
43938,3421,3952,5784,10536,3405,3728,5024,7835,3237,3467,3858,4282,3027,3314,3429,3526,-19.0241,29.671,8.5189,47.8833
43939,3871,3758,3404,3110,5720,4358,3649,3254,10049,5204,3840,3351,6659,4783,3734,3321,8.86736,-31.9682,8.78236,48.0433
43940,4794,4676,3827,3350,6630,7234,4224,3456,5704,5892,4138,3481,4164,4032,3599,3194,-3.06739,-14.4858,8.74029,48.2633
43941,3454,3980,6387,11716,3416,3800,4955,6462,3240,3396,3870,4025,3269,3170,3403,3347,-24.8595,24.3967,8.52798,47.9267
43942,5772,5627,4184,3530,6908,7549,4556,3584,4560,4688,3807,3478,3661,3734,3453,3251,-10.2482,-13.8745,8.66253,48.228
43943,3392,3972,6117,11265,3386,3777,4916,7243,3246,3447,3904,4250,3106,3216,3273,3408,-21.0281,25.9087,8.88045,47.9453
43944,3440,3431,3237,3119,4189,3993,3524,3235,7123,5090,3788,3415,10616,6552,4168,3311,21.0288,-22.6594,8.65368,48.154
43945,3393,4055,5593,5842,3462,4235,7413,7461,3262,3776,4791,4863,3086,3315,3778,3744,-9.97551,15.4659,8.96258,48.046
43946,3530,3455,3247,3032,4198,3981,3743,3281,6165,6283,4157,3526,7600,7694,4470,3614,18.2859,-14.4298,8.7707,47.984
43947,3185,3288,3326,3214,3505,3845,3812,3627,4090,5094,5665,4381,4393,7053,8858,5259,22.5706,2.8492,8.96173,48.3967
43948,4212,5230,5022,3975,4407,7484,6443,4114,3909,4907,4511,3795,3466,3733,3624,3444,-8.26618,-1.67397,8.84936,48.184
43949,3455,3675,3697,3621,3729,4496,5181,4023,3968,6029,7769,4709,3782,4680,5232,4255,6.9713,3.53999,8.79926,48.2007
43950,4649,8286,8414,4703,4189,4876,5017,4206,3564,3694,3749,3529,3276,3272,3298,3248,-31.8782,0.130581,8.83324,47.98
43951,3623,3521,3311,3110,4923,4140,3541,3339,9307,5290,3894,3364,8377,5186,3771,3360,13.8158,-30.0174,8.78674,48.038
43952,3408,3420,3362,3117,4359,4013,3506,3206,7812,5045,3933,3455,10611,5721,3777,3342,19.0854,-29.1134,8.71033,48.058
43953,3230,3212,3521,3280,3503,3686,3785,3680,3891,4547,5234,4562,4243,6546,9651,5716,29.9234,5.31264,8.66461,48.1913
43954,3200,3365,3383,3334,3573,3835,3789,3499,4244,5266,5567,4260,4705,7537,7970,4813,22.0187,0.516867,8.82256,48.2267
43955,3467,3586,3342,3145,4517,4360,3811,3290,7232,6744,4245,3493,6874,6061,4059,3496,13.6543,-15.8756,8.79327,47.8147
43956,4936,4300,3500,3218,8551,5114,3708,3391,8011,4817,3768,3353,4590,4138,3450,3365,-0.785123,-30.7239,8.94732,48.14
43957,3196,3521,4033,4601,3320,3793,5068,7290,3241,3763,5432,8495,3225,3679,4344,5066,1.98985,23.111,8.67677,48.0447
43958,5464,5855,4130,3570,6577,7769,4575,3670,4707,4832,3903,3452,3691,3694,3472,3211,-10.0965,-12.5254,8.65431,48.3813
43959,3550,3959,4053,3774,3849,5299,5821,4403,4085,5712,6957,4493,3726,4227,4459,3988,2.38679,3.21159,8.63736,48.2367
43960,3205,3361,3670,3851,3218,3602,4345,5492,3378,3813,5583,9605,3440,3845,4956,6999,10.3129,25.8282,8.56905,48.242
43961,3396,3501,3435,3262,3862,4224,4004,3516,4721,7073,5677,4056,5000,6992,5634,4065,15.18,-4.11738,8.76838,48.2787
43962,3277,3362,3609,3642,3377,3541,4249,5127,3362,3899,5232,9489,3440,3823,4979,7475,11.7425,31.4595,8.53926,47.922
43963,3301,3590,3687,3396,3694,4221,4536,4054,4089,5963,7402,4747,4112,5190,6018,4525,11.6044,3.19641,8.51668,48.35
43964,4029,5228,6261,4753,3922,5733,7620,4728,3643,4094,4443,3764,3255,3416,3630,3441,-12.154,3.96086,8.87446,47.9733
43965,4043,3693,3348,3101,6227,4613,3588,3229,9705,5565,3778,3374,5953,4660,3726,3258,6.61278,-24.3308,8.80189,47.9073
43966,3437,3379,3266,3100,3926,3718,3371,3234,6104,4814,3760,3373,12649,6008,4006,3299,26.6118,-32.6377,8.9325,47.6293
43967,3354,3381,3216,3188,3723,3867,3639,3355,4786,5322,4415,3600,6686,10068,5833,3965,29.2236,-8.59224,8.82645,48.2653
43968,5254,6144,4559,3605,5833,7893,4775,3717,4293,4703,3960,3501,3625,3683,3438,3228,-11.1097,-9.81515,8.556,48.1407
43969,3811,3622,3222,3153,5090,4187,3516,3283,9637,5227,3847,3439,7836,5204,3848,3340,12.1207,-30.4081,8.67407,48.1747
43970,4822,5570,4353,3615,5663,8128,4947,3593,4543,5080,4107,3578,3755,3718,3482,3204,-8.55185,-9.13488,8.79542,48.1053
43971,3447,3872,6026,12564,3355,3750,4685,6073,3322,3491,3864,3819,3128,3281,3470,3456,-30.2141,28.8001,8.63827,47.7353
43972,4179,6791,9424,5401,4071,4652,5089,4475,3409,3613,3798,3519,3132,3316,3442,3431,-32.0896,4.2602,8.55854,47.828
43973,3273,3743,4931,7578,3399,3772,5465,9813,3359,3471,4212,5216,3194,3303,3611,3594,-11.3305,29.3188,8.54878,47.956
43974,3154,3465,3635,3720,3344,3777,4753,4623,3538,4522,7607,6724,3465,4179,5683,5671,9.9462,13.4617,8.84804,47.9067
43975,3130,3228,3552,3447,3278,3488,3948,4304,3355,3847,5045,7838,3378,3806,5583,10754,19.2047,30.3423,8.87186,47.9873
43976,4875,4290,3599,3265,8474,5026,3772,3410,7799,4958,3699,3432,4607,4142,3491,3298,-0.938643,-33.5007,8.66704,48.0913
43977,8496,7068,4299,3546,6874,5884,4049,3457,4282,4122,3569,3210,3584,3576,3259,3098,-17.8442,-18.1273,8.6824,48.2487
43978,4378,7260,9259,5291,4036,4741,5133,4381,3468,3681,3646,3678,3230,3314,3313,3216,-27.8859,3.15542,8.76136,48.0167
43979,3318,3603,4072,4075,3421,4292,6157,5336,3500,4471,7316,5985,3447,3866,4615,4535,2.73745,11.9495,8.57307,48.006
43980,3461,3491,3378,3224,4337,3998,3602,3211,7383,5750,3852,3476,8846,6560,4221,3378,17.8463,-19.4547,8.55618,48.112
43981,5598,8669,6440,4176,4515,6104,4975,4082,3603,3852,3746,3430,3326,3484,3297,3270,-21.1769,-4.41125,8.67985,48.378
43982,6583,4844,3712,3339,9701,5319,3785,3257,5836,4452,3594,3299,3963,3674,3346,3264,-8.28386,-26.7696,8.67012,47.9787
43983,5854,4804,3664,3441,9220,5818,3872,3400,5830,4702,3718,3245,4016,3811,3432,3189,-6.72569,-22.0739,8.56532,48.0107
43984,3474,3293,3259,3089,3845,3876,3414,3250,6051,4756,3813,3387,12696,6163,3899,3309,31.3799,-26.1389,8.88415,47.716
43985,6263,4686,3652,3358,9872,5390,3800,3348,6091,4543,3617,3242,4077,3824,3392,3211,-7.06982,-27.5995,8.62192,48.244
43986,3514,4474,8054,8985,3586,3932,5718,6055,3261,3510,3887,4022,3214,3200,3397,3423,-22.1297,16.5474,8.56183,48.1547
43987,12883,6054,3895,3410,6016,4719,3644,3361,3955,3603,3399,3261,3409,3435,3252,3058,-30.5691,-29.3031,8.90022,47.5693
43988,3386,4060,6442,12191,3316,3871,4791,5957,3336,3520,3785,3970,3066,3289,3403,3401,-29.7503,24.4742,8.77781,47.856
43989,7771,9292,5048,3713,5228,5590,4212,3542,3910,3776,3625,3322,3390,3459,3284,3086,-24.5482,-11.9517,8.6081,48.1653
43990,3597,3292,3233,3091,3962,3796,3568,3271,6121,4835,3898,3218,12312,6467,3966,3433,27.6994,-25.5293,8.68888,48.04
43991,3300,3509,3772,3617,3473,3918,4839,4373,3625,4899,8044,5837,3634,4483,5965,5050,9.98069,9.47681,8.73736,48.2253
43992,3173,3319,3320,3389,3310,3534,3797,3760,3594,4122,5174,5255,3602,5103,9576,8220,31.1983,12.5837,8.9265,48.1653
43993,4858,8491,7880,4731,4242,5014,5029,4125,3635,3823,3831,3455,3188,3392,3411,3195,-27.6637,-0.592904,8.62041,48.2
43994,4394,3924,3431,3299,7119,4598,3710,3295,9331,5089,3756,3332,5448,4433,3687,3258,3.7002,-29.2179,8.62893,48.0693
43995,3180,3425,3445,3432,3507,3864,4094,3957,3869,5003,6703,5085,3992,5529,7917,5570,17.3809,6.76347,8.61959,48.3813
43996,3868,3759,3376,3189,5275,4650,3778,3319,8294,6658,4102,3360,6339,5383,3929,3420,9.64706,-18.5493,8.74414,48.466
43997,3386,3980,6264,12345,3245,3857,4660,6164,3199,3426,3917,4002,3101,3262,3499,3341,-27.2693,27.0634,8.53116,47.7653
43998,6930,4978,3637,3334,9795,5388,3863,3363,5446,4370,3669,3304,3931,3624,3310,3118,-9.56474,-26.0402,8.58942,48.04
43999,12606,6298,3965,3382,6018,4912,3637,3313,3882,3801,3419,3210,3339,3508,3136,3210,-31.1965,-25.6363,8.81418,47.7573
44000,3346,3426,3227,3230,3798,3845,3714,3332,4649,5206,4407,3741,6127,9695,5962,3961,33.0271,-7.3071,8.61255,47.7773
44001,3210,3458,4219,4636,3225,3826,5187,7658,3394,3727,5227,8082,3272,3573,4197,4962,0.661901,23.7696,8.60676,47.902
44002,3125,3373,3428,3481,3329,3631,4095,3975,3640,4649,7090,5783,3690,4850,7629,6223,16.4944,10.8862,8.92028,47.994
44003,3487,4241,8218,10086,3376,4030,5039,5614,3242,3466,3889,3915,3100,3251,3338,3495,-30.3755,17.7021,8.69856,47.858
44004,3452,3940,5967,12502,3478,3704,4791,6185,3239,3374,3726,3963,3243,3133,3368,3272,-28.6312,32.5975,8.59684,47.558
44005,3335,3424,3179,3202,3587,3785,3708,3414,4342,5366,4738,4062,5163,9074,7300,4502,26.7279,-2.72834,8.86247,48.1207
44006,3355,3893,5426,6630,3381,3998,6437,8479,3282,3612,4373,5081,3152,3386,3710,3768,-10.8317,19.3755,8.69671,47.9753
44007,3372,4033,5299,5457,3570,4431,7378,7257,3472,3838,5047,5074,3285,3453,3780,3887,-7.24442,14.5986,8.62945,48.422
44008,3415,3595,3449,3248,4113,4417,3924,3602,5242,7687,5300,3743,5145,6755,5029,3911,13.4612,-6.53008,8.9789,48.3833
44009,12320,6126,3841,3315,6132,4740,3701,3423,3982,3754,3426,3322,3427,3413,3308,3122,-32.3551,-29.6115,8.55056,47.568
44010,3222,3471,4064,4344,3339,3616,4680,7284,3474,3969,5193,9080,3273,3676,4348,5329,2.70709,29.4081,8.76417,48.2413
44011,7023,9942,5518,3819,4873,5371,4297,3649,3751,3836,3646,3390,3265,3397,3276,3127,-30.5919,-9.68134,8.57929,48.12
44012,3521,3358,3356,3055,3977,3840,3529,3269,5243,5243,4044,3561,8426,9105,4884,3596,29.4137,-13.9852,8.53181,48.0047
44013,3439,3959,5597,7268,3349,3868,6120,8754,3311,3688,4424,4900,3139,3422,3670,3682,-12.0258,20.3216,8.85438,48.3933
44014,3464,3383,3218,3140,4297,4004,3599,3230,7575,5343,3812,3449,10184,6229,3907,3434,19.0697,-23.6873,8.51815,48.1787
44015,3618,4299,6755,6776,3545,4406,6903,6850,3254,3617,4318,4379,3113,3304,3527,3538,-14.7567,14.9793,8.90955,48.1347
44016,4232,3966,3429,3260,6338,4562,3699,3281,9637,5599,3899,3267,5903,4610,3585,3342,5.36481,-24.6233,8.87979,48.406
44017,3095,3310,3614,3798,3222,3608,4188,5172,3321,3908,5464,9915,3341,3790,5106,7381,11.1794,25.2442,8.8659,48.1553
44018,3104,3194,3344,3285,3444,3663,3949,3718,3859,4559,5663,4902,3967,5832,9443,6327,24.3793,8.01351,8.70999,48.1687
44019,3435,3955,6616,11834,3357,3817,4891,6449,3200,3314,3883,4006,3179,3155,3257,3409,-25.1989,24.0485,8.61254,47.838
44020,4212,3915,3432,3201,6695,4674,3703,3384,9652,5340,3886,3396,5668,4453,3641,3304,4.87412,-25.8848,8.94563,48.3707
44021,11879,6616,4113,3450,6182,4877,3953,3415,4058,3759,3538,3246,3390,3369,3227,3211,-26.8484,-23.98,8.54518,48.1887
44022,3887,4591,4874,4105,4090,6456,7227,4450,3942,4860,5063,3985,3500,3749,3928,3584,-5.61938,1.51406,8.6627,48.194
44023,6506,9835,5902,4005,4919,5105,4426,3748,3797,3874,3642,3410,3277,3359,3204,3124,-30.0106,-8.24931,8.51717,48.0887
44024,3221,3199,3460,3346,3374,3445,3606,3852,3483,3852,4658,5825,3348,4015,5931,12726,31.8275,32.9094,8.89258,47.5607
44025,4368,4151,3559,3140,6849,5474,3913,3372,7792,5986,3999,3507,4817,4471,3603,3217,1.91385,-19.361,8.74561,48.1453
44026,11800,6510,4001,3476,6565,4843,3798,3396,3943,3829,3538,3218,3280,3360,3136,3128,-24.7893,-24.1121,8.73627,47.8807
44027,3643,3774,3579,3364,4261,5310,4476,3744,4936,7913,5510,3835,4398,5149,4415,3645,6.08573,-5.91022,8.79508,47.968
44028,3308,3394,3482,3366,3575,4027,4229,3717,4009,5766,7180,4653,4147,5755,6758,4854,14.5031,3.18827,8.91906,48.1467
44029,11000,5748,3926,3417,7490,4974,3959,3359,4240,3958,3476,3269,3459,3478,3244,3099,-20.2689,-28.2756,8.74438,48.064
44030,6405,4789,3706,3211,9782,5444,3707,3430,5833,4536,3672,3372,3961,3679,3369,3184,-7.85323,-26.5857,8.75186,48.0533
44031,9029,5441,3840,3501,8914,5278,3884,3412,4562,4022,3498,3286,3541,3552,3296,3161,-15.1945,-32.2015,8.61261,48.1447
44032,5334,4679,3780,3366,8033,6181,3951,3433,6199,5244,3861,3401,4222,3929,3544,3228,-4.09838,-19.5034,8.62342,48.2567
44033,11150,7257,4102,3362,6221,5140,3953,3292,4003,3899,3556,3211,3240,3297,3210,3133,-24.6937,-21.0358,8.90758,48.0173
44034,3161,3219,3325,3407,3202,3506,3779,3969,3438,3897,4845,6093,3469,3958,6377,12086,27.8906,25.5924,8.64286,47.8207
44035,5725,6551,4469,3585,6048,7755,4759,3712,4162,4514,3899,3434,3547,3615,3356,3162,-12.591,-10.8638,8.85151,48.1953
44036,3667,4245,4446,3959,3961,5700,6660,4437,3973,5232,6178,4391,3588,4045,4182,3810,-0.987344,2.89381,8.82514,48.316
44037,3515,3459,3184,3078,4358,4011,3531,3184,8062,4985,3935,3450,10381,5779,3948,3357,18.3965,-28.2459,8.90251,48.1447
44038,12718,5980,3940,3339,6030,4810,3735,3374,3893,3774,3454,3312,3482,3433,3270,3206,-28.3404,-32.3446,8.74323,47.8333
44039,3239,3270,3380,3332,3372,3582,3829,3697,3772,4536,5157,4674,3944,5985,9946,6290,31.3234,7.48985,8.75399,48.0033
44040,3251,3497,3982,4435,3253,3705,4899,7538,3303,3739,5169,9181,3298,3610,4308,5158,2.44305,33.5098,8.92047,48.2173
44041,3340,3834,5403,8867,3401,3817,5130,8982,3333,3480,4069,4571,3200,3305,3530,3557,-14.8162,33.3973,8.61237,47.8793
44042,3293,3446,3401,3321,3440,3702,3806,3611,3858,4783,5078,4371,4343,7290,8985,5201,30.3105,2.80776,8.67395,47.9527
44043,3141,3308,3353,3451,3207,3612,4001,4148,3535,3980,5469,6261,3584,4323,7849,8984,21.5036,17.0908,8.91081,48.1373
44044,3241,3411,3319,3348,3401,3768,4065,3837,4039,4897,6107,4582,4165,6052,8422,5460,19.9003,4.98591,8.76244,48.076
44045,8864,8831,4719,3613,5539,5244,4160,3599,3782,3806,3383,3302,3345,3381,3204,3169,-27.5078,-15.0782,8.53116,47.9607
44046,4845,5048,3936,3423,6609,7611,4489,3460,5027,5598,4100,3510,3908,4029,3628,3355,-5.61502,-13.117,8.88102,48.384
44047,3118,3265,3547,3383,3359,3740,4107,3904,3654,4533,6513,5531,3850,5198,8207,6591,18.9198,10.4675,8.7954,48.3333
44048,3176,3273,3412,3443,3110,3385,3705,3911,3408,3829,4746,6080,3308,3975,6262,12505,29.334,27.1909,8.81188,47.6853
44049,3364,3339,3295,3130,3983,3847,3374,3303,7000,4887,3915,3413,11870,5863,3908,3348,22.4338,-30.5139,8.66003,47.8927
44050,3291,3754,4417,4513,3538,4258,6773,6419,3445,4203,6173,5903,3322,3637,4266,4259,-1.23738,14.026,8.77949,48.114
44051,3005,3268,3319,3321,3225,3405,3774,3941,3398,3703,4753,6014,3445,3871,6017,12738,32.9566,27.4195,8.99326,47.4647
44052,7250,8080,4707,3731,5946,6255,4398,3551,4073,4104,3651,3340,3449,3439,3334,3067,-19.0813,-13.2092,8.72321,48.25
44053,3311,3454,3314,3063,3847,3809,3601,3302,5445,5139,4030,3487,9285,8665,4609,3506,28.7616,-15.6891,8.65248,47.9113
44054,3250,3517,4074,4581,3368,3738,5321,7280,3482,3807,5510,8079,3199,3712,4315,4907,1.25986,21.5557,8.99569,48.0933
44055,4020,4126,3615,3391,4946,6016,4174,3565,5823,7781,4730,3718,4489,4840,4022,3561,3.76594,-10.0079,8.98492,48.5447
44056,4542,4288,3490,3350,7021,5589,3935,3391,7699,5869,3966,3396,4845,4281,3626,3234,1.31832,-19.5811,8.82417,48.348
44057,3142,3316,3537,3500,3263,3635,4053,4124,3513,4118,6285,6833,3535,4433,7014,7972,17.2654,16.7458,8.89395,48.182
44058,3169,3263,3584,3460,3321,3547,4223,4542,3414,3907,5102,8670,3432,3861,5452,9136,15.6943,33.744,8.74948,48.0553
44059,3724,4511,5546,4612,3879,5396,8044,5252,3482,4204,4977,4270,3363,3606,3685,3639,-8.62422,6.69444,8.61416,48.1267
44060,3325,3357,3206,3178,3946,3810,3460,3209,6328,4641,3705,3429,12656,6251,3991,3403,26.5483,-27.3063,8.85587,47.93
44061,3357,3670,4653,6287,3375,3802,5284,10046,3364,3589,4439,5936,3216,3333,3720,3907,-7.33244,32.135,8.88161,47.9853
44062,3196,3256,3353,3410,3226,3536,3895,3939,3669,4127,5764,5846,3644,4618,8481,8339,21.8437,14.8649,8.81884,48.1993
44063,8049,6779,4322,3421,7066,6156,4219,3508,4334,4163,3477,3281,3467,3534,3381,3114,-16.6818,-17.5522,8.95478,48.1807
44064,3142,3305,3423,3338,3293,3414,3832,4146,3400,3742,4883,7206,3359,3935,6157,11615,21.7667,26.6279,8.97439,48.1267
44065,3410,3409,3332,3105,4098,3842,3400,3124,7446,4992,3823,3356,11437,5954,3811,3383,21.0742,-27.901,8.82805,47.948
44066,3171,3243,3340,3357,3142,3487,3785,4012,3399,3818,4813,5918,3496,4096,7018,11513,29.3551,21.7767,8.59893,47.7387
44067,3099,3338,3531,3474,3292,3526,4065,4225,3508,4054,6073,6754,3541,4161,7404,8260,18.3756,16.6331,8.84803,48.2033
44068,3614,3569,3381,3052,4793,4117,3524,3259,8966,5302,3804,3353,8612,5400,3806,3387,14.211,-26.2652,8.62788,47.9593
44069,4157,4877,4321,3802,4729,7598,5886,3984,4356,5520,4723,3849,3801,3948,3667,3497,-4.68799,-4.11035,8.75454,48.4767
44070,3347,3383,3313,3191,3810,3793,3471,3384,5240,5243,4127,3436,7999,9595,4877,3610,32.3689,-12.9004,8.8633,47.8793
44071,3382,3391,3213,3173,3830,3799,3398,3285,6066,4750,3746,3350,12837,5860,3888,3327,30.9383,-30.7675,8.99964,47.53
44072,4633,4788,3889,3435,6856,7171,4140,3622,5613,5753,4061,3389,4128,4021,3595,3229,-3.74982,-14.2059,8.9121,48.2153
44073,3759,3707,3438,3146,5210,4793,3778,3313,7962,6781,4219,3571,6078,5225,4006,3430,9.05697,-17.8726,8.71755,48.2773
44074,3332,3540,4035,4522,3425,3706,4952,7549,3416,3681,5016,8943,3330,3563,4297,4959,2.13283,33.3069,8.79198,48.1773
44075,4064,5810,8862,5856,3823,4643,6202,4784,3324,3651,4034,3803,3257,3327,3419,3310,-20.3701,7.25358,8.85049,48.1127
44076,3218,3343,3869,4052,3223,3716,4758,5645,3450,3970,6213,9012,3384,3744,4860,6126,7.70615,21.0279,8.70928,48.3887
44077,10039,5861,3915,3446,8021,5140,3783,3322,4375,4077,3577,3276,3438,3480,3270,3141,-17.9169,-26.1711,8.74839,48.1073
44078,4048,6383,9686,5947,3822,4382,5204,4667,3348,3621,3949,3720,3309,3333,3314,3326,-27.1962,6.0712,8.6422,48.0393
44079,3398,3454,3263,3271,3901,3739,3480,3130,5825,5002,3842,3500,10774,7477,4208,3455,32.7849,-19.7192,8.64039,47.8127
44080,3429,4103,7234,11400,3406,3917,4868,5994,3154,3546,3806,3891,3075,3275,3494,3376,-28.9324,20.8507,8.92775,47.9787
44081,3697,4437,6545,5897,3640,4509,7404,6320,3331,3819,4507,4414,3226,3393,3579,3537,-13.0239,12.0568,8.56608,48.17
44082,3163,3337,3609,3690,3315,3668,4444,4969,3415,4032,6359,8418,3435,3938,5632,6749,11.6822,18.9866,8.81733,48.1153
44083,3451,3387,3221,3201,3922,3863,3459,3256,5932,4792,3873,3426,11459,7144,4131,3412,30.0645,-21.4192,8.59367,47.9527
44084,12129,6691,3942,3312,6138,4851,3864,3435,3993,3746,3394,3201,3276,3456,3310,3058,-30.0594,-23.8577,8.76827,47.864
44085,3148,3206,3506,3645,3232,3527,3952,4436,3438,3857,5179,8529,3524,3966,5586,9521,16.4023,26.448,8.79744,48.168
44086,3016,3286,3389,3412,3233,3549,4013,4168,3434,3916,5689,6442,3591,4371,7344,9000,20.0936,17.7685,8.67855,47.902
44087,3794,3865,3560,3160,4638,5075,3995,3493,6073,7951,4624,3659,5062,5458,4122,3571,8.20239,-11.1857,8.7578,48.0667
44088,3585,3589,3424,3268,4345,4556,3821,3410,6044,7799,4734,3584,5570,6337,4469,3714,11.8615,-10.8696,8.96596,48.166
44089,3430,3665,4585,4840,3377,4083,6481,7231,3341,4094,5669,6346,3333,3607,4114,4408,-2.03498,17.1499,8.63587,48.4027
44090,3527,3502,3304,3080,4105,4133,3603,3273,6251,6154,4120,3492,8155,7657,4473,3389,19.2847,-15.9334,8.59706,48.1453
44091,3379,3784,5701,10434,3336,3722,4947,7837,3310,3518,4023,4283,3195,3259,3513,3518,-18.863,31.2688,8.68347,47.8393
44092,3336,3351,3402,3396,3292,3624,4066,3895,3670,4434,6054,5295,3765,5115,8596,6844,20.4297,10.9349,8.5896,48.09
44093,10275,7933,4314,3500,5812,5162,3926,3521,3867,3818,3417,3187,3432,3431,3161,3001,-26.57,-18.5557,8.86574,47.838
44094,3961,5570,9271,6634,3613,4526,5778,5134,3429,3564,3916,3832,3266,3360,3367,3362,-23.5654,9.51618,8.55435,48.3887
44095,3766,3587,3384,3130,5063,4197,3520,3217,9286,5164,3878,3364,8148,5244,3830,3218,12.6143,-28.532,8.51055,47.9973
44096,3316,3796,4182,4191,3632,4169,6098,5638,3527,4181,7162,6372,3422,3789,4522,4540,2.42569,13.2487,8.94065,48.358
44097,6338,5699,4102,3430,7947,6802,4132,3480,4886,4599,3682,3261,3726,3705,3407,3144,-10.8531,-17.2027,8.89917,48.2267
44098,3276,3424,3282,3103,3833,3833,3563,3345,5389,5118,4058,3499,8913,8805,4691,3553,29.9342,-15.0127,8.62844,47.79
44099,3068,3209,3420,3467,3206,3337,3863,4175,3462,3759,5001,7095,3301,3864,6196,11401,21.4813,25.3748,8.9165,47.8827
44100,3117,3177,3474,3628,3193,3676,4176,4185,3518,4184,6505,6518,3581,4515,7135,7665,16.979,15.4806,8.66701,48.1647
44101,3668,4586,6864,5919,3593,4680,7507,5948,3542,3786,4509,4268,3151,3428,3490,3547,-13.9597,11.2481,8.88932,48.324
44102,3206,3560,4185,4856,3394,3643,5432,7833,3377,3749,5436,7854,3258,3497,4256,4722,-0.015198,22.0766,8.86758,48.172
44103,3529,4267,6769,7470,3446,4263,6392,6899,3200,3808,4233,4282,3143,3280,3531,3563,-15.5406,15.7572,8.61271,48.05
44104,3389,3648,3534,3396,3764,4421,4084,3509,4574,7235,6021,4159,4658,6141,5472,4053,12.5268,-2.44996,8.68386,48.0387
44105,3248,3496,3807,3645,3543,4013,5019,4378,3801,5132,8382,5715,3643,4296,5587,4804,8.84463,8.74473,8.84475,48.3393
44106,3170,3268,3346,3448,3227,3492,3871,3988,3499,3827,4769,6237,3435,3934,6411,12053,28.5472,25.5238,8.6434,47.9833
44107,4077,5893,8566,5635,3824,4921,6318,4694,3462,3684,4057,3770,3191,3385,3368,3324,-19.4723,6.033,8.7785,48.1127
44108,10737,6323,3923,3407,7308,4941,3806,3279,4229,3930,3525,3260,3383,3412,3109,3037,-20.3859,-25.5715,8.88828,47.7393
44109,3209,3187,3420,3289,3312,3441,3756,3922,3392,3782,4697,6039,3380,3903,5914,12365,30.3148,28.4085,8.55325,47.3387
44110,4305,4003,3390,3123,6444,5067,3900,3359,8240,6035,3938,3377,5304,4484,3724,3457,4.13271,-20.2065,8.80199,48.1
44111,5569,9510,6961,4343,4477,5156,4602,3938,3592,3741,3646,3539,3263,3285,3365,3134,-28.5353,-3.64996,8.95009,48.0807
44112,3265,3437,3747,3928,3291,3645,4766,5641,3444,3951,6276,8591,3262,3808,4941,5977,7.22873,19.8643,8.61443,47.98
44113,3288,3872,5516,9576,3438,3748,5174,8672,3144,3593,3920,4469,3136,3171,3491,3529,-16.3799,28.7014,8.9412,47.8247
44114,4227,6387,9588,6053,3920,4558,5381,4582,3431,3591,3726,3504,3033,3274,3302,3314,-26.6895,5.91559,8.90578,47.914
44115,3459,3634,3537,3320,3869,4570,4309,3674,4684,7713,5870,4097,4507,5810,4980,3953,10.2906,-3.5085,8.99646,47.9907
44116,3772,4251,4224,3758,4290,6215,6199,4120,4097,5632,5762,4242,3607,4122,4002,3636,-1.62195,0.200478,8.58259,47.9527
44117,3853,5252,9438,7420,3590,4272,5464,5073,3343,3646,3821,3775,3193,3255,3358,3336,-26.85,11.6162,8.52699,48.0593
44118,3340,3314,3255,3100,3947,3826,3466,3251,6352,4785,3786,3289,12573,5997,3871,3421,25.656,-30.4826,8.82602,47.7153
44119,3176,3408,3827,4088,3321,3640,4670,6792,3445,3788,5206,9735,3248,3546,4521,5692,4.92152,32.1168,8.78377,48.0687
44120,12709,6026,3847,3370,5993,4727,3951,3459,3962,3836,3368,3339,3497,3269,3269,3176,-32.0295,-30.5055,8.65199,47.8653
44121,3396,3579,3409,3374,3846,4264,4050,3607,4567,7044,5948,4057,4617,6675,5615,4224,14.2088,-2.88863,8.55949,48.1813
44122,3403,4067,4547,4159,3754,4990,7412,5050,3650,4709,6590,4819,3459,3795,4142,3935,-2.13586,6.88905,8.99616,48.3207
44123,3221,3445,3199,3134,3729,3798,3578,3371,5023,5206,4281,3573,7719,9605,5084,3731,31.1779,-11.643,8.52809,47.798
44124,3330,3797,4339,4196,3674,4184,6816,5304,3618,4502,7056,5489,3451,3800,4496,4207,0.518301,10.5486,8.77014,48.1727
44125,3915,4955,6150,4785,3950,5722,7759,4877,3637,4235,4643,3923,3287,3505,3660,3460,-11.5382,5.04945,8.54173,48.3087
44126,4038,3808,3470,3181,6037,4695,3753,3371,9045,5971,4058,3443,5815,4749,3704,3273,6.72045,-22.0019,8.53121,48.274
44127,3212,3382,3944,4249,3340,3771,4600,6722,3263,3693,5019,9668,3346,3675,4531,5439,4.58959,32.0765,8.82995,47.9027
44128,12626,5940,3876,3424,6079,4655,3649,3364,3879,3689,3312,3294,3373,3426,3294,3142,-30.864,-30.7223,8.95837,47.348
44129,3222,3341,3334,3306,3676,3807,3589,3434,4444,5349,4647,3764,5646,9563,6571,4175,26.1487,-4.79687,8.80279,47.912
44130,3422,3923,6002,11217,3422,3918,4982,7148,3226,3429,3876,4063,3066,3180,3496,3471,-21.3274,27.3634,8.52873,47.894
44131,3218,3592,4437,5434,3421,3863,5117,9466,3364,3785,4707,6879,3147,3424,3937,4260,-4.19544,32.2744,8.69713,48.034
44132,3429,3349,3141,2983,3911,3781,3398,3168,6448,5084,3723,3377,12172,6259,3962,3474,25.6956,-26.1144,8.6198,47.7727
44133,3185,3446,3742,3810,3284,3761,4862,4974,3502,4183,7325,7685,3417,3967,5418,5752,9.03909,16.1654,8.95633,48.2087
44134,3273,3588,3431,3277,3783,4096,3913,3650,4416,6453,5830,4165,4715,7091,6299,4274,16.7356,-1.88842,8.70993,48.1693
44135,3148,3477,3546,3561,3564,4029,4539,4023,3919,5110,7932,5388,3746,4790,6430,5112,11.7596,7.77788,8.92506,48.2093
44136,4245,3827,3532,3161,6240,4880,3714,3210,8938,5996,3793,3481,5592,4641,3643,3458,5.58092,-21.9465,8.76634,48.234
44137,12409,6266,3906,3255,6051,4825,3809,3347,3928,3750,3520,3114,3400,3404,3313,3289,-31.0795,-27.3783,8.52011,47.724
44138,3957,4612,4934,4168,4161,6605,7217,4575,3962,4886,5045,4054,3499,3703,3844,3477,-6.04419,1.11591,8.65898,48.466
44139,11910,6825,4122,3372,6045,4827,3879,3357,3963,3766,3564,3249,3293,3375,3218,3157,-27.8746,-22.2736,8.675,47.948
44140,3536,4583,6281,5291,3649,4970,8076,5790,3458,3833,4763,4276,3214,3438,3704,3684,-11.5835,9.76808,8.76034,48.364
44141,4762,4973,3839,3491,6438,7660,4367,3573,5220,5578,3967,3475,3919,3995,3613,3373,-4.87067,-12.7541,8.89198,48.162
44142,3187,3388,3354,3340,3581,3804,3708,3624,3983,5002,5205,4312,4403,7457,8975,5160,26.7383,2.1375,8.82365,48.322
44143,3392,3565,3227,3256,4333,3845,3531,3127,8069,4990,3792,3326,10161,5650,3835,3360,18.0328,-30.7713,8.8136,47.6393
44144,3438,3428,3261,3075,4315,3883,3458,3217,7476,5035,3790,3395,11169,5780,3972,3336,20.4196,-28.6349,8.662,48.0187
44145,4539,4947,4122,3419,5664,7956,4804,3639,4845,5930,4304,3580,3905,3888,3651,3323,-4.29165,-9.23271,8.65568,48.344
44146,3678,5052,9576,8183,3587,4290,5308,5075,3300,3460,3842,3781,3152,3213,3333,3382,-28.1904,12.4492,8.97428,48.1413
44147,3379,3389,3260,3145,4102,3735,3413,3267,5815,5099,4018,3440,10200,8046,4319,3529,27.5608,-18.1351,8.73066,48.104
44148,4845,4099,3582,3263,8419,5149,3736,3334,7826,4868,3668,3435,4688,4243,3492,3274,-0.835703,-28.6445,8.5323,47.9473
44149,3817,4426,4782,3868,4139,6306,7120,4395,3912,4987,5427,4295,3465,3791,3917,3647,-4.33645,1.69719,8.8735,48.196
44150,3195,3324,3429,3618,3192,3492,4021,4589,3389,3880,5409,8831,3411,3934,5387,8854,15.1895,26.0216,8.85652,47.97
44151,4754,5785,4697,3704,5232,8359,5356,3849,4238,4733,4130,3584,3533,3582,3560,3311,-9.75893,-6.46128,8.97031,48.2713
44152,8361,8754,4833,3545,5570,5623,4196,3561,3906,3876,3604,3198,3354,3399,3336,3052,-23.2287,-14.1954,8.73545,48.112
44153,3345,3591,4236,4495,3298,3821,5480,7279,3419,3946,5615,7669,3284,3646,4386,4773,0.651018,20.8921,8.55883,48.1887
44154,3147,3363,3520,3659,3422,3753,4777,4687,3555,4437,7319,7203,3544,4199,5948,5946,10.8678,14.625,8.74815,48.3193
44155,3306,3411,3266,3152,3600,3825,3662,3452,4808,5360,4570,3842,6193,9680,6205,4031,26.2408,-6.76653,8.76658,48.242
44156,4094,3878,3494,3305,6100,4648,3693,3266,9285,5827,3841,3352,5937,4717,3725,3294,6.67748,-22.3194,8.87641,48.304
44157,4061,4916,4862,4160,4363,6776,7044,4378,3955,4808,4823,3973,3545,3645,3806,3543,-7.10493,0.633117,8.78837,48.4387
44158,3370,3402,3186,3162,4166,3889,3429,3238,6956,4953,3924,3324,11504,6187,3955,3463,22.0756,-25.9711,8.75345,48.072
44159,3561,4205,6976,9701,3396,3968,5461,6680,3348,3554,3905,4111,3142,3235,3476,3376,-20.2568,19.8079,8.70873,48.0633
44160,3154,3304,3513,3697,3303,3513,4142,4705,3362,3796,5884,8643,3425,3865,5614,8058,13.7664,22.5337,8.61304,47.9853
44161,3155,3173,3538,3715,3196,3657,4326,4836,3510,3920,5994,8653,3285,3948,5516,7589,12.6598,21.1302,8.95807,48.0073
44162,3234,3436,3932,4347,3349,3738,4706,6843,3375,3780,5135,9403,3282,3641,4496,5495,4.21741,33.6026,8.6565,48.128
44163,3619,4145,4595,3957,3938,5389,7382,4819,3774,4792,6095,4532,3505,3879,3944,3827,-2.82363,5.13793,8.93446,48.128
44164,3453,3375,3196,3167,3978,3998,3667,3413,5688,6018,4255,3499,7627,8529,4877,3655,21.0337,-13.5389,8.59293,48.2633
44165,3367,3922,5739,10508,3366,3855,5160,7711,3219,3545,4001,4235,3117,3288,3470,3582,-19.0441,27.5602,8.50219,48.0567
44166,3558,4322,7141,8515,3426,4168,5861,6649,3187,3551,3998,4174,3054,3288,3495,3420,-18.9564,17.8863,8.5056,47.8713
44167,5413,4572,3629,3289,8750,6017,3931,3310,6408,4967,3824,3320,4270,3911,3377,3198,-4.62409,-20.668,8.95116,48.124
44168,3225,3463,3982,4537,3326,3685,4765,7264,3391,3719,5105,9287,3237,3491,4429,5310,2.87195,28.7546,8.99191,48.144
44169,3268,3651,4513,5702,3330,3711,5155,9703,3221,3575,4576,6673,3179,3494,3894,4300,-5.11247,31.151,8.83687,47.9633
44170,3389,3750,3919,3589,3687,4481,5467,4322,3823,5615,7976,4931,3667,4427,4998,4258,5.51514,5.17614,8.93157,48.1993
44171,8002,5184,3899,3356,9598,5240,3807,3429,5196,4232,3584,3211,3822,3575,3304,3020,-12.1361,-28.1412,8.63028,48.306
44172,4433,7045,7545,4893,4088,5562,5747,4285,3695,3985,3948,3586,3181,3339,3290,3391,-19.5876,1.13589,8.60796,48.0087
44173,3298,3664,5030,7068,3330,3843,5490,9991,3288,3491,4305,5491,3122,3422,3706,3854,-10.1138,26.5401,8.96152,48.262
44174,4119,4520,3890,3498,5228,6867,4398,3554,5374,6950,4614,3531,4147,4235,3835,3435,0.271216,-9.79629,8.84491,48.13
44175,3211,3328,3326,3520,3193,3563,4068,4209,3468,3978,5553,7142,3425,4216,6681,9436,19.1685,19.8775,8.86954,48.2113
44176,3051,3242,3437,3402,3201,3473,3820,4009,3381,3898,4932,6034,3500,4145,6890,11428,26.8038,22.2773,8.60633,47.8953
44177,3319,3941,6748,12116,3309,3877,4857,6181,3231,3394,3878,3857,3057,3359,3424,3404,-28.6295,24.4666,8.52004,47.968
44178,3402,3940,5665,10814,3311,3865,5005,7680,3223,3482,4051,4231,3086,3323,3517,3486,-19.6842,31.473,8.51363,48.054
44179,4428,4047,3481,3288,7283,4841,3682,3373,9072,5221,3829,3317,5130,4330,3531,3243,2.75406,-26.8417,8.68863,48.064
44180,3913,5988,9797,6255,3757,4571,5448,4685,3379,3702,3818,3604,3215,3347,3391,3276,-25.3113,7.39069,8.85255,48.0973
44181,3407,3817,6213,12433,3482,3833,4874,6140,3308,3431,3829,3900,3069,3116,3321,3395,-27.5234,27.3402,8.69274,47.712
44182,7060,9854,5568,3798,4892,5308,4280,3686,3806,3780,3518,3341,3352,3425,3259,3181,-28.1775,-9.81531,8.83043,48.072
44183,9212,7145,4198,3465,6448,5552,4028,3487,4168,4106,3652,3210,3325,3462,3206,3210,-20.27,-18.6092,8.91084,47.916
44184,3746,3559,3333,3150,4654,4437,3666,3286,7603,6778,4219,3593,6651,5867,4003,3520,12.1687,-17.0893,8.56373,48.0433
44185,3078,3206,3344,3436,3244,3458,3852,4047,3334,3771,4803,6704,3384,3958,6057,12188,24.2753,29.2093,8.60248,47.9093
44186,3210,3550,3644,3488,3560,4044,4788,4215,3779,5310,8158,5286,3752,4664,6129,4835,10.422,6.87099,8.93555,48.2747
44187,3294,3361,3166,3069,4137,3776,3407,3317,7177,4888,3750,3362,11795,5967,3955,3336,21.9267,-29.7252,8.75034,47.838
44188,3247,3930,6219,12434,3196,3847,4646,6061,3265,3406,3840,4082,3114,3291,3510,3492,-33.2612,25.35,8.64642,47.72
44189,3374,3336,3381,3195,3708,3964,3754,3440,4891,6312,4924,3864,5617,8711,5765,4070,20.0985,-6.28732,8.78462,48.204
44190,3242,3608,3853,4127,3347,3904,5011,5946,3478,3978,6300,8456,3410,3711,4653,5567,5.38332,19.5179,8.66545,48.394
44191,10498,7568,4152,3383,5792,4991,4005,3433,3953,3817,3392,3185,3467,3505,3265,3191,-32.5858,-19.3095,8.54539,47.7313
44192,3441,3540,3342,3291,4053,4449,3920,3471,5507,7467,4954,3785,5327,7122,4920,3872,14.3701,-8.37546,8.77838,48.3073
44193,3105,3346,3301,3318,3416,3664,3697,3683,3841,4538,5276,4532,4011,6184,9864,6219,28.4659,6.82188,8.83072,47.9967
44194,3341,3774,5550,9447,3410,3858,5204,8528,3228,3552,4044,4667,3165,3305,3493,3616,-16.2628,29.7041,8.93997,48.1213
44195,3356,3300,3327,3075,3929,3820,3649,3362,4969,5409,4242,3693,7617,9672,5231,3783,26.7641,-11.367,8.50336,48.2893
44196,3357,3352,3233,3138,4075,3741,3450,3239,6572,4854,3912,3315,11913,6144,4000,3464,24.033,-28.5578,8.52211,47.8393
44197,3176,3303,3703,3750,3366,3537,4157,5169,3448,3882,5314,9358,3341,3760,5444,7934,12.6117,27.0306,8.58869,48.428
44198,3286,3332,3642,3829,3342,3626,4429,5654,3374,3805,5363,9813,3327,3748,4745,6555,8.61681,31.7486,8.59095,47.9133
44199,3182,3288,3264,3397,3442,3631,3655,3642,3706,4329,5065,4931,3881,5337,10041,6969,31.1138,9.7337,8.99105,47.84
44200,3352,3800,5040,7095,3394,3776,5387,9819,3271,3649,4379,5506,3137,3230,3601,3879,-9.7972,26.8454,8.76243,48.21
44201,3258,3861,5811,11475,3318,3770,4933,7017,3269,3444,3801,4030,3123,3142,3486,3391,-21.9823,32.8886,8.80615,47.4193
44202,11098,6182,3884,3388,7213,5063,3731,3378,4149,3795,3439,3198,3452,3446,3202,3133,-21.1284,-25.1843,8.93606,47.834
44203,10205,8301,4254,3484,5631,5075,4039,3404,3863,3904,3419,3272,3323,3410,3236,3131,-31.8724,-17.8984,8.83211,47.9673
44204,3356,3448,3334,3230,3812,4076,3726,3322,5158,6331,4506,3699,6318,8612,5278,3862,19.7268,-8.9122,8.61886,48.0453
44205,3273,3933,5250,7067,3479,3953,6155,9014,3322,3602,4385,5121,3100,3284,3643,3676,-11.1932,21.3667,8.79701,48.1713
44206,3174,3488,3978,3928,3474,3813,5322,5529,3339,4244,7211,7502,3333,3825,4948,5068,5.86119,16.0358,8.89391,48.1173
44207,3895,3609,3243,3166,5557,4369,3567,3292,9994,5260,3758,3298,6976,4875,3790,3238,9.35873,-30.1097,8.87959,47.9247
44208,3402,3380,3188,3074,4047,4011,3582,3253,5858,5721,4015,3561,8435,8385,4709,3606,22.7346,-15.1359,8.53606,48.1513
44209,3422,3885,5897,12626,3454,3706,4766,6132,3250,3354,3768,3911,3102,3183,3369,3396,-29.6498,31.6282,8.71951,47.4807
44210,3166,3274,3344,3254,3503,3654,3782,3669,3973,4553,5377,4456,4221,6492,9462,5709,24.7007,5.20012,8.68885,47.926
44211,3396,3922,5806,12665,3406,3738,4719,5998,3232,3456,3721,3982,3191,3301,3281,3364,-30.6238,29.3596,8.78722,47.452
44212,7338,5534,3922,3432,8833,5865,3918,3362,4994,4376,3631,3278,3650,3634,3397,3153,-12.0416,-21.7339,8.71194,48.2113
44213,8319,5355,3897,3358,9081,5588,3892,3418,4681,4130,3474,3166,3580,3575,3344,3063,-13.7266,-24.6967,8.71076,47.9473
44214,3424,3476,3315,3057,4057,3820,3518,3313,6276,4978,3935,3377,11412,7125,4087,3280,25.199,-22.0769,8.81541,48.3
44215,12543,6030,3886,3326,6013,4732,3760,3458,3976,3762,3390,3211,3386,3442,3268,3142,-29.8974,-29.1972,8.59265,47.55
44216,3474,4086,5296,4958,3590,4474,8063,6547,3519,4040,5192,4776,3292,3492,3901,3761,-7.01882,12.094,8.98614,48.3073
44217,3606,4267,6558,7011,3523,4150,6759,6909,3324,3552,4337,4464,3100,3307,3539,3645,-14.477,15.7992,8.55991,48.034
44218,3366,3759,3992,3759,3674,4498,5900,4710,3777,5202,7678,5231,3652,4168,4853,4309,3.85838,7.21171,8.54771,48.352
44219,3324,3927,5635,10231,3398,3758,5042,8274,3254,3424,3971,4401,3162,3257,3424,3600,-17.6066,29.0152,8.87321,48.0547
44220,3404,3619,3472,3191,3897,4366,4043,3473,5154,7689,5328,3926,5115,6764,5078,3895,13.3765,-6.59316,8.89505,48.276
44221,3453,3430,3274,3186,3987,3744,3411,3370,5948,4772,3769,3463,12426,6151,3971,3541,30.4559,-33.3158,8.51175,47.9307
44222,3417,3974,5965,12530,3355,3721,4769,6191,3300,3539,3769,3977,3170,3263,3368,3394,-26.748,28.4181,8.77513,47.8013
44223,3074,3313,3556,3489,3222,3608,3880,4269,3338,4005,5455,7379,3417,4015,6786,9669,18.8632,20.6995,8.92544,48.3167
44224,3264,3700,4378,5277,3391,3805,5431,8986,3378,3781,4962,7125,3188,3421,4024,4389,-3.17299,24.7991,8.56431,48.3333
44225,3207,3632,4349,5097,3434,3746,5492,8309,3419,3819,5229,7384,3254,3483,3987,4514,-1.93033,22.744,8.57423,48.2367
44226,5976,5678,3994,3328,7555,7274,4211,3540,4889,4604,3754,3334,3714,3678,3328,3111,-10.2364,-15.7997,8.89704,47.9787
44227,3424,3336,3266,3180,3920,3907,3800,3343,5617,6202,4191,3562,7182,8744,4911,3633,20.5329,-12.2504,8.99365,48.1453
44228,4345,7368,9116,5152,4090,4832,5120,4274,3541,3814,3775,3598,3086,3316,3405,3208,-27.0936,2.962,8.57715,48.0267
44229,3154,3422,3655,3633,3461,3777,4746,4459,3623,4735,7973,6156,3728,4362,6081,5587,11.3908,11.2854,8.7513,48.368
44230,9456,7790,4307,3453,6233,5516,4034,3432,4059,3949,3439,3304,3380,3381,3208,3090,-22.2959,-17.7729,8.76989,48.0207
44231,5665,4627,3656,3359,9705,5167,3924,3286,6608,4574,3678,3377,4159,3960,3383,3136,-5.29087,-31.9985,8.65182,48.176
44232,3033,3278,3412,3413,3342,3572,3983,4034,3484,4145,5646,5412,3552,4789,8936,8158,23.375,13.4871,8.85716,48.126
44233,3395,3579,3886,3627,3598,4197,5080,4372,3798,5153,8160,5398,3663,4321,5334,4592,7.14717,7.47112,8.66715,48.102
44234,3062,3406,3604,3636,3362,3765,4263,4402,3429,4344,7306,6724,3556,4427,6543,6488,13.9131,14.1964,8.93912,48.2113
44235,6316,4792,3798,3262,9666,5755,4020,3278,5968,4451,3624,3320,4004,3823,3329,3082,-7.63274,-24.3307,8.82428,48.3253
44236,8039,7264,4380,3510,6507,6217,4283,3515,4172,4033,3610,3291,3477,3451,3241,3178,-18.3615,-16.2478,8.73744,48.112
44237,3336,3892,5145,7438,3307,3657,5413,9473,3181,3629,4241,5326,3129,3337,3640,3723,-11.1327,24.5903,8.95756,47.9113
44238,3358,3863,5233,7834,3432,3806,5328,9401,3257,3556,4126,4853,3129,3365,3584,3633,-12.4382,33.2706,8.57914,47.8387
44239,4080,5618,7175,5014,4038,5487,6988,4734,3498,4056,4172,3825,3245,3430,3417,3349,-15.7988,4.36265,8.5623,48.084
44240,9305,5923,4019,3445,8002,5425,4004,3432,4397,4053,3561,3071,3517,3451,3237,3186,-17.1696,-22.8192,8.65689,48.0187
44241,3102,3361,3499,3443,3294,3725,4123,4168,3623,4229,6642,6412,3621,4536,7313,6976,16.7272,14.2274,8.62579,48.0447
44242,3940,4499,4905,4213,3905,5844,7787,4656,3720,4670,5359,4242,3347,3607,3859,3693,-6.03731,4.34803,8.70977,48.164
44243,3478,3434,3239,3109,4075,3933,3422,3180,6435,4932,3925,3374,11853,6540,3936,3429,24.5174,-24.1767,8.78483,48.196
44244,4071,4003,3624,3337,5200,6045,4147,3643,6032,7545,4440,3601,4637,4809,3838,3504,3.61193,-11.5725,8.51126,48.3173
44245,4877,5755,4330,3566,5714,8063,4986,3700,4327,5059,3983,3508,3729,3737,3549,3330,-9.12836,-9.31353,8.71656,48.142
44246,3419,3846,5390,9272,3231,3814,5088,8650,3310,3538,4115,4559,3130,3303,3499,3572,-15.9983,28.3534,8.93165,47.824
44247,5202,8737,7123,4456,4468,5509,4962,4125,3616,4021,3681,3520,3169,3352,3274,3216,-23.1794,-2.92148,8.92205,48.2873
44248,4588,4556,3768,3334,6630,6597,4251,3517,6053,5961,4093,3571,4280,4198,3558,3330,-1.76067,-14.9428,8.68999,48.19
44249,4999,8754,7823,4551,4237,4914,4871,3939,3726,3746,3644,3452,3197,3409,3397,3129,-29.834,-1.28597,8.93392,47.8587
44250,7605,9598,5027,3768,5113,5165,4161,3636,3809,3849,3540,3267,3294,3437,3310,3071,-30.9588,-11.5964,8.94807,47.7667
44251,3169,3222,3399,3424,3250,3627,3958,4164,3427,3879,5387,6219,3445,4260,7527,9648,22.1793,18.5068,8.61071,48.0033
44252,3094,3292,3383,3373,3405,3596,4049,3901,3652,4449,6107,5309,3730,5171,8773,6665,20.8947,10.3669,8.57162,47.966
44253,3342,3412,3361,3316,3472,3700,3886,3672,3838,4628,5184,4357,4183,6889,9495,5456,33.2526,4.03499,8.71091,48.1273
44254,3819,5859,10008,6286,3736,4379,5297,4841,3459,3508,3942,3712,3104,3318,3372,3313,-32.8375,7.81196,8.86132,47.9687
44255,5269,9358,7000,4369,4370,5164,4637,3959,3610,3761,3733,3562,3234,3326,3347,3315,-33.8696,-3.41922,8.70954,48.0093
44256,3249,3308,3336,3181,3731,3907,3626,3319,4547,5554,4560,3901,5864,9630,6161,4071,26.0088,-6.07698,8.50719,47.9633
44257,4250,6696,9435,5530,3853,4795,5374,4543,3481,3594,3744,3728,3206,3300,3301,3396,-25.7428,4.52924,8.80712,48.1507
44258,5032,4452,3710,3312,8347,5759,3909,3401,6842,5338,3874,3424,4428,3998,3509,3256,-2.2703,-21.2864,8.58578,48.394
44259,3630,4288,4918,4387,3930,5590,7982,5030,3694,4573,5467,4305,3413,3741,3885,3723,-5.80741,5.49921,8.93973,48.3707
44260,3077,3267,3347,3556,3249,3348,3824,3982,3327,3876,4906,6125,3422,4028,6921,11918,27.9228,23.2014,8.76387,48.1153
44261,3492,3447,3171,3143,4190,3792,3469,3244,7008,5086,3921,3396,11356,6184,3967,3361,21.7036,-27.7388,8.63075,48.1513
44262,8695,5415,3943,3405,8967,5310,3902,3401,4840,3998,3569,3223,3618,3525,3239,3050,-14.4988,-25.4725,8.63861,48.0667
44263,3601,4272,5853,5369,3684,4788,8018,6016,3256,3951,4775,4445,3246,3539,3736,3707,-9.90342,10.8618,8.66107,48.1707
44264,3273,3746,4955,7410,3395,3817,5259,9750,3243,3620,4180,5375,3204,3201,3716,3689,-10.9575,31.4419,8.77792,47.8887
44265,3449,3415,3157,3193,4380,3881,3452,3224,8341,5088,3778,3374,9954,5684,3928,3366,17.047,-32.103,8.94055,47.776
44266,3220,3290,3376,3301,3444,3659,3856,3674,3750,4491,5580,4731,3945,5993,9708,6465,25.647,7.63327,8.75497,48.322
44267,3282,3383,3816,3942,3273,3705,4440,5907,3437,3795,5314,9711,3372,3721,4646,6192,7.15421,33.6977,8.57295,47.9573
44268,6920,4790,3703,3318,9947,5145,3858,3336,5596,4282,3537,3291,3895,3690,3341,3275,-9.1252,-30.9738,8.61916,47.9493
44269,4314,4953,4251,3692,5084,7845,5391,3814,4306,5567,4526,3677,3636,3983,3689,3495,-4.8921,-5.98634,8.84385,48.1487
44270,3637,5020,9311,8158,3463,4283,5408,5165,3328,3515,3888,3902,3098,3291,3357,3313,-26.3162,12.8235,8.9888,48.0913
44271,3020,3163,3367,3417,3193,3624,3950,3921,3541,4139,5345,5841,3576,4484,8310,9404,23.9584,16.7957,8.98201,48.1967
44272,3376,3886,5231,8492,3381,3921,5241,9298,3250,3544,4130,4857,3158,3266,3551,3558,-13.8328,31.2139,8.6853,48.0933
44273,3376,4038,5864,11191,3475,3696,5079,7440,3303,3441,4014,4212,3143,3227,3351,3352,-20.8391,30.0222,8.7163,48.1347
44274,3587,4263,5541,4986,3792,5086,7910,5751,3448,4191,5149,4404,3354,3495,3779,3658,-8.25912,9.06333,8.65379,48.2627
44275,3095,3217,3312,3412,3272,3669,3964,3733,3681,4525,5219,4766,3931,5749,10078,6308,32.4558,7.72859,8.78002,47.954
44276,3258,3429,3395,3271,3520,3854,3982,3804,3987,5376,6452,4576,4193,6132,7878,5172,18.7166,4.14688,8.57119,48.186
44277,4022,6123,9915,6385,3757,4486,5222,4710,3425,3639,3883,3832,3130,3362,3332,3298,-28.9139,7.4647,8.60962,48.3473
44278,3214,3584,4078,4379,3313,3660,4935,7032,3384,3836,5623,8516,3297,3697,4442,5173,2.93959,22.6625,8.78679,48.1087
44279,11791,6808,4074,3480,6094,4928,3746,3504,3873,3823,3410,3196,3379,3362,3250,3048,-27.9208,-22.5544,8.552,47.844
44280,3832,5066,8305,6256,3691,4532,6498,5347,3357,3812,4033,3888,3153,3419,3562,3391,-18.9127,9.76441,8.58274,48.0947
44281,3609,4223,5890,5415,3583,4565,7954,6655,3351,3809,4774,4586,3130,3444,3814,3695,-9.96977,12.3743,8.9026,48.3313
44282,3160,3210,3319,3318,3235,3279,3718,3893,3386,3754,4682,6187,3479,3897,6009,12620,29.1636,30.3882,8.6878,47.4307
44283,3439,3327,3265,3169,3854,3784,3429,3169,6094,4950,3771,3340,12287,6229,3944,3407,29.8468,-26.695,8.50309,47.6387
44284,3341,3665,4471,4737,3500,3949,6188,7187,3365,3925,5801,6796,3248,3612,4259,4573,-1.18909,17.7287,8.73404,48.4113
44285,6740,9956,5573,3792,4912,5161,4401,3624,3599,3791,3754,3390,3277,3431,3252,3288,-32.393,-8.89514,8.81456,47.9607
44286,3632,3773,3504,3274,4701,4903,3827,3512,6402,7936,4720,3578,5205,5549,4287,3583,8.81424,-11.9382,8.78151,48.2573
44287,3110,3455,3647,3654,3344,3655,4470,4982,3343,4047,6590,8159,3440,4107,5684,6636,11.2678,18.5263,8.81353,48.2153
44288,3222,3695,4705,5060,3479,4072,6279,7852,3312,3868,5162,6251,3265,3595,3988,4235,-3.77035,18.5494,8.59862,48.0267
44289,3105,3231,3519,3631,3219,3390,4087,4571,3408,3848,5271,8689,3434,3910,5653,9244,16.0419,26.8934,8.56787,48.14
44290,3356,3915,6367,12366,3288,3828,4753,6011,3248,3458,3777,3901,3161,3250,3417,3371,-33.2382,26.0262,8.5386,47.6447
44291,3408,3608,3786,3651,3795,4655,5147,4055,4042,6029,7689,4635,3891,4653,4955,4219,6.71771,2.88916,8.57013,48.1453
44292,3462,4077,6356,9747,3401,3838,5415,7405,3189,3483,3931,4212,3131,3428,3432,3491,-18.6692,21.6571,8.91316,47.9987
44293,3307,3447,3537,3278,3555,3898,4084,3743,3954,5427,6411,4528,4220,6177,7471,5122,17.5068,3.21096,8.5753,48.106
44294,3439,3645,3632,3494,3866,4857,4779,3859,4498,7246,6738,4226,4045,5039,4884,3919,7.28728,-1.00655,8.91566,48.1107
44295,3367,3287,3086,3115,4035,3767,3426,3261,6594,4824,3822,3435,12058,5998,3843,3383,23.794,-33.3603,8.82615,47.534
44296,3112,3302,3730,3895,3365,3702,4814,5523,3557,4098,6436,8670,3385,3862,5090,5837,7.69197,18.8897,8.95391,48.252
44297,3123,3270,3437,3342,3227,3502,3807,3901,3352,3771,4943,5906,3440,3897,6273,12441,31.5104,25.9859,8.69859,47.7547
44298,3049,3241,3357,3461,3261,3566,3962,3944,3419,4222,5352,5643,3634,4758,8712,8840,25.0948,15.0805,8.60234,48.2807
44299,5643,4635,3558,3312,9625,5155,3837,3308,6762,4698,3765,3272,4273,3810,3506,3183,-5.14544,-30.1497,8.61341,48.228
44300,3459,3436,3235,3063,4136,3826,3392,3296,6680,4915,3903,3318,12246,6068,3889,3359,24.4857,-27.909,8.89479,48.1473
44301,9222,7940,4409,3568,6045,5460,4035,3524,4054,3896,3562,3300,3326,3463,3323,3071,-22.5344,-16.8723,8.54333,48.132
44302,3517,3837,4169,3833,3847,4820,5972,4386,3908,5520,7123,4701,3644,4196,4595,3960,2.82119,4.53598,8.63487,48.0187
44303,5993,5474,3988,3406,8066,6790,4119,3413,5064,4686,3781,3409,3802,3678,3432,3230,-9.2329,-17.5611,8.66891,48.2207
44304,3491,3933,4424,4002,3695,4775,6966,4934,3762,4929,6742,4719,3515,4000,4319,4053,-0.349498,6.6906,8.82223,48.1727
44305,3102,3338,3761,3755,3346,3689,4510,4991,3513,4097,6608,8247,3442,3911,5467,6483,10.9099,18.8432,8.54016,48.1733
44306,12307,6110,4009,3426,6358,4788,3758,3253,3942,3696,3407,3347,3313,3278,3204,3158,-25.6791,-33.6096,8.72772,47.5693
44307,3626,4648,6156,4940,3770,5273,8012,5405,3484,4067,4764,4237,3210,3548,3572,3552,-10.8104,7.24423,8.75143,48.176
44308,4409,6712,8307,5038,4010,5232,5896,4375,3673,3852,3833,3623,3234,3342,3336,3304,-20.8981,3.07556,8.92056,48.1173
44309,6125,8864,5494,3899,5005,6441,4680,3843,3772,3972,3675,3471,3330,3394,3389,3135,-20.2005,-8.23764,8.90739,48.326
44310,5212,7644,5988,4077,4621,6638,5326,4058,3797,4137,3941,3569,3315,3435,3333,3263,-17.3529,-4.3491,8.93767,48.236
44311,3378,4040,6144,11781,3303,3782,4893,6823,3222,3422,3872,4172,3131,3208,3397,3407,-23.378,26.8138,8.77973,47.9833
44312,3100,3351,3589,3660,3229,3532,4055,4691,3331,3921,5140,9097,3415,3855,5261,8596,14.3287,29.6049,8.99876,47.882
44313,3145,3270,3442,3501,3175,3594,3961,4250,3486,4073,5402,7137,3486,4142,6768,9357,19.4173,20.099,8.59556,48.126
44314,3267,3394,3264,3091,3656,3837,3744,3429,4570,5183,4675,3913,5580,9455,6764,4183,28.2144,-4.63895,8.5384,48.0033
44315,3243,3471,3539,3304,3348,3776,4394,3992,3783,4946,7311,5316,3791,5028,7559,5591,15.8933,8.49057,8.97102,48.2613
44316,4783,5186,4198,3613,5999,7865,4662,3720,4690,5283,4087,3496,3864,3924,3547,3426,-6.43497,-10.8535,8.52376,48.2287
44317,6641,5044,3767,3367,9328,5807,3852,3499,5374,4534,3690,3359,3896,3634,3326,3249,-9.32155,-22.8977,8.62135,48.2447
44318,3856,3702,3387,3173,5647,4455,3523,3320,10024,5276,3847,3433,6680,4797,3781,3301,8.92064,-27.3331,8.90825,48.1347
44319,3360,3852,4393,4246,3613,4613,6982,5220,3881,4637,6994,5093,3402,3835,4332,4287,-0.0123561,8.91283,8.77687,48.4933
44320,6569,9363,5488,3904,4964,5680,4411,3834,3838,3719,3636,3361,3247,3479,3141,3137,-23.8902,-9.25659,8.6158,47.8473
44321,5144,5900,4348,3578,6089,7989,4702,3578,4474,4882,3860,3454,3700,3740,3366,3318,-9.50276,-11.2252,8.88813,48.0813
44322,3184,3611,4042,4530,3295,3897,5328,7093,3361,3927,5783,7848,3303,3625,4352,4940,1.7039,20.1016,8.62447,48.0793
44323,6282,9396,5996,4034,4730,5755,4475,3715,3586,3866,3632,3340,3253,3436,3242,3118,-23.8157,-7.69218,8.5863,47.904
44324,3547,4617,9043,9011,3445,4001,5128,5425,3203,3535,3784,3875,3109,3322,3400,3365,-30.6514,15.1333,8.91873,47.8733
44325,3092,3209,3363,3412,3425,3606,3970,3834,3639,4346,5797,5044,3915,5350,9299,6537,22.0201,10.0147,8.88599,47.892
44326,3098,3330,3418,3596,3201,3600,4007,4346,3513,3914,5258,8003,3454,4006,5935,9664,17.5712,24.2173,8.57494,48.2287
44327,3615,3534,3285,3033,4593,4208,3546,3340,8003,6032,3972,3486,7998,6004,4015,3536,15.0943,-20.2962,8.82605,48.1333
44328,5658,4907,3853,3322,8556,6129,4040,3408,5891,4941,3792,3479,4059,3771,3465,3211,-6.33967,-20.5193,8.53625,48.3213
44329,3096,3206,3343,3384,3157,3499,3830,3901,3366,3893,4938,5877,3394,4122,7050,11754,29.6262,22.0014,8.85052,47.8733
44330,3353,3334,3284,3109,3853,3830,3533,3265,5888,4780,3807,3464,11612,6901,4026,3365,30.7579,-22.2057,8.70665,47.6027
44331,4808,4230,3529,3213,8532,4950,3724,3491,8053,4822,3653,3341,4596,4156,3549,3389,-0.733856,-30.6005,8.84645,48.024
44332,4647,8197,8513,4840,4200,4898,5008,4165,3383,3821,3793,3621,3244,3449,3420,3122,-31.5411,0.189994,8.70442,48.214
44333,4899,4187,3524,3315,8127,5118,3709,3309,8253,5056,3691,3270,4769,4091,3574,3225,-0.263772,-25.7871,8.77116,48.078
44334,3829,4530,4609,4053,4199,6315,6971,4469,3877,5127,5381,4125,3475,3892,3991,3594,-4.04378,1.6407,8.68171,48.2913
44335,3267,3651,4503,5722,3356,3873,5188,9415,3364,3517,4594,6726,3260,3351,3883,4274,-4.59234,29.1981,8.64664,47.9627
44336,10157,5653,3961,3501,7949,5013,3780,3441,4284,4058,3474,3312,3478,3479,3200,3092,-18.2126,-32.3562,8.60021,47.888
44337,5720,4506,3702,3272,9417,5113,3763,3258,7010,4561,3781,3380,4137,3814,3426,3267,-4.5615,-28.1628,8.59407,48.0847
44338,3174,3205,3501,3286,3385,3658,3806,3633,3621,4168,5366,4853,3869,5503,9738,6875,27.3346,9.60161,8.81103,47.7607
44339,3272,3415,3370,3281,3717,3873,3799,3477,4269,5822,5322,4187,4833,7925,6966,4432,20.2796,-1.95863,8.5005,47.9733
44340,6641,5314,3934,3317,9003,6259,3904,3425,5246,4455,3689,3318,3807,3753,3379,3042,-10.0531,-20.6784,8.82945,48.324
44341,8890,5428,3803,3461,9101,5053,3826,3285,4746,4017,3587,3252,3641,3537,3249,3050,-14.6642,-28.9435,8.78196,47.9507
44342,3423,3472,3332,3053,3733,3866,3579,3365,4952,5215,4365,3586,7142,9721,5224,3706,32.8449,-10.7545,8.74678,47.8227
44343,3162,3409,3389,3390,3459,3866,4006,3630,4049,5019,5947,4622,4276,6440,8603,5302,20.733,4.1306,8.78448,48.3793
44344,3562,3520,3334,3117,4365,4230,3747,3303,7092,6766,4267,3483,7010,6551,4143,3346,14.6865,-15.7576,8.92626,47.8907
44345,4548,7666,8541,4895,4046,5044,5307,4204,3480,3813,3674,3628,3281,3353,3427,3357,-23.8633,1.3135,8.9777,48.176
44346,3243,3496,3767,3826,3371,3742,5015,5198,3442,4345,7584,7236,3465,3995,5309,5299,7.52426,14.4959,8.82019,48.222
44347,3218,3716,4758,5613,3444,3987,6048,8727,3281,3690,4825,5903,3111,3537,3839,4185,-5.64728,20.5798,8.58939,47.9213
44348,3402,3936,5914,12664,3406,3900,4843,6209,3210,3400,3748,3909,3173,3256,3355,3343,-26.3422,33.2626,8.88352,47.7787
44349,9192,6243,4076,3346,7819,5665,3929,3414,4424,3967,3583,3176,3448,3419,3316,3049,-17.3442,-21.7651,8.89025,48.044
44350,3778,4982,9493,7974,3563,4141,5332,5172,3257,3575,3818,3764,3192,3295,3350,3385,-28.1685,12.8255,8.66134,48.0473
44351,3648,4088,4316,3944,3995,5424,7060,4508,4013,5122,6191,4387,3559,3946,4125,3749,-1.69998,3.65907,8.81493,48.05
44352,3143,3398,3617,3617,3240,3408,4266,5020,3316,3779,5168,9561,3226,3770,5195,8232,12.941,28.0888,8.80881,47.9707
44353,3352,3481,3238,3262,3707,3812,3686,3367,4477,5214,4490,3785,5922,9605,6451,4050,32.1998,-5.90767,8.72471,47.9327
44354,3982,3594,3311,3097,5735,4455,3661,3222,9819,5100,3926,3316,6596,4782,3756,3348,8.29074,-32.607,8.63326,47.8
44355,3682,5075,9637,7668,3572,4247,5147,5094,3316,3552,3649,3820,3031,3262,3399,3352,-31.2174,12.1156,8.70113,47.6687
44356,9558,5443,3940,3428,8646,5206,3901,3464,4426,3881,3443,3222,3349,3392,3196,3210,-16.6514,-32.7652,8.87538,47.8033
44357,3585,4534,8510,9071,3517,4068,5305,5780,3295,3545,3881,3971,3102,3268,3390,3421,-24.5703,15.7652,8.68945,48.162
44358,3133,3348,3373,3460,3352,3396,3815,3957,3297,3839,4810,6126,3358,3977,6324,12342,32.9326,25.5181,8.56968,47.938
44359,3288,3729,4266,4820,3349,3908,5749,7930,3343,3849,5403,7201,3204,3512,4153,4596,-1.13919,20.2977,8.77474,48.2
44360,3430,3626,3337,3134,3835,4064,3841,3365,5169,6604,4534,3817,6074,8487,5312,3957,18.8946,-8.90691,8.6141,48.3907
44361,3290,3593,4149,4400,3322,3840,5488,6872,3378,3908,5899,7483,3315,3703,4434,4926,1.86524,19.6006,8.5068,48
44362,11232,7404,4127,3518,5903,4874,3841,3428,3929,3851,3489,3230,3469,3369,3253,3148,-32.8448,-20.6398,8.75465,48.0433
44363,3159,3476,4126,4549,3361,3747,4822,7906,3428,3751,5046,8696,3270,3611,4137,4931,1.2791,32.0564,8.92286,48.0107
44364,11786,6533,4099,3409,6228,4868,3852,3451,3997,3733,3381,3248,3475,3362,3264,3000,-27.4118,-23.927,8.53812,47.7907
44365,3374,3903,5901,12697,3364,3739,4578,5893,3212,3447,3729,3866,3125,3261,3405,3398,-30.2483,30.6892,8.58834,47.2613
44366,3108,3194,3331,3391,3378,3669,3776,3826,3579,4059,5260,5429,3573,4739,8992,8910,28.0576,15.0701,8.73232,48.1427
44367,3646,3910,3599,3250,4578,5511,4081,3550,5797,7905,4860,3651,4635,5163,4166,3548,6.66377,-9.7656,8.77253,47.9
44368,3186,3370,3742,3849,3225,3741,4398,5788,3359,3837,5287,9858,3300,3788,4815,6396,8.32533,33.334,8.74631,47.9593
44369,3838,4002,3525,3424,4804,5878,4233,3547,5863,7987,4721,3572,4644,4963,3963,3481,4.46875,-9.66523,8.97437,48.2967
44370,4752,5208,4066,3547,5856,8166,4822,3662,4659,5638,4235,3577,3853,3803,3582,3311,-6.04264,-9.59194,8.57523,48.4913
44371,3146,3317,3864,4021,3351,3635,4555,6110,3438,3930,5654,9584,3393,3703,4693,5984,6.82465,23.327,8.91139,48.252
44372,3836,3716,3391,3150,5848,4411,3626,3353,10188,5166,3881,3331,6483,4801,3598,3385,8.37874,-31.4856,8.85033,48.1093
44373,3060,3219,3471,3382,3346,3467,3771,3948,3501,3994,5104,5842,3424,4085,7746,10281,33.2985,18.6497,8.6534,47.7607
44374,3337,3894,5266,8806,3382,3748,5092,9181,3299,3480,4120,4693,3157,3285,3585,3583,-14.3313,30.9597,8.93483,47.9387
44375,5015,7678,6329,4260,4403,6211,5503,3991,3763,4010,3729,3682,3364,3424,3463,3313,-18.1378,-2.5714,8.54353,48.092
44376,4191,4630,4381,3606,4678,7355,5628,4027,4427,5942,4774,3847,3678,4068,3806,3537,-3.31665,-4.25426,8.73897,48.3833
44377,4280,5016,4352,3759,4985,7779,5459,3909,4325,5495,4528,3705,3717,3811,3689,3503,-5.56928,-5.91061,8.52701,48.208
44378,5667,4588,3847,3233,9458,5566,3775,3351,6365,4687,3648,3369,4090,3726,3438,3183,-5.35712,-23.2978,8.88925,47.994
44379,3824,3704,3299,3209,5525,4259,3733,3304,9857,5448,3882,3411,7022,4881,3766,3237,9.72792,-27.0243,8.68968,48.2407
44380,3775,4190,4338,3844,4138,6000,6476,4231,4140,5558,5810,4131,3640,3977,4137,3790,-1.43068,0.911005,8.65057,48.1167
44381,3309,3437,3143,3157,3887,3904,3444,3172,6480,4771,3941,3429,11725,6718,4096,3323,25.2825,-23.1755,8.90044,47.9573
44382,3480,3758,4158,3866,3677,4751,6222,4507,3942,5206,7452,4846,3598,4105,4669,4158,2.44718,5.95459,8.53554,48.2633
44383,4108,4255,3797,3464,5515,6377,4239,3657,5927,6971,4411,3444,4412,4549,3855,3346,1.61495,-12.5139,8.55394,48.218
44384,12534,6063,3888,3438,6207,4730,3707,3411,3992,3776,3456,3249,3447,3314,3210,3166,-26.4086,-31.9283,8.84402,47.7253
44385,3234,3449,3553,3337,3632,4080,4366,3956,4006,5514,7283,4828,4054,5327,6666,4969,13.8093,4.57672,8.68627,48.1693
44386,3901,3688,3471,3107,5327,4601,3611,3291,8942,6320,3847,3457,6537,5170,3888,3366,9.38784,-20.7221,8.7684,48.3493
44387,3219,3301,3296,3291,3453,3737,3771,3710,4082,4720,5187,4339,4473,7408,9063,5219,27.4154,2.76375,8.75182,48.1793
44388,8641,8295,4624,3645,5884,5728,4110,3353,3949,3821,3613,3365,3315,3427,3261,3149,-21.8638,-15.3028,8.98883,48.12
44389,5311,4391,3600,3307,9262,5140,3707,3335,7141,4704,3695,3240,4307,3939,3462,3143,-3.11281,-29.8068,8.97697,47.7893
44390,4240,5237,4823,3802,4592,7362,6378,4145,3962,4915,4691,3841,3653,3826,3662,3519,-7.75739,-2.08846,8.89025,48.432
44391,10893,7083,4048,3361,6220,5014,3967,3428,4040,3824,3496,3214,3367,3402,3159,3075,-24.5858,-21.1171,8.79098,47.7273
44392,3346,3425,3198,3093,4020,3642,3511,3307,6724,4925,3784,3394,11856,5953,3948,3421,22.769,-33.6367,8.70028,47.698
44393,3132,3757,4521,5575,3355,3803,5132,9709,3245,3608,4727,6631,3226,3455,3965,4216,-4.74978,33.1957,8.98875,48.038
44394,3299,3278,3374,3338,3336,3770,3748,3753,3735,4299,5256,4846,3696,5524,10012,6837,31.5952,9.29269,8.73026,48.0673
44395,5653,5768,4248,3486,6793,7576,4471,3539,4708,4806,3836,3418,3717,3772,3448,3208,-10.1064,-13.7285,8.93183,48.298
44396,3382,3319,3177,3063,3914,3877,3530,3266,5645,5308,4108,3540,9239,8604,4573,3585,25.336,-15.7826,8.8023,48.0867
44397,4570,4745,3909,3461,6303,7524,4494,3600,5162,5920,4207,3433,3872,3973,3561,3442,-3.88025,-12.0944,8.93739,48.1173
44398,3521,4247,7670,10578,3420,3924,5140,5957,3301,3427,4049,3919,3071,3244,3353,3413,-25.6113,19.2977,8.87781,48.156
44399,3746,3778,3502,3315,4478,4961,4074,3569,5793,7937,4851,3637,4835,5712,4354,3565,8.80404,-9.7008,8.60196,48.0713
44400,3399,3861,5058,7588,3399,3808,5199,9505,3358,3573,4086,5164,3154,3244,3631,3725,-11.7116,31.9814,8.53993,47.8347
44401,4231,4366,3878,3431,5480,7017,4481,3626,5326,6821,4429,3589,4057,4371,3840,3358,-0.519685,-10.1411,8.66862,48.2007
44402,7383,5146,3823,3298,8999,5792,3918,3262,5144,4287,3660,3287,3805,3701,3397,3180,-11.3412,-23.5946,8.57901,48.0547
44403,3199,3272,3106,3336,3445,3739,3672,3587,4028,4782,4942,4224,4590,7792,8828,5047,30.2366,1.69748,8.68873,47.726
44404,3480,4007,4496,4095,3735,4942,7088,5058,3734,4622,6480,4869,3400,3908,4218,3945,-1.39307,7.26416,8.61538,48.0513
44405,3421,4084,6343,9367,3336,3927,5427,7547,3201,3501,4024,4349,3194,3282,3405,3491,-18.0047,22.1613,8.5339,47.9327
44406,3024,3296,3579,3610,3204,3439,3965,4773,3359,3923,5242,9032,3286,3883,5488,8808,14.859,27.0089,8.61912,47.9407
44407,3124,3295,3317,3414,3279,3459,3692,3914,3485,3794,4800,6025,3346,3912,6060,12633,29.3702,28.7814,8.73121,47.6993
44408,3842,3619,3342,3064,5434,4356,3521,3242,9608,5544,3832,3440,7149,4952,3714,3182,9.86913,-25.6769,8.66869,47.894
44409,10432,8110,4331,3541,5621,5126,3906,3428,3859,3776,3447,3255,3352,3387,3167,3044,-31.0228,-18.2164,8.68548,47.8547
44410,3431,3363,3286,3185,3879,3838,3378,3166,5976,4647,3760,3357,12822,6198,3916,3384,33.0629,-27.6708,8.97599,47.724
44411,12583,5882,3890,3374,5958,4711,3769,3382,3882,3700,3567,3354,3427,3380,3263,3148,-32.9258,-31.8347,8.8936,47.5133
44412,9534,7353,4174,3562,6498,5589,3999,3468,4123,3854,3560,3294,3469,3443,3204,3051,-20.8682,-18.9394,8.75924,48.1167
44413,3169,3274,3340,3340,3293,3590,3765,3903,3463,4147,5218,5442,3535,4662,8904,8931,28.4711,14.8236,8.7803,47.984
44414,3383,4248,7759,10848,3399,3923,5007,5576,3232,3474,3658,3916,3132,3333,3503,3364,-32.2403,19.2283,8.75806,47.8367
44415,3575,3581,3251,3068,4908,4121,3699,3266,8821,5928,3853,3401,8134,5647,3796,3436,13.4915,-22.266,8.97112,48.3233
44416,4888,7567,6192,4312,4604,6411,5336,3992,3788,3940,3852,3531,3391,3436,3391,3257,-17.7923,-3.21444,8.70864,47.9253
44417,3244,3776,4938,7095,3315,3831,5151,9959,3232,3588,4378,5447,3283,3405,3708,3868,-10.0785,30.1727,8.7744,48.1453
44418,12618,6013,3874,3349,6192,4763,3717,3354,3848,3724,3274,3278,3469,3311,3249,3246,-33.8503,-27.8941,8.93676,47.5193
44419,3498,3839,6121,12523,3436,3751,4756,6150,3215,3344,3712,3902,3141,3207,3404,3381,-30.8602,28.9624,8.56424,47.5867
44420,3634,3547,3329,3087,5142,4329,3604,3275,9659,5295,3895,3373,7754,5227,3837,3337,11.9049,-26.8002,8.80186,48.216
44421,3419,4044,5660,10221,3292,3889,5112,8091,3273,3598,4019,4374,3137,3159,3509,3567,-17.713,28.4118,8.87225,48.2427
44422,10905,7483,4163,3449,5782,5011,3965,3379,3901,3838,3400,3349,3464,3350,3185,3229,-32.4203,-19.798,8.75375,47.902
44423,3663,4145,3821,3533,4301,5911,4991,3848,4658,7266,5737,3995,4026,4665,4351,3669,3.33091,-3.75062,8.92777,48.3867
44424,3495,3698,3399,3198,4133,4732,3899,3488,5840,7913,4841,3825,5249,6340,4620,3714,11.9316,-9.07683,8.88448,48.256
44425,6417,9841,5912,4064,4707,5222,4501,3726,3710,3747,3551,3352,3362,3453,3319,3201,-31.5381,-7.75447,8.52795,48.0567
44426,3405,3961,6753,12042,3313,3799,4725,6113,3125,3361,3808,3843,3154,3277,3422,3481,-33.3729,23.8727,8.73842,47.7213
44427,3096,3255,3604,3593,3208,3677,4146,4685,3338,3808,5759,8997,3381,3875,5680,8155,13.6478,22.8744,8.84489,48.1713
44428,3337,3594,3773,3659,3533,4095,5087,4364,3797,5392,8017,5311,3741,4443,5384,4619,7.53254,6.82829,8.51891,48.0973
44429,3723,3679,3369,3176,4819,4768,3712,3313,7239,7357,4268,3555,5776,5740,4135,3479,10.2374,-15.1821,8.84621,48.072
44430,4772,4526,3822,3333,6516,6829,4293,3489,5910,5929,4145,3426,4281,4266,3606,3331,-2.09805,-14.8423,8.55047,48.316
44431,3261,3617,4292,5365,3337,3752,5219,9072,3317,3655,4644,7170,3245,3515,4061,4493,-3.02024,31.5897,8.56593,48.01
44432,4688,8187,8635,4846,4134,4933,4925,4201,3512,3737,3694,3637,3207,3254,3337,3345,-30.3546,0.44958,8.89507,48.1813
44433,3166,3804,4732,6036,3393,3786,5872,9355,3321,3680,4698,6069,3121,3376,3672,3973,-6.76228,22.4814,8.72265,48.036
44434,3158,3393,3866,4204,3366,3592,4662,6040,3400,3827,5689,9401,3291,3704,4821,5952,6.55047,23.7442,8.7268,48.244
44435,3430,3654,4286,5132,3346,3756,5013,8963,3339,3685,4758,7710,3216,3529,3939,4459,-1.98924,30.4391,8.81668,48.1433
44436,3552,4825,9121,8517,3437,4135,5445,5412,3337,3492,3839,3979,3165,3317,3381,3304,-25.8543,13.7769,8.84822,48.172
44437,3477,3967,5917,11896,3386,3733,4882,6990,3099,3485,3863,4127,3173,3232,3350,3318,-22.6263,30.2493,8.77923,47.93
44438,3206,3342,3431,3340,3524,3711,4000,3792,3777,4692,6471,5003,3943,5450,8692,5897,19.7646,7.79766,8.66427,48.1807
44439,3214,3465,3584,3530,3531,4142,4537,4035,3873,5579,7564,4929,3954,5156,6440,4809,12.461,5.03091,8.78539,48.228
44440,3401,3451,3251,3125,4109,3890,3496,3269,7398,5054,3845,3220,11020,5776,3868,3434,20.4876,-29.6418,8.50235,47.738
44441,3510,4271,7603,10044,3361,4023,5294,6183,3273,3407,3926,3968,3094,3251,3409,3426,-23.4106,18.5474,8.90668,48.0287
44442,3295,3753,4737,6808,3360,3705,5453,9960,3279,3649,4384,5738,3148,3312,3630,3900,-8.87419,27.613,8.80883,48.074
44443,3219,3379,3428,3345,3629,3840,3826,3579,4325,5564,5494,4226,4855,7434,7511,4531,21.1475,-0.326346,8.59683,48.1233
44444,3268,3658,4659,5940,3449,3832,5239,9566,3315,3864,4651,6518,3218,3386,3899,4121,-5.58332,26.4477,8.50526,48.3887
44445,3486,3983,5017,4895,3583,4396,7707,6222,3390,4045,5678,5111,3266,3684,4027,3901,-5.27729,12.5255,8.56631,48.2607
44446,5165,4402,3680,3356,8659,5551,3821,3348,6922,4995,3718,3304,4467,3995,3528,3249,-2.97946,-22.584,8.67441,48.1067
44447,12549,6177,3960,3435,6047,4759,3809,3436,3928,3744,3571,3269,3400,3355,3198,3057,-29.7724,-27.3862,8.5414,47.796
44448,8881,8988,4791,3452,5134,5236,4105,3604,3770,3889,3599,3243,3363,3281,3249,3202,-30.7614,-14.5833,8.71095,47.858
44449,3131,3234,3503,3458,3323,3466,3789,3914,3542,4111,5147,5674,3614,4592,8733,9248,27.1769,15.6995,8.82295,48.3193
44450,3729,3531,3246,3174,4735,4100,3536,3342,9145,5315,3892,3386,8750,5501,3847,3405,14.412,-26.712,8.98572,48.4227
44451,3343,3462,3563,3255,3768,4208,4199,3823,4518,6849,6334,4223,4274,6061,5866,4231,12.9298,-1.15186,8.80884,47.9847
44452,5137,8868,7547,4494,4344,5084,4835,4001,3620,3710,3714,3435,3241,3349,3220,3239,-31.1424,-2.15618,8.55945,47.892
44453,3487,3847,4397,4510,3692,4397,7074,5745,3580,4386,6526,5522,3351,3713,4203,4154,-1.25822,11.7306,8.81413,48.3893
44454,5181,7162,5150,3937,5021,7378,5146,3899,3922,4319,3971,3567,3474,3429,3539,3304,-14.6707,-6.7579,8.84399,48.266
44455,3318,3444,3361,3226,3805,3876,3605,3292,5358,5321,4259,3587,8110,9321,4934,3722,26.8698,-13.2168,8.50131,48.3593
44456,3189,3373,3704,3801,3246,3654,4442,5254,3476,4042,6200,8866,3383,3886,5254,6377,9.86697,20.2762,8.83117,48.098
44457,3205,3704,4466,5559,3353,3805,5057,9255,3253,3727,4720,6885,3190,3501,3954,4306,-4.38639,30.2884,8.62184,47.96
44458,4519,7450,7791,4837,3979,5445,5535,4260,3639,3793,3841,3628,3247,3464,3493,3352,-21.033,0.879119,8.91543,48.182
44459,4483,4253,3641,3294,6050,6291,3984,3582,6358,6531,4074,3502,4593,4466,3850,3306,0.794179,-15.0152,8.91302,48.172
44460,9133,7703,4349,3434,6400,5572,3905,3456,4178,3901,3540,3234,3378,3352,3265,3129,-21.8532,-17.6052,8.91495,47.9527
44461,8899,6930,4233,3458,6969,5727,4052,3429,4240,4086,3542,3300,3447,3505,3173,3138,-18.5182,-18.5391,8.92776,48.0853
44462,3220,3448,3915,4337,3297,3626,4664,6768,3418,3664,5055,9435,3301,3753,4507,5581,4.66619,29.2277,8.51507,47.9927
44463,3655,4369,5685,5035,3763,5070,8177,5791,3560,4052,4949,4313,3241,3493,3780,3613,-9.60644,9.0303,8.51995,48.364
44464,3465,3450,3209,3152,4379,4043,3405,3311,8608,5201,3864,3309,9566,5560,3863,3412,16.3627,-33.9533,8.98218,47.8647
44465,10808,5965,3971,3362,7559,5025,3805,3298,4257,3980,3454,3194,3453,3402,3253,3013,-19.8058,-25.8848,8.73278,47.866
44466,3107,3283,3710,3799,3213,3584,4378,5565,3351,3770,5383,9876,3271,3739,4896,7174,9.68837,27.8716,8.85099,48.066
44467,3921,3633,3276,3146,5301,4393,3632,3233,9397,5652,3944,3436,7128,5131,3762,3387,10.5713,-24.0423,8.50628,48.248
44468,10779,7105,4205,3414,6323,5104,3942,3419,4144,3975,3402,3196,3462,3449,3240,3012,-23.9188,-20.7749,8.62645,48.114
44469,12748,6099,3852,3409,6165,4658,3700,3408,3904,3733,3467,3336,3298,3290,3286,3140,-29.9866,-30.4936,8.90806,47.662
44470,12437,6100,3994,3356,6359,4859,3714,3427,4001,3648,3368,3269,3311,3277,3235,3058,-26.0337,-29.6395,8.9296,47.6087
44471,3783,5474,9505,6767,3667,4405,5648,4962,3434,3749,3876,3760,3034,3261,3328,3441,-24.408,9.56648,8.53891,48.0627
44472,3714,3630,3443,3132,4994,4379,3625,3245,8212,6564,4085,3440,6744,5741,4031,3365,11.3182,-18.4788,8.69894,48.2293
44473,3375,3893,5744,11589,3237,3807,4845,7233,3242,3486,3818,3996,3175,3170,3375,3455,-21.9934,32.7042,8.68248,47.6267
44474,3395,3457,3249,3244,3827,4085,3724,3591,4597,6582,5249,3920,5263,7921,5991,4096,17.9325,-4.82354,8.85973,48.1273
44475,3392,3403,3295,3166,3774,3793,3418,3275,5942,4807,3777,3399,12713,6173,3970,3384,27.4587,-33.5885,8.94401,47.7873
44476,3627,3809,3538,3285,4393,4980,4112,3537,5906,8187,4854,3601,5041,5698,4242,3608,8.92056,-9.84602,8.78133,48.2787
44477,9743,8297,4450,3541,5786,5159,3965,3545,3937,3880,3615,3314,3375,3401,3193,3114,-28.8227,-17.181,8.62124,48.21
44478,3421,3280,3200,3024,4142,3853,3480,3195,7108,4860,3774,3355,11630,6307,3903,3310,22.2317,-24.9709,8.99298,47.8947
44479,3998,4685,4451,3863,4434,6963,6242,4091,4105,5463,5176,3932,3644,3941,3962,3620,-4.21666,-1.48615,8.73839,48.38
44480,4054,5233,7392,5244,3845,5076,7317,5143,3535,3907,4248,3954,3171,3412,3574,3370,-15.5725,6.63313,8.70981,48.3167
44481,3271,3845,4134,3821,3709,4624,6005,4514,3810,5098,7639,5023,3570,4166,4697,4303,3.37396,6.72901,8.97485,48.1527
44482,4250,4111,3763,3465,5208,6757,4396,3668,5459,6862,4572,3656,4365,4426,3838,3498,0.291835,-10.0363,8.55526,48.196
44483,3360,3695,4834,6905,3498,3747,5387,9970,3304,3639,4279,5580,3160,3393,3656,3784,-9.56837,26.8622,8.97297,48.1273
44484,3334,3336,3345,3187,3574,3811,3636,3548,4367,5369,4947,4032,5196,8861,7236,4403,24.2157,-2.48779,8.88651,48.1213
44485,3599,3763,3488,3214,4691,4748,3906,3367,6592,7770,4540,3626,5528,5827,4135,3499,9.96472,-12.8538,8.62214,48.1953
44486,3106,3301,3500,3666,3292,3553,4219,4587,3300,4165,6347,7662,3521,4174,6424,7545,14.4742,17.8762,8.95663,48.2413
44487,3111,3251,3451,3460,3348,3585,3869,3794,3633,4094,5391,5284,3634,5014,9196,8111,26.3267,13.2319,8.58267,48.1507
44488,4225,7004,9514,5639,3882,4631,5195,4394,3559,3645,3776,3704,3274,3300,3294,3324,-27.3483,4.31474,8.9652,48.24
44489,3306,3361,3354,3226,3660,3772,3680,3326,4482,5193,4645,4012,5772,9607,6640,4256,28.5376,-5.21515,8.53793,48.1947
44490,3289,3428,3609,3520,3530,4125,4531,3958,4027,5770,7575,4941,3965,5179,6337,4714,12.4332,4.75672,8.69548,48.332
44491,12598,6099,4122,3334,6139,4717,3750,3473,3871,3839,3456,3223,3457,3281,3238,3062,-27.6607,-32.6323,8.80909,47.7727
44492,4928,5722,4582,3699,5694,8001,5047,3665,4299,4792,4097,3532,3650,3675,3471,3300,-9.66455,-8.29537,8.69876,48.1027
44493,3915,3980,3495,3243,5313,5120,3947,3369,7392,7267,4228,3550,5309,5155,3745,3387,6.7733,-15.4741,8.62892,48.2767
44494,3203,3510,4042,4647,3375,3865,4879,7794,3324,3673,5126,8866,3230,3667,4371,5038,1.85991,25.8356,8.96211,48.4067
44495,3370,3351,3149,3167,3977,3748,3424,3193,6703,4830,3744,3391,11964,5920,4063,3423,23.8877,-33.2446,8.9265,47.6113
44496,5319,8247,6429,4157,4600,6303,5141,4003,3661,3955,3855,3520,3348,3442,3332,3165,-19.2423,-3.78123,8.93667,48.318
44497,3615,3602,3238,3258,4891,4177,3642,3267,9348,5172,3807,3433,8272,5140,3814,3390,13.0809,-31.03,8.97543,48.044
44498,3031,3243,3351,3422,3283,3487,3904,3936,3468,3933,5215,6012,3427,4289,7662,10114,23.9256,18.7224,8.8029,47.8513
44499,4824,4977,3998,3521,6339,7651,4603,3574,5015,5342,3949,3544,3924,3934,3606,3280,-5.86739,-11.8693,8.61283,48.054
44500,3801,4155,3769,3472,4544,6368,4780,3808,4765,7299,5285,3848,4113,4533,4141,3543,2.00625,-5.15729,8.90629,48.1493
44501,7131,7875,4663,3763,5808,6434,4388,3569,4007,4024,3637,3336,3387,3426,3482,3198,-18.6429,-12.841,8.50563,48.0853
44502,4072,4172,3592,3346,5214,6222,4297,3526,5916,7299,4573,3588,4403,4766,3958,3536,2.78479,-10.8828,8.62984,48.32
44503,4337,4071,3513,3277,7196,4890,3668,3354,8792,5548,3852,3280,5170,4392,3650,3293,3.01485,-23.7118,8.59287,48.1887
44504,3092,3256,3377,3497,3227,3535,3995,4032,3505,4121,5701,6526,3432,4314,7656,9154,20.3807,17.5457,8.97513,48.28
44505,3164,3411,3753,4136,3258,3649,4595,6434,3357,3858,5461,9621,3301,3656,4493,5918,6.59889,25.4459,8.861,48.0433
44506,3664,3665,3467,3136,4537,4911,3872,3447,6564,8068,4501,3510,5397,5599,4245,3564,8.84454,-12.3992,8.93229,48.098
44507,4556,6512,6775,4575,4237,6194,6419,4359,3594,4100,4087,3792,3252,3495,3466,3240,-16.1248,0.733172,8.89217,48.4353
44508,3263,3548,4232,4973,3342,3732,5237,8415,3472,3730,5005,7707,3213,3507,4042,4594,-1.10337,24.6187,8.59748,48.008
44509,3445,3296,3127,3117,4106,3833,3537,3271,7380,4986,3800,3403,11187,5931,3940,3376,20.644,-30.4553,8.5293,47.8233
44510,3230,3426,3836,4123,3299,3571,4532,6555,3423,3690,5325,9682,3353,3629,4630,5827,5.64167,27.1789,8.90747,48.0873
44511,3820,4837,7256,5543,3749,4813,7495,5463,3394,3712,4299,4054,3236,3449,3494,3514,-14.6345,8.48335,8.83749,48.0853
44512,4563,4919,4112,3460,5618,8087,4790,3746,4777,5919,4185,3462,3842,4050,3664,3305,-4.93486,-9.82648,8.93915,48.3327
44513,3301,3401,3250,3065,3919,3742,3562,3247,6585,4884,3781,3337,12296,5992,3994,3357,24.1487,-30.7365,8.72896,47.8087
44514,7801,7880,4641,3611,5819,6131,4170,3621,3996,3982,3623,3354,3533,3422,3330,3143,-19.6232,-14.3623,8.62863,48.038
44515,3178,3522,4025,4554,3309,3611,4831,7765,3325,3789,5045,8524,3289,3604,4426,4984,1.26463,30.927,8.5753,47.854
44516,3380,3403,3151,3062,4054,3846,3533,3102,6790,5059,3866,3419,11596,6562,4015,3370,23.2134,-23.7528,8.90212,48.1387
44517,12082,5967,4064,3501,6313,4807,3817,3371,3943,3818,3497,3339,3358,3400,3205,3194,-25.0753,-33.2579,8.5241,47.784
44518,3241,3309,3328,3189,3846,3867,3625,3218,5035,5146,4297,3668,6963,9794,5563,3775,27.2319,-9.98069,8.99967,47.9093
44519,5879,6831,4658,3783,6032,7526,4673,3677,4143,4481,3794,3422,3480,3541,3276,3154,-13.9546,-10.7313,8.66978,48.2333
44520,10068,7774,4346,3591,5892,5175,3966,3510,3939,3882,3508,3222,3357,3453,3162,3070,-26.3241,-18.1835,8.56773,47.9433
44521,3193,3506,3357,3344,3493,3794,4037,3834,3842,4831,6285,4734,4012,5939,8561,5608,19.9951,5.89703,8.62288,48.2467
44522,3308,3772,5098,7319,3374,3820,5235,9855,3162,3574,4227,5320,3130,3270,3619,3792,-10.89,30.8311,8.98173,47.9167
44523,3990,5814,9588,6352,3796,4515,5598,4770,3400,3702,3939,3721,3166,3391,3361,3257,-24.3371,8.1453,8.82973,48.24
44524,3097,3283,3429,3346,3242,3377,3766,3873,3256,3727,4631,6002,3476,3760,5950,12936,29.4368,30.1264,8.89256,47.434
44525,4368,4748,4143,3596,5329,7664,5060,3853,4626,5973,4638,3652,3766,3983,3751,3381,-3.71568,-7.6286,8.52954,48.354
44526,3897,5813,10001,6483,3678,4459,5247,4736,3423,3767,3865,3711,3187,3378,3360,3267,-31.0722,8.20647,8.5774,48.1813
44527,3032,3251,3446,3339,3298,3535,3827,3947,3528,4010,5082,5578,3581,4477,8510,9638,27.7284,16.5949,8.69891,48.0527
44528,4039,3712,3468,3166,6408,4512,3716,3332,9823,5327,3751,3361,6052,4593,3602,3260,6.01179,-28.3714,8.74075,48.0813
44529,3158,3269,3327,3425,3405,3537,3944,4021,3591,4291,6117,5798,3694,4814,8330,7540,20.6581,13.0545,8.57933,48.174
44530,3208,3357,3585,3547,3271,3784,4514,4324,3545,4560,7421,6270,3653,4383,6793,5991,13.3338,12.2552,8.57947,48.1373
44531,3708,5070,9036,7334,3746,4261,5831,5287,3360,3628,3984,3924,3091,3212,3442,3407,-22.362,11.6897,8.62886,48.214
44532,4337,4026,3468,3275,7245,4716,3718,3245,9243,5259,3742,3356,5345,4393,3558,3274,3.13206,-27.2495,8.91028,48.1333
44533,3334,3554,3502,3333,3576,3989,4078,3800,4180,5926,6440,4365,4323,6213,6920,4670,16.2221,1.59258,8.99557,48.1353
44534,4236,5210,4433,3627,4656,7659,5597,3975,4299,5551,4567,3672,3665,3931,3733,3442,-5.50274,-4.57952,8.61395,48.1687
44535,3763,4398,5315,4611,3735,5046,8030,5404,3616,4169,5266,4470,3265,3561,3843,3683,-7.45971,7.87017,8.77151,48.1167
44536,3270,3374,3315,3417,3322,3550,3771,3849,3400,3731,4656,5879,3419,3869,5879,12358,33.5984,32.5539,8.50543,47.3727
44537,3055,3283,3404,3628,3303,3630,4150,4127,3470,4413,6386,6123,3487,4652,7527,7375,17.8273,14.0446,8.5183,48.0087
44538,3410,3325,3314,3062,3860,3783,3560,3326,5173,5231,4188,3538,8030,9616,5059,3630,28.5668,-12.3131,8.79929,48.07
44539,3361,3860,5478,8335,3411,3883,5490,9039,3203,3583,4073,4671,3151,3321,3582,3705,-13.9449,24.1347,8.89992,48.0973
44540,10244,5658,3974,3289,8102,5076,3836,3466,4310,4006,3505,3149,3495,3342,3241,3138,-18.0017,-33.1158,8.80686,47.8873
44541,3232,3228,3483,3390,3359,3427,3657,3769,3399,3660,4656,5844,3467,3886,6115,12449,31.3256,32.9109,8.67333,47.3473
44542,4943,4445,3628,3358,7860,5792,3920,3354,7052,5391,3860,3467,4472,4100,3483,3296,-1.76385,-19.8439,8.63563,48.2807
44543,4089,4752,4376,3738,4470,7531,5964,3982,4146,5445,4920,3838,3628,3911,3779,3430,-4.64806,-3.03741,8.93192,47.9993
44544,3416,4056,5520,7193,3409,3982,6245,8469,3300,3532,4323,4902,3221,3526,3598,3741,-12.274,20.4744,8.54564,48.2887
44545,11679,5912,3993,3261,6867,4985,3846,3358,4020,3834,3435,3200,3373,3382,3305,3212,-22.3927,-33.5178,8.87204,47.7747
44546,3268,3453,3729,3537,3541,4135,4903,4311,3651,5045,8191,5465,3725,4628,5841,4873,9.58808,7.76499,8.93193,48.1973
44547,3490,3353,3323,3079,4088,3855,3424,3185,6803,5166,3952,3425,10756,6510,3894,3382,21.4997,-23.0671,8.73141,47.79
44548,3332,3846,5347,8910,3441,3734,5182,8936,3230,3489,4082,4723,3087,3264,3490,3613,-14.751,29.7599,8.64889,47.804
44549,3301,3724,4645,6227,3419,3801,5361,9667,3304,3731,4480,6063,3119,3460,3760,4018,-7.48756,27.0368,8.72289,48.0533
44550,3405,3901,6069,12623,3357,3789,4830,6288,3219,3452,3841,3889,3186,3209,3466,3410,-26.0596,28.9037,8.59229,47.956
44551,3245,3359,3240,3133,3574,3836,3699,3433,4294,5173,4792,4082,5205,9232,7399,4418,28.2938,-3.0321,8.88507,48.076
44552,3267,3347,3276,3275,3449,3794,3763,3635,4058,4938,4976,4106,4688,8192,8441,4903,28.5453,0.595311,8.76778,48.072
44553,3168,3474,3273,3315,3252,3648,3856,3755,3652,4381,5192,4804,3953,5817,9950,6675,28.5812,8.64542,8.70251,48.11
44554,9216,6390,4047,3412,7470,5643,3947,3465,4378,4186,3640,3289,3596,3400,3279,2973,-17.7917,-20.978,8.59175,48.2207
44555,3658,3622,3303,3092,4692,4323,3523,3392,8074,6384,4060,3431,7221,5899,4060,3418,13.2703,-18.9342,8.65913,48.1013
44556,12281,6269,3853,3269,6034,4783,3732,3368,3834,3781,3440,3297,3447,3427,3192,3193,-32.8603,-26.8053,8.5316,47.4667
44557,3273,3333,3333,3332,3544,3826,3897,3601,4148,5129,5513,4345,4598,7278,8223,4930,22.123,1.57999,8.58461,48.202
44558,3237,3458,3339,3220,3692,3808,3713,3415,4465,5730,4940,3921,5488,8910,6494,4248,23.0167,-4.1019,8.94212,48.052
44559,3467,3444,3211,3128,4059,3776,3463,3206,6918,4854,3771,3401,12063,5991,3838,3387,22.7595,-29.0565,8.67391,47.9847
44560,3232,3415,3807,4112,3286,3569,4582,6449,3436,3841,5143,9708,3280,3609,4662,6094,6.31783,30.4974,8.79921,48.15
44561,3160,3242,3508,3433,3162,3363,3869,4153,3264,3941,4996,6995,3346,4034,6380,11277,21.869,25.3047,8.66087,48.082
44562,5076,4293,3510,3210,8677,5028,3732,3479,7797,4814,3705,3363,4637,4227,3476,3222,-1.31289,-29.1071,8.64592,48.164
44563,3408,3628,3720,3443,3674,4175,5118,4214,3901,5627,8059,4978,3706,4553,5390,4458,8.08429,5.36441,8.79472,48.0347
44564,3350,3741,5190,8065,3458,3890,5277,9595,3245,3600,4194,5001,3124,3355,3519,3679,-12.8413,28.8063,8.96262,48.1887
44565,3376,3419,3387,3307,3774,4119,3789,3493,5122,6772,4788,3758,5786,8154,5427,3936,17.8945,-7.17844,8.68472,48.2713
44566,4164,6570,9652,5552,3854,4695,5207,4463,3464,3753,3872,3592,3190,3262,3328,3301,-33.4127,5.03273,8.71297,47.946
44567,3164,3257,3335,3374,3274,3484,3718,3716,3483,3657,4690,5985,3398,3879,5978,12695,31.046,32.6553,8.9983,47.3913
44568,3373,3371,3181,3086,4027,3868,3387,3140,6375,4678,3662,3327,12584,5986,3880,3358,25.8381,-31.2916,8.96019,47.522
44569,3496,4389,8417,9743,3463,3973,5147,5407,3180,3497,3821,3934,3226,3247,3339,3436,-33.524,16.5926,8.82442,47.81
44570,3353,3373,3194,3194,3828,3762,3763,3388,5010,5534,4437,3569,6692,9603,5459,3887,24.8659,-9.40218,8.56291,48.0307
44571,3717,4782,8343,6996,3566,4408,6591,5624,3381,3630,4043,4048,3181,3150,3412,3426,-19.1124,11.8415,8.6782,48.1987
44572,3536,3619,3247,3159,4076,4425,3828,3443,5763,7817,4748,3746,5722,6910,4652,3728,13.8349,-10.1327,8.97887,48.2793
44573,10593,7772,4193,3458,5709,5003,3878,3377,3889,3751,3539,3300,3418,3484,3234,3015,-30.2528,-19.1101,8.74144,47.742
44574,5643,4925,3778,3375,8031,6787,4082,3560,5691,4835,3895,3418,4060,3898,3417,3174,-6.95818,-17.9149,8.63543,48.3793
44575,3323,3370,3306,3203,3624,3830,3753,3484,4300,5113,4952,3993,5034,8743,7815,4674,26.347,-1.33597,8.91854,48.3447
44576,3293,3525,3982,4469,3327,3728,4897,7486,3411,3760,5060,8733,3220,3597,4268,5013,2.0605,33.0252,8.60191,47.846
44577,3385,3287,3311,2999,4057,3817,3551,3246,6175,4916,3890,3437,11194,7219,4230,3366,25.2833,-21.7331,8.80504,48.0533
44578,4210,4878,4554,3884,4615,7467,6122,4162,4178,5145,4739,3867,3581,3803,3750,3508,-5.82196,-2.88691,8.65986,48.3087
44579,8002,5138,3894,3278,9412,5267,3883,3346,5009,4111,3624,3253,3687,3585,3384,3067,-12.7088,-27.4983,8.7003,47.96
44580,3638,3549,3308,3159,4545,4268,3593,3230,7934,6050,3936,3442,8054,6094,4109,3468,14.9918,-20.2442,8.61866,48.2513
44581,3534,3301,3322,3141,4150,3997,3424,3286,6998,4929,3754,3286,11294,6356,4096,3394,21.7369,-24.7982,8.63325,48.1747
44582,3379,3732,4374,5319,3304,3837,5711,8550,3295,3778,4999,6757,3174,3328,4055,4305,-3.60875,22.355,8.8204,47.9313
44583,3600,4830,8211,7334,3606,4329,6138,5692,3288,3570,4116,3984,3071,3267,3498,3375,-19.6243,12.7853,8.5264,47.9393
44584,3637,4740,8023,6994,3668,4334,6424,5866,3411,3713,4173,4149,3086,3352,3379,3503,-17.6837,12.4869,8.90822,48.3013
44585,3351,3262,3148,3129,3950,3827,3522,3217,6746,4946,3811,3364,11642,6106,3993,3357,22.9346,-32.8139,8.60307,47.5807
44586,3834,5784,9785,6533,3766,4391,5278,4663,3346,3648,3796,3613,3124,3348,3453,3284,-30.2261,8.55618,8.55399,47.764
44587,3265,3535,4177,4341,3344,3908,5405,6558,3433,3987,6137,7709,3217,3674,4625,4980,2.81936,18.6221,8.57432,48.1967
44588,3040,3210,3416,3428,3232,3536,3819,4124,3408,3871,5164,6811,3365,4103,6603,11016,21.6761,22.5322,8.97332,48.0973
44589,3418,4401,7557,9429,3536,3956,5319,6322,3405,3576,3932,4027,3136,3262,3329,3419,-22.2016,18.1399,8.54333,48.016
44590,5202,8536,7515,4489,4415,5405,5076,4040,3548,3737,3727,3509,3284,3331,3308,3225,-24.15,-1.57639,8.79792,48.2313
44591,5903,9752,6185,4111,4566,5408,4478,3811,3718,3754,3730,3436,3269,3353,3295,3225,-26.4592,-6.20774,8.87503,47.996
44592,5742,8496,5782,3879,4903,6695,4966,3876,3830,4035,3689,3448,3400,3310,3355,3202,-18.9815,-6.64411,8.99046,48.4053
44593,3226,3287,3546,3631,3340,3547,4109,4690,3390,3866,5170,8926,3388,3866,5285,8627,14.7607,32.5547,8.60675,47.9293
44594,3371,3426,3310,3198,3768,3778,3582,3305,5403,5347,4151,3472,8596,9063,4805,3587,25.6256,-14.1554,8.68169,48.108
44595,4719,4218,3492,3228,7743,4974,3791,3349,8424,5298,3734,3354,4950,4245,3588,3269,0.996022,-24.4617,8.74495,48.2507
44596,3666,3762,3426,3238,4178,4826,4052,3453,5363,8306,5327,3702,4866,6053,4554,3828,9.98767,-7.67691,8.93478,48.4
44597,3334,3333,3234,3183,3922,3846,3427,3211,5921,5093,3915,3376,11341,7235,4167,3444,30.8147,-20.8253,8.78002,47.988
44598,4896,8861,7849,4561,4226,5003,4857,4138,3553,3766,3740,3493,3262,3348,3337,3250,-31.4619,-1.42582,8.96835,48.0933
44599,4467,5169,4349,3703,4919,7964,5555,3965,4384,5475,4473,3678,3832,3816,3641,3359,-6.20128,-5.40306,8.9902,48.4993
44600,3350,3358,3313,3158,4141,3765,3419,3255,6499,5260,3928,3475,10751,6994,4129,3374,23.078,-21.2967,8.93131,48.1127
44601,3426,3329,3213,3089,3884,3963,3541,3323,5782,5552,4189,3460,8779,8346,4492,3585,22.4348,-15.7427,8.77614,47.9687
44602,3286,3910,6318,12717,3324,3910,4562,5995,3163,3491,3732,3881,3075,3227,3382,3400,-30.1337,26.7322,8.84451,47.582
44603,3590,4799,8773,8653,3490,4117,5554,5596,3282,3508,3867,3944,3066,3141,3427,3437,-24.5001,14.6565,8.89902,48.1627
44604,3447,3481,3230,3013,4030,4089,3495,3234,6810,5696,3890,3517,9522,7062,4204,3400,19.408,-19.2263,8.9764,48.08
44605,3527,3678,3608,3226,4006,4740,4328,3677,4873,7833,5911,3961,4534,5721,5038,3913,9.9512,-3.98021,8.91531,48.3827
44606,4015,4230,3886,3402,5367,6691,4594,3738,5432,7008,4435,3706,4374,4448,3954,3503,0.714351,-10.5981,8.75266,48.522
44607,4803,4137,3643,3151,8531,4967,3826,3276,7963,4908,3657,3422,4558,4174,3517,3426,-0.94229,-31.8148,8.63139,47.9727
44608,3998,3698,3420,3212,5983,4371,3643,3239,9474,5518,3836,3394,6334,4715,3786,3245,7.61581,-25.9153,8.55121,47.9107
44609,4072,3762,3444,3154,5877,4815,3682,3387,8787,6040,3936,3499,5757,4707,3636,3307,6.1474,-21.2083,8.56785,47.908
44610,3149,3384,3315,3296,3376,3641,3846,3647,3950,4574,5104,4420,4185,6664,9716,5711,29.9174,4.77899,8.74929,47.9853
44611,3140,3216,3446,3503,3326,3484,3993,4330,3400,3827,5111,8312,3393,3802,5592,9900,17.1213,31.4411,8.80002,47.85
44612,3070,3238,3436,3355,3169,3506,3674,3981,3333,3757,4881,6134,3399,3984,6423,12341,27.874,26.1389,8.71566,47.7873
44613,3357,3416,3285,3038,3962,3839,3508,3303,5724,5296,4006,3442,9196,8577,4516,3507,24.9212,-16.1305,8.86017,47.9813
44614,4879,4130,3556,3187,8258,5065,3746,3238,8356,4908,3689,3262,4813,4305,3461,3252,-0.202422,-28.277,8.90175,48.07
44615,3601,3660,3486,3223,4183,4474,3837,3466,5935,7730,4801,3672,5628,6542,4458,3584,12.4037,-10.4832,8.71579,48.1867
44616,3156,3416,3629,3712,3374,3863,4751,4545,3511,4507,7744,6709,3508,4235,5853,5728,10.5937,12.8778,8.92639,48.1607
44617,3187,3256,3357,3404,3192,3454,3822,3964,3390,3771,4692,6017,3425,4025,7044,12142,30.922,22.7052,8.95783,48.0947
44618,12460,6123,3906,3332,6080,4699,3820,3285,3954,3762,3496,3184,3301,3309,3203,3216,-27.4116,-29.5378,8.52912,47.42
44619,3556,4591,8445,8087,3560,4175,5912,5728,3406,3678,3759,4051,3118,3245,3492,3446,-21.4814,14.1624,8.57862,48.166
44620,6117,4617,3666,3202,9777,5236,3789,3370,6144,4558,3695,3217,4165,3801,3288,3171,-6.92667,-27.0805,8.91815,47.8753
44621,3585,3400,3205,3090,3957,3636,3443,3172,5916,4858,3672,3415,11545,7274,4063,3404,30.239,-21.4106,8.97143,47.7567
44622,3293,3427,3338,3163,3756,3915,3735,3403,4623,6121,5263,3859,5266,8442,6314,4127,20.6996,-4.16724,8.94418,48.03
44623,3169,3271,3640,3661,3296,3537,4400,4729,3455,4125,6353,8440,3399,4048,5811,7228,13.0812,19.23,8.88845,48.3747
44624,3263,3393,3248,3330,3512,3703,3809,3615,3834,4701,5630,4464,4086,6147,9284,5888,23.179,6.12106,8.64831,47.938
44625,3386,3472,3333,3258,3921,3934,3705,3263,5120,5226,4230,3550,7448,9406,5088,3722,33.8224,-11.5025,8.51922,48.0413
44626,3213,3413,3827,3971,3377,3721,4598,6169,3309,3864,5514,9448,3335,3781,4745,6070,6.7561,25.2346,8.74951,48.2367
44627,3300,3337,3187,3037,3992,3844,3542,3267,5855,5005,3941,3427,11203,7275,4175,3439,26.8927,-20.809,8.57555,47.884
44628,3438,3357,3182,3125,3926,3896,3508,3308,5877,5173,3994,3423,9916,7856,4301,3608,25.0361,-18.6154,8.81023,47.9253
44629,3394,3818,4888,5067,3564,4245,7361,7461,3373,3917,5330,5492,3350,3542,4014,3977,-5.34255,15.6856,8.7625,48.5287
44630,4896,5939,4641,3760,5277,8079,5179,3785,4155,4733,3994,3581,3533,3622,3451,3298,-10.5361,-7.51121,8.65661,47.9487
44631,3309,3641,4452,5131,3363,3761,5151,9174,3318,3618,4735,7432,3262,3435,3965,4416,-2.622,32.4083,8.96327,48.1087
44632,3930,5201,6912,5051,3921,5451,7296,5096,3530,3999,4412,3984,3179,3445,3574,3370,-14.0793,5.60861,8.77851,48.234
44633,3300,3798,6067,12445,3277,3681,4804,6059,3251,3440,3838,3953,3219,3293,3324,3409,-33.4391,26.9828,8.63559,47.4387
44634,4559,6593,7119,4721,4224,5812,5962,4558,3653,4043,4003,3720,3401,3397,3272,3323,-17.311,1.03451,8.5141,48.24
44635,3699,4902,8239,6982,3652,4341,6400,5772,3313,3650,3993,4012,3151,3402,3518,3424,-18.8913,12.3559,8.70142,48.3
44636,5372,5503,4210,3399,6748,7825,4560,3550,4836,5046,3882,3369,3879,3827,3595,3152,-7.91642,-13.0797,8.76019,48.502
44637,3858,5644,9470,6582,3806,4598,5828,4977,3400,3606,3935,3688,3167,3314,3592,3242,-22.8696,8.66644,8.85183,48.4713
44638,4884,8451,7952,4535,4313,5011,4987,4135,3530,3824,3704,3476,3269,3395,3410,3294,-33.0191,-0.730293,8.68864,48.1133
44639,3492,3779,3948,3858,3613,4572,6013,4462,3731,5157,7906,5048,3641,4220,4771,4258,3.83933,6.89221,8.67067,48.3127
44640,3217,3277,3512,3347,3257,3413,3741,3847,3352,3747,4739,5914,3445,3881,5952,12404,33.2458,30.5758,8.51763,47.3633
44641,3170,3535,3971,4297,3287,3599,4782,7155,3387,3855,5162,9165,3317,3666,4317,5250,3.25467,32.6691,8.67485,47.9433
44642,3039,3329,3311,3315,3168,3535,3846,3980,3424,3745,4905,6453,3348,4027,6141,12064,25.1151,26.666,8.72287,47.7533
44643,10295,7990,4547,3559,5744,4938,3873,3410,3800,3873,3503,3279,3443,3375,3290,3025,-28.2329,-18.3062,8.80971,47.9627
44644,12230,6124,4052,3261,6441,4848,3761,3333,3882,3870,3500,3339,3328,3406,3162,3186,-25.7706,-26.7609,8.60855,47.8153
44645,10883,5989,3914,3364,7597,4944,3857,3401,4298,3926,3415,3197,3473,3514,3238,2970,-19.8817,-26.3763,8.79911,47.9867
44646,6418,7763,4715,3623,5805,6890,4551,3725,4045,4171,3677,3417,3413,3547,3322,3159,-16.9796,-11.4683,8.986,48.1607
44647,3155,3269,3735,3791,3313,3674,4468,5085,3237,3896,5734,9265,3342,3760,5224,7186,11.236,22.7164,8.78693,48.0893
44648,12337,6074,3932,3432,6623,4897,3645,3306,3959,3819,3420,3206,3387,3430,3212,3070,-24.0958,-28.9326,8.7984,47.8327
44649,3731,3677,3318,3106,5097,4225,3664,3290,9300,5373,3804,3385,7694,5232,3782,3406,12.3117,-25.3061,8.52154,48.056
44650,3294,3918,5928,12674,3278,3833,4754,6220,3161,3295,3715,3967,3088,3211,3397,3398,-33.2201,27.8815,8.86929,47.4207
44651,3278,3356,3306,3221,3655,3936,3630,3412,5009,5406,4347,3707,6897,9567,5750,3750,26.0194,-9.45839,8.53002,48.1513
44652,3329,3338,3287,3187,3718,3737,3684,3364,4713,5103,4438,3789,6238,9849,6082,4018,27.4762,-7.04403,8.77922,47.916
44653,3213,3311,3291,3388,3379,3721,4009,3946,3763,4666,6425,5108,3907,5464,8741,6092,19.5607,8.64664,8.89002,48.2827
44654,6091,4593,3665,3352,9964,5143,3831,3275,6342,4443,3649,3249,4114,3791,3394,3139,-6.43437,-28.4039,8.99159,48.0233
44655,5525,4898,3889,3347,8488,6258,3875,3492,6141,4987,3748,3323,4122,3983,3549,3052,-5.32245,-19.8926,8.82701,48.4513
44656,3213,3316,3435,3270,3408,3589,3803,3815,3584,4088,5224,5176,3626,4927,9567,8107,29.3993,13.1889,8.91091,48.0987
44657,5737,6241,4554,3591,6190,7787,4669,3651,4516,4624,3731,3588,3545,3648,3359,3180,-11.9716,-11.7405,8.97802,48.4073
44658,3405,4332,7709,9819,3493,3963,5334,6225,3265,3537,3811,3945,3122,3298,3329,3350,-22.5147,18.0954,8.98947,47.958
44659,3348,3388,3116,3157,3890,3792,3431,3293,6283,4816,3708,3435,12343,6113,3982,3367,26.194,-28.3845,8.51772,47.6413
44660,3639,4863,9332,8248,3496,4130,5364,5246,3246,3435,3975,3842,3142,3295,3304,3410,-25.9567,13.0171,8.80169,47.978
44661,4645,3964,3631,3150,7544,4962,3605,3263,8586,5322,3755,3396,5179,4327,3593,3239,2.15786,-25.8969,8.50699,48.1073
44662,3281,3300,3407,3302,3443,3827,4013,3713,3909,5084,6596,4994,4001,5695,8383,5515,18.4708,6.32835,8.99863,48.3087
44663,3447,4813,9267,8348,3610,4043,5184,5250,3318,3493,3895,3921,3131,3328,3365,3358,-28.4017,13.6309,8.61108,47.8473
44664,3203,3549,4025,4104,3381,3835,5361,5630,3526,4125,6870,7547,3390,3794,4810,5083,4.7728,15.8848,8.77984,48.1553
44665,4322,5500,5273,4236,4588,7262,6594,4178,3873,4577,4341,3731,3376,3575,3515,3337,-10.7974,-1.17375,8.97298,48.1853
44666,3894,5118,8211,6116,3676,4569,6795,5327,3338,3749,4098,3866,3222,3383,3512,3430,-18.0165,9.23576,8.81556,48.2027
44667,11424,6085,3930,3399,7280,4997,3755,3516,4072,3952,3383,3255,3442,3460,3146,3007,-21.2117,-25.2627,8.97646,48.0687
44668,4199,3807,3517,3314,6667,4647,3661,3295,9457,5264,3856,3335,5553,4576,3663,3261,4.73957,-32.8298,8.72642,48.048
44669,12797,6256,3868,3481,6132,4673,3711,3535,3967,3685,3402,3234,3285,3365,3112,3124,-28.9911,-28.3732,8.94117,47.7513
44670,3374,3818,5790,10741,3385,3856,4966,7792,3287,3557,3910,4262,3117,3182,3388,3588,-19.1965,28.9918,8.96953,48.0087
44671,5276,4390,3682,3325,9105,4985,3886,3288,7507,4690,3642,3265,4375,3978,3555,3119,-2.75561,-31.0747,8.7562,48.0453
44672,3231,3455,3372,3100,3758,3854,3573,3428,4666,5162,4420,3821,6316,10020,5896,3914,31.8041,-8.0221,8.77216,47.9907
44673,3167,3221,3420,3266,3191,3453,3777,3926,3358,3714,4725,5997,3320,3866,5896,12906,30.2117,30.0301,8.93532,47.4687
44674,3154,3195,3393,3313,3160,3456,3722,3901,3345,3732,4729,5985,3402,3734,5934,12721,30.2537,31.6977,8.71973,47.2507
44675,3151,3185,3338,3428,3279,3661,3815,3978,3506,3977,5157,5764,3488,4374,8217,9734,25.8742,17.3461,8.71278,48.0347
44676,3755,3653,3350,3167,5063,4453,3572,3254,8737,6308,4012,3412,6786,5353,3950,3381,10.8347,-20.7497,8.60708,48.1373
44677,3677,3580,3308,3047,5120,4305,3581,3330,8878,5834,4029,3398,7362,5341,3924,3390,11.6753,-22.027,8.59083,48.0693
44678,3295,3552,3979,4071,3521,4006,5374,5165,3539,4464,7624,6604,3469,3968,5076,4814,5.72442,12.838,8.72235,48.3473
44679,4058,3878,3377,3130,5987,4461,3680,3205,9453,5628,3882,3425,6086,4793,3756,3323,7.44329,-23.6573,8.71568,48.0813
44680,4552,6536,6588,4561,4251,6174,6289,4307,3615,4075,4126,3706,3360,3566,3535,3303,-16.2203,0.373765,8.57773,48.3627
44681,3333,3743,5063,7098,3354,3798,5228,9796,3312,3702,4157,5329,3121,3385,3639,3972,-10.0089,30.7054,8.71435,48.02
44682,12738,5963,3874,3397,6047,4728,3796,3295,3967,3703,3331,3217,3463,3356,3250,3144,-31.7646,-29.0508,8.79306,47.5127
44683,3016,3201,3333,3418,3241,3379,3798,4012,3368,3801,4704,6093,3348,3974,6317,12714,28.7529,26.3346,8.81577,47.8113
44684,4806,5052,3838,3477,6324,7637,4462,3577,5158,5522,4003,3469,3934,3946,3553,3320,-5.64875,-12.6341,8.61418,48.052
44685,3535,3588,3489,3215,4296,4836,3939,3603,5915,8229,4977,3662,5077,6036,4446,3737,10.27,-9.6121,8.91869,48.3867
44686,4531,4437,3830,3328,6133,6841,4207,3582,5643,6290,4099,3494,4306,4289,3804,3401,-1.22049,-13.3508,8.74668,48.1433
44687,3227,3506,4003,4190,3356,3731,4794,6795,3374,3881,5249,9390,3274,3778,4466,5395,4.19736,33.5544,8.75164,48.2727
44688,12624,6210,3916,3331,6029,4819,3803,3414,3938,3664,3302,3183,3321,3378,3178,3142,-30.6478,-26.5745,8.89827,47.5013
44689,3240,3612,4347,4699,3340,4026,6120,7380,3425,3899,5556,7013,3200,3530,4174,4530,-1.06625,19.1693,8.94314,48.0607
44690,3346,3941,6053,11704,3427,3850,4854,6990,3167,3388,3815,4071,3080,3143,3419,3536,-22.5111,28.1965,8.78103,47.856
44691,3279,3595,4080,4758,3356,3659,5118,8305,3301,3838,5036,8184,3343,3491,4122,4871,0.242864,26.2656,8.68579,48.224
44692,4463,4516,3828,3420,5864,6798,4398,3501,5465,6542,4277,3515,4290,4262,3822,3353,-1.01687,-11.9662,8.93134,48.2093
44693,4445,5643,4742,3950,4706,7662,6071,4098,4051,4611,4326,3642,3359,3750,3624,3371,-9.32912,-3.37181,8.70682,48.034
44694,5170,8982,7438,4468,4344,5022,4868,4170,3588,3776,3653,3617,3208,3345,3233,3120,-30.5072,-2.19087,8.67831,48.0013
44695,3243,3302,3278,3184,3796,3918,3541,3199,5197,5493,4144,3614,7814,9529,4975,3686,25.5753,-12.5304,8.87301,47.942
44696,3104,3245,3441,3437,3361,3564,3918,3947,3600,4144,5723,5878,3682,4670,8287,7970,21.0063,14.2857,8.73383,47.9807
44697,3125,3290,3376,3505,3174,3425,3850,3882,3303,3848,5102,6611,3416,4022,6825,11223,23.1634,22.5601,8.84814,47.9847
44698,9757,8502,4493,3544,5726,5342,4065,3514,3863,3810,3553,3361,3282,3263,3231,3101,-26.8173,-16.8533,8.95171,48.2713
44699,3156,3309,3474,3418,3190,3402,3862,3946,3347,3837,5048,5821,3419,4131,7343,10968,33.7438,20.348,8.61665,47.7807
44700,3471,3932,5889,7604,3389,4047,6205,8024,3248,3489,4314,4893,3109,3291,3591,3661,-13.0994,20.0054,8.5928,48.1047
44701,4023,3723,3374,3031,5854,4559,3696,3329,9838,5658,3799,3392,6302,4768,3756,3265,7.8769,-24.5692,8.88695,48.2447
44702,4645,4459,3813,3267,6306,6886,4182,3452,5895,6241,4114,3365,4196,4180,3762,3310,-1.80377,-14.0148,8.98114,48.0487
44703,3299,3497,3276,3082,3792,3812,3714,3401,4935,5201,4330,3752,7025,9776,5422,3889,30.2667,-9.95354,8.57137,48.1353
44704,4711,5346,4210,3503,5732,8265,5016,3681,4526,5385,4202,3624,3826,3736,3493,3166,-7.23779,-9.43522,8.90887,48.2813
44705,5941,8468,5319,3829,5122,6817,4502,3720,3896,4134,3607,3422,3370,3388,3340,3240,-18.6576,-9.09625,8.8995,48.0767
44706,3309,3604,4505,4924,3660,3991,6229,7539,3392,3984,5443,6617,3134,3655,4175,4478,-2.04922,18.4647,8.6462,48.426
44707,3220,3264,3309,3308,3576,3845,3774,3562,4276,5659,5663,4296,4639,7505,7465,4686,19.8137,0.224866,8.82348,48.0313
44708,3688,4343,4075,3600,4268,6175,5770,4011,4316,6138,5695,4151,3823,4215,4232,3629,0.151421,-1.56348,8.52654,48.086
44709,2973,3254,3393,3410,3157,3516,4041,4087,3431,3891,5102,6670,3424,4191,6902,10778,22.302,21.9113,8.74834,48.1467
44710,3514,3571,3262,3141,4659,4158,3491,3254,8678,5197,3766,3336,9359,5432,3724,3411,16.0457,-28.2591,8.67793,47.9687
44711,3620,3587,3344,3085,4907,4015,3532,3233,9265,5301,3799,3394,8269,5269,3872,3442,13.4731,-28.6925,8.6311,47.956
44712,3332,3404,3633,3434,3638,4100,4754,4099,3894,5568,8184,5014,3707,4879,5998,4665,10.526,5.67757,8.96456,48.202
44713,4502,7366,8644,5016,4169,5082,5338,4284,3497,3793,3755,3612,3219,3379,3455,3274,-24.5603,1.75777,8.77547,48.2567
44714,3421,3858,4710,4888,3500,4159,7010,7110,3396,4010,5707,5663,3438,3560,3893,4041,-3.63148,15.1253,8.92304,48.2427
44715,3543,4113,5723,5618,3454,4487,7631,6660,3366,3746,4825,4613,3259,3401,3705,3770,-9.981,13.3965,8.70185,47.9427
44716,3187,3146,3353,3340,3217,3559,3833,3965,3304,3838,4814,6108,3312,3912,6617,12107,30.1488,24.5185,8.91616,47.7413
44717,3977,4170,3706,3396,4883,6471,4510,3652,5140,7456,4884,3777,4271,4600,3898,3532,1.86034,-7.73606,8.98466,48.2153
44718,9727,8261,4409,3483,5943,5249,4062,3488,3937,3817,3588,3247,3335,3398,3208,3018,-25.8176,-17.1641,8.51943,48.1133
44719,4461,5200,4562,3584,5045,8175,5425,3776,4213,5238,4349,3779,3644,3842,3628,3472,-7.13359,-5.93367,8.8591,48.262
44720,3326,3381,3169,3186,3943,3761,3524,3301,5944,4973,3757,3414,12202,6479,3917,3395,31.3949,-24.6702,8.78443,47.7813
44721,4992,8840,7622,4609,4373,5275,4987,3996,3535,3784,3606,3445,3150,3351,3330,3151,-26.4835,-1.81014,8.85774,48.0307
44722,3316,3319,3211,3068,3810,3893,3541,3349,5444,5444,4014,3546,8728,8995,4690,3519,25.1866,-14.5364,8.97458,47.9247
44723,5807,9633,6569,4238,4533,5282,4452,3805,3632,3871,3575,3491,3271,3378,3261,3124,-28.1443,-5.37956,8.84138,47.948
44724,3754,4134,3905,3423,4536,6236,4778,3808,4894,7187,5363,3891,4016,4484,4090,3664,2.51989,-5.85458,8.55549,48.1087
44725,3254,3407,3383,3391,3537,3786,3937,3823,3839,5056,6073,4388,4204,6473,8396,5177,20.3674,3.97483,8.55093,48.0827
44726,3827,3706,3335,3082,5358,4298,3639,3205,9484,5297,3820,3427,7302,4930,3827,3435,10.5674,-27.4725,8.66178,47.9813
44727,3418,3848,4706,5127,3513,4051,6736,7554,3309,3955,5333,5865,3230,3516,4069,4237,-3.81384,16.685,8.66754,48.3113
44728,5649,9519,6760,4223,4468,5255,4644,3930,3696,3845,3610,3441,3290,3421,3287,3109,-27.1236,-4.62847,8.94394,48.098
44729,3098,3164,3314,3419,3240,3393,3676,3940,3427,3770,4610,6125,3438,3894,6152,12614,28.2589,30.4007,8.79859,47.516
44730,3367,3459,3218,3218,4027,3812,3441,3211,5987,5025,3816,3392,11376,6929,4073,3356,33.5315,-21.8493,8.65709,47.8047
44731,3287,3663,4384,5765,3372,3778,5132,9667,3199,3631,4545,6655,3175,3459,3885,4130,-5.0863,31.1541,8.6271,47.818
44732,11225,6072,4082,3385,7144,4891,3824,3296,4231,3876,3425,3155,3495,3362,3103,3089,-21.0247,-26.0994,8.8852,47.77
44733,3262,3288,3448,3389,3315,3933,4047,3799,3882,5026,6515,4964,4038,5660,8193,5401,18.2379,5.57145,8.96133,48.1067
44734,3202,3567,4153,4439,3222,3867,5304,7246,3312,3858,5677,7901,3167,3725,4391,4979,1.3555,21.2055,8.68973,48.0067
44735,3686,4889,7632,6187,3713,4582,7126,5826,3450,3640,4208,3992,3081,3308,3481,3444,-16.2394,10.8888,8.76042,48.1633
44736,3622,4884,8811,8142,3627,4222,5565,5674,3337,3664,3934,3966,2998,3251,3331,3359,-23.6185,13.8185,8.63947,48.258
44737,3391,3402,3270,3108,3849,3902,3397,3144,6084,4765,3828,3493,12509,5950,3936,3361,33.6487,-28.1871,8.65244,47.5927
44738,3135,3312,3343,3383,3298,3554,3831,3982,3557,4016,5316,5364,3614,4551,8556,9350,29.7201,15.898,8.71304,48.108
44739,3760,4665,5853,4774,3952,5564,8048,5147,3507,4136,4873,4210,3231,3582,3654,3583,-10.7693,6.1419,8.66609,48.3593
44740,3590,5043,9616,7795,3531,4309,5299,5174,3333,3514,3814,3806,3272,3344,3404,3388,-33.7101,12.139,8.69531,48.1547
44741,11589,6749,4036,3446,6536,4930,3811,3380,3973,3931,3487,3248,3318,3393,3125,3063,-23.8467,-23.205,8.90167,48.01
44742,3224,3286,3578,3450,3262,3620,4189,4522,3456,4069,6061,7948,3441,4067,6240,7819,14.7211,19.6763,8.95522,48.1547
44743,3316,3462,3320,3169,3684,3834,3696,3505,4723,5666,4675,3868,5986,9384,6032,4193,23.645,-6.43874,8.9389,48.342
44744,3387,3735,4355,5628,3263,3729,5242,9410,3223,3691,4772,6928,3227,3549,3871,4290,-4.06312,26.9054,8.97405,48.2
44745,3008,3207,3354,3355,3227,3398,3901,4045,3437,3773,4817,6226,3365,4000,6673,12150,25.5755,24.3071,8.7624,47.9573
44746,3381,3629,4321,5035,3365,3843,4981,8647,3339,3884,4847,7852,3173,3570,4092,4468,-1.36687,31.8682,8.91849,48.2847
44747,3361,3761,4817,6956,3299,3699,5540,9807,3239,3556,4404,5484,3126,3368,3586,3876,-9.69068,25.6356,8.9737,47.9193
44748,3304,3358,3155,3003,3974,4024,3663,3366,6185,5526,4061,3554,9177,7929,4300,3650,22.1712,-17.1836,8.75234,48.1527
44749,3276,3704,4437,4982,3383,3804,5038,9095,3231,3734,4661,7483,3175,3486,4015,4426,-2.39484,31.7478,8.54961,47.9533
44750,3423,3360,3214,3039,4342,3941,3547,3202,7766,5188,3870,3342,10620,6113,4081,3413,18.684,-24.7559,8.955,48.3073
44751,4285,5408,5005,4055,4564,7404,6682,4236,3850,4654,4525,3776,3461,3723,3591,3339,-9.04894,-1.38515,8.75713,48.372
44752,4338,3993,3308,3248,7301,4826,3742,3329,9223,5206,3949,3378,5377,4366,3672,3244,3.04004,-26.8527,8.81655,48.3333
44753,12427,6260,3926,3506,6211,4815,3791,3453,3857,3841,3457,3217,3338,3370,3163,3177,-25.7327,-33.9776,8.88677,47.8727
44754,3506,4142,6953,10998,3415,3826,4990,6539,3295,3441,3766,3995,3140,3259,3370,3479,-23.34,21.4859,8.95652,48.076
44755,3358,3305,3192,3081,3942,3818,3378,3237,6022,5121,3871,3435,10723,7693,4217,3392,24.6931,-19.5908,8.91921,47.8567
44756,3745,3768,3499,3167,4786,4619,3767,3367,7372,7227,4305,3462,5912,5740,4071,3534,10.4442,-15.0661,8.84754,48.2273
44757,3580,3725,3336,3122,4640,4664,3823,3412,6716,7796,4561,3569,5643,5955,4316,3410,11.2446,-13.2029,8.80176,48.1787
44758,3634,4819,9210,8042,3531,4216,5193,5296,3377,3590,3767,3714,3121,3181,3453,3364,-31.7625,13.1497,8.5072,47.672
44759,3362,3740,4683,6078,3447,3836,5895,9225,3278,3736,4706,5914,3082,3336,3807,4005,-6.79819,22.4751,8.7191,48.0867
44760,3322,3808,4358,4385,3506,4254,6746,5822,3476,4310,6644,5840,3368,3848,4296,4347,-0.11844,12.9467,8.9347,48.22
44761,6116,4601,3648,3230,10022,5435,3881,3299,6147,4499,3694,3278,4054,3781,3401,3210,-6.71324,-26.6172,8.88436,48.1973
44762,11268,7379,4170,3413,5793,5032,3935,3298,3863,3822,3508,3309,3389,3383,3277,3106,-29.2758,-21.1563,8.5082,47.9633
44763,3331,3423,3303,3299,3692,3965,3837,3619,4546,5890,5326,4055,4861,7715,7014,4463,19.799,-1.97253,8.57519,48.226
44764,3175,3237,3450,3389,3240,3510,3818,3934,3478,3924,5031,5791,3365,4182,7985,10274,33.8188,18.368,8.75064,47.8553
44765,3465,3440,3230,3100,4150,3905,3514,3234,7605,5050,3768,3307,10962,5833,3937,3254,19.7839,-29.9251,8.906,47.836
44766,11889,6723,4047,3348,6313,5034,3880,3325,3943,3715,3467,3299,3495,3295,3156,2988,-25.7225,-23.9534,8.87155,47.9447
44767,3101,3316,3350,3435,3259,3744,4191,4016,3807,4560,6827,5591,3759,4906,7745,6227,17.0187,10.5263,8.57479,47.8893
44768,3539,3535,3274,3117,4610,4129,3569,3321,8477,5743,4045,3399,8328,5893,3901,3332,14.8296,-21.7872,8.82031,48.1413
44769,3689,4878,8939,7687,3653,4245,5671,5342,3403,3643,3955,3868,3032,3267,3386,3409,-23.5221,12.3707,8.536,48.0447
44770,5085,4975,3921,3396,7062,7159,4350,3463,5403,5251,4000,3380,4034,3999,3617,3141,-5.38319,-14.9587,8.59194,48.1573
44771,6906,5041,3860,3337,9499,5411,3686,3383,5544,4409,3654,3279,3845,3739,3412,3151,-9.36242,-25.4278,8.57391,48.104
44772,10709,6010,3870,3429,7611,5260,3942,3355,4197,3915,3539,3192,3448,3369,3314,3082,-19.6343,-25.8966,8.61107,48.1613
44773,3591,3624,3681,3375,3846,4818,4500,3830,4499,7342,6334,4195,4337,5312,4850,3936,8.45728,-1.9482,8.54172,48.0467
44774,7068,5333,3878,3345,9137,5950,3873,3434,4985,4324,3678,3269,3671,3656,3379,3082,-11.5888,-21.7589,8.61857,48.0413
44775,5198,8068,7075,4398,4358,5744,5094,4081,3605,3897,3751,3569,3315,3350,3400,3211,-21.1094,-2.27447,8.67107,48.076
44776,3145,3329,3525,3405,3392,3669,3973,4033,3596,4388,6509,5688,3715,4879,8361,6710,18.711,11.3383,8.7696,48.2113
44777,3110,3098,3398,3434,3160,3460,3820,3968,3388,3867,4802,6394,3414,3792,6128,12684,27.248,28.7793,8.79772,47.9447
44778,8603,5281,3946,3324,9198,5412,3746,3329,4865,4026,3468,3242,3671,3589,3314,3146,-13.9739,-26.1211,8.9735,48.1067
44779,3186,3233,3507,3744,3268,3632,4327,4881,3293,3901,5889,8676,3390,3931,5701,7732,13.2056,21.2066,8.75819,48.194
44780,3173,3287,3350,3413,3268,3460,3747,3909,3433,3812,4684,6063,3325,3846,6013,12711,28.486,29.9976,8.72843,47.6627
44781,4572,3992,3529,3064,7439,4988,3784,3269,8903,5246,3843,3362,5224,4324,3654,3223,2.37243,-24.6193,8.88975,48.2773
44782,7019,5761,4052,3349,8118,6343,4134,3333,4750,4386,3602,3355,3659,3565,3335,3199,-12.2681,-18.4959,8.64309,47.9733
44783,3377,3478,3426,3196,3717,4063,3727,3559,4797,6385,4866,3940,5354,8531,5979,4058,19.1416,-5.71806,8.70435,48.302
44784,10050,5605,3911,3372,7904,5196,3825,3485,4303,4121,3465,3228,3585,3517,3178,3189,-17.6877,-33.0672,8.61915,47.956
44785,3638,3639,3339,3283,4985,4147,3600,3327,9395,5153,3663,3281,8165,5200,3858,3297,12.969,-31.6177,8.93153,47.98
44786,5529,5247,4000,3471,7367,7353,4321,3671,5220,4892,3843,3323,3837,3748,3469,3155,-8.09641,-15.8284,8.87856,48.2973
44787,3273,3327,3678,3817,3304,3637,4329,5565,3405,3838,5317,9813,3443,3791,4723,6670,8.77217,31.7651,8.68336,47.9533
44788,3324,3329,3252,3289,3636,3809,3853,3562,4137,5236,5052,4266,4688,8007,8133,4726,24.4009,-0.179019,8.56992,48.1993
44789,3346,3579,4163,4798,3376,3695,4872,8381,3446,3799,4920,8061,3287,3603,4235,4766,-0.0985614,31.6871,8.59453,48.218
44790,3654,3781,3620,3337,4193,5211,4248,3549,5176,8179,5493,3904,4494,5356,4525,3731,7.47119,-6.40955,8.95006,48.3007
44791,3143,3364,3395,3431,3536,3638,3861,3747,3657,4529,5773,5368,3804,4980,9073,7351,22.4488,11.8233,8.89373,48.4333
44792,3070,3315,3438,3499,3222,3529,3993,4210,3378,4014,5911,7133,3458,4228,6822,8946,18.0507,19.1709,8.99261,48.1107
44793,4365,4257,3583,3239,6338,5859,3998,3446,6851,6556,4144,3489,4791,4354,3677,3263,1.90419,-16.1456,8.77541,48.14
44794,3914,4276,4155,3610,4273,6430,5843,3968,4240,6169,5678,3975,3800,4158,4071,3754,-0.575678,-1.44861,8.96785,48.2093
44795,3411,3913,5299,9127,3282,3823,5046,9119,3222,3478,3893,4603,3154,3267,3612,3631,-14.9672,31.7558,8.98188,47.92
44796,9381,6276,3930,3362,7747,5515,3919,3335,4337,4047,3534,3180,3470,3443,3241,3133,-17.5192,-21.8398,8.96932,47.9
44797,3191,3229,3321,3295,3349,3792,3718,3561,3936,4611,5177,4503,4223,6774,9663,5613,28.3667,5.05136,8.9231,47.9707
44798,3127,3283,3665,3778,3228,3548,4384,5457,3378,3780,5239,10065,3416,3756,4865,7011,9.9248,31.0462,8.9855,47.9867
44799,7158,4890,3858,3337,9874,5193,3758,3292,5479,4409,3638,3237,3817,3640,3351,3084,-9.9777,-28.9558,8.62791,48.01
44800,3300,3770,4672,5943,3276,3915,5462,9455,3250,3701,4649,6283,3218,3435,3881,4051,-6.20377,24.8908,8.57692,48.174
44801,3766,4051,3711,3469,4732,5999,4651,3672,5183,7564,5156,3847,4313,4716,4239,3525,3.57275,-6.92928,8.69478,48.396
44802,4994,8866,7658,4424,4214,5079,4843,4037,3638,3739,3721,3574,3267,3429,3330,3214,-32.324,-1.87143,8.84391,48.018
44803,3006,3253,3378,3377,3289,3361,3758,3925,3451,3731,4804,5876,3386,3876,5946,12798,29.9376,32.9851,8.75148,47.4767
44804,3248,3331,3426,3185,3622,3656,3683,3465,4227,5275,4912,4001,5146,9024,7332,4436,25.9947,-2.72687,8.84662,47.9793
44805,3237,3380,3609,3783,3353,3707,4611,4982,3473,4111,7064,7684,3490,4051,5418,5963,10.0943,16.4335,8.6356,47.944
44806,4492,7576,8851,5166,3991,4775,5217,4275,3458,3733,3881,3559,3236,3229,3358,3283,-31.0111,2.1072,8.81929,48.0533
44807,3541,3949,4500,3935,3894,5157,7063,4752,3757,4928,6490,4666,3506,3935,4158,3988,-1.18705,5.7768,8.73918,48.146
44808,3258,3463,3777,4054,3185,3731,4605,6200,3460,3768,5174,9766,3334,3739,4687,6032,6.6656,33.3998,8.52316,48.1553
44809,3422,3670,4792,5363,3407,4010,6001,8505,3305,3850,4985,6194,3112,3496,3947,4089,-5.12014,20.0449,8.5459,48.0987
44810,3201,3322,3656,3628,3258,3566,4204,4881,3303,3903,5258,9200,3300,3854,5233,8196,13.5065,31.2373,8.51151,47.9753
44811,4084,5689,7015,4985,4081,5468,7053,4748,3590,3883,4296,3863,3281,3415,3501,3364,-14.8644,4.25396,8.6014,48.2107
44812,3734,3728,3460,3291,4580,5108,3944,3424,6539,8015,4458,3637,5262,5275,4082,3553,8.19498,-12.2587,8.9534,48.06
44813,5325,8652,6393,4291,4617,6136,4987,3802,3829,3953,3816,3492,3315,3351,3445,3129,-20.4741,-4.56741,8.86693,48.3553
44814,3708,5098,9939,7743,3731,4195,5313,5178,3293,3530,3781,3748,3102,3303,3294,3318,-30.6611,11.7269,8.95062,48.1827
44815,3519,3971,6323,12269,3387,3702,4750,5949,3258,3427,3883,3952,3058,3325,3355,3435,-31.1073,25.6688,8.51465,47.7087
44816,3095,3240,3575,3727,3281,3574,4074,4760,3385,3866,5213,9081,3349,3846,5355,8646,14.1922,26.8036,8.85935,48.0447
44817,3173,3550,3979,4230,3358,3806,5098,6191,3414,3933,6200,8192,3409,3714,4649,5462,4.54197,19.5417,8.50378,48.2387
44818,3511,3769,3611,3283,4150,4837,4541,3696,4676,7726,6033,4078,4492,5497,4887,3908,9.19543,-3.38323,8.91796,48.4633
44819,3138,3254,3392,3593,3334,3557,4123,4732,3343,3883,5389,8382,3415,4014,5783,8938,15.7453,24.1166,8.5638,48.18
44820,3956,4460,4174,3609,4589,6834,5641,3930,4491,6152,5102,3939,3894,4056,3972,3622,-1.93238,-3.34879,8.66891,48.2807
44821,3459,4479,8625,9812,3350,3946,5077,5611,3420,3482,3788,3999,3129,3186,3274,3326,-27.3395,16.7237,8.79749,47.9753
44822,3258,3456,3360,3228,3816,4210,3900,3400,4749,6974,5487,3896,4991,7365,5866,4021,16.1962,-4.45684,8.91363,47.9847
44823,3443,3868,5749,9089,3365,3901,5563,8362,3151,3506,4073,4503,3032,3277,3462,3493,-16.0503,23.1724,8.88632,47.8913
44824,3062,3287,3279,3379,3211,3466,3823,4049,3353,3773,4867,7270,3448,3829,5843,11692,21.932,31.0295,8.81351,47.754
44825,3211,3437,3823,3972,3322,3748,4531,5565,3425,3804,6228,8923,3417,3774,4936,6102,7.7229,20.8742,8.93543,48.1453
44826,3571,4023,4346,3989,3917,5305,6907,4711,3781,5036,6311,4571,3584,4030,4332,3919,-1.19531,4.71624,8.71536,48.222
44827,4626,7506,9185,5174,4023,4729,5034,4309,3543,3755,3744,3600,3218,3378,3326,3265,-31.984,2.27447,8.8221,48.2767
44828,5255,9372,6817,4294,4295,5085,4730,3837,3656,3789,3752,3383,3304,3409,3420,3253,-33.5121,-3.7233,8.65885,47.7673
44829,4562,4137,3544,3175,7573,5127,3775,3357,8401,5385,3878,3320,5099,4299,3597,3267,1.52158,-23.0952,8.64341,48.3307
44830,3303,3562,4196,4963,3376,3780,5031,8586,3460,3757,4829,7689,3280,3501,4140,4614,-1.32598,29.8378,8.60939,48.0447
44831,3386,3385,3171,3163,3948,3801,3442,3284,5888,4930,3851,3371,11206,7123,4197,3452,32.7067,-20.8943,8.65178,47.732
44832,4586,7681,8955,4931,4081,4920,4931,4204,3606,3798,3834,3602,3227,3310,3424,3269,-32.5822,1.50027,8.85718,48.2393
44833,3430,3429,3376,3096,3904,3885,3499,3321,5756,5017,4048,3426,10399,7686,4210,3542,30.0176,-19.0144,8.5502,48.016
44834,3099,3227,3472,3369,3229,3431,3756,3978,3393,3916,4825,6323,3447,4108,6547,11430,25.007,23.5186,8.61234,47.7
44835,7078,4890,3761,3304,9851,5248,3733,3362,5329,4335,3714,3377,3868,3704,3174,3123,-10.2852,-28.354,8.76938,47.9007
44836,4012,4583,4422,3858,4439,6802,6185,4151,4111,5435,5152,3875,3811,3946,3901,3543,-3.51567,-1.31577,8.75419,48.1507
44837,3698,5299,9242,7147,3626,4294,5824,5157,3378,3656,3870,3772,3185,3288,3441,3298,-23.7227,10.8706,8.8947,48.1167
44838,3309,3369,3300,3074,4127,3831,3425,3281,6878,4889,3846,3312,11942,5800,3951,3408,22.8719,-29.4422,8.58859,47.828
44839,3797,4865,6502,5064,3951,5263,7824,5241,3474,4029,4578,4130,3242,3432,3559,3505,-12.2088,7.48836,8.84328,48.304
44840,3392,3229,3189,3130,3899,3754,3462,3403,5884,4837,3797,3344,12440,5869,3968,3320,30.2932,-33.2948,8.7294,47.278
44841,3617,4729,8471,7376,3568,4312,6270,5848,3483,3471,3964,3947,3119,3379,3466,3377,-19.5385,13.0237,8.92329,48.2647
44842,3360,3485,3317,3316,3595,3902,3960,3693,4133,5762,5939,4437,4578,6774,7204,4621,18.1372,0.631662,8.62236,48.0507
44843,3146,3376,3725,3736,3215,3733,4583,5315,3458,4134,6427,8891,3376,3923,5189,6171,8.97963,19.5016,8.69523,48.2653
44844,11855,6659,3947,3277,5808,4944,3822,3364,3963,3769,3430,3218,3381,3439,3254,3114,-33.8766,-23.0972,8.91137,47.496
44845,3459,3429,3190,3135,4268,3828,3497,3220,7478,5080,3858,3380,10673,6347,3885,3315,19.8699,-24.0521,8.83459,48.028
44846,3266,3301,3284,3367,3517,3606,3882,3584,3965,4749,5091,4325,4428,7337,9165,5340,29.5557,2.67468,8.87018,48.138
44847,3359,3307,3347,3377,3598,3871,4055,3719,4258,5675,5952,4355,4418,6944,7575,4811,18.7148,1.30685,8.88659,48.414
44848,5176,4467,3631,3382,9060,5146,3844,3373,7368,4676,3627,3366,4273,4135,3496,3149,-2.75447,-32.8194,8.76263,48.1127
44849,3647,3585,3273,3170,5035,4211,3585,3213,9459,5180,3899,3407,8191,5168,3756,3388,12.8498,-28.6534,8.82738,48.1113
44850,3225,3414,3462,3426,3584,3868,4163,3731,4158,5737,6581,4587,4352,6171,7249,4765,16.3119,2.68392,8.54965,48.3153
44851,3504,3705,3653,3464,3711,4458,4498,3761,4286,6682,6852,4377,4124,5408,5376,4279,10.0343,0.324069,8.50041,48.092
44852,5306,5048,3900,3326,7434,7066,4165,3530,5433,5175,3908,3366,4003,3945,3578,3210,-5.88028,-16.1595,8.74056,48.262
44853,5280,8661,6991,4410,4491,5524,4917,4026,3573,3769,3709,3471,3307,3358,3446,3297,-23.3446,-3.37562,8.66177,48.1533
44854,12078,6092,3918,3359,6708,4877,3675,3382,4026,3901,3539,3248,3409,3325,3217,3156,-23.3077,-29.2906,8.78809,47.94
44855,3398,3278,3189,3236,3916,3962,3446,3232,6577,4877,3892,3425,12076,5946,4041,3333,23.8074,-33.9131,8.7103,47.8827
44856,3907,4210,4156,3653,4325,6213,5452,3999,4334,6459,5796,4083,3864,4359,4106,3587,0.570771,-2.19085,8.67247,48.3353
44857,5791,9014,5919,4094,4632,5970,4765,3943,3719,3940,3723,3560,3301,3452,3376,3213,-22.1001,-6.33136,8.5194,48.2747
44858,3982,4002,3649,3363,5222,5979,4150,3494,6271,7622,4336,3564,4672,4655,3909,3464,3.99473,-12.286,8.93055,48.2227
44859,3268,3506,3944,4327,3304,3707,4618,6981,3400,3796,5118,9173,3324,3589,4506,5310,3.50243,33.1521,8.60585,47.914
44860,3346,4039,6468,12010,3414,3905,4755,6163,3164,3409,3682,3870,3154,3145,3548,3423,-26.4713,24.4522,8.54492,47.6633
44861,3373,3946,6106,12708,3328,3656,4796,6279,3271,3356,3738,3857,3165,3322,3366,3327,-27.5868,29.8251,8.968,47.7293
44862,12660,5977,4010,3402,5765,4786,3835,3283,3904,3722,3453,3281,3391,3438,3275,3178,-31.7709,-33.7513,8.8627,47.5733
44863,3318,3455,4429,5403,3392,3770,5266,9402,3287,3619,4765,7150,3233,3515,3916,4345,-3.73364,27.0804,8.62878,48.1767
44864,3714,3831,3521,3326,4632,5176,4111,3442,5911,8053,4782,3611,4798,5475,4269,3700,7.93609,-10.4719,8.57978,48.2347
44865,4342,6252,6903,4446,4209,6052,6532,4373,3591,4010,4201,3691,3372,3513,3544,3375,-15.819,1.52431,8.88738,48.2707
44866,3176,3350,3561,3408,3440,3846,4231,3914,3715,4666,7065,5378,3807,5168,7723,6012,16.7579,9.12598,8.68281,48.3067
44867,4057,6298,10022,5851,3824,4548,5201,4549,3349,3643,3902,3619,3144,3314,3275,3318,-27.9402,6.35732,8.95564,47.9427
44868,3061,3247,3425,3424,3290,3498,3801,4228,3337,3915,4842,7287,3422,3914,5840,11209,21.2305,28.8797,8.54604,47.8267
44869,3624,4416,7137,7406,3431,4197,6459,6676,3245,3555,4099,4208,3224,3267,3597,3482,-16.589,15.6117,8.66588,48.0153
44870,3446,3629,3463,3264,3847,4511,3947,3520,5001,7514,5631,3828,4832,6552,5230,3967,13.2243,-5.27892,8.79281,48.1213
44871,3978,5269,6702,4793,3963,5557,7485,4848,3641,4088,4318,3919,3288,3491,3569,3483,-13.5292,4.87189,8.59544,48.2613
44872,3638,4651,8525,9435,3487,4025,5093,5599,3302,3521,3772,3952,3170,3302,3356,3418,-26.7373,16.7016,8.64637,48.164
44873,3655,3536,3356,3170,4547,3978,3613,3293,8579,5197,3793,3398,9418,5540,3760,3334,15.8232,-27.9708,8.58247,48.1113
44874,4115,3897,3426,3237,6455,4605,3759,3249,9774,5211,3832,3338,5621,4455,3672,3265,5.27816,-31.7146,8.87315,47.9407
44875,3620,4244,4794,4376,3869,5407,7858,4886,3659,4504,5808,4379,3489,3626,3855,3705,-4.61601,5.81194,8.71849,48.0527
44876,3453,4143,6611,9515,3388,3916,5594,7380,3241,3515,4120,4237,2988,3281,3454,3559,-18.2772,20.881,8.68159,48.2633
44877,3020,3235,3399,3454,3102,3426,3738,4028,3363,3827,4804,5978,3420,3925,6269,12666,29.5232,25.9891,8.91549,47.7693
44878,3448,3473,3239,3203,4151,3863,3432,3247,7343,4973,3767,3456,11214,6013,3831,3363,21.0556,-26.9611,8.98485,48.0107
44879,8012,5353,3915,3362,9320,5588,3860,3365,4948,4163,3531,3264,3634,3629,3261,3064,-13.0419,-24.6177,8.76399,48.1793
44880,3159,3356,3351,3141,3535,3801,3616,3679,4235,5264,5155,4118,4855,8299,7986,4681,25.5506,-0.625157,8.63893,48.154
44881,3380,3689,4310,4450,3343,4029,5807,6806,3462,3983,6004,7214,3277,3728,4273,4623,0.745708,17.9856,8.70126,48.252
44882,3436,4035,5823,10768,3396,3837,4907,7526,3160,3566,3896,4266,3030,3258,3401,3429,-20.027,30.3375,8.50675,47.8227
44883,3278,3435,3176,3085,3850,3931,3508,3365,5093,5586,4246,3593,7560,9562,5169,3790,24.9877,-11.5598,8.90556,48.1513
44884,3774,3674,3527,3201,4494,5102,3923,3473,6079,8223,4658,3630,5063,5564,4327,3486,8.79015,-10.4163,8.7932,48.132
44885,3397,3390,3323,3144,3868,3814,3407,3281,5522,5003,3988,3368,9767,8429,4495,3542,30.6505,-17.0664,8.74027,47.8253
44886,3176,3259,3405,3495,3243,3428,3710,4013,3350,3756,4754,5968,3308,3954,6478,12610,32.2095,24.2911,8.97448,47.938
44887,3395,3999,6507,12468,3459,3842,4822,6211,3132,3488,3744,3840,3128,3119,3404,3410,-26.9487,25.3581,8.76779,47.9787
44888,3430,3979,6216,11204,3422,3817,5023,7190,3253,3465,3808,4109,3093,3177,3449,3379,-21.4651,24.9967,8.73076,48.0093
44889,3126,3107,3369,3450,3270,3499,3793,3839,3344,3811,4691,6107,3399,3804,6177,12800,30.2196,27.8891,8.92307,47.724
44890,4834,5491,4151,3640,5718,8179,4884,3562,4681,5223,4082,3560,3669,3729,3587,3299,-7.53888,-9.59281,8.71083,48.1927
44891,6330,6420,4225,3587,6697,7157,4368,3653,4538,4410,3741,3361,3548,3658,3292,3059,-13.0231,-14.4311,8.64895,48.0293
44892,3607,4342,7811,10005,3559,3962,5359,5950,3297,3381,3935,3937,3005,3204,3377,3439,-24.2474,18.0093,8.54754,48.1133
44893,3259,3724,4993,7271,3316,3861,5489,9834,3353,3546,4362,5439,3126,3376,3711,3811,-10.4966,24.8373,8.84457,48.314
44894,6964,5280,3963,3399,8868,6093,3877,3430,5135,4358,3645,3348,3773,3713,3344,3106,-10.9431,-21.302,8.83301,48.1973
44895,3323,3789,4626,5125,3484,4018,6122,8340,3322,3828,5298,6430,3239,3420,4039,4388,-3.63396,19.3084,8.97485,48.5273
44896,3313,3333,3538,3519,3460,3785,4162,3878,3970,5262,6979,4802,3992,5372,7330,5413,15.9382,6.43209,8.5853,48.072
44897,3726,3697,3256,3185,5173,4378,3601,3311,9987,5354,3822,3497,6972,5007,3791,3278,9.9793,-33.8115,8.95599,48.0233
44898,3281,3244,3294,3171,3715,3950,3806,3434,4491,5515,5004,4011,5280,8777,6971,4360,23.1978,-3.2945,8.51443,48.2027
44899,7876,5328,3666,3423,9356,5305,3826,3476,4871,4178,3580,3278,3704,3733,3299,3103,-12.2628,-26.1416,8.64227,48.0013
44900,3443,3418,3404,3328,3781,4182,4081,3585,4604,6569,6012,4213,4670,6679,6131,4175,15.3637,-1.70526,8.50075,48.1833
44901,3929,5573,9573,6626,3696,4366,5697,4844,3372,3597,3833,3717,3156,3284,3478,3284,-24.4815,8.91072,8.64554,48.0167
44902,3216,3503,3884,4282,3413,3592,4632,6582,3352,3811,5252,9375,3288,3602,4515,5603,4.84582,25.9435,8.57251,47.9347
44903,3523,3987,4423,3946,3798,5161,6870,4783,3874,5008,6594,4663,3592,3928,4307,3896,-0.797472,5.22263,8.59928,48.2353
44904,3186,3286,3332,3350,3363,3690,3874,3891,3649,4426,5707,5168,3855,5489,9226,6835,22.9038,9.84486,8.66082,48.218
44905,3383,3828,4973,5673,3529,4152,6587,8183,3271,3780,4984,5466,3176,3468,3763,3913,-7.0382,18.0053,8.79206,48.086
44906,3911,4799,5044,4119,4273,6665,7043,4432,3794,4804,4994,3912,3565,3767,3815,3417,-7.11893,0.932861,8.63563,48.236
44907,11561,5673,3924,3302,7301,4909,3843,3381,4035,3836,3432,3270,3481,3432,3173,3182,-20.9059,-32.5419,8.93878,47.8233
44908,6594,5030,3816,3369,9317,5987,3776,3256,5535,4345,3623,3282,3849,3773,3510,3094,-9.30252,-22.6856,8.58054,48.104
44909,4140,6950,9274,5366,3923,4736,5574,4311,3418,3697,3824,3625,3248,3267,3359,3231,-24.569,3.93397,8.99088,47.962
44910,3277,3367,3285,3099,3905,3951,3588,3358,5435,6018,4274,3654,7517,8924,5012,3703,21.7589,-12.2069,8.85008,48.2447
44911,3959,4448,4521,3916,4273,6205,6719,4432,4062,5240,5700,4125,3530,3857,3951,3684,-3.49809,1.34717,8.59597,48.4147
44912,3301,3742,4583,5204,3296,3853,5846,8593,3303,3707,4975,6682,3099,3550,3875,4400,-3.70904,21.3434,8.96969,48.006
44913,3217,3604,4237,5043,3444,3960,4984,8739,3277,3768,4822,7894,3216,3582,4046,4512,-1.49781,32.7147,8.91956,48.23
44914,3910,3688,3456,3198,5839,4463,3599,3165,9875,5243,3756,3306,6485,4814,3719,3332,8.16431,-31.5386,8.6528,47.8987
44915,3402,3987,5988,11911,3453,3726,4902,6736,3290,3436,3915,3980,3087,3216,3430,3361,-23.5574,31.1102,8.66244,47.88
44916,3119,3624,4215,4774,3353,3771,5047,7885,3397,3697,5100,8275,3198,3542,4198,4952,0.516455,25.362,8.50698,48.098
44917,4350,4894,4155,3544,5204,8030,5249,3839,4676,5680,4424,3626,3888,3970,3679,3425,-4.51507,-7.31408,8.99278,48.422
44918,3389,3993,5256,5246,3542,4413,7419,7029,3363,3833,5019,5187,3168,3562,3917,3911,-7.15048,14.4289,8.66548,48.1647
44919,4039,6490,9594,5798,3874,4683,5101,4569,3498,3729,3810,3694,3213,3283,3304,3329,-33.6693,5.53492,8.99317,48.0053
44920,4020,4905,4829,4085,4312,7108,6667,4344,3987,4961,4796,3874,3585,3769,3765,3475,-7.09991,-0.48849,8.82003,48.3213
44921,3415,4045,6007,8283,3468,3842,5794,8283,3295,3557,4163,4571,3025,3220,3625,3657,-14.9798,21.1454,8.81618,48.1667
44922,4674,4037,3609,3221,7665,5065,3621,3364,8278,5120,3804,3375,4988,4314,3558,3285,0.972447,-25.1742,8.5802,47.9853
44923,3399,3739,3923,3627,3725,4619,5465,4352,3898,5741,7647,4801,3779,4379,4958,4157,5.40139,4.36301,8.87037,48.1393
44924,3035,3225,3344,3433,3177,3536,3955,4187,3399,3822,5049,7502,3454,3858,5838,10871,19.9983,27.9914,8.70098,47.79
44925,3021,3264,3279,3406,3243,3469,3971,3913,3443,3898,4930,6307,3370,4008,6709,11798,25.0517,23.4214,8.91093,48.0193
44926,3598,4668,9010,8791,3508,4100,5225,5461,3287,3601,3854,3893,3133,3188,3384,3294,-32.4243,14.8202,8.87285,47.9967
44927,3090,3288,3663,3540,3271,3384,4178,4703,3449,3898,5161,8841,3302,3936,5336,8853,14.9954,31.2265,8.62622,47.9287
44928,3548,4141,4974,4498,3710,4858,7908,5419,3674,4326,5622,4972,3251,3637,3954,3845,-4.80355,8.68607,8.5955,48.2247
44929,3154,3478,3453,3245,3569,3870,3895,3605,4023,5349,6008,4375,4384,7021,8002,5065,20.3698,1.93499,8.55932,48.3307
44930,3085,3210,3380,3384,3257,3462,3858,4084,3380,3778,5200,7109,3371,3973,6418,11268,21.7145,24.1646,8.97384,48.1447
44931,3598,3605,3426,3158,4588,4670,3836,3455,6490,7579,4525,3569,5742,6119,4227,3579,11.2862,-12.2788,8.56728,48.1107
44932,3215,3505,3887,4233,3390,3722,4626,6551,3404,3752,5341,9595,3371,3667,4469,5781,5.24221,26.2396,8.51879,48.3393
44933,3566,3725,3355,3242,4381,4674,3865,3352,5688,8067,4862,3750,5167,6253,4530,3761,11.3825,-9.51072,8.91518,48.1587
44934,7564,5030,3764,3292,9604,5365,3801,3433,5198,4264,3641,3249,3782,3663,3290,3051,-11.5892,-27.4077,8.86769,47.994
44935,3949,4147,3820,3431,4522,6229,5009,3846,4609,7359,5422,3939,4000,4511,4144,3656,2.04463,-4.56036,8.98088,48.3953
44936,3476,4230,7696,10323,3434,3900,5183,5680,3241,3448,3776,3944,3117,3214,3465,3375,-29.4876,18.9529,8.52241,47.668
44937,11671,6376,3981,3368,6602,4916,3768,3315,4085,3861,3490,3187,3423,3336,3295,3145,-24.1272,-24.7998,8.86943,47.8793
44938,3348,3622,3805,3614,3488,4139,5278,4322,3665,5064,8260,5540,3645,4392,5479,4636,7.94777,8.33469,8.91468,48.198
44939,3448,3936,5471,8294,3339,3963,5392,8884,3190,3580,4056,4912,3199,3170,3615,3663,-13.8617,25.4578,8.56186,48.0747
44940,12379,6149,3918,3445,6376,4772,3805,3458,3956,3777,3293,3375,3332,3329,3270,3168,-24.7777,-33.4478,8.87661,47.868
44941,7109,9915,5390,3750,4853,5229,4317,3574,3774,3845,3603,3377,3352,3294,3356,3134,-32.0688,-9.45782,8.90733,47.9147
44942,3270,3551,3898,4283,3243,3775,5002,6999,3267,3886,5464,9011,3244,3731,4342,5266,3.06378,23.9163,8.93531,48.1547
44943,4313,7154,9028,5218,4003,4817,4922,4377,3580,3724,3788,3628,3284,3421,3367,3252,-32.4937,3.23761,8.60488,47.9173
44944,3084,3323,3418,3234,3366,3617,3934,3987,3635,4274,5995,5521,3595,5111,9152,7400,22.219,11.9371,8.78359,48.4307
44945,4804,7657,6328,4374,4584,6329,5470,4010,3649,4067,3827,3533,3271,3475,3499,3236,-17.8827,-2.46539,8.77769,48.0753
44946,3246,3677,4549,5429,3374,3877,5530,9222,3282,3781,4847,6728,3244,3491,3881,4326,-4.39801,24.7484,8.72524,48.3227
44947,3373,3897,5571,9765,3378,3891,5127,8138,3293,3505,4048,4489,3088,3279,3381,3497,-17.3201,30.3053,8.5066,47.8133
44948,3295,3408,3177,3035,3969,3829,3531,3244,5741,5012,3916,3415,10731,7828,4262,3471,28.9987,-19.2197,8.84464,47.9093
44949,3188,3888,6221,12240,3355,3811,4734,6608,3247,3463,3770,3935,3142,3275,3474,3515,-24.8596,27.6612,8.74522,47.9107
44950,7955,5210,3762,3289,9335,5344,3879,3377,4949,4242,3561,3336,3822,3483,3317,3138,-12.7426,-27.8887,8.52874,47.9993
44951,7500,5656,4078,3445,8503,6035,4076,3385,4835,4236,3774,3302,3676,3575,3309,3181,-13.2007,-20.5849,8.53823,48.3773
44952,7340,8000,4557,3537,6040,6342,4366,3613,4135,3987,3554,3286,3398,3410,3320,3143,-18.4496,-13.7603,8.77807,48.0187
44953,3582,3792,3529,3360,4404,5254,4317,3518,5230,8033,5367,3854,4669,5384,4343,3622,7.27671,-6.50207,8.52994,48.172
44954,3465,3399,3107,3024,4130,3910,3521,3296,7031,5025,3963,3383,11247,6073,4002,3405,21.6958,-26.2058,8.68414,47.9873
44955,3501,4060,5089,4773,3561,4685,7918,5998,3554,4087,5558,4883,3372,3615,3918,3889,-5.70644,10.9157,8.69966,48.3073
44956,3168,3300,3402,3379,3327,3664,4018,3984,3765,4458,6328,5416,3903,4938,8618,6610,20.1985,10.052,8.56362,48.1853
44957,11825,7249,4130,3445,5981,4926,3719,3429,3850,3705,3474,3219,3356,3306,3271,3133,-29.5464,-21.7874,8.97968,48.012
44958,3419,3794,5096,7224,3371,3846,5535,9534,3240,3656,4396,5347,3094,3253,3639,3758,-10.764,24.2157,8.52625,48.1347
44959,3755,4589,5332,4422,4023,5781,7750,5013,3771,4349,5018,4179,3528,3603,3757,3673,-7.69155,4.89601,8.52878,48.362
44960,3541,4286,7659,10702,3444,3936,5080,5606,3269,3372,3959,3837,3153,3262,3408,3395,-27.9814,19.5593,8.73915,47.9393
44961,12638,6121,3904,3270,5878,4709,3859,3396,3853,3674,3351,3231,3418,3468,3355,3243,-31.7336,-27.5626,8.92667,47.5787
44962,4858,4165,3563,3258,8724,4990,3807,3403,8147,4762,3636,3290,4718,4135,3389,3246,-0.677295,-30.2964,8.91168,48.0607
44963,3169,3412,3923,4406,3293,3773,4849,7040,3365,3869,5386,9045,3201,3520,4509,5243,3.40682,23.9902,8.9202,48.002
44964,3129,3270,3444,3425,3288,3509,3838,3730,3494,4087,5242,5205,3603,5088,9522,8276,31.4601,12.7634,8.84881,48.1
44965,3403,4273,7304,8139,3465,4079,6064,6711,3373,3610,4136,4215,3176,3314,3474,3546,-18.1755,16.8002,8.66785,48.188
44966,8419,6728,4116,3443,7483,5866,4001,3452,4291,4005,3547,3279,3578,3577,3323,3218,-17.1925,-18.5831,8.64319,48.2173
44967,3421,4098,6838,11730,3396,3888,4836,5970,3200,3478,3881,3949,3049,3248,3486,3428,-30.9484,22.7132,8.56533,47.9307
44968,3761,3706,3408,3236,4760,4604,3799,3392,7470,7296,4285,3605,5982,5826,3914,3453,10.3025,-15.8235,8.83204,48.3313
44969,3453,4039,5325,5585,3562,4169,7283,7592,3339,3787,4926,5091,3147,3402,3859,3800,-8.24095,15.6276,8.87864,48.2393
44970,5356,9415,7095,4319,4435,5208,4649,3897,3628,3772,3655,3389,3269,3365,3338,3160,-27.7833,-3.73583,8.76374,47.9667
44971,3366,3405,3321,3184,3750,3946,3693,3376,4702,5698,4633,3896,5904,9468,6162,4115,24.2922,-6.34189,8.70527,48.4127
44972,3112,3459,3546,3509,3359,3767,4239,4268,3547,4492,6882,6360,3657,4465,7043,6632,15.481,13.0331,8.83651,48.2247
44973,4710,4242,3478,3300,8085,5006,3626,3342,8376,5031,3688,3348,4909,4201,3594,3288,0.325876,-32.7914,8.91671,48.1493
44974,3448,3808,3969,3695,3848,4848,5611,4162,3966,6058,7482,4648,3735,4436,4791,4037,4.40518,3.24617,8.8257,48.3613
44975,3126,3224,3588,3410,3258,3527,3923,4063,3308,4119,5461,6609,3447,4256,7140,9627,21.4772,19.4125,8.62441,48.0573
44976,3929,3658,3367,3089,5478,4327,3640,3322,9981,5257,3788,3446,7024,4831,3766,3302,9.84842,-28.7285,8.97782,48.1367
44977,6297,6492,4325,3541,6737,7393,4432,3523,4483,4399,3709,3362,3661,3658,3337,3226,-12.9258,-13.85,8.56014,48.3833
44978,12393,6003,3981,3466,6366,4785,3770,3374,3947,3845,3432,3188,3423,3317,3143,3081,-26.0047,-30.2673,8.65393,47.676
44979,8018,5325,3901,3350,9161,5382,3942,3335,4996,4132,3662,3249,3692,3535,3465,3219,-13.2319,-26.5795,8.58295,48.2427
44980,3260,3433,3657,3729,3296,3512,4430,5700,3434,3813,5396,9953,3308,3796,4810,6372,8.44133,33.4379,8.51534,47.9327
44981,3363,3997,5541,10626,3356,3921,4980,7682,3369,3375,3921,4229,3136,3349,3420,3304,-19.2861,30.7298,8.61821,47.7127
44982,3141,3330,3582,3638,3407,3587,4223,5402,3330,3881,5158,9571,3396,3756,4943,7323,10.7188,30.7304,8.61297,47.7787
44983,3715,3879,3711,3295,4421,5467,4431,3663,5053,7987,5475,3867,4455,5162,4447,3695,6.34241,-5.85498,8.65823,48.482
44984,7055,9032,4925,3747,5440,5960,4371,3653,3807,3941,3652,3390,3356,3424,3250,3098,-21.211,-11.4545,8.81067,48.0673
44985,6211,6267,4333,3454,6905,7344,4417,3582,4418,4442,3831,3432,3629,3628,3317,3145,-12.6039,-14.1612,8.71392,48.2367
44986,3131,3406,3748,3913,3282,3629,4461,5722,3412,3928,5574,9478,3313,3668,4738,6582,8.44541,24.1949,8.84206,47.99
44987,3220,3290,3330,3293,3359,3784,3912,3828,4018,4997,5904,4532,4199,6431,8880,5442,21.2353,4.47962,8.82181,48.2793
44988,10874,7900,4297,3465,5694,4903,3866,3491,3865,3666,3445,3301,3404,3410,3274,3051,-30.9866,-19.0679,8.99252,47.9373
44989,3206,3302,3558,3606,3390,3533,4258,4750,3481,3889,5788,8555,3361,4034,5767,7691,13.6134,21.8807,8.57737,48.1127
44990,3457,3653,3988,3744,3678,4551,5814,4458,3846,5428,7748,5010,3592,4273,4756,4270,4.26782,6.03084,8.76267,48.1773
44991,4152,6748,9640,5686,3835,4759,5276,4433,3452,3716,3701,3702,3086,3256,3375,3326,-30.3875,5.13865,8.71665,48.0953
44992,3499,3736,4777,5820,3413,3941,6308,8577,3362,3774,4991,5740,3219,3466,3863,4003,-6.5617,19.6918,8.6605,48.326
44993,3376,3990,6560,12365,3352,3778,4826,5977,3159,3467,3769,4013,3146,3177,3331,3404,-29.368,24.4737,8.75945,47.7933
44994,3099,3278,3580,3455,3214,3578,3950,4203,3532,4020,5596,6439,3347,4352,7426,8887,20.4629,17.6234,8.78901,47.9707
44995,3985,3700,3458,3104,5889,4568,3660,3246,9579,5344,3850,3418,6418,4786,3715,3346,8.10056,-26.2042,8.56266,48.044
44996,3523,4100,5492,5074,3713,4711,7864,6228,3402,3985,5130,4667,3309,3508,3817,3742,-7.70496,11.3032,8.52557,48.1767
44997,3045,3310,3397,3461,3294,3505,3841,4039,3340,3818,4788,6044,3418,4002,6314,12306,31.3301,26.3186,8.56388,47.948
44998,10952,6447,4094,3429,7093,5141,3883,3342,4169,3863,3426,3314,3437,3440,3274,3120,-21.4942,-23.4228,8.76048,48.2827
44999,3379,3339,3285,3078,3734,3812,3551,3331,4968,5408,4320,3782,6574,9746,5744,3930,26.0712,-8.88651,8.72315,47.9873
45000,4616,7158,7466,4790,4103,5631,5716,4305,3536,3920,3918,3649,3295,3427,3438,3279,-19.7798,0.556347,8.83347,48.1647
45001,3383,3316,3323,3207,3768,3783,3551,3314,4773,5189,4442,3799,6451,9671,5817,3963,30.9072,-7.82372,8.51491,47.8333
45002,3434,3739,4649,4664,3532,4472,7283,6086,3473,4055,6133,5455,3309,3705,4134,4133,-3.06121,12.6004,8.9282,48.1707
45003,3987,4124,3791,3396,4818,6188,4497,3792,5090,7521,5164,3764,4276,4577,3990,3501,2.75555,-7.61007,8.53094,48.3173
45004,3627,4560,8682,8916,3485,4073,5167,5500,3270,3604,3903,3856,3056,3231,3401,3405,-30.9328,15.1729,8.57277,47.824
45005,3065,3310,3491,3580,3244,3709,4107,4562,3438,3955,5899,7786,3430,3962,6208,8449,16.0247,20.4985,8.75476,48.13
45006,3261,3583,4401,5076,3430,3867,5979,8190,3405,3867,5360,6889,3100,3498,4049,4316,-2.64523,20.5606,8.90798,48.1807
45007,6208,4754,3831,3149,9886,5267,3838,3394,5841,4545,3698,3238,3839,3740,3375,3167,-7.98019,-33.423,8.54023,47.8467
45008,3158,3369,3485,3568,3473,3904,4364,4102,3842,4931,7482,5335,3801,4893,7014,5598,14.1216,8.62864,8.69019,48.2127
45009,3608,4576,8302,8302,3480,4134,5812,5877,3337,3561,4008,3952,3102,3205,3422,3356,-20.8414,15.1302,8.99913,48.0227
45010,8595,6999,4248,3548,7124,5912,4094,3486,4321,4070,3442,3259,3517,3499,3380,3038,-17.9748,-17.8769,8.98762,48.3547
45011,3079,3156,3352,3283,3294,3465,3802,4016,3338,3859,4768,6534,3485,4051,6126,11980,24.1139,28.7899,8.54802,47.7253
45012,3512,4628,8581,9082,3614,4035,5306,5494,3262,3479,3895,3763,3144,3263,3379,3329,-27.3065,15.7249,8.50916,47.844
45013,6241,9860,6184,3876,4624,5248,4485,3860,3736,3771,3620,3399,3282,3379,3278,3240,-30.0158,-7.32718,8.81846,48.0553
45014,11291,7023,4177,3362,6020,5034,3900,3478,3891,3838,3530,3245,3386,3257,3239,3020,-26.7118,-21.4514,8.79858,47.794
45015,3361,3896,6024,12523,3349,3721,4614,6046,3271,3486,3764,3886,3249,3344,3430,3478,-29.6298,31.2369,8.62793,47.628
45016,3247,3614,4042,4396,3508,4051,5827,6254,3381,4167,6506,6980,3350,3739,4624,4825,2.01957,16.4022,8.55008,48.3407
45017,5386,8855,6396,4215,4469,5812,4857,3978,3623,3885,3773,3556,3279,3365,3232,3182,-22.3932,-4.55917,8.6507,47.9087
45018,4268,4827,4131,3661,5228,7883,5018,3746,4523,6025,4527,3639,3859,3955,3692,3416,-3.94998,-7.47272,8.90207,48.2653
45019,3177,3509,4061,4590,3347,3694,4774,7828,3367,3810,4994,9043,3134,3468,4305,5051,1.77709,28.1074,8.94083,48.1013
45020,3161,3207,3409,3395,3282,3504,3912,4280,3367,3777,4945,7838,3349,3850,5550,10894,19.5243,31.0665,8.96619,47.8133
45021,3413,3574,3275,3137,4007,4054,3664,3284,5497,6558,4526,3764,6566,8417,5091,3779,18.9469,-10.7589,8.8344,48.404
45022,3629,4513,6884,6426,3687,4471,6959,6270,3459,3722,4277,4196,3277,3255,3519,3610,-15.2295,12.8012,8.51701,48.1027
45023,3859,3662,3403,3111,5340,4251,3683,3230,9847,5216,3760,3369,7329,4998,3802,3350,10.6459,-31.2235,8.7349,48.14
45024,3117,3219,3376,3377,3448,3641,3949,3737,3670,4413,5501,5017,3799,5499,9620,6753,23.9667,9.54958,8.81803,48.0907
45025,3242,3346,3429,3222,3512,3802,3848,3653,4203,5009,5081,4188,4759,8254,8103,4676,25.2146,-0.121804,8.55045,48.218
45026,3426,3970,6123,12443,3467,3787,4681,6295,3219,3496,3688,3928,3054,3210,3418,3337,-26.924,30.5735,8.82815,47.6947
45027,3101,3266,3622,3605,3228,3591,4232,4626,3469,3995,5910,7949,3491,4059,6208,8229,15.5116,20.2203,8.70153,48.3873
45028,3264,3937,6337,12173,3304,3834,4788,6346,3247,3448,3792,3982,3102,3255,3389,3358,-26.5637,26.7345,8.5601,47.704
45029,4549,7378,9113,5149,3886,4793,5159,4334,3520,3753,3757,3563,3133,3329,3313,3220,-27.4145,2.69666,8.65477,47.966
45030,3360,3748,4570,6235,3285,3784,5300,9746,3334,3674,4491,6036,3113,3307,3814,4089,-7.07324,30.5508,8.51633,47.924
45031,4309,7152,8920,5210,4135,4886,5361,4403,3523,3710,3835,3642,3214,3254,3338,3223,-24.1821,2.63099,8.73619,48.0767
45032,7252,7824,4587,3566,6095,6477,4285,3607,4124,4134,3675,3303,3509,3417,3268,3068,-18.1154,-13.5241,8.73279,48.1273
45033,3363,3834,5173,8171,3387,3651,5314,9613,3227,3506,4169,4985,3116,3199,3593,3702,-12.7968,27.0603,8.99887,48.002
45034,3222,3607,4088,4190,3483,4170,5989,5562,3505,4365,7355,6624,3502,3756,4660,4707,3.29683,13.3872,8.88687,48.5233
45035,3233,3749,4443,5180,3485,3902,5656,8469,3308,3703,5065,7022,3223,3495,3990,4482,-3.04391,21.8562,8.65343,48.27
45036,3946,5679,10046,6686,3769,4339,5205,4739,3365,3695,3840,3678,3068,3298,3289,3328,-28.3718,8.77162,8.93879,47.98
45037,3184,3274,3384,3347,3257,3489,3788,3891,3546,4251,5579,5651,3579,4620,8870,8347,23.4687,14.4354,8.83858,48.038
45038,3258,3399,3475,3283,3619,3875,3911,3598,4131,5626,5821,4403,4571,7179,7576,4702,19.5011,0.89041,8.80596,48.2847
45039,3049,3249,3424,3366,3318,3542,3857,3733,3708,4444,5702,4941,3808,5824,9537,6424,24.2504,8.41328,8.79049,47.9507
45040,9141,5502,3849,3295,8765,5317,3752,3472,4610,4145,3622,3198,3546,3428,3258,3061,-15.6158,-28.0736,8.92461,47.974
45041,3910,4962,7468,5688,3765,4852,7513,5333,3389,3700,4262,3920,3151,3354,3577,3407,-15.3329,8.30973,8.81369,48.1673
45042,3276,3475,3742,3713,3399,3857,4806,4200,3709,4922,8134,5869,3626,4460,5994,5234,10.6957,9.73169,8.93689,48.2773
45043,10264,6685,4019,3424,7149,5283,3991,3345,4204,3882,3561,3234,3462,3488,3197,3149,-20.4214,-21.9733,8.72241,48.2247
45044,12753,6174,4006,3348,6159,4737,3741,3273,3943,3815,3427,3252,3466,3438,3197,3057,-26.9186,-28.2748,8.96012,47.8573
45045,3419,3505,3532,3211,3855,4359,4026,3665,4669,7086,5674,4026,4672,6720,5633,4183,14.1595,-3.12667,8.82888,48.1567
45046,3318,3361,3282,3134,3854,3888,3633,3318,5477,5582,4113,3629,7740,9271,4880,3783,24.3508,-12.8373,8.90223,48.1753
45047,7141,9822,5255,3638,4855,5462,4261,3622,3769,3792,3583,3335,3336,3415,3268,3163,-30.9017,-10.5808,8.88956,47.8113
45048,3203,3214,3353,3249,3461,3758,3835,3603,3955,4670,4978,4297,4522,7599,9124,5033,31.0217,2.14026,8.97973,47.9027
45049,4360,6868,7849,4998,4180,5551,5897,4326,3545,3816,3957,3625,3169,3314,3349,3316,-19.6236,1.72242,8.73559,48.08
45050,3490,3425,3236,3222,3960,3911,3396,3217,5909,4802,3839,3311,11315,7004,4066,3512,31.0236,-22.1025,8.62545,47.7433
45051,3537,3512,3152,3140,4417,3988,3483,3238,8684,4959,4019,3405,9777,5544,3900,3273,16.5126,-31.4152,8.88653,48.0187
45052,5903,4779,3735,3290,9254,5859,3765,3320,6194,4602,3586,3301,4044,3858,3381,3186,-6.41118,-22.5745,8.89799,48.038
45053,6047,8871,5545,3994,5040,6239,4544,3772,3717,3954,3779,3502,3363,3334,3340,3283,-20.4476,-8.28201,8.71253,48.216
45054,3177,3361,3779,3786,3271,3663,4398,5917,3445,3644,5184,9971,3354,3664,4710,6406,7.73292,30.3942,8.78793,47.82
45055,3042,3236,3408,3310,3283,3421,3846,3895,3335,3810,4807,6042,3349,3922,6165,12615,30.864,26.0153,8.9521,47.6573
45056,3870,3566,3289,3163,5608,4253,3798,3276,9948,5273,3729,3329,7032,4922,3795,3328,9.56244,-27.5048,8.9985,48.1193
45057,3424,3463,3521,3388,3776,4212,4189,3709,4365,6422,6586,4353,4364,6057,6038,4469,13.571,0.252606,8.80763,48.224
45058,3212,3367,3439,3336,3388,3714,3722,3646,3758,4318,5330,5111,3855,5487,9453,6962,27.3288,9.89682,8.57697,48.0653
45059,3427,3899,5621,9162,3339,3817,5164,8707,3188,3463,4031,4618,3163,3253,3468,3637,-15.8356,26.8086,8.63454,47.9713
45060,3689,3552,3403,3189,4811,4071,3576,3289,9401,5284,3763,3447,8331,5259,3725,3299,13.4129,-30.161,8.79845,48.0593
45061,8064,5094,3797,3398,9509,5244,3869,3319,4951,4145,3582,3269,3656,3560,3265,3078,-12.5095,-29.0275,8.85503,47.8667
45062,5327,5921,4261,3683,6166,8101,4699,3504,4506,4781,3828,3401,3690,3692,3415,3237,-10.3173,-11.6114,8.91917,48.1413
45063,3299,3329,3300,3200,3657,3695,3733,3407,4365,5277,4833,4071,5189,9127,7280,4372,26.6969,-2.80803,8.68359,48.0893
45064,3389,3721,4801,5703,3399,3921,6143,8699,3329,3745,4819,6060,3107,3431,3841,4051,-6.04426,20.4243,8.72856,48.106
45065,3569,4442,8025,10088,3428,3994,5232,5733,3243,3514,3843,3861,3108,3250,3401,3409,-27.8968,18.4566,8.55439,48.0933
45066,3426,3643,3584,3359,3856,4454,4443,3721,4389,7151,6789,4245,4264,5534,5247,4108,9.80048,-1.24804,8.96064,48.142
45067,11264,5823,3805,3384,7168,5009,3835,3379,4256,3815,3527,3167,3392,3443,3274,3116,-21.1219,-28.7301,8.54908,47.7713
45068,3631,3686,3408,3103,5083,4268,3531,3251,9525,5583,3879,3437,7671,5041,3863,3315,11.7432,-24.8401,8.96974,48.1833
45069,4625,7867,8605,4884,4136,4879,5019,4123,3508,3804,3668,3669,3278,3398,3426,3225,-33.2013,1.12176,8.88226,48.076
45070,3190,3447,3798,4020,3299,3666,4678,5623,3430,3871,6061,8906,3235,3826,5125,6203,8.32756,21.402,8.51867,48.252
45071,3219,3191,3381,3403,3313,3547,3921,3949,3501,4085,5521,5608,3661,4713,8459,8527,23.5607,14.8123,8.58411,47.9993
45072,3254,3432,3551,3818,3244,3621,4401,5668,3321,3841,5300,9977,3376,3715,4734,6733,8.76327,27.4014,8.90051,47.9907
45073,3613,3637,3291,3139,4712,4153,3599,3205,8256,5937,3895,3412,8107,5864,4014,3525,14.6335,-20.3659,8.93965,48.2393
45074,3190,3340,3483,3563,3241,3569,4188,4986,3379,3820,5308,9374,3465,3784,5215,8099,12.6834,27.5836,8.7741,48.0027
45075,5590,5141,3829,3479,8187,6899,3992,3445,5362,4780,3828,3302,3811,3743,3460,3232,-7.4581,-17.9773,8.93088,48.0533
45076,3353,3443,3279,3279,3896,4121,3858,3430,4884,6485,4856,3796,5786,8389,5505,3956,18.7727,-7.42355,8.8966,48.2107
45077,3750,3846,3360,3164,4843,4787,3710,3282,7608,7191,4267,3553,5925,5578,4098,3468,9.54549,-16.1611,8.8202,48.2867
45078,5507,8845,6296,4061,4715,6107,4827,3821,3676,3875,3711,3459,3338,3452,3248,3251,-20.7521,-5.43354,8.69995,48.126
45079,3835,4022,3734,3340,4843,5856,4221,3522,5646,7751,4860,3633,4584,4945,4117,3495,4.98389,-9.22753,8.59881,48.2693
45080,5360,5713,4283,3610,6425,7758,4539,3597,4686,4817,3911,3544,3744,3756,3378,3142,-9.57797,-12.5147,8.52759,48.1753
45081,3957,5768,8702,5768,3830,4849,6103,4950,3354,3772,4026,3839,3136,3377,3485,3317,-20.1786,7.10923,8.602,48.1553
45082,3493,3499,3695,3445,3785,4142,4464,3861,3984,6233,7320,4694,4036,5198,5954,4720,11.1357,3.05969,8.50637,48.3487
45083,4153,6551,9404,5634,3839,4711,5376,4519,3502,3599,3882,3658,3198,3367,3404,3197,-27.2551,4.97097,8.60121,47.996
45084,3550,4671,8024,7515,3449,4290,6440,5947,3291,3602,4023,4032,3138,3263,3458,3547,-18.6919,13.4581,8.91457,48.16
45085,3336,4002,6612,12209,3399,3901,4803,6069,3236,3437,3809,3951,3114,3222,3402,3418,-31.6903,24.9725,8.61769,47.9467
45086,3569,4025,5686,5776,3558,4394,7641,7057,3394,3904,4776,4725,3132,3450,3703,3660,-10.1356,14.2884,8.70595,48.3
45087,6509,9255,5554,3889,4931,5920,4529,3689,3718,3849,3638,3434,3322,3442,3208,3164,-22.2973,-8.64822,8.8629,48.034
45088,3416,3764,4994,5129,3377,4170,6926,7649,3401,3858,5106,5766,3218,3640,3859,3988,-5.20604,16.7486,8.74253,48.174
45089,8985,5412,3836,3360,8707,5147,3787,3336,4632,4121,3631,3201,3502,3496,3247,3182,-15.4574,-32.9484,8.76216,47.7213
45090,3136,3248,3424,3456,3197,3301,3742,4035,3377,3719,4744,5788,3439,3929,5886,12636,31.5905,31.9802,8.70654,47.3713
45091,3808,3803,3555,3273,4847,5361,3978,3433,6407,7884,4523,3521,4963,5136,4144,3544,6.54981,-12.0728,8.88602,48.12
45092,3329,3836,4906,5931,3403,3921,6079,8845,3322,3791,4734,5892,3117,3460,3879,3944,-6.9059,20.7627,8.81028,48.2593
45093,3496,4289,6320,6273,3615,4350,7420,6896,3441,3859,4500,4560,3200,3314,3673,3501,-12.6318,14.1737,8.88896,48.4713
45094,3389,4106,6985,11442,3463,3871,4869,6074,3252,3412,3826,3997,3132,3342,3348,3470,-25.6283,21.858,8.80299,47.9853
45095,3428,3427,3205,3217,3946,3765,3516,3285,5837,4578,3790,3401,12272,5770,3878,3395,33.1,-33.2326,8.81511,47.14
45096,3329,3356,3321,3206,3708,3737,3649,3338,5090,5157,4276,3679,7390,9840,5246,3748,28.8601,-10.9718,8.87172,48.0467
45097,3467,4005,5921,11564,3271,3710,4953,7053,3188,3463,3876,4062,3052,3247,3376,3446,-22.0004,31.0224,8.75042,47.7693
45098,4347,5539,5123,3990,4658,7318,6276,4160,3900,4834,4395,3721,3576,3593,3625,3274,-9.75335,-2.52057,8.67543,48.2193
45099,3327,3402,3512,3267,3668,3950,3958,3636,4160,5571,6010,4294,4468,6830,7579,4834,18.7577,1.55133,8.74835,48.3107
45100,3029,3188,3323,3392,3217,3506,3775,3884,3391,3741,4874,6092,3488,3921,6582,12233,32.0163,24.6317,8.88449,47.7573
45101,6167,9976,6315,3900,4619,5421,4412,3831,3526,3765,3590,3555,3305,3368,3288,3209,-27.2836,-6.52852,8.96029,48.1647
45102,3402,3345,3131,3127,4136,3858,3508,3287,6896,5098,3907,3367,11523,6285,3917,3393,22.8227,-25.7918,8.78,48.12
45103,5531,8589,5837,4082,4932,6264,4789,3953,3764,4005,3713,3492,3311,3326,3303,3177,-20.0664,-6.17846,8.59866,48.0453
45104,5624,8772,6153,4138,4615,5787,4894,3852,3717,4061,3764,3461,3250,3404,3399,3163,-21.1926,-5.00354,8.69911,48.036
45105,7016,4957,3690,3309,9805,5347,3874,3334,5546,4281,3568,3388,3910,3719,3310,3137,-9.61794,-28.1858,8.61531,48.1273
45106,4298,6761,9415,5595,3922,4775,5188,4527,3485,3629,3831,3509,3122,3307,3441,3265,-27.3274,4.98516,8.85584,48.0467
45107,4263,4854,4238,3678,4974,7751,5360,3862,4467,5818,4534,3619,3813,4003,3708,3457,-4.48948,-6.37845,8.70073,48.266
45108,3635,3579,3411,3223,5024,4274,3547,3237,9399,5192,3871,3284,7938,5188,3737,3339,12.5838,-32.4866,8.64443,47.9187
45109,3433,3772,3708,3535,3825,4508,4949,4156,4102,6136,7565,4509,3932,4815,5119,4239,7.29192,2.48964,8.62257,48.202
45110,3584,3598,3279,3138,4383,4333,3692,3465,6918,7098,4389,3506,6485,6419,4315,3524,13.4588,-14.4789,8.89605,48.084
45111,3284,3564,4413,5132,3403,3778,5054,8923,3379,3788,4701,7523,3161,3505,3976,4465,-2.36438,32.4873,8.68921,48.0327
45112,3134,3473,3876,3913,3340,3803,4922,5524,3505,4105,6996,8074,3235,3851,4961,5601,6.73873,17.7507,8.98615,48.2087
45113,3168,3353,3568,3386,3436,3808,4394,4011,3814,4850,7513,5395,3804,4944,7181,5514,14.65,8.21773,8.7488,48.0927
45114,3133,3331,3591,3623,3378,3650,4320,4303,3438,4335,6780,7051,3498,4180,6549,6849,14.3137,15.4084,8.88418,48.006
45115,3208,3268,3434,3333,3273,3408,3792,3870,3390,3689,4709,6062,3454,3908,5965,12967,30.5904,30.4923,8.89608,47.82
45116,3904,4528,4118,3653,4749,6960,5245,3813,4604,6496,4996,3820,3907,4225,3898,3487,-1.22049,-5.58817,8.73411,48.2687
45117,4202,6782,9403,5582,3916,4737,5235,4526,3490,3778,3752,3569,3210,3373,3403,3328,-32.4621,4.70213,8.66889,48.1907
45118,4789,4710,3817,3417,7084,6817,4257,3511,5872,5656,3924,3414,4113,4050,3506,3382,-3.32015,-15.372,8.95911,48.2127
45119,4364,7244,9295,5478,3974,4671,5094,4402,3420,3671,3785,3665,3228,3433,3381,3314,-30.489,3.74824,8.94242,48.2793
45120,4278,4764,4144,3708,5085,7571,5343,3796,4473,5956,4506,3844,3726,3919,3776,3365,-4.10579,-6.24119,8.76259,48.1693
45121,3183,3208,3276,3411,3230,3348,3754,3920,3389,3790,4666,6184,3376,3914,5883,12671,28.986,29.253,8.72947,47.4687
45122,6855,5123,3711,3408,9470,5790,3850,3366,5505,4326,3574,3222,3828,3622,3373,3221,-9.87592,-23.4759,8.86579,48.1627
45123,4539,7032,6894,4689,4250,5860,6039,4309,3674,4032,4075,3652,3194,3401,3390,3246,-17.8864,0.115118,8.65474,48.184
45124,11507,5970,4003,3363,7239,4943,3751,3342,4198,3952,3466,3289,3364,3513,3188,3071,-21.3677,-28.0757,8.60353,48.106
45125,3448,3644,4115,3935,3691,4551,6056,4598,3810,5194,7418,5068,3676,4111,4685,4268,3.18027,6.71951,8.60373,48.1787
45126,3264,3612,4074,4933,3338,3763,5011,8419,3267,3676,4999,8289,3220,3628,4253,4780,-0.0980206,27.7647,8.91372,48.3507
45127,3460,3402,3239,3249,3905,3707,3447,3259,5958,4747,3871,3366,12496,5813,3917,3404,31.4591,-32.5475,8.63938,47.4933
45128,3331,3786,5163,7686,3275,3879,5501,9556,3293,3510,4339,5261,3116,3319,3718,3772,-11.5461,25.2999,8.77217,48.3367
45129,3499,3625,3482,3373,4203,4836,4051,3478,5512,8162,5180,3743,4982,6103,4735,3651,10.6957,-8.0052,8.97854,48.41
45130,3611,4113,4064,3701,4106,5625,5611,4041,4277,6266,6207,4223,3786,4458,4397,3758,2.23179,-0.389982,8.63349,48.1627
45131,3209,3357,3438,3299,3633,3757,3940,3721,3873,5112,6134,4558,4178,6428,8557,5336,20.413,4.28079,8.94338,48.3533
45132,3620,3927,3595,3339,4273,5200,4445,3592,4856,7815,5806,3906,4194,5186,4556,3749,6.9391,-4.95216,8.5854,48.0393
45133,5217,4624,3739,3384,8103,6189,3961,3352,6198,5276,3814,3275,4175,3950,3555,3214,-4.13534,-19.1275,8.89669,48.0173
45134,3452,3351,3318,3041,4209,3872,3482,3145,6926,5014,3881,3421,11517,6313,3970,3522,22.3382,-24.2398,8.96958,48.2893
45135,7698,9512,4854,3527,5244,5286,4322,3670,3790,3898,3494,3298,3357,3381,3239,3098,-33.6762,-12.4699,8.72446,47.7787
45136,3747,5229,8381,6454,3676,4495,6382,5321,3406,3629,4062,3956,3194,3403,3413,3412,-19.2365,9.99988,8.50314,48.1067
45137,3633,4358,7643,9129,3438,4157,5667,6257,3193,3519,3996,4172,3133,3245,3395,3437,-21.0022,17.2637,8.60125,48.248
45138,3430,4000,5293,5562,3532,4231,7294,7631,3332,3795,5012,5050,3164,3380,3809,3897,-8.26956,15.48,8.84253,48.2747
45139,3314,3394,3348,3126,3791,4001,3634,3374,4840,6042,4707,3849,6048,9236,5787,3960,21.7882,-7.14838,8.89018,48.3007
45140,5863,5190,3890,3357,8055,6746,4140,3505,5263,4956,3703,3362,3922,3795,3511,3111,-8.23523,-17.577,8.55008,48.246
45141,9998,6202,3977,3368,7620,5222,3839,3305,4298,3982,3501,3192,3626,3459,3253,3139,-18.8115,-23.2191,8.77217,47.9873
45142,4111,4215,3654,3353,5406,6275,4197,3577,5926,7119,4532,3525,4472,4628,3986,3464,2.396,-11.7466,8.76629,48.2933
45143,6834,5199,3894,3450,9129,5885,4008,3412,5235,4441,3670,3312,3805,3635,3432,3108,-10.4613,-21.8122,8.73046,48.2993
45144,8973,5571,3901,3367,8822,5408,3894,3423,4624,4014,3589,3182,3519,3468,3216,3039,-15.3307,-25.7438,8.95754,48.0067
45145,12002,5898,3888,3543,6666,4948,3782,3482,3978,3764,3419,3280,3297,3326,3212,3139,-23.4365,-33.035,8.88163,47.7493
45146,8507,5510,3995,3336,8672,5551,3911,3336,4625,4188,3567,3231,3563,3532,3303,3074,-14.3639,-23.665,8.70124,47.934
45147,3433,3818,4127,3859,3770,4647,6207,4570,3737,5201,7633,4890,3581,4095,4673,4163,2.80636,6.14784,8.75968,48.2693
45148,5183,8652,7596,4553,4313,5230,4968,3977,3589,3798,3643,3718,3250,3368,3363,3193,-25.5193,-2.05717,8.93311,48.2627
45149,3512,3775,3454,3286,3904,4336,4030,3454,4983,7411,5456,3938,4969,6696,5240,3978,13.5077,-5.0475,8.7681,48.2813
45150,3079,3277,3422,3360,3264,3429,3901,4245,3398,3845,5033,7382,3413,3970,5754,11190,20.3524,31.0942,8.6312,47.9747
45151,3256,3349,3452,3323,3533,3850,4034,3773,3982,5384,6400,4568,4242,6086,7787,5123,18.2448,3.53326,8.74714,48.0947
45152,3241,3335,3370,3127,3588,3683,3963,3575,4190,5341,5350,4264,4664,7857,7832,4782,22.2983,0.0821324,8.62442,48.108
45153,10575,8077,4239,3519,5704,5034,3990,3386,4076,3757,3474,3160,3286,3294,3258,3157,-30.0608,-18.5831,8.83177,47.9907
45154,4303,6626,8295,5002,4022,5346,6102,4360,3443,3798,3953,3750,3133,3244,3447,3281,-20.4517,3.19191,8.82954,48.07
45155,3488,3632,3508,3183,3980,4452,3945,3514,5263,7918,4989,3797,5172,6624,4808,3766,12.7755,-7.7778,8.64754,48.026
45156,3048,3308,3422,3425,3329,3580,3773,3923,3365,3963,5027,5721,3566,4444,8048,10030,30.4845,17.9239,8.61819,47.9813
45157,3430,4005,5912,6766,3496,4148,6658,7856,3353,3713,4498,4631,3108,3319,3671,3653,-12.1763,17.7916,8.65297,48.1447
45158,3624,4264,4858,4298,3823,5483,7842,5087,3655,4450,5681,4350,3509,3642,4002,3906,-5.10534,6.32951,8.91809,48.316
45159,3594,4414,6082,5565,3535,4441,7700,6469,3481,3827,4716,4519,3209,3405,3701,3657,-11.1614,12.4916,8.7398,48.21
45160,3374,3715,4838,6471,3408,3858,5258,9794,3288,3600,4301,5716,3175,3412,3782,3865,-8.48052,33.651,8.78257,47.9033
45161,3121,3298,3571,3686,3277,3613,4068,4827,3291,3843,5578,8890,3369,3907,5590,8315,14.0626,24.3085,8.61295,48.1627
45162,3947,4965,5816,4559,3990,5943,7813,4840,3686,4365,4693,3991,3366,3557,3599,3505,-10.2989,4.11257,8.82687,48.4233
45163,3334,3962,6571,12136,3275,3842,4823,5958,3183,3473,3877,4007,3099,3278,3388,3368,-32.9416,24.4501,8.50487,47.716
45164,5132,8603,7258,4407,4556,5605,5056,4066,3674,3791,3695,3552,3181,3311,3311,3100,-23.0197,-2.61514,8.95317,48.1987
45165,3300,3455,3232,3073,4070,3909,3502,3109,6034,4933,3936,3435,11411,7107,4097,3396,26.628,-21.2454,8.69706,47.9993
45166,3533,4427,8547,9606,3378,4029,5105,5592,3318,3500,3762,4009,3048,3253,3359,3374,-28.3379,16.2836,8.99419,47.8933
45167,3656,3917,4165,3946,3914,5241,6514,4499,3952,5362,6708,4531,3747,4056,4302,3989,0.383394,3.75515,8.7159,48.3327
45168,3766,4722,6298,4875,3786,5204,8107,5294,3550,4105,4778,4198,3262,3463,3518,3623,-11.1759,7.533,8.85485,48.366
45169,3074,3429,3761,3955,3206,3666,4455,5574,3356,3729,5976,9368,3349,3701,5013,6517,8.83288,22.8442,8.92679,48.086
45170,4910,5550,4259,3570,5662,8177,4930,3606,4373,5237,4163,3470,3757,3841,3507,3315,-8.02017,-8.90866,8.54284,48.218
45171,3049,3260,3412,3401,3264,3487,3737,3922,3421,3943,5044,5665,3361,4482,8018,10093,29.2036,17.9941,8.56742,47.706
45172,3542,4086,5714,5231,3641,4646,7741,6518,3480,3832,4998,4635,3280,3391,3726,3695,-9.37055,12.2476,8.5772,48.104
45173,3673,3518,3349,3024,4887,4190,3531,3262,9453,5148,3772,3464,8230,5074,3761,3414,13.124,-30.2132,8.96995,47.8333
45174,6979,9801,5535,3775,4978,5581,4260,3592,3716,3803,3582,3357,3285,3511,3271,3131,-26.6305,-9.76295,8.63429,48.1047
45175,4345,4773,3991,3539,5256,7892,5050,3751,4672,6119,4484,3547,3925,4097,3712,3381,-3.39665,-8.22328,8.99284,48.356
45176,3065,3203,3543,3643,3296,3516,4174,4868,3261,3902,5214,9101,3332,3827,5283,8431,13.5769,28.2697,8.73414,47.7727
45177,3490,3605,3438,3357,3944,4786,4170,3669,4865,7760,5771,4043,4591,5854,5005,3933,10.3677,-4.47306,8.57508,48.1873
45178,3962,5648,9799,6655,3668,4430,5433,4861,3436,3495,3912,3644,3142,3353,3414,3345,-25.661,8.76785,8.71789,48.1313
45179,10971,7181,4085,3376,6327,5044,3965,3538,3870,3865,3498,3309,3557,3317,3324,3046,-24.6253,-21.1896,8.59669,48.182
45180,3117,3404,4023,4367,3263,3757,4874,7199,3228,3731,5023,9325,3254,3601,4301,5231,3.1278,29.3373,8.95452,47.7987
45181,3404,3627,3629,3499,3796,4671,4634,3889,4271,6773,6944,4437,4105,5123,5267,4102,9.01395,0.387984,8.6886,48.114
45182,3498,3543,3319,3052,4578,4097,3551,3210,8736,5337,3898,3371,9234,5701,3945,3361,15.7623,-25.9631,8.64474,48.2873
45183,3410,3365,3357,3104,3853,4101,3828,3434,5208,6762,4890,3735,5823,8070,5345,3914,17.8049,-8.07118,8.54458,48.1327
45184,3800,4528,4336,3827,4397,6522,6218,4165,4030,5775,5471,4016,3615,3995,3951,3575,-2.34469,-0.857183,8.54283,48.1473
45185,3414,3896,5898,12539,3452,3801,4692,5848,3285,3505,3663,3902,3177,3342,3275,3321,-30.8153,31.6941,8.64666,47.34
45186,3486,3482,3124,2940,4068,3859,3383,3145,7319,4870,3774,3372,11413,5834,3811,3391,21.1182,-30.6917,8.8481,47.514
45187,3933,5007,6689,5009,3905,5428,7848,4835,3617,4022,4508,3898,3223,3468,3557,3468,-13.0769,5.62167,8.89885,48.2767
45188,4371,3991,3578,3221,7138,4938,3778,3263,8933,5622,3877,3252,5167,4359,3635,3303,2.98343,-23.7088,8.95351,48.284
45189,3234,3325,3391,3292,3464,3734,4055,3736,3986,4916,6243,4780,3991,5881,8563,5585,19.5245,5.54042,8.79351,48.1173
45190,3733,3507,3305,3130,4808,4112,3628,3227,9496,5413,3913,3322,8327,5420,3805,3351,13.3218,-27.4028,8.58057,48.3313
45191,6890,9236,5250,3835,5162,5838,4378,3715,3907,3891,3666,3339,3445,3434,3295,3073,-23.297,-10.2339,8.68369,48.236
45192,3686,3928,4419,3936,3910,5495,6611,4563,3847,5296,6501,4566,3683,4044,4352,3845,-0.584525,4.29881,8.76487,48.4547
45193,3562,3736,3543,3327,4096,5019,4149,3580,5313,8163,5269,3831,4599,5851,4597,3796,9.51115,-7.0157,8.97183,48.2873
45194,4048,3744,3309,3230,6345,4569,3721,3340,9949,5196,3733,3313,6037,4531,3677,3425,6.56411,-31.6671,8.90094,48.1113
45195,3241,3710,4824,6658,3299,3911,5242,9943,3268,3741,4445,5626,3151,3395,3644,3891,-8.84248,33.1217,8.71905,47.9927
45196,3375,3430,3399,3302,3756,4018,4096,3402,4602,6310,5246,3979,5101,7865,6220,4261,18.6551,-3.37801,8.79895,48.2413
45197,3291,3314,3278,3174,4091,3905,3446,3293,5714,5111,3880,3390,9842,8238,4340,3502,26.0694,-17.3903,8.50157,47.8727
45198,3399,3680,3937,3732,3758,4643,5893,4425,3842,5442,7720,4912,3714,4181,4762,4140,4.41071,5.45519,8.92139,48.12
45199,3880,3706,3376,3166,5059,4858,3860,3468,7609,7280,4145,3569,5609,5187,4080,3423,8.27081,-16.1582,8.98404,48.1833
45200,3117,3189,3335,3423,3253,3507,3775,4077,3442,3799,4985,6993,3451,3911,5816,11663,21.8909,31.6723,8.5701,47.824
45201,4211,6771,9738,5771,3957,4582,5193,4509,3435,3604,3709,3640,3194,3265,3342,3143,-29.9342,4.50073,8.95762,48.0427
45202,3414,3915,6111,9260,3379,3998,5490,7877,3108,3467,4139,4447,3219,3259,3560,3535,-17.0194,22.2233,8.80009,48.1187
45203,3019,3319,3497,3527,3208,3472,4048,4713,3411,3776,5281,8672,3312,3974,5526,9361,15.6173,26.0271,8.92715,48.0773
45204,3186,3261,3353,3409,3386,3703,3798,3646,3762,4313,5199,4830,3954,5535,9846,6683,30.4971,9.00663,8.56105,47.9093
45205,3918,4683,4816,4062,4318,6512,7176,4389,3874,4927,5099,3985,3558,3793,3755,3544,-6.13024,1.34537,8.585,48.2727
45206,4094,4957,4627,3899,4658,7606,5909,3928,4123,5265,4679,3770,3675,3768,3625,3471,-6.36448,-3.48109,8.54866,48.036
45207,3320,3782,4201,4177,3472,4327,6545,5381,3696,4466,7134,5598,3494,3798,4573,4310,1.19878,10.7451,8.75207,48.1827
45208,3234,3356,3876,4059,3297,3723,4754,6416,3346,3893,5706,9345,3256,3702,4618,5666,5.6607,23.5344,8.87224,48.1647
45209,4158,5289,6389,4709,4040,5673,7346,4810,3649,4117,4434,3943,3209,3431,3548,3543,-13.105,4.02579,8.50608,48.192
45210,3054,3249,3481,3415,3152,3459,3901,4250,3391,3944,4957,8035,3378,3923,5717,10482,18.3361,32.6938,8.94432,47.8587
45211,4200,5280,5772,4329,4137,6323,7190,4701,3700,4209,4377,3848,3382,3444,3568,3494,-11.4976,2.07773,8.50799,47.9693
45212,3108,3368,3599,3850,3224,3625,4327,5283,3429,3930,5617,9564,3307,3826,5128,7098,10.4348,24.3868,8.90614,48.1887
45213,4757,5936,5238,4010,4824,7812,5662,3964,3987,4551,4092,3537,3453,3684,3458,3351,-11.6601,-4.70445,8.78983,48.2107
45214,3164,3193,3267,3437,3058,3490,3916,4066,3358,3731,4749,6072,3435,3963,6590,12344,29.0086,25.5352,8.7075,47.8887
45215,3823,4197,4300,3911,4199,6131,6394,4275,4040,5590,5884,4185,3664,4020,4066,3701,-1.35214,0.782721,8.58251,48.2533
45216,4193,6113,9485,6012,3843,4662,5449,4659,3451,3593,3890,3704,3145,3343,3368,3333,-24.7539,6.62489,8.6738,48.162
45217,3114,3296,3569,3559,3195,3586,4123,4488,3492,4010,6045,8047,3392,3989,6188,8350,15.7251,20.1259,8.9348,48.2953
45218,3581,4669,9242,8719,3520,4169,5181,5378,3273,3563,3801,3878,3118,3382,3417,3391,-29.6308,14.3006,8.85086,48.188
45219,3469,4238,7045,7579,3616,4170,6473,6753,3261,3648,4209,4177,3075,3282,3526,3591,-17.0079,15.5569,8.90845,48.0747
45220,3183,3511,3874,4094,3254,3816,5046,5957,3383,4025,6399,8518,3296,3867,4839,5362,5.21462,19.102,8.96475,48.2827
45221,3366,3889,5517,8724,3288,3743,5230,8980,3201,3609,4033,4713,3114,3316,3504,3634,-14.5122,26.9178,8.82579,47.9073
45222,3287,3460,3379,3341,3494,3775,4226,3809,3881,5289,7035,4851,3936,5606,7373,5186,16.0465,5.04518,8.86848,47.952
45223,3246,3421,3956,4074,3384,3730,4887,6031,3427,3932,6395,8418,3278,3863,4849,5535,5.68795,20.0454,8.55409,48.284
45224,3560,3550,3292,3240,3916,4372,3795,3370,5404,7650,5104,3666,5402,7038,4844,3780,13.8758,-8.59801,8.94905,47.9887
45225,4575,4079,3634,3345,7819,4950,3824,3383,8545,4940,3823,3376,4911,4303,3637,3251,0.987766,-31.5702,8.72029,48.2633
45226,3338,3337,3382,3294,3648,4032,3888,3473,4462,6223,5701,4099,4948,7424,6676,4420,18.3664,-2.16179,8.75928,48.23
45227,3345,3374,3197,3102,3888,3809,3435,3274,6089,4880,3856,3376,12479,6365,4016,3360,28.6661,-26.4863,8.74444,47.8967
45228,3122,3183,3361,3408,3302,3445,3819,3965,3312,3819,4863,6478,3505,3918,6029,12102,24.6109,31.0567,8.61554,47.754
45229,5725,7792,5055,3716,5290,7315,4754,3742,4043,4266,3765,3269,3424,3574,3352,3236,-16.0738,-9.32845,8.97334,48.212
45230,3972,3788,3352,3105,5262,4905,3785,3272,7932,6837,4268,3464,5693,5310,3936,3417,8.25336,-17.0969,8.80995,48.1987
45231,4957,4417,3643,3322,7981,5684,3942,3408,7066,5373,3868,3423,4472,4045,3474,3232,-2.04258,-21.0667,8.71777,48.2047
45232,3241,3277,3537,3720,3206,3626,4120,4493,3476,3895,5312,8902,3356,3952,5390,8642,14.4499,33.7143,8.66241,48.0967
45233,3177,3196,3415,3279,3286,3624,3804,3869,3438,4211,5263,5249,3530,4773,9080,8426,32.9193,13.8927,8.70188,47.7467
45234,3347,3534,4058,4486,3511,3626,4610,7480,3353,3827,5098,8987,3215,3677,4261,5241,2.25949,32.0632,8.51178,48.2073
45235,4942,4419,3774,3362,7606,6346,4060,3475,6453,5510,3802,3276,4289,4154,3469,3312,-2.86288,-18.0755,8.5593,48.166
45236,3108,3136,3378,3334,3206,3480,3856,4039,3353,3858,4954,6647,3389,4025,6407,11715,23.4389,25.3386,8.90715,47.9233
45237,3376,4260,7101,10046,3435,3893,5206,6635,3254,3492,3868,4153,3088,3323,3468,3486,-21.2069,20.4206,8.56278,48.056
45238,10750,6887,4079,3469,6686,5040,3893,3430,4028,3973,3506,3310,3374,3484,3267,3102,-22.6636,-21.591,8.63514,48.1853
45239,6639,6682,4421,3448,6769,6971,4330,3579,4435,4344,3712,3303,3656,3505,3429,3128,-14.1738,-14.2529,8.62584,48.234
45240,7338,9800,5235,3720,5077,5335,4248,3599,3843,3918,3519,3335,3479,3412,3164,3191,-33.9486,-10.9797,8.86773,48.142
45241,3943,5487,6280,4707,4017,5882,7299,4670,3617,4085,4354,3853,3277,3473,3708,3518,-12.4385,3.32005,8.73271,48.1133
45242,6256,5655,3952,3412,8169,6907,4122,3413,4989,4612,3582,3302,3696,3675,3441,3195,-10.1614,-17.2162,8.89774,48.252
45243,3332,3514,3753,3537,3588,4157,4927,4074,3849,5348,8193,5193,3804,4497,5656,4705,9.39126,6.68916,8.97181,48.0847
45244,12402,6472,3873,3293,6049,4890,3749,3361,3893,3622,3388,3335,3430,3333,3251,3166,-32.2241,-24.8401,8.90873,47.6713
45245,3632,3847,3657,3451,4251,5290,4521,3759,4931,7729,5582,4100,4369,5206,4562,3771,6.74396,-4.65389,8.50344,48.4387
45246,5295,8862,7197,4335,4338,5269,4874,4016,3570,3744,3718,3547,3273,3557,3317,3305,-25.3883,-2.98414,8.78425,48.1447
45247,3733,4546,7051,5873,3627,4627,7294,6059,3435,3807,4343,4178,3147,3360,3529,3524,-14.7021,11.2651,8.72467,48.0887
45248,4308,3857,3433,3146,6831,4700,3725,3385,9515,5317,3866,3354,5503,4354,3726,3322,4.32702,-32.8043,8.98736,48.228
45249,3541,3895,5149,5619,3534,4069,7125,7818,3389,3745,4775,5126,3180,3453,3655,3924,-8.25332,16.4575,8.83588,47.998
45250,4211,5303,5811,4356,4178,6305,7124,4530,3779,4413,4490,3793,3318,3566,3719,3426,-11.1522,1.74861,8.56197,48.2147
45251,3000,3259,3568,3654,3355,3582,4143,5085,3445,3802,5273,9585,3351,3774,5326,8167,12.9803,27.4031,8.86801,48.246
45252,4819,7753,7051,4431,4445,5809,5329,4173,3689,3894,3828,3457,3256,3323,3372,3196,-19.9017,-1.6526,8.60726,47.8833
45253,3417,3428,3271,3108,4110,4123,3623,3335,6093,6027,4240,3533,7720,7899,4523,3683,19.2295,-14.497,8.67732,48.0887
45254,12257,6086,3935,3274,6267,4759,3860,3402,3953,3791,3437,3309,3439,3364,3209,3166,-26.4113,-32.0494,8.74978,47.672
45255,4337,6458,6339,4503,4460,6628,6255,4246,3729,4266,4230,3671,3351,3483,3515,3332,-14.9932,-0.543624,8.82273,48.5353
45256,3328,3370,3241,3149,3898,3757,3487,3189,5553,5180,4065,3445,10044,8355,4373,3605,33.4421,-17.271,8.99277,48.026
45257,3150,3267,3445,3371,3421,3794,3950,3830,3849,4905,6352,4901,3999,5915,8674,5617,19.7616,6.04109,8.98818,48.2933
45258,9410,7748,4348,3526,6280,5595,4038,3454,4013,3882,3559,3297,3331,3315,3243,3080,-22.3356,-17.8088,8.58731,48.0793
45259,3497,3469,3278,3092,4836,4116,3422,3191,9139,5062,3767,3323,8796,5288,3801,3350,14.3382,-29.2402,8.97381,47.618
45260,3709,3543,3227,3114,4703,4045,3385,3196,8948,5229,3905,3451,9025,5297,3769,3447,15.1035,-29.2529,8.52572,47.9953
45261,3293,3407,3224,3170,3682,3865,3515,3388,4801,5315,4420,3702,6321,9804,5880,3962,31.4178,-8.13825,8.85968,47.8327
45262,10311,7684,4225,3466,6187,5205,3886,3601,3950,3808,3431,3262,3325,3363,3227,3104,-24.476,-19.2629,8.57822,48.0233
45263,3708,4644,6082,4885,3793,5291,8002,5348,3601,3931,4780,4228,3292,3387,3679,3514,-10.8454,7.74489,8.78571,48.11
45264,3351,3427,3121,3148,3809,3893,3471,3393,5081,5256,4226,3546,7526,9662,5112,3731,32.0115,-11.7952,8.94372,47.8353
45265,3483,3425,3145,3086,4323,3979,3496,3254,7974,4990,3874,3360,10334,5578,4065,3384,18.0876,-32.1698,8.85129,47.8333
45266,4169,4210,3846,3391,5249,6732,4530,3606,5464,7050,4573,3603,4227,4486,3817,3374,0.793985,-10.0602,8.59044,48.218
45267,3115,3334,3678,3723,3238,3603,4413,4894,3466,4044,6594,8166,3633,4016,5661,6717,11.7659,18.1571,8.79679,48.1967
45268,3665,4881,9038,7867,3635,4236,5625,5370,3325,3449,3878,4010,3143,3245,3370,3296,-24.2691,12.8314,8.50987,48.022
45269,12318,6342,4060,3417,6116,4833,3870,3400,3887,3772,3450,3201,3435,3338,3279,3229,-28.4568,-25.7448,8.94509,47.9647
45270,4492,7459,9055,5244,4073,4779,5102,4287,3550,3761,3726,3562,3293,3278,3333,3180,-29.0222,2.65625,8.77493,48.116
45271,12205,6011,3965,3389,6225,4861,3736,3378,3912,3840,3364,3303,3446,3419,3237,3154,-26.5867,-30.855,8.59213,47.63
45272,3684,4678,6533,5410,3828,4897,7695,5741,3466,3834,4556,4227,3154,3395,3602,3458,-12.7842,9.71569,8.59019,48.1053
45273,12468,5930,3897,3281,5998,4674,3721,3443,3961,3731,3379,3372,3429,3435,3216,3103,-31.4547,-32.1727,8.59365,47.3587
45274,5869,4616,3763,3221,9699,5294,3735,3465,6134,4571,3756,3263,4116,3855,3439,3240,-6.45247,-33.4879,8.76816,48.024
45275,3520,3464,3152,3151,4298,3979,3455,3266,7906,4981,3911,3339,10505,5608,3868,3450,19.0409,-31.2598,8.82792,47.902
45276,3448,3647,3674,3569,3623,4293,4872,4127,3950,5497,7712,4994,3888,4743,5673,4617,9.14951,5.26764,8.54265,48.218
45277,3969,4414,4338,3723,4510,6767,6217,4042,4235,5725,5338,3862,3663,3896,3999,3594,-2.75639,-1.57003,8.88564,48.1947
45278,5507,5448,4158,3382,6901,7551,4340,3513,4885,5055,3796,3448,3775,3780,3569,3194,-8.39255,-14.0088,8.58557,48.2013
45279,3246,3379,3453,3173,3680,4050,3883,3509,4459,5756,5454,4228,4774,7672,6971,4452,19.7098,-1.69071,8.5158,48.0927
45280,3174,3453,3636,3577,3395,3681,4207,4202,3607,4523,7492,6150,3660,4536,6760,5984,13.7937,11.6976,8.8453,48.0247
45281,4958,8256,7245,4558,4295,5384,5146,4212,3631,3880,3758,3571,3262,3508,3387,3265,-22.5845,-1.68853,8.67052,48.2107
45282,4329,5053,4731,3963,4633,7453,6335,4131,4134,4932,4682,3725,3602,3659,3510,3459,-7.59538,-2.19997,8.91667,48.2207
45283,3273,3806,4451,4507,3555,4252,7046,6134,3568,4129,6232,5924,3357,3748,4121,4338,-1.36227,13.542,8.96103,48.294
45284,4938,5031,3961,3505,6459,7734,4417,3703,4900,5399,4073,3449,3904,3967,3641,3228,-5.87124,-12.0923,8.61494,48.206
45285,3068,3275,3340,3350,3211,3539,3799,3897,3534,4021,5262,5697,3604,4482,8234,9552,25.4262,16.7768,8.51746,47.91
45286,3177,3426,3679,3845,3361,3564,4842,5125,3532,4207,6946,8046,3321,3925,5333,5884,8.65469,17.4801,8.69667,48.142
45287,3507,3479,3357,3154,4398,4156,3534,3242,7835,5796,3992,3501,8527,6179,3998,3429,16.3216,-20.1279,8.8276,48.056
45288,3111,3334,3624,3493,3485,3866,4703,4383,3700,4633,7614,6227,3571,4382,6348,5681,11.8086,11.641,8.57368,48.1033
45289,3350,3401,3248,3204,3976,3794,3410,3135,6060,4707,3825,3362,12628,6302,3828,3314,28.8412,-26.9596,8.91011,47.696
45290,3169,3193,3368,3422,3175,3508,3718,4036,3411,3782,4653,5958,3379,3923,6050,12537,32.648,27.0925,8.69567,47.5213
45291,3182,3303,3730,3708,3249,3572,4429,5127,3302,3973,6328,8496,3474,4029,5486,6668,11.1713,19.7915,8.84006,48.0373
45292,3149,3257,3342,3352,3390,3590,3789,3852,3491,4033,5111,5349,3516,4640,9075,8819,32.1979,14.6803,8.70642,47.8367
45293,7190,5134,3826,3259,9615,5317,3823,3313,5345,4338,3698,3236,3809,3603,3308,3182,-10.7817,-29.2026,8.56731,47.9973
45294,7341,5126,3787,3380,9485,5573,3895,3401,5082,4198,3523,3278,3799,3721,3376,3094,-11.4779,-24.7992,8.73038,48.0393
45295,3017,3278,3491,3432,3272,3578,4024,4352,3434,3980,5399,7799,3460,4043,6126,9561,17.9628,23.3608,8.51754,48.164
45296,4553,4176,3617,3176,6617,5864,3777,3415,7112,6214,3971,3438,4735,4506,3659,3276,1.10856,-17.2497,8.62889,48.0707
45297,3215,3280,3315,3248,3481,3605,3947,3659,3928,4712,5125,4377,4392,7154,9343,5303,33.2895,3.21359,8.91801,48.056
45298,3332,3895,6044,11929,3353,3907,4804,6703,3175,3405,3842,3933,3054,3155,3328,3337,-23.8651,32.1943,8.56703,47.464
45299,3150,3440,3774,4007,3267,3589,4537,6298,3351,3787,5304,9815,3341,3667,4580,6028,6.45511,26.7528,8.83655,47.9567
45300,3459,4106,5394,5054,3588,4573,8041,6428,3531,3957,5272,4784,3342,3534,3809,3887,-7.4942,11.9018,8.833,48.506
45301,3605,4474,5977,5113,3708,4699,8148,5916,3457,3827,4749,4330,3325,3440,3558,3755,-10.5057,10.0178,8.80773,48.054
45302,3659,3563,3360,3230,4897,4232,3577,3301,8665,5811,3966,3385,7982,5650,3976,3495,13.6466,-22.1099,8.6288,48.4993
45303,3814,3668,3359,3214,5640,4463,3660,3281,9640,5755,3871,3420,6562,4896,3884,3275,9.01475,-23.4928,8.8535,48.268
45304,4070,5471,7186,4959,3988,5407,7176,4893,3479,4001,4263,3901,3230,3328,3476,3411,-15.2579,4.97633,8.9856,48.1593
45305,3514,4335,7378,9660,3476,3914,5377,6614,3298,3569,4008,4080,3061,3234,3430,3453,-21.4483,18.917,8.5433,48.2673
45306,3266,3649,4385,5171,3295,3951,5719,8372,3257,3717,5206,6985,3233,3496,4156,4483,-2.78857,21.5691,8.8042,48.2273
45307,3418,3437,3326,3039,4174,3818,3490,3246,7362,5046,3956,3452,11227,5987,3918,3393,20.6869,-26.9326,8.85317,48.1927
45308,3369,4069,5219,5299,3551,4298,7290,6884,3503,3912,5297,5127,3382,3401,3833,3867,-6.55241,14.2169,8.66668,48.2007
45309,3557,3692,3540,3290,4000,4891,4366,3697,4847,7844,5963,3969,4337,5561,4780,3797,9.19956,-4.43117,8.67628,48.0873
45310,3316,3437,3197,3179,3823,3833,3547,3344,5208,5706,4366,3615,7620,9307,5100,3759,23.7378,-11.9272,8.78492,48.238
45311,4277,3972,3592,3166,6529,5410,3900,3347,7685,6394,3954,3428,5045,4472,3784,3377,3.20229,-18.0517,8.98692,48.2213
45312,3220,3737,4540,6034,3433,3849,5101,9685,3300,3602,4778,6377,3227,3477,3870,4138,-5.97706,32.4679,8.64646,48.2453
45313,3103,3202,3440,3525,3301,3457,3942,4050,3519,3969,5438,6642,3545,4296,7288,9723,20.7818,18.929,8.87041,48.2933
45314,3969,3754,3541,3199,5274,4816,3821,3197,8130,6809,4169,3544,5831,5087,3857,3438,7.74388,-18.0727,8.78158,48.2907
45315,3195,3207,3327,3346,3325,3579,3804,3918,3585,4108,5515,5251,3698,5025,9445,7750,24.7364,12.2419,8.97208,48.052
45316,3223,3458,3571,3275,3864,4136,4217,3753,4484,6648,6119,4167,4522,6527,6043,4388,14.8074,-1.59453,8.59057,48.2633
45317,7543,5302,4015,3372,9233,5668,3846,3419,5033,4355,3671,3224,3720,3543,3351,3006,-12.2201,-23.073,8.84899,48.2007
45318,4735,7468,6915,4653,4321,5957,5676,4181,3722,3921,3796,3542,3320,3377,3313,3304,-19.1797,-0.961019,8.78184,48.134
45319,5499,4637,3723,3247,8988,5727,3702,3305,6598,4891,3712,3184,4168,3914,3431,3185,-4.52534,-22.638,8.6139,47.9407
45320,9660,8337,4530,3645,5511,5109,4226,3452,3866,3815,3574,3196,3367,3444,3250,3117,-27.3195,-16.4824,8.93348,48.066
45321,3415,3499,3260,3064,3797,3977,3694,3388,5154,6204,4620,3706,6426,8790,5395,3872,20.3028,-9.49564,8.61471,48.174
45322,4355,6905,8545,5098,3928,4945,5640,4418,3445,3715,3852,3686,3185,3388,3393,3311,-22.5255,2.68687,8.56107,47.8727
45323,3419,3479,3336,3198,3789,4215,3716,3503,4986,6870,4957,3900,5592,7943,5567,3973,17.7362,-6.50268,8.83274,48.2953
45324,3394,3480,3497,3308,3743,4394,4387,3646,4231,6431,6899,4471,4199,5878,6008,4464,12.7112,1.19895,8.83414,48.2867
45325,3523,4308,7594,9660,3508,3950,5494,6332,3231,3477,3936,3955,3061,3191,3432,3376,-22.275,18.1974,8.83386,48.0187
45326,5872,4794,3708,3402,8837,6117,4024,3401,5771,4822,3818,3343,4002,3867,3464,3198,-6.59214,-20.6944,8.64271,48.2933
45327,3852,3658,3310,3075,4996,4321,3618,3198,9485,5279,3909,3371,7580,5264,3901,3346,11.9091,-26.0055,8.50733,48.1087
45328,3748,4336,5432,4571,3808,5237,8099,5147,3662,4297,5249,4354,3368,3627,3900,3699,-7.29966,7.12231,8.52901,48.356
45329,4261,4221,3716,3392,5973,6134,4129,3513,6475,6572,4313,3522,4716,4537,3708,3475,1.61859,-14.3111,8.59397,48.438
45330,3430,3403,3184,3080,3992,3809,3442,3235,6549,4783,3820,3392,12009,6163,4060,3448,24.1233,-26.8378,8.62088,47.866
45331,3451,4492,8737,9231,3540,4050,5274,5416,3266,3516,3833,3919,3202,3240,3328,3461,-33.8117,15.9258,8.95081,47.9707
45332,3320,3695,4738,6156,3373,3747,5151,10110,3226,3589,4526,6049,3138,3556,3735,3995,-7.29092,32.1152,8.8393,48.0693
45333,11492,5760,3909,3386,6972,4955,3795,3450,3955,3771,3480,3255,3480,3540,3291,3134,-21.8535,-33.033,8.56201,47.75
45334,3351,3792,4668,4647,3538,4431,7190,6203,3526,4223,6017,5402,3328,3591,4171,4167,-2.67864,12.707,8.73508,48.1633
45335,3315,3412,3353,3296,3571,3779,3823,3459,4278,5486,5314,4107,4894,8060,7332,4594,22.1486,-1.05947,8.50072,48.0487
45336,4079,6664,9529,5650,3839,4647,5481,4562,3431,3684,3784,3549,3207,3342,3449,3181,-25.065,5.0328,8.95078,48.052
45337,3371,3373,3269,3030,3862,3797,3499,3128,5875,4876,3783,3390,12030,6813,4066,3363,31.9049,-22.7898,8.80452,47.6833
45338,3204,3246,3395,3314,3177,3543,3921,3893,3520,4311,5686,5390,3760,5119,9209,7744,23.515,12.7672,8.97332,48.288
45339,3620,3497,3328,3098,4413,4130,3484,3139,7960,5479,4017,3403,9115,6037,3997,3462,16.6924,-22.2861,8.87387,48.1193
45340,3402,3473,3351,3254,3866,4197,3991,3588,4752,6990,5487,4082,4939,7230,5614,4230,15.9599,-4.338,8.77816,48.2973
45341,3612,4183,7193,9828,3603,3999,5361,6689,3258,3525,4003,4063,2998,3235,3271,3408,-21.0692,19.5426,8.6116,48.1527
45342,4721,5964,4996,3960,4910,7761,5794,4012,4015,4561,4250,3629,3456,3748,3417,3334,-11.3798,-4.36455,8.78281,48.352
45343,2985,3189,3370,3338,3311,3498,3949,4073,3517,4018,5037,5803,3405,4254,8289,9859,33.3975,17.5703,8.76179,47.93
45344,4575,4260,3604,3379,6742,6187,3888,3400,6853,6086,3939,3467,4520,4273,3654,3374,0.12448,-16.9441,8.81053,48.134
45345,3204,3330,3461,3276,3368,3793,3984,3957,3758,4510,6425,5103,3869,5438,8619,6098,19.7654,8.43656,8.64585,48.1287
45346,3368,3869,4399,4422,3466,4451,6972,5911,3577,4298,6604,5494,3421,3794,4216,4137,-0.847255,11.6505,8.74493,48.266
45347,4598,7370,7167,4667,4252,5759,5861,4285,3656,3910,3930,3501,3216,3393,3326,3337,-19.4628,-0.40196,8.94189,48.152
45348,12866,6187,3846,3481,6088,4663,3735,3280,3851,3618,3476,3121,3370,3310,3232,3202,-29.7522,-28.5068,8.98711,47.5507
45349,3470,3512,3312,3238,4084,4206,3817,3432,5686,6921,4717,3767,5939,7626,4926,3711,16.2933,-9.95644,8.66428,48.2427
45350,3221,3528,4442,4746,3468,4149,6172,7051,3414,3953,5921,6625,3360,3537,4222,4583,-0.914936,17.1832,8.77782,48.2613
45351,4181,4202,3661,3345,5857,5916,4031,3432,6780,6923,4227,3514,4759,4692,3743,3325,2.72176,-14.8218,8.65409,48.392
45352,3296,3646,4380,4810,3465,3963,5968,7695,3383,3863,5413,6958,3309,3585,4216,4492,-1.37148,19.0309,8.7438,48.2947
45353,3126,3243,3639,3707,3315,3616,4194,5099,3262,3873,5532,9467,3330,3794,5197,7684,11.9532,25.2466,8.72288,48.052
45354,11729,6023,3988,3451,6629,4848,3884,3370,4096,3785,3480,3229,3390,3395,3261,3149,-22.8555,-33.7038,8.56048,47.8047
45355,3375,3363,3280,3119,3918,3933,3503,3231,5406,5142,4099,3496,9210,8869,4645,3504,28.2364,-15.5488,8.8383,48.062
45356,4209,3933,3445,3165,6768,4616,3681,3365,9686,5231,3847,3259,5507,4407,3665,3368,4.24767,-33.2387,8.84231,48.1013
45357,3184,3992,5093,7554,3337,3811,5609,9268,3287,3658,4298,5102,3115,3319,3712,3625,-11.7782,23.8311,8.82286,47.976
45358,4222,3836,3537,3330,6417,4579,3619,3305,9410,5127,3884,3443,5592,4504,3709,3358,5.34682,-33.3207,8.51886,47.9147
45359,11426,7130,4140,3447,6057,4936,3862,3452,3974,3882,3541,3332,3348,3375,3174,3095,-27.0035,-21.6848,8.51583,48.114
45360,3421,3386,3408,3307,3714,4147,4073,3666,4555,6964,5930,4133,4582,6676,5937,4286,14.7886,-2.52861,8.89912,48.1233
45361,8476,8903,4804,3693,5615,5541,4250,3557,3773,3975,3519,3276,3397,3495,3362,3134,-23.8552,-13.9939,8.84552,48.5133
45362,3398,3752,5123,7976,3311,3917,5306,9547,3258,3706,4129,4985,3117,3233,3616,3602,-12.6397,27.6081,8.71651,47.984
45363,3324,3627,3697,3584,3577,4121,4796,4140,3914,5714,8117,4958,3775,4657,5728,4595,9.68988,5.65623,8.95163,48.216
45364,4972,8880,7742,4456,4390,5060,4776,3965,3482,3717,3637,3595,3235,3236,3292,3227,-30.7107,-1.65951,8.93239,47.7747
45365,3414,3437,3316,3060,4032,3960,3448,3256,6338,5206,3999,3417,10311,7343,4204,3440,22.7889,-19.8246,8.80738,48.1207
45366,3195,3542,4237,4663,3223,3754,4909,8460,3361,3694,4923,8101,3323,3635,4258,4742,-0.219227,33.57,8.96159,48.0133
45367,4145,4663,4264,3911,4648,7322,5977,4056,4256,5554,4907,3812,3688,3893,3807,3400,-4.20324,-3.11061,8.93179,48.202
45368,3233,3376,3295,3194,3522,3758,3634,3499,4447,5201,4698,3925,5527,9343,7156,4281,28.3661,-3.7696,8.88775,48.0593
45369,3181,3505,3934,3703,3471,3927,5019,4852,3526,4552,7674,6639,3506,4120,5608,5480,8.89887,13.0264,8.55092,48.4647
45370,3263,3400,3803,3743,3373,3795,4872,4965,3412,4156,7135,7654,3460,3929,5468,5819,9.12493,15.8364,8.66623,48.1647
45371,3651,3696,3417,3202,4384,4726,3845,3332,5951,7875,4629,3751,5366,6138,4429,3709,10.8127,-10.5521,8.60017,48.0673
45372,3111,3304,3579,3685,3371,3602,4090,4853,3423,3689,5288,9022,3236,3955,5278,8710,14.6311,30.2474,8.56484,48.1307
45373,3438,4224,7586,8956,3393,4000,5717,6361,3201,3578,3882,4034,3100,3295,3438,3445,-20.336,17.4569,8.74391,47.7653
45374,3232,3368,3323,3328,3451,3741,3786,3452,4280,4919,5010,4155,4682,8162,8325,4842,28.8459,0.202648,8.68617,48.0373
45375,3512,4221,6638,7426,3649,4231,6587,7112,3375,3668,4164,4327,3272,3262,3535,3479,-15.3892,16.4026,8.60835,48.3053
45376,3397,3942,6042,11905,3434,3710,4965,6990,3155,3448,3937,3964,3014,3211,3322,3279,-22.768,27.7841,8.8686,47.81
45377,3784,3690,3312,3119,5254,4310,3582,3257,9892,5285,3682,3389,7456,5082,3768,3211,11.279,-29.0771,8.76026,48.0487
45378,5784,9854,6443,4076,4543,5089,4451,3853,3677,3694,3671,3421,3424,3460,3432,3220,-30.6286,-5.83819,8.91011,48.0613
45379,3941,3678,3373,3178,5149,4550,3662,3409,8114,6450,4068,3432,6381,5322,4056,3318,10.2427,-18.5378,8.51002,48.054
45380,3186,3428,4050,4404,3331,3648,4771,7229,3384,3685,4887,9242,3363,3686,4407,5235,3.03244,30.5353,8.7824,47.9573
45381,3302,3331,3866,4203,3349,3649,4648,6543,3240,3834,5173,9607,3238,3662,4568,5840,5.35486,26.9227,8.88715,48.0353
45382,3386,3856,4851,6802,3428,3723,5219,9660,3274,3679,4336,5703,3215,3390,3608,3931,-8.71032,30.4222,8.51568,48.0407
45383,5254,8898,7046,4536,4294,5286,4984,3970,3664,3774,3615,3533,3342,3324,3350,3186,-24.823,-3.06164,8.59262,48.0373
45384,3241,3409,3734,3719,3411,3852,4793,4599,3507,4506,7909,6714,3460,4117,5856,5546,9.7257,12.8712,8.80886,48.2487
45385,3321,3413,3333,3176,3660,3951,3654,3572,4664,5776,4888,3851,5487,8982,6474,4125,22.1085,-4.92868,8.65119,48.218
45386,3571,3407,3119,3075,4019,3759,3403,3246,6006,4972,3971,3399,11773,7020,4000,3386,27.3432,-22.4167,8.73718,48.084
45387,12704,5967,3932,3403,5975,4700,3785,3532,3835,3736,3380,3193,3381,3355,3294,3213,-30.3459,-31.1199,8.6109,47.59
45388,11771,6796,4032,3372,6044,4850,3873,3496,4065,3737,3399,3198,3405,3433,3297,3049,-33.8594,-22.2787,8.63403,47.878
45389,3267,3475,3819,3731,3504,4171,5193,4464,3790,4843,8225,5657,3565,4293,5397,4802,7.86076,9.15009,8.86233,48.1307
45390,3573,3589,3262,3199,4619,4186,3594,3169,8426,5689,3872,3445,8508,5818,4021,3357,14.6052,-22.4172,8.95439,48.218
45391,10722,7314,4140,3511,6114,5055,3893,3393,3939,3875,3520,3197,3403,3320,3276,3162,-25.369,-20.5313,8.72068,47.8893
45392,3275,3469,3273,3160,3728,3894,3576,3411,4949,5340,4449,3725,6586,9937,5741,3924,27.3247,-8.31279,8.75571,48.2913
45393,7936,5893,3984,3470,8382,5938,3975,3303,4627,4157,3604,3268,3676,3488,3396,3157,-14.3057,-20.8498,8.7827,48.1693
45394,4303,6989,9033,5397,4072,4833,5246,4243,3432,3715,3810,3710,3169,3322,3297,3245,-25.2367,3.6095,8.53892,47.8773
45395,3343,3958,5169,7030,3444,3926,5993,9115,3306,3599,4421,5185,3089,3455,3760,3728,-11.0051,22.0231,8.83728,48.3473
45396,3036,3346,3759,3822,3319,3588,4464,5457,3306,3984,6175,9064,3382,3860,5243,6609,9.8543,21.0681,8.97473,48.276
45397,3570,4395,7931,9504,3411,4052,5493,6038,3321,3464,3792,3805,3151,3176,3373,3449,-22.7635,17.4568,8.80336,47.95
45398,3393,3911,5764,9727,3372,3856,5146,8233,3259,3501,4027,4493,3156,3119,3455,3610,-17.2283,26.2053,8.78335,48.0147
45399,4493,7162,7976,4790,4113,5295,5767,4245,3481,3836,3806,3680,3166,3335,3440,3203,-20.9585,1.50899,8.74177,47.8587
45400,4972,5753,4426,3534,5714,8150,4889,3774,4337,4967,4058,3464,3582,3779,3514,3405,-9.43931,-9.42211,8.76456,48.212
45401,3336,3889,5486,9052,3357,3800,5160,8896,3168,3478,4059,4663,3115,3416,3621,3512,-15.1189,29.8098,8.55134,48.0053
45402,4036,5999,9755,6168,3728,4576,5254,4829,3492,3612,3770,3698,3064,3429,3313,3325,-30.7974,7.48263,8.713,48.032
45403,3505,3467,3208,3166,4276,3976,3427,3157,7936,5088,3769,3339,10205,5735,3811,3448,18.5117,-29.6446,8.59551,47.6753
45404,11651,6109,4054,3400,6871,4880,3854,3450,4021,3935,3450,3167,3478,3344,3147,3030,-22.5546,-26.0886,8.8816,47.894
45405,4458,6395,6002,4313,4499,6860,6291,4073,3722,4118,4141,3691,3332,3520,3502,3299,-14.2876,-1.55123,8.92151,48.144
45406,3088,3167,3265,3443,3139,3566,3797,4178,3465,3937,4898,6694,3437,3936,6190,11727,23.5758,27.1364,8.51785,47.9513
45407,3419,3294,3263,3182,3942,3837,3374,3224,5934,4778,3746,3409,12817,6066,3927,3404,30.0795,-31.4584,8.94969,47.744
45408,3789,4041,3870,3527,4241,5956,5103,3826,4509,7100,5844,4012,3931,4561,4341,3764,3.04107,-3.18629,8.66596,48.2767
45409,6511,4665,3690,3242,9845,5278,3758,3337,5993,4508,3530,3298,3980,3689,3490,3130,-7.70908,-28.2607,8.70128,47.9627
45410,3371,4027,5791,9651,3445,3942,5371,7902,3235,3538,3958,4521,3108,3129,3515,3481,-17.4682,23.4362,8.90177,47.99
45411,3285,3466,3575,3391,3549,3957,4262,3924,3908,5324,7180,4856,4088,5391,7048,5016,14.9272,5.12562,8.50446,48.1467
45412,9677,8595,4492,3430,5469,5082,3960,3475,3927,3788,3457,3274,3427,3368,3297,3107,-31.3526,-16.4492,8.83379,47.8833
45413,3292,3776,4801,6575,3357,3854,5398,9879,3374,3658,4419,5694,3092,3325,3723,3825,-9.05273,27.2841,8.61542,48.028
45414,3232,3715,4437,4671,3463,4122,6228,6996,3367,4042,5729,6661,3252,3637,4179,4523,-1.03225,17.4696,8.53696,48.1693
45415,3262,3379,3251,3095,3952,3800,3560,3187,6642,4901,3876,3432,11933,5926,4030,3438,23.7786,-33.1363,8.52502,47.776
45416,6471,9788,6050,3962,4635,5300,4399,3751,3670,3718,3609,3418,3266,3384,3211,3145,-27.6693,-7.59949,8.65539,47.8513
45417,3522,4354,7128,7277,3638,4288,6549,6524,3356,3606,4207,4228,3052,3292,3553,3476,-16.5345,14.8228,8.91698,48.0333
45418,3064,3199,3437,3418,3158,3483,3848,3922,3413,3672,4841,5903,3335,3980,6019,12852,32.0232,27.2394,8.87699,47.696
45419,10333,5660,3964,3395,8016,5046,3794,3388,4277,3974,3549,3217,3398,3413,3164,3015,-18.0341,-33.124,8.7374,47.7353
45420,3991,3874,3413,3164,5916,4392,3660,3266,10202,5149,3806,3383,6278,4648,3637,3316,7.38554,-30.8775,8.99771,48.0633
45421,3341,3341,3211,3207,3739,3734,3596,3217,5070,5254,4284,3688,7169,9701,5466,3725,30.5445,-10.1425,8.89373,47.8287
45422,10640,5635,3868,3453,7864,5151,3699,3449,4218,3767,3385,3308,3415,3424,3216,3287,-18.93,-32.7251,8.89418,47.8527
45423,4217,6494,8952,5574,3817,4965,5685,4606,3417,3770,3859,3707,3194,3379,3379,3218,-22.5563,4.75005,8.70053,48.1553
45424,3376,4054,6857,11868,3339,3756,4999,6025,3244,3495,3828,3948,3148,3175,3298,3365,-33.4414,22.2299,8.71283,47.85
45425,7143,5069,3795,3325,9780,5233,3760,3396,5468,4427,3553,3250,3871,3611,3356,3112,-10.2821,-29.3321,8.53398,48.0993
45426,3123,3308,3566,3417,3267,3454,4061,4446,3349,3947,5317,7837,3439,3814,6102,9582,17.7184,22.8624,8.74588,48.0193
45427,3911,5777,9925,6314,3816,4461,5227,4786,3363,3726,3948,3678,3111,3307,3388,3342,-33.9542,8.03273,8.60349,48.0533
45428,3191,3368,3609,3777,3314,3661,4183,5397,3395,3766,5292,9757,3333,3605,5032,7111,10.2043,29.3087,8.54251,47.8607
45429,6314,8466,5241,3726,5379,6699,4516,3709,3905,4117,3753,3392,3357,3358,3345,3198,-18.543,-9.85725,8.80328,48.3167
45430,3503,3375,3270,3169,4437,3997,3561,3143,7929,4998,3730,3375,10557,5729,3940,3404,18.5447,-30.874,8.91664,48.078
45431,3215,3201,3469,3376,3281,3574,4102,4259,3617,4310,6325,6507,3718,4452,7220,7358,16.915,15.1985,8.54211,47.9893
45432,12279,6608,4012,3381,6005,4927,3705,3404,3954,3832,3457,3178,3356,3360,3237,3111,-28.2945,-24.1362,8.97237,47.8707
45433,3554,3444,3261,3114,4072,3815,3451,3226,6822,5044,3802,3367,10819,6627,4027,3469,22.3172,-22.197,8.65871,47.9427
45434,4709,7501,6805,4385,4427,6173,5547,4202,3629,4035,3848,3626,3283,3373,3419,3317,-18.6577,-1.58829,8.79665,48.186
45435,3716,5265,9949,7247,3690,4235,5280,5184,3260,3616,3784,3790,3226,3236,3381,3336,-31.3795,10.7002,8.91726,48.13
45436,3228,3373,3671,3891,3242,3634,4573,5175,3375,3978,6271,8852,3358,3829,5301,6469,9.26562,20.3814,8.94419,48.1467
45437,5744,7975,5331,3806,5234,6893,4872,3856,3942,4191,3766,3488,3436,3477,3374,3186,-17.3349,-7.77475,8.59012,48.3807
45438,7190,4985,3803,3424,9734,5392,3878,3282,5303,4238,3602,3271,3737,3694,3295,3190,-10.4678,-26.1085,8.97258,48.012
45439,3739,4036,4057,3739,4105,5831,5720,4115,4192,6222,6132,4165,3793,4262,4134,3802,0.862274,-0.271624,8.58316,48.0293
45440,5259,4945,3889,3284,7736,6896,4121,3435,5668,5220,3789,3358,4119,3954,3516,3065,-5.80547,-17.0067,8.60494,48.1693
45441,9239,8675,4665,3393,5439,5137,3950,3578,3841,3895,3545,3407,3363,3428,3172,3098,-28.5552,-16.0323,8.51492,47.8833
45442,4053,4728,4367,3835,4678,7225,6055,4160,4180,5340,4939,3889,3660,3955,3761,3431,-5.01135,-2.51354,8.76423,48.1707
45443,11602,6130,4031,3351,6885,4820,3828,3453,4116,3890,3455,3222,3392,3388,3182,3129,-22.4615,-25.9239,8.79681,47.916
45444,3355,3812,5173,7452,3374,3924,5382,9611,3359,3648,4259,5203,3217,3363,3711,3679,-10.9973,26.5024,8.57189,48.348
45445,3112,3335,3627,3935,3276,3705,4393,5789,3344,3708,5307,9813,3305,3815,4693,6675,8.36355,29.6545,8.6865,47.888
45446,3543,3498,3361,3113,4562,4131,3450,3246,8261,5308,3912,3372,9254,5868,3918,3412,16.5658,-23.4656,8.87148,48.1393
45447,4823,4154,3446,3170,8225,4870,3577,3375,8411,4927,3680,3327,4902,4305,3596,3357,0.411275,-29.762,8.96873,48.0967
45448,3267,3543,4661,5577,3382,3904,5512,9187,3290,3771,4734,6430,3153,3544,3868,4110,-5.32148,24.3069,8.79962,47.9553
45449,3155,3551,4176,4875,3363,3849,5132,8360,3380,3797,5111,7894,3320,3665,4224,4671,-0.647505,24.8175,8.66758,48.3487
45450,3451,3945,4407,4143,3638,4725,6980,5192,3696,4593,6940,5143,3511,3939,4340,4104,-0.213794,9.08686,8.94866,48.498
45451,3552,3488,3293,3064,4603,4065,3497,3236,8008,5517,4019,3320,8903,5987,3969,3396,16.242,-22.8072,8.54806,47.9447
45452,3080,3295,3539,3578,3281,3588,4117,4439,3452,3933,5726,8001,3281,4022,6020,8758,16.3513,21.7081,8.76194,48.0733
45453,3614,3906,3800,3562,4276,5519,5026,3887,4408,7000,6151,4161,3992,4671,4635,3744,4.3798,-1.90444,8.84407,48.2347
45454,4356,3965,3473,3168,6867,4696,3653,3261,9432,5268,3875,3365,5587,4562,3595,3287,4.37839,-26.8237,8.64655,48.2733
45455,9638,5851,3967,3314,8212,5325,3900,3295,4479,3945,3569,3318,3519,3475,3164,3059,-17.0914,-25.1362,8.69906,48.02
45456,12015,6626,4014,3348,6126,4850,3857,3348,3984,3777,3420,3167,3363,3320,3185,3160,-31.0669,-23.7998,8.73465,47.7067
45457,3143,3185,3503,3406,3259,3448,3811,3828,3409,4045,5027,5825,3357,4285,7944,10533,26.4494,18.8677,8.9177,48.0053
45458,3151,3612,4061,4475,3346,3595,4887,7662,3267,3789,5317,8840,3303,3657,4208,5222,2.11135,25.4396,8.95407,48.2613
45459,10652,7520,4165,3392,6213,5174,3842,3346,3963,3884,3409,3201,3359,3375,3240,3218,-26.1443,-20.1074,8.72093,47.9687
45460,4498,5031,4158,3603,5708,7820,4914,3747,4661,5694,4318,3622,3859,3917,3644,3338,-5.06484,-8.90671,8.67249,48.3547
45461,3299,3362,3179,3154,3845,3874,3424,3295,5605,5275,3938,3502,9876,8491,4491,3485,27.7118,-16.9362,8.7712,48.0633
45462,3765,4069,3856,3489,4408,5887,5044,3772,4727,7393,5542,3918,4013,4475,4173,3792,2.94885,-4.02964,8.75672,48.2153
45463,3363,3637,4427,5325,3327,3785,5235,8938,3339,3749,4865,7143,3172,3599,3964,4382,-3.3366,24.7708,8.68967,48.1667
45464,3318,4016,6899,11753,3313,3811,4848,6241,3224,3318,3790,3963,3048,3222,3358,3388,-25.7698,22.684,8.99406,47.6733
45465,3940,3572,3486,3161,5563,4395,3694,3331,9309,5993,4045,3419,6471,5038,3918,3349,9.1997,-22.3888,8.58738,48.456
45466,3514,3535,3302,3168,4720,4215,3573,3336,8639,5675,3844,3379,8250,5502,3874,3342,14.257,-23.1803,8.93947,47.912
45467,6216,7335,4664,3598,5902,7004,4635,3729,4123,4222,3834,3388,3612,3556,3290,3190,-15.3574,-11.3059,8.58636,48.1987
45468,3402,3444,3326,3175,3874,3751,3596,3318,5116,5661,4236,3490,7210,9460,5255,3801,24.5329,-10.9277,8.67011,48.0767
45469,3367,3775,5261,7915,3275,3884,5218,9192,3289,3599,4229,5070,3184,3350,3515,3666,-12.612,26.463,8.72865,47.8593
45470,3154,3214,3643,3600,3305,3507,4063,4653,3395,3953,5446,8829,3350,3937,5321,8673,14.4957,26.9634,8.53678,48.0287
45471,3476,3880,3935,3749,3825,4986,5746,4322,4205,6058,7134,4496,3714,4271,4620,3984,3.44117,2.96893,8.9338,48.2673
45472,12268,5968,4004,3348,6547,4814,3654,3425,3944,3802,3475,3260,3384,3356,3104,3144,-24.8218,-30.0981,8.84922,47.6647
45473,3221,3359,3395,3454,3260,3633,3886,3867,3513,4054,5248,5178,3632,4913,9349,7742,33.5693,12.2039,8.73021,47.8027
45474,3334,3698,4501,5411,3399,3695,5053,9393,3247,3595,4642,7070,3176,3464,3875,4459,-3.75645,29.5114,8.80228,48.008
45475,5947,6887,4696,3589,5962,7467,4564,3618,4177,4272,3817,3339,3608,3595,3364,3195,-13.9671,-11.4437,8.54328,48.0647
45476,3272,4007,5753,10501,3360,3850,5036,7899,3236,3509,3999,4355,3212,3201,3506,3416,-18.6331,27.4066,8.65717,48.0747
45477,3210,3336,3291,3236,3596,3769,3602,3452,4216,5103,4872,4172,4985,8558,7849,4627,32.7778,-1.36611,8.86473,47.916
45478,10011,7704,4296,3565,6033,5293,4012,3476,3993,3908,3428,3190,3404,3371,3171,3048,-24.197,-18.5972,8.86832,47.9353
45479,3107,3372,3394,3317,3393,3602,3795,3775,3537,4257,5161,5228,3606,4807,9324,8424,30.5838,13.5692,8.7834,48.066
45480,3355,3326,3315,3343,3556,3877,3792,3696,4146,5369,5914,4380,4410,7054,8068,4941,19.8621,2.28517,8.8227,48.3613
45481,3329,3465,3182,3043,4140,3812,3552,3270,6869,5308,3911,3426,10530,6967,4185,3564,21.0475,-21.3542,8.77826,48.3687
45482,3394,3434,3244,3140,3931,3702,3444,3197,5973,4763,3804,3421,11886,6735,4045,3396,29.9195,-23.4066,8.65002,47.6727
45483,4669,6942,6832,4548,4342,6003,6009,4263,3565,3998,3955,3677,3325,3455,3465,3221,-17.7625,-0.33571,8.62593,48.1793
45484,3492,3406,3180,3133,4128,3827,3464,3249,7197,5049,3772,3367,11538,5951,3853,3398,21.393,-28.2183,8.58352,48.0027
45485,3421,3351,3318,3089,4118,3943,3598,3303,6339,5627,4155,3427,8968,7669,4426,3360,20.9243,-17.0483,8.745,48.0747
45486,3358,3691,4425,4859,3493,4066,6464,7432,3360,3750,5613,6258,3238,3569,3979,4273,-2.62258,17.5321,8.55501,47.8853
45487,3237,3457,3432,3306,3513,4014,4214,3868,3867,5397,6979,4895,4074,5633,7421,5215,16.0383,5.01434,8.61354,48.348
45488,3224,3252,3430,3402,3320,3467,3715,3956,3334,3844,4969,5727,3431,4172,7268,11139,32.1399,20.5804,8.55829,47.7667
45489,3325,3405,3555,3477,3631,4022,4376,3958,3942,5585,7639,4911,3863,5129,6627,4980,13.4337,5.05671,8.89995,48.2833
45490,3643,3895,3785,3449,4229,5811,4834,3805,4703,7267,5686,4035,4112,4602,4230,3770,3.6969,-3.6628,8.65422,47.904
45491,4848,4055,3469,3237,8149,4908,3748,3283,8378,4972,3734,3292,4778,4121,3669,3302,0.129467,-30.4257,8.74574,47.962
45492,6570,7824,4883,3724,5793,6588,4455,3643,4027,4211,3683,3420,3557,3557,3415,3179,-17.8969,-11.3293,8.51831,48.3527
45493,3133,3198,3389,3330,3308,3713,3810,3751,3719,4249,5189,4921,3935,5254,9774,7136,30.5106,10.3027,8.58749,47.8727
45494,4276,7103,9333,5378,3936,4804,5141,4384,3412,3728,3797,3499,3241,3243,3318,3296,-31.7138,3.31321,8.7416,47.926
45495,3242,3212,3321,3346,3524,3582,3833,3834,3704,4412,5307,4692,3874,5951,9842,6520,28.4109,8.13459,8.69568,48.1307
45496,3148,3330,3552,3618,3374,3740,4398,4446,3512,4203,7010,6855,3526,4240,6530,6691,13.9704,14.5627,8.78395,48.1153
45497,3106,3308,3341,3375,3257,3268,3762,3897,3414,3804,4649,6040,3426,3831,6029,12745,29.2808,32.0805,8.95334,47.5013
45498,3389,3753,4708,5134,3413,4048,6645,7780,3377,3847,5464,5948,3147,3487,4094,4104,-4.04329,17.3217,8.97812,48.2253
45499,3312,3388,3117,3097,3921,3878,3510,3282,5884,5447,3918,3455,9683,8056,4406,3505,23.6177,-17.5411,8.977,47.906
45500,12044,5900,3978,3403,6784,4814,3701,3380,4035,3871,3576,3238,3430,3349,3224,3012,-23.1249,-32.4139,8.76818,47.826
45501,4042,4608,4099,3707,4683,7354,5717,3941,4368,6094,4827,3881,3778,3973,3812,3540,-3.07828,-4.34243,8.9917,48.2827
45502,8701,5280,3854,3387,9275,5185,3859,3460,4827,4112,3587,3181,3611,3582,3337,3026,-14.13,-28.5329,8.83884,48.176
45503,3858,3701,3300,3160,5461,4344,3441,3314,9670,5408,3810,3430,7252,5107,3780,3276,10.9689,-28.0107,8.64822,48.208
45504,3354,3759,4601,6284,3318,3848,5338,9895,3307,3621,4409,6025,3173,3406,3708,4091,-7.30062,29.2361,8.74967,48.0913
45505,3321,3520,3911,4338,3296,3645,4617,6826,3439,3716,5156,9468,3267,3539,4483,5589,4.31259,30.1962,8.55076,48.0873
45506,8025,5274,3915,3409,9394,5286,3917,3308,4914,4200,3544,3282,3633,3577,3246,3151,-12.7397,-33.0664,8.79464,48.05
45507,3310,3876,5287,7583,3326,3975,5879,9162,3302,3608,4269,5023,3089,3321,3642,3749,-12.2083,23.7973,8.75344,48.2673
45508,3031,3238,3394,3551,3239,3480,3848,4203,3241,3836,4975,7519,3470,3935,5895,11140,20.2437,27.3081,8.78447,47.9967
45509,4268,4753,4184,3592,5136,7602,5099,3627,4740,6237,4657,3709,3777,4094,3702,3380,-2.69777,-7.00074,8.94677,48.3713
45510,8479,5418,3821,3340,9155,5250,3883,3385,4887,4117,3586,3312,3627,3568,3259,3312,-13.6077,-28.9583,8.84955,48.266
45511,8513,5718,3818,3269,8905,5543,4008,3395,4739,4116,3482,3235,3588,3472,3322,3095,-14.2573,-23.5483,8.96894,48.1453
45512,3896,4253,3979,3539,4733,6716,5172,3870,4607,6841,5116,3837,3939,4298,3978,3604,-0.22957,-5.02252,8.60887,48.252
45513,10200,8055,4230,3642,5559,5140,3990,3377,3863,3809,3461,3231,3358,3432,3252,3132,-29.3676,-17.9423,8.58359,47.8207
45514,3369,3777,3869,3626,3562,4283,5705,4537,3737,5129,7810,5399,3518,4201,4903,4534,5.43909,7.65879,8.54216,47.9727
45515,3443,3445,3214,3107,3879,3749,3477,3194,5981,4757,3758,3385,12363,5832,3929,3379,29.7809,-31.6385,8.65478,47.2613
45516,3318,3927,5425,6136,3465,4169,7059,7853,3358,3714,4739,4898,3137,3372,3691,3774,-9.62146,16.9958,8.73594,48.0233
45517,3156,3257,3432,3399,3336,3576,3931,3898,3646,4508,6186,5094,3805,5371,9073,6614,21.3663,9.71974,8.87129,48.188
45518,3310,3471,3168,2980,3992,3852,3510,3203,6670,4931,3878,3354,12012,6260,3817,3452,23.5172,-27.2172,8.74789,47.9067
45519,3229,3449,3868,4008,3354,3712,4599,6277,3385,3872,5471,9450,3372,3786,4661,5981,6.01772,24.3594,8.69318,48.316
45520,3758,4322,4574,3978,4204,6438,6779,4413,4020,5312,5517,3960,3528,3854,3956,3558,-3.35703,1.10223,8.62208,48.114
45521,3306,3418,3336,3052,3816,3953,3656,3386,5194,6057,4664,3722,6518,8977,5418,3826,21.4151,-9.29101,8.51069,48.1993
45522,3060,3207,3577,3686,3305,3573,4252,4837,3392,4019,6097,8576,3415,4017,5696,7694,13.1468,20.4424,8.86802,48.2687
45523,3516,3978,3979,3692,4002,5191,5750,4137,4088,6174,6896,4401,3922,4350,4552,3882,2.98833,1.73656,8.86997,48.34
45524,8434,9013,4829,3634,5295,5177,4169,3493,3978,3712,3534,3323,3400,3388,3254,3063,-29.7714,-13.9724,8.67361,47.7973
45525,9626,6312,4130,3477,7539,5257,3791,3460,4300,3981,3475,3325,3536,3504,3233,3007,-18.7113,-22.5258,8.57788,47.9687
45526,10651,5786,3871,3363,7686,5012,3770,3398,4277,4120,3488,3288,3424,3501,3183,3216,-19.468,-29.618,8.66871,48.0227
45527,3210,3254,3254,3330,3303,3355,3716,3824,3425,3733,4773,5992,3422,3969,6013,12569,29.424,33.3712,8.56612,47.428
45528,3437,3306,3296,3198,3729,3932,3645,3394,4821,5880,4604,3888,5787,9143,6137,4079,22.3056,-6.59771,8.8974,48.184
45529,3369,3956,6012,11500,3347,3832,4930,7220,3054,3452,3985,4070,3094,3315,3330,3464,-21.3358,27.5999,8.84573,47.9533
45530,3366,3691,4133,3816,3563,4436,5860,4609,3676,4818,7746,5373,3612,4083,4858,4373,4,8.17824,8.74344,48.0087
45531,6657,4769,3695,3317,9909,5384,3739,3534,5723,4438,3555,3254,3865,3662,3311,3227,-8.86954,-31.9406,8.69751,48.026
45532,3123,3308,3657,3660,3216,3591,4113,4807,3388,3716,5227,9291,3445,3837,5231,8207,13.4147,31.5748,8.60911,47.878
45533,3535,3476,3292,3250,4595,4046,3674,3267,8631,5203,3910,3388,8914,5420,3764,3367,15.3409,-26.9981,8.56676,47.8213
45534,10846,7169,4114,3497,6385,5085,3890,3479,4068,3921,3526,3237,3387,3295,3319,3131,-24.4177,-20.8396,8.51863,48.2327
45535,3812,3678,3340,3129,5175,4551,3524,3343,8830,5995,3958,3396,6806,5356,3880,3391,10.4765,-20.9229,8.63552,48.1093
45536,3063,3191,3273,3329,3203,3502,3832,4015,3400,3754,4924,6752,3367,3945,6127,12017,23.6826,28.3959,8.94185,47.796
45537,3956,3735,3375,3173,5477,4480,3740,3339,9557,5759,3862,3372,6536,5007,3690,3298,9.01202,-23.2217,8.55579,48.2373
45538,8958,5709,3985,3365,8673,5381,3917,3361,4627,4139,3582,3139,3598,3420,3243,3098,-15.6196,-23.7046,8.99791,48.13
45539,3220,3352,3703,3954,3257,3690,4755,5730,3431,3887,5986,9307,3251,3908,4946,6206,7.9903,22.2534,8.87396,48.3887
45540,3253,3698,4372,5050,3416,3783,5580,8332,3369,3760,5036,7162,3223,3472,4023,4492,-2.20369,21.6583,8.74942,48.014
45541,4689,7251,6296,4200,4466,6527,5731,4179,3741,4157,3906,3610,3340,3442,3385,3264,-16.9774,-2.30494,8.86517,48.1227
45542,3106,3358,3516,3479,3321,3701,4045,4105,3651,4525,6852,5796,3848,4735,7764,6613,17.1158,11.7785,8.71015,48.2767
45543,3339,3351,3268,3158,3836,3903,3592,3270,5419,5462,4053,3507,8142,9274,4808,3706,24.4393,-13.2858,8.97739,48.0587
45544,5013,8976,7753,4458,4187,5102,4926,4081,3588,3861,3628,3495,3312,3338,3348,3253,-32.8436,-1.95126,8.92824,48.2127
45545,3455,3539,3386,3172,3941,4236,3686,3443,5878,6676,4428,3583,6689,7697,4555,3603,17.1791,-12.4018,8.62909,47.978
45546,3379,3957,5742,6833,3360,3968,6574,8195,3268,3604,4486,4903,3085,3414,3644,3698,-11.6926,18.638,8.84135,48.0733
45547,3498,3448,3244,3090,4023,3931,3440,3199,6354,5289,3980,3478,9935,7341,4258,3502,22.1185,-19.4293,8.69729,48.0067
45548,12301,6735,3962,3465,5866,4831,3773,3328,3919,3721,3447,3167,3362,3403,3220,3123,-29.2095,-23.9898,8.96626,47.7487
45549,3863,4147,3917,3394,4683,6438,4914,3658,4945,7103,4972,3851,4180,4439,4080,3589,1.33572,-6.23478,8.5338,48.1153
45550,9027,8164,4573,3515,5893,5555,4023,3556,3962,3981,3610,3288,3442,3353,3214,3069,-22.3266,-16.0465,8.95528,48.15
45551,3111,3224,3435,3480,3201,3338,3747,4171,3411,3854,4928,7003,3319,3864,5808,11550,21.6475,29.7982,8.97806,47.6293
45552,3494,3517,3288,3120,4465,4143,3661,3345,7682,6237,4118,3526,7808,6248,3954,3506,15.0989,-18.7237,8.96558,48.0747
45553,4453,6864,6258,4334,4288,6610,6168,4178,3663,4129,4075,3725,3353,3390,3397,3356,-15.7776,-1.04835,8.92449,48.1607
45554,3723,4305,5324,4596,3803,5491,8013,5209,3603,4319,5100,4167,3392,3686,3806,3743,-7.22963,6.59013,8.67018,48.1867
45555,3425,3569,3302,3022,4152,3877,3613,3243,7288,5004,3796,3341,11113,6048,3952,3444,20.8863,-25.572,8.63333,48.126
45556,4495,4135,3526,3256,7241,5172,3747,3297,8531,5460,3836,3349,4955,4344,3580,3286,1.86442,-22.4828,8.73084,48.14
45557,3149,3283,3530,3713,3197,3567,4068,4967,3412,3895,5277,9402,3271,3875,5365,8209,13.2345,25.9775,8.84608,48.12
45558,3751,3605,3372,3098,4833,4578,3720,3298,7786,6915,4184,3541,6247,5692,3965,3488,10.7426,-17.0417,8.85162,48.0487
45559,3296,3502,4051,4044,3268,3864,4952,5475,3499,4203,6801,7613,3516,3933,4950,5465,6.77806,17.0521,8.5449,48.288
45560,7166,5455,4016,3356,8937,5967,3958,3511,4962,4221,3645,3239,3736,3592,3326,3160,-12.0718,-20.8998,8.89708,48.1647
45561,3141,3392,4155,4688,3371,3791,5098,8208,3339,3655,5182,8147,3152,3623,4259,4921,0.102086,24.7523,8.83615,48.0813
45562,3389,4152,7092,9623,3458,3975,5450,6794,3308,3389,4017,4145,3108,3309,3384,3440,-20.1465,19.7577,8.69294,48.022
45563,3372,3893,5975,12250,3321,3814,4782,6312,3352,3446,3672,3923,3062,3294,3418,3462,-25.0495,29.6052,8.78779,47.5653
45564,4541,4031,3559,3244,6932,5362,3991,3296,7871,5996,3884,3387,4955,4303,3655,3365,1.54844,-19.7321,8.64883,48.248
45565,5174,9062,7176,4452,4328,5449,4817,3960,3575,3859,3742,3450,3301,3359,3437,3219,-25.5829,-3.03445,8.72708,48.24
45566,3462,4263,7004,8316,3427,4086,6025,6682,3312,3627,4046,4207,3064,3325,3480,3555,-18.3876,17.2679,8.75429,47.9207
45567,3099,3247,3348,3400,3213,3457,3764,3851,3385,3724,4776,6434,3492,3963,6080,12445,25.5486,32.0705,8.7357,47.7853
45568,3874,3624,3349,3139,5608,4412,3549,3352,9816,5803,3801,3376,6557,4938,3682,3283,8.97341,-24.2342,8.94609,48.1087
45569,4336,4820,4071,3544,5787,7641,4799,3610,4840,5975,4303,3599,3952,4083,3640,3365,-3.72749,-9.44701,8.63251,48.2433
45570,5120,4425,3618,3329,8406,5621,3842,3366,7194,5078,3786,3308,4294,4144,3473,3291,-2.40834,-22.8664,8.8091,48.1967
45571,3431,3471,3295,3126,3918,3821,3355,3268,5682,4987,3912,3373,10592,7860,4149,3534,33.1855,-18.6548,8.95364,47.8493
45572,3319,3534,3854,3576,3472,4124,5199,4299,3784,5135,8214,5461,3646,4393,5541,4833,8.49026,7.87184,8.85605,48.256
45573,12338,6178,3908,3351,6300,4841,3697,3377,4039,3752,3464,3272,3302,3426,3107,3065,-27.0089,-28.4551,8.57073,47.6113
45574,10782,7714,4283,3358,5806,5122,3944,3420,3946,3821,3531,3141,3398,3306,3382,3103,-28.3293,-19.6808,8.55128,48.038
45575,3156,3261,3671,3690,3243,3677,4191,4970,3431,3911,5258,9614,3467,3791,5056,7356,11.5883,33.8599,8.62895,47.8287
45576,4202,4646,4130,3669,5033,7594,5252,3809,4539,5957,4556,3744,3707,4057,3670,3525,-3.61405,-6.3722,8.60851,48.06
45577,3722,3694,3399,3128,5505,4462,3510,3229,9938,5244,3840,3315,7095,4893,3701,3311,10.0964,-31.1867,8.74925,47.9907
45578,4054,6404,9830,5616,3842,4508,5176,4560,3392,3718,3785,3799,3181,3256,3419,3305,-31.8834,5.73298,8.79754,47.8967
45579,3420,3404,3253,3190,3968,3828,3456,3238,5620,5106,4029,3478,9766,8488,4402,3484,33.2998,-16.3732,8.81334,48.0867
45580,3711,3559,3288,3088,5027,4223,3630,3240,9403,5149,3897,3496,7861,5060,3733,3310,12.3309,-33.6119,8.97545,47.7833
45581,3208,3293,3386,3244,3623,3822,3798,3557,4378,5623,5201,4083,5030,8300,7416,4537,22.2082,-1.5652,8.67402,48.3327
45582,5615,9508,6478,4040,4629,5211,4591,3870,3747,3781,3682,3422,3382,3429,3270,3139,-33.214,-5.11837,8.84068,47.8627
45583,3330,3835,5127,7390,3423,4013,5595,9562,3244,3602,4307,5213,3087,3274,3617,3792,-11.1422,24.357,8.66129,48.274
45584,3529,3406,3240,3076,3904,3768,3358,3252,6028,4835,3729,3406,12200,6380,3986,3327,32.3509,-25.1521,8.67228,47.616
45585,3549,4173,7286,9366,3474,4006,5424,6516,3203,3562,4017,4216,3048,3236,3429,3460,-20.6612,18.525,8.50791,47.9767
45586,3108,3287,3331,3526,3246,3476,3997,4203,3392,3715,4993,7735,3396,3956,5700,11057,19.6645,31.078,8.96658,48.0787
45587,3182,3628,4301,5017,3297,3772,4916,8482,3239,3651,4826,7952,3257,3512,4187,4618,-0.975048,31.5859,8.75521,47.8913
45588,3059,3244,3586,3558,3242,3515,4074,4737,3315,3757,5141,9164,3299,3765,5402,9007,14.9155,26.471,8.93407,47.91
45589,3881,5558,9540,6640,3743,4422,5725,5063,3442,3575,3865,3787,3217,3325,3432,3270,-23.9593,8.98773,8.52154,48.3233
45590,3306,3403,3331,3068,4062,4033,3574,3322,6091,5625,4091,3529,8764,8002,4601,3550,21.5688,-16.1604,8.70197,48.2347
45591,4295,4668,4227,3498,5205,7787,5162,3675,4736,6004,4388,3699,3849,4079,3750,3422,-3.73292,-7.42449,8.80617,48.296
45592,3383,3357,3240,3112,3901,3824,3450,3231,5875,4936,3960,3295,11450,7221,4136,3455,29.0415,-21.0432,8.80287,47.884
45593,3029,3274,3397,3343,3283,3448,3881,4126,3467,3945,5374,6796,3484,4150,6991,10069,21.091,20.418,8.81821,48.038
45594,12439,6198,3957,3327,5985,4787,3846,3375,3943,3766,3458,3232,3429,3401,3261,3244,-31.4514,-26.2921,8.77328,47.7653
45595,3231,3374,3987,4349,3323,3696,4656,7332,3329,3789,5038,9085,3206,3649,4206,5151,2.34895,33.1053,8.99188,47.6007
45596,3013,3247,3356,3432,3260,3481,3793,3927,3353,3662,4899,6659,3467,3943,5963,12012,23.4734,32.5113,8.77198,47.6447
45597,3123,3319,3451,3415,3277,3621,4092,4107,3601,4129,5957,5967,3568,4655,7865,8037,20.3545,14.9962,8.51457,48.1227
45598,3203,3769,4624,5791,3466,3884,5584,9396,3320,3690,4551,6413,3130,3401,3896,4188,-5.94409,23.9916,8.66939,48.204
45599,3469,4293,7523,10693,3391,3899,5212,6044,3233,3507,3905,4024,3109,3181,3473,3405,-24.2467,19.6817,8.68359,48.2407
45600,3295,3269,3375,3313,3483,3664,3747,3735,3880,4512,5140,4649,4096,6354,9766,5982,30.3194,6.28159,8.67955,48.1733
45601,3625,4477,7418,7297,3581,4248,6681,6445,3280,3687,4186,4187,3094,3353,3510,3524,-16.8254,14.5985,8.96114,48.3953
45602,4521,7728,8405,4827,4120,5123,5332,4225,3490,3851,3860,3540,3202,3275,3401,3216,-23.0245,1.11865,8.97525,48.0773
45603,7701,9686,5108,3585,5117,5139,4249,3568,3780,3790,3660,3295,3223,3340,3251,3138,-30.9316,-11.936,8.70743,47.7533
45604,3423,3366,3308,3174,3856,3716,3493,3228,5943,4825,3702,3336,12353,6416,4016,3367,33.6013,-25.1591,8.88824,47.6813
45605,3124,3313,3808,3973,3232,3576,4426,5892,3400,3786,5477,9902,3287,3740,4794,6407,8.09749,26.7112,8.54084,48.0913
45606,4234,4965,4621,3803,4590,7783,5997,3998,4140,5279,4693,3739,3599,3842,3746,3467,-6.20012,-3.44403,8.99405,48.3307
45607,11400,7308,4100,3541,5936,5049,3886,3444,4009,3764,3447,3231,3301,3390,3242,3095,-29.0454,-21.2708,8.92202,48.0953
45608,3256,3401,3743,3758,3354,3725,4775,4741,3518,4302,7543,7039,3472,4180,5799,5802,10.5983,14.4988,8.7673,48.272
45609,3579,4764,8772,8831,3507,4070,5217,5366,3290,3519,3917,3864,3154,3216,3393,3347,-27.6255,14.9262,8.66858,47.8707
45610,12579,5984,3880,3416,6287,4708,3795,3460,3977,3691,3449,3253,3403,3313,3289,3121,-27.1707,-30.787,8.84669,47.7367
45611,3261,3688,4434,4650,3454,4138,6724,6728,3387,3968,5969,6420,3209,3553,4146,4443,-1.19594,16.0418,8.78112,48.1147
45612,3131,3223,3565,3584,3307,3532,4258,4244,3436,3980,6104,7151,3503,4262,6583,8154,16.6083,17.6354,8.64174,48.0113
45613,3457,3485,3239,3066,4306,3941,3518,3114,7294,5567,4009,3385,8977,6679,4121,3419,18.1095,-20.2551,8.83681,47.718
45614,3353,3603,4459,5508,3396,3794,5089,9315,3430,3738,4765,6967,3159,3565,3922,4326,-3.86798,30.3677,8.74553,48.2593
45615,4377,4334,3711,3327,6616,6146,4051,3477,6598,6182,3982,3515,4564,4390,3755,3308,0.247,-16.1096,8.61376,48.222
45616,11443,7126,4144,3349,5752,4945,3927,3321,4002,3740,3471,3161,3437,3400,3310,3142,-31.6265,-21.0395,8.94536,47.78
45617,3642,3592,3374,3235,4586,4293,3781,3240,7942,6367,3937,3449,7496,5952,4009,3397,13.9512,-18.9299,8.68808,48.1947
45618,3379,3599,3440,3300,3994,4553,4025,3597,4896,7797,5565,3868,4939,6438,4950,3884,12.3046,-5.74736,8.94898,48.1493
45619,3422,3934,5199,5812,3406,4199,6785,7814,3298,3816,4905,5282,3179,3372,3893,3897,-8.251,17.2838,8.61795,48.142
45620,3646,4216,5476,4937,3632,4864,8191,5794,3569,4012,5192,4525,3280,3505,3713,3839,-8.17071,9.66537,8.84879,48.2607
45621,4608,3951,3467,3174,7791,4764,3702,3228,8849,5036,3777,3314,5006,4314,3574,3192,1.95333,-28.7644,8.68492,47.8313
45622,4240,6797,8508,5252,3962,4928,5768,4400,3550,3905,3850,3690,3221,3379,3392,3285,-21.6637,3.34043,8.70461,48.0847
45623,3139,3097,3457,3445,3171,3500,3748,3912,3386,3831,4767,6259,3375,4071,6553,12101,27.2312,23.7906,8.96007,47.8747
45624,3511,4380,8136,9552,3508,4084,5297,5830,3288,3513,3999,3971,3167,3259,3376,3422,-24.1466,16.5128,8.98387,48.1953
45625,3089,3312,3306,3259,3365,3662,3717,3737,3744,4427,5362,5018,3906,5903,9840,6588,26.3681,8.24043,8.52908,48.1567
45626,3781,4597,5686,4558,3954,5485,8040,5155,3656,4190,4930,4263,3343,3571,3649,3587,-8.94318,6.05753,8.79064,48.2967
45627,3776,3577,3256,3134,5163,4334,3526,3255,9802,5405,3735,3391,7444,5194,3753,3333,11.2953,-26.3151,8.99141,48.052
45628,3720,4467,7101,6738,3697,4349,6982,6163,3446,3728,4298,4137,3093,3432,3509,3461,-15.4766,12.8872,8.5359,48.214
45629,3054,3216,3435,3489,3324,3608,4079,4168,3488,4195,5949,6192,3690,4538,7620,8101,19.4439,15.3911,8.6134,48.0973
45630,4512,4078,3494,3118,7401,4816,3734,3321,9104,5113,3786,3358,5111,4373,3591,3284,2.54371,-27.9573,8.76616,48.1293
45631,3282,3553,3918,3875,3451,4066,5417,5074,3592,4486,7603,6585,3554,3937,4986,4950,5.62908,12.8615,8.51289,48.2193
45632,3780,4156,3795,3526,4637,6309,4810,3656,4796,7298,5245,3858,4150,4552,4147,3556,1.97939,-5.80444,8.82315,48.1807
45633,3231,3277,3266,3310,3494,3758,3884,3517,3966,4792,4995,4337,4502,7549,9003,5239,28.3404,2.04775,8.84124,48.08
45634,3205,3444,3865,3874,3349,3881,5052,5242,3478,4202,7238,7459,3465,4045,5186,5479,7.35266,15.6181,8.85818,48.3093
45635,5559,8492,5792,3938,4872,6298,4820,3885,3750,4076,3802,3563,3359,3494,3357,3093,-19.4062,-6.21588,8.61926,48.1
45636,3276,3451,3593,3433,3671,4168,4296,3933,4050,5883,7370,4738,4132,5273,6257,4611,12.7969,3.3785,8.78866,48.09
45637,3450,3729,3918,3637,3837,5013,5481,4075,4077,6095,7256,4672,3755,4424,4594,4007,4.63486,2.33691,8.81345,48.0133
45638,3162,3396,3599,3498,3421,3728,4318,3958,3659,4521,7129,5784,3687,4696,7509,6113,16.0788,11.1056,8.84021,48.1187
45639,4279,5593,5596,4336,4227,6529,6808,4337,3786,4340,4431,3796,3305,3575,3550,3402,-11.3847,0.523211,8.78462,47.9267
45640,3418,3547,3178,3063,4248,3895,3491,3162,7331,4990,3787,3359,11060,5833,3919,3389,20.522,-28.2725,8.79448,47.78
45641,3404,3411,3226,3223,4015,3838,3395,3158,6139,4788,3609,3423,12351,6406,3841,3396,33.785,-25.0939,8.85945,47.7487
45642,3453,3526,3188,3147,4452,3995,3542,3303,8171,4980,3772,3280,10149,5654,3907,3325,17.6073,-29.8459,8.76459,47.896
45643,3115,3228,3462,3430,3189,3436,3814,4153,3375,3755,4987,7373,3489,3926,5887,11070,20.0774,29.9914,8.57925,47.7927
45644,3088,3195,3356,3451,3219,3415,3844,3940,3386,3884,5014,6074,3457,4297,7332,11104,25.1706,20.8115,8.92465,48.0373
45645,3996,6154,8952,5972,3777,4802,5869,4668,3393,3674,3978,3696,3261,3272,3381,3350,-22.7564,6.16594,8.53656,48.13
45646,3451,4149,7281,11003,3346,3910,5055,5968,3311,3493,3898,3930,3120,3236,3438,3207,-30.3125,20.8621,8.55646,47.864
45647,3095,3353,3765,4025,3280,3753,4536,6200,3431,3716,5306,9665,3312,3770,4504,5912,6.28378,31.4172,8.62691,47.7487
45648,4774,4218,3575,3289,7997,5193,3752,3261,7874,5014,3760,3286,4752,4261,3469,3209,-0.0855308,-23.64,8.98886,47.7893
45649,3571,3536,3171,3021,4364,4216,3676,3156,7475,5858,3948,3467,8526,6243,4067,3446,16.5507,-19.9412,8.65246,47.8273
45650,3423,3863,6431,11983,3316,3774,4889,6602,3263,3476,3766,3972,3094,3342,3401,3347,-24.262,25.6942,8.65951,47.9613
45651,6134,5059,3884,3279,9101,5972,3922,3432,5567,4460,3703,3372,3967,3852,3345,3088,-8.23127,-21.4648,8.76753,48.0913
45652,3140,3361,3283,3371,3335,3408,3807,3976,3289,3891,4752,6210,3387,3949,6071,12150,26.0994,33.2154,8.65903,47.5867
45653,3953,5680,9741,6664,3798,4397,5181,4871,3366,3629,3820,3721,3245,3247,3395,3331,-28.7842,8.73101,8.55917,48.026
45654,7313,8731,4920,3677,5642,6083,4299,3539,3831,4029,3555,3297,3421,3480,3361,3041,-20.6932,-12.3225,8.53933,48.146
45655,3531,3575,3369,3047,4152,4390,3717,3438,5551,7586,4796,3738,5730,7159,4776,3745,14.7894,-9.33876,8.85649,48.2
45656,3147,3525,3631,3605,3447,3871,4545,4241,3717,4607,7821,5897,3695,4582,6391,5588,12.099,10.1407,8.66446,48.2067
45657,3337,3850,5879,9342,3452,3945,5345,8205,3271,3433,4065,4549,3069,3260,3507,3436,-16.9941,23.9062,8.8755,47.9633
45658,5107,9086,7473,4464,4238,5107,4871,3997,3571,3805,3705,3519,3275,3383,3343,3199,-27.5558,-2.45462,8.79725,48.0953
45659,3130,3456,3710,3783,3314,3838,4789,4898,3444,4089,7031,7713,3447,4021,5605,6099,9.76066,16.3435,8.88803,48.2447
45660,4646,5073,4219,3530,5445,7968,4996,3698,4593,5621,4313,3596,3819,3757,3550,3327,-5.67997,-8.75526,8.52163,48.1007
45661,3288,4118,6221,10237,3399,3787,5235,7637,3183,3417,3950,4357,3124,3218,3385,3478,-18.8434,23.482,8.97072,48.0227
45662,12921,6055,3872,3383,6438,4766,3874,3362,3985,3728,3316,3274,3400,3278,3178,3192,-26.09,-29.1545,8.99605,48.0147
45663,3427,3335,3314,3021,3761,3747,3467,3356,5145,5286,4261,3561,7943,9515,4931,3702,32.8633,-12.3445,8.89386,47.848
45664,3245,3379,3441,3333,3303,3370,3856,3853,3358,3729,4719,6096,3429,3840,6111,12553,28.3961,29.6526,8.7362,47.7433
45665,3349,3419,3277,3078,4042,3829,3424,3229,6981,4889,3883,3375,11692,5824,3909,3344,22.3505,-31.4527,8.82386,47.696
45666,3479,4034,6128,7920,3564,4103,5958,7875,3311,3625,4195,4565,3071,3278,3568,3558,-15.0355,19.8605,8.89974,48.1547
45667,3837,4012,3772,3453,4622,6120,4644,3569,5138,7532,5162,3747,4217,4618,4101,3590,3.24084,-6.73595,8.58754,48.0893
45668,3155,3339,3537,3517,3235,3533,4158,4606,3405,3818,5762,8395,3445,3975,5847,8416,14.9491,22.1115,8.66978,48.0953
45669,3738,3983,3855,3487,4318,5706,4945,3798,4664,7272,5808,4199,4034,4688,4171,3728,3.55074,-3.09667,8.77641,48.2627
45670,7339,9611,5356,3789,5187,5426,4203,3567,3669,3766,3660,3373,3260,3426,3329,3051,-26.9961,-10.8977,8.72224,48.008
45671,4567,7190,7810,4865,4135,5503,5664,4470,3486,3823,3891,3500,3274,3263,3466,3271,-20.4769,0.989263,8.90932,48.1187
45672,9690,5382,3865,3368,8507,5149,3815,3366,4564,4078,3562,3249,3493,3530,3235,3172,-16.2376,-31.0991,8.59448,48.0167
45673,3695,3960,3752,3503,4095,5623,5125,3923,4361,6901,6292,4073,4073,4464,4475,3762,3.96567,-1.60342,8.98562,48.0513
45674,3379,3401,3369,3302,3949,4170,3825,3536,5179,7337,4998,3753,5541,7484,5056,3854,15.3707,-7.9793,8.82036,48.0887
45675,3362,3333,3299,3173,3726,4019,3628,3434,4777,5372,4373,3743,6369,9838,5660,3867,33.8407,-8.16777,8.5315,47.982
45676,3425,3339,3183,3212,3966,3767,3533,3267,6021,4749,3778,3436,12465,6081,3842,3441,32.0862,-27.6046,8.50816,47.67
45677,3199,3331,3355,3393,3454,3718,3724,3655,3876,4687,5297,4488,4175,6729,9483,5680,27.284,4.81598,8.61692,48.1627
45678,3736,3841,3781,3455,4238,5506,4872,3931,4722,7197,6110,4100,3898,4675,4404,3792,4.82183,-2.73456,8.62156,48.172
45679,3507,3921,5885,11288,3394,3943,4792,7170,3275,3564,3816,4085,3155,3309,3386,3331,-21.2338,33.5696,8.62413,47.8807
45680,3244,3312,3381,3391,3276,3540,3762,3768,3510,4330,5341,5018,3817,5313,9920,7126,27.4901,10.4529,8.96232,48.0327
45681,4146,6332,9895,5990,3841,4536,5335,4657,3405,3749,3826,3749,3216,3241,3307,3208,-26.6986,6.40757,8.8454,48.2887
45682,3089,3322,3658,3671,3318,3650,4414,4830,3544,3995,6261,8608,3316,3915,5573,6993,11.8652,19.8877,8.60864,48.1047
45683,3126,3193,3370,3500,3360,3693,4009,4095,3405,4133,5951,6146,3526,4567,7825,8339,19.7784,15.6641,8.64669,48.1587
45684,4101,4597,4037,3738,4877,7306,5414,3921,4459,6289,4936,3858,3698,4080,3836,3541,-2.71419,-4.96811,8.82636,48.4587
45685,3077,3448,3765,4063,3253,3552,4517,6079,3400,3876,5579,9537,3383,3800,4624,6195,7.49477,24.7591,8.76433,48.0987
45686,3432,3363,3255,3198,3965,3869,3405,3229,5917,4941,4021,3475,11158,7142,4134,3417,33.7734,-20.4526,8.62782,47.9473
45687,3714,4948,7996,6813,3693,4455,6568,5638,3513,3623,4037,3920,3104,3276,3472,3394,-18.2673,11.3642,8.60135,48.1093
45688,3185,3491,3852,3790,3515,4044,5211,4857,3639,4551,8030,6163,3559,4028,5298,5105,7.48242,11.4199,8.79831,48.212
45689,5632,4483,3705,3360,9413,5367,3858,3255,6590,4679,3671,3334,4160,3864,3412,3236,-4.92744,-24.7661,8.93636,48.0127
45690,5181,4442,3572,3208,8995,5182,3732,3356,7543,4739,3707,3345,4450,4045,3393,3248,-2.29336,-30.1696,8.74349,48.092
45691,3290,3680,4317,5349,3368,3824,5097,9035,3328,3720,4850,7336,3290,3480,4071,4461,-2.51861,27.1972,8.78916,48.3307
45692,3579,3914,4635,4292,3813,4841,7504,5348,3662,4449,6173,4820,3503,3753,4101,3940,-3.04501,8.31383,8.50428,48.218
45693,3010,3080,3407,3354,3169,3578,3835,3964,3352,3709,4722,6190,3420,4016,6109,12530,26.7655,29.4936,8.69968,47.63
45694,3425,3241,3259,3219,3796,3806,3494,3337,5709,4919,4034,3305,10660,7734,4228,3396,32.8665,-19.1112,8.80463,47.708
45695,4759,4021,3480,3243,7535,5305,3792,3286,8110,5620,3858,3259,4857,4273,3620,3260,1.0906,-21.9636,8.95021,48.1853
45696,4057,4102,3777,3290,4970,6318,4421,3595,5567,7675,4665,3714,4355,4570,3887,3514,2.83854,-9.59285,8.98915,48.318
45697,3760,3657,3222,3155,4888,4107,3660,3263,9153,5627,3834,3361,7989,5431,3876,3375,12.8395,-24.3477,8.75477,48.2387
45698,3262,3436,3239,3113,4069,3769,3534,3204,5999,4941,3865,3380,11047,7532,4237,3468,26.4569,-20.2295,8.83228,48.0633
45699,3177,3560,4080,4676,3298,3695,5128,7622,3426,3752,5300,8259,3080,3544,4235,5109,1.32054,24.1651,8.67293,47.9607
45700,3457,3462,3188,3008,3972,3858,3458,3293,6311,5334,3905,3344,10465,7437,4197,3570,23.3163,-19.7037,8.8138,48.1727
45701,5475,9596,6648,4196,4511,5164,4622,3950,3689,3765,3656,3353,3262,3489,3436,3194,-33.22,-4.84117,8.97509,48.004
45702,3406,3477,3421,3297,3910,4407,4060,3499,4811,7460,5796,4013,4650,6516,5442,4091,13.1672,-3.70039,8.95806,48.1707
45703,12223,6068,3820,3358,6683,4845,3758,3460,4041,3990,3512,3293,3278,3343,3183,3178,-23.9204,-30.7511,8.75311,48.022
45704,3007,3300,3334,3414,3259,3419,3882,4219,3285,3961,5173,7773,3308,3963,5874,11012,20.0047,27.6421,8.69272,48.122
45705,3193,3593,4318,5313,3347,3779,5387,8727,3308,3701,4751,7449,3271,3506,3947,4418,-2.72706,25.0664,8.55547,48.0053
45706,3377,3862,6016,12855,3386,3685,4878,6365,3326,3483,3721,3930,3116,3265,3375,3375,-26.6799,29.6069,8.90527,48.01
45707,3171,3276,3399,3471,3360,3835,4101,4017,3630,4702,6860,5349,3905,4962,8189,6166,18.0086,9.88449,8.8105,48.262
45708,3535,3635,3792,3362,3733,4578,4743,3928,4247,6516,7395,4602,4067,4858,5278,4185,8.61642,1.77681,8.77453,48.3027
45709,3385,3636,4204,4545,3331,3865,5412,7715,3383,3946,5458,7551,3185,3626,4236,4695,-0.236939,21.1885,8.50764,48.1153
45710,3797,3795,3485,3276,4774,5107,3969,3406,6540,7882,4459,3571,5259,5332,4084,3483,7.67281,-12.6774,8.85777,48.146
45711,4083,5730,6659,4843,4012,5931,7018,4621,3594,4056,4146,3880,3373,3470,3493,3365,-14.4075,2.82432,8.63062,48.1827
45712,3057,3203,3516,3346,3237,3438,3841,3919,3474,3957,5128,5533,3565,4466,8598,9665,30.2466,16.2541,8.70338,47.962
45713,3034,3204,3427,3589,3297,3545,3870,4259,3393,3858,5047,7647,3342,3931,5720,10505,19.6136,28.6492,8.54896,47.7787
45714,3076,3290,3692,3674,3165,3532,4302,5114,3414,3937,5718,9439,3326,3829,5224,7289,11.5771,23.6426,8.93458,48.014
45715,3227,3529,4074,4535,3220,3671,4800,7718,3426,3710,4980,8743,3229,3651,4232,5078,1.52309,30.5322,8.5049,47.882
45716,3066,3267,3310,3302,3205,3467,3835,3912,3357,3852,4759,6259,3391,3914,5922,12647,25.9081,31.8315,8.92329,47.6433
45717,3421,4295,6952,11083,3460,3878,4932,6433,3256,3493,3874,3987,3065,3209,3288,3411,-24.0544,21.6997,8.69179,48.0247
45718,3155,3309,3332,3398,3477,3638,3757,3707,3774,4678,5159,4709,3994,6267,9993,5992,28.8715,6.38307,8.75099,48.226
45719,3133,3319,3397,3303,3183,3479,3755,3921,3368,3897,5130,5667,3440,4280,7539,11058,28.4408,20.3221,8.91769,47.9127
45720,3042,3348,3323,3344,3329,3617,3745,3818,3522,3975,5140,5362,3683,4713,9060,9046,29.0762,14.7332,8.95663,48.0447
45721,3464,3795,4504,4406,3549,4434,7147,5953,3451,4255,6297,5466,3363,3728,4179,4145,-1.87794,11.8619,8.6228,48.0907
45722,3724,4251,4223,3722,4196,6102,6334,4303,4192,5858,5929,4111,3778,4139,4038,3794,-0.872485,0.390055,8.76722,48.4627
45723,3449,3539,3200,3054,4084,3874,3487,3243,7114,4878,3714,3419,11527,5814,3815,3486,21.5037,-30.0875,8.98376,47.798
45724,3500,3464,3382,2992,4246,4157,3493,3386,6888,6221,4195,3463,8140,6967,4341,3627,17.1692,-17.1753,8.86191,48.308
45725,3129,3371,3388,3437,3406,3617,3806,3847,3726,4207,5546,5285,3722,5038,9529,7799,25.309,12.4676,8.97709,48.5687
45726,3116,3159,3434,3470,3298,3500,3787,3918,3285,3842,4932,5709,3313,4168,7619,11336,30.5779,20.2549,8.91758,47.924
45727,3433,3394,3263,3139,3745,3759,3501,3236,5620,4857,3987,3431,10698,7818,4235,3549,30.6474,-19.2394,8.99844,47.7767
45728,7739,5194,3905,3370,9213,5426,3866,3374,5010,4162,3619,3329,3758,3572,3346,3050,-12.3869,-24.4701,8.83287,47.9553
45729,5141,4848,3799,3354,7846,6609,4078,3400,5970,5166,3903,3335,3993,4020,3572,3259,-4.16027,-18.2423,8.75209,48.1953
45730,3351,3623,3689,3495,3817,4592,4791,3958,4108,6317,7206,4631,4039,5177,5563,4362,9.49379,1.74843,8.52417,48.4793
45731,3975,3845,3277,3104,5963,4517,3583,3399,10024,5414,3886,3364,6291,4778,3754,3338,7.66428,-24.8796,8.92105,48.3413
45732,3093,3263,3430,3509,3238,3573,3972,4457,3355,3816,5343,8059,3414,3974,5771,10001,17.3477,24.7912,8.95787,48.1787
45733,3326,3442,3528,3281,3651,4076,4059,3659,4299,6247,6382,4274,4449,6452,6597,4487,15.558,0.236269,8.95701,48.1393
45734,6874,6345,4175,3551,7332,6682,4111,3514,4685,4280,3662,3293,3664,3707,3348,3171,-13.5302,-16.5053,8.57753,48.2627
45735,3114,3404,3572,3649,3245,3567,4087,4403,3303,3947,5605,8169,3290,3972,5915,8907,16.2038,23.1298,8.51458,48.0993
45736,3404,3443,3256,2991,4300,3957,3638,3290,7671,5246,3814,3383,9844,6236,3901,3479,18.6905,-23.2904,8.63505,47.902
45737,3114,3277,3574,3567,3272,3553,4012,4609,3395,3827,5260,8680,3391,3897,5393,9126,15.6835,27.3884,8.50963,47.9647
45738,3184,3386,3368,3361,3410,3745,3994,3860,3728,4658,6800,5238,3971,5268,8427,5824,18.4359,8.33212,8.9808,48.148
45739,4975,7105,5930,4103,4605,6765,5705,4036,3713,4197,3967,3634,3414,3519,3461,3180,-16.1545,-2.90694,8.74301,48.206
45740,3785,3868,3541,3233,5138,5145,3838,3428,7246,7510,4389,3446,5289,5227,3972,3542,7.3827,-14.5528,8.94535,48.398
45741,3120,3436,3850,4018,3243,3524,4672,5833,3356,3843,5834,9219,3291,3667,4749,5985,7.01667,22.2135,8.77386,47.76
45742,3035,3196,3411,3533,3307,3546,4062,4315,3405,3960,5443,7219,3428,4070,6514,9635,18.8833,20.8762,8.6209,48.0527
45743,5371,4515,3638,3233,9389,5177,3873,3337,6830,4743,3698,3383,4216,3929,3495,3215,-4.06365,-33.8851,8.63427,48.028
45744,8207,5409,3949,3363,8911,5304,3920,3423,4820,4182,3624,3222,3611,3458,3355,3033,-13.8361,-24.814,8.57991,47.8607
45745,3859,3968,3629,3407,4541,5807,4419,3570,5367,7935,5091,3729,4338,4808,4168,3605,4.32796,-8.02922,8.78542,48.1607
45746,8005,9188,4989,3798,5404,5675,4050,3578,3798,3835,3557,3384,3390,3440,3205,3094,-24.5199,-12.9258,8.52833,48.26
45747,5423,6084,4447,3668,5978,8082,4720,3608,4400,4693,3887,3357,3545,3660,3467,3179,-10.974,-10.6697,8.83472,48.132
45748,3604,3939,3821,3649,4069,5529,5430,3936,4208,6606,6436,4186,3909,4518,4432,3857,3.61968,-0.668117,8.55763,48.086
45749,3335,3981,5938,12388,3419,3721,4853,6539,3287,3354,3781,3955,3056,3295,3417,3286,-24.3019,31.0432,8.79884,47.7367
45750,4954,4135,3548,3279,8090,5240,3834,3352,7853,5117,3690,3366,4707,4168,3567,3244,-0.667656,-23.9294,8.58219,48.096
45751,3145,3415,3546,3459,3286,3633,4219,4125,3633,4357,6556,5984,3618,4671,7715,7002,17.644,12.8415,8.66862,48.2427
45752,8038,5138,3771,3403,9335,5181,3837,3388,4975,4095,3541,3213,3758,3612,3267,3117,-12.6191,-29.5071,8.86708,47.7793
45753,3346,3643,4232,4304,3443,4270,6373,5827,3557,4306,6919,6174,3424,3748,4424,4415,0.862819,13.2664,8.68192,48.27
45754,3940,3940,3594,3396,5161,5289,3709,3465,6891,7577,4392,3473,5026,4993,3962,3416,5.81252,-14.0114,8.81352,48.1493
45755,4437,4076,3586,3286,6335,5528,3876,3407,7359,6332,4064,3375,4766,4504,3711,3326,2.3563,-17.8392,8.56208,47.9787
45756,3835,3654,3330,3109,4948,4356,3660,3281,8736,6110,3939,3323,7157,5537,3949,3355,11.7661,-20.9297,8.52144,48.186
45757,3402,4128,6566,10201,3478,3844,5444,7136,3123,3514,4059,4252,3047,3159,3418,3525,-19.8528,21.6568,8.92437,48.1973
45758,3312,3637,4534,5622,3348,4015,5714,8990,3270,3644,4879,6506,3192,3442,3899,4202,-4.96842,22.3782,8.88631,48.1373
45759,3263,3479,3811,3954,3477,3871,5235,5216,3586,4295,7566,7046,3463,3935,5316,5255,6.83201,14.5672,8.86256,48.512
45760,3340,3645,4314,4714,3367,4033,5959,7423,3468,3905,5767,7008,3234,3615,4253,4452,-0.67507,18.83,8.84228,48.3313
45761,6379,10086,5944,4054,4764,5316,4379,3756,3665,3793,3625,3313,3341,3374,3274,3155,-28.5236,-7.79231,8.97658,48.1453
45762,3299,3536,3798,4158,3313,3931,5445,5944,3452,4059,6614,7841,3270,3757,4701,5088,4.1895,17.5026,8.79572,48.1373
45763,3566,3856,3560,3292,4105,5093,4284,3669,4942,8069,5711,3913,4400,5417,4687,3824,8.43382,-5.40098,8.74334,48.2587
45764,3114,3240,3506,3346,3237,3481,3768,3904,3446,3869,4964,5593,3474,4222,7761,10813,29.2537,19.406,8.99812,47.8253
45765,3325,3659,4295,5129,3384,3895,5498,8541,3326,3764,4962,7144,3188,3471,3982,4601,-2.43768,23.2027,8.99158,48.1093
45766,3428,4080,5838,6668,3487,4353,6788,7734,3312,3726,4288,4604,3116,3280,3679,3646,-12.2577,17.0854,8.83287,48.018
45767,3588,3483,3142,3082,4456,4072,3520,3235,8349,5251,3812,3348,9867,5669,3893,3443,17.452,-27.2962,8.75879,48.14
45768,3366,3663,4281,4377,3457,4167,6120,6120,3467,4166,6464,6575,3332,3711,4411,4559,0.790146,15.0676,8.56957,48.1573
45769,8256,5223,3767,3321,9377,5230,3982,3378,4881,4284,3633,3152,3718,3587,3227,3194,-13.106,-28.9103,8.94532,48.14
45770,4393,4551,3842,3462,5792,6664,4515,3565,5664,6378,4273,3575,4113,4329,3727,3377,-0.552174,-12.0611,8.65556,48.1467
45771,4353,4027,3470,3205,7352,4683,3723,3209,8907,5226,3886,3268,5299,4480,3595,3212,3.16082,-27.2007,8.52369,47.93
45772,3213,3591,4233,4682,3264,3755,5126,8553,3371,3758,4850,8114,3292,3538,4116,4798,-0.377487,27.8763,8.85242,48.1693
45773,5411,7717,5211,3944,4953,7004,5123,3830,3878,4249,3868,3540,3337,3599,3367,3290,-16.1877,-6.65663,8.6868,48.214
45774,3427,4029,6379,12455,3253,3827,4758,6012,3278,3391,3723,3827,3187,3261,3424,3222,-27.923,26.623,8.75758,47.6353
45775,3225,3268,3546,3685,3211,3473,4089,4702,3429,3863,5279,8799,3336,3740,5249,9186,15.2368,27.8573,8.65381,48.0533
45776,3843,5728,9688,6723,3769,4449,5265,4841,3441,3574,3810,3726,3145,3317,3377,3273,-28.8724,8.90281,8.51334,47.9793
45777,3083,3388,3402,3391,3411,3697,3841,3710,3804,4424,5115,4844,4063,5909,9887,6353,30.7921,7.82859,8.72652,48.2147
45778,6428,5625,3923,3406,8147,6587,4015,3491,4980,4555,3626,3341,3886,3717,3418,3183,-10.5099,-18.1749,8.87748,48.2187
45779,3401,3912,6031,12886,3389,3809,4720,6007,3158,3519,3723,3926,3127,3260,3358,3375,-30.2102,29.4067,8.70541,47.734
45780,12011,6752,4074,3424,6120,4816,3787,3479,3883,3786,3446,3192,3436,3436,3284,3219,-29.9216,-23.2508,8.64956,48.0967
45781,3207,3392,3548,3723,3285,3590,4372,5263,3369,3947,5188,9666,3321,3724,5041,7258,10.9294,33.4268,8.67631,47.9293
45782,3655,3402,3314,3149,4653,4210,3602,3342,8235,6118,4056,3424,7791,6141,4045,3395,14.0348,-19.7728,8.90634,48.3547
45783,3647,4145,5572,4913,3663,4659,8291,6040,3393,3979,5248,4568,3194,3519,3639,3637,-7.8959,10.5298,8.98394,48.0713
45784,12210,5937,3928,3443,6417,4708,3763,3436,4021,3785,3561,3236,3472,3362,3276,3169,-25.0296,-30.9189,8.66207,47.816
45785,3287,3698,4669,5967,3406,3714,5268,9727,3195,3559,4461,6539,3190,3450,3849,4058,-5.97841,27.6466,8.89612,48.0247
45786,3231,3477,3883,3849,3438,3871,5105,5068,3538,4397,7439,6986,3415,4027,5022,5112,7.29526,14.0048,8.63535,47.9053
45787,4360,3765,3515,3145,6990,4622,3656,3268,9537,5150,3749,3394,5822,4507,3656,3223,4.59753,-27.2661,8.95582,48.2393
45788,3105,3411,3936,4271,3235,3502,4391,6550,3305,3910,5300,9619,3412,3696,4545,5767,5.47966,31.1715,8.72845,47.97
45789,3171,3183,3339,3382,3254,3377,3872,4207,3360,3926,5052,7854,3332,3926,5780,10738,19.093,33.6148,8.91177,47.8353
45790,3563,4628,5953,4962,3773,4950,7893,5670,3538,4198,4889,4387,3289,3417,3719,3625,-9.87068,8.25627,8.53591,48.3027
45791,3328,3863,5244,8243,3445,3829,5267,9472,3241,3573,4106,4923,3158,3264,3696,3651,-13.2059,30.0154,8.53104,48.202
45792,8884,5741,3869,3358,8545,5449,3808,3395,4619,4101,3494,3303,3663,3567,3260,3148,-15.374,-24.0349,8.7615,48.136
45793,3392,3423,3242,3173,4005,3815,3338,3273,5926,4721,3714,3355,12716,6057,3951,3285,32.0882,-28.643,8.84287,47.5907
45794,8602,9171,4778,3564,5367,5254,4051,3547,3827,3827,3596,3251,3453,3438,3349,3114,-28.494,-14.161,8.77394,48.126
45795,3273,3553,4112,4796,3374,3894,5335,7713,3278,3806,5385,7837,3347,3551,4336,4709,0.0741391,22.5325,8.52102,48.1993
45796,3718,4621,6581,5427,3723,4781,7838,5850,3394,3914,4526,4220,3354,3338,3547,3516,-12.8511,9.51206,8.98713,48.232
45797,3306,3778,5029,7161,3490,3836,5583,9745,3191,3578,4364,5282,3113,3263,3527,3862,-10.8781,26.6686,8.69485,48.072
45798,3160,3241,3418,3423,3248,3547,3798,4054,3445,3709,4781,6335,3338,3886,5990,12568,26.2101,28.7911,8.7793,47.9607
45799,3353,3345,3229,3151,3995,3737,3498,3127,6649,4888,3862,3458,11935,6318,3987,3410,24.8112,-26.535,8.76524,47.9613
45800,3451,3900,5919,12751,3319,3680,4734,5801,3287,3301,3739,3850,3278,3264,3323,3501,-30.1642,32.8385,8.90313,47.3987
45801,3461,4401,8204,9715,3410,3977,5121,5624,3311,3537,3909,3906,3186,3296,3403,3553,-33.2272,16.987,8.50976,48.0093
45802,3024,3218,3330,3429,3234,3438,3709,3903,3406,3659,4851,6307,3327,3987,6275,12537,27.4179,27.4414,8.92751,47.756
45803,4945,6795,5331,3955,4971,7620,5619,3867,3887,4359,3993,3550,3427,3491,3385,3181,-13.5505,-5.43217,8.984,48.2507
45804,4184,3889,3478,3260,6815,4681,3716,3218,9526,5182,3779,3357,5446,4380,3657,3219,4.42956,-33.8585,8.98979,47.858
45805,4689,6296,5642,4294,4647,7012,6058,4130,3760,4270,4182,3595,3400,3551,3475,3291,-13.6878,-2.41243,8.6252,48.1947
45806,3514,3421,3206,3122,4323,4099,3591,3308,7171,5844,4066,3423,8729,6760,4301,3525,17.5678,-18.7572,8.92389,48.2687
45807,4060,4742,4906,4062,4147,6691,6894,4340,3934,4998,5059,4018,3525,3791,3790,3512,-6.36096,0.582779,8.70543,48.3127
45808,3439,3332,3284,3163,3905,3901,3638,3283,5847,5408,4005,3567,9215,8411,4464,3519,23.646,-16.0424,8.93618,48.254
45809,5120,4281,3601,3254,8679,5338,3812,3360,7420,4949,3689,3357,4409,4164,3571,3287,-1.87527,-24.6312,8.9585,48.194
45810,3472,4229,7433,11163,3451,3956,5005,5905,3238,3467,3815,3822,3089,3230,3375,3442,-26.7055,20.3817,8.96558,48.0613
45811,8371,9144,4824,3572,5281,5097,4097,3583,3747,3897,3511,3145,3513,3416,3257,3118,-33.5324,-13.3001,8.81859,47.7153
45812,3327,4150,7346,11420,3429,3937,4907,6006,3129,3534,3733,3922,3181,3248,3319,3457,-31.9663,20.8442,8.95108,48.03
45813,4332,5581,5674,4389,4297,6509,6906,4294,3827,4276,4454,3773,3550,3530,3523,3363,-11.8894,0.551904,8.58338,48.1853
45814,3071,3284,3498,3444,3248,3505,3891,3967,3491,4038,5633,6006,3519,4514,7992,8863,22.4235,16.3637,8.69158,47.976
45815,3121,3300,3471,3408,3302,3259,3700,3876,3467,3736,4677,5849,3501,3873,6085,12513,30.6392,33.7308,8.59631,47.4253
45816,3611,4870,8949,8344,3551,4161,5493,5469,3237,3456,3811,3888,3110,3291,3420,3344,-24.8135,13.8826,8.8024,48.0033
45817,5373,8987,6644,4286,4632,5666,4970,3962,3677,3859,3660,3543,3338,3282,3311,3127,-22.1609,-4.14202,8.86497,48.2113
45818,3399,3522,3326,3166,3838,3968,3540,3229,5833,5226,3932,3473,9876,7941,4330,3531,25.0168,-17.8695,8.75239,48.0867
45819,3114,3335,3358,3334,3415,3537,3841,3822,3616,4326,5301,5147,3791,5239,9783,7414,27.7014,10.8467,8.55552,48.2487
45820,5933,8886,5527,3805,5006,6197,4652,3859,3798,4018,3663,3477,3340,3436,3295,3134,-20.6877,-7.97987,8.57366,48.0173
45821,10337,7449,4259,3509,6304,5400,4079,3363,3916,3851,3423,3214,3384,3357,3210,3068,-23.141,-19.3257,8.95836,48.082
45822,3405,3755,5551,9780,3295,3847,5126,8353,3218,3559,4058,4447,3050,3287,3460,3551,-17.1752,28.4475,8.69512,47.828
45823,3334,3325,3336,3249,3602,3823,3792,3595,4208,4958,5095,4200,4800,8425,8087,4682,33.5428,-0.179928,8.84043,48.3407
45824,3332,3892,5236,7462,3416,3845,5603,9350,3172,3581,4377,5200,3148,3278,3574,3639,-11.4319,24.3641,8.80957,48.07
45825,7018,5128,3729,3303,9672,5643,3925,3378,5356,4306,3506,3335,3833,3806,3245,3123,-10.2949,-24.6488,8.67533,48.204
45826,3102,3296,3338,3386,3209,3535,3999,4011,3478,3903,5336,6302,3431,4159,7424,10433,23.0815,19.6645,8.914,48.228
45827,3988,5681,8280,5556,3828,4983,6436,5005,3397,3757,4159,3884,3143,3399,3546,3332,-18.5324,6.92908,8.50848,48.2493
45828,3111,3285,3462,3334,3323,3549,3841,3680,3552,4006,5253,5287,3720,4935,8925,8756,27.8761,14.1651,8.73,48.0127
45829,3536,4696,9111,8371,3570,4049,5245,5267,3244,3656,3777,3769,3103,3278,3363,3443,-32.5307,13.8231,8.64283,47.652
45830,4050,4297,4281,3702,4503,6590,5639,4011,4309,6052,5361,4005,3781,4123,4048,3627,-1.27361,-2.516,8.50658,48.2527
45831,3175,3291,3396,3364,3482,3780,3977,3929,3629,4585,6375,5382,3838,5107,8322,6437,19.4994,10.1489,8.63704,48.046
45832,3324,3335,3309,3222,3621,3786,3730,3635,4420,5155,4829,4051,5323,9270,7121,4334,30.3865,-3.34079,8.62057,48.31
45833,3192,3300,3329,3285,3565,3817,3692,3453,3983,4750,5111,4286,4487,7870,8835,4972,31.6906,1.75536,8.9458,47.9513
45834,4777,6773,5561,4088,4712,7227,5685,4108,3834,4427,4100,3630,3370,3436,3443,3251,-14.2038,-3.6438,8.70367,48.2813
45835,7598,4974,3815,3375,9709,5244,3908,3383,5181,4267,3625,3240,3693,3558,3291,3173,-11.7027,-31.8229,8.68717,48.0227
45836,3631,4326,7375,8585,3456,4074,5890,6475,3315,3540,4037,4116,3187,3282,3504,3456,-19.2153,17.0657,8.76359,48.166
45837,3310,3366,3184,3142,3994,3786,3395,3079,6719,4786,3800,3476,12303,5852,4016,3308,23.3764,-31.0078,8.93436,47.6773
45838,3173,3373,3430,3280,3475,3656,3719,3659,3793,4678,5151,4703,4094,6251,9697,6114,26.7869,6.49492,8.53288,48.164
45839,4325,4789,4098,3528,5357,7509,4860,3637,4909,6077,4511,3649,4002,4230,3732,3353,-3.13148,-8.77692,8.58813,48.3773
45840,4324,3846,3396,3158,6651,4677,3594,3240,9251,5439,3822,3373,5629,4476,3668,3320,5.09487,-25.462,8.50333,47.9093
45841,3816,3531,3430,3209,5304,4301,3704,3259,9359,5722,3825,3359,6709,5040,3770,3394,9.60458,-23.2046,8.66213,47.8213
45842,3469,3953,5706,9738,3348,3823,5021,8274,3304,3513,4006,4274,3189,3171,3481,3529,-17.1612,33.8923,8.59817,47.866
45843,3633,3849,3919,3519,4118,5521,5130,3880,4412,6892,6348,4180,4021,4655,4416,3868,3.9662,-1.03207,8.50438,48.2407
45844,3384,3425,3206,3061,3988,3815,3485,3250,5983,4841,3835,3480,11936,6819,3979,3407,30.3289,-23.1058,8.70858,47.9293
45845,3407,3715,4780,6519,3361,3903,5306,9616,3267,3687,4415,5839,3221,3415,3709,3926,-8.34719,27.4551,8.54869,48.0573
45846,3090,3210,3436,3391,3306,3611,3729,3730,3648,4299,5307,4918,3931,5589,9937,7161,29.2113,9.75506,8.8744,48.1953
45847,3461,4165,7453,11178,3495,3838,5019,6013,3244,3322,3810,3927,3209,3206,3312,3441,-26.8082,20.2777,8.96336,48.062
45848,3184,3401,3470,3312,3418,3917,4136,3802,3959,4846,6541,4877,3986,5664,8216,5532,18.7981,6.53507,8.51141,48.174
45849,3511,3584,3639,3504,3731,4563,4709,3921,4261,6716,7268,4438,4006,5131,5307,4299,8.75548,0.915906,8.82838,48.392
45850,6598,4814,3725,3373,9821,5134,3785,3340,5784,4465,3639,3210,3935,3741,3443,3186,-8.40368,-31.7087,8.55882,47.9953
45851,3650,4894,9290,8298,3521,4046,5274,5335,3329,3570,3778,3760,3075,3330,3347,3306,-28.5486,13.506,8.85058,47.8687
45852,3333,3924,6785,11890,3367,3727,4900,5876,3255,3428,3891,3964,3156,3242,3521,3421,-33.6955,22.4783,8.841,47.7867
45853,3845,3689,3361,3201,5344,4702,3754,3302,8216,6711,4038,3408,5805,5339,3955,3397,8.61625,-18.1198,8.70146,48.0447
45854,3308,3558,3420,3267,3741,4143,4079,3589,4626,6947,6175,4134,4640,6699,5799,4239,14.6507,-2.27802,8.92749,48.2427
45855,3924,5441,8465,6033,3770,4624,6765,5029,3392,3737,4045,3891,3180,3406,3516,3376,-18.9477,8.46896,8.61273,48.396
45856,3147,3255,3481,3559,3258,3637,4093,4483,3465,3948,5717,8401,3322,3928,5995,8372,15.183,21.3367,8.91725,48.0407
45857,3176,3253,3440,3285,3338,3692,3909,3786,3648,4452,5118,4716,3914,5845,10120,6296,33.0769,7.73419,8.87856,47.992
45858,3542,3453,3257,3268,4093,4178,3717,3319,6408,6485,4184,3513,7277,7371,4402,3602,17.1758,-14.9002,8.53757,48.046
45859,3278,3533,4161,4183,3555,4142,6282,5367,3494,4471,7364,5997,3351,3894,4460,4470,2.15466,12.0713,8.71958,48.0013
45860,5046,4650,3817,3329,7488,6513,4110,3534,6146,5476,3913,3365,4269,4169,3441,3207,-3.2678,-17.3809,8.53583,48.3153
45861,3377,3748,6254,12440,3332,3835,4772,6040,3336,3507,3807,3887,3100,3235,3378,3316,-32.9921,25.2512,8.99612,47.576
45862,3445,3455,3307,2982,4072,3921,3523,3307,7400,4979,3867,3383,11241,5777,4050,3342,20.8898,-30.8521,8.66224,48.034
45863,3364,3438,3230,3066,3925,3783,3515,3220,5951,4771,3885,3397,12360,6321,3992,3399,31.4362,-25.8242,8.51107,47.7447
45864,3454,3977,6418,10414,3327,3807,5324,7235,3159,3518,3954,4182,3055,3261,3544,3410,-19.9917,22.3208,8.93846,48.026
45865,4963,4322,3459,3212,8040,5610,3859,3252,7471,5444,3735,3345,4561,4086,3621,3268,-0.924332,-21.3189,8.87562,48.1653
45866,3450,3854,6202,12525,3399,3774,4664,6011,3153,3373,3888,3889,3210,3261,3418,3365,-32.3312,27.2037,8.77839,47.624
45867,3325,3759,4816,6435,3262,3827,5136,9810,3307,3664,4441,6048,3014,3445,3751,4032,-7.89279,30.1856,8.63012,48.048
45868,5871,4573,3759,3337,9273,5732,3768,3493,6207,4840,3638,3244,4097,3731,3382,3167,-6.34847,-23.2451,8.60584,48.0747
45869,3252,3426,3414,3309,3517,3742,3787,3640,3939,4522,5235,4430,4569,7410,9076,5297,29.5694,2.92015,8.70349,48.3767
45870,3442,3958,5882,7782,3439,3924,5913,8320,3195,3592,4073,4716,3039,3371,3523,3666,-13.7307,20.7547,8.87658,47.89
45871,3768,4112,4300,3870,4004,5679,6749,4403,3878,5442,6336,4368,3603,3925,4134,3884,-0.901718,3.05394,8.9437,48.3033
45872,3247,3570,3659,3632,3687,4180,5052,4179,3931,5453,8220,5065,3770,4607,5567,4624,8.93845,6.3994,8.96084,48.2953
45873,3532,3386,3250,3066,4349,4073,3484,3305,8170,4984,3801,3390,10182,5637,3961,3379,18.142,-32.3322,8.74896,47.966
45874,4261,6592,9405,5618,3867,4709,5283,4561,3459,3679,3782,3655,3158,3274,3344,3268,-26.653,5.21591,8.77801,47.9433
45875,3434,3727,3774,3650,3842,4831,4859,3809,4308,6845,6987,4294,4124,4889,4891,4017,7.27576,0.399512,8.85453,48.1873
45876,3592,3870,5077,7677,3416,3710,5339,9697,3257,3543,4192,4991,3183,3216,3579,3745,-11.8265,27.6061,8.8933,48.056
45877,3115,3306,3453,3520,3113,3375,3849,3866,3337,3754,4646,6112,3356,3923,5868,12526,32.0649,28.5233,8.58394,47.4127
45878,3849,3601,3342,3056,4739,4392,3631,3285,7865,6700,4137,3576,6893,5938,4060,3418,12.5598,-17.4289,8.80098,48.3213
45879,3057,3259,3342,3467,3204,3543,3805,4081,3304,3704,4834,7375,3385,3939,5854,11272,21.245,28.0801,8.59621,47.6167
45880,12325,6201,3927,3306,6018,4846,3725,3330,3983,3805,3372,3124,3436,3451,3322,3167,-33.148,-26.9692,8.68797,47.5587
45881,4513,4149,3613,3182,7126,5399,3881,3388,7713,5760,3860,3348,4878,4418,3691,3261,1.2424,-20.4103,8.70924,48.12
45882,3366,3746,4114,4003,3654,4454,6019,5014,3744,4783,7560,5260,3605,4031,4674,4270,2.93509,9.05012,8.54304,48.198
45883,12391,6037,3944,3482,6439,4796,3798,3433,3890,3770,3434,3227,3379,3291,3152,3099,-26.0869,-30.6594,8.5286,47.708
45884,6537,7686,4813,3703,6001,6945,4445,3588,4144,4139,3696,3379,3550,3469,3340,3101,-16.6921,-12.4322,8.78326,48.3573
45885,3355,3915,5886,12364,3341,3749,4708,6033,3202,3488,3782,3967,3176,3253,3420,3503,-33.7089,28.9071,8.55903,47.428
45886,3442,3572,3313,3119,4182,3894,3417,3158,7171,5301,3803,3479,10453,6570,3997,3395,20.6897,-23.0995,8.64079,48.1773
45887,3483,3911,5433,9849,3453,3846,5017,8477,3193,3499,4027,4413,3182,3322,3530,3556,-16.8523,30.8054,8.86852,48.1273
45888,3335,3898,5588,10097,3350,3866,4968,8432,3217,3516,4076,4465,3193,3244,3428,3503,-17.3888,27.7479,8.82614,48.1173
45889,9210,6214,4032,3369,7739,5559,3847,3458,4452,4113,3565,3172,3572,3492,3197,3039,-17.1489,-21.5569,8.54485,48.02
45890,5567,4532,3688,3347,8953,5860,3871,3344,6459,4949,3719,3226,4189,3988,3497,3183,-5.18343,-21.703,8.65719,48.248
45891,6957,6121,4214,3518,7680,6727,4015,3438,4585,4341,3581,3424,3605,3546,3255,3107,-13.2524,-17.3343,8.84914,48.076
45892,3869,4153,3792,3363,4631,6120,4614,3684,4915,7506,5180,3834,4125,4732,4162,3581,3.13556,-6.08288,8.50576,48.174
45893,3024,3287,3549,3473,3193,3489,3914,4111,3427,3885,5192,6904,3431,4160,6699,10413,20.9582,21.9153,8.69577,48.1007
45894,3551,3718,3345,3246,4261,4635,3797,3411,6017,7928,4635,3728,5546,6245,4439,3660,11.2009,-10.7485,8.58964,48.108
45895,3666,3619,3240,3176,4989,4190,3524,3223,9612,5285,3877,3406,8062,5334,3865,3447,12.1342,-28.0873,8.92895,48.3433
45896,6122,7546,4901,3652,5569,7020,4653,3666,4071,4224,3881,3448,3461,3548,3420,3226,-16.4709,-10.4707,8.64313,48.272
45897,3376,3658,4470,5479,3322,3881,5232,9209,3309,3679,4776,6812,3264,3540,3880,4338,-3.92854,25.5763,8.69275,48.15
45898,3396,4035,6349,12309,3317,3752,4741,5862,3181,3431,3913,4035,3130,3235,3372,3470,-32.925,25.2177,8.68908,47.6853
45899,3478,3689,3816,3533,3724,4288,4993,4018,3974,5909,7798,4700,3881,4782,5376,4358,8.17313,3.983,8.82353,48.2113
45900,6860,9642,5662,3931,4930,5486,4406,3659,3668,3909,3617,3336,3357,3285,3336,3131,-26.4078,-9.52461,8.54217,48.1433
45901,3978,6116,8749,5632,3843,4826,6100,4860,3401,3624,3833,3815,3301,3342,3428,3385,-20.3415,5.88131,8.73674,48.1553
45902,11609,6892,4130,3386,6078,4829,3766,3470,3981,3676,3372,3139,3489,3422,3207,3115,-26.3619,-22.2617,8.97384,47.7073
45903,8150,8941,4768,3770,5565,5593,4239,3529,3928,3950,3571,3271,3380,3475,3181,3002,-23.3026,-13.767,8.94522,48.2087
45904,6267,9828,6039,3901,4684,5491,4551,3815,3727,3802,3652,3311,3291,3434,3280,3005,-25.1662,-7.44879,8.74992,48.052
45905,3303,3299,3357,3284,3512,3788,3776,3664,4052,5190,5518,4278,4504,7746,8406,4995,23.4791,1.25246,8.93953,48.448
45906,3280,3455,3879,4002,3280,3563,4469,6017,3442,3695,5242,9793,3288,3629,4759,6162,6.98053,32.3104,8.68365,47.97
45907,3154,3126,3336,3319,3349,3457,3779,4199,3295,3796,4725,7083,3413,3936,5960,11806,22.1669,30.3785,8.84089,47.822
45908,11033,7351,4053,3404,6129,5083,3864,3337,3835,3846,3575,3178,3322,3404,3284,3061,-26.6685,-20.6804,8.99916,47.8393
45909,3396,3945,6034,12203,3277,3805,4805,5915,3246,3447,3737,3880,3269,3257,3307,3448,-30.427,33.7445,8.56712,47.314
45910,3357,3437,3287,3243,3677,3957,3826,3372,4721,5698,4707,3924,5943,9315,6213,3946,22.6551,-6.38051,8.53958,48.4153
45911,4998,6296,4766,3763,5352,8017,5172,3874,4149,4617,3989,3478,3513,3671,3365,3277,-11.6117,-7.10883,8.77238,48.198
45912,3405,3334,3222,3121,4006,3737,3362,3300,6069,4757,3660,3313,12571,6187,3896,3449,33.699,-25.6764,8.77632,47.5927
45913,3358,3713,4649,6215,3379,3786,5195,9656,3414,3549,4523,5981,3151,3341,3784,3897,-7.42831,32.0161,8.52966,47.7273
45914,3049,3310,3408,3357,3262,3530,3791,4048,3472,3882,5116,5980,3436,4283,7904,10248,25.2903,18.0815,8.8306,48.0507
45915,4132,5282,5153,4140,4374,7187,6721,4332,3934,4655,4720,3835,3465,3670,3544,3392,-8.74228,-0.347347,8.59229,48.3573
45916,6722,5723,3948,3383,8127,6596,4072,3410,4977,4538,3703,3358,3767,3674,3327,3122,-11.2157,-18.2392,8.66755,48.298
45917,4712,4856,3886,3438,5763,7755,4647,3639,4918,5956,4323,3692,3907,4114,3608,3276,-3.87693,-10.5977,8.83928,48.3267
45918,3456,3381,3282,3059,4024,3625,3527,3267,6720,4708,3781,3450,12318,6062,3969,3345,23.9962,-29.5943,8.97938,47.9827
45919,3311,3379,3455,3319,3698,3950,4013,3643,4316,5575,5875,4329,4592,7033,7183,4724,18.8227,0.120131,8.58644,48.2633
45920,3374,3403,3164,3131,3839,3600,3285,3356,6112,4741,3718,3478,12634,6028,4000,3394,27.5525,-32.4474,8.83973,47.5047
45921,3793,4078,4119,3704,4136,5925,5810,3968,4268,6199,5994,4159,3858,4287,4231,3809,0.915888,-0.198467,8.71589,48.2253
45922,3895,3716,3377,3116,5966,4392,3580,3296,10097,5393,3827,3327,6288,4767,3768,3321,7.98228,-26.021,8.83805,48.084
45923,4506,7570,8863,5192,4050,4827,4941,4318,3460,3812,3828,3598,3160,3350,3306,3303,-29.7144,1.97425,8.83134,48.056
45924,3895,3871,3667,3297,4719,5612,4257,3555,5700,7860,4767,3714,4576,5133,4170,3567,5.59726,-9.7497,8.63476,48.24
45925,3492,4451,7965,9833,3391,4050,5198,5846,3374,3472,3936,3830,3089,3289,3313,3393,-25.9479,17.7818,8.55692,47.948
45926,3226,3403,3392,3411,3419,3811,4057,3765,3876,5042,6498,4831,4040,5663,8367,5607,18.9631,6.06374,8.59671,48.272
45927,3545,3872,3909,3624,3990,5230,5369,3968,4254,6390,6706,4425,3889,4551,4636,3986,4.10046,1.02548,8.53258,48.2293
45928,3454,3344,3236,3125,4116,3891,3667,3248,6149,5387,3978,3429,9766,7908,4323,3561,23.1745,-17.9017,8.88329,48.388
45929,3297,3659,4564,5589,3278,3824,5200,9611,3345,3640,4598,6833,3243,3390,3753,4179,-4.70649,31.0725,8.88898,48.002
45930,3439,4060,5486,5678,3540,4305,7388,7061,3453,3761,4824,4969,3178,3370,3625,3737,-9.30833,14.9891,8.54681,47.916
45931,3331,3746,4615,5887,3324,3795,5190,9959,3298,3648,4600,6016,3308,3370,3808,4003,-6.65028,33.4738,8.78002,47.932
45932,4833,8023,8518,4942,4115,4853,4946,4098,3530,3752,3769,3617,3211,3363,3394,3247,-28.0526,0.573259,8.67204,48.1407
45933,3034,3163,3439,3341,3264,3467,3900,4027,3487,3910,5157,6076,3549,4318,7764,10206,24.1024,18.3113,8.88946,48.068
45934,12259,5970,3886,3437,6574,4830,3836,3403,3955,3881,3433,3141,3347,3434,3258,3073,-24.4572,-28.4727,8.84702,47.8113
45935,3338,3326,3185,3121,3875,3749,3559,3259,6166,4757,3844,3373,12471,6380,3963,3342,28.6301,-25.5841,8.84138,47.8053
45936,3559,4395,7696,8407,3448,4194,5933,6415,3297,3634,3931,4140,3136,3241,3473,3436,-19.6189,15.9719,8.70234,48.2233
45937,3294,3338,3324,3287,3675,3818,3728,3412,4502,5230,4709,3819,5626,9568,6608,4040,33.067,-5.34053,8.90536,47.9853
45938,3164,3302,3375,3192,3620,3937,3832,3646,4294,5416,5131,4067,5069,8502,7137,4476,22.9378,-2.09122,8.58929,48.1067
45939,3260,3711,4602,4937,3591,4137,6404,7246,3361,3868,5660,6148,3209,3482,4036,4293,-2.99576,17.3652,8.51462,47.9633
45940,4492,6930,7443,4723,4200,5690,5832,4333,3660,3882,3819,3716,3299,3425,3399,3296,-18.9248,1.02199,8.97097,48.0927
45941,3223,3519,3615,3517,3599,4092,4602,3983,3947,5861,7728,4875,3945,5175,6176,4804,11.8653,4.29686,8.6869,48.4407
45942,3243,3369,3604,3429,3539,3902,4315,3975,4061,5611,6984,4704,4165,5700,7075,5002,15.1443,4.20169,8.51957,48.452
45943,3449,3337,3222,3030,3922,3808,3548,3252,5420,5332,4141,3647,8481,9019,4849,3641,26.4701,-14.0655,8.63233,48.0653
45944,3466,3978,5778,8729,3380,3791,5648,8445,3242,3545,4090,4667,3088,3290,3509,3612,-15.2986,23.2071,8.57141,48.172
45945,3389,3298,3212,3153,3910,3700,3480,3266,6032,4754,3779,3361,12505,5958,3849,3327,31.0128,-31.809,8.58039,47.3153
45946,5374,8066,5721,4102,4881,6705,5110,3978,3826,3974,3832,3443,3384,3517,3408,3207,-17.9447,-5.92874,8.67413,48.352
45947,4204,6193,8996,5610,3827,4737,5919,4770,3436,3749,3944,3692,3120,3382,3401,3290,-21.6377,5.88051,8.50969,48.18
45948,3655,4787,8080,7052,3634,4495,6410,5871,3350,3543,4112,4101,3083,3158,3326,3430,-18.6333,12.6931,8.70138,48.058
45949,4414,6988,8491,5087,4078,5039,5802,4369,3520,3840,3863,3539,3253,3309,3326,3206,-22.1341,2.75488,8.90326,48.0827
45950,3585,3673,3528,3239,4189,4814,4143,3578,5422,8161,5040,3697,4953,6093,4598,3712,10.3727,-7.52285,8.85055,48.2833
45951,3678,3551,3253,3195,4909,4128,3568,3190,9285,5119,3936,3429,8251,5216,3899,3428,13.3568,-30.9419,8.63466,48.0233
45952,3398,3809,4231,4293,3462,4099,6145,6168,3451,4165,6582,6643,3325,3660,4586,4656,1.34321,15.3049,8.56244,48.4487
45953,3421,3447,3163,3159,3884,3703,3348,3233,5894,4955,3873,3311,11685,7081,4161,3445,28.4102,-22.2039,8.7606,47.842
45954,3831,5306,9709,7047,3523,4381,5574,5013,3433,3521,3845,3816,3131,3248,3376,3270,-24.7538,10.2213,8.89613,48.016
45955,7378,9688,5434,3790,5092,5279,4326,3558,3666,3760,3706,3421,3313,3334,3190,3184,-28.5527,-10.4813,8.76487,48.0793
45956,3453,4364,7514,10605,3421,3834,4874,5772,3201,3582,3867,3994,3180,3236,3294,3385,-31.1648,19.4786,8.56458,47.7173
45957,3049,3255,3351,3411,3244,3463,3784,3948,3365,3830,4885,6669,3426,3997,5872,12197,24.6239,32.212,8.57098,47.8307
45958,3338,4098,6013,7650,3510,4021,6250,7786,3259,3502,4350,4579,3138,3417,3476,3633,-14.2972,18.9849,8.70922,48.0133
45959,3243,3275,3359,3259,3556,3677,3728,3598,4149,4926,4833,4147,4832,8282,8568,4798,29.6582,0.525978,8.66484,48.1533
45960,4040,3869,3407,3163,5491,4928,3853,3439,7889,6975,4032,3417,5442,5050,3969,3440,7.03391,-17.3244,8.53787,48.2693
45961,3237,3667,4897,6965,3325,3756,5234,9826,3215,3690,4287,5528,3154,3350,3635,3913,-9.6901,29.2305,8.82024,47.786
45962,3291,3375,3518,3481,3516,3914,4352,4083,3816,4866,7564,5438,3806,4944,7049,5479,14.2502,8.7072,8.52459,48.328
45963,3644,4067,4192,3813,4125,6057,5823,4192,4143,6073,6152,4191,3868,4178,4267,3737,0.619215,-0.108746,8.87607,48.348
45964,3832,4254,3946,3719,4318,6602,5433,3911,4473,6471,5449,3969,3843,4268,4016,3653,0.277854,-2.93986,8.95758,48.1047
45965,9577,6743,3989,3376,7301,5415,3888,3375,4336,3959,3504,3311,3408,3497,3224,3051,-18.9203,-20.6259,8.58032,47.9693
45966,3409,3333,3200,3103,3882,3877,3553,3233,5599,5547,4144,3488,8294,8874,4951,3650,23.8062,-14.0642,8.68927,48.0913
45967,4445,4525,3880,3398,5828,7689,4508,3605,5207,6263,4255,3544,4067,4229,3633,3313,-2.35681,-11.2018,8.94819,48.2593
45968,4695,7394,6993,4487,4239,5938,5727,4336,3555,4017,3834,3522,3246,3550,3437,3187,-18.6872,-0.837241,8.7598,48.1047
45969,9273,5781,3995,3326,8210,5335,3973,3320,4551,4114,3577,3330,3555,3485,3300,3154,-16.3886,-23.922,8.68046,48.186
45970,3326,4107,6724,11697,3407,3777,4944,6490,3259,3498,3796,4044,3064,3205,3461,3419,-24.2306,22.935,8.97406,48.1453
45971,4860,4154,3577,3233,8498,4868,3679,3272,8213,4912,3673,3324,4833,4186,3551,3216,-0.12901,-27.5168,8.95203,48.0327
45972,3387,3411,3259,3200,3875,3724,3404,3349,5913,4812,3744,3358,12435,5917,3837,3357,33.5641,-32.4872,8.91132,47.3213
45973,3384,3594,3643,3596,3837,4695,4765,3885,4166,6683,7290,4459,4022,4883,5095,4139,7.82809,1.18654,8.97887,48.0907
45974,4281,5338,5158,4159,4396,7017,6694,4287,3877,4599,4510,3768,3536,3652,3809,3452,-9.33889,-0.68849,8.64349,48.3553
45975,3462,4294,7199,8548,3452,4105,5928,6716,3293,3468,4139,4239,3174,3277,3458,3436,-18.5561,17.3919,8.91294,48.1253
45976,4026,3889,3544,3056,5613,5171,3682,3324,7946,6754,4090,3419,5436,4805,3851,3364,5.93365,-17.5704,8.73974,47.98
45977,4384,3961,3535,3190,7373,4783,3663,3392,8987,5380,3665,3368,5294,4411,3670,3215,2.87451,-25.7218,8.56397,48.1807
45978,3262,3569,4027,4232,3361,3707,5228,6497,3423,3983,6000,8071,3227,3641,4578,5111,3.43028,20.0411,8.57034,47.9447
45979,3357,3305,3337,3077,3989,3819,3512,3283,5280,5150,3997,3464,8859,8911,4587,3588,32.4093,-14.8208,8.7731,47.6767
45980,4026,3753,3433,3201,5911,4283,3570,3217,10008,5249,3880,3380,6545,4877,3810,3358,8.02998,-28.2883,8.54549,48.334
45981,5255,9134,7484,4406,4317,4961,4636,3958,3606,3803,3681,3548,3282,3353,3402,3273,-30.5623,-2.54198,8.98413,48.066
45982,3707,3472,3320,3213,4647,4370,3643,3339,7650,6652,4088,3585,7027,6199,4045,3438,13.4176,-17.4612,8.79455,48.2633
45983,3607,4611,7573,7210,3525,4293,6839,6224,3452,3685,4227,4137,2958,3325,3554,3466,-16.8735,13.6359,8.99571,48.4573
45984,5804,5768,4272,3525,7032,7353,4287,3607,4846,4744,3869,3322,3737,3748,3388,3180,-10.233,-14.5909,8.56404,48.3213
45985,3479,3614,3554,3350,3875,4546,4342,3691,4580,7337,6345,4108,4369,5738,5347,4068,11.1359,-2.19383,8.69552,48.2287
45986,3285,3364,3527,3365,3601,3917,4125,3754,4108,5801,6448,4517,4279,6302,7028,4628,16.5454,1.7381,8.78261,48.0327
45987,3134,3315,3365,3334,3417,3646,3858,3744,3738,4674,5787,4868,4008,5973,9484,6189,22.9035,6.99244,8.92021,48.356
45988,3689,4819,9303,8552,3521,4070,5383,5165,3151,3594,3833,3791,3101,3226,3365,3265,-27.1858,14.2112,8.93131,47.8853
45989,3768,3830,3637,3190,4934,5253,3952,3442,6714,7807,4491,3702,5045,5304,4023,3440,7.35931,-13.1329,8.96911,48.3547
45990,3592,3537,3349,3302,4325,4347,3657,3453,5844,7408,4500,3724,5988,7154,4600,3826,14.4696,-11.0749,8.9331,48.404
45991,3276,3751,4450,4703,3331,4133,6526,7018,3545,4027,5944,6176,3247,3719,4218,4271,-1.59011,15.9445,8.52534,48.2233
45992,3171,3245,3368,3325,3370,3486,3794,3769,3603,4025,5192,5260,3673,4842,9345,8444,30.8237,13.6924,8.70789,47.9413
45993,4129,6536,9348,5725,3953,4548,5217,4606,3413,3692,3768,3671,3069,3260,3364,3363,-29.7616,5.17299,8.52739,47.7747
45994,3411,3491,3218,3182,3995,3864,3403,3249,6040,4774,3836,3457,11981,6634,3889,3511,32.8623,-24.3304,8.70951,47.9567
45995,3608,4568,8804,9267,3413,4050,5266,5618,3251,3504,3825,3860,3141,3225,3361,3457,-27.5093,15.5853,8.85919,48.1453
45996,3222,3130,3329,3303,3260,3594,3805,3810,3531,4126,5101,5223,3585,4865,9488,8197,30.2663,13.2323,8.78386,47.7127
45997,3677,3814,4107,3692,4089,5500,5739,4170,4114,6123,6533,4250,3813,4276,4336,3831,2.4728,0.997579,8.85857,48.0427
45998,3894,3680,3430,3292,5592,4346,3446,3260,10074,5207,3759,3342,6678,4775,3674,3349,8.90459,-32.405,8.95688,47.8653
45999,3394,4216,6794,9005,3436,4037,5737,7052,3363,3608,4062,4206,3136,3300,3362,3524,-18.4196,19.1475,8.75589,48.1547
46000,3495,3760,3578,3416,4050,5069,4382,3643,4837,7999,6093,4027,4426,5330,4674,3887,8.26995,-3.97654,8.99303,48.444
46001,4092,4792,5023,4129,4171,6499,7359,4702,3746,4785,4898,3990,3489,3627,3708,3481,-7.44447,1.75514,8.88774,48.3273
46002,3922,6072,10031,6163,3754,4564,5287,4589,3401,3599,3816,3721,3041,3342,3303,3362,-31.2584,7.18122,8.98614,47.978
46003,4155,3993,3495,3294,6784,4747,3711,3348,9215,5100,3858,3336,5397,4541,3705,3205,3.85174,-33.9819,8.72898,47.9227
46004,3728,3616,3333,3179,4770,4386,3717,3347,8705,6057,4018,3381,7424,5501,3922,3478,12.4532,-20.9108,8.75439,48.3747
46005,4154,6687,9794,5652,3868,4664,5339,4545,3318,3736,3709,3662,3199,3253,3342,3297,-26.8064,5.07584,8.94222,48.146
46006,3108,3359,3365,3440,3211,3517,3768,3773,3508,4084,5075,5515,3570,4795,9137,8896,28.3828,14.8809,8.8382,48.0807
46007,3242,3398,3662,3657,3327,3533,4376,4708,3374,4147,6664,7672,3383,4110,5956,6818,12.717,17.5134,8.59706,48.018
46008,3099,3176,3344,3422,3251,3495,3751,3960,3454,3933,5297,6124,3465,4236,7260,10374,24.4956,19.9041,8.55884,47.7607
46009,3278,3638,4213,4791,3433,3915,5714,7280,3337,3806,5707,7151,3314,3660,4308,4493,-0.510344,19.4992,8.62035,48.0253
46010,3284,3600,3695,3579,3563,4175,4934,4225,3952,5308,8137,5285,3689,4591,5648,4577,8.94585,6.47351,8.95338,48.1613
46011,3244,3663,3962,3958,3543,4162,5774,4709,3622,4809,7885,5738,3551,4025,4983,4698,4.66071,9.43795,8.81427,48.2173
46012,6811,8210,4864,3663,5636,6680,4457,3705,4123,4057,3659,3363,3451,3417,3348,3108,-18.0922,-11.7112,8.89425,48.368
46013,3455,3744,3704,3567,3656,4493,4945,4051,4088,6372,7593,4605,3904,4621,5300,4260,7.91824,2.61147,8.9351,48.2387
46014,3408,3349,3234,3161,4172,3666,3506,3211,6586,4728,3924,3387,12089,6082,3967,3400,24.9375,-27.4661,8.51754,47.9133
46015,3652,4483,5516,4494,3697,5222,8414,5412,3598,4169,5142,4159,3250,3532,3806,3679,-8.21751,7.38928,8.86905,48.15
46016,3379,3373,3209,3249,3732,3812,3666,3331,4731,5385,4371,3797,6351,9830,6128,3880,27.222,-7.49062,8.98094,48.1493
46017,3193,3391,3710,3892,3358,3575,4378,5823,3277,3879,5235,9962,3292,3799,4822,6189,7.96352,33.8769,8.94366,47.85
46018,10977,7395,4224,3386,5992,5091,3809,3390,4021,3769,3416,3139,3384,3322,3196,3183,-27.5192,-20.7555,8.5366,47.796
46019,3250,3539,3936,4109,3519,3950,5346,5552,3475,4201,7021,7217,3423,3800,5006,4951,5.1006,15.7425,8.74599,48.1967
46020,3326,3373,3223,3147,3976,3803,3317,3167,5902,4865,3903,3382,12218,6697,3938,3240,33.3516,-23.8023,8.929,47.6513
46021,3132,3339,3477,3478,3332,3656,3979,4123,3450,4219,6024,6518,3518,4467,7431,8013,18.134,16.133,8.75617,48.104
46022,3647,4546,7427,6866,3610,4351,6604,6185,3354,3691,4153,4292,3201,3336,3481,3566,-16.7921,13.6552,8.56301,48.2067
46023,3157,3323,3593,3633,3215,3692,4166,4682,3368,3913,5506,8475,3342,3921,5662,8272,14.7101,22.6505,8.50571,47.9467
46024,3163,3165,3399,3469,3226,3438,3809,3839,3220,3793,4758,5813,3346,3908,6815,12327,31.4034,24.2701,8.78529,47.6587
46025,5704,5066,3883,3386,8097,6622,4085,3548,5485,4808,3700,3362,3977,3878,3453,3169,-7.24186,-17.9773,8.84559,48.1487
46026,3245,3404,3896,4020,3404,3791,5237,5455,3468,4132,7251,7659,3309,3884,4838,5360,5.97685,16.1791,8.99085,48.2353
46027,3738,4267,4878,4404,3716,5397,7751,5110,3722,4476,5711,4453,3414,3805,3922,3817,-4.64142,6.02368,8.77063,48.3873
46028,3038,3331,3672,3762,3273,3614,4123,4980,3428,3933,5567,9249,3350,3858,5377,7971,12.8521,24.5932,8.83886,48.3507
46029,4914,4593,3827,3433,7367,6473,3999,3439,6345,5611,3963,3430,4257,4091,3621,3244,-2.87184,-17.1451,8.77467,48.4047
46030,4300,3908,3565,3172,6044,4911,3819,3370,8803,6227,4007,3415,5407,4729,3865,3269,5.34678,-19.8577,8.96619,48.5407
46031,4357,4804,4005,3533,5673,7842,4766,3713,4898,5762,4151,3647,3849,4127,3641,3400,-4.09595,-9.38341,8.89948,48.112
46032,8602,6993,4270,3446,6968,5809,4108,3481,4202,4011,3583,3174,3428,3362,3323,3059,-18.6676,-18.2077,8.71905,47.8793
46033,3217,3198,3448,3311,3381,3559,3933,3811,3695,4284,5912,5168,3811,5238,9121,6732,21.84,10.2735,8.53974,47.8793
46034,11690,5852,3925,3364,6933,4910,3862,3368,4150,3809,3491,3289,3293,3388,3127,3095,-22.3169,-31.6637,8.54173,47.6973
46035,3865,5572,9498,6390,3746,4493,5710,4943,3488,3585,3811,3839,3167,3353,3486,3354,-23.1066,8.41111,8.95898,48.2
46036,3160,3458,3611,3459,3518,3909,4499,4063,3808,5146,7754,5284,3767,4944,6502,5227,12.726,7.41473,8.82102,48.0727
46037,5006,4234,3584,3246,8390,5176,3777,3296,7859,5034,3715,3302,4731,4130,3567,3186,-0.925293,-24.9777,8.54888,48.1553
46038,3476,4007,5091,4990,3655,4723,7695,6208,3516,4051,5587,4821,3303,3581,4004,3754,-6.01076,11.6143,8.51948,48.308
46039,5246,8967,7551,4464,4343,5054,4747,4004,3466,3742,3707,3459,3364,3463,3313,3224,-29.987,-2.50764,8.72977,48.076
46040,3329,3841,5602,9125,3402,3802,5226,8623,3205,3626,4048,4607,3116,3243,3479,3553,-15.6752,26.4857,8.73275,47.8847
46041,3751,5029,8513,6610,3661,4435,6524,5332,3354,3685,4102,3932,3098,3373,3393,3374,-19.1893,10.2955,8.87309,48.1107
46042,8016,5157,3835,3380,9533,5258,3794,3335,5093,4160,3478,3177,3697,3637,3278,3188,-12.5794,-29.8498,8.55094,48.0107
46043,3168,3296,3441,3388,3365,3773,4240,4064,3626,4479,6810,5977,3700,4663,7647,6744,16.8676,12.1572,8.76921,48.254
46044,3442,3568,3598,3487,3659,4318,4733,4038,4113,6150,7730,4654,3923,4900,5651,4331,9.34716,3.14611,8.87297,48.1967
46045,10142,6730,4063,3432,6953,5367,3936,3420,4014,3975,3645,3141,3529,3456,3266,3048,-20.0758,-21.1744,8.84212,48.078
46046,3426,4004,6501,12087,3460,3840,4742,6171,3248,3444,3852,3955,3140,3340,3329,3483,-27.7906,25.4267,8.54976,48.0147
46047,3484,3395,3264,3037,4190,3911,3502,3250,7177,5102,3768,3358,11004,6109,4005,3370,21.026,-25.2104,8.50795,47.9507
46048,3159,3290,3395,3368,3263,3469,3796,3819,3489,4117,5285,5496,3655,4607,8751,9233,27.6415,15.5531,8.70244,48.128
46049,3724,5348,9853,7301,3564,4328,5314,4918,3361,3667,3877,3611,3193,3222,3356,3453,-32.553,10.806,8.65798,48.06
46050,3452,3426,3144,3109,4200,3867,3563,3169,7282,5092,3936,3368,11166,6193,3920,3489,20.7537,-25.9623,8.64374,48.2507
46051,12503,5907,3889,3415,5997,4666,3812,3402,3895,3824,3459,3261,3496,3369,3350,3092,-30.0098,-32.3611,8.59451,47.558
46052,4481,4139,3528,3326,7459,4796,3704,3344,9004,5013,3794,3381,5037,4326,3610,3261,2.33787,-28.4664,8.60626,48.1353
46053,3419,3664,3426,3239,4184,4614,3936,3471,5603,8043,4885,3802,5261,6576,4543,3721,12.0756,-9.10808,8.79381,48.258
46054,3354,4102,6621,9555,3470,3923,5379,7206,3215,3502,4043,4329,3175,3363,3531,3495,-19.0591,20.911,8.59189,48.1753
46055,3090,3286,3486,3492,3281,3645,4040,4012,3538,4310,6246,5799,3697,4737,8004,7413,19.2462,13.7156,8.5479,48.0507
46056,3244,3267,3154,3065,3761,3876,3539,3143,5531,5058,3997,3476,9545,8854,4639,3512,28.489,-16.0035,8.81945,47.774
46057,3279,3559,4556,5811,3400,3907,5161,9702,3349,3671,4540,6550,3041,3421,3805,4110,-5.46316,29.6551,8.51729,47.908
46058,4388,4046,3530,3187,7130,4763,3612,3481,9407,5336,3817,3234,5458,4312,3633,3357,3.593,-28.822,8.67392,48.4607
46059,3528,4186,5993,6417,3550,4151,6943,7087,3404,3640,4457,4704,3302,3376,3610,3712,-12.1558,15.6546,8.50161,48.04
46060,9080,5419,3898,3398,8714,5262,3831,3315,4573,4092,3461,3270,3591,3457,3293,3192,-15.3667,-31.2185,8.53747,47.8973
46061,4268,3966,3543,3239,7144,4836,3705,3289,9121,5045,3887,3352,5252,4283,3610,3341,3.18555,-33.4155,8.84338,47.9207
46062,3395,3332,3268,3176,3821,3838,3608,3254,5284,5292,4131,3611,8662,9038,4805,3639,27.102,-14.1199,8.5633,48.1027
46063,3093,3162,3282,3473,3258,3551,3875,3961,3434,3923,5298,6397,3488,4248,7413,10463,23.3179,19.8794,8.62365,48.2127
46064,5626,8226,5819,4026,4901,6396,5102,3795,3759,3978,3818,3525,3348,3399,3328,3301,-18.4809,-5.97945,8.53982,48.2313
46065,3189,3435,3920,4265,3357,3618,4760,6812,3320,3838,5098,9587,3330,3551,4526,5398,3.92625,32.5744,8.97667,48.0027
46066,3690,4988,9051,7337,3605,4342,5977,5421,3384,3574,4002,3822,3029,3279,3341,3454,-21.8283,11.9623,8.92003,48.1973
46067,3374,3631,3796,3814,3383,4016,5400,4758,3553,4678,7943,6177,3570,4030,5207,4801,7.07226,11.2768,8.83586,48.0873
46068,4120,3865,3402,3153,5761,4782,3722,3379,8627,6312,4019,3323,5784,4939,3687,3362,7.06119,-20.0439,8.58675,48.158
46069,3447,3974,6792,11503,3483,3861,5000,6451,3154,3475,3829,4011,3128,3267,3384,3237,-24.6569,23.1391,8.84744,47.9973
46070,3616,3581,3324,3223,4300,4548,3615,3334,6630,7282,4497,3537,6156,6465,4427,3687,13.317,-13.5196,8.71399,48.148
46071,4790,6491,5647,4092,4650,7099,5816,4111,3890,4401,4071,3598,3328,3548,3497,3312,-13.7732,-3.34283,8.59785,48.2273
46072,8901,8647,4631,3541,5619,5387,4032,3527,3892,3886,3517,3312,3347,3377,3293,3027,-24.819,-15.2624,8.57316,47.9573
46073,3640,4787,7222,6142,3725,4529,7345,6079,3357,3679,4207,4260,3149,3440,3550,3515,-14.897,11.7774,8.86052,48.4173
46074,3373,3564,4335,4626,3327,3930,5672,7616,3336,3940,5474,7481,3254,3637,4186,4570,-0.468904,20.4497,8.69261,48.214
46075,3975,4951,4941,4175,4273,6882,7061,4383,3904,4859,4785,3750,3475,3713,3778,3592,-7.36278,0.232812,8.90924,48.3313
46076,3347,3695,4878,6786,3386,3775,5277,9908,3294,3570,4319,5731,3148,3440,3710,3902,-9.21247,29.3085,8.56264,48.1107
46077,5386,4460,3670,3212,9233,5140,3787,3413,6847,4747,3670,3380,4252,3860,3451,3298,-3.8059,-32.8199,8.71957,47.8707
46078,10125,5566,3933,3391,8244,5048,3825,3364,4172,3857,3451,3253,3444,3563,3205,3134,-17.7401,-33.3596,8.9522,47.7167
46079,3214,3740,4648,5729,3313,3778,5168,9719,3381,3684,4600,6415,3209,3444,3963,4136,-5.63573,33.7128,8.75313,48.094
46080,3250,3407,3774,4086,3362,3814,4774,6261,3368,3963,5590,9388,3328,3619,4490,5712,5.23494,23.2455,8.72626,48.124
46081,9364,7687,4291,3424,6302,5552,4037,3485,4164,3823,3620,3298,3263,3409,3269,3082,-21.5867,-17.7846,8.6821,48.0467
46082,7673,9160,5107,3728,5381,5608,4203,3592,3951,3841,3654,3326,3378,3361,3295,3040,-24.5546,-12.1977,8.50486,48.1987
46083,3133,3391,3862,4127,3333,3698,4560,6581,3494,3755,5179,9739,3236,3673,4511,5829,5.61961,28.5391,8.60506,48.0673
46084,4094,5921,8571,5568,3899,4785,6446,4771,3497,3728,3959,3726,3283,3358,3384,3287,-19.9286,5.66271,8.88233,48.1847
46085,3347,3586,4051,4265,3363,3758,5230,6082,3305,4046,6305,8273,3402,3786,4746,5398,4.72803,19.2861,8.54471,48.6287
46086,12295,5771,3893,3421,6734,4802,3819,3425,4025,3867,3424,3193,3297,3429,3238,2970,-23.7612,-29.1826,8.79222,47.7353
46087,3775,4163,4088,3797,4324,6069,5691,4104,4310,6114,5846,4101,3752,4133,4194,3630,-0.0545127,-0.946351,8.58373,48.0607
46088,4065,4645,4042,3641,4841,7352,5343,3914,4591,6126,4714,3852,3885,4099,3761,3506,-2.64531,-6.01571,8.61616,48.2513
46089,3568,4391,7329,7086,3521,4396,6547,6119,3346,3628,4253,4213,3191,3266,3587,3584,-16.7833,13.8083,8.68705,48.0167
46090,3143,3169,3359,3412,3165,3518,3987,4134,3447,3902,5248,6925,3510,4055,6777,10149,21.0826,21.1052,8.55546,47.9333
46091,3889,4542,4788,4089,4022,6060,7323,4532,3715,4979,5415,4094,3550,3721,3884,3648,-4.89206,2.41483,8.56366,48.1673
46092,3412,3975,6129,12291,3324,3818,4874,6470,3169,3389,3864,3903,3099,3222,3454,3303,-25.8682,27.5787,8.93755,47.7973
46093,3111,3111,3309,3480,3157,3453,3799,4005,3396,3875,4807,6673,3365,3915,5930,12068,23.3402,32.8862,8.99156,47.636
46094,3297,3486,3846,4176,3349,3722,4939,6351,3375,4008,6056,8539,3352,3778,4722,5201,4.85349,20.6276,8.53787,48.1313
46095,4924,4910,4012,3620,6422,7771,4407,3487,5122,5619,4008,3540,3943,3819,3487,3295,-5.46078,-12.4266,8.85308,48.2573
46096,3346,3332,3277,3175,3707,4135,3776,3485,4371,6144,5304,4056,5269,7979,6535,4367,19.1404,-3.10321,8.7536,48.172
46097,3148,3392,3597,3644,3308,3609,4169,5164,3396,3852,5667,9164,3498,3787,5188,7722,12.1735,24.2209,8.53292,48.2033
46098,4690,7279,7032,4578,4342,5869,5813,4197,3669,4043,4078,3621,3221,3426,3479,3290,-18.5911,-0.795061,8.94819,48.418
46099,7909,5070,3770,3394,9528,5300,3815,3399,4968,4063,3396,3324,3704,3513,3375,3187,-12.4258,-29.1169,8.50516,47.81
46100,4793,8022,8288,4956,4052,5123,5001,4162,3541,3793,3634,3505,3225,3361,3419,3309,-25.8187,0.43219,8.61834,48.1227
46101,3321,3255,3319,3096,3623,3846,3743,3493,4459,5447,4893,4034,5464,8840,7001,4367,24.01,-3.40884,8.66708,48.134
46102,4921,7006,5577,4171,4743,6924,5644,3973,3756,4215,3989,3567,3350,3425,3507,3294,-15.6516,-3.97493,8.76429,48.0413
46103,6265,4645,3688,3307,9931,5291,3787,3378,6096,4552,3631,3295,4007,3788,3380,3227,-7.17242,-30.534,8.86925,48.1787
46104,7522,7861,4392,3477,6112,6303,4183,3562,4177,4195,3591,3330,3439,3427,3286,3099,-18.275,-14.6004,8.78663,47.9707
46105,11120,6001,3915,3471,7564,5077,3769,3362,4246,3879,3414,3145,3411,3540,3275,3123,-20.3546,-26.6747,8.95335,48.208
46106,3393,3949,5839,8102,3351,4052,5865,8651,3270,3527,4133,4668,2948,3277,3556,3662,-13.9215,21.6155,8.872,48.162
46107,3135,3319,3540,3505,3239,3547,4029,4239,3569,4114,5677,6638,3450,4193,7079,9040,19.3941,18.5466,8.57893,48.2087
46108,3475,3885,5948,12623,3444,3778,4708,5959,3372,3384,3732,3838,3144,3283,3369,3318,-29.1393,33.8142,8.59928,47.5067
46109,3274,3312,3355,3337,3419,3667,3828,3704,3898,4609,5269,4516,4057,6585,9555,5701,32.3632,5.40529,8.58112,48.0573
46110,3096,3164,3475,3442,3160,3591,3899,3991,3363,3891,5193,6571,3449,4102,6880,10991,23.0953,21.4979,8.75908,48.172
46111,3890,5398,9894,7161,3690,4346,5424,4987,3281,3606,3864,3862,3066,3237,3445,3253,-26.5416,10.4254,8.8719,48.2693
46112,4276,7051,9300,5452,3911,4728,5237,4395,3436,3597,3796,3696,3261,3240,3407,3197,-26.1081,3.47006,8.69419,47.9867
46113,3295,3547,3815,3689,3675,4392,5136,4132,3972,5782,7948,4874,3823,4628,5337,4434,7.70999,4.71977,8.84401,48.3193
46114,3400,3470,3181,3107,3995,3769,3415,3157,6384,4885,3759,3371,12288,6245,3942,3483,25.9543,-26.5022,8.97515,47.9007
46115,12095,6850,3927,3450,5933,4788,3738,3336,3942,3859,3572,3255,3385,3271,3298,3098,-30.8156,-23.4884,8.88843,47.8647
46116,4325,4477,3821,3365,5952,6981,4434,3523,5626,6453,4274,3574,4326,4282,3758,3418,-1.15544,-12.515,8.72469,48.3927
46117,3354,3431,3369,3221,3865,3814,3548,3297,4961,5214,4348,3681,7353,9767,5295,3767,31.1222,-10.8565,8.88219,48.19
46118,3140,3517,3981,4041,3219,3750,4988,6206,3372,3919,6017,8923,3355,3743,4792,5766,5.58007,21.0196,8.78548,48.486
46119,3316,3541,4201,4836,3335,3582,5042,8538,3287,3714,4866,8194,3237,3464,4070,4666,-0.6501,31.7673,8.73645,47.926
46120,9447,8871,4581,3535,5464,5130,3998,3531,3793,3848,3494,3184,3272,3376,3248,3076,-26.8657,-15.5753,8.96407,47.8987
46121,3401,3376,3270,3165,3950,4038,3578,3342,6232,6321,4222,3636,7676,7892,4349,3625,18.9302,-14.5687,8.7709,48.0487
46122,6025,5567,4099,3380,7573,7001,4204,3490,4963,4695,3798,3399,3814,3721,3475,3138,-9.39732,-16.4988,8.58752,48.228
46123,3172,3144,3281,3452,3499,3618,3778,3703,3637,4313,5223,4910,3859,5326,9750,7133,29.0942,10.3504,8.6275,47.8653
46124,3338,3432,3264,3163,3939,3804,3519,3218,5955,4667,3755,3379,12795,6038,3895,3395,30.1724,-31.7468,8.71623,47.704
46125,3221,3479,3522,3416,3503,4119,4370,3833,4074,5527,7285,4701,4112,5486,6720,5014,14.3526,3.89656,8.80363,48.2547
46126,3599,4070,5712,6343,3486,4197,6849,7976,3267,3800,4609,4871,3081,3260,3644,3752,-10.5677,17.4249,8.75422,48.344
46127,5323,8942,7328,4404,4420,5275,4890,3951,3565,3735,3688,3437,3212,3289,3251,3176,-25.5573,-2.69681,8.79645,47.924
46128,3402,3512,3134,3068,4061,3847,3422,3223,6767,5006,3872,3450,11422,6352,4010,3473,22.5448,-24.6028,8.65904,48.014
46129,3929,3723,3354,3208,5960,4493,3629,3219,9763,5306,3893,3357,6351,4715,3814,3286,7.68652,-26.4586,8.66163,48
46130,3813,3922,3577,3238,4922,5095,3820,3346,6593,7749,4490,3530,5204,5308,4133,3541,7.38435,-13.0259,8.74943,48.1873
46131,3358,3507,3172,3078,3910,3832,3514,3241,6279,4738,3751,3412,12195,6206,4018,3416,26.5477,-26.6137,8.64853,47.7513
46132,3338,3819,5766,12533,3406,3831,4657,5904,3286,3434,3746,3928,3143,3329,3326,3496,-32.4303,31.363,8.90816,47.2947
46133,3663,5058,9486,7776,3530,4181,5376,5154,3183,3619,3739,3802,3158,3214,3437,3395,-26.91,12.174,8.70633,47.8473
46134,3099,3313,3734,4332,3261,3558,4617,6875,3402,3781,5258,9735,3285,3636,4587,5661,4.87907,28.213,8.98707,48.0893
46135,4014,4277,4012,3493,4608,6678,5101,3937,4708,6951,5200,3877,3935,4272,3875,3487,0.226843,-5.11863,8.9513,48.2833
46136,3922,4800,6563,5233,3789,5055,7730,5246,3453,3940,4509,4172,3156,3370,3611,3483,-12.5792,7.05793,8.53333,48.0213
46137,2961,3286,3450,3591,3381,3722,4310,4403,3649,4262,6737,6761,3592,4309,6888,6868,15.2831,15.0582,8.75902,48.1133
46138,3366,3382,3261,3083,3852,3748,3458,3131,5786,4855,3847,3368,12068,6767,4032,3264,32.712,-23.1637,8.98397,47.512
46139,4034,3918,3508,3264,6075,4445,3559,3205,9718,5148,3891,3380,5928,4672,3676,3295,6.65691,-33.3572,8.58348,47.8107
46140,3093,3242,3369,3379,3185,3549,3842,4056,3313,3886,5033,7253,3426,3989,5824,10916,20.4784,33.9521,8.57657,47.57
46141,6401,5625,3936,3325,7892,6913,4092,3466,5085,4584,3776,3144,3710,3743,3355,3061,-10.2878,-17.1684,8.8767,48.072
46142,3332,3344,3386,3371,3277,3461,3750,3874,3414,3880,4747,5849,3318,3930,5704,12362,33.8673,33.0686,8.83687,47.3327
46143,7697,5201,3921,3318,9483,5299,3834,3344,4971,4182,3616,3269,3666,3581,3325,3149,-12.1053,-32.1902,8.50415,47.904
46144,3450,4327,5907,6173,3580,4342,7274,7038,3447,3796,4667,4792,3092,3402,3701,3697,-11.5275,15.2448,8.50285,48.4567
46145,3274,3406,3269,3158,3732,3808,3620,3280,4863,5356,4345,3779,6516,9966,5788,3887,26.3878,-8.37948,8.72169,48.0313
46146,3358,4055,5961,8328,3412,3926,5762,8337,3205,3603,4169,4486,3208,3334,3478,3594,-15.0838,21.3572,8.75345,48.144
46147,3239,3312,3433,3215,3491,3729,3792,3557,4153,4957,5100,4149,4571,7827,8776,4971,27.0007,1.37437,8.94272,48.1813
46148,3385,3874,6056,12198,3377,3776,4851,5847,3369,3410,3706,3900,3187,3269,3409,3511,-32.2056,29.9112,8.58734,47.4167
46149,3209,3331,3367,3303,3525,3815,3854,3695,3917,4733,5161,4353,4579,7375,8816,5190,27.6042,2.6231,8.55663,48.1487
46150,4204,4972,4859,4037,4392,7180,6637,4346,3934,4809,4763,3784,3610,3771,3657,3424,-8.04523,-0.814397,8.76819,48.2527
46151,3215,3684,4419,4960,3465,3894,5967,8011,3439,3760,5461,6954,3244,3447,4208,4588,-2.032,20.0723,8.89006,48.4773
46152,6062,6096,4416,3550,6773,7372,4487,3536,4425,4559,3745,3378,3621,3672,3458,3122,-12.0102,-13.4309,8.51264,48.1813
46153,3691,3804,3492,3191,4528,5060,4111,3543,5681,8057,4909,3670,5035,5416,4255,3669,8.19779,-9.63974,8.68171,48.0747
46154,3479,3391,3206,3164,3860,3861,3367,3151,5936,4840,3821,3208,12634,6093,3873,3392,33.2496,-27.6655,8.98974,47.5173
46155,3284,3741,4494,4768,3578,4094,6680,7029,3430,4031,5974,6004,3367,3615,4067,4217,-2.37776,15.671,8.84407,48.2487
46156,3594,4447,6504,5999,3630,4412,7623,6397,3417,3761,4463,4426,3142,3315,3631,3631,-12.8691,12.6534,8.77793,48.2613
46157,3274,3276,3284,3303,3559,3697,3754,3584,3993,4908,5215,4305,4482,7736,8823,5157,26.5902,2.04149,8.79782,48.2333
46158,3151,3218,3453,3426,3287,3480,3889,4348,3385,3814,5060,7902,3398,3860,5792,10438,18.8094,27.7888,8.71728,47.934
46159,6030,9323,6028,4207,4729,5694,4738,3734,3797,3860,3725,3322,3340,3292,3390,3136,-23.839,-6.4249,8.61524,48.23
46160,3304,3698,4745,5497,3382,4023,6058,8650,3361,3702,4988,6148,3213,3551,4001,4130,-5.50723,20.3805,8.56385,48.3007
46161,3480,3882,5058,7808,3413,3899,5154,9644,3266,3593,4166,4973,3119,3309,3546,3754,-12.0468,32.3061,8.7772,48.0427
46162,5343,7842,5608,4005,4864,6713,5178,3863,3820,4207,3872,3540,3411,3410,3304,3218,-17.3624,-6.1364,8.51482,48.132
46163,3525,3477,3269,3089,4388,3896,3420,3251,7746,5256,3923,3334,9965,6130,4003,3487,18.8903,-24.1629,8.5517,48.106
46164,3621,3557,3326,3132,4441,4309,3681,3302,6470,7147,4429,3555,6469,6724,4370,3551,14.1717,-13.6253,8.62102,48.056
46165,3295,3607,3971,3936,3440,4126,5803,5220,3525,4487,7530,6340,3499,3934,4844,4741,3.92521,12.5348,8.88435,48.1987
46166,3479,3523,3410,3208,4062,4251,3776,3441,5297,7148,4944,3711,5677,7624,5198,3764,15.9658,-8.12326,8.72649,48.342
46167,4193,4276,3620,3285,5858,6013,3954,3411,6639,6982,4183,3532,4702,4594,3854,3264,2.3148,-14.4672,8.83565,48.24
46168,3486,3823,4335,4071,3563,4535,6788,5204,3678,4643,7043,5188,3385,3929,4477,4268,0.725089,9.25481,8.78381,48.2773
46169,3281,3808,5004,7444,3432,3890,5256,9748,3252,3610,4328,5087,3129,3261,3603,3708,-11.2014,31.448,8.85608,47.894
46170,3388,3441,3382,3293,3745,4079,4117,3543,4447,6275,5800,4150,4764,7094,6323,4348,16.7178,-1.63776,8.53941,48.126
46171,9376,5685,3928,3304,8517,5312,3883,3390,4519,4034,3512,3301,3582,3614,3281,3054,-16.4273,-24.9271,8.91309,48.1947
46172,3798,4337,4522,4064,4034,5991,7037,4487,3811,5142,5766,4181,3655,4000,4088,3678,-3.21903,2.18426,8.83771,48.394
46173,3226,3729,4494,4663,3537,4179,6712,6833,3367,4133,5975,6012,3207,3738,4208,4166,-2.28933,15.4571,8.85517,48.1193
46174,3191,3373,3298,3254,3557,3531,3822,3605,3912,4756,5247,4479,4296,6683,9433,5567,31.5518,4.59085,8.66002,48.0027
46175,3291,3399,3232,3248,3742,3856,3685,3371,4971,5219,4281,3501,7397,9846,5410,3716,28.4504,-10.9016,8.72594,48.11
46176,3202,3384,3899,3975,3253,3786,4799,5715,3391,3983,6577,8311,3386,3845,4864,5628,6.27981,18.8872,8.8512,47.9987
46177,3478,3436,3218,3165,4339,3772,3590,3227,7549,4919,3784,3355,10913,5730,3908,3439,19.8463,-29.7568,8.55773,47.8813
46178,3133,3464,3664,3557,3263,3715,4222,4589,3428,4338,6880,7156,3516,4231,6357,6723,13.6277,15.9667,8.77503,48.1573
46179,3418,4024,5491,5474,3568,4221,7187,7390,3413,3947,5002,5043,3242,3505,3837,3828,-8.26177,15.6341,8.6062,48.3933
46180,5633,6763,4600,3694,5790,7767,4694,3700,4233,4548,3827,3379,3525,3492,3475,3265,-12.9895,-10.1485,8.55393,48.2567
46181,3453,4120,6817,10605,3524,3954,5179,6864,3249,3541,3817,4039,3030,3325,3392,3503,-21.5281,21.8849,8.73637,48.2747
46182,3340,4087,5768,6301,3381,4285,7000,7417,3395,3791,4569,4781,3174,3266,3653,3773,-11.0368,16.2788,8.58938,47.9873
46183,3404,4038,6057,12257,3341,3840,4898,6127,3272,3461,3662,3920,3213,3269,3414,3257,-27.3913,33.5525,8.54777,47.62
46184,3480,3483,3296,3140,4373,4110,3619,3306,7396,5746,4041,3340,8824,6361,4115,3414,17.141,-20.4761,8.56999,48.0293
46185,6269,9702,6141,3981,4665,5230,4454,3799,3655,3764,3622,3423,3250,3330,3259,3083,-27.7753,-7.10419,8.7105,47.7513
46186,3096,3258,3466,3400,3364,3592,3890,3877,3552,4223,5929,5662,3693,4792,8375,7643,20.8288,13.2374,8.67513,47.8747
46187,3483,3786,3653,3316,4317,5179,4312,3566,4873,7954,5593,3933,4662,5308,4316,3748,7.33508,-5.34152,8.66887,47.9993
46188,4375,4069,3471,3294,7367,4727,3783,3369,9049,5135,3655,3399,5314,4339,3554,3359,2.76843,-31.1058,8.607,48.1727
46189,3140,3369,3350,3434,3207,3446,3793,3945,3329,3799,4665,6071,3454,3882,5867,12538,33.1405,28.655,8.65505,47.526
46190,3583,3238,3208,3231,4145,3873,3468,3254,7407,4948,3963,3459,10868,5797,3976,3322,19.6087,-33.1065,8.65784,47.8267
46191,3192,3485,3720,3828,3468,3832,4584,4669,3516,4234,7167,7140,3502,4189,5827,5964,11.1457,14.9436,8.53668,48.2113
46192,3109,3254,3494,3482,3290,3491,3870,3876,3569,3956,5206,5607,3401,4377,7998,9993,31.3897,17.886,8.54283,47.982
46193,3303,3693,4085,4031,3526,4237,6110,5140,3605,4495,7512,5969,3428,3932,4733,4630,3.33119,11.386,8.80567,48.286
46194,3850,4192,4029,3495,4731,6597,4962,3801,4803,7023,5141,3786,4068,4392,4173,3449,0.671422,-5.41136,8.85862,48.328
46195,3256,3308,3267,3169,3918,3816,3457,3202,6223,4749,3760,3396,12372,6051,3924,3426,25.6402,-30.8766,8.90245,47.5293
46196,3270,3637,4316,5196,3295,3816,5272,9148,3278,3681,4836,7429,3178,3375,3947,4399,-3.08572,26.1671,8.92473,48.0487
46197,3416,3624,3306,3097,4348,4082,3655,3253,7160,5865,4069,3459,8729,6556,4151,3550,17.7286,-19.0669,8.96766,48.2133
46198,9891,7530,4300,3467,6267,5479,3972,3332,4056,3907,3492,3246,3480,3492,3209,3026,-22.5443,-18.7288,8.60745,48.0973
46199,3122,3326,3624,3835,3223,3647,4328,5649,3505,3808,5189,9992,3316,3890,4758,6851,9.12624,30.4045,8.62991,48.042
46200,6236,10045,6081,4033,4688,5208,4275,3783,3627,3852,3575,3412,3231,3304,3240,3055,-28.7573,-7.12416,8.87144,47.7633
46201,12571,6183,3851,3330,6166,4865,3773,3401,3933,3750,3498,3178,3387,3309,3217,3164,-29.7892,-27.5238,8.68677,47.7173
46202,4050,4862,4447,3906,4423,7050,6200,4144,4101,5410,5084,3941,3545,3918,3871,3451,-4.81866,-1.92654,8.50515,48.2687
46203,3537,3594,3523,3235,4102,4528,3971,3550,5345,7780,5061,3792,5138,6484,4904,3866,12.5613,-8.06282,8.79306,48.2733
46204,3122,3310,3454,3369,3206,3359,3785,4025,3413,3829,4839,5978,3391,4094,6692,11934,28.5229,23.6998,8.64104,47.8667
46205,3450,3240,3252,3061,3946,3843,3427,3353,6649,4791,3867,3354,12013,5928,3903,3420,23.9718,-31.6423,8.68105,47.6647
46206,10377,8105,4314,3492,5678,5047,3882,3373,3862,3838,3503,3134,3473,3394,3336,3110,-32.9792,-17.994,8.9359,47.9453
46207,11416,7283,4184,3375,5928,4876,3978,3275,3860,3842,3359,3177,3357,3356,3272,3200,-29.2312,-20.8107,8.83097,47.8253
46208,3425,3961,5926,12595,3404,3846,4798,5893,3236,3477,3801,3879,3175,3180,3375,3436,-30.9284,31.6438,8.77495,47.6047
46209,3409,3972,5181,5569,3464,4341,7276,7463,3446,3804,4951,5062,3224,3501,3727,3913,-7.94865,15.3067,8.84367,48.202
46210,3368,3521,3485,3408,3771,4418,4414,3774,4251,7018,6774,4248,4289,5638,5610,4288,11.6108,-0.352026,8.74897,48.1833
46211,8103,7509,4305,3535,6497,6128,4189,3526,4065,4067,3583,3158,3334,3522,3239,3235,-18.304,-16.2672,8.95055,47.9967
46212,3325,3387,3472,3407,3496,3789,3984,3570,4112,5518,5905,4320,4500,7052,7636,4899,19.6986,1.33915,8.5809,48.248
46213,3191,3339,3670,3659,3481,3749,4442,4161,3720,4607,7669,6006,3735,4583,6730,5718,13.2542,10.9647,8.55693,48.3067
46214,3431,3780,5388,9021,3427,3818,5260,8860,3359,3615,4123,4714,3056,3335,3499,3558,-15.0664,26.005,8.79182,48.1627
46215,12450,5921,3801,3392,5983,4664,3687,3313,3854,3737,3378,3231,3455,3303,3252,3223,-30.5946,-31.1657,8.51529,47.096
46216,3141,3218,3447,3323,3342,3605,3734,3848,3627,4277,5487,5030,3789,5356,9508,7542,26.5671,11.0918,8.62967,48.1827
46217,3134,3214,3279,3470,3296,3518,3822,3810,3307,3916,4820,6218,3466,3966,6106,12302,27.073,27.6474,8.5056,47.7627
46218,3363,3293,3216,3123,4024,3810,3381,3232,6904,4824,3671,3355,12082,5902,4013,3411,23.3497,-29.1446,8.75179,47.736
46219,3312,3909,5981,12066,3500,3867,4903,6362,3274,3456,3847,3928,3247,3253,3414,3415,-24.0131,33.7996,8.73499,47.8227
46220,3393,3464,3216,3177,4263,3960,3494,3257,8125,5121,3786,3447,10552,5664,3972,3276,18.6054,-31.6405,8.96632,48.1113
46221,3926,4753,5790,4428,3982,5838,8068,4908,3639,4169,4706,4115,3353,3593,3658,3490,-9.93392,4.70426,8.86158,48.2773
46222,7103,5036,3903,3363,9543,5593,3863,3346,5334,4410,3570,3228,3890,3605,3396,3130,-10.6385,-24.5988,8.73443,48.2087
46223,4044,6146,9196,5741,3942,4792,6025,4804,3511,3681,3909,3669,3201,3310,3297,3360,-21.2751,5.78472,8.9429,48.4187
46224,3555,4472,6041,5442,3676,4725,7935,5977,3470,3982,4744,4336,3315,3519,3716,3605,-11.197,10.757,8.52757,48.34
46225,3492,4291,6463,6540,3547,4271,7154,6962,3391,3690,4382,4430,3054,3357,3652,3696,-13.0585,14.7914,8.91573,48.248
46226,3608,3686,3310,3085,4530,4162,3534,3359,7783,6035,3900,3466,8253,6144,4137,3517,15.5152,-19.8435,8.58224,48.3393
46227,3084,3268,3416,3349,3167,3531,3842,3921,3367,3728,4859,6159,3406,3929,6158,12560,28.7029,27.4885,8.75863,47.8293
46228,4401,6880,8231,4903,4174,5271,5889,4384,3542,3750,3877,3631,3174,3345,3443,3344,-20.8029,2.41401,8.75311,48.1593
46229,3230,3309,3589,3566,3385,3596,4197,4407,3582,4326,6703,6639,3534,4381,6688,6855,15.502,14.8459,8.52058,47.9913
46230,3427,3917,6391,12023,3345,3910,4849,6251,3212,3519,3790,4003,3006,3205,3343,3372,-27.3917,25.2779,8.60337,47.7087
46231,3342,3447,3337,3009,3960,3817,3383,3251,5943,4801,3820,3316,12104,6661,4069,3347,31.0199,-23.1538,8.99723,47.738
46232,3625,3557,3273,3086,4788,4114,3543,3231,8835,5522,3777,3386,8474,5620,3942,3382,14.487,-23.8045,8.79385,48.1033
46233,3239,3368,3406,3358,3506,3849,4090,3747,4032,5404,6496,4750,4202,6135,7532,4973,17.4944,3.54793,8.50395,48.058
46234,3928,3779,3473,3277,4923,5304,4057,3474,6167,7963,4574,3548,4861,5306,3995,3490,6.78717,-11.6482,8.93969,48.0793
46235,10405,6262,4039,3448,7479,5312,3840,3498,4228,3989,3486,3142,3500,3417,3243,2957,-19.3748,-23.2353,8.82367,48.1633
46236,8597,9171,4600,3605,5403,5188,4193,3619,3884,3793,3637,3251,3272,3299,3267,3116,-28.7108,-14.3349,8.50698,47.93
46237,3637,3565,3370,3176,5290,4103,3547,3312,9838,5313,3786,3343,7591,5065,3797,3312,11.5404,-29.4046,8.86048,48.03
46238,4318,3888,3466,3070,6571,4698,3714,3259,9418,5518,3843,3374,5669,4492,3668,3270,4.89086,-25.5401,8.80488,48.1573
46239,3392,3433,3189,3165,4001,3888,3388,3260,5749,4941,3770,3413,11300,7458,4135,3463,31.2342,-20.4355,8.65356,47.9633
46240,3200,3232,3306,3410,3293,3570,3793,3833,3616,4282,5174,5191,3653,5113,9441,7709,31.7961,11.6949,8.50234,47.8773
46241,3541,3752,3380,3264,4400,4610,3974,3392,5805,7989,4868,3682,5144,6028,4415,3706,10.6575,-9.97399,8.65525,47.9667
46242,3422,3426,3300,3139,4030,3689,3471,3136,6012,4637,3767,3347,12832,5965,3854,3486,28.2294,-29.2455,8.87997,47.6753
46243,3898,5130,8528,6141,3740,4552,6679,5343,3393,3743,4096,4000,3186,3303,3465,3382,-18.7465,9.34449,8.78351,48.386
46244,7220,4942,3733,3298,9645,5306,3688,3319,5396,4302,3727,3172,3726,3626,3341,3202,-10.5186,-32.5005,8.61456,47.762
46245,3249,3750,4529,6008,3356,3877,5236,9167,3301,3700,4568,6457,3230,3463,3826,4098,-5.71368,25.2462,8.51103,47.8767
46246,3010,3227,3540,3684,3204,3632,4224,4763,3428,3908,5490,8782,3388,3895,5539,8161,13.4922,23.6716,8.57989,47.9167
46247,3378,3882,5132,7709,3368,3863,5247,9485,3372,3620,4214,5004,3239,3373,3612,3685,-12.1008,33.2405,8.65567,48.122
46248,10272,7840,4479,3570,6006,5171,3962,3322,4015,3937,3536,3292,3302,3400,3155,3102,-25.381,-18.4709,8.59976,48.2407
46249,3350,3698,3760,3798,3573,4086,5241,4350,3747,5053,8308,5552,3645,4268,5216,4764,7.18032,8.34914,8.89871,48.2727
46250,3819,4895,7591,5983,3744,4832,7189,5546,3339,3834,4329,4030,3135,3338,3514,3391,-16.1514,9.67635,8.97612,48.3393
46251,3352,3374,3229,3141,4005,3914,3491,3190,7080,4980,3772,3384,11446,5865,3876,3332,21.7335,-30.4677,8.80902,47.6207
46252,5634,9596,7021,4285,4461,4986,4561,3877,3708,3718,3705,3407,3358,3304,3208,3329,-30.1304,-3.84791,8.92963,48.1053
46253,3584,3599,3375,3224,4612,3951,3574,3246,8873,5173,3871,3340,8987,5417,3823,3364,15.0172,-29.2365,8.9147,48.0087
46254,3199,3357,3436,3429,3494,3780,4064,3923,3860,4880,6683,5101,3958,5336,7927,5801,17.733,7.61293,8.5283,48.152
46255,3253,3335,3336,3243,3636,3743,3795,3582,4081,4901,4912,4277,4667,7936,8463,5030,27.8279,0.911225,8.55328,48.1267
46256,4870,5357,4399,3582,5620,8314,5003,3809,4463,5260,4141,3426,3602,3733,3650,3295,-7.76201,-8.7324,8.85262,48.3493
46257,3370,3419,3220,3159,3852,3811,3500,3325,5192,5253,4174,3594,7779,9509,5156,3638,32.5316,-12.1356,8.67911,47.9673
46258,3774,4738,5601,4585,3910,5564,8185,5174,3578,4297,5023,4030,3374,3544,3787,3562,-8.73374,5.90976,8.9833,48.484
46259,9490,5679,3936,3340,8536,5227,3818,3341,4589,4045,3560,3234,3663,3533,3344,3092,-16.2486,-26.9551,8.85943,48.2847
46260,7456,9710,5169,3725,4989,5188,4116,3643,3866,3829,3619,3348,3390,3356,3368,3188,-29.2273,-11.2047,8.64652,47.9733
46261,3060,3253,3478,3424,3527,3790,4198,3996,3729,4861,7010,5124,3953,5359,7949,5644,17.0068,7.54608,8.95017,48.2367
46262,6457,7649,4714,3601,5935,6997,4581,3596,4164,4117,3673,3428,3531,3527,3287,3148,-16.3643,-11.8608,8.91886,48.27
46263,3302,3858,5045,6635,3366,3897,5535,9735,3281,3579,4384,5654,3134,3378,3598,3814,-9.3224,25.2457,8.62007,48.13
46264,3205,3260,3430,3481,3194,3421,3794,3821,3279,3779,4816,6034,3368,3900,6169,12549,30.283,29.3171,8.82824,47.6667
46265,3580,3459,3217,3012,4523,4079,3554,3244,9080,5061,3799,3307,9262,5445,3960,3312,15.4867,-31.8113,8.9412,47.9293
46266,3170,3554,4165,4721,3363,3653,4950,8120,3333,3691,4940,8358,3253,3565,4289,4779,0.302631,27.5578,8.89038,47.936
46267,3206,3356,3255,3422,3492,3618,3806,3640,3851,4757,5101,4497,4221,6832,9370,5537,31.503,4.53749,8.66922,47.974
46268,3132,3233,3395,3440,3338,3470,3928,3973,3362,3822,4685,6493,3328,3978,6186,11994,25.7819,28.5659,8.58509,47.838
46269,3116,3375,3544,3610,3229,3517,4198,4497,3459,3982,6103,7989,3404,4013,6076,7977,14.9865,19.7307,8.63066,48.0593
46270,3442,3330,3165,3082,3860,3846,3570,3232,5696,4976,3826,3427,10810,7645,4225,3483,28.5451,-19.5395,8.60803,47.7433
46271,3624,4013,4054,3698,4167,5323,5723,4009,4061,6282,6729,4319,3697,4445,4475,3905,2.91391,0.805279,8.53857,48.3493
46272,3627,4434,6733,7007,3557,4187,6758,6918,3305,3718,4252,4375,3041,3311,3452,3582,-14.6887,15.067,8.99282,48.1713
46273,3640,5049,8991,7605,3702,4309,5939,5523,3246,3478,3880,3872,3115,3246,3239,3412,-21.7776,12.7144,8.96832,48.164
46274,6972,5356,3934,3265,8801,6306,3924,3370,5056,4225,3716,3266,3800,3638,3281,3161,-11.3755,-20.6606,8.97511,48.0473
46275,4980,6377,4802,3952,5263,7906,5255,3880,4075,4502,4010,3582,3448,3739,3467,3236,-11.8639,-6.44614,8.90153,48.316
46276,3550,3461,3376,3026,4388,4062,3498,3240,7697,5629,3980,3466,9155,6172,4067,3418,17.5249,-21.1286,8.61103,48.1233
46277,3181,3274,3329,3401,3128,3384,3936,3943,3385,4091,5225,5400,3504,4497,8467,9351,33.3095,16.1747,8.85951,47.664
46278,5237,4809,3759,3278,8009,6539,4089,3506,5759,5091,3893,3381,4082,3898,3545,3252,-5.04392,-18.0224,8.649,48.0847
46279,3477,3525,3304,3156,4252,4027,3570,3273,7287,6056,4101,3435,8331,6587,4096,3423,16.6972,-18.3893,8.93461,47.9333
46280,5136,5084,4043,3371,6778,7479,4368,3482,5249,5262,3876,3557,3943,3868,3467,3282,-6.63417,-13.8496,8.53101,48.1633
46281,3410,3180,3290,3174,3963,3783,3428,3189,6159,4774,3679,3411,12515,6222,3969,3378,26.0682,-28.5814,8.97087,47.6827
46282,3584,3403,3318,3151,4474,3865,3570,3200,8380,5123,3835,3339,9932,5494,3783,3405,17.3048,-30.5088,8.79159,47.904
46283,6531,6624,4367,3643,6711,7058,4329,3484,4226,4360,3741,3463,3633,3608,3342,3162,-13.8293,-14.1533,8.65087,48.188
46284,3132,3346,3494,3427,3515,3775,4253,3983,3804,4899,7103,5471,3783,5098,7568,5631,16.2373,8.49529,8.90335,48.188
46285,12005,6823,3998,3462,6032,4816,3839,3352,3888,3711,3431,3220,3373,3385,3396,3078,-33.6696,-22.7253,8.93007,47.8727
46286,3244,3308,3333,3242,3643,3771,3779,3624,4058,4839,5018,4263,4514,7931,8590,5008,29.5309,1.12207,8.55539,48.11
46287,3071,3228,3422,3392,3223,3543,3860,3892,3421,3898,5102,5632,3492,4360,8506,9738,31.7914,16.9611,8.78753,47.8533
46288,11503,5955,4088,3393,6768,4836,3805,3417,3909,3901,3496,3277,3374,3446,3294,3197,-22.5425,-32.3873,8.56268,47.7727
46289,3931,3742,3369,3120,6039,4335,3614,3347,10020,5125,3852,3365,6442,4705,3718,3353,7.53388,-31.3573,8.99495,48.0513
46290,3418,3419,3291,3136,3912,3824,3546,3212,6019,4806,3817,3389,12062,6660,3969,3346,30.8131,-23.7043,8.51219,47.884
46291,5833,9769,6263,4060,4511,5142,4572,3750,3746,3807,3631,3475,3346,3326,3365,3228,-33.4223,-5.91924,8.85508,47.8827
46292,3439,4101,6552,9114,3448,3921,5637,7395,3219,3553,4109,4147,3113,3334,3431,3569,-18.0295,20.0624,8.72515,48.0547
46293,4309,4017,3504,3259,7057,4798,3706,3362,9231,5162,3719,3371,5198,4473,3546,3385,3.41357,-33.4066,8.5386,48.0647
46294,3621,4428,6806,6107,3519,4513,7184,6355,3351,3775,4438,4268,3285,3448,3563,3611,-13.4693,12.7689,8.52712,48.1813
46295,12879,5803,3812,3403,5860,4825,3753,3407,3982,3762,3375,3213,3395,3396,3215,3186,-32.1659,-31.8186,8.92372,47.5107
46296,3717,3549,3400,3070,5020,4097,3520,3257,9701,5178,3774,3402,8026,5162,3739,3247,12.213,-29.4503,8.69622,47.906
46297,3185,3490,3573,3349,3516,4082,4136,3852,4229,5821,6964,4654,4206,5787,6725,4748,14.649,3.06392,8.52012,48.2113
46298,3387,3339,3185,3078,3841,3907,3411,3198,6168,4685,3805,3373,12614,6026,3973,3445,27.481,-32.2468,8.66515,47.6233
46299,5581,8167,5668,4061,4938,6757,4941,3791,3786,4122,3947,3387,3392,3424,3361,3263,-18.7423,-6.35928,8.5675,48.3907
46300,3246,3392,4078,4677,3267,3756,4957,7430,3483,3788,5290,8631,3252,3682,4309,5050,1.75657,24.2282,8.76618,48.192
46301,3539,4589,7622,7306,3688,4300,6520,6031,3335,3601,4085,4051,3132,3347,3479,3484,-17.8804,13.6741,8.85143,48.0727
46302,3223,3494,3611,3463,3583,4025,4403,3932,4095,5807,7413,4933,3924,5292,6546,4779,13.4673,4.32877,8.55095,48.3487
46303,7935,8259,4616,3607,5970,5837,4277,3586,3987,4118,3643,3276,3345,3412,3205,3089,-20.204,-14.7671,8.88553,48.108
46304,3734,4562,5643,4708,3883,5558,8139,5054,3696,4173,4921,4203,3283,3598,3709,3644,-9.07157,5.86678,8.55476,48.3387
46305,7716,9768,5144,3598,5100,5190,4191,3649,3825,3755,3534,3333,3483,3309,3304,3206,-28.5812,-11.5592,8.63284,48.07
46306,3404,3318,3194,3203,4137,3779,3442,3224,7310,4873,3825,3391,11156,5830,3933,3454,21.1099,-31.5942,8.54964,47.6487
46307,3868,5396,9844,7038,3677,4342,5380,4886,3336,3514,3808,3892,3144,3246,3401,3359,-27.7072,9.75352,8.83957,48.0873
46308,4370,4247,3659,3391,6234,6219,4121,3621,6534,6542,4206,3393,4425,4313,3672,3413,0.650173,-14.9448,8.81538,48.24
46309,7566,9176,4989,3686,5315,5624,4276,3648,3826,3791,3590,3317,3324,3390,3278,3220,-23.9208,-11.9537,8.75397,48.0107
46310,3128,3259,3363,3427,3167,3568,3873,4067,3417,3852,5153,6775,3434,4129,6843,10761,22.2007,21.7161,8.82566,48.144
46311,3348,3413,3221,3155,4111,3769,3418,3187,5984,5036,3817,3402,11840,6815,3977,3334,32.8155,-22.8261,8.96201,47.8847
46312,3773,3647,3233,3119,4964,4492,3698,3339,8704,6311,3924,3429,6865,5486,3944,3312,11.3602,-20.2837,8.70258,48.16
46313,7433,4972,3710,3293,9596,5345,3895,3459,5450,4323,3559,3226,3790,3496,3411,3088,-10.9029,-26.453,8.64348,48.0307
46314,4856,8067,7851,4663,4198,5253,5149,4135,3577,3739,3871,3538,3310,3324,3423,3275,-23.5051,-0.236006,8.51145,48.1527
46315,4532,4208,3561,3209,6905,5681,3930,3433,7453,6008,3961,3397,4751,4492,3617,3300,1.08639,-18.7156,8.80755,48.292
46316,4840,5364,4261,3522,5834,8225,4794,3667,4619,5283,4045,3524,3741,3758,3527,3239,-7.48091,-9.61921,8.92923,48.162
46317,4662,4110,3536,3240,8025,4889,3734,3317,8612,4861,3672,3328,4801,4147,3590,3349,0.975385,-31.3825,8.67685,47.9153
46318,2999,3192,3433,3545,3271,3532,3872,4210,3467,3915,5393,6935,3435,4133,6794,9797,19.9403,20.491,8.85393,47.9487
46319,3319,3399,3246,3037,4188,3870,3405,3231,7477,4915,3800,3352,11021,5869,4047,3415,20.2818,-31.117,8.67563,47.7273
46320,3835,4007,3636,3480,4529,5785,4389,3595,5240,7995,5270,3694,4536,4972,4245,3612,4.74576,-7.74167,8.88176,48.5467
46321,3526,4029,5517,5221,3546,4590,8033,6670,3251,3948,5116,4822,3213,3461,3671,3808,-8.09408,12.7291,8.8304,48.2813
46322,3433,3394,3220,3112,3842,3728,3359,3098,6001,4854,3874,3266,12191,6629,3873,3370,32.5174,-23.5054,8.88712,47.496
46323,3524,3883,5947,12665,3403,3758,4674,6059,3204,3421,3751,3908,3069,3182,3348,3378,-28.1118,29.6022,8.78409,47.4493
46324,3792,3656,3265,3121,5307,4350,3582,3233,9492,5828,3808,3364,6959,5034,3930,3358,10.2987,-23.7279,8.70105,48.0527
46325,6482,9766,5802,3966,4671,5371,4550,3863,3678,3855,3623,3273,3345,3424,3112,3153,-25.4064,-7.90108,8.7666,47.956
46326,3807,3634,3394,3072,5069,4394,3580,3229,8826,5917,4171,3412,7131,5390,3849,3293,11.466,-21.4372,8.94104,48.112
46327,3107,3292,3386,3420,3250,3472,3795,3850,3510,4001,5114,5569,3663,4447,8715,9157,32.4517,15.6177,8.638,47.832
46328,4093,4729,4153,3676,4915,7696,5322,3781,4589,6034,4689,3718,3810,3992,3796,3449,-3.33463,-5.56392,8.82741,48.2947
46329,3166,3266,3374,3354,3321,3599,3758,3855,3652,4299,5284,5141,3727,5147,9602,7301,31.5073,11.0918,8.58731,47.8973
46330,3219,3396,3862,3923,3417,3654,4949,5713,3455,4122,6627,8211,3408,3831,4894,5589,6.50786,18.5139,8.83452,48.18
46331,3376,3826,5226,8506,3394,3759,5232,9255,3246,3490,4216,4886,3183,3388,3554,3729,-13.6849,29.76,8.78867,48.1773
46332,3330,3402,3196,3099,3776,3811,3540,3315,5120,5184,4073,3565,8104,9593,5005,3631,28.254,-12.7993,8.74798,47.8293
46333,4756,4491,3788,3263,7043,6932,4258,3511,5846,5798,4016,3354,4129,4123,3591,3146,-3.13684,-15.0738,8.8352,48.03
46334,3607,4032,4253,3962,3989,5234,6829,4593,3902,5339,6534,4487,3608,3907,4190,3753,-0.482585,3.87794,8.72552,48.146
46335,3398,3377,3258,3162,3913,3671,3446,3157,6132,4728,3799,3304,12706,6308,3841,3371,28.999,-26.1154,8.9452,47.714
46336,3324,3411,3396,3237,3717,3941,3841,3515,4601,6027,4947,3912,5517,8479,6199,4247,20.3993,-4.68767,8.51151,48.2073
46337,3472,3421,3277,3216,3955,4185,3776,3377,5493,7049,4601,3696,6281,7916,4880,3768,17.0909,-10.5383,8.52533,48.242
46338,5828,9603,6300,4183,4612,5642,4725,3854,3523,3726,3720,3501,3291,3397,3219,3178,-24.6773,-5.95333,8.7642,48.2013
46339,3311,3363,3279,3164,3922,3892,3548,3253,5779,5046,3859,3378,10830,7591,4049,3440,33.6503,-19.3505,8.90276,47.8027
46340,3112,3220,3301,3354,3226,3440,3862,3870,3409,3786,4776,6087,3409,3856,6090,12689,28.9588,30.0872,8.53935,47.658
46341,6876,7097,4485,3478,6628,6865,4265,3639,4247,4245,3621,3278,3496,3596,3306,3137,-15.4899,-14.5282,8.6597,48.1727
46342,3267,3537,4178,4775,3383,3731,4932,8403,3253,3762,5033,8199,3335,3602,4131,4765,-0.277978,31.5116,8.77495,48.1907
46343,11506,5761,3943,3447,7322,4848,3840,3451,4029,3847,3514,3270,3335,3330,3152,3228,-21.3775,-31.4424,8.87427,47.882
46344,3466,3904,4297,4158,3694,4688,6802,4916,3668,4712,6989,5087,3482,3963,4420,4069,0.285736,7.92605,8.72206,48.21
46345,3483,3426,3301,3159,4149,3960,3500,3363,6475,6087,4035,3492,8416,7363,4374,3570,19.1825,-16.2914,8.6745,48.102
46346,3490,4282,6998,7957,3514,4177,6190,6849,3264,3573,4139,4280,3082,3357,3461,3475,-17.1885,16.8454,8.62019,48.0587
46347,5172,4917,4021,3469,6914,7439,4432,3555,5316,5286,3902,3444,3935,3818,3489,3161,-5.93147,-14.398,8.78037,48.18
46348,3137,3450,3781,3757,3345,3709,4762,4792,3596,4307,7288,7374,3467,4059,5606,6059,10.1751,15.9062,8.61779,48.326
46349,3913,3786,3346,3161,5329,4770,3771,3227,8634,6557,4058,3509,5900,5050,3904,3341,7.82635,-18.9284,8.58745,48.1707
46350,4271,3866,3507,3134,6563,4585,3648,3325,9209,5548,3777,3457,5850,4576,3641,3364,5.43727,-24.7372,8.50069,48.214
46351,11147,7382,4232,3466,5763,4986,3931,3359,3835,3722,3482,3262,3443,3417,3168,3049,-32.0126,-20.5678,8.8749,47.7627
46352,3181,3314,3441,3243,3446,3747,3762,3617,3952,4807,5350,4474,4276,7275,9260,5171,26.1218,3.13398,8.77975,48.2107
46353,3177,3265,3530,3569,3397,3669,4200,4252,3515,4237,6824,6442,3561,4468,7085,6910,16.226,14.1598,8.68748,48.0673
46354,12776,5929,3960,3416,6035,4760,3672,3413,3970,3733,3437,3282,3367,3346,3262,3081,-30.6398,-30.3123,8.79484,47.626
46355,3219,3641,4256,4855,3388,3832,5192,8229,3294,3817,5135,7617,3208,3617,4153,4585,-0.867336,23.8251,8.51654,48.0253
46356,12446,6561,3971,3357,5891,4787,3882,3405,3909,3804,3428,3205,3371,3390,3187,3126,-30.8234,-24.1845,8.93931,47.8133
46357,5932,9607,6410,4089,4752,5588,4622,3799,3784,3803,3623,3279,3341,3261,3227,3178,-25.0191,-5.93863,8.65497,48.1967
46358,3241,3233,3366,3412,3329,3428,3785,4065,3268,3627,4732,6249,3322,3846,5979,12620,33.846,28.2853,8.94434,47.668
46359,8214,5716,3889,3451,8636,5844,3902,3408,4710,4136,3510,3243,3727,3510,3299,3003,-14.3775,-21.7476,8.99377,48.132
46360,3308,3834,5627,10672,3400,3784,5027,7620,3323,3474,3923,4234,3224,3101,3463,3403,-19.6949,31.8828,8.51928,47.6113
46361,3393,3482,3151,3100,4080,3785,3497,3252,6728,5046,3883,3377,11093,6766,4057,3461,23.21,-23.1194,8.78124,48.1007
46362,3373,3909,5490,7356,3459,3957,5985,8933,3270,3552,4356,5002,3014,3293,3517,3747,-11.8526,21.7573,8.52174,48.142
46363,5486,5400,4138,3394,7118,7566,4364,3518,4943,4913,3895,3377,3851,3772,3509,3183,-8.25587,-14.7687,8.60407,48.2847
46364,3927,5207,6672,5052,3949,5393,7466,4943,3536,4034,4321,3975,3280,3429,3569,3531,-13.5916,5.35737,8.58467,48.1893
46365,3381,3808,4417,4750,3506,4028,6387,7052,3472,3960,6008,6391,3172,3678,4206,4393,-1.87424,16.469,8.52792,48.406
46366,7898,5868,3970,3459,8253,5980,3916,3531,4622,4220,3550,3255,3629,3438,3300,2976,-14.2857,-20.4216,8.57837,47.91
46367,3522,4631,9084,8913,3481,4111,5266,5340,3272,3677,3805,3824,3059,3309,3470,3370,-30.2439,14.6385,8.71816,48.0893
46368,3388,3691,4363,4989,3452,3780,5282,8585,3347,3744,4908,7280,3224,3514,4085,4574,-2.41926,24.0179,8.63239,48.1373
46369,4178,6242,9593,5929,3796,4498,5213,4618,3468,3565,3937,3684,3194,3296,3351,3422,-28.6264,5.96381,8.63166,47.9893
46370,3156,3325,3518,3463,3339,3697,4168,4085,3758,4606,6939,5742,3764,4908,7629,6222,16.6392,10.7249,8.53955,48.2127
46371,3400,3634,4862,6107,3377,3958,5554,9402,3190,3692,4620,6056,3215,3388,3735,4076,-7.10816,24.5923,8.69763,48.1773
46372,9870,8399,4613,3481,5546,4958,4021,3523,3937,3894,3614,3256,3276,3331,3297,3101,-31.4177,-16.7807,8.56858,48.078
46373,3141,3303,3294,3317,3287,3458,3794,3870,3651,4145,5329,5571,3517,4783,9011,8524,26.1016,14.2754,8.65113,47.9967
46374,10448,8063,4288,3643,5888,5027,3925,3516,3940,3724,3429,3159,3370,3440,3226,3063,-25.6062,-18.446,8.98612,48.0993
46375,5031,4321,3671,3309,8650,5066,3722,3445,7591,4862,3744,3353,4599,4108,3716,3152,-1.55232,-33.8842,8.50224,48.2267
46376,5108,8157,6737,4251,4440,5943,5302,4075,3698,3946,3759,3478,3183,3446,3351,3256,-20.5264,-2.78136,8.6936,48.0867
46377,7409,8532,4806,3555,5771,6136,4306,3513,3867,3995,3705,3303,3398,3453,3201,3086,-20.4767,-13.0183,8.94725,48.024
46378,3233,3218,3416,3352,3262,3586,3823,3888,3455,3923,5150,5385,3478,4483,8619,9566,28.4495,16.2563,8.99627,47.8913
46379,3851,3887,3675,3403,4593,5603,4355,3531,5304,7867,5169,3810,4378,5050,4267,3601,5.33122,-7.74932,8.54308,48.2293
46380,7591,5098,3926,3375,9466,5558,3908,3398,5324,4194,3636,3248,3754,3550,3249,3241,-11.6019,-25.6408,8.5872,48.344
46381,9170,8153,4458,3484,6103,5487,3966,3508,4150,3887,3544,3226,3337,3370,3221,3101,-22.3729,-16.8632,8.91113,48.11
46382,5037,6017,4452,3648,5765,8193,4926,3802,4333,4701,3989,3638,3589,3668,3542,3188,-10.3513,-9.42435,8.81233,48.3253
46383,3236,3331,3300,3265,3733,3814,3551,3296,4868,5207,4333,3661,6718,10099,5571,3850,31.0931,-9.00134,8.82608,47.8887
46384,3332,3391,3219,3181,4234,3907,3522,3233,7397,4950,3780,3400,11077,5780,3945,3484,20.7645,-31.45,8.77743,47.888
46385,3321,3374,3157,3102,3990,3850,3518,3221,5955,5218,4010,3433,9756,7967,4490,3540,24.491,-17.562,8.88411,47.9347
46386,3561,3734,3639,3236,4358,5068,4285,3680,5233,8262,5429,3938,4538,5385,4445,3667,7.55305,-6.59904,8.66921,48.3053
46387,4095,5052,4696,3816,4543,7466,6440,4134,4028,5053,4621,3726,3581,3822,3810,3578,-6.6142,-2.21638,8.90864,48.3073
46388,3250,3324,3432,3150,3564,3710,3730,3671,3987,4767,5651,4458,4133,6885,9010,5504,23.861,4.44645,8.67579,48.1507
46389,3814,4511,5289,4458,3922,5602,7939,5054,3657,4322,5133,4213,3341,3597,3801,3678,-7.62391,5.31479,8.8656,48.2207
46390,6934,8110,4732,3816,5821,6629,4205,3518,4050,4183,3690,3230,3390,3562,3260,3146,-18.7742,-12.7725,8.95886,48.184
46391,7112,5481,3887,3444,8684,6018,3992,3474,4939,4445,3633,3263,3730,3588,3358,3097,-11.3888,-20.604,8.51739,48.0967
46392,3358,3389,3362,3236,3702,3834,3686,3336,4534,5624,4868,3939,5596,9238,6416,4142,23.9246,-5.25664,8.7168,48.1733
46393,3482,3498,3316,3156,4277,4206,3549,3384,6635,6342,4208,3500,7337,6998,4422,3602,16.5445,-15.072,8.53817,47.9413
46394,3012,3285,3413,3140,3489,3772,3764,3602,4001,4770,5322,4314,4325,6957,9500,5468,25.6532,3.8463,8.97577,48.0893
46395,3282,3613,4154,4893,3350,3841,5111,8524,3397,3754,4808,8036,3230,3459,4097,4746,-0.854006,28.4849,8.92926,48.1967
46396,3282,3289,3420,3370,3435,3562,3826,3719,3762,4328,5202,4667,3902,5999,10042,6407,30.0529,7.84946,8.92372,48.1413
46397,3401,3300,3190,3169,3740,3806,3618,3389,5223,5216,4058,3537,7830,9527,5094,3731,31.0837,-12.4249,8.83835,47.886
46398,7868,6395,4189,3513,7555,6018,4081,3442,4459,4210,3648,3415,3560,3509,3386,3005,-15.4541,-18.513,8.96973,48.1687
46399,3440,3894,4676,4693,3548,4264,7073,6665,3425,4121,6053,5716,3139,3702,4075,4045,-2.97266,13.8016,8.89022,48.3527
46400,7622,5016,3755,3383,9626,5303,3817,3390,4930,4296,3522,3364,3742,3682,3478,3193,-11.5739,-31.0056,8.59041,48.0793
46401,3075,3190,3300,3344,3204,3515,3828,4043,3465,3845,4989,6201,3477,4248,7079,11410,25.5024,21.4103,8.76614,48.142
46402,4338,4100,3664,3249,6307,5675,3902,3442,7380,6382,4190,3391,4860,4538,3640,3345,2.42731,-17.3433,8.67064,48.2687
46403,3459,3419,3267,3097,4187,4196,3564,3235,6453,6291,4081,3506,8083,7486,4384,3519,18.4707,-15.8917,8.8449,48.1513
46404,3880,5735,9947,6681,3753,4306,5199,4772,3456,3589,3860,3680,3172,3243,3526,3418,-29.5707,8.6756,8.72449,48.1447
46405,3314,3565,4201,4880,3359,3708,4904,8366,3294,3705,4903,8179,3332,3538,4070,4747,-0.428752,32.2819,8.83408,48.0433
46406,5114,7455,5583,4081,4918,6995,5300,3882,3874,4315,3899,3614,3434,3539,3411,3275,-16.0628,-5.19669,8.77027,48.4593
46407,3090,3203,3319,3389,3258,3513,3789,3962,3280,3867,4842,5854,3373,3928,6469,12292,29.7565,24.7289,8.83872,47.6187
46408,12592,5815,3924,3408,5941,4683,3820,3419,3862,3729,3499,3272,3279,3301,3250,3213,-29.3446,-32.5734,8.53801,47.338
46409,3544,3617,3388,3138,4438,4805,3906,3514,5845,7970,4838,3669,5231,5944,4490,3669,10.4144,-10.397,8.81759,48.004
46410,3476,4210,7536,11002,3334,3984,4873,5789,3264,3513,3826,3883,3112,3180,3356,3567,-27.7984,20.1805,8.88845,47.9367
46411,12410,6179,3914,3392,6082,4694,3710,3334,3975,3854,3489,3224,3485,3469,3091,3179,-28.5864,-26.9873,8.74353,47.654
46412,4344,3972,3533,3196,7608,4769,3679,3404,8706,5176,3789,3412,5077,4313,3617,3297,2.08021,-33.2718,8.80602,47.928
46413,3190,3404,3849,4027,3411,3649,4520,6491,3473,3828,5249,9637,3299,3705,4488,6013,6.06552,29.1698,8.69048,48.1553
46414,3391,3414,3201,2997,4021,3800,3484,3232,6403,5266,3889,3445,10522,7086,4242,3483,22.8343,-20.8787,8.69931,47.9173
46415,3102,3182,3463,3364,3280,3416,3889,3998,3273,3724,4734,6102,3339,3882,6246,12734,29.4141,27.9511,8.85242,47.8187
46416,3158,3321,3659,3697,3301,3614,4313,5081,3401,4076,6069,8862,3351,3860,5336,7321,11.7201,21.6197,8.67554,48.28
46417,3175,3572,4243,4829,3316,3802,5264,8202,3294,3705,5105,7916,3220,3505,4276,4729,-0.213633,23.8788,8.97523,48.102
46418,4220,3827,3467,3186,6764,4585,3604,3380,9558,5196,3645,3384,5715,4574,3705,3329,5.00181,-30.691,8.81561,48.0927
46419,3665,4499,8150,9180,3459,3955,5396,6022,3273,3623,3917,4009,3093,3204,3414,3387,-23.76,16.9689,8.5176,48.164
46420,4036,6579,9485,5789,3881,4701,5499,4591,3400,3614,3703,3619,3265,3378,3336,3240,-24.806,5.63295,8.6707,48.0773
46421,3151,3371,3339,3352,3454,3555,3821,3767,3688,4380,5315,4781,3906,5934,9847,6493,27.3958,8.37452,8.645,48.1027
46422,3977,5296,7825,5532,3820,5009,7028,4975,3516,3912,4221,3863,3121,3434,3521,3347,-16.7951,6.85245,8.75425,48.2647
46423,3895,3736,3494,3018,5441,4391,3634,3203,9424,5902,3894,3423,6573,5006,3830,3322,9.45555,-22.3782,8.96028,48.124
46424,3066,3228,3366,3404,3282,3547,3848,3955,3463,4022,5396,5756,3514,4581,8150,9522,24.7958,17.0304,8.77753,48.0667
46425,3021,3274,3341,3384,3323,3387,3922,4133,3377,4018,5121,6859,3441,4015,6712,10807,21.8835,22.9172,8.50058,48.09
46426,5893,4433,3552,3195,9638,5190,3767,3271,6656,4666,3648,3252,4305,3878,3387,3261,-5.22872,-28.8506,8.73071,47.9947
46427,3612,3895,4307,3960,3825,4967,6726,4674,3787,5092,6973,4735,3575,3989,4388,3986,0.631562,5.718,8.89107,48.3273
46428,3659,3580,3275,3030,4829,4274,3632,3150,8563,5916,3834,3439,7903,5704,4009,3437,13.7688,-21.3788,8.79245,48.156
46429,3406,3955,6063,11755,3270,3861,4773,6714,3284,3552,3792,4065,3148,3226,3385,3330,-22.8069,29.1836,8.64572,47.7193
46430,3411,3870,5168,7308,3407,3749,5763,9106,3278,3717,4370,5085,3157,3309,3713,3794,-11.2573,22.482,8.99705,48.1367
46431,3730,3494,3292,3286,5108,4207,3512,3258,9504,5161,3839,3373,7911,5075,3748,3336,12.0599,-30.7934,8.7945,47.8893
46432,3081,3214,3516,3481,3317,3590,4043,4213,3427,4046,5637,6927,3352,4172,6953,9455,19.2533,19.8994,8.9013,48.2827
46433,3342,4075,7136,11629,3400,3889,4865,5895,3242,3437,3819,3982,3121,3229,3356,3409,-30.4892,21.2928,8.97791,47.884
46434,3107,3300,3663,3793,3277,3671,4219,5323,3235,3856,5448,9656,3256,3756,4936,7245,10.2401,26.3885,8.51549,47.8273
46435,3311,3353,3325,3191,3785,3994,3739,3344,4643,6273,4877,3752,5669,8699,5994,4013,20.4396,-6.18335,8.63514,47.9747
46436,3241,3320,3365,3292,3480,3826,4004,3725,4000,5339,6084,4612,4286,6688,8126,5091,19.6138,2.90631,8.97361,48.3193
46437,3192,3577,4159,4653,3242,3886,5408,7765,3336,3817,5534,7872,3227,3575,4270,4844,0.38795,22.0396,8.73211,48.238
46438,3657,4232,5586,5149,3686,4622,7994,6232,3390,3933,4971,4509,3278,3514,3795,3672,-8.91043,11.0584,8.6089,48.1467
46439,3321,3764,4328,4261,3444,4247,6432,6099,3540,4279,6725,6045,3365,3780,4351,4380,0.240411,13.1672,8.91174,48.2407
46440,3351,3940,5254,6304,3436,3959,6212,8826,3220,3618,4529,5524,3141,3489,3622,3859,-9.20889,20.5876,8.7318,48.1893
46441,3392,3520,3726,3588,3588,4083,4566,4183,3845,5494,7862,5168,3800,4868,6249,4821,11.1249,6.24299,8.50521,48.502
46442,3228,3277,3522,3907,3243,3593,4367,5464,3322,3890,5636,9661,3305,3841,5036,7059,10.2926,24.4321,8.9795,48.234
46443,3493,3838,4092,3893,3727,4775,6446,4727,3893,5184,7208,4918,3563,4216,4605,4073,2.20633,6.33022,8.84192,48.434
46444,5257,5819,4302,3556,6101,7960,4781,3734,4327,4924,4024,3425,3693,3728,3507,3254,-9.99449,-10.5486,8.80464,48.2613
46445,3448,3407,3241,3122,3939,3743,3477,3154,6108,4744,3849,3359,12336,6004,3940,3301,33.2477,-27.685,8.60771,47.448
46446,3044,3263,3312,3467,3236,3515,3917,4425,3296,3866,5336,7816,3366,3985,6150,9726,17.7095,23.5971,8.93624,47.8133
46447,3407,3373,3250,3102,3848,3730,3407,3183,6323,4695,3761,3343,12727,6036,3915,3379,27.104,-29.9271,8.75512,47.6527
46448,3442,4405,8228,9770,3571,3998,5114,5593,3246,3486,3883,3939,3153,3274,3405,3342,-26.0962,16.9767,8.85904,47.8993
46449,3410,4042,7318,11275,3379,3909,5037,5857,3162,3396,3881,3990,3094,3208,3371,3417,-33.8395,20.6308,8.82519,47.8307
46450,3980,5437,7715,5452,3881,4915,6900,4998,3520,3760,4222,3940,3291,3331,3459,3432,-16.6041,6.98244,8.72798,48.1553
46451,10400,7776,4430,3444,5841,5081,4033,3453,3945,3783,3460,3150,3376,3267,3200,3141,-27.3298,-19.0839,8.60746,47.8533
46452,3666,4756,8231,7136,3495,4268,6348,5800,3318,3642,3876,3925,3163,3281,3329,3409,-18.989,12.5197,8.83381,47.762
46453,3860,3726,3370,3246,5573,4363,3584,3307,9442,5734,3843,3331,6726,5030,3724,3419,9.36478,-23.3699,8.7613,48.1853
46454,3323,3320,3321,3295,3689,3790,3595,3433,4480,5154,4686,3844,5702,9355,6738,4246,30.0212,-4.90935,8.56395,47.9807
46455,3429,4040,5964,6872,3401,4128,6605,7992,3342,3637,4469,4719,3174,3377,3599,3693,-12.4168,17.8249,8.95342,48.294
46456,3156,3176,3332,3404,3321,3614,3924,3745,3584,4358,5266,4901,3745,5300,9984,7015,32.9492,9.58006,8.99203,47.8833
46457,3303,3833,6053,12815,3412,3689,4599,6056,3318,3417,3777,3942,3237,3176,3320,3331,-32.0228,28.6897,8.94753,47.5187
46458,2992,3312,3400,3580,3241,3531,4040,4663,3438,3840,5107,8808,3381,3833,5611,9089,15.6177,27.749,8.56572,47.9107
46459,3427,3627,3789,3584,3790,4431,4817,3967,4131,5953,7757,4868,3809,4627,5311,4334,8.64535,3.65109,8.82599,48.148
46460,8844,8809,4728,3616,5566,5227,4045,3517,3885,3841,3547,3431,3327,3378,3296,3024,-26.1879,-14.9073,8.67357,48.054
46461,3510,4338,6332,5863,3592,4494,7576,6655,3295,3769,4533,4576,3173,3327,3684,3734,-12.0754,13.3323,8.77373,48.3007
46462,3352,3777,5020,7371,3327,3782,5165,9861,3198,3483,4164,5348,3185,3361,3618,3740,-11.0585,30.5999,8.73075,47.8347
46463,4029,3978,3521,3346,5165,5516,3958,3405,6503,7520,4466,3543,4896,4978,3836,3519,5.05339,-13.0065,8.92712,48.1193
46464,3324,3684,4524,5513,3331,3815,5210,9607,3324,3653,4581,6706,3195,3326,3926,4204,-4.85186,32.8245,8.84756,47.9487
46465,3157,3464,3785,3886,3294,3829,4982,5394,3428,4209,6867,7789,3372,3890,5012,5583,6.85118,17.2933,8.64623,47.9607
46466,3490,3421,3239,3161,3984,3816,3617,3227,5527,5111,4054,3420,9754,8435,4422,3447,33.4183,-17.0446,8.75026,48.0833
46467,4205,5521,5717,4411,4153,6759,6910,4434,3631,4410,4390,3791,3378,3660,3574,3481,-11.2907,0.729071,8.66142,48.2833
46468,9869,8203,4424,3541,5641,5067,3966,3433,3966,3866,3452,3232,3440,3439,3228,3122,-31.8959,-17.4507,8.79559,47.926
46469,3478,4162,5696,5264,3524,4712,7870,6514,3428,3883,5006,4534,3323,3412,3707,3813,-9.0797,11.7161,8.69681,48.2173
46470,4674,7969,8511,4963,4024,4898,4882,4228,3509,3652,3758,3487,3301,3370,3355,3176,-29.8962,0.589244,8.63369,47.838
46471,8185,5902,3963,3386,8221,5763,3854,3448,4603,4172,3567,3316,3661,3635,3238,3090,-15.0869,-21.1983,8.98392,48.0027
46472,3565,3509,3258,3100,4418,3885,3433,3342,7824,4959,3884,3438,10511,5664,3749,3379,18.4255,-28.4789,8.51935,47.9453
46473,5698,4435,3554,3261,9342,5075,3766,3454,7009,4614,3850,3284,4328,4013,3446,3266,-3.94914,-28.8991,8.50512,48.2633
46474,4254,3958,3507,3061,6975,4627,3776,3339,9486,5261,3865,3364,5467,4397,3628,3244,3.9737,-29.9467,8.58154,48.1393
46475,4458,5612,5136,3950,4582,7450,6364,4191,3884,4765,4350,3625,3482,3584,3655,3308,-9.90489,-2.42697,8.9447,48.264
46476,3049,3212,3338,3404,3305,3503,3731,4046,3310,3801,4814,6504,3388,3914,6130,12171,25.1407,28.9653,8.51255,47.7467
46477,3995,5691,8344,5549,3742,4823,6544,4919,3390,3752,4137,3940,3161,3382,3538,3453,-18.8994,7.16963,8.55264,48.24
46478,3471,3876,6116,12632,3396,3752,4736,6032,3258,3436,3670,3718,3199,3232,3386,3326,-27.938,33.6363,8.71541,47.4907
46479,3528,3522,3231,3054,4423,4061,3593,3282,7032,6148,4176,3470,7867,6814,4275,3496,16.7,-17.138,8.88611,47.9813
46480,3224,3260,3436,3485,3171,3490,3886,4263,3422,3805,5032,7704,3449,3961,5791,10569,19.2054,32.0007,8.58846,47.9653
46481,3535,3680,3385,3327,4141,4852,4111,3611,5246,8186,5489,3759,4737,5957,4739,3782,10.4131,-6.77462,8.90085,48.358
46482,8224,6136,3951,3381,7910,6008,3971,3366,4562,4092,3687,3192,3636,3545,3330,3125,-15.3302,-19.9831,8.71476,48.0773
46483,3394,3341,3361,3035,4060,3930,3605,3295,5918,5709,4130,3456,8357,8519,4637,3609,21.9904,-14.6976,8.54194,48.2373
46484,3627,4458,6364,5424,3682,4747,8080,5890,3484,3801,4639,4364,3245,3433,3650,3546,-11.752,10.4629,8.88035,48.2893
46485,3157,3304,3431,3281,3416,3634,3716,3813,3632,4398,5339,4841,3939,5681,9908,6753,28.4485,8.9434,8.86352,48.162
46486,3608,5111,9843,7696,3558,4187,5264,5065,3324,3563,3797,3821,3220,3225,3464,3228,-29.2233,11.689,8.70909,47.9827
46487,3751,3621,3332,3146,5487,4431,3630,3239,9863,5269,3856,3286,7038,4950,3821,3365,9.89593,-31.8471,8.73703,48.0567
46488,3527,3459,3266,3074,4483,4130,3557,3186,8020,5624,3961,3506,8882,6293,4055,3322,16.7941,-21.4859,8.8254,48.23
46489,9404,6336,4109,3347,7772,5344,3894,3479,4354,4020,3511,3383,3446,3453,3251,3027,-18.002,-22.2717,8.63773,48.0867
46490,3425,3418,3223,3070,4037,3873,3520,3278,5585,5611,4225,3499,8718,8522,4710,3654,23.6536,-14.9422,8.97195,48.2453
46491,3155,3386,3331,3323,3239,3477,3905,4065,3441,3825,4867,6851,3475,3915,6034,11632,22.5799,33.5079,8.74461,47.9473
46492,3416,3946,6520,12532,3338,3794,4655,6012,3316,3436,3748,3849,3081,3230,3392,3367,-28.5882,25.6728,8.80391,47.7547
46493,3299,3711,4900,6707,3365,3849,5340,9797,3203,3580,4495,5597,3130,3488,3785,3894,-8.89478,26.2418,8.59269,48.0933
46494,3379,3894,6010,12126,3350,3835,4760,6575,3281,3551,3760,3955,3087,3196,3407,3360,-23.8954,33.2668,8.7193,47.684
46495,7857,9290,5226,3676,5326,5335,4159,3657,3813,3803,3574,3326,3312,3447,3240,3223,-25.6607,-12.3463,8.63589,48.176
46496,5596,5056,3938,3359,8134,6856,4063,3506,5517,4965,3777,3308,3919,3773,3417,3120,-7.20644,-17.3205,8.90758,48.2027
46497,3657,3563,3324,3118,4769,4163,3604,3240,8576,5855,3990,3392,8220,5680,3995,3269,14.2016,-21.9911,8.96211,48.2767
46498,3164,3276,3339,3389,3275,3726,3749,3781,3641,4280,5345,5029,3691,5058,9777,7230,33.3017,11.0006,8.73205,47.8333
46499,3737,4929,6152,4813,3952,5641,7838,4899,3611,4193,4606,3955,3252,3513,3647,3559,-11.2979,5.37821,8.98109,48.198
46500,3141,3164,3529,3464,3237,3479,3949,4229,3452,3957,5507,7194,3535,3994,6579,9673,19.5689,21.6722,8.63221,48.0553
46501,10396,5663,3835,3419,8026,5125,3780,3367,4278,3884,3567,3193,3494,3474,3221,3159,-18.2231,-30.9242,8.73684,47.9207
46502,5433,4719,3700,3407,8127,6605,4014,3473,6005,5127,3797,3310,4107,3815,3513,3205,-5.1256,-18.4702,8.92338,48.238
46503,3414,3899,6094,12626,3294,3711,4760,6128,3187,3419,3783,3913,3102,3210,3437,3421,-29.824,29.6771,8.89191,47.5987
46504,3765,4942,6289,4965,3833,5340,7947,5183,3548,4025,4587,3993,3253,3433,3679,3585,-12.5141,6.41453,8.79144,48.2447
46505,3919,3760,3487,3148,5864,4238,3609,3233,10063,5197,3800,3337,6531,4724,3660,3226,8.26379,-29.5325,8.90274,47.864
46506,3334,3405,3361,3243,3505,3700,3787,3688,4002,4951,5186,4299,4416,7149,8931,5341,25.7893,3.04864,8.53949,48.1987
46507,3346,3509,3494,3503,3446,3843,4520,3945,3796,5198,7755,5440,3790,4843,6791,5224,13.1481,7.75255,8.91262,48.2953
46508,3470,3601,3361,3197,4389,4322,3738,3287,6910,6878,4218,3543,6833,6753,4252,3411,14.5908,-15.2197,8.81897,48.1087
46509,3124,3357,3401,3360,3378,3674,3837,3841,3680,4534,5851,5012,3863,5685,9279,6237,22.2418,8.06982,8.52085,48.0753
46510,3405,3285,3175,3095,3998,3797,3400,3223,5956,4932,3920,3383,11684,7018,4169,3441,31.0464,-22.3048,8.78419,47.9207
46511,3202,3861,5523,9838,3435,3883,5184,8496,3334,3573,3991,4425,3213,3190,3355,3534,-16.8556,29.4231,8.59845,48.0247
46512,4444,7366,8872,5239,4125,4955,5085,4255,3579,3780,3749,3611,3150,3422,3354,3170,-26.4359,2.35902,8.7441,48.104
46513,3099,3568,3856,4056,3341,3738,4639,6542,3248,3855,5582,9452,3331,3702,4573,5521,5.10098,23.3769,8.942,48.0687
46514,3307,4067,6481,11394,3413,3867,4927,6809,3261,3422,3855,4160,3060,3150,3464,3434,-23.1647,24.0666,8.57551,48.0473
46515,7358,8833,4942,3605,5476,5876,4339,3685,3961,3973,3470,3279,3383,3345,3360,3153,-22.1163,-12.153,8.6521,48.0253
46516,4882,5915,4583,3737,5545,8274,5167,3845,4240,4681,4075,3520,3488,3778,3524,3284,-10.2942,-7.92454,8.90592,48.3587
46517,6296,4769,3605,3323,9614,5293,3921,3416,6103,4461,3661,3350,4067,3690,3375,3143,-7.16421,-27.6605,8.63214,48.058
46518,3343,4054,6628,11578,3237,3842,4878,6488,3124,3549,3778,4029,3129,3172,3365,3397,-24.9951,23.4611,8.68157,47.7273
46519,5507,5821,4353,3607,6371,7727,4587,3665,4477,4651,3829,3408,3605,3711,3378,3256,-10.808,-12.3583,8.66973,47.9687
46520,3313,3194,3319,3172,3831,3897,3692,3266,5122,5054,4162,3618,7730,9756,5061,3699,30.9696,-11.8324,8.99772,47.924
46521,3177,3244,3481,3437,3321,3569,3850,4083,3444,4120,5783,5988,3541,4545,8104,8713,21.6681,15.9601,8.66432,48.2667
46522,12499,6152,3910,3493,6160,4643,3665,3467,3780,3727,3465,3309,3347,3412,3362,3169,-29.1008,-27.7036,8.54716,47.7067
46523,3576,4636,8634,9187,3437,4071,5440,5655,3179,3566,3892,3955,3049,3229,3353,3354,-24.889,15.7904,8.98107,48.142
46524,3188,3290,3788,4130,3247,3712,4592,6134,3317,3833,5442,9786,3216,3623,4695,5870,6.53232,25.771,8.89442,47.9087
46525,3534,4339,7737,10626,3459,3877,5025,6018,3207,3495,3831,3879,3079,3251,3394,3377,-28.4738,19.4686,8.61412,48.0853
46526,3154,3133,3404,3432,3295,3581,3689,3815,3575,4267,5182,5160,3685,4867,9467,8052,29.8251,12.8583,8.72596,47.8387
46527,3418,3873,4920,5290,3480,4076,6694,7952,3320,3804,5098,5639,3279,3492,3951,4000,-6.01559,17.3439,8.77191,48.1907
46528,3190,3299,3785,3943,3401,3648,4402,5961,3360,3968,5156,9897,3353,3672,4603,6399,7.8165,31.4143,8.53944,48.0247
46529,3891,4179,3714,3418,4762,6417,4783,3785,5043,7432,4915,3771,4071,4637,4026,3499,1.90062,-7.19771,8.98892,48.2287
46530,3654,3838,3894,3586,4139,5628,5191,3903,4448,7065,6196,4136,4032,4606,4359,3882,3.71292,-1.86716,8.6668,48.3713
46531,4014,5282,7010,4965,3875,5408,7285,4872,3550,3885,4206,3867,3300,3388,3649,3424,-14.716,5.55845,8.63665,47.9867
46532,4604,4864,3930,3400,6093,7673,4563,3619,5174,5925,4135,3597,4004,3969,3593,3294,-3.69629,-11.8016,8.84843,48.2913
46533,3457,3408,3167,3274,3841,3907,3570,3360,5171,5229,4253,3655,7633,9531,5021,3585,33.7694,-11.977,8.59712,48.0413
46534,4208,5257,5007,4081,4593,7397,6504,4229,3940,4710,4645,3789,3622,3627,3584,3325,-8.71054,-1.62421,8.64018,48.3453
46535,3245,3398,3240,3202,3830,3881,3699,3307,4993,5678,4446,3621,7109,9408,5329,3680,24.1891,-10.4047,8.57313,48.044
46536,4336,7291,9279,5377,4017,4673,5130,4451,3485,3703,3786,3572,3200,3199,3364,3182,-29.2727,3.4271,8.67431,48.03
46537,3135,3381,3745,4095,3372,3605,4552,6094,3356,3814,5382,9668,3248,3728,4682,6274,7.40042,26.2223,8.76914,48.0873
46538,3639,4322,5466,4733,3783,4912,8092,5805,3570,4075,5176,4421,3188,3621,3799,3718,-8.10439,9.37961,8.73929,48.2133
46539,12501,5860,3732,3244,5953,4761,3726,3411,3963,3784,3451,3344,3417,3305,3260,3190,-33.8653,-33.1985,8.86238,47.268
46540,3310,3351,3514,3693,3236,3602,4153,5077,3400,3802,5127,9476,3268,3688,5171,8140,12.7728,28.0432,8.80089,48.0053
46541,6026,6743,4427,3673,6190,7489,4513,3663,4271,4376,3899,3393,3619,3718,3436,3150,-13.5215,-12.2508,8.75627,48.3907
46542,4044,3930,3560,3189,5386,5518,3787,3454,6885,7215,4327,3533,4958,4963,3890,3424,5.02953,-14.4661,8.74404,48.042
46543,6591,10003,5557,3922,4761,5199,4335,3618,3771,3925,3580,3263,3344,3380,3254,3151,-32.7066,-8.76317,8.90451,47.7693
46544,3151,3281,3548,3521,3342,3512,4018,4451,3506,3975,5827,7546,3336,4120,6389,8752,16.9926,20.1454,8.95934,48.1833
46545,3177,3578,4222,4635,3403,3709,4920,7919,3419,3762,5075,8489,3212,3523,4218,4891,0.942913,25.6134,8.70405,48.1013
46546,12189,5964,3980,3306,6925,4769,3762,3345,3972,3764,3492,3215,3510,3395,3204,3050,-23.0779,-29.01,8.95578,47.8947
46547,3332,3536,3413,3292,3686,4131,4138,3658,4453,6364,6267,4393,4435,6303,6530,4485,15.3527,0.00849443,8.78963,48.2773
46548,3601,3569,3249,3199,4334,4328,3697,3233,6908,6664,4227,3607,7013,6749,4228,3543,15.1415,-15.7214,8.77733,48.0993
46549,3355,3920,6274,12045,3367,3764,4879,6711,3103,3447,3759,4033,3133,3216,3395,3477,-24.1271,26.7689,8.86073,47.9187
46550,3187,3270,3428,3452,3325,3413,3751,3964,3359,3704,4738,6019,3308,3873,5821,12617,33.5237,32.0328,8.91664,47.486
46551,3078,3104,3488,3419,3336,3526,3876,3991,3349,3768,4836,6696,3333,4183,6028,11884,24.2975,28.1057,8.54905,47.93
46552,3400,3468,3232,3060,4193,3958,3503,3253,7793,5003,3845,3377,10784,5697,3962,3504,19.2337,-28.5773,8.59309,48.0213
46553,3176,3338,3474,3288,3449,3719,4079,3703,3880,4808,6342,4779,4070,6015,8654,5476,19.4261,5.91762,8.96321,48.1667
46554,3198,3246,3356,3435,3170,3397,3741,3913,3469,3809,4919,5995,3422,3936,6881,12092,33.7565,23.1802,8.9462,47.986
46555,2998,3252,3352,3322,3483,3789,3935,3820,3723,4813,5927,4783,3946,6095,9280,5806,21.9286,6.26167,8.83456,48.216
46556,3336,3586,3921,3809,3400,3941,5314,5166,3542,4389,7491,6837,3487,3965,5095,5027,6.05061,13.7962,8.93422,48.204
46557,3162,3194,3286,3227,3348,3724,3883,3713,3940,4886,5818,4612,4192,6745,9176,5613,22.8306,4.69953,8.99246,48.346
46558,3159,3366,3879,4186,3320,3649,4544,6522,3392,3740,5249,9674,3317,3717,4535,5778,5.49522,30.2811,8.78286,48.018
46559,3134,3202,3299,3425,3175,3427,3734,3840,3350,3867,4735,6207,3365,3936,6014,12947,28.2985,29.4207,8.99279,47.7713
46560,3085,3299,3556,3563,3202,3559,3927,4538,3369,3789,5231,8573,3347,3933,5729,9542,16.5304,25.0026,8.69501,48.1613
46561,3072,3342,3369,3421,3317,3552,3894,3879,3726,4439,5710,4984,3828,5302,9280,6971,23.484,10.1503,8.56924,48.0573
46562,3565,3503,3244,3139,4426,4030,3580,3107,7986,5315,3853,3362,9891,5852,3994,3392,17.6493,-25.0631,8.83252,48.1593
46563,3688,3640,3354,3179,5196,4252,3660,3229,9739,5336,3838,3433,7457,5079,3806,3355,10.8724,-26.3769,8.6926,48.1607
46564,3311,3928,6199,12165,3320,3709,4868,6176,3185,3360,3908,3930,3140,3281,3377,3441,-33.1571,25.7265,8.58781,47.532
46565,3813,3992,3946,3528,4582,6217,5063,3872,4691,7236,5489,3923,3986,4528,4094,3611,1.66369,-4.30988,8.86501,48.3807
46566,3600,3534,3240,3111,4850,4151,3473,3301,9252,5212,3725,3444,8432,5269,3845,3349,13.949,-31.0785,8.81262,47.8587
46567,11080,6411,4048,3315,7035,5137,3763,3362,4113,3969,3524,3276,3350,3361,3193,3037,-21.4647,-23.4534,8.90453,47.9827
46568,3862,5117,7339,5244,3890,5046,7302,5219,3511,3918,4271,3947,3266,3370,3470,3527,-15.339,7.54058,8.51014,48.1993
46569,3303,3545,3166,3131,3883,3773,3561,3306,5372,5251,4231,3574,8320,9281,4738,3649,32.9588,-13.6518,8.54335,48.056
46570,3401,3878,4073,3739,3720,4707,6050,4461,3868,5400,7479,4864,3645,4200,4612,4297,3.25607,5.37147,8.75681,48.2627
46571,3764,3612,3297,3215,5352,4366,3590,3343,10004,5145,3806,3397,6861,4960,3820,3259,9.50804,-32.5995,8.84035,47.8607
46572,9383,5945,4024,3486,8267,5428,3900,3459,4400,3997,3615,3316,3599,3471,3346,3073,-16.7116,-23.1574,8.89916,48.4727
46573,3329,3393,3229,3267,3706,3775,3673,3410,4670,5214,4500,3833,6283,9847,5943,3931,32.4878,-7.46186,8.73037,48.002
46574,4440,6843,8337,4843,4163,5245,5936,4452,3483,3784,3990,3588,3236,3301,3445,3240,-20.4517,2.35967,8.86041,48.2173
46575,3211,3276,3442,3401,3170,3567,3737,3942,3291,3946,4657,6298,3384,3978,6156,12444,27.4325,28.1969,8.54681,47.9333
46576,3698,4163,4393,3843,4053,5774,6569,4352,3874,5480,6012,4491,3798,3936,4167,3863,-1.16907,2.48995,8.61679,48.3107
46577,3380,3401,3241,3044,3922,3963,3513,3263,6155,4898,3758,3368,11428,7077,4094,3423,26.5715,-22.2273,8.79425,47.952
46578,6439,4812,3762,3246,9928,5224,3837,3240,5943,4455,3689,3279,4059,3700,3340,3196,-7.70758,-32.8601,8.71961,48.0993
46579,3480,4027,6282,6930,3435,4010,6684,7589,3369,3597,4330,4617,3196,3411,3614,3666,-13.4018,16.8664,8.79416,48.158
46580,10259,6421,4054,3441,7264,5273,3845,3434,4278,3921,3495,3185,3436,3368,3181,3101,-19.752,-21.9003,8.76618,47.9707
46581,3999,4126,3945,3434,4810,6488,4625,3650,5007,7332,5029,3673,4147,4521,4096,3572,1.61716,-6.91004,8.9485,48.3027
46582,3096,3385,3469,3496,3220,3528,4009,4127,3495,4056,5913,6965,3541,4243,7159,8521,17.8465,17.5957,8.98392,48.1487
46583,4551,4201,3503,3224,7894,4825,3648,3368,8900,5011,3661,3367,4935,4198,3590,3297,1.65598,-27.7176,8.98457,48.1153
46584,3350,3577,4000,3927,3572,4145,5931,4948,3626,4692,7853,5816,3538,4010,4765,4373,3.89414,10.5727,8.74997,48.082
46585,5544,5880,4084,3547,6748,7607,4513,3520,4759,4748,3832,3295,3715,3688,3466,3193,-10.1886,-13.2011,8.88065,48.0927
46586,7534,5252,3857,3408,9308,5592,3827,3325,5087,4099,3554,3300,3776,3591,3378,3172,-12.1466,-23.8773,8.60338,48.04
46587,3211,3847,5037,7634,3425,3747,5250,9907,3275,3531,4257,5283,3174,3398,3576,3668,-11.4075,28.7091,8.75286,48.1467
46588,3136,3375,3530,3340,3406,3691,3989,3886,3730,4538,6388,5387,3687,5129,8426,6644,19.2963,10.5306,8.81567,48.188
46589,3477,3483,3282,3085,4449,4220,3536,3340,7182,6614,4098,3503,7242,6608,4197,3578,14.9498,-16.5692,8.83883,47.9293
46590,7358,9654,5412,3767,5091,5409,4364,3645,3694,3879,3552,3431,3335,3335,3330,3136,-26.8511,-10.8331,8.50156,48.2613
46591,3130,3356,3697,3706,3244,3637,4343,4651,3386,4067,6542,7803,3446,4145,6022,7141,13.1996,17.9559,8.84983,48.2107
46592,3547,4387,7287,8223,3621,4186,6224,6751,3328,3588,4124,4214,3133,3258,3446,3419,-17.7804,16.421,8.95373,48.4907
46593,3437,3510,3278,3061,4597,4038,3526,3348,8442,5365,3885,3424,9327,5673,3911,3296,16.3424,-24.7731,8.97989,48.0787
46594,3550,4171,5227,4866,3614,4748,8167,6096,3567,4172,5187,4658,3301,3566,3845,3731,-6.98461,10.777,8.7683,48.3107
46595,3309,3506,3559,3449,3861,4359,4169,3582,4783,7427,5806,4176,4711,6310,5319,4104,12.5499,-3.34848,8.79749,48.2867
46596,3151,3369,3598,3784,3376,3620,4146,5100,3405,3731,5172,9535,3262,3808,5083,7848,12.3013,29.7485,8.72364,47.992
46597,4365,3965,3446,3204,7249,4823,3611,3348,9299,5178,3755,3414,5512,4343,3748,3248,3.58391,-26.9296,8.92645,48.3387
46598,4131,4793,4134,3663,5267,7671,5228,3721,4742,6154,4560,3611,3815,4108,3629,3377,-3.38656,-7.37095,8.80215,48.4027
46599,3403,3708,4638,6004,3195,3809,5567,9381,3189,3705,4658,6225,3208,3375,3854,4116,-6.4844,24.7802,8.64699,48.0233
46600,3425,3548,3567,3583,3706,4259,4547,3850,4254,6490,7037,4577,3994,5282,5752,4390,10.9735,1.7261,8.584,48.174
46601,3481,3731,4240,4126,3530,4503,6652,5385,3586,4410,7133,5662,3436,3954,4328,4241,1.10788,11.1933,8.79768,48.2653
46602,3473,3477,3212,3040,4167,3971,3497,3285,5871,5557,4095,3483,8861,8098,4550,3567,22.4054,-16.1437,8.78774,48.136
46603,3454,3959,5984,11791,3387,3849,4869,6757,3194,3442,3785,4007,3145,3201,3454,3344,-22.5491,31.2321,8.62029,47.748
46604,3180,3244,3400,3289,3278,3549,3856,3889,3604,4185,5244,5206,3613,5165,9832,7733,28.0511,11.7564,8.78429,48.178
46605,3225,3415,3607,3615,3503,3870,4559,4299,3708,4719,7800,5618,3702,4551,6544,5528,12.126,10.043,8.56228,48.1753
46606,3468,3460,3125,3047,4255,3938,3426,3219,7056,5401,3897,3502,9989,6857,4226,3467,19.6344,-20.8003,8.9951,48.222
46607,10494,8085,4355,3420,5912,5135,3888,3476,3914,3731,3567,3248,3450,3325,3253,3104,-28.1719,-18.6361,8.60892,48.238
46608,3459,4298,8040,10208,3529,3856,5081,5718,3280,3601,3726,3975,3199,3339,3379,3348,-32.0944,17.8281,8.81855,48.024
46609,4003,3886,3514,3268,5100,5561,4138,3355,6663,7627,4471,3495,4933,4986,3944,3451,5.61578,-12.8634,8.77545,48.2633
46610,3853,5014,7117,5374,3759,4994,7461,5361,3528,3841,4389,3958,3161,3396,3564,3462,-14.6516,7.94634,8.74371,48.1547
46611,3250,3669,4722,5777,3314,3864,5762,9234,3216,3707,4834,6228,3256,3426,3849,4053,-5.99204,22.4574,8.60393,48.1073
46612,3815,4141,3880,3486,4435,6244,4882,3703,4699,7346,5355,3954,4059,4563,4020,3591,2.35449,-4.99592,8.9658,48.1153
46613,5424,4396,3648,3092,9536,5028,3770,3398,6974,4785,3700,3267,4231,3915,3496,3168,-3.91243,-31.3638,8.90551,47.8853
46614,3060,3284,3459,3316,3296,3421,3886,4187,3344,3809,4961,7094,3368,3932,5926,11362,21.4535,27.6244,8.5914,47.8033
46615,3793,4056,3744,3490,4578,6164,4873,3678,4893,7544,5262,3894,4248,4600,4172,3492,2.77464,-6.18848,8.71672,48.3207
46616,3438,3801,5989,12508,3382,3753,4638,5707,3370,3338,3768,3903,3226,3289,3378,3310,-31.8812,33.6344,8.8979,47.1987
46617,4675,7645,8260,4951,4153,5010,5357,4224,3641,3889,3754,3561,3177,3302,3445,3226,-23.7149,1.14734,8.56524,48.18
46618,3288,3449,3802,3715,3483,3997,5049,4439,3732,4733,8125,6230,3585,4222,5725,5128,8.8897,10.7785,8.9194,48.468
46619,5795,6199,4366,3510,6440,7627,4571,3789,4393,4687,3758,3339,3647,3570,3464,3168,-11.6578,-12.3504,8.88487,48.2153
46620,3067,3313,3651,3506,3286,3526,4015,4507,3448,3895,5516,8002,3355,3975,6014,9242,16.959,23.2071,8.61115,48.212
46621,3617,4162,7694,10135,3422,3922,5202,6077,3280,3507,3851,4055,3105,3266,3444,3377,-23.8282,18.7899,8.67121,48.0773
46622,4256,4451,3876,3470,5472,7175,4532,3638,5393,6572,4362,3683,4050,4243,3813,3406,-1.10982,-10.2735,8.72196,48.2613
46623,3136,3289,3555,3658,3308,3593,4083,4771,3370,3937,5487,8808,3405,3929,5699,8514,14.3451,24.5373,8.74806,48.3613
46624,3129,3194,3382,3306,3066,3436,3729,4031,3291,3868,4708,6101,3505,3898,6105,12538,27.9822,29.3848,8.69047,47.5247
46625,3220,3658,4209,4849,3400,3830,5002,8476,3380,3672,4832,8062,3106,3547,4208,4811,-0.899887,28.9851,8.57732,48.1747
46626,3742,4410,4264,3933,4187,6015,6589,4342,3984,5521,5853,3998,3678,4075,4097,3772,-2.04259,1.06409,8.9484,48.3067
46627,4648,7807,8928,4988,4039,4916,4968,4246,3533,3705,3698,3533,3294,3259,3232,3284,-29.8723,1.53041,8.77682,48.052
46628,7634,9493,5107,3600,5191,5316,4185,3606,3826,3738,3641,3337,3491,3438,3284,3198,-30.2331,-12.2319,8.54526,48.0567
46629,3289,3854,5959,12531,3326,3687,4840,6129,3237,3370,3769,3920,3145,3283,3335,3465,-32.1144,29.851,8.54744,47.426
46630,10851,7369,4235,3597,5895,5002,3872,3435,3979,3757,3520,3262,3424,3423,3186,3153,-26.4897,-20.2568,8.71262,47.9733
46631,4025,4246,3859,3412,4955,6994,4856,3692,4846,6850,4775,3709,4163,4333,3831,3575,-0.135227,-6.95965,8.83152,48.0807
46632,6509,9410,5524,3870,4968,5724,4475,3612,3842,3972,3503,3266,3301,3493,3357,3116,-23.1623,-9.17261,8.53234,47.9613
46633,3183,3701,4533,5836,3370,3756,5175,9705,3166,3617,4557,6379,3211,3518,3921,4044,-5.84789,30.0143,8.85803,47.7813
46634,3278,3716,4841,6244,3431,4000,5795,9515,3342,3684,4540,5902,3110,3385,3723,3926,-7.42374,24.128,8.75462,48.288
46635,3335,3326,3322,3201,3733,3878,3602,3265,4832,5210,4302,3620,6859,9945,5489,3938,31.2699,-9.92224,8.70803,47.9047
46636,3486,4069,6516,9565,3415,3962,5521,7086,3215,3555,3916,4362,3112,3186,3468,3631,-18.8792,20.9043,8.75017,48.0433
46637,3740,5063,7844,6106,3678,4553,7189,5501,3401,3740,4147,3926,3141,3329,3515,3458,-16.7658,9.86672,8.944,48.2207
46638,3434,3416,3280,3113,3927,3877,3516,3240,5551,5135,4026,3450,9657,8376,4318,3452,33.7919,-17.0447,8.83683,47.8453
46639,3440,3355,3292,3108,3963,3815,3464,3274,6041,4772,3736,3353,12528,6304,3966,3400,31.8415,-25.8991,8.77575,47.874
46640,3566,3681,3450,3205,4430,4826,3925,3558,6021,7861,4788,3541,5365,5947,4293,3569,10.1208,-10.8229,8.52384,48.0173
46641,7121,6533,4137,3545,7342,6601,4146,3575,4480,4361,3694,3308,3623,3616,3407,3211,-14.571,-16.6692,8.95045,48.4667
46642,3284,3233,3418,3349,3278,3466,3829,3905,3254,3622,4583,5896,3406,3810,5973,12673,32.1203,30.7431,8.94693,47.3193
46643,3337,3280,3296,3088,3713,3754,3565,3303,4716,5254,4471,3691,6493,9956,5867,3931,31.632,-7.97634,8.9278,47.81
46644,4887,8860,7559,4467,4342,5151,4926,4000,3533,3769,3731,3418,3218,3296,3398,3227,-32.073,-1.90372,8.73179,47.8547
46645,3524,3569,3394,3231,4066,4231,3721,3302,6034,7086,4575,3772,6163,7299,4594,3739,15.1912,-11.4924,8.52786,48.2
46646,3295,3944,6239,11229,3325,3763,4980,7033,3217,3480,3969,4135,3075,3079,3436,3399,-21.4452,24.86,8.95534,47.732
46647,3540,3520,3292,3059,4444,3938,3461,3259,7907,5507,3845,3333,9571,6213,3898,3353,17.4038,-22.6961,8.94762,48.0933
46648,3180,3317,3387,3336,3116,3479,3878,3753,3399,3719,4704,6333,3391,3851,6008,12499,27.248,28.9486,8.9257,47.5667
46649,3318,3689,4480,5490,3389,3679,5148,9270,3237,3704,4642,6898,3355,3427,4031,4269,-3.82293,31.3042,8.81034,48.0173
46650,3646,4543,6214,5103,3852,4928,8168,5661,3506,4070,4631,4179,3190,3504,3658,3606,-10.9388,8.51171,8.92669,48.306
46651,7356,5314,3841,3420,9259,5820,3895,3422,5156,4386,3523,3210,3769,3658,3347,3013,-11.4803,-22.7665,8.85257,48.2593
46652,3122,3417,3319,3288,3294,3680,3963,3809,3628,4361,5954,5042,3854,5250,9242,6755,22.2953,9.97312,8.77049,47.9853
46653,4098,3879,3528,3153,6088,4918,3852,3437,8807,6198,4005,3343,5419,4586,3686,3309,5.15489,-20.6649,8.60803,48.204
46654,3815,5530,10196,6825,3620,4368,5242,4941,3352,3559,3834,3686,3115,3308,3272,3322,-28.7054,9.608,8.99839,47.99
46655,3155,3192,3501,3321,3309,3421,3834,4023,3386,3929,5144,6635,3352,4081,7153,10739,23.1719,20.9517,8.70991,48.1167
46656,4469,5235,4423,3683,5128,8034,5514,3952,4294,5345,4364,3568,3662,3886,3529,3312,-6.76015,-6.20961,8.87668,48.2653
46657,3295,4039,6020,11060,3295,3861,5022,7266,3232,3533,3939,4185,3014,3300,3356,3457,-20.7422,25.6658,8.79272,47.916
46658,3001,3168,3335,3318,3219,3427,3599,3956,3410,3824,4991,5891,3413,4255,7196,11880,29.3627,21.3479,8.9191,47.922
46659,12639,5985,4031,3446,6119,4737,3716,3465,3909,3755,3378,3208,3413,3332,3264,3134,-30.797,-29.8379,8.63949,47.6873
46660,3551,3567,3211,3120,4444,4007,3575,3244,7954,5171,3773,3566,9800,5814,3878,3271,17.7817,-25.344,8.51624,47.964
46661,3382,3896,6095,12635,3428,3756,4775,5938,3195,3507,3674,3780,3118,3291,3362,3352,-29.5507,33.0887,8.80283,47.456
46662,11747,6159,4086,3328,6910,4894,3717,3354,4081,3774,3496,3247,3490,3454,3122,3102,-23.2119,-26.1577,8.563,47.974
46663,3354,3915,6262,12487,3393,3729,4734,6114,3155,3444,3770,3898,3064,3187,3347,3360,-27.9785,28.2521,8.51206,47.4753
46664,3420,3883,5458,7806,3387,3888,5826,8689,3224,3614,4223,4784,3060,3412,3535,3696,-13.0704,21.995,8.72424,47.9367
46665,3348,3590,3441,3238,3683,4269,3880,3514,4856,7082,5517,4022,4960,7287,5711,3984,15.3131,-4.22407,8.96125,48.2547
46666,3968,4567,4389,3852,4521,6713,6396,4174,4223,5568,5205,4042,3594,3868,3873,3625,-3.55495,-1.04389,8.5426,48.3853
46667,3416,3350,3243,3012,4137,3854,3526,3190,7387,5123,3855,3374,10600,6150,3916,3356,20.5882,-24.8168,8.52152,47.6593
46668,3252,3490,3317,3222,3675,3790,3856,3501,4323,5607,5132,4184,4920,8287,7168,4493,22.0584,-1.64912,8.71963,48.1447
46669,3143,3273,3390,3317,3208,3464,3809,4017,3333,3772,4772,6612,3417,3821,6048,12247,25.1663,29.8344,8.7601,47.762
46670,4015,4534,4609,3934,4208,6280,7209,4486,3823,4933,5318,3912,3512,3892,4003,3616,-5.20906,1.76704,8.78721,48.1893
46671,3335,3315,3264,3137,3758,3899,3592,3462,4906,5938,4466,3739,6637,9411,5632,3927,23.254,-8.8206,8.83246,48.2787
46672,4890,8778,7875,4627,4261,5147,4830,3974,3633,3721,3622,3537,3295,3411,3208,3324,-27.6401,-1.3584,8.78352,48.0887
46673,3442,3422,3227,3198,4195,3908,3506,3216,7626,5087,3869,3455,10529,5717,3986,3240,19.2503,-33.9781,8.55032,47.7487
46674,3337,3679,4723,5889,3327,3826,5539,9636,3235,3619,4651,6258,3088,3372,3827,4076,-6.24383,24.4929,8.94008,48.0547
46675,3711,3907,3637,3415,4598,5611,4356,3571,5263,8064,5046,3760,4419,4938,4256,3545,5.46172,-7.86766,8.95955,48.0647
46676,3094,3229,3480,3434,3246,3339,3815,3785,3350,3818,4786,5936,3444,3899,6124,12878,31.5277,28.6682,8.80728,47.7713
46677,5693,9579,6583,4178,4426,5097,4583,3964,3642,3796,3593,3354,3334,3371,3346,3218,-31.199,-5.12479,8.87668,47.838
46678,12418,5858,3892,3463,6354,4795,3770,3381,3897,3860,3399,3360,3369,3361,3189,3147,-25.6513,-31.8376,8.7876,47.6753
46679,3118,3228,3280,3418,3195,3489,3802,3879,3406,4013,4941,5771,3459,4233,7487,10975,30.5308,19.9898,8.62293,47.796
46680,8246,7968,4485,3547,6111,5881,4210,3591,3919,4070,3637,3301,3438,3524,3303,3149,-20.4442,-15.7479,8.5241,48.2533
46681,3672,3816,3537,3209,4572,4922,3868,3481,6079,7978,4739,3618,5190,5681,4242,3621,9.1688,-11.2184,8.66936,48.15
46682,3746,4771,7213,5635,3719,4919,7398,5533,3441,3749,4216,4027,3219,3379,3648,3498,-15.2195,9.33415,8.73995,48.074
46683,3432,3552,3244,3130,4430,4073,3463,3307,8384,5113,3850,3368,9423,5561,3952,3370,16.4744,-33.9496,8.7521,47.768
46684,3285,3712,5106,7071,3347,3803,5217,9888,3293,3624,4376,5416,3122,3378,3627,3742,-9.74694,27.3005,8.67885,48.0047
46685,3564,3527,3169,3113,4741,4197,3519,3288,8950,5268,3819,3372,8876,5550,3882,3275,14.7625,-26.3868,8.93264,48.0733
46686,11451,7191,4078,3468,5998,4889,3863,3350,3904,3834,3484,3171,3509,3322,3243,3128,-27.7706,-21.753,8.78383,47.922
46687,3331,3418,3438,3257,3679,4104,4119,3587,4347,6359,6081,4242,4478,6623,6441,4442,15.9986,-0.792419,8.59748,47.964
46688,3398,4179,6492,7057,3446,4230,6783,7222,3364,3645,4249,4535,3117,3296,3500,3573,-14.2902,16.2834,8.77281,48.0573
46689,3387,3427,3198,3134,4226,3958,3502,3262,7499,5088,3831,3372,10497,5971,3922,3401,19.4649,-25.5871,8.53276,47.7833
46690,3468,3888,6555,12181,3460,3852,4855,5931,3177,3408,3874,3882,3071,3141,3328,3399,-28.1987,24.4926,8.6857,47.6467
46691,3292,3620,3984,3903,3518,4161,5711,4925,3591,4736,7719,5886,3489,4121,4833,4664,4.78803,10.9703,8.60766,48.102
46692,3166,3438,3920,4214,3314,3754,4896,6704,3464,3875,5605,9094,3162,3614,4639,5486,4.25303,22.4432,8.98421,48.23
46693,6211,4776,3714,3321,9120,5910,4034,3400,5979,4711,3771,3230,4042,3705,3433,3133,-7.18916,-21.7475,8.54332,48.3267
46694,3131,3342,3611,3438,3276,3517,3961,4581,3383,3773,5202,8569,3311,3946,5354,9269,15.6893,29.2756,8.67194,47.776
46695,4686,4135,3465,3160,8037,4886,3710,3299,8557,5019,3695,3244,4950,4326,3590,3177,0.902011,-26.5188,8.8265,47.9573
46696,3894,3803,3447,3187,5465,4766,3793,3299,8592,6475,4110,3329,6039,5113,3989,3422,8.19207,-19.0824,8.93655,48.482
46697,3349,3629,4155,4362,3302,3897,5603,6758,3439,3952,6156,7372,3372,3737,4439,4823,1.45739,18.1565,8.67225,48.23
46698,4154,6456,9263,5683,3881,4572,5557,4647,3561,3689,3809,3673,3125,3254,3301,3285,-25.173,5.64928,8.54263,47.94
46699,3198,3619,3907,4040,3351,3936,5383,5863,3503,4173,6833,7728,3235,3683,4780,5161,4.45633,17.0581,8.77704,48.262
46700,3274,3487,3989,4449,3364,3850,5259,6764,3377,3945,5879,8028,3292,3716,4346,5067,2.60574,20.4567,8.76417,48.0573
46701,4663,6214,4814,3872,5003,7939,5525,3818,4064,4502,4051,3574,3395,3652,3503,3406,-11.2212,-5.74696,8.68501,47.9967
46702,3591,3817,3858,3560,4028,5117,4944,3776,4332,7221,6565,4249,3993,4797,4569,3869,5.37013,-1.23837,8.90224,48.1907
46703,3527,3730,3508,3313,4277,4850,4051,3503,5401,8131,5196,3759,4787,6044,4634,3711,10.0156,-7.47756,8.88725,48.2813
46704,3348,3455,3274,3191,3919,3902,3509,3262,5545,5131,4124,3482,9472,8574,4343,3563,33.005,-16.5189,8.56246,48.0627
46705,10896,7580,4173,3319,5729,4987,3835,3393,3919,3850,3347,3241,3382,3454,3281,3211,-33.9308,-19.6297,8.94104,47.7313
46706,3847,5476,9965,6941,3658,4371,5441,4992,3319,3541,3862,3762,3027,3300,3383,3249,-25.5818,9.82472,8.91969,48.0893
46707,3653,4748,8510,7859,3596,4197,5839,5679,3320,3622,3941,3941,3120,3207,3455,3361,-22.3287,13.7955,8.61152,48.032
46708,3432,3549,3329,3173,4381,4034,3671,3261,6675,6269,4069,3577,7889,6999,4371,3511,17.2026,-16.1152,8.97445,48.1267
46709,3625,3415,3254,3092,4952,4061,3552,3245,9435,5164,3729,3398,8236,5228,3939,3288,13.1828,-29.771,8.89116,47.742
46710,3303,3787,4861,6746,3189,3745,5476,10019,3218,3632,4433,5655,3077,3325,3709,3815,-9.02676,25.2613,8.84201,47.9933
46711,3137,3258,3376,3360,3331,3553,3810,3767,3694,4466,5212,4710,3823,6120,9856,6443,29.3441,7.92918,8.78362,47.944
46712,3253,3536,3624,3567,3559,3978,4728,4200,3823,5170,8113,5398,3680,4513,6080,5037,10.0432,8.18765,8.70373,48.1727
46713,4028,6006,9727,6342,3792,4364,5486,4766,3359,3575,3749,3694,3069,3294,3307,3301,-26.7918,7.44185,8.62682,47.906
46714,6555,9055,5309,3876,5066,6000,4467,3652,3869,3863,3690,3364,3431,3380,3241,3242,-22.0677,-9.32942,8.81949,48.04
46715,4062,5337,6134,4432,4067,6212,7242,4528,3596,4131,4522,3787,3398,3548,3593,3483,-12.1734,2.29062,8.76338,48.048
46716,4023,3791,3454,3236,6217,4770,3638,3254,9343,5907,3812,3369,5810,4716,3706,3302,6.15836,-22.0395,8.95808,48.232
46717,3037,3265,3476,3544,3285,3483,4073,4368,3451,4014,5928,7260,3512,4151,6523,8829,17.5593,19.6621,8.60784,48.1327
46718,3403,3416,3230,3172,3685,3864,3621,3463,4918,5803,4564,3783,6256,9372,5807,3941,23.0421,-7.72898,8.61081,48.1987
46719,3303,3368,3339,3179,3547,3826,3605,3564,4282,5193,4799,4029,5052,8863,7514,4533,27.6606,-2.32455,8.64459,47.9973
46720,3474,3944,6150,12532,3344,3772,4854,6097,3220,3395,3817,3920,3132,3167,3423,3389,-27.9658,26.2995,8.66256,47.7533
46721,8261,9446,4904,3737,5170,5252,4077,3569,3924,3809,3601,3320,3326,3408,3286,3145,-31.3251,-13.0894,8.91596,48.1567
46722,8378,5721,3962,3414,8581,5588,3929,3384,4623,4111,3612,3272,3598,3534,3283,3083,-14.6109,-23.0368,8.78414,48.0487
46723,3436,3885,5903,12426,3397,3698,4731,5811,3311,3409,3636,3921,3141,3276,3509,3436,-32.6515,31.3835,8.6824,47.284
46724,3524,4318,5908,5510,3573,4587,8008,6343,3412,3912,4779,4517,3228,3488,3616,3664,-10.4034,11.7259,8.91637,48.258
46725,3371,3973,5948,12413,3338,3805,4828,6556,3266,3395,3743,3979,3180,3288,3433,3247,-26.0441,31.5419,8.79818,47.842
46726,3475,4056,5817,6926,3537,4148,6607,7660,3382,3675,4394,4678,3299,3370,3628,3539,-12.7755,17.8002,8.62015,48.1273
46727,3250,3643,4291,4617,3311,3975,5454,7546,3362,3847,5615,7632,3204,3591,4242,4601,0.0187983,21.1428,8.68955,48.1207
46728,7889,5663,3905,3242,8637,5792,3947,3449,4873,4364,3619,3261,3659,3616,3382,3084,-13.3335,-21.4959,8.79903,48.2547
46729,3372,3795,5840,12550,3327,3782,4717,5944,3357,3318,3689,3917,3290,3318,3442,3322,-33.2189,31.6032,8.74696,47.32
46730,4695,4426,3586,3324,7237,5987,3963,3483,6884,5881,3862,3394,4587,4299,3618,3308,-0.795913,-18.0318,8.5883,48.356
46731,3528,4036,4907,4486,3733,4914,7931,5441,3587,4250,5808,4900,3312,3651,4101,3889,-4.16552,9.02912,8.72722,48.316
46732,3401,3482,3343,3010,4264,3906,3556,3178,7218,5535,4049,3442,9987,6400,4140,3461,19.4497,-21.5082,8.61367,48.248
46733,10232,6909,4190,3348,6681,5289,3937,3460,4084,3954,3474,3178,3358,3492,3338,3007,-21.5221,-20.3543,8.86719,47.954
46734,3201,3523,4681,5802,3272,3809,5400,9581,3330,3702,4635,6436,3233,3474,3843,4163,-5.77922,25.2053,8.93537,48.0567
46735,3387,3458,3227,3160,3921,3902,3433,3136,5599,5046,3866,3487,10616,7914,4280,3422,30.9559,-19.0002,8.70449,47.9027
46736,3051,3201,3503,3574,3290,3497,3978,4158,3412,3993,5421,7308,3358,4124,6667,9725,19.3412,21.1168,8.71152,48.1733
46737,3075,3297,3344,3435,3427,3648,3984,3808,3745,4484,5682,4780,4045,5976,9441,6139,24.0047,7.45072,8.57502,48.2067
46738,3522,3559,3403,3131,4218,4341,3745,3297,5819,7268,4474,3672,6204,7145,4707,3669,15.0224,-11.4206,8.51652,48.116
46739,3392,4275,7641,10681,3411,3895,5024,5712,3231,3501,3721,4039,3128,3334,3374,3402,-32.8886,18.9318,8.91866,47.8407
46740,3315,3466,3745,3710,3570,4043,4995,4357,3692,5110,7901,5501,3772,4421,5695,4900,9.42024,8.45927,8.56685,48.1287
46741,3582,3532,3333,3113,4112,4189,3525,3362,6678,6150,4167,3476,7694,7268,4378,3521,17.5573,-15.9639,8.53345,48.0533
46742,3402,3815,5148,6699,3498,3972,6208,8920,3381,3624,4511,5283,3140,3408,3717,3741,-9.95182,20.9572,8.76789,48.3113
46743,3233,3251,3359,3325,3503,3584,3669,3659,3777,4679,5092,4448,4183,6931,9446,5549,32.5616,4.09917,8.89001,47.792
46744,9099,5568,3845,3371,8589,5166,3768,3351,4596,4028,3602,3265,3549,3438,3251,3149,-15.6348,-33.1739,8.65253,47.7567
46745,3436,3756,4875,5740,3325,4005,6490,8331,3402,3716,4878,5734,3210,3437,3825,4053,-6.88898,19.0339,8.66998,48.142
46746,3102,3247,3447,3430,3401,3602,4177,4150,3608,4172,6362,6214,3641,4488,7613,7346,17.8555,14.0305,8.86444,48
46747,3408,3458,3229,3133,4110,4037,3499,3412,6139,5848,4171,3510,8380,7967,4492,3541,20.1248,-15.7707,8.71399,48.2227
46748,3321,3808,5497,9008,3404,3794,5277,9035,3224,3607,4038,4645,3128,3282,3409,3527,-15.014,26.9691,8.87465,48.0027
46749,3275,3244,3335,3220,3435,3618,3890,3754,3868,4623,5209,4540,4115,6491,9762,5890,31.4693,5.74289,8.93909,48.1793
46750,3688,3652,3211,3109,5067,4302,3526,3327,9183,5659,3843,3497,7851,5291,3763,3399,12.3456,-24.5657,8.5187,48.2453
46751,3239,3419,3783,3916,3313,3836,4877,5269,3494,4243,7166,7463,3373,3958,5334,5564,7.94378,15.6192,8.8561,48.1647
46752,5086,9018,7449,4310,4416,5041,4762,4006,3667,3811,3734,3440,3206,3293,3325,3236,-30.9248,-2.463,8.64505,47.8667
46753,4743,7905,7648,4763,4357,5478,5297,4130,3589,3825,3817,3562,3223,3382,3304,3231,-22.6256,-0.436168,8.62911,48.1693
46754,3272,3964,5939,11510,3398,3726,4903,7337,3133,3413,3848,4152,3039,3223,3421,3376,-21.4188,27.1469,8.86414,47.7693
46755,3826,5505,8102,5761,3748,4888,6796,5046,3428,3821,4013,3873,3204,3378,3458,3527,-18.0981,7.65125,8.99642,48.2493
46756,3392,3867,5520,9796,3425,3843,5107,8242,3234,3450,3994,4427,3053,3252,3514,3484,-16.815,31.5186,8.57779,47.7333
46757,3517,3852,5896,12497,3338,3785,4798,6236,3240,3381,3750,3835,3182,3292,3415,3312,-28.0753,31.0872,8.59269,47.5507
46758,12375,5981,4023,3336,6737,4782,3792,3413,4050,3795,3448,3248,3287,3293,3258,3114,-23.8412,-31.1064,8.96659,47.9547
46759,3214,3397,3432,3284,3507,3830,4076,3850,3862,5041,6580,4669,4089,5907,8060,5430,18.5542,5.40685,8.58635,48.152
46760,3451,4052,5836,11934,3420,3780,4838,6867,3208,3454,3822,3977,3150,3271,3513,3295,-23.1798,30.8939,8.78736,47.912
46761,3691,4842,7804,6722,3648,4341,6435,5830,3376,3680,4263,4041,3170,3360,3520,3461,-18.0361,11.8535,8.53576,48.1227
46762,3520,4058,6629,10807,3375,3837,5121,6947,3134,3606,3918,4105,3109,3176,3428,3410,-21.0305,21.7008,8.98749,48.12
46763,3350,3341,3268,3237,3837,3808,3572,3208,5264,5223,4119,3489,8816,9039,4689,3577,31.198,-14.5338,8.86695,47.8913
46764,5599,4684,3692,3345,9018,5799,3868,3364,6250,4773,3688,3306,4167,3951,3324,3098,-5.68977,-22.5562,8.76127,47.9507
46765,3350,3647,4602,6180,3308,3717,5260,10020,3371,3712,4464,6163,3107,3347,3807,4074,-6.63275,29.73,8.78553,48.086
46766,3381,3479,3218,3053,3996,3868,3489,3281,5753,4961,3927,3382,10573,7743,4226,3503,28.8601,-19.3845,8.51344,47.8887
46767,3512,4631,7819,6886,3636,4377,6696,6024,3454,3682,4158,4149,3127,3322,3428,3316,-17.3088,12.7353,8.76164,48.1447
46768,3293,3369,3322,3203,3834,4063,3677,3405,5061,6235,4512,3682,6430,8959,5403,3792,21.4697,-8.95995,8.52318,48.16
46769,3392,3400,3141,3076,3929,3790,3449,3162,6278,4872,3761,3347,12382,6343,3883,3345,27.1878,-26.1323,8.83472,47.7
46770,3328,3918,5986,12787,3369,3809,4627,6037,3210,3489,3728,3858,3156,3270,3450,3379,-30.4989,30.6342,8.83947,47.6007
46771,3476,4106,7148,10485,3515,3815,5229,6496,3278,3526,3897,4083,3040,3245,3437,3497,-22.2273,19.9502,8.89811,48.182
46772,3157,3245,3331,3438,3262,3404,3863,3841,3485,3791,5088,5958,3417,4192,7399,11291,27.7252,20.7305,8.58736,48.108
46773,3461,3404,3228,3268,3872,3700,3709,3380,4940,5247,4305,3708,6871,9790,5220,3842,33.799,-9.66166,8.55227,47.9633
46774,3128,3341,3673,3660,3307,3597,4068,4866,3348,3841,5328,8605,3307,3897,5378,8629,14.4091,24.9045,8.53575,47.982
46775,3164,3603,4056,4696,3370,3627,4836,8041,3404,3758,4956,8385,3386,3574,4176,4864,0.712862,30.6624,8.67934,47.9307
46776,4009,3716,3383,3039,6051,4485,3624,3331,9831,5270,3833,3320,6350,4712,3760,3321,7.35734,-29.0575,8.77297,48.0233
46777,4452,3993,3464,3142,7208,4714,3892,3281,9087,5085,3746,3306,5333,4299,3716,3343,2.89629,-32.1161,8.60056,48.0407
46778,3405,3899,4193,4013,3707,4768,6562,4851,3688,4910,7329,4924,3577,3975,4411,4069,1.02631,7.36046,8.95065,48.1873
46779,5560,4601,3687,3273,9654,5081,3776,3286,6897,4636,3632,3328,4231,3849,3352,3218,-4.45603,-30.7757,8.97764,48.0407
46780,3811,3890,3534,3388,4971,5270,3988,3523,6654,7795,4380,3662,5050,5235,3941,3539,7.05666,-13.1956,8.6547,48.4207
46781,3224,3404,3794,4106,3303,3724,4408,5929,3422,3705,5208,9838,3385,3646,4728,6338,7.41986,30.5225,8.60733,48.108
46782,12583,6071,3891,3353,6019,4764,3734,3401,3918,3788,3402,3267,3370,3345,3224,3113,-29.2962,-31.4849,8.74004,47.4953
46783,7979,6590,4326,3501,7078,6299,4111,3425,4348,4080,3573,3319,3585,3523,3320,3075,-16.6779,-17.7692,8.5939,48.088
46784,3187,3261,3372,3408,3286,3526,3811,3943,3304,3871,4775,6338,3332,3863,6087,12272,25.4379,28.8441,8.51439,47.7573
46785,3132,3224,3443,3354,3247,3468,3885,4087,3336,3829,4967,6934,3252,3964,6107,11908,22.6286,27.4222,8.65933,48.0913
46786,3493,4420,7635,10170,3456,4000,5207,6010,3254,3476,3858,4068,3048,3264,3292,3395,-24.9865,18.5069,8.62446,48.0307
46787,5728,4600,3679,3292,9694,5192,3842,3357,6557,4459,3652,3248,4241,3902,3507,3257,-5.18683,-32.3692,8.8149,48.138
46788,10141,8256,4257,3574,5544,5084,3870,3422,3919,3883,3397,3349,3438,3393,3191,3147,-30.8537,-17.4843,8.94302,47.91
46789,4058,4207,3642,3518,5109,6567,4505,3561,5512,7343,4646,3636,4270,4555,3900,3358,1.39801,-9.36552,8.77422,48.258
46790,3488,3509,3219,3041,4669,4150,3421,3312,9060,5171,3783,3254,9023,5538,3854,3376,14.9541,-28.5385,8.89491,47.912
46791,3533,3477,3321,3246,4252,4548,3973,3529,5785,7929,4819,3780,5507,6407,4476,3662,12.0085,-9.72152,8.9476,48.1627
46792,3287,3598,4153,4906,3367,3647,4884,8578,3326,3741,4866,8013,3207,3568,4234,4557,-1.02134,28.8324,8.59757,47.9547
46793,6307,5517,4205,3391,7789,7100,4277,3617,4927,4531,3749,3313,3727,3642,3369,3192,-10.1252,-16.8763,8.59849,48.4353
46794,7796,9458,4984,3613,5127,5340,4216,3652,3809,3831,3506,3301,3377,3522,3308,3197,-33.666,-12.1472,8.75777,48.0247
46795,3162,3418,3815,3990,3219,3588,4309,5714,3314,3832,5375,9782,3269,3757,4856,6763,8.6301,27.4823,8.83219,48.1087
46796,3424,3737,4801,5492,3475,3952,6231,8701,3260,3648,4955,5999,3183,3537,3953,4004,-5.93097,20.0031,8.91889,48.2347
46797,6630,9606,5901,3990,4756,5501,4406,3724,3739,3919,3667,3359,3352,3308,3268,3179,-26.3506,-8.67798,8.61732,48.2033
46798,3753,4977,8456,6690,3611,4308,6437,5587,3412,3680,4100,3984,3141,3220,3443,3372,-19.266,10.898,8.83318,48.114
46799,3916,3811,3310,3326,5127,5207,3772,3426,7269,7410,4319,3516,5215,5220,4026,3469,7.07423,-15.1831,8.97594,48.226
46800,3079,3228,3305,3420,3259,3383,3735,4086,3340,3835,4831,6854,3383,3935,6155,12205,24.3537,26.8896,8.96959,48.022
46801,3391,3801,6053,12787,3290,3623,4807,6115,3233,3391,3815,3763,3198,3239,3321,3342,-27.7995,29.7522,8.94079,47.446
46802,3382,3813,5311,8297,3321,3940,5328,9225,3380,3439,4184,4772,3081,3423,3536,3496,-13.4879,33.9058,8.58738,47.952
46803,3327,3593,4246,5357,3290,3707,5056,9536,3399,3735,4784,7187,3220,3422,3881,4298,-3.61703,28.7918,8.95574,48.0253
46804,3101,3374,3568,3637,3185,3604,4347,4802,3490,4005,5785,8608,3352,3910,5586,7695,13.4047,21.9602,8.73873,48.0327
46805,9224,8581,4548,3501,5409,5128,4135,3465,3747,3846,3586,3242,3395,3314,3233,3108,-32.384,-15.5008,8.83572,47.6413
46806,3588,3949,4330,4017,3785,5100,7101,4880,3747,4940,6636,4754,3449,3815,4260,4064,-0.816816,6.41654,8.89215,48.2767
46807,3915,4799,5568,4326,4131,6279,7689,4702,3806,4369,4844,3969,3411,3408,3719,3425,-9.67851,2.66429,8.97642,48.24
46808,3431,3501,3193,2994,3905,3842,3511,3155,6490,5100,3878,3446,10910,7043,4051,3608,23.7656,-21.4588,8.65823,48.0387
46809,3072,3275,3316,3406,3324,3465,3917,3882,3720,4150,5267,5442,3667,4814,8851,8598,25.7975,14.1803,8.59707,48.1107
46810,8169,5625,3876,3387,8703,5563,4010,3388,4681,4145,3589,3240,3763,3520,3257,3136,-14.1573,-22.9699,8.66796,48.0347
46811,3374,3656,4742,6489,3371,4027,5532,9687,3293,3740,4511,5843,3103,3370,3722,3955,-8.16013,25.0809,8.61183,48.2767
46812,4934,8449,7913,4567,4207,5006,4855,4083,3588,3824,3714,3570,3376,3298,3413,3305,-31.5418,-0.839588,8.67054,48.068
46813,4795,4597,3806,3324,6898,7005,4179,3454,5630,5731,4012,3467,4190,3974,3608,3279,-3.4006,-14.6731,8.95694,47.966
46814,4483,4310,3641,3218,6616,6006,3897,3413,6850,6259,4202,3436,4516,4419,3702,3305,0.601019,-16.624,8.82819,48.182
46815,6279,8443,5392,3828,5125,6347,4614,3794,3841,4039,3671,3516,3389,3361,3198,3163,-19.7657,-8.92978,8.65061,48
46816,3396,4206,5856,6509,3521,4173,6973,7513,3321,3813,4393,4744,3230,3325,3623,3661,-12.1804,16.3531,8.87167,48.1713
46817,3198,3323,3366,3366,3392,3661,3924,3553,3841,4544,5184,4562,4116,6562,9659,5800,29.5958,5.31145,8.86987,48.034
46818,3307,3302,3119,3087,3925,3850,3585,3285,6297,4846,3798,3339,12575,6016,3942,3383,27.6421,-27.9257,8.65887,47.7707
46819,3127,3296,3468,3552,3222,3438,4056,4474,3410,3783,5040,8737,3356,3875,5538,9407,16.1278,32.4026,8.58492,47.8527
46820,3467,3615,3499,3337,4166,4718,4094,3620,5226,8306,5262,3909,4781,5964,4741,3827,10.4696,-6.78888,8.9064,48.3547
46821,11264,5802,3982,3412,7254,5064,3641,3372,4065,3752,3533,3197,3355,3377,3237,2985,-20.9627,-33.8921,8.99549,47.528
46822,3366,3348,3298,3160,3972,3743,3402,3285,6578,4861,3846,3352,12147,5878,4029,3497,23.7507,-32.5231,8.71572,47.8413
46823,12255,6187,4038,3288,6436,4817,3842,3405,3980,3910,3460,3187,3368,3394,3207,3074,-26.232,-26.8388,8.6802,47.8987
46824,11324,6120,3973,3491,7145,4971,3890,3329,4138,3882,3489,3306,3427,3396,3208,3086,-21.8362,-26.2182,8.50316,48.1167
46825,3387,3767,5085,7013,3363,3817,5385,9727,3239,3538,4284,5538,3143,3420,3662,3896,-10.094,27.3103,8.55666,48.176
46826,4453,4074,3511,3149,7129,4688,3725,3206,9194,4972,3869,3295,5363,4357,3547,3321,3.38254,-29.0758,8.56401,47.902
46827,3857,3981,3631,3364,4914,6056,4473,3509,5629,7898,4860,3701,4439,4805,4043,3549,3.88916,-9.33016,8.77291,48.4727
46828,12505,5968,4012,3363,6031,4741,3758,3382,3904,3727,3494,3253,3305,3363,3306,3114,-29.1728,-30.4651,8.73669,47.484
46829,3021,3210,3505,3313,3327,3492,3780,3767,3510,4055,5209,5310,3685,4793,9292,8532,31.2909,13.6301,8.67909,47.8673
46830,3277,3670,4855,6585,3317,3787,5307,9880,3188,3593,4388,5867,3134,3328,3751,3993,-8.14218,27.2531,8.92875,47.9467
46831,3135,3126,3483,3442,3250,3469,3881,3954,3397,3934,5104,6379,3458,4013,6905,11207,24.6292,22.1497,8.98192,48.0913
46832,5133,6934,5319,3935,4967,7499,5355,3956,4087,4331,3902,3559,3536,3492,3429,3184,-13.8917,-5.93519,8.67732,48.412
46833,4526,3938,3477,3257,7476,4930,3739,3371,8922,5245,3733,3390,5195,4310,3524,3265,2.63709,-27.6596,8.54189,48.1987
46834,4608,4760,3929,3553,6122,7530,4511,3601,5219,5911,4148,3470,4024,3906,3592,3377,-3.88429,-11.4954,8.50987,48.174
46835,3444,3814,5098,6874,3414,3932,5972,9183,3277,3530,4485,5333,3047,3348,3605,3887,-9.43006,21.8309,8.80756,48.162
46836,3228,3375,3340,3198,3475,3636,3869,3620,3918,4740,5191,4342,4268,7184,9382,5361,30.5465,3.12325,8.95256,48.0847
46837,3566,3837,3895,3645,3824,4851,5354,4049,4094,6219,7369,4544,3836,4504,4952,4209,5.50948,2.42037,8.70293,48.4987
46838,4031,4184,3681,3420,5065,6599,4631,3606,5460,7232,4692,3680,4326,4434,3964,3452,1.74938,-9.30634,8.68352,48.3047
46839,3025,3270,3432,3431,3229,3583,3909,3767,3674,4142,5228,5073,3745,5098,9403,7932,29.4497,12.2188,8.69738,47.9607
46840,8593,6540,4152,3462,7523,5959,4039,3422,4408,3913,3571,3242,3610,3326,3250,3097,-17.022,-19.4086,8.72837,48.0713
46841,3457,3858,4244,3943,3778,4849,6616,4701,3715,4924,7229,4850,3516,3997,4503,4066,1.12882,6.61411,8.75493,48.164
46842,3759,3708,3429,3218,4547,4945,3990,3438,6093,8032,4682,3629,5140,5657,4269,3593,9.06948,-11.1923,8.63299,48.086
46843,3267,3897,6321,12485,3372,3808,4822,5983,3187,3353,3723,3979,3151,3232,3389,3411,-31.951,26.942,8.54071,47.5867
46844,4896,5083,4023,3460,6228,7783,4657,3569,5015,5494,4143,3429,3885,3937,3568,3351,-5.28987,-11.7023,8.92183,48.3473
46845,5059,8510,7812,4462,4316,5097,4795,4142,3618,3740,3778,3541,3179,3363,3540,3335,-33.506,-1.2056,8.51709,48.1913
46846,7902,9730,5029,3708,5124,5139,4168,3554,3798,3792,3603,3386,3284,3379,3344,3232,-30.2801,-12.3855,8.98294,48.1147
46847,5203,9227,7473,4380,4360,5057,4628,4072,3500,3917,3786,3500,3341,3329,3259,3315,-29.6077,-2.80877,8.51683,48.2313
46848,3928,5018,5274,4401,4198,6201,7668,4571,3759,4416,4952,3994,3395,3643,3759,3479,-8.3512,2.78205,8.87982,48.4373
46849,3432,3821,5974,12391,3417,3633,4851,6556,3263,3399,3751,4011,3092,3165,3348,3439,-24.5718,30.2882,8.9132,47.6953
46850,4756,7160,6107,4339,4377,6693,5909,4100,3783,4065,4058,3730,3408,3535,3520,3318,-15.9659,-2.29454,8.96622,48.572
46851,3806,4485,5588,4749,3773,5276,8136,5397,3596,4116,4998,4255,3318,3620,3792,3639,-8.92759,7.11194,8.57677,48.3627
46852,3907,4121,3815,3516,4695,6490,4664,3574,5133,7272,5038,3831,4146,4549,4012,3570,1.79884,-7.36799,8.72321,48.222
46853,3179,3556,4025,4525,3413,3774,4719,7840,3302,3804,5028,8797,3208,3615,4236,4935,1.55379,33.3647,8.75841,47.9707
46854,3522,4505,8598,9412,3523,4118,5228,5396,3221,3496,3802,3911,3184,3178,3427,3522,-28.3401,16.0492,8.72844,48.0287
46855,3147,3329,3671,3655,3290,3622,4498,4922,3367,4067,6354,8349,3467,3949,5644,7012,11.76,19.3397,8.52984,48.2287
46856,3168,3206,3530,3311,3368,3578,3740,3822,3820,4487,5279,4741,4048,6034,9906,6313,28.1946,7.34296,8.71925,48.234
46857,5267,7387,5562,4046,4820,6949,5241,3862,3778,4254,3846,3585,3389,3423,3516,3307,-16.2647,-5.48931,8.64159,48.1547
46858,3339,3632,3924,3928,3606,4257,5727,4937,3612,4615,7661,5965,3481,4031,4943,4688,4.50862,10.8016,8.53072,48.2307
46859,3488,4236,6445,8078,3389,4087,6095,7458,3303,3614,4107,4450,3057,3267,3451,3494,-16.0371,18.1029,8.79573,48.0127
46860,5132,4726,3759,3309,7595,6706,4059,3388,5915,5334,3904,3384,4133,3985,3568,3115,-4.25479,-16.9122,8.85118,48.008
46861,3226,3403,3370,3173,3525,3934,3899,3659,4157,5297,5572,4321,4440,7181,7941,4940,21.4569,1.39201,8.52745,48.0253
46862,3651,4201,4798,4331,3827,5203,7768,5165,3707,4560,5891,4502,3451,3663,3908,3656,-4.16209,7.01181,8.7329,48.188
46863,3388,3314,3199,3177,3761,3766,3603,3421,5116,5422,4237,3581,7446,9771,5111,3776,28.8823,-11.0551,8.7653,48.0593
46864,5255,5202,4084,3555,6644,7721,4442,3552,4975,5142,3909,3384,3811,3721,3479,3276,-7.5269,-13.2274,8.60867,48.1013
46865,3184,3375,3614,3437,3512,3834,4189,3788,3946,5329,6815,4716,4005,5725,7617,5218,16.7078,5.1405,8.59448,48.2027
46866,3442,3352,3224,3045,3959,3829,3565,3219,6318,5048,3832,3406,11180,7104,4109,3491,24.4343,-21.2692,8.76401,48.082
46867,5269,6666,4458,3629,5906,8031,4695,3823,4303,4551,3825,3418,3574,3578,3503,3246,-12.2335,-10.0153,8.92599,48.3167
46868,3108,3260,3245,3251,3410,3730,3766,3697,4081,4876,5232,4241,4502,7660,8725,5142,26.5908,1.96858,8.7758,47.9507
46869,4696,4647,3817,3504,6239,7323,4352,3537,5570,5930,4243,3426,4153,4130,3676,3444,-2.93728,-13.0169,8.76482,48.458
46870,3325,3594,3897,3908,3457,4143,5740,4883,3603,4688,7764,6000,3473,3942,4945,4700,4.54116,10.9326,8.68344,48.0413
46871,3488,3395,3215,3125,3945,3800,3410,3184,5999,4742,3671,3374,12734,5955,3864,3475,32.6412,-29.0953,8.86329,47.584
46872,3764,5356,9220,6858,3635,4313,6076,5179,3375,3685,3993,3761,3120,3199,3374,3326,-21.6531,10.2671,8.86743,48.156
46873,7445,6606,4338,3501,7176,6465,4050,3569,4416,4196,3557,3294,3521,3565,3227,3093,-15.1909,-16.7993,8.83789,48.0127
46874,4520,5780,4584,3688,5138,8165,5490,3821,4208,5166,4115,3511,3583,3785,3589,3388,-8.89354,-5.95225,8.92407,48.354
46875,3320,3780,4132,3960,3552,4588,6457,4933,3688,4950,7265,5171,3479,3994,4466,4141,2.07691,7.722,8.72977,47.9173
46876,4151,4299,3733,3340,5422,6571,4341,3706,5703,7073,4388,3611,4322,4429,3896,3375,1.31121,-10.9712,8.97176,48.24
46877,3175,3453,3722,3605,3513,4132,4906,4295,3907,5158,7972,5458,3673,4507,5909,4800,9.75848,8.23311,8.59933,48.1233
46878,3097,3263,3428,3401,3306,3539,4008,4139,3472,4039,5591,6409,3487,4539,7588,9080,21.2674,17.8551,8.5168,48.2573
46879,3543,3573,3323,3090,4428,4057,3448,3334,8192,5050,3824,3466,9860,5636,3816,3349,17.4587,-29.6597,8.55768,47.9927
46880,3071,3299,3460,3334,3219,3434,3812,3934,3302,3754,4778,5953,3435,3916,6279,12682,29.6453,26.5076,8.98052,47.7747
46881,3179,3304,3497,3395,3287,3742,4015,3953,3717,4201,6229,5620,3642,4911,8321,7141,19.3688,12.1922,8.81266,48.1027
46882,3235,3264,3215,3082,3755,3881,3644,3463,4857,5484,4468,3678,6114,9709,6097,4003,25.329,-6.98442,8.92112,47.966
46883,3194,3194,3332,3405,3330,3575,3783,3850,3259,3769,4716,6196,3457,3913,5950,12636,27.4212,33.0476,8.91818,47.706
46884,5807,5580,4032,3441,7234,7362,4422,3443,4921,4820,3812,3184,3807,3670,3492,3134,-9.51275,-15.0745,8.57665,48.1073
46885,3388,3714,4683,6270,3419,3852,5635,9468,3244,3625,4695,5850,3069,3389,3770,3981,-7.34122,24.0913,8.75752,48.0347
46886,3419,3824,3867,3632,3769,4605,5329,4118,3967,5953,7589,4804,3774,4479,5008,4280,6.23547,3.63342,8.77142,48.278
46887,3106,3302,3624,3685,3212,3587,4379,5387,3404,3768,5218,9817,3402,3757,4967,7210,10.4743,32.4154,8.88751,47.8833
46888,3377,3395,3314,3076,4051,3900,3567,3315,5627,5251,4095,3500,8859,8554,4602,3612,25.0773,-15.3532,8.73296,48.0633
46889,4579,4216,3637,3324,6813,6114,4088,3618,6821,5934,4124,3424,4589,4244,3703,3326,-0.468069,-16.7387,8.60539,48.3693
46890,3200,3425,3663,3604,3521,3813,4482,4381,3552,4525,7764,6449,3552,4276,6276,5666,11.8725,12.3494,8.73153,48.0993
46891,3393,3471,3211,3079,4222,3842,3426,3254,7089,5084,3717,3403,10939,6275,3982,3468,21.1225,-24.5328,8.77546,47.9033
46892,3113,3286,3453,3411,3227,3461,3735,4042,3310,3735,4933,6641,3444,3965,6056,11948,24.416,28.3465,8.51569,47.84
46893,4294,5120,4549,3860,4683,7641,6082,4051,4067,5059,4420,3694,3594,3754,3643,3365,-7.26841,-3.36701,8.89178,47.9173
46894,3476,4109,5366,6016,3458,4318,7133,7786,3411,3707,4664,5054,3266,3341,3801,3799,-9.60044,16.7773,8.58175,48.47
46895,3525,3502,3288,3226,4489,4004,3506,3117,8336,5140,3811,3397,9778,5437,3848,3318,16.8989,-31.3085,8.94322,47.8147
46896,3417,3353,3198,2995,3967,3824,3428,3168,6205,4995,3798,3346,11685,6863,3949,3424,25.0068,-22.6702,8.78476,47.7433
46897,4411,5637,4837,3894,4761,7845,6014,4028,3988,4832,4346,3605,3507,3709,3467,3276,-9.66026,-3.65855,8.84161,48.1047
46898,5785,6559,4519,3575,6279,7687,4558,3710,4233,4470,3734,3425,3444,3583,3466,3215,-12.6977,-11.5614,8.6514,48.1613
46899,3216,3380,3210,3119,3737,3804,3695,3467,4481,5194,4649,3834,5628,9600,6790,4147,31.9028,-4.57209,8.89769,47.9673
46900,3132,3234,3372,3350,3227,3367,3824,4026,3369,3795,4727,6423,3385,3907,6046,12662,26.3825,29.6965,8.96954,47.8973
46901,5143,8468,7034,4465,4446,5707,5033,4031,3663,3811,3769,3412,3294,3517,3321,3226,-22.25,-2.82991,8.56235,48.2267
46902,3868,3556,3382,3226,5159,4671,3687,3314,7971,6919,4189,3529,6073,5424,3951,3437,9.11528,-17.2003,8.71193,48.2373
46903,2983,3259,3441,3362,3216,3488,3771,3911,3375,3795,4762,6152,3303,3976,6337,12365,29.6039,25.953,8.67927,47.664
46904,3162,3374,3453,3382,3389,3887,4098,4074,3731,4937,7241,5142,3955,5176,7714,5534,16.1561,7.53192,8.87674,48.166
46905,3618,3540,3196,3165,4672,4151,3557,3356,8708,5396,3855,3427,8722,5503,3829,3367,15.0811,-26.1094,8.80377,48.0413
46906,10200,6654,4128,3373,7092,5259,3844,3302,4211,3956,3559,3246,3436,3465,3222,3040,-20.5926,-21.9784,8.68328,47.9913
46907,3323,3383,3335,3438,3591,3793,3796,3514,4068,5101,5342,4303,4736,7559,8139,4751,23.4825,0.516185,8.50268,48.1147
46908,4599,4979,4137,3510,5507,8070,5014,3755,4583,5816,4264,3561,3762,3945,3588,3371,-5.05576,-8.44806,8.86697,48.3073
46909,3254,3474,4180,4455,3331,3898,5495,6920,3414,3867,5963,7912,3273,3619,4327,4985,1.8257,20.0008,8.86064,48.2447
46910,12737,6097,3797,3347,5942,4618,3708,3444,3858,3750,3395,3275,3316,3383,3245,3276,-32.1075,-31.9023,8.81811,47.4587
46911,4134,6034,8904,5589,3878,4869,6152,4641,3439,3753,3888,3714,3212,3357,3479,3290,-20.9098,5.50743,8.69829,48.222
46912,3211,3328,3400,3344,3386,3670,3884,3706,3978,4644,5066,4434,4225,6918,9506,5593,29.6016,4.249,8.81874,48.1953
46913,3812,5484,9536,6599,3687,4414,5630,4939,3341,3656,3880,3761,3183,3271,3441,3367,-23.9832,9.44053,8.6942,48.0007
46914,3540,4565,8158,9173,3529,4048,5517,5775,3328,3490,3815,3904,3260,3193,3401,3267,-23.5967,16.416,8.8282,47.9753
46915,3614,3969,3940,3617,4268,5737,5180,3976,4293,6741,6137,4115,3924,4590,4481,3759,3.34024,-1.5237,8.74181,48.2273
46916,3384,3448,3110,3129,4068,3898,3462,3266,6811,5240,3963,3384,10634,6874,4239,3405,21.8818,-21.5148,8.91005,48.21
46917,3434,4004,6583,11784,3363,3801,4862,6334,3200,3432,3725,3936,3098,3232,3389,3414,-25.5836,24.6037,8.65326,47.7273
46918,3565,4072,5699,5092,3609,4480,8105,6291,3467,3925,5034,4673,3303,3500,3771,3857,-8.60754,11.7035,8.64991,48.2953
46919,4335,4105,3484,3174,6993,4760,3589,3304,9364,5154,3768,3402,5354,4425,3626,3221,3.39362,-32.2255,8.90249,48.0387
46920,3076,3291,3571,3489,3257,3482,4009,4416,3401,3901,5177,8026,3271,3922,5820,9843,17.6252,26.2804,8.57342,47.968
46921,3461,3324,3209,2977,4010,3780,3444,3163,6567,4933,3855,3387,12154,6226,3892,3291,23.7482,-28.758,8.97073,47.782
46922,3203,3503,3439,3307,3768,3993,3987,3753,4556,6141,5854,4293,4823,7124,6297,4454,17.0286,-1.55896,8.54484,48.33
46923,3650,4422,8441,10027,3409,4068,5156,5599,3250,3477,3750,3840,3084,3215,3295,3368,-28.5167,17.0254,8.95911,48.034
46924,3333,3540,4348,5011,3397,3891,5406,8421,3273,3794,4966,7361,3252,3557,4042,4539,-1.73743,23.1721,8.62498,48.0873
46925,3209,3280,3449,3635,3144,3471,3966,4461,3404,3787,5448,8641,3362,3968,5515,9424,16.0021,27.8118,8.91305,48.1093
46926,3671,4944,9644,7762,3499,4265,5295,5194,3314,3594,3614,3770,3180,3325,3495,3353,-29.8221,12.1435,8.62026,47.946
46927,3149,3197,3327,3265,3631,3810,3767,3510,4246,5003,5066,4201,4982,8348,8104,4628,26.7642,-0.664052,8.81072,48.156
46928,3819,4627,5940,4742,3850,5466,7971,4988,3573,4195,4904,4116,3267,3447,3674,3531,-10.1148,6.12889,8.55846,48.0733
46929,3196,3339,3322,3239,3477,3809,3798,3586,4062,4881,5424,4297,4459,7323,8883,5109,25.0874,2.49,8.52092,48.136
46930,3375,3427,3179,3190,3961,3805,3478,3385,5333,5128,3962,3549,9202,8736,4467,3517,29.4372,-15.4685,8.65613,47.796
46931,3341,3610,4519,5811,3320,3745,5222,9701,3229,3633,4577,6567,3160,3461,3844,4162,-5.33472,28.9068,8.83967,47.9347
46932,3789,4361,4032,3653,4273,6457,5473,4010,4436,6368,5476,3992,3883,4168,4063,3716,0.0723121,-2.23226,8.8601,48.1
46933,3157,3498,3919,4225,3261,3718,4621,6577,3486,3931,5365,9478,3385,3538,4519,5768,5.22744,25.0702,8.92985,48.2973
46934,3209,3486,3726,3529,3414,3883,4573,4314,3608,4652,7437,6291,3570,4386,6289,5770,12.6292,12.3091,8.567,48.0913
46935,3956,4054,3472,3298,5273,5608,3972,3469,6588,7609,4419,3603,4955,4865,4006,3451,4.89904,-13.1847,8.96018,48.3987
46936,5831,4707,3641,3310,9689,5592,3864,3267,6482,4607,3572,3283,4042,3788,3473,3188,-5.83582,-25.292,8.70663,48.224
46937,3226,3606,3972,4562,3367,3830,4855,7597,3404,3785,5335,8431,3243,3587,4317,5016,1.69813,23.8009,8.80115,48.0887
46938,3312,3422,3247,3181,3831,3843,3547,3286,5095,5392,4207,3644,7927,9525,5037,3643,28.8398,-11.936,8.53547,48.0927
46939,4329,4158,3624,3436,6205,6183,3977,3399,6739,6566,4224,3534,4613,4440,3693,3276,1.40212,-15.4488,8.92308,48.264
46940,3407,3366,3175,3102,4225,3933,3672,3323,5772,6355,4190,3614,7486,8241,4789,3571,19.7416,-13.3675,8.93048,48.1473
46941,5023,4845,3877,3329,6943,7439,4214,3484,5526,5478,3901,3361,4044,4057,3601,3312,-4.68632,-14.1578,8.99343,48.2893
46942,3395,3980,6878,11850,3394,3900,4886,6005,3261,3456,3823,3844,3124,3242,3517,3484,-27.5587,23.0557,8.83241,48.026
46943,3132,3356,3656,3817,3238,3547,4331,5354,3346,3905,5620,9542,3430,3764,5038,6940,10.2419,24.8187,8.74339,48.0107
46944,6966,8492,4943,3769,5640,6364,4391,3708,3913,4081,3707,3332,3329,3430,3234,3216,-19.5496,-11.4955,8.63611,48.3433
46945,11235,6257,4028,3469,7213,4982,3840,3420,4291,3863,3409,3271,3428,3303,3215,3097,-21.1689,-25.3009,8.90536,48.214
46946,3330,3406,3207,3236,3955,3797,3387,3184,5882,4721,3748,3420,12408,5944,4069,3473,30.9915,-33.0355,8.55442,47.4447
46947,7364,7753,4558,3630,6156,6304,4237,3629,4098,4087,3748,3361,3564,3407,3310,3134,-18.2741,-13.8859,8.92784,48.2267
46948,4263,3947,3561,3177,6919,4827,3721,3334,8925,5687,3829,3453,5437,4416,3757,3278,4.10424,-22.7977,8.94936,48.354
46949,3603,3915,3896,3560,4132,5604,5175,3938,4291,7022,6208,4098,3846,4596,4493,3819,3.73203,-1.37418,8.95977,48.1307
46950,4166,5769,6275,4502,4254,6171,7041,4553,3692,4164,4200,3858,3348,3480,3476,3444,-13.4187,1.81121,8.89866,48.262
46951,8207,5324,3861,3418,9323,5127,3825,3386,4855,4220,3584,3245,3616,3581,3276,3116,-13.3353,-30.5032,8.78015,47.976
46952,3428,3962,6070,12556,3385,3852,4596,6103,3218,3286,3691,3901,3166,3227,3374,3346,-28.3749,30.7534,8.77441,47.4407
46953,3125,3328,3793,3754,3251,3720,4395,4730,3489,4133,6695,7903,3309,4002,5796,6667,11.5757,17.5117,8.80129,48.06
46954,4219,5126,4595,3827,4631,7376,6265,4069,4008,5060,4676,3742,3500,3754,3754,3537,-6.38438,-2.29629,8.99795,48.0927
46955,3268,3311,3276,3343,3344,3647,3959,3736,3889,4752,5906,4608,4000,6139,9268,5803,22.0865,5.98811,8.91111,48.166
46956,3664,5042,8564,7301,3597,4395,6067,5573,3307,3715,3949,3851,3123,3128,3387,3404,-20.471,12.0682,8.65931,48.0447
46957,3415,4155,7348,11028,3507,3903,4938,5869,3308,3440,3755,3730,3112,3247,3451,3370,-27.5784,20.3134,8.51884,47.7173
46958,3137,3171,3343,3322,3249,3458,3825,4007,3308,3816,4763,6487,3444,3887,5933,12339,25.1594,31.3676,8.79354,47.6593
46959,3237,3698,4569,5265,3441,3906,5605,8843,3323,3847,4879,6708,3146,3441,4010,4482,-3.77417,22.5877,8.56428,48.2667
46960,4432,3959,3417,3343,7399,4783,3645,3325,8989,5160,3780,3449,5135,4194,3542,3351,2.61723,-26.5224,8.81103,47.9353
46961,4672,6293,5469,4082,4756,7206,6000,4104,3906,4297,4101,3660,3438,3574,3513,3324,-13.0159,-3.16651,8.5468,48.2633
46962,7562,9699,5164,3721,5006,5218,4256,3687,3902,3785,3552,3378,3334,3392,3292,3203,-31.8893,-11.3297,8.67262,48.1007
46963,7165,8620,4811,3774,5568,6222,4295,3553,3874,4094,3670,3324,3350,3457,3228,3113,-20.3774,-12.2641,8.7852,48.0787
46964,3466,4216,7118,9593,3569,3973,5493,6670,3301,3540,3918,4114,3090,3186,3458,3466,-20.6966,18.8305,8.90817,48.114
46965,4282,4092,3544,3138,6499,4978,3737,3397,8248,6052,3922,3451,5300,4604,3775,3273,3.85076,-20.3992,8.75247,48.1947
46966,3456,3868,6080,12399,3416,3709,4816,6105,3269,3467,3697,3875,3163,3244,3440,3378,-28.0029,31.7466,8.52273,47.588
46967,4027,3761,3393,3216,5973,4438,3565,3325,9884,5359,3857,3364,6447,4802,3662,3404,7.81868,-26.5225,8.92327,48.318
46968,3641,3506,3199,3162,4792,4288,3563,3313,9096,5255,3815,3288,8607,5394,3902,3423,14.0199,-26.8377,8.96993,48.1627
46969,4644,4143,3409,3272,7552,5125,3806,3314,8436,5348,3758,3336,4931,4366,3618,3296,1.46688,-23.4131,8.87498,48.236
46970,3939,4433,4597,3946,4481,6785,6428,4253,4176,5402,5180,3917,3635,3980,3804,3577,-3.72726,-0.873062,8.53234,48.3553
46971,3363,3730,3758,3688,3597,4478,5430,4302,3901,5708,7788,4887,3690,4428,5039,4365,6.10708,5.06602,8.68262,48.1013
46972,3461,4309,6807,10713,3497,3899,5169,6472,3218,3501,3850,4143,3081,3208,3368,3357,-22.7478,21.4635,8.50689,48.0353
46973,8507,5893,4034,3392,8288,5597,3931,3357,4631,4223,3601,3223,3640,3516,3224,3152,-15.4456,-21.8104,8.81089,48.1393
46974,7274,5445,3887,3372,8730,6154,4032,3370,4922,4475,3587,3296,3656,3549,3406,3153,-11.8996,-20.5646,8.99152,48.2053
46975,3226,3495,3709,3582,3582,4116,4793,4252,3700,5128,8154,5401,3701,4724,5735,4788,9.78632,7.49541,8.68557,48.0573
46976,9294,5459,3881,3362,8825,5187,3867,3381,4560,4068,3608,3252,3446,3656,3198,3179,-15.7518,-32.9544,8.96004,48.1487
46977,3129,3289,3319,3404,3201,3395,3738,4017,3357,3858,4852,6175,3394,3954,6460,12325,28.76,25.3188,8.67136,47.9113
46978,3391,3984,6610,11009,3454,3795,5188,6882,3233,3518,3853,4017,3115,3195,3367,3392,-21.8104,23.5648,8.62436,48.002
46979,12457,6009,3961,3402,6497,4785,3820,3312,3919,3782,3438,3242,3359,3366,3167,3194,-25.9129,-28.7793,8.72738,47.8067
46980,3274,3405,3307,3175,3810,3838,3628,3201,5331,5571,4228,3586,7841,9342,5183,3683,24.2544,-12.181,8.97348,48.2687
46981,3401,3498,3202,3153,4001,3877,3541,3306,5898,5271,3924,3382,10117,7885,4388,3522,24.6462,-18.2878,8.84914,48.244
46982,3844,4408,4306,3718,4485,6602,5881,4073,4256,6045,5349,4014,3744,4106,3952,3654,-1.4024,-2.20226,8.86438,48.2913
46983,3396,3425,3284,3244,3986,3796,3441,3253,5799,4597,3698,3445,12524,6024,3905,3416,32.146,-32.8927,8.8567,47.4887
46984,3184,3804,4509,5361,3459,3868,5538,9159,3347,3672,4757,6590,3180,3395,3897,4175,-4.34643,23.3748,8.70002,47.93
46985,3298,3633,3989,4044,3356,4125,5947,5535,3579,4292,7261,6479,3411,3887,4743,4664,3.63503,13.5057,8.6172,48.162
46986,4008,5862,10144,6603,3672,4389,5284,4861,3366,3620,3832,3684,3040,3227,3309,3318,-28.8526,8.32844,8.79096,48.146
46987,3381,3367,3145,3144,3886,3798,3351,3193,6047,4971,3743,3541,12180,6556,4099,3325,27.198,-24.564,8.77141,47.818
46988,4419,5549,4889,4013,4829,7973,5836,4053,4082,4778,4165,3632,3468,3725,3511,3301,-9.25725,-4.25231,8.82541,48.1487
46989,3560,3629,3419,3291,4102,4835,4131,3582,5445,8195,5249,3857,4632,5793,4722,3830,9.64805,-7.0502,8.89823,48.1813
46990,3455,3430,3253,3131,4345,4028,3565,3250,8581,5123,3892,3317,9643,5715,3857,3321,16.8477,-27.5493,8.8429,47.9373
46991,3578,3562,3365,3116,4394,4602,3959,3416,6161,7937,4603,3698,5554,6421,4325,3689,11.7701,-11.0967,8.76101,48.2533
46992,4166,3857,3456,3212,6168,4938,3628,3379,8683,6020,3962,3381,5555,4686,3706,3385,5.6111,-21.0926,8.69244,48.1213
46993,3366,3601,3536,3409,3707,4347,4220,3695,4522,7077,6400,4259,4516,6007,5585,4087,12.1988,-1.73071,8.59911,48.2227
46994,12397,6487,3877,3314,5941,4877,3769,3274,3988,3691,3432,3272,3356,3388,3181,3203,-33.0787,-25.2574,8.94895,47.6313
46995,5498,5113,3969,3398,7713,7030,4173,3513,5373,5107,3865,3393,3895,3828,3285,3280,-6.86063,-16.7126,8.641,48.2887
46996,3627,4098,5157,4684,3627,4902,8146,5715,3554,4235,5409,4616,3232,3597,3846,3760,-6.47294,9.45445,8.79647,48.1367
46997,3420,3375,3245,3198,3954,3703,3408,3271,5915,4548,3755,3275,12826,5832,3963,3408,31.0982,-31.6954,8.92836,47.3973
46998,7281,7815,4495,3566,6035,6497,4283,3534,4170,4040,3606,3284,3412,3436,3330,3101,-17.8533,-13.3776,8.68868,47.9233
46999,4039,3957,3596,3389,5591,5428,3925,3490,7106,7237,4299,3544,4897,4852,3783,3364,4.34924,-15.2318,8.68231,48.3313
47000,3258,3589,3552,3446,3587,4170,4662,3964,4139,5899,7588,4808,4010,5034,5952,4558,11.1047,3.92158,8.59066,48.144
47001,4598,6747,6959,4500,4260,5968,5969,4334,3739,4049,4048,3760,3328,3418,3430,3193,-17.1026,0.269164,8.92825,48.2
47002,3370,4221,7289,11353,3441,3831,4899,6205,3276,3457,3828,4018,3075,3188,3300,3380,-26.7164,21.398,8.78282,48.0873
47003,3376,3845,6271,9512,3384,3873,5360,7855,3307,3464,3964,4290,3139,3268,3496,3557,-18.0516,23.0904,8.79188,47.974
47004,3148,3284,3295,3296,3353,3643,3773,3784,3714,4657,5514,4879,4027,5928,9797,6095,24.9852,7.40958,8.62584,48.1247
47005,3687,3592,3299,3192,4666,4136,3539,3377,8597,6018,4016,3441,7468,5780,3988,3483,12.9009,-20.5548,8.92183,48.186
47006,3289,3507,4242,4624,3322,3651,4997,8232,3345,3845,4905,7998,3251,3618,4135,4798,-0.114263,32.9396,8.61778,47.8393
47007,3278,3434,3264,3227,3646,3703,3720,3398,4398,5157,4548,3841,5367,9492,7139,4295,29.2862,-3.7772,8.97705,47.938
47008,11311,6793,3921,3453,6445,4962,3895,3421,4130,3906,3390,3220,3399,3431,3134,3086,-24.7502,-23.5128,8.51032,47.9313
47009,9801,5714,3853,3347,8298,5121,4003,3361,4495,4108,3462,3320,3537,3434,3124,2981,-16.9936,-25.9969,8.87972,47.9727
47010,3140,3316,3572,3681,3283,3579,4131,4983,3481,4066,5566,9274,3416,3925,5327,7812,12.766,23.6981,8.9176,48.368
47011,3507,3446,3202,3105,4280,3949,3563,3265,7496,5122,3745,3322,10791,6011,3911,3372,20.0489,-26.5292,8.75825,48.058
47012,10883,5779,3959,3345,7638,4947,3829,3418,4282,3932,3483,3202,3432,3345,3295,3032,-19.3823,-30.4063,8.7492,47.8673
47013,3199,3470,3825,3956,3450,4002,5355,5459,3526,4331,7305,7061,3396,3955,4992,5116,5.82251,14.7243,8.56777,48.2653
47014,9801,8029,4418,3519,5603,5115,3990,3549,3918,3807,3544,3279,3304,3410,3165,3277,-32.8576,-17.0793,8.57979,47.8187
47015,3368,3409,3267,3143,3826,3778,3477,3285,5047,5165,4205,3538,7730,9712,5081,3722,29.3691,-11.536,8.87209,47.8353
47016,3337,3391,3355,3074,3718,3860,3527,3283,4728,5204,4323,3727,6733,9929,5792,3928,27.479,-8.74345,8.86399,47.9393
47017,3274,3547,4293,4903,3349,3779,4967,8425,3388,3741,4820,7989,3216,3596,4114,4613,-0.848216,32.3506,8.68949,48.0093
47018,3583,4682,8171,7883,3526,4286,5955,6004,3372,3615,3957,4010,3143,3217,3516,3477,-20.5556,14.5048,8.79794,48.2647
47019,3556,4473,6840,6439,3627,4446,7067,6488,3328,3736,4325,4177,3149,3360,3490,3627,-14.6468,13.4406,8.7064,48.0853
47020,4804,4056,3576,3313,8478,4896,3773,3445,8223,4736,3676,3261,4778,4089,3544,3195,-0.321373,-32.2477,8.92428,47.8953
47021,12409,6098,3944,3291,6326,4792,3830,3390,3918,3792,3533,3319,3370,3280,3154,3128,-26.4615,-32.5285,8.53067,47.716
47022,3517,3593,3461,3195,4359,4226,3802,3431,6534,7089,4324,3435,6625,6743,4371,3580,14.4928,-14.0437,8.66366,48.19
47023,3189,3488,3729,3516,3508,4047,4796,4501,3658,4846,8240,5986,3516,4310,5848,4975,9.36343,9.98484,8.95643,48.102
47024,3816,3738,3492,3358,4746,4948,3835,3507,6664,7659,4495,3584,5369,5466,4160,3496,8.38626,-13.6723,8.59288,48.222
47025,3742,5094,6910,5258,3832,5094,7809,5300,3570,3941,4467,4113,3181,3457,3535,3498,-13.789,7.86305,8.76851,48.534
47026,3214,3244,3356,3404,3306,3541,3844,3978,3539,4084,5168,5329,3539,4628,9169,8667,33.6985,14.718,8.86468,48.0067
47027,3346,3758,4556,6475,3398,3731,5282,9946,3265,3558,4486,5849,3147,3357,3672,3973,-8.22227,30.9801,8.844,47.866
47028,6800,6839,4342,3485,6764,6776,4301,3506,4298,4288,3730,3329,3459,3538,3264,3151,-15.1015,-15.0642,8.89089,47.9133
47029,6039,5844,4181,3515,7164,7186,4258,3614,4620,4513,3625,3403,3718,3741,3423,3142,-11.141,-15.2232,8.66455,47.9907
47030,3394,3454,3498,3286,3893,4410,3929,3539,4748,7284,5656,3960,4868,6758,5368,4086,14.1317,-4.04648,8.85333,48.0873
47031,10818,6171,3951,3388,7366,5102,3731,3316,4185,3950,3501,3195,3395,3434,3286,3128,-20.5662,-25.4479,8.65683,47.9447
47032,10269,6642,4220,3426,6826,5200,3907,3472,4202,3945,3556,3200,3461,3463,3228,3107,-20.6396,-21.9901,8.50577,48.0827
47033,3209,3657,4631,6133,3363,3739,5172,10166,3296,3667,4520,6155,3244,3253,3763,4055,-6.86422,31.4092,8.99312,48.0153
47034,4020,5706,8397,5578,3880,4940,6708,4763,3449,3863,4103,3673,3167,3389,3595,3391,-18.5853,6.53316,8.87529,48.4147
47035,3373,3443,3173,3159,4295,3842,3514,3226,7554,5008,3903,3417,10774,5663,3945,3348,19.51,-31.11,8.65546,47.758
47036,3371,3771,4156,4040,3625,4547,6399,5022,3764,4850,7385,5317,3612,3930,4449,4231,1.94797,8.49427,8.73439,48.3127
47037,4714,5718,4376,3629,5303,8132,5153,3829,4278,5050,4270,3614,3580,3790,3512,3300,-8.7812,-7.23832,8.76949,48.1653
47038,3404,3406,3214,3179,3920,3833,3566,3142,5697,5013,3984,3431,10884,7516,4205,3448,32.1956,-19.4972,8.66826,47.8947
47039,3422,4250,7304,9693,3397,4042,5411,6520,3293,3524,3865,3962,3144,3331,3340,3485,-21.247,19.1034,8.69905,47.9887
47040,3690,3666,3207,3073,5082,4197,3604,3270,9334,5343,3856,3245,8219,5179,3831,3250,13.2571,-27.3159,8.57773,48.0307
47041,11873,6227,4073,3359,6596,5071,3774,3462,3927,3837,3395,3196,3451,3336,3192,3066,-23.6696,-25.508,8.62387,47.89
47042,3197,3404,3762,3874,3355,3804,4981,5348,3534,4125,6940,7904,3459,3862,4984,5586,7.41606,16.9715,8.97747,48.0793
47043,4570,4298,3682,3282,7135,5801,3897,3408,7120,5852,3952,3473,4664,4212,3718,3247,0.355512,-18.5884,8.6968,48.2073
47044,3151,3280,3588,3660,3369,3622,4303,4616,3613,4159,6670,7229,3415,4200,6470,7002,14.5509,16.6261,8.58963,48.2313
47045,9795,5710,4026,3266,8296,5348,3813,3412,4335,4085,3506,3229,3521,3454,3289,3085,-17.204,-24.7749,8.95567,48.1133
47046,5195,6433,4770,3796,5500,7962,5103,3689,4310,4665,4007,3497,3526,3602,3355,3279,-12.2485,-7.91368,8.8095,48.4593
47047,3468,3969,5112,5187,3540,4367,7591,7124,3499,3848,5103,5228,3252,3439,3935,3879,-6.49932,14.4284,8.95393,48.3607
47048,12575,5938,3928,3341,5873,4754,3694,3455,3939,3770,3420,3269,3388,3374,3174,3124,-32.044,-30.0345,8.77564,47.344
47049,3136,3431,3545,3528,3485,3818,4461,4331,3615,4667,7245,6345,3593,4424,6694,6126,13.7181,12.1007,8.59136,48.296
47050,4051,4018,3617,3297,5236,6092,4222,3514,5853,7660,4616,3609,4517,4730,3776,3465,3.42485,-10.9956,8.92012,48.182
47051,3352,3461,3080,3044,4068,3820,3400,3252,5913,4865,3809,3437,11523,7191,4157,3397,30.8037,-21.1283,8.76865,47.846
47052,3327,3631,4499,4559,3502,3984,6227,7037,3446,4038,5844,6644,3332,3552,4205,4424,-0.91088,17.0256,8.96766,48.1673
47053,3288,3367,3261,3150,3435,3827,3795,3512,4104,5008,5029,4267,4840,8082,8424,4962,25.7334,0.67563,8.87683,48.234
47054,4818,4329,3628,3353,7888,5631,3909,3434,7210,5352,3894,3378,4613,4183,3625,3257,-1.04767,-21.0876,8.67871,48.3347
47055,3817,4429,4736,4092,4011,5995,7464,4669,3827,4788,5542,4172,3492,3800,3806,3734,-5.15864,3.08252,8.79983,48.2493
47056,3336,3890,5883,11959,3401,3792,4738,6775,3101,3451,3901,4005,3170,3273,3443,3425,-22.6217,29.0492,8.91017,47.6953
47057,3515,4814,8697,8043,3538,4176,5799,5758,3303,3536,3998,3960,3104,3178,3399,3426,-21.95,14.0025,8.96949,48.1627
47058,12240,6149,3941,3458,6108,4706,3778,3519,3983,3708,3488,3251,3276,3348,3210,3202,-26.4636,-33.2151,8.64372,47.5767
47059,3407,3478,3400,3205,3724,4034,3785,3535,4756,6393,5172,3982,5367,8070,5974,4190,18.6402,-4.71398,8.64176,48.3147
47060,4953,8509,7620,4426,4416,5205,4967,4125,3593,3818,3781,3508,3239,3279,3327,3190,-24.9229,-1.84936,8.61264,47.9707
47061,3295,3460,3752,3590,3440,4013,4965,4478,3622,4777,8011,6086,3599,4311,5813,5113,9.63473,10.8038,8.71692,48.2167
47062,4814,7968,7499,4644,4332,5600,5383,4162,3559,3781,3876,3557,3246,3405,3362,3152,-21.7998,-0.682541,8.73946,48.2267
47063,3396,3843,5510,9427,3479,3801,5135,8595,3299,3551,4033,4539,3067,3264,3380,3544,-15.9235,31.4112,8.72618,47.9087
47064,3146,3443,3746,3936,3400,3583,4551,5724,3355,3762,5383,9820,3379,3853,4843,6482,8.33769,26.2553,8.77086,48.2707
47065,6567,9556,5755,3878,4794,5679,4321,3716,3735,3855,3682,3282,3270,3462,3286,3206,-24.0851,-8.18541,8.67109,48.0293
47066,3126,3244,3272,3343,3189,3406,3725,3899,3448,3706,4756,6302,3385,3935,5957,12811,26.6868,30.3407,8.91766,47.6693
47067,7263,6396,4141,3475,7458,6448,4272,3415,4477,4268,3676,3262,3623,3475,3419,3065,-14.8629,-17.039,8.73824,48.0887
47068,5407,8895,6949,4341,4437,5506,4891,4035,3663,3823,3651,3481,3263,3425,3345,3161,-23.9294,-3.32059,8.69879,48.182
47069,9960,8314,4395,3557,5595,5150,3899,3405,3948,3649,3497,3153,3455,3423,3162,2990,-28.3653,-17.5636,8.87238,47.7013
47070,3460,3387,3132,3115,4347,3975,3458,3234,7629,5092,3811,3376,10713,5796,3850,3414,19.3949,-30.4647,8.68812,47.8593
47071,3272,3610,4132,4906,3336,3783,5052,8621,3376,3648,4918,8015,3226,3520,4048,4653,-0.988027,30.9289,8.87949,48.0773
47072,4680,6577,5870,4271,4602,6913,6075,4113,3728,4222,4192,3553,3422,3644,3439,3224,-14.3748,-2.29835,8.63233,48.35
47073,12021,5972,3863,3454,6821,4877,3846,3333,3947,3846,3463,3249,3324,3436,3232,3185,-23.2276,-32.1183,8.77983,47.9127
47074,5598,4424,3623,3268,9524,4978,3799,3351,6774,4590,3751,3208,4301,3860,3446,3162,-4.02846,-28.3166,8.86527,47.7713
47075,6849,10062,5731,3913,4796,5240,4322,3606,3709,3846,3678,3322,3286,3343,3255,3168,-30.5268,-8.78607,8.91938,48.084
47076,3322,3274,3363,3102,3761,3886,3635,3446,4918,5730,4481,3743,6707,9392,5712,3917,23.922,-8.51909,8.96335,48.2593
47077,3882,5042,7325,5378,3803,4858,7429,5328,3481,3788,4327,3803,3265,3395,3538,3437,-15.7637,7.83443,8.85589,48.0527
47078,5080,4224,3562,3361,9079,5140,3764,3541,7380,4762,3804,3340,4374,4032,3522,3191,-2.39026,-32.4369,8.53885,48.104
47079,3236,3475,3454,3188,3746,4080,3940,3579,4603,6753,5495,3986,4931,7456,6113,4164,17.1297,-3.37421,8.98195,48.1327
47080,3509,3382,3408,3129,3915,3845,3460,3195,5971,4755,3624,3330,12539,6134,3856,3413,32.4601,-26.7215,8.82265,47.6433
47081,3324,3390,3234,3062,3914,3777,3469,3190,6347,4934,3737,3317,12053,6155,4020,3420,24.9291,-32.1496,8.54359,47.562
47082,3196,3299,3477,3459,3253,3449,3781,4010,3342,3744,4674,5957,3314,3737,5936,12442,33.0224,29.2772,8.57956,47.38
47083,3192,3252,3322,3501,3203,3414,3735,3804,3373,3805,4585,5981,3260,3810,6078,12665,30.5739,28.15,8.95766,47.32
47084,3780,3835,3771,3500,4307,5651,4824,3769,4683,7672,5711,3862,4127,4773,4265,3743,4.48657,-4.34163,8.92979,48.182
47085,5598,8883,6144,4103,4655,5981,4757,3883,3712,3971,3814,3483,3308,3447,3350,3165,-21.1809,-5.63904,8.5153,48.1693
47086,3004,3181,3346,3398,3153,3420,3882,3904,3442,3874,5098,5752,3405,4011,7454,11183,32.4906,20.3151,8.9481,47.6713
47087,7175,5723,4114,3484,8191,6478,4085,3498,4669,4323,3623,3280,3724,3600,3416,3144,-12.2883,-18.9459,8.79695,48.3513
47088,4533,4898,4003,3646,5367,7936,4979,3782,4484,5804,4340,3653,3792,3859,3579,3445,-5.03089,-8.42629,8.82143,48.0667
47089,7828,5588,3876,3429,8664,5759,3954,3313,4755,4212,3568,3193,3653,3594,3304,3106,-13.52,-22.0268,8.59086,47.864
47090,8433,9218,4833,3556,5143,5158,4194,3635,3821,3936,3607,3293,3399,3305,3222,3094,-28.9494,-13.719,8.56587,47.898
47091,3376,3550,3521,3149,3859,4282,4021,3661,4740,7130,5621,3984,4839,6843,5614,4041,14.4678,-4.23443,8.70324,48.154
47092,3219,3502,4098,4530,3312,3844,5572,7202,3426,3962,5958,7559,3313,3656,4338,4786,1.10128,19.0681,8.92574,48.1847
47093,3459,3913,5728,7424,3424,4052,6238,8326,3355,3582,4354,4757,3218,3349,3581,3554,-12.6951,20.0914,8.795,48.2093
47094,3645,4446,8569,9423,3567,3946,5121,5401,3334,3498,3854,3918,3155,3240,3355,3370,-31.6034,16.4407,8.80916,47.8947
47095,3128,3220,3430,3472,3286,3454,3939,4253,3447,4011,5184,7164,3386,4016,6644,10262,20.7483,21.7465,8.68868,48.1973
47096,4775,7816,7882,4948,4190,5214,5192,4273,3514,3786,3786,3578,3176,3327,3321,3326,-23.7057,-0.0138673,8.54201,48.0693
47097,3330,3354,3290,3137,3567,3748,3611,3351,4606,5322,4534,3704,6303,9903,6138,4197,28.0326,-6.80594,8.74288,48.0633
47098,3534,4131,5693,6068,3366,4152,6866,7860,3342,3751,4692,4932,3134,3398,3622,3787,-10.1816,16.7939,8.83684,48.2187
47099,3298,3616,3682,3761,3469,3966,5327,4870,3655,4564,7630,6433,3538,3963,5278,5042,7.08434,12.3822,8.65728,48.0613
47100,7203,4982,3727,3391,9922,5307,3929,3411,5405,4358,3554,3221,3758,3608,3314,3122,-10.6901,-28.066,8.67822,48.1413
47101,4226,3913,3440,3090,6062,4873,3852,3430,8339,6372,3930,3419,5440,4671,3834,3255,5.07568,-19.252,8.93074,48.0973
47102,3751,4488,4773,4089,4030,5982,7434,4710,3822,4876,5512,4232,3384,3798,3859,3703,-5.02968,3.44671,8.7514,48.2953
47103,3445,3425,3233,3161,4185,4259,3664,3412,6348,6735,4416,3747,6665,7374,4423,3602,16.0395,-13.136,8.9348,48.0627
47104,5338,9338,7087,4390,4474,5071,4735,3860,3686,3776,3624,3434,3284,3316,3342,3289,-32.7856,-3.64104,8.71035,48.0293
47105,12629,5877,3864,3402,5969,4766,3759,3429,3954,3762,3490,3221,3328,3391,3304,3123,-30.3775,-30.6382,8.76067,47.512
47106,8356,6211,4148,3415,7656,5866,3956,3442,4424,4107,3452,3249,3601,3587,3294,3109,-16.3359,-19.9343,8.51405,47.9153
47107,3089,3206,3483,3444,3212,3469,3824,3868,3396,3808,4940,6326,3476,3851,6768,12001,26.2899,23.4287,8.82598,48.1073
47108,3473,3829,4533,4342,3519,4703,7260,5464,3644,4447,6546,5119,3447,3798,4092,4122,-1.63248,9.70422,8.8337,48.2253
47109,4590,4266,3620,3244,6955,5808,3906,3491,7211,5950,3934,3491,4754,4359,3698,3395,0.250409,-18.237,8.78429,48.448
47110,3392,3405,3320,3206,3964,3719,3509,3209,5893,4702,3756,3436,12686,5926,3881,3344,32.1773,-28.8762,8.74039,47.5653
47111,4440,7135,9245,5401,3851,4679,5265,4370,3460,3683,3754,3689,3158,3387,3268,3164,-26.013,3.33393,8.92506,47.966
47112,3648,3520,3290,3145,4590,3992,3577,3298,8244,5481,3814,3384,9041,5768,3965,3392,16.0001,-24.3436,8.54524,48.0993
47113,10008,7566,4333,3430,5990,5200,4017,3453,4033,3893,3491,3332,3492,3377,3252,2970,-23.9444,-18.8893,8.76941,47.8913
47114,3306,3316,3363,3267,3574,3808,3665,3460,4347,5227,4738,3906,5367,9316,7149,4225,28.2803,-3.39166,8.9719,48.0227
47115,3525,3910,6072,10825,3482,3825,5135,7396,3079,3476,3864,4295,2917,3248,3418,3453,-20.2682,24.7793,8.62701,47.9467
47116,4641,7529,8680,5151,4057,5053,5349,4328,3582,3618,3757,3665,3202,3287,3467,3267,-24.8056,1.9394,8.89464,48.422
47117,5197,8359,6828,4414,4315,5806,5101,3917,3713,3878,3750,3456,3300,3438,3199,3250,-21.1035,-3.13907,8.97216,47.9473
47118,3326,3806,5318,7596,3332,3983,5729,9355,3303,3601,4223,5105,3122,3343,3688,3824,-11.799,24.3072,8.65889,48.436
47119,3011,3309,3327,3275,3332,3574,3823,3899,3512,4100,5355,5467,3535,4668,9026,8787,25.1838,14.406,8.98128,48
47120,10877,6547,4102,3442,6846,5186,3850,3430,4114,3840,3494,3206,3470,3400,3236,3093,-21.596,-23.243,8.60678,48.0887
47121,3969,5110,6740,5133,3839,5458,7577,5007,3434,3881,4392,3736,3264,3529,3479,3461,-13.9694,5.93405,8.51718,48.006
47122,3660,4361,5151,4442,3756,5240,8131,5369,3648,4369,5417,4368,3275,3620,3938,3579,-6.39458,7.2337,8.66901,48.216
47123,4016,4398,4234,3629,4531,7066,5886,3918,4348,5940,5108,3861,3882,4148,3881,3605,-2.6095,-3.28316,8.81916,48.3007
47124,12452,6322,4016,3420,5880,4923,3714,3298,4010,3809,3432,3227,3439,3388,3300,3115,-32.9112,-25.7895,8.64184,47.83
47125,4136,6604,9816,5792,3775,4598,5024,4437,3386,3584,3835,3757,3231,3329,3247,3398,-31.7649,5.38364,8.99649,47.966
47126,3752,4278,4583,4009,3938,5567,7335,4565,3842,5081,5967,4323,3585,3838,4096,3767,-2.87316,3.90288,8.54053,48.3507
47127,12143,5847,3923,3405,6785,4761,3775,3426,4010,3706,3490,3220,3353,3435,3232,3047,-23.5428,-28.4789,8.99581,47.7053
47128,3184,3348,3327,3297,3620,3895,3788,3581,4115,5328,5273,4104,4751,7986,7997,4678,23.2516,-0.241404,8.82384,48.1813
47129,3312,3338,3279,3054,3791,3811,3699,3370,5146,5233,4141,3531,7892,9747,5078,3616,29.8588,-12.0625,8.9593,48.0253
47130,3664,4248,4850,4236,3840,5291,7596,4963,3673,4441,5832,4452,3511,3814,3885,3705,-4.71793,5.66878,8.5211,48.0007
47131,3312,3446,3994,4554,3293,3698,4892,7586,3326,3741,5164,8969,3289,3538,4255,5080,2.24241,29.1752,8.54831,48.0913
47132,3185,3605,4256,4904,3351,3745,5169,8509,3299,3681,5021,7995,3261,3442,4029,4762,-0.812958,26.7776,8.7905,48.1427
47133,3367,4123,6785,10052,3474,3876,5342,6918,3215,3452,3885,4118,3035,3165,3425,3420,-20.5636,21.1645,8.85559,47.768
47134,3356,3764,4364,4380,3552,4349,6844,5855,3525,4243,6660,5793,3321,3816,4405,4353,-0.190578,12.5713,8.68878,48.3867
47135,6854,5211,3852,3382,9119,6264,3970,3284,5097,4366,3618,3326,3862,3698,3298,3166,-10.3296,-21.2565,8.96538,48.2447
47136,3582,4492,7650,7308,3492,4118,6420,6425,3227,3494,4305,4254,3047,3289,3511,3472,-17.6634,14.3378,8.91765,48.0573
47137,3287,3368,3368,3209,3763,3883,3612,3393,4640,5969,4835,3819,5515,9231,6187,4072,21.6379,-5.93863,8.78025,48.1007
47138,3694,4138,4467,3923,3824,5500,7174,4569,3832,5141,6238,4612,3624,3855,4170,3863,-1.67669,4.24912,8.7904,48.416
47139,3099,3311,3547,3547,3260,3728,4347,4149,3717,4388,6880,5850,3589,4680,7559,6682,16.8131,12.0198,8.66302,48.222
47140,11794,6372,3967,3365,6933,4914,3821,3377,4163,3880,3508,3214,3433,3453,3115,3052,-22.6638,-25.2888,8.96628,48.2407
47141,3447,3434,3248,3146,4037,3761,3406,3245,5968,4792,3701,3320,12703,6080,3765,3324,33.2155,-29.1199,8.90193,47.5847
47142,4377,5090,4427,3720,5211,7979,5585,3874,4334,5215,4301,3661,3620,3863,3557,3455,-7.00744,-6.16937,8.52071,48.1793
47143,3476,4117,6689,10663,3291,3944,5261,6836,3205,3389,3815,4154,3078,3230,3385,3405,-21.5528,22.5742,8.54542,47.9587
47144,12452,6350,3888,3346,6288,4884,3648,3402,3949,3853,3430,3214,3323,3335,3227,3084,-27.5027,-26.1818,8.65738,47.782
47145,3713,3633,3302,3210,4477,4256,3643,3444,7243,7058,4291,3619,6743,6314,4133,3482,13.5573,-15.8901,8.91097,48.374
47146,3375,3498,3500,3225,3763,4051,4130,3714,4226,6367,6031,4257,4548,6753,6477,4454,16.0236,-0.305925,8.78073,48.246
47147,3442,3874,5372,6765,3426,3969,6081,8889,3235,3645,4401,5204,3078,3499,3768,3868,-10.4311,20.8752,8.6046,48.344
47148,3217,3275,3326,3500,3226,3519,3817,3921,3361,4055,5164,5501,3436,4436,8374,9585,28.7817,16.9687,8.52484,47.8087
47149,3263,3334,3420,3281,3430,3758,3782,3645,4036,4671,4992,4416,4387,7456,9012,5086,31.524,2.65261,8.64403,47.9793
47150,3576,4805,8989,8391,3538,4231,5419,5456,3282,3536,3821,3959,3177,3223,3419,3491,-24.9909,14.1148,8.66986,48.2087
47151,3572,4621,8599,8690,3555,4125,5549,5582,3263,3660,3977,3908,3026,3224,3377,3421,-23.849,14.9656,8.73315,48.0993
47152,3339,3402,3244,3200,3790,3704,3373,3238,6188,4757,3787,3358,12438,5976,4052,3416,26.8625,-33.4801,8.7784,47.508
47153,3298,3358,3193,3181,3912,3813,3362,3181,6148,4956,3863,3388,12002,6622,4005,3441,27.5492,-24.0639,8.64787,47.8153
47154,3238,3314,3418,3345,3445,3750,3736,3575,3904,4632,5189,4587,4197,6835,9447,5548,29.372,4.56732,8.61272,48.1067
47155,3176,3537,4133,4491,3357,3763,4961,8100,3345,3704,4891,8743,3244,3512,4220,4868,0.681198,30.2494,8.95136,48.03
47156,3539,4531,6071,5322,3725,4789,7802,5930,3442,3957,4537,4397,3266,3482,3588,3611,-11.5282,10.3601,8.66714,47.9927
47157,3449,3409,3297,3104,3778,3965,3637,3456,5079,5824,4299,3738,6615,9479,5281,3744,22.7472,-9.84867,8.73652,48.1027
47158,7669,8896,4952,3688,5379,5786,4161,3629,3926,4027,3684,3211,3342,3457,3330,3136,-23.7096,-12.6981,8.54941,48.182
47159,3413,4315,7928,10387,3474,3941,5065,5600,3216,3463,3797,3932,3065,3328,3353,3407,-31.856,18.2494,8.76343,47.7893
47160,3377,3447,3256,3164,3843,3927,3724,3465,4815,6357,4917,3817,5876,8760,5667,3994,19.6332,-6.82035,8.89118,48.2707
47161,3231,3274,3355,3279,3570,3703,3877,3622,3895,4882,5172,4344,4295,7184,9293,5280,33.3112,3.4067,8.97007,48.1707
47162,3349,3859,5569,9325,3461,3752,5181,8854,3250,3446,4026,4599,3139,3197,3442,3523,-15.6447,31.9805,8.87034,47.9813
47163,5060,6414,4786,3795,5161,7951,5229,3763,4021,4554,4053,3567,3411,3659,3426,3222,-12.3383,-7.51972,8.83737,48.048
47164,3317,3463,3615,3420,3413,3884,4401,3987,3831,5246,7530,5085,3888,5208,6977,5381,14.0717,7.15505,8.6657,48.4307
47165,3431,3690,4159,4113,3486,4456,6647,5566,3538,4455,7155,5625,3361,3711,4445,4297,0.965888,11.2646,8.84571,48.09
47166,4527,4711,3956,3404,5990,7452,4704,3674,5023,5982,4255,3569,3946,4068,3596,3393,-3.57168,-11.071,8.96425,48.1667
47167,3918,4330,4065,3659,4204,6338,5794,4073,4291,6160,5717,3942,3865,4077,4068,3642,-0.570913,-1.25146,8.85909,48.0953
47168,4036,3785,3331,3155,5728,4698,3647,3411,8674,6392,3936,3361,6016,4909,3905,3336,7.55105,-20.1301,8.88797,48.2133
47169,9183,5676,3926,3444,8422,5387,3903,3362,4565,4087,3453,3271,3529,3612,3307,3130,-16.1179,-24.5038,8.61705,48.1713
47170,3309,3530,4062,4670,3253,3736,4961,8022,3386,3805,4879,8694,3188,3515,4183,5113,1.06804,28.781,8.97544,48.204
47171,3460,3369,3316,3127,4029,3873,3477,3280,5709,5446,4153,3461,8672,8411,4769,3561,24.536,-15.5103,8.70765,48.0753
47172,3153,3398,3501,3428,3399,3792,4212,4303,3622,4415,7160,6425,3511,4538,6877,6518,14.8971,13.4883,8.89183,48.168
47173,3280,3401,3419,3350,3662,4037,3997,3684,4200,5970,6157,4303,4478,6791,7008,4529,17.4749,0.336952,8.92246,48.1773
47174,8856,5938,4072,3421,8274,5476,3821,3370,4512,4162,3558,3328,3498,3480,3267,3076,-16.0276,-22.9361,8.6145,48.0727
47175,3394,3928,5260,5999,3383,4197,6752,8208,3248,3728,4775,5307,3091,3380,3813,4004,-8.60171,18.0279,8.80699,48.3113
47176,3585,3520,3291,3228,4682,4202,3586,3256,9051,5230,3878,3362,8686,5300,3812,3454,14.2665,-27.119,8.60487,48.082
47177,3468,3661,3625,3534,3751,4573,4649,3860,4261,6585,7080,4470,4112,4922,5271,4127,8.88086,0.944831,8.85711,47.966
47178,3115,3284,3437,3230,3318,3642,3930,3885,3566,4278,5689,5408,3659,4894,9064,7735,23.4849,12.8667,8.58792,48.0893
47179,3259,3998,6055,11432,3250,3903,4994,6946,3308,3503,3811,4148,3075,3247,3468,3444,-22.4804,27.3835,8.54177,47.894
47180,3077,3326,3464,3565,3228,3511,4002,4086,3562,4141,5765,6219,3510,4379,7723,8775,20.6746,16.7167,8.65527,48.222
47181,3356,3860,6306,12588,3414,3732,4802,6099,3257,3479,3783,4014,3080,3235,3450,3451,-33.2704,26.0924,8.85317,47.9373
47182,11724,5862,3904,3395,6967,4899,3782,3379,3966,3731,3490,3246,3391,3335,3249,3140,-22.4288,-31.9814,8.75172,47.64
47183,3106,3157,3712,3752,3371,3445,4255,5271,3347,3829,5117,10017,3403,3667,4962,7336,10.742,31.5805,8.9946,47.8313
47184,4193,4123,3556,3374,5673,5876,3964,3484,6898,7021,4176,3497,4734,4765,3812,3352,3.33247,-14.3613,8.69502,48.332
47185,4852,7368,6742,4430,4381,6389,5625,4129,3705,4065,3867,3519,3224,3430,3384,3185,-18.2835,-1.77933,8.69262,48.1967
47186,3303,3774,5309,8028,3367,3823,5309,9698,3152,3652,4143,5017,3093,3319,3573,3687,-12.6344,31.5194,8.9013,48.1647
47187,3433,3351,3295,3149,4062,3782,3354,3141,6627,4910,3833,3351,11949,6264,3866,3344,23.6485,-26.1395,8.74791,47.8073
47188,3087,3469,3781,4051,3264,3595,4460,6137,3397,3898,5329,10000,3261,3733,4667,6307,7.35588,28.0091,8.66232,48.2907
47189,3750,3820,3452,3172,5120,5148,3925,3423,6808,7489,4327,3582,5367,5298,4108,3475,7.30326,-13.8079,8.68697,48.176
47190,3174,3579,3970,4047,3389,3955,5331,5610,3526,4323,7237,7274,3444,3806,4873,4953,4.8243,15.611,8.88723,48.3273
47191,3381,3504,3341,3089,4429,4266,3613,3341,6671,6233,4204,3499,7518,6965,4425,3748,16.4479,-15.4475,8.63466,48.1513
47192,4180,4465,3819,3460,5100,7025,4654,3693,5174,7084,4645,3612,4136,4383,3766,3387,0.183295,-9.11551,8.88386,48.3887
47193,3642,3808,3833,3549,4002,5254,5121,3990,4467,6833,6501,4209,4109,4681,4488,3932,4.52912,-0.811379,8.60467,48.2793
47194,3408,4004,6042,12484,3325,3768,4756,6491,3204,3383,3745,3969,3075,3217,3426,3473,-25.3934,31.5451,8.94763,47.8467
47195,3756,3621,3290,3174,4855,4392,3734,3320,7944,6604,4183,3531,6807,5720,3877,3289,12.0009,-17.9847,8.58808,48.0647
47196,9925,8244,4380,3599,5341,5115,3969,3484,3851,3774,3433,3281,3494,3493,3253,3185,-29.25,-17.2556,8.70623,47.8807
47197,3944,5175,7070,5073,3896,5409,7292,4943,3490,4020,4219,3871,3235,3385,3605,3341,-14.7043,5.52904,8.93838,47.9787
47198,9484,5837,3936,3426,8170,5467,3849,3424,4488,3889,3466,3189,3507,3597,3315,3176,-16.9391,-24.3591,8.88812,48.1467
47199,3809,5519,9227,6329,3760,4497,5924,4986,3408,3629,3977,3856,3148,3343,3456,3409,-21.9433,8.66805,8.64057,48.1847
47200,3670,4028,3962,3507,4057,5564,5423,4196,4306,6373,6397,4192,3926,4425,4427,3904,2.76998,-0.234594,8.81022,48.238
47201,4133,4207,3738,3337,5044,6098,4323,3602,5714,7537,4599,3648,4483,4619,3842,3453,2.43673,-10.5976,8.84551,48.2513
47202,3319,3526,3577,3520,3574,4144,4477,3995,4030,5594,7547,4822,4004,5102,6373,4777,12.8832,4.88945,8.57592,48.254
47203,4297,4047,3424,3203,7158,4831,3650,3290,9387,5098,3860,3385,5344,4399,3598,3279,3.25812,-31.5966,8.95652,48.1667
47204,3383,3376,3414,3182,3872,3884,3717,3484,4676,5966,4771,3905,5792,8881,6036,3955,21.5802,-5.80591,8.56019,48.196
47205,3354,3340,3259,3107,3764,3889,3650,3303,5093,5716,4320,3613,6788,9401,5279,3862,23.3115,-10.2455,8.77189,47.8253
47206,3104,3207,3421,3453,3276,3637,3985,4070,3414,4022,5521,6521,3493,4243,7333,9349,21.1268,18.4989,8.5549,48.0327
47207,4255,6893,9503,5692,3913,4684,5268,4483,3512,3727,3751,3642,3112,3225,3429,3336,-27.0078,4.49455,8.97193,48.2833
47208,3362,3346,3276,3154,3794,3875,3669,3367,4911,5696,4421,3647,6931,9521,5322,3827,24.1555,-9.51124,8.78994,48.0793
47209,3684,4708,8079,7652,3538,4199,6127,5925,3313,3602,4096,4096,3111,3367,3442,3374,-19.799,13.9595,8.64681,48.2087
47210,3428,4178,7621,9776,3473,4038,5315,6142,3210,3521,3790,4195,3130,3267,3440,3429,-22.968,18.4232,8.66125,47.9687
47211,4333,6876,8982,5436,3885,4912,5630,4537,3425,3821,3820,3741,3247,3321,3316,3391,-23.1172,4.09888,8.54815,48.4487
47212,3096,3241,3392,3549,3391,3605,3963,4347,3388,4124,5930,6817,3469,4227,6960,8702,18.3612,18.3703,8.59176,48.134
47213,3298,3536,4288,5171,3325,3772,4998,8797,3261,3663,4813,7707,3232,3513,4089,4525,-2.05496,28.2001,8.57235,47.992
47214,3697,4577,6920,6263,3631,4570,7284,6134,3380,3716,4309,4231,3138,3391,3570,3476,-14.7962,12.0808,8.83898,48.1913
47215,12781,6152,3980,3453,6082,4653,3853,3368,3906,3777,3543,3181,3432,3326,3297,3190,-29.8535,-31.7629,8.81018,47.9827
47216,3193,3296,3398,3387,3321,3622,3846,3832,3620,4164,5168,5150,3710,4814,9247,8230,31.9031,13.5207,8.60199,47.9987
47217,5066,5653,4161,3538,6150,8139,4666,3698,4687,5064,4043,3425,3770,3733,3440,3293,-8.5772,-11.3651,8.91796,48.3507
47218,7242,4859,3745,3320,9851,5182,3860,3391,5329,4220,3679,3330,3723,3555,3334,3255,-10.3801,-33.4854,8.80394,47.9167
47219,3674,3806,3781,3391,4155,5282,4695,3769,4689,7697,5848,4097,4141,4902,4459,3776,5.5453,-3.77314,8.63923,48.108
47220,3142,3309,3424,3398,3084,3493,3755,3930,3331,3673,4784,6092,3392,3977,6482,12383,29.0459,25.2287,8.61256,47.766
47221,3469,3524,3340,3064,4204,4011,3676,3244,6776,5956,4097,3594,8431,7110,4265,3484,18.5132,-17.2208,8.65973,48.1633
47222,10618,6414,3994,3522,7188,5195,3820,3363,4071,3879,3456,3188,3395,3445,3269,3091,-20.79,-23.8853,8.54061,47.9387
47223,3531,3899,4686,4297,3650,4875,7654,5332,3747,4444,6225,4989,3490,3642,4257,3894,-2.9624,8.67932,8.83657,48.408
47224,3342,3519,3781,3490,3674,4301,4955,4103,3980,5759,8159,4896,3815,4637,5516,4360,8.76625,4.72589,8.96597,48.1913
47225,3405,3371,3299,3188,3816,3858,3576,3411,5148,6180,4459,3666,6893,9142,5384,3831,21.3998,-10.0606,8.69815,48.418
47226,4487,5650,5242,4064,4633,7256,6460,4124,3931,4512,4171,3658,3463,3613,3564,3346,-11.2386,-2.32787,8.65303,48.116
47227,3338,3860,5544,9497,3411,3777,5034,8613,3257,3487,4008,4564,3075,3391,3555,3487,-16.2386,31.7771,8.6478,47.932
47228,3607,3900,3625,3314,4066,5309,4396,3756,5028,7852,5631,3869,4457,5276,4420,3873,7.23813,-5.23851,8.82145,48.2527
47229,3221,3381,3379,3132,3692,3821,3724,3378,4528,5118,4635,3854,5669,9973,6642,4099,33.1254,-5.18566,8.92156,48.164
47230,3537,4639,9262,8621,3534,4177,5197,5212,3230,3599,3876,3805,3227,3215,3433,3344,-32.0051,14.2735,8.81039,47.9387
47231,4675,5326,4133,3532,5682,8162,4940,3706,4594,5303,4086,3593,3717,3916,3569,3326,-6.67791,-9.36964,8.87448,48.1733
47232,3301,3497,3838,3802,3406,4021,5346,4825,3535,4657,8160,6211,3467,4113,5114,4928,6.48101,11.6089,8.93841,48.1473
47233,3101,3230,3428,3396,3211,3494,3912,4197,3446,3876,4967,7713,3539,4010,5793,10600,18.9457,30.5966,8.7666,47.942
47234,3285,3482,3533,3345,3571,3943,4271,3896,4016,5535,7180,4989,4045,5350,6742,4995,14.2849,4.85176,8.69276,48.1187
47235,3124,3231,3413,3385,3341,3477,3893,3830,3518,4076,5123,5573,3601,4645,8867,9028,32.503,15.0745,8.53646,48.0833
47236,3372,4364,7822,10426,3494,3949,5176,5778,3281,3475,3831,3927,3077,3258,3436,3375,-27.2298,18.7525,8.52616,48.0273
47237,2992,3131,3470,3472,3338,3468,3883,4013,3339,3927,5092,6051,3500,4357,7478,10544,25.2208,19.5348,8.56958,48.0367
47238,3377,4110,7074,11587,3458,3810,4862,5931,3178,3383,3862,3928,3069,3309,3431,3444,-30.1927,21.806,8.76832,47.8753
47239,3166,3294,3306,3311,3291,3567,3890,3940,3396,3921,5132,6097,3495,4217,7885,10203,25.1857,18.6646,8.91732,48.074
47240,3578,3504,3260,3106,4786,4123,3504,3253,9302,5138,3846,3410,8621,5141,3923,3254,13.7975,-31.6925,8.89704,47.8327
47241,4267,6710,9386,5567,3921,4702,5186,4503,3468,3611,3809,3696,3200,3371,3346,3339,-33.3147,4.22219,8.51317,48.0547
47242,3523,3395,3262,3032,4332,3854,3505,3162,7635,5480,3834,3364,9979,6182,3933,3507,18.9611,-23.357,8.67984,47.986
47243,3642,3477,3219,3074,4881,4196,3553,3310,9142,5585,3940,3394,8220,5342,3854,3391,13.1768,-23.6255,8.94543,48.1467
47244,3117,3218,3410,3431,3174,3438,3860,4203,3333,3879,4996,7165,3348,3882,5874,11732,21.8757,29.195,8.90718,48.04
47245,3482,4152,6186,6352,3510,4212,7219,7250,3416,3671,4482,4514,3099,3288,3473,3720,-12.1448,15.2317,8.93108,48.0173
47246,12630,6281,3914,3373,6159,4755,3768,3382,3976,3826,3458,3327,3437,3322,3239,3163,-27.051,-30.2354,8.67545,48.0067
47247,7599,8813,4920,3702,5460,6008,4337,3584,3893,4067,3604,3330,3335,3453,3316,3090,-21.5558,-12.8621,8.91607,48.3407
47248,3266,3360,3167,3138,3979,3856,3478,3180,5962,4917,3854,3320,11879,7022,4101,3460,27.6647,-22.0185,8.96578,47.9593
47249,3959,3680,3483,3170,6202,4459,3767,3324,9773,5225,3829,3364,6214,4746,3714,3303,7.32256,-30.053,8.52207,48.1413
47250,7405,9671,5301,3694,5105,5324,4307,3573,3759,3925,3668,3402,3344,3399,3228,3191,-27.6178,-11.2111,8.55388,48.1973
47251,3100,3223,3536,3451,3268,3550,4153,4192,3510,4092,5886,6796,3433,4414,7236,8590,18.4818,17.5554,8.96186,48.2867
47252,3326,3401,3173,3019,4108,3822,3434,3261,6915,5021,3832,3399,11323,6454,4023,3354,22.6079,-23.854,8.99639,47.91
47253,3439,3955,4008,3832,3843,4835,5977,4499,3866,5455,7266,4724,3736,4215,4733,4058,3.05946,4.75439,8.5847,48.294
47254,3224,3462,3979,4006,3321,3822,5066,5903,3532,4110,6565,8294,3374,3798,4847,5421,5.74224,18.7712,8.61152,48.4827
47255,3799,4982,7512,5687,3722,4840,7381,5436,3448,3833,4300,4003,3244,3273,3469,3470,-15.8555,8.9363,8.94708,48.266
47256,3152,3268,3401,3421,3148,3486,4004,4125,3410,3831,4992,6772,3403,4029,6650,11024,22.006,23.0825,8.57615,48.0773
47257,3292,3427,3289,3270,3691,3705,3678,3607,4567,5172,4512,3907,5818,9561,6592,4237,31.0991,-5.24121,8.52916,48.2167
47258,3095,3238,3563,3491,3248,3505,4104,4929,3402,3926,5275,8936,3379,3998,5584,8702,14.2765,26.7525,8.96757,48.25
47259,6797,5026,3767,3266,9655,5496,3924,3363,5651,4283,3575,3217,3827,3634,3378,3122,-9.2013,-24.9099,8.91454,47.9873
47260,3102,3497,3788,4043,3231,3678,4783,5754,3428,3880,6131,8933,3481,3798,4887,5854,6.86609,20.6683,8.73923,48.1787
47261,8266,9326,4872,3617,5349,5166,4149,3573,3752,3818,3523,3201,3310,3427,3324,3105,-30.823,-13.5654,8.74323,47.852
47262,3149,3329,3453,3476,3400,3851,4302,4183,3590,4486,7126,5771,3873,4800,7401,6254,16.0267,10.8812,8.80344,48.296
47263,3549,3481,3281,3059,4563,3970,3619,3316,8529,5383,3844,3431,9178,5682,3964,3402,15.7996,-24.6512,8.72419,48.1673
47264,11994,6162,3973,3400,6772,4859,3875,3405,4106,3965,3467,3301,3432,3427,3146,3076,-23.7363,-27.9091,8.80573,48.24
47265,3636,3619,3519,3215,4699,4560,3652,3406,7593,7071,4124,3485,6236,5848,4157,3454,11.5058,-16.2488,8.92855,48.1827
47266,12630,6088,3880,3329,5990,4653,3773,3325,3907,3694,3430,3195,3503,3411,3267,3193,-32.832,-27.9357,8.69653,47.512
47267,6024,6318,4405,3650,6427,7497,4427,3537,4443,4459,3761,3377,3571,3637,3381,3162,-12.5079,-12.9529,8.8197,48.0507
47268,3439,3659,4281,4162,3537,4177,6192,5382,3639,4498,7485,5986,3413,3829,4654,4336,1.97879,11.683,8.98981,48.446
47269,3901,5387,8609,6210,3698,4645,6389,4996,3351,3670,4112,3743,3167,3428,3344,3353,-19.9164,8.42296,8.70097,48.002
47270,10399,7810,4232,3458,5681,5003,3869,3403,3863,3780,3520,3210,3425,3342,3380,3070,-31.96,-18.6672,8.60695,47.63
47271,3280,3469,4027,4428,3322,3735,4925,7314,3364,3699,5088,9065,3293,3632,4329,5032,2.49165,33.9144,8.93708,48.0013
47272,7851,8280,4861,3711,5824,5857,4312,3590,3937,3964,3636,3406,3394,3426,3243,2961,-20.3457,-13.9286,8.83674,48.1687
47273,3359,3980,5712,10730,3420,3816,5125,7509,3237,3429,3891,4143,3113,3277,3421,3386,-19.4975,33.8961,8.56141,47.6987
47274,3167,3260,3383,3472,3234,3459,3788,4051,3431,3761,5026,6110,3435,4102,7034,11436,25.1413,21.8334,8.94509,48.0993
47275,5527,4509,3690,3279,9202,5649,3780,3380,6670,4842,3792,3322,4113,3825,3566,3092,-4.54973,-24.135,8.51821,48.1587
47276,3171,3293,3343,3436,3359,3569,3756,3929,3716,4221,5347,5381,3574,4871,9537,7966,33.7288,12.6123,8.58129,48.3127
47277,9588,5487,3834,3408,8544,5325,3827,3416,4322,3912,3564,3205,3551,3412,3244,3132,-16.5697,-33.8978,8.90094,47.8473
47278,3121,3207,3380,3369,3303,3491,3871,3905,3551,4192,5380,5432,3578,4673,8767,8781,24.6592,15.2833,8.53111,48.0007
47279,3911,3711,3366,3147,5284,4324,3602,3248,9186,5955,3878,3304,6877,5218,3883,3370,10.3978,-21.762,8.75315,48.176
47280,3178,3291,3415,3348,3202,3375,3748,3878,3337,3765,4753,6058,3344,3888,6279,12427,30.5971,26.3803,8.79477,47.524
47281,3165,3288,3522,3576,3238,3604,3943,4408,3448,3843,5093,7990,3324,3894,5503,9982,17.7697,29.318,8.53216,47.8807
47282,3424,3731,4195,5369,3360,3843,5040,9439,3280,3550,4550,7208,3244,3547,3924,4347,-3.47578,31.0926,8.86971,48.034
47283,4590,7671,8731,5053,4065,5091,5218,4383,3483,3767,3797,3560,3126,3317,3280,3150,-25.6166,1.67466,8.77962,48.188
47284,3328,3414,3554,3338,3537,3963,4246,3863,3973,5697,7083,4825,4003,5689,7052,4878,14.8879,3.80547,8.79519,48.2953
47285,3160,3262,3402,3252,3549,3656,3904,3723,3996,4557,5181,4503,4234,6746,9609,5590,32.3451,4.59916,8.77026,48.216
47286,3339,3751,4839,6703,3311,3746,5277,10127,3192,3722,4357,5754,3176,3417,3716,3910,-8.80564,30.6953,8.75203,48.2247
47287,3390,3378,3223,3032,3820,3743,3481,3318,5601,5326,4093,3445,8861,8922,4823,3544,25.9743,-15.1354,8.97501,48
47288,3461,4026,5905,11352,3480,3849,4936,7161,3283,3399,3739,4016,3175,3147,3474,3391,-21.3875,30.6262,8.88211,47.8627
47289,3376,3464,3252,3104,3996,3862,3471,3188,6830,4831,3740,3459,11867,6032,3892,3410,23.3699,-28.9452,8.66448,47.8493
47290,4040,4386,4157,3710,4710,7120,5592,3895,4356,6121,4943,3824,3830,4125,4007,3666,-2.38322,-4.08789,8.60682,48.3213
47291,3709,5290,9707,7250,3605,4350,5416,5186,3354,3566,3852,3782,3125,3386,3305,3379,-25.5621,10.9334,8.73794,48.1747
47292,7268,6145,4028,3465,7867,6298,4093,3455,4543,4361,3609,3297,3599,3547,3406,3192,-14.0073,-18.1896,8.5868,48.1153
47293,8594,8364,4696,3659,5766,5587,4132,3605,4083,3879,3539,3292,3392,3384,3142,3090,-22.7195,-14.9519,8.68442,48.136
47294,3205,3572,4070,4663,3377,3788,5118,7628,3254,3779,5162,8287,3316,3564,4247,4882,1.15314,23.74,8.77278,47.9413
47295,3955,3742,3468,3153,6113,4482,3694,3281,9796,5286,3806,3437,6182,4711,3630,3367,6.83372,-31.6455,8.62293,48.0687
47296,3778,5580,9870,6982,3643,4371,5172,5053,3292,3517,3743,3689,3174,3303,3321,3300,-30.2827,9.8137,8.54737,47.8587
47297,9880,5547,3884,3338,8519,5112,3848,3371,4448,4154,3439,3254,3521,3547,3330,3022,-16.9433,-27.5348,8.99137,48.1427
47298,3714,3594,3315,3201,5259,4213,3577,3290,9785,5217,3796,3368,7476,5024,3887,3481,11.1195,-29.1857,8.52779,48.1313
47299,4124,6015,9487,6100,3849,4558,5561,4692,3466,3625,3882,3620,3166,3332,3315,3277,-24.2929,7.03942,8.5804,48.046
47300,3372,4032,6471,10554,3521,3898,5299,7173,3277,3354,3879,4161,3147,3183,3324,3560,-20.0837,22.6606,8.86507,48.1367
47301,3176,3297,3495,3641,3296,3531,4083,4766,3367,3835,5280,9508,3486,3845,5294,8169,13.3372,33.1834,8.94698,48.046
47302,4099,3895,3480,3286,5743,5441,3848,3402,7492,6860,4196,3494,5076,4771,3870,3358,4.71639,-16.0017,8.99918,48.2073
47303,3264,3368,3298,3189,3675,3779,3751,3523,4388,5295,4991,3979,5174,8507,7429,4470,24.0222,-2.22319,8.59872,48.0533
47304,3147,3227,3441,3282,3259,3638,3994,3904,3577,4178,5442,5589,3576,4747,8771,8645,25.0159,14.7946,8.66957,48.278
47305,3578,3377,3306,3127,3917,3872,3650,3297,5576,5574,4142,3457,8398,8642,4844,3529,24.1568,-14.3222,8.66865,48.1907
47306,5049,4526,3759,3350,7884,5983,3914,3524,6804,5440,3876,3368,4369,3977,3490,3255,-2.08788,-19.4846,8.70224,48.3787
47307,3678,3724,3286,3128,5097,4353,3783,3266,9100,6023,3934,3410,6873,5177,3916,3395,10.7106,-20.9567,8.86756,48.0953
47308,8555,9401,4802,3581,5312,5206,4185,3526,3826,3762,3503,3278,3311,3392,3177,3129,-29.5784,-13.6606,8.95373,47.964
47309,6937,5836,4003,3397,8092,6687,4042,3469,4808,4431,3652,3333,3630,3660,3288,3212,-11.8477,-18.0071,8.85051,48.318
47310,4994,8939,7876,4508,4347,5174,4861,3991,3494,3706,3721,3452,3261,3238,3325,3163,-28.9116,-1.92929,8.95593,48.0333
47311,3782,5586,10104,6778,3703,4321,5239,4704,3404,3614,3801,3732,3153,3228,3333,3404,-30.9884,9.04463,8.92956,47.924
47312,4099,5887,8353,5382,3982,4990,6367,4799,3407,3720,3934,3830,3218,3363,3524,3176,-19.2233,5.30638,8.87664,48.0207
47313,5533,4446,3714,3241,9431,5161,3843,3259,6815,4706,3568,3382,4268,3787,3436,3209,-4.9895,-31.605,8.67516,47.866
47314,5092,4273,3576,3369,8732,4983,3572,3402,7940,4761,3726,3338,4583,4034,3589,3184,-1.29172,-30.2921,8.80522,48.1027
47315,11504,6395,3881,3468,6760,4925,3898,3411,4062,3894,3424,3154,3496,3403,3177,3023,-22.9264,-25.1046,8.74312,47.9167
47316,3338,3377,3136,3159,3983,3778,3399,3188,6074,4677,3813,3360,12764,6358,4068,3312,27.8309,-26.1622,8.91253,47.856
47317,3498,4159,7596,11339,3335,3835,4874,5908,3174,3484,3843,3939,3204,3216,3395,3342,-28.2196,21.0128,8.65874,48.094
47318,3310,3669,4654,6062,3343,3728,5316,9824,3467,3580,4613,6338,3118,3397,3874,4043,-6.40783,26.8491,8.8103,48.224
47319,3327,3427,3434,3260,3447,3839,3963,3698,4064,5298,5824,4443,4447,6798,8096,5020,20.2911,2.21321,8.51859,48.2567
47320,10685,5748,3870,3381,7766,5161,3700,3405,4321,3935,3472,3202,3503,3383,3259,3036,-19.2046,-27.0124,8.85404,47.8847
47321,3380,3850,6396,11216,3454,3860,5191,6937,3225,3467,3881,4081,3048,3172,3505,3428,-21.7053,23.9573,8.89262,48.0607
47322,3131,3281,3448,3440,3261,3508,4024,3942,3629,4172,5680,5762,3504,4676,8680,8181,22.0746,14.3541,8.91284,48.2127
47323,3644,5015,9380,7857,3615,4233,5199,5107,3282,3508,3785,3803,3134,3256,3420,3403,-31.7128,12.5148,8.83554,47.7607
47324,7490,9266,4953,3643,5364,5634,4338,3598,3909,3899,3550,3227,3404,3395,3289,3091,-22.3786,-11.9943,8.85566,48.0333
47325,3180,3235,3362,3316,3366,3548,3852,3796,3555,4269,5357,4996,3728,5343,9633,7612,28.0992,10.9763,8.65242,48.0987
47326,3735,5265,9883,7362,3699,4319,5373,5123,3321,3588,3872,3798,3121,3210,3389,3277,-25.7802,11.0164,8.95903,48.2233
47327,3476,3942,4592,4688,3492,4328,7269,6470,3482,4071,5879,5656,3321,3547,4069,4202,-2.61668,13.6949,8.75378,48.3227
47328,3402,3371,3295,3207,3844,3910,3481,3326,5149,5260,4264,3555,7871,9675,4914,3625,28.5729,-12.223,8.73958,48.0993
47329,3731,3733,3419,3163,4583,4607,3742,3467,7171,7352,4307,3501,6043,5720,4093,3520,10.5746,-15.0324,8.95347,48.1013
47330,3103,3359,3745,4024,3327,3646,4346,5998,3397,3777,5208,9809,3267,3735,4836,6533,8.00442,30.5403,8.74156,48.0733
47331,3329,4050,6761,12106,3400,3720,4850,5930,3191,3384,3717,3993,3177,3176,3322,3412,-32.1411,23.4395,8.81416,47.6787
47332,3364,3909,5558,9931,3350,3700,4953,8458,3279,3555,3921,4336,3152,3307,3365,3389,-17.1816,30.5476,8.88175,47.6847
47333,5043,8940,7780,4543,4277,5070,4724,3867,3506,3722,3686,3544,3265,3431,3299,3144,-28.9675,-1.98877,8.80962,47.894
47334,4140,4007,3539,3291,5983,5618,3963,3372,7222,6855,4082,3520,4965,4561,3824,3454,3.56012,-16.1677,8.99868,48.264
47335,7345,8963,4916,3714,5533,5918,4275,3496,3927,3850,3614,3289,3453,3417,3247,3063,-21.7421,-12.2526,8.82511,48.0133
47336,3509,3911,4879,4929,3537,4212,7220,7106,3534,3984,5459,5505,3286,3475,3928,3985,-5.27195,14.9522,8.69326,48.306
47337,6408,6162,4281,3570,7199,6885,4331,3590,4547,4426,3685,3361,3656,3554,3290,3169,-12.9183,-15.5884,8.60197,48.076
47338,4054,3948,3594,3276,5831,5414,4108,3331,7101,6789,4138,3592,4913,4685,3860,3418,4.16442,-15.908,8.65316,48.0347
47339,10731,5930,3925,3279,7774,5048,3822,3395,4210,3852,3491,3162,3391,3392,3293,2992,-19.4304,-27.0753,8.88991,47.7913
47340,3426,3954,5179,5312,3437,4279,7329,7301,3343,3822,5300,5159,3188,3459,3767,3923,-6.85232,15.1151,8.96396,48.1187
47341,4074,6621,9242,5729,3860,4737,5446,4549,3500,3740,3901,3725,3152,3340,3392,3312,-24.1984,5.21061,8.73526,48.2133
47342,7795,5268,3988,3420,9197,5552,3906,3367,4955,4342,3592,3167,3743,3587,3359,3072,-12.7421,-24.5367,8.64624,48.2067
47343,3517,4283,7090,10045,3455,3937,5348,6532,3217,3678,3913,4137,3110,3237,3404,3457,-21.8062,19.6766,8.50231,48.24
47344,3362,3442,3310,3045,3759,3785,3651,3360,5042,5336,4182,3589,7417,9655,5387,3869,26.4029,-10.4583,8.84149,48.1273
47345,3205,3819,4202,4512,3393,4249,6281,6271,3491,4194,6554,6526,3344,3736,4313,4477,0.589797,15.3194,8.80828,48.378
47346,4270,5789,5840,4276,4395,6798,6916,4340,3767,4356,4246,3757,3422,3470,3471,3345,-12.2483,0.0601868,8.96592,48.3053
47347,5939,9736,6441,4162,4668,5337,4686,3807,3769,3893,3593,3389,3200,3347,3317,3125,-26.7739,-6.13419,8.876,48.2727
47348,5150,4751,3928,3457,7626,6911,4211,3542,5564,5345,3899,3373,3944,3986,3438,3242,-5.2322,-16.6199,8.52118,48.2447
47349,11030,5838,3955,3442,7612,4905,3760,3329,4147,3919,3407,3250,3439,3477,3208,3107,-19.7917,-29.073,8.83614,47.8833
47350,3070,3272,3429,3430,3170,3418,3902,4146,3392,3723,5003,7071,3380,3926,6115,11594,21.9381,26.451,8.79844,48.0273
47351,3340,3453,3209,3078,3860,3735,3455,3295,5987,4734,3855,3401,12542,5849,3885,3482,31.941,-29.5274,8.51503,47.44
47352,4393,3838,3457,3111,7009,4791,3670,3283,9438,5088,3770,3399,5373,4433,3663,3326,3.63494,-30.3419,8.65792,48.028
47353,6335,10020,5682,3926,4905,5149,4434,3792,3814,3882,3577,3341,3243,3378,3224,3262,-33.0163,-8.22062,8.87448,47.976
47354,3472,4067,5877,8702,3399,3899,5562,8504,3389,3552,4129,4613,3079,3279,3469,3434,-15.3932,22.5133,8.73696,48.284
47355,3908,4144,3781,3503,4964,6426,4491,3725,5380,7387,4770,3709,4372,4694,3958,3456,2.31554,-8.56352,8.91952,48.4453
47356,3156,3289,3437,3579,3191,3478,4173,4807,3395,3771,5346,9138,3451,3906,5456,8795,14.5344,28.1061,8.5067,48.2453
47357,3365,3583,4273,4326,3484,4063,6265,6218,3554,4152,6376,6498,3413,3746,4346,4579,0.408451,15.512,8.51176,48.1607
47358,3479,3558,3312,3240,4793,4083,3526,3315,9132,5183,3815,3400,8606,5373,3844,3359,14.25,-30.9601,8.63283,48.012
47359,3758,5165,8703,6822,3581,4325,6085,5374,3465,3609,4000,3890,3080,3297,3534,3383,-20.711,10.921,8.76363,48.0473
47360,3133,3214,3506,3338,3304,3584,3748,3987,3438,3823,4812,5766,3533,4250,7800,10667,31.0371,19.2529,8.80802,47.9353
47361,3127,3266,3374,3440,3293,3565,3930,4276,3454,3804,4944,7757,3464,3976,5573,10731,19.2234,31.6399,8.7024,47.9827
47362,3441,3669,3497,3221,3850,4545,4076,3621,4610,7191,5896,4137,4675,6262,5469,4150,12.9628,-3.1071,8.57731,48.2067
47363,4451,4074,3501,3208,7093,4911,3688,3324,8972,5389,3817,3342,5270,4439,3579,3337,3.10466,-24.3238,8.90525,48.2633
47364,3052,3269,3553,3435,3310,3779,4227,4072,3600,4610,7050,6110,3690,4763,7442,6462,16.239,12.1765,8.78653,48.2827
47365,3380,3575,3537,3453,3867,4497,4433,3834,4369,7118,6738,4191,4306,5672,5476,4181,10.5059,-0.436898,8.94739,48.418
47366,3514,4343,4970,4431,3794,5205,7951,5145,3627,4388,5416,4342,3326,3620,3987,3774,-6.07186,6.70599,8.57774,47.8887
47367,3414,4003,5052,5600,3511,4262,7093,7491,3355,3890,5102,5187,3143,3511,3828,3901,-7.49,15.8004,8.61731,48.2287
47368,4102,3797,3308,3156,6306,4443,3633,3281,9855,5468,3985,3381,6157,4709,3555,3223,6.78053,-25.3052,8.8598,48.2393
47369,3310,3874,5937,12417,3366,3836,4747,5870,3244,3539,3589,3886,3250,3292,3379,3446,-32.9375,33.2298,8.82106,47.3213
47370,4336,5568,5132,4011,4582,7270,6425,4133,3963,4767,4304,3728,3457,3674,3615,3370,-9.5552,-2.08153,8.72825,48.2233
47371,3326,3699,4583,5824,3307,3693,5251,9536,3270,3648,4579,6875,3245,3444,3853,4161,-5.04573,28.7686,8.8054,48.196
47372,3239,3332,3367,3361,3481,3842,3789,3769,3820,4541,5189,4541,4193,6800,9315,5506,31.4528,3.92978,8.55076,48.0567
47373,3612,4384,5769,5007,3644,5047,8141,5629,3523,3974,4959,4350,3284,3384,3740,3623,-9.55379,9.00877,8.83783,48.0467
47374,3108,3443,3711,4048,3319,3848,4517,5882,3289,3737,5652,9436,3196,3684,4894,6185,7.74587,24.4199,8.53622,47.966
47375,3351,3950,6906,11709,3324,3977,4946,5779,3216,3428,3828,3904,3142,3243,3397,3497,-31.3997,22.6015,8.7039,47.7313
47376,3434,3444,3313,3160,3905,4116,4007,3469,4628,6556,5670,4148,4696,7003,6182,4266,15.897,-2.34615,8.82313,47.998
47377,3417,3384,3412,3363,3751,4001,3878,3446,4654,6503,5261,4067,5027,7912,5860,4212,17.8465,-4.07004,8.61087,48.0987
47378,11399,6642,4118,3473,6683,5097,3781,3477,3958,3941,3353,3255,3408,3445,3214,3002,-23.3968,-23.5794,8.82281,48.164
47379,3528,3481,3229,3185,4600,4113,3497,3334,8769,5516,3797,3317,8914,5652,3864,3457,15.5592,-24.4635,8.97668,48.1687
47380,3082,3241,3368,3329,3255,3430,3858,4033,3401,3913,5089,6343,3495,4176,7367,10649,23.3882,20.3662,8.95458,48.0193
47381,3765,5058,9590,7784,3701,4161,5232,5187,3200,3563,3857,3797,3223,3316,3368,3309,-32.3994,12.1226,8.80378,48.074
47382,3559,4297,6478,6688,3517,4201,7028,7096,3343,3696,4443,4373,3152,3278,3528,3669,-13.6829,15.1832,8.78679,48.2307
47383,3358,4136,6686,10663,3352,3950,5199,6902,3157,3501,4042,4105,3004,3273,3347,3480,-21.3304,22.4032,8.94141,48.1033
47384,3728,3698,3483,3214,4833,4845,3774,3490,7180,7467,4228,3622,5824,5510,4059,3461,9.76982,-14.7728,8.78739,48.2773
47385,3178,3638,4145,4496,3244,3694,4971,7702,3243,3752,5131,8733,3095,3480,4325,5024,1.21129,27.2862,8.98429,47.9007
47386,3782,3601,3324,3142,5239,4255,3728,3278,9846,5130,3854,3265,7455,5028,3771,3270,11.0465,-29.9927,8.81254,47.9787
47387,3543,3747,3788,3518,3953,4972,4885,4015,4303,6702,6976,4323,3820,4753,4904,4022,6.59569,0.272205,8.67214,48.1493
47388,3239,3391,3273,3178,3757,3843,3644,3465,4792,5484,4310,3681,6940,9743,5386,3839,25.3954,-9.7838,8.91458,47.9767
47389,4102,5134,4556,3961,4574,7505,6175,4153,4167,5045,4632,3820,3562,3737,3690,3406,-6.53091,-2.57372,8.86909,48.146
47390,7187,9390,5197,3792,5026,5519,4352,3529,3761,3714,3686,3416,3217,3378,3270,3114,-25.4533,-10.8912,8.52149,47.6987
47391,3091,3151,3286,3338,3289,3537,3857,3915,3510,4041,4868,5607,3470,4195,7510,10890,29.2405,19.5092,8.78783,47.7033
47392,3684,3473,3359,3103,4415,4054,3569,3264,7520,5688,3958,3404,8716,6284,3959,3462,16.7641,-20.265,8.56238,47.9413
47393,3225,3571,4165,4779,3376,3738,5228,7983,3289,3729,5305,8185,3279,3591,4154,4675,0.399164,23.6739,8.97208,48.1813
47394,8265,6314,4079,3428,7678,5953,3959,3518,4567,4165,3556,3316,3483,3552,3238,3131,-15.7374,-19.7091,8.68338,48.1347
47395,3354,3405,3222,3100,3912,3760,3546,3181,6284,4881,3795,3311,11933,6539,4123,3244,27.167,-25.4697,8.5545,47.7267
47396,3419,4261,7154,10254,3432,3857,5172,6385,3268,3413,3902,4003,3173,3250,3356,3297,-23.306,19.9129,8.81887,47.7307
47397,3215,3217,3389,3358,3207,3443,3960,4229,3472,3749,5039,7765,3303,3958,5939,10547,18.9993,33.3445,8.52441,47.86
47398,3223,3460,3308,3090,3743,3902,3629,3472,4815,5575,4572,3810,6227,9693,6033,3937,25.6916,-7.41394,8.63408,48.326
47399,3274,3359,3165,3067,3985,3830,3431,3173,5831,4913,3830,3395,11750,7163,4052,3436,30.3984,-21.765,8.96637,47.7693
47400,10691,6296,3889,3459,7147,5160,3839,3402,4246,3950,3523,3066,3470,3411,3192,3047,-20.6083,-24.3551,8.70126,47.8587
47401,3317,3938,5896,9871,3364,3872,5211,7978,3322,3492,3946,4457,3026,3226,3410,3532,-17.4959,24.8954,8.72066,47.9053
47402,5396,4414,3694,3322,9357,5232,3765,3343,7213,4629,3638,3267,4280,4046,3454,3231,-3.45532,-31.8595,8.87361,48.1873
47403,3157,3276,3361,3387,3393,3608,3867,3819,3620,4298,5452,5065,3879,5546,9766,6886,27.455,9.62648,8.52738,48.2533
47404,8830,5401,3818,3277,8933,5332,3746,3184,4766,4137,3497,3202,3669,3519,3229,3039,-14.7057,-26.7838,8.74085,47.7193
47405,3860,5276,9572,6952,3677,4389,5576,5100,3392,3567,3835,3805,3166,3249,3492,3276,-24.5025,10.2209,8.96822,48.1227
47406,3605,4729,9274,8305,3465,4173,5342,5352,3314,3610,3899,3794,3288,3251,3451,3321,-31.721,13.6359,8.71712,48.1153
47407,3248,3426,4201,4697,3333,3705,4905,7937,3335,3751,5035,8620,3248,3603,4240,5014,1.08041,28.8397,8.91496,48.1987
47408,3464,3300,3228,3209,3748,3805,3556,3299,4887,5437,4371,3761,6849,9884,5456,3956,27.457,-9.39295,8.78263,48.14
47409,4102,3847,3297,3119,5894,4481,3508,3309,9794,5314,3795,3356,6193,4774,3785,3388,7.70993,-33.5893,8.52811,47.9707
47410,3075,3395,3857,4167,3232,3691,4703,6538,3406,3743,5466,9385,3302,3687,4613,5747,5.31383,25.0399,8.68912,48.0047
47411,4101,3996,3511,3266,6250,5160,3863,3349,8379,6054,3941,3408,5260,4600,3754,3324,4.48046,-19.9027,8.68748,48.144
47412,3414,3407,3294,3119,3938,3792,3363,3347,6065,4752,3669,3361,12733,6148,3903,3217,32.4503,-26.5214,8.95002,47.6813
47413,3352,3796,4703,5495,3465,3834,6203,8696,3431,3736,4875,6069,3272,3307,3874,4019,-5.55526,20.1973,8.73874,48.0847
47414,3220,3204,3406,3473,3251,3439,3815,3913,3319,3735,4604,6038,3338,3871,5762,12427,33.599,31.0083,8.55526,47.21
47415,3193,3291,3385,3351,3487,3719,3808,3688,3994,4874,5510,4466,4456,7357,9036,5224,24.3479,2.63491,8.98436,48.5593
47416,3446,3885,6022,12704,3360,3641,4682,6014,3199,3445,3646,3896,3191,3306,3352,3305,-29.2237,33.9416,8.75747,47.396
47417,3337,3594,4746,6140,3391,3717,5185,9695,3248,3631,4521,6114,3178,3419,3797,4148,-6.83384,28.1116,8.69527,47.9073
47418,4521,4643,3876,3397,6005,7506,4518,3589,5080,6173,4238,3467,4097,4164,3730,3466,-3.08563,-11.0598,8.92844,48.3133
47419,3281,3727,4801,6100,3335,3853,5310,9801,3274,3662,4530,6270,3121,3363,3824,4018,-6.74586,28.5148,8.62886,48.18
47420,5717,4807,3743,3341,8718,6163,3957,3400,6039,4851,3818,3369,4036,3845,3389,3270,-5.84603,-20.3184,8.88491,48.3087
47421,3751,4333,4226,3749,4346,6270,6119,4221,4178,5776,5714,3985,3661,4067,3990,3797,-1.28707,-0.261378,8.83096,48.122
47422,3377,3292,3412,3210,3787,3953,3724,3534,4648,6147,5370,4023,5133,8143,6477,4292,19.5411,-3.27433,8.81772,48.348
47423,6624,6559,4343,3513,6938,7111,4282,3585,4408,4379,3780,3366,3609,3559,3302,3087,-14.2162,-14.5474,8.70724,48.2967
47424,4187,6702,9749,5694,3906,4713,5016,4451,3444,3576,3851,3693,3061,3399,3333,3303,-31.8917,4.8553,8.90876,48.052
47425,3225,3276,3282,3314,3485,3663,3751,3613,4099,4806,5072,4239,4321,7494,9151,5254,28.2558,2.61943,8.74674,48.03
47426,3918,3676,3477,3148,5224,4586,3780,3375,8178,6823,4119,3419,6181,5373,3826,3386,9.45907,-17.9616,8.86196,48.326
47427,3280,3966,5843,10117,3480,3785,5228,8105,3145,3447,3960,4316,3134,3214,3450,3536,-18.1656,25.8913,8.60763,48.004
47428,5429,4451,3644,3336,9469,5056,3730,3435,7107,4616,3757,3311,4291,3952,3525,3139,-3.82659,-30.4139,8.95693,48.1653
47429,4854,5675,4420,3710,5769,8170,5015,3813,4436,4930,4129,3435,3686,3679,3539,3276,-9.06055,-8.68081,8.64115,48.3573
47430,3411,3737,3943,3752,3722,4805,5698,4398,3867,5707,7570,4762,3718,4388,4839,4067,4.21924,4.29951,8.90374,48.256
47431,12624,6000,3866,3439,6014,4745,3835,3311,3817,3741,3410,3200,3327,3496,3232,3237,-30.473,-30.1089,8.5726,47.5293
47432,3297,3925,5446,8910,3357,3863,5366,8733,3271,3551,4178,4653,3081,3300,3441,3604,-14.8263,26.3135,8.54931,47.984
47433,3201,3283,3355,3478,3290,3492,3868,4044,3572,3992,5323,6079,3539,4314,7657,9679,23.5332,18.0606,8.72493,48.1107
47434,4126,4872,4424,3707,4687,7630,5670,3944,4424,5705,4686,3726,3736,3864,3798,3441,-4.69311,-4.46566,8.85928,48.2933
47435,3471,4116,6854,11539,3423,3881,5050,6301,3194,3430,3794,4095,3024,3237,3319,3403,-26.429,21.8631,8.52703,48.0873
47436,3369,3619,3788,3667,3554,4244,5262,4289,3854,5347,8207,5234,3709,4379,5284,4438,7.24238,6.39204,8.90175,48.1627
47437,12618,5941,3861,3454,6044,4720,3837,3376,3999,3699,3422,3130,3351,3411,3266,3209,-30.1097,-29.4256,8.89872,47.5587
47438,3367,3365,3324,3348,3615,3896,3717,3599,4101,4998,5020,4170,4626,7925,8311,4697,33.7457,0.201525,8.69226,48.0527
47439,3463,3412,3185,3180,3973,3767,3399,3238,6009,4860,3867,3413,12331,6197,3740,3410,33.6074,-25.8347,8.6683,47.6293
47440,3367,3620,4749,6296,3480,3832,5138,9854,3258,3531,4437,5969,3201,3427,3759,3892,-7.74046,32.0778,8.83587,47.8733
47441,3691,3568,3348,3124,4997,4248,3509,3296,9108,5588,3835,3409,7863,5308,3777,3331,12.8215,-24.4955,8.50884,48
47442,12444,6373,3864,3390,6040,4794,3780,3374,3930,3774,3431,3241,3320,3326,3262,3129,-31.3065,-26.5339,8.529,47.648
47443,4327,7100,9404,5470,3997,4655,5067,4327,3513,3629,3777,3599,3242,3264,3380,3196,-31.377,3.63398,8.53577,47.9647
47444,6671,9639,5851,3907,4771,5409,4370,3725,3668,3822,3560,3289,3262,3298,3396,3077,-27.7864,-8.6411,8.61933,47.81
47445,3301,3348,3390,3244,3601,3870,3887,3534,4186,5095,4963,4062,4806,8286,8149,4738,33.3976,-0.365995,8.63625,48.3067
47446,3613,4344,6640,5678,3557,4630,7735,6311,3449,3864,4647,4403,3161,3396,3587,3495,-12.9109,11.6336,8.95158,48.34
47447,3249,3370,3261,3213,3809,3781,3442,3216,5835,4658,3733,3274,12722,6003,3849,3344,31.0036,-33.3571,8.99659,47.1727
47448,3237,3950,5220,8204,3493,3812,5434,9313,3163,3660,4251,4943,3140,3198,3592,3583,-13.3196,25.7489,8.81753,48.1287
47449,3385,3233,3191,3068,3894,3797,3477,3126,6393,4829,3816,3319,12306,6424,3960,3390,26.0985,-26.2481,8.86145,47.7387
47450,3770,4523,5934,4969,3690,5020,8141,5721,3547,4021,4899,4351,3238,3442,3765,3504,-10.1648,9.01885,8.83937,48.3567
47451,3381,3470,3389,3184,4184,4097,3541,3274,6764,6405,4129,3612,7820,7197,4386,3650,16.7694,-16.1364,8.90543,48.322
47452,6350,5895,4108,3441,7449,6961,4228,3532,4701,4512,3785,3312,3799,3605,3430,3216,-12.1298,-15.8278,8.77371,48.216
47453,3138,3350,3442,3311,3542,3904,3997,3663,4120,5297,5785,4375,4437,6980,7965,4987,20.3831,2.12822,8.74409,48.1953
47454,7848,5272,3828,3367,9233,5409,3846,3369,4963,4255,3523,3233,3674,3472,3292,3135,-12.6278,-25.5418,8.74418,47.8127
47455,4738,7504,6991,4392,4405,5973,5727,4208,3587,3918,4008,3655,3298,3410,3384,3251,-18.9688,-1.06535,8.95836,48.2993
47456,3064,3377,3499,3615,3397,3556,4061,4603,3288,3865,5296,8768,3371,3943,5572,8649,14.7551,25.5637,8.52166,47.9493
47457,3275,3307,3283,3271,3506,3719,3893,3641,3940,4775,5226,4353,4428,7257,9203,5131,33.9848,2.97403,8.88603,48.1387
47458,3300,3920,5867,11600,3370,3811,4856,7203,3218,3505,3787,4129,3099,3129,3382,3404,-21.8123,29.5427,8.98193,47.72
47459,4609,4406,3657,3372,6917,6340,4172,3352,6487,6004,4016,3458,4389,4314,3702,3287,-1.26746,-16.2892,8.76773,48.3213
47460,9915,5656,3944,3417,8279,5158,3736,3353,4509,3988,3495,3240,3519,3492,3220,3130,-17.6338,-26.946,8.78184,48.034
47461,3134,3364,3416,3336,3450,4011,4040,3724,3818,5319,6584,4608,4103,6039,7867,5269,17.9513,4.59078,8.71193,48.0547
47462,3943,6094,10139,6232,3839,4386,5255,4658,3383,3589,3725,3722,3163,3253,3359,3299,-28.2888,7.34343,8.84523,48.026
47463,3422,3399,3293,3182,3852,4009,3653,3453,4977,5989,4558,3762,6216,9192,5652,3904,21.9674,-8.18095,8.52427,48.342
47464,3328,3320,3217,3110,4027,3798,3497,3236,6497,5240,3821,3340,10970,7005,4126,3464,23.0926,-21.6288,8.75217,47.9973
47465,3498,3719,3927,3625,3677,4427,5405,4115,3886,5527,7982,4980,3776,4250,5156,4328,6.61945,5.85505,8.69338,48.1853
47466,3139,3311,3302,3283,3368,3538,3840,3769,3666,4305,5338,4919,3657,5127,9947,7651,32.7628,11.6578,8.86572,48.1067
47467,3292,3914,6389,11854,3358,3725,4866,6587,3231,3409,3889,4056,3096,3194,3391,3463,-23.8137,26.1437,8.5752,47.8093
47468,3246,3367,3273,3134,3743,3784,3709,3428,4708,5601,4615,3751,6112,9385,5782,3949,23.9008,-7.36185,8.67423,47.7247
47469,3241,3512,3941,4239,3282,3803,5248,5857,3428,4027,6644,7978,3332,3772,4667,5116,5.06243,17.4256,8.99891,48.058
47470,3281,3787,4988,7223,3328,3846,5176,9902,3332,3511,4294,5519,3206,3297,3622,3776,-10.0649,30.8355,8.90508,48.0587
47471,3316,3734,4510,5953,3437,3728,5241,9674,3294,3760,4474,6393,3238,3438,3826,4005,-5.70176,33.0634,8.81622,48.014
47472,3304,3361,3280,3301,3823,3922,3720,3338,5006,5645,4271,3688,6975,9432,5254,3833,24.0278,-10.4452,8.73213,48.102
47473,3646,4446,6701,5686,3582,4550,7479,6096,3432,3886,4627,4381,3212,3432,3640,3606,-12.7434,11.5339,8.51822,48.268
47474,3445,3416,3209,3091,3897,3971,3549,3200,5722,5164,3836,3275,10630,7710,4261,3451,27.481,-19.3215,8.73846,47.8847
47475,8376,7788,4544,3603,6192,5924,4190,3502,3878,3934,3552,3250,3417,3481,3226,3079,-20.3656,-15.8986,8.69827,47.9573
47476,5394,7901,5876,4079,4940,6520,5019,3893,3789,4192,3872,3495,3383,3464,3426,3200,-18.1552,-5.47835,8.64387,48.2953
47477,12819,6122,3908,3347,6080,4686,3863,3375,3941,3860,3373,3226,3363,3326,3244,3133,-30.0192,-27.5129,8.77952,47.7773
47478,3340,3384,3267,3174,3889,3815,3414,3232,6104,4866,3823,3333,12334,6671,4036,3381,27.9592,-23.9298,8.8255,48.042
47479,7297,7842,4670,3606,6202,6479,4388,3625,4120,3976,3617,3340,3511,3404,3284,3147,-17.992,-13.4768,8.91775,48.3387
47480,3601,3577,3422,3336,4195,4507,3785,3392,5722,7611,4741,3744,5347,6837,4600,3774,12.8869,-9.45942,8.52683,48.1273
47481,3568,4671,8795,9175,3542,4052,5204,5426,3197,3512,3773,3901,3132,3306,3483,3399,-28.3324,15.7942,8.94264,48.0907
47482,7424,8868,4866,3710,5535,5813,4391,3595,3926,3848,3656,3298,3399,3399,3293,3166,-22.0017,-12.4446,8.55252,48.1247
47483,3555,4651,8848,8738,3468,4027,5275,5377,3241,3518,3940,3869,3066,3170,3400,3371,-32.8285,15.0565,8.56825,47.676
47484,11136,5869,3849,3361,7643,5023,3741,3466,4218,3939,3497,3250,3508,3451,3147,3103,-20.2368,-27.1219,8.91518,48.134
47485,3267,3552,4707,6357,3358,3835,5508,9930,3292,3674,4486,5956,3100,3424,3785,4030,-7.60573,25.466,8.98313,48.174
47486,3155,3558,3928,4211,3349,3827,4749,6040,3387,3959,6252,8550,3402,3737,4776,5539,5.80053,20.0597,8.71949,48.2793
47487,3203,3466,3729,3724,3417,3842,4679,4549,3635,4457,7883,6689,3578,4200,5711,5518,10.1387,12.7312,8.74295,48.1867
47488,4406,6411,8178,5072,3941,5199,6135,4551,3637,3908,3934,3710,3224,3291,3445,3299,-19.6738,3.18017,8.63632,48.2273
47489,3471,3840,3937,3655,3911,5398,5687,4218,4056,6212,6666,4383,3766,4302,4467,3901,2.9775,1.2025,8.55723,47.9133
47490,3178,3338,3637,3768,3235,3605,4280,5129,3453,3914,5867,9153,3351,3847,5309,7073,11.1685,21.8375,8.98516,48.0913
47491,3492,4021,4609,4138,3690,4886,7573,5349,3706,4607,6428,4835,3402,3777,4048,3951,-2.34658,8.09886,8.81698,48.3413
47492,3558,3579,3434,3202,4123,4669,4043,3578,5282,8040,5266,3857,4910,6329,4894,3695,11.4361,-6.67271,8.8448,48.306
47493,3439,3332,3184,3195,3979,3772,3493,3314,5987,4716,3766,3254,12643,6206,3990,3447,31.3259,-27.9946,8.69409,47.8113
47494,4155,6494,9439,5756,3850,4775,5582,4586,3284,3652,3875,3647,3090,3349,3303,3367,-23.9834,5.57743,8.94006,48.136
47495,6037,7776,5052,3773,5355,6926,4684,3717,3907,4227,3705,3553,3476,3491,3407,3226,-16.603,-9.39876,8.6607,48.208
47496,3275,3545,3927,4387,3340,3743,4783,7085,3361,3797,5292,9134,3333,3614,4306,5339,3.24868,25.8367,8.85049,48.174
47497,3264,3280,3236,3199,3617,3741,3721,3469,4281,5309,4798,4159,5149,9153,7255,4437,25.0925,-2.68673,8.97008,48.0453
47498,3371,3363,3344,3259,3508,3662,3735,3547,4179,5024,4953,4163,4945,8475,7888,4702,26.9207,-0.706786,8.74265,48.0787
47499,3691,3705,3514,3251,4276,4618,3797,3376,5965,7888,4692,3747,5539,6232,4464,3589,11.661,-10.7358,8.70856,48.2293
47500,3140,3227,3428,3399,3230,3395,3804,4050,3417,3799,4890,6683,3428,4079,6412,11692,23.6492,24.2983,8.84012,48.0487
47501,3368,3861,4836,6774,3442,3847,5176,9890,3308,3623,4456,5583,3158,3356,3632,3767,-9.12229,33.5216,8.71842,48.0513
47502,3962,4707,5320,4291,4078,6058,7770,4743,3743,4381,4975,3992,3374,3552,3800,3503,-8.26291,3.60169,8.83343,48.166
47503,3973,3805,3399,3085,6199,4437,3509,3333,9635,5263,3900,3332,6230,4658,3700,3345,7.00993,-26.3832,8.83357,47.8687
47504,3131,3336,3796,4049,3311,3613,4376,5774,3346,3780,5419,9815,3340,3804,4756,6399,7.96423,26.3571,8.64344,48.03
47505,3346,3901,6042,12273,3376,3803,4781,6649,3309,3430,3846,3994,3131,3228,3359,3365,-24.5302,27.7914,8.99452,47.8887
47506,3829,4182,3975,3671,4560,6437,5187,3900,4544,6696,5324,3837,3923,4291,4103,3675,0.906441,-4.32937,8.60502,48.0893
47507,3448,3377,3283,3218,3896,3752,3400,3166,6231,4711,3687,3438,12560,6033,3871,3529,26.9293,-33.1831,8.95304,47.7333
47508,3149,3210,3284,3388,3220,3536,3974,3806,3687,4060,5074,5102,3659,4886,9487,8099,29.4361,13.0733,8.75118,47.7473
47509,3407,3411,3348,3044,4204,3887,3514,3192,7093,5131,3746,3456,10879,6320,3981,3366,21.4361,-23.9034,8.50737,47.986
47510,8207,6184,4022,3296,8056,5859,4006,3350,4598,4178,3569,3317,3642,3385,3297,3078,-15.1836,-20.4837,8.98826,48.0293
47511,3481,3978,5785,11617,3432,3800,4931,6770,3240,3428,3829,4003,3066,3197,3354,3346,-22.8174,33.4842,8.66968,47.5047
47512,3743,3617,3290,3100,5387,4260,3721,3326,9718,5459,3811,3453,7263,4987,3765,3460,10.8537,-26.8237,8.54439,48.24
47513,3948,4565,4864,4130,4163,6645,7170,4338,3882,4713,5000,4095,3370,3796,3749,3534,-6.46502,1.62493,8.92775,47.9747
47514,3211,3432,3727,3738,3420,3687,4599,4993,3387,4232,6998,7771,3413,4080,5494,6187,9.83569,16.8228,8.83956,48.246
47515,8631,9191,4727,3561,5188,5214,4073,3533,3914,3941,3521,3300,3363,3434,3161,3242,-31.7503,-14.0818,8.87204,47.996
47516,6944,9181,5262,3646,5220,5983,4317,3633,3817,4016,3562,3327,3309,3348,3203,3187,-21.9617,-10.882,8.87328,47.97
47517,3376,3997,6440,12153,3383,3726,4832,6520,3205,3492,3787,3985,3071,3220,3363,3395,-25.1317,25.6351,8.83135,47.9633
47518,3295,3398,3195,3108,3899,3859,3498,3210,5580,5107,4030,3503,9414,8447,4520,3539,32.1874,-16.3545,8.80024,47.7347
47519,5004,7880,6542,4382,4340,6006,5265,4118,3784,4035,3779,3605,3404,3372,3383,3229,-19.3162,-2.79419,8.61129,48.0853
47520,3346,4020,6162,8713,3424,3951,5781,7950,3300,3490,4060,4484,3115,3292,3421,3511,-16.2989,20.8138,8.72558,48.0133
47521,3338,3983,6444,12236,3261,3785,4888,6060,3176,3497,3821,4024,3094,3147,3321,3369,-31.6755,25.6897,8.56572,47.6293
47522,3295,3531,4021,4579,3456,3678,4914,7610,3359,3822,5115,8756,3280,3521,4297,4928,1.60363,28.5029,8.57606,48.108
47523,3329,3957,6256,12221,3532,3917,4812,6286,3288,3500,3751,3822,3174,3161,3325,3431,-26.3171,28.7212,8.54831,47.8413
47524,4067,3902,3563,3265,5692,5106,3785,3421,7952,6621,4139,3392,5496,4857,3878,3307,5.64098,-17.8772,8.61525,48.2953
47525,3458,3448,3249,3122,3907,3792,3461,3226,5781,4809,3859,3333,12130,6771,3950,3358,31.7796,-23.304,8.8914,47.7693
47526,3319,3365,3166,3169,3991,3758,3554,3134,6396,4818,3777,3472,12431,5960,3940,3390,24.6369,-32.3326,8.94688,47.76
47527,3205,3296,3770,3935,3259,3709,4511,5340,3409,4098,6244,8837,3409,3998,5126,6473,9.03565,20.4937,8.64128,48.4127
47528,11768,5892,3937,3375,6840,4859,3829,3401,4120,3803,3442,3283,3352,3505,3244,3269,-22.4649,-32.0791,8.72358,47.946
47529,3930,3739,3223,3121,5523,4493,3625,3321,9660,5501,3802,3419,6780,4932,3830,3321,9.57965,-24.8839,8.63618,48.1467
47530,4682,8177,8443,4932,4131,4970,5068,4106,3456,3705,3709,3657,3178,3243,3350,3215,-26.3505,0.722289,8.83024,48.0147
47531,3235,3456,3893,3822,3363,3918,5026,4885,3531,4403,7370,6964,3475,4024,5278,5597,8.52743,14.2042,8.57876,48.16
47532,12020,5945,3988,3364,6554,4966,3735,3274,3869,3813,3442,3268,3368,3347,3096,3177,-23.6678,-33.179,8.82261,47.484
47533,3254,3568,4469,5349,3405,3793,5351,9369,3296,3783,4691,7000,3295,3463,3927,4289,-3.76275,25.8594,8.94333,48.2013
47534,7864,9421,5074,3660,4998,5149,4306,3607,3897,3722,3484,3228,3365,3291,3315,3209,-29.6535,-12.4694,8.63574,47.7267
47535,12495,5987,3875,3315,6094,4688,3838,3324,3933,3669,3417,3250,3442,3453,3238,3170,-27.459,-30.6755,8.85111,47.4587
47536,6074,9658,6281,4075,4591,5197,4569,3744,3800,3803,3636,3468,3195,3375,3257,3106,-26.3368,-6.4367,8.82705,47.886
47537,10636,7629,4268,3416,5782,5088,3930,3519,3941,3882,3457,3293,3300,3400,3402,3165,-27.036,-19.0526,8.78038,48.072
47538,3575,4642,8382,8145,3624,4246,5957,5850,3335,3578,3958,3899,3127,3406,3486,3463,-20.6961,14.3228,8.92161,48.4487
47539,3060,3186,3527,3508,3254,3374,3756,3833,3426,3884,4623,5963,3413,3873,6052,12291,28.6238,32.3667,8.5314,47.3487
47540,3418,3927,5464,9059,3327,3879,5245,8853,3167,3570,3982,4498,3232,3298,3553,3434,-15.6189,33.3289,8.59177,47.9373
47541,3379,3902,5432,9559,3400,3924,5206,8464,3231,3574,4009,4434,3149,3242,3520,3610,-16.9885,31.5223,8.60514,48.0233
47542,3682,5072,9618,7945,3549,4179,5206,5089,3265,3628,3747,3772,3131,3305,3306,3281,-30.5699,12.8417,8.96178,47.85
47543,3318,3942,6073,12048,3353,3751,4858,6737,3199,3408,3809,4101,3066,3108,3445,3309,-23.6101,27.4451,8.89007,47.6833
47544,4274,6443,8846,5557,3986,4791,5698,4702,3494,3659,3824,3787,3175,3275,3454,3353,-22.2168,4.87098,8.57664,48.212
47545,3188,3317,3700,3878,3393,3592,4198,5402,3328,3796,5209,10058,3245,3819,4939,7059,10.372,29.9148,8.90991,48.0807
47546,3659,4279,4604,4072,3970,5687,7105,4630,3863,4979,5960,4433,3526,3827,4009,3797,-3.07989,4.16162,8.56047,48.2667
47547,3222,3248,3365,3206,3592,3730,3706,3544,4145,4763,4952,4213,4782,7977,8497,4805,28.6847,0.773692,8.62381,47.8313
47548,3262,3443,3407,3279,3561,3902,4086,3689,4121,5736,6134,4497,4427,6824,7170,4779,17.578,1.15477,8.90291,48.2113
47549,3374,3772,5271,8029,3339,3870,5268,9166,3316,3646,4235,4989,3115,3265,3594,3661,-12.8189,31.9423,8.54885,47.94
47550,3471,3712,3949,3589,3742,4544,5697,4362,3772,5580,7854,4973,3719,4296,4938,4205,4.85753,5.27581,8.93544,48.2687
47551,3392,3839,4285,4111,3732,4858,6848,4914,3684,4789,6983,4991,3405,3880,4360,4143,0.0661162,7.88443,8.55589,48.1427
47552,3177,3582,4314,5014,3422,3848,5603,8210,3278,3790,5199,7644,3337,3632,4077,4584,-1.22524,22.7793,8.76491,48.474
47553,3032,3082,3456,3428,3183,3450,4020,4425,3444,3974,5347,7492,3378,4022,6321,10045,18.9683,22.6062,8.93826,48.066
47554,3165,3536,4479,5006,3424,3923,5407,8457,3302,3737,4979,7302,3165,3489,4058,4509,-1.71187,23.8736,8.74171,47.9587
47555,4941,4753,3966,3356,6915,6949,4191,3452,5674,5567,4023,3507,4269,3960,3595,3177,-3.91335,-15.2961,8.50977,48.1967
47556,3881,5450,7952,5610,3938,5005,6905,4944,3436,3783,4083,3810,3254,3310,3418,3347,-17.7266,6.92332,8.91897,48.084
47557,3396,3953,6003,12353,3384,3827,4692,5753,3270,3463,3636,3832,3217,3196,3442,3337,-33.2499,33.6152,8.73188,47.1693
47558,3137,3445,3511,3330,3373,3617,3907,3892,3725,4686,6486,5031,3905,5412,8691,6025,19.4503,8.20518,8.91358,48.1153
47559,3500,4167,6311,6768,3535,4329,7092,7121,3325,3742,4404,4422,3178,3364,3557,3653,-13.2969,15.9272,8.78597,48.312
47560,3590,3502,3352,3130,4813,4197,3593,3263,8921,5155,3890,3375,8666,5287,3890,3422,14.345,-32.0599,8.82001,48.0307
47561,4413,5101,4423,3753,5208,7992,5316,3953,4314,5342,4311,3647,3702,3892,3533,3420,-6.91758,-6.62056,8.53998,48.2133
47562,4309,5968,6263,4554,4324,6199,6468,4340,3615,4271,4144,3741,3446,3532,3479,3389,-14.4998,0.584564,8.501,48.028
47563,3201,3358,3343,3293,3473,3654,3745,3711,4009,4649,5156,4330,4513,7341,9066,5241,27.0138,2.92665,8.73345,48.0553
47564,4585,4793,3863,3398,6182,7454,4403,3660,5409,5987,4130,3499,4016,4094,3578,3364,-3.20581,-12.4662,8.68821,48.2767
47565,3259,3609,4440,4760,3293,3950,6106,7676,3507,3795,5544,7032,3140,3664,4153,4518,-1.23899,19.0569,8.99622,48.2973
47566,9479,7448,4396,3573,6414,5542,3880,3479,4019,3827,3561,3260,3458,3417,3222,3128,-21.8232,-18.1234,8.58928,48.0687
47567,3360,3645,4565,5422,3406,3807,5089,9309,3299,3729,4681,6825,3302,3421,3871,4297,-4.22804,33.5902,8.63874,48.0187
47568,4801,7436,7098,4551,4392,5990,5641,4277,3602,3893,3841,3607,3316,3411,3427,3286,-18.9462,-0.679622,8.96226,48.3793
47569,3685,3555,3327,3158,5170,4276,3710,3248,9184,5898,3838,3405,7399,5384,3827,3349,11.6727,-22.1744,8.90184,48.2753
47570,7033,4955,3779,3366,9756,5271,3744,3390,5572,4417,3525,3352,3848,3739,3394,3129,-10.1523,-31.8616,8.72812,48.18
47571,4175,6103,9708,5967,3844,4554,5385,4622,3408,3709,3765,3721,3193,3356,3396,3299,-25.3777,6.8246,8.63887,48.1367
47572,3656,4525,7493,6937,3611,4401,6780,6406,3376,3604,4157,4096,3126,3302,3583,3403,-16.785,13.6721,8.91602,48.304
47573,11257,7475,4108,3392,5916,4992,3926,3444,3987,3768,3412,3248,3370,3203,3256,3091,-27.1596,-20.7594,8.70419,47.8967
47574,12734,5833,3821,3366,5893,4736,3704,3440,4010,3834,3336,3268,3412,3294,3287,3250,-33.7944,-29.1226,8.91567,47.4787
47575,3123,3408,3389,3453,3281,3464,3947,3995,3531,3985,5497,6079,3522,4429,7975,9362,22.4009,17.2248,8.88404,48.2933
47576,3064,3247,3486,3315,3281,3693,3993,3962,3556,4360,6089,5498,3687,4876,8660,7324,20.4528,12.6402,8.9002,48.0607
47577,3503,3481,3323,3087,4215,4035,3606,3198,7441,5450,3895,3332,9868,6410,4043,3438,19.2297,-22.2241,8.66432,48.2167
47578,3341,3930,5897,12769,3421,3800,4669,5977,3328,3397,3732,4005,3077,3200,3440,3411,-32.4365,29.8939,8.89091,47.596
47579,3015,3176,3343,3505,3235,3452,3823,3938,3285,3745,4926,6095,3378,4171,6898,11687,29.0286,22.9734,8.55748,47.7813
47580,6058,4620,3683,3285,9780,5452,3767,3310,6338,4540,3705,3243,4099,3855,3436,3213,-6.24442,-26.5431,8.83166,48.256
47581,4803,4093,3573,3196,8099,4925,3842,3429,8352,4914,3812,3409,4768,4214,3376,3349,0.208355,-31.1002,8.60479,48.1027
47582,7104,5922,4123,3407,7869,6582,4091,3396,4693,4545,3603,3259,3683,3525,3360,3105,-12.6222,-18.1368,8.81504,48.178
47583,3300,3611,4444,5290,3433,3723,5117,9150,3407,3625,4742,7297,3287,3606,3981,4423,-2.91829,31.4297,8.5429,48.2907
47584,3304,3591,3970,4031,3440,3894,5526,5136,3540,4388,7518,6592,3528,3873,4989,4852,4.87787,13.0947,8.84264,48.1147
47585,10192,7865,4276,3463,5910,5129,4069,3403,3959,3883,3619,3258,3441,3289,3287,3072,-25.5656,-18.3362,8.6753,48.0767
47586,3026,3330,3431,3203,3403,3673,3698,3763,4005,4565,5402,4555,4069,6596,9599,5760,25.9103,5.31722,8.80233,48.052
47587,9084,5464,3993,3370,8770,5182,3812,3460,4699,3960,3469,3273,3600,3474,3359,3177,-15.3648,-29.0138,8.69847,48.0973
47588,3355,3292,3303,3129,3782,3950,3691,3451,4898,5292,4318,3596,7006,9869,5378,3803,32.1366,-9.70581,8.73778,48.0753
47589,3060,3091,3388,3308,3369,3409,3800,3895,3453,3857,4910,6678,3498,3897,5941,11977,23.9406,31.8472,8.67491,47.6873
47590,3923,4261,4148,3605,4374,6365,5633,4052,4342,6322,5634,4140,3817,4233,3982,3707,-0.0356152,-1.98935,8.72662,48.3587
47591,4329,5605,5107,4010,4572,7487,6205,3997,3809,4667,4434,3653,3535,3686,3651,3415,-9.84285,-2.60204,8.89968,48.108
47592,8454,5200,3772,3320,9301,5204,3867,3358,4827,4113,3567,3349,3592,3573,3192,3130,-13.4704,-31.4723,8.7257,47.8793
47593,3132,3311,3318,3420,3154,3429,3773,3964,3355,3845,5001,5841,3372,4162,7334,11013,30.556,20.2683,8.77545,47.616
47594,3693,4844,8643,7594,3589,4297,6043,5579,3362,3650,3975,3891,3109,3179,3459,3412,-20.9135,12.7815,8.91228,48.2127
47595,3181,3454,3970,4681,3453,3610,4807,7796,3375,3653,4907,8737,3319,3589,4306,4957,1.60195,31.8064,8.86764,47.8633
47596,4422,4081,3560,3393,6383,6198,4122,3471,6477,6445,4224,3507,4493,4393,3642,3367,0.874069,-15.72,8.73629,48.1187
47597,4280,6829,9235,5386,3999,4861,5539,4498,3369,3672,3887,3614,3215,3324,3367,3186,-24.2136,4.30452,8.80986,48.174
47598,5118,7762,6110,4154,4647,6706,5249,3911,3708,4110,3932,3481,3413,3381,3387,3184,-17.6058,-4.17709,8.80728,48.1687
47599,3605,3943,5088,4758,3675,4521,8013,6214,3450,4085,5629,4951,3279,3463,3845,3835,-5.60694,11.3956,8.9268,48.236
47600,3088,3235,3440,3414,3191,3457,3897,4067,3254,3751,4971,7164,3376,4024,6057,11815,21.7092,25.8397,8.99958,48.134
47601,3139,3264,3305,3393,3185,3449,3828,3916,3270,3929,4899,5867,3438,4208,7397,11020,33.8731,20.0545,8.63171,47.6713
47602,3249,3591,3797,3826,3447,4034,5049,4794,3648,4449,7924,6511,3462,4182,5396,5165,8.37535,12.4593,8.88345,48.3493
47603,3941,5915,9744,6281,3832,4280,5249,4797,3372,3672,3895,3742,3293,3428,3473,3216,-31.3302,7.40395,8.5213,48.0867
47604,3327,3409,3505,3412,3651,4033,4289,3768,4245,5868,6616,4528,4296,5898,6932,4614,15.1518,2.27368,8.92213,48.2607
47605,3668,4881,9083,7897,3569,4182,5617,5469,3379,3675,3889,3862,3144,3346,3396,3389,-23.9182,12.8084,8.60665,48.2973
47606,5962,5969,4232,3596,6916,7311,4568,3595,4603,4655,3807,3330,3734,3565,3541,3204,-10.948,-14.0247,8.84396,48.392
47607,3891,4472,4454,3914,4089,6100,6865,4413,3995,5121,5786,4172,3542,3913,3859,3797,-3.07688,1.82613,8.7805,48.2553
47608,3501,3633,3726,3335,3928,4602,4349,3572,4804,7639,5928,3965,4616,5759,5062,3970,10.2045,-3.9685,8.53958,48.2593
47609,8211,6022,4001,3384,8107,5958,3898,3511,4615,4166,3609,3204,3609,3468,3281,3073,-15.0501,-21.3135,8.68349,48.078
47610,3489,3519,3284,3115,4082,4139,3735,3320,5846,6717,4366,3539,6726,8128,4878,3610,18.0741,-12.0497,8.71427,48.3287
47611,3156,3314,3521,3612,3266,3547,4073,4589,3466,4014,5675,8204,3396,4020,5916,8552,15.3492,22.3859,8.65555,48.214
47612,3313,3966,6522,12343,3469,3817,4821,6151,3180,3428,3674,3956,3117,3206,3306,3338,-29.6063,26.8873,8.57406,47.738
47613,3414,3368,3210,3136,4526,4072,3493,3242,8387,5091,3841,3413,9493,5412,3884,3450,16.3324,-33.6966,8.56324,47.6213
47614,3455,4001,6410,9569,3288,3893,5415,7653,3265,3455,4006,4293,3106,3299,3391,3510,-18.1453,21.7184,8.9145,48.006
47615,3104,3341,3484,3414,3355,3520,3915,4138,3593,4092,5548,6069,3618,4589,8191,8667,22.2235,16.0394,8.59842,48.4253
47616,4022,5830,9731,6218,3676,4461,5205,4738,3365,3666,3757,3883,3251,3278,3439,3356,-33.1619,7.60804,8.78972,47.9173
47617,4767,6642,5445,4072,4705,7213,5724,3924,3924,4326,4195,3559,3457,3642,3522,3296,-14.1786,-3.83207,8.72647,48.2753
47618,3502,3330,3259,3168,3921,3793,3325,3233,5967,4822,3884,3367,12374,6339,3785,3354,32.9384,-24.7798,8.73385,47.6153
47619,8770,5555,3991,3379,8824,5354,3864,3409,4709,4077,3603,3260,3610,3588,3305,3051,-14.9817,-25.4416,8.73688,48.2327
47620,6119,7613,4817,3806,5708,7042,4581,3707,4136,4183,3842,3371,3497,3601,3333,3111,-15.6736,-10.8315,8.55985,48.3113
47621,3354,3626,4667,5507,3417,3938,5942,8966,3312,3690,4865,6284,3202,3448,3917,4254,-5.12343,22.0448,8.7264,48.2593
47622,3303,3407,3217,3134,4149,3880,3390,3206,6514,5453,3933,3480,10054,7257,4211,3580,22.1043,-19.6698,8.82981,48.112
47623,5079,4282,3591,3252,8609,5054,3670,3360,7690,4853,3667,3448,4613,3943,3510,3245,-1.44448,-31.0018,8.78201,47.9107
47624,3261,3321,3399,3169,3552,3767,3772,3638,4095,4857,4917,4156,4852,8291,8304,4853,29.723,-0.14051,8.65584,48.136
47625,3371,3274,3177,3080,3837,3874,3484,3298,6289,4695,3883,3373,12389,6291,4036,3363,27.1714,-26.89,8.59177,47.8093
47626,3192,3281,3633,3785,3267,3622,4344,5170,3361,3987,5542,9328,3299,3857,5203,7316,11.3046,24.6044,8.65692,48.1247
47627,4180,4745,4385,3763,4732,7425,6081,4048,4205,5445,4672,3738,3752,3946,3813,3440,-5.05735,-3.39412,8.53132,48.2467
47628,3309,3473,3211,3112,3995,3745,3472,3190,6445,4771,3789,3329,12157,6453,3964,3396,25.6216,-25.4711,8.72579,47.874
47629,5769,4635,3580,3295,9478,5376,3816,3265,6722,4609,3576,3324,4217,3893,3478,3161,-4.89713,-25.8333,8.93532,48.1293
47630,4024,4163,3887,3526,4755,6552,4877,3766,4943,7211,5091,3817,4147,4363,3966,3530,0.827575,-6.81436,8.94723,48.412
47631,3780,4256,4158,3706,4312,6266,5828,4182,4170,6132,5705,4083,3766,4055,4072,3789,-0.325725,-1.05141,8.91765,48.1733
47632,3463,3435,3234,3117,4178,3926,3512,3316,7394,5134,3990,3418,10607,6190,4022,3466,19.9547,-24.3682,8.63985,48.268
47633,3801,4632,5121,4294,4003,5646,7804,4677,3836,4567,5239,4203,3392,3673,3943,3661,-6.63627,4.15978,8.58014,48.328
47634,3742,3655,3446,3202,4944,4720,3816,3402,7285,7356,4296,3550,5687,5614,4059,3474,9.31696,-15.1101,8.62462,48.1653
47635,3532,3531,3283,3189,4449,3996,3505,3250,8535,5252,3742,3306,9277,5584,3887,3370,15.8917,-33.5766,8.74978,47.792
47636,2961,3304,3470,3392,3263,3482,3888,4192,3486,3942,4955,7040,3474,4000,6302,11110,21.418,24.2229,8.51219,48.174
47637,3115,3245,3269,3360,3301,3364,3699,3908,3383,3820,4791,6285,3348,3905,6025,12644,26.6854,30.6617,8.8838,47.6413
47638,11692,6082,3850,3347,6740,4876,3824,3339,4051,3924,3509,3210,3425,3394,3197,3109,-23.1446,-26.5023,8.58538,47.7127
47639,3421,3502,3373,3142,3931,4039,3739,3408,5242,6329,4488,3723,6487,8417,5233,3913,19.9394,-10.0412,8.52826,48.258
47640,3180,3587,4321,4715,3392,3949,5890,7224,3396,3875,5725,7250,3185,3613,4339,4555,-0.381479,19.4388,8.75366,48.1307
47641,3438,4243,6820,10249,3539,3810,5266,6924,3235,3568,3925,4133,3056,3167,3477,3350,-21.312,20.9542,8.65304,48.1333
47642,3107,3306,3556,3508,3287,3602,3989,4706,3419,3877,5243,8884,3478,3916,5289,9062,14.9437,32.583,8.91132,48.1527
47643,3487,3425,3294,3119,4312,3995,3379,3237,7644,4989,3747,3328,11071,5787,3810,3413,19.7473,-30.0387,8.88615,48.0247
47644,12140,6544,3967,3445,5942,4789,3852,3345,3878,3895,3455,3120,3374,3423,3229,3110,-29.6731,-24.0727,8.52215,47.672
47645,4071,3791,3379,3181,6007,4508,3680,3333,9713,5494,3814,3379,6042,4779,3769,3252,7.14699,-24.0641,8.96134,48.128
47646,3356,3322,3310,3111,3868,3703,3491,3295,6377,4739,3700,3423,12661,6036,3953,3470,25.909,-30.4721,8.9431,47.8767
47647,3939,3878,3412,3254,5206,5216,4022,3394,7237,7247,4224,3467,5248,5190,3972,3348,6.66814,-14.8668,8.74544,48.1693
47648,4217,6454,9486,5736,3816,4624,5455,4514,3350,3695,3822,3670,3242,3368,3375,3375,-27.2812,5.32478,8.61883,48.1327
47649,9442,8252,4450,3496,5752,5282,4091,3633,3988,3811,3449,3276,3349,3390,3212,3159,-25.3218,-16.8995,8.55234,48.0213
47650,3494,4436,8085,8508,3437,4224,5791,6171,3315,3607,3876,4056,3188,3272,3440,3496,-20.846,16.017,8.95275,48.264
47651,3378,3709,4426,5594,3486,3731,5123,9368,3346,3698,4734,6715,3306,3520,3886,4347,-4.23056,31.4394,8.53496,48.2447
47652,3018,3208,3339,3371,3193,3451,3711,3837,3362,3739,4889,6005,3454,4074,7224,11750,27.4825,21.9714,8.99202,47.75
47653,3450,4073,7314,11344,3421,3865,4997,5778,3300,3402,3782,3831,3175,3306,3381,3408,-29.2311,21.5777,8.7,47.8847
47654,3488,3601,3542,3493,3877,4527,4418,3705,4471,7355,6489,4135,4327,5578,5174,4065,10.0495,-1.94246,8.72533,48.1633
47655,3195,3457,3900,4239,3309,3675,4841,6612,3350,3806,5341,9401,3233,3660,4516,5556,4.68546,25.4503,8.64635,48.0607
47656,3389,3434,3309,3130,3782,3818,3529,3282,5133,5476,4161,3598,8088,9466,4978,3703,25.595,-12.6782,8.88791,48.184
47657,3491,4061,4601,4237,3821,4955,7415,5258,3679,4626,6230,4808,3484,3829,3922,3839,-2.42802,7.48308,8.60439,48.1707
47658,6179,9594,6091,4117,4681,5577,4544,3724,3729,3928,3709,3428,3309,3363,3297,3195,-24.4896,-7.26193,8.72283,48.31
47659,3514,4316,5992,5552,3635,4587,7869,6495,3510,3731,4614,4524,3182,3417,3622,3711,-10.8382,12.7088,8.87258,48.1807
47660,6908,9633,5448,3802,4935,5580,4365,3587,3790,3879,3744,3288,3323,3349,3276,3087,-24.8612,-10.0376,8.59233,47.996
47661,3279,3685,4901,7265,3391,3948,5337,9928,3309,3653,4237,5263,3162,3449,3614,3791,-10.4905,30.2129,8.99165,48.1413
47662,3853,4711,5196,4136,4158,6218,7571,4645,3831,4557,5108,4086,3404,3713,3733,3509,-6.72772,2.98028,8.74823,48.286
47663,7403,8185,4842,3673,5688,6328,4246,3565,3964,3973,3560,3193,3318,3461,3230,3064,-20.161,-13.0517,8.68212,47.7953
47664,3151,3224,3358,3214,3424,3770,3764,3591,3953,4882,5318,4354,4437,7257,9128,5303,26.0243,3.02326,8.88458,48.0853
47665,3382,3784,5466,9190,3376,3852,5119,8786,3253,3527,4183,4647,3101,3235,3555,3637,-15.7341,27.9951,8.60651,48.062
47666,3598,3498,3305,3184,4826,4074,3668,3220,9106,5332,3853,3368,8596,5316,3829,3369,14.3224,-32.9385,8.92316,48.0947
47667,3162,3335,3309,3380,3245,3431,3751,3950,3402,3790,4818,6032,3362,3934,6037,12515,31.0118,28.5746,8.60165,47.6353
47668,3524,3425,3322,3215,4361,3984,3532,3244,8113,5140,3828,3446,9955,5659,3881,3420,17.3994,-33.3207,8.57486,48.0327
47669,3429,3874,6073,12964,3422,3750,4748,5929,3281,3434,3738,3837,3259,3151,3362,3350,-30.677,29.3789,8.98791,47.734
47670,3832,5160,9084,7025,3672,4341,6036,5305,3366,3618,4004,3983,3189,3216,3392,3302,-21.3363,10.9842,8.7846,48.35
47671,9859,5844,4025,3389,8010,5264,3905,3443,4387,3854,3431,3170,3597,3471,3206,3131,-17.7266,-25.3581,8.96001,47.9907
47672,3494,3629,3493,3397,4153,4775,4085,3603,5407,8020,5177,3874,4833,6036,4749,3755,10.5517,-6.94215,8.60946,48.32
47673,3343,3879,5982,11621,3382,3777,4860,7277,3221,3429,3856,4115,3103,3232,3361,3345,-21.721,29.0857,8.78777,47.8553
47674,6875,9667,5484,3887,4991,5507,4466,3725,3765,3765,3626,3477,3200,3319,3279,3169,-25.5166,-9.22158,8.8488,48.1347
47675,3319,3399,3148,3237,3983,3808,3454,3246,6034,4835,3874,3229,12069,6592,3995,3403,32.5637,-23.7474,8.82609,47.75
47676,3273,3616,4101,4476,3343,3764,4737,7722,3555,3772,4958,8562,3271,3483,4301,5023,1.44909,32.7091,8.58644,47.9713
47677,3769,3816,3496,3115,4720,4578,3774,3384,7766,6971,4175,3449,6373,5742,3949,3384,11.1336,-16.6232,8.92455,48.3073
47678,3496,3742,3858,3599,3671,4343,4946,4130,3929,5829,7825,4822,3842,4535,5281,4439,7.76916,4.05898,8.5088,48.1913
47679,10098,6749,4169,3465,6996,5408,3876,3398,4269,3935,3625,3172,3367,3441,3238,3045,-20.3653,-20.708,8.75578,48.1673
47680,3114,3282,3388,3340,3278,3534,3775,3914,3401,3972,4922,5809,3425,4194,7497,10922,29.3518,20.3588,8.52043,47.8447
47681,3980,4129,3907,3440,4605,6266,4715,3573,5030,7379,5051,3835,4133,4546,4136,3571,2.21828,-6.84559,8.82825,48.1973
47682,4025,5807,7634,5303,3898,5231,6686,4779,3640,3867,4145,3930,3212,3459,3427,3400,-16.9717,4.5207,8.76053,48.2953
47683,7820,5788,4013,3364,8476,5863,3971,3557,4673,4256,3581,3248,3538,3598,3412,3149,-13.8497,-21.0419,8.52922,48.2047
47684,3332,3482,3412,3174,3878,4135,3805,3494,4828,6534,5123,3858,5319,7936,5985,4226,18.311,-4.96782,8.50481,48.3473
47685,3390,3891,5187,5763,3440,4159,6873,7959,3378,3713,4898,5361,3144,3401,3718,3984,-7.81659,17.3756,8.77363,48.1727
47686,9018,7958,4571,3574,6117,5767,4025,3531,3997,3961,3526,3296,3454,3395,3285,3156,-21.6489,-16.4945,8.80198,48.4207
47687,3200,3599,4384,5027,3430,3808,5151,8577,3464,3605,4842,7788,3322,3462,4111,4708,-1.64502,26.5408,8.59409,48.3187
47688,11520,5853,3918,3471,7208,4927,3838,3376,4097,3936,3538,3226,3354,3413,3190,3091,-21.3775,-30.7827,8.74446,47.9707
47689,4448,6976,7644,4878,4106,5367,5877,4399,3574,3809,3975,3585,3184,3416,3479,3379,-19.7183,1.6486,8.66954,48.064
47690,3571,3481,3449,3260,4182,4482,3849,3388,5753,8032,4910,3794,5368,6749,4636,3742,12.5897,-9.18423,8.88604,48.4307
47691,3168,3329,3601,3670,3273,3661,4325,5091,3419,3798,5566,9447,3375,3797,5223,7405,11.5299,24.6573,8.70743,48.0987
47692,5393,4363,3564,3166,9259,5206,3852,3327,7226,4752,3881,3285,4339,3921,3638,3078,-3.43731,-27.0677,8.81209,48.1667
47693,3403,3324,3261,3006,4024,3824,3516,3058,6393,4959,3732,3254,12375,6220,3950,3278,25.255,-27.2901,8.6932,47.718
47694,8238,8589,4657,3700,5747,5637,4100,3546,4066,3938,3606,3331,3399,3482,3384,3046,-22.295,-14.3844,8.60896,48.3107
47695,3227,3300,3293,3215,3552,3727,3706,3518,4169,4986,4822,4055,5070,8504,8135,4666,29.7732,-0.710627,8.84317,47.9633
47696,3056,3272,3375,3469,3264,3517,4017,4375,3323,3828,5020,8449,3382,3967,5634,9998,17.2406,28.5394,8.88371,47.964
47697,3403,3385,3222,3180,4154,3996,3517,3331,7879,5122,3742,3334,10736,5571,3874,3388,18.9062,-31.5406,8.79905,47.8893
47698,3864,5258,8325,6157,3660,4636,6578,5339,3428,3666,4204,3889,3101,3275,3463,3459,-18.3696,9.45523,8.81019,48.2013
47699,3356,3399,3235,3153,3921,3777,3508,3245,6209,4978,3784,3333,11844,6841,4034,3319,28.5498,-23.1376,8.59446,47.9573
47700,3106,3176,3441,3382,3180,3406,3749,3969,3447,3780,4812,6548,3357,3833,6058,12481,24.6852,31.2086,8.92421,47.8167
47701,3646,4411,5154,4475,3850,5509,8007,5082,3686,4432,5415,4329,3364,3608,3816,3644,-6.44594,6.07819,8.73601,48.2853
47702,3388,3318,3267,3126,3744,3832,3602,3248,5213,5194,4052,3467,8567,9603,4868,3609,28.9969,-13.3896,8.94236,48.0653
47703,3197,3285,3269,3209,3623,3748,3743,3446,4198,5015,4832,3997,5012,8748,8048,4719,29.4711,-1.1245,8.86775,48.0593
47704,3269,3430,3847,4084,3309,3723,4537,6289,3309,3877,5364,9520,3319,3629,4718,6092,6.62136,26.3,8.58719,48.2107
47705,6061,8329,5380,3841,5236,6612,4527,3753,3978,4007,3704,3391,3425,3403,3363,3198,-18.5024,-8.83301,8.71171,48.1387
47706,6172,5041,3856,3423,9112,6148,3884,3381,5583,4533,3776,3262,3829,3801,3394,3147,-8.46296,-20.9777,8.55363,48.228
47707,11409,6793,4110,3387,6268,5068,3889,3419,3979,3748,3474,3242,3288,3313,3287,3066,-25.3446,-22.3204,8.50247,47.8267
47708,3363,3725,4914,7168,3438,3781,5196,9897,3294,3570,4334,5497,3170,3363,3645,3734,-10.0543,28.4217,8.76137,48.0593
47709,3616,4897,9085,8520,3692,4213,5235,5230,3352,3581,3834,3841,3150,3212,3391,3417,-27.5092,13.9556,8.7161,48.1773
47710,3555,4570,8202,9809,3406,4098,5235,5790,3263,3510,3852,3863,2994,3330,3309,3424,-27.0827,17.2678,8.60549,48.14
47711,3453,3906,6192,10827,3349,4057,5060,7209,3107,3509,3934,4222,3096,3240,3443,3420,-21.2149,25.3973,8.64931,48.016
47712,8972,5317,3897,3470,8789,5158,3782,3483,4614,4093,3564,3289,3466,3527,3303,3156,-15.3218,-33.1786,8.69841,47.92
47713,4100,6381,9826,6019,3839,4632,5292,4575,3421,3612,3742,3790,3101,3216,3443,3211,-31.5629,6.34646,8.99252,48.1333
47714,3841,4813,5199,4365,4000,5912,7829,4615,3713,4380,4966,4083,3363,3606,3781,3555,-8.10582,3.74389,8.7367,48.014
47715,3320,3938,6047,12708,3437,3797,4686,6429,3124,3310,3683,4062,3219,3351,3422,3342,-26.451,31.2879,8.72714,47.9167
47716,3697,3618,3367,3093,4907,4191,3580,3171,8570,5760,4000,3439,7623,5581,3970,3339,13.0779,-21.588,8.54246,47.9373
47717,3140,3240,3527,3406,3222,3427,3731,3931,3375,3969,5088,5832,3376,4141,7633,11142,28.8796,20.1399,8.77946,48.12
47718,8206,9649,5031,3503,5044,5114,4136,3652,3750,3790,3544,3350,3429,3406,3272,3129,-30.7127,-12.5191,8.98682,48.0033
47719,6347,9146,5529,3943,4933,6072,4594,3812,3741,3890,3625,3426,3269,3491,3304,3179,-21.6171,-8.12239,8.74919,48.2007
47720,3555,4056,5138,4898,3753,4687,7927,6072,3520,4007,5522,4764,3294,3515,3904,3816,-6.51169,11.0328,8.89244,48.2853
47721,4419,5968,6113,4373,4317,6608,6569,4321,3801,4137,4317,3634,3304,3515,3482,3359,-13.4365,0.105668,8.93579,48.158
47722,3539,3540,3266,3199,4575,4031,3518,3365,8863,5102,3786,3467,9028,5435,3802,3364,15.2439,-33.0341,8.8284,47.92
47723,3483,3419,3295,3098,4273,4030,3525,3206,7685,4971,3725,3278,10897,5714,3981,3460,19.564,-28.5394,8.53637,48.0267
47724,5544,4389,3635,3338,9601,5089,3716,3266,6746,4540,3659,3298,4204,3942,3527,3207,-4.39309,-31.2162,8.84847,47.8007
47725,4005,6001,9906,6530,3662,4361,5337,4717,3410,3542,3893,3751,3080,3283,3365,3339,-28.256,8.17791,8.50164,48.1213
47726,4673,4654,3774,3382,6572,6751,4209,3575,5847,5968,4017,3484,4370,4095,3688,3277,-2.09309,-14.8068,8.66187,48.224
47727,3938,4935,5775,4562,4033,5877,7631,4787,3570,4244,4799,4236,3387,3554,3608,3564,-9.57031,4.17268,8.51168,48.3333
47728,6159,4736,3677,3222,9841,5265,3722,3529,6285,4408,3630,3303,3977,3760,3370,3240,-6.91525,-29.1526,8.51276,48.0827
47729,5363,5203,4025,3381,6981,7543,4401,3493,5216,5132,3915,3440,3841,3837,3409,3215,-6.65863,-14.3937,8.69282,48.2633
47730,4069,5181,5714,4579,4109,6221,7552,4700,3676,4246,4616,3986,3317,3571,3630,3343,-10.8744,2.84021,8.92415,48.34
47731,3378,3371,3152,3147,3936,3783,3515,3209,6355,4789,3766,3378,12226,5992,3847,3392,25.8093,-31.2312,8.53176,47.4907
47732,3011,3144,3373,3459,3168,3570,3898,4325,3396,3784,4963,7769,3433,3907,5838,10805,19.6367,27.4119,8.85319,47.8953
47733,3365,3851,5629,9021,3331,3909,5424,8604,3265,3495,3948,4605,3061,3344,3533,3599,-15.7197,24.1295,8.95768,47.9893
47734,5751,4451,3665,3200,9830,5130,3806,3298,6567,4515,3624,3457,4039,3835,3349,3264,-5.18413,-32.4821,8.95909,47.854
47735,3682,3689,3291,3105,5322,4325,3680,3297,9856,5207,3837,3469,7215,4996,3829,3327,10.5205,-32.0418,8.73016,48.0847
47736,3984,6301,9786,6189,3848,4524,5331,4648,3370,3688,3771,3738,3187,3290,3326,3376,-27.4454,6.95432,8.61599,48.238
47737,3185,3223,3480,3404,3197,3509,3850,4165,3446,3919,5029,6731,3484,3888,6184,11508,22.8569,24.5678,8.78461,48.1347
47738,3297,3747,4711,6261,3283,3798,5202,9788,3284,3653,4436,6313,3139,3354,3886,4071,-6.85223,30.4144,8.50618,48.1487
47739,3883,4774,5244,4294,4135,6226,7493,4643,3784,4557,5033,4031,3354,3560,3609,3518,-8.47103,2.63105,8.82275,48.092
47740,3573,3550,3291,3086,4446,4057,3542,3261,8207,5326,3927,3412,9272,5805,3978,3379,16.7019,-23.9114,8.5801,48.0747
47741,3667,5011,8710,7414,3602,4247,5958,5457,3394,3628,3876,3886,3065,3312,3405,3376,-21.5594,12.3971,8.53083,48.0053
47742,3092,3160,3404,3419,3208,3417,3833,3914,3423,3715,4886,6218,3434,3934,6241,12429,27.3196,27.6192,8.67303,47.818
47743,3710,4791,6403,4904,3834,5332,8055,5365,3567,3996,4625,4134,3358,3481,3554,3453,-11.7567,6.89049,8.86103,48.3747
47744,3274,3390,3537,3420,3595,3961,4079,3857,4052,5667,6999,4587,4196,5915,7329,4885,15.723,3.70261,8.96822,48.4953
47745,4989,4312,3652,3242,8616,5481,3856,3359,7376,4903,3818,3305,4501,4068,3568,3235,-2.2746,-23.4635,8.50422,48.1873
47746,3279,3280,3340,3128,3668,3807,3598,3536,4426,5121,4656,3865,5607,9519,6864,4362,30.1168,-4.40746,8.70999,48.0373
47747,3517,3310,3236,3225,3933,3817,3464,3228,5579,4919,4039,3478,9700,8539,4482,3357,30.8945,-17.0175,8.73957,47.882
47748,7549,7497,4439,3635,6301,6250,4291,3428,4202,4100,3692,3332,3469,3501,3339,3160,-18.5262,-15.097,8.5946,48.1233
47749,3466,3631,3761,3620,3911,4702,4973,4029,4172,6494,7107,4511,3873,4831,4983,4149,7.24772,1.13673,8.54723,48.142
47750,6416,7537,4898,3693,5974,6924,4483,3576,4071,4187,3682,3384,3517,3452,3270,3135,-16.4403,-11.9164,8.73219,48.1327
47751,3184,3266,3363,3246,3504,3731,3802,3589,3987,4737,5039,4227,4531,7937,8759,4861,30.634,1.06941,8.94096,47.842
47752,4138,4050,3520,3303,5983,5464,3959,3341,7395,6678,4074,3549,4957,4727,3768,3456,3.54517,-16.6988,8.8339,48.2413
47753,4790,7639,7069,4458,4469,5661,5665,4207,3594,3933,3936,3589,3228,3307,3506,3229,-19.6177,-0.93797,8.70901,48.1867
47754,3301,3936,5506,9130,3440,3758,5101,8742,3241,3409,4072,4490,3170,3227,3613,3672,-15.4954,27.4326,8.55061,47.872
47755,2988,3198,3416,3378,3225,3463,3786,4029,3328,3836,4780,6601,3412,3894,5996,12255,23.5736,30.9192,8.97611,47.7233
47756,4264,7004,8624,5295,4000,5022,5613,4382,3496,3683,3805,3652,3188,3389,3383,3219,-22.4936,3.03954,8.98547,48.0127
47757,3500,3604,3317,3062,4658,4253,3527,3212,8607,5566,3989,3399,8359,5835,3993,3381,14.8708,-21.6301,8.69768,48.1747
47758,3426,3467,3169,3176,4268,3966,3497,3201,7522,5102,3824,3440,10911,6130,3993,3269,19.8936,-26.0147,8.76097,48.2407
47759,5702,9549,6708,4144,4473,5075,4585,3900,3677,3780,3683,3528,3298,3322,3314,3219,-31.2797,-5.0252,8.81426,47.9713
47760,3122,3188,3261,3438,3108,3438,3720,3977,3382,3700,4641,6043,3384,3988,6283,12742,31.231,27.5402,8.80837,47.61
47761,5598,4413,3634,3347,9549,5221,3838,3365,6609,4611,3725,3286,4268,3899,3552,3142,-4.60241,-28.4158,8.57766,48.038
47762,3926,3688,3367,3094,5541,5044,3836,3264,8228,6792,4040,3396,5715,4990,3836,3438,7.14955,-17.8587,8.87322,48.13
47763,3394,3545,3950,4353,3272,3781,4857,7402,3428,3843,5086,9062,3260,3636,4294,5264,2.82752,33.4389,8.69283,48.2847
47764,4325,4533,3887,3408,5647,6827,4501,3630,5532,6691,4364,3551,4195,4207,3802,3506,-0.392853,-10.7945,8.54389,48.404
47765,3233,3386,3316,3294,3413,3675,3930,3786,3745,4390,5336,4673,3942,5877,9796,6261,31.7606,7.77815,8.63505,48.0353
47766,3409,3913,6767,12198,3444,3773,4885,5875,3290,3411,3832,3927,3177,3184,3455,3357,-30.8698,23.2,8.98194,47.9313
47767,3296,3342,3362,3038,3818,3831,3519,3416,5066,5411,4261,3736,7471,9674,5189,3765,27.4069,-11.25,8.76335,48.13
47768,7141,7406,4514,3571,6258,6510,4296,3620,4219,4227,3653,3328,3548,3525,3305,3221,-17.2219,-13.9958,8.70731,48.228
47769,3060,3220,3417,3415,3223,3300,3834,3995,3326,3687,4957,7154,3459,3980,5955,11644,22.3451,27.2675,8.8441,47.7507
47770,3734,3932,3655,3225,4670,5177,4058,3472,6127,8057,4718,3643,4847,5335,4176,3671,6.9446,-10.6772,8.86488,48.3313
47771,3115,3364,3633,3812,3305,3638,4382,5270,3528,3985,6430,8951,3346,3838,5190,6449,9.52579,20.2304,8.98694,48.1573
47772,3403,3434,3499,3380,3587,4167,4367,3792,4312,6522,6935,4418,4280,5687,5993,4348,12.6714,0.987752,8.98081,48.0827
47773,3429,3901,6124,11734,3316,3748,5051,7021,3202,3497,3891,4011,3112,3239,3344,3443,-22.6446,26.5262,8.87179,48.042
47774,3326,3587,4289,4900,3368,3889,5497,8168,3444,3679,5254,7492,3194,3512,4165,4551,-1.06046,22.2942,8.76218,48.21
47775,3483,3375,3189,3176,3961,3855,3409,3238,5985,4929,3896,3397,11725,6512,4092,3397,33.0057,-23.1973,8.59419,47.746
47776,3061,3208,3348,3303,3300,3336,3776,3810,3513,3982,5069,5967,3604,4299,7563,10705,26.3469,19.663,8.6276,47.896
47777,3396,4049,6825,11979,3539,3882,4750,5966,3303,3430,3840,3862,3179,3180,3490,3351,-29.84,22.9989,8.59543,48.014
47778,3065,3338,3568,3650,3251,3532,4128,4735,3380,3939,5778,8590,3365,4009,5858,8277,14.2368,22.0552,8.87428,48.3087
47779,3148,3328,3367,3304,3312,3471,3761,3901,3418,3860,4990,5695,3478,4223,7292,11348,30.5907,20.823,8.8149,47.9307
47780,4573,7774,8430,4942,4164,4784,4904,4133,3503,3768,3734,3622,3380,3371,3384,3230,-31.8305,0.884788,8.59953,47.7973
47781,11103,5815,3940,3366,7606,4980,3788,3413,4241,3887,3552,3123,3516,3469,3229,3189,-20.4637,-29.7818,8.69879,48.1447
47782,3421,4003,6210,12285,3417,3798,4863,6357,3257,3473,3741,3881,3150,3284,3360,3317,-26.9521,28.0892,8.81215,47.878
47783,10796,7592,4260,3432,6024,4944,4000,3500,3892,3929,3361,3151,3423,3387,3241,3069,-26.2942,-20.0589,8.76811,48.0007
47784,3464,3420,3200,3146,3944,3785,3543,3298,6067,4778,3777,3274,12732,6016,3785,3401,29.69,-29.3031,8.71189,47.7533
47785,3361,3714,4682,4992,3459,4096,6722,7478,3365,3946,5530,6001,3248,3565,3967,4243,-3.64845,17.1024,8.83382,48.246
47786,3361,3998,6635,11817,3342,3933,4943,6196,3229,3464,3957,3950,3048,3199,3423,3428,-25.5219,24.3371,8.68912,47.9487
47787,4859,7442,6565,4428,4468,6331,5783,4103,3751,4022,3922,3607,3223,3449,3408,3237,-17.8618,-1.96068,8.86791,48.3987
47788,3196,3243,3398,3337,3421,3708,3809,3627,3996,4671,5300,4449,4325,6874,9342,5335,27.3187,3.77463,8.53015,48.0207
47789,7844,9574,4994,3621,5159,5309,4210,3484,3795,3858,3640,3302,3470,3408,3337,3125,-31.502,-12.3969,8.73512,48.0867
47790,6499,5209,3858,3297,9071,5844,3994,3433,5494,4563,3735,3197,3862,3750,3318,3102,-9.38558,-22.2971,8.64959,48.1507
47791,3206,3447,3513,3439,3501,3795,4284,3992,3877,5120,7540,5175,3902,5134,7098,5196,14.0235,6.83025,8.99281,48.146
47792,3126,3361,3671,3790,3305,3658,4516,5218,3490,4052,6281,8877,3393,3798,5171,6467,9.90988,20.4774,8.68412,48.116
47793,3603,3847,3872,3691,3943,5154,5464,4008,4147,6437,6865,4351,3949,4451,4592,3999,4.174,1.0787,8.8922,48.2487
47794,3319,3380,3313,3174,3813,3605,3341,3180,5977,4713,3734,3455,12719,6007,3947,3396,30.1401,-32.6544,8.80649,47.382
47795,3267,3323,3378,3330,3424,3795,3916,3530,4102,5193,5577,4396,4474,7147,8381,5023,21.8355,2.19925,8.90822,48.1707
47796,3618,3957,3954,3802,3949,5553,5739,4193,4198,6264,6371,4322,3811,4366,4370,3826,2.06708,0.295645,8.55435,48.1953
47797,3423,3320,3210,3168,3899,3771,3497,3239,5903,4615,3752,3372,12412,6054,4051,3515,30.9964,-33.81,8.50319,47.4673
47798,4192,5884,7015,4765,4133,5828,6862,4461,3581,3995,4223,3862,3273,3469,3474,3405,-15.4365,2.87368,8.57152,48.2813
47799,3392,3718,5285,8186,3367,3881,5254,9487,3262,3511,4060,5102,3093,3312,3598,3715,-12.8482,27.3594,8.81533,48.1487
47800,3511,3863,5026,5204,3550,4279,7638,7134,3384,4004,5244,5113,3158,3518,3998,3914,-6.43151,14.0833,8.99999,48.3587
47801,3595,4047,5571,5473,3598,4380,7615,6939,3451,3846,4862,4867,3242,3460,3729,3719,-9.0946,13.8427,8.87587,48.2627
47802,3569,4313,7554,8625,3567,4096,5845,6460,3215,3512,3960,4091,2989,3328,3539,3401,-20.1477,16.7365,8.68067,48.0427
47803,11271,7810,4090,3574,5680,4988,3867,3410,3928,3714,3527,3178,3393,3349,3381,3097,-31.82,-19.8603,8.89863,48.1713
47804,3423,3281,3236,3132,4077,3832,3468,3290,6504,4740,3816,3376,12416,6060,3948,3423,25.3885,-29.0848,8.66957,48.0147
47805,4084,3754,3371,3164,5947,4778,3671,3284,9303,5956,3874,3282,5869,4860,3832,3209,6.8409,-22.3136,8.91804,48.1587
47806,3156,3311,3315,3212,3402,3835,3736,3699,4250,5071,5106,4275,4893,8236,8056,4805,25.6049,-0.0464961,8.65681,48.2387
47807,8700,5266,3909,3296,9171,5256,3832,3446,4775,3943,3438,3163,3688,3460,3305,3167,-14.1116,-30.6921,8.80093,47.8767
47808,5421,4556,3611,3264,9577,5087,3796,3280,6859,4602,3646,3326,4289,3907,3541,3115,-4.29991,-31.2993,8.92718,47.918
47809,11988,5972,4002,3415,6745,4826,3824,3378,3928,3795,3491,3269,3394,3340,3199,3194,-22.8976,-33.6284,8.99218,47.84
47810,3511,3902,6019,11367,3388,3781,5054,7041,3202,3421,3876,3966,3115,3324,3430,3282,-22.114,33.5456,8.52571,47.786
47811,3577,4729,8858,8870,3514,3978,5339,5576,3128,3604,3880,3915,3026,3336,3473,3465,-26.1912,15.0729,8.60039,48.1787
47812,10982,5653,3983,3468,7504,4825,3839,3346,4226,3952,3329,3170,3385,3535,3238,3141,-19.9656,-31.3827,8.69957,47.7173
47813,3980,4077,3576,3224,5220,5625,4176,3479,6478,7592,4426,3616,4985,4806,3987,3397,4.99098,-12.7638,8.65112,48.4293
47814,5099,5670,4173,3556,6179,7793,4724,3686,4676,5164,3948,3427,3722,3741,3511,3242,-8.3825,-11.5903,8.74549,48.2073
47815,3137,3233,3290,3410,3414,3591,3850,3770,3644,4332,5170,5076,3745,5183,9592,7542,31.3319,11.1877,8.6082,47.986
47816,5124,6975,5340,4028,4919,7383,5346,3960,3835,4254,3941,3521,3299,3589,3414,3147,-14.4991,-5.84978,8.66292,48.05
47817,3436,3519,3656,3494,3745,4223,4535,3906,4002,6016,7518,4724,3990,5152,6074,4622,11.8207,3.37198,8.68611,48.408
47818,6522,4948,3792,3338,9576,5760,3895,3362,5638,4461,3612,3222,3974,3736,3303,3172,-8.85468,-23.7219,8.60999,48.2073
47819,3298,3407,3321,3221,3749,3815,3662,3361,4718,5351,4411,3843,6252,9920,5905,4010,31.0906,-7.4081,8.57992,48.1627
47820,3859,3778,3335,3119,5427,4310,3554,3192,9999,5478,3858,3283,6947,4977,3714,3322,9.44883,-25.1957,8.96859,48.1013
47821,3868,3958,4006,3592,4111,5873,5467,3997,4289,6579,6041,4112,3892,4394,4177,3840,1.59964,-1.0836,8.77312,48.1307
47822,3374,3418,3752,3589,3488,4232,4994,4249,3677,5314,8157,5211,3801,4483,5674,4590,8.82796,7.01928,8.96939,48.002
47823,3610,4055,4492,4320,3708,4938,7171,4920,3646,4797,6685,4714,3414,3880,4280,4126,-1.38513,6.88907,8.59429,48.504
47824,3145,3206,3373,3357,3301,3376,3806,3822,3345,3838,4739,5867,3341,3871,6199,12733,29.0909,33.6054,8.82958,47.546
47825,3798,3724,3466,3404,4160,5291,4238,3683,5261,8093,5326,3769,4677,5343,4376,3654,7.49138,-6.67166,8.90023,48.1753
47826,10324,7535,4266,3529,6240,5123,3919,3500,3961,3796,3441,3159,3341,3427,3220,3068,-23.2438,-19.3799,8.67691,47.8993
47827,4113,4678,4417,3771,4748,7495,5628,3870,4253,5728,4725,3845,3771,4033,3764,3500,-4.2879,-4.91691,8.56635,48.226
47828,3580,3531,3279,3049,4612,4167,3658,3208,8532,5584,3995,3497,8442,5750,4013,3244,14.7463,-22.222,8.968,48.094
47829,3174,3291,3559,3820,3406,3498,4381,5319,3370,3768,5277,10031,3294,3836,4779,7015,9.85461,30.4836,8.81852,47.8787
47830,3528,3872,3931,3747,3943,5305,5605,4191,4033,6212,6950,4435,3835,4376,4570,3992,3.47693,1.5938,8.98295,48.35
47831,3295,3804,5261,8364,3293,3848,5255,9246,3287,3522,4105,4932,3216,3392,3463,3712,-13.6587,28.7818,8.76829,47.9967
47832,3218,3272,3392,3444,3343,3493,3741,3893,3495,3695,4746,5854,3385,3822,5978,12442,32.5875,30.4387,8.61783,47.4753
47833,3456,3404,3225,3098,4335,4062,3555,3210,7568,5124,3783,3353,10016,6100,3985,3426,18.9204,-24.1435,8.51332,47.8
47834,3180,3242,3391,3444,3367,3449,3886,4217,3290,3866,4967,7557,3416,3967,5784,10918,19.8971,28.5266,8.70582,47.9607
47835,3318,3577,4006,4033,3508,3944,5439,5383,3483,4209,7373,6776,3519,3859,4871,4930,4.91749,14.0438,8.98192,48.152
47836,3445,4505,8587,9457,3479,4068,5088,5459,3322,3577,3827,3889,3167,3323,3337,3301,-29.3728,15.9543,8.96241,47.8873
47837,8098,5305,3899,3386,9118,5049,3896,3398,4947,4119,3707,3270,3598,3511,3337,3115,-13.1408,-33.1164,8.81591,47.8353
47838,5745,9773,6636,4194,4472,5273,4503,3928,3736,3788,3635,3409,3313,3301,3339,3223,-29.909,-5.28121,8.87344,48.1787
47839,3565,4091,5225,4829,3714,4812,8093,6235,3454,4059,5329,4851,3218,3427,3911,3700,-6.54868,10.8794,8.83595,48.342
47840,4671,7866,8079,4751,4168,5141,5343,4360,3523,3719,3804,3609,3291,3330,3321,3189,-23.2014,0.868274,8.8062,48.11
47841,3323,4017,6226,11189,3352,3763,5052,7177,3163,3427,3826,4160,3073,3300,3414,3512,-21.3459,25.9179,8.76644,47.9827
47842,3735,3595,3317,3083,5093,4366,3651,3311,8652,6152,3958,3373,6940,5571,3958,3396,11.4589,-20.1225,8.70958,48.1007
47843,3163,3565,4063,4565,3305,3819,5093,7793,3373,3898,5181,8626,3207,3517,4245,4977,1.36895,24.9095,8.85752,48.26
47844,3693,3658,3391,3151,4540,4351,3699,3301,7264,6876,4332,3580,6549,6182,4192,3522,13.1187,-16.0091,8.67192,48.1873
47845,3519,4241,5804,5739,3549,4397,7612,6951,3409,3924,4809,4549,3199,3429,3551,3728,-10.1542,13.6706,8.81575,48.2733
47846,3940,4110,3707,3340,4750,6074,4350,3528,5539,7681,4823,3650,4516,4835,4112,3592,3.76532,-9.54113,8.53208,48.3647
47847,7508,5083,3823,3351,9627,5525,3850,3286,5194,4310,3485,3207,3874,3730,3321,3068,-11.2905,-25.629,8.68647,48.1613
47848,3191,3351,3337,3408,3516,3613,3793,3621,3877,4590,5071,4445,4150,6719,9641,5531,27.3243,4.61624,8.69309,47.9027
47849,3113,3400,3524,3635,3231,3579,4128,4624,3477,3806,5094,9048,3439,3846,5267,8834,14.9607,31.2433,8.5843,48.03
47850,8407,8102,4587,3650,6002,5578,4024,3466,3919,3868,3553,3307,3485,3471,3371,3124,-21.2061,-15.6485,8.71119,47.9427
47851,12319,6019,3986,3445,6434,4782,3782,3439,3979,3748,3499,3240,3359,3272,3313,3145,-25.2906,-30.2246,8.50445,47.8407
47852,3299,3473,3665,3614,3421,3963,4828,4335,3711,4849,8347,5824,3688,4503,5877,5181,10.0608,9.51927,8.94732,48.3853
47853,3058,3232,3553,3476,3303,3484,3978,4411,3393,3777,5140,8242,3479,3804,5650,9712,16.9137,28.3624,8.63495,47.7947
47854,3373,3355,3346,3216,3829,4239,3737,3445,4908,6760,5082,3855,5428,8113,5662,3984,17.8476,-6.15506,8.97356,48.2213
47855,3691,3483,3332,3063,4675,4088,3499,3127,9105,5453,3797,3362,8621,5427,3921,3379,14.3843,-25.3483,8.89676,48.0153
47856,3156,3264,3272,3268,3586,3679,3648,3559,4025,4982,5056,4228,4572,7899,8557,4896,27.2725,1.20921,8.56473,47.7647
47857,11387,6922,4134,3414,6185,5020,3825,3392,3941,3859,3501,3232,3343,3390,3256,3048,-25.0278,-22.2775,8.68213,47.8993
47858,3120,3298,3486,3432,3260,3660,3919,4066,3366,3928,5384,6360,3452,4361,7359,10005,22.3126,19.1298,8.61888,48.304
47859,3046,3225,3461,3345,3204,3496,3762,3835,3593,4039,5358,5374,3578,4790,8766,8980,27.2576,15.3273,8.50422,47.9013
47860,3166,3376,3791,3767,3114,3605,4250,5338,3303,3938,5226,10082,3340,3747,4851,6968,9.93856,32.5222,8.97624,47.908
47861,12216,6043,3947,3387,6571,4933,3816,3403,3999,3841,3418,3107,3375,3288,3319,3132,-24.2949,-32.7906,8.66424,47.8633
47862,3462,3576,3218,3177,4486,4130,3554,3201,8503,5080,3827,3391,9362,5498,3864,3401,16.2052,-32.6696,8.80824,47.82
47863,3512,4072,6034,7151,3467,3943,6295,8025,3271,3636,4357,4673,3144,3350,3548,3623,-12.7563,18.4353,8.67005,48.0673
47864,5204,4394,3645,3231,9426,4999,3793,3385,7310,4825,3693,3234,4343,3948,3453,3168,-3.02035,-31.6175,8.80684,48.034
47865,3420,4097,6977,10802,3337,3836,5067,6830,3265,3569,3901,4055,3004,3203,3385,3402,-22.0165,21.6482,8.86488,48.1
47866,3458,3358,3187,3065,4346,3816,3470,3196,7648,5027,3810,3378,10839,5723,4023,3409,19.4979,-28.4878,8.71948,47.8353
47867,3258,3559,4045,4523,3378,3850,5437,7227,3323,4016,5791,7855,3349,3690,4381,4803,1.59248,20.412,8.91828,48.3233
47868,3768,3530,3297,3114,5212,4267,3521,3279,9858,5370,3858,3419,7508,5135,3817,3402,11.1907,-26.5869,8.91517,48.2367
47869,3120,3270,3651,3772,3328,3569,4335,5512,3398,3846,5415,9864,3386,3837,4827,6852,9.50529,29.3478,8.71096,47.988
47870,4570,6658,6446,4372,4390,6321,6108,4363,3736,4178,4126,3722,3343,3414,3553,3302,-15.6495,-0.486965,8.7326,48.4013
47871,3068,3326,3594,3528,3305,3619,4000,4504,3406,3926,5277,8627,3367,3792,5569,9298,16.0642,25.0372,8.7874,48.1373
47872,3709,3704,3407,3239,4530,4837,3843,3431,6577,7982,4524,3611,5581,5888,4198,3598,10.1529,-12.6896,8.74187,48.4393
47873,4227,3923,3350,3229,6187,4768,3730,3312,8700,5929,3928,3391,5690,4598,3762,3266,5.44214,-21.1765,8.55662,47.9933
47874,3093,3222,3409,3369,3257,3567,3807,3926,3392,3957,5097,5715,3452,4364,8087,10180,27.3803,18.0002,8.85058,47.9293
47875,3447,3422,3254,3113,4042,4045,3487,3351,6099,6019,4190,3575,8029,7907,4584,3557,19.9606,-14.8624,8.71303,48.0807
47876,3152,3295,3662,3721,3210,3520,4228,5190,3410,3857,5198,9475,3391,3817,4934,7461,11.1834,29.7734,8.5395,47.6807
47877,3383,3669,4621,6041,3351,3778,5290,9918,3378,3633,4573,6371,3088,3359,3780,4093,-6.22065,27.0657,8.79586,48.2173
47878,6421,4868,3724,3279,9567,5621,3861,3325,5811,4379,3643,3372,3982,3839,3241,3154,-8.13177,-24.6742,8.8647,48.058
47879,5015,7511,5769,4054,4794,6751,5509,3995,3792,4159,4021,3492,3310,3479,3313,3250,-16.5772,-3.95317,8.84206,48.1427
47880,3978,4128,3834,3511,4560,6318,4868,3706,4759,7200,5163,3909,4088,4579,4064,3619,1.86347,-4.82187,8.62577,48.1893
47881,3160,3490,4026,4434,3438,3685,4736,7485,3381,3750,5044,9179,3287,3601,4291,5018,2.46273,30.4167,8.89107,48.0033
47882,11122,7302,4096,3404,5936,4885,3928,3443,3863,3815,3327,3201,3376,3326,3211,3136,-28.2488,-20.8737,8.90698,47.5807
47883,3967,3891,3466,3073,5912,4517,3595,3307,9579,5742,3815,3400,6059,4677,3735,3316,6.66188,-23.3231,8.86749,48.034
47884,3399,3408,3301,3138,4068,3871,3418,3193,5943,4748,3762,3328,12708,5784,3883,3374,31.9761,-29.8578,8.76557,47.5507
47885,3500,3379,3210,3102,3980,3790,3464,3222,6647,4760,3722,3305,12100,5839,3845,3361,23.8998,-29.6619,8.72809,47.484
47886,6055,9610,6322,4124,4564,5282,4498,3855,3725,3700,3646,3414,3271,3428,3334,3154,-28.9723,-6.19762,8.54397,47.988
47887,4335,6271,7191,4860,4184,5670,6540,4543,3604,3994,4129,3763,3339,3443,3388,3282,-17.1702,2.1302,8.74444,48.3573
47888,4544,5182,4218,3591,5274,8230,5193,3746,4509,5452,4363,3648,3742,3981,3578,3300,-6.19526,-7.67355,8.93596,48.3673
47889,3849,3701,3403,3069,5339,4290,3600,3243,9407,5620,3822,3361,7167,5061,3755,3302,10.2046,-24.5089,8.5637,47.9927
47890,6161,8278,5081,3869,5475,6743,4610,3709,3852,4214,3837,3470,3411,3418,3268,3104,-18.2201,-9.27841,8.86787,48.3333
47891,4775,8181,8147,4845,4284,5148,5027,4225,3567,3764,3704,3593,3131,3330,3343,3225,-25.5504,-0.251725,8.62018,48.1927
47892,3162,3274,3358,3445,3108,3474,3876,3985,3388,3850,4899,5980,3345,3928,6776,11701,33.6734,23.6096,8.51096,47.6993
47893,3138,3316,3474,3471,3339,3721,4428,4278,3689,4422,7242,5967,3630,4547,7202,6153,15.2446,11.9087,8.7667,48.0113
47894,3298,3429,3375,3254,3534,3819,3790,3484,4296,5023,4747,4113,5137,8941,7523,4447,33.2268,-2.31548,8.58111,48.14
47895,8030,5222,3798,3371,9638,5237,3910,3390,5008,4072,3552,3213,3741,3601,3346,3092,-12.5704,-28.1801,8.95601,48.1473
47896,6414,4888,3785,3256,9676,5676,3796,3363,5666,4453,3578,3363,3946,3884,3427,3082,-8.03331,-23.9294,8.81362,48.1687
47897,3290,3461,3322,3208,3598,4007,3846,3547,4423,5602,5010,4071,5254,8701,7055,4268,23.0833,-2.98229,8.69726,48.442
47898,3464,3337,3333,3118,4146,3928,3513,3312,6338,5236,4039,3462,9949,7338,4226,3430,22.2017,-18.9541,8.52881,48.1127
47899,3418,3657,4572,6092,3330,3714,5181,9814,3261,3677,4537,6216,3153,3417,3864,4000,-6.53583,31.4281,8.64075,47.9353
47900,10363,6949,4312,3443,6546,5178,3876,3348,4117,3995,3506,3302,3395,3393,3202,2982,-22.4482,-20.4188,8.68149,47.938
47901,3196,3410,3902,4206,3280,3737,4833,6613,3321,3804,5639,9182,3349,3712,4473,5540,4.80434,23.8013,8.74365,48.1313
47902,3442,3823,5722,9220,3385,3830,5429,8405,3332,3534,3991,4439,3116,3262,3493,3478,-16.6542,23.9999,8.75727,47.934
47903,3364,3453,3309,3168,3843,3791,3525,3321,5374,5163,4112,3578,8527,9002,4747,3631,32.2393,-14.1974,8.54143,47.9387
47904,3320,3863,6249,12387,3421,3829,4825,6111,3121,3408,3877,3993,3279,3225,3373,3322,-32.1196,27.3006,8.62764,47.7353
47905,3118,3416,3552,3436,3537,3959,4273,3778,3977,5210,7419,4895,3918,5175,7322,5194,15.0263,5.95153,8.91917,48.1193
47906,12428,6227,3875,3420,5912,4876,3767,3424,4000,3840,3452,3241,3429,3442,3296,3140,-31.8442,-26.2484,8.53564,47.846
47907,10020,7095,4140,3446,6774,5523,4008,3471,4051,3946,3540,3187,3450,3369,3226,3111,-20.6137,-20.2932,8.87005,48.238
47908,4166,5140,5249,4159,4296,6975,6928,4270,3869,4737,4567,3901,3484,3647,3660,3408,-8.87841,-0.272141,8.89675,48.304
47909,5190,8935,7331,4323,4435,5117,4984,4117,3582,3740,3767,3485,3269,3331,3322,3341,-25.2992,-2.63314,8.87744,48.1793
47910,3064,3321,3425,3463,3284,3698,4074,3965,3662,4342,6117,5344,3675,4937,8843,6983,20.976,11.5891,8.56481,48.1313
47911,3309,3473,3249,3257,3909,3833,3424,3247,5915,5418,4040,3490,9538,8132,4487,3401,24.6754,-16.9153,8.78295,48.0813
47912,3159,3356,3552,3489,3272,3704,4190,4343,3584,4318,6760,6707,3589,4306,6801,6966,15.4792,14.9916,8.6802,48.064
47913,3573,4200,5062,4610,3745,4888,8229,5611,3499,4174,5492,4552,3384,3542,3957,3861,-5.97584,9.13039,8.89127,48.2527
47914,3440,3450,3383,3157,3902,3851,3535,3237,5692,4634,3899,3326,12270,6626,4054,3335,30.3834,-23.978,8.87232,47.8607
47915,3519,3890,4291,3974,3789,4955,6738,4803,3721,4998,7017,4744,3594,3892,4469,3971,0.472301,6.04591,8.62774,48.2433
47916,7236,9483,5335,3883,5048,5606,4332,3597,3792,3777,3543,3145,3317,3370,3210,3119,-24.5841,-10.3821,8.83035,47.862
47917,3133,3230,3349,3589,3319,3560,3842,4081,3363,3952,5420,6623,3411,4267,6984,9830,21.3982,19.6904,8.57794,47.9687
47918,3419,3727,3820,3728,3776,4358,5444,4493,3893,5394,7903,5161,3728,4356,5069,4304,6.27416,6.39132,8.54886,48.382
47919,3261,3461,3491,3330,3753,4160,3861,3772,4450,6145,5884,4121,4773,7161,6409,4391,17.1794,-1.57662,8.52898,48.282
47920,3248,3655,4563,5220,3343,3890,5808,8416,3293,3746,5188,7029,3234,3483,4013,4485,-2.89227,21.5029,8.76569,48.4093
47921,6162,8215,5165,3706,5375,6732,4527,3739,3958,4144,3686,3367,3446,3479,3350,3263,-17.9884,-9.50785,8.83224,48.2093
47922,3648,3665,3263,3142,4941,4183,3542,3161,9155,5560,3957,3384,8008,5512,3885,3375,13.2,-23.4967,8.95541,48.254
47923,7106,8619,4850,3672,5624,6237,4341,3515,4024,3964,3673,3313,3277,3374,3275,3098,-20.0682,-12.0219,8.92185,47.9747
47924,3326,3443,3598,3589,3624,4176,4545,3841,3929,5894,7457,4796,3992,5076,6313,4775,11.6718,4.1669,8.65109,48.2493
47925,8276,8413,4716,3618,5731,5657,4096,3535,3929,3982,3653,3357,3376,3381,3269,3136,-22.3862,-14.6215,8.61565,48.0833
47926,3410,3391,3321,3108,3833,3774,3523,3364,5312,5818,4184,3595,7457,9355,5044,3719,22.7509,-11.7573,8.99111,48.1387
47927,3651,3628,3442,3181,4757,4455,3664,3323,7662,6959,4084,3357,6447,5761,4138,3545,11.5184,-17.0721,8.52328,48.036
47928,3522,3801,4110,3875,3732,4588,5902,4434,3843,5542,7555,4863,3635,4184,4714,4301,3.65216,5.53638,8.67044,48.4007
47929,7903,6527,4291,3468,7227,6268,4001,3560,4355,4299,3653,3293,3384,3525,3234,3174,-16.2372,-18.0732,8.69855,48.108
47930,5261,4349,3532,3314,8995,5135,3765,3359,7500,4696,3726,3421,4484,4138,3487,3203,-2.60166,-26.5855,8.817,48.2433
47931,3965,3805,3427,3245,5713,4879,3714,3222,8620,6461,4022,3437,5876,5001,3825,3348,7.00595,-19.3653,8.98112,48.3733
47932,3307,3493,3910,3966,3371,3802,5076,5308,3404,4329,7306,7441,3352,3865,5074,5391,6.7095,15.5163,8.92552,48.2633
47933,3331,3334,3228,3055,4033,3877,3392,3153,6043,5058,3829,3423,11226,7109,4181,3377,27.0965,-21.3332,8.76312,47.766
47934,3121,3202,3319,3410,3172,3478,3722,3788,3521,3982,5183,5477,3620,4596,8891,9397,28.9002,15.9196,8.88346,47.9193
47935,3191,3443,3616,3537,3381,3673,4472,4338,3630,4437,7430,6294,3615,4429,6623,6069,13.3314,12.4242,8.51766,48.1187
47936,3289,3701,4579,5313,3356,3975,5956,8599,3280,3782,5145,6642,3192,3502,3989,4317,-3.65555,21.0655,8.66891,48.4113
47937,4467,7021,8753,5157,4033,5030,5489,4447,3416,3836,3868,3533,3162,3370,3408,3267,-23.1222,2.65586,8.79947,48.1713
47938,3685,4916,9372,8326,3511,4176,5253,5222,3319,3561,3840,3834,3132,3262,3341,3379,-27.1969,13.2526,8.86143,48.086
47939,3386,3770,5600,9564,3260,3819,5194,8546,3277,3591,4048,4544,3170,3239,3434,3520,-16.3819,28.4246,8.51946,47.9747
47940,7472,8631,4907,3634,5524,6190,4258,3666,3864,4013,3605,3322,3365,3378,3211,3104,-20.5846,-12.7993,8.93872,48.096
47941,12611,5909,3741,3410,6218,4827,3733,3353,3952,3769,3412,3281,3385,3354,3250,3125,-33.4333,-30.9126,8.7027,47.5533
47942,3692,5034,9450,7797,3569,4161,5341,5166,3318,3545,3814,3773,3140,3289,3444,3247,-26.95,11.9236,8.76057,47.8533
47943,3643,3569,3424,3228,3930,4615,4075,3492,5183,7864,5332,3867,4880,6418,4956,3797,11.9336,-6.03237,8.88673,48.182
47944,3289,3600,4272,4538,3297,3917,5396,7256,3444,3970,5817,7766,3225,3648,4465,4931,1.19751,20.6658,8.65965,48.554
47945,4462,6982,8128,4976,3987,5193,5905,4278,3514,3804,3914,3652,3333,3341,3442,3247,-21.0366,2.30089,8.55056,48.1053
47946,3446,4003,5314,5388,3540,4296,7574,6981,3411,4006,5181,5012,3256,3443,3762,3754,-7.32972,14.0526,8.66249,48.2447
47947,3580,3482,3385,3216,4209,4318,3803,3335,6197,6950,4494,3583,6535,7299,4517,3562,15.6042,-12.8329,8.85004,48.31
47948,3393,3367,3310,3149,3961,3972,3589,3376,5640,6428,4276,3622,7280,8666,4876,3676,19.8717,-12.4063,8.9722,48.3873
47949,3437,3356,3187,3203,3951,3776,3439,3248,6049,4653,3874,3301,12886,6129,3787,3452,30.4407,-28.7447,8.95295,47.8187
47950,3232,3646,4140,4608,3381,3835,5024,7709,3339,3859,5331,8075,3378,3575,4194,4946,0.914983,23.3264,8.7038,48.1813
47951,5135,7864,6356,4236,4516,6354,5295,4068,3774,3975,3887,3463,3307,3484,3317,3157,-18.9338,-3.69683,8.52177,48.1253
47952,5861,4834,3845,3315,8770,6366,3888,3373,5625,4899,3757,3480,3899,3697,3317,3140,-7.23924,-20.2062,8.50961,48.044
47953,3273,3445,3501,3368,3655,4069,4074,3736,4277,6109,6283,4456,4413,6550,6754,4454,16.4713,0.595504,8.82981,48.278
47954,3899,3981,3639,3324,4786,5818,4203,3543,5598,8103,4729,3667,4514,4862,4031,3419,4.32718,-9.44005,8.73089,48.0773
47955,3282,3412,3245,3040,3890,3834,3495,3415,5595,5696,4193,3729,8054,8937,4932,3643,23.0417,-13.1487,8.57273,48.2613
47956,3193,3371,3594,3658,3217,3690,4217,4450,3482,4127,6563,7363,3467,4240,6488,7105,14.4177,17.1728,8.82582,48.15
47957,3118,3262,3283,3264,3148,3356,3764,4047,3327,3807,4899,6304,3451,3919,5985,12497,25.8073,33.0221,8.86699,47.6207
47958,3607,4539,8037,8523,3623,4050,5781,6107,3268,3569,4081,3957,3184,3111,3484,3397,-21.0484,15.8037,8.55077,48.212
47959,3199,3350,3391,3259,3441,3776,3897,3577,4099,4909,5433,4322,4427,7017,8904,5181,24.1483,3.00293,8.63295,48.1213
47960,3859,4703,6657,5248,3795,5086,7698,5440,3432,3836,4416,4118,3186,3518,3511,3423,-13.0814,8.53453,8.80488,47.9507
47961,3377,3621,4132,4581,3356,3796,5029,7778,3311,3801,5129,8303,3256,3567,4335,4877,0.915459,33.8565,8.51902,48.166
47962,3162,3254,3364,3310,3362,3478,3880,3736,3732,4289,5289,4970,3715,5327,9943,7062,31.2311,10.1245,8.98058,47.9153
47963,5719,4892,3752,3334,8819,6394,3949,3357,5788,4801,3735,3309,3882,3878,3490,3034,-6.86618,-19.8079,8.99823,48.0887
47964,3133,3271,3447,3475,3272,3543,3964,4016,3541,4243,5877,5750,3746,4673,8526,7976,21.2836,14.0201,8.62477,48.302
47965,7623,5475,3857,3349,9085,5953,3884,3479,5067,4301,3544,3250,3732,3564,3333,2939,-12.0593,-22.034,8.90288,48.29
47966,4261,4022,3351,3125,6785,4851,3751,3410,9059,5696,3867,3242,5510,4463,3581,3236,4.0432,-22.2933,8.83263,48.14
47967,3091,3347,3588,3466,3403,3729,4102,3985,3756,4849,6924,5415,3841,5097,7823,5970,16.9236,8.94802,8.70113,48.2573
47968,3049,3224,3450,3441,3219,3560,3759,3898,3562,4079,5370,5459,3636,4744,8785,8950,25.4749,15.0908,8.88648,48.1233
47969,3523,4263,6273,5864,3568,4385,7516,6734,3459,3781,4546,4585,3211,3383,3579,3601,-11.6597,13.7449,8.75451,48.1807
47970,3351,4069,6638,11968,3364,3729,4714,5816,3169,3576,3832,3905,3108,3245,3422,3438,-31.0959,23.6867,8.93162,47.5627
47971,3368,3869,6028,12523,3318,3696,4826,5885,3226,3397,3845,3811,3235,3190,3373,3306,-28.605,33.0062,8.56033,47.264
47972,3470,4538,7919,10150,3404,3909,4981,5725,3331,3430,3826,3832,3104,3178,3451,3432,-28.0388,17.9619,8.87248,47.7867
47973,3209,3476,3588,3590,3371,3905,4682,4383,3686,4746,8047,5942,3565,4380,6271,5350,11.1737,10.8921,8.74633,48.1273
47974,3659,3626,3314,3147,4532,4237,3562,3213,7550,6377,4070,3404,7855,6341,4173,3560,15.0578,-18.0737,8.92541,48.4133
47975,3307,3520,3552,3416,3523,3920,4236,3726,3996,5382,7129,4805,3964,5568,7208,4967,15.2788,4.66161,8.80048,48.146
47976,3237,3657,4412,5384,3448,3766,5089,9383,3337,3720,4635,7000,3178,3447,3868,4318,-4.16168,31.0278,8.55432,47.9193
47977,3600,3668,3680,3317,4226,4883,4316,3573,4869,7910,5660,4062,4492,5635,4744,3804,8.98085,-4.77931,8.63954,48.2927
47978,6961,10039,5315,3829,4890,5263,4191,3695,3727,3844,3619,3320,3353,3399,3361,3110,-31.0644,-9.70895,8.92399,47.944
47979,3905,4393,4334,3919,4126,6344,6804,4295,3952,5466,5462,4075,3724,3944,3897,3707,-3.14024,0.773436,8.9959,48.2313
47980,4723,7385,7641,4656,4349,5635,5520,4198,3543,3858,3949,3613,3217,3403,3417,3245,-20.5718,-0.132424,8.50529,48.2347
47981,7730,9533,5047,3787,5148,5395,4291,3626,3715,3888,3580,3376,3492,3418,3242,3164,-25.6771,-11.6891,8.80595,48.288
47982,5629,8928,6406,4198,4543,5760,4777,3938,3784,3898,3674,3422,3313,3341,3372,3142,-22.9247,-5.35067,8.51669,48.0833
47983,3739,4692,8603,8007,3548,4146,5601,5606,3340,3611,3975,4002,3102,3269,3392,3270,-22.6746,14.011,8.76767,47.9353
47984,4175,5059,4595,3875,4598,7852,6197,4100,4036,5054,4619,3761,3584,3709,3682,3488,-7.2299,-3.0938,8.7962,48.256
47985,3875,3929,3566,3271,4683,5483,4020,3446,6146,7948,4711,3713,4825,5100,3996,3529,6.25685,-10.9598,8.81468,48.1607
47986,3287,3518,3311,3135,3694,3752,3502,3320,5140,5453,4187,3602,7867,9530,5173,3730,27.5734,-12.0902,8.85641,48.134
47987,5146,5304,4022,3499,6525,7973,4525,3546,4763,5191,3966,3433,3778,3701,3522,3274,-7.39535,-12.7419,8.77558,48.112
47988,5978,4795,3694,3319,9100,6136,3967,3334,5924,4730,3692,3268,4099,3708,3369,3250,-6.99432,-21.343,8.76958,48.242
47989,4828,4275,3569,3232,8167,4915,3696,3394,8079,5046,3681,3406,4695,4275,3530,3232,-0.427682,-25.5965,8.96963,48.0133
47990,3842,3843,3341,3214,4960,4924,3893,3419,7352,7359,4284,3500,5549,5187,3918,3366,8.37827,-15.2183,8.82169,47.9673
47991,4396,4341,3660,3427,6124,6600,4177,3417,6263,6522,4051,3500,4376,4352,3666,3352,-0.0929021,-14.2698,8.99237,48.1493
47992,3308,3331,3247,3037,3933,3833,3528,3176,5865,4949,3945,3471,11220,7375,4262,3433,27.2696,-20.5601,8.98161,47.942
47993,3617,3495,3381,3052,4376,4055,3604,3230,7911,5380,3981,3453,9103,5981,4065,3359,16.6593,-22.5243,8.75095,48.0287
47994,3352,3964,6072,11670,3263,3646,4777,7063,3289,3508,3766,4082,3127,3216,3387,3393,-22.2377,27.1477,8.93518,47.7167
47995,3267,3461,4223,4982,3337,3728,4945,8550,3256,3707,4964,8005,3423,3468,4037,4650,-0.695766,29.285,8.82634,48.002
47996,3452,3763,4318,4119,3618,4642,6714,5074,3722,4512,7005,5330,3501,3739,4423,4232,0.787232,9.45419,8.63453,48.1093
47997,3937,3688,3331,3190,5508,4342,3687,3254,9699,5486,3972,3399,6686,4818,3822,3380,9.28651,-25.5272,8.62638,48.1327
47998,9147,5530,3846,3326,8674,5227,3787,3304,4634,4131,3531,3256,3572,3398,3285,3211,-15.3502,-27.0679,8.75532,47.906
47999,3234,3447,3478,3371,3596,3810,4117,3804,3962,5283,6624,4837,4098,5671,7569,5273,17.141,5.41758,8.73516,48.116
48000,4503,5263,4352,3638,5279,8197,5233,3816,4285,5337,4241,3538,3756,3912,3591,3305,-6.17945,-7.07941,8.93858,48.164
48001,3353,3937,5323,5837,3438,4108,6903,8106,3410,3823,4865,5174,3275,3465,3769,3883,-8.61095,17.0109,8.82203,48.446
48002,11146,5774,3805,3391,7465,4829,3911,3446,4137,3923,3493,3221,3380,3422,3120,3099,-20.2788,-28.7719,8.72566,47.708
48003,3651,3856,3834,3430,4297,5585,4870,3896,4626,7551,5920,3953,4196,4640,4361,3690,4.33735,-3.43171,8.93207,48.2373
48004,4680,6643,6310,4395,4362,6381,6077,4098,3709,4077,4081,3657,3396,3504,3495,3317,-15.7296,-1.12798,8.64812,48.1213
48005,3668,3498,3281,3018,4479,4023,3590,3247,8423,5215,3670,3357,9977,5792,3920,3243,17.1234,-27.0469,8.95095,48.2673
48006,3068,3333,3350,3440,3222,3304,3731,3876,3454,3726,4715,6168,3394,3857,6207,12658,32.2958,27.1577,8.9625,47.6687
48007,3407,3923,5840,10050,3375,3702,5007,8232,3185,3459,4101,4340,3186,3262,3506,3421,-17.7011,30.7619,8.7427,47.9973
48008,3309,3709,4626,6351,3319,3812,5365,10079,3284,3510,4384,6235,3062,3447,3727,4105,-7.65975,28.3407,8.69902,48.216
48009,3039,3296,3516,3438,3202,3349,3783,4031,3351,4017,4847,5993,3412,4027,6903,11933,28.2176,23.0287,8.97201,48.0913
48010,3356,3829,4670,6380,3235,3734,5456,9817,3181,3602,4381,6006,3191,3369,3818,4043,-7.8283,26.0283,8.78685,48.0453
48011,3655,3603,3294,3103,5014,4233,3574,3131,9625,5234,3782,3421,7862,5084,3644,3446,12.068,-31.3559,8.73703,47.8033
48012,7045,5017,3739,3399,9774,5152,3783,3297,5442,4298,3620,3298,3683,3781,3329,3150,-10.4072,-32.4393,8.5806,47.8713
48013,12624,5857,3871,3450,5972,4656,3777,3285,3905,3656,3432,3215,3386,3374,3356,3174,-32.1137,-31.882,8.84954,47.3267
48014,3471,3386,3371,3165,3920,4121,3651,3364,5501,6552,4565,3642,6490,8142,4874,3703,18.1989,-10.7863,8.51408,47.9453
48015,3375,3432,3224,3072,3967,3776,3496,3265,5961,4964,3861,3358,11740,6691,3909,3387,33.0113,-23.2061,8.62747,47.652
48016,3533,3682,3299,3139,4149,4442,3855,3453,5641,7632,4846,3693,5499,6749,4746,3792,13.5154,-9.67886,8.68736,48.1
48017,9162,5964,4022,3440,8082,5355,3842,3481,4568,4120,3555,3260,3615,3546,3343,3084,-16.4961,-22.6115,8.73911,48.2927
48018,3217,3467,3422,3289,3610,3820,3784,3708,4212,5715,5570,4253,4725,7453,7621,4706,20.6675,-0.226576,8.79018,48.3813
48019,3735,5033,9258,7927,3523,4167,5372,5197,3375,3561,3802,3898,3130,3265,3434,3244,-27.2519,12.5601,8.5892,47.9473
48020,4273,4216,3648,3376,5709,6370,4132,3577,6083,6959,4240,3638,4442,4600,3781,3388,1.22471,-13.0172,8.87082,48.288
48021,3822,4623,5775,4779,3841,5575,7969,5021,3666,4181,4750,4147,3267,3462,3701,3624,-9.8703,6.16882,8.54025,48.1353
48022,3222,3457,3692,3619,3422,3905,4789,4637,3589,4644,7817,6372,3505,4279,6019,5393,10.4922,11.9425,8.58653,48.2407
48023,12391,6149,3986,3443,6148,4617,3861,3314,3966,3709,3510,3146,3432,3442,3263,3132,-30.366,-26.5523,8.51933,47.6727
48024,3288,3410,3570,3473,3534,4081,4191,3873,3991,5576,7508,4766,4013,5452,6795,4905,13.5239,4.52226,8.897,48.284
48025,3285,3486,3521,3387,3646,4089,4361,3756,4220,6134,6998,4448,4242,5803,6223,4605,13.6643,1.53452,8.82521,48.136
48026,3821,3725,3350,3127,4966,4249,3651,3296,8704,6153,3961,3390,6962,5627,4049,3459,11.7621,-20.6082,8.81157,48.3267
48027,5189,5716,4238,3489,6410,8013,4594,3457,4576,5051,3840,3416,3806,3794,3482,3266,-8.5721,-11.9252,8.82133,48.2247
48028,3725,3701,3494,3278,4501,5117,3923,3419,6009,8013,4913,3625,4941,5738,4238,3519,8.64118,-9.9929,8.67301,48.1027
48029,3877,3925,3603,3207,4761,5629,4152,3477,5987,8089,4732,3637,4760,5004,4100,3563,5.37431,-10.4687,8.74247,48.3353
48030,3489,3642,3575,3285,4029,4759,4212,3639,5067,7906,5664,3928,4691,5798,4823,3812,9.8151,-5.59084,8.92401,48.2127
48031,3763,4697,5215,4389,3956,5840,7904,4942,3614,4439,5122,4285,3478,3683,3685,3660,-7.5113,5.2131,8.53797,48.448
48032,3481,3708,3711,3573,3705,4607,5087,4048,4072,6360,7203,4540,3845,4690,5015,4122,7.21219,1.94521,8.93047,47.8447
48033,3740,5211,9476,7500,3629,4149,5426,5025,3328,3552,3850,3808,3101,3263,3482,3404,-26.5658,11.6965,8.56469,47.9627
48034,3693,5012,9231,8007,3505,4312,5496,5200,3357,3451,3799,3878,3062,3306,3379,3393,-26.763,12.8462,8.54675,48.054
48035,3574,3828,4011,3631,3913,5090,6066,4352,3999,5761,7154,4573,3720,4235,4622,4031,2.40161,3.56153,8.65242,48.3733
48036,12511,6169,3804,3376,5976,4692,3778,3320,4061,3769,3412,3222,3458,3442,3310,3153,-32.4108,-26.4306,8.77232,47.6353
48037,3414,3654,3860,3576,3933,4841,4884,3911,4321,6870,6986,4410,3951,4960,4904,3977,7.85115,-0.161959,8.75978,48.3013
48038,3569,4754,8445,7570,3582,4220,6106,5754,3292,3609,4051,3947,3069,3406,3347,3258,-20.3196,13.155,8.9255,47.986
48039,6077,9836,6196,3941,4723,5498,4381,3735,3643,3745,3534,3390,3343,3402,3231,3207,-25.2503,-7.38563,8.99535,47.9213
48040,12219,5918,3952,3518,6388,4776,3668,3281,4026,3759,3410,3218,3270,3402,3227,3161,-25.7357,-31.3242,8.62292,47.462
48041,3408,3863,4935,5397,3470,4228,6679,8003,3275,3864,5016,5760,3226,3421,3843,4110,-6.13252,17.6726,8.85614,48.332
48042,3162,3239,3473,3432,3276,3429,4010,4278,3318,3829,4995,7872,3307,3940,5628,10474,18.7066,33.7343,8.58737,47.7747
48043,3509,3671,3847,3744,3710,4656,5393,4314,3988,5848,7796,4765,3743,4390,4995,4178,5.39285,4.33049,8.87151,48.3647
48044,3335,4078,6386,10810,3562,3769,5135,7401,3249,3489,3972,4144,3009,3238,3375,3470,-20.4436,24.0283,8.77337,48.2813
48045,3331,3487,3226,3039,3836,3730,3589,3271,5441,5079,3977,3554,9506,8713,4482,3575,31.2662,-16.0188,8.90382,47.8907
48046,3343,3642,3942,3753,3728,4350,5733,4737,3772,5082,7938,5201,3719,4135,4978,4380,5.30905,7.62225,8.71001,48.2887
48047,10990,5900,3845,3543,7647,4905,3852,3361,4159,3953,3505,3270,3548,3431,3189,3031,-20.066,-28.2884,8.93061,48.086
48048,4295,6634,8907,5420,3950,5046,5669,4483,3469,3693,3878,3695,3140,3338,3397,3287,-22.6427,4.10658,8.92979,48.2007
48049,4223,7102,9240,5437,3925,4820,5118,4398,3509,3719,3728,3596,3341,3340,3356,3332,-30.9123,3.92767,8.61196,48.1227
48050,6569,4781,3752,3268,9909,5413,3844,3374,5751,4389,3629,3301,3906,3701,3501,3002,-8.43888,-27.1693,8.75884,48.06
48051,5845,7603,5067,3822,5389,7171,4874,3688,4013,4093,3795,3504,3413,3511,3371,3218,-16.3707,-8.64781,8.65048,48.2513
48052,3527,4178,5669,6061,3513,4216,7206,7517,3354,3635,4597,4983,3137,3306,3663,3772,-10.3608,16.1037,8.955,48.2227
48053,9624,8336,4475,3624,5471,5142,4025,3454,3900,3796,3456,3324,3383,3373,3184,3188,-30.2193,-16.6102,8.56442,47.8367
48054,4638,6743,5680,4143,4637,7119,5969,4116,3772,4231,4097,3685,3412,3514,3422,3294,-14.3276,-3.05087,8.77848,48.3147
48055,3258,3338,3338,3195,3527,3904,3708,3562,4292,5035,4761,4018,5148,8852,7441,4492,30.7548,-2.44793,8.59403,47.9127
48056,4427,7162,8561,5154,3980,5212,5636,4398,3397,3727,3981,3578,3215,3323,3339,3370,-22.3575,2.62669,8.86407,48.3067
48057,4240,4230,3707,3386,5651,6115,4249,3612,6075,7010,4395,3590,4501,4465,3991,3443,1.61915,-12.981,8.66917,48.44
48058,4705,4495,3801,3429,6835,6532,4143,3530,6162,5718,3993,3518,4312,4132,3547,3218,-2.23341,-15.8254,8.75076,48.0467
48059,3314,3637,4363,5036,3408,3835,5567,8332,3371,3810,5229,7315,3254,3613,4076,4388,-1.82998,22.3343,8.70234,48.3653
48060,8599,8304,4415,3593,5987,5788,4100,3518,4047,3926,3532,3291,3388,3390,3170,3102,-21.6328,-15.6701,8.95438,48.1
48061,3423,3751,3598,3387,4028,4709,4270,3695,4796,7921,5803,3990,4390,5526,4830,3955,9.39297,-3.92002,8.62851,48.048
48062,4548,5328,4264,3690,5331,8058,5168,3824,4415,5303,4250,3643,3709,3820,3636,3463,-6.9539,-7.08925,8.98595,48.3
48063,4567,7396,8134,4978,4125,5128,5633,4294,3620,3799,3837,3671,3187,3380,3374,3301,-21.9682,1.4477,8.54659,48.2827
48064,3135,3197,3445,3503,3262,3553,3916,4349,3370,3850,5022,7945,3301,3810,5684,10282,18.5321,30.0383,8.53681,47.7493
48065,3134,3184,3382,3260,3265,3584,3913,3854,3472,4253,5344,5343,3631,5001,9304,8314,25.5751,13.0874,8.85271,48.1587
48066,5484,5105,3960,3456,7596,7074,4268,3549,5329,5020,3837,3416,3883,3842,3435,3213,-7.10518,-16.3359,8.78205,48.3113
48067,3413,3951,5327,6924,3425,4078,6139,8674,3292,3574,4386,5164,3216,3504,3646,3650,-11.2692,20.8717,8.50488,48.242
48068,3033,3335,3519,3561,3264,3572,4076,4437,3440,4020,5751,7741,3425,4089,6250,8739,16.7612,20.4265,8.95769,48.168
48069,11071,7277,4224,3383,5808,4941,3938,3364,3976,3789,3485,3267,3358,3328,3272,3042,-31.9171,-20.3859,8.90626,47.682
48070,11496,5926,3951,3352,7071,4868,3795,3455,3985,3908,3426,3276,3324,3301,3221,3206,-21.4663,-33.9126,8.72725,47.7073
48071,4064,6276,9056,5739,3903,4706,5801,4704,3372,3689,3950,3684,3222,3346,3403,3315,-22.5394,5.91028,8.87198,48.1533
48072,3346,3672,4465,5298,3414,3965,6016,8438,3305,3788,5127,6463,3236,3541,3954,4424,-3.73768,20.5587,8.7704,48.3013
48073,3413,3993,5639,10275,3319,3795,5027,7989,3207,3474,4002,4466,3085,3297,3343,3441,-17.908,29.0366,8.80117,47.8433
48074,3331,3690,3860,3785,3552,4291,5540,4436,3655,5012,8243,5366,3641,4254,4983,4463,6.02721,8.14366,8.99674,48.068
48075,3176,3232,3385,3408,3142,3540,3875,4186,3397,4018,5225,7015,3447,4130,6464,10590,20.6676,23.3425,8.56705,48.1533
48076,3198,3430,3945,4107,3228,3693,4560,6491,3349,3738,5359,9785,3276,3655,4474,5913,5.78329,26.0854,8.91888,48.134
48077,3590,4950,9275,8284,3571,4087,5230,5100,3314,3600,3914,3812,3144,3325,3415,3420,-28.0697,12.9837,8.52322,48.0207
48078,3418,3829,4189,3963,3642,4679,6464,4843,3790,5047,7398,5009,3494,4068,4635,4251,1.72519,7.58822,8.79875,48.4793
48079,3083,3209,3328,3410,3197,3434,3802,3935,3444,3837,5104,5826,3513,4231,7637,11029,27.389,19.7811,8.96793,48.0127
48080,11439,6172,4000,3376,6969,5108,3802,3372,4121,3920,3462,3251,3441,3397,3239,3140,-22.2613,-26.3161,8.67015,48.1393
48081,3946,3857,3603,3206,5292,5566,4118,3447,6689,7410,4289,3529,4888,4903,3858,3413,4.74038,-13.55,8.887,48.0093
48082,8376,5140,3863,3341,9440,5243,3825,3398,4869,4100,3531,3225,3556,3566,3269,3082,-13.2077,-31.2647,8.89777,47.8827
48083,4019,5107,6230,4824,3880,5682,7640,4979,3713,4030,4560,3775,3297,3447,3579,3489,-12.3451,5.04665,8.75495,48.1673
48084,3174,3402,3587,3440,3455,3870,4509,4132,3740,4964,7804,5564,3794,4720,6769,5466,13.3623,8.90053,8.90485,48.26
48085,3214,3430,3348,3251,3658,3700,3703,3504,4180,5013,4911,4039,5158,8915,7739,4510,27.3647,-1.83073,8.97904,48.182
48086,3053,3230,3611,3704,3318,3615,4283,4815,3412,3995,5851,8788,3377,3902,5561,7777,13.1413,22.2194,8.70441,48.1947
48087,7072,9854,5314,3801,4909,5230,4405,3558,3686,3824,3653,3374,3457,3488,3315,3132,-33.3531,-10.1254,8.50036,48.048
48088,3405,3406,3269,3118,4166,3761,3571,3187,7296,4909,3887,3342,11224,5796,3890,3336,21.4387,-31.0169,8.58577,47.7087
48089,3466,3439,3289,3041,3898,4060,3698,3422,5664,6201,4244,3655,7058,8423,4749,3746,20.1453,-12.1508,8.51083,48.0353
48090,5651,4500,3702,3255,9314,5415,3832,3381,6650,4734,3620,3321,4314,3878,3380,3039,-4.71858,-25.4204,8.69418,47.9907
48091,3304,3499,3580,3696,3602,3998,4832,4159,3787,5203,8101,5387,3949,4621,5882,4842,10.2203,7.10836,8.65471,48.2947
48092,3411,3865,6007,12183,3401,3813,4741,6627,3247,3440,3762,3893,3094,3216,3356,3479,-24.787,30.8405,8.64831,47.69
48093,10037,8142,4407,3471,5662,5201,4013,3496,3955,3906,3488,3191,3504,3349,3175,3147,-28.6119,-17.7205,8.79502,48.096
48094,3474,3870,4456,4437,3583,4460,7172,5938,3549,4176,6210,5434,3314,3749,4154,4103,-2.38071,11.9705,8.56843,48.0527
48095,4655,4067,3661,3327,7734,4913,3665,3295,8646,4962,3760,3355,4883,4293,3483,3263,1.18767,-32.3284,8.66818,47.9747
48096,3282,3716,5044,6974,3443,3827,5319,10140,3258,3508,4389,5453,3194,3264,3656,3667,-9.64794,32.6114,8.96591,48.0893
48097,3479,3861,4377,4114,3589,4487,7215,5432,3722,4425,6979,5409,3496,3741,4295,4167,-0.350925,10.2494,8.94126,48.5253
48098,3472,4361,7493,10126,3521,3999,5335,6062,3252,3458,3954,3990,3107,3265,3517,3351,-22.7585,18.3978,8.8088,48.1753
48099,3065,3266,3451,3565,3317,3522,3987,4526,3408,3805,5176,8351,3368,3920,5552,9606,16.8222,30.8103,8.72535,47.9233
48100,3340,3406,3206,3187,3733,3794,3714,3392,5022,5348,4329,3640,7161,9676,5263,3828,33.5018,-10.549,8.79469,48.026
48101,8653,6087,3928,3363,8280,5672,3964,3338,4480,4063,3617,3283,3586,3537,3195,3074,-15.8292,-21.5472,8.99637,48.08
48102,12712,5827,3860,3354,5968,4729,3674,3294,3851,3738,3563,3220,3362,3493,3263,3110,-31.3038,-29.9691,8.64556,47.3453
48103,3124,3440,3560,3808,3342,3562,4243,5260,3491,3964,6006,9114,3387,3884,5351,7105,11.2602,21.7873,8.75021,48.4273
48104,4157,6462,9636,5614,3851,4611,5190,4604,3534,3674,3774,3680,3208,3432,3303,3269,-33.9935,5.13885,8.59811,47.9993
48105,3045,3327,3437,3509,3181,3440,3786,3935,3246,3782,4738,6139,3310,3966,6230,12333,31.8454,26.1998,8.72966,47.6027
48106,3234,3242,3420,3163,3578,3796,3867,3604,3992,5185,5747,4475,4418,6957,8445,5172,21.5555,2.76794,8.99747,48.1967
48107,3816,4701,6170,5144,3914,5078,8011,5463,3586,3883,4452,4026,3276,3397,3649,3487,-11.4366,7.80366,8.65052,48.0353
48108,3349,3955,5810,10751,3383,3918,5099,7626,3258,3497,3893,4197,3121,3235,3368,3447,-19.7492,31.641,8.84818,47.938
48109,9467,6812,4104,3414,6918,5449,3936,3490,4217,3970,3627,3184,3485,3424,3218,3055,-19.5662,-19.9849,8.65726,47.8467
48110,3406,4093,6115,8946,3367,3830,5718,7850,3293,3585,4076,4491,2996,3331,3494,3617,-16.6231,21.6374,8.62139,48.1387
48111,3428,3571,3493,3461,3699,4339,4560,4042,4213,6433,7176,4530,4161,5310,5709,4205,10.3231,1.54197,8.64829,48.22
48112,3636,4694,9156,8595,3565,4115,5374,5221,3292,3529,3864,3917,3071,3253,3336,3366,-28.8618,14.1563,8.51522,47.9893
48113,3342,3683,4922,6868,3320,3838,5430,10044,3337,3533,4277,5609,3080,3344,3661,3806,-9.7131,26.5727,8.97993,48.0627
48114,3276,3288,3262,3196,3715,3906,3718,3359,4545,5291,4667,3745,5723,9616,6535,4211,31.4768,-5.44323,8.85379,48.0353
48115,3855,5011,6845,5283,3901,5327,7727,5210,3595,3830,4383,3942,3117,3301,3469,3564,-13.6378,7.03009,8.89414,48.24
48116,3264,3861,5028,6413,3435,3954,5911,9231,3284,3571,4523,5464,3147,3453,3834,3836,-8.87293,21.9102,8.52004,48.1393
48117,3306,3765,4778,6556,3384,3890,5533,9757,3322,3641,4503,5764,3148,3308,3665,3954,-8.29775,26.4528,8.66837,48.1827
48118,3396,4006,5682,10469,3370,3879,4993,7713,3264,3456,3898,4261,3088,3281,3439,3498,-19.0427,32.9106,8.50969,47.7953
48119,3197,3322,3301,3349,3260,3302,3864,3987,3321,3771,4769,6872,3511,3878,5995,11965,23.0681,30.5027,8.98809,47.776
48120,3277,3522,3724,3701,3625,4031,4742,4399,3713,5002,8162,5644,3648,4478,5796,5121,9.80054,8.85347,8.6648,48.39
48121,12109,5940,4080,3378,6842,4863,3776,3381,4005,3828,3399,3282,3429,3367,3273,3008,-22.8748,-29.5041,8.78098,47.9733
48122,3709,3856,3451,3204,4603,5191,4070,3461,6127,8049,4654,3623,4961,5348,4123,3658,7.54691,-10.8877,8.85083,48.0587
48123,4815,6302,5018,3887,5082,7705,5573,3891,3957,4658,3973,3576,3453,3511,3485,3278,-12.1581,-5.47611,8.69617,48.1093
48124,7601,5263,3763,3375,9721,5373,3798,3345,5172,4228,3561,3241,3707,3628,3344,3092,-11.4501,-25.3564,8.99982,48.1413
48125,6632,4879,3587,3353,9836,5519,3820,3390,5834,4389,3660,3198,3993,3659,3471,3276,-8.52591,-26.9648,8.78743,48.3307
48126,3285,3559,3890,3810,3446,4031,5478,4570,3660,4837,8257,5785,3540,4182,5221,4797,6.6098,9.78241,8.99174,48.232
48127,8927,5438,3847,3289,8863,5288,3710,3328,4632,4121,3584,3144,3628,3532,3116,3127,-15.0791,-32.2465,8.79631,47.716
48128,3366,4047,5519,7303,3378,3980,5976,8398,3400,3611,4453,4800,3086,3312,3666,3772,-12.7129,20.4493,8.59426,48.0447
48129,3539,4564,8119,8606,3507,4201,5680,6141,3288,3573,4015,3994,3133,3289,3352,3359,-21.4499,15.8079,8.84787,48.24
48130,3751,3580,3404,3252,5364,4426,3551,3221,8960,5989,3981,3385,6887,5204,3917,3399,10.3735,-22.041,8.57895,48.1807
48131,3419,3807,4002,3754,3811,4813,6045,4419,3869,5363,7251,4915,3705,4197,4593,4118,2.79507,4.95814,8.66601,48.054
48132,3399,4023,5657,7939,3426,4027,6056,8633,3244,3507,4163,4740,3143,3247,3390,3691,-13.9865,21.3271,8.81441,48.19
48133,3125,3318,3322,3365,3124,3459,3772,4034,3276,3729,5036,6206,3418,4007,6824,11711,25.9271,22.7687,8.87204,47.8173
48134,8082,5187,3794,3205,9317,5378,3974,3375,4927,4136,3525,3291,3659,3714,3295,3162,-12.9615,-26.8819,8.6239,48.014
48135,5624,8464,5800,3939,4784,6492,4747,3832,3768,4134,3802,3453,3322,3420,3430,3265,-19.3022,-6.44336,8.67987,48.184
48136,3842,5285,9716,7449,3675,4304,5283,5092,3290,3611,3688,3889,3212,3213,3256,3326,-28.3842,11.3405,8.63475,48.0873
48137,4453,4117,3580,3199,7430,4847,3748,3311,8727,5197,3889,3318,5133,4260,3617,3254,2.30119,-24.5943,8.68642,48.0533
48138,3410,3374,3163,3115,3900,3794,3433,3294,5896,4780,3738,3358,12120,6821,4126,3453,31.3391,-23.4137,8.9657,47.85
48139,3273,3875,5917,12860,3402,3837,4755,5980,3180,3416,3737,3853,3139,3282,3384,3447,-30.8998,32.0221,8.8361,47.558
48140,3332,3670,4495,5528,3413,3883,5160,9629,3178,3689,4735,6662,3259,3454,3950,4156,-4.57672,32.909,8.85795,48.1287
48141,3273,3324,3355,3269,3459,3738,3731,3581,4015,4857,5074,4115,4588,7901,8870,5049,27.6312,1.52796,8.83912,48.1327
48142,12468,5809,3884,3385,5983,4668,3754,3352,4067,3717,3498,3185,3431,3345,3201,3170,-33.1242,-32.4814,8.98877,47.278
48143,3305,3442,3282,3365,3569,3917,3867,3676,4248,5762,5748,4277,4380,7036,7494,4694,19.0948,0.675083,8.64653,48.0413
48144,3477,3511,3378,3099,4453,4353,3720,3277,6558,6994,4284,3565,6688,6947,4296,3578,14.7615,-14.0072,8.96367,48.1187
48145,3470,3608,3407,3046,4579,4278,3523,3354,7495,6142,4074,3494,8097,6472,4009,3416,16.0142,-18.5128,8.84821,48.3093
48146,3113,3443,3562,3642,3296,3631,4151,4806,3404,3935,5633,8770,3314,3950,5605,7939,13.505,22.7896,8.56689,48.1293
48147,6160,8105,5009,3793,5500,6686,4670,3755,3953,4199,3681,3400,3429,3458,3411,3111,-17.7553,-9.7258,8.91975,48.2133
48148,7530,9654,5158,3651,5067,5185,4241,3640,3881,3900,3608,3244,3325,3330,3203,3139,-33.9368,-11.4751,8.89399,47.8373
48149,3919,5837,9897,6161,3768,4518,5236,4772,3303,3617,3922,3767,3251,3265,3376,3306,-32.4093,7.75666,8.64524,47.9433
48150,6994,6825,4309,3501,6946,6779,4286,3511,4384,4276,3552,3312,3644,3551,3395,3139,-15.0801,-15.1708,8.81967,48.2693
48151,3047,3239,3367,3542,3190,3483,3999,4649,3339,3699,5223,8875,3289,3928,5459,9280,15.5001,27.1534,8.86157,47.7387
48152,3397,3793,5919,12436,3302,3688,4650,6040,3253,3414,3738,3934,3167,3241,3353,3434,-32.7772,32.1163,8.51096,47.1727
48153,3379,3842,6008,12662,3354,3767,4872,6271,3190,3401,3830,3878,3125,3277,3354,3306,-26.7277,30.0314,8.81003,47.6773
48154,3537,3419,3322,3125,4299,4098,3562,3280,7521,5614,3934,3364,9260,6417,4056,3378,18.1838,-20.7353,8.55275,48.124
48155,3230,3374,3443,3214,3489,3860,3858,3601,3936,5014,5875,4598,4348,6677,8402,5161,21.1489,3.56029,8.78881,48.0533
48156,3564,3415,3385,3105,4396,3910,3542,3228,8215,5000,3738,3329,10149,5646,3848,3416,17.4991,-30.146,8.87416,47.924
48157,6410,5120,3888,3384,9058,6331,4096,3447,5522,4574,3684,3196,3904,3672,3360,3188,-8.58701,-20.6907,8.86793,48.556
48158,3663,3839,3997,3863,3956,4932,5816,4289,4055,5842,7164,4508,3680,4380,4544,4050,3.22088,3.32892,8.76495,48.3853
48159,3391,3743,3732,3631,3802,4588,5273,4153,4043,6032,7788,4775,3831,4519,5122,4247,6.502,3.81128,8.92023,48.4467
48160,4494,5994,5039,3879,4860,7752,5681,4016,3971,4577,4157,3621,3535,3610,3581,3277,-10.5989,-4.3645,8.89091,48.0293
48161,11915,6107,3893,3416,6696,4829,3811,3357,4021,3893,3504,3121,3424,3500,3225,3109,-23.9314,-27.5493,8.50968,47.8807
48162,3283,3281,3330,3422,3295,3422,3747,3968,3405,3772,4686,5827,3437,3932,5995,12341,33.1373,33.9658,8.78556,47.4287
48163,4142,3814,3426,3167,6497,4719,3805,3300,9222,5526,3936,3348,5638,4482,3713,3317,5.48108,-24.0398,8.57398,48.0347
48164,8503,5642,3809,3375,8559,5495,3958,3322,4812,4174,3531,3165,3602,3550,3289,3185,-14.5582,-23.988,8.70387,47.9807
48165,5891,9809,6534,4182,4561,5174,4516,3805,3680,3819,3628,3453,3353,3403,3285,3245,-32.4793,-5.75755,8.89814,48.2253
48166,3367,4074,5964,8020,3341,3910,6063,8132,3337,3659,4203,4497,3150,3331,3569,3611,-14.6011,19.8496,8.73457,48.152
48167,3316,3890,6343,12325,3375,3855,4783,6212,3180,3511,3764,3935,3083,3221,3447,3357,-26.9088,26.3628,8.67769,47.7313
48168,7106,7007,4421,3555,6748,6718,4185,3590,4296,4332,3685,3380,3368,3543,3281,3132,-15.9574,-14.9442,8.94594,48.2313
48169,3348,3460,3281,3185,3639,3840,3710,3353,4538,5525,4722,3759,5630,9175,6629,4233,24.5808,-4.94836,8.59359,48.018
48170,5594,9066,6528,4112,4535,5821,4879,3940,3692,3875,3689,3371,3301,3329,3240,3143,-23.0966,-4.71454,8.84865,48.0767
48171,7003,9802,5507,3838,4868,5287,4315,3608,3746,3853,3673,3363,3407,3298,3302,3253,-28.1588,-9.78541,8.72284,48.082
48172,4649,6531,5578,4184,4569,7056,6137,4069,3772,4155,4103,3654,3382,3571,3546,3342,-14.0813,-2.25369,8.91767,48.1987
48173,4434,7483,9068,5239,3960,4768,5005,4367,3434,3709,3811,3617,3161,3362,3321,3297,-30.3036,2.47274,8.67596,48.024
48174,7984,7545,4461,3524,6408,6123,4111,3596,4144,4064,3656,3322,3444,3457,3281,3040,-18.3885,-15.787,8.88123,48.1067
48175,3390,3412,3245,3092,4001,3799,3426,3184,5704,4956,3853,3398,10858,7818,4249,3466,28.7783,-19.1466,8.80923,47.9007
48176,3347,3479,3288,3119,3847,3883,3640,3233,5291,5271,4069,3552,8021,9443,5066,3652,28.174,-12.7803,8.5344,48.134
48177,4222,4435,3832,3362,5284,6922,4548,3661,5237,6997,4508,3569,4217,4272,3767,3366,-0.245087,-9.54903,8.89759,48.1327
48178,3379,3886,5479,8474,3405,3909,5431,8710,3283,3546,4206,4757,3052,3324,3412,3608,-14.7066,24.7837,8.61202,47.9073
48179,3236,3213,3291,3192,3746,3862,3846,3429,4559,5778,4933,3895,5502,8947,6510,4326,22.1231,-4.39895,8.90239,48.1767
48180,3356,3547,3309,3289,3932,4184,3619,3357,5262,6693,4469,3629,6242,8324,5109,3871,18.3389,-9.31684,8.6758,48.128
48181,3404,3452,3298,3174,4085,4008,3538,3332,6609,5709,3989,3476,8661,7215,4522,3589,19.3273,-17.2312,8.74646,48.0407
48182,3363,3911,5871,10884,3338,3807,4930,7756,3248,3601,3949,4146,3122,3304,3391,3495,-19.5224,33.3195,8.97674,48.0773
48183,3737,4751,6488,5222,3730,5006,7920,5504,3428,3928,4607,4176,3182,3591,3560,3592,-12.2192,8.87154,8.74856,48.2813
48184,3177,3478,4007,4421,3323,3708,4855,7322,3359,3765,5511,8882,3259,3657,4310,5196,3.004,24.1966,8.84947,48.1533
48185,3199,3375,3281,3223,3662,3749,3620,3464,4430,5258,4595,3975,5692,9400,6958,4144,27.8009,-4.5618,8.69564,48.0167
48186,3107,3358,3365,3327,3410,3640,3914,3812,3726,4709,6033,4827,4022,5833,9067,5908,21.1766,7.21027,8.5427,48.0387
48187,8908,5706,3928,3408,8492,5457,3841,3380,4536,4073,3517,3281,3609,3474,3356,3081,-15.5862,-24.5201,8.54396,48.0313
48188,4703,5087,4217,3572,5839,8041,4725,3722,4632,5346,4203,3528,3727,3898,3597,3324,-6.56867,-9.67906,8.51588,48.1073
48189,6235,9016,5571,3833,5031,6209,4585,3726,3777,3973,3715,3401,3381,3299,3336,3163,-20.9478,-8.26711,8.93762,48.1673
48190,6645,6129,4102,3453,7545,6760,4126,3511,4682,4515,3716,3332,3633,3607,3263,3195,-12.429,-16.8355,8.50725,48.1427
48191,5066,4723,3760,3245,7548,6765,4062,3530,5859,5392,3978,3333,4172,3983,3505,3205,-4.10762,-16.7706,8.86464,48.084
48192,3054,3328,3355,3323,3283,3490,4036,3965,3500,4127,5869,6186,3509,4600,8060,8115,20.4567,15.1995,8.71165,47.8667
48193,12538,5876,3918,3381,6131,4764,3712,3240,3937,3743,3437,3300,3438,3393,3256,3189,-33.9237,-28.8951,8.82684,47.502
48194,3492,4588,8640,9266,3401,3985,5116,5460,3343,3444,3829,3883,3161,3253,3373,3462,-27.9058,15.6758,8.63359,47.7973
48195,10414,5650,3892,3369,7892,5136,3848,3368,4354,3982,3540,3318,3391,3412,3214,3173,-18.5592,-32.7113,8.90667,47.9687
48196,3295,3308,3326,3290,3380,3669,3856,3514,3823,4701,5206,4555,4149,6555,10015,5761,27.4397,5.46879,8.8617,48.2687
48197,6194,6800,4435,3495,6463,7259,4439,3689,4344,4358,3760,3386,3588,3489,3306,3270,-13.7323,-13.073,8.97063,48.1833
48198,3351,3648,4425,5082,3273,3972,5958,8417,3396,3859,5187,6749,3311,3552,4029,4390,-3.13159,20.8801,8.72456,48.3993
48199,9150,8131,4557,3551,6000,5388,4087,3480,3983,3999,3444,3284,3529,3346,3183,3024,-23.1943,-16.6028,8.72429,48.0907
48200,3156,3303,3430,3380,3310,3440,3814,3804,3596,4446,5263,5022,3774,5419,10027,6828,33.7074,9.87182,8.98166,48.008
48201,3657,4957,7585,6105,3708,4599,7242,5676,3419,3816,4208,4128,3130,3359,3513,3469,-15.6537,10.0256,8.88949,48.3807
48202,3433,3360,3199,3148,3984,3719,3442,3230,6556,4903,3806,3311,12051,6029,3976,3391,24.6734,-31.1341,8.78227,47.692
48203,3659,4461,6296,5432,3653,4734,7880,5883,3575,3864,4583,4357,3189,3376,3667,3516,-11.4808,10.2414,8.59229,48.0833
48204,9152,5395,3965,3508,8718,5151,3785,3373,4558,4109,3523,3169,3555,3447,3275,3053,-15.4393,-31.9891,8.70117,47.824
48205,3266,3813,5382,9196,3346,3848,5230,8870,3198,3502,4082,4682,3211,3225,3585,3557,-15.7176,28.482,8.86328,47.9953
48206,8854,8804,4787,3616,5505,5081,4118,3552,3833,3942,3463,3273,3374,3444,3293,3168,-27.2641,-14.8536,8.87162,48.0713
48207,3910,5564,8428,5668,3846,4836,6602,4970,3372,3862,4035,3919,3250,3296,3345,3336,-18.5238,7.04321,8.64414,48.1593
48208,3293,3360,3381,3420,3461,3701,4103,3806,3857,4597,6575,5064,3881,5303,8340,6067,18.8155,8.14703,8.539,48.1393
48209,12219,5955,3972,3378,6603,4846,3830,3477,4026,3742,3347,3312,3218,3385,3255,3090,-24.1382,-33.0527,8.95808,47.77
48210,4675,8302,8117,4676,4123,5039,5092,4164,3497,3836,3871,3564,3183,3281,3403,3253,-25.7773,-0.275828,8.73593,48.0507
48211,3454,3565,3462,3254,3926,4406,4077,3583,4860,7618,5574,4009,4847,6530,5324,4047,13.0881,-4.53102,8.93317,48.3573
48212,4239,5996,7008,4791,4197,5850,6604,4378,3601,3918,4155,3767,3332,3518,3500,3379,-15.9023,2.18531,8.50967,48.1553
48213,4687,4047,3520,3171,8097,4899,3811,3337,8609,4929,3802,3381,4819,4128,3599,3182,0.665431,-27.9898,8.99958,48.012
48214,5159,8875,7640,4447,4313,4981,4883,4079,3565,3751,3601,3525,3206,3460,3340,3215,-28.0475,-2.10073,8.54275,48.0267
48215,5512,8931,6489,4164,4532,5939,4842,3880,3701,4014,3757,3455,3333,3410,3342,3145,-22.1277,-4.86088,8.62045,48.2973
48216,3166,3322,3642,3701,3379,3508,4404,5054,3449,3990,5946,9081,3335,3931,5423,7421,11.6042,22.2398,8.73107,48.5013
48217,9746,8212,4435,3573,5622,5032,4033,3455,3892,3845,3530,3220,3445,3306,3280,3152,-32.7828,-16.958,8.79234,47.852
48218,3335,3681,4857,6522,3341,3885,5712,9634,3212,3721,4485,5613,3151,3321,3812,3909,-8.77173,24.116,8.98843,48.1273
48219,3272,3485,3558,3411,3628,4206,4265,3830,4213,6245,6978,4570,4249,5618,6110,4626,12.9906,1.73647,8.90019,48.176
48220,4481,4340,3674,3410,6392,6678,4099,3426,6166,6229,4042,3434,4360,4253,3715,3268,-0.599106,-14.3933,8.83864,47.978
48221,3765,4720,6119,5011,3816,5083,7970,5424,3519,3961,4591,4213,3280,3501,3619,3558,-11.3845,8.20646,8.69105,48.1
48222,3250,3596,4387,5258,3265,3681,5064,8990,3319,3795,4723,7364,3226,3548,3960,4452,-2.82277,29.027,8.58346,47.9187
48223,3231,3384,3380,3302,3522,3714,3854,3838,3873,4744,6102,4853,3974,5827,8981,5688,20.8623,6.93038,8.70917,48.178
48224,4618,8029,8142,4831,4121,5154,5202,4231,3479,3734,3876,3624,3279,3330,3336,3202,-24.2407,0.725456,8.74713,48.1253
48225,10153,5564,3860,3406,8001,5117,3870,3403,4352,3820,3476,3291,3499,3439,3269,3135,-17.9946,-30.0137,8.57006,47.77
48226,7233,9905,5192,3814,5080,5154,4275,3718,3857,3748,3520,3478,3339,3388,3254,3084,-30.1878,-10.5835,8.72164,48.026
48227,3079,3379,3492,3627,3350,3570,4256,4976,3346,3888,5382,9454,3291,3948,5155,8062,12.6982,32.1219,8.65523,48.17
48228,3132,3282,3421,3549,3199,3445,3989,4465,3296,3775,4990,8305,3378,3895,5594,9896,17.2114,31.0493,8.74971,47.7407
48229,6353,9809,6117,4000,4681,5356,4457,3773,3654,3772,3606,3344,3277,3413,3302,3067,-26.1932,-7.3502,8.688,47.9873
48230,3466,3918,4558,4362,3541,4457,7463,5683,3603,4410,6449,5390,3416,3694,4125,4056,-1.66488,11.1926,8.92957,48.394
48231,4265,3985,3566,3163,7057,4761,3725,3339,9285,5396,3878,3331,5384,4387,3613,3236,3.64936,-25.6647,8.54049,48.2473
48232,9004,5545,3883,3387,8553,5118,3931,3363,4549,4174,3532,3280,3468,3552,3225,3153,-15.641,-33.436,8.61008,47.8113
48233,3540,3724,3612,3427,4122,4777,4418,3660,4714,7729,6035,3956,4454,5327,4875,3935,8.95984,-3.54454,8.51795,48.2033
48234,3247,3415,3803,3940,3421,3711,4900,5644,3434,4065,6670,8259,3304,3899,4977,5692,7.16294,18.2342,8.99708,48.254
48235,4784,5263,4206,3694,5768,8120,4921,3727,4595,5464,4046,3427,3671,3811,3618,3299,-7.18569,-9.43833,8.84592,48.276
48236,8476,9305,4790,3712,5235,5101,4093,3553,3860,3860,3469,3378,3353,3327,3297,3201,-30.5822,-13.6219,8.59643,48.0067
48237,7884,9514,4981,3677,5154,5171,4268,3557,3828,3835,3537,3355,3413,3423,3269,3050,-30.4523,-12.2241,8.52572,47.944
48238,7313,6496,4146,3397,7181,6706,4285,3541,4509,4155,3621,3338,3521,3521,3352,3208,-14.8725,-16.5797,8.97198,48.1933
48239,4262,6677,9084,5608,3856,4744,5548,4484,3389,3624,3977,3653,3159,3278,3350,3298,-25.1417,4.42901,8.53586,47.994
48240,3940,3716,3381,3185,5693,4457,3746,3295,9232,5881,3958,3378,6235,4916,3726,3273,8.34459,-22.3205,8.51602,48.008
48241,4519,4063,3535,3317,6976,5561,3895,3349,7862,5925,3926,3316,4831,4512,3598,3326,1.65289,-19.5333,8.92911,48.3407
48242,3170,3448,4099,4189,3419,3702,4842,6786,3348,3860,5154,9234,3373,3609,4488,5350,3.89939,33.6545,8.5472,48.0473
48243,4042,5849,7698,5265,3860,5251,6729,4954,3548,3833,4003,3769,3271,3399,3514,3320,-17.4676,5.4333,8.53698,48.2033
48244,3413,3379,3290,3082,3953,3951,3646,3318,5989,5740,4084,3522,8573,8213,4550,3554,21.5698,-15.7159,8.82484,48.1713
48245,3396,3709,4185,4121,3577,4245,6290,5381,3501,4270,7113,6111,3537,3782,4582,4423,1.72728,12.3817,8.76616,48.1487
48246,3121,3315,3560,3665,3342,3614,4190,4654,3420,3969,5885,8396,3429,3907,5803,7998,14.0228,21.1108,8.56808,48.1787
48247,3267,3478,3566,3456,3647,4092,4583,4136,3888,5602,7826,4932,3896,5021,6223,4846,11.5185,5.22711,8.89397,48.306
48248,3570,3613,3372,3092,4298,4399,3911,3325,5952,7726,4689,3678,5504,6477,4715,3616,12.9346,-10.2377,8.69195,47.958
48249,3089,3238,3567,3600,3215,3565,4058,4684,3398,3888,5514,8842,3369,3887,5762,8497,15.2583,23.4613,8.82601,48.1153
48250,3130,3278,3541,3611,3372,3592,4093,4829,3409,3748,5594,9038,3346,3865,5401,8381,14.0313,24.7508,8.74057,48.152
48251,12120,6404,3970,3428,6041,4870,3789,3375,3913,3800,3438,3243,3365,3460,3299,3094,-31.6732,-24.7059,8.5835,47.7393
48252,3491,4249,7062,9825,3399,3878,5308,6536,3306,3522,3906,4106,3152,3297,3344,3363,-21.2968,19.4301,8.72743,47.8293
48253,3208,3404,3379,3372,3378,3675,3946,3801,3772,4712,6073,4952,3966,5628,9327,6086,21.4303,7.5252,8.78005,48.4527
48254,3113,3301,3450,3430,3309,3493,3837,4319,3327,3849,5126,7448,3495,3995,6031,10473,19.8982,25.0067,8.63136,47.9973
48255,3115,3248,3428,3407,3280,3430,3751,4013,3413,3837,4809,5795,3409,4083,7147,11781,31.1254,21.5701,8.94305,47.964
48256,12355,6292,3897,3486,5916,4800,3731,3386,3964,3823,3445,3257,3382,3384,3251,3162,-28.9344,-26.0153,8.66168,47.6873
48257,3160,3594,4190,4337,3466,3888,5235,6741,3314,3856,6088,7958,3283,3760,4472,5109,2.58543,19.9952,8.65006,48.3007
48258,3225,3746,4853,6780,3355,3801,5297,10111,3179,3606,4375,5620,3173,3336,3632,3908,-9.49663,30.6302,8.92015,47.998
48259,3077,3337,3531,3542,3524,3751,4448,4436,3545,4499,7700,6408,3586,4406,6468,6026,13.0592,12.7383,8.69208,48.1893
48260,3750,4376,4531,3996,4134,5847,6802,4449,3839,5318,5808,4288,3588,3886,3994,3897,-2.51258,2.05794,8.76169,48.3353
48261,3094,3298,3260,3389,3269,3612,3805,3822,3554,4373,5346,5075,3756,5190,9981,7052,33.8848,10.4241,8.86551,47.9173
48262,3208,3232,3316,3361,3273,3549,3865,3906,3459,3988,5522,6018,3613,4355,8021,9508,22.5014,17.1272,8.98946,48.1293
48263,6915,9947,5513,3820,4873,5291,4432,3705,3787,3802,3598,3391,3344,3431,3254,3125,-31.5354,-9.54065,8.82775,48.152
48264,3055,3339,3703,3663,3225,3609,4440,5252,3414,3891,5990,9174,3388,3785,5191,6986,10.448,22.4982,8.90232,48.07
48265,3094,3222,3448,3361,3244,3434,3664,3998,3307,3832,4684,6359,3347,3921,6202,12583,27.3151,29.9519,8.71248,47.8
48266,3202,3398,3557,3473,3469,3739,4193,3994,3633,4778,7318,5711,3761,4806,7415,5751,15.2862,9.87038,8.83517,48.132
48267,3988,5992,7262,4966,4036,5736,6886,4645,3578,3878,4197,3796,3217,3392,3542,3387,-16.0161,3.66854,8.95078,48.332
48268,3465,3373,3311,3091,4055,3809,3515,3246,7104,4884,3857,3518,11658,5880,3839,3506,21.6893,-29.2508,8.70754,48.074
48269,3244,3337,3269,3184,3553,3822,3806,3534,4145,4946,5150,4156,4771,7953,8500,4849,25.6108,0.661156,8.99999,48.146
48270,3368,3708,4062,3993,3481,4263,5882,4840,3729,4659,7985,5547,3444,3993,4821,4555,3.94331,9.15237,8.92806,48.22
48271,3072,3265,3488,3727,3194,3526,4096,4649,3335,3890,5421,8715,3410,3789,5602,8771,14.9497,25.7642,8.62039,47.9667
48272,3186,3493,3934,4372,3389,3702,4855,6949,3315,3920,5638,8897,3248,3638,4435,5324,3.2316,23.4669,8.97617,48.1967
48273,3633,4620,7059,5795,3570,4671,7652,5888,3378,3808,4395,4246,3296,3360,3550,3620,-13.5623,10.7918,8.9967,48.3607
48274,4335,7009,8346,5004,4032,5285,5811,4391,3608,3874,3888,3616,3130,3319,3313,3309,-20.4746,2.43633,8.96039,48.18
48275,3232,3626,4214,4685,3295,3927,5405,7055,3395,3950,5634,7751,3297,3595,4322,4833,1.13222,20.9502,8.68186,48.144
48276,3457,3824,5103,7496,3487,3921,5195,9621,3269,3510,4264,5280,3172,3301,3742,3815,-11.1518,31.6008,8.59871,48.3047
48277,4602,6119,4828,3821,5133,7753,5657,3929,4042,4580,4049,3651,3537,3560,3482,3304,-11.1145,-5.28583,8.91282,48.0313
48278,3423,3944,5763,10108,3404,3777,5125,7915,3145,3453,3974,4406,3037,3228,3386,3508,-18.2731,26.1954,8.57161,47.7307
48279,6157,4756,3680,3290,9260,5710,3965,3343,6008,4510,3591,3313,4002,3806,3511,3195,-7.12409,-22.8843,8.69501,48.0647
48280,3335,3716,4506,4931,3403,4006,6647,7373,3382,3983,5523,6264,3266,3630,4070,4275,-2.89841,16.7032,8.57466,48.2067
48281,3208,3379,3535,3635,3297,3593,4352,4574,3626,4086,6480,7667,3411,4165,6148,6957,13.1699,17.534,8.56209,48.0753
48282,5097,4166,3535,3250,8441,5275,3746,3377,7692,5111,3824,3299,4604,4149,3575,3193,-1.52024,-24.4199,8.58423,48.2227
48283,3271,3599,4350,5440,3333,3784,5083,9442,3339,3679,4586,7209,3103,3472,4007,4243,-3.64973,30.7403,8.9475,47.96
48284,3193,3348,3375,3234,3501,3788,3768,3677,4023,4896,5015,4347,4478,7469,8860,4915,33.5497,2.07711,8.67459,47.9247
48285,3960,3870,3613,3221,5160,5651,4103,3530,6285,7526,4537,3532,4845,4838,3980,3495,4.82985,-12.4521,8.65617,48.0973
48286,3134,3193,3365,3418,3250,3470,3745,3977,3301,3776,4874,7113,3469,3908,5853,11793,21.7554,32.387,8.998,47.7593
48287,4300,5879,5460,4132,4451,6958,6460,4353,3790,4536,4398,3768,3447,3715,3537,3425,-11.4326,-0.751778,8.58517,48.406
48288,3642,4193,6358,5996,3479,4534,7578,6659,3339,3859,4514,4424,3194,3309,3633,3558,-12.2263,13.273,8.98232,48.1793
48289,3423,3322,3312,3205,3825,3872,3457,3173,5840,5068,3807,3410,10591,7736,4221,3443,31.8595,-19.2634,8.78841,47.8033
48290,4403,4056,3558,3255,6833,5288,3816,3357,7882,5833,3956,3393,5043,4463,3613,3318,2.30633,-20.34,8.62139,48.0447
48291,3315,4123,7632,10947,3407,3826,5041,5835,3275,3479,3796,3956,3108,3278,3328,3524,-31.9038,19.7183,8.76458,47.9133
48292,3483,3527,3380,3150,4170,4261,3581,3250,6247,7034,4454,3513,6659,7366,4508,3622,15.8576,-13.0161,8.90108,48.1367
48293,3910,5087,7899,5796,3685,4893,6925,5173,3507,3826,4193,3944,3162,3371,3494,3356,-16.9262,8.31136,8.81358,48.1473
48294,3370,3471,3224,2974,3943,3735,3527,3235,6263,4834,3735,3350,12427,6409,3974,3428,26.8167,-26.2018,8.83115,47.9327
48295,3412,3888,5269,5398,3516,4264,7548,7245,3323,3874,4962,5089,3305,3430,3791,3816,-7.7172,14.7741,8.97708,48.0867
48296,3233,3413,3560,3462,3482,3995,4485,4136,3654,4957,7734,5749,3748,4689,6635,5527,12.8375,9.51657,8.64494,48.306
48297,3512,3548,3476,3286,3915,4481,4122,3599,4777,7734,5767,3987,4747,6246,5017,4046,12.2339,-4.49153,8.92491,48.1733
48298,3030,3305,3347,3466,3234,3451,3823,3957,3421,3957,5162,6101,3436,4345,7845,10099,24.6561,18.6187,8.67738,47.986
48299,4291,3920,3453,3319,5934,5117,3857,3342,7771,6527,4070,3405,5210,4776,3792,3340,4.59094,-17.8984,8.54712,48.0827
48300,12540,6207,3796,3370,6031,4696,3821,3305,3838,3704,3516,3077,3454,3436,3242,3221,-30.593,-27.2301,8.88251,47.5027
48301,3106,3414,3249,3323,3255,3640,3785,3773,3536,4099,5371,5290,3610,4909,9168,8311,26.054,13.4037,8.6136,47.8927
48302,3205,3279,3389,3384,3249,3354,3796,3874,3290,3778,4786,6025,3340,3967,6584,12323,29.6787,24.8213,8.95828,47.7487
48303,3303,3888,5716,10946,3408,3732,4926,7564,3220,3539,3851,4221,2992,3327,3405,3517,-19.8713,29.8563,8.78135,47.7033
48304,6328,7501,4731,3739,5809,6956,4561,3616,4172,4267,3717,3242,3462,3587,3325,3201,-16.2235,-11.5748,8.74157,48.1427
48305,4288,6088,6987,4684,4218,6004,6598,4580,3538,4048,3990,3759,3235,3490,3569,3388,-15.8594,1.61744,8.91923,48.3093
48306,4174,4078,3629,3219,5884,5493,3959,3454,7218,6872,4091,3436,5035,4733,3797,3379,3.62011,-16.3948,8.83891,48.3007
48307,4493,4647,3932,3452,5630,7722,4817,3543,4956,6046,4366,3606,3984,4063,3653,3390,-2.98804,-9.61355,8.9131,48.2
48308,3343,3861,5937,12292,3421,3841,4752,6305,3191,3403,3667,3891,3234,3225,3422,3369,-25.1985,32.9966,8.87635,47.436
48309,3398,4003,5987,8170,3420,3965,5785,8376,3212,3534,4169,4637,3128,3275,3500,3537,-14.7539,20.9741,8.96442,48.064
48310,4223,3990,3448,3086,6537,4751,3668,3287,8992,5711,3863,3323,5683,4624,3664,3276,5.07062,-23.5948,8.65038,48.084
48311,8494,5141,3901,3334,9319,5222,3734,3402,4882,4148,3506,3325,3714,3623,3232,3079,-13.6031,-29.5766,8.68223,48.0373
48312,4478,5315,4353,3690,5198,8214,5485,3831,4311,5411,4396,3694,3539,3758,3508,3280,-6.60673,-6.55195,8.91018,48.3073
48313,3187,3281,3355,3448,3261,3370,3656,3947,3225,3834,4636,5990,3397,3839,5893,12493,33.3689,31.641,8.71801,47.208
48314,3113,3309,3308,3297,3441,3734,3847,3700,3801,4610,5329,4774,4050,6284,9602,6146,26.9827,6.84598,8.52821,48.23
48315,3179,3232,3474,3542,3267,3663,4122,4247,3589,4201,6010,6606,3462,4276,7285,8048,17.9104,16.552,8.66856,48.1353
48316,3164,3466,3561,3646,3337,3576,4200,4382,3511,4379,6795,6814,3501,4331,6726,7004,15.1423,15.0884,8.81165,48.262
48317,3497,3457,3335,2992,3988,3753,3489,3246,6172,5118,3928,3385,10509,7561,4275,3381,24.3048,-19.8194,8.6556,48.0573
48318,3361,3723,4909,5806,3408,4030,6433,8549,3406,3706,4765,5612,3215,3461,3880,3880,-7.22624,19.5425,8.76675,48.096
48319,4417,4015,3508,3224,6699,5140,3841,3378,8280,5985,3896,3378,5257,4440,3572,3306,3.11034,-21.4031,8.80234,48.224
48320,9862,8284,4397,3422,5731,5051,4038,3414,3927,3915,3450,3293,3364,3367,3167,3120,-31.5594,-17.1407,8.79637,47.868
48321,3270,3546,3693,3567,3632,4045,4498,3915,3949,5602,7913,5048,3909,5008,6299,4764,12.2985,5.41084,8.97114,48.4387
48322,3307,3385,3312,3228,3825,3876,3831,3367,4735,5907,4509,3857,6008,9222,6049,3983,22.7215,-6.64826,8.54473,48.2673
48323,3024,3216,3370,3381,3231,3446,3857,3937,3424,3875,4868,6530,3393,3974,6298,11759,23.6808,25.4904,8.8229,47.722
48324,3418,3890,6081,12667,3444,3839,4726,6073,3214,3436,3783,3904,3157,3304,3319,3448,-29.0803,30.8449,8.51217,47.802
48325,3971,5100,5566,4304,4076,6415,7412,4562,3738,4346,4833,3980,3279,3670,3511,3404,-9.70507,2.41344,8.81001,48.1113
48326,4325,3992,3493,3293,6298,5706,4004,3479,7303,6271,4052,3556,4754,4739,3729,3314,2.37694,-16.8582,8.59636,48.2053
48327,3362,3345,3313,3117,3654,3728,3874,3505,4260,5434,4932,3982,5273,8947,6945,4321,24.4141,-3.31314,8.57625,47.9947
48328,3182,3446,3610,3508,3442,3890,4403,4348,3615,4513,7404,6205,3514,4461,6609,5992,13.6269,12.4451,8.62438,48.0947
48329,10791,5780,3925,3374,7605,4991,3777,3491,4178,3871,3440,3316,3443,3422,3280,3076,-19.4373,-31.4397,8.59181,47.84
48330,3178,3320,3466,3214,3384,3817,4131,3701,4010,5625,6554,4580,4181,6022,7597,5007,17.3024,3.46483,8.93696,47.858
48331,12619,6078,3969,3289,6189,4772,3705,3468,3916,3666,3396,3197,3285,3426,3200,3256,-27.519,-29.1241,8.80819,47.6207
48332,3333,3324,3245,3084,3947,4040,3619,3324,5224,5980,4523,3642,6775,9301,5186,3868,21.492,-10.3732,8.73624,48.2767
48333,3473,4017,6071,12395,3370,3814,4633,6311,3285,3395,3762,3754,3189,3291,3332,3331,-27.3914,29.603,8.6921,47.6153
48334,3810,3804,3494,3308,4662,5260,4117,3487,5751,7965,4788,3752,4827,5236,4205,3682,7.07251,-9.93586,8.58737,48.0987
48335,3426,3288,3190,3175,4140,3866,3417,3296,7342,5018,3894,3311,11127,5965,3958,3384,20.3867,-30.8704,8.59619,47.8647
48336,3235,3334,3720,3454,3404,3812,4441,3976,3669,4844,7484,5510,3796,4843,7185,5661,14.7043,8.93537,8.88334,48.2453
48337,7890,7325,4466,3595,6628,6040,4094,3441,4221,4063,3690,3309,3458,3573,3215,3246,-18.0157,-16.5066,8.67088,48.1693
48338,11407,5782,3954,3436,7316,5000,3685,3460,4171,3871,3336,3259,3412,3407,3271,3079,-20.9353,-29.7562,8.81321,47.8973
48339,3374,3354,3258,3125,3733,3907,3601,3422,4625,5126,4473,3844,6275,9836,6128,4018,29.0546,-6.91984,8.71046,48.066
48340,3389,3688,3618,3436,3783,4503,4477,3841,4433,6780,6945,4278,4160,5390,5442,4206,10.4715,0.149602,8.74179,48.246
48341,3495,4036,5663,6119,3539,4333,7235,7473,3380,3769,4586,4717,3111,3425,3764,3613,-10.676,15.6096,8.81463,48.172
48342,3469,3316,3303,3085,4038,3939,3612,3132,7184,5077,3884,3315,10536,6603,4064,3414,21.0592,-22.1956,8.66932,47.9807
48343,4042,5380,6775,4780,3814,5496,7281,4820,3708,4105,4504,3901,3395,3438,3526,3486,-13.8103,4.67484,8.50145,48.3007
48344,3166,3190,3315,3381,3231,3435,3863,3932,3401,3586,4782,6113,3431,3918,5842,12648,29.1014,31.9681,8.55547,47.4893
48345,3346,3351,3230,3264,3733,3854,3629,3387,4701,5337,4436,3774,6583,9973,5557,3913,33.4806,-8.70145,8.68221,48.0453
48346,3756,5214,9770,7582,3564,4242,5173,5073,3249,3542,3784,3827,3158,3208,3413,3287,-29.8149,11.5522,8.83525,47.8947
48347,5375,4335,3598,3105,9561,5036,3755,3283,7208,4744,3718,3296,4406,3934,3554,3222,-3.91,-29.3905,8.96039,48.0867
48348,3103,3170,3409,3400,3209,3403,3899,4066,3349,3779,4902,7029,3314,4016,6303,11622,22.0825,25.338,8.67329,47.982
48349,3103,3362,3292,3407,3403,3725,3867,3769,3711,4408,5810,4795,3849,5546,9435,6547,23.3498,8.63617,8.71731,48.0193
48350,3868,5971,9964,6512,3764,4272,5289,4719,3308,3538,3851,3808,3104,3254,3351,3401,-31.906,8.18338,8.86771,47.9827
48351,5588,4451,3659,3199,9631,5161,3760,3335,6945,4749,3594,3356,4289,3930,3408,3111,-4.30554,-27.9403,8.72871,48.1107
48352,4206,4616,3963,3557,5088,7554,4998,3725,4608,6102,4456,3530,3961,4169,3797,3364,-2.84437,-8.10048,8.80604,47.796
48353,3248,3891,6048,12810,3438,3814,4640,5946,3114,3462,3804,3788,3180,3251,3320,3366,-28.5448,33.2534,8.85173,47.4133
48354,3304,3358,3138,3120,3930,3859,3445,3366,7007,4925,3745,3305,11818,6026,3976,3481,22.6785,-31.0548,8.81279,47.8687
48355,3277,3435,3794,4119,3385,3627,4636,6427,3274,3921,5408,9485,3249,3593,4651,5900,5.69376,25.2541,8.61484,48.1207
48356,4635,7520,9039,5085,4079,4702,5101,4385,3421,3726,3761,3720,3230,3357,3447,3163,-28.5747,2.46406,8.65936,48.2473
48357,3229,3285,3545,3338,3427,3791,4068,3901,3808,4972,6722,4916,4068,5748,8062,5503,17.8069,6.30111,8.83914,48.2553
48358,3422,3412,3259,3045,3975,3737,3422,3133,5915,4945,3856,3327,11952,6781,3914,3441,32.6917,-22.8183,8.88487,47.6907
48359,3748,5263,9741,7356,3673,4250,5095,4989,3298,3600,3926,3854,3222,3270,3274,3263,-32.6076,11.0013,8.83086,47.8813
48360,3342,3299,3402,3523,3309,3402,3727,3901,3385,3658,4635,5979,3263,3700,5843,12380,33.6932,32.9226,8.77535,47.1653
48361,3373,3653,4505,4560,3490,4056,6260,6807,3625,4108,5902,6424,3275,3539,4259,4379,-1.07179,16.2439,8.65381,48.1433
48362,3316,3588,4338,5146,3343,3825,5224,8628,3333,3769,4912,7296,3111,3512,4133,4535,-2.27879,25.0747,8.50126,48.006
48363,3046,3224,3484,3516,3207,3644,4045,4025,3513,3991,5597,6361,3525,4341,7468,9067,20.4993,17.4893,8.88382,48.036
48364,3437,3649,4249,4148,3525,4483,6507,5151,3692,4646,7220,5649,3501,3855,4517,4427,1.5756,10.4817,8.50363,48.4373
48365,3344,3337,3249,3111,3968,3656,3372,3273,6157,4807,3854,3253,12502,6050,3993,3476,27.9517,-27.8782,8.6904,47.6013
48366,3331,3964,5738,10742,3423,3797,5153,7758,3339,3598,3906,4227,3151,3199,3477,3401,-19.0087,32.779,8.72407,48.136
48367,3358,3691,3757,3419,3636,4473,4450,3803,4238,6200,7417,4739,4069,5126,5538,4492,9.94455,2.48404,8.52194,48.2707
48368,3441,3701,4924,4962,3555,4331,7329,6857,3439,3975,5478,5505,3340,3567,4063,3980,-4.4741,14.417,8.84082,48.298
48369,3575,3616,3429,3222,4318,4432,3852,3399,6244,7631,4595,3651,5806,6495,4428,3530,12.9551,-11.6765,8.67503,48.1487
48370,3498,4027,6388,11557,3370,3852,4918,6803,3330,3409,3869,3942,3143,3251,3393,3399,-23.1066,24.6752,8.96742,48.0993
48371,3851,3575,3367,3141,5293,4324,3715,3308,9924,5285,3855,3429,7070,5031,3724,3385,10.2098,-33.2455,8.82699,48.1847
48372,3168,3307,3460,3491,3471,3884,4336,4326,3624,4412,7391,6342,3715,4568,6935,6039,14.1833,12.3805,8.8512,48.3127
48373,2961,3199,3479,3454,3314,3504,4022,4515,3388,3840,5203,8232,3408,3883,5822,9723,17.0024,24.9359,8.95942,47.9647
48374,6696,6106,4098,3522,7528,6823,4216,3474,4638,4412,3755,3250,3650,3629,3383,3179,-12.9353,-16.6284,8.80473,48.2393
48375,6724,5531,3855,3405,8505,6479,3992,3357,4973,4493,3608,3332,3675,3623,3366,3181,-11.0224,-18.9726,8.82941,48.066
48376,3647,3870,3934,3525,3925,4917,5009,3977,4197,6613,6799,4445,4001,4708,4792,3992,5.90948,0.416892,8.56637,48.234
48377,3460,3532,3585,3138,3982,4630,3776,3494,5339,7799,5049,3728,5291,6834,4947,3818,13.4291,-8.26615,8.80125,48.268
48378,3610,3590,3519,3306,4160,4580,3990,3509,5522,8020,5148,3884,5047,6199,4503,3770,11.3919,-8.20598,8.53291,48.238
48379,3186,3311,3289,3414,3195,3458,3755,3904,3358,3735,4771,5964,3293,3890,5959,12829,31.2155,28.8325,8.78644,47.5407
48380,3347,3601,3683,3552,3610,4148,4917,4164,3999,5658,7827,5084,3800,4804,5737,4614,9.71849,5.2544,8.54152,48.3633
48381,3086,3308,3386,3391,3277,3578,3938,3853,3502,4224,5772,5535,3677,4921,8813,7936,22.7507,13.0055,8.81375,48.1313
48382,3890,4709,5143,4382,4062,5973,7741,4885,3698,4529,5123,4051,3391,3646,3707,3585,-7.8072,3.417,8.80002,48.3433
48383,3116,3289,3381,3346,3128,3518,3840,3941,3420,3785,4916,6121,3333,4038,7291,11491,27.5783,21.9445,8.57366,47.9693
48384,3483,4457,7375,7505,3528,4230,6344,6546,3277,3539,4133,4174,3052,3282,3540,3519,-17.6669,15.3361,8.67401,47.9893
48385,3400,3412,3307,3209,3785,3788,3522,3363,4860,5178,4543,3786,6260,9642,5833,3856,33.657,-7.79785,8.65724,47.8293
48386,3785,3992,3570,3398,4531,5507,4292,3660,5305,8005,4993,3766,4368,5236,4266,3699,6.11575,-7.72263,8.75936,48.2487
48387,3637,3562,3402,3182,4860,4180,3571,3266,8426,6030,3916,3424,7508,5808,4030,3492,13.0429,-20.1913,8.74049,48.196
48388,3362,3447,3517,3246,3731,4244,4256,3784,4371,6526,6483,4458,4462,6230,6179,4317,14.3031,-0.33379,8.54128,48.4087
48389,3383,3543,3369,3000,3979,4170,3793,3426,5125,6682,4724,3836,5725,8160,5210,3983,17.7661,-8.00449,8.75405,48.072
48390,8838,8240,4488,3495,5873,5527,4027,3517,3917,3954,3588,3351,3451,3419,3262,3049,-22.9813,-16.0884,8.76683,47.9973
48391,3330,3392,3205,3048,3863,3862,3611,3284,5490,5321,4040,3641,8710,8917,4644,3637,25.8847,-14.7954,8.81795,47.9967
48392,3471,3772,4702,6373,3389,3800,5390,9841,3205,3635,4534,6026,3082,3316,3796,3953,-7.91611,25.3293,8.96251,48.19
48393,6178,5264,3917,3414,8334,6613,4177,3513,5345,4560,3723,3350,3805,3750,3365,3164,-9.42892,-18.563,8.75011,48.3147
48394,12138,6636,3987,3395,6183,4922,3820,3261,4053,3791,3426,3256,3266,3375,3257,3048,-26.4487,-24.107,8.79834,47.876
48395,3793,4491,5154,4340,3874,5680,7933,4885,3573,4597,5240,4190,3447,3794,3764,3577,-6.84532,4.82286,8.64294,48.2213
48396,3299,3819,4726,6259,3321,3831,5184,9977,3222,3631,4361,5866,3212,3386,3721,4095,-7.38019,33.4539,8.99896,47.94
48397,5003,4640,3683,3315,7583,6181,4075,3510,6394,5465,3879,3364,4338,4130,3572,3194,-2.76413,-18.1196,8.51334,48.2173
48398,3341,3891,5243,7130,3370,3851,5794,9307,3259,3608,4335,5141,3168,3375,3736,3742,-10.9927,23.3901,8.61495,48.194
48399,3867,3622,3340,3145,5602,4349,3572,3316,10042,5357,3759,3319,6946,4676,3748,3259,9.1501,-29.0123,8.84672,47.946
48400,5394,5757,4283,3534,6409,7843,4588,3649,4592,4869,3891,3336,3754,3745,3462,3219,-9.3735,-12.5286,8.58735,48.2167
48401,3095,3264,3280,3315,3487,3577,3709,3824,3816,4557,5132,4631,4050,6289,10057,6165,29.2579,6.70593,8.94056,48.1653
48402,5408,4514,3659,3279,9025,5527,3831,3247,6943,4905,3717,3315,4283,3974,3568,3288,-3.9523,-23.1836,8.69265,48.322
48403,6638,8779,5282,3739,5194,6338,4419,3677,3830,3949,3540,3341,3348,3436,3344,3179,-20.1289,-9.90268,8.93402,48.022
48404,3265,3430,3310,3214,3705,3765,3494,3416,4637,5157,4389,3755,6317,10063,6089,4037,31.418,-7.31993,8.90909,48.0287
48405,3608,4890,9428,8323,3505,4093,5240,5297,3291,3498,3738,3843,3236,3279,3302,3313,-28.3515,13.5473,8.95153,47.9227
48406,3806,5465,8915,6347,3705,4510,6035,5108,3413,3606,3927,3891,3203,3248,3473,3495,-21.1234,8.8921,8.65573,48.098
48407,4161,3887,3432,3165,6901,4662,3666,3390,9288,5450,3722,3340,5593,4528,3665,3269,4.4458,-25.3371,8.85686,48.0793
48408,4418,5483,4839,3954,4763,7610,6114,4105,4111,4766,4440,3652,3490,3650,3580,3327,-8.94322,-3.17442,8.82699,48.2013
48409,3300,3388,3316,3145,3640,3780,3719,3457,4579,5677,4877,3899,5572,9088,6537,4293,22.7976,-4.39419,8.7405,48.178
48410,4334,6845,9588,5808,3841,4694,5123,4546,3411,3649,3801,3655,3131,3243,3395,3378,-28.6951,4.87997,8.72413,48.2947
48411,6715,9663,5867,3920,4976,5485,4373,3695,3667,3871,3452,3322,3243,3349,3262,3251,-26.789,-8.57025,8.56696,48.074
48412,3183,3183,3371,3432,3225,3437,4100,4271,3336,3860,4846,7870,3423,3855,5573,10850,19.1783,31.3547,8.82568,47.8767
48413,4007,4985,4906,3938,4528,7138,6650,4130,3998,5012,4769,3845,3561,3649,3740,3465,-7.20113,-1.30525,8.83501,48.214
48414,3250,3587,4506,5801,3340,3840,5202,9710,3351,3646,4634,6494,3132,3482,3733,4248,-5.57762,29.4091,8.6671,47.9707
48415,3402,4133,6816,9770,3413,3833,5385,6925,3202,3486,3958,4143,3059,3237,3336,3512,-20.2739,20.9076,8.68552,47.74
48416,7105,9926,5462,3898,4927,5229,4192,3650,3709,3846,3609,3294,3293,3402,3334,3159,-27.2308,-10.1534,8.59681,48.0233
48417,9163,5547,3803,3331,8585,5393,3761,3389,4647,4056,3482,3259,3725,3531,3305,3052,-15.8967,-26.0737,8.67161,48.0193
48418,11146,6177,3923,3469,7361,5018,3911,3353,4270,4096,3417,3203,3363,3377,3143,3008,-20.3806,-25.6103,8.9075,48.1567
48419,3224,3196,3383,3359,3262,3522,3820,3994,3319,3880,5012,5936,3372,4109,7032,10958,33.8808,21.0927,8.55861,47.5853
48420,3339,3564,4330,5105,3295,3880,5589,8380,3396,3762,5305,7373,3198,3535,4076,4387,-1.97018,21.8526,8.93431,48.3427
48421,3206,3373,3362,3321,3532,3700,3828,3538,4082,4878,5180,4296,4522,7635,8653,4976,33.9974,1.68358,8.65707,48.0547
48422,3372,3921,5288,8140,3405,3865,5514,9239,3361,3615,4299,4894,3031,3226,3613,3730,-12.7498,24.6821,8.67561,48.342
48423,3494,3905,5492,5463,3605,4514,7565,7003,3489,3890,4910,4890,3242,3392,3782,3823,-8.59257,13.9348,8.63884,48.306
48424,3285,3500,3516,3400,3588,4043,4346,3962,3997,5721,7407,4737,4019,5427,6530,4766,13.5125,4.20919,8.67466,48.1627
48425,3626,3503,3257,3112,4597,4117,3503,3211,8733,5227,3719,3366,9379,5433,3809,3474,16.0258,-29.8548,8.90511,48.044
48426,4166,4316,3985,3748,4881,7439,5039,3768,4629,6417,4746,3822,3935,4187,3891,3545,-1.7565,-6.44085,8.95826,48.3427
48427,3146,3471,3953,4152,3228,3756,4668,6591,3339,3702,5129,9589,3297,3666,4463,5612,5.47421,29.2909,8.57675,47.8413
48428,3916,4809,5457,4371,4027,6003,7465,4757,3768,4476,4965,3968,3346,3559,3664,3568,-8.42974,3.36941,8.61433,48.0793
48429,3107,3288,3537,3606,3341,3380,3994,4474,3468,3706,4993,8549,3405,3850,5380,9371,16.171,32.2728,8.73016,47.6327
48430,3946,3823,3368,3220,5872,4364,3628,3257,9994,5212,3875,3470,6295,4833,3698,3332,7.47886,-33.1797,8.82807,48.1247
48431,3150,3240,3269,3237,3528,3715,3762,3576,4041,4910,5343,4408,4435,7272,8964,5362,24.8291,2.89487,8.7789,48.1413
48432,3676,4318,4483,4077,3987,5729,6878,4526,3962,5164,6102,4266,3584,4022,4052,3632,-2.32001,3.02327,8.93288,48.3053
48433,4087,5808,8501,5730,3763,4837,6357,4910,3359,3678,4018,3860,3203,3382,3496,3346,-19.5283,6.62694,8.79041,48.2233
48434,3154,3151,3475,3414,3255,3433,3822,4080,3448,3802,4686,6207,3283,3950,6096,12620,27.5799,29.9983,8.78715,47.9173
48435,3319,4065,6892,11561,3360,3889,5022,6286,3246,3420,3742,4001,3112,3185,3426,3353,-25.4432,22.6193,8.8604,47.9193
48436,3561,3634,3440,3200,4180,4564,3958,3407,5609,7734,5009,3721,5219,6313,4818,3778,12.1041,-8.60931,8.60515,48.0967
48437,6010,6352,4328,3569,6363,7567,4499,3671,4379,4550,3659,3480,3578,3640,3398,3101,-12.4955,-12.9353,8.67595,48.096
48438,3730,3538,3319,3079,4848,4061,3683,3422,9101,5367,3866,3376,8125,5420,3846,3349,13.3768,-25.8237,8.65609,48.0867
48439,4569,5868,4722,3774,5019,8102,5703,3864,4083,4774,4128,3582,3515,3693,3559,3277,-9.82285,-5.52395,8.89033,48.1547
48440,3435,3619,3528,3307,3961,4375,4150,3578,4736,7543,5808,3920,4664,6235,5203,4052,12.2472,-3.99966,8.79601,48.076
48441,3225,3277,3589,3488,3431,3839,4397,3979,3795,4786,7280,5726,3704,4743,7038,5806,14.6295,9.95193,8.56514,48.0687
48442,4780,4192,3480,3262,8143,5371,3806,3362,7755,5188,3768,3272,4706,4112,3602,3291,-0.719423,-23.1478,8.77844,48.06
48443,3325,3442,3427,3358,3482,3834,4071,3728,3980,5200,6128,4511,4243,6367,8141,5176,19.6772,3.6598,8.70485,48.2753
48444,5086,4251,3581,3331,8703,5068,3829,3421,7812,4882,3788,3347,4468,4072,3478,3227,-1.50914,-28.5549,8.50195,48.2293
48445,3194,3357,3737,4022,3360,3654,4518,6162,3339,3837,5208,9859,3369,3717,4766,5930,6.7951,33.2512,8.56017,48.0193
48446,4749,4360,3665,3255,7025,5827,3896,3324,6974,5806,3952,3569,4626,4305,3578,3192,-0.446187,-18.5732,8.5043,48.0687
48447,3341,3383,3157,3117,3876,3830,3500,3311,5901,5123,3896,3394,10792,7352,4181,3378,33.9552,-20.2062,8.68413,47.688
48448,3438,3607,3359,3320,3896,4482,3901,3449,5347,7722,5116,3857,5297,6632,4925,3717,13.5443,-7.6091,8.76431,48.0433
48449,3608,5093,9289,7708,3645,4189,5517,5194,3301,3547,3844,3792,3077,3320,3378,3422,-25.671,12.5182,8.78093,47.9493
48450,3315,3827,4283,4407,3582,4250,6676,5800,3587,4340,6750,5755,3374,3769,4443,4403,0.237277,12.4362,8.73387,48.374
48451,3464,3730,3762,3713,3701,4568,5388,4218,3997,5699,7734,4850,3763,4411,5064,4301,6.07158,4.63901,8.92766,48.242
48452,3403,3706,4055,3745,3646,4373,5387,4371,3717,5267,7872,5246,3656,4297,5166,4487,5.89619,7.09248,8.53436,48.2627
48453,3678,3740,3686,3447,4173,5126,4486,3629,4775,7583,5931,3989,4376,5081,4771,3844,6.905,-3.58806,8.75642,48.21
48454,5304,8261,6101,4214,4845,6094,5044,3957,3727,3948,3808,3416,3288,3483,3372,3231,-19.5381,-4.93433,8.66838,48.062
48455,3236,3515,4194,4524,3410,3767,5274,7761,3315,3780,5305,8335,3260,3566,4302,4961,0.897128,23.2851,8.93246,48.3367
48456,3400,3460,3271,3180,3946,3883,3417,3358,5965,4617,3766,3382,12460,5977,3871,3310,33.0174,-29.3834,8.62183,47.5087
48457,5256,8880,7525,4515,4291,5259,4895,4029,3653,3817,3744,3516,3314,3370,3270,3240,-25.6909,-2.43202,8.8602,48.3827
48458,3353,3988,6150,11476,3310,3742,4972,7011,3254,3407,4007,4021,3119,3216,3329,3398,-22.4903,25.9698,8.57397,47.8353
48459,3486,3449,3304,3147,3947,3648,3403,3244,5895,4609,3755,3408,12435,5941,3847,3383,32.6816,-33.2419,8.51895,47.2673
48460,3463,3374,3221,3133,4053,3772,3385,3248,6120,4671,3745,3295,12376,6105,3908,3402,30.7712,-27.7398,8.55098,47.514
48461,4220,4915,4250,3678,5166,8114,5349,3711,4530,5584,4540,3613,3650,3919,3811,3395,-5.35109,-6.59674,8.61639,48.2967
48462,3306,3315,3405,3136,3675,3976,3747,3462,4743,5892,4872,3782,6101,9289,5961,3854,22.1326,-7.32554,8.86191,48.344
48463,4149,6365,8451,5221,3956,5066,6362,4709,3448,3825,3960,3711,3147,3283,3388,3275,-19.0639,4.50523,8.9673,48.2107
48464,3201,3221,3404,3326,3338,3533,3936,3828,3523,4190,5263,5096,3689,4886,9442,8040,32.4835,12.7556,8.67787,47.944
48465,3168,3305,3579,3568,3376,3602,4148,4254,3486,4282,6549,6866,3442,4321,6984,7329,15.6817,15.6481,8.73018,48.1727
48466,3342,3665,4755,6148,3322,3764,5485,10097,3217,3657,4484,6140,3215,3340,3824,4015,-7.03488,27.4991,8.89832,48.3133
48467,3491,4486,8681,9513,3503,4096,5212,5398,3231,3501,3794,3947,3128,3221,3330,3387,-29.5565,16.1169,8.84878,47.946
48468,3456,3701,3981,3829,3722,4445,5960,4625,3735,5205,7744,5073,3667,4162,4772,4393,3.79103,6.97768,8.705,48.3133
48469,10479,5655,3910,3373,8095,5062,3850,3423,4382,4022,3370,3248,3416,3366,3179,3202,-18.1677,-32.3516,8.77355,48.0213
48470,3434,3471,3444,3413,3643,4221,4345,3795,4424,6594,6941,4416,4180,5615,5835,4457,12.392,0.47267,8.90208,48.152
48471,3217,3551,3959,4272,3376,3703,4762,6913,3348,3882,5165,9128,3196,3701,4372,5227,3.7567,33.348,8.55882,47.848
48472,6497,4907,3669,3281,10019,5307,3722,3322,5545,4421,3613,3235,3908,3675,3414,3187,-8.85457,-32.5274,8.92655,47.8147
48473,3530,4475,6944,7473,3594,4280,6387,6548,3379,3560,4099,4124,3120,3470,3510,3447,-16.9923,15.7309,8.50096,47.96
48474,3411,3410,3244,3061,4044,3958,3486,3218,6100,5475,4042,3391,9464,7748,4293,3577,22.2214,-18.0575,8.60159,47.948
48475,7694,5025,3857,3295,9657,5325,3756,3315,5217,4198,3654,3175,3683,3580,3288,3178,-11.4993,-28.2325,8.93908,47.9313
48476,8904,8975,4638,3666,5379,5314,4071,3590,3798,3971,3521,3327,3327,3374,3305,3029,-26.5511,-14.714,8.6124,48.126
48477,4480,4020,3525,3275,7161,5301,3853,3477,8087,5674,3974,3292,4846,4386,3691,3191,1.56723,-21.1252,8.56873,48.1553
48478,5770,5164,3824,3467,8187,6479,4208,3409,5280,4848,3677,3344,3892,3760,3452,3252,-7.92821,-18.4994,8.53508,48.0087
48479,3190,3314,3331,3459,3353,3547,3815,3732,3535,4356,5257,5108,3615,4984,9429,7649,33.8768,12.1057,8.65288,47.7827
48480,3949,3951,3659,3461,4946,5802,4272,3545,5730,7703,4781,3676,4625,4868,3945,3563,4.19944,-10.3354,8.66715,48.3173
48481,6777,9980,5590,3755,4940,5286,4323,3758,3657,3874,3655,3358,3420,3399,3234,3132,-30.825,-9.31916,8.72035,48.092
48482,3452,4263,7952,10105,3506,4037,5111,5535,3273,3557,3879,3940,3089,3296,3330,3351,-31.7617,18.1019,8.52585,47.784
48483,3422,3370,3401,3223,3843,4244,3880,3566,5135,7159,5263,3928,5378,7416,5261,4002,15.8505,-6.43636,8.51658,48.3273
48484,3198,3268,3600,3731,3270,3525,4148,4611,3433,3746,5136,9108,3375,3782,5341,8682,14.2209,30.3774,8.83373,47.9693
48485,7333,5187,3745,3320,9090,5866,3895,3470,4954,4361,3623,3283,3646,3512,3288,3185,-11.588,-22.6077,8.61669,47.8387
48486,3871,3879,3553,3315,4935,5106,3835,3432,6905,7525,4307,3455,5266,5302,4070,3507,7.35048,-14.3134,8.51535,48.1753
48487,3236,3853,5724,10007,3455,3822,5092,8146,3228,3533,3969,4347,3171,3295,3436,3496,-17.7392,26.6777,8.63876,47.8733
48488,4770,6975,6555,4454,4422,6251,5932,4234,3697,4012,3970,3469,3366,3439,3454,3332,-17.1307,-0.98215,8.55687,48.2213
48489,3739,4510,5560,4565,3765,5289,8172,5428,3622,4077,5005,4242,3425,3655,3777,3655,-8.29581,7.14374,8.84581,48.324
48490,3639,4632,7618,6867,3575,4317,6793,6173,3289,3644,4093,4065,3184,3294,3460,3366,-17.0895,13.5054,8.9509,48.006
48491,3873,5259,7286,5298,3834,5016,7270,5185,3466,3931,4291,3836,3243,3441,3623,3374,-15.4438,7.01076,8.72366,48.1507
48492,10366,7896,4332,3529,5613,5108,3929,3363,3941,3804,3414,3237,3449,3543,3345,3001,-29.9361,-18.364,8.5882,47.9133
48493,4400,4749,4099,3597,5517,7735,4693,3785,4858,6170,4326,3521,3917,4126,3659,3383,-3.30908,-9.56722,8.83669,48.3567
48494,3464,3532,3223,3171,4444,3996,3446,3243,8415,5062,3828,3485,9500,5631,3815,3370,16.7212,-33.0629,8.74495,47.75
48495,3275,3322,3335,3255,3644,3898,3793,3482,4467,5432,4776,3951,5540,9189,6863,4313,24.9125,-3.93499,8.66059,48.3567
48496,3412,3923,6043,11838,3374,3768,4859,6652,3295,3456,3906,4012,3042,3224,3312,3391,-23.4043,33.6921,8.93207,47.6713
48497,3354,3275,3341,3282,3289,3531,3952,3915,3498,4131,5293,5235,3556,4766,9283,8666,31.4317,13.9939,8.82712,48.2447
48498,3301,3787,4788,7159,3386,3921,5144,9810,3232,3638,4284,5484,3255,3474,3651,3760,-9.78545,30.0236,8.73196,48.0493
48499,3443,3447,3205,3074,3967,3813,3434,3221,6573,4804,3773,3334,12236,6114,3926,3338,24.611,-27.8258,8.88207,47.8013
48500,3221,3265,3360,3365,3371,3637,3784,3761,3648,4297,5363,4814,3836,5447,10010,6934,31.387,9.46238,8.84359,48.0753
48501,3683,3498,3315,3126,4588,4103,3493,3323,8223,5919,3932,3431,8531,6089,3951,3362,15.7475,-21.0975,8.91385,48.378
48502,3455,3757,5108,7840,3416,3809,5207,9574,3259,3513,4272,4976,3108,3336,3636,3737,-12.1244,27.3406,8.61171,48.002
48503,3461,4187,5260,4848,3624,4870,7912,5964,3443,4038,5281,4734,3345,3444,3981,3686,-6.63162,10.6307,8.53111,48.052
48504,5419,8008,5759,4109,4855,6725,5005,3848,3843,4068,3833,3600,3424,3429,3356,3191,-18.12,-5.90859,8.66793,48.3147
48505,3136,3352,3502,3482,3360,3678,4034,4163,3504,4278,6003,6385,3529,4405,7603,8108,18.9797,15.4265,8.64853,48.348
48506,3726,4517,5675,4631,3833,5355,8225,5400,3575,4121,4924,4171,3274,3574,3756,3738,-8.8292,7.05673,8.86761,48.33
48507,3109,3410,3463,3744,3237,3666,4365,4692,3448,4013,6118,8426,3389,3925,5727,7427,13.398,19.7374,8.75285,48.106
48508,3274,3741,4713,5866,3384,4034,6368,8536,3337,3865,4817,6031,3123,3501,3818,3961,-6.02496,20.2955,8.8989,48.246
48509,10076,8370,4354,3488,5575,5013,3970,3418,3905,3807,3534,3206,3316,3383,3220,3055,-29.2874,-17.5917,8.93493,47.7933
48510,3326,3464,3367,3106,3784,3840,3640,3334,5054,5295,4258,3576,7399,9529,5142,3772,32.5171,-11.4389,8.61573,47.924
48511,3855,4246,4076,3630,4461,6531,5238,3795,4662,6909,5355,3842,3956,4191,4029,3567,0.403243,-4.30928,8.74545,48.2287
48512,10744,6671,4114,3416,6717,5012,3979,3425,4120,3878,3520,3212,3515,3437,3288,3072,-22.6788,-22.4076,8.56928,48.08
48513,3853,4336,4182,3744,4498,6618,6018,4039,4080,5945,5488,4055,3725,4071,3912,3622,-2.04112,-1.576,8.68372,48.124
48514,3320,3914,5680,9535,3328,3815,5134,8749,3293,3526,4061,4439,3170,3314,3528,3424,-16.4402,32.8825,8.96909,48.1533
48515,3135,3267,3398,3389,3171,3344,3864,3847,3521,4158,5131,5405,3529,4629,8921,8893,32.0913,15.0332,8.64461,47.7347
48516,3326,3452,3221,3115,3856,3867,3373,3305,6275,4753,3771,3318,12206,6042,3995,3367,25.597,-33.6001,8.63362,47.4947
48517,12489,6277,4008,3225,6289,4900,3867,3369,3911,3692,3351,3187,3300,3380,3250,3115,-27.5177,-26.765,8.75027,47.74
48518,12335,6323,4031,3391,6035,4797,3817,3373,3932,3727,3389,3186,3358,3401,3238,3117,-28.3099,-26.1116,8.75188,47.6333
48519,3446,3822,4120,3974,3710,4423,6300,4729,3601,4968,7564,5253,3505,4001,4635,4179,2.84448,7.97131,8.75729,48.1533
48520,3111,3416,3658,3860,3422,3722,4519,4772,3437,4150,7034,7465,3555,4059,5825,6417,11.4941,16.3033,8.66368,48.2813
48521,4603,6238,5822,4419,4564,6815,6302,4245,3693,4387,4079,3587,3321,3531,3351,3322,-13.5461,-1.44419,8.61158,48.186
48522,4589,6237,5339,4096,4701,7372,6054,3989,3895,4469,4153,3673,3546,3598,3422,3330,-12.6957,-3.20675,8.87215,48.3087
48523,3209,3345,3274,3286,3409,3640,3843,3551,3876,4717,5465,4586,4199,6690,9702,5658,25.2748,4.92225,8.91517,48.3
48524,4761,5458,4259,3624,5519,8299,5260,3750,4505,5134,4168,3502,3647,3822,3553,3192,-7.93773,-8.17166,8.99137,48.302
48525,3347,3854,5626,12638,3267,3783,4689,5940,3273,3298,3781,4015,3185,3270,3365,3496,-33.6707,30.0346,8.84311,47.218
48526,5819,5714,4140,3439,7050,7634,4374,3541,4806,4760,3737,3437,3661,3736,3375,3152,-10.2194,-14.2604,8.93264,48.25
48527,3462,4712,8765,8727,3404,4016,5166,5393,3355,3626,3870,3912,3089,3283,3436,3291,-32.7101,14.8703,8.61426,47.6713
48528,4466,4042,3537,3239,7497,4859,3699,3234,9063,5181,3708,3396,5209,4372,3618,3226,2.43534,-26.3113,8.86408,48.2307
48529,3360,4029,6461,12016,3382,3819,4917,6436,3261,3468,3827,4004,3046,3222,3292,3392,-24.3625,25.0974,8.74124,47.9547
48530,3108,3439,3674,3567,3548,3865,4926,4613,3611,4584,7765,6470,3527,4299,5861,5508,10.0527,12.4562,8.64478,48.2433
48531,3297,3489,3659,3625,3352,3887,4654,4408,3662,4884,7690,6112,3670,4473,6191,5507,11.2379,10.9666,8.65241,48.3733
48532,3694,5048,9727,8015,3583,4169,5270,5127,3267,3506,3796,3816,3182,3357,3410,3271,-29.7637,12.2844,8.81642,48.1587
48533,3419,3312,3213,3073,3842,3787,3667,3317,5468,5624,4258,3472,7866,8974,4940,3781,24.2425,-12.7443,8.67656,48.0087
48534,3229,3411,3302,3181,3594,3803,3868,3527,4108,5090,5372,4125,4761,8026,7888,4691,23.7321,0.129643,8.5812,47.984
48535,3489,4378,8160,9950,3374,3869,5042,5595,3259,3416,3858,3938,3083,3292,3467,3345,-31.9487,17.7871,8.57685,47.6767
48536,4903,4209,3524,3266,8448,5028,3724,3413,7944,5061,3883,3326,4711,4230,3612,3206,-0.695063,-27.9438,8.50119,48.3253
48537,4864,4216,3669,3291,8367,4845,3794,3348,8121,4963,3580,3332,4689,4151,3629,3208,-0.407392,-29.321,8.54452,48.0447
48538,3244,3381,3224,3146,4004,3737,3350,3324,5927,4791,3846,3456,12419,6045,3986,3375,28.5354,-33.955,8.55585,47.5033
48539,3790,3494,3301,3036,5077,4161,3645,3229,9738,5246,3900,3337,7692,5054,3766,3345,11.6487,-32.4806,8.55474,47.874
48540,4145,5426,5879,4431,4273,6216,7046,4553,3686,4189,4397,3841,3357,3524,3642,3453,-12.1363,1.81392,8.81933,48.0387
48541,3837,5159,9486,7136,3651,4349,5963,5234,3272,3572,3908,3809,3159,3255,3429,3324,-22.9665,10.8947,8.88876,48.362
48542,8755,8652,4627,3661,5648,5417,4001,3607,3911,3832,3505,3362,3365,3323,3196,3043,-24.55,-15.0173,8.89831,47.9367
48543,4010,3683,3479,3238,5964,4445,3540,3320,9895,5183,3735,3376,6346,4671,3751,3234,7.72822,-30.2806,8.80208,47.9133
48544,3431,3792,5337,8273,3434,3886,5394,9367,3213,3583,4112,4858,3091,3218,3558,3832,-13.2967,26.7466,8.79074,48.2527
48545,3890,4741,6266,4904,3788,5287,8023,5240,3510,4079,4590,4081,3233,3480,3643,3413,-11.6746,6.69085,8.83775,48.112
48546,3320,3794,4293,4338,3421,4122,6408,6192,3539,4193,6501,6342,3400,3690,4253,4592,0.338307,14.7119,8.71183,48.2653
48547,3375,3355,3266,3119,3660,3846,3738,3276,4783,5631,4547,3707,6179,9653,5936,3967,24.0142,-7.32758,8.90516,48.0253
48548,12465,5906,3910,3531,6474,4887,3763,3304,3877,3735,3460,3294,3411,3306,3278,3172,-25.3069,-30.0604,8.6542,47.8487
48549,5651,5204,3905,3324,8003,6924,4131,3522,5266,4811,3691,3288,3871,3677,3422,3253,-7.9598,-17.3753,8.82582,47.962
48550,3109,3315,3418,3468,3429,3672,3914,3815,3691,4545,6390,5121,3778,5424,8700,6385,19.7795,9.24364,8.65899,48.116
48551,3136,3207,3335,3463,3277,3609,3876,4223,3464,3844,5562,6994,3446,4146,6839,9708,19.5824,20.2417,8.82719,48.086
48552,3317,3314,3552,3443,3657,4057,4181,3713,4186,5749,6646,4563,4237,6085,7022,4817,16.0461,2.32238,8.79485,48.3593
48553,3267,3323,3312,3261,3659,3823,3566,3351,4491,5250,4637,3815,5880,9786,6431,4081,32.1546,-5.91505,8.99448,47.9553
48554,3223,3477,4119,4767,3277,3732,4861,8080,3338,3739,4958,8343,3296,3641,4146,4820,0.789356,28.7455,8.64731,47.878
48555,3322,3443,3415,3054,3654,3941,3783,3476,4537,5865,4954,3937,5397,8791,6812,4315,21.8483,-3.58609,8.91387,48.464
48556,3252,3370,3248,3006,3735,3860,3694,3315,5126,5768,4388,3656,6868,9806,5388,3856,24.0622,-9.85629,8.99826,48.224
48557,3481,3276,3197,3079,4033,3823,3325,3254,6511,4833,3786,3369,12185,5944,3992,3483,23.2823,-32.2209,8.78001,47.714
48558,3572,4323,6103,5503,3600,4592,7828,6507,3404,3832,4716,4393,3252,3465,3699,3689,-11.1914,12.7923,8.75513,48.3187
48559,3249,3200,3359,3272,3651,3901,3784,3489,4388,5476,4863,4074,5117,8700,7160,4414,23.0701,-2.4721,8.94903,48.0647
48560,5545,9377,7055,4304,4387,5172,4764,3909,3616,3676,3691,3546,3252,3329,3253,3262,-28.7755,-3.9849,8.62766,48.092
48561,4028,3788,3392,3167,5840,4468,3531,3323,9895,5268,3787,3345,6676,4785,3629,3287,8.21187,-31.2336,8.98561,48.1393
48562,3256,3464,3203,3082,3934,3810,3565,3241,6153,5066,3860,3354,11413,7276,4026,3424,25.4027,-21.1912,8.78719,48.0847
48563,4264,4508,3806,3376,5286,7047,4537,3699,5313,6852,4602,3600,4131,4306,3718,3422,-0.175641,-9.70377,8.93432,48.3113
48564,3371,3431,3302,3062,3959,3768,3394,3210,6007,4847,3662,3388,12700,6197,3934,3323,31.9515,-28.2362,8.75521,47.7033
48565,4011,4167,3888,3515,4696,6639,4761,3674,4984,7381,5049,3740,4130,4414,3952,3467,1.65947,-7.05882,8.95714,48.312
48566,3107,3308,3466,3553,3214,3518,4010,4624,3365,3796,5070,8460,3373,3816,5448,9677,16.3963,29.0327,8.88588,47.87
48567,7300,9618,5377,3770,5109,5306,4256,3601,3791,3876,3557,3276,3356,3442,3200,3168,-32.0284,-10.8198,8.58208,48.002
48568,3441,3634,3649,3450,3888,4698,4630,3952,4282,6818,7166,4258,4188,4960,5069,4062,8.44442,0.292793,8.64046,48.0967
48569,3962,3721,3229,3195,5715,4272,3647,3279,10155,5240,3813,3355,6835,4662,3723,3410,8.80278,-29.3054,8.9091,48.142
48570,5995,7244,4811,3635,5711,7201,4596,3724,4200,4420,3804,3472,3474,3599,3408,3241,-15.1962,-10.3994,8.56907,48.3567
48571,3342,3520,3343,3215,3649,3899,3621,3416,4726,5277,4448,3807,6028,9733,5871,4011,33.6685,-7.65214,8.62155,47.9373
48572,3352,3704,4305,4307,3570,4166,6443,5892,3526,4214,6928,6025,3396,3828,4433,4350,0.909884,12.9343,8.95739,48.2927
48573,3372,3319,3164,3171,4041,3826,3354,3270,6550,4943,3849,3314,12008,6348,3923,3486,24.976,-24.7,8.85372,47.9587
48574,3735,3708,3462,3295,4587,4525,3750,3417,7119,7198,4347,3559,6092,5907,4131,3456,11.3665,-14.9894,8.58923,48.192
48575,3408,3347,3253,3057,3858,3820,3560,3328,5242,5114,4070,3432,8566,9347,4903,3592,31.8295,-13.7298,8.95432,47.9313
48576,3133,3313,3606,3381,3231,3432,3825,3811,3469,3936,5084,5641,3453,4249,7867,10302,33.0415,18.4914,8.66078,47.822
48577,3029,3290,3410,3334,3149,3493,3900,3923,3325,3973,4973,5913,3437,4119,7809,10534,28.6746,19.0917,8.77845,47.7407
48578,3588,3574,3432,3189,4773,4266,3518,3286,8094,6261,4030,3440,7390,5973,4125,3310,13.7568,-19.3645,8.64038,48.166
48579,3215,3207,3304,3208,3444,3689,3798,3712,3863,4477,5328,4646,4055,6195,10013,5979,33.8762,6.55748,8.99103,48.0887
48580,3586,3869,4577,4232,3657,4938,7646,5114,3659,4681,6417,4698,3462,3745,4108,3896,-2.49446,7.58197,8.989,48.19
48581,3117,3229,3626,3547,3355,3544,3984,4566,3399,3870,5465,8230,3419,3952,5878,8970,16.1648,22.8943,8.95244,48.1007
48582,3084,3347,3636,3709,3330,3565,4131,4774,3409,3883,5553,9003,3315,3919,5463,8132,13.9777,23.8927,8.60688,48.1687
48583,3747,3540,3154,3124,5016,4134,3507,3170,9475,5173,3815,3415,8377,5185,3914,3419,13.0193,-30.7147,8.96981,48.11
48584,3370,3651,4137,4007,3611,4510,6338,4864,3576,4543,7613,5495,3526,3983,4706,4326,2.48746,9.43632,8.95061,48.1707
48585,3200,3221,3457,3472,3314,3704,3998,4367,3478,3825,5051,7625,3293,3893,5710,10399,19.0399,31.6087,8.51229,48.0047
48586,3213,3474,3609,3772,3456,3949,5063,4717,3577,4615,7930,6382,3513,4168,5523,5115,8.2268,11.6626,8.53685,48.0507
48587,3495,3770,4930,5287,3427,4169,6914,7833,3435,3817,5178,5700,3210,3522,3935,3942,-5.58014,16.939,8.77664,48.376
48588,3325,3477,3463,3394,3664,4026,3991,3769,4435,6514,6116,4229,4546,6766,6178,4447,15.7242,-1.2707,8.87586,48.2267
48589,3611,3496,3296,3075,4422,3982,3439,3258,8120,5127,3885,3394,9878,5650,3866,3361,17.4663,-27.8421,8.61279,47.9067
48590,4490,4037,3590,3259,7606,4715,3757,3355,8654,5123,3833,3371,4973,4306,3537,3319,1.54271,-33.1812,8.76512,47.95
48591,3351,3702,3903,3880,3567,4365,5645,4571,3820,4980,8058,5380,3553,4168,5056,4494,4.92448,8.30456,8.85277,48.3287
48592,5035,4733,3753,3265,7758,6559,4091,3496,6238,5326,3810,3373,4207,3962,3478,3282,-3.8119,-17.9497,8.74145,48.244
48593,3134,3398,3718,3945,3199,3591,4702,5350,3418,3961,6258,8842,3324,3881,5081,6295,8.71857,20.3365,8.81997,48.0647
48594,7723,9403,5058,3733,5221,5610,4213,3593,3758,3731,3619,3354,3396,3284,3295,3046,-24.7988,-12.2455,8.81133,48.0247
48595,7492,5021,3826,3277,9549,5461,3873,3388,5256,4134,3506,3299,3686,3655,3289,3077,-11.5093,-28.2089,8.74855,47.8593
48596,3120,3276,3315,3382,3282,3510,3869,4118,3327,3785,4933,6041,3471,3856,6416,12115,27.6351,24.6584,8.80765,47.8773
48597,3134,3249,3493,3381,3461,3545,3902,3810,3736,4354,5764,4944,3842,5408,9500,6765,23.808,9.63366,8.74958,48.192
48598,6791,9214,5233,3894,5183,6062,4452,3703,3867,3926,3674,3348,3361,3447,3369,3063,-21.9634,-9.99209,8.70598,48.3913
48599,6166,5851,4201,3594,7356,7162,4282,3434,4748,4603,3874,3355,3664,3677,3380,3160,-11.2356,-15.4854,8.5526,48.338
48600,9527,8721,4500,3556,5407,5152,4020,3390,3861,3886,3385,3341,3387,3352,3273,3104,-32.865,-16.0723,8.91073,47.908
48601,3397,4008,5651,11799,3384,3840,4852,7011,3195,3517,3792,4036,3048,3258,3306,3397,-22.5525,31.0783,8.57593,47.6607
48602,3509,4192,7485,10844,3440,3885,5003,5696,3168,3563,3822,4028,3075,3257,3442,3433,-30.1329,19.8733,8.51723,47.8947
48603,10913,7407,4181,3510,5870,4860,3902,3298,3892,3852,3511,3374,3425,3359,3218,3119,-29.0267,-20.2034,8.64438,47.794
48604,12017,6060,3935,3405,6823,4907,3843,3303,4006,3788,3530,3135,3393,3367,3171,3021,-24.0212,-28.7384,8.81013,47.8027
48605,3233,3425,3253,3286,3611,3815,3601,3461,4488,5199,4562,3963,5823,9564,6699,4228,29.1921,-4.83168,8.70061,48.1407
48606,3161,3624,3908,3918,3296,3823,4775,5600,3404,4088,6670,8105,3454,3993,4939,5587,6.85931,18.194,8.57407,48.23
48607,3244,3248,3372,3242,3414,3693,3696,3791,3949,4566,5195,4581,4025,6271,9716,5945,31.7565,6.23449,8.56445,47.9653
48608,12617,5913,3834,3388,5978,4658,3677,3379,3815,3750,3523,3334,3369,3383,3293,3104,-31.6841,-30.7845,8.87651,47.3433
48609,4488,7056,9133,5372,4040,4756,5065,4455,3502,3736,3795,3651,3163,3338,3417,3305,-33.4234,3.25874,8.80777,48.1813
48610,3181,3180,3357,3399,3195,3418,3806,3991,3395,3812,4797,6550,3394,3987,5863,12323,24.9027,30.382,8.72341,47.7653
48611,3278,3422,3707,3661,3536,4276,5063,4370,3729,5042,8221,5434,3691,4479,5733,4727,7.9834,8.28151,8.78092,48.246
48612,3409,3413,3332,3185,3729,3722,3735,3527,4659,5185,4673,3920,5700,9366,6544,4222,31.1525,-5.00686,8.524,48.214
48613,3325,3640,4380,5224,3420,3956,5274,9092,3334,3751,4742,7060,3250,3420,3874,4237,-3.46444,33.6398,8.62765,47.986
48614,3159,3234,3411,3374,3455,3740,3760,3752,3738,4380,5093,4758,3723,5771,10078,6572,30.8966,8.40052,8.95023,47.9987
48615,3217,3304,3521,3559,3350,3778,4465,4154,3646,4682,7801,5821,3818,4650,6824,5674,13.1826,10.173,8.77224,48.176
48616,11946,6621,3930,3435,6033,4933,3824,3378,3996,3939,3540,3156,3422,3457,3248,3178,-33.6954,-23.9739,8.55658,48.024
48617,4013,4843,4913,4019,4350,6997,6869,4234,3856,5003,4811,3939,3580,3799,3777,3494,-6.61254,-0.627521,8.88213,48.3313
48618,3484,3819,4197,3855,3761,4901,6524,4567,3956,5146,7090,4901,3640,4022,4433,4036,1.50182,5.70558,8.5951,48.2213
48619,3380,3364,3294,3137,3609,3795,3569,3368,4940,5224,4281,3685,7321,9937,5328,3772,30.4807,-10.2827,8.9286,48.0027
48620,3898,3790,3479,3259,5846,4784,3688,3275,8608,6294,4035,3375,5779,4885,3776,3390,6.59061,-20.3882,8.65874,48.1073
48621,3203,3516,4377,5246,3273,3742,5094,9199,3378,3784,4831,7442,3192,3437,4049,4383,-2.84225,26.0448,8.97979,48.0973
48622,3223,3224,3418,3330,3255,3535,3760,3793,3522,4149,5249,5044,3703,5127,9535,7793,28.4879,12.2995,8.78169,47.7733
48623,6913,5365,3917,3471,8949,6062,3951,3433,5191,4379,3599,3232,3797,3701,3303,3186,-10.779,-21.2839,8.83342,48.2993
48624,3446,3355,3260,3260,3927,3700,3459,3211,5910,4751,3647,3386,12422,6051,3881,3432,32.2251,-28.4679,8.56869,47.3987
48625,3157,3211,3324,3376,3250,3484,3855,4079,3470,3850,4889,6957,3455,3916,5905,11521,22.3291,29.5594,8.71096,47.7993
48626,3783,3989,3839,3631,4246,5955,5346,3967,4390,6978,5825,3946,3917,4571,4313,3739,1.97738,-2.67308,8.93971,48.29
48627,3486,3366,3190,3179,4099,3948,3578,3337,6034,5393,3984,3402,9221,7858,4468,3634,22.7977,-17.0768,8.75696,48.118
48628,4300,5217,4575,3865,4792,7767,6020,3938,4154,5054,4480,3590,3609,3769,3756,3510,-7.4169,-4.00057,8.7881,48.264
48629,3444,4161,7265,11055,3468,3895,5211,5922,3189,3448,3969,3953,3029,3287,3365,3357,-33.1768,20.5625,8.74336,48.012
48630,3150,3451,3825,4035,3270,3632,4653,6115,3359,3928,5897,9566,3299,3645,4672,5971,6.63254,23.4134,8.77041,48.312
48631,3432,3900,5441,8153,3373,3981,5765,8883,3254,3559,4178,4755,3165,3367,3591,3649,-13.7776,23.4692,8.64122,48.2973
48632,7811,9057,4941,3734,5355,5677,4247,3600,3826,3824,3659,3218,3394,3448,3293,3151,-23.0322,-12.8713,8.95788,48.1567
48633,3358,3334,3180,3160,3862,3743,3516,3281,6149,4800,3832,3372,12576,6144,4032,3405,26.6416,-32.9826,8.70954,47.8293
48634,3586,4379,6855,7372,3586,4211,6444,6781,3344,3615,4311,4415,3240,3333,3456,3498,-15.9407,15.9883,8.71478,48.284
48635,11196,7169,4209,3407,6073,4853,3946,3367,3915,3839,3387,3215,3443,3392,3251,3093,-33.8207,-21.2187,8.58385,47.8367
48636,3359,3853,5897,12648,3303,3686,4766,6015,3239,3359,3751,3868,3132,3259,3357,3431,-33.0512,32.3991,8.94016,47.282
48637,4844,4372,3582,3289,7720,5718,4051,3439,7213,5485,3816,3386,4464,4167,3579,3233,-0.920728,-20.3636,8.94965,48.2387
48638,3519,3989,4224,4021,3836,4988,6958,4594,3786,4968,6577,4750,3519,3929,4438,4052,-0.160319,5.78178,8.64537,48.0987
48639,3399,3573,3424,3188,4193,4671,3930,3467,5494,7820,4947,3872,5216,6644,4680,3781,12.5394,-8.5435,8.81777,48.1993
48640,3111,3156,3354,3381,3215,3636,3797,3946,3555,3859,4880,5929,3394,4157,7105,11393,30.8766,21.6805,8.53586,47.912
48641,3179,3239,3411,3355,3284,3374,3745,3943,3364,3813,4573,6127,3359,3843,5933,12218,33.2851,30.4079,8.52673,47.1733
48642,12448,6570,4016,3351,6130,4821,3756,3429,3891,3778,3415,3097,3350,3315,3201,3052,-28.7094,-25.3318,8.89008,47.7467
48643,12011,5904,3914,3312,6628,4915,3871,3347,3975,3776,3462,3177,3353,3386,3179,3054,-23.687,-29.8994,8.91472,47.5093
48644,4933,8682,7904,4579,4229,5105,4800,3990,3651,3776,3698,3517,3252,3328,3282,3208,-28.0855,-1.34715,8.85285,47.956
48645,3149,3504,4295,5153,3396,3589,4992,8955,3313,3713,4757,7557,3182,3537,4070,4641,-2.16741,30.086,8.83275,47.8687
48646,10528,5982,3922,3342,7563,5189,3896,3408,4310,3999,3418,3158,3392,3413,3292,3140,-19.5518,-25.2528,8.51445,47.968
48647,10615,7122,4274,3576,6497,5328,3873,3392,4084,3717,3496,3223,3350,3323,3246,3117,-22.6717,-20.1588,8.89331,48.1553
48648,3550,3527,3233,3033,4707,4135,3648,3134,8859,5454,3912,3363,8944,5597,3876,3365,15.0951,-25.536,8.67137,48.2247
48649,11965,6624,4002,3429,6042,4878,3776,3410,3868,3776,3453,3158,3505,3324,3119,3145,-31.5814,-23.4003,8.61419,47.6493
48650,3364,3854,5458,7933,3360,3902,5589,9103,3327,3473,4114,4937,3171,3335,3576,3647,-12.9691,25.1048,8.84219,48.0953
48651,3679,4192,4651,4129,3957,5749,7293,4744,3839,4893,5904,4257,3606,3805,4094,3785,-3.16427,4.02428,8.97506,48.3847
48652,3336,3310,3177,3127,3968,3796,3534,3285,5747,5325,4076,3508,9598,8206,4480,3560,25.3831,-16.9052,8.97718,48.022
48653,4781,6577,5905,4241,4570,6872,6034,4109,4020,4208,3894,3638,3368,3556,3483,3320,-14.6082,-2.26564,8.57726,48.384
48654,3092,3337,3593,3650,3341,3635,4255,4739,3387,4061,6158,8277,3485,4024,5813,7263,12.898,19.6425,8.81139,48.0733
48655,4987,5334,4061,3454,6442,7895,4518,3727,4982,5217,3994,3425,3787,3854,3497,3214,-6.94517,-12.3407,8.85271,48.2587
48656,3137,3248,3304,3355,3204,3517,3838,3941,3332,3925,4879,6059,3404,4078,6825,11566,30.1822,22.7916,8.64067,47.7413
48657,3830,3973,4255,3846,3881,5571,6278,4400,4021,5464,6566,4314,3674,4089,4272,3869,0.173922,2.603,8.97143,48.202
48658,3175,3212,3371,3531,3261,3470,3892,4276,3364,3819,5374,7421,3400,3984,6498,9888,18.9915,21.5907,8.9616,47.9573
48659,3131,3265,3433,3361,3286,3500,3797,3794,3546,4084,5323,5381,3561,4807,8894,8842,29.8349,14.8926,8.68625,48.0033
48660,5754,6527,4307,3589,6347,7552,4609,3590,4381,4496,3837,3512,3564,3561,3427,3091,-12.7528,-12.0558,8.97801,48.096
48661,3649,4799,9148,8834,3574,4081,5137,5276,3380,3546,3763,3900,3039,3217,3449,3352,-28.0096,14.3622,8.68173,48.096
48662,3373,4002,6087,12441,3337,3767,4830,6646,3202,3440,3760,4078,3124,3129,3304,3401,-24.4903,28.0577,8.94429,47.9473
48663,3211,3221,3392,3402,3338,3518,3824,3862,3542,4151,5353,5367,3442,4866,9348,8160,33.7311,13.3981,8.85362,47.998
48664,4464,4269,3673,3302,6028,6242,4026,3455,6362,6677,4191,3470,4653,4616,3863,3304,1.40476,-14.3585,8.54131,48.3967
48665,6321,6709,4242,3561,6490,7004,4343,3688,4412,4357,3791,3394,3572,3538,3393,3232,-14.167,-13.3149,8.62859,48.0313
48666,3664,4786,8690,7590,3621,4095,6265,5725,3278,3646,4058,4029,3109,3287,3409,3381,-20.4956,13.0046,8.93281,48.422
48667,11033,7317,4159,3481,6164,4989,3835,3366,3922,3831,3503,3309,3450,3304,3233,3053,-25.1715,-20.677,8.90827,47.966
48668,12121,6806,4035,3397,5946,4868,3727,3389,3796,3718,3393,3320,3401,3316,3187,3024,-28.4573,-23.8807,8.85813,47.6293
48669,3074,3194,3474,3365,3212,3541,3833,3841,3475,3925,5278,5795,3525,4391,7888,10218,27.5257,18.2895,8.50581,48.0193
48670,5402,6706,4828,3805,5625,7669,4786,3713,4118,4472,3923,3366,3531,3559,3433,3145,-13.1207,-9.00486,8.69272,48.054
48671,3329,3713,4536,5096,3447,4076,6375,8056,3357,3828,5345,6383,3183,3481,3885,4123,-3.78568,18.3307,8.67088,48.142
48672,3301,3928,5938,12133,3410,3872,4681,6667,3302,3408,3803,4093,3229,3195,3372,3282,-23.502,33.7856,8.9714,47.7427
48673,3380,3951,5375,7621,3383,3919,5568,9033,3229,3514,4289,5023,3060,3343,3670,3622,-12.2812,23.5727,8.59037,47.9867
48674,5822,6491,4532,3639,6178,7806,4588,3567,4283,4380,3891,3308,3562,3554,3432,3236,-12.6121,-11.7074,8.97191,48.1793
48675,3210,3282,3272,3332,3283,3563,3757,3831,3444,4037,5182,5519,3553,4556,8600,9618,31.4239,16.3616,8.73608,48.026
48676,3820,5291,9400,7117,3610,4291,5749,5080,3323,3641,3830,3764,3073,3231,3446,3375,-23.9468,10.8657,8.64767,48.0273
48677,3369,3456,3389,3372,3733,4105,4061,3545,4322,6374,5960,4258,4618,6935,6362,4393,16.4027,-0.945753,8.80482,48.168
48678,3728,5125,9410,7904,3544,4205,5366,5029,3377,3648,3846,3847,3210,3244,3456,3439,-29.3603,12.334,8.53218,48.252
48679,3858,3678,3346,3202,5085,4363,3625,3280,8980,6002,3910,3355,7365,5386,3893,3304,11.9137,-21.9969,8.53604,48.4213
48680,3537,4229,7641,9839,3470,3946,5247,6068,3282,3514,3851,3973,3029,3273,3496,3390,-24.0136,18.4659,8.57041,47.8567
48681,3651,4785,9040,8282,3504,4243,5593,5487,3365,3415,3906,3859,3072,3277,3365,3349,-23.4721,14.0911,8.81875,48.1287
48682,3438,3364,3201,3085,3923,3913,3494,3251,5631,5032,3938,3419,10903,7766,4341,3451,31.1357,-19.2007,8.85905,48.1
48683,3636,3577,3266,3095,4410,4308,3698,3375,7429,6974,4102,3468,6807,6171,4217,3471,13.3685,-16.2995,8.78163,48.0027
48684,3381,3911,4801,4761,3555,4203,6911,7189,3475,4036,5592,5842,3251,3606,4004,4160,-3.96533,15.9707,8.59868,48.452
48685,10246,7430,4266,3469,6491,5245,4048,3472,4023,3999,3490,3238,3442,3415,3227,3138,-22.2385,-19.6478,8.86054,48.426
48686,3419,3437,3352,3150,3919,4031,3854,3383,5104,6514,4772,3813,5992,8606,5183,3841,19.1246,-8.81067,8.85044,48.2467
48687,3419,3931,5868,9438,3399,3837,5335,7984,3196,3471,3938,4479,3062,3312,3498,3522,-17.7234,23.6125,8.51924,47.7927
48688,3612,4009,3801,3450,3987,5433,4754,3848,4723,7312,6012,4033,4037,4780,4401,3935,4.84844,-2.59101,8.73258,48.0847
48689,3173,3429,3571,3646,3507,3939,4527,4364,3683,4648,7844,6026,3671,4582,6313,5525,12.1273,10.6576,8.81123,48.2987
48690,3768,3758,3373,3252,5728,4495,3678,3325,9915,5300,3778,3403,6447,4680,3759,3279,8.23378,-33.7194,8.86246,47.9587
48691,3321,3763,4539,5806,3295,3918,5651,9038,3209,3651,4626,6327,3192,3522,3885,4061,-5.68095,23.0784,8.54173,47.8693
48692,3370,3307,3357,3037,3876,3834,3294,3185,6023,4651,3583,3415,12724,5877,4002,3430,30.9351,-31.1337,8.89283,47.31
48693,3357,3787,5260,8414,3312,3793,5188,9700,3240,3465,4077,4928,3108,3338,3464,3652,-13.4559,30.3622,8.90051,48.0553
48694,3200,3283,3486,3531,3329,3646,4082,4349,3570,4227,6537,6851,3498,4447,7005,7424,16.3163,15.7105,8.85438,48.31
48695,3413,4219,7226,11310,3445,3857,4977,5980,3274,3507,3716,3867,3097,3265,3295,3291,-27.1713,20.894,8.9571,47.826
48696,12658,6007,3998,3424,5841,4694,3767,3342,3861,3629,3291,3220,3289,3341,3256,3120,-30.1272,-33.9272,8.92123,47.1587
48697,3585,3748,3391,3337,4633,4841,4017,3434,6105,7895,4722,3634,5286,6038,4234,3542,10.144,-11.5478,8.52045,48.2947
48698,7459,5484,3813,3376,8751,5985,4027,3351,4948,4099,3546,3307,3760,3621,3352,3113,-12.3872,-21.2797,8.60344,47.9947
48699,4763,6954,5813,4108,4682,6983,5671,3947,3844,4195,4026,3643,3422,3552,3473,3308,-14.6809,-3.60187,8.6681,48.256
48700,3141,3433,3460,3382,3703,3955,4144,3843,4060,5600,6639,4551,4302,6221,7220,4797,16.4038,2.9499,8.88469,48.3007
48701,8245,9273,4711,3644,5331,5171,4272,3523,3783,3870,3553,3362,3303,3369,3232,3112,-33.5963,-13.5735,8.8649,47.836
48702,3341,3451,3223,3142,3862,3765,3463,3323,5950,4999,3969,3352,11455,7157,4149,3449,28.4499,-21.7543,8.67653,48.0333
48703,5309,9095,7209,4364,4340,5077,4649,3943,3665,3752,3746,3510,3249,3358,3365,3188,-31.5637,-3.18636,8.62058,47.8793
48704,3036,3177,3376,3489,3233,3351,3781,3973,3447,3697,4841,6293,3372,3921,6169,12355,26.6942,28.0497,8.57456,47.674
48705,3242,3708,4642,6228,3328,3723,5259,9960,3320,3713,4416,6077,3268,3405,3751,3879,-7.3335,30.6795,8.93338,47.946
48706,3140,3418,3628,3633,3373,3689,4353,4657,3563,4132,6650,7798,3499,4124,5827,6868,12.6141,17.5567,8.64801,48.2347
48707,3276,3318,3328,3213,3432,3697,3786,3601,4111,4954,5048,4196,4605,7980,8586,4958,29.4441,1.00491,8.81663,48.0593
48708,3246,3638,4148,4774,3341,3744,4951,8411,3404,3682,4824,8077,3250,3546,4157,4818,-0.199166,32.5612,8.62736,48.0073
48709,3890,5398,7784,5551,3780,5038,7114,5113,3393,3780,4138,3865,3227,3336,3439,3395,-16.5971,7.28425,8.88223,48.1607
48710,3166,3187,3474,3426,3233,3410,3691,3810,3266,3675,4643,5885,3433,3921,6061,12551,30.7807,33.4811,8.69057,47.2213
48711,3246,3383,3800,4001,3324,3652,4405,5778,3331,3891,5616,9610,3213,3740,4828,6516,8.42628,24.242,8.70224,48.2227
48712,3604,4326,5861,5297,3633,4811,7990,6198,3552,3906,4868,4411,3252,3409,3721,3649,-9.95776,11.0529,8.66499,48.3253
48713,6069,9693,6121,4029,4768,5315,4462,3782,3754,3909,3648,3422,3335,3373,3342,3157,-27.8055,-6.88262,8.68735,48.1193
48714,3332,3612,3914,3956,3559,4490,5902,4748,3681,4856,7682,5401,3567,3939,4802,4427,3.8728,8.38413,8.68345,47.912
48715,3066,3144,3332,3339,3259,3379,3883,4091,3316,3798,5066,6699,3372,4143,6507,11575,23.7024,23.8665,8.8825,47.9793
48716,4338,4001,3442,3157,7010,4688,3750,3317,9236,5094,3835,3411,5425,4473,3502,3297,4.07957,-27.9761,8.58599,47.984
48717,3443,3510,3270,3174,4034,4053,3651,3214,5499,6465,4387,3610,6949,8256,4789,3686,19.0593,-11.6226,8.63727,47.9933
48718,3367,4032,5604,11015,3460,3773,4971,7525,3256,3426,4014,4263,3081,3162,3378,3470,-19.9528,30.8443,8.92944,47.8647
48719,9540,5436,3930,3379,8322,5127,3817,3517,4462,4091,3528,3231,3525,3489,3285,3175,-16.3658,-31.4811,8.54952,47.9027
48720,3051,3265,3443,3402,3277,3477,4002,4439,3358,3772,5129,8462,3384,3833,5460,9549,16.1873,32.0145,8.76154,47.5353
48721,3137,3255,3382,3237,3499,3732,3904,3850,3769,4601,5988,4886,3868,5729,9423,6158,22.5639,7.85847,8.927,48.2787
48722,3635,3671,3397,3122,4772,4088,3522,3212,8643,5781,3926,3434,8141,5693,3870,3413,14.1596,-21.8547,8.91665,48.2133
48723,3179,3311,3368,3398,3250,3465,3908,3930,3336,3704,4722,6047,3335,3857,5957,12677,33.9983,27.668,8.81195,47.6293
48724,3609,4327,6861,6524,3569,4415,7187,6540,3302,3619,4206,4381,3191,3375,3622,3613,-14.5999,13.344,8.86132,48.2273
48725,3103,3328,3462,3624,3121,3503,3961,4726,3396,3827,5242,9065,3427,3884,5287,8673,14.3279,30.8504,8.75443,47.7527
48726,3267,3340,3365,3358,3475,3667,3830,3646,3815,4717,5817,4464,4114,6322,9126,5739,23.288,5.377,8.50616,48.0413
48727,3332,3370,3214,3197,4255,3890,3464,3203,7441,4923,3872,3363,10646,5946,3950,3431,19.9321,-32.4312,8.56641,47.6647
48728,3377,3444,3210,3138,4276,4011,3546,3328,7629,5554,3941,3310,9573,6266,3917,3355,18.2067,-22.0695,8.78869,47.9167
48729,3425,3373,3324,3058,4133,3857,3528,3243,6873,5057,3792,3424,11583,6095,3798,3341,22.1385,-26.7244,8.80353,47.936
48730,3752,4749,6465,5260,3806,5019,7970,5374,3555,4014,4467,4116,3242,3515,3635,3446,-12.2769,7.77384,8.72697,48.2567
48731,7539,6409,4153,3454,7348,6419,4217,3506,4537,4320,3680,3281,3557,3513,3296,3107,-14.8949,-17.3285,8.81966,48.224
48732,3365,3852,5206,7486,3339,3690,5503,9603,3291,3697,4257,5187,3114,3243,3523,3772,-11.9558,25.1678,8.76205,48.0853
48733,3277,3562,3670,3662,3563,4085,4966,4323,3763,5064,8263,5785,3589,4465,5772,4821,9.42723,9.0063,8.80094,48.42
48734,3341,3287,3280,3116,3642,3814,3699,3517,4263,5298,5069,4096,4852,8422,7441,4619,24.3129,-1.64695,8.52034,47.8373
48735,10108,6032,3811,3300,8032,5297,3867,3447,4352,3932,3605,3168,3523,3394,3198,3102,-18.283,-24.274,8.91449,48.112
48736,3188,3212,3359,3404,3280,3431,3754,3991,3550,3826,4879,6510,3452,3848,5973,11994,24.4609,32.3217,8.65282,47.7673
48737,4371,4490,3709,3466,6108,6831,4307,3543,5850,6578,4234,3520,4342,4268,3759,3321,-0.79296,-13.1626,8.88509,48.4647
48738,3348,3422,3220,3245,3824,3823,3436,3290,5985,4604,3780,3298,12277,5970,3805,3436,32.4535,-33.4088,8.61678,47.1753
48739,3408,3345,3226,3128,3852,3833,3394,3293,5444,5317,4124,3564,8611,8908,4789,3662,27.1423,-14.3221,8.55395,47.932
48740,3349,3415,3253,3185,4005,3790,3454,3244,5709,5101,3938,3410,10482,7873,4253,3390,32.2583,-18.7529,8.69818,47.9007
48741,3412,3330,3291,3137,4068,3892,3545,3292,6474,5304,3907,3439,10316,7024,4251,3503,21.7518,-20.4464,8.83537,48.1233
48742,3083,3382,3317,3415,3502,3772,4253,3929,3732,4771,6946,5185,3827,5325,7806,5762,17.0481,8.04612,8.66096,48.0047
48743,3037,3294,3496,3749,3301,3577,4256,4829,3379,4032,5983,8261,3365,3990,5730,7910,13.7062,20.4616,8.57715,48.126
48744,10459,7844,4295,3450,6030,5114,4000,3438,3991,3896,3498,3337,3375,3304,3323,3031,-25.9097,-18.9938,8.93788,48.2567
48745,3186,3319,3374,3400,3330,3606,3796,3684,3789,4244,5269,4811,3917,5698,10013,6751,30.0932,8.87643,8.84336,48.1247
48746,9837,5553,3875,3497,8312,5092,3774,3375,4458,4085,3479,3220,3503,3550,3205,3128,-17.2834,-32.6402,8.91298,47.962
48747,3361,3395,3378,3137,3901,3892,3726,3359,5002,6159,4509,3733,6126,8692,5616,3867,21.1299,-7.79027,8.51062,47.902
48748,10901,7572,4363,3330,5903,4952,3914,3404,3922,3712,3405,3170,3410,3336,3261,3155,-29.0203,-19.5689,8.74118,47.8067
48749,9457,8708,4588,3470,5578,5040,4044,3499,3865,3741,3584,3317,3356,3487,3245,3135,-27.9267,-16.1488,8.99792,48.076
48750,3289,3390,3345,3237,3671,3812,3788,3532,4409,5431,5174,4210,4930,8239,7434,4577,22.7802,-1.18759,8.54954,48.312
48751,3141,3332,3646,3551,3258,3636,4158,4571,3391,3960,5818,7937,3363,4012,6161,8125,15.4019,20.1765,8.6715,48.04
48752,3122,3263,3328,3194,3397,3685,3796,3693,3787,4510,5184,4839,3928,6004,10019,6519,30.0116,8.15067,8.8729,48.1787
48753,4433,4041,3403,3188,7230,4808,3671,3392,9135,5145,3785,3280,5282,4432,3584,3253,2.89184,-26.514,8.87747,48.0413
48754,3262,3625,4112,4572,3233,3731,5092,7374,3406,3780,5738,8115,3368,3513,4351,4977,1.8268,22.4635,8.5353,48.166
48755,3887,3609,3380,3148,5495,4458,3663,3285,9242,5718,3785,3419,6662,4948,3838,3324,9.42799,-23.4054,8.54206,47.9073
48756,3298,3750,4598,5364,3337,4021,5994,8306,3231,3869,5061,6411,3139,3489,3904,4204,-3.80057,20.5879,8.51039,47.984
48757,5228,4391,3619,3224,9109,4999,3875,3483,7318,4792,3638,3308,4328,3788,3499,3248,-2.74482,-32.0405,8.62964,47.898
48758,10070,6378,3977,3399,7427,5285,3865,3471,4361,3950,3630,3266,3394,3385,3229,3027,-19.0679,-22.3099,8.71578,48.076
48759,3233,3279,3394,3394,3279,3370,3691,4009,3360,3751,4803,5983,3378,3945,6304,12386,30.9136,25.9517,8.79357,47.706
48760,3246,3532,4077,4609,3368,3853,5248,7384,3347,3831,5594,8214,3357,3560,4332,4899,1.76319,21.5642,8.96466,48.3007
48761,6361,9467,5627,3960,4762,5929,4465,3745,3802,3841,3608,3440,3291,3417,3206,3224,-23.3095,-7.98221,8.91318,48.0967
48762,5217,8502,6278,4248,4536,6291,5154,3897,3697,4001,3827,3631,3195,3448,3373,3227,-19.4209,-4.06066,8.968,48.348
48763,3513,3387,3264,3071,4173,4029,3558,3319,6368,5884,4027,3531,8514,7496,4395,3564,19.5796,-16.5868,8.9605,48.062
48764,3258,3585,4200,4714,3409,3678,4892,8422,3322,3850,4955,8268,3294,3474,4086,4619,0.00381958,31.9882,8.73621,48.0173
48765,3447,3386,3191,3192,4172,3981,3422,3183,6749,5454,3996,3388,9935,6999,4139,3449,20.3807,-19.9937,8.98249,48.0553
48766,3889,5895,10000,6313,3788,4477,5328,4749,3328,3613,3770,3718,3156,3237,3324,3377,-31.5721,7.68654,8.75284,47.9747
48767,3196,3451,4040,4175,3280,3786,4996,6859,3454,3789,5779,8737,3272,3654,4539,5250,3.47034,22.6319,8.71229,48.1713
48768,3470,3413,3341,3157,4085,4236,3752,3453,6390,6618,4357,3565,7168,7215,4429,3434,16.5617,-14.3444,8.53776,48.0553
48769,3174,3298,3397,3452,3292,3529,3752,3843,3543,4206,5278,5086,3793,5059,9614,7934,30.6268,12.141,8.90075,48.1667
48770,3230,3520,3791,3732,3535,4116,5351,4862,3646,4540,7791,6296,3475,4219,5154,4950,6.44056,11.9718,8.90887,48.1387
48771,4643,4401,3757,3455,6744,6706,4165,3498,5932,5886,4030,3486,4218,4223,3611,3287,-2.17699,-15.2824,8.75987,48.028
48772,3577,3518,3370,3160,4741,4275,3620,3237,9172,5150,3810,3325,8384,5229,3888,3375,13.6608,-33.2395,8.73442,47.8873
48773,3849,5021,7638,5661,3746,4848,7297,5476,3395,3839,4228,3977,3299,3379,3469,3460,-16.1473,8.4108,8.99827,48.388
48774,3357,4029,6100,10812,3348,3861,5122,7350,3240,3491,3811,4184,3138,3189,3498,3527,-20.5522,24.8642,8.55871,48.038
48775,3357,3519,3413,3171,3888,4008,3719,3303,5087,6449,4746,3659,6003,8711,5405,3933,19.2869,-8.61483,8.87042,48.2473
48776,3588,4556,8929,9134,3492,4208,5184,5561,3330,3536,3824,3954,3021,3217,3376,3346,-25.9772,15.0668,8.75191,48.1707
48777,8604,6158,3996,3376,8060,5671,3908,3467,4527,4138,3565,3237,3587,3533,3245,3063,-16.0602,-21.2155,8.56657,48.09
48778,7199,5185,3864,3256,9622,5656,3827,3421,5245,4224,3628,3186,3751,3632,3324,3228,-10.6669,-24.4614,8.80053,48.1653
48779,3248,3434,3313,3228,3673,3917,3762,3362,4356,5719,5111,4115,5046,8362,7087,4402,22.1517,-2.26136,8.88495,48.09
48780,3259,3612,4053,4363,3387,3631,4765,7449,3250,3770,5069,9068,3404,3632,4500,5164,3.11177,32.6533,8.6527,48.2507
48781,3891,3725,3269,3109,5541,4213,3598,3284,9869,5220,3796,3315,7191,4868,3807,3373,9.8598,-29.1899,8.87867,48.046
48782,3547,3778,4046,3680,3830,4988,5839,4393,4008,5919,7316,4676,3676,4207,4464,4057,3.03296,3.13071,8.96633,48.2827
48783,3184,3340,3342,3234,3382,3696,3777,3724,3933,4836,5502,4480,4283,6598,9151,5546,24.4283,4.5407,8.76426,48.0053
48784,12126,6682,3940,3353,6074,4713,3838,3304,4032,3779,3511,3170,3400,3371,3215,3158,-32.661,-23.709,8.98983,47.7773
48785,4639,4099,3444,3214,7814,4944,3648,3373,8642,5136,3789,3303,4965,4181,3575,3211,0.891726,-27.1591,8.94339,47.9847
48786,4241,6225,7706,4986,4033,5418,6431,4381,3476,3907,4031,3835,3236,3327,3381,3334,-18.0857,2.94847,8.85549,47.9653
48787,3354,3912,6635,11935,3376,3931,4806,6185,3244,3420,3784,3985,3062,3167,3356,3378,-25.4289,24.1586,8.9072,47.6867
48788,3419,3334,3260,3209,3905,3754,3400,3327,5949,4841,3800,3358,12453,6259,3870,3390,27.7698,-33.9381,8.74238,47.6853
48789,3216,3348,3531,3288,3377,3671,3965,3852,3715,4635,6279,5231,3876,5356,8871,6347,20.2076,9.28452,8.83262,48.372
48790,3517,3541,3408,3214,4001,4143,3754,3416,5703,7000,4469,3690,6433,7621,4958,3603,16.9821,-11.1167,8.76279,48.314
48791,4244,4945,5142,4169,4269,6803,6983,4375,3807,4719,4677,3926,3341,3671,3686,3529,-8.0863,0.681811,8.95771,48.1907
48792,6305,5426,3908,3300,8259,6646,4044,3405,5154,4524,3708,3239,3776,3690,3386,3207,-10.1103,-18.1879,8.5592,47.9847
48793,3278,3330,3328,3192,3487,3833,3741,3580,4127,5160,4907,4138,4934,8242,8246,4671,26.9058,-0.278039,8.96262,48.1293
48794,7286,7088,4363,3590,6815,6542,4229,3475,4238,4309,3707,3294,3610,3608,3277,3113,-16.2471,-15.248,8.97735,48.3627
48795,3145,3450,4102,4449,3430,3653,4813,7503,3330,3777,5137,9052,3299,3553,4402,5341,2.41882,27.4806,8.89136,48.2907
48796,6787,8850,5170,3745,5295,6065,4373,3717,3778,3935,3741,3363,3418,3399,3300,3183,-21.1084,-10.9599,8.62402,48.0793
48797,3678,5159,9924,7525,3633,4313,5313,4941,3375,3424,3836,3960,3160,3228,3449,3336,-30.0189,11.1119,8.72692,48.1693
48798,9866,5782,3956,3352,8161,5161,3751,3276,4422,3947,3564,3191,3506,3408,3220,3102,-17.4402,-32.0738,8.86859,47.7767
48799,8071,5151,3765,3331,9555,5122,3846,3409,5057,4150,3553,3316,3799,3598,3367,3069,-12.6155,-28.2974,8.86749,48.106
48800,3453,3456,3249,3129,4312,3981,3523,3267,7816,5366,3877,3330,9839,6146,3990,3428,18.0256,-23.6622,8.82342,48.108
48801,3360,3472,3450,3302,3776,4276,3988,3653,4636,6881,5808,4246,4636,6823,5840,4183,15.0679,-2.59004,8.91524,48.22
48802,3186,3394,3310,3305,3692,3684,3785,3512,4533,5272,4500,3935,5515,9392,6842,4505,29.9145,-4.16602,8.50577,48.2413
48803,4079,4701,4580,3849,4455,7003,6224,4162,4125,5326,4971,3861,3646,3875,3875,3437,-5.22441,-1.62978,8.53836,48.1127
48804,3478,3500,3259,3122,4361,3978,3569,3283,7976,5161,3738,3491,9929,5899,3962,3298,17.9596,-25.1856,8.77876,48.0027
48805,3428,3980,5348,5758,3535,4086,7213,7725,3293,3685,4785,5054,3142,3510,3697,3890,-8.60461,16.4979,8.67792,48.086
48806,4514,7271,8925,5122,3987,4760,5111,4351,3561,3816,3813,3645,3211,3277,3317,3322,-27.2861,2.49423,8.62273,48.002
48807,5601,5523,4153,3486,7028,7349,4459,3580,4740,4873,3888,3231,3751,3733,3505,3219,-9.29465,-14.2391,8.77279,48.0793
48808,3121,3200,3484,3490,3192,3505,4073,4257,3483,3966,5283,7522,3404,4068,6073,10063,19.112,23.5382,8.60856,48.1227
48809,3377,3338,3264,3224,3671,3845,3693,3426,4402,5425,4730,3952,5504,9298,6817,4179,24.8412,-4.353,8.93219,48.0967
48810,3660,3494,3382,3161,4700,4362,3549,3238,8657,5886,3953,3430,7844,5680,3911,3362,13.6266,-21.266,8.62635,48.1793
48811,3187,3300,3528,3435,3334,3537,3970,4172,3459,4053,5957,6673,3615,4442,7492,8052,18.5701,15.8998,8.94561,48.1373
48812,3216,3283,3702,3829,3306,3534,4303,5495,3384,3944,5254,9917,3274,3725,4841,6956,9.42969,31.2645,8.86816,47.9753
48813,4519,7835,8863,5048,3993,4881,4987,4264,3549,3747,3807,3538,3213,3364,3378,3185,-29.1668,1.65676,8.89046,48.114
48814,3577,4617,6218,5323,3662,4701,7919,5910,3417,4020,4628,4291,3368,3464,3544,3517,-11.2067,10.3751,8.85418,48.1173
48815,3722,3853,3557,3328,4799,5367,3952,3349,6001,7954,4693,3671,4906,5218,4173,3560,6.27903,-11.1371,8.72282,48.0687
48816,3223,3365,3366,3312,3547,3761,3666,3609,4233,4827,5057,4288,4529,7943,8471,4861,33.0534,1.06277,8.64645,48.0387
48817,4147,3764,3435,3121,6263,4617,3693,3376,9211,5729,3890,3341,5770,4744,3709,3345,5.77725,-22.9255,8.665,48.1033
48818,3467,3381,3230,3021,4255,3904,3537,3167,7399,5086,3977,3473,10562,6082,3947,3417,19.9587,-25.1994,8.62964,47.9367
48819,3436,3310,3233,3036,4054,3866,3510,3252,6143,4963,3787,3300,11992,6992,4005,3404,26.9661,-22.7037,8.75523,48.1887
48820,3591,3424,3357,3130,4338,4103,3530,3203,7051,5716,4020,3404,8980,6761,4196,3466,18.5664,-19.5104,8.53796,48.18
48821,3670,3826,3693,3457,4366,5479,4470,3501,4932,7800,5554,3893,4244,5092,4366,3667,5.71921,-5.58765,8.54714,48.0067
48822,12681,5931,3871,3395,6063,4791,3675,3365,3930,3768,3446,3214,3413,3315,3251,3240,-33.5227,-27.7615,8.91268,47.566
48823,4647,5958,5150,4182,4666,7417,6084,4077,3914,4631,4175,3703,3340,3535,3539,3363,-11.3709,-3.14313,8.7308,48.254
48824,3100,3220,3389,3475,3203,3569,3933,4188,3417,3888,5354,7118,3334,4096,6600,9900,19.944,20.9677,8.77597,47.856
48825,3525,3457,3267,3080,4202,3886,3370,3293,7710,4913,3736,3359,11128,5800,3712,3471,19.7052,-29.8472,8.99314,47.9393
48826,3273,3374,3503,3248,3364,3769,4154,3805,3946,4915,6738,5032,3962,5474,8258,5580,18.2823,7.1757,8.52786,48.2633
48827,3616,3522,3292,3119,4959,4206,3662,3214,9464,5213,3739,3387,7837,5175,3877,3320,12.3931,-33.2023,8.86384,47.7347
48828,3240,3672,4050,4219,3409,4067,5779,6023,3566,4198,6812,6801,3403,3794,4652,4635,2.18629,14.9742,8.73841,48.2133
48829,4413,4120,3554,3231,6795,5565,3847,3515,7892,6086,3951,3379,5002,4357,3746,3332,2.22826,-19.4353,8.95986,48.5233
48830,3928,5486,8208,5864,3779,4816,6688,4917,3533,3821,4112,3915,3224,3304,3404,3336,-18.2429,7.34119,8.735,48.2233
48831,3336,3404,3133,3149,3939,3838,3447,3210,6306,4744,3905,3333,12459,6105,3900,3365,26.5077,-28.8442,8.62742,47.7153
48832,3455,4028,6753,12022,3370,3789,4871,5873,3230,3520,3808,3955,3066,3202,3415,3382,-30.2337,23.3231,8.95211,47.826
48833,3404,3454,3340,3116,4038,3983,3635,3299,5942,6465,4324,3585,6980,8095,4704,3535,18.6839,-12.7557,8.80465,47.9327
48834,3206,3226,3203,3126,3655,3793,3723,3456,4554,5402,4543,3825,5843,9761,6442,4210,26.6392,-5.73882,8.93617,47.9787
48835,3585,3638,3527,3185,4069,4690,4061,3543,5231,8105,5337,3774,4895,6044,4867,3710,10.9269,-7.10725,8.75653,48.174
48836,3930,5269,7931,5831,3769,4781,6833,5311,3420,3765,4141,3870,3287,3282,3448,3500,-16.9606,8.16729,8.56159,48.2453
48837,3272,3365,3315,3244,3621,3701,3838,3543,4266,5041,4905,4105,4805,8401,8075,4754,30.251,-0.370247,8.61222,48.1673
48838,6278,9980,6151,3902,4535,5263,4513,3850,3735,3736,3552,3270,3392,3324,3252,3152,-29.7395,-7.0176,8.88971,47.9233
48839,4729,8059,8226,4847,4116,5104,5101,4124,3582,3796,3819,3549,3322,3254,3372,3220,-25.2887,0.39612,8.71866,48.1467
48840,3560,4620,8764,9201,3561,4009,5123,5458,3220,3484,3798,3865,3222,3284,3356,3421,-29.5466,15.371,8.9621,47.964
48841,3379,3869,6347,12022,3364,3746,4718,6007,3224,3508,3862,3943,3101,3278,3425,3419,-32.121,25.2508,8.53817,47.4747
48842,3243,3510,4174,4527,3320,3755,4913,7801,3243,3775,5112,8614,3244,3638,4191,5002,1.34051,32.4083,8.59766,48.0413
48843,3539,3458,3258,3116,4231,3869,3557,3264,7638,5373,3848,3462,9875,6197,4070,3378,18.4567,-22.4347,8.79874,48.0887
48844,3169,3441,3838,4059,3267,3722,4527,6443,3345,3786,5182,9787,3399,3719,4719,5715,5.79653,33.8488,8.68033,48.0787
48845,3202,3761,4142,4357,3294,3949,6045,6670,3366,4086,6300,6963,3351,3644,4427,4675,0.78631,16.7203,8.62478,48.1547
48846,4444,4130,3456,3308,7091,5093,3791,3327,8330,5649,3901,3319,5067,4382,3708,3263,2.38765,-21.4177,8.73404,48.1727
48847,3867,5980,9965,6227,3699,4440,5226,4760,3502,3633,3865,3679,3216,3208,3323,3300,-32.9213,7.18159,8.89819,47.9267
48848,3681,3565,3286,2987,5162,4198,3490,3270,9567,5188,3835,3441,7877,5165,3779,3330,11.7947,-29.4365,8.73547,47.8807
48849,3279,3501,3596,3599,3487,3919,4900,4255,3695,5101,8201,5604,3708,4388,6045,5065,10.3173,8.78035,8.78072,48.2287
48850,9300,7266,4277,3481,6468,5670,4104,3484,4255,4024,3520,3258,3511,3377,3181,3059,-20.3558,-18.0815,8.56652,48.1567
48851,3206,3518,4082,4293,3361,3895,5257,6666,3362,3890,6120,8144,3352,3651,4502,5241,3.05156,19.9052,8.76637,48.36
48852,5641,4516,3660,3261,9640,5263,3778,3370,6493,4698,3772,3304,4024,3886,3343,3274,-5.53356,-33.8066,8.79482,47.9487
48853,3112,3209,3348,3323,3207,3409,3775,4025,3374,3814,4895,6434,3437,4086,6678,11739,25.6146,23.8889,8.52792,47.91
48854,3608,3579,3242,3184,4846,4199,3528,3178,9276,5433,3904,3385,8370,5328,3832,3381,13.519,-26.7892,8.8252,48.182
48855,6432,8208,5118,3756,5516,6703,4614,3554,3978,4042,3679,3304,3483,3513,3399,3157,-17.8864,-10.6693,8.66474,48.304
48856,3453,3641,3568,3300,4012,4500,4281,3700,4777,7296,6279,4128,4411,5771,5252,3992,10.8769,-2.67821,8.73853,48.2407
48857,3411,3937,6710,12053,3400,3835,4789,5833,3240,3388,3788,3911,3113,3290,3356,3414,-32.1359,23.0277,8.87449,47.6453
48858,3299,3474,3967,4388,3361,3657,4638,7115,3333,3906,5218,9148,3320,3668,4446,5279,3.48253,33.7886,8.53642,48.1447
48859,3123,3289,3406,3422,3275,3556,3752,3964,3377,3954,5265,5997,3447,4335,7614,10411,24.835,19.0413,8.56015,48.1247
48860,3372,3482,3339,3151,3995,3959,3779,3436,5250,6557,4610,3739,6383,8277,5075,3881,18.6708,-9.31022,8.52697,48.19
48861,9842,5498,3836,3281,8480,5118,3707,3360,4432,4033,3456,3132,3581,3516,3321,3254,-17.0302,-28.9527,8.77862,47.898
48862,3150,3172,3461,3316,3231,3383,3810,3907,3343,3802,5036,5866,3376,3874,7012,11837,29.4096,22.7593,8.50371,47.7173
48863,3523,4391,6922,7831,3465,4051,6311,7007,3353,3552,4138,4209,3039,3225,3536,3511,-16.5821,16.7515,8.96611,48.0427
48864,3349,3512,3274,3179,4016,4110,3609,3350,5274,6348,4583,3746,6653,8535,5166,3894,18.9763,-10.3155,8.86317,48.3987
48865,3178,3341,3453,3367,3568,4037,4252,3741,4109,5619,7017,4717,4185,5854,6995,4864,15.7016,3.72947,8.59627,48.198
48866,3445,3326,3163,3056,3853,3820,3596,3192,5650,5219,4077,3477,9315,8780,4575,3565,26.9636,-15.6213,8.80699,48.0727
48867,3166,3665,4315,5057,3307,3732,5298,8618,3370,3769,4887,7657,3138,3414,4072,4495,-1.71087,25.3531,8.90155,47.9733
48868,4639,6321,5386,4043,4704,7583,5777,4021,3947,4425,4143,3694,3402,3608,3540,3218,-12.5605,-3.99328,8.70173,48.3007
48869,3199,3606,3787,3951,3398,3857,5200,5373,3640,4348,7110,7488,3447,3948,4988,5110,6.22505,15.6417,8.74825,48.3
48870,3090,3176,3362,3298,3253,3439,3861,4040,3403,3926,4785,6654,3450,3957,5951,12019,23.4586,29.4483,8.62348,47.776
48871,4065,5041,4997,3949,4369,6953,6883,4369,4040,4823,4914,3887,3418,3762,3740,3513,-7.52118,0.0976732,8.87645,48.482
48872,3638,4794,9054,8809,3489,4189,5382,5423,3227,3572,3715,3838,3068,3164,3380,3339,-25.6837,14.6574,8.98751,48.054
48873,3888,5329,7132,5156,3913,5273,7298,5092,3490,3956,4260,3938,3150,3342,3487,3371,-14.8278,6.07251,8.73905,48.05
48874,4286,6535,8048,5034,4077,5330,6130,4550,3552,3937,3953,3650,3238,3347,3383,3275,-19.4648,3.06593,8.89815,48.2167
48875,3282,3289,3581,3315,3648,4142,4275,3848,3972,5713,7241,4795,4053,5825,6746,4766,14.1593,3.62464,8.94902,48.3273
48876,11180,7204,4027,3387,5801,4937,3879,3350,3887,3759,3412,3250,3410,3379,3289,3243,-33.7715,-21.0264,8.62942,47.596
48877,3107,3198,3378,3351,3183,3444,3783,3946,3334,3899,4690,6493,3222,3861,6062,12264,25.8905,27.2789,8.76484,47.4767
48878,3558,4379,6186,5610,3679,4630,7684,6328,3429,3849,4576,4455,3243,3518,3592,3589,-11.8113,12.0546,8.52051,48.2033
48879,3213,3263,3434,3277,3425,3803,3967,3723,4056,5149,5845,4514,4412,6507,8549,5270,21.1427,3.53377,8.5757,48.2713
48880,3419,3482,3148,3086,3954,3788,3448,3193,5579,5251,4012,3556,9044,8841,4685,3564,25.4662,-15.3466,8.89608,48.0333
48881,3676,3855,4135,3877,3857,5311,6328,4328,4026,5682,6804,4428,3732,4065,4342,3879,1.11639,2.86884,8.95097,48.2167
48882,3441,3968,6748,11851,3327,3929,4978,6170,3170,3514,3826,3957,3080,3254,3309,3351,-27.175,24.4003,8.55894,47.9153
48883,3050,3238,3303,3278,3424,3608,3793,3835,3663,4345,5325,4904,3796,5357,9853,7098,29.8928,10.1329,8.69614,47.9133
48884,3113,3193,3370,3349,3271,3544,3875,3915,3366,3733,4762,6373,3443,3965,6320,12197,26.5032,27.2778,8.70443,47.8593
48885,3563,3720,3288,3285,4388,4600,3740,3294,6487,7608,4414,3538,6074,6431,4314,3586,12.7476,-13.1884,8.78809,48.22
48886,3449,3974,5338,5432,3465,4429,7473,7309,3409,3790,4836,4859,3246,3450,3818,3853,-8.16544,14.8246,8.69617,48.0867
48887,3464,3673,4082,3925,3644,4287,6035,4778,3720,4825,7662,5463,3595,3975,4727,4395,3.61395,9.27039,8.64252,48.1667
48888,6487,9809,5767,3876,4749,5338,4418,3740,3744,3832,3750,3322,3390,3378,3237,3083,-28.1608,-8.40827,8.67783,47.9467
48889,3299,3408,3853,3956,3277,3639,4392,5912,3308,3783,5131,9791,3382,3768,4732,6169,7.61875,33.9182,8.62152,47.8667
48890,4492,7743,8530,4907,4159,4949,5140,4180,3454,3618,3754,3666,3222,3346,3313,3313,-33.439,1.40809,8.64674,47.8573
48891,3358,3369,3376,3118,3828,3839,3690,3531,4855,6030,4892,3713,5757,8963,6072,4093,21.077,-6.18922,8.87372,48.3227
48892,3669,3655,3329,3186,4888,4197,3633,3309,9149,5475,3855,3371,8064,5357,3752,3385,13.1867,-25.4131,8.52238,48.1827
48893,3471,3407,3230,3042,4051,3914,3526,3182,6078,5609,4134,3557,9047,8096,4402,3587,21.699,-16.6446,8.93531,48.222
48894,3872,4577,4745,4097,4048,6167,7391,4657,3772,4805,5411,4145,3536,3730,3979,3550,-4.959,2.51239,8.98989,48.3213
48895,3130,3347,3368,3246,3402,3641,3828,3684,4025,4626,5193,4475,4195,6746,9412,5605,27.9195,4.58842,8.53659,47.9487
48896,3092,3184,3399,3375,3177,3393,3834,4008,3348,3826,4778,6797,3461,3913,5994,12002,23.9358,28.8282,8.62863,47.7207
48897,4123,3853,3498,3296,6749,4584,3636,3356,9409,5158,3928,3330,5466,4585,3681,3350,4.5882,-32.1982,8.61442,48.0013
48898,3452,3416,3240,3050,4035,3992,3590,3294,6734,5673,4000,3534,8941,7189,4342,3505,19.4934,-17.887,8.94036,47.9913
48899,12614,6016,3885,3299,6221,4771,3739,3411,3824,3788,3557,3223,3390,3472,3249,3155,-26.607,-31.9933,8.67425,47.7427
48900,3125,3462,3739,3891,3313,3711,4530,5790,3402,3875,5754,9594,3335,3765,4829,6373,8.1835,23.0143,8.80217,48.3253
48901,5101,8742,7704,4579,4302,5058,4815,4031,3612,3783,3701,3532,3383,3401,3325,3218,-29.2914,-1.84498,8.82574,48.1913
48902,3719,4438,6313,5430,3646,4770,7980,5879,3546,3765,4658,4224,3255,3328,3699,3688,-11.7414,10.4552,8.76245,48.2253
48903,3204,3174,3451,3320,3266,3322,3844,3889,3328,3810,5040,6712,3348,4080,5871,11892,23.4765,32.7618,8.52083,47.7007
48904,3533,3544,3393,3286,4030,4506,3886,3394,5547,7495,4968,3701,5577,6895,4863,3713,13.9786,-8.65795,8.81861,48.2207
48905,3257,3346,3387,3224,3610,3748,3711,3483,4085,4909,4957,4269,4728,8209,8411,4942,29.846,0.262765,8.74797,48.184
48906,3615,3499,3288,3074,4723,3973,3420,3253,9200,5193,3774,3421,8946,5443,3854,3363,14.7507,-28.8804,8.98578,48.026
48907,3381,3753,4924,7472,3456,3848,5299,9708,3224,3634,4219,5319,3152,3374,3534,3772,-10.3256,31.0928,8.74667,48.046
48908,3317,3483,3406,3137,3728,3958,3715,3369,4858,5975,4653,3783,6043,9017,5643,3921,21.4169,-7.43863,8.68955,48.004
48909,3127,3330,3562,3498,3315,3667,4057,3841,3616,4475,6605,5428,3820,4928,8200,6590,18.4117,10.3909,8.82613,48.0393
48910,3617,4939,9154,8213,3567,4145,5473,5354,3352,3599,3917,3818,3120,3158,3501,3379,-25.1042,13.4373,8.84374,48.204
48911,3255,3324,3543,3521,3394,3883,4406,4166,3660,4838,7564,5354,3679,4984,7249,5781,14.5198,8.96836,8.99251,48.4007
48912,4158,4965,4594,3882,4570,7484,5954,4180,4074,5281,4630,3875,3570,3853,3802,3430,-6.22517,-2.97693,8.51395,48.2013
48913,3160,3516,3883,4098,3409,3631,4532,6535,3342,3788,5295,9572,3195,3652,4561,5747,5.30676,28.0821,8.51186,47.944
48914,3648,3640,3304,3092,4732,4151,3556,3268,8967,5326,3709,3467,8364,5340,3820,3441,13.8853,-26.7696,8.64012,47.8833
48915,6370,4911,3804,3259,9717,5549,3897,3276,5760,4413,3681,3386,3896,3795,3437,3131,-8.28266,-24.7997,8.60275,48.188
48916,3075,3337,3337,3208,3329,3618,3864,3667,3736,4713,5710,4793,3961,6035,9562,6204,23.7284,7.30905,8.86881,48.0993
48917,3504,4037,6009,11629,3307,3767,4867,6841,3180,3439,3796,4036,3077,3265,3441,3444,-22.4585,31.8315,8.9293,47.7593
48918,3144,3291,3268,3403,3277,3436,3792,4047,3558,3926,4799,6043,3232,3873,6167,12415,32.1772,25.8071,8.81843,47.7807
48919,3078,3419,3954,4374,3387,3722,4835,6835,3292,3896,5632,8955,3240,3670,4531,5399,3.97072,23.2791,8.85593,48.146
48920,3202,3334,3345,3266,3560,3681,3911,3609,3896,4658,5440,4495,4271,6554,9293,5619,25.3997,4.85072,8.50116,48.0893
48921,3181,3262,3354,3320,3334,3676,3751,3953,3485,3933,5101,5630,3470,4292,7939,10095,33.0643,17.9823,8.61061,47.8507
48922,3063,3273,3420,3350,3378,3588,3992,3821,3688,4495,6411,5180,3820,5385,9156,6566,20.7227,9.43255,8.99437,48.3907
48923,3332,3364,3329,3117,3871,3803,3601,3305,5153,5208,4071,3578,8149,9312,4847,3651,29.2041,-13.3774,8.65459,47.794
48924,3378,3883,6370,12443,3363,3775,4807,6223,3251,3397,3748,3918,3202,3166,3340,3468,-29.094,26.3745,8.65097,47.8213
48925,3240,3393,3674,3534,3451,3838,4729,4293,3839,4892,7864,5858,3746,4565,6344,5259,11.7041,9.78372,8.80144,48.346
48926,3725,4767,6929,5535,3817,4994,7680,5444,3320,3974,4371,4124,3198,3452,3510,3521,-13.7087,9.15456,8.8961,48.2407
48927,3329,3896,5961,13082,3416,3769,4624,6061,3267,3431,3659,3841,3135,3195,3349,3428,-30.7265,29.7337,8.99478,47.6287
48928,3338,3564,4435,5416,3367,3705,5129,9420,3372,3665,4686,7003,3148,3437,3908,4215,-4.05754,31.238,8.82538,47.872
48929,4615,4134,3453,3216,7887,4829,3651,3434,8651,5073,3752,3371,4949,4175,3563,3350,0.936479,-27.8438,8.73259,48.0687
48930,3190,3549,4119,4336,3356,3899,5135,6908,3264,3796,5713,8589,3250,3652,4428,5303,3.20978,21.1994,8.91372,48.3247
48931,4390,5426,5004,3952,4650,7645,6155,4135,4016,4823,4332,3677,3546,3747,3742,3473,-9.2547,-3.11275,8.90249,48.4753
48932,3618,4404,6545,6197,3560,4295,7355,6667,3355,3746,4470,4567,3212,3504,3541,3620,-13.1677,13.9142,8.87467,48.4373
48933,3312,3641,4327,4989,3494,3800,5296,8274,3327,3727,5149,7686,3204,3536,4149,4545,-1.32535,24.1223,8.74029,48.304
48934,3722,4544,6027,4881,3865,5149,8102,5307,3565,4018,4677,4103,3340,3470,3740,3512,-10.4841,7.63394,8.63044,48.0147
48935,3486,3556,3366,3046,4069,4251,3658,3407,5773,6659,4297,3602,6809,7749,4767,3543,17.3963,-12.471,8.64961,48.0253
48936,3551,3462,3295,3033,4151,3879,3510,3227,6835,5259,3883,3384,10814,6687,4177,3437,21.6426,-22.3181,8.57186,48.3893
48937,5694,6014,4196,3497,6716,7739,4432,3612,4547,4788,3820,3417,3691,3644,3306,3172,-10.3984,-13.3777,8.9906,48.19
48938,7801,5090,3765,3442,9724,5239,3871,3353,5195,4177,3578,3257,3711,3614,3283,3153,-11.5897,-29.7971,8.78941,48.1687
48939,4507,7775,8670,4900,4092,4857,4975,4295,3472,3720,3813,3594,3287,3368,3427,3365,-32.0388,1.17379,8.7207,48.078
48940,3434,3812,5786,11256,3456,3787,4857,7341,3226,3424,3860,4215,3176,3239,3373,3401,-20.3633,30.208,8.97299,47.762
48941,3492,4429,8464,9859,3434,4037,5161,5492,3249,3464,3838,3901,3071,3212,3424,3464,-30.6269,16.572,8.85356,47.994
48942,3435,3678,3569,3380,3882,4658,4439,3805,4488,7326,6552,4231,4345,5507,5083,4057,9.79606,-1.59084,8.70276,48.29
48943,3449,3371,3183,3134,3906,3816,3385,3208,5986,4668,3802,3331,12800,6252,3981,3415,32.3976,-27.6873,8.6189,47.7913
48944,6070,5886,4261,3492,7194,7271,4311,3576,4593,4508,3731,3354,3683,3628,3450,3199,-11.2235,-15.2765,8.56344,48.138
48945,3362,3758,4507,4611,3531,4110,6670,6684,3480,4144,6033,6137,3296,3632,4239,4372,-1.78469,15.2925,8.67145,48.3773
48946,5452,9052,6849,4268,4401,5608,4844,3996,3626,3946,3667,3564,3279,3369,3331,3238,-22.8608,-3.74901,8.97272,48.3267
48947,3166,3637,3934,4001,3443,3845,5313,5581,3469,4104,6806,7441,3389,3726,4869,5301,5.36291,16.2191,8.99866,48.0167
48948,3757,3659,3428,3075,5469,4300,3669,3269,9547,5420,3853,3383,6758,5007,3728,3322,9.62012,-25.5455,8.66384,47.7627
48949,3417,3443,3253,3032,3934,3890,3476,3180,6054,5029,3878,3456,11280,7254,4225,3475,25.7655,-21.1087,8.96379,48.184
48950,4524,4615,3925,3466,5809,7306,4494,3558,5433,6208,4261,3579,4067,4065,3803,3379,-2.26425,-11.6186,8.95345,48.328
48951,4086,5283,7278,5252,3927,5102,7062,5050,3444,3869,4188,3972,3308,3375,3591,3390,-15.4156,6.24708,8.52417,48.118
48952,3498,4285,6501,7889,3501,4136,6234,7467,3208,3611,4105,4333,3097,3362,3606,3607,-15.99,18.0211,8.77234,48.2933
48953,3730,3560,3397,3131,4701,4459,3673,3289,8258,6252,3954,3477,7265,5616,4076,3461,12.4683,-19.2832,8.80447,48.1993
48954,3549,4244,7283,7784,3522,4176,6149,6602,3363,3708,3951,4154,3079,3271,3414,3531,-17.6239,16.298,8.71242,47.8533
48955,3287,3485,3554,3423,3659,4198,4622,3974,3999,5575,7829,5114,3854,4845,6029,4701,11.0544,5.25672,8.88002,48.0987
48956,3602,3852,3729,3586,4033,5232,4830,4064,4391,6910,6574,4176,3941,4821,4669,3990,5.64064,-1.03212,8.62248,48.2667
48957,3115,3417,3595,3733,3189,3532,4217,5313,3383,3755,5153,9952,3385,3724,4973,7276,10.4776,30.7362,8.84945,47.808
48958,4420,6593,6916,4526,4174,6014,6373,4403,3574,4002,4031,3621,3364,3388,3512,3219,-16.5174,0.751044,8.93706,48.0867
48959,3185,3517,3689,3790,3384,3800,4662,4812,3556,4323,7196,7341,3468,3997,5714,6040,10.4343,15.4298,8.65143,48.316
48960,3106,3420,3972,4020,3340,3838,4852,6182,3488,3937,6177,8923,3290,3863,4743,5515,5.63897,20.6533,8.9427,48.444
48961,6816,9798,5510,3858,4904,5405,4286,3692,3822,3819,3642,3287,3403,3442,3194,3110,-26.3286,-9.703,8.79259,47.992
48962,3061,3226,3512,3388,3284,3619,4107,4182,3609,3910,5870,6823,3516,4338,7053,8860,18.9106,18.2646,8.70159,48.2387
48963,3149,3352,3422,3272,3322,3539,3828,3749,3648,4150,5398,5404,3803,4929,9058,8117,24.5163,13.2105,8.98909,48.0933
48964,3234,3485,3960,4278,3435,3712,4639,6647,3258,3671,5210,9571,3218,3740,4599,5846,5.13287,29.7458,8.65106,48.3353
48965,3499,4033,7250,11377,3445,3938,5083,5873,3119,3443,3803,3965,3072,3152,3464,3292,-33.278,21.0105,8.72987,47.872
48966,4053,3964,3393,3165,6015,4664,3807,3272,9075,6033,3834,3446,5776,4708,3721,3219,6.29579,-21.359,8.87047,48.0967
48967,3276,3487,4076,4709,3304,3764,4844,8104,3338,3727,4995,8545,3209,3569,4132,4976,0.670297,29.2828,8.92748,48.0367
48968,8614,5762,3873,3266,8604,5659,3849,3433,4630,4164,3523,3189,3591,3594,3352,3091,-14.6505,-23.3006,8.9591,48.1293
48969,3848,4727,4966,4199,4138,6225,7353,4599,3645,4738,5117,4153,3500,3708,3872,3621,-6.50173,2.21832,8.64924,48.2727
48970,3353,3365,3278,3113,3957,3929,3535,3355,5782,5683,4021,3462,8411,8556,4607,3702,23.0362,-14.5262,8.62401,48.0727
48971,3222,3649,4703,6051,3475,3846,5527,9578,3203,3713,4551,6159,3153,3406,3869,4131,-6.44116,24.6303,8.90927,48.1573
48972,3158,3361,3925,4268,3257,3682,4706,7004,3487,3679,5043,9451,3309,3604,4494,5555,4.25112,31.269,8.95462,47.9887
48973,3265,3706,4502,5211,3342,3832,5880,8633,3289,3698,5036,6914,3235,3489,4046,4214,-3.13935,21.8168,8.96489,48.1947
48974,4911,4171,3569,3225,8087,5163,3855,3392,8099,5132,3668,3269,4708,4194,3482,3361,-0.30588,-25.2061,8.71301,48.1907
48975,3828,3588,3314,3118,5448,4263,3623,3165,9955,5320,3791,3447,7236,5066,3825,3304,10.6375,-28.0614,8.83252,48.194
48976,3708,3642,3352,3196,5555,4429,3538,3358,10005,5219,3860,3435,6815,4873,3657,3278,9.31936,-32.9239,8.69248,47.9467
48977,3411,3794,4225,4139,3460,3980,6152,5771,3604,4229,7008,6214,3306,3837,4446,4595,1.89522,13.6476,8.80224,48.114
48978,8025,5189,3863,3317,9265,5227,3816,3335,4961,4282,3642,3297,3783,3650,3223,3096,-13.1119,-29.3999,8.57898,47.9807
48979,3871,3803,3433,3195,5872,4595,3720,3296,9327,5719,3817,3420,6356,4806,3798,3419,7.46883,-22.8898,8.88669,48.298
48980,3108,3308,3290,3274,3210,3450,3743,3847,3437,3816,4870,6066,3415,4074,7031,11931,28.6156,22.3438,8.91715,47.9133
48981,3327,3906,5895,11670,3493,3821,4870,7034,3302,3478,3913,4117,3145,3164,3352,3469,-22.8439,28.8428,8.62758,47.9707
48982,3197,3287,3403,3361,3262,3583,3971,4213,3370,3781,5111,7526,3349,3890,6221,10560,19.469,24.3245,8.6395,48.0567
48983,3042,3334,3513,3499,3212,3421,3904,4180,3356,3880,5064,7374,3354,3985,6154,11067,20.671,25.4221,8.73655,48.226
48984,3144,3412,3512,3346,3552,4035,4034,3877,3990,5336,6758,4582,4076,5991,7535,5124,16.8976,4.46542,8.61518,48.2027
48985,3428,3957,6619,11741,3405,3837,4812,6526,3183,3482,3867,4060,3061,3071,3481,3414,-24.7203,23.9688,8.74681,47.9627
48986,3609,3550,3221,2998,5003,4177,3488,3201,9340,5456,3886,3413,8056,5248,3885,3444,12.5978,-26.7417,8.87612,47.9833
48987,3241,3666,4483,4777,3507,4040,6475,7559,3437,3827,5555,6422,3243,3692,3990,4251,-2.66044,18.0144,8.96807,48.11
48988,3312,3439,3749,3597,3433,3926,4952,4384,3702,4896,8233,5784,3620,4369,5873,5079,9.8189,9.43637,8.69047,48.232
48989,3442,4209,6678,10194,3379,3921,5110,7109,3198,3571,3896,4113,3135,3167,3471,3452,-20.5538,21.7617,8.63426,48.03
48990,3516,3424,3310,3130,4125,4195,3634,3313,6094,6577,4249,3568,6942,7848,4541,3619,17.4393,-13.3524,8.71887,48.0567
48991,3123,3268,3298,3261,3428,3652,3717,3694,3615,4456,5559,4878,3854,5575,9816,6823,25.9549,8.88843,8.88566,48.0113
48992,3561,3644,3554,3318,4027,4569,4195,3556,4650,7836,5796,4002,4730,6124,5001,4004,11.0213,-4.14091,8.95554,48.378
48993,7462,4857,3803,3317,9789,5254,3909,3392,5230,4139,3564,3284,3767,3743,3288,3135,-10.8219,-29.2388,8.88686,47.9553
48994,3369,4043,6371,11475,3405,3914,4913,6788,3266,3453,3757,4090,3133,3153,3413,3438,-22.7883,24.5745,8.75632,47.9873
48995,3320,3356,3289,3120,3900,3882,3545,3224,5181,5441,4090,3553,8024,9431,5030,3699,27.4006,-12.4658,8.7066,48.0567
48996,5088,4279,3606,3182,8772,5228,3751,3320,7487,4850,3657,3200,4581,4052,3446,3316,-2.26537,-26.1381,8.77333,47.8767
48997,4007,3925,3482,3314,5662,5561,4012,3336,7013,7098,4321,3441,4892,4741,3852,3510,4.27889,-14.955,8.97483,48.1113
48998,3155,3332,3298,3139,3706,4030,3822,3618,4525,6133,5539,4070,4958,7794,6868,4432,19.1191,-2.08883,8.9796,48.2793
48999,3202,3104,3477,3385,3265,3476,3771,3940,3396,3999,4968,5578,3443,4227,7968,10384,30.9093,18.5708,8.68685,47.722
49000,3301,3800,5019,7905,3463,3807,5201,9557,3268,3585,4135,5086,3212,3219,3586,3745,-12.2132,26.4975,8.71601,47.926
49001,3251,3565,3988,4630,3318,3739,5035,7784,3317,3794,5312,8430,3246,3617,4083,4991,0.857382,25.1105,8.7653,48.0667
49002,3435,3462,3369,3345,3699,4286,4006,3603,4629,7011,5739,4006,4761,6837,5725,4257,14.8071,-3.32415,8.53356,48.1133
49003,3201,3440,3790,3980,3410,3729,4695,5285,3462,4038,6611,8540,3389,3845,5281,6096,8.77731,18.6493,8.69385,48.528
49004,3379,3387,3223,3237,3843,3723,3510,3314,5903,4655,3711,3464,12442,5799,3942,3351,33.5428,-33.4445,8.68011,47.2553
49005,3305,3750,4861,6776,3348,3721,5312,10082,3347,3647,4314,5371,3288,3432,3662,3852,-9.38659,33.8351,8.92796,48.0453
49006,3229,3555,4332,5382,3358,3876,5073,9067,3450,3644,4834,7177,3277,3419,3972,4434,-3.3926,28.2691,8.72086,48.0527
49007,3245,3341,3241,3140,3665,3838,3671,3565,4487,5499,4981,3857,5420,8911,6933,4378,24.5869,-3.60125,8.6056,48.1147
49008,3628,3742,3439,3269,4597,4760,3874,3387,6603,7793,4469,3511,5576,5908,4247,3596,10.6209,-12.7171,8.6577,48.266
49009,11590,6900,4053,3447,6034,4883,3851,3326,3890,3794,3489,3216,3430,3432,3230,3132,-32.4736,-22.1228,8.60265,47.798
49010,3405,4089,5959,7000,3469,4003,6673,7904,3275,3623,4361,4784,3176,3326,3549,3636,-12.3634,18.0502,8.80647,48.1547
49011,3255,3350,3409,3210,3504,3594,3777,3582,4116,4979,4983,4122,4607,8208,8618,5008,28.6529,0.775831,8.9501,48.2147
49012,3562,4310,4454,3881,3983,5609,6788,4558,3963,5334,6191,4348,3579,3986,4234,3765,-1.19841,2.96748,8.62205,48.3633
49013,3036,3254,3531,3476,3347,3469,3994,4276,3580,4009,5659,6822,3495,4202,7050,9160,19.1306,18.9042,8.96094,48.24
49014,3461,3516,3277,3087,4351,4063,3667,3330,7100,5956,4077,3509,8366,6834,4158,3476,17.341,-18.8866,8.52471,48.152
49015,3092,3206,3348,3316,3153,3453,3812,3883,3353,3648,4724,6012,3486,3820,5938,12650,28.298,31.9215,8.94649,47.2627
49016,3112,3457,3469,3628,3284,3768,4392,4438,3518,4405,7027,6801,3554,4259,6485,6514,13.6481,14.2126,8.60033,48.074
49017,3911,4007,3789,3511,4612,6027,4665,3738,4972,7526,5249,3839,4082,4731,4231,3652,3.11197,-6.24381,8.70501,48.3613
49018,3744,4206,4109,3830,4295,6296,6106,4069,4199,6115,5835,4167,3772,4073,4007,3712,-0.972145,-0.779638,8.92964,48.3567
49019,4485,5451,4766,3681,4914,8074,5744,3895,4112,4850,4323,3608,3624,3752,3538,3292,-9.0723,-5.12815,8.83963,48.0727
49020,5682,4537,3533,3275,9654,5168,3789,3395,6735,4693,3652,3311,4331,3844,3441,3122,-4.80689,-29.2334,8.80149,48.108
49021,10624,5740,3976,3428,7819,5032,3905,3325,4226,3873,3479,3164,3406,3432,3286,3131,-19.1472,-32.9855,8.80124,47.8973
49022,3516,3842,3875,3563,3851,5148,5228,4074,4303,6389,6877,4411,3852,4651,4748,4014,4.82448,0.947419,8.98963,48.228
49023,3184,3414,3331,3166,3523,3746,3682,3484,4287,5019,4758,4073,5134,8904,7788,4516,29.2964,-1.70866,8.97692,48.006
49024,9501,8485,4319,3473,5591,5134,4072,3481,3790,3976,3629,3348,3419,3357,3333,3139,-32.3527,-16.6232,8.62322,48.0313
49025,3290,3633,4323,5029,3343,3728,5087,8845,3350,3639,4821,7771,3331,3524,3935,4541,-1.71457,28.8376,8.99782,48.1267
49026,4163,6193,9659,5981,3824,4563,5351,4598,3305,3736,3798,3723,3186,3376,3393,3342,-26.664,6.51374,8.50988,48.1273
49027,3654,3715,3404,3421,4289,5061,4275,3602,4940,8136,5519,3935,4547,5621,4597,3796,8.82833,-5.60406,8.83994,48.3413
49028,4018,4517,4738,4015,4136,6667,7119,4441,3832,4970,5185,3970,3520,3812,3705,3569,-5.78147,0.961547,8.79726,48.1427
49029,3356,3796,6272,12571,3488,3775,4675,5996,3231,3456,3773,3914,3238,3228,3391,3432,-31.9004,26.0138,8.71609,47.728
49030,3309,3429,3543,3525,3570,4085,4353,3938,3950,5517,7462,4919,3988,5262,6552,4897,13.253,4.98846,8.6919,48.1993
49031,3648,3528,3228,3005,4738,4201,3442,3219,8593,5466,3998,3432,8524,5592,4003,3304,14.8696,-23.8929,8.59427,47.9473
49032,3412,3564,3124,3074,4370,3929,3454,3220,7754,5276,3953,3383,10132,6075,3929,3438,18.4434,-23.7053,8.83518,48.058
49033,3915,4430,4729,3988,4133,6279,7103,4440,3997,5004,5311,4065,3508,3795,3919,3706,-4.7388,1.87809,8.77838,48.2147
49034,4246,4175,3741,3369,5595,6487,4310,3629,5673,7012,4445,3644,4351,4320,3762,3435,0.980669,-11.6071,8.91884,48.1293
49035,3452,4210,7134,11155,3316,3823,4980,5723,3284,3575,3896,3863,3132,3147,3364,3342,-30.7034,21.0761,8.68331,47.5973
49036,3125,3257,3653,3520,3275,3705,4105,4235,3539,4101,6159,6617,3556,4332,7112,8024,17.8077,16.7106,8.53352,48.21
49037,4246,6512,8740,5353,3895,4999,5792,4530,3437,3813,3956,3555,3122,3346,3411,3360,-20.9745,4.13269,8.81187,48.0447
49038,3490,4462,8241,9793,3460,4064,5328,5710,3298,3510,3899,3966,3125,3247,3359,3392,-24.5956,17.1651,8.9059,48.2293
49039,4586,4090,3560,3319,8001,4920,3651,3440,8591,4974,3836,3348,4849,4083,3628,3251,0.978659,-32.5878,8.87607,48.0847
49040,5607,9403,6719,4204,4469,5340,4693,3879,3577,3785,3618,3429,3296,3411,3274,3162,-26.9748,-4.65742,8.55313,47.9107
49041,4006,3863,3469,3264,5454,5095,3838,3455,7702,7276,4288,3442,5420,5042,3987,3437,6.30317,-15.9439,8.86714,48.692
49042,3072,3276,3309,3398,3283,3512,3850,3899,3453,4021,5111,5430,3489,4465,8374,9762,29.9871,16.8856,8.86445,47.8027
49043,3492,3963,6277,12167,3438,3795,4826,6343,3284,3453,3718,4003,3086,3109,3447,3516,-25.8201,26.172,8.59886,47.9447
49044,3036,3325,3497,3526,3335,3689,4243,4299,3538,4337,6924,6322,3530,4597,7202,6842,15.5944,13.6896,8.97208,48.1613
49045,3627,4720,8324,7630,3595,4380,6083,5716,3268,3614,4042,3979,3117,3215,3489,3369,-20.725,13.1555,8.54921,48.112
49046,3622,4050,6078,6361,3563,4169,7155,7283,3283,3727,4607,4587,3089,3362,3627,3652,-12.3003,15.7771,8.98894,48.1433
49047,3116,3259,3399,3494,3219,3487,3878,4195,3425,3759,4938,7632,3469,3938,5604,11177,20.2022,29.592,8.92163,47.9927
49048,3556,4145,5031,4715,3656,4834,7996,5651,3625,4170,5646,4670,3336,3673,4034,3846,-5.28617,9.58985,8.59932,48.3893
49049,3141,3321,3513,3452,3381,3628,4122,4118,3651,4459,6586,5498,3755,5111,8323,6252,18.6309,10.6555,8.80318,48.2073
49050,3331,3614,3777,3739,3746,4283,5283,4245,3929,5484,8027,5050,3722,4374,5268,4460,7.40854,6.37794,8.61469,48.2213
49051,3638,3457,3220,3223,4849,4165,3521,3204,9340,5243,3745,3240,8555,5297,3829,3487,14.0037,-28.2177,8.90404,48.0087
49052,8496,7829,4436,3550,6202,5770,4152,3611,4086,4045,3529,3249,3502,3458,3211,3058,-20.352,-16.276,8.57912,48.1227
49053,3378,3740,4612,5737,3358,3972,5938,9229,3305,3629,4636,6224,3229,3423,3918,4147,-6.03314,22.3432,8.94456,48.3167
49054,4312,3954,3595,3239,5931,5167,3912,3368,7927,6571,4013,3436,5257,4629,3815,3317,4.65636,-17.637,8.68079,48.2953
49055,3398,3784,5515,8063,3472,3911,5549,9030,3311,3512,4125,4814,3150,3317,3650,3665,-13.3754,23.7122,8.99367,48.1773
49056,3458,4048,5605,5611,3505,4454,7519,7301,3293,3818,4811,4746,3135,3438,3667,3844,-9.73985,14.7675,8.99508,48.1687
49057,3263,3411,3765,4166,3356,3748,4728,7017,3331,3814,5168,9436,3223,3695,4441,5627,4.18961,29.2193,8.78268,48.126
49058,3132,3273,3570,3399,3259,3547,4098,4528,3421,3755,5094,8472,3391,4000,5513,9681,16.5574,31.4847,8.58167,48.0887
49059,3070,3151,3409,3407,3316,3500,3789,3888,3300,3941,5045,6047,3440,4223,7284,11290,26.3726,21.9048,8.53771,48.0667
49060,3180,3293,3265,3370,3245,3443,3698,3875,3462,3825,4852,5839,3419,4028,6786,11946,30.5577,23.4278,8.58794,47.684
49061,3273,3296,3425,3262,3529,3640,3881,3582,4108,4951,5199,4450,4572,7471,8689,5091,24.8061,2.1414,8.65315,48.2793
49062,5082,6965,5235,3962,5020,7348,5326,3926,3803,4290,3961,3447,3473,3600,3323,3207,-14.0574,-5.67618,8.57705,47.9787
49063,3054,3234,3426,3554,3302,3512,3956,4449,3435,3801,5033,8198,3345,3889,5635,10062,17.5404,29.9848,8.5538,47.9233
49064,4446,6464,6668,4561,4192,6241,6361,4419,3594,3911,4115,3771,3314,3454,3506,3291,-15.9307,0.340265,8.83612,48.2053
49065,12398,6011,3898,3328,6162,4666,3768,3270,3800,3857,3485,3148,3425,3454,3304,3232,-32.4521,-27.9638,8.71066,47.4707
49066,3066,3186,3312,3469,3209,3564,3930,4113,3456,3860,5010,6809,3430,3984,6270,11384,22.6597,25.2187,8.68977,48.0347
49067,3371,3745,4216,4458,3464,4031,6292,6400,3337,4160,6421,6501,3382,3592,4349,4500,0.304432,15.3053,8.98891,48.146
49068,5584,9376,6882,4336,4460,5281,4782,3976,3665,3837,3632,3337,3232,3333,3353,3097,-25.7723,-4.5653,8.64203,48.1087
49069,4692,5188,4074,3453,6378,7888,4595,3660,4834,5368,4051,3494,3909,3866,3623,3292,-6.1814,-11.3356,8.69265,48.2433
49070,3093,3278,3384,3412,3296,3641,3914,3854,3622,4158,5381,5216,3660,4910,9378,8165,25.524,13.2106,8.88808,48.2413
49071,3604,3443,3423,3055,4552,4040,3558,3364,8358,5606,3961,3424,8817,5806,4023,3325,15.6881,-23.1056,8.52305,48.2393
49072,3071,3247,3467,3584,3350,3557,4073,4607,3360,4002,5651,8264,3366,3906,5951,8621,15.5985,22.2749,8.96848,48.0513
49073,12887,6108,3880,3308,6013,4806,3857,3246,3924,3692,3504,3212,3480,3335,3223,3067,-31.7896,-27.0883,8.99613,47.6947
49074,3269,3496,3260,3247,3591,3883,3887,3582,4341,5829,5047,4029,5014,8299,6984,4342,21.7314,-2.57292,8.67455,48.0667
49075,3246,3436,4090,4237,3362,3688,4697,7203,3352,3725,5129,9355,3268,3647,4343,5279,3.20945,32.0755,8.78558,48.038
49076,3413,4004,5679,10024,3383,3801,5048,8270,3131,3487,3952,4449,3131,3174,3522,3457,-17.5775,29.7857,8.56654,47.95
49077,5385,7296,5204,3972,5059,7247,5081,3776,3974,4176,3857,3503,3493,3427,3440,3269,-15.3863,-7.06494,8.79507,48.106
49078,3465,3557,3486,3314,3848,4458,4090,3681,4786,7312,5817,3973,4818,6556,5449,4140,13.2977,-3.68502,8.83383,48.5
49079,3043,3374,3474,3568,3379,3660,4187,4405,3428,4081,6142,7464,3373,4104,6533,7788,15.7801,18.3223,8.56902,48.002
49080,3445,3509,3291,3062,4095,4069,3656,3464,5694,6390,4366,3731,6736,7997,4900,3730,18.7624,-11.8572,8.60924,48.09
49081,3091,3400,3812,3818,3304,3638,4467,5532,3373,3987,5904,9375,3292,3783,5053,6611,9.17405,22.3836,8.95205,48.2933
49082,3444,3575,3388,3193,4107,4325,3628,3315,6025,7396,4543,3583,6272,7209,4724,3694,15.0715,-11.6121,8.87593,48.2807
49083,3174,3441,3872,3986,3382,3671,4853,5393,3538,4044,6843,7971,3438,3938,5048,5782,7.72877,17.6857,8.66127,48.2493
49084,3207,3896,5105,6559,3455,4015,6026,8791,3364,3684,4585,5370,3151,3414,3702,3899,-9.39594,20.9877,8.62037,48.1487
49085,3633,4159,4633,4378,3810,5057,7761,5035,3732,4540,5946,4598,3416,3663,3950,3771,-3.91824,7.07828,8.5878,48.0547
49086,3231,3274,3650,3668,3313,3621,4368,5022,3305,3973,6030,8982,3366,3801,5379,7263,11.7312,21.2151,8.88015,48.164
49087,3395,3473,3207,3145,3720,3821,3450,3298,5104,5263,4160,3672,7886,9450,5087,3585,27.797,-12.1616,8.77882,47.8107
49088,3086,3396,3589,3708,3382,3823,4699,4666,3441,4566,7539,6835,3564,4257,5954,5744,10.8553,13.6299,8.99066,48.166
49089,11138,7209,4063,3483,6401,5184,3838,3412,4046,3865,3449,3222,3353,3361,3139,3138,-24.4475,-21.935,8.77666,48.2007
49090,4076,3945,3452,3247,6339,4944,3762,3421,8788,6012,3880,3485,5594,4627,3682,3370,4.71804,-21.3917,8.54415,48.416
49091,3263,3560,3630,3536,3584,4233,4926,4055,3964,5721,7920,5008,3980,4612,5685,4537,9.16455,5.36286,8.64431,48.1427
49092,3129,3197,3284,3359,3238,3409,3895,3890,3522,3991,5121,5623,3370,4262,7970,10480,30.2284,18.5588,8.68805,47.8267
49093,4448,7374,9090,5164,4030,4795,5109,4268,3516,3725,3744,3631,3293,3388,3388,3301,-28.9153,2.46999,8.59792,48.176
49094,7570,6163,4145,3406,7846,6244,3922,3500,4571,4307,3567,3216,3538,3616,3287,3085,-14.3663,-18.8533,8.76063,47.9887
49095,3083,3237,3352,3371,3226,3448,3985,3864,3487,4065,5308,5632,3600,4553,8727,9129,25.8882,15.5777,8.82278,48.0447
49096,6034,5133,3804,3394,8542,6347,3996,3479,5432,4693,3716,3355,3965,3712,3413,3139,-7.97352,-19.555,8.60028,48.1027
49097,8073,5127,3793,3337,9645,5155,3835,3425,5021,4209,3562,3262,3651,3545,3323,3158,-12.6663,-30.3356,8.91366,48.0807
49098,3525,4089,5634,5688,3487,4396,7557,7001,3341,3911,4730,4773,3219,3484,3762,3760,-9.71758,14.1458,8.66762,48.238
49099,3711,3533,3218,3174,4570,4003,3558,3167,9039,5378,3785,3327,8949,5465,3796,3296,14.8552,-26.5318,8.99331,47.9793
49100,3414,3421,3186,3110,4246,3900,3406,3156,7777,5043,3720,3439,10789,5623,3827,3540,19.265,-30.1334,8.86291,47.7313
49101,10900,6476,3950,3484,7135,5137,3845,3328,4141,3873,3456,3204,3398,3373,3132,3091,-20.8927,-22.9483,8.98291,47.9487
49102,3660,4171,4845,4331,3715,4911,7761,5332,3623,4408,6055,4675,3502,3612,4065,3847,-3.8241,8.50358,8.7229,48.342
49103,3111,3214,3412,3465,3125,3600,3922,4276,3432,3714,5047,7241,3344,3905,6318,11102,21.299,25.3278,8.5761,48.152
49104,3312,3614,4312,4902,3370,3826,5033,8561,3296,3681,4841,7768,3274,3526,4002,4515,-1.25264,33.0564,8.52314,47.8887
49105,3442,3314,3225,3165,3912,3803,3425,3242,5962,4774,3653,3420,12502,5946,3930,3437,30.0305,-32.9935,8.58618,47.4347
49106,3485,4230,5919,5603,3615,4589,7673,6694,3371,3864,4663,4428,3240,3470,3624,3720,-10.8024,13.1768,8.72567,48.1253
49107,3223,3308,3289,3260,3708,3782,3789,3634,4195,5061,5146,4296,4696,7843,8162,4880,24.5818,0.897752,8.8271,48.1813
49108,3368,3758,5215,8662,3418,3733,5272,9241,3176,3624,4151,4852,3080,3313,3560,3629,-14.0622,27.8938,8.95154,48.0347
49109,3383,3536,3470,3199,3921,4268,4131,3566,4774,7469,5553,4062,4763,6695,5456,3962,13.9986,-4.14806,8.93601,48.1387
49110,3214,3280,3330,3342,3389,3710,3860,3759,3727,4420,5362,4861,3875,5536,9958,6338,33.8956,8.38473,8.86489,47.974
49111,3154,3203,3353,3354,3211,3344,3728,4017,3326,3737,4810,6525,3337,3951,5987,12334,24.4553,30.6495,8.96996,47.5807
49112,3135,3459,3832,4337,3309,3729,4703,6813,3323,3769,5493,9241,3354,3678,4405,5692,4.50365,24.5651,8.74277,48.1813
49113,6866,5574,4011,3415,8579,6381,4133,3493,4996,4533,3706,3357,3822,3571,3373,3143,-11.453,-19.8088,8.74909,48.6353
49114,4361,3863,3588,3160,7011,4718,3672,3281,9120,5340,3822,3494,5571,4424,3560,3255,3.75295,-25.6372,8.78291,48.16
49115,3238,3359,3438,3471,3270,3456,3817,4070,3394,3870,5048,5796,3347,4140,7418,10747,33.8255,19.9091,8.88851,47.9193
49116,3839,3933,3744,3398,4801,5808,4331,3613,5484,7667,4926,3515,4491,4931,4094,3536,4.10548,-8.86367,8.60984,48.074
49117,3372,3936,5275,8298,3386,3835,5229,9391,3148,3569,4107,4964,3046,3305,3545,3697,-13.1588,26.7726,8.94299,48.0687
49118,3414,3994,5918,9888,3398,3874,5311,7803,3200,3499,4072,4315,3178,3267,3385,3503,-17.9149,24.5704,8.8592,48.0127
49119,7876,5519,3858,3415,9283,5507,3839,3383,4979,4256,3506,3169,3681,3665,3292,3158,-12.6685,-23.7272,8.79563,48.2573
49120,3124,3251,3459,3471,3283,3619,4107,4257,3576,4042,6043,6783,3479,4395,7306,8040,17.8014,16.2709,8.97788,48.1567
49121,3525,3430,3346,3088,4197,4188,3640,3342,6589,6093,4081,3491,8270,7340,4467,3448,18.3627,-16.7493,8.94997,48.3567
49122,3298,3667,4281,4362,3377,4027,5957,6417,3379,4056,6555,6763,3328,3697,4486,4796,1.44526,16.3085,8.64659,48.2973
49123,3514,4248,5719,5166,3663,4739,8267,6238,3469,3968,4850,4537,3173,3439,3811,3693,-9.12071,11.2346,8.94939,48.3293
49124,3433,3533,3436,3313,3980,4278,3915,3499,5107,7236,5119,3853,5256,7143,5155,3896,15.2026,-6.82347,8.65277,48.1013
49125,3504,3610,3503,3182,4091,4395,4085,3449,5226,7631,5172,3806,5227,6646,4712,3822,13.3971,-7.34569,8.63943,48.0407
49126,3231,3186,3410,3315,3278,3495,3707,3910,3411,3730,4731,5822,3517,3801,6077,12439,32.3833,33.387,8.78815,47.3733
49127,3391,4096,7139,11404,3326,3763,5045,5899,3223,3429,3852,3997,3241,3281,3279,3420,-33.9784,21.2312,8.90151,47.8567
49128,4069,5608,7596,5171,4008,5234,6937,4851,3553,3937,4174,3796,3301,3378,3532,3386,-16.6576,5.1733,8.66006,48.354
49129,3127,3221,3494,3224,3385,3661,3875,3701,3810,4571,5268,4619,4058,6388,9730,5844,28.5965,5.89489,8.64895,47.984
49130,3334,3496,3570,3419,3607,4063,4177,3724,4162,5973,6595,4478,4249,6078,6864,4715,15.432,1.92187,8.53448,48.336
49131,5549,6617,4630,3679,5940,7748,4884,3657,4238,4511,3818,3429,3542,3714,3467,3219,-12.7851,-10.1226,8.76673,48.428
49132,4990,4503,3611,3291,7916,5868,3921,3332,6958,5323,3793,3355,4360,4038,3678,3233,-2.21061,-20.2774,8.99008,48.1133
49133,3105,3221,3403,3438,3167,3449,3740,3967,3307,3930,4912,5826,3442,4190,7174,11400,32.7952,21.1104,8.94198,47.7807
49134,3328,3896,5983,12613,3432,3707,4862,6203,3222,3344,3734,3994,3154,3267,3436,3422,-28.6808,30.1567,8.64065,47.7313
49135,3197,3264,3324,3157,3524,3805,3840,3592,4060,4883,5368,4208,4456,7582,8456,5121,23.7764,1.76266,8.80476,47.8913
49136,8279,6994,4282,3432,6884,6114,4136,3488,4195,4059,3624,3246,3598,3499,3225,3157,-17.8598,-17.4271,8.66994,48.1413
49137,3368,3339,3239,3111,3973,3688,3491,3306,5801,4950,3908,3465,10915,7593,4100,3544,30.2327,-20.2951,8.64596,47.8607
49138,4067,4761,4539,3867,4534,6912,6602,4323,3997,5118,4952,3909,3687,3750,3871,3571,-5.44216,-0.635639,8.65594,48.3067
49139,5848,9796,6656,4197,4577,5312,4703,3867,3733,3861,3651,3499,3249,3274,3150,3230,-28.1657,-5.50048,8.82221,48.402
49140,3469,3440,3209,3124,3839,3913,3492,3360,5382,5131,3985,3404,9312,8762,4635,3556,27.7484,-15.6007,8.81172,48.0087
49141,4696,7982,8265,4799,4096,5042,5142,4212,3584,3692,3788,3633,3178,3380,3417,3353,-26.2603,0.459084,8.7027,48.1727
49142,3482,3933,5272,5531,3538,4182,7189,7527,3303,3820,5019,5214,3174,3515,3876,3862,-7.6113,15.9816,8.74569,48.2913
49143,4292,6965,9290,5240,4011,4742,5162,4417,3472,3751,3819,3692,3346,3237,3451,3280,-28.6802,3.56788,8.60498,48.1113
49144,3302,3937,6348,12233,3326,3746,4876,6244,3089,3390,3845,4065,3145,3307,3395,3409,-28.6208,26.7158,8.55611,47.7713
49145,3454,4025,6579,11130,3363,3893,4915,6850,3257,3427,3928,4124,3094,3188,3379,3347,-22.0772,23.5973,8.84919,47.9687
49146,3732,4121,4003,3574,4258,6019,5516,3958,4388,6579,6091,4141,3770,4408,4210,3824,1.32826,-0.99159,8.76215,48.3947
49147,8243,5215,3765,3366,9560,5315,3837,3374,4846,4273,3566,3274,3556,3578,3281,3175,-12.9827,-33.6666,8.93415,48.1493
49148,3759,3527,3409,3214,4820,4150,3649,3264,8677,5718,3956,3450,7821,5593,3865,3264,13.3014,-22.5325,8.58489,48.0907
49149,3274,3531,4069,4467,3319,3732,4747,7277,3456,3772,5110,9089,3282,3623,4237,5201,2.88049,32.2204,8.61083,48.124
49150,4302,6687,9631,5676,3876,4681,5067,4407,3435,3656,3808,3632,3218,3341,3420,3382,-32.4462,4.92104,8.75915,48.146
49151,3164,3410,3284,3223,3480,3705,3758,3699,4006,4789,5438,4354,4469,7263,8946,5275,24.5017,3.05101,8.73274,48.1753
49152,5971,4622,3651,3142,10013,5211,3628,3339,6376,4570,3523,3312,4007,3848,3371,3174,-6.27518,-27.8781,8.95607,47.8387
49153,3133,3354,3862,3998,3259,3590,4329,6047,3294,3749,5275,10285,3314,3709,4667,6307,7.77813,27.502,8.92898,48.1147
49154,3593,3542,3419,3125,4095,4182,3699,3371,6419,6598,4204,3547,7031,7121,4461,3591,16.3595,-14.5236,8.6187,47.9987
49155,4248,6227,8029,5154,3829,5441,6530,4653,3545,3841,3963,3605,3240,3385,3480,3386,-18.4806,3.77777,8.94591,48.3707
49156,3441,3342,3251,3089,3997,3843,3349,3258,5986,4742,3818,3355,12770,6110,3906,3298,33.2904,-27.2917,8.97777,47.7033
49157,4021,4401,4053,3578,4659,6758,5202,3792,4496,6511,5177,3937,3978,4317,4026,3566,-0.290628,-4.4318,8.74637,48.3147
49158,11441,5961,4067,3431,7320,4865,3796,3360,4091,3855,3517,3263,3411,3368,3091,3119,-21.4839,-29.6787,8.60828,47.9707
49159,5707,4421,3618,3304,9377,5376,3782,3337,6697,4766,3692,3346,4276,3899,3542,3159,-4.49795,-25.1786,8.59283,48.1993
49160,3675,3710,3488,3168,4996,4617,3732,3421,8180,6682,4063,3401,6222,5404,3877,3352,10.0055,-17.6882,8.75845,47.992
49161,3749,3809,3532,3311,4380,5205,4150,3684,5354,8073,5353,3784,4580,5376,4412,3788,7.79176,-7.16392,8.52809,48.36
49162,3768,5868,9968,6708,3570,4408,5359,4892,3424,3606,3795,3780,3131,3270,3418,3293,-28.0241,8.84313,8.81835,48.172
49163,3233,3560,3731,3674,3505,4020,4794,4378,3780,5152,8383,5668,3655,4382,5753,5026,9.51873,8.87495,8.88593,48.4627
49164,3125,3296,3374,3258,3314,3558,3900,3772,3673,4157,5195,5170,3753,5121,9697,7658,26.6208,11.9756,8.76807,48.014
49165,3308,3383,3309,3164,3795,3887,3665,3392,5034,5768,4467,3643,6680,9512,5381,3964,23.2048,-9.54743,8.73609,48.2347
49166,3862,5168,7861,5731,3714,4782,7055,5270,3386,3835,4255,3932,3147,3380,3380,3451,-16.707,8.28697,8.90037,48.1393
49167,10503,5754,3919,3291,7686,5007,3756,3344,4275,3895,3484,3262,3406,3450,3284,3281,-18.933,-30.597,8.58568,47.7313
49168,3852,3719,3390,3108,5831,4429,3665,3314,9839,5336,3778,3286,6579,4762,3689,3395,8.36135,-27.8536,8.72787,47.9813
49169,3319,3378,3442,3404,3444,3842,4331,3845,3809,5141,7133,4990,3967,5202,7453,5192,15.4877,6.79699,8.57031,47.928
49170,5722,4849,3732,3397,8670,6362,4026,3382,5796,4886,3744,3396,3948,3849,3506,3207,-6.40042,-19.7835,8.53369,48.3147
49171,4639,7887,8614,5005,4120,4868,5067,4183,3527,3645,3762,3569,3173,3362,3355,3295,-27.8791,1.45113,8.8433,48.0473
49172,3127,3286,3481,3382,3387,3608,4117,4083,3751,4494,6901,5612,3773,5029,8044,6444,17.6753,10.9089,8.71356,48.346
49173,3143,3196,3387,3352,3256,3452,3870,4097,3424,3787,4888,6926,3440,3898,5908,11787,22.794,32.2108,8.50725,47.874
49174,8439,5162,3849,3398,9437,5249,3780,3356,4964,4196,3514,3224,3644,3692,3148,3071,-13.3984,-29.5815,8.86661,48.082
49175,3833,4847,6806,5220,3725,4830,7954,5367,3453,3852,4463,4163,3100,3455,3495,3500,-13.3063,8.27129,8.96176,48.042
49176,3496,3540,3440,3048,3857,4069,3899,3460,5092,6765,4882,3878,5768,7879,5451,3931,17.2242,-7.35118,8.66103,48.3033
49177,3359,3657,4010,3904,3511,4421,6200,5007,3719,4815,7642,5633,3419,3959,4638,4406,3.12862,9.70893,8.68942,48.2
49178,6898,5077,3869,3388,9947,5143,3813,3402,5479,4210,3597,3293,3856,3629,3382,3152,-9.92097,-32.5895,8.77306,48.09
49179,4606,6503,6244,4334,4290,6538,6153,4209,3774,4296,4022,3787,3438,3506,3530,3390,-15.2217,-1.02993,8.61911,48.4133
49180,5015,7576,5902,4133,4761,6620,5311,4045,3895,4083,3868,3562,3388,3468,3388,3349,-17.0643,-4.01016,8.72241,48.2427
49181,3242,3599,4158,4718,3350,3609,4852,8422,3346,3772,4876,8394,3222,3529,4217,4860,0.0427664,29.3712,8.93131,48.1107
49182,3414,3428,3147,3188,3894,3964,3459,3306,5429,5055,3994,3503,9580,8532,4390,3649,29.8393,-16.4249,8.61604,47.9547
49183,3376,3793,4573,5713,3410,3730,5178,9931,3311,3577,4465,6457,3206,3458,3835,4217,-5.68012,32.4247,8.88415,48.1533
49184,3145,3337,3379,3359,3380,3565,3787,3770,3622,4537,5599,4685,4003,5777,9874,6426,25.5148,8.30264,8.74283,48.1633
49185,4966,8687,7794,4586,4255,5075,4846,4121,3511,3758,3691,3555,3311,3324,3341,3293,-27.0188,-1.36393,8.51308,48.076
49186,3079,3366,3703,3710,3334,3663,4349,5398,3403,3832,5207,9694,3389,3802,4878,6891,9.7314,32.6044,8.55594,47.7987
49187,3125,3105,3370,3347,3199,3477,3832,4068,3394,3716,4772,6758,3499,3928,5795,12134,23.5734,31.9814,8.96881,47.6793
49188,3494,4321,6883,8173,3476,4067,6056,7017,3320,3563,4157,4364,3134,3370,3523,3555,-17.3166,17.6421,8.79889,48.3153
49189,3951,3661,3324,3148,5388,4657,3717,3388,8869,6303,4033,3401,6293,5116,3833,3358,8.96032,-20.2815,8.69732,48.2933
49190,3399,3899,4857,4892,3504,4252,7304,6968,3386,4015,5724,5422,3256,3555,3985,4078,-4.42286,14.2938,8.84032,48.3307
49191,3461,3275,3189,3088,3975,3833,3529,3210,5749,5104,3807,3362,11590,7155,4158,3407,29.379,-21.489,8.74581,47.928
49192,6021,4575,3737,3183,9850,5354,3788,3325,6304,4550,3662,3269,4091,3815,3327,3081,-6.31635,-26.4764,8.8699,47.9547
49193,3450,3228,3310,3263,3814,3755,3586,3240,5882,4796,3711,3325,12537,5865,3816,3357,33.5852,-32.6302,8.93713,47.29
49194,8840,7210,4276,3453,6937,5672,3931,3412,4036,3985,3639,3356,3479,3454,3247,3128,-19.1923,-18.5069,8.8237,48.0367
49195,3402,3664,3548,3426,3957,4564,4459,3675,4567,7365,6389,4192,4296,5602,5218,4056,10.1512,-2.22918,8.84096,48.2533
49196,3348,3362,3318,3189,4024,3772,3366,3245,5960,4612,3684,3368,12413,5899,3804,3339,33.8038,-33.3972,8.81485,47.1353
49197,3238,3725,4611,6247,3294,3729,5534,10045,3233,3630,4568,5950,3167,3413,3789,4057,-7.20337,25.317,8.89352,48.1533
49198,3774,5725,10052,6870,3695,4353,5137,4780,3322,3652,3739,3690,3101,3219,3236,3300,-30.6662,8.91063,8.86817,47.7633
49199,3068,3375,3790,3835,3283,3592,4292,5685,3351,3743,5235,9957,3409,3757,4881,6677,9.60883,32.6199,8.55934,47.9533
49200,3220,3422,3633,3679,3353,3943,4754,4398,3652,4712,7858,6105,3666,4426,6187,5560,11.5441,10.9109,8.78695,48.3787
49201,3760,3817,3474,3281,4678,5157,3976,3467,6101,8151,4804,3482,5039,5507,4195,3636,7.8479,-11.3164,8.94109,48.35
49202,3531,3560,3366,3295,4195,4629,4003,3557,5575,7986,5046,3758,5113,6092,4683,3785,11.0347,-8.61495,8.73306,48.116
49203,3675,3583,3258,3161,4868,4239,3436,3193,8950,5776,3808,3470,7771,5551,3877,3354,12.9649,-22.08,8.86377,47.98
49204,3163,3186,3436,3346,3130,3447,3780,4009,3256,3800,4810,6705,3370,3912,6358,11975,23.9258,26.6205,8.90367,47.7887
49205,3447,3902,4546,4650,3492,4345,7165,6174,3480,4149,5926,5617,3313,3647,4256,4202,-2.4183,13.391,8.63375,48.2073
49206,11640,6971,3967,3304,5784,4924,3905,3320,4002,3860,3389,3183,3428,3453,3104,3144,-31.6428,-22.4508,8.61996,47.5853
49207,3170,3569,3964,4360,3430,3825,5292,6347,3422,4046,6182,8015,3346,3666,4574,5205,3.51851,19.0895,8.77669,48.2753
49208,6925,9940,5385,3922,4897,5232,4453,3719,3738,3901,3682,3386,3333,3458,3339,3094,-32.6168,-9.49033,8.61176,48.2693
49209,3917,5220,8196,6167,3652,4553,6826,5316,3332,3686,4115,3994,3172,3392,3381,3344,-17.4727,9.54538,8.91155,48.1753
49210,3226,3605,4026,4317,3342,3809,5159,6708,3423,3790,6029,8528,3333,3661,4516,5013,3.00201,20.7039,8.93228,48.3233
49211,11060,7315,4067,3461,6006,5138,3905,3389,3959,3785,3379,3239,3307,3368,3228,3054,-26.7066,-20.5105,8.89784,47.7733
49212,4052,5690,8412,5666,3860,4850,6587,4897,3476,3912,4114,3743,3071,3401,3497,3319,-19.1947,6.89433,8.67831,48.3647
49213,3386,3825,6013,10241,3453,3856,5139,7838,3265,3488,3959,4326,3109,3218,3466,3575,-18.221,25.3343,8.69209,48.1047
49214,3295,3860,5966,12474,3394,3874,4800,6002,3325,3351,3690,3847,3171,3212,3395,3480,-32.2115,27.5504,8.67726,47.424
49215,3196,3339,3416,3306,3504,3619,3800,3591,3939,4804,5145,4485,4263,6978,9359,5406,29.5635,3.97712,8.50473,48.1
49216,6437,4874,3866,3293,9701,5422,3812,3327,5823,4330,3673,3268,3860,3794,3358,3164,-8.56565,-25.1907,8.91585,48.0013
49217,3342,3975,6595,12314,3349,3745,4881,5798,3264,3465,3765,3976,3100,3218,3348,3471,-31.482,25.5416,8.64613,47.7373
49218,3687,3620,3460,3185,4444,4395,3763,3424,6946,7133,4398,3537,6434,6410,4208,3434,13.1496,-14.6257,8.99961,48.3187
49219,12478,5910,3815,3486,5924,4637,3708,3400,3922,3760,3346,3277,3407,3521,3293,3200,-33.4538,-31.4479,8.79954,47.3893
49220,3428,3915,5936,12326,3410,3719,4615,5953,3281,3472,3872,3949,3184,3256,3329,3417,-32.0523,30.6887,8.55326,47.3747
49221,3469,3941,6209,11900,3359,3783,4927,6759,3155,3413,3848,4080,3079,3145,3344,3371,-23.1627,26.8519,8.96368,47.8547
49222,3678,5178,9751,7334,3622,4206,5254,4951,3324,3558,3909,3806,3134,3275,3407,3326,-33.6264,11.1209,8.80162,47.8087
49223,3405,4054,6781,11877,3451,3878,4836,6013,3270,3424,3607,3840,3163,3219,3342,3357,-29.5876,23.3709,8.71583,47.678
49224,3171,3203,3325,3348,3339,3550,3783,3960,3480,3759,4660,6239,3342,3867,6044,12665,27.6169,30.9777,8.80942,47.8233
49225,10500,6561,4087,3354,7128,5196,3719,3447,4254,4018,3555,3173,3442,3432,3287,3111,-20.9031,-22.0676,8.71381,48.176
49226,3980,6428,9859,5857,3882,4502,5120,4494,3440,3725,3702,3672,3152,3315,3314,3308,-30.4942,5.44435,8.90476,47.8333
49227,3498,3402,3217,3116,4309,3980,3532,3234,7353,5274,3848,3340,10397,6133,4080,3341,19.7586,-23.3337,8.60129,48.036
49228,3430,4138,6864,11817,3415,3788,4972,5909,3252,3453,3737,3951,3185,3244,3416,3301,-31.3961,22.4132,8.89246,47.9147
49229,3228,3375,3481,3460,3401,3870,4205,3943,3926,5087,7041,5074,4081,5388,7584,5379,16.155,6.44059,8.63328,48.3487
49230,3274,3293,3373,3350,3535,3890,3868,3538,4326,5481,5291,4136,4848,8231,7431,4514,21.8753,-0.984714,8.75418,48.2527
49231,3987,3870,3480,3215,6096,4736,3827,3302,8997,5905,3844,3425,5694,4628,3807,3275,6.10724,-21.7818,8.55648,48.0587
49232,4641,4282,3583,3262,7966,5451,3820,3393,7734,5355,3862,3265,4671,4160,3601,3383,-0.641216,-21.9313,8.93181,48.286
49233,3381,3648,4276,4285,3533,4180,6419,5584,3492,4360,6920,6073,3519,3754,4435,4315,0.895982,12.7688,8.86121,48.116
49234,3331,3400,3423,3284,3690,4075,3732,3496,4431,5753,5351,3988,5088,8043,6893,4436,20.9115,-2.53658,8.68399,48.276
49235,3074,3215,3280,3334,3326,3506,3860,3943,3480,4040,5292,5632,3521,4569,8653,9407,26.603,15.9077,8.64514,48.088
49236,4431,5692,4693,3869,4854,7846,5946,3908,3993,4931,4250,3618,3559,3682,3553,3353,-9.5939,-4.75894,8.98147,48.1187
49237,3686,4590,5364,4528,3822,5673,7978,4972,3575,4310,5110,3996,3397,3650,3747,3600,-7.90515,5.26932,8.83897,47.9987
49238,3145,3169,3371,3392,3111,3460,3770,4032,3431,3785,4956,6559,3386,4050,6451,11790,24.5955,24.7915,8.74413,47.9053
49239,3480,3875,4276,4102,3610,4685,6630,4778,3849,4941,7182,4749,3550,3993,4408,4011,1.15599,6.65559,8.53192,48.0793
49240,3428,3590,3897,3726,3734,4390,5481,4316,3890,5500,7907,5142,3784,4235,5028,4356,5.61328,5.95714,8.57378,48.2693
49241,4936,4328,3501,3260,8593,5064,3791,3319,7825,4833,3733,3366,4506,3963,3516,3326,-1.26586,-31.9602,8.81569,47.9067
49242,3156,3265,3475,3345,3409,3714,3950,4005,3547,4327,5995,5659,3592,4712,8473,7732,20.8472,13.4829,8.82186,48.2373
49243,4184,3832,3485,3198,6881,4740,3640,3344,9584,5024,3696,3293,5549,4375,3632,3296,4.45725,-31.1194,8.70358,47.8353
49244,3249,3340,3287,3117,3750,3796,3713,3403,4601,5191,4663,3838,5862,9828,6531,4026,29.9676,-5.94179,8.78464,48.13
49245,3625,4862,9308,8411,3569,4084,5356,5338,3308,3516,3842,3980,3161,3222,3311,3376,-26.0031,13.6366,8.98258,48.1793
49246,3065,3217,3455,3424,3245,3368,3642,4004,3439,3724,4775,6047,3376,3826,6057,12546,32.8253,27.8211,8.68591,47.4733
49247,3273,3463,3289,3187,3767,3885,3504,3341,5440,5471,4165,3647,8254,9007,4741,3656,25.6602,-13.952,8.59773,48.06
49248,3174,3291,3422,3224,3642,3760,3888,3530,4306,4819,5127,4151,4641,8121,7982,4708,33.9826,-0.0411277,8.58344,47.8573
49249,5700,9579,6805,4253,4524,5190,4644,3887,3693,3912,3669,3495,3359,3264,3334,3153,-30.4846,-4.46629,8.67215,48.3073
49250,3342,3697,3973,3746,3674,4424,5585,4388,3780,5195,7946,5229,3664,4176,5062,4453,5.53053,7.47097,8.84156,48.2227
49251,3431,3247,3279,3124,3913,3759,3456,3217,5782,4751,3784,3421,11737,7050,3982,3455,31.3932,-21.7594,8.80141,47.592
49252,3274,3374,3368,3102,3696,3970,3765,3470,4765,6070,4831,3784,5546,8866,6120,4216,20.6994,-5.43697,8.94592,48.1447
49253,3433,3458,3266,3113,4266,4077,3459,3315,7958,4932,3833,3397,10496,5690,3869,3338,18.3825,-33.6934,8.92913,47.9333
49254,4185,5666,5694,4314,4316,6420,6841,4377,3719,4346,4491,3733,3354,3636,3498,3352,-11.6583,0.481181,8.58775,47.9613
49255,9410,5490,3874,3362,8664,5214,3761,3386,4445,4001,3516,3250,3551,3440,3303,3153,-15.9946,-33.9849,8.96704,47.88
49256,3388,3331,3252,3204,3891,3776,3366,3234,6268,4729,3768,3429,12714,6031,3893,3429,27.5197,-29.5156,8.97982,47.802
49257,3949,5885,9851,6542,3773,4311,5477,4756,3454,3667,3900,3758,3129,3286,3317,3144,-26.5487,8.11897,8.85566,48.1327
49258,3117,3245,3396,3522,3307,3482,3972,3980,3551,4049,5464,6034,3445,4338,8095,8974,22.2652,16.4642,8.56218,47.9807
49259,3230,3429,3971,4184,3339,3882,5137,6226,3442,3966,6217,8261,3340,3715,4484,5347,4.11455,19.8863,8.81218,48.1133
49260,3174,3254,3397,3513,3247,3513,3753,3961,3414,3907,4953,5781,3359,4057,6787,11736,32.3899,23.0753,8.52561,47.8707
49261,3518,4286,7175,9335,3425,4014,5567,6687,3299,3471,3838,4263,3071,3187,3385,3355,-20.4178,19.1163,8.52408,47.9173
49262,3616,3729,3447,3106,5164,4184,3581,3227,9506,5294,3845,3425,7552,5141,3884,3267,11.6244,-30.0322,8.57692,47.9787
49263,11221,6339,3896,3267,7059,5094,3797,3227,4171,3804,3417,3193,3432,3441,3281,3060,-21.2093,-24.3206,8.83811,47.7993
49264,3417,3526,3288,3123,4066,3769,3569,3352,5582,5601,4105,3558,8467,8636,4744,3708,23.2968,-14.7117,8.68855,48.3407
49265,3875,4151,3814,3375,4502,6214,4775,3874,4808,7340,5395,3933,4070,4541,4222,3574,2.20304,-5.36322,8.5985,48.3087
49266,3806,3814,3401,3192,5345,4211,3639,3258,9915,5288,3788,3392,7408,5025,3832,3153,10.561,-27.2382,8.83473,48.3113
49267,3718,5300,9777,7408,3679,4339,5220,4919,3349,3585,3870,3752,3114,3265,3404,3410,-31.0137,10.1858,8.70649,48.0727
49268,4787,6753,6073,4232,4561,6724,5997,4067,3866,4118,3852,3649,3330,3466,3599,3260,-15.4191,-2.019,8.64033,48.2227
49269,3055,3265,3354,3293,3527,3586,3786,3698,3739,4460,5628,4691,4149,6013,9714,6041,26.201,7.01563,8.74341,47.9993
49270,3214,3521,3577,3569,3450,3873,4626,4253,3687,5080,7937,5766,3691,4651,6405,5216,11.9441,9.08003,8.5143,48.344
49271,3387,3472,3208,3085,4146,4111,3586,3307,6346,6338,4148,3399,8035,7507,4456,3467,18.5567,-15.8212,8.92015,47.9987
49272,4888,8157,7613,4698,4251,5565,5183,4155,3608,3828,3869,3522,3223,3312,3354,3302,-22.5192,-0.921255,8.73522,48.352
49273,3295,3359,3125,3219,3810,3913,3692,3412,4933,6345,4585,3854,6173,9018,5509,3830,20.5103,-8.20835,8.8359,48.048
49274,3294,3948,6267,12507,3318,3649,4719,5951,3273,3412,3711,3909,3126,3157,3411,3479,-33.3727,25.7255,8.87895,47.4207
49275,4768,5680,4452,3726,5386,8234,5092,3711,4267,4962,4108,3612,3655,3712,3560,3299,-9.06327,-7.4067,8.67188,48.1493
49276,9838,7030,4271,3513,6864,5542,3939,3477,4155,4030,3519,3305,3477,3255,3254,3042,-20.4595,-19.7885,8.83239,48.3407
49277,3291,3389,3301,3216,3606,3795,3825,3510,4213,4970,4983,4136,4823,8242,8148,4699,31.5298,-0.232481,8.53841,48.098
49278,3353,3614,3907,3902,3418,4096,5771,4906,3668,4571,7808,6166,3561,3931,5041,4693,5.1119,11.3325,8.6078,48.2707
49279,3689,5359,9435,7214,3620,4343,5642,5190,3280,3518,3964,3724,3084,3274,3362,3278,-24.2645,10.7014,8.82507,47.984
49280,3573,3597,3543,3243,3905,4585,4289,3616,4681,7473,6108,4133,4485,6009,5332,3931,11.7818,-2.74872,8.56759,48.3353
49281,3346,3982,6500,11560,3276,3824,5041,6772,3277,3439,3805,4040,3056,3134,3409,3508,-23.9417,24.3511,8.72684,47.9793
49282,3170,3252,3397,3498,3396,3636,3869,3663,3758,4592,5248,4662,3945,6157,9797,6190,27.8207,6.97473,8.811,48.1533
49283,3276,3596,4111,4647,3304,3751,4985,7586,3395,3753,5077,8585,3188,3616,4306,5045,1.73565,25.8792,8.59412,48.1473
49284,6867,9890,5626,3796,4927,5262,4360,3770,3882,3813,3673,3279,3331,3357,3324,3099,-31.5899,-9.39496,8.78536,48.1707
49285,4073,5584,7194,5030,3857,5300,7192,4774,3572,3906,4252,3904,3263,3487,3545,3448,-15.7202,5.12151,8.74104,48.254
49286,3293,3804,4633,5416,3358,3992,6332,8695,3380,3810,4998,6330,3211,3455,3792,4178,-5.13101,20.0754,8.90806,48.4513
49287,3622,3913,4325,3941,3841,5214,6729,4636,3873,5164,6540,4507,3627,3971,4206,3945,-0.487085,3.81771,8.54615,48.036
49288,3573,3479,3300,3143,4273,4024,3553,3204,6878,5798,4010,3404,8870,6911,4239,3432,18.4649,-18.4667,8.69516,48.0607
49289,3789,3660,3365,3117,5131,4303,3674,3301,8792,6080,4147,3409,6728,5296,3911,3348,10.3612,-20.6612,8.921,48.034
49290,3338,3369,3274,3158,3892,3912,3550,3302,5589,5109,3954,3447,9923,8160,4421,3541,31.0417,-17.4756,8.67912,47.9593
49291,3438,3408,3249,3099,3808,3824,3491,3253,5951,4682,3769,3356,12556,6072,3881,3356,29.0463,-30.3906,8.5713,47.462
49292,3842,5326,9884,7147,3636,4341,5306,4952,3309,3593,3793,3781,3218,3353,3333,3243,-32.4806,10.042,8.82027,48.038
49293,4291,5574,5765,4359,4310,6461,6902,4363,3845,4263,4312,3771,3433,3469,3572,3481,-12.2723,0.748474,8.7275,48.114
49294,11488,5907,3902,3465,6733,4806,3937,3413,4013,3870,3385,3266,3340,3426,3219,3254,-23.3124,-33.1486,8.7145,47.616
49295,3575,3385,3276,3086,4204,3967,3520,3307,7069,5490,3993,3460,9462,6700,4133,3390,19.1056,-20.1602,8.93511,48.0113
49296,8176,5272,3774,3317,9271,5323,3813,3317,4834,4099,3579,3266,3709,3653,3303,3184,-13.1967,-26.4818,8.7855,47.9267
49297,7242,4990,3734,3361,9725,5148,3798,3357,5537,4365,3642,3318,3791,3655,3297,3067,-10.4269,-29.9062,8.64995,48.018
49298,5556,4443,3703,3281,9558,5184,3808,3394,6815,4669,3635,3290,4227,3826,3552,3190,-4.60542,-32.7095,8.93435,48.0873
49299,6002,9518,5991,4090,4830,5637,4457,3849,3817,3854,3738,3415,3323,3297,3386,3083,-24.2684,-7.134,8.70284,48.1913
49300,3053,3209,3530,3494,3148,3528,4079,4466,3399,3896,5517,7928,3424,4032,6142,9426,17.4284,22.367,8.84046,48.1807
49301,5916,7005,4661,3713,6042,7459,4781,3628,4107,4393,3803,3293,3435,3550,3383,3329,-14.041,-10.7214,8.70881,48.332
49302,3402,3603,3647,3533,3719,4195,4739,4096,3948,5470,8022,5144,3602,4764,5812,4801,9.601,6.02543,8.86087,48.3313
49303,3763,5471,9818,6919,3680,4460,5330,4873,3327,3574,3840,3733,3193,3346,3374,3312,-33.4601,9.79218,8.66808,48.0087
49304,4362,3940,3440,3182,6925,4751,3773,3360,9210,5111,3779,3309,5466,4507,3670,3267,3.80881,-28.5495,8.70349,48.0347
49305,4058,6156,10017,6133,3722,4608,5448,4505,3342,3669,3773,3711,3187,3333,3336,3308,-25.5081,6.88817,8.97372,48.204
49306,3718,3540,3464,3145,5110,4148,3474,3276,9775,5235,3740,3404,7683,5088,3848,3340,11.6661,-29.4816,8.99522,47.992
49307,3309,3288,3431,3188,3532,3809,3621,3509,4086,4912,4825,4224,5003,8407,8083,4731,30.6333,-0.838551,8.86349,47.972
49308,3379,3504,3150,3279,3776,3801,3542,3399,5022,5075,4101,3613,7451,9996,5207,3621,28.3271,-11.0701,8.88684,47.944
49309,3178,3564,3478,3345,3600,3915,4373,3852,4089,5677,7119,4751,4128,5474,6578,4774,13.8562,3.76224,8.61571,47.93
49310,7042,9332,5225,3839,5124,6104,4365,3614,3848,4006,3679,3415,3333,3353,3267,3096,-21.8498,-10.3826,8.81003,48.428
49311,3980,5342,7890,5614,3836,4990,6837,4939,3548,3851,4228,3910,3255,3362,3461,3429,-17.5706,7.09582,8.53278,48.3147
49312,6314,5107,3902,3348,8852,6366,3787,3384,5336,4643,3670,3338,3849,3817,3425,3149,-8.97827,-20.18,8.75476,48.1913
49313,3107,3195,3368,3495,3230,3554,3968,4282,3448,3812,5099,8491,3296,3802,5587,10096,17.4524,31.3337,8.97602,47.8867
49314,3084,3219,3371,3206,3311,3602,3853,3735,3661,4187,5391,4976,3777,5178,9689,7489,27.4515,11.2501,8.68058,47.8193
49315,11744,5905,3927,3322,6994,4946,3731,3388,4106,3730,3577,3248,3245,3405,3162,3084,-22.1362,-28.6268,8.63615,47.676
49316,3627,3592,3299,3167,4737,4023,3502,3134,8501,5595,3906,3406,8620,5785,4062,3329,15.0688,-23.0332,8.74168,48.19
49317,3502,4365,8485,9386,3427,4111,5105,5470,3310,3397,3919,3766,3183,3225,3314,3361,-32.1369,16.3293,8.72159,47.5507
49318,3360,3860,6536,11824,3375,3812,4894,6026,3308,3501,3904,4031,3174,3241,3401,3370,-33.8116,23.7236,8.60637,47.7447
49319,8460,8744,4688,3536,5627,5446,4094,3534,3948,3850,3507,3326,3360,3388,3311,3117,-24.2811,-14.5952,8.65404,47.9573
49320,3237,3367,3306,3182,3557,3770,3806,3570,4185,5074,5034,4047,4952,8460,8262,4833,26.185,-0.0253057,8.9285,48.428
49321,3247,3570,4179,4805,3337,3746,5141,7805,3407,3767,5414,8143,3115,3574,4119,4767,0.391141,24.0345,8.71843,48.0907
49322,3788,3546,3361,3233,5386,4134,3559,3212,10096,5167,3789,3338,7273,4891,3811,3430,10.5405,-32.0784,8.93627,48.0093
49323,3224,3434,3833,3839,3221,3750,4490,5485,3374,3985,6252,8933,3364,3894,5053,6232,8.18599,20.7048,8.61298,48.242
49324,5748,6410,4488,3668,6120,7517,4676,3683,4343,4529,3900,3281,3585,3778,3409,3143,-12.6137,-11.7117,8.54777,48.1853
49325,3747,4873,5821,4653,3899,5772,7517,4964,3650,4292,4709,3966,3457,3537,3778,3572,-10.2867,4.50814,8.57126,48.138
49326,4338,4912,4272,3749,4964,7927,5463,3808,4450,5547,4533,3758,3743,3995,3724,3367,-5.1596,-5.59261,8.77366,48.3667
49327,3691,4940,9623,7887,3679,4097,5363,5197,3253,3591,3897,3679,3079,3361,3399,3257,-27.2023,12.5868,8.96845,47.9953
49328,4678,4062,3576,3238,7794,5130,3856,3236,8462,5239,3830,3319,4954,4269,3609,3182,1.05187,-24.4117,8.68344,48.2893
49329,8127,9201,4783,3673,5317,5318,4130,3537,3977,3911,3656,3260,3331,3399,3186,3065,-25.8216,-13.0905,8.85885,47.914
49330,3978,3882,3400,3199,6077,4507,3679,3316,9607,5395,3683,3365,6115,4717,3735,3289,7.30956,-26.1501,8.66655,47.9627
49331,3192,3352,3260,3146,3415,3704,3761,3553,4209,5253,4959,4330,4968,8659,7868,4545,25.8979,-1.10856,8.77822,48.116
49332,3556,3436,3352,3063,4684,4085,3594,3226,9085,5169,3846,3328,8880,5418,3838,3367,14.5212,-29.348,8.79008,47.9513
49333,3104,3386,3303,3381,3175,3387,3776,3984,3418,3755,4833,6645,3409,3897,5967,12074,24.4623,31.9237,8.57147,47.6627
49334,3172,3226,3558,3544,3223,3531,4079,4350,3384,3762,5118,8184,3361,3915,5684,10094,17.5167,29.1564,8.89518,48.1233
49335,3325,3397,3285,3179,3603,3737,3739,3444,4546,5109,4642,3829,5686,9468,6728,4144,30.8115,-4.9826,8.59585,47.9073
49336,5328,5031,3863,3299,7613,7099,4163,3526,5378,5147,3856,3434,3912,4020,3449,3193,-6.52425,-16.0672,8.90864,48.2073
49337,4523,7401,8612,5149,4085,4890,5460,4396,3540,3722,3713,3612,3173,3320,3368,3249,-23.7345,2.40392,8.93027,48.142
49338,7501,4874,3845,3337,9596,5324,3871,3380,5283,4232,3563,3408,3770,3602,3394,3170,-10.9989,-28.1637,8.60215,48.1
49339,5190,4367,3704,3230,9135,5171,3903,3335,7379,4645,3659,3346,4510,3836,3495,3206,-2.79255,-27.802,8.77784,48.074
49340,3862,4837,5744,4526,3861,5842,7987,4934,3610,4133,4756,4088,3374,3548,3571,3580,-9.55387,5.09876,8.95628,48.1687
49341,3133,3350,3512,3291,3420,3629,3928,3698,3846,4616,5800,4752,4086,6095,9253,5959,23.1241,6.78042,8.95797,48.2453
49342,3314,3572,3745,3463,3546,4404,4886,4209,3999,5802,8018,4894,3798,4606,5411,4386,8.80669,4.94433,8.90474,48.0353
49343,9401,5412,3863,3444,8829,5091,3792,3409,4658,4216,3423,3140,3495,3532,3210,3165,-15.7816,-29.89,8.75872,48.0533
49344,3377,3379,3409,3254,3574,3962,3934,3566,4331,5769,5542,4120,4794,7846,7046,4555,20.2549,-1.18715,8.53642,48.3053
49345,3744,4354,4728,4135,4047,5833,7437,4678,3834,4863,5514,4310,3508,3794,3945,3713,-4.59654,3.52871,8.84148,48.2913
49346,3273,3772,4372,4252,3596,4316,6896,5726,3503,4380,6713,5578,3326,3716,4409,4224,-0.229405,11.8852,8.92328,48.0347
49347,3493,3322,3203,3276,3788,3890,3598,3287,5276,5625,4244,3635,7772,9247,5026,3734,23.0977,-12.5185,8.78164,48.2773
49348,4193,5977,6527,4606,4158,6078,6813,4574,3743,3980,4085,3890,3331,3529,3436,3255,-14.95,1.65796,8.86209,48.1167
49349,3374,3837,6235,12001,3394,3802,4885,6018,3197,3470,3862,4039,3119,3178,3357,3433,-33.1573,25.3415,8.54607,47.4673
49350,10453,6792,4058,3382,7035,5187,3844,3347,4042,3914,3543,3271,3468,3321,3303,3046,-20.6976,-22.0816,8.89833,48.004
49351,3427,4125,7281,11492,3325,3786,5011,5738,3166,3411,3790,3885,3091,3274,3297,3387,-31.8064,20.997,8.99009,47.6573
49352,3623,5272,9812,7339,3580,4246,5208,5039,3421,3611,3899,3817,3183,3283,3406,3271,-31.5195,10.9623,8.78571,48.0067
49353,12163,5987,3976,3448,6518,4795,3677,3452,3974,3757,3399,3265,3375,3376,3143,3176,-24.9865,-29.1571,8.70368,47.654
49354,7447,5284,3928,3398,9180,5557,3868,3309,5136,4293,3623,3297,3800,3698,3254,3120,-11.7835,-24.4306,8.51884,48.128
49355,3236,3754,4573,5497,3337,3972,5728,9170,3387,3758,4795,6692,3102,3352,3974,4211,-4.51113,22.7124,8.87442,48.3587
49356,3249,3477,3926,4351,3450,3630,4734,7016,3347,3837,5067,9167,3332,3752,4386,5144,2.95274,33.4735,8.72967,47.91
49357,3365,3517,3419,3304,3789,4237,4088,3551,4697,6999,5817,4004,4814,6843,5710,4129,14.8084,-3.31819,8.6559,48.1887
49358,3102,3540,3744,4334,3390,3783,4701,6548,3458,3743,5464,9287,3269,3730,4577,5702,4.90279,24.5773,8.58849,48.248
49359,3332,3572,4173,4884,3393,3656,4963,8315,3300,3846,4908,8244,3275,3642,3975,4660,-0.305286,30.0992,8.58928,48.092
49360,3063,3389,3591,3638,3340,3637,4477,4774,3475,4095,6621,7958,3394,3888,5809,6962,12.1199,18.0811,8.67877,48.074
49361,3466,4204,5936,6239,3527,4417,7145,7175,3434,3708,4614,4668,3216,3423,3813,3605,-11.6695,15.2865,8.57663,48.3933
49362,3278,3458,3324,3219,3751,3968,3785,3366,4832,6208,4844,3750,5579,8905,5878,4018,20.5875,-6.20746,8.84947,48.1087
49363,3329,3752,4058,3931,3642,4389,5918,4805,3694,4752,7772,5663,3518,4048,4771,4455,3.77685,9.42921,8.6745,48.3313
49364,3493,4381,8532,9451,3443,4091,5326,5806,3288,3551,3932,4034,2992,3250,3318,3444,-24.9382,16.5182,8.99232,48.2213
49365,3539,3452,3237,3055,4407,3925,3419,3146,8179,5008,3848,3461,10424,5602,3861,3272,18.0325,-29.4957,8.86949,47.89
49366,3280,3466,3719,3804,3483,3779,4855,4551,3527,4656,7882,6368,3554,4167,5618,5249,8.91926,11.9024,8.61471,47.972
49367,3363,3334,3186,3188,3815,3875,3602,3396,4951,5182,4340,3738,6855,9692,5580,3849,29.4388,-9.45495,8.50024,47.964
49368,3065,3176,3233,3306,3218,3368,3844,3947,3378,3804,4895,6148,3322,3978,6092,12709,27.0131,30.5576,8.87023,47.6553
49369,4137,5936,8382,5342,3956,5189,6397,4686,3425,3760,4097,3700,3265,3336,3492,3328,-18.892,4.92314,8.90669,48.2853
49370,3291,3487,3736,3610,3509,3984,4742,4130,3758,5205,8244,5304,3778,4592,5884,4854,10.5878,7.52339,8.82302,48.072
49371,4429,6894,8674,5247,3938,5066,5638,4502,3493,3740,3782,3681,3166,3368,3344,3334,-22.6012,3.26429,8.73677,48.1973
49372,3284,3423,3301,3042,3746,3746,3592,3323,5036,5877,4430,3607,6726,9630,5508,3869,23.8328,-9.45447,8.78354,48.0933
49373,3349,3410,3188,3044,3806,3949,3532,3196,5699,5224,4002,3470,9485,8498,4587,3640,26.8388,-16.1734,8.73475,48.0527
49374,8712,5780,3959,3414,8343,5568,3915,3309,4578,4148,3536,3304,3621,3504,3368,3136,-15.5297,-22.9725,8.85183,48.13
49375,3134,3367,3838,3968,3266,3789,4637,5833,3358,3846,5737,9356,3343,3728,4875,6068,6.98047,22.4426,8.90973,48.0953
49376,3125,3334,3615,3739,3217,3607,4389,4746,3444,4009,6052,8268,3463,3984,5810,7555,13.2961,20.3836,8.54417,48.238
49377,3096,3371,3574,3779,3286,3543,4297,5311,3346,3795,5277,9468,3419,3835,5114,7460,11.0304,27.5865,8.5041,47.9807
49378,4234,6459,9313,5867,3803,4632,5781,4676,3404,3697,3849,3652,3232,3282,3435,3319,-23.9019,5.9206,8.71295,48.4233
49379,3498,4179,7045,10518,3372,3918,5092,6391,3304,3485,3872,4019,3033,3304,3413,3431,-22.9193,20.9588,8.52937,47.916
49380,3247,3524,4097,4397,3376,3754,4819,7588,3317,3708,5091,8947,3156,3699,4316,5047,2.03093,32.2701,8.94538,48.0553
49381,5101,4234,3625,3323,8527,5139,3655,3229,7588,5118,3683,3291,4642,4068,3477,3268,-1.55022,-25.7999,8.826,47.9787
49382,10611,7958,4289,3539,5856,5073,3898,3381,3935,3767,3526,3213,3270,3319,3203,3165,-27.8204,-18.9208,8.94078,48.002
49383,3317,3523,3108,2967,4102,3869,3464,3175,6238,5098,3949,3434,10762,7247,4359,3396,24.2797,-20.4621,8.90257,48.0053
49384,8035,9034,4922,3645,5453,5689,4162,3543,3912,3943,3648,3344,3363,3379,3302,3039,-24.4263,-13.3617,8.68894,48.2753
49385,3629,3683,3311,3136,5044,4331,3516,3212,9732,5163,3788,3402,7599,5097,3819,3403,11.6885,-33.9887,8.97081,47.91
49386,3261,3369,3388,3321,3475,3649,3838,3605,3984,4704,5052,4488,4218,6916,9301,5469,31.9939,3.60447,8.54174,48.0253
49387,3987,5101,6041,4721,3875,5928,7741,4851,3636,4179,4524,3979,3272,3507,3588,3507,-11.2457,4.15801,8.68649,48.2913
49388,2978,3355,3437,3401,3335,3586,3887,3845,3708,4118,5513,5123,3789,5140,9541,7628,25.1886,11.4815,8.85416,48.256
49389,3555,4329,6403,5862,3632,4440,7450,6457,3358,3719,4412,4426,3253,3338,3628,3639,-12.4663,12.6669,8.85626,47.934
49390,3894,3855,3591,3347,5276,5280,3966,3422,6987,7206,4219,3507,5098,4998,3872,3433,5.85825,-14.6158,8.57117,47.9673
49391,12728,6312,3879,3403,5989,4758,3730,3300,3986,3813,3545,3275,3336,3315,3218,3122,-30.6041,-25.7922,8.95318,47.806
49392,3080,3222,3383,3596,3322,3504,4018,4376,3394,3822,5391,8043,3394,3881,6081,9636,17.3676,23.7367,8.81482,48.0953
49393,6717,9566,5676,3937,4709,5493,4363,3708,3820,3915,3585,3375,3370,3402,3290,3169,-26.5975,-8.73785,8.53962,48.0633
49394,5325,7477,5242,3998,5137,7156,5004,3701,3951,4404,3732,3423,3465,3508,3476,3260,-15.642,-7.56483,8.62964,48.1727
49395,3295,3608,4177,3999,3497,4388,6060,4938,3679,4738,7581,5630,3523,3947,4821,4411,3.40063,9.67722,8.56374,48.1947
49396,5293,5582,4087,3496,6732,7635,4565,3650,4850,4875,3826,3377,3870,3700,3373,3261,-8.90086,-13.2883,8.572,48.1147
49397,3409,3490,3142,3090,3848,3787,3442,3249,6116,5084,3933,3400,11320,7160,4146,3476,26.8081,-21.9519,8.56648,48.0613
49398,3257,3368,3298,3221,3528,3790,3858,3511,4268,5289,5568,4226,4719,7661,7853,4684,21.6355,0.450697,8.90654,48.066
49399,3466,3424,3370,3130,4107,4126,3657,3237,6545,6205,4129,3469,7742,7429,4385,3490,18.075,-15.8996,8.75808,47.9407
49400,3324,3894,6007,12449,3373,3729,4675,5973,3255,3380,3811,3966,3215,3286,3388,3399,-30.3529,28.2943,8.89861,47.416
49401,5955,4832,3880,3274,8725,6045,3995,3391,5734,4767,3811,3335,4120,3782,3477,3155,-7.05043,-20.6234,8.65509,48.1853
49402,3631,4801,7094,5862,3681,4805,7389,5914,3386,3674,4317,4085,3158,3386,3598,3496,-14.7551,10.1081,8.58581,48.1847
49403,3916,4562,4609,3788,4320,6785,6689,4222,4069,5352,5211,3863,3712,3862,3739,3534,-4.37996,-0.502614,8.92555,48.1553
49404,3327,3421,3269,3228,3915,3971,3676,3260,5558,6003,4349,3559,7345,8835,4992,3706,20.7332,-11.941,8.96996,48.276
49405,3110,3428,3716,4120,3302,3602,4634,6044,3293,3908,5635,9669,3285,3768,4766,6047,7.26434,23.9879,8.96135,48.218
49406,3281,3694,4377,5314,3396,3727,4954,8843,3398,3755,4595,7533,3251,3461,3976,4391,-2.62532,30.4668,8.60825,47.964
49407,7963,5210,3789,3487,9345,5136,3802,3411,5058,4238,3569,3242,3700,3609,3223,3101,-12.6097,-32.0342,8.71586,47.922
49408,3473,4039,5999,8585,3475,3909,5737,8202,3247,3592,4189,4443,3127,3359,3542,3526,-15.7286,21.3784,8.75781,48.296
49409,3910,6238,9972,5948,3787,4488,5199,4642,3377,3576,3812,3747,3206,3351,3311,3394,-32.0759,6.32098,8.90451,47.972
49410,3396,3547,3400,3202,3908,4164,3819,3419,4888,6802,5172,3833,5481,7691,5553,3990,17.0266,-6.17488,8.71609,48.1767
49411,4029,3815,3397,3165,6254,4401,3742,3271,9956,5176,3689,3304,6176,4547,3715,3241,6.42142,-29.9538,8.7567,47.9187
49412,3463,3458,3351,3161,3894,3920,3553,3312,5098,6242,4513,3623,6529,8885,5307,3838,20.5359,-9.67019,8.97117,48.098
49413,3563,4822,8935,8943,3466,4168,5246,5353,3232,3543,3946,3865,3000,3294,3367,3266,-28.9133,14.5468,8.5958,48.006
49414,9676,8232,4474,3529,5871,5231,4042,3414,4043,3898,3571,3248,3252,3382,3301,3134,-25.4672,-17.2842,8.68523,48.1987
49415,3570,3889,4181,3876,3773,4948,6663,4532,3820,5314,7058,4667,3546,3984,4461,3969,1.09486,5.04567,8.65216,48.1673
49416,12247,6269,3992,3302,6050,4861,3699,3490,3993,3702,3366,3255,3364,3402,3234,3203,-30.1298,-26.3456,8.5502,47.6193
49417,9383,6684,4102,3459,7191,5567,4042,3390,4235,4104,3547,3266,3454,3428,3202,3053,-19.0387,-20.0478,8.74729,48.0713
49418,4697,7610,8137,4879,4059,5210,5589,4160,3586,3750,3903,3673,3121,3459,3270,3229,-22.306,0.90982,8.97912,48.2213
49419,3566,3779,3593,3438,3923,4838,4570,3750,4531,7251,6519,4144,4168,5296,4943,4100,8.70443,-1.61438,8.54996,48.2727
49420,9251,8285,4553,3458,5964,5666,3959,3441,4129,4007,3520,3334,3351,3376,3423,3071,-22.6701,-16.4475,8.99468,48.5253
49421,3806,4462,4645,3890,4162,6502,6930,4347,3902,5282,5464,4080,3606,3897,3968,3625,-4.09208,1.07288,8.7254,48.3787
49422,3521,4219,7697,10266,3436,3870,5132,6005,3186,3440,3881,4002,3101,3229,3396,3399,-24.6766,18.7729,8.73387,47.8533
49423,3586,3627,3451,3355,4263,4873,4036,3510,5412,8340,5179,3809,4770,5766,4588,3665,9.54634,-7.6324,8.93066,48.1533
49424,3329,3361,3247,3063,3993,3828,3533,3239,5974,5064,3899,3439,11076,7356,4116,3538,26.5657,-20.63,8.50476,48.0367
49425,3412,3508,3246,3160,4032,3840,3369,3276,6716,4874,3840,3386,11741,6057,3939,3437,22.6881,-33.9775,8.72206,47.8887
49426,5209,7528,5844,4051,4700,6639,5407,4001,3839,4093,3975,3503,3332,3389,3353,3139,-16.8971,-4.06966,8.55193,48.0013
49427,3228,3280,3427,3426,3275,3466,3787,3899,3507,4085,5156,5413,3644,4560,8602,9056,31.0272,15.4224,8.65496,47.874
49428,4004,3931,3475,3191,5141,5520,3974,3442,6695,7682,4466,3544,4881,4923,3972,3497,5.21753,-13.5243,8.97582,48.2253
49429,3710,3666,3492,3266,4756,4558,3737,3445,7740,6999,4112,3499,6229,5822,4096,3456,11.4685,-16.2525,8.99848,48.3887
49430,4000,5937,9591,6208,3748,4585,5725,4718,3353,3654,3868,3701,3166,3292,3277,3372,-24.2256,7.6812,8.79192,48.13
49431,3286,3456,3913,4152,3486,3749,4656,6364,3428,3904,5595,9355,3264,3579,4663,5771,5.74724,23.102,8.76056,48.414
49432,3787,3534,3346,3026,5104,4226,3540,3230,9295,5563,3848,3451,7651,5339,3788,3427,11.9,-24.1242,8.82539,48.1033
49433,6269,4716,3695,3383,10030,5228,3724,3403,5842,4462,3620,3268,3909,3730,3386,3175,-7.43807,-33.9675,8.76715,47.8933
49434,4617,6724,6280,4525,4223,6273,6242,4266,3705,4126,4190,3608,3389,3530,3567,3318,-15.6365,-0.682586,8.50329,48.3887
49435,3040,3265,3370,3449,3241,3497,4006,4381,3414,3780,5227,7744,3378,3885,6006,10330,18.6958,25.2041,8.93718,48.0087
49436,4753,4112,3517,3190,8102,4926,3792,3336,8296,4934,3789,3316,4869,4107,3539,3213,0.29541,-31.8465,8.71783,47.8607
49437,3310,3368,3232,3147,3746,4000,3594,3270,4719,5408,4434,3800,6426,9779,5844,4047,25.7603,-8.01423,8.84968,48.0827
49438,4058,3881,3546,3147,5921,4807,3710,3446,8706,6146,3919,3383,5532,4901,3756,3345,5.92881,-20.1552,8.61738,48.136
49439,12596,5925,3859,3351,5992,4676,3691,3337,4025,3723,3369,3328,3319,3397,3149,3193,-31.6493,-30.3785,8.75074,47.2867
49440,3539,4508,8411,9621,3509,4083,5211,5644,3212,3407,3796,3951,3115,3266,3404,3411,-27.0124,16.6649,8.87649,48.0587
49441,3232,3622,4374,5044,3420,3802,5360,8592,3248,3783,5062,7528,3196,3494,3997,4540,-1.81506,24.1879,8.76527,48.196
49442,3404,3826,5036,7892,3284,3706,5129,9664,3315,3593,4159,4950,3224,3350,3605,3744,-12.5836,30.2689,8.74399,47.9207
49443,3378,3440,3345,3072,3814,3857,3552,3273,5197,5267,4155,3610,8346,9237,4794,3509,33.5976,-13.4784,8.92609,47.8973
49444,4568,5417,4799,3856,4905,7810,5752,4048,4132,4849,4207,3725,3555,3754,3586,3231,-8.83086,-4.27185,8.69782,48.1293
49445,3108,3192,3417,3280,3320,3498,3811,3716,3667,4365,5513,5006,3825,5435,9697,7194,26.845,10.1652,8.75105,48.0293
49446,6460,4720,3765,3340,9965,5377,3830,3328,5791,4526,3697,3233,3969,3764,3339,3215,-7.89163,-33.6665,8.79914,48.2127
49447,4175,6112,7025,4832,4143,5751,6918,4663,3521,3944,4167,3842,3364,3412,3655,3352,-15.8948,3.37526,8.81941,48.584
49448,4256,4148,3557,3268,6222,5665,3855,3263,7284,6612,4032,3464,4927,4612,3715,3284,2.98104,-17.0913,8.77942,48.1093
49449,5163,9129,7255,4324,4413,5177,4762,3903,3521,3892,3738,3458,3259,3430,3364,3211,-33.4431,-3.05574,8.97132,47.9993
49450,3833,4606,4904,4200,4041,6127,7557,4692,3743,4653,5126,4119,3426,3702,3799,3546,-6.54495,2.90035,8.82012,48.0493
49451,3138,3345,3624,3554,3482,3970,4532,4128,3817,4985,7886,5551,3795,4669,6475,5285,12.5103,8.59162,8.5196,48.1573
49452,3409,4350,7779,10936,3470,3880,5017,5594,3235,3364,3753,3890,3178,3307,3332,3359,-30.3128,19.4258,8.96946,47.902
49453,3018,3146,3360,3420,3136,3448,3674,3881,3367,3787,4821,6174,3419,3903,6156,12640,28.3885,26.7345,8.89513,47.5667
49454,3544,3591,3505,3243,4066,4550,4018,3561,5356,7939,5121,3810,5114,6378,4811,3797,11.7493,-7.62768,8.74524,48.2693
49455,7071,7133,4460,3525,6714,6732,4263,3543,4267,4258,3703,3337,3404,3374,3417,3188,-16.0084,-14.6135,8.73218,48.2593
49456,3275,3665,4838,6567,3211,3864,5194,9852,3371,3670,4318,5785,3193,3238,3754,3860,-8.68135,30.9748,8.58344,47.77
49457,3160,3531,4065,4484,3353,3670,4934,7438,3462,3897,5315,8494,3184,3526,4262,5184,1.74446,24.8286,8.73882,47.9727
49458,3694,3596,3270,3131,5339,4403,3592,3376,9695,5300,3837,3356,7257,5009,3808,3413,10.5052,-28.9673,8.53651,48.0507
49459,3557,4259,7290,8473,3589,4109,5851,6679,3301,3640,4070,4273,3034,3404,3449,3554,-19.107,17.4229,8.6039,48.3547
49460,3068,3334,3402,3320,3450,3657,3821,3682,3712,4561,5125,4569,4052,6242,9830,5894,32.257,6.39491,8.75423,47.8127
49461,6351,9609,6018,3999,4663,5536,4503,3817,3755,3772,3786,3401,3343,3366,3219,3138,-26.1038,-7.60734,8.67234,48.184
49462,4139,6274,9219,5714,3852,4788,5829,4640,3335,3812,3822,3744,3166,3372,3309,3271,-23.4793,5.78392,8.73919,48.1907
49463,12275,6784,4030,3440,5905,4931,3789,3391,4001,3783,3432,3167,3379,3407,3154,3020,-29.747,-23.4917,8.96414,47.9253
49464,3493,4235,6481,6804,3605,4352,6832,6995,3355,3702,4398,4404,3032,3271,3562,3697,-13.9691,15.6835,8.79085,48.1453
49465,3444,3877,5979,11795,3375,3840,5006,6717,3182,3540,3744,3959,3230,3222,3386,3409,-23.0041,32.8303,8.7116,47.8033
49466,3705,3916,4255,3969,4030,5438,6663,4421,3965,5393,6607,4451,3631,4013,4212,3901,0.15561,3.24692,8.85384,48.38
49467,3371,3419,3235,3132,3884,4044,3463,3322,6159,5235,3883,3395,10259,7759,4307,3453,24.5397,-18.8975,8.81295,48.2133
49468,3381,3328,3293,3186,3726,3885,3635,3350,4852,5247,4379,3665,6816,9726,5536,3754,32.4335,-9.59634,8.54521,47.8393
49469,6107,4582,3731,3320,9808,5247,3810,3319,6210,4496,3690,3298,4098,3690,3442,3155,-6.52444,-31.6851,8.69834,48.002
49470,3452,4499,8899,8733,3415,4146,5276,5370,3298,3610,3884,3889,3200,3238,3322,3399,-33.8715,15.0578,8.52898,47.7533
49471,8038,5263,3795,3282,9549,5221,3867,3288,4987,4111,3595,3279,3694,3576,3251,3113,-12.8253,-29.2363,8.8104,47.9393
49472,3634,3473,3229,3200,4621,3959,3511,3232,8799,5317,3910,3260,9060,5582,3902,3365,15.6003,-25.2838,8.85831,48.036
49473,11434,5778,3866,3395,7333,4929,3894,3424,4235,3831,3454,3232,3348,3356,3202,3086,-20.9812,-28.9681,8.81474,47.8647
49474,5733,7436,4946,3813,5308,7345,4927,3770,4139,4241,3743,3343,3476,3558,3337,3156,-15.3642,-8.68336,8.76192,48.1807
49475,3280,3378,3217,3089,3900,3854,3499,3198,5650,5079,4077,3459,9751,8340,4523,3494,27.9155,-16.8811,8.65561,47.8587
49476,3393,3355,3306,3205,3984,3890,3422,3151,5924,4800,3851,3407,11971,6950,3977,3366,32.162,-22.691,8.89781,47.968
49477,3356,3633,4392,5697,3296,3766,5203,9508,3311,3751,4673,6600,3124,3467,3932,4287,-5.09259,28.2388,8.55941,47.9973
49478,3511,3320,3191,3082,4262,3924,3421,3198,7198,5074,3749,3393,11634,5842,3851,3419,21.1815,-28.8411,8.84127,48.046
49479,3278,3912,6473,11579,3380,3781,4967,6624,3143,3421,3917,4103,3120,3249,3479,3389,-23.2525,24.2299,8.67852,47.8767
49480,3141,3284,3418,3380,3269,3578,3908,4177,3528,3973,5559,5989,3609,4451,7918,9354,22.4899,17.0034,8.54964,48.3573
49481,3178,3266,3354,3500,3145,3411,3857,3865,3294,3869,4922,6026,3333,4081,6941,11523,33.8784,21.3842,8.66925,47.71
49482,12719,5939,3809,3295,6134,4727,3698,3442,3877,3787,3419,3188,3386,3524,3139,3171,-31.2117,-29.5462,8.94004,47.5027
49483,3123,3395,3412,3522,3263,3693,4028,4141,3521,4334,6200,6351,3584,4493,7621,7688,17.9982,15.1559,8.58342,48.246
49484,5339,4411,3696,3335,9181,5098,3847,3377,7002,4749,3682,3353,4377,4093,3454,3221,-3.41125,-32.25,8.79179,48.1433
49485,7499,5017,3714,3362,9716,5274,3859,3376,5082,4231,3511,3289,3717,3570,3372,3161,-11.243,-33.5022,8.85798,47.8333
49486,4582,3975,3410,3302,7618,5010,3718,3272,8737,5276,3791,3371,5081,4193,3602,3205,1.94687,-24.885,8.9951,48.0953
49487,3269,4060,6340,11585,3325,3800,5011,6959,3187,3500,3837,4101,3115,3220,3295,3357,-22.4529,25.3569,8.92418,47.974
49488,5716,4596,3698,3281,9818,5255,3751,3282,6525,4635,3661,3324,4066,3917,3355,3167,-5.43528,-33.5759,8.9367,48.0313
49489,3175,3311,3428,3534,3245,3478,3960,4363,3353,3793,5112,7898,3404,4021,5701,10023,18.1786,28.2735,8.5951,47.866
49490,3461,3545,3390,3124,3847,3717,3389,3236,5889,4650,3757,3203,12547,5927,3777,3363,32.9465,-31.304,8.76334,47.2147
49491,3258,3407,3655,3423,3566,3832,4408,3928,3900,5068,7310,5152,3836,5104,7164,5299,15.2543,7.3364,8.7063,48.2067
49492,3711,3810,3577,3159,4458,4935,3944,3495,6246,8110,4643,3712,5162,5882,4276,3521,9.85954,-10.9843,8.85381,48.4273
49493,3338,3584,3786,3741,3532,4116,5338,4382,3680,5145,8174,5481,3679,4262,5258,4680,6.85791,8.48958,8.71569,48.1173
49494,3444,3917,5457,9332,3351,3802,5060,8742,3212,3326,4130,4441,3085,3247,3507,3488,-15.8048,27.7031,8.77291,47.694
49495,3584,4873,9156,8309,3666,4153,5369,5360,3249,3556,3877,3727,3204,3261,3356,3361,-26.1696,13.542,8.61765,48.0407
49496,4023,3882,3415,3151,6559,4627,3740,3332,9858,5313,3796,3343,5857,4529,3645,3215,5.89563,-29.4427,8.79968,48.19
49497,3173,3304,3400,3300,3306,3539,3877,3722,3564,4101,5178,5079,3771,5201,9694,7571,29.6029,11.4764,8.96095,47.8533
49498,3036,3128,3290,3523,3223,3467,4025,4120,3445,4005,5443,6766,3527,4156,7163,9882,20.5149,19.9446,8.93215,48.1327
49499,9873,5811,3911,3462,8114,5163,3855,3337,4587,3858,3412,3261,3443,3466,3254,3218,-17.7498,-26.5091,8.55289,48.0167
49500,3369,3843,5086,5337,3591,4356,7366,7270,3345,3758,5235,5292,3295,3534,3885,3901,-6.44292,15.5895,8.84302,48.3087
49501,3116,3412,3560,3566,3191,3707,4080,4092,3562,4321,6667,6523,3630,4485,7155,7017,16.2682,14.1668,8.78685,48.056
49502,3099,3241,3436,3475,3305,3450,3941,4378,3334,3916,5388,7399,3347,4143,6498,9954,19.0247,21.9004,8.8835,48.2027
49503,3625,4054,5216,4739,3667,4854,7958,5610,3508,4156,5574,4678,3423,3615,3938,3732,-5.87472,9.31831,8.55895,48.2313
49504,3335,3397,3250,3115,3945,3847,3496,3218,5793,4978,3832,3583,10749,7607,4304,3397,28.0274,-19.2404,8.84268,47.8973
49505,3778,4294,4326,3899,4132,6137,6240,4196,4094,5836,5834,4368,3721,4076,4105,3721,-0.99223,0.412835,8.53819,48.5047
49506,4629,5004,4087,3493,6011,7763,4531,3658,4939,5750,4107,3463,3916,3948,3635,3200,-4.70544,-11.0348,8.59266,48.0893
49507,4152,4175,3631,3377,5341,6147,4161,3482,5981,7333,4389,3569,4612,4586,3992,3437,2.54925,-11.6568,8.77223,48.2433
49508,3358,3416,3294,3085,3955,3772,3540,3216,5966,5170,3975,3473,10226,7883,4296,3459,26.9776,-18.5658,8.52275,48.056
49509,3279,3593,4349,5324,3272,3807,5503,8850,3328,3779,5032,7273,3212,3458,4037,4448,-2.68471,23.9545,8.80357,48.3627
49510,3440,3250,3192,3129,3883,3866,3411,3267,6575,4804,3813,3404,12227,6100,3828,3307,24.2614,-29.3536,8.69771,47.664
49511,3475,3775,5769,11056,3364,3850,4956,7619,3255,3367,3957,4280,3113,3215,3486,3375,-20.1184,28.4832,8.70734,47.9413
49512,3086,3209,3514,3381,3422,3537,3955,3821,3631,4337,5882,5274,3823,4959,9083,7310,21.8735,11.7678,8.96955,48.1493
49513,4546,5818,5016,3848,4865,7890,5883,3957,4046,4723,4303,3451,3529,3580,3643,3359,-10.241,-4.41067,8.88141,48.3047
49514,9438,8728,4412,3456,5496,5223,4096,3617,3820,3892,3586,3317,3522,3390,3145,3082,-30.8918,-16.1758,8.78203,48.1467
49515,8601,5264,3808,3401,9050,5349,3833,3278,4833,4161,3578,3117,3677,3568,3355,3166,-13.8125,-27.9367,8.64443,48.026
49516,3280,3374,3414,3262,3557,3781,3732,3608,4144,5040,4909,4129,4711,8309,7954,4739,33.6583,-0.256476,8.90162,47.962
49517,3118,3344,3637,3863,3286,3674,4308,5503,3353,3891,5264,9848,3299,3757,4878,6902,10.203,30.8323,8.78743,47.95
49518,10830,5830,3923,3446,7665,5018,3874,3345,4283,3987,3445,3306,3419,3400,3176,3102,-19.573,-28.0561,8.60523,48.0327
49519,3571,3673,3528,3312,4328,4890,4090,3568,5333,8045,5240,3780,4881,5989,4525,3720,10.1914,-7.57602,8.69003,48.3153
49520,3585,3872,3708,3405,4085,5257,4829,3869,4448,7399,6325,4140,4159,4929,4758,3815,6.18115,-2.29553,8.76594,48.3887
49521,3311,3412,3221,3181,3784,3736,3644,3365,4788,5749,4566,3757,6235,9621,5798,3950,23.6065,-7.91047,8.74739,48.0787
49522,3276,3398,3713,3549,3428,3887,4832,4430,3725,4539,7898,6130,3606,4413,6145,5440,11.0683,10.942,8.7485,48.2727
49523,3263,3362,3367,3278,3660,3768,3725,3398,4371,5240,4734,3938,5458,9118,7078,4355,29.638,-3.41449,8.58774,48.0753
49524,3674,4647,8987,8908,3494,4092,5080,5367,3216,3486,3823,3740,3174,3368,3365,3373,-30.829,14.798,8.90218,47.8627
49525,12242,5924,3975,3277,6574,4825,3865,3303,3912,3792,3484,3263,3405,3397,3285,2995,-23.9321,-33.163,8.77662,47.6787
49526,3963,4227,3976,3590,4504,6735,5074,3871,4617,6893,5196,3900,3925,4211,4068,3689,0.479106,-4.53849,8.74038,48.2927
49527,6028,5064,3844,3491,8547,6369,3991,3361,5521,4833,3753,3304,3893,3793,3416,3176,-8.2169,-19.911,8.82764,48.256
49528,3676,3470,3182,3147,4620,4081,3670,3296,9026,5291,3858,3349,8735,5469,3871,3377,14.541,-26.5006,8.85215,48.0787
49529,6274,10054,5787,3982,4790,5170,4459,3759,3677,3683,3649,3410,3310,3380,3303,3185,-31.8615,-7.66296,8.98741,47.9147
49530,3030,3296,3381,3432,3192,3540,3922,4264,3394,3877,5210,7412,3483,4000,6079,10833,20.5062,25.344,8.60629,48.23
49531,3353,3841,4225,4224,3573,4365,6541,5561,3524,4387,6803,5846,3481,3744,4430,4399,0.998298,12.3556,8.70974,48.198
49532,3459,3906,5592,9435,3298,3800,5147,8519,3330,3581,4011,4546,3109,3281,3496,3639,-16.0646,32.7687,8.56576,48.0993
49533,4519,4121,3418,3191,7707,4759,3708,3321,8613,5015,3791,3231,5123,4372,3639,3269,1.40251,-30.9943,8.54248,47.8647
49534,4243,4025,3367,3167,6779,4618,3698,3243,9482,5186,3707,3414,5750,4517,3641,3284,4.63121,-27.5815,8.88763,48.0807
49535,3440,3429,3329,3109,4001,4039,3743,3298,5808,6398,4308,3640,7241,8370,4754,3712,19.3942,-13.0091,8.80382,48.4127
49536,9898,8235,4593,3569,5794,5158,3931,3574,3926,3774,3512,3121,3342,3341,3256,3123,-26.9428,-17.3987,8.56144,48.098
49537,3318,3859,4941,6594,3389,3862,5549,9717,3344,3667,4337,5818,3137,3351,3625,3983,-8.75427,24.8485,8.91858,48.3273
49538,3173,3567,4075,4554,3298,3815,4938,7562,3362,3777,5332,8703,3222,3594,4309,5155,1.99468,25.2485,8.98564,48.2907
49539,3193,3522,3592,3624,3435,3911,4787,4462,3650,4766,7975,6256,3576,4336,5879,5312,9.89731,11.4703,8.6182,48.184
49540,3853,3996,3706,3286,4978,6122,4347,3706,5615,7785,4797,3650,4403,4795,4064,3504,3.57216,-9.86108,8.8656,48.4047
49541,3521,4627,6953,5859,3767,4645,7587,5995,3418,3720,4454,4154,3292,3240,3476,3530,-14.084,11.0963,8.71499,48.1587
49542,3400,3891,5840,9743,3364,3852,5283,8020,3280,3537,3953,4509,3154,3233,3397,3502,-17.5544,24.1493,8.51392,47.972
49543,5099,7753,6276,4280,4674,6306,5339,4037,3777,4165,3941,3535,3329,3386,3296,3203,-18.5992,-4.05664,8.84496,48.264
49544,7156,4974,3761,3305,9767,5398,3838,3421,5456,4320,3639,3223,3892,3638,3281,3122,-10.249,-26.2299,8.71351,48.1273
49545,3404,3382,3218,3107,3967,3756,3487,3211,6202,5201,3789,3452,10630,7463,4299,3543,24.6062,-19.9368,8.68582,48.074
49546,12278,6564,3974,3332,5889,4895,3780,3256,3851,3746,3439,3151,3322,3335,3239,3130,-32.3208,-24.5283,8.88425,47.454
49547,3135,3387,3663,3757,3295,3595,4368,5169,3480,3965,5772,9108,3399,3880,5181,7199,11.0647,22.4008,8.54135,48.2353
49548,3252,3777,5196,7965,3479,3927,5430,9605,3267,3659,4197,5210,3090,3358,3481,3659,-11.9622,27.7645,8.95549,48.368
49549,3281,3376,3320,3182,3848,3954,3695,3459,5078,6214,4514,3709,6176,9034,5420,4073,20.5131,-8.4075,8.80986,48.222
49550,3477,3344,3257,3303,4004,3849,3333,3178,6029,4799,3682,3433,12408,6168,3899,3457,28.6045,-27.9104,8.61593,47.7467
49551,3070,3400,3429,3381,3404,3715,4118,3887,3641,4802,6911,5172,3941,5188,8211,5876,17.4818,8.46631,8.91263,48.0973
49552,4100,6578,9704,5666,3865,4629,5117,4619,3359,3572,3764,3578,3289,3396,3279,3428,-29.9269,5.25359,8.82358,47.962
49553,3858,5607,10109,6495,3755,4449,5254,4875,3358,3688,3849,3795,3128,3298,3347,3303,-33.9333,8.59217,8.70818,48.112
49554,5200,9018,7414,4490,4380,5084,4814,3988,3666,3807,3729,3494,3411,3385,3349,3295,-28.0168,-2.55508,8.74561,48.3493
49555,7546,8777,4799,3651,5640,5762,4124,3617,3935,3933,3636,3248,3365,3390,3216,3270,-21.4652,-13.1812,8.85144,47.9393
49556,3460,3531,3374,3305,3923,4194,3999,3466,5074,7296,5270,3912,5231,7181,5357,4002,15,-6.11581,8.98761,48.3833
49557,3719,3651,3356,3149,4443,4626,3860,3454,6463,7744,4598,3669,5739,6225,4385,3475,11.3955,-12.4367,8.73918,48.3707
49558,3868,3537,3347,3175,5414,4469,3577,3264,9636,5247,3901,3406,6955,4784,3763,3377,10.4331,-32.9303,8.76068,47.8133
49559,4041,4792,4660,3872,4211,6707,6623,4236,4134,5183,5134,3969,3561,3867,3871,3512,-4.61027,-0.594596,8.61863,48.2487
49560,3385,3369,3247,3056,3996,3835,3470,3126,6024,5032,3901,3370,11393,7145,4028,3524,26.8548,-21.5283,8.82786,47.934
49561,6450,6438,4108,3513,6963,7176,4315,3525,4496,4410,3773,3386,3723,3611,3390,3260,-12.8856,-14.794,8.86062,48.358
49562,3638,3725,3442,3210,4693,4788,3963,3397,6868,7510,4365,3583,5722,5753,4195,3467,10.6827,-13.9563,8.65555,48.2127
49563,3239,3383,3732,3792,3376,3705,4521,5987,3345,3849,5352,9912,3267,3790,4681,6247,7.51356,33.8668,8.85843,48.1187
49564,3356,3724,4897,6995,3403,3818,5403,9651,3333,3617,4205,5534,3094,3377,3793,3851,-9.77527,27.3559,8.68135,48.034
49565,3139,3256,3364,3187,3466,3706,3716,3687,3840,4550,5217,4584,4044,6122,9799,6000,33.3077,6.46195,8.9764,47.7847
49566,10703,7755,4205,3438,5732,4993,3965,3290,3965,3755,3465,3179,3444,3376,3281,2971,-30.4347,-19.381,8.70757,47.678
49567,3477,4300,6432,6282,3474,4428,7274,6778,3289,3740,4473,4390,3134,3376,3571,3671,-12.9705,14.1135,8.82859,48.0593
49568,4047,4044,3616,3221,5887,5422,3972,3301,7367,6926,4141,3474,5032,4730,3782,3441,4.09522,-16.5214,8.76509,48.2687
49569,3449,4072,5560,6092,3524,4261,7028,7674,3309,3664,4642,4928,3126,3402,3666,3844,-10.1745,16.5155,8.52682,48.1607
49570,3453,4183,7487,10710,3373,3927,5016,5698,3263,3465,3774,3829,3105,3288,3391,3390,-30.0407,19.695,8.52494,47.568
49571,5318,4688,3738,3263,8530,5974,3998,3442,6547,5033,3716,3337,4147,4081,3462,3121,-4.07837,-20.7099,8.57786,48.2633
49572,3264,3533,3484,3328,3839,4384,4121,3710,4605,7024,5990,4153,4593,6384,5605,4062,13.4376,-2.58906,8.57332,48.0527
49573,4607,6892,6682,4499,4329,6274,5908,4343,3638,3946,4020,3765,3258,3507,3350,3157,-16.8101,-0.519387,8.51925,48.1167
49574,9236,7135,4292,3466,6694,5544,4057,3437,4050,3975,3618,3315,3402,3419,3281,3129,-20.5954,-18.5746,8.61859,48.0333
49575,3541,4538,7755,8392,3499,4001,5823,6266,3241,3583,3915,4077,3159,3259,3490,3364,-20.4357,16.038,8.59516,47.9353
49576,3080,3188,3330,3474,3259,3466,3805,3976,3546,3958,5197,5763,3494,4497,8346,9643,29.6681,16.9933,8.55151,48.0147
49577,3838,3743,3504,3231,5111,5130,3799,3454,7202,7484,4352,3467,5309,5186,3979,3411,6.97566,-15.2027,8.74912,48.1333
49578,6398,5710,3989,3464,7927,6974,4163,3401,4930,4661,3670,3301,3836,3699,3343,3217,-10.7197,-17.4098,8.7239,48.4553
49579,4239,5423,5449,4350,4195,6655,6887,4462,3818,4527,4526,3822,3433,3614,3596,3432,-10.4722,0.490241,8.60326,48.2853
49580,6226,9423,5704,4048,4845,5652,4476,3732,3819,3870,3651,3365,3320,3448,3360,3083,-23.1891,-8.11164,8.83135,48.0147
49581,5918,7671,5024,3828,5478,7258,4700,3778,3965,4246,3741,3434,3471,3616,3299,3118,-16.1734,-9.59248,8.80541,48.3633
49582,3375,3803,6113,12634,3288,3775,4822,6183,3198,3350,3779,3934,3131,3254,3348,3382,-26.8043,32.1194,8.97913,47.5793
49583,3648,3651,3334,3129,5073,4280,3520,3287,9702,5189,3882,3451,7426,4874,3825,3378,10.9657,-33.9352,8.89382,47.766
49584,3205,3490,3440,3352,3504,3716,3893,3817,3848,4927,6230,4700,4179,5970,8796,5559,20.1851,5.68908,8.7925,48.4173
49585,6751,9569,5540,3841,4923,5717,4407,3658,3734,3874,3698,3422,3420,3352,3276,3107,-24.5638,-9.11157,8.5615,48.1927
49586,3386,3464,3275,3256,3816,3887,3735,3302,4538,5202,4611,3867,5789,9485,6401,4169,33.9282,-5.51488,8.63416,48.122
49587,3342,3669,4212,4321,3459,3949,6382,6337,3468,4097,6442,6430,3223,3711,4488,4519,0.635421,14.7685,8.96183,48.0327
49588,3447,4223,7835,10808,3283,3897,5112,5751,3223,3539,3919,3855,3088,3278,3308,3357,-29.6152,19.1774,8.83083,47.9487
49589,3224,3266,3301,3398,3181,3427,3829,3917,3434,3775,4655,5994,3355,3878,5816,12753,31.3974,29.6001,8.64937,47.4687
49590,3475,3417,3117,3118,4130,3742,3424,3277,6505,4734,3748,3403,12085,6229,4038,3381,24.8561,-27.0777,8.59122,47.882
49591,4242,3840,3493,3286,6803,4701,3645,3336,9556,5039,3764,3425,5679,4469,3692,3300,4.51293,-28.6097,8.66069,48.18
49592,3400,3834,5901,12336,3361,3857,4844,6567,3121,3367,3749,3962,3116,3178,3290,3387,-24.679,28.8167,8.8269,47.5133
49593,3450,3870,5610,9751,3380,3888,5063,8269,3140,3436,4047,4460,3166,3355,3419,3588,-17.2353,31.321,8.523,47.928
49594,3171,3293,3569,3579,3324,3557,4068,5129,3382,3692,5267,9632,3335,3811,5105,7921,12.3006,30.2532,8.91924,47.89
49595,10497,6684,4156,3482,6969,5298,3838,3543,4145,3816,3516,3353,3454,3409,3150,3009,-21.0228,-21.3334,8.91802,48.2127
49596,3801,4316,4584,3932,4017,6078,6943,4212,3946,5169,5606,4277,3631,3813,3970,3701,-3.08675,1.74806,8.59864,47.9973
49597,10798,5774,3879,3504,7622,4999,3805,3318,4207,3981,3572,3292,3458,3422,3307,3102,-19.6786,-30.7957,8.74816,48.0267
49598,4350,4811,4146,3543,5436,7675,4918,3732,4706,6012,4258,3590,3965,4035,3765,3348,-3.82979,-8.75588,8.55802,48.1933
49599,3425,3418,3200,3114,3967,3861,3542,3279,5994,5036,3898,3341,10453,7399,4155,3502,24.3904,-19.5721,8.56204,47.7227
49600,3996,3658,3265,3189,5578,4470,3633,3164,9431,5807,3848,3366,6573,4998,3820,3262,9.34756,-22.9405,8.89282,48.0387
49601,3172,3210,3498,3560,3278,3417,3937,4441,3282,3780,5055,8435,3282,3900,5631,10038,17.4671,30.2694,8.92864,47.944
49602,4433,7318,8885,5208,4011,4825,5196,4419,3445,3765,3894,3644,3330,3385,3312,3260,-25.2009,2.82945,8.74852,48.22
49603,3656,4322,6355,6609,3528,4330,6907,6868,3354,3663,4456,4441,3268,3261,3614,3514,-13.6666,14.8918,8.56102,48.0973
49604,3313,3563,3621,3353,3691,4241,4269,3794,4355,6568,6726,4389,4416,6023,6086,4543,13.3541,0.568954,8.90985,48.634
49605,5420,4281,3527,3401,9527,5190,3759,3417,6952,4656,3647,3330,4170,3975,3493,3212,-4.1363,-31.9532,8.86273,47.9713
49606,7856,8310,4702,3632,5787,5787,4128,3559,3990,3856,3688,3363,3410,3393,3259,3132,-20.7789,-14.1608,8.65286,47.9013
49607,3054,3248,3520,3388,3293,3495,3960,4120,3438,4001,5552,6853,3394,4258,6929,10106,20.7803,20.6169,8.61792,48.406
49608,11427,6900,4042,3357,6233,5020,3923,3436,3977,3937,3507,3271,3405,3387,3229,3157,-25.4468,-22.1602,8.79538,48.1387
49609,3492,4413,8382,9070,3506,4075,5550,5835,3276,3535,3930,3949,3119,3324,3389,3400,-23.0528,16.1531,8.91456,48.1633
49610,3549,4417,7751,8250,3494,4069,5937,6405,3309,3583,3939,4045,3123,3320,3416,3527,-19.4855,16.0091,8.93574,48.0893
49611,3477,3286,3205,3124,3911,3807,3395,3198,6281,4652,3796,3328,12414,6035,4005,3333,26.5063,-33.0486,8.73144,47.498
49612,3301,3257,3271,3137,3890,3659,3443,3305,6145,4678,3753,3389,12726,5926,3937,3293,28.7938,-30.964,8.69266,47.4067
49613,3205,3369,3435,3301,3537,3855,3859,3701,4067,5056,6011,4641,4376,6423,8388,5274,20.3915,3.65986,8.5953,48.332
49614,3174,3427,3841,4149,3410,3797,5060,5852,3463,3967,6651,8144,3391,3765,4876,5442,6.31644,18.7684,8.59677,48.2727
49615,3097,3262,3403,3439,3175,3584,3863,4163,3463,3791,5096,6590,3442,4128,6688,11325,23.6087,23.2864,8.63021,48.3393
49616,3086,3334,3471,3510,3284,3544,4064,4134,3396,4044,6017,6733,3542,4374,7364,8565,18.7548,17.0871,8.65545,48.308
49617,12689,5912,3955,3308,6091,4725,3795,3252,3967,3844,3404,3249,3396,3375,3209,3140,-29.4448,-30.2798,8.82021,47.5407
49618,11156,5946,4055,3437,7197,4900,3796,3375,4074,3790,3490,3179,3310,3394,3250,3115,-21.202,-33.0561,8.74451,47.6427
49619,3047,3304,3469,3373,3379,3666,4057,3880,3624,4650,6618,5453,3772,5027,8414,6373,18.6053,10.247,8.99145,48.0707
49620,3444,3943,5313,5340,3533,4314,7427,6903,3438,3980,5052,5033,3283,3479,3879,3910,-7.58946,14.0138,8.5697,48.1807
49621,12446,6135,3929,3356,6627,4865,3709,3335,3932,3738,3315,3082,3322,3319,3184,3108,-25.1366,-28.4992,8.86506,47.6013
49622,4213,6383,7415,4821,4159,5693,6390,4455,3548,3926,4126,3802,3426,3438,3388,3283,-17.2584,2.24689,8.77008,48.3107
49623,3104,3378,3435,3566,3191,3535,3945,4313,3474,4038,5549,7220,3422,4223,6619,9166,18.5261,20.394,8.53932,48.1187
49624,4577,4346,3693,3366,7058,5892,3948,3418,6953,5806,3988,3333,4560,4361,3653,3315,-0.160141,-18.0131,8.67774,48.178
49625,3188,3330,3279,3357,3635,3674,3797,3563,4061,5012,4963,4152,4626,8116,8543,4801,31.3953,0.724114,8.8018,48.0647
49626,3839,5434,10028,6948,3652,4368,5302,4895,3412,3535,3878,3656,3103,3354,3403,3368,-31.7439,9.49485,8.87721,48.1167
49627,3482,3779,3736,3401,4092,5182,4682,3781,4671,7566,6256,4136,4172,4962,4573,3894,6.70375,-2.82768,8.95289,48.2433
49628,3369,3969,6675,11787,3453,3794,4840,6285,3150,3468,3710,3885,3040,3319,3363,3441,-26.4784,23.7934,8.69011,47.6987
49629,3522,3845,4099,3879,3801,5082,6360,4444,3972,5407,6968,4752,3650,4142,4522,4019,1.4484,4.85645,8.84534,48.3093
49630,3115,3302,3403,3406,3244,3376,3776,3927,3276,3797,4727,5988,3390,3869,6036,12734,32.7323,30.2502,8.97874,47.5773
49631,3464,4007,6121,9156,3373,3811,5603,8031,3288,3472,4068,4489,3034,3290,3490,3574,-16.5318,22.0968,8.86749,48.1807
49632,3168,3362,3573,3718,3301,3654,4332,5135,3439,3938,6203,9191,3277,3813,5272,6765,10.5461,21.3515,8.95237,48.094
49633,3229,3642,4339,5730,3424,3783,5282,9466,3343,3728,4662,6654,3218,3445,3837,4156,-5.00018,32.4006,8.75728,47.9587
49634,3298,4003,6174,12506,3361,3750,4891,5944,3363,3333,3868,3915,3172,3217,3412,3469,-30.4427,26.3383,8.95469,47.784
49635,3183,3251,3387,3443,3370,3348,3810,3888,3433,3938,4821,6307,3315,3989,6582,11756,25.2513,24.2808,8.65941,47.8807
49636,3987,3794,3565,3150,5735,4640,3666,3206,8806,6064,3988,3449,5956,4989,3805,3323,7.49795,-20.7843,8.6488,48.082
49637,5077,4306,3584,3232,8606,5338,3674,3381,7662,4998,3768,3289,4498,4091,3518,3235,-1.51609,-24.1457,8.95605,48.1713
49638,4070,3997,3537,3352,5089,5630,3989,3435,6603,7432,4473,3572,4908,4927,3850,3433,4.96129,-13.0584,8.63451,48.198
49639,3330,3361,3331,3124,3869,3872,3599,3371,5454,5541,4290,3500,8179,8754,4777,3568,23.3917,-13.6896,8.62519,47.9467
49640,3492,3560,3182,3154,4669,4083,3602,3229,8184,5845,4009,3437,8256,5834,4026,3499,15.0896,-21.4339,8.53262,48.0407
49641,4316,5451,5224,4301,4431,7153,6654,4327,3880,4648,4329,3827,3429,3588,3514,3371,-10.6193,-0.694041,8.62693,48.2953
49642,11728,6808,4066,3233,5925,4911,3853,3407,3878,3770,3499,3192,3427,3377,3234,3126,-33.8911,-22.3343,8.72919,47.6227
49643,4352,6838,8378,5003,4071,5193,5867,4518,3509,3857,3865,3666,3101,3420,3396,3239,-20.9379,3.10774,8.92243,48.182
49644,3838,5074,9663,7222,3624,4312,5261,4988,3306,3566,3814,3871,3211,3311,3485,3384,-33.9826,10.8215,8.72107,47.9533
49645,4723,4067,3550,3251,7913,4748,3739,3391,8398,4901,3716,3413,4824,4143,3598,3232,0.739128,-29.5546,8.65679,47.738
49646,3306,3902,6125,11858,3340,3834,4770,6816,3248,3459,3735,4060,3039,3194,3416,3331,-23.4165,26.4256,8.77179,47.622
49647,3337,4038,5969,9442,3490,3876,5428,7989,3345,3458,4057,4318,3058,3360,3403,3516,-17.2351,23.5284,8.6113,48.056
49648,12545,5895,3790,3394,6027,4696,3753,3302,3890,3746,3563,3171,3396,3430,3248,3251,-32.7812,-31.2033,8.5908,47.398
49649,4969,4236,3571,3263,8640,5101,3873,3330,7820,4845,3806,3342,4520,4167,3492,3178,-1.65316,-32.7559,8.84084,48.102
49650,3435,3985,6099,12696,3392,3806,4632,5923,3264,3480,3627,3939,3117,3241,3355,3398,-31.5735,32.5571,8.70371,47.5927
49651,3251,3288,3287,3137,3792,3816,3450,3310,5109,5219,4148,3627,7823,9663,5190,3625,31.0745,-11.6822,8.81323,47.8233
49652,3669,5531,9967,7060,3671,4298,5240,4834,3304,3651,3813,3879,3157,3186,3347,3261,-29.6863,9.89277,8.83647,47.912
49653,3345,3325,3416,3144,3647,3811,3641,3368,4335,5086,4575,3935,5472,9516,7069,4246,31.073,-4.25247,8.86308,47.954
49654,8889,8983,4586,3470,5366,5290,4081,3462,3774,3780,3509,3283,3401,3377,3353,3145,-33.0533,-14.8782,8.68578,47.8327
49655,3652,3486,3223,3085,4804,4011,3555,3302,8835,5229,3870,3327,8940,5495,3874,3442,14.7432,-27.3494,8.71247,48.0867
49656,6187,5345,3922,3328,8237,6564,4061,3374,5226,4533,3803,3244,3857,3692,3449,3158,-9.40128,-18.2933,8.8334,47.9867
49657,3320,3805,5317,8338,3393,3767,5310,9273,3181,3562,4072,4927,3206,3282,3609,3613,-13.7003,27.003,8.67948,47.9833
49658,11910,6421,4083,3375,6324,4932,3835,3346,4081,3792,3484,3170,3458,3393,3199,3015,-25.9257,-24.8238,8.72055,47.8787
49659,6715,9678,5694,3993,4777,5634,4472,3739,3836,3874,3634,3331,3347,3392,3166,3117,-24.5544,-9.06566,8.59376,48.266
49660,4033,4379,3905,3557,4671,6619,5084,3740,4779,6836,5204,3717,3958,4383,4046,3538,0.572734,-5.61106,8.81909,48.2993
49661,3454,3985,5873,12104,3363,3725,4825,6512,3293,3330,3895,3949,2957,3185,3447,3399,-25.2302,32.1363,8.50664,47.5307
49662,3647,3539,3564,3114,4219,4377,3761,3360,5940,7536,4535,3641,5875,6937,4676,3671,13.8642,-11.3462,8.80311,48.2613
49663,6787,4751,3646,3246,10063,5091,3816,3321,5818,4462,3648,3238,3979,3725,3228,3211,-8.81442,-27.8793,8.99007,48.02
49664,5969,10016,6212,4127,4547,5215,4444,3827,3723,3762,3690,3496,3322,3318,3306,3237,-32.0876,-6.26888,8.9961,48.1407
49665,3487,4177,5095,4764,3687,4721,8024,5762,3551,4084,5661,4740,3393,3625,3870,3834,-5.49517,9.80901,8.72906,48.3167
49666,3434,4421,8348,9835,3513,3857,5118,5695,3146,3581,3884,3953,3144,3223,3459,3352,-26.0867,17.4929,8.7882,47.9753
49667,3361,3469,3247,3071,3923,3924,3713,3304,5208,5726,4233,3566,7443,9275,5052,3659,23.4174,-11.8182,8.59024,48.116
49668,4089,3774,3355,3279,6269,4626,3690,3319,9769,5239,3768,3425,5771,4743,3748,3194,5.72431,-33.786,8.95152,48.0387
49669,3127,3325,3821,3995,3246,3666,4501,6089,3338,3836,5129,9960,3302,3707,4548,5936,6.70332,31.7139,8.87414,47.684
49670,3336,3621,3512,3148,3850,4213,3894,3445,5183,7294,5070,3814,5237,7466,5253,3920,15.5476,-6.70078,8.9197,48.1707
49671,3581,3527,3288,3035,4502,4099,3589,3300,7523,6075,4089,3469,7776,6408,4100,3584,15.5583,-18.429,8.53381,47.9633
49672,3067,3160,3314,3297,3216,3493,3900,4065,3375,3855,4946,6985,3354,3974,6013,11796,22.5168,28.8998,8.57765,47.8733
49673,3436,3998,5684,6776,3489,4061,6418,8291,3274,3619,4393,4924,3087,3358,3614,3698,-11.3982,18.9935,8.60185,48.08
49674,3448,3275,3127,3184,3970,3769,3393,3118,5942,4774,3812,3345,12695,6066,3865,3510,32.1804,-28.7953,8.86843,47.5287
49675,4936,4650,3922,3313,7442,6783,4259,3521,5951,5460,4024,3400,4190,3980,3528,3279,-3.72348,-16.567,8.79365,48.4253
49676,3176,3538,3824,3694,3410,4138,5000,4473,3840,5023,7976,5609,3639,4256,5532,4718,8.32168,8.71547,8.60679,47.8973
49677,3170,3565,3674,3650,3538,3953,4874,4237,3718,5098,8284,5562,3710,4491,5820,5084,9.7578,8.58183,8.82992,48.2853
49678,3581,3900,4316,4035,3823,5188,6570,4492,3810,5117,6607,4631,3644,4161,4361,3885,-0.1507,4.56328,8.68373,48.0807
49679,3184,3337,3411,3458,3312,3445,3867,3955,3457,3912,4950,5846,3449,4147,7276,10742,32.6822,20.2523,8.53957,47.832
49680,3433,3979,5862,12268,3373,3799,4726,6579,3132,3383,3759,4072,3123,3326,3307,3418,-24.3476,30.0676,8.63088,47.6927
49681,3489,3585,3295,3045,4536,3965,3680,3255,8127,5377,3915,3396,9217,5816,3987,3511,17.0358,-24.0347,8.58012,48.1307
49682,3727,3984,3813,3582,4471,5833,4846,3707,4794,7520,5439,3987,4222,4673,4252,3756,3.49975,-5.06805,8.50159,48.404
49683,5963,9443,6090,4034,4698,5614,4638,3914,3776,3835,3734,3261,3364,3339,3296,3156,-23.8158,-6.44878,8.72786,48.1033
49684,3587,3430,3227,3210,4629,3988,3577,3215,8767,5122,3753,3349,9186,5456,3837,3415,15.5154,-31.8546,8.95674,47.832
49685,5457,6356,4391,3563,6110,7979,4703,3600,4342,4661,3837,3415,3703,3751,3396,3294,-11.694,-10.8815,8.93668,48.372
49686,3012,3323,3408,3398,3289,3433,3818,3957,3467,4037,5413,5358,3504,4756,9272,8528,25.3813,14.2224,8.81229,47.982
49687,3519,3523,3262,3103,4188,4026,3703,3318,7063,5838,4103,3462,8609,6935,4205,3439,18.1176,-18.2629,8.81306,48.1973
49688,3243,3563,4044,4502,3389,3829,5136,7342,3425,3854,5615,8431,3207,3522,4331,4911,1.5846,22.036,8.64688,48.2293
49689,11322,6073,3990,3378,7368,4958,3715,3417,4174,3837,3448,3209,3420,3357,3232,3095,-20.9202,-26.8293,8.86878,47.9953
49690,3415,3820,5428,8945,3548,3869,5459,8737,3266,3522,4093,4689,3119,3246,3598,3452,-15.2635,25.2068,8.8224,48.1373
49691,3228,3700,4537,5717,3359,3822,5457,9496,3174,3649,4639,6547,3290,3584,3953,4202,-5.40816,25.1647,8.57205,48.236
49692,3451,3349,3242,3084,4198,4376,3770,3313,5538,6964,4678,3743,6002,7630,4878,3845,16.204,-10.2206,8.71795,48.0407
49693,4051,4126,3914,3487,4719,6683,4750,3777,4818,7275,4984,3600,4191,4296,3991,3573,1.2632,-6.53439,8.97493,48.1567
49694,3242,3542,3797,3924,3306,3826,4873,5236,3450,4170,7027,7786,3409,3927,5179,5572,7.51835,16.3903,8.88136,48.1773
49695,3628,3577,3313,3161,4559,4422,3640,3332,7303,6374,4254,3487,7278,6340,4168,3455,14.6267,-17.2543,8.60593,48.194
49696,4378,4074,3463,3247,7471,4713,3714,3402,9209,4899,3778,3332,5189,4324,3591,3259,2.34823,-31.8979,8.9111,48.0287
49697,9405,8827,4473,3566,5593,5360,3969,3652,3868,3829,3553,3262,3311,3439,3220,3093,-25.3357,-15.771,8.94197,48.28
49698,5024,8993,7432,4366,4308,5094,4757,3996,3701,3753,3809,3463,3444,3265,3319,3284,-33.4562,-2.50902,8.74664,48.0053
49699,3599,4147,4053,3546,4433,6168,5263,3846,4564,6818,5780,3906,3975,4354,4176,3727,1.52202,-3.41749,8.63902,48.2367
49700,12404,6177,3802,3506,6319,4741,3685,3472,4015,3748,3386,3318,3353,3375,3230,3158,-26.6295,-28.1802,8.71336,47.7927
49701,11837,6751,4045,3409,5875,4984,3784,3330,3992,3786,3367,3253,3425,3406,3111,3114,-33.7773,-22.0967,8.92221,47.646
49702,3525,3474,3254,3199,4299,4268,3663,3341,6807,6676,4317,3623,7048,6909,4402,3546,15.1328,-15.2335,8.6691,48.234
49703,3926,4820,4904,4087,4205,6771,7021,4357,3769,4722,5026,3988,3387,3658,3758,3623,-7.10713,0.889956,8.60867,48.0147
49704,3117,3505,3869,3976,3373,3789,5014,5894,3352,3989,6720,8274,3339,3823,4850,5388,5.69222,18.2706,8.97971,48.1813
49705,12811,6007,3856,3381,6125,4757,3737,3368,3975,3776,3387,3305,3417,3405,3201,3063,-26.9624,-32.7344,8.85834,47.714
49706,2974,3384,3517,3504,3200,3423,3996,4229,3446,3944,5242,8114,3314,3951,6081,10105,18.3026,24.3952,8.92781,48.2827
49707,3043,3213,3524,3511,3412,3655,4189,4176,3622,4389,6756,6114,3579,4603,7496,6942,16.9452,13.2747,8.8228,48.1493
49708,12385,5981,3914,3356,6377,4786,3845,3399,3976,3712,3446,3249,3331,3355,3194,3136,-25.3696,-31.7926,8.87177,47.628
49709,3720,3893,3540,3169,4769,4983,3943,3393,6860,7736,4535,3527,5296,5401,4071,3520,7.95839,-13.5487,8.82583,48.2373
49710,4969,5124,4010,3537,6624,7786,4624,3590,4907,5357,3987,3448,3848,3872,3649,3324,-6.38781,-12.4916,8.63488,48.4373
49711,3511,4727,9394,8807,3459,4024,5084,5385,3272,3529,3914,3777,3174,3283,3252,3427,-31.4396,14.1218,8.86364,48.0127
49712,3337,3435,3429,3259,3722,4062,3976,3600,4669,6473,5192,3918,5119,7879,6233,4070,18.1394,-3.70224,8.88125,48.2487
49713,4060,3825,3366,3200,6198,4424,3677,3260,9847,5188,3764,3324,6162,4875,3681,3351,7.14037,-32.3165,8.6785,48.1347
49714,3214,3198,3435,3517,3244,3529,3949,4210,3333,3738,5111,7659,3402,3873,5945,10828,19.8203,27.2497,8.6653,48.1233
49715,4983,8241,7093,4293,4454,5473,5213,4084,3623,3895,3885,3616,3363,3344,3283,3291,-22.4684,-2.12498,8.64616,48.0893
49716,3441,3523,3275,3063,4106,4165,3707,3360,5455,6578,4507,3713,6817,7968,4933,3732,17.8029,-11.2847,8.54832,48.2287
49717,3838,5675,9916,6810,3767,4323,5156,4803,3361,3521,3830,3790,3191,3280,3406,3364,-31.2309,9.15389,8.62596,48.0207
49718,3652,4678,7063,6001,3718,4638,7435,5850,3415,3712,4403,4191,3118,3328,3469,3437,-14.5779,11.3008,8.96123,48.072
49719,3348,3814,5512,9646,3527,3846,5172,8493,3312,3465,3927,4518,3133,3236,3382,3576,-16.5393,30.6945,8.597,47.938
49720,4045,6353,9870,5888,3812,4502,5252,4632,3440,3564,3905,3677,3146,3347,3337,3406,-32.6921,5.67737,8.96611,48.1173
49721,3549,4801,8973,8566,3549,4095,5395,5487,3273,3569,3934,3825,3102,3194,3422,3394,-25.2986,14.4159,8.92247,48.0853
49722,3139,3276,3391,3448,3315,3510,3955,4226,3405,3824,4899,7310,3460,4004,5920,11184,20.7441,28.3042,8.56239,48.1773
49723,4059,6185,9614,5960,3785,4660,5626,4729,3423,3714,3848,3635,3184,3339,3299,3225,-25.4721,6.42922,8.54334,48.19
49724,3148,3316,3324,3236,3461,3632,3760,3754,3911,4725,5186,4622,3999,6393,9690,5867,29.5704,5.68912,8.67734,48.016
49725,3153,3408,3665,3544,3466,3753,4555,4226,3727,4597,7412,6220,3660,4570,6650,5891,13.5189,11.7466,8.74559,48.3313
49726,3356,3905,5662,8629,3457,3930,5598,8646,3252,3482,4086,4557,3075,3325,3506,3597,-15.158,23.7032,8.64959,48.042
49727,3293,3592,3818,3932,3487,4101,5712,4970,3649,4582,7808,6037,3503,4004,5077,4684,5.26258,11.226,8.88329,48.166
49728,3303,3454,3876,4038,3371,3861,5336,5551,3481,4147,7382,7070,3388,3885,5018,5119,5.43654,14.7642,8.81801,48.1867
49729,3225,3427,3972,4390,3280,3783,4917,6918,3415,4000,5645,8469,3326,3640,4514,5413,3.27743,22.1989,8.53956,48.2227
49730,3481,4058,7079,10604,3300,3769,5283,6823,3252,3488,3855,4104,3049,3145,3437,3333,-22.1446,20.8103,8.96354,48.04
49731,4230,4539,3874,3465,5418,7302,4664,3680,5188,6638,4456,3564,4074,4271,3834,3402,-1.56143,-9.18671,8.88879,48.3993
49732,3767,4008,3822,3481,4527,5950,4544,3645,4928,7871,5325,3905,4178,4725,4204,3576,3.96648,-6.11559,8.86564,48.304
49733,3463,4003,5674,5590,3486,4284,7448,7238,3448,3776,4828,4758,3192,3375,3696,3760,-9.5546,15.0354,8.67742,48.0127
49734,3094,3192,3434,3546,3258,3547,3932,4023,3540,4267,6078,6265,3523,4459,7901,8125,19.4274,15.0846,8.88463,48.1227
49735,11041,7338,4227,3331,5761,5042,4013,3289,3970,3846,3463,3210,3391,3422,3300,3148,-33.3945,-20.2296,8.77387,47.8613
49736,6011,7676,4935,3773,5690,7107,4739,3773,3950,4248,3851,3414,3499,3526,3372,3210,-16.3504,-9.77968,8.9036,48.516
49737,4207,5658,5700,4270,4313,6458,6873,4266,3695,4333,4233,3925,3430,3658,3580,3431,-11.8064,0.176821,8.51022,48.02
49738,3417,3511,3514,3367,3922,4533,4258,3758,4736,7333,6234,4168,4455,5771,5240,3964,10.8665,-2.13572,8.61259,48.1207
49739,4778,4919,3909,3540,6264,7872,4535,3607,4946,5622,4095,3531,3963,3905,3581,3309,-5.41983,-11.77,8.98873,48.2507
49740,3190,3287,3506,3454,3245,3524,3898,3910,3475,3947,5218,5448,3584,4406,8277,9720,30.2186,17.0619,8.57688,48.0593
49741,3183,3321,3504,3422,3230,3390,3826,3927,3350,3750,4719,6007,3338,3918,5925,12466,31.543,31.1637,8.56197,47.5173
49742,3406,4235,7673,10915,3453,3979,4926,5767,3320,3469,3804,3944,3179,3303,3380,3279,-29.9074,19.7031,8.57643,48.0213
49743,12452,6026,4008,3424,6236,4775,3809,3273,3963,3744,3489,3228,3299,3339,3368,3112,-27.0889,-30.5338,8.58854,47.6967
49744,3371,3339,3305,3053,4011,3726,3298,3257,6291,4681,3756,3297,12765,6110,3824,3402,27.4788,-29.1582,8.96759,47.6573
49745,3772,4343,4535,4081,4068,5946,6911,4468,3954,5097,5752,4254,3654,3906,4000,3668,-3.147,2.54832,8.89916,48.2727
49746,3384,3861,5294,8796,3442,3844,5171,8945,3337,3637,3975,4644,3108,3301,3721,3686,-14.4096,29.3787,8.72912,48.0973
49747,3276,3629,4491,5633,3388,3778,5367,9204,3417,3685,4700,7032,3179,3529,3938,4376,-3.79164,25.6358,8.81419,48.4147
49748,3860,5535,9951,6461,3754,4336,5318,4842,3305,3610,3890,3720,3136,3300,3373,3347,-33.7977,8.49914,8.98287,47.8253
49749,3413,3528,3148,3157,4176,3963,3570,3290,6742,5605,4020,3454,9022,7269,4306,3380,19.8727,-18.2357,8.55443,48.0287
49750,3781,4302,4978,4244,3937,5673,7364,4800,3847,4798,5657,4228,3513,3759,3898,3696,-4.51428,4.07487,8.58485,48.3167
49751,3683,4061,4110,3828,4077,5670,5977,4227,4084,5926,6571,4358,3707,4162,4359,3960,1.47587,1.367,8.82911,48.5067
49752,6999,8933,5086,3716,5349,6078,4418,3651,3745,3927,3771,3429,3382,3471,3284,3156,-21.1187,-10.671,8.81142,48.2633
49753,3450,3498,3315,3249,4055,4391,3848,3432,5279,7639,5005,3912,5295,7248,4994,3813,14.5476,-7.43109,8.79827,48.282
49754,4845,5989,4503,3696,5375,8161,5198,3818,4151,4822,4117,3483,3656,3721,3477,3203,-9.81905,-7.56886,8.61684,48.1433
49755,6340,4699,3820,3287,9929,5430,3818,3269,6014,4469,3628,3299,4096,3715,3480,3119,-7.42667,-25.6601,8.94801,48.2747
49756,3244,3420,3356,3140,3929,4158,3667,3343,5470,6438,4543,3556,6578,8335,5080,3788,18.8744,-10.4806,8.73026,48.03
49757,3560,3457,3273,3120,4276,4036,3583,3145,7568,5327,4045,3517,9360,6409,4014,3453,18.4912,-21.6824,8.7476,48.0953
49758,3316,3747,4961,7471,3337,3856,5369,9698,3264,3623,4314,5279,3132,3422,3674,3736,-10.9858,26.4091,8.842,48.1327
49759,5968,7356,4694,3756,5695,7309,4635,3671,4045,4332,3772,3407,3426,3602,3358,3190,-15.3011,-10.6413,8.76945,48.144
49760,3381,3349,3253,3136,3829,4004,3586,3277,5625,5764,4225,3547,8032,8640,4742,3723,22.8867,-13.5156,8.55167,48.0753
49761,3468,4368,8092,10107,3433,3932,4928,5659,3301,3501,3873,3874,3175,3290,3380,3385,-31.25,18.1815,8.88641,47.844
49762,3711,4575,6851,5931,3606,4674,7702,5929,3306,3825,4399,4263,3194,3217,3603,3411,-13.7665,11.1881,8.75539,48.1313
49763,6375,9294,5643,3985,4958,5891,4450,3721,3877,3953,3747,3503,3329,3377,3306,3234,-23.289,-8.57367,8.53472,48.4287
49764,12179,6014,4007,3433,6260,4861,3857,3374,3828,3831,3401,3242,3430,3267,3245,3104,-26.0621,-33.7447,8.57989,47.5553
49765,7666,6852,4296,3423,6922,6196,4153,3438,4401,4219,3691,3306,3554,3523,3251,3054,-16.1114,-16.9696,8.93279,47.9633
49766,3413,3435,3316,3078,4046,4011,3682,3385,6104,6077,4149,3522,7712,8083,4652,3606,19.4269,-14.1986,8.72292,48.1807
49767,3062,3201,3354,3380,3340,3420,3812,4005,3416,3838,4932,6428,3425,4024,6487,11804,25.001,24.7708,8.72439,47.952
49768,10257,8198,4396,3576,5476,5101,3984,3439,3778,3817,3548,3343,3254,3358,3238,3132,-28.7813,-17.4394,8.78019,47.93
49769,3410,3670,3697,3413,3772,4242,4262,3811,4360,6747,6754,4513,4293,5859,5819,4291,12.2088,0.0731969,8.57595,48.6087
49770,5410,8181,5870,4046,4743,6674,4960,3801,3713,4147,3819,3436,3410,3449,3407,3148,-18.5452,-5.63704,8.79014,48.1427
49771,3605,3547,3233,3100,4627,4228,3573,3238,7918,6129,3983,3429,7881,6173,4091,3380,14.7028,-19.411,8.98838,48.09
49772,3336,3663,4265,5420,3342,3848,5099,9291,3388,3696,4815,7017,3305,3466,3944,4253,-3.71732,31.3599,8.64597,48.0987
49773,6535,4900,3771,3323,9463,5825,3886,3373,5614,4494,3637,3341,3922,3706,3383,3071,-8.78835,-23.7997,8.68832,48.1627
49774,4141,4099,3653,3245,5488,5959,4102,3487,6585,7244,4368,3468,4657,4717,3836,3391,3.21689,-13.2867,8.99828,48.2933
49775,6151,6040,4152,3444,7116,7340,4339,3453,4527,4657,3731,3376,3612,3706,3393,3198,-11.6927,-14.9675,8.66414,48.1567
49776,3118,3371,3459,3568,3251,3670,4099,4561,3407,3911,5930,7854,3380,4040,6116,8328,15.6154,20.5364,8.50252,48.042
49777,3150,3258,3269,3207,3508,3822,3858,3638,3961,4938,5408,4436,4296,7363,8806,5168,24.2245,2.58915,8.82053,48.0573
49778,3614,4035,4429,4079,3854,5301,7093,4674,3873,4983,6375,4627,3603,3893,4051,3841,-1.75899,4.80423,8.76453,48.2167
49779,5264,4585,3694,3194,8730,5690,3857,3351,6641,4847,3768,3247,4234,4022,3573,3136,-3.69922,-22.045,8.80358,47.8887
49780,3357,3344,3289,3205,3817,3865,3608,3231,5460,5149,4147,3605,9175,8452,4687,3517,31.0965,-16.1474,8.52199,47.9387
49781,4270,6234,9074,5602,3901,4694,5855,4665,3497,3713,3904,3769,3211,3313,3383,3251,-22.0665,5.29898,8.77516,48.224
49782,3087,3291,3461,3518,3286,3660,4034,4552,3411,3958,5900,7678,3441,4073,6443,8431,16.1036,19.5785,8.94976,48.1493
49783,3422,3360,3327,3083,4111,3879,3410,3242,7111,4985,3801,3363,10917,6422,4054,3404,20.7974,-23.3883,8.97858,47.9273
49784,3618,3982,4775,4221,3670,5177,7747,5096,3648,4591,6188,4580,3454,3785,4098,3791,-3.14929,7.22188,8.914,48.2807
49785,3155,3264,3494,3694,3252,3602,4244,4871,3367,3685,5295,9442,3314,3814,5099,7935,12.6264,31.9472,8.821,47.6847
49786,3089,3204,3422,3365,3254,3380,3880,4033,3301,3863,5039,7186,3385,3938,5870,11694,21.5078,28.6891,8.70491,47.9353
49787,11129,5828,4106,3410,7282,5020,3803,3528,4174,3850,3501,3178,3524,3372,3180,3110,-20.6442,-33.1712,8.67549,47.9967
49788,3241,3618,4116,4549,3387,3826,5513,7333,3379,3935,5670,7604,3282,3633,4252,4774,0.378212,19.8793,8.89412,48.0747
49789,5699,6683,4530,3699,5947,7750,4755,3690,4320,4621,3838,3244,3642,3537,3389,3208,-12.9839,-10.8918,8.58998,48.368
49790,3330,4072,5931,9980,3407,4001,5068,7903,3266,3522,3970,4481,3101,3240,3495,3408,-18.2347,25.282,8.82246,48.1167
49791,3103,3217,3518,3476,3362,3622,4232,4208,3555,4228,6447,6712,3545,4263,7046,7705,16.6938,16.2146,8.65586,48.1593
49792,3168,3226,3397,3506,3176,3527,4001,4399,3275,3865,5074,7869,3374,3819,5605,10349,18.1615,32.0162,8.71507,47.7533
49793,4352,7015,8883,5235,3989,4976,5470,4410,3520,3780,3912,3610,3204,3302,3315,3318,-24.059,3.48485,8.80502,48.194
49794,3578,3747,3415,3220,4475,4652,3783,3252,6536,7833,4553,3514,5670,6116,4274,3515,11.1562,-12.2312,8.63172,48.0887
49795,3408,3934,4820,4617,3524,4511,7301,6458,3429,4098,5761,5279,3304,3691,4039,4018,-3.68295,13.0498,8.61307,48.128
49796,3399,4057,5700,8551,3411,3888,5683,8450,3411,3588,4238,4530,3104,3275,3505,3584,-15.1382,22.3555,8.71765,48.2493
49797,3036,3245,3445,3410,3322,3479,3798,3887,3560,4018,5220,5426,3537,4852,8865,8778,26.0303,14.9985,8.87665,47.9187
49798,3395,4009,6135,12714,3338,3731,4570,5951,3218,3385,3791,3761,3137,3241,3374,3403,-30.8592,31.1399,8.74563,47.4353
49799,3170,3474,3922,3836,3344,3851,5198,4847,3474,4436,7637,6756,3488,4161,5259,5261,7.68647,13.5389,8.66359,48.076
49800,3080,3207,3372,3365,3241,3371,3834,4007,3358,3783,4802,6374,3399,3829,6257,12129,25.9058,27.2706,8.7212,47.6053
49801,3461,3368,3185,3134,4394,4000,3427,3218,7616,5761,3969,3499,9016,6626,4125,3480,17.6375,-19.9807,8.97206,48.186
49802,3149,3141,3413,3314,3143,3517,3904,4104,3383,3824,4947,6719,3486,4192,6323,11470,23.4955,24.4405,8.60699,48.0193
49803,3119,3701,4282,4866,3285,3758,4914,8467,3310,3641,5010,8009,3308,3478,4082,4557,-0.776513,33.0309,8.82333,47.858
49804,4627,5666,4507,3751,5346,8299,5263,3866,4289,5142,4229,3532,3539,3737,3572,3275,-8.47399,-6.75752,8.91401,48.4267
49805,10987,7105,4194,3391,6449,5180,3899,3349,4057,3761,3478,3279,3390,3430,3277,3015,-23.6603,-21.1175,8.82431,48.1607
49806,3070,3276,3380,3541,3153,3533,3981,4067,3500,3854,5305,6587,3526,4161,6904,10143,21.9179,20.6059,8.56472,47.9873
49807,5302,9038,7277,4456,4379,5084,4819,3972,3602,3758,3721,3445,3340,3409,3345,3221,-31.8866,-2.93433,8.69554,48.112
49808,3357,3849,5534,9745,3389,3818,5044,8422,3256,3442,4089,4469,3141,3263,3492,3447,-16.7935,31.2177,8.91768,47.838
49809,3502,3404,3244,3105,4038,3904,3556,3197,6870,4801,3763,3293,11751,6035,3954,3386,22.6984,-28.8695,8.51416,47.8687
49810,3326,3390,3323,3146,3795,3722,3604,3332,4957,5365,4242,3716,7194,9692,5376,3769,27.5925,-10.5227,8.58356,47.966
49811,6681,4948,3698,3342,9400,5777,3970,3343,5397,4488,3604,3289,3912,3664,3417,3221,-9.20964,-23.4411,8.56287,48.1007
49812,3397,3644,3973,3711,3623,4257,5565,4556,3718,5091,7977,5256,3723,4142,5087,4425,5.46484,7.92432,8.59127,48.0967
49813,3459,3698,3480,3329,4081,4458,4011,3536,5249,7759,5267,3898,4939,6531,4904,3821,12.5929,-6.57768,8.76543,48.28
49814,3042,3189,3452,3408,3182,3579,3821,3972,3396,3923,5169,6343,3533,4253,7191,10738,23.6102,20.5842,8.70714,48.1273
49815,9529,8474,4528,3541,5504,5121,4061,3526,4040,3819,3523,3191,3380,3390,3256,3077,-32.1296,-16.2711,8.67739,47.9733
49816,5976,4566,3655,3249,9748,5148,3852,3301,6157,4577,3688,3250,4177,3791,3511,3184,-6.41883,-30.1912,8.51528,47.8867
49817,3734,4053,3857,3572,4092,5412,5223,3900,4442,6729,6404,4234,3977,4478,4514,3788,3.68538,-0.658957,8.86391,48.2727
49818,5719,4711,3755,3240,9367,5561,3810,3336,6396,4719,3664,3333,4154,3920,3507,3196,-5.71064,-23.7259,8.69744,48.2587
49819,3519,3443,3213,3173,4259,3890,3412,3244,7785,4989,3821,3350,11076,5834,3810,3373,19.6262,-29.3051,8.99363,48.1273
49820,3156,3554,4117,4435,3502,3876,5363,6570,3437,4118,6207,7822,3215,3622,4417,5060,2.50169,18.74,8.51535,48.314
49821,4102,6449,9219,5733,3798,4655,5827,4706,3446,3781,3736,3752,3148,3303,3431,3342,-22.3197,5.74339,8.93674,48.2853
49822,3101,3305,3305,3371,3328,3558,3818,3793,3531,4193,5224,5040,3662,4872,9554,7862,32.9312,12.3094,8.89109,47.678
49823,3823,3841,3423,3189,5793,4339,3742,3351,9960,5154,3836,3421,6344,4736,3724,3330,8.02467,-32.9264,8.89578,48.004
49824,3867,4696,6474,5095,3788,5097,8156,5472,3512,3939,4541,4204,3210,3306,3647,3444,-12.2292,7.86973,8.91008,48.2987
49825,3514,3360,3168,3087,4027,3882,3368,3300,6400,4990,3851,3435,11274,6925,4164,3399,23.8524,-22.1805,8.67504,48.096
49826,3344,3354,3247,3067,3833,3847,3382,3151,6020,4897,3826,3429,12055,6742,4160,3309,29.6058,-23.5726,8.5166,47.7753
49827,3423,3616,4364,4618,3386,4130,6185,6666,3369,4144,6249,6521,3327,3584,4299,4395,-0.434458,16.1643,8.72601,48.184
49828,3476,4107,6921,9664,3493,3870,5444,7035,3175,3511,4064,4195,3180,3289,3323,3484,-19.4263,19.7284,8.9464,48.154
49829,3739,3698,3403,3148,5345,4536,3724,3355,8723,6207,3988,3484,6331,5188,3876,3277,9.6023,-19.9687,8.67099,48.0147
49830,3594,3586,3447,3115,4266,4439,3716,3380,6115,7563,4494,3636,5906,6787,4571,3677,13.4631,-11.5375,8.84238,48.1947
49831,3378,3966,6426,12066,3428,3848,4871,6413,3205,3509,3802,3926,3074,3218,3456,3393,-25.4619,24.9498,8.83622,47.986
49832,3896,5955,9540,6367,3782,4528,5697,4749,3323,3708,3893,3711,3035,3245,3482,3355,-24.3254,7.79922,8.96264,48.1773
49833,3371,3290,3269,3130,3915,3820,3404,3172,6197,4702,3853,3319,12489,6038,3913,3352,26.5498,-30.2254,8.68631,47.4893
49834,9714,8387,4409,3500,5900,5144,3973,3464,3821,3848,3514,3362,3298,3277,3237,3147,-26.5254,-17.1001,8.57012,47.9967
49835,9155,5366,3861,3338,8808,5177,3848,3384,4564,3978,3557,3255,3564,3481,3334,3072,-15.5446,-30.6987,8.79667,47.828
49836,3063,3268,3474,3419,3205,3490,3827,4116,3397,3815,5014,7496,3346,3758,6033,11197,20.0747,27.1273,8.94803,47.9453
49837,7577,5832,3887,3474,8519,5977,4046,3409,4778,4430,3555,3306,3704,3578,3309,3123,-13.2256,-20.5438,8.9504,48.336
49838,11443,6603,3986,3497,6670,5033,3704,3441,4184,3908,3452,3171,3417,3328,3193,3115,-23.1723,-23.5619,8.89464,48.0967
49839,3277,3568,4522,6039,3341,3833,5434,9761,3313,3661,4506,6264,3227,3356,3839,4064,-6.40479,26.1794,8.89208,48.0033
49840,3781,3573,3374,3111,5185,4326,3593,3335,9790,5274,3842,3407,7411,5156,3778,3332,11.1434,-32.2867,8.76394,48.1787
49841,3372,3452,3336,3087,3775,3858,3518,3203,5511,5495,3935,3573,8371,9054,4842,3634,24.6206,-14.1516,8.93953,48.0107
49842,3369,3457,3219,3079,3871,3990,3632,3409,5495,5876,4328,3606,7240,8890,5009,3664,21.7385,-12.0337,8.51438,48.0893
49843,3948,4015,3698,3455,4860,6147,4340,3624,5348,7600,4951,3826,4378,4781,4106,3547,3.07281,-8.40097,8.69735,48.416
49844,3705,4542,5938,4830,3779,5378,8045,5250,3486,3960,4926,4234,3280,3513,3548,3566,-9.78868,6.88031,8.70803,47.9867
49845,3163,3196,3492,3357,3286,3538,3837,3786,3525,4011,5228,5352,3559,4622,9058,8659,30.3887,14.4634,8.71659,47.7793
49846,6566,4733,3838,3339,9775,5313,3786,3363,5891,4566,3646,3290,4003,3754,3437,3133,-7.96695,-27.0504,8.81341,48.2887
49847,3196,3412,3512,3209,3483,3637,4033,3988,3675,4673,6686,5415,3786,5069,8287,6172,17.9409,9.64491,8.95504,48.1553
49848,6543,5190,3791,3234,8901,6314,4033,3450,5432,4500,3650,3222,3864,3782,3330,3109,-9.54604,-20.4238,8.86892,48.23
49849,3012,3170,3418,3450,3311,3402,3905,3973,3475,3921,5128,6629,3363,4170,7164,10896,22.8486,20.3658,8.99976,48.258
49850,3239,3634,4163,4988,3350,3836,5313,8895,3325,3729,4980,7527,3178,3537,4071,4501,-2.2204,24.4191,8.9975,48.1773
49851,3099,3241,3535,3570,3312,3451,4076,4591,3440,3915,5213,8982,3379,3825,5342,8784,14.337,33.2722,8.83335,47.8367
49852,3938,3878,3407,3135,6043,4643,3617,3240,9774,5320,3771,3421,6026,4520,3769,3399,6.61848,-33.7833,8.86332,47.934
49853,6980,10060,5453,3845,4933,5243,4282,3639,3771,3784,3613,3291,3412,3454,3387,3053,-31.0356,-9.99854,8.99315,48.1333
49854,3187,3366,3860,4167,3238,3696,4686,6275,3315,3875,5718,9375,3237,3753,4743,5755,5.9688,23.5119,8.82772,48.164
49855,3572,3571,3313,3089,4714,4268,3645,3319,9134,5180,3817,3399,8147,5253,3812,3336,13.5686,-33.2145,8.68163,47.7127
49856,5595,4487,3608,3341,9525,5240,3772,3418,6814,4672,3651,3318,4339,3903,3431,3158,-4.39853,-26.2785,8.7799,48.1813
49857,10550,7882,4257,3441,5724,5065,4029,3422,3951,3821,3456,3268,3348,3471,3283,3144,-29.3704,-19.1329,8.59834,48.0747
49858,5089,5930,4438,3678,5907,8138,4817,3625,4351,4839,4000,3578,3608,3658,3469,3182,-10.0006,-9.79397,8.93981,48.2047
49859,3675,3959,4310,3982,3784,4979,6859,4705,3710,4983,6785,4733,3667,3864,4320,3983,-0.0797397,6.52195,8.87254,48.1987
49860,5456,9396,6776,4261,4525,5245,4698,3756,3662,3649,3700,3448,3337,3471,3385,3227,-31.9163,-4.56955,8.67107,47.9947
49861,3456,3963,6203,12199,3435,3688,4922,6558,3155,3444,3940,3993,3086,3077,3404,3352,-24.0438,26.2772,8.9321,47.9167
49862,3416,3609,3584,3291,3858,4319,4223,3751,4446,6847,6616,4271,4382,5824,5847,4186,12.2544,-0.832151,8.92507,48.3133
49863,5482,9169,7231,4397,4217,5278,4792,3946,3724,3707,3620,3489,3266,3306,3220,3253,-27.2516,-3.39226,8.75666,48.0647
49864,3430,4004,5405,6011,3431,4139,6935,7920,3316,3788,4771,5152,3185,3356,3797,3873,-9.12205,17.0946,8.84472,48.342
49865,8108,8109,4577,3559,6208,5996,4191,3556,4099,4059,3696,3295,3354,3491,3289,3155,-20.1027,-14.7797,8.98302,48.4947
49866,3103,3202,3554,3498,3288,3560,4020,4122,3493,4059,5686,6743,3437,4250,7151,8921,19.1669,18.2591,8.67142,48.058
49867,4860,4811,3808,3385,7105,7125,4201,3508,5700,5577,3957,3359,4096,4047,3499,3237,-3.90365,-15.4188,8.93155,48.1833
49868,3386,3193,3142,3084,4077,3852,3599,3232,5938,5229,4028,3570,9831,8223,4389,3480,24.9235,-17.3477,8.89485,48.1687
49869,4345,5517,4956,4008,4704,7269,5995,4085,3991,4801,4348,3789,3502,3725,3659,3377,-9.20935,-3.1822,8.50024,48.0473
49870,3172,3481,3864,3812,3295,3816,4939,5356,3363,4233,7010,7687,3352,3899,5131,5728,7.87646,16.8181,8.60097,48.092
49871,3160,3212,3384,3418,3144,3526,3749,3948,3504,4007,4899,5574,3480,4335,8399,9649,31.2422,16.8991,8.54086,47.592
49872,3243,3535,4055,4679,3283,3769,4994,7680,3314,3720,5236,8594,3400,3573,4265,4924,1.28518,25.1912,8.92183,48.176
49873,4173,4080,3681,3341,5611,6262,4205,3471,6012,7146,4416,3560,4513,4697,3788,3396,1.86267,-12.2957,8.8976,48.2347
49874,3175,3288,3511,3859,3249,3597,4208,5275,3352,3827,5400,9855,3295,3666,5085,7543,11.1407,28.0878,8.97098,48.1233
49875,5433,8673,6329,4251,4604,5909,4954,3999,3590,3875,3727,3445,3296,3464,3343,3317,-20.8587,-4.51395,8.94192,48.1393
49876,4071,5591,8001,5307,3937,5158,6776,4913,3447,3829,4203,3743,3199,3406,3467,3418,-17.0044,5.60396,8.90425,48.3107
49877,3681,4216,5000,4539,3715,5011,8029,5408,3522,4306,5712,4700,3275,3525,3971,3871,-5.35441,8.39353,8.8612,48.3207
49878,3206,3626,4041,4208,3382,3931,5571,5882,3372,4125,6739,7545,3375,3776,4795,5067,3.8215,16.7876,8.83329,48.4273
49879,4568,4187,3611,3210,6773,5979,4036,3398,6856,5996,4019,3388,4694,4440,3667,3358,0.113492,-17.357,8.95112,48.12
49880,3140,3554,4043,4175,3357,3886,5138,6320,3475,3846,6205,8473,3261,3708,4650,5316,4.0692,19.9117,8.92817,48.3647
49881,8540,9291,4828,3613,5172,5141,4082,3607,3887,3788,3497,3416,3397,3381,3354,3039,-28.8223,-13.9678,8.97957,48.022
49882,12533,6254,3818,3309,6071,4710,3877,3282,3826,3842,3456,3205,3404,3375,3180,3144,-27.5859,-26.4036,8.96676,47.524
49883,3321,3459,3338,3082,3999,4016,3572,3295,6011,5835,4227,3495,8224,8263,4543,3631,21.3258,-14.7603,8.5227,48.2073
49884,4194,6299,8266,5253,4006,5128,6140,4627,3487,3928,3961,3839,3193,3457,3391,3383,-19.5305,4.4696,8.60563,48.368
49885,5292,4623,3648,3224,8977,5644,3734,3299,6700,4902,3773,3364,4327,3850,3396,3216,-4.07043,-22.9985,8.56651,47.9793
49886,3179,3552,3647,3605,3444,3987,4961,4344,3688,4926,8131,5672,3633,4574,5997,5104,10.4626,8.85191,8.54016,48.296
49887,6504,4955,3790,3352,9718,5449,3757,3390,5725,4490,3602,3297,3954,3721,3260,3117,-8.52576,-25.228,8.63628,48.054
49888,5892,9846,6376,4195,4508,5218,4576,3854,3610,3781,3606,3447,3335,3361,3314,3178,-27.8094,-5.97756,8.96451,48.0647
49889,3506,3963,4848,5360,3463,4268,7255,7177,3393,3852,5136,5260,3265,3499,3787,3955,-6.52372,14.8991,8.83058,47.9913
49890,3149,3169,3378,3370,3395,3607,3845,3729,3710,4420,5311,4757,3845,5714,9909,6619,31.1858,8.4619,8.84032,47.9513
49891,3874,5444,10038,7218,3572,4335,5331,4857,3355,3581,3770,3746,3266,3382,3384,3399,-28.7524,9.91008,8.82153,48.368
49892,5593,9504,6753,4145,4455,5199,4537,3933,3584,3838,3676,3578,3310,3343,3382,3206,-29.9401,-4.59061,8.55988,48.024
49893,4662,7039,6727,4318,4400,6164,5721,4191,3802,4211,3978,3624,3323,3427,3434,3331,-17.5204,-1.12114,8.66241,48.2347
49894,3578,3998,4397,3900,3767,5032,6708,4807,3732,5114,6847,4850,3468,3908,4359,4083,0.365173,5.83794,8.52627,48.3653
49895,5510,6486,4525,3688,5852,7845,4736,3768,4252,4542,3849,3433,3656,3731,3357,3222,-12.3357,-10.2157,8.5314,48.3013
49896,3508,4148,6483,7401,3636,4189,6486,7331,3160,3553,4233,4438,3099,3349,3517,3677,-14.8384,17.2616,8.61583,48.1387
49897,3466,3934,6642,12110,3286,3787,4831,5895,3248,3573,3741,4079,3028,3100,3308,3437,-31.4299,23.8519,8.85998,47.6433
49898,3472,3451,3211,3038,3796,3842,3681,3313,5517,5334,4135,3445,8760,9061,4720,3574,25.4087,-14.7176,8.9662,48.2333
49899,7074,9717,5430,3838,4901,5353,4256,3654,3763,3741,3620,3342,3361,3342,3335,3253,-29.0985,-10.1671,8.71408,47.9867
49900,3417,3913,5062,7282,3330,3877,5365,9540,3322,3606,4336,5104,3126,3257,3640,3839,-10.8015,25.7296,8.55426,48.0107
49901,3279,3352,3483,3298,3358,3635,3774,3633,3901,4612,5410,4691,4177,6508,9458,5691,26.4187,5.75356,8.66213,48.1733
49902,3183,3291,3451,3387,3246,3412,3826,3955,3390,3728,4701,6096,3359,3856,6049,12563,28.7069,30.5281,8.67726,47.662
49903,3326,3327,3092,3174,3931,3817,3489,3285,6309,4715,3770,3431,12441,6038,4015,3350,26.2133,-31.8144,8.50701,47.6733
49904,3131,3239,3524,3669,3450,3597,3997,4413,3482,4087,6256,7341,3450,4141,6678,7900,16.0531,17.7528,8.74228,48.2367
49905,3302,3315,3661,3714,3250,3704,4496,5288,3450,3928,5979,9047,3326,3773,5157,6875,10.2792,21.7562,8.8627,48.1767
49906,3289,3369,3152,3115,3915,3798,3507,3150,6173,4860,3880,3304,12605,6148,3885,3471,27.6156,-32.7266,8.69722,47.7473
49907,3403,3646,3723,3524,3831,4536,4952,3892,4057,6482,7460,4475,4008,5083,5354,4213,8.26751,1.78227,8.94566,48.426
49908,3757,5073,6929,5448,3845,5001,7469,5326,3503,3870,4399,4072,3197,3466,3624,3519,-14.2828,8.07281,8.54487,48.332
49909,3090,3254,3331,3580,3127,3590,3923,4363,3447,3915,5083,8406,3383,3882,5664,10017,17.1489,29.7695,8.98207,48.0367
49910,3585,3692,3685,3321,4006,4907,4608,3817,4542,7586,6380,4186,4237,5384,4825,3953,7.93677,-2.30956,8.7889,48.476
49911,3431,3776,4281,4079,3624,4438,6588,5050,3747,4752,7196,5290,3546,3786,4548,4361,1.53936,9.15853,8.53168,48.3287
49912,3004,3221,3369,3414,3279,3491,3897,4075,3435,3784,4994,7018,3434,4044,6606,11015,21.5536,23.5842,8.73395,48.0533
49913,12423,6111,3896,3533,5943,4687,3809,3449,3875,3712,3493,3314,3391,3354,3201,3111,-28.4177,-33.6606,8.63452,47.5347
49914,3758,3725,3364,3147,4671,4530,3777,3336,6984,7487,4325,3505,6053,5822,4222,3475,11.0586,-14.7695,8.9754,48.1207
49915,11525,6997,4190,3475,5856,4989,3749,3447,3984,3767,3441,3229,3401,3297,3137,3119,-31.3977,-21.6919,8.60692,47.7353
49916,3140,3243,3286,3169,3467,3734,3716,3617,4045,4685,4961,4333,4336,7362,9131,5099,30.5721,2.55088,8.82023,47.5493
49917,5749,9759,6468,4079,4526,5256,4535,3896,3720,3690,3668,3525,3347,3349,3387,3168,-32.7458,-5.52062,8.74751,48.0813
49918,3226,3453,3768,3844,3398,3773,4802,5140,3470,4177,6762,7824,3420,3991,5344,5880,8.98958,17.1672,8.54194,48.1813
49919,3437,3310,3162,3095,3818,3963,3497,3326,5701,5323,4043,3496,9219,8357,4590,3627,25.0822,-16.231,8.71107,47.976
49920,3158,3169,3318,3390,3222,3505,3824,3998,3364,3831,4771,6539,3462,3883,5981,12063,23.9476,31.8936,8.711,47.652
49921,3869,3787,3335,3111,5614,4231,3607,3224,9944,5134,3857,3409,6642,4737,3800,3373,8.75077,-31.5283,8.75537,47.7827
49922,3212,3239,3434,3430,3271,3338,3781,3967,3391,3613,4748,6133,3385,3845,5939,12707,32.5502,30.7145,8.82254,47.622
49923,3317,3399,3299,3235,3847,3780,3526,3307,5144,5414,4114,3592,8097,9482,5027,3765,25.3104,-12.584,8.9957,48.23
49924,3397,3744,4663,6630,3398,3811,5411,9994,3218,3617,4277,5746,3206,3298,3772,3896,-8.83634,29.1557,8.74115,48.052
49925,3563,4371,6566,6891,3632,4278,6639,7049,3417,3723,4378,4574,3116,3270,3507,3653,-14.445,16.0227,8.53401,48.418
49926,4821,7448,6851,4471,4373,6130,5716,4279,3642,4000,3875,3557,3286,3422,3438,3369,-18.8744,-1.46117,8.69236,48.452
49927,3156,3621,4130,4916,3315,3741,4923,8273,3339,3632,4915,8369,3320,3519,4164,4765,0.0747892,29.8564,8.76919,48.0653
49928,3418,3969,5515,10441,3306,3780,5076,8001,3212,3448,3886,4313,3227,3215,3526,3484,-18.5758,32.4072,8.83767,47.878
49929,3251,3756,5880,12883,3441,3728,4825,6064,3157,3425,3661,3912,3174,3209,3302,3251,-30.7646,30.4284,8.99881,47.2793
49930,3099,3365,3256,3327,3450,3930,3905,3631,4063,5121,5653,4531,4472,6938,8390,5003,21.514,2.55053,8.71677,48.0893
49931,3155,3320,3260,3275,3400,3623,3688,3604,4021,4583,5079,4533,4169,7159,9445,5486,31.0588,3.77089,8.96916,47.8667
49932,5866,5105,3859,3357,8436,6358,4047,3470,5504,4777,3717,3329,3945,3929,3405,3159,-7.5471,-19.2924,8.59481,48.1753
49933,3146,3404,3883,3916,3341,3854,4757,5675,3289,4106,6340,8678,3377,3677,4961,6005,7.27368,19.8885,8.73885,48.2727
49934,3902,3754,3379,3164,5367,4534,3668,3299,8595,6255,3799,3507,6299,5239,3860,3314,9.43503,-19.8691,8.66339,47.9567
49935,3084,3295,3463,3440,3198,3547,3832,4061,3306,3801,4898,7354,3376,3908,5831,11324,20.7967,28.8914,8.69319,47.812
49936,3321,3775,5309,8656,3431,3796,5219,9214,3229,3521,4158,4762,3183,3280,3504,3550,-14.5309,31.4895,8.73324,47.9387
49937,8006,9195,4773,3558,5501,5531,4280,3515,3847,3926,3510,3219,3393,3508,3294,3163,-24.4785,-13.234,8.7293,48.146
49938,3371,3554,3819,3596,3601,4148,5055,4388,3829,5027,8156,5678,3735,4338,5348,4680,7.8723,7.99773,8.55935,48.2153
49939,3338,3624,4555,5371,3340,3776,5124,9429,3187,3596,4655,7170,3220,3521,3985,4249,-3.99467,31.4494,8.70892,48.0933
49940,3339,3662,4916,5603,3478,4075,6540,8378,3357,3758,4938,5539,3159,3365,3845,4050,-6.27606,18.8285,8.78648,48.0013
49941,3835,3676,3396,3127,5165,4190,3512,3167,9750,5325,3695,3398,7411,5135,3798,3388,11.2746,-29.4937,8.66923,47.9787
49942,3411,3690,4853,6196,3424,3870,5338,9763,3261,3586,4485,5867,3122,3536,3780,3888,-7.63787,33.5749,8.64697,48.0467
49943,6419,10114,5879,3925,4753,5294,4376,3753,3737,3744,3584,3295,3336,3382,3298,3163,-28.4405,-8.21588,8.826,48.0347
49944,3126,3303,3438,3425,3264,3487,3788,3993,3384,4040,5169,5715,3484,4201,7829,10492,32.2794,18.5871,8.89598,48.092
49945,3439,3351,3359,3143,4069,3847,3496,3233,6103,5296,4046,3401,9894,7607,4400,3431,23.3025,-18.3767,8.90153,48.0767
49946,5239,7628,5360,3960,5082,6921,5005,3884,3966,4194,3895,3431,3509,3398,3394,3314,-16.5614,-6.34612,8.50536,48.12
49947,3324,3426,3167,3199,3912,3991,3698,3341,5759,5963,4130,3446,8083,8427,4624,3559,21.3835,-14.1707,8.72906,48.0327
49948,3324,4060,5774,9034,3382,3949,5443,8358,3189,3526,4021,4589,3093,3280,3582,3585,-15.6555,23.786,8.96334,48.126
49949,3398,3348,3121,3175,3946,3833,3383,3058,6112,4827,3810,3346,12275,6649,4112,3354,28.8546,-23.7119,8.84935,47.8313
49950,3688,3872,4065,3754,4104,5497,5804,4027,4083,6094,6665,4341,3682,4403,4284,3926,1.91958,1.09756,8.89366,48.1927
49951,3175,3242,3330,3418,3236,3466,3953,3930,3461,3866,4908,5918,3384,4219,7808,10529,32.9428,19.0417,8.8305,47.8953
49952,4410,6017,6476,4690,4310,6121,6796,4449,3563,4149,4180,3854,3145,3502,3550,3346,-14.5478,1.38263,8.81121,48.372
49953,3706,4470,5658,4831,3842,5257,7940,5390,3503,4069,4968,4319,3272,3583,3698,3689,-8.61799,7.18009,8.66913,48.13
49954,12633,5874,3854,3355,6095,4720,3757,3457,3874,3722,3324,3259,3393,3449,3250,3188,-32.8743,-30.1965,8.76382,47.4693
49955,3454,3483,3271,3204,3899,3808,3582,3260,5853,4985,3819,3348,12173,6400,4021,3359,32.2076,-25.0151,8.50007,47.946
49956,3366,3553,4209,5000,3318,3730,5202,8869,3329,3785,4911,7713,3234,3478,4135,4587,-1.77409,27.1117,8.86215,48.2793
49957,3479,3282,3210,3101,3879,3763,3425,3179,6317,4806,3743,3397,12341,6434,3775,3399,26.7258,-25.1852,8.99394,47.6867
49958,3065,3392,3520,3601,3320,3526,4142,4847,3387,3825,5223,9282,3407,3770,5151,8494,13.7769,29.3975,8.6413,47.968
49959,3515,3954,5757,9432,3276,3865,5331,8339,3240,3407,4024,4510,3157,3266,3612,3490,-16.5594,24.8455,8.79002,48.1167
49960,3308,4122,6185,9445,3392,3973,5361,7745,3245,3526,3977,4214,3126,3268,3395,3534,-17.7527,22.8401,8.50382,47.8773
49961,3277,3606,4370,4685,3426,4067,6169,6779,3531,4054,6052,6757,3283,3707,4214,4492,-0.073609,16.9838,8.73831,48.3127
49962,3457,4409,7393,7884,3599,4182,6191,6431,3293,3579,4082,4189,3123,3242,3546,3469,-18.0519,15.5313,8.91446,48.046
49963,3342,3802,5007,7361,3292,3886,5264,9642,3315,3490,4310,5113,3163,3351,3641,3696,-11.2164,32.9452,8.72032,47.7833
49964,5172,8962,7730,4639,4268,4812,4742,4034,3630,3771,3641,3522,3259,3403,3363,3167,-30.8221,-1.86927,8.98993,48.0767
49965,3139,3288,3604,3547,3491,3752,4382,4210,3737,4541,7406,5911,3694,4577,7128,5998,14.6008,11.4669,8.62503,48.27
49966,3011,3313,3556,3606,3266,3535,4158,4815,3403,3845,5382,8865,3407,3886,5391,8589,14.1201,25.4168,8.73314,48.0187
49967,3372,3949,5276,5470,3523,4386,7321,7139,3427,3767,5020,5013,3208,3490,3786,3805,-8.2096,14.7632,8.506,47.968
49968,3232,3405,3506,3469,3588,4079,4563,4123,3676,5268,7869,5272,3888,4846,6330,5060,12.5038,6.9487,8.80763,48.116
49969,3918,3618,3404,3075,5712,4412,3564,3323,9769,5299,3770,3380,6722,4786,3842,3305,8.89142,-32.151,8.51371,47.9327
49970,3366,3990,6005,12505,3315,3824,4799,6035,3146,3302,3734,4084,3099,3261,3468,3440,-32.2044,28.0156,8.60542,47.582
49971,3749,4979,6871,5460,3834,5108,7530,5412,3524,3846,4526,4076,3274,3394,3517,3453,-14.0789,8.28537,8.5395,48.3687
49972,3150,3301,3521,3604,3330,3652,4123,4334,3531,4118,6189,7105,3497,4301,6659,7711,16.1373,17.4086,8.74722,48.084
49973,3054,3285,3445,3494,3265,3572,3941,4331,3408,3859,5197,7652,3353,4057,6177,10226,19.1518,24.1949,8.57924,48.2107
49974,6848,8762,5148,3705,5424,6150,4389,3554,3886,3944,3700,3227,3336,3481,3304,3157,-20.5742,-10.7177,8.72995,48.01
49975,3228,3561,3937,4140,3416,3853,5151,5998,3413,4177,6413,8020,3301,3783,4781,5313,5.1278,18.636,8.85708,48.3233
49976,3245,3661,4197,4939,3383,3906,5026,8445,3299,3738,5015,7888,3159,3516,4157,4630,-1.02267,27.9429,8.7756,48.136
49977,4236,3927,3428,3123,6859,4682,3691,3275,9330,5396,3784,3385,5617,4350,3798,3194,4.17575,-25.2968,8.69085,48.05
49978,3506,3816,4025,3826,3815,5028,6115,4615,3949,5525,7141,4768,3653,4132,4542,3953,1.95191,4.47003,8.84136,48.2727
49979,3908,3748,3327,3197,5190,4552,3670,3312,8522,6576,4158,3457,6444,5166,3852,3370,9.49155,-19.2699,8.98714,48.2993
49980,6445,6678,4350,3476,6673,7167,4327,3564,4369,4370,3786,3330,3623,3525,3275,3088,-14.2127,-14.0936,8.55969,48.0307
49981,3377,3365,3124,3140,3996,3954,3428,3184,6094,4835,3692,3423,12256,6230,3808,3356,33.9274,-26.2166,8.55727,47.508
49982,3183,3456,3882,4277,3380,3796,5019,6754,3334,3821,5740,8780,3363,3570,4341,5419,3.91958,22.3044,8.70922,48.0767
49983,8783,9004,4720,3620,5355,5102,3994,3677,3859,3864,3496,3181,3462,3321,3246,3134,-30.2585,-14.8297,8.66016,47.8787
49984,6791,4869,3721,3285,9803,5179,3854,3342,5556,4295,3544,3320,3852,3671,3449,3160,-9.33447,-29.9828,8.52296,47.794
49985,3521,3981,5039,4906,3648,4552,7724,6349,3565,4165,5517,5039,3338,3597,3799,3902,-5.47274,12.3737,8.62222,48.428
49986,4314,5575,5472,4009,4504,7025,6744,4450,3858,4499,4444,3768,3329,3520,3551,3473,-10.9178,-0.773787,8.7431,48.3567
49987,3470,3571,3394,3090,4011,4463,3974,3478,5462,7734,5059,3839,5357,6805,4979,3765,13.8042,-7.71371,8.86174,48.3007
49988,3657,5059,8532,7375,3662,4297,5965,5373,3359,3753,4028,3877,3130,3216,3438,3433,-21.2814,11.9676,8.51894,48.1027
49989,3260,3690,4644,6206,3419,3940,5215,9763,3326,3631,4560,6051,3258,3344,3793,4094,-6.80538,31.7772,8.7974,48.1293
49990,3159,3333,3598,3673,3251,3473,4116,5025,3337,3843,5307,9567,3370,3721,5270,7980,12.3018,25.7283,8.99133,48.0153
49991,3009,3475,3611,3613,3287,3554,4011,4795,3358,3874,5213,9244,3393,3758,5434,8420,13.8011,31.7008,8.83511,48.0327
49992,3242,3482,4178,4212,3557,3957,5956,5620,3504,4289,6947,6744,3489,3879,4744,4744,3.09538,14.5224,8.70219,48.3627
49993,3942,5903,9550,6349,3732,4504,5819,4830,3375,3617,3953,3659,3196,3211,3330,3407,-23.2347,7.75315,8.91363,48.2513
49994,3654,4786,8026,7172,3620,4275,6342,5814,3520,3759,4244,4017,3056,3398,3437,3433,-18.6143,12.8747,8.6006,48.3687
49995,4349,4901,4224,3666,5011,7949,5283,3821,4349,5791,4574,3727,3719,3993,3703,3458,-4.61661,-6.16859,8.99569,48.3453
49996,3368,3943,5215,6294,3515,4074,6533,8880,3224,3648,4645,5216,3141,3399,3705,3790,-9.61581,19.4769,8.78497,48.3933
49997,4104,6223,9042,5973,3894,4737,5845,4696,3446,3724,3769,3794,3260,3390,3331,3316,-22.7366,6.06342,8.50275,48.3627
49998,3010,3171,3275,3332,3146,3441,3794,4025,3455,3801,4946,6433,3503,3999,6449,12048,25.5991,25.3931,8.68649,47.8853
49999,3321,3712,4602,5549,3417,3896,5676,8916,3202,3654,4856,6518,3078,3456,3899,4216,-4.82857,22.73,8.62358,47.9787
50000,8729,8837,4662,3608,5514,5401,4180,3516,4011,3783,3621,3342,3356,3427,3193,3050,-25.6745,-14.8068,8.83547,48.1533
50001,6801,9733,5518,3882,4994,5573,4389,3668,3657,3943,3672,3348,3326,3319,3237,3077,-24.6432,-9.55003,8.98812,48.0913
50002,3320,3650,4653,6004,3496,3820,5143,9721,3289,3586,4491,6177,3237,3335,3791,4030,-6.94268,32.1057,8.62238,47.8287
50003,3777,3736,3359,3259,5160,4586,3776,3251,8245,6818,4070,3396,6082,5327,3935,3478,9.58504,-17.956,8.8425,48.17
50004,6285,4812,3626,3298,9461,5637,3824,3360,6008,4528,3711,3271,4081,3747,3494,3075,-7.49282,-24.8494,8.58421,48.1453
50005,3430,3537,3372,3249,3994,4396,3850,3386,5277,7475,4885,3788,5407,7189,5042,3809,14.6577,-8.23439,8.95525,48.0573
50006,3306,3734,4285,4091,3583,4319,6375,5247,3611,4551,7264,5745,3508,3967,4594,4325,2.10613,10.7551,8.79051,48.3367
50007,3360,3776,4951,6415,3327,3884,5817,9321,3298,3625,4557,5733,3072,3418,3878,3850,-8.30645,22.5939,8.61098,48.188
50008,3752,3640,3340,3076,4872,4375,3623,3284,8414,6145,4023,3483,7272,5624,3900,3372,12.6757,-19.9148,8.51289,48.13
50009,3165,3318,3361,3194,3385,3609,3955,3817,3672,4291,5054,4989,3865,5378,9726,6980,30.9441,9.93025,8.55517,47.8393
50010,4387,4155,3548,3222,7587,4753,3744,3285,9116,4940,3810,3407,5215,4335,3456,3272,2.34189,-29.7373,8.69214,48.1547
50011,3437,3420,3120,3201,4031,3757,3443,3129,6777,5021,3821,3485,11419,6534,3988,3347,23.0363,-23.3199,8.57391,47.9533
50012,4306,6318,8568,5382,4033,4963,5826,4678,3482,3832,3875,3659,3089,3436,3420,3340,-20.9299,4.05027,8.68234,48.138
50013,3145,3319,3653,3842,3282,3690,4332,5411,3328,3776,5266,9829,3342,3695,4970,7152,10.0393,32.4009,8.57417,48.0213
50014,3734,4609,5465,4544,3886,5516,8147,5214,3607,4251,5077,4157,3293,3655,3709,3607,-8.73012,5.94127,8.83428,48.314
50015,3369,3292,3201,3174,4006,3867,3557,3299,5026,5354,4213,3613,7649,9712,4943,3660,33.4251,-11.915,8.93612,47.9567
50016,3132,3468,3888,4095,3378,3737,4669,6897,3444,3791,5121,9410,3309,3641,4496,5321,4.28348,33.9412,8.77677,47.8647
50017,3720,3614,3247,3127,4654,4387,3754,3379,7488,6866,4259,3429,6887,6075,4113,3426,12.8775,-16.7957,8.97897,48.2833
50018,3098,3263,3396,3381,3229,3356,3728,3853,3284,3791,4886,6146,3336,3847,6014,12590,33.8794,28.0907,8.80099,47.4653
50019,3876,3743,3358,3160,5831,4400,3634,3328,9930,5196,3797,3417,6515,4837,3658,3375,8.19454,-30.1215,8.71641,48.0367
50020,5551,8723,6364,4202,4557,5999,4982,3811,3610,3921,3747,3474,3300,3382,3396,3232,-20.6618,-4.71824,8.91902,48.1673
50021,3021,3237,3352,3315,3212,3585,3780,3961,3349,3802,4779,6503,3399,3963,5988,12279,25.6907,30.2578,8.59654,47.6833
50022,12035,6007,3932,3411,6645,4919,3767,3271,4052,3775,3399,3241,3410,3373,3179,3117,-23.9404,-30.7683,8.65664,47.6887
50023,3175,3366,3429,3228,3484,3698,3803,3588,3987,4841,5135,4377,4385,7208,9092,5162,33.2998,3.02724,8.85382,47.972
50024,3176,3315,3413,3496,3327,3608,3915,4007,3733,4283,6259,5688,3663,4821,8431,7169,20.1369,12.5763,8.73083,48.2027
50025,3085,3086,3432,3492,3197,3498,3995,4455,3468,3772,5119,7881,3451,3931,5495,10324,18.2327,29.2316,8.92687,47.7873
50026,3198,3364,3451,3808,3197,3634,4118,4942,3480,3733,5209,9402,3414,3937,5195,7990,12.7354,31.6669,8.91076,48.048
50027,3658,4113,4125,3702,4310,5832,5687,4001,4188,6323,6087,4081,3832,4266,4129,3708,1.20848,-0.570372,8.65063,48.028
50028,3176,3496,3868,4214,3409,3757,4797,6948,3393,3785,4953,9520,3270,3642,4378,5417,3.76235,32.7968,8.94554,48.0153
50029,3099,3282,3421,3489,3335,3497,4021,4091,3511,4044,5790,6424,3549,4394,7664,8703,20.5453,17.087,8.77288,48.2093
50030,3701,4792,9297,7735,3545,4326,5695,5286,3251,3562,3855,3897,3121,3201,3409,3335,-23.8073,12.2781,8.77313,48.0053
50031,3904,4586,4758,4182,4170,6400,7102,4518,3753,4787,5241,4067,3510,3730,3929,3612,-5.8971,1.7685,8.52679,48.166
50032,3166,3410,3796,4030,3281,3591,4536,5917,3384,3737,5467,9682,3326,3756,4757,6323,7.87266,24.4473,8.71605,48.106
50033,3627,3628,3509,3260,4241,4689,4128,3560,5413,8030,5078,3816,4975,6005,4727,3833,10.4944,-7.81536,8.57705,48.346
50034,3182,3317,3310,3227,3517,3680,3767,3434,4397,5039,4887,4054,5178,8894,7586,4499,27.5207,-1.93,8.78111,47.9787
50035,3756,3845,3681,3399,4474,5786,4653,3715,5124,7809,5525,3778,4180,4905,4326,3761,4.83251,-5.92454,8.88858,48.478
50036,3378,3956,5933,12373,3392,3787,4802,6506,3256,3433,3827,3968,3177,3168,3395,3512,-24.1832,32.111,8.90495,47.9087
50037,3345,3496,3659,3586,3575,3920,4688,4219,3730,4773,8050,5793,3715,4526,6157,5183,11.1897,9.38645,8.90638,48.2767
50038,3540,4102,7164,11410,3358,3778,4882,6072,3152,3566,3829,3949,3100,3253,3383,3378,-26.3171,21.5436,8.81858,47.944
50039,3353,3475,3267,3129,3888,3984,3601,3440,5169,6234,4548,3699,6591,8891,5207,3861,20.6141,-9.55816,8.50108,48.2247
50040,3249,3493,3894,4050,3364,3912,5387,5220,3506,4426,7339,6987,3409,3956,5080,5039,5.78521,13.8297,8.7387,48.2073
50041,3267,3464,3532,3463,3367,3737,4345,4109,3597,4531,7150,5906,3806,4652,7342,6194,15.6008,11.779,8.52626,48.308
50042,3389,3556,3281,3105,4528,3982,3478,3227,8597,4958,3821,3347,9868,5482,3876,3391,16.7556,-30.9111,8.93423,47.924
50043,5035,5148,4024,3406,6894,7324,4393,3364,5027,5023,4014,3339,3876,3923,3571,3259,-6.82296,-14.6305,8.6909,47.7467
50044,6277,8609,5228,3816,5250,6406,4602,3711,3867,4047,3819,3398,3368,3530,3402,3256,-19.5547,-9.25469,8.62931,48.3907
50045,3438,3379,3313,3122,4583,3974,3608,3278,8333,5217,3829,3241,9860,5544,3960,3359,17.1508,-28.5559,8.62668,48.0253
50046,3236,3550,4100,4226,3401,3891,5542,6390,3401,3985,6181,7798,3397,3744,4495,4956,2.89219,18.8099,8.67864,48.1953
50047,3412,3280,3364,3200,4108,3793,3411,3229,7279,4963,3825,3501,11193,5827,3928,3476,21.0373,-32.8751,8.91123,47.8593
50048,3422,3840,5266,5773,3508,4158,6998,7962,3359,3910,4895,5213,3112,3539,3748,3953,-7.92637,16.8209,8.85343,48.4373
50049,3430,3469,3679,3564,3685,4285,4781,4118,3876,5588,7863,5000,3855,4779,5777,4632,8.99672,5.40876,8.56935,48.254
50050,3433,3358,3220,3142,3954,3837,3526,3277,6401,5027,4054,3463,10857,7182,4157,3503,23.6809,-20.7807,8.64978,48.2607
50051,3863,4242,4346,3826,4321,6512,6148,4214,4169,5746,5596,4064,3723,3999,4146,3686,-1.90335,-0.751789,8.8994,48.4007
50052,3742,5192,9581,7670,3621,4335,5155,5086,3337,3570,3715,3766,3186,3281,3350,3358,-29.2542,11.1055,8.629,47.9633
50053,3850,4008,3753,3426,4969,6162,4399,3641,5616,7642,4658,3671,4454,4538,4129,3412,3.04167,-9.69933,8.98979,48.2187
50054,3426,3851,4607,4689,3551,4228,7257,6627,3509,4096,5873,5546,3307,3503,4141,4208,-3.17993,13.6014,8.99359,48.2793
50055,3292,3530,3888,3839,3468,4168,5408,4695,3593,4742,8106,5974,3623,4160,5355,4780,6.22908,11.0144,8.96357,48.414
50056,3298,3524,3325,3147,3796,4072,3971,3578,4597,6777,5485,4019,5083,7382,5953,4274,16.5118,-3.64565,8.7609,48.1873
50057,3342,3725,4698,6254,3260,3832,5502,9750,3209,3655,4383,5960,3196,3452,3739,4100,-7.13598,24.9627,8.72278,48.038
50058,4005,4842,5310,4286,4120,5877,7730,4579,3723,4587,4943,4018,3380,3537,3772,3565,-8.05102,3.08621,8.86535,48.1827
50059,8752,8873,4574,3482,5299,5291,4131,3386,3963,3855,3540,3298,3462,3391,3263,3193,-32.8324,-14.9917,8.64099,47.8353
50060,5173,7069,5439,3990,4963,7178,5400,3963,3849,4257,3986,3581,3367,3627,3418,3295,-15.1162,-5.453,8.52236,48.37
50061,7717,8298,4714,3602,5932,6288,4222,3603,4040,4037,3742,3258,3466,3295,3245,3053,-19.732,-14.0022,8.8128,48.3413
50062,10705,7467,4176,3425,6322,5171,3882,3401,4005,3847,3367,3199,3358,3363,3182,3078,-24.343,-19.8846,8.89702,47.9653
50063,3841,3652,3374,3068,5246,4283,3482,3186,9441,5576,3933,3397,7105,5175,3877,3367,11.092,-23.7785,8.86046,48.002
50064,3157,3393,3334,3296,3514,3720,3941,3797,3937,4727,5717,4509,4266,6356,9040,5436,22.8175,5.15116,8.83309,48.0933
50065,3398,3858,5688,9458,3438,3833,5221,8264,3226,3520,4107,4542,3208,3192,3523,3511,-16.5212,26.1736,8.53746,47.9913
50066,5633,4460,3620,3316,9243,5461,3734,3370,6707,4741,3704,3333,4251,3918,3451,3254,-4.46778,-24.8354,8.733,48.1307
50067,3105,3251,3687,3776,3298,3657,4405,5201,3330,4060,6195,8658,3304,3904,5519,6906,10.9887,20.145,8.88447,48.1707
50068,7004,5199,3904,3219,9474,5562,3844,3399,5438,4296,3690,3318,3732,3732,3413,3183,-10.1752,-24.5393,8.64362,48.2713
50069,11081,7418,4203,3366,5942,4953,3888,3451,3917,3763,3535,3194,3351,3371,3300,3112,-28.1798,-20.1891,8.59472,47.8967
50070,4604,4386,3638,3290,7174,5637,3959,3477,7257,5785,3960,3349,4710,4214,3593,3313,0.00702948,-18.9531,8.72257,48.2307
50071,3240,3167,3386,3316,3272,3607,3915,3737,3732,4335,5379,4832,3897,5728,10023,6865,26.4128,8.93918,8.91624,48.2873
50072,3611,3664,3502,3376,4096,5029,4225,3552,5049,8224,5583,3930,4553,5476,4525,3816,8.42977,-5.50551,8.94552,48.1407
50073,3285,3347,3216,3131,3970,3733,3498,3165,6395,4740,3847,3395,12665,6022,3908,3471,25.8732,-31.8606,8.90599,47.8587
50074,3308,3967,6309,12704,3363,3759,4762,6058,3210,3542,3825,3872,3072,3152,3429,3425,-30.9433,25.9622,8.94827,47.838
50075,3544,3412,3249,3153,4328,4035,3500,3246,7723,5336,3835,3272,9888,6241,3990,3435,18.4733,-22.4265,8.9258,48.1247
50076,3407,3476,3288,3062,3969,3817,3575,3138,6074,5422,3885,3420,10126,7771,4349,3443,23.2078,-18.4251,8.96434,48.148
50077,3600,3475,3279,3234,4224,4268,3696,3340,6303,7040,4417,3546,6535,6998,4513,3712,15.2852,-13.1125,8.81753,48.12
50078,4070,5940,9980,6378,3744,4493,5259,4727,3361,3586,3806,3817,3112,3241,3340,3202,-27.3415,7.23737,8.69827,48.0373
50079,3385,4067,6567,12059,3438,3885,4957,5943,3185,3497,3666,3987,3162,3301,3278,3423,-29.1525,23.399,8.66259,47.8667
50080,3376,3401,3268,3113,3859,3848,3666,3214,5338,5284,4115,3647,8508,9136,4691,3498,32.6402,-14.0172,8.66468,47.9747
50081,3344,3331,3280,3184,3805,3932,3509,3187,5279,5257,4013,3615,8537,9090,4709,3573,32.6122,-14.2457,8.71364,47.7633
50082,8957,8950,4703,3481,5339,5159,4102,3505,3775,3841,3473,3283,3282,3375,3276,3137,-31.2686,-14.8661,8.80812,47.7587
50083,4176,4236,3741,3413,5570,6469,4436,3613,5790,7012,4338,3446,4209,4466,3812,3430,0.948576,-11.7718,8.82938,48.1047
50084,3218,3906,6101,12030,3360,3803,4927,6688,3218,3499,3848,4095,2993,3172,3417,3279,-23.6622,26.7246,8.98312,47.7027
50085,3409,3346,3149,3110,3915,3744,3475,3218,6240,4631,3890,3364,12560,6253,4053,3444,26.0952,-26.7985,8.70743,47.8673
50086,9834,6529,4056,3503,7207,5452,3955,3416,4249,3941,3446,3297,3534,3402,3308,3116,-19.1582,-21.3778,8.68706,48.1633
50087,3865,4060,3593,3354,4938,5848,4230,3466,5949,7702,4726,3568,4582,4853,4071,3592,4.5495,-10.4082,8.73122,48.2647
50088,12436,5824,3995,3402,6140,4657,3687,3387,3927,3798,3366,3277,3342,3447,3227,3223,-31.884,-30.2751,8.50695,47.4233
50089,4660,6424,5417,4118,4603,7184,5986,4112,3843,4245,4072,3660,3431,3493,3488,3344,-13.1354,-2.89348,8.85019,48.0533
50090,3501,3374,3201,2986,3874,4026,3584,3386,5502,5697,4220,3582,7838,8926,4837,3768,23.631,-13.1604,8.81178,48.2013
50091,4132,5821,6716,4704,4078,5752,7049,4528,3675,3996,4278,3884,3279,3459,3497,3413,-14.5233,2.82872,8.7927,48.174
50092,3585,3698,3531,3163,4540,4600,3813,3451,6140,7705,4543,3636,5700,6305,4424,3539,11.5885,-11.8965,8.7862,48.2487
50093,11886,6809,4048,3398,5875,4895,3923,3342,4010,3849,3418,3195,3395,3279,3257,3026,-30.3795,-22.7233,8.72792,47.7367
50094,3691,3592,3315,3126,4875,4350,3632,3279,8228,6260,4062,3477,7161,5932,3915,3367,12.5044,-19.1338,8.78302,48.1747
50095,3830,4252,4480,4006,4087,5962,6961,4369,3920,5231,5551,4282,3535,3998,3896,3714,-3.18211,1.59158,8.67857,48.0493
50096,3329,3707,4557,4969,3472,3878,6297,7563,3440,3911,5584,6612,3259,3586,4185,4383,-2.15104,17.9686,8.97113,48.488
50097,6153,4870,3768,3322,9950,5127,3861,3237,5869,4566,3708,3227,3876,3690,3410,3122,-7.65523,-33.0328,8.8924,47.8373
50098,3823,3678,3421,3188,5415,4194,3534,3235,9683,5670,3821,3278,7089,5168,3841,3270,10.3846,-24.1963,8.87572,48.2053
50099,3748,4510,4608,4108,4078,6575,6643,4262,3976,5122,5520,4098,3650,3904,3885,3604,-3.88908,0.433584,8.81027,48.194
50100,12389,5877,3910,3409,6006,4611,3878,3408,3862,3661,3471,3266,3439,3382,3323,3222,-33.9362,-33.2554,8.90275,47.4093
50101,6338,9488,5663,3933,4958,5771,4333,3709,3769,3757,3614,3360,3310,3344,3392,3139,-23.3247,-8.26477,8.87009,47.9187
50102,3164,3213,3346,3407,3229,3524,3780,3987,3398,3878,5168,5910,3433,4205,7613,10754,27.9696,19.7354,8.63019,48.006
50103,4682,8280,8532,4907,3995,4984,4995,4248,3533,3683,3759,3526,3163,3285,3421,3185,-27.2129,0.621249,8.98678,48.1187
50104,3131,3355,3748,3740,3219,3614,4287,5335,3459,3824,5678,9499,3309,3828,5319,7287,10.3543,24.1064,8.98216,48.4213
50105,3305,3671,4537,5442,3359,3727,5177,9348,3327,3688,4677,6826,3247,3453,3866,4154,-4.15797,33.8153,8.95257,47.8693
50106,4719,4145,3551,3254,7841,5040,3772,3336,8363,5026,3698,3357,4922,4252,3495,3181,0.741414,-27.3871,8.54806,47.968
50107,3432,3621,3587,3350,3786,4526,4375,3733,4500,7228,6543,4223,4378,5705,5243,4084,10.6121,-1.5314,8.78912,48.2093
50108,12224,5719,3880,3397,6109,4679,3738,3350,3846,3829,3401,3278,3517,3331,3184,3234,-33.3362,-32.2337,8.51103,47.144
50109,3384,3541,3265,3031,4022,3963,3626,3243,6188,5850,4149,3451,8524,8136,4498,3561,20.6959,-15.4987,8.87782,48.288
50110,10389,8156,4246,3385,5556,5082,3940,3491,3871,3783,3393,3278,3455,3279,3358,3093,-29.6527,-18.4312,8.90279,47.8367
50111,3165,3380,3663,3751,3326,3700,4518,5086,3430,4086,6652,8425,3435,3912,5411,6357,10.0623,18.293,8.97005,48.198
50112,3072,3346,3663,3743,3183,3596,4341,5542,3347,3820,5490,9917,3301,3761,5093,7052,9.9841,25.5118,8.98629,48.178
50113,12237,6147,3890,3505,6363,4863,3760,3396,3955,3875,3462,3207,3449,3398,3149,3200,-26.0495,-27.4553,8.50616,47.904
50114,3066,3249,3398,3503,3372,3462,3898,3822,3528,4184,5381,5741,3566,4439,8288,9380,25.2397,16.42,8.68326,48.1847
50115,3309,3551,3626,3536,3512,4116,4580,4106,3896,5395,7997,5122,3902,4790,6248,4763,11.0069,6.19412,8.5605,48.2993
50116,3589,3468,3276,3190,4091,4074,3604,3437,5918,6518,4415,3660,6738,7674,4648,3631,17.3521,-12.9277,8.57833,47.954
50117,3349,4022,5676,9946,3457,3756,5156,8371,3219,3583,3963,4377,3007,3250,3531,3505,-17.0173,29.6848,8.89487,48.112
50118,4197,3902,3527,3247,6663,5135,3769,3299,8624,5842,3913,3335,5324,4542,3583,3259,4.33063,-21.5904,8.88714,48.1073
50119,3371,3364,3257,3177,3960,3802,3468,3164,6061,4908,3841,3400,12131,6459,4060,3377,27.4172,-24.1067,8.93818,47.8667
50120,3232,3268,3723,3806,3309,3536,4532,5893,3366,3774,5141,9949,3380,3779,4764,6622,8.27498,33.0452,8.88209,48.0493
50121,3296,3551,4173,4705,3395,3649,4908,7828,3334,3695,4885,8335,3304,3581,4345,4950,1.01679,29.8972,8.55583,47.956
50122,4318,5904,6941,4870,4142,5736,6819,4540,3599,3951,4156,3771,3357,3503,3423,3398,-15.4384,2.85408,8.82516,48.2853
50123,3246,3339,3343,3189,3542,3894,3803,3532,4272,5194,5126,4097,4991,8463,7819,4678,24.8622,-0.833106,8.71121,48.352
50124,6111,7732,4752,3734,5549,7189,4518,3690,4102,4140,3732,3388,3415,3476,3421,3162,-16.7252,-10.4651,8.71959,48.074
50125,3411,3520,3500,3306,4007,4592,4135,3609,4906,7920,5732,3886,4768,5996,5015,3811,10.9593,-4.50044,8.98924,48.076
50126,3269,3650,4307,4956,3379,3705,5226,8953,3358,3802,4918,7485,3231,3370,4001,4430,-2.21128,32.1109,8.79839,48.0267
50127,3398,4096,6945,11812,3441,3766,4912,6045,3241,3414,3859,3837,3035,3287,3305,3350,-30.4023,22.6571,8.65519,47.8287
50128,3206,3432,3794,4170,3355,3607,4526,6306,3325,3858,5446,9613,3310,3621,4698,5907,6.26162,25.2796,8.76218,48.116
50129,3817,4876,6784,5428,3799,4994,7436,5370,3610,3912,4482,4019,3272,3443,3513,3508,-13.6447,8.15334,8.5168,48.1753
50130,3348,4074,6741,11996,3303,3771,4775,5992,3214,3527,3693,3992,3046,3243,3405,3427,-28.3577,23.9009,8.83724,47.698
50131,3118,3403,3677,3667,3378,3742,4614,4931,3371,4286,7277,7527,3575,4077,5536,6012,9.92835,16.0123,8.93979,48.1273
50132,4742,4383,3602,3238,7105,5997,3908,3436,6763,5872,3930,3356,4603,4343,3591,3240,-0.526678,-17.8155,8.98492,48.0727
50133,4831,4656,3653,3309,7377,6809,4149,3442,6074,5616,3931,3478,4240,3967,3580,3301,-3.52038,-16.7616,8.75313,48.2753
50134,3492,3449,3194,3165,4073,3862,3617,3161,6612,5354,3969,3411,9727,7280,4203,3527,21.2056,-19.6017,8.62124,48.064
50135,11355,5856,3904,3380,7306,4965,3828,3321,4191,3828,3378,3280,3458,3434,3207,3206,-21.1155,-32.5062,8.87248,47.9313
50136,3267,3716,4846,6844,3433,3814,5595,9623,3221,3580,4318,5592,3196,3380,3686,3885,-9.25085,25.8592,8.52792,47.9973
50137,3137,3407,3599,3683,3362,3528,4065,4940,3233,3898,5287,9319,3400,3788,5225,8110,12.9858,31.1521,8.70495,47.9873
50138,3452,4148,7650,10751,3487,3890,5080,5777,3297,3379,3766,4109,3139,3205,3395,3440,-33.4072,19.5758,8.93864,47.9767
50139,3129,3364,3362,3229,3306,3650,3879,3672,3798,4556,5708,4637,4141,6300,9609,6013,24.7128,6.49697,8.67297,48.2353
50140,9863,5630,3897,3369,8283,5197,3844,3437,4499,3915,3545,3161,3439,3405,3316,3218,-17.3819,-29.8225,8.68581,48.012
50141,3148,3384,3681,3771,3230,3564,4241,5536,3432,3846,5289,9943,3266,3761,4835,7033,9.7035,28.4915,8.61528,47.9733
50142,3578,4470,8529,9279,3539,4012,5270,5750,3320,3589,3924,3968,3099,3175,3469,3458,-24.492,16.0047,8.67942,48.286
50143,3356,4158,7294,11689,3483,3879,4931,5840,3134,3486,3825,3834,3129,3255,3369,3384,-30.4496,21.7196,8.94031,48.0307
50144,3137,3355,3308,3285,3282,3470,3757,4026,3497,3911,4986,6051,3405,4105,7139,11525,26.3661,21.4823,8.85499,48.1593
50145,3362,3739,3987,3880,3620,4436,6098,4646,3729,4949,7788,5317,3518,4032,4715,4428,3.31047,8.3244,8.82959,48.1627
50146,10462,7960,4312,3430,5772,5028,4080,3417,3924,3780,3453,3244,3378,3326,3217,3104,-26.6949,-18.7321,8.90233,47.9247
50147,3386,3403,3338,3104,3653,3831,3798,3474,4557,5859,5073,3881,5178,8557,6829,4271,21.3636,-3.49054,8.53301,48.128
50148,8264,9120,4858,3580,5531,5255,4167,3533,3858,4001,3676,3327,3366,3343,3411,3194,-33.8125,-14.0327,8.78396,48.3227
50149,3373,3374,3206,3206,4044,3825,3434,3236,5999,4818,3705,3324,12550,6404,3911,3343,31.5854,-26.0749,8.71148,47.8347
50150,3186,3340,3443,3308,3426,3769,3879,3619,3733,4455,5198,4534,4045,6416,9830,5923,29.6281,6.1146,8.73587,48.0693
50151,3500,3598,3281,3078,4126,4034,3598,3435,6514,6336,4169,3571,7735,7520,4400,3485,17.7978,-15.1529,8.56161,48.2533
50152,4849,4798,4022,3493,6393,7504,4490,3492,5263,5691,4220,3447,4106,4065,3597,3381,-4.19942,-12.6011,8.50906,48.5407
50153,3332,3678,4273,4619,3437,3961,5953,6939,3447,3941,5945,6894,3260,3658,4256,4631,0.126898,17.7947,8.98663,48.1493
50154,3376,3393,3221,3199,3983,3861,3452,3250,6948,4864,3808,3311,11994,6051,3930,3351,23.684,-30.5385,8.62437,47.9947
50155,4653,4058,3559,3253,8306,4834,3761,3300,8348,5036,3717,3309,4925,4163,3511,3340,0.287576,-32.1143,8.83897,48.0487
50156,3404,3478,3228,3098,4170,3997,3430,3267,6882,6014,4196,3346,8439,7126,4323,3529,18.2575,-17.2777,8.87683,47.9513
50157,3885,4836,6338,4904,3781,5522,7942,5101,3568,4082,4563,4107,3196,3437,3652,3503,-12.1019,6.26537,8.84052,48.278
50158,3068,3310,3505,3593,3247,3545,4115,4658,3461,3952,5544,8486,3492,4004,5772,8447,14.6579,22.6296,8.5996,48.1327
50159,3375,3504,3245,3036,3866,3815,3720,3244,5379,5331,4124,3530,8307,9380,4790,3688,33.2197,-13.6572,8.67464,48.2227
50160,4699,5771,4517,3786,5316,8083,5358,3785,4161,4775,4103,3497,3623,3759,3543,3316,-9.50551,-6.55786,8.59104,48.0613
50161,5676,9267,6486,4107,4708,5559,4695,3868,3709,3930,3712,3307,3256,3319,3208,3180,-23.8639,-5.4406,8.8145,47.9913
50162,3345,3918,5488,7283,3468,3972,5951,9071,3305,3603,4265,4983,3216,3275,3543,3755,-11.879,22.038,8.73664,48.294
50163,7988,8700,4761,3729,5616,5764,4231,3506,3930,3898,3596,3402,3385,3395,3204,3082,-22.1679,-13.6732,8.68731,48.1247
50164,3426,3411,3338,3142,3871,4197,3775,3413,5250,6949,4718,3737,5892,8013,5296,3930,17.563,-8.17286,8.94778,48.2387
50165,4790,8175,7276,4629,4360,5407,5278,4082,3655,3826,3863,3602,3181,3520,3356,3296,-22.1873,-1.37525,8.53717,48.1973
50166,6086,4798,3669,3327,9479,5645,3815,3268,6092,4520,3682,3419,4010,3763,3462,3147,-6.91725,-23.8757,8.69967,48.1213
50167,12404,5779,3872,3407,5934,4699,3590,3352,3864,3785,3410,3301,3393,3407,3327,3194,-33.5502,-32.7905,8.72006,47.1453
50168,4571,3941,3506,3178,7566,5186,3763,3387,8427,5440,3813,3395,4856,4348,3532,3293,1.47902,-23.2557,8.64463,48.1347
50169,4038,3927,3515,3230,5971,4741,3732,3275,9224,5836,3763,3352,5926,4737,3689,3301,6.78753,-21.877,8.7819,48.1713
50170,3415,4153,6761,10869,3420,3915,5109,6856,3159,3538,3880,4099,3057,3176,3471,3285,-22.3411,21.8718,8.72515,48.1087
50171,3435,3834,5730,12518,3351,3752,4607,5975,3319,3381,3731,3870,3295,3262,3368,3440,-33.1366,33.4614,8.96374,47.2453
50172,3293,3867,5098,6818,3386,3948,6052,9256,3230,3719,4308,5256,3229,3341,3656,3799,-10.42,21.4428,8.92542,48.1707
50173,3061,3276,3417,3405,3408,3646,3953,3859,3668,4328,5885,5300,3745,5213,9256,7031,22.251,10.8792,8.93299,48.3007
50174,3101,3347,3700,3787,3330,3796,4933,5512,3473,4149,6741,8046,3512,3901,5176,5669,7.83804,17.6714,8.63528,48.1153
50175,3348,3688,4681,6035,3341,3857,5190,9820,3425,3752,4589,5927,3248,3410,3794,3960,-7.11213,31.056,8.6391,48.0433
50176,3394,3336,3289,3210,3798,3849,3716,3377,4889,5183,4279,3595,7236,9544,5347,3779,31.4423,-10.9062,8.5584,47.8807
50177,3451,4064,6335,9111,3393,4062,5452,7668,3219,3469,3980,4351,2996,3219,3529,3459,-17.7662,21.0088,8.76753,47.8387
50178,3480,3422,3189,3200,3998,3834,3477,3249,5969,4896,3874,3359,12035,6589,3994,3249,31.5599,-23.8067,8.75911,47.876
50179,6096,4878,3788,3329,9143,5831,3946,3327,5721,4750,3714,3282,3891,3801,3447,3187,-7.75445,-22.5149,8.5289,48.0873
50180,3621,4236,5182,4464,3729,5116,8013,5553,3557,4257,5449,4692,3340,3549,3985,3747,-5.53919,8.35456,8.68296,48.3267
50181,3459,3440,3240,3020,4226,3795,3460,3265,7400,5029,3882,3311,11153,5872,3896,3458,20.7108,-28.6307,8.63557,47.9373
50182,3250,3397,3470,3320,3796,4137,3922,3541,4703,6921,5397,4026,5171,7398,5846,4153,16.4097,-4.31345,8.56964,48.2987
50183,3515,4443,7926,10142,3517,4033,4976,5792,3330,3505,3900,4043,3107,3167,3447,3411,-25.9535,18.2229,8.64974,48.1693
50184,3509,3720,4903,5179,3459,4093,6975,7767,3425,3823,5277,5606,3268,3545,3903,4151,-5.34063,16.5132,8.92111,48.402
50185,4653,5947,4878,3798,4949,7733,5889,4074,4054,4638,4216,3646,3535,3573,3579,3321,-10.8636,-4.76981,8.65953,48.322
50186,6635,9071,5287,3768,5159,6219,4640,3708,3939,3997,3684,3438,3322,3391,3288,3098,-21.1044,-10.0059,8.64249,48.4293
50187,8562,5694,3853,3494,8705,5442,3846,3435,4625,4142,3590,3294,3605,3611,3239,3179,-14.774,-25.1451,8.61557,48.2107
50188,3877,4385,3985,3664,4452,6524,5413,3852,4510,6517,5443,3971,3904,4280,4100,3641,0.323542,-3.26397,8.57617,48.3453
50189,3982,4155,3751,3402,4677,6196,4479,3677,5211,7497,4789,3760,4473,4642,4006,3578,2.79954,-8.64996,8.66182,48.1833
50190,3146,3194,3526,3340,3309,3486,3784,3915,3443,3968,5049,5582,3461,4355,8009,10302,28.9683,17.9976,8.74686,47.9127
50191,3734,4966,8756,7252,3556,4354,5955,5680,3422,3576,3923,3880,3157,3278,3311,3412,-21.0175,11.9579,8.91792,48.1413
50192,3514,4310,7635,10865,3373,3864,5010,5976,3123,3431,3850,3955,3153,3148,3274,3354,-26.0369,19.773,8.91508,47.89
50193,5147,8932,7295,4317,4427,5366,4872,4064,3693,3750,3810,3459,3287,3312,3336,3197,-24.0948,-2.73075,8.96345,48.176
50194,3140,3508,3979,4301,3336,3726,5188,6568,3386,3987,6100,8320,3201,3791,4514,5257,3.74986,19.643,8.93679,48.2013
50195,3353,3395,3262,3189,3988,3834,3456,3181,6836,4947,3769,3309,11884,5828,4027,3547,22.7362,-32.4106,8.90333,47.87
50196,3367,3500,3315,3166,3939,4250,3801,3444,5211,6911,4830,3933,5998,8017,5226,3740,17.3525,-8.79656,8.61335,48.432
50197,3170,3298,3328,3309,3382,3686,3745,3706,3903,4472,5075,4499,4158,6440,9837,5766,29.7431,5.59161,8.50449,47.8493
50198,3264,3693,4265,4824,3376,4090,5891,7818,3391,3932,5256,6988,3231,3594,4197,4427,-1.48756,20.2701,8.55973,48.158
50199,3732,4971,6830,5163,3918,5145,7606,5191,3549,3860,4442,3981,3275,3548,3520,3333,-14.0735,6.99001,8.82645,48.0427
50200,3342,3877,6054,12524,3342,3807,4810,5947,3232,3436,3797,3831,3125,3292,3406,3393,-31.6119,31.2847,8.57789,47.4767
50201,4261,6844,9329,5482,3959,4691,5572,4566,3396,3667,3748,3691,3132,3288,3309,3276,-25.134,4.4354,8.74146,48.1407
50202,3483,3827,4424,4075,3513,4617,7017,5422,3664,4506,6722,5259,3440,3704,4247,4158,-0.556004,9.7807,8.95606,48.052
50203,12300,6255,3990,3310,6542,4763,3905,3396,4010,3773,3405,3133,3450,3204,3177,3146,-25.4572,-26.236,8.81483,47.8393
50204,3256,3303,3383,3351,3548,3865,3914,3726,4082,5414,5702,4345,4369,6898,8161,5042,20.3823,2.11709,8.96229,48.2393
50205,4178,4564,4158,3591,5150,7462,4996,3751,4769,6493,4720,3750,3875,4161,3751,3368,-2.33645,-7.22785,8.7691,48.4913
50206,4366,4556,4020,3592,5340,7467,4718,3752,4962,6416,4478,3675,3914,3969,3661,3429,-2.33801,-8.48698,8.74979,48.21
50207,3178,3430,3923,3936,3217,3917,4944,5781,3439,4127,6734,8001,3365,3779,4981,5512,6.25545,18.0946,8.55816,48.176
50208,3415,4191,7420,10842,3379,3876,5082,5983,3169,3519,3988,3914,3103,3245,3415,3342,-25.8065,20.2849,8.78144,47.922
50209,3271,3353,3333,3106,3830,3775,3648,3374,4753,5481,4473,3824,6114,9993,6040,4069,25.6436,-7.44908,8.99118,48.2913
50210,3080,3251,3409,3504,3283,3667,3922,4059,3562,4208,5973,6412,3610,4487,7556,8210,19.4483,15.8517,8.58384,48.1287
50211,3430,3412,3213,3049,4051,3715,3482,3240,5717,4865,3927,3330,11682,7098,4158,3388,30.5323,-21.4467,8.80261,47.838
50212,3041,3222,3445,3412,3195,3417,3800,3906,3294,3871,4771,6160,3416,3937,6399,12422,28.7451,25.7027,8.86994,47.8053
50213,3321,3839,4644,4572,3513,4416,7044,6334,3484,4058,6115,5601,3346,3581,4216,4123,-2.5401,13.4791,8.741,48.138
50214,3139,3435,3864,3906,3415,3704,4579,5969,3412,3834,5214,9911,3296,3668,4650,6206,7.28287,33.5145,8.97428,48.1347
50215,3548,4509,7468,7100,3588,4206,6528,6457,3252,3581,4154,4253,3189,3308,3409,3415,-16.8598,14.296,8.85926,47.9767
50216,3548,3930,5888,12145,3421,3836,4891,6514,3104,3436,3751,3957,3086,3314,3403,3417,-24.4038,30.4754,8.62613,47.7607
50217,3723,4787,7203,6341,3582,4435,7123,6207,3414,3731,4283,4213,3082,3283,3502,3531,-15.2424,12.1343,8.90277,48.2933
50218,6360,10087,6137,3924,4684,5233,4386,3705,3626,3704,3679,3413,3182,3347,3265,3125,-27.0977,-7.6544,8.99898,47.9047
50219,11587,6151,3908,3296,6858,4954,3931,3345,4118,3868,3435,3236,3275,3445,3254,3048,-22.5651,-26.3825,8.56009,47.806
50220,3963,3845,3458,3247,5257,5262,3898,3427,6853,7507,4298,3471,5175,5038,3996,3404,6.03592,-14.425,8.94129,48.066
50221,3236,3350,3233,3199,3742,3836,3704,3370,4638,5419,4418,3749,6252,9790,6199,4062,27.6566,-7.02308,8.80929,48.1313
50222,3133,3258,3423,3399,3399,3504,3981,4070,3627,4150,5846,5888,3582,4547,8302,8283,22.0374,14.9967,8.53466,48.2613
50223,3401,3404,3299,3087,4266,4003,3545,3359,7200,5677,4024,3433,9227,6809,4261,3481,18.9237,-19.6505,8.50404,48.3173
50224,3353,3985,5838,10613,3496,3814,4935,7894,3235,3514,3901,4262,3152,3286,3363,3506,-19.1421,27.2525,8.71079,48.098
50225,3368,3533,3357,3201,3853,4234,3830,3563,5096,7341,5187,3989,5166,7206,5270,3994,14.9707,-5.82656,8.99636,48.1253
50226,3456,3594,3287,3158,4831,4113,3564,3269,9065,5218,3757,3367,8746,5363,3781,3310,14.1379,-30.115,8.89661,47.9193
50227,3209,3258,3407,3235,3461,3577,3695,3723,3756,4538,5278,4591,3902,6278,9788,5975,28.0276,6.06606,8.69071,47.7807
50228,4187,4005,3449,3305,6351,4683,3634,3255,9468,5199,3723,3362,5759,4644,3700,3343,5.25473,-33.8337,8.5684,48.0447
50229,3155,3229,3345,3292,3298,3646,3914,3658,3764,4443,5431,4668,3860,6300,9850,6276,25.9569,7.12537,8.92077,48.086
50230,3356,3892,4628,4875,3572,4030,6617,7219,3308,3938,5548,5985,3275,3550,4085,4183,-3.18304,16.6435,8.68381,48.0407
50231,3432,3893,5211,5893,3433,4020,6687,8352,3233,3852,4955,5271,3280,3386,3715,3945,-8.35431,18.675,8.91392,48.372
50232,3324,3526,3473,3350,3711,4188,4419,3825,4173,6211,6745,4479,4406,5848,6283,4595,13.6138,1.07916,8.57751,48.3707
50233,4219,6101,6925,4776,4149,5750,6632,4645,3677,3993,4355,3697,3376,3425,3547,3284,-15.671,2.33915,8.83049,48.3673
50234,3370,3476,3555,3410,3638,4236,4630,3926,4133,6116,7555,4759,4007,5142,6017,4484,11.0309,3.19013,8.96784,48.3027
50235,3369,3580,3509,3202,3865,4351,4080,3634,4697,7047,5860,4064,4703,6651,5558,4187,14.2265,-2.99811,8.64453,48.238
50236,3183,3450,3785,3893,3273,3681,4643,5248,3524,3961,6683,8128,3292,3838,5445,6117,9.20925,18.6936,8.59186,48.096
50237,3094,3268,3489,3537,3255,3493,3881,4220,3541,3818,5209,7094,3470,4011,6417,10423,20.7426,22.148,8.71134,48.1467
50238,3673,4458,5015,4260,3838,5694,7960,5015,3640,4472,5360,4366,3345,3574,3826,3599,-5.98128,5.2049,8.85463,48.0633
50239,7095,5065,3778,3256,9490,5693,3955,3319,5252,4154,3716,3248,3844,3585,3349,3129,-10.4792,-24.4962,8.59839,47.952
50240,4454,7583,9037,5213,4097,4924,5263,4173,3484,3642,3677,3656,3233,3217,3392,3216,-26.9815,1.99728,8.8638,48.174
50241,3357,3861,4592,4883,3443,4198,6833,7309,3482,3961,5543,5962,3348,3575,4012,4217,-3.22898,16.2929,8.88485,48.384
50242,3674,3658,3329,3174,4684,4535,3734,3244,7680,6773,4097,3502,6711,5995,4195,3415,12.659,-17.0549,8.7988,48.2667
50243,3575,4288,6617,7112,3524,4138,6476,7221,3339,3596,4142,4455,3126,3356,3595,3530,-14.7579,16.1571,8.79906,48.06
50244,4567,4120,3551,3377,7748,4887,3687,3263,8832,5007,3750,3382,5010,4231,3613,3408,1.39918,-33.5965,8.89238,48.2887
50245,3372,3390,3520,3386,3692,4114,4240,3632,4404,6555,6307,4218,4600,6423,6416,4341,14.9084,-0.593916,8.85746,48.4067
50246,4159,5774,7260,5148,4052,5305,6907,4810,3504,3899,4136,3844,3328,3408,3483,3428,-16.4948,4.75354,8.68178,48.2967
50247,3446,3421,3233,3114,3967,3806,3390,3221,6036,4847,3715,3384,12186,6256,3971,3396,33.2342,-25.6894,8.66215,47.5927
50248,3049,3235,3546,3525,3296,3604,4116,4786,3354,4035,5683,8526,3332,3979,5641,8437,14.5892,22.8958,8.71722,48.096
50249,3315,3485,3992,4366,3390,3823,4651,6960,3328,3708,5197,9306,3341,3579,4514,5327,3.61259,33.4863,8.86436,48.188
50250,5138,4784,3876,3290,7555,6831,4144,3472,5734,5354,3808,3395,4072,3945,3523,3177,-4.78755,-16.8048,8.59279,48.0653
50251,3672,4550,7099,6096,3540,4486,7301,6217,3431,3649,4323,4226,3193,3372,3629,3542,-14.7495,11.7903,8.69861,48.2173
50252,4561,6287,5851,4335,4551,6827,6047,4277,3885,4309,4091,3634,3388,3441,3410,3259,-14.063,-2.21713,8.51262,48.102
50253,5335,9310,7000,4346,4441,5175,4663,3976,3667,3704,3732,3453,3210,3463,3252,3211,-32.0444,-3.36193,8.69186,47.9587
50254,3367,3598,4234,4868,3409,3847,5064,8571,3415,3775,4810,7501,3376,3509,4088,4462,-1.59074,33.0828,8.78623,47.9293
50255,3938,4072,3765,3362,4827,6274,4480,3747,5271,7690,5007,3809,4164,4625,3939,3635,2.97032,-8.06361,8.63264,48.4033
50256,3764,4127,3845,3551,4186,6013,5229,3894,4446,7010,5743,4028,3950,4597,4207,3703,2.12256,-3.19851,8.588,48.1953
50257,6909,9726,5412,3857,4843,5621,4309,3650,3760,3774,3800,3365,3349,3416,3252,3192,-25.0182,-9.43038,8.65171,48.1567
50258,5678,9579,6723,4298,4532,5236,4685,3907,3609,3854,3722,3416,3233,3290,3349,3143,-29.4009,-4.95792,8.89596,48.1693
50259,3449,3533,3295,3165,4159,4048,3633,3310,6690,5814,4024,3407,8393,7305,4261,3415,18.3532,-17.5393,8.76043,47.934
50260,3041,3254,3380,3375,3316,3559,3823,3913,3666,4288,5351,4969,3849,5424,9783,7373,28.6529,10.6353,8.75325,48.2427
50261,3377,3375,3190,3128,4011,3867,3476,3253,6661,4841,3776,3352,12172,6049,4029,3497,24.3577,-32.7481,8.62654,48.036
50262,3952,3698,3330,3099,5469,4397,3625,3196,9536,5774,3857,3415,6806,5069,3762,3393,9.83914,-24.1182,8.6871,48.252
50263,3331,3420,3339,3301,3760,3813,3487,3411,4919,5152,4161,3591,7276,9666,5261,3789,33.1398,-10.6429,8.78307,47.7847
50264,3904,5467,9476,6607,3695,4402,5792,4938,3388,3584,3964,3717,3120,3245,3393,3331,-23.3243,9.32789,8.61662,48.0153
50265,3448,3407,3232,3186,4203,3871,3472,3115,6956,5163,3835,3384,10760,6567,4140,3313,21.2974,-22.7828,8.77211,48.0347
50266,3407,3922,4723,4696,3500,4321,7078,6789,3349,4121,5610,5689,3373,3539,3975,4164,-3.56274,14.6734,8.59458,48.1707
50267,3511,3400,3240,3106,3914,3842,3435,3144,6148,4795,3750,3468,12432,6269,3990,3432,30.6092,-26.3472,8.59004,47.9173
50268,3180,3230,3292,3391,3293,3422,3786,3901,3480,3860,4729,6255,3404,4025,5963,12263,26.166,32.2183,8.64988,47.6493
50269,3357,3491,3125,3077,3901,3845,3545,3210,5968,4916,3839,3376,11862,6870,4186,3445,28.5592,-22.9921,8.82052,48.0087
50270,3212,3406,3526,3374,3650,3832,4346,3825,4030,5670,7099,4638,4065,5704,6898,4975,14.9664,3.91558,8.79156,48.1667
50271,3466,3852,6000,12580,3313,3867,4912,6331,3271,3444,3884,3929,3070,3234,3340,3434,-25.8963,28.6915,8.71213,47.9513
50272,3738,4329,4957,4267,3781,5428,8001,4879,3676,4445,5730,4410,3397,3758,3952,3750,-4.87366,5.6815,8.95063,48.332
50273,3610,4118,5022,4583,3648,5026,7901,5784,3589,4140,5545,4744,3238,3566,3904,3879,-5.35017,9.42232,8.51019,48.198
50274,3499,3764,3726,3424,3882,4880,4708,3730,4595,7286,6476,4113,4200,5165,4930,4044,8.32553,-1.4715,8.52863,48.2813
50275,6458,4712,3689,3255,9993,5191,3855,3504,5624,4363,3567,3281,3858,3681,3467,3114,-8.28388,-33.3644,8.7237,47.7413
50276,9152,8643,4574,3452,5658,5272,4054,3484,3931,3901,3426,3186,3345,3448,3253,3104,-33.9952,-15.7831,8.79177,47.922
50277,5235,8813,7486,4655,4351,5193,4699,3973,3564,3838,3626,3537,3275,3288,3341,3200,-28.558,-2.04863,8.58729,48.0493
50278,4177,4363,3984,3388,5212,6987,4709,3517,5121,6774,4568,3735,4117,4302,3853,3536,-0.623715,-8.47301,8.62292,48.2287
50279,4179,4956,4396,3848,4877,7836,5818,3907,4183,5382,4494,3645,3648,3907,3716,3483,-6.07873,-4.69818,8.97659,48.1833
50280,3280,3430,3410,3188,3585,3675,3810,3555,4108,5015,5033,4107,4627,8259,8173,4578,33.5544,-0.190069,8.9202,47.8887
50281,4369,5860,5476,4139,4541,6813,6666,4241,3737,4326,4370,3797,3365,3613,3693,3335,-12.2331,-0.691513,8.69587,48.2273
50282,3389,4058,6288,12179,3388,3813,4832,6268,3203,3441,3806,3925,3096,3195,3305,3311,-25.7939,26.8289,8.8372,47.6647
50283,3763,4494,4621,4106,4043,5845,7132,4611,3942,4962,5554,4208,3455,3856,3931,3684,-3.9613,3.03837,8.54015,48.138
50284,3299,3384,3394,3238,3740,3777,3622,3530,4374,5178,4654,4117,5329,9162,7271,4319,30.6396,-3.01186,8.87236,48.2587
50285,12334,6205,3915,3382,6152,4896,3763,3431,4018,3818,3421,3208,3423,3443,3261,3107,-28.4904,-28.9836,8.61646,47.8513
50286,3347,3697,4486,5380,3381,3800,5043,9479,3330,3717,4723,7118,3175,3409,4020,4281,-3.66354,32.1213,8.97357,48.2573
50287,3719,4910,8301,6397,3741,4561,6630,5341,3367,3705,4072,3906,3209,3374,3444,3343,-18.5853,9.95587,8.95205,48.0133
50288,3449,3410,3157,3044,3944,3782,3474,3274,6054,4791,3822,3346,11834,6937,4014,3392,27.3214,-23.0696,8.68861,47.816
50289,3360,3452,3195,3171,3837,3908,3476,3164,5521,5059,4068,3542,9525,8567,4567,3596,30.1846,-16.4905,8.63143,48.0053
50290,3405,3455,3142,3154,3963,3913,3518,3126,6181,4927,3857,3432,11753,6729,3895,3309,27.3171,-23.1724,8.58586,47.8393
50291,3206,3342,3648,3754,3192,3550,4248,5517,3326,3852,5227,9775,3304,3876,5019,7218,9.98732,29.6096,8.52953,48.036
50292,3503,4497,8463,9232,3369,4075,5384,5596,3316,3609,3847,3944,3073,3277,3299,3342,-24.2455,16.033,8.70123,47.884
50293,3306,4050,5898,7789,3362,4043,6033,8130,3223,3552,4197,4772,3121,3285,3476,3618,-13.8471,20.4819,8.65617,47.9033
50294,3290,3475,4152,4758,3422,3962,5661,7458,3351,3930,5741,7311,3311,3585,4315,4717,-0.0417417,19.7947,8.66292,48.2927
50295,5013,4361,3620,3156,8596,5207,3779,3327,7645,5024,3767,3367,4556,4076,3431,3225,-1.39352,-25.0053,8.91097,48.1
50296,3580,4174,5558,5262,3593,4641,7948,6508,3358,3860,4957,4748,3343,3421,3752,3755,-8.34531,12.3695,8.73509,48.3053
50297,3251,3378,3624,3638,3251,3656,4252,5308,3400,3805,5238,9731,3336,3760,4961,7383,10.7775,31.3406,8.61834,47.9813
50298,4408,4327,3723,3255,6390,6426,4143,3595,6212,6345,4087,3449,4537,4425,3784,3346,0.0290766,-14.9729,8.50952,48.3013
50299,3156,3341,3455,3326,3531,3676,3848,3612,3779,4601,5165,4489,4166,6711,9715,5585,33.325,4.60927,8.75695,48.104
50300,3357,3969,5964,11632,3426,3678,4874,7168,3230,3452,3832,4163,3112,3247,3377,3499,-21.4959,29.7987,8.82762,47.9867
50301,3445,4206,6151,6863,3528,4171,6791,7318,3418,3688,4458,4606,3219,3417,3628,3738,-13.2216,16.369,8.53894,48.43
50302,3364,3956,6510,12173,3288,3784,4964,5950,3310,3415,3815,3927,3057,3245,3428,3429,-29.995,24.6019,8.5317,47.7433
50303,10942,7776,4250,3468,5760,5002,3925,3458,3923,3838,3457,3217,3469,3340,3256,3232,-30.7312,-19.4848,8.77727,48.2087
50304,7665,5199,3762,3353,9244,5719,3832,3347,5157,4193,3554,3194,3726,3565,3358,3175,-12.062,-24.0089,8.69766,48.0287
50305,3587,3608,3325,3230,4421,4670,3815,3401,6610,7759,4436,3661,5556,6097,4426,3696,11.3519,-12.7122,8.73559,48.1987
50306,5280,4340,3735,3323,9092,5095,3727,3333,7183,4813,3766,3286,4354,3953,3369,3242,-2.91298,-32.6807,8.98108,47.9273
50307,3419,3596,3899,3757,3651,4392,5401,4469,3726,5084,7790,5377,3679,4211,5090,4401,5.98819,7.5273,8.59753,47.9613
50308,3253,3406,3264,3264,3852,3765,3507,3291,5177,5285,4218,3564,7501,9638,5137,3723,33.6682,-11.3244,8.79189,47.8967
50309,3374,4188,7357,11038,3437,3919,4981,5734,3276,3429,3947,3885,3097,3257,3421,3418,-32.2663,20.589,8.53293,47.8387
50310,3664,3586,3239,3129,4410,4244,3598,3347,7499,6255,4106,3399,7777,6424,4181,3515,15.5063,-17.8707,8.81456,48.2487
50311,3430,3512,3315,3153,4071,4117,3627,3427,5857,6712,4524,3649,6641,7636,4749,3781,17.0983,-12.0346,8.55855,48.134
50312,3510,4306,7104,10500,3420,3922,5203,6329,3219,3495,3897,4055,2974,3154,3357,3492,-23.068,20.4653,8.60379,47.958
50313,3359,3788,5363,8909,3407,3832,5199,8958,3230,3535,4070,4747,3114,3263,3541,3649,-14.3266,29.602,8.75819,47.976
50314,3715,3646,3552,3197,4591,4722,3870,3312,6784,7745,4447,3578,5634,5843,4206,3572,10.226,-13.1558,8.85687,48.276
50315,7192,7945,4669,3730,5885,6278,4290,3500,4058,4174,3629,3397,3483,3457,3239,3105,-18.8029,-13.0329,8.5749,48.0207
50316,6394,4751,3744,3312,9760,5410,3812,3399,5840,4472,3634,3348,3969,3831,3321,3158,-7.44512,-25.6936,8.7013,48.1033
50317,3268,3319,3357,3180,3868,3805,3589,3231,5215,5546,4285,3628,7936,9326,5012,3698,25.6042,-12.506,8.98756,48.1753
50318,4651,6491,5758,4257,4528,6977,5823,4102,3935,4319,4094,3546,3364,3446,3479,3246,-14.2576,-2.5858,8.81003,48.0107
50319,3291,3586,4661,5631,3231,3774,5610,9400,3261,3767,4595,6559,3203,3456,3911,4202,-5.2158,24.288,8.81938,48.092
50320,3881,3707,3365,3272,6013,4395,3741,3257,10056,5292,3933,3352,5944,4562,3683,3329,6.72612,-33.4943,8.99435,47.8547
50321,3667,3738,3389,3217,5491,4194,3612,3341,9913,5212,3795,3335,7337,5080,3656,3320,10.6851,-31.936,8.77332,48.198
50322,3420,4098,7373,11326,3480,3840,5009,5949,3175,3488,3777,3896,3104,3235,3305,3375,-28.0324,20.5124,8.86771,47.9
50323,4083,3869,3585,3249,5877,4996,3734,3247,7983,6739,4001,3451,5335,4853,3863,3492,5.58937,-17.4863,8.91334,48.238
50324,3395,3350,3220,3167,3950,3816,3438,3257,5755,4853,3895,3423,11824,6906,4117,3431,31.1145,-22.1564,8.73435,47.8647
50325,3125,3234,3395,3325,3220,3429,3838,3887,3317,3883,4838,6409,3366,4041,6395,12116,25.7934,27.2555,8.57569,47.8787
50326,3174,3254,3285,3276,3205,3409,3765,3941,3383,3783,4815,5992,3329,3948,6308,12656,32.8172,26.5894,8.88453,47.682
50327,3243,3728,4973,6993,3365,3796,5278,9929,3276,3658,4380,5619,3092,3329,3722,3858,-9.69064,27.5855,8.63989,48.1593
50328,3604,3609,3429,3152,4270,4527,3993,3530,5589,7872,4926,3762,5275,6372,4554,3670,11.8993,-9.21626,8.71364,48.0893
50329,3378,3288,3208,3217,3742,3851,3549,3412,4903,5544,4445,3785,6554,9609,5790,3953,25.5969,-8.3596,8.76257,48.152
50330,3465,3863,6051,12323,3415,3801,4844,6236,3249,3441,3850,3944,3199,3187,3309,3350,-25.6759,33.5946,8.7597,47.6847
50331,4478,5958,4975,3932,4793,7785,5986,4030,4058,4832,4219,3670,3501,3616,3425,3401,-10.457,-4.07488,8.98399,48.4393
50332,3175,3209,3428,3378,3240,3493,3738,3980,3485,4015,5088,5580,3543,4392,8621,9395,31.2787,16.2919,8.64056,47.84
50333,5811,8523,5501,3817,4909,6521,4810,3820,3895,4045,3726,3382,3384,3484,3351,3203,-19.2711,-7.581,8.71074,48.1213
50334,4734,4118,3423,3271,7972,4845,3718,3281,8678,5066,3697,3417,5015,4222,3559,3197,1.15967,-27.8498,8.9405,48.142
50335,4079,3769,3501,3136,6617,4652,3624,3334,9469,5204,3817,3388,5566,4425,3620,3412,4.66251,-33.2322,8.68524,47.742
50336,5708,6560,4424,3673,6114,7744,4739,3680,4274,4579,3905,3474,3474,3740,3411,3072,-12.373,-11.4189,8.74748,48.3807
50337,4817,4206,3650,3286,8228,5075,3785,3279,8094,5037,3707,3344,4689,4217,3435,3228,-0.154645,-26.3662,8.63493,48.0513
50338,3448,3827,6090,12488,3310,3800,4756,6166,3236,3434,3608,3944,3109,3232,3353,3308,-27.1828,31.9016,8.74494,47.406
50339,4593,6617,6973,4556,4286,5771,6142,4474,3638,4061,4000,3722,3230,3379,3359,3337,-17.113,0.669153,8.70594,48.092
50340,3213,3380,3712,3961,3276,3669,4376,5620,3313,3863,5235,9912,3260,3823,4808,6712,9.16862,32.2283,8.71048,48.0887
50341,3072,3307,3404,3507,3420,3687,4102,3974,3711,4504,6580,5731,3738,4788,7919,6699,17.9906,11.6246,8.67869,48.0953
50342,4053,3862,3385,3093,5945,5048,3865,3357,8074,6530,4120,3410,5421,4752,3764,3390,5.43634,-18.3768,8.57017,48.046
50343,3319,3366,3207,3147,3908,3675,3401,3255,6148,4694,3778,3424,12631,6087,3940,3302,28.2451,-31.4769,8.89274,47.5213
50344,3850,5309,9417,6906,3672,4379,5676,5055,3416,3589,3817,3841,3175,3183,3310,3335,-24.0662,9.65823,8.78931,47.9533
50345,3199,3474,3863,3859,3482,4044,5287,4784,3566,4665,8094,6382,3547,4128,5217,4906,7.09307,11.3865,8.86403,48.3313
50346,4015,5922,9572,6412,3767,4473,5528,4796,3374,3571,3899,3825,3094,3300,3263,3301,-25.1448,7.96589,8.60681,48.0747
50347,3445,3926,5146,5005,3559,4277,7796,6702,3437,3930,5307,4986,3283,3469,3906,3879,-6.50435,13.234,8.73874,48.0353
50348,5560,8886,6569,4143,4669,5638,4958,3881,3808,3867,3716,3495,3251,3391,3329,3238,-22.1864,-4.71992,8.93255,48.266
50349,12063,5977,4009,3581,6707,4961,3816,3335,4041,3824,3465,3147,3366,3347,3174,3059,-23.3457,-28.9441,8.84415,47.9147
50350,12385,6095,4018,3398,6257,4699,3785,3359,3987,3796,3379,3155,3352,3457,3266,3291,-26.478,-30.4741,8.55061,47.786
50351,3415,3372,3208,3098,3885,3861,3485,3258,6462,4900,3785,3371,11896,6020,3984,3379,24.081,-33.7162,8.54878,47.586
50352,3107,3198,3353,3444,3319,3514,3854,3810,3676,4094,5120,5249,3583,4933,9426,8548,31.0843,13.6684,8.7763,48.152
50353,3436,4261,5876,6282,3517,4279,7018,7356,3382,3761,4544,4772,3198,3428,3717,3761,-11.382,15.7533,8.54357,48.392
50354,3433,3902,5510,6050,3448,4168,6791,8023,3360,3752,4431,5043,3160,3365,3749,3689,-10.1001,17.4746,8.58822,47.916
50355,3057,3298,3542,3772,3252,3654,4168,5288,3364,3936,5354,9535,3350,3798,5115,7490,11.309,33.7096,8.57741,47.982
50356,3294,3458,3218,3130,3981,3777,3443,3245,6038,4930,3839,3419,11966,6895,4021,3412,27.5647,-22.6715,8.92156,48.044
50357,3989,4938,4965,4180,4310,6456,7341,4519,3766,4639,4977,4008,3548,3693,3770,3546,-7.13472,1.55196,8.52075,48.43
50358,10007,8035,4356,3498,5578,5135,4013,3516,3965,3858,3469,3325,3362,3312,3202,3066,-28.9904,-17.8059,8.56372,47.798
50359,3092,3327,3530,3478,3298,3586,3838,4300,3371,3870,5108,7771,3318,4020,5792,10380,18.6519,25.8546,8.83524,48.0527
50360,12575,6552,3990,3353,6085,4875,3764,3365,3925,3853,3424,3111,3404,3283,3207,3115,-28.598,-23.9103,8.97958,47.9207
50361,3639,4518,6700,5841,3752,4591,7621,6012,3487,3714,4437,4290,3230,3334,3557,3571,-13.4545,11.4251,8.81985,48.196
50362,10385,7774,4400,3445,5717,5161,3903,3503,3951,3923,3485,3236,3504,3370,3249,3150,-30.0395,-18.1048,8.51694,48.104
50363,3153,3389,3439,3432,3210,3438,3753,3822,3461,4080,5079,5416,3630,4658,8903,8938,32.4735,14.9949,8.62122,47.8673
50364,12146,6017,4041,3353,6349,4811,3741,3379,3990,3705,3429,3370,3358,3520,3264,3184,-25.5779,-32.8784,8.66061,47.7713
50365,3180,3325,3420,3328,3488,3776,3854,3619,3930,4994,5373,4465,4589,7328,8667,5148,23.9879,1.94806,8.9471,48.3227
50366,3977,4169,3850,3553,4573,6573,4928,3719,4734,7156,5231,3815,4031,4458,4073,3445,1.45754,-5.31867,8.81225,48.19
50367,5454,4535,3777,3176,9025,5513,3971,3379,6668,4890,3772,3274,4346,3891,3412,3124,-4.53661,-23.7957,8.63027,48.138
50368,3425,4280,7658,10176,3499,3943,5177,6143,3191,3499,3864,4033,3117,3339,3308,3399,-24.3562,18.9894,8.50393,48.034
50369,3121,3194,3363,3321,3300,3495,3883,4026,3436,4035,5382,6473,3351,4384,7192,10043,21.6511,19.3814,8.92861,47.9993
50370,3066,3452,3856,4180,3374,3700,4730,6650,3273,3827,5475,9378,3295,3614,4608,5621,4.9592,23.6859,8.87864,48.066
50371,3262,3640,4230,5094,3303,3750,5145,8863,3393,3765,4797,7797,3333,3456,4145,4593,-1.76091,30.3441,8.75689,48.3773
50372,3508,4237,6494,7447,3473,4170,6400,7325,3280,3721,4246,4269,3213,3414,3502,3611,-14.9016,17.6187,8.51321,48.2067
50373,3931,3725,3377,3134,5421,4458,3579,3293,9648,5282,3843,3466,6659,4983,3824,3405,9.43917,-33.4084,8.52211,48.0187
50374,10041,5992,3848,3360,8081,5330,3935,3342,4443,3936,3485,3216,3442,3485,3145,3033,-17.8846,-25.1748,8.97696,48.076
50375,3597,3548,3187,3087,4639,4111,3548,3190,8714,5199,3838,3419,9410,5472,3847,3372,15.6184,-32.103,8.79891,48.1187
50376,3100,3339,3379,3339,3286,3722,3850,3692,3848,4672,5793,4775,4048,6097,9195,5853,22.4484,6.52851,8.58381,47.992
50377,5149,7565,5696,4141,4903,6721,5108,3982,3856,4201,3959,3590,3291,3611,3263,3190,-16.9615,-5.63712,8.55204,48.1507
50378,3310,3402,3260,3196,3660,3992,3862,3477,4861,6262,4835,3931,5804,8862,5795,4041,20.1648,-6.59735,8.97775,48.3667
50379,3344,3874,6074,10869,3471,3807,4925,7293,3245,3496,3938,4228,2997,3177,3549,3429,-20.659,26.1401,8.62862,47.8107
50380,9726,5406,3863,3416,8674,5116,3846,3383,4476,4020,3462,3254,3536,3358,3376,3028,-16.215,-32.6225,8.94531,47.96
50381,3230,3388,3437,3383,3569,3931,4120,3697,4134,5836,6773,4669,4249,6004,7012,4811,15.8734,2.61095,8.54937,48.162
50382,3373,3910,5646,10718,3353,3890,5003,7498,3313,3435,3951,4208,3171,3274,3364,3435,-19.5692,32.8645,8.61851,47.6947
50383,3185,3447,3621,3687,3378,3884,4911,4414,3654,4857,8020,6011,3585,4287,5962,5171,9.92797,9.97098,8.78318,48.0493
50384,3465,4238,7302,9170,3468,3942,5555,6800,3288,3537,4012,4085,3094,3195,3440,3383,-19.9764,18.6136,8.94069,47.9827
50385,4415,4074,3416,3183,7377,4923,3698,3344,9047,5152,3789,3390,5296,4304,3524,3208,2.90369,-26.0257,8.65642,48.0933
50386,3385,3345,3343,3124,3639,3847,3742,3544,4459,5592,5172,4021,5056,8471,7058,4575,22.276,-2.56843,8.81294,48.2487
50387,5864,7628,5085,3731,5353,6996,4718,3840,4019,4270,3792,3486,3425,3590,3471,3119,-16.3089,-8.64333,8.61312,48.258
50388,12079,6600,4059,3384,5979,4826,3884,3329,4061,3713,3413,3223,3369,3451,3141,3180,-28.908,-24.3911,8.56281,47.794
50389,11360,7311,4158,3440,6002,4904,3831,3521,3846,3911,3413,3282,3389,3347,3283,3060,-26.9997,-20.7761,8.86798,48.0387
50390,3133,3308,3738,4167,3233,3651,4629,6293,3471,3795,5629,9589,3387,3673,4642,6038,6.48508,25.4009,8.82696,48.2507
50391,3198,3351,3327,3233,3575,3865,3696,3494,4168,5123,4883,4078,5065,8708,7650,4491,29.9579,-1.73386,8.63835,47.9367
50392,3892,5801,9865,6589,3719,4567,5251,4804,3487,3561,3855,3731,3160,3270,3463,3237,-28.521,8.25091,8.59286,48.168
50393,3102,3370,3523,3525,3249,3444,4000,4521,3417,3786,5112,8664,3405,3852,5456,9589,16.2468,30.5919,8.7276,48.01
50394,5427,8069,5962,4001,4849,6591,5207,3825,3739,4121,3916,3428,3376,3334,3308,3266,-17.6495,-5.34311,8.9316,48.2793
50395,3794,3620,3360,3022,5123,4371,3538,3280,9409,5884,3905,3404,6938,5300,3821,3208,10.7627,-22.8349,8.96874,47.9847
50396,3162,3386,3605,3566,3422,3734,4546,4498,3588,4498,7425,6517,3611,4273,6459,6055,12.2803,12.9761,8.62168,48.23
50397,3633,3657,3417,3234,4369,4822,4047,3551,5472,8107,5044,3814,5055,6042,4494,3656,10.1895,-8.23902,8.68169,48.276
50398,3186,3342,3427,3456,3322,3562,4059,4295,3474,4092,5934,6578,3503,4403,7276,8446,18.896,16.5528,8.70855,48.2367
50399,3365,3805,4371,4392,3707,4423,6910,5667,3649,4358,6746,5419,3275,3712,4273,4150,-0.773646,11.1587,8.66753,48.148
50400,6211,4762,3762,3439,9668,5374,3831,3475,5947,4403,3600,3326,3913,3740,3418,3130,-7.4707,-26.2106,8.73132,47.9993
50401,11296,6337,3992,3375,6918,5102,3748,3434,4083,3971,3476,3215,3483,3348,3278,3073,-22.4619,-24.581,8.60083,48.086
50402,8520,5988,3931,3439,8145,5696,3975,3288,4591,4075,3612,3259,3521,3623,3247,3099,-15.3461,-21.4641,8.67755,48.006
50403,3588,3654,3242,3162,5106,4222,3562,3291,9783,5228,3857,3314,7886,5006,3758,3311,12.1873,-31.999,8.88953,47.98
50404,3461,3442,3388,3216,3679,3937,4051,3607,4239,5839,5887,4315,4655,7161,7117,4580,18.6226,-0.267421,8.53611,48.3827
50405,3286,3361,3296,3202,3751,3823,3540,3446,4835,5242,4292,3725,6752,9860,5664,3993,28.2376,-9.11597,8.68308,48.0453
50406,3944,3681,3387,3205,5195,4723,3820,3295,7967,6785,4102,3497,6074,5313,3957,3339,8.95764,-17.568,8.58623,48.1893
50407,3109,3372,3638,3775,3240,3643,4239,5332,3311,3922,5468,9603,3275,3817,5153,7321,11.0708,25.7955,8.64737,48.1453
50408,3493,3503,3527,3073,4298,4583,3886,3474,5972,7993,4683,3587,5637,6474,4533,3713,12.394,-10.8632,8.99069,48.286
50409,3359,3547,4299,4849,3454,3892,5258,8228,3249,3806,5101,7711,3138,3483,4112,4729,-0.831465,24.1575,8.66084,48.1433
50410,12477,5947,4014,3489,6034,4688,3723,3458,3913,3807,3484,3262,3379,3283,3275,3192,-29.1241,-31.237,8.60681,47.6167
50411,3077,3235,3583,3695,3336,3709,4362,4934,3409,3923,6134,8701,3449,3913,5539,7232,11.5824,20.2815,8.92877,48.154
50412,4991,8676,7808,4645,4225,5051,4839,4143,3581,3755,3758,3387,3223,3372,3292,3280,-27.8783,-1.61273,8.67811,48.0173
50413,3847,3859,3593,3214,4804,5745,4094,3552,5784,7963,4693,3727,4700,5059,4056,3575,5.60841,-9.74575,8.92761,48.1767
50414,3316,3449,4131,4478,3354,3706,4866,7506,3334,3741,4973,8973,3393,3663,4342,5224,2.42559,30.2565,8.87624,48.2993
50415,3517,4401,7717,9834,3473,4023,5324,6026,3147,3484,3877,4064,3099,3249,3380,3445,-23.5144,18.0782,8.64377,48.04
50416,3137,3263,3324,3292,3172,3528,3852,4046,3335,3867,4963,5687,3436,4176,7906,10505,33.9898,18.7036,8.93654,47.6593
50417,3265,3724,4483,4912,3329,3914,5754,7651,3290,3905,5332,7133,3225,3656,4076,4497,-1.82352,20.0104,8.69492,48.0973
50418,11731,6507,4029,3302,6570,4961,3890,3386,3930,3988,3378,3236,3459,3269,3175,3065,-23.9011,-24.5635,8.71324,47.9173
50419,3366,4020,6366,12364,3332,3926,4837,6369,3341,3423,3791,3904,3057,3172,3322,3405,-26.6652,26.637,8.72296,47.9967
50420,4020,3765,3544,3243,5244,4902,3743,3317,7659,7140,4252,3546,5575,5226,3918,3388,7.47524,-16.2987,8.88894,48.3213
50421,5442,5020,3911,3485,7873,6840,4099,3450,5496,5107,3787,3292,3971,3809,3447,3148,-6.29513,-17.3494,8.60816,48.118
50422,3266,3586,4138,4226,3475,3962,5677,6207,3503,4231,6653,7028,3340,3665,4532,4778,2.04416,16.2713,8.83179,48.178
50423,3325,3885,5214,6745,3329,4045,6164,9029,3311,3626,4463,5219,3053,3411,3675,3872,-10.27,21.2945,8.58961,48.244
50424,6646,9838,5569,3807,4896,5210,4353,3814,3709,3825,3601,3307,3260,3389,3432,3244,-32.5125,-8.91584,8.68618,47.9333
50425,8789,8425,4445,3602,5927,5508,4132,3529,3953,3898,3535,3386,3463,3463,3271,3146,-22.6983,-15.9758,8.78702,48.3147
50426,3120,3283,3401,3397,3388,3554,3798,3959,3462,4061,5010,5433,3571,4692,8798,9022,28.2406,15.3372,8.72547,47.966
50427,3161,3180,3285,3464,3277,3427,3791,3859,3366,3680,4836,6013,3490,3849,5997,12615,28.5742,32.8056,8.68105,47.5267
50428,3066,3396,3501,3698,3290,3688,4244,4802,3378,4072,6242,8272,3390,3974,5695,7053,12.2672,19.6203,8.57048,47.8407
50429,3570,3423,3269,3119,4507,4049,3573,3299,8682,5112,3927,3525,9466,5451,3797,3349,15.9479,-33.2978,8.90553,48.0787
50430,3251,3686,4492,5699,3420,3884,5099,9628,3320,3602,4659,6600,3226,3328,3891,4123,-5.18759,31.4966,8.71124,47.9387
50431,3350,3931,5431,8211,3404,3892,5632,8785,3244,3609,4259,4759,3140,3321,3638,3769,-13.3279,23.5327,8.52505,48.25
50432,3120,3229,3479,3294,3142,3429,3869,4113,3339,3886,5098,7077,3393,3980,6158,11301,21.998,25.7642,8.75273,47.938
50433,3295,3994,6370,11818,3357,3914,4933,7005,3172,3478,3781,4115,3032,3218,3436,3298,-22.7702,25.5581,8.99013,48.144
50434,10493,7368,4286,3334,6480,5298,3887,3447,4049,3966,3558,3235,3455,3388,3250,3050,-22.9577,-19.7565,8.80898,48.3627
50435,3228,3611,4171,4722,3370,3820,5206,7675,3392,3836,5293,8098,3351,3595,4365,4879,0.656369,23.4982,8.56655,48.408
50436,3425,3813,4043,3736,3695,4740,5938,4522,3922,5487,7561,4834,3602,4125,4681,4204,3.52635,5.19414,8.92167,48.2187
50437,3768,4508,7184,6466,3572,4433,6887,6127,3368,3828,4296,4166,3115,3444,3543,3554,-15.5576,12.5836,8.60721,48.1727
50438,3267,3329,3264,3181,3608,3715,3810,3670,4253,5301,5372,4241,4819,7922,7787,4691,22.3713,-0.338762,8.58441,48.1533
50439,3132,3320,3408,3247,3251,3484,3740,3764,3611,4156,5369,5313,3669,4868,9331,8237,31.3853,13.2645,8.95522,47.9333
50440,4544,6311,6243,4350,4345,6350,6300,4423,3736,4156,4195,3697,3298,3495,3473,3227,-14.5035,-0.237183,8.55343,48.0953
50441,4100,4597,4010,3528,4971,7384,4956,3746,4756,6592,4840,3716,3899,4227,3769,3415,-1.72837,-7.26541,8.91247,48.3373
50442,3176,3399,3657,3827,3278,3607,4208,5256,3379,3897,5494,9347,3325,3849,5061,7416,11.1435,24.9428,8.77076,48.1173
50443,5266,4541,3811,3216,8390,6297,4037,3378,6268,5104,3783,3311,4247,3987,3438,3264,-4.43006,-19.9208,8.69558,48.2253
50444,12566,6050,3930,3392,6184,4919,3843,3354,3859,3728,3347,3225,3555,3270,3190,2980,-26.9383,-28.2543,8.76487,47.5947
50445,3299,3311,3284,3155,3828,3784,3577,3399,5076,5333,4203,3661,7400,9778,5231,3785,27.1595,-11.1992,8.8187,48.0693
50446,3678,4836,8741,7990,3530,4126,5859,5589,3337,3602,3930,3996,3139,3368,3499,3373,-22.2002,13.5875,8.88518,48.3953
50447,3517,3347,3170,3163,3930,3771,3492,3265,5432,5230,4013,3451,9387,8653,4574,3582,31.7296,-15.5942,8.79694,47.9847
50448,4327,4395,3741,3269,5946,6591,4047,3474,6110,6888,4248,3487,4384,4329,3695,3299,0.761603,-13.91,8.95703,48.1533
50449,3291,3598,4476,5188,3349,3911,5475,8735,3293,3630,5045,7046,3336,3435,3998,4410,-3.00803,22.9907,8.75669,48.144
50450,9803,6377,3996,3464,7553,5278,3888,3329,4196,3930,3597,3132,3499,3399,3331,3141,-19.01,-22.4861,8.66118,47.942
50451,3425,3760,4717,4917,3494,4174,6770,7255,3390,4004,5593,5821,3293,3625,4050,4144,-3.69692,15.8221,8.56451,48.288
50452,3844,4225,4175,3605,4286,6502,5470,4063,4366,6588,5615,4022,3866,4189,4187,3784,0.186551,-2.65338,8.94366,48.5247
50453,4545,6740,6779,4591,4266,5926,6196,4390,3735,4108,4079,3666,3315,3429,3334,3427,-17.1251,0.33157,8.94451,48.3507
50454,3099,3242,3360,3408,3264,3470,3809,4021,3389,3891,4785,6093,3371,3870,6346,12327,28.5086,25.6101,8.65869,47.83
50455,3358,4077,6872,11851,3344,3861,4897,6226,3235,3494,3886,3969,3113,3205,3361,3405,-26.1894,23.001,8.87293,48.1027
50456,3476,3443,3265,3150,4331,3998,3546,3158,8267,5231,3848,3370,10054,5828,4001,3236,17.7688,-25.3268,8.98357,48.1347
50457,3401,4125,5992,9074,3413,3873,5356,8017,3239,3482,4039,4432,3074,3290,3504,3552,-16.7075,22.6901,8.51563,47.9087
50458,3481,4069,5868,6672,3556,4160,6970,7532,3266,3743,4507,4781,3216,3413,3719,3664,-11.6802,16.6566,8.7559,48.4113
50459,3500,3932,4351,4227,3758,4718,6927,5033,3685,4781,6708,4897,3474,3882,4245,4026,-0.283739,7.85132,8.56624,48.096
50460,3350,3396,3309,3259,3787,3894,3682,3347,4513,5406,4570,3832,5769,9403,6206,4197,27.7235,-5.50962,8.54057,47.9467
50461,4277,4510,3935,3505,5037,7178,4746,3842,4918,6655,4701,3612,3969,4182,3830,3381,-1.16776,-8.04235,8.89164,48.1853
50462,3439,3395,3230,3058,3943,3855,3636,3222,5523,5158,4086,3478,9324,8569,4620,3524,27.27,-15.8653,8.84209,48.04
50463,3530,3843,4514,4605,3595,4386,7244,6332,3452,4157,6043,5608,3359,3711,4064,4199,-2.68752,13.1215,8.71224,48.428
50464,3140,3258,3406,3395,3287,3421,3734,4052,3286,3799,4753,6054,3349,3989,6524,12305,31.7764,24.5166,8.59851,47.8347
50465,3932,5372,9805,6985,3654,4469,5293,4825,3333,3662,3799,3872,3157,3216,3413,3317,-27.6811,9.75122,8.56002,48.0693
50466,3743,5104,9389,7988,3549,4200,5271,5224,3298,3616,3823,3815,3221,3171,3468,3429,-26.931,12.7646,8.53528,48.206
50467,6024,9723,6207,3976,4648,5271,4575,3830,3760,3841,3660,3611,3316,3404,3167,3240,-33.1208,-6.65879,8.51003,48.1687
50468,4133,6531,9235,5541,3932,4704,5760,4530,3430,3722,3855,3663,3204,3376,3462,3362,-23.2718,5.19779,8.8189,48.2933
50469,3683,4728,6879,5633,3752,4784,7504,5881,3440,3891,4480,4094,3132,3440,3553,3532,-13.7318,10.1112,8.65371,48.2707
50470,12789,5954,3908,3407,6078,4686,3860,3346,3975,3848,3358,3245,3387,3275,3272,3131,-30.1691,-28.3029,8.63352,47.6793
50471,3643,4359,6133,5888,3576,4419,7488,6656,3410,3817,4565,4561,3140,3426,3651,3580,-11.8675,13.0586,8.55288,48.208
50472,3439,3354,3081,3141,3865,3830,3436,3212,5737,4950,3878,3413,11397,7431,4178,3456,29.6844,-20.2534,8.9291,47.8653
50473,3377,3284,3341,3188,3681,3743,3730,3562,4333,5510,5261,4060,5053,8348,7352,4621,22.8549,-1.3602,8.70711,48.296
50474,5094,4386,3540,3371,8374,5202,3793,3286,7534,5059,3729,3336,4496,4087,3464,3197,-1.4329,-23.9285,8.6757,47.9653
50475,3068,3209,3439,3407,3096,3407,3775,3820,3453,3857,4946,5712,3471,4160,7715,11143,31.0211,19.944,8.83924,47.7853
50476,3376,3495,3239,3092,3883,3836,3459,3261,5751,5202,3859,3360,10598,7601,4192,3471,33.9148,-18.9446,8.93798,47.7833
50477,3415,3832,6032,12708,3336,3683,4731,5894,3413,3431,3848,3871,3102,3267,3355,3446,-30.9443,27.9263,8.80754,47.576
50478,3489,4113,5694,5504,3657,4496,7578,6804,3483,3836,4778,4719,3200,3511,3613,3754,-9.2065,13.6209,8.62115,48.1527
50479,3156,3429,3679,3902,3300,3574,4279,5425,3371,3832,5187,9872,3474,3696,4908,6722,9.65158,30.3541,8.58545,47.8707
50480,3368,3304,3242,3166,4077,3851,3449,3265,7289,4786,3814,3373,11411,5867,3954,3415,21.171,-31.1694,8.69014,47.754
50481,4415,4029,3517,3279,7469,4835,3734,3360,8917,5097,3765,3455,5051,4296,3728,3211,1.87217,-32.5812,8.64235,48.1053
50482,3244,3474,4353,4759,3301,3835,5380,8149,3296,3700,5444,7690,3165,3522,4187,4629,-0.598601,23.1599,8.85094,48.0853
50483,3351,4086,6418,10210,3298,3933,5240,7425,3209,3614,4011,4281,3058,3277,3467,3558,-19.4374,22.6021,8.96043,48.2907
50484,3819,4942,6887,5278,3813,5123,7545,5240,3596,3938,4384,3964,3274,3473,3507,3459,-14.0613,7.06327,8.62955,48.1613
50485,3495,4463,8377,8582,3532,4195,5629,5854,3271,3556,3994,4073,3132,3243,3280,3405,-22.2239,15.4786,8.70462,48.054
50486,3105,3248,3555,3564,3288,3591,4005,4712,3329,3869,5167,9020,3349,3938,5316,8933,14.7011,31.3051,8.7379,47.9927
50487,4622,4113,3536,3226,8212,4886,3762,3411,8539,4950,3789,3355,4801,4214,3555,3312,0.275585,-28.8951,8.86785,48.1887
50488,3123,3320,3364,3330,3469,3604,3916,3743,3739,4577,5610,4834,3933,5881,9662,6223,24.5886,7.97395,8.85159,48.2187
50489,8248,6948,4253,3539,7087,6123,3995,3461,4342,3988,3642,3236,3586,3383,3176,3100,-17.4371,-17.6615,8.87881,48.0713
50490,3108,3206,3396,3493,3169,3468,3862,3967,3348,3798,4825,6854,3363,4029,6267,11652,23.6962,25.7927,8.53235,47.87
50491,3553,3713,3565,3291,4136,4868,4196,3622,4969,7945,5607,3895,4621,5746,4843,3816,9.92648,-5.54811,8.84865,48.2573
50492,3383,3900,5580,8289,3389,3921,5676,8814,3222,3464,3992,4851,3120,3276,3450,3722,-14.1323,22.6522,8.99332,48.0327
50493,3688,5074,9518,7928,3604,4084,5211,5184,3326,3653,3877,3847,3139,3218,3456,3250,-31.579,12.2736,8.84466,48.038
50494,12451,6163,4035,3308,6213,4676,3833,3383,4017,3771,3331,3170,3332,3267,3249,3200,-26.8487,-28.4667,8.55909,47.5993
50495,12778,6379,4009,3408,5927,4753,3855,3330,3902,3786,3372,3196,3394,3449,3181,3121,-29.6798,-25.7319,8.99535,47.8933
50496,4714,7017,6820,4549,4312,6138,5830,4267,3780,3940,3958,3579,3359,3518,3330,3249,-17.8152,-0.744082,8.76742,48.24
50497,3071,3349,3440,3327,3366,3570,3822,3779,3641,4290,5281,4845,3932,5194,9672,7261,32.536,10.464,8.76342,47.8933
50498,8132,9390,4972,3612,5231,5363,4143,3550,3826,3920,3481,3336,3305,3413,3360,3089,-25.9946,-13.1629,8.93437,48.082
50499,4152,3964,3562,3268,5782,5431,3937,3326,7241,7097,4192,3567,4964,4787,3854,3364,4.53495,-15.7843,8.9392,48.3253
50500,3215,3234,3285,3508,3228,3432,3714,3832,3266,3787,4682,6018,3388,3811,5880,12971,29.4714,31.5671,8.94341,47.5007
50501,3959,3897,3377,3231,5747,4694,3657,3345,8923,6148,3942,3360,6053,4931,3751,3335,7.60371,-21.0954,8.859,48.2333
50502,3164,3356,3401,3367,3383,3459,3870,3816,3539,4141,5262,5068,3716,5036,9634,7821,29.433,12.1948,8.89553,48.022
50503,4089,5721,7305,5114,3987,5394,6913,4625,3534,3926,4187,3846,3353,3394,3420,3385,-16.3944,4.58335,8.70458,48.1287
50504,4389,4568,3775,3441,5982,7119,4469,3655,5538,6373,4341,3444,4177,4184,3683,3311,-1.87171,-12.0122,8.71932,48.2993
50505,4956,4551,3838,3366,7809,6314,3911,3433,6238,5505,3866,3495,4109,4185,3585,3242,-2.9933,-18.0368,8.52435,48.2687
50506,3695,3633,3387,3097,5329,4349,3537,3231,9927,5299,3693,3372,7489,5074,3832,3334,11.1393,-30.0729,8.84175,48.1853
50507,3164,3286,3368,3297,3165,3352,3796,4136,3378,3679,4970,7272,3597,3977,5745,11455,21.6271,31.6363,8.66286,47.758
50508,3247,3388,3620,3830,3244,3575,4422,5855,3417,3780,5270,10074,3235,3693,4673,6400,8.16553,30.7178,8.79543,47.8153
50509,12541,5900,4056,3472,6058,4789,3782,3444,3827,3694,3439,3320,3402,3312,3229,3054,-27.0497,-33.8447,8.66627,47.546
50510,3227,3673,4247,4458,3502,4008,6070,6326,3498,4123,6478,6818,3394,3710,4391,4593,1.19807,15.8063,8.57194,48.344
50511,3675,3609,3361,3066,4555,4507,3749,3289,6875,7337,4387,3497,6091,6463,4384,3519,12.316,-14.1269,8.75247,48.2427
50512,3267,3501,3741,4008,3219,3611,4534,6263,3277,3839,5244,10002,3357,3718,4535,5944,6.24781,33.3193,8.83008,48.04
50513,5766,8529,5732,4069,4884,6298,4973,3838,3715,4034,3763,3472,3314,3435,3299,3147,-19.6112,-6.49528,8.68553,48.1787
50514,4607,4403,3707,3305,6746,6485,4203,3416,6417,6029,4184,3433,4514,4248,3686,3299,-0.804389,-16.2364,8.88402,48.4547
50515,3460,3428,3223,3158,4161,4033,3635,3238,7058,5619,4039,3436,9075,6858,4240,3466,18.8728,-19.3996,8.74242,48.0847
50516,12076,6380,4097,3410,6440,4845,3760,3454,3918,3905,3507,3254,3433,3332,3279,3113,-25.364,-26.2697,8.65528,48.1353
50517,12557,6040,3925,3429,6294,4719,3767,3354,3985,3742,3455,3258,3339,3443,3245,3119,-26.0714,-31.0991,8.64929,47.7807
50518,3272,3434,4090,4615,3313,3740,4984,7840,3306,3820,5254,8468,3314,3556,4248,5094,1.4185,24.6278,8.57361,48.232
50519,4712,8425,8018,4616,4262,4911,5136,4277,3575,3780,3793,3549,3329,3412,3369,3249,-26.2165,-0.373923,8.55742,48.2753
50520,3348,3731,4526,4783,3440,4131,6495,7425,3428,3960,5619,6113,3269,3630,4124,4219,-2.70465,16.8439,8.72028,48.1607
50521,3124,3264,3371,3302,3433,3554,3752,3692,3933,4404,5206,4617,4192,6249,9885,5896,30.3792,6.04151,8.74533,47.916
50522,3203,3337,3373,3232,3512,3678,3756,3588,3961,4527,5236,4420,4273,7087,9385,5452,29.0072,3.80752,8.94076,48.0133
50523,3396,3622,3772,3615,3674,4385,5431,4289,3820,5592,8006,5204,3638,4391,5181,4446,6.69008,5.82008,8.51981,48.308
50524,3655,3579,3346,3071,5001,4118,3482,3296,8832,5739,3874,3431,7747,5469,3989,3347,13.1962,-22.3707,8.83204,47.984
50525,3207,3315,3319,3217,3463,3759,3872,3626,4036,4972,5513,4529,4344,7022,8740,5329,24.2781,3.23938,8.63982,48.1753
50526,3227,3304,3392,3203,3472,3729,3757,3607,4032,4825,5365,4163,4474,7436,8941,5025,25.4598,2.27755,8.90167,47.968
50527,4158,4354,3803,3460,5358,6739,4392,3503,5435,7082,4565,3541,4348,4373,3781,3423,0.636139,-10.4925,8.88075,48.21
50528,3271,3502,3776,3729,3472,3843,4768,4877,3456,4178,7315,7397,3434,3982,5531,5668,9.39274,15.4598,8.8358,48.1327
50529,11066,7570,4256,3312,6075,4865,3744,3373,4033,3747,3588,3111,3373,3430,3232,3080,-25.6154,-20.6718,8.96048,47.9033
50530,3520,3716,3715,3476,3892,4654,4851,3883,4259,6681,7051,4423,4021,5114,5098,4045,7.95108,0.607389,8.57655,48.266
50531,3401,3824,5163,6098,3465,4085,6538,8444,3247,3728,4668,5367,3184,3386,3758,3892,-8.4023,18.9465,8.61148,48.1653
50532,3144,3412,3375,3605,3224,3587,4124,4377,3528,4209,6665,6835,3524,4395,6920,7098,15.61,15.0872,8.72894,48.0147
50533,7872,5017,3735,3363,9590,5380,3826,3406,5031,4172,3541,3342,3680,3598,3311,3138,-11.9548,-29.799,8.76703,48.0013
50534,12534,6289,3852,3405,6237,4808,3719,3386,3888,3869,3447,3177,3375,3311,3193,3075,-27.7965,-27.5058,8.8274,47.71
50535,3353,3749,4398,4333,3610,4191,6779,6080,3418,4258,6669,5937,3365,3654,4310,4372,-0.190978,13.1212,8.96382,48.3173
50536,4518,4917,3994,3551,5853,7636,4716,3729,4902,5988,4246,3497,3941,4029,3560,3236,-4.23588,-10.1307,8.61864,48.2087
50537,5985,9695,6081,3996,4784,5143,4414,3825,3858,3685,3660,3438,3438,3385,3264,3185,-31.7999,-6.77121,8.53021,47.8907
50538,3849,4316,4191,3759,4268,6543,6051,4243,4200,5910,5610,4058,3704,4050,4079,3663,-1.69383,-0.901354,8.61775,48.3293
50539,3614,3548,3276,3156,4218,4362,3769,3276,6377,7375,4314,3597,6404,6763,4470,3598,14.0772,-12.8613,8.97214,48.078
50540,3289,3343,3315,3163,4038,3832,3383,3222,6609,4790,3708,3382,11771,6476,3962,3457,24.6597,-25.0485,8.64604,47.8267
50541,3189,3374,3269,3153,3607,3796,3727,3586,4119,5043,4940,4143,5123,8576,7779,4762,27.0624,-1.28966,8.54919,48.124
50542,4346,7483,8935,5173,3897,4650,5018,4280,3552,3795,3784,3632,3207,3376,3281,3378,-30.9616,2.33351,8.7396,47.858
50543,11140,7168,4217,3453,6365,4981,3888,3368,4158,3854,3460,3171,3465,3383,3237,3101,-24.3923,-21.0448,8.73836,48.2727
50544,5030,6418,5015,3834,5301,7742,5323,3882,4079,4482,3921,3701,3425,3606,3423,3316,-12.3107,-6.83836,8.59818,48.332
50545,3361,3422,3199,3107,3785,3751,3431,3317,6188,4819,3796,3375,12654,6040,3836,3367,27.9948,-29.7737,8.74086,47.632
50546,3319,3402,3281,3174,3721,3871,3604,3326,4880,5313,4288,3522,7018,9935,5477,3754,32.8198,-10.0473,8.95256,47.9233
50547,5607,9594,6876,4344,4431,5289,4656,3907,3586,3804,3615,3402,3239,3284,3392,3128,-26.6771,-4.42458,8.93088,48.1027
50548,3191,3322,3570,3575,3283,3535,4201,4994,3427,3809,5210,9401,3392,3765,5119,8333,13.2125,29.4203,8.91599,48.0847
50549,9357,6349,4089,3395,7397,5587,3900,3440,4359,4166,3589,3196,3502,3484,3198,3061,-18.031,-21.1135,8.56601,48.046
50550,4102,4538,4199,3646,4802,7413,5549,3899,4530,5983,4761,3786,3868,3996,3840,3420,-3.25092,-5.25593,8.74877,48.2213
50551,3234,3207,3287,3193,3610,3756,3658,3526,4546,5194,4622,3892,5625,9704,6830,4219,27.8218,-4.44636,8.96909,48.0687
50552,3258,3591,4097,4391,3358,3717,5073,6943,3440,3883,5675,8356,3233,3693,4384,5138,2.60489,21.9351,8.65341,48.1533
50553,3427,3352,3294,3122,3755,3769,3649,3381,4760,5203,4402,3664,6609,9755,5689,3880,30.793,-8.7099,8.5907,47.8073
50554,3400,3755,5174,7892,3399,3796,5285,9664,3266,3471,4170,5219,3041,3447,3638,3700,-12.4853,28.2549,8.85594,48.2113
50555,12481,6021,3976,3386,6326,4896,3764,3311,3962,3705,3397,3108,3410,3393,3085,3131,-25.8661,-31.2636,8.8335,47.568
50556,3202,3299,3488,3327,3484,3554,4025,3967,3679,4442,6077,5138,3801,5087,8999,6784,21.4597,10.2743,8.67123,48.2353
50557,3078,3246,3333,3355,3250,3404,3791,3923,3386,3888,5133,5888,3519,4168,7841,10933,28.4124,19.2419,8.97914,48.0907
50558,3315,3431,3244,3161,3909,3840,3537,3334,5476,5179,4002,3554,9665,8537,4566,3560,28.1332,-16.5608,8.71813,48.2067
50559,3388,3907,6509,12489,3310,3842,4696,6041,3197,3354,3808,4007,3094,3200,3401,3401,-28.2362,25.541,8.61995,47.7627
50560,9993,7747,4367,3543,5932,5159,3988,3461,4030,3883,3485,3179,3402,3424,3275,3049,-24.6205,-18.3136,8.5019,47.9447
50561,3164,3518,3840,4030,3315,3657,4715,6120,3386,3852,5613,9131,3274,3763,4751,5913,6.6117,22.9662,8.56027,48.028
50562,3123,3258,3251,3377,3342,3471,3653,3984,3455,3696,4848,6509,3421,3899,5894,12458,25.4118,31.9081,8.87515,47.7593
50563,3402,3333,3095,3181,3945,3732,3469,3196,6079,4754,3743,3446,12594,6124,3938,3371,28.1943,-27.5419,8.74082,47.6013
50564,3535,3527,3341,3191,4629,4076,3513,3248,8880,5169,3833,3342,8828,5437,3928,3332,15.0003,-30.9183,8.75995,47.8727
50565,3563,3737,3800,3578,3840,4863,5062,4004,4246,6318,7393,4513,3804,4693,4800,4140,6.16015,1.70712,8.68375,48.236
50566,3378,3416,3261,3145,3818,3831,3527,3337,5144,5323,4215,3697,7757,9280,5017,3663,27.6805,-12.0516,8.52673,47.8727
50567,6311,4541,3751,3355,9821,5502,3920,3319,6085,4431,3647,3321,3942,3803,3296,3150,-7.34757,-26.8878,8.71361,48.13
50568,5147,5218,4089,3585,6617,7885,4437,3562,4893,5226,3954,3387,3868,3807,3540,3246,-7.00501,-12.3738,8.85146,48.3073
50569,3592,4740,8644,8066,3542,4132,5647,5542,3330,3596,3866,3912,3036,3326,3392,3381,-22.8295,13.9271,8.67415,47.8293
50570,3056,3250,3462,3292,3294,3571,3793,3880,3522,4035,5221,5334,3660,4721,9384,8690,26.6394,14.2216,8.89035,48.11
50571,5462,4708,3655,3199,9043,5707,3909,3294,6737,4731,3736,3304,4229,3910,3517,3138,-4.70655,-23.8771,8.53534,48.186
50572,3067,3260,3461,3631,3273,3594,4083,4202,3418,3781,5128,8058,3427,3886,5616,10179,18.0887,31.7412,8.59544,48.0427
50573,3500,3669,3475,3324,4022,4638,4166,3539,4801,7532,5758,4034,4640,6073,5094,4094,11.4161,-4.3131,8.55735,48.2393
50574,4090,3815,3494,3152,5769,5039,3765,3357,8193,6896,4101,3448,5249,4994,3853,3284,5.74314,-17.897,8.93896,48.3327
50575,7916,5265,3891,3348,9476,5228,3792,3383,4950,4065,3513,3279,3709,3525,3220,3192,-12.5065,-31.5142,8.67909,47.8347
50576,3158,3356,3704,3859,3250,3630,4417,5441,3339,3857,5869,9282,3144,3764,5107,6801,9.49291,23.1124,8.72496,47.9853
50577,3440,3431,3249,3085,4086,3968,3344,3193,6855,5142,3791,3302,10796,6547,3983,3521,21.3556,-23.1419,8.66369,47.822
50578,3205,3222,3452,3395,3262,3634,3847,3882,3513,4120,5191,5453,3593,4695,8710,9086,31.6534,15.4448,8.52349,48.1733
50579,4056,5142,5247,4079,4272,6906,6809,4308,3781,4719,4843,3907,3514,3562,3725,3498,-8.91707,-0.0578102,8.82922,48.2453
50580,3367,4055,6239,12564,3423,3845,4849,6182,3207,3488,3733,3936,3084,3248,3411,3455,-26.736,28.5147,8.66652,48.0573
50581,3432,3966,6097,12632,3359,3749,4823,6356,3270,3369,3663,3903,3243,3132,3308,3377,-24.9177,33.4967,8.99841,47.786
50582,3091,3413,3861,3929,3331,3727,4621,5602,3369,3970,6303,8779,3387,3914,4898,5969,8.34721,19.9118,8.79239,48.1093
50583,4319,5862,6703,4489,4196,6009,6932,4618,3641,4064,4222,3746,3288,3505,3576,3459,-14.5985,2.30901,8.84366,48.4193
50584,3216,3215,3313,3313,3382,3628,3875,3622,3948,4968,5726,4600,4227,6524,8934,5635,22.5713,4.54266,8.83578,48.084
50585,3186,3263,3272,3345,3492,3628,3748,3794,3793,4431,5152,4554,4041,6300,9743,6007,31.2695,6.42619,8.6135,47.8327
50586,4201,4790,4301,3739,4896,7621,5511,3942,4444,5831,4633,3736,3751,4006,3784,3402,-3.99716,-5.38979,8.57247,48.392
50587,3704,4050,3850,3631,4191,5609,4937,3838,4483,7184,6033,4107,4075,4692,4311,3913,4.27084,-2.81551,8.52441,48.4053
50588,3339,3518,3544,3394,3559,4132,4481,3941,3927,5715,7571,4898,3972,5195,6376,4826,12.3177,4.25233,8.70234,48.2587
50589,3668,3571,3210,3034,4800,4122,3486,3357,9406,5258,3776,3437,8243,5302,3831,3252,13.2343,-29.8451,8.53616,47.8353
50590,3349,3844,5584,10029,3491,3766,5073,8219,3216,3589,3931,4442,3108,3363,3449,3517,-17.5904,28.2464,8.71886,47.98
50591,3866,4063,3705,3361,4915,6107,4250,3595,5803,7728,4535,3673,4581,4812,3985,3523,3.75325,-10.5192,8.69679,48.3347
50592,7181,5746,3992,3415,8427,6301,4056,3301,4858,4317,3753,3291,3784,3644,3232,3122,-12.2528,-19.4604,8.8558,48.28
50593,3355,3305,3391,3257,3595,3840,3726,3392,4420,5156,4761,3904,5460,9257,7090,4354,28.9347,-3.51822,8.79789,48.1753
50594,3334,3445,3324,3099,4026,3847,3596,3158,5788,5640,4143,3553,8334,8448,4744,3702,21.7785,-14.8322,8.65132,48.1207
50595,3138,3592,4240,4659,3310,3774,4957,7920,3264,3718,5159,8503,3223,3615,4224,4955,1.072,25.8891,8.68833,48.1673
50596,3212,3359,3511,3384,3485,4015,4181,3822,4074,5511,6489,4728,4160,5910,7320,5006,16.8012,3.52369,8.51213,48.1113
50597,3512,3474,3647,3385,3867,4634,4419,3712,4441,7383,6348,4266,4503,5724,5144,4133,10.8482,-2.19077,8.53473,48.3947
50598,3986,4666,4532,3964,4246,6740,6812,4306,3970,4976,5161,3958,3572,3831,3811,3482,-5.10221,0.023434,8.70074,48.0087
50599,3353,3297,3186,3127,3766,3891,3661,3362,4860,5114,4378,3743,6875,10103,5525,3857,28.9759,-9.54517,8.96386,48.0653
50600,3170,3234,3321,3351,3255,3516,3870,3842,3432,3868,5120,5507,3513,4444,8467,9851,32.3701,16.7102,8.93681,47.8407
50601,3635,4368,6318,5295,3694,4731,8087,5660,3468,3891,4539,4252,3222,3462,3682,3582,-11.8885,9.58563,8.87632,47.924
50602,5812,9659,6595,4203,4478,5215,4653,3791,3719,3680,3652,3491,3231,3542,3350,3185,-29.5108,-5.59256,8.71703,48.1707
50603,3464,3280,3162,3108,3994,3769,3356,3286,6422,4853,3829,3328,12007,6536,3979,3507,25.633,-25.2282,8.84666,47.92
50604,3112,3277,3549,3365,3378,3642,3949,3842,3750,4482,6101,5241,3731,5185,8844,6659,20.2587,10.2509,8.75211,48.0713
50605,3096,3305,3397,3233,3624,3759,3720,3572,4145,4927,5100,4164,4660,8049,8553,4998,27.2618,0.986474,8.91288,48.2013
50606,3242,3300,3403,3360,3294,3624,3921,3854,3717,4227,5741,5341,3774,5251,9264,7190,23.1579,11.1174,8.60775,48.3353
50607,3445,3358,3364,3247,3709,3859,3641,3366,4822,5209,4466,3727,6615,9795,5502,3900,32.6537,-8.77019,8.86597,48.0167
50608,3243,3495,4041,4752,3318,3738,4900,7870,3331,3760,5314,8572,3333,3529,4226,4968,1.03462,25.0505,8.76844,48.26
50609,3429,3866,4185,3806,3811,4885,6041,4367,3955,5596,7255,4768,3682,4354,4504,4104,2.96181,4.14094,8.59798,48.4053
50610,5242,4329,3671,3255,8928,5103,3861,3372,7190,4826,3792,3351,4533,4030,3379,3230,-2.75714,-26.357,8.74542,48.0613
50611,4471,7555,8906,5308,4008,4721,5024,4284,3452,3711,3762,3556,3298,3408,3360,3187,-30.8952,2.26391,8.58623,48.0073
50612,3089,3273,3426,3462,3343,3456,3861,3816,3518,4141,5312,5249,3544,4774,9411,8588,27.4243,13.8725,8.86526,48.1753
50613,3522,4694,8712,9238,3500,3985,5124,5506,3302,3570,3763,3893,3114,3296,3396,3416,-29.5309,15.5906,8.81767,48.0207
50614,3251,3620,4305,4849,3306,3686,5080,8371,3370,3825,5050,8100,3242,3550,4115,4703,-0.565893,26.4671,8.86592,48.282
50615,4252,4204,3630,3385,6082,5547,3980,3452,7370,6560,4160,3476,4873,4608,3703,3365,3.26325,-16.7765,8.50269,48.4313
50616,3510,4457,8244,9223,3521,4043,5429,5961,3275,3497,3846,4043,3142,3197,3335,3381,-24.0549,16.8398,8.77026,48.0693
50617,4231,5928,6454,4523,4151,6260,7021,4476,3688,4032,4237,3800,3273,3494,3576,3269,-14.2954,1.49882,8.99251,48.2753
50618,3432,3349,3140,3124,3829,3800,3448,3344,5914,4726,3735,3249,12551,6338,3969,3428,32.6376,-25.747,8.6423,47.584
50619,3507,3464,3167,3136,3804,3705,3583,3328,5290,5197,4079,3516,8398,9181,4872,3555,31.2608,-13.9276,8.56766,47.8547
50620,3774,5037,9260,7329,3603,4373,5754,5130,3262,3664,3903,3874,3076,3224,3500,3298,-23.0859,11.1108,8.87675,48.0407
50621,5086,4642,3680,3303,7640,6523,4076,3519,5955,5449,3808,3380,4189,4011,3616,3258,-3.84562,-17.4274,8.55295,48.09
50622,4080,3773,3311,3091,6298,4697,3607,3263,9721,5210,3850,3344,5918,4597,3678,3390,5.8894,-30.7431,8.72947,47.8853
50623,3176,3455,3536,3480,3503,3982,4540,4139,3816,5154,7804,5349,3810,4955,6515,5167,12.7115,7.57125,8.51812,48.254
50624,3309,3799,5104,7124,3432,3884,5661,9423,3254,3578,4380,5280,3169,3328,3585,3833,-10.3927,23.8657,8.61823,48.0953
50625,3688,4760,7951,6890,3690,4441,6500,5781,3466,3658,4208,4068,3092,3431,3498,3407,-18.196,12.3534,8.68466,48.3527
50626,4533,4139,3676,3226,6852,5872,4008,3464,7183,5986,4026,3447,4677,4303,3738,3234,0.673777,-18.1549,8.60646,48.2427
50627,3554,3335,3201,3107,3915,3863,3565,3234,5829,5162,4040,3468,9770,7987,4430,3499,25.0033,-17.6015,8.60243,47.9727
50628,3327,3381,3226,3073,3841,3699,3545,3313,6329,4672,3852,3344,12778,6077,3898,3468,27.779,-30.4304,8.92253,47.882
50629,3401,3587,3505,3210,4144,4576,3816,3544,5562,7812,4993,3697,5511,6691,4640,3696,12.7952,-9.23918,8.66682,48.2567
50630,3156,3238,3457,3314,3282,3518,3793,3741,3514,4123,5178,5109,3679,4944,9532,8189,30.7589,13.2146,8.97379,47.8447
50631,3208,3242,3382,3284,3444,3635,3693,3673,3968,4890,5142,4276,4462,7743,8944,5159,29.0628,2.0892,8.88927,48.0967
50632,8106,9376,4984,3748,5261,5132,4105,3492,3769,3728,3541,3290,3350,3374,3214,3122,-27.6307,-12.7752,8.84659,47.728
50633,10163,5683,3940,3381,8291,5034,3834,3320,4345,3926,3624,3280,3402,3441,3136,3155,-18.0761,-30.2719,8.8729,47.97
50634,3183,3257,3388,3353,3327,3556,3789,3913,3517,4095,5200,4991,3768,4962,9468,8111,30.6209,12.779,8.65579,47.9187
50635,4025,6238,9825,5885,3786,4419,5103,4673,3432,3779,3813,3712,3163,3235,3411,3356,-31.5674,6.50623,8.53941,47.9033
50636,4863,7013,5620,4057,4899,7016,5546,4043,3760,4277,3977,3570,3351,3532,3467,3278,-15.1936,-3.83658,8.83175,48.1793
50637,9086,7103,4222,3488,6758,5472,4000,3453,4209,3954,3635,3250,3498,3472,3214,3076,-19.6007,-18.7644,8.76848,47.9267
50638,2994,3250,3480,3513,3298,3531,4116,4478,3398,3923,5472,8027,3517,3980,6108,9386,17.4799,22.4286,8.99284,48.314
50639,4606,6351,5840,4329,4401,6731,6167,4301,3681,4320,4218,3629,3430,3403,3535,3276,-14.3032,-1.64866,8.53103,48.1453
50640,5864,5289,3829,3322,8166,6771,4145,3419,5220,4656,3861,3349,3775,3700,3400,3194,-8.47731,-17.5358,8.75595,47.9733
50641,3152,3342,3438,3470,3296,3453,3835,3897,3455,3870,4844,5896,3416,4044,7335,11270,32.9158,20.5359,8.992,48.0087
50642,12367,5957,3954,3460,6069,4773,3687,3344,3913,3854,3330,3270,3340,3420,3249,3182,-32.3506,-30.6144,8.64171,47.446
50643,3158,3241,3520,3535,3145,3471,4099,4614,3421,3860,5139,9166,3412,3925,5423,8766,14.6738,28.7526,8.75591,47.93
50644,6984,9794,5523,3892,4828,5272,4336,3775,3739,3952,3633,3358,3378,3332,3258,3240,-28.7115,-9.80577,8.70844,48.196
50645,3510,3482,3259,3128,4235,3952,3445,3201,8006,4997,3758,3329,10555,5709,3880,3415,18.8369,-33.145,8.86256,47.9073
50646,3753,4112,3945,3400,4197,5790,5135,3895,4507,6884,6152,4100,3864,4457,4287,3768,2.72753,-2.12504,8.98132,48.164
50647,3428,3878,6271,11292,3356,3843,5002,7105,3187,3510,3977,4131,3032,3265,3462,3326,-21.5202,25.0187,8.79506,48.0433
50648,7400,6402,4206,3442,7320,6570,4088,3513,4548,4189,3617,3330,3565,3610,3342,3089,-14.6672,-17.1814,8.63518,48.154
50649,3827,3715,3432,3078,5143,4440,3616,3302,9090,5779,3864,3446,6840,5138,3829,3401,10.587,-21.9179,8.55611,47.96
50650,3195,3453,4102,4137,3393,3727,5327,6046,3479,4159,6640,7892,3388,3846,4718,5134,4.15348,17.8802,8.78647,48.424
50651,9935,5708,3886,3377,8337,5131,3838,3505,4295,4047,3457,3280,3545,3495,3225,3047,-17.5096,-27.2429,8.72751,48.072
50652,10071,7951,4399,3596,5912,5349,4101,3402,3886,3838,3398,3294,3427,3504,3196,3114,-25.5616,-18.0641,8.99117,48.292
50653,3091,3261,3471,3507,3327,3509,4007,4208,3451,4231,5745,6487,3647,4276,7365,8700,19.855,17.2262,8.66166,48.1887
50654,3509,3882,4822,4448,3678,4841,7733,5626,3496,4203,6043,5014,3424,3654,4015,3911,-3.84111,10.1486,8.83617,48.1993
50655,3364,3884,5102,5786,3497,4113,6713,8089,3385,3695,4881,5512,3161,3453,3740,3914,-7.66588,17.9823,8.72596,48.1927
50656,3524,3895,3650,3369,4423,5450,4404,3658,5180,8132,5315,3725,4332,5182,4291,3712,6.29048,-6.88189,8.79986,48.1613
50657,3407,3367,3302,3099,3892,3786,3375,3268,6072,4706,3703,3331,12689,6060,3997,3321,28.685,-31.728,8.85098,47.5833
50658,3732,4995,7447,5516,3769,4761,7375,5482,3335,3753,4238,4049,3260,3415,3520,3567,-15.6071,9.11145,8.95882,48.1427
50659,3536,3549,3291,3152,4289,4224,3703,3335,6486,6883,4333,3525,6726,6940,4375,3512,15.1745,-14.1366,8.61428,47.906
50660,12349,6146,3872,3374,6124,4796,3702,3366,4004,3851,3481,3223,3254,3415,3326,3154,-33.8137,-26.1103,8.76347,47.6247
50661,3080,3182,3324,3364,3227,3527,3914,3890,3279,3745,4700,5901,3406,3969,6036,12462,29.5055,29.8942,8.52263,47.3373
50662,3555,4506,8909,9298,3497,4096,5052,5319,3270,3599,3790,3802,3032,3234,3419,3352,-31.6521,15.5933,8.82795,47.82
50663,5159,4226,3522,3167,8981,4990,3789,3344,7442,4784,3821,3229,4590,3942,3531,3249,-2.31379,-32.6237,8.94979,47.844
50664,4757,5819,4884,3913,5185,7986,5572,3921,4040,4665,4121,3625,3420,3625,3558,3183,-10.8841,-5.58235,8.83491,48.1827
50665,3274,3590,4015,4488,3359,3883,5302,7107,3414,3927,5772,8202,3219,3605,4429,4967,1.78548,21.8019,8.53309,48.3687
50666,3343,3423,3235,3154,4000,3759,3333,3277,5973,4805,3722,3276,12600,6171,3868,3336,31.7986,-28.0047,8.58736,47.5167
50667,3305,3418,3876,3799,3387,3908,4836,5307,3622,4206,7193,7409,3354,4015,5030,5453,7.26051,15.7692,8.66831,48.0787
50668,5100,8077,6292,4185,4695,6317,5350,3965,3635,3991,3829,3495,3352,3456,3380,3312,-18.7255,-3.99592,8.73331,48.2873
50669,11940,6543,3915,3404,5842,4922,3823,3394,3984,3870,3442,3142,3469,3469,3271,3217,-33.2592,-23.8521,8.5348,47.7647
50670,3367,3447,3517,3331,3710,3964,4202,3644,4369,6671,6027,4222,4586,6736,6016,4335,15.4156,-1.43699,8.9444,48.096
50671,3026,3356,3724,3925,3273,3718,4467,5578,3419,3998,6239,9062,3296,3803,5013,6294,9.0167,20.9633,8.85292,48.1273
50672,12799,5955,3900,3447,5976,4692,3794,3223,3833,3745,3321,3395,3418,3405,3221,3197,-30.7537,-31.452,8.96919,47.5473
50673,3363,3383,3291,3022,3850,3951,3486,3175,6138,5049,4040,3438,10380,7468,4314,3492,24.596,-19.4823,8.51648,47.8933
50674,3445,3567,3711,3438,3839,4720,4908,3974,4295,6732,6974,4372,4084,4997,5045,4142,7.61462,0.358575,8.54623,48.162
50675,5906,4538,3795,3290,9603,5106,3815,3360,6208,4561,3752,3292,4152,3858,3398,3293,-6.01008,-30.2623,8.53079,47.9513
50676,6103,9678,6074,4024,4655,5609,4622,3775,3592,3762,3739,3404,3313,3409,3270,3195,-24.6745,-7.28473,8.77965,48.1493
50677,5776,8307,5473,3927,4988,6664,4824,3765,3883,4105,3750,3479,3282,3392,3350,3096,-18.0817,-7.54905,8.91203,48.0407
50678,3657,4799,9087,8432,3611,4140,5429,5467,3299,3590,3980,3815,3243,3241,3346,3297,-25.6005,13.7475,8.65342,48.2887
50679,6253,9434,6120,4087,4738,5431,4526,3843,3731,3839,3626,3351,3356,3311,3233,3268,-25.4847,-7.11745,8.52225,48.098
50680,7908,6029,4025,3516,8262,6031,3947,3422,4635,4079,3529,3255,3605,3535,3269,3073,-14.6581,-20.489,8.53642,48.08
50681,3400,3924,5548,6532,3419,4036,6627,8247,3389,3739,4552,4971,3070,3301,3768,3869,-10.2621,18.5473,8.86171,48.2613
50682,3186,3622,4103,4621,3358,3683,5183,7669,3247,3773,5213,8400,3273,3478,4263,4911,1.06553,24.69,8.90532,47.9887
50683,3549,3571,3310,3057,4260,4418,3670,3504,6265,7328,4498,3507,6157,6902,4602,3631,13.77,-12.3233,8.55536,48.1527
50684,9832,5627,3952,3401,8107,4974,3845,3313,4496,4034,3542,3303,3458,3426,3305,3114,-17.4083,-31.4325,8.61849,47.8193
50685,3998,5726,9862,6871,3569,4297,5358,4861,3353,3472,3877,3661,3050,3266,3394,3368,-27.3942,9.21875,8.84872,47.9887
50686,3403,3659,3835,3633,3646,4603,5096,4042,3961,6079,7721,4747,3835,4611,5130,4318,7.40504,3.22209,8.92648,48.2127
50687,3229,3661,4400,5229,3357,3875,5581,8630,3344,3818,4879,7305,3184,3486,3945,4429,-2.79738,23.1731,8.83463,48.2347
50688,3151,3387,3383,3298,3406,3666,3818,3844,3920,4757,5758,4683,4040,6198,9215,5933,23.075,6.06237,8.83242,48.3047
50689,4801,4993,3883,3394,6617,7314,4471,3533,5438,5583,4019,3455,3980,4018,3627,3158,-4.24149,-13.9027,8.59661,48.1893
50690,5492,4434,3590,3387,9318,5227,3738,3393,6973,4525,3687,3414,4226,3870,3467,3201,-3.90391,-28.7096,8.56386,47.9613
50691,3177,3166,3339,3314,3263,3430,3891,4005,3334,3834,4778,6697,3338,4027,5979,11802,22.7399,31.9782,8.7388,47.5827
50692,3300,3846,5702,9936,3385,3880,5260,8415,3248,3600,3874,4387,3087,3259,3461,3559,-17.2305,28.5575,8.83387,48.1327
50693,4146,3997,3534,3248,5629,5902,4091,3388,6780,7098,4239,3487,4885,4721,3802,3501,3.72702,-14.488,8.65004,48.2987
50694,12603,6221,3808,3440,6119,4774,3843,3403,3884,3796,3420,3211,3391,3361,3161,3137,-29.7927,-26.4374,8.76005,47.7147
50695,4883,4197,3626,3295,8618,5004,3770,3291,7950,4990,3821,3221,4673,4165,3419,3278,-1.59515,-27.5324,8.53316,48.134
50696,3345,3481,3251,3115,4053,3959,3520,3217,6111,5310,3993,3343,10139,7489,4219,3502,23.6758,-19.2005,8.59481,48.0313
50697,3579,4469,6331,5509,3561,4708,7744,6193,3417,3833,4718,4334,3296,3380,3540,3622,-11.6072,11.3813,8.90028,48.156
50698,3104,3261,3307,3251,3424,3651,3915,3768,3712,4382,5659,4840,4036,5653,9539,6477,24.4355,8.0052,8.53308,47.986
50699,4287,6978,9479,5573,3835,4683,5222,4471,3435,3657,3888,3572,3159,3355,3350,3283,-26.9327,4.21731,8.79331,48.1513
50700,3401,3416,3250,3151,4131,3989,3655,3348,5884,6457,4334,3668,7138,7966,4702,3604,18.1625,-13.3073,8.86105,48.0627
50701,3461,3531,4338,5233,3424,3742,5077,9166,3260,3645,4782,7242,3165,3470,4032,4450,-3.09301,30.9693,8.82293,48.012
50702,3116,3311,3608,3715,3282,3601,4227,4886,3433,3844,5275,9316,3382,3974,5155,7809,12.2754,33.497,8.56629,47.956
50703,4677,4236,3573,3228,7416,5466,3925,3445,7728,5408,3863,3427,4704,4269,3677,3231,0.254064,-21.5933,8.54296,48.182
50704,3070,3354,3533,3504,3333,3627,4245,4212,3558,4239,6859,6757,3463,4423,7042,7243,15.5803,14.6722,8.83056,48.308
50705,5177,5587,4187,3651,6405,7984,4671,3624,4567,4895,3998,3523,3766,3748,3482,3300,-8.62545,-11.662,8.6446,48.3767
50706,3698,3597,3301,3130,4503,4297,3590,3389,7380,6421,4140,3434,7312,6390,4210,3516,14.7483,-16.9162,8.79537,48.2053
50707,4968,8478,8118,4700,4262,5032,4968,4181,3494,3732,3765,3629,3212,3307,3400,3291,-28.3067,-0.44865,8.83347,48.358
50708,3544,3636,3561,3232,4214,4453,3824,3428,5864,7692,4898,3739,5515,6817,4513,3661,13.1568,-9.57665,8.96037,48.394
50709,3834,4690,5466,4432,3946,5797,8169,4939,3761,4262,5032,4123,3275,3569,3723,3566,-8.66174,4.65977,8.99398,48.3893
50710,3355,3392,3190,3067,3952,3885,3282,3267,6462,4830,3830,3355,12265,5989,3959,3458,25.0015,-28.938,8.71871,47.692
50711,3384,3393,3232,3229,3728,3747,3616,3434,4500,5299,4618,3972,5455,9136,6880,4204,32.4236,-3.92143,8.557,47.8847
50712,4043,4503,4210,3766,4750,7450,5516,3895,4366,5914,4820,3712,3812,4002,3874,3527,-3.45395,-4.66888,8.89119,48.1067
50713,3258,3443,3511,3286,3686,3979,4175,3830,4124,5764,6783,4499,4231,6070,6902,4815,15.9851,2.6209,8.86282,48.2373
50714,3887,4730,5545,4458,4108,5908,7938,4799,3789,4427,4803,4011,3370,3617,3698,3501,-8.89306,4.23123,8.8595,48.3927
50715,5755,5896,4293,3432,6917,7411,4410,3390,4601,4579,3844,3474,3737,3679,3448,3167,-11.1387,-14.0608,8.76503,48.022
50716,3765,4876,7578,6159,3758,4534,7140,5757,3409,3708,4188,3989,3197,3296,3475,3573,-16.2541,10.0838,8.82986,48.268
50717,10376,7793,4361,3487,5717,5016,3928,3507,3931,3872,3504,3334,3410,3302,3252,3063,-27.9693,-19.0332,8.58995,47.902
50718,5795,8636,5857,3974,4766,6285,4922,3964,3751,4007,3807,3551,3325,3364,3386,3116,-19.5264,-6.10931,8.86037,48.3373
50719,6074,4976,3700,3372,9119,6149,3933,3367,5530,4631,3660,3374,3930,3722,3434,3296,-7.83796,-20.9592,8.90314,48.178
50720,3141,3405,3840,4144,3397,3802,4637,6673,3415,3876,5158,9870,3296,3601,4588,5587,5.15463,33.433,8.93186,48.2867
50721,3472,3557,3679,3510,3854,4602,4450,3725,4539,7373,6546,4283,4244,5447,5012,4100,9.76965,-1.39112,8.84783,48.262
50722,4512,4179,3568,3320,7106,5489,3953,3364,7640,5918,3836,3421,4860,4263,3667,3268,1.36471,-19.5435,8.83912,48.2427
50723,10858,6694,4035,3429,6854,5061,3886,3390,3991,3778,3474,3243,3394,3523,3207,3178,-22.0006,-22.4049,8.98189,47.9967
50724,3332,3324,3208,3089,3808,3757,3715,3389,5196,5228,4194,3474,8153,9580,4844,3545,32.1801,-12.7929,8.82668,47.8907
50725,3310,3662,4442,5628,3409,3746,5180,9332,3396,3691,4511,6720,3284,3450,3792,4243,-4.68259,31.009,8.73617,47.864
50726,3942,4077,3868,3453,4619,6172,4567,3623,4882,7495,5053,3858,4145,4692,4001,3709,2.75154,-6.84014,8.91268,48.104
50727,3743,5312,8623,6560,3700,4479,6278,5269,3251,3585,4016,3819,3149,3245,3430,3389,-20.2683,9.62283,8.58958,47.8987
50728,7914,6082,4065,3303,7910,6111,3974,3533,4558,4126,3541,3310,3656,3513,3326,3074,-14.6889,-19.829,8.81129,47.9973
50729,5005,7027,5620,4010,4861,7176,5507,3960,3910,4165,4047,3571,3347,3539,3377,3344,-14.8994,-4.41691,8.66208,48.3107
50730,8535,5718,3992,3475,8613,5753,3937,3333,4559,4165,3535,3103,3681,3551,3187,3032,-14.6401,-22.8881,8.81119,48.1127
50731,3394,3502,3317,3123,3841,4030,3813,3345,5194,6683,4610,3731,5934,8530,5345,3926,18.9439,-8.37027,8.80296,48.212
50732,3827,5233,9693,7302,3665,4366,5154,5102,3375,3484,3695,3872,3112,3279,3541,3346,-31.8049,10.8732,8.63011,48.0307
50733,3399,3809,5061,7167,3351,3762,5105,9775,3278,3650,4326,5268,3156,3366,3672,3810,-10.7693,33.9965,8.79574,47.97
50734,4641,4153,3511,3077,7698,5050,3857,3364,8475,5506,3823,3403,5000,4305,3543,3289,1.45912,-23.4381,8.99712,48.4633
50735,3025,3258,3489,3383,3391,3535,3931,3815,3684,4390,5737,5425,3729,4877,9167,7476,22.9217,12.3967,8.85048,48.208
50736,3285,3650,4328,4684,3456,3974,5733,7226,3471,3884,5682,7148,3173,3648,4269,4526,-0.12331,18.6009,8.70629,48.0913
50737,3415,3315,3293,3075,3903,3813,3485,3304,5475,5193,4091,3454,9673,8648,4533,3521,28.6897,-16.336,8.6998,48.1273
50738,3184,3254,3328,3366,3293,3629,3752,3834,3695,4068,5448,5186,3612,4949,9033,8213,25.5863,13.371,8.60219,47.896
50739,3495,3446,3175,2981,4003,3756,3478,3218,5988,4973,4003,3311,11339,7224,4077,3415,27.9584,-22.152,8.5103,47.9213
50740,3166,3201,3400,3339,3322,3617,3926,3771,3720,4272,5399,4973,3846,5538,9642,6871,25.9302,9.90153,8.62983,48.002
50741,3612,3883,3890,3632,4036,5699,5157,3928,4359,6638,6428,4206,3886,4460,4441,3892,3.31425,-0.85678,8.77183,48.098
50742,3075,3139,3531,3385,3360,3681,3981,3853,3676,4530,6469,5239,3748,5005,8643,6809,19.0874,10.6164,8.99321,48.0827
50743,7537,5080,3854,3366,9666,5272,3908,3362,5082,4292,3539,3160,3596,3707,3297,3121,-11.1656,-31.9426,8.80649,47.8927
50744,3234,3378,3323,3180,3689,3943,3679,3375,4698,5859,4692,3830,5874,9298,6087,4147,21.73,-6.1115,8.94152,48.1907
50745,3606,3907,3871,3563,4057,5211,5139,4015,4605,7143,6323,4207,4023,4606,4538,3863,4.57235,-1.26983,8.62124,48.4513
50746,3348,3454,3240,3153,3888,3636,3492,3265,6113,4688,3734,3299,12736,5897,3919,3484,29.2669,-31.1412,8.95434,47.564
50747,12404,6165,3801,3411,6285,4914,3846,3301,4055,3817,3381,3311,3498,3356,3182,3008,-26.2463,-27.7639,8.54616,47.8233
50748,3937,5013,5688,4481,4050,6042,7597,4758,3651,4234,4593,4035,3402,3585,3609,3454,-10.5811,3.37302,8.73244,48.086
50749,3321,3766,4793,6034,3301,4007,6195,8968,3298,3691,4607,5735,3071,3468,3752,4004,-6.92231,21.2562,8.75908,48.0073
50750,4513,4300,3610,3278,7249,5642,4031,3359,7373,5751,3985,3307,4724,4362,3708,3315,0.382086,-19.2129,8.60618,48.338
50751,3183,3500,3902,4453,3349,3589,4828,7330,3373,3822,5044,9141,3309,3676,4367,5329,3.08082,28.6406,8.6567,48.13
50752,3298,3528,3299,3096,3866,3845,3518,3236,5523,5392,4161,3514,8756,8761,4703,3657,25.9961,-14.6235,8.52376,48.102
50753,3727,4444,5525,4704,3742,5275,8275,5276,3616,4156,4945,4295,3384,3577,3694,3483,-8.85515,7.43679,8.85723,48.0787
50754,4237,4854,4221,3633,5061,7562,5271,3776,4505,5964,4533,3780,3773,3919,3699,3429,-3.75393,-6.17037,8.57609,48.1447
50755,3591,3628,3379,3242,4262,4649,4045,3515,5577,8211,4903,3702,5253,6168,4462,3733,10.7376,-8.75454,8.96619,48.2133
50756,3379,3366,3350,3173,3541,3946,3856,3510,4442,5637,5316,4089,4890,8061,7230,4607,21.6916,-1.56321,8.53618,48.262
50757,3193,3526,3967,4500,3395,3627,4777,7532,3264,3683,5035,9023,3215,3683,4301,5184,2.46279,31.7002,8.66557,47.9367
50758,3853,3935,3450,3212,5774,5049,3804,3378,8215,6635,4066,3427,5613,4726,3743,3437,6.3419,-18.3016,8.52045,48.2113
50759,3159,3238,3437,3635,3282,3540,4086,4622,3342,3778,5190,9136,3321,3784,5363,9102,15.1955,28.8976,8.99761,48.01
50760,3663,3534,3338,3074,4910,4410,3810,3320,8509,6385,4023,3456,6948,5585,3996,3431,11.7489,-19.6828,8.88068,48.2613
50761,3197,3472,3772,4184,3281,3595,4479,6446,3335,3872,5227,9803,3349,3639,4585,5944,6.0198,28.115,8.84366,48.12
50762,3874,3762,3409,3222,4854,4954,3800,3465,6976,7523,4456,3493,5369,5562,4122,3432,8.849,-13.9645,8.74564,48.182
50763,6412,6897,4434,3676,6452,7226,4415,3539,4333,4255,3712,3351,3550,3559,3261,3145,-14.4556,-13.0445,8.78027,48.1447
50764,3857,3868,3496,3410,4930,5469,4086,3425,6471,7955,4565,3652,4936,4970,3932,3501,5.73385,-12.3021,8.96299,48.3487
50765,3233,3715,4711,6101,3359,3815,5237,9820,3228,3670,4422,6092,3254,3351,3701,4065,-7.03543,31.6805,8.57696,47.8493
50766,4315,4210,3681,3341,6098,6246,4280,3428,6249,6640,4164,3457,4583,4566,3752,3274,0.667164,-14.1353,8.73579,48.1893
50767,3094,3446,3700,3586,3296,3842,4676,4381,3651,4342,7543,6508,3540,4304,6490,5904,12.576,13.061,8.70725,48.202
50768,3080,3414,3787,3792,3240,3464,4315,5809,3234,3815,5265,9992,3350,3729,4766,6595,8.35035,28.8578,8.90282,47.7647
50769,4376,7406,9177,5303,3932,4765,5303,4475,3556,3617,3811,3595,3200,3268,3361,3291,-26.4153,3.21953,8.96297,48.2907
50770,3521,4646,8467,9623,3458,4037,5241,5580,3204,3540,3813,3793,3173,3195,3340,3330,-27.918,16.4713,8.75576,47.974
50771,3641,3482,3430,3177,4781,4232,3580,3268,9218,5294,3801,3365,8536,5293,3786,3227,13.7312,-27.3889,8.82857,48.074
50772,4819,4361,3567,3231,8278,5515,3882,3434,7465,5203,3819,3407,4693,4037,3524,3237,-1.17445,-21.9548,8.8752,48.3147
50773,3384,3700,4878,7243,3427,3841,5231,9801,3356,3708,4165,5307,3168,3338,3632,3692,-10.6135,32.5535,8.96419,47.914
50774,3160,3502,3918,4307,3323,3615,4768,6857,3287,3789,5371,9353,3278,3561,4495,5504,4.27267,25.8688,8.62594,48.0587
50775,3422,3266,3356,3144,3816,4003,3626,3381,4992,5762,4418,3781,6769,9631,5570,3837,23.4532,-9.21054,8.6691,48.516
50776,3356,3372,3444,3235,3768,4218,3877,3550,4777,6913,5438,4012,5195,7428,5863,4186,16.4187,-3.91714,8.98809,48.4213
50777,3335,3740,4991,7794,3377,3821,5293,9790,3214,3579,4184,4937,3208,3267,3682,3799,-12.1926,29.7031,8.93637,48.0073
50778,3616,3480,3196,3105,4560,4141,3487,3178,8096,5337,3811,3349,9533,5776,3893,3243,16.9509,-24.9951,8.81696,47.8673
50779,3344,3600,3853,3738,3488,4366,5519,4439,3781,5185,8008,5348,3603,4265,5067,4521,6.15407,7.57243,8.58245,48.0833
50780,5222,4467,3720,3368,8752,5627,3849,3346,7036,4831,3802,3407,4481,4004,3558,3182,-3.52933,-22.7001,8.86051,48.4347
50781,3239,3267,3383,3178,3488,3730,3705,3638,3951,4575,5176,4429,4426,7193,9379,5514,28.2751,3.63228,8.56617,48.1807
50782,3625,4179,4542,4038,3933,5098,7320,5024,3721,4764,6219,4667,3419,3793,4155,3844,-2.28282,6.34655,8.55601,48.2273
50783,4834,8338,8087,4842,4215,4993,4855,4155,3571,3777,3718,3666,3248,3315,3324,3262,-29.9866,-0.441924,8.58639,48.1333
50784,3276,3839,5942,12671,3452,3786,4839,6054,3185,3556,3767,3934,3124,3193,3426,3350,-32.6335,29.5385,8.75787,47.596
50785,3799,4870,7665,6350,3692,4557,7004,5705,3359,3769,4262,4026,3109,3263,3406,3499,-16.5176,11.1567,8.86059,48.2233
50786,3454,3415,3207,3146,4117,3737,3449,3204,7269,4921,3788,3361,11228,5993,4083,3338,21.1787,-27.6073,8.56435,47.8067
50787,3104,3354,3585,3748,3215,3663,4313,4778,3484,4033,6409,8153,3467,4046,5907,6984,12.6512,18.9825,8.73893,48.162
50788,3517,4160,7080,10094,3372,3832,5262,6849,3262,3353,3929,4060,3018,3324,3429,3395,-21.0409,20.471,8.84094,47.9573
50789,9180,8625,4554,3555,5363,5297,4060,3438,3928,3955,3583,3210,3281,3390,3290,3101,-30.859,-15.3654,8.59725,47.8733
50790,3146,3359,3767,3603,3280,3886,4548,4635,3485,4341,7380,6827,3580,4124,6142,5954,11.3312,14.3919,8.62251,48.038
50791,4583,6782,6699,4511,4350,6134,6098,4264,3739,4165,3864,3636,3332,3491,3508,3299,-16.5543,-0.182168,8.67377,48.3033
50792,3365,3373,3349,3185,3748,3921,3669,3417,4692,5857,4778,3769,5731,9296,6110,4043,22.1497,-5.80939,8.99104,48.202
50793,3161,3298,3385,3405,3351,3533,3953,3887,3555,4053,5177,5487,3570,4640,9045,8781,33.5036,14.3469,8.76466,48.1873
50794,3774,3611,3330,3052,4974,4498,3769,3458,7841,6797,4072,3415,6581,5698,4014,3521,10.8849,-17.4542,8.80127,48.27
50795,3208,3538,4014,4415,3400,3750,4822,7517,3446,3862,5039,9074,3249,3557,4265,5200,2.44182,29.5885,8.90207,48.2373
50796,3489,4014,5507,5964,3534,4403,7248,7337,3373,3746,4615,4933,3217,3401,3785,3778,-9.92176,15.5014,8.55981,48.2293
50797,9025,6642,4147,3444,7403,5727,3962,3504,4223,4013,3537,3376,3604,3420,3339,3160,-17.8337,-20.2008,8.76611,48.3507
50798,3524,3982,5038,4702,3616,4667,7734,6145,3511,4195,5495,5007,3359,3637,3863,3963,-4.82438,11.3515,8.76278,48.292
50799,3094,3313,3782,4017,3306,3642,4450,5956,3264,3793,5235,9927,3280,3655,4602,6308,7.20942,29.3882,8.90201,47.7493
50800,3491,3475,3202,3064,4161,3926,3602,3274,7140,5094,3898,3352,10756,6213,4018,3396,20.2518,-24.4012,8.70924,48.0413
50801,3090,3277,3386,3368,3456,3644,3873,3688,3698,4449,5260,4805,4012,5895,9872,6425,28.5076,8.04002,8.65442,48.132
50802,7763,7646,4533,3512,6353,6255,4132,3650,4038,4099,3638,3305,3425,3462,3306,3048,-18.5441,-15.5222,8.71751,48.11
50803,3468,4498,8120,8848,3438,4086,5563,6038,3321,3604,3842,4113,3125,3289,3484,3372,-22.5374,16.2182,8.60017,48.1393
50804,3188,3401,3405,3336,3622,3958,4081,3691,4318,5979,6045,4235,4681,6994,6925,4659,17.5969,-0.472931,8.66713,48.3453
50805,6694,9801,5863,3935,4898,5255,4385,3770,3741,3752,3580,3353,3191,3320,3345,3207,-27.3383,-8.58888,8.79315,48.06
50806,9598,5450,3784,3409,8525,5102,3760,3344,4527,3971,3538,3343,3439,3468,3205,3152,-16.5308,-31.0321,8.82671,47.7433
50807,9991,5687,3955,3429,8105,5123,3861,3238,4318,4003,3526,3278,3509,3383,3191,3150,-17.5815,-31.495,8.70864,47.8313
50808,3287,3486,3355,3248,3632,3797,3727,3434,4470,5159,4745,3863,5382,9292,7023,4268,31.8044,-3.58709,8.65733,48.112
50809,3656,4751,8151,7195,3637,4247,6288,5846,3326,3776,4015,3976,3019,3222,3604,3494,-19.2081,13.0647,8.82636,48.1353
50810,5425,4405,3578,3255,9132,5057,3776,3308,7391,4647,3708,3256,4355,4012,3493,3307,-3.11155,-32.0334,8.80442,48.07
50811,3196,3268,3306,3255,3606,3945,3786,3587,4451,5750,5070,4042,5002,8332,6962,4299,21.551,-2.83631,8.75904,47.9047
50812,3099,3278,3376,3358,3235,3522,3892,4232,3334,3835,5023,7657,3480,3966,5656,10549,19.4008,32.095,8.80234,47.6613
50813,4114,6372,8406,5303,4017,5067,6099,4625,3534,3877,3955,3662,3251,3259,3389,3291,-20.0775,4.13336,8.82015,48.1473
50814,3241,3379,3425,3338,3504,3995,4018,3570,4228,5636,6166,4497,4332,6522,7291,4915,18.1396,1.81965,8.52181,48.038
50815,8940,7119,4225,3573,6780,5877,3927,3361,4201,3989,3692,3294,3463,3502,3297,2942,-19.4647,-18.3149,8.75945,48.1213
50816,3373,3337,3124,3084,4037,3888,3520,3183,6745,4805,3734,3345,12188,6032,3993,3372,24.3643,-29.0819,8.88177,47.84
50817,3474,3563,3337,3344,4178,4455,3777,3441,5854,7706,4557,3672,5944,6979,4617,3629,14.3128,-10.3988,8.87132,48.3513
50818,3175,3432,3307,3343,3432,3627,3861,3749,3838,4694,5522,4568,4198,6251,9270,5830,24.1912,6.0012,8.65818,48.0647
50819,3851,3641,3384,3127,5103,4383,3658,3181,9022,5940,3974,3416,7019,5107,3963,3284,11.1304,-21.7219,8.8341,48.0353
50820,12185,5986,3971,3313,6252,4821,3823,3517,4005,3867,3406,3282,3387,3389,3194,3069,-25.9856,-31.2383,8.65518,47.6447
50821,3480,3539,3246,3013,4303,3954,3521,3186,8095,4950,3918,3519,10177,5683,3886,3399,17.9411,-31.2818,8.73981,47.9127
50822,3459,4244,7103,10347,3371,3935,5243,6574,3123,3529,3954,4003,3018,3349,3341,3435,-22.1495,20.6985,8.6387,48.0187
50823,4207,3956,3469,3177,6405,5001,3697,3349,8586,5930,3839,3432,5505,4626,3694,3312,4.11557,-21.6643,8.50853,48.1233
50824,3097,3158,3427,3395,3171,3505,3830,4333,3320,3768,5023,8284,3395,3740,5682,10364,17.8905,30.7198,8.99699,47.6613
50825,3052,3243,3698,3643,3346,3566,4286,4891,3444,3937,6240,8524,3456,4003,5525,7128,11.9386,19.7973,8.73561,47.988
50826,3358,3370,3351,3325,3870,3846,3762,3361,4922,6407,4736,3928,5753,8739,5731,3953,19.6787,-6.88533,8.96065,48.2747
50827,4119,3718,3398,3210,6522,4509,3595,3295,9848,5163,3814,3409,5914,4631,3595,3307,6.06658,-29.7367,8.91673,48.0313
50828,3456,3385,3131,3149,3926,3843,3485,3220,5667,5143,4048,3443,10352,7860,4293,3414,32.7508,-18.3476,8.80871,47.8767
50829,3467,3648,3510,3237,3897,4548,4158,3511,4999,7538,5676,4108,4818,6198,5197,3939,12.2312,-4.65515,8.54078,48.2993
50830,3510,3791,4456,4161,3603,4462,6857,5611,3565,4418,6885,5395,3389,3771,4260,4249,-0.103887,10.4745,8.93272,48.2553
50831,3107,3232,3499,3213,3354,3600,3676,3723,3908,4638,5254,4536,4134,6488,9688,5855,29.2668,5.84719,8.85139,47.9367
50832,3457,3895,4593,4745,3527,4358,6991,6528,3623,3966,5773,5741,3246,3569,3996,4175,-2.97867,14.2402,8.72224,48.122
50833,3268,3518,3784,3681,3442,3936,4854,4515,3741,4713,7999,5919,3704,4276,5917,5068,9.4323,10.2861,8.51802,48.2233
50834,3098,3376,3392,3475,3297,3520,3856,3809,3547,4165,5233,4940,3714,5078,9590,7554,32.4103,11.361,8.71463,47.7627
50835,12604,6044,3863,3437,6469,4758,3817,3372,4023,3653,3414,3235,3390,3431,3299,3167,-25.5237,-29.1954,8.99096,47.984
50836,3385,3994,6240,8388,3460,3970,5884,8009,3298,3469,4053,4468,3161,3266,3514,3615,-15.7255,20.6915,8.84251,48.116
50837,4148,4013,3552,3313,5270,5744,4019,3454,6581,7425,4293,3583,4826,4845,3808,3483,4.35918,-13.5855,8.63868,48.238
50838,3399,3760,4469,4502,3546,4334,7020,6106,3565,4337,6176,5620,3296,3637,4369,4203,-1.90237,12.8892,8.51833,48.226
50839,3317,3380,3272,3249,3812,3995,3734,3420,4985,6134,4656,3721,6161,9063,5627,3880,21.4353,-8.11656,8.51051,48.2707
50840,3432,3561,3470,3325,3658,4162,4151,3824,4213,6435,6397,4339,4460,6074,6175,4445,14.1649,0.130322,8.52149,48.0807
50841,4449,3841,3422,3243,7107,4906,3558,3330,8812,5494,3820,3389,5254,4431,3550,3195,3.06739,-23.8871,8.84045,47.8673
50842,3192,3265,3439,3411,3269,3438,3777,3963,3396,3792,4762,6164,3442,3933,5973,12372,28.4573,30.3679,8.62302,47.7253
50843,3169,3248,3471,3584,3316,3516,4169,4370,3512,4106,6374,7244,3471,4247,6532,7876,16.124,17.3713,8.54189,48.1367
50844,3432,3521,3234,3048,4084,3980,3552,3311,6588,5566,4076,3372,9269,7353,4150,3493,20.8575,-18.6099,8.59703,48.0193
50845,3365,3833,4739,5068,3478,4027,6650,7804,3435,3917,5240,5902,3225,3532,3933,4138,-4.68297,17.612,8.63254,48.1907
50846,3262,3417,3362,3305,3659,3852,3913,3606,4334,5440,5224,4126,4952,8003,7422,4528,21.8172,-1.27192,8.63702,48.27
50847,12350,6573,4040,3410,6075,4805,3856,3398,3956,3724,3388,3127,3361,3421,3238,3102,-28.9138,-25.1583,8.78479,47.8827
50848,3349,3715,4815,6527,3410,3838,5239,9992,3326,3564,4349,5815,3154,3271,3793,3908,-8.49782,32.58,8.74244,48.0433
50849,3131,3402,3728,3717,3358,3740,4678,4702,3614,4395,7449,7163,3438,4159,5877,5897,10.4746,14.1923,8.63418,48.2987
50850,3191,3222,3418,3392,3349,3575,4013,3818,3574,4269,6185,5432,3679,4947,8793,7122,20.7508,11.9761,8.89529,47.986
50851,3851,3902,3576,3411,4682,5823,4389,3440,5208,8074,5195,3767,4417,4846,4253,3619,4.36705,-7.39576,8.84158,48.302
50852,5623,4691,3757,3280,8836,6042,4005,3357,6069,4814,3726,3273,4172,3816,3398,3303,-5.54053,-20.8748,8.73826,48.108
50853,11930,6749,4142,3396,5961,4915,3869,3408,3902,3726,3507,3208,3322,3299,3137,3179,-28.5561,-23.5117,8.93692,47.7667
50854,6155,5179,3995,3322,8278,6643,4005,3409,5390,4699,3772,3365,3783,3807,3440,3164,-9.02947,-18.6209,8.52106,48.2707
50855,3419,3300,3212,3104,4114,3809,3400,3284,7065,4956,3917,3463,11558,5948,3905,3402,21.3401,-33.2515,8.80109,47.904
50856,3967,5569,9732,6754,3618,4395,5521,4796,3328,3656,3890,3810,3105,3269,3280,3322,-25.7552,9.09469,8.83795,48.008
50857,3444,3646,4730,6413,3318,3840,5139,9888,3237,3615,4430,6137,3080,3468,3698,4042,-7.0841,27.4696,8.9281,48.0833
50858,3412,3405,3251,3026,3865,3749,3472,3169,5966,4578,3800,3405,12390,6222,3977,3428,29.4493,-27.1222,8.50822,47.41
50859,3406,3397,3252,3119,4032,3692,3492,3146,5844,4915,3978,3285,11376,7206,4059,3506,31.7542,-21.4379,8.54443,47.8033
50860,3571,4835,8443,7838,3619,4238,5803,5746,3302,3653,4007,3935,3131,3274,3446,3376,-21.3686,13.4649,8.64318,48.1447
50861,3462,3918,4369,3963,3691,4867,6797,4865,3706,4803,7065,5027,3502,4034,4262,4143,0.586921,6.95915,8.83676,48.316
50862,3569,4187,5206,4782,3602,4739,7867,5876,3552,4237,5320,4685,3194,3520,4020,3868,-6.34119,10.2508,8.6747,48.1493
50863,3131,3274,3540,3461,3144,3551,4061,4378,3442,3992,5998,7746,3506,4170,6185,8434,15.9318,19.9209,8.90667,48.0087
50864,5420,4484,3610,3227,9404,5106,3689,3312,7095,4822,3708,3337,4315,3951,3566,3196,-3.55846,-29.3687,8.81096,48.1613
50865,3833,3666,3272,3189,5318,4266,3572,3170,9596,5447,3803,3337,7329,5218,3830,3300,10.9824,-25.3346,8.79596,48.0973
50866,3332,3582,3267,3161,4040,4298,3809,3554,5386,7411,4985,3700,5363,7385,4999,3900,15.0261,-7.7717,8.91013,48.1147
50867,5099,4950,3759,3535,7215,7049,4206,3446,5513,5326,3913,3447,4050,3847,3613,3237,-5.14152,-15.3689,8.9824,48.1367
50868,3951,5938,9337,6030,3824,4672,5752,4665,3448,3684,3911,3803,3215,3288,3360,3365,-22.9556,6.83783,8.52565,48.162
50869,3237,3216,3490,3379,3318,3665,3988,3746,3666,4509,6240,5238,3843,5158,8918,6666,20.6362,10.0265,8.81224,48.1847
50870,5148,4255,3562,3262,8353,5686,3784,3461,7196,5115,3798,3330,4430,4083,3534,3320,-2.15423,-22.1397,8.9814,48.2113
50871,3196,3453,3797,3960,3343,3734,4655,5025,3478,4259,7131,7810,3446,3975,5455,5881,9.42942,16.598,8.91388,48.3987
50872,3068,3289,3595,3596,3231,3574,4171,4788,3374,3863,5172,9052,3366,4004,5254,8443,14.0805,32.5471,8.51109,47.8933
50873,4747,6678,6120,4343,4540,6776,5801,4204,3795,4169,3961,3720,3372,3454,3463,3327,-15.7669,-2.02008,8.72434,48.3133
50874,3435,3601,3224,3128,3985,4072,3598,3239,6299,6289,4240,3497,7437,7343,4518,3714,17.8207,-14.6353,8.53188,47.746
50875,4158,4035,3652,3407,5371,6248,4212,3511,6028,7364,4512,3545,4464,4471,3831,3460,2.18744,-11.7577,8.9242,48.1793
50876,3149,3396,3584,3472,3460,4053,4680,4119,3833,5387,8166,5444,3706,4727,5954,4945,10.4283,7.24169,8.92915,48.05
50877,6486,4946,3927,3444,9113,5944,3989,3367,5465,4586,3711,3352,3865,3698,3345,3118,-8.93242,-21.3553,8.79629,48.2373
50878,3122,3252,3418,3390,3158,3457,3911,4013,3611,4058,5052,5565,3617,4625,8537,9336,29.0513,15.6748,8.54761,48.0813
50879,4142,5571,6452,4638,4014,5988,7160,4690,3604,4200,4314,3893,3312,3485,3555,3385,-13.345,2.90952,8.7236,48.2687
50880,4585,5124,4287,3669,5396,8002,5127,3786,4562,5420,4279,3643,3732,3762,3670,3308,-6.05504,-8.02008,8.63985,48.2347
50881,3796,3672,3439,3197,5036,4729,3706,3445,8184,6624,4203,3435,6042,5217,4132,3467,8.6259,-17.6933,8.63563,48.216
50882,3438,3368,3269,3104,4124,3762,3440,3194,7249,4988,3872,3457,11511,5908,3836,3508,21.0849,-33.5094,8.98453,48.0187
50883,3189,3119,3520,3441,3320,3615,3840,3730,3657,4215,5147,5153,3751,4885,9429,8061,30.75,12.6283,8.88662,48.048
50884,4064,5002,5605,4515,4187,6110,7493,4688,3825,4262,4629,3956,3316,3649,3731,3522,-10.311,2.76228,8.62753,48.3693
50885,3476,4227,6599,8569,3396,4018,5829,7503,3245,3632,4052,4302,3195,3304,3534,3529,-16.8857,18.9507,8.93861,48.2733
50886,3309,4103,6133,11862,3378,3935,4937,6555,3255,3495,3779,4003,3091,3160,3394,3363,-24.4445,25.7337,8.55002,47.8347
50887,3500,3563,3273,3060,4492,4054,3549,3190,8367,5366,3842,3443,9530,5605,3937,3383,16.7024,-24.851,8.90603,48.1027
50888,5487,5667,4240,3601,6564,7589,4509,3648,4676,4903,3938,3447,3774,3663,3525,3265,-9.17598,-12.8027,8.54471,48.3307
50889,3349,3748,5359,8502,3342,3791,5322,9307,3261,3564,4191,4936,3050,3211,3540,3671,-13.3985,27.089,8.82672,48.096
50890,3789,4353,4502,3971,4123,6213,6867,4389,3993,5289,5756,4052,3660,3882,4017,3715,-3.13408,1.38311,8.91482,48.3807
50891,7721,6251,4110,3423,7680,6284,4045,3494,4625,4241,3637,3271,3654,3495,3272,3141,-14.9637,-18.6298,8.60936,48.2293
50892,3203,3519,3731,3910,3252,3608,4519,5873,3362,3817,5193,9978,3330,3721,4657,6502,8.23429,31.7733,8.74742,48.1167
50893,4141,3772,3474,3155,5916,4429,3650,3276,9978,5434,3852,3227,6331,4718,3803,3368,7.60166,-27.6653,8.89402,48.3493
50894,3457,3581,3505,3268,3872,4269,4056,3652,4812,7373,5791,4126,4691,6544,5462,3994,13.6456,-3.21161,8.94034,48.302
50895,4661,6837,6077,4216,4509,6713,5932,4073,3805,4120,4005,3549,3347,3484,3482,3248,-15.6605,-2.44622,8.86827,48.0387
50896,3387,3695,4214,4541,3479,3945,5892,6774,3432,3964,6043,6939,3388,3694,4342,4596,0.278965,17.272,8.72351,48.2167
50897,3376,3562,3882,3616,3621,4073,5118,4499,3632,4862,8162,5697,3574,4308,5489,4843,8.47106,9.58819,8.54394,48.2093
50898,4132,6489,9478,5741,3895,4823,5583,4544,3458,3665,3820,3638,3145,3240,3346,3220,-24.7107,5.19167,8.57202,48.1447
50899,3635,3656,3429,3293,4160,4630,3911,3522,5446,7984,5194,3820,5021,6021,4796,3762,11.2655,-7.80045,8.56697,48.1867
50900,3327,3704,4570,6299,3414,3814,5264,9723,3316,3641,4481,6082,3193,3379,3780,4009,-7.02228,28.2279,8.69195,47.9973
50901,8752,6061,4039,3346,8008,5661,3872,3400,4464,4074,3550,3260,3519,3582,3285,3120,-16.205,-22.2162,8.5047,47.9953
50902,3142,3164,3445,3378,3165,3419,3696,4034,3376,3891,4736,6223,3346,3976,6640,12348,26.6014,24.6775,8.92832,47.986
50903,5342,9391,6999,4280,4476,5357,4687,3879,3646,3785,3649,3431,3212,3364,3313,3102,-28.17,-3.82002,8.93684,47.942
50904,3694,4240,4949,4163,3969,5906,7518,4793,3805,4607,5556,4289,3445,3735,3928,3557,-4.8398,4.39862,8.51556,48.1027
50905,3156,3292,3605,3645,3345,3540,4267,4806,3423,3972,6019,8212,3472,4186,5806,7520,13.8424,20.2292,8.50726,48.1773
50906,3607,3713,4121,3814,3792,4982,5825,4299,3954,5937,7148,4766,3601,4347,4691,3965,3.19007,3.47595,8.9716,48.3747
50907,3633,3983,4037,3680,3729,5101,5902,4346,4010,5809,7277,4543,3855,4323,4477,3843,3.07433,2.98634,8.59303,48.3653
50908,3377,3541,4529,4865,3313,3946,6043,7460,3392,3937,5734,6943,3176,3645,4137,4444,-1.35506,18.9423,8.75831,48.3213
50909,3317,3505,3870,4041,3515,4012,5218,5454,3514,4249,7235,6995,3389,3875,4837,5035,5.02715,14.964,8.56476,48.0407
50910,3024,3268,3472,3413,3301,3565,3936,4184,3409,3924,5244,6675,3464,4145,7057,10530,22.1943,20.9846,8.772,48.4073
50911,3336,3452,3269,2999,4022,3825,3440,3226,6406,4951,3693,3414,11709,6524,3941,3443,25.1844,-24.3235,8.61479,47.7667
50912,3347,3496,4311,4794,3339,3872,5502,7816,3311,3843,5353,7496,3257,3588,4272,4768,-0.0233713,21.53,8.59128,48.2433
50913,5104,4475,3728,3209,8181,5894,3819,3310,6919,5277,3768,3371,4454,4035,3432,3196,-2.44579,-20.6691,8.90642,48.1147
50914,5227,8540,6401,4184,4545,6090,5119,3927,3817,4058,3736,3407,3316,3315,3300,3263,-20.4061,-4.31378,8.88496,48.1633
50915,4102,5314,6099,4443,4143,6154,7291,4599,3600,4221,4554,3856,3290,3524,3500,3398,-11.9159,2.60387,8.67071,48.0587
50916,6376,8748,5316,3808,5078,6317,4575,3728,3817,4044,3624,3404,3435,3383,3414,3221,-20.1543,-9.30385,8.52531,48.192
50917,3475,3355,3216,3194,4067,3806,3379,3247,6285,4706,3846,3390,12358,6178,3933,3451,26.4284,-27.8608,8.63367,47.924
50918,3601,4280,7222,9009,3402,4016,5704,6699,3295,3533,3930,4117,3114,3186,3451,3412,-19.6515,18.2561,8.8391,47.9807
50919,3215,3573,3717,3748,3584,4132,5242,4549,3711,4658,8115,5767,3701,4214,5412,4740,7.2018,9.85318,8.68158,48.052
50920,3171,3233,3306,3393,3310,3382,3865,3992,3369,3741,4819,6543,3397,3982,5962,12243,24.2688,31.1247,8.73181,47.8053
50921,3288,3476,3161,3066,3932,3847,3429,3157,6046,4768,3763,3335,12201,6651,4015,3456,28.3681,-24.3164,8.83559,47.7273
50922,3431,3987,6090,8692,3480,3930,5695,7886,3297,3582,4096,4316,3107,3122,3565,3595,-16.4686,21.513,8.70459,47.914
50923,3756,4018,4121,3793,3938,5410,6028,4250,4066,5880,6438,4427,3680,4258,4324,3850,1.34601,1.63908,8.65561,48.158
50924,3668,4921,9462,8049,3534,4098,5317,5246,3292,3537,3875,3864,3099,3175,3417,3358,-27.4559,12.927,8.73512,47.9413
50925,12404,6227,3882,3426,6193,4797,3703,3300,3887,3821,3346,3171,3413,3431,3210,3146,-27.0339,-26.8205,8.68509,47.5713
50926,6613,7509,4632,3672,5932,6860,4491,3579,4104,4220,3635,3403,3450,3577,3352,3148,-16.7578,-12.5307,8.52714,48.118
50927,3169,3342,3297,3412,3383,3643,3905,3740,3773,4585,5291,4548,3934,6164,9992,6021,31.9517,6.63961,8.88676,48.1327
50928,3434,3984,6008,12295,3367,3621,4845,6501,3242,3493,3839,3906,3028,3249,3317,3454,-25.1476,28.7253,8.5165,47.722
50929,3300,3434,3401,3202,3794,4036,3936,3542,4820,6739,5163,3869,5419,7941,5746,4156,17.5539,-5.39694,8.95363,48.332
50930,3264,3533,3899,4221,3335,3731,4654,6963,3396,3860,5147,9390,3254,3648,4440,5330,3.74323,32.3805,8.64231,48.0433
50931,3486,4090,6450,8535,3492,4050,5782,7520,3240,3612,4043,4500,3083,3113,3491,3587,-16.9255,19.661,8.68513,48.0493
50932,3509,3992,5961,12258,3380,3692,4647,6569,3181,3495,3886,4039,3137,3290,3361,3383,-24.4584,29.4087,8.97259,47.8533
50933,3353,3651,4440,4302,3430,4220,6435,6117,3564,4315,6533,6170,3399,3626,4391,4475,0.492541,14.083,8.51106,48.2807
50934,3181,3318,3333,3443,3284,3492,3795,3983,3410,3741,4892,6000,3361,3872,5737,12355,32.7663,28.8608,8.62302,47.4647
50935,3209,3446,4026,4482,3237,3844,4929,7655,3280,3760,5103,8867,3238,3598,4225,5021,1.77288,33.6177,8.92643,47.9467
50936,3239,3666,4055,4045,3567,4338,5985,5214,3566,4570,7515,5777,3542,3953,4748,4495,3.24218,10.9526,8.75665,48.1833
50937,3197,3272,3449,3382,3291,3549,3795,3742,3529,4180,5238,5342,3751,5090,9240,8223,26.8139,13.1536,8.86881,48.18
50938,3353,3372,3297,3120,3669,3870,3618,3421,4759,5394,4402,3623,6606,9689,5838,3984,26.6061,-8.4206,8.65224,48.01
50939,3170,3313,3536,3425,3286,3737,4229,4179,3644,4382,6751,6148,3568,4657,7179,6911,16.2704,13.4955,8.53742,48.0767
50940,4165,5658,5325,4197,4557,7060,6826,4407,3876,4600,4436,3788,3378,3634,3703,3315,-10.5435,-0.709593,8.81136,48.6167
50941,3118,3211,3576,3491,3161,3529,3937,4436,3389,3904,5192,8395,3392,3793,5570,9530,16.7729,31.3151,8.55692,47.7493
50942,3966,5465,7286,5219,3933,5364,7113,4889,3453,3900,4156,3800,3252,3483,3378,3387,-15.4876,5.42731,8.77686,48.0293
50943,6291,9632,5760,3943,4800,5371,4574,3741,3610,3791,3729,3414,3288,3467,3362,3150,-32.6584,-7.44406,8.51044,47.9487
50944,3061,3202,3432,3496,3185,3445,3890,4099,3440,3718,4965,7323,3480,3968,5838,10894,20.6606,32.2549,8.6026,47.624
50945,3309,3665,4401,5347,3395,3768,5084,9257,3251,3702,4718,7482,3116,3415,3975,4366,-2.73709,29.3166,8.9755,48.1673
50946,3353,3428,3181,3165,3984,3907,3454,3286,5546,5036,3879,3482,10204,7982,4399,3413,30.605,-17.9161,8.6807,47.7993
50947,3095,3213,3252,3263,3230,3412,3809,3932,3332,3830,5006,6827,3445,3982,6125,11882,22.4424,33.7907,8.96003,47.7567
50948,3290,3745,4773,6713,3452,3776,5351,10055,3280,3694,4414,5530,3174,3385,3777,3890,-9.19827,27.9839,8.94468,48.1993
50949,7470,9772,5195,3784,5110,5259,4294,3682,3695,3849,3541,3282,3460,3383,3249,3155,-28.6815,-11.3639,8.85698,48.12
50950,4317,4673,4091,3597,5443,7558,4872,3721,4765,6207,4341,3554,3917,4049,3697,3366,-3.15541,-8.61915,8.86992,48.112
50951,3233,3775,4980,7034,3388,3883,5279,9870,3355,3561,4303,5314,3176,3256,3626,3857,-10.1392,33.6336,8.5585,47.9267
50952,3391,3555,3268,3077,4213,4186,3652,3349,6339,6695,4295,3547,7037,7559,4512,3527,17.0684,-13.5691,8.83027,48.1347
50953,4382,3991,3527,3104,6981,5077,3818,3314,8439,5764,3956,3396,5140,4468,3699,3320,2.8223,-22.3783,8.65415,48.2507
50954,4010,3905,3421,3189,5769,4652,3689,3232,9455,5766,3814,3434,6176,4725,3722,3310,7.27331,-23.4041,8.76608,48.1793
50955,3101,3182,3467,3451,3243,3574,4034,4008,3488,4178,5539,5432,3578,4744,8760,8513,23.9967,14.2631,8.755,48.1947
50956,3607,4515,7721,8018,3562,4184,6057,6195,3234,3568,4107,4076,3121,3375,3462,3621,-19.4932,14.879,8.71919,48.282
50957,7758,9248,4956,3560,5310,5516,4205,3578,3795,3954,3602,3401,3313,3364,3275,3188,-25.0928,-12.5024,8.64433,48.0153
50958,3532,4436,7318,8049,3523,4170,6040,6676,3322,3691,4058,4312,3015,3270,3358,3503,-17.9217,16.2321,8.51003,48.182
50959,3217,3463,3425,3297,3629,3794,3800,3536,4124,5045,5096,4240,4823,8309,8090,4681,25.4814,-0.221613,8.97977,48.3793
50960,3179,3317,3827,3942,3147,3671,4529,6179,3328,3863,5195,9988,3202,3711,4671,6414,7.1251,29.4696,8.87009,48.1087
50961,12441,6222,4015,3279,6032,4746,3688,3360,3913,3889,3428,3119,3477,3334,3233,3131,-31.271,-27.5808,8.53915,47.538
50962,5394,9015,6984,4435,4490,5489,4758,3922,3725,3826,3730,3402,3171,3391,3260,3231,-23.3145,-3.85876,8.7181,48.1487
50963,3246,3419,3681,3764,3285,3514,4390,5572,3445,3898,5284,9836,3433,3659,4863,6651,9.19136,33.7532,8.69581,47.96
50964,3154,3266,3449,3369,3312,3656,3987,3982,3753,4339,6385,5683,3687,4975,8227,6893,19.1774,11.9684,8.65805,48.078
50965,3076,3343,3465,3433,3337,3579,3841,3839,3460,4115,5214,5272,3611,4698,9477,8220,32.9784,13.1822,8.81255,47.9867
50966,3479,3839,4274,3913,3818,5033,6630,4574,3883,5165,7130,4751,3594,4071,4508,3984,1.08286,5.88607,8.94145,48.4307
50967,3224,3416,3620,4005,3253,3647,4442,5994,3394,3780,5330,10046,3328,3592,4739,6541,7.90462,28.9217,8.71274,48.234
50968,3741,4284,4748,4371,3822,5323,7738,4922,3642,4645,5750,4423,3316,3850,3945,3791,-4.19481,5.9541,8.81059,48.2073
50969,3248,3336,3608,3854,3281,3585,4340,5449,3246,3832,5219,10064,3233,3710,4792,7078,9.80108,28.9841,8.96991,47.9167
50970,3365,3353,3261,3242,3966,3654,3381,3245,6111,4695,3845,3319,12393,6444,3958,3321,29.9345,-26.101,8.72923,47.702
50971,12410,6681,3985,3344,6016,4699,3846,3426,3938,3776,3459,3151,3455,3291,3139,3119,-29.4388,-24.4352,8.95775,47.8233
50972,4185,6355,8786,5252,3982,4920,6086,4699,3539,3761,3920,3734,3196,3377,3349,3210,-20.7075,4.45816,8.89571,48.234
50973,10943,5702,3950,3415,7317,4934,3798,3342,4180,3956,3477,3198,3430,3375,3305,3210,-20.893,-31.2571,8.51588,47.688
50974,3243,3406,4160,4309,3413,3927,5464,6341,3391,3977,6363,7755,3220,3651,4476,4932,2.68773,18.0182,8.89241,48.0187
50975,3155,3282,3621,3758,3350,3548,4220,5320,3446,3681,5322,9832,3349,3741,5084,7304,10.8796,32.251,8.75045,48.0087
50976,3430,3935,6102,12678,3369,3625,4841,5988,3240,3434,3691,3885,3247,3132,3342,3401,-31.2988,28.0275,8.95056,47.56
50977,3150,3239,3597,3485,3192,3614,4204,4821,3384,3971,5765,8726,3334,3985,5755,8164,14.4798,21.6228,8.99937,48.2573
50978,4235,5181,4608,3819,4719,7461,6092,4117,4068,5026,4575,3739,3469,3781,3650,3411,-7.29732,-2.7893,8.88077,47.9673
50979,3332,3438,3260,3086,3721,3838,3620,3450,4567,5105,4524,3708,6061,9983,6307,4091,29.7663,-6.12894,8.91434,48.0607
50980,6555,8010,4949,3686,5607,6630,4420,3616,4048,4211,3604,3454,3389,3549,3398,3167,-18.019,-11.5341,8.89144,48.1953
50981,4880,4497,3775,3415,7910,6171,4043,3466,6499,5334,3847,3300,4444,4121,3600,3178,-2.93139,-18.819,8.5224,48.32
50982,3209,3183,3305,3354,3531,3745,3873,3722,3889,4775,5660,4658,4167,6308,9120,5667,23.2054,5.18933,8.5168,48.1107
50983,4070,3924,3454,3252,6284,4584,3800,3162,9486,5188,3853,3435,5702,4657,3699,3367,5.82802,-33.8514,8.52525,47.9447
50984,3464,3935,6291,9824,3431,3865,5496,7286,3157,3519,4008,4273,3144,3253,3437,3399,-19.1037,22.5251,8.50154,47.8547
50985,3300,3471,3537,3450,3687,4018,4258,3868,4086,6109,7025,4482,4318,5983,6578,4455,14.0141,2.17465,8.8875,48.4167
50986,6229,4707,3743,3277,9817,5130,3807,3457,6049,4463,3692,3353,4044,3691,3440,3139,-7.20432,-30.3552,8.6663,48.0253
50987,4032,6500,9800,5738,3883,4560,5168,4604,3487,3705,3880,3637,3206,3292,3287,3322,-32.2632,5.72348,8.97384,48.0673
50988,3874,3979,3671,3255,4843,5749,4228,3484,5730,7828,4867,3615,4666,5058,4083,3518,5.02951,-9.92806,8.71883,48.2987
50989,3269,3299,3370,3255,3545,3762,3737,3596,3887,4660,5041,4315,4342,7151,9185,5518,30.8177,3.5387,8.53801,47.9547
50990,5086,4559,3638,3339,8170,6129,4091,3436,6579,5245,3895,3395,4213,3952,3487,3219,-3.28232,-19.4279,8.77125,48.2887
50991,3149,3466,4040,4331,3220,3736,5069,6795,3310,3996,5896,8442,3242,3573,4495,5122,3.22416,21.2319,8.93173,47.9213
50992,4064,3960,3342,3065,5611,5030,3810,3499,8406,6566,4102,3383,5449,4883,3896,3389,6.2133,-18.1659,8.93461,48.3033
50993,7064,5711,3883,3417,8232,6485,4009,3435,4750,4325,3592,3162,3676,3682,3337,3046,-12.5098,-18.7231,8.9272,47.8707
50994,3177,3311,3320,3236,3576,3629,3731,3527,4060,4859,5048,4179,4643,7942,8680,4818,32.125,1.06225,8.84953,47.824
50995,3260,3376,3323,3175,3726,4020,3786,3420,4681,6205,5139,3920,5315,8215,6291,4185,20.0246,-3.97363,8.84838,48.0247
50996,3693,3494,3265,3180,4898,4255,3495,3226,9391,5287,3807,3342,8451,5353,3824,3326,13.4652,-27.3218,8.85817,48.1913
50997,3308,3849,5499,9525,3366,3839,5090,8707,3224,3517,4052,4424,3099,3269,3463,3591,-16.1232,28.2576,8.81927,47.8813
50998,3261,3396,3530,3839,3346,3537,4291,5549,3361,3788,5285,9898,3372,3714,4999,7019,9.73978,30.3542,8.83968,48.1233
50999,4425,4219,3671,3251,6282,6514,4091,3528,6386,6419,4062,3547,4385,4412,3686,3227,0.173102,-14.9007,8.93056,48.07
51000,3592,4937,9265,8153,3531,4114,5105,5139,3275,3521,3775,3762,3034,3320,3477,3342,-30.087,13.3161,8.69783,47.5613
51001,4224,3998,3656,3299,5753,5760,3953,3452,6911,6681,4190,3498,4911,4638,3816,3444,3.27808,-15.2621,8.60566,48.1227
51002,6408,6603,4389,3513,6556,7261,4394,3543,4339,4385,3774,3408,3523,3585,3419,3138,-13.9506,-13.4839,8.90574,48.1587
51003,4873,5133,3950,3497,6384,8118,4580,3678,4914,5391,4149,3390,3874,3863,3511,3229,-6.36991,-11.9742,8.96947,48.356
51004,4047,5134,5621,4343,4097,6315,7574,4718,3671,4328,4641,3991,3461,3549,3660,3402,-10.2594,2.74316,8.66573,48.368
51005,3425,3446,3195,3105,4205,3918,3479,3197,7718,5038,3797,3387,10894,5738,3885,3368,19.3554,-27.9592,8.98738,47.8633
51006,3693,3844,3924,3643,4083,5355,5055,3892,4326,6923,6359,4230,3943,4681,4633,3908,4.4135,-0.795409,8.85968,48.328
51007,3192,3167,3370,3389,3198,3491,3755,3916,3353,3914,4848,5900,3382,3995,6816,11628,33.3112,22.8164,8.7144,47.5427
51008,8318,7445,4373,3455,6476,5948,4096,3525,4144,4060,3629,3279,3441,3429,3310,3092,-19.131,-16.4455,8.56979,48.0133
51009,3413,4025,6460,11947,3374,3861,4795,6417,3370,3357,3773,4076,3078,3305,3271,3416,-25.1751,25.1096,8.68171,47.9587
51010,5187,9136,7457,4475,4304,5113,4714,3898,3651,3794,3707,3434,3390,3349,3323,3258,-30.6726,-2.83579,8.53142,48.1267
51011,3320,3506,3248,3188,3931,3708,3503,3337,5926,4651,3742,3349,12552,6018,3860,3320,30.2047,-31.5025,8.76842,47.4393
51012,3122,3283,3347,3277,3251,3450,3782,3871,3397,3748,4688,6136,3413,3885,5969,12587,26.822,31.9956,8.9118,47.4707
51013,3596,4278,5867,5242,3571,4716,8030,6200,3516,3945,4752,4500,3276,3522,3805,3745,-9.54712,11.088,8.77063,48.374
51014,3262,3395,3293,3241,3532,3785,3994,3696,4071,4954,6175,4574,4182,6110,8392,5342,19.7732,5.05974,8.71834,47.9987
51015,3428,3582,3509,3215,4013,4542,4003,3675,4966,7750,5372,3914,4997,6693,5169,3870,13.1845,-6.17443,8.59495,48.4653
51016,3373,3866,5350,8150,3402,3799,5141,9395,3219,3620,4037,4871,3215,3370,3517,3662,-13.3656,31.2981,8.58969,47.9913
51017,10267,6127,3987,3300,7744,5179,3922,3364,4201,3988,3565,3193,3496,3486,3308,3074,-19.0791,-23.7786,8.91673,48.134
51018,4155,5154,4880,3965,4472,7239,6533,4149,4045,4866,4701,3835,3558,3750,3636,3465,-7.64521,-1.4192,8.67381,48.2687
51019,3458,3873,6091,12728,3357,3746,4818,6005,3165,3412,3757,3903,3177,3243,3394,3350,-30.5332,28.1972,8.73559,47.6513
51020,3247,3350,3505,3602,3175,3651,4091,4457,3407,3875,5096,8250,3424,3804,5541,9355,16.6523,33.7812,8.56888,47.8867
51021,5502,5171,3883,3382,7944,6890,4160,3490,5434,5016,3756,3373,3967,3738,3400,3116,-7.32952,-16.9237,8.89863,48.148
51022,3358,3890,6045,12462,3465,3762,4764,6205,3296,3453,3744,4017,3132,3220,3387,3351,-28.2356,29.0893,8.51823,47.7007
51023,3616,4191,4944,4596,3676,4840,7899,5642,3561,4192,5681,4759,3238,3602,3904,3828,-5.50073,9.80371,8.69207,48.1127
51024,3407,3572,3290,3168,4173,4309,3725,3502,5820,7527,4700,3672,5897,7186,4855,3760,14.9637,-10.3674,8.85481,48.3753
51025,3444,4294,7655,10437,3465,3897,5042,5946,3295,3483,3888,3953,3022,3171,3464,3480,-25.0691,19.1313,8.7745,47.9573
51026,3073,3261,3446,3566,3265,3557,4038,4248,3467,4026,5742,7295,3436,4138,6684,8940,18.0539,19.7201,8.65668,48.1213
51027,4137,6025,9317,5874,3847,4825,5911,4734,3395,3702,4020,3689,3116,3379,3343,3305,-21.8647,6.2681,8.9243,48.4127
51028,3580,3515,3235,3045,4323,4054,3633,3503,7032,5926,4119,3445,8411,6750,4168,3521,17.6474,-18.4003,8.63754,48.1733
51029,3335,3860,6188,12400,3255,3736,4670,5996,3270,3360,3703,3920,3109,3327,3405,3465,-33.3481,26.3523,8.72698,47.3327
51030,3350,3340,3242,3067,3888,3818,3534,3220,6422,4824,3783,3456,11666,6532,4005,3533,24.8501,-24.9504,8.53291,47.7867
51031,3118,3317,3320,3490,3223,3447,3970,4039,3391,3822,4857,6895,3511,3891,5908,11536,21.7819,32.8257,8.63742,47.8233
51032,4356,5175,4570,3722,4854,7860,5820,4022,4177,5276,4433,3610,3645,3902,3627,3491,-7.06313,-4.48332,8.81414,48.36
51033,3406,3935,5091,5880,3373,4227,6828,8310,3332,3788,4762,5331,3113,3373,3762,3909,-7.84266,17.8544,8.8589,48.28
51034,3760,3584,3392,3204,5126,4511,3593,3333,8843,6061,3897,3505,6824,5344,3864,3475,10.8163,-20.8965,8.72684,48.2107
51035,5858,4533,3703,3260,9922,5327,3890,3372,6400,4506,3702,3165,4105,3783,3484,3131,-5.88767,-32.1711,8.73197,48.094
51036,8505,6311,4082,3451,7556,5943,3922,3475,4530,4035,3512,3360,3638,3480,3416,3123,-16.4805,-20.1838,8.56491,48.226
51037,5102,8771,7706,4554,4146,5143,4956,4076,3615,3854,3756,3615,3152,3390,3222,3106,-26.8644,-1.44747,8.95351,48.1093
51038,3613,3656,3530,3222,4457,4759,3875,3477,6260,7956,4628,3628,5391,5936,4263,3589,10.2666,-11.865,8.76739,48.16
51039,7772,6301,4213,3542,7743,6136,4059,3426,4447,4230,3607,3174,3648,3596,3383,3098,-15.0681,-18.9027,8.71343,48.25
51040,3168,3492,3559,3532,3495,3803,4282,3932,3698,4891,7199,5447,3763,4972,7367,5825,15.5831,9.46248,8.60008,48.2833
51041,8942,5364,3789,3410,8987,5104,3836,3329,4676,4161,3539,3317,3651,3464,3231,2998,-14.7889,-28.7964,8.8251,47.8653
51042,3402,4002,5335,9004,3453,3811,5169,8866,3276,3506,4115,4538,3125,3241,3498,3518,-15.1323,33.774,8.90992,47.906
51043,3413,3823,5129,8158,3365,3863,5262,9427,3236,3585,4153,4926,3072,3274,3605,3590,-13.2109,30.5982,8.74951,47.9207
51044,3796,4432,4787,4148,4074,5942,7499,4759,3657,4846,5539,4215,3483,3769,3936,3655,-4.87542,3.89472,8.5209,48.358
51045,4634,7395,8395,4997,4136,5126,5553,4303,3461,3830,3844,3562,3331,3404,3335,3339,-22.8753,1.54647,8.73088,48.43
51046,5692,4600,3664,3192,9373,5553,3903,3400,6629,4763,3663,3394,3992,3859,3471,3115,-4.96104,-24.2816,8.74161,48.1753
51047,4259,6533,8045,5117,4053,5317,6210,4437,3578,3909,4032,3662,3180,3350,3502,3311,-19.3136,3.08383,8.73931,48.33
51048,3669,3724,3485,3286,4521,5135,4082,3509,5698,8123,4927,3731,4950,5613,4239,3656,8.21763,-9.5326,8.6434,48.232
51049,3117,3321,3434,3538,3137,3560,3901,4004,3370,3810,4973,7037,3360,3949,6085,11444,22.0374,27.662,8.52842,48.0267
51050,4485,6158,5748,4263,4500,6829,6399,4352,3736,4312,4158,3676,3242,3559,3505,3327,-12.9797,-1.05593,8.70938,48.166
51051,4328,5490,5025,3979,4588,7522,6471,4206,3874,4627,4532,3652,3510,3676,3694,3475,-9.28022,-1.72165,8.85729,48.4327
51052,3172,3335,3520,3510,3488,3782,4425,4123,3713,4665,7376,5726,3608,4707,7073,5854,14.348,10.2106,8.83189,48.0513
51053,3725,3784,3548,3294,4566,5146,4010,3501,5898,8199,4805,3712,4870,5472,4238,3500,7.72211,-10.132,8.60812,48.1787
51054,3435,4006,6162,6857,3433,4157,6594,7788,3302,3728,4392,4656,3097,3412,3600,3745,-13.056,17.718,8.68984,48.2427
51055,5709,4580,3648,3339,9053,5522,3862,3447,6436,4749,3638,3353,4254,3981,3468,3304,-5.01186,-24.0071,8.6045,48.2287
51056,3108,3509,3853,4146,3287,3657,4603,6688,3422,3853,5300,9594,3244,3666,4540,5710,4.98935,33.0439,8.84943,48.12
51057,3520,4363,7968,9986,3445,3953,5094,5753,3315,3526,3884,3880,3142,3264,3323,3464,-27.4504,18.0899,8.50595,47.92
51058,3446,3396,3159,3214,3841,3789,3438,3218,5550,5074,4038,3470,10051,8193,4400,3602,30.0658,-17.5346,8.97689,47.9193
51059,3961,3979,3755,3449,4656,6156,4525,3687,5037,7375,4973,3808,4181,4678,4131,3579,3.00937,-6.93702,8.64349,47.9533
51060,3270,3635,4246,4716,3377,3902,5570,7878,3372,3816,5325,7832,3209,3565,4285,4534,-0.288094,21.8271,8.98671,48.3547
51061,3773,4169,4307,3873,3950,5667,6420,4379,3986,5639,6283,4280,3630,3979,4154,3772,-0.550897,2.00011,8.7193,48.174
51062,3353,3854,4994,6701,3266,3851,6043,9210,3334,3585,4396,5319,3117,3431,3663,3980,-9.63777,21.9946,8.76024,48.0647
51063,3284,3477,3536,3263,3701,4003,3986,3592,4489,6179,6000,4202,4622,7104,6649,4558,17.4151,-1.08462,8.68665,48.43
51064,4608,4111,3593,3233,7390,5187,3759,3372,8227,5567,3732,3382,4898,4268,3614,3314,1.34776,-22.5378,8.80948,48.17
51065,3378,4102,6079,10232,3357,3904,5162,7428,3186,3467,3858,4205,3057,3277,3506,3503,-19.8461,24.5625,8.67797,47.8007
51066,3396,3301,3155,3083,4016,3792,3435,3248,5775,5132,4016,3554,10228,7890,4299,3532,26.1439,-18.1819,8.82098,47.9013
51067,3452,3933,5935,10638,3405,3852,4977,7471,3190,3528,3982,4260,3214,3256,3436,3413,-19.8838,27.0475,8.5324,47.9613
51068,7101,4915,3752,3383,9753,5318,3833,3359,5505,4361,3531,3225,3818,3647,3268,3100,-9.62404,-30.829,8.54425,47.9127
51069,3167,3339,3365,3404,3460,3689,3794,3710,3818,4691,5898,4757,4057,5924,9079,6021,21.9799,6.93072,8.63761,48.1153
51070,6593,6126,4040,3493,7545,6700,4119,3486,4729,4416,3732,3294,3728,3701,3395,3073,-12.6472,-16.6995,8.68915,48.1133
51071,2997,3180,3416,3383,3259,3457,3979,4189,3374,3845,5301,7325,3503,4020,6220,10331,20.047,22.7635,8.93822,47.8527
51072,3428,3350,3206,3085,3759,3825,3454,3234,5478,5086,4089,3468,9603,8613,4399,3556,31.1132,-16.3647,8.63774,47.7553
51073,3851,4477,4471,3832,4408,6639,6358,4164,4098,5467,5334,4043,3779,4042,3917,3565,-3.25682,-0.745425,8.58392,48.2967
51074,3025,3195,3389,3439,3303,3536,3903,4035,3596,4200,5857,5884,3630,4697,8499,8165,21.4251,14.6448,8.74895,48.2353
51075,3260,3545,4271,4886,3278,3776,5315,8361,3352,3724,5018,7816,3168,3584,4167,4590,-0.770364,24.1519,8.68069,48.074
51076,5587,4942,3884,3516,7846,6956,4051,3491,5522,4928,3744,3426,3931,3930,3497,3236,-6.70036,-17.2172,8.71437,48.3247
51077,3528,4591,8455,9739,3284,4031,5247,5507,3332,3474,3875,3903,3156,3235,3398,3339,-30.8221,16.641,8.72266,48.0627
51078,3648,3648,3265,3142,4466,4456,3611,3304,6824,7168,4380,3564,6416,6534,4316,3487,13.5558,-14.6206,8.74709,48.1527
51079,3297,3378,3263,3127,3708,3861,3714,3397,4778,5192,4516,3848,6159,9934,6391,4166,28.4931,-6.54739,8.85431,48.486
51080,3263,3379,3325,3168,3682,3894,3750,3510,4689,5713,4768,3911,5813,9046,6312,4222,22.8483,-5.55202,8.5781,48.2967
51081,3636,4437,6368,5740,3550,4537,7782,6253,3393,3830,4572,4412,3207,3483,3577,3510,-11.8267,12.0516,8.74044,48.1913
51082,3378,3624,3900,3798,3469,4209,5551,4599,3897,4803,8012,5587,3571,4112,5014,4642,5.60417,8.94936,8.64779,48.1107
51083,9492,5535,3871,3319,8593,5154,3782,3404,4600,4015,3397,3205,3487,3498,3268,3137,-16.2126,-32.6777,8.81109,47.838
51084,3150,3234,3422,3309,3237,3361,3847,3909,3385,3702,4723,6441,3416,3960,6032,12619,27.2794,28.0985,8.72705,47.8313
51085,11406,5831,3867,3443,7264,4869,3864,3520,4042,3870,3476,3181,3498,3332,3310,3102,-21.3312,-31.7668,8.77311,47.9167
51086,4023,3942,3589,3264,5323,5230,3925,3416,7196,7299,4179,3438,5179,5077,3900,3345,6.16232,-15.4023,8.59493,48.2167
51087,3498,3838,3965,3595,3704,4922,5593,4314,4004,5863,7445,4689,3794,4330,4574,4147,4.29415,3.56542,8.96574,48.1833
51088,3430,3475,3366,3179,3970,3931,3875,3378,5270,6737,4696,3745,6195,8240,5119,3768,18.0081,-9.47362,8.89028,48.2493
51089,3886,4152,3904,3588,4483,6512,5189,3847,4549,6893,5416,3953,3959,4406,4113,3612,0.996357,-3.94969,8.93253,48.308
51090,3111,3247,3471,3335,3145,3505,3899,4037,3375,3815,4848,6839,3363,3908,5847,11937,22.9773,29.8808,8.76143,47.788
51091,4175,3927,3479,3216,6803,4570,3708,3293,9582,5279,3744,3310,5684,4488,3701,3217,4.81564,-27.8129,8.91184,48.1173
51092,3770,4254,3984,3866,4182,6177,5779,4081,4306,6146,5996,4105,3766,4214,4084,3793,-0.0597164,-0.694319,8.6844,48.3353
51093,3245,3425,3431,3215,3583,3715,3842,3486,4118,5155,5390,4244,4566,7655,8514,4956,24.2935,1.35068,8.90399,48.36
51094,3434,3803,6058,12465,3446,3821,4673,6234,3295,3330,3759,3842,3294,3222,3340,3356,-25.9942,30.2175,8.96167,47.5813
51095,5560,9315,6949,4201,4410,5376,4702,3856,3589,3775,3702,3479,3291,3442,3212,3230,-25.6929,-4.43611,8.96052,48.0593
51096,3394,3882,5461,7716,3431,3870,5718,9035,3233,3693,4188,4888,3094,3351,3479,3539,-12.8703,22.7782,8.91051,47.9813
51097,10164,6540,4012,3362,7078,5348,3957,3355,4297,3872,3500,3291,3487,3375,3357,3043,-20.221,-21.6286,8.87572,48.0253
51098,12720,6170,3943,3355,6461,4870,3712,3364,3892,3695,3414,3127,3336,3331,3223,3176,-25.7349,-29.9419,8.91918,47.8593
51099,3258,3411,3543,3696,3136,3387,4098,4883,3391,3867,5374,8953,3362,3828,5575,8537,14.5599,25.0179,8.90041,48.1993
51100,4511,4738,3961,3520,5812,7680,4720,3724,5100,6015,4341,3573,4059,3975,3613,3289,-3.48843,-10.5111,8.8653,48.4207
51101,3306,3878,5821,10794,3362,3773,5136,7744,3181,3591,3960,4232,3053,3271,3367,3366,-19.4682,28.0015,8.99109,47.89
51102,3191,3347,3556,3496,3422,3819,4294,4132,3645,4534,7311,6136,3583,4526,6995,6182,14.9169,12.2551,8.64792,48.1127
51103,4406,4164,3596,3214,7161,5419,3877,3391,7849,5923,3827,3419,4942,4364,3651,3315,1.49433,-19.8196,8.83502,48.3453
51104,3676,3691,3492,3273,4377,4679,3929,3436,6055,7748,4713,3695,5565,6120,4371,3738,11.2873,-10.9871,8.7318,48.372
51105,3690,4131,4296,3905,3964,5501,6304,4357,3988,5689,6419,4331,3729,4030,4331,3709,0.219185,2.1418,8.6852,48.2493
51106,4459,5982,5637,4263,4403,6888,6339,4256,3696,4314,4155,3792,3349,3506,3513,3345,-13.3314,-1.21041,8.56778,47.9313
51107,4109,7106,9425,5317,3958,4684,5069,4356,3530,3759,3743,3647,3131,3378,3378,3357,-32.9415,3.58487,8.98738,47.9647
51108,3303,4238,6520,6921,3427,4284,6758,7181,3359,3656,4354,4405,3147,3392,3659,3578,-14.29,16.144,8.87198,48.1213
51109,3348,3755,4993,6893,3223,3772,5367,9844,3318,3532,4374,5604,3090,3384,3658,3949,-8.9694,29.0658,8.8247,48.0693
51110,12580,6081,3946,3333,6139,4717,3729,3420,3863,3745,3457,3224,3446,3187,3298,3234,-27.53,-32.4053,8.7599,47.5993
51111,3386,3945,5094,7499,3376,3919,5536,9449,3348,3507,4200,5140,3132,3324,3597,3893,-11.6404,25.2618,8.64191,48.23
51112,3145,3218,3283,3284,3319,3532,3821,3695,3782,4400,5210,4779,3849,5866,10023,6329,33.6988,7.84889,8.98026,47.69
51113,3419,4288,7816,10877,3474,3907,4992,5759,3146,3469,3789,3925,3120,3145,3410,3469,-30.5284,19.3842,8.90176,48.0033
51114,3591,4743,8649,8658,3630,4109,5503,5636,3222,3491,3877,3788,3067,3237,3500,3464,-24.6323,14.8301,8.53095,48.11
51115,3199,3351,3409,3386,3287,3576,4051,4173,3511,4118,5864,6241,3493,4441,7728,8501,19.8299,16.4722,8.86307,48.2193
51116,3479,3481,3141,3068,3950,3776,3422,3284,6149,4661,3725,3418,12705,6184,3987,3368,28.8137,-27.3453,8.86168,47.8653
51117,5130,9024,7381,4402,4406,5281,4810,3955,3557,3794,3664,3454,3347,3411,3241,3214,-26.0306,-2.67238,8.92156,48.0473
51118,4844,4154,3609,3293,8165,5061,3683,3283,8185,5009,3784,3357,4720,4163,3558,3216,-0.250592,-27.3871,8.65256,48.056
51119,3310,3897,5830,11098,3374,3769,4966,7418,3194,3545,3949,4109,3096,3187,3447,3397,-20.3466,33.2773,8.8756,47.724
51120,3187,3491,3561,3499,3481,3847,4496,3955,3926,5057,7579,5337,3842,4959,6779,5248,13.7867,7.3683,8.74204,48.1627
51121,8110,7525,4523,3577,6385,6041,4179,3598,4220,3923,3623,3286,3411,3533,3266,3109,-19.2583,-15.867,8.60937,48.206
51122,3168,3290,3396,3348,3401,3610,3934,3821,3702,4535,5685,4839,3891,5593,9624,6521,23.4139,8.59708,8.94048,48.2387
51123,4201,3888,3610,3274,5758,5600,3964,3471,7027,6818,4246,3432,5001,4691,3826,3341,3.56879,-15.7471,8.64834,48.0987
51124,3330,3816,4811,5472,3535,4029,6423,8489,3463,3771,4883,5762,3243,3441,3840,4082,-5.8813,19.3148,8.76029,48.26
51125,4027,4370,4072,3540,4766,7044,5382,3891,4573,6525,5012,3762,3942,4119,3969,3608,-1.05124,-4.89826,8.96129,48.4013
51126,4353,6441,7680,4950,4160,5496,6306,4506,3547,3767,3954,3702,3213,3372,3316,3253,-18.2378,2.59312,8.64583,48.0107
51127,12582,6170,4020,3369,5950,4800,3753,3216,3950,3545,3437,3240,3407,3416,3314,3206,-29.7966,-27.2694,8.85757,47.5833
51128,3819,3811,3616,3214,5097,5281,3885,3460,6865,7561,4523,3572,5049,5086,4165,3435,6.4396,-13.548,8.56167,48.2927
51129,3785,3741,3398,3171,5417,4355,3774,3244,9236,5835,3918,3297,6749,5050,3796,3417,9.7479,-22.0789,8.55575,48.122
51130,3245,3527,4025,4735,3295,3738,4863,8086,3440,3721,5035,8346,3265,3591,4192,4749,0.277827,32.633,8.70265,47.902
51131,3383,3443,3345,3085,3928,3990,3642,3257,5723,5853,4265,3558,7702,8703,4732,3623,21.5626,-12.9052,8.8597,48.1547
51132,3285,3363,3656,3756,3277,3620,4215,4986,3381,3863,6073,9186,3200,3839,5305,6982,11.5091,21.9441,8.67869,47.9913
51133,3394,3947,5760,5729,3524,4372,7572,6916,3391,3856,4644,4697,3223,3530,3724,3765,-10.0439,14.0044,8.69468,48.0293
51134,3445,3494,3272,3092,3931,3804,3418,3255,6031,4698,3690,3307,12749,5956,3869,3349,30.3352,-29.2831,8.9984,47.5733
51135,4686,4195,3522,3214,8097,5041,3698,3397,8203,4923,3819,3366,4966,4220,3577,3255,0.0500941,-27.2624,8.603,48.1193
51136,3327,4041,6257,12526,3329,3782,4832,6178,3223,3468,3720,3944,3023,3280,3435,3399,-27.0461,26.2146,8.8606,47.8427
51137,3463,3854,4372,4280,3483,4180,6520,5779,3542,4346,6840,5874,3415,3732,4384,4423,0.5132,12.8166,8.95034,48.3247
51138,3540,3893,5908,12361,3451,3638,4708,5882,3237,3310,3820,3898,3256,3195,3486,3382,-31.265,31.632,8.51733,47.31
51139,3640,3516,3289,3129,4737,4209,3509,3263,8831,5168,3852,3383,8768,5408,3871,3420,14.7115,-33.337,8.70925,47.9953
51140,3020,3259,3371,3404,3262,3368,4000,4073,3414,4033,5419,6058,3676,4352,7728,9646,22.1224,18.003,8.9555,48.0553
51141,12070,6967,4050,3447,5932,4876,3847,3416,3954,3902,3503,3171,3347,3380,3308,3080,-28.8422,-23.0884,8.83283,48.1667
51142,3854,3732,3379,3162,5425,4332,3650,3268,9350,5877,3882,3416,6660,4866,3838,3285,9.38731,-23.6087,8.6606,47.984
51143,3427,3484,3237,3083,4304,3911,3504,3176,7718,5039,3846,3520,10749,5765,3819,3298,19.5991,-27.9315,8.67936,47.92
51144,3143,3220,3427,3322,3228,3441,3790,3900,3338,3780,4774,5963,3429,3917,6107,12440,30.5821,26.9708,8.71771,47.4793
51145,3390,3455,3208,3062,3948,3856,3469,3192,5929,4908,3975,3410,11114,7452,4078,3308,27.6499,-20.1429,8.88917,47.836
51146,3345,3434,3252,3236,3865,3825,3431,3134,5963,4840,3740,3482,12643,6030,3936,3286,32.3965,-28.3604,8.81894,47.628
51147,3219,3488,3886,4206,3379,3704,4745,6527,3329,3853,5749,9181,3291,3608,4584,5549,4.9762,23.5151,8.85996,48.1987
51148,4299,3931,3506,3185,6995,4545,3712,3256,9660,5017,3764,3368,5666,4445,3584,3281,4.3447,-28.3519,8.71727,48.1427
51149,3302,3638,3771,3555,3727,4436,5122,4098,3991,6186,7775,4783,3817,4668,5271,4431,7.55462,3.72297,8.83224,48.3807
51150,3477,3399,3110,3053,3972,3870,3465,3139,6410,5090,3870,3430,11162,7077,4084,3461,24.1651,-21.7121,8.90579,48.046
51151,3071,3222,3293,3473,3221,3422,3703,3833,3335,3868,4832,5810,3424,4036,6942,11990,31.1936,22.6309,8.75108,47.65
51152,3475,3401,3177,3196,4152,3820,3614,3127,6720,5010,3748,3562,11613,6455,3906,3368,23.2338,-24.784,8.59904,48.2293
51153,4543,7046,7836,4840,4180,5223,5810,4457,3461,4003,4019,3660,3352,3379,3413,3300,-20.208,1.48955,8.61221,48.348
51154,11806,6506,4064,3385,6849,4928,3884,3418,4101,3905,3402,3200,3374,3361,3238,3067,-23.4968,-24.7207,8.82657,48.3253
51155,5346,4879,3767,3341,7839,6817,4230,3456,5500,5080,3817,3430,4067,3827,3607,3318,-6.09965,-16.986,8.76933,48.214
51156,3136,3328,3340,3240,3231,3438,3644,3936,3347,3715,4788,6432,3447,3950,5835,12723,25.627,31.4295,8.98587,47.6867
51157,6338,5743,4165,3505,7714,6756,4312,3420,5032,4584,3657,3485,3758,3693,3369,3137,-10.8038,-17.0606,8.59225,48.4453
51158,3286,3473,3769,3938,3405,3980,5128,5344,3549,4251,7112,7545,3335,3907,5000,5392,6.62657,15.728,8.60729,48.276
51159,2987,3255,3354,3346,3141,3363,3944,4155,3465,3897,5032,6826,3469,3966,6697,11104,22.221,22.9635,8.98603,48.0007
51160,3369,4146,7242,11257,3359,3795,4920,5984,3273,3505,3826,4038,3077,3260,3320,3419,-28.7511,20.9294,8.79219,47.86
51161,3293,3929,6117,12100,3498,3860,4799,6533,3242,3431,3816,3988,3150,3210,3316,3309,-24.4992,33.5297,8.63914,47.7273
51162,3392,3304,3287,3130,4061,3904,3640,3314,5498,6074,4316,3649,7490,8711,4946,3680,21.4047,-12.6299,8.95655,48.264
51163,3388,4005,6435,12456,3303,3780,4691,5938,3260,3364,3846,4012,3043,3222,3437,3403,-28.8652,24.933,8.8572,47.722
51164,3333,3485,4243,4749,3371,3767,4987,8409,3339,3699,4910,7878,3309,3532,4036,4522,-0.477703,33.0877,8.93123,47.7127
51165,9121,8906,4688,3628,5504,5219,4175,3463,3874,3848,3419,3197,3377,3386,3325,3142,-27.753,-15.274,8.84057,48.1813
51166,3132,3366,3762,3857,3181,3730,4342,5829,3285,3745,5290,10047,3314,3755,4754,6806,8.78168,28.4823,8.89257,48.13
51167,3894,4999,6751,4961,3911,5371,7617,4987,3621,3969,4438,4034,3270,3426,3467,3455,-13.0768,6.46587,8.53902,48.114
51168,3575,3446,3266,3148,4460,3969,3431,3314,8241,5059,3772,3279,10082,5579,3846,3398,17.9449,-30.4856,8.94786,47.91
51169,4293,6066,6637,4774,4190,5980,6610,4514,3615,4148,4168,3805,3324,3433,3480,3415,-14.9555,1.88819,8.51338,48.3013
51170,3267,3198,3306,3369,3453,3553,4008,3845,3517,4236,5678,5565,3541,4837,8849,8054,22.6355,13.5057,8.95481,48.184
51171,4455,3993,3471,3259,7050,4567,3678,3215,9438,5147,3792,3395,5465,4462,3605,3171,3.75833,-31.3223,8.94349,48.1087
51172,3287,3438,3857,4102,3270,3805,4916,6097,3464,4104,6152,8389,3301,3752,4708,5629,5.52042,19.9251,8.70014,48.1807
51173,3192,3455,3307,3197,3979,3908,3418,3131,6443,4804,3705,3486,12480,6015,3864,3448,24.5803,-32.571,8.951,47.888
51174,3302,3584,4097,4503,3404,3826,4718,7694,3385,3762,4967,8530,3240,3617,4328,4982,1.45529,33.3262,8.73245,47.9593
51175,3393,3416,3115,3082,3999,3886,3495,3293,6161,5071,3980,3513,10131,7605,4345,3318,24.0274,-19.1817,8.83589,47.8687
51176,3900,3704,3436,3357,4951,4978,3864,3393,7371,7452,4284,3449,5435,5185,3998,3567,7.61655,-14.9975,8.93341,48.216
51177,3876,3733,3321,3197,5695,4407,3699,3297,9316,5648,3959,3370,6855,4989,3762,3291,9.10468,-24.4826,8.57323,48.2767
51178,3521,3591,3430,3128,4278,4212,3656,3351,6883,6932,4326,3607,6735,6778,4273,3499,14.8208,-14.5294,8.84687,48.1333
51179,3334,3895,5902,12599,3350,3734,4794,5890,3375,3485,3757,3998,3148,3272,3380,3447,-32.4195,31.5999,8.76514,47.5733
51180,4300,6177,7925,5054,4031,5203,6402,4650,3495,3854,3967,3773,3221,3338,3443,3468,-18.053,3.46146,8.95962,48.2007
51181,3355,3743,4767,5880,3322,3809,5764,9228,3330,3740,4842,5984,3122,3483,3819,4052,-6.2613,22.6809,8.65076,48.16
51182,5568,5191,3991,3478,7453,7291,4291,3432,5179,4903,3842,3354,3759,3850,3500,3262,-7.63424,-15.6852,8.99272,48.2293
51183,4483,7887,8677,5022,4036,4755,4972,4187,3568,3669,3791,3599,3166,3313,3302,3287,-31.9749,1.68089,8.66161,47.8093
51184,3160,3298,3791,3961,3221,3769,4648,5558,3486,4030,6056,8881,3374,3744,4900,6173,7.8626,20.5156,8.82141,48.0333
51185,3399,3325,3265,3039,3986,3782,3418,3100,6479,4861,3769,3271,12434,6053,3969,3351,25.6937,-28.9275,8.64907,47.6673
51186,3138,3328,3240,3424,3280,3665,3810,3901,3542,4134,5142,5093,3627,4787,9387,8417,32.4751,13.5789,8.93712,47.9433
51187,3348,3581,4251,4696,3340,3694,5006,8167,3359,3749,5040,8103,3343,3459,4180,4883,0.312259,33.3465,8.5835,48.1327
51188,6600,7303,4718,3637,6033,6999,4400,3629,4127,4221,3715,3419,3534,3614,3199,3256,-15.921,-12.4918,8.64925,48.2693
51189,3180,3382,3490,3516,3252,3699,4431,4616,3470,4330,6653,7194,3529,4202,6251,6905,13.525,16.6106,8.51351,48.0667
51190,3264,3775,4921,7065,3297,3777,5354,10048,3274,3602,4238,5452,3082,3266,3620,3881,-10.0762,28.1687,8.83751,47.944
51191,8779,5344,3789,3420,8921,5073,3785,3396,4694,4091,3600,3199,3611,3526,3205,3200,-14.3896,-31.401,8.95129,47.7553
51192,6238,4790,3767,3286,9813,5495,3999,3342,6106,4499,3712,3218,4041,3738,3372,3172,-7.6523,-25.7954,8.53903,48.392
51193,3758,5062,9100,7158,3728,4146,5972,5282,3267,3672,4046,3910,3152,3261,3420,3364,-22.2291,11.3625,8.66459,48.1987
51194,3372,3331,3352,3140,3926,3870,3440,3219,6023,4781,3740,3376,12071,6395,4013,3437,32.2171,-25.0882,8.75724,47.6573
51195,3416,3838,5650,9429,3264,3841,5380,8668,3115,3484,3959,4517,3073,3242,3557,3538,-16.1574,25.3578,8.98495,47.9807
51196,3315,3332,3373,3232,3374,3721,3860,3637,3899,4679,5301,4452,4260,6678,9444,5634,28.629,4.58562,8.86897,48.1273
51197,3541,3486,3208,3071,4429,4073,3488,3300,7222,5869,4046,3382,8633,6650,4300,3448,17.0629,-18.8427,8.77396,48.0973
51198,4252,5188,4743,3861,4711,7588,6245,4156,3994,4971,4450,3666,3528,3711,3702,3309,-8.08881,-2.54117,8.91645,48.05
51199,3260,3263,3252,3168,3567,3891,3785,3459,4309,5287,4999,4008,5074,8955,7388,4456,25.5236,-2.66868,8.58768,48.0807
51200,3368,3616,3782,3517,3871,4650,5004,3953,4096,6297,7652,4665,4044,4583,5250,4138,7.58121,2.93016,8.90806,48.324
51201,3357,3419,3211,3128,3863,3863,3501,3263,5952,4813,3774,3359,12228,6687,4047,3437,31.2514,-23.3656,8.8532,47.9347
51202,3366,3367,3263,3221,3707,3816,3622,3389,4790,5207,4426,3647,6564,9949,5713,3852,33.5291,-8.44307,8.66956,47.9327
51203,3279,3400,3574,3479,3466,4005,4281,3885,3808,5212,7420,5036,3953,5122,7091,5074,14.9929,6.40768,8.73799,48.0567
51204,4932,4503,3694,3355,7712,6222,3939,3489,6394,5463,3856,3331,4355,4093,3623,3324,-2.67112,-18.5635,8.81192,48.19
51205,3372,3356,3174,3218,3934,3865,3400,3278,6756,5075,3779,3454,11648,6002,3982,3441,22.4163,-33.1956,8.93876,47.8227
51206,3214,3810,5396,6947,3427,3923,5866,9294,3315,3590,4265,5110,3049,3344,3505,3797,-10.8925,22.0457,8.82887,47.9013
51207,3997,4327,3937,3610,4744,6733,4912,3704,4818,7042,4950,3723,4153,4295,3965,3558,0.25866,-6.73248,8.64874,48.312
51208,3175,3257,3486,3346,3291,3362,3696,4080,3300,3828,4902,6211,3384,4044,6306,12353,25.6526,25.6789,8.84823,48.014
51209,3456,3983,6212,12508,3274,3735,4732,6053,3266,3378,3760,3953,3184,3260,3320,3486,-32.3845,27.0224,8.74693,47.7067
51210,3103,3383,3385,3310,3477,3799,4046,3911,3963,5138,6201,4617,4236,6330,8304,5241,19.517,4.14516,8.99236,48.296
51211,3150,3222,3353,3283,3174,3425,3754,4121,3332,3827,4834,6709,3299,3910,5965,12162,24.064,30.7568,8.82244,47.68
51212,3505,4272,7871,10530,3507,3893,4997,5548,3377,3524,3709,3879,3170,3245,3428,3422,-32.2044,18.7941,8.98294,47.918
51213,3411,3447,3464,3356,3850,4266,4066,3656,4514,6816,6145,4275,4663,6333,5852,4303,14.3716,-1.93243,8.73453,48.278
51214,3457,3328,3241,3158,3808,3930,3625,3419,5259,5784,4333,3536,7706,9186,4957,3751,23.9942,-12.1263,8.57637,48.3187
51215,3234,3436,3331,3165,3646,3969,3813,3509,4604,5711,4956,3791,5348,8688,6512,4325,22.0445,-4.31761,8.73747,48.0253
51216,4586,3965,3502,3205,7329,4905,3775,3328,8862,5234,3717,3253,5282,4364,3627,3289,2.5067,-25.754,8.72202,48.1487
51217,3271,3321,3674,3577,3482,3867,4766,4372,3611,4720,7958,6131,3675,4333,6192,5379,10.9634,10.8211,8.62153,48.2193
51218,10266,8086,4317,3435,5842,5168,3944,3422,3928,3908,3504,3238,3323,3332,3363,3034,-26.5842,-18.338,8.88329,48.0733
51219,3162,3253,3694,3627,3518,3898,4666,4351,3646,4622,7543,6095,3593,4420,6394,5795,12.1475,11.8087,8.63657,48.1847
51220,3404,3352,3242,3139,3915,3795,3563,3316,5953,5097,3855,3418,11153,7293,4048,3355,33.5188,-20.6576,8.80908,47.932
51221,3158,3186,3343,3456,3273,3538,3753,3879,3324,3871,4839,5999,3367,4027,6393,12509,30.2628,25.4345,8.90453,47.9433
51222,3395,4158,7198,11386,3428,3808,5082,6097,3239,3438,3743,3960,3091,3237,3320,3403,-26.7562,21.7453,8.50796,47.9887
51223,3396,4218,7630,11055,3436,3901,5029,5869,3290,3534,3848,3761,3093,3379,3303,3264,-32.4637,19.8098,8.98638,48.004
51224,3223,3364,3646,3599,3482,4035,4757,4291,3728,4883,8105,5872,3601,4453,5909,5173,10.4463,9.76746,8.67271,48.0807
51225,3346,3896,4994,7485,3324,3795,5377,9708,3143,3460,4310,5109,3172,3424,3571,3672,-11.5026,33.2943,8.97957,47.8573
51226,3343,3444,3541,3305,3625,3986,4274,3789,4095,5552,7036,4741,4109,5661,7322,4836,15.4593,4.09733,8.90348,48.4393
51227,7753,9729,5044,3751,5136,5253,4282,3635,3851,3845,3484,3252,3481,3353,3271,3188,-31.1042,-11.8098,8.95259,48.2053
51228,3276,3531,4022,4601,3239,3700,4841,7704,3394,3819,4967,8605,3342,3523,4260,5107,1.50163,27.6515,8.9606,47.954
51229,12503,6027,3882,3349,6242,4764,3863,3363,3859,3861,3492,3260,3291,3322,3173,3188,-26.5589,-31.5617,8.84568,47.626
51230,12651,5966,3906,3387,6172,4857,3839,3373,3892,3742,3479,3198,3400,3415,3244,3061,-27.4703,-30.2668,8.62434,47.7213
51231,3230,3951,6047,12482,3383,3860,4734,6445,3204,3446,3841,3944,3145,3259,3421,3412,-24.904,28.5654,8.8991,47.8693
51232,12753,5822,4005,3389,6209,4678,3784,3480,3952,3651,3353,3163,3285,3291,3312,3211,-27.0953,-31.0761,8.94341,47.5587
51233,3330,3895,5779,10210,3433,3837,5256,7947,3245,3479,4051,4427,3104,3226,3445,3446,-18.0346,26.5043,8.60666,48.0733
51234,4015,3807,3402,3196,6060,4548,3674,3308,9673,5494,3874,3403,5926,4713,3649,3288,6.52915,-25.3759,8.60931,48.02
51235,3173,3164,3387,3420,3223,3513,3793,3954,3343,3784,4712,6198,3311,3973,5926,12398,26.5948,31.3936,8.64538,47.5147
51236,3482,4039,7401,11472,3414,3826,4903,5943,3247,3482,3767,3808,3082,3173,3415,3395,-28.0523,20.7337,8.97546,47.8993
51237,3168,3312,3389,3452,3212,3365,3812,3986,3346,3769,4626,6076,3285,3802,6072,12581,32.8641,29.4801,8.69201,47.502
51238,3875,4505,4810,4148,4060,6103,7366,4619,3863,4945,5388,3983,3423,3736,3857,3664,-5.091,2.73806,8.86617,48.23
51239,3737,3598,3419,3066,5070,4358,3671,3257,8922,5962,3934,3423,7203,5310,3924,3351,11.3322,-21.5024,8.60789,48.1367
51240,11973,5889,3891,3548,6663,4829,3854,3312,3973,3875,3573,3224,3385,3342,3216,3113,-23.9248,-29.5606,8.5736,47.7733
51241,3074,3289,3246,3420,3187,3533,3799,4042,3338,3727,4832,6793,3403,3899,5876,12198,23.8007,28.8963,8.81814,47.7707
51242,3092,3249,3801,3701,3266,3559,4155,5132,3395,3811,5264,9693,3403,3789,5024,7808,11.85,30.9067,8.86547,48.0947
51243,3468,3614,3943,3706,3613,4394,5723,4512,3851,5442,7966,5165,3689,4207,5073,4298,4.9409,6.86906,8.91467,48.4427
51244,4458,4049,3474,3302,7102,4628,3738,3366,9255,5114,3769,3390,5310,4261,3638,3190,3.11038,-30.2974,8.53555,48.0293
51245,3089,3180,3387,3434,3185,3452,3855,4034,3342,3717,4809,6077,3417,3881,6328,12319,33.8709,25.6786,8.8505,47.6707
51246,5090,4694,3723,3375,7369,6853,4015,3432,5688,5508,3995,3381,4120,4051,3512,3226,-4.3364,-16.3564,8.63705,48.0213
51247,3406,3915,5457,9444,3390,3844,5202,8612,3322,3511,3936,4517,3079,3312,3480,3622,-16.0785,27.3458,8.8825,48.0327
51248,3259,3400,3813,3686,3412,3805,4801,4870,3453,4353,7313,7294,3482,4128,5580,5695,9.18048,15.2253,8.65519,48.2293
51249,3161,3183,3330,3416,3275,3593,4032,4157,3367,3893,5042,6500,3408,4122,6595,11282,23.1599,23.2144,8.63061,48.2373
51250,11628,6256,3927,3328,6981,5017,3825,3380,4107,3936,3445,3186,3346,3361,3251,3176,-22.6778,-25.2619,8.93645,48.1
51251,3517,3458,3230,3086,3925,3881,3417,3210,5891,5096,3879,3266,11243,7188,4010,3434,33.7197,-20.9716,8.50035,47.8207
51252,3387,3243,3306,3082,3834,3986,3551,3346,5194,5486,4226,3710,7620,9418,5092,3770,25.2291,-11.9157,8.52144,48.1673
51253,3395,3585,3441,3241,3918,4434,4011,3570,5040,7302,5349,3830,5135,7135,5304,3913,14.4637,-6.37652,8.73494,48.402
51254,3523,3725,3600,3516,4032,5009,4437,3658,4723,7638,6202,4048,4275,5456,4837,3904,8.64676,-2.95632,8.79451,48.3887
51255,3403,3806,4116,4070,3577,4547,6657,5121,3627,4733,7433,5369,3539,3909,4533,4191,1.3829,9.19437,8.8361,48.4207
51256,6548,4742,3671,3293,9883,5413,3727,3450,5852,4445,3547,3221,3921,3749,3420,3198,-8.10183,-26.1732,8.67306,48.0533
51257,3627,4687,7894,7192,3596,4334,6369,6113,3357,3688,4024,4128,3042,3230,3572,3406,-18.8686,13.4726,8.52305,48.1727
51258,3679,3718,3512,3257,4607,5011,3980,3542,5962,8314,4611,3630,4984,5491,4321,3637,8.12469,-10.5447,8.86847,48.1707
51259,10101,5974,3904,3349,7890,5191,3862,3426,4355,3924,3461,3090,3527,3412,3208,3116,-18.3687,-25.0801,8.7734,47.86
51260,3497,3415,3279,3067,4119,3841,3589,3245,6656,5452,3982,3446,10142,7008,4222,3490,20.9296,-20.0149,8.97412,48.3
51261,3120,3304,3453,3429,3305,3585,3795,3855,3590,4164,5458,5586,3629,4651,8832,8330,24.6239,14.5337,8.56773,48.0573
51262,11164,5819,3844,3348,7614,4990,3716,3414,4256,3996,3514,3225,3464,3411,3231,3087,-20.0941,-29.8826,8.76712,48.062
51263,3458,3690,3731,3401,3990,4550,4222,3774,4610,7411,6504,4056,4336,5610,5226,4006,10.3659,-1.92091,8.95521,48.3833
51264,12746,6153,3971,3342,5936,4601,3751,3365,3832,3716,3448,3278,3288,3354,3229,3235,-28.4148,-33.8359,8.89314,47.4967
51265,3347,3658,5212,8286,3268,3771,5376,9463,3223,3467,4239,4995,3124,3318,3591,3622,-13.1185,27.0807,8.92725,47.9733
51266,3737,3626,3435,3175,4623,4652,3787,3499,7010,7372,4344,3507,5930,5840,4169,3466,10.9418,-14.5055,8.60843,48.1147
51267,3889,3980,3560,3333,4814,5666,4055,3448,5656,8040,4834,3682,4705,4866,4088,3578,5.32798,-9.53987,8.91409,48.1293
51268,10219,5726,3786,3348,8124,5045,3852,3355,4519,3959,3562,3248,3455,3466,3289,3107,-17.8725,-28.2951,8.88104,48.04
51269,3163,3459,3838,4141,3345,3622,4632,6349,3343,3850,5436,9758,3284,3714,4493,6091,6.62307,25.2992,8.80182,48.3453
51270,3827,4759,5633,4480,3987,5709,7907,4912,3670,4165,4880,4019,3325,3598,3763,3683,-9.31622,4.75485,8.93968,48.2113
51271,3911,5518,9856,6769,3662,4274,5222,4959,3493,3604,3706,3812,3199,3358,3460,3309,-33.0415,9.19184,8.76303,48.0747
51272,3449,3778,4085,3940,3661,4872,6493,4754,3837,4914,7113,5040,3551,3917,4404,4241,1.53132,7.00493,8.55242,48.0327
51273,3963,5771,9006,6144,3772,4583,5957,4961,3444,3717,3914,3787,3049,3281,3468,3214,-21.8488,8.07023,8.5863,48.0207
51274,3151,3271,3357,3407,3302,3478,3682,4027,3376,3885,4632,6006,3334,3913,6228,12290,31.9018,27.5564,8.50597,47.5593
51275,5223,4351,3637,3264,8784,5162,3849,3376,7366,4835,3730,3262,4437,4026,3467,3221,-2.90633,-27.4451,8.58259,47.9933
51276,3894,3677,3360,3141,5534,4451,3649,3318,9127,6085,3867,3386,6393,5008,3798,3233,9.00775,-22.1003,8.69216,47.9473
51277,3401,3857,6361,12700,3421,3678,4764,6074,3287,3516,3760,3860,3205,3151,3450,3379,-30.8488,27.2381,8.88887,47.9093
51278,6062,9898,6220,4155,4849,5331,4579,3769,3694,3914,3705,3322,3314,3316,3365,3186,-25.9179,-6.79861,8.72805,48.4527
51279,4077,3910,3446,3296,5658,5143,3752,3401,7764,6769,4128,3505,5298,4899,3800,3415,6.28964,-17.0755,8.77184,48.174
51280,3204,3299,3624,3663,3217,3601,4179,4958,3392,3858,5246,9269,3368,3790,5173,8176,13.0939,31.4592,8.50012,48.0113
51281,12700,6130,3893,3366,6110,4741,3758,3343,4011,3735,3459,3293,3393,3308,3206,3068,-32.0106,-27.0497,8.85209,47.676
51282,7753,5901,3984,3375,8268,5994,3907,3454,4617,4287,3641,3230,3540,3585,3312,3157,-14.0179,-20.0931,8.6637,48.0033
51283,3100,3272,3288,3366,3243,3514,3605,3946,3319,3763,4679,6532,3367,3997,6269,12246,25.99,27.2665,8.6489,47.6707
51284,3064,3197,3387,3321,3219,3495,3799,3895,3533,4023,5280,5583,3634,4488,8522,9590,28.14,16.5343,8.62492,48.02
51285,3374,4085,6552,12116,3414,3780,4830,6191,3194,3408,3700,3843,3085,3270,3303,3391,-26.7053,24.4203,8.82976,47.6907
51286,3302,3968,6497,11496,3322,3732,5087,6706,3265,3528,3886,4205,2999,3154,3348,3420,-22.6832,24.1625,8.88336,47.9433
51287,3330,3466,3131,3142,3961,3966,3637,3271,5500,5776,4218,3437,7799,8727,4868,3762,22.221,-13.2193,8.70755,47.994
51288,8659,9207,4632,3675,5279,5088,4121,3468,3952,3810,3596,3250,3306,3389,3317,3198,-32.2425,-14.247,8.57037,47.9647
51289,3302,3484,3523,3418,3615,4243,4490,3828,4196,6342,6963,4410,4187,5577,5974,4475,12.5625,1.52096,8.92891,48.018
51290,4445,4288,3790,3324,6395,6354,4099,3429,6274,6279,4102,3397,4547,4352,3771,3458,0.0330857,-15.1681,8.76268,48.2027
51291,4350,4040,3533,3176,6838,5053,3824,3215,8752,5739,3903,3368,5263,4486,3602,3313,3.42686,-21.8264,8.98278,48.3033
51292,3034,3247,3549,3735,3155,3555,4222,5155,3315,3802,5288,9541,3472,3723,5114,7843,12.1687,29.1388,8.57538,47.8333
51293,4145,4465,3949,3516,5007,7388,5026,3670,4776,6472,4568,3683,4066,4192,3796,3433,-1.70398,-7.36538,8.69708,48.1013
51294,4058,5333,6880,5049,3970,5565,7249,4917,3481,4020,4360,3678,3312,3456,3508,3375,-14.6395,4.78021,8.62666,48.1407
51295,3142,3276,3436,3484,3165,3549,3782,3970,3588,3951,5239,5855,3521,4363,8064,9821,24.8902,17.4121,8.83341,48.1373
51296,3525,3594,3569,3258,3983,4586,3988,3548,5456,7899,5232,3811,4974,6566,4778,3764,12.0738,-7.78278,8.62567,48.354
51297,3206,3434,3268,3302,3505,3711,3899,3719,4090,5190,5762,4430,4534,6857,8228,5099,21.1405,2.46527,8.55086,48.156
51298,3590,3450,3188,3098,4668,3970,3451,3235,8275,5242,3826,3484,9188,5903,3944,3407,16.5048,-23.8043,8.81316,47.946
51299,3319,3346,3295,3147,3750,3741,3667,3415,4764,5331,4560,3802,6018,9853,6264,3970,26.894,-6.61667,8.73623,48.1613
51300,4301,7088,9282,5415,3934,4636,4963,4278,3511,3764,3785,3632,3232,3280,3355,3300,-30.5307,3.76391,8.52072,47.8373
51301,12224,6116,4011,3475,6398,4726,3698,3300,3929,3832,3351,3173,3371,3391,3135,3086,-25.4933,-29.0054,8.54453,47.4773
51302,3604,3927,4263,3898,3840,5347,6768,4614,3813,5156,6676,4492,3532,3984,4234,3816,-0.262753,4.49001,8.92857,47.976
51303,9406,8449,4528,3697,5800,5284,3934,3540,4042,3871,3491,3184,3471,3413,3240,3024,-26.8478,-16.7362,8.57437,48.2493
51304,3559,3715,3406,3155,4236,4625,3959,3422,5726,8016,4809,3739,5003,6462,4616,3684,11.8141,-9.01274,8.8807,48.088
51305,3447,3836,4650,4515,3599,4590,7366,6068,3527,4280,5947,5317,3328,3623,4053,4011,-3.04502,11.7821,8.58531,48.1047
51306,3832,4282,4027,3740,4480,6762,5384,3920,4422,6417,5260,3921,3909,4222,4013,3608,-0.806002,-3.35749,8.85766,48.1327
51307,4086,4844,4573,3883,4695,7801,5985,4003,4140,5484,4635,3788,3642,3860,3693,3442,-5.615,-3.76717,8.98019,48.3693
51308,4729,7800,7713,4728,4155,5292,5410,4312,3632,3790,3871,3639,3311,3371,3428,3229,-22.2887,-0.0302129,8.5263,48.2733
51309,7653,9781,5178,3644,5181,5461,4233,3598,3802,3797,3576,3399,3346,3376,3296,3123,-27.1558,-11.7444,8.82631,48.296
51310,3359,4121,6749,11281,3433,3835,4998,6593,3229,3539,3789,4047,3127,3273,3278,3316,-23.55,22.3832,8.91774,47.978
51311,6091,5698,3985,3454,7729,6937,4207,3539,4892,4571,3780,3271,3679,3675,3378,3160,-10.3926,-16.4845,8.6885,48.0307
51312,4347,3942,3490,3089,7088,4737,3654,3248,8973,5201,3863,3445,5296,4431,3587,3233,3.29605,-25.9592,8.78267,47.7493
51313,3351,4069,7475,11333,3320,3820,4953,5954,3238,3512,3779,3908,3182,3248,3299,3396,-30.0411,20.5578,8.89051,47.8913
51314,4136,3904,3537,3123,5711,5059,3906,3418,8220,6558,3965,3460,5274,4760,3929,3353,5.54257,-18.0742,8.87559,48.2087
51315,3232,3461,3285,3276,3478,3686,3757,3645,3983,4916,5239,4318,4373,7462,9049,5171,27.087,2.34902,8.69916,48.2207
51316,10578,7824,4339,3539,5714,5026,3950,3477,3901,3803,3455,3267,3371,3358,3148,3221,-27.5526,-18.8883,8.50867,47.9807
51317,3603,3674,3568,3295,4379,4935,4028,3447,5892,8016,4938,3716,4972,5637,4354,3538,9.44724,-9.91588,8.58456,47.9947
51318,3135,3368,3524,3797,3280,3659,4144,5255,3298,3871,5680,9229,3336,3824,5168,7664,11.9677,24.0651,8.7683,48.1547
51319,3178,3292,3428,3152,3231,3651,3832,3768,3838,4401,5341,4718,3934,6086,9696,6286,26.9606,7.69708,8.58919,47.888
51320,3294,3869,5213,7270,3347,3878,5852,9500,3363,3732,4400,5129,3049,3306,3625,3703,-10.8349,23.0207,8.99673,48.3533
51321,4623,5061,4135,3474,5872,7726,4674,3666,4765,5679,4198,3564,3871,3980,3584,3341,-5.1711,-10.6195,8.53154,48.142
51322,3490,3893,5976,12254,3381,3770,4895,6491,3189,3395,3873,3886,3134,3320,3429,3304,-24.7029,32.2814,8.62255,47.7867
51323,3407,3483,3346,3182,3637,3787,3533,3307,5086,5189,4193,3614,7726,9886,5174,3701,30.3209,-11.7634,8.91149,48.1673
51324,3355,3895,4743,4660,3512,4397,7493,6276,3539,4215,5878,5303,3364,3648,4171,3870,-3.55743,12.5251,8.75508,48.2127
51325,3357,3765,5044,7166,3356,3720,5496,9688,3204,3580,4330,5351,3108,3381,3686,3781,-10.7113,26.1525,8.52428,48.0087
51326,3392,3499,3460,3267,4049,4349,4138,3567,4705,6949,5731,4014,4832,6586,5462,4139,13.4175,-3.3613,8.51915,48.0927
51327,12641,6263,4022,3372,6035,4738,3676,3377,3832,3758,3408,3157,3349,3463,3230,3091,-30.3069,-27.2068,8.91246,47.608
51328,3428,3984,5928,11614,3400,3845,4812,6821,3276,3454,3899,3960,3169,3302,3415,3453,-23.0622,31.8019,8.50199,47.84
51329,3269,3716,4650,6264,3318,3817,5278,9953,3328,3648,4484,5930,3268,3391,3756,3879,-7.49616,32.9262,8.66362,47.966
51330,3589,4409,6002,5244,3816,4850,8022,5953,3458,3900,4742,4307,3296,3389,3716,3583,-10.2283,10.2913,8.76128,48.184
51331,3151,3242,3353,3269,3376,3602,3849,3733,3702,4405,5615,4921,3816,5477,9627,6786,24.3469,9.35051,8.62286,47.9493
51332,10527,5597,3870,3384,7947,5056,3847,3389,4135,3905,3434,3276,3391,3491,3179,3133,-18.6883,-31.0348,8.9289,47.7073
51333,3547,3918,5525,7413,3372,4050,6031,8574,3247,3591,4209,4871,3136,3361,3563,3659,-12.7469,21.1089,8.71135,48.0447
51334,11682,6944,4162,3307,5937,4882,3792,3413,3875,3834,3569,3178,3400,3310,3178,3222,-28.8811,-22.1599,8.82061,47.79
51335,3416,3789,5438,8524,3398,3835,5167,9215,3287,3615,4062,4789,3138,3313,3519,3516,-14.2404,32.8116,8.78733,48.014
51336,3293,3465,3594,3578,3517,3986,4714,4052,3774,5199,8207,5342,3709,4620,6222,4879,11.2198,7.45971,8.83834,48.1007
51337,3603,4366,6064,5928,3570,4441,7646,6527,3370,3758,4810,4572,3285,3386,3718,3619,-11.4926,12.8329,8.78226,48.442
51338,4385,3902,3469,3256,7333,4655,3737,3289,9094,5110,3764,3401,5307,4409,3544,3226,2.67781,-29.3279,8.60513,47.9207
51339,3215,3457,3637,3780,3344,3800,4828,4819,3514,4252,7609,7236,3490,4101,5568,5497,9.22972,14.6734,8.91057,48.098
51340,3233,3374,3549,3505,3458,3893,4697,4286,3661,4727,7846,5900,3743,4670,6411,5532,12.3725,10.2006,8.60896,48.3233
51341,3861,5052,9092,7043,3562,4350,6051,5402,3424,3686,3970,3934,3063,3277,3396,3378,-21.7925,11.3898,8.93609,48.3607
51342,6911,5668,4014,3281,8298,6354,3908,3460,4998,4549,3575,3271,3625,3513,3369,3039,-12.2177,-19.3004,8.8469,47.8887
51343,3993,5975,9750,6145,3673,4570,5276,4569,3434,3632,3710,3677,3143,3360,3377,3251,-32.1738,6.80895,8.67507,47.69
51344,4015,6395,9615,5960,3994,4552,5437,4689,3387,3622,3778,3680,3143,3276,3294,3285,-27.1615,5.94454,8.69621,48.0813
51345,12168,6361,3980,3346,6102,4710,3811,3371,3930,3748,3475,3243,3352,3307,3353,3088,-28.3584,-26.145,8.51535,47.5633
51346,3830,4244,3843,3414,4538,6320,5028,3877,4648,7046,5509,3879,3972,4309,4156,3641,1.64963,-4.36374,8.55059,48.1693
51347,9333,6304,4046,3450,7496,5579,3929,3497,4329,4094,3562,3228,3503,3430,3290,3095,-18,-21.1119,8.90246,48.11
51348,3459,3403,3292,3113,3887,3819,3491,3360,5518,5237,4084,3462,9174,8731,4599,3546,30.8649,-15.6878,8.51621,48.1167
51349,4133,6723,9653,5763,3948,4646,5247,4431,3374,3653,3808,3733,3197,3220,3340,3351,-29.8201,5.36764,8.56167,48.1467
51350,4556,4230,3605,3280,6644,5971,3969,3453,6867,5995,4060,3562,4450,4399,3617,3336,0.364073,-17.0183,8.50556,47.996
51351,3816,3656,3278,3087,5092,4289,3524,3304,9465,5744,3850,3363,7607,5245,3823,3389,11.8974,-23.4683,8.88393,48.3547
51352,3108,3176,3374,3336,3271,3374,3808,3913,3315,3713,4726,6510,3357,3993,5910,12270,24.5934,30.1383,8.81103,47.436
51353,3070,3318,3492,3565,3190,3588,4049,4505,3392,3889,5229,8827,3351,3781,5450,9132,15.6889,33.7983,8.99173,47.8853
51354,3167,3465,3597,3643,3449,3874,4625,4857,3488,4377,7338,7034,3530,4205,5870,6031,10.8324,15.1866,8.61959,48.3667
51355,3162,3446,3558,3528,3512,3971,4408,4149,3598,4935,7649,5551,3709,4734,6701,5481,13.2515,8.9161,8.6855,48.0613
51356,3591,4929,7734,6864,3587,4541,6782,5962,3335,3646,4164,3905,3174,3290,3538,3433,-17.2423,12.5588,8.93836,48.3167
51357,3410,3362,3277,3121,3869,3855,3538,3314,4954,5936,4610,3678,6498,9223,5680,3880,22.0794,-8.59058,8.89921,48.1367
51358,11981,6027,3893,3340,6759,4845,3864,3312,3992,3876,3388,3266,3312,3391,3164,3091,-23.6168,-29.4015,8.55856,47.6673
51359,3162,3254,3412,3398,3239,3482,3828,4051,3332,3891,4933,7005,3314,3939,5766,11605,21.9784,32.1473,8.82423,47.7407
51360,3507,4245,7445,11012,3333,3797,4926,5897,3226,3477,3899,3855,3136,3252,3431,3512,-27.3089,20.5619,8.74251,47.9667
51361,11476,7127,4093,3460,5889,4935,3934,3319,3980,3795,3374,3336,3339,3302,3287,3099,-28.1334,-21.5442,8.72303,47.83
51362,3395,3919,6085,12553,3312,3691,4586,5806,3274,3431,3692,3860,3217,3262,3375,3331,-30.104,32.9547,8.90356,47.1927
51363,3346,3714,4457,5331,3363,3727,5243,9163,3458,3588,4815,6922,3287,3440,4000,4264,-3.87924,33.5908,8.603,48.0787
51364,3313,3713,4252,4866,3210,3770,5051,8655,3337,3589,4949,7706,3266,3606,4099,4597,-1.08179,32.5162,8.79247,47.986
51365,8302,9058,4842,3744,5505,5561,4282,3364,3922,3843,3434,3224,3341,3490,3288,2948,-24.2377,-13.7427,8.90214,48.0987
51366,3527,4161,7534,11016,3451,3935,4976,5633,3303,3402,3798,3969,3166,3216,3465,3324,-30.212,20.1345,8.77256,47.9173
51367,3930,5138,8887,6483,3729,4497,6122,5326,3346,3809,4032,3927,3210,3240,3325,3392,-20.6846,9.80132,8.55147,48.262
51368,12521,5952,3862,3343,5833,4667,3735,3431,3876,3796,3525,3321,3391,3423,3297,3204,-31.7648,-32.3327,8.77275,47.4513
51369,3720,3862,3658,3311,4475,5521,4348,3642,5189,8090,5272,3807,4306,5119,4277,3631,5.74318,-6.9613,8.71302,48.152
51370,3296,3520,3914,3995,3351,4070,5143,5495,3406,4377,7203,7241,3466,3899,4943,5294,5.78942,15.5945,8.65153,48.4087
51371,3537,3540,3316,3072,4757,4098,3485,3306,8784,5405,3856,3427,9008,5497,3936,3355,15.5179,-25.2226,8.66953,48.2527
51372,3114,3334,3376,3345,3264,3486,3768,3837,3439,4098,5069,5539,3559,4430,8597,9485,30.6604,16.0639,8.91545,47.8267
51373,3110,3193,3439,3325,3359,3651,3761,3757,3650,4421,5222,4791,3986,5737,10062,6518,29.1728,8.32704,8.79693,47.988
51374,3303,3406,3350,3094,3809,3749,3474,3240,5163,5297,4216,3530,8203,9599,4823,3653,31.2717,-13.0554,8.66186,47.9393
51375,3935,6248,10002,6205,3750,4481,5330,4633,3360,3622,3765,3650,3166,3275,3354,3223,-29.3928,7.11161,8.97213,47.9993
51376,4171,3905,3533,3258,6842,4699,3741,3272,9636,5213,3806,3369,5402,4422,3615,3369,4.21097,-30.4237,8.89583,48.1687
51377,3369,3936,4967,6754,3294,3814,5630,9389,3311,3559,4347,5575,3207,3376,3703,3829,-9.22472,23.1729,8.85422,48.04
51378,3344,3268,3182,3137,3899,3818,3379,3229,6211,4715,3760,3328,12841,6024,3885,3461,27.4704,-31.1964,8.93915,47.654
51379,3324,4017,5927,12667,3357,3710,4666,5831,3379,3319,3728,3744,3139,3400,3490,3375,-29.8839,33.2875,8.8726,47.382
51380,3299,3666,4577,5787,3462,3889,5100,9741,3310,3644,4701,6225,3157,3346,3729,4047,-6.01166,33.3217,8.81068,47.7867
51381,12523,6103,3979,3341,6297,4916,3692,3332,3887,3771,3391,3235,3465,3345,3209,3086,-26.2268,-27.6179,8.94334,47.7147
51382,3645,3860,3569,3322,4470,5292,3987,3549,5742,8223,4964,3795,4711,5549,4394,3490,8.15146,-9.00663,8.79672,48.3747
51383,3459,3510,3412,3279,4034,4321,3804,3396,5388,7381,4985,3669,5625,7536,5112,3854,15.0406,-8.26784,8.92609,48.51
51384,3312,3419,3278,3162,3787,3823,3447,3278,5250,5207,4103,3651,8376,9487,4855,3597,30.6225,-13.3946,8.93616,48.0213
51385,7743,9707,4985,3700,4995,5177,4237,3608,3850,3734,3661,3323,3342,3405,3423,3169,-31.2645,-12.0819,8.81946,48.0393
51386,12663,6013,3887,3449,5878,4823,3779,3307,3837,3831,3363,3205,3419,3413,3298,3089,-30.1569,-28.9327,8.70985,47.5027
51387,3359,4062,6191,9940,3432,3891,5318,7619,3250,3525,3904,4324,3106,3221,3451,3585,-18.4313,23.5545,8.58431,48.1187
51388,3227,3328,3599,3570,3306,3848,4362,4303,3499,4371,7380,6407,3620,4557,6830,6111,13.9218,12.742,8.96835,48.212
51389,5121,5254,4066,3499,6700,7534,4448,3523,5064,5196,3875,3455,3878,3892,3470,3200,-7.38793,-13.569,8.50391,48.1167
51390,3314,3646,4043,4092,3490,4050,5733,5353,3594,4450,7440,6371,3410,3918,4690,4769,3.72563,12.8192,8.84465,48.242
51391,3261,3834,4678,5680,3485,3982,5677,9025,3442,3720,4760,6264,3155,3369,3811,4225,-5.79874,22.5114,8.72009,48.2453
51392,10485,7418,4371,3479,6118,5200,3804,3365,3894,3816,3632,3303,3391,3454,3267,3095,-24.4557,-20.0038,8.51993,48.0613
51393,3257,3346,3327,3316,3536,3763,3769,3561,4162,4891,5004,4172,4771,8106,8358,4756,31.3686,0.294114,8.58145,48.0633
51394,3309,3384,3258,3137,3677,3855,3658,3513,4567,5823,5061,3988,5545,8885,6659,4217,21.4772,-4.0796,8.86245,48.3573
51395,3381,3729,4144,4079,3467,4073,6198,5612,3530,4374,7074,6453,3420,3803,4624,4546,2.212,13.3568,8.65995,48.338
51396,5554,4875,3835,3310,8203,6589,4061,3540,5497,5074,3704,3315,4038,3971,3480,3139,-6.1346,-18.2911,8.62968,48.1233
51397,11282,7080,4002,3410,5943,4956,3861,3441,3946,3843,3535,3249,3482,3367,3210,3196,-33.9242,-21.1722,8.60419,47.8687
51398,3432,3733,4150,4090,3542,4217,6159,5008,3742,4636,7687,5888,3476,3972,4775,4429,2.97833,10.7389,8.92468,48.624
51399,5208,8778,7062,4417,4505,5542,5045,4099,3711,3847,3721,3511,3276,3369,3277,3175,-23.2633,-3.04815,8.7915,48.362
51400,3145,3285,3340,3382,3233,3525,3874,3874,3391,4074,5111,5684,3440,4473,8439,9888,28.2494,17.0539,8.68629,48.1053
51401,3229,3574,4062,4621,3325,3879,5356,7373,3378,3911,5593,7807,3191,3710,4329,4778,1.15795,21.1485,8.63758,48.0773
51402,4165,4058,3550,3418,5692,5848,4125,3392,6780,6956,4185,3552,4786,4665,3843,3457,3.03164,-14.7604,8.51352,48.3147
51403,3654,3585,3429,3186,4475,4320,3696,3259,7382,6520,4162,3413,7271,6320,4183,3558,14.3146,-16.7381,8.68814,48.2753
51404,4019,6033,9599,6162,3888,4460,5482,4707,3386,3655,3824,3710,3172,3277,3301,3395,-26.1839,7.0445,8.6062,48.0467
51405,3366,3925,6140,12624,3293,3814,4692,5969,3232,3353,3789,3908,3044,3246,3422,3422,-31.3508,27.7191,8.87057,47.4927
51406,8856,8073,4584,3650,6082,5847,4144,3649,4062,3953,3555,3176,3365,3378,3194,3084,-21.3732,-15.9117,8.87028,48.4347
51407,3429,4038,6027,12406,3347,3679,4789,6246,3188,3336,3781,3926,3224,3241,3466,3320,-25.9754,31.2466,8.63557,47.6287
51408,3249,3472,3806,3829,3227,3647,4517,5878,3369,3808,5217,10110,3292,3673,4702,6274,7.64814,30.8917,8.96854,48.0467
51409,3900,3728,3367,3228,5408,4589,3750,3286,8405,6422,4083,3372,6266,5210,3856,3350,8.97256,-19.4222,8.61012,48.1467
51410,5911,7567,4994,3669,5413,7241,4769,3734,4052,4198,3702,3464,3440,3549,3424,3231,-16.1595,-9.39582,8.51926,48.2387
51411,3897,4020,3736,3469,4699,5939,4443,3595,5282,7637,5234,3674,4433,4827,4060,3638,4.03925,-7.79942,8.54309,48.3887
51412,4351,5323,4855,4002,4593,7500,6067,4201,3996,4930,4437,3726,3586,3756,3650,3372,-8.46729,-2.98575,8.6731,48.23
51413,3097,3239,3536,3458,3222,3432,3771,3904,3456,3953,4980,6113,3493,4136,7416,10850,26.5638,20.0914,8.63725,48.0373
51414,5808,4569,3603,3305,9851,5202,3942,3331,6324,4537,3565,3393,4015,3819,3434,3204,-6.37545,-32.8826,8.83082,47.9347
51415,4024,6193,9383,5922,3964,4694,5674,4641,3462,3647,3936,3676,3282,3293,3365,3263,-23.648,6.21815,8.75201,48.2793
51416,3732,3612,3292,3092,4927,4169,3571,3309,9159,5160,3850,3344,8399,5237,3803,3374,13.6677,-29.4025,8.51771,48.02
51417,3439,3524,3344,3163,4115,3976,3520,3203,6640,5810,4211,3450,8355,7260,4474,3423,18.8963,-17.0846,8.63864,47.938
51418,3062,3378,3631,3857,3317,3568,4272,5349,3320,3728,5314,9744,3281,3748,5004,7503,10.9642,30.1747,8.9738,48.0507
51419,6199,9415,5726,3995,4962,5705,4565,3785,3871,3857,3654,3456,3277,3438,3365,3120,-23.1386,-8.13879,8.63475,48.26
51420,3487,3598,3354,3180,4065,4201,3694,3396,5978,6752,4323,3491,6714,7530,4631,3556,16.7398,-12.9623,8.66797,47.9667
51421,8291,7126,4262,3516,6669,6048,4100,3501,4124,4074,3515,3261,3472,3451,3279,3111,-18.2634,-17.0651,8.88179,47.8667
51422,4708,6548,5332,4051,4801,7481,5799,3976,3886,4374,4080,3501,3377,3451,3557,3288,-13.3716,-4.17128,8.83463,48.14
51423,3074,3340,3380,3437,3374,3532,3777,3700,3622,4293,5455,4871,3833,5460,9766,7160,26.0631,10.1023,8.99649,48.0493
51424,3815,3879,3567,3312,4893,5384,4149,3564,6009,7972,4619,3724,4736,5125,4125,3541,6.25288,-11.4471,8.68151,48.276
51425,3169,3302,3530,3689,3259,3519,4248,5147,3384,3859,5309,9653,3370,3789,5112,7784,11.7607,28.0133,8.9089,48.082
51426,5380,4519,3616,3334,9192,5459,3784,3365,7004,4760,3750,3351,4320,3988,3463,3186,-3.79912,-24.4631,8.8185,48.314
51427,3849,3981,3723,3427,4804,6050,4486,3660,5199,7703,4928,3736,4222,4883,4028,3619,2.90848,-8.2197,8.51415,48.1987
51428,3183,3320,3431,3308,3238,3418,3812,3856,3403,3977,4964,5852,3470,4162,7705,10862,32.0252,19.4748,8.72904,47.974
51429,3879,3716,3440,3206,4881,4936,4008,3312,7091,7604,4453,3552,5414,5411,3980,3406,8.52878,-14.3824,8.73547,48.1927
51430,3567,4425,8432,9475,3481,4119,5216,5444,3257,3459,3902,3959,3179,3272,3366,3373,-27.2116,16.4418,8.69054,47.9507
51431,3403,3375,3251,3211,4038,3747,3458,3170,6400,4801,3841,3300,12445,6172,3895,3445,26.326,-27.6955,8.72983,47.968
51432,3253,3328,3517,3585,3521,3954,4579,4142,3810,5154,7890,5364,3681,4816,6491,5107,12.2316,7.94084,8.93377,48.128
51433,3139,3235,3354,3475,3182,3457,3733,4064,3383,3938,4775,5964,3377,3976,6514,12177,31.2843,24.1578,8.5355,47.8287
51434,3358,3940,5852,11057,3284,3806,4996,7320,3206,3485,3815,4136,3210,3330,3382,3392,-20.5713,33.5292,8.73135,47.7127
51435,11515,7139,4028,3400,5979,4998,3946,3321,3925,3833,3454,3252,3338,3381,3314,3098,-28.4771,-22.3257,8.60026,47.9473
51436,3011,3278,3348,3149,3343,3710,3849,3580,3845,4554,5177,4670,4142,6507,9762,5955,29.8126,5.71857,8.71058,47.92
51437,3367,3664,4080,4016,3460,3886,5688,5481,3542,4364,7186,6778,3468,3877,4663,4814,3.84633,14.5847,8.85875,48.2227
51438,3199,3556,3381,3366,3579,4076,4464,3979,3969,5497,7746,5044,3976,5089,6407,4979,12.6833,5.62826,8.88272,48.2047
51439,11105,7302,4177,3411,5839,5051,3917,3357,3894,3816,3400,3212,3371,3400,3363,3066,-33.5235,-20.3471,8.73752,47.7873
51440,3129,3237,3285,3366,3315,3561,3834,3844,3364,4164,5249,5523,3503,4378,8455,9429,28.4203,16.5111,8.73314,47.7573
51441,9954,5754,3959,3334,8120,5005,3807,3388,4395,4028,3443,3346,3508,3478,3325,3112,-17.5697,-27.8762,8.59024,47.9707
51442,4871,7875,7689,4645,4269,5409,5210,4202,3548,3875,3810,3525,3249,3489,3315,3368,-22.8763,-0.4902,8.65332,48.2327
51443,10312,7869,4282,3474,6033,5388,3964,3427,3950,3781,3506,3191,3364,3451,3205,3035,-25.2268,-18.6384,8.68334,48.1547
51444,3187,3522,4038,4319,3301,3641,4964,6994,3380,3838,5389,8920,3279,3634,4437,5184,3.23583,24.3106,8.72565,48.018
51445,10823,5796,4061,3373,7753,5108,3713,3310,4327,3829,3489,3188,3480,3513,3327,3107,-19.5999,-26.9366,8.67455,48.1313
51446,3446,3418,3269,3126,4168,3778,3503,3186,7544,5044,3934,3446,10673,5920,3945,3352,19.9263,-33.8782,8.59423,47.8347
51447,3419,3925,6081,12558,3367,3722,4640,6321,3195,3486,3759,3887,3172,3283,3493,3343,-25.806,29.5947,8.94184,47.7673
51448,3717,5123,9560,8237,3635,4177,5318,5064,3276,3431,3782,3684,3178,3261,3444,3322,-28.7652,12.6119,8.88933,48.1393
51449,3137,3292,3303,3338,3399,3551,3912,3818,3676,4327,5809,5444,3720,5045,9119,7571,22.5134,12.0741,8.96553,48.3073
51450,3176,3374,3232,3224,3733,3674,3764,3475,4434,5394,4965,3996,5252,9002,7274,4423,24.7082,-2.56227,8.9553,48.2613
51451,6536,5072,3751,3294,9479,5928,3956,3443,5445,4505,3692,3252,3841,3702,3342,3086,-9.34638,-22.4646,8.90583,48.216
51452,10178,7969,4378,3544,5834,4998,4003,3380,3994,3816,3449,3236,3401,3392,3170,3185,-30.5985,-17.9382,8.55228,47.9513
51453,3437,3485,3349,3110,4304,4182,3628,3403,6551,6387,4205,3556,7603,7365,4335,3659,17.2139,-15.256,8.60605,48.3727
51454,3517,3766,3422,3243,4450,4695,3828,3325,6447,7562,4494,3493,5870,6317,4278,3470,12.3361,-12.7742,8.88782,48.118
51455,3312,3972,6340,11310,3394,3689,5130,7079,3230,3471,3901,4054,3095,3233,3442,3380,-21.4512,24.6632,8.99527,48.0213
51456,5212,4877,3831,3360,7469,6938,4189,3410,5602,5211,3757,3391,4089,3948,3456,3212,-5.59369,-16.0317,8.74521,47.968
51457,7813,8090,4526,3543,6064,6061,4213,3586,4001,4057,3530,3303,3466,3390,3257,3244,-19.7469,-14.2536,8.84188,48.096
51458,3261,3335,3323,3224,3501,3728,3792,3645,4180,5242,5370,4180,4768,8002,8163,4716,23.5375,0.438971,8.77325,48.2867
51459,3801,5330,9716,7632,3680,4219,5204,5059,3229,3562,3837,3828,3179,3307,3364,3300,-28.1074,11.2977,8.76944,48.1647
51460,3455,3384,3261,3142,4139,3984,3680,3301,6665,5504,3970,3410,9491,7332,4347,3485,20.5957,-18.8326,8.89941,48.3667
51461,3472,3683,3492,3254,4090,4670,3979,3547,5316,7869,5368,3764,4927,6176,4742,3845,11.0208,-6.85369,8.79356,48.1293
51462,3113,3150,3322,3398,3290,3529,3828,3921,3500,3891,5129,5794,3412,4252,7863,10557,27.9135,19.2512,8.74983,47.966
51463,5097,5666,4251,3653,6021,8012,4705,3610,4454,5065,4026,3548,3668,3770,3479,3322,-8.71776,-10.7269,8.58362,48.2313
51464,11482,6179,4010,3451,6791,5076,3869,3353,4135,3784,3524,3163,3437,3481,3256,3135,-22.8865,-25.9493,8.52865,48.084
51465,3354,4140,6138,10100,3375,3895,5247,7769,3336,3549,3968,4267,3148,3127,3480,3490,-18.5853,23.2341,8.9709,48.2553
51466,8547,9089,4782,3631,5394,5378,4109,3529,3885,3825,3532,3399,3378,3464,3182,3081,-26.4054,-14.1022,8.59366,48.1367
51467,3181,3861,4977,7091,3407,3852,5719,9508,3233,3592,4392,5355,3195,3198,3617,3789,-10.2348,24.0471,8.89125,47.978
51468,5548,7885,5620,3866,4946,6766,5022,3827,3855,4114,3819,3410,3426,3460,3310,3186,-17.5931,-6.38738,8.56818,48.04
51469,6025,5731,4124,3514,7331,7251,4327,3548,4579,4568,3779,3417,3768,3741,3498,3340,-10.8088,-15.382,8.54076,48.3607
51470,3391,3361,3273,3188,3848,4069,3791,3300,5387,6402,4524,3632,6414,9002,5102,3814,19.9483,-9.88733,8.98371,48.332
51471,3135,3257,3367,3312,3223,3485,3840,3839,3699,4166,5394,5270,3783,5106,9360,7714,25.6123,11.9452,8.64098,47.9667
51472,4539,5134,4375,3544,5168,8019,5262,3760,4463,5521,4422,3768,3616,3832,3634,3292,-5.61684,-6.96872,8.717,48.2327
51473,9989,8071,4291,3462,5888,5230,4047,3453,3971,3705,3580,3276,3504,3430,3355,3127,-25.022,-17.9032,8.69875,48.2527
51474,3387,3394,3235,3142,3846,4027,3707,3425,4999,6358,4643,3649,6096,8669,5595,3907,20.0725,-8.21926,8.99223,48.0527
51475,3257,3780,4952,6520,3350,3854,5266,9584,3226,3722,4446,5792,3153,3445,3672,3967,-8.3441,29.2612,8.57142,47.9907
51476,4164,4842,4255,3715,4941,7577,5685,3897,4281,5567,4786,3741,3810,3919,3807,3383,-4.48509,-4.82955,8.52376,48.2467
51477,5349,8303,6530,4311,4669,6250,5137,3914,3649,3966,3718,3502,3287,3443,3347,3194,-20.4883,-4.24299,8.52387,48.3793
51478,3836,4556,5146,4238,4014,5969,7598,4755,3761,4606,5329,4175,3364,3599,3849,3686,-6.45263,3.79311,8.69231,48.3207
51479,10569,5800,3873,3478,7682,4993,3909,3372,4250,3984,3439,3153,3636,3469,3264,3165,-19.1024,-27.3936,8.64581,48.024
51480,3060,3428,3625,3739,3260,3627,4215,4783,3339,3935,5607,8792,3313,3856,5356,7993,13.31,22.9046,8.70699,47.952
51481,3393,3414,3300,3077,4229,4070,3492,3401,6749,5985,4037,3464,8434,7218,4384,3502,18.6686,-17.2268,8.59995,48.0993
51482,3923,5728,9107,6055,3766,4728,6030,4941,3500,3693,3955,3820,3098,3352,3284,3275,-21.2947,7.30608,8.98661,48.17
51483,5804,4697,3760,3387,9193,5792,3813,3345,6317,4725,3691,3296,4110,3867,3460,3021,-5.86814,-22.9727,8.71378,48.1853
51484,3170,3190,3348,3391,3212,3526,3821,3887,3464,3972,5048,5555,3349,4319,8250,10138,32.9168,17.585,8.9235,47.76
51485,3337,3403,3185,3259,4087,3900,3401,3316,6007,4774,3677,3367,12325,6224,3874,3297,28.4484,-26.5063,8.76279,47.622
51486,4014,5770,10002,6437,3661,4448,5345,4746,3445,3592,3895,3699,3202,3294,3378,3387,-27.5879,7.92412,8.77084,48.21
51487,3181,3348,3482,3333,3357,3754,4042,3888,3716,4678,6373,5188,3799,5364,8490,6024,19.4347,8.31956,8.70545,48.0113
51488,3702,4281,4441,4156,3969,5605,7142,4731,3853,5011,6322,4542,3478,3828,4094,3908,-2.12904,4.0258,8.87382,48.7087
51489,11532,5857,3974,3301,7182,4936,3946,3483,4030,3862,3484,3171,3378,3424,3259,3184,-21.7225,-28.2592,8.78784,48.002
51490,3425,3830,5254,8383,3355,3797,5272,9368,3325,3629,4255,4769,3168,3238,3512,3629,-13.3832,32.417,8.9422,48.1393
51491,3738,4507,5463,4580,3871,5515,8351,5021,3584,4233,5118,4282,3377,3613,3848,3680,-7.3809,6.60766,8.86894,48.5207
51492,3588,3715,3634,3430,4104,5055,4273,3624,4895,7784,5925,4008,4263,5396,4659,3770,8.20254,-4.22642,8.5876,48.082
51493,5543,6147,4276,3603,6234,7865,4622,3700,4447,4705,3899,3457,3660,3521,3503,3301,-11.015,-12.0047,8.7174,48.322
51494,4816,4227,3515,3249,8256,5215,3816,3395,7844,5147,3845,3388,4812,4174,3484,3224,-0.706456,-24.3316,8.70616,48.2713
51495,5957,9582,6329,4151,4601,5448,4510,3834,3632,3808,3575,3328,3285,3341,3246,3275,-26.2871,-6.37465,8.52646,47.9347
51496,3489,3346,3423,3177,3908,4024,3709,3358,5147,6073,4606,3628,6474,8943,5253,3773,21.0911,-9.3703,8.63815,48.2207
51497,3055,3251,3293,3379,3171,3296,3738,4011,3452,3687,4759,5975,3414,3917,6410,12504,30.0445,26.1034,8.84238,47.5413
51498,5726,8785,6079,4079,4813,6189,4854,3820,3748,3916,3645,3487,3378,3386,3381,3135,-20.5723,-5.86466,8.89946,48.2807
51499,3351,3560,3779,3618,3554,4171,4950,4274,3904,5389,8232,5286,3817,4591,5647,4706,8.99595,7.1082,8.75553,48.5527
51500,5601,9514,6653,4146,4518,5150,4644,3870,3775,3831,3734,3504,3353,3381,3232,3237,-32.6611,-4.98366,8.67839,48.0953
51501,3442,4028,7068,11696,3303,3901,4943,6205,3272,3437,3841,3946,3052,3155,3445,3403,-27.002,22.4663,8.96375,48.0913
51502,9770,8207,4499,3645,5802,5304,3969,3421,3949,3835,3619,3143,3422,3346,3186,3119,-26.111,-17.2371,8.71832,48.1573
51503,3382,3316,3269,3126,3925,3730,3370,3322,6430,4897,3839,3278,12136,5923,3992,3512,25.0321,-32.4959,8.66823,47.6313
51504,6102,4624,3701,3260,9831,5242,3809,3341,6354,4631,3547,3387,4077,3775,3454,3173,-6.24981,-27.5459,8.95597,48.2053
51505,3066,3150,3401,3415,3152,3505,3814,3944,3347,3829,4860,6596,3373,3764,5854,12454,24.2719,29.9395,8.89654,47.6827
51506,3962,4943,6241,4838,3850,5497,7886,5079,3526,4132,4587,4122,3292,3618,3527,3476,-11.3894,5.76144,8.63571,48.384
51507,3096,3210,3371,3403,3260,3505,3924,3846,3446,3792,5126,5637,3497,4370,7967,10585,30.6255,18.5754,8.83384,48.0233
51508,3225,3382,3372,3316,3415,3689,3807,3651,3855,4782,5728,4728,4213,6280,9413,5683,22.951,5.80369,8.86893,48.3593
51509,8511,5712,3929,3472,8754,5593,3861,3353,4640,4033,3499,3217,3611,3506,3306,3194,-14.9355,-23.3998,8.61702,48.1273
51510,5045,5436,4093,3449,6210,8073,4651,3537,4686,5060,3914,3474,3695,3804,3539,3312,-8.1064,-11.5571,8.93763,47.9853
51511,11584,5992,3944,3441,6918,4885,3853,3380,4059,3844,3509,3143,3366,3431,3258,3026,-22.647,-27.958,8.62966,47.7553
51512,3511,3411,3331,3209,4086,4051,3459,3187,6635,5520,4019,3485,9615,7310,4207,3453,20.7389,-19.0853,8.73213,48.326
51513,3349,3484,3202,3063,3893,3778,3408,3184,6001,4914,3836,3293,11587,7238,4140,3395,26.8901,-21.5726,8.57817,47.8433
51514,3256,3390,3269,3299,3736,3908,3639,3373,4820,5369,4379,3602,6770,9898,5716,3906,28.4499,-9.13685,8.75682,48.22
51515,3233,3204,3287,3518,3323,3334,3785,3986,3298,3643,4769,6057,3390,3660,5848,12657,33.3775,30.0125,8.99581,47.328
51516,3354,3289,3212,3131,3906,3800,3402,3259,6170,4698,3716,3334,12629,5963,3867,3370,29.827,-29.6316,8.7497,47.4
51517,3944,4860,5428,4155,4061,6244,7574,4611,3756,4493,4840,3923,3478,3651,3662,3542,-8.60385,2.65799,8.69371,48.148
51518,3929,4446,4091,3553,4746,6852,5300,3916,4709,6513,5048,3865,3845,4297,4092,3503,-0.67802,-4.22624,8.60582,48.47
51519,7745,9121,4956,3558,5344,5709,4213,3520,3874,3845,3570,3326,3394,3372,3254,3263,-23.4263,-12.4325,8.7205,48.0427
51520,3808,4306,4364,3823,4211,6086,6488,4372,4110,5582,5752,4228,3612,3958,4030,3849,-2.01348,0.892748,8.61932,48.386
51521,3147,3313,3575,3620,3294,3551,4052,4483,3351,3907,5737,8055,3428,4007,6076,8553,15.747,21.5711,8.71088,48.0993
51522,6831,8653,4989,3724,5425,6247,4359,3555,3941,4039,3658,3347,3430,3472,3304,3136,-19.9885,-11.0767,8.82769,48.0733
51523,7130,5367,3849,3459,9028,5851,3931,3319,4961,4325,3629,3270,3865,3613,3296,3146,-11.6379,-21.8102,8.6771,48.026
51524,3565,3540,3265,3103,4304,4140,3545,3208,7484,5740,3995,3431,9007,6172,4098,3317,17.2527,-20.8964,8.6185,47.9427
51525,9709,8110,4510,3535,5720,5321,4005,3549,3847,3948,3528,3234,3433,3405,3074,3011,-25.5858,-16.9109,8.88457,47.9593
51526,12490,6014,3997,3390,6166,4797,3865,3393,3900,3797,3440,3218,3323,3346,3299,3196,-27.1314,-33.248,8.72353,47.754
51527,3187,3440,3510,3532,3305,3478,4076,4824,3409,3779,5089,9031,3346,3721,5288,8868,14.7111,30.9122,8.81804,47.922
51528,4538,4819,4106,3616,5398,7604,4974,3701,4861,5878,4357,3582,4007,4042,3647,3345,-4.27293,-8.96907,8.64237,48.3167
51529,3517,3897,4075,3915,3930,4897,6365,4692,3824,5175,7110,4767,3609,4183,4466,4009,1.39538,5.28357,8.76451,48.2873
51530,3260,3343,3353,3150,3624,3923,3691,3469,4408,5746,4945,3979,5227,9017,6896,4301,22.6278,-3.34608,8.84177,48.2213
51531,3072,3211,3324,3421,3196,3462,3895,3962,3322,3881,4823,5796,3387,4082,7092,11745,30.6004,21.7936,8.77874,47.7807
51532,3672,3876,3653,3368,4402,5328,4260,3619,5282,8065,5289,3821,4535,5228,4421,3658,6.73034,-7.05556,8.52957,48.318
51533,4647,5937,4898,3903,4978,7940,5762,4007,3986,4564,4122,3697,3433,3642,3442,3307,-10.5373,-4.84133,8.9095,48.1767
51534,5272,4272,3585,3234,9164,5115,3783,3303,7362,4783,3544,3353,4396,3907,3430,3312,-3.0435,-28.4842,8.87717,47.8767
51535,3470,4277,7915,10343,3415,4037,4974,5653,3197,3562,3807,3857,3206,3245,3359,3451,-31.1464,18.2255,8.55935,47.8453
51536,3353,3766,4486,4416,3559,4332,6756,6334,3474,4166,6248,5980,3365,3671,4277,4221,-1.15824,14.0921,8.67547,48.2693
51537,3063,3278,3380,3537,3328,3562,3954,3986,3383,3999,5645,6014,3593,4568,8000,9182,22.1361,16.4239,8.85543,48.3147
51538,3401,3394,3205,3049,4304,4009,3438,3187,6955,5306,3951,3402,10470,6857,4147,3516,21.4218,-21.8158,8.80344,48.394
51539,12713,6234,3867,3411,6146,4700,3660,3359,3829,3798,3345,3258,3385,3442,3297,3058,-27.5141,-29.3561,8.7536,47.668
51540,3452,3889,5174,6029,3402,4013,6357,8505,3412,3748,4707,5548,3105,3525,3741,3879,-8.1569,19.7761,8.52002,48.324
51541,3149,3359,3389,3534,3330,3504,4077,4303,3372,4034,5622,7443,3429,4000,6619,8938,17.5404,20.6331,8.52853,48.068
51542,6725,4872,3700,3375,9901,5244,3833,3425,5706,4382,3570,3285,3736,3705,3342,3276,-9.38265,-32.9338,8.87523,48.0513
51543,3875,3704,3430,3155,5462,4426,3560,3360,9272,5964,3939,3393,6450,5061,3790,3449,9.11769,-21.8932,8.75617,48.1933
51544,3194,3345,3739,3745,3459,3721,4984,4640,3577,4607,7789,6617,3522,4200,5610,5292,9.47218,12.6248,8.78962,48.0273
51545,3351,3907,5995,12213,3447,3720,4783,6433,3333,3463,3734,3970,3083,3261,3358,3374,-25.5885,32.3564,8.64961,47.6167
51546,3367,4008,5583,5386,3595,4343,7800,6865,3450,3876,4991,4857,3154,3505,3795,3786,-8.23666,13.7837,8.88138,48.2407
51547,9921,8100,4342,3421,5671,5140,3952,3527,3924,3840,3602,3224,3516,3409,3246,3018,-27.0285,-18.2022,8.53012,47.902
51548,6408,9834,5933,3986,4826,5206,4357,3699,3798,3819,3576,3258,3261,3335,3318,3206,-27.3896,-7.72041,8.66751,47.88
51549,4585,4005,3552,3195,7665,4839,3698,3295,8849,4899,3776,3430,5106,4346,3493,3293,1.63095,-30.7552,8.91951,48.0173
51550,3706,4964,7875,6000,3680,4568,6862,5583,3401,3744,4260,4058,3102,3365,3491,3344,-16.7638,9.7647,8.92386,48.002
51551,5827,9938,6389,4111,4605,5367,4661,3939,3689,3887,3646,3473,3307,3294,3198,3115,-26.4509,-5.92853,8.96599,48.2973
51552,7918,7720,4464,3556,6353,6122,4208,3578,4079,3953,3603,3359,3478,3444,3392,2955,-18.8741,-15.4335,8.75901,48.1213
51553,3892,3647,3544,3162,5210,4798,3766,3452,7833,7054,4124,3368,5799,5303,3950,3372,8.96535,-16.553,8.94454,48.1827
51554,12466,5866,3887,3433,5888,4645,3751,3391,4029,3729,3406,3282,3342,3361,3185,3165,-31.0982,-31.767,8.6929,47.2173
51555,3172,3212,3389,3472,3279,3421,3766,3766,3394,3802,4725,6337,3410,3991,6005,12745,26.7469,32.2554,8.67004,47.924
51556,3131,3537,3971,4344,3210,3757,5039,6590,3445,3994,5765,8551,3222,3798,4464,5307,3.90237,21.2151,8.93905,48.0833
51557,3942,5169,5994,4395,4209,6210,7420,4571,3680,4381,4400,3891,3383,3608,3587,3395,-11.1178,2.71669,8.84933,48.1567
51558,3651,4971,9347,8185,3599,4104,5206,5365,3294,3532,3955,3853,3119,3232,3425,3437,-29.2808,13.0713,8.60007,48.1833
51559,3501,3773,3952,3498,3781,4770,5377,4164,4082,6089,7435,4703,3753,4605,4784,4118,5.49087,2.81344,8.74573,48.2567
51560,3647,3725,3713,3498,4025,5168,4909,3772,4558,7168,6155,4067,4137,4962,4641,3992,5.79621,-2.33925,8.58458,48.0913
51561,3145,3144,3375,3296,3243,3496,4025,3979,3580,3950,5628,6330,3596,4420,7760,9362,21.4648,17.6565,8.87266,48.2193
51562,3228,3227,3444,3409,3355,3651,3961,3805,3677,4444,5917,5118,3741,5230,9215,6834,22.2242,10.0948,8.74741,48.1707
51563,3136,3289,3371,3376,3164,3527,3911,4068,3377,3920,5124,6960,3377,4060,6551,10802,21.546,23.1229,8.89992,48.0087
51564,5388,9296,7009,4300,4419,5284,4853,4010,3485,3771,3719,3490,3335,3438,3269,3113,-25.6444,-3.34943,8.99218,48.1193
51565,3219,3620,4395,4840,3412,3749,5597,8090,3333,3843,5395,7034,3213,3539,4183,4585,-1.40785,21.1559,8.63979,48.0313
51566,3373,3944,6180,12477,3325,3822,4811,5928,3062,3399,3748,3957,3196,3199,3401,3272,-27.1872,33.9501,8.65279,47.396
51567,4894,6512,5031,3936,5219,7734,5319,3823,3983,4436,4032,3487,3451,3664,3530,3327,-12.9298,-6.16272,8.65861,48.252
51568,4512,4505,3790,3363,6018,6774,4323,3548,5748,6352,4189,3540,4251,4267,3690,3347,-1.05912,-12.755,8.92094,48.1447
51569,3284,3380,3319,3173,3593,3924,3905,3578,4472,6031,5417,4171,4962,7990,6968,4424,19.8996,-1.61416,8.94078,48.394
51570,3244,3426,3747,3868,3479,3813,4990,5021,3598,4333,7399,6988,3534,4146,5384,5383,8.06894,14.5255,8.60516,48.2353
51571,11032,5752,3832,3170,7776,5042,3666,3309,4288,3961,3469,3238,3489,3460,3303,3106,-19.3644,-27.933,8.74437,47.9287
51572,3454,3494,3350,3084,3950,4318,4010,3574,4966,7312,5494,4044,4804,6832,5428,4063,14.3437,-4.85058,8.78426,48.118
51573,3980,5912,9056,5964,3763,4657,5972,4872,3463,3628,3951,3685,3143,3336,3338,3382,-21.6047,7.16761,8.63245,48.068
51574,5778,9667,6461,4058,4662,5120,4524,3796,3759,3835,3746,3422,3321,3455,3216,3227,-30.4828,-5.42212,8.75659,48.0313
51575,3123,3456,3399,3389,3390,3562,3799,3707,3555,4463,5307,4677,3825,5873,9926,6585,29.2004,8.36884,8.70473,48.024
51576,3908,5566,9065,6157,3711,4701,6154,4995,3251,3538,4024,3814,3128,3316,3365,3333,-21.2042,8.32411,8.67049,48.0173
51577,3196,3436,3393,3370,3313,3425,3790,3877,3435,3746,4636,5997,3336,3763,5888,12416,33.891,33.2794,8.76576,47.3447
51578,9106,8944,4550,3516,5281,5118,4049,3554,3860,3877,3604,3221,3505,3324,3223,3120,-32.0998,-15.0334,8.83759,47.9013
51579,3557,3624,3608,3433,4109,4762,4285,3665,4761,7900,5933,4032,4490,5820,4991,3881,10.0377,-4.33851,8.75926,48.5673
51580,3197,3365,3638,3787,3386,3916,4529,4720,3570,4273,7330,7174,3465,4134,5719,5708,9.84471,14.6958,8.78156,47.9407
51581,3573,4369,6674,6289,3576,4421,7270,6403,3409,3672,4358,4425,3175,3380,3478,3577,-14.0762,13.4363,8.59786,48.0327
51582,3559,3836,3761,3455,3951,5083,4881,3996,4419,7187,6682,4173,4012,4912,4777,3906,6.06332,-0.84405,8.92169,48.3933
51583,5410,8963,6483,4240,4563,5537,4737,4037,3634,3799,3720,3387,3318,3475,3428,3143,-23.2949,-4.40855,8.67408,47.916
51584,9063,5456,3928,3397,8766,5177,3941,3380,4482,4105,3518,3292,3562,3503,3157,3163,-15.1042,-33.7096,8.59106,47.9267
51585,3313,3414,3283,3131,3902,3779,3525,3271,5852,4810,3732,3351,11690,7225,4067,3405,30.206,-21.6785,8.67313,47.8333
51586,3124,3197,3393,3400,3282,3428,3796,3957,3371,3735,4718,6082,3310,3814,6108,12706,30.1274,27.4454,8.74704,47.614
51587,3628,3566,3351,3101,4500,4214,3606,3289,7876,6368,4061,3539,7312,6136,4029,3438,13.8236,-18.2864,8.755,48.0093
51588,3130,3291,3592,3566,3245,3588,4128,4781,3329,3882,5410,9019,3318,3811,5403,8360,13.5728,26.3694,8.63811,47.902
51589,3536,3486,3272,3086,4771,4151,3629,3256,9072,5067,3850,3343,8614,5369,3813,3431,14.3048,-32.6698,8.69019,47.8307
51590,3731,3921,3872,3436,4093,5334,5035,3948,4369,7027,6512,4256,3951,4614,4629,3915,5.07759,-1.12013,8.656,48.4287
51591,3054,3306,3590,3742,3253,3600,4338,5163,3427,3925,5886,9168,3391,3813,5258,7133,11.2468,21.8372,8.7651,48.0313
51592,3439,3409,3166,3133,4223,3986,3437,3225,7714,5044,3873,3447,10707,5919,3990,3416,19.6526,-25.6751,8.65337,48.0853
51593,3411,4051,6940,11699,3302,3803,4879,5896,3251,3543,3757,3945,3054,3283,3365,3480,-33.4664,22.1488,8.97353,47.7727
51594,4723,8105,8224,4686,4166,4963,4942,4257,3536,3819,3825,3621,3295,3508,3313,3290,-33.6184,0.0347535,8.51837,48.182
51595,3538,5106,9578,8153,3638,4248,5229,5065,3306,3604,3852,3704,3173,3252,3261,3298,-28.5145,12.5216,8.94288,48.0033
51596,3302,3192,3396,3338,3208,3393,3931,4012,3365,3803,5055,7124,3457,3918,5973,11265,21.2206,33.7943,8.64617,47.8213
51597,3097,3293,3511,3555,3249,3428,3934,4507,3393,3781,5244,8336,3335,3904,5823,9589,16.7038,25.1236,8.8191,47.986
51598,7462,5070,3807,3374,9843,5350,3791,3394,5262,4280,3549,3221,3744,3739,3240,3065,-11.3521,-26.5126,8.89521,48.1273
51599,6037,8390,5268,3836,5122,6655,4739,3734,3832,4063,3765,3463,3423,3419,3315,3136,-18.6205,-8.12279,8.8757,48.1313
51600,6834,6010,4152,3383,7782,6651,4228,3535,4638,4334,3573,3320,3658,3689,3432,3175,-12.7539,-17.3568,8.97545,48.2627
51601,3129,3333,3454,3377,3207,3350,3745,4058,3417,3583,4711,5934,3449,3918,5990,12448,31.3913,32.1458,8.55508,47.402
51602,3171,3362,3729,3808,3186,3612,4349,5458,3243,3833,5369,9992,3299,3686,4913,7085,10.0286,29.8658,8.78151,48.0633
51603,3248,3449,4012,4174,3403,3861,5156,6177,3269,4038,6365,7986,3293,3890,4723,5284,4.31648,18.4476,8.60315,48.2187
51604,3192,3437,3415,3216,3536,3815,4052,3755,4105,5281,5789,4435,4444,6989,7960,5018,20.16,1.89708,8.97422,48.2927
51605,4991,5371,4099,3507,6369,8127,4610,3543,4722,5226,4006,3494,3788,3848,3479,3243,-7.53644,-11.8162,8.82086,48.282
51606,3121,3370,3505,3591,3324,3793,4326,4481,3642,4429,7186,6602,3563,4367,6796,6417,14.118,13.9546,8.50713,48.342
51607,11315,5861,3915,3404,7374,5059,3732,3393,4170,3758,3407,3181,3470,3367,3259,3063,-20.6565,-29.2835,8.72526,47.8187
51608,11741,6907,4094,3427,5928,4946,3848,3392,3932,3826,3366,3239,3335,3341,3247,3107,-27.9382,-22.6914,8.685,47.784
51609,3674,4445,6396,5293,3772,4843,7938,5779,3395,3957,4483,4315,3188,3351,3602,3559,-11.7582,9.49789,8.84568,47.9933
51610,3113,3208,3365,3429,3309,3509,3903,3900,3545,3960,5211,5378,3563,4575,8497,9432,30.1201,16.21,8.59126,47.9313
51611,3383,3390,3398,3235,3836,3879,3595,3293,5130,5977,4382,3713,6812,9266,5114,3707,21.9852,-10.2495,8.74601,48.0733
51612,5030,6704,5077,3858,5148,7583,5466,3931,3858,4437,4020,3510,3493,3611,3502,3268,-13.4192,-5.94071,8.60643,48.3307
51613,3263,3426,3634,3694,3475,3974,4972,4514,3666,4669,8049,6159,3530,4401,5854,5167,9.4082,10.9973,8.7098,48.298
51614,4781,7349,6578,4308,4519,6301,5667,4040,3672,4167,3887,3589,3292,3568,3473,3311,-17.4007,-1.79894,8.8282,48.3347
51615,4386,7188,9309,5174,3962,4793,5058,4284,3440,3629,3721,3705,3348,3272,3440,3274,-32.7414,3.05164,8.79694,47.9887
51616,4149,4760,4043,3658,5065,7455,5131,3772,4559,6057,4675,3753,3928,4007,3749,3431,-3.1795,-6.80714,8.55408,48.128
51617,3654,5164,9399,7702,3631,4140,5124,5069,3310,3694,3908,3776,3054,3352,3495,3360,-29.513,11.8833,8.54434,47.888
51618,3148,3369,3439,3258,3467,3789,3684,3587,4047,4895,5023,4276,4604,7613,8501,5138,27.9289,1.45405,8.59679,47.892
51619,4888,4275,3637,3333,7909,5631,3716,3366,7262,5377,3733,3396,4569,4284,3552,3312,-1.11867,-20.8461,8.94925,48.16
51620,3412,3429,3261,3067,3835,3808,3546,3285,5211,5296,4153,3560,8637,9082,4823,3618,27.3866,-14.2599,8.61589,48.0153
51621,5844,5165,3952,3384,7932,6704,4058,3363,5489,4872,3864,3402,3956,3864,3502,3239,-7.75206,-17.5159,8.52759,48.3933
51622,3550,4501,7327,7439,3546,4210,6307,6430,3238,3603,4325,4238,3075,3310,3578,3382,-17.2206,14.9886,8.57598,48.0393
51623,4266,7072,9306,5497,3921,4732,5223,4501,3538,3726,3777,3790,3133,3272,3281,3279,-27.4792,3.9631,8.5495,48.2093
51624,3606,4732,9030,8715,3423,4247,5274,5391,3260,3471,3803,3862,3149,3180,3389,3257,-26.1363,14.4021,8.87482,47.8593
51625,3385,3778,5419,8182,3351,3940,5517,9364,3258,3592,4200,4766,3148,3336,3492,3649,-13.291,24.7561,8.99176,48.2513
51626,6014,9771,6436,4144,4652,5472,4669,3885,3739,3813,3610,3508,3219,3344,3227,3134,-28.0983,-6.14419,8.80295,48.4247
51627,3163,3332,3409,3268,3456,3713,3836,3585,3850,4759,5219,4420,4245,7013,9430,5296,32.3525,3.69107,8.92186,47.996
51628,3465,4495,7854,10228,3552,3928,5148,5777,3292,3495,3736,3906,3056,3153,3349,3331,-26.544,18.7253,8.63507,47.8433
51629,8154,5186,3850,3408,9349,5224,3863,3466,4745,4136,3539,3220,3608,3592,3268,3307,-13.2394,-32.6634,8.63986,47.9433
51630,3180,3318,3309,3360,3455,3611,3800,3732,3996,4787,5158,4413,4379,7010,9163,5236,33.7834,3.04172,8.73793,47.938
51631,3369,3999,5519,10234,3405,3984,5091,7962,3257,3445,4008,4423,3158,3202,3405,3549,-18.1674,30.4641,8.69718,48.0067
51632,7639,6318,4176,3545,7578,6223,4043,3472,4538,4141,3624,3377,3632,3494,3359,3079,-15.0784,-18.4796,8.87214,48.1587
51633,3342,3419,3245,3183,3726,3785,3746,3367,4647,5194,4391,3760,6145,9892,6083,4075,30.4755,-7.12014,8.86172,48
51634,12514,5779,3927,3381,6054,4555,3758,3339,3817,3809,3454,3293,3498,3389,3207,3124,-33.6166,-31.0738,8.60534,47.2653
51635,3177,3466,4022,4322,3251,3631,4908,6997,3314,3835,5600,9064,3196,3677,4484,5256,3.32814,23.2669,8.99258,48.1333
51636,3354,3871,5331,6038,3438,4080,6594,8445,3265,3658,4750,5256,3213,3475,3677,4018,-8.82252,18.9958,8.87519,48.3087
51637,5503,8443,5572,4115,4945,6616,4859,3863,3786,4140,3648,3344,3399,3461,3424,3237,-18.475,-6.62225,8.79513,48.2367
51638,3387,3838,5692,10684,3368,3777,4994,7891,3190,3413,3875,4218,3129,3171,3439,3591,-18.8295,33.3891,8.88261,47.7713
51639,4372,7067,8833,5173,3977,4952,5494,4459,3600,3801,3850,3625,3154,3303,3229,3352,-24.1068,2.75827,8.67317,48.1607
51640,3101,3180,3205,3331,3107,3411,3806,4140,3442,3729,4856,6703,3440,3900,6038,12322,23.7896,28.7389,8.93926,47.8073
51641,3427,3399,3170,3080,3940,3818,3427,3228,6305,4804,3764,3409,12615,6042,3909,3482,26.6584,-29.5742,8.66608,47.8793
51642,8725,9221,4820,3525,5184,5257,4141,3637,3740,3763,3542,3272,3379,3411,3253,3091,-28.5016,-14.1063,8.88928,47.974
51643,3559,3437,3371,3121,4142,3960,3553,3381,6171,6436,4212,3657,7582,7751,4421,3663,18.4646,-14.5937,8.77814,48.278
51644,3826,4828,5645,4494,3957,5894,7935,4822,3655,4238,4917,4041,3354,3620,3815,3457,-9.06191,4.30168,8.90606,48.332
51645,4343,3996,3477,3169,6839,5025,3725,3292,8885,5846,3950,3370,5358,4487,3541,3335,3.49093,-22.0805,8.89536,48.4253
51646,5363,6025,4330,3492,6036,8093,4737,3562,4483,4758,3918,3418,3616,3775,3541,3213,-10.745,-10.8948,8.89762,48.24
51647,3036,3395,3418,3528,3232,3566,4049,4607,3439,3850,5379,8377,3451,3982,5739,8905,15.8166,23.9297,8.78598,47.9687
51648,3408,3407,3251,3067,3849,3859,3566,3320,5363,5140,4200,3524,8782,9008,4588,3549,33.5492,-14.8154,8.97798,47.9207
51649,4155,3905,3526,3232,6311,4936,3703,3411,8600,5953,3923,3435,5601,4768,3653,3340,5.10785,-20.7556,8.52993,48.3013
51650,3304,3290,3411,3256,3609,3737,3729,3407,4198,5042,5068,4173,4935,8209,8129,4846,27.2091,-0.20819,8.60375,48.2287
51651,4318,6316,7479,4993,4055,5476,6542,4517,3703,3848,4033,3670,3251,3424,3448,3230,-17.7967,3.24633,8.90196,48.202
51652,4647,5451,4321,3689,5378,8155,5169,3721,4378,5219,4086,3622,3719,3832,3544,3243,-7.41586,-8.11075,8.69629,48.116
51653,7183,5393,3970,3370,8822,5841,3922,3455,5152,4360,3713,3288,3776,3591,3320,3037,-11.3641,-21.3357,8.52769,48.1287
51654,4276,6637,7992,5048,3976,5444,6183,4528,3505,3680,3878,3747,3183,3444,3367,3331,-19.4682,2.89426,8.9804,48.146
51655,3181,3356,3830,4009,3269,3672,4475,5924,3413,3834,5273,9512,3225,3773,4705,6505,7.92783,31.2708,8.5097,47.9707
51656,3353,3440,3220,3096,3903,3982,3458,3234,5703,5470,4131,3470,8811,8645,4683,3540,24.6413,-15.3534,8.99145,48.0927
51657,3463,3860,4630,4638,3513,4493,7156,6189,3431,4189,6198,5501,3353,3681,4182,4086,-2.65227,12.0874,8.93835,48.3753
51658,4790,4987,3972,3443,6262,7474,4462,3676,5206,5570,4072,3462,4096,3954,3589,3319,-4.89364,-12.7574,8.55036,48.2227
51659,4166,5755,8170,5572,3845,4997,6414,4757,3640,3869,4033,3741,3196,3424,3464,3422,-18.9833,5.37232,8.72284,48.31
51660,3620,4487,6509,6001,3572,4591,7360,6342,3435,3733,4556,4443,3227,3432,3624,3567,-13.4402,12.5793,8.78134,48.3327
51661,6941,7913,4888,3660,6051,6453,4318,3545,4090,4107,3637,3358,3389,3478,3268,3103,-18.2274,-12.5879,8.97875,48.1327
51662,4038,4589,4107,3790,4563,6949,5357,3988,4285,6354,5093,3904,3791,4021,3974,3535,-1.82907,-3.96251,8.7844,48.2253
51663,4426,4272,3613,3314,6705,5758,3930,3347,7266,6190,4073,3395,4823,4419,3661,3343,1.33299,-17.4432,8.87928,48.3567
51664,3550,3836,3727,3511,4048,5111,4837,3859,4428,6985,6567,4199,3975,4907,4776,3899,6.19888,-1.11274,8.66963,48.1433
51665,8838,9021,4634,3604,5571,5214,4078,3419,3847,3908,3502,3254,3385,3467,3298,3109,-33.2299,-14.8003,8.75952,48.0993
51666,3563,3695,3502,3212,4345,4889,3957,3421,5588,8070,5010,3804,5090,5873,4433,3698,9.98017,-9.37244,8.8621,48.1
51667,3296,3528,3673,3406,3741,4336,4495,3840,4201,6313,7041,4432,4251,5448,5850,4414,12.0071,1.53073,8.63296,48.1767
51668,3984,5750,9378,6179,3778,4450,5929,4831,3352,3623,3978,3747,3179,3332,3411,3337,-22.8228,8.16119,8.62965,48.1587
51669,3549,4312,7572,10189,3524,3969,5155,6166,3241,3543,3923,3920,3039,3242,3386,3352,-24.225,18.9753,8.80099,48.0547
51670,3241,3557,4141,5007,3406,3766,4987,8700,3319,3732,4836,7825,3257,3448,4124,4594,-1.51,31.7213,8.84905,47.96
51671,5125,7330,5358,4028,4966,7186,5385,3810,3901,4205,3874,3588,3525,3503,3458,3169,-15.0221,-5.43127,8.94143,48.274
51672,3405,3712,4970,7100,3491,3872,5196,10000,3266,3438,4241,5350,3177,3353,3779,3872,-10.3371,31.9889,8.97709,48.148
51673,3488,3843,5241,8623,3471,3688,5203,9091,3200,3589,4176,4773,3155,3386,3517,3564,-14.1122,32.6758,8.6649,48.0053
51674,3015,3234,3373,3416,3250,3563,3803,4011,3403,4028,5468,5859,3551,4470,8033,9645,24.3874,16.717,8.66178,48.0813
51675,4876,4204,3569,3335,8584,5094,3706,3262,8099,4841,3705,3321,4735,4056,3527,3251,-0.827478,-28.4106,8.87388,48.11
51676,3031,3268,3348,3354,3094,3371,3879,4053,3377,3870,4978,6833,3351,3989,6134,11759,22.9945,25.3953,8.99054,47.7927
51677,12507,5991,3944,3433,6301,4786,3783,3416,3899,3866,3408,3235,3304,3364,3201,3072,-25.6632,-28.7009,8.84194,47.6733
51678,11416,6969,4063,3533,6234,4950,3917,3302,4056,3730,3424,3184,3337,3506,3157,3049,-24.7061,-21.887,8.85826,47.8847
51679,4213,6666,8476,5227,4149,5176,6036,4532,3475,3787,3938,3584,3153,3311,3414,3224,-20.5437,3.5118,8.99617,48.2407
51680,3387,3980,6568,12005,3493,3804,4815,6087,3096,3540,3738,3960,3191,3206,3411,3531,-30.1107,24.9921,8.50571,47.8747
51681,3267,3222,3345,3213,3524,3728,3734,3495,4107,5163,5171,4323,4554,8074,8514,4868,25.2564,0.899505,8.96721,48.2013
51682,4934,8353,8127,4676,4242,4936,4803,4175,3518,3818,3695,3526,3298,3402,3403,3264,-29.3354,-0.34323,8.79964,48.1133
51683,3333,3904,5826,11370,3440,3761,4958,7569,3180,3496,3875,4298,3080,3227,3420,3398,-20.2689,28.5459,8.96826,48.09
51684,4775,5587,4242,3625,5762,8101,4933,3599,4497,5311,3975,3492,3605,3799,3554,3283,-7.79635,-9.23098,8.87742,48.0933
51685,3380,3392,3264,3109,3670,3847,3674,3401,4815,5135,4400,3667,7121,10094,5413,3824,29.6665,-10.3054,8.99367,48.1373
51686,3375,3929,4709,4969,3497,4370,7052,6922,3495,3934,5567,5586,3196,3611,4014,4179,-4.33396,14.8459,8.55329,48.27
51687,3276,3448,3580,3556,3406,3870,4399,4127,3736,4785,7569,6123,3588,4654,6731,5825,13.0766,11.4621,8.81586,48.4487
51688,3413,3778,3641,3568,3898,4677,4803,3892,4439,6790,6880,4296,4137,5206,4963,4122,8.1796,-0.397438,8.52336,48.3353
51689,5830,4567,3687,3312,9434,5331,3826,3351,6519,4552,3663,3280,4121,3834,3450,3225,-5.41515,-27.1786,8.6304,47.988
51690,3870,5420,9253,6402,3741,4561,6030,5024,3431,3664,3951,3801,3253,3339,3358,3368,-21.7953,8.93028,8.70267,48.3107
51691,3419,4160,6254,9277,3397,3903,5400,7824,3203,3501,4076,4321,3103,3313,3477,3602,-17.2966,22.4123,8.79326,48.1533
51692,3057,3280,3540,3352,3357,3602,4061,4082,3584,4250,6196,6304,3547,4499,7602,7907,19.0421,15.2824,8.77549,48.1467
51693,12278,6469,3921,3374,6036,4807,3807,3364,3848,3735,3488,3175,3415,3309,3253,3136,-31.3847,-25.1876,8.83007,47.61
51694,4131,4435,3969,3442,5235,7146,4695,3679,5087,6763,4630,3581,3973,4290,3902,3474,-0.845718,-8.68968,8.95349,48.288
51695,3238,3401,3478,3510,3559,3935,4262,3784,3925,5447,7165,5007,4044,5458,7051,4989,15.2433,5.13507,8.63043,48.1687
51696,3171,3469,3951,4020,3441,3905,4979,5375,3552,4356,7091,7420,3394,3934,5073,5480,6.39962,16.2739,8.64822,48.4073
51697,8450,9346,4811,3553,5329,5130,4083,3500,3859,3933,3604,3305,3308,3295,3257,3184,-30.4864,-13.9148,8.86432,47.9647
51698,3552,4090,4590,4266,3801,5084,7618,5071,3548,4686,6213,4614,3481,3709,4239,3914,-2.73741,7.33788,8.88421,48.3173
51699,3224,3538,4292,4801,3344,3759,4934,8245,3391,3754,4968,8224,3236,3548,4190,4739,-0.0401141,26.6712,8.8977,48.1247
51700,3160,3281,3442,3289,3393,3551,3940,3703,3704,4304,5456,4872,3880,5549,9585,6662,25.7697,9.19608,8.515,47.8473
51701,6858,9606,5566,3854,4926,5463,4354,3607,3773,3851,3607,3329,3329,3368,3187,3225,-24.9785,-9.62167,8.81399,47.9353
51702,4487,4503,3784,3365,6171,6863,4391,3557,5825,6231,4028,3490,4261,4186,3711,3190,-1.63735,-13.5388,8.66173,48.0287
51703,3116,3336,3710,3868,3236,3627,4445,5520,3356,3854,5282,9898,3356,3671,5025,7123,9.9948,29.3058,8.71161,48.282
51704,4444,4137,3475,3301,7451,4879,3781,3292,8785,5107,3689,3405,4990,4472,3491,3263,2.18833,-33.1872,8.5946,47.9747
51705,3461,3710,3812,3795,3615,4445,5488,4362,3754,5336,7876,5123,3750,4273,5075,4349,5.37258,6.70289,8.57336,48.1493
51706,3215,3475,3358,3079,3725,4030,3607,3306,4895,5930,4594,3678,6408,9459,5782,3974,22.7925,-8.2818,8.86373,48.3433
51707,3410,3444,3301,3140,4272,4161,3702,3298,6198,6519,4307,3523,7251,7549,4592,3677,17.4673,-14.3319,8.78975,48.2293
51708,3048,3219,3435,3372,3113,3411,3806,3798,3434,3892,5014,5618,3496,4247,8023,10386,30.5537,18.4344,8.98723,47.5413
51709,12271,6302,3995,3453,6577,4804,3841,3353,4000,3775,3456,3155,3447,3405,3209,3138,-24.3111,-26.355,8.88804,48.1207
51710,3594,5334,9908,7744,3670,4313,5254,5159,3282,3475,3740,3911,3115,3208,3347,3327,-27.9131,11.5689,8.94129,48.254
51711,3362,3339,3367,3233,3679,3612,3671,3526,4213,5179,4771,3991,5256,9210,7476,4306,30.3237,-3.07205,8.71517,48.1273
51712,3136,3505,3668,3610,3540,3850,4453,4331,3739,4741,7892,5841,3766,4545,6548,5464,12.7242,9.98949,8.85344,48.4193
51713,3260,3592,4372,5204,3312,3862,5303,8796,3418,3785,4980,7171,3243,3531,3935,4542,-2.51163,24.8986,8.5645,48.204
51714,5051,6561,4948,3730,5262,7875,5209,3912,4197,4600,3996,3543,3540,3568,3434,3209,-12.2698,-7.13819,8.68546,48.4233
51715,3387,3180,3154,2985,3884,3853,3502,3309,5564,5088,4081,3389,9488,8968,4542,3564,28.0106,-16.0764,8.89526,47.9587
51716,3277,3383,3265,3170,3753,3772,3839,3457,4535,5117,4556,3818,5756,9701,6377,4120,30.975,-5.51346,8.62499,47.9307
51717,3164,3281,3438,3186,3488,3635,3812,3728,3817,4562,5624,4710,4241,6210,9577,5864,25.1926,6.09673,8.67887,48.2247
51718,3123,3264,3374,3359,3109,3453,3795,3997,3477,3777,4773,6131,3358,3980,6058,12391,28.3211,32.3235,8.55636,47.6127
51719,3233,3324,3263,3127,3821,3927,3570,3244,5443,5116,4165,3428,9112,8886,4669,3537,28.2088,-15.0797,8.78539,47.91
51720,6065,4580,3722,3283,9930,5187,3774,3393,6444,4430,3695,3325,4139,3854,3372,3176,-6.06893,-30.8637,8.7658,48.246
51721,3201,3312,3308,3250,3709,3759,3668,3514,4253,5069,4982,4225,4723,8122,8338,4934,28.3804,0.454352,8.59279,48.2447
51722,3935,3790,3448,3265,5651,4323,3633,3316,9875,5302,3823,3350,6671,4794,3751,3245,8.5744,-30.6947,8.65255,48.1147
51723,3173,3303,3320,3310,3447,3811,3841,3624,3948,4900,5638,4647,4385,6855,8795,5425,22.448,3.71392,8.59716,48.2813
51724,3856,5145,8581,6696,3740,4420,6426,5429,3319,3618,4014,3860,3159,3317,3413,3344,-20.1039,10.4724,8.5111,48.2247
51725,3304,3613,3981,4024,3341,4022,5680,5479,3502,4348,7250,6860,3374,3885,4818,4830,4.28283,14.105,8.92058,48.2073
51726,3723,3623,3310,3246,5031,4111,3543,3256,9533,5325,3839,3455,8101,5094,3831,3283,12.7103,-28.0605,8.72115,48.2027
51727,3771,3659,3304,3187,5143,4285,3616,3249,8661,6031,3943,3392,7359,5483,3973,3361,11.9012,-21.4222,8.71302,48.278
51728,3142,3298,3326,3446,3146,3443,3734,3905,3334,3706,4798,6046,3319,3802,5750,12711,33.6341,30.4274,8.79926,47.2707
51729,3375,4054,6247,8625,3553,3955,5706,7781,3293,3578,4085,4428,3212,3187,3587,3633,-16.5077,20.9406,8.54265,48.1993
51730,3213,3412,3300,3375,3607,3730,3627,3561,4420,5055,4630,3978,5291,9188,7004,4244,30.5626,-3.50288,8.76673,47.7567
51731,9314,5486,4059,3384,8628,5187,3835,3306,4505,4127,3501,3228,3534,3427,3426,3082,-15.8943,-33.1795,8.50264,48.0193
51732,7592,5455,3844,3322,9162,5782,3779,3395,4886,4128,3620,3265,3780,3589,3332,3122,-12.3856,-22.7326,8.80592,48.0353
51733,3847,3761,3334,3056,5402,4338,3673,3230,9857,5287,3710,3364,7253,5014,3726,3376,10.3014,-27.1796,8.96878,48.152
51734,3466,3695,3501,3414,4074,4698,4138,3710,4904,7932,5830,3914,4713,5793,4882,3872,10.3461,-4.90904,8.75867,48.3573
51735,3644,4250,4239,3799,4104,5685,6647,4441,3961,5482,6116,4280,3672,4062,4139,3818,-0.676621,2.71724,8.8994,48.226
51736,4519,4278,3671,3345,6171,6418,4191,3540,6274,6506,4264,3507,4407,4360,3643,3252,0.151352,-14.6082,8.70993,48.2307
51737,3232,3612,4122,4890,3301,3715,4994,8418,3386,3662,4959,8013,3197,3598,4083,4675,-0.556797,30.0609,8.82929,47.9047
51738,4677,4886,3981,3585,6139,7698,4575,3615,5067,5848,4121,3498,3915,3994,3685,3407,-4.37496,-11.4535,8.77748,48.4607
51739,8617,7076,4333,3501,6853,5797,4132,3503,4180,4058,3653,3254,3463,3513,3292,3071,-18.2666,-17.7176,8.91953,48.1973
51740,3306,3597,3644,3697,3563,4101,5108,4409,3727,4866,8268,5835,3539,4314,5485,4885,8.09625,8.97967,8.84128,48.2293
51741,3169,3268,3348,3347,3354,3659,3856,3832,3607,4147,5244,5243,3717,5065,9470,8069,31.2142,12.6252,8.69029,48.2633
51742,3399,3403,3269,3084,4254,4010,3527,3258,6377,5592,4011,3518,9036,7649,4323,3515,20.8003,-17.387,8.58187,48.15
51743,3255,3645,4556,5276,3483,3928,6281,8195,3312,3860,5160,6305,3252,3503,3957,4286,-4.22657,19.5991,8.60805,48.1693
51744,3179,3375,3436,3393,3477,3868,4058,3767,3727,4961,6620,4773,3966,5703,8311,5604,18.5697,5.90341,8.943,48.1453
51745,12130,6219,3951,3411,6473,4733,3793,3393,3939,3859,3501,3174,3392,3303,3199,3091,-26.2361,-26.5538,8.55207,47.7073
51746,3074,3237,3381,3424,3349,3560,3793,3904,3574,3987,5179,5569,3504,4590,8688,9269,27.3625,16.1792,8.55188,48.0547
51747,3946,4408,4408,3815,4161,6471,6303,4183,4026,5650,5655,4129,3667,3970,4032,3617,-2.18729,0.0474445,8.82705,48.294
51748,3489,3487,3462,3288,4007,4632,4072,3521,5328,8034,5348,3892,4926,6275,4840,3874,11.6324,-6.69916,8.79037,48.3167
51749,6414,4796,3786,3342,9935,5338,3791,3277,5739,4472,3669,3272,3827,3787,3274,3154,-7.78128,-33.2161,8.77748,47.9153
51750,3900,3972,3649,3355,4876,6025,4363,3489,5442,7729,4822,3686,4460,4826,3966,3546,3.77112,-9.27955,8.8549,48.0707
51751,12807,5905,3829,3391,6160,4716,3839,3446,3891,3812,3427,3199,3424,3297,3182,3203,-32.3542,-29.4408,8.83345,47.6853
51752,5681,4437,3690,3253,9639,5276,3797,3415,6689,4751,3636,3328,4126,3961,3523,3327,-4.70055,-33.9001,8.97237,48.3527
51753,3507,3979,4788,4330,3611,4724,7641,5668,3551,4255,6130,4930,3381,3643,4064,4006,-3.08441,10.1342,8.57022,48.1387
51754,3243,3350,3340,3244,3684,3846,3677,3430,4522,5438,4752,3893,5732,9368,6624,4220,24.4556,-5.09458,8.62333,48.242
51755,3469,4316,7911,9466,3509,4070,5397,6251,3198,3453,3935,4058,3130,3290,3445,3396,-22.8356,17.4406,8.82911,48.196
51756,3035,3458,3672,4002,3304,3634,4567,6123,3390,3782,5558,9784,3356,3616,4749,6059,6.82038,24.7189,8.97723,48.0593
51757,4891,8364,7954,4732,4246,5002,4760,4118,3536,3743,3867,3543,3169,3370,3304,3223,-28.1972,-0.573593,8.63889,47.8813
51758,4615,7827,8741,4818,4019,4911,4949,4265,3479,3809,3833,3558,3206,3322,3388,3370,-32.549,1.07252,8.81737,48.0733
51759,3094,3239,3303,3409,3230,3410,3775,3997,3388,3695,4638,5976,3314,3960,6509,12477,31.0305,24.813,8.86202,47.6093
51760,4361,7456,9011,5168,3998,4821,5326,4357,3438,3731,3773,3649,3193,3372,3402,3291,-25.8021,2.61113,8.76187,48.2313
51761,3531,3576,3302,3241,4469,4617,3765,3301,6862,7515,4473,3532,5977,6149,4275,3523,11.621,-13.5537,8.89348,48.072
51762,3066,3260,3622,3789,3236,3520,4435,5190,3430,3843,5625,9641,3336,3847,5117,7118,10.844,24.644,8.95227,48.05
51763,3749,4779,7377,5844,3710,4655,7293,5733,3464,3759,4288,4071,3129,3403,3479,3429,-15.4433,10.5255,8.80288,48.108
51764,3311,3620,4751,6016,3444,3850,5259,9812,3366,3558,4480,6322,3200,3476,3788,4033,-6.80407,29.4378,8.70073,48.1907
51765,3314,3566,3710,3677,3581,4332,5253,4120,3925,5499,8236,5127,3817,4544,5364,4463,8.16344,5.82376,8.90114,48.352
51766,3289,3198,3399,3214,3610,3725,3695,3409,4376,5274,4609,3779,5578,9458,6895,4199,28.1607,-4.43127,8.935,47.8047
51767,4668,8014,8714,4950,4055,4887,5044,4219,3391,3720,3641,3477,3202,3234,3277,3230,-29.4327,1.04319,8.71817,47.8153
51768,2970,3302,3412,3361,3255,3609,4002,3988,3544,4076,5733,6644,3499,4372,7384,8817,20.094,17.5466,8.52435,47.9787
51769,3205,3442,3510,3390,3552,4014,4125,3815,4197,5593,6560,4567,4262,6024,7050,4794,16.2823,2.59475,8.62592,48.0667
51770,3120,3471,3759,3981,3199,3853,4757,5506,3464,3959,6487,8517,3321,3840,5010,5801,7.49497,19.0621,8.7662,48.03
51771,3352,3617,3683,3679,3588,4268,4933,4175,3808,5291,8033,5314,3763,4555,5614,4739,9.34206,7.04018,8.64626,48.2747
51772,3763,4453,4917,4195,3914,5888,7681,4694,3715,4616,5421,4344,3438,3802,3809,3687,-5.2259,3.98581,8.72605,48.2247
51773,3452,3886,4840,4872,3575,4608,7535,6326,3482,4037,5677,5176,3279,3594,4091,3975,-4.61251,12.3009,8.70196,48.27
51774,3118,3306,3504,3540,3306,3500,4117,4335,3432,3832,5225,8055,3385,3962,5800,9731,17.2979,24.1697,8.771,48.0987
51775,5651,4524,3630,3319,9591,5193,3774,3411,6618,4575,3629,3347,4191,3960,3421,3159,-5.26078,-29.6706,8.91432,47.9953
51776,3458,3421,3200,3183,3886,3838,3414,3239,5906,5103,3787,3395,10720,7614,4224,3440,31.9878,-19.7816,8.64573,47.8853
51777,3145,3256,3353,3318,3347,3634,3845,3819,3683,4372,5630,5013,3872,5401,9451,7004,24.2492,9.80226,8.66191,48.0953
51778,5228,9147,7159,4228,4444,5141,4726,3937,3692,3827,3768,3491,3360,3368,3247,3228,-33.5027,-3.03014,8.53266,47.994
51779,4450,7569,8752,4880,4110,4814,5031,4283,3595,3733,3837,3647,3282,3414,3380,3311,-33.3857,2.07963,8.67092,48.0587
51780,3158,3223,3407,3473,3297,3481,3812,4232,3392,3719,4850,7207,3494,3929,5887,11335,20.9494,30.741,8.64454,47.9307
51781,3119,3342,3661,3681,3268,3601,4282,4639,3433,4170,6340,7954,3432,4087,6015,7364,13.8573,18.2046,8.73824,48.2587
51782,3286,3395,3440,3225,3527,3992,3898,3659,4359,5871,5679,4181,4638,7350,7085,4601,18.9379,-0.318557,8.93516,48.124
51783,3164,3498,4324,5081,3386,3771,5328,8579,3287,3761,4946,7539,3263,3546,4008,4626,-1.95284,24.2518,8.79081,48.0713
51784,3396,3482,3406,3179,3645,3998,3722,3595,4534,6067,5528,4033,4756,7817,6590,4359,19.0032,-2.01181,8.91506,48.0713
51785,3034,3302,3455,3506,3308,3534,4019,4847,3334,3690,5577,9247,3395,3951,5595,8448,14.0993,24.8343,8.92252,48.1613
51786,10531,5643,3989,3390,7971,5012,3878,3253,4330,4015,3453,3186,3459,3474,3251,3079,-18.9459,-30.8085,8.61152,47.9427
51787,3378,3699,4125,3825,3574,4367,6046,4933,3707,4763,7660,5515,3659,4034,4679,4382,3.54802,9.42839,8.6327,48.2307
51788,12877,6057,3948,3395,6199,4732,3791,3450,3831,3707,3382,3377,3477,3511,3178,3170,-28.3582,-29.4504,8.9493,48.0547
51789,9920,7576,4339,3588,6213,5317,3868,3478,4093,3926,3427,3230,3420,3369,3185,3086,-23.0346,-18.565,8.83915,48.0233
51790,9257,8692,4430,3554,5522,5187,4141,3525,3871,3822,3469,3271,3337,3348,3242,3124,-33.4029,-15.8408,8.99696,47.8613
51791,3281,3903,6828,11921,3363,3732,4774,6015,3287,3456,3778,3834,3114,3190,3393,3492,-32.0137,22.9148,8.98992,47.574
51792,7587,9446,5086,3532,5093,5277,4357,3634,3849,3838,3580,3400,3377,3402,3270,3210,-33.2655,-11.6914,8.58451,47.9587
51793,3211,3417,3648,3615,3405,3724,4523,4795,3488,4164,7105,7486,3488,4011,5614,6236,11.0549,16.0298,8.96876,47.9533
51794,3122,3326,3461,3446,3291,3593,4073,4089,3577,4566,6604,5613,3642,4883,8251,6679,18.9329,11.6469,8.81384,48.144
51795,7239,6023,4117,3512,8026,6259,4098,3532,4686,4296,3679,3386,3500,3511,3340,3083,-13.3091,-19.0248,8.72555,48.1913
51796,4968,8558,7720,4671,4298,4941,4940,4194,3655,3773,3655,3458,3250,3402,3251,3171,-28.1445,-1.33774,8.56941,47.9367
51797,4416,5664,5690,4261,4286,6881,6778,4315,3856,4315,4336,3838,3347,3518,3515,3362,-11.9321,-0.463914,8.84201,48.252
51798,3483,4181,5583,5144,3649,4660,7984,6262,3370,3962,5045,4740,3287,3501,3739,3857,-8.32111,11.8151,8.59935,48.298
51799,3415,3942,5979,12891,3345,3726,4725,5992,3209,3484,3716,3957,3250,3342,3396,3332,-29.9795,29.5527,8.9714,47.8007
51800,3073,3323,3460,3448,3278,3467,3813,4193,3469,3869,5108,7596,3419,3948,5715,10493,19.2842,32.7069,8.68699,47.7813
51801,3237,3502,4020,4224,3292,3650,4705,6969,3415,3799,5104,9454,3288,3617,4418,5498,4.06753,30.1526,8.89743,48.128
51802,3470,3453,3203,3090,4134,4061,3677,3370,6253,6322,4279,3663,7703,7473,4470,3700,18.0974,-14.8557,8.50534,48.214
51803,3420,3598,3318,3167,3938,4086,3759,3335,5470,6948,4610,3662,6289,7939,4840,3728,17.0012,-10.6812,8.99318,48.0713
51804,3615,4156,5067,4404,3784,5213,7905,5179,3652,4445,5731,4512,3462,3723,3854,3811,-4.63103,7.33591,8.93218,48.342
51805,12561,6483,3941,3354,6130,4889,3756,3424,3984,3703,3475,3279,3396,3366,3302,3204,-27.336,-26.1148,8.78326,48.1647
51806,3413,3327,3123,3144,3982,3722,3406,3256,6099,4804,3878,3321,12508,6491,3962,3451,28.1902,-25.3022,8.98649,47.9247
51807,3086,3286,3602,3786,3198,3608,4481,5013,3435,4009,6427,8499,3406,4062,5495,6869,11.4006,19.6268,8.87303,48.1747
51808,3494,3706,3317,3115,4255,4294,3706,3353,6593,6792,4263,3650,6764,6855,4432,3581,14.9365,-14.2666,8.70786,48.1133
51809,4549,4055,3510,3238,7690,4827,3746,3287,8739,5103,3874,3274,4968,4261,3598,3259,1.29274,-32.772,8.66049,47.9853
51810,5126,7181,5285,3953,4890,7193,5307,3931,3966,4236,3953,3533,3411,3605,3425,3314,-14.7204,-5.25671,8.76984,48.206
51811,3789,3542,3369,3101,5183,4413,3626,3246,9160,5654,3967,3286,7103,5083,3923,3370,11.022,-22.9263,8.54305,47.8767
51812,3456,3443,3108,3076,4130,3995,3501,3217,6867,4952,3728,3399,11271,6501,4027,3423,22.5279,-23.1781,8.97353,48.0627
51813,3503,3395,3227,3051,3805,3765,3367,3252,6002,4673,3721,3313,12651,5929,3829,3259,31.7707,-27.7898,8.95423,47.1613
51814,3437,3397,3318,3141,3732,3738,3562,3387,4970,5190,4377,3732,6709,9989,5593,3959,32.4191,-8.84525,8.84366,48.154
51815,3344,3342,3186,3161,4002,3690,3390,3215,6029,4854,3797,3380,12206,6602,4042,3325,28.4041,-24.3585,8.89384,47.71
51816,3388,3398,3192,3012,4103,3937,3575,3297,6345,5643,4018,3467,9129,7458,4464,3586,20.485,-17.2954,8.94257,48.008
51817,3398,4010,5644,6550,3438,4064,6659,8134,3316,3668,4569,4965,3073,3326,3595,3747,-10.9455,18.2682,8.89861,48.104
51818,3350,3553,3818,3670,3638,4239,5146,4151,3836,5451,8131,5186,3700,4404,5371,4549,7.67158,6.27091,8.84001,48.1287
51819,3327,3696,4453,4880,3484,3927,6073,7698,3372,3943,5509,6792,3395,3537,4067,4253,-2.26086,18.7325,8.7202,48.2707
51820,3650,4066,4221,3743,4131,5656,5789,4226,4225,6047,6306,4263,3847,4194,4249,3797,0.931045,0.441528,8.63643,48.2733
51821,3297,3365,3607,3545,3287,3764,4254,4256,3598,4310,7104,6379,3499,4470,6924,6525,14.7482,13.2917,8.63941,48.1227
51822,3170,3310,3370,3422,3222,3414,3803,3938,3396,3750,4673,5915,3433,3923,5991,12754,29.78,32.0308,8.71868,47.656
51823,3659,3810,3631,3469,4147,5214,4628,3761,4756,7894,6011,3992,4233,5094,4647,3750,7.01063,-3.68338,8.86417,48.464
51824,3216,3330,3586,3493,3189,3692,4212,4355,3507,4004,6171,7645,3520,4081,6369,7855,15.4131,18.4796,8.86675,48.15
51825,9681,8395,4359,3436,5440,5102,4078,3445,3901,3868,3428,3149,3328,3410,3317,3070,-31.5141,-16.712,8.97462,47.6047
51826,3257,3464,3630,3562,3585,4184,4894,4154,3911,5237,8081,5133,3739,4534,5900,4756,9.86374,6.81806,8.86299,48.014
51827,11092,7616,4178,3550,5719,5133,3948,3377,3894,3816,3387,3191,3433,3357,3227,3041,-31.4314,-19.662,8.96501,47.9727
51828,3454,3638,3784,3692,3729,4620,5324,4148,4069,5945,7747,4774,3805,4499,4933,4176,6.08173,3.49177,8.93528,48.2247
51829,3053,3239,3352,3414,3438,3672,4001,3797,3726,4665,6120,4879,4083,5640,9010,6068,21.0086,7.84344,8.56531,48.1047
51830,3315,3449,3323,3245,3862,3813,3671,3223,5251,5163,4168,3611,8491,9420,4747,3616,29.7418,-13.6439,8.72756,48.2453
51831,3767,5291,9860,7433,3647,4163,5308,4935,3326,3552,3838,3920,3121,3089,3429,3366,-28.157,10.9079,8.69825,48.03
51832,3226,3620,4300,5304,3267,3856,5124,9095,3324,3654,4721,7510,3186,3476,3967,4447,-2.38746,28.6858,8.89148,48.0513
51833,3375,3851,4764,6298,3341,3824,5705,9665,3307,3654,4656,5905,3035,3280,3843,3861,-7.86173,23.3167,8.98022,48.2427
51834,7918,9472,4950,3617,5046,5126,4212,3564,3839,3910,3641,3382,3255,3334,3308,3092,-31.1695,-12.3473,8.59278,47.7773
51835,3387,4329,7149,8415,3502,3959,5914,7109,3309,3611,4054,4216,3085,3225,3308,3411,-17.885,17.7757,8.8103,47.9887
51836,3072,3297,3293,3317,3159,3430,3794,4014,3509,3743,4874,6828,3366,3935,5998,12017,23.5598,31.9989,8.90164,47.764
51837,3100,3332,3657,3863,3349,3678,4422,5916,3346,3702,5261,10008,3321,3742,4712,6617,8.34499,29.676,8.8548,48.0173
51838,4638,5332,4350,3708,5151,8019,5476,3836,4299,5166,4194,3593,3723,3764,3600,3340,-7.58091,-6.79674,8.52537,48.126
51839,12184,5859,3841,3415,6662,4846,3828,3399,3988,3738,3530,3260,3438,3318,3250,3056,-24.1311,-31.605,8.72634,47.7413
51840,3286,3392,3365,3192,3774,3809,3528,3343,4970,5192,4453,3729,7245,10076,5331,3753,31.3072,-10.4813,8.88982,48.292
51841,3291,3294,3427,3310,3743,4181,3993,3592,4538,6856,5781,4201,4772,6948,6329,4313,15.9114,-1.93899,8.86534,48.3793
51842,11356,6118,3926,3430,7196,4988,3788,3381,4037,3879,3469,3147,3416,3437,3251,3035,-21.4524,-26.8742,8.91252,47.9027
51843,3569,3420,3269,3142,4285,3846,3591,3257,7383,5072,3916,3280,10722,6091,4037,3394,19.8494,-24.4083,8.804,48.1827
51844,3112,3223,3417,3390,3200,3423,3863,3931,3381,4042,5518,6378,3432,4258,7522,9792,21.9999,18.6307,8.86203,47.9213
51845,3264,3491,3604,3579,3284,3919,4727,4314,3813,4918,8089,5625,3689,4477,6273,5089,10.9456,9.30156,8.97389,48.1033
51846,5127,8158,6290,4283,4570,6381,5294,3979,3788,4017,3744,3602,3260,3450,3358,3224,-18.9027,-3.94189,8.92525,48.35
51847,3122,3309,3396,3469,3312,3479,3866,4243,3345,3925,4812,7141,3465,3874,5866,11806,22.4056,31.3087,8.8916,48.2867
51848,3189,3385,3403,3387,3257,3469,3744,3883,3434,4161,5198,5424,3515,4564,8862,9211,32.2988,15.2909,8.79478,48.0573
51849,3244,3339,3300,3261,3514,3616,3847,3653,3936,4815,4970,4318,4452,7524,9047,5151,31.1453,2.15599,8.76866,47.9913
51850,3539,3904,3894,3630,4143,5339,4879,3814,4523,7103,6211,4091,4083,4820,4536,3821,5.40753,-2.14781,8.52581,48.22
51851,4312,6640,9496,5680,3824,4705,5067,4521,3503,3629,3801,3780,3267,3283,3256,3309,-32.7024,5.10012,8.55057,48.0487
51852,3339,3336,3817,3934,3374,3796,5026,4945,3649,4415,7514,7016,3477,3981,5128,5370,7.40088,14.1213,8.83822,48.078
51853,3407,3443,3437,3250,3507,3729,3883,3629,4074,4789,5059,4158,4385,7631,8708,4853,33.6889,1.55607,8.60164,47.9613
51854,3127,3179,3300,3259,3312,3659,3831,3852,3614,4107,5429,5193,3620,5160,9414,7810,26.0268,12.3332,8.81237,47.9107
51855,6280,5898,4119,3518,7510,6926,4164,3505,4768,4477,3722,3368,3623,3662,3206,3068,-11.6831,-15.8955,8.52707,47.876
51856,3872,4123,3810,3484,4798,6187,4471,3695,5328,7504,4887,3743,4281,4694,3996,3582,2.87549,-8.64782,8.5688,48.3033
51857,3315,3931,5534,8927,3455,3838,5398,8827,3249,3487,4067,4570,3194,3166,3515,3510,-15.0356,25.9391,8.97879,47.9887
51858,3209,3442,3671,3823,3440,3800,4849,5130,3553,4182,7186,7473,3504,4018,5268,5559,7.89604,15.9141,8.58032,48.0713
51859,11053,5826,3841,3445,7489,4975,3838,3341,4268,3976,3476,3320,3390,3426,3206,3064,-20.0339,-29.0623,8.59143,47.956
51860,3518,3649,3402,3234,4241,4508,3758,3458,5884,7754,4664,3674,5650,6809,4483,3669,13.114,-10.6323,8.78579,48.2367
51861,12237,6038,3861,3341,6337,4708,3809,3431,4020,3809,3452,3236,3268,3458,3249,3113,-26.0947,-32.0937,8.67335,47.578
51862,2987,3220,3401,3462,3267,3545,3823,4163,3358,3922,5049,7296,3338,3947,6133,10878,20.3489,25.7504,8.72869,47.8593
51863,8008,9534,4922,3682,5161,5279,4095,3565,3784,3859,3593,3296,3339,3374,3210,3115,-30.0462,-12.8222,8.98049,47.8773
51864,3385,4009,6983,11880,3360,3798,4895,5802,3199,3512,3738,3937,3095,3139,3320,3437,-32.9841,21.7347,8.92486,47.6593
51865,3443,3303,3194,3112,3758,3738,3466,3106,6024,4968,3913,3323,11261,7140,4177,3430,27.3471,-21.258,8.80537,47.5707
51866,3544,3469,3312,3125,4256,4036,3501,3221,7170,5761,4004,3500,8720,6821,4240,3469,18.1512,-19.1866,8.71564,48.0993
51867,3404,3507,3285,3090,4144,3820,3422,3066,7160,4891,3758,3511,11423,5947,3921,3442,21.699,-29.6704,8.68709,47.8607
51868,5662,8842,5635,4000,4879,6488,4886,3797,3819,3950,3666,3476,3399,3321,3308,3157,-19.593,-7.05618,8.91328,48.19
51869,3295,3701,4371,5348,3383,3813,5144,9332,3285,3736,4608,7015,3308,3463,4011,4266,-4.01874,31.4598,8.80532,48.0527
51870,3939,3702,3403,3121,5785,4451,3655,3246,9648,5529,3868,3384,6536,4851,3730,3202,8.49902,-24.5629,8.74839,48.0333
51871,3291,3663,4428,5386,3304,3830,5206,9502,3209,3753,4683,6984,3167,3411,3923,4471,-3.91703,27.7964,8.7804,48.1407
51872,3870,5288,8454,6061,3629,4670,6588,5184,3431,3797,4085,3868,3130,3372,3445,3338,-19.0263,8.52531,8.72067,48.14
51873,3313,3318,3306,3141,3760,3760,3742,3356,4728,5648,4433,3794,6336,9787,5959,4031,24.781,-7.49565,8.87364,48.2747
51874,3318,3916,5834,10727,3329,3773,5134,7700,3163,3496,3913,4312,3053,3349,3373,3320,-19.5723,27.5721,8.66598,47.8067
51875,8313,8334,4627,3617,5865,5752,4090,3525,4003,3937,3591,3358,3420,3374,3187,3105,-21.6375,-14.9205,8.61818,48.0653
51876,3506,4294,7333,8572,3597,4123,5882,6770,3301,3515,4127,4201,3110,3253,3458,3291,-19.1108,17.4825,8.69803,48.222
51877,6049,9656,6045,4010,4756,5805,4506,3736,3685,3934,3578,3501,3333,3327,3284,3098,-24.3842,-7.36741,8.99587,48.202
51878,7023,5076,3784,3325,9727,5528,3877,3394,5465,4237,3721,3254,3830,3638,3378,3129,-10.1697,-25.6622,8.83415,48.2573
51879,3467,4383,7845,10433,3506,4023,5134,5778,3261,3530,3904,3901,3132,3191,3369,3430,-29.3717,18.8216,8.51916,48.1913
51880,3372,3806,5988,11299,3372,3718,4917,7213,3221,3518,3908,4146,3153,3187,3417,3492,-20.7507,27.3119,8.88012,47.818
51881,3022,3233,3411,3231,3312,3531,3981,3896,3540,4220,5527,5373,3622,4954,9006,8023,24.7759,13.1144,8.5916,47.9213
51882,3740,4735,6249,5074,3727,5125,8144,5583,3609,3902,4714,4169,3326,3447,3580,3438,-11.1692,7.85313,8.88259,48.3747
51883,5761,9421,6210,4097,4619,5662,4786,3820,3604,3862,3600,3433,3337,3440,3302,3174,-23.056,-5.78258,8.80705,48.0853
51884,3249,3368,3277,3198,3634,3860,3776,3584,4230,5208,5354,4229,4717,7866,7796,4866,23.7384,0.132232,8.51302,48.1413
51885,3353,3927,6252,12400,3331,3793,4785,6346,3256,3332,3732,3945,3110,3131,3325,3474,-25.7565,28.3055,8.88457,47.6613
51886,9942,5638,3931,3461,8217,5005,3729,3326,4358,3998,3572,3247,3531,3514,3217,3096,-17.0335,-31.4279,8.80912,47.8547
51887,6789,9344,5445,3849,5078,5702,4428,3749,3743,3978,3646,3392,3273,3419,3276,3111,-23.8279,-9.68095,8.73177,48.148
51888,4044,5273,6644,4944,3997,5703,7412,4799,3609,4065,4389,3859,3312,3380,3397,3467,-13.5619,4.57162,8.82197,48.196
51889,7604,6833,4239,3569,6948,6347,4149,3469,4391,4107,3578,3387,3556,3525,3258,3171,-16.2706,-16.3876,8.84906,48.0873
51890,3429,3863,5671,10445,3397,3740,4969,7877,3205,3353,3942,4306,3265,3306,3457,3506,-18.3406,28.6045,8.66193,47.8207
51891,3417,3652,4654,5521,3359,4032,5912,8741,3329,3689,5073,6324,3203,3452,3956,4119,-4.9387,21.505,8.56269,48.2887
51892,3482,4243,5508,4900,3590,4787,8222,5759,3578,4152,5116,4480,3370,3459,3679,3777,-8.44722,10.0658,8.64167,48.068
51893,3314,3976,5950,12526,3401,3806,4807,6309,3201,3478,3786,4004,3087,3237,3358,3342,-26.8075,29.4479,8.64053,47.7213
51894,9209,8573,4696,3429,5385,5186,4040,3520,3933,3837,3528,3250,3319,3398,3233,3144,-28.2279,-15.8027,8.52104,47.7867
51895,4160,6465,9678,5694,3940,4635,5038,4472,3535,3722,3785,3692,3271,3314,3330,3316,-30.9213,5.33979,8.54481,48.0313
51896,3152,3356,3338,3224,3563,3801,3754,3442,4536,5280,4848,3904,5309,9250,7068,4361,25.6339,-3.32238,8.97584,48.124
51897,3220,3335,3649,3657,3470,3944,4686,4338,3820,4818,8102,5766,3528,4481,6076,5181,10.881,9.49031,8.79891,48.0473
51898,5993,4619,3664,3330,9794,5348,3708,3259,6290,4544,3621,3329,4019,3886,3487,3194,-5.73861,-30.5273,8.67288,48.0567
51899,3152,3165,3372,3329,3262,3405,3824,3943,3373,3769,4753,6188,3392,3943,6230,12307,30.6996,26.9409,8.6107,47.6047
51900,3335,4263,7853,10694,3372,3822,5006,5736,3176,3529,3814,3892,3096,3274,3434,3361,-28.4787,19.1569,8.75623,47.7713
51901,4013,4556,4445,3878,4427,6983,6353,4043,4134,5562,5066,3908,3715,3881,3850,3516,-3.90433,-2.00455,8.88967,48.22
51902,3363,3377,3159,3100,3982,3846,3450,3163,6022,4974,3753,3381,12046,6596,4026,3431,28.1646,-24.0646,8.65822,47.7793
51903,3382,3947,6232,12647,3387,3688,4743,6062,3164,3500,3709,3928,3131,3217,3378,3399,-30.5671,26.8798,8.85831,47.676
51904,3708,4464,5788,4822,3705,5138,8272,5475,3643,4037,4970,4159,3294,3493,3840,3619,-8.92308,7.6595,8.89553,48.2847
51905,3337,3432,3294,3073,3996,3979,3681,3291,5309,5883,4320,3657,7201,8988,5059,3813,22.0195,-11.0925,8.60841,48.2087
51906,3314,3934,6027,8667,3374,3845,5681,8255,3274,3549,4086,4503,3096,3320,3499,3623,-15.4886,21.5382,8.90514,48.0313
51907,3297,3606,3893,3630,3546,3968,5065,4266,3814,5189,8292,5342,3717,4446,5487,4631,8.43484,7.24434,8.65216,48.126
51908,7011,4998,3714,3365,9793,5308,3894,3349,5258,4283,3603,3322,3756,3645,3396,3155,-10.2682,-32.477,8.78125,47.9
51909,3367,3399,3297,3177,3792,3875,3535,3406,5465,5146,4094,3375,9760,8483,4593,3544,31.5028,-16.6347,8.75111,48.2053
51910,3206,3291,3300,3342,3237,3506,3766,3826,3554,4300,5035,5151,3623,4953,9634,8292,31.9633,13.1093,8.81255,48.0107
51911,3245,3476,3313,3274,3771,3853,3720,3487,4505,5143,4509,3844,5662,9509,6550,4127,33.39,-5.10991,8.52718,47.992
51912,3295,3291,3325,3340,3537,3739,3856,3497,4062,4884,4780,4310,4626,7680,8674,4954,28.8249,1.20301,8.59567,47.9
51913,3347,3831,5234,8518,3355,3833,5308,9277,3189,3622,4183,4846,3116,3316,3523,3686,-13.8023,29.4907,8.70087,48.1227
51914,7271,7781,4572,3680,6022,6528,4307,3629,4070,3990,3651,3258,3431,3456,3266,3128,-18.1364,-13.7035,8.89491,48.0267
51915,3069,3155,3286,3532,3133,3422,3789,4027,3382,3795,5071,6741,3361,4043,6774,10995,22.8738,22.7596,8.63946,47.7167
51916,3498,3485,3390,3181,3993,4390,3691,3462,5736,7592,4728,3722,5651,7192,4742,3689,14.1196,-10.1108,8.93787,48.0947
51917,3369,3640,4718,6576,3272,3856,5268,10240,3333,3634,4352,5760,3124,3380,3640,3831,-8.33,31.5818,8.97464,47.9953
51918,3187,3347,3308,3301,3581,3736,3872,3650,3948,4900,5554,4399,4291,6909,8725,5230,22.4465,3.57057,8.90724,47.9587
51919,3766,4869,7045,5754,3832,4659,7309,5643,3429,3879,4393,4161,3223,3364,3585,3454,-14.5072,9.4728,8.633,48.2433
51920,3120,3344,3662,3774,3250,3484,4238,5199,3398,3854,5216,9706,3404,3772,5151,7325,11.2109,33.4675,8.5966,47.9313
51921,4769,5268,4172,3487,5833,8195,4888,3644,4538,5251,4088,3547,3717,3873,3584,3345,-6.72498,-9.54157,8.98998,48.1327
51922,6626,9500,5639,3905,4973,5812,4426,3782,3780,3935,3737,3249,3334,3378,3269,3066,-23.8915,-8.69278,8.64631,48.274
51923,12662,6064,3965,3440,6137,4686,3811,3427,3883,3732,3355,3156,3316,3361,3220,3213,-27.5045,-33.9155,8.94289,47.6187
51924,4284,4832,4018,3663,5047,7465,5388,3847,4368,5914,4679,3696,3849,4050,3835,3466,-3.62942,-5.84555,8.55506,48.2673
51925,3200,3500,3200,3108,3855,3834,3603,3316,5151,5152,4150,3603,8110,9378,4973,3628,28.7772,-12.8588,8.544,47.8407
51926,12423,6243,3791,3437,6487,4814,3770,3370,4048,3782,3372,3240,3363,3310,3297,2984,-25.644,-26.7643,8.75111,47.8207
51927,6138,4776,3777,3296,9365,5668,3832,3421,5873,4492,3614,3284,4052,3844,3340,3311,-7.63362,-23.4085,8.58262,48.0553
51928,3594,4526,6415,5850,3631,4644,7757,6162,3416,3829,4452,4419,3237,3484,3559,3565,-12.602,11.4961,8.60407,48.36
51929,3453,3236,3244,3150,4188,3915,3409,3201,7345,5029,3773,3293,11312,5717,3854,3384,20.7436,-30.8714,8.95036,47.6687
51930,3347,3363,3288,3091,3986,3797,3413,3111,6728,4874,3775,3399,12433,5994,3885,3290,24.2568,-27.7158,8.93574,47.8493
51931,3153,3263,3561,3456,3302,3591,4179,4191,3673,4292,6667,6139,3676,4811,7671,6713,16.9903,12.7378,8.73819,48.2253
51932,4010,5221,5889,4513,3991,6052,7609,4687,3686,4242,4552,3853,3396,3550,3551,3429,-11.067,2.79763,8.92432,48.154
51933,3637,4385,6910,6902,3511,4288,6613,6769,3250,3655,4436,4366,3253,3263,3525,3564,-15.6172,14.8257,8.50633,48.218
51934,5500,4882,3809,3331,8268,6753,3961,3480,5789,4918,3857,3382,3969,3848,3516,3191,-6.13946,-18.8021,8.79358,48.3027
51935,4136,3911,3426,3149,6661,4573,3623,3364,9698,5240,3807,3377,5740,4484,3679,3330,4.86491,-29.947,8.73831,48.132
51936,3639,3587,3244,3162,4909,4115,3564,3274,9707,5314,3874,3428,7824,5194,3809,3322,12.3515,-33.434,8.91466,47.9773
51937,5124,4680,3835,3420,7518,6740,4169,3442,5875,5345,3870,3399,4037,3999,3479,3355,-4.34343,-16.7184,8.53478,48.1913
51938,3727,3795,3460,3168,4746,4929,3983,3312,6365,8014,4549,3643,5313,5676,4215,3435,8.96674,-12.2552,8.80651,48.22
51939,3108,3329,3398,3367,3304,3485,3846,3921,3584,4174,5261,5193,3637,5001,9508,7741,33.8953,12.2423,8.53101,47.9047
51940,4095,6060,9632,5992,3732,4542,5543,4724,3391,3727,3804,3788,3173,3276,3366,3224,-24.8598,6.61052,8.53209,48.046
51941,3117,3256,3390,3396,3202,3547,3702,3812,3425,3806,4672,5877,3364,3975,6089,12693,29.222,32.976,8.82889,47.5487
51942,3469,4316,8024,9922,3398,4070,5145,5697,3288,3495,3909,3910,3164,3159,3461,3500,-33.3348,17.5317,8.5784,47.9513
51943,3788,3875,3541,3418,4761,5608,4124,3571,5754,7831,4873,3603,4625,5157,4164,3519,5.84639,-9.76903,8.55573,48.1413
51944,4026,5999,9406,5956,3921,4680,5774,4733,3374,3582,3854,3682,3166,3441,3294,3281,-23.3035,6.83931,8.64495,48.1127
51945,10438,5610,3957,3373,8036,5021,3773,3519,4484,3936,3493,3237,3407,3376,3097,3092,-18.3658,-31.7425,8.94593,47.8993
51946,3147,3427,3542,3601,3390,3745,4227,4144,3475,4367,6665,6308,3720,4469,7515,7072,16.906,13.7143,8.85522,48.5427
51947,8095,9249,4894,3607,5343,5466,4133,3567,3860,3886,3641,3292,3226,3357,3326,3099,-25.3084,-13.2033,8.80035,48.0273
51948,3397,3372,3209,3026,3900,3816,3518,3221,6348,4975,3797,3320,11559,7083,4225,3371,25.1891,-21.8168,8.99189,48.0913
51949,3133,3302,3381,3365,3287,3567,3861,3937,3643,3985,5206,5303,3528,4980,9311,8306,26.6556,13.3093,8.62257,48.0633
51950,3238,3476,3476,3418,3453,3929,4299,4029,3797,5082,7771,5398,3775,5026,6902,5205,13.5497,7.71501,8.79521,48.1827
51951,11283,7385,4105,3492,6154,5008,3890,3485,3903,3899,3516,3141,3485,3386,3205,3047,-26.2701,-20.9219,8.90405,48.256
51952,5463,5866,4319,3517,6425,7797,4538,3586,4501,4723,3914,3500,3659,3711,3469,3261,-10.1743,-12.5106,8.99921,48.166
51953,3418,3412,3437,3171,3980,4118,3888,3424,5000,6899,5001,3904,5402,7753,5622,3902,16.992,-6.19784,8.89422,48.2207
51954,3241,3482,3843,3793,3354,3896,4849,5162,3459,4328,7202,7497,3510,3992,5242,5608,8.13955,15.7971,8.79653,48.3053
51955,3482,3640,3286,3177,4353,4315,3641,3361,6393,7308,4460,3555,6169,6775,4414,3489,13.8707,-12.8012,8.82334,47.8787
51956,8360,8096,4550,3566,6045,5771,4082,3507,3997,4053,3533,3329,3383,3459,3194,3154,-20.9384,-15.5188,8.9139,48.0527
51957,3333,3454,3844,3702,3478,4043,4922,4375,3780,5010,8013,5677,3737,4368,5872,4857,9.29836,9.04004,8.54749,48.31
51958,3530,3531,3204,3122,3898,4027,3501,3323,6169,5762,4210,3654,8395,7900,4483,3602,20.6003,-15.8015,8.66701,48.2073
51959,3504,3435,3218,3086,4197,4165,3562,3347,6255,6039,4278,3545,7709,7863,4469,3529,18.8596,-15.0547,8.63446,48.134
51960,6801,4864,3702,3428,9969,5354,3762,3417,5617,4336,3642,3246,3870,3707,3431,3108,-9.38053,-30.3342,8.75254,48.1693
51961,10463,6465,4062,3366,7191,5262,3797,3445,4155,3922,3402,3275,3497,3430,3184,3027,-20.6429,-22.54,8.66736,47.962
51962,3573,4211,5958,5792,3572,4567,7791,6579,3434,3933,4654,4555,3127,3451,3717,3605,-10.9816,12.918,8.90306,48.346
51963,4086,3758,3474,3072,6310,4625,3665,3318,9240,5647,3754,3305,5957,4656,3719,3266,5.99865,-24.0477,8.58268,47.9013
51964,8326,8588,4664,3655,5812,5654,4040,3447,3958,3909,3420,3423,3398,3433,3233,3106,-22.1262,-14.5867,8.9645,48.044
51965,4378,3963,3383,3230,7174,4785,3710,3390,9092,4945,3644,3435,5224,4380,3665,3313,2.70915,-30.5967,8.59502,47.8073
51966,3361,3690,4121,4085,3559,4180,6073,5331,3595,4309,7282,6016,3448,3889,4795,4466,2.40801,11.8454,8.54191,48.1333
51967,4313,6827,8255,5167,3906,5152,5964,4557,3549,3752,4042,3711,3169,3300,3452,3280,-20.067,2.92596,8.86659,48.264
51968,3362,3631,4696,6591,3382,3682,5284,10038,3282,3599,4433,5675,3281,3417,3808,3981,-8.43437,30.642,8.99174,48.0947
51969,3259,3563,3966,4085,3444,4071,5527,5399,3593,4279,7384,6726,3408,3857,5002,4817,4.86588,13.8469,8.75518,48.2533
51970,3493,3459,3494,3395,3797,4280,4068,3567,4417,6996,6100,4056,4539,6400,5761,4359,13.9592,-2.21508,8.65733,48.1207
51971,7131,7837,4537,3578,6076,6257,4200,3606,4011,4039,3588,3373,3475,3419,3353,3126,-18.2966,-13.4073,8.87267,47.7373
51972,4653,6544,5826,4336,4584,6963,5963,4143,3846,4279,4074,3647,3335,3493,3392,3300,-14.321,-2.26837,8.94568,48.252
51973,3120,3273,3434,3236,3473,3718,3797,3551,3715,4520,5285,4701,4067,6404,9788,5961,28.9713,5.95907,8.81718,48.0287
51974,5610,8917,6360,4211,4469,5884,4816,3911,3620,3902,3725,3448,3214,3345,3410,3167,-22.1917,-4.67839,8.72488,48.006
51975,3170,3304,3364,3382,3294,3547,3865,3913,3604,4003,5455,5591,3502,4516,8439,9060,24.2275,15.876,8.73032,48.006
51976,3378,3676,4082,4040,3581,4502,6292,4820,3724,4897,7626,5414,3484,3938,4666,4383,2.86921,8.97356,8.77797,48.3353
51977,4647,4633,3802,3487,6696,6924,4223,3548,5912,6019,3964,3397,4347,4073,3628,3317,-2.3858,-14.5402,8.90909,48.4113
51978,3209,3731,4659,5588,3389,3923,6187,8802,3364,3715,4902,6499,3121,3352,3942,4219,-4.76402,20.8688,8.81778,48.4013
51979,6752,4946,3696,3401,9461,5572,3903,3327,5554,4326,3648,3182,3848,3758,3438,3205,-9.22112,-24.132,8.8365,48.0113
51980,3347,3579,3934,3887,3560,4204,5717,4960,3670,4676,7794,5887,3382,4005,4812,4641,4.51752,10.9117,8.77723,48.0367
51981,5961,9648,6605,4175,4537,5201,4471,3841,3649,3722,3673,3369,3238,3443,3308,3226,-28.4853,-5.57994,8.90057,48.0447
51982,3957,4562,4314,3924,4403,6968,6234,4082,4116,5589,5093,3925,3667,4066,3856,3693,-3.18117,-1.74495,8.76618,48.2993
51983,3308,4023,6348,12206,3286,3817,4985,6418,3255,3443,3856,4120,3220,3279,3296,3372,-25.3165,25.0831,8.69741,48.1547
51984,2999,3254,3374,3352,3360,3505,3729,3866,3513,4238,5565,5229,3627,4978,9501,7998,25.2846,12.7852,8.88028,48.0587
51985,3442,3339,3241,3091,3845,3843,3597,3298,5549,5236,4041,3431,9337,8700,4682,3566,27.4835,-15.9796,8.83835,48.1587
51986,3363,4044,6584,10924,3402,3907,5121,6843,3221,3573,3761,4055,3193,3215,3437,3426,-21.969,22.614,8.67754,48.046
51987,3432,3865,5804,11210,3360,3784,4914,7431,3252,3523,3875,4286,3020,3205,3417,3339,-20.3944,29.2473,8.61094,47.8113
51988,3427,3380,3213,3170,4354,3909,3404,3217,7802,4907,3744,3369,10946,5688,3860,3384,19.5086,-29.8479,8.99635,47.8493
51989,3414,3475,3269,3144,3955,3629,3422,3311,5799,4779,3729,3484,12641,6026,3830,3382,30.35,-33.1419,8.77836,47.526
51990,3310,3387,3271,3223,3653,3826,3594,3325,4713,5302,4260,3799,6683,9856,5694,3837,27.6044,-9.2329,8.59365,47.822
51991,5791,9591,6289,4050,4386,5254,4649,3821,3802,3923,3658,3475,3370,3319,3302,3121,-25.7109,-5.83321,8.59693,47.8673
51992,3183,3416,3222,3229,3392,3629,3781,3622,3980,4938,5038,4436,4378,7482,8971,5240,28.995,2.68285,8.56093,47.958
51993,3188,3353,3388,3415,3476,3814,4176,3929,3728,5093,6801,5146,3939,5402,7816,5629,17.0155,7.47588,8.70607,48.1953
51994,10800,7171,4081,3445,6260,5128,3955,3494,3987,3844,3485,3249,3436,3395,3169,3133,-24.3991,-21.2318,8.64009,48.0213
51995,3602,4531,8728,8638,3514,4017,5393,5434,3331,3562,3777,3927,3133,3254,3361,3381,-24.5773,14.6795,8.6059,47.722
51996,3919,4355,4466,3975,4144,6205,6798,4408,3908,5256,5586,4203,3680,3798,4126,3741,-3.2373,1.59666,8.54575,48.3787
51997,3085,3303,3399,3425,3424,3556,4047,4094,3566,4191,6076,6226,3564,4494,7654,8042,18.8865,15.6628,8.69569,48.0973
51998,3485,3495,3206,3175,4572,3960,3382,3263,8453,5073,3833,3426,9353,5570,3786,3443,16.1665,-30.2188,8.55356,47.65
51999,3521,3532,3297,3146,4538,4008,3485,3227,8812,5121,3769,3358,9607,5534,3738,3359,16.2229,-29.9357,8.96595,48.0347
52000,3125,3311,3495,3474,3314,3771,4291,4230,3572,4415,6588,6159,3707,4595,7354,6662,16.3681,12.9556,8.541,48.042
52001,3899,4593,4786,4022,4276,6652,6895,4508,3910,5063,5105,4010,3721,3948,3799,3588,-5.22838,0.454889,8.66962,48.5167
52002,3103,3260,3438,3376,3241,3597,3768,3815,3500,4230,5499,5257,3655,4901,9530,8163,26.7776,13.0612,8.99151,48.222
52003,3145,3291,3631,3685,3269,3683,4353,5280,3404,3935,5737,9334,3412,3823,5114,7245,10.6609,23.3031,8.86408,48.2273
52004,3379,3911,5417,8836,3463,3815,5205,8894,3179,3491,4113,4866,3101,3298,3552,3640,-14.7111,29.8655,8.66819,48.1067
52005,3378,3735,5208,7874,3341,3818,5172,9651,3301,3529,4279,5087,3149,3323,3573,3664,-11.9338,31.2891,8.97435,48.0547
52006,2995,3363,3627,3643,3258,3592,4133,5029,3442,3764,5332,9311,3413,3834,5309,8042,12.8759,26.0307,8.65853,48.058
52007,3120,3223,3317,3357,3258,3552,3748,3973,3378,3831,4837,5796,3403,3997,6783,11984,29.2971,22.417,8.94502,47.7047
52008,3169,3268,3570,3425,3418,3649,4080,3906,3758,4417,6372,5653,3627,4960,8286,6689,19.2267,11.1397,8.52535,48.1647
52009,3640,3925,3758,3479,4116,5283,4881,3930,4435,7279,6445,4227,4079,4735,4549,3874,5.00799,-1.57158,8.95215,48.4233
52010,3174,3505,3612,3583,3471,3889,4747,4163,3741,4885,7885,5814,3696,4694,6322,5261,12.4026,9.57876,8.8003,48.2947
52011,3149,3540,3784,3773,3409,3919,5010,4919,3669,4377,7728,6988,3453,4010,5408,5441,8.15458,13.9757,8.6455,48.3847
52012,3384,3388,3224,3034,3939,3796,3513,3117,5876,4975,3797,3278,11660,7103,4161,3396,28.7597,-21.6405,8.95626,47.7607
52013,3160,3489,3652,3703,3509,3946,5014,4665,3617,4602,7945,6574,3551,4248,5593,5153,8.92168,12.0486,8.53274,48.2807
52014,3181,3455,3965,4225,3379,3796,5214,6319,3386,4050,6266,8262,3302,3787,4625,5259,4.57944,19.2101,8.99023,48.314
52015,3345,3875,5319,8083,3390,3779,5275,9228,3361,3493,4146,4955,3183,3280,3623,3696,-13.2404,31.6568,8.57472,48.0207
52016,6247,4800,3746,3286,10042,5223,3801,3384,5717,4396,3633,3157,3842,3799,3494,3212,-7.95129,-32.2021,8.88518,47.8527
52017,3390,3350,3265,3236,3865,3777,3381,3255,5871,4691,3830,3292,12592,6007,3902,3392,29.5498,-33.7001,8.67062,47.3973
52018,3334,3807,5391,9014,3435,3670,5122,8901,3230,3598,4122,4655,3070,3236,3444,3612,-15.2959,27.5373,8.72058,47.7607
52019,7953,8935,4943,3602,5474,5481,4254,3530,3815,4034,3634,3253,3361,3323,3223,3161,-24.9845,-13.1538,8.59479,47.984
52020,4995,5546,4281,3598,6051,8161,4799,3644,4632,5201,4034,3465,3679,3819,3520,3203,-7.68096,-10.4012,8.99348,48.4187
52021,5695,4532,3763,3302,9718,5125,3827,3232,6554,4625,3581,3224,4115,3909,3491,3267,-5.19555,-33.1208,8.74422,47.9733
52022,3043,3260,3437,3350,3188,3495,3931,4175,3359,3872,5002,7285,3402,3903,5832,10828,19.8159,33.4266,8.66925,47.5747
52023,3431,3782,4418,4296,3641,4509,7046,5551,3677,4246,6787,5400,3383,3766,4235,4195,-0.565134,10.4711,8.96881,48.242
52024,11574,5951,3951,3413,6890,5017,3777,3438,4023,3913,3574,3236,3380,3412,3168,3044,-22.613,-27.0885,8.87355,47.8407
52025,11554,5914,3921,3474,7142,4856,3669,3371,4059,3904,3478,3197,3511,3487,3212,3150,-21.3993,-31.5267,8.91392,47.9327
52026,3120,3222,3312,3397,3101,3541,3750,3996,3400,3719,4854,6560,3416,4041,5991,12027,24.8847,29.8608,8.7419,47.6313
52027,3073,3261,3456,3358,3327,3548,3986,3858,3504,4211,5779,5460,3788,4859,8657,7936,22.6844,13.3378,8.58465,48.0407
52028,3286,3790,4931,6221,3325,3873,5666,9532,3305,3635,4563,5716,3117,3336,3793,3899,-7.60882,23.2629,8.76273,47.992
52029,7597,9755,5320,3758,5098,5247,4350,3501,3760,3852,3495,3319,3399,3406,3317,3173,-30.514,-10.9611,8.89785,48.2313
52030,3124,3257,3403,3468,3384,3644,4029,4318,3552,3929,5892,7299,3454,4108,6760,8644,17.2988,18.6144,8.74598,48.1767
52031,5193,7468,5681,4027,4794,7045,5270,3884,3905,4267,3797,3470,3411,3457,3402,3185,-16.169,-5.43146,8.75248,48.1707
52032,12552,6446,3970,3343,5906,4840,3824,3328,3934,3825,3408,3181,3433,3441,3201,3103,-32.8341,-25.1301,8.74815,47.8233
52033,3413,3864,6286,12368,3434,3812,4786,6458,3248,3427,3834,4045,3110,3122,3358,3353,-24.9101,26.7954,8.93241,47.9453
52034,9036,5948,4020,3405,8054,5497,3893,3454,4407,4053,3504,3311,3609,3541,3212,3114,-16.8153,-22.6995,8.50769,48.0387
52035,3383,3562,3579,3425,3752,4417,4672,4050,3979,6093,7475,4668,3961,5191,5673,4336,10.5966,2.79664,8.90028,48.144
52036,9863,6293,3938,3398,7705,5429,3833,3361,4323,3971,3556,3200,3550,3365,3298,3079,-18.0286,-22.151,8.95389,48.108
52037,3337,3915,6565,12292,3410,3742,4798,6076,3311,3487,3842,3959,3225,3123,3424,3329,-28.2252,25.2075,8.83446,47.89
52038,4374,6495,7751,4940,3939,5435,6321,4427,3575,3847,3991,3674,3291,3298,3409,3300,-18.5874,2.74353,8.62826,48.0447
52039,5623,4645,3634,3224,8969,5915,3985,3396,6317,4932,3672,3311,4131,4031,3429,3099,-5.43507,-22.0853,8.75391,48.2087
52040,3926,3831,3391,3166,5739,4693,3667,3274,8664,6431,3973,3404,5781,4956,3828,3317,7.32139,-20.0244,8.62002,48.0273
52041,3109,3248,3667,3797,3252,3603,4192,5111,3450,3710,5234,9771,3400,3781,5005,7417,10.9461,32.4652,8.85605,47.8313
52042,3089,3243,3293,3387,3296,3365,3817,3967,3534,3860,5144,5792,3521,4404,7587,10659,26.815,19.134,8.627,47.972
52043,3338,3403,3235,3206,3804,3845,3591,3335,5007,5492,4423,3727,7003,9641,5531,3799,24.9705,-9.73965,8.57974,48.2533
52044,3386,4022,6433,11450,3425,3797,4955,6729,3137,3502,3735,4125,3124,3173,3416,3408,-22.807,24.0572,8.55337,47.878
52045,3184,3428,3550,3494,3491,3937,4297,3959,4003,5331,7366,4848,3951,5359,6863,5215,14.3994,5.77894,8.52684,48.184
52046,3338,3282,3253,3151,3867,3854,3437,3248,6042,4760,3739,3489,12072,6540,3921,3440,30.223,-24.576,8.72584,47.622
52047,3067,3236,3388,3314,3267,3460,3754,3804,3358,3754,4771,6122,3304,3826,6073,12779,28.9103,30.7665,8.80144,47.518
52048,10938,6125,3982,3409,7219,5015,3787,3277,4214,3951,3403,3166,3464,3401,3156,3094,-20.628,-26.2852,8.69692,47.734
52049,4016,3772,3509,3183,5768,4549,3678,3264,9226,5925,3894,3410,6088,4817,3719,3247,7.30634,-22.1558,8.72358,48.0433
52050,4262,3943,3362,3167,7207,4827,3701,3320,9474,5079,3710,3365,5481,4365,3629,3324,3.61075,-29.534,8.91331,48.144
52051,4190,6096,7197,4876,4123,5635,6640,4654,3621,4005,4104,3905,3274,3474,3384,3441,-16.5517,3.05078,8.63187,48.4127
52052,3278,3874,4884,6955,3386,3885,5327,9729,3292,3539,4267,5519,3146,3321,3837,3901,-9.45476,27.4901,8.61099,48.0933
52053,3386,3310,3226,3160,4016,3769,3453,3279,6097,4773,3798,3445,12541,5966,3948,3418,26.5085,-33.9013,8.81712,47.7233
52054,3448,3377,3227,3198,3929,3730,3403,3292,6055,4669,3849,3363,12346,5932,3919,3350,31.4521,-32.5485,8.82043,47.3913
52055,9148,8808,4596,3649,5443,5207,4087,3511,3862,3749,3440,3316,3382,3444,3241,3185,-29.8294,-15.5204,8.61782,48.0453
52056,3224,3562,4103,4527,3322,3846,4981,7404,3426,3770,5443,8689,3241,3614,4328,4979,1.80753,23.785,8.87126,48.306
52057,3109,3289,3400,3522,3283,3498,3720,3719,3414,3718,4955,6110,3292,4057,6917,11784,31.489,22.4312,8.93039,47.858
52058,3455,3436,3350,3084,4011,3893,3550,3299,6310,5742,3930,3423,8987,7556,4260,3575,20.8597,-17.4598,8.77012,47.9073
52059,4736,6768,6104,4330,4592,6721,5888,4135,3784,4137,4005,3629,3416,3491,3429,3337,-15.5615,-1.93302,8.70017,48.3347
52060,5448,9283,7275,4392,4335,5011,4706,3921,3684,3783,3597,3532,3310,3325,3381,3273,-30.5756,-3.62555,8.96106,48.1707
52061,4113,4048,3367,3142,5984,4994,3842,3265,8410,6156,4090,3446,5463,4632,3726,3423,4.76601,-19.7373,8.74195,48.0673
52062,3822,4235,4146,3773,4218,6278,6061,4041,4115,5946,5753,4090,3757,4197,4151,3671,-1.16629,-0.332449,8.92186,48.1693
52063,6029,7396,4916,3670,5786,7095,4580,3637,4104,4327,3787,3430,3484,3548,3408,3171,-15.8066,-10.6898,8.60535,48.2453
52064,3324,3314,3273,3162,3869,3769,3389,3235,6160,4777,3738,3325,12424,6038,4050,3292,26.981,-31.1793,8.53734,47.426
52065,3247,3363,3362,3286,3502,3723,3823,3522,4060,4970,5350,4326,4496,7523,8626,4982,24.762,1.87418,8.76584,48.1073
52066,3279,3385,3073,3099,3904,3850,3357,3147,6168,4847,3816,3421,12287,6518,3956,3531,28.3408,-24.3746,8.68495,47.7587
52067,3520,3534,3311,3152,4775,4090,3585,3230,8925,5448,3891,3362,8716,5467,3862,3346,14.4207,-25.5973,8.96567,48.1427
52068,3385,3293,3390,3268,3602,3892,3826,3671,4267,5688,5631,4077,4846,7549,7431,4647,20.1248,-0.102666,8.89613,48.3087
52069,3216,3094,3321,3407,3090,3441,3769,3965,3299,3833,4819,7051,3406,3988,5989,11885,23.0459,29.1416,8.74781,47.7153
52070,3547,3514,3289,3154,4424,3890,3480,3196,8115,5171,3896,3364,10183,5569,3887,3286,18.1894,-29.2492,8.75884,47.9767
52071,3188,3348,3493,3526,3465,3692,4469,4171,3680,4467,7560,6106,3646,4519,6948,5925,14.0575,11.5606,8.93329,48.1353
52072,3293,3439,3432,3303,3981,4457,4084,3588,4957,7614,5430,3856,5083,6696,5185,3936,13.1939,-5.50819,8.88528,48.2227
52073,3106,3275,3518,3732,3266,3498,4237,5255,3413,3844,5160,9583,3234,3794,5255,7651,11.7124,29.3228,8.66974,47.8807
52074,3581,4276,5754,5319,3655,4644,8015,6153,3512,3920,4755,4487,3165,3441,3808,3634,-10.1513,11.1925,8.73307,48.0793
52075,3911,3917,3582,3183,5893,4742,3609,3352,9019,5990,3980,3452,5986,4875,3746,3300,7.25194,-21.1987,8.66683,48.358
52076,3259,3572,4023,4279,3371,3807,5147,6549,3355,3907,6067,8394,3297,3637,4558,5063,3.36245,19.9911,8.9834,48.19
52077,3489,3767,3741,3447,3727,4483,4924,3867,4213,6356,7286,4593,4102,4912,5202,4205,8.26247,1.8991,8.50964,48.2093
52078,4023,4398,3978,3482,4709,6581,4955,3705,4935,6743,5015,3759,3996,4279,3942,3580,0.264633,-6.16937,8.53706,48.0533
52079,3179,3207,3346,3477,3280,3295,3683,3902,3421,3765,4650,5836,3444,3895,5913,12505,30.9425,33.5504,8.68837,47.1987
52080,4310,7009,9369,5451,3826,4642,5175,4352,3334,3865,3773,3580,3157,3394,3351,3285,-30.2674,3.881,8.86259,47.9153
52081,8316,9239,4928,3623,5175,5205,4187,3474,3857,3898,3565,3343,3377,3380,3275,3136,-31.5299,-13.5362,8.6952,47.9853
52082,3306,3497,3747,3513,3591,3973,4627,4225,3774,5205,8005,5362,3900,4645,6066,4938,10.898,7.50014,8.5885,48.2493
52083,3273,3294,3328,3300,3685,3781,3812,3557,4472,5151,4649,4021,5582,9314,6884,4186,33.3038,-4.10514,8.70994,48.1927
52084,8738,5224,3830,3463,9119,5132,3844,3438,4838,4119,3561,3251,3520,3521,3309,3119,-14.3199,-32.4099,8.89853,48.0173
52085,3147,3242,3333,3394,3222,3547,3796,4076,3357,3771,4944,6785,3425,3856,5981,11831,22.4983,33.9504,8.8276,47.8047
52086,12745,5910,3972,3336,5953,4665,3735,3419,3907,3701,3299,3345,3446,3361,3241,3197,-30.0588,-32.6295,8.96269,47.488
52087,5535,4526,3566,3319,9675,5159,3691,3474,6794,4468,3728,3347,4296,3810,3426,3165,-4.71249,-28.6271,8.91304,47.986
52088,3235,3292,3343,3407,3314,3296,3700,3826,3356,3772,4674,5970,3408,3941,6080,12123,32.4335,33.9108,8.57148,47.158
52089,3957,4028,3782,3577,4372,5945,4850,3794,4805,7227,5367,3931,4156,4562,4250,3673,2.84134,-5.51671,8.62592,48.184
52090,3430,3483,3282,3197,4473,4039,3510,3228,8593,5026,3833,3361,9501,5473,3953,3354,16.151,-31.3572,8.96258,47.824
52091,4289,4944,4346,3691,4852,7727,5500,3909,4397,5644,4636,3697,3663,3907,3743,3490,-5.06255,-5.41756,8.59128,48.29
52092,3183,3313,3697,4057,3333,3636,4657,6004,3394,3743,5186,9875,3323,3667,4713,5939,6.7712,33.7614,8.79193,47.8133
52093,3658,4579,7244,6083,3725,4603,7121,6003,3338,3710,4365,4235,3230,3369,3493,3403,-15.3302,11.4239,8.55939,48.106
52094,3511,3920,6078,12456,3317,3737,4809,6130,3293,3514,3818,4086,3200,3275,3444,3253,-26.6942,32.0961,8.78013,47.894
52095,3443,3858,5904,11039,3398,3834,4996,7387,3188,3503,3948,4287,2987,3230,3420,3418,-20.4441,26.6818,8.6485,47.8933
52096,4151,3888,3449,3189,6701,4684,3601,3295,9581,5269,3654,3396,5684,4381,3579,3318,4.80934,-27.408,8.90983,47.88
52097,3294,3906,6342,12391,3358,3835,4813,6022,3210,3492,3821,3959,3101,3214,3357,3361,-30.7685,26.1737,8.60455,47.6507
52098,3641,3509,3325,3226,5274,4276,3549,3326,9849,5211,3814,3417,7639,5000,3786,3407,11.6877,-33.2362,8.95325,48.166
52099,3427,3684,3841,3791,3577,4448,5623,4398,3786,5292,7757,4969,3668,4267,4956,4378,4.98107,6.33799,8.57534,47.908
52100,3200,3393,3597,3446,3520,4205,4399,3999,4014,5562,7669,4866,3964,5133,6643,4862,12.9482,5.10747,8.92936,48.3147
52101,4832,8249,7472,4489,4313,5369,5119,4032,3560,3793,3807,3539,3294,3422,3309,3303,-23.5353,-1.67828,8.53497,47.9347
52102,3089,3215,3494,3355,3253,3408,3835,3973,3358,3825,4848,6190,3322,4021,6269,12345,27.5458,26.754,8.60905,47.8667
52103,4255,6396,7703,4979,4017,5470,6185,4614,3499,3851,4055,3768,3353,3328,3429,3309,-18.6404,2.76086,8.64097,48.1407
52104,10168,5626,3904,3348,8005,5077,3884,3325,4295,3995,3557,3221,3394,3425,3267,3107,-18.2111,-31.0192,8.75603,47.732
52105,3350,3391,3296,3150,3848,3777,3341,3216,6162,4743,3872,3375,12565,6283,3924,3388,28.1667,-26.427,8.74715,47.7873
52106,8669,6404,4129,3448,7497,5724,3927,3519,4433,4092,3568,3343,3581,3489,3274,3079,-17.0339,-20.2053,8.55787,48.1173
52107,3350,4018,6754,12015,3373,3826,4950,5985,3149,3468,3744,3935,3197,3260,3464,3426,-31.9294,23.7221,8.8325,47.9427
52108,3949,4282,3765,3421,5000,6403,4600,3641,5395,7324,4760,3756,4254,4532,3894,3482,1.80445,-8.42893,8.55297,48.3053
52109,3305,4058,6747,11898,3435,3961,4874,6090,3178,3481,3793,4065,3081,3158,3326,3377,-27.3317,23.2539,8.78101,47.8847
52110,3280,3596,3688,3646,3712,4278,4937,4170,3855,5691,8050,4979,3745,4634,5541,4465,8.66246,5.01299,8.90976,48.178
52111,3280,3795,4790,6930,3372,3789,5288,9945,3273,3586,4282,5537,3179,3362,3682,3886,-9.77137,30.019,8.57233,47.984
52112,3419,3386,3252,3072,3817,3763,3568,3386,5316,5457,4286,3550,8042,9315,5082,3616,25.4885,-12.5455,8.87634,48.218
52113,3134,3339,3394,3265,3357,3643,3906,3769,3830,4519,5506,4761,4004,5944,9629,6076,24.6708,7.21384,8.93604,48.0507
52114,3174,3367,3415,3337,3299,3707,3963,3929,3801,4628,6271,5076,3911,5587,8685,5874,19.9119,7.78588,8.51987,48.016
52115,5406,4410,3562,3267,9128,5189,3820,3404,7232,4631,3717,3301,4442,3987,3511,3070,-3.2862,-27.3812,8.7934,48.0513
52116,5008,4954,3953,3387,6528,7678,4440,3562,5192,5428,3996,3465,3897,3919,3585,3205,-5.37019,-13.0385,8.9192,48.1313
52117,4016,4586,4246,3640,4617,7123,5757,4073,4438,6036,4859,3826,3708,4082,3842,3528,-2.98666,-3.7,8.85403,48.2513
52118,4013,4674,4178,3717,4607,7445,5772,3945,4272,5990,4917,3777,3694,4073,3827,3602,-3.22732,-3.67654,8.99805,48.3353
52119,4040,3812,3517,3222,6685,4622,3609,3286,9557,5214,3995,3343,5741,4416,3760,3259,5.07137,-31.7091,8.65701,48.052
52120,3185,3208,3545,3581,3222,3579,3995,4640,3370,3799,5171,8579,3450,3861,5498,9406,16.0166,28.9862,8.76894,48.0593
52121,3461,3397,3194,3135,3946,3732,3587,3341,5433,5249,4076,3440,9070,8798,4678,3647,25.6524,-15.3154,8.7545,48.1227
52122,3454,3454,3325,3121,3915,3751,3425,3214,5968,4959,3834,3374,11833,6647,4020,3339,33.287,-23.4856,8.6311,47.7553
52123,3141,3315,3578,3777,3251,3615,4300,5270,3370,3862,5245,9887,3190,3885,5017,7105,10.5874,30.4762,8.75715,47.872
52124,10067,5753,3921,3412,8166,5146,3925,3361,4430,3911,3564,3204,3417,3492,3227,3038,-17.9289,-25.5414,8.69051,48.0227
52125,3368,3346,3339,3240,3768,4063,3690,3459,4847,6275,4792,3736,5828,8827,5975,3930,20.3194,-6.76423,8.75597,48.322
52126,7660,9506,5161,3657,5218,5342,4337,3570,3815,3862,3566,3260,3275,3327,3293,3180,-25.2391,-11.8957,8.87099,48.0193
52127,4321,4942,4319,3755,5045,7890,5591,3857,4274,5374,4599,3707,3663,3770,3706,3413,-5.51732,-5.12668,8.52125,48.1507
52128,3220,3484,4021,4338,3375,3668,4628,7332,3358,3774,5147,9281,3308,3597,4348,5441,3.48892,30.119,8.7329,48.2133
52129,4880,4217,3605,3321,8506,4879,3683,3454,8084,4836,3621,3314,4669,4184,3545,3264,-0.801557,-30.3679,8.77449,48.0413
52130,3319,3336,3108,3158,4000,3846,3429,3227,6931,4814,3841,3372,12152,6011,3963,3324,23.3759,-29.5107,8.9837,47.8873
52131,3950,3741,3391,3119,5804,4448,3698,3335,10156,5131,3684,3358,6644,4681,3640,3336,8.19858,-29.7989,8.99844,48.0773
52132,3142,3321,3306,3248,3632,3750,3655,3590,4214,5027,5054,4178,4845,8344,8006,4687,26.2329,-0.459456,8.67196,47.9993
52133,3331,3525,3669,3550,3618,4079,4776,4116,3997,5509,7911,5105,3850,4797,5883,4810,10.3302,5.68063,8.5916,48.3507
52134,3328,3283,3294,3132,4092,3767,3403,3194,6618,4834,3836,3332,12189,6007,4035,3315,24.0772,-32.4018,8.74183,47.7727
52135,4978,4594,3813,3334,7673,6421,4009,3373,6095,5342,3814,3451,4377,4034,3544,3333,-3.31743,-17.6378,8.66344,48.1233
52136,3416,3944,5370,6290,3469,4124,6657,8151,3399,3708,4576,5084,3174,3454,3697,3757,-9.9765,18.1803,8.57736,48.18
52137,3188,3377,3413,3136,3477,3829,3656,3533,4090,5023,5023,4199,4776,8263,8293,4892,26.9418,-0.187703,8.71129,48.112
52138,3119,3461,3769,3923,3282,3617,4275,5876,3400,3791,5309,9820,3284,3672,4741,6619,8.65574,26.9179,8.58103,47.972
52139,3166,3357,3443,3312,3221,3461,3777,3914,3328,3780,4905,5775,3279,3931,6423,12506,32.2622,25.0692,8.75679,47.7187
52140,3383,3848,5771,10268,3312,3849,5040,7952,3255,3579,3927,4190,3234,3272,3350,3501,-18.2821,33.9323,8.68722,47.8207
52141,3562,3646,3382,3080,4925,4113,3577,3246,9250,5452,3807,3445,8037,5426,3891,3404,12.9201,-25.2083,8.78345,48.162
52142,3370,3945,6632,12269,3404,3752,4803,5947,3168,3433,3850,3912,3016,3210,3427,3358,-30.4952,24.42,8.85307,47.664
52143,9820,7609,4443,3450,6138,5349,3969,3370,4033,3896,3460,3281,3429,3429,3165,3103,-23.2383,-18.6013,8.67958,47.9627
52144,3748,3680,3174,3134,5263,4383,3635,3243,9499,5358,3839,3343,7583,5188,3855,3353,11.4419,-28.7159,8.54717,48.1853
52145,3237,3341,3556,3614,3339,3780,4305,4176,3575,4499,7308,6078,3787,4589,6968,6233,14.5943,12.0759,8.6155,48.2567
52146,3057,3309,3371,3388,3353,3661,3829,3725,3623,4363,5257,4883,3798,5605,9777,7080,29.358,9.77257,8.62226,48.0527
52147,5496,6168,4225,3571,6391,8100,4710,3542,4470,4693,3964,3474,3533,3551,3423,3216,-11.0765,-11.9306,8.99794,48.3513
52148,3449,3362,3206,3141,3933,3776,3528,3320,5314,5167,4052,3427,9472,8496,4559,3430,29.0908,-15.9993,8.76573,47.7547
52149,3231,3691,4769,6420,3426,3762,5217,10050,3265,3570,4360,6081,3191,3444,3804,4052,-7.70221,27.3406,8.9595,48.222
52150,3552,4352,7757,10652,3469,4056,4954,5698,3272,3535,3852,3878,3087,3286,3371,3378,-30.0518,19.2842,8.79896,48.0993
52151,3169,3366,3421,3420,3163,3551,4005,4346,3227,3868,5014,7855,3504,3964,5734,10459,18.7053,27.9789,8.78657,48.044
52152,4168,4402,3745,3440,5063,6839,4445,3648,5394,6948,4571,3698,4159,4251,3958,3454,0.155972,-9.23451,8.80596,48.122
52153,3640,4263,6935,9648,3483,3965,5581,6634,3295,3381,4010,4060,3071,3276,3385,3443,-20.5746,19.2085,8.7856,48.0467
52154,6253,9784,6123,3995,4663,5154,4432,3710,3731,3861,3683,3454,3314,3407,3270,3261,-31.3128,-7.11011,8.58623,48.0633
52155,3640,4955,9179,8161,3611,4238,5327,5397,3277,3503,3862,3922,3082,3185,3374,3429,-26.5936,13.2923,8.68779,48.0947
52156,3824,3902,3466,3131,4795,5294,4062,3438,6271,7955,4602,3599,4949,5202,4105,3575,6.71002,-11.4008,8.74621,48.1133
52157,3476,3437,3274,3126,4194,3910,3520,3140,7767,5033,3897,3404,10853,5655,3792,3315,19.5034,-31.1955,8.64744,47.862
52158,7992,9416,5025,3697,5193,5141,4316,3636,3878,3725,3550,3342,3406,3369,3295,3118,-30.625,-12.7984,8.67213,48.066
52159,3483,4076,5543,5604,3557,4389,7604,7096,3398,3786,4774,4802,3188,3410,3793,3701,-9.58595,14.386,8.79624,48.136
52160,3456,4102,6908,11379,3459,3796,5094,6514,3190,3486,3873,4059,3084,3100,3289,3402,-23.3418,23.0463,8.89586,48.1273
52161,3124,3326,3503,3596,3287,3589,4073,4680,3339,3788,5119,8987,3408,3831,5512,8779,14.5698,28.7245,8.68617,47.9607
52162,3153,3471,3645,3762,3276,3543,4268,5243,3390,3848,5096,9575,3375,3839,5113,7522,11.4375,31.4674,8.61334,48.0793
52163,2994,3215,3392,3306,3314,3387,3843,3993,3449,3973,5179,5927,3463,4414,7907,10054,24.8412,18.1734,8.76916,47.8733
52164,3632,3657,3366,3192,4732,4489,3567,3262,8206,6389,4057,3455,7153,5777,4020,3435,12.7731,-18.9354,8.74121,48.2593
52165,7056,9998,5326,3783,5057,5378,4207,3617,3761,3803,3708,3323,3391,3379,3259,3230,-28.1994,-10.2028,8.86628,48.184
52166,3413,4409,7128,9681,3493,3888,5405,6564,3321,3675,4109,4093,3114,3298,3437,3319,-21.5427,19.0903,8.61119,48.2313
52167,3551,4287,7644,10672,3318,3881,4978,5652,3347,3549,3908,4046,3161,3146,3422,3424,-32.0158,19.2192,8.53485,47.9907
52168,3868,4116,3766,3577,4528,6314,5012,3955,4625,7078,5370,3892,3955,4437,4159,3543,1.61207,-4.35415,8.7065,48.13
52169,3869,3823,3331,3198,5745,4468,3543,3298,9768,5131,3890,3358,6574,4840,3726,3406,8.51653,-30.4076,8.58165,47.9787
52170,3596,4764,8060,6962,3567,4470,6477,5769,3268,3654,4106,4008,3099,3366,3475,3362,-18.3603,12.4426,8.66338,48.002
52171,3776,4235,4241,3941,4065,5949,6362,4247,4073,5795,6017,4075,3710,4023,4059,3757,-0.804524,0.611096,8.83289,48.2167
52172,5210,4319,3589,3185,9065,5256,3769,3354,7118,4949,3666,3354,4390,4084,3521,3247,-3.00538,-26.0237,8.61934,48.0507
52173,3801,3736,3435,3136,4907,5136,3832,3402,6850,7769,4453,3596,5269,5361,4074,3473,7.79638,-13.4184,8.91477,48.1533
52174,3158,3366,3510,3551,3238,3623,4151,4329,3507,4023,6154,7208,3498,4239,6609,7914,16.2619,17.6486,8.5392,48.052
52175,3378,3359,3357,3110,3954,3835,3478,3366,5377,5232,4082,3496,8915,9001,4657,3488,28.2179,-14.5288,8.85289,48.0567
52176,3682,4074,3781,3491,4418,6051,4577,3789,5037,7783,5139,3909,4192,4830,4125,3681,3.24511,-6.41055,8.99186,48.3727
52177,3105,3502,3804,4142,3339,3701,4849,5975,3439,3962,6109,8747,3505,3657,4736,5688,6.19868,20.3608,8.68584,48.1733
52178,3252,3581,4172,4865,3334,3724,5145,8406,3434,3733,5038,7860,3231,3571,4162,4740,-0.723007,25.4381,8.50732,48.1653
52179,7390,6966,4361,3588,6721,6554,4296,3633,4271,4237,3622,3307,3540,3503,3381,3056,-16.3479,-15.6628,8.60787,48.284
52180,3250,3460,4118,4504,3331,3683,4896,7662,3373,3741,4951,8999,3283,3548,4243,5053,1.89815,28.471,8.72122,48.0633
52181,3591,4230,5037,4496,3724,5271,8076,5205,3517,4308,5795,4561,3249,3654,4027,3643,-5.30611,7.46968,8.85097,48.256
52182,3541,3681,3551,3353,4157,5151,4214,3613,5058,7963,5643,4002,4625,5512,4593,3849,8.30448,-5.74743,8.88371,48.3373
52183,6845,9652,5457,3865,4894,5627,4429,3760,3826,3960,3512,3318,3341,3414,3145,3123,-24.6142,-9.47487,8.56196,48.112
52184,3974,5440,7855,5320,3879,5027,6806,5094,3502,3915,4227,3921,3181,3371,3465,3426,-17.1858,6.55801,8.77503,48.2687
52185,3254,3370,3295,3217,3513,3779,3845,3730,3895,4967,5749,4611,4399,6700,8577,5273,21.5655,3.54246,8.69486,48.116
52186,3652,3851,4102,3868,3960,5275,6123,4475,4055,5538,6578,4579,3714,4155,4359,4002,1.33372,3.21994,8.57407,48.1907
52187,4349,4210,3580,3387,6090,6061,4012,3486,6695,6606,4134,3474,4587,4401,3790,3374,1.46542,-15.2865,8.88679,48.1573
52188,7754,6087,3982,3414,7935,6062,3991,3628,4517,4261,3621,3262,3650,3554,3372,3171,-14.5179,-19.6932,8.65754,48.174
52189,3368,4320,7333,11096,3458,3893,5006,5809,3216,3469,3749,3858,3110,3284,3411,3376,-29.3009,20.4487,8.82192,47.8373
52190,3254,3365,3426,3482,3369,3641,4057,4237,3570,4284,6519,6249,3584,4485,7560,7372,17.5925,14.2207,8.77809,48.3027
52191,3336,3728,4314,4160,3637,4652,6780,4961,3635,4742,7214,5228,3515,3903,4415,4167,0.95797,8.78026,8.7891,48.258
52192,3127,3412,3839,3764,3466,3726,4863,4998,3390,4274,7126,7774,3464,3928,5423,5947,9.59981,16.4087,8.83449,48.3473
52193,3143,3454,4099,4960,3276,3683,5023,8187,3267,3708,5021,8163,3175,3525,4202,4800,-0.233005,25.3962,8.87092,47.7907
52194,3269,3823,4873,5589,3496,3965,6286,8574,3344,3796,4790,5918,3224,3463,3892,3946,-6.28346,19.5739,8.69451,48.1653
52195,3166,3244,3468,3422,3242,3447,3768,3944,3373,3740,4623,6070,3311,3978,6376,12422,30.872,25.6385,8.74248,47.7293
52196,3339,3781,5144,6179,3464,3970,6445,8898,3378,3579,4428,5411,3083,3420,3703,3874,-8.94662,19.9738,8.96981,48.064
52197,3128,3418,3522,3414,3449,3945,4188,3785,3985,5260,7048,4882,3991,5607,7428,5056,15.8215,5.2534,8.68799,48.0707
52198,5713,9219,6107,4079,4746,6001,4785,3901,3675,4007,3711,3470,3386,3372,3291,3190,-21.8783,-5.82312,8.94156,48.4353
52199,3423,3360,3243,3022,4175,3848,3574,3196,6774,5395,3930,3418,9972,7145,4141,3471,21.2651,-20.0915,8.92869,48.058
52200,3372,3678,4229,4056,3767,4484,6316,4794,3788,4873,7503,5020,3504,4000,4667,4245,2.28555,7.85407,8.74686,48.1973
52201,3830,5137,8657,6615,3603,4471,6252,5416,3383,3562,4029,3870,3075,3426,3421,3443,-20.3445,10.2602,8.5873,48.1267
52202,3322,3387,3284,3160,3988,3952,3479,3376,5276,6318,4435,3615,6825,8810,5201,3665,20.2855,-10.3906,8.96745,48.062
52203,4795,7672,7454,4631,4245,5682,5392,4349,3536,3823,3812,3665,3288,3266,3358,3224,-20.985,-0.422823,8.55483,48.128
52204,3449,3679,3710,3482,3756,4484,4788,3905,4082,6365,7157,4607,4153,5015,5297,4207,8.88865,2.09216,8.53554,48.0907
52205,3377,3427,3301,3106,3837,3803,3523,3269,5580,5167,3927,3500,9584,8445,4636,3522,29.5208,-16.7361,8.67843,48.0027
52206,3067,3384,3465,3632,3179,3517,4023,4444,3482,3922,5483,7643,3426,4021,6235,9269,17.9032,21.3258,8.64416,48.128
52207,3335,3455,3276,3152,3803,3788,3603,3219,4852,5376,4308,3738,6762,9943,5689,3814,26.3928,-9.35776,8.80932,48.0753
52208,3324,3678,3854,3748,3575,4220,5571,4820,3731,4862,8063,5716,3484,4008,5045,4646,5.33578,9.23529,8.94212,48.23
52209,6231,4730,3704,3278,9824,5145,3776,3433,6004,4571,3655,3273,3981,3911,3349,3052,-7.52064,-30.8528,8.69633,47.9447
52210,5382,9346,6917,4286,4560,5298,4600,3964,3694,3783,3661,3432,3257,3274,3419,3223,-25.8902,-4.38804,8.57693,48.064
52211,3703,4511,5497,4622,3810,5387,8144,5161,3636,4371,5008,4326,3418,3624,3788,3678,-8.47471,6.5118,8.52162,48.456
52212,4033,3763,3422,3249,5325,4913,3808,3344,7867,6787,4163,3443,5488,5205,4034,3469,7.30263,-16.7524,8.72221,48.2087
52213,3421,3492,3331,3140,4378,4158,3621,3251,7311,5979,4049,3383,8381,6609,4254,3426,16.877,-18.9651,8.50063,48.1227
52214,4410,5376,4895,3828,4774,7892,6045,4019,3981,4962,4353,3651,3593,3747,3712,3442,-8.01514,-3.79668,8.70755,48.4533
52215,3575,4435,7896,9070,3421,4030,5702,6167,3330,3573,3982,4001,3097,3276,3421,3449,-21.4989,17.0196,8.77553,48.2833
52216,3533,3812,4029,3677,3859,5026,5487,4170,4072,6122,7251,4641,3721,4384,4587,4117,4.30982,2.6866,8.72884,48.3253
52217,3133,3226,3336,3475,3373,3519,3862,3789,3541,4240,5082,5278,3646,4695,9081,8738,31.5639,14.3402,8.93814,48.0093
52218,3315,3745,4782,6631,3362,3804,5154,10042,3305,3444,4436,5570,3174,3409,3777,3820,-8.97597,33.0729,8.90796,47.8467
52219,9085,5431,3765,3361,8921,5200,3848,3332,4560,3943,3455,3234,3597,3447,3363,3198,-15.403,-29.3413,8.75886,47.8267
52220,3839,5319,9608,7508,3761,4210,5429,5126,3398,3541,3895,3753,3051,3251,3387,3278,-25.0833,11.2537,8.90546,48.236
52221,3087,3276,3444,3515,3170,3414,4108,4503,3396,3877,5070,8615,3399,3902,5669,9538,16.4052,27.4934,8.71772,47.9887
52222,4492,7066,8445,5010,4033,5091,5738,4463,3436,3785,3829,3747,3314,3327,3425,3363,-22.0394,2.54598,8.71679,48.376
52223,8491,5215,3750,3344,9152,5228,3860,3267,4938,4037,3612,3234,3679,3573,3296,3184,-13.8287,-29.2901,8.82777,47.9067
52224,3199,3259,3283,3520,3158,3416,3880,3843,3462,3843,4646,6011,3381,4005,6016,12357,30.7261,29.9013,8.52443,47.5193
52225,3076,3340,3576,3840,3325,3692,4244,5058,3446,3847,6081,9185,3302,3933,5321,7211,11.4426,22.056,8.93202,48.318
52226,6004,9697,6384,4097,4502,5476,4479,3788,3538,3802,3634,3534,3338,3362,3301,3114,-27.3021,-6.09423,8.69466,48.0333
52227,3907,4955,6498,5028,3791,5300,7865,5116,3557,4008,4461,3979,3258,3432,3690,3403,-12.7551,6.49704,8.71547,48.1653
52228,3087,3164,3347,3379,3185,3445,3940,4074,3404,3840,5025,6582,3344,3968,6450,11711,24.3505,24.3452,8.83427,47.9633
52229,4914,4302,3721,3313,7875,5606,3772,3383,7179,5239,3657,3338,4523,4097,3579,3327,-1.39487,-21.4621,8.5349,47.8833
52230,3549,3875,5264,8593,3338,3828,5130,9174,3159,3644,4164,4571,3208,3272,3612,3632,-14.1205,32.4094,8.59567,48.0087
52231,3774,3921,3434,3316,4596,5084,4003,3471,6152,8248,4698,3698,5070,5513,4133,3597,8.12244,-10.7783,8.89493,48.472
52232,6450,4791,3743,3320,9801,5126,3841,3184,5769,4455,3566,3319,3884,3702,3395,3195,-8.34738,-30.9668,8.74654,47.694
52233,3828,3819,3530,3204,4901,4908,3995,3375,6758,7736,4351,3581,5345,5259,3929,3485,7.59953,-13.3118,8.88073,48.0027
52234,12625,6020,3910,3435,6154,4662,3868,3398,3979,3826,3410,3170,3427,3400,3298,3135,-28.3298,-29.987,8.63864,47.8113
52235,3308,3893,5713,11215,3367,3884,4996,7506,3232,3416,3904,4292,3132,3165,3456,3340,-20.0598,30.8367,8.9856,47.8793
52236,3332,3327,3218,3136,3642,3836,3638,3469,4705,5352,4460,3765,6363,9745,6022,4145,27.7706,-7.28912,8.57924,48.1033
52237,5149,7047,5470,4050,4843,7335,5348,4018,3814,4212,3999,3447,3437,3530,3459,3238,-14.6746,-5.34043,8.80068,48.264
52238,3267,3335,3362,3183,3668,4035,3649,3392,4874,5983,4507,3926,5999,9179,5865,4072,21.8688,-7.1903,8.74314,48.1973
52239,5388,4813,3800,3320,8145,6360,4060,3298,6069,5065,3851,3446,4054,3969,3551,3184,-5.01005,-18.5799,8.71526,48.2487
52240,3667,3674,3732,3424,3994,5028,4989,3839,4375,6904,6510,4315,4055,4819,4721,3969,5.96492,-0.356303,8.61492,48.01
52241,3155,3234,3495,3508,3309,3473,3989,4307,3343,3814,5091,8065,3313,3857,5649,10178,17.8476,31.5837,8.96986,47.8533
52242,3198,3294,3617,3876,3222,3737,4397,5336,3460,3864,5753,9311,3391,3840,5082,6842,9.78419,22.7756,8.83651,48.1467
52243,4056,4961,5072,4163,4080,6585,7012,4358,3941,4852,4794,3937,3478,3731,3684,3598,-7.77816,0.968019,8.55367,48.2013
52244,5728,4446,3556,3372,9631,5236,3904,3315,6690,4514,3720,3211,4124,3873,3433,3144,-5.39836,-28.4988,8.57807,47.9313
52245,3314,3620,4136,4366,3365,3945,5743,7023,3387,4090,6032,7359,3370,3624,4272,4701,0.945276,18.2852,8.59507,48.2313
52246,3268,3631,4011,4143,3420,4109,5652,5551,3400,4271,7308,7028,3348,3864,4740,4779,3.88936,14.8279,8.94442,48.3487
52247,3367,3454,3662,3549,3629,4169,4992,4222,3740,5413,8162,5265,3745,4612,5759,4769,9.15459,6.85309,8.8243,48.3393
52248,4529,4142,3539,3240,7699,5299,3895,3355,8241,5418,3847,3343,4958,4235,3621,3228,1.13655,-22.9145,8.80316,48.3927
52249,3361,3870,5950,9967,3426,3889,5319,7922,3146,3470,4001,4427,3253,3243,3400,3504,-17.9704,23.88,8.76055,48.0987
52250,8916,7298,4259,3479,6627,5805,4070,3499,4104,4063,3575,3321,3538,3436,3352,3125,-19.4846,-17.8717,8.79779,48.3113
52251,11879,6567,3964,3331,6479,4909,3753,3398,4072,3808,3302,3187,3372,3349,3235,3063,-25.072,-24.2738,8.78438,47.7787
52252,3108,3207,3297,3548,3268,3290,3796,3958,3445,3760,4809,5886,3341,4028,6700,12427,28.7714,23.8737,8.98595,47.912
52253,3130,3228,3635,3592,3196,3548,4103,4531,3406,4016,5739,7889,3354,4040,6256,8295,15.6152,20.3302,8.74987,47.972
52254,4225,4292,3705,3341,5490,6640,4328,3580,5760,7049,4358,3625,4267,4489,3869,3394,0.840431,-11.5657,8.67727,48.2747
52255,3133,3205,3416,3473,3269,3614,3861,4162,3400,3794,4987,7482,3408,3952,5759,10945,20.319,29.802,8.51677,47.9067
52256,3318,3792,6035,12978,3405,3664,4703,6049,3252,3404,3690,3971,3192,3180,3325,3402,-28.4018,32.9638,8.96278,47.5733
52257,3158,3463,3360,3263,3716,3874,3774,3463,4329,5552,5205,4179,4900,8045,7576,4410,21.1761,-1.15415,8.76066,48.178
52258,6138,4755,3712,3320,9581,5493,3809,3429,6038,4542,3584,3363,4053,3749,3431,3147,-7.08597,-25.5888,8.63076,48.096
52259,3004,3165,3377,3304,3221,3424,3932,3941,3383,3853,4903,6030,3350,4123,6711,12218,28.9963,23.8943,8.85628,47.9593
52260,3172,3343,3333,3275,3599,3701,3705,3428,4595,5228,4584,3857,5720,9684,6649,4246,32.1606,-5.48467,8.87676,48.0793
52261,4419,6195,6292,4496,4264,6403,6427,4296,3738,4109,4064,3677,3412,3473,3460,3318,-13.9782,0.119595,8.91014,48.0287
52262,3249,3508,3999,4166,3405,3877,5264,5962,3461,4079,6727,7699,3413,3698,4679,5187,4.48794,17.3583,8.7781,48.2487
52263,3050,3277,3338,3272,3446,3533,3929,3717,3725,4397,5568,4887,3962,5833,9667,6627,24.3353,8.60518,8.79451,48.152
52264,3446,3415,3281,3142,3856,3905,3461,3327,5969,5538,4124,3601,8643,8457,4575,3546,22.8024,-15.5963,8.90023,48.1907
52265,3254,3800,5495,8970,3320,3827,5237,9105,3270,3635,4035,4802,3025,3240,3524,3612,-15.0767,29.5018,8.91329,48.1007
52266,3140,3269,3551,3618,3309,3723,4298,4361,3485,4155,6684,7454,3475,4163,6368,7107,14.3805,17.0262,8.86348,48.1067
52267,3223,3334,3378,3203,3461,3637,3867,3597,3818,4558,5266,4433,4202,6866,9590,5481,26.5247,4.18395,8.88034,47.9427
52268,3485,4068,6559,11122,3528,3796,5199,6919,3117,3432,3776,4063,3054,3182,3397,3452,-22.425,23.1551,8.74027,48.0993
52269,3368,3277,3172,3081,3803,3728,3458,3338,5936,4726,3841,3307,12528,5866,3915,3495,29.8539,-31.4971,8.65685,47.226
52270,4078,4245,3745,3328,5237,6360,4398,3618,5410,7411,4580,3611,4408,4513,3958,3576,1.8129,-10.0391,8.77489,48.3173
52271,8206,9290,4904,3623,5128,5137,4102,3597,3846,3846,3538,3290,3333,3446,3219,3152,-29.5073,-13.4836,8.766,47.7713
52272,3524,4153,6229,6807,3410,4190,6717,7186,3256,3654,4383,4540,3121,3268,3687,3551,-13.5971,16.4089,8.74355,47.784
52273,3849,3627,3399,3196,5267,4204,3598,3307,9920,5230,3831,3355,7192,4946,3756,3407,10.3619,-32.0216,8.68132,48.056
52274,10901,6966,4135,3451,6579,5127,3816,3379,4068,3944,3496,3127,3379,3492,3244,3186,-23.0421,-21.7735,8.5936,48.1933
52275,3360,3711,5218,7679,3374,3788,5537,9550,3173,3494,4195,5129,3100,3284,3659,3753,-12.2193,25.1504,8.82428,48.0027
52276,4109,6360,9729,6035,3797,4462,5350,4513,3483,3658,3784,3669,3136,3260,3427,3279,-27.2241,6.32548,8.82672,48.034
52277,3159,3382,3503,3610,3165,3604,4137,4831,3433,3905,5775,8652,3408,3944,5643,8265,14.1712,22.5375,8.52203,48.2773
52278,3291,3482,4028,4584,3287,3769,4836,7260,3391,3841,5354,8672,3214,3651,4403,5078,2.43496,24.8813,8.59589,48.094
52279,3330,3410,3402,3159,3763,4124,3801,3586,4586,6697,5349,4083,5095,7726,5952,4175,17.3268,-4.00084,8.79885,48.1587
52280,3386,3914,6051,11968,3364,3835,4894,6851,3227,3470,3833,4130,3103,3151,3433,3372,-23.1753,27.7942,8.71245,47.988
52281,3445,3878,5000,5357,3465,4299,6931,7623,3347,3884,5158,5411,3183,3499,3939,3979,-6.24391,16.2418,8.5078,48.2653
52282,3674,3689,3252,3075,4902,4084,3520,3322,9368,5188,3883,3276,8407,5219,3896,3410,13.7322,-32.4347,8.84762,48.11
52283,6591,4832,3814,3381,9801,5208,3823,3431,5680,4263,3567,3322,3769,3757,3403,3248,-9.07911,-32.4167,8.99096,47.9267
52284,4975,6226,4707,3644,5497,8000,5150,3878,4068,4566,3999,3504,3553,3514,3481,3252,-11.1388,-7.88291,8.80921,48.0093
52285,12336,5894,3815,3344,5953,4762,3623,3411,3910,3759,3478,3314,3450,3432,3221,3295,-33.5276,-31.935,8.57159,47.3313
52286,11124,7335,4094,3425,5870,5067,3813,3340,3995,3713,3407,3221,3371,3428,3259,3147,-30.9909,-20.6214,8.76019,47.7393
52287,5149,4367,3537,3322,9018,4982,3863,3396,7492,4787,3790,3346,4380,4003,3503,3309,-2.32007,-33.9926,8.86492,48.1627
52288,3168,3528,4055,5128,3376,3792,5141,8943,3328,3749,4827,8023,3289,3497,4070,4552,-1.41497,29.5969,8.94901,48.3107
52289,3435,4073,6405,8937,3523,3972,5633,7240,3202,3540,4067,4352,3115,3248,3474,3549,-17.744,20.0728,8.56198,47.8433
52290,4441,4476,3638,3312,6608,6570,4189,3489,6284,6192,4134,3483,4411,4178,3756,3370,-0.699895,-14.9364,8.94141,48.354
52291,6607,4796,3648,3375,9888,5235,3812,3295,5698,4400,3621,3381,3958,3665,3444,3080,-8.99415,-31.9782,8.54417,47.9353
52292,3414,3293,3231,3101,3964,3849,3468,3231,6426,4792,3819,3349,12491,5975,3985,3476,25.0088,-33.0402,8.85103,47.9093
52293,3239,3377,3435,3426,3615,4044,4299,3733,4087,5626,7007,4620,4182,5827,7051,4836,15.4239,3.40765,8.85066,48.2693
52294,4368,6108,7377,5011,4146,5540,6478,4482,3516,3880,4128,3672,3161,3527,3350,3348,-17.0334,2.61348,8.84339,48.0613
52295,3079,3354,3428,3363,3210,3538,3908,4029,3520,4052,5655,6133,3626,4446,8083,8765,21.1725,16.4631,8.8525,48.126
52296,3557,4217,5577,5466,3594,4419,7931,6516,3472,3946,4999,4714,3216,3414,3771,3648,-9.02582,12.8923,8.98791,48.3047
52297,4144,6416,8672,5562,3926,4884,5793,4571,3600,3880,3850,3710,3105,3260,3354,3297,-22.1038,4.95175,8.56058,48.016
52298,3384,3912,5605,9805,3303,3795,4920,8304,3284,3455,4017,4454,3097,3330,3344,3585,-17.1176,28.9214,8.96128,47.7293
52299,3184,3363,3488,3420,3430,3945,4132,3860,3708,5075,6999,5038,3922,5431,7698,5451,16.5774,6.54521,8.58798,48.096
52300,3612,5125,9679,7562,3544,4261,5203,5108,3442,3685,3853,3867,3073,3328,3425,3389,-33.8447,11.4268,8.59189,48.104
52301,4309,6895,9309,5510,3874,4747,5288,4301,3373,3604,3790,3685,3157,3331,3328,3332,-26.3849,4.16025,8.76778,47.8887
52302,3548,3835,3851,3728,3789,4881,5432,4261,4138,6010,7280,4600,3853,4346,4804,3996,4.44058,2.85321,8.66505,48.2347
52303,5659,5463,4078,3483,7145,7317,4235,3632,4900,4898,3768,3402,3783,3710,3433,3259,-9.05161,-15.0599,8.61886,48.11
52304,3424,3684,3484,3264,3986,4359,4065,3562,4885,7486,5479,4073,4824,6703,5351,3945,13.456,-5.32927,8.51469,48.3827
52305,3143,3246,3527,3569,3260,3675,4139,4296,3545,4167,6383,7029,3549,4246,6567,7677,15.8463,17.017,8.50658,48.012
52306,3291,3338,3490,3408,3279,3361,3617,3848,3353,3568,4648,5877,3476,3853,5920,12521,32.7536,33.0606,8.82732,47.232
52307,3720,3581,3383,3155,5173,4311,3601,3332,9500,5285,3859,3323,7199,5055,3830,3305,11.0554,-32.9241,8.50318,47.7413
52308,3139,3219,3381,3579,3197,3634,4021,4516,3501,3845,5169,8685,3379,3863,5479,9406,15.9804,33.3652,8.98001,48.0087
52309,3384,3617,3626,3468,3673,4312,4322,3814,4206,6787,6683,4340,4284,5750,5780,4411,12.3439,0.175227,8.57759,48.3047
52310,3729,4713,5396,4441,3948,5756,8051,5106,3674,4266,4989,4204,3349,3489,3698,3551,-8.29579,5.39222,8.52408,48.24
52311,3177,3274,3435,3298,3281,3637,4042,3868,3707,4300,5801,5110,3790,5354,9230,7149,22.7236,10.7038,8.72848,48.302
52312,3999,3806,3483,3163,5994,4553,3654,3433,9847,5229,3852,3421,6053,4759,3707,3224,7.1103,-30.8698,8.53003,48.118
52313,4332,5925,5959,4279,4320,6784,6733,4344,3686,4276,4254,3791,3327,3663,3613,3319,-12.6424,-0.0629726,8.88765,48.4033
52314,3286,3315,3380,3363,3315,3664,3745,3706,3787,4532,5212,4614,3999,6120,9739,6117,32.4887,6.69207,8.60442,47.9293
52315,4500,4128,3529,3206,6928,5548,3810,3364,7572,5901,3875,3474,4730,4492,3691,3324,1.24525,-19.6067,8.70693,48.048
52316,3252,3238,3394,3246,3730,3753,3645,3558,4080,4873,4902,4258,4630,8332,8198,4614,33.8159,-0.0440989,8.85437,47.802
52317,4269,5999,6754,4574,4207,5858,6935,4515,3565,3960,4157,3802,3302,3580,3642,3465,-15.1016,2.08442,8.80549,48.3893
52318,3216,3403,4096,4583,3335,3803,5211,7317,3321,3784,5488,8534,3217,3625,4285,4950,2.05768,22.7708,8.66659,48.112
52319,3451,3848,5362,6530,3427,3902,6205,8776,3325,3657,4512,5218,3157,3301,3719,3765,-9.82048,20.4264,8.60514,48.1033
52320,3337,3967,5949,11448,3384,3873,4945,7136,3230,3516,3878,4160,3144,3098,3358,3526,-21.6458,27.1042,8.81051,47.966
52321,4118,5160,6107,4725,4062,5938,7749,4740,3567,4118,4457,3798,3332,3550,3522,3472,-11.8811,3.77326,8.95048,48.2767
52322,4231,3959,3506,3129,6769,4710,3707,3300,9767,5077,3760,3273,5630,4458,3603,3324,4.56911,-32.6232,8.99103,48.1353
52323,4416,6687,7438,4774,4122,5627,6009,4540,3667,3984,4056,3612,3327,3415,3394,3279,-18.075,1.33998,8.566,48.2313
52324,3182,3270,3426,3512,3480,3719,4283,4026,3768,4482,6672,5605,3730,5137,7981,6178,17.6523,10.3766,8.67286,48.3007
52325,3142,3232,3474,3300,3195,3401,3699,3958,3292,3830,4849,6509,3285,3984,6051,12316,24.8068,29.052,8.86309,47.678
52326,3903,5122,6231,4717,4041,5732,7639,4788,3638,4108,4490,3865,3338,3531,3547,3539,-12.347,4.20051,8.70066,48.1527
52327,10407,6512,4002,3393,7193,5180,3900,3351,4229,3905,3475,3353,3496,3459,3278,3120,-20.5288,-22.4581,8.65699,48.1687
52328,3407,3391,3240,3266,3884,3704,3450,3381,5843,4697,3715,3366,12875,5932,3790,3333,30.466,-30.8612,8.88156,47.516
52329,3396,3928,5965,11896,3328,3687,4976,6972,3278,3466,3820,4069,2989,3193,3377,3488,-22.5701,29.0299,8.93439,47.8853
52330,3147,3229,3431,3319,3323,3591,3876,3894,3683,4277,5315,5081,3666,5094,9674,7550,29.126,11.5084,8.51187,48.1
52331,3279,3649,4383,5305,3473,3819,5413,8999,3252,3732,4828,7008,3240,3604,4136,4263,-3.30034,24.041,8.60214,48.2553
52332,3311,3309,3219,3229,3981,3822,3494,3247,6853,4902,3816,3317,11686,5991,3970,3461,22.8199,-32.1632,8.5976,47.7387
52333,3017,3084,3436,3472,3179,3404,3779,3965,3337,3858,4698,6093,3376,3873,6063,12704,30.8229,28.0484,8.71877,47.5587
52334,3168,3467,3978,4353,3292,3687,4763,6716,3420,3829,5078,9494,3220,3667,4393,5554,4.3399,30.1475,8.56696,48.0527
52335,4244,4107,3605,3240,5766,5668,4042,3473,6985,6936,4173,3382,4726,4660,3764,3425,3.55614,-15.1786,8.65382,48.1307
52336,4869,4945,4010,3468,5978,8136,4775,3731,4706,5540,4122,3412,3929,3967,3712,3312,-5.71928,-10.681,8.95044,48.408
52337,3945,5213,8749,6644,3725,4430,6504,5241,3480,3754,3978,3817,3086,3234,3511,3348,-19.5656,10.1484,8.86168,48.4393
52338,3112,3315,3641,3797,3254,3618,4256,5091,3411,3767,5463,9475,3370,3788,5251,7468,11.6948,25.9556,8.54861,48.0513
52339,3198,3343,3474,3274,3474,3790,3984,3859,3772,4810,6175,4790,4131,6108,8538,5502,20.2144,6.12265,8.64563,48.148
52340,3365,3383,3424,3326,3592,3767,3727,3519,4304,4894,4825,4074,4770,8191,8150,4574,30.3111,-0.301093,8.85092,47.9233
52341,3054,3266,3347,3379,3272,3362,3817,3966,3330,3764,4855,6098,3425,4021,6879,11984,28.1122,23.6319,8.81317,47.8793
52342,3726,4668,5243,4308,4044,5819,7934,4762,3658,4502,5188,4176,3445,3745,3782,3627,-7.35162,4.15831,8.63249,48.418
52343,3082,3300,3528,3606,3228,3589,4233,4796,3439,3801,5223,9294,3377,3844,5215,8459,13.9208,32.8553,8.92286,48.0093
52344,3363,4196,5913,6754,3443,4255,6673,7580,3325,3602,4407,4601,3084,3446,3542,3637,-12.8114,16.8924,8.54657,47.8807
52345,3376,4093,6561,11213,3410,3889,5002,6701,3220,3500,3776,4094,3077,3256,3335,3455,-23.4779,22.7786,8.73388,47.972
52346,3384,3666,4123,3989,3644,4211,6036,5062,3637,4530,7657,5886,3506,3936,4599,4435,3.3618,11.1277,8.83393,48.2007
52347,3434,4253,7320,10279,3437,3965,5159,6507,3235,3408,3797,4097,3100,3208,3303,3305,-22.9127,19.9237,8.93658,47.8713
52348,3376,4030,6702,11153,3439,3897,4951,6718,3325,3418,3925,3990,3105,3204,3440,3455,-23.0991,23.2331,8.50532,48.0853
52349,3480,3863,3627,3484,3878,5010,4753,3840,4527,7376,6640,4195,4253,5007,4787,3813,7.07243,-1.57843,8.89406,48.3553
52350,3135,3515,4070,4325,3351,3824,5290,5942,3445,4216,6552,7651,3332,3732,4743,5052,3.93691,17.245,8.75059,48.1167
52351,3317,3816,5231,7463,3378,3852,5503,9228,3282,3559,4324,5047,3135,3312,3744,3763,-11.9756,24.079,8.56029,47.9693
52352,3648,4328,6426,6549,3666,4334,7106,6738,3281,3781,4452,4497,3193,3338,3628,3512,-13.4448,14.1873,8.64994,48.318
52353,3211,3301,3474,3358,3291,3524,3904,3848,3420,4077,5227,5293,3642,4672,9046,8744,32.004,14.4348,8.63979,48.0213
52354,3855,4480,5028,4315,3933,5649,7884,4930,3678,4538,5499,4236,3346,3745,3822,3768,-5.50825,4.93111,8.97943,48.4707
52355,3929,5605,9703,6977,3746,4381,5281,4819,3330,3586,3838,3734,3157,3303,3372,3280,-27.5887,9.26559,8.63798,48.0273
52356,5587,5292,3928,3400,7390,7181,4307,3467,5178,4961,3762,3459,3989,3825,3494,3281,-7.42407,-15.8036,8.64,48.334
52357,3414,4182,6100,6805,3494,4186,6698,7679,3293,3701,4296,4661,3076,3361,3546,3672,-12.9404,16.6884,8.9055,48.1093
52358,5883,4815,3923,3373,8742,6347,4033,3397,5669,4747,3591,3248,4089,3896,3469,3268,-7.20087,-20.1772,8.52708,48.3267
52359,6531,5335,3790,3250,8650,6310,4071,3443,5039,4629,3761,3323,3855,3735,3366,3258,-9.92449,-19.7799,8.83808,48.2307
52360,3377,3522,3234,3072,3938,3942,3483,3230,6120,5426,4117,3511,9395,7873,4530,3520,22.3876,-17.3659,8.98902,48.1933
52361,3299,3563,3733,3524,3500,4301,4892,4210,3885,5542,8197,5121,3867,4616,5617,4407,8.64414,5.66772,8.89799,48.1827
52362,3546,3787,3621,3287,4220,5116,4192,3570,5101,8208,5419,3931,4469,5394,4488,3733,7.69404,-6.33209,8.87846,48.0547
52363,4747,4115,3438,3228,8059,4886,3766,3289,8517,4920,3745,3283,5036,4282,3540,3319,0.666654,-27.519,8.61133,48.1133
52364,3164,3416,3458,3379,3461,3717,4130,3788,3765,4902,6511,4855,3979,5603,8269,5495,18.5945,6.23104,8.9302,47.928
52365,3767,4169,4416,3892,3934,5696,6470,4376,3959,5360,6377,4312,3593,4036,4170,3841,-0.599975,2.10175,8.7752,48.2453
52366,3103,3230,3291,3237,3223,3718,3843,3826,3482,4065,5256,5309,3653,4777,9106,9011,29.8194,14.515,8.97745,48.0867
52367,3765,3659,3379,3077,5359,4279,3522,3378,9712,5209,3872,3437,7143,4969,3689,3410,10.5092,-30.4189,8.72138,47.906
52368,3262,3684,3985,3914,3551,4351,6023,4846,3670,4902,7655,5601,3481,3980,4900,4515,3.88286,9.33065,8.96345,48.2133
52369,6128,9779,6333,4225,4732,5180,4569,3753,3652,3896,3763,3378,3275,3328,3236,3163,-27.4938,-6.76825,8.60706,48.26
52370,3284,3727,4554,5838,3312,3805,5184,9797,3296,3555,4510,6738,3264,3521,3892,4154,-5.37487,30.7365,8.72085,48.2873
52371,3422,3647,3675,3418,3987,4778,4586,3789,4330,7148,6843,4208,4286,5133,5024,4064,8.8199,-1.13556,8.91553,48.2253
52372,4194,3929,3362,3207,6762,4619,3659,3313,9591,5224,3703,3326,5580,4312,3769,3278,4.68638,-33.1998,8.99736,47.8853
52373,3648,3687,3260,3145,5287,4324,3579,3224,9485,5552,3756,3406,7214,5086,3856,3287,10.7133,-24.8805,8.80104,47.864
52374,3345,3813,4730,6178,3368,3820,5149,9992,3340,3658,4391,6000,3083,3410,3786,3961,-7.42626,33.1377,8.94154,48.016
52375,3060,3156,3319,3389,3193,3424,3828,3844,3385,3726,4913,6122,3456,4083,7065,12025,27.5102,22.5333,8.95687,47.992
52376,9365,8675,4497,3471,5401,5077,4061,3399,3971,3844,3509,3333,3391,3365,3253,3154,-32.7647,-16.0296,8.87954,47.844
52377,3511,3424,3264,3042,3937,3935,3459,3132,6558,4887,3770,3354,12008,6062,3985,3379,23.8293,-28.6912,8.61186,47.8047
52378,3036,3227,3361,3373,3190,3463,3785,3909,3340,3813,4737,6058,3438,3993,6291,12590,31.1309,26.2509,8.91445,47.736
52379,5413,4723,3774,3309,8598,6240,3910,3468,6096,4929,3758,3272,4148,3984,3387,3177,-5.10709,-20.3923,8.76719,48.124
52380,3373,4222,7588,11378,3445,3875,4979,5845,3142,3457,3737,3876,3085,3331,3373,3433,-27.8279,20.5679,8.90567,48.0927
52381,12379,6117,3913,3385,6065,4793,3874,3508,3895,3686,3507,3186,3322,3304,3176,3183,-26.5416,-33.9986,8.78534,47.5287
52382,3336,3614,4683,5652,3450,3868,5706,9069,3265,3659,4798,6327,3228,3471,3935,4079,-5.30396,22.4059,8.74966,48.0933
52383,3038,3229,3353,3410,3141,3464,3804,3928,3291,3817,4941,6239,3342,3941,6572,12018,25.9895,24.3468,8.77281,47.6853
52384,3268,3375,3263,3255,3588,3793,3666,3551,4165,5171,4861,4084,5023,8783,7712,4712,27.9962,-1.69938,8.72642,48.18
52385,3135,3448,3807,4118,3384,3689,4613,5895,3443,3949,5919,9102,3382,3807,4842,6031,7.43872,22.2302,8.63856,48.376
52386,3434,3413,3279,3061,3926,3763,3444,3117,6493,4862,3872,3250,11769,6619,4047,3485,25.2838,-23.9214,8.61618,47.8893
52387,3996,3780,3390,3163,5981,4425,3736,3262,9680,5156,3765,3421,6289,4710,3770,3386,7.48897,-30.3284,8.5282,47.94
52388,3255,3404,3615,3502,3463,4081,4597,4109,3873,5004,7917,5340,3724,4697,6364,5233,12.5324,7.9906,8.96181,48.1187
52389,3325,3658,4487,5434,3419,3924,5814,8700,3341,3810,4842,6633,3175,3431,3913,4318,-4.1808,22.2542,8.55389,48.1493
52390,4695,4217,3574,3276,7799,5398,3939,3361,7747,5272,3791,3266,4815,4152,3618,3227,-0.276573,-23.0683,8.56266,48.098
52391,3351,3646,4172,4187,3531,4267,6200,5797,3570,4288,7148,6039,3381,3714,4491,4473,1.63331,12.7843,8.91946,48.17
52392,8471,6335,4018,3389,7682,5801,4042,3435,4490,3971,3593,3261,3500,3545,3229,3118,-16.5559,-20.0746,8.55684,47.92
52393,5637,9455,6926,4200,4417,5312,4684,3873,3619,3816,3648,3519,3269,3314,3251,3189,-26.8616,-4.23645,8.83418,48.086
52394,3401,3911,6031,12550,3446,3652,4814,6084,3174,3441,3821,3906,3041,3260,3442,3434,-31.2506,27.0991,8.76166,47.6053
52395,6653,7178,4555,3654,6360,6903,4338,3552,4244,4194,3651,3308,3517,3529,3341,3187,-15.7255,-13.1285,8.58632,48.1093
52396,3461,3900,5301,6780,3518,4011,6095,8649,3272,3697,4330,5143,3159,3310,3807,3799,-10.819,20.1367,8.5799,48.1547
52397,3572,3941,4355,4051,3790,5191,7037,4663,3719,5101,6762,4616,3632,3945,4369,3833,-0.605686,5.2967,8.64556,48.3847
52398,4048,4072,3501,3241,5505,5339,3899,3424,7394,7215,4247,3445,5105,4921,3852,3336,5.13373,-15.6298,8.86716,48.3627
52399,9129,6218,4102,3438,8050,5581,3876,3442,4442,3944,3443,3305,3590,3501,3305,3107,-17.0649,-21.9413,8.84052,48.3153
52400,3234,3250,3326,3257,3453,3635,3775,3739,3769,4695,5304,4600,4145,6617,9553,5814,24.8217,4.96935,8.89404,48.1107
52401,3288,3483,4072,4057,3329,3793,5060,6025,3485,4216,6347,8059,3237,3821,4837,5260,4.65061,18.3942,8.61289,48.246
52402,7840,9749,5031,3713,5007,5313,4184,3592,3778,3903,3578,3272,3363,3319,3318,3161,-29.9528,-11.8721,8.73749,48.0807
52403,3226,3651,4129,4251,3429,4061,5515,6505,3543,4100,6290,7411,3257,3789,4497,4877,2.38562,17.7357,8.7934,48.354
52404,3967,5967,9804,6535,3786,4455,5316,4680,3410,3598,3794,3699,3232,3284,3358,3332,-27.3769,7.70893,8.74699,48.1447
52405,4868,7989,7262,4481,4445,5709,5427,4197,3575,3838,3747,3620,3255,3384,3310,3208,-21.0355,-1.26401,8.76394,48.21
52406,3227,3525,3659,3581,3486,4018,4659,4253,3766,4965,8223,5583,3763,4447,6151,5148,10.407,8.93659,8.90441,48.3027
52407,3264,3165,3407,3320,3327,3630,3875,3831,3640,4218,5637,5170,3894,5173,9640,7356,24.2788,11.5094,8.9974,48.3647
52408,3110,3394,3516,3444,3500,3720,4130,4092,3696,4729,7295,5690,3720,4800,7512,5844,15.5918,10.0867,8.9909,48.128
52409,3549,4832,8917,8794,3546,4159,5392,5467,3345,3580,3835,3921,3098,3205,3384,3297,-24.6128,14.7065,8.92985,48.214
52410,3188,3235,3459,3424,3319,3428,3973,4293,3310,3821,5123,8361,3466,3832,5656,10179,17.8316,32.4198,8.88106,48.0447
52411,3504,4372,7699,9426,3451,4034,5599,6503,3193,3457,3848,4074,3100,3300,3478,3486,-21.5359,17.3739,8.9668,48.3493
52412,5884,4549,3673,3275,9838,5204,3766,3509,6365,4494,3564,3333,4084,3823,3401,3200,-5.83307,-32.9515,8.85093,47.9747
52413,3137,3364,3665,3877,3223,3600,4421,5501,3365,3957,6046,9076,3369,3909,5137,6764,9.57682,22.0833,8.72984,48.274
52414,3384,3984,5942,7833,3496,4059,6153,8189,3420,3624,4188,4572,3180,3248,3503,3581,-14.4537,20.2618,8.69312,48.2373
52415,3234,3262,3383,3312,3472,3697,3788,3638,3915,4661,5086,4383,4187,6960,9632,5370,33.3699,3.94119,8.9659,47.9867
52416,3537,4667,8952,8835,3396,4055,5263,5326,3290,3657,3871,3921,3114,3206,3376,3382,-33.94,14.8756,8.53611,47.8987
52417,7770,7819,4614,3631,6188,6241,4258,3517,4165,4070,3564,3294,3477,3480,3283,3211,-18.9713,-14.568,8.94839,48.388
52418,4356,4170,3472,3236,6747,5290,3855,3389,8004,6022,3991,3435,4951,4500,3771,3304,2.76086,-19.364,8.7452,48.3287
52419,3913,5949,8899,6069,3889,4592,5984,4734,3441,3708,4019,3863,3173,3282,3355,3398,-22.3312,7.03362,8.50613,48.1787
52420,3491,3397,3259,3143,3827,3803,3503,3244,5716,5073,3889,3334,10852,7566,4137,3391,30.7193,-19.5552,8.68888,47.75
52421,3159,3293,3362,3329,3272,3524,3720,3939,3357,3894,4990,6332,3423,4037,6624,11648,25.5841,24.0275,8.55478,47.9353
52422,3368,3854,6249,12336,3269,3797,4756,6031,3191,3442,3842,3976,3151,3137,3336,3546,-30.6827,26.699,8.61537,47.5207
52423,3883,5209,8776,6439,3649,4578,6351,5273,3496,3622,4046,3895,3135,3322,3333,3321,-20.1234,9.33246,8.8897,48.2187
52424,3220,3654,4073,4338,3339,3625,4752,7373,3458,4003,5017,9292,3279,3671,4215,5304,3.06663,32.4278,8.69017,48.4087
52425,4105,5095,5432,4139,4212,6597,7405,4632,3855,4447,4656,3924,3424,3510,3668,3486,-9.3935,1.54365,8.72512,48.3913
52426,4001,4057,3546,3205,5131,5594,4047,3444,6517,7511,4480,3524,4817,4866,3938,3534,4.90657,-12.7401,8.8068,48.1413
52427,3043,3203,3391,3398,3270,3610,3951,4037,3544,4091,5883,5974,3705,4710,8291,8036,21.0029,14.6258,8.82474,48.0913
52428,3191,3231,3365,3465,3312,3463,3822,3779,3426,4093,5075,5295,3477,4657,9207,8912,30.6062,14.7721,8.9728,47.8467
52429,4035,3885,3549,3284,5393,5290,3968,3449,7210,7328,4231,3499,5308,4910,3704,3435,5.399,-15.3243,8.91369,48.3187
52430,3852,5280,7440,5399,3834,4979,7154,5224,3506,3820,4219,4029,3149,3445,3501,3385,-15.9836,7.39473,8.91102,48.144
52431,3561,3704,3409,3146,4317,4445,3803,3344,6496,7407,4556,3575,5902,6538,4526,3547,12.8297,-12.7914,8.67773,48.184
52432,3781,3700,3340,3198,5301,4508,3621,3276,8772,6190,4126,3417,6520,5158,3828,3361,9.86536,-20.3495,8.65641,48.0647
52433,5368,7864,5719,4077,4926,6658,5249,3893,3846,4169,3920,3431,3338,3333,3326,3247,-17.696,-5.62169,8.54902,48.2427
52434,4928,4180,3575,3219,8443,5103,3741,3329,7713,5054,3743,3384,4657,4148,3631,3245,-1.06088,-25.6311,8.57497,48.062
52435,5006,4614,3686,3265,7658,6368,4013,3421,6455,5463,3835,3351,4387,4072,3568,3210,-2.39729,-18.151,8.94589,48.248
52436,3332,3310,3243,3027,3859,3924,3554,3287,5917,5426,4072,3519,9166,8224,4505,3466,23.446,-16.0482,8.90566,47.8873
52437,10009,5610,3919,3399,8107,5125,3973,3347,4347,4015,3417,3328,3598,3431,3394,3124,-17.4483,-28.4125,8.53293,48.0953
52438,3375,4075,6701,12019,3351,3801,4879,5983,3230,3423,3776,4068,3085,3195,3295,3492,-33.6224,23.1458,8.9748,47.832
52439,4086,5917,9913,6282,3751,4446,5463,4732,3348,3670,3842,3647,3282,3375,3316,3197,-26.1737,7.35801,8.83881,48.178
52440,3531,3478,3206,3163,4417,4013,3558,3310,7938,5556,3865,3494,9243,6083,3949,3399,16.9602,-22.7264,8.84968,48.1353
52441,3362,3885,4906,6193,3403,3910,6317,8982,3182,3676,4610,5598,3239,3396,3705,3898,-7.69783,20.4148,8.77935,48.1747
52442,3149,3458,4005,4421,3333,3857,4975,7199,3439,3748,5456,8849,3276,3547,4365,5184,2.7445,24.1252,8.65338,48.174
52443,12679,6259,3947,3413,6121,4743,3846,3368,3985,3713,3433,3255,3332,3364,3235,3071,-30.0112,-26.9384,8.95692,47.8427
52444,9614,8668,4457,3436,5385,5048,3955,3381,3851,3815,3519,3176,3348,3325,3209,3137,-31.278,-16.562,8.93859,47.5493
52445,3521,3469,3303,3104,4443,4040,3489,3203,8068,5367,3902,3487,9548,5991,4041,3471,17.089,-24.1422,8.50955,48.298
52446,3195,3214,3380,3327,3111,3512,3850,4022,3377,3839,4854,6401,3443,4072,6593,11396,24.6871,23.49,8.50057,47.724
52447,3520,4063,6679,9014,3438,4034,5632,7171,3243,3493,4061,4231,3034,3333,3455,3451,-18.2661,19.5357,8.5639,47.9013
52448,3509,3837,4457,4368,3562,4535,7075,5498,3636,4291,6653,5488,3328,3776,4225,4202,-1.10527,11.055,8.65751,48.2933
52449,3762,4470,6691,5661,3611,4690,7730,5981,3501,3894,4489,4212,3133,3394,3677,3552,-13.2278,10.8727,8.61549,48.2987
52450,4354,4456,3731,3359,6275,6276,4143,3480,6442,6296,4097,3528,4513,4389,3760,3353,0.180576,-14.9712,8.60466,48.3013
52451,3423,3451,3402,3285,3647,3964,3922,3558,4571,6166,5336,3963,4973,7899,6457,4287,18.6554,-2.96745,8.65721,48.2027
52452,4151,4649,4103,3664,5083,7574,5062,3757,4640,6348,4580,3734,3856,4061,3925,3435,-2.6871,-7.24609,8.83092,48.4147
52453,3183,3337,3428,3470,3416,3696,3968,4040,3732,4651,6667,5308,3825,5191,8365,6146,18.2278,9.3741,8.95116,48.282
52454,4326,7284,9291,5170,3981,4796,5060,4364,3503,3725,3693,3552,3219,3358,3447,3289,-33.8196,2.99751,8.89509,48.0387
52455,3605,3811,4011,3603,4043,5220,5215,4050,4285,6626,6530,4293,4009,4651,4617,3932,4.28702,0.0080903,8.76698,48.334
52456,4059,5822,9453,6166,3782,4485,5824,4791,3342,3699,3868,3801,3199,3264,3418,3264,-23.2255,7.35884,8.68991,48.158
52457,12581,6408,3998,3405,6012,4761,3744,3408,3876,3708,3457,3275,3431,3337,3140,3094,-29.8058,-26.1394,8.70185,47.7567
52458,5754,4610,3735,3316,9201,5850,3839,3384,6275,4723,3723,3311,4222,3952,3444,3220,-5.6262,-22.9008,8.98443,48.3727
52459,3244,3384,3566,3528,3439,3806,4299,4196,3694,4696,7451,5562,3794,4837,7171,5629,14.5378,9.53817,8.84123,48.1973
52460,3240,3496,4169,4926,3329,3747,4998,8308,3321,3702,4931,8353,3205,3435,4156,4718,-0.155914,31.7959,8.96654,48.0227
52461,3623,4018,4348,3995,3754,4974,7019,4813,3778,4858,6763,4722,3551,3953,4323,4002,-0.0731083,6.28851,8.66791,48.3293
52462,4231,4676,4010,3373,5244,7658,5007,3757,4627,6312,4550,3570,3954,4131,3726,3412,-2.75226,-7.35416,8.97194,48.1587
52463,4032,4302,3941,3586,4875,6964,5086,3735,4742,6802,4959,3881,3884,4324,3886,3505,0.00888128,-6.35267,8.77504,48.336
52464,3277,3466,3442,3187,3753,3880,3726,3334,4667,6225,4847,3853,5557,8735,6075,4172,20.6048,-6.03199,8.59948,48.1307
52465,4199,4938,4492,3774,4716,7421,5850,4006,4189,5527,4869,3765,3754,3910,3748,3481,-5.1212,-3.50837,8.5287,48.426
52466,12537,5992,3930,3396,6099,4846,3755,3391,3932,3853,3418,3293,3456,3402,3222,3187,-29.1318,-29.5133,8.82471,47.806
52467,4596,4790,4044,3542,6014,7520,4467,3589,5104,5990,4142,3635,3967,4052,3744,3361,-3.93207,-11.6367,8.61292,48.3713
52468,3510,4107,7324,9860,3455,4005,5432,6513,3271,3515,3807,4193,3168,3192,3356,3484,-21.1493,19.2188,8.93633,48.128
52469,4514,6859,8416,5302,4039,5125,5609,4453,3439,3759,3865,3625,3194,3430,3350,3275,-22.3014,2.97744,8.50598,48.1693
52470,3552,4777,8997,8736,3529,4138,5101,5340,3249,3664,3853,3882,3087,3123,3512,3374,-29.5535,14.5856,8.65447,47.9427
52471,3359,3919,6181,12612,3318,3838,4638,5934,3204,3388,3729,3952,3166,3219,3294,3461,-31.8909,27.976,8.84078,47.4747
52472,3216,3268,3354,3333,3242,3585,3831,4147,3390,3830,5027,7278,3462,3893,5844,11201,20.3155,33.8556,8.72632,47.934
52473,3184,3368,3389,3110,3772,3901,3738,3482,4457,5569,4758,4033,5474,8815,6962,4293,23.2753,-3.83079,8.68975,48.2033
52474,3768,5338,9065,6548,3668,4476,6197,5271,3395,3594,3931,3757,3272,3292,3335,3441,-21.5317,9.31465,8.77506,48.232
52475,3539,3677,3780,3458,3919,4959,5092,3948,4174,6495,7228,4452,3989,4673,4920,3961,6.5746,1.32774,8.92365,48.176
52476,3340,3399,3314,3378,3511,3835,3989,3803,4024,5203,6345,4533,4258,6475,8191,5172,19.5129,3.52387,8.75676,48.5133
52477,7565,5090,3923,3424,9666,5379,3984,3409,5236,4277,3533,3176,3703,3554,3212,3097,-11.4688,-26.1775,8.83995,48.152
52478,5522,9398,6946,4327,4316,5301,4762,3961,3595,3772,3754,3507,3368,3332,3291,3145,-27.6127,-3.73071,8.51223,48.198
52479,3357,3459,3176,3046,3788,3860,3627,3286,5035,5301,4106,3546,7563,9862,5215,3835,28.4497,-11.455,8.61597,48.0413
52480,3518,4143,6315,8114,3368,4092,6069,7661,3322,3565,4199,4533,3177,3408,3363,3570,-15.7074,19.1136,8.62799,48.278
52481,3143,3308,3426,3388,3354,3512,3801,4058,3420,3950,4926,6177,3463,4277,7257,11090,25.4711,20.8132,8.59696,48.3667
52482,3353,3429,3377,3176,3538,3843,3778,3602,4337,5435,5450,4135,4777,7894,7544,4585,21.4464,-0.546955,8.80732,48.1687
52483,3476,3616,4404,4758,3396,3974,6403,7203,3374,3877,5750,6457,3277,3561,4157,4408,-1.85441,17.0277,8.91531,48.0607
52484,3212,3312,3283,3202,3700,3901,3683,3362,4539,5504,4757,3888,5701,9411,6645,4204,25.4413,-5.20336,8.68235,48.2027
52485,3173,3219,3318,3395,3282,3451,3763,3986,3318,3728,4688,6129,3406,3857,5829,12889,32.4111,29.2558,8.99672,47.6207
52486,3362,3940,6059,12505,3324,3801,4811,6083,3229,3479,3829,3913,3237,3275,3406,3300,-31.7549,31.4766,8.58843,47.702
52487,10842,6376,4066,3390,7200,5069,3786,3373,4185,3853,3470,3235,3437,3370,3177,3054,-20.7116,-24.0852,8.96836,47.922
52488,7413,6192,4010,3554,7596,6293,4148,3481,4483,4147,3608,3308,3608,3593,3360,3166,-14.5288,-18.1286,8.69553,47.9733
52489,3284,3426,3333,3148,3858,4194,3778,3541,5065,6900,4967,3694,5710,7931,5292,3832,17.3604,-7.79091,8.76574,47.9687
52490,3157,3317,3433,3329,3377,3670,3927,3767,3660,4644,5522,4808,4122,5903,9646,6206,24.5104,7.26113,8.79104,48.3253
52491,4076,3826,3367,3109,6305,4553,3591,3350,9688,5249,3740,3344,5838,4506,3701,3382,5.96,-32.4755,8.52139,47.75
52492,4801,4221,3612,3299,8414,5010,3730,3271,7979,4872,3800,3379,4623,4093,3506,3318,-0.543855,-32.2015,8.61076,47.952
52493,3085,3083,3431,3459,3231,3480,3863,4012,3335,3840,4755,6225,3451,3862,6208,12345,26.6181,27.0324,8.75486,47.7767
52494,3276,3222,3341,3390,3201,3559,4000,4138,3425,3826,5074,6773,3399,3913,6484,10754,21.5468,23.1679,8.60977,47.85
52495,6442,6587,4355,3574,6535,7199,4518,3589,4360,4323,3684,3343,3624,3560,3314,3091,-13.8556,-13.6046,8.95376,48.0653
52496,3164,3399,3702,3702,3305,3636,4264,5191,3351,3857,5172,9793,3393,3801,4975,7345,10.9606,31.575,8.68944,48.0333
52497,3429,4224,6872,9948,3513,4051,5261,6731,3182,3557,3957,4096,3089,3415,3416,3394,-21.2345,20.1893,8.61613,48.09
52498,3177,3363,3745,3940,3298,3580,4362,5724,3327,3827,5298,10133,3265,3681,4860,6823,8.90477,27.8677,8.71181,48.2687
52499,4178,4840,4184,3650,5175,7954,5303,3831,4352,5919,4550,3675,3716,3921,3645,3384,-4.33678,-6.62247,8.94775,48.1847
52500,3233,3331,3458,3308,3541,3885,3764,3509,4204,5027,4907,4123,4928,8551,7699,4563,32.7977,-1.26708,8.59412,48.0207
52501,3073,3284,3356,3406,3292,3391,3836,4020,3311,3771,4976,6361,3392,4036,6690,12079,25.9807,24.0393,8.92925,48.1827
52502,4242,7045,9345,5404,3976,4791,5058,4343,3501,3605,3788,3488,3166,3343,3454,3265,-32.718,3.58457,8.71482,47.876
52503,4310,5753,6118,4539,4219,6241,6805,4557,3653,4257,4274,3828,3328,3405,3574,3408,-13.4808,1.60759,8.51745,48.1793
52504,3613,4633,8509,8225,3506,4243,5853,5760,3335,3523,4034,4017,3048,3268,3399,3453,-22.0131,14.298,8.76335,48.2793
52505,3494,3634,3803,3701,3611,4344,5505,4405,3802,5619,8142,5096,3646,4270,5062,4454,5.94834,6.48897,8.98796,48.392
52506,3617,3407,3245,3130,4614,3915,3590,3253,8639,5297,3852,3433,9384,5494,3864,3437,16.3252,-26.5816,8.70508,48.114
52507,6445,5078,3925,3272,9193,6042,4105,3527,5533,4648,3751,3200,3881,3709,3382,3064,-8.75523,-21.3226,8.89856,48.5033
52508,3685,4504,5632,4717,3737,5167,8089,5342,3513,4024,5067,4193,3280,3612,3898,3600,-8.87032,7.84938,8.68484,48.04
52509,3181,3590,4171,5074,3355,3755,4960,8701,3419,3671,4818,7974,3214,3468,4083,4720,-1.08969,29.2942,8.79844,48.1027
52510,4207,6663,8984,5564,3981,4905,5551,4590,3472,3756,3861,3773,3297,3304,3475,3232,-23.9004,4.11676,8.58988,48.41
52511,3243,3314,3381,3311,3534,3747,3818,3650,3865,4387,5217,4688,4074,6439,9468,5950,32.8682,5.79209,8.5964,48.0573
52512,3428,3697,4550,5838,3442,3893,5741,9515,3251,3719,4632,6253,3161,3347,3775,4166,-6.21897,23.3976,8.84502,48.272
52513,3390,3345,3295,3100,3902,3697,3412,3241,6202,4853,3772,3322,12424,6193,3932,3449,26.467,-26.7103,8.83396,47.686
52514,4116,4183,3702,3292,5419,6190,4366,3523,6245,7132,4352,3598,4450,4696,3805,3327,2.18368,-12.5845,8.56293,48.264
52515,4402,6952,9145,5303,3962,4743,5630,4368,3332,3741,3908,3668,3144,3292,3343,3311,-23.9311,3.7339,8.98751,48.1627
52516,3245,3376,3364,3135,3532,3841,3910,3538,4277,5286,4954,3977,5052,8779,7571,4543,26.3574,-1.78522,8.52628,48.2533
52517,5965,9516,6171,4155,4557,5535,4569,3856,3674,3901,3737,3354,3277,3344,3290,3129,-25.9652,-6.60235,8.56773,48.02
52518,9262,7990,4443,3578,6034,5439,4124,3448,3863,3933,3500,3204,3336,3394,3265,3070,-23.5858,-17.122,8.64135,47.922
52519,3518,3955,4655,4294,3805,5048,7417,5171,3756,4613,6188,4693,3485,3801,4049,3825,-2.6201,7.43665,8.58928,48.182
52520,3215,3423,3881,4017,3279,3660,4798,6009,3346,3923,5997,9012,3353,3751,4825,5667,6.11679,21.1305,8.81963,48.104
52521,4793,4105,3433,3268,7938,5118,3694,3369,8474,5001,3745,3286,4813,4145,3450,3235,0.558959,-27.6378,8.55585,47.9113
52522,3386,3641,3521,3404,3803,4226,4045,3546,4658,7042,6005,4104,4680,6823,5660,4030,14.305,-3.04327,8.87927,48.3827
52523,3364,3406,3308,3190,3966,4182,3708,3314,5610,6541,4578,3713,6633,8152,4974,3835,18.4066,-11.2481,8.76588,48.316
52524,3172,3207,3307,3377,3263,3521,3839,3975,3478,3889,4992,5688,3574,4311,8139,10206,29.645,17.9928,8.73403,47.9587
52525,3492,3428,3312,3208,3979,3771,3452,3199,5981,4879,3807,3305,12365,6531,3932,3374,31.301,-24.6021,8.93998,48.01
52526,11527,6264,4030,3424,6897,5059,3885,3415,4169,3846,3467,3147,3269,3449,3242,3050,-22.3477,-25.2796,8.55649,48.0933
52527,4498,6879,6604,4428,4385,6204,5967,4251,3640,4035,4014,3704,3267,3556,3413,3204,-16.7263,-0.638827,8.7447,48.0327
52528,3174,3526,3898,3968,3392,3789,5063,5478,3579,4225,7086,7699,3455,3926,4992,5465,6.8557,16.6138,8.63039,48.4767
52529,3809,5363,9808,7309,3609,4246,5393,4874,3475,3571,3739,3747,3246,3205,3449,3223,-27.1794,10.581,8.5939,48.044
52530,3229,3255,3439,3327,3310,3676,3802,3740,3636,4192,5325,4892,3792,5424,9641,7337,29.7517,10.7427,8.61844,48.0113
52531,3502,3370,3230,3092,3913,3735,3404,3254,5892,4942,3898,3357,11839,6995,4178,3414,30.3599,-22.0212,8.88122,48.01
52532,5404,8237,6043,4138,4789,6354,5112,3888,3743,4049,3896,3521,3321,3350,3364,3156,-18.8642,-5.44735,8.67486,48.2433
52533,4480,7514,8241,4825,4242,5070,5617,4326,3509,3758,3863,3646,3227,3334,3329,3251,-22.7782,1.23107,8.52373,48.1547
52534,3567,3468,3245,3099,4583,4133,3709,3206,7934,5981,3998,3445,8128,6169,4140,3329,15.5213,-19.7574,8.95671,48.0893
52535,3267,3282,3344,3408,3163,3431,3919,4426,3436,3894,4851,7779,3438,3941,5732,10336,18.7699,29.5462,8.56689,47.7647
52536,6141,7131,4553,3692,6200,7298,4394,3605,4300,4262,3801,3425,3497,3641,3340,3167,-14.5192,-12.1692,8.97688,48.298
52537,4768,4241,3547,3284,8306,4942,3747,3333,8282,4890,3630,3385,4714,4113,3572,3280,-0.176493,-33.8433,8.87139,48.0227
52538,7685,9234,5001,3702,5421,5714,4222,3532,3793,3908,3657,3249,3340,3420,3290,3163,-22.6331,-12.3464,8.95086,48.2207
52539,3198,3640,4416,5351,3413,3810,5277,9404,3349,3675,4728,7140,3305,3366,3876,4275,-3.2998,27.6417,8.84074,48.1487
52540,3642,4741,8104,7169,3568,4283,6423,5912,3284,3661,4100,3996,3237,3281,3419,3419,-18.7886,12.8897,8.65374,48.1593
52541,3482,3443,3250,3145,4126,3904,3458,3147,6639,5400,3980,3476,10171,7159,4228,3411,20.7856,-20.3924,8.88364,48.2793
52542,11454,6871,4170,3355,6588,5063,3819,3413,4125,3741,3451,3156,3381,3404,3131,3055,-23.4552,-22.5157,8.97753,48.118
52543,3652,3533,3393,3109,4543,4234,3573,3344,8163,6157,4071,3474,7527,6158,4044,3433,13.9087,-19.1217,8.97807,48.272
52544,3536,4162,5074,4715,3769,4884,8084,5666,3636,4120,5475,4570,3267,3622,3990,3892,-6.0374,9.69658,8.82851,48.308
52545,3402,3371,3214,3209,4134,3994,3497,3231,7611,5062,3908,3298,10569,5687,3996,3374,19.1722,-33.2726,8.76763,47.7047
52546,4468,4419,3759,3304,6179,7036,4285,3717,5682,6147,4127,3593,4233,4259,3745,3485,-1.24339,-12.9168,8.87965,48.292
52547,3297,3480,4241,4830,3389,3770,5148,8528,3318,3661,5111,7764,3334,3578,4028,4705,-0.886318,25.8877,8.86198,48.1213
52548,3329,3916,6000,12600,3366,3727,4736,6015,3237,3488,3829,3897,3212,3207,3299,3403,-29.3684,32.0895,8.80417,47.5073
52549,3862,4910,5721,4632,3850,5679,7842,5018,3564,4205,4853,4094,3222,3615,3728,3512,-9.73598,5.17775,8.62321,48.2047
52550,3444,3390,3428,3126,3780,3832,3370,3210,6112,4856,3792,3418,12661,6330,3914,3267,29.9499,-26.641,8.82666,47.9533
52551,3453,3864,3910,3843,3824,4611,6136,4555,3857,5240,7374,4987,3666,4159,4530,4219,2.74771,5.62967,8.51693,48.152
52552,3039,3228,3430,3363,3193,3415,3781,3997,3359,3800,4809,6227,3336,3925,6612,12119,27.2115,24.5889,8.69935,47.7553
52553,3650,4195,4659,4188,3798,5257,7598,4988,3687,4555,6052,4514,3501,3695,4043,3892,-3.50254,6.11618,8.98949,48.1813
52554,9658,5551,3744,3339,8589,5074,3860,3300,4474,3975,3511,3219,3689,3419,3177,3231,-16.4688,-31.6937,8.90727,47.8733
52555,3555,4088,5086,4531,3709,5170,7912,5587,3612,4251,5596,4534,3357,3606,3953,3750,-5.75733,8.12346,8.52075,48.198
52556,3281,3430,3395,3243,3597,3794,3665,3498,4419,5273,4629,3981,5355,9247,7160,4287,26.6926,-3.41884,8.67732,48.1693
52557,5412,4804,3702,3360,8278,6229,4076,3465,6079,4968,3794,3390,4012,3968,3541,3223,-5.19813,-19.4359,8.58853,48.2007
52558,3119,3253,3324,3362,3160,3391,3699,4094,3442,3760,4956,6584,3490,3939,6020,12184,24.4909,30.9289,8.66965,47.8513
52559,3143,3172,3367,3425,3329,3524,3803,3894,3355,3808,4805,5864,3469,3894,6098,12579,28.7241,32.4962,8.5316,47.686
52560,3684,4673,8086,7025,3641,4331,6496,5805,3217,3726,4172,4167,3131,3335,3514,3444,-18.4487,12.8307,8.74314,48.298
52561,3400,3750,4593,4627,3448,4260,6835,6440,3597,4104,6109,5842,3404,3628,4116,4136,-2.03636,14.2507,8.61858,48.1927
52562,4295,4314,3647,3281,6011,6421,4081,3519,6214,6710,4228,3599,4473,4365,3783,3283,0.529503,-13.8585,8.9556,48.1493
52563,3207,3463,3544,3591,3479,3786,4452,4091,3727,4907,7547,5432,3827,4796,6828,5420,13.7434,8.29648,8.53557,48.0647
52564,3424,3329,3256,3021,4089,3760,3484,3145,6900,4780,3714,3360,11861,5969,3936,3426,22.7522,-31.0303,8.67482,47.636
52565,3137,3361,3446,3272,3632,3880,4041,3757,4220,5587,5921,4441,4473,6808,7576,4756,18.6987,1.67656,8.6839,48.2053
52566,3626,3533,3238,3245,4601,4029,3512,3227,8628,5070,3776,3349,9252,5352,3847,3419,15.7381,-31.5326,8.77835,47.8027
52567,3334,3345,3209,3165,3739,3923,3566,3423,5131,5345,4156,3565,7827,9623,5072,3742,28.0787,-12.1008,8.93922,48.11
52568,3178,3530,4020,4252,3316,3645,4651,7164,3346,3819,5132,9568,3299,3672,4478,5469,3.81724,29.4989,8.88572,48.3593
52569,3374,4018,5999,8637,3425,3889,5787,8216,3241,3621,4198,4578,3000,3334,3526,3451,-15.4411,21.6696,8.96414,48.196
52570,3595,3611,3275,3075,4874,4259,3722,3277,8561,5612,3895,3513,8144,5586,3850,3267,14.1564,-22.5458,8.52223,48.0773
52571,6850,8709,5010,3823,5348,6250,4417,3723,3840,3945,3674,3315,3422,3428,3256,3101,-20.2393,-10.771,8.81447,48.074
52572,3134,3268,3435,3329,3323,3652,4090,3954,3646,4408,6590,5559,3676,4792,8028,6952,18.0694,11.9769,8.78246,47.8907
52573,3595,4483,5830,5176,3707,4896,8064,5793,3454,4001,4896,4484,3220,3488,3657,3574,-9.69088,9.71952,8.70716,48.212
52574,3126,3318,3431,3344,3441,3662,3844,3616,3983,4642,5321,4525,4218,6583,9598,5434,33.6089,4.77563,8.81179,48.0573
52575,3126,3179,3259,3452,3178,3466,3726,3943,3391,3797,4897,6733,3389,3921,6087,12189,23.7684,28.5025,8.7019,47.822
52576,3474,3425,3188,3143,4395,3968,3588,3311,7931,5116,3880,3329,10219,5683,3977,3256,17.9791,-32.969,8.58263,47.922
52577,3230,3456,3462,3380,3377,3874,4098,3969,3741,4767,7081,5038,3856,5192,7860,5687,16.883,8.18276,8.8582,48.0453
52578,5558,7112,4847,3855,5511,7559,4878,3776,4066,4387,3838,3404,3425,3464,3429,3178,-14.3643,-8.82754,8.9062,48.1913
52579,10181,6134,4023,3345,7835,5199,3737,3255,4161,3944,3539,3213,3430,3505,3210,3158,-18.6072,-24.3629,8.94483,47.9127
52580,3276,3398,3259,3137,3777,3849,3633,3347,5015,5228,4392,3637,7270,9768,5233,3800,33.2602,-10.8515,8.59171,48.0127
52581,3561,4191,7818,10363,3508,3923,5060,5662,3213,3531,3771,3939,3102,3365,3350,3354,-32.2458,18.7897,8.51199,47.8073
52582,3472,3615,3391,3241,3931,4123,3901,3679,4836,7079,5544,3990,4925,7195,5635,3998,15.6009,-4.27353,8.81892,48.37
52583,3449,3466,3367,3072,4257,4113,3687,3346,6505,6159,4153,3602,7600,7324,4395,3515,17.682,-15.3485,8.6946,48.0067
52584,3223,3425,3887,4082,3235,3608,4563,6336,3402,3874,5253,9674,3274,3653,4615,5925,6.32687,28.6995,8.71779,48.0193
52585,3283,3633,3985,3999,3436,4137,5725,5285,3604,4374,7558,6231,3456,3946,4814,4725,3.77034,12.4151,8.70572,48.1273
52586,3362,3936,6039,12430,3437,3743,4678,6242,3198,3377,3793,3960,3181,3186,3346,3271,-27.8167,29.744,8.59896,47.4527
52587,3352,3444,3466,3249,3595,3892,3876,3520,4340,5757,5330,4104,4981,7906,6966,4590,20.735,-1.50518,8.53701,48.2453
52588,4389,3973,3408,3179,7002,4876,3686,3354,8962,5644,3833,3361,5389,4458,3642,3225,3.70129,-23.1407,8.78125,48.254
52589,3595,4641,8544,9017,3495,4050,5378,5493,3270,3532,3823,3923,3116,3296,3327,3405,-26.2898,15.5505,8.59949,47.9367
52590,3727,4300,5380,4565,3782,5206,8221,5377,3593,4252,5369,4397,3192,3605,3809,3623,-7.14242,7.66258,8.90951,48.2653
52591,9186,7354,4232,3431,6600,5745,3932,3453,4081,3915,3533,3265,3498,3364,3218,3062,-20.0999,-18.161,8.9055,47.9127
52592,4957,7047,5520,4144,4845,7056,5429,4063,3850,4299,3979,3563,3341,3485,3394,3331,-14.9027,-4.36203,8.6509,48.202
52593,3544,3611,3414,3328,3878,4590,4193,3566,5000,7688,5782,3939,4765,6026,4901,3875,11.5093,-4.61933,8.71495,48.0667
52594,9357,6624,4062,3414,7427,5476,3946,3349,4370,4113,3514,3149,3419,3491,3329,3056,-18.1544,-20.8942,8.56193,48.064
52595,10471,5634,3894,3449,7915,5106,3819,3332,4235,3916,3596,3162,3575,3472,3208,3217,-18.7492,-29.5503,8.57139,48.0007
52596,3156,3368,3449,3502,3412,3609,4150,4473,3450,4145,6138,7216,3530,4199,6548,7957,15.9622,17.8303,8.54935,48.2013
52597,3540,4520,8203,8800,3489,4162,5565,5709,3196,3546,3887,3983,3107,3216,3440,3445,-23.2482,15.3982,8.52309,47.872
52598,3342,3974,6065,12160,3378,3829,4845,6692,3296,3447,3775,3990,3157,3201,3307,3328,-24.3399,27.7634,8.63675,47.8573
52599,3735,3865,3636,3343,4475,5288,4166,3569,5212,8182,5155,3855,4495,5340,4429,3651,6.82363,-7.34245,8.75424,48.264
52600,4250,4043,3595,3151,6213,5131,3876,3372,8223,6249,3952,3441,5302,4592,3750,3242,4.53734,-19.3109,8.82295,48.2547
52601,7773,6568,4069,3533,7268,6206,4129,3494,4308,4148,3648,3329,3637,3583,3327,3133,-15.6704,-17.6086,8.91399,48.102
52602,3411,3314,3211,3198,3807,3798,3603,3336,5032,5544,4355,3602,7329,9606,5273,3832,25.3999,-10.755,8.83959,48.1673
52603,12045,6943,4112,3371,5848,4863,3848,3373,3993,3834,3541,3178,3459,3247,3235,3085,-29.0897,-23.3826,8.81013,47.9833
52604,3191,3189,3393,3407,3276,3461,3577,4066,3333,3809,4833,6788,3334,3940,6003,12153,23.4698,30.5659,8.97094,47.8353
52605,3082,3452,4005,4144,3385,3700,4616,6213,3409,3949,5864,9000,3336,3848,4598,5815,5.84266,22.1904,8.66699,48.2773
52606,3690,4564,8624,8932,3511,4069,5529,5709,3234,3485,3940,3839,2992,3170,3267,3399,-23.6014,15.5447,8.92034,47.9693
52607,3578,4008,4528,4131,3857,5197,7690,4830,3765,4770,6317,4604,3395,3820,4056,3759,-2.86572,5.96768,8.96015,48.2033
52608,3352,3625,4770,6100,3413,3981,5219,9748,3282,3645,4542,6056,3322,3401,3772,3907,-6.8972,32.8417,8.67996,48.09
52609,3251,3530,3951,4250,3306,3605,4697,6711,3399,3867,5378,8993,3317,3612,4365,5501,4.489,24.292,8.52829,47.822
52610,8744,5927,3972,3432,8397,5553,3866,3505,4535,4118,3411,3286,3508,3548,3321,3058,-15.8207,-21.9424,8.96166,48.1207
52611,3435,3406,3298,3118,4069,3834,3396,3242,5973,4783,3778,3352,12721,6103,3909,3379,32.6905,-27.3933,8.90213,47.864
52612,3678,3739,3373,3165,4836,4580,3706,3246,7997,6773,4195,3470,6410,5606,4005,3409,11.0121,-17.3663,8.84148,48.1253
52613,3320,3889,4980,5286,3467,4166,7016,7471,3407,3912,5186,5691,3298,3506,3922,4131,-5.67398,16.5314,8.60721,48.432
52614,4202,3879,3439,3100,6355,4455,3585,3396,9867,5231,3730,3345,5997,4595,3635,3247,6.02525,-27.7304,8.68894,48.0387
52615,3648,4518,6331,5416,3684,4789,7965,5976,3523,3881,4618,4220,3171,3458,3714,3578,-11.902,9.96052,8.84542,48.3267
52616,3341,3690,4924,7086,3332,3858,5292,9873,3222,3516,4239,5460,3178,3334,3763,3816,-9.65528,27.867,8.65995,47.9493
52617,3511,3446,3283,3076,4354,3979,3498,3265,7518,5382,3868,3345,9578,6179,4051,3470,18.2654,-22.4426,8.80604,47.8687
52618,3904,4050,3795,3441,4852,6219,4511,3623,5337,7492,4902,3690,4425,4595,4014,3665,3.13822,-8.40458,8.52837,48.3433
52619,9650,6907,4127,3425,6920,5507,3901,3418,4165,3869,3510,3287,3486,3417,3186,3171,-19.9469,-19.9458,8.854,47.964
52620,4828,7559,6455,4354,4494,6151,5458,3971,3741,3993,3946,3546,3330,3476,3402,3213,-18.3478,-2.90903,8.52486,47.9447
52621,3335,3794,5095,7597,3375,3786,5338,9713,3237,3514,4298,5148,3165,3304,3669,3789,-11.2169,26.9149,8.57292,48.1047
52622,3390,3320,3242,3139,3850,3760,3443,3231,5512,5121,3980,3435,9102,8983,4583,3650,28.9976,-15.2551,8.88596,47.8273
52623,3250,3805,5013,7507,3396,3810,5554,9403,3214,3488,4251,5265,3240,3361,3658,3918,-11.2298,25.4364,8.51028,48.0887
52624,3100,3219,3400,3411,3181,3536,3893,3962,3376,3834,4894,5885,3482,4021,7073,11655,30.0414,21.7064,8.64044,47.948
52625,5216,4469,3659,3316,8949,5019,3715,3430,7250,4754,3786,3258,4368,4078,3602,3302,-2.73923,-31.6546,8.74456,48.114
52626,3253,3227,3379,3504,3275,3321,3745,4047,3359,3669,4653,6162,3387,3896,5980,12788,33.1147,28.0192,8.61799,47.7633
52627,3530,3519,3187,3102,4353,4129,3484,3106,7994,5335,3935,3452,9708,5939,4095,3314,17.9024,-24.1523,8.69687,48.1213
52628,3214,3297,3434,3461,3260,3468,3773,3985,3425,4015,5292,5963,3496,4180,7672,10090,24.6966,18.4788,8.51942,48.0167
52629,5895,4692,3696,3272,9694,5474,3910,3461,6261,4556,3628,3298,4079,3844,3454,3159,-6.22975,-25.3702,8.92974,48.2487
52630,5912,5709,4133,3610,7049,7480,4375,3552,4835,4616,3789,3406,3567,3559,3447,3212,-10.5723,-14.5014,8.70822,48.1673
52631,6226,9913,6271,4160,4550,5179,4570,3862,3730,3859,3579,3365,3346,3366,3305,3132,-29.6953,-6.52986,8.82626,48.2753
52632,3122,3259,3427,3388,3318,3537,3888,3883,3508,4198,5553,5441,3548,4604,8827,8458,24.5384,14.4016,8.71087,47.9727
52633,3683,3922,3990,3686,3999,5357,5748,4114,3983,6041,6784,4359,3686,4432,4593,3959,2.83211,2.03477,8.80473,48.224
52634,4630,5154,4359,3576,5625,8091,5019,3854,4494,5377,4122,3572,3665,3884,3607,3327,-6.78621,-8.10886,8.50188,48.2373
52635,3368,3339,3269,3238,3938,3905,3482,3282,5679,5065,3997,3339,9731,8386,4345,3554,32.2395,-16.8873,8.87298,47.9447
52636,3175,3351,3362,3352,3429,3688,4010,3871,3798,4854,6560,4867,4058,5621,8474,5782,18.8518,6.87227,8.82338,48.168
52637,3468,3452,3197,3057,3999,3782,3551,3293,6546,5033,3843,3318,11445,6766,4022,3360,23.8566,-23.101,8.84597,48.088
52638,4847,5465,4218,3545,6078,7968,4808,3654,4661,5236,4065,3558,3649,3703,3577,3308,-7.37838,-10.7213,8.6593,48.2267
52639,3485,3748,4006,3950,3625,4448,5821,4686,3710,4857,7752,5583,3577,4178,4806,4456,4.36043,8.78407,8.59705,48.4587
52640,3359,3351,3120,3139,4056,3766,3419,3237,6615,4806,3878,3367,12071,6063,3905,3346,24.1133,-29.1885,8.67745,47.6653
52641,3609,4036,3985,3678,4142,5549,5314,4004,4339,6733,6208,4095,3933,4461,4408,3885,2.89053,-0.80657,8.77406,48.2527
52642,3198,3395,3603,3415,3236,3706,4118,4181,3594,4285,6589,6270,3676,4452,7343,7358,16.9799,14.5498,8.7959,48.2793
52643,5367,4735,3796,3340,8499,6242,3900,3427,6307,5055,3763,3275,4050,3970,3569,3335,-4.64654,-19.5989,8.9735,48.42
52644,3552,4095,6330,6476,3503,4352,6896,7184,3312,3783,4411,4370,3194,3303,3518,3598,-13.207,15.2716,8.59527,47.918
52645,3082,3320,3535,3638,3228,3602,4184,4648,3442,3972,5627,8300,3455,4051,5662,8211,14.6094,21.524,8.62013,47.9713
52646,3858,5168,9697,7458,3740,4370,5324,5034,3226,3475,3730,3742,3146,3324,3341,3376,-30.2261,11.2042,8.53875,48.006
52647,4226,5662,5603,4233,4417,6675,6938,4310,3693,4308,4448,3796,3359,3652,3504,3355,-11.2566,0.34274,8.66501,48.1193
52648,6761,9930,5444,3912,4983,5263,4390,3653,3797,3828,3521,3391,3310,3466,3267,3213,-33.9959,-9.63252,8.81069,48.086
52649,3767,3466,3265,3064,4598,4302,3638,3343,7913,6318,3956,3466,7418,6015,4122,3503,13.7705,-18.5076,8.88386,48.1027
52650,3251,3474,3464,3199,3758,4089,3815,3486,4765,6806,5127,3858,5174,7752,5802,4100,17.2023,-5.20607,8.82126,47.9467
52651,6568,9974,5911,3907,4750,5217,4312,3714,3697,3900,3628,3352,3245,3417,3190,3162,-32.5037,-8.09259,8.92602,47.9627
52652,3636,3518,3398,3191,4538,3979,3482,3174,8691,5310,3785,3374,9226,5454,3867,3357,15.7864,-32.6097,8.93825,47.9867
52653,3244,3371,3339,3271,3583,3823,3733,3630,4251,5655,5417,4117,4839,7827,7500,4598,20.7654,-1.1645,8.75369,48.132
52654,3515,3974,4092,3744,3961,5167,5825,4311,4043,5989,6908,4586,3804,4222,4325,3900,2.7053,2.2672,8.69474,48.244
52655,3195,3272,3373,3255,3233,3370,3865,3920,3346,3761,4592,5915,3378,3934,6038,12481,30.5901,33.7712,8.50655,47.2853
52656,3337,3833,4997,5319,3643,4221,6842,7790,3438,3824,5191,5660,3147,3512,4065,4016,-6.03858,17.2588,8.58222,48.5567
52657,3957,5174,7065,5234,3907,5233,7496,5157,3605,3982,4284,4017,3289,3306,3515,3328,-14.4024,6.19841,8.7398,48.366
52658,9632,7197,4266,3467,6701,5465,3961,3413,4164,3994,3604,3253,3400,3451,3402,2985,-20.9097,-19.6742,8.68133,48.2367
52659,4330,4337,3705,3390,5973,6397,4073,3510,6436,6572,4095,3528,4578,4459,3747,3296,0.935159,-14.4059,8.90356,48.284
52660,8232,6971,4372,3500,6912,5973,4116,3397,4342,4150,3592,3341,3395,3488,3337,3163,-17.5828,-17.4002,8.83369,48.1873
52661,3215,3438,3932,4379,3345,3666,4719,6961,3286,3713,5300,9272,3268,3668,4449,5486,3.8263,26.0965,8.84761,48.0647
52662,4065,5418,6350,4560,4112,6072,7243,4685,3606,4065,4451,3801,3356,3478,3616,3454,-13.0942,2.89634,8.70637,48.2213
52663,3875,3764,3385,3225,5430,4344,3607,3386,9850,5328,3858,3233,6843,4938,3701,3361,9.61993,-31.0291,8.5885,48.0853
52664,12788,6181,3897,3272,6088,4695,3709,3373,3845,3769,3458,3206,3271,3342,3183,3145,-28.343,-31.1993,8.89746,47.4813
52665,3585,4450,8340,9120,3600,4096,5451,5792,3325,3475,3893,3925,3087,3250,3530,3473,-23.6815,15.892,8.5755,48.2613
52666,3400,3815,5024,6088,3406,3997,6305,8939,3364,3717,4579,5551,3085,3338,3618,3988,-8.27013,20.9584,8.91791,48.1427
52667,3275,3616,4288,4880,3411,3898,5485,7751,3509,3838,5316,7404,3294,3554,4085,4506,-1.12793,21.2474,8.70471,48.0733
52668,5072,5599,4319,3587,5746,8227,4841,3727,4474,4872,4008,3492,3552,3793,3543,3177,-9.10896,-9.64316,8.60557,48.0193
52669,6947,6597,4259,3450,6934,6830,4212,3510,4426,4371,3669,3401,3432,3550,3393,3118,-14.6401,-15.7739,8.78267,48.066
52670,3279,3476,4026,4574,3302,3706,4818,7715,3282,3725,4902,8980,3413,3613,4247,5240,2.11558,30.2529,8.91,48.1987
52671,3420,3990,6490,12120,3340,3923,4779,6044,3282,3347,3899,3832,3113,3163,3408,3434,-29.231,24.0513,8.81803,47.7227
52672,3233,3334,3317,3490,3169,3397,3824,4055,3433,3743,4846,6704,3335,3981,5944,12088,23.688,27.9554,8.78532,47.9287
52673,4322,4175,3623,3315,6163,5710,4033,3309,7230,6469,4294,3374,4848,4558,3644,3360,2.8052,-16.9365,8.51361,48.2847
52674,3589,3680,3421,3264,4520,4590,3847,3444,6441,7694,4484,3616,5903,6237,4311,3583,12.1543,-12.5172,8.69161,48.416
52675,3210,3541,3483,3361,3509,3842,4161,3871,3937,5424,7107,4905,4117,5623,7185,5082,15.4918,4.78552,8.76089,48.2387
52676,7271,9866,5492,3774,4960,5246,4385,3663,3726,3834,3612,3418,3397,3449,3277,3119,-29.9642,-10.0722,8.74768,48.326
52677,11146,5857,4023,3481,7576,4923,3791,3396,4238,3809,3441,3173,3413,3402,3159,3159,-20.2426,-28.1361,8.9017,47.9913
52678,3596,3741,3932,3564,3791,4994,5577,4198,4087,6111,7189,4594,3749,4396,4665,4056,4.5878,2.83543,8.82598,48.16
52679,3435,4385,7661,9468,3405,4006,5622,6304,3291,3512,3983,4004,3200,3199,3350,3389,-22.0609,17.8979,8.89589,48.1427
52680,3590,4817,8565,7732,3565,4172,5781,5663,3360,3620,3910,4024,3322,3311,3487,3407,-21.5226,13.5264,8.59991,48.2173
52681,3854,4352,4142,3812,4397,6466,5828,4049,4302,6042,5509,4005,3763,4148,4118,3643,-1.03574,-1.98588,8.7057,48.2867
52682,12633,6128,3827,3424,5931,4707,3829,3433,3932,3655,3458,3210,3416,3273,3217,3156,-29.7047,-29.1117,8.57176,47.486
52683,3785,4470,4770,4010,4143,6131,7115,4496,3919,5027,5501,4133,3531,3794,3929,3635,-4.08187,2.2743,8.64701,48.2593
52684,3082,3264,3316,3311,3417,3593,3775,3798,3527,4361,5195,5128,3733,5147,9756,7482,32.0012,11.5911,8.82384,47.9233
52685,5483,5398,4069,3335,7244,7569,4323,3526,4901,5054,3797,3438,3845,3817,3478,3115,-7.92033,-14.7544,8.88344,48.2613
52686,3069,3196,3338,3363,3163,3549,3873,3898,3478,3778,4845,6074,3436,4059,6920,11829,27.7717,22.5907,8.84233,47.912
52687,3339,3517,3240,3127,4116,4030,3458,3197,7117,4905,3846,3390,11377,6009,3851,3393,21.6083,-29.6447,8.58663,47.9413
52688,3778,4316,4088,3631,4393,6346,5334,4019,4482,6613,5641,4003,3814,4269,3983,3691,0.556414,-3.21949,8.51481,48.2673
52689,4318,4326,3701,3333,6375,6326,4065,3463,6447,6376,4170,3511,4569,4328,3747,3333,0.475019,-15.139,8.66149,48.2587
52690,3483,3409,3283,3186,3783,3841,3421,3254,6019,4750,3675,3314,12823,5820,3867,3347,32.6193,-32.3479,8.94329,47.5167
52691,3431,4101,5980,8522,3339,3913,5835,8003,3290,3631,4124,4506,3078,3306,3591,3434,-15.5267,20.9571,8.94633,48.056
52692,3139,3289,3387,3389,3259,3520,3829,3942,3387,3714,4781,5948,3311,3972,6083,12504,29.7721,31.1091,8.57541,47.636
52693,3282,3857,4416,4473,3501,4087,6600,6566,3577,4133,6102,6097,3213,3605,4221,4338,-1.27608,14.8831,8.76984,48.0453
52694,3239,3236,3411,3411,3208,3509,3847,4271,3385,3802,5060,7764,3425,3858,5710,10772,19.3976,29.7016,8.68429,47.9387
52695,3660,4420,8446,9882,3504,4049,5058,5489,3246,3547,3975,3852,3158,3182,3392,3429,-29.2381,16.8698,8.81871,48.1927
52696,3079,3348,3261,3230,3228,3447,3740,4006,3379,3856,4741,6125,3359,3880,6286,12253,28.5075,25.5175,8.71448,47.4787
52697,4823,4207,3472,3203,8336,4906,3822,3356,8326,4877,3796,3297,4636,4227,3617,3194,-0.162439,-31.5372,8.78606,48.0633
52698,3216,3562,4098,4612,3311,3839,5172,7619,3368,3825,5217,8463,3366,3639,4228,5038,1.57056,25.6372,8.50406,48.382
52699,3494,4170,5795,5519,3583,4555,7760,6436,3392,3928,4902,4653,3279,3389,3722,3632,-9.92588,12.5518,8.70838,48.1393
52700,3424,3473,3365,3307,3687,4048,3886,3543,4442,6245,5430,4048,4969,7849,6483,4283,18.9034,-3.21405,8.82656,48.3213
52701,3498,3483,3393,3110,4146,4269,3794,3446,6089,7329,4533,3566,6204,7121,4519,3594,14.6875,-11.8875,8.93883,48.0627
52702,4482,6575,6516,4557,4421,6120,6101,4304,3698,3990,4109,3644,3276,3502,3420,3319,-16.253,-0.0667488,8.66336,48.0227
52703,3375,3960,6040,12296,3439,3770,4868,6159,3263,3387,3861,3858,3135,3144,3289,3439,-27.1762,33.6052,8.52142,47.522
52704,11577,6162,4015,3301,6894,5032,3794,3267,4171,3818,3403,3198,3410,3358,3213,3121,-22.5606,-24.9278,8.94483,47.8227
52705,3397,3375,3239,3181,3939,3914,3435,3267,6520,4768,3821,3486,12281,5985,4032,3481,24.7455,-33.4606,8.74389,48.0807
52706,3254,3264,3400,3346,3387,3642,3778,3709,3774,4491,5279,4625,4052,5917,9878,6359,27.708,7.6073,8.73756,48.1033
52707,3157,3251,3459,3432,3386,3655,3919,4198,3417,4024,6064,6823,3485,4191,7205,8291,18.437,16.8203,8.81937,47.9713
52708,3165,3213,3560,3695,3180,3635,4031,4952,3383,3901,5221,9195,3382,3822,5246,8226,13.0451,29.3908,8.5115,47.8713
52709,4153,5182,5100,4174,4263,6647,7091,4478,3827,4576,4710,3868,3581,3572,3698,3518,-9.00153,0.54032,8.70498,48.292
52710,3314,3918,5588,9997,3320,3831,5133,8178,3269,3483,4103,4339,3247,3227,3354,3543,-17.3745,32.2918,8.66552,47.896
52711,3936,5360,6568,4718,4011,5597,7464,4829,3487,4048,4476,3850,3291,3347,3527,3433,-13.1369,4.11591,8.75866,47.9613
52712,3464,3968,5874,10915,3352,3768,4955,7476,3184,3418,3860,4124,3097,3259,3425,3535,-19.8257,32.6694,8.78943,47.7827
52713,7925,5156,3806,3288,9891,5259,3785,3400,4873,4202,3614,3247,3719,3588,3380,3177,-12.3953,-31.4593,8.91101,48.2067
52714,3171,3271,3433,3357,3152,3389,3893,3941,3307,3807,4796,6316,3380,3960,6516,12263,26.5556,25.0589,8.79379,47.968
52715,3925,3645,3365,3243,5914,4525,3624,3293,9676,5679,3772,3340,6242,4778,3781,3366,7.36623,-24.1566,8.7126,48.112
52716,3256,3344,3271,3155,3483,3826,3654,3504,4485,5091,4656,3896,5372,9525,7121,4397,30.1986,-3.80972,8.96205,48.024
52717,4211,3910,3396,3144,6872,4618,3720,3274,9459,5143,3916,3397,5634,4356,3583,3254,4.4876,-28.3278,8.91766,47.9247
52718,3139,3396,3733,3947,3275,3626,4134,5518,3442,3822,5341,9846,3347,3687,4990,6942,9.48365,28.2196,8.5847,48.1233
52719,4003,3897,3459,3135,6300,4565,3548,3436,9777,5136,3812,3448,5790,4643,3675,3325,6.40328,-31.8457,8.51744,47.966
52720,3344,4024,6339,11106,3309,3792,4959,7132,3220,3432,3957,4087,3163,3263,3393,3509,-21.72,24.3214,8.76124,48.0193
52721,3162,3304,3383,3563,3287,3524,3933,3888,3629,4108,5249,5317,3631,4752,9026,8342,26.5027,13.7907,8.78309,48.0653
52722,4693,4257,3515,3248,8149,4890,3676,3434,8402,4847,3776,3268,4877,4185,3450,3283,0.280611,-31.1456,8.82061,47.9667
52723,10709,7643,4288,3562,5984,5099,3846,3390,3950,3770,3554,3138,3310,3384,3250,3224,-26.1094,-19.6305,8.72157,48.0673
52724,3822,3758,3358,3254,6040,4504,3631,3287,9761,5165,3764,3489,6300,4678,3668,3340,7.76559,-31.1764,8.53276,47.8793
52725,3720,4595,6443,5282,3637,4869,7988,5789,3429,3936,4513,4281,3138,3453,3597,3518,-12.334,9.74316,8.8436,48.1253
52726,3615,3623,3447,3181,4500,4530,3771,3327,7074,7179,4317,3477,6303,6197,4127,3601,12.4909,-15.0254,8.78495,48.1793
52727,11374,5993,3969,3522,7199,4930,3881,3383,4157,3944,3522,3140,3439,3386,3266,3185,-21.2077,-27.6788,8.71442,48.1933
52728,3430,3493,3298,3225,3913,3731,3493,3163,5937,4895,3913,3511,11454,6988,3986,3365,30.5431,-22.6547,8.54366,47.8633
52729,3439,3368,3196,3126,4136,3877,3498,3220,6787,5047,3939,3417,10910,6614,3993,3468,21.946,-23.093,8.75298,48.0233
52730,5040,7414,6165,4258,4685,6558,5412,4058,3787,4199,3865,3513,3335,3429,3392,3283,-17.4822,-3.38143,8.87577,48.262
52731,4055,4426,3851,3583,4931,6954,4948,3725,4863,6854,4949,3734,4062,4402,3958,3509,-0.160427,-6.70551,8.66298,48.536
52732,3327,3317,3363,3328,3820,3903,3598,3457,4633,5850,4791,3713,5712,9202,6234,4152,22.1721,-5.88576,8.9783,48.2667
52733,3113,3165,3666,3740,3234,3594,4251,5041,3289,3830,5520,9708,3311,3772,5206,7604,11.7656,25.9822,8.97888,48.0293
52734,3435,4007,5050,4931,3616,4521,7864,6164,3458,4179,5587,4970,3365,3583,4004,3863,-5.08241,11.8826,8.9639,48.398
52735,3389,4037,6427,10993,3421,3884,5134,6920,3217,3425,3877,4088,3129,3183,3381,3382,-21.7307,23.116,8.68906,47.9247
52736,3082,3239,3416,3448,3207,3413,3951,4379,3382,3780,5231,7942,3400,3807,5809,10227,18.2594,24.8419,8.94622,47.8087
52737,4542,3875,3604,3183,7692,4805,3710,3285,9165,5148,3715,3446,5120,4360,3576,3278,2.42101,-26.8419,8.96007,48.336
52738,4821,4246,3764,3270,7376,6004,3920,3545,6931,5595,3917,3442,4444,4227,3646,3286,-1.27609,-18.9274,8.63284,48.2893
52739,3428,3479,3625,3304,3713,4102,4221,3677,4197,6357,6755,4431,4329,5810,6209,4447,13.3885,0.802251,8.99032,48.056
52740,3383,3450,3214,3164,3935,3865,3615,3276,5793,5436,4163,3441,9267,8117,4510,3616,23.62,-16.0837,8.70332,48.1633
52741,4056,4104,3754,3428,4974,6456,4561,3527,5269,7516,4710,3678,4217,4646,4037,3478,2.22746,-8.4059,8.85479,48.274
52742,3534,3854,5321,5767,3451,4163,7088,7649,3378,3729,4798,5099,3204,3469,3779,3882,-8.46047,16.3639,8.80386,48.11
52743,3374,3271,3212,3101,3927,3901,3529,3165,6175,4849,3886,3337,12297,6371,3990,3342,27.478,-26.0221,8.79889,47.818
52744,3304,3961,5886,12564,3386,3797,4743,5999,3335,3527,3725,3886,3131,3335,3383,3360,-30.0165,31.8479,8.76352,47.548
52745,3307,3423,3229,3226,3827,3952,3521,3426,5303,5738,4211,3552,7433,9250,5118,3788,23.2692,-11.8163,8.83043,48.2027
52746,3772,5176,8062,6145,3642,4643,6729,5473,3348,3789,4014,3912,3167,3271,3499,3467,-17.5738,9.52096,8.68084,48.0727
52747,3867,3635,3266,3140,5300,4181,3552,3378,9896,5163,3858,3403,7210,4939,3708,3366,10.6857,-30.1818,8.81285,47.908
52748,8215,9461,4942,3714,5181,5349,4048,3545,3757,3760,3733,3298,3266,3388,3282,3117,-29.7479,-13.1825,8.68185,48.0373
52749,4161,4559,4005,3529,4954,7338,5071,3821,4933,6462,4718,3748,4066,4160,3808,3407,-1.98794,-7.02958,8.65413,48.4933
52750,3439,3706,4015,3688,3673,4596,5764,4467,3884,5384,8015,5112,3730,4272,4826,4256,4.87689,6.42294,8.97701,48.5513
52751,4245,5476,5271,4123,4394,6989,6854,4396,3887,4506,4507,3788,3562,3634,3641,3464,-9.814,-0.142844,8.78982,48.4913
52752,3725,3710,3269,3080,5183,4286,3661,3274,9615,5655,3914,3383,7306,5059,3759,3290,11.1066,-24.2801,8.94102,48.1127
52753,3451,3993,5902,8303,3326,4014,5762,8236,3266,3649,4172,4578,3129,3316,3460,3560,-14.9196,21.2736,8.51573,48.078
52754,4140,6626,9679,5797,3844,4556,5379,4529,3358,3663,3808,3650,3251,3247,3356,3155,-27.0297,5.39902,8.92276,48.0253
52755,4139,6185,8867,5687,4005,4817,6009,4717,3483,3686,3949,3738,3233,3341,3408,3302,-21.0491,5.1874,8.76574,48.3773
52756,4048,3852,3430,3269,6461,4566,3585,3325,9659,5353,3810,3403,5858,4527,3581,3327,5.75039,-29.3875,8.51741,48.036
52757,10794,5591,3898,3359,7756,5073,3755,3376,4308,3852,3623,3277,3491,3380,3227,3043,-19.0335,-31.8874,8.65429,47.8687
52758,3076,3288,3352,3385,3414,3499,3867,3861,3553,4159,5634,5235,3558,4882,9384,7910,25.1334,12.6656,8.80659,48.038
52759,3135,3234,3441,3628,3211,3550,4004,4429,3463,3781,5004,8164,3423,3881,5557,10021,17.6808,29.4926,8.74615,47.9507
52760,8177,9263,4732,3554,5233,5216,4181,3587,3877,3916,3484,3300,3384,3372,3364,3066,-33.2867,-13.424,8.60768,47.804
52761,3772,4085,4240,3854,3937,5581,6296,4404,4084,5584,6603,4495,3707,4014,4257,3824,0.225967,2.68801,8.7526,48.4913
52762,4809,7299,6396,4365,4532,6377,5639,4162,3756,4067,3861,3585,3360,3503,3565,3281,-17.0953,-2.26756,8.76165,48.3713
52763,3367,3661,4594,4830,3328,4070,6513,7087,3456,4028,5808,6339,3253,3634,4159,4292,-1.90937,16.8569,8.84834,48.2793
52764,3245,3350,3249,3118,3858,3800,3601,3216,5323,5328,4139,3652,8053,9519,4963,3623,26.8044,-12.8438,8.79307,48.0247
52765,3333,3667,4809,6528,3503,3881,5307,10035,3293,3553,4370,5892,3159,3310,3638,4102,-8.4938,27.8712,8.92037,48.2533
52766,3381,3396,3237,3172,3964,3771,3517,3190,5693,5079,3904,3363,10365,7971,4375,3388,33.3106,-18.0794,8.88377,47.844
52767,3511,3438,3281,3092,4542,4047,3437,3303,7765,5672,3966,3309,8856,6226,3986,3484,16.6713,-21.0554,8.6966,47.9433
52768,3751,4542,4625,3687,4287,6315,6896,4341,3910,5253,5518,4136,3603,3892,4021,3716,-3.49101,1.0565,8.78072,48.3287
52769,3651,3762,3543,3443,4314,5410,4189,3643,5354,8033,5282,3871,4447,5083,4498,3740,6.72532,-6.68019,8.73105,48.1753
52770,4060,3731,3436,3180,5888,4577,3758,3258,9571,5621,3923,3393,6278,4820,3696,3335,7.62255,-24.3134,8.70007,48.35
52771,3242,3594,4636,6052,3368,3855,5437,9725,3272,3597,4461,6199,3186,3438,3898,4096,-6.5826,25.6941,8.78503,48.0373
52772,3206,3155,3475,3401,3305,3673,3880,3784,3757,4520,5161,4739,3928,5819,9736,6449,31.2006,8.16901,8.52007,47.992
52773,3819,3845,3763,3355,4401,5823,4744,3730,4969,7772,5502,3844,4115,4793,4269,3667,3.97139,-5.26468,8.97732,48.274
52774,3048,3367,3367,3415,3317,3398,4023,3920,3539,4043,5088,5368,3454,4692,8767,9217,28.7723,15.4892,8.80457,48.0153
52775,3125,3222,3328,3383,3250,3435,3864,3892,3432,3943,5192,5858,3509,4331,7989,10242,26.419,18.3484,8.89713,47.9967
52776,4143,5615,7084,5042,3931,5445,6961,4845,3616,3868,4237,3832,3190,3413,3438,3418,-15.3028,4.38446,8.64572,48.052
52777,3457,3399,3080,3184,4026,3782,3468,3258,7057,5034,3946,3441,11034,6286,3939,3390,21.7207,-24.8098,8.53128,47.854
52778,3203,3524,4182,4304,3235,3874,5375,6509,3477,4026,6122,7679,3285,3680,4573,4928,2.52333,18.6262,8.89784,47.984
52779,3159,3455,3634,3753,3281,3555,4290,5501,3430,3849,5623,9676,3282,3731,4970,7002,9.89503,25.3863,8.55991,48.1273
52780,5144,7413,5323,3890,4951,7103,5234,3957,3868,4365,3863,3454,3410,3594,3441,3278,-15.5634,-5.79774,8.97837,48.192
52781,6059,9765,6231,4069,4676,5180,4553,3916,3734,3803,3567,3317,3317,3346,3400,3234,-29.8522,-6.47109,8.63864,48.1113
52782,3391,3366,3148,3129,3830,3769,3481,3227,5935,4838,3898,3429,11587,7096,4172,3442,30.8169,-21.4393,8.95742,47.8253
52783,3970,3858,3500,3269,5203,5436,4001,3435,6994,7466,4309,3563,5056,5103,3975,3488,5.79119,-14.1973,8.76691,48.4173
52784,3409,3858,4825,5088,3499,4221,7106,7366,3406,3892,5254,5695,3283,3415,3943,4001,-5.1163,15.8949,8.99869,48.174
52785,3769,3993,3745,3509,4318,5718,4941,3740,4581,7164,5903,4067,4106,4773,4346,3697,3.77444,-3.18943,8.55295,48.2467
52786,3431,4013,6491,10769,3279,3870,5015,7038,3268,3358,3855,4228,3040,3117,3434,3377,-21.5751,23.2801,8.53423,47.722
52787,3453,3395,3284,3108,3940,3791,3482,3196,6031,4761,3662,3287,12752,6244,3927,3291,31.942,-27.3225,8.89267,47.736
52788,3504,3560,3390,3042,4282,4133,3575,3318,6907,6256,4105,3515,7804,7122,4294,3503,17.0194,-16.562,8.59775,48.2067
52789,3140,3207,3493,3479,3203,3513,3891,4261,3352,3784,5000,7131,3412,3936,6225,11034,21.0662,24.9194,8.79251,48.0407
52790,3573,5068,9402,7556,3518,4359,5580,5218,3315,3551,4084,3884,3232,3360,3394,3323,-23.901,11.9666,8.91962,48.278
52791,5248,8782,6983,4217,4470,5275,4984,3901,3656,3880,3740,3482,3384,3422,3330,3256,-24.2055,-3.43897,8.63951,48.0067
52792,3341,3339,3356,3125,3675,3865,3576,3428,4718,5166,4447,3775,6334,9787,6224,4068,28.47,-6.8448,8.58653,48.1493
52793,3197,3243,3408,3448,3219,3439,3829,3887,3410,3651,4779,6042,3377,3949,5964,12698,31.8656,28.3597,8.8196,47.6933
52794,3607,3806,3752,3545,4028,4988,4749,3730,4579,7255,6293,4225,4143,5010,4697,3907,6.60063,-1.75237,8.61343,48.2093
52795,3974,4754,4839,4065,4308,6906,6830,4418,4009,5023,4969,4025,3522,3831,3722,3482,-6.30237,0.190429,8.66146,48.4513
52796,4126,4266,3662,3359,5924,6082,4081,3438,6471,6949,4270,3476,4552,4641,3804,3395,1.90812,-14.1047,8.6806,48.3307
52797,5864,4521,3705,3259,9547,5491,3800,3324,6428,4595,3709,3327,4192,3859,3472,3132,-5.42826,-24.9962,8.63915,48.15
52798,3952,5725,9913,6500,3819,4331,5507,4854,3338,3610,3860,3905,3006,3274,3442,3249,-25.1262,8.52204,8.99834,48.19
52799,3161,3353,3401,3282,3493,3724,3905,3608,3921,5155,5621,4562,4286,7008,8701,5153,22.4015,3.11093,8.77779,48.2227
52800,4403,3963,3502,3272,6373,5286,3696,3364,8105,6162,3934,3459,5119,4583,3799,3357,3.88753,-19.2947,8.61849,48.2513
52801,5703,5479,4053,3456,7175,7603,4361,3509,4844,4874,3740,3340,3718,3816,3420,3268,-9.20519,-14.4893,8.67612,48.2393
52802,3187,3214,3354,3276,3222,3545,3812,3948,3276,3706,4821,6431,3366,4007,5959,12517,24.9057,31.6385,8.9148,47.7607
52803,3185,3479,4099,4009,3595,3977,5420,5385,3475,4314,7384,6849,3388,3871,5036,4924,5.37453,14.1044,8.60764,48.26
52804,3378,3991,5842,11194,3328,3960,5024,7476,3179,3466,3777,4223,3062,3260,3382,3363,-20.4793,30.7503,8.62668,47.9367
52805,11264,7511,4122,3457,5905,4879,3826,3401,3968,3845,3451,3196,3401,3284,3294,3021,-27.916,-20.651,8.98171,47.8833
52806,3414,3416,3224,3050,4083,3715,3411,3178,6405,4988,3791,3312,11824,6612,4030,3390,24.9477,-23.8464,8.99347,47.8953
52807,3535,3582,3405,3314,4123,4493,3991,3515,5234,7940,5263,3838,4936,6461,4827,3719,11.9969,-6.57984,8.69902,48.1173
52808,4756,4483,3638,3367,7253,6447,3989,3435,6399,5838,3916,3464,4409,4163,3599,3370,-1.66322,-17.0135,8.65296,48.3507
52809,3720,4095,4068,3641,4223,5856,5530,4088,4383,6791,5991,3996,3934,4300,4325,3680,1.91249,-1.24463,8.74614,48.414
52810,9407,5641,3869,3346,8175,5353,3757,3417,4417,4099,3558,3267,3692,3469,3236,3190,-16.8273,-25.0184,8.52872,47.9287
52811,3390,4017,5918,10130,3420,3947,5222,7866,3189,3490,3929,4272,3040,3308,3482,3547,-18.3348,25.3344,8.54097,48.1113
52812,3033,3270,3490,3357,3170,3429,3637,3808,3370,3753,4764,5992,3296,3979,6557,12435,27.9708,25.1458,8.94712,47.56
52813,3129,3205,3473,3606,3235,3596,4036,4465,3394,3754,5121,8774,3449,3865,5452,9226,15.7784,32.9705,8.84843,47.8533
52814,3977,3778,3351,3173,6104,4420,3569,3262,9912,5221,3866,3330,6341,4656,3696,3256,7.50302,-29.3659,8.68862,47.9413
52815,3274,3481,3542,3296,3763,4159,4198,3789,4242,6382,6531,4387,4418,6118,6399,4471,14.7374,0.690804,8.53515,48.3
52816,3323,3451,3287,3145,3966,3927,3566,3392,5370,6135,4307,3647,7182,9073,4897,3719,21.2303,-11.699,8.81007,48.258
52817,3597,4732,8057,7082,3675,4365,6416,5937,3335,3705,4115,3975,3094,3332,3464,3480,-18.4838,12.6708,8.64774,48.2407
52818,7445,9786,5238,3784,5189,5502,4282,3663,3827,3859,3514,3300,3304,3438,3189,3101,-26.7923,-11.2374,8.73331,48.2807
52819,3889,3708,3393,3190,5071,4616,3778,3284,8151,6732,4163,3436,6269,5412,3855,3358,9.78321,-17.9003,8.76841,48.2033
52820,3342,3435,3416,3184,3711,4018,3863,3478,4554,5967,5097,4031,5183,8298,6420,4255,19.7364,-3.35877,8.69394,48.168
52821,3341,3674,4512,5083,3359,3900,5931,8268,3343,3868,5207,6658,3287,3532,4123,4309,-3.17811,20.4088,8.88054,48.2633
52822,3092,3276,3653,3832,3077,3667,4253,5145,3387,3843,5406,9457,3428,3928,5159,7516,11.1917,26.2981,8.61378,48.0793
52823,3387,3393,3263,3108,3858,3863,3377,3216,5929,5019,4012,3433,11113,7447,4140,3378,28.7794,-20.5059,8.85035,47.9573
52824,3426,3874,5713,10310,3409,3945,5098,8026,3294,3510,3978,4326,3091,3341,3387,3495,-18.3702,26.6426,8.597,48.1487
52825,6293,9981,6101,4002,4825,5514,4613,3666,3698,3775,3471,3297,3275,3323,3340,3117,-24.8899,-7.58525,8.90905,48.194
52826,3409,3867,4565,4642,3547,4388,7175,6455,3452,4117,5853,5610,3305,3638,4007,4094,-2.90071,13.8035,8.99399,48.0827
52827,3635,4665,7481,6163,3748,4679,7202,5776,3483,3695,4228,4132,3278,3384,3501,3509,-15.509,10.5542,8.88613,48.3727
52828,4999,4782,3880,3425,6768,7450,4380,3531,5144,5455,4058,3367,4026,3935,3655,3219,-5.19367,-13.4484,8.59006,48.0493
52829,3359,3398,3226,3058,3818,3821,3594,3403,5026,5661,4228,3662,7349,9535,5220,3750,25.3362,-11.5058,8.80071,48.072
52830,5095,4285,3535,3232,8184,5524,3856,3524,7295,5163,3854,3414,4476,4087,3487,3220,-1.93071,-21.694,8.68233,48.154
52831,3508,4202,5786,5772,3610,4336,7470,6823,3337,3967,4718,4662,3306,3563,3757,3722,-10.0873,13.8282,8.55507,48.3593
52832,4707,6740,6209,4487,4435,6527,5988,4110,3675,4186,4030,3679,3311,3416,3370,3392,-15.6813,-1.68914,8.84479,48.1747
52833,3586,3527,3416,3183,4673,4451,3588,3388,7967,6445,4003,3486,6898,5899,3987,3433,12.8559,-18.0559,8.88521,47.9533
52834,3643,4853,9331,8164,3497,4185,5533,5297,3295,3638,3870,3907,3151,3241,3237,3343,-25.2621,13.0016,8.957,48.1233
52835,3358,3924,5328,6724,3372,4010,6175,8803,3320,3683,4386,5159,3139,3398,3687,3760,-10.5367,20.501,8.71042,48.1507
52836,3435,3876,5265,5956,3462,4071,6597,8232,3355,3695,4786,5321,3223,3561,3724,3908,-7.78797,18.8871,8.5328,48.3113
52837,3337,3486,3302,2958,3977,3877,3334,3120,6077,5136,3990,3338,10612,7715,4324,3374,25.7007,-19.3276,8.80244,47.9713
52838,3194,3396,3469,3763,3274,3642,4318,5250,3326,3927,5774,9442,3347,3831,5154,7020,10.3839,23.191,8.72536,48.0847
52839,4875,4349,3638,3303,7846,6177,3954,3434,6735,5326,3886,3363,4351,4057,3614,3170,-2.28178,-19.2772,8.88571,48.052
52840,6536,8901,5210,3928,5342,6147,4386,3817,3747,3949,3682,3445,3340,3448,3297,3184,-20.9778,-9.70371,8.87245,48.2393
52841,3271,3531,3686,3625,3536,3988,4852,4269,3796,5098,8122,5420,3722,4521,5865,4899,9.9447,7.98192,8.50461,48.134
52842,3685,3497,3388,3099,4402,4355,3668,3213,7646,6589,4122,3536,7465,6388,4197,3540,14.4655,-17.5428,8.96287,48.5267
52843,3407,3994,6106,12594,3301,3765,4723,6116,3246,3399,3850,3924,3193,3267,3470,3268,-29.1998,28.0509,8.69216,47.7487
52844,3259,3789,5017,6512,3442,3988,5880,9465,3345,3701,4514,5565,3109,3375,3680,3894,-8.84872,22.5287,8.70163,48.3567
52845,5935,9192,5848,3922,4853,6224,4611,3770,3848,3960,3631,3303,3334,3354,3275,3088,-20.9338,-7.26086,8.99307,48.0987
52846,3013,3120,3455,3447,3204,3580,3956,4082,3465,4044,5616,6448,3471,4380,7431,9322,21.1555,18.3874,8.81835,48.0227
52847,4111,6311,8065,5092,3973,5107,6289,4598,3552,3905,4044,3765,3238,3416,3444,3277,-18.8519,3.77813,8.99926,48.1247
52848,3341,3621,4665,5870,3358,3932,5570,9501,3248,3745,4499,6231,3179,3420,3896,4161,-6.17605,24.5807,8.50462,48.158
52849,4280,6769,7925,4965,4008,5294,5877,4338,3548,3851,4036,3629,3252,3298,3434,3318,-19.8426,2.42587,8.71588,47.8813
52850,3313,3918,6312,12658,3351,3659,4754,6142,3161,3468,3742,3962,3144,3126,3289,3462,-30.7591,27.6853,8.82687,47.6407
52851,4205,4729,4300,3662,4864,7764,5420,3709,4425,5790,4648,3761,3719,4009,3784,3316,-4.34906,-5.44883,8.95099,48.07
52852,3878,3668,3377,3059,5375,4500,3766,3219,9383,5953,4035,3322,6575,5028,3746,3276,9.44295,-21.9036,8.75633,48.1067
52853,3619,3887,3831,3566,4140,5409,5028,3879,4440,7241,6175,4169,3939,4733,4435,3822,4.49351,-1.97962,8.7357,48.2087
52854,3155,3361,3658,3623,3480,3754,4565,4578,3593,4464,7639,6715,3511,4165,5983,5849,11.5247,13.5818,8.96835,48.062
52855,3043,3330,3453,3411,3187,3466,3821,4034,3418,3697,4920,6894,3298,3883,5901,11919,22.5612,28.3442,8.91811,47.7833
52856,3694,3554,3282,2999,4970,4118,3566,3234,9354,5123,3824,3380,8360,5269,3849,3366,13.59,-29.7851,8.93292,47.9613
52857,3992,3707,3334,3166,5640,4355,3544,3283,9978,5228,3864,3323,6786,4874,3748,3246,9.13061,-28.9758,8.62893,48.0453
52858,4044,5146,6666,4927,3746,5591,7412,5038,3565,4054,4448,3963,3309,3344,3597,3390,-13.1439,5.01965,8.675,48.16
52859,7471,7257,4599,3576,6560,6627,4218,3464,4135,4090,3553,3216,3534,3507,3356,3011,-16.9564,-15.0933,8.73386,48.116
52860,3486,3791,4261,4099,3750,4867,7045,4851,3725,4883,6816,4917,3424,3977,4138,4037,-0.40702,6.90637,8.88273,48.0447
52861,3460,3457,3272,3120,3921,3943,3614,3317,5896,6056,4138,3586,7960,8379,4724,3645,20.7448,-14.0766,8.87742,48.3253
52862,12426,6019,3997,3416,6226,4606,3890,3353,4000,3730,3390,3251,3312,3407,3184,3149,-26.6307,-31.6654,8.59448,47.5707
52863,3600,4211,4517,3843,3948,5779,6890,4573,3995,5194,5986,4377,3625,3963,3981,3831,-1.94879,3.02659,8.78568,48.2087
52864,11805,6984,4033,3405,6243,4999,3848,3395,4008,3779,3492,3242,3371,3367,3231,3139,-25.7165,-22.5003,8.97629,48.2273
52865,3618,3563,3408,3217,4261,4534,3874,3453,6117,7288,4451,3712,5949,6581,4514,3626,13.4592,-11.658,8.52938,48.1107
52866,3287,3760,4727,6280,3231,3863,5158,9907,3312,3457,4474,6263,3155,3359,3702,4045,-7.08334,28.341,8.99957,47.9867
52867,3379,3988,6237,11390,3417,3863,4977,6980,3102,3441,3987,4161,3075,3275,3389,3502,-21.6058,25.3264,8.8933,48.1087
52868,5541,4589,3605,3339,9661,5253,3769,3420,6468,4676,3766,3255,4260,4010,3485,3137,-4.97907,-33.4487,8.59972,48.156
52869,5042,4133,3669,3308,8918,5054,3937,3402,7782,4769,3681,3403,4591,4047,3467,3222,-1.5607,-32.1492,8.69081,48.2833
52870,8464,7622,4542,3540,6402,5842,4169,3494,4003,3978,3618,3285,3373,3345,3284,3069,-19.8748,-16.338,8.66424,48.02
52871,5783,9153,6227,4276,4529,5664,4776,3810,3757,3900,3642,3451,3328,3287,3418,3186,-22.8439,-5.38824,8.68482,48.1247
52872,12131,5975,4033,3392,6372,4872,3644,3489,4042,3769,3435,3189,3330,3410,3234,2969,-25.0279,-30.3896,8.50218,47.524
52873,5764,7585,5013,3962,5366,6946,4862,3794,4026,4227,3800,3410,3473,3511,3370,3102,-16.3765,-8.63911,8.53848,48.1407
52874,3827,3802,3434,3063,5249,4724,3724,3294,8388,6660,4122,3423,6162,5191,3853,3432,8.87151,-18.5183,8.98469,48.232
52875,4062,3823,3587,3267,5260,5328,3887,3372,6862,7534,4343,3627,5082,5015,3996,3440,5.64617,-14.2652,8.61706,48.3233
52876,3673,3748,3383,3377,4606,4635,3876,3400,6875,7399,4414,3506,5752,5795,4203,3491,10.3158,-14.1137,8.56415,48.0887
52877,3053,3299,3399,3496,3134,3503,3944,4205,3479,3991,5316,6789,3449,4109,6885,10409,20.8944,21.1492,8.92357,48.3067
52878,3938,3765,3510,3206,5880,4428,3575,3308,9993,5217,3836,3381,6278,4625,3671,3298,7.30912,-27.6648,8.53812,47.9393
52879,3319,3530,3357,3346,3615,3921,3957,3761,4413,5856,5712,4313,4658,6941,6930,4636,18.1051,-0.0172186,8.6428,48.1767
52880,3230,3480,3807,3900,3379,3681,4827,5147,3421,4157,7114,7621,3424,3995,5209,5756,8.70575,16.3581,8.59538,48.0987
52881,4058,4956,4935,4162,4327,6840,6831,4292,3848,4784,4903,3882,3417,3693,3784,3536,-7.66036,0.215908,8.52481,48.1653
52882,4019,4869,4590,3905,4616,7305,6338,4157,4051,5153,4765,3830,3611,3669,3814,3464,-6.09793,-1.86483,8.91514,48.104
52883,3068,3295,3451,3368,3296,3672,4042,4066,3635,4295,6369,5804,3622,4623,7909,7392,18.4255,13.4555,8.65038,47.938
52884,5866,4546,3691,3330,9784,5124,3799,3332,6552,4465,3749,3347,4138,3867,3424,3210,-5.64825,-30.1912,8.65658,48.1493
52885,3758,4585,5398,4503,3920,5807,7835,4978,3678,4261,5096,4070,3335,3662,3748,3537,-7.91643,4.9831,8.64871,48.114
52886,9405,7176,4342,3512,6669,5562,4023,3451,4141,3964,3401,3279,3453,3502,3287,3108,-20.2304,-18.8061,8.6104,48.1833
52887,8543,8296,4503,3529,5966,5838,4189,3435,4033,3890,3521,3233,3359,3404,3248,3109,-21.5365,-15.4339,8.78922,48.064
52888,3610,4468,6149,5462,3681,4620,7948,6214,3427,3878,4578,4342,3197,3472,3640,3640,-11.2497,11.1708,8.96276,48.2173
52889,3066,3282,3480,3331,3331,3519,3799,3869,3541,4000,5407,5396,3607,4750,8649,8656,26.0459,15.0513,8.50401,47.7887
52890,3261,3488,3780,3818,3364,3897,5104,4814,3555,4311,7758,6907,3545,4125,5366,5177,7.8875,13.5768,8.68778,48.18
52891,4323,4388,3896,3314,5650,6843,4242,3540,5678,6796,4459,3607,4298,4226,3764,3373,-0.283431,-11.7821,8.74833,48.2647
52892,3666,4374,5970,5356,3674,4711,7746,6219,3408,3845,4712,4482,3253,3438,3701,3677,-10.6927,10.9666,8.69898,48.1547
52893,3191,3291,3324,3262,3430,3600,3803,3813,3768,4483,5527,4804,4021,5899,9771,6336,24.8116,7.84394,8.72218,48.2153
52894,3404,4057,6421,8252,3303,4003,5966,7885,3174,3530,4103,4468,3045,3303,3518,3459,-15.4713,19.5373,8.96171,47.9273
52895,3289,3835,4721,4758,3493,4237,6981,6981,3414,4037,5705,5855,3350,3640,4147,4090,-2.94463,15.1412,8.58828,48.3553
52896,3158,3212,3439,3545,3304,3614,4249,4600,3288,3884,5502,8534,3404,4001,5613,8644,15.4019,23.8259,8.76529,47.994
52897,3713,4608,6785,5618,3754,4829,7744,5792,3556,3957,4411,4229,3119,3284,3641,3542,-13.312,9.4738,8.72913,48.388
52898,3342,3413,3253,3104,3863,3665,3401,3321,5837,4681,3740,3427,12640,6027,3833,3421,29.5949,-32.3888,8.87862,47.312
52899,3547,3725,4043,3747,3868,4816,6181,4390,3902,5541,7141,4772,3601,4159,4604,4071,2.44901,4.31312,8.83748,48.072
52900,3346,3400,3303,3206,3658,3930,3692,3387,4486,5694,4870,4000,5287,9067,6696,4194,22.7619,-3.81541,8.70592,48.144
52901,3779,3608,3308,3089,5117,4387,3666,3269,9090,6049,4000,3478,7008,5265,3827,3384,10.9197,-21.1948,8.9073,48.216
52902,3185,3363,3977,4130,3312,3752,4631,6173,3277,3930,5856,9090,3366,3797,4794,5665,5.91968,21.902,8.67095,48.1987
52903,4297,6170,6627,4537,4111,6307,6561,4407,3607,4128,4143,3845,3297,3396,3649,3277,-15.2538,1.38228,8.92598,48.2393
52904,4511,6002,5416,4112,4670,7301,6259,4150,3869,4380,4210,3720,3381,3600,3458,3309,-11.5183,-2.52906,8.61055,48.232
52905,9255,6669,4063,3370,7353,5706,4078,3377,4284,4037,3624,3255,3547,3508,3269,2989,-18.0229,-19.8832,8.99929,48.256
52906,3669,4676,7218,6300,3633,4584,7269,5805,3487,3750,4310,4173,3156,3330,3492,3520,-15.2759,11.4036,8.7095,48.248
52907,4364,5674,5790,4368,4492,6753,6863,4390,3789,4263,4297,3757,3374,3516,3611,3329,-11.9599,0.210229,8.79351,48.42
52908,4294,6990,9386,5406,3980,4643,5347,4500,3489,3628,3701,3571,3146,3357,3360,3332,-26.6189,3.97832,8.9888,48.0867
52909,5784,5130,3931,3343,8478,6678,4128,3456,5483,4769,3729,3335,3931,3773,3457,3184,-7.70353,-18.6259,8.81732,48.3927
52910,3215,3437,3266,3149,3730,4002,3762,3596,4592,5995,5031,3940,5223,8406,6490,4285,20.6907,-3.99926,8.60896,48.0793
52911,3386,3318,3314,3159,3825,4074,3785,3306,5218,6456,4825,3799,6197,8526,5353,3888,19.1513,-8.41314,8.70833,48.286
52912,3267,3806,4774,6760,3470,3742,5115,9974,3270,3615,4422,5696,3230,3267,3662,3900,-8.61945,30.1743,8.92594,47.98
52913,3879,4577,4437,3859,4346,6794,6230,4175,4035,5408,5304,3944,3706,3907,3889,3620,-3.81482,-0.800768,8.78554,48.0733
52914,3622,3619,3314,3161,4646,4261,3603,3294,7731,6309,4089,3311,7478,6138,4106,3371,13.9631,-18.1154,8.67894,48.0353
52915,3310,3328,3225,3105,3931,3796,3517,3195,5820,5016,3929,3524,10586,7628,4237,3499,28.2171,-19.1754,8.52839,47.764
52916,3187,3347,3485,3306,3554,3731,3880,3683,4083,4948,5574,4598,4325,6644,8900,5388,22.1643,4.04283,8.63279,48.422
52917,3212,3325,3379,3417,3369,3604,3783,3806,3642,4357,5292,5246,3657,5085,9614,7387,32.9906,11.2698,8.7492,48.1167
52918,3741,5055,9470,7889,3621,4238,5451,5170,3310,3686,3768,3752,3131,3146,3411,3374,-26.5299,12.3136,8.57957,48.142
52919,3266,3855,4697,5464,3337,3875,6367,8617,3340,3710,5011,5967,3206,3531,4001,4120,-5.2829,19.6702,8.93215,48.2427
52920,3493,3944,5987,9077,3339,3945,5553,8086,3205,3681,4116,4427,3049,3352,3556,3551,-16.3355,22.2363,8.51463,48.2407
52921,5141,8049,6044,4245,4631,6375,5304,3999,3743,3922,3808,3477,3264,3428,3370,3212,-18.6595,-3.96408,8.77245,48.008
52922,3832,3746,3443,3096,5368,4565,3734,3344,8557,6630,4187,3485,5876,5101,3816,3489,8.14848,-19.0825,8.74371,48.1793
52923,3223,3290,3334,3445,3386,3634,3780,3676,3777,4450,5293,4768,3862,5906,9709,6133,33.3122,7.16938,8.5981,47.7773
52924,3244,3259,3371,3267,3494,3576,3831,3737,3884,4806,5507,4540,3998,6316,9303,5779,24.729,5.592,8.54151,47.9413
52925,3997,3697,3363,3220,5657,4430,3567,3234,9700,5687,3810,3394,6306,4875,3767,3253,8.72622,-23.6096,8.80728,47.9713
52926,3403,3491,3319,3240,3878,4280,3875,3506,4754,6950,5425,4020,4916,7279,5724,4145,15.9885,-4.49562,8.68201,48.1367
52927,3514,4397,7482,8351,3473,4158,6013,6418,3290,3536,3972,4186,3070,3136,3471,3469,-19.3252,16.2672,8.78084,47.9573
52928,3051,3292,3449,3588,3331,3547,4026,4507,3387,3906,5527,8321,3370,3976,5888,9135,16.0918,23.4961,8.69592,48.2007
52929,8808,5307,3890,3359,9090,5156,3781,3394,4714,4003,3499,3256,3567,3528,3168,3196,-14.7516,-31.7177,8.99738,47.8107
52930,10844,7635,4221,3411,5779,5041,3985,3354,3910,3872,3444,3219,3439,3344,3184,3109,-27.1498,-19.5089,8.94976,47.8607
52931,3240,3601,3910,4278,3350,3813,4614,7043,3311,3749,5023,9353,3330,3559,4527,5438,3.89072,29.2732,8.65004,48.0927
52932,3233,3406,3650,3698,3349,3856,4736,4523,3704,4544,7758,6384,3534,4350,6169,5505,11.0508,12.3115,8.87021,48.266
52933,3450,4190,6855,11955,3234,3738,4974,6044,3275,3501,3712,3871,3189,3312,3318,3402,-26.7191,22.8739,8.90822,48.0133
52934,3166,3447,3700,3730,3398,3643,4464,4624,3516,4243,6846,7698,3465,4014,5939,6829,12.1762,16.862,8.72765,48.4813
52935,3192,3512,4193,4570,3380,3926,5318,7457,3412,3942,5570,8005,3292,3633,4326,4769,1.00364,21.4695,8.61302,48.3313
52936,10148,7990,4379,3447,5541,5152,4044,3448,3955,3768,3486,3231,3511,3354,3341,3144,-30.8497,-17.7551,8.65168,47.9593
52937,3364,3965,5010,5387,3473,4225,7289,7425,3368,3912,5283,5369,3197,3491,3773,3849,-6.48557,15.4473,8.94179,48.2533
52938,3155,3288,3413,3279,3484,3633,3892,3619,3904,4753,5707,4533,4107,6572,9446,5538,23.4691,4.96057,8.99349,48.2153
52939,3041,3231,3427,3478,3308,3475,3846,3853,3478,3785,4842,6123,3473,4002,6690,12004,27.8399,24.1174,8.51768,48.0373
52940,4524,5366,4441,3623,5330,7946,5294,3840,4439,5371,4282,3486,3540,3845,3629,3434,-6.78591,-6.99256,8.67886,48.26
52941,10409,7995,4343,3507,5742,4912,3982,3485,4017,3830,3499,3242,3362,3490,3228,3008,-29.2862,-18.3988,8.72871,48.034
52942,3405,3901,5568,9484,3340,3775,5251,8607,3276,3517,4058,4649,3043,3192,3537,3426,-16.0805,25.6834,8.97654,48.0193
52943,3497,4449,7918,9590,3528,3982,5326,5948,3235,3513,3864,4031,3053,3328,3500,3346,-23.5148,17.7794,8.85312,48.072
52944,3488,3749,3957,3614,3777,4942,5612,4165,4118,6237,7326,4554,3863,4488,4664,4041,4.25571,2.75412,8.78166,48.3967
52945,3416,3395,3251,3054,4274,3890,3525,3190,7595,4854,3848,3455,10947,5842,3879,3279,19.92,-28.8612,8.71856,47.796
52946,8541,5320,3869,3336,8917,5260,3832,3438,4671,3946,3600,3220,3666,3624,3309,3202,-13.9761,-28.4315,8.70078,47.834
52947,3130,3334,3419,3485,3251,3593,4062,4195,3481,4341,6162,6288,3604,4623,7573,7915,18.7018,15.1133,8.8274,48.304
52948,3302,3749,4850,6461,3333,3893,5532,9698,3278,3599,4479,5769,3151,3387,3770,3843,-8.38746,24.3225,8.99558,48.0627
52949,3146,3343,3510,3448,3216,3382,3783,3875,3388,3710,4691,5765,3418,3876,5921,12793,31.7273,31.8171,8.99696,47.51
52950,3445,3479,3589,3386,3832,4327,4273,3664,4364,6675,6580,4280,4385,6022,6052,4363,13.4869,-0.270563,8.93116,48.4773
52951,5115,8038,6128,4195,4598,6188,5200,3997,3871,4059,3843,3531,3346,3435,3459,3197,-18.8802,-4.00944,8.66167,48.1333
52952,8148,5201,3828,3405,9362,5296,3805,3414,4948,4190,3729,3259,3648,3640,3361,3137,-13.4402,-26.1039,8.93391,48.2473
52953,6367,7247,4627,3717,5910,7444,4386,3557,4024,4275,3859,3327,3509,3494,3309,3218,-15.4071,-11.8346,8.71902,48.18
52954,8096,7482,4373,3430,6588,5963,4110,3537,4117,4169,3539,3193,3485,3525,3327,3133,-18.4703,-16.388,8.80459,48.0447
52955,3304,3404,3207,3109,3880,3802,3442,3213,5872,4864,3867,3388,11954,7019,4083,3435,29.8593,-22.4586,8.63541,47.8953
52956,3334,3931,6016,12642,3345,3718,4714,5950,3132,3433,3799,3900,3162,3256,3428,3422,-31.0948,30.5485,8.95961,47.4547
52957,3447,3299,3234,3072,3888,3710,3437,3276,6055,4754,3724,3274,12785,6051,3945,3442,29.2075,-27.7872,8.84527,47.5953
52958,3576,3780,4168,3908,3767,4558,6516,4647,3896,5047,7154,4966,3657,3982,4616,4253,1.81154,6.5461,8.52947,48.3273
52959,3346,3618,4172,4738,3348,3786,5002,8422,3280,3681,5004,7993,3292,3505,4147,4594,-0.578511,33.7212,8.81133,47.952
52960,3959,4667,4458,3982,4444,6900,6491,4293,4053,5401,5064,3856,3611,3876,3862,3530,-4.82828,-1.41773,8.69273,48.298
52961,4863,4242,3667,3276,8203,5219,3762,3344,7612,5089,3822,3363,4683,4285,3564,3192,-0.705684,-23.9904,8.5037,48.124
52962,4062,3904,3642,3288,5584,5496,3987,3344,6973,7146,4246,3549,5008,4766,3867,3458,4.43133,-15.1111,8.63673,48.2133
52963,4412,3890,3503,3242,7505,4851,3712,3209,9084,5080,3706,3391,5364,4251,3684,3242,2.597,-28.2536,8.68028,48.084
52964,3103,3199,3367,3363,3310,3617,4015,4024,3452,4128,5487,5637,3585,4664,8484,8771,24.2028,15.2958,8.66842,48.1373
52965,5266,8863,7013,4388,4425,5561,4976,4055,3652,3932,3675,3434,3318,3380,3316,3345,-23.0457,-3.05318,8.82452,48.3993
52966,6271,4990,3680,3340,9034,6046,3974,3309,5679,4585,3800,3204,4083,3727,3419,3146,-7.8871,-21.1598,8.87608,48.1913
52967,5766,9838,6580,4123,4513,5120,4553,3927,3675,3747,3751,3409,3375,3342,3304,3171,-30.619,-4.94579,8.85336,48.1293
52968,4736,5601,4421,3535,5229,8198,5369,3879,4235,5018,4197,3658,3681,3763,3569,3364,-8.08441,-7.07185,8.6528,48.302
52969,3101,3285,3335,3520,3183,3506,3754,4022,3293,3876,4999,5831,3455,4058,7306,11434,30.5834,21.2312,8.8149,47.972
52970,4391,7247,8015,5010,4215,5324,5724,4352,3436,3882,3981,3596,3334,3376,3384,3253,-20.7362,1.60068,8.98445,48.3467
52971,3318,3410,3274,3106,3946,3810,3623,3274,5469,4965,4032,3446,9118,8819,4534,3507,31.3457,-15.5826,8.73658,47.7673
52972,3222,3447,3881,4238,3279,3556,4704,6943,3382,3788,5167,9454,3310,3709,4517,5583,4.26897,28.7516,8.6698,48.12
52973,4505,6283,5958,4319,4372,6712,6362,4219,3821,4203,4260,3612,3432,3625,3475,3331,-14.0595,-0.76337,8.81117,48.326
52974,12242,6414,4055,3282,6174,4862,3734,3414,4085,3699,3416,3156,3424,3438,3192,3211,-28.06,-24.8489,8.62722,47.8653
52975,3572,3746,3337,3155,4572,4322,3642,3304,8315,6346,4024,3446,7409,5708,4004,3376,13.0998,-19.4969,8.98206,48.1853
52976,5586,4577,3632,3279,9418,5104,3740,3389,6971,4623,3727,3241,4414,3963,3466,3257,-3.9698,-29.9941,8.7748,48.258
52977,6906,5003,3867,3238,9748,5630,3822,3332,5549,4330,3621,3340,3808,3603,3359,3137,-9.77852,-24.4414,8.85096,48.1953
52978,3183,3086,3339,3543,3210,3412,3828,3848,3480,3710,5015,5881,3327,4089,7141,11505,32.4166,21.7603,8.58491,47.7313
52979,2990,3157,3525,3522,3284,3543,3928,4482,3482,3797,5023,8526,3485,3787,5697,9938,17.1696,26.7281,8.88513,48.1107
52980,3428,3503,3780,3625,3563,4142,5207,4418,3805,5274,8022,5349,3738,4358,5426,4637,7.42274,7.19488,8.52455,48.1833
52981,3086,3181,3298,3418,3198,3388,3813,3987,3413,4001,4877,7100,3432,3899,5901,11794,21.7523,31.7681,8.87619,47.8573
52982,3105,3192,3376,3457,3252,3509,4019,4345,3277,3856,5307,7525,3418,3910,6342,10152,18.7157,22.673,8.99428,48.028
52983,3090,3271,3390,3268,3279,3523,3866,3852,3431,3936,5220,5790,3500,4345,8239,9948,26.6928,17.1606,8.83359,47.9653
52984,3088,3293,3295,3358,3223,3494,3934,4177,3428,3991,4827,7389,3365,3862,5767,11248,20.3934,30.1874,8.65768,47.826
52985,3536,4203,6300,6724,3600,4122,6954,7208,3346,3641,4415,4606,3199,3458,3576,3715,-13.0864,15.8364,8.86313,48.402
52986,3328,3505,3348,2994,3675,3822,3660,3436,4580,5260,4560,3957,5891,9804,6169,4064,33.1399,-6.25504,8.60607,48.0353
52987,3187,3259,3364,3417,3162,3463,3764,4156,3432,3906,5078,6739,3451,4132,6712,10644,22.1869,22.2696,8.61605,47.9107
52988,4342,4065,3526,3289,6346,5441,3866,3336,7990,6248,4043,3465,4921,4587,3660,3328,3.0853,-18.5281,8.98273,48.302
52989,3816,3609,3312,3154,5109,4412,3679,3251,8932,6062,3964,3379,6922,5338,3879,3333,10.9771,-20.8636,8.72715,48.1007
52990,3437,4042,5955,9206,3327,3973,5376,7904,3261,3521,4060,4586,3073,3255,3573,3457,-17.0186,22.9936,8.56878,48.004
52991,3520,4448,7321,7376,3518,4148,6701,6399,3255,3708,4064,4184,3162,3369,3485,3501,-16.8793,14.9684,8.9322,48.106
52992,3171,3315,3451,3360,3340,3514,3748,3635,3735,4305,5233,4925,3763,5441,9961,7044,31.7537,10.01,8.75219,47.9607
52993,3107,3276,3494,3492,3156,3594,3937,4385,3389,3700,5147,8181,3476,3907,5606,10085,17.8632,28.8667,8.64938,47.9547
52994,3483,4114,6964,10828,3338,3800,5175,6736,3285,3489,3843,4131,3064,3270,3397,3491,-21.8885,21.8289,8.85933,48.272
52995,3700,3687,3454,3085,5341,4261,3612,3218,9708,5442,3822,3416,7188,4932,3795,3365,10.355,-25.6072,8.85745,48.0173
52996,6288,4944,3835,3366,9038,6156,3974,3555,5397,4608,3722,3294,3941,3746,3419,3134,-8.72608,-20.7308,8.59152,48.278
52997,3374,3740,4853,5607,3425,4030,6331,8515,3329,3712,4881,5999,3068,3433,3864,4034,-5.7747,19.671,8.91006,48.13
52998,12051,6008,3996,3325,6630,4900,3852,3398,4089,3780,3428,3314,3390,3324,3208,3098,-24.344,-30.6676,8.53215,47.8607
52999,3346,3415,3226,3266,3704,3925,3757,3439,4748,5950,4853,3784,5974,8836,5910,4129,21.0034,-6.79311,8.69804,48.1747
53000,12315,6027,3891,3268,6507,4793,3818,3420,3884,3782,3395,3327,3359,3361,3254,3056,-24.7071,-28.2022,8.78311,47.638
53001,3214,3371,3435,3314,3529,3690,3681,3669,4093,4868,4901,4267,4618,7826,8468,4926,29.7828,1.44394,8.53481,47.9133
53002,11995,6729,4023,3430,5981,4892,3784,3373,3902,3867,3441,3184,3370,3374,3173,3159,-32.7219,-23.6341,8.77965,47.7847
53003,3773,3649,3233,3240,5347,4411,3632,3298,9189,5951,3896,3397,6858,5038,3840,3324,10.1956,-21.9922,8.8462,48.0507
53004,3560,3793,3608,3346,4245,5261,4449,3620,5024,7950,5475,4071,4349,5219,4385,3742,6.70387,-5.51365,8.61377,48.0647
53005,3440,3403,3280,3098,4060,3837,3368,3227,6125,4737,3798,3289,12683,5963,3867,3493,32.333,-28.4061,8.7072,47.7787
53006,3140,3371,3660,3846,3368,3587,4506,5320,3415,4101,6139,9134,3238,3902,5145,6493,9.38388,20.6149,8.89637,48.2433
53007,3313,3466,3326,3155,3854,4000,3721,3353,4960,6387,4821,3829,5834,8636,5646,4002,19.3868,-7.07739,8.75419,48.202
53008,3482,3443,3369,3051,4159,4052,3523,3274,6452,5694,4136,3436,8873,7218,4317,3487,19.9267,-17.7544,8.60212,47.9773
53009,5505,6882,4836,3846,5538,7743,4897,3696,4134,4441,3842,3387,3562,3524,3359,3221,-13.8727,-9.06123,8.74552,48.2753
53010,7153,4848,3792,3264,9804,5264,3823,3358,5484,4268,3538,3352,3834,3684,3356,3189,-9.84794,-30.2361,8.99315,48.0073
53011,4377,5921,5530,4212,4393,7104,6527,4180,3770,4497,4216,3705,3431,3506,3614,3263,-11.7411,-1.26138,8.73661,48.164
53012,4145,5689,7590,5244,3957,5350,6826,4804,3488,3974,4046,3855,3286,3443,3524,3321,-16.5153,5.27007,8.57084,48.3613
53013,3817,4787,7240,5743,3611,4687,7549,5660,3423,3746,4326,4226,3121,3407,3489,3431,-14.808,9.96326,8.57643,48.1753
53014,3466,4064,4461,4323,3725,5180,7498,5043,3771,4550,6388,4735,3419,3750,4127,3826,-2.36189,6.46252,8.77744,48.2173
53015,3378,3962,5209,5993,3503,4116,6679,8228,3322,3796,4813,5352,3157,3419,3727,3700,-8.48057,18.3208,8.78041,48.236
53016,3518,4017,5654,5638,3475,4447,7530,6965,3424,3862,4737,4790,3122,3349,3687,3730,-9.52631,14.2956,8.5235,47.9633
53017,3500,4578,8741,9232,3513,4122,5267,5645,3290,3432,3874,3887,3146,3177,3394,3352,-26.9275,15.5772,8.76745,48.1
53018,3772,3807,3369,3095,5102,4709,3786,3415,8039,7061,4230,3574,5885,5235,3989,3368,8.77704,-17.181,8.96098,48.2907
53019,3265,3350,3344,3227,3569,3604,3893,3476,4204,4987,4931,4310,4783,8178,8262,4810,32.8032,0.246858,8.65558,48.1287
53020,3328,3989,5512,5940,3516,4252,7135,7725,3322,3719,4737,5002,3083,3372,3759,3736,-9.36226,15.9057,8.80934,48.0847
53021,3272,3395,3259,3162,3812,3819,3571,3277,5232,5119,4012,3629,8388,9315,4821,3690,29.6143,-13.5926,8.7379,47.8487
53022,6977,9394,5371,3965,5095,5667,4248,3764,3816,3969,3615,3401,3222,3423,3283,3137,-23.6818,-9.79748,8.71768,48.2313
53023,11059,5876,3901,3320,7678,5092,3774,3333,4274,3892,3477,3314,3513,3415,3164,3224,-19.8311,-26.8587,8.92741,48.204
53024,10195,8062,4441,3510,5815,5224,3907,3550,3844,3816,3453,3180,3381,3393,3210,3015,-27.1277,-17.6886,8.96949,47.9973
53025,4928,8068,6891,4370,4446,5877,5400,4017,3597,3942,3837,3505,3331,3509,3364,3302,-20.3599,-2.03965,8.86209,48.256
53026,3302,4173,7366,11332,3277,3913,4971,5895,3342,3464,3788,3894,3090,3200,3249,3340,-33.2328,20.8303,8.91619,47.7307
53027,3762,4224,4529,3908,4142,5927,6681,4358,4031,5322,5915,4368,3626,3935,4069,3820,-1.92471,2.23992,8.59629,48.4113
53028,3384,3808,5038,7485,3392,3877,5291,9621,3250,3535,4376,5266,3087,3387,3594,3791,-11.0449,27.6293,8.74832,48.1213
53029,3471,3288,3123,3061,3939,3801,3445,3153,6871,5098,3792,3375,11574,6501,3956,3264,23.2304,-24.5266,8.93385,47.808
53030,3459,3778,3935,3766,3852,4890,5859,4318,4026,5801,7403,4582,3748,4352,4634,3988,3.42418,3.73135,8.78632,48.2607
53031,3314,3790,4428,5183,3481,3812,5098,9107,3334,3807,4763,7134,3168,3517,4181,4318,-2.95701,33.8423,8.69628,48.29
53032,3122,3313,3561,3497,3281,3458,4093,4618,3386,3848,5419,8735,3421,3838,5603,8950,15.4222,24.8383,8.84407,48.0953
53033,3221,3390,3392,3323,3219,3642,3819,3786,3489,4198,5064,5133,3738,5142,9742,7731,32.5714,11.6182,8.99059,48.0193
53034,6243,9842,6147,3872,4656,5386,4638,3729,3646,3802,3622,3322,3222,3419,3390,3265,-26.4918,-6.98903,8.85231,48.134
53035,3865,5473,8589,6169,3793,4599,6460,5095,3470,3851,4037,3962,3111,3324,3429,3221,-19.1896,8.09235,8.86057,48.2987
53036,11503,6698,4003,3299,6301,4786,3891,3358,4001,3749,3480,3240,3343,3429,3196,3143,-25.4985,-23.468,8.82078,47.6133
53037,12592,6056,3994,3375,5945,4664,3785,3354,3755,3738,3531,3201,3366,3329,3223,3207,-31.0373,-31.3023,8.53874,47.41
53038,3408,3348,3250,3139,3826,3814,3515,3344,5031,5294,4196,3679,7399,9916,5324,3783,29.0001,-10.8739,8.79073,48.1773
53039,3112,3343,3630,3674,3191,3589,4279,4972,3383,3860,5727,9200,3407,3931,5241,7684,12.6141,23.671,8.70214,48.1487
53040,11953,6392,3984,3430,6049,4727,3791,3387,3892,3758,3524,3153,3377,3415,3299,3139,-31.5009,-25.0715,8.53252,47.5133
53041,3909,3612,3340,3101,5594,4423,3656,3349,10109,5172,3940,3434,6505,4824,3714,3343,8.39486,-32.1607,8.93477,48.0167
53042,3125,3354,3545,3510,3251,3705,4268,4285,3563,4168,6481,6814,3605,4307,6793,7501,16.3328,15.7051,8.85172,48.1833
53043,3325,3703,4341,5302,3399,3693,5198,9255,3222,3842,4723,7133,3197,3444,3888,4393,-3.3527,31.001,8.70164,48.0387
53044,11446,6684,4001,3344,6520,5116,3835,3307,4070,3859,3523,3103,3418,3399,3201,3152,-22.9558,-22.9523,8.80612,47.9853
53045,3399,3639,3940,3853,3701,4427,5732,4580,3825,5192,7674,5281,3509,4149,4929,4332,4.35589,7.02915,8.53556,48.108
53046,3149,3424,3742,3990,3190,3606,4430,5912,3442,3902,5508,9637,3282,3695,4784,6517,8.25245,25.5442,8.66654,48.14
53047,3198,3543,4267,5271,3312,3825,5076,9130,3314,3790,4895,7538,3239,3451,4008,4333,-2.47414,26.4431,8.76544,48.1267
53048,3150,3270,3654,3458,3444,3790,4456,4167,3666,4603,7334,6234,3671,4511,6997,6067,14.5311,11.9246,8.59836,48.3147
53049,3139,3201,3389,3335,3200,3435,3804,3868,3377,3694,4617,5870,3381,3838,5959,12947,31.4216,30.0525,8.98269,47.3693
53050,3849,4703,4953,4197,4117,6328,7503,4515,3931,4730,5249,4131,3528,3689,3810,3565,-6.18019,2.47754,8.89545,48.532
53051,3524,4051,5309,5063,3603,4351,7705,6514,3444,3930,5207,5022,3237,3525,3782,3949,-6.88902,12.7099,8.69309,48.144
53052,4426,4528,3833,3438,5612,7291,4546,3604,5150,6418,4425,3531,4071,4121,3822,3376,-1.57138,-10.1679,8.80097,48.128
53053,6816,9945,5661,4044,4882,5422,4373,3732,3659,3789,3640,3306,3256,3305,3240,3141,-27.8503,-8.801,8.77795,48.1407
53054,3296,3731,4574,5988,3387,3864,5283,9759,3283,3633,4459,6345,3198,3393,3742,4008,-6.49136,32.6283,8.71664,47.962
53055,12325,6359,3921,3389,5952,4779,3856,3417,3959,3876,3443,3155,3498,3454,3311,3200,-33.1639,-25.5123,8.84858,47.9293
53056,10415,5932,3899,3448,7803,5180,3876,3344,4335,3825,3443,3162,3459,3488,3287,3046,-19.2007,-25.669,8.82024,47.9613
53057,3613,3530,3263,3083,4609,4112,3615,3244,8408,5631,3955,3370,8693,5808,3984,3401,15.3253,-22.4589,8.87662,48.2127
53058,12407,6072,3986,3438,6301,4835,3780,3446,3855,3800,3502,3223,3339,3281,3321,3116,-26.1951,-29.8834,8.59685,47.8013
53059,3356,3370,3256,3099,3898,3828,3475,3210,5623,5471,4144,3581,8592,8713,4797,3654,23.3787,-14.9154,8.84172,48.0447
53060,3147,3180,3390,3385,3222,3489,3816,4032,3310,3933,5175,6327,3548,4090,6961,11192,24.754,21.642,8.87356,48.1313
53061,3460,4180,5896,5899,3641,4429,7512,6889,3258,3764,4637,4686,3213,3335,3747,3687,-11.1254,14.1054,8.98128,48.1553
53062,3179,3370,3593,3558,3331,3841,4615,4484,3475,4478,7381,6854,3543,4304,6232,6075,12.2421,13.9567,8.69799,48.2087
53063,3323,3397,3393,3156,3761,3836,3583,3262,5072,5242,4291,3718,7395,9613,5369,3789,31.3843,-11.0317,8.54541,48.1333
53064,6821,9034,4996,3831,5421,6202,4386,3692,3915,3931,3621,3312,3245,3404,3229,3126,-20.998,-10.6525,8.85654,48.1107
53065,3672,4872,8802,7620,3741,4292,5923,5337,3275,3588,3923,3900,3154,3218,3472,3464,-21.837,12.6808,8.79627,48.1687
53066,3999,3764,3336,3231,5408,4771,3672,3310,8529,6399,4000,3400,6326,5140,3826,3399,8.51766,-19.4884,8.52927,48.34
53067,3822,5611,8450,5759,3861,4852,6408,4838,3502,3801,4122,3829,3177,3445,3450,3339,-19.4459,7.01025,8.53164,48.1773
53068,3924,3862,3457,3168,5414,4950,3829,3418,7866,6876,4094,3415,5513,5005,3946,3389,7.17796,-16.8724,8.89697,48.084
53069,12443,5918,3990,3460,6108,4709,3870,3468,3887,3667,3422,3304,3483,3330,3231,3120,-27.6432,-32.5267,8.57393,47.6067
53070,3228,3246,3422,3357,3359,3610,3891,3617,3747,4389,5219,4636,3983,6165,9914,6262,29.4715,6.99814,8.9199,48.03
53071,10592,7556,4323,3426,6144,5172,3977,3428,4000,3865,3542,3215,3272,3459,3276,3106,-25.4722,-19.885,8.54444,48.2353
53072,3739,3410,3413,3048,4435,3993,3623,3192,8070,5569,4000,3401,8949,5910,4112,3384,16.813,-22.334,8.50185,48.1653
53073,3192,3287,3354,3320,3455,3815,3835,3837,3786,4967,6016,4646,4203,6374,8593,5423,20.8297,4.51698,8.57712,48.0687
53074,3090,3232,3619,3641,3207,3596,4347,4577,3488,4163,6573,7549,3476,4060,6130,7207,13.8271,17.7075,8.54876,47.97
53075,3851,3838,3566,3338,4955,5385,4081,3407,6429,7713,4567,3578,5030,5160,4013,3562,6.13494,-12.4522,8.51427,48.3153
53076,4401,5478,4959,3986,4556,7615,6184,4246,4034,4781,4355,3715,3619,3724,3560,3277,-9.50635,-2.6689,8.78231,48.3267
53077,3314,3350,3409,3146,3573,3744,3693,3421,4522,5057,4797,3920,5360,9083,7217,4470,32.6108,-3.35892,8.6951,48.0507
53078,3603,3471,3319,3033,4634,4046,3511,3234,9013,5258,3751,3300,9090,5539,3917,3242,15.4523,-27.0665,8.90145,47.974
53079,3246,3385,3397,3358,3575,3821,3901,3606,3940,5060,5778,4485,4442,6819,8227,5225,21.0605,2.81966,8.56976,48.1767
53080,3234,3597,4891,6919,3312,3835,5176,10109,3174,3497,4331,5621,3162,3300,3745,3895,-9.13491,30.2988,8.86159,47.8653
53081,3470,3496,3203,3170,4095,4127,3629,3294,6384,6137,4159,3449,8096,7483,4319,3416,18.6125,-15.9795,8.79538,47.9513
53082,5604,5529,4111,3404,7086,7502,4249,3520,4916,4872,3795,3338,3708,3828,3414,3208,-9.01529,-14.6412,8.6306,48.056
53083,3433,4209,7121,10218,3495,3988,5395,6563,3174,3578,3903,4188,3124,3192,3411,3486,-21.7328,20.0329,8.88457,48.3187
53084,4767,5948,4667,3757,5250,8330,5348,3833,4243,4830,4059,3564,3618,3685,3502,3351,-9.8075,-6.6843,8.99072,48.5013
53085,4185,6256,7329,4821,4091,5577,6578,4685,3598,3986,4144,3821,3221,3489,3403,3353,-16.7034,3.2993,8.9425,48.358
53086,3254,3279,3443,3208,3524,3767,3839,3601,4017,4950,5303,4346,4584,7350,8536,4957,24.9501,1.9729,8.54563,47.972
53087,3437,3345,3203,3100,3842,3901,3424,3233,6059,4838,3767,3476,12217,6482,4006,3323,29.1225,-25.7185,8.65776,47.7687
53088,5793,4499,3731,3316,9309,5687,3856,3389,6432,4692,3584,3402,3980,4005,3405,3178,-5.43512,-24.4466,8.53046,48.172
53089,12565,6172,3824,3498,6069,4659,3846,3317,3964,3740,3363,3261,3490,3335,3249,3096,-32.7301,-26.4779,8.69924,47.632
53090,4935,7483,6086,4229,4648,6772,5424,4007,3693,4101,4031,3600,3418,3506,3389,3268,-16.4335,-3.48906,8.85962,48.3933
53091,4006,5844,9647,6646,3786,4346,5611,5000,3394,3677,3812,3786,3104,3159,3327,3309,-24.6698,8.70951,8.64724,48.3027
53092,3523,3376,3168,3175,4041,3882,3312,3229,7119,4836,3791,3346,11831,5928,3882,3402,22.2455,-31.0112,8.85274,47.894
53093,6692,6102,4216,3515,7546,6613,4060,3526,4672,4487,3773,3277,3628,3659,3340,3101,-12.8733,-17.0616,8.50493,48.138
53094,3307,3407,3673,3479,3450,4033,4497,4076,3732,4992,7923,5627,3739,4657,6606,5434,12.7824,8.96221,8.93503,48.4213
53095,7131,9817,5441,3837,5137,5559,4309,3562,3666,3815,3587,3465,3243,3421,3284,3059,-25.587,-10.0181,8.85426,48.222
53096,3510,3469,3309,3099,4419,4030,3484,3207,7637,5536,3954,3394,9467,6228,3964,3517,17.8518,-21.6924,8.7966,48.1493
53097,3108,3332,3743,3726,3322,3599,4352,5303,3432,3837,5552,9435,3204,3812,5210,7008,10.6808,24.0594,8.57857,47.9833
53098,7065,9664,5459,3851,4918,5349,4338,3707,3778,3752,3592,3425,3278,3502,3217,3083,-26.6232,-10.084,8.52839,47.9853
53099,3388,3458,3355,3111,3795,4019,3632,3403,4953,6315,4734,3728,6080,8721,5534,3982,20.1179,-7.84316,8.83809,48.1387
53100,6992,9049,5217,3786,5300,6140,4444,3630,3933,3979,3592,3319,3306,3433,3291,3056,-21.741,-10.7352,8.69276,48.3113
53101,3469,3637,3450,3132,4172,4544,3891,3408,5384,7872,5134,3816,5253,6660,4833,3763,12.6498,-7.6009,8.88392,48.2787
53102,4061,4151,3800,3456,5102,6595,4460,3552,5224,7279,4764,3695,4207,4551,3972,3443,1.49419,-9.3638,8.76797,48.208
53103,9213,6348,4008,3419,7807,5435,3873,3447,4399,4113,3571,3151,3528,3399,3240,3060,-17.0705,-21.3485,8.84932,48.0073
53104,10278,7394,4359,3412,6390,5414,3933,3471,4019,4011,3439,3195,3522,3380,3268,3058,-22.5887,-19.4473,8.96343,48.362
53105,3242,3442,3949,3782,3405,3947,5185,4830,3567,4426,7823,6613,3467,4166,5436,5263,8.13688,12.7263,8.67105,48.362
53106,3524,3451,3299,3121,4185,3887,3507,3322,6720,5763,4025,3428,8956,7277,4312,3472,19.9033,-17.8281,8.89765,48.166
53107,4343,5147,4213,3676,5337,8115,5203,3860,4387,5298,4249,3569,3701,3967,3673,3327,-6.33758,-7.27133,8.60033,48.0433
53108,3986,3827,3472,3095,6024,4393,3714,3339,9458,5573,3848,3375,6297,4679,3725,3334,7.11026,-25.3405,8.63772,48.0927
53109,5260,6489,4581,3705,5559,8060,5032,3768,4156,4564,4025,3433,3488,3510,3465,3248,-12.0548,-8.49872,8.70492,48.2287
53110,12574,6077,3986,3294,6262,4657,3742,3324,3917,3811,3396,3281,3387,3498,3277,3186,-27.6121,-30.3289,8.64637,47.7793
53111,3241,3607,3714,3397,3543,4032,4650,4095,3845,5402,7819,5216,3761,4642,6058,4976,11.0757,6.47398,8.50899,47.9987
53112,6148,4578,3651,3338,9589,5366,3843,3382,6212,4407,3688,3340,3920,3796,3359,3184,-6.90527,-30.5297,8.58557,47.8673
53113,3287,3709,4522,4684,3423,4009,6226,7143,3451,3825,5765,6572,3365,3637,4070,4392,-1.24671,17.7599,8.82971,48.0533
53114,3394,3852,5792,11402,3445,3880,4917,7341,3221,3596,3844,4177,3158,3195,3390,3448,-20.5813,30.3351,8.77277,48.0347
53115,3731,4888,7941,7033,3515,4377,6561,5647,3336,3701,4116,3897,3183,3389,3434,3430,-18.5902,12.4747,8.75912,48.1193
53116,6433,8592,5152,3811,5381,6396,4661,3624,3999,4063,3665,3281,3387,3390,3325,3161,-19.5226,-10.0473,8.69477,48.214
53117,3350,3529,3352,3156,4006,4192,3688,3463,5592,7116,4711,3661,6212,7694,4861,3664,16.461,-10.5239,8.85524,48.1647
53118,4040,3728,3599,3178,5499,5039,3748,3378,8072,6606,4186,3499,5554,5151,3962,3398,6.72369,-17.6268,8.59349,48.4247
53119,3435,3908,6118,12754,3320,3714,4747,5958,3205,3413,3879,3948,3138,3207,3442,3314,-30.5786,29.8575,8.83913,47.6667
53120,12051,5999,3908,3421,6715,4779,3828,3373,4100,3814,3410,3311,3397,3373,3178,3117,-23.9984,-29.419,8.69588,47.8493
53121,8154,7202,4499,3485,6594,6300,4100,3526,4261,3951,3618,3404,3518,3523,3228,3142,-17.7938,-16.3741,8.90955,48.3367
53122,3424,3861,5899,10989,3348,3867,5088,7637,3228,3432,3864,4221,3144,3237,3375,3447,-20.1578,30.5486,8.98096,48.0407
53123,3348,3394,3145,3011,3959,3702,3353,3210,6142,4831,3802,3394,12108,6327,3932,3357,26.9495,-27.1211,8.58369,47.3433
53124,3397,4239,6059,6404,3469,4317,7148,7085,3369,3802,4522,4670,3202,3361,3657,3636,-12.3586,15.1478,8.96468,48.2247
53125,3818,4710,7073,5858,3671,4764,7315,5688,3343,3769,4247,4063,3254,3489,3495,3470,-14.7269,10.5496,8.50753,48.018
53126,3384,3334,3248,3097,3826,3829,3505,3278,5746,4937,3772,3413,11878,6974,4089,3376,30.1817,-22.4972,8.94945,47.7907
53127,4792,5156,4079,3462,5654,7837,4905,3581,4697,5477,4199,3617,3814,3917,3640,3312,-5.9117,-9.6922,8.58287,48.0927
53128,3146,3206,3433,3335,3065,3442,3752,4051,3358,3798,4847,5934,3409,4115,6857,11966,28.5511,23.0117,8.7797,47.8093
53129,3366,3686,4732,6371,3352,3876,5190,9882,3208,3726,4450,6039,3155,3403,3742,3872,-7.33877,31.6982,8.7684,48.0333
53130,3831,3705,3380,3182,4727,4781,3823,3326,7202,7583,4237,3495,5647,5690,4099,3401,9.49616,-14.6713,8.94821,48.0727
53131,3381,3922,5270,7152,3316,3877,5828,9344,3206,3625,4230,5280,3158,3366,3768,3766,-11.1106,22.3511,8.82291,48.326
53132,3392,3447,3258,3148,4237,3965,3489,3170,7816,5073,3797,3351,10730,5804,4009,3418,19.6505,-28.4991,8.56373,48.0693
53133,3430,3862,5473,9030,3315,3864,5257,8692,3291,3560,4033,4642,3127,3182,3598,3576,-15.8431,32.9483,8.68199,47.9547
53134,3387,4158,7280,11510,3311,3879,4974,5776,3175,3433,3846,3896,3127,3261,3454,3453,-32.5406,20.8434,8.97544,47.9467
53135,3314,3471,3413,3348,3599,3971,4037,3657,4276,5867,6072,4301,4583,6659,7127,4619,17.39,0.75999,8.5956,48.2093
53136,4990,4363,3609,3221,8572,5399,3864,3347,7503,5044,3814,3332,4619,4013,3393,3275,-1.63889,-24.0019,8.76291,48.2387
53137,3472,4095,6070,6951,3516,4111,6580,7996,3370,3554,4306,4653,3145,3308,3662,3703,-12.8825,17.7289,8.9895,48.328
53138,3362,3889,6189,12668,3389,3751,4665,5886,3202,3491,3825,3835,3172,3199,3423,3355,-30.0646,27.7429,8.78923,47.534
53139,12294,6020,3978,3407,6386,4802,3841,3432,3897,3790,3535,3271,3446,3406,3254,3101,-25.3711,-31.7261,8.65556,47.9067
53140,6976,9771,5498,3888,5042,5497,4305,3636,3874,3716,3492,3298,3425,3396,3169,3134,-25.2262,-9.92672,8.89263,48.078
53141,3148,3233,3666,3838,3236,3612,4309,5008,3389,3958,5854,8992,3314,3822,5402,7466,11.839,22.6851,8.88618,48.1647
53142,6031,4707,3695,3325,9604,5196,3731,3344,6203,4683,3721,3353,4083,3897,3413,3089,-6.20752,-25.9564,8.61369,48.05
53143,3281,3679,4362,5354,3413,3830,5075,9338,3350,3766,4733,6941,3238,3506,3962,4224,-4.01611,33.2523,8.65035,48.0347
53144,3385,3854,6270,12432,3321,3738,4803,6049,3205,3394,3894,3968,3081,3219,3499,3314,-32.338,26.6498,8.64623,47.6173
53145,3390,4229,7362,10851,3473,3838,5046,6196,3229,3434,3782,3951,3043,3239,3303,3484,-25.3089,20.5714,8.91051,47.9
53146,3555,4168,5619,4963,3623,4817,8149,5982,3444,4063,5034,4469,3326,3599,3761,3680,-8.15641,10.2401,8.86889,48.168
53147,3361,3549,3956,3823,3470,4054,5762,5086,3607,4630,7998,5799,3508,3987,4963,4583,4.57558,10.4811,8.89816,48.0907
53148,3720,3648,3367,3204,4567,4616,3775,3357,6881,7346,4451,3578,6004,5984,4258,3525,11.6973,-14.2322,8.8018,48.1873
53149,4307,4947,4217,3602,5081,7889,5435,3852,4470,5470,4509,3628,3723,3948,3808,3358,-5.55269,-6.08771,8.63822,48.1627
53150,3995,4993,5485,4428,3987,6181,7571,4728,3724,4597,4874,4008,3436,3672,3645,3457,-9.01775,3.18288,8.55449,48.5207
53151,3206,3203,3397,3398,3295,3380,3825,3877,3388,3727,4715,6220,3365,3796,5915,12694,26.8195,32.9738,8.94916,47.6007
53152,3612,3637,3745,3489,4007,4848,4432,3696,4681,7901,6145,4005,4359,5330,4725,3874,8.6061,-3.52158,8.90964,48.324
53153,3213,3271,3560,3423,3469,3857,4130,4040,3852,4868,6996,5032,4142,5358,7835,5596,17.1509,7.24907,8.70266,48.428
53154,3874,3665,3342,3124,5425,4350,3664,3219,9897,5174,3805,3406,7187,4953,3760,3390,10.1008,-29.1521,8.77733,48.1567
53155,3368,3930,5671,9489,3400,3835,5144,8336,3334,3562,4042,4380,3199,3257,3543,3495,-16.7064,33.2369,8.92364,47.99
53156,3547,4169,5274,4858,3584,4727,8142,6008,3502,3967,5242,4690,3298,3634,3938,3859,-7.04953,10.6626,8.66645,48.2927
53157,3146,3268,3397,3313,3465,3888,4144,3861,3868,5023,6926,5028,3926,5348,7746,5520,17.042,6.80197,8.73671,47.9113
53158,3210,3502,3943,4105,3338,3887,5307,6094,3379,4106,6432,7805,3368,3767,4725,5284,4.36087,18.3252,8.52667,48.168
53159,3528,4513,6596,6078,3644,4526,7334,6542,3317,3685,4416,4405,3092,3435,3698,3552,-13.4304,13.1874,8.79715,48.2407
53160,3383,3933,5781,11175,3299,3702,4987,7439,3281,3387,3996,4182,3079,3253,3431,3351,-20.4667,32.3481,8.7184,47.7727
53161,3348,3410,3190,3129,3990,3834,3473,3182,6327,5136,4001,3473,10670,7122,4116,3420,24.0643,-20.8258,8.53176,47.8807
53162,3464,3423,3289,3132,3888,3724,3472,3294,5930,4683,3809,3378,12605,5996,3858,3329,30.4941,-28.6935,8.8278,47.516
53163,3526,3442,3315,3040,4423,4182,3546,3204,7603,6048,4015,3415,7968,6452,4139,3551,15.7556,-18.6849,8.66133,47.9127
53164,10577,6561,4146,3340,6932,5150,3892,3457,4093,3846,3450,3190,3398,3416,3253,3116,-21.1859,-22.2227,8.5503,47.878
53165,3023,3322,3407,3395,3166,3482,3813,3979,3388,3831,4853,6438,3333,4001,6061,12256,25.8366,27.7792,8.62935,47.832
53166,5545,4537,3617,3253,9540,5195,3759,3381,7051,4705,3600,3344,4329,3934,3517,3278,-4.33663,-27.2242,8.97856,48.39
53167,3317,3847,4613,4640,3551,4162,7060,6521,3552,4052,5971,5722,3329,3618,4204,4125,-2.85053,14.1946,8.89841,48.1893
53168,5461,4609,3588,3351,8992,5709,3845,3343,6730,4943,3763,3370,4219,3949,3583,3121,-4.15943,-22.3045,8.96411,48.384
53169,3307,3597,3679,3483,3747,4356,4896,4044,4034,5963,7942,4746,3884,4778,5463,4388,8.71866,3.80764,8.9765,48.2047
53170,3297,3447,4167,4611,3406,4042,5961,6592,3428,4083,6304,6988,3292,3754,4385,4525,0.924526,16.8236,8.99005,48.188
53171,3889,3664,3262,3057,5294,4324,3560,3327,9471,5506,3884,3292,7482,5141,3848,3347,11.108,-25.5449,8.56679,48.232
53172,6458,9346,5602,3961,4775,5659,4409,3721,3825,3850,3645,3372,3325,3411,3341,3157,-23.7937,-8.64572,8.59861,47.9047
53173,3338,3538,4018,4046,3502,4190,5787,5188,3568,4444,7626,6110,3460,3802,4889,4648,3.86731,12.1042,8.79295,48.1027
53174,3134,3397,3680,3971,3205,3626,4329,5579,3468,3761,5249,9891,3327,3721,4686,6765,8.91347,30.3333,8.90774,47.8593
53175,3206,3248,3427,3459,3333,3605,4037,3916,3558,4368,5944,5433,3841,5038,8918,7313,21.3247,11.9534,8.66026,48.4293
53176,3225,3419,3933,4326,3312,3599,5108,6687,3308,3815,5680,8939,3280,3731,4486,5248,3.54713,22.4067,8.88934,48.064
53177,12707,6012,3861,3411,6144,4698,3748,3431,3851,3772,3499,3290,3299,3241,3149,3136,-27.0004,-29.6414,8.90044,47.4993
53178,3907,4677,4559,4027,4205,6761,6764,4226,3999,5264,4998,4019,3569,3857,3826,3639,-4.69693,-0.479284,8.97714,48.198
53179,4046,6356,9824,6030,3893,4572,5166,4456,3424,3692,3794,3685,3206,3255,3411,3307,-27.9665,6.2461,8.70746,48.078
53180,3125,3320,3525,3385,3368,3661,3822,3901,3579,4078,5566,5869,3616,4681,8456,8297,22.3443,14.6218,8.74605,48.166
53181,3996,3918,3470,3263,5395,5188,3835,3312,7106,7174,4301,3385,5286,5024,4029,3396,6.15594,-15.2628,8.54338,48.052
53182,3122,3237,3619,3634,3195,3612,4289,4861,3480,3880,5757,8897,3398,3943,5578,7879,13.2088,22.4164,8.90475,48.254
53183,3364,3853,5462,10239,3319,3859,5125,8191,3185,3507,3918,4350,3199,3204,3443,3544,-17.6878,28.8744,8.83889,47.8413
53184,3923,3895,3470,3202,5711,4841,3684,3320,8651,6412,3956,3366,5704,5078,3906,3325,6.95283,-19.6242,8.84022,48.296
53185,6181,8022,5018,3758,5522,6799,4569,3720,4041,4103,3754,3252,3481,3486,3390,3024,-17.3263,-10.5433,8.77845,48.08
53186,6569,10084,5666,3935,4833,5170,4352,3743,3781,3767,3569,3423,3313,3205,3289,3184,-31.7464,-8.80143,8.96176,47.922
53187,3128,3261,3468,3453,3275,3745,3994,3955,3684,4407,6449,5441,3818,5073,8701,6808,19.7617,10.9876,8.78234,48.44
53188,3158,3425,3579,3561,3319,3562,4409,4398,3461,4258,6644,6958,3457,4364,6599,6868,14.4776,15.6527,8.74833,48.0133
53189,3986,3793,3543,3220,6002,4679,3647,3217,9294,5837,3844,3359,6049,4807,3701,3235,6.98769,-22.989,8.6535,48.142
53190,3473,3837,6062,12110,3329,3789,4793,6415,3339,3501,3798,3938,3083,3288,3364,3374,-24.4226,32.4259,8.7511,47.662
53191,12366,6392,3903,3422,6026,4816,3796,3338,3940,3822,3543,3220,3470,3491,3183,3056,-32.8365,-24.9573,8.72414,47.856
53192,3201,3507,4218,5141,3333,3651,5295,8790,3309,3737,4973,7595,3189,3541,3979,4498,-1.5677,26.0368,8.95902,47.9713
53193,3477,3399,3279,3157,4278,3944,3490,3246,7847,5032,3786,3286,10535,5704,3875,3391,18.7913,-30.4911,8.69933,47.8173
53194,3287,3572,4145,4482,3400,3940,5471,6668,3410,4045,6248,7377,3386,3783,4515,4834,2.02401,17.9544,8.53871,48.3753
53195,3251,3605,4371,5180,3415,3855,5314,8532,3370,3758,5044,7535,3297,3538,3985,4462,-1.8087,24.1147,8.65889,48.3413
53196,3354,3418,3318,3201,3614,3867,3745,3476,4326,5500,4953,3999,5287,8933,7099,4301,23.3563,-3.067,8.89133,48.2607
53197,3462,3308,3144,3132,4057,3822,3452,3229,6569,5210,3887,3520,10507,7010,4299,3417,22.4711,-20.5298,8.81631,48.0167
53198,3960,5353,5960,4409,4134,6305,7360,4495,3763,4198,4517,3768,3410,3619,3601,3536,-11.3757,2.05802,8.87373,48.2587
53199,4613,4087,3598,3199,7534,4922,3683,3382,8580,5262,3814,3255,5028,4287,3575,3253,1.31877,-24.3599,8.67802,48.048
53200,12171,6215,3835,3508,6454,4848,3826,3406,4061,3817,3388,3174,3375,3388,3158,3022,-25.5211,-25.8975,8.79852,47.764
53201,3161,3156,3482,3318,3289,3515,3775,3982,3508,3877,5084,5623,3514,4491,8208,10060,27.8791,17.8062,8.72321,48.0287
53202,7664,9251,5034,3697,5243,5624,4177,3604,3907,3945,3462,3314,3403,3409,3227,3168,-23.7707,-12.3174,8.77804,48.086
53203,3497,3532,3162,3046,4375,4001,3547,3224,7876,5405,3885,3380,9405,6312,4107,3406,17.512,-22.6738,8.60612,48.1067
53204,3413,3536,3382,3221,4045,4384,4004,3488,5323,8058,5248,3778,5097,6695,4872,3762,13.1505,-7.48353,8.94658,48.204
53205,3182,3410,3430,3240,3529,3766,3712,3544,4021,5006,5449,4314,4460,7307,8194,5073,23.0192,1.84385,8.81032,47.758
53206,3496,3865,5627,11018,3231,3780,4893,7426,3390,3452,3918,4186,3055,3218,3410,3490,-20.2159,31.2306,8.73383,47.6367
53207,3293,3344,3299,3355,3639,3727,3726,3453,4605,5045,4522,3666,5654,9772,6541,4103,32.1806,-5.66236,8.72984,47.8293
53208,10512,5798,3934,3465,7613,5067,3917,3358,4088,3875,3537,3297,3473,3372,3241,3156,-19.5012,-32.9185,8.57996,47.802
53209,3505,3969,4679,4515,3719,4804,7709,5527,3622,4243,6100,4894,3294,3760,4061,4008,-3.40896,9.76823,8.96817,48.2727
53210,6653,6669,4369,3487,6761,6880,4390,3606,4404,4280,3796,3319,3541,3520,3385,3155,-14.7836,-14.9027,8.95225,48.1433
53211,3208,3393,3339,3360,3427,3822,3748,3590,4046,4927,5111,4170,4649,7648,8832,5136,25.4751,1.43373,8.89448,48.2707
53212,6249,4737,3736,3331,9908,5201,3789,3456,6021,4401,3602,3271,4019,3756,3378,3210,-7.56696,-28.6756,8.75029,48.0433
53213,3410,3417,3209,3179,3913,3715,3369,3143,5884,4801,3760,3405,12059,6552,3862,3322,32.1996,-24.941,8.62779,47.3333
53214,5397,8650,6165,4203,4669,6220,5104,3939,3729,3920,3821,3441,3344,3394,3418,3168,-20.0351,-4.84702,8.79551,48.388
53215,3077,3165,3478,3385,3254,3567,3943,4344,3321,3786,4963,8322,3396,3900,5507,10285,17.6783,31.0127,8.8844,47.7953
53216,3363,3407,3209,3019,3924,3776,3355,3206,6064,4898,3845,3483,11962,6787,3936,3480,28.0353,-23.4706,8.82313,47.8093
53217,4316,4060,3504,3124,7176,4881,3591,3289,9184,5269,3794,3488,5296,4210,3681,3258,3.15668,-26.2476,8.86083,48.0807
53218,3223,3467,3977,4391,3307,3653,4822,7226,3359,3658,5229,9344,3152,3573,4332,5495,3.2707,28.6422,8.70959,48.1387
53219,3921,5579,9372,6616,3722,4457,5827,5024,3411,3538,3875,3732,3244,3291,3286,3236,-23.2278,8.46199,8.91405,48.0873
53220,3376,3453,3383,3172,3882,4014,3573,3316,4938,6074,4514,3626,6557,9040,5304,3917,21.4749,-9.53164,8.55094,48.0927
53221,3124,3346,3269,3266,3297,3544,3822,3702,3655,4250,5276,5012,3671,5180,9649,7554,27.9025,11.299,8.67777,47.7447
53222,3531,3538,3201,3087,4365,3874,3459,3176,8245,5208,3784,3269,10483,5731,3813,3327,18.2702,-27.6597,8.99703,48.0607
53223,5396,4426,3689,3284,9153,5350,3762,3399,6993,4763,3775,3263,4381,3981,3451,3176,-3.83293,-25.0599,8.90632,48.1613
53224,3574,4357,7216,7817,3505,4176,6266,6590,3360,3691,4109,4176,3140,3283,3451,3441,-17.1822,15.9817,8.62916,48.1013
53225,3179,3299,3416,3532,3331,3624,4372,4325,3550,4298,6684,6467,3485,4514,7349,7040,16.173,14.3681,8.77212,48.31
53226,3225,3311,3377,3346,3381,3755,3793,3698,3796,4442,5440,4806,3929,5849,9782,6535,26.3585,8.32786,8.54467,48.31
53227,12330,6045,3853,3345,5969,4784,3821,3353,3977,3833,3317,3261,3401,3489,3285,3053,-32.8159,-27.3803,8.53964,47.4107
53228,3118,3197,3474,3546,3231,3504,4189,4810,3492,3985,5749,8753,3308,3956,5723,8129,13.5169,22.3866,8.93118,48.1093
53229,3502,3730,3844,3583,3749,4436,5105,4111,4170,6185,7542,4588,3918,4824,5172,4245,7.58425,2.46173,8.78901,48.4693
53230,3374,3394,3238,3068,3996,3789,3586,3235,5770,4951,3916,3357,10693,7822,4282,3486,28.6612,-18.8661,8.89277,47.9713
53231,3995,4836,6343,4807,3861,5540,7842,5107,3571,4100,4590,4011,3259,3445,3681,3586,-11.8169,5.98694,8.62802,48.3827
53232,12782,5946,3968,3393,5798,4634,3743,3431,3852,3696,3478,3335,3370,3393,3149,3175,-29.7883,-30.1179,8.83739,47.4287
53233,4005,4498,4170,3679,4536,7058,5409,4048,4363,6282,5114,3893,3764,4146,3838,3648,-2.04755,-3.71687,8.76484,48.3007
53234,4342,4672,4016,3500,5345,7627,4985,3724,4711,6238,4464,3593,3857,3953,3715,3355,-3.43101,-8.0026,8.7872,48.0647
53235,3358,3763,4585,5829,3346,3786,5232,9861,3308,3556,4590,6451,3153,3468,3897,4139,-5.83487,28.4588,8.98151,48.2147
53236,3854,3699,3287,3114,5497,4313,3600,3252,9599,5392,3833,3334,7121,5049,3748,3289,10.4921,-27.2971,8.5795,47.9873
53237,3090,3330,3628,3782,3180,3591,4312,5059,3333,3865,5292,9608,3359,3819,5131,7815,12.1557,26.6115,8.90951,48.1293
53238,3230,3694,4679,5997,3395,3762,5296,9538,3318,3604,4470,6217,3123,3468,3817,4137,-6.51926,30.5823,8.5368,47.83
53239,3958,5371,6639,4662,3901,5614,7536,4752,3561,4075,4421,3834,3297,3487,3580,3290,-13.7701,3.93695,8.98512,47.9853
53240,3179,3142,3416,3448,3238,3497,3679,3955,3323,3695,4802,6364,3427,3956,6193,12533,26.9667,27.0572,8.70355,47.898
53241,4967,4511,3729,3408,7912,6030,3908,3271,6578,5422,3815,3560,4385,4092,3464,3232,-2.29672,-18.8842,8.65052,48.1893
53242,3304,3405,3722,4181,3388,3742,4568,6542,3305,3808,5219,9602,3240,3674,4595,5780,5.42712,33.0436,8.79242,48.05
53243,3381,3405,3196,3155,4059,3989,3514,3229,5868,5774,4195,3485,8231,8357,4723,3650,21.7275,-14.8221,8.621,48.1407
53244,3906,3720,3422,3214,5961,4480,3663,3225,10029,5311,3804,3311,6374,4591,3682,3343,7.74081,-29.1676,8.75268,48.024
53245,3398,3738,4167,4207,3509,4216,6434,5882,3647,4290,6719,6166,3339,3743,4498,4496,1.10852,13.1361,8.53554,48.2993
53246,6323,4897,3849,3298,9819,5425,3842,3358,5601,4511,3528,3368,3995,3703,3456,3168,-8.42358,-24.9207,8.60675,48.094
53247,3348,3344,3231,3152,4153,3743,3472,3187,6131,4929,3911,3413,11024,7270,4234,3404,25.0611,-21.1954,8.76103,47.964
53248,8940,5984,4035,3308,8070,5567,3891,3226,4572,4072,3593,3251,3607,3563,3364,3046,-16.1384,-22.9084,8.57358,48.0593
53249,3497,3305,3261,3113,4156,3904,3484,3277,7254,5029,3847,3415,10988,5793,3918,3500,20.6882,-33.5851,8.61609,47.8273
53250,3917,5437,9796,7071,3706,4229,5451,5197,3372,3510,3883,3645,3214,3178,3390,3390,-26.1641,10.3947,8.76001,48.2573
53251,3259,3453,4089,4488,3217,3721,4906,7797,3445,3756,5063,8747,3272,3579,4234,5005,1.71847,28.3239,8.62264,48.0207
53252,3451,4016,6642,10946,3358,3924,5104,6873,3225,3514,3871,4002,3105,3162,3417,3401,-21.5892,22.7008,8.98143,48.0073
53253,3379,3870,6135,11446,3329,3823,4997,6998,3246,3477,3938,4118,3097,3191,3308,3481,-21.7231,26.7706,8.53181,47.8887
53254,3427,3994,5923,9111,3435,3894,5431,8180,3178,3570,4118,4464,3034,3356,3678,3691,-16.5199,23.208,8.53157,48.3227
53255,5168,4920,3895,3423,7476,6978,4206,3530,5547,5194,3843,3478,3983,3880,3380,3222,-6.02937,-16.6522,8.53048,48.082
53256,11857,6027,4056,3390,6454,4772,3847,3392,4002,3831,3432,3100,3464,3318,3167,3133,-23.6347,-33.8299,8.60434,47.4947
53257,3403,3393,3362,3096,4078,3664,3553,3237,6062,4608,3696,3310,12530,6173,4081,3301,30.3492,-28.4249,8.52275,47.698
53258,3398,3814,5490,9465,3531,3825,5142,8585,3303,3503,4091,4587,3065,3279,3528,3610,-16.0784,29.1224,8.54665,48.144
53259,3333,3459,3781,3595,3532,4166,4846,4102,3807,5389,8035,5272,3733,4778,5723,4724,9.70916,6.48453,8.62247,48.1833
53260,3205,3927,5862,9873,3307,3967,5248,8105,3243,3483,4100,4340,3042,3362,3494,3612,-17.3806,24.1807,8.92603,48.1133
53261,3353,3369,3238,3145,3896,3750,3482,3224,5893,5012,3779,3353,11616,7069,4011,3356,32.7998,-21.8519,8.75468,47.6973
53262,3535,4221,5842,6074,3557,4287,7258,7069,3370,3790,4768,4599,3245,3400,3592,3649,-11.1733,14.9044,8.81418,48.1707
53263,12739,5964,3944,3311,5900,4684,3737,3416,3978,3788,3453,3245,3350,3349,3271,3223,-30.4358,-32.3775,8.7837,47.568
53264,8831,7567,4334,3571,6554,5787,4105,3573,4045,3951,3494,3337,3394,3473,3303,3129,-20.1663,-17.3262,8.81834,48.2987
53265,3842,3836,3183,3005,5303,4321,3513,3338,9583,5538,3822,3450,6978,5078,3723,3218,10.1344,-24.7802,8.59303,47.8207
53266,3060,3294,3390,3429,3263,3604,3968,4141,3534,4076,5523,6185,3529,4452,7752,9022,21.0721,17.1143,8.73158,48.148
53267,3224,3320,3356,3325,3469,3667,3762,3555,3988,4766,5185,4486,4238,7134,9149,5277,33.6924,3.25412,8.79635,47.934
53268,3217,3231,3486,3566,3355,3575,3952,4382,3374,3673,5050,8202,3404,3919,5551,9662,17.0998,30.8299,8.54796,47.7327
53269,3459,4049,6070,9148,3459,4026,5443,7832,3256,3490,4134,4423,3121,3179,3478,3547,-17.1834,22.5515,8.56611,48.076
53270,3865,3706,3392,3222,5268,5083,3834,3431,7461,7406,4350,3526,5360,5033,3935,3463,6.8088,-15.5243,8.88143,48.2233
53271,3406,3279,3285,3136,3956,3855,3433,3305,5470,5198,3935,3520,9331,8635,4535,3577,28.003,-16.1517,8.62966,47.904
53272,3417,3557,3374,3228,3940,4186,3794,3491,5394,7105,4822,3777,5737,7639,5037,3757,16.2978,-9.04574,8.73264,48.17
53273,9795,6866,4130,3416,6977,5316,3950,3383,4136,3896,3501,3269,3378,3523,3253,3080,-20.1564,-20.3881,8.70963,47.9127
53274,3273,3821,4738,5921,3333,3849,5829,9363,3275,3631,4582,6020,3153,3472,3852,4010,-6.85977,22.6722,8.90564,48.0813
53275,3312,3370,3064,3072,4067,3840,3566,3265,6327,5207,4099,3442,10010,7617,4320,3457,22.7823,-18.9057,8.77804,48.0233
53276,3277,3577,4274,4793,3423,3785,4972,8348,3357,3741,4794,8107,3308,3471,4170,4631,-0.365617,32.2096,8.54508,48.0187
53277,3750,5390,9941,6980,3584,4281,5252,4997,3390,3572,3889,3892,3202,3304,3424,3415,-32.8662,9.87359,8.6725,48.1753
53278,3270,3507,3551,3528,3419,4018,4686,4138,3848,5043,7972,5481,3776,4762,6244,5115,11.9017,8.15204,8.63676,48.2387
53279,3688,3590,3351,3146,4822,4312,3662,3365,8608,6061,3917,3476,7384,5644,3991,3295,12.5965,-21.0023,8.57564,48.208
53280,3322,3450,3503,3428,3678,4100,4105,3803,4244,6148,6435,4379,4328,6399,6607,4565,15.3448,0.808901,8.82498,48.3293
53281,8006,8915,4821,3600,5616,5676,4147,3574,3872,3974,3438,3250,3345,3390,3252,3044,-22.3962,-13.6712,8.79561,47.9467
53282,5951,4665,3578,3261,9848,5354,3795,3360,6366,4626,3666,3208,4018,3846,3359,3133,-6.41635,-26.492,8.91785,48.0227
53283,3351,3863,6300,12228,3403,3811,4674,6382,3251,3570,3777,3868,3193,3197,3368,3394,-26.3996,26.0959,8.63401,47.7533
53284,3536,3407,3280,3118,3964,3796,3433,3213,5959,4719,3742,3384,12389,5936,3873,3249,32.7362,-30.6426,8.70353,47.332
53285,3941,5076,6429,4810,3947,5636,7928,5025,3469,4069,4447,3978,3246,3483,3478,3442,-11.9573,5.45151,8.90662,48.2693
53286,3461,3949,4366,4092,3794,5102,6693,4627,3843,5109,6737,4685,3629,3959,4391,3990,-0.192355,5.3128,8.57499,48.2847
53287,3325,3419,3337,3121,3897,3921,3519,3402,5465,5092,3988,3505,9655,8249,4375,3501,33.5051,-16.8992,8.81124,47.8473
53288,3139,3271,3324,3405,3095,3435,3810,3880,3286,3702,4755,5965,3459,3910,6110,12642,29.7995,29.8984,8.71264,47.4587
53289,3570,3492,3182,3124,4445,3984,3550,3219,8355,5290,3908,3392,9379,5782,3838,3448,16.3464,-24.303,8.99065,47.972
53290,3376,3397,3340,3246,4169,3777,3473,3212,7187,4881,3769,3419,11381,5859,4067,3388,21.135,-32.156,8.63849,47.9607
53291,3546,3575,3383,3353,4023,4681,4115,3569,5120,8015,5523,3831,4765,6161,4741,3971,10.5991,-5.91449,8.83521,48.248
53292,3113,3207,3597,3586,3277,3510,4070,4664,3493,3832,5191,8958,3267,3884,5408,9115,15.0705,29.0811,8.7817,48.1147
53293,3307,3684,4459,4612,3541,4330,6894,6493,3486,4102,6057,6093,3280,3611,4243,4183,-1.71229,14.6279,8.76946,48.25
53294,3111,3303,3311,3308,3186,3464,3803,3806,3342,3867,4903,6060,3511,4122,6629,12265,28.1545,24.5178,8.63878,47.994
53295,3372,3446,3233,3132,3826,3904,3532,3269,5382,5629,4225,3593,7993,9051,4779,3830,24.4363,-13.1256,8.76798,48.1307
53296,3989,3816,3400,3160,6342,4535,3543,3339,9931,5102,3824,3416,6059,4506,3713,3373,6.5202,-29.6978,8.94137,48.032
53297,3204,3320,3317,3371,3136,3373,3840,3856,3405,3848,4717,5855,3406,3960,6260,12636,30.5143,27.2692,8.80662,47.6693
53298,3332,3831,5188,5798,3507,4024,6686,8359,3336,3731,4661,5430,3159,3440,3795,3951,-7.96319,18.3738,8.9216,48.152
53299,3301,3756,4442,5359,3325,3889,5192,9322,3311,3691,4589,6944,3263,3663,3925,4159,-4.12679,33.7777,8.58688,48.0873
53300,4238,4034,3634,3250,6211,5418,3776,3403,7424,6375,4020,3468,5075,4648,3813,3267,3.50445,-17.7282,8.66071,48.036
53301,3457,3460,3202,3071,4121,4017,3597,3316,6142,5671,4103,3455,8783,7881,4433,3531,21.3199,-15.9718,8.71229,48.16
53302,3768,4177,4534,3984,4044,5934,7096,4451,3849,5120,5875,4273,3501,3921,4057,3770,-2.31064,2.74976,8.87749,48.236
53303,3254,3347,3265,3297,3560,3804,3814,3646,4247,5139,5080,4031,4856,8120,8022,4803,26.3351,-0.145252,8.5745,48.19
53304,6963,9372,5223,3743,5161,5680,4248,3656,3778,3868,3618,3318,3390,3452,3283,3121,-23.2957,-10.5211,8.67917,47.916
53305,3131,3228,3425,3347,3385,3467,3708,3864,3464,3937,5167,5505,3538,4647,8731,9413,30.6376,16.3021,8.84644,47.9713
53306,3409,3404,3309,3211,4025,4031,3734,3494,5179,6504,4670,3760,6163,8319,5246,3734,18.5896,-9.17305,8.61817,48.128
53307,3129,3414,3871,4191,3200,3615,4611,6675,3270,3754,5431,9489,3317,3697,4638,5789,5.40226,24.9394,8.99747,48.0607
53308,3152,3560,3629,3420,3543,4154,4641,4188,3785,5314,7937,5254,3824,4721,6162,5038,11.1686,7.3419,8.68545,48.2147
53309,3228,3566,4138,4200,3484,3987,5640,6122,3389,4077,6463,7280,3309,3791,4542,4954,2.73258,16.5014,8.89603,48.1133
53310,3491,3371,3156,3086,3993,3959,3515,3246,6290,5163,3987,3417,10666,7255,4324,3435,23.5004,-20.5504,8.68016,48.236
53311,9269,6828,4176,3519,7071,5594,3952,3381,4333,3952,3430,3257,3515,3545,3262,3033,-18.9257,-20.0039,8.66716,48.078
53312,3890,4366,4348,3764,4348,6513,5894,4075,4294,6005,5492,3933,3678,4139,4135,3732,-1.30535,-1.41678,8.53779,48.404
53313,4523,6965,8140,5083,3988,5368,5860,4373,3507,3785,3857,3699,3091,3436,3417,3238,-20.3272,2.26925,8.89368,48.22
53314,3124,3239,3446,3204,3428,3546,3924,3851,3603,4158,5193,5156,3628,4797,9243,8200,30.427,13.1605,8.55568,47.8267
53315,7163,5882,3981,3404,8383,6401,4024,3406,4776,4396,3579,3367,3614,3579,3415,3073,-12.4763,-19.2748,8.58191,48.2953
53316,3902,3715,3242,3177,5275,4161,3677,3188,9643,5469,3845,3315,7474,4915,3697,3228,11.2275,-25.7949,8.88225,47.9487
53317,3343,3871,5295,7764,3367,3724,5541,9401,3245,3685,4263,5053,3056,3273,3689,3841,-11.9187,24.0914,8.73482,48.274
53318,5791,4564,3575,3261,9648,5328,3809,3317,6727,4617,3688,3329,4187,3845,3380,3248,-5.28666,-26.6663,8.95062,48.2093
53319,3803,4137,4010,3606,4306,5944,5259,3879,4540,6950,5662,3970,3890,4512,4113,3795,1.52691,-2.94171,8.80842,48.2507
53320,3477,4499,8545,9517,3365,3927,5135,5503,3275,3592,3885,3971,3095,3330,3475,3354,-28.5639,16.6122,8.51918,47.9633
53321,3120,3317,3401,3419,3346,3562,3945,3916,3694,4383,6150,5228,3815,5140,9115,6781,21.0145,10.0844,8.72753,48.2213
53322,4332,3986,3584,3228,7105,4668,3587,3333,9181,5087,3868,3400,5226,4356,3656,3336,2.99189,-31.4771,8.69882,47.9553
53323,3682,3775,3560,3458,4360,5353,4463,3631,5142,7911,5540,3939,4446,5127,4391,3828,6.53605,-5.9035,8.64012,48.404
53324,3230,3266,3350,3367,3292,3501,3663,3976,3345,3651,4696,5875,3397,4032,5790,12619,30.6066,31.189,8.52408,47.3667
53325,3989,5940,9913,6439,3754,4445,5374,4691,3407,3561,3842,3691,3071,3258,3423,3310,-26.9546,8.03056,8.86721,48.072
53326,3750,4224,4186,3727,4141,5847,6256,4276,4016,5755,6106,4202,3697,4099,4224,3669,-0.493519,0.693527,8.82074,48.1167
53327,3337,3384,3292,3251,3718,3808,3710,3485,4559,5193,4651,3803,5640,9827,6446,4117,33.8408,-5.26176,8.98845,48.1473
53328,3183,3336,3490,3448,3474,3668,4043,3810,3779,4717,6624,5209,3852,5294,8213,5851,18.4999,8.72092,8.71107,47.994
53329,3466,3928,5776,10975,3406,3848,4948,7535,3210,3373,3947,4099,3126,3202,3424,3402,-20.2006,32.1346,8.94858,47.7767
53330,3303,3834,5012,6429,3287,3970,6064,9062,3393,3568,4539,5561,3155,3273,3700,3924,-9.03773,21.1536,8.67765,48.0493
53331,3111,3337,3676,3695,3117,3580,4162,4769,3403,3853,5605,8874,3395,3938,5568,7858,13.4739,22.9928,8.82136,47.9607
53332,5279,9176,7327,4464,4274,5080,4624,3964,3660,3737,3657,3425,3221,3362,3228,3214,-29.3813,-2.64379,8.77214,47.7947
53333,3870,5508,9938,7306,3700,4272,5186,4906,3381,3583,3801,3806,3068,3140,3441,3251,-29.9656,10.3255,8.94357,48.1047
53334,3152,3547,3586,3464,3512,3794,4121,3842,3891,5039,7035,5007,3984,5483,7710,5295,16.411,6.0248,8.65105,48.308
53335,3108,3385,3753,3861,3252,3729,4649,5246,3561,4080,6510,8520,3427,3870,5428,6282,9.00461,18.8605,8.73932,48.4407
53336,3753,3815,3527,3297,4407,4870,4077,3606,5508,8230,5231,3734,4787,5640,4384,3721,8.78925,-7.81248,8.75903,48.3913
53337,3596,4138,4874,4384,3748,4855,7810,5418,3621,4399,5817,4652,3401,3634,4031,3831,-4.14244,8.32716,8.80482,48.1393
53338,4319,5109,4378,3656,5073,7731,5515,3873,4378,5437,4468,3744,3699,3903,3737,3416,-6.36475,-5.89188,8.73548,48.2907
53339,3404,3881,5562,9792,3387,3884,5076,8272,3246,3550,3897,4377,3215,3253,3544,3502,-17.0806,33.0856,8.77246,47.8947
53340,8811,5610,3896,3376,8898,5221,3904,3400,4665,4086,3522,3188,3658,3546,3279,3083,-15.0112,-25.7762,8.67733,48.0953
53341,3535,3500,3266,3048,4395,4032,3558,3237,8163,5461,3879,3348,9581,5911,3924,3370,16.9416,-25.0433,8.70627,48.1387
53342,3325,3427,3378,3186,3730,3763,3638,3333,4781,5398,4362,3641,6746,9794,5570,3889,27.2851,-8.97332,8.60974,47.974
53343,4094,3934,3520,3169,5587,5418,3934,3346,7309,7191,4347,3565,5008,4969,3845,3459,5.18931,-15.4705,8.99363,48.4633
53344,3924,3718,3450,3165,5350,4996,3867,3403,7800,7166,4289,3451,5510,5269,3905,3446,7.65629,-16.3689,8.95295,48.4727
53345,3441,3395,3239,3015,3995,3860,3427,3198,6380,5223,3880,3345,10356,7253,4285,3449,22.7576,-20.0313,8.67579,47.8273
53346,3464,3526,3500,3236,4124,4488,3999,3478,5074,7645,5067,3911,5151,6960,4962,3774,13.8345,-7.09679,8.78303,48.2393
53347,3770,3597,3408,3190,5642,4527,3642,3265,9557,5775,3864,3367,6561,4959,3740,3326,8.88379,-23.224,8.55361,48.1267
53348,4319,4241,3592,3316,5884,6604,4168,3567,6225,6649,4216,3559,4303,4428,3743,3402,0.491082,-13.8215,8.84763,48.144
53349,4182,3739,3416,3283,6566,4437,3506,3230,9948,5170,3696,3312,5890,4471,3745,3297,5.8241,-30.5784,8.879,47.9253
53350,3143,3337,3625,3886,3286,3569,4357,5295,3370,3800,5465,9589,3431,3753,5065,7339,11.0118,25.6648,8.56451,48.2067
53351,3400,3449,3284,3157,4027,3850,3351,3183,6097,4865,3765,3391,12420,6119,3829,3385,33.111,-27.7671,8.63443,47.7147
53352,6092,4793,3809,3327,9071,6087,3894,3387,5765,4694,3674,3339,4063,3927,3415,3253,-7.24341,-21.5738,8.53201,48.3933
53353,4863,4534,3794,3378,7251,6650,4193,3451,6132,5638,3926,3462,4252,4086,3590,3251,-2.77158,-16.1405,8.94154,48.3007
53354,6673,4895,3720,3397,9833,5290,3810,3385,5818,4307,3670,3278,3897,3714,3336,3119,-8.41371,-29.4367,8.56656,48.0947
53355,3542,4309,5705,5090,3646,4746,8183,5937,3363,3897,5005,4420,3284,3522,3678,3669,-8.89618,10.0138,8.93319,47.9973
53356,6294,8959,5402,4006,5099,6298,4532,3703,3824,4070,3677,3407,3406,3398,3264,3145,-20.1747,-9.03191,8.93836,48.3227
53357,3056,3447,3535,3873,3207,3624,4325,4909,3404,3928,5993,9060,3290,3804,5464,7382,12.2585,22.0142,8.85064,48.2007
53358,3289,3569,4484,4576,3519,3974,6509,6892,3350,4080,5799,6310,3227,3674,4249,4329,-1.52645,15.9463,8.71499,47.8867
53359,3766,4664,6876,5483,3721,4922,7725,5640,3566,3707,4360,4156,3315,3354,3479,3531,-13.8298,9.63146,8.57876,48.1767
53360,6781,4867,3844,3426,9582,5453,3933,3289,5565,4430,3668,3330,3939,3652,3312,3104,-9.30882,-26.2865,8.52869,48.1167
53361,3405,3413,3418,3353,3658,4065,3945,3586,4366,6087,6005,4231,4619,6772,6763,4584,17.1029,-0.435329,8.5757,48.18
53362,3560,4813,8905,8639,3446,4079,5328,5600,3284,3495,3861,3855,3172,3370,3344,3435,-24.6903,14.6202,8.73757,48.124
53363,3852,5006,6883,5177,3834,5175,7646,5240,3530,3919,4331,3910,3215,3521,3568,3457,-13.6866,7.30372,8.6332,48.176
53364,10748,6683,4052,3451,6838,5123,3842,3409,4088,3877,3570,3210,3444,3386,3278,3042,-21.3849,-22.9278,8.52984,48.0273
53365,3185,3233,3401,3368,3207,3441,3763,3917,3329,3804,4923,6020,3221,3949,6108,12594,33.6532,26.258,8.95302,47.642
53366,6113,4805,3707,3284,9492,5625,3842,3379,5947,4528,3581,3277,4073,3815,3320,3205,-6.96178,-24.3811,8.54159,47.9953
53367,3412,3558,3481,3384,3815,4408,4321,3722,4506,7158,6533,4287,4418,5698,5500,4245,11.7306,-0.999205,8.85707,48.2973
53368,4507,3964,3535,3201,6926,5003,3773,3256,8607,5603,3970,3320,5240,4415,3616,3183,3.26127,-22.5421,8.7999,48.0793
53369,3058,3275,3297,3360,3251,3378,3877,3901,3350,3845,4825,6035,3328,3842,6519,12259,29.765,25.019,8.85566,47.6
53370,3232,3410,3827,4133,3358,3676,4742,6735,3420,3855,5327,9439,3353,3717,4610,5567,4.75728,24.9855,8.90049,48.2673
53371,6291,10146,6069,4057,4607,5216,4375,3802,3728,3742,3633,3400,3335,3386,3258,3105,-28.6213,-7.30549,8.98518,48.1
53372,5001,4299,3533,3257,8675,4978,3799,3462,7708,4845,3823,3368,4680,3997,3537,3216,-1.11438,-30.51,8.70981,48.1187
53373,3372,4005,6402,12171,3410,3801,4778,6351,3273,3365,3799,3973,2965,3185,3320,3364,-25.4186,25.5273,8.86772,47.6893
53374,10187,7929,4421,3484,5814,5115,4047,3491,3961,3800,3493,3265,3298,3458,3155,3111,-27.7298,-18.2356,8.69386,48.0193
53375,3417,3378,3277,3115,4214,3888,3514,3153,7001,5124,3871,3409,11063,6482,4004,3431,21.5512,-23.4005,8.96925,48.2273
53376,3897,3616,3493,3166,5816,4299,3663,3219,10010,5237,3795,3330,6562,4769,3728,3233,8.19267,-28.702,8.69167,47.8887
53377,4022,6447,9716,5885,3848,4513,5125,4601,3446,3705,3776,3707,3178,3320,3409,3341,-31.204,5.89603,8.73588,48.026
53378,3164,3366,3693,3969,3410,3988,5124,5244,3454,4265,7230,7325,3434,3910,5201,5351,6.89576,15.6832,8.78503,48.0853
53379,3371,3391,3313,3102,3736,3815,3582,3291,5142,5246,4232,3623,7899,9662,5078,3694,29.4914,-12.2276,8.98062,48.118
53380,6613,5571,3978,3426,8259,6526,4031,3455,5086,4481,3699,3274,3715,3693,3359,3189,-10.5922,-18.6774,8.97844,48.2367
53381,3144,3273,3365,3380,3248,3418,3675,3818,3446,3813,4689,5867,3467,3924,6006,12735,29.8632,33.8163,8.8993,47.512
53382,3109,3261,3339,3466,3164,3492,3941,4185,3333,3822,5035,7302,3389,3883,6178,10929,20.5105,25.3132,8.62054,47.8853
53383,3352,3393,3358,3120,3609,3957,3835,3618,4377,5985,5591,4113,4918,7768,7023,4408,19.4969,-1.5103,8.97948,48.2833
53384,3611,3556,3296,3131,4828,4190,3542,3186,9126,5487,3749,3199,8617,5369,3897,3269,13.9124,-25.7547,8.68047,48.0353
53385,3290,3850,5255,7697,3341,3883,5505,9397,3290,3605,4213,5075,3103,3331,3668,3802,-11.6151,24.8147,8.78479,48.2033
53386,3207,3212,3548,3350,3257,3562,3766,4135,3532,3911,5303,6112,3513,4219,7476,9756,22.9745,18.6305,8.71055,47.906
53387,3230,3749,4286,4765,3401,3952,5654,7503,3367,3813,5590,7245,3214,3663,4219,4648,-0.321073,20.2711,8.87656,48.1993
53388,3201,3572,4119,4635,3343,3790,4843,7870,3289,3868,5003,8342,3249,3558,4306,5013,1.39701,30.4132,8.54782,48.0007
53389,3452,4225,6626,6861,3476,4303,6809,6890,3322,3714,4450,4471,3267,3166,3524,3595,-14.1825,15.5311,8.95865,48.1007
53390,3957,3690,3442,3224,6011,4436,3545,3301,10042,5260,3902,3396,6414,4714,3698,3270,7.75133,-27.5417,8.89748,48.2013
53391,3961,4241,3981,3649,4525,6535,5312,3872,4648,6811,5344,3976,3905,4200,4149,3643,0.568172,-3.94084,8.76507,48.5013
53392,4159,3967,3513,3170,5698,5156,3874,3361,7920,6667,4003,3462,5397,4894,3794,3384,5.5656,-17.7818,8.60618,48.2793
53393,3471,3845,4647,4407,3597,4392,7055,5873,3558,4135,6365,5492,3330,3686,4189,4138,-1.7288,11.8751,8.52767,48.12
53394,3412,4233,7361,10672,3438,3869,5093,6380,3195,3524,3922,4063,2970,3179,3416,3298,-23.7204,20.0905,8.95972,48.0167
53395,3236,3574,3803,3842,3558,3962,5327,4863,3561,4678,7862,6367,3517,4122,5279,4946,7.05992,11.9435,8.78248,48.3313
53396,3407,3895,4957,5452,3394,4130,6785,7994,3354,3786,4936,5595,3246,3447,3961,3992,-6.36714,17.593,8.79608,48.2207
53397,3859,3769,3445,3235,4996,4909,3911,3314,7196,7627,4333,3519,5389,5434,3972,3515,8.25955,-14.2423,8.97801,48.282
53398,3314,3553,4257,4672,3534,3950,6088,7009,3438,3900,5811,6882,3230,3656,4188,4505,-0.415623,17.5948,8.59697,47.9913
53399,2999,3298,3485,3598,3296,3565,3981,4292,3486,3831,5486,7633,3377,4031,6404,9466,17.9721,22.1773,8.83607,48.152
53400,3380,3730,4145,4197,3469,4182,6302,5409,3506,4480,7120,6065,3465,3923,4693,4533,1.72729,12.1652,8.9227,48.3993
53401,3131,3294,3428,3452,3336,3529,3670,3987,3366,3818,4816,5953,3355,3807,6376,12237,30.6843,25.647,8.50552,47.7033
53402,3323,3486,3902,3663,3508,3963,5092,4594,3507,4672,8190,6299,3431,4233,5547,4961,8.22672,10.7937,8.96209,48.2473
53403,3209,3325,3444,3424,3410,3626,4014,3981,3656,4498,6505,5686,3689,4853,8309,6725,18.803,11.9896,8.56826,48.236
53404,3439,3744,4387,5056,3454,3942,6214,8012,3375,3814,5470,6345,3282,3570,3968,4186,-3.58438,18.3404,8.87954,48.172
53405,9163,5430,3975,3329,8701,5072,3862,3309,4485,3976,3603,3287,3551,3510,3322,3123,-16.0492,-33.175,8.53811,47.7987
53406,3199,3197,3428,3504,3258,3488,3749,3998,3371,3757,4836,6058,3472,3862,6126,12498,32.0128,28.3504,8.56876,47.8673
53407,3239,3294,3345,3128,3596,3716,3605,3507,4506,5479,4607,3973,5592,9591,6710,4275,25.4661,-4.74373,8.87942,48.1087
53408,10808,7393,4130,3387,5814,5039,3879,3384,3926,3909,3489,3224,3411,3341,3221,3151,-33.0798,-20.1764,8.56473,47.6707
53409,3309,3545,3660,3524,3514,4091,4602,4087,3821,5325,7969,5122,3800,4757,6252,4918,11.578,6.74954,8.8593,48.1973
53410,9815,5781,3990,3425,8319,5213,3786,3371,4372,4031,3542,3274,3567,3534,3315,3210,-17.6215,-26.6427,8.73258,48.3633
53411,12404,6478,3976,3404,6018,4811,3814,3352,3949,3828,3416,3111,3352,3353,3408,3152,-33.5557,-24.8839,8.88636,47.884
53412,3376,3464,3260,3161,4198,3876,3424,3192,7071,4924,3884,3261,11410,5806,4003,3340,21.4421,-30.6433,8.57928,47.7667
53413,3324,3837,5030,7325,3246,3871,5491,9759,3268,3514,4298,5302,3108,3303,3665,3760,-10.6886,25.9684,8.8257,48.0673
53414,4197,4237,3743,3340,5585,6208,4168,3415,6311,7212,4348,3650,4472,4643,3727,3418,2.15397,-13.0892,8.7632,48.4493
53415,3273,3617,4259,4801,3367,3739,4893,8417,3388,3656,4967,8129,3251,3624,4059,4657,-0.710916,29.0463,8.5131,48.0647
53416,3668,3721,3350,3193,5471,4334,3545,3290,9932,5207,3830,3361,7133,4939,3789,3316,9.95015,-30.5634,8.84161,48.0527
53417,3187,3541,4133,4580,3363,3939,5268,7261,3414,3817,5807,8085,3228,3625,4314,4879,1.31725,21.2204,8.9507,48.294
53418,5497,8897,5973,4119,4760,6024,4873,3862,3840,3952,3748,3524,3272,3355,3380,3047,-21.3374,-6.10599,8.61868,48.082
53419,3391,3702,3882,3522,3731,4481,5199,4167,4041,5772,7629,4871,3772,4563,5036,4272,6.95826,4.44837,8.54344,48.0207
53420,3124,3236,3364,3367,3161,3448,3842,3943,3353,3828,4701,6342,3364,3899,6059,12477,26.1846,29.0214,8.80968,47.672
53421,4989,7816,6453,4183,4704,6140,5369,4053,3684,4001,3962,3518,3285,3405,3357,3280,-18.5717,-3.14428,8.76978,48.1327
53422,4760,4558,3762,3382,6797,6784,4208,3411,5900,5819,4016,3476,4071,4124,3669,3210,-2.69049,-15.4475,8.95239,47.9647
53423,3238,3335,3356,3392,3488,3708,3994,3676,4065,5315,5645,4546,4446,6981,8043,5026,20.8779,2.01404,8.53959,48.1693
53424,3474,3873,5919,12468,3406,3698,4780,6300,3212,3423,3788,3859,3161,3237,3474,3370,-27.388,31.7377,8.84763,47.628
53425,3425,3586,3650,3361,3905,4638,4322,3764,4647,7372,6096,4148,4318,5661,5059,3971,9.95983,-2.53381,8.50502,47.9487
53426,3394,3345,3270,3061,4081,3830,3435,3209,6405,5007,3753,3366,11624,6684,4065,3296,24.1472,-23.3844,8.92602,47.8833
53427,3416,4179,7102,11328,3444,4053,4998,5927,3185,3506,3799,3978,3078,3112,3410,3314,-26.8662,21.6116,8.71027,47.886
53428,4760,4654,3741,3405,7198,6609,4167,3460,6185,5753,3855,3448,4334,4118,3562,3203,-2.18323,-16.3765,8.69736,48.3013
53429,4311,5061,4350,3765,5034,7952,5616,3791,4399,5435,4429,3639,3654,3957,3617,3435,-5.92839,-5.59767,8.64583,48.2967
53430,3268,3442,3283,3244,3622,3923,3608,3353,4868,5303,4376,3651,6842,9799,5487,3959,33.8428,-9.17142,8.82427,48.0187
53431,3333,3399,3440,3317,3388,3773,4007,3749,3874,5114,6534,4791,4113,5928,8212,5362,18.878,5.16167,8.73696,48.2227
53432,4839,4415,3696,3270,7344,6221,4005,3329,6745,5699,3893,3432,4364,4306,3553,3137,-1.51927,-17.8737,8.94606,48.1653
53433,3629,3468,3381,3056,4908,4220,3557,3313,9225,5206,3842,3363,8477,5159,3770,3343,13.6656,-28.6237,8.61469,47.9447
53434,12707,5862,3833,3386,5841,4514,3801,3501,3893,3730,3366,3268,3338,3389,3272,3212,-31.078,-33.5082,8.99228,47.2753
53435,3403,3884,5134,6126,3431,3898,6239,8603,3345,3650,4571,5653,3268,3408,3757,4029,-8.18435,20.2099,8.51797,48.266
53436,5465,4401,3682,3247,9167,5245,3808,3282,7142,4676,3627,3330,4345,3932,3523,3168,-3.27697,-26.1977,8.80127,48.0267
53437,4276,3995,3408,3226,7052,4759,3672,3426,9314,5131,3759,3343,5426,4363,3634,3327,3.8008,-31.3002,8.59472,48.074
53438,8251,9110,4805,3691,5211,5161,4105,3596,3872,3829,3510,3368,3323,3500,3155,3216,-32.4192,-13.4892,8.57924,47.802
53439,5091,4113,3583,3337,9049,5092,3704,3353,7489,4771,3740,3268,4552,3969,3484,3292,-2.0201,-33.0309,8.70632,47.9247
53440,5730,6074,4187,3569,6455,7707,4584,3599,4438,4634,3796,3356,3704,3720,3477,3116,-11.1457,-12.4578,8.58346,48.0973
53441,3063,3344,3391,3343,3169,3402,3765,3965,3360,3827,4722,5951,3395,3972,5994,12940,28.226,33.1389,8.95312,47.7353
53442,3293,3498,3988,4417,3325,3783,4783,7643,3318,3808,5031,8788,3277,3612,4265,4981,1.92069,32.8136,8.59747,47.8733
53443,3536,3445,3210,3014,4226,3951,3520,3318,7416,5574,3912,3436,9395,6631,4116,3448,18.5131,-20.5603,8.9947,48.0987
53444,3397,4621,8942,9317,3517,4017,5079,5569,3245,3393,3835,3931,3094,3290,3351,3340,-29.0696,15.5877,8.84913,47.9587
53445,3202,3390,3875,4148,3260,3580,4698,6549,3408,3833,4997,9797,3290,3781,4570,5809,5.24392,29.1391,8.92402,48.1247
53446,6960,9913,5432,3689,4981,5324,4330,3727,3906,3851,3657,3380,3325,3349,3227,3180,-32.4779,-10.2733,8.61175,48.154
53447,3568,4061,5892,11918,3399,3863,4823,6621,3251,3399,3774,3975,3240,3327,3395,3377,-23.448,33.6045,8.60863,47.922
53448,3441,3502,3371,3043,4341,4229,3646,3330,6810,6325,4164,3467,7512,6986,4359,3472,16.4811,-16.0311,8.81269,47.9987
53449,4427,6893,8248,5168,4162,5140,5813,4414,3486,3810,4013,3656,3314,3466,3295,3285,-20.9438,2.49515,8.50905,48.3933
53450,3122,3281,3543,3490,3308,3492,4145,4844,3326,3835,5131,9236,3371,3954,5253,8468,14.1227,29.3715,8.76477,47.866
53451,4257,3966,3529,3257,6362,4972,3802,3396,8558,6077,3991,3256,5264,4680,3786,3236,4.67087,-20.401,8.60314,48.2593
53452,5643,5133,3799,3423,7898,6805,4166,3409,5371,4962,3721,3371,3905,3847,3487,3236,-7.39564,-17.34,8.85994,48.1173
53453,3435,3973,6111,12159,3395,3787,4781,6746,3222,3422,3820,4049,3104,3292,3317,3372,-23.7212,32.5458,8.68941,47.99
53454,3153,3233,3346,3456,3237,3473,3762,4241,3326,3824,4879,7191,3282,3985,5932,11448,22.0431,28.7516,8.5435,47.8453
53455,3147,3229,3481,3510,3313,3782,4125,4067,3561,4255,6597,5988,3589,4708,7889,7237,17.9306,13.4889,8.84075,48.3187
53456,3411,3876,6440,11955,3434,3825,4738,5972,3360,3467,3781,3948,3157,3266,3417,3472,-29.1311,24.7964,8.52469,47.6793
53457,3542,3693,3393,3383,4142,4724,4025,3547,5109,7919,5323,3926,4919,6091,4599,3842,10.7441,-6.90115,8.50952,48.118
53458,4746,6921,6826,4404,4303,6217,6038,4109,3640,3971,4030,3613,3352,3397,3359,3378,-16.9141,-0.245016,8.97908,48.2027
53459,3410,3567,3214,3145,4081,3913,3547,3377,6037,5623,4088,3573,8756,7970,4466,3539,22.0838,-16.3058,8.78665,48.204
53460,3561,3605,3477,3309,4292,4600,3832,3406,6071,7766,4594,3599,5618,6469,4349,3637,12.4603,-11.0683,8.71377,48.1233
53461,8108,7444,4404,3627,6557,5974,4158,3564,3947,4087,3653,3340,3420,3468,3325,3114,-18.7734,-16.1776,8.7535,48.1267
53462,3111,3502,3914,4096,3340,3889,5005,5693,3519,4213,6775,7898,3405,3777,4879,5467,6.13889,17.5077,8.65571,48.322
53463,3485,3372,3291,3015,3923,3833,3410,3201,6021,4662,3827,3393,12512,5898,3913,3381,29.6263,-32.3234,8.78816,47.4247
53464,5298,5192,4010,3440,7084,7273,4235,3545,5126,5162,3831,3449,3989,3783,3545,3230,-7.02191,-14.7978,8.61094,48.128
53465,3432,4019,6692,10257,3437,3901,5366,7056,3258,3520,4009,4214,3102,3192,3456,3426,-19.9719,21.054,8.914,48.2247
53466,3491,4529,8212,8846,3521,4151,5544,5852,3339,3618,3980,4003,3087,3238,3503,3413,-22.2122,15.7893,8.72537,48.218
53467,3377,3342,3273,3068,3947,3712,3430,3347,5957,4878,3891,3376,11619,7066,4103,3443,29.2011,-21.8346,8.91574,47.886
53468,5941,4618,3661,3347,9794,5179,3812,3450,6268,4543,3635,3253,4083,3892,3395,3232,-6.1923,-32.3376,8.66356,48.0687
53469,3603,3660,3571,3450,3942,4940,4708,3773,4431,7235,6711,4218,4131,5152,4863,3890,7.68511,-1.23795,8.96137,48.1853
53470,6160,9816,6026,4000,4792,5199,4397,3864,3676,4000,3595,3405,3387,3312,3139,3305,-30.0753,-7.19754,8.76266,48.0487
53471,3753,4350,5737,5183,3625,4837,7914,6254,3444,3970,4862,4494,3137,3395,3706,3698,-9.5906,10.6106,8.71925,48.2393
53472,3575,3508,3222,3137,4479,3947,3605,3286,8463,5144,3722,3357,9714,5593,3809,3269,16.5065,-28.8857,8.83037,47.8867
53473,4180,5235,5710,4373,4101,6406,7267,4549,3669,4301,4606,3841,3354,3598,3659,3463,-11.2014,1.91497,8.75876,48.208
53474,4277,7073,9139,5392,3974,4798,5189,4353,3491,3673,3801,3622,3229,3382,3356,3246,-26.4233,3.58558,8.76055,47.9967
53475,3295,3460,3878,4172,3332,3585,4729,6860,3380,3684,5215,9546,3319,3607,4504,5548,4.10965,32.0644,8.75466,48.076
53476,3289,3378,3261,3332,3563,3660,3781,3565,4216,4940,4928,4130,4736,8390,8130,4683,30.286,-0.342205,8.94911,47.988
53477,3065,3557,4100,4237,3442,3876,5421,6084,3515,4084,6623,7706,3338,3755,4747,4941,4.10451,17.1149,8.91911,48.3273
53478,3460,4114,6921,11818,3369,3790,4923,6265,3287,3467,3776,3933,3050,3231,3399,3281,-25.5473,22.6941,8.97191,48.056
53479,3911,3682,3358,3111,5755,4257,3591,3283,9900,5338,3837,3449,6870,4784,3876,3323,8.88888,-27.8479,8.62354,48.2167
53480,3599,3427,3288,3081,4506,4116,3507,3220,8990,5146,3774,3387,9128,5272,3913,3359,15.5011,-29.8045,8.95707,47.8087
53481,12191,6656,3996,3353,6275,4814,3719,3301,3892,3694,3375,3372,3306,3417,3247,3056,-26.5907,-24.4339,8.87573,47.776
53482,3762,3754,3357,3156,4909,4562,3861,3377,7776,6810,4151,3440,6322,5752,4005,3457,11.2239,-16.8346,8.55525,48.3007
53483,5085,9076,7383,4475,4278,5116,4673,3970,3698,3771,3686,3460,3275,3295,3275,3114,-31.0564,-2.65978,8.94728,47.7533
53484,3413,3343,3285,3114,3892,3956,3443,3220,5432,5207,4052,3430,9148,8576,4582,3568,32.6813,-15.8165,8.56959,47.774
53485,3188,3340,3345,3289,3452,3670,3802,3701,3941,4718,5211,4567,4350,6743,9509,5519,33.3146,4.23887,8.96972,48.23
53486,5361,5529,4142,3462,6574,7739,4560,3618,4851,4914,3830,3349,3777,3749,3484,3197,-8.6185,-13.0515,8.85534,48.0907
53487,3446,4029,6324,12474,3410,3763,4753,6306,3124,3582,3742,4013,3069,3191,3376,3356,-26.3079,27.2198,8.81281,47.972
53488,7689,7101,4344,3508,6764,6320,4137,3548,4222,4085,3584,3370,3480,3503,3266,3203,-16.8843,-15.8464,8.81503,48.0827
53489,4598,5306,4315,3577,5397,8112,5264,3840,4462,5152,4201,3575,3738,3779,3616,3330,-7.14369,-7.8255,8.6868,48.1747
53490,3967,3776,3389,3220,5732,4430,3543,3177,9652,5519,3994,3288,6531,4852,3780,3287,8.48535,-25.9043,8.50692,48.0913
53491,3788,4763,7740,6178,3751,4769,7018,5545,3441,3749,4308,4037,3144,3344,3390,3506,-16.9358,10.2358,8.52414,48.314
53492,12312,6410,3895,3314,5993,4765,3870,3215,3953,3811,3348,3157,3431,3373,3128,3033,-29.6006,-26.0963,8.74982,47.3387
53493,3575,3610,3287,3038,4636,4046,3618,3203,8920,5237,3877,3419,9104,5514,3831,3342,15.2082,-27.5206,8.90089,48.1713
53494,3334,3323,3313,3169,3681,3746,3696,3432,4574,5163,4755,3872,5837,9518,6498,4150,32.2779,-5.42479,8.70622,48.0407
53495,4300,5263,4934,4015,4535,7485,6364,4079,4035,4846,4607,3789,3444,3704,3702,3536,-8.51827,-2.32598,8.55739,48.4253
53496,4074,6422,9922,6063,3711,4539,5148,4450,3398,3584,3759,3606,3125,3344,3383,3295,-29.2965,6.19247,8.98438,47.882
53497,3688,3786,3488,3188,4897,4980,3840,3504,6785,7617,4489,3533,5533,5511,4038,3527,8.9352,-13.6886,8.59652,48.2693
53498,3615,3757,3571,3294,4336,5089,4090,3565,5654,8189,5023,3726,4821,5561,4321,3613,8.79834,-8.71995,8.6873,48.15
53499,10809,5867,3813,3306,7907,4962,3834,3288,4322,3953,3456,3247,3508,3537,3189,3058,-19.1916,-27.685,8.99321,48.0373
53500,3255,3433,4073,4588,3319,3901,4834,7774,3366,3696,5083,8847,3293,3566,4178,5134,1.65,27.5557,8.77425,48.2267
53501,3712,5280,9720,7066,3650,4385,5298,4964,3352,3677,3860,3730,3237,3246,3365,3384,-33.8249,10.3814,8.57448,47.9507
53502,7944,9889,4957,3709,5063,5192,4159,3580,3896,3759,3522,3306,3358,3381,3303,3157,-30.1108,-12.5945,8.95282,48.1167
53503,9939,7954,4317,3541,5891,5234,3852,3481,3888,3850,3491,3175,3378,3335,3347,3103,-24.1533,-17.4792,8.966,47.8507
53504,3738,3697,3341,3196,5458,4137,3538,3335,9891,5428,3771,3443,7008,4942,3769,3262,10.0036,-27.2802,8.97036,47.9693
53505,3397,3643,3401,3215,4158,4373,3843,3497,5709,7631,4750,3721,5760,6889,4768,3732,13.8342,-9.95274,8.71971,48.3247
53506,3194,3361,3301,3182,3665,3786,3680,3401,4588,5174,4569,3864,5807,9824,6496,4116,28.2943,-5.7621,8.83901,48.0053
53507,4045,3727,3395,3191,6309,4586,3714,3199,9781,5197,3775,3314,6023,4564,3699,3371,6.08195,-31.2268,8.53646,47.9267
53508,3258,3418,3283,3447,3495,3885,4098,3784,3963,5212,6588,4729,4213,5909,7837,5137,17.6106,4.31842,8.78284,48.1707
53509,3348,3696,4238,4304,3469,4172,6362,6137,3507,4302,6602,6428,3315,3717,4380,4571,0.845231,14.2335,8.93914,48.3653
53510,3340,4048,6181,8268,3588,3994,5940,8118,3146,3505,4137,4453,3082,3259,3457,3660,-15.3672,20.3041,8.72592,48.1173
53511,4379,7637,9122,5167,4096,4720,5059,4312,3502,3670,3742,3609,3206,3275,3333,3246,-28.7813,2.06027,8.9824,48.05
53512,3197,3328,3395,3414,3350,3770,4008,3785,3577,4248,5838,5429,3620,4905,8806,7419,21.4608,12.3186,8.70687,48.0593
53513,7064,9966,5264,3764,4932,5398,4330,3659,3738,3862,3661,3336,3195,3350,3318,3205,-26.6346,-9.98142,8.74307,48.028
53514,3393,3442,3306,3120,3853,3763,3604,3318,5222,5177,4175,3534,8198,9355,5068,3658,27.3263,-13.1151,8.59002,48.124
53515,3344,3785,4352,4681,3429,4046,6099,7484,3430,3881,5637,6787,3247,3530,4149,4376,-1.55232,18.125,8.97896,48.1713
53516,3148,3364,3787,3899,3243,3817,4728,5029,3439,4090,6927,7937,3515,3891,5462,6147,9.57878,17.1499,8.79954,48.282
53517,3845,3768,3349,3329,5411,4541,3592,3327,8873,6081,3924,3479,6443,5020,3880,3381,9.06241,-21.466,8.71258,48.162
53518,3191,3551,3933,4370,3356,3852,5362,6473,3344,4091,6079,7820,3363,3765,4453,4930,2.99551,18.9256,8.76037,47.9553
53519,3841,4124,3732,3365,4778,6325,4507,3721,5210,7737,5005,3694,4156,4736,4041,3488,2.82259,-7.45164,8.90949,48.3067
53520,12710,6107,3978,3421,6054,4740,3818,3274,4042,3774,3378,3163,3466,3325,3283,3152,-31.8008,-27.6132,8.79029,47.79
53521,3314,3406,3342,3224,3774,3784,3652,3322,4890,5318,4130,3645,7253,9666,5384,3673,27.5119,-10.8165,8.53536,47.8513
53522,4467,4139,3526,3050,6971,5541,3823,3456,8023,5761,3811,3350,4917,4354,3621,3199,1.94134,-20.6428,8.90103,48.006
53523,11780,6390,3902,3427,6777,4831,3798,3450,4100,3776,3482,3241,3393,3365,3193,2967,-23.9132,-25.8754,8.59987,47.9147
53524,3525,4418,8251,10089,3450,4014,5190,5707,3204,3563,3861,3927,3145,3223,3368,3272,-26.7708,17.6792,8.95446,48.138
53525,3757,3608,3349,3190,5665,4371,3637,3370,9900,5145,3873,3299,6751,4872,3738,3400,9.44876,-30.6822,8.69098,47.95
53526,3599,4464,8709,9469,3432,4057,5019,5406,3287,3583,3851,3877,3191,3261,3351,3460,-32.3588,15.9562,8.83945,48.0107
53527,3270,3394,3302,3291,3563,3754,3661,3481,4381,5138,4718,4030,5069,9043,7351,4432,32.5863,-2.43979,8.78774,47.9187
53528,11853,6670,4036,3433,6108,4916,3860,3262,3913,3745,3549,3287,3342,3322,3120,3139,-27.7458,-23.9369,8.77576,47.7033
53529,3348,3964,6561,12100,3318,3716,4812,6144,3183,3416,3671,3964,3215,3257,3403,3380,-33.9903,24.1444,8.79682,47.6347
53530,3121,3389,3900,4009,3298,3540,4316,5947,3339,3826,5176,9900,3264,3759,4681,6297,7.55617,28.8536,8.56125,47.8413
53531,3241,3201,3378,3395,3240,3297,3729,3904,3377,3715,4807,6001,3356,3928,5995,12566,28.158,32.0957,8.64069,47.42
53532,3267,3583,3846,3871,3395,3813,5193,5280,3474,4177,7049,7592,3375,4023,4953,5402,6.43345,15.9911,8.75849,48.1953
53533,3236,3272,3365,3463,3389,3393,3686,3884,3388,3717,4715,5918,3429,3789,5892,12488,32.0209,31.8247,8.79252,47.3493
53534,3072,3389,3700,3854,3343,3707,4295,5480,3363,3877,5510,9523,3315,3591,4926,7118,9.94652,25.3397,8.5577,48.042
53535,3223,3220,3548,3620,3330,3493,4066,4962,3339,3831,5246,9438,3267,3868,5300,8253,13.1632,28.9941,8.9727,48.0027
53536,5456,9629,7114,4251,4462,5241,4614,3974,3538,3788,3683,3395,3289,3321,3327,3137,-30.0083,-3.80323,8.9471,48.146
53537,3396,3569,3466,3229,3927,4372,4011,3425,5122,7634,5356,3963,5172,6966,5127,3833,13.715,-6.26059,8.97491,48.3787
53538,3866,5222,7729,5529,3779,4830,6924,5257,3438,3783,4124,3846,3205,3348,3463,3484,-16.6781,7.80844,8.7458,47.8847
53539,3345,3757,4312,5134,3470,3825,5014,9232,3398,3740,4738,7395,3244,3327,4027,4321,-2.90216,31.3558,8.80471,48.186
53540,3887,5226,8761,6438,3701,4484,6497,5216,3345,3694,4093,3887,3192,3291,3455,3342,-19.5238,10.2413,8.92125,48.3393
53541,3327,3626,3680,3607,3627,4197,5056,4198,3784,5335,8251,5293,3634,4498,5694,4649,8.74095,6.98359,8.88115,48.304
53542,3131,3337,3467,3389,3281,3308,3752,3877,3375,3823,4672,5896,3394,3930,6635,12528,30.291,25.2717,8.84016,47.8633
53543,3321,3358,3246,3176,3727,3914,3639,3319,4978,5372,4330,3689,7057,9826,5420,3804,26.2182,-10.367,8.85861,48.1173
53544,3684,5154,9872,7379,3636,4337,5383,4997,3310,3613,3767,3672,3180,3279,3396,3323,-31.187,11.1825,8.92176,47.988
53545,3986,3767,3348,3117,5646,4953,3708,3353,8181,6726,4131,3455,5744,4887,3918,3286,7.05932,-18.126,8.93406,48.1373
53546,3119,3375,3402,3346,3354,3478,3824,3926,3405,3808,4724,5992,3308,4017,6269,12513,32.5621,26.6884,8.65972,47.9067
53547,3078,3227,3506,3556,3252,3567,4040,4619,3367,3829,5356,8857,3405,3862,5596,9032,15.5563,24.9499,8.94286,48.0993
53548,3977,6072,10005,6313,3843,4431,5316,4707,3561,3630,3883,3575,3175,3260,3342,3225,-28.7516,7.34418,8.7655,48.21
53549,7181,5900,4055,3396,8011,6368,4090,3601,4645,4351,3567,3335,3698,3546,3347,3144,-13.0704,-18.5903,8.79426,48.1567
53550,3318,3521,3530,3378,3792,4243,4156,3698,4434,6761,6737,4295,4282,6005,5956,4285,13.2936,-0.370768,8.84002,48.2607
53551,3215,3446,4046,4318,3284,3665,4646,6903,3413,3705,5439,9214,3377,3703,4236,5633,4.11713,25.5577,8.54078,48.162
53552,3118,3353,3620,3751,3288,3604,4321,5091,3451,3853,5282,9743,3381,3795,5121,7440,11.4178,33.031,8.86481,48.1413
53553,3560,4244,6337,7388,3476,4118,6434,7227,3357,3610,4364,4446,3206,3364,3610,3595,-14.7355,17.1597,8.67366,48.224
53554,3831,4384,4460,3807,4115,6387,6528,4293,4029,5566,5408,4092,3652,3947,3936,3693,-3.18991,0.106945,8.59139,48.0853
53555,7011,9627,5324,3687,4905,5322,4315,3576,3859,3852,3655,3383,3413,3387,3255,3283,-33.7289,-9.85319,8.63645,47.9027
53556,4110,3848,3541,3172,5842,4833,3715,3352,8137,6451,3972,3472,5533,4823,3748,3417,5.74976,-18.8008,8.64956,47.9773
53557,3767,5269,9719,7475,3489,4267,5133,5016,3407,3552,3726,3739,3137,3266,3412,3396,-30.4197,10.9889,8.97775,47.8467
53558,3359,3337,3150,3148,3862,3839,3434,3288,5954,4885,3790,3286,12093,6455,3987,3428,31.3266,-23.7503,8.69122,47.53
53559,6445,4776,3747,3373,9970,5363,3871,3357,5822,4426,3624,3249,3882,3646,3369,3140,-8.35918,-27.0058,8.78512,48.04
53560,3970,3856,3361,3109,6178,4733,3651,3236,9446,5621,3861,3438,5954,4697,3666,3337,6.21636,-24.6164,8.66473,48.076
53561,3379,3410,3222,3076,4114,3788,3341,3236,6817,4918,4006,3324,11618,6292,3924,3392,23.1621,-25.9797,8.51402,47.9047
53562,3283,3464,3307,3265,3656,3839,3506,3409,4938,5166,4335,3623,6819,10019,5607,3846,31.1143,-9.60527,8.84781,48.0547
53563,11391,5801,3909,3347,7274,4997,3731,3392,4032,3850,3507,3224,3267,3410,3311,3178,-21.14,-33.2318,8.88118,47.7473
53564,3102,3267,3451,3709,3321,3646,4253,4596,3426,3923,5788,8081,3473,4039,5881,8415,14.9599,21.3049,8.75723,48.2473
53565,3151,3273,3452,3433,3206,3604,3878,3883,3501,3993,5166,5507,3567,4390,8587,9364,31.5167,15.8898,8.77905,47.97
53566,3269,3684,4495,5743,3403,3771,5385,9470,3302,3720,4673,6537,3257,3364,3863,4141,-5.10343,25.3899,8.84361,48.0513
53567,3667,4080,4138,3882,3869,5377,6342,4420,4094,5617,6684,4492,3715,4114,4221,3758,0.535836,2.74293,8.56834,48.3133
53568,3207,3575,3990,4200,3315,3768,5197,6205,3368,3964,6337,8317,3376,3671,4710,5451,4.56742,19.2942,8.83146,48.434
53569,3388,3314,3290,3128,3972,3720,3320,3212,5998,4723,3756,3335,12798,6059,3919,3357,30.7515,-27.6145,8.90291,47.526
53570,3254,3619,4334,4706,3460,3963,5979,7365,3496,3961,5727,7068,3285,3606,4208,4547,-0.685428,18.8525,8.85541,48.3853
53571,6117,5353,3975,3463,8195,6459,4027,3487,5089,4601,3653,3404,3841,3776,3414,3194,-9.4028,-18.6075,8.61093,48.032
53572,3387,3328,3187,3031,3961,3861,3475,3229,5881,4835,3800,3358,11547,7042,4095,3450,31.9089,-21.5235,8.69318,47.6447
53573,3590,3714,3576,3415,4162,5109,4346,3646,4899,8075,5972,3928,4400,5313,4521,3774,8.10506,-4.52354,8.94523,48.2933
53574,3127,3351,3550,3718,3277,3653,4134,4913,3407,3875,5247,9128,3306,3789,5207,8252,13.5386,28.5766,8.53008,47.956
53575,6773,7017,4455,3588,6332,6741,4316,3591,4308,4307,3816,3396,3491,3436,3373,3160,-15.6029,-14.4832,8.55787,48.0667
53576,6241,9672,6056,4047,4581,5219,4467,3776,3605,3872,3568,3447,3362,3315,3255,3253,-31.6196,-7.13081,8.57306,47.824
53577,3990,3690,3613,3373,4888,5398,4065,3403,6385,7558,4545,3549,4924,5138,3977,3495,6.23457,-12.551,8.63709,47.994
53578,11807,6702,3977,3407,5909,4919,3928,3471,4033,3768,3437,3162,3396,3353,3307,3191,-32.104,-23.4345,8.58803,47.8447
53579,5409,4567,3708,3334,8561,5858,3901,3457,6544,4978,3797,3349,4185,3925,3502,3179,-4.19779,-21.3248,8.54071,48.1693
53580,4322,5870,6374,4650,4084,6123,6945,4441,3565,4046,4222,3772,3356,3584,3499,3465,-14.2214,1.79749,8.96144,48.212
53581,3870,3780,3469,3169,5383,4719,3740,3403,8283,6778,4084,3482,5910,4977,3912,3411,7.96292,-18.1657,8.78719,48.2467
53582,4606,5367,4376,3635,5452,8179,5066,3729,4322,5306,4118,3613,3762,3920,3623,3321,-7.56949,-7.94913,8.68117,48.2633
53583,3978,3816,3453,3187,5872,4491,3671,3224,9935,5281,3784,3295,6423,4807,3636,3329,7.91447,-32.2581,8.57344,48.1213
53584,3576,4890,9547,8186,3536,4221,5199,5209,3267,3579,3881,3802,3160,3257,3293,3480,-30.1467,13.1362,8.83104,48.0553
53585,8161,6459,4238,3481,7436,5948,4059,3385,4400,4166,3613,3330,3629,3444,3275,3089,-15.9353,-19.2044,8.8537,48.0753
53586,3436,3971,6610,11954,3409,3914,4829,6150,3186,3536,3906,3861,3096,3244,3404,3422,-26.4735,24.2327,8.63527,47.952
53587,3268,3815,4646,5731,3358,3823,5666,9124,3337,3649,4757,6556,3128,3524,3939,4163,-5.45139,23.8547,8.55316,48.3227
53588,3281,3365,3414,3230,3718,3955,3704,3375,4827,6403,4677,3846,6111,8875,5481,3967,19.934,-8.15141,8.87396,48.1527
53589,3349,3607,4250,4166,3509,4282,6349,5666,3491,4342,7076,5951,3430,3849,4469,4497,1.41739,12.4534,8.66073,48.1887
53590,3395,4000,5774,10967,3439,3794,5010,7498,3167,3439,3938,4302,3081,3253,3330,3371,-19.6887,30.3651,8.93629,47.8387
53591,3265,3797,5025,6984,3463,3887,5619,9590,3364,3619,4322,5413,3137,3276,3624,3897,-10.4744,24.3042,8.77213,48.188
53592,7024,9833,5637,3886,4968,5339,4214,3678,3686,3805,3587,3319,3302,3324,3198,3157,-26.3178,-9.513,8.589,47.9713
53593,6569,4922,3611,3268,9855,5563,3861,3442,5735,4362,3586,3294,3958,3784,3340,3077,-8.5304,-25.6848,8.7405,48.1513
53594,3271,3442,3321,3226,3512,3743,3725,3471,4268,5332,5003,4085,5100,9008,7345,4394,24.8764,-2.46739,8.94921,48.164
53595,8836,6327,4056,3420,7916,5543,4095,3383,4397,4142,3704,3233,3491,3523,3237,3021,-16.6039,-21.064,8.74884,48.216
53596,3988,5530,9954,6837,3711,4400,5417,4931,3401,3539,3840,3755,3037,3253,3492,3311,-26.6633,9.43861,8.76684,48.264
53597,4738,5555,4435,3574,5503,8089,5024,3767,4312,5214,4009,3604,3637,3797,3464,3277,-8.48261,-8.04943,8.64924,47.9993
53598,3812,5313,9614,7323,3813,4269,5471,5056,3332,3558,3955,3754,2957,3295,3377,3362,-25.7993,10.8163,8.53049,48.174
53599,3281,3765,4851,5894,3469,4024,6163,8985,3305,3605,4897,5720,3273,3423,3926,3907,-7.21779,20.673,8.92366,48.3253
53600,3170,3271,3635,3664,3149,3569,4034,4738,3292,3778,5152,8995,3378,3914,5384,8963,14.7012,33.0853,8.68741,48.0573
53601,3555,4679,9091,8505,3474,4206,5239,5431,3347,3488,3946,3905,3193,3293,3436,3372,-33.1563,13.8635,8.703,48.1067
53602,3359,3448,3496,3305,3785,4150,4093,3612,4513,6903,6016,4031,4663,6600,5886,4211,14.0913,-2.05112,8.82857,48.0473
53603,5905,7264,4780,3770,5717,7274,4600,3787,4108,4347,3797,3354,3529,3525,3346,3127,-15.4137,-10.2551,8.84549,48.1533
53604,7651,9086,4886,3709,5491,5813,4278,3615,3847,3866,3591,3329,3443,3350,3314,3087,-22.3395,-12.6421,8.86591,48.2373
53605,8747,5968,4100,3325,8040,5716,3954,3516,4481,4233,3562,3191,3561,3441,3219,3069,-16.0898,-21.495,8.78329,48.082
53606,3106,3344,3519,3802,3347,3614,4416,5493,3344,3854,5805,9342,3397,3858,5100,6749,9.87692,22.5883,8.98212,48.06
53607,3911,3653,3357,3274,5738,4362,3668,3284,9801,5264,3847,3456,6530,4757,3701,3264,8.60013,-30.863,8.63896,47.9113
53608,6417,7927,4900,3790,5497,6841,4574,3730,3983,4150,3659,3324,3473,3543,3266,3155,-17.3163,-10.268,8.57174,48.1527
53609,3499,3658,3639,3476,3879,4843,4705,3836,4350,7005,6744,4257,4170,5119,5014,3987,7.74251,-0.744623,8.54185,48.1207
53610,3489,3962,4396,4100,3598,4669,7034,5164,3573,4648,6913,5262,3502,3723,4242,4138,0.0151898,8.76824,8.9711,48.2753
53611,6104,5152,3939,3394,8663,6497,4089,3452,5288,4596,3624,3344,3967,3710,3350,3183,-9.07235,-19.0403,8.80043,48.2347
53612,3866,4372,4498,3914,4287,6552,6536,4290,4039,5454,5419,3942,3688,4071,3900,3714,-3.38825,-0.238495,8.67193,48.3613
53613,3532,4252,8179,10020,3450,3974,5134,5593,3250,3502,4006,3984,3094,3177,3429,3506,-33.3254,17.5133,8.73823,48.0547
53614,3758,4848,7174,5462,3845,4926,7608,5487,3383,3725,4406,4093,3220,3422,3464,3428,-13.9935,8.53515,8.86789,48.166
53615,4403,5031,4261,3763,5283,7995,5462,3830,4354,5388,4298,3672,3770,3864,3641,3323,-6.2925,-6.80921,8.58352,48.2253
53616,3832,3595,3420,3186,4684,4333,3733,3436,7642,6765,4240,3566,6273,5802,4085,3512,11.3424,-16.8267,8.66409,48.0693
53617,3828,4227,3925,3550,4392,6408,4998,3877,4585,6975,5467,3841,4049,4454,4199,3663,1.79113,-4.29289,8.56678,48.292
53618,3584,3526,3333,3112,4161,4311,3651,3515,5768,6965,4612,3522,6464,7640,4670,3669,16.3555,-11.4565,8.84908,48.3353
53619,3701,3611,3318,3073,5183,4313,3544,3264,9702,5125,3729,3341,7496,5146,3703,3482,11.3999,-28.3355,8.87717,47.8207
53620,3346,3767,5083,7194,3352,3924,5387,9646,3185,3628,4320,5403,2978,3288,3787,3921,-10.2896,25.5986,8.60426,48.1393
53621,3304,3720,4750,5759,3322,3980,5920,9150,3248,3720,4811,6141,3139,3471,3711,4112,-5.8352,21.3955,8.98464,48.172
53622,3212,3135,3483,3386,3328,3588,3888,3981,3414,4081,5268,5321,3533,4763,9172,8543,33.2572,14.1496,8.68567,48.064
53623,3270,3423,3377,3185,3684,4099,3904,3536,4533,6530,5432,4078,5011,7680,6271,4351,18.0725,-2.57277,8.9632,48.2427
53624,3411,4011,6577,10554,3429,3862,5335,6876,3147,3474,3900,4195,3137,3202,3419,3404,-20.8911,22.1954,8.78539,47.9553
53625,3155,3367,3749,3650,3507,3859,4894,4335,3725,4760,8140,5976,3607,4484,6152,5313,10.8298,10.4194,8.98794,48.4487
53626,3394,4039,5633,6601,3507,4138,6807,8004,3320,3762,4581,4927,3218,3360,3621,3680,-11.2734,17.6483,8.87284,48.3947
53627,3810,3633,3197,3120,5351,4393,3590,3297,10012,5125,3759,3479,7109,4937,3748,3283,10.351,-31.7721,8.9383,47.8953
53628,3526,3836,4647,4536,3581,4558,7455,6155,3544,4146,5905,5365,3334,3671,3963,4066,-3.35617,12.1468,8.77095,48.192
53629,3407,3425,3230,3097,3964,3771,3533,3169,6184,4897,3860,3306,11773,6952,4037,3407,26.3205,-22.747,8.78306,48.008
53630,7065,5234,3763,3467,8997,6045,3938,3429,5081,4460,3571,3196,3820,3664,3346,3137,-10.6862,-21.9715,8.64394,48.142
53631,3686,5168,9531,7356,3683,4295,5256,5148,3355,3500,3854,3828,3172,3239,3451,3246,-33.6541,11.2056,8.50187,47.8453
53632,3282,3547,3424,3293,3586,4063,4105,3613,4347,6124,6252,4319,4626,6811,6571,4492,16.3379,-0.30148,8.83048,48.3033
53633,3209,3497,3719,3846,3403,3749,4801,4708,3533,4252,7454,7042,3479,4053,5711,5749,10.0858,14.5017,8.87534,48.1367
53634,3011,3203,3351,3450,3153,3613,3866,4092,3430,3881,5201,6630,3390,4231,6971,10659,22.3052,21.0692,8.80907,48.088
53635,3587,4406,5972,5531,3592,4788,7784,6356,3403,3836,4652,4360,3196,3437,3607,3723,-10.7255,11.9608,8.55008,48.1533
53636,5486,4425,3683,3226,9129,5384,3754,3298,7051,4794,3721,3376,4368,3945,3381,3031,-3.75089,-26.4537,8.62044,48.0347
53637,3238,3454,3378,3226,3777,3853,3704,3367,4740,5945,4683,3764,5575,9283,6220,4110,22.4859,-6.06769,8.88102,48.2113
53638,3726,4770,6995,5293,3886,4942,7557,5447,3450,3875,4443,4067,3168,3441,3532,3462,-13.7972,8.40485,8.59076,48.036
53639,3279,3285,3452,3126,3625,3857,3872,3533,4370,5579,5323,4114,4817,8010,7049,4482,20.8127,-1.64972,8.75325,47.8487
53640,3112,3185,3419,3409,3227,3335,3880,4037,3360,3784,4926,6531,3373,4016,6310,12065,24.5,26.3663,8.64607,47.9793
53641,3466,4194,7378,10754,3433,3860,4940,6176,3245,3539,3765,4022,3185,3268,3396,3385,-26.1563,20.1676,8.57272,48.004
53642,5716,4701,3716,3321,8916,5971,3847,3358,6240,4781,3699,3351,4187,3871,3362,3119,-5.72621,-21.1209,8.76769,48.104
53643,3123,3300,3438,3468,3312,3576,3970,3906,3771,4406,6471,5299,3694,5152,8715,6686,19.7558,10.532,8.94909,48.1913
53644,5283,4303,3543,3220,9001,5159,3752,3403,7455,4858,3768,3201,4443,4086,3473,3278,-2.57074,-28.5976,8.72485,48.1507
53645,10492,5603,3884,3385,7963,5012,3781,3431,4371,3883,3529,3294,3450,3505,3297,3079,-18.3449,-30.5618,8.87122,47.9727
53646,3316,3428,3399,3381,3448,3715,3812,3483,4046,4796,5046,4208,4495,7657,8773,4905,33.7115,1.72363,8.89023,47.9387
53647,3160,3463,3784,3920,3312,3757,4400,6098,3409,3769,5270,9815,3239,3640,4648,6270,7.40628,31.068,8.58638,47.9693
53648,3344,3670,4058,4092,3517,4119,5951,5306,3645,4452,7424,6113,3407,3948,4700,4580,3.3713,12.5192,8.54832,48.2173
53649,4098,3867,3418,3124,6242,4485,3710,3235,9404,5703,3994,3537,5920,4710,3721,3285,6.50924,-23.5994,8.58304,48.302
53650,3463,3351,3213,3107,4131,3807,3514,3163,6572,4942,3833,3341,11386,6687,4087,3497,24.0114,-23.4224,8.75476,48.0627
53651,3161,3441,3961,4258,3259,3673,4770,7117,3309,3789,5346,9155,3331,3597,4462,5371,3.07318,25.9595,8.5189,48
53652,10903,7461,4121,3285,5808,5002,3909,3385,4000,3871,3486,3345,3432,3416,3295,3167,-32.2953,-20.6058,8.65107,47.924
53653,3457,4058,6486,9879,3411,3917,5424,7379,3417,3522,3957,4358,3033,3248,3461,3438,-18.97,21.7749,8.97895,48.2967
53654,12856,5847,3789,3209,6156,4632,3699,3385,3948,3696,3377,3207,3341,3404,3233,3235,-32.7533,-29.0512,8.98472,47.3427
53655,3265,3595,4715,5891,3396,3861,5275,9568,3220,3740,4517,6342,3172,3491,3837,4203,-6.07196,27.5673,8.75703,48.0587
53656,3419,3386,3212,3058,3910,3771,3472,3237,5793,4895,4059,3372,10722,7858,4344,3531,29.0407,-18.9007,8.83263,48.026
53657,3096,3246,3360,3546,3225,3483,3701,4041,3413,3885,4836,6330,3183,3885,6310,12529,27.5835,26.6577,8.80579,48.046
53658,3930,3744,3471,3245,6050,4486,3624,3188,9919,5195,3886,3305,6139,4724,3700,3253,7.44516,-32.3938,8.80682,47.906
53659,3719,4093,4167,3651,4094,5643,5810,4193,4267,6302,6281,4095,3824,4215,4308,3765,1.45643,0.0110053,8.89371,48.2847
53660,3425,3284,3156,3138,3901,3833,3386,3188,6187,4797,3856,3439,12406,5966,4001,3448,26.0249,-30.9956,8.73254,47.6073
53661,3322,3374,3473,3372,3666,3903,3923,3685,4156,5784,6111,4356,4434,6734,7397,4760,18.1285,1.03887,8.94048,48.3
53662,11379,6629,4057,3313,6736,5071,3863,3340,4025,3960,3534,3232,3407,3249,3238,3098,-22.9318,-22.8155,8.96874,48.0873
53663,5478,8782,6208,4122,4819,6087,4880,3744,3778,3916,3784,3471,3343,3304,3373,3160,-21.2015,-5.32726,8.84993,48.166
53664,5778,4667,3672,3289,9544,5347,3886,3469,6546,4650,3592,3429,4192,3864,3391,3291,-5.51199,-25.8578,8.68501,48.4047
53665,3265,3640,4394,4702,3346,3873,5736,7638,3407,3981,5565,7176,3231,3611,4149,4577,-0.98719,19.7408,8.89138,48.194
53666,3670,3792,3637,3250,4156,4940,4299,3653,4976,7804,5654,3933,4455,5332,4643,3859,8.17321,-4.50658,8.58793,48.0353
53667,3353,4085,6846,11768,3401,3925,4769,5929,3159,3457,3802,3867,3086,3233,3374,3401,-31.3711,23.119,8.59568,47.6367
53668,3789,4562,5721,4616,3824,5291,8094,5287,3522,4139,4845,4206,3316,3517,3737,3688,-9.49862,7.22529,8.68552,48.1027
53669,3088,3274,3470,3717,3264,3653,4322,4910,3400,3927,6070,8781,3382,3927,5514,7354,11.9736,20.6342,8.97558,48.0353
53670,3731,5288,9727,7346,3635,4217,5274,4992,3287,3660,3884,3819,3230,3261,3366,3342,-30.7486,10.7552,8.55851,48.0393
53671,3230,3377,3378,3190,3656,4023,3968,3636,4486,6349,5619,4055,4875,7453,6582,4327,17.9337,-2.15212,8.8523,48.136
53672,3406,3448,3876,3947,3465,4034,5381,4888,3622,4386,7765,6348,3494,4148,5174,4916,6.23273,12.1629,8.50769,48.1987
53673,3658,5225,9488,7733,3591,4337,5248,5169,3314,3581,3873,3719,3233,3301,3351,3327,-28.5601,12.0508,8.57317,48.0987
53674,3657,3849,4031,3817,3845,4961,5976,4407,3870,5728,7365,4683,3629,4260,4691,4051,3.36034,4.1874,8.96428,48.5467
53675,3708,3630,3302,3195,5080,4269,3619,3346,9917,5066,3815,3326,7551,5049,3813,3295,11.5486,-32.9426,8.9848,47.9873
53676,8315,9414,4858,3635,5288,5176,4157,3634,3770,3822,3456,3237,3212,3401,3304,3179,-31.1656,-13.4747,8.85317,47.9053
53677,3435,3458,3242,3109,4192,3924,3461,3344,7218,5163,3709,3324,10746,6161,4044,3420,20.6786,-24.522,8.58248,47.9667
53678,3206,3633,3924,4023,3412,3982,5446,5380,3538,4222,7213,6945,3487,3832,4986,4885,5.45188,14.5799,8.72965,48.076
53679,8484,5334,3712,3420,9090,5438,3857,3280,4891,4100,3440,3235,3672,3598,3288,3060,-13.7945,-26.1073,8.55146,47.9327
53680,3660,3569,3291,3054,4739,4085,3573,3303,8547,5466,3865,3469,8796,5724,3909,3397,15.2642,-24.0296,8.68562,48.298
53681,4277,5333,5161,4093,4217,6991,6709,4396,3841,4673,4548,3816,3507,3576,3669,3470,-8.92548,-0.551415,8.70716,48.1847
53682,3157,3387,3432,3290,3302,3589,3828,3798,3610,4132,5191,5034,3643,5388,9977,7353,30.7622,10.6229,8.98855,48.074
53683,3727,4298,4610,4184,3924,5806,7239,4691,3822,4932,5939,4270,3559,3842,4015,3726,-3.4285,3.63764,8.53212,48.3893
53684,7891,9574,5142,3603,5146,5186,4254,3529,3713,3745,3556,3387,3356,3412,3219,3122,-31.7433,-12.0341,8.98248,47.89
53685,11304,5946,3964,3395,7303,5051,3726,3373,4142,3769,3487,3169,3447,3307,3189,3117,-21.1121,-27.4777,8.5225,47.7927
53686,6512,4848,3745,3348,10097,5157,3735,3367,5792,4452,3587,3290,3922,3839,3334,3208,-8.60115,-32.1784,8.8452,48.1553
53687,3288,3431,3298,3181,3821,3797,3628,3346,5140,5569,4249,3559,7371,9530,5139,3736,25.3271,-10.9233,8.56153,48.0553
53688,3122,3229,3347,3386,3269,3507,3708,4063,3272,3845,4977,6610,3417,4082,6624,11597,23.8407,24.483,8.80115,48.0367
53689,3135,3233,3365,3404,3293,3407,3820,4171,3379,3761,4980,7230,3433,3974,5854,11338,21.5153,28.3506,8.87938,47.8513
53690,4103,3906,3491,3187,6880,4729,3666,3306,9448,5164,3770,3325,5571,4559,3659,3273,4.32879,-26.5348,8.71796,48.0247
53691,3143,3526,3793,4006,3481,3705,4537,6271,3294,3772,5581,9437,3335,3773,4629,5890,6.34023,23.9227,8.88463,48.1153
53692,4232,4373,3935,3542,5163,7068,4667,3628,5100,6679,4560,3668,4102,4282,3808,3502,-0.7301,-8.67616,8.58586,48.206
53693,3363,3783,6009,12657,3415,3786,4679,5829,3238,3355,3846,3892,3225,3282,3364,3437,-32.5876,30.7071,8.85572,47.44
53694,9954,8361,4391,3594,5565,5203,4008,3499,3876,3727,3445,3242,3342,3370,3231,3032,-30.6227,-16.7513,8.73155,47.8933
53695,8302,5732,3931,3406,8793,5593,3859,3377,4822,4104,3543,3295,3649,3498,3387,3164,-14.3179,-23.2251,8.95882,48.3033
53696,3224,3294,3442,3479,3412,3798,4046,3792,3972,5244,6460,4714,4153,6144,8247,5241,18.7621,4.80533,8.81477,48.4413
53697,3426,3309,3419,3101,3891,3828,3436,3288,6142,4679,3783,3336,12692,6015,3834,3416,28.7341,-30.7359,8.80049,47.73
53698,3119,3348,3524,3397,3310,3623,4104,4114,3550,4187,5998,6485,3533,4460,7492,8029,18.6407,16.1134,8.81494,48.182
53699,3526,3481,3245,3129,4461,4092,3554,3247,8138,5219,3855,3322,9764,5781,3892,3427,17.4405,-25.5096,8.56102,48.0887
53700,3487,3326,3294,3001,4018,3786,3448,3187,6419,4960,3841,3380,11702,6659,4006,3421,24.9804,-23.3476,8.79216,47.9567
53701,4151,6208,8682,5589,3873,5088,6094,4655,3536,3727,3940,3773,3215,3230,3392,3333,-20.5306,5.22475,8.89282,48.324
53702,3417,3894,4273,4148,3741,4832,7038,4947,3644,4843,6846,4775,3452,3884,4386,4167,-0.0275738,7.34628,8.80222,48.1913
53703,3691,3782,3436,3257,4480,4936,3952,3394,6083,7969,4833,3646,5229,5880,4265,3574,10.1165,-10.3926,8.55628,48.2713
53704,4096,5679,8061,5274,3829,5085,6782,4699,3519,3900,3998,3736,3262,3324,3443,3341,-17.8735,5.56028,8.99978,48.0187
53705,3184,3360,3301,3271,3666,3796,3736,3545,4073,4993,5166,4317,4630,7773,8592,4960,25.2017,1.25861,8.78011,48.242
53706,3884,4733,5018,4251,4133,6299,7454,4624,3836,4593,5047,4082,3422,3738,3775,3579,-6.81236,2.71419,8.58304,48.312
53707,3078,3256,3341,3492,3292,3389,3707,4007,3344,3801,4892,6152,3370,4041,6713,11914,28.5794,23.2156,8.63637,47.8593
53708,3567,4811,7313,5928,3707,4831,7256,5651,3405,3826,4298,4091,3296,3363,3514,3517,-15.3186,9.90229,8.57016,48.2493
53709,3319,3666,4066,4018,3481,4301,6125,5053,3632,4721,7560,5716,3626,4021,4739,4311,3.07892,10.4161,8.87075,48.2367
53710,5677,4406,3622,3236,9173,4908,3756,3454,7202,4904,3603,3273,4417,4027,3397,3203,-3.72894,-28.2224,8.94384,48.172
53711,3177,3240,3365,3331,3279,3618,3849,3860,3672,4369,5671,4970,3865,5364,9471,6865,24.2115,9.65703,8.77128,47.9773
53712,3888,4838,5144,4257,4100,6147,7634,4790,3652,4497,4899,4000,3453,3686,3752,3533,-7.67998,3.21017,8.78648,48.18
53713,3159,3474,4189,4787,3370,3571,5039,8037,3359,3732,5150,8317,3124,3588,4207,4778,0.413152,27.458,8.66433,47.9207
53714,3398,4050,6604,11688,3466,3792,4875,5947,3315,3380,3911,3951,3127,3267,3363,3466,-33.1491,23.0963,8.78342,47.7333
53715,3867,4283,3913,3604,4660,6417,4954,3819,4797,7006,5402,3829,4062,4306,4103,3512,1.35153,-5.28675,8.82444,48.356
53716,3275,3411,3798,3989,3379,3636,4547,5669,3382,3920,5935,8912,3250,3834,5027,6210,8.16178,21.192,8.61484,48.116
53717,3228,3533,4040,4376,3283,3776,4753,7261,3263,3793,5147,8932,3254,3624,4226,5166,2.40789,33.3708,8.97519,47.77
53718,3373,3383,3280,3150,3633,3826,3589,3297,4937,5261,4272,3572,7252,10055,5430,3872,29.8997,-10.5368,8.93958,48.1213
53719,12209,6056,3963,3432,6548,4909,3748,3469,3849,3897,3492,3296,3325,3299,3197,3193,-24.6015,-32.9513,8.73562,47.9213
53720,4296,6355,9416,5673,3816,4764,5722,4691,3391,3669,3793,3704,3167,3286,3405,3357,-23.6002,5.60967,8.91937,48.3367
53721,3177,3142,3321,3423,3181,3477,3710,3902,3430,3787,4757,6055,3375,3933,5894,12846,28.4622,33.2767,8.91645,47.6067
53722,6547,8275,5009,3806,5573,6529,4632,3595,4061,4063,3641,3455,3353,3520,3255,3080,-18.9819,-10.5253,8.51799,48.2627
53723,3325,3346,3409,3074,3684,3824,3742,3441,4625,5665,4856,3807,5435,9205,6628,4187,23.5236,-4.17827,8.96351,48.1687
53724,5357,4441,3640,3190,9130,5296,3829,3293,7097,4896,3756,3356,4364,3957,3496,3216,-3.31102,-26.782,8.81853,48.2093
53725,3232,3482,4255,5032,3316,3821,5187,8836,3379,3652,4910,7607,3211,3563,4046,4511,-1.82069,26.901,8.57353,48.0267
53726,3864,4616,4814,3966,4249,6345,7037,4526,4021,5052,5259,3978,3700,3744,3780,3466,-5.0308,1.41888,8.70987,48.278
53727,3381,3424,3262,3168,3920,3807,3487,3219,5483,5115,3943,3372,10255,8131,4281,3452,29.621,-18.0208,8.98557,47.8
53728,5721,4515,3585,3231,9612,5207,3762,3402,6717,4482,3712,3277,4219,3941,3527,3149,-4.69552,-27.7345,8.95225,48.0393
53729,3157,3262,3425,3355,3268,3397,3815,3949,3328,3721,4774,6289,3362,3905,5948,12583,26.4766,31.9719,8.74974,47.692
53730,4343,4402,3672,3304,6031,6901,4417,3556,5810,6680,4294,3415,4253,4303,3698,3412,-0.578343,-12.5855,8.98103,48.3273
53731,4448,6358,7014,4666,4093,5822,6396,4447,3688,3939,4148,3649,3308,3505,3410,3379,-16.5788,1.60179,8.59609,48.18
53732,3091,3519,3426,3447,3489,3854,4145,3893,3854,4921,6600,5109,3793,5223,8322,5838,18.0861,7.90076,8.83895,48.3493
53733,3240,3265,3465,3416,3225,3385,3951,4205,3444,3828,5173,7160,3489,4108,6209,10876,20.5909,23.2926,8.70651,48.2927
53734,3354,3308,3178,3087,3841,3797,3554,3270,5324,5245,4201,3496,8460,9376,4770,3703,27.3697,-13.8646,8.99303,47.976
53735,3282,3565,3796,3635,3472,4141,5169,4528,3675,4928,8104,5575,3654,4332,5488,4736,8.12541,8.66644,8.72416,48.0533
53736,3569,4494,7514,7729,3548,4297,6190,6370,3304,3623,4124,4221,3166,3356,3498,3462,-18.2842,15.2623,8.57218,48.31
53737,3307,3920,5852,12351,3368,3726,4727,5925,3288,3427,3735,3912,3133,3299,3352,3435,-31.3749,32.3092,8.67637,47.1713
53738,8405,7713,4570,3411,6210,5952,4088,3576,4067,4037,3575,3369,3339,3455,3276,3070,-19.5764,-15.8887,8.84031,48.0753
53739,3389,3803,6040,12696,3377,3815,4640,6077,3328,3463,3792,3893,3078,3281,3349,3412,-28.8492,30.5556,8.60678,47.622
53740,9887,6040,3911,3412,7834,5466,3874,3450,4436,3919,3542,3283,3400,3393,3313,3055,-17.7204,-23.1944,8.75386,48.1433
53741,4221,6634,9840,5892,3786,4393,5309,4459,3492,3656,3848,3757,3221,3350,3242,3276,-28.8957,5.35779,8.93495,48.2507
53742,3272,3654,4266,5148,3302,3729,5213,8721,3252,3744,4882,7452,3236,3512,4067,4624,-2.07055,26.2167,8.53053,48.0493
53743,3178,3369,3253,3153,3822,3858,3607,3349,4610,5638,4532,3903,5778,9717,6438,4159,24.7469,-5.63731,8.91317,48.2427
53744,3201,3673,4778,6668,3310,3785,5049,10106,3343,3693,4486,5772,3235,3363,3795,3775,-8.47599,31.7859,8.98766,48.0213
53745,3094,3166,3390,3356,3410,3481,3846,3996,3414,3864,4986,5935,3445,4205,7277,11362,28.246,20.805,8.84406,48.1513
53746,4031,4708,4135,3747,4809,7208,5290,3842,4562,6150,4839,3827,3870,4092,3922,3553,-1.74839,-5.07064,8.50786,48.39
53747,6943,6257,4169,3527,7375,6779,4263,3535,4575,4322,3640,3379,3730,3653,3242,3176,-13.6733,-16.7262,8.64883,48.3767
53748,3336,3347,3274,3186,3898,3885,3462,3214,5476,5061,4037,3431,9722,8523,4519,3454,30.951,-16.5358,8.81348,47.8833
53749,3063,3332,3610,3726,3331,3686,4098,4669,3456,3988,5847,8459,3389,3869,5783,8076,14.2091,21.3517,8.78696,48.2547
53750,5153,4182,3686,3403,8917,4970,3740,3377,7513,4828,3797,3260,4560,4008,3605,3216,-1.84435,-32.0434,8.51241,48.1433
53751,3954,3889,3479,3167,6094,4575,3661,3268,9766,5395,3813,3459,5633,4650,3740,3242,5.94989,-33.817,8.59418,47.8567
53752,3304,4114,6833,11818,3344,3887,4867,6102,3156,3414,3804,3947,3121,3245,3446,3395,-32.0714,22.5744,8.94973,47.8647
53753,5947,4443,3572,3238,9955,5186,3915,3366,6291,4639,3710,3383,4137,3785,3398,3206,-5.9277,-29.1882,8.89265,48.114
53754,3322,3405,3256,3231,3795,3928,3386,3417,5359,5238,4161,3598,9168,8906,4738,3623,28.165,-15.2492,8.59347,48.354
53755,5683,9680,6644,4094,4513,5038,4642,3898,3619,3777,3721,3352,3352,3333,3327,3140,-31.4137,-5.14237,8.61034,47.8753
53756,3482,3949,5896,11999,3489,3812,4851,6689,3266,3369,3889,4058,3045,3263,3439,3425,-23.6921,31.6434,8.54042,47.9473
53757,3254,3571,3795,3854,3333,3967,4945,4762,3574,4334,7732,6619,3501,4119,5495,5439,8.5513,13.0759,8.65166,48.196
53758,12743,5957,3925,3402,5919,4583,3736,3362,3899,3737,3383,3141,3449,3423,3207,3201,-31.9212,-30.6277,8.84853,47.378
53759,5138,5090,4003,3561,6385,7793,4461,3621,5006,5326,3885,3511,3775,4010,3631,3301,-6.42591,-12.7728,8.66568,48.3313
53760,4421,7510,9160,5215,4077,4721,5099,4343,3662,3696,3791,3571,3139,3264,3434,3316,-28.6792,2.40592,8.87868,48.2793
53761,3236,3511,4433,5220,3366,3796,5398,8879,3249,3777,4966,7264,3243,3492,3963,4428,-2.64813,25.2308,8.50424,48.1473
53762,3261,3421,3350,3183,3475,3816,3855,3555,4016,5316,5543,4311,4586,7433,8145,5008,22.2913,1.24145,8.60667,48.1827
53763,4260,4014,3467,3175,7317,4661,3705,3291,9315,5014,3731,3398,5294,4265,3561,3303,3.31095,-29.7478,8.96648,47.8473
53764,4585,4505,3717,3382,6636,6523,4217,3425,6279,5979,4029,3605,4359,4213,3600,3261,-1.33554,-15.5942,8.89379,48.21
53765,5446,9516,6610,4226,4565,5119,4660,3873,3654,3782,3733,3354,3296,3423,3330,3138,-32.671,-4.84643,8.84549,47.8167
53766,3181,3391,3436,3374,3344,3451,3738,4051,3296,3747,4845,6037,3398,3855,6054,12582,33.2893,27.8798,8.7099,47.8533
53767,3548,3431,3307,3200,4010,4073,3686,3329,5742,6659,4441,3617,6626,8229,4760,3687,18.2293,-11.8845,8.93791,48.23
53768,3888,3846,3431,3213,5176,5027,3906,3397,7222,7228,4117,3473,5392,5186,4020,3401,7.07946,-15.3789,8.90194,47.9487
53769,3218,3223,3426,3443,3347,3625,4038,4056,3640,4476,6634,5715,3701,4828,7930,6681,18.179,11.7744,8.50299,47.9873
53770,5992,9933,5914,4074,4700,5221,4558,3808,3800,3758,3694,3426,3323,3375,3279,3092,-33.7236,-7.20716,8.82549,47.9647
53771,3461,3424,3159,3188,3982,3608,3388,3145,5887,4793,3775,3418,12607,6042,4082,3538,29.1711,-33.7461,8.7089,47.6647
53772,3075,3173,3307,3421,3211,3531,3957,4485,3376,3806,5176,8227,3324,3850,5652,10061,17.2604,28.8152,8.84954,47.7547
53773,3298,3639,4725,6768,3340,3806,5280,10122,3177,3599,4342,5785,3194,3357,3642,3793,-8.81938,26.9829,8.90341,47.9113
53774,3079,3159,3389,3362,3178,3448,3868,3913,3378,3683,4772,6405,3433,3931,6103,12456,25.7613,28.2657,8.93358,47.7047
53775,3805,4874,6191,4839,3866,5379,7939,5287,3468,4144,4693,3985,3244,3546,3694,3488,-11.1081,6.58771,8.72682,48.2947
53776,3151,3161,3470,3517,3280,3550,4013,4357,3363,3950,5572,7293,3479,4231,6621,9022,18.0159,19.6089,8.82938,48.02
53777,5562,5156,4019,3332,7863,6902,4230,3504,5354,4850,3874,3467,3929,3819,3443,3170,-7.56718,-16.9503,8.55213,48.316
53778,5157,8611,6911,4373,4449,5566,5054,4076,3717,3900,3746,3548,3303,3438,3372,3175,-22.399,-2.75517,8.88718,48.264
53779,3117,3330,3719,3633,3124,3602,4268,5118,3364,3928,5543,9247,3380,3776,5322,7704,12.3281,24.2211,8.71733,48.1167
53780,3509,4055,6136,11095,3435,3893,5000,7181,3317,3344,3900,4021,3032,3118,3467,3487,-21.5403,25.5347,8.77821,47.9933
53781,4977,4327,3595,3187,8463,5132,3779,3277,7900,4975,3689,3347,4591,4067,3517,3160,-1.01551,-25.0995,8.92787,47.9887
53782,3424,4263,8010,10915,3341,3997,5058,5755,3165,3462,3766,3894,3203,3224,3388,3315,-29.3283,18.9493,8.93511,48.12
53783,3917,3738,3428,3203,5921,4416,3659,3309,9613,5381,3782,3407,6525,4860,3773,3316,8.45475,-26.092,8.52428,48.1653
53784,10362,7962,4320,3429,5839,5164,3939,3531,3922,3745,3463,3287,3443,3386,3201,3118,-28.7997,-18.5561,8.65411,48.074
53785,3119,3167,3435,3372,3248,3637,3952,4108,3553,4289,6209,6204,3625,4587,8044,7713,19.2908,14.1823,8.90506,48.1747
53786,3132,3304,3664,3673,3194,3559,4376,4955,3558,3962,6170,8811,3325,3885,5478,7146,11.769,20.816,8.6235,48.128
53787,4064,3808,3409,3196,6498,4669,3637,3232,9622,5175,3730,3468,5724,4508,3660,3335,5.24625,-29.7106,8.71802,47.8233
53788,9850,6058,3916,3290,7812,5305,3781,3361,4265,3906,3542,3247,3578,3516,3346,3074,-18.0501,-23.8924,8.82978,47.898
53789,3888,5949,10012,6317,3723,4487,5168,4880,3300,3626,3777,3711,3178,3280,3419,3342,-33.3994,7.95016,8.74204,48.038
53790,3415,3918,6054,12802,3411,3731,4696,6029,3218,3338,3707,3792,3174,3297,3374,3259,-29.4356,32.617,8.87025,47.4767
53791,3291,3421,3239,3025,4024,3794,3312,3147,6592,4879,3780,3324,12466,6069,3969,3283,25.4379,-29.0503,8.88473,47.7433
53792,3297,3691,4427,5315,3396,3882,5318,9058,3319,3560,4726,7076,3140,3411,4048,4306,-3.48788,25.627,8.73178,47.98
53793,7848,9383,4820,3648,5223,5441,4153,3533,3835,3906,3493,3258,3376,3432,3276,3134,-33.6843,-12.6882,8.75286,47.8393
53794,4941,8873,7767,4506,4228,5048,4774,4134,3567,3825,3703,3567,3293,3303,3305,3141,-29.5841,-1.67058,8.683,47.9833
53795,4246,4033,3468,3220,6553,5019,3791,3229,8739,5916,4075,3420,5451,4617,3697,3208,4.37126,-21.2875,8.84553,48.4547
53796,4250,4272,3919,3580,5001,7004,4693,3687,5185,6905,4590,3596,4096,4330,3824,3473,-0.0673415,-8.63762,8.77236,48.27
53797,4037,3739,3304,3146,5610,4336,3556,3223,9932,5398,3929,3276,6739,4900,3719,3262,9.37067,-28.9211,8.93083,48.0707
53798,4087,4363,3920,3520,4943,6785,4719,3618,4975,6886,4711,3750,4157,4347,3922,3568,0.504946,-7.75609,8.69334,48.1807
53799,3475,3511,3551,3219,3939,4370,4026,3584,4861,7565,5543,3950,4751,6698,5394,3983,13.6338,-4.81306,8.79996,48.28
53800,11826,5949,3988,3302,6993,4852,3760,3323,4094,3792,3396,3287,3368,3319,3225,3090,-22.6681,-28.9411,8.74672,47.7093
53801,3108,3359,3412,3271,3479,3746,3815,3694,3840,4967,5681,4661,4238,6516,8962,5519,22.7112,4.38461,8.63836,48.1787
53802,4836,4548,3799,3449,6694,6781,4204,3444,5796,5856,3915,3548,4175,4191,3572,3300,-2.68229,-14.809,8.81239,48.072
53803,3605,3488,3340,3129,4407,3997,3481,3205,8268,5108,3915,3424,9971,5384,3818,3441,17.1283,-30.2138,8.80302,47.9873
53804,6661,7996,4670,3639,5612,6642,4514,3637,4061,4024,3627,3344,3489,3633,3332,3222,-17.6639,-11.7583,8.9448,48.0687
53805,12553,6147,3822,3390,6039,4728,3815,3366,3901,3781,3479,3070,3393,3292,3274,3090,-30.6471,-28.487,8.74785,47.4267
53806,3382,3478,3197,3128,4092,3959,3503,3214,6737,5142,3731,3445,11071,6552,4068,3390,22.3037,-23.528,8.91764,48.0593
53807,3170,3362,3548,3557,3428,3593,4267,4233,3553,4152,6795,6971,3478,4306,6776,7101,15.2942,15.5502,8.84393,48.1933
53808,3053,3354,3686,3827,3346,3691,4751,5364,3426,3947,6546,8803,3385,3844,5098,6245,9.09123,19.2612,8.98267,48.244
53809,3449,3440,3209,3112,4000,3946,3622,3231,5332,5047,4220,3604,8205,9182,4943,3567,33.5119,-13.4613,8.50577,48.0727
53810,3433,3435,3345,3086,3978,3723,3404,3207,6240,4869,3643,3325,12536,6120,3955,3333,27.0556,-28.7072,8.80375,47.7547
53811,6911,4980,3664,3404,9584,5432,3938,3405,5523,4326,3623,3260,3844,3588,3320,3142,-9.94591,-24.8236,8.64057,47.9627
53812,3270,3451,3589,3440,3692,4259,4445,3836,4314,6441,6879,4349,4190,5780,5951,4470,12.7377,1.12883,8.95198,48.2373
53813,6303,4614,3639,3193,9769,5256,3766,3368,6103,4540,3568,3281,4014,3712,3375,3155,-7.09998,-29.5216,8.73484,47.7707
53814,3274,3410,3307,3140,3711,3835,3556,3388,5019,5223,4246,3637,7139,10134,5347,3770,31.3519,-10.5865,8.9384,48.0907
53815,4612,6357,5620,4078,4682,7250,6035,4109,3816,4309,4162,3626,3493,3474,3528,3261,-13.586,-2.54411,8.98674,48.2747
53816,4275,5695,6395,4610,4078,6077,7116,4583,3591,4114,4298,3904,3297,3457,3398,3324,-13.6677,2.06702,8.96424,48.1413
53817,3116,3309,3381,3345,3219,3641,3712,3896,3535,4214,5295,5148,3604,4708,9398,8470,31.8893,13.8289,8.87951,47.994
53818,3725,4553,5208,4342,3990,5927,7849,4810,3674,4390,5291,4226,3338,3609,3743,3528,-6.74025,4.53154,8.94622,48.1353
53819,3270,3684,4528,5685,3402,3966,5660,9193,3297,3675,4605,6366,3129,3450,3874,4200,-5.30824,22.962,8.79675,47.9893
53820,3357,3334,3239,3239,3658,3845,3683,3485,4546,5399,4783,3985,5503,9350,6806,4324,24.2023,-4.11527,8.88307,48.3573
53821,3068,3266,3348,3444,3125,3485,3952,4114,3402,3876,5139,7033,3401,3930,6297,11240,21.95,25.0151,8.50189,48.08
53822,7038,9854,5411,3853,4912,5112,4297,3705,3886,3846,3594,3383,3477,3357,3302,3097,-29.6207,-9.91674,8.59065,48.0827
53823,3325,3406,3265,3320,3670,3860,3814,3598,4313,5616,5554,4173,4673,7584,7373,4626,20.6055,-0.326891,8.61462,48.1133
53824,3914,3824,3363,3063,5918,4529,3698,3240,9771,5468,3791,3389,6289,4652,3712,3292,7.65849,-25.9671,8.56568,47.942
53825,3498,4260,7641,10887,3480,3987,4917,5635,3172,3404,3857,3890,3144,3162,3416,3252,-33.3943,19.4765,8.99528,47.7347
53826,3483,3533,3674,3543,3745,4408,4741,3911,4179,6425,7200,4498,3987,5030,5454,4374,9.16925,1.68338,8.73093,48.1233
53827,3084,3365,3427,3305,3389,3657,3874,3679,3866,4397,5184,4694,4012,6273,9879,6240,29.1368,6.74991,8.66321,48.2167
53828,3297,3303,3392,3089,3637,3619,3746,3462,4302,5343,4833,4112,5167,8845,7369,4474,25.8186,-2.27008,8.69482,47.9933
53829,3522,3882,4329,4022,3736,4928,6744,4806,3784,4758,7059,4791,3540,3943,4365,3946,0.312449,6.6392,8.69422,48.1033
53830,7220,5682,3949,3295,8404,6260,4022,3463,4918,4414,3657,3343,3697,3619,3206,3097,-12.5744,-20.2641,8.63404,48.164
53831,3063,3212,3613,3833,3160,3514,4117,5016,3342,3816,5367,9629,3359,3784,5089,7831,12.1382,27.146,8.8953,47.83
53832,3225,3499,3915,4277,3373,3714,4794,7125,3431,3810,5148,9102,3218,3603,4320,5337,3.19809,31.5286,8.62047,47.9273
53833,3702,4707,8428,8648,3500,4119,5661,5841,3332,3477,3972,4047,3093,3251,3454,3331,-22.1636,15.1405,8.79162,48.3753
53834,3305,3739,5127,8015,3370,3812,5289,9658,3198,3668,4180,5090,3138,3274,3676,3669,-12.0458,28.2708,8.84118,48.1387
53835,10697,6816,4052,3464,6759,5218,3943,3339,4193,3932,3462,3307,3481,3439,3139,3162,-21.7529,-21.5612,8.86046,48.2687
53836,3049,3359,3373,3366,3225,3568,3695,3977,3439,3854,5002,6168,3387,4274,7242,11315,26.079,21.3158,8.71611,48.1953
53837,3132,3270,3442,3421,3275,3483,3972,3860,3552,4154,5517,5706,3635,4752,8607,8621,24.3439,15.2002,8.72294,48.266
53838,3263,3475,3987,4457,3269,3619,4808,7613,3455,3853,4957,9147,3207,3598,4365,5108,2.24363,33.0255,8.9535,48.1207
53839,3721,3970,3914,3594,4189,5653,4924,3783,4504,7108,6029,4121,4073,4539,4350,3731,3.30049,-2.47798,8.89558,48.1353
53840,3152,3458,3675,3871,3163,3560,4296,5320,3394,3918,5505,9292,3473,3806,5248,7423,11.372,24.2182,8.5384,48.3693
53841,3532,4571,8462,9475,3562,4039,5145,5480,3184,3494,3854,3879,3276,3341,3417,3290,-31.2073,16.3635,8.65911,48.0007
53842,4076,4183,3713,3373,5079,6393,4480,3526,5530,7248,4532,3655,4394,4550,3972,3451,1.95474,-10.1853,8.9083,48.1033
53843,3981,3706,3455,3281,5198,5148,3898,3394,7403,7301,4220,3489,5396,5241,3863,3468,6.96665,-15.5071,8.54487,48.2947
53844,6936,4911,3772,3376,9924,5407,3810,3383,5412,4207,3603,3367,3722,3574,3464,3206,-10.0551,-31.8678,8.75799,48.0493
53845,8507,7349,4367,3615,6680,5971,4037,3497,4172,3986,3672,3240,3529,3383,3294,3137,-18.8417,-16.872,8.98708,48.2907
53846,3217,3209,3360,3456,3233,3347,3708,3998,3466,3673,4768,5999,3388,3738,5863,12737,32.3228,30.8713,8.99088,47.44
53847,3351,3906,6122,12636,3360,3676,4779,6088,3216,3408,3761,3977,3221,3238,3434,3394,-28.4754,27.239,8.93039,47.7113
53848,4474,4338,3716,3323,6273,6682,4154,3449,6132,6434,4156,3462,4409,4343,3684,3392,-0.398858,-14.2804,8.99054,48.2807
53849,4122,4977,5246,4151,4269,6766,7165,4363,3759,4669,4937,3943,3467,3584,3737,3516,-8.38737,0.857211,8.74983,48.4473
53850,3477,4211,6327,6830,3552,4074,6592,7224,3336,3586,4346,4606,3246,3402,3582,3647,-13.6348,16.5607,8.54463,48.0253
53851,3349,3535,3682,3382,3740,4476,4364,3816,4370,6848,6883,4355,4264,5485,5662,4351,11.3804,0.208812,8.72258,48.3747
53852,3335,3696,4585,5578,3494,3781,5197,9429,3218,3683,4603,6714,3202,3349,3945,4355,-4.58595,26.8282,8.70982,48.1093
53853,8490,8675,4602,3605,5608,5542,4158,3603,3945,3985,3559,3298,3383,3389,3205,3201,-23.7906,-14.7995,8.73931,48.1653
53854,3041,3254,3403,3319,3260,3412,3816,4047,3380,3722,4899,6937,3371,4006,5937,11847,22.5754,30.6535,8.95771,47.7673
53855,3124,3196,3478,3396,3210,3556,3794,3977,3316,3808,4979,6017,3400,3926,6871,11748,32.6051,22.764,8.7138,47.864
53856,4141,4066,3537,3319,5519,5596,3946,3368,7077,7184,4251,3565,4912,4689,3772,3427,4.12437,-14.8649,8.71059,48.246
53857,3172,3540,3965,4146,3245,3754,4978,6203,3368,3826,6088,8735,3348,3694,4663,5563,5.58389,20.7848,8.91003,48.192
53858,3359,3817,5171,8599,3440,3757,5294,9319,3208,3630,4128,4614,3208,3196,3697,3574,-13.9641,32.6837,8.94437,48.0073
53859,11786,6589,4004,3367,6501,4909,3767,3237,4093,3828,3594,3179,3423,3380,3188,3000,-24.6836,-24.2289,8.68316,47.8967
53860,3073,3356,3360,3338,3232,3450,3775,3882,3388,3868,4854,6587,3498,3831,5962,12214,24.35,27.8013,8.9603,47.7787
53861,3789,4867,8533,7296,3631,4423,6230,5645,3339,3668,4063,4003,3104,3229,3432,3436,-19.9069,12.554,8.60646,48.4587
53862,7737,5307,3925,3319,9109,5663,3790,3365,4991,4274,3499,3306,3712,3574,3334,3076,-12.5788,-23.4333,8.78144,47.9873
53863,3459,3527,3351,3216,3992,4233,3760,3389,5432,7310,4892,3683,5658,7448,5169,3786,15.8048,-8.70035,8.73609,48.2033
53864,7716,5787,4073,3357,8186,6114,4002,3394,4689,4173,3580,3253,3650,3583,3299,3082,-13.7777,-20.3149,8.8803,47.9587
53865,3294,3629,4433,5108,3470,3904,5538,8521,3323,3722,5160,7177,3196,3372,4058,4380,-2.509,22.6245,8.69856,48.19
53866,4391,5204,4444,3744,5064,7947,5749,3912,4184,5178,4462,3592,3704,3740,3604,3332,-6.82908,-5.31193,8.78925,48.1673
53867,3546,4399,8270,9840,3473,3963,5048,5570,3222,3518,3854,3922,3109,3303,3354,3418,-31.149,17.4528,8.68267,47.8727
53868,3328,3953,5738,9817,3359,3847,5151,8200,3201,3541,4046,4475,3063,3235,3436,3456,-17.5209,26.7308,8.64276,47.8973
53869,3227,3220,3339,3353,3266,3429,3702,3939,3335,3784,4688,6172,3385,4007,6121,12323,30.6248,28.238,8.56257,47.5267
53870,7160,4971,3819,3301,9686,5265,3883,3440,5471,4392,3532,3294,3834,3614,3323,3087,-10.6503,-28.6456,8.52495,48.048
53871,3700,5534,10032,7190,3704,4281,5168,4837,3466,3517,3830,3702,3127,3312,3428,3338,-30.2259,9.89971,8.96889,48.1107
53872,3528,3411,3068,3119,4114,3882,3589,3142,6944,5357,3914,3367,9943,7037,4118,3407,20.706,-20.3592,8.71409,47.96
53873,5700,4881,3912,3299,8249,6585,4059,3521,5539,4953,3776,3393,3976,3829,3353,3247,-7.32818,-18.5498,8.60349,48.1813
53874,3084,3291,3611,3830,3300,3630,4428,5527,3372,3821,5276,9937,3358,3695,4841,7069,9.75299,29.0466,8.69214,48.0467
53875,12241,6498,3931,3378,6030,4938,3739,3404,3860,3824,3383,3216,3405,3477,3237,3152,-31.6737,-24.9799,8.84224,47.8087
53876,3405,3649,4253,4482,3464,4098,6100,6632,3388,4055,6097,6839,3349,3584,4248,4487,0.274459,16.5959,8.98386,48.0867
53877,3085,3263,3432,3339,3239,3390,3771,3910,3356,3944,5256,5645,3367,4351,7863,10309,33.19,18.2988,8.52609,47.68
53878,4052,3913,3572,3225,4890,5611,4133,3559,5953,7834,4702,3641,4760,5033,3961,3562,5.40326,-10.9917,8.59403,48.2673
53879,7540,5039,3732,3334,9631,5364,3976,3467,5159,4218,3504,3272,3749,3667,3344,3200,-11.8201,-31.3729,8.57661,48.1307
53880,5448,9360,7006,4314,4371,5084,4703,3925,3621,3745,3562,3458,3287,3368,3365,3202,-32.8446,-3.9179,8.6719,47.8793
53881,3119,3122,3352,3323,3205,3500,3877,4008,3326,3857,5059,6332,3450,4080,6769,11419,25.0828,22.8643,8.532,47.8653
53882,7101,9382,5204,3745,5247,5811,4273,3623,3880,3886,3524,3336,3293,3395,3236,3095,-22.5805,-10.6942,8.92498,48.0207
53883,6305,9758,5965,4104,4776,5371,4395,3651,3796,3878,3592,3317,3316,3470,3278,3217,-26.5051,-7.61539,8.67769,48.126
53884,4515,4129,3581,3299,7519,5313,3882,3320,8136,5741,3847,3358,4911,4327,3567,3206,1.30361,-21.5937,8.89004,48.434
53885,5956,6609,4593,3712,6144,7514,4713,3583,4353,4510,3882,3339,3462,3581,3433,3084,-13.2171,-11.6656,8.67413,48.312
53886,4161,4009,3299,3225,6914,4556,3738,3415,9465,5298,3729,3378,5477,4488,3719,3391,4.29602,-33.4725,8.5046,48.1747
53887,3305,3866,5045,6035,3293,3923,6242,8765,3336,3701,4735,5525,3151,3401,3792,4040,-7.73751,20.1236,8.83191,48.1033
53888,3673,4547,6742,5959,3626,4580,7321,6211,3310,3744,4478,4262,3171,3386,3570,3420,-13.8539,11.6227,8.63526,48
53889,3916,5212,6646,4911,3959,5301,7913,4927,3526,4086,4451,3954,3259,3360,3630,3505,-13.0349,5.56501,8.85683,48.3707
53890,3209,3447,3804,3863,3367,3628,4693,5750,3373,3869,5611,9179,3246,3738,4863,6488,7.95482,23.9728,8.72127,48.0853
53891,9756,7576,4173,3374,6479,5414,3984,3465,4066,3907,3542,3280,3364,3465,3195,3082,-22.2546,-18.5084,8.70195,48.0813
53892,3335,3667,4341,5343,3360,3733,5143,9351,3342,3648,4660,7137,3302,3470,3939,4358,-3.40796,27.4294,8.79646,48.086
53893,3176,3679,4573,5866,3433,3679,5496,9804,3293,3803,4642,6342,3217,3405,3800,4133,-5.85008,25.9838,8.95161,48.2273
53894,3221,3653,4338,4948,3446,3802,5494,8394,3359,3786,5233,7265,3194,3458,3936,4472,-2.00468,22.8964,8.663,47.9993
53895,3156,3453,3782,4004,3311,3627,4512,5812,3441,3909,5907,9555,3275,3783,4841,6255,7.5346,23.0806,8.78987,48.4153
53896,10332,7990,4342,3509,5590,5061,3987,3441,3912,3813,3436,3224,3412,3425,3223,3123,-31.0087,-17.7061,8.8582,47.88
53897,4339,7059,9419,5562,3854,4678,5239,4408,3489,3714,3817,3630,3212,3304,3298,3318,-28.6707,3.8507,8.80153,48.2267
53898,9910,6652,4119,3303,7041,5285,3865,3407,4240,3997,3595,3104,3436,3520,3228,3084,-19.8545,-21.226,8.64746,47.8573
53899,3914,4498,4431,3732,4488,6733,6309,4159,4220,5702,5371,3953,3642,3961,4035,3694,-2.86899,-1.14972,8.89683,48.5613
53900,3577,3522,3470,3182,4462,4520,3964,3447,6208,7599,4638,3802,5610,6257,4551,3646,12.1681,-11.3422,8.57203,48.3033
53901,3481,4152,7295,10942,3441,3946,5055,6263,3162,3478,3849,3953,3099,3202,3447,3466,-25.111,20.7943,8.97605,48.154
53902,3317,3945,6340,12223,3408,3752,4747,6141,3244,3551,3809,3868,3161,3245,3480,3412,-28.3534,25.6349,8.63974,47.762
53903,6842,4900,3744,3223,9921,5382,3727,3395,5677,4478,3606,3257,3878,3676,3413,3092,-8.89512,-29.105,8.79125,48.1407
53904,7051,8818,5096,3842,5379,6170,4416,3752,3846,3989,3652,3363,3417,3390,3287,3115,-20.6189,-10.7125,8.89665,48.3887
53905,3131,3384,3272,3097,3586,3860,3761,3518,4261,5406,5178,4178,4803,8138,7870,4683,22.6152,-0.513667,8.85593,48.084
53906,9571,7830,4375,3550,5944,5400,4005,3444,3952,3939,3594,3318,3387,3394,3280,3038,-23.6509,-17.6792,8.51676,48.014
53907,3600,4758,8995,8585,3514,4177,5322,5298,3300,3570,3768,3763,3125,3287,3338,3425,-26.8392,14.3078,8.58543,47.8833
53908,3395,3436,3204,3130,3970,3928,3453,3235,6172,5020,3903,3385,11439,6932,4048,3468,26.1726,-22.2123,8.66789,48.0787
53909,3508,4339,6986,8322,3536,4146,5935,6749,3257,3613,4012,4242,3077,3234,3449,3496,-18.1505,17.3901,8.60672,47.934
53910,12435,5991,3836,3427,6019,4779,3737,3423,3986,3657,3398,3173,3323,3458,3324,3157,-32.818,-28.944,8.57926,47.4153
53911,3641,3604,3410,3110,4479,4330,3756,3455,6676,7163,4391,3569,6353,6527,4371,3573,13.6112,-13.7734,8.61895,48.272
53912,8046,9435,5179,3657,5330,5296,4108,3568,3852,3855,3569,3319,3389,3345,3283,3153,-27.5562,-12.5003,8.89582,48.256
53913,5205,9254,7519,4377,4248,5062,4829,4020,3615,3730,3718,3489,3323,3398,3238,3149,-31.4026,-2.76551,8.71568,48.116
53914,3974,3736,3372,3162,5739,4821,3767,3344,8725,6441,3918,3436,5885,4937,3826,3348,7.13781,-19.9008,8.69281,48.2873
53915,3386,3714,4570,5031,3432,4060,6476,7835,3421,3856,5347,6137,3233,3487,3979,4273,-3.99997,18.1804,8.92901,48.158
53916,3308,3470,3681,3392,3685,4255,4343,3942,4153,6146,7359,4603,4025,5356,6035,4415,12.0567,2.36095,8.57185,48.112
53917,4573,5312,4681,3718,4858,8058,5756,3967,4229,4976,4260,3603,3583,3802,3569,3407,-8.53936,-5.35058,8.59485,48.2347
53918,5218,9119,7365,4415,4266,5100,4800,4022,3550,3878,3770,3496,3267,3254,3364,3200,-28.4593,-2.48572,8.71918,48.056
53919,7404,5212,3756,3270,9736,5385,3736,3402,5247,4294,3496,3310,3850,3682,3295,3118,-10.9562,-26.6948,8.90984,48.1287
53920,4130,5260,5140,4170,4210,6951,6862,4349,3924,4564,4661,3805,3533,3636,3795,3491,-8.95853,-0.0374601,8.99268,48.3207
53921,4150,5160,5978,4609,4171,5982,7511,4590,3715,4145,4579,3895,3356,3460,3619,3535,-11.6624,3.17227,8.78439,48.3033
53922,10181,5919,3988,3360,7900,5136,3741,3436,4356,4018,3465,3266,3527,3396,3134,3151,-17.9227,-26.3416,8.62714,47.9827
53923,3297,3592,3827,3665,3573,4193,5344,4639,3893,4850,7944,5762,3526,4243,5260,4685,6.95699,9.05008,8.55774,48.1953
53924,3031,3332,3467,3604,3279,3473,4131,4566,3348,3797,5708,8277,3307,4023,6045,8806,15.678,22.0404,8.95623,48.1293
53925,3455,4049,5298,5470,3544,4258,7611,7112,3472,3863,5005,5025,3144,3387,3842,3833,-7.71813,14.352,8.97312,48.2453
53926,3087,3328,3552,3673,3340,3499,4158,5010,3460,3859,5531,9425,3339,3895,5202,7853,12.5036,26.2547,8.65583,48.1407
53927,3447,3486,3213,3097,4062,3781,3393,3211,7046,4932,3758,3409,11676,5956,3918,3426,22.301,-29.8637,8.60592,47.874
53928,5882,6152,4302,3630,6666,7509,4549,3532,4481,4527,3883,3406,3552,3608,3367,3233,-11.9174,-13.2651,8.88549,48.186
53929,3335,3795,4141,4043,3606,4350,6283,5046,3690,4650,7586,5476,3556,3907,4632,4398,2.20891,9.30106,8.72579,48.3293
53930,12469,6033,3908,3456,5960,4719,3858,3302,3878,3718,3425,3294,3412,3366,3223,3138,-30.6404,-31.9702,8.6974,47.4393
53931,3379,3430,3129,3205,4079,3938,3412,3171,7346,4987,3856,3441,10967,6085,4019,3343,20.6284,-26.595,8.72142,47.858
53932,3457,4017,6851,11865,3314,3839,4787,5794,3191,3490,3876,3904,3190,3228,3339,3462,-30.0588,22.4205,8.97143,47.736
53933,3258,3593,4237,4950,3253,3695,4952,8548,3413,3680,4887,8004,3220,3484,4059,4671,-0.580947,28.8244,8.58155,47.936
53934,3077,3279,3375,3396,3320,3463,3929,3824,3549,3988,5167,5585,3490,4445,8189,9898,31.9019,17.2639,8.64268,47.9827
53935,3214,3272,3407,3210,3465,3722,3807,3465,4349,5120,4866,4040,5010,8715,7660,4491,27.6845,-1.82482,8.56676,47.8753
53936,12596,6000,3939,3396,5940,4689,3827,3477,3878,3696,3468,3127,3351,3354,3346,3136,-30.0083,-31.9703,8.89276,47.48
53937,5403,9015,7123,4260,4409,5142,4693,3843,3721,3728,3768,3423,3296,3403,3383,3258,-29.2964,-3.7076,8.53691,47.912
53938,3464,3372,3350,3193,3942,3677,3490,3289,6039,4754,3802,3482,12598,5768,3780,3307,31.5605,-30.3571,8.72188,47.538
53939,3237,3559,3984,4436,3292,3715,4740,7418,3406,3657,4951,9189,3222,3585,4271,5354,2.75802,29.444,8.862,48.0107
53940,7066,7069,4330,3568,6783,6714,4340,3456,4415,4219,3553,3283,3439,3459,3279,3157,-15.625,-14.8428,8.88084,48.0867
53941,3839,4589,5269,4479,3966,5685,7972,4976,3684,4330,5031,4178,3379,3656,3785,3580,-7.96947,4.72569,8.86608,48.2653
53942,3654,3542,3464,3171,4505,4271,3599,3213,7591,6851,4116,3593,6907,6219,4119,3557,13.5978,-16.6724,8.89685,48.248
53943,3208,3456,3801,4085,3247,3585,4562,6364,3404,3798,5485,9500,3359,3650,4543,6086,6.033,24.4846,8.75397,48.0887
53944,10750,6876,4142,3411,6822,5194,3853,3292,4043,3841,3557,3119,3538,3363,3222,3032,-21.8713,-22.0553,8.8603,48.0367
53945,3085,3376,3704,3771,3278,3709,4523,4925,3561,4123,6983,8038,3581,4041,5531,6395,10.6591,17.2133,8.93671,48.416
53946,6532,5164,3888,3356,9019,6046,3913,3408,5419,4528,3622,3350,3853,3745,3494,3216,-9.55496,-21.4105,8.78793,48.3687
53947,5936,9068,5888,4002,4903,6215,4746,3809,3779,4023,3666,3337,3325,3331,3245,3235,-20.5614,-7.21832,8.9328,48.3387
53948,3245,3747,4719,6548,3235,3841,5364,9684,3334,3633,4464,5872,3049,3341,3858,4004,-7.85837,27.6468,8.63282,47.9587
53949,4433,5496,4751,3795,4856,7992,5858,4007,4045,4894,4293,3709,3612,3716,3491,3369,-8.44348,-4.697,8.91855,48.2113
53950,3683,3651,3382,3074,5010,4182,3514,3304,9627,5453,3887,3446,7982,5156,3800,3355,12.315,-27.157,8.92544,48.3373
53951,10745,6439,4040,3477,6952,5166,3828,3342,4143,4027,3500,3297,3471,3396,3210,3161,-21.0441,-23.1449,8.70804,48.1293
53952,3399,3404,3245,3159,3889,3693,3415,3170,5608,5201,4054,3394,9987,8151,4361,3524,33.177,-17.3153,8.59472,47.7693
53953,3810,5382,9922,7365,3606,4249,5235,4969,3293,3676,3908,3766,3194,3208,3292,3305,-30.183,10.7329,8.95329,48.12
53954,3604,3826,3551,3213,4383,5035,3975,3511,5964,8068,4792,3605,4965,5666,4209,3570,9.06374,-9.78337,8.83718,47.958
53955,4910,7369,6474,4428,4458,6359,5641,4093,3708,4086,3878,3544,3277,3338,3325,3301,-17.5678,-1.96948,8.98181,48.126
53956,4407,3958,3585,3213,7177,5271,3867,3340,8172,5719,3802,3358,4972,4289,3697,3323,1.88161,-21.5864,8.794,48.1
53957,7575,9504,5015,3779,5193,5283,4203,3645,3796,3802,3537,3302,3294,3386,3381,3212,-33.1035,-11.5706,8.51325,47.938
53958,3356,3741,4799,6595,3378,3752,5155,9892,3283,3678,4340,5718,3254,3500,3675,3983,-8.39931,31.3593,8.69036,48.066
53959,3211,3308,3697,3902,3238,3562,4375,5496,3516,3901,5726,9512,3349,3777,5031,6744,9.51588,23.444,8.72637,48.23
53960,5198,9047,7262,4390,4321,5104,4711,3914,3712,4006,3751,3480,3286,3407,3468,3279,-33.1953,-2.87353,8.57258,48.224
53961,3886,4013,3778,3422,4654,6232,4633,3684,5265,7316,4891,3786,4312,4687,4059,3504,2.40792,-7.81948,8.50056,48.0813
53962,3433,3928,5512,5881,3465,4090,6984,7893,3303,3841,4836,5104,3230,3394,3820,3741,-8.64171,16.899,8.8685,48.3033
53963,5678,4969,3873,3405,8083,6576,4187,3485,5679,4967,3779,3372,4041,3731,3495,3238,-6.23452,-18.4278,8.54134,48.372
53964,3151,3378,3422,3404,3155,3606,4061,4388,3381,3957,5574,7869,3474,3878,6212,9350,17.3832,22.1282,8.68578,48.1733
53965,3333,3329,3359,2950,3865,4035,3531,3255,5298,5248,4130,3496,8327,9298,4874,3630,27.0082,-13.5385,8.66728,47.972
53966,3488,4333,8246,9954,3396,4014,5053,5534,3290,3516,3749,3855,3133,3330,3407,3421,-32.6846,16.8887,8.88317,47.8127
53967,2995,3246,3440,3403,3271,3522,3958,4206,3389,3896,5686,6836,3418,4428,7208,9320,19.759,18.417,8.71698,48.148
53968,3515,3697,3788,3677,3694,4671,5376,4226,3958,5975,7707,4722,3818,4401,4879,4279,5.7963,3.7042,8.71927,48.2553
53969,3370,3816,4749,5135,3519,4175,6710,7623,3425,3965,5300,6016,3221,3553,3923,4096,-4.68358,17.1901,8.81555,48.3973
53970,3140,3341,3418,3428,3298,3538,3922,4241,3338,3841,5067,7632,3387,3945,5704,10732,19.4803,32.0578,8.66604,47.9813
53971,3905,3790,3408,3227,5422,4748,3598,3276,8591,6469,4074,3467,5998,5042,3824,3333,8.14447,-19.4139,8.87251,48.1147
53972,3211,3361,3344,3343,3542,3653,3752,3726,3803,4640,5209,4600,4131,6304,9934,5809,32.8529,5.92821,8.98293,48.2413
53973,3362,3356,3323,3163,3797,3747,3579,3340,5088,5245,4183,3469,7809,9512,5233,3654,28.2031,-11.939,8.71385,47.9067
53974,3214,3441,3799,3923,3351,3904,5105,5433,3471,4170,7313,7405,3367,4024,5038,5217,6.6348,15.7799,8.79942,48.1167
53975,3035,3222,3439,3484,3275,3530,3941,4084,3555,4214,5845,5934,3708,4512,8552,8067,20.9199,14.3708,8.96178,48.2647
53976,3489,3551,3245,3076,3999,4088,3660,3350,5704,6160,4235,3621,7112,8408,4682,3803,19.9759,-12.5167,8.6757,48.122
53977,4636,4522,3925,3441,6277,7095,4397,3528,5669,6040,4170,3493,4184,4191,3588,3380,-2.10487,-12.9961,8.63306,48.3573
53978,3309,3403,3318,3216,3873,3893,3641,3347,4701,5252,4304,3788,6906,9708,5608,3791,27.5592,-9.61287,8.52968,48.0387
53979,3175,3278,3449,3415,3275,3495,3906,3860,3457,3953,5044,5730,3392,4378,8173,9831,33.9681,17.6085,8.68737,47.874
53980,4013,4024,3641,3312,5279,5961,4272,3587,6171,7365,4429,3547,4847,4876,3814,3440,4.24518,-11.8917,8.72065,48.3853
53981,3154,3207,3395,3419,3250,3346,3667,3940,3386,3720,4741,6113,3432,3807,5948,12164,33.9891,31.1954,8.58021,47.126
53982,3179,3207,3458,3339,3295,3390,3924,4119,3330,3748,4965,7147,3436,3964,5866,11317,21.7157,31.8716,8.50429,47.7893
53983,3683,4431,5523,4711,3739,5079,8130,5552,3376,4214,5025,4390,3313,3492,3740,3644,-8.62244,8.31406,8.88312,48.028
53984,3275,3690,4517,5587,3403,3887,5806,9046,3313,3640,4765,6524,3206,3511,4044,4207,-4.68278,22.8754,8.73439,48.2807
53985,6008,9891,6049,3920,4763,5167,4454,3773,3671,3815,3613,3559,3411,3354,3381,3206,-32.9896,-6.73698,8.99066,48.0233
53986,7122,4859,3661,3343,9929,5328,3951,3396,5398,4309,3598,3314,3798,3650,3390,3213,-10.158,-29.6251,8.74268,48.1727
53987,3655,3862,3791,3413,4233,5506,4587,3728,4749,7769,5762,3888,4206,5036,4402,3728,5.78049,-4.55452,8.58096,48.21
53988,3518,3628,3697,3680,3679,4389,4979,4114,4002,5755,7887,4861,3785,4772,5369,4413,8.4872,4.53588,8.68659,48.352
53989,5810,4983,3843,3319,8720,6449,3917,3454,5450,4800,3724,3291,3992,3809,3426,3134,-7.21121,-19.6975,8.82226,48.0807
53990,3443,3713,3441,3272,3994,4278,3912,3561,5326,7712,4949,3756,5473,6905,5008,3791,14.216,-8.14294,8.72126,48.356
53991,3262,3356,3846,4201,3321,3619,4634,6731,3380,3843,5064,9748,3193,3679,4503,5715,5.33409,30.8921,8.6423,48.0633
53992,7266,5792,4036,3508,8118,6322,4078,3420,4822,4184,3617,3298,3723,3618,3451,3095,-12.9945,-19.5509,8.63002,48.232
53993,3187,3467,3260,3165,3664,3804,3534,3441,4703,5221,4568,3780,6574,9781,5940,3877,30.5127,-8.01859,8.58464,47.9773
53994,3805,4071,3866,3487,4514,6035,4543,3686,4906,7750,5277,3922,4184,4599,4175,3697,3.33794,-6.07829,8.82081,48.3447
53995,2979,3261,3400,3466,3239,3572,3907,4179,3334,3830,4892,7100,3473,3901,5826,11444,21.1591,30.8541,8.57455,47.8687
53996,3586,4725,7787,6905,3643,4308,6455,6043,3263,3693,4014,4085,3062,3386,3563,3407,-17.952,13.1873,8.65806,47.95
53997,4286,5266,4933,4010,4644,7359,6459,4195,3956,4810,4679,3770,3463,3722,3678,3436,-8.51204,-1.67031,8.89884,48.444
53998,3312,3661,4287,4484,3422,3954,5892,6792,3485,4009,5790,7385,3297,3653,4397,4629,0.567926,18.4742,8.5387,48.2993
53999,3163,3259,3370,3403,3250,3573,3793,3778,3517,3968,5260,5533,3607,4786,8858,8850,27.4806,14.8567,8.52493,47.9787
54000,4250,4981,4250,3674,5020,7899,5501,3850,4351,5600,4606,3647,3809,3860,3638,3460,-5.49619,-5.7651,8.85657,48.264
54001,3469,3504,3286,3154,4372,4149,3708,3255,7123,6348,4141,3454,7740,6541,4165,3566,15.9034,-17.6457,8.57367,47.9833
54002,3405,3731,3630,3378,4079,5063,4595,3722,4631,7622,6239,4058,4210,5138,4715,3887,7.35074,-2.86576,8.9121,48.0687
54003,3302,3438,3441,3333,3467,3917,4077,3786,3925,5463,6592,4572,4118,6149,7631,5114,17.4246,3.64629,8.79002,48.2167
54004,3569,3531,3279,3055,4416,4034,3574,3257,8253,5127,3799,3373,9795,5588,3989,3443,17.0781,-32.1814,8.68737,48.0547
54005,3391,3334,3265,3185,3973,3927,3564,3322,5261,5296,4066,3505,8689,9125,4639,3533,33.3456,-14.066,8.87131,48.05
54006,3513,3960,4185,3948,3969,5431,6393,4500,3906,5479,6553,4386,3655,4024,4329,3733,0.0796565,3.27379,8.5747,47.976
54007,3562,3712,3375,3191,4215,4598,3884,3496,5771,7855,4830,3698,5389,6418,4565,3651,12.0029,-9.78907,8.84113,48.14
54008,3091,3248,3614,3571,3272,3570,4085,4572,3435,3961,5890,7869,3442,3941,6192,8533,15.7823,20.5627,8.91311,48.1907
54009,3556,3644,3702,3503,3929,4704,4839,3876,4322,7049,6711,4371,4083,4971,5122,4043,7.96011,-0.38236,8.61853,48.2833
54010,3250,3310,3362,3243,3649,3815,3806,3643,4051,4826,5115,4215,4550,7710,8787,5092,29.2034,1.67326,8.57211,48.2827
54011,3545,4541,8472,9908,3511,4074,5010,5469,3275,3519,3765,3843,3098,3230,3465,3395,-29.7705,17.0097,8.55269,48.08
54012,3623,4446,6895,6809,3503,4337,6743,6593,3409,3805,4209,4289,3160,3362,3458,3616,-15.4734,14.3813,8.80491,48.1713
54013,3116,3167,3377,3372,3278,3403,3819,4011,3360,3833,4959,6130,3406,4096,7142,11359,27.4642,21.5422,8.60138,47.8853
54014,3290,3614,4190,4943,3422,3853,5261,8222,3370,3772,5078,7931,3249,3532,4091,4728,-0.734987,23.9136,8.7081,48.364
54015,3477,3419,3202,3134,4034,3850,3514,3185,5786,4889,3799,3409,11702,6853,3952,3358,33.5754,-22.7763,8.53855,47.7087
54016,3421,4289,7652,10528,3408,3953,5126,5849,3387,3660,3779,3944,3010,3249,3352,3372,-27.4638,19.2967,8.54304,47.986
54017,4953,5491,4406,3773,5534,8150,4924,3734,4282,5081,4039,3592,3604,3659,3565,3304,-8.35905,-8.48945,8.70655,48.0607
54018,6713,9635,5405,3855,4974,5863,4392,3702,3645,3864,3493,3433,3202,3425,3216,3186,-23.3455,-9.57558,8.88543,48.002
54019,12729,6080,3894,3304,6194,4685,3692,3411,3941,3724,3404,3363,3417,3371,3268,3109,-27.9144,-29.4805,8.87975,47.724
54020,8287,9095,4957,3681,5306,5294,4152,3546,3828,3825,3589,3353,3407,3338,3280,3142,-27.0058,-13.7548,8.62916,48.0533
54021,3520,4039,4869,4431,3662,4652,7902,5903,3499,4226,5942,4957,3441,3644,3884,3894,-4.26702,10.2856,8.62697,48.31
54022,6399,5712,4107,3469,7735,6858,4181,3475,4707,4488,3661,3371,3766,3724,3371,3082,-11.2469,-17.1401,8.58892,48.0707
54023,4017,5237,5975,4526,4014,6049,7405,4812,3654,4265,4503,3867,3340,3576,3668,3410,-11.3511,3.42529,8.67892,48.212
54024,3484,3347,3295,3087,4145,3951,3462,3403,6418,5827,4060,3549,8601,7621,4357,3544,19.8584,-16.6923,8.61008,48.1007
54025,3054,3320,3519,3611,3258,3581,4037,4601,3362,3915,5543,8420,3365,3848,5903,8803,15.3683,23.273,8.71418,48.0933
54026,3143,3292,3441,3349,3283,3422,3869,4379,3436,3814,5101,7982,3347,3925,5577,10761,18.4144,31.3204,8.83791,48.0807
54027,3458,3876,5463,8489,3310,3901,5480,8853,3240,3578,4124,4798,3081,3270,3581,3598,-14.2796,24.2062,8.78692,48.0667
54028,6538,9678,5900,3831,4752,5319,4483,3908,3802,3753,3600,3357,3350,3363,3296,3146,-29.7579,-8.37502,8.68985,48.0507
54029,10867,7391,4085,3526,5820,4977,3911,3421,4020,3886,3490,3209,3428,3348,3283,3176,-33.1507,-20.408,8.58243,47.892
54030,3690,3602,3418,3125,4693,4496,3678,3306,7374,7099,4206,3508,6536,6007,4085,3463,12.1086,-16.1329,8.83944,48.1907
54031,3876,3656,3453,3060,5460,4347,3619,3327,10058,5355,3831,3424,6885,4822,3823,3399,9.83626,-27.7134,8.66496,48.2633
54032,3675,3767,3353,3238,4825,4568,3639,3310,7706,6994,4081,3571,6429,5624,4001,3325,10.8096,-17.1784,8.56271,48.0707
54033,3884,4784,6027,4771,3808,5597,7808,5177,3723,4203,4536,3940,3416,3467,3688,3600,-11.1142,5.3047,8.63063,48.286
54034,3509,3536,3421,3295,4103,4307,3827,3480,5485,7831,4898,3686,5550,6951,4719,3831,13.5933,-8.52064,8.8963,48.286
54035,3406,3414,3272,3192,3891,3679,3366,3253,6055,4706,3825,3355,12543,5981,3892,3422,29.13,-32.5252,8.53657,47.5013
54036,3399,3983,6278,10587,3408,3816,5260,7305,3211,3539,4066,4230,3067,3214,3345,3441,-20.0403,23.692,8.58997,48.0993
54037,3144,3276,3695,3638,3406,3558,4234,5177,3443,3774,5328,9790,3322,3777,4941,7474,11.0159,33.7287,8.78421,47.9847
54038,3816,4193,4212,3716,4346,6439,5902,4091,4220,6083,5450,4066,3811,4143,4043,3699,-0.628321,-1.47367,8.93616,48.1533
54039,3377,3321,3276,3063,4032,3940,3427,3332,6028,5201,3989,3506,9868,7833,4372,3545,24.4741,-18.2246,8.56453,48.0733
54040,8878,6008,4037,3450,8019,5679,3993,3425,4406,4067,3543,3160,3607,3496,3272,3148,-16.1806,-21.7657,8.74393,48.1253
54041,3369,3380,3288,3170,3812,4041,3611,3408,5132,5792,4271,3677,7081,9318,5148,3656,22.9694,-10.5852,8.68462,48.1027
54042,4510,5852,5078,4008,4628,7583,6213,3978,3917,4495,4333,3761,3480,3480,3522,3403,-11.0168,-2.7642,8.95842,48.1607
54043,3480,4014,5984,12469,3276,3809,4757,5987,3295,3500,3767,3952,3121,3241,3399,3360,-31.7628,31.316,8.51623,47.6073
54044,3260,3942,5495,9525,3353,3797,5084,8553,3206,3562,3992,4592,3087,3204,3510,3517,-16.3631,27.8716,8.67822,47.786
54045,3450,3539,3407,3241,3825,4342,4082,3627,4790,7488,5880,4021,4730,6331,5272,4164,12.8123,-3.72107,8.93773,48.126
54046,3386,4400,7968,10090,3470,3913,5089,5703,3169,3483,3706,3886,3065,3226,3344,3488,-32.6583,18.1808,8.7386,47.5907
54047,4128,3858,3534,3287,6691,4613,3645,3355,9443,5166,3843,3412,5655,4440,3680,3322,5.15112,-32.8049,8.52061,48.048
54048,3155,3227,3316,3215,3348,3648,3933,3630,3676,4339,5256,4832,3933,5857,9838,6607,27.7564,8.85619,8.71031,47.8733
54049,3599,3572,3518,3253,4121,4688,3948,3536,5507,8088,5198,3709,5003,6176,4600,3740,10.9904,-7.87341,8.99528,48.1707
54050,3093,3379,3461,3331,3380,3839,4149,4058,3691,4574,6643,5410,3816,5101,8183,6348,18.3799,10.3267,8.51867,48.304
54051,6353,4588,3752,3290,9906,5175,3866,3396,6358,4384,3594,3275,4043,3776,3453,3318,-7.02261,-28.8495,8.72297,48.3513
54052,3161,3318,3456,3522,3234,3552,3924,4222,3414,4152,5732,6549,3491,4325,7495,8792,19.6942,17.3358,8.75151,48.226
54053,3351,3449,4066,4379,3312,3649,4878,7248,3293,3793,5005,9092,3387,3566,4346,5238,2.71842,33.3497,8.84224,48.0347
54054,11309,7443,4089,3322,5878,4862,3756,3394,3863,3894,3580,3292,3437,3352,3270,3090,-30.2196,-21.1323,8.59277,47.8873
54055,12712,5923,3990,3382,5959,4667,3732,3384,3963,3725,3427,3173,3386,3429,3296,3208,-28.9782,-32.9023,8.83304,47.5707
54056,4490,4022,3540,3231,6664,5428,3865,3383,7722,6057,3981,3363,4939,4449,3713,3382,2.35591,-18.8032,8.65806,48.1527
54057,3431,3687,4172,4037,3568,4409,6441,5271,3658,4544,7280,5608,3558,3882,4637,4323,1.90253,10.6524,8.74098,48.3373
54058,3226,3244,3523,3709,3257,3430,4167,4762,3387,3847,5235,9120,3379,3776,5294,8552,14.0276,31.8899,8.66285,47.9387
54059,3249,3352,3311,3180,3481,3846,3747,3530,4475,5797,4964,3955,5488,8893,6655,4120,22.6136,-4.30229,8.7604,48.0287
54060,3443,3409,3162,3183,3903,3760,3469,3226,6028,4985,3828,3350,11932,6876,3938,3430,32.6118,-22.0863,8.94869,47.948
54061,3427,3546,3298,3095,4026,4115,3810,3325,5431,6843,4615,3670,6490,7751,5007,3733,17.4155,-10.487,8.68158,48.1213
54062,3174,3380,3440,3457,3214,3659,3980,3943,3561,4337,6279,5690,3704,4815,8195,7234,19.8907,12.8116,8.88792,48.0413
54063,3356,3908,5337,8578,3399,3784,5143,9309,3263,3479,4077,4823,3192,3321,3633,3713,-13.8006,28.1565,8.98832,48.21
54064,3151,3396,3747,4042,3216,3636,4317,5736,3333,3877,5355,9616,3403,3853,4794,6800,9.19608,27.3014,8.68608,48.1813
54065,4599,6204,5472,4048,4630,7230,6027,4054,3931,4481,4031,3633,3439,3598,3437,3369,-12.909,-2.99834,8.83435,48.122
54066,3246,3367,3449,3237,3429,3740,3751,3682,3935,4572,5125,4536,4127,6414,9741,5710,31.0601,5.34549,8.86549,48.0407
54067,3445,3499,3188,3113,4060,4127,3623,3365,5734,6849,4520,3693,6292,7960,4898,3784,17.3977,-11.1438,8.67244,48.1
54068,4129,5070,4879,3943,4615,7478,6355,4132,4066,5130,4733,3755,3595,3730,3506,3454,-7.52632,-2.24795,8.94174,48.38
54069,3686,5094,9086,6622,3751,4425,6176,5219,3367,3748,4092,3914,3117,3338,3345,3338,-20.7887,9.97574,8.87334,48.212
54070,3218,3970,5498,8393,3315,3888,5431,9077,3257,3564,4099,4792,3072,3207,3587,3670,-14.0625,25.5331,8.92976,48.0253
54071,3145,3237,3462,3447,3207,3627,3988,4199,3435,4053,5765,6730,3404,4366,7279,8655,19.3024,17.5431,8.64146,47.9993
54072,12668,6175,3881,3343,5922,4717,3760,3380,3887,3755,3443,3293,3360,3354,3288,3091,-30.8167,-27.4289,8.6475,47.5447
54073,3967,4494,4334,3693,4476,6911,6024,4049,4194,5840,5363,3891,3603,4119,3912,3584,-2.38134,-2.27884,8.89659,48.3027
54074,4645,7376,6551,4352,4366,6353,5612,4069,3671,4113,3944,3664,3276,3430,3328,3452,-17.6117,-1.92594,8.9849,48.1347
54075,4703,4025,3453,3067,7847,4830,3585,3356,8626,5140,3731,3347,4944,4084,3659,3205,0.990544,-28.7515,8.83305,47.7347
54076,4494,6429,5909,4148,4502,6887,6240,4157,3729,4232,4072,3669,3356,3518,3445,3320,-14.1737,-1.34053,8.78579,48.0713
54077,3194,3248,3348,3368,3296,3411,3709,3909,3435,3770,4688,5848,3437,3867,5965,12337,30.4078,32.6657,8.55263,47.22
54078,7109,4862,3810,3288,10042,5212,3812,3354,5486,4319,3581,3301,3832,3552,3352,3175,-10.183,-29.9396,8.9853,48.058
54079,3111,3190,3437,3405,3261,3559,3891,4001,3405,3908,5316,6093,3455,4205,7620,10478,24.8862,19.4187,8.74792,48.2233
54080,7190,9440,5113,3744,5203,5669,4158,3717,3816,3825,3605,3361,3341,3393,3261,3173,-24.092,-11.3083,8.57343,48.006
54081,3467,4125,5408,5396,3561,4291,7527,7231,3432,3815,5069,4922,3193,3427,3840,3902,-8.28312,14.4461,8.85385,48.404
54082,3541,3815,3716,3481,3927,5012,5052,3821,4366,7052,7011,4311,3997,4811,4749,4055,6.23895,-0.277752,8.97773,48.478
54083,3474,3524,3256,3086,4681,3935,3480,3211,8623,5181,3725,3298,9591,5418,3847,3470,16.2823,-28.4126,8.74731,47.8667
54084,3994,3728,3276,3097,5680,4352,3471,3304,9836,5252,3717,3381,6669,4782,3694,3412,8.87364,-29.316,8.5321,47.7633
54085,3024,3119,3451,3456,3205,3399,3903,4198,3313,3746,5094,7394,3403,3959,6150,10946,20.4678,25.8746,8.72634,47.84
54086,3175,3451,3778,4436,3308,3649,4587,7291,3367,3775,5110,9350,3279,3672,4398,5542,3.69695,29.2099,8.90704,48.112
54087,5883,9767,6616,4289,4542,5329,4567,3916,3552,3771,3558,3336,3302,3365,3320,3108,-27.4493,-5.04113,8.96057,48.1473
54088,3229,3348,3368,3278,3609,3634,3793,3548,4019,4608,5120,4356,4253,7141,9155,5307,30.323,3.66392,8.68417,47.844
54089,3275,3587,4492,5372,3320,3853,5120,9088,3309,3657,4708,7174,3131,3451,3931,4406,-3.2062,29.6694,8.60871,47.916
54090,5142,5477,4144,3437,6773,7824,4507,3517,4781,5125,3885,3386,3765,3850,3369,3259,-8.13736,-12.8318,8.6653,48.1607
54091,3685,4272,4855,4082,3957,5577,7484,4686,3822,4839,5589,4364,3405,3779,3982,3659,-4.27392,4.14657,8.75778,48.0247
54092,3464,3924,4599,4266,3563,4691,7378,5497,3496,4445,6563,5070,3534,3769,4094,4071,-1.76533,9.63327,8.78195,48.2827
54093,3508,4146,6822,9888,3441,4036,5273,7030,3314,3562,4059,4257,3103,3126,3436,3451,-20.2819,20.8831,8.57848,48.3013
54094,3474,3432,3237,3185,4096,4077,3700,3282,6480,5809,3997,3510,8684,7482,4374,3556,19.2683,-17.1836,8.84169,48.25
54095,3209,3238,3322,3162,3639,3776,3761,3492,4218,5109,4946,3961,5100,8827,7660,4520,25.7092,-1.86487,8.90291,47.96
54096,3236,3449,3515,3481,3607,3932,4480,3893,3967,5870,7488,4726,4140,5400,6535,4689,13.2145,3.478,8.97776,48.272
54097,3230,3518,4205,4699,3372,3834,5149,8203,3380,3811,5096,7993,3251,3664,4121,4736,-0.443839,33.6368,8.60343,48.1747
54098,3390,3871,5905,12508,3376,3732,4634,5969,3341,3300,3715,3934,3200,3263,3329,3382,-32.3934,33.3102,8.84399,47.2327
54099,4167,6384,8407,5351,3947,4913,6126,4547,3446,3810,3928,3729,3224,3423,3427,3381,-20.5342,4.48571,8.80637,48.14
54100,6669,8192,4732,3672,5621,6448,4408,3614,4016,4076,3560,3363,3465,3510,3316,3233,-18.5823,-11.9366,8.92674,47.93
54101,3491,3698,3561,3374,3823,4673,4539,3747,4498,7113,6653,4234,4210,5450,5247,4148,9.96653,-1.25571,8.777,48.306
54102,4644,4261,3608,3266,7901,5579,3846,3422,7410,5454,3740,3330,4777,4173,3602,3232,-0.430648,-21.6019,8.68702,48.1633
54103,12406,6054,3982,3333,6472,4748,3738,3370,4020,3793,3495,3267,3389,3369,3172,3251,-25.7329,-31.9957,8.58746,47.906
54104,3795,3741,3498,3207,4817,4929,3818,3410,6946,7943,4303,3441,5562,5539,4098,3337,9.04948,-13.9217,8.99432,48.256
54105,3439,4435,8492,9719,3415,4096,5124,5504,3204,3529,3767,3923,3197,3125,3414,3363,-32.0394,16.7473,8.87999,47.8307
54106,3396,3375,3256,3165,3918,3826,3379,3200,5948,4986,3927,3447,10900,7492,4173,3470,26.8215,-20.1863,8.63376,47.9053
54107,5480,9291,7000,4318,4424,5140,4696,3876,3560,3821,3636,3373,3318,3344,3276,3197,-30.8656,-3.93348,8.54754,47.8333
54108,3502,3701,3794,3521,3745,4537,5012,4098,4019,6301,7482,4656,3884,4803,5127,4213,7.35938,2.7554,8.97587,48.2633
54109,4652,4099,3603,3307,7735,4988,3683,3355,8541,5050,3779,3279,4833,4298,3693,3350,1.04085,-32.0789,8.5455,48.1633
54110,3137,3246,3329,3219,3428,3734,3876,3665,4028,4903,5587,4356,4195,6674,9143,5456,23.525,4.10194,8.93934,47.984
54111,3453,4086,5415,5681,3436,4361,7422,7322,3406,3811,4800,4885,3173,3343,3814,3815,-8.94157,15.0748,8.75207,48.1487
54112,4037,4176,3849,3564,4771,6548,4995,3709,4755,7056,5161,3755,4053,4366,4120,3532,0.897757,-5.96987,8.85836,48.298
54113,2971,3246,3411,3428,3315,3626,4091,4072,3646,4301,6297,6050,3598,4573,7892,7441,19.1332,14.2093,8.53395,47.972
54114,3751,5066,8643,6576,3679,4436,6420,5391,3395,3591,4063,3912,3148,3237,3343,3317,-19.7317,10.7036,8.99695,47.9787
54115,3210,3381,3619,3831,3311,3585,4342,5446,3385,3940,5175,9739,3331,3741,4862,7044,10.0884,32.214,8.73348,47.9613
54116,3693,3719,3328,3077,4851,4337,3623,3364,8446,6277,4024,3450,7294,5571,3984,3512,12.3212,-20.4676,8.55404,48.3667
54117,5290,4440,3655,3257,9436,4990,3752,3328,7231,4489,3606,3343,4422,4015,3470,3172,-3.46091,-31.7655,8.9954,47.9307
54118,3435,3499,3275,3109,3942,3832,3477,3204,6805,5048,3906,3367,11492,6478,3966,3369,22.9492,-23.5515,8.84975,48.136
54119,5895,4699,3760,3328,9532,5727,3835,3413,6049,4664,3622,3233,4103,3849,3364,3239,-6.56882,-23.6186,8.79526,48.208
54120,3738,4982,7845,6223,3645,4662,6928,5711,3290,3796,4093,4035,3174,3377,3573,3441,-16.7525,10.2937,8.68279,48.342
54121,7490,5829,3963,3505,8049,6127,4036,3448,4677,4329,3572,3383,3669,3676,3298,3164,-13.2762,-19.4874,8.55144,48.1433
54122,3627,4656,8811,8235,3480,4110,5645,5427,3311,3530,3822,3889,3099,3292,3410,3439,-23.2269,13.8358,8.8284,47.8553
54123,8898,7857,4485,3481,6172,5761,3999,3436,4152,3942,3493,3281,3283,3518,3216,3072,-21.2342,-16.9117,8.83391,48.0307
54124,3380,3972,6079,12790,3448,3768,4718,6007,3255,3467,3755,3875,3160,3276,3318,3326,-28.4716,30.5695,8.96775,47.7293
54125,11902,6157,3958,3451,6739,4838,3769,3376,4140,3869,3436,3296,3504,3313,3225,3057,-23.8903,-26.2978,8.84879,48.02
54126,3370,3323,3335,3222,3930,3777,3342,3264,5835,4770,3819,3445,12465,6087,3999,3502,31.0367,-33.0888,8.54181,47.6567
54127,3373,3452,3364,3191,3758,3926,3765,3442,4745,6332,5274,3941,5362,8419,5969,4121,19.2628,-5.07954,8.83337,48.2893
54128,3188,3206,3344,3339,3483,3612,3853,3669,3807,4544,5735,4738,4091,6149,9526,5999,23.7101,6.58984,8.82569,48.1887
54129,3430,3791,5293,9030,3416,3820,5157,8881,3293,3568,4061,4622,3271,3265,3462,3630,-15.0642,30.1985,8.76213,47.9933
54130,3190,3164,3397,3409,3225,3438,3929,4079,3319,3749,4759,6959,3441,3883,5922,11722,22.6048,33.27,8.81679,47.7233
54131,7080,7072,4375,3583,6686,6456,4260,3593,4289,4209,3668,3315,3581,3541,3400,3106,-16.0246,-14.8947,8.61413,48.1427
54132,3218,3614,3971,3802,3328,4007,5259,4771,3660,4697,8029,6325,3508,4139,5186,4992,6.64666,11.7361,8.74431,48.3373
54133,3405,3978,5958,11946,3297,3837,4847,6726,3205,3500,3767,4029,3174,3240,3351,3401,-23.4834,33.5185,8.6681,47.774
54134,3181,3481,3608,3717,3503,3886,4844,4558,3643,4514,7885,6517,3625,4249,5707,5464,9.55665,12.3289,8.53656,48.2547
54135,4124,4203,3653,3342,5426,6339,4273,3585,5829,7246,4498,3522,4370,4465,3807,3415,1.80646,-11.5325,8.69009,48.0647
54136,3288,3431,3388,3184,3550,3638,3755,3601,3819,4685,5009,4507,4179,6571,9570,5816,28.1347,5.14077,8.70814,47.994
54137,7018,5673,3836,3422,8562,6159,3994,3504,4861,4274,3765,3274,3594,3600,3297,3198,-11.949,-20.295,8.55693,48.0207
54138,3402,3476,3240,3105,4357,3893,3576,3228,7443,4974,3727,3348,11066,5784,4042,3340,20.5273,-27.5046,8.63443,48.0007
54139,3803,3626,3256,3124,5434,4279,3618,3162,9702,5571,3669,3408,7159,5035,3777,3271,10.8549,-25.4958,8.95942,47.9293
54140,3071,3333,3328,3365,3365,3612,3949,3759,3582,4250,5354,5096,3765,5312,9738,7418,28.3954,10.9388,8.55426,48.198
54141,3358,3476,3205,3203,3729,3780,3618,3392,5000,5224,4240,3732,7052,9631,5380,3785,33.5012,-10.4167,8.72667,47.87
54142,4053,5866,9450,6270,3698,4595,5689,4844,3404,3725,3897,3785,3111,3279,3288,3370,-23.9429,7.43378,8.71158,48.216
54143,3505,3427,3195,3139,4169,3878,3329,3164,7430,5008,3890,3317,11117,6073,3924,3449,20.6592,-26.0313,8.87399,48.0093
54144,3742,4170,4108,3770,4202,6234,6023,4176,4193,5955,5909,4092,3664,4097,4094,3820,-0.475544,-0.240711,8.98122,48.166
54145,6020,7790,4952,3829,5555,7048,4487,3623,4102,4203,3918,3467,3370,3544,3470,3233,-16.3972,-9.77551,8.65908,48.4073
54146,10303,6055,3904,3368,7700,5237,3791,3358,4325,3834,3517,3196,3443,3305,3179,3119,-19.0788,-24.3032,8.58222,47.756
54147,4491,4231,3618,3307,6550,5862,4048,3492,6682,6358,3949,3506,4659,4330,3711,3325,0.599087,-16.7322,8.50572,48.0793
54148,3369,3468,3440,3141,3591,3828,3723,3379,4914,6251,4755,3722,6011,8892,5611,3885,20.4989,-7.69026,8.89602,47.9867
54149,3369,3312,3201,3077,3952,3809,3393,3287,6013,4916,3810,3330,11970,6646,4106,3422,29.6071,-23.791,8.6003,47.742
54150,3674,4347,5943,5447,3604,4712,7843,6138,3415,3925,4738,4457,3332,3473,3681,3678,-10.6318,11.4254,8.60823,48.2713
54151,4925,4386,3645,3280,8100,5879,3945,3311,6874,5320,3822,3393,4404,4145,3463,3210,-2.30646,-20.6649,8.69546,48.068
54152,3461,3280,3191,3161,3905,3729,3379,3186,6634,4859,3896,3373,11877,5878,3943,3361,23.6185,-31.3912,8.79683,47.4087
54153,3135,3443,3381,3239,3585,3857,3929,3734,4229,5492,6278,4509,4381,6425,7439,4891,17.7729,2.14611,8.84815,47.9647
54154,3970,4708,4882,4054,4170,6223,7215,4536,3828,4794,5148,4107,3574,3885,3859,3606,-6.06841,1.95217,8.5691,48.3727
54155,3219,3322,3481,3500,3374,3542,4164,4297,3477,4076,6055,7209,3440,4197,6740,8040,16.4743,17.7114,8.75556,48.0887
54156,3250,3340,3357,3365,3700,3796,3628,3516,4194,5367,5167,4115,4992,8339,7491,4551,23.2349,-1.22582,8.66987,48.112
54157,3453,4057,6819,11348,3334,3952,4912,6391,3330,3415,3861,4050,3196,3052,3319,3422,-24.7199,22.9577,8.76332,47.9407
54158,3338,3816,4695,6391,3281,3728,5223,9705,3305,3611,4356,6008,3218,3439,3907,4078,-7.48005,32.4265,8.50981,48.066
54159,12318,6576,4078,3346,5975,4868,3769,3413,3971,3801,3392,3306,3394,3310,3159,3118,-29.9743,-24.6919,8.74105,47.8627
54160,3907,3649,3424,3101,5242,4506,3692,3277,9000,6075,3870,3432,6609,5273,3888,3452,9.89067,-21.1964,8.58125,48.2647
54161,3042,3208,3451,3298,3279,3538,3843,4001,3310,4002,5152,6077,3438,4323,7723,10298,24.2799,19.1347,8.89204,47.9887
54162,3270,3401,3347,3134,3669,3922,3673,3390,4637,5253,4392,3784,6111,9863,6239,3973,28.2365,-6.77461,8.54138,48.0387
54163,5979,9676,6233,4162,4584,5521,4620,3887,3787,3793,3652,3397,3381,3462,3264,3114,-25.51,-6.19307,8.56959,48.3413
54164,3423,4251,7292,11319,3418,3842,4957,5853,3256,3512,3848,3938,3045,3165,3326,3467,-27.8341,20.1751,8.98379,47.9413
54165,3273,3986,6199,11359,3487,3893,4857,7169,3205,3447,3926,4098,3036,3227,3446,3428,-22.1594,26.2091,8.50897,48.024
54166,4424,5969,5660,4201,4456,6844,6422,4392,3793,4372,4333,3765,3379,3515,3604,3393,-12.4524,-1.04638,8.67178,48.348
54167,5821,9544,6591,4194,4486,5207,4581,3925,3598,3829,3716,3473,3329,3333,3303,3139,-27.5891,-5.26361,8.60203,48.046
54168,3412,3365,3227,3065,4000,3860,3634,3199,5830,5043,3870,3445,11047,7189,3994,3455,33.1005,-20.7954,8.52853,47.7567
54169,3580,3471,3301,3144,4508,3925,3499,3151,8540,5098,3905,3391,9647,5323,3836,3376,16.3244,-30.0992,8.90764,47.7967
54170,3745,3817,3686,3372,4398,5361,4271,3646,5279,8154,5080,3693,4683,5299,4300,3633,7.00122,-7.79712,8.58335,48.278
54171,3273,3666,4601,6024,3423,3767,5255,9596,3293,3714,4550,6440,3184,3444,3748,3939,-6.1894,30.4974,8.59646,47.9447
54172,4418,6920,8119,4836,4159,5317,6017,4422,3537,3832,3934,3623,3268,3195,3482,3324,-19.9441,1.95723,8.94491,48.2687
54173,3572,4446,7082,6948,3414,4306,6819,6491,3337,3687,4317,4215,3178,3396,3557,3505,-15.84,14.57,8.74771,48.18
54174,3670,4887,7578,6111,3612,4664,7265,5762,3334,3731,4279,4089,3183,3351,3555,3397,-15.6507,10.7211,8.8487,48.312
54175,3622,3732,3477,3476,4022,4805,4382,3682,4585,7486,6202,4056,4372,5597,4886,3973,9.18537,-3.06866,8.63394,48.2367
54176,8307,9471,4764,3570,5181,5165,4160,3645,3804,3792,3580,3292,3303,3392,3250,3107,-31.6493,-13.544,8.78322,47.8553
54177,5021,4287,3600,3302,8920,5105,3714,3370,7739,4879,3698,3199,4526,4082,3563,3218,-2.02069,-26.228,8.91536,48.1487
54178,3408,3828,5964,12671,3390,3694,4793,5993,3360,3408,3744,3901,3237,3328,3433,3478,-33.6928,30.3887,8.62687,47.7533
54179,3432,3390,3280,3079,3847,3770,3461,3342,5825,4980,3849,3365,11016,7408,4103,3402,31.2994,-19.9286,8.79916,47.6993
54180,3181,3401,3712,4030,3181,3758,4711,5624,3335,3773,5866,9226,3377,3804,4808,6282,7.68356,22.5848,8.85452,48.046
54181,3066,3228,3410,3322,3229,3500,3854,4030,3529,3967,5506,5819,3669,4594,8309,8916,23.7449,15.7752,8.80545,47.9653
54182,8053,8580,4659,3605,5716,5761,4178,3559,3898,3911,3504,3350,3515,3398,3340,3164,-22.0148,-14.069,8.63201,48.1273
54183,3420,3386,3233,3072,3980,3840,3514,3202,6378,4805,3891,3240,11641,6617,4008,3392,25.5291,-23.8158,8.64118,47.746
54184,3477,3446,3200,3144,4303,3952,3499,3270,7982,4837,3818,3287,10658,5723,4053,3358,19.2377,-28.9125,8.94249,48.0047
54185,3161,3163,3288,3378,3333,3482,3820,3939,3456,3967,4954,5976,3457,4367,7487,10790,27.6097,20.2101,8.6395,48.012
54186,3903,5577,9815,6924,3583,4417,5324,5007,3348,3539,3890,3761,3115,3255,3240,3328,-27.8787,9.87679,8.64054,48.0173
54187,3477,3440,3320,3199,3959,3966,3763,3430,5828,6321,4414,3708,6977,8278,4757,3731,19.0956,-11.9422,8.67447,48.3787
54188,3650,3813,3775,3534,4069,5208,4990,3972,4525,6913,6434,4192,4002,4725,4593,3926,5.285,-1.40906,8.79858,48.214
54189,3192,3439,3610,3554,3391,3808,4550,4277,3579,4643,7644,6084,3579,4430,6551,5776,12.3534,11.0637,8.54371,48.0713
54190,3152,3284,3291,3240,3474,3754,3716,3690,3836,4465,5275,4673,4127,6455,9648,5967,28.0428,5.92641,8.76333,48.0313
54191,7663,5370,3841,3415,9299,5662,3928,3364,5119,4207,3572,3265,3654,3587,3318,3103,-12.3543,-23.1507,8.93151,48.2447
54192,3441,3519,3243,3080,4265,4029,3515,3274,7749,5173,3802,3380,10432,6010,3924,3344,18.6395,-26.4033,8.74626,48.12
54193,5183,5334,4032,3497,6753,7837,4607,3577,4959,5109,3924,3443,3810,3905,3522,3219,-7.79259,-13.2845,8.94955,48.474
54194,3402,3961,6132,9534,3450,3980,5500,7726,3238,3559,4015,4300,3009,3192,3444,3554,-17.8699,22.0372,8.77101,47.9973
54195,6149,9658,5898,4007,4742,5665,4568,3713,3771,3745,3553,3397,3386,3437,3400,3101,-24.3744,-7.63124,8.76575,48.1267
54196,4150,3970,3446,3206,5531,5279,3865,3384,7333,6989,4195,3460,5177,4876,3807,3477,5.47952,-16.0834,8.65423,48.0967
54197,4494,4000,3508,3151,7515,4917,3757,3423,9029,5096,3727,3344,5247,4296,3594,3248,2.07646,-27.827,8.88282,48.2307
54198,3462,3859,6155,12426,3390,3816,4725,6299,3302,3444,3672,3864,3105,3285,3315,3403,-26.4755,32.7463,8.93766,47.6813
54199,3316,3423,3290,3255,3703,3952,3635,3536,4471,5344,4924,3945,5548,9090,6768,4176,25.1912,-4.25147,8.58384,48.2507
54200,3295,4023,6727,12115,3205,3862,4923,6122,3264,3458,3880,3750,3090,3211,3412,3382,-27.6832,23.5463,8.99159,47.8127
54201,3374,3358,3326,3092,3760,3846,3714,3462,4777,5218,4418,3597,6342,10034,5949,3877,31.9634,-7.89648,8.87027,48.096
54202,4595,7105,8416,5030,4022,5154,5666,4479,3543,3787,3826,3712,3192,3249,3197,3203,-21.6149,2.27504,8.97113,48.1173
54203,3376,3976,5844,12649,3465,3789,4664,5980,3205,3420,3833,3927,3140,3264,3319,3283,-28.6967,32.6958,8.87296,47.4227
54204,4419,7049,8232,5068,4100,5118,5725,4380,3529,3817,3894,3671,3235,3306,3325,3349,-21.3345,2.38793,8.93339,48.1447
54205,3481,4017,5434,7852,3449,3936,5741,8600,3273,3550,4184,4788,3148,3366,3580,3698,-13.6483,22.9394,8.53513,48.0647
54206,3374,4435,8349,10049,3450,4063,5194,5564,3258,3566,3802,3977,3046,3208,3497,3375,-31.6261,17.4715,8.97774,48.138
54207,12163,6516,3971,3428,6330,4825,3808,3370,3968,3690,3531,3183,3398,3362,3218,3000,-26.4414,-24.5058,8.75327,47.8407
54208,3417,3957,5983,11459,3424,3782,4877,7100,3276,3519,3931,4146,3130,3184,3394,3425,-21.7847,26.7113,8.65947,48.0027
54209,3308,3330,3274,3159,4016,3819,3486,3230,7129,4889,3898,3359,11588,5879,3967,3431,21.7178,-31.2131,8.85919,47.8413
54210,3172,3339,3705,3888,3341,3669,4308,5664,3374,3838,5236,10068,3383,3736,4670,6545,8.55681,32.4786,8.9849,47.9573
54211,3539,3414,3190,3130,4124,3898,3423,3308,7061,5079,3857,3409,11378,5792,3911,3400,21.3596,-28.9794,8.60019,47.942
54212,7486,9208,5143,3618,5182,5846,4314,3607,3810,3858,3692,3347,3320,3386,3303,3183,-22.355,-11.6899,8.85668,48.202
54213,3249,3734,5016,6147,3438,3946,6042,9283,3406,3665,4570,5647,3112,3478,3844,3919,-8.13935,21.7483,8.62421,48.3307
54214,3480,3611,3935,3607,3578,4339,5148,4243,4083,5801,7869,4880,3892,4508,5179,4377,7.03623,4.65977,8.70822,48.3533
54215,6523,6864,4305,3680,6719,6906,4323,3560,4337,4280,3659,3418,3619,3659,3318,3187,-14.4918,-14.3162,8.99564,48.238
54216,4731,4857,3952,3467,6077,7659,4520,3518,5086,5824,4048,3493,4066,4028,3656,3336,-4.07082,-11.751,8.65625,48.212
54217,7622,5176,3925,3511,9468,5651,3904,3376,5108,4175,3550,3154,3713,3605,3261,3104,-11.6472,-24.3594,8.79436,48.202
54218,3564,4759,8791,9089,3430,4093,5255,5460,3298,3546,3911,3846,3044,3195,3288,3290,-27.8188,15.3384,8.88733,47.906
54219,12066,5896,3850,3403,6824,4924,3803,3351,4001,3731,3500,3215,3393,3367,3186,3069,-23.5374,-29.0588,8.67039,47.7193
54220,3876,4839,6827,5496,3677,4956,7659,5701,3379,3820,4392,4049,3164,3420,3641,3426,-13.3605,9.22834,8.60619,48.2147
54221,5223,4562,3732,3344,8318,6224,3990,3347,6306,5221,3784,3383,4249,3891,3481,3272,-4.0982,-19.659,8.98519,48.218
54222,5806,4587,3611,3414,9650,5195,3748,3416,6223,4673,3663,3344,4043,3802,3386,3237,-6.13161,-32.952,8.69609,47.8653
54223,4753,4211,3659,3266,8254,4941,3808,3344,8259,5008,3709,3336,4678,4177,3554,3225,-0.134676,-28.2342,8.56158,48.1213
54224,3295,3419,3513,3440,3567,3945,4016,3709,4227,6059,6371,4359,4487,6609,6758,4478,16.3659,0.593279,8.87597,48.168
54225,3469,3340,3403,3043,3635,3807,3583,3339,5027,5218,4318,3587,7313,9678,5370,3788,28.3402,-10.8385,8.51249,47.9453
54226,7752,9731,5201,3718,5065,5139,4151,3601,3746,3802,3591,3219,3357,3383,3273,3259,-29.2099,-11.653,8.96535,47.992
54227,3099,3397,3622,3685,3367,3718,4356,4618,3562,4193,7099,7210,3570,4183,6260,6450,12.6433,15.4086,8.69444,48.2593
54228,3312,3684,5358,8583,3282,3835,5294,9156,3241,3542,4111,4823,3084,3444,3538,3713,-13.5775,26.6833,8.72146,48
54229,3368,3429,3241,3080,4027,3860,3410,3246,6737,5104,3834,3392,11015,6829,4022,3313,22.196,-22.179,8.94348,47.938
54230,5445,9341,7182,4300,4398,5260,4702,4012,3550,3793,3678,3482,3269,3420,3163,3195,-28.0913,-3.64654,8.85576,48.1267
54231,3142,3160,3412,3362,3308,3410,3918,4034,3340,3720,4819,6696,3387,4041,6022,11862,22.7158,32.2685,8.83352,47.7553
54232,4926,4389,3538,3314,8675,5018,3771,3354,7774,4813,3800,3402,4523,4189,3469,3216,-1.40041,-31.8712,8.52624,48.114
54233,11066,6456,4067,3296,6834,5085,3871,3432,4115,3886,3458,3356,3446,3440,3248,2993,-22.2924,-23.4364,8.57653,48.0327
54234,12812,5831,3876,3310,6068,4741,3734,3300,3924,3782,3418,3324,3449,3461,3310,3119,-33.6075,-29.2867,8.94226,47.6393
54235,11515,7071,4121,3456,5783,4812,3790,3438,3915,3729,3430,3272,3401,3370,3275,3075,-32.6452,-21.6062,8.82926,47.6353
54236,3232,3368,3588,3495,3566,4240,4422,3825,4109,5961,7488,4697,4097,5332,6116,4632,12.0372,3.44214,8.71676,48.112
54237,6034,9867,6015,4021,4557,5088,4563,3806,3658,3780,3736,3293,3310,3301,3302,3286,-31.2178,-6.44377,8.90136,47.7447
54238,3356,3380,3207,3164,3883,3853,3447,3289,5895,5159,4012,3458,10238,7951,4346,3488,26.3502,-18.5514,8.6772,48.084
54239,10103,5504,3850,3304,8132,4930,3828,3382,4408,3951,3520,3277,3549,3471,3256,3173,-17.8758,-29.7904,8.61007,47.7587
54240,3086,3081,3404,3413,3230,3425,3904,3908,3279,3746,4937,6174,3441,4099,6690,11810,26.6203,23.9849,8.63666,47.7513
54241,3504,3382,3304,3215,4200,3990,3537,3306,6564,5925,4144,3458,8509,7280,4302,3438,19.1648,-17.1225,8.53897,48.0387
54242,4665,3947,3457,3244,7910,4876,3692,3299,8772,5015,3627,3373,4952,4315,3518,3268,1.41632,-32.4687,8.94633,47.9533
54243,5591,9489,6848,4216,4468,5388,4664,3815,3566,3876,3664,3495,3257,3415,3329,3185,-26.5688,-4.4732,8.8951,48.1773
54244,6009,7214,4853,3660,5644,7340,4776,3788,4088,4377,3761,3328,3476,3548,3438,3252,-15.1403,-9.87896,8.52084,48.368
54245,3400,3484,3413,3107,3926,3996,3621,3405,5475,6107,4473,3695,7193,8493,4858,3667,20.0772,-11.7915,8.71958,48.2087
54246,3144,3183,3279,3370,3284,3453,3864,3990,3494,4156,5298,5773,3513,4616,8206,9605,24.5155,17.0333,8.64061,48.152
54247,3715,3876,3539,3311,4630,5516,4302,3614,5535,8243,5033,3738,4541,5046,4240,3622,5.78524,-8.16405,8.8767,48.334
54248,3035,3260,3399,3321,3262,3516,3876,3898,3431,3851,5005,6030,3415,4166,7412,11208,26.2524,21.0928,8.63999,48.0567
54249,3777,3628,3362,3125,5425,4290,3505,3253,9783,5173,3916,3320,7061,4885,3755,3343,10.0302,-30.6769,8.89309,47.734
54250,3218,3388,3415,3225,3486,3714,3948,3652,3829,4682,5680,4700,4155,6299,9290,5624,23.2161,5.09191,8.92997,48.2033
54251,3462,3602,3520,3373,4004,4308,4020,3596,5054,7643,5593,3900,4901,6733,5206,3888,13.7714,-4.94463,8.82203,48.5353
54252,4153,6797,9703,5662,3873,4639,5373,4540,3507,3657,3884,3720,3203,3175,3266,3311,-28.2781,5.12383,8.93798,48.3087
54253,3377,3454,3320,3167,3530,3697,3629,3473,4469,5103,4630,3974,5417,9455,7075,4192,28.4381,-3.86554,8.95803,47.9747
54254,3586,4042,6013,8301,3313,3959,5774,8008,3289,3549,4080,4561,3102,3287,3558,3615,-15.0932,20.424,8.5914,48.0247
54255,4420,6733,6912,4594,4239,6086,6063,4342,3631,3869,4054,3663,3323,3524,3398,3359,-16.7693,0.203706,8.73997,48.14
54256,4989,4246,3662,3203,8693,4897,3753,3316,7971,4955,3612,3363,4694,4214,3569,3159,-1.00817,-27.6429,8.88719,48.1973
54257,10494,7702,4245,3399,5667,4971,3889,3379,3925,3968,3449,3274,3325,3488,3317,3038,-30.3827,-19.1096,8.79082,47.6867
54258,3237,3498,3846,4012,3235,3528,4562,6297,3332,3861,5180,9654,3211,3784,4696,5939,6.32307,32.8963,8.94204,47.9147
54259,3437,3796,4028,3898,3687,4684,6115,4510,3835,5121,7545,4989,3770,4094,4586,4174,3.16508,6.10569,8.77915,48.1793
54260,3223,3346,3289,3370,3341,3623,3812,3708,3768,4465,5288,4644,4032,6157,9839,6212,28.6109,6.74825,8.55542,48.078
54261,5632,4538,3658,3296,9452,5310,3821,3311,6702,4645,3701,3295,4294,3911,3454,3184,-5.12087,-28.1996,8.67766,48.136
54262,3612,3492,3282,3181,4522,4055,3545,3312,8980,5200,3793,3418,8952,5417,3839,3316,15.0568,-29.5378,8.57012,47.944
54263,3509,3855,4842,4556,3550,4594,7312,6063,3566,4111,5999,5302,3343,3644,4104,4013,-3.15845,11.994,8.73675,48.242
54264,3143,3292,3528,3416,3325,3536,4019,4044,3449,4187,5786,6136,3583,4473,7844,8360,20.7484,15.7024,8.51449,48.0807
54265,4068,3782,3463,3145,6293,4607,3575,3188,9721,5070,3833,3310,5992,4668,3688,3352,6.25795,-33.7429,8.85788,47.8367
54266,3645,3606,3316,3210,4731,4092,3627,3251,8776,5341,3833,3215,8856,5455,4024,3332,14.9228,-26.122,8.54733,48.2067
54267,3485,3861,3927,3538,3792,4733,5522,4208,3894,5925,7590,4578,3709,4454,4826,4085,4.9986,3.62809,8.82126,48.0847
54268,3746,4179,4144,3764,4107,6144,5959,4189,4163,6089,5962,4044,3807,4237,4246,3706,-0.0174075,-0.179597,8.99135,48.324
54269,3167,3410,3793,3677,3387,3887,4935,4738,3507,4515,7522,7028,3491,4139,5651,5493,9.53161,14.2462,8.73461,48.2267
54270,4432,4165,3763,3225,6295,5947,3937,3448,6864,6445,4056,3442,4602,4410,3627,3432,1.52349,-16.3761,8.60168,48.06
54271,3485,4296,7748,10686,3418,3942,5037,5964,3168,3503,3814,3948,3214,3277,3281,3373,-27.0199,19.2269,8.64127,48.1027
54272,3103,3303,3520,3589,3233,3617,4083,4058,3373,3913,5486,7076,3427,4067,6738,9695,19.5864,20.4996,8.54318,48.1873
54273,3286,3332,3179,3117,3695,3879,3607,3401,4797,5275,4439,3706,6899,9829,5531,3866,31.3662,-9.30253,8.65659,47.892
54274,3623,3695,3235,3147,4714,4118,3483,3266,9089,5143,3843,3429,8892,5201,3808,3327,14.4686,-31.1487,8.6772,48.0087
54275,10057,5574,4057,3468,7865,5065,3884,3444,4347,4025,3531,3270,3503,3551,3260,3113,-17.9077,-31.2693,8.51037,48.0093
54276,4859,7394,6160,4101,4572,6685,5585,4083,3846,4047,4007,3499,3439,3447,3381,3132,-17.1424,-2.91307,8.79277,48.158
54277,6723,6757,4367,3623,6742,6951,4385,3508,4262,4318,3822,3303,3503,3552,3426,3113,-14.6746,-14.314,8.91623,48.2367
54278,4426,4379,3702,3367,6332,6250,4067,3551,6614,6310,4139,3470,4441,4308,3652,3326,0.0660013,-15.1759,8.67188,48.2227
54279,3103,3138,3477,3438,3202,3568,3898,4313,3300,3751,5035,7822,3394,3887,5728,10853,19.0835,27.6268,8.87419,47.938
54280,3751,4666,5524,4554,3855,5492,8067,5213,3540,4166,5034,4242,3221,3465,3687,3626,-8.6207,6.24591,8.82053,48.0687
54281,11446,7267,4041,3375,5795,4895,3912,3401,3864,3917,3497,3196,3475,3398,3163,3111,-28.0607,-21.2021,8.76289,47.8353
54282,8039,5423,3825,3460,8691,5753,3841,3482,4908,4260,3602,3362,3725,3584,3354,3046,-13.3319,-23.1559,8.50627,48.2367
54283,4972,4141,3623,3231,8456,5541,3807,3392,7594,5008,3690,3251,4530,3957,3558,3264,-1.37416,-24.1783,8.75424,48.01
54284,3136,3205,3280,3223,3256,3284,3835,3975,3415,3708,4812,6431,3412,3863,6038,12244,24.6941,26.8843,8.98411,47.4113
54285,3477,3891,4739,4892,3444,4114,7015,7035,3426,3877,5569,5776,3343,3575,4032,4047,-4.10415,15.4823,8.6536,48.168
54286,5989,5793,4106,3393,7363,7415,4350,3469,4731,4690,3751,3359,3713,3718,3518,3180,-10.803,-15.2187,8.94151,48.3587
54287,7761,7147,4418,3492,6420,6346,4214,3540,4191,4083,3670,3318,3607,3437,3307,3105,-17.7289,-15.8906,8.75208,48.0373
54288,4349,3881,3550,3109,7038,4698,3693,3365,9474,5311,3826,3309,5514,4421,3542,3241,3.89188,-27.2835,8.73267,48.214
54289,4490,4608,3868,3459,5932,7400,4477,3554,5113,6295,4263,3621,4036,4199,3752,3371,-2.57979,-11.4628,8.88282,48.292
54290,3059,3239,3419,3472,3332,3577,4170,4296,3290,3865,5621,7389,3446,4091,6518,9220,18.1111,20.7075,8.79717,48.0027
54291,8999,6163,4001,3342,8156,5716,3885,3372,4504,4203,3435,3334,3458,3450,3287,3170,-15.9644,-21.7655,8.85009,48.3167
54292,7232,5478,3828,3458,8494,6165,4077,3463,4871,4374,3666,3215,3782,3647,3297,3188,-12.4197,-20.7699,8.51434,48.1567
54293,11927,5869,3992,3435,6766,4895,3815,3444,3946,3777,3518,3379,3441,3392,3299,3091,-23.4083,-31.8455,8.55023,47.9907
54294,3324,3396,3354,3122,3794,3935,3596,3328,5226,5575,4390,3566,7402,9140,5059,3804,24.1311,-11.5871,8.50401,48.0073
54295,3881,5509,8722,6202,3724,4664,6115,5010,3442,3737,4114,3789,3179,3345,3415,3361,-20.3578,8.08028,8.62363,48.1393
54296,3270,3577,3647,3522,3651,4134,4729,4163,4019,5677,7963,4880,3843,4739,5934,4592,10.0852,4.80013,8.97881,48.2267
54297,3337,3551,4320,5192,3391,3755,5042,8935,3295,3637,4853,7584,3283,3568,4036,4493,-2.35103,30.1521,8.69256,48.1813
54298,3801,3733,3440,3159,4848,4778,3828,3378,7341,7404,4379,3530,5605,5588,4088,3467,9.20229,-14.9903,8.80255,48.2447
54299,3202,3653,4317,4572,3395,3902,5861,6914,3394,4027,5904,6875,3204,3677,4283,4608,0.299875,17.6887,8.82233,47.8587
54300,3542,4584,6951,6062,3689,4610,7446,6259,3369,3786,4414,4299,3165,3340,3655,3385,-14.206,11.9645,8.79436,48.3707
54301,3251,3552,4283,4618,3360,3801,5385,7581,3305,3833,5502,7928,3228,3599,4318,4683,0.302167,21.3792,8.95594,48.1513
54302,3982,3804,3439,3273,6437,4522,3623,3251,9747,5273,3683,3349,5946,4674,3738,3292,6.12175,-26.8389,8.69652,48.022
54303,3412,3367,3277,3085,3933,3742,3512,3235,5449,5167,4041,3463,8989,9056,4708,3689,27.9152,-15.2245,8.7819,48.0833
54304,3841,5569,8142,5564,3819,5060,6755,4926,3392,3716,4152,3944,3305,3401,3510,3410,-17.8745,6.70872,8.5965,48.3373
54305,11845,6734,3928,3467,6097,4953,3687,3357,3992,3865,3335,3213,3490,3363,3288,3124,-26.5558,-23.2948,8.66143,47.8253
54306,3276,3370,3204,3237,4095,3744,3354,3298,6365,4866,3842,3396,11937,6595,4093,3446,25.9214,-24.432,8.78495,48.0787
54307,3201,3251,3358,3327,3465,3714,3947,3693,3822,4604,5469,4483,4115,6506,9424,5727,25.2326,5.50362,8.51926,48.0707
54308,8929,8994,4768,3571,5366,5187,4075,3452,3843,3775,3617,3202,3410,3421,3185,3194,-27.0834,-14.8571,8.99254,47.9927
54309,3102,3163,3370,3468,3288,3429,3840,3886,3513,4070,5163,5682,3398,4444,8418,9528,33.5853,16.4151,8.80632,47.8413
54310,3528,3445,3415,3184,3994,4312,3730,3497,5488,7472,4867,3660,5675,7203,4863,3704,14.8668,-9.12976,8.94314,48.0247
54311,3253,3593,4274,4350,3442,3914,5748,6806,3407,3940,6123,7402,3295,3696,4332,4773,1.17705,18.4509,8.77109,48.232
54312,6297,4645,3754,3322,9879,5403,3857,3411,5847,4483,3690,3195,3952,3814,3364,3184,-7.75281,-26.4221,8.91107,48.0647
54313,8497,5373,3798,3390,9246,5211,3841,3344,4586,4235,3446,3334,3734,3437,3268,3169,-14.1757,-33.7996,8.84927,47.9393
54314,9056,6976,4165,3448,6816,5629,4017,3430,4203,3980,3590,3253,3437,3354,3336,3041,-19.1978,-19.0608,8.73432,47.8207
54315,3491,3952,6505,12270,3392,3844,4802,6301,3170,3389,3741,3975,3091,3202,3394,3336,-26.2846,25.8423,8.77882,47.9033
54316,3962,4905,4970,4108,4194,6717,7152,4478,3920,4745,4944,3924,3539,3653,3919,3521,-7.05937,1.01111,8.90567,48.434
54317,3280,3631,4382,5113,3380,3833,5258,8573,3375,3799,5002,7372,3224,3521,3995,4599,-2.20551,24.0911,8.7328,48.2247
54318,4900,4212,3583,3278,8748,5122,3825,3292,7897,4874,3554,3328,4584,4132,3536,3156,-1.34108,-26.3308,8.89102,48.014
54319,3415,3918,4284,4146,3684,4641,6941,5210,3628,4682,7092,5296,3451,3779,4191,4068,-0.0441487,8.85114,8.96004,48.284
54320,3292,3414,3370,3160,3702,3912,3896,3603,4407,6059,5318,4067,4998,7992,6714,4411,19.5394,-2.65174,8.73179,48.21
54321,3484,4231,6961,10494,3507,3846,5217,6734,3199,3524,3872,3968,2966,3305,3416,3473,-22.2902,20.8365,8.54966,48.1313
54322,4365,3999,3525,3210,7552,4681,3756,3181,9255,5079,3790,3295,5184,4279,3684,3326,2.84923,-30.8971,8.89111,48.1073
54323,3446,3829,4544,4503,3587,4366,7018,6102,3392,4250,6241,5895,3331,3564,4175,4336,-1.66017,13.4892,8.74043,48.386
54324,3293,3520,3715,3599,3466,4055,5062,4256,3856,5346,8249,5328,3771,4566,5816,4729,9.30492,7.38851,8.88782,48.418
54325,3319,3916,5396,8650,3407,3910,5223,8998,3306,3503,4094,4792,3182,3256,3524,3645,-14.2464,30.7214,8.6803,48.0807
54326,3352,4056,5710,7494,3438,4041,6080,8437,3270,3608,4305,4802,3101,3350,3581,3707,-12.735,20.4995,8.76349,48.2213
54327,3705,3478,3367,3119,4595,4182,3548,3324,8122,5770,4013,3401,8083,6127,4040,3511,15.0991,-20.9372,8.77723,48.2567
54328,3218,3513,3746,3600,3577,4087,5226,4299,3753,5047,8296,5683,3648,4234,5557,4974,8.40881,8.8574,8.94164,48.3053
54329,3367,4095,6865,11758,3384,3825,4893,5940,3275,3413,3856,3915,3117,3254,3406,3347,-33.5651,21.9745,8.88663,47.8067
54330,4506,4172,3652,3279,6638,5568,3918,3418,7385,6106,3961,3398,4852,4387,3658,3317,1.60405,-18.4721,8.52504,48.1433
54331,3463,3769,4796,5703,3388,4006,6304,8560,3208,3724,4758,5778,3221,3447,3968,4025,-6.51475,19.7454,8.7032,48.0787
54332,3502,4528,8286,9622,3576,4052,5219,5648,3142,3528,3849,3962,3151,3289,3357,3432,-25.1977,17.0282,8.57989,48.0953
54333,3263,3683,4173,4102,3524,4140,6031,5331,3563,4431,7338,6377,3477,3900,4679,4653,3.35649,12.5641,8.5305,48.4433
54334,3213,3277,3445,3477,3382,3867,4193,4024,3613,4442,6881,5828,3713,4687,7553,6451,16.5393,11.6079,8.91454,48.0307
54335,4194,6033,6517,4492,4145,6223,6644,4489,3705,4102,4245,3813,3431,3441,3486,3412,-14.2363,1.5125,8.80597,48.248
54336,3428,3443,3210,3205,3755,3909,3604,3281,5115,5260,4184,3449,7916,9396,4947,3710,30.5824,-12.8414,8.63181,47.8747
54337,9852,8173,4442,3457,5725,5172,3998,3531,3857,3793,3526,3292,3460,3360,3230,3079,-26.0431,-17.3614,8.65074,47.9647
54338,3227,3535,4017,4600,3350,3816,4993,7191,3398,3834,5380,8579,3282,3606,4275,5149,1.973,23.5645,8.56496,48.1547
54339,6059,9954,6141,4089,4574,5077,4525,3769,3758,3847,3647,3412,3329,3381,3370,3152,-33.3687,-6.69132,8.91325,48.056
54340,7214,4829,3776,3320,9737,5212,3789,3345,5380,4370,3653,3365,3851,3571,3420,3097,-10.3497,-30.738,8.72975,47.9527
54341,3234,3379,3447,3343,3550,3787,4234,3861,3854,5336,6892,4794,4020,5761,7902,5230,17.3063,4.8675,8.99307,48.416
54342,5615,5533,4040,3487,7362,7401,4319,3533,4850,4829,3769,3395,3667,3833,3509,3127,-9.80027,-14.8734,8.88364,48.1793
54343,12448,5902,3869,3407,5775,4749,3702,3369,3855,3779,3540,3347,3484,3419,3297,3258,-31.7089,-33.5651,8.77713,47.4667
54344,3187,3385,3511,3400,3477,3851,4185,3946,3827,5059,7227,5014,3936,5338,7576,5223,15.651,6.53243,8.90373,48.0947
54345,4309,5499,4746,3819,4792,8056,5660,3894,4178,4944,4351,3703,3584,3810,3686,3397,-8.47003,-4.57936,8.76052,48.2853
54346,9915,8154,4504,3453,5527,5126,3929,3414,3850,3841,3479,3220,3433,3406,3313,3177,-31.0859,-17.4745,8.6611,47.8273
54347,3835,5362,9839,7272,3505,4283,5307,4988,3390,3650,3842,3766,3127,3248,3425,3389,-30.3283,10.129,8.69433,48.152
54348,12051,6369,4004,3487,6055,4757,3964,3482,4005,3780,3429,3271,3386,3460,3186,3132,-29.6417,-24.6885,8.51635,47.8787
54349,3402,3418,3309,3070,3761,3834,3487,3221,5410,5332,4218,3600,8530,8884,4716,3620,26.5258,-14.3454,8.50445,47.8747
54350,4331,4140,3451,3177,7276,4875,3639,3211,9479,5124,3696,3326,5258,4229,3514,3228,2.95102,-31.0661,8.97285,47.9693
54351,3443,4182,7166,10008,3480,3955,5314,6484,3283,3558,3840,4026,3093,3255,3373,3487,-22.1813,19.6105,8.6488,47.9647
54352,3617,3650,3322,3249,4372,4623,3838,3452,6337,7748,4530,3680,5635,6087,4266,3588,11.3392,-12.2772,8.81555,47.996
54353,6049,4548,3813,3339,9895,5343,3829,3437,6333,4397,3619,3295,4101,3819,3414,3153,-6.5171,-26.986,8.8388,48.256
54354,3539,3994,5360,5737,3500,4252,7165,7393,3393,3864,4791,5003,3226,3557,3764,3650,-8.93062,15.4543,8.56915,48.1253
54355,4772,4146,3439,3211,8252,5086,3623,3444,8352,5081,3684,3447,4780,4170,3535,3271,0.0700476,-25.4473,8.97438,48.1953
54356,3168,3240,3410,3528,3304,3451,4081,4453,3324,3794,5063,8193,3350,3907,5550,9904,17.0902,32.4066,8.68577,47.8133
54357,4270,5470,5405,4144,4417,7115,6746,4152,3818,4738,4474,3706,3470,3699,3631,3413,-10.1864,-1.08309,8.81362,48.4453
54358,3483,4013,5747,7275,3471,4120,6396,8081,3308,3552,4336,4624,3093,3390,3565,3756,-13.122,19.1497,8.65797,48.14
54359,4695,4993,4009,3494,6113,7568,4730,3643,4884,5712,4104,3583,3886,3909,3570,3358,-5.17547,-10.8846,8.51654,48.1673
54360,3773,4777,7485,6135,3740,4663,7107,5673,3435,3696,4217,4008,3246,3404,3469,3421,-15.8724,10.7706,8.53336,48.166
54361,3449,4097,6746,8619,3497,4049,5765,7276,3289,3597,4200,4309,3032,3254,3474,3585,-17.3419,19.2847,8.5185,48.1587
54362,3584,4407,5862,5319,3680,4913,8123,6023,3485,3901,4906,4332,3281,3475,3768,3702,-10.2675,10.4863,8.79225,48.5073
54363,3768,5596,8115,5671,3816,4960,6788,5062,3414,3794,4108,3853,3178,3287,3395,3395,-17.7541,7.05816,8.6707,48.1333
54364,4563,6223,5349,3904,4765,7563,5917,4008,3980,4496,4143,3591,3394,3624,3539,3334,-12.4275,-3.61179,8.55838,48.262
54365,3916,4818,5421,4361,4022,6084,7599,4691,3772,4432,4987,3960,3383,3643,3758,3479,-8.85777,3.39882,8.89203,48.2173
54366,3094,3296,3426,3417,3086,3444,4046,4439,3435,3920,5006,8337,3342,3878,5580,9946,17.6482,29.3696,8.76903,47.7947
54367,3973,4340,4494,3893,4237,6278,6597,4279,4013,5541,5624,4193,3532,3997,3980,3690,-2.88029,0.749954,8.88371,48.4407
54368,6822,9937,5618,3779,4883,5241,4422,3700,3727,3862,3569,3386,3341,3364,3236,3126,-32.9945,-9.11931,8.72256,48.0087
54369,3578,4710,7709,6997,3629,4379,6668,5965,3324,3675,4105,4065,3203,3459,3488,3480,-17.4621,12.7683,8.58992,48.2893
54370,6297,4578,3693,3364,9779,5194,3861,3365,6120,4562,3518,3365,3888,3801,3446,3176,-7.21645,-30.5603,8.63813,48.0047
54371,4673,4944,4048,3546,5867,7806,4712,3657,4908,5665,4158,3504,3864,3934,3683,3305,-5.10251,-10.4596,8.87556,48.1827
54372,3383,3429,3332,3193,3769,3718,3585,3438,4639,5130,4332,3753,6126,9827,5958,3885,31.3202,-7.40461,8.76151,47.6647
54373,3343,4255,7524,10735,3406,3843,4974,5626,3325,3414,3726,3937,3193,3184,3431,3455,-31.9874,19.7279,8.58282,47.5807
54374,3398,3972,6018,12770,3281,3753,4650,5997,3274,3465,3712,3984,3171,3313,3391,3394,-29.7562,29.1499,8.98655,47.6953
54375,3442,3817,4321,4149,3549,4570,6944,5077,3640,4690,6952,5358,3502,3809,4378,4166,0.166965,8.7546,8.95031,48.2427
54376,3274,3434,3330,3188,3529,3845,3738,3611,4072,5057,5326,4304,4631,7535,8343,5144,23.7546,1.45724,8.58993,48.2407
54377,3436,3352,3369,3193,4028,3766,3375,3199,6175,4773,3832,3323,12442,6317,3886,3356,32.8062,-25.6887,8.64683,47.8813
54378,3366,3989,6298,12746,3422,3764,4769,6050,3216,3365,3795,3849,3053,3190,3410,3334,-30.8834,26.5562,8.98316,47.744
54379,5327,9091,7123,4331,4512,5126,4699,4002,3630,3899,3592,3524,3326,3356,3409,3096,-31.6612,-3.37705,8.57243,48.0287
54380,7440,5155,3824,3403,9286,5806,3896,3458,5004,4298,3684,3242,3706,3656,3315,3100,-11.7217,-23.1886,8.91791,48.182
54381,11655,6749,4154,3445,6206,4963,3871,3388,4033,3848,3378,3286,3439,3379,3209,3080,-25.8465,-23.1366,8.65565,48.0553
54382,3334,3864,4622,4732,3468,4220,7100,6532,3512,4102,5938,5693,3228,3593,4114,4325,-2.77039,13.9797,8.64618,48.2513
54383,3184,3298,3320,3417,3280,3389,3756,3969,3259,3807,4808,5900,3373,3990,6485,12260,31.6984,25.0151,8.65438,47.6633
54384,3197,3209,3374,3246,3542,3636,3751,3689,3863,4493,5430,4728,4131,6042,9857,6249,26.1944,7.24266,8.87797,48.2913
54385,3200,3266,3469,3578,3349,3501,4016,4723,3286,3867,5136,8951,3397,3908,5320,8707,14.6872,31.4054,8.61868,47.7827
54386,3243,3386,3275,3209,3735,4094,3928,3554,4607,6252,5297,4065,5144,7772,6352,4232,19.0645,-3.23192,8.6239,48.0967
54387,3977,5471,7627,5295,3836,5154,7020,5059,3594,3888,4242,3904,3207,3422,3561,3339,-16.4688,6.3692,8.71,48.3973
54388,3980,4007,3813,3379,4861,6431,4612,3641,5283,7612,4935,3655,4202,4634,3982,3370,2.55197,-8.23884,8.95255,48.2647
54389,5282,4441,3734,3282,8838,5647,3822,3396,7031,4915,3794,3331,4322,3924,3593,3165,-3.223,-23.1442,8.96861,48.3447
54390,3974,4493,4042,3532,4847,7068,5083,3888,4606,6411,4837,3858,3933,4355,3944,3516,-1.23924,-6.36783,8.61464,48.258
54391,3273,3633,4394,5768,3291,3732,5279,9431,3244,3664,4613,6815,3330,3421,3914,4206,-4.6392,28.4505,8.52545,48.0053
54392,3374,3456,3445,3192,3805,3975,3744,3438,4857,6498,4823,3813,5525,8444,5723,4107,19.1803,-6.10092,8.80403,48.146
54393,7535,9653,5151,3671,5087,5438,4369,3659,3755,3798,3566,3309,3385,3284,3289,3132,-26.8645,-11.3518,8.63896,48.054
54394,8528,9305,4728,3522,5270,5287,3943,3561,3848,3854,3472,3373,3369,3452,3222,3134,-30.6871,-13.6741,8.93165,47.912
54395,3921,3816,3248,3138,5549,4351,3627,3385,9671,5741,3857,3384,6429,4962,3779,3368,8.81731,-22.6635,8.84956,48.1507
54396,4890,4881,3874,3380,6469,7607,4359,3494,5208,5523,4091,3523,4010,3970,3594,3345,-4.87173,-13.0786,8.88185,48.1453
54397,10347,6037,3883,3480,7599,5218,3791,3380,4258,4007,3418,3259,3475,3525,3166,3004,-19.1406,-24.1249,8.56939,47.898
54398,3431,4034,6962,11806,3381,3797,4916,6074,3261,3535,3906,3838,3053,3192,3475,3477,-28.3442,22.7418,8.68288,48.092
54399,3207,3381,3408,3168,3693,3879,3718,3507,4581,5864,5007,4075,5197,8516,6927,4379,21.4998,-3.23733,8.9252,48.338
54400,3373,3897,5544,9344,3385,3839,5208,8685,3126,3544,4081,4655,3069,3395,3482,3576,-15.9076,28.5379,8.62412,48.1353
54401,3926,4473,4852,4079,4112,6385,7411,4586,3965,4748,5070,4068,3397,3663,3892,3604,-6.42736,2.20799,8.52413,48.154
54402,3437,3376,3237,3059,4014,3860,3474,3246,6654,5368,3910,3415,10330,7046,4101,3448,21.8934,-20.1222,8.93379,47.9833
54403,3044,3296,3401,3283,3265,3512,3951,4018,3489,4136,5629,5672,3611,4897,8677,8136,22.6833,14.2812,8.8079,48.0113
54404,3070,3188,3394,3453,3321,3531,3849,4015,3536,4160,5739,5797,3672,4663,8550,8213,22.5466,14.1945,8.76289,48.1007
54405,3205,3188,3426,3335,3288,3465,3881,4086,3342,3841,5157,6315,3374,4071,7434,10988,23.6388,20.6823,8.96384,48.264
54406,5048,6208,4672,3793,5455,8150,5006,3717,4270,4722,3948,3456,3530,3688,3574,3321,-11.2055,-8.42735,8.58279,48.372
54407,3262,3368,3256,3195,3889,3687,3413,3185,6074,4670,3740,3461,12724,5970,3898,3434,27.8269,-32.0107,8.97567,47.484
54408,7131,9874,5329,3699,5015,5329,4296,3670,3807,3846,3681,3215,3398,3331,3252,3121,-33.0927,-10.2881,8.61322,47.996
54409,4684,7611,7995,4796,4164,5186,5308,4265,3628,3841,3837,3551,3228,3405,3297,3245,-22.407,0.879403,8.75325,48.0273
54410,3363,4052,6122,11961,3329,3779,4880,6738,3311,3347,3819,3913,3044,3224,3462,3418,-24.0676,26.3008,8.92937,47.8413
54411,3367,3946,6112,12623,3449,3790,4704,6098,3243,3350,3691,3942,3136,3333,3328,3360,-31.2243,27.3902,8.82738,47.648
54412,8453,8101,4495,3598,6186,5778,4201,3466,4019,3870,3623,3277,3429,3484,3208,3051,-20.7671,-15.3173,8.79462,48.1593
54413,3178,3368,3510,3377,3317,3771,3954,3794,3736,4895,6226,4783,4074,6039,8775,5509,19.997,5.4533,8.98274,48.204
54414,3419,4038,5790,9014,3483,3925,5265,8258,3286,3540,4178,4477,3110,3288,3464,3600,-16.6179,23.4079,8.53544,48.09
54415,3545,3535,3220,3111,4333,3872,3480,3294,8086,5179,3812,3371,9717,5797,4082,3497,17.8499,-24.8176,8.66088,47.954
54416,12015,6333,3929,3267,5980,4643,3657,3359,4139,3740,3413,3256,3395,3448,3320,3183,-33.8431,-25.208,8.68006,47.3847
54417,3621,3755,3527,3320,4603,5169,4004,3431,6055,8104,4753,3610,5133,5544,4244,3564,8.26439,-10.7487,8.57102,48.2913
54418,3179,3335,3542,3669,3283,3589,4050,4687,3393,3781,5263,8809,3287,3935,5372,8961,15.004,28.1462,8.58572,48.09
54419,3418,3948,6079,9112,3437,3831,5674,7938,3179,3570,4141,4443,3141,3246,3543,3572,-16.6629,21.5292,8.76282,48.1813
54420,3543,3622,3252,3035,4915,4175,3646,3361,8697,5823,3898,3388,7877,5601,3915,3504,13.6622,-22.2605,8.80411,48.168
54421,3944,4099,3674,3353,4996,6102,4447,3526,5669,7746,4693,3512,4458,4715,3960,3517,3.18962,-10.1847,8.75075,48.274
54422,12485,6237,3818,3399,6217,4724,3795,3412,3930,3739,3407,3261,3427,3376,3279,3097,-28.4282,-26.8095,8.60529,47.7353
54423,3332,3585,3750,3530,3531,4162,5052,4254,3819,5210,8101,5349,3608,4392,5566,4680,8.44565,7.77047,8.9651,47.9473
54424,3489,3544,3385,3160,4113,4432,3912,3502,5438,7624,4883,3836,5525,7286,4916,3755,14.7007,-8.59189,8.79679,48.5333
54425,3094,3310,3367,3401,3329,3629,3898,3874,3676,4292,5810,5295,3782,5157,9275,7209,23.3911,10.9161,8.67751,48.2653
54426,3511,3951,4851,4783,3469,4335,7540,6480,3537,3979,5743,5371,3268,3610,3919,4045,-4.40301,13.1916,8.72053,48.2613
54427,11907,6917,4071,3377,5939,4941,3926,3348,3980,3764,3451,3155,3338,3356,3241,3119,-27.7093,-22.3272,8.7583,47.8867
54428,4231,5035,4589,3754,4917,7953,5880,3954,4129,5293,4491,3588,3675,3797,3596,3453,-6.64716,-4.4278,8.99539,48.2233
54429,3806,3654,3322,3255,5433,4525,3641,3238,9429,5876,3921,3363,6596,5050,3826,3328,9.49321,-22.3444,8.86281,48.1753
54430,3828,5478,9792,7068,3633,4369,5294,5063,3354,3622,3867,3728,3204,3342,3234,3327,-28.499,10.1546,8.72827,48.1353
54431,3834,5568,9702,6945,3694,4299,5315,4916,3250,3654,3814,3763,3139,3335,3407,3424,-30.0961,9.36698,8.64865,48.0393
54432,3350,3406,3273,3074,3948,3930,3526,3277,6303,5108,3856,3424,10929,7095,4239,3415,24.6727,-21.1735,8.5197,48.102
54433,3740,5538,9939,6885,3794,4307,5187,4839,3301,3699,3777,3767,3141,3333,3393,3298,-32.8939,9.58129,8.55272,47.9587
54434,3340,4154,6859,11084,3410,3776,5177,6521,3195,3453,3792,4175,3067,3237,3374,3297,-22.8126,22.3251,8.55928,47.9407
54435,3532,3387,3576,3247,3897,4475,3871,3473,5083,7641,5329,3948,5030,6668,5183,3888,13.2322,-6.30434,8.87829,48.152
54436,3363,3331,3249,3291,3902,3776,3374,3308,6052,4690,3793,3286,12528,6084,3932,3411,32.3052,-32.4605,8.5429,47.58
54437,3100,3294,3499,3439,3192,3518,3979,4241,3528,4075,5724,7075,3443,4076,6959,9096,18.6539,19.4061,8.74812,48.1587
54438,3087,3320,3514,3610,3333,3570,4362,4591,3454,4034,6272,7753,3490,4025,6265,7619,14.6266,18.6896,8.66741,48.1993
54439,3226,3319,3429,3344,3228,3454,3790,3872,3481,4138,5095,5304,3549,4624,8838,9216,30.1582,15.4526,8.82668,47.938
54440,3554,4285,6584,6814,3559,4209,6892,6985,3299,3688,4279,4454,3099,3344,3648,3450,-13.9773,15.5128,8.77459,48.0953
54441,5851,9707,6173,4020,4636,5174,4691,3828,3800,3851,3655,3394,3384,3391,3271,3116,-33.7737,-6.29478,8.69413,47.9613
54442,3141,3357,3773,4036,3248,3658,4656,6228,3367,3919,5855,9213,3320,3795,4556,5941,6.12642,22.5764,8.76877,48.042
54443,3214,3131,3630,3587,3310,3611,4192,4820,3378,3823,5672,9049,3403,3803,5664,8218,14.0899,23.3269,8.92443,48.3367
54444,3805,4004,3949,3717,4359,6052,5139,3867,4479,6961,5903,3919,4052,4487,4208,3665,2.18874,-2.75182,8.74529,48.3773
54445,3543,4055,6713,9947,3436,4017,5437,7320,3266,3434,3881,4336,2977,3153,3492,3485,-19.4691,21.2196,8.7141,48.328
54446,3652,3859,3786,3492,4104,5288,4924,3864,4539,7194,6149,4225,4138,4690,4535,3821,5.13433,-1.64027,8.7172,48.1733
54447,3446,3945,4687,4494,3617,4582,7676,5711,3632,4419,6109,5151,3306,3772,3946,4058,-3.04383,10.6096,8.50541,48.3673
54448,3106,3288,3528,3560,3276,3626,4243,4495,3509,4048,6062,7844,3356,4088,6172,8164,15.3139,19.6737,8.73663,48.2433
54449,3377,4077,6146,7447,3444,4125,6256,7824,3282,3647,4254,4733,3091,3326,3581,3580,-13.8791,18.8243,8.83094,48.1267
54450,5151,4441,3616,3311,8115,5965,3976,3411,6812,5175,3884,3307,4182,4062,3552,3169,-2.73795,-20.4116,8.96001,48.086
54451,12456,6096,3880,3337,6183,4699,3767,3290,3993,3722,3361,3295,3489,3454,3144,3210,-26.8694,-29.5581,8.59746,47.584
54452,3309,3768,4667,5976,3393,3726,5459,9930,3262,3531,4494,6179,3220,3329,3744,4273,-6.25955,27.033,8.80831,48.1733
54453,3945,3764,3477,3251,4895,4987,3844,3405,6771,7581,4474,3618,5430,5394,4106,3469,8.38012,-13.951,8.95598,48.274
54454,3377,4009,6488,12332,3421,3927,4797,5976,3108,3510,3726,3895,3045,3181,3493,3403,-30.9435,24.3502,8.78673,47.792
54455,4004,3785,3435,3224,6140,4584,3626,3334,9186,5809,4012,3317,6066,4738,3766,3347,6.47549,-23.1288,8.53602,48.2487
54456,11184,5916,3969,3407,7295,4878,3825,3313,4056,3927,3511,3154,3419,3351,3245,3153,-20.788,-32.7152,8.88037,47.7353
54457,3225,3428,3280,3202,3816,3789,3712,3359,4624,5382,4433,3611,6216,9915,6039,4073,25.5392,-6.91043,8.96761,48.0693
54458,3351,3894,5005,7015,3388,3789,5196,10014,3335,3592,4238,5344,3203,3324,3613,3843,-10.3411,32.7915,8.9226,48.096
54459,3833,4870,5564,4442,3992,5966,7859,4695,3738,4394,4974,3977,3397,3568,3717,3567,-9.01978,3.71376,8.91438,48.3687
54460,3174,3202,3332,3459,3277,3439,3749,3981,3332,3852,4921,6244,3386,3891,6340,12142,26.693,26.7091,8.58905,47.814
54461,8578,6500,4178,3473,7438,5840,3970,3458,4328,3950,3458,3284,3491,3444,3374,3105,-16.8134,-19.2714,8.5915,47.9127
54462,3154,3504,3971,4189,3360,3863,4951,6438,3459,4027,6054,8514,3334,3760,4609,5273,4.3013,20.2467,8.60907,48.3067
54463,3403,4205,8077,10012,3473,3984,5127,5533,3291,3443,3732,4107,3143,3297,3375,3494,-33.5617,17.7998,8.62088,47.7973
54464,3866,3928,3472,3260,5267,5336,3950,3448,6649,7662,4397,3550,5017,4980,4032,3423,5.72945,-13.173,8.8439,48.158
54465,3389,3294,3173,3196,3955,3825,3405,3294,6406,4885,3790,3404,11978,6040,3995,3426,24.0558,-33.5378,8.55394,47.6367
54466,3463,3790,4216,4207,3506,4371,6717,5493,3611,4511,7007,5556,3355,3860,4426,4383,0.67308,11.2579,8.86958,48.3147
54467,3453,4372,7041,7560,3675,4218,6452,6811,3193,3631,4133,4318,3161,3300,3501,3548,-16.0769,15.6988,8.76343,48.2447
54468,6459,4708,3677,3311,9932,5361,3820,3565,5977,4337,3616,3359,3888,3636,3376,3167,-8.30109,-27.633,8.61815,48.126
54469,3958,4193,3714,3502,4649,6392,4797,3678,5164,7544,5048,3759,4214,4485,3916,3493,1.98372,-6.92456,8.91474,48.3373
54470,3402,3411,3257,3166,3926,4123,3576,3284,5804,6302,4292,3622,7262,8384,4769,3565,19.6464,-12.2576,8.78171,48.0967
54471,3434,3904,6647,12184,3391,3808,4841,6016,3198,3444,3835,3938,3080,3158,3435,3507,-28.8265,24.1459,8.80495,47.88
54472,5507,7135,5032,3905,5399,7269,4907,3921,4044,4311,3988,3427,3402,3493,3278,3332,-14.6972,-7.99309,8.58244,48.2333
54473,3600,4129,5927,6404,3585,4289,7138,7247,3408,3832,4479,4601,3173,3332,3497,3658,-12.2375,15.3255,8.57348,48.1993
54474,8780,8199,4529,3529,5916,5614,3991,3613,3917,3909,3595,3172,3428,3468,3205,3125,-22.3352,-16.2516,8.70943,47.9933
54475,3430,3955,6017,12126,3469,3811,4778,6550,3238,3358,3717,4030,3124,3356,3357,3289,-24.3526,32.362,8.8518,47.7367
54476,6746,9983,5601,3825,4881,5290,4304,3771,3754,3865,3465,3388,3252,3463,3356,3119,-27.8849,-9.49857,8.77261,48.042
54477,3847,4377,4478,3841,4281,6401,6422,4311,4072,5403,5487,4151,3670,4026,4082,3670,-2.60446,0.334205,8.60327,48.346
54478,3147,3459,3976,4179,3330,3715,4652,6876,3324,3847,5020,9510,3277,3682,4538,5492,4.40795,30.183,8.88228,48.016
54479,3207,3295,3354,3153,3658,3766,3680,3528,4418,5263,4751,3991,5455,9506,7048,4372,27.2978,-3.9851,8.77326,48.2967
54480,3227,3286,3377,3197,3705,3948,3814,3677,4287,5556,5275,4101,4971,7905,7280,4572,21.4337,-1.45195,8.51999,48.1187
54481,3542,4734,9045,8720,3427,4140,5259,5329,3363,3514,3836,3821,3173,3234,3421,3391,-32.7899,14.3144,8.79181,47.966
54482,3337,3718,4360,4673,3368,4074,6185,7041,3271,3907,5840,6704,3285,3714,4304,4411,-0.873958,17.8337,8.57474,48.128
54483,6972,5019,3739,3263,9703,5567,3859,3399,5430,4343,3595,3202,3949,3698,3356,3204,-10.251,-25.4239,8.62783,48.1987
54484,3270,3768,4912,7229,3429,3903,5350,9645,3263,3700,4147,5495,3130,3394,3691,3726,-10.3225,27.326,8.63709,48.0347
54485,5206,8179,6265,4235,4606,6204,5247,3872,3772,4029,3878,3463,3433,3458,3359,3239,-19.7469,-4.31847,8.50073,48.2967
54486,3391,3595,3543,3384,3888,4330,4333,3715,4544,7016,6392,4269,4460,6018,5557,4176,12.4473,-1.68038,8.53775,48.4073
54487,3740,3834,3606,3417,4487,5456,4322,3653,5319,7855,5106,3884,4433,5268,4235,3757,5.87948,-7.08811,8.5031,48.248
54488,3102,3242,3353,3398,3197,3440,3729,3906,3298,3692,4701,6025,3337,3863,6107,12861,31.1955,28.2832,8.97144,47.5007
54489,3548,3543,3463,3188,4153,4398,3923,3490,5763,7593,4748,3654,5646,6887,4588,3680,13.4155,-9.73452,8.70601,48.1767
54490,3206,3466,4000,4357,3294,3677,4716,7027,3315,3801,5062,9390,3233,3641,4536,5516,3.84841,28.489,8.84819,48.158
54491,3337,3402,3743,3900,3263,3693,4415,5836,3307,3754,5395,9863,3321,3743,4788,6576,8.22739,28.5946,8.77079,48.224
54492,5403,7467,5269,3883,5103,7243,5140,3789,3947,4317,3841,3467,3457,3505,3319,3197,-15.5784,-7.19747,8.72738,48.2313
54493,3733,5274,9728,7403,3709,4281,5452,5132,3230,3572,3816,3838,3177,3223,3338,3364,-24.6861,10.8871,8.97455,48.18
54494,4780,8284,8293,4701,4159,4991,4984,4069,3609,3756,3729,3521,3216,3222,3447,3314,-30.6437,0.0856934,8.5991,48.05
54495,3091,3268,3387,3221,3426,3521,3848,3650,3819,4513,5343,4701,4068,6258,10006,6229,27.5822,6.88039,8.79571,48.2327
54496,3450,4162,6047,6249,3556,4218,7111,7251,3319,3674,4498,4642,3227,3409,3594,3689,-12.1146,15.2338,8.77605,48.064
54497,12734,6245,3880,3329,6033,4676,3767,3366,3863,3794,3459,3154,3381,3376,3211,3093,-30.3507,-29.2606,8.90176,47.574
54498,3192,3195,3752,3856,3260,3432,4276,5555,3409,3933,5303,9985,3339,3736,4916,6917,9.86699,32.8229,8.75667,48.0373
54499,3256,3409,3316,3130,3642,3773,3727,3346,4657,5412,4465,3816,5886,9857,6495,4117,25.7468,-6.01296,8.98897,48.2027
54500,12822,5799,3777,3358,6089,4645,3672,3314,3864,3867,3441,3247,3462,3355,3287,3209,-33.9139,-30.2261,8.96695,47.472
54501,5276,5659,4333,3638,6197,8134,4611,3703,4440,4870,3920,3479,3741,3734,3546,3162,-9.31598,-11.2916,8.84469,48.2953
54502,3781,4158,4110,3668,4111,5948,5677,4076,4241,6132,6028,4183,3755,4276,4199,3735,0.541226,-0.57438,8.6946,48.052
54503,3610,4156,5473,4678,3709,5057,8158,5492,3584,4123,5106,4316,3281,3573,3719,3733,-8.28395,8.34018,8.65958,47.8453
54504,4824,6983,6033,4153,4598,6874,5572,4136,3832,4202,4154,3604,3306,3499,3458,3201,-15.9221,-2.90498,8.76979,48.286
54505,3476,4278,5447,5407,3529,4339,7512,7066,3312,3838,4986,5030,3285,3537,3771,3972,-8.31008,14.3634,8.51365,48.5233
54506,3677,3566,3419,3171,4646,4616,3837,3360,7085,7344,4285,3498,6114,5845,4249,3545,11.3339,-14.5777,8.51587,48.1713
54507,3372,3356,3305,3158,4031,4003,3610,3361,6038,6095,4148,3472,7892,8387,4665,3604,20.2175,-14.4635,8.93987,48.3313
54508,3891,5336,9166,6586,3783,4517,5860,5080,3375,3639,3946,3885,3142,3276,3384,3352,-22.0986,9.2192,8.57705,48.1453
54509,3362,3794,4628,4499,3558,4410,7192,6329,3511,4114,6071,5683,3352,3727,4194,4121,-2.4515,13.1592,8.81703,48.3633
54510,3112,3268,3366,3318,3275,3477,3695,3969,3277,3779,4750,6533,3328,3896,6154,12289,24.9605,28.5765,8.70594,47.6573
54511,4528,6848,7675,4939,4005,5510,6059,4408,3535,3881,3921,3618,3296,3415,3437,3293,-18.9537,2.10932,8.75229,48.2453
54512,3106,3245,3405,3549,3188,3526,3691,3877,3215,3804,4815,6022,3373,3892,6063,12535,31.0569,27.0929,8.68405,47.5373
54513,3076,3225,3403,3438,3370,3560,3933,3820,3655,4235,5406,5038,3767,5261,9902,7281,33.9627,10.8921,8.78322,48.2467
54514,3245,3651,4492,5481,3333,3840,5597,9246,3336,3738,4818,6660,3129,3430,3969,4184,-4.67872,23.8581,8.75159,48.0993
54515,3143,3252,3477,3380,3092,3465,3876,3977,3312,3860,4868,6025,3335,3936,6609,12242,31.5371,24.5464,8.50407,47.8993
54516,4884,4430,3738,3340,7742,6186,3965,3345,6681,5368,3901,3308,4339,4064,3643,3194,-2.13933,-18.9691,8.90868,48.0853
54517,3542,4384,7813,9554,3431,4025,5402,6192,3263,3508,3828,4175,2976,3231,3397,3345,-22.0898,18.0942,8.84135,48.044
54518,3286,3879,5407,9186,3460,3821,5333,8683,3233,3591,4031,4605,3133,3242,3596,3450,-15.0274,33.2971,8.54816,47.9573
54519,4078,3800,3455,3217,5377,4909,3639,3342,8261,6589,4101,3494,5680,5153,3798,3355,7.24344,-18.0756,8.61526,48.1653
54520,3811,5227,6306,4794,3993,5540,7698,4911,3556,4050,4590,4024,3318,3394,3545,3483,-12.1893,4.92229,8.8068,48.16
54521,6407,4875,3757,3280,9644,5684,3971,3425,5703,4460,3652,3247,3859,3738,3421,3244,-8.38226,-23.2851,8.95981,48.2447
54522,4102,4165,3758,3441,5304,6595,4426,3482,5529,7121,4581,3551,4364,4491,3940,3423,1.162,-10.1138,8.51598,48.182
54523,3427,3382,3269,3139,4180,3860,3497,3157,6905,5034,3713,3449,10913,6300,4084,3421,21.6217,-24.7197,8.65138,47.82
54524,12445,5951,3897,3377,6050,4729,3636,3334,4013,3639,3433,3289,3515,3388,3143,3151,-33.7053,-28.5314,8.57024,47.3267
54525,3215,3257,3669,3788,3290,3620,4168,5177,3341,3849,5235,9971,3329,3738,5173,7385,11.1181,31.3309,8.93685,48.1367
54526,3492,3641,4032,3733,3702,4582,6007,4503,3966,5195,7765,4988,3583,4180,4781,4262,3.92611,5.91282,8.84067,48.2747
54527,3643,4217,4951,4442,3822,5313,7986,5150,3653,4282,5658,4567,3404,3678,3941,3802,-5.43101,7.29801,8.72931,48.3393
54528,3084,3193,3465,3424,3232,3373,3795,4015,3311,3821,4728,5920,3436,3923,6438,12192,32.0538,24.5591,8.87326,47.5667
54529,8402,5280,3941,3331,9176,5131,3742,3382,4688,4077,3579,3289,3597,3585,3415,3200,-13.7428,-33.5135,8.9066,47.8767
54530,3345,4027,6850,11891,3340,3776,4923,5885,3195,3545,3747,3958,3098,3243,3373,3311,-30.5098,22.7108,8.72698,47.6713
54531,4005,3808,3393,3236,5827,4569,3812,3368,9754,5142,3900,3331,6307,4639,3675,3323,7.332,-32.9219,8.58316,48.0593
54532,3494,3781,4507,4335,3575,4571,7321,5697,3481,4239,6323,5343,3445,3661,4226,4162,-1.87167,11.0941,8.8266,48.1073
54533,5252,8971,7178,4399,4458,5153,4783,4100,3670,3909,3750,3559,3259,3315,3314,3151,-25.6582,-2.9734,8.53784,48.1473
54534,6016,7248,4711,3744,5916,7397,4566,3652,4184,4316,3799,3274,3463,3546,3374,3174,-14.8154,-11.1076,8.69262,48.2533
54535,4031,3821,3452,3083,6263,4588,3642,3323,9761,5512,3709,3328,6005,4696,3681,3349,6.40969,-26.8563,8.9425,48.1627
54536,3480,4147,7776,10185,3462,4006,5188,5716,3260,3537,3784,4023,3093,3252,3387,3421,-33.8773,18.1538,8.55022,47.8113
54537,8141,7409,4407,3583,6652,6201,4230,3487,4192,4028,3559,3303,3519,3478,3264,3112,-18.1084,-16.562,8.93196,48.3767
54538,3819,5451,9769,7347,3666,4365,5296,4940,3366,3662,3813,3721,3165,3296,3295,3339,-26.8573,10.5615,8.81933,48.2067
54539,3097,3209,3434,3377,3296,3524,3757,3938,3417,3848,4630,6538,3373,3997,5920,12213,25.5126,30.015,8.67002,47.712
54540,3210,3248,3335,3235,3603,3759,3785,3482,4203,5008,4895,4034,5010,8502,7885,4662,32.5921,-1.07396,8.85346,47.904
54541,8784,5885,4001,3473,8302,5563,3825,3379,4660,4098,3587,3371,3545,3519,3297,3114,-15.5269,-22.5685,8.77251,48.2687
54542,8113,7592,4410,3665,6302,6125,4135,3536,4235,3984,3703,3321,3537,3515,3221,3239,-19.1448,-15.9436,8.60671,48.422
54543,4900,8664,8052,4569,4344,4961,4766,4016,3575,3811,3703,3549,3204,3250,3413,3207,-28.9673,-1.00907,8.9284,47.9893
54544,5239,7837,5632,4051,4803,6737,5224,3993,3839,4097,3821,3613,3379,3448,3341,3356,-17.2559,-5.08672,8.85581,48.2733
54545,7029,7989,4717,3680,5932,6572,4459,3507,4108,4074,3696,3339,3448,3495,3301,3082,-18.2625,-12.8456,8.71555,48.2853
54546,6793,5498,3966,3315,8602,6373,4044,3340,4978,4397,3620,3382,3715,3734,3294,3101,-10.9399,-19.0932,8.93969,48.1013
54547,3453,3422,3323,3130,4111,3904,3557,3321,6444,5481,3952,3524,9260,7348,4270,3487,20.4673,-18.2759,8.59198,47.9913
54548,3153,3276,3437,3279,3525,3723,3683,3603,4070,5018,5337,4347,4657,7314,8705,5156,24.1238,2.0496,8.88401,48.1887
54549,9681,6164,4005,3428,7672,5405,3858,3341,4365,4026,3552,3188,3504,3397,3272,3187,-18.287,-22.8277,8.83807,48.03
54550,3154,3487,3836,3912,3306,3607,4504,6068,3398,3770,5234,9725,3321,3755,4606,6082,7.15802,29.5048,8.53058,47.8433
54551,3397,3949,5887,12976,3474,3777,4616,6049,3232,3416,3693,3888,3096,3377,3400,3256,-28.8363,32.8712,8.82901,47.6553
54552,5256,4258,3556,3271,9124,5107,3782,3406,7521,4777,3662,3220,4540,4074,3494,3186,-2.53303,-28.993,8.93471,48.156
54553,3484,4196,5601,5140,3658,4445,7902,6537,3345,3861,5023,4777,3232,3433,3853,3765,-8.37565,12.5574,8.80167,48.168
54554,3142,3280,3377,3468,3328,3562,3971,3901,3533,4235,6101,5815,3516,4802,8484,7461,20.1099,13.1154,8.6591,47.984
54555,3133,3170,3362,3297,3240,3528,3783,3721,3608,4133,5248,5349,3661,4835,9157,8512,27.2185,13.873,8.94387,47.8247
54556,11220,7498,4116,3435,5829,4944,3918,3476,3871,3720,3504,3296,3393,3454,3251,3183,-31.1046,-20.6404,8.89208,48.072
54557,3488,4271,6596,7706,3543,3997,6301,7307,3386,3610,4229,4402,3108,3363,3601,3590,-15.6248,17.8859,8.64984,48.332
54558,3455,4283,7677,10514,3354,3964,5145,5927,3153,3546,3837,3967,3107,3288,3413,3361,-25.873,19.3306,8.71223,47.994
54559,4047,6184,9944,6070,3800,4581,5276,4624,3214,3611,3822,3693,3126,3374,3522,3335,-30.0118,7.00921,8.86452,48.1487
54560,3528,3548,3303,3111,4869,4009,3446,3187,9168,5232,3869,3357,8491,5324,3871,3391,14.03,-30.5258,8.61554,47.8027
54561,3134,3253,3422,3278,3352,3704,3766,3699,3784,4499,5230,4626,4174,6422,10024,5925,28.9849,6.02225,8.98791,48.1947
54562,3352,3998,5610,6712,3462,4120,6418,8430,3270,3649,4522,4981,3207,3335,3658,3776,-11.0705,19.1455,8.90407,48.3333
54563,12525,5955,3943,3345,5993,4677,3643,3431,3839,3739,3537,3241,3429,3423,3205,3237,-28.7822,-32.8225,8.5171,47.4413
54564,3078,3212,3409,3567,3250,3647,4020,4279,3403,3895,5702,6990,3517,4215,6866,8831,18.4931,19.0878,8.53592,47.9207
54565,3364,3422,3428,3158,3881,4047,3762,3532,4899,6654,5123,3914,5447,7982,5507,4037,17.8218,-6.04634,8.5966,48.1047
54566,8217,6644,4239,3437,7448,5976,4092,3339,4471,4001,3573,3226,3517,3518,3328,3104,-16.2978,-18.6032,8.71436,48.0867
54567,3657,4270,5105,4491,3757,5297,8151,5176,3683,4355,5501,4491,3369,3695,3927,3680,-5.86632,7.04809,8.94523,48.4033
54568,3482,3539,3409,3133,4308,4317,3621,3298,6714,6401,4290,3566,7222,7101,4465,3667,16.7194,-15.0097,8.71739,48.3553
54569,4957,5910,4450,3628,5679,8272,4924,3602,4329,4879,3998,3529,3628,3658,3538,3250,-9.89352,-8.91334,8.93863,48.154
54570,5283,4376,3592,3267,9131,5082,3704,3425,7266,4724,3666,3332,4347,3952,3417,3234,-3.34255,-30.8097,8.72799,47.8653
54571,3572,4720,8997,8962,3536,4103,5260,5343,3254,3528,3827,3849,3124,3286,3359,3312,-28.9272,14.8862,8.96512,48.0213
54572,3664,3618,3275,3198,4513,4232,3577,3332,7581,6171,4097,3574,7685,6381,4189,3478,15.1632,-18.1179,8.73551,48.3767
54573,3060,3297,3371,3479,3238,3647,4022,3842,3612,4248,6192,5493,3549,4848,8507,7677,20.7341,12.9858,8.91404,48.0547
54574,6091,9854,6120,3971,4695,5038,4570,3823,3611,3943,3624,3400,3266,3448,3307,3246,-31.663,-6.61406,8.68724,48.0047
54575,5713,7979,5419,3926,5014,6753,4809,3926,3795,4116,3890,3475,3409,3335,3344,3271,-17.5949,-7.01593,8.77147,48.116
54576,3373,3835,5333,7790,3356,3860,5459,9548,3270,3653,4089,4984,3152,3418,3533,3755,-12.2795,26.2245,8.55475,48.272
54577,3064,3165,3403,3225,3246,3526,3691,3840,3381,3894,4974,5842,3509,4333,7579,10954,28.4209,19.9719,8.82805,47.7507
54578,3311,3755,4411,4813,3363,4105,6488,7286,3389,3923,5696,6311,3268,3605,4242,4342,-2.11311,17.2028,8.70814,48.2053
54579,3618,4182,4588,4088,3892,5497,7500,4798,3781,4793,6053,4334,3400,3776,3993,3730,-3.29953,5.07009,8.91762,48.0153
54580,4890,4299,3582,3365,8422,5013,3718,3263,7976,4883,3750,3322,4621,4146,3504,3288,-0.76235,-30.1167,8.53836,48.028
54581,3291,3702,5041,6054,3441,3993,5897,9086,3367,3645,4572,5775,3149,3277,3745,3900,-7.41925,21.819,8.59642,47.9567
54582,3788,3706,3283,3136,4957,4221,3687,3261,9110,5740,3934,3435,7639,5420,3847,3301,12.4704,-22.396,8.77486,48.31
54583,4423,4544,3798,3428,5813,7028,4489,3613,5529,6314,4254,3535,4147,4152,3748,3371,-1.33315,-11.4691,8.52322,48.124
54584,3930,3878,3401,3261,5973,4435,3669,3319,9828,5294,3924,3378,6264,4799,3703,3269,7.40818,-32.6293,8.71892,48.2167
54585,5838,6356,4387,3570,6348,7763,4478,3591,4457,4548,3769,3433,3599,3708,3417,3206,-11.9133,-12.7632,8.91421,48.312
54586,4084,5787,8261,5463,3778,5093,6521,4763,3487,3882,4105,3838,3270,3432,3447,3442,-18.3977,5.21215,8.70756,48.4353
54587,8794,5436,3813,3411,9129,5280,3761,3358,4608,4104,3614,3289,3629,3581,3400,3153,-14.4655,-32.9545,8.70708,48.24
54588,5483,9292,7122,4333,4478,5327,4772,3956,3665,3764,3726,3455,3302,3377,3287,3085,-26.6106,-3.4552,8.59635,48.2827
54589,3156,3275,3715,3790,3230,3566,4385,5398,3365,3882,5202,9802,3352,3745,4991,7215,10.3793,29.4531,8.5901,48.046
54590,3334,3751,5172,7952,3401,3725,5138,9569,3353,3603,4300,5037,3101,3305,3501,3781,-12.2081,31.3653,8.8401,48.0153
54591,3839,4264,4056,3633,4316,6370,5685,4125,4334,6192,5582,4119,3763,4255,4060,3680,-0.0261555,-2.00101,8.93041,48.182
54592,3792,3681,3451,3162,4574,4515,3768,3376,6843,7567,4425,3645,6050,5927,4255,3486,11.6247,-13.8486,8.81654,48.3447
54593,4820,4291,3586,3263,8671,5049,3877,3307,8010,4876,3808,3308,4615,4018,3538,3283,-0.703616,-33.5985,8.86667,48.2133
54594,8395,5470,3864,3427,8935,5389,3881,3374,4762,4134,3497,3165,3601,3507,3373,3086,-14.4813,-25.0028,8.69825,47.9067
54595,3653,4490,5759,4859,3601,5007,8039,5685,3590,3978,5039,4342,3204,3582,3740,3622,-9.16396,8.16703,8.63495,48.1267
54596,3296,3159,3355,3302,3310,3438,3821,3944,3459,3990,5086,5513,3438,4399,8406,9720,30.2534,17.002,8.76356,47.7573
54597,7846,9550,4970,3656,5132,5176,4153,3686,3752,3825,3488,3318,3502,3497,3292,3079,-28.3636,-12.4545,8.51473,47.948
54598,3314,3991,5719,10155,3463,3784,4908,7838,3250,3521,4008,4338,3154,3205,3432,3517,-18.3307,29.8998,8.56879,47.7313
54599,3731,3913,3506,3304,4745,5036,3823,3460,7062,7591,4365,3557,5213,5312,4068,3491,8.04048,-13.8191,8.82347,48.118
54600,3859,5167,9288,7122,3711,4455,5920,5098,3316,3577,3985,3862,3126,3338,3393,3295,-22.3713,10.6613,8.83259,48.3413
54601,3677,3721,3444,3282,4563,4665,3801,3453,6717,7737,4514,3534,5489,5837,4116,3467,9.86727,-13.1288,8.54943,48.0113
54602,4072,4264,3716,3407,5070,6479,4493,3728,5340,7338,4738,3572,4292,4484,4039,3441,1.75604,-9.14248,8.50727,48.3153
54603,3667,4883,9534,8274,3624,4164,5211,5141,3223,3492,3813,3787,3109,3210,3371,3265,-29.217,13.2891,8.98958,47.8453
54604,6982,9840,5561,3909,4884,5341,4372,3643,3785,3860,3597,3368,3353,3320,3219,3137,-27.102,-9.66406,8.65708,48.114
54605,3311,3369,3217,3232,3712,3984,3675,3405,4647,5154,4527,3751,6129,9808,6170,4002,31.5208,-6.57466,8.63949,48.062
54606,4123,4015,3541,3334,5877,5409,3806,3394,7748,6632,4221,3373,5126,4748,3805,3390,4.45455,-17.5934,8.82168,48.3613
54607,3418,3388,3275,3087,3912,3872,3671,3305,5155,5248,4167,3611,7872,9411,4940,3545,32.7092,-12.6379,8.53872,47.918
54608,11088,5707,3968,3471,7525,4974,3884,3390,4154,3918,3503,3201,3503,3408,3233,3101,-20.1342,-30.6524,8.59885,48.0187
54609,3139,3257,3325,3370,3394,3593,3787,3769,3802,4475,5338,4795,3913,5657,9887,6742,26.834,8.82342,8.68565,48.162
54610,3549,4421,7928,9953,3465,3925,5283,5922,3268,3486,3839,4015,2989,3206,3351,3453,-25.1037,17.8644,8.77121,48.0353
54611,4133,6011,7409,5218,4033,5295,6583,4669,3646,3977,4169,3767,3310,3393,3362,3444,-17.0296,4.34478,8.54147,48.2793
54612,3157,3300,3431,3409,3249,3456,3811,4001,3410,3880,4985,6543,3359,4083,6759,11211,23.3006,22.3344,8.65825,48.0293
54613,3160,3405,3453,3276,3620,3786,3904,3632,4138,5385,6027,4442,4422,6935,8037,4992,19.9553,2.40104,8.95416,48.4093
54614,3333,3611,4040,4285,3351,3899,5699,6287,3411,3990,6504,7484,3436,3769,4447,4803,2.56415,17.2058,8.8611,48.2327
54615,3090,3251,3368,3515,3311,3452,3776,3958,3451,4024,5252,6102,3383,4227,7425,10481,24.6191,19.9491,8.52351,48.044
54616,3881,5840,9929,6667,3732,4250,5198,4809,3366,3559,3712,3745,3229,3271,3369,3248,-28.471,8.57455,8.79433,47.87
54617,4435,4191,3589,3338,6241,6170,4008,3593,6678,6345,4174,3357,4615,4461,3794,3300,0.554405,-16.0051,8.65228,48.1927
54618,3267,3367,3460,3358,3433,3892,4252,3839,3885,5282,7379,5131,3902,5412,7422,5205,15.5714,6.10773,8.9939,48.324
54619,5499,4427,3666,3244,9277,5447,3871,3385,6852,4833,3739,3343,4146,3909,3496,3182,-4.42321,-24.9473,8.67737,48.2107
54620,3402,4075,6622,9327,3482,4056,5620,7136,3214,3617,4059,4394,3111,3354,3528,3507,-18.5287,20.218,8.78962,48.336
54621,3028,3260,3560,3608,3268,3602,3960,4564,3436,3965,5604,8147,3377,4043,6058,8448,15.5707,21.2676,8.70305,47.952
54622,12507,5979,3915,3391,6485,4760,3716,3447,3980,3810,3354,3192,3390,3448,3264,3047,-24.9162,-29.873,8.94225,47.79
54623,3727,3540,3234,3074,5137,4275,3648,3264,9205,5593,3983,3440,7726,5230,3848,3260,12.1162,-24.0258,8.60447,48.1227
54624,4024,3799,3471,3259,5899,4654,3571,3352,9155,5974,3986,3359,6150,4898,3809,3348,7.83292,-21.5631,8.9076,48.472
54625,3428,4306,7645,10792,3486,3813,5023,5726,3117,3562,3917,4010,3128,3163,3366,3334,-27.4426,19.437,8.50827,47.8773
54626,3271,3482,3909,3984,3311,3711,4728,5721,3457,4067,6285,8668,3413,3714,4802,5772,6.86205,20.0177,8.70038,48.1967
54627,7973,5039,3771,3394,9571,5295,3924,3416,5032,4221,3594,3261,3648,3499,3280,3199,-12.2584,-28.2992,8.91077,48.078
54628,2989,3265,3605,3388,3291,3704,3868,3834,3601,4246,5825,5286,3730,5214,9193,7208,22.8363,11.4198,8.75067,48.1647
54629,3223,3392,3537,3618,3450,3774,4443,4215,3565,4722,7658,5872,3685,4641,6686,5776,13.362,10.7769,8.86284,48.1713
54630,3607,4092,4595,4189,3736,5313,7185,4846,3848,4884,6310,4518,3476,3894,4050,3905,-2.00182,5.58496,8.91981,48.2987
54631,12669,5848,4077,3416,5893,4636,3734,3528,3832,3710,3377,3273,3356,3356,3306,3147,-31.3333,-32.8823,8.81437,47.4387
54632,3090,3286,3446,3399,3370,3560,3932,4024,3597,4285,6165,5527,3743,5073,8643,6907,19.9464,11.2986,8.96814,48.0313
54633,3042,3325,3363,3456,3344,3572,3995,4375,3525,3920,5884,7035,3509,4110,6947,8769,18.216,18.5321,8.71986,48.114
54634,3810,4395,4529,3910,4095,6020,6844,4393,3950,5287,5758,4241,3555,3842,3961,3611,-2.75368,1.96574,8.69928,48.134
54635,4839,4328,3567,3225,8257,5109,3746,3334,7966,5077,3749,3288,4708,4201,3429,3123,-0.55818,-26.0365,8.83838,47.964
54636,3245,3406,3613,3564,3400,3779,4699,4444,3545,4592,7850,6388,3621,4445,6183,5619,11.6204,11.7441,8.86386,48.262
54637,3246,3445,3622,3587,3399,3934,4713,4243,3736,5109,7904,5584,3749,4774,6374,5014,11.6378,8.22061,8.83527,48.2887
54638,3651,3693,3557,3285,4448,4641,3877,3368,6377,8008,4582,3588,5425,6142,4286,3498,10.467,-11.4998,8.85684,48.284
54639,3401,3915,6002,12645,3432,3706,4733,5969,3249,3361,3812,3904,3089,3249,3396,3407,-31.2771,32.4837,8.74178,47.5133
54640,4224,6035,7176,4848,4116,5737,6603,4488,3665,3932,4058,3771,3269,3391,3522,3294,-16.2621,2.82351,8.92782,48.086
54641,3558,4352,6845,7067,3464,4215,6598,6804,3383,3583,4211,4396,3131,3316,3514,3561,-15.6471,15.2902,8.68397,47.9987
54642,3425,4054,6680,11870,3326,3770,4948,6152,3148,3502,3839,4046,3133,3220,3365,3476,-25.7725,23.1926,8.67835,47.9693
54643,3399,3879,5963,11607,3320,3801,5003,7040,3275,3500,3899,4113,3094,3235,3508,3419,-21.9921,27.0187,8.62575,48.0367
54644,3503,3354,3152,3014,4024,3732,3513,3183,6908,5112,3915,3287,10738,6978,4081,3458,21.6032,-21.6936,8.98257,47.968
54645,3179,3261,3386,3190,3438,3687,3731,3679,3980,4691,5043,4470,4185,7094,9379,5455,29.9768,3.49786,8.76661,47.8987
54646,3101,3167,3440,3419,3229,3427,3819,3922,3310,3937,4940,6385,3542,4127,6943,11275,24.8947,22.2206,8.72627,47.9887
54647,3321,3633,4030,3948,3548,4179,5872,5257,3460,4542,7647,6235,3446,4021,4845,4569,3.84325,12.0831,8.89049,48.3687
54648,3292,3754,5201,8276,3384,3805,5199,9548,3202,3550,4173,5048,3148,3310,3586,3681,-12.9016,28.7565,8.72558,48.1047
54649,3323,3214,3367,3363,3373,3741,3866,3583,4036,4807,5002,4313,4399,7289,9085,5208,33.3906,2.76646,8.72592,47.9793
54650,3909,4569,5180,4215,4081,6309,7478,4649,3825,4677,5010,4093,3244,3728,3792,3555,-6.92069,2.24278,8.79028,48.2093
54651,3142,3266,3574,3567,3270,3683,4315,4625,3435,4284,6476,7470,3495,4135,6304,7284,14.2444,17.0548,8.52964,48.2167
54652,12249,6005,3956,3337,6676,4817,3802,3362,3967,3673,3389,3300,3437,3405,3202,3136,-23.653,-30.5876,8.88592,47.8087
54653,4128,5333,5062,4112,4615,7369,6445,4190,4060,4648,4509,3818,3528,3800,3616,3385,-8.959,-1.95257,8.81283,48.412
54654,3277,3379,3445,3236,3705,3782,3590,3468,4449,5116,4652,3817,5514,9447,7031,4389,30.7897,-4.12849,8.84119,48.198
54655,4269,5242,4833,3857,4499,7560,6389,4097,4049,4947,4558,3890,3513,3670,3643,3457,-7.52223,-2.29366,8.9262,48.3153
54656,6360,4807,3707,3387,9916,5237,3843,3362,5759,4442,3623,3361,3999,3720,3254,3260,-8.16698,-31.956,8.6266,48.0247
54657,4351,5060,4616,3855,4702,7673,6012,3979,4287,5073,4406,3666,3613,3839,3726,3373,-6.98474,-4.01131,8.53353,48.154
54658,3269,3197,3273,3435,3283,3499,3837,3957,3454,3688,4765,5915,3440,3903,5931,12375,30.9905,33.0492,8.55977,47.4807
54659,4033,5007,5130,4140,4260,6399,7205,4490,3837,4689,4791,4031,3400,3690,3748,3573,-7.69279,1.57314,8.74338,48.282
54660,3153,3207,3401,3291,3232,3459,3750,3879,3352,3776,4772,6072,3384,4028,5999,12742,27.9922,31.8213,8.73583,47.6647
54661,4283,7451,8996,5271,4078,4730,5007,4458,3433,3675,3760,3620,3295,3366,3309,3248,-31.222,2.73342,8.69042,47.9867
54662,3207,3368,3608,3873,3264,3668,4483,5522,3469,3820,5269,9706,3440,3683,4921,6813,9.50313,28.5496,8.56146,48.076
54663,3160,3575,4021,3836,3410,4118,5578,5353,3635,4457,7502,6447,3452,3833,4895,4818,4.60051,13.1397,8.83406,48.06
54664,4105,4707,4071,3530,5045,7579,5090,3782,4710,6186,4646,3658,3805,4003,3852,3548,-2.71169,-7.0222,8.78842,48.2113
54665,3693,4473,5230,4378,3891,5702,8239,4871,3659,4326,5288,4311,3342,3667,3801,3630,-6.53715,5.54298,8.789,48.334
54666,3016,3197,3495,3515,3307,3512,4081,4410,3368,4044,5445,7886,3434,3986,6038,9274,17.3822,22.5106,8.66201,48.0053
54667,3714,3709,3317,3133,5180,4455,3565,3311,9248,6013,3921,3446,6747,5264,3808,3386,9.98424,-21.5747,8.99968,48.1447
54668,3513,3406,3242,2945,4255,3865,3435,3223,7165,5092,3740,3455,10740,6427,3988,3443,20.4013,-23.3566,8.68039,47.956
54669,3207,3280,3464,3372,3552,3665,3936,3600,3915,4843,6067,4807,4103,6093,9085,5843,21.2528,6.02636,8.94439,48.5547
54670,3240,3283,3350,3237,3536,3696,3848,3666,3994,4505,5328,4593,4089,6588,9676,5678,27.3002,5.2054,8.55568,48.2047
54671,3383,3479,3222,3010,3934,3977,3442,3190,6239,5230,3941,3519,9900,7864,4302,3563,23.7129,-18.0668,8.82997,48.13
54672,3441,3362,3329,3048,4061,4022,3505,3309,6592,5621,4022,3495,8951,7406,4199,3556,19.9298,-18.0788,8.6806,47.946
54673,5558,8970,6192,4187,4634,6034,4775,3838,3754,3973,3793,3520,3373,3444,3224,3195,-21.4899,-5.50313,8.73535,48.3093
54674,3196,3451,3997,4171,3352,3602,4643,6691,3308,3814,5226,9591,3313,3609,4458,5695,4.95734,30.7497,8.65497,48.078
54675,3421,3915,4776,4697,3503,4333,7531,6439,3535,4073,5839,5347,3310,3687,3954,4135,-3.66758,13.1495,8.86624,48.33
54676,3247,3339,3335,3155,3732,3889,3728,3534,4552,5875,5036,3926,5438,8682,6524,4225,21.403,-4.34176,8.53095,48.1447
54677,3145,3366,3555,3292,3500,3795,4080,3822,4031,5289,6726,4628,4020,5924,7903,5254,17.0525,4.33965,8.653,48.22
54678,4126,6385,8249,5248,3956,5190,6081,4597,3413,3847,3973,3651,3181,3389,3445,3325,-19.6353,3.98917,8.70143,48.0373
54679,3974,5932,9752,6229,3774,4422,5231,4687,3459,3705,3695,3695,3168,3309,3344,3353,-32.801,7.39628,8.71838,47.8193
54680,10358,5716,3890,3355,8148,5112,3771,3319,4343,3961,3457,3169,3505,3453,3332,3081,-18.246,-29.1685,8.91603,47.98
54681,4348,4004,3498,3343,7052,4675,3665,3320,9316,5086,3736,3387,5452,4399,3692,3287,3.74702,-29.5135,8.85377,48.1733
54682,3308,3689,5008,7093,3395,3799,5471,9822,3272,3623,4478,5476,3192,3401,3569,3630,-10.243,25.3526,8.90987,48.1507
54683,3438,3978,5724,11336,3408,3844,4979,7161,3257,3528,3929,4047,3151,3256,3333,3327,-21.2146,33.5903,8.73544,47.7973
54684,3427,3420,3272,3172,4068,3919,3599,3265,7044,4971,3794,3462,11098,5814,3994,3404,21.5835,-33.4419,8.53839,47.8153
54685,3298,3622,4212,4837,3321,3759,4954,8735,3269,3723,4917,7802,3217,3502,4093,4684,-1.20125,32.8026,8.82692,47.9633
54686,3950,3668,3461,3145,5651,4401,3597,3332,9420,5632,3910,3476,6632,4952,3904,3391,8.82137,-24.4736,8.55023,48.348
54687,3932,3568,3366,3149,5424,4538,3731,3213,9237,6034,3908,3396,6622,5163,3775,3389,9.22399,-21.7585,8.93,48.2967
54688,3282,3833,4678,6347,3366,3792,5207,10004,3285,3528,4407,5766,3276,3341,3738,3959,-7.99566,33.9543,8.84475,47.8727
54689,3367,3987,5689,11499,3351,3897,4970,7076,3341,3605,3777,4137,3176,3274,3357,3336,-21.5989,30.8937,8.635,47.8927
54690,4790,4183,3486,3187,8137,4984,3784,3402,8280,4988,3651,3248,5005,4148,3608,3171,0.38423,-25.4895,8.5769,48.0347
54691,8422,5689,4157,3336,8428,5733,3952,3377,4661,4298,3598,3190,3600,3548,3273,3040,-14.708,-21.9932,8.75656,48.2013
54692,3148,3435,3669,3794,3286,3759,4606,5234,3475,4022,6856,8237,3447,4021,5233,5951,8.49049,17.7964,8.91454,48.1153
54693,3410,3372,3227,3071,3941,3848,3456,3237,6687,5188,3855,3437,10731,7112,4047,3330,22.3639,-21.247,8.80459,47.966
54694,8669,6268,4221,3448,7535,5706,4060,3431,4350,4120,3555,3211,3622,3629,3290,3191,-16.8281,-20.2731,8.54649,48.204
54695,3630,3666,3441,3310,4304,4919,3950,3475,5719,8356,4923,3707,4934,5754,4392,3734,9.08522,-9.0979,8.90927,48.1427
54696,3385,3341,3310,3114,3826,3928,3505,3309,5461,5408,4175,3429,8750,8829,4735,3611,25.2748,-14.6052,8.8744,48.0773
54697,10444,6851,4126,3497,6645,5221,3966,3311,4130,3928,3547,3264,3455,3395,3339,3032,-21.7825,-21.1716,8.7564,48.1007
54698,3948,4519,4177,3764,4419,6726,6053,4100,4201,5674,5426,4030,3646,4068,3908,3673,-2.53088,-1.30397,8.84186,48.2213
54699,6784,9814,5560,3907,4862,5427,4434,3743,3720,3781,3618,3352,3366,3300,3344,3256,-26.2171,-8.97868,8.92559,48.1787
54700,3226,3582,4148,4600,3402,3844,5154,7561,3317,3785,5417,8450,3248,3549,4222,4957,1.30535,23.1943,8.82251,48.308
54701,3410,4267,7851,10699,3508,3908,5127,5746,3239,3523,3892,3890,3143,3322,3417,3358,-31.5539,18.6224,8.73295,48.2
54702,3766,3753,3461,3192,4335,4985,4077,3510,5847,8255,4961,3750,4858,5566,4448,3686,8.82507,-9.14177,8.96135,48.3
54703,3355,3374,3300,3222,3672,3769,3743,3421,4441,5113,4625,3916,5512,9431,6787,4214,30.8779,-4.75984,8.84893,47.93
54704,3371,3468,3344,3093,3819,3828,3415,3234,6445,4753,3765,3338,12763,5984,3762,3352,26.2329,-30.4512,8.7823,47.8227
54705,4073,4059,3506,3384,5412,5858,4185,3488,6544,7255,4385,3488,4792,4811,3863,3425,3.60822,-13.7325,8.56091,48.352
54706,3263,3348,3344,3159,3678,3737,3607,3498,4375,5242,4570,3929,5584,9485,6976,4415,26.9758,-4.41998,8.95849,48.14
54707,4592,4114,3576,3227,7553,5191,3729,3309,8186,5395,3786,3470,4866,4351,3617,3234,0.763899,-22.68,8.81601,48.1307
54708,3186,3503,4078,4263,3465,3905,5449,6412,3408,4008,6397,7659,3299,3709,4481,4886,2.80161,18.0235,8.80549,48.072
54709,3105,3161,3491,3500,3225,3480,3815,4111,3425,3923,4865,6295,3416,4079,6544,11467,24.9552,24.1215,8.57552,47.9347
54710,3254,3490,3888,4415,3412,3746,4785,7618,3305,3654,5055,9014,3288,3569,4338,5107,2.22826,30.8046,8.72931,47.9587
54711,3093,3237,3353,3379,3258,3612,4051,4202,3459,3986,5342,6970,3328,4098,6825,10151,20.3619,20.8869,8.89084,48.2293
54712,3428,3344,3187,3056,4121,3872,3495,3158,7442,4955,3855,3393,11027,5801,3896,3485,19.9069,-33.1067,8.67544,47.6767
54713,3386,4091,5950,11424,3413,3864,4972,7236,3222,3574,3849,4078,3065,3281,3317,3431,-21.0301,27.4728,8.84051,48.102
54714,3411,3932,5745,10989,3372,3816,4965,7632,3259,3500,3953,4221,3170,3166,3432,3434,-19.9707,29.137,8.62498,47.998
54715,3734,3876,3652,3326,4225,5665,4633,3690,4921,7761,5623,3827,4331,4957,4288,3760,5.16306,-4.95727,8.83582,48.1793
54716,3432,3271,3206,3062,3937,3757,3350,3286,6108,4814,3695,3275,12536,6470,3928,3329,31.9385,-25.052,8.93907,47.6373
54717,6794,6845,4407,3569,6734,6863,4376,3590,4264,4229,3723,3452,3673,3468,3387,3132,-15.0468,-14.5784,8.52684,48.3373
54718,3510,3814,5967,12530,3384,3620,4727,5917,3262,3393,3864,3887,3236,3191,3366,3348,-32.1529,33.101,8.87601,47.344
54719,3250,3424,3448,3326,3635,3932,4145,3733,4174,6004,6360,4423,4331,6294,6966,4786,16.504,1.91446,8.74604,48.154
54720,3993,3676,3448,3171,5762,4695,3588,3316,9276,6003,3928,3233,6068,4924,3750,3414,7.78165,-22.2004,8.69799,48.1633
54721,3397,3720,4009,3795,3603,4503,5738,4522,3744,5135,7854,5379,3714,4157,4820,4342,4.61374,7.54732,8.5923,48.288
54722,6724,9686,5654,4013,4999,5534,4467,3715,3781,3786,3613,3355,3426,3222,3216,3066,-24.8085,-8.75753,8.69523,48.1713
54723,3143,3301,3405,3452,3187,3398,3787,3789,3365,3719,4794,5961,3408,3796,5810,12560,33.3137,32.1849,8.9038,47.25
54724,3140,3290,3360,3470,3303,3508,4045,4307,3239,3731,5006,8059,3371,3837,5669,10412,17.9582,29.771,8.76242,47.8313
54725,3635,3870,3829,3560,4111,5380,4984,3979,4551,7003,6261,4044,4133,4636,4478,3917,4.11525,-1.83598,8.52585,48.2473
54726,6453,4771,3755,3265,9882,5466,3755,3404,5757,4422,3628,3272,3764,3782,3453,3098,-8.7729,-25.9526,8.70197,47.9513
54727,3452,3418,3215,3174,3920,3791,3470,3398,6021,4683,3788,3248,12608,6015,3812,3411,30.6108,-29.6972,8.62653,47.616
54728,3847,5136,7943,5780,3761,4736,6901,5260,3428,3849,4238,4031,3222,3340,3551,3485,-17.1117,8.48988,8.61006,48.3387
54729,7208,9903,5403,3813,4925,5200,4272,3620,3874,3811,3602,3313,3343,3393,3274,3219,-30.6819,-10.3737,8.93603,48.1153
54730,3367,3406,3373,3099,3797,3874,3633,3327,4714,5526,4431,3906,6253,9831,5929,3884,25.3792,-7.6619,8.79942,48.2333
54731,4079,5970,8786,5820,3888,4772,6158,4805,3383,3696,4032,3735,3207,3373,3411,3327,-21.6678,6.21813,8.54506,48.2947
54732,3387,3337,3374,3102,3705,3752,3643,3345,4724,5232,4542,3869,5714,9662,6494,4025,33.1533,-5.66097,8.89931,47.938
54733,3713,4063,4042,3670,4208,6072,5815,4054,4207,6356,6074,4135,3817,4325,4212,3789,0.642469,-0.870762,8.78714,48.368
54734,3301,3419,3220,3067,4120,3950,3353,3102,7222,5091,3789,3421,11705,6009,3836,3331,21.3014,-31.1791,8.84117,47.9573
54735,3343,3529,4157,4414,3352,3945,5387,6734,3525,4044,5992,7654,3363,3679,4383,4889,2.18465,19.2416,8.52732,48.26
54736,9444,8845,4473,3586,5383,5174,4007,3453,3950,3938,3632,3258,3383,3371,3263,3126,-27.9176,-16.0636,8.85122,48.1907
54737,3233,3391,3402,3198,3665,3866,3601,3463,4908,5141,4440,3749,6638,9784,5693,3777,33.1479,-8.6345,8.5366,47.966
54738,3241,3444,3265,3273,3716,3757,3740,3500,4507,5208,4711,3918,5476,9479,6751,4147,32.5249,-3.99884,8.56726,48.0887
54739,3348,3451,3272,3115,3769,3959,3553,3247,5450,5753,4298,3605,7368,9102,5055,3839,22.7099,-12.0463,8.72926,48.1227
54740,6089,5046,3865,3435,8388,6514,4045,3561,5388,4628,3800,3320,3793,3810,3312,3167,-8.47896,-19.2548,8.87019,48.1073
54741,3969,3878,3459,3160,5209,5355,3948,3417,7096,7603,4365,3512,5135,5000,3969,3383,6.1414,-14.4038,8.89862,48.3053
54742,3422,4159,6698,11368,3326,3745,4892,6556,3207,3497,3940,4036,2980,3293,3414,3397,-22.9983,23.0286,8.82153,47.9533
54743,12828,5986,3881,3406,5876,4680,3663,3465,4049,3699,3394,3343,3359,3419,3268,3260,-29.2711,-31.5742,8.75726,47.7173
54744,3902,5475,9899,7015,3721,4324,5341,4799,3373,3646,3900,3738,3099,3142,3343,3264,-29.1112,9.74404,8.74474,47.9873
54745,5453,4657,3705,3279,8944,5845,3861,3380,6186,4826,3739,3393,4133,3895,3546,3218,-5.56493,-22.1301,8.56201,48.04
54746,3549,4662,9237,8730,3591,4104,5157,5323,3254,3542,3812,3884,3051,3333,3341,3395,-31.4815,14.417,8.918,47.9767
54747,8346,6834,4207,3515,7088,5850,4112,3515,4276,4143,3562,3241,3467,3580,3245,3111,-17.1154,-18.2811,8.76544,48.0613
54748,3667,4952,9595,7960,3729,4230,5123,5061,3355,3649,3885,3755,3194,3199,3347,3425,-32.3477,12.1294,8.66457,48.084
54749,4501,3940,3436,3217,7620,4848,3814,3296,8821,5206,3692,3291,5184,4218,3546,3171,1.79201,-25.1847,8.8875,47.8673
54750,11222,6126,4019,3405,7199,5012,3780,3313,4159,3950,3534,3217,3475,3418,3259,3190,-21.6206,-26.6906,8.51286,48.1853
54751,3033,3276,3193,3413,3188,3458,3929,4013,3351,3858,5088,6523,3450,4107,6688,11659,23.9115,23.2265,8.94438,48.1513
54752,3257,3315,3448,3368,3308,3631,3889,3929,3406,4076,5042,5563,3726,4494,8517,9206,32.4049,15.9249,8.52684,48.1167
54753,3254,3583,4212,4832,3374,3830,5627,8096,3256,3900,5175,7508,3232,3641,4127,4559,-1.15183,22.011,8.87625,48.1373
54754,3444,3880,5625,10954,3437,3688,5111,7593,3249,3499,3865,4225,3164,3137,3420,3478,-19.6459,30.4467,8.97218,47.846
54755,7302,9752,5301,3761,5007,5313,4193,3653,3744,3845,3616,3376,3409,3328,3228,3135,-28.7642,-11.0282,8.58666,47.9753
54756,3483,3445,3396,3257,3887,4010,3563,3353,5328,5149,4104,3624,8620,8712,4656,3580,33.0225,-14.7647,8.64993,48.1113
54757,10900,5858,3885,3328,7618,4997,3829,3368,4264,3810,3536,3252,3464,3415,3211,3215,-19.7558,-32.4506,8.61278,47.9667
54758,3308,3402,3375,3144,3585,3834,3768,3393,4335,5316,4812,4040,5317,8932,7213,4398,25.6044,-3.05653,8.68156,48.1147
54759,3656,3995,4120,3844,3955,5470,6424,4304,3985,5575,6582,4472,3771,4168,4348,3815,0.498248,2.82329,8.69774,48.3227
54760,3499,3396,3190,3162,3944,3872,3561,3214,5803,5570,4055,3529,8894,8479,4521,3539,23.8817,-15.43,8.88287,48.152
54761,3676,3904,3872,3512,4142,5483,5073,3882,4606,7129,5965,3940,3939,4765,4318,3734,4.01641,-2.89566,8.77581,47.96
54762,3353,3950,6151,11228,3370,3863,5046,6896,3355,3646,3935,4048,3109,3201,3433,3454,-22.4422,25.0894,8.51958,48.0253
54763,10881,7468,4109,3421,5678,5010,3978,3426,3821,3782,3417,3211,3453,3404,3271,3198,-30.935,-20.089,8.59261,47.6853
54764,3288,3373,3258,3153,3848,4056,4013,3425,4947,6850,4993,3852,5488,7920,5499,3967,17.4217,-6.59779,8.81333,47.9533
54765,3971,5742,8852,6001,3777,4750,6200,4840,3439,3746,3863,3866,3215,3315,3433,3327,-20.786,7.16223,8.61307,48.2247
54766,3561,3916,4146,3732,3896,5309,5976,4282,4136,5762,6693,4401,3697,4250,4346,3886,1.76696,2.23033,8.71747,47.9927
54767,11730,7073,4107,3384,6056,4785,3745,3410,3966,3828,3330,3244,3478,3345,3182,3040,-28.4857,-21.9581,8.79375,47.802
54768,5169,7892,6291,4374,4681,6352,5283,4016,3793,3961,3882,3505,3334,3438,3329,3153,-19.0764,-3.28376,8.53286,48.302
54769,3282,3418,3296,3212,4011,3757,3419,3172,6536,4804,3671,3480,12298,6024,3966,3255,26.0229,-30.4125,8.56943,47.734
54770,3468,3437,3312,3149,4020,3879,3594,3238,6128,5767,4106,3568,8672,8010,4528,3436,21.0217,-15.8382,8.94278,48.208
54771,3856,3776,3519,3207,5182,4872,3828,3502,7484,7079,4178,3515,5500,5424,3873,3427,8.1935,-15.8985,8.74638,48.148
54772,6528,10105,5790,3947,4748,5270,4400,3749,3738,3739,3655,3366,3382,3316,3220,3162,-29.4889,-8.18497,8.7948,48.0767
54773,4519,5725,5209,3963,4588,7581,6304,4061,3879,4383,4392,3753,3450,3556,3464,3437,-10.7432,-2.43036,8.85534,48.176
54774,3329,3386,3204,3057,3970,3919,3560,3254,6117,5241,3914,3457,10406,7458,4211,3472,23.6635,-19.2265,8.98182,47.97
54775,3458,4294,7698,10837,3481,3849,5004,5944,3218,3479,3729,3848,3051,3313,3353,3368,-27.8845,19.449,8.87304,47.9493
54776,4262,4426,3749,3378,5715,6714,4258,3528,5850,6793,4404,3534,4278,4333,3894,3375,0.0256375,-11.8144,8.76643,48.3273
54777,3450,3901,4505,4349,3629,4619,7388,5654,3631,4288,6164,5285,3286,3723,4316,4006,-2.29775,10.6832,8.77924,48.1293
54778,3339,3837,5210,6534,3402,4000,6077,8880,3264,3655,4586,5364,3084,3455,3666,3786,-9.8321,20.9902,8.72221,48.0927
54779,3161,3248,3495,3365,3219,3469,3802,3804,3368,4009,5119,5755,3506,4366,7875,10299,30.4678,18.4,8.56488,47.9067
54780,4018,3907,3583,3305,5374,5631,3873,3532,6579,7570,4450,3545,4852,4771,3889,3515,4.37336,-13.569,8.72217,48.2627
54781,4052,5999,8201,5367,3963,5172,6523,4758,3425,3744,3971,3857,3192,3312,3418,3366,-18.4343,5.22166,8.85139,48.2133
54782,3927,3660,3428,3170,5729,4395,3519,3182,9861,5198,3782,3431,6652,4803,3754,3297,8.73916,-29.3138,8.70121,47.8587
54783,3390,3338,3220,3136,3835,3801,3390,3213,6417,4870,3806,3366,12049,6576,4001,3289,25.7019,-24.4894,8.60673,47.798
54784,4761,8227,8427,4802,4136,4939,4996,4314,3464,3655,3700,3551,3184,3386,3303,3231,-31.0314,0.511165,8.63015,48.0507
54785,6258,5958,4097,3508,7412,6969,4245,3537,4642,4526,3699,3412,3731,3654,3364,3249,-12.2402,-15.6743,8.83757,48.174
54786,12651,6435,3886,3364,5916,4754,3798,3268,3808,3801,3419,3205,3345,3402,3334,3060,-31.4338,-26.0516,8.99119,47.6307
54787,3337,3684,4212,4441,3491,3972,6001,6331,3416,4120,6568,6698,3319,3757,4503,4590,0.883059,16.1627,8.65402,48.2933
54788,4996,4263,3446,3327,8847,4902,3791,3429,7864,4780,3743,3205,4725,4009,3519,3203,-1.49503,-28.9257,8.80873,48.0327
54789,3392,3412,3237,3078,4169,3838,3526,3314,6812,5031,3864,3390,10896,6724,4115,3463,22.4738,-22.4589,8.6386,48.174
54790,3514,3508,3502,3406,3832,4418,4486,3790,4496,6880,6516,4371,4322,5614,5438,4149,11.1836,-0.750371,8.60414,48.1613
54791,3525,3440,3374,3200,4112,4290,3646,3345,5943,7267,4686,3629,6104,7283,4789,3770,15.2523,-10.9896,8.73563,48.2687
54792,3676,4183,5706,5114,3661,4659,7862,6431,3505,3933,4924,4604,3270,3386,3655,3747,-9.05284,11.5697,8.66382,48.2107
54793,3810,5406,9495,6927,3632,4399,5789,5117,3301,3727,3977,3855,3051,3229,3461,3394,-22.7887,10.2013,8.98742,48.38
54794,3530,4062,4265,4009,3690,4957,6840,4657,3738,5044,6955,4829,3571,3938,4420,4044,0.613754,6.11628,8.6622,48.366
54795,3427,3296,3132,3148,4025,3778,3411,3274,6680,4840,3860,3435,11998,6097,4006,3427,23.6205,-28.1879,8.95369,47.8893
54796,3313,3713,3862,3830,3589,4176,5550,4515,3872,5072,7943,5396,3607,4276,5095,4575,5.92369,8.10904,8.63904,48.256
54797,5473,5470,3978,3503,6948,7734,4490,3565,4821,4874,3913,3416,3682,3770,3531,3063,-8.56518,-13.6466,8.72411,48.154
54798,3346,3779,5097,6630,3384,3812,5884,9231,3254,3583,4508,5579,3247,3417,3781,3859,-9.15178,22.3251,8.65898,48.2607
54799,4193,3934,3432,3127,6582,4562,3646,3308,9819,5322,3794,3391,5757,4535,3559,3290,5.65956,-27.9756,8.94246,48.1673
54800,3151,3575,3810,4105,3481,3893,5119,5672,3450,4149,6865,7441,3483,3832,5018,5268,5.77245,16.9503,8.73591,48.208
54801,3471,3829,5621,9843,3413,3771,5133,8251,3202,3585,3952,4395,3197,3177,3397,3617,-17.2054,27.1481,8.6057,47.9027
54802,3470,3909,5601,9830,3405,3794,5001,8335,3273,3476,3909,4518,3115,3220,3485,3469,-17.0128,28.5975,8.86348,47.8733
54803,3362,3651,4463,4498,3367,4026,6425,6745,3400,4019,6173,6433,3357,3644,4322,4452,-0.696742,16.0314,8.70449,48.2247
54804,3066,3368,3502,3479,3468,3746,4208,3989,3692,4778,7043,5322,3744,5197,7662,5840,16.481,8.82739,8.68022,48.0693
54805,3830,4882,5992,4787,3946,5590,7884,5038,3540,4053,4831,4080,3390,3447,3597,3499,-10.4331,5.70627,8.82572,48.2573
54806,3382,4010,6798,11973,3357,3855,4810,5994,3132,3447,3737,3871,3084,3291,3484,3363,-31.9781,23.4537,8.55983,47.7253
54807,11673,7074,4105,3385,5963,4993,3899,3468,4005,3845,3527,3202,3431,3401,3239,3170,-28.1171,-21.7881,8.63551,48.2533
54808,3134,3191,3466,3546,3321,3464,3990,4556,3425,3826,4989,8404,3500,3756,5503,9874,16.8443,31.5002,8.9758,47.9633
54809,9611,8168,4449,3484,5896,5370,3889,3489,3900,3816,3557,3330,3386,3367,3325,3095,-23.8649,-17.1766,8.71088,48.088
54810,5085,6536,4769,3698,5453,7825,5139,3838,3998,4565,3999,3509,3637,3520,3476,3191,-12.4631,-7.46934,8.71342,48.1587
54811,3177,3401,3938,4047,3306,3698,4640,6554,3389,3759,5372,9744,3234,3647,4526,5756,5.59907,25.9387,8.98128,48.1253
54812,3203,3260,3502,3370,3260,3537,4011,3782,3541,4080,5143,5353,3479,4636,8845,9118,30.3285,15.2582,8.6147,48.08
54813,3099,3399,3509,3676,3372,3826,4622,4374,3557,4649,7704,6243,3514,4382,6508,5864,12.4249,12.3155,8.93345,48.1987
54814,3307,3320,3338,3257,3637,3801,3790,3479,4421,5579,4995,3970,5397,8680,6699,4417,22.2416,-3.63953,8.82376,48.058
54815,3772,4448,5136,4484,3882,5315,7904,5052,3662,4410,5346,4193,3403,3726,3739,3657,-6.64624,5.88649,8.51781,48.086
54816,3205,3273,3424,3327,3258,3518,3776,3997,3461,3856,4653,5936,3498,3843,5947,12265,32.2182,33.0393,8.50181,47.4913
54817,3923,5497,7977,5641,3900,4924,6794,5006,3561,3830,4099,3868,3195,3374,3510,3338,-17.7443,7.36591,8.65241,48.2913
54818,3413,4025,6495,12086,3388,3864,4661,6059,3275,3520,3862,3846,3147,3310,3370,3404,-28.1474,24.6377,8.51359,47.8167
54819,3172,3267,3376,3404,3501,3691,3955,3743,3895,4821,6139,4738,4137,5861,8900,5710,20.1094,6.26405,8.96533,48.2067
54820,10905,5697,3865,3372,7644,4980,3741,3228,4257,3981,3438,3285,3534,3396,3254,3054,-19.8728,-29.2482,8.86716,47.754
54821,3132,3325,3654,4018,3278,3656,4690,5508,3459,4013,6481,8476,3432,3899,5126,5899,7.34179,18.942,8.71074,48.0307
54822,4136,3828,3535,3188,6255,4565,3636,3382,9636,5252,3811,3377,6057,4658,3764,3253,6.46762,-31.2304,8.66602,48.222
54823,3405,3964,6394,12129,3460,3845,4895,6264,3068,3486,3798,4051,3009,3245,3356,3445,-26.2455,24.9308,8.94964,47.876
54824,3413,3469,3203,2964,4154,3769,3501,3164,6920,5123,3937,3338,10982,6815,3943,3442,21.8342,-22.4834,8.93325,48.0913
54825,7943,7020,4386,3469,7011,6137,3899,3510,4313,4138,3623,3321,3463,3481,3311,3247,-17.1409,-17.4059,8.84284,48.1813
54826,3337,3618,4430,5562,3355,3769,5089,9354,3477,3798,4667,6772,3254,3442,3963,4254,-4.14449,29.6499,8.61184,48.094
54827,3361,3428,3204,2957,4259,3863,3337,3217,7096,4983,3801,3409,11615,5948,3972,3299,21.8618,-27.1396,8.7545,47.8327
54828,3958,4916,6144,4702,3927,5745,8014,5008,3638,4116,4475,3986,3377,3503,3624,3531,-11.2942,4.87859,8.84755,48.4427
54829,3535,4305,6537,6653,3659,4130,6887,7076,3444,3705,4372,4409,3130,3294,3587,3634,-13.5595,15.0593,8.9042,48.238
54830,3079,3201,3467,3455,3181,3433,3909,3999,3419,3894,4840,6846,3330,3948,6073,11961,23.4869,26.7538,8.88418,48.0233
54831,12409,6074,3897,3293,5995,4650,3742,3296,3872,3835,3360,3269,3371,3403,3340,3239,-32.2965,-29.5775,8.80608,47.3633
54832,3286,4022,6896,12063,3339,3687,4907,6109,3312,3462,3810,4018,3153,3190,3408,3480,-30.6643,22.8687,8.87138,48.0947
54833,4019,5453,6806,5055,3876,5386,7159,4866,3542,3988,4289,3922,3287,3420,3564,3526,-14.4916,4.93679,8.67142,48.1053
54834,3421,3896,5956,12603,3435,3661,4646,5975,3182,3471,3791,3995,3107,3229,3380,3424,-33.1779,31.2131,8.79936,47.448
54835,3586,4626,8303,9456,3522,3947,5259,5659,3309,3661,3841,3913,3054,3203,3478,3402,-26.9898,16.5374,8.60722,48.146
54836,3354,3743,4458,4486,3540,4251,6575,5934,3402,4279,6502,5967,3362,3725,4341,4283,-0.141853,13.4128,8.82171,48.1347
54837,3493,3428,3260,3117,4248,3997,3544,3295,6839,5674,4138,3357,9333,6970,4288,3533,19.529,-18.987,8.58109,48.3427
54838,3337,3580,4057,3947,3588,4124,5799,5001,3585,4461,8029,5793,3604,3998,4835,4589,4.08111,10.8855,8.94966,48.218
54839,3850,3757,3608,3392,4635,5267,4076,3542,5954,7921,4786,3733,4754,5324,4176,3645,7.29842,-10.0706,8.59981,48.28
54840,3145,3279,3402,3410,3303,3440,3741,3857,3330,3673,4734,5858,3372,3858,6460,12416,31.8497,25.7299,8.75933,47.5187
54841,3277,3834,5123,7062,3382,3932,5606,9442,3140,3684,4365,5378,3155,3224,3654,3864,-10.0202,24.4593,8.60405,48.0813
54842,10003,6611,4079,3458,6918,5427,3912,3511,4238,3851,3462,3195,3465,3483,3263,3131,-20.6038,-21.213,8.56597,48.0047
54843,3226,3332,3328,3376,3557,3826,3753,3713,4112,5073,5619,4472,4390,7036,8616,5087,22.5961,2.5357,8.84897,48.344
54844,4695,4903,4006,3455,6274,7687,4449,3558,5174,5750,4117,3505,4133,4018,3588,3221,-4.58395,-12.302,8.99047,48.3553
54845,3137,3553,3860,4075,3348,3667,4683,5815,3375,3911,5961,8813,3349,3696,4823,5987,7.00262,22.1834,8.50186,48.0353
54846,3451,3368,3203,2999,3932,3864,3470,3226,5864,4906,3756,3372,11903,6751,3885,3299,31.4974,-22.663,8.62834,47.4993
54847,3903,3892,3733,3506,4666,6021,4519,3717,5216,7548,4982,3793,4390,4722,4083,3681,3.75633,-7.63362,8.54173,48.248
54848,4523,4140,3633,3183,7685,4924,3728,3299,8569,5087,3684,3393,4882,4243,3652,3264,1.42203,-33.5731,8.68458,47.926
54849,3690,3657,3456,3105,4940,4413,3711,3288,8374,6424,4035,3506,6648,5517,3941,3458,11.0392,-18.9669,8.64086,48.1087
54850,3510,3653,3620,3493,3937,4714,4681,3759,4435,7014,6832,4268,4115,5027,5064,4215,8.63243,-0.45561,8.57803,48.2247
54851,3348,3453,3286,3133,3931,3789,3484,3255,5718,5085,3908,3492,9649,8631,4532,3608,29.4503,-16.4565,8.89908,48.2013
54852,7670,5617,3981,3402,8793,5811,3888,3364,4758,4314,3639,3235,3698,3649,3258,3054,-12.9179,-21.6032,8.64354,48.0873
54853,3589,3545,3248,3086,4449,4061,3508,3156,7691,5696,3829,3328,9387,6212,4046,3363,17.8138,-21.7782,8.5781,48.1293
54854,4467,5432,4977,3942,4555,7307,6116,4165,3911,4805,4436,3773,3492,3697,3508,3459,-9.33743,-2.79372,8.6243,48.028
54855,4526,4653,3875,3416,6098,7377,4442,3491,5371,6151,4320,3527,4108,4172,3645,3308,-2.67461,-12.3276,8.83147,48.32
54856,3093,3249,3314,3172,3499,3698,3759,3616,3876,4821,5364,4404,4335,6925,9425,5749,25.4951,4.47505,8.80672,48.1993
54857,3737,4969,7448,5562,3732,4860,7413,5555,3348,3891,4384,4109,3194,3430,3522,3419,-14.8912,8.91597,8.64067,48.382
54858,4736,4267,3594,3308,8413,4944,3768,3298,8447,4917,3750,3330,4788,4123,3456,3249,-0.0354012,-28.4741,8.95947,48.2587
54859,6642,9731,5816,3852,4851,5098,4405,3779,3768,3837,3521,3334,3248,3402,3310,3152,-30.149,-8.15016,8.51743,47.8307
54860,4814,4167,3659,3256,8818,4942,3758,3381,7799,4911,3716,3387,4629,4055,3555,3261,-1.48653,-33.7059,8.96836,48.072
54861,4336,4466,3899,3533,5184,7226,4835,3650,4975,6493,4670,3700,3950,4163,3830,3487,-1.02232,-7.97022,8.84833,48.2647
54862,3161,3258,3398,3365,3135,3593,4009,4407,3380,3862,5083,8442,3349,4014,5498,9584,16.8442,33.426,8.59267,47.692
54863,3404,3453,3213,3195,3854,4049,3479,3325,5800,5363,4078,3491,9030,8350,4591,3599,23.876,-15.9077,8.6036,48.1827
54864,4772,5999,4566,3816,5260,8170,5283,3849,4268,4784,3968,3527,3608,3584,3512,3216,-10.4445,-7.68015,8.73667,48.1213
54865,3266,3391,3273,3131,3733,3830,3623,3230,5276,5326,4173,3595,8027,9333,5045,3664,26.8565,-12.8846,8.52515,47.944
54866,3124,3323,3608,3736,3419,3681,4546,4597,3469,4370,7346,6974,3531,4268,6248,6271,12.4754,14.4779,8.65505,48.3407
54867,11094,7429,4046,3537,5729,5049,3849,3392,3786,3834,3537,3290,3447,3301,3228,3200,-28.8046,-20.529,8.70905,47.832
54868,4782,8491,8026,4679,4307,4984,4965,4186,3451,3755,3776,3462,3214,3284,3327,3329,-27.9976,-0.458154,8.64255,48.012
54869,3436,4136,7139,11643,3457,3808,4983,5829,3210,3409,3814,3908,3108,3250,3362,3429,-30.7992,21.3411,8.96967,47.9473
54870,3400,3413,3285,3170,4072,3846,3373,3274,7087,5088,3759,3368,11632,5838,3877,3414,21.6527,-33.4136,8.90718,47.9307
54871,3391,3328,3309,3316,3811,3752,3374,3160,5906,4685,3649,3387,12413,5943,3831,3457,32.2248,-33.9065,8.78412,47.1413
54872,3288,3885,6114,12559,3347,3592,4784,6168,3164,3472,3703,3943,2997,3256,3308,3386,-27.9056,29.1526,8.63303,47.3107
54873,4662,8183,8476,4783,4103,4914,5035,4189,3581,3688,3726,3615,3247,3392,3391,3282,-30.7634,0.439141,8.65633,48.178
54874,3176,3516,4192,4764,3442,3885,4967,8377,3365,3736,4995,8222,3201,3506,4110,4907,-0.117922,29.0771,8.83412,48.2407
54875,6117,8319,5096,3925,5326,6762,4559,3650,4007,3991,3752,3508,3444,3482,3321,3206,-17.9613,-9.631,8.60943,48.31
54876,3397,4381,7934,10130,3414,3967,5059,5726,3287,3533,3904,4047,3209,3234,3419,3395,-33.122,17.8922,8.64804,48.024
54877,12128,6387,3959,3479,6671,4838,3764,3439,4095,3825,3349,3280,3361,3358,3135,3084,-24.5498,-26.0276,8.72608,48.1013
54878,8787,5267,3879,3387,9059,5147,3774,3338,4659,4034,3615,3254,3501,3609,3374,3192,-14.6584,-29.8835,8.58338,47.9173
54879,5131,8690,7374,4607,4315,5318,4879,4045,3534,3736,3714,3494,3285,3410,3260,3253,-25.2104,-2.20514,8.6857,48.03
54880,3280,3363,3388,3444,3521,3820,4091,3752,3848,4921,6712,4996,3995,5500,7955,5477,17.5852,6.84838,8.52155,48.042
54881,3202,3536,4418,5480,3348,3812,5040,9620,3326,3617,4521,6893,3241,3415,3881,4298,-4.24855,30.1621,8.70866,47.7653
54882,4010,3717,3325,3170,5429,4436,3575,3312,9594,5586,3898,3426,6801,4935,3803,3370,9.4341,-25.0889,8.55548,48.258
54883,3061,3210,3359,3475,3174,3302,3832,4102,3348,3756,4812,6333,3355,3974,6275,12365,26.4935,26.3958,8.86237,47.822
54884,3575,4682,8156,7295,3609,4267,6256,5824,3453,3642,4030,4144,3065,3249,3510,3333,-19.2615,12.9292,8.59524,48.06
54885,5841,8942,6063,4015,4707,5957,4692,3763,3774,3957,3663,3394,3338,3392,3344,3208,-22.0444,-6.27125,8.60395,48.0333
54886,3112,3293,3318,3335,3373,3661,3771,3730,3759,4251,5229,4883,3776,5253,9741,7041,31.2006,10.3631,8.83308,47.684
54887,3437,3747,3885,3583,3864,4680,5241,4233,3989,6028,7381,4582,3819,4660,5006,4229,6.33639,3.07086,8.60768,48.2427
54888,6140,4986,3903,3320,8958,5948,3938,3399,5765,4685,3717,3355,4016,3779,3479,3053,-7.65157,-21.3078,8.71286,48.294
54889,3321,3373,3332,3245,3605,3813,3617,3394,4570,5295,4644,3860,5929,9549,6455,4148,28.8315,-5.62865,8.69289,48.1
54890,6073,6476,4385,3599,6593,7164,4315,3600,4424,4433,3773,3427,3667,3663,3431,3228,-13.0022,-13.6499,8.75316,48.1673
54891,10238,7259,4299,3416,6543,5245,3884,3435,4199,3815,3572,3215,3518,3326,3174,3108,-21.7673,-19.9361,8.81757,48.164
54892,3663,3716,3362,3101,4852,4429,3730,3279,7935,6670,4158,3417,6544,5777,4065,3460,11.8456,-17.8859,8.839,48.1053
54893,3670,3959,3767,3413,4395,5552,4716,3735,4756,7429,5704,3995,4305,4819,4311,3706,4.47308,-4.39732,8.62522,48.1547
54894,4035,3956,3423,3146,5952,5015,3851,3348,7979,6557,4086,3474,5377,4771,3816,3286,5.65582,-17.9762,8.84103,48.048
54895,3853,5539,9733,6990,3723,4449,5334,4902,3335,3585,3899,3640,3116,3260,3460,3243,-25.6489,9.84941,8.97262,48.0407
54896,7415,6506,4173,3488,7478,6433,4120,3444,4413,4254,3682,3295,3569,3489,3250,3156,-14.488,-17.5526,8.60806,48.11
54897,3574,4070,4641,4303,3666,4770,7396,5234,3790,4474,6371,4880,3371,3831,4135,3974,-2.36479,8.70081,8.75157,48.32
54898,3118,3284,3317,3471,3247,3398,3864,3996,3355,3695,4670,6106,3406,3941,5997,12481,32.1809,27.181,8.51056,47.564
54899,3760,3916,4134,3648,4049,5438,5677,4114,4225,5951,6604,4142,3865,4363,4309,3952,2.1107,1.2981,8.64043,48.098
54900,3664,3576,3374,3149,4594,4396,3593,3328,7534,6598,4090,3574,6839,6055,4192,3498,12.9897,-17.0415,8.71087,48.036
54901,3440,3877,6095,12608,3485,3729,4704,6087,3209,3424,3736,4056,3162,3229,3297,3400,-28.2903,29.5513,8.79345,47.692
54902,4606,6252,5546,4198,4758,7058,6071,4099,3902,4385,4108,3770,3414,3483,3499,3275,-13.2781,-2.43343,8.73536,48.2827
54903,4484,4086,3476,3290,7639,5107,3783,3357,8630,5219,3742,3469,5050,4206,3704,3197,1.44184,-24.6852,8.78252,48.2927
54904,3686,3875,3691,3411,4188,5314,4596,3763,4738,7878,5735,3985,4231,5025,4500,3726,5.76391,-4.03594,8.86084,48.228
54905,8477,9236,4719,3559,5248,5124,4132,3478,3876,3673,3466,3397,3247,3468,3282,3180,-30.3997,-13.9529,8.72055,47.708
54906,3410,4125,6697,10085,3294,3972,5263,6929,3166,3601,3884,4159,3160,3245,3493,3479,-20.396,21.2742,8.79288,47.9747
54907,4510,4159,3481,3228,7687,4845,3736,3346,8583,5186,3735,3329,5050,4296,3625,3306,1.33932,-26.9223,8.58256,48.068
54908,3674,4628,8448,9358,3456,4000,5139,5576,3304,3555,3885,3869,3108,3289,3351,3460,-26.6773,16.1858,8.66481,48.0667
54909,3626,3634,3516,3256,4688,4636,3709,3315,7427,6924,4302,3448,6470,5927,4137,3465,11.4049,-15.809,8.58804,48.32
54910,3618,4601,6267,5347,3696,4800,7955,5948,3368,3907,4694,4292,3316,3449,3697,3631,-11.7377,10.4557,8.75595,48.3907
54911,12139,6478,3961,3395,6370,4815,3843,3443,3923,3918,3336,3262,3326,3380,3121,3072,-26.0277,-25.6343,8.94469,47.8547
54912,5424,9322,6688,4437,4498,5549,4778,3923,3595,3889,3704,3412,3252,3392,3281,3210,-24.412,-4.10689,8.91301,48.236
54913,3668,3614,3306,3067,4477,4226,3605,3379,8155,5864,3905,3488,8071,5911,3926,3493,14.6088,-20.9521,8.54924,48.1033
54914,3280,3717,4741,6399,3403,3794,5278,9863,3279,3516,4459,5593,3276,3372,3561,3945,-8.17857,32.588,8.79385,47.6507
54915,4287,3938,3462,3212,6832,4883,3809,3331,9272,5582,3798,3281,5472,4418,3686,3292,4.2836,-23.8511,8.81605,48.37
54916,3308,3358,3239,3186,3924,3778,3576,3325,5193,5280,4179,3507,8531,9058,4779,3613,33.3441,-13.7738,8.92311,47.8893
54917,3260,3399,3551,3365,3485,3656,4100,3955,3729,4719,6791,5502,3754,5094,7903,6150,17.2791,9.62477,8.59745,48.2753
54918,4468,6023,5682,4386,4440,6620,6395,4328,3772,4362,4221,3768,3486,3502,3507,3397,-13.1055,-0.728184,8.60421,48.238
54919,4854,4366,3695,3278,7717,5677,3961,3489,7207,5500,3826,3267,4733,4265,3670,3243,-0.665872,-20.1904,8.76167,48.4987
54920,3843,3804,3554,3345,4801,5316,4076,3522,6212,8034,4452,3661,4834,5081,4257,3491,6.56026,-11.5647,8.82597,48.1887
54921,3543,3433,3287,3195,4402,4138,3587,3360,7313,6337,4187,3449,7791,6619,4184,3496,15.8717,-17.287,8.88692,48.214
54922,3316,3739,5103,7839,3426,3817,5314,9473,3218,3514,4206,4907,3132,3222,3530,3679,-12.5,32.0937,8.7649,47.6233
54923,3458,3565,3409,3318,3966,4526,4163,3567,4924,7735,5462,3937,4843,6501,5059,3895,12.3587,-5.21056,8.90242,48.2187
54924,3469,3819,4667,4574,3660,4415,7193,5948,3565,4114,6066,5320,3313,3702,4209,4114,-2.79185,12.1036,8.61217,48.0987
54925,4866,4472,3834,3293,7471,6250,4087,3458,6414,5501,3951,3389,4283,4172,3704,3322,-2.43086,-17.7287,8.51681,48.3113
54926,3649,4133,5124,4474,3764,5231,8128,5296,3535,4357,5644,4398,3354,3490,3858,3768,-5.79817,7.48022,8.99526,48.1353
54927,4140,4180,3684,3307,5309,6152,4194,3456,6024,7442,4464,3635,4286,4746,3883,3301,2.64055,-11.7689,8.63026,48.1353
54928,3488,4215,5661,5320,3589,4519,7908,6503,3375,3924,4911,4612,3220,3405,3706,3700,-9.10566,12.1772,8.79086,48.0373
54929,7359,9456,5151,3801,5157,5729,4202,3696,3807,3889,3617,3269,3430,3424,3206,3000,-24.3269,-11.2044,8.78762,48.1287
54930,3158,3559,4407,5381,3372,3923,5469,8807,3334,3718,4789,6922,3303,3549,3941,4463,-3.43034,24.4374,8.58752,48.0633
54931,9880,6251,4075,3348,7585,5318,3852,3377,4368,4021,3504,3301,3521,3320,3194,3042,-18.6194,-22.42,8.89154,47.9713
54932,3525,3425,3333,3179,3978,3791,3401,3189,5979,4675,3675,3469,12463,5832,3812,3431,32.1639,-31.09,8.54859,47.438
54933,8354,9532,5030,3607,5268,5382,4052,3520,3902,3764,3530,3345,3411,3388,3285,3174,-26.6142,-13.2647,8.89612,48.3627
54934,5603,4596,3691,3321,9430,5388,3856,3350,6692,4721,3616,3263,4111,3879,3420,3274,-5.07406,-24.8899,8.58781,48.1407
54935,4279,4267,3670,3300,5707,6379,4213,3483,5982,6816,4446,3658,4387,4444,3770,3501,1.3637,-12.5941,8.64955,48.2013
54936,3680,4885,7971,6779,3528,4410,6595,5820,3463,3571,4137,4104,3227,3334,3390,3424,-18.2795,12.1396,8.51885,48.212
54937,3254,3414,3442,3243,3689,3938,3795,3631,4163,5772,5641,4077,4666,7843,7179,4490,19.6458,-1.18181,8.99939,48.158
54938,3159,3273,3399,3377,3326,3439,3736,3854,3430,3843,4744,5933,3520,3885,5948,12541,29.9643,33.196,8.57581,47.6047
54939,6629,4828,3684,3307,9935,5199,3834,3347,5837,4428,3528,3382,3972,3734,3482,3190,-8.23908,-29.8657,8.53071,48.2107
54940,3457,3377,3262,3195,4102,4125,3750,3386,5615,6784,4480,3649,6508,8071,5029,3703,17.8041,-10.8979,8.58681,48.3287
54941,3201,3415,3979,4230,3281,3783,4677,6686,3451,3782,5412,9378,3257,3588,4675,5853,5.1058,25.7232,8.51437,48.432
54942,5197,8085,6160,4161,4562,6388,5232,3982,3794,3978,3874,3467,3265,3447,3404,3267,-18.4982,-4.26616,8.93118,48.1753
54943,3579,3607,3185,3066,4560,4050,3519,3272,8731,5248,3802,3523,9132,5467,3900,3355,15.5239,-30.9828,8.63762,47.9973
54944,7151,5680,3974,3431,8510,6169,4014,3400,4776,4406,3528,3262,3691,3663,3332,3109,-12.1967,-19.9131,8.93354,48.064
54945,9847,6789,4211,3516,7028,5345,3998,3566,4322,3979,3510,3290,3401,3396,3252,3019,-20.0214,-20.6379,8.75173,48.3127
54946,4600,6739,6617,4456,4407,6129,6099,4262,3702,3955,4027,3604,3280,3446,3470,3374,-16.6521,-0.572182,8.877,48.1113
54947,3359,3266,3289,3121,3785,3860,3717,3447,4861,5622,4434,3768,6483,9676,5611,3915,25.5079,-8.32204,8.70684,48.1427
54948,3340,3606,4892,6562,3418,3834,5288,9911,3364,3659,4359,5766,3101,3372,3674,3925,-8.65404,27.2583,8.5434,48.0473
54949,3438,3355,3274,3074,3901,3722,3427,3254,6103,4725,3792,3354,12753,6047,3834,3439,27.9539,-31.5299,8.81629,47.6613
54950,3359,3417,3214,3070,3851,3844,3480,3232,5745,4986,4004,3567,10515,7756,4417,3534,31.3232,-18.5929,8.60909,47.994
54951,3033,3391,3659,3655,3380,3771,4521,4860,3610,4124,6954,7661,3416,4069,5667,6230,10.713,16.602,8.63068,48.0007
54952,3122,3367,3355,3281,3394,3649,3838,3742,3696,4146,5247,4899,3970,6007,9977,6282,29.6101,7.48597,8.5912,47.9813
54953,3533,4005,5890,8052,3416,3993,5817,8188,3307,3599,4114,4673,3062,3299,3570,3526,-14.5946,20.9536,8.57804,48.0293
54954,3190,3343,3544,3448,3476,3847,4325,4004,3775,4990,7337,5360,3839,5105,7417,5532,15.4594,7.93396,8.80301,48.3547
54955,3496,3478,3192,3047,4240,3928,3576,3235,7347,5533,3999,3458,9397,6434,4119,3466,18.5138,-20.8059,8.55299,47.9633
54956,3442,3367,3274,3236,3820,3724,3309,3283,5911,4785,3824,3431,12555,6065,3841,3391,32.1863,-29.5641,8.63235,47.5053
54957,3098,3302,3322,3371,3266,3414,3771,3798,3406,3753,4710,6107,3309,3815,6076,12901,31.0058,28.7487,8.94629,47.6127
54958,3925,4772,5794,4636,3981,5866,7942,4863,3770,4177,4733,3929,3299,3494,3675,3616,-9.83864,4.48723,8.77689,48.3147
54959,3889,4804,5239,4210,4089,6304,7583,4650,3765,4553,4873,4065,3403,3539,3710,3617,-8.45316,2.46053,8.90574,48.1953
54960,3972,6130,9820,6209,3773,4478,5217,4739,3370,3578,3892,3767,3159,3294,3394,3348,-33.9242,7.09009,8.81374,48.0933
54961,3078,3189,3390,3413,3257,3480,3702,3963,3340,3885,4876,5869,3450,4178,7114,11643,29.1912,21.9024,8.90216,47.8847
54962,5301,8977,6763,4369,4444,5600,4775,4034,3708,3788,3675,3469,3180,3401,3195,3235,-23.7572,-3.85303,8.84272,47.9427
54963,4661,8010,8151,4858,4178,5109,5029,4129,3623,3748,3722,3610,3262,3397,3340,3225,-24.9526,0.132888,8.62091,48.0347
54964,3218,3466,3769,3713,3420,4024,4828,4519,3640,4684,8094,6148,3612,4300,5776,5246,9.68809,11.0176,8.93412,48.3047
54965,3030,3411,3486,3415,3549,3654,4061,4088,3631,4496,6393,5525,3787,4883,8005,6635,18.4475,11.4456,8.51144,48.0327
54966,3342,3436,3290,3153,3905,3785,3358,3250,6084,4865,3707,3351,12642,6104,3945,3414,28.0961,-29.3251,8.59971,47.754
54967,3193,3276,3269,3399,3359,3438,3708,3951,3239,3750,4831,6081,3393,3884,6203,12585,30.044,27.6891,8.92696,47.706
54968,3402,3404,3252,3113,3975,3749,3494,3194,6575,4837,3675,3338,12289,6023,3820,3295,24.3794,-29.7852,8.81042,47.6233
54969,4912,4652,3783,3349,7478,6551,4078,3495,6195,5370,3983,3475,4323,4093,3662,3254,-3.07931,-17.0225,8.73825,48.4353
54970,10877,7444,4250,3417,5746,4975,3970,3525,3977,3826,3516,3285,3363,3327,3239,3219,-32.6451,-19.6144,8.66503,47.9707
54971,3377,3299,3252,3207,3956,3798,3507,3258,6007,4896,3719,3363,12270,6409,3972,3399,28.3655,-25.0634,8.69541,47.7927
54972,3225,3597,3692,3483,3573,4089,4587,4121,3854,5258,7902,5253,3838,4887,6199,4939,11.2897,6.70821,8.68953,48.3313
54973,3988,6137,9765,5910,3741,4536,5204,4584,3494,3734,3922,3679,3212,3258,3393,3378,-33.4991,6.25497,8.57879,47.9567
54974,3169,3228,3229,3437,3251,3569,3891,4028,3329,3746,4664,6453,3386,3878,5950,12387,25.6179,31.1753,8.7446,47.73
54975,3461,3965,5600,10747,3472,3776,5057,7864,3162,3605,3928,4164,3055,3161,3479,3510,-18.8725,30.7542,8.71387,48.004
54976,3791,4083,4207,3896,3867,5356,5968,4407,3870,5577,6557,4381,3685,4190,4401,3983,1.18552,2.843,8.6487,48.146
54977,6618,9961,5860,3979,4722,5342,4479,3686,3812,3847,3567,3434,3367,3355,3268,3086,-28.2498,-8.16719,8.795,48.2553
54978,3293,3665,4716,6553,3359,3658,5263,9852,3316,3642,4348,5924,3143,3364,3728,3951,-7.96905,29.4227,8.68592,47.85
54979,12424,6435,3934,3398,5926,4873,3866,3368,3974,3629,3434,3217,3333,3309,3297,3040,-31.1898,-24.9639,8.69242,47.638
54980,3217,3303,3365,3389,3278,3564,3860,3889,3504,3922,5162,5613,3528,4504,8255,9693,26.6568,17.0703,8.96654,48.0307
54981,4038,4704,4487,3825,4618,6926,6260,4216,4099,5498,5168,3963,3683,3881,3786,3513,-4.55343,-1.65064,8.50539,48.4433
54982,3201,3583,3976,4247,3394,3864,5279,5844,3386,4136,6844,7495,3350,3861,4845,5135,4.9928,16.8395,8.73162,48.2933
54983,3268,3614,4725,6546,3447,3809,5206,9845,3283,3635,4469,5813,3188,3427,3682,3918,-8.15077,32.9638,8.90469,47.9167
54984,11375,7354,4176,3408,5790,4935,3813,3414,3879,3849,3455,3249,3376,3445,3151,3074,-32.6289,-20.9412,8.91014,47.8287
54985,3403,3374,3271,3116,3917,3732,3471,3296,5738,5007,3805,3389,11111,7545,4164,3446,28.863,-19.9201,8.95026,47.8567
54986,4941,7607,7344,4567,4440,5459,5424,4117,3535,3952,3729,3578,3225,3485,3399,3235,-21.3489,-0.691569,8.63942,48.0247
54987,7834,5487,3935,3344,8776,5919,3953,3450,4895,4288,3592,3236,3692,3518,3254,3117,-13.2995,-22.5533,8.69056,48.1933
54988,3574,4409,6788,7407,3390,4142,6507,7076,3267,3604,4061,4271,3134,3404,3438,3632,-15.8312,16.4769,8.94329,48.0693
54989,11030,6648,4107,3406,6823,5189,3916,3461,4064,3880,3422,3168,3440,3415,3115,3121,-22.2278,-22.9346,8.86399,48.1367
54990,3179,3258,3386,3384,3306,3682,3888,3814,3707,4548,6022,5097,3858,5215,9271,6726,21.9232,9.45859,8.91881,48.2273
54991,8212,8649,4774,3545,5725,5739,4320,3453,4030,3925,3521,3337,3368,3461,3272,3238,-21.5167,-13.9445,8.99677,48.3793
54992,3208,3394,3585,3567,3373,3868,4657,4280,3568,4756,8189,6084,3701,4464,6125,5351,11.1572,10.7989,8.71134,48.1133
54993,3155,3274,3257,3353,3243,3608,3794,3797,3562,4130,5365,5297,3678,4850,9515,8322,29.4365,13.282,8.73877,48.1333
54994,3200,3469,3723,3638,3603,3943,4813,4336,3780,5166,8293,5397,3745,4448,5857,4854,9.73942,8.01585,8.8656,48.1767
54995,3215,3382,3341,3246,3622,3862,3991,3565,4147,5745,6046,4471,4473,6877,7421,4857,18.6646,1.3305,8.67094,48.174
54996,3366,3779,4863,6916,3438,3731,5096,10076,3228,3666,4316,5627,3129,3430,3735,3816,-9.70134,30.0585,8.70377,48.1413
54997,4678,4097,3444,3220,7921,4837,3770,3446,8559,4880,3769,3235,5026,4197,3558,3317,0.922941,-30.7781,8.80545,47.9693
54998,3768,4536,6312,5419,3706,4652,7896,6025,3513,3864,4463,4444,3183,3439,3592,3687,-11.8417,10.5161,8.68031,48.3327
54999,3148,3461,3769,3872,3292,3783,4728,5587,3505,3988,6391,8396,3349,3848,5200,6005,8.18138,18.9622,8.68821,48.2147
55000,3371,3368,3295,3101,3908,3974,3649,3398,5322,6217,4460,3619,6816,8840,5002,3793,20.1737,-10.9477,8.90433,48.0887
55001,3075,3280,3455,3326,3459,3567,3810,3828,3807,4330,5464,5162,3829,5334,9338,7257,25.8639,10.6056,8.60257,48.214
55002,3745,3856,3604,3308,4534,5133,3993,3548,5995,7954,4787,3581,4911,5515,4130,3584,8.17664,-10.5457,8.57838,48.1187
55003,3187,3402,3853,4133,3220,3657,4439,6446,3421,3668,5289,9614,3419,3743,4461,5928,5.88032,28.5081,8.65952,47.92
55004,3775,3661,3450,3123,5002,4424,3706,3329,8034,6888,4179,3489,6380,5505,4093,3510,10.8219,-17.8134,8.80237,48.3653
55005,3696,3619,3418,3140,4670,4324,3777,3348,7475,6709,4104,3507,6653,6139,4274,3497,13.0158,-16.4819,8.75883,48.2333
55006,3370,3368,3290,3118,3929,3677,3454,3098,6012,4779,3710,3436,12515,6222,3926,3461,28.6679,-28.8832,8.5451,47.5767
55007,3427,3358,3148,3129,4026,3933,3484,3214,7118,5056,3756,3365,11337,5789,3916,3380,21.3213,-33.4217,8.7762,47.624
55008,6594,9876,5902,3992,4693,5165,4316,3753,3730,3711,3611,3407,3387,3360,3250,3240,-28.0699,-8.0649,8.71084,47.9913
55009,4027,3710,3481,3201,5959,4672,3724,3286,9018,5887,4064,3352,5904,4719,3841,3265,6.5884,-21.906,8.60534,48.0733
55010,12376,5998,4012,3327,6881,4838,3730,3300,4051,3810,3446,3213,3421,3343,3224,3097,-23.1546,-29.3361,8.99501,48.0447
55011,3591,4597,7680,7598,3472,4183,6231,6275,3373,3583,4054,4146,3011,3366,3387,3442,-18.6749,14.5245,8.75148,47.9927
55012,3358,3452,3289,3190,3678,3921,3624,3403,4582,5756,4920,3820,5400,8915,6542,4127,22.0895,-4.34742,8.72678,47.9847
55013,3376,3353,3299,3148,3846,3813,3560,3254,5084,5240,4212,3562,8102,9610,4890,3690,29.9324,-12.7463,8.79773,48.026
55014,3711,4912,8702,7252,3616,4358,6054,5510,3370,3636,3895,4082,3123,3192,3554,3346,-21.0123,12.0304,8.77481,48.2087
55015,3214,3274,3389,3206,3625,3837,3648,3599,4162,4966,4798,4088,4756,8293,8234,4652,29.7753,-0.341554,8.78263,47.8273
55016,4485,6470,6004,4309,4435,6737,6290,4212,3800,4285,4013,3721,3401,3458,3554,3278,-14.8096,-1.18919,8.72455,48.3013
55017,6375,8809,5490,3827,4956,6091,4661,3726,3917,3985,3683,3399,3396,3390,3380,3087,-20.7638,-8.67046,8.64482,48.1147
55018,3362,3409,3153,3089,3977,3862,3473,3169,6094,5183,3958,3457,10580,7530,4344,3431,24.5163,-19.855,8.9565,48.0473
55019,3505,3411,3222,3161,3931,3802,3551,3193,6061,4802,3801,3350,12051,6439,3909,3326,33.6587,-24.38,8.55966,47.6767
55020,3216,3411,3742,4034,3387,3691,4573,6152,3356,3758,5195,9627,3299,3708,4609,6104,6.76472,29.2657,8.61221,47.908
55021,3403,3846,4800,5018,3572,4285,7235,7017,3376,4050,5451,5469,3293,3556,3963,4080,-5.04996,14.7445,8.61912,48.276
55022,3590,4065,4803,4363,3771,4867,7620,5267,3701,4385,5979,4841,3375,3754,4022,3923,-3.98137,8.09506,8.57551,48.2173
55023,9865,7410,4153,3439,6455,5522,3937,3437,4055,3862,3483,3242,3387,3415,3338,3111,-22.0375,-18.8162,8.95245,48.074
55024,3301,3403,3227,2987,4037,3750,3540,3200,6878,4998,3775,3434,11819,5877,3934,3395,22.7906,-30.4535,8.5107,47.7033
55025,3083,3161,3374,3377,3139,3418,3812,3877,3364,3778,4785,6076,3327,4000,6330,12370,30.7089,26.7477,8.65542,47.514
55026,3247,3552,4057,4215,3333,4016,5534,5788,3646,4290,6926,6992,3483,3850,4576,4974,4.04934,15.6817,8.74226,48.3193
55027,3451,3337,3334,3168,3895,3698,3362,3214,6061,4711,3792,3453,12547,6037,3927,3310,29.1714,-29.4727,8.86661,47.5313
55028,3299,3403,3502,3669,3375,3652,4341,4154,3579,4460,7263,6395,3571,4503,6995,6266,14.2673,12.536,8.66887,48.2847
55029,4326,6155,6681,4506,4240,6122,6637,4516,3557,3986,4116,3762,3209,3448,3458,3247,-15.1593,1.74075,8.94159,47.9773
55030,3403,3562,3193,3156,4385,4013,3557,3297,8347,5176,3806,3340,10062,5653,3871,3291,17.2801,-28.6153,8.79777,48.0747
55031,3091,3289,3293,3469,3193,3464,3860,4307,3230,3818,5011,7455,3360,3977,6202,10818,20.4083,26.0365,8.54372,47.8913
55032,3703,4868,7812,6368,3605,4547,6891,5618,3344,3782,4146,4031,3172,3347,3508,3443,-17.2746,10.59,8.61115,48.1233
55033,5272,4490,3763,3355,8387,5884,3935,3445,6712,5050,3771,3387,4361,3981,3532,3266,-3.64626,-21.3132,8.56754,48.394
55034,3199,3325,3332,3411,3348,3621,3884,3863,3794,4404,5753,5154,3740,5248,9380,7072,23.2166,10.7242,8.58278,48.352
55035,3196,3470,3685,3560,3577,4020,4655,4027,4091,5536,8040,4948,3804,4852,6169,4741,10.924,5.48679,8.98976,48.2473
55036,5336,9141,7266,4423,4275,5143,4863,4042,3558,3911,3717,3520,3278,3301,3252,3220,-26.4871,-2.8945,8.68117,48.164
55037,3161,3355,3371,3487,3409,3650,4109,4085,3517,4293,6277,6113,3597,4546,7648,7267,18.1735,13.7783,8.68452,47.9233
55038,3082,3188,3550,3724,3277,3497,4114,4737,3368,3801,5151,9150,3355,3766,5340,9054,14.649,29.0346,8.80416,48.1027
55039,3433,3962,6153,12417,3425,3810,4803,6110,3223,3501,3740,3960,3113,3306,3473,3453,-26.6626,30.0397,8.5032,47.9213
55040,12315,6130,4013,3365,6103,4847,3771,3456,3953,3683,3505,3238,3405,3388,3287,3171,-26.7018,-33.9017,8.6228,47.7533
55041,4089,4369,3798,3409,5141,6630,4423,3630,5473,7100,4641,3689,4288,4430,3864,3578,1.40136,-9.81981,8.70766,48.368
55042,3094,3370,3401,3426,3463,3653,3789,3663,3914,4777,5881,4689,4177,6251,8871,5651,21.4127,5.33486,8.84877,48.0467
55043,7326,6345,4237,3388,7418,6503,4206,3590,4370,4290,3611,3360,3560,3556,3363,3050,-14.2883,-17.0431,8.66775,48.1153
55044,9823,6732,4112,3440,7151,5482,3884,3367,4219,3987,3530,3357,3461,3440,3279,3105,-19.2967,-20.8866,8.85102,48.246
55045,3131,3397,3377,3401,3262,3788,3919,3721,3683,4669,5904,4920,3924,5510,9218,6529,22.3754,8.78153,8.72171,48.2353
55046,3176,3242,3271,3344,3340,3681,3937,3594,3714,4339,5761,5122,3942,5337,9507,6989,23.8108,9.86656,8.68216,48.1973
55047,4188,6309,8761,5566,3783,4761,5988,4646,3434,3690,3891,3650,3164,3258,3458,3252,-21.8862,5.28081,8.54792,47.866
55048,3439,4141,6477,9418,3459,3926,5515,7216,3217,3540,3992,4252,3171,3170,3330,3401,-18.8526,20.8744,8.79965,47.776
55049,3540,4386,7626,8645,3456,4059,5858,6286,3288,3581,4006,4044,3013,3268,3320,3425,-19.7838,16.7174,8.69874,47.8673
55050,3371,3444,3223,3118,3877,3841,3534,3162,6186,5086,3913,3412,10866,7359,4175,3569,25.3964,-20.1858,8.8591,48.0907
55051,7712,9638,5013,3689,5011,5360,4192,3640,3838,3771,3609,3298,3330,3330,3277,3157,-27.1344,-11.8545,8.79496,47.91
55052,3329,3327,3286,3198,3706,3830,3715,3273,4779,5115,4561,3759,6273,9976,5859,3842,33.795,-7.94506,8.8803,47.8853
55053,3155,3451,4040,4247,3302,3695,4902,7097,3372,3897,5505,9087,3211,3644,4318,5326,3.56472,24.3415,8.80272,48.166
55054,4631,4128,3474,3079,7634,4888,3624,3418,8565,5150,3894,3372,5076,4384,3476,3235,1.81946,-28.0607,8.5011,48.0187
55055,3805,4222,4064,3630,4319,6459,5622,4180,4456,6317,5688,4017,3903,4143,4040,3677,-0.119501,-2.04076,8.57534,48.3613
55056,3233,3398,3194,3191,3799,3791,3694,3447,4616,5206,4426,3848,6136,10029,6197,3971,32.6102,-6.56845,8.9371,48.1173
55057,12295,5951,3907,3427,6532,4827,3831,3301,3897,3848,3381,3253,3406,3377,3260,3198,-24.4224,-32.2101,8.76133,47.794
55058,12782,5911,3806,3419,5984,4739,3641,3317,3884,3781,3356,3283,3509,3421,3304,3227,-32.1828,-30.7158,8.94824,47.576
55059,3389,3493,3521,3368,3830,4377,4170,3680,4287,6331,6723,4485,4269,5854,6194,4504,13.4254,1.12652,8.79756,48.3167
55060,3897,3982,3654,3314,5038,5748,4105,3418,6365,7887,4470,3558,4807,4906,4020,3368,5.18642,-12.2174,8.82873,48.358
55061,3501,3454,3240,3047,3924,3703,3405,3208,5968,4865,3867,3422,11943,6929,4044,3342,29.9076,-22.901,8.90901,47.908
55062,3097,3461,3952,4044,3433,3803,5193,5566,3341,4054,6823,7775,3277,3878,4899,5429,5.80113,17.4329,8.5981,48.0167
55063,4466,4610,4013,3476,5442,7440,4801,3659,5030,6142,4437,3621,4051,4196,3830,3363,-2.69373,-9.46539,8.50758,48.3847
55064,8074,5198,3725,3338,9462,5258,3858,3397,5009,4185,3660,3302,3740,3633,3200,3075,-12.7466,-30.7662,8.8382,48.076
55065,3406,3639,4252,4394,3407,3975,6102,6378,3469,4177,6575,6722,3341,3719,4404,4663,0.934672,15.5703,8.72911,48.4153
55066,3436,3694,5343,8773,3309,3814,5302,8980,3274,3652,4165,4669,3322,3249,3462,3603,-14.5277,31.4625,8.65484,48.0313
55067,3440,3392,3258,3116,3915,3788,3423,3296,6032,4814,3880,3236,12803,5958,3787,3303,30.5297,-28.7651,8.72109,47.6273
55068,3329,3942,5575,9769,3353,3875,5107,8612,3280,3393,4060,4515,3127,3233,3559,3536,-16.694,28.7665,8.98898,48.1767
55069,3389,3550,3566,3317,3804,4211,4182,3660,4415,6920,6421,4117,4506,6107,5650,4247,13.1415,-1.16248,8.84866,48.0413
55070,3699,5032,8726,6813,3679,4371,6223,5402,3305,3609,3920,3874,3050,3272,3460,3266,-20.0868,10.9781,8.95853,47.8007
55071,3478,3424,3410,3087,4019,4118,3517,3380,6089,6057,4188,3454,7800,7983,4548,3620,19.5913,-14.5188,8.67573,48.1147
55072,3207,3401,3732,3852,3372,3548,4338,5476,3277,3718,5419,9812,3289,3739,5010,7036,9.48956,26.9654,8.74227,48.1507
55073,3499,3442,3215,3145,4374,4007,3663,3241,7817,5062,3822,3438,10496,5765,3906,3380,18.6598,-30.1841,8.5962,48.1813
55074,3257,3436,3998,4544,3273,3785,4635,7384,3341,3805,5010,8962,3295,3615,4477,5187,2.7602,32.9598,8.64668,48.0027
55075,10972,7012,4195,3482,6455,5087,3875,3367,4033,3878,3350,3181,3459,3310,3182,3135,-24.5639,-21.6628,8.55234,47.982
55076,3725,4058,4125,3783,4023,5807,6028,4236,4104,5878,6259,4221,3749,4269,4285,3788,0.596858,0.903238,8.763,48.2253
55077,3493,4128,7364,11296,3350,4003,4978,5971,3203,3428,3847,3973,3129,3274,3365,3338,-28.1204,20.894,8.79122,48.0933
55078,8652,5470,3907,3353,8979,5395,3902,3383,4725,4079,3403,3226,3627,3547,3270,3143,-14.3819,-25.6521,8.85231,48.0407
55079,3481,3425,3227,3064,4195,4083,3492,3227,6644,5665,4019,3367,9252,7210,4334,3450,19.9447,-18.4496,8.64549,48.09
55080,3065,3321,3310,3408,3351,3524,3715,3884,3671,4290,5392,5002,3879,5337,9701,7056,25.7462,10.0991,8.77683,47.9373
55081,8958,8669,4548,3593,5426,5368,4059,3608,4006,3864,3572,3231,3391,3281,3338,3099,-25.0798,-15.3351,8.58372,48.0073
55082,3483,4487,8134,10221,3496,3884,5081,5711,3283,3558,3857,3909,3116,3285,3331,3341,-26.9934,17.9404,8.71843,48.118
55083,3622,4857,9044,8568,3529,4191,5290,5523,3230,3579,3794,3940,3117,3226,3265,3417,-25.8478,14.2045,8.71878,48.128
55084,8072,5140,3888,3347,9474,5187,3825,3411,5026,4139,3541,3302,3660,3645,3373,3171,-12.9139,-29.3729,8.68297,48.134
55085,3220,3331,3767,3913,3317,3689,4359,5493,3363,3851,5187,9716,3360,3896,4910,6831,9.6906,31.7979,8.58606,48.1353
55086,3441,3454,3254,3166,4106,3897,3380,3243,6584,5485,4131,3494,9811,7288,4256,3446,20.9443,-19.1927,8.92866,48.2907
55087,4347,6246,7089,4739,4045,5970,6551,4374,3692,4086,4044,3816,3299,3432,3466,3346,-15.9579,1.9701,8.91474,48.3613
55088,4500,6537,6014,4292,4524,6748,6095,4159,3646,4150,4005,3687,3313,3463,3424,3300,-14.9664,-1.18656,8.72843,47.9047
55089,3724,3981,3692,3398,4527,5776,4409,3641,5319,7855,5297,3867,4324,4955,4247,3686,4.96097,-6.79922,8.67742,48.4653
55090,3129,3460,4045,4483,3310,3661,4776,7446,3181,3773,5266,9124,3288,3653,4410,5159,2.60215,26.441,8.9924,48.1093
55091,4165,4101,3588,3249,6123,5619,3884,3412,7386,6579,4261,3438,4976,4551,3764,3390,3.14468,-16.9995,8.98584,48.324
55092,3650,3546,3397,3150,5152,4345,3668,3367,9647,5256,3795,3298,7605,5088,3870,3387,11.4178,-33.0449,8.68638,48.1473
55093,3484,3803,4638,4611,3414,4288,6782,6831,3409,4072,5932,5874,3296,3639,4112,4222,-2.81784,14.5765,8.68487,48.2713
55094,3406,4102,7037,11655,3316,3824,4979,5871,3259,3390,3827,3909,3108,3263,3473,3369,-31.6477,21.5866,8.89532,47.8587
55095,3222,3591,3741,3717,3602,3990,4996,4510,3694,4903,8149,5815,3775,4266,5492,4906,8.47773,9.2668,8.86227,48.246
55096,4800,7880,7758,4757,4260,5243,5277,4193,3524,3780,3786,3504,3359,3434,3400,3256,-22.9818,-0.374378,8.67618,48.1407
55097,6313,4613,3604,3400,10003,5326,3670,3370,5893,4504,3610,3343,3890,3791,3468,3161,-7.4865,-33.3895,8.89114,47.9727
55098,11253,6890,4101,3400,6470,5052,3872,3400,3979,3810,3408,3169,3404,3328,3238,2975,-23.7032,-22.1272,8.69451,47.8327
55099,3430,3444,3294,3112,4026,3986,3516,3204,5861,5783,4128,3505,8456,7964,4548,3629,20.7589,-15.4332,8.69008,47.924
55100,3982,5550,9745,6815,3658,4432,5193,4928,3354,3583,3812,3789,3152,3317,3526,3266,-31.6996,9.32829,8.62023,48.068
55101,3458,4161,7347,9973,3481,3955,5218,6485,3211,3415,3877,4089,3015,3308,3395,3395,-21.9713,19.255,8.92439,47.8553
55102,3780,5535,9876,7100,3765,4361,5331,5064,3304,3536,3880,3661,3073,3206,3293,3406,-29.7523,9.90426,8.94162,48.114
55103,3257,3528,3747,3627,3537,3864,4938,4457,3779,4761,8338,5809,3712,4405,5818,5050,9.45126,9.55641,8.75737,48.418
55104,11314,7261,4237,3411,5864,4978,3875,3384,4000,3794,3575,3180,3411,3486,3194,3109,-33.5916,-20.7684,8.97864,48.0487
55105,3241,3391,3430,3430,3369,3609,4054,3846,3856,4454,6177,5226,3922,5276,8712,6421,20.02,9.55029,8.5506,48.276
55106,3461,3381,3266,3088,4067,3896,3492,3287,6415,5401,4012,3506,9786,7440,4240,3550,22.082,-18.669,8.56153,48.192
55107,12396,6008,3899,3452,6273,4913,3806,3397,3968,3793,3544,3190,3293,3298,3232,3125,-25.3693,-32.3738,8.70147,47.7247
55108,6071,9720,6174,3992,4637,5455,4430,3856,3598,3871,3715,3374,3363,3368,3364,3089,-26.2701,-6.79717,8.62783,48.0513
55109,4243,5135,4743,3959,4544,7456,6163,4126,4022,4941,4499,3814,3551,3822,3638,3494,-7.95737,-2.81517,8.52171,48.1
55110,7052,7917,4613,3599,6102,6546,4365,3569,4051,4187,3606,3464,3364,3397,3297,3132,-17.7221,-13.307,8.94855,48.174
55111,4549,7133,8183,4835,4214,5232,5631,4307,3599,3783,3800,3655,3276,3390,3381,3269,-22.075,1.3664,8.59934,48.158
55112,3429,3517,3723,3432,3600,4166,4645,4104,3983,5618,7886,4862,3948,4962,6091,4670,10.8061,5.16664,8.82071,48.424
55113,3408,3976,6484,11526,3326,3814,5003,6987,3236,3396,3853,4113,3104,3222,3278,3452,-22.634,24.4585,8.99469,48.1187
55114,4397,6117,6475,4534,4249,6231,6715,4449,3748,4094,4119,3693,3258,3386,3522,3444,-15.0036,1.29269,8.6982,48.2873
55115,10424,7980,4223,3455,5786,5053,3830,3433,3843,3894,3470,3198,3337,3383,3314,3012,-33.5609,-18.4054,8.99203,47.7567
55116,4051,4874,4470,3810,4520,7324,6230,4041,4106,5328,4841,3746,3613,3759,3725,3534,-5.51078,-2.36851,8.96155,47.9813
55117,3108,3281,3386,3439,3172,3430,3755,3958,3313,3899,4955,6214,3418,4156,6956,11456,26.0477,22.2335,8.72063,47.9307
55118,10413,5724,3894,3377,7929,4950,3758,3450,4369,3944,3505,3245,3397,3459,3305,3122,-18.2704,-30.5308,8.91587,47.894
55119,3383,3993,6790,11574,3437,3903,4891,6272,3269,3420,3825,4002,3049,3088,3392,3337,-25.8245,23.5319,8.65789,47.75
55120,3349,3379,3139,3148,4142,3894,3641,3198,6556,5129,3821,3342,10816,6951,4123,3486,22.4812,-21.6175,8.71636,48.076
55121,3217,3305,3342,3291,3452,3710,3724,3608,4033,4691,5343,4361,4385,7018,9047,5446,25.4696,3.30892,8.63962,47.982
55122,3242,3488,3351,3234,3611,3818,3729,3565,4268,5666,5322,4201,4867,8052,7384,4601,21.4168,-1.1215,8.77839,48.266
55123,3294,3408,3355,3190,3521,3695,3779,3531,4177,4858,5025,4213,4601,8047,8346,4756,33.0153,0.63528,8.51625,47.864
55124,3238,3504,3979,3974,3406,3784,4916,5368,3404,4183,6854,7862,3338,3860,5067,5580,7.00649,17.2259,8.52363,48.2113
55125,3190,3376,3559,3622,3455,3702,4280,4449,3494,4182,7014,7205,3578,4180,6408,6779,13.5232,15.652,8.95367,48.3153
55126,3842,3595,3377,3154,5210,4446,3579,3284,8643,6304,4134,3514,6535,5272,3940,3372,10.2244,-20.3172,8.53684,48.134
55127,3212,3260,3319,3354,3306,3529,3817,3927,3339,3820,4637,5800,3461,3838,5923,12490,33.2162,32.8214,8.94808,47.3547
55128,3269,3489,3404,3419,3537,3904,3995,3795,3963,5411,6907,4639,4043,5925,7711,5077,17.1312,4.15368,8.9703,48.3253
55129,3206,3546,3967,4446,3321,3717,4816,7332,3413,3799,5239,9296,3172,3593,4375,5285,3.22326,28.0055,8.76854,48.3487
55130,11925,6427,3897,3443,6590,4827,3721,3275,3947,3944,3496,3230,3362,3362,3224,3125,-24.5089,-24.6976,8.77493,47.8633
55131,3460,3590,3527,3246,3873,4600,4095,3698,4717,7284,5893,4117,4605,6145,5343,4139,12.3626,-3.26102,8.73788,48.2213
55132,3304,3818,5096,7804,3433,3853,5226,9489,3186,3646,4078,5069,3139,3377,3582,3692,-12.1072,31.6543,8.63393,47.8613
55133,3439,3346,3190,3140,3762,3818,3451,3281,5983,4733,3850,3363,12501,5894,3880,3390,31.182,-29.8184,8.54289,47.3473
55134,3817,4095,3835,3485,4430,6102,4903,3875,4685,7273,5622,3901,3988,4615,4179,3650,2.51543,-4.07301,8.75471,48.3033
55135,3491,3247,3323,3200,4033,3916,3461,3273,6929,5003,3920,3297,11550,5811,3960,3393,21.9982,-33.5873,8.63108,47.8713
55136,4322,6363,7363,4792,4039,5526,6597,4634,3570,3883,4047,3792,3242,3390,3452,3205,-17.3167,3.1079,8.78457,48.1447
55137,3302,4202,7619,11043,3425,3806,4934,5781,3262,3602,3761,3940,3171,3264,3407,3377,-31.2287,19.9076,8.81432,47.9307
55138,3440,3376,3205,3209,3749,3737,3433,3215,5812,4734,3721,3390,12626,6018,3944,3335,31.0573,-33.7793,8.81315,47.296
55139,5093,4421,3615,3244,8150,5784,3790,3379,6951,5264,3875,3381,4468,4140,3483,3208,-2.19939,-21.3654,8.68682,48.164
55140,3693,3925,3820,3466,4129,5401,5024,3932,4505,7051,6304,4026,3963,4900,4437,3936,4.63885,-1.73849,8.64442,48.3413
55141,6066,6055,4251,3507,6859,7250,4445,3737,4588,4534,3724,3345,3671,3678,3428,3110,-11.7194,-14.2774,8.58939,48.1653
55142,3108,3370,3730,3751,3233,3670,4441,5247,3405,3931,6626,8921,3394,3851,5086,6496,9.45041,19.8255,8.89805,48.1733
55143,3530,4721,8868,8194,3509,4204,5514,5486,3303,3599,3821,3937,3156,3283,3367,3395,-23.8616,13.9819,8.51108,47.9247
55144,3031,3309,3248,3356,3181,3477,3719,4137,3446,3912,4847,6565,3343,3913,6516,11838,24.7748,25.1497,8.50569,47.892
55145,3850,5338,9147,6368,3748,4582,5926,5034,3544,3613,3928,3901,3156,3321,3377,3299,-21.3461,9.01409,8.77692,48.088
55146,7908,7745,4381,3566,6480,6086,4249,3591,4083,4032,3615,3252,3509,3553,3347,2952,-18.6436,-15.7001,8.81308,48.2327
55147,3715,3587,3255,3132,4762,4106,3567,3262,9118,5361,3831,3291,8408,5482,3925,3388,13.6249,-26.103,8.78069,48.1267
55148,3221,3261,3367,3306,3232,3567,3893,3822,3736,4349,5574,5054,3942,5414,9611,6889,24.572,9.62535,8.76823,48.1587
55149,4090,4379,3820,3264,5189,6726,4522,3642,5402,7126,4666,3566,4193,4286,3907,3447,0.584093,-9.5841,8.858,48.15
55150,3510,4625,8757,9158,3379,4056,5097,5397,3295,3519,3873,3860,3072,3277,3479,3383,-29.732,15.4122,8.53671,47.8247
55151,3383,3446,3272,3072,3792,3899,3625,3273,4976,5654,4352,3744,7003,9284,5483,3758,24.801,-9.86354,8.55402,48.0107
55152,3260,3289,3286,3266,3630,3827,3914,3565,4267,5361,5642,4272,4650,7462,7858,4946,21.4641,1.15211,8.86918,48.33
55153,3426,3495,3247,3090,3825,3851,3439,3143,5591,5287,3974,3532,9251,8641,4686,3540,29.4438,-15.9136,8.61316,48.012
55154,3624,3692,3643,3367,4115,4751,4250,3629,4994,7879,5567,3866,4574,5642,4757,3827,9.54109,-5.27188,8.62175,48.118
55155,4694,4267,3636,3285,7648,5579,3878,3302,7504,5490,3832,3358,4663,4278,3635,3294,-0.0480882,-20.3924,8.81709,48.2287
55156,3449,3871,5507,9560,3352,3714,5133,8472,3167,3549,3932,4482,3132,3327,3429,3568,-16.4367,29.8966,8.70349,47.7627
55157,3164,3277,3465,3422,3299,3409,3667,3936,3377,3834,4898,5822,3420,4099,7027,11609,28.4629,22.6967,8.67323,47.8167
55158,3215,3451,3417,3296,3652,3997,3959,3684,4177,5687,6172,4406,4484,6658,7234,4606,18.1323,1.30021,8.89852,48.0633
55159,3245,4017,6533,11330,3306,3846,4954,6904,3104,3565,3897,4133,3060,3345,3333,3452,-22.0416,23.819,8.74537,48.016
55160,3309,3959,5831,11480,3247,3756,4899,7093,3267,3492,3691,4192,3143,3156,3355,3444,-21.5742,30.8097,8.51932,47.5427
55161,3255,3425,3342,3212,3578,3753,3800,3428,4464,5252,4707,4007,5681,9600,6737,4121,27.412,-4.88995,8.9167,48.2413
55162,9739,6630,4197,3425,7293,5622,3826,3313,4173,4006,3427,3237,3406,3421,3233,3046,-19.1429,-21.1063,8.82428,47.996
55163,3360,3842,5371,9263,3396,3837,5092,8705,3296,3512,4118,4597,3186,3300,3554,3518,-15.7638,30.6619,8.70512,47.9647
55164,3059,3208,3351,3385,3267,3601,3720,3907,3625,4119,5615,5504,3626,4778,8728,8278,23.1005,14.2552,8.65128,47.8473
55165,4051,5283,6866,4978,3906,5321,7474,4939,3532,3997,4367,3962,3242,3463,3550,3429,-13.7304,5.52461,8.98489,48.24
55166,3863,3827,3464,3121,5218,4935,3760,3399,8112,6810,4248,3459,5679,5125,3740,3424,7.48786,-17.6466,8.78482,48.1227
55167,3297,3338,3320,3124,3656,3658,3720,3451,4623,5154,4408,3886,5819,9791,6429,4153,30.1965,-5.58936,8.96815,47.8847
55168,9505,8499,4487,3537,5517,5030,4161,3423,3846,3916,3581,3380,3310,3323,3408,3190,-33.2897,-16.1074,8.81811,48.0753
55169,4390,3853,3375,3385,6833,4853,3844,3357,8665,5627,3809,3326,5233,4496,3691,3289,3.68006,-23.0178,8.60984,48.0173
55170,9015,8398,4523,3536,5714,5662,4102,3404,3874,3801,3591,3289,3475,3302,3289,3157,-23.3332,-15.648,8.6685,48.088
55171,12798,6021,3882,3392,5946,4737,3661,3285,3944,3774,3441,3148,3345,3374,3191,3139,-32.0741,-29.0953,8.96884,47.3853
55172,8092,9457,5073,3737,5243,5300,4110,3661,3736,3863,3616,3261,3328,3370,3154,3098,-26.6094,-12.765,8.75591,48.066
55173,7993,5530,3970,3310,8818,5730,4023,3392,4768,4181,3518,3300,3693,3634,3235,3073,-13.2209,-22.4227,8.62533,48.112
55174,6575,7656,4759,3687,5840,6856,4456,3733,3978,4213,3796,3300,3368,3446,3249,3140,-17.2408,-11.9237,8.75149,48.0347
55175,8366,5241,3688,3338,9277,5259,3861,3322,4986,4190,3462,3189,3656,3597,3140,3103,-13.4779,-28.6579,8.77303,47.7833
55176,3343,4065,6200,9039,3428,3983,5594,7714,3244,3611,4100,4390,3072,3240,3424,3537,-17.0569,21.3631,8.68267,47.9893
55177,3279,3333,3410,3275,3566,3906,3866,3612,4048,5366,5536,4291,4517,7353,8040,4852,21.4386,1.33085,8.88551,48.1667
55178,12219,6054,3877,3462,6605,4816,3749,3349,4041,3924,3374,3183,3388,3388,3201,3126,-24.0334,-29.9663,8.76958,47.8373
55179,3899,3712,3441,3107,5273,4481,3612,3328,9019,5940,3937,3453,6686,5127,3934,3443,9.44491,-21.6641,8.51721,48.2613
55180,4124,5037,5250,4332,4170,6486,7205,4459,3723,4626,4638,3970,3490,3627,3730,3453,-9.10342,1.45819,8.7177,48.2133
55181,3057,3162,3323,3341,3290,3569,3803,4084,3446,4010,5366,6286,3513,4239,7371,10119,22.7376,19.6504,8.64756,47.986
55182,3142,3230,3418,3434,3291,3551,3848,4008,3430,3983,5136,6110,3475,4238,7308,10770,25.4734,20.6674,8.53077,48.248
55183,10450,7154,4064,3339,6376,5185,3930,3504,4087,3927,3490,3235,3451,3476,3156,3094,-22.7596,-20.4317,8.85071,47.9453
55184,3543,4190,6451,7522,3475,4246,6485,7337,3307,3623,4160,4400,3079,3292,3609,3646,-14.9247,17.1076,8.67365,48.2433
55185,3555,3459,3223,3147,4194,3905,3596,3309,7474,5194,3883,3364,9924,6226,3993,3406,19.0607,-22.9357,8.55116,47.9013
55186,3972,4664,4461,3747,4398,7070,6341,4094,3841,5538,4908,3881,3734,3944,3869,3592,-4.31085,-1.7892,8.60321,48.036
55187,4347,4683,3749,3511,6039,7481,4488,3616,5338,6182,4212,3476,3992,4206,3678,3343,-2.49008,-11.518,8.81508,48.2273
55188,3804,4062,4146,3663,4224,5907,5769,4054,4231,6230,5973,4136,3865,4250,4228,3831,0.838488,-0.932807,8.6193,48.2487
55189,4414,4002,3458,3176,7276,4672,3628,3386,9325,5176,3675,3219,5289,4274,3656,3380,3.12395,-27.9441,8.76574,48.004
55190,4180,4863,4775,3937,4541,7072,6623,4208,3973,5086,4786,3884,3453,3837,3779,3463,-6.71871,-1.24025,8.68257,48.3067
55191,3858,5314,9336,7165,3637,4413,5862,5122,3379,3651,3809,3797,3144,3269,3443,3249,-23.4223,10.9593,8.72995,48.2987
55192,3626,3688,3464,3098,4748,4642,3686,3378,7234,7158,4156,3545,6090,5718,4121,3480,10.7823,-15.7849,8.51864,47.888
55193,3159,3338,3613,3786,3268,3604,4281,5293,3445,3777,5256,9681,3304,3763,5054,7608,11.5023,29.7682,8.98794,48.1533
55194,3374,3946,5845,11674,3439,3883,4881,6987,3346,3456,3881,4070,3130,3271,3351,3414,-21.8319,30.2775,8.80549,47.9653
55195,5926,8459,5580,3854,5016,6435,4837,3668,3910,4110,3868,3441,3380,3445,3273,3136,-19.0331,-7.90334,8.68883,48.2253
55196,3246,3339,3377,3192,3581,3793,3707,3678,4083,4820,4995,4316,4715,7574,8629,5007,26.2537,1.29983,8.99626,48.0347
55197,3257,3408,3766,3895,3322,3750,4757,5432,3448,4110,6374,8509,3345,3844,4946,6010,8.06552,19.0454,8.873,48.1153
55198,3175,3315,3301,3404,3269,3457,3815,3922,3444,3817,5078,5773,3468,4226,7597,10841,28.6072,20.0604,8.77992,47.9347
55199,4028,5547,7416,5024,3853,5242,7109,4904,3446,3896,4299,3829,3255,3393,3508,3410,-15.7938,5.41214,8.91339,48.106
55200,3060,3315,3433,3378,3311,3492,3910,3960,3458,4076,5532,5997,3594,4520,8072,9023,22.4615,16.2764,8.77516,48.0873
55201,3550,4279,5838,5127,3610,4684,7918,6138,3444,4049,5065,4526,3290,3569,3642,3657,-9.74769,10.9591,8.55481,48.2573
55202,3803,3993,3911,3588,4380,5864,4975,3690,4529,7182,5665,3937,4051,4621,4208,3696,2.98207,-3.57044,8.59229,48.062
55203,3386,4093,6146,8057,3461,4004,6108,7943,3282,3542,4139,4526,3080,3327,3558,3623,-15.249,19.2885,8.83779,48.1833
55204,4979,7187,5849,4001,4858,6932,5501,3868,3785,4278,4073,3509,3266,3582,3365,3338,-15.4221,-4.08692,8.63303,48.2473
55205,5327,5328,4031,3464,7019,7601,4335,3560,5063,5071,3854,3386,3828,3785,3400,3247,-7.91333,-13.9489,8.54515,48.1993
55206,11605,5791,3983,3457,7284,4875,3851,3330,4156,3844,3461,3219,3368,3387,3153,3055,-21.7003,-27.9131,8.76262,47.8793
55207,3392,3630,3776,3455,3740,4497,4828,3997,4197,6341,7567,4603,3988,4857,5240,4345,8.11672,2.40831,8.78319,48.302
55208,5644,9364,6638,4234,4513,5442,4710,3888,3682,3820,3612,3372,3253,3351,3254,3239,-24.9037,-5.08297,8.76608,48.0107
55209,3098,3347,3790,3843,3317,3712,4434,5456,3343,3905,6286,8854,3319,3795,5222,6513,9.21682,20.64,8.8028,48.156
55210,3196,3532,4095,4491,3397,3751,4864,7722,3324,3797,4949,8724,3226,3602,4340,5101,1.53971,27.5299,8.65805,48.074
55211,10395,7674,4278,3460,5823,5059,3946,3456,3853,3743,3486,3300,3525,3367,3333,3123,-31.7497,-18.9667,8.60225,47.8807
55212,3571,3650,3622,3442,3984,4989,4512,3765,4589,7486,6231,4092,4345,5365,4982,3988,8.68054,-2.57498,8.90245,48.4087
55213,9699,8371,4597,3649,5746,5159,3943,3379,3910,3830,3436,3301,3350,3382,3221,3105,-25.3633,-16.7187,8.90329,48.052
55214,11658,7030,4163,3407,5924,4904,3961,3420,3895,3737,3339,3176,3402,3440,3327,3006,-29.5655,-21.9873,8.6247,47.8593
55215,4336,3928,3345,3282,7213,4695,3685,3282,9319,5125,3714,3383,5297,4494,3644,3309,3.36786,-30.6375,8.82319,48.034
55216,9882,8077,4396,3463,5668,5006,4112,3568,3878,3922,3581,3206,3377,3386,3411,3076,-33.5589,-17.2282,8.61449,48.006
55217,4574,5403,4730,3831,4873,8104,5802,3970,4064,4932,4263,3554,3566,3736,3551,3337,-8.68828,-4.87035,8.95325,48.1933
55218,4816,4269,3633,3327,8243,5054,3800,3317,8012,5056,3670,3350,4571,4247,3585,3310,-0.273264,-33.4185,8.62875,48.1733
55219,3400,3414,3282,3187,3751,3841,3662,3373,5005,5356,4265,3625,7331,9697,5308,3728,33.1807,-10.6788,8.66169,48.15
55220,3161,3393,3796,3798,3404,3783,4654,5146,3458,4052,7023,7914,3462,3927,5315,5829,8.79526,17.2593,8.70955,48.0767
55221,3113,3414,3801,3912,3245,3672,4584,5681,3445,3948,6185,8833,3345,3788,5018,6101,7.73115,21.2112,8.6814,48.0567
55222,5010,6099,4566,3752,5476,8052,5197,3778,4178,4721,3851,3554,3559,3525,3355,3290,-10.7928,-8.15009,8.8407,47.9753
55223,3280,3375,3912,4200,3327,3721,4688,6785,3421,3863,5160,9724,3307,3770,4479,5603,5.27758,29.3871,8.88683,48.41
55224,3339,3350,3347,3182,3664,3895,3697,3455,4507,5348,4912,3929,5118,8754,7334,4550,25.4787,-2.56053,8.56736,48.254
55225,3411,3845,5537,9731,3444,3904,5114,8369,3422,3467,4077,4380,3208,3217,3410,3509,-17.131,31.4354,8.7048,48.03
55226,7195,8311,4936,3756,5576,6413,4265,3671,4091,4011,3588,3354,3393,3620,3300,3174,-19.6806,-12.1723,8.78455,48.436
55227,11635,5920,3901,3336,7054,4887,3804,3372,4039,3857,3488,3309,3380,3503,3204,3096,-22.7094,-31.5468,8.65675,47.8567
55228,5387,9139,7124,4272,4389,5330,4852,3973,3684,3883,3777,3579,3211,3366,3262,3235,-25.5905,-3.09828,8.89958,48.3087
55229,3364,3982,6133,12665,3382,3662,4693,6154,3258,3413,3733,3868,3081,3198,3416,3248,-26.1712,33.4007,8.90716,47.5
55230,3453,3824,5618,9795,3484,3859,5115,8237,3304,3503,3894,4563,3048,3271,3528,3544,-16.9563,27.5135,8.67828,48.0267
55231,3254,3506,4008,4482,3321,3741,4836,7730,3381,3750,5029,8873,3225,3640,4397,5154,1.96174,29.1077,8.59113,48.218
55232,3995,3798,3441,3222,5856,4980,3885,3325,8635,6142,4025,3375,5687,4665,3698,3344,6.0107,-20.0956,8.83727,48.0487
55233,4372,7244,9193,5177,4072,4780,5313,4480,3470,3766,3813,3548,3193,3378,3367,3285,-26.5269,2.92069,8.58435,48.3007
55234,6141,9261,5994,4081,4751,5661,4582,3737,3772,3835,3682,3386,3325,3364,3309,3136,-24.0418,-7.08046,8.52189,48.0113
55235,8711,5382,3824,3363,9054,5224,3797,3348,4737,3980,3641,3415,3747,3444,3294,3116,-14.2692,-27.308,8.71025,48.0513
55236,3977,3817,3442,3245,6133,4452,3653,3358,9839,5224,3822,3414,6102,4618,3647,3311,7.30213,-32.1805,8.61263,48.036
55237,6287,4752,3733,3180,9855,5304,3843,3307,6224,4425,3606,3355,4042,3803,3498,3173,-7.14896,-29.7554,8.57408,48.258
55238,4247,5301,4862,4018,4520,7373,6475,4195,3928,4918,4496,3664,3477,3693,3655,3380,-8.57648,-1.99917,8.80726,48.1347
55239,3441,3501,3312,3224,4217,4066,3621,3303,6602,5934,4088,3538,8172,7421,4370,3516,18.6053,-16.5313,8.85029,48.2173
55240,5619,5870,4171,3488,7029,7672,4307,3589,4624,4721,3818,3336,3702,3744,3427,3239,-9.99409,-13.8296,8.78414,48.2373
55241,3490,3384,3197,3132,4279,3912,3513,3218,8032,5016,3809,3426,10310,5583,3831,3333,17.8006,-32.2973,8.97118,47.6433
55242,12358,6186,4027,3381,6097,4776,3759,3337,3796,3738,3433,3257,3300,3277,3258,3088,-26.596,-33.4159,8.69728,47.3787
55243,12352,6087,3742,3349,6455,4788,3746,3318,4004,3738,3462,3308,3453,3341,3121,3161,-25.2703,-29.9428,8.90701,47.6167
55244,3008,3357,3767,3812,3239,3441,4272,5317,3456,3806,5240,9941,3251,3827,4933,7040,9.94541,32.7355,8.73056,47.8047
55245,8358,5922,3911,3344,8414,5722,3983,3330,4781,4231,3558,3249,3608,3460,3253,3115,-14.857,-21.7246,8.78201,48.1593
55246,3845,4118,3942,3446,4497,6044,4839,3812,4756,7362,5346,3852,4176,4483,4204,3692,2.82894,-5.33114,8.5736,48.276
55247,3835,4347,4215,3711,4426,6697,5833,3938,4294,6198,5400,3920,3854,3985,3980,3624,-1.09688,-2.18939,8.88097,48.1713
55248,6349,4671,3598,3239,9893,5214,3917,3292,6133,4567,3671,3290,4032,3817,3398,3144,-7.45471,-27.3763,8.63472,48.15
55249,7768,9583,4975,3761,5109,5484,4192,3575,3821,3829,3468,3330,3341,3365,3272,3128,-26.2321,-11.7834,8.74376,48.0007
55250,3378,3868,6183,12202,3368,3796,4736,6489,3140,3467,3805,4035,3161,3172,3351,3517,-25.4237,27.3363,8.5804,47.7787
55251,4150,3878,3435,3196,6633,4639,3749,3171,9605,5077,3770,3459,5686,4576,3641,3278,4.98775,-32.5617,8.78541,47.962
55252,3332,3820,6105,12607,3352,3795,4749,6187,3218,3476,3712,4034,3135,3280,3346,3387,-28.0643,28.7329,8.65136,47.69
55253,10501,7720,4228,3507,5770,5089,3961,3428,3984,3797,3553,3383,3338,3260,3287,3132,-27.6483,-19.1322,8.70277,47.9587
55254,3404,3586,4505,5661,3369,3803,5159,9413,3315,3662,4544,6723,3173,3476,3871,4113,-4.57077,30.2389,8.51934,47.8513
55255,3734,3569,3368,3169,4946,4433,3673,3304,8385,6183,4088,3400,6810,5541,3942,3442,11.5657,-19.8755,8.57085,47.9913
55256,3393,3975,6066,12626,3337,3790,4687,6151,3211,3497,3786,4025,3164,3227,3289,3411,-27.2136,29.9156,8.86478,47.7567
55257,3555,4355,5812,5226,3657,4670,7882,6080,3397,3958,4805,4491,3377,3518,3651,3651,-9.9791,11.146,8.53457,48.0567
55258,3696,4479,5292,4602,3800,5248,8018,5328,3621,4236,5125,4388,3229,3656,3799,3830,-7.07333,7.0874,8.59106,48.2313
55259,3373,3971,5720,12440,3376,3758,4689,5963,3306,3398,3832,3938,3222,3243,3279,3379,-33.9386,31.98,8.71847,47.258
55260,3883,4435,4224,3783,4450,6664,5625,4086,4331,5959,5380,3925,3856,4149,4129,3661,-1.44931,-2.63937,8.59427,48.36
55261,3337,3283,3308,3331,3505,3676,3801,3686,4090,4713,4978,4362,4480,7689,8752,4980,30.2524,1.96545,8.86383,47.9807
55262,3407,4020,6812,11732,3432,3853,4914,5911,3192,3459,3767,3818,3131,3242,3390,3389,-29.5232,23.2036,8.57569,47.646
55263,6851,4829,3776,3299,9953,5230,3814,3389,5493,4280,3602,3268,3677,3658,3425,3210,-9.83801,-32.6933,8.92813,47.836
55264,3146,3189,3453,3388,3206,3588,3827,3918,3413,3830,4856,5664,3436,4064,7466,11095,30.7095,20.3146,8.83903,47.6927
55265,9534,7958,4528,3593,5857,5356,3963,3468,3914,3889,3522,3277,3416,3420,3261,3087,-24.1129,-17.1815,8.50873,48.0287
55266,3170,3446,3357,3257,3560,3763,3797,3509,4023,4924,4974,4380,4522,7778,8564,4830,33.7671,1.03485,8.88254,47.9027
55267,4702,4110,3526,3258,7661,5022,3802,3305,8369,5142,3815,3315,4896,4173,3665,3207,0.707543,-25.4591,8.55441,47.9787
55268,3177,3465,3902,4418,3303,3565,4534,7198,3305,3830,5160,9469,3194,3582,4342,5526,3.49182,28.7145,8.97457,47.98
55269,8797,5417,3830,3397,9085,5322,3813,3373,4821,4123,3492,3245,3613,3615,3182,3023,-14.4574,-25.869,8.8761,48.0987
55270,3096,3240,3450,3542,3236,3587,3982,4206,3570,4126,6204,6623,3530,4385,7212,8168,18.3358,16.3939,8.8138,48.1047
55271,3228,3479,3887,4111,3250,3653,4614,6417,3387,3815,5109,9510,3308,3629,4630,5754,5.55237,30.9588,8.81891,47.854
55272,9098,5834,3967,3455,8234,5361,3886,3398,4517,4039,3587,3230,3596,3543,3251,3170,-16.1324,-24.3479,8.5766,48.1107
55273,3157,3211,3347,3317,3159,3510,3616,3959,3441,3957,5166,5489,3504,4500,8247,10176,30.432,17.4752,8.85949,47.8373
55274,4478,7243,7811,4768,4080,5559,5641,4224,3536,3940,3979,3716,3210,3298,3369,3309,-20.6809,1.0707,8.90586,48.1073
55275,7184,5231,3824,3288,9406,5762,3799,3322,5225,4338,3678,3281,3785,3549,3411,3107,-10.8181,-22.789,8.96901,48.1267
55276,3766,3799,3364,3044,4925,4904,3787,3444,7315,7350,4416,3349,5912,5619,4065,3461,9.07627,-14.9543,8.67274,48.3467
55277,5172,4709,3796,3267,8428,6023,3898,3372,6348,5037,3859,3296,4105,4033,3486,3265,-4.73301,-20.3214,8.56996,48.0627
55278,10444,5505,3845,3386,8133,5041,3854,3328,4390,3933,3516,3187,3440,3524,3138,3213,-17.9435,-29.8983,8.84298,47.918
55279,3386,3950,5851,11315,3402,3837,4862,7377,3334,3431,3913,4125,3064,3212,3243,3336,-20.6031,30.6123,8.5625,47.7587
55280,3294,3529,4126,4467,3280,3714,4824,7419,3460,3721,5079,9027,3218,3602,4387,5076,2.53762,32.2018,8.70972,48.1487
55281,3414,3864,5605,9675,3365,3840,5109,8387,3150,3550,4078,4460,3204,3200,3470,3663,-16.5893,30.8829,8.89461,48.0227
55282,4077,5113,5197,4206,4241,6540,7104,4558,3828,4544,4875,3859,3410,3615,3735,3436,-8.4982,1.04091,8.63469,48.2253
55283,4204,6546,9202,5517,3852,4862,5598,4562,3376,3641,3858,3743,3170,3325,3400,3272,-23.6664,4.64316,8.72006,48.0853
55284,3655,3732,3427,3248,4220,4688,4025,3537,5518,8146,5083,3814,5015,6041,4608,3762,10.8619,-8.44514,8.91384,48.346
55285,3372,3666,3707,3451,3808,4625,4590,3778,4324,6794,6846,4408,4163,5271,5223,4111,9.25302,0.31695,8.66454,48.0913
55286,3128,3226,3432,3380,3300,3513,3860,3804,3604,4009,5212,5293,3577,4762,9302,8457,30.6763,13.4919,8.6534,47.906
55287,3377,3595,3983,3992,3391,4076,5541,5112,3647,4618,7615,6196,3451,3883,4999,4591,4.82417,11.8932,8.52137,48.0447
55288,3600,4176,5272,4928,3664,4694,7913,6025,3518,4054,5169,4702,3275,3645,3685,3823,-7.04207,10.6551,8.85689,48.0953
55289,3253,3479,3521,3381,3578,4100,4579,3999,3905,5479,7861,5286,3859,4845,6504,4936,12.2645,6.40466,8.81207,48.3767
55290,4101,4472,4433,3702,4406,6959,6019,4044,4232,5845,5175,3917,3623,3858,3844,3569,-2.95199,-2.02648,8.54787,48.1327
55291,3523,3921,5875,12016,3482,3785,4942,6356,3328,3440,3785,4018,3242,3249,3430,3312,-23.9612,33.5599,8.67535,47.8027
55292,3430,3771,4585,4525,3476,4211,6982,6256,3482,4081,6171,5655,3387,3630,4069,4215,-2.16951,13.5739,8.80444,47.9507
55293,3299,3454,3237,3151,3848,4049,3635,3250,5334,6631,4673,3613,6241,8705,5283,3751,19.2144,-9.04541,8.86251,48.1027
55294,3122,3254,3336,3346,3146,3444,3810,4027,3404,3912,5163,6563,3531,4180,7166,10784,22.6766,20.5792,8.99736,48.1253
55295,12900,5975,3945,3530,5983,4627,3693,3403,3862,3838,3436,3224,3392,3344,3226,3204,-30.528,-31.1596,8.95429,47.7213
55296,3153,3320,3316,3443,3232,3655,3914,4349,3392,4054,5526,7039,3494,4214,6974,9294,19.6015,19.4977,8.51916,48.246
55297,4121,3950,3554,3308,6082,5443,3859,3421,7425,6640,4000,3431,5071,4721,3807,3306,3.45644,-17.4856,8.5228,48.0927
55298,3166,3408,3716,4063,3292,3640,4547,6217,3340,3739,5362,9885,3414,3709,4650,6087,6.27279,32.2621,8.62443,48.1567
55299,4073,3910,3438,3268,6588,4603,3641,3252,9743,5123,3807,3343,5700,4600,3698,3328,5.6213,-31.199,8.76381,48.0767
55300,9709,6345,4030,3357,7270,5343,3844,3433,4392,4165,3432,3207,3476,3446,3221,3136,-19.1184,-21.3537,8.53276,47.8707
55301,3639,3874,3670,3272,4450,5419,4272,3621,5215,8107,5233,3821,4420,5020,4227,3680,6.28292,-7.08721,8.76309,47.96
55302,4453,6911,8733,5251,4022,5032,5417,4514,3438,3726,3821,3576,3269,3282,3320,3322,-24.1798,3.58152,8.53672,48.058
55303,3411,3607,3391,3125,3825,4150,4099,3543,4566,6817,5775,4188,4777,6725,5836,4232,15.0855,-2.54417,8.80436,48.0447
55304,3377,3905,4550,4550,3657,4266,7028,6103,3574,4226,6255,5584,3319,3630,4160,4166,-2.04747,13.3194,8.63733,48.2333
55305,3583,4044,4761,4280,3712,4848,7712,5416,3593,4489,6163,4830,3491,3686,4111,3835,-3.55131,8.38165,8.61971,48.3693
55306,5110,4315,3389,3335,8794,5118,3769,3328,7805,4919,3720,3246,4643,4029,3475,3321,-1.17592,-26.6459,8.88302,48.2107
55307,5690,9118,6295,4202,4602,5770,4734,3791,3775,4034,3796,3422,3332,3353,3360,3166,-22.3018,-5.58946,8.67512,48.2933
55308,3120,3365,3565,3712,3291,3618,4287,4604,3355,3939,6074,8663,3374,4061,5791,7793,13.6156,20.8981,8.91059,48.408
55309,8471,7890,4440,3534,6128,5951,4119,3471,4096,4057,3573,3466,3480,3394,3216,3137,-20.378,-15.6545,8.89706,48.282
55310,3564,3641,3414,3152,4183,4670,3867,3526,5492,8174,5163,3713,5195,6406,4654,3724,11.9354,-8.85952,8.51956,48.3587
55311,3660,3488,3307,3100,4831,4383,3521,3357,8258,6238,3949,3367,7454,5825,4017,3489,13.2091,-19.9454,8.64693,48.1627
55312,3526,3433,3220,3064,4190,4004,3547,3263,6558,5876,4179,3399,8723,7379,4444,3420,18.9994,-17.3689,8.67649,48.15
55313,4015,4885,5494,4329,4067,6334,7573,4564,3745,4428,4827,3894,3323,3534,3626,3543,-9.39644,2.57113,8.56183,48.1207
55314,3354,3392,3213,3094,3988,3831,3342,3143,6583,4913,3723,3560,11869,6307,3949,3356,24.7707,-26.2041,8.51298,47.7447
55315,3277,3499,3549,3400,3874,4320,4195,3648,4578,7207,6154,4171,4527,6274,5810,4177,13.223,-2.11811,8.79976,48.44
55316,3239,3181,3489,3479,3227,3399,3705,3947,3268,3739,4749,6033,3387,3811,5858,12460,33.2129,31.0066,8.65766,47.314
55317,4151,3932,3553,3258,6990,4665,3688,3315,9365,5119,3745,3432,5387,4424,3726,3263,3.87917,-31.366,8.56232,48.0087
55318,4286,6583,7905,4892,4094,5329,6126,4355,3651,3817,4039,3700,3240,3413,3355,3380,-18.7712,2.63448,8.79101,48.11
55319,5407,4431,3640,3242,9161,5197,3737,3265,7252,4773,3727,3365,4379,3999,3391,3185,-3.39344,-27.2316,8.62284,48.1007
55320,3287,3413,3323,3320,3401,3617,3859,3807,3761,4418,5456,4784,3924,5702,9841,6180,33.98,7.90209,8.68062,48.062
55321,4010,5863,7701,5187,3997,5239,6837,4782,3609,3859,4127,3814,3148,3333,3459,3350,-16.8414,5.03721,8.55284,48.21
55322,3972,4835,5207,4189,4129,6571,7507,4537,3734,4560,4861,3939,3456,3623,3717,3470,-8.31325,2.15315,8.9264,48.2047
55323,3205,3376,3331,3218,3573,3716,3908,3663,4101,5161,5515,4241,4595,7611,8370,4936,22.3255,1.26786,8.87418,48.3467
55324,3157,3314,3406,3483,3225,3480,3885,4172,3437,3889,4890,7757,3469,3771,5775,10605,19.2783,30.9536,8.52144,47.81
55325,3324,3599,4616,6070,3403,3722,5147,9848,3336,3728,4520,6371,3270,3401,3735,4221,-5.88534,29.8548,8.92601,48.2073
55326,5832,4630,3788,3334,9628,5108,3734,3341,6572,4666,3581,3342,4065,3829,3417,3148,-5.66846,-30.2028,8.50274,48.01
55327,3362,3935,6983,11773,3355,3809,4860,5912,3335,3465,3849,3921,3030,3308,3327,3517,-32.5317,22.0231,8.86206,47.8273
55328,4370,4224,3593,3261,6363,5911,4009,3392,6877,6463,4034,3553,4634,4376,3767,3248,1.21645,-16.4908,8.81014,48.05
55329,3292,3354,3215,3084,3883,3833,3609,3277,5712,5444,4155,3569,8829,8720,4718,3594,24.2078,-15.322,8.69248,48.192
55330,4861,7829,7337,4580,4213,5604,5477,4165,3549,3826,3803,3593,3362,3419,3311,3244,-20.8654,-0.465763,8.94149,48.1153
55331,3259,3846,5179,8328,3363,3722,5342,9506,3282,3581,4212,4958,3108,3404,3527,3667,-12.9847,27.2768,8.98334,48.1893
55332,3149,3513,4228,4476,3217,3775,5039,7716,3199,3802,5128,8664,3269,3691,4363,5123,1.76731,25.6562,8.74472,48.2347
55333,3265,3857,5424,8849,3358,3892,5331,8729,3165,3490,4094,4671,3096,3308,3469,3666,-14.7572,25.4076,8.72335,47.776
55334,3866,4895,6948,5250,3836,5052,7474,5412,3579,3924,4417,4038,3215,3382,3575,3415,-13.7289,7.94347,8.74444,48.1853
55335,12487,6313,3948,3324,6116,4710,3706,3287,3800,3770,3411,3210,3418,3336,3229,3125,-31.3097,-25.6746,8.95152,47.46
55336,4101,6090,8895,5657,3882,4795,5875,4588,3386,3755,3914,3801,3238,3380,3518,3394,-21.7119,6.01367,8.55886,48.1793
55337,3682,4661,7403,6494,3574,4463,6900,5896,3374,3732,4149,4295,3044,3365,3498,3480,-16.1913,12.3271,8.54805,48.0067
55338,8788,8646,4669,3644,5588,5489,4100,3502,3835,3883,3553,3386,3338,3468,3361,3128,-24.2063,-14.8748,8.5311,48.252
55339,7579,9782,5308,3712,4949,5183,4155,3535,3713,3770,3681,3301,3348,3295,3308,3048,-30.7656,-11.371,8.84295,47.778
55340,4107,4572,4273,3784,4429,7285,5952,4074,4256,5708,4950,3890,3730,3926,3868,3547,-3.44543,-2.92858,8.9758,48.234
55341,4437,3996,3405,3327,7519,4694,3667,3267,9073,4940,3707,3359,5317,4392,3615,3282,2.79546,-30.7854,8.81158,47.998
55342,3714,3786,3365,3153,5056,4621,3796,3414,8492,6662,3997,3323,6394,5358,3938,3379,10.1229,-19.0163,8.73251,48.2987
55343,3101,3255,3349,3418,3246,3459,3710,3928,3216,3753,4786,6095,3485,4015,6351,12700,29.9481,26.2071,8.97719,47.9113
55344,4725,7260,7419,4901,4296,5497,5666,4315,3703,3767,3744,3527,3312,3274,3456,3334,-20.6348,0.566608,8.64914,48.1307
55345,4185,5932,8999,5753,3839,4718,5971,4882,3504,3717,4037,3718,3117,3360,3373,3208,-21.4727,6.70918,8.64433,48.2087
55346,3386,3654,4535,5021,3380,4017,6166,7666,3392,3845,5522,6540,3134,3590,4111,4458,-2.4084,18.4375,8.55624,48.278
55347,4555,7256,9173,5302,4001,4759,5193,4270,3568,3833,3776,3667,3245,3259,3342,3255,-26.2708,2.75993,8.88877,48.3027
55348,3057,3174,3341,3326,3237,3484,3804,3924,3388,3981,4928,5589,3524,4420,8245,10069,30.2259,17.6961,8.8943,47.6607
55349,3941,4853,5686,4599,3960,5910,7674,4878,3638,4330,4733,4138,3251,3557,3500,3476,-10.1987,4.11577,8.70349,48.0827
55350,5076,7195,5494,4125,4835,7340,5375,3910,3910,4231,3808,3442,3521,3495,3296,3301,-15.0099,-5.26833,8.94374,48.236
55351,3217,3341,3415,3282,3583,3834,3728,3545,4156,5213,5480,4347,4764,7598,7886,4756,22.5638,0.747145,8.76274,48.0967
55352,3267,3367,3349,3121,3707,3846,3639,3387,4511,5252,4662,3966,5601,9925,6483,4052,33.7673,-5.12665,8.98905,48.09
55353,6566,4808,3638,3371,9720,5486,3856,3356,5687,4430,3587,3247,3820,3782,3394,3150,-8.73836,-26.186,8.52755,47.932
55354,3347,3982,6719,11838,3335,3791,4972,6157,3265,3520,3765,3807,3150,3301,3342,3360,-27.4974,22.9467,8.60207,47.7673
55355,3265,3592,4100,4375,3479,3842,5489,6779,3392,3980,6219,7521,3295,3619,4440,4992,1.77175,18.4916,8.87099,48.2527
55356,3404,3489,3216,3198,4018,3836,3389,3215,6574,4855,3896,3364,11943,6048,3856,3382,23.5665,-32.4736,8.79821,47.7887
55357,3383,3921,6099,12686,3379,3848,4731,6015,3202,3533,3698,3877,3157,3292,3275,3454,-29.6328,28.2939,8.81921,47.7
55358,3195,3319,3697,3792,3292,3651,4342,4956,3469,3997,6326,8428,3338,3968,5332,7025,11.6442,19.5988,8.69939,48.0847
55359,5068,8374,7855,4591,4278,5151,5087,4160,3514,3852,3700,3511,3317,3366,3303,3263,-25.3426,-0.619362,8.55656,48.26
55360,3110,3338,3326,3420,3185,3503,3874,3884,3410,3797,4627,6038,3335,3896,6138,12537,29.5435,29.1822,8.67428,47.612
55361,3138,3391,3244,3137,3662,3702,3696,3407,4415,5316,4664,3906,5701,9555,6574,4237,27.3221,-5.13501,8.8542,47.83
55362,3155,3248,3403,3279,3456,3645,3843,3721,3576,4288,5434,5022,3849,5481,9831,7030,26.8293,9.89626,8.78173,48.174
55363,6474,6130,4126,3464,7267,6973,4172,3513,4529,4530,3782,3357,3720,3639,3442,3226,-12.4268,-16.0951,8.68127,48.2293
55364,5093,7082,5196,3942,5091,7435,5431,3850,4006,4337,3888,3591,3370,3489,3331,3390,-14.2506,-6.01091,8.91642,48.348
55365,6154,4753,3713,3387,9575,5697,3850,3371,5900,4417,3658,3227,3965,3787,3381,3228,-7.6013,-23.7779,8.814,48.042
55366,3234,3454,3560,3374,3600,3852,4209,3710,4233,5701,6666,4571,4159,6188,7010,4788,16.0429,2.26367,8.70224,48.206
55367,3257,3360,3585,3446,3397,3704,4357,3978,3799,4855,7483,5460,3897,4865,7382,5559,14.5966,9.16977,8.8709,48.256
55368,3321,3321,3282,3123,3796,3901,3562,3282,5278,5239,4126,3593,8305,9164,4842,3589,30.3033,-13.2326,8.68647,47.816
55369,3747,3587,3355,3139,4914,4331,3616,3130,9436,5384,3837,3350,7744,5435,3768,3362,12.6876,-24.8865,8.59147,48.09
55370,3757,3791,3616,3302,4580,5458,4256,3538,5478,8047,5010,3765,4596,5204,4158,3550,6.09001,-8.57381,8.86036,48.0707
55371,3425,4018,6255,11820,3439,3885,4975,6647,3289,3514,3841,3988,3094,3243,3407,3432,-24.3767,26.655,8.54038,48.1813
55372,8363,6380,4092,3449,7677,6015,3990,3453,4376,4109,3569,3166,3523,3398,3325,3164,-16.0673,-19.6043,8.86722,48.0327
55373,3401,3310,3227,3005,4014,3910,3499,3287,6290,4751,3757,3400,12290,6147,3957,3526,26.114,-27.405,8.6279,47.8473
55374,3229,3344,3305,3264,3624,3891,3852,3610,4273,5482,5406,4193,4710,7383,7595,4693,21.4434,0.252735,8.52207,47.9027
55375,3051,3305,3550,3443,3191,3650,3993,4210,3471,3988,5568,6615,3470,4284,7237,9022,19.4926,17.7427,8.7111,48.032
55376,3249,3594,3823,3632,3579,4096,5253,4446,3791,4895,8116,5833,3729,4237,5382,4752,7.62242,9.35995,8.65292,48.2713
55377,3887,3762,3444,3179,5116,4881,3812,3409,7633,7312,4361,3500,5756,5334,4013,3386,8.32783,-16.1613,8.93138,48.5233
55378,3105,3234,3414,3529,3268,3651,4058,4537,3292,3787,5208,8920,3336,3873,5506,8851,15.1695,33.367,8.82567,47.7127
55379,4321,4109,3636,3204,7146,5258,3930,3398,8020,5860,3901,3448,5092,4406,3604,3290,2.26506,-20.549,8.94531,48.4153
55380,3362,3455,3274,3225,3887,3763,3529,3370,4907,5388,4364,3596,6666,9762,5721,3874,32.961,-8.86897,8.53713,48.0953
55381,11899,6717,4108,3337,6015,4807,3872,3348,3974,3694,3365,3187,3354,3385,3182,3150,-30.9883,-23.227,8.51941,47.596
55382,3384,3912,5029,4785,3506,4655,7802,6282,3417,4035,5508,5094,3316,3564,3949,3940,-5.17846,12.0138,8.849,48.1187
55383,3059,3209,3432,3391,3203,3448,3784,4011,3400,3839,4702,6044,3427,3857,6387,12272,29.4119,25.7262,8.87287,47.6433
55384,3424,4056,5817,11372,3347,3767,4973,7227,3197,3367,3887,4052,3200,3269,3285,3495,-21.4419,32.7108,8.84101,47.8233
55385,4585,7392,8662,4989,4148,4958,5349,4363,3562,3686,3750,3602,3257,3365,3255,3324,-24.6414,1.82339,8.71303,48.1647
55386,3203,3601,4233,4780,3400,3753,5013,8430,3390,3786,4976,7996,3298,3555,4214,4767,-0.617026,27.4685,8.63123,48.2633
55387,3647,4032,4233,3749,4030,5719,6089,4365,4071,5940,6299,4153,3748,4305,4256,3817,0.717805,0.877673,8.92923,48.302
55388,3344,3905,5984,12842,3438,3648,4821,5920,3375,3454,3695,3771,3136,3220,3410,3328,-28.3897,32.264,8.92889,47.5273
55389,3522,3766,3533,3456,3930,4647,4349,3559,4675,7750,6094,4047,4477,5704,4958,4024,10.1511,-2.92867,8.96049,48.3273
55390,3238,3356,3385,3388,3443,3666,3976,3894,3723,4708,6588,5167,3738,5260,8554,6110,19.1665,8.6488,8.71874,48.1293
55391,3407,3764,4834,5909,3385,3928,6085,9121,3317,3611,4697,5871,3205,3365,3860,4039,-6.78129,21.262,8.85795,48.2653
55392,8159,6522,4149,3534,7421,6235,4015,3404,4383,4184,3619,3291,3461,3405,3237,3090,-16.179,-18.5183,8.88624,48.0727
55393,4225,5497,5040,3967,4600,7468,6483,4165,3974,4706,4405,3729,3535,3672,3514,3444,-9.67827,-1.98469,8.83432,48.2827
55394,3528,3704,3603,3434,3810,4708,4391,3766,4727,7594,6350,4140,4326,5334,5052,4016,9.58374,-2.55386,8.96838,48.322
55395,3432,3346,3352,3046,4098,3882,3519,3258,6756,5347,3955,3327,9916,6835,4207,3516,20.721,-20.4433,8.94262,47.8613
55396,7072,4936,3695,3263,10082,5250,3868,3348,5479,4274,3573,3257,3786,3673,3380,3174,-10.0735,-30.163,8.96196,48.0733
55397,3220,3368,3436,3217,3691,3954,4129,3691,4098,5820,6444,4463,4322,6498,7002,4597,16.9049,1.62204,8.72311,47.9667
55398,8388,6485,4068,3405,7690,5975,3987,3386,4493,4136,3676,3239,3536,3467,3262,3067,-16.3976,-19.0924,8.98692,48.1733
55399,4167,4034,3615,3221,6344,5267,3798,3320,7949,6134,3993,3478,5122,4624,3730,3337,3.7953,-19.2762,8.54392,48.0887
55400,4560,5102,4366,3632,5354,8052,5150,3806,4316,5240,4315,3585,3646,3827,3596,3303,-6.8064,-7.30735,8.5359,47.9
55401,4215,5364,4991,4048,4438,7242,6762,4089,3980,4710,4588,3731,3510,3653,3624,3468,-8.87537,-1.06337,8.93305,48.2753
55402,4410,7068,8794,5158,4029,4887,5593,4376,3450,3761,3853,3621,3204,3353,3329,3324,-23.2402,2.92583,8.73198,48.14
55403,3187,3494,3756,3926,3333,3940,4792,5042,3590,4147,7030,7691,3437,3916,5335,5745,8.2132,16.5009,8.55642,48.2407
55404,6901,5132,3697,3256,9573,5783,3941,3476,5419,4406,3638,3287,3848,3758,3251,3190,-10.0749,-23.3936,8.90027,48.3707
55405,3353,3425,3198,3025,3903,3692,3475,3241,6202,4743,3853,3384,12470,6339,3914,3401,27.2497,-26.5958,8.78357,47.7453
55406,3409,3878,5698,9691,3330,3856,5025,8463,3097,3478,3984,4482,3127,3202,3492,3619,-16.7045,27.508,8.97878,47.8873
55407,3312,3689,4181,4261,3533,4042,6093,5751,3561,4280,7067,6457,3413,3863,4469,4684,2.13022,13.8988,8.75666,48.4373
55408,3184,3341,3509,3361,3399,3739,4178,4078,3689,4877,7298,5238,3819,4970,7747,5698,16.2194,8.47239,8.97028,48.0833
55409,3492,3324,3265,3195,3864,3769,3699,3357,4920,5274,4341,3652,6669,10060,5436,3805,32.6959,-9.01364,8.96197,48.0813
55410,3298,3506,3384,3330,3610,4149,4102,3702,4387,6109,6317,4358,4473,6553,6670,4560,16.145,0.535443,8.74584,48.3387
55411,8457,9285,4728,3584,5292,5367,4184,3587,3805,3818,3573,3191,3307,3359,3261,3053,-27.8913,-13.8097,8.69436,47.9007
55412,3391,3439,3136,3155,4019,3760,3402,3209,6433,4847,3744,3261,12130,6488,4053,3290,24.9872,-25.0857,8.97101,47.838
55413,12322,6012,3889,3514,6471,4817,3734,3365,3861,3862,3463,3205,3405,3499,3197,2989,-24.0633,-33.7055,8.90879,47.7367
55414,3451,3826,5373,8976,3459,3783,5145,8833,3271,3513,4137,4647,3211,3286,3496,3563,-14.868,33.0711,8.96584,47.98
55415,12136,5962,4013,3300,6505,4889,3788,3346,3999,3737,3342,3163,3389,3312,3265,3124,-25.5584,-30.5651,8.74288,47.5133
55416,6201,8841,5404,3886,5249,6298,4561,3797,3813,3968,3582,3277,3380,3348,3266,3226,-20.2045,-8.7828,8.69274,48.0647
55417,3656,4493,6531,5673,3646,4623,7613,6059,3427,3864,4390,4379,3280,3435,3542,3536,-12.7369,11.2899,8.5735,48.098
55418,3208,3369,3340,3152,3672,3914,3624,3448,4907,5522,4380,3745,6349,9608,5824,3990,24.7642,-8.14968,8.60047,48.0347
55419,3187,3540,3985,4410,3311,3728,4791,7144,3342,3846,5249,9005,3219,3582,4255,5503,3.36706,25.6496,8.63021,48.0647
55420,3376,3291,3167,3165,3854,3892,3496,3260,5646,4988,3972,3379,10272,8057,4421,3555,30.4846,-18.4829,8.95298,47.8607
55421,3522,3529,3248,3084,4568,4096,3544,3276,8642,5339,3925,3334,9092,5596,3925,3447,15.8212,-25.1133,8.5288,48.1113
55422,5111,8849,7725,4583,4296,5008,4954,4021,3490,3791,3692,3497,3224,3255,3347,3184,-26.9782,-1.70766,8.88485,48.018
55423,3839,3840,3365,3258,5727,4395,3575,3355,9788,5257,3815,3391,6389,4745,3723,3406,8.09779,-33.3497,8.83925,47.912
55424,3672,4046,4448,3891,3929,5418,6559,4481,3844,5459,6367,4451,3704,3995,4219,3815,-0.455345,3.06181,8.57792,48.1987
55425,3137,3329,3394,3390,3356,3723,3985,3951,3765,4550,6708,5446,3789,4961,8054,6441,18.2923,10.4341,8.66682,47.986
55426,12711,6015,3842,3439,6063,4634,3798,3313,3959,3822,3407,3282,3405,3387,3194,3135,-30.2994,-29.3273,8.96533,47.604
55427,3288,3410,4180,4812,3390,3632,4787,8160,3373,3712,4996,8635,3317,3484,4052,4852,0.352083,31.0276,8.88884,48.0533
55428,3386,3968,5447,6305,3460,4157,6642,8074,3355,3671,4596,4979,3133,3423,3638,3800,-10.2867,18.2513,8.66316,48.0227
55429,3346,3899,5613,10650,3461,3835,5160,8023,3370,3427,3976,4195,3125,3276,3397,3501,-18.4284,32.8905,8.92878,48.1693
55430,3994,5036,6166,4731,4052,5722,7588,4874,3656,4161,4496,4051,3365,3551,3652,3459,-11.8303,4.58985,8.6578,48.3693
55431,3638,3496,3208,2987,5002,4361,3576,3257,9186,5991,3971,3391,7284,5399,3818,3310,12.1287,-22.2648,8.92734,47.9167
55432,3467,4271,7129,10024,3517,3866,5495,6530,3133,3560,3983,3997,3077,3148,3459,3446,-22.0843,19.3706,8.99079,48.068
55433,3379,3473,3259,3201,3668,3765,3654,3428,4533,5293,4630,3750,5798,9580,6341,4062,32.468,-5.43028,8.74178,47.876
55434,3240,3315,3297,3223,3713,4021,3738,3378,4635,5755,4596,3766,5950,9323,6172,4048,23.4095,-6.43272,8.76849,48.1133
55435,6969,6192,4131,3435,7378,6517,4149,3576,4589,4360,3635,3243,3604,3693,3278,3227,-13.7732,-17.2803,8.7158,47.984
55436,3601,3909,3851,3682,3920,5122,5398,4064,4187,6461,6836,4360,3907,4399,4589,3848,3.92722,0.471499,8.52144,48.0893
55437,3466,3708,3870,3570,3788,4898,5398,4094,3999,5950,7359,4582,3810,4494,4982,4051,5.33971,3.04511,8.77173,48.0127
55438,3540,4368,8192,9578,3540,4006,5222,5773,3232,3492,3837,3851,3159,3254,3409,3326,-25.4487,17.2825,8.61426,47.8527
55439,5685,6600,4526,3600,6037,7654,4670,3568,4319,4534,3774,3470,3619,3548,3415,3267,-12.7205,-11.0998,8.65832,48.1907
55440,3243,3415,3694,3649,3465,3925,4740,4479,3714,4737,8168,6050,3725,4400,6002,5186,10.4737,10.3863,8.85862,48.3947
55441,3310,3394,3242,3102,3874,3869,3528,3155,5435,5168,3975,3474,9182,8623,4708,3637,29.1752,-15.7963,8.52019,47.784
55442,3493,3741,3816,3553,3881,4939,5316,4041,4107,6365,7241,4494,3898,4560,4853,4168,5.54584,1.76368,8.58643,48.3107
55443,3273,3284,3238,3331,3519,3800,3863,3767,3987,4835,5841,4546,4172,6591,8904,5489,22.198,4.61357,8.78801,48.2933
55444,3092,3262,3423,3447,3278,3471,3829,3890,3461,4011,5100,5945,3469,4187,7561,10362,25.2214,19.3296,8.63758,47.8587
55445,3357,3468,3216,3084,3943,3824,3470,3311,5815,4800,3782,3357,12243,6555,3926,3402,32.3186,-24.173,8.89533,47.702
55446,11648,7360,4138,3488,5790,4977,3847,3439,3914,3588,3464,3243,3405,3410,3134,3055,-30.2969,-21.577,8.94468,47.9333
55447,3712,3834,3512,3246,4446,5473,4232,3622,5602,8112,4864,3644,4597,5169,4308,3619,6.72702,-9.08951,8.58653,47.9947
55448,3312,3386,3360,3239,3683,3936,3808,3750,4180,5795,5592,4249,4735,7603,7411,4576,20.2576,-0.443204,8.78798,48.41
55449,3180,3222,3356,3361,3487,3760,4036,3844,3802,4697,6522,5068,3959,5603,8468,6080,19.4086,7.94372,8.5785,48.2967
55450,4384,5583,5110,3961,4714,7404,6262,4165,3914,4650,4385,3777,3490,3576,3517,3380,-10.1338,-2.58661,8.65457,48.1813
55451,3087,3327,3751,3839,3307,3681,4343,5762,3301,3830,5815,9846,3290,3797,4754,6404,8.20944,23.9598,8.99033,48.0893
55452,3484,3370,3154,3155,4030,3796,3435,3310,5913,4791,3758,3564,12367,5998,3831,3370,30.8963,-29.9863,8.51007,47.5507
55453,3523,3306,3208,3024,4042,3914,3504,3234,6019,5536,3925,3358,9281,7794,4401,3488,22.2498,-17.2419,8.65909,47.7047
55454,3314,3951,5846,11218,3427,3808,4909,7601,3223,3475,3822,4250,3157,3218,3442,3453,-20.3392,29.4281,8.78702,48.076
55455,3107,3349,3470,3350,3298,3817,3910,3795,3807,4740,6025,4851,3938,5858,8974,5899,20.6049,7.12211,8.87718,48.1253
55456,3663,3637,3293,3116,5099,4284,3615,3335,9168,5770,3932,3341,7375,5194,3756,3386,11.3963,-23.6631,8.91442,47.976
55457,3360,3408,3323,3196,3596,3744,3894,3527,4243,5795,5548,4143,4875,7908,7299,4637,20.6419,-0.990431,8.96548,48.3307
55458,10302,7871,4290,3544,5619,5134,4033,3437,3977,3808,3465,3257,3379,3334,3260,3098,-30.1865,-18.3571,8.76136,47.872
55459,3419,3970,5809,12207,3325,3725,4710,5827,3254,3351,3747,3901,3177,3308,3385,3528,-33.8215,33.9268,8.78211,47.0953
55460,5015,8862,7873,4580,4156,5115,4963,3954,3553,3816,3664,3387,3285,3326,3320,3302,-26.9868,-1.16167,8.94986,48.114
55461,3495,4319,8196,10044,3482,3813,5158,5678,3223,3567,3826,3985,3163,3240,3377,3393,-27.0921,17.7122,8.71618,47.9727
55462,3111,3224,3330,3328,3285,3505,3828,3786,3539,4054,5359,5372,3502,4933,9175,8611,29.2557,14.1259,8.62651,47.9613
55463,6819,7554,4689,3634,5992,6622,4458,3673,4139,4106,3722,3307,3485,3535,3395,3034,-17.0392,-12.9887,8.59797,48.1093
55464,3057,3253,3492,3364,3172,3557,3943,3851,3501,4022,5169,5719,3611,4452,8420,9222,25.1919,16.2999,8.62535,47.87
55465,3408,3585,3363,3065,4218,4300,3660,3367,6424,6849,4301,3545,6607,7136,4541,3564,15.7695,-14.0013,8.88379,47.9553
55466,3138,3189,3404,3429,3266,3492,3852,3996,3353,3880,5068,6188,3273,3982,6834,11647,25.0708,23.2721,8.8538,47.994
55467,3345,3642,4462,5485,3328,3774,5083,9604,3291,3640,4595,6679,3234,3447,3935,4203,-4.80083,32.6143,8.87133,47.8313
55468,3694,3628,3396,3081,5396,4328,3499,3200,10064,5316,3742,3273,7279,5049,3738,3219,10.8503,-32.0023,8.89269,47.9347
55469,3140,3356,3513,3473,3562,3826,3951,3741,3862,4945,6219,4734,4167,6015,8302,5270,18.9839,4.99011,8.89388,48.0507
55470,3330,3405,3407,3085,3764,3992,3638,3368,5321,5973,4279,3611,6898,9193,5203,3860,21.4113,-10.6805,8.9871,48.218
55471,3529,3467,3260,3075,4164,3976,3679,3221,6404,5853,4076,3566,8574,7435,4417,3523,19.6172,-16.5166,8.64384,48.146
55472,3484,3421,3215,3148,4427,3957,3570,3319,8327,5154,3887,3388,9666,5604,3908,3430,16.733,-33.5414,8.71419,47.9367
55473,3211,3653,4148,4576,3422,3888,5129,7669,3266,3735,5370,8234,3247,3623,4246,5068,1.27272,23.5377,8.70863,48.3233
55474,4185,6858,9357,5455,3869,4833,5224,4357,3426,3742,3802,3634,3327,3365,3320,3273,-27.632,4.40446,8.54588,48.018
55475,3677,3529,3309,3171,4938,4329,3584,3209,9119,5777,3788,3262,7836,5509,3759,3304,13.1859,-23.3614,8.75816,48.0667
55476,3216,3535,4066,4666,3344,3760,4845,8005,3366,3746,5057,8694,3189,3517,4255,4967,1.15308,28.8392,8.8576,48.152
55477,3420,3848,5031,5906,3370,3996,6125,8694,3304,3800,4711,5638,3153,3443,3931,3987,-7.15653,20.1788,8.81527,48.238
55478,3628,4424,5738,5051,3587,4749,7984,6104,3516,4026,4813,4489,3286,3529,3670,3757,-9.46032,10.2896,8.68996,48.234
55479,3964,4652,4485,3819,4332,7276,6231,4166,4162,5381,4959,3943,3667,3916,3780,3527,-4.75844,-1.96312,8.87334,48.1733
55480,3800,3626,3346,3250,5672,4240,3683,3233,9797,5288,3793,3339,7029,5000,3791,3301,9.6988,-28.9871,8.69443,48.1253
55481,3180,3393,3564,3587,3400,3620,4344,4615,3452,4199,6635,7507,3468,4205,6323,7023,13.8666,16.8913,8.63224,48.3433
55482,3768,3970,3713,3415,4509,5504,4272,3581,5349,7851,5138,3779,4460,5069,4162,3583,5.73397,-7.61052,8.5314,48.082
55483,6646,4833,3771,3308,9949,5316,3951,3286,5628,4330,3551,3234,3746,3660,3340,3239,-8.83513,-33.1252,8.65259,47.8587
55484,12184,5961,3859,3459,6371,4780,3775,3371,3963,3836,3451,3287,3447,3249,3220,3174,-25.8866,-29.8901,8.51698,47.5913
55485,3432,3524,3360,3343,3759,4302,3905,3648,4645,7119,5711,4108,4767,6767,5497,4152,14.4218,-3.27917,8.56091,48.026
55486,3138,3374,3551,3415,3373,3727,4001,3929,3711,4523,6491,5416,3707,5069,8425,6430,19.1706,10.1281,8.58026,48.1867
55487,3524,3465,3239,3158,4438,3959,3508,3211,8593,5157,3864,3281,9685,5581,3827,3391,16.5458,-27.0518,8.79442,47.9207
55488,3417,3459,3195,3122,4097,3906,3468,3256,7326,5067,3885,3417,11231,5840,3937,3376,20.8356,-32.9012,8.67906,47.9993
55489,3475,3287,3301,3118,4038,3972,3491,3289,6024,5170,3917,3423,10258,7621,4375,3616,24.7451,-18.7146,8.75287,48.25
55490,4726,5438,4452,3744,5472,8262,5073,3753,4416,4995,3996,3673,3679,3781,3427,3303,-8.30754,-7.83064,8.97377,48.1267
55491,3324,3398,3330,3154,3722,3847,3525,3357,4891,5258,4485,3704,6443,10178,5848,3767,29.058,-8.5425,8.92925,48.154
55492,4293,3995,3517,3340,6591,4746,3764,3308,9294,5426,3899,3300,5525,4484,3646,3262,4.67356,-24.8947,8.7668,48.26
55493,3401,3838,4716,5813,3363,3891,5921,8775,3327,3817,4629,6136,3211,3454,3906,3957,-6.06386,21.9663,8.63464,48.1033
55494,3396,3410,3264,3188,3831,3819,3570,3382,5314,5269,4088,3467,8736,8824,4657,3628,33.3811,-14.5892,8.64723,47.8953
55495,12421,5934,3998,3434,6574,4757,3675,3396,4009,3805,3440,3193,3379,3464,3255,3159,-25.3823,-30.7415,8.71009,47.9287
55496,3531,3745,3631,3346,4006,4612,4367,3678,4552,7423,6391,4233,4219,5816,5278,3992,10.4134,-2.16312,8.84071,48.5467
55497,3653,4683,9256,8120,3527,4138,5329,5319,3301,3517,3809,3770,3143,3444,3397,3364,-33.6932,13.3105,8.53996,47.8467
55498,3854,4108,3885,3493,4365,6185,4879,3721,4725,7179,5443,3941,4034,4527,4161,3635,2.40181,-4.92979,8.53462,48.09
55499,3097,3295,3379,3289,3390,3731,3887,3707,3865,4481,5758,4704,3888,5965,9454,6076,23.5252,7.28532,8.5035,47.9773
55500,2915,3273,3375,3409,3134,3490,3860,4071,3480,3901,5000,6202,3435,4170,7380,10797,25.2682,20.39,8.63623,47.928
55501,7201,7092,4375,3524,6482,6475,4169,3477,4219,4197,3730,3455,3507,3465,3259,3191,-16.6873,-14.7596,8.70962,47.8787
55502,8486,5291,3807,3311,9243,5027,3808,3371,4810,4098,3505,3293,3617,3586,3315,3108,-14.0345,-32.3446,8.82281,47.784
55503,3527,4121,6291,6720,3452,4247,6884,7225,3349,3721,4337,4481,3086,3302,3558,3588,-13.5228,15.9344,8.75813,47.926
55504,3376,3497,3406,3153,4150,4254,3808,3460,5999,6805,4687,3602,6479,7357,4645,3670,15.9912,-12.0966,8.70215,48.232
55505,11773,6794,4052,3346,5924,4941,3777,3375,3920,3887,3448,3136,3385,3429,3257,3186,-31.4748,-22.5067,8.85468,47.7533
55506,3323,3314,3376,3364,3543,3898,4059,3900,3938,5043,6391,4752,3990,6026,8091,5352,18.5161,5.35918,8.55883,48.24
55507,3370,3686,4295,4377,3498,4232,6438,5798,3514,4315,6750,5898,3387,3831,4298,4476,0.14276,13.0539,8.78066,48.1087
55508,3096,3176,3424,3560,3261,3611,4211,4157,3381,4068,6087,6946,3566,4179,7102,8513,18.169,17.5835,8.98754,48.2253
55509,3530,3496,3251,3167,4578,4058,3521,3221,8455,5188,3874,3459,9371,5620,3957,3443,16.3618,-25.0391,8.85223,48.126
55510,8881,5354,3834,3371,8925,5155,3847,3433,4769,4061,3643,3351,3556,3539,3304,3193,-15.0809,-29.9195,8.50268,48.144
55511,3321,3624,4373,5278,3381,3889,5309,9072,3369,3731,4640,7058,3159,3445,3926,4400,-3.26079,25.6863,8.54486,47.9833
55512,12623,6056,3811,3311,6212,4798,3756,3295,3867,3787,3373,3251,3426,3371,3219,3150,-28.9053,-27.6494,8.87055,47.5373
55513,4474,7267,8814,5164,3897,4939,5540,4282,3445,3637,3677,3615,3137,3363,3346,3227,-24.016,2.49326,8.85684,47.8827
55514,3536,3487,3420,3131,4282,4305,3795,3485,6161,7660,4411,3624,6217,6784,4473,3654,14.1211,-12.0882,8.98721,48.2833
55515,3538,3586,3274,3030,4230,4257,3556,3349,6550,7078,4381,3606,6549,7004,4512,3551,14.906,-13.5216,8.979,48.034
55516,9910,8384,4460,3510,5435,5162,3964,3494,3872,3795,3395,3275,3324,3310,3237,3143,-29.4044,-17.3394,8.80021,47.78
55517,3279,3369,3233,3261,3612,3723,3739,3649,4184,5069,5148,4148,4746,8314,8029,4705,25.5999,-0.520384,8.70636,48.1387
55518,6950,9690,5495,3911,4927,5173,4281,3714,3795,3857,3681,3287,3436,3330,3338,3128,-29.9632,-9.5481,8.58411,47.9953
55519,3092,3343,3303,3269,3517,3620,3998,3782,3716,4630,5877,4822,4027,5871,9453,6073,22.6124,7.23597,8.93232,48.262
55520,3416,3450,3257,3017,4007,3902,3546,3260,6162,5221,3963,3464,9863,7929,4367,3464,24.2725,-18.0041,8.74175,48.192
55521,3291,3880,6083,12548,3394,3805,4693,6128,3174,3402,3811,3926,3145,3234,3346,3321,-31.9309,28.2645,8.79734,47.454
55522,4549,7400,8913,5318,4058,4944,5351,4337,3445,3699,3686,3629,3155,3349,3330,3195,-24.9702,2.1839,8.87063,48.2387
55523,3257,3912,5764,10435,3341,3874,5087,7829,3248,3447,3987,4401,3137,3195,3358,3529,-19.0876,26.5357,8.64469,47.8673
55524,3119,3198,3311,3318,3133,3465,3705,3898,3355,3798,4763,6222,3427,3998,6000,12615,26.3833,32.5195,8.68233,47.55
55525,3235,3542,3611,3802,3370,3865,4721,4882,3568,4400,7272,7259,3460,4057,5466,5627,9.11128,14.771,8.78753,48.0913
55526,3212,3641,4218,5354,3351,3768,5137,9155,3357,3799,4685,7421,3147,3448,4070,4434,-3.04856,26.6428,8.91002,48.1313
55527,3173,3362,3459,3519,3383,3609,4016,4249,3491,4208,6126,6164,3572,4404,7626,7738,18.6625,15.2122,8.61509,48.066
55528,8657,6173,4078,3411,7813,5895,3919,3407,4493,4202,3541,3263,3509,3628,3313,2990,-16.0992,-20.5795,8.89013,48.1947
55529,4114,4142,3726,3515,5226,6549,4350,3597,5438,7048,4568,3616,4379,4327,3746,3521,1.29489,-10.1007,8.72845,47.908
55530,4416,7320,9173,5264,4079,4848,5139,4372,3578,3655,3743,3592,3169,3331,3307,3284,-28.7135,2.84498,8.908,48.18
55531,3211,3325,3394,3287,3602,3672,3727,3659,4087,5196,5500,4361,4706,7790,8086,4738,22.6301,0.591579,8.56989,48.2273
55532,4098,4320,4083,3539,4775,6941,5046,3834,4654,6752,5030,3728,3982,4212,3872,3470,-0.560199,-6.17928,8.94066,48.224
55533,3051,3272,3470,3446,3192,3411,3889,4014,3424,3696,4838,6661,3386,3914,5835,12252,23.9082,29.5343,8.68135,47.834
55534,6381,8350,5129,3796,5255,6631,4531,3702,3908,4108,3646,3313,3374,3494,3369,3160,-18.7454,-9.95784,8.62651,48.098
55535,8044,8797,4842,3667,5496,5640,4071,3570,3998,3934,3541,3267,3266,3448,3253,3119,-23.4084,-13.959,8.61989,47.9687
55536,3235,3492,3688,3610,3467,3882,4660,4358,3536,4516,7737,6499,3597,4313,6107,5498,11.1891,12.0946,8.68451,48.13
55537,3454,3330,3472,3148,3974,3999,3629,3379,5708,5960,4289,3544,7340,8544,4801,3601,20.9256,-13.0014,8.56685,48.1147
55538,3236,3433,3554,3573,3380,3893,4588,4362,3702,4655,7839,6593,3533,4245,6017,5680,11.2867,12.4183,8.82305,48.1887
55539,3445,4131,7734,10388,3488,3906,5116,5707,3187,3558,3873,4073,3089,3255,3306,3386,-33.3966,19.036,8.54973,47.7613
55540,4448,4002,3521,3254,6952,4689,3682,3281,9181,5216,3758,3397,5392,4448,3671,3249,3.48578,-26.3047,8.53442,48.094
55541,4480,6966,8589,5072,3892,5094,5781,4328,3555,3797,3865,3620,3198,3358,3346,3372,-22.0752,2.73199,8.99049,48.2087
55542,3333,3426,3297,3171,3717,3816,3749,3495,4727,5666,4705,3906,5704,9224,6192,4168,23.6719,-5.96644,8.62029,48.1973
55543,4318,4969,4127,3663,5390,7932,5020,3743,4612,5723,4332,3763,3801,4002,3572,3264,-5.04488,-7.97377,8.9493,48.154
55544,3262,3613,4354,5061,3361,3796,5082,8418,3296,3743,4867,7563,3252,3509,4099,4441,-1.55892,32.9653,8.55215,47.8113
55545,3385,3823,5509,9358,3520,3871,5078,8756,3332,3580,4082,4578,3179,3268,3466,3620,-15.5928,29.8702,8.59126,48.27
55546,3148,3396,3668,3735,3286,3737,4667,5087,3518,4134,6816,7902,3437,3994,5363,6167,9.77995,17.2548,8.56847,48.0367
55547,4536,4073,3447,3255,7646,4735,3708,3252,8848,4915,3812,3445,5089,4186,3490,3291,1.89668,-29.8019,8.82794,47.8187
55548,12746,6111,3886,3337,6069,4913,3821,3393,3923,3849,3399,3275,3402,3361,3276,3137,-27.8682,-28.2129,8.89322,47.932
55549,3095,3156,3504,3420,3288,3548,3910,4186,3429,4041,5527,6727,3333,4153,7251,9289,20.1685,18.8055,8.8919,47.9047
55550,3425,3734,4204,4080,3679,4516,6593,5170,3604,4544,7042,5367,3482,3965,4460,4310,1.35466,9.51553,8.65693,48.1167
55551,3660,5212,9735,7572,3581,4279,5331,5097,3341,3445,3819,3818,3131,3283,3410,3310,-31.544,11.4976,8.98696,48.016
55552,3119,3336,3420,3452,3326,3692,3946,4105,3667,4359,6282,6012,3664,4685,7897,7404,18.5396,13.6535,8.72833,48.244
55553,3643,4355,5488,4952,3614,4672,8165,6125,3479,3886,5037,4454,3243,3569,3751,3696,-8.39346,10.7726,8.83454,48.086
55554,3444,3593,3378,3138,3913,4136,3760,3380,5166,7104,5100,3751,5485,7752,5276,3832,16.1499,-7.48623,8.97535,48.1387
55555,3124,3326,3355,3242,3701,3830,3645,3611,4408,5316,4816,4039,5222,9056,7263,4445,25.5811,-3.09177,8.5785,48.266
55556,3118,3329,3380,3226,3356,3689,3782,3501,3889,4593,5243,4435,4209,6953,9615,5532,27.5564,3.92297,8.97734,47.9
55557,4777,4130,3677,3238,7890,5191,3899,3360,8109,5324,3858,3224,4808,4168,3634,3303,0.360039,-23.3576,8.63657,48.3933
55558,6193,4653,3817,3218,9785,5458,3889,3415,5956,4398,3717,3387,3968,3794,3443,3125,-7.60895,-26.4795,8.78309,48.144
55559,3361,3331,3136,3102,3847,3843,3535,3326,5295,5200,4257,3556,8327,9632,4889,3661,27.3485,-13.3843,8.96379,48.1987
55560,3289,3403,3269,3207,3765,3901,3512,3352,5065,5648,4406,3739,6949,9515,5374,3847,25.2978,-10.1821,8.59917,48.1607
55561,3205,3282,3376,3421,3267,3355,3760,3983,3480,3784,4788,6665,3369,3968,6010,12179,24.2056,31.9127,8.90022,47.928
55562,5821,4722,3810,3333,8645,6162,3934,3347,6045,4796,3727,3283,4048,3867,3439,3341,-6.31079,-20.7188,8.65462,48.2133
55563,3324,3230,3280,3101,3956,3849,3410,3208,6067,4630,3806,3337,12776,6288,3921,3437,28.1729,-27.3131,8.84173,47.7467
55564,3360,3897,5573,9907,3400,3878,5107,8151,3283,3568,3997,4383,3022,3220,3478,3512,-17.4901,31.6372,8.57637,47.824
55565,5341,8999,7242,4518,4277,5183,4906,3886,3720,3829,3739,3538,3287,3382,3344,3287,-26.1973,-2.77101,8.77049,48.3187
55566,3316,4016,6562,11595,3359,3765,5101,6652,3164,3517,3817,3958,3129,3265,3491,3394,-24.3827,24.4591,8.54617,48.0673
55567,5903,9737,6585,4102,4484,5231,4492,3810,3635,3794,3611,3483,3262,3295,3253,3221,-30.4164,-5.42854,8.90471,47.932
55568,3367,3434,3595,3443,3700,4239,4385,3857,4313,6449,6881,4484,4179,5512,5838,4567,12.2024,1.13527,8.57526,48.162
55569,3910,3799,3410,3133,5573,4484,3624,3292,9399,5603,3803,3330,6789,4977,3752,3415,9.21313,-24.0156,8.56179,48.1953
55570,3290,3829,4938,7511,3497,3878,5202,9565,3242,3658,4201,5365,3131,3357,3537,3845,-10.9428,28.3828,8.71335,48.0307
55571,3313,3702,4602,5601,3376,3895,5974,9090,3237,3670,4802,6442,3197,3412,3923,4235,-5.38459,21.597,8.879,48.314
55572,3305,3397,3274,3190,3815,4159,3798,3410,5126,6484,4704,3882,5973,8725,5239,3849,19.3541,-8.4123,8.97355,48.22
55573,3403,3314,3173,3076,4136,3939,3559,3152,7289,4836,3828,3431,11314,5925,4008,3405,21.271,-29.3267,8.67858,47.8587
55574,3322,3435,3594,3395,3604,4223,4499,3896,4100,5984,7499,4672,4009,5129,6068,4634,11.598,3.26345,8.98716,48.042
55575,3555,3513,3234,3025,4515,4049,3510,3233,8332,5313,3842,3382,9472,5646,3902,3356,16.8151,-25.5696,8.78322,47.9193
55576,4223,4280,3722,3446,5315,6484,4399,3605,5839,7241,4455,3648,4315,4507,3695,3396,1.56549,-11.3813,8.67754,48.38
55577,5863,9616,6241,3915,4721,5384,4686,3777,3828,3942,3661,3394,3364,3536,3217,3142,-33.8742,-6.36101,8.58108,48.1913
55578,3166,3246,3343,3477,3231,3501,3876,4060,3311,3790,4849,7290,3398,3875,5930,11456,21.1991,30.1043,8.67496,47.866
55579,4223,5519,5396,4160,4468,7121,6691,4311,3952,4592,4364,3759,3413,3571,3536,3416,-10.5731,-1.13037,8.69757,48.328
55580,3304,3929,6684,11884,3442,3818,4962,6014,3213,3449,3864,3923,3249,3141,3377,3430,-32.9059,23.2378,8.75714,47.7887
55581,4166,4028,3610,3207,5585,5597,3997,3316,7033,7115,4133,3448,5023,4873,3877,3298,4.41054,-15.1728,8.72061,48.204
55582,3164,3421,3514,3474,3306,3680,4309,4490,3572,4321,6876,7261,3517,4286,6548,6745,13.9931,15.2161,8.74902,48.3227
55583,3983,5805,9492,6222,3704,4403,5617,4742,3404,3585,3862,3804,3185,3336,3536,3338,-24.0779,7.9143,8.66959,48.012
55584,6144,5659,3979,3437,7493,6987,4221,3461,4805,4710,3737,3330,3809,3658,3368,3137,-10.4784,-16.3127,8.65907,47.9567
55585,9696,5644,3919,3365,8539,5045,3816,3321,4539,3998,3402,3099,3536,3521,3291,3103,-16.5574,-27.5333,8.71691,47.8893
55586,3775,4889,9035,8119,3507,4170,5607,5266,3393,3612,3860,3920,2930,3282,3403,3411,-24.3449,13.4307,8.67901,48.1193
55587,3586,3858,4301,3854,3814,4908,6343,4474,3969,5400,7024,4763,3740,4107,4547,4023,1.19927,4.84356,8.66856,48.474
55588,10758,5720,3873,3373,7660,5064,3906,3437,4169,4030,3396,3298,3464,3456,3182,3031,-19.4837,-32.5654,8.80608,47.878
55589,3078,3351,3654,3748,3393,3593,4326,5236,3398,3860,5300,9675,3340,3769,5015,7547,10.9486,28.3588,8.61526,48.1887
55590,4831,4267,3489,3320,7955,5465,3791,3329,7572,5358,3813,3366,4615,4258,3516,3248,-0.332717,-21.7314,8.83998,48.1287
55591,3396,3475,3247,3161,4059,3855,3420,3287,6925,5097,3805,3368,10774,6589,4170,3498,21.8986,-22.7594,8.59865,48.084
55592,3331,3405,3293,3083,4070,3897,3619,3196,6587,5323,4019,3504,9911,7175,4302,3433,21.5463,-19.1968,8.94215,48.0987
55593,3539,4063,6482,8840,3545,4019,5569,7567,3184,3555,4003,4411,2969,3231,3583,3511,-17.1093,20.2714,8.8865,48.0473
55594,4763,4596,3761,3310,7601,6433,3991,3412,6278,5514,3950,3404,4240,4033,3644,3280,-2.58889,-17.8096,8.81819,48.14
55595,3184,3277,3443,3386,3274,3514,3787,3904,3418,3990,5092,5530,3437,4256,8023,10331,32.9264,17.9022,8.94185,47.8973
55596,6809,8396,4896,3722,5640,6639,4424,3689,4058,4089,3628,3283,3278,3396,3254,3010,-19.2364,-11.5092,8.99611,48.1407
55597,4216,4305,3751,3355,5371,6602,4503,3601,5290,6836,4424,3525,4302,4253,3871,3477,0.224053,-10.6422,8.55287,47.788
55598,3427,3335,3205,3062,4079,3819,3539,3219,6129,4862,3767,3311,12076,6539,4109,3308,28.1847,-25.1006,8.66245,47.8573
55599,3431,3553,3425,3317,3757,4309,4052,3637,4769,7489,5762,4062,4779,6592,5388,4061,13.6027,-4.17673,8.84195,48.2553
55600,3778,3709,3389,3223,5580,4296,3716,3241,9941,5178,3788,3448,7008,4888,3859,3339,9.81146,-30.6472,8.7602,48.254
55601,3409,3832,5273,8986,3354,3827,5301,9295,3124,3537,4044,4626,3161,3259,3381,3558,-14.6575,29.3021,8.991,47.978
55602,4425,7550,9305,5252,3858,4764,5169,4395,3624,3621,3672,3635,3142,3294,3282,3197,-28.1505,2.56137,8.95909,48.1233
55603,6913,9791,5660,3934,4884,5295,4360,3682,3757,3805,3667,3241,3413,3377,3240,3157,-28.7055,-9.50075,8.5618,48.1173
55604,3152,3411,3506,3773,3290,3568,4276,4813,3502,4049,6367,8199,3453,4053,5823,7458,13.3099,19.3087,8.84361,48.462
55605,9799,6602,4127,3411,7160,5402,3922,3370,4233,3921,3531,3220,3507,3446,3337,3076,-19.6706,-20.6524,8.78481,48.0427
55606,3493,3851,5376,6341,3485,4107,6518,8117,3400,3688,4543,5124,3124,3387,3734,3933,-10.0772,18.3468,8.65902,48.1473
55607,4590,7753,8600,4908,4043,4802,5034,4184,3656,3750,3737,3622,3219,3424,3390,3311,-29.6125,1.28949,8.51935,48.0153
55608,3124,3297,3447,3406,3282,3493,3770,3997,3326,3807,4772,5991,3358,3798,6178,12934,32.7298,27.6772,8.91685,47.9867
55609,3660,3588,3386,3230,4973,4250,3475,3226,9286,5379,3864,3254,7785,5356,3871,3347,12.5595,-25.0236,8.63507,47.9533
55610,3582,3462,3286,3052,4195,3904,3577,3166,7341,5233,3934,3248,10129,6354,4144,3428,19.4981,-22.7253,8.90663,48.0233
55611,3101,3196,3496,3492,3279,3542,3833,4061,3410,3941,5005,7251,3363,4134,6218,11054,20.8687,25.2078,8.64157,48.2507
55612,3059,3275,3426,3484,3286,3563,3838,4065,3377,3841,5071,6478,3487,4086,6686,11275,24.277,23.1288,8.52682,48.198
55613,3122,3300,3417,3250,3316,3592,3816,3789,3532,4126,5404,5335,3661,4862,9083,8461,26.8275,13.88,8.53665,48.044
55614,3461,3928,7004,11734,3490,3915,4981,5872,3268,3377,3932,3883,3071,3329,3416,3303,-30.4105,21.974,8.99807,47.976
55615,3272,3263,3356,3255,3617,3842,3776,3449,4279,5363,5193,4179,4832,8174,7680,4632,23.5751,-0.615225,8.90674,48.108
55616,12694,6133,3885,3357,6129,4608,3672,3271,3858,3793,3489,3261,3365,3265,3222,3174,-31.4412,-29.8492,8.9627,47.4507
55617,3807,3933,3823,3438,4268,5640,4913,3792,4772,7361,5741,3937,4302,4746,4344,3735,4.55926,-4.10393,8.60403,48.368
55618,12595,6090,3935,3326,6017,4826,3739,3468,3848,3798,3476,3265,3337,3443,3273,3269,-30.6834,-28.0502,8.57218,47.8033
55619,3218,3391,3637,3558,3322,3751,4511,4325,3764,4652,7919,6163,3714,4456,6313,5603,12.5437,10.8099,8.61302,48.198
55620,9120,8356,4577,3701,5778,5536,4111,3387,3927,3824,3607,3318,3403,3439,3268,3102,-23.5624,-16.0338,8.85247,48.3027
55621,3108,3408,3288,3420,3376,3826,3967,3819,3866,4883,6271,4762,4090,5755,8743,5601,19.6879,6.42283,8.80071,48.122
55622,12235,6459,3949,3381,6662,4875,3807,3439,4036,3706,3469,3174,3312,3449,3162,3039,-24.4588,-24.9086,8.96309,48.1027
55623,4184,6535,9595,5864,3861,4609,5258,4634,3449,3598,3674,3720,3169,3395,3318,3314,-26.8107,5.16272,8.84051,48.118
55624,8801,5410,3882,3411,8708,5286,4015,3398,4612,4109,3504,3309,3530,3499,3215,3107,-15.1238,-33.6389,8.51233,47.864
55625,4600,5790,4932,3900,4999,7937,5902,3970,4021,4704,4202,3521,3597,3522,3550,3313,-10.1142,-4.32199,8.91758,48.3067
55626,4801,8075,7366,4617,4279,5501,5303,4188,3571,3863,3858,3557,3279,3471,3418,3287,-21.9649,-0.840941,8.54655,48.2893
55627,3130,3327,3438,3620,3186,3514,4072,4543,3427,3778,4985,8694,3398,3919,5455,9409,16.1032,29.708,8.65343,47.93
55628,3475,3917,4946,4711,3659,4379,7479,6438,3497,4061,5626,5248,3343,3565,4140,4075,-4.40801,13.3076,8.66274,48.3727
55629,3214,3752,5435,9194,3399,3744,5213,8907,3192,3508,4224,4689,3123,3307,3583,3500,-15.2397,26.7606,8.97082,47.9893
55630,10895,7585,4176,3385,5905,4985,3951,3431,3919,3839,3410,3235,3433,3392,3302,3211,-33.2267,-19.7654,8.73087,48.036
55631,7447,9561,5225,3674,5187,5322,4125,3594,3796,3887,3549,3333,3385,3457,3245,3217,-32.0983,-11.5788,8.6388,48.0027
55632,5837,9033,5977,4102,4888,6027,4724,3779,3779,3859,3738,3432,3324,3378,3349,3243,-21.1884,-6.40311,8.89688,48.3127
55633,3128,3376,3812,3837,3386,3676,4449,6102,3348,3853,5326,9747,3277,3692,4600,6386,7.63036,26.6627,8.91343,47.9967
55634,3048,3322,3312,3450,3188,3409,3786,3950,3291,3834,4777,6231,3397,3943,6230,12631,27.8816,27.0993,8.79323,47.866
55635,3453,3458,3188,3004,4091,3852,3368,3262,6132,5281,4001,3438,10097,7800,4384,3531,24.172,-18.4625,8.68633,48.2267
55636,3673,4083,4593,4087,3826,5255,7421,4806,3876,5026,6124,4548,3512,3835,4097,3804,-2.53231,4.94272,8.97071,48.3773
55637,3949,3941,3695,3427,4688,6120,4559,3723,5021,7636,5067,3819,4319,4531,4102,3627,3.34524,-7.31536,8.62457,48.1493
55638,12155,6787,3986,3450,6035,4804,3700,3352,3954,3738,3370,3225,3409,3458,3251,3147,-30.3975,-23.6862,8.7744,47.8807
55639,5336,6554,4694,3758,5676,7793,4817,3598,4175,4482,3908,3482,3589,3732,3379,3358,-12.2493,-9.39961,8.90095,48.2207
55640,3357,3499,3241,3140,3808,3824,3646,3300,5340,5844,4408,3670,7156,9227,5083,3858,22.7992,-11.0435,8.50618,48.2673
55641,3284,3291,3311,3220,3554,3814,3801,3550,4167,5335,5146,4050,5024,8484,7487,4566,23.5795,-1.60066,8.96205,48.056
55642,3995,4853,4729,3904,4420,7037,6787,4246,4032,5096,5075,3871,3583,3761,3766,3476,-6.12437,-0.564975,8.97263,48.4207
55643,3279,3405,3275,3109,3824,3843,3504,3415,5330,5158,4078,3459,9089,8925,4682,3596,30.9307,-15.4216,8.55776,47.9807
55644,3103,3176,3484,3349,3264,3471,3803,4238,3420,3871,5022,6599,3375,3926,6270,11540,23.2023,24.751,8.87343,47.9407
55645,3356,4006,6820,11749,3435,3891,4899,6242,3231,3435,3733,3955,3083,3166,3379,3452,-25.0433,23.1453,8.80682,47.888
55646,3143,3318,3429,3451,3461,3738,4172,4097,3665,4513,6736,5610,3828,4940,7682,6242,17.0297,10.4694,8.78886,48.0167
55647,3170,3479,3706,3586,3467,4077,4551,4335,3641,4674,7866,5888,3720,4440,6375,5433,11.239,10.4549,8.55937,48.272
55648,3655,3642,3360,3023,4954,4298,3593,3185,8704,5806,3964,3407,7800,5762,4022,3365,13.3807,-21.629,8.75216,48.36
55649,5634,5305,4004,3420,7464,7233,4233,3504,5151,4920,3844,3449,3816,3824,3388,3166,-7.88493,-15.5452,8.83933,48.2367
55650,3170,3270,3382,3294,3280,3335,3766,3928,3408,3766,4674,6086,3437,3941,6056,12556,28.6659,30.144,8.52984,47.566
55651,12512,6088,3921,3356,6107,4822,3792,3424,3863,3895,3401,3237,3350,3362,3275,3165,-27.6509,-30.9611,8.72074,47.7133
55652,3405,3546,3697,3518,3838,4540,4478,3807,4340,7013,6794,4446,4287,5509,5237,4092,10.4258,-0.587743,8.55497,48.3647
55653,9040,5426,3764,3440,8919,5298,3898,3281,4782,4138,3497,3309,3544,3484,3217,3192,-15.1106,-27.5152,8.95424,48.1527
55654,3184,3563,3942,4356,3380,3885,5334,6407,3434,4009,6148,7958,3309,3819,4529,5089,3.1744,19.0646,8.83964,48.2307
55655,3420,3373,3206,3159,3915,3794,3455,3273,6200,4714,3708,3350,12362,6397,3895,3336,27.2842,-25.4011,8.97372,47.7047
55656,4085,6570,9622,5723,3751,4591,5237,4567,3437,3593,4027,3700,3218,3276,3349,3314,-31.5397,5.47351,8.74208,48.04
55657,4800,7501,8559,5031,4139,4955,5371,4333,3394,3686,3863,3553,3300,3318,3275,3277,-24.5513,1.82131,8.813,48.2367
55658,3591,4525,7184,6685,3571,4313,6812,6516,3438,3614,4212,4272,3192,3323,3591,3548,-15.5749,13.8949,8.64219,48.258
55659,3406,3391,3335,3103,4035,3940,3653,3307,5473,5900,4149,3499,7776,8689,4850,3665,22.1205,-13.6444,8.6038,48.114
55660,12188,6677,4028,3289,5915,4837,3888,3388,3962,3774,3342,3191,3438,3464,3288,3121,-30.0272,-24.2733,8.76345,47.86
55661,3420,3862,5097,5421,3500,4201,7185,7576,3433,3811,5133,5465,3245,3475,3954,3945,-6.46767,16.1159,8.96459,48.482
55662,12406,6024,4036,3449,6219,4888,3828,3317,3881,3661,3559,3237,3398,3434,3324,3128,-27.3347,-31.2997,8.56767,47.8593
55663,9257,6142,4024,3419,7694,5508,3928,3444,4471,4062,3568,3203,3551,3450,3224,3020,-17.3913,-22.1471,8.75617,47.9767
55664,3075,3361,3571,3660,3307,3706,4358,4643,3454,4274,7005,7454,3566,4170,6178,6534,12.4294,16.0864,8.81756,48.2107
55665,8190,6393,4054,3471,7401,6019,3948,3386,4433,4316,3516,3340,3448,3488,3321,3115,-16.5534,-19.0201,8.52402,47.8927
55666,3261,3578,4341,5113,3419,3787,5231,8924,3442,3730,4751,7435,3248,3495,3992,4514,-2.41271,27.4504,8.54618,48.174
55667,6781,4678,3683,3412,10000,5111,3759,3342,5768,4414,3533,3274,3810,3715,3369,3280,-8.90619,-29.6413,8.75212,47.9527
55668,11027,5806,3932,3459,7461,4956,3770,3428,4190,3938,3487,3189,3442,3395,3180,3143,-20.0459,-28.4968,8.83119,47.8687
55669,11820,6647,4177,3415,6279,5061,3714,3367,3942,3745,3399,3163,3418,3446,3203,3122,-25.7942,-23.5452,8.79608,47.9453
55670,5443,4683,3652,3355,9118,5712,3867,3352,6287,4903,3683,3347,4116,3882,3506,3203,-5.13096,-22.2937,8.75706,48.0727
55671,8703,9147,4759,3622,5247,5247,3991,3480,3818,3845,3549,3260,3289,3430,3381,3081,-30.6282,-14.4482,8.95833,47.8993
55672,3568,3538,3238,3095,4721,4153,3585,3195,8635,5720,4022,3427,8363,5647,3921,3348,14.4204,-23.089,8.56808,48.1173
55673,4280,4581,3800,3454,5830,7122,4482,3529,5460,6237,4241,3474,4217,4285,3726,3478,-1.77739,-11.8411,8.56217,48.1307
55674,3473,4171,7387,10749,3296,3992,5071,5952,3193,3512,3924,3921,3135,3163,3351,3334,-26.9379,20.6096,8.53997,47.7493
55675,3264,3603,3979,4225,3447,4017,5583,6037,3418,4019,6699,7525,3386,3730,4622,5058,3.42812,16.8794,8.9269,48.408
55676,3192,3279,3498,3493,3286,3706,4164,4275,3550,4102,6137,7040,3387,4203,6774,7873,16.4164,17.1933,8.85015,47.9727
55677,3108,3294,3722,3891,3300,3688,4618,5604,3356,3988,6124,9191,3394,3749,5093,6332,8.58252,21.136,8.95697,48.3013
55678,3630,4597,8698,9352,3482,4069,5210,5810,3233,3418,3754,4007,3168,3185,3409,3395,-25.0066,15.9378,8.78301,48.278
55679,3638,4038,4531,4039,3766,5240,7158,5025,3647,4890,6514,4695,3455,3776,4201,3906,-1.79968,5.89045,8.85537,48.346
55680,3183,3209,3589,3539,3291,3534,4117,4409,3375,3792,5134,7891,3488,3952,5598,9595,16.9695,33.7841,8.54361,47.7973
55681,3323,3605,4113,4732,3314,3810,5410,7796,3326,3798,5335,7861,3255,3572,4279,4655,-0.00860393,22.3217,8.73996,48.1227
55682,3195,3446,4178,4817,3258,3755,5010,8475,3360,3752,5026,8241,3180,3652,4222,4789,0.126148,27.2811,8.83464,48.2373
55683,3385,3354,3188,3125,3742,3852,3637,3295,4822,5503,4474,3619,6594,9822,5769,3987,25.6677,-8.33826,8.87742,48.112
55684,3197,3338,3864,4063,3316,3737,4444,6057,3357,3912,5276,9793,3223,3689,4682,6044,6.75878,33.7946,8.66603,47.9947
55685,3151,3282,3309,3385,3284,3398,3754,3879,3352,3843,4725,6256,3442,3919,5978,12324,27.6115,32.6965,8.56105,47.5207
55686,5867,9348,6449,4024,4686,5414,4553,3807,3785,3742,3680,3389,3376,3436,3239,3144,-24.9771,-5.93158,8.54557,47.9593
55687,3621,4073,4400,4058,3981,5365,7055,4738,3884,4980,6309,4457,3674,3857,4115,3919,-1.24448,4.59043,8.89093,48.324
55688,5193,4512,3677,3329,7957,6197,4000,3563,6475,5191,3771,3357,4254,4067,3432,3210,-3.38738,-19.147,8.59233,48.1233
55689,3867,5322,8291,6017,3726,4782,6785,5074,3505,3761,4081,3740,3117,3401,3388,3425,-18.4677,8.1344,8.94464,48.188
55690,3244,3266,3419,3313,3162,3587,3839,3877,3426,3716,4803,6008,3372,4047,7033,11509,32.9359,21.7957,8.66441,47.7473
55691,3215,3815,4782,6754,3441,3822,5496,9892,3240,3599,4486,5679,3171,3356,3756,3843,-8.9591,26.5735,8.85492,48.2313
55692,3331,3384,3289,3151,3744,3765,3516,3420,4772,5526,4392,3736,6668,9795,5642,3851,25.6093,-8.94163,8.89262,47.988
55693,3405,4083,6423,9501,3371,3845,5466,7515,3247,3492,4103,4406,3088,3302,3494,3569,-18.4777,21.8702,8.67618,48.2067
55694,3906,5113,6061,4760,3943,6047,7630,4705,3576,4209,4494,3999,3298,3578,3549,3441,-11.5307,3.47244,8.96663,48.206
55695,3456,3448,3279,3073,4289,3974,3524,3251,7382,5438,4019,3385,9512,6301,4175,3423,18.3654,-21.105,8.5338,47.9527
55696,3281,3403,3359,3315,3572,3761,4077,3777,3971,5204,6499,4629,4172,6086,8200,5310,18.5242,4.39243,8.92939,48.4107
55697,3086,3301,3357,3316,3380,3602,3915,3721,3625,4165,5310,4870,3844,5388,9844,7190,28.393,10.2797,8.78747,47.9427
55698,3540,4426,6971,6306,3558,4382,7059,6547,3496,3766,4122,4285,3165,3292,3539,3623,-14.9377,13.2105,8.87941,48.0513
55699,3366,3702,4312,5249,3233,3750,5010,9292,3334,3663,4835,7117,3238,3493,4018,4257,-3.00663,33.5402,8.85049,47.9127
55700,3378,3620,4260,5031,3501,3876,5121,9083,3283,3770,4865,7291,3254,3533,3981,4262,-2.59535,33.9345,8.70569,48.0727
55701,3911,3766,3402,3201,5754,4381,3577,3426,10043,5123,3857,3357,6481,4792,3735,3203,7.89735,-31.5698,8.93776,48.006
55702,4771,4906,3879,3448,6458,7474,4555,3503,5323,5681,4097,3499,4065,4021,3507,3303,-4.34508,-12.6616,8.87393,48.3267
55703,9617,6121,3945,3450,7808,5389,3854,3543,4372,4012,3475,3287,3549,3472,3311,3120,-18.113,-23.1445,8.58245,48.2167
55704,11057,7558,4259,3397,5862,5056,3891,3317,3895,3913,3383,3172,3298,3459,3286,3157,-26.7063,-19.9986,8.9904,47.9733
55705,3703,4879,9042,8209,3589,4057,5422,5555,3347,3516,3849,3861,3147,3232,3356,3345,-24.7751,13.831,8.72205,48.0727
55706,7111,5461,3908,3430,8562,6132,4033,3478,4897,4380,3559,3345,3642,3561,3399,3190,-11.7342,-20.438,8.76051,48.0587
55707,4195,3958,3522,3164,6073,5114,3849,3333,8307,6328,3990,3441,5436,4873,3668,3339,5.23607,-19.0867,8.57382,48.3933
55708,3215,3360,3479,3372,3459,3653,3981,3953,3746,4450,6359,5110,3841,5306,8872,6472,20.1698,9.36346,8.87301,48.4187
55709,3776,5139,8812,6849,3562,4426,6263,5237,3408,3803,4018,3931,3138,3181,3407,3358,-20.3072,10.4155,8.74885,48.2053
55710,3305,3562,3832,3727,3418,3815,4877,4750,3544,4367,7675,6874,3458,4123,5582,5386,8.86187,13.5958,8.67287,48.1967
55711,3109,3318,3635,3824,3235,3515,4367,5425,3449,3836,5295,9744,3422,3690,4931,7292,10.2527,29.4574,8.70798,48.058
55712,4381,6691,8172,4955,4124,5380,5986,4487,3510,3821,4013,3686,3150,3369,3459,3296,-20.1768,2.73957,8.78267,48.32
55713,3651,4235,5118,4549,3676,4906,7803,5649,3576,4231,5564,4557,3330,3585,3965,3869,-5.59341,9.10752,8.55552,48.176
55714,3348,3339,3314,3197,3976,3916,3530,3393,6096,5531,4102,3399,9450,7829,4358,3516,22.0796,-17.6279,8.67072,48.196
55715,4033,6122,9170,5754,3848,4720,5799,4568,3512,3735,3915,3658,3166,3370,3288,3346,-22.6228,6.12374,8.67177,48.0027
55716,3354,3815,4836,5562,3482,4127,6445,8415,3433,3687,5010,5899,3175,3439,3837,4035,-5.70461,19.1399,8.67435,48.3673
55717,3799,3575,3295,3061,5176,4312,3608,3172,9665,5337,3653,3310,7881,5050,3739,3305,11.8766,-27.0117,8.82742,47.9587
55718,3619,3667,3327,3122,5284,4359,3618,3250,9539,5169,3893,3374,7183,4919,3844,3312,10.9223,-32.5953,8.62053,47.6527
55719,3198,3663,4192,4743,3353,3811,4972,8294,3375,3736,4874,8180,3172,3519,4234,4808,-0.0479233,30.6167,8.64557,48.0827
55720,6234,5803,4091,3422,7296,7147,4324,3545,4782,4641,3749,3332,3737,3555,3374,3147,-11.1278,-15.7454,8.70059,48.1193
55721,3650,4859,8100,7312,3650,4269,6207,5693,3317,3613,3998,3950,3157,3236,3568,3406,-19.7353,12.6607,8.58674,47.99
55722,3350,3351,3316,3117,3893,3953,3605,3270,5541,5360,3932,3526,9350,8482,4505,3423,33.5661,-16.3887,8.79458,47.9827
55723,3919,5091,6198,4656,3992,5843,7860,4869,3558,4039,4659,3959,3353,3473,3640,3479,-11.606,4.34406,8.88224,48.392
55724,3435,3911,5051,5052,3514,4424,7565,6768,3395,3933,5377,5050,3316,3570,3958,3923,-6.21148,13.6521,8.55545,48.1613
55725,4077,3717,3349,3145,5890,4614,3733,3257,9497,5659,3882,3346,6332,4919,3736,3303,7.66124,-24.5614,8.64041,48.304
55726,3149,3369,3714,3933,3335,3814,4671,5440,3361,3907,6500,8409,3363,3882,5164,6039,8.08191,19.0602,8.61209,48.0333
55727,3242,3376,3317,3287,3537,3652,3769,3635,3785,4570,5310,4668,4143,6481,10000,5907,27.6362,6.11878,8.8513,48.4527
55728,7298,5879,4040,3337,8214,6109,4113,3497,4772,4415,3735,3371,3658,3501,3367,3190,-12.9159,-19.3861,8.72259,48.3307
55729,3057,3284,3476,3528,3277,3516,3991,4247,3491,4071,5588,6563,3452,4360,7249,9160,20.6,18.5435,8.60517,48.2067
55730,5664,9304,6524,4242,4660,5593,4684,3920,3670,3811,3717,3467,3315,3508,3298,3169,-24.5107,-5.25369,8.79947,48.364
55731,3270,3947,6280,12603,3476,3742,4882,5853,3088,3460,3703,4067,3144,3179,3394,3347,-32.091,25.5954,8.96971,47.6233
55732,3172,3374,3581,3506,3503,3859,4202,4063,3811,4816,7209,5309,3820,5110,7564,5496,15.691,8.23309,8.79223,48.2633
55733,6068,4790,3748,3380,9348,5822,3922,3374,5869,4719,3672,3248,3936,3790,3376,3127,-6.8487,-22.5283,8.99167,48.126
55734,3333,3468,4062,4504,3329,3649,4695,7571,3331,3913,5116,8942,3211,3640,4350,5127,2.32453,32.0176,8.56109,48.1607
55735,4687,4127,3418,3312,7985,4985,3859,3297,8604,4947,3773,3386,4944,4217,3606,3325,0.58623,-29.5195,8.61156,48.3147
55736,5680,4586,3742,3293,8971,5739,3914,3401,6444,4757,3695,3407,4179,3886,3354,3116,-5.18453,-23.3898,8.5943,48.1093
55737,3610,3830,4558,4304,3700,4714,7176,5291,3616,4621,6773,5026,3445,3763,4285,4076,-0.975886,8.79584,8.77423,48.5253
55738,4301,4292,3849,3468,5261,6953,4562,3604,5281,6670,4623,3622,4086,4325,3865,3365,-0.466966,-9.745,8.58322,48.0847
55739,6203,4826,3785,3184,9573,5717,3847,3425,5898,4563,3739,3254,4002,3698,3317,3158,-7.75839,-23.7715,8.79562,48.126
55740,3424,3391,3302,3034,3899,3717,3609,3279,5551,5247,3967,3427,9702,8234,4441,3419,29.246,-17.1453,8.59535,47.762
55741,3181,3385,3598,3835,3300,3661,4388,5561,3344,3940,5605,9631,3324,3807,5005,6820,9.27133,24.418,8.81914,48.2567
55742,3242,3242,3338,3261,3383,3687,3859,3708,3995,4856,5396,4381,4520,7224,9134,5266,25.6855,3.08448,8.78075,48.328
55743,7499,5907,3979,3409,8084,6281,4075,3547,4676,4293,3635,3245,3676,3649,3367,3136,-13.5226,-19.0449,8.84009,48.3053
55744,3168,3331,3817,3840,3281,3630,4360,5637,3350,3866,5500,9853,3203,3713,4829,6880,9.28312,27.2381,8.72171,48.172
55745,3192,3494,3968,4275,3452,3910,5247,6468,3380,4096,6092,7940,3217,3676,4466,5280,3.38652,19.346,8.67684,48.102
55746,3434,3774,4718,6312,3415,3777,5599,9423,3289,3595,4417,5966,3129,3467,3854,3898,-7.72254,24.154,8.68204,48.0447
55747,3434,3345,3125,3078,3779,3723,3496,3170,6088,4796,3801,3472,12676,6112,3896,3385,28.0728,-33.1087,8.84553,47.584
55748,3807,4812,6335,5020,3854,5286,7964,5200,3598,4040,4624,4005,3245,3311,3595,3584,-11.5981,6.94948,8.85615,48.1867
55749,3558,4105,6018,6497,3475,4208,6864,7390,3253,3767,4535,4702,3173,3372,3545,3557,-11.7269,16.2337,8.924,48.0127
55750,7357,9892,5386,3682,4971,5384,4350,3548,3745,3809,3573,3340,3353,3339,3245,3202,-29.3137,-10.7439,8.74881,48.1173
55751,12596,6009,3903,3426,6206,4669,3809,3417,4017,3798,3422,3193,3362,3348,3188,3112,-26.0993,-29.7477,8.78744,47.65
55752,12002,6442,4069,3495,6366,4772,3801,3358,3952,3887,3384,3268,3381,3492,3298,3034,-25.7448,-24.9519,8.60772,48.0007
55753,3431,3366,3273,3064,3970,3859,3464,3268,6233,5431,4061,3385,9812,7615,4190,3401,22.4004,-18.5127,8.7776,47.882
55754,4785,7903,8493,4793,4206,5007,5024,4277,3521,3630,3868,3527,3191,3317,3415,3159,-26.28,0.988528,8.72096,48.0773
55755,3653,4197,5025,4438,3875,5269,7999,5192,3635,4477,5546,4441,3387,3652,3742,3822,-5.63351,6.84057,8.89596,48.2333
55756,3384,4008,6575,9292,3473,4094,5440,7484,3272,3619,3999,4269,3150,3361,3583,3397,-18.0927,20.9227,8.70039,48.2667
55757,3649,4236,5012,4307,3956,5481,7792,4845,3796,4644,5701,4363,3476,3725,3876,3642,-4.66748,5.56701,8.72422,48.334
55758,3543,4518,8695,9128,3546,4164,5111,5630,3280,3626,3755,3965,3073,3099,3390,3396,-28.2147,15.6046,8.55386,47.946
55759,8900,5347,3977,3375,8906,5236,3762,3411,4551,3972,3615,3258,3548,3403,3360,3156,-15.0341,-33.6538,8.73296,47.8513
55760,3303,3669,4297,4669,3472,4047,5906,7472,3482,4044,5804,6915,3218,3583,4245,4568,-0.587254,18.9443,8.63057,48.4627
55761,11298,7204,4275,3464,5793,4880,3902,3308,3997,3807,3598,3128,3420,3410,3233,3082,-29.9244,-20.9731,8.60893,47.866
55762,5269,8620,6737,4273,4414,5854,5032,4130,3600,3832,3699,3511,3282,3363,3376,3150,-21.8468,-3.08805,8.70137,48.0947
55763,3092,3233,3415,3444,3166,3509,3982,4095,3445,3940,4890,6928,3301,3849,6030,11498,21.9526,28.2862,8.60717,47.878
55764,3555,4430,7484,8411,3611,4053,5918,6399,3257,3482,4045,4120,2969,3402,3459,3436,-19.3147,16.4628,8.9266,48.0207
55765,3718,4460,4920,4231,3942,6070,7657,4722,3793,4735,5480,4145,3459,3739,3887,3628,-5.36144,3.33674,8.89693,48.3907
55766,3255,3537,4417,5127,3375,3769,5132,9183,3340,3619,4826,7398,3212,3435,4052,4505,-2.61639,30.1891,8.81612,48.1213
55767,3687,4985,9660,7675,3637,4221,5184,5111,3244,3522,3852,3716,3099,3268,3473,3379,-33.633,11.6684,8.84763,47.8087
55768,4018,4788,4957,4095,4303,6926,6841,4317,4031,4955,4674,3890,3561,3720,3647,3529,-7.27726,-0.582616,8.67761,48.168
55769,12443,5995,3889,3330,6063,4770,3734,3439,3857,3762,3380,3206,3353,3353,3279,3142,-33.5918,-28.9943,8.70249,47.33
55770,3249,3511,4117,4642,3311,3601,4940,8366,3322,3855,4921,8393,3138,3533,4109,4845,0.0402069,29.9641,8.86256,47.902
55771,4331,7064,9167,5281,3877,4696,5539,4455,3489,3715,3783,3660,3143,3372,3407,3289,-24.7364,3.56233,8.65787,48.1787
55772,3954,3796,3462,3224,5743,4907,3847,3423,8175,6585,4011,3423,5524,5028,3776,3455,6.4762,-18.7191,8.50811,48.222
55773,6769,5369,3980,3295,8692,6119,4093,3352,5229,4428,3705,3304,3836,3656,3340,3261,-10.6849,-20.2111,8.92609,48.2853
55774,4634,4394,3746,3343,6686,6279,4035,3513,6585,5882,4091,3454,4528,4377,3778,3338,-0.372695,-16.9292,8.54534,48.442
55775,4415,7135,8929,5190,3965,4913,5420,4333,3608,3698,3849,3721,3159,3355,3280,3301,-24.149,3.1162,8.82763,48.1807
55776,4438,6687,7137,4578,4297,5877,6234,4423,3665,3829,4112,3618,3335,3401,3445,3306,-17.406,0.800005,8.78145,48.2547
55777,4899,4327,3521,3205,8541,5058,3848,3376,7934,4882,3734,3277,4628,4017,3508,3291,-1.00765,-32.1479,8.579,48.0307
55778,3937,4262,4007,3625,4478,6533,5032,3927,4484,6887,5541,3773,3912,4465,4087,3597,0.553358,-4.33878,8.8743,48.3647
55779,3354,3365,3431,3465,3581,3992,4312,3846,4035,5430,6783,4694,4066,5606,7427,5033,15.8775,4.23003,8.76792,48.28
55780,3953,3866,3525,3161,6172,4559,3536,3177,9735,5284,3859,3331,6419,4717,3644,3304,7.70221,-28.6696,8.56595,48.1613
55781,3293,3567,3443,3331,3726,4296,4264,3833,4184,6244,6980,4509,4207,5709,6306,4615,13.573,1.95975,8.9324,48.338
55782,3470,4392,8161,10245,3445,3971,5083,5779,3208,3458,3775,3891,3131,3291,3505,3396,-28.3774,17.9712,8.77838,48.134
55783,3296,3611,4302,5095,3387,3739,5127,8789,3452,3633,4855,7560,3251,3410,3986,4583,-1.994,27.0336,8.80894,48.0507
55784,3163,3314,3382,3351,3403,3572,3944,3610,3954,4716,4899,4246,4455,7294,9393,5429,30.7068,3.30808,8.83116,48.0833
55785,3135,3220,3488,3364,3243,3610,3793,3904,3460,3905,5101,5609,3429,4379,8105,10127,31.1222,17.9494,8.78346,47.9147
55786,3516,4086,6550,11461,3384,3806,5014,6460,3211,3521,3854,4088,3008,3273,3395,3469,-24.6712,23.8154,8.59666,48.064
55787,3366,3644,4366,4492,3412,4098,6171,6286,3457,4127,6339,6661,3293,3802,4350,4624,0.481119,15.7821,8.77844,48.3253
55788,3959,3969,3561,3277,5293,5292,3811,3351,7245,7429,4276,3557,5001,4933,4006,3348,6.01291,-14.7782,8.75663,48.2053
55789,3550,3473,3518,3296,4039,4630,4293,3607,4773,7654,6083,4091,4533,5924,5075,3869,10.8608,-3.28279,8.97391,48.272
55790,3469,3401,3317,3061,3935,3848,3461,3215,6305,4989,3854,3386,11218,6905,4199,3423,24.6393,-22.0397,8.62645,47.9907
55791,4217,4700,4200,3506,5070,7672,5388,3961,4557,6038,4643,3700,3840,4112,3786,3383,-3.56613,-5.93198,8.75754,48.5153
55792,3412,4120,6345,7531,3422,4243,6286,7380,3338,3614,4291,4462,3211,3250,3465,3564,-14.9688,17.9102,8.93489,47.956
55793,7643,6502,4253,3468,7241,6200,4049,3498,4451,4234,3529,3247,3488,3563,3490,3119,-15.4673,-17.9731,8.73559,47.9833
55794,3256,3769,4654,5744,3402,3837,5778,9142,3301,3652,4745,6365,3145,3523,3912,4067,-5.71055,22.6067,8.53354,48.1947
55795,3112,3175,3453,3427,3160,3443,3859,3919,3493,3720,4862,6066,3356,3977,6407,12518,29.6373,26.1239,8.70495,47.9647
55796,10184,5718,3879,3333,8224,5122,3796,3379,4351,3989,3534,3259,3508,3406,3228,3270,-18.0865,-31.8247,8.8909,48.12
55797,3592,3852,3784,3432,4083,5167,4926,3867,4428,6826,6776,4320,4039,4775,4634,3870,5.80382,-0.305764,8.58167,48.2473
55798,3526,4025,4671,4221,3694,4882,7490,5326,3527,4483,6471,4839,3536,3774,4207,3917,-2.29434,8.36458,8.76683,48.3927
55799,5196,4368,3616,3338,9006,5163,3776,3401,7388,4579,3716,3340,4392,4031,3456,3293,-2.33495,-30.3744,8.94284,48.0393
55800,11745,5891,3851,3459,7168,4874,3748,3393,4072,3916,3431,3209,3372,3386,3247,3122,-21.9838,-29.4533,8.97012,47.9227
55801,3593,4383,8497,9382,3458,4096,5162,5492,3225,3562,3875,4001,3093,3286,3298,3405,-32.3384,16.1732,8.91105,47.872
55802,3316,3288,3211,3202,3786,3706,3438,3162,6158,4689,3772,3280,12535,6592,3966,3357,29.4736,-25.2779,8.99017,47.6387
55803,5839,4512,3806,3354,9614,5175,3812,3315,6082,4529,3755,3310,4108,3735,3468,3194,-6.15281,-33.514,8.52245,47.7387
55804,3192,3321,3532,3380,3344,3708,3912,3914,3691,4368,6206,5704,3685,4870,8329,7103,19.5978,12.4971,8.65203,48.1727
55805,4953,5375,4106,3666,5986,8035,4674,3698,4576,5140,4146,3517,3810,3876,3564,3303,-7.43428,-10.6378,8.72566,48.2833
55806,3483,3664,3957,3807,3738,4635,6086,4597,3753,5360,7691,5073,3525,4190,4567,4308,3.31425,6.33105,8.62103,48.2893
55807,3389,3363,3290,3173,3659,3798,3641,3552,4755,5304,4538,3627,6636,9763,5847,3973,31.0093,-8.20074,8.56072,48.2053
55808,3447,3404,3260,3201,3826,3954,3603,3300,5125,5931,4399,3646,6845,9335,5337,3885,22.4831,-9.9855,8.99628,48.332
55809,5471,9346,7005,4231,4468,5053,4562,3795,3731,3790,3669,3385,3281,3455,3281,3264,-31.6651,-4.01076,8.6567,47.858
55810,3464,3489,3256,3239,3960,3729,3384,3227,5901,4597,3748,3393,12671,5798,3888,3320,33.7186,-32.0282,8.96962,47.376
55811,3250,3662,4234,4993,3310,3771,5036,8767,3365,3755,4892,7702,3217,3537,4133,4521,-1.58358,29.0081,8.69638,48.0967
55812,3072,3417,3918,4158,3289,3613,4543,6590,3325,3813,5402,9535,3245,3637,4613,5687,5.16994,26.0821,8.74466,47.9047
55813,3835,5695,9887,6581,3647,4376,5267,4868,3349,3668,3924,3761,3230,3205,3343,3315,-33.9009,8.42492,8.88129,47.9673
55814,3559,3540,3322,3104,4579,4349,3646,3311,7941,6209,4011,3485,7471,5825,4055,3424,13.7727,-18.8136,8.72805,47.8873
55815,3653,4270,5272,4746,3648,4875,7924,5628,3448,4129,5457,4631,3314,3662,3878,3903,-6.3165,9.61542,8.58668,48.292
55816,3303,3453,3262,3253,3690,3890,3720,3423,4625,5572,4558,3836,6036,9360,6209,4020,24.6908,-6.29945,8.50238,48.14
55817,3249,3232,3339,3282,3387,3711,3812,3689,3909,4841,5117,4326,4447,7263,9068,5206,33.5732,2.68257,8.64695,47.9187
55818,3401,3978,5935,12298,3425,3744,4925,6243,3326,3487,3624,3893,3184,3229,3415,3334,-26.1566,32.6533,8.65219,47.6273
55819,3078,3265,3372,3292,3368,3568,3799,3766,3686,4436,5387,4666,3939,6228,10052,6198,27.026,7.37361,8.8259,48.0667
55820,3327,3453,3309,3087,3875,4001,3620,3375,5317,6434,4699,3754,6241,8788,5437,3847,20.0119,-8.8431,8.71047,48.376
55821,3171,3208,3452,3356,3351,3633,3924,3777,3754,4466,5664,5107,3993,5579,9601,6548,23.2937,9.12049,8.7394,48.3893
55822,3471,3458,3230,3039,4006,3962,3461,3210,6458,5259,3822,3414,10300,7347,4259,3399,22.7145,-19.651,8.75668,48.0633
55823,5746,9693,6522,4175,4461,5351,4625,3857,3743,3783,3654,3393,3299,3426,3345,3161,-27.9018,-5.24641,8.68364,48.156
55824,3308,3994,5406,8738,3465,3727,5156,8988,3323,3535,4076,4706,3173,3297,3480,3687,-14.664,29.7572,8.61434,48.0393
55825,3236,3763,4655,5968,3327,3954,5131,9843,3199,3687,4546,6320,3215,3590,3786,4163,-6.4729,29.4462,8.82293,48.2553
55826,3102,3364,3553,3525,3304,3612,3971,4279,3400,3927,5806,7180,3390,4245,6629,8768,17.6516,19.5304,8.79271,48.0367
55827,3138,3315,3353,3463,3119,3406,3769,3983,3474,3909,4872,5860,3501,4037,7109,11641,30.494,21.735,8.54111,47.966
55828,3363,3458,3280,3100,3927,3702,3480,3214,6107,4973,3788,3288,11756,6909,4175,3453,26.6052,-22.573,8.76563,47.982
55829,5932,5772,4086,3518,7258,7457,4330,3492,4834,4604,3800,3359,3699,3526,3338,3196,-10.088,-14.9225,8.7317,48.134
55830,3305,3344,3363,3209,3762,3758,3727,3454,4531,5228,4551,3811,5948,9804,6197,4075,30.9584,-6.08691,8.80998,48.0447
55831,3570,3887,4069,3691,3885,5254,5972,4277,3937,5718,6843,4567,3720,4235,4449,4020,2.16479,2.99108,8.61152,48.0627
55832,3287,3457,3236,3213,3786,3777,3657,3490,4552,5169,4634,3822,5695,9610,6753,4117,29.5241,-4.83686,8.6261,48.17
55833,3923,5682,9596,6438,3767,4396,5647,4857,3393,3636,3859,3689,3183,3333,3399,3324,-25.2985,8.6904,8.5375,48.0813
55834,3432,3326,3123,3093,3838,3779,3341,3263,6284,4841,3718,3451,12202,6274,3881,3446,25.7447,-25.7181,8.69809,47.528
55835,5109,8021,6815,4314,4415,5986,5302,4028,3612,3948,3805,3415,3362,3345,3300,3274,-20.3973,-2.57608,8.63208,48.034
55836,3457,3966,5798,8866,3422,3912,5514,8377,3268,3604,4133,4697,3177,3299,3536,3705,-15.5126,22.7716,8.58034,48.4873
55837,3537,3256,3167,3048,3968,3780,3363,3215,6183,4765,3738,3348,12331,6465,4041,3356,28.629,-25.1066,8.70837,47.7073
55838,3106,3238,3400,3377,3250,3605,3964,3763,3652,4432,6286,5269,3852,5152,8934,6725,20.7566,10.7511,8.75287,48.0033
55839,3146,3115,3475,3393,3231,3352,3806,4027,3313,3836,4893,6035,3526,3965,6907,11654,28.9935,23.014,8.62653,47.7827
55840,3735,4048,4432,4048,4017,5721,6950,4641,3914,5050,6285,4387,3464,3826,4088,3791,-1.88589,3.65929,8.97413,48.2647
55841,3192,3280,3672,3906,3242,3455,4310,5654,3338,3881,5446,9906,3301,3728,4889,6870,9.38762,26.5211,8.77857,48.0467
55842,3369,3409,3346,3273,3779,3869,3578,3411,4778,5333,4323,3790,6442,10009,5850,3933,33.6767,-8.18093,8.87295,48.328
55843,4527,4057,3535,3211,7592,4733,3664,3385,8794,5057,3822,3266,5101,4368,3714,3269,2.22325,-32.2028,8.73158,48.0633
55844,3525,3442,3247,3046,4583,4106,3441,3172,8599,5308,3790,3305,9647,5475,3781,3369,16.1964,-27.9975,8.93434,47.8907
55845,4502,6508,6214,4384,4318,6544,6144,4247,3739,4250,4079,3730,3300,3371,3429,3316,-15.2695,-0.664025,8.5318,48.05
55846,3180,3365,3722,3617,3294,3579,4251,5172,3316,3890,5281,9829,3284,3749,5087,7489,11.2888,30.1835,8.98732,48.07
55847,3090,3381,3400,3376,3398,3731,4157,4106,3554,4577,6849,5583,3806,4890,8050,6338,17.3452,10.3992,8.84391,48.1907
55848,3763,4734,6665,5410,3705,4900,7683,5448,3573,3881,4548,4069,3296,3432,3516,3554,-12.8804,8.9068,8.71821,48.118
55849,3606,4403,6584,6088,3482,4461,7345,6514,3461,3753,4433,4431,3096,3345,3610,3627,-13.1743,12.7966,8.75887,48.1593
55850,3346,3826,5166,7938,3284,3747,5360,9761,3302,3543,4166,5024,3130,3320,3496,3779,-12.5323,26.43,8.82949,48.1253
55851,3453,4241,7831,10475,3536,3992,5117,5727,3279,3556,3977,3924,3053,3155,3455,3355,-27.8204,18.4772,8.8266,48.084
55852,4991,8014,6828,4485,4406,5906,5393,4109,3603,4062,3826,3437,3185,3312,3309,3173,-19.8001,-2.36172,8.74308,48.026
55853,4456,5608,5097,3860,4911,7856,5921,4071,4053,4743,4225,3668,3471,3703,3517,3283,-9.93837,-3.81139,8.74843,48.2953
55854,3543,4547,8575,8953,3495,4239,5249,5575,3311,3617,3945,3960,3091,3204,3408,3490,-24.821,15.3568,8.61803,48.1347
55855,3431,3733,3691,3464,3820,4736,4605,3916,4414,6846,7011,4376,4172,5121,4951,4178,8.14539,-0.0276235,8.72244,48.31
55856,3377,3480,3360,3146,3844,4089,3797,3509,4820,6479,5141,3942,5388,8021,5755,4034,18.3292,-5.68905,8.53738,48.1213
55857,3464,4018,6649,10213,3336,3851,5385,7091,3199,3503,3858,4140,3140,3152,3478,3526,-20.6415,21.2752,8.91299,48.002
55858,7994,7339,4403,3590,6758,6032,4106,3513,4248,4046,3528,3396,3515,3422,3235,3029,-17.9313,-16.6678,8.97511,48.1027
55859,9648,8205,4446,3507,5848,5198,3947,3425,3882,3808,3513,3318,3448,3382,3178,3110,-24.9734,-16.8849,8.91841,47.9087
55860,3263,3353,3269,3247,3582,3711,3705,3564,4514,5411,4815,4053,5216,8769,7328,4409,24.092,-2.46342,8.67209,48.1393
55861,3299,3974,5772,12612,3373,3681,4675,6011,3278,3382,3752,3959,3231,3268,3410,3439,-33.7018,33.2164,8.84701,47.4107
55862,7365,8331,4681,3626,5776,6133,4365,3583,3988,4102,3723,3274,3435,3446,3373,3204,-19.7895,-13.376,8.74082,48.27
55863,3222,3423,3744,3797,3238,3580,4462,5234,3471,3992,5821,9177,3306,3873,5163,6767,10.0469,21.8165,8.55291,48.18
55864,4533,4154,3531,3352,7365,5063,3752,3349,8485,5334,3824,3377,5070,4290,3563,3243,1.91283,-23.6634,8.71915,48.19
55865,3160,3465,3719,3511,3324,3649,4341,4256,3461,4054,6689,7015,3488,4319,6554,6943,14.6503,15.9035,8.62314,47.9653
55866,3988,4274,3762,3333,4965,6399,4358,3596,5336,7424,4738,3570,4460,4629,3972,3436,1.98974,-9.44957,8.61073,48.16
55867,3160,3388,3510,3493,3397,3775,4361,4261,3710,4462,7388,6002,3621,4587,6996,5855,14.1286,10.9831,8.84482,47.9773
55868,3139,3254,3577,3559,3194,3602,4059,4567,3321,3998,5819,8071,3278,3966,6134,8513,15.7068,20.8634,8.99114,48.034
55869,3386,3468,3270,3187,3843,3889,3505,3345,5648,5119,3976,3525,9964,8029,4273,3483,31.4226,-17.913,8.5125,47.94
55870,3329,3427,3252,3185,4060,3744,3458,3213,6542,4893,3838,3347,11809,6285,4031,3435,24.3705,-25.7166,8.55827,47.8987
55871,11674,6680,4038,3372,6136,4947,3844,3333,3954,3865,3431,3239,3423,3473,3119,3081,-26.2967,-23.3364,8.53896,47.7393
55872,3339,3740,4589,5888,3431,3919,5259,9545,3162,3682,4591,6591,3228,3465,3916,4096,-5.52306,26.5164,8.66737,48.294
55873,3768,3860,3520,3274,5037,5152,3859,3507,6751,7615,4554,3536,5093,5126,4028,3503,7.19634,-13.287,8.72945,48.122
55874,3041,3352,3542,3440,3267,3554,3974,3970,3507,4173,5922,6006,3611,4469,8027,8179,20.4292,15.1599,8.74619,48.0227
55875,3221,3513,4449,5295,3208,3792,5486,9233,3267,3688,4872,7181,3090,3474,3994,4396,-3.275,24.4809,8.90279,48.106
55876,6212,4716,3669,3339,9763,5192,3763,3307,6172,4488,3714,3325,4083,3927,3319,3107,-6.83037,-29.5025,8.82016,48.064
55877,3320,3880,5607,10384,3482,3862,5098,7884,3213,3536,4050,4171,3170,3228,3387,3491,-18.6487,32.0976,8.65683,47.842
55878,3772,3782,3410,3224,4818,4399,3750,3449,7878,6540,4086,3501,6593,5682,4002,3450,11.4335,-18.0358,8.68533,48.224
55879,5006,5005,3859,3491,6703,7638,4464,3566,5248,5426,4054,3421,3874,4028,3636,3307,-5.54415,-13.1696,8.65198,48.484
55880,3691,4675,6375,5171,3622,5041,7898,5641,3622,3955,4597,4171,3286,3394,3561,3414,-12.0909,8.32855,8.85642,48.076
55881,3082,3170,3531,3536,3214,3503,4001,4336,3394,3871,5171,8220,3321,3891,5639,10315,17.7422,27.5047,8.95547,48.13
55882,3067,3253,3438,3431,3210,3490,3934,4079,3420,3912,5167,6728,3522,3992,6852,10384,21.5408,20.882,8.54621,47.9193
55883,3081,3276,3371,3317,3330,3557,3789,3755,3723,4399,5253,4913,3796,5423,10011,6939,33.286,9.79585,8.91904,47.9553
55884,3266,3313,3447,3356,3349,3643,3782,3690,3643,4492,5179,4675,3982,6023,9855,6252,32.0034,7.58394,8.63523,47.9647
55885,7804,5045,3748,3307,10044,5284,3792,3403,5082,4212,3447,3321,3591,3495,3318,3097,-11.7997,-30.2508,8.92919,47.9933
55886,3682,5144,9589,7897,3571,4256,5330,5072,3330,3558,3892,3852,3118,3339,3413,3232,-27.7859,12.2923,8.75172,48.1833
55887,11566,6108,3764,3315,7263,4987,3671,3333,4189,3825,3381,3311,3445,3404,3261,3084,-21.1182,-26.5118,8.97772,47.938
55888,3450,3925,5939,12174,3476,3691,4832,6543,3132,3457,3902,3891,3135,3199,3388,3297,-24.5043,30.8369,8.57069,47.6207
55889,7365,9743,5168,3724,4888,5088,4318,3691,3699,3696,3694,3476,3320,3421,3321,3198,-29.5234,-10.6058,8.7314,47.8733
55890,3753,4468,5852,4912,3818,5179,8078,5513,3464,3999,4846,4293,3229,3480,3762,3589,-10.0698,7.91786,8.61073,48.1567
55891,5115,6932,5049,3796,5082,7668,5300,3856,3825,4455,3898,3420,3417,3534,3435,3356,-13.7455,-6.15943,8.65586,48.092
55892,3712,4653,9281,8801,3499,4028,5055,5381,3287,3596,3757,3730,3181,3382,3358,3262,-28.627,14.3031,8.87743,47.9753
55893,4345,4933,4312,3747,5041,7785,5368,3860,4428,5665,4480,3807,3733,3971,3671,3471,-4.89262,-5.95446,8.7528,48.4113
55894,4031,3720,3421,3131,6101,4449,3533,3169,9922,5386,3788,3517,6287,4568,3674,3310,7.20282,-29.0768,8.81409,48.0047
55895,3329,3325,3309,3261,3744,3650,3707,3394,4644,5130,4519,3847,6127,9903,6162,4077,29.6757,-6.89011,8.58672,48.0853
55896,3402,4004,4548,4139,3812,4910,7435,5321,3657,4592,6338,4886,3468,3629,4240,3977,-1.99451,8.28723,8.83924,48.2387
55897,3321,3403,4202,4725,3378,3672,4838,8123,3245,3683,4898,8480,3411,3511,4303,4884,0.385623,33.2023,8.99961,48.0513
55898,3215,3548,4152,4864,3426,3709,5136,8167,3361,3835,5100,7986,3292,3510,4206,4770,-0.590004,25.1877,8.52377,48.1847
55899,3539,4315,6582,6620,3476,4365,7074,6820,3426,3666,4344,4289,3200,3320,3575,3556,-13.8043,14.6543,8.93887,48.1113
55900,10478,6134,3951,3418,7377,5273,3892,3401,4210,4000,3507,3219,3456,3497,3273,3084,-19.753,-23.2944,8.92495,48.1133
55901,3289,3540,4226,4355,3378,3938,5768,6264,3454,4054,6468,7236,3289,3849,4388,4708,2.03353,17.0828,8.85767,48.136
55902,3110,3224,3452,3388,3290,3529,3957,4163,3364,3917,5469,6655,3481,4344,7431,9512,21.1565,18.6242,8.67463,48.1907
55903,3986,3825,3402,3158,6165,4487,3626,3351,9851,5177,3879,3383,5979,4644,3625,3323,6.38744,-31.7702,8.77742,47.9073
55904,3301,3384,3332,3270,3535,3654,3735,3561,4183,4937,5016,4272,4759,8185,8424,4880,27.2563,0.689326,8.77352,48.2853
55905,3136,3351,3432,3577,3348,3744,4224,4222,3617,4451,6969,6211,3505,4442,7196,6798,15.5689,13.2437,8.67201,48.1487
55906,7681,7988,4623,3699,6086,6152,4261,3595,4026,4077,3596,3378,3305,3353,3263,3081,-19.0553,-14.552,8.98134,48.1093
55907,7791,5176,3857,3291,9705,5249,3818,3351,5073,4158,3600,3372,3661,3600,3299,3130,-12.0302,-28.0676,8.96809,48.0873
55908,7999,5186,3825,3335,9440,5202,3899,3434,5018,4203,3683,3195,3688,3534,3423,3167,-12.6759,-32.6175,8.65609,48.154
55909,3640,4781,8978,8794,3512,4070,5290,5432,3392,3595,3794,3990,3105,3180,3341,3413,-28.4362,14.7146,8.53766,48.2047
55910,3242,3399,3278,3226,3650,3736,3603,3521,4472,5374,4798,4028,5343,9353,7058,4451,24.9481,-3.79118,8.85344,48.3547
55911,3097,3205,3363,3390,3281,3495,3831,4000,3385,3777,4769,6232,3513,4058,6659,11773,26.0622,23.9011,8.53822,47.8853
55912,3345,3908,5276,8374,3311,3714,5127,9526,3305,3599,4156,4930,3153,3223,3515,3649,-12.9821,29.7498,8.83948,48.074
55913,5978,10039,6389,4024,4538,5079,4512,3764,3608,3893,3628,3405,3251,3357,3257,3236,-30.5784,-6.34637,8.90046,47.972
55914,3157,3296,3672,3742,3306,3522,4334,4810,3364,3800,5787,8905,3313,3822,5452,7462,12.4584,21.843,8.57871,47.8293
55915,3161,3326,3383,3472,3177,3500,3877,4210,3459,3878,5523,6925,3442,4203,6991,9887,20.5384,19.9272,8.94851,48.276
55916,3492,3627,3447,3253,4066,4559,3880,3454,5796,7906,4908,3696,5324,6468,4610,3650,12.2081,-9.43306,8.55849,48.0907
55917,4363,6019,5724,4261,4470,6984,6430,4202,3740,4358,4265,3785,3391,3502,3603,3352,-12.7405,-1.1611,8.76857,48.2993
55918,3345,3409,3243,3219,3857,3746,3498,3209,5587,4980,4030,3493,9883,8471,4437,3492,30.8671,-17.1215,8.99391,47.9327
55919,3336,3746,4281,4214,3441,4270,6535,5534,3585,4506,7204,5933,3446,3777,4395,4316,1.47983,11.8877,8.98984,48.346
55920,3032,3217,3520,3465,3256,3509,3889,4144,3391,3862,5269,7211,3271,3962,6577,10282,20.2688,22.623,8.75419,47.9047
55921,11199,6416,3966,3345,6987,5058,3755,3297,4079,3810,3463,3268,3410,3397,3242,3149,-21.5417,-23.9738,8.93758,47.894
55922,3091,3192,3361,3308,3420,3715,4031,3780,3761,4873,5876,4737,4125,6096,9111,5938,22.1208,6.40213,8.73839,48.2767
55923,3161,3434,4026,4388,3298,3807,4953,6774,3395,3748,5617,9075,3245,3601,4448,5456,4.06578,22.9268,8.65565,48.284
55924,8353,9449,4965,3664,5348,5336,4126,3544,3825,3711,3553,3335,3300,3372,3235,3152,-27.7409,-13.3007,8.67171,48.1787
55925,3392,3337,3255,3086,3789,3852,3667,3534,4827,5796,4473,3718,6331,9311,5922,3972,23.2028,-7.91757,8.66416,48.1747
55926,3415,3429,3242,3104,3730,3883,3556,3302,5237,5268,4134,3632,8028,9582,5051,3666,28.4532,-12.7351,8.83368,48.1727
55927,5184,8031,6343,4080,4616,6228,5259,4078,3736,4045,3942,3501,3447,3456,3500,3193,-19.1948,-3.95268,8.61857,48.426
55928,3430,4196,6743,9658,3371,3912,5400,7228,3297,3484,3918,4260,3076,3205,3455,3370,-19.1281,20.8704,8.88439,48.002
55929,3257,3650,4309,5359,3323,3952,5468,9099,3358,3653,4931,7007,3130,3463,3978,4495,-3.42871,24.0795,8.86557,48.288
55930,3117,3344,3390,3374,3264,3578,3895,3807,3478,4101,5251,5355,3525,4456,8807,9150,28.8025,15.8592,8.59941,47.928
55931,3280,3340,3257,3063,3899,3774,3490,3279,5352,5261,3982,3542,9034,9014,4700,3664,28.7963,-14.9567,8.92013,47.954
55932,3341,3650,4073,4025,3470,3968,5902,5458,3457,4431,7323,6540,3393,3839,4785,4722,3.57666,13.4609,8.8748,48.2513
55933,3145,3380,3378,3427,3296,3405,3721,3900,3367,3661,4578,5844,3485,3909,6003,12614,30.8794,31.9884,8.95767,47.4087
55934,6564,9051,5337,3864,5112,6001,4434,3703,3883,3964,3718,3378,3414,3365,3258,3184,-21.1735,-9.41908,8.7971,48.1533
55935,5111,6194,4510,3716,5688,8066,4997,3853,4258,4801,3905,3464,3561,3648,3387,3190,-10.9292,-8.70963,8.66465,48.2327
55936,4001,4318,4079,3593,4623,6938,5373,3938,4525,6589,5105,3864,3888,4129,3942,3571,-1.06339,-4.65839,8.97161,48.3173
55937,3343,3592,3407,3376,3719,4035,4203,3670,4448,6513,6040,4388,4582,6518,6217,4327,15.2015,-0.777254,8.5673,48.252
55938,3135,3415,3868,4079,3298,3627,4617,6185,3212,3804,5545,9649,3298,3735,4690,6137,6.67008,25.8739,8.80832,48.196
55939,3784,5583,10047,6997,3671,4251,5189,4815,3348,3532,3817,3797,3141,3370,3373,3407,-30.3996,9.68409,8.99465,48.0813
55940,3419,3549,3717,3481,3906,4466,4668,3816,4232,6745,6929,4224,4251,5274,5264,4196,9.75518,0.0217578,8.71636,48.0913
55941,3580,3498,3319,3145,4592,4112,3466,3282,8830,5244,3883,3452,9207,5360,3920,3264,15.4485,-29.9516,8.88052,48.1027
55942,3915,3779,3264,3182,5778,4395,3694,3303,10002,5267,3769,3284,6318,4813,3724,3377,8.7734,-33.317,8.9066,47.9093
55943,3422,3977,5797,12861,3393,3642,4833,5930,3236,3303,3761,3929,3272,3295,3349,3379,-31.0009,31.3208,8.78255,47.586
55944,6668,5266,3846,3267,8976,6088,3890,3353,5410,4511,3783,3288,3718,3736,3397,3224,-9.61705,-21.1195,8.69109,48.2807
55945,5603,9604,6499,4104,4640,5119,4766,3790,3731,3780,3741,3406,3331,3427,3350,3182,-33.1199,-5.23442,8.60009,48.0487
55946,7528,4938,3744,3338,9608,5321,3858,3491,5325,4350,3670,3372,3716,3548,3396,3198,-11.2994,-30.9456,8.64873,48.2673
55947,7343,4963,3809,3337,9759,5250,3677,3377,5299,4185,3514,3238,3802,3662,3366,3158,-10.7471,-29.4867,8.73929,47.826
55948,3147,3318,3364,3449,3280,3387,3780,3912,3256,3735,4737,6644,3435,3963,5834,12317,23.8688,31.209,8.9049,47.7053
55949,3454,3402,3236,3208,3812,3786,3612,3313,5248,5139,4112,3487,8377,9193,4779,3652,29.8361,-13.7891,8.6994,47.8733
55950,4635,4148,3478,3202,7505,5170,3834,3277,8307,5405,3896,3388,4889,4430,3598,3196,1.24929,-22.934,8.89144,48.2387
55951,3679,4813,9361,8444,3600,4065,5255,5276,3321,3502,3851,3964,3125,3223,3421,3321,-27.3902,13.7489,8.98908,48.1473
55952,3186,3418,3451,3292,3530,3791,4125,3748,3872,5187,6310,4487,4215,6157,8321,5446,19.6108,4.68625,8.67825,48.3573
55953,3532,3443,3297,3216,3927,3783,3529,3225,5976,4702,3733,3384,12501,6002,3887,3233,31.6963,-30.6833,8.54414,47.58
55954,3264,3248,3369,3234,3283,3746,3800,3725,3917,4574,5220,4441,4049,6457,9634,5637,33.2649,5.17792,8.98024,47.732
55955,3317,3427,3736,3805,3389,4072,5083,4543,3647,4775,8243,5827,3741,4284,5719,4875,8.32182,9.45881,8.82405,48.322
55956,5393,9170,7005,4266,4485,5164,4613,3895,3668,3808,3710,3434,3273,3356,3370,3192,-31.9626,-3.90144,8.91116,47.868
55957,5225,9034,7218,4438,4349,5395,4840,3920,3566,3798,3748,3492,3311,3381,3339,3139,-24.8299,-2.7155,8.90556,48.1287
55958,3386,3782,5976,12584,3330,3757,4776,6112,3320,3440,3698,3923,3224,3152,3362,3377,-31.6158,31.6667,8.53096,47.466
55959,5603,4518,3620,3290,9622,5154,3794,3312,6808,4596,3681,3278,4163,3881,3433,3187,-4.55342,-29.5514,8.71004,47.96
55960,3017,3207,3470,3479,3292,3555,3826,4025,3376,3682,4832,6049,3372,4069,6720,11759,32.6806,23.0454,8.68652,47.82
55961,3183,3281,3638,3699,3291,3484,4286,5156,3309,3835,5405,9427,3448,3798,5111,7616,11.7593,32.2873,8.77198,47.978
55962,4125,4890,4878,4089,4252,6745,6999,4382,3914,4821,5123,3928,3526,3706,3803,3453,-6.63697,0.397928,8.90071,48.4227
55963,3388,3855,5988,12347,3400,3728,4790,6036,3280,3487,3800,4002,3116,3196,3561,3437,-33.2913,29.0177,8.5643,47.6073
55964,12579,6036,3919,3477,6065,4758,3808,3503,3907,3715,3357,3294,3337,3369,3228,3215,-27.7603,-32.2189,8.69453,47.7113
55965,3419,3502,3345,3264,3906,4215,3769,3496,4875,7144,5292,3848,5273,7682,5660,3981,16.345,-5.90663,8.82919,48.4473
55966,3393,3340,3215,3167,4000,3753,3544,3261,5976,4802,3750,3443,12524,5899,3903,3503,29.554,-31.3293,8.6531,47.6487
55967,3834,4881,7427,5705,3699,4776,7222,5435,3538,3939,4324,4117,3160,3266,3566,3439,-15.2386,9.11567,8.70064,48.2187
55968,3357,3980,6533,11800,3320,3903,5006,6563,3144,3417,3812,3888,3081,3215,3427,3416,-24.0297,24.5416,8.94402,47.908
55969,3148,3303,3764,3972,3314,3640,4432,5891,3328,3682,5140,9891,3338,3715,4757,6590,7.91729,29.1689,8.97536,47.9367
55970,3646,4649,8965,8762,3527,4008,5442,5637,3269,3605,3844,3832,3227,3256,3421,3340,-24.8609,14.9618,8.94088,48.2867
55971,3401,4262,7187,10816,3418,3805,5109,6147,3207,3571,3786,4023,3009,3294,3375,3410,-25.5631,20.2909,8.67531,47.88
55972,9483,8607,4563,3521,5462,5261,3870,3450,3913,3862,3509,3298,3419,3473,3339,3077,-32.4041,-16.2024,8.55181,48.0713
55973,3832,4282,4140,3744,4223,6355,5851,4074,4317,6104,5704,3979,3870,4150,4053,3641,-0.76206,-1.42273,8.79633,48.2127
55974,3161,3227,3266,3286,3114,3332,3748,3927,3417,3844,4893,6451,3374,3880,6368,12277,25.2085,25.1071,8.9649,47.71
55975,3096,3317,3417,3328,3341,3510,3868,3680,3517,4223,5235,5286,3628,4879,9452,8309,31.3487,13.172,8.89489,48.0573
55976,3451,3490,3823,3594,3584,4365,5174,4314,3852,5384,7968,5171,3667,4440,5210,4518,7.46356,6.30257,8.58413,48.0033
55977,10054,8153,4385,3549,5719,5029,4021,3453,3861,3838,3521,3168,3384,3392,3264,3199,-30.0358,-18.1503,8.63164,47.9933
55978,3537,4228,7812,10693,3439,3808,5070,5678,3224,3499,3741,3921,3131,3218,3286,3403,-31.5076,18.8925,8.7968,47.792
55979,3937,4151,4103,3676,4506,6418,5235,3915,4564,6862,5398,3888,3928,4339,4024,3535,0.809616,-3.98184,8.71072,48.3193
55980,3233,3893,4766,4807,3482,4268,7264,6963,3469,3915,5576,5784,3243,3618,4084,4109,-3.94208,15.0406,8.97453,48.316
55981,3214,3208,3307,3331,3343,3423,3891,3995,3451,3776,4685,6045,3426,3897,6037,12558,32.3693,28.5059,8.63893,47.7247
55982,3115,3426,3740,3848,3420,3680,4448,5969,3469,3797,5201,9984,3368,3759,4693,6458,8.3132,27.6015,8.77369,48.25
55983,3131,3481,3955,4162,3312,3718,4526,6511,3331,3781,5202,9710,3264,3743,4635,5548,5.10995,33.8568,8.80712,48.0067
55984,3399,3391,3206,3137,3989,3789,3452,3243,5947,4705,3722,3407,12297,6450,3940,3374,30.2002,-25.5741,8.70432,47.632
55985,3194,3494,3879,4462,3397,3742,4706,7152,3480,3772,5326,9338,3205,3667,4346,5526,3.78175,26.1185,8.77481,48.4573
55986,4649,4187,3585,3227,7449,5611,3775,3394,7447,5601,3919,3490,4702,4201,3710,3311,0.31516,-20.1027,8.69931,48.172
55987,7150,5102,3882,3362,9889,5255,3841,3289,5220,4313,3624,3339,3796,3593,3296,3155,-10.6333,-33.4548,8.79139,48.0707
55988,4050,3926,3489,3242,5410,5486,3849,3373,7061,7136,4278,3480,5010,4913,3868,3461,5.0667,-15.3384,8.68636,48.0213
55989,3291,3774,4704,6093,3329,3924,5772,9434,3388,3625,4542,5988,3146,3432,3783,4052,-6.81395,23.2024,8.78984,48.1847
55990,9052,5393,3898,3295,8784,5223,3781,3443,4627,4011,3468,3323,3486,3485,3291,3216,-15.4054,-33.1078,8.69584,47.8507
55991,3628,3570,3383,3114,4650,4423,3642,3379,7447,6585,4198,3485,7064,6325,4212,3440,13.815,-16.897,8.66515,48.3633
55992,3682,5002,9429,8085,3670,4169,5188,5272,3392,3573,3772,3756,3225,3315,3378,3280,-29.4822,12.756,8.70732,48.1253
55993,6038,4724,3701,3350,9488,5578,3872,3409,6150,4558,3612,3298,3961,3695,3481,3096,-7.16988,-24.1601,8.64625,48.0073
55994,3094,3268,3475,3430,3295,3579,3898,4398,3386,3742,4924,7933,3379,3881,5724,10497,18.4113,30.6144,8.91953,47.9353
55995,3461,3964,5699,10386,3452,3797,5110,7758,3211,3552,3975,4360,3200,3182,3421,3460,-18.6949,33.3903,8.705,47.992
55996,3395,3415,3224,3193,3818,3801,3506,3354,5182,5201,3996,3472,8558,9251,4796,3632,32.1056,-14.24,8.89874,47.8627
55997,3469,3968,6253,12553,3298,3675,4820,6210,3271,3343,3750,3837,3089,3205,3486,3406,-27.5593,26.388,8.78973,47.7553
55998,6800,5118,3845,3416,9171,5855,3969,3360,5351,4327,3681,3267,3856,3587,3244,3176,-10.0766,-22.5739,8.86343,48.0153
55999,4636,5389,4429,3637,5249,8322,5271,3783,4362,5259,4288,3557,3665,3721,3628,3354,-7.40004,-7.3156,8.90519,48.3667
56000,3355,3409,3317,3049,3832,3895,3651,3322,5171,5796,4406,3641,7389,9417,5006,3691,22.9459,-11.5822,8.99308,48.2313
56001,3086,3379,3646,3780,3300,3587,4262,5130,3326,3941,5586,9347,3432,3793,5207,7400,11.2203,23.6998,8.71494,48.1347
56002,6090,6769,4370,3594,6231,7456,4547,3509,4264,4496,3728,3477,3547,3559,3466,3138,-13.9323,-12.0969,8.5955,48.1607
56003,3335,3351,3431,3196,3684,3907,3640,3449,4900,5679,4476,3858,6151,9219,6167,4017,23.2066,-6.87626,8.66657,48.3067
56004,8550,7500,4226,3559,6377,5838,4095,3522,4106,4105,3544,3208,3510,3391,3319,3156,-19.8914,-17.3132,8.64387,48.004
56005,3354,3830,5561,9881,3494,3814,5037,8418,3274,3427,3930,4413,3206,3225,3532,3436,-17.2422,29.7065,8.70313,47.888
56006,3884,5279,8525,5873,3813,4832,6484,5250,3449,3771,4109,3851,3109,3279,3459,3455,-18.5482,8.53264,8.87651,48.2813
56007,3244,3348,3450,3238,3588,3855,3687,3554,4237,5558,5204,4164,5018,8357,7101,4370,22.3829,-1.84882,8.52521,47.982
56008,3313,3487,3339,3097,3669,3827,3536,3317,4806,5375,4441,3727,6393,9879,6001,4074,26.5093,-7.53173,8.79404,48.1873
56009,3337,3955,6483,12143,3413,3700,4803,5936,3271,3460,3808,4008,3068,3278,3295,3345,-32.0511,24.3095,8.53798,47.5353
56010,3438,4601,8890,9250,3489,4082,5131,5501,3124,3576,3870,3803,3145,3205,3434,3378,-33.0641,15.4166,8.95802,47.9447
56011,3217,3674,4680,6065,3283,3838,5374,9910,3297,3677,4448,6189,3012,3417,3790,4119,-6.63552,26.9307,8.8498,47.9933
56012,3241,3342,3291,3147,3715,3895,3716,3419,4529,5401,4554,3854,5735,9813,6508,4273,26.0047,-5.6373,8.84642,48.2887
56013,5237,5412,4027,3490,6664,7667,4441,3528,4899,5191,3851,3533,3863,3787,3516,3179,-7.57336,-13.1626,8.70959,48.19
56014,3161,3528,4035,4532,3321,3743,5128,7477,3315,3879,5232,8661,3178,3527,4394,5052,1.63656,23.9465,8.70639,48.1087
56015,3396,3375,3180,3145,3822,3788,3540,3258,5506,5181,4006,3430,9801,8536,4425,3523,29.2416,-16.8149,8.79421,47.9413
56016,3253,3505,4103,4318,3318,3776,5265,6342,3382,3994,6131,8194,3263,3654,4646,5120,3.7372,19.3743,8.60567,48.176
56017,3338,3233,3256,3122,4038,3761,3469,3318,6439,4680,3674,3376,12034,6097,3944,3374,24.0676,-31.5064,8.80761,47.4353
56018,3460,3897,6071,12276,3442,3775,4723,6508,3226,3478,3761,3854,3099,3238,3368,3395,-24.7586,32.8347,8.94161,47.714
56019,10505,5777,4002,3321,8054,5080,3906,3406,4368,3920,3535,3167,3413,3334,3142,3119,-18.848,-27.0712,8.95217,48.0327
56020,10834,5637,3860,3437,7758,5038,3797,3282,4165,3886,3469,3262,3432,3427,3207,3155,-19.3936,-31.9533,8.99362,47.764
56021,3135,3235,3379,3398,3328,3570,3891,3979,3377,3845,4803,6784,3339,3932,5968,12029,23.4265,32.1405,8.77153,47.9947
56022,3525,3479,3299,3070,4430,4121,3599,3258,7639,5970,3992,3477,8385,6163,4019,3493,16.0546,-19.1087,8.92293,47.946
56023,4761,4351,3681,3254,7157,6174,3986,3327,6789,5833,3901,3405,4508,4243,3632,3181,-0.909604,-17.7829,8.72424,48.122
56024,11953,6917,4154,3408,6031,4691,3855,3381,3892,3814,3487,3164,3387,3473,3208,3031,-29.0466,-23.3773,8.6576,47.8973
56025,9882,8305,4444,3400,5603,5083,4066,3444,3812,3728,3565,3245,3427,3315,3283,3148,-33.1598,-17.0323,8.99112,47.8333
56026,3276,4096,6935,11795,3441,3780,4966,5929,3256,3454,3968,3849,3033,3215,3337,3394,-31.9559,22.7209,8.68179,47.816
56027,3559,4293,5679,5200,3615,4707,7988,6352,3479,3983,4937,4623,3183,3481,3688,3732,-9.07413,11.3836,8.64534,48.3327
56028,3390,3807,4833,5679,3508,3962,6397,8397,3337,3586,4823,5702,3177,3439,3972,4148,-6.42725,19.0159,8.53888,48.1047
56029,3262,3330,3327,3464,3189,3508,3823,3911,3316,3886,4703,5894,3339,3923,5905,12166,33.1975,30.7275,8.5189,47.2973
56030,4359,6885,8624,5177,3854,5124,5897,4388,3458,3757,3947,3659,3164,3267,3309,3358,-21.3171,3.18924,8.92409,48.1513
56031,3154,3267,3407,3282,3327,3597,3923,3813,3715,4462,5310,4844,3847,5799,10076,6757,28.3145,8.65489,8.89921,48.3867
56032,3365,4101,5465,5517,3412,4385,7434,7120,3354,3815,4932,4851,3196,3434,3752,3751,-8.43956,14.4307,8.62092,47.9227
56033,3072,3351,3426,3401,3220,3630,3809,4155,3421,3808,4962,7396,3343,3932,5884,11321,20.6528,29.6369,8.64859,48.0873
56034,3236,3393,3230,3245,3599,3776,3689,3617,4362,5200,4782,3978,5307,8946,7307,4526,27.4376,-2.71561,8.51621,48.1287
56035,6607,4836,3781,3321,9903,5241,3829,3447,5765,4471,3728,3322,3855,3758,3325,3126,-8.60285,-30.0226,8.53115,48.21
56036,4721,4143,3547,3301,8280,5054,3730,3411,7971,4995,3793,3436,4575,4078,3663,3256,-0.171574,-33.4983,8.53063,47.9693
56037,3159,3210,3357,3358,3219,3375,3753,3859,3343,3768,4631,5929,3386,3847,6132,12811,29.7351,32.7355,8.88384,47.4247
56038,4107,3894,3462,3313,6017,5218,3831,3341,7899,6537,4154,3493,5181,4723,3742,3332,4.24988,-17.9798,8.87331,48.1627
56039,3311,3975,6272,12743,3534,3710,4848,6121,3253,3347,3696,3858,3070,3171,3337,3387,-27.8918,26.7639,8.91108,47.7553
56040,10356,5878,4008,3394,7680,5165,3877,3366,4376,3923,3472,3319,3529,3453,3277,3127,-19.0094,-25.9408,8.60462,48.1333
56041,3326,3896,5382,8234,3411,3842,5656,8865,3270,3593,4193,4848,3134,3305,3556,3643,-13.6235,23.7568,8.69243,48.1027
56042,12574,5921,3941,3386,6136,4651,3776,3385,3965,3755,3379,3239,3426,3361,3276,3141,-31.5392,-30.0385,8.65691,47.5413
56043,3377,3349,3242,3111,3929,3928,3397,3140,6130,4968,3831,3397,11593,6966,4176,3395,26.2651,-22.126,8.55738,47.9527
56044,3371,3393,3222,3184,3881,3840,3426,3168,5577,5033,3920,3382,10535,7946,4299,3508,31.2781,-18.2091,8.90573,47.79
56045,3065,3116,3423,3303,3206,3452,3806,3956,3341,3838,4913,6600,3465,4072,6571,11583,24.5868,23.9077,8.65851,47.8067
56046,3332,3305,3426,3228,3623,3933,3884,3469,4733,6134,5170,3910,5305,8196,6319,4119,19.6716,-4.33699,8.51073,48.0573
56047,3875,4082,3712,3419,4930,6188,4263,3586,5271,7460,5002,3738,4230,4609,3958,3554,2.77906,-8.18003,8.6188,47.918
56048,4009,3853,3491,3145,5959,4827,3787,3425,8836,6056,3963,3315,5751,4894,3821,3367,6.49296,-20.7986,8.81574,48.3327
56049,4689,7831,7783,4745,4227,5394,5364,4282,3632,3769,3843,3535,3206,3310,3415,3237,-22.6363,0.0624662,8.64006,48.1747
56050,3373,3307,3283,3138,3836,3865,3693,3324,5466,5576,3915,3528,8502,9024,4681,3578,25.3858,-14.1939,8.60943,48.0593
56051,3216,3444,3279,3179,3750,3798,3684,3378,4902,5295,4478,3685,6582,9617,5667,3867,32.5448,-8.66538,8.52827,47.8807
56052,3159,3222,3416,3352,3202,3464,3770,3831,3344,3876,5023,6184,3330,4139,6952,11441,26.9074,22.6211,8.51643,47.8033
56053,3227,3583,3830,3812,3720,4115,5493,4732,3646,4604,7928,6197,3567,4123,5281,4770,5.95694,10.9782,8.82771,48.4187
56054,3225,3635,4775,6151,3400,3753,5826,9472,3212,3655,4514,5994,3118,3496,3750,3973,-7.43334,24.0882,8.61507,47.966
56055,3854,4015,3825,3504,4660,5965,4669,3593,5050,7640,5080,3757,4332,4641,4065,3606,3.6103,-7.41937,8.79982,48.1707
56056,6240,5213,3848,3380,8217,6662,4115,3414,5267,4684,3728,3330,3767,3707,3322,3174,-8.76935,-18.6055,8.85947,48.0453
56057,3607,3810,3573,3275,4283,5238,4253,3635,5265,8061,5360,3819,4566,5268,4356,3670,7.27549,-6.74742,8.68776,48.026
56058,3661,4358,5690,4933,3750,5055,8249,5499,3575,4074,5022,4191,3331,3438,3788,3629,-9.21394,8.25611,8.79173,48.162
56059,12134,5908,4016,3355,6572,4778,3786,3490,3859,3890,3437,3240,3423,3299,3297,3127,-24.4431,-30.6664,8.50427,47.7407
56060,4470,6361,5606,4169,4562,7251,5993,4086,3895,4465,4104,3615,3438,3585,3449,3265,-12.8008,-2.38084,8.94549,48.2093
56061,3660,3797,3829,3535,4079,5393,4842,3773,4736,7454,6093,3985,4163,4831,4523,3794,5.32952,-3.04188,8.87155,48.3247
56062,9745,8036,4427,3460,6060,5344,3970,3501,3904,3786,3559,3286,3402,3465,3152,3078,-23.5618,-17.3579,8.82957,48.1167
56063,3247,3511,4127,4636,3350,3613,4743,7697,3350,3726,5113,8627,3320,3579,4228,4956,1.43671,32.9447,8.5307,47.882
56064,3420,3452,3179,3116,4142,3809,3490,3249,7411,4905,3948,3387,11184,5784,3939,3383,20.2768,-32.5422,8.88644,47.8653
56065,7268,5097,3816,3114,9938,5497,3773,3305,5346,4233,3554,3290,3774,3574,3322,3096,-10.4947,-26.4057,8.87131,47.998
56066,11739,5938,3922,3504,6644,4895,3883,3392,4054,3856,3493,3238,3386,3338,3265,3184,-23.4326,-30.7359,8.60472,47.8207
56067,3200,3207,3306,3392,3274,3582,3870,3832,3447,4020,5363,5623,3567,4705,8882,8658,24.968,14.865,8.84501,47.952
56068,6032,7950,5051,3864,5460,6850,4814,3810,3916,4116,3692,3472,3375,3549,3309,3217,-17.2831,-9.55961,8.61954,48.318
56069,3507,3980,6018,8958,3426,3860,5630,8022,3284,3481,4102,4542,3029,3391,3352,3544,-16.0352,21.5336,8.63039,48.084
56070,5082,4376,3556,3354,8628,5108,3710,3399,7571,5007,3842,3349,4492,4019,3553,3206,-1.67152,-25.9046,8.66056,48.168
56071,12024,5983,3975,3372,6574,4885,3712,3373,3972,3881,3386,3202,3433,3454,3276,3186,-23.4629,-31.9702,8.72948,47.792
56072,8795,9133,4642,3589,5440,5185,4020,3536,3804,3814,3644,3265,3381,3343,3208,3060,-26.8071,-14.767,8.79795,47.906
56073,3275,3466,3382,3198,3650,4005,3865,3628,4321,5520,5480,4067,4745,7646,7502,4585,21.1279,-0.259576,8.86388,48.2233
56074,3469,3686,3711,3531,3735,4543,4880,4113,4070,6229,7726,4570,3908,4874,5365,4356,7.84803,2.82113,8.97233,48.5107
56075,3331,3701,5045,7374,3336,3839,5445,9754,3325,3619,4131,5211,3096,3318,3661,3718,-11.0682,31.3692,8.89908,47.936
56076,3196,3386,3806,3700,3353,3753,4674,5175,3251,4061,6799,8196,3421,3947,5346,6029,9.28116,17.7743,8.85313,48.062
56077,3927,4433,4134,3552,4482,6898,5271,3859,4704,6260,5117,3984,3881,4254,3874,3512,-1.15214,-4.77514,8.73058,48.0947
56078,3574,4467,6650,6257,3628,4495,7211,6459,3388,3664,4315,4288,3136,3413,3610,3691,-13.9176,13.5514,8.90779,48.164
56079,4155,5998,7809,5389,3975,5092,6471,4829,3508,3786,4071,3874,3239,3401,3582,3264,-18.1197,4.91579,8.79871,48.2953
56080,9082,8013,4464,3731,5986,5466,4121,3556,4124,3865,3570,3313,3451,3346,3177,3163,-22.7723,-16.7226,8.65109,48.2853
56081,4017,6505,9873,5837,3822,4502,5154,4486,3432,3602,3765,3696,3241,3374,3383,3268,-32.7633,5.86069,8.87557,47.9713
56082,3663,3781,3525,3230,4296,4950,4179,3529,5487,8083,5416,3968,4680,5593,4269,3678,8.0975,-7.5965,8.67073,48.218
56083,4565,5351,4347,3739,5218,8166,5268,3729,4407,5417,4303,3596,3721,3781,3501,3312,-6.77051,-6.94983,8.95362,48.2807
56084,3169,3269,3338,3331,3456,3748,3871,3856,3685,4384,5920,5313,3890,5395,8917,6766,21.7329,10.2405,8.52915,48.2053
56085,4373,4689,4021,3555,5412,7654,4788,3700,4954,5873,4334,3587,3992,4093,3642,3324,-3.46651,-9.30836,8.58187,47.994
56086,3452,3792,3773,3511,4007,5053,5123,4027,4308,6793,6706,4391,4011,4804,4729,3964,5.90909,0.0954173,8.75957,48.296
56087,3948,5273,7632,5558,3795,4930,7192,5141,3386,3788,4249,3960,3227,3246,3509,3425,-16.3283,7.8179,8.86917,48.1727
56088,7343,5580,3989,3332,8694,6120,4015,3478,4924,4266,3639,3259,3751,3680,3262,3195,-12.0533,-20.8461,8.86168,48.3513
56089,4893,4237,3516,3218,8508,4996,3704,3362,7956,4912,3783,3413,4654,4086,3480,3285,-0.827803,-33.248,8.76764,48.002
56090,3560,3482,3305,3138,4755,4144,3496,3260,9310,5197,3851,3355,8434,5280,3867,3368,13.7055,-32.8189,8.93094,47.868
56091,3194,3274,3369,3369,3216,3455,3753,3863,3403,3729,4586,5901,3421,3980,5931,12416,29.6396,33.052,8.51637,47.24
56092,3279,3481,3804,3785,3406,4046,5076,4541,3538,4733,8131,6113,3627,4245,5630,4777,8.71211,10.5116,8.83715,48.1413
56093,6607,4805,3791,3310,9731,5498,3763,3401,5705,4358,3596,3266,3919,3714,3384,3157,-8.69453,-26.6729,8.67674,48.0033
56094,3797,4279,4034,3726,4310,6442,5573,4037,4474,6483,5419,3951,3879,4163,4046,3689,-0.0698393,-2.61951,8.78418,48.2013
56095,3327,3294,3366,3093,3749,3820,3719,3371,4515,5334,4496,3731,5895,9761,6515,4156,27.5805,-5.59964,8.65309,48.0947
56096,3893,5799,9874,6611,3715,4392,5229,4793,3452,3651,3791,3770,3132,3337,3325,3313,-32.7444,8.36865,8.61836,48.0513
56097,5355,9158,7222,4192,4392,5075,4921,3943,3483,3829,3715,3513,3244,3315,3366,3181,-33.3835,-2.98671,8.67589,47.936
56098,4075,6100,9633,6166,3694,4530,5259,4713,3434,3657,3821,3596,3277,3302,3446,3328,-31.7768,7.14812,8.70904,48.0207
56099,3289,3494,3119,2992,3801,3890,3517,3285,5732,5030,3938,3424,10353,8210,4284,3460,27.6251,-17.8721,8.97977,47.8787
56100,4756,7720,7134,4460,4350,5790,5489,4091,3592,3921,3899,3567,3341,3455,3349,3233,-19.7666,-1.19634,8.8103,48.098
56101,3080,3256,3483,3406,3225,3552,3938,4287,3317,3953,5411,7592,3405,4087,6316,9862,18.554,22.3444,8.80661,48.1133
56102,5049,8759,7588,4419,4427,4941,4865,4083,3662,3806,3707,3508,3282,3323,3284,3312,-33.68,-1.90916,8.89175,48.01
56103,4194,4435,3940,3473,5282,7256,4624,3780,5180,6621,4608,3608,4180,4335,3753,3416,-0.79844,-9.14796,8.91087,48.4567
56104,4503,7425,7534,4816,4201,5409,5570,4314,3588,3943,3811,3592,3297,3435,3335,3203,-20.8515,0.934641,8.50058,47.984
56105,3449,3427,3159,3164,3871,3672,3403,3289,6014,4777,3652,3377,12617,6162,3852,3291,33.0237,-27.3119,8.77646,47.4507
56106,4509,4089,3547,3195,7347,5328,3805,3360,7989,5673,3801,3414,4911,4249,3720,3262,1.28141,-20.7564,8.92489,48.1327
56107,3407,3389,3221,3046,4200,3807,3462,3291,6859,5043,3731,3468,11038,6429,4050,3431,22.0853,-24.1691,8.59926,47.9147
56108,3406,3981,6111,8090,3575,4088,5998,7731,3292,3596,4073,4600,3033,3327,3491,3513,-15.3732,19.7567,8.52571,47.9367
56109,3580,3585,3365,3299,4197,4767,4001,3442,5510,8249,5189,3785,4931,6106,4609,3650,10.5116,-8.14228,8.90836,48.1767
56110,3014,3228,3413,3456,3202,3577,3902,4043,3405,3842,5002,6281,3414,4069,7179,10980,24.2896,20.9361,8.72748,48.0047
56111,3426,4022,6445,8582,3409,4008,5832,7679,3383,3623,4157,4443,3161,3251,3558,3639,-16.2439,20.0616,8.86769,48.412
56112,3253,3292,3375,3203,3499,3680,3868,3732,3932,4590,5118,4473,4081,6429,9835,5691,31.1919,5.30951,8.88415,48.034
56113,3282,3763,4791,6515,3301,3838,5318,9931,3322,3614,4406,5691,3188,3271,3660,3964,-8.55444,32.794,8.99101,47.9033
56114,3140,3278,3393,3447,3170,3452,3802,3917,3407,3784,4692,6020,3382,3859,5970,12559,28.7494,28.8302,8.68936,47.5147
56115,9798,6394,4014,3497,7529,5347,3884,3365,4286,4047,3441,3294,3480,3423,3229,3109,-18.8027,-22.4382,8.54283,48.0913
56116,9330,5363,3943,3384,8752,5233,3803,3410,4592,4047,3459,3258,3610,3524,3237,3199,-16.0517,-30.4864,8.89003,48.096
56117,3378,3346,3270,3225,3929,3698,3471,3292,6357,4909,3799,3392,12363,6050,4005,3405,24.8487,-33.7385,8.63196,47.926
56118,3110,3244,3443,3480,3256,3571,3889,4186,3378,3836,5246,7202,3389,3980,6297,10588,20.2331,23.2098,8.88239,48.0633
56119,4784,7511,6245,4354,4548,6528,5605,3960,3783,4034,3868,3697,3409,3465,3272,3358,-17.064,-2.71255,8.9905,48.2807
56120,5444,5319,3968,3533,7062,7436,4309,3549,4955,5033,3828,3347,3807,3886,3547,3225,-7.79479,-14.4805,8.83976,48.1653
56121,3691,5368,9805,7291,3572,4109,5235,4937,3340,3510,3865,3747,3145,3299,3351,3394,-30.2354,10.5443,8.73109,47.7727
56122,4457,6540,6769,4571,4282,6017,6339,4315,3587,4084,4108,3657,3343,3522,3483,3277,-16.6076,0.98273,8.72613,48.234
56123,3156,3282,3374,3391,3354,3452,3989,4058,3437,3758,4885,6972,3379,3897,5878,11604,22.1663,31.4138,8.55477,47.9107
56124,3395,3426,3391,3203,4025,4143,3658,3360,5325,7302,4852,3792,5745,7644,5133,3903,15.9618,-8.49105,8.78619,48.198
56125,3278,3691,4450,4423,3503,4156,6493,6136,3408,4171,6525,6098,3266,3733,4503,4308,-0.0492715,13.8801,8.52589,48.0947
56126,3674,4766,9299,8453,3610,4123,5191,5182,3305,3634,3788,3820,3206,3249,3334,3414,-30.2502,13.8462,8.68047,48.032
56127,6246,9936,6009,4066,4634,5149,4493,3850,3644,3772,3516,3432,3305,3458,3271,3231,-30.5296,-7.40312,8.73071,48.008
56128,3600,3761,3589,3449,3892,4730,4588,3754,4459,7206,6491,4166,4274,5200,5101,4085,9.23615,-1.18861,8.80144,48.23
56129,4908,7839,7523,4733,4227,5377,5516,4165,3528,3931,3719,3522,3252,3320,3332,3247,-21.9564,-0.751222,8.71945,48.0927
56130,3114,3417,3494,3390,3400,3730,4261,4205,3695,4523,7028,5836,3623,4725,7601,6417,16.237,11.4906,8.66012,48.306
56131,8963,8846,4658,3611,5491,5325,4091,3454,3765,3834,3554,3441,3401,3521,3280,3008,-26.52,-15.0122,8.81806,48.162
56132,3117,3252,3400,3328,3378,3552,3768,3755,3470,4015,5332,5581,3489,4618,8941,9022,27.1545,15.4372,8.71468,48.012
56133,3757,3691,3328,3149,4569,4541,3780,3357,6988,7218,4301,3623,6440,6304,4302,3509,12.5559,-14.604,8.80368,48.5713
56134,12582,6091,3776,3348,6135,4723,3640,3407,3951,3834,3348,3267,3320,3395,3205,3163,-33.8706,-27.5626,8.75127,47.4567
56135,3436,3719,5146,7755,3361,3855,5300,9553,3268,3551,4302,4987,3198,3201,3615,3735,-11.9061,32.3028,8.59329,47.988
56136,4633,5905,4927,3808,5048,7936,5666,3927,4054,4662,4288,3643,3485,3683,3523,3274,-10.6197,-5.17015,8.57022,48.308
56137,3654,4551,6417,5714,3696,4535,7553,6192,3408,3780,4551,4337,3324,3463,3638,3478,-12.2298,11.673,8.59767,48.194
56138,6014,7356,4986,3842,5799,7270,4829,3737,3986,4300,3736,3341,3449,3460,3337,3083,-15.5248,-9.98461,8.79407,48.35
56139,3345,3411,3130,3194,3990,3712,3408,3292,6640,4813,3828,3196,12185,5967,3985,3399,24.292,-30.5667,8.60915,47.6633
56140,3421,3616,3936,3787,3596,4334,5615,4891,3650,4751,7836,5966,3539,4116,4997,4671,5.15909,10.4805,8.6616,48.4813
56141,3783,3595,3266,3155,5074,4290,3608,3237,8843,6054,3813,3455,7431,5397,3879,3445,12.6827,-21.5457,8.91005,48.2167
56142,3384,3921,5906,12673,3323,3649,4758,6054,3223,3383,3745,3940,3162,3208,3350,3298,-30.1352,29.316,8.59914,47.318
56143,3310,3907,6809,11831,3392,3863,4991,5896,3262,3577,3880,3993,3131,3192,3357,3404,-33.0784,22.8375,8.52944,47.8633
56144,4506,7238,8205,5001,4143,5307,5656,4390,3484,3758,3872,3671,3210,3416,3279,3353,-21.4973,1.9747,8.75065,48.326
56145,5175,5877,4536,3533,6089,8252,4854,3624,4322,4835,3902,3407,3526,3661,3496,3316,-10.0231,-10.1337,8.8091,48.27
56146,3239,3617,3995,4560,3399,3745,4781,7678,3345,3786,4951,8920,3242,3551,4324,5019,1.90059,32.7945,8.80902,48.1013
56147,3026,3273,3452,3403,3209,3410,3815,4283,3315,3875,5140,7441,3433,4061,6011,10716,19.5634,24.837,8.98517,47.9087
56148,3896,3685,3515,3178,5691,4356,3642,3230,9904,5259,3736,3420,6846,4815,3707,3345,9.27388,-29.9851,8.5201,48.15
56149,3522,3655,3234,3144,4223,4386,3787,3489,6066,7658,4800,3618,5742,6692,4747,3718,13.4252,-10.5064,8.81991,48.3207
56150,4529,4314,3643,3176,7369,5457,3949,3466,7811,5594,3934,3261,4809,4344,3590,3314,0.751598,-20.9068,8.75507,48.3733
56151,3895,4098,4024,3667,4272,6017,5206,3957,4468,6775,5719,3933,3854,4375,4240,3741,1.97068,-2.16668,8.64154,48.1607
56152,3201,3424,3825,4276,3324,3681,4630,6747,3365,3782,5233,9479,3305,3650,4467,5700,4.54138,29.0063,8.63973,48.0593
56153,4095,6712,9240,5546,3896,4607,5241,4485,3502,3673,3920,3677,3293,3286,3417,3419,-32.2916,4.69343,8.83224,48.006
56154,5300,9088,7419,4325,4339,5129,4756,3950,3668,3737,3770,3428,3221,3380,3321,3260,-31.6447,-2.90441,8.67026,48.0607
56155,3038,3290,3413,3537,3247,3435,4093,4406,3510,3942,5252,8099,3441,3966,5938,9638,17.6049,23.9892,8.8572,48.1633
56156,3564,3529,3206,3154,4273,4182,3494,3447,6817,6302,4212,3526,7635,6905,4255,3568,16.4607,-16.319,8.71121,48.046
56157,3559,3542,3334,3049,4111,3985,3445,3205,6898,5433,3936,3429,9547,6769,4083,3408,19.7654,-19.9771,8.61728,47.822
56158,3897,3871,3420,3220,5450,4711,3737,3341,8322,6722,4300,3460,5882,5011,3946,3374,8.11533,-18.2033,8.69879,48.4427
56159,3341,3439,3222,3124,3811,3841,3462,3364,5049,5234,4216,3704,7186,10022,5342,3881,31.5098,-10.5033,8.65834,48.1587
56160,3584,4340,8493,9236,3583,3972,5295,5535,3290,3498,3872,3920,3041,3184,3385,3435,-33.9841,15.8971,8.82323,47.7753
56161,3808,5145,7090,5051,3916,5138,7663,5025,3455,3858,4413,4021,3211,3435,3581,3437,-14.1265,6.30267,8.99107,48.1647
56162,4292,6127,7856,5202,3946,5197,6408,4563,3465,3889,4011,3844,3269,3341,3372,3296,-18.503,4.09691,8.57393,48.052
56163,6550,4763,3806,3292,9873,5194,3746,3385,5898,4451,3574,3317,3978,3688,3399,3179,-7.98362,-31.2989,8.56048,48.062
56164,3260,3322,3366,3180,3741,3916,3681,3318,5075,5591,4394,3717,6782,9521,5610,3854,24.4143,-9.30994,8.9264,48.2187
56165,3391,3442,3223,3235,3608,3825,3616,3500,4354,5200,4689,3956,5426,9273,7010,4279,31.2751,-3.85997,8.53225,48.018
56166,9003,9002,4728,3647,5369,5196,4039,3572,3819,3786,3503,3376,3400,3370,3251,3098,-28.5806,-14.5484,8.61863,48.106
56167,3463,3849,4968,5596,3409,4105,6693,8089,3323,3840,4938,5649,3169,3387,3917,3930,-6.57936,18.0171,8.97325,48.2167
56168,3067,3205,3222,3396,3219,3476,3734,3957,3337,3697,4757,6198,3441,4039,6071,12763,27.3921,32.0651,8.85305,47.7193
56169,3691,3580,3391,3171,4616,4606,3806,3245,6558,7626,4401,3649,5801,6228,4263,3544,11.7404,-13.4301,8.55635,48.1173
56170,3437,3919,6103,10049,3344,3820,5227,7773,3256,3555,3987,4442,3117,3220,3366,3422,-18.653,24.3572,8.53047,48.0247
56171,4351,7332,9216,5285,4075,4732,5069,4411,3584,3677,3835,3619,3320,3365,3326,3218,-29.1463,3.24419,8.71395,48.2767
56172,3270,3339,3406,3572,3516,3807,4230,3840,3990,5383,6918,4905,4123,5727,7187,5007,15.6024,4.70309,8.81067,48.1467
56173,3688,4608,8466,8702,3558,4124,5707,5724,3299,3532,3890,3855,3053,3175,3349,3447,-23.0972,15.1393,8.59074,48.118
56174,7195,9640,5408,3921,4773,5387,4383,3616,3735,3878,3600,3374,3292,3387,3302,3179,-27.2378,-10.1759,8.61703,48.0467
56175,3486,3301,3282,3221,4019,3827,3454,3236,6092,4759,3740,3309,12528,5995,3884,3392,33.4637,-27.6786,8.58992,47.6833
56176,3375,3883,5965,12680,3414,3732,4714,6085,3204,3414,3729,3957,3071,3246,3353,3351,-28.0097,29.3206,8.73868,47.4487
56177,4242,4896,4286,3654,4861,7704,5506,3945,4372,5781,4580,3718,3745,3920,3749,3426,-4.57609,-5.28761,8.9468,48.2567
56178,4450,7421,8619,5139,4055,5126,5307,4428,3486,3744,3802,3664,3301,3282,3329,3188,-23.9179,2.02551,8.6913,48.2273
56179,8630,8574,4717,3650,5823,5410,4084,3327,3951,3886,3412,3309,3343,3470,3274,3119,-23.5733,-15.1493,8.82733,47.986
56180,5611,4527,3646,3313,9704,5154,3752,3343,6682,4515,3635,3322,4211,3876,3377,3257,-4.95052,-29.9266,8.77767,47.95
56181,3402,3905,6235,12617,3459,3754,4793,6189,3229,3398,3741,3916,3110,3260,3349,3281,-28.5739,26.8223,8.97471,47.7587
56182,3245,3561,4185,5005,3463,3734,5038,8877,3252,3786,4906,7940,3145,3499,4110,4555,-1.75229,29.0453,8.91736,48.2007
56183,3153,3394,3702,3815,3290,3436,4256,5576,3390,3742,5157,10114,3334,3794,4925,6935,9.32003,30.403,8.72241,48.0087
56184,3672,4569,6842,5588,3684,4618,7769,5909,3423,3900,4404,4206,3148,3412,3456,3496,-13.5775,10.4672,8.90145,48.064
56185,4339,3953,3421,3219,6911,4750,3758,3365,9191,5428,3872,3407,5413,4300,3591,3256,3.85195,-25.0589,8.59365,48.116
56186,3561,3678,3579,3433,3901,4603,4682,3778,4411,7081,6780,4440,4177,5297,5140,3943,9.20393,-0.461064,8.61794,48.3227
56187,8638,6100,4005,3413,7949,5900,4006,3348,4480,3998,3598,3225,3542,3472,3279,3085,-15.5335,-20.4376,8.98628,48.0253
56188,3603,4289,5208,4661,3867,5085,8144,5584,3577,4204,5519,4477,3252,3531,3797,3694,-6.36728,8.40958,8.98913,48.328
56189,3386,3744,5138,7721,3313,3931,5195,9505,3250,3579,4169,5071,3078,3289,3610,3646,-12.4953,27.7207,8.59237,47.75
56190,3182,3368,3248,3364,3330,3621,3960,3789,3858,4421,5646,4802,3980,5936,9695,6220,24.4334,7.27859,8.88166,48.28
56191,3416,3285,3169,3104,4038,3780,3514,3295,7260,5031,3757,3416,11275,6047,4095,3443,21.4028,-28.5195,8.95803,47.95
56192,3265,3372,3212,3098,3853,3840,3498,3268,6277,4826,3827,3337,12390,6279,3997,3420,26.5862,-26.3205,8.87455,47.8393
56193,3062,3257,3441,3439,3342,3520,3797,3910,3535,4119,5329,5372,3635,4975,9146,8201,25.6294,13.9045,8.88141,48.0533
56194,3531,3873,4352,4140,3676,4695,6889,5041,3692,4612,7130,5159,3370,3849,4426,4162,0.586529,8.62725,8.95395,48.398
56195,3043,3194,3353,3492,3248,3506,3838,4077,3487,3843,4925,6719,3391,3868,6312,11389,23.037,25.561,8.51098,47.79
56196,4634,7749,7643,4673,4333,5433,5388,4249,3662,3864,3805,3666,3269,3382,3406,3257,-21.8662,-0.0839246,8.87374,48.2753
56197,3158,3228,3227,3363,3268,3223,3758,3846,3321,3816,4727,6077,3409,3871,6019,12551,26.88,33.4553,8.83192,47.2413
56198,3252,3265,3344,3362,3167,3473,3875,3885,3400,3815,4645,6099,3425,3938,6066,12452,30.6864,28.4803,8.59769,47.642
56199,3301,3520,3565,3306,3518,4045,4226,3728,4091,6098,7063,4541,4205,5661,6445,4651,14.1464,2.6222,8.91019,47.976
56200,3186,3442,3418,3690,3287,3504,4208,5056,3412,3864,5247,9680,3339,3701,5060,7748,12.1441,32.0211,8.93406,47.8947
56201,12452,5968,3925,3411,5834,4745,3827,3344,3877,3801,3343,3364,3301,3332,3289,3202,-31.6442,-32.9408,8.57298,47.3433
56202,8835,5439,3984,3319,8717,5207,3794,3305,4664,4062,3583,3331,3605,3462,3305,3114,-14.877,-33.021,8.74407,47.8173
56203,4118,3857,3368,3171,6098,4966,3708,3322,8569,6213,3958,3389,5568,4667,3767,3304,5.46754,-20.2221,8.75102,48.0287
56204,4723,4860,3840,3377,6475,7192,4404,3676,5428,5805,4138,3452,4201,4138,3663,3181,-3.92094,-13.2392,8.56082,48.3687
56205,3966,3771,3543,3234,4890,5341,3946,3539,6483,7918,4400,3535,5079,5226,4001,3502,7.14252,-12.6546,8.91575,48.2493
56206,3166,3218,3324,3293,3300,3448,3916,4033,3319,3881,4927,6127,3349,3988,6874,11809,27.4703,23.4941,8.54913,47.9813
56207,3700,3607,3317,3108,5114,4274,3660,3252,9515,5266,3780,3367,7775,5091,3880,3383,12.0652,-31.5981,8.55723,48.0593
56208,3880,5404,9823,7205,3640,4333,5392,4964,3372,3566,3864,3769,3179,3296,3427,3408,-26.9897,10.3642,8.5538,48.348
56209,4382,4023,3346,3150,7072,4973,3680,3371,8716,5539,3920,3526,5220,4414,3678,3340,3.06642,-22.8557,8.92288,48.2333
56210,7353,6285,4182,3350,7656,6361,4028,3432,4578,4237,3618,3316,3625,3645,3299,3052,-14.3891,-17.7852,8.70045,48.0113
56211,5335,4288,3631,3276,9105,5319,3830,3360,7341,4722,3719,3391,4284,3853,3386,3236,-2.7966,-27.5217,8.91069,48.0507
56212,3111,3309,3348,3378,3226,3632,3803,3861,3479,4075,5185,5474,3602,4528,8896,9204,28.485,15.5362,8.79366,48.074
56213,3404,3472,3293,3124,4065,3943,3596,3434,5746,6100,4264,3609,7695,8337,4747,3674,20.5615,-13.6924,8.59443,48.3353
56214,4144,4320,3855,3431,5054,6554,4671,3698,5037,6948,4826,3750,4127,4424,3951,3533,0.792066,-7.94346,8.76245,48.2153
56215,6005,5602,4044,3480,7454,7159,4288,3603,4865,4540,3751,3342,3749,3820,3407,3180,-10.4528,-16.0068,8.58591,48.1927
56216,3917,6127,9814,6205,3808,4619,5218,4738,3437,3660,3792,3615,3204,3413,3394,3371,-33.2805,7.13519,8.7613,48.2213
56217,3498,3623,3598,3334,3895,4672,4450,3787,4519,7466,6398,4123,4317,5365,5104,4064,9.667,-2.22016,8.71631,48.142
56218,5793,8049,5438,3948,5193,6825,4913,3851,3877,4061,3757,3422,3377,3499,3487,3141,-17.8276,-7.59761,8.77128,48.4207
56219,5623,8821,6081,4196,4726,5883,4759,3925,3854,3923,3748,3485,3360,3455,3307,3216,-21.7459,-5.81367,8.5919,48.2413
56220,6291,7705,4858,3663,5580,6996,4548,3632,4049,4227,3831,3362,3419,3523,3304,3118,-16.0812,-10.5766,8.68532,48.0707
56221,3506,4052,6598,11335,3317,3789,4905,6713,3093,3543,3828,4008,3084,3307,3500,3448,-23.7416,24.037,8.6837,48.0173
56222,11505,7154,4102,3366,5981,4906,3851,3357,3845,3827,3377,3226,3268,3457,3200,3146,-30.7957,-21.3821,8.86457,47.712
56223,3053,3242,3445,3316,3281,3595,3886,3756,3528,4146,5210,5661,3453,4665,8574,9397,26.1796,16.0869,8.88302,48.1387
56224,3125,3287,3337,3573,3203,3530,3870,3856,3319,3908,4701,5838,3361,4017,6814,11969,30.7633,23.3874,8.53228,47.8053
56225,3145,3264,3628,3831,3325,3651,4317,5632,3377,3838,5268,10068,3453,3771,4878,6994,9.72907,29.6553,8.77029,48.2933
56226,3615,3929,3981,3775,3933,5255,5745,4130,4248,6124,6743,4287,3844,4315,4437,3963,2.71989,1.22139,8.69254,48.216
56227,3182,3365,3378,3500,3338,3603,4053,4535,3403,3751,5155,8865,3469,3885,5440,9080,15.1527,29.7063,8.59097,48.0013
56228,4010,5299,6020,4492,4025,5950,7539,4713,3637,4186,4506,3968,3273,3578,3657,3465,-11.7752,3.37582,8.82867,48.212
56229,5015,8711,7617,4594,4313,5212,4810,4039,3663,3714,3719,3682,3214,3384,3280,3160,-27.0352,-1.96315,8.52996,48.0847
56230,3129,3330,3295,3449,3239,3479,3937,4069,3413,3842,5314,6847,3503,4078,6765,10445,21.0535,21.6142,8.69419,48.0893
56231,3385,3570,3737,3693,3593,4113,4835,4259,3791,5142,8187,5477,3636,4557,5766,4773,9.22836,7.80407,8.71475,48.3427
56232,3367,3542,3582,3495,3631,4392,4758,3970,4129,6069,7503,4493,3937,5103,5573,4366,10.0818,2.85323,8.83176,47.94
56233,4244,3953,3393,3224,6986,4788,3681,3317,9184,5362,3826,3346,5486,4373,3716,3319,3.9752,-26.7115,8.53189,48.132
56234,4850,4201,3672,3258,7680,5611,3857,3363,7184,5696,3809,3417,4547,4130,3701,3266,-0.64605,-20.0049,8.73804,48.1613
56235,3411,3954,5822,10640,3409,3798,4961,7919,3219,3503,3894,4222,3114,3205,3428,3379,-18.9499,28.5136,8.90833,47.9187
56236,3396,4103,7303,11365,3413,4025,4882,6004,3145,3464,3825,4021,3086,3165,3376,3337,-26.841,21.0414,8.86883,47.94
56237,3727,4792,9047,8431,3497,4223,5107,5312,3352,3503,3837,3893,3117,3271,3416,3407,-32.1909,13.7097,8.66512,47.9547
56238,3688,5096,9810,7477,3518,4177,5173,4993,3344,3563,3843,3750,3129,3271,3359,3396,-32.5677,11.1148,8.90731,47.7247
56239,3400,3301,3308,3055,3920,3959,3595,3220,5974,5829,4171,3524,8304,8308,4636,3598,21.4391,-15.1669,8.54738,48.068
56240,3098,3312,3482,3557,3279,3506,3975,4339,3441,4025,6120,7302,3446,4064,6770,8316,16.7967,18.3521,8.9595,48.0213
56241,3298,3339,3231,3194,3805,3903,3543,3321,4905,5283,4217,3729,7068,9946,5413,3798,28.6854,-10.0434,8.75235,47.9953
56242,7537,5096,3751,3283,9755,5411,3844,3389,5312,4266,3577,3304,3761,3579,3218,3069,-11.3718,-26.6876,8.75612,48.1013
56243,4627,6288,5393,4023,4739,7257,5879,4070,3871,4459,4073,3575,3424,3553,3587,3278,-12.5011,-3.24741,8.82152,48.064
56244,3894,4207,3963,3580,4526,6575,4844,3771,4803,7294,5196,3887,4194,4500,4083,3574,1.41598,-5.66314,8.89714,48.594
56245,4208,3916,3387,3108,6697,4692,3615,3278,9423,5323,4041,3475,5625,4430,3670,3298,4.95341,-27.1752,8.621,48.124
56246,4626,4182,3533,3230,7205,5524,3935,3325,7883,5515,3866,3370,4768,4339,3587,3212,1.09349,-21.031,8.68162,48.0667
56247,3118,3196,3376,3338,3248,3518,3848,3932,3430,3744,4989,6305,3463,4205,6932,11448,25.2646,21.8424,8.92399,48.06
56248,3414,3215,3165,3245,3980,3774,3383,3224,6076,4809,3815,3401,12840,6003,3862,3307,31.1492,-29.2034,8.91302,47.6753
56249,10124,8202,4455,3491,5694,5166,3861,3506,3861,3864,3529,3270,3338,3397,3349,3120,-27.6704,-17.6059,8.82265,48.1513
56250,3323,3331,3226,3086,3926,3814,3437,3239,5711,5209,4012,3550,9671,8332,4451,3617,25.5825,-17.038,8.91602,47.9567
56251,3141,3242,3375,3462,3184,3604,3730,3794,3514,4000,5183,5283,3572,4755,8971,8837,30.4307,14.7264,8.73952,47.7647
56252,3869,4861,5890,4671,3922,5561,7858,4915,3636,4131,4791,4221,3305,3501,3765,3538,-10.2416,5.65792,8.69226,48.29
56253,7775,7050,4323,3659,6596,6354,4282,3536,4213,4150,3705,3276,3535,3550,3227,3150,-17.1491,-15.7102,8.73676,48.254
56254,3131,3470,3346,3230,3701,3703,3755,3409,4419,5142,4774,4038,5151,9033,7303,4361,32.8576,-2.87056,8.61018,47.9773
56255,3384,3385,3279,3058,4026,3817,3490,3245,6808,4812,3820,3420,11898,5735,3886,3477,23.1846,-31.2451,8.68483,47.6933
56256,3197,3280,3536,3470,3437,3682,4308,4126,3719,4559,7171,5872,3607,4788,7237,6095,15.2495,10.9251,8.56633,48.056
56257,3394,3966,6055,12321,3383,3866,4727,6312,3210,3444,3696,3795,3134,3199,3387,3450,-27.9169,32.3154,8.51102,47.5593
56258,4289,6451,8624,5473,3928,4951,6052,4559,3467,3794,3977,3685,3115,3262,3357,3330,-20.579,4.65484,8.92377,48.2093
56259,3627,3486,3199,3117,4710,4080,3578,3388,8788,5116,3749,3430,9151,5496,3876,3440,15.1677,-28.2508,8.52355,48.154
56260,3303,3628,4543,5680,3486,3718,5113,9331,3427,3693,4555,6326,3213,3396,3924,4084,-5.28907,33.4054,8.50372,47.6133
56261,3333,3844,6099,12697,3349,3754,4696,6049,3220,3410,3709,3958,3081,3283,3349,3392,-32.4496,27.406,8.97025,47.482
56262,3125,3208,3289,3433,3271,3483,3718,3979,3400,3778,4776,5940,3351,3896,6217,12636,29.2222,26.0909,8.93878,47.6667
56263,11991,5936,3967,3399,6855,4744,3789,3367,4132,3928,3533,3176,3331,3329,3154,3141,-23.2126,-30.5065,8.66512,47.848
56264,3521,3773,3669,3380,4029,5017,4526,3640,4574,7853,6132,4068,4257,5277,4942,3906,8.46424,-2.96068,8.92274,48.376
56265,3354,3338,3375,3243,3892,3909,3654,3187,5015,6064,4538,3607,6181,9248,5629,3910,21.4977,-8.76362,8.8811,48.096
56266,4313,3888,3411,3179,7143,4803,3746,3256,9153,5249,3666,3337,5435,4450,3541,3246,3.34636,-25.3216,8.89665,47.8773
56267,3936,4802,4714,3936,4282,6906,6833,4222,3979,5002,5047,3952,3584,3804,3889,3468,-5.80487,-0.229645,8.8464,48.2373
56268,5777,4768,3755,3304,9222,5806,3906,3420,6205,4615,3661,3311,4043,3954,3499,3118,-6.2884,-22.701,8.73935,48.2427
56269,4067,5704,9097,6070,3660,4662,6092,4854,3336,3690,3924,3881,3202,3366,3362,3477,-21.5987,7.56846,8.56102,48.296
56270,3424,3889,4977,4965,3478,4446,7519,6979,3392,3973,5279,5328,3291,3523,3928,3961,-5.12774,14.2992,8.9079,48.2347
56271,4611,5496,4567,3838,5188,7872,5658,3842,4074,4980,4194,3699,3632,3710,3503,3280,-8.26333,-5.91912,8.55535,48.096
56272,3237,3431,3290,3123,3803,3775,3447,3318,5952,4766,3838,3408,12491,5996,3972,3410,28.8271,-33.835,8.8931,47.5047
56273,3614,4555,7260,7461,3555,4307,6301,6620,3325,3655,4094,4146,3098,3329,3476,3509,-16.9862,15.2686,8.64222,48.2033
56274,3168,3213,3479,3556,3203,3523,3981,4500,3432,3817,5025,8346,3340,3849,5635,9891,17.4256,28.8499,8.71821,47.972
56275,3327,3782,4343,4900,3408,3827,5925,7914,3273,3837,5377,6963,3270,3592,4195,4369,-1.77549,20.0053,8.91972,48.2013
56276,3928,4316,4357,3700,4431,6982,6105,4049,4175,5869,5411,4029,3747,4078,3862,3572,-2.4681,-2.31416,8.89507,48.4073
56277,3211,3228,3636,3693,3300,3605,4175,5092,3288,3806,5255,9662,3412,3757,4957,7812,11.9814,28.908,8.52773,47.926
56278,8506,9159,4699,3593,5121,5090,4079,3549,3797,3840,3565,3393,3416,3432,3284,3127,-31.9685,-13.9136,8.54399,47.7667
56279,3141,3138,3411,3420,3205,3579,3819,3722,3563,4212,5384,5139,3606,5258,9646,7766,28.1939,12.0947,8.80007,48.006
56280,7510,8020,4668,3630,5952,6242,4296,3634,3889,4021,3533,3382,3469,3358,3391,3189,-19.1384,-13.2231,8.75095,48.1227
56281,3017,3247,3381,3436,3365,3577,3752,3866,3668,4392,5686,5297,3736,5010,9370,7515,24.0584,12.0121,8.89398,48.21
56282,3313,3468,3184,3159,3934,3842,3577,3348,5454,5256,4029,3597,8995,8572,4646,3507,25.1027,-15.2703,8.78677,47.9207
56283,3792,4872,6598,5192,3746,5201,7711,5378,3564,4089,4412,4048,3186,3391,3613,3538,-12.4856,7.4932,8.5881,48.2207
56284,4391,4018,3514,3250,7360,4776,3731,3333,9177,5155,3828,3323,5251,4370,3488,3284,2.85996,-29.399,8.87237,48.166
56285,3434,4380,8687,9352,3517,4073,5175,5282,3282,3439,3802,3805,3153,3325,3405,3340,-33.571,15.9616,8.97781,47.634
56286,3994,5650,6790,4852,4068,5832,7034,4593,3567,4042,4215,3823,3251,3549,3461,3315,-14.4909,3.18295,8.89699,48.024
56287,3769,4426,4391,3927,4104,5978,7175,4539,3686,4854,5834,4287,3558,3960,3899,3834,-3.55643,2.76145,8.96686,48.1473
56288,6646,6996,4564,3585,6331,7003,4378,3620,4172,4298,3609,3488,3457,3540,3295,3148,-15.5525,-13.5192,8.67818,48.0867
56289,6602,9616,5537,3853,5089,5963,4422,3655,3864,3874,3656,3345,3279,3441,3309,3013,-22.7693,-9.3832,8.90032,48.3453
56290,3328,3293,3278,3130,3762,3908,3689,3375,4587,5037,4785,3850,5418,9562,6776,4299,33.3574,-4.31902,8.79241,48.0513
56291,4552,4174,3480,3232,7076,5363,3868,3445,7895,5784,3925,3346,4969,4464,3745,3222,1.80452,-20.261,8.54176,48.36
56292,3428,3405,3346,3063,3780,3887,3483,3291,5464,5443,4181,3569,8409,9006,4798,3598,26.0539,-13.9609,8.56825,48.1007
56293,5677,5027,3877,3403,7877,6997,4165,3454,5284,4996,3824,3228,3918,3779,3529,3202,-7.81985,-17.0841,8.56804,48.158
56294,3396,3446,3382,3321,3697,4204,4105,3684,4135,6504,6416,4439,4345,6199,6493,4471,15.0083,0.628318,8.80722,48.158
56295,4101,4163,3894,3467,4663,6554,4850,3674,4764,7085,5112,3808,4141,4633,4034,3547,1.53652,-6.30321,8.82032,48.3267
56296,3378,3284,3299,3185,3830,3750,3583,3276,5673,4996,4014,3447,10667,7730,4319,3438,30.8899,-18.9632,8.71345,47.9127
56297,5183,6020,4302,3678,5825,8063,4829,3689,4364,4747,3986,3507,3654,3630,3410,3286,-10.2933,-9.61277,8.83353,48.1153
56298,5508,5043,3882,3363,7915,7029,4177,3390,5435,4943,3768,3409,3967,3844,3440,3090,-6.92564,-17.0377,8.97278,48.1353
56299,3533,4220,5225,4541,3863,5321,8116,5185,3577,4456,5520,4377,3343,3637,3842,3684,-5.9636,6.53325,8.99576,48.2933
56300,3318,3366,3143,3091,3884,3783,3439,3313,5434,5138,4092,3524,9190,8989,4577,3662,28.8449,-15.2313,8.85929,47.962
56301,6238,4856,3714,3189,9711,5664,3940,3259,6135,4532,3622,3224,3941,3775,3371,3207,-7.48831,-24.4397,8.77448,48.252
56302,3372,3268,3276,3110,4018,3711,3419,3299,6517,4915,3876,3379,12326,5924,3872,3447,24.5449,-31.1774,8.85691,47.8193
56303,6079,9758,6339,4101,4671,5279,4452,3761,3665,3784,3816,3357,3345,3368,3344,3173,-30.3616,-6.34112,8.66387,48.1947
56304,3190,3254,3185,3404,3304,3398,3712,3887,3411,3737,4798,6011,3392,3869,5897,12601,28.7986,32.3695,8.76678,47.3667
56305,7401,8150,4525,3746,5873,6151,4271,3577,4039,4056,3652,3392,3349,3381,3225,3121,-19.7867,-13.5819,8.67891,47.9393
56306,3374,3415,3233,3155,3936,3961,3698,3356,5284,6416,4596,3843,6291,8565,5250,3899,19.1117,-9.19071,8.57432,48.1813
56307,4041,5109,6298,4642,3746,5876,7707,4934,3682,4115,4612,3901,3256,3458,3577,3630,-11.7353,4.43392,8.86591,48.3893
56308,3623,3993,3993,3577,3934,5539,5673,4210,4205,6326,6769,4367,3883,4409,4328,3816,2.56854,0.700162,8.92891,48.43
56309,3861,4525,5340,4401,3880,5455,8077,5112,3528,4298,5199,4254,3327,3777,3765,3616,-7.41515,5.9743,8.87687,48.2767
56310,4118,6389,9307,5785,3838,4835,5794,4584,3434,3629,3897,3665,3100,3309,3398,3225,-22.8057,5.24614,8.9123,48.2047
56311,12398,5917,3863,3335,6010,4788,3703,3340,3944,3791,3437,3355,3418,3398,3223,3275,-32.642,-32.4394,8.57846,47.4633
56312,3157,3367,3440,3347,3344,3675,3930,3761,3729,4888,6309,4909,3995,5814,8921,5903,20.0738,6.94418,8.92616,48.326
56313,4841,6321,5004,3916,4974,7752,5429,3803,4081,4449,4087,3559,3533,3532,3557,3293,-12.3603,-5.21106,8.83024,48.0873
56314,3517,4613,8892,8873,3513,4088,5381,5480,3314,3591,3909,3872,3217,3262,3374,3385,-26.2576,14.7427,8.73754,48.1873
56315,3948,5825,8724,5713,3938,4698,6223,4882,3365,3783,4049,3899,3184,3381,3444,3337,-19.9077,6.90109,8.67147,48.262
56316,3186,3530,4211,4702,3374,3753,4978,7759,3359,3858,5059,8411,3325,3559,4048,4879,0.803103,25.1074,8.76894,47.994
56317,3311,3441,4165,4751,3428,3680,5010,8495,3303,3742,4860,7975,3192,3500,4069,4631,-0.757318,33.6136,8.70939,47.702
56318,3251,3549,4205,4687,3409,3915,5014,7584,3376,3711,5431,8333,3295,3574,4375,4876,1.30223,23.1238,8.68936,48.39
56319,3177,3246,3419,3350,3237,3451,3716,3954,3386,3820,4821,6045,3384,4112,6541,12242,29.5826,23.9424,8.77727,47.934
56320,3736,5244,9804,7184,3671,4343,5372,4959,3289,3546,3782,3697,3211,3254,3430,3322,-29.9824,10.8736,8.58656,47.896
56321,3144,3287,3372,3352,3255,3420,3751,3970,3449,3767,4720,5975,3364,3964,5927,12821,29.0268,29.8795,8.73892,47.692
56322,3039,3192,3290,3451,3203,3477,4107,4367,3421,3877,5278,7564,3386,3990,6155,10037,18.9465,23.5679,8.64107,47.8893
56323,3096,3381,3784,4047,3369,3745,4544,6160,3388,3833,5262,9956,3322,3619,4601,6209,7.03758,27.4563,8.91384,48.2107
56324,4212,6312,7608,5117,4025,5490,6369,4575,3528,3810,4186,3692,3263,3424,3436,3363,-17.8343,3.40289,8.67524,48.2733
56325,3215,3573,3915,4337,3307,3761,4788,7300,3374,3695,5146,9098,3274,3648,4456,5321,3.15775,30.6535,8.61155,48.1387
56326,9160,6242,4075,3500,7883,5507,3958,3462,4451,4091,3545,3246,3536,3431,3274,3089,-17.3304,-21.6935,8.6543,48.3
56327,3060,3316,3482,3408,3216,3474,4004,4529,3436,3872,5586,8187,3435,3886,6105,9035,16.614,22.2069,8.89289,48.0207
56328,3269,3648,4136,4353,3452,4111,6080,6049,3519,4163,6774,6731,3288,3742,4543,4551,1.51647,14.8154,8.99825,48.2727
56329,5198,7828,5993,4252,4724,6376,5229,4021,3835,4175,3834,3552,3379,3488,3280,3254,-17.8315,-4.39863,8.72277,48.2787
56330,3199,3576,4158,4524,3391,3854,5251,7101,3476,3757,5504,8198,3245,3684,4481,5085,1.81581,22.0172,8.64572,48.3227
56331,3600,4069,5083,4546,3733,4854,7962,5644,3560,4242,5642,4596,3376,3562,3960,3771,-5.4449,9.05443,8.92086,48.1333
56332,5534,5767,4318,3640,6376,7885,4587,3720,4529,4794,3829,3376,3663,3720,3494,3173,-10.3407,-12.2833,8.62743,48.27
56333,3403,3543,3374,3258,3912,4251,3920,3426,5066,7133,5196,3820,5335,7550,5367,3966,16.0773,-6.15817,8.95088,48.3467
56334,3163,3135,3476,3427,3258,3496,3825,3954,3354,3766,4873,5935,3491,3879,6539,12035,33.2811,23.2566,8.76589,47.7373
56335,3166,3207,3533,3578,3243,3439,4165,4519,3311,3966,5278,8393,3413,3963,5703,9176,16.0018,24.3496,8.79848,48.0353
56336,3389,3691,4821,6422,3353,3739,5247,10032,3270,3719,4380,5824,3213,3431,3647,3987,-8.07499,31.7402,8.69344,48.11
56337,3518,3409,3214,3214,4008,3772,3409,3253,6313,4683,3744,3329,12617,5924,3829,3307,33.7299,-28.756,8.5993,47.6953
56338,10382,6335,3967,3410,7307,5163,3867,3376,4284,4071,3464,3180,3489,3453,3293,3002,-19.8738,-22.8096,8.5073,48.0287
56339,5918,4818,3729,3339,9105,5785,3941,3412,6195,4743,3604,3352,4044,3927,3447,3122,-6.15916,-22.6894,8.68385,48.3207
56340,3524,4119,4699,4214,3753,5085,7927,5172,3645,4631,6009,4484,3410,3763,3947,3854,-3.63283,7.1806,8.87392,48.1573
56341,4590,7716,8762,5031,4084,4763,5089,4276,3508,3609,3760,3632,3156,3294,3367,3253,-30.5657,1.662,8.86858,47.9267
56342,4539,7378,8992,5191,4069,4852,5279,4322,3534,3661,3771,3492,3258,3263,3223,3298,-27.0536,2.44368,8.81391,48.0813
56343,11912,6534,3951,3318,6378,4905,3708,3322,3983,3860,3373,3141,3399,3349,3228,3049,-24.8783,-24.3676,8.88079,47.6067
56344,3456,3349,3242,3178,4087,3910,3491,3239,6692,4860,3706,3442,11987,5846,4020,3376,24.0143,-31.1094,8.57921,47.9207
56345,4748,6224,4920,3920,5144,7886,5662,3814,4035,4514,4188,3535,3394,3486,3547,3233,-11.5748,-5.31636,8.96963,48.1667
56346,3166,3368,3449,3422,3344,3780,4236,3963,3735,4679,6996,5559,3672,4970,7598,6273,16.8544,10.4214,8.55258,48.14
56347,3342,3930,5434,6806,3454,4064,6435,8290,3237,3681,4505,5028,3234,3415,3658,3849,-10.7641,19.5292,8.51493,48.2413
56348,3116,3342,3814,3956,3275,3767,4495,5982,3397,3686,5202,10116,3268,3705,4604,6235,7.19919,32.1773,8.99358,47.9733
56349,3345,3444,3245,3069,3947,3791,3537,3313,5677,5065,3929,3355,10497,7893,4307,3455,26.6971,-18.7866,8.75814,47.9127
56350,3401,3757,3930,3843,3645,4472,5737,4460,3836,5229,7744,5088,3719,4190,4899,4258,4.68661,6.33037,8.65837,48.1387
56351,3643,3814,3678,3438,4221,5366,4403,3723,5075,8067,5416,3896,4358,5144,4352,3665,6.28169,-5.81943,8.7658,48.1727
56352,3840,3714,3342,3127,5490,4346,3560,3259,9641,5290,3880,3398,7261,5005,3691,3296,10.0639,-26.9754,8.70346,48.0933
56353,3234,3645,4197,4721,3333,3723,5034,7784,3295,3674,5048,8507,3179,3571,4193,5079,1.00954,26.9677,8.69093,48.1447
56354,3400,3670,3964,3612,3725,4414,5432,4329,3930,5540,7938,4989,3757,4387,4975,4549,6.08843,5.46144,8.72243,48.4073
56355,3081,3309,3337,3372,3325,3551,3885,3843,3801,4599,5895,4762,3967,5692,9401,6403,23.3744,8.46737,8.63644,48.1487
56356,3888,3700,3375,3108,5862,4518,3692,3228,9840,5321,3863,3397,6593,4673,3814,3285,8.15107,-26.3007,8.64196,48.1047
56357,4255,5050,4251,3716,4892,7624,5642,3974,4312,5551,4566,3679,3652,3856,3698,3393,-5.43152,-4.58923,8.70589,48.074
56358,3418,3516,3253,3145,3888,3719,3403,3156,6036,4738,3731,3407,12642,6039,3856,3413,28.5623,-30.7131,8.68395,47.5733
56359,3190,3262,3519,3529,3314,3504,3888,4490,3381,3834,5103,8718,3380,3852,5542,9532,16.0922,32.5465,8.84918,48.0253
56360,4802,4758,3851,3474,6635,7326,4471,3633,5491,5732,3952,3357,3964,3928,3685,3182,-3.84593,-13.3964,8.57975,48.1607
56361,3450,3535,3611,3319,3848,4499,4641,3835,4266,6919,6800,4290,4338,5396,5269,4144,9.97507,-0.06801,8.61079,48.1067
56362,3229,3228,3445,3341,3457,3752,3940,3686,3915,4750,5848,4683,4044,6298,8954,5718,22.1999,5.74786,8.55204,48.192
56363,7103,5745,3970,3293,8212,6438,4088,3525,4765,4329,3670,3262,3751,3602,3397,3042,-12.5685,-19.0017,8.95519,48.128
56364,3317,3361,3403,3215,3600,3796,3940,3607,4095,5510,5866,4427,4488,6932,7722,4856,19.4935,1.5159,8.83734,48.09
56365,3931,5026,6630,4913,3892,5433,7767,5094,3577,4108,4426,3973,3234,3454,3473,3488,-12.7438,5.96731,8.78528,48.2793
56366,6048,5473,3962,3471,7804,7153,4244,3515,5079,4796,3698,3454,3884,3717,3428,3123,-9.3249,-16.6086,8.86536,48.566
56367,5651,7883,5301,3879,5184,6879,4983,3784,3846,4159,3864,3427,3411,3518,3325,3270,-17.3957,-8.07752,8.61991,48.2427
56368,3216,3281,3260,3284,3733,3906,3785,3446,4502,5982,5276,4185,5022,8320,6844,4354,20.6369,-2.50439,8.92158,48.264
56369,3358,3992,6164,12775,3427,3746,4875,6089,3161,3413,3717,3878,3080,3283,3457,3480,-27.9429,29.7906,8.8378,47.93
56370,3460,3570,3414,3280,4007,4614,4128,3672,4935,7574,5710,3929,4793,6116,5044,3981,11.85,-4.66406,8.57273,48.1513
56371,3251,3935,5914,12616,3320,3778,4725,6307,3185,3367,3753,3870,3158,3312,3299,3464,-27.0572,29.5767,8.75897,47.5027
56372,3627,4676,8427,7511,3645,4154,6065,5792,3371,3579,3966,4062,3080,3236,3439,3441,-19.7457,13.2042,8.80632,48.0473
56373,3382,4139,5965,11752,3490,3699,4983,6865,3307,3452,3880,3898,3132,3154,3331,3423,-22.7885,33.9552,8.70505,47.9013
56374,3461,3489,3272,3040,3952,4100,3751,3344,5510,6567,4398,3609,6602,8100,4920,3787,18.2265,-11.3154,8.82799,47.9347
56375,9064,5807,3994,3299,8191,5394,3808,3424,4639,4167,3496,3243,3547,3623,3273,3064,-16.2439,-23.1904,8.52785,48.022
56376,4778,7500,7104,4527,4329,5612,5546,4320,3637,3919,4049,3542,3283,3438,3386,3290,-19.7303,-0.468862,8.60278,48.1733
56377,3208,3345,3496,3298,3418,3640,3857,3769,3875,4595,5428,4726,4197,6285,9502,5807,25.1216,5.96049,8.53213,48.2973
56378,3246,3322,3505,3349,3464,3934,4161,3944,3865,5134,7039,4962,3979,5501,7222,5170,15.7632,5.57768,8.66884,47.8647
56379,3412,3921,5209,7283,3351,3881,5783,9433,3221,3572,4337,5222,3052,3269,3609,3802,-11.4496,23.416,8.88473,48.238
56380,3405,3309,3469,3289,3548,3805,3715,3526,4210,5109,4852,4185,4889,8467,7831,4587,32.353,-0.85347,8.62231,48.1307
56381,3328,3755,4499,5815,3433,3754,5194,9803,3294,3633,4578,6320,3240,3416,3734,4091,-5.6963,30.9031,8.85241,47.9247
56382,8783,5862,4038,3321,8157,5630,4015,3466,4599,4059,3567,3238,3569,3503,3323,2973,-15.8273,-22.3456,8.71665,48.0687
56383,3524,3860,4596,4521,3664,4464,7136,6009,3532,4081,6158,5314,3294,3705,4084,4165,-2.8463,12.0271,8.58548,48.0713
56384,3305,3650,4337,4737,3449,3957,6103,7034,3379,3995,5792,6774,3359,3684,4174,4385,-1.04148,17.3577,8.54234,48.076
56385,3839,4268,4092,3663,4269,6336,6003,4131,4163,6024,5831,4109,3806,4129,4073,3705,-0.910572,-0.81539,8.95211,48.294
56386,10204,5725,3948,3280,8079,5206,3827,3396,4420,3875,3478,3133,3491,3490,3256,3166,-18.092,-26.7842,8.75511,47.9827
56387,4796,7688,7564,4733,4250,5499,5459,4236,3530,3872,3809,3540,3193,3319,3332,3273,-21.8168,-0.0547359,8.60245,48.062
56388,3432,4049,7048,11500,3390,3760,4975,5866,3130,3460,3829,4046,3120,3156,3356,3429,-33.755,21.8586,8.63214,47.6973
56389,3219,3386,3300,3121,3755,3906,3599,3269,5022,5514,4321,3714,7107,9882,5398,3931,27.2509,-10.1923,8.58411,48.296
56390,3398,3750,6061,12489,3284,3697,4681,6098,3242,3354,3757,3954,3300,3348,3344,3513,-33.9653,27.7844,8.89226,47.5133
56391,3200,3473,3349,3176,3784,4036,3669,3323,4977,6516,4799,3784,5781,8537,5720,4013,19.0639,-6.74124,8.79201,48.0913
56392,3146,3259,3550,3432,3463,3722,4272,4153,3516,4590,7080,5726,3743,4850,7549,6223,16.1114,10.5188,8.696,48.1827
56393,3111,3264,3507,3653,3236,3490,3960,4467,3457,3936,5266,8235,3430,3869,5784,9537,16.8476,24.9422,8.55145,48.1347
56394,7406,9780,5245,3882,5073,5310,4294,3754,3856,3781,3596,3450,3400,3384,3158,3066,-26.7045,-10.9435,8.79195,48.29
56395,8941,8843,4540,3577,5461,5153,4162,3557,3943,3791,3550,3310,3393,3311,3243,3195,-33.3797,-15.0776,8.72168,47.98
56396,4495,6696,7945,5161,3969,5354,6001,4541,3433,3883,3893,3671,3153,3358,3400,3294,-19.6752,2.93961,8.78611,48.1647
56397,3226,3336,3303,3203,3550,3613,3924,3434,4226,4878,5056,4240,4740,8045,8354,4868,28.9219,0.604276,8.67251,47.9973
56398,4672,8249,8203,4672,4155,4855,4977,4114,3564,3752,3707,3529,3346,3410,3335,3163,-33.4236,0.0571903,8.90723,47.802
56399,3305,3684,4699,6516,3427,3800,5376,10139,3302,3761,4401,5771,3159,3285,3731,3959,-8.26236,28.9133,8.9432,48.21
56400,3229,3343,3306,3330,3281,3353,3661,3852,3233,3820,4845,5930,3465,3905,6070,12610,27.8363,33.391,8.81602,47.4887
56401,3358,3409,3210,3105,3953,3903,3476,3262,6172,4770,3789,3341,12511,6378,3993,3394,28.4186,-26.5244,8.79632,48.016
56402,3288,3405,3279,3107,3977,3892,3690,3346,5487,5841,4318,3648,7403,8838,4972,3730,21.6292,-12.1082,8.64953,48.1473
56403,4965,5105,3853,3391,6464,7467,4408,3574,5134,5624,3986,3550,3854,3895,3594,3292,-5.92736,-12.9233,8.65422,48.104
56404,3049,3374,3600,3655,3388,3548,4260,4780,3330,3781,5540,9353,3393,3773,5402,7931,12.7622,24.8593,8.72225,48.1047
56405,5104,4965,3947,3424,7134,7299,4280,3517,5380,5345,3799,3397,4102,3915,3535,3234,-6.00825,-15.0424,8.68823,48.2513
56406,3482,3376,3270,3206,4006,3765,3351,3147,5831,5107,3917,3446,10502,7702,4155,3438,33.3697,-18.7027,8.72117,47.8007
56407,7066,9802,5529,3835,4949,5291,4273,3727,3769,3660,3660,3357,3505,3411,3222,3154,-31.5001,-9.73047,8.9151,48.14
56408,3547,3982,3889,3521,4273,5524,4901,3865,4672,7514,5899,3959,4102,4835,4251,3745,4.57121,-3.44152,8.87964,48.3193
56409,3111,3380,3555,3616,3320,3546,4122,5009,3255,3808,5505,9426,3399,3869,5423,7811,12.2813,24.2464,8.94712,48.1033
56410,3215,3470,4028,4390,3406,3802,4914,7311,3430,3737,5226,8920,3217,3585,4302,5305,2.83765,25.8216,8.69566,48.172
56411,10394,6355,3914,3429,7492,5113,3850,3371,4183,3982,3474,3218,3530,3436,3179,3124,-19.259,-23.9721,8.8737,48.0293
56412,5867,9779,6317,4153,4503,5391,4561,3796,3772,3762,3684,3432,3241,3258,3186,3168,-27.3409,-6.05776,8.78389,47.9133
56413,3313,3521,3853,3705,3411,3902,5165,4917,3615,4608,7799,6527,3493,4084,5394,5144,7.35597,12.3883,8.81971,48.3007
56414,3573,3404,3195,3142,4439,3960,3434,3125,8788,5132,3833,3369,9861,5613,3800,3315,16.7609,-28.7185,8.97427,47.9887
56415,3414,3875,4574,4591,3471,4320,6688,6435,3491,4163,6097,5819,3332,3740,4173,4256,-1.61725,14.4035,8.68907,48.2927
56416,3601,4736,9283,8598,3573,4175,5223,5364,3215,3548,3764,3840,3089,3313,3405,3446,-32.5108,13.8314,8.9834,48.1153
56417,3112,3214,3523,3536,3350,3543,4088,4370,3433,3902,5703,7881,3358,3917,6246,8974,16.8695,20.9292,8.74491,48.1
56418,3768,4829,6891,5359,3803,5045,7893,5554,3424,3916,4396,4167,3191,3389,3541,3503,-13.4412,8.45188,8.98227,48.446
56419,5466,9572,6934,4267,4605,5075,4701,3948,3690,3872,3607,3477,3303,3445,3359,3145,-30.7257,-4.16525,8.95633,48.3107
56420,3262,3514,4026,4400,3470,3799,4819,7345,3329,3782,5083,8878,3246,3544,4407,5196,2.41762,25.87,8.51991,48.0667
56421,3453,3386,3226,3222,3804,3773,3595,3314,5410,5190,3986,3500,9060,8940,4592,3484,32.0167,-15.1767,8.88459,47.9567
56422,12200,6370,3934,3435,6540,4904,3827,3299,3878,3717,3449,3267,3479,3340,3148,3128,-25.8685,-25.0589,8.93069,47.9433
56423,3346,3354,3440,3247,3542,4130,3890,3564,4406,6181,5768,4155,4817,7365,6724,4300,17.8425,-1.60463,8.99194,48.1527
56424,3272,3646,4317,5017,3430,3711,5121,8698,3354,3742,4767,7725,3237,3466,4034,4570,-1.59888,27.1398,8.56638,48.0713
56425,3347,3863,4729,5485,3454,4102,6413,8279,3348,3724,4887,5777,3174,3401,3859,4113,-5.73765,19.0626,8.64429,47.97
56426,3276,3413,3232,3163,4027,3768,3466,3367,6050,4717,3716,3359,12556,5956,3844,3401,33.1627,-27.1102,8.89523,47.5407
56427,5079,7121,5487,3989,4919,6986,5396,3896,3982,4268,4009,3482,3420,3537,3436,3243,-15.2351,-5.32037,8.64017,48.1667
56428,3201,3375,3217,3235,3415,3701,3827,3631,3962,4723,5161,4756,4096,6574,9558,5496,33.8235,4.6657,8.76359,47.952
56429,3191,3328,3366,3329,3393,3593,3987,3733,3712,4458,5682,4580,4058,5954,9763,6018,24.1323,7.09477,8.90141,48.0967
56430,3353,3410,3221,3305,3947,3800,3353,3290,5958,4566,3778,3365,12533,5936,3912,3429,30.6074,-30.1798,8.587,47.4373
56431,3467,3884,5908,12592,3466,3730,4695,5932,3258,3484,3729,3921,3166,3348,3431,3295,-30.2189,33.2507,8.69496,47.5373
56432,7822,5084,3774,3325,9518,5308,3822,3410,5168,4215,3678,3218,3736,3629,3319,3242,-11.8297,-26.6784,8.74201,48.1787
56433,7776,5355,3810,3380,8905,5679,3902,3499,4936,4182,3455,3217,3826,3541,3311,3063,-12.8314,-23.5594,8.79548,47.8913
56434,3130,3185,3355,3417,3112,3499,3816,4054,3357,3809,5109,6273,3485,4281,7086,10963,25.148,21.1265,8.53318,47.954
56435,3100,3199,3371,3365,3264,3384,3678,3879,3355,3722,4712,6284,3402,3816,6018,12776,27.5355,30.4845,8.93009,47.55
56436,3963,4075,3501,3360,5087,5344,3846,3469,6549,7716,4400,3555,5062,5054,3969,3502,6.02498,-13.1712,8.70307,48.3013
56437,4548,4198,3573,3248,7648,5218,3852,3365,8091,5314,3852,3399,4787,4260,3597,3230,0.812453,-22.5578,8.64809,48.12
56438,4945,8557,7848,4722,4180,4974,4988,4153,3585,3722,3716,3569,3188,3270,3460,3282,-31.2166,-0.963896,8.67257,48.106
56439,3869,3819,3691,3372,4629,5762,4284,3619,5695,8056,4899,3623,4563,4940,4156,3540,5.56899,-9.33988,8.91016,48.3447
56440,6055,4827,3689,3484,9311,5984,3941,3430,5681,4506,3729,3220,4007,3816,3421,3133,-7.68824,-22.0881,8.6399,48.156
56441,3959,6109,9844,6195,3768,4494,5236,4745,3365,3593,3822,3660,3155,3295,3242,3351,-28.5412,7.19132,8.63598,47.8887
56442,3332,3368,3456,3332,3575,3910,4180,3893,4063,5524,6640,4633,4149,5952,7247,4945,16.8713,3.32129,8.74494,48.1327
56443,3255,3678,4296,4800,3437,3975,5582,7847,3397,3918,5358,7293,3286,3580,4133,4503,-1.11757,21.0839,8.59492,48.2253
56444,4555,7369,8153,4943,4259,5221,5467,4300,3606,3764,3876,3586,3161,3352,3271,3291,-22.1521,1.27608,8.56938,48.116
56445,6885,7930,4826,3576,5738,6689,4412,3500,3997,4003,3621,3382,3479,3549,3362,3190,-17.7949,-12.1503,8.74051,48.0927
56446,3294,3592,4116,4742,3355,3842,4877,8197,3387,3691,4958,8348,3270,3542,4088,4818,0.0775409,28.1394,8.55151,48.078
56447,3313,3353,3209,3140,3815,3818,3523,3320,4931,5406,4385,3638,6886,9964,5460,3938,26.9026,-9.70553,8.88316,48.066
56448,2990,3262,3450,3384,3301,3510,3842,3742,3613,4124,5148,5326,3672,4748,9276,8571,28.5496,13.7894,8.88051,47.9727
56449,3434,3831,4874,4875,3601,4198,6999,6969,3520,3977,5562,5631,3180,3593,4000,4105,-4.11537,15.1828,8.53237,48.2327
56450,3540,4394,6542,6179,3613,4489,7408,6418,3448,3768,4399,4325,3231,3318,3648,3631,-13.3309,13.1842,8.73075,48.234
56451,3420,3362,3255,3114,4030,3819,3453,3220,7302,4850,3783,3390,11686,5786,3962,3320,21.4209,-29.2036,8.96885,47.8347
56452,3919,5922,9851,6327,3728,4443,5380,4714,3415,3590,3750,3688,3078,3268,3301,3389,-28.1532,7.73698,8.59318,47.842
56453,5147,4757,3853,3428,7887,6644,4115,3497,5818,5226,3964,3335,4055,3903,3585,3309,-5.28195,-17.4627,8.79424,48.3487
56454,7627,5807,3989,3331,8303,6244,3912,3407,4827,4271,3715,3302,3603,3615,3347,3070,-13.7617,-20.0206,8.85829,48.2467
56455,3070,3261,3503,3493,3150,3515,3984,4095,3388,3815,5065,7088,3402,3948,6076,11155,21.4558,25.6737,8.8634,48.0053
56456,8919,9035,4735,3609,5443,5261,4022,3530,3732,3827,3450,3284,3402,3352,3218,3075,-26.9707,-15.0426,8.92194,47.9293
56457,3390,4026,5852,11334,3373,3862,4961,7152,3178,3548,3818,4056,3125,3163,3331,3416,-21.1447,33.3831,8.7271,47.7233
56458,7776,6796,4290,3486,7076,6200,4012,3581,4374,4225,3629,3338,3460,3573,3256,3120,-16.4284,-17.2809,8.81041,48.128
56459,5152,4425,3674,3324,8562,5697,3865,3354,6858,5094,3784,3468,4326,4000,3572,3262,-2.93429,-21.9682,8.70574,48.278
56460,3313,3823,5613,9261,3290,3902,5103,8326,3298,3536,3983,4519,3112,3242,3423,3616,-16.4126,33.4085,8.56378,47.5733
56461,3136,3195,3344,3397,3160,3448,3844,4143,3398,3944,5059,6492,3335,4042,6835,11206,24.0258,22.1984,8.68203,47.9853
56462,3477,3989,5927,8972,3446,3866,5468,8288,3235,3582,4062,4572,3150,3225,3492,3589,-15.9661,22.9112,8.85928,48.2267
56463,3094,3244,3422,3353,3377,3660,3805,3880,3515,4101,5466,5293,3713,4802,9130,8539,26.9174,14.0155,8.72581,48.2627
56464,3423,3423,3258,3219,3851,3915,3487,3227,5596,5052,4072,3457,10430,7935,4382,3563,28.166,-18.2833,8.73781,48.1933
56465,3408,3261,3174,3097,4083,3958,3553,3295,6804,5244,3891,3422,10626,6646,4170,3463,21.3994,-22.3126,8.84693,48.0633
56466,3356,4158,6348,8946,3404,4000,5667,7538,3202,3543,4011,4379,3099,3219,3448,3569,-17.4905,20.1648,8.83681,47.9247
56467,6578,5665,3908,3453,8013,6646,4247,3389,4842,4565,3750,3245,3752,3736,3348,3196,-11.023,-17.7031,8.64204,48.222
56468,3322,3305,3314,3127,3919,3739,3474,3243,6001,4819,3807,3433,12071,6625,3921,3419,28.7143,-24.6129,8.57417,47.6927
56469,3206,3392,3439,3264,3492,3901,4102,3622,4099,5381,6116,4538,4257,6625,7874,5059,18.8063,2.57459,8.80367,48.2447
56470,5038,8543,8003,4520,4185,4991,4844,4063,3608,3679,3732,3570,3283,3375,3288,3259,-28.9836,-1.13605,8.78879,47.9873
56471,3639,4222,5179,4424,3777,5125,8155,5370,3570,4389,5608,4356,3359,3542,3903,3861,-5.75143,7.39349,8.95431,48.3193
56472,5316,8131,6226,4153,4770,6275,5192,3967,3727,3999,3828,3405,3266,3519,3349,3235,-19.1251,-4.43656,8.60014,48.2387
56473,5153,4323,3650,3270,9105,5095,3739,3425,7496,4712,3683,3432,4530,4041,3577,3225,-2.34964,-28.8688,8.98293,48.304
56474,3580,4752,8274,7333,3624,4256,6372,5776,3359,3618,4004,3965,3165,3290,3412,3339,-18.9859,12.8524,8.9846,48.0793
56475,3189,3367,3465,3461,3263,3433,3693,3996,3413,3797,4639,5963,3390,3894,6190,12432,32.1712,26.5949,8.87383,47.7233
56476,3249,3124,3404,3364,3255,3416,3934,4161,3426,3934,4858,7237,3338,3872,5761,11282,21.0103,31.1871,8.58521,47.7433
56477,4666,4635,3881,3391,6285,7265,4234,3530,5333,6195,4166,3486,4180,4114,3631,3294,-2.43199,-12.7152,8.8134,48.1907
56478,8252,8439,4685,3647,5795,5651,4112,3566,3980,3892,3561,3360,3485,3373,3304,3144,-21.9566,-14.4334,8.84743,48.164
56479,12024,6528,4058,3440,6098,4814,3830,3410,3930,3787,3436,3249,3366,3368,3208,3090,-31.2187,-24.2853,8.50955,47.7573
56480,3262,3415,3391,3298,3527,3741,3771,3547,4002,4702,5254,4324,4388,7097,9206,5175,33.9209,3.2358,8.69189,48.0667
56481,3995,4159,3765,3422,4925,6408,4555,3593,5212,7440,4931,3718,4149,4511,4046,3583,2.1365,-7.64024,8.59475,48.2747
56482,11999,6816,4062,3411,5976,4914,3808,3376,4021,3766,3512,3122,3222,3407,3365,3132,-31.2749,-22.6753,8.82009,47.9393
56483,3247,3414,3414,3369,3502,3753,3880,3625,4112,5355,5405,4232,4711,7760,7854,4607,22.4202,-0.024704,8.74238,48.16
56484,3036,3346,3746,3958,3349,3642,4422,5805,3341,3916,5633,9616,3344,3757,4831,6608,8.60204,24.9988,8.86351,48.2333
56485,4670,5598,4447,3705,5269,8308,5355,3734,4350,5174,4193,3606,3511,3725,3524,3365,-8.18381,-6.89648,8.91304,48.356
56486,3673,4072,3851,3577,4131,5578,5132,3881,4360,6909,6139,4094,4004,4561,4455,3708,3.48891,-2.05749,8.64611,48.0833
56487,4936,6833,5130,4047,4918,7278,5454,3874,3903,4406,4043,3546,3384,3471,3477,3296,-13.8102,-5.17782,8.80306,47.9973
56488,4482,4868,4033,3641,5595,7624,4762,3647,4710,6012,4299,3671,3846,4129,3566,3296,-3.83691,-9.525,8.63809,48.1207
56489,3265,3358,3264,3138,3721,3815,3579,3340,4818,5217,4423,3657,6707,10168,5734,3933,29.865,-9.00492,8.96897,48.0913
56490,3915,4682,4534,3894,4289,6656,6572,4234,3956,5334,5345,4001,3632,4072,3855,3614,-4.04237,-0.151481,8.56032,48.39
56491,8676,8590,4726,3691,5516,5430,4146,3446,3894,3889,3678,3294,3390,3347,3245,3081,-24.6613,-14.8834,8.58331,48.026
56492,3152,3311,3392,3369,3200,3480,3780,4046,3324,3655,4936,7077,3467,4003,5844,11330,21.6485,31.134,8.57191,47.5773
56493,3057,3140,3408,3451,3344,3501,4072,4317,3336,3905,5145,7976,3313,3846,5761,10493,18.883,27.8071,8.858,48.0433
56494,3028,3315,3470,3504,3239,3471,4003,4164,3500,4034,5575,7065,3467,4170,6829,9433,19.5243,19.4292,8.88834,48.178
56495,11918,6086,4044,3499,6781,4835,3836,3380,4087,3870,3512,3150,3410,3444,3197,3194,-24.0874,-26.7285,8.58891,48.162
56496,3268,3565,3690,3643,3496,4095,4989,4220,3770,5382,7921,5283,3829,4493,5675,4799,9.40226,6.60046,8.53495,48.0787
56497,3174,3237,3473,3464,3230,3460,3788,4001,3450,3983,4966,5932,3354,3991,6949,11322,33.8044,21.943,8.54153,47.8493
56498,3199,3365,3345,3314,3516,3732,3770,3727,4052,4689,5206,4348,4411,7370,9166,5186,32.9019,2.46103,8.70755,48.264
56499,6019,4551,3789,3253,9680,5411,3856,3413,6203,4580,3737,3291,4055,3836,3334,3226,-6.31351,-26.1478,8.58961,48.156
56500,3142,3272,3654,3888,3361,3635,4323,5619,3256,3888,5495,9663,3368,3774,4999,6754,9.40113,25.9003,8.71549,48.0607
56501,3021,3359,3643,3839,3327,3687,4447,4963,3392,4058,6372,8384,3388,3982,5458,6838,11.409,19.0164,8.65019,48.1053
56502,8883,6119,4023,3511,8012,5503,3850,3387,4498,4100,3463,3262,3528,3515,3348,3064,-16.1554,-22.1139,8.9356,48.044
56503,3969,6114,10110,6192,3753,4430,5235,4647,3418,3597,3761,3714,3344,3441,3341,3258,-31.9602,7.04572,8.98952,48.216
56504,3288,3372,3427,3314,3649,3736,3876,3583,4303,5428,5219,4243,4772,7769,7496,4564,21.978,-0.445156,8.58569,48.026
56505,3328,3532,3475,3335,3749,4210,4040,3634,4592,6904,5758,4129,4782,6667,5832,4175,15.0546,-2.61829,8.93533,48.0947
56506,3367,3508,3633,3545,3482,4066,4678,4317,3783,4973,8014,5610,3763,4462,6041,5008,10.5619,8.7111,8.60959,48.1667
56507,3964,5600,9423,6685,3643,4462,5592,5046,3418,3628,3951,3866,3153,3237,3400,3342,-23.9574,8.88356,8.69788,48.2733
56508,5281,5031,3817,3555,7295,7311,4187,3442,5298,5282,3735,3385,3922,3869,3488,3245,-6.3666,-15.5474,8.86207,48.0953
56509,3091,3367,3397,3631,3173,3397,4020,4473,3497,4001,5580,7513,3509,3997,6194,9196,17.5685,21.7192,8.56165,48.024
56510,3505,3496,3254,3148,4372,4094,3448,3253,8077,5092,3766,3413,10247,5573,3979,3376,17.8916,-33.0606,8.79162,48.062
56511,3513,3537,3427,3157,4233,4364,3692,3422,6326,7231,4501,3506,6326,6738,4473,3560,14.1493,-12.9394,8.73174,48.004
56512,3537,3829,4594,4465,3560,4421,7252,6040,3608,4133,6119,5469,3321,3582,4157,4157,-2.44781,12.2771,8.78746,48.1627
56513,3964,4129,3646,3479,5036,6340,4386,3683,5485,7412,4714,3704,4351,4580,4071,3457,2.72395,-9.75973,8.64595,48.2913
56514,5050,4730,3775,3387,7561,6592,4138,3334,6105,5271,3935,3477,4216,4003,3557,3168,-4.14145,-16.9498,8.78266,48.1993
56515,3006,3322,3422,3295,3376,3647,3847,3729,3716,4436,5516,4880,3851,5511,9776,6828,26.9987,9.46071,8.59239,48.1053
56516,3456,3350,3281,3055,4251,3850,3375,3149,7156,5087,3657,3398,11568,5944,3929,3422,21.2605,-27.3239,8.77815,47.952
56517,3213,3296,3374,3440,3241,3508,3753,4080,3471,3887,4899,7298,3315,3882,5808,11365,20.2789,31.2267,8.98455,47.8867
56518,3353,3356,3269,3084,3680,3903,3726,3457,4755,5628,4790,3877,5960,9428,6142,4181,24.3037,-6.22364,8.82257,48.3927
56519,3289,3576,4544,5127,3365,3828,5846,8444,3240,3710,5037,6747,3267,3606,3982,4388,-3.55563,21.0081,8.9804,47.9973
56520,3455,3878,4880,4813,3549,4399,7468,6575,3555,3956,5482,5267,3215,3534,3971,4010,-4.67338,13.52,8.95468,48.0047
56521,6983,9961,5708,3923,4837,5261,4328,3773,3828,3786,3597,3329,3365,3315,3259,3104,-28.9801,-9.34403,8.90342,48.238
56522,3497,3450,3225,3055,4204,3991,3440,3227,7760,5106,3830,3315,10801,5681,4002,3472,19.2044,-28.6666,8.93937,48.0373
56523,11659,6684,4067,3378,6014,4891,3832,3360,3979,3916,3483,3233,3366,3418,3306,3152,-32.8934,-22.5286,8.70729,47.8253
56524,3459,3442,3170,3017,3986,3983,3476,3254,6229,4989,3797,3306,11322,6924,4205,3362,24.6756,-22.186,8.90394,47.9473
56525,3375,3896,5727,10647,3389,3708,5034,7710,3319,3472,3939,4318,3054,3235,3419,3419,-19.0945,29.15,8.7966,47.774
56526,3763,5253,9776,7579,3531,4062,5218,5094,3346,3584,3845,3824,3217,3258,3312,3364,-30.1755,11.3568,8.9832,48.0173
56527,3187,3362,3648,3822,3337,3768,4746,4934,3535,4177,7015,7743,3341,4066,5448,6070,9.44763,16.5766,8.64191,48.1327
56528,3425,3996,5912,7549,3351,4050,6148,8076,3400,3671,4237,4839,3193,3328,3599,3705,-13.4641,19.9829,8.55267,48.3193
56529,3490,3460,3171,3068,4388,3969,3343,3257,8020,5190,3809,3434,10155,5742,3882,3268,18.0634,-27.3512,8.88408,47.764
56530,3100,3261,3312,3414,3248,3466,3813,3953,3370,3777,4825,6368,3517,4019,6232,12099,25.872,26.5171,8.55648,47.8493
56531,3688,3923,3704,3310,4603,5738,4268,3671,5412,8105,5069,3766,4627,4877,4190,3575,5.04026,-7.99224,8.94907,48.3507
56532,3085,3410,3555,3648,3373,3651,4263,4397,3575,4231,6519,7202,3549,4180,6551,6954,14.8478,16.5333,8.5494,48.0953
56533,12459,6000,3848,3396,6039,4577,3764,3334,3988,3751,3423,3262,3407,3462,3295,3210,-33.3865,-31.7441,8.658,47.4767
56534,3255,3392,3468,3378,3475,3793,4117,3870,3864,4961,6938,4915,4013,5565,8013,5435,17.1616,6.08135,8.87586,48.3013
56535,3562,3384,3246,3085,4416,4032,3480,3217,7811,5101,3785,3424,10237,5854,3922,3360,18.5537,-26.0879,8.54654,47.944
56536,7749,5015,3905,3356,9692,5311,3888,3356,4950,4258,3577,3284,3686,3544,3300,3097,-11.7635,-33.6967,8.84546,47.9787
56537,4236,3858,3442,3202,6614,4500,3477,3295,9674,5127,3756,3444,5874,4717,3589,3266,5.3165,-28.2426,8.96726,48.0473
56538,3172,3230,3405,3318,3425,3700,3689,3778,3688,4485,5331,4737,3858,5903,10081,6488,29.7715,8.0394,8.90827,48.192
56539,3551,4274,7285,10822,3370,3938,5068,6191,3257,3574,3845,4007,3038,3241,3376,3442,-24.9161,20.0465,8.57564,48.186
56540,3146,3271,3334,3309,3225,3593,3792,3898,3594,3951,5010,5684,3528,4231,8126,10093,29.2726,17.8599,8.79722,47.8567
56541,3220,3148,3281,3368,3205,3341,3794,3882,3397,3939,5017,6070,3447,4084,7362,11285,26.5443,20.7335,8.94181,47.8933
56542,4299,3917,3529,3273,7186,4701,3708,3235,9444,5093,3763,3395,5488,4314,3602,3212,3.83185,-29.9603,8.69221,48.106
56543,3534,3539,3409,3249,4093,4370,3797,3526,5330,7827,4960,3855,5314,6855,4798,3837,13.4498,-8.49867,8.94341,48.1953
56544,3846,5519,8817,6243,3807,4602,6151,4952,3375,3640,4026,3867,3122,3372,3524,3296,-20.3205,8.36606,8.80535,48.106
56545,3255,3333,3622,3428,3534,4012,4238,3893,3959,5418,7278,4908,4014,5551,7085,4890,15.0017,4.86909,8.98354,48.2787
56546,3518,3554,3268,3103,4607,4191,3614,3228,8742,5371,3793,3368,8758,5723,4013,3396,15.1308,-24.851,8.65734,48.1647
56547,3485,3561,3283,3255,4021,4411,3819,3487,5229,7481,5141,3872,5139,7112,5053,3830,13.9768,-7.30238,8.70558,48.1193
56548,3525,3585,3334,3109,4660,4257,3782,3306,8163,6112,3997,3414,7566,5965,4089,3464,13.5218,-19.4182,8.96826,48.2187
56549,3107,3301,3515,3556,3302,3724,4310,4383,3638,4452,7246,6686,3617,4319,6496,6127,13.3113,13.5895,8.58507,47.8527
56550,3191,3331,3306,3274,3462,3705,3858,3627,3981,4754,5118,4480,4302,7020,9331,5461,31.7838,3.97304,8.64112,48.134
56551,3826,5030,7488,5506,3704,4988,7441,5308,3548,3808,4180,4011,3145,3286,3503,3465,-15.1774,7.85581,8.82877,48.158
56552,6305,9966,5801,3945,4774,5236,4432,3685,3825,3807,3669,3392,3368,3283,3349,3269,-33.4021,-7.83936,8.70933,48.0707
56553,5228,9123,7345,4384,4326,5022,4692,4013,3636,3805,3750,3437,3329,3472,3286,3202,-32.1409,-2.75022,8.87283,48.0333
56554,4250,6143,7546,4987,4133,5554,6496,4613,3542,3898,3950,3733,3279,3479,3451,3350,-17.3017,3.03053,8.70393,48.2693
56555,3610,4435,6892,6738,3547,4376,7003,6578,3359,3714,4247,4343,3168,3374,3571,3573,-14.6746,13.9601,8.64868,48.352
56556,3839,5200,9286,7277,3676,4393,5610,5041,3327,3586,3868,3834,3166,3299,3392,3418,-24.7936,11.2536,8.50583,48.1413
56557,3078,3432,3530,3689,3198,3525,4147,4857,3349,3804,5164,9861,3321,3810,5149,8077,12.6578,31.4789,8.98528,47.994
56558,3232,3436,3546,3297,3558,4087,4356,3830,4117,6061,6961,4541,4065,5784,6498,4558,13.9712,2.259,8.5923,47.9513
56559,3565,3938,4191,3653,4068,5346,5799,4083,4029,6066,6830,4411,3657,4338,4502,3933,2.62776,1.98611,8.70831,48.2727
56560,4042,3876,3617,3203,5332,5184,3856,3392,7385,7099,4222,3526,5141,4947,3923,3503,5.75583,-15.9282,8.63819,48.1653
56561,3366,3704,4614,6060,3333,3731,5158,9839,3397,3717,4479,6313,3172,3380,3842,4084,-6.33479,31.7581,8.69713,48.126
56562,3985,3770,3329,3184,5879,4658,3732,3138,9347,5624,3899,3419,6375,4845,3744,3371,7.82543,-23.6491,8.66557,48.1993
56563,11060,6384,4033,3434,7048,5158,3837,3304,4082,3933,3462,3297,3505,3469,3210,3048,-21.3151,-23.7375,8.93438,48.176
56564,3436,3947,6435,12127,3289,3788,5019,6034,3270,3423,3722,3988,3090,3206,3485,3407,-31.8294,24.6944,8.6329,47.7773
56565,4029,3781,3466,3226,5851,4903,3718,3386,8330,6453,4076,3532,5679,4837,3750,3366,6.53513,-19.3905,8.76507,48.2553
56566,3154,3321,3367,3380,3266,3407,3760,3974,3268,3886,4859,5938,3401,4064,6923,11940,30.068,23.184,8.76093,47.9387
56567,3553,3418,3240,3135,4405,3951,3467,3267,8125,5133,3703,3328,10145,5660,3802,3388,17.8679,-28.2648,8.92228,47.8133
56568,3140,3454,3517,3435,3407,3928,4384,4205,3688,4535,7410,6075,3621,4706,6754,6025,14.0635,11.5536,8.72312,48.1893
56569,5062,5474,4307,3659,5906,7909,4759,3730,4620,5180,4017,3540,3717,3841,3528,3260,-8.15211,-10.5888,8.50126,48.3393
56570,10220,5659,3895,3380,8186,4997,3850,3309,4403,3962,3442,3247,3522,3426,3212,3248,-18.1054,-29.1291,8.61871,47.972
56571,6091,7109,4424,3695,5965,7343,4583,3686,3994,4301,3796,3467,3555,3526,3425,3134,-14.522,-11.5957,8.54177,48.0627
56572,3064,3168,3438,3437,3143,3522,3923,4285,3377,3855,5253,7400,3418,3977,6272,10372,19.2847,23.7943,8.77473,47.936
56573,9073,8936,4624,3611,5379,5163,4131,3556,3761,3892,3579,3237,3397,3335,3221,3140,-28.7075,-15.4915,8.67438,48.0233
56574,3148,3216,3344,3590,3166,3588,3915,4486,3406,3923,5551,7760,3451,4123,6184,9216,17.267,21.4213,8.96884,48.0447
56575,11553,6089,3911,3422,6918,4928,3689,3414,4103,3886,3517,3251,3286,3478,3298,3028,-22.1615,-26.4549,8.90023,47.8473
56576,6369,7744,4950,3710,5750,6785,4518,3764,4049,4234,3796,3373,3557,3480,3323,3145,-17.2197,-11.0839,8.52075,48.3647
56577,4559,7842,8921,5085,4053,4670,4940,4209,3428,3707,3755,3564,3254,3277,3359,3262,-28.6205,1.58588,8.90171,47.9233
56578,3182,3414,3338,3305,3394,3620,3862,3556,3882,4649,5148,4552,4157,6691,9542,5549,32.7209,4.92132,8.76271,47.894
56579,3234,3484,4227,4602,3288,3706,4851,7560,3436,3718,4956,8806,3304,3501,4185,5108,1.56867,29.5401,8.50426,47.9773
56580,6462,5471,3837,3383,8510,6450,4065,3467,4962,4550,3626,3366,3704,3703,3371,3139,-10.4231,-18.924,8.9081,48.044
56581,10167,5883,3945,3475,7857,5074,3849,3413,4310,3893,3568,3173,3500,3382,3235,3105,-18.573,-25.6155,8.80349,47.886
56582,3180,3379,3460,3500,3540,4090,4259,3743,4141,6017,6938,4619,4146,5790,6665,4745,14.4877,2.68509,8.84729,48.1413
56583,4350,5937,5900,4202,4478,6672,6390,4396,3915,4301,4296,3706,3402,3523,3578,3433,-12.8628,-0.698852,8.56835,48.3193
56584,3325,3465,3268,3107,3927,3829,3614,3319,5178,5288,4185,3628,7624,9455,4896,3721,33.8629,-12.2933,8.59692,47.886
56585,7081,9894,5215,3731,4862,5234,4289,3711,3747,3880,3635,3368,3336,3355,3217,3136,-33.5913,-10.1488,8.7278,47.794
56586,3479,4014,6295,12580,3304,3902,4794,6256,3159,3546,3740,3981,3043,3139,3424,3357,-26.2332,26.1205,8.92406,48.0087
56587,4842,4135,3502,3183,7807,5292,3844,3381,8016,5375,3922,3325,4732,4052,3624,3186,0.125261,-22.8707,8.50662,48.1453
56588,3275,3322,3431,3255,3518,3794,3755,3781,4051,4713,4982,4337,4325,7376,9261,5263,31.0365,2.70532,8.83605,48.2927
56589,10206,5786,3857,3403,8068,4969,3800,3304,4365,3926,3450,3229,3501,3443,3251,3056,-18.2927,-30.3823,8.57875,47.7427
56590,4497,5191,4165,3650,5317,8000,5243,3785,4434,5528,4244,3582,3796,3943,3729,3297,-6.2403,-7.59939,8.60865,48.2673
56591,3155,3154,3402,3319,3259,3546,3812,3912,3393,3922,5122,5866,3448,4233,7820,10629,27.7808,19.046,8.8264,47.9947
56592,3159,3249,3323,3246,3549,3853,3738,3531,4013,5013,5506,4320,4575,7441,8811,5155,24.3262,2.62174,8.91595,48.3213
56593,3181,3255,3415,3255,3292,3487,3708,3912,3327,3803,4669,5827,3350,3845,5997,12739,32.0986,30.0424,8.68566,47.3747
56594,4415,6509,7934,5187,4066,5260,6087,4562,3506,3891,3976,3772,3261,3401,3349,3239,-19.4794,3.11714,8.82234,48.2767
56595,7039,9369,5242,3857,5102,5759,4317,3642,3830,3880,3667,3332,3312,3420,3287,3128,-23.166,-10.2589,8.84723,48.122
56596,3076,3235,3491,3425,3295,3520,3795,3944,3458,3783,4886,6862,3256,4035,5721,11728,22.7777,31.5966,8.66753,47.6733
56597,5049,4223,3622,3145,8639,5217,3713,3373,7741,5045,3820,3348,4605,4159,3533,3136,-1.50246,-25.3312,8.85877,48.2453
56598,3156,3226,3272,3322,3148,3520,3806,3939,3373,3796,4753,6334,3416,3976,6096,12123,24.7607,33.5561,8.71211,47.504
56599,5019,8408,7314,4460,4361,5563,5131,4137,3653,3770,3889,3493,3313,3406,3395,3191,-22.8721,-1.84466,8.56882,48.3353
56600,4686,5427,4421,3756,5452,8337,5286,3777,4482,5341,4257,3467,3653,3689,3505,3240,-7.54548,-7.65983,8.97931,48.5173
56601,3331,3340,3237,3137,3912,3885,3566,3335,5531,5334,4049,3627,9490,8357,4571,3490,25.4084,-16.6967,8.71731,48.128
56602,3692,3791,3402,3217,4653,4755,3801,3437,6499,7872,4594,3641,5321,5729,3994,3573,9.14059,-12.7797,8.88466,47.9807
56603,3669,4582,7802,7194,3524,4426,6539,6184,3402,3603,4102,4014,3090,3296,3425,3540,-17.8158,13.4905,8.96931,48.2613
56604,3241,3374,3390,3253,3599,3854,3840,3547,4314,5611,5072,4031,5237,8615,6899,4431,22.4222,-2.91361,8.75054,48.2053
56605,3544,3514,3320,3152,4458,3918,3554,3258,8159,5478,3860,3444,9337,5878,4023,3371,16.9314,-23.4667,8.76591,48.1787
56606,5103,4403,3621,3259,8778,5346,3733,3428,7431,4913,3695,3384,4524,4018,3514,3157,-2.04368,-24.3098,8.84699,48.2047
56607,3215,3449,3288,3351,3531,3750,3894,3532,4143,5176,5423,4134,4611,7602,8268,4837,22.9195,1.07624,8.86812,48.136
56608,8290,8500,4561,3602,5915,5772,4105,3482,3908,3836,3629,3300,3456,3387,3321,3165,-22.2112,-14.6792,8.54483,48.1527
56609,3542,3986,5932,7954,3398,4026,5973,7898,3322,3623,4248,4548,3127,3290,3686,3557,-14.8427,19.8513,8.57412,48.0733
56610,3402,3485,3282,3084,4329,4025,3432,3201,7920,5034,3806,3384,10377,5812,3889,3333,18.325,-28.5152,8.63162,47.8633
56611,3616,4283,7350,8890,3425,4042,5645,6602,3211,3530,3990,4151,3134,3283,3433,3479,-19.6013,18.1108,8.7129,48.0427
56612,3450,3502,3325,3213,4160,4221,3792,3396,6405,6902,4317,3657,6926,7280,4475,3626,15.7486,-13.684,8.77319,48.4313
56613,3274,3397,3137,3231,3603,3816,3613,3385,4409,5411,4723,3980,5417,9376,7013,4273,25.795,-4.25513,8.84665,48.0387
56614,3349,3710,5871,12518,3305,3734,4838,5958,3319,3406,3766,4050,3179,3301,3493,3426,-33.6675,30.7097,8.78333,47.482
56615,3343,3759,4232,4110,3555,4207,6374,5376,3712,4562,7342,5671,3459,3845,4470,4375,1.44376,10.7368,8.65696,48.2613
56616,3466,3511,3307,3113,4461,4036,3461,3283,7617,5791,3989,3533,9058,6256,4050,3355,17.8682,-20.8109,8.72668,48.1913
56617,3505,3548,3349,3131,4285,4269,3685,3357,6672,6630,4343,3537,7140,6843,4454,3600,15.3978,-15.0116,8.89958,48.232
56618,3173,3380,3795,4010,3327,3738,4693,6242,3368,3922,5702,9493,3160,3657,4612,5927,6.22668,23.6479,8.88189,48.1327
56619,5474,4351,3621,3325,9406,5116,3942,3290,6759,4715,3722,3242,4291,3838,3416,3256,-4.12171,-33.1666,8.77566,47.8427
56620,3338,3406,3285,3061,3916,3760,3453,3292,5956,4846,3832,3306,12304,6592,4104,3356,31.1214,-23.8986,8.92202,47.8713
56621,3279,3639,4782,5778,3365,3895,5798,9504,3251,3625,4748,6127,3262,3452,3800,4119,-6.17124,22.7254,8.92311,48.2827
56622,3464,3452,3214,3086,4199,3982,3532,3183,6819,5460,4021,3467,9566,6850,4240,3557,20.0186,-19.8998,8.57412,48.0613
56623,3680,3610,3355,3219,4667,4650,3747,3289,6952,7562,4489,3445,5806,5899,4245,3551,10.4397,-13.9179,8.75086,48.1107
56624,4211,4051,3634,3184,5830,5489,3926,3461,7491,6776,4142,3441,5014,4845,3722,3411,4.19646,-16.7316,8.56422,48.4187
56625,3353,3975,6965,11442,3365,3921,5050,6372,3300,3519,3849,4072,3051,3221,3311,3458,-24.7891,21.7239,8.81435,48.1493
56626,4679,7896,8792,4823,4096,4976,5149,4164,3519,3725,3810,3564,3200,3267,3329,3241,-25.8269,1.20081,8.94943,48.1533
56627,4177,5946,7967,5362,3916,5092,6472,4824,3489,3794,4096,3740,3265,3490,3437,3338,-18.2378,5.26013,8.78121,48.27
56628,5299,4369,3575,3242,9155,5239,3831,3296,7151,4699,3679,3330,4548,3969,3522,3251,-3.23219,-26.4225,8.91977,48.1033
56629,3279,3818,4852,6584,3370,3782,5171,9935,3268,3653,4426,5595,3147,3454,3758,3936,-8.83767,32.7395,8.81305,48.0187
56630,12685,6133,3877,3362,5910,4792,3747,3249,3975,3685,3410,3202,3381,3431,3216,3113,-30.0055,-29.7574,8.68448,47.4453
56631,4312,3850,3450,3204,6439,4532,3761,3229,9605,5370,3830,3419,5799,4568,3565,3303,5.4489,-28.0601,8.62792,48.1573
56632,3407,3533,3582,3376,3789,4235,4305,3800,4184,6453,6947,4578,4227,5668,5978,4466,12.6142,1.0209,8.73049,48.352
56633,3260,3830,4468,5463,3389,3708,5187,9476,3257,3715,4644,6868,3256,3494,3842,4225,-4.00558,33.5866,8.78085,48.0547
56634,3665,4062,4392,3961,4028,5476,6967,4594,3946,5298,6337,4443,3609,3889,4155,3767,-1.26188,3.48437,8.93915,48.3927
56635,8059,5339,3728,3305,9247,5527,3873,3316,4910,4134,3625,3275,3701,3669,3402,3110,-12.9194,-24.9612,8.85278,48.1467
56636,10265,5731,3899,3337,7932,5129,3941,3340,4406,3887,3566,3179,3474,3451,3156,3116,-18.4188,-26.2172,8.81363,47.8727
56637,6541,6017,4266,3513,7465,6852,4220,3420,4733,4575,3841,3419,3609,3543,3293,3210,-12.2913,-16.538,8.57826,48.3447
56638,11698,6689,3992,3394,6150,4883,3777,3477,3973,3803,3532,3222,3431,3389,3192,3098,-26.3894,-23.472,8.79411,47.8
56639,3213,3409,3717,4048,3205,3628,4488,6021,3289,3756,5254,9839,3399,3748,4706,6040,7.32833,32.3762,8.61411,47.84
56640,3289,3634,3957,3801,3493,3859,5444,4845,3583,4380,7841,6597,3582,4076,5040,4965,6.70995,12.4877,8.75993,48.2573
56641,5000,8733,8004,4651,4197,5036,4661,4149,3534,3671,3746,3434,3211,3293,3378,3080,-30.8183,-1.41865,8.8433,47.852
56642,6283,9981,5784,3954,4678,5262,4406,3733,3706,3831,3582,3321,3458,3385,3288,3271,-33.4386,-7.57658,8.57735,47.9487
56643,3472,3372,3267,3150,3894,3968,3671,3340,5688,6333,4344,3730,7335,8270,4821,3622,19.775,-12.5388,8.64129,48.1847
56644,3089,3436,3617,3658,3420,3704,4286,4846,3458,4117,6642,7801,3528,3987,5676,6621,11.8268,17.7752,8.62484,47.924
56645,4415,7332,8785,4973,4084,4757,5061,4353,3456,3815,3804,3507,3262,3494,3344,3218,-31.6585,2.19573,8.55194,47.7733
56646,5686,7503,4980,3722,5397,7414,4907,3784,3961,4389,3801,3483,3450,3612,3457,3094,-15.5334,-8.99706,8.80329,48.4267
56647,3230,3247,3388,3435,3496,3771,3888,3758,3867,4610,5100,4595,4159,6598,9454,5533,33.298,5.09184,8.52188,48.086
56648,6254,9533,5680,3987,4927,5767,4386,3663,3806,3884,3816,3350,3357,3363,3307,3101,-23.3536,-8.16612,8.68083,48.1207
56649,6166,9024,5673,4025,5050,6139,4513,3728,3816,3936,3725,3422,3374,3450,3271,3188,-21.3888,-8.17285,8.55748,48.3333
56650,3182,3522,3922,4225,3311,3723,4582,6531,3409,3829,5269,9689,3314,3689,4483,5776,5.2129,27.1946,8.77461,48.304
56651,3926,4796,5242,4422,3944,5995,7696,4661,3816,4468,5029,4068,3449,3568,3730,3509,-7.73545,3.48306,8.67295,48.2127
56652,7443,8718,4859,3753,5798,6081,4165,3620,3866,3898,3619,3345,3402,3455,3311,3132,-20.6854,-12.8166,8.72755,48.31
56653,6796,9809,5515,3919,4856,5386,4318,3718,3760,3791,3621,3357,3244,3329,3245,3095,-26.5533,-9.47564,8.55927,47.8393
56654,3999,3686,3434,3099,6073,4453,3565,3239,9709,5676,3799,3337,6317,4814,3731,3290,7.70982,-25.2609,8.94772,48.1473
56655,3392,3509,3563,3581,3723,4415,4662,3879,4137,6191,7481,4709,4039,5152,5686,4410,10.5854,2.89306,8.64932,48.3527
56656,3456,3466,3302,3072,4243,3990,3524,3172,7911,5018,3740,3379,10302,6056,3922,3419,18.4728,-25.711,8.91328,47.9813
56657,3500,4160,4935,4529,3741,4934,8152,5427,3480,4325,5906,4567,3328,3608,4010,3826,-4.79804,8.65365,8.94045,48.2853
56658,6474,5633,3935,3482,8136,6452,4100,3399,4890,4416,3692,3373,3699,3741,3413,3148,-10.7078,-18.4864,8.68237,47.9887
56659,3866,4096,3592,3387,4580,5828,4422,3647,5265,7843,5044,3873,4476,4930,4083,3611,4.55606,-7.9957,8.84387,48.362
56660,4219,6501,9590,5779,3881,4729,5279,4607,3499,3704,3734,3659,3108,3283,3376,3256,-27.6844,5.59864,8.73642,48.136
56661,3319,3448,3181,3121,3932,3828,3555,3296,6249,4924,3862,3364,11209,7082,4151,3490,25.846,-21.6591,8.58399,48.0073
56662,3273,3756,4848,5745,3424,3898,6043,8900,3385,3702,4918,5855,3239,3434,3783,4047,-6.45575,20.8822,8.79925,48.1667
56663,11712,6314,4041,3419,7017,4816,3790,3377,4108,3765,3448,3241,3369,3390,3229,3001,-22.594,-24.9021,8.91915,48.0247
56664,4729,6764,5632,4173,4683,7017,5725,3993,3823,4186,4007,3616,3419,3589,3514,3305,-14.5166,-3.53119,8.57162,48.1167
56665,12793,5772,3987,3326,5980,4717,3720,3323,3927,3775,3506,3214,3474,3267,3214,3187,-31.7823,-30.827,8.85013,47.4547
56666,3492,4332,8163,9787,3411,3945,5186,5984,3319,3557,3863,4030,3042,3304,3359,3341,-25.206,17.3037,8.65738,48.0767
56667,11888,6664,3941,3452,6453,4936,3828,3397,3852,3874,3480,3209,3424,3282,3158,3086,-25.5532,-24.0365,8.81765,47.9493
56668,3208,3357,3820,3961,3394,3845,5184,5479,3637,4060,7018,7583,3469,3814,4985,5301,6.62892,16.6866,8.57843,48.0767
56669,3510,4410,7730,8669,3517,4029,5768,6167,3254,3653,4036,4025,3204,3185,3470,3422,-20.5085,16.3446,8.63694,48.0327
56670,4120,3904,3351,3280,6174,4568,3536,3349,9786,5255,3804,3344,5790,4645,3653,3276,6.45766,-32.7217,8.79588,47.89
56671,5857,9511,6468,4013,4496,5095,4542,3907,3753,3754,3752,3498,3363,3427,3280,3123,-32.9108,-5.53204,8.64245,47.8927
56672,3643,3600,3279,3171,4788,4154,3527,3224,9307,5226,3795,3340,8737,5387,3895,3293,14.2322,-27.8587,8.91338,48.244
56673,3129,3410,3764,3864,3229,3550,4493,6006,3361,3750,5266,9745,3426,3763,4763,6605,8.18588,26.751,8.61016,48.0827
56674,3370,3325,3307,3103,4143,3864,3560,3170,7103,5158,3740,3269,11505,6084,3954,3420,21.7625,-26.7587,8.63989,48.05
56675,3155,3313,3349,3428,3246,3481,3741,3843,3470,3812,4796,5965,3338,3941,6424,12326,30.9108,24.7418,8.71236,47.752
56676,8631,5540,3952,3333,8930,5640,3767,3345,4565,4133,3548,3240,3628,3540,3230,2997,-14.7416,-24.4139,8.89652,48.0127
56677,3724,3714,3366,3086,5021,4404,3642,3357,8489,6287,4020,3413,6730,5537,3846,3427,11.452,-19.7666,8.78793,48.042
56678,3210,3416,3734,3984,3263,3618,4469,6012,3327,3813,5453,9934,3167,3649,4646,6258,7.85941,28.944,8.56435,47.9687
56679,3229,3162,3452,3385,3205,3478,3878,3968,3383,3853,5086,6769,3382,3938,6834,11007,22.4275,22.9338,8.75873,48.006
56680,3379,3919,5869,12516,3430,3621,4751,5977,3246,3387,3733,3919,3229,3269,3389,3372,-33.3374,33.2009,8.95702,47.3373
56681,3635,3646,3487,3264,4136,4630,3991,3563,5448,7996,5078,3769,4980,6200,4688,3702,11.3864,-8.31775,8.78841,48.142
56682,3426,3318,3265,3267,3650,3803,3623,3506,4478,5088,4719,3933,5363,9247,7049,4232,32.341,-3.79589,8.71032,47.978
56683,3500,4232,6800,7812,3610,4148,6420,6984,3240,3707,4144,4316,3053,3340,3433,3533,-16.4025,16.8438,8.89772,48.1813
56684,3425,3442,3250,3207,3770,3848,3595,3264,5285,5148,4210,3478,8432,9394,4880,3604,32.2199,-13.4884,8.9742,48.1547
56685,3943,4976,5899,4626,4076,5838,7524,4817,3634,4276,4729,4068,3296,3600,3560,3557,-10.5203,4.20512,8.61126,48.2793
56686,3945,4270,4042,3636,4610,6524,5242,3749,4548,6679,5092,3976,4005,4329,3983,3572,0.14613,-4.62234,8.58771,48.1347
56687,3303,3929,6318,9638,3320,4046,5389,7691,3249,3563,3982,4307,3120,3294,3451,3478,-18.4484,22.7168,8.52999,48.052
56688,3361,3823,6250,12611,3369,3755,4869,6111,3246,3358,3859,3914,3050,3147,3353,3381,-29.7369,26.69,8.67565,47.638
56689,3187,3321,3317,3405,3425,3778,4082,3790,4001,4761,5920,4606,4178,6356,8847,5478,21.7574,4.49138,8.82887,48.3013
56690,12616,5728,3929,3359,5931,4669,3678,3331,3867,3823,3372,3219,3326,3363,3291,3235,-33.1212,-31.8711,8.9592,47.158
56691,12390,6414,3910,3425,6033,4785,3776,3365,4059,3893,3360,3211,3347,3282,3253,3150,-33.1464,-25.7498,8.81198,47.7687
56692,3322,3614,4400,5307,3347,3830,5054,9247,3249,3678,4707,7254,3270,3551,3906,4468,-3.09933,29.555,8.90405,48.136
56693,4043,3903,3495,3155,6507,4454,3643,3336,9711,5323,3683,3280,6043,4649,3642,3292,5.96382,-27.6182,8.82769,48.106
56694,3279,3734,4421,5714,3321,3841,5349,9584,3302,3616,4623,6620,3114,3607,3920,4320,-5.14412,25.5181,8.95917,48.2433
56695,6914,4768,3718,3348,9671,5120,3904,3303,5431,4364,3604,3268,3888,3695,3352,3232,-9.57529,-32.4208,8.64895,47.72
56696,3360,3447,3282,3080,3864,3939,3449,3218,6015,4723,3870,3332,12386,6230,3901,3273,31.3894,-25.4249,8.83483,47.5793
56697,3814,3594,3284,3269,5098,4193,3594,3319,9419,5317,3851,3387,7536,5035,3806,3373,11.8149,-32.6546,8.50435,47.926
56698,3429,3574,3512,3388,3923,4512,4240,3656,4520,7024,6346,4195,4498,5945,5486,4099,11.9493,-1.90389,8.55621,48.2313
56699,3678,3530,3371,3160,5060,4292,3584,3245,9495,5353,3777,3292,8003,5162,3860,3332,12.5275,-26.8367,8.84858,48.1293
56700,4106,4384,4064,3512,4795,7242,5267,3743,4565,6563,4805,3764,3885,4163,3886,3633,-1.38958,-5.60601,8.78609,48.2513
56701,4060,3731,3449,3187,5632,4680,3610,3166,9208,5985,4015,3346,6414,4831,3808,3327,8.3571,-21.553,8.94758,48.2993
56702,3406,3427,3376,3315,3682,3994,3854,3553,4381,5986,5464,4106,4807,7711,6620,4476,19.4229,-1.83108,8.58699,48.1053
56703,3941,3709,3385,3147,5038,4573,3623,3317,8354,6668,4016,3463,6266,5389,3882,3414,9.8979,-18.1952,8.98065,48.1233
56704,3507,4784,8666,7814,3570,4225,5842,5679,3405,3556,3999,4116,3089,3284,3378,3328,-21.8948,13.4056,8.85522,48.1613
56705,3741,4458,6067,5037,3654,5113,8235,5533,3499,4027,4638,4216,3251,3478,3661,3614,-10.724,8.58174,8.96148,48.148
56706,9767,5554,3917,3471,8397,5159,3670,3435,4457,4044,3577,3226,3509,3413,3293,3113,-17.1484,-32.2553,8.79127,48.0013
56707,3055,3273,3349,3486,3304,3443,3942,4283,3363,3815,5181,7579,3406,4043,5953,10643,19.4932,25.4863,8.53356,48.0787
56708,3225,3362,3351,3339,3487,3660,3824,3725,3967,4506,5085,4570,4109,6528,9440,5770,33.4085,5.04559,8.53136,47.9653
56709,6109,4920,3681,3285,9306,5859,3893,3444,5806,4574,3617,3310,3891,3817,3375,3164,-7.94372,-22.2444,8.72839,48.034
56710,4616,7673,8719,5031,4213,4782,4920,4178,3526,3745,3722,3611,3260,3341,3440,3249,-31.4717,1.82083,8.7859,48.0173
56711,3823,3584,3348,3223,5229,4148,3609,3245,9598,5303,3829,3349,7691,4967,3853,3338,11.8886,-27.4169,8.56129,48.0913
56712,3948,4328,4163,3598,4467,6746,5325,3894,4580,6362,5285,3925,3915,4211,3970,3514,-0.589034,-4.08015,8.53645,48.154
56713,3866,3661,3340,3202,5555,4475,3619,3316,10060,5169,3815,3295,6595,4957,3801,3295,8.89916,-33.9961,8.80985,48.014
56714,3312,3501,3370,3275,3665,3988,3913,3597,4490,6169,5657,4151,4936,7161,6581,4404,18.0602,-1.51823,8.54619,48.1133
56715,3347,3359,3252,3263,3862,3795,3510,3216,5680,5010,4026,3361,10444,7922,4444,3587,29.0816,-18.3765,8.72461,48.052
56716,3403,3439,3360,3162,3833,4047,3624,3446,5084,6543,4862,3876,5690,8134,5658,3930,18.6406,-6.95313,8.51696,48.0607
56717,3150,3277,3383,3254,3592,3683,3778,3456,3943,4867,5028,4354,4392,7540,8894,5145,28.5523,2.47351,8.73681,47.824
56718,3755,3703,3307,3123,5120,4193,3646,3267,9611,5598,3760,3399,7663,5079,3896,3264,11.8226,-25.6942,8.88003,48.256
56719,6404,9886,5961,3913,4728,5494,4441,3707,3756,3849,3562,3441,3260,3378,3258,3051,-26.2498,-7.84478,8.97123,48.0593
56720,3066,3395,3470,3426,3141,3535,4076,4461,3503,3965,5701,7696,3488,4178,6227,9102,17.0635,21.2188,8.6788,48.2867
56721,3265,3365,3333,3178,3731,3739,3655,3389,4527,5236,4555,3834,5825,9643,6470,4093,28.7443,-5.85346,8.64063,47.892
56722,3186,3380,3542,3560,3444,3902,4688,4359,3672,4703,8084,6224,3573,4417,6275,5526,11.6939,10.8991,8.75536,48.3567
56723,4156,4052,3366,3363,5841,5376,3855,3286,7856,6658,4137,3445,5267,4790,3789,3336,4.47305,-17.9566,8.77844,48.382
56724,5679,5164,3843,3419,8310,6777,4131,3588,5354,4849,3846,3362,3850,3843,3419,3171,-7.56243,-18.0031,8.89409,48.4033
56725,3403,3811,4329,4116,3483,4439,6846,5212,3584,4578,7089,5434,3427,3849,4493,4286,0.704457,9.71958,8.83312,48.2527
56726,3835,3683,3437,3122,5479,4250,3620,3242,9733,5316,3832,3364,7077,4948,3841,3338,10.0126,-31.9776,8.81227,48.078
56727,3388,3945,5265,6583,3386,3975,6209,8782,3237,3713,4422,5234,3046,3393,3672,3854,-10.0151,20.6139,8.50276,48.0693
56728,5760,9219,6426,4140,4634,5699,4869,3830,3638,3880,3657,3433,3272,3430,3304,3217,-22.1118,-5.33221,8.95828,48.272
56729,3416,3793,5931,11277,3312,3666,5128,7507,3232,3436,3858,4166,3123,3214,3442,3478,-20.4303,27.9927,8.98497,47.986
56730,3843,3803,3388,3227,5603,4317,3532,3286,10117,5280,3809,3380,6897,4869,3704,3218,9.04263,-30.4833,8.88986,48.182
56731,3255,3285,3369,3323,3381,3731,3823,3730,4011,4680,5240,4459,4260,6741,9501,5263,33.4772,3.80965,8.90434,48.0347
56732,3168,3272,3422,3626,3223,3542,4155,4762,3339,3826,5236,9189,3348,3730,5511,8925,14.9149,29.7267,8.76976,48.1827
56733,3932,3896,3493,3318,5006,5445,3964,3438,6492,7621,4600,3523,5026,5083,4037,3482,6.13553,-12.6556,8.50758,48.2373
56734,6884,7694,4824,3827,5858,6633,4354,3576,4078,4187,3609,3274,3402,3445,3328,3139,-17.4803,-12.2159,8.51128,48.0747
56735,3446,3741,4460,4245,3697,4602,7326,5592,3654,4453,6485,5323,3395,3720,4252,4132,-1.59623,10.2041,8.93816,48.3487
56736,5781,7737,5011,3826,5406,7084,4883,3732,3969,4266,3738,3365,3397,3422,3365,3215,-16.4128,-9.09661,8.60279,48.1313
56737,3424,4148,7313,11082,3329,3962,5013,5960,3139,3553,3776,3894,3189,3223,3428,3504,-27.4684,21.087,8.60522,47.958
56738,4764,6144,5226,4026,4796,7430,5793,4078,3904,4542,4218,3666,3453,3623,3483,3224,-12.0747,-3.59842,8.5754,48.2467
56739,3673,3698,3554,3340,4406,5124,4059,3460,5534,8066,5022,3779,4715,5714,4429,3638,9.09388,-8.43691,8.54759,48.1407
56740,4972,7521,6024,4082,4637,6747,5424,3955,3764,4262,3930,3510,3408,3375,3442,3254,-16.9654,-3.7883,8.94169,48.2047
56741,3166,3294,3485,3261,3428,3707,3919,3803,3785,4512,6238,5150,3865,5453,8869,6381,20.8319,9.24219,8.64618,48.2107
56742,3384,3458,3295,3044,3933,3930,3594,3401,5301,6224,4382,3705,6829,8842,4942,3792,20.4411,-10.6539,8.82073,48.0373
56743,10704,7282,4220,3420,6121,5215,3940,3426,3871,3927,3487,3298,3443,3312,3283,3179,-24.4737,-20.0615,8.88992,48.0853
56744,3168,3267,3392,3326,3270,3436,3707,3931,3497,3793,4730,5897,3355,4070,6113,12404,29.958,33.6595,8.71609,47.5707
56745,4081,3852,3484,3220,6495,4596,3762,3278,9483,5306,3779,3371,5670,4518,3735,3356,5.28074,-32.7981,8.56198,47.9907
56746,3465,3359,3230,3130,3854,3661,3436,3261,5941,4783,3727,3367,12802,5998,3893,3427,28.8102,-31.5156,8.98897,47.556
56747,3357,3362,3235,3125,3976,3871,3410,3344,6424,4953,3806,3236,11661,6801,4015,3460,24.7847,-23.2174,8.92478,48.024
56748,3310,3758,4622,5315,3427,3952,6152,8373,3322,3909,5095,6295,3216,3525,3896,4192,-4.60458,19.6329,8.77703,48.2393
56749,4224,4016,3488,3239,6216,5235,3752,3327,7878,6409,4063,3519,5109,4594,3860,3412,3.96283,-18.2365,8.69728,48.2273
56750,3406,3946,4439,4170,3804,4642,7048,5363,3583,4489,6687,5030,3409,3747,4272,4072,-0.598924,9.00007,8.57322,48.0713
56751,3150,3346,3615,3740,3348,3654,4336,4602,3502,4098,6500,7697,3410,4064,6002,7026,13.1978,17.5858,8.50963,48.06
56752,3128,3300,3434,3279,3421,3626,3875,3921,3604,4362,5863,5042,3864,5277,9241,6916,22.7246,10.4622,8.73307,48.102
56753,3244,3713,4719,6168,3389,3791,5150,10009,3285,3635,4484,6074,3178,3407,3707,4036,-6.96764,30.0657,8.7958,47.9927
56754,3169,3219,3343,3206,3530,3681,3730,3699,3967,4759,5722,4470,4167,6378,9465,5614,23.5833,5.28475,8.94266,48.0793
56755,3436,3440,3157,3066,4319,4098,3672,3267,7447,5630,3936,3425,9089,6573,4193,3432,17.8006,-20.2098,8.77598,48.12
56756,3765,5461,9739,7128,3663,4292,5274,4834,3369,3545,3798,3887,3247,3200,3296,3316,-29.1527,9.77269,8.56218,47.876
56757,3463,3730,3788,3497,3827,4683,4876,4046,4264,6396,7474,4484,3833,4747,5143,4124,7.17503,2.05641,8.69388,48.25
56758,3903,4288,4390,3895,4317,6487,6405,4263,4098,5578,5510,4011,3570,3956,3941,3756,-2.68892,-0.267565,8.80352,48.2453
56759,5732,6395,4383,3761,6321,7830,4626,3624,4327,4452,3724,3339,3520,3617,3461,3130,-12.272,-11.5964,8.99309,48.1613
56760,5362,8773,6383,4271,4686,6049,4848,3927,3651,3968,3858,3531,3354,3351,3248,3133,-20.8794,-5.05819,8.7583,48.262
56761,4527,4091,3603,3256,7505,4876,3865,3377,8710,5052,3678,3372,5169,4175,3619,3288,2.00771,-32.2761,8.78399,48.1087
56762,4079,4358,3824,3455,5324,7077,4505,3517,5503,6890,4524,3578,4181,4323,3902,3309,0.156206,-10.3463,8.82871,48.2327
56763,3318,3157,3397,3405,3312,3411,3719,3851,3349,3717,4711,5867,3355,3871,5960,12638,30.4418,33.6857,8.7149,47.3587
56764,3674,4072,4154,3740,3997,6151,6064,4164,4120,6091,6061,4148,3715,4189,4196,3712,0.25838,0.135361,8.9273,48.1653
56765,6333,9638,5857,3945,4707,5388,4533,3712,3720,3830,3718,3431,3246,3377,3228,3230,-26.6613,-7.5955,8.54627,47.9287
56766,3728,3480,3392,3078,4740,4252,3719,3359,8139,6393,4124,3438,7223,5764,3965,3410,12.6016,-18.8251,8.87356,48.136
56767,3299,3392,3248,3223,3778,3747,3587,3343,4818,5716,4487,3806,6391,9611,5831,3974,23.7876,-7.63593,8.97504,48.1673
56768,3138,3287,3547,3361,3460,3878,4138,3868,3595,4818,7153,5290,3852,5168,7908,5836,16.6999,8.35127,8.97084,48.198
56769,4406,4976,4440,3768,4973,7908,5719,3922,4318,5257,4454,3720,3707,3910,3682,3408,-6.78144,-5.07044,8.62613,48.3787
56770,3375,4126,5882,7547,3518,4003,6276,7941,3260,3511,4275,4597,3086,3264,3541,3554,-13.9508,19.0663,8.85635,47.8373
56771,3180,3247,3310,3327,3310,3550,3831,3894,3482,4154,5260,5483,3541,4674,9060,8895,27.0136,14.8616,8.56146,48.132
56772,3108,3175,3407,3433,3263,3572,3982,3799,3691,4276,5692,5094,3736,5058,9569,7380,23.8388,11.2039,8.91585,48.1567
56773,3758,3672,3369,3180,5519,4339,3689,3328,9955,5288,3719,3361,7086,4968,3732,3289,9.87981,-31.1536,8.7245,48.168
56774,3100,3305,3577,3652,3343,3585,4253,4797,3418,4064,6070,8198,3450,4022,5952,7707,13.7583,19.9686,8.85403,48.3287
56775,3401,3876,5470,9271,3382,3801,5088,8650,3304,3569,4108,4638,3136,3189,3500,3535,-15.7749,33.0089,8.81563,47.9453
56776,4719,4342,3570,3284,7723,5645,3873,3328,7132,5463,3877,3392,4490,4224,3599,3240,-1.0269,-20.4582,8.64427,47.934
56777,8000,9401,4919,3594,5205,5237,4054,3491,3797,3850,3575,3312,3406,3397,3218,3184,-32.6915,-12.7452,8.7148,47.76
56778,3471,4103,6238,11027,3504,3773,5002,7256,3211,3503,3880,4045,3114,3263,3447,3533,-20.7761,24.197,8.94169,48.2467
56779,3502,3532,3433,3162,4133,4276,3832,3464,5740,7461,4750,3753,5620,7160,4733,3615,14.44,-9.68557,8.66463,48.1107
56780,3351,3370,3106,3115,3953,3779,3544,3180,5784,5178,3896,3451,9982,7950,4379,3534,26.0803,-18.0048,8.61753,47.7013
56781,3070,3287,3500,3414,3240,3546,3960,4037,3419,3964,5211,6588,3397,4090,7092,10049,22.0427,20.104,8.60167,47.9093
56782,5494,5424,4161,3420,7015,7601,4480,3460,4937,4919,3846,3468,3717,3798,3383,3279,-8.78708,-13.8759,8.95128,48.268
56783,9978,7253,4124,3406,6609,5362,3905,3358,4210,4008,3452,3299,3464,3364,3345,3191,-21.1119,-19.6767,8.83119,48.2187
56784,3396,3956,5768,10867,3263,3855,4933,7584,3272,3540,3908,4317,3065,3236,3470,3504,-19.9027,29.5708,8.57059,47.956
56785,3635,5137,9537,7782,3541,4249,5169,5263,3299,3626,3907,3806,3082,3233,3362,3314,-30.8664,12.0216,8.63798,47.9613
56786,3171,3251,3416,3458,3274,3429,3836,3900,3508,4010,5078,5491,3517,4413,8543,9504,33.0439,16.3576,8.97359,47.866
56787,3184,3252,3548,3337,3438,3553,4015,3814,3591,4676,6221,5216,3718,5235,8938,6547,20.4199,9.70488,8.91441,48.1887
56788,3671,5018,9478,7638,3629,4184,5170,5104,3331,3509,3887,3853,3189,3284,3432,3403,-32.9479,12.2699,8.76577,47.8533
56789,5551,4959,3841,3408,8244,6549,4101,3430,5717,4915,3883,3348,3962,3886,3511,3244,-6.50273,-18.8302,8.75741,48.366
56790,3176,3302,3658,3831,3329,3586,4157,5079,3403,3807,5095,9601,3224,3802,5168,7710,11.8443,29.3947,8.66986,47.952
56791,3158,3446,3339,3394,3463,3735,3779,3613,4047,4676,5093,4268,4408,7530,9267,5220,32.1554,2.59002,8.74862,48.2907
56792,3352,3954,5169,5695,3557,4211,7047,7585,3390,3794,5007,5192,3255,3515,3774,3727,-8.14548,16.3499,8.56106,48.1493
56793,4113,6391,9892,5916,3764,4610,5380,4530,3450,3619,3729,3654,3242,3132,3250,3228,-28.8571,6.27206,8.93396,47.9333
56794,3062,3265,3365,3375,3219,3446,3840,3904,3459,3752,4757,6023,3371,3907,6009,12560,27.5158,31.304,8.76893,47.5427
56795,3430,3989,4670,4374,3855,4818,7677,5666,3605,4253,6233,4954,3296,3766,4078,4099,-3.10531,9.86929,8.85366,48.5087
56796,3355,3877,5408,9116,3446,3768,5314,8665,3110,3568,4094,4723,3187,3335,3523,3543,-15.2135,26.4336,8.85055,48.0213
56797,3397,3271,3215,3132,3997,3822,3466,3234,5898,4862,3870,3418,11417,7149,3997,3358,32.3156,-21.3972,8.66409,47.6687
56798,4238,4220,3881,3338,5263,6855,4492,3581,5319,7092,4799,3540,4318,4387,3905,3370,0.459955,-9.61347,8.85629,48.3987
56799,3282,3648,4321,5356,3347,3855,5319,9046,3261,3614,4727,7335,3290,3438,3951,4371,-2.74411,26.8593,8.91759,48.1073
56800,3442,3707,4003,3729,3855,4644,5892,4462,3894,5649,7618,4807,3676,4272,4813,4171,4.24065,5.16443,8.84349,48.4227
56801,3117,3290,3479,3402,3502,3858,4088,3779,3879,5346,6598,4694,4065,5836,7908,5184,17.6888,4.71972,8.85494,48.0167
56802,4374,6979,8739,5294,4069,5091,5441,4363,3460,3716,3834,3708,3212,3382,3356,3327,-23.2299,3.02219,8.67952,48.23
56803,3811,3792,3376,3181,4894,5022,3862,3368,6931,7563,4427,3592,5342,5471,4102,3612,8.2011,-13.963,8.67351,48.2307
56804,3299,3895,5571,9581,3344,3774,5163,8430,3285,3537,3956,4524,3025,3334,3337,3598,-17,30.9122,8.56983,47.7687
56805,3952,3865,3558,3205,5311,5472,3920,3461,6666,7658,4434,3570,4918,4918,4051,3441,4.98471,-13.1338,8.78176,48.2667
56806,4522,4241,3640,3280,7519,5760,3897,3290,7325,5746,3990,3357,4701,4304,3596,3242,0.17496,-19.7091,8.95565,48.2733
56807,3912,4270,4077,3711,4315,6630,5880,3990,4309,6215,5362,3954,3749,4126,3931,3573,-1.35018,-1.85088,8.83573,48.0027
56808,8411,5304,3771,3316,9318,5233,3885,3451,4780,4088,3482,3244,3643,3459,3276,3161,-13.5759,-29.4661,8.95931,47.8813
56809,4171,3861,3481,3212,6223,4539,3584,3240,9899,5260,3787,3415,6154,4606,3699,3369,6.69745,-27.2451,8.78599,48.3333
56810,6690,4879,3905,3407,9458,5854,3807,3463,5592,4427,3576,3284,3948,3689,3436,3134,-9.08801,-23.8958,8.67773,48.366
56811,3393,4108,6018,7575,3445,4063,6276,7932,3334,3651,4209,4561,3183,3431,3515,3551,-13.818,18.8039,8.8656,48.1633
56812,8563,9126,4734,3661,5379,5225,4196,3448,3836,3794,3463,3280,3400,3421,3287,3188,-33.4572,-14.1773,8.71535,48.0007
56813,3645,3617,3290,3310,4583,4504,3781,3412,6821,7426,4336,3591,6163,6193,4226,3545,12.2021,-14.1138,8.7765,48.2953
56814,5400,4412,3671,3253,8886,5643,3786,3362,6827,4862,3829,3382,4344,4026,3487,3219,-3.4233,-23.4985,8.71279,48.2593
56815,3527,3358,3258,3112,3914,3833,3529,3264,5386,5095,3868,3599,8891,8953,4737,3711,31.0116,-14.7179,8.88953,48.0233
56816,4929,7156,5623,4141,4672,7013,5596,3966,3763,4200,3959,3636,3418,3561,3445,3356,-15.6665,-4.14652,8.81495,48.2893
56817,4172,3946,3443,3159,7248,4743,3836,3411,8983,5186,3835,3263,5390,4359,3692,3203,3.02124,-30.3022,8.73512,47.9127
56818,3289,3622,4253,4973,3451,3790,5640,8306,3383,3831,5221,6992,3178,3536,4049,4398,-1.97367,21.4808,8.62929,47.9413
56819,3750,4299,4450,4029,4052,5947,6932,4477,3963,5249,5884,4208,3596,3902,3989,3873,-2.78283,2.36911,8.84688,48.4
56820,3206,3167,3398,3458,3219,3519,3949,3899,3520,3995,5039,5515,3503,4424,8694,9331,32.8381,16.1064,8.84194,47.8907
56821,3497,4245,6995,9348,3501,3846,5446,6677,3334,3620,3835,4115,3230,3327,3379,3524,-20.2188,19.1253,8.61155,47.946
56822,3436,3394,3336,3144,3762,3867,3714,3438,4673,5402,4462,3834,6151,9652,6227,4026,26.4217,-6.83765,8.53759,48.3453
56823,12351,6094,3906,3384,6490,4698,3877,3375,3981,3841,3526,3289,3426,3332,3262,3062,-25.1497,-28.1285,8.96776,47.9293
56824,4257,5564,5504,4177,4343,7101,6810,4196,3974,4612,4423,3669,3314,3706,3542,3390,-10.77,-0.76967,8.85002,48.388
56825,4426,5691,4841,3938,4758,7790,6084,4151,3935,4851,4266,3536,3470,3737,3471,3334,-9.96284,-3.7263,8.84575,48.186
56826,3124,3090,3330,3397,3237,3496,3972,4254,3431,3792,5174,8248,3467,3873,5632,10011,17.4347,33.4231,8.92839,47.6853
56827,6040,8177,5050,3960,5394,6926,4707,3697,3955,4171,3747,3379,3345,3455,3398,3247,-17.5658,-8.94993,8.77356,48.432
56828,3022,3363,3486,3391,3273,3484,3958,3992,3547,4012,5460,6176,3513,4539,7639,9308,22.1869,17.5826,8.58477,48.1087
56829,3769,3682,3475,3288,4560,4909,3922,3450,6465,7847,4541,3646,5387,5739,4279,3582,9.31214,-12.2499,8.68026,48.3607
56830,3479,4412,7807,9653,3468,4021,5279,6032,3246,3551,3918,3947,3103,3365,3342,3458,-23.9552,17.7867,8.53389,48.054
56831,3308,3699,4539,5967,3232,3828,5343,9518,3209,3765,4668,6492,3162,3383,3803,4189,-5.91384,27.332,8.64418,48.07
56832,3575,3730,3476,3335,4174,4982,4257,3635,5030,7963,5619,4044,4496,5477,4711,3826,8.46346,-5.26342,8.54351,48.22
56833,10519,5781,3938,3422,7727,5013,3873,3322,4232,3932,3415,3274,3454,3395,3178,3090,-18.8089,-29.5291,8.58668,47.71
56834,3615,3776,3832,3555,3964,4961,4928,3952,4323,7016,6794,4263,4034,4804,4684,3866,5.79836,-0.293568,8.9967,48.2447
56835,3136,3338,3427,3459,3204,3447,3992,4230,3293,3967,4976,7468,3373,3885,5695,11043,19.8268,33.3062,8.84551,47.9553
56836,3240,3353,3359,3236,3688,3955,3680,3499,4451,5181,4649,3960,5385,9535,6894,4281,27.0338,-4.11985,8.51323,48.2307
56837,3370,3462,3228,3172,4033,3935,3514,3149,6364,5601,3937,3509,9150,7387,4442,3526,20.6659,-17.5869,8.9664,47.8527
56838,3732,5438,10003,7023,3712,4284,5263,4986,3428,3681,3835,3713,3243,3293,3327,3303,-31.2386,9.90029,8.78803,48.176
56839,3316,3624,4321,4313,3565,4268,6202,5906,3558,4340,6756,6143,3421,3695,4377,4511,0.838093,13.6228,8.69455,48.2107
56840,3340,3306,3342,3171,3793,3969,3845,3423,4856,6165,4679,3826,5921,8762,5843,3942,21.0987,-6.97052,8.60864,48.122
56841,3048,3261,3385,3455,3364,3273,3635,4004,3268,3844,4827,5937,3424,3977,6011,12501,30.9022,32.5102,8.60208,47.476
56842,3893,5251,9080,6761,3691,4278,6129,5213,3375,3622,3959,3849,3114,3261,3407,3336,-21.8281,10.338,8.6546,48.146
56843,4494,6755,6591,4517,4333,6377,6058,4252,3781,4051,4049,3646,3272,3321,3463,3408,-16.5908,-0.490692,8.58061,48.2453
56844,8623,6616,4174,3456,7468,5808,4050,3470,4285,4120,3613,3154,3494,3566,3199,3074,-17.3179,-19.3055,8.96133,48.1133
56845,3353,3421,3406,3161,3810,3854,3583,3200,5452,5093,4093,3440,8705,8970,4679,3442,31.9331,-14.5278,8.70124,47.7747
56846,3423,4061,5881,7081,3414,3904,6299,8220,3294,3644,4304,4809,3104,3308,3533,3707,-12.9011,19.0885,8.52403,47.9907
56847,3337,3554,3509,3423,3657,4127,4558,3915,4097,6109,7290,4615,4109,5418,6266,4591,12.8798,2.70413,8.96305,48.3833
56848,4181,4662,4274,3751,4761,7271,5508,3942,4331,5953,4833,3875,3770,4016,3789,3561,-3.25652,-4.15469,8.52012,48.3187
56849,4782,4076,3642,3246,8185,4927,3713,3326,8377,5014,3767,3328,4763,4155,3657,3205,0.40072,-32.9095,8.68667,48.1087
56850,3402,4062,6521,12082,3434,3844,4862,6165,3172,3403,3789,4009,2958,3212,3401,3432,-27.5912,25.0037,8.52155,47.832
56851,3246,3399,3917,4228,3303,3716,4600,6814,3325,3822,5495,9315,3294,3715,4629,5627,4.85481,25.1073,8.90139,48.2967
56852,3303,3367,3319,3224,3508,3704,3706,3604,4034,4805,4951,4463,4541,7690,8702,5005,31.5719,1.71469,8.56007,47.9507
56853,3319,3843,5076,7346,3379,3776,5354,9716,3241,3628,4272,5302,3117,3341,3593,3809,-10.8094,26.0776,8.68439,48.0747
56854,8571,7768,4473,3469,6296,5884,4157,3545,4014,3933,3619,3282,3415,3377,3271,3064,-20.076,-16.2919,8.97046,48.092
56855,3121,3263,3247,3386,3377,3576,3778,3908,3532,4156,5412,5394,3565,4646,9016,8742,27.7619,14.3671,8.72184,48.0793
56856,3508,3426,3248,3143,4039,3827,3400,3324,7239,5020,3839,3384,11542,5724,3949,3404,21.2996,-31.8763,8.77808,48.0107
56857,5768,9530,6418,4176,4634,5285,4678,3891,3484,3755,3715,3470,3312,3470,3291,3135,-27.9053,-5.58154,8.52479,48.008
56858,3942,4197,3735,3409,4814,6477,4718,3700,5009,7401,4884,3698,4202,4637,3962,3576,1.81083,-7.51721,8.75902,48.2407
56859,3134,3532,4071,4566,3413,3634,4958,7658,3316,3810,5309,8842,3219,3581,4250,5068,2.10909,25.2201,8.83172,48.2407
56860,3317,3657,4308,5461,3348,3692,5171,9368,3284,3666,4724,7212,3145,3460,3937,4351,-3.54603,27.6206,8.76688,48.0673
56861,9126,8868,4563,3570,5505,5166,4067,3491,3817,3756,3499,3260,3408,3331,3286,3106,-30.3601,-15.0854,8.50458,47.8793
56862,3375,3590,4433,5000,3444,4008,6129,7682,3427,3853,5615,6585,3309,3581,4142,4353,-1.98303,18.724,8.97685,48.3507
56863,3155,3376,3453,3437,3364,3709,4085,4005,3677,4476,6836,5706,3780,4876,7753,6411,16.8137,10.9729,8.87929,48.066
56864,4145,6736,9592,5538,3917,4708,5139,4417,3415,3683,3807,3683,3232,3300,3338,3370,-33.0068,4.27162,8.96269,48.0133
56865,3703,4200,4098,3733,4225,5916,5997,4079,4049,6015,6011,4156,3844,4098,4106,3691,-0.0968687,-0.0128098,8.89887,47.9473
56866,3256,3565,3813,3883,3583,3916,5384,5172,3547,4454,7671,6703,3395,4036,5026,4993,5.88325,13.3245,8.51035,48.2647
56867,3553,3491,3184,3095,4414,4180,3687,3344,7604,5928,3999,3597,8388,6385,4038,3315,16.3203,-19.1831,8.76599,48.1347
56868,5448,4547,3671,3191,9107,5406,3809,3328,6983,4820,3759,3235,4395,3954,3497,3228,-4.1206,-24.8839,8.67272,48.252
56869,3737,5171,9551,7815,3588,4153,5281,5105,3348,3596,3812,3809,3272,3262,3406,3294,-29.9149,11.8484,8.76869,48.1333
56870,3842,3601,3289,3186,5329,4364,3542,3255,9728,5595,3897,3453,7604,5190,3850,3289,11.2732,-25.8064,8.96361,48.676
56871,3384,3374,3294,3150,3770,3931,3558,3327,5416,5241,4065,3440,8828,8901,4585,3510,32.6311,-14.6699,8.60468,47.8493
56872,3130,3224,3326,3310,3342,3499,3864,3796,3558,4146,5179,5500,3506,4505,8675,9415,32.955,15.7609,8.86758,47.9833
56873,3359,4018,6128,9688,3319,3985,5326,8013,3211,3540,3982,4386,3111,3299,3502,3526,-17.3584,23.3439,8.81483,48.262
56874,3277,3337,3433,3346,3537,3813,4069,3869,3918,5217,6646,4717,4199,6071,8001,5174,17.9812,4.50458,8.85732,48.416
56875,3418,3864,5900,12482,3354,3633,4784,5894,3316,3361,3734,3899,3198,3253,3361,3527,-32.5125,32.0341,8.86923,47.3187
56876,3645,3911,3958,3701,3965,5451,5881,4243,4114,6043,6588,4475,3702,4268,4475,3936,2.285,1.49538,8.61374,48.2373
56877,3574,3472,3205,3206,4248,4005,3612,3267,7690,5089,3853,3406,10271,5724,3976,3411,18.9751,-33.6752,8.66068,48.006
56878,12345,6028,3815,3291,6427,4707,3771,3318,3991,3760,3552,3297,3407,3375,3181,3123,-26.3532,-31.0638,8.65483,47.592
56879,11792,6758,4026,3386,5859,4924,3770,3362,4009,3809,3537,3288,3310,3334,3248,3055,-33.0916,-22.6233,8.68,47.6447
56880,10998,7578,4163,3377,5819,4963,3876,3413,4000,3822,3477,3303,3316,3353,3237,3075,-28.9521,-20.0271,8.54064,47.8467
56881,3651,4870,8911,8264,3459,4087,5382,5522,3311,3549,3883,3891,3145,3264,3246,3370,-24.8631,14.0334,8.57335,47.87
56882,3077,3415,3855,4250,3248,3631,4734,6833,3384,3755,5173,9685,3262,3635,4536,5714,4.93444,28.0651,8.90662,48.1247
56883,12597,6016,3954,3422,6233,4700,3789,3276,3783,3824,3415,3328,3287,3327,3317,3067,-26.8476,-31.6042,8.93367,47.5567
56884,3378,4059,7048,11646,3357,3805,4999,6260,3136,3366,3694,3971,3137,3247,3456,3423,-25.0933,22.3184,8.96367,47.988
56885,3370,3540,4073,4044,3314,4116,5659,5646,3571,4341,7333,6660,3415,3784,4881,4810,3.82576,14.0154,8.84436,48.3713
56886,3205,3337,3560,3598,3231,3424,4081,4860,3352,3910,5296,9256,3471,3890,5233,8261,13.4516,33.1111,8.65814,47.9767
56887,3191,3281,3449,3383,3118,3538,4246,4584,3404,3899,5200,8770,3405,3766,5340,9383,15.6206,32.2277,8.93411,47.9713
56888,12342,5925,3955,3388,6382,4739,3832,3311,3843,3865,3541,3170,3426,3351,3200,3162,-26.3123,-29.0872,8.64984,47.6213
56889,3264,3627,3505,3406,3466,3906,4334,3872,4051,5342,7049,4732,4076,5793,7074,5026,15.6925,4.78779,8.796,48.3487
56890,3374,3353,3375,3203,3640,3888,3819,3556,4157,5366,5533,4223,4695,7893,7547,4695,21.4114,-0.0133558,8.69467,48.2113
56891,3056,3173,3369,3350,3148,3560,3848,3986,3414,3736,4852,6302,3311,3986,6387,12257,26.2834,25.6469,8.77943,47.8233
56892,3343,3452,3258,3179,3882,3794,3454,3309,5896,4628,3694,3372,12744,6053,3971,3424,31.6339,-31.7523,8.90306,47.6353
56893,12030,6545,3984,3324,5941,4869,3718,3309,3962,3726,3506,3229,3467,3351,3152,3105,-29.7559,-24.4497,8.51681,47.4787
56894,6021,5028,3735,3433,9056,6261,3948,3395,5604,4626,3750,3305,3915,3849,3411,3123,-7.86718,-20.5884,8.79406,48.3067
56895,4071,3867,3556,3225,5419,5016,3858,3311,8049,6724,4084,3362,5670,5030,3854,3429,7.12639,-17.983,8.57892,48.35
56896,4124,4260,3818,3346,5627,6608,4298,3531,5729,6911,4505,3529,4260,4411,3911,3306,0.650014,-11.542,8.77582,48.116
56897,3084,3300,3680,3892,3318,3656,4403,5454,3316,4008,5989,9124,3394,3799,5112,6629,9.54088,21.3699,8.74684,48.1053
56898,4980,8511,7830,4684,4267,5188,5095,4171,3571,3915,3756,3415,3137,3276,3364,3236,-24.809,-0.797057,8.74238,48.264
56899,3041,3221,3659,3720,3200,3578,4170,5225,3379,3838,5214,9746,3318,3838,5172,7601,11.445,28.5582,8.75842,47.9467
56900,7368,7926,4499,3723,6087,6405,4197,3573,4058,4105,3751,3444,3490,3387,3257,3149,-18.2681,-13.5235,8.71185,48.2793
56901,6804,4938,3813,3353,9435,5611,3836,3360,5567,4493,3724,3296,3816,3729,3390,3074,-9.35851,-23.778,8.55946,48.1593
56902,4822,5379,4176,3597,5750,8052,4859,3566,4585,5126,4152,3473,3708,3901,3579,3302,-7.48783,-9.85396,8.68787,48.018
56903,3638,4319,4467,3915,4096,5773,6981,4604,3968,5087,6050,4240,3448,3893,4069,3751,-2.70145,3.4138,8.63079,48.1993
56904,3483,4154,7205,11379,3392,3894,4976,6050,3257,3472,3723,3963,3114,3196,3250,3308,-27.1344,21.2825,8.83936,47.8773
56905,4008,5374,7239,4940,3919,5392,7250,4909,3563,4016,4414,3835,3187,3520,3551,3452,-15.0707,5.67212,8.78573,48.3793
56906,3363,3421,3174,3099,3691,3793,3693,3406,4858,5734,4535,3839,6273,9593,5877,4027,24.7151,-7.64614,8.76643,48.2507
56907,3152,3214,3483,3416,3263,3573,4072,4453,3337,3911,5276,7834,3379,3893,5957,9383,17.146,23.3941,8.59836,47.7307
56908,4549,3975,3528,3184,7557,5007,3687,3352,8948,5208,3753,3327,4916,4292,3557,3282,1.65022,-25.6589,8.69898,48.0813
56909,3105,3236,3453,3545,3271,3488,3962,4258,3502,4138,5845,6621,3405,4273,7274,8765,19.4453,17.8933,8.50811,48.094
56910,3409,3356,3194,3018,4002,3771,3506,3195,6004,5010,3970,3500,11190,7384,4151,3435,26.1738,-20.4498,8.99258,48.0633
56911,3494,3440,3301,3181,4184,3967,3645,3373,6480,6278,4249,3624,7541,7295,4446,3601,17.5387,-15.08,8.63078,48.066
56912,12539,5993,3933,3372,6331,4691,3765,3458,3993,3584,3480,3239,3370,3384,3244,3041,-25.7804,-30.2288,8.76222,47.6113
56913,4029,4171,3571,3258,5268,6318,4352,3516,5662,7252,4534,3670,4487,4578,3884,3468,2.25135,-11.2527,8.74523,48.012
56914,3167,3368,3407,3312,3478,3618,3835,3691,3728,4495,5423,4618,4058,5891,9975,6518,28.2271,7.59005,8.91766,48.388
56915,5926,5527,3816,3520,7576,7033,4305,3467,5129,4859,3729,3310,3756,3668,3377,3025,-9.2104,-16.6353,8.68549,48.0153
56916,3535,3509,3333,3104,4505,4157,3545,3388,7633,6096,4005,3537,8030,6355,4001,3441,15.9163,-19.6661,8.54657,48.116
56917,6144,9863,6094,3863,4628,5268,4506,3883,3779,3855,3685,3420,3234,3492,3327,3245,-33.6202,-6.91015,8.80447,48.1907
56918,3613,3689,3364,3189,4127,4453,3934,3434,5837,7519,4704,3697,5650,6907,4684,3718,13.7697,-10.4562,8.51882,48.346
56919,5192,4334,3588,3241,9190,5115,3758,3417,7338,4739,3753,3418,4449,4038,3486,3196,-2.71771,-28.2594,8.73144,48.168
56920,3151,3611,4084,4282,3305,3969,5655,5916,3471,4072,6769,7235,3335,3808,4625,4825,3.0356,16.0264,8.89263,48.0753
56921,3354,3958,5058,5161,3476,4284,7251,6838,3437,3983,5250,5433,3320,3527,3907,4071,-6.03498,14.7442,8.70871,48.2053
56922,3508,3583,3453,3270,3890,4408,4072,3570,4764,7413,5916,4099,4607,6305,5355,3991,12.8096,-3.56604,8.59871,48.136
56923,4874,8667,7883,4504,4264,4977,4859,4156,3559,3764,3729,3547,3238,3400,3301,3210,-31.0399,-1.13883,8.65269,47.9547
56924,4848,7744,6904,4543,4394,5846,5615,4062,3666,3872,3898,3550,3343,3424,3351,3286,-19.6196,-1.51815,8.95844,48.2307
56925,3164,3539,4158,4603,3326,3727,5048,7015,3362,3852,5347,8611,3104,3613,4403,5280,2.54709,23.8046,8.52162,48.1013
56926,3211,3169,3384,3428,3235,3359,3769,3957,3424,3761,4839,6218,3383,4090,6497,12148,29.2225,25.048,8.54544,47.9147
56927,3162,3386,3942,4119,3408,3760,4737,6730,3378,3825,5572,9256,3334,3668,4437,5470,4.58878,23.8795,8.64242,48.1227
56928,3065,3109,3387,3427,3182,3469,3753,4017,3405,3849,5031,6404,3524,4054,6773,11389,24.7712,22.597,8.60303,47.892
56929,3183,3333,3389,3425,3147,3371,3745,3873,3385,3777,4883,6201,3356,3975,6177,12473,29.7667,28.6912,8.70491,47.7953
56930,3420,4154,6386,9465,3352,3841,5724,7423,3234,3509,4033,4270,3077,3260,3459,3355,-18.4661,20.6428,8.98034,47.9747
56931,3560,3664,3383,3242,4371,4436,3802,3441,6278,7917,4713,3617,5771,6231,4491,3619,11.8611,-11.9806,8.94247,48.3573
56932,3403,3310,3179,3140,3920,3908,3520,3205,6850,4889,3754,3291,12091,6004,3935,3398,23.8195,-30.1835,8.79923,47.8647
56933,4887,4291,3580,3267,8312,5679,3839,3318,7419,5250,3707,3373,4452,4220,3571,3220,-1.36787,-21.588,8.98893,48.2567
56934,12668,6179,3878,3292,6050,4616,3798,3371,3958,3865,3393,3183,3382,3398,3256,3202,-28.8219,-30.5913,8.62848,47.6593
56935,3325,3364,3365,3233,3722,3857,3698,3486,4541,5333,4535,3865,5889,9689,6269,4077,33.219,-6.07887,8.81732,48.1653
56936,3509,3508,3332,3053,4007,4124,3778,3371,5300,6835,4777,3748,5988,8174,5170,3795,17.7484,-9.1369,8.97764,48.3127
56937,3422,3481,3270,3139,3988,3651,3489,3195,6135,4778,3767,3297,12828,5874,3911,3405,27.9841,-30.3775,8.7848,47.7533
56938,3562,3490,3223,3146,4495,4194,3668,3208,7999,5619,3875,3396,8567,5967,3971,3423,15.6032,-20.97,8.72127,47.8687
56939,3778,3687,3366,3116,5229,4273,3537,3268,9794,5669,3931,3417,7274,5106,3768,3332,10.7938,-24.5052,8.95013,48.3633
56940,3284,3712,4981,7333,3357,3891,5183,9775,3208,3490,4235,5350,3113,3373,3622,3839,-10.4391,29.014,8.76016,47.8307
56941,5758,8517,5719,4075,4956,6304,4786,3811,3802,4013,3790,3483,3265,3427,3312,3261,-20.1568,-6.5645,8.64454,48.186
56942,3817,3670,3373,3032,5038,4760,3716,3211,8217,6706,4175,3493,6334,5436,4029,3392,9.71498,-17.9778,8.77844,48.266
56943,12276,5857,3963,3285,5945,4580,3833,3372,3965,3785,3418,3336,3373,3431,3337,3202,-31.5394,-32.7856,8.53575,47.3053
56944,7940,5328,3926,3320,8990,5481,3905,3432,5037,4196,3537,3244,3769,3652,3247,3068,-13.1249,-25.1954,8.5617,48.048
56945,9071,6232,3931,3389,7800,5535,3991,3586,4452,4032,3453,3354,3458,3461,3400,3048,-16.973,-22.2431,8.51148,48.1287
56946,3275,3442,3361,3169,3850,3842,3552,3281,5175,5620,4342,3631,7425,9452,5100,3733,24.0793,-11.2627,8.94851,48.1667
56947,3171,3355,3287,3240,3454,3789,3653,3523,4230,4997,4961,4222,5014,8557,8135,4688,28.3544,-0.779549,8.9432,48.184
56948,3254,3544,4175,4647,3358,3833,5253,7407,3281,3869,5547,8041,3312,3616,4341,4912,1.3192,22.1435,8.50476,48.26
56949,3323,3233,3428,3230,3418,3656,3869,3655,3986,4681,5121,4366,4263,7182,9303,5269,32.8181,2.91272,8.82825,47.9887
56950,3762,4149,3848,3633,4262,5916,5141,3896,4476,6885,5955,4135,3933,4385,4284,3735,2.35724,-2.60172,8.63192,48.2633
56951,3339,3740,4425,4865,3513,4118,6327,7350,3364,3854,5560,6325,3363,3481,4019,4343,-2.62018,17.6223,8.61156,47.9907
56952,3542,3513,3406,3174,4427,4280,3605,3311,7181,6642,4147,3567,7417,6477,4235,3483,14.7512,-16.688,8.85723,48.2713
56953,9129,5461,3788,3439,8961,5201,3838,3273,4671,4102,3583,3188,3561,3544,3182,3099,-14.9524,-27.5985,8.94017,48.0133
56954,3312,3450,3207,3149,3748,3847,3712,3388,4881,5823,4458,3730,6430,9477,5736,3923,23.1299,-8.27159,8.59203,48.1807
56955,3888,4189,4126,3653,4407,6501,5972,4122,4243,5922,5547,3987,3774,4204,3949,3666,-1.00298,-1.52307,8.69949,48.1
56956,3293,3644,4174,4713,3248,3738,4950,8281,3305,3880,5035,8245,3234,3612,4207,4947,0.246379,26.5131,8.65719,48.3373
56957,3170,3221,3350,3268,3209,3464,3605,3836,3420,3932,4849,5963,3485,4011,5963,12594,28.2999,33.6729,8.80431,47.56
56958,3264,3542,3808,3566,3570,4158,5095,4265,3798,5047,8363,5452,3711,4371,5625,4766,8.45792,8.54934,8.90757,48.2673
56959,3594,4551,5787,5079,3744,4913,8089,5830,3442,3891,4745,4451,3256,3479,3703,3690,-10.1972,9.40473,8.58652,48.1627
56960,6720,9461,5541,3799,4947,5837,4356,3657,3737,3884,3714,3386,3310,3387,3323,3244,-22.5657,-9.15776,8.94732,48.202
56961,3159,3542,3911,4046,3402,3966,5395,5137,3526,4499,7526,6944,3453,3961,4858,4900,5.31639,13.9576,8.79561,48.15
56962,3117,3258,3476,3522,3218,3415,3937,4422,3427,3752,5079,8205,3430,3856,5610,10120,17.5656,29.7043,8.85134,47.896
56963,4571,7973,8491,4769,4197,4896,5025,4230,3419,3812,3820,3567,3296,3293,3440,3261,-32.2457,0.70275,8.70533,48.04
56964,3482,4197,5246,4930,3700,4708,7823,6321,3443,3983,5325,4856,3263,3482,3874,3804,-6.51746,11.8618,8.78538,48.2913
56965,3640,3970,4828,4350,3667,5105,7772,5161,3652,4507,6071,4669,3419,3632,4052,3797,-3.78594,7.92005,8.86425,48.1947
56966,3183,3138,3440,3353,3148,3407,3880,3863,3355,3712,4735,6164,3391,3896,6194,12563,28.2612,27.7932,8.5035,47.6147
56967,3351,3320,3375,3225,3814,3803,3591,3351,5265,5123,4184,3479,8317,9217,4637,3600,32.3088,-13.4434,8.77589,47.768
56968,7211,8641,4937,3602,5527,6317,4238,3572,4045,3929,3611,3285,3379,3456,3235,3245,-20.6352,-12.3482,8.69686,48.1533
56969,3452,3579,3480,3311,3957,4514,3985,3558,4827,7765,5733,4085,4734,6220,5062,3972,12.0434,-4.54951,8.75561,48.156
56970,4141,3830,3519,3215,6046,5046,3788,3407,8082,6497,4092,3549,5332,4714,3821,3352,5.05861,-18.3217,8.60158,48.2873
56971,3244,3646,3835,3662,3548,4100,5445,4396,3684,5070,8122,5604,3552,4231,5307,4630,6.86629,8.50573,8.97743,48.0507
56972,3125,3204,3545,3624,3116,3547,4195,4987,3379,3927,5300,9241,3277,3881,5419,8230,13.2912,27.0164,8.53564,47.998
56973,3157,3358,3362,3137,3646,3710,3787,3585,4238,5004,4896,4064,4970,8530,7936,4673,25.9389,-1.14161,8.62402,48.0353
56974,3438,4002,5583,6544,3496,4164,6581,8051,3343,3615,4493,4928,3172,3357,3672,3772,-11.112,18.5308,8.61634,48.1407
56975,3656,4686,9024,8708,3565,4040,5298,5430,3302,3601,3913,3906,3226,3244,3368,3327,-28.4007,14.1879,8.70628,48.196
56976,7622,5293,3827,3398,9314,5433,3955,3314,5076,4127,3661,3286,3703,3625,3270,3135,-12.1889,-25.1476,8.50196,48.026
56977,3117,3247,3471,3405,3193,3594,3847,3992,3414,4122,5274,5496,3518,4566,8407,9186,26.3751,16.0252,8.62816,47.8993
56978,4009,5748,9778,6495,3816,4462,5535,4753,3330,3628,3853,3690,3230,3326,3431,3331,-25.4292,8.13381,8.64891,48.2767
56979,3434,4051,5028,4711,3688,4789,7965,5867,3540,4219,5578,4811,3397,3556,3889,3911,-5.48451,10.3735,8.61087,48.2893
56980,3140,3555,4122,4451,3396,3749,4986,7762,3362,3683,5394,8398,3322,3521,4355,5120,1.45591,23.0434,8.97429,48.2107
56981,3711,3967,3923,3677,4028,5655,5545,4081,4328,6519,6314,4140,3849,4469,4381,3844,2.72955,-0.512827,8.59611,48.2873
56982,7584,6886,4314,3555,6910,6326,4166,3479,4217,4199,3720,3311,3594,3591,3336,3087,-16.6829,-16.394,8.55424,48.1833
56983,4773,6668,5633,4123,4754,7378,5731,4021,3768,4349,3897,3588,3398,3590,3428,3306,-13.9227,-3.93215,8.8371,48.27
56984,3340,3701,4288,4268,3510,4139,6512,6170,3468,4172,6668,6327,3175,3622,4366,4425,0.386634,14.3212,8.99948,48.1007
56985,3683,3701,3456,3271,4518,5071,4032,3563,5822,8098,4833,3718,4918,5771,4349,3621,9.13739,-9.78633,8.9384,48.2833
56986,3504,3460,3304,3068,4501,4012,3486,3206,8392,5038,3689,3433,9885,5578,3879,3288,17.1262,-29.7547,8.97509,47.8153
56987,3372,4044,6153,11938,3441,3657,5027,6890,3216,3384,3835,4011,3199,3309,3422,3411,-22.6347,26.7043,8.99745,48.206
56988,10608,7609,4185,3417,6024,5051,3850,3517,3974,3846,3485,3258,3480,3379,3227,3022,-25.0769,-19.4472,8.85792,47.9547
56989,7223,4952,3699,3265,9925,5072,3822,3341,5391,4191,3620,3247,3906,3638,3408,3251,-10.1457,-29.6749,8.98163,47.9673
56990,3324,3500,3993,3924,3470,4148,5675,4885,3601,4684,7844,5909,3566,4066,5004,4538,5.00633,10.6321,8.71635,48.0873
56991,3290,3385,3247,3072,3854,3909,3410,3202,5831,4940,3859,3457,11023,7555,4293,3386,29.3603,-20.0311,8.8074,47.8087
56992,3389,3758,4560,4604,3544,4445,6894,6014,3543,4165,6346,5682,3395,3606,4277,4182,-1.64148,12.8522,8.64804,48.2693
56993,3141,3256,3323,3330,3265,3468,3703,3804,3390,3781,4886,6049,3347,3930,6389,12522,31.3767,25.9548,8.761,47.7227
56994,3182,3245,3400,3424,3210,3491,3672,3901,3305,3913,4693,6067,3402,3930,5998,12518,27.7026,31.9231,8.60768,47.5673
56995,4876,8235,7060,4391,4388,5649,5344,4055,3682,3835,3625,3613,3314,3436,3334,3274,-21.2013,-2.08302,8.90977,48.074
56996,3369,4034,6737,11232,3310,3912,5262,6745,3093,3543,3886,4037,3089,3168,3327,3360,-22.6563,23.0081,8.78218,48.0693
56997,4345,3820,3418,3116,6930,4752,3627,3329,9245,5330,3678,3326,5413,4502,3663,3301,4.08003,-26.4081,8.59689,47.8633
56998,3417,3792,5550,8697,3341,3802,5242,8941,3205,3579,4090,4815,3082,3292,3432,3596,-14.5803,26.3214,8.6473,47.9153
56999,3851,4429,4479,3944,4245,6508,6664,4329,4036,5324,5430,4029,3528,3837,3917,3676,-3.85177,0.343545,8.792,48.1507
57000,3383,3831,5643,8959,3408,3862,5528,8852,3209,3571,4077,4713,3122,3239,3411,3598,-14.8247,24.7165,8.95167,48.2707
57001,4212,4015,3575,3251,6206,5561,3864,3397,7470,6561,4075,3402,5044,4700,3869,3401,3.5115,-17.4572,8.54073,48.402
57002,3172,3314,3607,3560,3307,3453,4100,4891,3394,3770,5359,9303,3265,3806,5278,8440,13.1844,27.7566,8.82035,48.0127
57003,3375,3250,3276,3099,3852,3787,3333,3218,5935,4792,3729,3398,12620,6077,4023,3367,27.8892,-33.9975,8.93918,47.4207
57004,4403,7307,9086,5422,4006,4719,4987,4430,3496,3669,3834,3477,3299,3361,3405,3226,-30.4765,3.03272,8.65845,48.0847
57005,3155,3451,3938,4250,3360,3816,5129,5988,3374,4043,6273,8292,3379,3866,4649,5408,5.04231,19.2966,8.62958,48.2473
57006,4976,7385,6035,4202,4600,6557,5579,4158,3852,4103,3747,3498,3478,3373,3370,3187,-16.8194,-3.46134,8.96654,48.0667
57007,6898,8003,4825,3674,5788,6541,4332,3624,4085,4080,3644,3363,3391,3548,3380,3261,-18.2156,-11.8647,8.84544,48.2913
57008,3577,4303,7101,7662,3473,4144,6197,6780,3348,3637,4086,4268,3265,3290,3555,3496,-17.0137,16.1326,8.52849,48.1213
57009,11501,6070,3804,3294,7403,4972,3698,3332,4222,3953,3393,3191,3394,3343,3220,3141,-20.8904,-27.4809,8.82762,47.954
57010,6908,4904,3671,3432,9660,5557,3779,3420,5503,4324,3611,3223,3886,3696,3336,3108,-9.49505,-25.366,8.78942,48.012
57011,3369,3855,5375,9122,3378,3882,5263,8958,3167,3590,4013,4814,3140,3292,3505,3657,-14.9556,26.8369,8.85078,48.2533
57012,3125,3336,3623,3774,3293,3571,4235,5171,3466,3840,5254,9763,3255,3776,5098,7309,10.8729,31.9645,8.63949,47.926
57013,3151,3389,3981,4275,3234,3700,4772,6799,3385,3877,5256,9407,3199,3585,4526,5626,4.38034,26.7788,8.69284,48.108
57014,3191,3287,3416,3295,3325,3600,3911,3835,3746,4617,6170,5080,3906,5602,9003,6129,21.3092,7.88754,8.6362,48.0753
57015,5537,6164,4350,3555,6199,7908,4709,3581,4470,4546,4011,3471,3627,3574,3504,3300,-11.28,-11.4757,8.72895,48.3373
57016,3201,3434,3372,3308,3622,3741,3752,3589,4308,4960,4788,4100,5141,8961,7481,4520,32.3947,-2.23976,8.70747,48.1853
57017,5721,4792,3721,3308,9122,5974,3863,3340,6087,4840,3650,3371,4142,3844,3361,3083,-5.99906,-21.5851,8.99767,48.146
57018,8350,5431,3830,3355,9259,5260,3825,3393,4866,4177,3589,3266,3658,3667,3393,3166,-13.8216,-26.8396,8.85724,48.3233
57019,6451,9678,5827,3855,4834,5634,4472,3692,3731,3956,3700,3347,3318,3371,3321,3174,-25.0794,-8.00291,8.66753,48.2407
57020,3352,3416,3369,3157,3909,3741,3582,3353,5196,5142,4176,3583,7893,9362,5024,3724,33.056,-12.6641,8.53762,47.986
57021,4843,4341,3577,3241,8618,4929,3720,3350,8071,4866,3688,3383,4645,4118,3469,3305,-0.649706,-32.1801,8.85442,48.1093
57022,4162,3872,3438,3098,6375,4511,3703,3393,9673,5378,3927,3278,5882,4662,3709,3321,5.76229,-26.6316,8.82255,48.2547
57023,4438,6250,5798,4176,4381,6865,6245,4162,3822,4341,4345,3649,3330,3527,3537,3307,-13.2031,-1.41575,8.69657,48.1153
57024,3266,3636,4145,4348,3309,3883,5464,6651,3425,3940,6110,7649,3227,3759,4519,4916,2.05048,18.7017,8.77247,48.1647
57025,3132,3235,3457,3526,3291,3612,4040,4121,3669,4224,6410,6199,3605,4492,7626,7440,17.988,14.513,8.89138,48.0527
57026,3403,3524,3455,3391,3807,4350,4150,3609,4579,7005,6293,4235,4331,6148,5717,4241,13.1092,-1.76322,8.99962,48.1587
57027,4020,3896,3446,3177,5557,5070,3903,3372,7738,6973,4158,3512,5301,4926,3876,3371,6.29907,-16.7078,8.53586,48.1973
57028,5575,4404,3612,3363,9687,5142,3827,3340,7008,4693,3698,3300,4184,3845,3502,3160,-4.26824,-27.3481,8.97288,48.2267
57029,3104,3244,3448,3407,3362,3464,3936,4255,3392,3829,5315,7463,3389,4029,6105,10427,19.1753,24.1191,8.977,48.1127
57030,4040,4950,4793,3948,4406,7362,6574,4227,4042,5042,4682,3779,3599,3739,3702,3496,-6.97307,-1.30176,8.67108,48.254
57031,12439,6072,4007,3565,5784,4710,3870,3378,3945,3625,3410,3280,3212,3290,3298,3210,-29.9707,-33.3336,8.54323,47.3967
57032,3349,4012,5430,5425,3570,4345,7622,7215,3358,3768,5061,5020,3139,3396,3833,3663,-7.94287,14.5619,8.87622,48.1373
57033,8678,7244,4313,3540,6722,5847,4149,3416,4186,4089,3613,3240,3528,3412,3193,3064,-19.1676,-17.2323,8.89465,48.156
57034,4558,4060,3449,3357,7773,4842,3698,3393,8838,5084,3789,3290,4886,4291,3573,3165,1.50121,-33.5796,8.73111,48.0307
57035,3432,3401,3378,3173,3808,3633,3705,3342,4817,5383,4304,3657,6604,9916,5557,3873,32.7421,-9.24477,8.96151,47.9887
57036,3407,3415,3282,3229,3890,3670,3418,3238,5874,4722,3689,3306,12557,5875,3835,3522,32.8349,-32.5446,8.77618,47.286
57037,3273,3298,3251,3165,3556,3758,3674,3499,4194,5124,4925,4164,4807,8158,8048,4801,26.0901,-0.188311,8.66248,47.7967
57038,3480,4199,7806,10788,3473,3849,4983,5547,3256,3494,3821,3887,3166,3291,3398,3398,-31.4448,19.3622,8.88463,47.8907
57039,3343,3487,3263,3152,3765,3916,3708,3416,5091,5647,4313,3794,6657,9391,5496,3832,23.7729,-9.44091,8.50885,48.1807
57040,6101,4655,3803,3277,9573,5497,3890,3369,6255,4557,3670,3342,3957,3785,3316,3187,-6.53771,-25.541,8.80981,48.156
57041,5110,8681,7585,4535,4333,5072,4920,4160,3571,3872,3749,3463,3173,3342,3287,3254,-31.748,-1.67407,8.83011,48.0713
57042,3720,3838,3596,3429,4434,5341,4118,3601,5162,8084,5249,3746,4649,5174,4441,3633,6.94878,-7.09931,8.8572,48.1433
57043,3204,3371,3663,3847,3177,3598,4361,5681,3403,3816,5192,9721,3447,3774,4899,6717,9.08128,31.8263,8.61592,47.914
57044,3130,3301,3376,3313,3223,3559,3876,3827,3660,4172,5219,5135,3579,4805,9919,7626,33.8915,11.5925,8.96948,47.8133
57045,4004,3712,3308,3149,6010,4471,3545,3226,9916,5303,3818,3433,6494,4678,3695,3394,7.4917,-27.8452,8.9058,48.104
57046,12622,6170,3898,3389,6054,4687,3759,3418,3999,3743,3349,3302,3423,3390,3294,3136,-28.4052,-27.1393,8.83172,47.7553
57047,2949,3379,3374,3456,3220,3448,3711,3999,3377,3788,4836,6003,3490,4073,6947,11772,28.8122,22.6602,8.50135,47.8813
57048,4583,4429,3792,3337,6102,7044,4387,3596,5643,6417,4284,3514,4108,4225,3698,3325,-1.58839,-12.6437,8.75909,48.3227
57049,3546,3465,3134,3151,4436,3909,3570,3229,7968,5321,3893,3351,9639,5946,3826,3523,17.7476,-23.8329,8.69581,47.938
57050,5439,4607,3690,3304,8699,5907,4012,3278,6268,5109,3777,3337,4097,3823,3490,3220,-4.48989,-20.9932,8.93135,48.038
57051,3104,3304,3422,3473,3410,3621,4272,4170,3597,4458,6728,6007,3631,4656,7544,6923,16.9666,13.0134,8.69368,48.2133
57052,3129,3131,3423,3412,3268,3551,3679,3986,3380,3782,4847,6266,3458,4116,6845,11655,25.7878,23.0388,8.73568,47.952
57053,3357,3841,5513,9201,3337,3886,5118,8710,3264,3582,4163,4626,3217,3226,3473,3448,-15.6859,31.3696,8.78968,47.9747
57054,4592,4134,3506,3344,8147,4942,3723,3273,8723,5011,3669,3337,4924,4220,3592,3235,0.742851,-27.4921,8.98287,48.248
57055,4376,7181,9313,5280,3946,4733,4998,4428,3468,3713,3857,3595,3156,3278,3372,3373,-32.0184,3.1547,8.71771,48.0447
57056,9930,7138,4189,3508,6838,5310,3933,3451,4206,3928,3562,3276,3336,3412,3193,3021,-21.0965,-20.1054,8.79802,48.154
57057,3146,3246,3407,3456,3231,3434,3951,4329,3374,3844,5047,7839,3338,4001,5633,10350,19.0657,32.8631,8.70319,47.7507
57058,9227,8707,4425,3531,5473,5104,3979,3493,3884,3957,3482,3144,3324,3368,3294,3121,-33.465,-15.5772,8.68462,47.6753
57059,5174,4329,3568,3275,9076,5112,3815,3489,7241,4732,3761,3353,4283,4008,3494,3255,-2.76649,-33.531,8.85526,47.9767
57060,3162,3431,3328,3136,3730,3819,3702,3406,4725,5284,4309,3615,6455,9750,5867,3934,32.1522,-7.86707,8.61143,47.7687
57061,6904,9818,5505,3858,4949,5337,4342,3776,3756,3865,3613,3324,3433,3395,3172,3031,-30.2405,-9.65999,8.77134,48.052
57062,3319,3283,3405,3276,3511,3678,3948,3674,4063,4770,4958,4413,4402,7387,8922,5218,32.5093,2.6189,8.71596,48.1513
57063,3216,3457,3377,3219,3650,3947,3819,3552,4491,6058,5343,4003,5181,7849,6602,4460,19.4602,-2.71333,8.63527,48.1493
57064,4130,4101,3565,3275,5956,5916,4012,3405,6743,6960,4298,3500,4759,4540,3779,3261,2.45384,-14.9252,8.97544,48.1333
57065,3288,3796,6562,12198,3376,3842,4705,6230,3253,3486,3789,3986,3142,3296,3438,3372,-33.7763,24.2671,8.82118,47.8393
57066,4494,3928,3444,3294,7713,4916,3823,3294,8708,4904,3799,3448,5115,4334,3507,3236,1.92671,-31.0933,8.84032,47.9713
57067,3579,4768,9027,8842,3452,4158,5168,5334,3354,3387,3830,3864,3146,3202,3361,3370,-32.9422,14.4751,8.97071,47.8947
57068,3380,3687,4293,4378,3515,4145,6306,5998,3454,4146,6447,6196,3440,3800,4366,4326,0.450737,14.6251,8.56593,47.918
57069,3167,3277,3376,3230,3509,3718,3805,3694,4050,4922,5246,4145,4513,7421,8911,5229,26.0342,2.17757,8.50196,48.142
57070,3532,3483,3321,3223,4033,4085,3710,3428,5437,7061,4684,3617,6036,8032,5101,3846,17.1552,-9.64212,8.81303,48.4193
57071,3136,3227,3507,3510,3432,3579,4102,4048,3545,4288,6267,5908,3632,4629,8188,7403,19.3159,13.4109,8.6922,48.2673
57072,3356,3394,3294,3098,4064,4034,3584,3232,6062,5984,4137,3579,8128,8036,4704,3606,20.2414,-15.1652,8.58429,48.1947
57073,3152,3377,3366,3310,3436,3619,3942,3881,3574,4349,5615,5170,3891,5315,9220,7104,23.5194,10.3764,8.52088,48.214
57074,3491,4256,5591,5203,3577,4531,7971,6597,3422,3873,5250,4748,3284,3522,3823,3699,-7.78613,12.2907,8.93275,48.5587
57075,9767,5601,3816,3390,8324,5206,3667,3352,4445,4015,3579,3288,3503,3472,3207,3140,-17.002,-31.9762,8.57725,47.848
57076,9478,8513,4613,3477,5394,5255,4110,3440,3900,3850,3433,3299,3462,3414,3202,3147,-29.6473,-16.0025,8.80875,47.9913
57077,3760,4967,9460,7640,3685,4266,5180,5043,3295,3510,3900,3792,3137,3359,3505,3473,-29.7807,11.9829,8.50505,47.9813
57078,3425,4071,5768,10140,3423,3863,5169,7869,3231,3476,3894,4343,3160,3252,3514,3473,-18.4965,25.2972,8.71025,48.0473
57079,12183,6541,4026,3471,6261,4839,3789,3443,4062,3730,3381,3125,3375,3404,3159,3010,-26.1478,-24.8575,8.81084,47.866
57080,3163,3380,3620,3829,3322,3510,4263,5355,3238,3858,5458,9925,3327,3773,4957,7325,10.4753,27.8885,8.98585,48.202
57081,3581,3831,3496,3331,4066,4869,4332,3641,4790,7652,5932,4121,4551,5529,4853,3923,8.93519,-4.08041,8.61204,48.332
57082,3443,3809,4101,3886,3621,4413,6187,4642,3826,5105,7678,5013,3559,4109,4622,4205,2.63671,7.27274,8.94401,48.146
57083,3308,3459,3277,3067,4204,3998,3459,3196,7036,5141,3817,3330,10707,6429,4022,3412,21.2855,-23.1424,8.76811,47.908
57084,3534,4522,8780,8818,3504,4125,5218,5322,3273,3544,3889,3953,3180,3307,3544,3432,-33.9848,15.0306,8.57524,47.9633
57085,4370,5305,4632,3816,4711,7621,6107,3887,4093,4932,4401,3617,3599,3770,3597,3382,-7.96879,-3.26125,8.63572,47.8933
57086,3205,3427,3457,3458,3423,3981,4217,3985,3910,5043,7198,5001,3905,5240,7479,5296,15.4117,6.55907,8.63509,48.15
57087,3326,3919,5485,9920,3468,3923,5047,8286,3188,3463,3935,4228,3163,3296,3352,3439,-17.3887,32.7137,8.96625,47.6253
57088,3281,3300,3355,3285,3605,3776,3821,3499,4039,4986,4978,4078,4665,7883,8625,5067,27.071,1.57584,8.94471,48.162
57089,3495,3777,3751,3544,3994,4808,4874,3945,4315,6885,6861,4360,4070,4858,4859,4072,7.09627,-0.0300315,8.73918,48.312
57090,3420,3483,3383,3092,4391,4166,3725,3243,6872,6545,4298,3589,7210,6863,4266,3547,15.6834,-15.2846,8.8378,48.062
57091,9848,6062,3954,3372,7657,5362,3950,3400,4311,3964,3500,3218,3444,3485,3227,3090,-18.3311,-23.5367,8.63598,47.896
57092,3793,5396,9243,6711,3652,4447,5955,5116,3408,3696,3842,3936,3264,3163,3409,3383,-22.5546,9.96363,8.79685,48.276
57093,3377,3931,5708,10365,3314,3808,5164,7871,3259,3400,3955,4335,3077,3219,3418,3445,-18.3818,28.7014,8.55822,47.764
57094,3460,3398,3218,3169,3995,3784,3459,3177,6231,4739,3740,3342,12176,6270,3925,3419,26.9887,-26.4651,8.58329,47.668
57095,3323,3391,3370,3162,4163,3890,3612,3188,6651,5657,4077,3453,9024,7419,4293,3491,19.7316,-17.8095,8.95349,48.1093
57096,12562,6108,3985,3389,6165,4757,3743,3310,4009,3724,3405,3221,3255,3342,3188,3226,-27.9834,-30.9957,8.62835,47.5927
57097,5486,4732,3772,3279,8899,5787,3852,3332,6428,4816,3775,3316,4081,3857,3519,3245,-5.15623,-22.3595,8.57152,48.1173
57098,3408,3459,3130,3078,3945,3722,3535,3152,5912,4804,3821,3351,12040,6704,4026,3488,31.0055,-23.2116,8.72499,47.7167
57099,3728,4930,9317,8353,3551,4080,5354,5237,3242,3440,3805,3800,3091,3207,3378,3461,-29.5632,13.3658,8.91665,47.9827
57100,3240,3353,3338,3269,3642,3730,3801,3544,4230,5126,5356,4235,4507,7658,8366,4963,23.6294,1.3213,8.6701,48.2387
57101,5332,8830,7066,4434,4397,5549,4814,3846,3674,3853,3815,3387,3213,3365,3276,3068,-23.7494,-3.40425,8.79752,47.946
57102,3489,4129,5324,5263,3582,4516,7767,6836,3379,3890,5065,4729,3215,3493,3868,3822,-7.82104,13.4512,8.99717,48.2447
57103,3884,4650,4872,4078,4240,6492,7238,4494,3921,4680,5086,4067,3502,3759,3719,3478,-6.65613,1.56238,8.55807,48.1067
57104,9777,5482,3841,3400,8465,5017,3855,3281,4540,3995,3448,3254,3488,3500,3345,3088,-17.033,-31.6699,8.75153,47.8507
57105,3602,4113,4731,4395,3799,5089,7873,5189,3630,4440,5851,4580,3492,3717,4009,3785,-3.94889,7.06706,8.71272,48.1967
57106,3606,3593,3249,3082,4880,4260,3590,3203,8771,5434,3912,3352,8401,5467,3855,3345,14.1253,-24.5063,8.69206,48
57107,4802,4087,3628,3154,7938,4865,3787,3393,8551,5024,3849,3389,4951,4201,3493,3270,1.29407,-28.2165,8.86415,48.2547
57108,3691,4873,5673,4633,3961,5738,7976,4881,3582,4214,4893,4052,3306,3649,3606,3523,-9.82786,4.87658,8.92805,48.1673
57109,3387,4100,6513,11688,3288,3739,4948,6786,3266,3546,3889,4060,3198,3196,3387,3387,-23.2616,24.6034,8.84076,48.252
57110,3164,3241,3298,3251,3386,3617,3857,3843,3567,4146,5292,5160,3607,4973,9464,8315,28.5756,13.0243,8.9037,48.1207
57111,4226,4946,4704,3838,4628,7503,6151,4072,4023,5040,4632,3761,3655,3771,3707,3433,-6.83545,-2.92156,8.94187,48.06
57112,3912,3668,3242,3074,5510,4273,3611,3238,9743,5639,3928,3415,6969,4996,3731,3407,9.81039,-24.9845,8.79365,48.2373
57113,4347,4987,4389,3685,4976,7876,5605,3826,4350,5455,4434,3688,3724,3842,3675,3426,-6.13885,-5.62734,8.83282,48.19
57114,3298,3476,3428,3202,3955,4151,3880,3457,4858,6946,5414,3976,5180,7465,5592,4059,16.0009,-5.07578,8.71243,48.2247
57115,3259,3538,3511,3445,3670,4096,4390,3809,4096,5738,7565,4857,4022,5093,6597,4816,12.9762,4.34395,8.81524,48.3347
57116,3411,3587,3424,3247,3932,4139,3919,3572,4869,7025,5185,3927,5300,7511,5509,4112,16.4213,-5.49389,8.7716,48.446
57117,4230,4976,4703,3860,4741,7357,6118,4100,3991,5090,4609,3788,3637,3863,3728,3560,-6.90347,-2.62592,8.51551,48.234
57118,3717,4275,5923,5327,3674,4790,8004,6067,3407,3885,4852,4327,3219,3392,3760,3709,-10.3018,10.945,8.55558,48.2187
57119,4034,5234,6703,4929,3900,5690,7496,4836,3526,4060,4321,3877,3282,3514,3668,3465,-13.7866,5.07794,8.94489,48.3567
57120,3795,4630,6117,5163,3752,5031,7990,5589,3504,4023,4689,4203,3286,3513,3713,3494,-11.3779,8.71609,8.54978,48.328
57121,3979,5094,5836,4662,3899,5991,7692,4772,3668,4178,4566,4041,3410,3620,3666,3475,-10.9947,3.95489,8.70175,48.366
57122,4580,6586,6236,4415,4339,6504,6162,4223,3795,4178,4048,3622,3372,3552,3419,3219,-15.4518,-1.03471,8.94693,48.1667
57123,3463,3625,3724,3516,3874,4732,4951,3963,4231,6544,7174,4368,3924,4807,5158,4213,7.66568,1.35745,8.62796,48.178
57124,3123,3260,3495,3578,3302,3710,4167,4353,3605,4232,6397,6978,3544,4285,6984,7157,15.6242,15.7153,8.79639,48.1133
57125,3026,3243,3282,3397,3264,3545,3791,3852,3625,4296,5300,5360,3697,5082,9368,7980,26.1014,12.3982,8.85836,48.072
57126,3118,3369,3469,3447,3271,3502,4012,3919,3432,4019,5390,5704,3511,4616,8507,9117,25.3217,15.6076,8.72141,48.2687
57127,3882,4580,4431,3841,4386,7077,6543,4279,4138,5328,5051,3854,3647,3907,3812,3621,-4.48061,-1.2216,8.92542,48.2513
57128,3288,3623,4128,3952,3574,4271,5981,5057,3584,4784,7624,5745,3503,3883,4732,4465,3.40605,10.5557,8.52647,48.1293
57129,3211,3259,3429,3323,3379,3531,3860,3703,3754,4562,5140,4605,4109,6289,9880,6099,31.4417,6.5436,8.79677,48.0887
57130,12714,6075,3819,3411,5962,4724,3715,3441,3923,3635,3410,3312,3423,3343,3282,3116,-32.5025,-27.9768,8.9025,47.5367
57131,5531,5590,4060,3501,6949,7406,4391,3433,4817,4961,3878,3460,3760,3808,3498,3282,-8.87738,-13.9623,8.55299,48.2167
57132,3559,4400,6580,6711,3550,4151,6903,6786,3326,3690,4322,4469,3292,3213,3701,3597,-14.1878,15.2169,8.92518,48.1667
57133,3337,3610,3510,3452,3685,4255,4710,4071,4030,5914,7855,4785,3840,5001,5774,4602,10.3048,4.21601,8.8908,48.2873
57134,3072,3261,3420,3583,3162,3513,3921,4532,3505,3699,5089,8388,3384,3855,5730,9830,16.909,26.4081,8.79523,47.9627
57135,3584,3701,3513,3185,4233,4946,4042,3483,5652,8143,4953,3812,5043,5829,4466,3608,9.56327,-8.99718,8.84013,48.1287
57136,3469,3760,4461,4419,3536,4222,6682,6526,3627,4119,6186,6187,3243,3614,4307,4246,-0.715459,14.5794,8.8477,48.4027
57137,3656,4370,5810,4942,3741,4864,8226,5657,3423,4015,4898,4398,3239,3571,3688,3735,-9.38961,9.38402,8.71811,48.1553
57138,4371,4223,3703,3289,6088,6098,4195,3412,6447,6507,4212,3501,4534,4378,3741,3421,1.11871,-14.799,8.98418,48.08
57139,3220,3363,3517,3488,3295,3611,4156,4185,3529,4316,6489,6238,3597,4611,7741,7255,17.7369,13.7975,8.61685,48.4073
57140,3295,3757,4777,6347,3362,3884,5323,9783,3294,3528,4486,6105,3072,3229,3809,3988,-7.65519,25.8918,8.67827,48.026
57141,4061,4587,4091,3701,4840,7409,5318,3835,4483,6262,4757,3829,3862,4145,3762,3576,-2.79229,-5.6572,8.6974,48.3453
57142,3629,3612,3393,3203,5284,4275,3511,3335,9666,5292,3921,3405,7166,4962,3869,3409,10.5206,-33.2758,8.6867,47.9547
57143,3159,3389,3592,3685,3224,3655,4227,4903,3394,3849,5883,8688,3428,3905,5511,7611,12.5142,21.7325,8.68923,48.0687
57144,3507,3395,3126,3097,3931,3756,3510,3229,5732,4941,3905,3349,11262,7353,4257,3435,31.1799,-20.9903,8.68211,47.8567
57145,7856,9304,5009,3852,5322,5394,4175,3617,3808,3865,3499,3287,3323,3435,3247,3123,-25.8364,-12.5228,8.63421,48.0773
57146,3140,3195,3444,3537,3097,3495,4035,4222,3591,3941,5658,7333,3442,4192,6457,9277,17.9703,20.5413,8.83231,48.0373
57147,3714,3776,3558,3154,5070,4648,3781,3346,8125,6579,4122,3587,6350,5408,3884,3387,9.91512,-18.2365,8.63181,48.326
57148,4203,4026,3452,3260,5577,5342,3997,3406,7353,6912,4171,3482,4957,4793,3750,3385,4.42322,-15.9649,8.79905,48.044
57149,3129,3284,3289,3342,3254,3385,3918,3913,3442,3894,5260,5802,3502,4511,8294,9751,24.4369,17.2746,8.95858,47.98
57150,3893,4303,3807,3430,5062,6963,4601,3643,5020,7114,4755,3620,4167,4495,3934,3474,0.641771,-8.08525,8.96118,48.1873
57151,3133,3368,3331,3277,3260,3545,3847,3838,3604,4328,5186,5240,3655,4875,9509,7945,33.8856,12.3942,8.56276,47.9607
57152,3757,3937,3839,3397,4275,5631,4756,3714,4673,7424,5893,4064,4192,4726,4352,3732,4.17693,-3.62116,8.62356,48.2413
57153,4304,3995,3449,3229,7104,4696,3749,3317,9373,5015,3779,3377,5507,4405,3603,3245,3.69962,-29.9881,8.7778,48.098
57154,9775,8132,4514,3481,5746,5180,4015,3520,3857,3868,3501,3179,3337,3369,3304,3107,-25.9607,-17.4881,8.62913,47.9233
57155,6293,5325,3908,3396,8670,6421,4063,3470,5164,4640,3700,3310,3876,3579,3413,3126,-9.53227,-19.0478,8.94987,48.236
57156,2976,3160,3423,3385,3142,3565,3747,3789,3352,3796,5008,6171,3458,4160,7202,11251,26.5421,20.9865,8.97444,47.7233
57157,3273,3317,3190,3080,3791,3881,3535,3400,5109,5557,4140,3760,7610,9507,5249,3738,26.0328,-11.3548,8.72684,48.0913
57158,3072,3238,3436,3428,3199,3515,3830,4000,3407,3846,4909,6718,3399,3986,6129,11677,23.9573,26.3934,8.53197,47.8593
57159,3236,3221,3330,3331,3307,3534,3662,3932,3458,3782,4582,5929,3342,4056,6032,12676,29.0865,33.9448,8.87996,47.6067
57160,3073,3201,3479,3399,3290,3688,3888,3948,3483,4155,5715,5530,3598,4671,8753,8422,23.2613,13.9443,8.7432,48.1953
57161,3060,3237,3480,3479,3237,3511,3932,3981,3490,4201,5758,5888,3503,4613,8388,8490,22.1482,15.0539,8.96289,48.1653
57162,3778,5145,8940,6939,3606,4298,6100,5341,3274,3550,3965,3962,3119,3307,3492,3338,-21.418,11.2,8.79926,48.1027
57163,3299,3390,3198,3021,4035,3887,3437,3282,6507,5576,4062,3407,9391,7326,4371,3552,20.4451,-18.4599,8.81,47.8273
57164,3340,3366,3249,3192,3593,3838,3471,3380,4816,5291,4317,3602,6957,9891,5584,3858,29.7613,-9.71364,8.70968,47.83
57165,9587,8435,4424,3523,5554,5185,3905,3378,3847,3903,3513,3303,3457,3402,3240,3095,-28.065,-17.1312,8.74852,47.834
57166,3238,3559,4063,4733,3341,3802,4699,7830,3322,3824,4927,8725,3222,3577,4322,4941,1.12067,30.2889,8.80354,48.0833
57167,3329,3382,3360,3230,3798,3924,3466,3464,5354,5882,4245,3558,7440,8885,5053,3715,22.5149,-11.8599,8.61636,48.0567
57168,3626,3486,3264,3135,4455,4175,3553,3399,7929,5980,4142,3396,8107,6278,4159,3387,15.7098,-19.7081,8.8851,48.314
57169,3619,4483,6932,6068,3617,4705,7367,6060,3415,3765,4356,4248,3144,3418,3550,3527,-14.3404,11.8774,8.54584,48.1827
57170,3585,4478,7035,7611,3585,4093,6432,6390,3327,3636,4130,4166,3053,3299,3583,3514,-16.6607,15.5556,8.81293,47.9447
57171,3416,3387,3342,3116,4045,4031,3578,3376,6186,6211,4157,3523,7938,7870,4477,3610,18.9255,-14.6396,8.97628,48.1753
57172,5467,5571,4136,3384,6828,7711,4432,3632,4805,4878,3967,3388,3685,3730,3532,3319,-8.88956,-13.8389,8.64478,48.31
57173,3808,3762,3397,3174,5275,4737,3839,3278,8313,6818,4080,3480,6024,5168,3868,3443,8.27627,-18.118,8.91995,48.3093
57174,4326,6414,8684,5455,3858,4836,5853,4705,3364,3697,3936,3716,3104,3406,3428,3244,-21.2235,4.73282,8.68786,48.0173
57175,6343,7127,4519,3606,6182,7034,4506,3627,4191,4365,3725,3349,3593,3581,3345,3230,-15.3169,-12.5419,8.55495,48.2153
57176,6299,9092,5832,4016,4897,5937,4574,3690,3831,3917,3540,3423,3308,3303,3346,3113,-22.5133,-7.88991,8.62416,48.0787
57177,3173,3514,3957,4229,3421,3714,5145,6712,3373,4025,5843,8386,3349,3670,4525,5292,3.45207,20.9885,8.61453,48.2187
57178,5305,9078,7239,4362,4420,5211,4877,4055,3597,3750,3738,3508,3255,3269,3408,3237,-25.8462,-2.90074,8.92448,48.206
57179,3394,3348,3272,3193,3743,3780,3713,3473,4546,5061,4657,3965,5394,9315,6848,4282,33.7718,-4.14916,8.59266,47.9893
57180,3300,3223,3408,3360,3378,3697,3852,3703,3722,4493,5151,4632,4027,5852,9883,6256,32.5421,7.61142,8.68007,47.958
57181,3437,3394,3387,3166,4045,4020,3605,3372,6221,6013,4214,3537,7834,7746,4459,3645,19.2917,-15.0147,8.53019,48.0633
57182,3199,3256,3343,3443,3233,3656,3991,3836,3426,4023,5557,5508,3711,4746,8659,8561,24.5566,14.6321,8.59837,48.0987
57183,3313,4263,7546,11367,3341,3856,4884,5801,3172,3459,3817,3901,3101,3122,3366,3366,-30.6217,20.3701,8.69183,47.7833
57184,4509,4570,3717,3407,6499,6903,4150,3512,6134,6098,4140,3447,4378,4261,3650,3297,-1.85784,-14.9623,8.71127,48.448
57185,3615,3629,3283,3225,4982,4163,3563,3235,9546,5244,3847,3451,8127,5148,3899,3443,12.9181,-30.6821,8.68504,48.2667
57186,10455,5690,3896,3422,7851,5137,3864,3437,4230,4039,3551,3168,3506,3384,3302,3123,-18.7309,-33.4837,8.57579,48.0367
57187,3066,3191,3435,3435,3133,3418,3842,3959,3335,3795,4943,6549,3350,3937,6153,12355,24.6992,27.3311,8.90922,47.9307
57188,3344,3835,5560,10740,3396,3799,5027,7884,3241,3456,3951,4387,2996,3252,3514,3565,-18.5651,28.4981,8.78007,47.9647
57189,3469,3967,6238,11934,3347,3781,4942,6393,3214,3488,3745,3941,3133,3179,3416,3397,-25.0459,25.9721,8.58231,47.7227
57190,12016,6540,4052,3317,6291,4843,3911,3405,3997,3822,3443,3114,3448,3391,3144,3134,-26.3457,-23.9999,8.75601,47.912
57191,5168,9207,7098,4258,4263,5139,4708,4033,3723,3786,3738,3526,3339,3354,3232,3120,-33.8017,-3.22376,8.61451,47.7947
57192,5672,9361,6560,4266,4415,5449,4668,3954,3636,3801,3715,3377,3257,3395,3323,3124,-24.3231,-5.02939,8.72339,47.982
57193,3450,3935,6932,12065,3429,3888,4852,5780,3242,3500,3702,3912,3134,3295,3328,3418,-31.6919,22.7663,8.96209,47.908
57194,8549,5295,3934,3383,9190,5116,3791,3386,4744,4072,3548,3275,3689,3542,3352,3015,-14.2061,-29.4195,8.73019,47.9207
57195,3995,3757,3452,3225,5471,4680,3826,3305,8443,6412,3984,3403,5984,5049,3955,3375,7.93713,-18.9541,8.61386,48.2107
57196,3368,3503,3250,3014,4109,3961,3595,3364,6449,5714,4022,3507,8816,7420,4333,3548,20.3133,-17.4117,8.56759,47.982
57197,3354,3375,3221,3140,3916,3793,3408,3235,5920,4761,3778,3356,12400,6729,4167,3415,28.714,-24.3296,8.80218,47.9787
57198,3397,4219,7711,11126,3404,3819,4963,5686,3245,3543,3804,3975,3050,3216,3359,3423,-29.3146,19.7006,8.93964,47.96
57199,3332,4080,6407,9169,3553,3993,5657,7424,3269,3457,3950,4366,3027,3294,3413,3595,-17.8625,20.263,8.84194,47.9907
57200,3662,4082,3870,3619,4203,5824,5083,3978,4557,7184,6058,4090,3921,4529,4245,3780,2.84596,-2.53512,8.97026,48.4567
57201,4158,5872,7380,5029,4002,5501,6784,4645,3605,3911,4153,3805,3290,3345,3390,3353,-16.5667,4.05002,8.7931,48.1487
57202,3245,3543,4055,4242,3468,3998,5469,5653,3391,4114,6721,7476,3446,3898,4788,4904,4.52426,16.6083,8.54665,48.274
57203,3243,3719,4330,5458,3304,3850,5249,9171,3264,3817,4917,7181,3221,3458,4016,4284,-3.51887,25.8523,8.85768,48.3213
57204,3594,4598,5929,4878,3699,5096,8129,5545,3581,4091,4863,4231,3282,3389,3674,3607,-9.98858,8.24581,8.86218,48.124
57205,3133,3401,4011,4329,3362,3575,4792,6956,3340,3736,5190,9413,3277,3671,4423,5573,4.23961,27.4264,8.69644,48.1213
57206,4816,4207,3550,3249,8688,4796,3760,3330,8082,4839,3608,3330,4680,4214,3562,3242,-0.801535,-30.2855,8.95075,47.9687
57207,3409,3840,4048,3713,3714,4471,6210,4497,3840,5229,7718,5088,3684,4146,4662,4218,3.24644,6.1751,8.92858,48.3247
57208,3223,3420,3622,3360,3478,3857,4238,3961,4000,5227,7331,5099,3905,5156,7073,5169,14.7298,6.1046,8.60898,48.0793
57209,4200,6605,9704,5791,3786,4682,5059,4536,3373,3641,3720,3702,3157,3303,3368,3281,-30.5087,5.31044,8.64612,47.9387
57210,8029,5347,3806,3261,8893,5528,3867,3489,4958,4209,3509,3301,3654,3513,3283,3073,-13.3018,-24.0504,8.86291,47.8133
57211,4598,8064,8224,4779,4190,4936,5110,4027,3567,3747,3717,3654,3361,3362,3331,3286,-27.1139,0.100463,8.59078,47.9687
57212,3226,3142,3394,3513,3258,3537,3757,3967,3347,3777,4823,6348,3344,3830,6148,12321,26.1841,28.5892,8.70223,47.8213
57213,5509,4579,3678,3254,8990,5525,3846,3383,6656,4876,3785,3258,4179,4011,3437,3138,-4.2894,-23.501,8.57689,48.0693
57214,3063,3363,3450,3458,3261,3618,3852,3938,3475,4021,5185,5362,3489,4462,8555,9348,30.424,16.4396,8.61162,47.9333
57215,3290,3845,6243,12041,3317,3793,4934,6982,3149,3408,3835,4161,3036,3215,3491,3398,-23.1374,26.9645,8.92759,48.092
57216,3257,3767,4688,6122,3300,3710,5358,9804,3286,3572,4517,6334,3081,3429,3802,4057,-6.55219,28.4733,8.80872,48.056
57217,3329,3855,5155,7839,3279,3797,5340,9667,3252,3540,4241,5050,3052,3394,3527,3767,-12.1712,27.4866,8.77758,48.056
57218,4785,4167,3567,3262,8043,5184,3795,3414,7983,5357,3775,3330,4786,4169,3525,3257,0.0690595,-23.5595,8.93598,48.266
57219,3345,3359,3269,3150,3764,3909,3638,3334,5316,5145,4156,3574,8306,9206,4897,3638,31.62,-13.2685,8.75548,48.004
57220,8203,5280,3807,3305,9213,5299,3865,3352,4918,4232,3593,3175,3714,3472,3289,3114,-12.9289,-26.8208,8.5651,47.8873
57221,4570,4369,3649,3268,6954,6173,3948,3383,6748,5986,3971,3522,4605,4248,3553,3195,-0.693768,-17.0183,8.67646,48.0947
57222,3458,3985,5934,12065,3445,3692,4805,6602,3281,3386,3653,4209,3101,3240,3300,3526,-24.0086,29.7581,8.54548,47.788
57223,3372,3325,3199,3062,3958,3840,3457,3212,5651,5087,3896,3454,10527,8130,4414,3380,29.4554,-18.2313,8.91925,47.976
57224,7434,9633,5122,3747,5010,5287,4311,3590,3765,3867,3610,3402,3351,3303,3237,3162,-32.6274,-11.5364,8.50798,47.8873
57225,4154,3876,3360,3183,6477,4480,3615,3405,9756,5169,3781,3409,5886,4559,3654,3287,5.75163,-29.0067,8.61493,48.034
57226,7604,5079,3768,3431,9778,5124,3794,3355,5101,4219,3613,3269,3699,3598,3397,3115,-11.3746,-31.8222,8.80811,47.9627
57227,11842,6615,3962,3299,5996,4860,3751,3355,3912,3848,3377,3202,3395,3373,3268,3067,-33.5999,-23.3392,8.56762,47.4147
57228,9511,6009,4035,3421,7830,5332,3894,3366,4351,3983,3581,3336,3606,3443,3267,3123,-17.7365,-23.62,8.64702,48.0587
57229,7685,7091,4396,3455,6681,6374,4155,3562,4273,4123,3699,3324,3568,3527,3381,3150,-16.9059,-16.0907,8.88219,48.296
57230,3156,3306,3361,3142,3411,3657,3819,3756,3906,4753,5035,4272,4431,7550,9027,5248,28.4772,2.36562,8.90187,47.8867
57231,3627,3879,3687,3444,4296,5513,4598,3754,4829,7728,5701,4013,4178,4913,4502,3741,5.73775,-4.82348,8.71438,48.2687
57232,3329,3923,5948,10672,3409,3762,5068,7564,3289,3491,3899,4301,3139,3150,3519,3446,-19.4885,26.2611,8.6124,47.9393
57233,3343,3423,3301,3228,3743,4119,3753,3416,5073,6500,4750,3783,5966,8508,5552,3936,19.4233,-7.57507,8.77093,48.2627
57234,4940,4165,3571,3284,8349,4983,3807,3368,8116,4909,3693,3341,4696,4266,3567,3259,-0.589849,-27.7713,8.74407,48.2093
57235,10255,7759,4301,3450,5808,5123,3961,3422,3964,3788,3419,3280,3475,3453,3326,3100,-33.3164,-18.5761,8.50165,47.9227
57236,3796,3769,3349,3152,5395,4373,3570,3234,9756,5329,3726,3338,6923,4860,3888,3369,10.0081,-32.3532,8.74093,47.8847
57237,3232,3324,3291,3147,3762,3834,3675,3420,4785,5716,4564,3732,6118,9607,6057,4009,24.5064,-7.20513,8.82557,48.182
57238,4927,4347,3591,3269,8094,5776,3867,3369,7021,5274,3827,3296,4364,4075,3496,3324,-1.842,-20.4524,8.95816,47.9447
57239,3515,3910,5408,9048,3418,3823,5206,8666,3276,3499,4088,4578,3115,3211,3544,3607,-15.5629,32.4912,8.51297,47.9413
57240,3118,3236,3374,3324,3292,3703,3864,3758,3686,4495,5579,4932,4038,5857,9541,6442,24.9469,8.42988,8.52614,48.1593
57241,3411,3437,3256,3192,3726,3917,3649,3270,4680,5223,4421,3666,6367,9930,5941,3966,30.9831,-7.8967,8.7473,48.0347
57242,7052,7462,4525,3610,6098,6621,4390,3559,4129,4220,3656,3317,3647,3502,3386,3214,-17.1817,-13.4584,8.79136,48.2587
57243,3430,3463,3295,3063,3962,3956,3627,3328,5538,5970,4315,3644,7314,8828,4971,3764,21.9662,-11.969,8.65989,48.312
57244,3677,3428,3306,3170,4432,4091,3586,3300,8224,5443,3886,3398,9113,5885,3914,3324,16.4548,-23.1904,8.70782,48.118
57245,3204,3471,3567,3540,3411,3766,4313,4118,3608,4538,7639,5970,3737,4604,7020,5859,13.8216,11.155,8.65374,48.2433
57246,3421,3647,3612,3412,3860,4533,4561,3842,4356,6533,7205,4330,4263,5347,5528,4330,9.97229,0.990774,8.78895,48.52
57247,3331,4012,6432,12073,3329,3810,4763,6046,3280,3421,3789,3976,3013,3296,3492,3403,-31.0086,25.331,8.51406,47.644
57248,3569,4186,5345,4939,3564,4667,7985,6287,3435,4060,5175,4776,3326,3455,3833,3790,-7.21814,11.4089,8.93779,48.2613
57249,3150,3361,3882,3855,3263,3695,4433,6001,3429,3830,5234,9976,3228,3700,4757,6343,7.48997,33.6763,8.83822,48.0913
57250,3162,3293,3554,3617,3323,3751,4117,4373,3565,4245,6474,6957,3428,4319,6634,7186,15.2871,15.8968,8.5315,47.9987
57251,3580,3916,4134,3951,3832,4876,6200,4594,3800,5248,7175,4759,3580,4103,4479,3956,1.81399,5.11093,8.70064,48.122
57252,3225,3441,3913,4344,3247,3665,4704,6848,3333,3705,5085,9251,3360,3654,4437,5523,4.16884,31.8032,8.52798,47.8233
57253,10077,8036,4392,3600,5902,5198,3945,3492,3863,3875,3569,3229,3413,3357,3131,3074,-26.6615,-18.1001,8.72761,48.102
57254,7524,5267,3802,3366,9068,5620,3909,3577,5144,4232,3730,3269,3771,3575,3372,3151,-12.0062,-23.8621,8.55856,48.2513
57255,4041,4226,4001,3383,4587,6504,5050,3837,4668,6843,5122,3825,4024,4411,3996,3439,0.761058,-5.44353,8.51648,47.9713
57256,3662,4089,4104,3815,4069,5842,5718,4045,4257,6143,6220,4085,3779,4256,4233,3844,1.29815,-0.248353,8.73532,48.1073
57257,3373,3385,3321,3265,3592,3677,3774,3481,4146,5107,5210,4084,4744,8185,7867,4784,24.6921,-0.275237,8.66767,47.9967
57258,4469,4025,3412,3206,7303,4778,3665,3448,9255,5087,3792,3328,5277,4408,3605,3239,2.9121,-28.3491,8.65593,48.198
57259,3610,5031,9634,7942,3569,4171,5301,4978,3231,3582,3866,3785,3218,3202,3452,3320,-30.0681,11.8676,8.76924,47.928
57260,4135,3983,3470,3306,7149,4671,3624,3384,9376,5145,3852,3253,5379,4326,3632,3272,3.62789,-33.3946,8.95638,47.9713
57261,10124,5677,4015,3412,8192,5106,3898,3432,4363,3890,3470,3198,3548,3508,3168,3084,-17.5493,-31.1226,8.71551,48.0567
57262,3195,3215,3385,3268,3305,3581,3855,3714,3812,4406,5213,4733,3985,6067,10034,6371,29.5024,7.27408,8.66295,48.0927
57263,3499,4443,7550,9600,3463,3998,5556,6574,3242,3568,3919,4107,3075,3306,3414,3352,-21.1417,18.4174,8.65855,48.444
57264,3513,3867,3851,3530,3965,5081,5067,4015,4354,6722,6783,4387,4053,4844,4684,4055,5.5898,-0.280421,8.60349,48.514
57265,3362,3367,3167,2963,4131,3873,3454,3259,7063,4938,3744,3349,11435,5948,3974,3366,21.7351,-27.043,8.8935,47.5953
57266,3364,3927,5917,12655,3434,3749,4746,6182,3225,3455,3697,3881,3188,3164,3329,3382,-27.2825,28.9941,8.61392,47.53
57267,6183,8867,5412,3856,5183,6378,4674,3681,3891,3985,3631,3436,3389,3398,3297,3127,-19.782,-8.57989,8.87238,48.2587
57268,3284,3301,3296,3053,3885,3848,3459,3165,5619,5116,3942,3568,9912,8432,4505,3499,27.4749,-16.9661,8.97347,47.9227
57269,4272,5708,5951,4368,4244,6545,6915,4410,3743,4293,4333,3754,3311,3535,3600,3380,-12.6229,0.799273,8.78462,48.2413
57270,3512,4585,8720,8904,3466,4082,5454,5579,3266,3440,3901,4024,3130,3292,3451,3404,-25.0467,15.4097,8.62366,48.14
57271,8169,9344,5014,3646,5134,5176,4307,3519,3864,3925,3586,3285,3356,3384,3271,3076,-28.4602,-12.8663,8.68066,48.0373
57272,3295,3674,4706,6397,3344,3825,5505,9604,3291,3534,4413,6048,3142,3433,3894,3986,-7.77969,28.1185,8.62938,48.0607
57273,3214,3300,3554,3341,3608,3911,4032,3708,4070,5422,6137,4386,4418,6599,7564,4915,18.3221,2.58392,8.74771,48.1193
57274,3811,3649,3229,3240,5323,4347,3536,3249,9666,5299,3846,3422,7443,4860,3728,3280,10.511,-29.6099,8.64863,47.952
57275,8055,5748,3934,3290,8682,5794,3891,3413,4736,4245,3656,3319,3646,3616,3216,3102,-14.4127,-22.0962,8.90395,48.2287
57276,3876,3829,3411,3170,6078,4496,3636,3286,10018,5238,3863,3407,6248,4679,3680,3323,7.12404,-31.4644,8.87299,48.1587
57277,4009,3893,3475,3222,5175,5054,3934,3442,7436,7009,4179,3496,5517,4994,3976,3447,6.8872,-16.0463,8.63358,48.172
57278,3783,3721,3336,3187,5337,4257,3555,3119,9681,5311,3886,3373,7311,4896,3618,3386,10.886,-27.613,8.63202,47.838
57279,12010,6143,3931,3390,6841,4897,3690,3446,4014,3812,3543,3142,3391,3329,3217,3029,-23.1535,-29.744,8.90015,47.8833
57280,9659,7754,4333,3526,6309,5431,4006,3460,4033,3979,3515,3325,3473,3343,3164,3167,-21.7493,-18.1633,8.95076,48.318
57281,3255,3257,3357,3360,3332,3596,3863,3786,3574,4294,5571,4973,3814,5304,9608,7177,25.1399,10.5931,8.57764,48.0807
57282,12456,6099,3884,3397,6151,4845,3844,3363,3893,3846,3472,3209,3405,3442,3299,3213,-29.3354,-29.3662,8.57895,47.8787
57283,4224,5961,6730,4707,4231,6000,6810,4405,3631,4094,4194,3897,3237,3467,3469,3426,-15.0735,1.77098,8.86442,48.322
57284,3204,3271,3376,3367,3329,3527,3790,3934,3389,3814,4655,5980,3451,3877,5847,12434,32.7379,32.1099,8.61619,47.4967
57285,3291,3853,4466,4715,3442,4110,6618,6546,3419,4076,5957,6214,3315,3732,4274,4386,-1.34225,15.6884,8.62955,48.276
57286,11209,6111,3973,3403,7296,4943,3817,3373,4170,3910,3367,3213,3459,3394,3337,3171,-20.9173,-26.6042,8.83999,48.0973
57287,3336,3583,3539,3507,3790,4218,4431,3917,4158,6430,7122,4557,4228,5423,5816,4456,11.655,1.51942,8.7649,48.3407
57288,3387,3325,3247,3162,3702,3939,3668,3416,4904,5803,4568,3782,6215,9420,5785,3912,22.942,-7.52298,8.91896,48.1567
57289,8755,6396,4136,3503,7424,5731,4012,3472,4277,4111,3712,3229,3584,3549,3357,3011,-17.1103,-19.9022,8.59532,48.1727
57290,3623,4686,7627,6714,3565,4400,6852,6018,3333,3717,4272,4126,3231,3426,3507,3427,-16.7263,12.2615,8.54071,48.3493
57291,3311,3587,3439,3285,3776,4008,3885,3769,4326,6032,5680,4261,4774,7268,6781,4449,18.3579,-1.27655,8.59254,48.4207
57292,3401,3541,3324,3076,4132,3962,3631,3343,6747,6107,4096,3542,8153,7213,4303,3452,17.885,-16.6966,8.95358,48.0153
57293,4675,7372,7368,4630,4452,5687,5774,4321,3628,3906,3951,3601,3253,3362,3356,3309,-19.4258,-0.031523,8.87962,48.43
57294,3438,4203,7803,10266,3429,3930,5133,5609,3297,3450,3751,3982,3220,3169,3351,3513,-33.5936,18.2113,8.5794,47.696
57295,3358,3625,4470,5456,3351,3750,5163,9442,3286,3631,4738,6778,3218,3432,3949,4303,-4.29824,28.7495,8.59907,47.9667
57296,5963,6568,4436,3633,6425,7405,4581,3529,4286,4324,3732,3394,3605,3599,3507,3266,-13.1612,-12.6528,8.71303,48.1687
57297,3223,3278,3432,3335,3421,3595,3827,3737,3577,4327,5315,4901,3807,5204,9736,7300,30.9018,10.8044,8.52015,48.01
57298,4700,6182,5196,4023,4737,7431,5757,4146,3894,4524,4124,3682,3324,3638,3557,3295,-12.5945,-4.01547,8.5653,48.14
57299,5536,6419,4540,3665,5805,7642,4839,3704,4252,4598,3984,3482,3475,3671,3490,3204,-12.458,-10.1668,8.62446,48.204
57300,3189,3316,3527,3705,3233,3650,4159,4871,3347,3772,5229,9384,3308,3910,5233,7990,12.7029,30.5199,8.65302,47.882
57301,3707,4239,5316,4658,3717,5212,8216,5441,3554,4193,5323,4335,3358,3645,3750,3713,-7.03168,8.04437,8.87578,48.2513
57302,3576,3570,3368,3162,4468,4351,3707,3458,6987,6899,4224,3636,6718,6219,4240,3566,13.3519,-15.5031,8.5783,48.0993
57303,3678,3999,3856,3607,4215,5880,5160,3782,4501,6816,5993,4194,3972,4491,4271,3775,2.87529,-2.53208,8.69484,48.1267
57304,6711,5411,3938,3352,8754,6335,4075,3356,5016,4395,3607,3246,3817,3624,3420,3191,-10.8188,-19.6558,8.88811,48.1653
57305,3345,3919,4986,5449,3459,4133,6730,7669,3392,3780,5136,5691,3317,3485,3848,4016,-6.05996,17.3363,8.509,48.2367
57306,5469,4449,3628,3334,9516,5216,3879,3331,6919,4722,3677,3306,4212,3802,3475,3174,-3.97838,-32.3015,8.87066,48.0727
57307,3286,3595,3856,4333,3311,3765,4671,7191,3329,3675,5040,9187,3351,3634,4460,5316,3.4679,31.3872,8.87969,48
57308,3148,3573,4017,4435,3331,3628,4963,7427,3354,3740,5244,8835,3301,3680,4361,5090,2.49383,26.0474,8.72798,48.0847
57309,12492,6046,3875,3450,5833,4607,3716,3421,3977,3789,3455,3155,3303,3332,3277,3176,-29.704,-32.3115,8.72783,47.2693
57310,3490,3764,3339,3273,4102,4608,3879,3512,5596,8055,5164,3738,5040,6278,4703,3856,11.8213,-8.49868,8.65141,48.2647
57311,3394,3361,3160,3280,3831,3784,3397,3279,5926,4713,3667,3386,12489,6171,3965,3460,30.0909,-33.998,8.66187,47.5087
57312,9256,6441,4004,3545,7517,5561,3894,3426,4275,4080,3475,3307,3484,3427,3339,3047,-18.1425,-21.4516,8.55422,48.052
57313,3321,3347,3279,3233,3473,3759,3751,3480,4150,5040,4969,4126,4811,8424,8028,4887,28.1637,0.0197057,8.79116,48.052
57314,3621,4431,6765,6885,3543,4189,6840,6756,3379,3608,4256,4329,3044,3364,3495,3584,-14.8627,14.7952,8.86385,48.0593
57315,3483,3498,3268,3169,3979,4064,3485,3252,6147,5871,4153,3556,8375,7569,4387,3424,19.6898,-16.2226,8.55706,47.7867
57316,8462,7483,4414,3633,6759,5702,4071,3467,4179,3920,3506,3258,3482,3421,3263,3122,-18.9733,-17.1145,8.8718,48.0947
57317,3161,3401,3558,3784,3220,3482,4261,5323,3402,3953,5689,9415,3384,3851,5160,7170,11.2256,24.2108,8.66212,48.1427
57318,3813,3611,3349,3111,5044,4259,3648,3288,9243,5862,3942,3339,7723,5317,3811,3430,12.1678,-23.331,8.68305,48.5267
57319,3306,3594,3728,3609,3735,4480,5117,4147,3899,5770,7786,4967,3884,4540,5310,4419,7.54077,4.8961,8.82454,48.194
57320,6838,7043,4494,3506,6565,6685,4366,3499,4257,4177,3712,3401,3530,3636,3385,3193,-15.3485,-14.1736,8.96574,48.1913
57321,3455,3910,6012,12397,3342,3782,4700,5948,3324,3413,3835,3873,3186,3253,3273,3388,-31.5063,32.8085,8.78177,47.394
57322,4441,6578,7378,4703,4167,5772,5992,4527,3555,4010,3934,3661,3276,3453,3370,3204,-18.0156,1.33498,8.82733,48.014
57323,3708,3457,3278,3120,4632,4082,3551,3264,8552,5264,3847,3294,8830,5624,3909,3438,15.2792,-25.5999,8.54685,47.9
57324,6527,8155,5058,3769,5451,6516,4458,3740,4001,4090,3663,3368,3503,3345,3328,3185,-18.6035,-10.4313,8.51233,48.1047
57325,3376,3413,3251,3147,4190,3928,3547,3243,7096,4989,3768,3394,11185,5774,3963,3388,20.9051,-30.2801,8.51043,47.768
57326,3430,3390,3288,3052,3727,3843,3740,3437,4963,5567,4303,3626,6889,9509,5438,3881,24.523,-9.4455,8.68707,48.0553
57327,3359,3404,3204,3063,4100,3943,3385,3278,6412,5158,3816,3359,11117,6917,4131,3466,23.4451,-21.3884,8.72522,48.0747
57328,8852,8765,4636,3518,5346,5284,4042,3569,3934,3965,3560,3320,3434,3538,3219,3188,-33.4318,-14.6739,8.70044,48.1133
57329,3879,5495,9886,6920,3767,4331,5462,4837,3364,3602,3787,3807,3091,3314,3438,3291,-26.9532,9.632,8.87521,48.1807
57330,4954,4265,3504,3253,8614,5003,3841,3317,7852,4794,3686,3337,4613,4114,3477,3262,-1.26986,-30.0803,8.65244,47.924
57331,3403,3400,3237,3132,3825,3931,3617,3163,5782,5714,4305,3543,8238,8618,4790,3524,22.2306,-14.2245,8.86857,48.148
57332,12318,6246,3924,3436,6512,4760,3789,3395,4082,3896,3342,3232,3448,3411,3155,3184,-24.8418,-26.1442,8.8037,48.0867
57333,3525,3646,3321,3145,4708,4134,3606,3201,8120,5679,4035,3522,8514,6030,4021,3456,15.7541,-21.4065,8.76471,48.442
57334,3100,3184,3423,3369,3355,3537,3806,3791,3539,4090,5349,5315,3508,4802,9131,8620,27.4805,14.2563,8.75899,47.946
57335,3574,4288,6402,6396,3586,4439,7281,6861,3329,3766,4379,4518,3147,3222,3551,3552,-13.0395,14.4186,8.90919,48.194
57336,3081,3220,3450,3393,3350,3454,3842,4060,3444,4040,5395,6487,3535,4410,7530,9277,21.2501,17.7464,8.53784,47.9787
57337,3075,3242,3390,3276,3214,3640,3853,3897,3582,4311,5595,5141,3812,5306,9481,7360,24.2432,10.9088,8.78817,48.1167
57338,3244,3527,4316,4887,3433,3799,5576,7753,3296,3785,5499,7595,3292,3593,4205,4601,-0.430912,21.346,8.73474,48.2673
57339,7040,9832,5614,3945,4872,5471,4326,3730,3743,3774,3610,3375,3235,3291,3270,3164,-25.3633,-9.27712,8.8907,48.1947
57340,3325,3959,5415,9207,3375,3801,5276,8855,3258,3550,4099,4751,3169,3257,3446,3565,-15.5781,27.9157,8.79772,48.2053
57341,3126,3268,3534,3639,3286,3648,4151,4902,3308,3830,5416,9523,3253,3814,5213,8304,13.0626,27.3637,8.88857,48.1433
57342,3092,3162,3402,3408,3208,3486,3859,4371,3391,3757,4991,7714,3381,3855,5752,10979,19.5938,28.6863,8.72477,47.872
57343,3347,3699,4507,5671,3318,3758,5537,9324,3423,3713,4762,6627,3118,3378,3868,4315,-4.98781,24.6691,8.58533,48.2433
57344,3607,3720,3803,3662,3749,4681,5262,4116,4198,6248,7246,4610,3894,4574,4981,4143,6.19392,2.22705,8.56874,48.3293
57345,3499,3536,3335,3163,4208,4332,3765,3443,6264,7326,4518,3640,6284,6843,4512,3636,14.4254,-12.3125,8.53816,48.2027
57346,9102,8540,4479,3514,5608,5280,3987,3519,3960,3835,3592,3321,3499,3457,3230,3173,-25.3587,-16.1112,8.54614,48.064
57347,3132,3232,3431,3404,3197,3441,3810,3944,3469,3924,5090,5812,3491,4255,7890,10607,28.3728,19.3794,8.63541,48.086
57348,3531,3485,3263,3097,4423,3989,3398,3223,8339,5042,3880,3427,9728,5516,3881,3432,16.7121,-30.4948,8.77658,47.7693
57349,7023,9868,5426,3911,4965,5347,4276,3570,3848,3754,3505,3346,3308,3324,3128,3080,-27.5583,-10.1024,8.67009,47.786
57350,3237,3625,4328,4681,3516,4032,6275,7023,3456,4027,6191,6720,3238,3573,4140,4395,-0.552181,17.0679,8.8328,48.3047
57351,3429,3403,3201,3047,4190,3879,3553,3153,6631,5353,3935,3320,10329,6995,4155,3452,21.401,-20.7119,8.67493,48.0167
57352,3206,3209,3430,3202,3486,3668,3815,3586,4008,4762,5321,4371,4245,7012,9484,5445,25.8515,4.20475,8.96222,48.1667
57353,3163,3254,3441,3463,3260,3509,3914,3929,3516,4163,5280,5402,3541,4761,8849,8727,32.1293,14.3414,8.7707,48.1147
57354,12656,6116,3962,3452,5778,4681,3712,3430,3840,3696,3363,3297,3313,3274,3241,3245,-30.2812,-32.8927,8.95996,47.3707
57355,3202,3457,3776,3873,3488,3858,4961,5184,3499,4218,7103,7373,3557,3869,5311,5597,7.75471,15.8512,8.58216,48.2173
57356,3220,3773,5037,6585,3386,3996,5888,9486,3334,3687,4435,5427,3156,3427,3861,3860,-9.28016,22.3859,8.97271,48.372
57357,3319,3885,5949,12216,3415,3746,4703,5896,3288,3369,3543,4046,3185,3279,3402,3384,-33.6666,33.8111,8.77508,47.0833
57358,3040,3211,3408,3439,3268,3554,3677,3853,3471,4120,5055,5368,3509,4354,8659,9414,31.9057,16.1612,8.81118,47.6
57359,3709,3770,3550,3234,4717,4925,3778,3352,7090,7476,4388,3515,5747,5626,4164,3498,9.652,-14.3214,8.64014,48.3593
57360,3681,4882,9196,8375,3577,4246,5157,5294,3278,3544,3763,3742,3159,3261,3385,3357,-29.587,13.6281,8.75323,47.9313
57361,3458,3896,4457,4312,3642,4506,6936,5604,3490,4362,6812,5681,3412,3828,4314,4170,-0.146551,10.8914,8.68834,48.5867
57362,8892,8797,4693,3555,5546,5222,4174,3528,3934,3771,3541,3200,3368,3380,3194,3118,-25.9528,-15.0978,8.84266,47.942
57363,4083,5927,9148,5960,3773,4570,5860,4855,3433,3698,3875,3674,3133,3219,3253,3361,-21.805,7.10646,8.83072,47.8813
57364,3418,3410,3247,3071,3849,3816,3431,3362,5734,4990,3888,3409,10552,8026,4277,3450,30.2065,-18.848,8.89372,47.9533
57365,3903,3972,3634,3342,4692,5668,4224,3674,5719,7821,4894,3571,4493,4840,4094,3552,5.02108,-9.66342,8.51041,48.062
57366,3433,3780,3880,3613,3853,4761,5202,4029,4071,6361,7309,4542,3890,4640,5036,4043,6.64513,2.36375,8.64242,48.2953
57367,4121,3916,3373,3139,6753,4548,3704,3322,9686,5160,3471,3310,5579,4478,3766,3357,4.721,-31.3467,8.73952,47.7887
57368,3431,3935,4259,3901,3887,5135,6941,4548,3837,5096,6854,4794,3595,3907,4290,3946,-0.0317048,5.44642,8.90838,48.2373
57369,4614,5802,5253,4126,4712,7572,6092,4002,4008,4525,4245,3686,3417,3522,3536,3293,-11.0474,-3.36583,8.83898,48.27
57370,3771,3783,3384,3112,5305,4298,3593,3138,9668,5418,3881,3277,7281,4964,3657,3337,10.5438,-26.7702,8.74983,47.9113
57371,12168,5866,4001,3379,5891,4558,3759,3352,3959,3676,3335,3326,3391,3475,3275,3182,-33.1945,-33.2525,8.76548,47.062
57372,3749,4617,4738,4057,4096,6412,7279,4392,3891,5040,5260,4117,3585,3829,3820,3554,-5.32941,1.4598,8.96577,48.2907
57373,4976,5684,4255,3670,6019,8293,4811,3707,4540,4942,3947,3454,3707,3820,3489,3224,-8.93053,-10.4094,8.85918,48.3587
57374,3548,3565,3326,3155,4643,4095,3563,3193,8844,5009,3807,3386,9264,5369,3859,3335,15.4849,-30.3355,8.7748,47.974
57375,3925,3935,3514,3317,4930,5354,4000,3482,6191,7992,4660,3492,4875,5109,3954,3445,5.96006,-12.0494,8.81251,48.1167
57376,8814,9087,4692,3632,5226,5089,4158,3456,3824,3833,3625,3287,3283,3375,3245,3133,-29.1762,-14.6374,8.88513,47.8393
57377,3855,5411,7398,5283,3684,5165,7003,5143,3510,3861,4273,3908,3215,3294,3637,3406,-16.0401,6.60147,8.68407,48.0307
57378,5450,4499,3593,3248,9413,5391,3821,3337,6832,4730,3786,3352,4203,3836,3422,3227,-4.53288,-26.3866,8.59226,48.0933
57379,3709,3805,3681,3451,4170,5518,4718,3722,4888,7782,5758,3939,4228,4946,4350,3736,5.78625,-4.33692,8.9178,48.2673
57380,3989,4050,3672,3282,5379,5641,3934,3426,6551,7576,4314,3566,4708,4889,3919,3431,4.85186,-13.1663,8.83478,48.218
57381,4032,5827,7343,4950,3917,5503,6902,4795,3547,3927,4235,3857,3225,3431,3405,3399,-16.0613,3.92705,8.87622,48.1967
57382,5631,6821,4564,3675,5909,7846,4714,3595,4142,4518,3767,3459,3563,3581,3444,3202,-13.6787,-10.3442,8.91962,48.2873
57383,3133,3409,3873,4082,3387,3831,5068,5732,3588,4200,6778,7951,3267,3790,4823,5169,5.68587,17.6828,8.60845,48.054
57384,10277,8068,4402,3502,5772,5113,3949,3449,3917,3877,3429,3309,3418,3374,3358,3104,-28.0103,-17.9305,8.8029,48.212
57385,3366,3525,3551,3296,3825,4299,4294,3719,4402,6784,6497,4301,4380,6034,5773,4232,12.8032,-0.738766,8.75535,48.1853
57386,3054,3223,3390,3403,3278,3406,3972,4256,3357,3889,5085,7882,3412,3858,5704,10688,19.0778,31.3989,8.8133,47.9047
57387,3013,3310,3442,3507,3303,3453,4006,4526,3312,3833,5265,9005,3405,4009,5332,9062,15.2458,29.1743,8.9329,47.8553
57388,3396,3394,3316,3074,4041,3830,3608,3228,7015,4892,3770,3421,11652,6284,3969,3350,22.381,-25.8639,8.80684,48.16
57389,6393,4892,3746,3366,9905,5100,3811,3324,5652,4527,3666,3381,3901,3762,3392,3188,-8.15186,-33.8226,8.8685,48.004
57390,5438,6398,4498,3697,5806,8066,4922,3698,4506,4696,3998,3507,3584,3584,3353,3180,-11.5255,-9.92616,8.93191,48.6207
57391,4354,4145,3574,3249,6643,5532,3814,3434,7359,6271,4131,3279,4885,4311,3682,3280,1.99373,-17.9635,8.82898,47.962
57392,3421,3369,3294,3054,4009,3811,3428,3298,5812,5424,4011,3420,9799,8179,4454,3496,24.1887,-17.1467,8.95364,48.186
57393,3340,3290,3445,3312,3470,3848,4096,3834,3942,5176,6743,4808,4074,5795,8100,5236,17.7628,5.50552,8.93466,48.3393
57394,3386,3455,3371,3159,3889,3885,3663,3330,5148,6482,4680,3716,6247,8596,5339,3764,19.3923,-9.36518,8.93024,48.0733
57395,3271,3335,3235,3231,3550,3863,3731,3544,4402,5768,5097,4104,5145,8537,7219,4413,21.7356,-2.6443,8.98327,48.2967
57396,3055,3262,3426,3377,3250,3417,3803,3811,3463,3976,5087,5803,3626,4386,8137,10228,27.556,17.8886,8.95479,48.0713
57397,3164,3162,3336,3460,3249,3525,3758,3943,3314,3652,4793,5961,3325,3968,6091,12593,32.0441,27.4642,8.51153,47.5293
57398,3269,3631,4461,5562,3368,3706,5232,9747,3263,3615,4617,6583,3218,3363,3822,4165,-4.82481,32.6498,8.93425,47.748
57399,11248,7441,4220,3426,5741,4976,4006,3432,3899,3807,3484,3284,3421,3355,3171,3111,-28.1076,-19.9851,8.97251,48.0147
57400,6077,5878,4140,3460,7464,7248,4230,3595,4739,4668,3823,3331,3670,3634,3387,3209,-10.8852,-15.5468,8.98513,48.3687
57401,3544,3509,3286,2937,4412,3944,3488,3197,7640,5328,3858,3346,9718,6303,4007,3388,18.5124,-23.1413,8.61221,47.9367
57402,3354,4002,5605,7659,3465,3923,6082,8493,3274,3605,4178,4850,3025,3346,3496,3653,-13.2769,20.7507,8.70957,48.0067
57403,3186,3456,3822,3931,3498,4069,4806,5086,3540,4333,7165,7577,3427,4015,5247,5565,8.41846,15.6571,8.67809,48.482
57404,3068,3341,3429,3368,3187,3408,3800,3845,3344,3854,4696,5992,3360,3819,6150,12584,29.2026,28.5228,8.5889,47.4967
57405,3222,3512,4138,4625,3307,3794,4770,7603,3366,3698,5029,8811,3195,3595,4304,5063,2.07566,28.1052,8.8322,48.0213
57406,3247,3332,3819,4019,3290,3629,4539,6368,3371,3896,5188,9770,3254,3756,4622,5945,6.15407,33.4356,8.60413,48.03
57407,4171,3960,3583,3175,6469,4566,3697,3265,9543,5303,3843,3302,5812,4653,3585,3277,5.92218,-27.5326,8.63243,48.136
57408,3609,4636,9025,8873,3460,4054,5143,5357,3276,3521,3825,3811,3089,3293,3375,3441,-28.8908,15.079,8.71824,47.8587
57409,4208,3875,3451,3245,6791,4667,3796,3198,9550,5227,3755,3339,5638,4449,3696,3226,4.57585,-32.4045,8.87611,48.074
57410,3390,3537,3430,3174,3860,4370,4008,3443,5024,7089,5234,3901,5199,7275,5388,3945,15.4815,-5.95243,8.75842,48.178
57411,3185,3258,3365,3408,3287,3466,3921,4260,3357,3803,5155,8143,3499,3876,5678,10198,17.9221,33.6116,8.88387,47.906
57412,3395,3310,3255,3182,3906,3756,3472,3260,6380,4776,3817,3385,12450,6144,3950,3339,25.4979,-28.6406,8.88315,47.8513
57413,3421,3976,6532,12086,3331,3794,4827,5939,3224,3418,3767,3927,3119,3238,3476,3396,-31.3349,24.3292,8.55845,47.6473
57414,3318,3610,3597,3410,3878,4459,4610,3768,4295,6790,7084,4349,4212,5196,5501,4251,10.1115,0.84821,8.91676,48.2187
57415,4056,6252,9722,5968,3730,4509,5234,4657,3431,3709,3856,3700,3226,3300,3415,3275,-31.008,6.48297,8.67313,48.0267
57416,7572,7588,4424,3519,6310,6306,4312,3600,4284,4120,3710,3444,3419,3412,3282,3218,-17.7514,-15.0483,8.8699,48.3467
57417,8309,5183,3880,3409,9213,5311,3725,3466,4723,4241,3441,3272,3605,3426,3281,3244,-13.3382,-33.0985,8.70985,47.8193
57418,4069,3869,3530,3318,5208,5619,3938,3462,6686,7690,4391,3469,5003,4819,3991,3448,4.99799,-13.4658,8.80814,48.34
57419,3281,3452,3247,3133,3854,3914,3584,3303,5570,5521,4122,3518,8180,8935,4994,3663,23.6604,-13.6676,8.55942,48.1807
57420,5191,4372,3572,3323,8818,5265,3814,3467,7469,4813,3739,3333,4453,3958,3535,3163,-2.59525,-25.8709,8.87392,48.19
57421,3656,3789,3971,3752,4054,5172,5648,4306,4014,6053,6824,4399,3821,4240,4609,3867,3.02379,2.12691,8.56767,48.1167
57422,5708,9431,6438,4254,4501,5620,4557,3992,3659,3876,3739,3440,3255,3372,3331,3154,-24.8107,-5.55597,8.60795,48.218
57423,3123,3339,3431,3437,3403,3770,4092,4024,3697,4589,6658,5464,3761,5163,8087,6244,18.161,9.85212,8.54012,48.188
57424,3112,3328,3226,3309,3456,3649,3841,3712,3810,4541,5759,4751,4025,6000,9677,6213,23.7822,7.53487,8.99013,48.2727
57425,3363,3365,3185,3121,4000,3738,3481,3099,6499,4687,3745,3382,12481,6021,4040,3327,25.2036,-29.1663,8.95137,47.6893
57426,3122,3230,3384,3318,3191,3489,3849,4013,3489,4254,5895,5827,3671,4517,8602,8290,21.7962,14.4284,8.82728,48.094
57427,5992,7685,4967,3660,5558,7148,4573,3727,4056,4209,3792,3400,3428,3583,3382,3215,-16.2724,-10.0511,8.90726,48.25
57428,5860,4575,3669,3204,9806,5210,3657,3331,6528,4545,3640,3307,4162,3811,3485,3231,-5.98924,-30.0104,8.76431,48.014
57429,4633,4135,3653,3207,7534,5261,3829,3339,7955,5571,3897,3395,4910,4305,3555,3234,0.667487,-21.6082,8.90707,48.2753
57430,5382,8606,6668,4295,4539,5737,5055,3934,3618,3840,3684,3403,3270,3481,3354,3300,-21.7595,-3.6633,8.50627,48.1107
57431,4092,6486,9801,5799,3745,4541,5089,4539,3524,3613,3811,3725,3203,3412,3392,3304,-29.1119,5.64525,8.70613,48.0507
57432,3148,3238,3409,3301,3432,3661,3806,3681,3657,4516,5270,4733,3972,6219,9953,6242,27.7244,6.61157,8.99918,48.1587
57433,3403,3367,3251,3230,3872,3802,3424,3203,6258,4718,3791,3369,12306,6141,3805,3339,28.6691,-28.863,8.5333,47.5193
57434,5340,4264,3507,3349,9043,5295,3843,3324,7099,4881,3783,3241,4425,3982,3470,3232,-3.21603,-25.4816,8.62131,48.052
57435,4582,8138,8310,4946,4227,4839,5013,4221,3531,3840,3705,3526,3273,3360,3308,3301,-32.0956,0.5196,8.72816,48.08
57436,3331,3547,3603,3407,3699,4188,4607,3900,4136,6118,7273,4711,4081,5289,6080,4603,12.0233,3.11773,8.73428,48.382
57437,3331,3469,3217,3044,4027,3724,3490,3243,7070,4861,3870,3458,11784,5851,3892,3370,22.4901,-32.1568,8.67229,47.8007
57438,4597,7513,8026,4877,4196,5396,5376,4324,3614,3902,3824,3533,3236,3281,3303,3247,-22.5405,0.84392,8.57954,48.1633
57439,3097,3079,3376,3413,3244,3548,3907,3955,3361,3848,4996,6210,3471,4190,7132,11089,24.5449,21.1662,8.77263,47.944
57440,3435,3944,5312,8296,3378,3824,5270,9083,3287,3600,4203,4816,3165,3312,3476,3545,-13.7205,33.8972,8.65068,47.964
57441,4423,4635,3868,3386,5738,7369,4399,3621,5201,6240,4301,3565,4042,4296,3721,3354,-2.58116,-11.1413,8.67322,48.106
57442,3099,3237,3390,3424,3241,3498,3897,3906,3395,3930,5287,6263,3488,4162,7386,10368,23.0558,19.4565,8.98029,47.9807
57443,3331,3393,3262,3183,3800,3696,3637,3465,4395,5076,4679,4007,5422,9446,7081,4438,29.0139,-3.9169,8.9409,48.2073
57444,3974,4407,3849,3517,5073,7127,4808,3609,4781,6919,4812,3775,4061,4244,3815,3447,-0.64905,-7.45119,8.95277,48.1453
57445,3520,4245,6957,7892,3519,4211,6280,6759,3312,3536,4081,4249,3122,3328,3574,3547,-16.9022,16.5464,8.85189,48.088
57446,3260,3625,4350,5080,3398,3843,5652,8435,3312,3776,5127,7305,3304,3530,4155,4542,-2.13092,22.3778,8.96065,48.4627
57447,12429,6090,3917,3416,6399,4750,3852,3359,4111,3819,3412,3236,3400,3280,3174,3203,-25.9808,-28.0005,8.59266,47.898
57448,6120,5910,4168,3522,7020,7287,4352,3538,4644,4506,3783,3321,3657,3568,3351,3152,-11.4008,-14.9977,8.59596,47.9327
57449,3274,3357,3333,3151,3618,3889,3744,3639,4429,5557,5141,4060,5053,8466,7160,4491,22.1185,-2.18879,8.8995,48.2413
57450,3421,3353,3264,3114,3851,3951,3412,3290,6027,5172,3909,3391,10187,7922,4317,3453,24.8588,-18.1153,8.82087,48.0227
57451,3357,3290,3272,3117,3851,3858,3482,3231,5654,5002,3866,3464,10365,7902,4308,3434,29.3664,-18.8869,8.64227,47.6353
57452,4083,4053,3514,3313,5583,5727,4123,3489,6584,7039,4393,3591,4678,4704,3856,3466,3.29006,-14.1924,8.50804,48.1307
57453,3521,4296,8456,9822,3389,4076,5139,5560,3225,3481,3955,3933,3089,3155,3401,3346,-29.607,16.9838,8.80576,47.896
57454,3260,3502,3472,3262,3781,4052,3793,3504,4657,6336,5227,3951,5233,8162,6054,4278,19.1443,-4.47557,8.57916,48.3493
57455,3460,4019,6017,11984,3255,3818,4886,6693,3193,3562,3881,3916,3045,3238,3462,3424,-24.5237,29.2083,8.52091,47.902
57456,3601,3584,3311,3086,4690,4074,3599,3209,9100,5257,3856,3361,8939,5344,3745,3270,14.5025,-28.0607,8.94824,48.0173
57457,3181,3153,3366,3332,3198,3346,3697,3857,3385,3692,4785,6147,3451,4003,6104,12665,27.7086,32.1612,8.86589,47.5747
57458,3142,3163,3403,3262,3229,3523,3801,3889,3401,3728,4739,6445,3423,4028,6102,12523,25.9828,28.8734,8.70969,47.8673
57459,7711,9630,5092,3759,5273,5220,4182,3588,3789,3845,3543,3339,3360,3403,3275,3186,-28.0897,-11.7981,8.81773,48.13
57460,3067,3242,3374,3364,3187,3418,3840,3955,3391,3919,4947,6010,3318,3997,6874,12126,28.1177,23.5202,8.82991,48.0193
57461,3437,3380,3248,3128,4356,4055,3508,3268,8140,5087,3824,3374,10242,5590,3983,3344,17.8801,-32.7961,8.82829,47.976
57462,3791,4446,4872,4163,3930,5916,7201,4645,3767,4624,5516,4268,3589,3867,4003,3777,-4.83083,3.63802,8.59481,48.25
57463,3219,3445,3792,3894,3339,3596,4412,5721,3381,3701,5121,10016,3281,3806,4845,6334,8.22561,33.5825,8.87046,47.9353
57464,3298,3400,3298,3159,3583,3960,3703,3473,4400,5110,4620,3945,5764,9391,6599,4281,28.3705,-5.24325,8.52353,47.9893
57465,6492,9766,5728,3899,4875,5650,4443,3675,3868,3775,3540,3339,3352,3384,3202,3113,-25.2236,-8.73679,8.95817,48.0673
57466,4888,8206,8345,4694,4101,5039,4954,4254,3502,3775,3628,3536,3350,3348,3315,3298,-32.0753,0.229003,8.65649,48.1553
57467,3561,3537,3347,3081,4759,4254,3578,3246,8091,6007,4012,3360,7776,6098,4141,3501,14.4653,-19.6819,8.75995,48.2327
57468,3231,3392,3405,3356,3516,3706,3810,3622,3887,4729,5108,4317,4297,7012,9182,5240,32.1267,3.31872,8.85744,47.8733
57469,5412,6836,4857,3776,5456,7654,4912,3766,4024,4443,3904,3484,3498,3526,3374,3312,-13.2666,-8.52004,8.5143,48.156
57470,3346,3965,5290,6842,3445,3787,5963,9055,3340,3593,4449,5258,3169,3433,3608,3879,-10.4489,21.789,8.62139,48.2813
57471,3521,4059,4910,4565,3666,4650,7874,5885,3556,4080,5801,4786,3302,3613,3923,3987,-4.95002,10.1135,8.81708,48.1187
57472,5560,4725,3855,3326,8334,6498,4023,3389,5805,5076,3880,3373,4160,3865,3546,3197,-5.85047,-18.9213,8.56266,48.408
57473,3579,3813,3810,3550,4229,5557,4769,3797,4655,7401,5970,4126,4272,4797,4446,3818,5.24393,-3.41269,8.59539,48.3927
57474,3884,4074,3947,3625,4438,5999,5022,3682,4648,7256,5510,3893,4145,4405,4292,3702,2.62004,-4.13357,8.59225,48.348
57475,3435,3764,4150,4003,3694,4536,6650,5121,3615,4757,7153,5335,3383,3839,4347,4178,0.880028,8.83833,8.96456,47.9733
57476,3546,4035,4470,4207,3751,4981,7292,5135,3689,4737,6620,4722,3444,3796,4212,3999,-1.72616,7.07289,8.94547,48.424
57477,3778,3911,3505,3299,4693,5637,4334,3586,5721,7959,4888,3687,4592,4946,4111,3607,5.09874,-9.07355,8.63624,48.1693
57478,3909,4956,5763,4339,3958,5914,7858,4881,3652,4259,4830,3995,3472,3473,3610,3512,-10.1351,4.41761,8.69067,48.254
57479,3232,3459,3928,4311,3263,3721,4769,7103,3378,3696,5170,9039,3296,3642,4507,5181,3.21019,31.6062,8.62897,47.7967
57480,3187,3748,4926,6004,3357,3935,5946,8938,3356,3747,4586,5891,3243,3435,3875,4037,-7.12229,21.4822,8.52177,48.1407
57481,5052,4947,3866,3443,7030,7236,4330,3590,5544,5435,3902,3454,3964,3913,3589,3159,-5.16589,-15.0012,8.8098,48.3027
57482,5634,4669,3779,3325,8616,5906,3935,3485,6250,4893,3714,3269,4133,3901,3466,3197,-5.37751,-20.8494,8.56949,48.1147
57483,12239,6443,3964,3361,6275,4799,3866,3373,3976,3781,3452,3190,3460,3400,3227,3083,-26.7692,-25.4397,8.84561,47.926
57484,3220,3320,3642,3588,3292,3633,4165,4991,3440,3810,5227,9408,3488,3815,5213,7800,12.5365,33.4037,8.56444,48.0347
57485,3304,3400,3285,3026,3844,3867,3489,3234,5978,5061,3832,3365,10872,7559,4244,3513,25.8986,-20.1295,8.65661,47.9153
57486,3620,4855,7764,6829,3602,4490,6672,5795,3394,3558,4169,4233,3060,3330,3550,3451,-17.5731,12.3679,8.5722,48.248
57487,3387,4101,7031,11623,3317,4011,4782,5946,3092,3505,3817,3838,3097,3273,3429,3354,-30.3058,22.4386,8.67516,47.7353
57488,4183,6654,9558,5651,3852,4714,5324,4484,3364,3579,3661,3707,3209,3403,3361,3316,-26.4707,5.05004,8.66832,48.0133
57489,3322,4029,6152,11970,3324,3782,4970,6732,3225,3487,3791,3966,3088,3247,3419,3398,-23.6725,25.7876,8.74054,47.9347
57490,3202,3371,3356,3331,3444,3747,3805,3658,3906,4597,5380,4580,4170,6494,9707,5852,25.9739,5.55314,8.81029,48.4
57491,4502,4163,3503,3298,7419,5253,3798,3299,8327,5601,3744,3422,4947,4344,3643,3130,1.29632,-22.1499,8.84327,48.262
57492,4012,4855,5085,4160,4163,6539,7201,4491,3844,4640,4773,4006,3596,3673,3748,3569,-7.75205,1.12067,8.65608,48.2367
57493,3312,3403,3304,3230,3804,4196,3946,3562,4619,6266,5541,3950,4872,7387,6406,4336,17.9136,-2.63923,8.61233,48.0893
57494,3194,3394,3660,3905,3234,3610,4232,5378,3373,3810,5278,10069,3352,3752,4806,6842,9.89696,28.9274,8.82862,47.926
57495,3314,3402,3114,3082,4180,3922,3478,3230,7316,5065,3813,3441,11165,5739,3980,3330,20.2148,-32.8483,8.66101,47.714
57496,3546,3936,4299,4023,3752,5004,6854,4789,3783,5092,6877,4825,3585,3851,4446,4037,0.373046,6.01926,8.99696,48.466
57497,4496,5101,4478,3739,4873,7940,5644,3925,4270,5268,4472,3625,3717,3781,3736,3415,-6.82779,-5.4094,8.74542,48.32
57498,3263,3253,3387,3322,3304,3387,3737,3967,3314,3748,4689,6062,3369,3736,6035,12707,30.2579,30.8762,8.9815,47.52
57499,3162,3519,3983,4393,3310,3655,4721,7485,3439,3683,5115,8966,3302,3523,4341,5343,2.99203,27.7369,8.70881,47.96
57500,3274,3917,5246,8495,3448,3794,5228,9254,3226,3548,4128,4773,3192,3411,3496,3636,-14.2224,31.7387,8.51939,48.044
57501,3131,3358,3494,3401,3267,3461,4021,4321,3390,3840,5403,7167,3456,4134,6608,9657,19.0051,20.5671,8.83396,48.0727
57502,3470,3944,5351,5651,3553,4208,7188,7242,3359,3871,4919,5006,3199,3454,3855,3838,-8.15641,15.5498,8.61728,48.072
57503,3375,3868,4738,6337,3387,3801,5231,9853,3253,3559,4392,5877,3259,3418,3677,3868,-7.71251,33.2022,8.67813,47.9287
57504,4462,4133,3521,3192,7699,4820,3868,3376,8818,4983,3678,3424,4982,4261,3618,3352,1.62665,-33.8327,8.7975,48.1247
57505,3047,3277,3454,3407,3384,3678,3815,3646,3816,4429,5516,4774,4043,6201,9646,6105,25.6309,7.00965,8.72864,48.1587
57506,3464,3560,3340,3115,4390,4144,3499,3247,7542,5814,3912,3442,8693,6577,4170,3347,17.2688,-19.7407,8.94148,48.1707
57507,3203,3479,3688,3364,3611,3987,4522,3997,3973,5585,7860,4953,3892,4966,6485,4758,12.4625,5.21679,8.89485,48.2153
57508,3211,3373,3331,3174,3419,3630,3887,3629,3997,4936,5418,4458,4391,6982,9052,5458,24.8366,3.45843,8.88024,48.2307
57509,3401,3306,3227,3164,3827,3882,3437,3301,4934,5341,4212,3678,7260,9847,5388,3775,28.6028,-10.2457,8.50219,47.9867
57510,11038,7278,4083,3418,6067,5023,3892,3365,3903,3858,3477,3296,3351,3367,3263,3131,-26.4369,-20.9897,8.61852,47.8733
57511,3164,3257,3301,3372,3215,3529,3742,3930,3290,3837,4932,5866,3308,3997,6774,11967,32.7417,23.1768,8.56457,47.654
57512,10867,5681,3845,3353,7801,5065,3744,3366,4140,3731,3485,3202,3516,3477,3300,3126,-19.3692,-32.5469,8.96966,47.7993
57513,4803,4212,3451,3213,8332,4970,3732,3358,8244,4976,3770,3329,4827,4137,3580,3178,0.0163887,-27.7689,8.88433,48.0747
57514,3174,3541,3897,4002,3263,3875,5079,5762,3547,4036,6655,8031,3383,3852,4940,5490,5.92806,17.6444,8.67509,48.3513
57515,3195,3441,3398,3228,3523,3762,3946,3695,3972,4994,6120,4532,4322,6338,8577,5343,20.6018,4.84115,8.63584,48.2573
57516,6681,7253,4631,3662,6183,6861,4395,3598,4156,4366,3593,3453,3462,3500,3387,3154,-16.0529,-12.7314,8.67003,48.2233
57517,3441,3882,5942,12553,3336,3744,4868,5921,3213,3319,3792,3927,3192,3207,3422,3325,-30.7452,33.2073,8.55947,47.3893
57518,4076,4234,3879,3473,4844,6619,4841,3754,4859,7277,4892,3700,4155,4541,4002,3530,1.21573,-6.89142,8.70624,48.4507
57519,3911,5869,9947,6038,3640,4580,5233,4833,3296,3613,3866,3767,3247,3269,3385,3353,-33.6595,7.69431,8.91124,47.898
57520,11465,7191,4134,3343,6115,5011,3827,3334,3953,3830,3379,3208,3295,3450,3225,3089,-26.5071,-21.8434,8.54583,47.8993
57521,3484,4044,5776,11124,3329,3765,5088,7360,3153,3602,3922,4187,3086,3178,3497,3428,-20.6272,30.1585,8.51131,48.0153
57522,5730,7160,4847,3862,5514,7266,4780,3815,4057,4345,3782,3369,3471,3648,3424,3165,-15.1573,-9.60321,8.54719,48.1567
57523,3211,3289,3496,3370,3239,3613,3881,3879,3746,4274,5198,4907,3682,5401,9763,7064,33.8575,10.3004,8.88766,48.0087
57524,3073,3265,3358,3334,3434,3596,3785,3962,3630,4466,5809,5161,4002,5544,9433,6584,23.0437,9.35852,8.54475,48.2907
57525,3167,3344,3349,3345,3340,3519,3772,3721,3614,4398,5493,4960,3879,5550,9852,7011,26.2439,9.95241,8.93284,48.2093
57526,5856,9709,6432,4114,4450,5201,4513,3881,3589,3779,3557,3559,3343,3317,3246,3190,-33.2944,-5.51327,8.8353,47.824
57527,3086,3243,3453,3546,3154,3630,4130,4220,3424,4134,6260,6581,3628,4428,7343,8089,18.1643,16.3719,8.78554,48.2327
57528,3475,4455,7827,10159,3348,3968,5256,5987,3175,3445,3978,3963,3094,3172,3394,3392,-24.9137,18.4787,8.7897,48.0587
57529,4187,5135,5920,4440,4146,6053,7578,4692,3755,4257,4530,3876,3309,3582,3631,3554,-11.3955,3.16719,8.78119,48.43
57530,4751,4136,3428,3246,8204,4931,3856,3299,8253,4920,3743,3318,4844,4288,3703,3274,0.0386867,-28.2491,8.74787,48.1293
57531,3417,3787,5512,9358,3318,3800,5201,8323,3227,3577,4087,4728,3047,3319,3521,3589,-16.201,27.1917,8.52493,47.874
57532,3430,3481,3177,3109,4090,3865,3569,3345,6381,5456,4020,3519,9098,7585,4359,3432,20.5014,-17.516,8.99358,47.944
57533,6654,4819,3777,3231,9839,5467,3863,3307,5862,4448,3680,3352,4066,3733,3288,3201,-8.3517,-26.3949,8.81308,48.3913
57534,3615,4632,8798,9162,3514,4062,5092,5394,3305,3527,3776,3891,3135,3262,3348,3284,-29.7048,15.2679,8.74746,47.8647
57535,3404,3568,3661,3417,3789,4335,4709,3929,4218,6498,7253,4466,4095,5145,5608,4392,10.1672,1.49977,8.9719,48.3247
57536,3670,3567,3349,3053,4483,4215,3639,3259,7439,6414,4122,3457,7676,6279,4303,3481,14.6316,-17.8624,8.74481,48.2707
57537,3317,3521,3285,3063,3676,3962,3646,3272,4777,5419,4458,3733,6367,9705,5998,3932,25.3761,-7.57136,8.66231,48.0873
57538,3251,3499,4018,4685,3255,3796,4899,7980,3327,3736,5108,8594,3177,3466,4257,5145,1.0813,27.8802,8.95294,48.1287
57539,4640,7776,8522,4906,4023,4903,5112,4311,3602,3717,3800,3559,3113,3317,3201,3290,-26.4442,1.08027,8.99492,47.8613
57540,4240,6719,9436,5454,3918,4760,5440,4558,3434,3648,3791,3677,3124,3340,3382,3223,-25.2527,4.42547,8.68544,48.096
57541,3334,3984,5444,5610,3563,4339,7557,7456,3284,3874,4866,5046,3210,3498,3759,3820,-8.40271,15.0371,8.75886,48.4293
57542,4147,3801,3321,3292,6469,4562,3578,3278,9845,5411,3810,3332,6000,4532,3758,3360,6.13443,-26.5215,8.94275,48.3307
57543,3345,3481,3342,3234,3844,4075,3732,3457,4695,6380,5203,3955,5254,7824,6218,4053,18.6406,-4.54269,8.60747,48.0613
57544,3271,3391,3986,4516,3245,3850,4876,7787,3373,3728,5031,8860,3280,3555,4197,5154,1.77833,28.4164,8.92275,48.0667
57545,4190,3809,3501,3234,6439,4609,3638,3255,9576,5202,3729,3374,5716,4497,3638,3335,5.55793,-30.9714,8.56088,47.828
57546,3647,3437,3240,3153,4347,3900,3535,3229,8004,5169,3830,3406,10057,5629,3894,3368,18.0393,-27.8477,8.71201,47.8967
57547,3401,3312,3267,3198,3851,3717,3496,3348,5919,4713,3667,3435,12362,5896,3817,3437,33.2378,-33.3282,8.78166,47.224
57548,3530,3548,3379,3190,4509,4191,3641,3444,6943,6874,4251,3510,6838,6453,4274,3421,14.3337,-15.484,8.78469,47.9973
57549,3203,3188,3329,3395,3275,3402,3807,3810,3410,3851,4703,6004,3465,3910,5928,12452,29.8303,33.5978,8.57691,47.4213
57550,3242,3168,3384,3358,3132,3449,3783,3893,3389,3651,4704,5962,3376,3845,6112,12742,30.8631,28.2986,8.93034,47.46
57551,3242,3488,3918,4293,3340,3859,4935,6239,3438,4017,6109,8383,3230,3759,4773,5313,4.64989,19.8383,8.58786,48.224
57552,3188,3454,3668,3725,3373,3787,4669,4855,3571,4238,7126,7538,3379,4012,5720,5964,10.3568,15.9832,8.62787,48.178
57553,4072,3977,3487,3164,6792,4760,3665,3427,9616,5177,3757,3382,5460,4508,3732,3335,4.27344,-33.605,8.97937,48.2073
57554,4123,4344,3675,3376,5468,6626,4337,3550,5649,6999,4540,3569,4287,4446,3815,3408,0.909151,-11.5817,8.79041,48.1413
57555,3370,3623,3850,3658,3691,4200,5480,4512,3710,5044,8195,5601,3569,4090,5151,4697,6.2758,8.50068,8.94068,48.294
57556,10327,7862,4367,3496,5751,4990,3899,3406,3938,3773,3457,3150,3485,3364,3233,3069,-27.2894,-18.5411,8.89783,47.7113
57557,3334,3919,5386,8738,3473,3893,5378,8969,3309,3502,4077,4922,3119,3270,3554,3570,-14.4375,25.8822,8.77669,48.2753
57558,5472,5918,4209,3541,6592,7945,4465,3510,4593,4796,3847,3458,3577,3674,3421,3162,-10.4368,-12.7368,8.87053,48.12
57559,3674,3959,3751,3447,4387,5723,4797,3810,4721,7771,5511,4038,4209,4706,4325,3590,4.00548,-4.63357,8.99494,48.2793
57560,3457,3404,3213,3120,4155,3802,3345,3230,6816,4821,3761,3404,12090,5858,3980,3379,23.8433,-29.6281,8.81909,47.89
57561,3021,3310,3320,3419,3272,3576,3916,3983,3372,3959,5235,6600,3444,4141,7281,10529,22.9131,20.1184,8.9545,48.252
57562,6503,9548,5675,3983,4967,5866,4466,3735,3723,3858,3660,3433,3436,3371,3278,3215,-22.7386,-8.59164,8.9876,48.478
57563,4411,5082,4281,3543,5380,8014,5166,3626,4491,5572,4504,3556,3769,3851,3657,3376,-5.81239,-7.31917,8.87481,48.186
57564,3735,3607,3325,3073,5174,4274,3628,3252,9406,5525,3780,3263,7582,5100,3737,3486,11.422,-25.8426,8.62209,47.9647
57565,3341,3683,4552,5956,3306,3762,5228,9780,3358,3593,4505,6640,3159,3294,3800,4143,-5.4633,29.0345,8.90293,48.0667
57566,3072,3434,3370,3274,3402,3664,3805,3720,3750,4566,5617,4745,4039,6185,9569,6091,24.7262,6.69023,8.69618,48.202
57567,3369,3980,6499,12118,3389,3835,4716,5895,3281,3501,3777,3954,3139,3320,3383,3416,-31.3591,24.5661,8.64851,47.7147
57568,3221,3341,3346,3326,3342,3554,3800,3830,3635,4137,5302,5205,3778,5370,9690,7631,27.6611,11.6446,8.9308,48.3387
57569,7362,9103,4961,3773,5359,5613,4396,3626,3821,3874,3594,3280,3514,3386,3367,3216,-23.0164,-11.2598,8.63557,48.1633
57570,3446,3460,3329,3108,4080,4057,3615,3397,5700,6472,4446,3595,6923,8126,4840,3590,18.652,-11.9671,8.7351,48.1227
57571,3448,3865,4298,3938,3713,4892,6737,4729,3794,5098,7192,4835,3575,3955,4411,4005,1.15226,6.14329,8.9537,48.3233
57572,3274,3254,3423,3456,3242,3561,3874,3979,3414,3640,4833,5831,3421,4107,7059,11032,33.8974,21.0899,8.51093,47.6
57573,3711,3538,3282,3146,4750,4258,3704,3262,8483,6105,3996,3391,7567,5691,3988,3334,13.2452,-20.7715,8.88848,48.1373
57574,3454,3501,3355,3247,4164,4099,3600,3359,5882,6673,4304,3561,6815,7933,4607,3652,17.3913,-12.7432,8.92084,48.1373
57575,5427,4511,3679,3261,8832,5870,3932,3413,6649,5019,3686,3245,4292,4057,3406,3222,-3.90357,-21.9424,8.95099,48.334
57576,3958,3970,3551,3226,5577,5407,3782,3268,7797,6911,4247,3473,5397,4901,3824,3337,5.5061,-16.6473,8.83408,48.4173
57577,3476,3610,3502,3246,3990,4443,4110,3560,5072,7495,5453,3961,4882,6543,5253,4044,13.088,-5.29566,8.50002,48.4267
57578,3376,3403,3165,3116,3817,3943,3556,3189,5488,5104,4121,3441,9182,8848,4720,3610,27.2361,-15.1685,8.9066,48.0527
57579,6651,9382,5450,3937,5083,5899,4439,3771,3689,3800,3657,3379,3297,3346,3354,3140,-22.622,-9.34603,8.92581,48.1827
57580,3380,3740,3766,3732,3831,4631,5196,4108,4116,6273,7502,4558,3937,4670,4990,4125,6.40634,2.63394,8.93196,48.37
57581,3141,3122,3406,3424,3280,3428,3737,3885,3448,3798,4909,6167,3395,4023,6910,11739,26.4586,23.3688,8.57162,47.8747
57582,3314,3614,4160,4939,3351,3686,5013,8537,3316,3637,5040,7953,3131,3543,4082,4600,-1.11587,28.0306,8.73049,47.944
57583,3634,4412,7803,9006,3491,4048,5751,6263,3308,3599,3912,4045,3087,3193,3376,3517,-20.8265,16.9509,8.79171,48.2967
57584,3028,3341,3584,3682,3311,3634,4289,4937,3395,3996,5702,8896,3303,3874,5578,7684,13.0896,23.1867,8.53346,48.156
57585,6702,9859,5574,3848,4887,5252,4451,3620,3735,3871,3658,3329,3287,3304,3310,3088,-30.7227,-9.15844,8.52888,47.85
57586,12740,5959,3800,3503,6033,4757,3774,3407,3870,3610,3403,3262,3444,3359,3229,3191,-30.3968,-29.0115,8.7112,47.5607
57587,8177,7393,4301,3485,6805,6004,4096,3544,4095,4089,3576,3272,3481,3456,3219,3168,-17.8355,-17.0547,8.88034,48.1073
57588,3212,3425,4136,4501,3331,3837,5203,7286,3301,3956,5520,8092,3294,3577,4416,4938,1.61093,21.8145,8.65682,48.0167
57589,3766,4131,4214,3779,4167,5881,6192,4323,4155,5839,5955,4310,3630,4113,4125,3733,-0.0669811,0.908073,8.67789,48.2087
57590,3360,3681,4747,6464,3345,3795,5625,9565,3311,3672,4522,5866,3252,3391,3814,3873,-8.00194,23.9025,8.96714,48.1887
57591,3979,4361,3986,3624,4824,6816,5054,3888,4705,6802,5008,3739,3925,4312,3889,3665,-0.0651307,-5.85871,8.61664,48.3847
57592,3379,4005,6154,9446,3397,3940,5551,7853,3167,3537,4087,4403,3107,3259,3381,3544,-17.4435,22.5185,8.86193,48.14
57593,4851,7210,5840,4192,4641,6672,5643,4015,3810,4101,3959,3578,3463,3610,3438,3182,-16.2965,-3.56764,8.72897,48.1367
57594,3313,3705,5165,8076,3390,3704,5145,9485,3319,3608,4251,4860,3207,3326,3590,3620,-12.8904,30.9966,8.77468,47.8427
57595,4720,8265,8344,4666,4139,4977,4811,4339,3553,3795,3731,3622,3309,3422,3369,3244,-30.2011,-0.0811149,8.81608,48.204
57596,3558,3733,3471,3111,4264,4772,3885,3434,5803,8171,4763,3706,5209,6092,4400,3590,10.9169,-10.06,8.92559,47.9747
57597,5926,5335,4067,3377,7719,6918,4148,3469,5044,4893,3727,3336,3936,3661,3422,3063,-9.0447,-16.9807,8.55233,48.0273
57598,4229,5973,7137,4955,3996,5711,6690,4495,3497,3923,4033,3803,3363,3391,3429,3431,-16.2051,2.71825,8.64737,48.0373
57599,11419,7066,4016,3361,5859,4927,3920,3395,3951,3827,3424,3219,3434,3419,3248,3251,-32.4782,-21.3933,8.94859,47.824
57600,3486,3341,3239,3050,4003,3735,3406,3303,6093,4696,3904,3275,12558,6382,3811,3353,29.0894,-26.5931,8.67265,47.7567
57601,3173,3319,3593,3407,3409,3572,3883,3810,3605,4254,5598,4984,3810,5388,9653,7028,24.3277,10.1192,8.76582,48.324
57602,2990,3286,3352,3417,3235,3475,3804,3803,3413,3758,4742,5953,3345,4113,6343,12491,29.9491,25.4586,8.68358,47.68
57603,3257,3560,4007,4661,3364,3781,5106,7718,3345,3688,5244,8286,3248,3651,4257,4920,1.0752,24.0017,8.78838,48.062
57604,3544,3304,3186,3054,4031,3916,3466,3250,6656,5179,3878,3484,10860,6868,4134,3512,22.5372,-21.6843,8.71744,48.2147
57605,5655,4494,3719,3213,9562,5083,3836,3441,6584,4553,3798,3155,4119,3934,3410,3330,-5.26291,-30.2123,8.53763,47.924
57606,3384,3976,6473,12695,3228,3654,4810,6051,3230,3499,3839,3909,3136,3119,3301,3403,-29.0986,26.148,8.98267,47.8047
57607,10691,7685,4143,3530,5839,5036,4010,3436,3956,3977,3452,3281,3466,3411,3148,3200,-33.3931,-19.2341,8.70824,48.174
57608,3559,3639,3408,3166,4619,4252,3561,3303,7993,6174,3964,3352,7697,6056,3966,3448,14.2506,-19.403,8.83466,48.1047
57609,5479,8105,5856,4086,4763,6488,4925,3874,3871,4027,3810,3556,3382,3420,3347,3235,-18.6204,-5.91596,8.55286,48.1493
57610,3267,3488,3546,3272,3729,4145,4091,3577,4449,6455,5849,4226,4602,7024,6544,4402,16.5731,-1.2774,8.96739,48.444
57611,4027,4977,4773,3942,4473,6955,6524,4228,3940,5176,4786,3825,3624,3779,3741,3445,-6.45755,-1.1649,8.58157,48.1433
57612,4169,4912,5076,4126,4329,7015,7040,4398,3796,4727,4835,3820,3424,3717,3753,3483,-7.69656,-0.0648865,8.98873,48.4133
57613,9031,6149,4043,3426,7896,5598,4044,3380,4453,3949,3556,3211,3550,3562,3229,3114,-17.0379,-21.6642,8.84943,48.1273
57614,3546,4525,6549,5740,3657,4636,7770,6178,3322,3794,4550,4370,3165,3225,3610,3526,-12.7163,11.3501,8.95212,48.1087
57615,3489,3391,3216,3269,3773,3837,3564,3451,4891,5215,4282,3493,7230,9690,5256,3752,31.6342,-10.3037,8.57412,47.866
57616,4628,4841,4043,3522,5875,7827,4577,3782,4965,5841,4112,3544,3885,3969,3611,3279,-4.57581,-10.5082,8.98801,48.2007
57617,3460,3839,4683,5706,3348,3982,6132,8784,3308,3705,4767,6075,3181,3554,3836,4080,-5.76405,20.5789,8.65669,48.2933
57618,3405,3728,4980,7878,3389,3745,5135,9626,3294,3456,4113,5052,3238,3235,3615,3755,-12.1036,27.7899,8.59793,47.7627
57619,5390,6120,4388,3596,6388,7695,4759,3643,4565,4643,3818,3329,3619,3642,3349,3384,-10.8642,-12.0056,8.50876,48.2187
57620,3444,3601,3913,3656,3634,4429,5376,4232,3966,5536,7914,5072,3821,4545,5235,4254,7.11469,5.61002,8.83048,48.4187
57621,3092,3263,3434,3465,3174,3466,3916,3884,3397,3805,5030,5722,3388,4093,7382,10976,29.2276,20.5701,8.66828,47.658
57622,3344,3404,3315,3130,4070,3832,3605,3201,6678,5536,4048,3461,9232,7350,4230,3572,20.6219,-18.4183,8.60631,48.0053
57623,3225,3533,4110,4814,3307,3858,5110,8219,3547,3771,5022,8148,3187,3544,4110,4850,0.182502,24.8799,8.79693,48.2367
57624,3655,4579,6622,5511,3724,4725,7727,5738,3471,3952,4509,4255,3207,3400,3566,3534,-13.0825,9.97348,8.50024,48.1167
57625,3532,3446,3158,3095,4265,3999,3514,3208,7174,5220,3891,3445,10389,6468,4016,3464,20.1539,-22.5327,8.70909,48.1893
57626,3220,3417,3870,4257,3254,3645,4547,6774,3342,3920,5294,9507,3442,3685,4586,5648,5.08501,27.066,8.58921,48.272
57627,4637,4099,3645,3221,7824,4922,3729,3408,8516,5090,3732,3423,4790,4095,3518,3306,0.927665,-33.6639,8.78875,47.97
57628,3402,3805,4316,4331,3579,4493,7106,5467,3586,4449,6679,5402,3406,3798,4288,4081,-0.756442,10.4763,8.54528,48.1253
57629,3344,3956,6000,12601,3378,3837,4811,6054,3282,3502,3987,3838,3098,3195,3311,3297,-27.0725,32.7347,8.59391,47.6607
57630,5424,4752,3775,3288,8528,6398,3961,3418,6055,5175,3726,3355,4240,4057,3474,3290,-4.99024,-19.3686,8.90734,48.6107
57631,3358,3464,3192,3062,4033,3702,3431,3263,5795,5105,4011,3442,10273,8046,4192,3538,33.5804,-18.1077,8.65802,47.938
57632,3476,3959,5933,12445,3357,3742,4747,6404,3381,3452,3941,3927,3037,3194,3232,3453,-24.8677,32.3309,8.54894,47.7867
57633,3371,3911,6502,11179,3387,3827,5007,6977,3307,3442,3761,4053,3054,3299,3366,3439,-21.8624,23.9339,8.79166,47.9213
57634,8759,9205,4932,3428,5288,5170,4044,3487,3735,3776,3545,3295,3378,3382,3406,3116,-29.7971,-14.1687,8.75191,47.964
57635,11778,6777,3943,3478,6145,4868,3845,3392,3818,3890,3475,3316,3343,3409,3281,3144,-27.4521,-23.6477,8.54808,47.9347
57636,3365,4201,7341,11239,3442,3947,4954,5868,3270,3488,3851,3901,3162,3099,3274,3397,-31.2199,20.3706,8.60508,47.866
57637,3192,3277,3374,3315,3226,3435,3700,3909,3359,3819,4774,5849,3325,3864,6061,12635,31.0808,31.583,8.6931,47.4093
57638,3922,5716,9969,6713,3721,4383,5199,4811,3425,3585,3825,3705,3145,3344,3382,3269,-29.421,8.63328,8.5986,48.076
57639,3433,3838,4535,4778,3511,4148,6845,6992,3388,3956,5683,5970,3279,3620,4059,4127,-3.03148,15.4102,8.60794,48.108
57640,3336,4129,6766,10486,3407,3918,5296,7017,3117,3451,3914,4044,2999,3247,3393,3482,-20.7808,21.7508,8.97405,48.0013
57641,3750,5260,9436,7225,3570,4292,5692,5192,3395,3513,3976,3813,3148,3282,3376,3333,-24.8155,10.8113,8.57895,48.1687
57642,3147,3279,3538,3632,3168,3553,4050,4853,3410,3782,5392,9067,3402,3813,5499,8456,13.8721,26.157,8.54328,48.0273
57643,4510,5999,5667,4243,4419,6981,6300,4202,3803,4314,4172,3803,3367,3674,3518,3373,-12.649,-1.33888,8.62716,48.23
57644,3450,3897,5841,12498,3398,3729,4678,5953,3249,3388,3739,3836,3120,3300,3498,3384,-31.6933,30.4594,8.86655,47.3053
57645,3340,3337,3330,3186,3692,3820,3730,3547,4389,5236,4813,4018,5370,9106,7185,4391,25.7755,-3.338,8.55606,48.3267
57646,4173,5954,8508,5412,3817,4882,6350,4661,3413,3874,4008,3840,3266,3350,3431,3251,-19.5604,5.69609,8.55389,48.1267
57647,4096,3752,3539,3245,6325,4557,3699,3360,9812,5167,3655,3354,6091,4545,3582,3345,6.53417,-29.6817,8.51804,48.0827
57648,3186,3395,3471,3332,3521,3836,4056,3742,4032,5366,6269,4565,4248,6513,7693,5031,18.4059,2.60261,8.91277,48.1707
57649,3207,3390,3270,3196,3726,4036,3927,3615,4629,6384,5295,3994,5185,8063,6382,4180,18.8011,-3.68785,8.7979,48.3193
57650,3262,3424,3370,3191,3891,3710,3491,3359,5307,5240,4130,3587,8902,8924,4742,3596,29.1398,-14.9171,8.77807,48.084
57651,3872,5622,9525,6444,3702,4426,5829,4869,3401,3621,3777,3731,2989,3308,3460,3379,-23.0711,9.08835,8.64319,47.97
57652,3156,3191,3492,3356,3182,3507,3859,3939,3336,3760,4798,5995,3345,3883,5965,12783,33.0253,28.5515,8.89807,47.698
57653,3353,4013,6816,11159,3362,3930,4936,6638,3195,3415,3797,4057,3081,3259,3414,3338,-23.4349,22.3317,8.91696,47.842
57654,3199,3462,3335,3267,3392,3681,3865,3531,4007,4826,5077,4326,4435,7417,9022,5378,28.8381,2.46674,8.81987,48.1467
57655,3297,3250,3360,3368,3471,3722,3788,3513,3928,4585,5018,4358,4253,6938,9635,5526,29.7076,4.3855,8.96702,48.0067
57656,3328,4281,6477,8647,3519,3981,5862,7432,3265,3450,3942,4280,2974,3267,3478,3598,-17.2282,19.4538,8.62253,47.854
57657,3801,3841,3580,3268,4620,5539,4102,3479,5868,7951,4737,3611,4656,5217,4155,3661,6.24882,-9.91535,8.68018,48.0573
57658,3459,3914,5949,12597,3404,3788,4880,6301,3276,3394,3770,3901,3161,3290,3382,3292,-25.055,33.5218,8.91821,47.8387
57659,9941,7714,4365,3565,5914,5285,4003,3446,3926,3933,3471,3233,3437,3448,3209,3050,-23.8177,-18.4489,8.76534,47.96
57660,10967,6167,4046,3480,7138,5140,3827,3452,4221,3768,3517,3266,3372,3452,3184,3073,-21.2227,-24.5201,8.70155,48.0467
57661,5065,9193,7314,4474,4425,5094,4701,4052,3557,3725,3640,3532,3241,3351,3354,3176,-32.2708,-2.96433,8.83613,47.9293
57662,2957,3108,3366,3486,3210,3558,3887,4178,3430,3834,5058,7552,3429,3856,6031,10961,19.8991,26.214,8.74688,47.934
57663,12740,6054,3977,3400,5976,4686,3790,3362,3878,3722,3418,3222,3329,3344,3272,3200,-27.7775,-31.3102,8.79133,47.58
57664,3388,3930,5730,10577,3428,3796,5105,7941,3316,3425,3954,4386,3095,3200,3405,3489,-18.7019,29.0823,8.77791,48.11
57665,3157,3333,3424,3362,3383,3667,3976,3919,3717,4440,5634,4766,3966,5655,9491,6566,23.6201,8.60828,8.61033,48.304
57666,3252,3575,4289,5232,3427,3847,5123,9107,3392,3674,4811,7264,3175,3445,4069,4421,-2.65477,27.4775,8.79384,48.0687
57667,3304,3871,5900,12459,3349,3768,4770,5970,3296,3372,3706,3864,3184,3292,3386,3420,-31.2317,31.8896,8.61439,47.274
57668,12250,6505,3951,3349,6057,4793,3821,3272,3942,3838,3306,3277,3481,3305,3256,3188,-31.8818,-24.8969,8.9823,47.7273
57669,3465,4295,7888,10292,3387,3963,5160,5708,3284,3525,3825,3947,3015,3378,3448,3479,-32.2424,18.6589,8.57596,48.0393
57670,3433,3831,3828,3589,3838,4867,5083,3933,4151,6346,7338,4460,3961,4741,4881,4030,6.41173,1.75125,8.93247,48.2067
57671,4122,6374,9589,5887,3878,4487,5491,4612,3509,3603,3761,3733,3133,3266,3397,3318,-25.5721,6.07374,8.91751,48.1067
57672,3118,3281,3315,3418,3229,3456,3670,3999,3432,3823,4917,5946,3282,3961,6598,12116,31.9939,24.2936,8.80671,47.7073
57673,3198,3398,3634,4002,3343,3674,4479,5934,3256,3851,5351,9832,3242,3724,4753,6347,7.74593,27.4964,8.80792,48.012
57674,3266,3384,3333,3402,3476,3694,3850,3675,3906,4797,5106,4411,4283,6898,9313,5375,32.5144,4.05829,8.51791,48.1127
57675,3482,3765,4188,3992,3633,4527,6709,5215,3567,4553,7193,5503,3468,3938,4488,4246,1.16925,9.79009,8.80762,48.3113
57676,5558,4410,3601,3248,9414,5288,3734,3362,6936,4667,3695,3230,4243,3897,3610,3162,-4.21429,-26.2665,8.59027,48.0367
57677,10567,7462,4181,3503,5900,5076,3954,3360,3941,3811,3540,3220,3440,3291,3205,3093,-25.6972,-19.4035,8.64947,47.696
57678,3334,3928,5799,8679,3485,3988,5565,8299,3230,3626,4003,4627,3069,3389,3531,3563,-15.3823,22.4838,8.52353,48.0767
57679,4609,6226,5321,4102,4705,7187,6120,4113,3924,4432,4088,3632,3482,3589,3499,3263,-12.4611,-3.21729,8.53757,48.1947
57680,3153,3340,3575,3724,3290,3670,4249,5133,3352,3808,5220,9356,3374,3772,5121,7843,12.2673,30.7593,8.63285,47.9867
57681,3720,5549,9994,6795,3668,4343,5274,4900,3357,3558,3889,3660,3222,3331,3360,3210,-32.7036,8.92361,8.8154,47.8867
57682,6275,8156,5056,3741,5395,6590,4589,3668,3969,4082,3861,3382,3339,3545,3372,3211,-17.983,-10.0601,8.59908,48.154
57683,5602,6998,4648,3720,5524,7637,4882,3770,4136,4369,3762,3503,3456,3565,3371,3196,-14.0572,-9.12495,8.96156,48.0927
57684,12904,6018,3869,3292,6068,4863,3767,3366,3897,3770,3373,3211,3398,3385,3268,3180,-32.1715,-28.6641,8.98837,47.7527
57685,3330,3636,4035,4022,3571,4282,6003,4847,3667,4851,7426,5619,3500,4238,4665,4379,3.46661,9.50379,8.6337,48.0473
57686,4387,6766,8450,5333,4001,5005,5861,4498,3498,3687,3900,3579,3269,3392,3325,3269,-22.3713,3.30438,8.63291,48.1467
57687,3180,3238,3445,3384,3283,3685,3718,3836,3590,4075,5289,5211,3610,5057,9552,8123,27.8896,12.7251,8.92226,48.184
57688,3816,4179,3905,3560,4587,6619,5078,3781,4711,7058,5174,3888,3994,4433,4102,3540,1.26923,-5.04294,8.90441,48.2833
57689,2971,3265,3481,3567,3282,3439,4098,4581,3426,3876,5598,8335,3407,4006,5977,8643,15.5095,22.5328,8.69374,47.968
57690,3166,3252,3359,3357,3243,3411,3711,3869,3410,3699,4680,5908,3432,3978,6122,12604,31.1429,32.8855,8.5854,47.4673
57691,3117,3390,3380,3381,3324,3491,3934,3880,3652,4340,5858,5390,3751,4991,8818,7568,22.4504,12.2863,8.50086,48.1767
57692,3487,4151,5626,5141,3641,4668,8017,6601,3410,3762,4926,4599,3408,3410,3764,3808,-8.7051,12.3705,8.88425,48.2793
57693,4083,3855,3447,3184,6539,4653,3678,3327,9490,5205,3840,3342,5770,4611,3689,3342,5.46753,-30.7541,8.51361,48.0367
57694,3129,3356,3355,3270,3464,3679,3817,3732,3736,4489,5302,4584,4124,6475,9715,5965,27.2514,6.09046,8.60877,48.128
57695,7864,5010,3782,3439,9705,5161,3813,3398,4962,4212,3538,3350,3550,3599,3268,3165,-12.4063,-31.6008,8.97793,47.8773
57696,4796,8474,7889,4600,4183,4960,4899,4032,3622,3799,3828,3538,3269,3392,3355,3318,-33.0306,-0.873623,8.75324,47.9693
57697,3599,3621,3352,3131,4598,4231,3639,3315,7632,6174,4068,3362,7607,6231,4198,3495,14.6476,-18.336,8.59355,48.1687
57698,4251,5296,4683,3972,4778,7651,6160,3940,3971,5023,4523,3664,3592,3709,3657,3443,-7.79072,-3.26603,8.89553,48.2087
57699,6078,9726,6073,4067,4532,5446,4474,3790,3769,3930,3626,3486,3277,3409,3331,3216,-25.7486,-6.83699,8.66153,48.1533
57700,3250,3444,3387,3350,3583,4047,4153,3831,4028,5471,6964,4672,4216,5844,7099,4871,15.7727,3.72695,8.53323,48.14
57701,3580,4479,6640,5817,3631,4577,7784,6325,3506,3649,4498,4319,3141,3321,3689,3541,-12.8552,11.7812,8.69885,48.3313
57702,11307,6021,4077,3396,7090,4912,3770,3412,4044,3875,3489,3287,3412,3419,3281,3033,-21.6194,-27.1288,8.64541,47.8833
57703,3462,3343,3273,3042,4142,3891,3383,3224,7331,5062,3774,3376,11132,6257,3901,3303,20.6376,-25.4812,8.88306,47.9307
57704,3351,3730,4433,4777,3338,4006,6310,7237,3389,4039,5898,6482,3183,3665,4213,4531,-1.26872,17.2952,8.88447,48.388
57705,6948,7241,4456,3684,6241,6687,4286,3607,4145,4169,3733,3348,3547,3483,3313,3144,-16.1978,-13.7974,8.89567,48.0213
57706,8955,5389,3806,3320,8813,5097,3878,3425,4546,4040,3591,3250,3480,3486,3252,3239,-15.215,-31.6863,8.62474,47.7113
57707,3520,3491,3235,2937,4215,3989,3577,3228,7279,5314,3817,3387,10429,6311,4028,3462,19.9677,-23.4831,8.653,48.146
57708,7219,5049,3750,3284,9575,5577,3891,3419,5249,4315,3608,3214,3850,3653,3324,3036,-10.5807,-23.8575,8.8036,48.0087
57709,3184,3135,3473,3305,3308,3578,3929,3870,3459,4037,5079,5760,3506,4517,8371,9662,25.8774,16.8091,8.85629,48.1153
57710,3418,4037,6025,12465,3444,3835,4668,5908,3310,3399,3665,3752,3200,3281,3307,3415,-31.4742,33.654,8.77008,47.4193
57711,4782,4641,3724,3282,7392,6457,3999,3473,6313,5655,3956,3442,4205,4240,3554,3295,-2.40891,-17.3154,8.75316,48.2733
57712,9610,5518,3911,3439,8854,5079,3764,3393,4551,4051,3580,3142,3499,3429,3232,3151,-16.1654,-28.6846,8.88685,48.1353
57713,3248,3125,3360,3439,3225,3492,3670,3992,3354,3874,5035,5817,3442,4001,7080,11364,31.0255,21.1749,8.79795,47.6787
57714,4391,6992,9219,5494,3785,4741,5328,4507,3517,3704,3820,3584,3206,3294,3341,3245,-25.7252,3.8962,8.67952,48.112
57715,5949,4508,3703,3219,9848,5354,3799,3309,6424,4644,3688,3373,4165,3870,3447,3130,-6.07857,-26.866,8.83219,48.2867
57716,9649,5855,3824,3362,8296,5334,3832,3476,4483,3937,3582,3209,3614,3497,3203,3134,-17.159,-24.9416,8.94105,48.1913
57717,4045,3845,3485,3103,6240,4761,3739,3254,9243,5663,3910,3340,5662,4702,3616,3285,5.85421,-23.039,8.83165,47.9287
57718,3191,3370,3603,3549,3409,3817,4657,4577,3615,4397,7522,6723,3562,4191,6181,5955,11.8184,13.3779,8.96493,48.2127
57719,3701,4188,4193,3822,4143,6074,5930,4147,4207,6073,5910,4087,3798,4141,4207,3707,-0.183621,-0.168799,8.6409,48.2187
57720,3116,3322,3670,3557,3260,3632,4318,4634,3423,4185,6625,7302,3467,4232,6397,7108,14.1056,16.7289,8.86279,48.1653
57721,3084,3330,3484,3481,3215,3625,3875,4107,3444,4067,5730,6559,3578,4283,7412,8642,19.5169,17.0929,8.7674,47.944
57722,11975,6845,4104,3477,6014,4838,3811,3420,3944,3707,3436,3171,3409,3369,3125,3072,-26.5651,-23.1511,8.69209,47.8113
57723,4589,5824,4935,3916,4793,7744,5814,4026,4046,4707,4179,3586,3537,3747,3502,3372,-10.5664,-4.59793,8.84191,48.2113
57724,3319,3508,3605,3587,3517,4033,4588,4197,3754,5079,7919,5474,3713,4838,6422,5095,12.0355,8.44124,8.52426,48.432
57725,3197,3350,3442,3319,3318,3672,3740,3737,3716,4233,5256,4948,3741,5317,9602,7465,29.8433,11.0213,8.80459,48.0353
57726,3964,4277,3965,3634,4852,6930,5247,3891,4711,6538,5057,3792,3947,4313,3943,3592,-0.578037,-5.3992,8.77535,48.4353
57727,3386,3323,3190,3039,4072,3860,3427,3136,6420,4729,3821,3233,12161,6428,3968,3405,26.2473,-25.6541,8.71589,47.732
57728,3186,3249,3414,3490,3157,3463,3708,3987,3362,3828,4824,5910,3427,4012,6558,12109,29.6364,24.5323,8.60863,47.7893
57729,3195,3341,3328,3295,3421,3639,3779,3739,3890,4577,5376,4500,4145,6640,9691,5636,32.543,5.11897,8.72269,48.128
57730,6135,7620,4932,3653,5663,7205,4647,3737,4064,4118,3677,3475,3453,3488,3318,3190,-16.2111,-10.6473,8.75995,48.25
57731,3201,3729,4876,6585,3412,3835,5541,9957,3250,3706,4459,5798,3070,3346,3722,3920,-8.31544,25.8604,8.95922,48.2713
57732,3605,4261,5038,4521,3692,5108,8098,5267,3568,4271,5461,4450,3319,3696,3878,3700,-6.09101,7.50581,8.92929,47.9553
57733,3889,4501,4311,3744,4461,7087,6066,4165,4297,5737,5211,3896,3585,3915,3896,3539,-3.05105,-1.74553,8.87589,48.2
57734,3276,3821,5133,7752,3300,3889,5150,9803,3208,3450,4238,5141,3152,3357,3623,3757,-11.8463,30.3569,8.78199,48.0333
57735,4328,3972,3451,3267,6895,4756,3716,3248,9285,5312,3727,3369,5518,4414,3736,3311,3.78409,-26.0435,8.66352,48.2033
57736,3314,3350,3210,3211,3522,3675,3784,3558,3922,4773,5094,4203,4621,7898,8853,5034,29.4416,1.72661,8.80979,48.0147
57737,3238,3333,3278,3204,3597,3745,3813,3467,4293,5073,4830,4148,4758,8316,7983,4681,26.1728,-0.586536,8.70688,47.838
57738,8305,6163,4066,3422,8021,5867,3886,3432,4465,4093,3546,3149,3585,3582,3163,3141,-15.3871,-20.4884,8.7926,47.924
57739,3499,3403,3169,3070,4072,3843,3568,3246,6540,4879,3782,3350,12122,6078,3834,3446,24.2106,-29.4217,8.67648,47.934
57740,3764,4073,3780,3492,4351,5955,4894,3848,4665,7485,5586,3856,4140,4628,4362,3613,3.39439,-4.24233,8.6874,48.328
57741,3308,3480,3552,3461,3508,3836,4511,4057,3831,5045,7718,5464,3841,4911,6922,5195,13.7406,8.13179,8.82153,48.4267
57742,3426,3333,3230,3187,3954,3744,3476,3403,5917,4655,3835,3366,12652,6140,3897,3393,32.8964,-27.7543,8.74106,47.7387
57743,3936,4545,5063,4154,4058,6007,7558,4601,3778,4572,5121,4096,3414,3673,3871,3658,-6.67409,3.13663,8.50115,48.07
57744,4137,4314,3663,3383,5462,6448,4294,3626,5833,7051,4568,3525,4372,4513,3742,3346,1.32215,-11.5528,8.57664,48.1847
57745,3157,3341,3392,3342,3436,3794,4020,3764,4006,5260,6566,4691,4164,6134,7824,5239,17.8067,4.2381,8.90537,48.0867
57746,4098,6463,9664,5654,3845,4618,5234,4547,3388,3696,3776,3703,3254,3314,3393,3317,-32.4936,5.19237,8.61741,47.976
57747,7108,7060,4459,3552,6646,6549,4275,3642,4276,4244,3701,3291,3499,3507,3226,3187,-16.0261,-14.7941,8.67046,48.148
57748,3394,3924,5577,10321,3349,3789,4978,7878,3325,3475,3837,4315,3223,3316,3448,3420,-18.6329,29.2736,8.64188,47.7127
57749,7657,4978,3904,3301,9627,5480,3746,3366,5126,4169,3522,3281,3817,3549,3323,3204,-11.2783,-25.702,8.98388,48.0333
57750,3197,3475,3569,3403,3612,3884,4481,3987,3864,5401,7738,5084,3893,4944,6659,4835,13.0255,6.03062,8.94967,48.0173
57751,3188,3258,3322,3332,3371,3440,3808,3849,3427,3885,4668,6071,3438,3842,5975,12638,30.3386,30.2746,8.54479,47.6747
57752,3690,4389,8203,9472,3451,4073,5282,5778,3132,3484,3727,3946,3118,3274,3301,3340,-25.0473,16.8978,8.68999,47.7733
57753,3760,3922,3567,3466,4393,5627,4505,3873,4976,7873,5460,3990,4196,4875,4236,3661,5.04065,-5.7004,8.81566,48.2533
57754,3677,5055,7418,5749,3809,4965,7237,5344,3472,3747,4390,3996,3215,3429,3467,3442,-15.3536,8.44023,8.80892,48.2747
57755,3706,4780,9049,8278,3542,3921,5443,5569,3195,3474,3811,3970,3141,3158,3487,3407,-24.5961,13.9938,8.80259,47.954
57756,3796,3711,3399,3095,4562,4786,3789,3484,6531,7838,4571,3694,5337,5872,4152,3531,9.94035,-12.2049,8.65346,48.0987
57757,3470,4228,7038,8621,3514,4106,5794,6829,3205,3531,4000,4136,3122,3281,3414,3518,-18.5407,18.164,8.60999,47.8713
57758,3126,3277,3536,3438,3259,3405,3649,3972,3411,3763,4641,6092,3274,3924,6144,12361,28.6533,27.9231,8.58952,47.5147
57759,3107,3281,3524,3683,3407,3540,4161,4918,3455,3939,5754,8941,3474,3867,5404,7919,13.2464,22.638,8.80275,48.2493
57760,3262,3643,3966,4098,3384,4074,5625,5599,3400,4261,7050,6965,3412,3723,4799,4884,3.96989,15.3308,8.55569,48.0967
57761,4660,4360,3577,3367,7048,6399,4032,3424,6551,5954,4045,3444,4446,4285,3595,3235,-0.965051,-16.9247,8.94902,48.2813
57762,3614,4151,4191,3783,3920,5373,6316,4368,3839,5448,6820,4540,3537,4118,4378,4034,0.731289,3.48474,8.9066,48.2867
57763,4034,3674,3299,3209,6082,4424,3726,3224,9912,5282,3829,3352,6342,4795,3666,3344,7.6151,-32.5792,8.50809,48.1293
57764,4652,4414,3634,3273,7282,6051,3897,3415,6853,5680,3872,3374,4538,4264,3582,3271,-1.06537,-18.3966,8.75306,48.0347
57765,3286,3403,3560,3410,3525,4044,4424,3886,4106,5842,7230,4691,4077,5582,6457,4667,13.493,2.91603,8.8277,48.1267
57766,3613,3867,3921,3848,4005,5301,6036,4211,3926,5865,6874,4449,3749,4324,4379,3973,2.27295,2.47062,8.89582,48.2273
57767,3204,3420,3369,3332,3615,3886,3801,3565,4372,5686,5474,4098,4858,8035,7183,4606,21.1703,-1.2956,8.65764,48.336
57768,3244,3494,4026,4455,3392,3630,4718,7374,3315,3774,5105,9056,3288,3661,4397,5238,2.62012,30.093,8.57435,48.1113
57769,3073,3325,3492,3522,3309,3617,4111,4491,3566,3956,5661,7788,3440,4093,6220,8442,16.4861,20.2636,8.51713,48.0707
57770,3142,3099,3386,3378,3229,3451,3897,3859,3436,3992,5152,5800,3356,4271,7838,10466,32.6616,18.5613,8.55288,47.8347
57771,3370,3462,3365,3144,3826,4156,3714,3439,5364,6722,4706,3660,6281,8003,5116,3778,17.8182,-9.73983,8.71992,48.0707
57772,8920,8617,4487,3561,5559,5314,4078,3444,3942,3661,3645,3327,3371,3401,3299,3094,-26.2617,-15.5906,8.65625,47.8133
57773,11158,5949,3953,3387,7269,4919,3760,3451,4232,3870,3548,3195,3411,3402,3277,3098,-21.1541,-33.2798,8.56892,47.9193
57774,3273,3507,3508,3410,3615,4014,4196,3871,3803,5326,6992,4901,4128,5596,7220,4998,15.7592,5.03438,8.78038,48.2387
57775,3433,3390,3311,3074,3970,3823,3563,3264,5520,5048,4027,3463,10097,8105,4486,3450,27.7722,-17.9756,8.57331,48.016
57776,3124,3183,3280,3359,3300,3509,3712,3809,3597,4125,5278,5460,3526,4626,8645,9376,26.5921,15.6742,8.85523,47.9393
57777,3623,3571,3397,3183,4733,3941,3556,3217,8796,5216,3823,3391,9144,5484,3726,3326,15.0717,-28.7318,8.53404,48.0847
57778,3319,3396,3184,3192,3939,3918,3444,3222,6940,4927,3777,3409,11806,5955,3917,3471,22.6771,-33.1293,8.79182,47.8773
57779,4424,4124,3474,3123,6953,5198,3921,3377,8106,5899,3987,3431,4956,4454,3699,3347,2.39328,-20.9822,8.56535,48.3153
57780,3449,4048,6741,10453,3350,3869,5298,6935,3184,3470,3762,4168,3100,3296,3458,3415,-20.9236,22.1404,8.80801,47.9973
57781,3813,5803,9841,6573,3873,4353,5147,4885,3338,3705,3853,3752,3115,3238,3486,3365,-29.2013,8.54321,8.59105,48.0933
57782,5584,5184,4010,3448,7846,7045,4204,3504,5293,4976,3714,3390,4014,3804,3500,3183,-7.26932,-16.5748,8.87057,48.466
57783,3268,3355,3846,3941,3346,3690,4671,5618,3471,4023,6143,8813,3278,3753,4964,5972,7.50991,20.9197,8.82377,48.1013
57784,3310,3643,3508,3331,3874,4354,4243,3672,4517,6793,6320,4156,4498,6314,5792,4278,13.4015,-1.40115,8.66313,48.402
57785,3842,5201,8500,6259,3798,4750,6485,5230,3462,3835,4133,3964,3093,3329,3397,3179,-18.9679,9.21901,8.53913,48.3047
57786,3416,3541,3360,3262,3716,4267,3977,3629,5008,7183,5265,4011,5048,7378,5348,3994,15.2745,-5.60426,8.5641,48.2687
57787,3482,3400,3374,3106,3775,3927,3580,3382,4835,5189,4274,3683,6779,9886,5634,3883,30.3863,-9.27755,8.65213,48.126
57788,4265,3913,3529,3275,7294,4688,3668,3337,9254,5227,3729,3345,5342,4473,3611,3240,3.43587,-28.4271,8.6788,48.1267
57789,9654,5944,3969,3363,7913,5410,3996,3325,4407,3993,3630,3218,3547,3477,3160,3084,-17.606,-23.7192,8.75675,48.06
57790,3188,3236,3389,3527,3200,3583,3824,3881,3356,3940,4986,5884,3390,4179,7611,10891,32.2118,19.5852,8.51467,48.0433
57791,3339,3671,3895,3778,3602,4446,5705,4571,3887,5149,7843,5208,3605,4170,4932,4260,4.65252,7.07376,8.57493,48.0407
57792,5952,10151,6473,4195,4537,5184,4456,3930,3624,3712,3741,3392,3304,3426,3316,3247,-29.7359,-5.84598,8.91476,48.4267
57793,3499,3544,3309,3213,4078,4044,3788,3499,5013,6927,4934,3853,5812,7923,5195,3815,17.3825,-8.26002,8.5607,48.2973
57794,3065,3411,3588,3696,3455,3781,4407,4663,3435,3994,6541,8173,3389,3996,5493,6810,11.796,18.5013,8.88003,47.9313
57795,6882,8997,5029,3742,5335,6142,4336,3645,3899,3943,3593,3336,3385,3444,3377,3109,-20.828,-11.0419,8.70766,48.1293
57796,3804,4910,7275,5498,3892,4956,7355,5241,3496,3916,4238,4092,3230,3442,3525,3387,-14.82,7.95218,8.96349,48.1713
57797,3311,3489,3382,3323,3705,4017,4101,3637,4370,6199,6264,4307,4480,6755,6652,4447,16.4398,-0.241474,8.81645,48.2927
57798,3200,3274,3299,3415,3267,3443,3868,3968,3422,3729,4785,6098,3303,3932,5840,12665,28.1387,29.6967,8.89492,47.672
57799,3470,3948,4821,4985,3543,4112,6968,7329,3419,3829,5371,5568,3230,3540,3960,3976,-4.94185,15.7993,8.61703,48.046
57800,3468,3396,3073,3089,3924,3764,3391,3202,6346,4795,3703,3331,12396,6106,3803,3395,25.4808,-27.1334,8.85484,47.4547
57801,3368,3963,5833,11461,3370,3899,4896,7145,3258,3458,3761,3944,3208,3240,3390,3317,-21.0261,33.4385,8.76694,47.674
57802,3793,3890,3794,3599,4284,5727,4812,3823,4660,7387,5850,3918,4177,4689,4391,3775,4.16386,-3.53242,8.72574,48.3793
57803,3648,4503,5632,4729,3897,5410,7973,5100,3644,4207,4840,4111,3293,3615,3670,3611,-9.00249,6.5257,8.72287,47.922
57804,3123,3404,3450,3243,3485,3773,3895,3775,3935,5005,6038,4714,4227,6263,8655,5439,20.9074,4.85305,8.81617,48.2827
57805,3677,3673,3369,3257,4629,4472,3709,3250,7434,6791,4130,3621,6768,6129,4180,3525,13.2513,-16.4606,8.88018,48.4093
57806,5327,6564,4651,3690,5449,8001,5036,3666,4233,4540,3834,3366,3500,3591,3493,3289,-12.237,-8.73502,8.85256,48.1533
57807,12541,6150,4025,3388,6101,4681,3690,3463,3927,3825,3458,3229,3467,3316,3228,3116,-27.4293,-31.366,8.73846,47.7367
57808,3128,3261,3341,3443,3217,3362,3761,4090,3433,3888,4779,7079,3351,4030,6030,11553,21.9453,29.4138,8.63505,47.8307
57809,10254,6615,4183,3517,6770,5356,4011,3437,4027,4049,3518,3184,3380,3491,3329,3074,-20.7637,-20.9293,8.67931,48.13
57810,3421,4000,6021,12270,3422,3741,4748,6474,3226,3482,3742,3977,3179,3183,3370,3360,-25.4557,28.0214,8.80082,47.744
57811,3124,3465,3912,3937,3415,3828,5082,5899,3485,4088,6847,7894,3377,3893,4924,5293,5.3095,17.2015,8.73215,48.3087
57812,3954,6068,9883,6170,3702,4503,5369,4656,3424,3728,3884,3771,3163,3247,3341,3353,-28.0124,7.16128,8.83365,48.144
57813,4124,6395,8842,5231,3971,5148,6106,4519,3513,3703,3944,3827,3119,3321,3418,3266,-20.9137,4.46304,8.96401,48.298
57814,7135,5064,3770,3439,9670,5325,3831,3375,5364,4326,3501,3205,3826,3715,3436,3074,-10.4796,-26.639,8.66489,48.0373
57815,7096,4935,3828,3397,9854,5209,3943,3371,5314,4344,3633,3259,3707,3683,3336,3149,-10.1633,-31.9063,8.6842,48.0387
57816,3183,3235,3561,3423,3324,3668,4129,4104,3645,4364,6848,5876,3720,4702,7664,6555,16.9023,12.1806,8.92739,48.0007
57817,12335,5912,3913,3383,6057,4865,3898,3420,3914,3802,3620,3185,3389,3392,3203,3213,-28.6629,-30.3814,8.64761,47.6673
57818,3078,3347,3287,3424,3307,3494,3894,4139,3422,3978,5414,6404,3347,4313,7524,9787,21.987,18.3313,8.93045,48.106
57819,3919,3732,3450,3156,5477,4857,3738,3277,8033,6768,4091,3567,5748,5261,3827,3527,7.77004,-17.7467,8.66543,48.2853
57820,3253,3175,3358,3441,3246,3417,3724,3873,3488,3717,4698,5906,3375,3926,5745,12669,33.056,32.1584,8.99266,47.3407
57821,3676,4716,9068,8361,3506,4124,5449,5410,3279,3533,3799,3895,3083,3262,3353,3415,-26.3736,14.1523,8.73179,47.9527
57822,3452,4066,6662,10809,3409,3931,5252,6808,3218,3594,3917,4155,3075,3203,3353,3445,-21.6954,22.0784,8.86829,48.2327
57823,4662,5000,3861,3405,6411,7373,4365,3457,5445,5785,4161,3445,4071,3797,3641,3357,-3.89415,-13.068,8.85114,48.1573
57824,3295,3826,6018,12710,3395,3706,4814,5907,3280,3513,3778,3835,3071,3264,3405,3580,-33.032,27.7051,8.85896,47.598
57825,3572,4341,7244,7490,3383,4259,6561,6574,3288,3697,4069,4177,3156,3337,3534,3411,-16.9398,15.1082,8.97053,48.062
57826,3100,3379,3543,3633,3269,3670,4372,4623,3446,4055,6171,8328,3387,4003,5885,7452,13.2031,19.3639,8.73036,48.2107
57827,3251,3704,4699,5817,3357,3849,5352,9669,3389,3669,4574,6469,3153,3435,3768,4045,-5.89325,25.5287,8.80129,48.1333
57828,5150,5230,4019,3497,6893,7578,4418,3572,5044,5187,3980,3445,3902,4005,3589,3215,-6.49874,-13.4837,8.79021,48.4827
57829,3405,3461,3311,3075,3965,3885,3542,3168,5914,4921,3906,3306,10544,7555,4297,3434,31.5076,-19.4605,8.56195,47.7927
57830,10466,5697,3839,3442,7977,5025,3733,3372,4281,4097,3382,3150,3416,3481,3273,3104,-18.4949,-29.9166,8.94468,47.8233
57831,6217,4803,3761,3338,9213,5932,3910,3305,5675,4543,3821,3370,4008,3745,3428,3137,-7.46148,-21.9725,8.69776,48.1373
57832,3654,4311,4875,4142,3838,5506,7638,4926,3825,4488,5643,4409,3442,3689,3915,3668,-4.93874,5.31688,8.71185,47.9793
57833,3380,3924,5426,9729,3321,3810,5205,8572,3171,3405,3999,4446,3116,3260,3484,3537,-16.7552,28.1732,8.70387,47.8567
57834,3420,4004,6031,12296,3413,3790,4831,6323,3287,3399,3923,3897,3095,3138,3406,3367,-24.6796,27.785,8.72763,47.7467
57835,4908,4524,3744,3311,7403,6078,3948,3354,6607,5546,3839,3432,4359,4235,3590,3309,-2.0974,-18.1782,8.76756,48.1247
57836,10834,5996,3827,3328,7703,4960,3774,3328,4217,4062,3336,3251,3310,3283,3255,3174,-19.3248,-26.3728,8.89973,47.7587
57837,3187,3265,3429,3371,3348,3626,4132,3903,3719,4480,6389,5466,3845,5120,8541,6693,19.3763,10.5088,8.99554,48.3427
57838,3364,4080,7484,11326,3397,4028,4915,5904,3175,3455,3824,4008,3129,3291,3326,3423,-28.7845,20.8705,8.77528,48.086
57839,3416,3468,3707,3643,3596,4416,4831,4046,4025,5876,7755,4847,3914,4907,5328,4545,8.84423,3.87432,8.61052,48.2133
57840,3416,3995,5195,6592,3373,3966,6306,8432,3259,3683,4441,5119,3109,3449,3698,3846,-9.94201,20.0374,8.72495,47.9193
57841,3304,3334,3283,3128,3693,3783,3565,3485,4554,5379,4545,3860,6120,9679,6311,4123,27.2933,-6.67252,8.67141,48.0973
57842,4217,4455,3765,3417,5390,6994,4557,3631,5331,6853,4537,3636,4149,4374,3824,3453,-0.125049,-10.1168,8.65881,48.3887
57843,4036,5936,9828,6397,3875,4396,5462,4896,3344,3687,3859,3691,3107,3214,3327,3297,-24.8023,7.79305,8.85847,48.2347
57844,3497,3613,3350,3092,4329,4460,3730,3351,6623,6877,4333,3600,7018,7043,4298,3543,15.4911,-14.5329,8.97747,48.5047
57845,7877,9408,5044,3708,5349,5458,4233,3647,3769,3909,3589,3375,3480,3413,3232,3111,-26.1847,-12.4995,8.53004,48.4013
57846,9336,7192,4196,3436,6730,5515,4010,3458,4216,3855,3474,3230,3433,3466,3239,3069,-20.7565,-18.7272,8.59384,47.9033
57847,7050,6269,4129,3572,7436,6554,4165,3546,4526,4296,3636,3310,3614,3597,3411,3132,-13.7008,-16.7254,8.72021,48.162
57848,8122,5192,3842,3339,9246,5267,3997,3424,4661,4226,3518,3260,3647,3575,3323,3232,-13.386,-33.9291,8.5925,47.914
57849,4088,5509,5981,4569,4120,6277,7248,4460,3684,4207,4340,3803,3343,3452,3550,3496,-12.5679,1.92546,8.60683,48.0847
57850,3643,3294,3243,2987,4444,4035,3595,3181,7990,5190,3871,3367,10322,5906,3877,3323,18.6805,-25.8914,8.73546,48.1787
57851,3612,3668,3500,3321,4208,4718,3940,3506,5628,8095,4927,3782,5070,5958,4495,3671,10.7721,-8.94619,8.88731,48.066
57852,3421,3396,3314,3164,3955,3773,3471,3305,5859,4837,3834,3289,12542,6267,3812,3317,32.8609,-26.6789,8.74477,47.704
57853,3237,3478,3831,3759,3371,3758,4785,5278,3454,4148,7003,8061,3398,3864,5257,5793,8.42719,17.3828,8.93329,48.3167
57854,4126,4337,3845,3476,5241,7073,4718,3712,5179,6793,4549,3573,4125,4241,3805,3435,-0.385624,-9.64405,8.68446,48.152
57855,3085,3207,3526,3452,3383,3657,4303,4278,3627,4282,6768,6495,3561,4402,7042,6966,15.6882,14.6694,8.7425,48.0227
57856,3497,4294,6628,6558,3661,4396,7023,6594,3348,3768,4349,4359,3214,3311,3495,3542,-14.1086,14.1831,8.79854,48.0247
57857,8731,5335,3792,3355,9072,5255,3961,3356,4784,4079,3494,3249,3628,3555,3341,3207,-14.2053,-27.8335,8.82263,48.1293
57858,4671,7453,7210,4632,4270,5832,5534,4223,3623,3860,3976,3570,3302,3286,3428,3213,-19.3861,-0.55181,8.89142,48.0553
57859,3595,3583,3389,3233,4387,4669,3761,3356,6440,7899,4576,3593,5655,6225,4370,3650,11.6521,-11.7609,8.94234,48.254
57860,3089,3258,3412,3488,3334,3702,3715,3666,3632,4433,5454,4921,3834,5466,9744,7153,26.2873,9.86734,8.68725,48.2007
57861,3310,3379,3438,3214,3620,3792,3673,3513,4276,5171,4729,3965,5471,9248,7035,4311,28.1444,-3.59572,8.58148,48.0967
57862,3768,4714,5272,4257,3899,5654,8010,4956,3718,4487,5015,4217,3336,3656,3757,3582,-7.71796,4.91232,8.80613,48.1987
57863,8971,6057,4021,3446,8013,5852,3919,3446,4556,4072,3512,3290,3559,3628,3200,3110,-15.9638,-22.2111,8.66603,48.4347
57864,3724,3878,3668,3406,4431,5568,4501,3737,4932,7930,5494,3910,4388,4870,4354,3654,5.38746,-5.76683,8.83516,48.2967
57865,3550,3738,3625,3310,4108,5030,4547,3896,4682,7651,6017,3971,4259,5163,4920,3913,7.90955,-2.80283,8.5883,48.2533
57866,3234,3442,3847,3755,3255,3751,4723,5075,3507,4226,6918,7766,3269,4109,5421,5833,9.0153,16.7706,8.79356,48.0873
57867,3480,3969,4767,4733,3606,4503,7564,6368,3366,4040,5747,5132,3389,3609,4066,4007,-4.69205,12.6554,8.61124,48.2307
57868,11995,6401,3974,3452,6515,4839,3839,3413,4030,3801,3508,3213,3419,3365,3201,2992,-24.4496,-25.1223,8.81534,47.9713
57869,5475,7988,5714,4018,4827,6661,5153,3774,3918,4143,3832,3477,3349,3376,3288,3195,-17.7269,-5.58089,8.83063,48.1253
57870,3208,3173,3375,3311,3274,3511,3770,3959,3317,3846,5011,6315,3405,3924,6027,12212,25.2466,32.4669,8.61235,47.7587
57871,3100,3260,3577,3449,3269,3492,4022,4423,3449,4030,5970,7306,3434,4237,6629,8531,17.156,18.8517,8.97501,48.1187
57872,3196,3414,3557,3642,3387,3742,4534,4228,3754,4591,7493,6236,3544,4484,6668,6027,13.7402,12.2396,8.90125,48.3313
57873,5431,7152,4863,3804,5404,7488,5034,3693,3941,4344,3901,3572,3411,3567,3401,3308,-14.2896,-8.50762,8.78181,48.2093
57874,3407,3514,3234,3186,4415,3931,3568,3151,7832,5335,3855,3272,9980,6011,4044,3357,17.8302,-24.3325,8.78647,48.0613
57875,3344,3430,3373,3293,3651,3885,3975,3490,4412,6308,5279,4044,5011,7995,6471,4283,18.9887,-3.19546,8.78083,48.1627
57876,3791,5480,9199,6831,3703,4466,5701,5125,3492,3624,3996,3858,3205,3250,3522,3345,-23.5733,10.0247,8.61417,48.392
57877,3134,3391,3600,3791,3132,3596,4194,5159,3435,3853,5201,9488,3404,3842,5055,7598,11.8211,30.1198,8.56426,47.9153
57878,4297,4527,3946,3424,5476,7285,4504,3535,5269,6767,4352,3572,4089,4259,3740,3458,-1.00602,-9.95661,8.95716,48.3333
57879,6666,4781,3716,3204,9881,5266,3945,3486,5680,4336,3710,3290,3971,3853,3448,3127,-8.77135,-27.2075,8.53314,48.24
57880,3336,3910,6165,12633,3275,3895,4609,6100,3169,3501,3820,4026,3047,3227,3455,3482,-32.8974,27.355,8.6142,47.7667
57881,4908,8293,8083,4710,4070,4922,4942,4227,3576,3817,3731,3623,3221,3380,3302,3329,-27.3238,-0.45025,8.71597,48.0893
57882,3621,4565,6968,6106,3662,4558,7397,6176,3383,3735,4400,4231,3152,3400,3499,3539,-14.3841,11.8858,8.68044,48.2613
57883,3194,3199,3318,3412,3176,3466,3874,4173,3345,3929,5137,7579,3425,3833,5704,10757,19.5859,31.124,8.57081,47.6807
57884,5742,9734,6430,4199,4545,5360,4601,3969,3691,3783,3637,3364,3277,3459,3363,3160,-27.626,-5.32534,8.64014,48.2093
57885,4327,5348,4582,3703,4749,7751,5830,3974,4181,5078,4491,3750,3581,3796,3678,3375,-7.49653,-4.30582,8.86884,48.1293
57886,3054,3331,3342,3500,3285,3550,4013,4161,3446,4153,5842,6391,3401,4399,7621,8564,20.7359,16.4416,8.70566,48.0353
57887,3199,3249,3264,3427,3275,3389,3691,3941,3353,3710,4892,6309,3370,3974,5930,12474,26.5724,30.475,8.60649,47.6313
57888,3081,3376,3883,4183,3264,3674,4519,6591,3434,3864,5183,9821,3306,3623,4563,5850,5.40357,28.0865,8.76785,48.1433
57889,4117,3964,3471,3238,6550,4570,3657,3290,9748,5358,3859,3346,5748,4519,3761,3281,5.604,-27.0344,8.89806,48.318
57890,6479,9072,5357,3857,5174,6201,4516,3674,3885,3894,3605,3450,3265,3443,3312,3169,-20.8404,-9.48257,8.95214,48.2353
57891,5663,5641,4110,3369,7267,7229,4220,3488,4831,4866,3804,3405,3884,3620,3461,3154,-9.43938,-14.9248,8.55973,48.008
57892,3108,3420,3684,3630,3371,3752,4556,5007,3370,4215,6656,8049,3507,3960,5509,6606,10.5439,17.7967,8.80646,48.2667
57893,3991,5741,8176,5497,3943,4976,6700,4948,3466,3695,4023,3833,3130,3360,3429,3331,-18.3795,6.33733,8.52268,48.1593
57894,4045,4006,3609,3253,5362,5520,3893,3443,7015,7251,4290,3449,4959,4831,3935,3461,4.80029,-14.7992,8.86146,48.2147
57895,12424,6042,3953,3359,6452,4750,3870,3417,4025,3868,3482,3300,3316,3351,3200,3212,-26.077,-29.8194,8.55784,48.014
57896,4372,6114,6231,4372,4329,6546,6524,4420,3771,4189,4120,3716,3307,3561,3490,3314,-13.9787,0.116545,8.97389,48.2507
57897,8101,9537,4941,3689,5083,5160,4186,3565,3773,3803,3590,3206,3356,3353,3311,3054,-28.9676,-13.052,8.98753,47.8053
57898,3756,4494,4173,3716,4370,6628,5977,4160,4294,5860,5265,3936,3760,4033,3988,3625,-2.28323,-1.79807,8.96861,48.0233
57899,6953,9948,5612,3846,4913,5181,4392,3811,3819,3705,3619,3268,3327,3333,3293,3135,-29.4257,-9.68074,8.91657,48.1033
57900,3283,3398,3252,3159,3635,3816,3795,3389,4514,5266,4698,3843,5767,9824,6743,4152,28.1946,-5.23885,8.96175,48.356
57901,4287,6212,7724,4910,4061,5469,6432,4443,3504,3892,3954,3657,3288,3483,3327,3398,-18.2627,3.17702,8.69731,48.0273
57902,3385,3359,3254,3140,3713,3797,3672,3297,4928,5374,4223,3709,6919,9931,5591,3886,27.6674,-9.34434,8.86576,48.1187
57903,3071,3220,3513,3452,3278,3457,3906,4333,3494,3753,5072,7665,3372,3873,5652,10653,19.5001,29.786,8.76828,47.8427
57904,10605,7731,4369,3530,6093,5205,3875,3513,4008,3797,3524,3189,3415,3346,3160,3045,-25.9616,-19.3834,8.6302,48.27
57905,3870,5043,8064,6097,3693,4669,6833,5363,3442,3736,4105,3944,3130,3245,3480,3497,-17.7984,9.54783,8.87474,48.1407
57906,12111,6665,4033,3474,6174,4752,3841,3359,3999,3815,3401,3255,3372,3420,3118,3194,-26.2025,-24.1934,8.66119,47.9887
57907,10296,7749,4422,3508,5762,5251,3963,3515,3907,3931,3480,3173,3374,3266,3309,3046,-25.8245,-18.541,8.68568,47.968
57908,5548,6381,4505,3647,6126,7803,4789,3665,4322,4675,3815,3489,3577,3564,3420,3128,-12.1344,-10.8647,8.82597,48.3027
57909,3155,3381,3707,3814,3221,3666,4565,5001,3547,4358,7125,7767,3486,4029,5468,6062,9.94888,16.4092,8.65905,48.2347
57910,3440,3723,3605,3444,3894,4827,4667,3873,4391,7068,6735,4370,4207,5093,5065,4119,7.97928,-0.456236,8.7276,48.3473
57911,3745,4287,4322,3842,4046,5888,6358,4365,3988,5689,6317,4307,3521,4152,4182,3735,-0.633308,1.51741,8.99257,48.496
57912,4884,6041,4618,3816,5478,8051,5138,3807,4337,4759,4030,3499,3670,3620,3495,3271,-10.4401,-7.94472,8.58557,48.3427
57913,4312,6923,9206,5513,3883,4685,5142,4438,3434,3843,3944,3607,3174,3424,3360,3280,-29.7681,4.01245,8.73823,48.112
57914,8620,5290,3914,3412,9057,5000,3775,3441,4716,4179,3601,3315,3460,3591,3315,3205,-14.2858,-32.4093,8.76197,47.9273
57915,8618,8691,4696,3569,5457,5384,4069,3527,3910,3863,3546,3237,3327,3413,3182,3071,-25.4642,-14.6785,8.50151,47.7067
57916,3270,3445,3901,3831,3467,4026,5349,4987,3627,4605,8005,6237,3515,4010,5119,4843,6.24136,11.5255,8.90374,48.158
57917,12701,6237,3939,3283,6077,4847,3821,3388,4015,3776,3421,3168,3422,3350,3265,3151,-29.9976,-26.9448,8.95005,47.9073
57918,3268,3770,4647,6389,3304,3675,5252,9604,3237,3593,4438,6034,3089,3383,3798,3943,-7.84842,28.5437,8.57154,47.616
57919,3529,3449,3125,3120,3981,3724,3398,3247,6391,4996,3813,3344,11732,6548,4066,3373,24.9196,-23.8025,8.715,47.8907
57920,3308,3678,3960,3931,3504,4511,5952,4530,3707,5220,7699,5243,3570,4207,4804,4216,4.0256,7.03429,8.51251,48.0267
57921,5093,4265,3611,3216,8671,5259,3742,3444,7706,4907,3544,3389,4570,4070,3510,3251,-1.64671,-25.9706,8.8688,48.1653
57922,3339,3426,3652,3507,3639,4178,4554,4046,3915,5792,7592,4993,3946,4970,6176,4549,10.9161,5.06078,8.58323,48.1827
57923,3517,3979,5982,12408,3347,3809,4667,6510,3242,3432,3767,3915,3160,3122,3467,3330,-25.2425,31.0417,8.96319,47.7693
57924,3341,3948,5840,12519,3557,3776,4723,5865,3329,3324,3843,3842,3190,3288,3373,3370,-32.8618,31.3696,8.81181,47.4187
57925,3317,3460,3276,3096,3950,3778,3464,3185,5941,4979,3822,3347,11501,7062,4157,3411,33.2879,-21.3933,8.69714,47.8307
57926,3895,4001,3542,3236,5152,5216,3956,3433,6933,7490,4332,3570,5043,5083,3944,3392,6.45725,-14.2658,8.86513,48.1453
57927,3031,3152,3313,3386,3216,3537,3815,3932,3308,3838,4821,6376,3458,3985,6102,12220,25.395,27.1969,8.68187,47.66
57928,3448,4025,6606,12289,3397,3951,4922,5987,3199,3404,3642,3954,3159,3161,3348,3318,-31.6259,23.6848,8.90751,47.8733
57929,5974,8294,5615,3828,5109,6541,4728,3825,3928,3997,3784,3396,3350,3482,3378,3128,-19.2481,-7.36108,8.55341,48.238
57930,3532,3828,5326,8224,3359,3867,5265,9032,3242,3620,4009,4838,3170,3294,3547,3734,-13.615,33.5407,8.57274,47.9247
57931,3172,3502,3856,4012,3298,3597,4530,6197,3368,3825,5211,9754,3343,3727,4691,6011,6.51773,32.0034,8.59303,48.0627
57932,3167,3317,3258,3393,3140,3430,3802,3956,3434,3753,4751,6051,3495,3932,5983,12573,27.89,30.5191,8.91672,47.6233
57933,4713,5500,4467,3855,5316,8023,5141,3725,4198,5144,4170,3681,3743,3736,3581,3368,-8.51182,-7.64526,8.61038,48.2407
57934,3254,3872,5055,6934,3425,3887,5429,9711,3295,3601,4196,5480,3094,3290,3765,3846,-10.3506,27.1144,8.53138,48.0893
57935,3894,3657,3310,3197,5415,4365,3599,3273,9866,5284,3827,3409,6934,4821,3821,3334,9.81017,-30.6381,8.68891,48.004
57936,6023,5434,3984,3399,8056,6786,4135,3513,5105,4664,3808,3373,3840,3790,3312,3170,-9.3496,-17.5942,8.61524,48.2613
57937,3333,3391,3449,3279,3458,3895,3909,3804,3811,4855,6188,4665,4046,6018,8533,5598,20.0238,5.29784,8.55657,48.1547
57938,3403,3370,3310,3109,3979,3781,3391,3231,6153,4786,3841,3215,12504,6083,3844,3352,31.7347,-27.4571,8.77784,47.568
57939,3429,3312,3125,3077,3966,3857,3427,3256,6851,4869,3739,3425,11482,6436,4081,3346,23.0723,-24.5663,8.955,47.7853
57940,3623,3555,3523,3159,4341,4671,3868,3479,5924,7761,4870,3676,5347,6245,4476,3623,11.4665,-10.1662,8.52064,48.094
57941,3476,3962,6684,11885,3395,3840,4947,5929,3185,3532,3757,3966,3103,3334,3290,3509,-31.9653,22.8883,8.54128,47.8627
57942,11898,6746,4025,3287,5930,4910,3838,3275,3913,3851,3478,3204,3426,3408,3205,3077,-29.942,-22.6207,8.76693,47.6473
57943,3084,3238,3457,3440,3226,3556,3981,4257,3339,3798,5067,7365,3295,3860,5947,11203,20.4166,27.8256,8.74859,48.0753
57944,3101,3297,3187,3280,3221,3453,3669,3894,3301,3860,4668,5911,3372,3927,6150,12529,32.5374,33.8885,8.76547,47.2133
57945,3413,3480,3316,3123,4609,4088,3493,3229,8550,5108,3720,3450,9611,5723,3812,3315,16.5343,-27.7441,8.90508,48.0267
57946,11540,5911,4037,3321,7327,4875,3749,3340,4130,3916,3433,3223,3285,3364,3190,3124,-21.7552,-29.0961,8.57604,47.8433
57947,3182,3212,3373,3321,3280,3421,3745,3922,3356,3857,4836,6134,3432,3952,6049,12540,26.3977,33.3697,8.71974,47.7413
57948,3444,3823,5487,8823,3294,3922,5318,8749,3184,3615,4196,4807,3081,3329,3652,3554,-14.4993,26.3177,8.80945,48.1853
57949,3256,3681,4759,6090,3355,3840,5269,9817,3193,3556,4338,6256,3136,3356,3836,4116,-6.91201,28.0197,8.95742,47.9027
57950,3166,3354,3417,3463,3419,3773,4180,3970,3666,4454,6697,5511,3715,4998,8098,6268,17.7379,10.4319,8.64905,48.0993
57951,3366,3931,6145,12223,3378,3911,4804,6339,3198,3453,3839,3879,3170,3187,3357,3429,-26.0028,27.5623,8.58363,47.7393
57952,3055,3258,3361,3473,3274,3439,3884,4247,3303,3822,5011,7091,3387,3913,5763,11515,21.6363,29.6069,8.64771,47.864
57953,4952,8593,8202,4600,4228,4922,5075,4145,3460,3854,3770,3493,3292,3327,3264,3178,-29.6194,-0.613863,8.99691,48.2367
57954,3636,4626,7306,6469,3567,4457,7049,6170,3474,3666,4128,4254,3128,3365,3462,3569,-15.8856,12.1061,8.79481,48.2173
57955,3198,3374,3543,3448,3221,3506,3939,4433,3327,3762,5104,8636,3411,3906,5463,9421,16.1474,32.8912,8.85293,47.7947
57956,4064,3837,3499,3229,6067,4803,3699,3394,8954,5961,3833,3356,5875,4877,3758,3321,6.58133,-21.5016,8.93341,48.3513
57957,3420,3922,6132,12473,3308,3729,4760,6033,3236,3480,3875,3935,3146,3247,3287,3291,-28.6116,31.0068,8.55784,47.516
57958,12783,6061,3710,3322,6020,4672,3630,3359,3943,3793,3419,3220,3464,3352,3272,3194,-32.7503,-29.4185,8.91443,47.476
57959,3131,3301,3389,3369,3205,3394,3709,3969,3471,3914,5049,5818,3545,4232,7524,10742,29.1685,19.7375,8.71535,47.8413
57960,3753,5331,9826,7176,3673,4372,5430,5028,3413,3606,3782,3774,3086,3249,3442,3277,-25.288,10.5197,8.81283,48.1453
57961,11369,7456,4076,3284,5748,4968,3926,3442,3846,3872,3427,3169,3452,3512,3197,3069,-29.7771,-20.5321,8.82828,47.8753
57962,3108,3256,3349,3508,3261,3637,4170,4222,3574,4011,5968,6816,3508,4445,7138,8415,18.0364,17.4735,8.95819,48.2573
57963,10991,6434,4005,3381,7101,5098,3915,3393,4133,3867,3549,3139,3382,3431,3189,3126,-20.8391,-23.7468,8.8765,48.0893
57964,3573,3465,3244,3174,4495,4085,3696,3299,7042,6263,4164,3444,7811,6873,4374,3427,16.5687,-17.24,8.95232,48.286
57965,6071,9199,5812,4022,4669,6052,4794,3760,3795,3914,3645,3433,3323,3391,3334,3219,-22.0348,-6.96996,8.57789,48.2887
57966,4608,4111,3587,3187,7216,5195,3813,3368,8272,5555,3819,3409,4998,4408,3609,3220,1.95199,-22.2172,8.70805,48.25
57967,3609,3606,3451,3115,4775,4305,3621,3336,8266,6321,3992,3434,7117,5808,4064,3381,12.6676,-19.4073,8.59848,48.134
57968,3350,3363,3443,3450,3659,4049,4160,3700,4212,6341,6483,4425,4422,6419,6737,4506,15.612,0.833833,8.9964,48.4793
57969,11964,6001,3952,3378,6669,4783,3841,3440,4110,3768,3525,3251,3392,3435,3167,3058,-24.2986,-28.167,8.51641,47.8227
57970,3191,3460,3640,3720,3345,3644,4417,4559,3486,4197,6986,7266,3540,4280,5914,6335,12.0232,15.5597,8.67893,47.9867
57971,3289,3584,3810,3672,3481,4014,5037,4470,3635,4807,8068,5777,3638,4387,5651,4952,8.79142,9.56953,8.83717,48.1813
57972,4901,6330,5041,3998,5029,7891,5600,3833,3967,4417,4031,3521,3602,3631,3405,3168,-11.9134,-5.52771,8.97549,48.2433
57973,3245,3612,4544,5746,3269,3787,5576,9677,3199,3736,4802,6370,3116,3482,3882,4274,-5.43691,25.3757,8.92058,48.2113
57974,3630,3625,3257,3070,4605,4126,3543,3220,8828,5386,3954,3381,8833,5504,3892,3327,14.8705,-25.7942,8.8583,48.1207
57975,3314,3347,3376,3185,3867,3958,3587,3367,5132,5974,4596,3696,6381,9068,5507,3906,21.8487,-9.13123,8.60359,48.174
57976,4985,8580,7375,4407,4288,5311,5051,4009,3612,3837,3679,3444,3256,3432,3476,3147,-23.6728,-2.12539,8.57127,47.926
57977,4984,7242,5621,4172,4710,7025,5476,4042,3744,4245,4094,3550,3354,3470,3464,3293,-15.6905,-4.18489,8.73499,48.324
57978,4685,4677,3821,3397,6375,7218,4298,3599,5503,5990,4107,3389,4127,4081,3637,3264,-2.79063,-13.1643,8.961,48.112
57979,4983,4154,3492,3216,8543,5124,3794,3399,7817,4958,3764,3326,4779,4170,3546,3267,-1.0894,-25.6399,8.69349,48.2213
57980,4024,5342,6409,4777,3939,5709,7345,4800,3638,3989,4592,3845,3305,3529,3568,3534,-13.1924,4.2727,8.56191,48.23
57981,3120,3186,3420,3407,3486,3639,4108,3855,3629,4521,6526,5474,3751,5054,8399,6733,18.778,10.7547,8.81424,48.2053
57982,3298,3440,3142,3158,4022,3865,3329,3322,5766,4991,3853,3362,10974,7377,4206,3428,31.8131,-20.0359,8.58261,47.6887
57983,4833,4182,3482,3275,8346,5094,3703,3430,7959,4894,3772,3342,4628,4095,3590,3230,-0.413942,-32.2498,8.77997,47.9033
57984,3480,3880,4398,4343,3549,4577,7001,5283,3608,4503,6916,5444,3519,3876,4249,4108,-0.0949223,10.1277,8.97914,48.4893
57985,7097,8456,4796,3730,5670,6495,4347,3686,4061,4118,3654,3262,3445,3518,3150,3116,-19.0351,-12.3525,8.97223,48.4007
57986,3426,3612,3422,3283,3990,4773,4162,3617,5030,7693,5515,3980,4758,6037,4770,3864,10.6929,-5.67179,8.52143,47.9547
57987,3438,4044,7096,11420,3302,3893,4841,6089,3255,3513,3893,3973,3087,3233,3406,3318,-27.0066,21.6187,8.68181,47.8673
57988,3233,3263,3437,3225,3357,3754,3993,3700,3776,4658,5895,4775,4056,5876,9285,6016,21.8109,7.18999,8.70921,48.1993
57989,4367,4724,4148,3507,5128,7760,5143,3779,4578,5928,4457,3668,3838,4043,3707,3440,-3.9348,-7.11671,8.66902,48.1433
57990,3733,4693,7987,7525,3568,4359,6249,5807,3305,3658,3999,4082,3147,3287,3480,3498,-19.1184,13.5688,8.69791,48.2513
57991,3757,3691,3449,3096,4975,4646,3691,3412,8145,6708,4015,3481,6219,5279,4023,3437,10.1144,-18.4055,8.54429,48.016
57992,5018,8422,7930,4721,4183,4966,4914,4135,3593,3802,3827,3563,3247,3334,3329,3213,-28.5345,-0.951874,8.77474,48.1313
57993,3964,3863,3419,3149,6055,4524,3744,3250,9480,5699,3954,3363,6124,4702,3698,3207,7.32684,-23.9415,8.72168,48.13
57994,3168,3285,3369,3395,3348,3498,3867,4001,3316,3868,4820,6539,3437,3912,5983,12135,24.214,32.3054,8.66405,47.9607
57995,3086,3341,3416,3259,3384,3678,4001,3809,3892,4777,6073,4932,4056,5817,8976,5979,21.6259,7.15267,8.62107,48.3173
57996,3653,3818,3984,3585,4008,5315,5103,3997,4539,6942,6369,4329,4026,4556,4593,3820,4.73919,-0.95723,8.60748,48.4247
57997,3632,4312,5607,5253,3691,4884,8039,6014,3414,3980,4972,4460,3281,3461,3852,3703,-9.63935,10.7519,8.67779,48.37
57998,3660,3508,3315,3169,4911,4166,3474,3205,9622,5258,3878,3427,7978,5168,3777,3354,12.5063,-30.6571,8.95809,47.9133
57999,3114,3209,3361,3378,3212,3571,3812,3994,3359,3885,4997,6461,3322,4217,7050,11032,24.4638,21.4598,8.69301,47.9827
58000,3297,3579,4514,5890,3441,3809,5067,9564,3313,3618,4489,6628,3274,3465,3952,4169,-4.97467,28.1392,8.59967,48.046
58001,3392,3521,3319,3154,4315,3988,3387,3214,8010,5364,3819,3467,9702,6101,4025,3354,18.5157,-23.6356,8.50328,48.088
58002,3131,3349,3565,3488,3327,3653,4370,4561,3424,4170,6390,7444,3409,4159,6170,7570,14.7108,17.9152,8.61398,48.12
58003,3419,3881,6193,11255,3245,3866,5100,7274,3296,3474,3874,4084,3065,3259,3393,3461,-20.913,25.1544,8.93438,48.0927
58004,5430,7784,5534,3945,4966,6752,5102,3856,3912,4214,3794,3519,3377,3578,3364,3220,-17.284,-6.30662,8.50683,48.2313
58005,5326,4869,3843,3427,7934,6484,4085,3491,5950,5134,3999,3263,3972,3902,3511,3175,-5.368,-18.2317,8.58408,48.2433
58006,3093,3207,3339,3442,3205,3537,3883,3877,3361,3757,4833,5901,3398,3862,6540,12068,31.4299,24.8028,8.63947,47.5353
58007,3428,3468,3349,3342,3890,4330,3781,3578,4956,7176,5380,3928,5013,6981,5504,4041,15.057,-5.26303,8.76481,48.0967
58008,3722,4480,5686,4899,3813,5201,8011,5508,3604,4083,4913,4265,3341,3570,3660,3644,-9.25704,7.89585,8.71692,48.2667
58009,3181,3210,3405,3352,3327,3662,3871,3802,3652,4393,5220,4968,3777,5431,9855,6881,33.8733,9.85649,8.62551,47.9913
58010,7575,9710,5024,3718,5142,5243,4228,3600,3749,3759,3589,3429,3353,3362,3336,3182,-30.0984,-11.6874,8.60128,47.9993
58011,3430,3769,4340,4266,3479,4246,6697,5726,3557,4217,6825,5823,3350,3746,4462,4337,0.101354,12.098,8.5854,48.18
58012,4277,5911,5426,4296,4417,7109,6411,4210,3817,4444,4266,3813,3468,3553,3529,3412,-12.1011,-1.24477,8.76591,48.2393
58013,3072,3179,3423,3433,3256,3489,3915,4304,3208,3929,4913,7448,3319,3931,5843,10884,20.5813,27.4459,8.6383,47.6973
58014,3014,3250,3475,3383,3299,3434,3783,4150,3308,3884,4898,6509,3425,4067,7018,11151,24.0611,21.5401,8.97923,48.032
58015,12256,6324,3905,3437,6476,4872,3772,3280,4120,3714,3402,3146,3347,3305,3208,3077,-24.7059,-26.5537,8.98038,47.7607
58016,5352,9118,7025,4347,4490,5201,4688,3862,3594,3822,3669,3674,3392,3424,3384,3231,-32.2627,-3.55976,8.56122,48.182
58017,5821,5219,3846,3481,7896,6919,4191,3453,5327,4891,3776,3322,3863,3802,3442,3146,-8.06978,-17.5573,8.76131,48.2633
58018,4820,7506,6836,4520,4407,5822,5620,4176,3607,4076,3911,3526,3312,3452,3373,3258,-19.0286,-1.27833,8.5441,48.148
58019,3463,4260,7570,10423,3387,3944,5175,6187,3269,3512,3841,3975,3046,3156,3400,3458,-24.6204,19.2192,8.66534,48.044
58020,5819,5979,4235,3554,6817,7405,4470,3648,4618,4661,3763,3360,3759,3630,3381,3230,-11.1561,-13.4779,8.7805,48.2193
58021,6276,6539,4316,3558,6697,7259,4227,3546,4440,4437,3809,3412,3627,3641,3407,3183,-13.3807,-13.9242,8.77529,48.2493
58022,3939,3951,3603,3287,4963,5256,4019,3455,6576,7692,4524,3578,5029,5268,3939,3503,7.03813,-12.6126,8.57208,48.388
58023,4779,6125,4910,3831,5160,8037,5410,3922,4084,4836,4074,3542,3579,3606,3515,3311,-10.9275,-6.32092,8.96475,48.4807
58024,3144,3348,3613,3689,3408,3562,4394,4577,3458,4140,6760,7639,3413,4114,6222,7091,13.3368,16.7717,8.86587,48.3813
58025,4169,6812,9530,5620,3909,4670,5295,4430,3403,3713,3866,3643,3193,3311,3351,3263,-26.6185,4.79075,8.86152,48.1187
58026,3221,3211,3351,3451,3456,3724,3985,3705,3746,4584,5830,5072,3896,5514,9271,6376,22.2884,8.59446,8.77195,48.262
58027,3608,4338,5770,5151,3692,4677,8150,6089,3505,3978,4806,4442,3204,3481,3657,3693,-9.68261,10.6333,8.80743,48.1607
58028,3909,4198,4492,3960,4134,6066,6792,4589,3836,5231,5833,4242,3591,3941,3983,3685,-2.69648,1.64242,8.50938,48.3213
58029,3352,3418,3697,3448,3755,4201,4464,3912,4093,6328,7517,4450,4072,5303,5769,4359,10.8603,2.39251,8.96093,48.092
58030,3780,3667,3353,3103,5559,4362,3555,3345,9560,5651,3928,3346,6638,5017,3762,3243,9.37417,-23.6671,8.76357,47.9127
58031,3227,3333,3339,3290,3416,3640,3822,3717,3988,4556,5216,4622,4135,6533,9570,5750,30.5486,5.3415,8.5492,48.1027
58032,3349,3493,3569,3395,3791,4265,4417,3876,4233,6537,7184,4482,4073,5506,5910,4259,11.7833,1.18947,8.81049,48.226
58033,3135,3267,3443,3440,3168,3434,4012,4289,3317,3805,5134,7512,3396,4075,5918,10528,19.7318,25.1011,8.59312,47.9153
58034,3941,4858,5157,4159,4213,6464,7644,4630,3870,4503,4875,3987,3332,3626,3716,3508,-8.30432,2.1545,8.92373,48.322
58035,3641,4146,4465,3917,3992,5493,7016,4719,3874,5142,6256,4479,3706,4013,4162,3826,-1.61862,3.89309,8.90249,48.5647
58036,3404,4061,6875,12061,3325,3877,4769,6073,3193,3380,3807,3921,3048,3188,3435,3318,-27.1393,23.2795,8.82432,47.8233
58037,3164,3276,3378,3210,3188,3627,3911,3833,3577,4426,5731,5021,3841,5374,9354,6878,23.5417,10.0846,8.62669,47.8593
58038,3559,3972,4726,4436,3644,4667,7799,5785,3578,4281,5908,4874,3358,3657,4047,3830,-4.07087,9.97468,8.91647,48.0807
58039,4630,5828,4575,3732,5052,8160,5613,3911,4032,4851,4148,3534,3665,3689,3534,3342,-9.55463,-5.91738,8.97551,48.1973
58040,3524,3674,3486,3362,4138,4747,4307,3756,4899,7718,5904,3950,4618,5666,4720,3883,9.99709,-3.92724,8.65937,48.2347
58041,4470,6316,5620,4130,4557,7146,6357,4099,3852,4382,4175,3717,3459,3497,3439,3219,-12.9343,-1.78933,8.92399,48.29
58042,3364,3555,3916,3634,3617,4320,5413,4447,3883,5220,8090,5267,3615,4373,5145,4576,6.86523,7.35975,8.67973,48.29
58043,3905,3666,3387,3080,5650,4464,3610,3352,9932,5265,3877,3372,6696,4920,3760,3289,8.7946,-28.6332,8.61305,48.15
58044,3315,3269,3215,3158,3956,3822,3308,3326,6288,4657,3667,3533,12551,6009,4028,3343,25.2742,-30.9669,8.83468,47.63
58045,12310,6133,3889,3447,6222,4688,3826,3334,3932,3808,3416,3155,3345,3454,3183,3190,-26.3346,-28.8839,8.57958,47.5547
58046,3846,5306,9879,7201,3602,4237,5138,4932,3403,3581,3808,3792,3191,3292,3337,3470,-29.6997,10.2242,8.93944,48.01
58047,5484,4703,3673,3277,9139,5739,3889,3431,6589,4798,3717,3368,4140,3827,3393,3099,-4.73469,-22.2832,8.89515,48.1773
58048,4141,3784,3352,3238,6327,4560,3588,3334,9626,5076,3783,3405,5797,4600,3705,3260,5.95515,-32.7253,8.78781,47.7173
58049,3303,3726,4736,5968,3303,3822,5601,9791,3282,3694,4543,6229,3243,3403,3869,4118,-6.48135,24.0279,8.9487,48.4207
58050,3218,3296,3782,3803,3245,3519,4206,5475,3261,3764,5258,9891,3294,3755,4876,7190,10.2191,31.3415,8.94485,47.8887
58051,5941,4796,3684,3296,9190,6264,3912,3414,5672,4723,3686,3259,4078,3905,3320,3272,-7.11263,-20.5842,8.8041,48.2747
58052,10630,7590,4322,3430,5868,4995,3976,3489,4025,3770,3506,3226,3329,3380,3299,3112,-26.6588,-19.5753,8.57786,47.9647
58053,3425,3922,6013,11066,3396,3846,5025,7496,3170,3486,3907,4140,3162,3263,3411,3474,-20.5022,26.7829,8.91542,48.1347
58054,3791,4347,4637,3985,4002,6005,6884,4474,4001,5267,5679,4246,3561,3906,3843,3785,-2.88742,1.79986,8.74822,48.2753
58055,4333,4904,4343,3693,4918,8003,5519,3867,4373,5471,4502,3672,3736,3919,3714,3434,-5.29313,-5.59151,8.96718,48.2673
58056,3109,3217,3327,3351,3259,3585,3915,3945,3502,3970,5375,6034,3541,4386,8249,9313,22.9148,16.9061,8.8205,48.052
58057,3142,3258,3480,3696,3265,3571,4178,4836,3363,3736,5298,9106,3421,3887,5244,8332,13.4351,31.7537,8.5871,47.8753
58058,3358,3958,6067,12274,3388,3859,4848,6358,3200,3529,3800,3925,3071,3278,3386,3413,-25.492,31.4759,8.51598,47.808
58059,3138,3225,3323,3352,3215,3421,3836,4071,3355,3663,4855,7137,3375,3912,6034,11915,22.3179,28.194,8.98878,47.8847
58060,3421,3774,4401,4510,3529,4279,6577,6200,3471,4179,6242,5988,3376,3727,4280,4278,-1.06093,14.1887,8.54878,48.1547
58061,5436,4362,3656,3245,8880,5606,3748,3359,6903,4800,3718,3343,4329,3989,3455,3179,-3.64539,-23.9439,8.66267,48.0053
58062,10179,5686,3908,3257,8224,4983,3832,3446,4399,3954,3611,3203,3418,3470,3252,3078,-17.5448,-29.9201,8.99201,47.9333
58063,5595,9362,7016,4339,4527,5196,4735,3925,3662,3813,3719,3509,3288,3376,3296,3191,-26.1344,-4.37059,8.70315,48.366
58064,3679,4890,9035,8078,3569,4038,5527,5387,3323,3481,3915,3793,3154,3337,3443,3373,-24.73,13.2895,8.62476,48.0147
58065,3101,3242,3283,3439,3335,3479,3816,3910,3583,4141,5172,5259,3559,4634,9072,8612,31.0335,14.2547,8.59312,47.758
58066,3354,3827,5213,7661,3426,3863,5713,9541,3384,3608,4235,4945,3078,3316,3528,3713,-11.936,23.6179,8.87045,48.27
58067,4715,7066,6356,4329,4516,6428,5890,4333,3606,4066,4099,3633,3333,3449,3461,3311,-16.4736,-1.59393,8.82203,48.394
58068,3435,4174,7093,11475,3423,3808,4886,5820,3133,3479,3847,3928,3158,3235,3548,3335,-32.2367,21.2026,8.82714,47.8513
58069,3194,3298,3342,3244,3598,3933,3658,3455,4550,5443,4744,3995,5684,9204,6776,4242,25.4328,-4.6485,8.54111,48.24
58070,3065,3099,3424,3420,3317,3479,3604,3938,3369,3878,4805,5921,3463,4011,6637,11875,30.4762,23.7457,8.65493,47.5367
58071,3530,3880,4544,4456,3735,4539,7325,5545,3664,4364,6361,5259,3465,3800,4124,4003,-2.14838,10.5513,8.56387,48.396
58072,3408,4131,6918,9733,3335,3847,5629,7040,3325,3454,3990,4200,3065,3150,3401,3550,-19.9554,19.9259,8.74919,48.1173
58073,3212,3194,3368,3257,3215,3435,3874,3911,3389,3775,4698,6292,3385,3882,5925,12631,25.9373,32.088,8.86131,47.6287
58074,3432,3940,6476,12626,3349,3671,4798,6032,3329,3466,3777,3808,3153,3311,3349,3404,-28.9378,26.11,8.89081,47.9473
58075,3165,3387,3566,3451,3384,3666,4316,4257,3608,4560,7097,6369,3593,4593,7012,6487,14.7974,13.08,8.81973,48.3407
58076,3614,4680,8956,8687,3531,4235,5383,5425,3254,3584,3782,3826,3037,3229,3433,3422,-27.1287,14.561,8.66171,48.052
58077,3504,4259,5680,5288,3596,4552,7924,6639,3328,3947,4923,4668,3167,3463,3638,3722,-9.65537,12.2731,8.79899,48.1987
58078,5624,4565,3762,3283,9356,5569,3784,3379,6498,4726,3753,3339,4156,3952,3404,3249,-4.82554,-24.0013,8.51191,48.266
58079,3367,3537,4002,4125,3471,4049,5893,5863,3514,4178,6945,6786,3362,3857,4500,4658,2.66038,14.8317,8.95056,48.0713
58080,3291,3857,4574,4782,3507,4143,6729,6836,3499,4052,5863,5964,3254,3591,4262,4313,-2.01072,15.3643,8.79549,48.3447
58081,3250,3338,3738,3967,3178,3704,4677,5511,3376,4103,6221,8833,3403,3873,4933,6099,8.02231,20.9364,8.52084,48.136
58082,4899,4158,3624,3250,8822,5029,3762,3366,7693,4869,3811,3334,4479,3979,3593,3262,-1.52061,-31.7405,8.83195,47.9533
58083,3090,3399,3727,3803,3309,3675,4408,5382,3432,3956,6393,8748,3343,3815,5285,6748,10.231,20.6793,8.99331,48.342
58084,3241,3335,3200,3235,3752,3902,3813,3455,4324,5114,4769,3992,5198,9152,7029,4394,32.7672,-3.24614,8.5156,47.9367
58085,4107,6853,9480,5520,3898,4615,5205,4500,3416,3674,3652,3616,3164,3320,3364,3225,-31.0701,4.4171,8.90156,47.7393
58086,3335,3420,3250,3194,4010,3795,3458,3197,6536,4757,3748,3388,11891,6326,3926,3420,25.5467,-25.9706,8.51523,47.7673
58087,3406,3378,3190,3060,3981,3893,3501,3298,6694,4775,3851,3380,11493,6577,4031,3493,23.3662,-24.2141,8.55,48.0007
58088,3533,4736,8328,7314,3608,4335,6151,5871,3374,3697,4052,4068,2985,3315,3369,3398,-19.6883,13.3052,8.85189,48.0893
58089,6518,4682,3646,3289,9722,5171,3770,3368,6117,4444,3593,3288,3991,3736,3400,3201,-7.52061,-29.9208,8.64429,47.9573
58090,4862,4672,3826,3416,7054,6712,4113,3453,5880,5690,3938,3478,4316,4202,3557,3373,-3.31925,-15.741,8.58774,48.3613
58091,3456,3533,3387,3242,3977,4266,3790,3529,5113,7084,4900,3813,5508,7615,5207,3904,16.3194,-7.60013,8.81308,48.216
58092,3464,4098,6326,9966,3544,3909,5339,7543,3241,3526,3921,4247,3069,3235,3349,3559,-19.0436,22.3899,8.80056,48.224
58093,4226,5889,7043,4763,3945,5816,6837,4597,3607,4015,4247,3789,3181,3507,3564,3349,-15.4793,3.13716,8.69586,48.25
58094,3328,3470,3670,3493,3589,4114,4843,3995,3844,5479,8067,5021,3787,4625,5791,4751,9.95213,5.98393,8.96126,47.9113
58095,3308,3866,4842,5613,3289,3957,6246,8929,3389,3751,4809,5808,3150,3348,3958,4024,-6.6944,20.5083,8.8416,48.1913
58096,3884,5212,9903,7488,3486,4204,5309,4903,3266,3627,3853,3658,3194,3290,3290,3301,-29.6759,11.0432,8.94909,47.912
58097,4652,3983,3540,3254,7792,4881,3757,3337,8648,5125,3820,3387,5071,4255,3511,3265,1.53948,-27.8066,8.60643,48.1853
58098,3283,3514,3828,3743,3509,3931,5199,4844,3543,4450,7815,6675,3470,4047,5340,5172,7.89998,12.7508,8.7548,48.242
58099,10539,5624,3920,3244,7935,5082,3858,3373,4346,3964,3425,3250,3459,3396,3304,3166,-18.3747,-32.4896,8.84678,47.9233
58100,4780,7890,7556,4646,4252,5455,5283,4298,3570,3870,3972,3592,3180,3504,3421,3251,-21.5596,-0.350123,8.55599,48.3467
58101,3158,3245,3459,3468,3353,3659,4094,4090,3514,4229,6288,6241,3707,4654,7714,7523,18.5069,14.2163,8.78345,48.264
58102,4339,4586,3875,3510,5224,7423,4915,3726,4855,6306,4605,3568,4042,4042,3753,3369,-2.197,-8.34067,8.7369,48.092
58103,5686,5304,3965,3417,7550,7192,4275,3461,5100,4798,3688,3395,3866,3752,3450,3250,-8.22927,-16.0569,8.74765,48.0993
58104,3397,3733,4308,4342,3686,4443,6782,5924,3599,4175,6593,5856,3292,3766,4278,4349,-0.500378,12.8749,8.82637,48.3487
58105,3409,3450,3170,3271,3979,3717,3317,3326,5955,4685,3725,3372,12154,6019,3887,3492,31.8743,-32.2146,8.54015,47.2853
58106,3377,3330,3102,3160,4021,3734,3479,3173,6755,4857,3779,3402,12221,6184,3857,3330,23.6669,-27.0738,8.96042,47.8407
58107,3189,3398,3454,3584,3278,3568,4123,4708,3341,3849,5675,8421,3376,3901,5786,8409,14.9494,22.3757,8.70456,48.04
58108,3631,4466,7933,7916,3606,4280,6006,6354,3289,3655,3973,4096,3102,3236,3424,3419,-19.5541,14.8789,8.8911,48.2573
58109,3650,3708,3423,3116,4934,4489,3637,3312,8587,6371,4009,3403,6784,5537,3884,3380,11.1639,-19.8847,8.65864,48.1493
58110,3497,4518,8129,9658,3378,4030,5224,5685,3270,3491,3924,4045,3107,3244,3437,3436,-25.2026,16.7673,8.6187,48.0487
58111,5315,9074,7425,4374,4202,5094,4632,3952,3706,3801,3686,3582,3311,3425,3390,3151,-31.3218,-2.93406,8.61985,48.08
58112,6859,5101,3779,3390,9364,5682,3913,3423,5340,4196,3601,3271,3919,3674,3318,3163,-10.0144,-23.4765,8.55888,47.9953
58113,3157,3244,3449,3285,3470,3603,3784,3580,3879,4465,5146,4491,4139,6431,9876,5848,30.3206,5.48686,8.95837,47.898
58114,3504,4709,9049,8574,3558,4040,5383,5549,3275,3562,3910,3965,3101,3164,3467,3311,-26.5791,14.535,8.65223,48.0807
58115,3987,4837,5130,4079,4199,6626,7273,4351,3917,4646,4916,3997,3509,3687,3684,3571,-7.46871,1.42721,8.87154,48.2727
58116,3512,3620,3390,3278,4125,4375,3755,3418,5350,7767,5085,3866,5172,6810,4880,3852,13.3954,-7.79581,8.93038,48.17
58117,5982,6234,4310,3567,6938,7284,4466,3479,4453,4472,3749,3330,3589,3606,3450,3123,-11.9749,-14.0389,8.88155,48.0213
58118,4101,6692,9496,5852,3917,4817,5382,4607,3418,3561,3825,3720,3135,3383,3391,3286,-26.5053,5.22307,8.7644,48.3887
58119,3402,3537,4262,4886,3418,3800,5544,8249,3281,3858,5312,7406,3233,3441,4142,4493,-1.55355,21.7919,8.75499,48.176
58120,3530,3511,3384,3108,4068,4034,3612,3362,6222,6404,4183,3490,7405,7821,4507,3639,18.1223,-14.3623,8.89449,48.1867
58121,5147,5499,4288,3580,6320,7749,4592,3610,4721,5110,3977,3558,3828,3830,3486,3358,-8.54214,-12.0898,8.51722,48.4353
58122,3206,3698,4264,4529,3364,3865,5574,7324,3335,3944,5697,7719,3269,3566,4292,4689,0.577452,19.9013,8.69222,48.2233
58123,3467,3386,3098,3176,3988,4005,3570,3251,5892,5434,4080,3523,9144,8219,4451,3602,23.5434,-16.1847,8.61528,48.1907
58124,3378,3818,5151,5974,3382,4065,6852,8099,3393,3701,4793,5234,3223,3352,3759,3897,-8.12738,17.7918,8.87272,48.0473
58125,3519,3397,3380,3153,3988,3982,3545,3195,6462,5864,4082,3590,8739,7456,4381,3452,19.6614,-17.1597,8.78992,48.1233
58126,4678,4116,3548,3261,8042,4875,3822,3347,8465,4980,3822,3414,4646,4232,3619,3186,0.722496,-33.7532,8.70945,48.0353
58127,8740,9185,4844,3646,5325,5203,4013,3497,3770,3896,3593,3246,3319,3436,3257,3044,-29.8228,-14.2235,8.67068,48.0093
58128,3514,4159,5864,5889,3510,4473,7388,6919,3394,3889,4743,4582,3145,3394,3718,3633,-10.8844,13.9943,8.54751,48.1427
58129,3391,4149,7651,11083,3443,3959,4983,5691,3141,3436,3829,3809,3154,3267,3392,3383,-31.9066,20.1993,8.9758,47.8407
58130,3168,3185,3429,3353,3218,3580,3952,3948,3593,4212,5488,5819,3612,4469,8179,9045,23.4503,16.0467,8.54615,48.1667
58131,3609,4200,4891,4246,3739,5014,7716,5321,3667,4406,5732,4647,3325,3676,4015,3935,-4.53213,7.94099,8.55278,48.0927
58132,3134,3266,3456,3636,3252,3626,4263,4802,3428,3827,5129,9193,3328,3795,5356,8673,13.8216,28.6912,8.76961,48.1093
58133,3362,3371,3304,3277,3661,3844,3536,3334,4720,5182,4363,3776,6967,9789,5604,3843,31.389,-9.34983,8.58425,47.9553
58134,3435,3393,3280,3076,3923,3924,3537,3340,5531,5450,4103,3626,8813,8883,4677,3538,26.1517,-15.0959,8.83153,48.3527
58135,9251,5908,4109,3398,8173,5453,3857,3399,4577,4040,3482,3179,3620,3493,3344,3099,-16.6201,-23.5922,8.84744,48.2547
58136,5103,9055,7568,4492,4351,5127,4702,4003,3670,3904,3689,3592,3221,3307,3317,3147,-28.8546,-2.42178,8.84912,48.1653
58137,3326,3370,3244,3064,3861,3919,3678,3265,5183,5419,4277,3589,8148,9198,4964,3870,25.378,-12.7199,8.69375,48.25
58138,3390,3427,3177,3034,4225,3820,3459,3254,7339,5169,3797,3440,11174,6102,3922,3385,20.5295,-25.6376,8.84524,48.076
58139,3419,3885,5003,5081,3601,4316,7218,7145,3493,4070,5161,5351,3345,3583,3906,3935,-5.73748,15.1087,8.6799,48.3413
58140,3219,3693,4237,4968,3297,3895,5127,8803,3272,3630,4986,7617,3219,3439,3990,4606,-1.71848,24.8264,8.99116,47.9987
58141,3133,3495,3765,3904,3333,3883,4983,5169,3500,4140,6902,7487,3469,3985,5186,5584,7.9258,16.0623,8.52009,47.9453
58142,3461,3897,4758,4641,3643,4572,7316,6244,3590,4090,5921,5538,3331,3550,4012,4010,-3.2451,12.3225,8.77399,48.3827
58143,3274,3753,5509,8049,3276,3872,5536,9241,3317,3578,4121,4899,3144,3239,3645,3634,-13.5268,24.0116,8.9221,48.058
58144,3691,3581,3302,3172,4872,4115,3532,3309,9533,5256,3704,3382,8222,5170,3778,3412,13.1306,-30.2027,8.65005,48.0207
58145,3128,3155,3256,3359,3255,3449,3890,3860,3416,3798,4909,6640,3417,4025,5976,12020,23.6446,33.2621,8.74924,47.702
58146,3346,3364,3261,3223,3691,3766,3665,3399,4605,5217,4418,3751,6207,9812,6053,4066,29.207,-6.93529,8.68975,47.896
58147,4243,4915,4269,3614,4922,7827,5439,3802,4296,5690,4711,3722,3638,4009,3650,3465,-5.12651,-5.15688,8.86721,48.1413
58148,3563,3502,3280,3059,4265,4108,3636,3324,6634,6202,4257,3512,7572,7217,4422,3564,17.4411,-15.4947,8.60955,48.078
58149,3828,4305,4114,3621,4430,6704,5510,3750,4445,6593,5391,3896,3922,4321,4096,3633,-0.0669154,-3.32025,8.82736,48.3727
58150,3147,3327,3440,3344,3339,3543,3755,3966,3529,4135,5185,5301,3604,4665,9064,8641,33.149,14.1483,8.89892,47.99
58151,3446,3674,4518,4278,3526,4129,6387,5810,3559,4335,6769,5991,3373,3774,4500,4448,0.611898,12.7737,8.62239,48.3447
58152,3201,3369,3350,3233,3486,3749,3649,3610,4130,4666,5218,4319,4343,6985,9366,5397,26.344,3.5211,8.63853,48.0473
58153,5962,5691,4143,3356,7460,7215,4300,3485,4810,4653,3792,3434,3715,3676,3493,3134,-10.5585,-15.2974,8.67535,48.2127
58154,5348,5244,3848,3434,7030,7709,4487,3481,4911,5189,3881,3448,3826,3841,3542,3210,-7.23777,-13.6474,8.85656,48.286
58155,3321,3856,4675,4669,3607,4472,7358,6243,3439,4083,6102,5388,3351,3623,4201,3973,-3.44257,12.2116,8.83967,48.2407
58156,3193,3247,3359,3461,3245,3302,3768,3882,3401,3785,4760,6124,3353,3926,6016,12732,28.428,29.6639,8.66195,47.7027
58157,12066,5821,3950,3367,6843,4977,3707,3450,4007,3712,3358,3312,3397,3309,3138,3106,-23.1873,-31.1046,8.97273,47.68
58158,3457,4336,7581,9726,3444,3922,5459,6373,3239,3590,3949,3894,3059,3277,3435,3363,-22.0085,18.166,8.85148,48.0693
58159,3477,3869,4153,3940,3703,4816,6182,4478,3914,5358,7305,4890,3570,4072,4704,4135,2.43487,5.78003,8.55791,48.3773
58160,3352,3943,5297,8814,3432,3838,5097,9000,3222,3599,4060,4706,3128,3239,3512,3591,-14.8416,31.2653,8.52416,47.8867
58161,3292,3461,3933,4344,3250,3622,4866,7300,3354,3756,5055,9158,3254,3655,4483,5185,3.14119,33.691,8.86369,47.9787
58162,3125,3247,3409,3420,3294,3380,3897,3939,3441,3876,4614,6484,3390,3912,6116,12222,24.8197,29.703,8.67617,47.844
58163,4019,4194,3754,3413,4966,6342,4535,3695,5288,7305,4817,3713,4290,4681,4055,3465,2.19521,-8.6786,8.52895,48.3547
58164,3363,3457,3956,4508,3375,3774,4813,7507,3304,3725,5052,8855,3209,3535,4314,5079,2.15706,31.0738,8.50056,47.884
58165,6305,5692,3947,3452,8234,6763,4077,3452,4998,4563,3733,3320,3629,3753,3307,3167,-10.3872,-18.1358,8.66923,48.2613
58166,3650,4696,8656,8095,3370,4175,5673,5515,3398,3634,3944,3944,3192,3274,3427,3429,-22.6139,14.1149,8.56656,48.048
58167,3253,3859,4692,6033,3264,3792,5293,9871,3309,3677,4533,6479,3037,3361,3847,4124,-6.17113,27.5189,8.72183,48.2827
58168,3332,3334,3288,3084,3868,3878,3440,3271,5961,4962,3867,3395,11606,7253,4022,3414,28.5662,-21.6431,8.92029,47.9833
58169,3149,3294,3345,3290,3435,3688,3869,3800,3684,4587,5791,4854,4092,5877,9543,6331,23.4539,7.5171,8.75232,48.4193
58170,3243,3246,3590,3589,3470,3873,4302,4058,3705,4934,7430,5475,3851,4954,7117,5403,14.5474,8.3648,8.88572,48.16
58171,3028,3243,3489,3416,3220,3583,4019,4405,3352,3887,5289,7561,3472,4013,6194,9988,18.6565,22.6426,8.75358,48.106
58172,4325,5175,5127,4121,4314,6999,6928,4300,3862,4577,4533,3955,3431,3630,3586,3478,-8.70565,-0.111899,8.81995,48.2273
58173,3116,3250,3466,3442,3219,3384,3938,4317,3480,3783,5042,8035,3381,3898,5623,10390,18.4545,31.7312,8.6528,47.8427
58174,3783,4633,5195,4348,3904,5638,7922,4925,3660,4300,5127,4181,3383,3758,3822,3614,-7.13491,4.61665,8.89386,48.1287
58175,3838,3727,3452,3154,5357,4715,3685,3425,8680,6520,4094,3356,6065,5144,3823,3340,8.44145,-19.3243,8.68306,48.25
58176,3732,3834,3394,3051,4966,4900,3831,3343,7053,7374,4334,3574,5620,5441,4008,3560,8.78908,-14.5079,8.53473,48.01
58177,7981,6415,4206,3399,7589,6190,4068,3457,4541,4218,3581,3337,3608,3476,3216,3186,-15.5501,-18.187,8.92501,48.312
58178,3948,4702,4955,4019,4171,6496,7338,4514,3781,4667,5030,4137,3498,3717,3705,3669,-6.72691,1.42332,8.61485,48.2313
58179,12673,5945,3831,3541,6047,4805,3729,3270,3934,3723,3409,3271,3414,3301,3357,3139,-29.8825,-31.7892,8.82776,47.5927
58180,3071,3193,3309,3352,3217,3372,3812,3963,3404,3800,4702,6193,3334,4033,6185,12761,28.1731,28.1404,8.78076,47.8007
58181,3292,3433,3265,3159,3831,3781,3542,3248,5237,5304,4197,3496,8165,9256,4768,3598,32.3096,-13.2226,8.73383,47.7147
58182,10858,5668,3973,3386,7650,4914,3895,3349,4260,3881,3440,3153,3579,3446,3300,3066,-19.1066,-30.7602,8.80431,47.8787
58183,3518,3746,3547,3236,4015,4713,4204,3595,4856,7946,5889,3946,4586,5927,4964,3827,10.4814,-4.20331,8.96782,48.3433
58184,3210,3234,3307,3316,3389,3809,3836,3721,3810,4520,5168,4542,4130,6445,9521,5882,28.3389,5.87135,8.63766,47.8933
58185,3490,3774,5558,7188,3536,4101,6180,8761,3188,3661,4387,4948,3042,3346,3607,3679,-11.8901,20.1749,8.98605,48.2973
58186,4243,5245,5692,4275,4208,6492,7160,4543,3680,4331,4639,3901,3267,3565,3738,3467,-10.7888,1.43484,8.94865,48.2973
58187,6729,4970,3751,3270,9918,5664,3964,3410,5544,4415,3569,3177,3926,3748,3446,3074,-9.70776,-24.1302,8.88916,48.3833
58188,3090,3269,3382,3514,3140,3508,3809,4057,3370,3790,4938,6756,3414,4041,6423,11614,23.4703,25.1925,8.79239,48.0767
58189,3482,3331,3355,2989,3873,3763,3395,3142,6086,4817,3850,3399,11689,6796,4075,3527,27.1158,-22.9776,8.50798,47.7127
58190,4555,4193,3534,3159,7699,4834,3651,3369,8720,5038,3733,3237,5016,4241,3577,3315,1.33407,-30.5353,8.93058,47.914
58191,3286,3562,4089,3940,3537,4177,6095,5081,3601,4713,7616,5886,3555,3837,4762,4504,3.60766,10.9532,8.78703,48.1607
58192,7165,4852,3733,3184,9917,5328,3821,3365,5545,4197,3699,3259,3901,3681,3323,3098,-9.79704,-27.2087,8.79164,48.0453
58193,3391,3996,6361,10988,3396,3818,5063,6966,3186,3547,3902,4149,3049,3191,3373,3468,-21.349,24.0189,8.8027,47.896
58194,3372,4059,6938,10816,3464,3912,5151,6590,3247,3426,3895,4159,3193,3258,3414,3462,-22.6462,21.4859,8.97573,48.2373
58195,3437,4395,6953,7244,3515,4256,6602,6813,3314,3712,4222,4291,3135,3329,3494,3593,-16.2276,15.647,8.54503,48.2033
58196,3265,3403,3266,3253,3690,3841,3716,3627,4377,5483,5207,4124,4943,8099,7286,4552,21.7641,-1.43071,8.71982,48.088
58197,4084,6014,9655,6398,3655,4465,5526,4776,3389,3702,3848,3786,3185,3249,3522,3339,-25.763,7.62536,8.69191,48.3953
58198,3704,4198,5503,4746,3673,5082,8108,5632,3507,4100,5273,4416,3230,3526,3733,3702,-7.73281,8.7751,8.88792,48.0887
58199,3297,3503,3506,3402,3620,4029,4180,3865,3987,5842,6962,4758,4281,5729,6896,4833,15.0283,2.93868,8.76135,48.46
58200,4272,6735,9689,5592,3966,4675,5067,4392,3516,3685,3666,3578,3221,3412,3336,3285,-29.3793,4.55645,8.87437,48.058
58201,4507,5492,4620,3826,4986,7996,5580,3886,4217,5012,4310,3550,3531,3688,3549,3330,-8.12326,-5.70285,8.91121,48.0533
58202,6330,5541,3895,3537,8016,6841,4179,3471,4914,4616,3765,3451,3839,3729,3412,3199,-10.4803,-17.1702,8.71093,48.49
58203,3269,3532,3930,4025,3269,3691,4986,6118,3457,3860,6120,8626,3332,3810,4728,5576,5.57327,20.2573,8.66035,48.2193
58204,3134,3237,3401,3359,3414,3667,3735,3828,3853,4651,5213,4513,4162,6723,9576,5768,29.1306,4.74287,8.69835,48.156
58205,3003,3254,3393,3420,3264,3381,3757,4096,3373,3855,5083,6536,3363,3954,6620,11508,22.9829,24.0594,8.85406,47.9067
58206,3170,3256,3295,3435,3174,3488,3730,3955,3299,3787,4829,5987,3328,4026,6074,12602,32.487,27.9829,8.59313,47.6233
58207,3393,3939,6883,11959,3329,3865,4881,5834,3192,3453,3939,3959,3156,3248,3426,3442,-31.9512,22.4709,8.96205,47.932
58208,3563,3394,3272,3065,4728,4129,3539,3255,9135,5089,3840,3456,8514,5381,3827,3396,14.0373,-32.3747,8.7636,47.722
58209,3074,3232,3374,3294,3367,3549,3876,3772,3558,4186,5470,5224,3660,5074,9501,7904,25.431,12.4331,8.96676,48.0767
58210,3988,3869,3566,3154,5606,5023,3755,3333,8011,6912,4070,3491,5343,4965,3823,3393,6.06525,-17.1762,8.87338,48.2013
58211,3497,3952,4178,3774,3877,5185,6128,4425,3917,5668,6988,4584,3676,4140,4408,3936,1.9552,3.29943,8.9063,48.222
58212,3906,3971,3619,3370,4992,5532,3935,3467,6452,7895,4459,3515,4795,5027,4008,3412,5.66686,-12.2117,8.87579,48.2367
58213,12171,6777,3999,3339,6103,4929,3778,3359,3943,3840,3363,3264,3358,3340,3196,3202,-27.4754,-23.3699,8.87879,47.974
58214,10288,8141,4385,3511,5656,4974,4050,3436,3848,3852,3436,3351,3482,3330,3389,3110,-29.5181,-18.0554,8.67826,48.1593
58215,3504,3392,3211,3059,4291,3929,3555,3187,7158,5488,3997,3497,9243,6753,4190,3472,18.8416,-20.0469,8.58729,47.9507
58216,3139,3412,3860,3974,3340,3703,4897,6010,3407,3955,6018,8907,3355,3667,4700,5676,6.11508,21.3303,8.70948,48.0133
58217,8452,9143,4810,3705,5219,5208,4233,3581,3822,3980,3492,3336,3362,3427,3221,3091,-28.3329,-13.9974,8.52123,48.0547
58218,4064,4447,4102,3659,4785,7442,5158,3936,4583,6230,4727,3774,3980,4083,3617,3415,-2.54126,-5.74303,8.94754,48.0013
58219,3386,3542,3470,3276,3820,4263,4035,3516,4691,6953,5821,4005,4774,6704,5465,4318,14.4196,-3.46583,8.50828,48.026
58220,3848,4810,6292,4971,4030,5345,7667,5158,3649,4167,4685,4022,3324,3515,3595,3556,-12.0392,6.66958,8.51451,48.4227
58221,12784,6014,3962,3385,6185,4613,3789,3361,3939,3723,3468,3171,3426,3411,3200,3136,-28.2012,-31.1785,8.84485,47.7113
58222,8503,5218,3676,3356,9274,5190,3858,3447,4803,4192,3508,3327,3673,3557,3280,3094,-13.7901,-29.8614,8.65452,47.9707
58223,7159,9912,5458,3792,4881,5195,4353,3760,3748,3802,3534,3326,3295,3364,3276,3134,-28.7481,-9.78186,8.87118,47.9927
58224,3520,4278,7838,10665,3285,3982,5011,5808,3208,3524,3698,3965,3095,3296,3366,3365,-29.5024,19.0175,8.80586,47.936
58225,4698,4098,3472,3183,7971,4995,3709,3461,8564,4819,3800,3298,4844,4261,3616,3325,1.00803,-30.8427,8.87369,48.076
58226,3090,3261,3410,3350,3358,3703,3819,3725,3646,4273,5384,4673,3993,5901,9976,6372,26.4485,7.99166,8.90043,47.956
58227,3368,3934,6194,12158,3314,3762,4724,6740,3157,3408,3839,3998,3019,3215,3377,3382,-24.2787,27.3065,8.94146,47.726
58228,3440,3487,3300,3154,3771,3931,3681,3417,5101,6474,4605,3736,6093,8473,5445,3821,19.5393,-8.488,8.68381,47.9527
58229,3785,4454,5084,4295,3949,5412,7849,4894,3715,4499,5428,4414,3429,3736,3889,3615,-6.22727,5.67111,8.61476,48.298
58230,4348,4018,3461,3240,7407,4734,3744,3311,8925,5131,3637,3382,5315,4421,3558,3165,2.68746,-31.4523,8.65796,47.8647
58231,3217,3374,3276,3270,3369,3602,3838,3719,3773,4562,5402,4584,4201,6524,9748,5736,25.9786,5.37642,8.95545,48.13
58232,3429,3865,5346,8864,3343,3788,5224,9111,3126,3420,4025,4664,3125,3225,3595,3636,-14.4,31.7497,8.86699,47.8573
58233,4356,4072,3508,3328,6697,5212,3941,3423,8126,5886,3906,3392,4969,4435,3772,3323,2.65114,-20.428,8.62469,48.2307
58234,3100,3299,3594,3497,3217,3436,4045,4568,3434,3942,5175,8880,3465,3910,5438,8909,15.2419,33.707,8.62209,47.9393
58235,3495,4232,7189,9507,3413,4092,5406,6650,3329,3424,3884,4225,3018,3241,3362,3463,-20.3689,19.2546,8.67276,47.9533
58236,7192,9833,5381,3776,5034,5506,4332,3629,3801,3767,3545,3282,3357,3373,3283,3108,-24.3694,-10.7964,8.90872,48.1327
58237,3367,3348,3186,3153,3625,3843,3575,3338,5008,5246,4332,3689,7246,9942,5429,3887,29.4716,-10.4539,8.81375,48.1427
58238,5115,8880,7636,4561,4245,4990,4751,4011,3567,3736,3618,3453,3307,3311,3497,3269,-30.7642,-1.70421,8.53439,47.9647
58239,7863,6399,4176,3481,7493,6147,4017,3453,4476,4312,3628,3315,3547,3633,3284,3052,-15.6046,-18.3278,8.93399,48.184
58240,9092,8834,4654,3654,5462,5228,4053,3561,3966,3747,3555,3224,3341,3413,3237,3108,-28.1393,-15.4815,8.85347,48.086
58241,3399,3785,4815,5328,3429,3936,6480,7905,3456,3900,5093,5816,3290,3424,3966,4134,-5.04074,17.6537,8.54048,48.104
58242,3103,3302,3487,3362,3466,3606,4034,3934,3565,4441,6127,5512,3749,5009,8766,7370,21.1099,12.0989,8.62698,48.5553
58243,4383,7201,9014,5272,4073,4825,5264,4419,3394,3679,3838,3603,3251,3274,3306,3138,-25.7238,3.13983,8.76525,47.956
58244,3211,3296,3245,3305,3541,3701,3813,3621,4224,4985,4874,4016,4852,8723,7912,4537,30.9226,-1.07603,8.74506,47.904
58245,10163,6903,4045,3445,7053,5358,3870,3428,4217,3876,3530,3319,3390,3386,3224,3017,-20.8245,-20.5325,8.90694,48.1493
58246,3623,3522,3313,3148,4798,4152,3580,3220,9098,5176,3879,3364,8507,5347,3915,3247,13.9912,-31.3123,8.56092,47.926
58247,3211,3449,3439,3406,3475,3897,4079,4014,3755,5046,6732,4828,3992,5593,7769,5295,17.2518,6.20954,8.70993,47.9867
58248,3390,3505,3491,3355,3844,4216,4195,3717,4261,6409,6582,4308,4326,6088,6238,4302,14.3921,0.296483,8.85463,48.1513
58249,3584,3460,3204,3133,4672,4157,3535,3179,8475,5209,3894,3413,9082,5702,3978,3315,15.8795,-26.35,8.61242,47.9947
58250,4674,4153,3487,3240,7771,5079,3838,3401,8202,5336,3853,3336,4853,4302,3587,3290,0.794257,-22.8266,8.64036,48.268
58251,3270,3403,4170,4512,3372,3836,5229,7174,3356,3965,5785,8115,3280,3593,4424,5049,2.05683,21.4091,8.70611,48.3553
58252,3380,3927,5775,10110,3319,3836,5031,8262,3259,3535,3968,4527,3089,3184,3499,3492,-17.5804,27.511,8.87566,48.1287
58253,3409,4260,7440,11127,3483,3842,4957,5875,3310,3440,3859,3930,3225,3093,3343,3361,-27.0176,20.5872,8.73563,47.9693
58254,3284,3302,3316,3275,3387,3633,4004,3783,3864,4569,5973,4830,3984,5755,9152,5980,21.7619,7.04159,8.56763,48.0607
58255,3664,4640,9038,8437,3544,4144,5546,5499,3223,3531,3944,3864,3091,3219,3394,3329,-25.3121,14.33,8.85792,48.0713
58256,3448,3480,3181,3182,3920,3749,3584,3208,6149,4659,3686,3419,12531,6059,3925,3330,26.866,-30.4094,8.52631,47.6733
58257,3628,4606,8157,9150,3509,4216,5440,6038,3193,3530,3875,3925,3079,3287,3392,3380,-22.9585,16.3313,8.86708,48.27
58258,3405,3381,3179,3154,3920,3711,3446,3170,5867,4979,3910,3585,10421,7889,4298,3464,26.6741,-18.5456,8.85587,47.8527
58259,6117,4576,3705,3350,9508,5523,3821,3399,6128,4524,3599,3372,4004,3857,3459,3145,-6.73466,-24.7826,8.51775,48.058
58260,5307,9267,7064,4302,4414,5289,4800,3971,3608,3805,3758,3475,3263,3355,3253,3194,-33.508,-3.47889,8.77833,48.0833
58261,3042,3209,3309,3300,3365,3495,3890,4113,3424,3886,5229,6825,3450,4025,6835,10678,21.8901,21.7374,8.96345,48.05
58262,4268,4155,3605,3383,5634,5970,4183,3551,6446,7138,4251,3556,4537,4668,3739,3451,2.16798,-13.7475,8.69967,48.3567
58263,3089,3430,3465,3524,3347,3675,4222,4187,3516,4430,6791,6216,3581,4500,7230,6828,16.1699,13.5025,8.66442,48.0207
58264,3351,3330,3105,3144,4037,3793,3432,3212,6515,4901,3868,3348,12115,6170,3960,3401,24.5941,-26.5914,8.94662,47.788
58265,3322,3628,4181,4999,3336,3877,5229,8750,3335,3720,4858,7886,3202,3465,4057,4609,-1.345,25.5621,8.95845,48.3027
58266,5586,5998,4351,3607,6493,7878,4599,3590,4529,4819,3853,3432,3661,3671,3460,3124,-10.6665,-12.5003,8.61531,48.434
58267,3201,3414,3844,3878,3384,3796,4707,4922,3577,4238,7091,7413,3419,4043,5355,5819,8.97182,15.9409,8.61387,48.0673
58268,5138,4370,3592,3272,8665,5622,3923,3434,7290,5118,3689,3430,4403,3979,3544,3304,-2.10591,-22.6135,8.96629,48.5153
58269,12484,5884,3832,3341,5955,4791,3841,3457,3888,3719,3415,3312,3437,3339,3287,3117,-28.9157,-33.1551,8.51347,47.3993
58270,5027,8878,7497,4492,4261,5052,4833,4008,3474,3713,3792,3568,3309,3298,3339,3249,-26.9185,-2.19517,8.57237,47.86
58271,3383,3940,5916,12521,3331,3858,4748,5944,3209,3430,3790,3991,3178,3233,3494,3448,-32.3217,30.3865,8.62099,47.6093
58272,4853,6911,5833,4225,4696,6940,5723,4164,3789,4252,3998,3649,3419,3555,3443,3293,-15.3399,-3.05679,8.69745,48.4953
58273,3500,3468,3139,3114,4000,3917,3536,3127,6988,4950,3761,3287,11837,6064,3917,3392,23.0317,-27.7032,8.6333,47.998
58274,4792,8114,8258,4838,4221,4932,5032,4202,3556,3695,3697,3488,3137,3393,3307,3196,-27.5352,0.180775,8.90602,47.9053
58275,3533,4011,4563,4403,3679,4873,7350,5249,3659,4431,6407,4863,3551,3802,4152,3859,-2.10993,8.27538,8.54423,48.2567
58276,3312,3444,3138,2989,4066,3835,3368,3356,6551,4909,3675,3316,12583,6055,3910,3388,24.416,-31.1157,8.94037,47.93
58277,3393,3898,5922,12531,3409,3726,4843,6338,3252,3409,3831,3887,3115,3244,3424,3366,-26.85,31.2787,8.72704,47.7253
58278,3199,3485,4111,4416,3438,3902,5637,6583,3426,4060,6153,7566,3304,3752,4350,4834,2.16732,18.1487,8.57589,48.144
58279,3798,3613,3310,3123,5163,4284,3595,3358,9445,5536,3835,3402,7223,5017,3753,3277,10.4822,-25.7601,8.6297,47.8213
58280,3672,5223,9735,7664,3632,4262,5334,5217,3329,3530,3809,3771,3143,3356,3401,3217,-27.196,11.5228,8.74403,48.1967
58281,10798,5794,3968,3462,7639,4887,3847,3396,4226,3869,3420,3215,3397,3397,3288,3172,-19.6785,-31.7662,8.54424,47.85
58282,9066,9055,4767,3645,5269,5123,4087,3535,3938,3736,3378,3271,3295,3363,3349,3191,-28.73,-15.0954,8.74461,48.0453
58283,3237,3718,4511,5570,3477,3782,5689,9134,3240,3698,4765,6459,3190,3404,3967,4394,-5.22964,23.6487,8.59317,48.1567
58284,3331,3831,6576,12486,3387,3711,4746,5924,3265,3420,3752,3979,3087,3215,3237,3471,-30.0001,24.8606,8.79706,47.612
58285,3347,3341,3380,3118,3786,3814,3571,3408,4917,5585,4318,3658,7154,9714,5281,3689,25.4146,-10.3663,8.90437,48.054
58286,6060,4927,3802,3342,8802,6405,4023,3458,5572,4767,3638,3255,3928,3744,3399,3090,-7.66253,-19.7287,8.90609,48.1413
58287,4003,4514,4323,3682,4571,7133,5687,3984,4333,5885,5136,3991,3762,4005,3860,3538,-2.46142,-3.6453,8.80791,48.2713
58288,3840,4338,4142,3591,4279,6504,5594,3991,4360,6294,5461,4070,3831,4289,3946,3664,-0.53033,-2.41192,8.76456,48.1293
58289,3222,3370,3354,3183,3666,3943,3790,3492,4209,5388,5141,4061,5068,8534,7262,4365,22.8054,-2.02402,8.84005,48.032
58290,3365,3290,3326,3083,4004,3800,3449,3334,6764,4740,3795,3443,12382,5994,3806,3391,23.6446,-30.3239,8.96841,47.9773
58291,3134,3246,3481,3371,3332,3480,4005,3794,3505,3956,5087,5530,3509,4418,8781,9357,27.2733,16.1104,8.91391,47.9907
58292,4289,4175,3552,3351,6084,6427,4114,3475,6245,6618,4278,3534,4498,4411,3785,3364,0.498627,-13.8929,8.76914,48.1333
58293,7163,4994,3776,3334,9406,5630,3972,3350,5285,4302,3691,3385,3813,3733,3396,3095,-10.7295,-24.448,8.64981,48.2167
58294,5818,4962,3860,3365,8810,6247,4050,3328,5834,4784,3779,3325,3920,3838,3391,3222,-7.1217,-20.2486,8.80231,48.3553
58295,3443,3785,5176,6029,3464,3975,6482,8422,3317,3725,4640,5363,3198,3366,3670,3817,-8.753,18.8133,8.863,47.9147
58296,3408,3472,3233,3021,4086,3910,3544,3223,6860,5414,3908,3572,9706,7122,4155,3473,20.7128,-19.7031,8.5929,48.0713
58297,3872,3997,3699,3501,4564,5956,4409,3686,5117,7826,5126,3751,4520,4731,4113,3634,4.15614,-7.57614,8.8243,48.3347
58298,3203,3326,3578,3720,3274,3661,4349,4820,3476,4140,6187,8261,3394,3954,5862,7495,13.3186,19.4738,8.58013,48.4667
58299,3229,3387,3542,3418,3544,3917,4213,3835,3981,5453,7124,4813,4063,5661,7071,4922,15.2794,4.3613,8.63074,48.1153
58300,3528,3416,3218,3086,4392,3955,3603,3298,8296,5013,3808,3342,10105,5531,3847,3362,17.8102,-29.124,8.87896,47.8667
58301,3796,3655,3281,3065,5536,4287,3644,3231,9836,5521,3820,3415,6886,4931,3682,3319,9.72708,-25.6657,8.7545,47.9367
58302,3312,3688,5040,7145,3372,3856,5289,9785,3226,3600,4263,5366,3145,3259,3641,3835,-10.2864,28.1472,8.69332,47.8813
58303,3830,5410,9657,7190,3734,4301,5498,4897,3273,3733,3874,3818,3136,3359,3412,3312,-25.723,10.0565,8.52194,48.2893
58304,7837,9607,5037,3751,5184,5214,4214,3555,3780,3730,3624,3167,3362,3428,3308,3232,-29.0228,-12.4416,8.54556,48.02
58305,3670,3598,3285,3055,4745,4218,3542,3371,8378,5675,3921,3370,8330,5784,3938,3346,15.0716,-22.6706,8.51983,48.1507
58306,3357,3487,3226,3088,3913,3853,3648,3392,5336,5919,4335,3552,7262,9025,5005,3716,22.6357,-11.8512,8.595,48.076
58307,3358,3848,5625,9276,3423,3816,5341,8563,3195,3541,3980,4653,3219,3232,3510,3579,-15.9354,27.1934,8.51741,48.106
58308,3771,3567,3314,3130,4679,4392,3597,3309,7932,6569,4044,3470,7055,5779,4020,3501,12.7951,-18.282,8.51924,48.086
58309,6729,4974,3769,3302,9579,5513,3932,3406,5476,4378,3676,3351,3950,3713,3429,3187,-9.1277,-24.8054,8.71371,48.2427
58310,3505,3713,3407,3194,4600,4763,3937,3484,6500,7889,4655,3686,5417,5903,4385,3581,10.5224,-12.4279,8.61025,48.4127
58311,3025,3297,3443,3470,3296,3469,3940,4249,3414,3880,5279,7373,3386,4074,6432,9969,19.2262,22.7388,8.74241,47.9973
58312,4218,3804,3488,3209,6915,4636,3743,3247,9493,5182,3851,3275,5614,4495,3740,3281,4.75698,-28.5409,8.60056,48.1273
58313,6922,10032,5387,3831,4938,5208,4346,3640,3934,3909,3534,3301,3379,3359,3229,3269,-33.6651,-9.81066,8.83674,48.1453
58314,3047,3249,3474,3453,3224,3511,4047,4349,3332,3942,5293,8086,3383,4087,5894,9598,17.2389,23.9184,8.87787,47.9793
58315,5807,4490,3631,3356,9602,5167,3771,3399,6476,4701,3648,3354,4216,3806,3430,3285,-5.40863,-31.2114,8.54161,48.0927
58316,3800,4605,5253,4357,3938,5750,7935,4861,3719,4452,5090,4119,3417,3672,3716,3664,-7.52477,4.55764,8.77674,48.232
58317,7803,9554,4911,3612,5065,5277,4112,3613,3805,3867,3604,3235,3350,3414,3293,3171,-31.897,-12.1788,8.64023,47.7907
58318,3020,3328,3536,3624,3448,3768,4174,4247,3543,4409,7034,6110,3730,4497,7133,6480,15.3964,12.6592,8.9149,48.054
58319,3310,3537,3485,3172,3771,4375,3957,3517,5115,6996,5149,3780,5260,7506,5340,3983,16.0545,-6.38925,8.55229,48.1687
58320,3436,3415,3297,3070,3836,3871,3648,3353,4916,5665,4502,3675,6562,9449,5650,3849,24.2433,-8.91031,8.81192,48.1293
58321,7428,4996,3844,3191,9848,5290,3777,3319,5225,4347,3739,3307,3699,3662,3298,3147,-11.1272,-28.2934,8.80072,48.078
58322,11949,5974,3852,3417,6989,4754,3810,3383,4136,3858,3491,3154,3425,3301,3201,3068,-22.6876,-29.7004,8.94792,47.8413
58323,3268,3267,3419,3283,3520,3834,3941,3596,4182,5291,6128,4394,4393,6786,7972,4934,19.5291,2.8047,8.89788,48.1387
58324,11995,5817,3922,3309,7030,4881,3897,3293,3943,3821,3448,3279,3454,3412,3245,2940,-22.2371,-30.9717,8.97012,47.7907
58325,3382,3434,3277,3127,3838,3931,3572,3348,5128,5325,4111,3506,8101,9506,4892,3709,32.2153,-12.6001,8.67423,48.1247
58326,11889,6775,4028,3411,5867,5020,3813,3417,3927,3940,3420,3270,3410,3274,3217,3097,-30.3301,-22.8668,8.70766,47.85
58327,3193,3334,3451,3381,3315,3751,4108,3949,3795,4743,6880,5228,3964,5240,8131,5808,17.5803,8.36614,8.76457,48.1807
58328,3365,3928,5366,8258,3411,3854,5273,9422,3253,3503,4191,4839,3070,3300,3540,3640,-13.4702,33.7567,8.98437,48.142
58329,3057,3296,3417,3380,3262,3615,4002,3936,3581,4201,5823,5883,3506,4651,8309,8313,21.1059,14.6749,8.78605,48.1547
58330,3038,3302,3517,3699,3310,3659,4209,4734,3305,3988,5693,8633,3462,3922,5746,7899,13.8029,21.4377,8.69388,48.0773
58331,3129,3165,3475,3528,3406,3466,3878,3877,3505,4082,5005,5310,3563,4667,8756,9264,30.3201,15.1911,8.66686,48.0507
58332,10496,6436,4004,3474,7236,5195,3874,3412,4137,4008,3527,3170,3438,3535,3198,3061,-20.3909,-22.6545,8.84857,48.134
58333,4515,4706,3983,3483,5648,7521,4677,3662,5031,6216,4377,3515,4073,4035,3687,3406,-2.94535,-10.408,8.5029,48.3567
58334,3160,3148,3379,3495,3190,3395,3776,3955,3288,3754,4839,6113,3408,3820,6259,12490,31.8543,25.9656,8.63002,47.646
58335,3244,3594,4120,4168,3485,3997,5794,6127,3454,4027,6814,7049,3380,3778,4441,4778,2.55493,15.9893,8.91023,48.1667
58336,3169,3341,3493,3288,3337,3717,4097,3920,3691,4628,6353,5080,3776,5249,8522,6236,20.0022,8.87405,8.7055,47.9313
58337,4474,4071,3509,3097,7443,4971,3662,3253,9241,5076,3766,3337,5202,4219,3604,3231,2.5203,-28.3377,8.99826,48.104
58338,7259,6898,4331,3580,6784,6602,4235,3523,4305,4274,3681,3257,3526,3542,3375,3165,-15.3489,-15.2382,8.56499,48.2247
58339,3235,3719,4730,6944,3316,3860,5177,9978,3306,3636,4203,5602,3252,3294,3661,3903,-8.86529,30.0963,8.88216,47.8773
58340,3415,3324,3191,3085,3983,3818,3451,3279,6271,4859,3763,3427,12178,6044,3912,3433,25.4846,-32.3003,8.54236,47.622
58341,3381,3340,3257,3018,3914,3676,3416,3230,6075,4878,3782,3507,12653,6063,3869,3516,27.1151,-31.3168,8.62805,47.7167
58342,3274,3745,4655,6277,3283,3709,5277,9997,3185,3631,4520,6038,3110,3424,3834,4082,-7.35004,28.4572,8.90388,48.0273
58343,3290,3731,5034,7245,3351,3771,5301,9758,3312,3569,4384,5374,3090,3326,3641,3783,-10.5904,30.0039,8.70271,47.9733
58344,4427,6147,6050,4470,4350,6379,6304,4365,3663,4099,4138,3823,3270,3439,3554,3487,-14.4147,0.134425,8.51536,47.9767
58345,3470,3534,3384,3178,3932,4292,3710,3358,5415,7230,4719,3645,5780,7598,5111,3793,16.0172,-9.04156,8.71548,48.0993
58346,3450,4025,6302,9609,3396,3888,5452,7443,3173,3528,4061,4444,3153,3239,3360,3503,-18.464,21.6221,8.53305,48.0173
58347,3355,4023,5888,8927,3449,3868,5387,8142,3302,3571,4191,4662,3126,3249,3550,3684,-16.1214,23.4786,8.55717,48.2493
58348,3561,3666,3511,3232,4505,4900,4011,3530,6018,8209,4604,3829,5297,5752,4315,3489,9.31213,-11.1848,8.75777,48.286
58349,4195,6691,9780,5732,3908,4607,5323,4481,3510,3651,3722,3659,3142,3383,3424,3301,-27.9235,5.2634,8.98975,48.3393
58350,3104,3295,3465,3441,3303,3500,4123,4754,3297,3897,5198,8977,3378,3851,5287,9058,15.0964,30.6062,8.94847,47.952
58351,4184,4350,3670,3411,5827,6302,4149,3445,6264,6832,4287,3554,4363,4368,3850,3352,1.051,-13.6311,8.96341,48.1387
58352,3391,3378,3286,3148,3703,3737,3624,3366,4959,5296,4388,3715,6899,9814,5654,3809,27.387,-9.214,8.68989,48.1113
58353,3455,3706,3611,3441,3957,4604,4536,3771,4541,7290,6280,4180,4399,5588,5153,3981,9.80574,-1.91312,8.51292,48.3287
58354,3300,3847,5952,12744,3399,3696,4672,6100,3214,3333,3710,3877,3230,3356,3436,3491,-32.7896,28.3301,8.88476,47.5713
58355,7547,5012,3828,3340,9609,5096,3865,3489,5227,4192,3501,3355,3740,3656,3297,3091,-11.615,-29.7479,8.83022,47.8967
58356,4183,5920,7568,5089,3898,5398,6755,4712,3483,3790,4134,3769,3266,3403,3534,3365,-17.1078,4.60639,8.96635,48.178
58357,4086,4351,3809,3440,5301,6827,4612,3688,5331,6983,4566,3652,4203,4370,3873,3567,0.241166,-9.58522,8.93634,48.4393
58358,3443,3261,3188,3176,4077,3668,3499,3337,5895,4674,3867,3398,12548,6267,3937,3332,31.4344,-26.3287,8.8933,47.7113
58359,3404,4138,6724,9235,3391,3927,5649,7188,3303,3434,3970,4208,3081,3219,3541,3527,-18.5028,19.5217,8.98708,47.9593
58360,3658,3569,3385,3087,4717,4304,3608,3309,8092,6091,4101,3500,7532,5827,4014,3401,13.7143,-20.0839,8.78626,48.13
58361,3442,3869,5087,7940,3374,3774,5233,9524,3213,3577,4338,5001,3149,3277,3626,3633,-12.3778,29.6952,8.65086,48.038
58362,4944,7919,6949,4458,4433,5845,5278,4061,3698,3966,3784,3600,3356,3322,3369,3262,-20.4833,-1.81633,8.57884,48.1627
58363,3828,3782,3406,3178,5263,4445,3606,3300,9076,5804,4007,3396,7015,5090,3859,3235,10.4507,-22.614,8.53101,48.1933
58364,3176,3211,3433,3289,3280,3403,3791,3829,3495,3943,5158,5709,3444,4337,7938,10390,29.1316,17.9692,8.91271,47.884
58365,3162,3486,3896,4060,3260,3803,5173,5923,3454,4049,6551,7974,3277,3787,4855,5319,4.77748,18.0869,8.95527,48.0193
58366,3467,3719,3715,3439,4013,4733,4685,3781,4617,7252,6321,4178,4227,5358,4953,3924,8.73603,-1.74155,8.63948,48.2547
58367,12778,6025,4019,3408,5844,4743,3811,3329,3933,3723,3447,3288,3397,3294,3284,3128,-30.6947,-31.3337,8.86514,47.634
58368,10211,7742,4361,3461,6065,5305,3921,3582,3823,3862,3592,3217,3394,3310,3165,3038,-24.7734,-18.8351,8.65714,48.0327
58369,3326,3348,3326,3134,3740,3923,3628,3369,5094,5940,4402,3628,6579,9606,5458,3864,22.3062,-9.53321,8.92824,48.2433
58370,3408,4045,5671,6789,3485,4116,6422,8105,3363,3790,4428,4805,3142,3315,3628,3773,-11.7615,18.1597,8.72693,48.19
58371,5729,4570,3682,3205,9147,5722,3940,3454,6262,4773,3661,3273,4094,3942,3432,3240,-5.67899,-22.322,8.83846,48.084
58372,5739,5358,3973,3439,7460,7158,4198,3543,5050,4932,3742,3421,3901,3874,3488,3209,-8.5283,-15.8658,8.69924,48.3233
58373,3360,3330,3154,3184,3934,3699,3584,3210,6176,4633,3686,3507,12701,5820,3925,3454,29.5948,-30.2433,8.58973,47.5713
58374,3691,3503,3299,3133,4622,4224,3566,3252,8405,5743,3999,3342,8311,5967,4062,3348,14.9562,-21.3025,8.86435,48.3113
58375,5096,8743,7968,4558,4255,5087,4856,4007,3530,3728,3643,3536,3276,3296,3260,3237,-28.1147,-1.08444,8.95418,48.0507
58376,3283,3865,5849,12930,3283,3781,4678,6018,3181,3517,3847,3970,3117,3388,3424,3441,-31.591,30.2215,8.93075,47.7147
58377,6159,4666,3727,3269,9944,5187,3804,3381,6132,4503,3592,3188,4030,3768,3313,3182,-7.01062,-32.0298,8.92472,47.8967
58378,3334,3316,3309,3081,4170,3893,3503,3160,7060,5287,3902,3548,10273,6821,4060,3432,20.4356,-21.2931,8.7612,48.0993
58379,5059,4302,3539,3362,8747,4979,3781,3332,7855,4715,3695,3418,4532,4070,3580,3220,-1.58712,-30.1754,8.86257,48.124
58380,2984,3393,3426,3474,3329,3665,4076,4426,3343,3998,5875,7276,3442,4028,6530,8758,17.4608,19.1845,8.99905,48.0153
58381,10126,6602,4037,3385,7051,5379,3764,3469,4304,3845,3559,3198,3474,3489,3271,3104,-20.122,-21.8192,8.59871,48.038
58382,11015,7482,4021,3474,5768,4952,3877,3470,3960,3877,3465,3252,3355,3396,3249,3170,-33.195,-20.3669,8.94686,47.8553
58383,3128,3226,3404,3389,3271,3480,3852,3938,3409,3982,5094,5604,3516,4190,7860,10216,31.9222,18.1726,8.54192,47.706
58384,3451,4341,7428,10024,3430,4099,5263,6314,3230,3504,4093,4026,3073,3352,3422,3460,-21.8415,19.0609,8.90381,48.34
58385,3495,3428,3294,3241,4048,4033,3633,3347,5685,6389,4334,3747,7013,8170,4742,3667,19.0029,-12.4563,8.62477,48.1773
58386,3090,3325,3534,3638,3278,3652,4510,4825,3424,3930,6732,8144,3476,4036,5672,6681,11.5877,17.9674,8.95392,47.9647
58387,12212,6798,4096,3357,5964,4763,3862,3261,3877,3664,3400,3145,3460,3360,3187,3138,-30.984,-23.6745,8.92529,47.696
58388,8557,7088,4276,3494,6720,5967,4057,3491,4269,4073,3706,3311,3352,3370,3258,3153,-18.5672,-17.5431,8.76189,48.0947
58389,3582,3558,3427,3214,4068,4243,3864,3478,5344,7644,4929,3612,5486,7454,4799,3773,14.5078,-8.31045,8.93777,48.3167
58390,3518,4100,5547,5260,3489,4436,7734,6586,3378,3818,5027,4739,3265,3442,3782,3835,-8.70209,13.2217,8.6268,47.9707
58391,8512,5295,3911,3308,9229,5310,3860,3348,4762,4144,3543,3247,3627,3713,3241,3116,-13.6815,-25.707,8.8865,48.1107
58392,3985,3839,3366,3181,6103,4436,3625,3209,9944,5256,3810,3351,6067,4669,3663,3261,7.34223,-27.2655,8.97883,47.8433
58393,3292,3129,3349,3202,3518,3622,3827,3556,3994,4850,4998,4257,4519,7413,9072,5311,30.0266,2.49055,8.65986,47.9393
58394,3317,3453,3287,3136,4052,4027,3606,3216,5640,6051,4243,3668,7276,8862,4972,3771,20.9301,-12.2545,8.62008,48.3847
58395,5553,7843,5513,3940,5070,6991,5153,3833,3877,4147,3762,3451,3325,3567,3365,3184,-17.2235,-6.63633,8.56483,48.3827
58396,11068,6043,3974,3395,7256,5058,3821,3321,4163,3827,3441,3248,3294,3445,3333,3126,-20.8974,-25.8837,8.60112,47.8753
58397,3160,3441,3915,4014,3325,3654,4621,6244,3391,3843,5352,9842,3265,3703,4658,5971,6.48286,33.4746,8.76466,48.266
58398,3580,4674,9065,8863,3468,4061,5232,5245,3323,3497,3830,3846,3133,3280,3339,3349,-32.5051,14.7452,8.80299,47.8567
58399,3362,3369,3304,3046,4049,3905,3579,3314,6114,5584,4035,3502,9390,7795,4359,3458,22.0667,-17.4342,8.77121,48.11
58400,6563,4902,3762,3294,9528,5778,3891,3365,5622,4476,3749,3179,3942,3730,3347,3149,-9.00825,-23.7594,8.82824,48.1847
58401,3111,3180,3368,3318,3268,3379,3707,4056,3344,3856,4833,6060,3351,3990,6241,12570,31.6292,25.7071,8.93966,47.7547
58402,3345,3327,3235,3116,3864,3806,3467,3213,6192,4714,3880,3339,12248,6234,4082,3351,27.2494,-27.1066,8.58225,47.6087
58403,3386,3885,6340,10231,3329,3789,5155,7504,3153,3544,3893,4140,3111,3297,3399,3520,-19.3671,22.9094,8.94071,47.784
58404,8315,9411,4951,3688,5318,5203,4069,3542,3727,3824,3543,3388,3300,3239,3253,3090,-31.5495,-13.281,8.72011,47.9073
58405,3092,3325,3616,3752,3280,3758,4397,4612,3479,4368,7191,7092,3507,4128,6021,6393,12.0438,15.2334,8.90362,48.0073
58406,3172,3227,3454,3340,3384,3510,3858,3699,3696,4559,5168,4742,3843,5902,9953,6317,33.5694,7.77798,8.9785,47.8827
58407,3532,3328,3212,3160,3973,3875,3598,3359,6398,5920,4020,3468,8673,7596,4356,3433,19.9451,-16.3881,8.95088,47.934
58408,4054,3829,3302,3148,6292,4540,3558,3331,9611,5417,3849,3286,6001,4717,3718,3246,6.15282,-25.5695,8.95291,47.9327
58409,3619,3540,3350,3160,4696,4114,3468,3232,8612,5589,3835,3370,8670,5674,3907,3484,14.8171,-23.0904,8.91915,48.2133
58410,3353,3696,4022,3736,3805,4833,5695,4306,3875,5773,7454,4711,3723,4255,4671,4246,4.24143,4.26691,8.84586,48.1027
58411,4266,3835,3398,3115,6896,4742,3757,3273,9498,5100,3926,3379,5591,4275,3688,3276,4.30141,-27.473,8.65703,48.01
58412,3417,3550,3199,3001,3844,3837,3447,3314,5538,5361,4071,3586,8988,8819,4581,3503,25.2412,-15.2849,8.97623,48.0373
58413,3348,3407,3294,3145,3849,3823,3561,3326,5226,5155,4210,3480,8488,9147,4724,3540,30.3277,-13.7479,8.7345,47.8153
58414,4298,4439,3846,3329,5929,6832,4293,3565,5730,6639,4257,3548,4313,4362,3818,3348,-0.4917,-12.3111,8.967,48.364
58415,3364,4154,6657,9573,3261,3949,5529,7146,3232,3431,4098,4214,3078,3231,3498,3412,-19.6222,20.4785,8.60948,47.8847
58416,3361,3870,6080,12515,3360,3830,4789,5977,3263,3365,3748,3951,3077,3269,3248,3367,-31.2825,27.5865,8.63729,47.38
58417,9532,6690,4216,3390,7139,5491,4033,3378,4247,3978,3637,3291,3474,3416,3340,3082,-19.0348,-20.0364,8.90275,48.2227
58418,3534,3405,3297,3066,4397,3928,3565,3138,8097,5097,3856,3313,10039,5525,3897,3460,17.6211,-32.2429,8.56226,47.7427
58419,4103,4918,4535,3917,4725,7415,6019,4008,4176,5402,4683,3674,3594,3960,3755,3492,-5.1469,-3.15081,8.62801,48.2507
58420,3316,3517,3780,3810,3512,3935,5421,4900,3702,4634,7968,6319,3539,3963,5201,4964,6.21293,11.6817,8.95593,48.3207
58421,3235,3565,4127,4825,3372,3780,4991,8157,3363,3824,4931,8147,3252,3559,4323,4823,0.414653,26.3764,8.80611,48.1827
58422,3216,3448,3874,4157,3389,3769,4533,6623,3470,3905,5095,9595,3295,3672,4479,5718,5.21089,32.6597,8.52435,48.1587
58423,3446,3399,3178,3137,4032,3845,3579,3234,5913,5331,3974,3511,9835,7964,4394,3578,24.0641,-17.5194,8.91982,48.2333
58424,3475,4203,7296,10602,3354,3961,5012,6206,3311,3466,3840,3975,3056,3145,3386,3335,-24.422,20.0019,8.6718,47.7487
58425,3221,3891,6101,12341,3413,3814,4884,6219,3313,3455,3639,4037,3193,3192,3415,3421,-26.8955,27.5255,8.57775,47.6993
58426,3133,3198,3600,3585,3330,3629,4144,4674,3369,3902,5806,8301,3362,4066,5738,8114,14.5712,21.2795,8.84691,47.9673
58427,3087,3258,3408,3383,3196,3399,3757,3927,3414,3883,5003,6092,3391,4242,7529,11121,25.5929,20.1487,8.99712,48.06
58428,3451,3981,4289,4033,3733,4776,6793,4851,3662,4954,7028,4931,3480,3986,4318,4105,0.470072,7.02916,8.50918,48.2473
58429,3271,3188,3364,3110,3567,3761,3665,3456,4249,5144,4722,4027,5295,9286,7361,4343,28.4891,-3.27776,8.95959,47.8727
58430,6669,9079,5366,3824,5110,5962,4517,3697,3888,3963,3595,3363,3415,3393,3338,3197,-21.9568,-9.62702,8.74146,48.2507
58431,3245,3332,3343,3279,3634,3833,3717,3553,4199,5126,5191,4186,4816,8112,7949,4845,24.1606,0.100563,8.56712,48.24
58432,3333,3411,3344,3047,3644,3934,3758,3416,4770,5892,4781,3920,5660,8907,6043,4049,21.6056,-5.7629,8.57154,47.9393
58433,3079,3465,3624,3596,3398,3820,4463,4197,3545,4631,7619,6465,3695,4411,6610,5925,13.0579,12.1525,8.67197,48.362
58434,7348,7570,4594,3692,6239,6590,4232,3538,4214,4090,3634,3366,3474,3544,3386,3167,-17.5038,-14.5056,8.85963,48.452
58435,3254,3716,4383,5338,3370,3836,5087,9297,3270,3682,4864,6862,3197,3442,3963,4262,-3.85272,33.3315,8.82967,47.882
58436,3245,3348,3428,3476,3193,3349,3752,3946,3451,3730,4723,5872,3545,3871,5782,12310,33.5414,33.3998,8.91574,47.3473
58437,3638,4281,4821,4265,3944,5503,7824,4960,3740,4507,5675,4355,3509,3777,3880,3780,-4.74178,5.53732,8.78775,48.306
58438,3404,4103,5858,6888,3415,4227,6686,7724,3329,3583,4533,4743,3078,3406,3591,3778,-12.4232,17.5483,8.53866,48.2307
58439,8380,7556,4316,3552,6276,5958,4199,3446,4148,4055,3690,3258,3463,3400,3242,3061,-19.7972,-16.0859,8.57176,48
58440,3222,3390,3503,3507,3318,3714,4315,4150,3631,4594,6924,5883,3656,4647,7419,6450,16.2276,12.1392,8.61315,48.2153
58441,3391,3862,5187,8335,3371,3909,5229,9267,3242,3672,4099,4848,3200,3343,3527,3614,-13.7136,29.0358,8.5858,48.064
58442,3719,4719,7605,6614,3543,4413,6598,5861,3336,3720,4197,4003,3128,3306,3550,3556,-17.0191,12.1283,8.63262,47.912
58443,3424,3803,4065,3825,3729,4547,6081,4544,3790,5139,7763,5039,3707,4066,4691,4309,3.3738,6.30774,8.94393,48.348
58444,12617,5871,3850,3308,6056,4700,3774,3356,3768,3800,3363,3162,3376,3436,3215,3204,-31.2089,-31.8436,8.76274,47.2373
58445,3520,3718,3938,3769,3660,4486,5489,4431,3843,5471,7899,5084,3638,4231,5069,4348,6.08535,6.44241,8.54751,48.396
58446,12620,5984,3972,3526,5825,4650,3736,3353,3847,3734,3486,3250,3350,3300,3332,3177,-29.5237,-31.4296,8.73467,47.428
58447,5104,8904,7297,4336,4311,5110,4761,3992,3607,3749,3745,3420,3244,3424,3333,3295,-32.5435,-2.81043,8.64729,47.7547
58448,3883,5382,9786,7190,3701,4242,5317,4927,3253,3623,3710,3639,3084,3365,3357,3330,-29.3047,10.4067,8.75272,47.8593
58449,3068,3244,3336,3383,3249,3506,3975,4047,3438,3718,4809,6830,3369,4016,5849,11991,23.5969,32.6085,8.7269,47.8853
58450,4219,6112,8031,5150,4063,5346,6384,4665,3482,3929,4086,3673,3201,3382,3447,3382,-18.5022,3.7456,8.84949,48.368
58451,3120,3309,3657,3874,3199,3590,4356,5258,3440,3913,5738,9595,3247,3784,5023,6817,10.1283,24.0337,8.99801,47.9467
58452,10850,5668,3957,3355,7628,4928,3721,3419,4255,3956,3527,3169,3389,3434,3232,3163,-19.4541,-29.4674,8.60294,47.7673
58453,4186,4096,3555,3330,6054,5466,3918,3446,7305,6543,4169,3551,4966,4518,3714,3381,3.13411,-16.6439,8.54735,48.132
58454,3334,3529,3280,3122,3983,3825,3560,3338,5188,5466,4283,3678,7820,9452,5099,3540,26.3388,-12.051,8.76709,48.3313
58455,5047,4274,3651,3239,8976,5003,3862,3358,7601,4816,3740,3355,4490,3954,3437,3274,-1.99992,-31.3047,8.84927,48.0513
58456,3422,3759,5826,11452,3456,3859,4975,7280,3235,3495,3873,4074,3118,3181,3370,3400,-20.8214,31.2268,8.95002,47.85
58457,3302,3503,3311,3257,3884,4008,3886,3530,4656,6824,5338,4006,5143,7530,5873,4122,17.1244,-4.33929,8.99739,48.1153
58458,7324,9311,5136,3787,5338,6065,4344,3558,3801,3931,3670,3400,3349,3461,3259,3044,-22.0198,-11.1654,8.88853,48.5187
58459,3078,3422,3460,3436,3231,3574,3826,3905,3585,3991,5519,5668,3575,4811,8646,8395,24.1027,14.3315,8.57914,48.0813
58460,7296,5158,3880,3273,9579,5545,3813,3392,5236,4272,3639,3248,3741,3673,3370,3249,-10.854,-24.8106,8.85707,48.2427
58461,3459,4429,7556,9072,3515,4065,5587,6322,3256,3499,3901,4076,3140,3250,3437,3500,-20.9609,17.3961,8.58147,48.0427
58462,3817,5238,9035,6883,3529,4390,5799,5332,3266,3638,4035,3931,3080,3383,3467,3412,-22.2515,10.5445,8.62208,48.1567
58463,3334,3969,6404,12292,3493,3843,4726,6284,3214,3404,3740,3890,3037,3271,3409,3425,-25.4137,26.1441,8.94251,47.8233
58464,3980,4515,4373,3695,4494,6915,6047,4048,4258,5683,5114,3955,3645,3931,3809,3603,-3.52681,-2.12653,8.90149,48.0433
58465,4427,4521,3801,3397,6037,7306,4477,3597,5516,6439,4159,3535,4118,4193,3645,3385,-1.78713,-12.0982,8.65999,48.3687
58466,3342,3394,3410,3330,3508,3734,3750,3662,3891,4600,5136,4466,4116,6825,9350,5482,32.6481,4.45075,8.62563,47.9973
58467,3316,3345,3272,3128,3712,3805,3674,3402,4810,5173,4527,3791,6447,9909,5798,4021,28.7704,-8.14968,8.71997,48.0867
58468,4890,4971,3912,3456,6774,7286,4288,3659,5296,5641,3981,3460,4001,3913,3603,3269,-4.99023,-13.6108,8.60168,48.2667
58469,3490,3338,3260,3065,3940,3804,3569,3250,5818,4896,3814,3339,11390,7145,4046,3393,29.9896,-21.1509,8.90097,47.7047
58470,3195,3489,3331,3244,3676,4030,3774,3607,4464,5786,5326,4092,5100,8075,6904,4429,20.7237,-2.38772,8.81111,48.348
58471,3027,3226,3441,3560,3237,3516,3895,4145,3400,3776,4946,7169,3419,3786,5971,11557,22.1579,29.1402,8.61629,48.0473
58472,3797,4883,8551,6653,3633,4469,6346,5464,3433,3535,3964,3990,3173,3325,3356,3434,-19.6419,10.5642,8.79987,48.004
58473,3918,5992,9825,6357,3700,4419,5403,4762,3390,3628,3791,3730,3158,3336,3392,3327,-26.8563,7.59434,8.98007,48.0853
58474,3813,5499,9886,6897,3754,4340,5190,4903,3314,3545,3793,3837,3242,3363,3512,3378,-33.549,9.43313,8.92523,48.1773
58475,3126,3272,3412,3459,3214,3630,4125,4409,3476,4073,6084,7256,3491,4231,6664,8106,16.5421,18.5698,8.89959,48.0187
58476,4712,6449,5306,4160,4832,7426,5788,3986,3818,4439,4076,3646,3551,3618,3512,3286,-12.5873,-3.6969,8.73453,48.4033
58477,3140,3205,3434,3393,3361,3484,3876,3918,3388,3888,5054,5675,3481,4300,7729,10641,28.8034,19.2163,8.69367,47.978
58478,6627,5027,3688,3414,9142,6008,3933,3313,5349,4450,3585,3319,3933,3747,3368,3164,-9.6987,-21.9468,8.80116,48.0447
58479,3250,3454,3284,3238,3906,3965,3833,3306,4802,6200,4651,3716,5972,8938,5803,3956,21.1861,-7.37184,8.56342,48.1827
58480,3499,3489,3295,3052,4573,4131,3627,3236,8045,5988,4028,3482,8139,6050,4157,3588,15.1131,-20.0963,8.90284,48.2527
58481,4015,3994,3702,3387,4635,6169,4550,3614,5232,7707,4907,3719,4286,4701,4095,3489,3.20216,-7.85307,8.83457,48.1347
58482,3336,4078,6893,11798,3460,3858,4902,5967,3276,3469,3674,3914,3045,3146,3380,3416,-30.6156,22.2748,8.95342,47.7413
58483,3382,3563,3450,3365,3686,4103,3879,3599,4370,6641,5837,4124,4731,7145,6372,4239,16.6622,-1.61082,8.71641,48.324
58484,3318,4161,6572,10186,3409,3974,5343,7150,3224,3411,4077,4314,3161,3266,3411,3353,-19.7159,21.8045,8.78143,48.22
58485,3688,4288,5426,4913,3780,4914,8211,5775,3630,4021,5132,4457,3264,3530,3826,3721,-8.13192,8.74743,8.83505,48.384
58486,3420,3355,3208,3168,3899,3831,3503,3242,5542,4972,3983,3532,9632,8526,4511,3571,30.1025,-16.3348,8.80631,47.93
58487,9905,7805,4245,3602,6120,5285,3936,3552,4018,3829,3474,3311,3434,3405,3197,3000,-23.6861,-18.198,8.73411,48.0787
58488,3187,3510,4074,4465,3393,3655,4918,7610,3419,3715,5179,8726,3261,3678,4250,4936,1.82635,33.5383,8.51561,47.984
58489,3255,3307,3388,3248,3541,3832,3823,3677,4200,5366,5369,4302,4578,7820,7885,4787,22.5735,0.261288,8.53964,48.252
58490,4009,3970,3498,3207,5641,5364,3957,3554,7291,7106,4270,3492,4955,4926,3866,3473,4.56565,-15.4543,8.87793,48.386
58491,3430,3878,4564,4645,3557,4349,7053,6439,3524,4180,6057,5479,3343,3630,4126,4084,-2.74437,13.3367,8.83245,48.2253
58492,3389,3884,4914,5695,3312,4026,6772,8329,3306,3819,4894,5444,3173,3450,3884,4011,-7.07563,17.8081,8.88013,48.2013
58493,3077,3363,3512,3507,3238,3491,4092,4570,3353,3855,5172,8673,3394,3803,5481,9327,16.1673,31.7922,8.61787,47.9387
58494,3069,3278,3338,3327,3256,3426,3740,3835,3318,3906,4896,5857,3516,4144,7241,11444,30.4034,21.2563,8.92414,47.7273
58495,3212,3336,3606,3616,3337,3638,4419,4311,3597,4296,7212,6804,3595,4292,6660,6418,13.9406,13.9995,8.82016,48.2327
58496,3478,3375,3307,3197,4177,4129,3620,3196,7119,5862,4041,3395,8752,6933,4364,3407,18.3053,-18.3671,8.91899,48.2347
58497,3268,3731,4779,5900,3231,3793,5809,9560,3309,3650,4702,6165,3133,3384,3838,4044,-6.66005,23.7103,8.92932,48.1973
58498,3516,3470,3349,3017,4138,4179,3731,3323,6225,6484,4364,3520,7006,7511,4557,3625,17.0596,-14.0653,8.78881,48.01
58499,3030,3143,3386,3416,3340,3520,3805,3873,3564,4007,5251,5382,3543,4456,8921,9218,26.9984,15.5547,8.71304,47.9033
58500,3356,3426,3163,3031,4026,3876,3463,3351,7208,4969,3807,3358,11295,6010,3942,3359,21.6251,-25.9569,8.68846,47.76
58501,6925,9985,5235,3790,4974,5235,4324,3634,3830,3773,3685,3271,3416,3424,3255,3202,-33.6176,-9.90925,8.96291,47.972
58502,3449,3479,3347,3143,4173,4025,3575,3401,6234,6234,4222,3499,7738,7622,4401,3507,18.7909,-15.11,8.59552,48.0327
58503,3032,3285,3426,3321,3232,3407,3734,3980,3430,3760,4797,6579,3430,3935,6212,12623,24.3841,27.6094,8.98988,48.122
58504,3319,3431,3602,3457,3574,4160,4652,3958,3966,5712,7703,4962,3891,5061,6152,4840,11.9568,4.66894,8.577,48.2933
58505,3542,3903,5917,11515,3448,3822,4809,7173,3179,3422,3901,4034,3074,3316,3297,3502,-21.5728,29.8034,8.5488,47.9027
58506,3201,3577,4405,5095,3532,3800,5389,8728,3311,3816,4923,7408,3229,3456,4056,4495,-2.02085,24.2403,8.85386,48.2807
58507,3629,4782,8970,8645,3552,4069,5278,5366,3409,3471,3972,3895,3126,3273,3335,3333,-28.3827,14.4202,8.50032,48.07
58508,3287,3683,4676,6065,3396,3876,5741,9290,3268,3704,4506,6025,3190,3467,3765,4139,-7.04038,23.8739,8.73729,48.052
58509,4080,6156,9564,5991,3914,4571,5229,4519,3517,3588,3788,3708,3141,3272,3457,3273,-28.1312,6.25256,8.60991,47.8453
58510,3878,5277,9629,7338,3657,4238,5368,5017,3378,3659,3874,3796,3180,3303,3376,3223,-27.7074,10.9281,8.50294,48.1273
58511,3408,4069,6918,11275,3507,3805,5108,6156,3347,3464,3854,4148,3166,3156,3323,3503,-26.2104,21.8446,8.54991,48.138
58512,3692,3574,3180,3032,4588,4083,3636,3242,8417,5285,3915,3283,9077,5690,3923,3528,15.981,-24.6675,8.57653,48.0967
58513,3418,3431,3373,3229,4020,4126,3654,3480,5480,6926,4583,3769,6075,7761,4938,3703,16.8015,-9.92743,8.96586,47.9773
58514,3284,3505,4251,4789,3220,3831,4872,8140,3314,3734,5172,8401,3194,3574,4326,4807,0.464847,27.1107,8.7237,48.276
58515,3844,3762,3314,3162,5458,4219,3632,3275,9752,5350,3794,3345,7289,5055,3865,3301,10.2619,-29.0839,8.54633,48.278
58516,3313,3557,4315,5151,3354,3678,4965,8890,3326,3710,4873,7549,3221,3542,3995,4549,-2.14274,32.0739,8.77321,47.992
58517,3299,3513,4024,4085,3360,3900,5268,5751,3418,4140,6812,7780,3268,3779,4776,5257,5.13909,17.3151,8.78067,48.2867
58518,3226,3412,3345,3145,3517,3597,3743,3634,4090,4674,5125,4381,4269,6816,9353,5454,28.9144,4.20668,8.84277,47.854
58519,3393,3889,6000,12478,3378,3755,4915,5971,3213,3342,3747,4012,3221,3324,3398,3420,-31.5303,28.7428,8.81064,47.6373
58520,3315,3231,3344,3203,3819,3720,3625,3431,4785,5473,4397,3706,6524,9738,5823,3895,27.2937,-8.08927,8.52962,48.0193
58521,3223,3295,3306,3341,3418,3791,3750,3658,3891,4635,5155,4455,4305,7170,9227,5446,29.8306,3.693,8.73483,48.044
58522,3290,3237,3290,3094,3827,3783,3582,3459,4633,5641,4655,3794,6004,9583,6257,4046,24.311,-6.5749,8.96431,48.1167
58523,6207,8527,5205,3887,5207,6577,4640,3689,3791,4126,3661,3404,3420,3415,3359,3166,-18.6399,-8.89196,8.9045,48.1873
58524,4905,8689,7958,4610,4214,4815,4856,4141,3502,3840,3716,3472,3262,3316,3523,3249,-32.2052,-1.05593,8.98776,48.0453
58525,4224,4458,3714,3372,5405,6769,4623,3608,5419,6946,4449,3615,4268,4353,3850,3334,0.268895,-10.2927,8.68924,48.2713
58526,5797,9900,6362,3988,4617,5248,4456,3794,3825,3899,3701,3314,3240,3406,3262,3182,-32.611,-5.78348,8.94984,47.994
58527,11932,5852,3857,3469,6688,4846,3678,3377,4132,3776,3380,3241,3353,3435,3339,3065,-23.8192,-30.7695,8.60135,47.6133
58528,3115,3263,3324,3453,3128,3434,3816,3969,3286,3838,4873,6190,3406,4101,7006,11676,27.6082,22.528,8.70232,47.9187
58529,3860,5957,9896,6262,3843,4519,5268,4653,3368,3626,3794,3668,3205,3298,3440,3371,-32.3159,7.80985,8.62993,48.0187
58530,3621,4272,5097,4441,3728,4938,8008,5525,3520,4231,5421,4707,3396,3672,3917,3810,-5.97995,8.8167,8.57526,48.2027
58531,4172,6714,9482,5789,3904,4609,5252,4431,3474,3668,3810,3603,3274,3365,3432,3278,-29.0923,5.14778,8.62033,48.1713
58532,4291,6233,6832,4734,4202,5955,6564,4468,3620,4153,4039,3757,3278,3391,3419,3422,-15.8743,1.77236,8.50809,48.2387
58533,4183,3853,3599,3292,6013,5299,3945,3316,7847,6679,4105,3467,5183,4677,3701,3387,4.34488,-17.2351,8.87797,48.364
58534,9952,8321,4339,3517,5649,5126,3941,3348,3870,3785,3492,3229,3443,3435,3253,3128,-31.4775,-17.0359,8.81546,47.8853
58535,3398,4041,5565,6334,3455,4123,6698,7991,3336,3617,4646,5029,3190,3439,3636,3685,-10.1507,17.9131,8.69842,48.122
58536,3387,3332,3344,3195,3821,3848,3567,3221,5430,5382,4087,3608,8469,8807,4673,3573,26.1051,-14.234,8.51615,47.8293
58537,3315,3512,3795,3639,3503,4208,5087,4432,3690,5094,8333,5581,3553,4369,5463,4673,7.97952,8.28004,8.86425,48.1647
58538,3282,3734,4534,5461,3295,3732,5008,9476,3315,3759,4646,7067,3198,3389,3963,4299,-3.57153,30.8734,8.79334,48.1053
58539,4255,4124,3461,3176,6152,5373,3940,3398,7751,6650,3972,3449,5046,4633,3792,3302,3.93518,-17.6447,8.80669,48.316
58540,3073,3296,3428,3473,3290,3503,3940,3989,3474,4018,5481,6062,3537,4346,7910,9493,23.2928,17.3903,8.97712,48.2087
58541,3057,3343,3428,3369,3350,3742,3887,3786,3747,4366,5895,5059,3859,5377,9237,6870,22.6685,9.8364,8.84959,48.248
58542,4768,7990,7321,4608,4283,5447,5289,4045,3624,3902,3831,3590,3262,3415,3319,3173,-21.6417,-0.872701,8.88674,47.9113
58543,4444,6880,9305,5447,3773,4869,5036,4428,3489,3604,3834,3585,3195,3345,3435,3361,-29.1602,3.89033,8.54508,48.02
58544,3171,3150,3460,3548,3179,3513,4063,4322,3444,3913,5637,7693,3396,4083,6317,9234,17.3403,20.9951,8.97104,48.082
58545,3099,3234,3435,3403,3274,3524,3963,3817,3649,4421,5485,5187,3731,5150,9461,7495,25.2309,11.5568,8.70893,48.2187
58546,3376,3363,3371,3244,3506,3702,3787,3537,4193,4986,5033,4142,4824,8251,8259,4918,26.8105,0.140663,8.9162,48.328
58547,3912,4272,3939,3613,4478,6479,5382,3929,4549,6547,5377,3780,3865,4279,3936,3652,0.135063,-3.92069,8.53708,47.9927
58548,11413,6374,4041,3331,6965,5027,3937,3250,4129,3892,3399,3220,3530,3373,3170,3056,-22.2145,-24.9903,8.80318,48.0713
58549,3425,3369,3160,3100,3920,3728,3318,3253,5891,4815,3914,3445,12059,6696,4029,3340,31.3409,-23.4172,8.78045,47.6413
58550,4697,7866,8488,4835,4138,4934,5057,4097,3532,3683,3745,3584,3363,3357,3337,3290,-32.7781,0.718853,8.74317,48.002
58551,3094,3269,3584,3532,3312,3520,4040,4040,3532,4311,6133,5668,3704,4856,8326,7264,19.7838,12.6554,8.72649,48.1233
58552,4075,4432,4125,3678,4710,7115,5294,3867,4673,6447,4973,3807,3866,4169,3843,3471,-1.38747,-5.24127,8.90444,48.3633
58553,7778,6349,4126,3483,7676,6250,4120,3537,4507,4171,3645,3272,3606,3550,3274,3124,-14.984,-18.0196,8.92254,48.312
58554,3480,4011,6774,9805,3381,3972,5503,7123,3249,3677,4031,4159,3088,3171,3417,3417,-19.3307,20.5354,8.94173,48.172
58555,11496,6679,3907,3378,6767,5051,3831,3407,4161,3889,3422,3120,3476,3327,3206,3136,-23.3497,-23.146,8.99331,48.1687
58556,3804,4035,3901,3697,4228,5932,5393,4094,4395,6528,5983,4083,3833,4383,4272,3710,1.45376,-1.81159,8.84184,48.1807
58557,2938,3246,3477,3441,3228,3499,3931,4187,3394,3806,5042,7341,3463,3776,6067,11185,21.0202,26.0582,8.62323,48.014
58558,3370,3549,3627,3313,3824,4493,4514,3813,4374,6798,7029,4387,4293,5443,5557,4181,10.7976,0.260151,8.88714,48.3767
58559,12130,6105,3986,3447,6786,4902,3863,3360,3931,3614,3536,3223,3327,3286,3245,3052,-24.2068,-27.2008,8.80677,47.862
58560,10617,7857,4290,3513,5738,4980,3902,3401,3920,3859,3493,3193,3329,3308,3338,3109,-32.6797,-18.7987,8.93968,47.898
58561,3696,4875,8999,8310,3540,4087,5385,5477,3330,3434,3917,3902,3220,3321,3317,3425,-26.3963,13.84,8.53301,48.1567
58562,3570,3511,3392,3074,4564,4084,3523,3316,8738,5010,3762,3327,9331,5474,3846,3419,15.5326,-29.2162,8.73201,47.9607
58563,5933,4606,3675,3360,9883,5182,3913,3296,6353,4461,3682,3297,4008,3812,3441,3199,-5.85235,-33.1203,8.987,48.0673
58564,3364,3722,4688,5507,3368,3851,6042,9026,3313,3722,4962,6491,3107,3363,3957,4098,-4.57863,21.5628,8.88599,48.3873
58565,7066,9072,5119,3781,5444,5995,4434,3609,4006,3896,3632,3236,3366,3415,3195,3055,-21.2291,-10.9776,8.89492,48.214
58566,3345,3519,3682,3452,3492,4132,4973,4296,3804,5288,8099,5481,3564,4295,5618,4722,8.60961,7.72462,8.97423,47.8413
58567,4218,3874,3483,3117,6375,5173,3774,3326,8681,6123,3897,3398,5347,4540,3675,3296,4.25659,-20.5474,8.72334,48.198
58568,3263,3703,3818,3544,3478,3941,5122,4417,3604,4818,8119,5955,3603,4358,5613,5024,9.05871,10.004,8.59242,48.2533
58569,3222,3348,3347,3268,3626,3793,3883,3469,4334,5555,5278,4184,4906,7898,7640,4726,22.135,-0.675899,8.60079,48.318
58570,4482,4736,4000,3536,5495,7467,4773,3612,4868,6106,4271,3565,3974,4205,3682,3341,-2.83619,-9.5949,8.5403,48.0753
58571,4119,4352,3795,3375,5328,6990,4548,3608,5328,6857,4604,3602,4327,4280,3872,3381,-0.270883,-9.84853,8.83152,48.244
58572,3354,3380,3216,3189,3801,3922,3571,3388,5086,5298,4316,3679,7783,9291,5113,3725,26.9424,-12.2123,8.51581,48.0747
58573,3102,3205,3276,3359,3164,3517,3756,3899,3395,3780,4862,6323,3390,4088,6365,12585,27.6427,25.6014,8.98141,48.044
58574,9887,6203,4102,3482,7687,5424,3906,3404,4227,3872,3511,3328,3448,3392,3325,3039,-18.607,-22.2068,8.9067,48.158
58575,3458,4032,5871,11187,3297,3881,4861,7348,3194,3430,3784,4238,3101,3185,3386,3427,-20.8103,28.6242,8.76995,47.7867
58576,3310,3389,3269,3205,3732,3845,3582,3324,4883,5398,4308,3595,6769,9921,5656,3991,29.6175,-8.996,8.53723,48.118
58577,4102,3832,3295,3172,6435,4688,3629,3335,9736,5472,3820,3445,5996,4647,3578,3216,6.23044,-25.9581,8.74423,48.2653
58578,3381,3475,3247,3045,3804,3746,3321,3191,5998,4702,3844,3402,12221,6712,4105,3382,28.32,-23.9003,8.7011,47.7173
58579,3366,3345,3313,3285,3632,3746,3756,3613,4254,5156,4872,3998,4971,8644,7836,4625,28.8826,-1.42861,8.84334,48.2747
58580,3330,3936,5683,7852,3371,3908,5763,8706,3255,3571,4107,4844,3271,3347,3705,3761,-13.0797,22.6099,8.54432,48.2733
58581,3123,3304,3291,3411,3362,3409,3825,3943,3364,3765,4712,5961,3355,3895,6013,12631,30.945,30.6997,8.76873,47.576
58582,7556,5564,3855,3416,8769,5969,3947,3479,4975,4365,3617,3319,3697,3588,3374,3137,-12.7733,-21.4367,8.53819,48.418
58583,3600,3599,3292,3075,4612,4157,3530,3261,8420,5676,3958,3368,8452,5727,4044,3270,14.9566,-21.9519,8.96682,48.0273
58584,10282,6383,4143,3431,7130,5171,3852,3471,4207,3915,3548,3286,3419,3457,3221,3096,-20.2002,-22.649,8.64264,48.008
58585,12414,6336,3883,3411,6089,4882,3744,3403,3898,3803,3527,3105,3365,3218,3171,3137,-28.0892,-26.3483,8.89263,47.5907
58586,3383,3943,4444,4230,3837,4688,7073,5287,3726,4638,6765,5013,3441,3813,4252,4039,-1.14856,8.68454,8.55484,48.3813
58587,3166,3454,3880,4016,3380,3815,4925,5874,3312,4115,6314,8292,3422,3859,4900,5750,6.37026,19.5846,8.53272,48.316
58588,4383,3992,3486,3100,7329,4812,3737,3337,9262,5092,3900,3378,5378,4221,3574,3342,3.02373,-27.2529,8.90737,48.2153
58589,3866,4454,4752,4082,3991,6441,7166,4461,3960,5012,5329,4049,3522,3689,3913,3656,-5.09155,1.47733,8.99587,48.2287
58590,3524,3522,3249,3112,4524,4053,3530,3216,8500,5101,3759,3276,9389,5514,3935,3455,16.3003,-33.7832,8.83121,47.7727
58591,3195,3170,3494,3446,3261,3457,3858,3996,3484,3929,5177,5939,3377,4302,7598,10276,24.6046,19.0832,8.65595,47.9727
58592,4729,4281,3509,3221,7893,4982,3644,3275,8570,5163,3819,3480,4710,4221,3507,3269,0.588918,-25.3352,8.89923,48.182
58593,3205,3543,4025,4467,3263,3789,5002,7454,3393,3876,5299,8585,3285,3665,4313,5143,2.14543,24.218,8.73489,48.2047
58594,3822,3826,3565,3232,4730,5165,3919,3497,6189,8015,4705,3571,4943,5435,4066,3533,7.66379,-11.0826,8.92493,48.142
58595,3168,3339,3502,3403,3521,3720,3949,3836,3859,5004,6529,4860,4012,5650,8202,5512,18.5467,5.84952,8.92557,48.044
58596,3323,3554,3976,4045,3456,4018,5517,5458,3594,4328,7267,6711,3365,3930,4917,4907,4.75515,14.1657,8.68354,48.244
58597,4477,4029,3494,3201,7489,4806,3750,3341,9200,5114,3829,3459,5134,4307,3579,3333,2.65931,-28.3321,8.93786,48.3613
58598,3596,4241,6056,6252,3525,4538,6954,6939,3317,3759,4501,4496,3160,3355,3619,3632,-12.361,14.844,8.60001,47.96
58599,5296,5465,4265,3509,6595,7794,4592,3592,4684,4970,3882,3410,3785,3839,3585,3277,-8.47687,-12.3992,8.76039,48.36
58600,3287,3356,3349,3211,3514,3643,3828,3513,4143,4879,5009,4209,4749,8177,8311,4724,31.1248,0.171387,8.70233,47.9347
58601,5573,9410,6654,4196,4521,5293,4701,3916,3579,3765,3753,3509,3282,3451,3305,3202,-29.4308,-4.74862,8.62727,48.0733
58602,3217,3417,3756,3975,3212,3665,4322,5890,3308,3831,5195,10096,3376,3591,4718,6454,7.71741,32.8784,8.95473,48.0153
58603,3289,3335,3427,3240,3692,3908,3912,3586,4438,5688,5379,4182,4765,7640,7299,4594,20.5107,-0.686969,8.67092,48.2493
58604,11329,7106,4084,3377,5855,4986,3804,3382,3972,3869,3481,3267,3335,3525,3278,3179,-32.3946,-20.9942,8.60126,47.886
58605,4944,4272,3546,3161,8578,5162,3772,3346,7815,4883,3873,3347,4602,4054,3472,3252,-1.21399,-33.1523,8.52426,48.0527
58606,3977,3685,3386,3149,5599,4314,3616,3240,9892,5259,3865,3278,6888,4818,3658,3395,9.31767,-28.5718,8.63597,48.0127
58607,3355,3843,5859,9241,3327,3822,5403,8658,3309,3541,4049,4690,3157,3262,3528,3491,-15.6761,24.433,8.78809,48.3567
58608,3704,4732,6396,4952,3818,5334,8039,5301,3494,3957,4463,4156,3230,3479,3598,3446,-11.8151,7.07634,8.89628,48.066
58609,11072,7258,4134,3437,5962,4969,3847,3436,3988,3799,3442,3333,3460,3501,3343,3108,-33.7731,-20.6423,8.68199,48.0593
58610,3345,4269,7654,10651,3498,3973,5093,5681,3147,3556,3775,3940,3153,3307,3405,3403,-33.6407,19.3022,8.68527,47.9
58611,4236,5438,4914,3858,4633,7697,6242,4065,3930,4914,4352,3777,3536,3687,3541,3464,-8.67316,-2.81123,8.95154,48.1893
58612,3464,3347,3241,3050,3985,3912,3497,3152,6727,4833,3812,3380,11710,6302,3880,3535,23.3116,-25.4891,8.98776,47.8847
58613,3192,3365,3323,3268,3517,3740,3789,3670,4081,5144,5127,4344,4661,7696,8451,4968,24.1382,1.12082,8.52325,48.224
58614,3392,3388,3157,3145,3884,3856,3546,3279,5648,5038,4073,3376,9921,8168,4345,3512,29.539,-17.7187,8.5114,47.8187
58615,3576,4369,7833,8195,3537,4222,6025,6263,3285,3670,4123,4063,3123,3309,3470,3512,-19.4779,15.5631,8.9645,48.3833
58616,3671,4997,9219,8062,3528,4210,5403,5292,3223,3510,3907,3875,3122,3252,3291,3331,-25.5366,13.0192,8.76088,47.9287
58617,3149,3456,3819,4032,3237,3622,4433,6058,3416,3756,5232,9861,3379,3694,4705,6215,7.49561,29.2079,8.60088,48.0427
58618,3441,4606,8873,9293,3497,3896,5098,5489,3370,3488,3836,3831,3150,3178,3360,3349,-28.0265,15.6582,8.82151,47.8367
58619,3961,3938,3432,3205,5807,5046,3842,3356,8111,6565,3964,3417,5404,4896,3848,3398,5.63416,-18.3902,8.62062,48.1267
58620,3574,4603,8451,8025,3444,4201,5816,5734,3408,3536,3911,3986,3036,3254,3503,3390,-22.0416,14.2255,8.91423,47.9147
58621,3429,3362,3222,3163,3942,3879,3434,3227,6360,4895,3892,3423,11680,6863,4142,3361,25.6139,-22.8495,8.84145,48.1827
58622,3036,3184,3408,3495,3298,3494,4004,4254,3451,3992,5553,6927,3443,4164,7053,9383,19.1866,19.3532,8.99004,48.0927
58623,3356,3498,3445,3201,3799,4199,3862,3530,4798,7043,5468,3962,5087,7305,5679,3973,15.764,-4.76244,8.71535,48.1367
58624,4450,5259,4528,3845,5014,7907,5569,3938,4152,5168,4221,3671,3601,3747,3655,3334,-7.25119,-5.3547,8.73528,48.0393
58625,3687,4489,7424,7169,3532,4392,6662,6250,3371,3550,4156,4154,3167,3286,3503,3618,-16.929,13.779,8.74873,48.2733
58626,3182,3310,3401,3451,3200,3466,3895,3939,3368,3806,4933,5746,3359,3986,7215,11504,31.7187,21.954,8.76446,47.8407
58627,3605,4198,5955,5606,3783,4593,7873,6239,3383,3867,4860,4476,3178,3391,3736,3727,-10.3972,12.0417,8.80779,48.3133
58628,7146,6791,4246,3609,6844,6661,4075,3445,4321,4252,3577,3264,3568,3683,3400,3247,-15.4603,-15.4244,8.78385,48.086
58629,3983,3702,3497,3372,4903,5335,3938,3566,6522,7783,4679,3626,4986,5100,3999,3490,6.57683,-12.0832,8.69366,48.3207
58630,3368,3457,3445,3284,3607,4144,3996,3637,4418,6211,5852,4233,4729,7111,6625,4337,17.157,-1.29507,8.58533,48.3027
58631,4259,3957,3377,3152,6923,4897,3840,3263,9058,5338,3890,3248,5359,4408,3663,3251,3.61423,-25.4879,8.59875,47.922
58632,9091,5336,3823,3408,8746,5281,3921,3457,4664,4127,3485,3280,3636,3546,3228,3215,-14.9705,-30.9872,8.60024,48.1627
58633,4309,4024,3527,3180,7129,4776,3705,3327,9429,5137,3716,3324,5514,4379,3618,3319,3.6182,-27.011,8.92553,48.2753
58634,3184,3227,3383,3359,3465,3495,3879,3907,3602,4083,5356,5112,3633,4882,9430,7916,33.7646,12.7062,8.67372,47.942
58635,5876,4823,3774,3377,9157,5881,3870,3380,5910,4615,3701,3421,4062,3874,3295,3167,-6.70847,-22.5723,8.59143,48.122
58636,3435,3327,3200,3082,3869,3835,3399,3274,6070,4927,3811,3425,12209,6554,3967,3487,26.6523,-24.2063,8.76095,47.914
58637,3669,4693,8627,8436,3447,4180,5460,5636,3406,3455,3789,4009,3089,3279,3382,3391,-23.3253,14.3945,8.71371,47.9653
58638,3287,3523,3946,4158,3301,3752,4943,6300,3434,4003,6026,8730,3287,3659,4705,5380,4.77163,20.6516,8.55687,48.2893
58639,5843,9878,6470,4088,4685,5302,4475,3785,3714,3837,3597,3371,3328,3269,3196,3121,-28.807,-6.22699,8.89863,47.9727
58640,4424,4516,3690,3348,6096,6657,4373,3571,5835,6338,4164,3543,4299,4336,3691,3357,-0.894493,-13.4306,8.50183,48.1587
58641,3368,3957,5720,9930,3474,3839,5237,8217,3204,3436,3839,4389,3143,3199,3429,3604,-17.765,27.9731,8.63561,47.99
58642,3331,3487,3621,3487,3682,4327,4646,3947,3978,6082,7661,4802,3973,5036,5867,4611,10.692,3.84729,8.74044,48.3587
58643,5125,8615,7671,4413,4199,4953,4894,4098,3724,3851,3741,3503,3246,3310,3336,3162,-31.1142,-1.40679,8.56184,47.894
58644,3135,3279,3507,3389,3389,3745,3990,3858,3710,4629,6390,4976,3878,5397,8743,6202,19.843,8.57307,8.99695,48.1447
58645,5763,4557,3624,3298,9726,5303,3971,3321,6446,4581,3676,3285,4118,3857,3508,3141,-5.97644,-28.5122,8.62896,48.1167
58646,3087,3215,3436,3424,3258,3437,3930,4103,3399,3736,5047,7334,3378,3884,5861,11217,21.1455,29.3697,8.90179,47.8307
58647,3275,3430,3266,3199,3548,3811,3807,3508,4290,5583,5410,4237,4854,8104,7441,4640,21.4795,-0.959876,8.86511,48.2687
58648,3232,3282,3312,3274,3269,3615,3880,3854,3664,4303,5737,5003,3862,5574,9671,6509,24.065,8.66405,8.94585,48.0273
58649,3308,3346,3399,3458,3468,3775,3736,3652,4150,4811,5082,4323,4499,7605,8761,4816,33.6299,1.20485,8.92321,48.126
58650,10545,5633,3875,3441,7838,5033,3928,3444,4233,3961,3401,3245,3411,3360,3294,3089,-18.8699,-30.5695,8.52309,47.8207
58651,3469,3544,3481,3275,3926,4359,4054,3682,4764,7367,5813,4008,4646,6615,5416,3960,13.5119,-3.75683,8.92368,48.2527
58652,5667,6783,4810,3746,5706,7495,4746,3773,4314,4429,3826,3420,3545,3636,3436,3205,-13.8827,-9.91643,8.60819,48.358
58653,3148,3282,3508,3295,3316,3644,3809,3717,3738,4425,5306,4664,4069,6024,10017,6508,28.6058,7.82169,8.86691,48.3133
58654,3282,3400,3334,3201,3682,4098,3753,3438,4937,6363,4724,3810,5824,8744,5825,3866,20.2511,-7.29185,8.79291,48.1873
58655,3151,3510,3878,4211,3285,3697,4767,6905,3313,3759,5550,9204,3182,3663,4606,5609,4.33822,23.9521,8.99343,48.1933
58656,3171,3347,3467,3361,3344,3646,3832,3825,3699,4274,5478,4828,3911,5925,9646,6451,26.7937,8.12865,8.57694,48.1367
58657,4411,4073,3538,3153,7044,5000,3645,3451,8839,5631,3944,3255,5144,4415,3651,3233,3.11173,-22.5587,8.83133,48.2847
58658,4910,8702,8039,4572,4147,4942,5039,4054,3532,3713,3725,3551,3260,3329,3410,3138,-28.2506,-1.13837,8.83817,48.042
58659,3512,3898,3715,3467,4179,5167,4770,3770,4729,7459,6084,4023,4152,4932,4352,3765,5.73313,-2.87319,8.55009,47.9827
58660,3443,3764,4493,5041,3434,3961,6318,7511,3348,3769,5468,6401,3301,3564,4250,4366,-2.51979,18.0898,8.87901,48.288
58661,3377,3412,3257,3055,3965,3941,3459,3355,5586,5404,4057,3523,8894,8736,4657,3599,26.696,-15.1804,8.61478,48.1847
58662,3220,3598,4368,5355,3397,3731,5250,9439,3336,3709,4775,6894,3244,3468,3833,4325,-3.97379,25.5238,8.82297,47.9613
58663,3285,3442,3862,4094,3305,3693,4706,5871,3422,3969,6041,8913,3283,3705,4776,5811,6.38024,21.3461,8.53176,48.1187
58664,4283,4392,3851,3447,5381,6902,4565,3631,5275,6813,4489,3519,4192,4323,3856,3464,-0.239781,-9.51567,8.56024,48.2553
58665,3779,4849,7411,6044,3718,4633,7189,5650,3436,3797,4278,4202,3130,3315,3541,3400,-15.7362,9.72611,8.5447,48.248
58666,4588,4186,3476,3270,7884,4938,3757,3299,8492,5045,3785,3438,4815,4285,3564,3249,0.960856,-33.4889,8.78752,48.0473
58667,3668,4203,5412,4729,3747,4910,7898,5838,3519,4122,5329,4553,3375,3531,3860,3811,-7.3181,9.95966,8.59021,48.3367
58668,5171,9053,7354,4371,4363,5291,4778,4000,3686,3853,3781,3504,3282,3380,3148,3197,-26.2004,-2.80945,8.91139,48.1413
58669,3904,5618,7801,5521,3723,4887,7014,4991,3533,3820,4145,3857,3245,3505,3459,3343,-17.3688,6.89756,8.72601,48.244
58670,3168,3522,3897,4555,3343,3592,4818,7110,3348,3774,5299,9177,3228,3563,4476,5287,3.17958,26.0297,8.93343,48.1047
58671,12604,6117,3972,3376,6145,4775,3780,3307,3878,3776,3436,3176,3318,3438,3246,3189,-27.0942,-32.3655,8.65208,47.6887
58672,3349,3404,3292,3150,3879,3853,3590,3373,5502,5204,4001,3470,9315,8448,4527,3610,28.1546,-15.6719,8.60623,47.978
58673,3329,3489,3534,3524,3573,3960,4323,4116,3768,5212,7498,5374,4001,4944,6705,5236,13.6041,7.26986,8.50094,48.3907
58674,3536,4264,6137,5727,3654,4489,7633,6578,3546,3828,4536,4548,3235,3403,3713,3598,-11.7981,12.5168,8.73418,48.2833
58675,7067,5098,3763,3395,9761,5501,3729,3353,5309,4300,3703,3342,3851,3669,3281,3052,-9.83214,-26.9653,8.53205,48.116
58676,3149,3349,3530,3616,3294,3614,4065,4996,3340,3910,5486,9320,3295,3840,5213,7867,12.6769,26.147,8.77454,47.9227
58677,3465,3500,3323,3183,4079,4209,3649,3444,5985,6662,4467,3711,6737,7722,4553,3584,17.487,-12.5629,8.64911,48.182
58678,3360,4272,6933,10072,3459,3865,5578,6645,3191,3513,4006,4074,3102,3273,3388,3429,-21.4604,20.2949,8.67837,48.1067
58679,3373,4036,5110,7708,3415,3816,5247,9492,3290,3629,4140,4901,3189,3274,3593,3674,-12.1742,33.2383,8.55863,47.9247
58680,9661,6657,4063,3444,7155,5343,3950,3355,4259,3963,3468,3259,3452,3437,3302,3189,-19.244,-21.0661,8.68524,47.9713
58681,3247,3446,3726,3864,3412,3617,4300,5869,3443,3810,5108,9913,3334,3798,4709,6439,7.98463,30.8687,8.83334,48.0233
58682,3060,3480,3531,3640,3209,3558,4328,5103,3506,3945,5971,8990,3395,3883,5398,7130,11.2497,21.5407,8.77667,48.0847
58683,3291,3563,3957,3978,3343,3872,5146,5719,3536,4073,6886,7537,3308,3836,4867,5282,5.35663,16.5327,8.85263,48.1293
58684,3880,3730,3416,3178,5691,4321,3647,3303,9736,5358,3878,3431,6644,4858,3825,3259,8.89194,-26.9838,8.52808,48.1033
58685,3164,3363,3503,3338,3455,3913,4054,3869,3865,5240,6907,4782,4018,5648,7607,5443,16.8368,5.51035,8.56283,48.1127
58686,3091,3152,3460,3431,3226,3437,3894,4206,3271,3733,4880,7724,3414,3813,5837,10942,19.7863,28.102,8.88285,47.674
58687,3541,4092,4864,4331,3679,4918,7854,5341,3533,4502,5619,4706,3426,3685,3961,3855,-4.94567,8.4176,8.73285,47.938
58688,6959,4848,3753,3329,10085,5255,3737,3274,5496,4362,3537,3277,3818,3721,3331,3190,-9.41283,-26.5426,8.98648,47.9813
58689,3601,3620,3365,3052,4890,4087,3488,3331,8987,5370,3828,3351,8325,5488,3873,3407,13.9878,-24.9638,8.65417,48.042
58690,3424,3451,3221,3098,3990,3981,3683,3334,5649,5883,4171,3576,7897,8707,4733,3626,21.5992,-13.6454,8.88621,48.2827
58691,3274,3574,4160,4276,3401,3983,6052,6007,3394,4055,6792,6802,3437,3717,4750,4688,2.15849,15.47,8.85553,48.2413
58692,4217,5823,6646,4531,4131,6126,6879,4567,3637,4131,4191,3801,3317,3496,3577,3434,-14.6481,2.12095,8.69877,48.336
58693,3130,3488,3862,3985,3415,3831,4828,5232,3468,4213,7008,7927,3377,3972,5215,5799,8.03348,17.1064,8.71249,48.5
58694,3489,4461,7881,8539,3560,4131,5758,6180,3376,3513,3927,4219,3059,3345,3473,3484,-20.862,16.1678,8.55444,48.2633
58695,3244,3598,4122,4548,3394,3782,4867,7905,3296,3757,4965,8475,3416,3543,4144,4992,1.28861,31.2958,8.79346,48.032
58696,4541,5865,4935,3923,5008,7905,5685,3894,4009,4711,4136,3608,3449,3592,3501,3256,-10.4775,-5.00716,8.9355,48.012
58697,3628,3980,4014,3608,4046,5499,5797,4288,4158,6063,6326,4190,3920,4208,4323,3850,1.50888,0.671523,8.58186,47.932
58698,3382,3360,3271,3160,4025,3769,3465,3234,6381,5099,3877,3369,10929,7002,4218,3437,23.5233,-20.9646,8.98396,47.9853
58699,3937,5112,5881,4474,4019,6221,7594,4725,3604,4251,4577,3864,3354,3546,3634,3506,-10.5271,3.35599,8.74961,48.1993
58700,3820,5519,10000,6946,3675,4386,5448,4895,3452,3605,3764,3628,3176,3329,3361,3234,-27.0426,9.27806,8.76602,48.1587
58701,3100,3292,3710,3700,3378,3655,4359,4902,3468,3989,6450,8359,3402,3840,5544,6759,11.1025,19.2316,8.8653,47.938
58702,3296,3716,4019,3789,3502,4537,6130,4783,3730,4917,7876,5409,3520,4116,4843,4326,3.72795,8.28979,8.93861,48.3393
58703,4225,3864,3426,3111,6781,4639,3720,3313,9556,5160,3766,3296,5655,4450,3628,3334,4.36192,-27.828,8.87357,47.9493
58704,4900,4327,3532,3202,8093,5752,3912,3485,7079,5414,3730,3367,4537,4239,3442,3360,-1.44891,-20.6414,8.83954,48.2473
58705,3001,3259,3390,3386,3236,3436,3962,4175,3456,3945,5365,6652,3509,4060,7111,10142,21.2417,20.47,8.85473,48.0567
58706,4513,6687,7693,4947,4136,5397,6038,4423,3607,3927,3980,3737,3284,3422,3403,3384,-19.3367,2.03829,8.54362,48.3853
58707,3849,5305,9047,6588,3613,4451,6222,5054,3370,3718,3887,3903,3110,3319,3406,3371,-20.967,9.5615,8.5958,48.142
58708,3285,3457,3639,3671,3318,3595,4354,5000,3379,3880,5999,8947,3405,3841,5285,7211,11.8509,21.3913,8.96081,48.1773
58709,3645,3679,3396,3120,4508,4606,3699,3352,7026,7248,4279,3524,6199,6191,4305,3533,12.11,-14.9304,8.82184,48.2067
58710,3158,3213,3579,3605,3258,3574,3978,4822,3405,3816,5079,9374,3412,3834,5314,8395,13.6396,30.4379,8.9493,47.8773
58711,8377,6614,4250,3475,7085,5965,4144,3433,4313,4122,3623,3309,3639,3582,3342,3072,-16.9964,-18.3874,8.51507,48.23
58712,12568,6110,3897,3367,6014,4772,3749,3295,3870,3847,3455,3147,3497,3295,3317,3178,-32.9854,-25.6775,8.87782,47.5853
58713,3170,3580,4090,4501,3356,3806,4894,7237,3570,3834,5343,8646,3361,3632,4473,5018,2.39744,23.4084,8.89779,48.3407
58714,3740,3620,3234,3177,4720,4238,3731,3236,8595,6067,4017,3437,7431,5726,3958,3378,12.743,-20.3819,8.70666,48.2033
58715,12424,5947,3942,3406,6256,4903,3719,3428,3879,3698,3411,3242,3317,3404,3237,3169,-25.7299,-31.4783,8.84418,47.588
58716,3165,3363,3310,3241,3389,3744,3899,3720,3930,4767,5216,4381,4491,7092,8906,5338,25.5035,3.22293,8.63118,47.968
58717,3126,3291,3315,3352,3373,3504,3785,3945,3446,3926,4972,5755,3375,4318,8081,10291,29.8001,18.1025,8.6787,47.9033
58718,3330,3440,3302,3165,3747,3754,3460,3416,5242,5403,4278,3628,7634,9402,5186,3769,25.5358,-11.7191,8.54072,48.104
58719,3745,4501,5108,4511,3922,5661,7969,4866,3717,4461,5308,4245,3451,3633,3872,3659,-6.5859,5.10542,8.72483,48.4193
58720,3096,3253,3367,3489,3268,3443,3841,4360,3409,3914,5148,7674,3399,3960,5963,10007,18.5756,24.1508,8.73055,47.7273
58721,3331,3537,4029,3780,3587,4316,5884,4841,3584,4848,8022,5634,3583,4026,5002,4517,5.06283,9.55695,8.81241,48.3473
58722,4005,3762,3377,3205,5962,4453,3677,3249,9937,5259,3796,3322,6429,4834,3736,3286,7.63159,-31.9765,8.87323,48.1927
58723,4151,3902,3375,3148,6929,4604,3618,3289,9497,5252,3840,3329,5718,4466,3568,3333,4.78369,-27.618,8.68693,48.0127
58724,4936,4257,3555,3353,8683,5052,3750,3260,7895,4993,3653,3301,4697,4035,3537,3206,-1.11964,-26.785,8.9943,48.1087
58725,3249,3345,3578,3630,3542,3886,4611,4400,3717,4614,7667,6279,3616,4317,6228,5741,11.4927,12.5378,8.66479,48.28
58726,3456,3903,6125,12674,3399,3691,4747,6058,3256,3482,3816,3957,3107,3224,3353,3349,-30.8457,28.421,8.59536,47.7313
58727,3417,3944,6649,11921,3399,3834,4868,6173,3147,3563,3798,3993,3139,3219,3415,3406,-26.8108,23.7673,8.85464,47.9233
58728,3169,3357,4008,4257,3278,3750,5042,6085,3415,3978,6559,8093,3414,3696,4789,5437,5.26226,18.5131,8.89124,48.218
58729,3358,3381,3179,3108,4120,3848,3424,3310,6710,4874,3711,3333,11836,6102,3881,3431,23.3812,-29.2095,8.68404,47.7373
58730,8763,9148,4750,3531,5180,5142,4130,3527,3813,3809,3611,3245,3389,3412,3288,3251,-32.2601,-14.2513,8.74703,47.9927
58731,3607,4456,8156,9192,3483,4084,5566,5906,3350,3443,3882,3970,3093,3239,3429,3364,-22.6416,16.4318,8.78924,48.1467
58732,6388,7972,4850,3699,5656,6863,4623,3563,3998,4270,3574,3413,3382,3500,3266,3243,-16.9996,-10.7083,8.89592,48.1733
58733,3479,4161,6849,9263,3440,3947,5522,7225,3219,3539,4101,4347,3156,3157,3528,3453,-18.7316,19.8785,8.70885,48.2573
58734,10450,7714,4329,3514,5935,5145,3920,3515,3863,3898,3494,3363,3302,3349,3300,3043,-24.8317,-19.0376,8.68167,48.0893
58735,3503,4149,7531,9762,3493,3970,5430,6474,3151,3540,3837,3999,3132,3291,3351,3403,-22.3572,19.0049,8.56813,48.0107
58736,3498,3941,6019,12644,3507,3713,4661,5794,3403,3422,3585,3882,3170,3346,3403,3356,-31.7593,33.8074,8.88282,47.5627
58737,3228,3494,3815,4044,3343,3612,4418,6241,3465,3820,5259,9816,3288,3586,4527,5875,6.19512,30.4834,8.52836,47.8873
58738,3115,3391,3337,3344,3517,3767,3885,3786,3780,4767,5804,4613,4119,6340,9133,5734,22.1309,5.7091,8.76372,48.288
58739,3137,3213,3417,3401,3371,3583,4026,4078,3587,4227,5751,5986,3579,4512,8001,8357,20.6204,15.4351,8.5266,48.1507
58740,3538,3589,3306,3189,4133,4181,3664,3362,6129,6874,4392,3589,6805,7406,4523,3591,16.1956,-13.0191,8.76064,48.1807
58741,3354,3341,3275,3266,3624,3714,3770,3512,4326,5121,4718,4016,5217,9222,6966,4346,33.0923,-3.45988,8.62274,47.8587
58742,5773,7037,4675,3637,5853,7647,4638,3725,4180,4464,3806,3398,3455,3425,3367,3176,-14.2717,-10.346,8.99488,48.1707
58743,3791,4038,3691,3503,4599,5784,4456,3653,5168,7881,5120,3690,4362,4855,4149,3608,4.24257,-7.1424,8.6137,48.232
58744,3273,3422,3235,3178,3820,3787,3539,3271,5073,5086,4407,3687,6993,9715,5403,3807,33.0942,-9.89425,8.69167,47.7973
58745,3845,4086,3648,3377,4633,5845,4391,3618,5393,7592,5154,3822,4318,4824,4294,3589,4.22838,-7.90203,8.55299,48.286
58746,3742,4593,5149,4392,3988,5729,7808,4974,3632,4578,5393,4105,3356,3728,3821,3719,-6.95068,4.42581,8.66666,48.4713
58747,3209,3420,3727,3854,3347,3701,4364,5078,3457,3941,6120,8779,3315,3787,5362,6835,10.3884,21.1386,8.53854,48.1973
58748,4518,7010,7154,4659,4248,5825,5933,4181,3709,3885,4159,3590,3389,3536,3392,3266,-18.1396,0.111665,8.75463,48.3027
58749,3004,3294,3497,3546,3248,3563,3927,4135,3501,3993,5879,7030,3512,4242,6982,8528,18.3037,18.1137,8.85505,47.9207
58750,4680,4267,3658,3327,7733,5619,3766,3285,7731,5650,3894,3329,4714,4260,3654,3198,-0.00408436,-21.0366,8.9324,48.51
58751,3238,3390,3671,3777,3274,3540,4333,5298,3339,3834,5256,10011,3393,3720,4952,6985,9.88339,32.5222,8.77045,48.0073
58752,3471,3466,3295,3050,4116,4041,3595,3272,5888,6597,4417,3650,7098,8210,4637,3717,18.1443,-13.0104,8.98926,48.3467
58753,3327,3941,6523,12033,3273,3852,4876,6138,3279,3402,3883,3950,3034,3200,3310,3455,-32.8963,24.4019,8.82211,47.6507
58754,7711,9811,5217,3674,5096,5143,4177,3567,3744,3807,3540,3427,3330,3402,3193,3186,-30.4453,-11.7231,8.98997,48.0167
58755,3382,3321,3278,3114,3916,3791,3369,3244,5805,4816,3772,3434,12108,6609,4000,3366,29.4507,-24.0113,8.83782,47.55
58756,3916,3820,3504,3255,5219,4988,3745,3414,7804,7082,4230,3512,5446,5052,3943,3343,7.03682,-16.7519,8.97384,48.182
58757,7349,7371,4480,3641,6228,6729,4223,3590,4125,4036,3661,3257,3472,3639,3276,3139,-16.8072,-13.9457,8.93871,48.144
58758,5234,4417,3619,3418,8911,5622,3806,3424,6939,4941,3798,3426,4385,4055,3514,3208,-3.50149,-23.648,8.69244,48.478
58759,10735,7464,4201,3483,5881,4982,3842,3372,3838,3845,3514,3301,3387,3400,3203,3133,-28.503,-19.8663,8.53186,47.7207
58760,6844,9673,5623,3810,4984,5566,4289,3756,3741,3927,3564,3356,3423,3348,3269,3133,-24.8206,-9.43454,8.93451,48.204
58761,3647,3591,3357,3134,4903,4039,3586,3218,9423,5112,3793,3409,8293,5331,3797,3331,13.5114,-27.3539,8.65431,47.976
58762,6096,5174,3825,3286,8475,6620,4119,3423,5203,4641,3702,3358,3883,3810,3438,3146,-8.97466,-18.7776,8.64484,48.1327
58763,4380,3974,3382,3197,7242,4710,3647,3348,9281,4986,3817,3276,5284,4245,3624,3298,3.14404,-28.8851,8.67929,47.794
58764,3154,3387,3278,3218,3622,3859,3648,3521,4522,5433,4716,3803,5715,9416,6764,4112,25.5228,-5.06185,8.79893,48.112
58765,3933,5596,9902,6535,3763,4301,5464,4865,3280,3560,3777,3830,3140,3313,3463,3298,-25.9744,8.58769,8.7464,48.0133
58766,3343,3368,3275,3160,3992,3690,3601,3354,6175,5068,3915,3410,11704,6761,4053,3373,24.7904,-22.4281,8.80377,48.1613
58767,12311,5876,4055,3439,6298,4812,3712,3320,3853,3898,3561,3205,3262,3398,3166,3121,-26.1088,-32.2526,8.71274,47.5247
58768,4165,4855,4971,3981,4325,6956,6810,4187,3893,4929,4884,3805,3486,3635,3676,3389,-6.91116,-0.239066,8.92533,47.9647
58769,12732,5931,3938,3458,6233,4786,3739,3376,3835,3738,3483,3261,3239,3387,3231,3051,-27.97,-30.4916,8.62135,47.612
58770,8882,5459,3914,3387,8916,5221,3887,3412,4680,4066,3635,3256,3489,3573,3290,3063,-14.9812,-30.4138,8.66898,48.0867
58771,3812,4036,4081,3573,4177,5724,5394,4048,4420,6387,6147,4115,3942,4366,4316,3853,2.10389,-0.807702,8.59593,48.2607
58772,3444,4358,8628,9594,3415,3901,5093,5527,3249,3513,3821,3854,3159,3239,3431,3488,-30.8842,16.4688,8.72717,47.8093
58773,3063,3265,3398,3295,3249,3572,3886,3999,3344,3739,4812,6860,3427,3860,6024,11804,22.9653,28.7902,8.57748,47.7313
58774,3316,3748,4864,6130,3350,3993,6148,9209,3320,3667,4600,5868,3033,3482,3831,3904,-7.66177,21.3747,8.96801,48.3087
58775,3517,3507,3282,3069,4435,4028,3512,3191,7731,5543,3932,3392,9340,6250,4073,3244,17.1948,-22.0326,8.84837,48.0307
58776,3271,3501,4102,4577,3401,3680,4612,7909,3356,3684,5056,8610,3300,3599,4201,5078,1.4471,30.9673,8.79092,47.958
58777,3255,3524,3833,3989,3364,3700,4826,5770,3347,3838,6087,8978,3384,3714,4963,5785,6.82999,21.001,8.56627,48.238
58778,3466,3951,6106,8405,3445,3938,5973,7817,3187,3538,4140,4507,3109,3288,3434,3538,-15.7122,20.1838,8.6342,47.8947
58779,3711,4622,7907,6734,3650,4450,6783,5865,3377,3849,4084,4025,3076,3348,3440,3485,-17.5674,11.8215,8.82314,48.2707
58780,12363,6246,3857,3364,6166,4775,3822,3317,3964,3798,3497,3083,3328,3389,3231,3185,-33.1884,-26.7856,8.65154,47.59
58781,3426,3996,6760,10288,3385,4070,5264,7140,3225,3569,3916,4190,3141,3168,3452,3474,-20.4511,21.7754,8.9892,48.3093
58782,3100,3253,3427,3259,3307,3653,3957,3753,3452,4025,5348,5706,3647,4527,8257,9451,25.5635,16.7401,8.66644,48.0813
58783,3176,3288,3469,3381,3351,3714,4091,4058,3702,4670,7010,5441,3905,5043,7985,6051,17.5317,9.75555,8.66433,48.2233
58784,3057,3421,3809,4120,3323,3673,4718,6368,3296,3775,5606,9542,3296,3817,4568,6000,6.23992,25.4589,8.51851,48.2593
58785,3349,3806,6280,12486,3406,3905,4629,6475,3100,3393,3778,3995,3087,3148,3275,3494,-25.1258,26.6347,8.82421,47.7373
58786,3142,3217,3364,3367,3239,3492,3808,4029,3341,3647,5023,7220,3406,3895,5941,11433,21.2607,27.9469,8.75343,47.7093
58787,4887,8017,6598,4334,4525,6197,5355,4003,3719,3904,3918,3580,3152,3395,3306,3287,-19.0945,-2.80128,8.78716,48.118
58788,3101,3283,3567,3564,3296,3509,4203,4985,3359,3749,5221,9258,3355,3917,5297,8274,13.1741,32.7865,8.97146,47.9587
58789,12247,6087,3999,3489,6977,4910,3747,3418,4024,3834,3468,3191,3473,3242,3161,3052,-23.1193,-30.0744,8.98127,48.2127
58790,3367,3426,3190,3163,3808,3858,3581,3238,5568,5075,4057,3449,9333,8731,4673,3512,30.5468,-15.4808,8.76712,48.0193
58791,3147,3123,3400,3459,3214,3419,3760,3905,3392,3813,4740,5941,3416,4047,6254,12371,30.225,26.7242,8.61883,47.6007
58792,3542,3532,3530,3364,3904,4394,4059,3673,4881,7325,5473,3889,4858,6734,5349,4159,14.4878,-4.56987,8.83539,48.444
58793,3343,3513,3958,4075,3514,4195,5630,5276,3674,4444,7323,6494,3330,3871,4803,4753,4.22891,13.1836,8.65851,48.1307
58794,3117,3264,3405,3381,3141,3430,3834,4002,3438,3892,4856,5951,3400,3989,6736,12174,30.2066,23.5416,8.68871,48.0067
58795,6798,4809,3653,3458,9885,5281,3797,3379,5555,4397,3611,3330,3795,3742,3395,3155,-9.24549,-31.0256,8.60301,48.0267
58796,4589,4784,3914,3495,6031,7579,4441,3563,5251,5809,4145,3432,4026,3947,3666,3385,-3.93246,-12.1071,8.55355,48.038
58797,4503,5526,4975,3897,4687,7872,6037,4034,4027,4801,4317,3758,3499,3595,3683,3301,-9.2878,-3.43571,8.97369,48.3413
58798,3243,3413,3513,3298,3721,4185,3991,3812,4321,6557,6119,4082,4616,6724,6340,4426,15.3367,-1.26936,8.78805,48.2407
58799,3165,3560,4293,5165,3369,3760,5160,8931,3255,3755,4917,7636,3141,3514,4044,4545,-2.13316,27.7231,8.62497,48.14
58800,3374,3387,3345,3141,3938,3892,3507,3209,5418,5515,4098,3577,8195,9080,4798,3698,24.0029,-13.5463,8.97,48.1147
58801,5507,7701,5311,3876,5113,7088,5034,3839,3889,4146,3886,3479,3439,3651,3303,3192,-16.4687,-6.82945,8.8164,48.3027
58802,3400,4410,7027,8101,3481,3987,6127,7000,3183,3656,4162,4236,3207,3290,3442,3508,-17.3616,17.3503,8.83404,48.1447
58803,3648,3544,3382,3099,4764,4175,3509,3270,8970,5191,3783,3311,8755,5346,3835,3389,14.3646,-29.1591,8.61408,47.9807
58804,3463,3353,3164,3179,4042,3822,3571,3266,5837,4924,3936,3379,10869,7499,4160,3402,33.7953,-19.9063,8.84356,47.9107
58805,3289,3503,3531,3362,3721,4064,4139,3734,4346,6296,6292,4276,4399,6467,6304,4367,15.0948,-0.218684,8.87752,48.06
58806,3282,3683,4548,4918,3423,4217,6579,7268,3417,3869,5777,6278,3246,3567,4147,4314,-2.45759,16.9122,8.91162,48.3553
58807,3537,3562,3410,3154,4197,4515,3718,3422,6417,7494,4575,3519,6060,6645,4463,3594,13.2813,-12.381,8.99344,48.188
58808,5766,4405,3632,3180,9621,5182,3804,3299,6966,4594,3656,3237,4273,3888,3385,3138,-4.69418,-27.8855,8.89805,48.0173
58809,4986,4806,3702,3413,7269,6983,4140,3471,5735,5548,3900,3329,4126,4062,3500,3238,-4.35934,-15.9544,8.80462,48.1387
58810,5832,4580,3689,3244,9699,5366,3825,3375,6600,4603,3692,3287,4154,3779,3284,3107,-6.06825,-25.8565,8.80016,48.0773
58811,4380,6573,7380,4855,4242,5674,6196,4445,3531,3963,3997,3692,3179,3302,3375,3443,-18.1601,1.81235,8.83271,48.1513
58812,3340,3408,3366,3197,4125,4367,3926,3416,5537,7222,4879,3786,5591,7532,4937,3726,15.625,-8.85733,8.72401,48.2367
58813,3196,3305,3311,3301,3366,3667,3911,3794,3708,4290,5329,5095,3586,5056,9628,7420,33.2574,11.7044,8.67375,47.9753
58814,3768,3710,3286,3150,5318,4227,3702,3178,9487,5585,3814,3402,7316,5126,3824,3299,10.9881,-24.7356,8.68236,48.128
58815,8289,5170,3747,3365,9403,5181,3765,3385,4849,4172,3616,3302,3749,3501,3346,3113,-12.8955,-30.894,8.88816,47.9687
58816,4126,6381,9644,5907,3806,4707,5576,4542,3408,3629,3850,3647,3120,3357,3381,3287,-23.9823,5.79432,8.99429,48.2453
58817,3464,3451,3227,3062,4172,3943,3506,3203,7178,5522,3959,3486,9707,6616,4104,3441,19.125,-20.6973,8.83251,48.0273
58818,3204,3222,3279,3251,3495,3618,3852,3638,3749,4749,5158,4592,4184,6403,9658,5798,32.8638,5.84027,8.89299,47.9
58819,3051,3235,3450,3408,3217,3542,3872,3848,3514,4015,5512,5326,3674,4902,9308,8415,25.1008,13.8607,8.935,48.1927
58820,3079,3320,3362,3422,3189,3501,3767,3887,3500,3719,4898,6080,3450,4031,7068,11583,27.369,22.3339,8.65578,47.904
58821,3585,3613,3594,3250,4162,4764,4134,3571,4979,8047,5683,3995,4638,5657,4754,3880,9.9613,-5.3974,8.89614,48.204
58822,3254,3638,4099,4615,3452,3760,4888,7607,3287,3772,5174,8643,3216,3580,4246,5057,1.37164,26.6991,8.63984,48.192
58823,3402,3854,5979,12668,3400,3898,4787,5980,3232,3433,3816,3899,3116,3318,3440,3302,-28.0902,31.1747,8.69998,47.6827
58824,3581,3597,3212,3203,4588,4110,3612,3262,8144,5560,3947,3410,8675,5890,3983,3522,15.7199,-22.5067,8.68042,48.1973
58825,6093,4667,3691,3287,9771,5369,3846,3439,6127,4555,3662,3186,4072,3791,3400,3079,-6.37812,-25.5827,8.88258,48.0233
58826,11600,7369,4152,3389,6002,4883,3838,3561,3865,3889,3456,3240,3349,3313,3178,3146,-27.6559,-22.0406,8.93919,48.1533
58827,3235,3378,3928,4282,3365,3768,4703,6892,3395,3660,5192,9569,3237,3584,4497,5574,4.26412,27.6942,8.85639,48.1727
58828,4519,7193,8295,4914,4030,5177,5632,4367,3602,3761,4015,3592,3227,3320,3386,3219,-22.2394,1.87577,8.67728,48.166
58829,3252,3311,3281,3234,3421,3706,3661,3483,3904,4696,4949,4418,4455,7233,9478,5240,28.4142,3.07,8.98283,47.8147
58830,3341,3961,5687,9788,3433,3844,5098,8123,3151,3525,4001,4428,3153,3193,3437,3572,-17.3696,26.2359,8.57758,47.8233
58831,3688,3633,3298,3093,5066,4462,3565,3285,8450,6636,4014,3481,6840,5490,3986,3354,10.9559,-19.3082,8.92802,48.2273
58832,3516,4199,7431,10792,3364,3841,4992,6112,3265,3533,3945,4032,3045,3259,3297,3401,-25.609,20.3295,8.6781,48.016
58833,4042,4048,3652,3359,5056,5833,4284,3572,5979,7677,4607,3691,4467,4894,3968,3370,3.7662,-11.408,8.80312,48.3327
58834,6246,8812,5290,3832,5380,6362,4619,3735,3750,3921,3610,3448,3383,3419,3317,2997,-20.0267,-9.23791,8.70744,48.0807
58835,4038,5648,6337,4620,4136,5955,7118,4482,3757,4233,4329,3854,3332,3494,3558,3578,-12.8796,2.67571,8.50458,48.3127
58836,3480,4096,6507,11310,3370,3768,4934,6816,3114,3434,3873,4154,3124,3230,3405,3452,-22.7039,23.5503,8.59003,48.0447
58837,3267,3353,3289,3166,3874,3679,3512,3427,5160,5204,4177,3590,8082,9435,5060,3669,27.5809,-12.8983,8.61227,47.9627
58838,3417,3412,3301,3129,4353,3954,3454,3210,8005,5026,3904,3303,10796,5520,3901,3274,18.4028,-30.397,8.94569,47.9727
58839,3357,3646,4429,4518,3467,4186,6501,6826,3555,4069,5894,6235,3237,3641,4072,4366,-1.59575,16.1142,8.74326,47.9993
58840,3461,3418,3276,3091,4251,3951,3520,3283,7775,4988,3743,3296,10629,5656,4015,3414,19.2717,-30.4516,8.57316,47.8447
58841,4535,4033,3465,3188,7410,4742,3732,3367,8793,5058,3850,3499,5020,4333,3622,3261,2.16188,-28.4956,8.51932,47.9387
58842,5343,4349,3663,3262,9190,5216,3819,3267,7249,4720,3665,3229,4468,3876,3523,3207,-3.33506,-27.0685,8.65027,48.0307
58843,3401,3860,5889,9712,3297,3859,5252,8098,3301,3561,3945,4435,3132,3260,3386,3642,-17.5006,24.8646,8.82924,48.02
58844,3139,3171,3395,3333,3347,3631,3875,3768,3676,4252,5447,4911,3914,5602,9617,7189,26.3589,10.0771,8.90229,48.178
58845,3218,3210,3386,3395,3278,3494,3761,3919,3359,3552,4694,6071,3463,3849,6075,12667,31.7175,28.3849,8.65898,47.594
58846,3365,3501,3541,3551,3641,4068,4287,3754,4072,6109,7420,4660,4147,5610,6303,4510,12.9095,2.76782,8.86488,48.3593
58847,3250,3764,4805,6421,3393,3962,5620,9831,3217,3656,4568,5764,3124,3350,3660,3970,-8.05892,24.3634,8.90348,48.2367
58848,3826,4991,8764,6789,3625,4344,6270,5313,3487,3597,3939,3960,3102,3284,3420,3366,-20.8813,10.7025,8.72768,48.0513
58849,3936,3959,3606,3378,5098,5930,4374,3590,5982,7650,4594,3674,4600,4760,4020,3455,3.97376,-10.5091,8.61315,48.404
58850,11233,7293,4200,3383,5845,4899,3796,3458,3947,3814,3429,3259,3422,3508,3186,3151,-33.1246,-20.4644,8.93787,47.882
58851,3986,6333,9677,5950,3791,4526,5371,4570,3418,3670,3747,3777,3085,3312,3328,3250,-26.5184,6.39679,8.50575,47.8607
58852,4432,4457,3789,3313,6172,6705,4338,3435,5869,6358,4290,3529,4309,4304,3575,3389,-0.854907,-13.2522,8.57545,48.176
58853,3356,3843,5870,11111,3421,3920,4953,7234,3169,3509,3891,4253,3016,3348,3425,3462,-20.8478,28.8969,8.55862,47.854
58854,3250,3285,3436,3247,3504,3719,3750,3617,4122,4961,5376,4282,4488,7534,8611,5004,24.8263,1.82932,8.91505,48.124
58855,3631,5061,9464,7597,3619,4093,5404,5129,3393,3594,3824,3776,3210,3316,3335,3356,-32.4421,11.9697,8.56231,47.868
58856,3253,3609,4361,5233,3413,3804,5080,8870,3368,3713,4775,7425,3222,3426,4011,4426,-2.59939,26.6781,8.51887,47.9927
58857,4436,4300,3649,3368,6281,6674,4325,3512,6058,6443,4098,3442,4427,4234,3703,3408,-0.299125,-14.0113,8.74822,48.2387
58858,4055,5317,7418,5395,3814,5219,7208,4926,3551,3848,4129,3950,3252,3377,3465,3398,-15.8101,6.35037,8.74079,48.2147
58859,4627,4663,3792,3433,6627,6780,4213,3521,5921,6060,4125,3446,4264,4087,3691,3302,-2.50657,-14.8275,8.71616,48.368
58860,3187,3345,3386,3376,3269,3652,4104,4076,3559,4345,6110,5969,3613,4628,7856,7567,18.9572,13.841,8.66482,48.028
58861,3541,3568,3289,3153,4195,4294,3660,3419,6463,6913,4309,3619,6697,7343,4584,3563,15.9863,-13.6958,8.85948,48.4067
58862,3374,3926,5837,11868,3342,3870,4899,6769,3387,3519,3842,3956,3070,3148,3462,3310,-23.6713,29.1136,8.6457,47.7193
58863,3247,3272,3358,3308,3328,3608,3754,3720,3788,4448,5231,4798,3826,5637,10108,6634,31.606,8.66798,8.68745,48.0433
58864,10720,7508,4129,3422,5742,4985,3993,3381,4020,3893,3506,3261,3469,3488,3215,3141,-33.6372,-19.5009,8.65843,47.9153
58865,6345,5244,3883,3358,8494,6345,4041,3461,5337,4562,3757,3366,3913,3669,3327,3107,-9.21009,-19.6548,8.62064,48.1393
58866,3056,3444,3408,3656,3366,3677,4139,4229,3510,4223,6627,6227,3582,4616,7476,7127,17.1732,13.7565,8.5963,48.242
58867,3360,3743,4736,6043,3423,3845,5935,9033,3305,3660,4617,5885,3239,3412,3836,3975,-6.96744,22.3854,8.58513,48.0313
58868,3128,3421,3548,3783,3284,3602,4197,5160,3469,3825,5526,9529,3293,3803,5189,7674,12.1304,25.8562,8.90365,48.2873
58869,3391,3626,4227,4913,3331,3719,5072,8867,3316,3662,4896,7725,3191,3458,4083,4462,-1.47623,33.5411,8.85267,47.9593
58870,8937,7944,4381,3587,6103,5705,4053,3522,4052,3982,3503,3219,3425,3381,3146,3015,-22.1153,-16.4418,8.60616,47.97
58871,3060,3226,3424,3391,3275,3444,3736,3825,3354,3889,4787,6113,3451,3876,6030,12338,28.4476,31.1365,8.565,47.4793
58872,3388,3618,4279,4261,3608,4425,6569,5589,3582,4536,7018,5673,3441,3814,4435,4305,0.880133,11.3316,8.57781,48.3607
58873,3399,3477,3356,3131,3740,3937,3787,3534,5118,6532,4690,3722,5935,8441,5483,3839,19.2172,-7.98314,8.59493,48.0807
58874,3825,4925,7606,6071,3722,4826,7033,5425,3395,3660,4334,4007,3202,3425,3521,3412,-16.2028,9.4644,8.69069,48.2593
58875,11127,6603,4070,3357,6929,5058,3736,3431,4152,3754,3442,3260,3350,3433,3268,3104,-22.0575,-23.7475,8.53757,48.0493
58876,8756,5730,3889,3369,8488,5581,3897,3316,4639,4065,3522,3215,3637,3571,3326,3075,-14.9935,-23.0492,8.85038,48.0507
58877,3597,3395,3317,3106,4496,4050,3562,3278,8074,5965,3914,3455,8257,6005,4199,3372,15.1822,-20.0604,8.91762,48.028
58878,3181,3416,3895,4087,3284,3603,4502,6521,3432,3825,5158,9701,3289,3539,4494,5939,6.19647,30.1137,8.76318,47.9107
58879,8239,6574,4235,3581,7189,6087,4060,3444,4257,4154,3648,3255,3462,3479,3301,3073,-16.6214,-18.0287,8.56125,48.0253
58880,3076,3240,3301,3405,3141,3488,3823,4100,3328,3730,4973,7596,3441,3912,5832,11289,20.055,28.5935,8.99202,47.7833
58881,3111,3278,3463,3392,3350,3651,3911,3893,3469,4091,5522,5954,3550,4465,8047,8968,22.6261,15.9525,8.6855,48.0767
58882,3017,3373,3700,3756,3290,3633,4226,5205,3424,3858,5671,9454,3382,3714,5181,7295,11.0402,23.8358,8.95317,48.1193
58883,5682,4563,3594,3340,9802,5302,3742,3271,6546,4604,3655,3205,4206,3941,3366,3134,-5.40243,-27.4473,8.73868,47.9687
58884,3130,3338,3508,3496,3247,3594,4010,4548,3418,4088,5732,7849,3361,4078,6084,8578,16.3914,20.9736,8.59475,48.0393
58885,4008,4607,4382,3695,4445,6915,6175,4171,4259,5837,5167,3895,3712,4003,3970,3457,-3.11449,-2.2521,8.83942,48.4653
58886,3419,3992,6348,10924,3370,3916,4866,7287,3224,3497,3798,4254,3105,3145,3300,3392,-20.9652,24.5447,8.75856,47.8913
58887,3246,3522,3915,4266,3281,3681,4813,7103,3419,3789,5135,9384,3284,3671,4414,5390,3.49435,33.1472,8.74644,48.2087
58888,3407,3381,3168,3044,3909,3826,3522,3267,5988,4805,3856,3453,11731,6954,4134,3434,27.8443,-22.3421,8.59257,47.9193
58889,3192,3131,3338,3470,3133,3474,3828,3921,3309,3742,4721,6033,3380,3779,6101,12764,31.4805,28.5694,8.89933,47.544
58890,3363,4128,6094,8292,3414,3945,5969,8158,3330,3573,4051,4573,3067,3212,3506,3567,-15.3217,20.9301,8.76412,48.1613
58891,3123,3352,3637,3898,3260,3582,4317,5727,3323,3804,5309,9879,3345,3659,4771,6680,8.73266,28.8345,8.70787,47.7773
58892,2989,3295,3369,3411,3227,3560,3777,3949,3360,3821,4854,6380,3361,3983,6614,11762,26.0907,23.9266,8.68132,47.808
58893,3482,3534,3303,3077,4674,4019,3540,3273,8697,5257,3807,3382,9288,5540,3756,3339,15.611,-27.4736,8.88077,47.9787
58894,4943,8643,7908,4551,4324,4930,4972,4145,3477,3702,3714,3520,3317,3445,3325,3263,-33.3935,-1.06884,8.5466,48.1193
58895,3777,4432,5570,4558,3755,5421,8209,5257,3574,4181,4844,4213,3286,3678,3760,3644,-8.47915,6.67093,8.79337,48.106
58896,3325,4087,6123,12474,3331,3845,4803,6415,3288,3436,3792,4052,3118,3260,3505,3418,-25.693,27.9208,8.72827,48.1813
58897,3549,3508,3231,3013,4420,3955,3645,3257,8078,5290,3807,3343,9739,5880,3896,3260,17.2322,-24.1513,8.95002,47.914
58898,5763,4493,3624,3368,9735,5044,3661,3395,6601,4731,3642,3445,4140,3864,3470,3179,-5.54633,-31.7661,8.6179,48.1033
58899,3139,3287,3354,3360,3260,3425,3722,4054,3477,3763,4724,5989,3379,3983,5975,12722,31.3558,30.4082,8.95767,47.742
58900,3435,3935,6716,11789,3310,3784,4977,6184,3282,3464,3922,3992,3161,3124,3383,3372,-25.5516,23.9755,8.62646,47.8867
58901,3926,5333,8229,5720,3711,4863,6730,5187,3473,3809,4149,3854,3125,3409,3353,3290,-17.5296,8.07319,8.88363,48.1073
58902,4012,3878,3478,3173,5732,4791,3751,3245,8586,6306,4086,3436,5763,4905,3780,3285,6.96806,-19.4674,8.64037,48.138
58903,3193,3174,3504,3364,3228,3494,3977,3912,3326,3869,5134,5748,3521,4382,7887,10311,28.6363,18.6046,8.54515,48.016
58904,4492,6736,6887,4517,4233,6047,6175,4293,3639,4030,4005,3652,3264,3405,3527,3224,-17.1723,0.309548,8.66242,48.084
58905,3142,3575,4137,4560,3285,3694,5061,7516,3407,3752,5365,8527,3267,3566,4199,4964,1.85848,24.225,8.65054,48.0113
58906,3262,3588,4127,4820,3342,3715,5044,8461,3405,3708,4871,8098,3270,3644,4169,4626,-0.572043,33.6442,8.87674,48.1
58907,3338,3876,5668,9436,3344,3899,5286,8471,3266,3561,4115,4529,3125,3201,3563,3497,-16.6403,25.5688,8.58141,48.1167
58908,3332,3370,3297,3169,3849,3912,3543,3257,5797,5336,4072,3366,9051,8191,4616,3570,24.331,-16.082,8.50864,47.8187
58909,3563,4387,6883,6501,3585,4316,7168,6434,3326,3714,4384,4292,3126,3283,3459,3588,-14.5257,13.4308,8.61185,48.006
58910,6956,9988,5591,3840,4957,5135,4264,3744,3765,3857,3687,3370,3201,3374,3352,3148,-29.9755,-9.51626,8.53341,48.1527
58911,3338,3362,3262,3099,4045,3919,3437,3194,6646,4943,3735,3469,11963,6218,4068,3332,24.076,-26.6048,8.63517,48.02
58912,8581,9038,4855,3548,5286,5204,4124,3624,3877,3813,3608,3294,3465,3409,3293,3152,-29.6077,-14.5106,8.60699,48.114
58913,3450,3415,3361,3165,3938,3867,3491,3218,5775,5007,3818,3515,11332,7352,4139,3497,30.7009,-20.8968,8.71027,48.2267
58914,3526,4040,4743,4490,3640,4471,7319,5878,3551,4244,6010,5146,3379,3661,4196,4069,-2.66356,11.0472,8.9877,48.242
58915,3301,3595,3726,3606,3595,4424,5116,4278,3929,5638,7993,5095,3833,4647,5354,4485,8.05679,5.48077,8.74419,48.41
58916,5503,5156,3952,3447,7701,6936,4128,3512,5236,4893,3779,3305,3797,3920,3489,3333,-7.34714,-17.0097,8.60813,48.058
58917,3108,3245,3495,3461,3157,3504,4057,4322,3391,3902,5425,7528,3323,4009,6269,9967,18.7794,22.9636,8.85106,48.1087
58918,3977,4053,3456,3183,6134,5054,3667,3277,8674,6200,3942,3351,5518,4745,3731,3239,5.50566,-19.7689,8.94646,48.134
58919,11751,5881,3850,3307,7120,4939,3814,3509,4089,3852,3448,3130,3423,3424,3167,3033,-21.3345,-31.1879,8.99537,47.8247
58920,3433,3766,5025,6854,3399,3842,5780,9482,3280,3586,4299,5360,3169,3376,3752,3888,-9.85005,23.2466,8.84415,48.194
58921,3507,3538,3281,3111,4337,4061,3549,3235,7546,5342,3856,3420,9627,6135,4157,3526,18.2085,-22.3045,8.77325,48.152
58922,3472,3327,3295,3071,3795,3820,3531,3350,5241,5442,4241,3660,7773,9372,5147,3801,26.1211,-12.244,8.69926,48.2253
58923,3127,3321,3339,3385,3305,3472,3906,3687,3593,4207,5273,5032,3795,5316,9618,7579,29.9377,11.0401,8.91728,47.97
58924,12711,6024,3982,3387,6002,4647,3783,3270,3948,3632,3438,3290,3425,3417,3182,3098,-32.5617,-27.8425,8.75403,47.4907
58925,11826,6219,4056,3339,6496,4843,3821,3340,4083,3883,3545,3226,3493,3342,3227,3084,-24.3158,-26.8892,8.59312,47.882
58926,11083,5853,3905,3325,7689,4805,3808,3405,4156,3871,3429,3177,3370,3379,3264,3033,-20.1204,-28.4586,8.7081,47.7013
58927,4518,7595,8929,5151,3992,4853,5078,4259,3640,3745,3715,3636,3253,3308,3335,3284,-28.1937,2.27848,8.67065,48.194
58928,3526,3614,3596,3342,4034,4939,3991,3577,5292,8161,5271,3783,4964,5975,4652,3762,10.8629,-6.88866,8.8463,48.3193
58929,10444,6234,4093,3413,7368,5206,3821,3365,4229,3915,3487,3199,3467,3395,3186,3054,-19.8629,-23.458,8.92377,47.9173
58930,7599,5248,3857,3423,9341,5614,3679,3415,5031,4391,3576,3236,3785,3509,3264,3116,-11.8292,-24.5659,8.56213,48.056
58931,3379,4216,6014,6184,3495,4218,7272,7231,3294,3781,4469,4639,3125,3355,3633,3775,-11.4896,15.0883,8.8517,48.0533
58932,3415,3916,6044,12433,3316,3759,4747,6292,3163,3569,3845,3954,3143,3192,3340,3364,-25.5643,32.5328,8.99851,47.6613
58933,4171,4202,3674,3299,5383,6436,4387,3541,5814,7103,4539,3584,4420,4532,3888,3491,1.14535,-11.0148,8.85676,48.3093
58934,10382,5810,3862,3446,8057,4978,3887,3355,4371,4026,3458,3106,3539,3398,3272,3004,-18.3769,-28.6711,8.78433,47.9673
58935,3223,3209,3453,3555,3201,3559,4160,4454,3436,3795,5159,8682,3307,3878,5503,9497,16.2083,33.0029,8.92565,48.0473
58936,6246,5859,4133,3433,7417,7112,4398,3490,4693,4572,3725,3310,3623,3646,3312,3186,-11.3434,-15.8423,8.90978,48.1033
58937,4366,4210,3690,3260,6144,6306,4036,3429,6477,6702,4087,3422,4569,4339,3813,3319,0.870773,-14.706,8.92164,48.1127
58938,6540,6180,4173,3661,7130,7028,4212,3437,4524,4482,3687,3436,3683,3613,3365,3132,-12.9139,-15.393,8.5879,48.1887
58939,3667,3897,4303,3930,3853,5115,7024,4712,3779,5025,6603,4772,3502,3952,4242,4036,-0.508746,5.67141,8.70344,48.2747
58940,3937,5074,7634,5865,3648,4895,7001,5353,3639,3780,4325,3928,3226,3507,3456,3386,-16.3273,8.79183,8.53011,48.436
58941,3139,3392,3550,3646,3325,3778,4360,4478,3549,4431,7225,6868,3541,4291,6554,6640,13.6929,14.5663,8.86393,48.5113
58942,10108,5875,3886,3390,8090,5242,3809,3392,4422,3963,3485,3175,3451,3464,3221,3126,-17.9739,-25.1904,8.86965,48.066
58943,3849,3865,3538,3359,4707,5152,4007,3462,6133,8207,4684,3655,5048,5390,4022,3621,7.36312,-11.0891,8.75511,48.466
58944,3542,4110,5984,6746,3440,4148,6819,7829,3313,3685,4287,4559,3135,3360,3569,3750,-12.5335,16.9641,8.79495,48.184
58945,3277,3424,3586,3362,3664,4241,4615,3908,4034,6168,7567,4769,4146,5261,5968,4392,11.3347,2.78756,8.78197,48.2547
58946,4581,6284,6051,4271,4496,6706,6213,4264,3769,4163,4096,3817,3357,3484,3407,3259,-14.0611,-1.58059,8.71189,48.1453
58947,4293,3926,3363,3166,6706,4670,3654,3362,9433,5381,3874,3339,5625,4548,3623,3242,4.59718,-25.6556,8.79253,48.1367
58948,5492,7580,5004,3891,5288,7256,4892,3714,3928,4363,3744,3341,3440,3554,3359,3143,-15.7021,-8.25389,8.8391,47.9927
58949,3280,3865,6123,12509,3329,3756,4775,6076,3230,3444,3761,3928,3122,3206,3443,3328,-30.9905,28.7618,8.76545,47.45
58950,4466,3969,3565,3091,7197,4717,3617,3419,9151,5105,3815,3353,5490,4433,3567,3232,3.07621,-28.1329,8.68355,48.1247
58951,3286,3387,3351,3305,3581,3848,3795,3561,4497,5709,5090,4047,5191,8655,6930,4364,22.1155,-3.18849,8.78318,48.398
58952,3770,4088,4048,3666,4309,5746,5735,4239,4061,6306,6137,4195,3858,4395,4262,3782,1.32634,-0.349098,8.76527,48.398
58953,11342,6823,4028,3481,6446,4997,3896,3397,4152,3847,3425,3200,3365,3426,3119,3094,-24.709,-22.5197,8.71426,48.0253
58954,12697,6255,3935,3370,6131,4873,3693,3360,3925,3743,3426,3217,3402,3410,3159,3114,-28.5997,-27.5758,8.67699,47.8067
58955,4787,4196,3587,3185,8473,5111,3682,3273,7969,5108,3809,3369,4617,4150,3552,3299,-0.237528,-26.5414,8.87429,48.1113
58956,3147,3309,3454,3318,3249,3411,3849,3927,3435,3642,4718,6008,3517,3813,5733,12764,30.7774,30.5821,8.88244,47.5293
58957,3536,4084,4661,4356,3731,4995,7615,5457,3658,4464,6125,4711,3499,3757,4065,3899,-3.28616,8.30231,8.70304,48.4087
58958,8302,8064,4585,3511,5969,5744,4149,3629,4018,4082,3534,3275,3458,3447,3249,3140,-20.9662,-15.1821,8.86376,48.104
58959,5205,4200,3538,3246,8860,5068,3709,3418,7644,4816,3680,3373,4522,3923,3494,3234,-2.05513,-32.5446,8.74038,47.9533
58960,3393,3305,3195,3098,3798,3782,3501,3123,5810,5083,3955,3329,10817,7808,4198,3538,28.4456,-19.3686,8.81773,47.822
58961,3435,3501,3369,3164,4046,4093,3645,3273,5922,6308,4313,3597,7413,8058,4642,3640,18.8284,-13.631,8.67234,48.2793
58962,3183,3344,3569,3735,3313,3643,4568,4736,3486,4266,6883,7416,3364,4113,5858,6525,12.2998,16.3144,8.81504,48.0013
58963,3120,3207,3403,3450,3149,3502,4016,4593,3315,3730,5184,8486,3329,3844,5578,10039,17.2024,31.5707,8.953,47.9633
58964,3775,4158,4153,3740,4300,6143,5902,4042,4165,6143,5902,4104,3872,4139,4153,3773,0.315624,-0.636679,8.92804,48.3093
58965,3993,3804,3481,3055,5985,4502,3715,3312,9582,5780,3834,3429,6351,4638,3722,3238,7.35818,-24.4505,8.73358,48.2807
58966,4323,6214,6329,4469,4281,6472,6606,4413,3657,4041,4082,3697,3338,3521,3380,3312,-14.4431,0.36143,8.95708,48.09
58967,3413,3394,3295,3062,4069,3837,3357,3134,6009,4901,3843,3483,11612,7179,4105,3435,26.9194,-21.3825,8.80098,48.0853
58968,4567,4333,3779,3372,6219,6739,4155,3568,5963,6381,4140,3465,4391,4286,3693,3271,-0.655929,-13.7354,8.78,48.2147
58969,12468,6238,3828,3310,5949,4829,3793,3406,3945,3772,3450,3238,3356,3363,3215,3107,-32.7317,-26.2777,8.72965,47.5113
58970,6180,9967,6034,4006,4614,5140,4416,3819,3660,3734,3606,3393,3267,3334,3504,3201,-31.9269,-6.94186,8.73815,47.9167
58971,8718,5493,3905,3311,9055,5216,3867,3411,4724,4057,3595,3262,3687,3569,3234,3131,-14.625,-27.0599,8.57701,48.1567
58972,8692,8991,4709,3643,5298,5182,4122,3509,3844,3802,3677,3220,3280,3335,3290,3123,-29.4317,-14.4077,8.63446,47.8113
58973,4361,4045,3546,3223,6771,4983,3755,3379,8798,5492,3862,3355,5425,4373,3705,3284,3.73043,-23.5305,8.6312,48.238
58974,5336,7946,5833,4079,4812,6715,5017,3956,3792,4083,3815,3476,3299,3489,3348,3227,-17.9833,-5.4758,8.96823,48.1487
58975,3168,3282,3418,3416,3263,3519,3840,3781,3605,4178,5116,5319,3555,4787,9012,8677,32.7923,14.4403,8.6469,47.9573
58976,3506,3568,3418,3135,4007,4262,3847,3433,5763,7176,4634,3668,5955,7520,4782,3728,15.5807,-10.0213,8.55211,48.268
58977,4724,8155,8207,4759,4191,5020,5023,4213,3609,3820,3642,3595,3248,3322,3330,3256,-27.4499,0.019892,8.50759,48.076
58978,6682,7533,4691,3633,5935,6872,4430,3669,4068,4218,3656,3390,3417,3427,3318,3208,-16.673,-12.0825,8.79141,48.098
58979,3438,4109,7420,11193,3398,3859,4881,5929,3225,3530,3825,3981,3064,3286,3371,3538,-28.9942,20.6897,8.65021,48.0313
58980,3249,3521,3870,4123,3256,3745,4984,5940,3527,3866,6153,8559,3346,3706,4863,5551,5.81258,20.4567,8.52331,48.1727
58981,4375,7337,9224,5399,3860,4656,5122,4414,3510,3813,3774,3568,3223,3301,3420,3265,-29.5735,3.22078,8.82313,48.174
58982,9980,5582,3829,3287,8156,5221,3836,3377,4382,4055,3541,3345,3551,3530,3223,3118,-17.4704,-29.1074,8.51489,48.0087
58983,3357,4021,6752,12203,3347,3846,4837,6199,3223,3443,3765,3897,2992,3237,3492,3347,-26.5895,23.8178,8.96648,47.972
58984,3470,3692,4068,3875,3722,4742,5945,4388,3868,5337,7569,4868,3671,4147,4668,4249,3.65223,5.4588,8.85542,48.186
58985,3413,3926,4852,4965,3690,4372,7246,6788,3459,3987,5613,5493,3273,3524,4024,4010,-4.75824,14.497,8.75449,48.4233
58986,3294,3488,4157,4510,3463,3966,5851,6840,3379,3962,6059,7226,3329,3722,4270,4596,0.828286,17.9394,8.99377,48.0747
58987,3237,3490,3948,4357,3424,3820,5033,6738,3290,3867,5726,8658,3363,3731,4483,5328,3.58334,22.5276,8.60562,48.3287
58988,3408,4033,5807,7874,3449,4009,5914,8335,3147,3604,4215,4666,3068,3333,3584,3546,-14.1376,20.7301,8.67018,47.9947
58989,3798,3888,3672,3423,4508,5563,4290,3578,5254,8171,5165,3961,4439,5240,4235,3692,6.00623,-7.36602,8.71266,48.5847
58990,9961,8452,4480,3529,5603,5094,3964,3489,3889,3823,3585,3236,3306,3367,3288,3124,-30.0138,-17.3318,8.88756,48.1267
58991,3481,4152,5821,5731,3658,4373,7838,6880,3440,3782,4788,4691,3164,3442,3738,3717,-9.96144,13.453,8.64685,48.464
58992,3225,3388,3452,3368,3513,3904,4095,3930,3815,4949,6768,4974,3977,5490,8084,5451,17.5106,7.08468,8.75591,48.2553
58993,3194,3306,3407,3395,3316,3740,4167,3944,3624,4379,6000,5475,3690,4995,8771,7154,21.6485,11.6262,8.66877,48.3713
58994,3176,3491,3719,3867,3249,3746,4559,5774,3366,3958,5885,9376,3229,3721,4835,6288,8.22241,22.73,8.63313,48.1593
58995,3069,3397,3463,3522,3192,3575,4113,4211,3469,4102,5713,6738,3507,4337,6881,8801,18.6592,18.2267,8.54442,48.06
58996,3946,6471,9819,5891,3759,4628,5131,4606,3495,3669,3691,3628,3226,3242,3329,3335,-31.3934,6.20128,8.77942,47.9107
58997,3374,3630,3913,3664,3632,4483,5397,4392,3833,5534,8214,5128,3731,4306,5136,4301,6.46881,6.0166,8.91824,48.4453
58998,5100,4381,3566,3268,8550,5377,3723,3373,7467,5017,3873,3348,4577,3964,3512,3291,-2.30332,-23.8788,8.50469,48.258
58999,3280,3608,3908,3974,3511,4079,5755,4968,3556,4545,7710,6134,3490,4044,5071,4842,5.32576,11.6078,8.65992,48.3167
59000,3861,5243,6813,5004,3981,5291,7517,5005,3482,4092,4556,3929,3247,3480,3556,3441,-14.0297,5.52115,8.67506,48.332
59001,3982,4688,4590,3858,4437,7001,6310,4193,4017,5268,5134,3994,3621,3868,3876,3502,-4.56237,-1.12357,8.51092,48.226
59002,5994,4942,3784,3464,8600,6271,3811,3477,5667,4897,3632,3267,4017,3800,3371,3170,-7.18658,-20.385,8.78298,48.1093
59003,3198,3381,3383,3320,3503,3761,3927,3540,4131,5009,5491,4355,4481,7178,8614,5226,23.2824,2.5257,8.66877,48.332
59004,3334,3375,3183,3185,3993,3801,3526,3128,6328,4777,3823,3342,12262,6058,3892,3440,25.2472,-33.0533,8.69582,47.6313
59005,5578,6709,4630,3777,5827,7749,4866,3735,4192,4483,3877,3524,3528,3520,3458,3201,-13.0245,-9.98377,8.75876,48.436
59006,3844,5851,9708,6362,3726,4507,5198,4892,3468,3699,3817,3764,3137,3332,3335,3398,-33.7285,8.24922,8.53123,48.0253
59007,3327,3906,5319,8774,3331,3765,5210,9365,3290,3444,3925,4755,3218,3308,3562,3517,-14.5375,29.7426,8.88144,48.0107
59008,3689,4670,8985,8487,3588,4081,5566,5386,3305,3554,3782,3849,3093,3226,3359,3336,-24.7701,14.4881,8.72261,47.9707
59009,3307,3315,3343,3225,3596,3833,3657,3509,4227,5130,4765,4061,5087,8765,7732,4428,28.0144,-1.4863,8.8066,47.9867
59010,3215,3485,3798,3786,3485,3924,5164,4946,3556,4438,7576,6863,3349,4115,5231,5241,7.10597,13.8735,8.57851,48.1147
59011,3248,3584,4543,5793,3370,3758,5139,9878,3280,3625,4459,6567,3209,3362,3762,4096,-5.69906,31.4066,8.69593,47.782
59012,4327,6635,9096,5372,3996,4899,5637,4349,3525,3787,3852,3698,3239,3276,3378,3302,-23.2598,4.32511,8.83811,48.2453
59013,3217,3749,4671,5984,3397,3892,5189,9665,3346,3614,4558,6304,3182,3446,3888,4063,-6.02659,32.2897,8.52341,48.11
59014,3598,3597,3239,3078,5028,4135,3525,3147,9056,5762,3911,3373,7683,5396,3974,3444,12.4432,-23.4068,8.849,47.964
59015,8035,5713,3990,3420,8561,5807,3991,3254,4794,4188,3631,3186,3699,3532,3370,3141,-14.0339,-21.7172,8.93746,48.208
59016,3421,3790,4797,5943,3433,3896,5855,9105,3280,3712,4605,5946,3176,3415,3806,3997,-6.43894,22.0022,8.82219,48.118
59017,3223,3307,3401,3599,3373,3599,4172,4835,3406,3743,5078,9183,3400,3813,5306,8660,14.3334,30.0015,8.75242,48.0653
59018,3192,3372,3353,3239,3523,3833,3972,3811,3894,5056,6396,4716,4223,6319,8295,5282,19.5867,4.31352,8.6894,48.3173
59019,6198,9702,6078,4053,4755,5416,4524,3799,3725,3851,3741,3386,3306,3345,3278,3199,-26.6382,-7.18502,8.71048,48.2373
59020,3391,3751,4029,3901,3507,4494,6227,4698,3660,5091,7707,5399,3496,4107,4680,4323,3.06309,7.97686,8.96021,48.3073
59021,8933,6499,4164,3484,7283,5674,4006,3516,4322,4076,3587,3230,3646,3546,3248,3148,-17.8636,-19.7049,8.55699,48.2413
59022,3108,3259,3540,3653,3343,3689,4285,4715,3487,4113,6230,7781,3358,4036,6074,7648,14.2207,18.8691,8.64528,48.2127
59023,3035,3191,3518,3475,3283,3506,3774,3908,3394,3850,5000,5955,3325,4022,7098,11481,32.5588,21.5438,8.85785,47.8767
59024,3477,3685,4946,6737,3471,3800,5221,9890,3310,3693,4329,5633,3085,3338,3632,3894,-9.09967,31.7708,8.54849,48.094
59025,3419,3674,3682,3585,3757,4447,4653,4084,4011,6360,7516,4594,4013,4966,5435,4352,9.06782,2.53186,8.92326,48.3653
59026,5425,5686,4164,3447,6484,7936,4389,3691,4623,5020,3908,3480,3682,3723,3380,3197,-9.27807,-12.1519,8.76444,48.1567
59027,3252,3383,3271,3276,3486,3645,3878,3485,4003,4811,5201,4261,4466,7327,9208,5241,27.1967,2.83982,8.88537,48.1293
59028,3824,5038,8268,6433,3632,4592,6612,5411,3328,3690,4003,3991,3182,3356,3424,3413,-18.6775,9.99816,8.7419,48.1313
59029,4006,5665,7548,5199,3861,5176,6894,4753,3502,3856,4111,3860,3204,3434,3510,3426,-16.5063,5.34533,8.80654,48.0033
59030,3661,3732,3493,3274,4214,4636,3825,3421,5836,7915,4769,3774,5275,6172,4453,3661,11.5895,-10.186,8.62227,48.074
59031,3204,3244,3350,3307,3254,3540,3704,3689,3736,4427,5266,4777,3901,5494,9923,6864,30.5126,9.32442,8.54102,47.7867
59032,9518,6291,4007,3428,7856,5493,3942,3340,4375,4069,3597,3126,3520,3547,3173,3104,-17.9039,-22.2597,8.79221,48.2573
59033,4671,4090,3461,3259,7839,5014,3836,3382,8504,5404,3835,3418,4918,4272,3670,3275,0.966399,-24.4664,8.87072,48.5653
59034,3421,3992,6422,10606,3230,3907,5210,7265,3229,3531,3816,4202,3075,3329,3397,3475,-20.4687,22.69,8.84413,48.0713
59035,3521,4008,5622,5580,3524,4402,7646,6904,3459,3903,4963,4671,3139,3579,3727,3665,-8.72523,13.9284,8.68849,48.2087
59036,4908,4256,3475,3191,8485,5040,3592,3431,8022,4923,3683,3299,4904,4148,3548,3297,-0.357242,-28.1978,8.75659,48.1347
59037,12663,6120,3899,3437,6046,4657,3785,3289,3890,3678,3456,3202,3298,3333,3235,3083,-29.4285,-30.1228,8.86865,47.3807
59038,5337,5109,3897,3495,7410,7023,4185,3570,5344,5010,3764,3444,3912,3826,3531,3217,-6.66905,-15.9843,8.51883,48.0493
59039,7133,9927,5499,3939,4754,5251,4197,3803,3695,3758,3645,3336,3294,3380,3282,3160,-28.8806,-9.7545,8.87258,48.0353
59040,3508,3365,3249,3145,3884,3777,3517,3138,6047,4767,3697,3422,12195,6408,3994,3345,31.1129,-25.3757,8.51925,47.6387
59041,3407,3768,5039,7568,3377,3756,5403,9664,3203,3565,4347,5328,3139,3391,3533,3753,-10.9343,26.5847,8.79405,48.1607
59042,5540,4654,3759,3307,8904,6207,4078,3352,6022,4944,3776,3381,4148,3945,3458,3154,-5.62191,-20.4146,8.96869,48.4193
59043,3170,3397,3354,3280,3572,3672,3910,3721,4141,5133,5653,4407,4462,6994,8557,5113,22.6349,2.75425,8.6833,48.3573
59044,6398,5674,4066,3440,7558,6982,4132,3589,4942,4557,3730,3413,3624,3723,3371,3223,-10.8656,-16.5873,8.70405,48.2813
59045,4572,5519,4614,3670,5243,8174,5450,3769,4231,5128,4223,3526,3620,3697,3690,3364,-8.35398,-6.65172,8.95336,48.3267
59046,6002,10073,6145,3933,4578,5080,4481,3757,3671,3811,3591,3417,3273,3419,3135,3214,-31.688,-6.95158,8.88692,47.72
59047,10761,7677,4205,3480,5594,4949,3935,3454,3997,3711,3515,3217,3371,3353,3322,3112,-31.1266,-19.3208,8.87417,47.7687
59048,3600,4545,8261,8780,3545,3997,5551,5957,3282,3536,3889,3895,3010,3366,3436,3477,-22.1657,15.5914,8.93827,48.0847
59049,12500,6295,3811,3207,6152,4839,3788,3420,4052,3746,3442,3144,3404,3382,3229,3145,-28.7978,-25.9765,8.70677,47.704
59050,4055,3796,3463,3076,5958,4575,3631,3319,9478,5767,3849,3441,6127,4695,3725,3249,7.2988,-22.8937,8.84522,48.136
59051,3091,3343,3357,3295,3499,3655,3940,3867,3784,4574,6101,5081,3826,5450,8945,6520,21.1563,8.9383,8.5437,48.2187
59052,3315,3507,3943,3743,3490,4057,5024,4471,3662,4920,8147,5619,3564,4300,5382,4954,8.16838,9.34523,8.86323,48.0653
59053,5794,4566,3659,3333,8935,6056,3964,3311,6067,4769,3815,3376,4030,3834,3411,3239,-5.96104,-21.0103,8.87174,48.106
59054,8167,7049,4221,3444,6848,6094,4097,3466,4213,4075,3573,3252,3526,3536,3352,3158,-17.7157,-17.1734,8.87826,48.0473
59055,3201,3289,3312,3238,3633,3666,3578,3427,4577,5322,4628,3917,5775,9738,6581,4218,26.9454,-5.20818,8.98358,48.0667
59056,7025,9348,5216,3948,5220,5823,4265,3685,3843,3854,3601,3333,3372,3452,3304,3033,-22.8494,-10.6154,8.68068,48.2147
59057,2996,3223,3287,3424,3222,3536,3967,4216,3444,3896,5051,7512,3317,3905,6095,10919,20.1396,25.8872,8.87112,48.0067
59058,3447,4045,5680,6285,3436,4190,7150,7701,3350,3716,4666,4755,3224,3481,3714,3786,-10.3875,16.4875,8.80022,48.4173
59059,4037,4617,4420,3763,4404,6799,6086,4068,4071,5609,5187,4043,3645,3946,3898,3581,-3.56944,-1.38033,8.53798,48.116
59060,12616,6152,3996,3322,5956,4658,3785,3396,3892,3762,3370,3315,3348,3293,3312,3176,-31.2164,-26.8053,8.90658,47.566
59061,5262,8918,6883,4323,4373,5699,4925,4050,3606,3756,3852,3460,3287,3435,3302,3351,-23.0017,-3.71399,8.81684,48.3213
59062,3647,3738,3403,3130,4824,4551,3759,3308,7656,6788,4201,3558,6392,5795,4201,3487,11.2143,-16.5389,8.65543,48.292
59063,4056,6117,9897,6207,3831,4381,5111,4713,3374,3574,4003,3665,3150,3277,3339,3375,-28.5469,7.59073,8.80758,48.0467
59064,3463,4216,6592,8093,3600,4067,6066,7244,3254,3519,4074,4473,3224,3222,3495,3472,-16.5478,18.5561,8.54482,48.0493
59065,3324,3362,3286,3171,3911,3729,3381,3325,6024,4776,3697,3399,12607,5887,3760,3269,31.5659,-29.9058,8.82412,47.272
59066,3357,3424,3419,3274,3552,3887,4037,3813,3937,5252,6549,4659,4168,6093,7517,5005,17.098,3.69907,8.67599,47.962
59067,6619,5419,3826,3374,8802,6138,3934,3414,5163,4381,3659,3350,3790,3707,3383,3090,-10.4958,-20.7538,8.62719,48.0327
59068,5301,6012,4452,3628,6076,7956,4720,3709,4401,4690,3919,3432,3616,3770,3414,3196,-10.5797,-11.2899,8.84038,48.1947
59069,3994,5844,7855,5325,3982,5103,6798,4838,3496,3949,4062,3871,3357,3467,3476,3347,-17.4507,5.17543,8.79815,48.5093
59070,3285,4134,6827,10729,3366,3857,5303,6880,3166,3421,3927,4130,3153,3248,3362,3417,-22.1898,21.4381,8.94226,48.1367
59071,3157,3312,3611,3686,3299,3594,4201,4977,3391,3807,5266,9641,3408,3657,5161,7926,11.9902,29.7008,8.82078,48.0627
59072,3415,3859,6157,12796,3365,3770,4834,6020,3205,3410,3838,3932,3166,3160,3292,3414,-32.224,26.6248,8.88437,47.7553
59073,11187,5890,3920,3243,7539,5040,3719,3411,4190,3893,3491,3156,3432,3410,3158,3126,-20.3595,-30.4662,8.59196,47.87
59074,3332,3870,5477,9973,3460,3897,5129,8152,3260,3509,3941,4492,3185,3284,3601,3493,-17.5694,30.8318,8.54477,48.0367
59075,3216,3359,3660,3719,3254,3567,4296,5059,3464,3717,5366,9411,3288,3856,5062,7684,12.0029,32.8137,8.50036,47.9853
59076,5891,5315,3898,3518,8064,7000,4231,3523,5183,4783,3866,3282,3757,3730,3461,3140,-8.78991,-16.7995,8.9412,48.428
59077,4509,4975,4017,3619,5551,7880,4968,3704,4740,5673,4279,3488,3906,4006,3597,3356,-4.73336,-8.79429,8.77901,48.1787
59078,3147,3271,3564,3571,3290,3580,4237,4214,3519,4273,6590,6656,3562,4528,7043,7147,16.213,14.6404,8.60736,48.128
59079,3187,3242,3353,3446,3247,3461,3874,3870,3344,3690,4742,6107,3228,3881,6037,12771,29.3413,29.7039,8.87298,47.6533
59080,3165,3201,3390,3407,3317,3394,3880,3868,3399,3937,4725,5907,3373,3895,5960,12648,27.7625,32.1519,8.65543,47.644
59081,3443,3641,3880,3941,3692,4387,5986,4550,3762,5186,7929,5142,3699,4214,4834,4163,3.91045,7.03971,8.97747,48.2993
59082,3023,3222,3441,3518,3231,3721,4243,4445,3501,4031,6142,7712,3489,4135,6330,7865,15.7522,19.1831,8.5522,48.0327
59083,5960,4856,3666,3310,9187,5878,3876,3398,6012,4772,3683,3359,4084,3763,3411,3203,-6.45256,-21.9302,8.90144,48.2787
59084,3293,3426,3933,4215,3313,3746,4930,6446,3319,3973,5885,8904,3276,3674,4518,5434,4.70597,21.6659,8.93953,48.19
59085,3148,3325,3774,3851,3374,3557,4341,5522,3443,3798,5388,9754,3312,3763,4969,6940,9.4567,27.5792,8.53649,48.1727
59086,4830,8389,8092,4740,4158,4932,4915,4058,3549,3738,3672,3515,3292,3360,3515,3315,-30.7786,-0.577104,8.83698,48.0467
59087,3373,3976,5728,9908,3340,3683,5102,8030,3244,3450,4077,4437,3159,3285,3541,3579,-17.7324,26.5658,8.63219,47.9413
59088,8990,8863,4558,3496,5397,5163,4130,3435,3905,3849,3489,3263,3325,3523,3203,3159,-31.6686,-15.185,8.95007,47.832
59089,6029,9835,6202,4014,4685,5308,4572,3856,3642,3842,3656,3458,3223,3388,3364,3054,-25.5588,-6.59909,8.76406,48.0853
59090,3394,3803,5872,11206,3378,3832,4945,7349,3244,3488,3976,4028,3203,3183,3526,3391,-20.662,31.5546,8.69105,47.8787
59091,3219,3412,3898,4138,3360,3734,4542,7002,3390,3770,5108,9606,3356,3637,4505,5529,4.38101,29.8304,8.6509,48.1373
59092,3132,3328,3610,3815,3346,3679,4342,5381,3266,3856,5767,9271,3372,3806,4909,6834,9.99377,23.2256,8.74285,47.8093
59093,3760,4636,6667,5524,3709,4710,7748,5787,3457,3858,4602,4208,3219,3360,3693,3514,-12.4143,9.4537,8.59692,48.3013
59094,3249,3358,3526,3521,3333,3606,4317,4201,3621,4642,7599,6091,3625,4506,7004,5909,13.8915,11.6146,8.86008,48.072
59095,3302,3475,3383,3161,3691,3911,3676,3529,4501,5719,5337,4084,4954,7949,6941,4424,20.8151,-2.01709,8.55441,48.0247
59096,6242,9801,6067,4078,4745,5223,4603,3864,3665,3780,3721,3305,3427,3308,3268,3227,-30.6966,-6.95279,8.59305,48.216
59097,3298,3736,4618,6248,3263,3924,5338,9846,3322,3621,4435,6198,3058,3390,3928,4125,-7.33391,28.527,8.67967,48.232
59098,3219,3358,3579,3593,3306,3501,4239,4860,3349,3840,5372,9333,3446,3915,5245,7954,12.8029,33.6761,8.68404,48.0727
59099,4024,4034,3456,3206,5484,5469,4007,3404,6936,7346,4424,3467,4956,4898,3960,3444,4.89873,-14.6104,8.96356,48.3433
59100,3087,3222,3386,3438,3311,3530,3920,4146,3428,3889,4896,7411,3362,3971,5664,11094,20.6273,31.7942,8.69749,47.8367
59101,3416,3941,6086,11665,3372,3783,4887,6828,3223,3578,3828,4113,3126,3195,3444,3359,-23.0049,28.461,8.62742,47.896
59102,4955,7102,5555,4071,4808,7284,5621,4065,3797,4193,3975,3543,3431,3518,3439,3207,-14.7841,-4.21578,8.98373,48.376
59103,3270,3457,3600,3492,3526,3969,4482,4184,3735,5078,8120,5467,3761,4731,6586,5151,12.5124,8.0203,8.99769,48.406
59104,3214,3671,4066,4364,3335,3983,5659,6592,3452,3889,6248,7461,3298,3814,4575,4796,1.9895,17.7939,8.87477,48.278
59105,3376,3913,5748,10598,3366,3893,5019,7969,3275,3440,3903,4287,3045,3191,3431,3419,-18.2435,31.7487,8.75332,47.9153
59106,3276,3397,3420,3342,3503,3834,4174,3763,3969,5027,6763,4812,4156,5711,7955,5312,17.5948,5.51024,8.77726,48.276
59107,3233,3605,4347,5153,3333,3783,4889,8634,3376,3690,4736,7921,3261,3483,4174,4642,-1.5984,30.9962,8.61213,48.1733
59108,3501,3671,3760,3600,3711,4478,4947,3956,3998,6156,7662,4696,3926,4890,5415,4300,7.67539,3.37639,8.71002,48.4447
59109,3643,3500,3326,3131,4888,4198,3477,3339,9593,5163,3794,3521,7853,5145,3803,3423,12.4161,-32.9707,8.88408,47.8647
59110,4324,5181,4853,3814,4774,7754,6347,4009,4075,4946,4518,3780,3603,3735,3625,3396,-7.83868,-3.21697,8.90295,48.4893
59111,6057,6305,4306,3604,6554,7599,4414,3649,4351,4439,3837,3449,3565,3602,3332,3183,-12.3783,-12.8682,8.79912,48.164
59112,3869,3965,3712,3281,5030,5596,4123,3567,6328,7731,4508,3625,4771,5036,4065,3367,5.08019,-11.5135,8.74222,48.3827
59113,11597,6373,4149,3342,6672,4983,3853,3449,3960,3813,3394,3104,3355,3393,3271,3101,-23.5995,-24.9767,8.58099,47.8727
59114,6029,9930,6364,4154,4497,5173,4635,3780,3679,3781,3583,3441,3296,3351,3307,3251,-28.5356,-5.97912,8.88737,48.1673
59115,3487,3820,3842,3716,3776,4705,5471,4255,4048,6017,7333,4823,3791,4459,4896,4065,5.10628,3.52445,8.60332,48.336
59116,3244,3397,3414,3207,3503,3779,3751,3577,4037,4774,5010,4290,4651,7889,8713,4802,32.0889,1.08192,8.92284,48.0253
59117,4196,5376,5076,3980,4521,7178,6635,4210,4015,4778,4578,3769,3526,3639,3644,3380,-8.98932,-1.35181,8.65057,48.334
59118,3272,3286,3644,3711,3221,3570,4384,4929,3476,3963,6002,8679,3321,3964,5517,7193,12.0816,20.9442,8.95955,48.088
59119,3217,3411,3989,4199,3227,3850,4970,6258,3443,4046,6367,8073,3389,3832,4702,5403,5.02428,19.1897,8.5429,48.2507
59120,7306,5628,3816,3385,8280,6207,4020,3486,4823,4412,3583,3345,3788,3563,3345,3156,-12.3133,-20.0842,8.60144,48.0953
59121,4522,3984,3641,3165,7648,4921,3694,3338,8667,5099,3835,3453,4877,4210,3570,3258,1.31811,-33.9551,8.74025,47.9213
59122,3516,3397,3271,3237,4001,3683,3471,3371,6166,4986,4003,3558,10507,7195,4192,3487,24.6962,-19.9503,8.50978,48.0273
59123,3301,3402,3555,3494,3563,4081,4493,3851,3984,5419,7547,4916,4064,5277,6657,4840,13.3692,4.98017,8.8204,48.296
59124,3451,3412,3188,3062,4375,3985,3599,3217,8090,5196,3764,3355,10258,5806,3891,3396,18.0874,-26.6844,8.91487,48.03
59125,5707,4529,3630,3330,9669,5113,3705,3400,6686,4513,3687,3409,4150,3802,3463,3225,-5.17002,-32.5557,8.91438,48.012
59126,3504,3584,3653,3319,3875,4421,4410,3701,4400,7042,6745,4254,4340,5647,5507,4177,10.8243,-0.51823,8.6447,48.386
59127,3080,3151,3352,3353,3248,3363,3684,3844,3334,3826,4868,6434,3450,3904,5958,12441,24.9012,32.6423,8.91619,47.5267
59128,7476,9909,5259,3785,4979,5421,4325,3626,3718,3814,3648,3324,3326,3410,3240,3070,-28.4322,-10.6523,8.91009,48.22
59129,3639,3491,3271,3113,4489,3921,3556,3280,8407,5403,3861,3302,9337,5903,3942,3427,16.5475,-24.4891,8.91885,48.228
59130,3440,3435,3189,3102,4058,3986,3572,3258,6398,5822,4036,3564,8707,7761,4439,3558,20.2979,-16.752,8.66041,48.2167
59131,3339,3987,5617,6878,3444,4092,6489,8194,3344,3566,4373,4986,3188,3305,3653,3647,-11.7983,18.9532,8.53928,48.068
59132,3609,3899,4341,3886,3775,5028,7000,4758,3794,5023,6608,4640,3515,3912,4370,3954,-0.422587,5.38813,8.8176,48.0747
59133,3399,3885,5180,6128,3343,4078,6716,8275,3319,3617,4585,5338,3217,3461,3808,3881,-8.95731,18.4267,8.58595,48.1533
59134,7705,5152,3774,3390,9743,5225,3740,3389,5219,4169,3527,3367,3710,3564,3306,3195,-11.8739,-31.6511,8.85233,48.1167
59135,5055,5857,4399,3644,5933,8055,4786,3685,4423,4959,3812,3460,3612,3678,3512,3250,-9.54836,-9.74484,8.51157,48.08
59136,10514,6059,3726,3359,8023,5069,3784,3367,4279,4034,3470,3323,3565,3448,3109,3084,-18.5412,-26.5186,8.99157,48.142
59137,4667,5410,4276,3639,5821,8255,5017,3698,4517,5307,4116,3660,3699,3770,3526,3337,-7.22616,-8.85195,8.97639,48.4767
59138,4615,4221,3528,3170,7665,5116,3841,3400,8392,5155,3833,3386,4913,4263,3645,3305,1.12215,-24.456,8.54287,48.2987
59139,3049,3243,3597,3730,3315,3582,4180,5071,3378,3875,5258,9324,3430,3759,5201,8075,12.9209,27.871,8.6471,48.0447
59140,3941,4002,3579,3362,5347,5588,3917,3454,6773,7481,4325,3477,4984,4917,3921,3513,5.22121,-13.9002,8.7985,48.3873
59141,4873,8701,7441,4570,4251,5081,4878,4055,3639,3838,3785,3515,3217,3437,3378,3083,-33.5124,-1.667,8.60916,47.828
59142,4374,6997,9482,5517,3974,4504,5060,4539,3510,3629,3900,3566,3129,3367,3472,3250,-31.2865,3.99226,8.93029,48.18
59143,3143,3643,4061,4185,3430,4008,5796,5983,3610,4152,6774,7068,3304,3709,4527,4769,2.87716,16.0014,8.9987,48.108
59144,3173,3197,3417,3346,3218,3401,3883,3859,3485,3988,5007,5843,3361,4074,7131,11316,28.9033,21.8492,8.67244,47.7993
59145,5177,5490,4216,3519,6330,7748,4587,3587,4625,5231,3935,3501,3757,3792,3470,3141,-8.16022,-12.0286,8.58232,48.0707
59146,3658,3675,3498,3223,4467,5074,3932,3501,6160,7935,4759,3672,5214,5686,4168,3650,8.96704,-10.9141,8.51577,48.1813
59147,3279,3615,4492,5490,3486,3844,5337,9234,3334,3559,4700,6854,3098,3439,3850,4391,-4.145,29.5144,8.56717,48.0013
59148,4640,4096,3568,3122,7705,5242,3709,3278,8165,5311,3798,3372,4952,4185,3584,3364,1.22975,-23.4594,8.62022,48.0607
59149,3482,3914,6058,11942,3392,3716,4995,7041,3208,3452,3935,4039,3110,3141,3386,3427,-23.2446,29.1094,8.72491,48.1587
59150,7033,5374,3846,3454,8731,6245,4038,3446,4854,4397,3587,3260,3715,3684,3468,3117,-11.6154,-20.2374,8.56356,48.166
59151,3653,4643,7968,7891,3480,4199,6247,6158,3276,3492,3933,4128,3152,3264,3390,3428,-19.2656,15.0734,8.9861,48.2013
59152,3197,3267,3657,3900,3288,3589,4356,5538,3414,3807,5145,9953,3354,3798,4903,6947,9.56762,29.7472,8.96031,48.0753
59153,3487,4222,5376,4874,3633,4686,7951,6099,3506,4062,5155,4769,3218,3585,3763,3790,-7.53392,10.9066,8.64531,48.1173
59154,5147,7866,5968,4170,4761,6571,5241,3894,3790,4029,3994,3495,3223,3424,3377,3169,-17.8824,-4.62091,8.63947,48.0793
59155,12002,5979,3966,3421,6562,4849,3865,3399,4036,3771,3381,3080,3371,3410,3308,3072,-24.0134,-33.3562,8.70645,47.648
59156,3258,3338,3382,3156,3640,3610,3711,3526,4233,5132,4861,3996,5020,8693,8124,4627,29.7218,-1.26125,8.88799,48.2047
59157,3355,3396,3299,3199,3929,4085,3639,3254,5709,6465,4489,3707,7014,8127,4855,3680,18.6603,-12.1385,8.88444,48.1347
59158,4199,6300,8423,5332,4021,5177,5963,4556,3530,3789,4014,3701,3197,3396,3491,3328,-20.2332,4.14799,8.56932,48.278
59159,7161,7983,4908,3662,5898,6303,4264,3594,4051,4082,3603,3493,3490,3440,3232,3109,-18.5657,-12.8402,8.78323,48.182
59160,3328,3378,3150,3085,4128,3673,3492,3258,6501,5024,3792,3291,11557,6698,4021,3343,23.9933,-23.9585,8.82728,47.8127
59161,4037,6596,9713,5647,3784,4456,5219,4584,3504,3726,3721,3663,3201,3276,3382,3309,-28.3821,5.63972,8.57389,47.8787
59162,3504,3337,3257,3116,4177,3931,3593,3281,6558,5495,3917,3451,9420,7247,4275,3498,20.3469,-18.965,8.54482,48.038
59163,3363,3322,3417,3153,3774,3786,3523,3266,4984,5208,4371,3658,7171,9979,5466,3772,29.8958,-10.2575,8.94869,48.142
59164,3376,3354,3191,3205,3893,3712,3411,3316,5962,4730,3794,3346,12263,6115,4031,3362,28.1539,-33.9708,8.66133,47.374
59165,3559,4464,6669,5965,3663,4689,7344,6292,3318,3702,4495,4178,3133,3436,3572,3608,-13.8133,11.6692,8.60793,48.058
59166,3338,3409,3214,3021,3781,3868,3474,3265,5769,5042,3856,3521,10818,7604,4159,3473,30.2973,-19.8694,8.70267,47.7413
59167,3552,3398,3233,3120,4031,3860,3458,3235,6875,4796,3708,3454,12138,5907,3903,3460,23.111,-30.181,8.81852,48.0853
59168,3417,3365,3244,3125,3783,3804,3461,3213,5882,4955,3817,3348,12033,6753,4049,3433,32.2825,-23.1893,8.83668,47.788
59169,3140,3259,3542,3640,3197,3543,4205,4954,3390,3799,5445,9412,3352,3845,5302,8140,12.5333,25.7943,8.94122,48.11
59170,3376,3798,5043,7626,3392,3771,5251,9582,3193,3618,4218,5111,3094,3278,3650,3791,-11.6828,27.5847,8.64515,47.8613
59171,3811,3629,3248,3108,5599,4445,3558,3286,9717,5550,3730,3274,6984,4928,3878,3329,9.75914,-24.8523,8.85825,48.0493
59172,3303,3384,3333,3222,3654,3844,3580,3488,4485,5073,4642,3937,5364,9622,6839,4235,31.2445,-4.18697,8.62344,48.0033
59173,3550,4104,5020,4605,3739,4743,7890,5570,3593,4155,5669,4753,3371,3641,3886,3773,-5.15565,9.26383,8.72048,48.0413
59174,3281,3524,4070,4088,3426,3887,5455,5414,3545,4188,7429,6873,3440,3998,4904,5078,5.10171,14.0575,8.75226,48.4
59175,3235,3220,3422,3386,3469,3533,3831,3723,3726,4540,5130,4654,3993,6245,9940,5871,32.7689,6.33329,8.90252,47.9453
59176,3936,4392,4146,3724,4377,6933,5597,3940,4458,6263,5270,3931,3828,4114,3996,3619,-1.22979,-3.51703,8.89694,48.3493
59177,3454,3950,5755,10708,3407,3932,5072,7747,3306,3411,3902,4283,3099,3170,3436,3435,-19.3238,27.7405,8.70218,48.0447
59178,3601,4484,6294,5551,3627,4627,7872,6075,3415,3772,4556,4265,3150,3443,3647,3502,-12.0412,11.1422,8.80737,47.9207
59179,4837,4428,3729,3332,7037,6655,4217,3497,6209,5702,3951,3423,4343,4117,3585,3161,-2.23709,-16.3818,8.90812,48.1487
59180,3797,5040,7329,5583,3791,4886,7401,5450,3500,3900,4409,3999,3197,3391,3423,3528,-14.7695,8.77716,8.67865,48.416
59181,5161,4749,3727,3500,7904,6573,4022,3590,6039,5199,3893,3292,4108,3945,3548,3229,-4.19024,-17.6155,8.58838,48.3193
59182,3314,3445,3122,3150,4019,3790,3346,3167,6174,4922,3766,3460,12432,6042,4010,3497,26.8899,-28.8658,8.5784,47.7707
59183,3371,3399,3198,3084,3913,3766,3517,3166,5929,4811,3711,3512,12463,6458,3907,3292,30.6016,-25.3235,8.75958,47.6647
59184,3481,3368,3301,3084,3930,3898,3386,3143,6054,5012,3757,3373,11971,6569,3805,3380,33.7391,-23.4125,8.87876,47.6747
59185,3316,3995,5134,6118,3394,3996,6584,8152,3347,3781,4834,5223,3147,3471,3743,3907,-9.18954,18.5363,8.52508,48.0947
59186,5274,4908,3929,3345,7374,7141,4169,3412,5417,5319,3969,3287,4027,3943,3515,3250,-5.53333,-16.0326,8.94133,48.186
59187,3679,4615,6854,5770,3612,4727,7599,5830,3333,3668,4496,4054,3209,3390,3519,3532,-13.6215,10.4679,8.72215,47.9247
59188,3368,4076,5521,9258,3489,3808,5326,8298,3125,3572,4133,4601,3042,3382,3499,3472,-16.3364,24.7642,8.64786,47.98
59189,12391,6217,3969,3405,5925,4715,3731,3310,3946,3861,3393,3295,3480,3400,3303,3213,-33.7576,-27.0989,8.64419,47.7027
59190,3222,3451,3918,4102,3237,3656,4532,6830,3415,3829,5180,9651,3314,3560,4406,5625,4.73363,32.044,8.97749,47.952
59191,3701,3626,3439,3168,4305,4748,3920,3456,5770,8038,4944,3632,5286,6065,4491,3630,10.5384,-9.39782,8.64893,48.146
59192,3450,3883,5947,12626,3433,3808,4723,6041,3274,3489,3727,3869,3024,3367,3283,3398,-29.8146,30.0977,8.66379,47.5613
59193,3226,3287,3380,3289,3500,3622,3814,3583,4046,4728,5338,4467,4301,6771,9264,5454,25.6879,4.04917,8.69053,48.0467
59194,5602,4596,3683,3267,8999,5834,3841,3415,6316,4793,3816,3358,4225,3810,3431,3158,-5.02244,-22.0218,8.79602,48.096
59195,3557,3361,3444,3221,3682,4195,3905,3697,4667,6580,5528,4091,4933,7358,6019,4150,16.5749,-3.26332,8.95306,48.2587
59196,3576,4833,9386,8208,3561,4157,5140,5125,3305,3594,3728,3754,3081,3221,3379,3437,-32.186,13.5307,8.96309,47.6567
59197,11097,6057,3876,3345,7399,4873,3881,3430,4193,3966,3554,3208,3438,3343,3303,3141,-20.3906,-26.4144,8.83201,48.0693
59198,3232,3353,3600,3538,3470,3846,4603,4474,3664,4510,7698,6332,3506,4415,6350,5886,12.37,12.306,8.7636,48.318
59199,3087,3091,3416,3430,3231,3521,3860,4059,3556,3967,5291,6466,3543,4225,7269,10232,22.5376,19.6926,8.7081,48.1627
59200,6162,7687,5000,3805,5565,7133,4557,3695,4029,4196,3735,3405,3425,3548,3359,3159,-16.4931,-10.2431,8.57556,48.3067
59201,3190,3223,3391,3406,3062,3442,3848,4045,3256,3801,4839,6572,3445,3980,6243,12119,24.69,26.9493,8.71416,47.908
59202,4264,3939,3546,3068,6763,4594,3841,3415,9273,5153,3773,3397,5608,4561,3643,3324,4.3847,-28.7369,8.63845,48.108
59203,9786,7731,4368,3445,6147,5460,3967,3459,3893,3913,3479,3282,3435,3273,3333,3218,-23.0886,-18.2749,8.71153,48.126
59204,3633,3618,3285,3161,4497,4011,3562,3363,8216,5477,3961,3345,8959,5868,4029,3446,16.4254,-22.6837,8.56245,48.2873
59205,3767,3599,3507,3010,4753,4504,3689,3453,7706,6845,4099,3490,6400,5874,4020,3445,11.3645,-16.8332,8.65077,48.1073
59206,11468,7231,3952,3466,5878,4952,3976,3358,3879,3783,3573,3242,3385,3317,3186,3097,-28.3457,-21.699,8.60004,47.8287
59207,3098,3237,3414,3433,3286,3399,3797,3988,3336,3873,4809,6664,3470,3890,5943,11999,23.9013,29.4747,8.71992,47.7573
59208,3787,3846,3551,3145,4645,4970,3948,3508,6112,8202,4782,3642,4875,5611,4258,3555,8.44452,-10.7191,8.98973,48.2913
59209,4984,4602,3649,3390,7428,6668,4111,3465,6106,5671,3926,3407,4167,4020,3565,3237,-3.4104,-17.0796,8.84482,48.264
59210,3274,3313,3326,3260,3441,3705,3972,3661,3803,4740,5869,4792,4064,6143,9177,5838,22.3488,6.23447,8.60096,48.252
59211,3568,4957,9600,8221,3613,4091,5259,5190,3324,3491,3751,3798,3173,3235,3427,3333,-30.7886,12.811,8.83221,48.0207
59212,3138,3197,3389,3495,3187,3492,3810,3970,3449,3784,5099,6604,3354,4075,6541,11503,24.189,23.6063,8.54485,48.058
59213,3330,3308,3265,3200,3661,3831,3576,3315,4882,5396,4305,3562,7174,9698,5339,3730,28.4959,-10.4982,8.89044,47.7147
59214,8448,5504,3907,3374,8975,5390,3855,3414,4808,4065,3515,3159,3650,3604,3320,3047,-14.1158,-24.8485,8.55907,48.0233
59215,3516,3830,4384,4214,3825,4626,7104,5169,3668,4615,6674,5104,3547,3861,4378,4002,-0.355231,8.77606,8.76567,48.3447
59216,3283,3339,3308,3290,3476,3708,3886,3582,4304,4995,4883,4170,4834,8479,7964,4752,29.3408,-0.11615,8.50652,48.1687
59217,7393,5512,3969,3346,9072,5843,3863,3501,5002,4260,3545,3352,3770,3664,3313,3078,-12.2422,-22.065,8.64344,48.322
59218,3442,3891,6353,10592,3444,3934,5014,7112,3190,3497,3959,4165,2993,3292,3457,3373,-20.8669,22.9051,8.90808,47.8053
59219,3370,3926,6234,12437,3283,3871,4824,6123,3227,3549,3791,3758,3132,3262,3308,3415,-29.4116,27.0409,8.63562,47.6733
59220,11765,6779,3988,3419,5933,4966,3829,3251,4020,3760,3454,3237,3403,3286,3338,3210,-33.8369,-22.6202,8.71387,47.7587
59221,3649,3515,3276,2986,4648,3984,3563,3235,8850,5351,3825,3348,8928,5463,3844,3411,15.0913,-26.9395,8.5116,47.9173
59222,4098,4040,3620,3316,5205,6102,4169,3559,6117,7513,4507,3572,4511,4671,3913,3464,2.98561,-11.6745,8.6821,48.2513
59223,3256,3540,3819,3880,3276,3757,4831,5256,3418,4264,7045,7941,3489,4010,5217,5559,7.82006,17.0546,8.95016,48.372
59224,3490,3535,3427,3291,3705,4179,3907,3518,4846,6811,5167,3981,5196,7591,5649,4164,16.6986,-5.17887,8.53732,48.3047
59225,11046,6877,4120,3354,6894,5006,3892,3380,4176,3825,3398,3256,3364,3384,3109,3082,-22.0115,-22.2868,8.98522,48.1087
59226,3353,4004,5787,10689,3395,3768,5001,7474,3216,3497,3989,4284,3173,3267,3380,3457,-19.373,33.1179,8.70821,47.8227
59227,3228,3337,3354,3375,3564,3815,3955,3686,3846,4888,6260,4617,4219,6196,8574,5387,20.1599,4.83658,8.8815,48.2007
59228,3682,4830,9426,8392,3499,4180,5146,5189,3322,3479,3913,3730,3028,3266,3371,3328,-30.5235,13.3903,8.8688,47.854
59229,3129,3329,3368,3295,3361,3572,3804,3734,3689,4418,5121,4781,3885,5848,10049,6691,28.6644,8.58663,8.87697,48.0493
59230,3276,3759,4700,6407,3451,3796,5275,9827,3293,3635,4482,6097,3237,3418,3747,3953,-7.47464,29.4147,8.53952,48.2353
59231,3164,3249,3312,3372,3302,3304,3905,3948,3408,3746,4605,6446,3407,3856,5972,12351,24.5273,31.5954,8.94301,47.5647
59232,3320,3761,4879,6739,3370,3808,5174,9687,3329,3532,4389,5634,3199,3439,3673,3873,-9.2939,29.7588,8.64239,47.8707
59233,3707,4244,5558,5043,3688,4728,8098,6075,3534,3927,5006,4581,3301,3439,3763,3834,-8.57541,10.6058,8.73984,48.3507
59234,3319,3407,3451,3224,3627,3878,3820,3599,4450,5921,5332,4024,5034,8046,6815,4277,20.3884,-2.63832,8.65121,48.1493
59235,7913,5128,3772,3254,9689,5194,3895,3275,5040,4142,3651,3309,3659,3620,3285,3169,-12.1604,-32.9462,8.91825,47.9967
59236,3585,4137,7019,9000,3470,3974,5671,7006,3279,3586,4084,4259,3272,3317,3537,3546,-18.7749,18.636,8.82264,48.4947
59237,7286,5616,3994,3415,8484,5961,3977,3517,4790,4278,3679,3290,3747,3593,3266,3020,-12.9483,-20.5901,8.51946,47.942
59238,11093,5844,3911,3403,7486,5085,3840,3437,4257,3945,3495,3211,3417,3421,3297,3098,-20.1572,-27.0497,8.95845,48.16
59239,8084,7545,4431,3588,6330,5985,4148,3639,4245,4080,3579,3337,3538,3460,3311,3113,-18.8312,-16.0405,8.8208,48.2753
59240,3282,3481,3889,4290,3294,3748,4688,7120,3402,3774,5148,9253,3350,3632,4393,5279,3.41992,31.5833,8.61961,48.0153
59241,3119,3246,3382,3431,3348,3471,3900,3776,3597,4149,5363,5183,3663,4968,9595,7853,26.4169,12.5088,8.89035,48.0293
59242,3143,3250,3440,3450,3172,3579,3889,4276,3377,3861,5031,7528,3377,3890,5757,10864,19.7934,33.7411,8.87978,47.9227
59243,12571,5957,3836,3426,5981,4700,3812,3417,3831,3821,3361,3304,3308,3436,3237,3101,-30.9155,-30.901,8.63671,47.3993
59244,4519,7236,7915,4946,4024,5460,5767,4366,3591,3886,3803,3532,3279,3355,3381,3288,-20.5804,1.55748,8.54154,48.232
59245,3692,3825,3443,3297,4372,5134,4165,3705,5554,8268,5156,3799,4722,5390,4440,3578,7.81129,-8.34841,8.62219,48.36
59246,3329,3296,3223,3263,3669,3773,3674,3464,4234,4998,4832,4090,5091,9021,7594,4402,32.6742,-2.13296,8.74837,47.9687
59247,3398,3398,3143,3132,3820,3822,3510,3246,5466,5071,4043,3499,9625,8462,4570,3639,30.9232,-16.6693,8.79485,47.896
59248,4234,5718,5778,4376,4403,6583,6697,4360,3756,4369,4333,3723,3351,3570,3465,3361,-11.7503,0.37237,8.60879,48.0513
59249,3199,3230,3391,3212,3538,3835,4017,3672,4048,5119,6210,4592,4394,6512,8558,5215,20.1143,3.85335,8.98957,48.4947
59250,3050,3255,3732,3704,3340,3750,4612,5008,3442,4073,6810,8237,3351,4042,5373,6484,10.3393,18.277,8.83202,48.1753
59251,3189,3746,4663,6225,3319,3809,5659,9520,3282,3750,4625,5994,3150,3401,3794,4069,-7.21149,24.0011,8.66283,48.13
59252,3410,3886,5763,10965,3436,3845,5083,7605,3208,3397,3860,4172,3201,3266,3481,3396,-19.5504,29.7477,8.8547,47.9827
59253,3682,3469,3193,3130,4719,4158,3619,3297,8566,5595,3926,3384,8410,5602,3891,3305,14.6234,-23.4123,8.70083,47.964
59254,6667,5538,3904,3439,8397,6427,4117,3543,4899,4453,3662,3333,3723,3691,3451,3148,-11.1418,-19.462,8.59781,48.2613
59255,3402,3508,3557,3319,3737,4215,4126,3748,4447,6711,6384,4417,4392,6155,6064,4424,13.7638,-0.277817,8.64477,48.404
59256,3428,3288,3339,3089,4048,3980,3575,3348,5721,5866,4265,3660,7744,8619,4796,3679,21.7004,-12.9848,8.55508,48.2967
59257,3500,3892,4506,4518,3508,4346,7075,6047,3576,4168,6199,5536,3290,3672,4128,4260,-2.19328,12.7154,8.78865,48.1473
59258,3397,3611,4369,4662,3457,4023,6057,7044,3494,3865,5929,6830,3277,3590,4247,4477,-0.487369,17.4263,8.93037,48.2193
59259,12205,5944,3931,3427,6635,4820,3752,3452,3874,3781,3345,3313,3402,3435,3188,3195,-25.0508,-30.3724,8.61659,47.7993
59260,3494,3492,3285,3112,4588,4102,3547,3278,8670,5258,3813,3281,9384,5445,3862,3387,16.1531,-28.5948,8.63741,47.9987
59261,6976,4965,3739,3337,10037,5292,3921,3374,5593,4237,3632,3280,3805,3608,3273,3124,-9.874,-27.1673,8.83486,48.1287
59262,3555,3605,3420,3205,4056,4649,3954,3531,5051,7654,5237,3818,5167,6874,4932,3853,13.4799,-7.37054,8.77787,48.374
59263,3834,4694,5179,4217,4112,6380,7496,4657,3818,4750,5013,4018,3455,3562,3743,3583,-7.03111,2.08286,8.94108,48.3407
59264,6150,4870,3754,3412,9114,6087,4006,3366,5683,4687,3694,3329,4015,3699,3354,3167,-7.95911,-20.8697,8.90019,48.258
59265,3918,5267,8331,5753,3730,4859,6725,4974,3497,3689,4213,3836,3223,3396,3424,3405,-18.206,7.63511,8.83059,48.16
59266,3924,4946,6898,5227,3787,5207,7576,5252,3504,3909,4413,4003,3219,3392,3568,3526,-13.4868,7.33803,8.71058,48.234
59267,2968,3175,3444,3449,3151,3452,3837,4050,3318,3754,4855,7259,3375,3952,5933,11383,21.1243,31.462,8.9675,47.57
59268,9629,5567,3808,3410,8288,5194,3859,3342,4434,4065,3483,3285,3429,3516,3269,3105,-16.6621,-33.4039,8.68157,47.7887
59269,3502,3813,4414,4014,3776,4753,7086,5121,3670,4635,6745,5154,3495,3853,4299,4026,-0.378672,8.71237,8.74966,48.2373
59270,5656,6104,4297,3624,6396,7879,4691,3606,4368,4728,3865,3379,3651,3613,3461,3299,-11.1327,-12.0179,8.6734,48.4113
59271,4573,4151,3562,3304,7051,5386,3896,3298,8217,5784,3835,3467,4974,4375,3690,3255,1.81372,-21.0862,8.59895,48.5453
59272,5103,7794,6401,4270,4680,6412,5365,4001,3666,4014,3887,3538,3388,3493,3422,3264,-18.5695,-3.49432,8.65067,48.4653
59273,3762,4673,7441,6332,3635,4455,7162,5961,3371,3679,4216,3990,3127,3345,3538,3574,-16.0012,11.7703,8.55992,48.174
59274,3992,6091,9836,6297,3790,4427,5179,4724,3345,3745,3810,3695,3213,3351,3434,3193,-28.3131,7.50271,8.53055,48.0813
59275,4250,6263,8999,5439,3842,4902,5755,4596,3514,3788,3922,3766,3252,3310,3309,3331,-22.3851,4.95225,8.79114,48.1587
59276,3324,3417,3984,4538,3333,3820,4705,7574,3460,3792,4912,8866,3312,3568,4289,5144,2.09277,30.9241,8.62152,48.0253
59277,3664,4344,6169,5455,3599,4567,7962,6464,3438,3771,4661,4363,3199,3482,3644,3536,-11.5401,11.673,8.86238,48.212
59278,3131,3265,3426,3437,3414,3578,4036,3935,3679,4476,6006,5384,3727,5064,8854,7099,21.272,11.424,8.6088,48.3407
59279,3198,3341,3389,3223,3461,3703,3758,3674,4031,4832,5017,4402,4576,7589,8596,5072,32.4407,1.81426,8.62716,47.908
59280,3832,3773,3363,3160,5656,4447,3501,3344,9927,5189,3693,3329,6603,4861,3839,3376,8.44503,-31.8352,8.52483,47.9287
59281,3408,4077,6584,11834,3299,3935,5049,6380,3204,3366,3724,4033,3037,3213,3352,3488,-26.0772,23.7383,8.70006,47.9887
59282,10493,7914,4323,3475,5722,5022,3871,3476,3962,3908,3459,3176,3372,3417,3263,3082,-27.3895,-18.5131,8.9895,47.9567
59283,3519,4575,8505,9249,3536,3980,5145,5384,3321,3549,3812,3850,3121,3293,3412,3342,-28.8526,16.1928,8.55168,47.7287
59284,3260,3475,3931,3900,3500,3944,5367,4967,3566,4474,7498,6678,3305,3952,5065,4983,6.04211,13.1852,8.63791,47.91
59285,4055,6312,9610,6058,3714,4514,5389,4555,3374,3644,3800,3691,3183,3333,3475,3331,-27.508,6.2466,8.57306,48.0253
59286,4084,3916,3437,3202,6004,4725,3715,3328,8988,5911,3971,3488,5865,4689,3712,3277,6.38993,-21.6902,8.58958,48.208
59287,4212,3841,3463,3257,6615,4565,3619,3273,9601,5153,3706,3398,5821,4510,3586,3366,5.3403,-28.6268,8.69543,47.9907
59288,3408,3884,5546,9353,3451,3835,5064,8712,3260,3537,4121,4581,3114,3245,3459,3681,-15.6205,29.1507,8.97055,48.1673
59289,3110,3383,3369,3395,3430,3714,4002,3819,3700,4687,6339,5060,3916,5461,8701,6162,19.9727,8.07779,8.61165,48.1653
59290,3343,3785,4924,7144,3367,3753,5283,9796,3349,3588,4299,5504,3065,3338,3680,3755,-10.3278,27.6697,8.66567,47.982
59291,4092,6363,9583,5690,3810,4689,5189,4529,3386,3693,3793,3706,3285,3431,3390,3483,-33.609,5.56596,8.75559,48.0747
59292,2957,3375,3385,3516,3223,3599,3935,4616,3484,4072,5798,7843,3282,4029,6108,8450,15.7321,20.7115,8.79025,47.7813
59293,3353,3266,3280,3168,4033,3813,3445,3297,6678,4842,3733,3381,11913,5911,3973,3377,23.467,-31.4791,8.681,47.642
59294,3496,3431,3285,3108,4022,3947,3434,3384,6374,5254,3853,3365,10578,7336,4226,3414,23.46,-20.5877,8.73414,48.338
59295,3368,3902,5455,8680,3336,3829,5514,9094,3228,3564,4092,4799,3084,3309,3473,3564,-14.6551,26.0521,8.89747,48.194
59296,3160,3266,3445,3502,3229,3472,3879,3992,3458,3970,5441,6702,3515,4229,7232,9692,21.0958,19.0366,8.60437,48.1227
59297,3137,3336,3456,3650,3640,3864,4307,3926,3835,4972,7420,5184,3888,5241,7474,5303,15.3869,7.15962,8.87658,48.422
59298,10038,5727,3824,3422,8094,5172,3904,3416,4345,3974,3414,3183,3358,3533,3286,3194,-17.8602,-30.1936,8.71505,47.9227
59299,5538,4528,3737,3229,8688,5819,3892,3427,6578,4987,3656,3263,4318,3906,3523,3080,-4.07644,-21.7516,8.9059,48.1127
59300,3198,3521,3951,4062,3369,3680,4746,5773,3430,3887,6479,8557,3390,3880,4809,5867,6.77559,19.4514,8.87787,48.3993
59301,5553,4766,3623,3410,8756,6091,3893,3419,5957,4968,3664,3308,4124,3934,3444,3218,-5.53678,-21.2017,8.66284,48.0853
59302,3218,3307,3361,3304,3371,3658,4028,3805,3772,4564,5972,4843,3982,5686,9124,6030,21.6677,7.83162,8.72613,48.0167
59303,3192,3319,3341,3230,3543,3782,3736,3527,4204,4924,4818,3995,5221,9106,7574,4346,28.4419,-2.21529,8.92669,47.9053
59304,4763,6403,4903,3820,5304,8059,5409,4014,4031,4655,3989,3578,3510,3590,3438,3256,-11.6967,-6.32194,8.75256,48.4813
59305,3145,3171,3356,3427,3296,3519,3705,3842,3309,3670,4717,6183,3383,4003,6063,12750,30.6358,27.1087,8.98853,47.6927
59306,3297,3383,3248,3164,3712,3774,3630,3479,4410,5123,4564,4017,5205,9372,7177,4265,29.9542,-3.41786,8.94867,47.88
59307,6004,7858,4887,3866,5327,6912,4626,3839,4058,4088,3796,3455,3425,3486,3430,3208,-16.7883,-9.38021,8.7278,48.1767
59308,4136,3946,3480,3247,6593,4689,3643,3321,9394,5280,3745,3350,5442,4570,3733,3306,4.64103,-33.2458,8.51557,47.9167
59309,3377,3982,5933,11189,3296,3834,4951,7323,3251,3442,3769,4182,3081,3251,3392,3535,-20.8466,27.3648,8.66746,47.8587
59310,3322,3357,3247,3236,3916,4079,3695,3450,4929,6866,5131,3869,5417,7979,5787,4075,17.7066,-5.81129,8.92342,48.2367
59311,3497,3895,4687,4675,3589,4657,7886,6233,3548,4174,5702,5026,3353,3642,4022,3916,-4.46205,11.8549,8.984,48.3347
59312,3275,3783,4686,5557,3377,3957,5815,9125,3382,3725,4890,6202,3163,3409,3847,4245,-5.30083,21.9123,8.80415,48.292
59313,3590,3573,3483,3074,4230,4267,3700,3393,6215,7306,4438,3641,6257,6967,4548,3692,14.3232,-12.2863,8.98769,48.2493
59314,3185,3386,3475,3370,3277,3471,3829,3854,3516,4032,5217,5536,3651,4663,8573,9027,26.1897,15.4063,8.73604,48.0413
59315,3362,3366,3196,3104,3671,3708,3607,3361,4763,5195,4526,3796,6116,10014,6241,3964,30.2335,-6.708,8.76647,47.9933
59316,6669,9679,5624,3815,4966,5331,4305,3716,3740,3949,3621,3245,3361,3324,3303,3164,-32.1465,-9.1497,8.51605,47.8747
59317,3254,3458,4147,4276,3443,3650,4901,7151,3386,3953,5424,8798,3229,3643,4296,5145,2.99135,24.5241,8.61022,48.1027
59318,3112,3350,3804,3988,3319,3521,4403,5835,3447,3847,5313,9845,3273,3798,4850,6565,8.35058,27.0567,8.78458,48.18
59319,8637,8969,4855,3571,5470,5283,4146,3533,3826,3833,3630,3401,3319,3392,3298,3112,-25.4071,-14.3434,8.85102,48.1833
59320,11523,5870,3926,3448,7109,5002,3771,3405,4101,3776,3488,3240,3399,3380,3250,3142,-21.9988,-29.79,8.50395,47.8867
59321,9499,5461,3858,3391,8612,5286,3773,3271,4595,3985,3654,3184,3697,3553,3319,3146,-16.005,-28.4712,8.73078,48.1893
59322,3195,3376,3336,3440,3220,3581,3964,3746,3811,4566,5863,4960,3850,5662,9334,6430,22.6995,8.17581,8.9602,48.2227
59323,8471,8243,4436,3480,6073,5635,4076,3480,3930,3980,3610,3304,3413,3432,3203,3130,-21.7271,-15.8302,8.87756,47.9307
59324,3092,3224,3335,3333,3275,3344,3749,4044,3181,3841,4864,6095,3395,3980,6768,12380,28.8849,23.9137,8.98553,47.9333
59325,3264,3433,4050,4459,3283,3708,4943,7518,3375,3881,5553,8556,3196,3535,4254,5120,2.45081,23.8555,8.60087,48.0853
59326,3819,4017,3956,3560,4169,5737,5303,3909,4563,6740,6008,4062,3928,4415,4315,3774,2.77165,-1.73436,8.61963,48.1833
59327,5901,6225,4485,3563,6390,7626,4529,3726,4480,4436,3762,3354,3581,3629,3431,3154,-12.3338,-12.0399,8.86306,48.1813
59328,3218,3429,3535,3429,3509,3849,4166,3683,4040,5528,6582,4666,4156,6096,7463,4871,16.7231,3.15277,8.86359,48.1467
59329,4269,5343,4965,4059,4559,7014,6702,4305,3855,4703,4542,3825,3505,3597,3724,3417,-8.99872,-0.78828,8.58921,48.256
59330,3311,3403,3431,3232,3474,3677,3774,3548,4346,4952,4830,4103,5227,8821,7477,4461,29.9081,-2.20714,8.51802,48.0447
59331,4246,4038,3359,3153,7087,4815,3877,3338,9072,5306,3779,3329,5398,4438,3690,3359,3.55328,-25.1744,8.813,48.1893
59332,4050,3785,3379,3156,5977,4588,3585,3265,9478,5873,3898,3357,6188,4705,3664,3307,7.13853,-23.4981,8.70466,48.17
59333,3475,3946,5981,12725,3457,3802,4680,5875,3281,3418,3786,3804,3197,3192,3327,3295,-28.718,33.7854,8.98228,47.494
59334,3394,3834,5916,11926,3406,3937,4951,6672,3258,3373,3869,3972,3097,3223,3434,3464,-23.6248,31.1587,8.78441,47.8173
59335,10955,7524,4214,3316,5684,4925,3985,3442,3959,3857,3632,3265,3394,3384,3283,3060,-32.3925,-19.961,8.71005,47.9193
59336,3177,3252,3425,3443,3232,3562,4023,4397,3484,3994,5738,7598,3529,4032,6369,8988,17.1929,20.649,8.63554,48.162
59337,3552,4110,4641,3990,3763,5150,7453,4877,3700,4863,6314,4644,3541,3842,4104,3934,-1.85642,5.81449,8.96985,48.3187
59338,3282,3691,4382,4623,3367,4081,6309,6914,3359,3982,5954,6463,3387,3689,4302,4361,-0.994456,16.5638,8.76988,48.0973
59339,4066,4960,4520,4026,4525,7400,6160,4081,4186,5284,4675,3776,3623,3803,3673,3490,-6.03574,-2.92141,8.53912,48.1653
59340,8085,5977,3964,3448,8164,5833,3906,3497,4626,4133,3550,3329,3627,3425,3270,3193,-14.9855,-20.5231,8.74029,48.018
59341,9648,8499,4438,3469,5609,5102,3973,3423,4014,3877,3573,3243,3408,3317,3339,3108,-33.1963,-16.6543,8.84993,48.0267
59342,3068,3118,3433,3358,3266,3492,3854,4086,3393,3951,5192,6454,3444,4153,7403,10505,23.5356,20.056,8.85715,48.1133
59343,5670,8207,5586,3978,4941,6658,4918,3840,3707,4086,3689,3468,3319,3411,3345,3185,-18.2509,-6.80929,8.81902,48.0053
59344,4391,4125,3448,3311,7643,4904,3753,3295,9002,4986,3790,3362,5071,4265,3621,3286,1.95077,-33.6132,8.69209,48.1687
59345,6290,4712,3606,3359,10117,5240,3781,3468,5948,4475,3548,3212,3990,3716,3414,3073,-7.50959,-29.4726,8.93379,47.966
59346,3378,3390,3179,3005,3868,3944,3428,3298,5206,5126,4080,3496,8690,9187,4784,3676,29.9546,-14.1533,8.95247,47.8233
59347,5470,4919,3887,3254,7811,6809,4206,3522,5494,5066,3908,3358,3914,3909,3525,3159,-6.11945,-17.2033,8.75522,48.1407
59348,3165,3201,3415,3424,3322,3591,3897,3983,3604,4015,5649,5730,3610,4595,8508,8521,22.5184,15.0309,8.84617,48.1533
59349,3714,3794,3466,3127,4850,4555,3887,3294,7773,7187,4105,3389,6167,5531,4062,3455,10.3345,-16.3505,8.88128,48.2373
59350,3980,3916,3406,3216,5435,5011,3850,3427,8097,6693,4210,3471,5569,4964,3916,3440,6.97711,-17.6312,8.55551,48.4007
59351,11134,7414,4179,3430,5781,4732,3771,3381,3985,3634,3516,3148,3450,3290,3248,3166,-29.0006,-20.8744,8.77461,47.506
59352,12897,5952,3969,3478,6131,4678,3850,3378,3928,3711,3405,3268,3296,3314,3175,3135,-27.8359,-31.79,8.88264,47.71
59353,8608,5411,3984,3408,8903,5110,3856,3357,4615,4071,3519,3322,3513,3559,3251,3222,-14.674,-33.806,8.67881,47.806
59354,3740,4054,4332,3895,4019,5508,6536,4475,3835,5375,6520,4391,3596,3966,4183,3858,-0.324985,3.12155,8.86651,48.1887
59355,3276,3429,3236,3060,3942,3684,3580,3236,5510,5139,3916,3450,9854,8346,4430,3550,29.7107,-17.2339,8.8308,47.7587
59356,3639,3756,3630,3294,4111,4966,4205,3611,5107,7947,5548,3931,4607,5537,4650,3796,9.02795,-5.68289,8.5074,48.2233
59357,3234,3265,3533,3676,3212,3624,4281,5096,3390,3860,5242,9839,3323,3751,4921,7383,11.1185,32.0014,8.79028,47.7533
59358,3542,3441,3258,3046,4427,4024,3425,3173,8219,5181,3822,3434,10083,5616,3883,3461,17.6419,-29.1382,8.61799,48.0233
59359,3361,3584,3752,3555,3689,4395,4829,4047,4062,5793,7699,4947,3978,4815,5454,4368,8.91641,3.95001,8.61956,48.2187
59360,3170,3370,3550,3530,3478,4042,4565,4056,3793,4903,7965,5568,3724,4644,6521,5184,12.5348,8.67942,8.57911,48.042
59361,3846,4592,6495,5397,3558,4729,8005,5698,3355,3897,4604,4352,3205,3448,3574,3594,-11.865,9.70289,8.70748,48.2327
59362,3812,3967,3695,3513,4656,5811,4354,3580,5406,7922,4924,3864,4338,4736,4105,3593,4.29252,-8.09961,8.724,48.184
59363,3127,3255,3310,3229,3152,3386,3816,3925,3362,3845,4740,6455,3458,3929,6016,12403,24.7151,29.9123,8.75311,47.6053
59364,4832,8499,8021,4646,4270,4928,5006,4191,3679,3790,3740,3461,3304,3223,3261,3264,-32.8858,-0.501347,8.94083,48.0767
59365,4325,5351,4830,3925,4578,7587,6254,4043,4008,4905,4461,3758,3374,3655,3743,3402,-8.70269,-2.91976,8.84582,48.1327
59366,4259,5200,4895,3911,4634,7617,6461,4111,4124,4898,4559,3676,3526,3760,3562,3382,-7.78146,-2.54953,8.95095,48.3833
59367,3547,4628,8969,9063,3536,4146,5144,5228,3204,3467,3732,3849,3096,3299,3434,3322,-29.7498,14.9167,8.90672,47.776
59368,3077,3240,3517,3460,3218,3639,3866,4390,3396,3877,5262,7988,3293,3962,5990,9870,17.7444,24.379,8.59076,48.03
59369,3263,3498,4041,4515,3316,3725,4830,7703,3358,3610,5142,8719,3270,3574,4295,4955,1.74017,32.4349,8.87254,47.876
59370,3313,3869,5694,8977,3416,3892,5438,8601,3276,3512,4091,4671,3001,3407,3437,3577,-15.699,24.0127,8.90219,48.1147
59371,3118,3245,3399,3332,3165,3407,3834,4106,3419,3835,4833,6785,3379,3954,5978,11952,22.9362,29.6234,8.99931,47.8273
59372,6239,4972,3745,3332,8726,6176,3990,3499,5596,4569,3590,3319,3834,3645,3409,3204,-8.24162,-20.3145,8.65661,47.8967
59373,5485,4337,3544,3272,9271,5236,3781,3314,7284,4790,3797,3203,4294,3963,3384,3186,-3.2074,-27.2757,8.88013,48.094
59374,5070,4292,3482,3315,8937,4936,3804,3334,7559,4743,3780,3279,4530,4079,3447,3285,-1.85858,-30.4668,8.73522,47.9147
59375,3156,3147,3411,3422,3276,3568,3757,3898,3405,3765,4763,5951,3422,3944,6016,12551,29.7892,32.8926,8.69301,47.6347
59376,3509,3976,4174,3982,3832,4821,6666,4651,3836,5110,6908,4854,3548,3980,4435,4148,0.895144,6.22335,8.52343,48.2867
59377,3352,3745,5615,10161,3432,3746,5138,8223,3407,3522,3968,4406,3095,3181,3442,3407,-17.6116,30.9743,8.85773,47.8933
59378,7758,6164,4093,3327,7985,6203,4060,3417,4556,4274,3672,3254,3632,3596,3301,3137,-14.5034,-19.3101,8.73898,48.286
59379,3180,3431,3302,3396,3528,3829,3738,3442,4259,4901,5072,4155,4558,7858,8574,4868,31.4656,1.00667,8.54007,48.0607
59380,4106,4922,4700,3936,4574,7502,6432,4054,4088,5221,4900,3874,3587,3732,3682,3476,-6.09026,-1.94108,8.75687,48.524
59381,7594,9695,5042,3529,5003,5248,4246,3621,3947,3941,3614,3356,3397,3381,3310,3179,-32.7725,-11.7266,8.76328,48.0687
59382,3265,3926,6471,12188,3385,3832,4888,6316,3207,3553,3815,3869,3052,3272,3386,3395,-27.3173,25.2629,8.55787,47.88
59383,4051,5178,5000,4103,4492,7108,6746,4223,3926,4750,4697,3944,3493,3746,3716,3575,-7.87037,-0.611476,8.73873,48.4987
59384,3746,5480,9992,6746,3628,4464,5315,4771,3418,3598,3936,3861,3270,3386,3434,3431,-33.498,9.22117,8.76135,48.3173
59385,4816,4086,3568,3233,8279,4830,3721,3393,8420,4987,3782,3245,4836,4212,3594,3253,0.51162,-30.2112,8.57978,48.17
59386,6666,7434,4584,3683,6063,6871,4419,3655,4224,4351,3578,3261,3474,3481,3312,3182,-16.0789,-12.8484,8.81573,48.1587
59387,9692,7730,4420,3583,6342,5407,3961,3521,4060,4022,3509,3222,3480,3407,3172,3056,-22.4724,-18.0783,8.83168,48.3893
59388,3356,3358,3233,3152,3782,3792,3425,3260,5980,4817,3706,3465,12505,5944,3843,3386,28.7557,-32.0767,8.82466,47.336
59389,3330,3850,5160,7658,3492,3806,5278,9797,3304,3623,4169,5031,3208,3207,3565,3595,-11.5994,33.2083,8.94885,48.0487
59390,12186,6305,3983,3345,6440,4780,3734,3379,4036,3807,3560,3167,3431,3377,3205,3053,-24.9106,-26.8764,8.622,47.8587
59391,3402,3387,3269,3166,4066,3978,3527,3205,6167,5695,4036,3523,8686,7930,4478,3591,21.2485,-16.2992,8.57443,48.0707
59392,3175,3375,3307,3240,3351,3752,3783,3669,3787,4661,5554,4544,4119,6476,9564,5723,25.5638,5.27919,8.90055,48.0533
59393,7777,6536,4162,3480,7262,6054,4056,3420,4304,4196,3628,3330,3499,3539,3265,3125,-16.0671,-18.0534,8.91525,47.7553
59394,5124,5899,4416,3562,6101,7969,4711,3670,4471,4831,3991,3440,3558,3735,3415,3231,-9.70122,-10.68,8.55173,48.0827
59395,3499,4200,7783,11098,3471,3941,5001,5985,3155,3494,3763,4036,3086,3125,3315,3391,-26.8059,20.1014,8.87039,48.2287
59396,3886,3865,3536,3164,5144,5256,3943,3433,7082,7393,4255,3591,5241,5361,3981,3348,6.87945,-14.276,8.65661,48.3193
59397,3150,3310,3631,3696,3213,3629,4243,5139,3448,3725,5272,9414,3398,3723,5157,7840,12.3528,28.4738,8.56985,47.992
59398,3131,3161,3427,3418,3199,3527,3775,4060,3345,3757,4737,6104,3421,3836,5973,12590,28.9546,29.5079,8.51097,47.6407
59399,3342,3394,3269,3081,4003,3660,3463,3250,6007,4954,3811,3283,12084,6648,3999,3316,32.8723,-23.5553,8.87947,47.7093
59400,3475,3359,3177,3123,3826,3780,3510,3142,5509,5249,4030,3539,9252,8926,4668,3584,27.6284,-15.4896,8.98436,48.0993
59401,3382,3400,3239,3136,3891,3842,3555,3192,6111,4901,3760,3434,11480,7051,4090,3420,26.2844,-22.0083,8.7729,47.9227
59402,3346,3876,5739,10750,3479,3873,5074,7532,3256,3515,3873,4168,3046,3268,3435,3418,-19.788,32.79,8.58284,47.7653
59403,3169,3364,3376,3366,3320,3584,3781,3793,3640,4255,5207,4921,3766,5474,9935,6996,32.7529,9.99591,8.72328,47.9647
59404,3847,5092,9125,7086,3659,4369,5940,5240,3391,3721,3863,3807,3205,3274,3372,3381,-22.2384,11.1745,8.71859,48.248
59405,3319,3460,3955,3812,3480,4039,5150,5001,3604,4516,7583,6765,3561,4030,5225,5088,7.10407,13.3469,8.64287,48.392
59406,9565,5463,3919,3311,8427,5186,3885,3364,4515,4074,3433,3260,3595,3443,3352,3175,-16.2166,-31.316,8.81051,47.978
59407,3326,3398,3279,3290,3846,4130,3762,3341,4912,6501,4794,3916,5731,8712,5450,4035,19.4152,-7.3591,8.66489,48.282
59408,3357,3659,4636,5611,3272,3707,5305,9437,3409,3667,4638,6537,3258,3459,3879,4063,-5.02173,33.543,8.68917,47.9293
59409,3300,3373,3439,3354,3543,4051,4165,3789,4093,5371,7001,4728,4082,5760,7252,4950,15.8072,4.45908,8.84454,48.1673
59410,3326,3544,4563,5758,3366,3813,5267,9737,3357,3705,4595,6503,3288,3427,3819,4187,-5.61861,32.0369,8.87292,48.17
59411,3246,3266,3392,3445,3197,3443,3862,3851,3357,3995,5070,5738,3481,4272,8093,10444,32.8746,18.3036,8.97428,48.1013
59412,3749,4129,3928,3399,4436,5909,4869,3773,4742,7471,5596,3872,4109,4741,4157,3522,2.85326,-4.66072,8.95435,48.268
59413,3227,3287,3381,3303,3229,3407,3749,3919,3373,3723,4782,5944,3350,3889,5886,12811,31.2392,28.9903,8.98495,47.5067
59414,4350,3918,3376,3200,6655,4600,3636,3411,9441,5117,3697,3367,5619,4448,3609,3356,4.89105,-29.5043,8.66156,47.8667
59415,3453,4119,6329,8015,3399,3999,6025,7682,3331,3548,4256,4468,3125,3339,3513,3460,-15.4021,19.1878,8.52831,48.0407
59416,3240,3650,4327,5065,3444,3846,5568,8300,3261,3820,5173,7295,3195,3588,4107,4535,-1.77074,21.9377,8.56834,48.276
59417,3276,3286,3285,3227,3693,3792,3567,3515,4784,5193,4598,3746,6060,10074,6131,4072,31.8698,-7.01907,8.97357,48.1993
59418,3508,3464,3293,3136,4791,4170,3600,3329,9115,5110,3821,3365,8657,5252,3923,3437,14.0559,-31.9054,8.8378,47.9807
59419,3116,3317,3421,3612,3314,3578,4164,4870,3363,3827,5362,9275,3317,3719,5331,8104,13.2449,32.6972,8.74449,47.7933
59420,3147,3163,3453,3514,3176,3553,3879,3889,3305,3859,5153,6823,3303,4005,6441,11358,22.4515,24.664,8.62029,48.014
59421,3476,4518,8877,9048,3509,4091,5168,5432,3309,3482,4003,3869,3120,3220,3316,3325,-33.0409,15.2456,8.84953,47.842
59422,3340,3587,4469,5141,3365,3785,4983,9200,3357,3563,4814,7176,3202,3517,3963,4312,-3.00714,30.9796,8.6014,47.8493
59423,4441,7225,8935,5166,3984,4988,5473,4385,3559,3750,3818,3573,3170,3278,3206,3327,-23.7316,2.54522,8.97728,48.1853
59424,3221,3461,3751,4097,3438,3922,5007,5420,3436,4125,7058,7576,3388,3853,5225,5515,7.31579,16.2261,8.70109,48.3287
59425,3298,3341,3338,3249,3562,3723,3824,3498,4161,5058,4918,4130,4814,8370,7963,4686,29.1994,-0.254213,8.50211,47.9553
59426,11814,5904,3970,3309,7138,4901,3779,3243,4172,3938,3401,3103,3474,3497,3218,3088,-22.1241,-28.0706,8.92599,47.966
59427,3384,3832,4921,5884,3443,3899,6111,8943,3299,3804,4627,5655,3173,3507,3794,4003,-7.06612,20.5582,8.81694,48.186
59428,4289,6833,9247,5552,3961,4780,5360,4425,3548,3622,3847,3734,3130,3479,3403,3252,-25.5086,4.37253,8.78053,48.308
59429,3401,3493,3841,3806,3461,4083,5318,4885,3606,4603,7845,6289,3474,4143,5183,4854,6.37201,11.7997,8.50622,48.19
59430,6295,4670,3595,3389,9868,5305,3745,3362,6074,4411,3614,3254,4001,3814,3380,3172,-7.52089,-27.9901,8.61621,47.966
59431,3337,3619,4766,6430,3414,3749,5307,9777,3214,3635,4533,5842,3191,3391,3852,4030,-8.17998,26.7382,8.63943,48.058
59432,3277,3585,3768,3728,3499,3985,5014,4356,3710,4680,8096,6008,3652,4213,5641,5074,8.7225,10.6013,8.87227,48.1907
59433,4307,6911,9241,5597,3977,4791,5243,4529,3551,3661,3728,3650,3222,3268,3400,3293,-26.8532,3.99378,8.56905,48.246
59434,3736,4019,4161,3823,4016,5528,6188,4330,3969,5737,6307,4391,3631,4162,4333,3828,0.530399,1.75941,8.9164,48.106
59435,3839,4381,4314,3712,4294,6374,6160,4216,4172,5984,5589,4015,3644,4095,4006,3753,-1.83301,-0.695293,8.86076,48.3653
59436,3741,3772,3519,3187,4509,5128,4024,3448,5728,8205,5040,3729,4944,5486,4412,3661,8.52104,-9.08154,8.6271,48.3553
59437,3378,3402,3292,3161,3929,4126,3632,3436,5382,6757,4560,3634,6196,8261,5167,3819,18.0647,-9.65099,8.96278,48.088
59438,3175,3362,3374,3301,3459,3625,3722,3654,4020,4639,5070,4371,4312,7095,9433,5381,29.0567,3.53295,8.88939,47.9953
59439,3046,3286,3400,3440,3328,3516,3924,3980,3513,3977,5263,5550,3593,4463,8409,9304,24.9068,16.0278,8.75523,47.9947
59440,5289,6511,4681,3724,5484,7921,5079,3848,4194,4522,3838,3435,3532,3582,3483,3264,-12.4459,-8.26916,8.69862,48.258
59441,3227,3351,3386,3255,3401,3797,3944,3574,4147,5406,5737,4261,4584,7332,8156,4939,21.2531,1.22399,8.96429,48.3313
59442,5055,7789,6593,4204,4613,6326,5377,4127,3714,3911,3832,3453,3304,3422,3408,3265,-18.4322,-3.05155,8.99299,48.262
59443,3606,3506,3365,3050,4203,4089,3610,3365,6691,6738,4123,3530,7384,7053,4382,3557,16.5635,-15.4283,8.80582,48.168
59444,3113,3230,3552,3652,3178,3550,4135,4845,3399,3868,5649,9152,3325,3807,5319,7914,12.6858,23.8918,8.89247,47.792
59445,7971,5537,3873,3313,8884,5799,3834,3474,4642,4213,3663,3250,3702,3533,3339,3044,-13.4631,-22.7446,8.58921,48.0473
59446,12068,6127,4017,3454,6439,4823,3856,3354,3984,3806,3520,3222,3362,3386,3052,3231,-24.3406,-26.5546,8.51915,47.8007
59447,4214,3958,3388,3237,6937,4581,3687,3297,9736,5119,3713,3360,5606,4452,3575,3333,4.4032,-29.0595,8.93241,48.1287
59448,3157,3301,3445,3523,3345,3463,4100,4483,3452,3922,5601,8004,3440,4015,5908,8811,16.2559,22.018,8.64113,47.98
59449,3281,3512,3775,3688,3446,4238,5301,4429,3736,4944,8176,5564,3691,4358,5317,4747,7.46461,8.39696,8.7898,48.1353
59450,3735,3649,3286,3247,5189,4244,3579,3340,10107,5318,3832,3417,7140,4791,3764,3265,10.325,-31.2344,8.87694,47.9353
59451,4005,5746,9118,6090,3789,4682,6017,4937,3419,3785,3946,3661,3098,3244,3303,3336,-21.6085,7.34521,8.77818,48.1173
59452,3652,3584,3226,3102,4320,4358,3662,3280,7096,6811,4265,3585,6961,6459,4275,3558,13.9752,-15.4885,8.69456,48.1293
59453,3398,3462,3159,3062,4169,3988,3563,3259,6746,5760,3979,3537,8672,7443,4225,3501,19.1981,-17.6139,8.70006,47.9487
59454,3389,3444,3280,3019,3891,3891,3524,3443,5636,5776,4163,3556,7982,8764,4804,3597,22.0765,-13.7149,8.70364,48.106
59455,8400,7754,4567,3605,6330,5879,4126,3367,4076,3954,3576,3263,3446,3490,3223,3149,-19.698,-16.1736,8.6359,48.1367
59456,10744,5588,3971,3427,7603,5042,3829,3469,4221,3887,3529,3332,3499,3475,3300,3023,-19.6994,-31.4185,8.59548,47.9593
59457,7565,4972,3967,3354,9587,5295,3876,3410,4993,4250,3696,3268,3570,3594,3256,3048,-11.8463,-33.7419,8.94836,47.8007
59458,5868,5238,3953,3384,8032,6596,4141,3569,5306,4744,3742,3261,3892,3806,3393,3174,-8.33634,-17.7166,8.51268,48.066
59459,3101,3220,3523,3518,3233,3642,3987,4247,3465,4014,5754,6887,3426,4212,7199,8688,18.4193,17.9121,8.91049,48.0773
59460,3135,3213,3461,3564,3095,3419,3838,4064,3397,3751,4916,6971,3483,3949,6150,11568,22.4748,27.0752,8.50813,47.9827
59461,3352,3482,3349,3095,3610,3740,3640,3543,4395,5266,4761,3936,5510,9348,6925,4345,25.8036,-4.04763,8.78209,48.198
59462,7578,9668,5129,3662,5168,5226,4275,3652,3846,3822,3475,3233,3376,3409,3361,3202,-32.665,-11.3304,8.62995,48.0547
59463,3740,5163,9118,7144,3584,4373,5783,5291,3403,3615,4051,3907,3164,3259,3353,3435,-23.0073,11.1921,8.58976,48.2553
59464,3061,3177,3337,3340,3297,3488,3891,4011,3345,3937,5121,6398,3358,4279,7031,11029,23.9282,21.3961,8.70136,48.0667
59465,3888,4891,6111,4683,3982,5736,7604,4824,3597,4090,4661,4001,3434,3583,3630,3612,-11.3562,4.73778,8.63895,48.218
59466,3239,3261,3318,3162,3626,3781,3699,3499,4361,5062,4595,3816,5210,9178,7449,4414,30.4943,-2.92695,8.75533,47.78
59467,3338,3637,4436,4721,3432,4127,6438,6952,3444,3978,6004,6464,3264,3543,4158,4371,-1.34174,17.0452,8.76082,48.2047
59468,6585,4662,3736,3357,9973,5239,3757,3448,5821,4439,3679,3347,3921,3648,3414,3101,-8.20389,-31.863,8.82013,48.0847
59469,5003,7233,5339,4008,4875,7369,5302,3872,3911,4301,4009,3525,3408,3430,3401,3257,-15.1754,-5.58999,8.96809,48.162
59470,7691,9468,4909,3715,5177,5476,4201,3633,3960,3851,3544,3327,3312,3426,3248,3093,-24.6395,-12.1616,8.85476,48.0207
59471,3434,3356,3254,3080,3994,3945,3630,3206,5602,5560,4146,3558,8548,8498,4550,3687,23.3735,-14.9535,8.50909,48.032
59472,3122,3238,3414,3385,3451,3588,3798,3692,3777,4494,5381,4638,3989,5941,9822,6358,26.3295,7.44064,8.63059,48.0587
59473,6034,6242,4355,3610,6655,7591,4397,3600,4477,4511,3795,3394,3695,3547,3449,3067,-12.1042,-13.5414,8.91589,48.2793
59474,3856,4545,4543,3904,4163,6434,6623,4365,4006,5367,5317,3985,3551,3873,3937,3614,-3.68912,0.687697,8.77162,48.0553
59475,9780,8266,4560,3553,5948,5035,4072,3496,4066,3779,3511,3333,3271,3398,3274,3069,-25.6337,-17.4021,8.65705,48.274
59476,3061,3231,3450,3402,3253,3648,3872,3883,3478,4207,5645,5935,3582,4610,8205,8431,21.9352,15.3653,8.66775,47.9287
59477,3543,4144,6863,11643,3417,3836,5035,6253,3195,3360,3889,3949,3062,3256,3344,3387,-26.3959,22.7358,8.55001,48.1173
59478,3200,3239,3295,3208,3250,3411,3722,3866,3370,3787,4816,6194,3353,4001,6090,12577,26.6509,33.2153,8.76583,47.586
59479,3922,4710,4735,4036,4273,6684,6751,4276,4023,5124,5202,3839,3563,3884,3837,3527,-5.19802,-0.334961,8.52147,48.2573
59480,3270,3534,4012,4581,3389,3713,4974,7688,3361,3831,5031,8683,3205,3555,4211,4824,1.44985,33.1722,8.56837,47.908
59481,6835,6771,4407,3606,6755,6807,4247,3547,4445,4316,3642,3364,3590,3551,3358,3115,-15.1116,-14.6062,8.50212,48.2373
59482,3530,4227,6629,8271,3586,4091,6143,7291,3316,3598,4017,4306,3092,3258,3570,3464,-16.8341,18.1908,8.6897,48.2593
59483,3503,4310,8472,9756,3448,3899,5224,5590,3293,3497,3817,3988,3163,3250,3385,3389,-33.6187,16.578,8.85073,47.9893
59484,3620,4454,8563,9571,3418,4061,5262,5599,3218,3504,3851,3852,3097,3165,3409,3253,-26.3397,16.4861,8.87784,47.9313
59485,3024,3245,3386,3465,3266,3450,3882,3840,3472,3984,4979,5598,3494,4399,8271,9880,28.827,17.1874,8.63876,47.7567
59486,3138,3351,3446,3556,3170,3523,4086,4615,3310,3788,5113,8971,3329,3842,5456,8961,14.966,29.4894,8.82254,47.77
59487,3251,3411,3330,3218,3559,3761,3720,3477,4391,5290,4830,3935,5279,9183,6945,4379,26.838,-3.60672,8.55131,47.9727
59488,3422,4279,7759,9949,3482,3962,5383,6175,3168,3482,3737,4088,3026,3267,3342,3425,-23.0706,18.6613,8.99914,47.964
59489,3165,3150,3386,3359,3408,3591,3788,3744,3811,4369,5281,4686,3994,5939,9886,6556,28.6827,7.88916,8.83005,48.0753
59490,3358,3835,5410,9698,3438,3765,5062,8559,3215,3530,4059,4511,3105,3276,3550,3636,-16.2826,31.8972,8.89659,48.0047
59491,3275,3466,3536,3349,3473,3852,4153,3745,4059,5562,6715,4582,4201,5917,7441,4929,16.7572,3.47804,8.74828,48.17
59492,3273,3510,4155,4666,3259,3726,5293,7788,3333,3915,5465,8213,3288,3581,4164,4831,0.860354,22.6292,8.97406,48.3067
59493,3086,3466,3909,4193,3353,3776,4845,6273,3466,4000,5852,8810,3486,3700,4580,5459,5.00634,21.5619,8.84084,48.1693
59494,3234,3325,3290,3190,3518,3749,3780,3467,4265,5256,5207,4045,4947,8664,7703,4636,24.8082,-1.18521,8.52593,48.184
59495,3372,3312,3212,3090,3992,3844,3432,3128,6080,4963,3805,3435,11439,7307,4121,3396,27.3196,-21.4049,8.64235,47.952
59496,3318,3409,3287,3161,3728,3863,3574,3407,4886,5401,4309,3680,6817,9696,5689,3897,26.8325,-9.14752,8.77513,48.0813
59497,3333,3718,4516,5362,3401,3876,5876,8748,3317,3659,4917,6374,3311,3410,3948,4133,-4.74476,21.8218,8.74926,47.9327
59498,3415,3714,3563,3374,4081,4937,4264,3522,4928,7915,5802,4023,4490,5699,4774,3906,9.3722,-4.62155,8.55361,48.2713
59499,4140,5338,5908,4349,4241,6442,7245,4634,3771,4474,4499,3839,3319,3640,3492,3396,-10.9287,1.65301,8.72735,48.4847
59500,3436,3778,5084,7634,3381,3791,5125,9372,3318,3611,4163,5214,3142,3434,3651,3774,-11.691,29.5965,8.63253,47.9387
59501,5312,5265,3990,3342,7109,7689,4354,3631,4979,5113,3896,3403,3724,3776,3460,3222,-7.52851,-14.3645,8.97318,48.1767
59502,4184,3822,3536,3226,6542,4638,3640,3265,9202,5563,3887,3447,5638,4593,3537,3268,4.97388,-23.5841,8.52152,47.992
59503,3490,3376,3193,3025,4130,3850,3549,3245,6595,5172,3981,3478,10537,7000,4038,3311,21.7201,-21.5568,8.77156,47.98
59504,3247,3441,3764,3878,3376,3640,4647,5361,3435,4025,6346,8463,3475,3868,5094,6203,8.63257,19.3393,8.57081,48.1753
59505,3409,3527,3511,3353,3887,4561,4259,3721,4649,7222,6466,4180,4425,5891,5249,4178,11.1253,-2.29265,8.91111,48.3253
59506,4601,7586,8417,4991,4109,5078,5423,4217,3496,3746,3844,3454,3201,3312,3467,3346,-23.1211,1.66452,8.88416,48.192
59507,3448,3942,6304,12067,3369,3863,4765,6353,3145,3361,3798,3963,3062,3289,3376,3409,-24.9622,26.4103,8.72015,47.676
59508,3853,5470,9402,6706,3761,4499,5899,4943,3311,3610,4013,3774,3151,3197,3339,3273,-22.6266,9.52804,8.76578,48.134
59509,3509,3470,3249,3078,3966,4040,3564,3358,5999,6075,4329,3549,7541,8138,4574,3619,19.4224,-14.1397,8.77933,48.0387
59510,3398,3750,4031,3814,3595,4520,6141,4622,3753,4977,7612,5353,3596,4229,4780,4275,3.62925,7.56361,8.54096,48.2973
59511,3944,4316,4222,3757,4244,6369,5952,4167,4197,5974,5575,3952,3708,4123,4079,3687,-1.18518,-0.947749,8.73761,48.1773
59512,3140,3380,3667,3844,3246,3516,4347,5476,3364,3824,5287,9880,3265,3689,4876,6921,9.52239,29.5885,8.64151,47.8147
59513,3392,3836,5689,10808,3338,3863,5046,7701,3145,3442,3858,4243,3131,3203,3406,3427,-19.3155,29.6742,8.61001,47.6853
59514,3637,3697,3487,3377,4156,4776,4130,3603,5006,7976,5574,3953,4732,5752,4696,3842,9.95152,-5.89965,8.73465,48.2627
59515,4838,5091,3992,3430,6314,7739,4589,3592,4828,5486,4125,3540,4014,3859,3541,3340,-6.07242,-11.8703,8.5648,48.212
59516,9829,7870,4370,3460,5964,5242,3979,3612,3994,3778,3567,3241,3413,3391,3256,3173,-25.344,-18.1814,8.59902,48.0927
59517,3347,3870,5887,12448,3295,3617,4824,6057,3246,3493,3745,4092,3228,3313,3293,3407,-33.6811,27.3054,8.59269,47.4413
59518,3684,3556,3408,3114,5016,4133,3509,3225,9489,5155,3807,3346,8221,5240,3794,3352,12.9603,-29.6945,8.84959,48.0327
59519,3152,3324,3817,3729,3383,3797,4637,4884,3481,4271,6989,7911,3368,3917,5698,6302,10.356,16.7424,8.78232,48.44
59520,3136,3243,3380,3362,3288,3385,3690,3819,3503,3622,4721,5886,3456,3944,6029,12645,32.4469,33.9088,8.88808,47.406
59521,3333,3810,4995,5506,3462,3962,6764,8114,3310,3701,5056,5648,3157,3498,3752,3995,-6.10814,18.0349,8.9018,48.042
59522,3894,3702,3327,3177,5796,4554,3729,3260,9340,5902,3872,3454,6212,4905,3781,3312,7.92665,-23.0475,8.92436,48.1447
59523,3087,3384,3467,3331,3394,3714,4042,3834,3745,4615,6763,5210,3908,5262,8264,6241,18.6865,8.69952,8.58364,48.174
59524,3661,4499,6968,6274,3571,4427,7182,6297,3393,3860,4438,4185,3136,3312,3591,3554,-14.5599,12.5694,8.70125,48.232
59525,3459,3339,3286,3137,3761,3932,3649,3366,4992,5945,4502,3705,6832,9188,5326,3811,22.8604,-9.8637,8.70588,48.1533
59526,5129,8035,6725,4502,4582,6150,5238,3926,3677,4059,3817,3527,3302,3323,3361,3393,-19.7086,-2.96648,8.55274,48.4973
59527,3467,3723,4200,3990,3804,4707,6404,4775,3601,5091,7072,5121,3530,3947,4581,4250,1.58121,7.45691,8.76065,48.1753
59528,3400,3985,6294,9319,3461,3917,5582,7681,3328,3488,4106,4362,3155,3312,3400,3562,-17.8054,21.5969,8.71463,48.2347
59529,3993,5097,6426,4743,3865,5706,7498,4807,3628,4125,4429,3970,3306,3589,3485,3477,-12.5647,4.76852,8.60005,48.096
59530,12417,6310,3948,3370,5932,4612,3887,3316,4065,3791,3467,3304,3500,3391,3190,3090,-30.4109,-26.1966,8.5567,47.7267
59531,3632,4093,4448,4054,4032,5428,6628,4435,3933,5370,6374,4468,3700,4082,4188,3757,-0.578984,3.10247,8.59979,48.4147
59532,3371,3746,4993,6904,3357,3909,5619,9570,3246,3648,4287,5492,3226,3469,3669,3904,-9.71155,25.0566,8.79896,48.2733
59533,3082,3504,3759,4003,3234,3741,4513,5962,3445,3821,5385,9664,3418,3738,4737,6314,7.53098,26.3001,8.58033,48.2133
59534,4289,5149,4531,3828,4554,7464,6226,4056,4002,5083,4683,3847,3570,3683,3693,3530,-6.61719,-2.69275,8.60291,48.1253
59535,4122,3894,3458,3146,6544,4775,3657,3284,9333,5580,3854,3305,5583,4573,3714,3400,5.10681,-24.2328,8.74551,48.148
59536,3198,3161,3384,3357,3248,3563,3752,4051,3466,3904,5004,5633,3556,4331,7733,10316,28.7577,18.8038,8.57199,47.7713
59537,3525,3542,3260,3057,4751,4228,3597,3206,8454,5832,3870,3479,8189,5860,3983,3267,14.4878,-21.4695,8.79461,48.0667
59538,3346,3341,3306,3034,4008,3921,3490,3374,5841,5846,4067,3576,8287,8664,4634,3552,21.7102,-14.3884,8.92329,48.1913
59539,9238,8836,4669,3553,5480,5209,3917,3454,3873,3826,3487,3361,3430,3400,3135,3049,-29.4133,-15.3649,8.8108,47.9447
59540,4394,6736,7019,4756,4237,5788,6280,4354,3641,3952,3931,3692,3276,3435,3492,3304,-17.3994,0.713106,8.58134,48.1913
59541,10255,6927,4199,3474,6668,5344,3992,3370,4141,3859,3609,3186,3386,3419,3293,3080,-21.5267,-20.8329,8.52797,48.1347
59542,3104,3336,3713,3822,3247,3604,4478,5160,3574,3896,5887,8811,3322,3789,5375,6898,10.8278,21.8843,8.66456,48.0107
59543,3026,3263,3480,3312,3293,3458,3772,4024,3421,3720,5022,6263,3472,3946,6662,11705,24.9328,22.9215,8.73711,47.8927
59544,3139,3319,3326,3333,3341,3679,3795,3832,3668,4244,5325,5045,3677,4998,9790,7623,32.3971,11.4661,8.93981,48.0893
59545,5845,6557,4391,3714,6208,7415,4554,3573,4369,4505,3817,3327,3634,3647,3489,3183,-12.8739,-11.8697,8.67446,48.152
59546,3648,4587,9029,8693,3652,4079,5300,5364,3345,3569,3785,3877,3093,3303,3407,3442,-27.8239,14.6139,8.55879,48.1153
59547,3613,3583,3316,3098,4474,4267,3616,3317,7508,6131,3988,3480,8001,6311,4122,3416,15.4096,-18.959,8.7524,48.1607
59548,11496,7075,4091,3364,5922,5102,3828,3373,3951,3872,3379,3240,3432,3350,3201,3124,-28.9547,-21.8211,8.64035,47.8667
59549,3384,3305,3233,3141,4166,3793,3457,3260,7559,4942,3707,3337,11136,5950,3927,3331,20.3583,-31.6516,8.71709,47.752
59550,9243,8703,4412,3635,5539,5053,3981,3468,4048,3805,3575,3259,3416,3431,3198,3161,-33.9951,-15.9736,8.91324,47.9513
59551,3433,3842,5833,12324,3370,3663,4681,5891,3288,3379,3785,3973,3233,3258,3357,3395,-33.5331,32.8258,8.90572,47.1367
59552,3141,3370,3353,3279,3449,3710,3956,3710,3828,4680,5820,4738,4001,6273,9287,5881,22.9773,5.955,8.9206,48.3173
59553,3384,3766,4356,4233,3488,4341,6728,5753,3503,4279,6783,5942,3371,3678,4311,4327,0.498131,12.8566,8.78789,48.162
59554,3137,3567,3599,3532,3607,4122,4593,4127,4011,5371,8050,5178,3771,4884,6133,4805,11.3144,6.04717,8.7699,48.3247
59555,3313,3382,3232,3179,3860,3656,3293,3367,6007,4584,3770,3337,12857,5825,3955,3291,32.7377,-32.096,8.98984,47.272
59556,6865,9948,5692,3853,4985,5700,4336,3672,3780,3746,3728,3283,3429,3362,3222,3081,-25.4689,-9.27126,8.90425,48.4547
59557,3639,4800,7834,6914,3682,4314,6547,5883,3300,3748,4184,4122,3022,3309,3471,3508,-17.8409,12.5064,8.67263,48.1847
59558,3596,3315,3140,2976,4172,4030,3523,3344,6397,5541,4094,3558,9123,7431,4215,3464,20.9663,-18.0262,8.55628,47.946
59559,3016,3238,3415,3415,3327,3600,3912,3915,3598,4251,5499,5507,3629,4718,8745,8574,24.6985,14.5377,8.50927,48.2393
59560,4643,4411,3708,3293,7075,6256,3957,3453,6760,5774,4006,3487,4420,4230,3651,3321,-1.01712,-17.7231,8.8816,48.2967
59561,4675,4991,4055,3493,5896,7955,4801,3639,4803,5578,4176,3586,3848,3923,3725,3386,-5.46628,-10.2961,8.69077,48.3533
59562,3454,3445,3241,3136,3871,3809,3581,3268,5518,5009,3927,3589,9154,8753,4562,3511,33.4429,-15.531,8.8975,47.8853
59563,4062,4411,3948,3506,4808,7071,5169,3741,4819,6790,4868,3757,4053,4191,3878,3544,-0.919006,-6.09427,8.97277,48.4107
59564,3490,3826,4432,4043,3665,4673,6526,5075,3681,4710,7078,5209,3513,3966,4444,4114,0.980364,8.52033,8.66159,48.2967
59565,3394,3430,3270,3053,3703,3880,3539,3324,4879,5274,4370,3639,7015,9785,5652,3915,27.8055,-9.45258,8.68492,48.0813
59566,5147,4408,3589,3282,8418,5911,4042,3327,6718,5170,3701,3418,4357,3958,3546,3175,-2.98374,-20.5481,8.97186,48.1113
59567,3102,3280,3534,3717,3372,3599,4246,4705,3379,3975,5870,8557,3376,3953,5541,7908,13.6742,21.9027,8.54564,48.076
59568,4715,5850,4658,3668,5253,7971,5254,3877,4242,4858,4039,3535,3695,3783,3494,3328,-9.60106,-7.06166,8.65375,48.1467
59569,4026,6121,8639,5607,3898,4973,6386,4751,3423,3712,3953,3740,3206,3419,3392,3342,-19.7917,5.68521,8.91093,48.392
59570,10467,5637,3864,3452,8053,5110,3743,3361,4373,3939,3492,3244,3494,3533,3179,3183,-18.6764,-30.7063,8.71003,48.0827
59571,3202,3396,3483,3253,3578,4059,4167,3866,3916,5403,7029,4808,4045,5730,7299,5145,15.9776,4.67279,8.5563,48.2527
59572,3068,3489,3749,4100,3284,3651,4837,5985,3390,3902,6187,9168,3251,3641,4830,5766,5.9615,21.6713,8.85589,48.1987
59573,3212,3371,3289,3138,3471,3714,3739,3764,4051,4924,5038,4361,4476,7677,9041,4997,29.664,2.02253,8.91954,48.1753
59574,4248,4271,3697,3349,5933,6204,4090,3434,6304,6738,4214,3494,4667,4531,3841,3367,1.24319,-14.0548,8.64692,48.2547
59575,11410,5859,3930,3375,7118,5038,3733,3497,4049,3815,3400,3215,3378,3468,3398,3115,-21.6207,-32.6612,8.54273,47.8653
59576,12701,6102,3931,3399,5997,4785,3744,3330,3855,3699,3506,3273,3392,3182,3287,3104,-27.4161,-33.566,8.8874,47.5247
59577,5304,4385,3601,3260,9271,5116,3791,3467,7035,4668,3658,3296,4425,3967,3486,3221,-3.35306,-28.3122,8.67649,47.9673
59578,3129,3447,3595,3999,3290,3588,4420,5919,3435,3869,5295,9916,3224,3722,4718,6454,7.92918,28.8525,8.80819,48.0133
59579,3186,3753,4737,6512,3426,3819,5417,9953,3296,3589,4552,6015,3115,3301,3819,3992,-7.68182,27.2871,8.94795,48.3213
59580,4402,4068,3488,3166,7183,4749,3717,3288,9262,5342,3875,3314,5297,4351,3653,3149,3.15818,-26.5708,8.83309,48.2027
59581,10275,8029,4303,3477,5747,5090,3954,3607,3928,3902,3511,3244,3355,3386,3250,3049,-29.8358,-18.5901,8.50946,48.0713
59582,3656,4460,5456,4573,3818,5172,8128,5337,3517,4192,5053,4389,3423,3624,3645,3675,-7.90577,7.72303,8.54336,48.0787
59583,3228,3697,4748,6303,3402,3844,5459,9563,3205,3672,4504,6073,3114,3407,3835,3966,-7.04885,25.5915,8.61381,48.0133
59584,4379,4262,3800,3275,6408,6177,4002,3398,6756,6446,4074,3553,4539,4424,3705,3245,0.476719,-15.7054,8.7605,48.2953
59585,3117,3308,3354,3518,3349,3560,3933,4118,3660,4263,5997,5815,3742,4797,8624,7167,20.7409,12.5323,8.56622,48.2147
59586,3332,3984,5573,10548,3489,3850,5026,7825,3247,3504,3997,4288,3201,3296,3399,3433,-18.6538,30.6486,8.64239,47.9947
59587,3775,5215,9458,7548,3645,4256,5104,4987,3320,3437,3836,3760,3088,3316,3375,3358,-31.456,11.5495,8.51192,47.652
59588,7904,5628,4000,3460,8648,6028,3914,3276,4787,4097,3601,3217,3756,3427,3339,3268,-13.351,-21.9421,8.95204,48.2333
59589,4765,5429,4433,3661,5355,8119,5149,3695,4366,5093,4194,3588,3649,3810,3538,3247,-7.91167,-7.63919,8.60522,48.0607
59590,3557,3433,3259,3034,4313,3928,3481,3298,7972,5065,3782,3410,10553,5707,3931,3299,18.2445,-28.3105,8.84817,48.0147
59591,3389,3898,5567,9706,3299,3753,5215,8532,3284,3444,4012,4555,3088,3235,3375,3592,-16.3776,28.7017,8.85344,47.9627
59592,3245,3551,3558,3572,3520,4000,5020,4325,3726,5040,8354,5638,3648,4335,5838,4889,9.60771,8.86976,8.944,48.1727
59593,3250,3584,4008,4265,3377,3807,5394,6106,3453,4135,6439,7808,3432,3738,4537,5098,3.49112,17.6747,8.81917,48.2873
59594,5659,6365,4470,3609,6224,7747,4690,3605,4384,4534,3878,3357,3571,3599,3292,3287,-12.2853,-11.2268,8.65937,48.1807
59595,3389,4060,6075,12382,3398,3800,4809,6343,3146,3406,3783,4021,3133,3129,3400,3461,-26.141,30.5716,8.65261,47.8233
59596,3119,3334,3562,3700,3139,3526,4236,5175,3388,3762,5457,9306,3277,3914,5115,7854,12.0853,25.1914,8.78234,47.9093
59597,5291,4819,3816,3386,7862,6767,4118,3425,5646,5195,3964,3307,4021,3995,3503,3250,-5.41442,-17.2705,8.67925,48.2433
59598,3143,3211,3386,3437,3161,3451,3835,4014,3269,3885,4841,6640,3346,3962,6323,11688,24.0486,26.0039,8.5409,47.728
59599,7122,8720,4854,3724,5473,6256,4379,3688,3901,3938,3707,3437,3402,3427,3330,3119,-20.2773,-11.4713,8.82914,48.318
59600,3407,3955,6235,12141,3397,3728,4791,6326,3232,3427,3815,3830,3121,3206,3332,3351,-26.822,27.076,8.53973,47.5293
59601,3111,3243,3390,3453,3225,3476,3877,3750,3633,4016,5179,5446,3418,4579,8913,9006,32.8336,15.2726,8.79506,47.81
59602,3578,3565,3260,3193,4389,4268,3625,3248,7055,6488,4135,3636,7596,6736,4204,3492,15.8575,-16.702,8.65854,48.312
59603,3542,4075,6511,9015,3463,3866,5809,7260,3413,3579,3985,4234,3115,3265,3457,3509,-18.1138,19.7435,8.73618,48.0653
59604,3422,3521,3151,3115,4290,3906,3606,3235,7757,4923,3803,3383,10538,5624,3907,3356,18.9394,-32.2006,8.7092,47.6913
59605,4900,5471,4268,3568,5782,8087,4803,3686,4443,5136,4086,3494,3675,3815,3598,3324,-8.17759,-9.47004,8.51467,48.0907
59606,3411,3986,5930,11583,3470,3880,4992,7112,3171,3602,3893,4033,3127,3274,3318,3322,-21.8324,33.4929,8.6365,48.0693
59607,3257,3423,3446,3365,3435,3774,4091,3768,3881,5113,6488,4816,4053,5851,7908,5495,18.2095,5.19675,8.62206,48.1093
59608,3965,5997,10173,6166,3804,4402,5409,4855,3345,3637,3812,3644,3036,3200,3273,3353,-26.7304,7.41145,8.99404,48.0473
59609,3108,3077,3359,3319,3225,3481,3659,3922,3428,3839,4885,6048,3297,4085,6949,11959,28.8065,22.551,8.93225,47.76
59610,4328,3928,3484,3143,6925,4755,3677,3404,9318,5259,3870,3284,5263,4438,3574,3254,3.32527,-26.4863,8.82653,47.936
59611,4187,5162,5375,4270,4158,6481,7226,4643,3686,4525,4783,3898,3338,3636,3615,3456,-9.47093,1.64371,8.58708,48.2927
59612,3908,4271,3977,3529,4607,6339,4852,3694,4870,7272,5181,3770,3989,4476,3953,3539,1.24473,-5.48553,8.9457,48.1513
59613,4732,4506,3709,3391,6304,7304,4353,3638,5529,5958,4205,3540,4180,4166,3588,3407,-2.94558,-12.927,8.82417,48.34
59614,6639,9999,5701,3822,4824,5264,4365,3712,3673,3827,3588,3343,3311,3469,3229,3136,-29.5771,-8.99554,8.927,47.9347
59615,4006,5169,5149,4152,4275,6714,6959,4408,3939,4705,4742,3947,3568,3634,3720,3524,-8.33417,0.384382,8.57535,48.4073
59616,9261,8713,4667,3499,5516,5053,4012,3489,3925,3795,3400,3138,3309,3329,3278,3186,-28.6717,-16.1044,8.68554,47.7133
59617,3302,3456,3414,3274,3744,4158,4146,3622,4487,6680,6218,4227,4622,6486,6052,4297,14.671,-1.39398,8.75288,48.1233
59618,5257,4636,3698,3198,8466,6094,3927,3421,6363,5088,3787,3307,4113,4033,3525,3112,-3.93909,-20.7355,8.64866,48.0167
59619,3270,3419,3472,3334,3638,3998,4394,3970,4191,5770,7207,4642,4152,5554,6734,4885,14.1946,3.62408,8.57205,48.42
59620,3720,3810,3487,3268,4684,5060,3933,3323,6494,7673,4650,3660,5254,5570,4186,3485,8.6964,-12.1379,8.59229,48.1713
59621,3571,3822,3650,3455,4170,5327,4572,3672,4891,7923,5904,3851,4293,5138,4465,3770,6.41005,-4.03983,8.95491,48.316
59622,3390,3801,5126,7680,3342,3764,5332,9698,3299,3600,4135,5169,3154,3268,3631,3759,-11.8796,29.0213,8.83062,48.0987
59623,3370,4006,6651,12095,3393,3730,4857,6060,3201,3439,3824,3945,3074,3190,3321,3430,-29.2366,24.6077,8.53203,47.724
59624,3539,3964,4594,4384,3506,4560,7358,5585,3497,4341,6398,5101,3520,3682,4206,4097,-2.10573,9.94865,8.68938,48.2213
59625,4176,4313,3831,3390,5516,6822,4502,3625,5464,6864,4343,3601,4200,4296,3787,3509,0.111276,-10.8058,8.81657,48.1593
59626,3462,3776,4059,3816,3622,4546,6454,5119,3733,4943,7275,5274,3547,3817,4493,4285,1.74872,8.40252,8.57614,48.1473
59627,3031,3125,3378,3414,3182,3511,3945,4142,3426,3869,5169,6866,3434,3987,6406,11366,22.4891,24.1494,8.99905,48.1673
59628,12683,5908,3832,3413,6148,4728,3861,3368,3962,3737,3382,3206,3384,3345,3276,3167,-27.5457,-30.9422,8.80535,47.6
59629,3181,3362,3395,3392,3560,3715,3748,3562,4094,5025,5256,4393,4428,7269,8692,5121,24.51,2.6079,8.52281,48.1287
59630,5306,6630,4690,3738,5743,7971,4929,3680,4272,4573,3895,3446,3516,3565,3423,3162,-12.4142,-8.87045,8.97313,48.3593
59631,3201,3155,3420,3276,3381,3459,3754,4131,3345,3653,4873,6399,3535,3997,6011,12348,25.5398,30.4758,8.51946,47.9587
59632,3045,3372,3345,3420,3230,3461,3885,3935,3505,3885,4921,5794,3445,4047,7320,11197,28.2596,20.9072,8.7112,47.8713
59633,3197,3372,3847,3948,3252,3732,4731,5464,3426,3923,6182,8717,3440,3909,4891,6055,8.27081,20.1055,8.5593,48.0573
59634,5249,4336,3641,3317,9196,5166,3731,3325,7460,4761,3721,3203,4464,3914,3518,3172,-2.9145,-27.1247,8.96335,48.116
59635,3002,3152,3541,3480,3343,3572,4155,4657,3523,3938,5776,8126,3485,4061,6003,8802,15.9288,21.7677,8.69499,48.4107
59636,3130,3373,3425,3341,3411,3546,3899,3890,3555,4340,5193,5136,3635,5106,9686,7442,33.2133,11.1654,8.82531,48.072
59637,4506,5504,4453,3819,5097,7886,5558,3915,4204,5006,4208,3705,3644,3766,3515,3399,-8.22433,-5.59073,8.58455,48.1233
59638,3478,4180,7798,10364,3420,3921,5107,5766,3288,3435,3879,3967,3220,3315,3333,3442,-31.3168,18.8232,8.60703,47.942
59639,3034,3193,3365,3389,3233,3507,3843,3839,3439,3780,4854,6553,3308,3916,5908,12245,23.8182,29.7847,8.61425,47.604
59640,3887,5053,6687,5051,3878,5433,7762,5100,3490,4006,4479,3998,3261,3471,3543,3360,-13.1624,5.8891,8.92206,48.306
59641,3248,3692,4118,4400,3416,3962,5930,6351,3441,4053,6273,6950,3388,3838,4410,4744,1.47786,16.553,8.80451,48.1427
59642,3791,3702,3484,3143,5456,4221,3607,3310,9683,5156,3835,3360,7026,4949,3770,3395,9.97153,-32.4063,8.6142,47.9253
59643,12405,6065,3981,3447,5899,4679,3711,3470,3863,3895,3375,3277,3305,3333,3357,3162,-31.8987,-33.3033,8.77313,47.4827
59644,3268,3590,4530,5002,3359,3856,5767,8316,3318,3866,5256,6935,3242,3550,4047,4355,-2.67064,21.5224,8.77448,48.1713
59645,4339,5723,5405,4244,4360,6873,6626,4466,3881,4372,4301,3718,3479,3569,3550,3460,-11.2668,-0.582,8.7221,48.244
59646,4251,4004,3389,3275,6792,4902,3743,3376,8892,5695,3745,3399,5348,4461,3697,3275,3.96963,-22.3738,8.8717,48.1627
59647,4589,6026,5054,4091,4828,7718,5999,3915,3883,4500,4209,3582,3541,3494,3526,3269,-11.3074,-3.97018,8.84571,48.1493
59648,12262,6123,3953,3332,6625,4698,3828,3302,4067,3801,3383,3190,3336,3412,3225,3081,-23.8148,-27.6741,8.86178,47.7453
59649,4559,4103,3742,3237,7892,4705,3663,3218,8790,4951,3793,3294,5053,4227,3533,3169,1.67387,-27.5861,8.81164,47.9527
59650,3859,5561,8560,6075,3756,4683,6519,5110,3391,3712,4056,3887,3230,3431,3453,3350,-19.0471,8.08243,8.87656,48.422
59651,3526,4339,7984,9585,3506,4105,5446,6102,3259,3507,3819,3960,3138,3328,3499,3462,-22.9403,17.303,8.8034,48.3767
59652,3172,3409,3505,3377,3405,3881,4167,3782,3961,5081,7101,5056,3954,5430,7426,5360,16.2587,6.64925,8.74634,48.0447
59653,3521,3614,3434,3134,4324,4616,3867,3393,6183,7883,4544,3629,5582,6346,4338,3654,11.8253,-11.3259,8.96592,48.0413
59654,3258,3506,4128,4744,3292,3667,4968,7917,3360,3718,5145,8461,3211,3556,4244,4968,0.430164,28.0569,8.64062,48.0953
59655,3396,3284,3285,3203,3651,3824,3566,3404,4422,5336,4591,3908,5692,9433,6670,4248,25.6335,-4.94255,8.72097,47.942
59656,4081,5126,4817,3888,4589,7431,6307,4230,3995,5073,4630,3802,3488,3777,3674,3435,-7.14176,-2.1637,8.93951,48.2287
59657,3449,3511,3231,3030,3979,3842,3435,3238,6218,4888,3795,3381,11790,6638,4103,3394,26.4846,-23.6537,8.75387,47.948
59658,5099,4814,3766,3374,7617,6872,4066,3438,5896,5438,3800,3388,4192,3955,3594,3223,-4.43137,-16.9771,8.93735,48.3547
59659,3370,4042,6896,11862,3371,3866,4872,6035,3172,3476,3779,3981,3123,3159,3381,3399,-27.5889,23.8665,8.57132,47.856
59660,3477,3964,5431,5671,3512,4317,7115,7621,3327,3711,4777,5082,3226,3485,3660,3879,-8.75093,16.1586,8.51105,48.17
59661,3211,3408,3330,3028,3722,3841,3649,3338,4811,5218,4377,3616,6612,10025,5824,3946,28.9818,-8.42335,8.84228,47.9707
59662,3361,3952,6089,12712,3362,3763,4767,6249,3297,3418,3768,3931,3123,3286,3385,3347,-27.4127,29.3121,8.81645,47.8733
59663,3256,3499,3702,3612,3441,3971,5071,4511,3742,4791,8247,5827,3641,4275,5524,4933,8.66756,9.89567,8.82412,48.0287
59664,3380,3464,3272,3132,3775,4035,3758,3479,4670,6426,4854,3932,5482,8567,5931,4126,19.6565,-5.82121,8.96389,48.1887
59665,3323,3353,3285,3204,3763,3998,3779,3431,4617,6150,4892,3770,5692,9018,6186,4057,21.067,-5.72829,8.94436,48.3453
59666,11374,6242,3886,3330,7284,4965,3774,3401,4082,3881,3443,3275,3435,3346,3165,3070,-21.011,-26.0575,8.96099,47.9687
59667,5505,4547,3612,3319,9112,5743,3873,3369,6520,4998,3677,3368,4308,3893,3399,3265,-4.39456,-22.3145,8.90784,48.3387
59668,3496,4344,6710,7746,3457,4282,6409,6803,3358,3615,4263,4317,3222,3344,3593,3552,-16.3714,16.5307,8.72894,48.3407
59669,3480,4072,6330,7601,3523,4048,6291,7687,3236,3613,4207,4484,3175,3270,3509,3534,-15.0405,18.5112,8.69331,48.04
59670,3792,5302,8805,6476,3711,4475,6261,5237,3314,3649,4002,3910,3156,3411,3369,3305,-20.2015,9.68241,8.65867,48.1167
59671,3546,3516,3282,3112,4315,4318,3704,3353,6458,7350,4448,3568,6312,6801,4466,3568,14.131,-12.8586,8.78198,48.078
59672,3352,3494,3250,3171,3861,3675,3316,3111,5918,4633,3809,3421,12251,6054,4084,3403,30.7542,-30.8902,8.67374,47.202
59673,3312,3545,4123,4242,3321,3963,5433,6543,3414,4073,6353,7803,3251,3745,4492,4976,2.72055,18.2584,8.9996,48.3927
59674,3905,4293,4188,3521,4373,6672,5583,3975,4311,6434,5378,3926,3784,4258,4014,3698,-0.585851,-2.45556,8.89858,48.2087
59675,3357,4194,7819,10642,3520,4043,4937,5598,3199,3559,3872,3881,3130,3303,3370,3226,-30.0915,19.1024,8.94587,47.7667
59676,3647,3695,3438,3352,4072,4593,4087,3608,5126,7958,5521,3978,4759,6091,4806,3787,10.8269,-6.09844,8.75242,48.3453
59677,4805,8318,8190,4744,4149,5102,5005,4173,3566,3812,3759,3629,3175,3258,3299,3208,-26.5566,-0.292702,8.98911,48.128
59678,3291,3719,4639,5740,3225,3856,5442,9435,3253,3706,4744,6513,3208,3406,3980,4165,-5.57741,25.1552,8.65633,48.2147
59679,5272,8884,7130,4436,4446,5451,4942,4048,3721,3779,3698,3458,3255,3322,3327,3221,-23.8523,-3.15946,8.92576,48.26
59680,3422,3983,6074,8984,3417,3901,5602,8121,3215,3563,4027,4506,3130,3318,3472,3557,-16.2659,21.8398,8.84764,48.1947
59681,5318,8989,6905,4331,4442,5560,4874,4010,3581,3836,3778,3396,3247,3337,3249,3264,-23.9478,-3.65375,8.62518,48.078
59682,3839,5436,8469,5861,3867,4765,6595,5023,3459,3633,4063,3768,3076,3318,3412,3366,-18.6153,7.58997,8.99589,47.9667
59683,3367,3934,6015,12252,3464,3731,4674,5781,3364,3460,3720,3860,3321,3262,3400,3458,-32.3666,33.7834,8.50036,47.3753
59684,3135,3221,3332,3396,3125,3452,3900,4191,3318,3793,5084,7516,3413,3938,6071,10972,19.9604,25.5161,8.9655,47.9047
59685,3132,3256,3448,3594,3168,3418,4004,4556,3380,3780,5186,8544,3325,3843,5615,9639,16.3843,29.5172,8.82033,47.9253
59686,3190,3415,3442,3414,3366,3636,3806,3803,3781,4414,5287,4861,3771,5630,9864,6753,31.9608,9.01186,8.72218,48.2887
59687,9088,5476,3926,3361,8635,5073,3807,3325,4657,4170,3671,3288,3575,3542,3363,3129,-15.3037,-28.5684,8.57551,48.0573
59688,3438,3792,3768,3562,3825,4799,4820,3954,4222,6522,7057,4407,4044,4940,4877,4091,7.03942,0.772044,8.7144,48.0787
59689,12380,6614,4011,3425,5953,4893,3792,3278,3916,3791,3344,3287,3365,3364,3172,3076,-29.0305,-24.8878,8.81633,47.774
59690,5046,8678,7319,4364,4353,5400,4957,4069,3596,3805,3794,3561,3349,3387,3269,3252,-23.6883,-2.30973,8.74502,48.1327
59691,12197,6111,3983,3497,6290,4786,3699,3275,4093,3810,3385,3225,3431,3392,3254,3058,-26.1526,-27.3357,8.70643,47.6573
59692,3403,3879,6021,12758,3508,3708,4631,5886,3174,3501,3814,3856,3165,3286,3321,3280,-30.0693,31.0323,8.90565,47.4607
59693,4645,4961,4028,3553,5875,7803,4768,3566,4830,5889,4185,3446,3845,3872,3584,3305,-5.06551,-10.3613,8.61309,48.1033
59694,4089,3821,3425,3215,6378,4587,3672,3319,9567,5382,3755,3346,5937,4579,3517,3328,6.1221,-26.4166,8.60236,47.9447
59695,3207,3633,4172,4730,3341,3697,5104,7617,3312,3828,5297,8155,3254,3504,4163,4830,0.649412,23.7646,8.54667,47.896
59696,3710,4188,4570,3976,3816,5431,7154,4811,3851,4953,6058,4478,3461,3753,4183,3831,-2.56314,4.6649,8.50351,48.1493
59697,3304,3587,3850,3728,3519,4225,5485,4558,3730,4886,8092,5666,3555,4237,5224,4630,6.2413,9.34891,8.51007,48.184
59698,3599,3776,3845,3531,3890,5135,5052,3986,4256,6778,6921,4255,3834,4665,4775,3915,5.41369,0.205774,8.84127,48.142
59699,4013,4121,3665,3426,5128,6017,4309,3516,5842,7402,4545,3670,4351,4685,3967,3380,2.59887,-10.8724,8.87756,48.0247
59700,3349,3389,3445,3290,3732,4127,3823,3719,4551,6287,5464,3970,4884,7354,6383,4270,17.5071,-2.42293,8.84018,48.0247
59701,4302,4039,3426,3237,7133,4703,3759,3326,9094,5302,3808,3412,5510,4389,3502,3298,3.58314,-25.4125,8.73389,48.16
59702,3188,3387,3256,3366,3515,3676,3816,3583,4193,5186,5285,4150,4657,7548,8209,4952,23.3545,0.854034,8.71179,47.978
59703,3533,3831,4158,3825,3729,4851,6181,4568,3749,5349,7468,4851,3665,4090,4528,4067,2.70914,5.27816,8.96426,48.2953
59704,3345,3296,3091,3177,3954,3896,3405,3194,5992,4806,3707,3298,12578,6471,4089,3394,30.3537,-25.1472,8.99663,47.7953
59705,4984,4732,3762,3378,7550,6771,4245,3348,5996,5519,3833,3432,4122,3995,3500,3175,-3.92587,-17.1307,8.80026,48.228
59706,3273,3362,3232,3052,3921,3713,3427,3238,5952,5099,4032,3544,10383,7847,4351,3554,27.4147,-18.5648,8.7181,47.9867
59707,3108,3379,3606,3767,3304,3726,4208,5156,3420,3803,5580,9305,3330,3768,5171,7412,11.5462,24.7157,8.76355,48.0287
59708,4071,3909,3415,3200,6412,4564,3665,3292,9728,5228,3780,3404,6140,4628,3772,3293,6.57332,-27.7092,8.70142,48.334
59709,7145,9798,5485,3713,4926,5329,4331,3661,3873,3858,3722,3336,3276,3353,3367,3160,-31.8677,-10.1735,8.61045,48.222
59710,3163,3214,3387,3391,3273,3422,3814,3835,3453,3812,4845,5818,3397,3937,7145,11676,31.1432,21.9834,8.95368,47.7213
59711,3206,3457,3400,3305,3442,3700,4079,3813,3802,4602,6018,4972,3961,5771,9046,6076,21.1037,7.55664,8.56154,48.4333
59712,9705,7259,4222,3444,6488,5594,3935,3366,4094,3993,3524,3321,3422,3469,3222,3129,-21.3022,-18.9541,8.91441,48.1247
59713,3533,3652,3579,3243,4098,4612,4133,3688,5037,7878,5578,3917,4709,6068,4841,3835,10.6028,-5.6598,8.51358,48.2673
59714,3362,3418,3219,3147,3916,3636,3479,3183,6053,4820,3742,3383,12411,5889,3960,3267,32.1766,-28.8066,8.51853,47.2567
59715,3652,4320,6547,6259,3562,4413,7128,6697,3289,3709,4459,4385,3130,3374,3581,3544,-13.2729,13.4829,8.64896,48.0327
59716,4003,3875,3488,3257,5247,5433,3970,3451,6837,7216,4412,3531,5031,5112,3991,3374,5.75882,-14.235,8.71283,48.152
59717,3856,5565,9257,6261,3699,4585,5826,4982,3426,3689,3896,3876,3129,3243,3373,3411,-22.1883,8.55649,8.74028,48.0493
59718,3173,3285,3668,3791,3295,3606,4271,5502,3415,3815,5237,9947,3358,3711,4864,7008,9.87135,31.7149,8.9886,47.964
59719,3874,3850,3482,3173,5427,4815,3826,3334,8299,6572,4006,3495,5807,5113,3964,3314,7.58614,-18.592,8.69879,48.234
59720,3832,3942,3450,3237,5144,5355,3905,3371,6798,7480,4338,3457,5119,5042,3928,3464,6.17904,-14.2939,8.62769,47.908
59721,3442,4394,7970,10070,3428,4072,5136,5866,3285,3468,3810,4034,3011,3212,3338,3327,-25.2393,18.0778,8.75105,47.9087
59722,3213,3170,3337,3380,3404,3640,3858,3803,3707,4291,5318,4807,3909,5544,10177,6583,33.3532,8.8479,8.99426,48.094
59723,3044,3263,3335,3436,3171,3462,3871,4108,3436,3809,5031,7380,3304,3969,5935,11062,20.7374,28.4878,8.53164,47.744
59724,3344,3303,3256,3127,3995,3774,3513,3270,5840,4986,3925,3376,11027,7322,4126,3453,32.8299,-20.6111,8.60247,47.758
59725,9599,5919,3906,3413,7829,5325,3852,3412,4504,3942,3578,3165,3535,3497,3261,3026,-17.5229,-24.0913,8.53837,47.842
59726,4176,4390,3835,3459,5710,6450,4269,3478,5880,6751,4240,3566,4419,4317,3798,3510,0.810429,-12.5776,8.66065,48.1653
59727,9600,8076,4550,3496,5877,5305,3958,3450,4019,3936,3506,3257,3384,3396,3214,3164,-24.9001,-17.1286,8.76215,48.1253
59728,4011,3829,3448,3101,5811,4868,3677,3344,8921,6086,4030,3485,5683,4806,3718,3324,6.53878,-21.0443,8.58265,48.0947
59729,3198,3337,3561,3424,3393,3637,4210,4140,3500,4104,6426,6448,3489,4461,7446,7431,17.1153,14.845,8.74246,48.1367
59730,4128,5882,9214,5938,3907,4652,5758,4670,3458,3718,3847,3800,3266,3308,3345,3333,-21.9521,6.73563,8.71772,48.1493
59731,3417,4141,7080,11536,3398,3840,4962,5861,3281,3375,3776,3924,3166,3379,3430,3412,-32.3538,21.8028,8.80151,47.9853
59732,6539,4972,3847,3319,9333,5914,3976,3349,5686,4515,3693,3208,3833,3661,3359,3171,-8.78905,-22.7257,8.92607,48.25
59733,3790,3628,3440,3201,4681,4450,3788,3327,7504,7218,4235,3553,6347,5877,4050,3516,11.461,-15.9498,8.99122,48.4033
59734,4623,6149,5161,4046,4760,7471,5966,4018,3811,4426,4138,3603,3425,3562,3491,3315,-12.3074,-3.79353,8.84247,47.9767
59735,3411,3654,3599,3336,4071,4822,4330,3745,4767,7616,5858,4110,4433,5671,4970,3835,9.56723,-4.09395,8.91986,48.152
59736,3060,3312,3356,3461,3231,3442,3755,3968,3368,3761,4764,5912,3353,3956,5936,12746,30.9933,31.4278,8.87789,47.5873
59737,3635,3541,3193,3087,4812,4153,3458,3216,9395,5241,3753,3527,8561,5235,3690,3363,13.9954,-29.7338,8.74956,47.9067
59738,3720,4744,8990,8546,3515,4086,5253,5241,3353,3539,3871,3871,3173,3217,3417,3382,-30.5719,14.2127,8.50701,47.9453
59739,3238,3352,3254,3205,3680,3836,3713,3362,4456,5305,4502,3834,5937,9622,6566,4120,27.2548,-5.61352,8.62744,47.988
59740,4096,4729,4441,3782,4546,7275,5923,4085,4189,5521,4800,3906,3752,3910,3784,3574,-4.6651,-3.03876,8.70648,48.2087
59741,3228,3317,3499,3514,3239,3437,3677,3880,3322,3775,4882,5960,3480,3907,6272,12271,33.6539,26.0231,8.71884,47.7733
59742,3074,3360,3668,3745,3280,3658,4495,4999,3415,4267,6996,7641,3451,3991,5726,6359,10.9386,16.6495,8.7982,48.0833
59743,3068,3357,3398,3393,3298,3509,3908,3805,3528,4273,5733,5429,3707,4815,8933,7690,22.3767,12.9388,8.94155,47.896
59744,4627,7971,8794,4837,4003,4930,4983,4216,3434,3731,3677,3481,3191,3297,3416,3249,-30.3578,1.22143,8.98335,47.8913
59745,3754,5269,7886,5770,3775,4871,6927,5097,3375,3849,4075,3892,3163,3498,3505,3424,-17.0985,8.30839,8.86105,48.0867
59746,8785,5321,3729,3297,9143,5193,3905,3263,4780,4071,3504,3294,3592,3563,3316,3208,-14.4291,-28.4841,8.94689,47.976
59747,4133,3999,3675,3269,5358,5636,4029,3413,6511,7533,4354,3473,4836,4819,3933,3379,4.54942,-13.4529,8.732,48.2333
59748,3025,3351,3535,3423,3362,3678,4135,4128,3618,4327,6497,5951,3672,4538,7760,7061,17.6035,13.0075,8.71512,48.0407
59749,3374,3849,5309,6620,3293,3974,6361,8727,3224,3554,4562,5132,3107,3434,3673,3797,-10.0414,20.0786,8.77169,47.9933
59750,3131,3190,3374,3340,3308,3516,3795,3670,3791,4397,5263,4789,4026,5951,10061,6540,27.6866,7.98864,8.85777,48.0947
59751,4963,4292,3550,3197,8748,5080,3731,3373,7669,4887,3717,3289,4465,4024,3505,3261,-1.97377,-32.4831,8.82385,47.834
59752,3356,3417,3425,3167,3851,3986,3773,3344,4831,6133,4863,3889,5812,8824,5789,3913,20.6176,-6.45826,8.74143,48.2487
59753,3122,3215,3287,3321,3357,3570,3889,3799,3527,4318,5378,5043,3637,5024,9748,7509,33.6906,11.6989,8.96049,47.8293
59754,4709,8015,8605,4977,4141,5019,4977,4170,3601,3659,3646,3579,3130,3248,3286,3297,-29.3297,0.981922,8.87037,48.0393
59755,3344,3680,4747,6207,3415,3909,5589,9632,3238,3585,4569,5977,3175,3352,3811,3975,-7.22154,24.3451,8.93255,48.1367
59756,12633,5982,3918,3346,6014,4828,3706,3366,3995,3773,3392,3239,3392,3378,3254,3090,-28.9236,-29.8485,8.73241,47.5373
59757,4312,4991,4153,3687,4968,7984,5426,3794,4344,5559,4551,3555,3598,3871,3695,3458,-5.15876,-6.07879,8.80264,47.964
59758,11400,7412,4110,3357,5836,4918,3914,3427,3950,3824,3417,3251,3327,3327,3254,3078,-27.8434,-20.8701,8.86869,47.868
59759,8737,9171,4804,3546,5339,5162,4103,3569,3873,3838,3511,3314,3324,3456,3245,3148,-30.9688,-14.3098,8.72515,48.0933
59760,3400,3408,3530,3229,3904,4323,4059,3666,4728,7392,5757,4019,4690,6484,5562,4109,13.2701,-3.85523,8.85344,48.1733
59761,3319,3204,3467,3324,3569,3649,3845,3638,3896,4696,5217,4516,4219,6719,9469,5416,33.5666,4.26969,8.62849,48.1087
59762,3611,4676,9117,8811,3435,4060,5218,5337,3400,3570,3780,3793,3152,3339,3365,3423,-31.2111,14.5354,8.73813,48.058
59763,4257,5982,6385,4485,4160,6368,6516,4553,3779,4218,4239,3680,3225,3561,3565,3377,-14.1311,0.958699,8.54246,48.2333
59764,3427,4125,7162,11695,3308,3935,4857,6021,3161,3493,3743,3980,3109,3191,3359,3316,-27.9987,21.7202,8.86829,47.9213
59765,3351,3577,3700,3422,3906,4425,4457,3906,4416,6747,6861,4335,4295,5400,5424,4139,10.1106,-0.0621523,8.59735,48.2407
59766,3396,3767,4803,5884,3401,3932,5845,9241,3331,3683,4624,5844,3059,3385,3727,3969,-7.01351,22.5975,8.62719,47.9273
59767,3334,3771,4584,4830,3482,4316,6834,6964,3457,4020,5877,6076,3215,3707,4110,4150,-2.59958,15.4195,8.80708,48.4847
59768,4569,7069,7330,4625,4353,5833,6031,4255,3598,3956,3796,3589,3283,3510,3378,3314,-18.5999,0.366491,8.89128,48.326
59769,5114,7349,5386,4005,4917,7165,5252,3894,3858,4229,3943,3547,3584,3490,3312,3276,-15.165,-5.62508,8.93249,48.214
59770,3319,3975,6293,11838,3284,3759,4801,6639,3236,3366,3810,4118,3045,3221,3380,3441,-24.2246,26.2272,8.62319,47.6833
59771,3312,4115,7424,11092,3245,3899,4894,5724,3250,3391,3744,3963,3117,3224,3295,3404,-32.2211,20.1147,8.82084,47.3953
59772,3457,3937,5250,8358,3373,3699,5149,9100,3333,3574,4233,4825,3086,3350,3646,3670,-13.5992,28.0159,8.57647,48.0267
59773,4703,6476,5513,4059,4634,7125,5767,4024,3817,4236,4166,3604,3349,3601,3549,3339,-13.522,-3.17164,8.59103,47.9747
59774,3125,3283,3333,3386,3252,3436,3721,3984,3383,3771,4811,5918,3410,4002,7033,11817,31.158,22.3327,8.92797,47.7767
59775,3647,3656,3367,3098,4988,4205,3546,3213,9594,5219,3681,3324,8056,5038,3772,3311,12.1894,-29.2212,8.83098,47.81
59776,8150,6174,4026,3395,7740,6055,3979,3511,4569,4186,3625,3284,3544,3540,3193,3166,-15.2391,-19.5028,8.8513,48.0913
59777,3670,3774,3451,3258,4301,4801,3997,3551,5822,8200,4912,3721,4983,5760,4340,3714,9.39279,-9.39273,8.50084,48.17
59778,3637,3592,3372,3143,4290,4192,3744,3412,6921,6720,4266,3611,6905,6720,4398,3435,14.6267,-15.1819,8.8349,48.2387
59779,4947,8046,6913,4339,4350,5958,5268,4123,3655,3946,3854,3662,3283,3500,3241,3293,-20.0826,-2.31758,8.92438,48.252
59780,2972,3199,3424,3516,3276,3572,3831,4088,3340,3875,5285,6785,3428,4184,6732,10630,21.9512,21.5248,8.67854,48.0913
59781,7934,9496,5245,3768,5166,5300,4067,3556,3797,3778,3569,3242,3390,3353,3197,3157,-28.0809,-12.389,8.72801,48.01
59782,3441,3356,3216,3140,3999,3833,3422,3242,6082,4975,3717,3236,11766,7043,4165,3434,27.2548,-22.8251,8.73936,48.0447
59783,9205,8701,4691,3469,5397,5075,4062,3545,3978,3823,3548,3258,3474,3307,3348,3113,-30.907,-15.7162,8.87371,47.996
59784,3456,3390,3247,3043,4076,3828,3442,3229,6517,5093,3784,3383,11494,6606,4085,3394,23.6281,-23.5036,8.6402,48.0447
59785,3565,4282,7462,8731,3460,4052,5678,6556,3297,3497,4051,4096,3135,3210,3430,3529,-20.004,17.6433,8.71658,48.0207
59786,3128,3369,3714,3927,3388,3639,4343,5802,3473,3922,5282,9695,3305,3849,4539,6552,8.213,30.4808,8.57102,47.9513
59787,3436,3440,3274,3045,4558,3935,3493,3221,8010,5144,3749,3286,10279,5669,3973,3298,18.2689,-29.2135,8.58899,47.8733
59788,4047,6116,9445,5811,3848,4594,5850,4784,3420,3729,3799,3753,3128,3286,3453,3329,-22.877,6.43094,8.89159,48.2613
59789,4962,4612,3858,3487,6937,6923,4164,3472,5765,5608,3921,3382,4268,4127,3607,3164,-3.45231,-15.6028,8.78837,48.1713
59790,3313,3936,5758,11102,3362,3751,5024,7660,3232,3401,3935,4190,3018,3187,3442,3560,-20.0933,28.7268,8.85271,47.914
59791,11654,6895,4010,3424,6380,5056,3776,3391,3990,3753,3476,3233,3486,3243,3181,3099,-25.2271,-23.148,8.79942,48.0313
59792,3232,3338,3327,3241,3420,3816,3866,3626,3989,4795,5060,4306,4527,7612,9033,4996,32.2191,2.21228,8.91961,48.1227
59793,3128,3541,4109,4575,3431,3937,5082,7394,3471,3856,5339,8196,3187,3581,4255,4921,1.31339,22.8231,8.58532,48.002
59794,3751,3639,3382,3024,4987,4434,3627,3314,9029,5888,4044,3427,7126,5334,3913,3351,11.5103,-22.2923,8.60793,48.18
59795,3293,3724,4664,5859,3317,3898,5577,9525,3282,3585,4546,6366,3160,3404,3846,4136,-5.8816,24.7039,8.99721,48.1213
59796,3219,3325,3715,3860,3288,3579,4388,5668,3288,3888,5338,9931,3258,3789,4746,6706,8.71776,28.2405,8.70992,47.9907
59797,3146,3154,3306,3310,3270,3429,3753,3921,3365,3836,4563,6186,3449,3855,5984,12765,28.6833,30.0382,8.72298,47.528
59798,3568,3922,6019,12664,3324,3737,4749,6167,3279,3493,3777,3936,3111,3268,3253,3426,-30.9621,29.0377,8.65692,47.7953
59799,9537,8490,4337,3459,5729,5321,4074,3427,3880,3953,3448,3240,3283,3450,3237,3159,-24.8509,-16.1727,8.85971,48.016
59800,3183,3408,3711,3546,3512,4051,4900,4374,3735,4929,8111,5618,3731,4580,5956,4947,10.0234,9.02271,8.71722,48.1947
59801,3411,3359,3209,3071,3996,3724,3549,3292,6434,4869,3662,3418,12139,6001,3948,3434,24.3786,-32.3718,8.69776,47.6773
59802,6895,5128,3769,3358,9331,5728,3858,3294,5463,4396,3608,3328,3856,3629,3469,3156,-10.2956,-23.1529,8.51041,48.1773
59803,10212,7077,4153,3463,6547,5329,3870,3430,3978,3845,3535,3233,3397,3403,3283,3174,-22.9446,-20.5454,8.64453,47.9527
59804,4899,8602,8002,4640,4288,5014,4944,4125,3652,3731,3796,3516,3124,3412,3434,3273,-30.6399,-0.792362,8.81507,48.3013
59805,3296,3895,6284,11461,3408,4022,5006,6899,3222,3466,3836,4150,2972,3188,3353,3536,-22.4911,25.1662,8.51657,47.996
59806,3807,4701,5820,4867,3852,5277,8088,5094,3576,4079,4814,4096,3339,3497,3783,3615,-10.1473,6.7093,8.59748,48.2033
59807,6029,9814,6256,4008,4668,5225,4373,3845,3799,3945,3620,3416,3301,3402,3216,3053,-31.0181,-7.03045,8.69738,47.98
59808,3710,3813,3429,3124,4684,4562,3715,3475,7774,6925,4102,3529,6209,5615,3939,3553,10.6341,-17.0377,8.66729,48.1053
59809,3142,3355,3567,3673,3366,3578,4181,5187,3255,3744,5333,9754,3346,3811,4999,7791,11.811,29.1324,8.89258,48.0547
59810,3450,3330,3298,2965,4315,3915,3473,3252,7772,4977,3756,3349,10895,5803,3854,3417,19.2665,-29.3648,8.80932,47.8807
59811,3139,3352,3408,3374,3529,3865,4115,4081,3844,4737,6981,5128,3743,5201,8057,5718,17.0507,7.91873,8.91708,48.1813
59812,3385,3887,5838,11020,3427,3844,4903,7353,3300,3439,3984,4122,3186,3250,3421,3400,-20.5668,33.006,8.58845,47.8393
59813,3288,3708,4279,4698,3411,3949,6075,6850,3450,4109,6010,6744,3321,3589,4241,4499,-0.28423,17.3152,8.80214,48.1473
59814,3942,5527,9696,7079,3669,4283,5295,4940,3295,3700,3756,3710,3186,3322,3428,3308,-27.5243,10.0259,8.6436,48.0907
59815,3602,4164,3972,3550,4212,5788,5595,4024,4311,6402,6320,4152,3825,4356,4324,3785,2.23016,-0.413611,8.89637,48.2547
59816,5737,8617,5826,3911,4866,6424,4797,3837,3828,3969,3698,3439,3415,3465,3381,3250,-19.5889,-6.8956,8.97632,48.3067
59817,4607,6627,6218,4431,4280,6376,6240,4222,3705,3983,4078,3675,3366,3485,3418,3412,-15.7301,-0.656631,8.77628,48.082
59818,4507,7862,8643,4891,4084,4918,5213,4335,3531,3745,3894,3607,3219,3266,3384,3182,-26.6097,1.45759,8.83726,48.1873
59819,5701,8292,5659,3958,4918,6461,4998,3734,3878,3945,3742,3487,3423,3460,3302,3093,-19.4022,-6.38898,8.52529,48.034
59820,3363,3320,3300,3171,3849,3846,3634,3349,5078,5536,4283,3813,6910,9447,5590,3807,25.4623,-9.5957,8.61359,48.1973
59821,10018,5535,3905,3431,8383,5146,3822,3393,4545,3978,3443,3331,3587,3392,3160,3165,-17.2151,-29.2198,8.88499,48.156
59822,5818,7392,4868,3681,5566,7345,4826,3765,4082,4232,3733,3391,3480,3504,3390,3162,-15.4319,-9.52873,8.72165,48.1567
59823,3184,3501,3946,4440,3330,3743,5076,6899,3411,3859,5773,8519,3369,3609,4478,5157,3.12569,21.517,8.94969,48.196
59824,3285,3403,3601,3553,3506,4044,4530,3991,3879,5521,7916,5059,3881,5050,6304,4760,11.7711,5.30928,8.92144,48.1887
59825,3357,3300,3274,3111,3884,3734,3606,3339,5609,5298,4126,3553,8802,8967,4536,3525,26.255,-15.005,8.93684,48.014
59826,3589,4175,5036,4440,3716,5175,7951,5005,3747,4403,5593,4533,3359,3700,3965,3794,-5.34065,6.73513,8.78406,48.1207
59827,6080,9550,6092,3967,4777,5647,4514,3759,3715,3753,3681,3425,3357,3383,3402,3207,-24.2883,-6.88782,8.77761,48.206
59828,10780,7560,4199,3458,6058,5137,3902,3467,3927,3779,3463,3282,3407,3441,3217,3007,-24.7684,-19.5368,8.98088,48.056
59829,3470,3575,3393,3269,3929,4286,3936,3640,4910,7133,5473,3901,5061,7288,5335,3891,15.3354,-5.21952,8.74613,48.3267
59830,3245,3441,3987,4270,3373,3706,4808,6765,3443,3871,5565,8912,3212,3668,4510,5517,4.05183,23.0502,8.72732,48.1953
59831,3258,3543,3812,3883,3603,4028,5255,5043,3591,4389,7634,6466,3421,3950,5199,5036,6.36618,12.8935,8.76551,48.074
59832,4055,5159,5670,4519,4115,6211,7315,4657,3725,4187,4652,3995,3431,3572,3515,3573,-10.1662,2.67892,8.75145,48.234
59833,3044,3226,3462,3525,3242,3495,3916,4116,3308,3843,4864,7665,3421,3836,5853,11199,20.054,29.5386,8.75343,48.01
59834,3124,3214,3387,3320,3267,3417,3866,4050,3338,3974,4899,5653,3398,4157,7671,10848,31.0815,19.5514,8.72813,47.722
59835,2945,3272,3361,3419,3195,3500,3715,4053,3374,3857,5061,6680,3379,3836,6005,12138,24.4861,30.0783,8.57733,47.86
59836,4290,4186,3627,3186,6342,5541,3921,3330,7612,6538,4122,3462,4875,4451,3746,3284,2.79685,-17.5486,8.99975,48.342
59837,3257,3333,3417,3286,3487,3742,3744,3568,3992,4756,5028,4223,4345,7635,8978,5094,33.2547,2.1182,8.95814,47.9233
59838,3686,3760,3542,3247,4638,4995,3977,3460,6149,8170,4574,3653,5027,5827,4187,3614,9.08214,-11.2735,8.90291,48.3373
59839,3392,3445,3169,3196,3747,3770,3682,3363,4987,5560,4442,3622,6810,9663,5489,3827,24.5961,-9.60117,8.59687,48.1093
59840,3585,3835,4158,3746,3851,4924,5812,4380,3929,5894,7231,4549,3671,4282,4647,4023,3.23205,3.44564,8.84578,48.3447
59841,4210,6416,8433,5250,4109,5225,6168,4629,3467,3710,3986,3693,3247,3332,3357,3164,-19.7534,3.78693,8.86119,48.264
59842,3057,3194,3402,3460,3194,3417,3977,4207,3313,3944,5191,7330,3389,4056,6170,10666,20.2686,24.1764,8.84698,47.978
59843,5499,8424,5688,4057,4907,6447,4961,3893,3744,4152,3733,3431,3319,3413,3348,3181,-18.5812,-6.3204,8.88836,48.1313
59844,3388,3875,5855,12559,3379,3739,4720,5930,3269,3591,3758,3917,3265,3255,3361,3419,-32.9847,32.0041,8.91017,47.52
59845,5574,4440,3656,3336,9361,5239,3843,3482,6823,4680,3708,3318,4198,3874,3377,3133,-4.58234,-27.7489,8.72055,48.028
59846,5108,5613,4252,3688,6093,8055,4730,3649,4629,5027,3972,3321,3649,3715,3588,3278,-8.58475,-10.8924,8.79817,48.2447
59847,3106,3380,3393,3443,3194,3395,3773,3828,3280,3824,4779,5921,3415,3901,6084,12654,31.8491,27.4624,8.88801,47.58
59848,12000,6053,4113,3309,6597,4834,3735,3319,3922,3912,3402,3115,3416,3500,3257,3179,-24.4359,-28.4225,8.5786,47.7753
59849,3533,4246,7160,7749,3553,4179,6218,6858,3318,3656,4273,4316,3094,3240,3461,3456,-16.8636,16.4052,8.92724,48.2067
59850,3311,3406,3377,3215,3623,3863,3837,3538,4180,4921,4907,4092,5043,8771,7637,4588,29.8478,-1.35423,8.61901,48.206
59851,3470,3833,3779,3647,3934,4785,5113,3928,4202,6751,6868,4410,3950,4734,4772,4014,5.95929,0.655577,8.92076,48.1267
59852,2982,3195,3432,3387,3300,3396,3844,4114,3363,3824,4765,6739,3372,3965,6115,12202,24.3139,27.8687,8.68881,47.9967
59853,4879,6713,5669,4117,4671,7262,5659,4059,3888,4198,3971,3647,3408,3465,3471,3175,-14.2716,-4.07077,8.81202,48.168
59854,3799,3786,3263,3114,5530,4339,3609,3235,9847,5454,3811,3329,7026,4894,3772,3494,9.62886,-26.7558,8.7391,48.2013
59855,3880,3718,3427,2976,5370,4523,3711,3346,9025,6194,3970,3420,6715,5211,3795,3317,9.93656,-20.9587,8.76437,48.3987
59856,3695,4223,5552,5139,3629,4640,7843,6375,3527,3909,5057,4576,3309,3476,3704,3709,-8.68056,11.5578,8.61115,48.242
59857,3106,3396,3785,3966,3349,3677,4432,5951,3374,3802,5738,9626,3367,3727,4748,6106,7.60253,23.3824,8.80864,48.1
59858,6049,4619,3663,3359,9570,5461,3785,3317,6118,4594,3607,3215,4155,3756,3477,3125,-6.45308,-25.2837,8.6176,47.9133
59859,11516,6650,4005,3394,6444,5082,3771,3446,3997,3852,3340,3164,3553,3391,3307,3033,-23.6741,-23.9899,8.55187,47.9633
59860,7700,5862,3911,3411,8218,5999,4066,3434,4662,4278,3582,3351,3603,3517,3269,3129,-13.7762,-20.0081,8.96497,47.9947
59861,11825,6328,3959,3410,6760,4912,3806,3366,4056,3820,3439,3181,3363,3378,3201,3099,-24.1109,-25.3294,8.68594,47.9353
59862,11551,6018,3922,3341,7155,4880,3875,3337,4039,3816,3455,3209,3449,3399,3123,3027,-21.7896,-26.3229,8.90706,47.7307
59863,3393,3510,3212,3136,3871,3778,3550,3382,5308,5838,4281,3534,7546,9229,5077,3669,22.6037,-11.9215,8.92628,48.2093
59864,7267,9815,5405,3890,4939,5459,4283,3770,3818,3839,3480,3364,3273,3304,3229,3113,-26.3923,-10.1246,8.73942,48.1653
59865,11456,5855,4059,3488,6993,4848,3829,3399,4079,3826,3471,3304,3449,3340,3229,3199,-21.9957,-31.7462,8.75904,47.8827
59866,3346,3351,3179,3182,3735,3994,3627,3424,4891,6058,4628,3718,6449,9105,5514,3986,21.6143,-8.62882,8.68742,48.1247
59867,4894,4216,3560,3188,8623,4928,3769,3365,7946,4806,3767,3325,4524,4132,3536,3358,-1.12139,-30.4149,8.8562,47.958
59868,3075,3169,3505,3390,3220,3477,3899,4235,3473,3802,5108,6409,3426,4160,6884,11094,23.3048,22.0323,8.84874,48.2173
59869,3743,3948,4334,3919,3983,5410,6205,4298,4048,5815,6438,4390,3679,4138,4180,3874,0.712226,1.70465,8.61589,48.268
59870,3171,3149,3343,3317,3333,3502,3827,3915,3450,3930,5262,5844,3587,4426,7868,10146,26.5104,18.3296,8.51206,48.0467
59871,4776,4184,3552,3287,8178,5024,3813,3302,8074,5110,3743,3172,4772,4175,3586,3209,-0.144636,-25.3819,8.54272,47.9713
59872,3167,3321,3320,3432,3211,3369,3906,3894,3410,3780,4800,6235,3422,3995,5968,12637,26.904,28.8944,8.59486,47.9113
59873,12634,6069,3946,3229,6120,4632,3711,3286,3947,3813,3468,3180,3318,3313,3239,3265,-28.4306,-30.4964,8.6433,47.4467
59874,3911,4427,4295,3768,4297,6650,6120,4109,4201,5897,5480,4056,3770,3972,4046,3638,-1.62879,-1.22833,8.86448,48.4247
59875,3233,3668,4470,5969,3377,3808,5346,9701,3226,3674,4592,6442,3229,3537,3794,3963,-5.89951,27.2224,8.53027,48.0193
59876,3366,3385,3220,3038,3963,3918,3518,3196,5676,4974,3988,3465,10418,7936,4356,3363,31.6138,-18.5717,8.61583,47.8533
59877,5052,6128,4437,3709,5644,8175,4896,3651,4228,4787,4025,3439,3687,3719,3554,3259,-10.4336,-9.5102,8.77956,48.26
59878,3455,3529,3260,3141,4315,3980,3512,3333,7281,5414,3881,3360,9416,6345,4205,3556,18.4645,-21.8788,8.51413,47.9887
59879,3048,3285,3410,3286,3212,3509,3753,3922,3514,4116,5406,5482,3595,4664,9090,8846,26.8555,14.8879,8.96132,48.092
59880,3309,3742,4959,5608,3357,4047,6729,8379,3431,3737,4964,5608,3089,3367,3850,3944,-6.61001,18.4269,8.83913,48.08
59881,3088,3255,3425,3385,3181,3464,3764,4119,3451,3737,4993,7201,3413,3911,5869,11781,21.7925,31.7439,8.96781,48.0247
59882,3214,3412,3406,3217,3313,3558,3800,3870,3794,4336,5339,4857,3767,5688,9992,6854,27.7955,9.38546,8.63847,48.278
59883,3103,3255,3317,3519,3274,3576,3908,3867,3625,4101,5036,5308,3540,4658,8920,9201,32.9229,15.2673,8.6939,48.1387
59884,3857,3922,3842,3589,4283,5578,4907,3820,4313,7443,5986,4094,4023,4641,4351,3749,3.6342,-3.01602,8.90086,48.2653
59885,3187,3620,4375,5380,3317,3657,5233,9530,3284,3698,4735,7248,3141,3382,3965,4400,-3.69911,27.5596,8.88504,48.1013
59886,3397,3361,3186,3078,3848,3717,3481,3109,6035,4941,3855,3464,11843,6806,4103,3449,27.4833,-23.5312,8.67408,47.782
59887,3050,3136,3349,3400,3249,3581,3961,3936,3563,4127,5785,5897,3699,4547,8019,8280,21.0931,15.2972,8.78473,47.7193
59888,3272,3384,3571,3687,3538,3962,4709,4152,3819,5039,8318,5368,3697,4650,6202,4983,10.9204,7.88459,8.97218,48.234
59889,4438,4805,4023,3475,5199,7731,4790,3698,4814,6085,4346,3519,3920,4163,3691,3415,-3.39113,-8.33228,8.93348,48.0747
59890,2969,3210,3446,3274,3248,3563,3858,3855,3592,4080,5410,5295,3784,5001,9350,7851,27.082,12.2335,8.61133,47.8573
59891,10799,5782,3842,3373,7656,5001,3882,3387,4224,3956,3465,3390,3451,3475,3233,3105,-19.7539,-27.5528,8.64044,48.014
59892,4413,6267,5671,4148,4477,6990,6243,4137,3816,4208,4294,3704,3345,3457,3515,3339,-13.4821,-1.75311,8.80726,48.016
59893,3098,3385,3463,3728,3288,3469,4084,4521,3396,3779,5500,8386,3388,3855,5890,8879,15.89,23.3514,8.77874,48.0727
59894,5507,9431,6996,4268,4496,5356,4706,3866,3761,3849,3718,3436,3207,3378,3263,3189,-26.9502,-3.94708,8.93006,48.2847
59895,3094,3294,3407,3306,3285,3400,3842,3880,3422,3980,5333,5803,3497,4490,8462,9713,26.0775,16.7482,8.88604,48.1387
59896,3375,4302,6946,9506,3398,3878,5424,7049,3308,3530,3935,4234,3125,3245,3413,3488,-19.7279,19.9389,8.86252,48.104
59897,3342,4158,6637,9651,3368,3890,5448,7284,3284,3586,4005,4201,3006,3151,3494,3517,-19.3457,21.0305,8.66963,48.0147
59898,4359,6474,7482,4921,4211,5480,6291,4597,3562,3900,4024,3714,3197,3339,3465,3307,-17.6792,2.08258,8.90473,48.2153
59899,3031,3170,3511,3501,3244,3462,3945,4097,3311,4028,5564,6385,3569,4358,7376,9693,21.3008,18.8818,8.54247,48.1633
59900,3630,3985,3774,3463,4078,5437,4670,3671,4742,7693,5874,3972,4220,4894,4508,3855,5.3042,-3.82909,8.93495,48.3107
59901,3416,3408,3131,3200,3908,3707,3293,3184,6034,4772,3734,3371,12462,6369,4000,3320,31.8143,-25.0114,8.88837,47.5393
59902,3507,4171,6132,6027,3472,4357,7417,7062,3367,3868,4578,4544,3172,3421,3606,3624,-11.3061,14.4985,8.96769,48.2167
59903,7795,6816,4257,3543,6858,6243,4080,3554,4296,4123,3645,3380,3570,3497,3344,3147,-16.9697,-16.962,8.52012,48.0987
59904,3403,3603,4044,4107,3552,4163,5974,5308,3442,4488,7175,6262,3420,3872,4748,4585,3.06821,12.6999,8.51137,48.0973
59905,3290,3333,3320,3265,3502,3767,3725,3553,4148,4749,5046,4355,4514,7794,8819,4918,33.2186,1.44979,8.92473,48.0653
59906,3952,3767,3376,3127,6043,4411,3626,3298,9952,5301,3824,3259,6360,4832,3573,3346,7.69044,-28.0995,8.68179,48.0313
59907,3242,3671,4234,4322,3415,4165,6165,6051,3579,4174,6748,6285,3386,3749,4519,4434,1.33551,14.1328,8.66564,48.0927
59908,3421,3637,3631,3492,3735,4585,4620,3857,4301,6786,7121,4400,4119,5102,5321,4199,9.47202,0.515562,8.76109,48.218
59909,3459,3908,4515,4142,3652,4684,7094,5179,3622,4671,6648,4900,3582,3858,4259,4077,-1.00255,8.32296,8.94015,48.1667
59910,3349,3269,3297,3246,3597,3751,3718,3498,4499,5393,4605,3901,5524,9252,6856,4205,25.6401,-4.15662,8.62155,47.9733
59911,3515,4018,6561,11938,3366,3730,4820,6303,3132,3458,3648,4036,3058,3177,3447,3477,-25.8941,24.8378,8.60646,47.7893
59912,3917,5880,9798,6403,3657,4361,5175,4821,3370,3641,3901,3727,3134,3291,3355,3451,-30.4983,7.91215,8.51308,47.9213
59913,3188,3382,3280,3438,3320,3553,3993,3965,3590,4124,5869,6081,3547,4652,8046,8228,20.3398,15.2623,8.87448,48.1707
59914,3598,4269,6082,5989,3642,4299,7487,6805,3368,3729,4628,4509,3110,3320,3631,3660,-11.6672,13.8884,8.72099,48.084
59915,4220,3864,3491,3197,6440,4686,3585,3393,9708,5176,3808,3271,5722,4602,3719,3304,5.4345,-30.3741,8.79108,48.124
59916,3309,3263,3600,3611,3327,3470,4136,4899,3428,3796,5237,9348,3424,3808,5305,8054,13.3188,33.4855,8.56766,48.01
59917,2958,3328,3302,3342,3200,3622,3965,4009,3506,4122,5303,5591,3604,4612,8516,9216,26.6838,16.0363,8.75877,48.1307
59918,3404,3949,5474,7799,3435,3846,5560,8944,3355,3629,4246,4913,3103,3287,3497,3716,-13.0747,23.0866,8.84539,48.1047
59919,3067,3231,3292,3343,3178,3360,3834,3930,3306,3942,5022,5766,3425,4121,7232,11279,32.6412,20.6226,8.98702,47.552
59920,3160,3428,3828,4031,3313,3631,4552,5990,3337,3803,5313,9814,3198,3617,4631,6239,7.16862,27.8784,8.61311,47.9233
59921,4304,5157,4397,3760,4816,7919,5581,3884,4215,5351,4651,3703,3622,3878,3662,3358,-6.17151,-5.0293,8.79946,48.172
59922,7982,5287,3893,3375,9408,5275,3944,3414,4885,4156,3639,3269,3566,3593,3274,3137,-12.5481,-33.6547,8.67485,48.0647
59923,3173,3479,4031,4201,3260,3678,4718,7003,3459,3861,4994,9397,3316,3686,4528,5571,4.26841,29.537,8.64418,48.2367
59924,4087,3779,3448,3218,6369,4569,3579,3283,9791,5293,3819,3496,5916,4637,3680,3318,6.1929,-28.7957,8.77337,48.188
59925,3176,3430,3492,3415,3438,3891,4425,4037,3848,5170,7951,5358,3860,4972,6574,4921,12.7768,6.89401,8.96513,47.972
59926,3188,3420,3609,3628,3323,3716,4553,4457,3566,4420,7515,6589,3568,4365,6478,6199,12.7219,13.5768,8.8827,48.396
59927,3357,3435,3224,3225,4069,3846,3411,3234,7405,4956,3696,3468,11164,5892,3907,3453,20.5357,-31.3177,8.91436,47.828
59928,3691,3754,3701,3450,4310,5279,4231,3655,4998,8110,5490,3832,4533,5238,4387,3695,7.28033,-6.15349,8.83775,48.236
59929,3251,3401,3195,3257,3668,3802,3719,3455,4368,5060,4904,4186,5032,8590,7786,4629,31.5358,-1.59734,8.79719,48.202
59930,3476,3291,3136,3167,4059,3814,3604,3217,6621,5075,3871,3411,11161,6708,4066,3401,23.0528,-23.2907,8.62566,48.052
59931,4062,3873,3404,3098,6034,4640,3725,3269,9577,5649,3880,3375,6026,4869,3684,3265,6.7922,-22.9613,8.92406,48.2867
59932,11278,5868,3976,3419,7217,4984,3830,3310,4085,3887,3481,3127,3459,3329,3214,3064,-20.7763,-33.4843,8.6698,47.6853
59933,4053,4486,4129,3663,4659,7268,5778,3879,4431,5949,5071,3867,3737,4077,3879,3589,-2.67674,-3.71132,8.90053,48.3433
59934,3897,3978,3650,3373,4362,5715,4553,3749,5021,7707,5509,3815,4287,4963,4285,3702,4.75098,-5.51822,8.63296,48.3773
59935,5507,4396,3642,3180,9189,5490,3762,3256,7166,4776,3638,3294,4280,3996,3390,3147,-3.62582,-24.8897,8.86485,48.0727
59936,5019,6206,4550,3798,5420,8083,5051,3780,4146,4819,4037,3544,3370,3620,3425,3330,-10.8528,-7.75414,8.5849,48.132
59937,3065,3224,3384,3490,3199,3439,3995,4432,3458,3901,5308,7928,3445,4006,6095,9758,17.7597,23.1614,8.94245,48.0847
59938,3304,3496,3512,3287,3677,4077,4184,3776,4182,6071,6760,4525,4306,6118,6512,4601,15.1507,1.62588,8.59179,48.2587
59939,3541,3489,3343,3118,4345,4130,3628,3304,7373,5806,3878,3393,8527,6525,4074,3375,17.3798,-19.3028,8.71469,47.8993
59940,3986,4184,3761,3310,5067,6530,4468,3511,5565,7483,4657,3593,4414,4501,3910,3474,1.90513,-9.42945,8.76555,48.276
59941,3608,4092,5133,4964,3543,4566,7829,6641,3440,3903,5257,4886,3173,3517,3741,3861,-6.8155,12.7345,8.74944,48.1027
59942,3293,3279,3464,3319,3453,3747,4003,3741,3951,5076,6565,4746,4142,6098,8084,5243,18.7365,4.52782,8.85073,48.136
59943,3491,3690,3459,3246,3892,4489,4116,3674,4750,7706,5811,4037,4644,6129,5129,3976,11.5675,-4.05805,8.87037,48.1593
59944,3541,3480,3206,3143,4103,3815,3453,3240,7406,5063,3753,3362,11324,5798,3894,3397,20.8255,-31.8765,8.98688,47.9853
59945,3401,3869,6478,12310,3330,3792,4782,5900,3153,3465,3800,3870,3040,3166,3398,3353,-32.2628,25.102,8.9615,47.4047
59946,3218,3577,4291,4981,3341,3804,4878,8889,3288,3755,4846,7545,3364,3560,4072,4395,-2.05045,32.6224,8.99926,47.8693
59947,3612,4824,7846,6657,3623,4387,6702,5969,3357,3582,4151,4071,3141,3232,3409,3378,-17.5564,11.9995,8.80853,47.9607
59948,3755,3683,3352,3042,5306,4288,3486,3270,9408,5301,3732,3376,7712,5163,3763,3342,11.6773,-29.4841,8.82137,47.986
59949,3460,4041,6469,8738,3428,3963,5886,7842,3315,3630,4055,4343,3105,3287,3441,3417,-16.5817,19.9087,8.99268,48.28
59950,4418,3985,3504,3115,6610,5088,3781,3396,8477,5615,3791,3317,5283,4457,3739,3300,3.34641,-22.303,8.5737,47.9173
59951,4976,5555,4246,3689,5937,8125,4751,3820,4519,4956,4089,3487,3657,3742,3414,3304,-8.73032,-9.99728,8.61249,48.178
59952,4036,5818,9945,6738,3621,4426,5371,4755,3387,3584,3829,3710,3134,3277,3426,3285,-27.5077,8.41143,8.87277,48.228
59953,3933,5462,8104,5779,3894,4884,6858,5066,3360,3787,4142,3854,3173,3251,3497,3455,-17.5285,7.59419,8.74017,48.3327
59954,3400,3492,3237,3261,3997,3840,3449,3260,5726,4762,3805,3299,12277,6717,3903,3361,31.5694,-23.8006,8.93264,47.8573
59955,3834,5751,9868,6697,3737,4366,5348,4928,3505,3696,3767,3664,3083,3323,3393,3284,-27.2517,9.04035,8.73479,48.1627
59956,3003,3271,3591,3809,3230,3675,4265,5201,3437,3846,5634,9200,3412,3890,5273,7740,12.2053,24.5245,8.6377,48.318
59957,3203,3371,3293,3125,3521,3701,3799,3594,3977,4802,5043,4406,4549,7592,8635,5170,30.8356,1.72931,8.54267,47.854
59958,6238,4637,3746,3358,9613,5434,3864,3296,6050,4556,3649,3293,4004,3810,3443,3187,-7.29923,-25.8433,8.73888,48.1187
59959,3312,3542,3596,3366,3609,4157,4251,3986,4138,6183,6968,4637,4202,5708,6476,4666,13.5117,2.04487,8.9542,48.5313
59960,3230,3453,3616,3737,3419,3996,4811,4480,3714,4564,7913,6202,3494,4394,5888,5220,9.81156,11.7963,8.62833,48.0873
59961,6675,9902,5705,3975,4877,5249,4450,3638,3764,3819,3538,3343,3353,3438,3406,3229,-31.1815,-8.71532,8.57952,48.2407
59962,3154,3225,3363,3445,3220,3534,3886,3972,3386,3868,4930,5880,3359,4030,7129,11680,33.7968,21.5743,8.95837,48.0407
59963,3527,3616,3441,3160,3996,4388,3840,3506,5136,7436,5339,3922,5092,6960,5105,3949,13.7258,-6.58265,8.71328,48.2753
59964,3216,3175,3282,3443,3199,3428,3908,3966,3349,3826,4872,5861,3315,4104,7292,11407,33.5211,20.9909,8.94178,47.762
59965,3142,3288,3454,3364,3481,3682,4006,3826,3706,4666,6228,5123,3785,5236,8719,6537,20.4118,9.69031,8.5544,48.162
59966,3425,3504,3228,3116,4358,3948,3535,3215,7633,4878,3755,3465,10899,5755,3962,3325,19.4095,-31.4999,8.93045,48.0007
59967,9395,8710,4498,3565,5601,5207,3997,3484,3991,3832,3509,3258,3406,3353,3148,3167,-25.7983,-15.7045,8.95189,48.0807
59968,4863,8753,7951,4637,4255,5044,4962,4039,3554,3815,3653,3476,3212,3243,3491,3196,-29.4269,-1.39353,8.68723,48.096
59969,3525,4386,6635,6688,3427,4383,7135,6811,3347,3726,4463,4326,3253,3391,3508,3542,-14.2784,14.5507,8.68682,48.364
59970,4862,4849,3951,3487,6608,7570,4442,3651,5057,5741,4076,3510,3941,3888,3578,3208,-4.8398,-12.4798,8.63084,48.2793
59971,3597,4919,9258,8354,3556,4100,5201,5226,3355,3551,3837,3781,3211,3138,3401,3422,-29.7171,13.3273,8.92653,47.938
59972,4365,4187,3646,3412,6220,6332,4084,3511,6532,6546,4287,3446,4658,4530,3658,3382,0.871211,-14.877,8.91364,48.5307
59973,4889,6350,5183,3949,4869,7616,5525,3944,4011,4472,3984,3596,3370,3577,3473,3252,-13.0268,-4.92661,8.57865,48.04
59974,3098,3311,3643,3470,3367,3626,4173,4140,3571,4421,6856,5759,3619,4747,7814,6641,16.683,11.9069,8.95981,48.1707
59975,3969,3634,3366,3162,5888,4327,3618,3209,9841,5612,3922,3382,6597,4869,3701,3328,8.6513,-24.4072,8.99386,48.2833
59976,3237,3396,3363,3216,3555,3763,3822,3544,4044,4951,5259,4184,4539,7820,8610,4871,25.3721,1.69225,8.89556,48.116
59977,3048,3402,3496,3625,3074,3549,4323,5008,3392,3903,5506,9140,3300,3944,5361,7970,12.7852,24.5919,8.8456,48.0273
59978,3176,3347,3374,3312,3261,3543,3892,3814,3569,4116,5211,5260,3620,4673,9022,8906,31.5469,14.7546,8.78471,48.064
59979,3522,3631,3355,3143,4782,4156,3597,3373,9259,5149,3917,3280,8577,5375,3756,3387,14.0129,-30.0978,8.79562,48.1727
59980,3337,3791,4475,5162,3411,4043,6304,7710,3338,3833,5323,6442,3178,3535,3987,4262,-3.43754,18.2702,8.64654,48.0873
59981,3960,5642,9031,6248,3793,4623,5934,4977,3487,3596,3963,3895,3079,3327,3360,3304,-22.0668,7.76206,8.50982,48.146
59982,5225,8878,7396,4462,4335,5266,4891,3968,3598,3828,3724,3582,3308,3362,3379,3287,-24.9624,-2.54097,8.51345,48.326
59983,3132,3427,3691,4005,3346,3730,4544,6037,3331,3862,5461,9687,3323,3671,4618,6163,6.89726,25.3489,8.70248,48.0187
59984,3496,4360,6863,7078,3618,4193,6772,6732,3314,3654,4219,4338,3183,3301,3648,3515,-15.3858,15.1764,8.51325,48.1893
59985,3392,3879,5160,5938,3337,4081,6638,8543,3274,3700,4632,5244,3170,3404,3782,3898,-8.57534,18.5458,8.88025,48.048
59986,3210,3409,3415,3167,3508,3808,3899,3563,4086,5149,5263,4181,4793,7891,8002,4770,23.6021,0.335285,8.56287,48.076
59987,3490,3560,3447,3209,3924,4537,3997,3550,5024,7645,5367,3811,4968,6658,5053,3946,13.0758,-6.12133,8.91197,48.124
59988,11274,6865,4018,3429,6685,5182,3796,3327,4108,3877,3541,3294,3451,3420,3234,3044,-22.7938,-22.8101,8.94329,48.3633
59989,3072,3413,3457,3615,3224,3580,4164,4446,3455,3880,5701,8041,3392,4028,5997,8588,15.8631,21.955,8.50044,48.0353
59990,3030,3300,3317,3351,3293,3551,3837,4035,3324,3876,5185,6349,3399,4324,7205,10631,23.3432,20.5806,8.68315,48.0047
59991,3370,3529,4014,4093,3467,3958,5566,5853,3468,4220,6856,7206,3420,3801,4752,5142,4.03945,16.0204,8.62388,48.4767
59992,3232,3366,3576,3560,3357,3719,4266,4379,3424,4338,6828,7008,3496,4369,6682,7182,14.756,15.7214,8.90514,48.5213
59993,3281,3651,4387,4629,3493,3931,6056,7131,3462,4002,5873,7066,3234,3663,4268,4564,-0.329098,17.8687,8.8778,48.4607
59994,4777,7909,7972,4761,4285,5186,5253,4265,3556,3789,3811,3534,3138,3459,3268,3307,-23.0469,0.031782,8.90131,48.18
59995,4893,7559,6572,4372,4487,5965,5539,4070,3699,4061,3819,3485,3304,3473,3368,3177,-18.4827,-2.16903,8.79788,47.8953
59996,3277,3496,3953,3959,3413,3854,5057,5506,3474,3964,6745,7997,3423,3844,4828,5421,6.09427,17.0383,8.61762,48.1407
59997,3918,5003,6729,5073,3850,5349,7824,5117,3484,3833,4414,4034,3166,3423,3617,3455,-13.4467,6.96081,8.99486,48.1927
59998,3148,3378,3582,3729,3271,3452,4113,5067,3491,3838,5333,9258,3340,3880,5173,7946,12.5742,25.3727,8.94656,47.9993
59999,4454,4328,3561,3262,7091,5590,3826,3393,7585,5741,3930,3347,4888,4356,3762,3325,0.827077,-19.3259,8.85506,48.2927
60000,3373,4066,6137,8312,3408,3975,5792,7937,3348,3617,4131,4542,3116,3265,3556,3488,-15.6538,20.1759,8.96161,48.042
60001,3384,3936,6143,12022,3362,3705,4751,6856,3236,3485,3826,4099,3150,3260,3424,3489,-23.474,27.3568,8.71961,48.0853
60002,3849,5230,8883,6977,3693,4349,6080,5291,3309,3711,3897,3889,3088,3330,3401,3397,-21.8658,10.673,8.57739,48.2493
60003,5684,8233,5666,3960,4782,6529,4884,3765,3941,4097,3767,3270,3313,3433,3329,3133,-18.3576,-7.21677,8.78472,47.8573
60004,3165,3178,3415,3452,3223,3418,3910,4345,3335,3777,4857,7671,3394,3974,5798,10964,19.6406,31.5814,8.8621,47.9173
60005,3299,3754,4534,5383,3396,3974,5344,9298,3315,3760,4721,6709,3205,3483,3779,4222,-4.51837,24.4738,8.91109,48.1173
60006,4653,7669,8219,4901,4125,5198,5370,4346,3516,3764,3722,3623,3246,3284,3387,3281,-23.726,1.01033,8.97851,48.2027
60007,4820,5128,4094,3582,5987,8044,4742,3700,4626,5315,4186,3463,3787,3862,3695,3285,-6.24061,-10.2348,8.70052,48.2107
60008,3817,5577,10073,7171,3665,4343,5193,4823,3251,3561,3905,3812,3115,3360,3385,3289,-29.0945,9.82021,8.88105,48.2267
60009,3170,3241,3465,3395,3266,3493,3890,3797,3446,4125,5138,5662,3570,4400,8460,9643,30.8314,16.4991,8.89026,48.1073
60010,3452,4396,8019,10101,3401,4034,5215,5752,3231,3520,3808,3931,3081,3184,3319,3406,-25.6116,17.7414,8.96456,47.9
60011,4897,4051,3480,3344,8661,4969,3701,3310,8017,4932,3759,3255,4806,3921,3584,3283,-0.904592,-28.8259,8.84155,47.98
60012,3089,3270,3503,3443,3162,3595,3863,3954,3572,4265,5312,5455,3660,4953,9170,8390,26.8306,13.4762,8.5624,48.4373
60013,9947,5733,3919,3406,8236,5087,3884,3383,4447,3908,3422,3266,3493,3438,3244,3194,-17.4684,-29.2329,8.58168,48.0047
60014,3349,3941,5347,6200,3450,4116,6750,8311,3266,3611,4600,5202,3168,3365,3706,3805,-9.4134,18.1076,8.94278,48.1247
60015,4739,5677,4458,3730,5178,8039,5371,3745,4127,5007,4130,3563,3769,3656,3574,3319,-8.76051,-6.34406,8.5613,48.0547
60016,3444,3387,3159,3243,4314,3964,3520,3253,8116,4933,3862,3335,10543,5617,3818,3348,18.4725,-31.3278,8.84591,47.904
60017,3267,3658,4023,4413,3363,3901,5399,7212,3395,4016,5907,7903,3357,3498,4264,4881,1.17251,20.195,8.80186,48.3047
60018,12373,6306,3845,3324,6192,4723,3779,3408,3902,3811,3466,3191,3318,3402,3201,3152,-27.5324,-26.732,8.56095,47.5953
60019,3113,3227,3471,3571,3225,3478,4171,4798,3368,3827,5173,9060,3483,3860,5256,8694,14.5671,31.1782,8.79467,47.85
60020,10079,7371,4278,3405,6405,5375,3968,3487,3967,3889,3515,3262,3439,3490,3227,3147,-22.3572,-19.3654,8.73305,48.2027
60021,3424,3324,3189,3015,4038,3980,3454,3250,6102,5195,3915,3440,10287,7443,4189,3478,24.2868,-19.6359,8.57768,47.8153
60022,3268,3571,3443,3217,3889,4277,4094,3718,4629,7177,5917,4029,4779,6827,5589,4173,14.4455,-3.38955,8.79193,48.398
60023,3380,3390,3237,3036,3924,3980,3656,3287,5588,5392,4096,3462,8756,8687,4661,3646,24.4671,-14.9864,8.5595,48.1187
60024,7572,9895,5171,3769,4812,5242,4152,3559,3833,3803,3456,3234,3522,3361,3250,3143,-29.9461,-11.2512,8.76798,47.8493
60025,3232,3512,3378,3163,3723,3900,3738,3433,4526,5221,4648,3947,5606,9642,6374,4155,32.3073,-5.29874,8.62296,48.132
60026,3213,3244,3426,3311,3245,3406,3829,3887,3358,3728,4664,5946,3279,3879,5749,12550,33.6777,32.6434,8.81285,47.1427
60027,3132,3399,3441,3318,3531,3740,3889,3731,3954,4876,5550,4557,4219,6775,8930,5474,23.0289,4.29783,8.82799,48.344
60028,3111,3204,3357,3362,3281,3364,3806,3967,3538,3891,4904,5628,3500,4102,7314,11550,32.3012,20.8215,8.87272,47.9193
60029,4519,3945,3463,3264,7792,4949,3727,3221,8827,5007,3832,3454,5006,4195,3611,3155,1.31049,-28.5783,8.73316,47.978
60030,11773,6955,3964,3428,5943,4864,3919,3460,4004,3767,3414,3100,3457,3298,3301,3132,-29.3541,-22.3958,8.85034,47.8527
60031,3160,3426,3445,3312,3511,3646,3776,3710,3928,4644,5167,4549,4079,6783,9428,5472,32.4969,4.79587,8.55037,48.024
60032,3392,3871,6000,12934,3354,3702,4701,6157,3292,3451,3745,3833,3149,3165,3359,3370,-29.1519,27.6146,8.9789,47.65
60033,3246,3720,4417,5327,3346,3895,5477,9085,3303,3694,4770,7084,3209,3438,3905,4378,-3.76351,24.3037,8.97482,48.196
60034,3442,3767,3640,3411,3966,4856,4651,3847,4623,7104,6302,4149,4159,5116,4803,3977,7.24732,-1.43036,8.58533,47.8753
60035,5305,8542,6714,4403,4563,5522,4898,3985,3595,3845,3826,3506,3244,3292,3367,3219,-22.6434,-3.41102,8.61771,47.884
60036,4567,4913,4016,3578,5672,7837,4799,3715,4589,5808,4306,3526,3899,3884,3614,3397,-4.84719,-9.39253,8.72731,48.08
60037,4328,4074,3411,3166,6941,5261,3847,3485,8255,5844,3837,3365,5099,4432,3616,3269,2.81435,-20.9018,8.89131,48.1533
60038,3068,3208,3462,3324,3148,3482,3795,3893,3405,3780,4984,5851,3344,4056,7342,11619,29.8522,21.0673,8.97308,47.8407
60039,3310,3308,3259,3248,3985,3810,3430,3327,6522,4889,3732,3336,12190,6012,3998,3418,24.2102,-33.5779,8.96992,47.8493
60040,3059,3253,3334,3527,3205,3500,4100,4496,3442,3772,5305,8268,3415,3888,5691,10028,17.3822,26.7515,8.77701,48.1887
60041,3138,3145,3242,3421,3291,3535,3722,4035,3564,3809,5075,5880,3549,4133,7614,10921,28.4033,20.1152,8.7858,48.0493
60042,4043,4433,4113,3521,4951,7213,5305,3828,4646,6323,4858,3663,3828,4203,3808,3528,-2.07093,-5.33857,8.88983,48.176
60043,3768,4997,9142,7345,3600,4469,5858,5215,3308,3687,3877,4005,3009,3208,3355,3373,-23.0559,11.7892,8.61901,48.144
60044,3804,4278,4254,3863,4186,6066,6651,4375,4047,5604,5866,4193,3623,4072,4064,3693,-1.59826,0.603898,8.9472,48.426
60045,4420,7195,9174,5329,3992,4760,5134,4386,3480,3698,3717,3645,3205,3265,3342,3352,-27.7752,3.25291,8.53441,48.0627
60046,12306,6054,4012,3411,6422,4786,3767,3488,3966,3847,3465,3179,3396,3342,3246,3061,-25.5034,-28.9038,8.69416,47.832
60047,4217,4526,3874,3413,5415,7377,4831,3689,4909,6512,4447,3551,3994,4257,3887,3473,-1.7344,-8.99209,8.88626,48.248
60048,3292,3416,3275,3192,3731,3705,3492,3393,4942,5293,4234,3657,7476,9757,5434,3813,30.4551,-10.7626,8.9801,48.068
60049,5966,9543,6449,4097,4520,5411,4528,3715,3728,3785,3641,3542,3312,3465,3298,3140,-26.6857,-5.93548,8.53436,48.0933
60050,3411,4037,5477,6251,3366,4153,6804,8025,3438,3568,4548,5094,3200,3330,3636,3838,-10.1063,17.9522,8.77644,48.1173
60051,3028,3301,3438,3466,3219,3532,4071,4353,3476,4139,6015,6657,3564,4381,7263,8276,18.1437,16.9099,8.753,48.1193
60052,3168,3324,3336,3297,3380,3670,3928,3733,3836,4523,5803,4634,4110,5940,9511,5953,22.9225,7.06239,8.90023,48.0973
60053,3431,3881,5979,12543,3330,3747,4849,6288,3167,3476,3751,3935,3074,3114,3332,3355,-25.9725,33.165,8.93917,47.5013
60054,2938,3340,3377,3405,3193,3478,3839,3865,3300,3742,4738,6119,3393,3883,6163,12802,29.9191,27.2262,8.77585,47.7167
60055,3126,3624,3971,4345,3366,3753,5120,6646,3427,4042,5865,8504,3288,3774,4505,5307,3.50133,20.6859,8.6173,48.442
60056,3263,3607,3476,3352,3544,4055,4048,3736,4053,5466,6710,4682,4257,5876,7425,4976,16.458,3.54636,8.94771,48.3507
60057,3368,3801,5055,8310,3514,3835,5226,9423,3216,3628,4081,5000,3102,3267,3507,3546,-12.8877,29.8909,8.79014,47.9193
60058,3151,3253,3278,3372,3269,3452,3792,4152,3414,3733,4846,6768,3338,3984,5962,11975,24.0434,29.0482,8.54146,47.826
60059,3326,3650,4344,5487,3362,3862,5155,9292,3224,3748,4744,7134,3277,3429,3885,4365,-3.50332,31.7938,8.60678,48.1893
60060,6039,6420,4406,3540,6664,7311,4539,3516,4499,4483,3869,3440,3590,3539,3401,3146,-12.7838,-13.4471,8.59457,48.268
60061,3320,3991,6543,12056,3467,3934,4811,6023,3200,3502,3703,3953,3138,3183,3333,3367,-30.918,24.2915,8.52678,47.6827
60062,4700,8064,8531,4936,4168,4907,5112,4159,3534,3695,3722,3510,3283,3298,3371,3243,-28.0705,0.626062,8.58164,48.1553
60063,3815,3671,3375,3197,5190,4356,3608,3319,9911,5193,3805,3344,7327,4881,3764,3319,10.8162,-29.9671,8.75457,48.05
60064,3171,3353,3365,3433,3249,3521,3949,3926,3464,4169,5629,5583,3673,4703,8502,8190,23.0708,14.4281,8.54229,47.92
60065,3435,3631,3483,3203,4010,4498,3992,3565,4827,7498,5752,3916,4777,6478,5389,3919,12.9788,-4.25004,8.74121,48.2487
60066,7622,5195,3928,3314,9392,5383,3952,3317,4975,4268,3568,3319,3744,3641,3427,3069,-12.0735,-25.2496,8.7668,48.076
60067,3259,3558,4121,4256,3431,3996,5710,6139,3462,4177,6657,7350,3368,3667,4452,4862,2.75591,16.6588,8.8718,48.31
60068,3941,4692,5385,4357,4103,5881,7842,4719,3666,4332,4821,4099,3410,3547,3687,3542,-8.49354,3.95382,8.8007,48.016
60069,3133,3375,3787,3772,3233,3650,4678,5360,3399,4087,6487,8850,3319,3817,5218,6161,8.4374,19.3167,8.98966,48.2173
60070,3030,3214,3491,3587,3224,3446,3954,4279,3472,3946,5639,7233,3433,4070,6654,9198,18.3307,20.2473,8.71591,47.9133
60071,3235,3556,4063,4512,3259,3688,4758,7368,3392,3692,5229,8837,3160,3615,4260,5120,2.36263,26.8609,8.6111,47.8293
60072,5357,6959,4845,3793,5469,7608,4934,3718,4142,4400,3772,3458,3417,3529,3419,3237,-13.8463,-8.33862,8.90334,48.038
60073,3265,3436,3296,3153,3735,3804,3744,3354,4520,5163,4538,3799,5755,9758,6501,4128,29.7893,-5.60738,8.58662,47.966
60074,3165,3312,3873,4118,3233,3660,4582,6356,3306,3765,5285,9974,3312,3743,4668,6123,6.26554,26.9051,8.97545,48.3167
60075,3364,3987,5468,6725,3477,3997,6382,8220,3239,3603,4475,4986,3092,3536,3756,3654,-11.006,19.1819,8.5761,47.974
60076,6211,5021,3761,3302,9172,5969,3836,3303,5787,4479,3638,3484,3949,3735,3400,3204,-7.76597,-22.3451,8.74528,48.1673
60077,3954,4031,3686,3332,4996,6134,4236,3533,5798,7612,4664,3559,4496,4628,3844,3499,3.41311,-10.7766,8.87722,48.0013
60078,3535,3760,3624,3555,3894,4798,5061,3959,4321,6716,6871,4395,3972,4785,4946,4083,6.90369,0.648476,8.52749,48.1833
60079,5124,5725,4308,3481,6044,8151,4717,3561,4532,4993,3948,3475,3745,3745,3529,3222,-9.04722,-10.9876,8.7631,48.2
60080,3632,3534,3317,3141,4861,4167,3550,3297,8655,5781,3926,3550,8077,5600,3887,3340,13.9652,-22.6841,8.59499,48.21
60081,4168,5948,7487,5092,4013,5517,6626,4666,3514,4019,4144,3867,3301,3387,3358,3318,-16.9109,3.8532,8.51408,48.2833
60082,3272,3540,3959,4304,3361,3820,5100,6402,3420,3905,6072,8114,3422,3757,4708,5212,3.96774,20.1514,8.605,48.2453
60083,3285,3431,3774,4148,3149,3689,4545,6405,3416,3812,5202,9601,3194,3707,4562,5958,6.14387,29.3908,8.55264,47.9187
60084,3242,3408,3810,3667,3343,3940,4814,4460,3779,4660,7859,6168,3710,4385,6004,5368,10.7162,11.3498,8.53396,48.4113
60085,6060,4759,3654,3368,9722,5285,3893,3509,6030,4361,3589,3321,4094,3795,3342,3273,-7.00084,-33.0204,8.53436,48.0367
60086,3102,3153,3289,3381,3279,3417,3846,3992,3392,3761,4880,6496,3423,4025,5998,12523,24.8758,28.7431,8.96479,47.9713
60087,3505,4398,7799,9317,3542,4114,5312,6057,3232,3598,3817,4050,3045,3259,3438,3434,-22.6925,17.4715,8.6189,47.9447
60088,8385,5333,3773,3282,9258,5368,3824,3312,4882,4209,3519,3236,3574,3509,3304,3192,-13.8055,-26.3315,8.9307,47.9733
60089,3174,3436,3870,4080,3314,3659,4712,6783,3412,3722,5225,9441,3353,3671,4495,5644,4.61935,27.1171,8.61464,47.994
60090,3387,3636,4239,4840,3313,3797,4977,8278,3442,3847,4909,7987,3293,3539,4206,4605,-0.791413,33.8888,8.5536,48.1967
60091,12635,6238,3863,3367,5973,4787,3792,3306,3876,3820,3409,3280,3410,3465,3319,3132,-30.5136,-26.7692,8.9298,47.7813
60092,12398,6550,3926,3295,5951,4813,3818,3313,3912,3728,3417,3329,3483,3465,3261,3155,-33.7847,-24.0473,8.97843,47.876
60093,6699,4812,3682,3360,9991,5273,3724,3369,5591,4343,3677,3289,3869,3740,3438,3152,-8.73297,-30.0727,8.80092,48.006
60094,6306,7868,4964,3598,5507,6805,4616,3663,4094,4258,3767,3442,3441,3470,3405,3194,-17.4257,-10.6075,8.63033,48.2653
60095,6962,9879,5318,3790,5055,5406,4256,3588,3814,3790,3726,3440,3370,3378,3333,3148,-33.5111,-10.1108,8.59216,48.1687
60096,4592,4195,3648,3206,6944,5838,4090,3387,7135,6012,4023,3565,4660,4294,3503,3278,0.380151,-17.762,8.94777,48.2467
60097,4089,5388,6144,4765,4037,5985,7289,4593,3635,4195,4506,3942,3315,3486,3536,3376,-12.5044,3.13436,8.69978,48.1873
60098,3324,3640,4592,5851,3330,3817,5120,9673,3357,3610,4652,6568,3163,3433,3931,4141,-5.31896,30.3272,8.63371,48.1347
60099,3381,3529,3258,3117,3972,4061,3675,3347,5951,6285,4318,3561,7446,7923,4713,3700,18.7434,-13.7686,8.92106,48.158
60100,3253,3376,3500,3276,3611,3840,4015,3754,4110,5498,6235,4485,4194,6444,7690,5012,18.1978,2.94716,8.83604,48.1953
60101,4005,3882,3435,3202,6105,4435,3757,3308,9589,5211,3890,3409,6049,4711,3750,3361,6.6016,-33.7151,8.61981,48.066
60102,5084,8606,7806,4590,4222,5095,4936,4021,3562,3796,3734,3682,3261,3370,3489,3138,-26.656,-1.45486,8.61499,48.2613
60103,3007,3131,3391,3311,3188,3427,3854,3986,3410,3857,5060,6062,3424,4126,7091,11353,25.85,21.3891,8.93417,47.7853
60104,4754,8066,8262,4882,4209,5014,5045,4190,3514,3797,3753,3563,3253,3260,3315,3232,-25.9975,0.283189,8.79291,48.0727
60105,3201,3304,3439,3448,3423,3744,4084,4022,3618,4479,6427,5622,3697,4862,8122,6578,18.4007,11.5738,8.62899,48.0467
60106,4165,3890,3413,3150,6615,4707,3643,3345,9231,5678,3949,3341,5558,4600,3694,3363,4.63778,-22.9607,8.99681,48.228
60107,12793,6160,3949,3416,6363,4620,3795,3379,3949,3866,3345,3264,3410,3308,3104,3048,-26.5865,-30.1606,8.83567,47.846
60108,3350,4073,6665,11599,3432,3772,4874,5989,3272,3457,3782,3886,3158,3205,3463,3396,-27.7342,23.4738,8.57132,47.582
60109,3493,3908,6145,12342,3329,3845,4896,6386,3194,3453,3784,4163,3007,3156,3369,3370,-24.5718,27.4227,8.89523,47.8933
60110,5174,4768,3745,3372,7810,6681,4102,3573,5971,5306,3833,3516,4074,3873,3440,3205,-4.74072,-17.7316,8.84982,48.2953
60111,3343,3659,4664,6179,3408,3894,5325,9629,3314,3570,4492,6145,3206,3375,3793,4027,-6.77663,31.9736,8.65796,48.0153
60112,3350,3463,3280,3184,3869,3884,3555,3310,5275,5640,4141,3561,7698,9262,4958,3841,23.8289,-11.987,8.92542,48.1807
60113,3112,3319,3590,3604,3337,3606,4325,4538,3329,3983,5707,8118,3333,3909,5999,8474,15.3005,21.3474,8.71095,48.1887
60114,3102,3260,3647,3543,3211,3452,4045,4815,3329,3782,5198,8676,3412,3917,5356,9013,15.4488,28.8276,8.58783,47.8387
60115,3238,3535,4289,5013,3381,3840,4961,8828,3309,3672,4873,7792,3241,3550,4093,4550,-1.40746,27.7335,8.86951,48.11
60116,3391,3943,5173,5794,3461,4169,7099,7910,3293,3608,4888,5279,3249,3438,3763,3888,-8.16898,17.1182,8.92444,48.2307
60117,3331,3697,5049,7661,3424,3779,5279,9638,3216,3605,4068,5202,3151,3314,3631,3773,-11.7056,28.2681,8.85209,47.8787
60118,3327,3399,3244,3071,3884,3633,3433,3271,6210,4741,3855,3442,12569,6127,3888,3405,27.2942,-28.7328,8.53063,47.666
60119,9726,7801,4302,3573,6198,5359,3991,3406,4094,3835,3565,3288,3470,3321,3183,3114,-22.2824,-18.2111,8.95251,48.1507
60120,3129,3384,3770,3744,3300,3504,4352,5099,3479,3943,5605,9216,3325,3820,5220,7266,11.3271,23.5706,8.51198,48.104
60121,4142,4130,3616,3349,5709,5870,4074,3444,6895,6976,4149,3491,4813,4607,3691,3326,2.97731,-14.818,8.91528,48.188
60122,3472,3884,5768,12594,3293,3743,4654,5941,3232,3391,3747,3912,3137,3169,3540,3453,-33.3496,31.2945,8.67219,47.2867
60123,3629,4253,6236,6040,3590,4359,7510,6799,3386,3775,4591,4515,3173,3455,3554,3662,-11.9535,13.3443,8.98662,48.3513
60124,3271,3454,3804,4319,3365,3713,4635,6803,3417,3848,5020,9533,3272,3696,4509,5620,4.41432,32.1173,8.75185,48.186
60125,12184,6000,3887,3369,6784,4783,3792,3297,3886,3746,3487,3198,3286,3392,3129,3133,-24.6258,-28.8765,8.90671,47.5687
60126,3205,3346,3564,3628,3361,3664,4533,4679,3487,4169,6988,7394,3590,4163,6150,6550,12.4708,16.0245,8.73507,48.314
60127,3122,3213,3375,3535,3262,3580,4088,4236,3597,4087,5951,6855,3556,4177,6998,8615,18.0124,18.1598,8.68306,48.1647
60128,3482,3363,3192,3176,4243,3887,3514,3348,7743,4983,3798,3418,10965,5762,4026,3328,19.7946,-30.0683,8.75296,48.152
60129,4058,5366,7995,5825,3676,4879,6841,5062,3451,3850,4194,3924,3257,3420,3358,3385,-17.7997,7.63549,8.7208,48.3607
60130,3319,3595,3400,3358,3748,4052,3915,3570,4558,6915,5631,4015,4939,7187,5920,4194,15.7818,-3.25363,8.92932,48.2107
60131,3171,3365,3465,3410,3216,3532,4067,4409,3347,3772,4920,7793,3334,4024,5702,10412,19.1844,32.1491,8.52408,47.9593
60132,3569,3953,3602,3493,4185,5153,4377,3661,5007,8005,5494,3881,4450,5262,4340,3816,7.38753,-5.90565,8.73943,48.1653
60133,3123,3232,3398,3386,3320,3642,3957,4418,3418,3889,5137,8082,3356,3976,5685,9859,17.4684,33.6602,8.62184,47.9187
60134,3363,3425,3313,3170,3888,3819,3447,3229,5886,5025,4005,3403,10662,7828,4231,3499,29.9588,-18.7941,8.98044,48.1287
60135,3097,3342,3563,3607,3347,3592,4219,5060,3365,3794,5114,9595,3318,3866,5138,7634,12.1405,32.935,8.88972,47.7673
60136,3462,3312,3184,3140,3907,3832,3497,3222,5471,5208,4044,3476,9422,8392,4488,3639,28.8441,-15.6202,8.54663,47.7973
60137,3852,5743,9761,6708,3735,4228,5336,4851,3419,3626,3832,3743,3087,3201,3366,3399,-27.1613,9.378,8.6222,47.9247
60138,3818,5474,9606,6800,3726,4375,5379,5071,3316,3618,3845,3825,3263,3309,3433,3325,-33.7047,9.52481,8.58719,48.122
60139,3353,3814,4736,6543,3449,3913,5125,10027,3336,3595,4313,5759,3206,3444,3743,3784,-8.82149,32.9401,8.78206,48.0933
60140,3109,3244,3321,3209,3401,3694,3856,3733,3745,4546,5552,4627,4040,6075,9774,6239,25.9312,7.03965,8.85142,48.11
60141,11071,7232,4193,3462,5950,4991,3965,3397,4015,3866,3480,3242,3354,3292,3310,3096,-26.2592,-20.3256,8.8186,47.944
60142,3087,3209,3310,3433,3217,3399,3913,3895,3367,3792,4818,6139,3309,3974,6304,12524,29.2302,26.617,8.80811,47.7933
60143,12347,6118,3889,3357,6154,4755,3815,3350,3805,3860,3369,3198,3333,3386,3267,3176,-29.3116,-28.225,8.53455,47.4527
60144,4041,4929,5620,4357,4172,6390,7349,4640,3702,4412,4844,4003,3367,3630,3627,3563,-9.24286,2.20574,8.64829,48.4307
60145,3389,3381,3379,3174,3793,3920,3738,3368,4548,5892,4788,3840,5714,9221,6214,4103,22.9061,-6.12272,8.70998,48.308
60146,5199,4318,3521,3221,9383,5119,3770,3358,7218,4774,3649,3299,4303,3915,3427,3263,-2.96264,-33.9452,8.98786,47.8247
60147,3808,3588,3362,3175,5266,4214,3551,3339,9399,5514,4002,3453,7548,5106,3696,3299,11.531,-26.016,8.62935,48.2133
60148,3155,3279,3352,3319,3431,3683,3868,3657,3838,4741,5066,4504,4230,6718,9501,5559,28.7117,4.3961,8.8455,47.934
60149,3645,4660,7318,6222,3647,4531,7266,5842,3400,3756,4228,4152,3031,3378,3592,3556,-15.4156,11.3474,8.95384,48.1493
60150,3806,4652,5126,4279,4148,6194,7695,4672,3807,4598,5015,4086,3265,3602,3702,3465,-7.12945,2.93917,8.9849,48.0747
60151,3325,3968,5766,10135,3309,3677,5243,8227,3233,3600,3932,4374,3082,3349,3374,3474,-17.8512,27.2289,8.92585,48.0453
60152,11818,6614,3938,3329,6159,4815,3795,3349,4024,3778,3520,3129,3435,3359,3198,3178,-33.6804,-23.1721,8.6232,47.6253
60153,3326,3533,3789,3909,3377,4049,5083,4950,3580,4410,7577,6759,3380,3963,5241,5234,7.19467,13.4109,8.61304,48.1067
60154,3239,3402,3217,3193,3823,3848,3544,3337,5104,5349,4339,3674,7394,9757,5424,3687,27.93,-10.8512,8.69225,48.2207
60155,3554,3489,3227,3136,4413,4109,3591,3338,7105,6583,4239,3408,7395,6739,4354,3508,15.3544,-16.039,8.90051,48.1253
60156,3808,5487,9721,7154,3590,4235,5359,5053,3355,3647,3863,3716,3147,3255,3381,3333,-27.2337,9.95633,8.66401,48.0693
60157,3372,3403,3178,3088,3904,3746,3431,3134,6014,4779,3860,3307,12815,6132,3884,3423,29.4827,-29.0378,8.82645,47.6467
60158,3115,3238,3499,3599,3298,3585,4218,4949,3437,4008,5923,8554,3311,4023,5546,7838,13.3098,21.2545,8.80249,48.094
60159,3429,3589,3480,3374,3999,4618,4308,3559,4759,7521,6054,4103,4460,5805,5265,4011,10.9548,-3.17283,8.61659,48.2227
60160,4580,4139,3564,3121,7316,5348,3784,3301,8016,5615,3862,3367,4876,4282,3604,3296,0.92934,-21.9283,8.98618,48.0473
60161,3187,3415,3398,3202,3491,3761,3869,3627,3917,4843,5554,4444,4372,6881,9161,5443,23.9561,3.93018,8.92746,48.3767
60162,12266,6418,4004,3365,6375,4860,3746,3378,4054,3858,3539,3205,3323,3365,3188,3138,-25.2926,-26.2625,8.89371,48.0547
60163,3394,4077,6231,9331,3336,3839,5542,7759,3341,3646,4125,4228,3118,3284,3425,3507,-17.5347,22.1885,8.72944,48.122
60164,3048,3293,3441,3536,3246,3555,4037,4396,3359,3830,5210,7970,3467,3831,5709,9862,17.8106,26.8145,8.63199,47.86
60165,4064,5419,5593,4340,4251,6522,7288,4540,3724,4420,4548,3938,3342,3564,3538,3441,-10.6659,1.54054,8.95656,48.3547
60166,3079,3323,3621,3859,3330,3692,4454,5161,3475,3929,6227,8783,3443,3870,5383,6725,10.3929,20.5369,8.71431,48.236
60167,3187,3256,3360,3338,3462,3642,3814,3713,3832,4583,5242,4565,4035,6355,9844,5891,29.8611,5.97322,8.56471,48.0793
60168,2999,3289,3406,3400,3201,3468,3978,4184,3405,3989,5515,6953,3486,4271,7003,9600,20.4586,19.5373,8.6146,48.098
60169,3133,3305,3508,3323,3266,3577,3718,3936,3543,3947,5041,5537,3524,4517,8604,9659,28.9089,16.4646,8.83015,48.092
60170,3420,3405,3342,3193,3867,4086,3685,3302,5337,6662,4574,3702,6338,8428,5230,3852,18.7513,-9.40889,8.93682,48.282
60171,7167,7347,4432,3609,6501,6616,4235,3497,4217,4166,3605,3287,3549,3592,3290,3090,-16.5851,-14.3822,8.9383,48.1333
60172,11879,6700,4016,3519,6231,4962,3843,3354,3995,3830,3459,3275,3458,3401,3243,3119,-25.4625,-24.6539,8.54394,48.1893
60173,3412,3398,3254,3044,3943,3749,3483,3199,5940,4744,3745,3390,12743,6298,3881,3386,28.7571,-27.0519,8.96802,47.7393
60174,3293,3584,4167,4438,3403,3978,5797,6771,3403,3949,6070,7289,3304,3680,4275,4787,1.14534,17.9955,8.87571,48.1253
60175,3557,3878,4772,4489,3670,4635,7744,5808,3421,4338,5988,4990,3330,3632,4166,3839,-3.73004,10.6665,8.94562,48.1713
60176,11590,7184,4152,3357,5796,4810,3847,3385,3890,3735,3495,3308,3324,3343,3283,3135,-31.0318,-21.4632,8.94873,47.756
60177,3555,3460,3354,3165,4285,4075,3522,3292,7813,5610,3956,3386,9103,6300,4029,3520,16.9363,-20.9115,8.62091,48.2833
60178,3516,3390,3329,3126,4289,3932,3544,3212,7100,4993,3679,3454,10905,6193,4101,3501,20.7657,-25.4169,8.62188,48.176
60179,3368,4072,6815,11532,3429,3795,4923,6095,3269,3493,3870,3974,3131,3246,3531,3508,-33.3554,22.7285,8.51438,48.034
60180,3438,4000,6169,12090,3323,3840,4805,6584,3135,3550,3700,3975,3069,3217,3323,3411,-24.5782,26.5309,8.86136,47.7527
60181,3329,3220,3326,3223,3916,3814,3471,3264,5940,4624,3671,3400,12465,5968,3862,3441,33.2239,-33.9197,8.83809,47.2893
60182,4347,6997,9307,5467,3881,4734,5275,4321,3491,3736,3682,3613,3219,3369,3468,3240,-27.9403,3.86725,8.83432,48.098
60183,3586,3473,3277,3157,4621,4009,3485,3256,8622,5226,3907,3365,9106,5426,3889,3507,15.5582,-33.0303,8.59747,47.9413
60184,3376,3388,3361,3145,3921,3855,3616,3297,5358,5172,4008,3542,8731,8815,4719,3612,33.1596,-14.5157,8.55838,47.944
60185,7280,4838,3847,3332,9782,5146,3750,3464,5237,4276,3571,3298,3826,3661,3272,3197,-10.5944,-32.1244,8.90987,47.8513
60186,7940,5168,4024,3318,9307,5236,3851,3381,4802,4174,3517,3317,3689,3560,3318,3147,-12.786,-33.8428,8.61999,47.8327
60187,6893,4840,3774,3365,9733,5356,3898,3428,5449,4380,3555,3261,3816,3698,3393,3171,-9.74999,-33.2077,8.50744,48.0067
60188,3337,3894,5868,12577,3377,3679,4737,6118,3358,3516,3780,3885,3107,3189,3392,3431,-31.0932,30.2588,8.61418,47.4967
60189,4147,3886,3459,3200,6426,4912,3824,3213,9082,5838,3834,3448,5554,4653,3652,3265,5.05133,-22.5159,8.5797,48.262
60190,3818,3766,3377,3094,5050,4587,3850,3359,7886,6853,4093,3399,6170,5599,4012,3467,10.1619,-17.3384,8.59426,48.2533
60191,4150,4860,4735,3944,4598,7232,6351,4218,3865,5042,4807,3873,3540,3816,3806,3376,-6.60437,-1.66858,8.81849,48.142
60192,3301,3432,3408,3288,3642,3955,3786,3564,4524,5913,5236,4072,5004,8360,6788,4349,20.427,-2.75211,8.96666,48.4147
60193,4271,6748,9525,5582,3845,4582,5341,4439,3447,3569,3789,3610,3251,3387,3318,3347,-25.7168,5.08629,8.95087,48.034
60194,3724,4526,5366,4358,3909,5789,7949,4795,3737,4395,5330,4106,3385,3623,3774,3580,-7.38461,4.76596,8.97173,48.2307
60195,3753,3590,3398,3174,5246,4313,3619,3295,9753,5363,3897,3327,7317,4924,3778,3131,10.7771,-27.8541,8.58706,47.9187
60196,4649,4450,3648,3214,6992,5855,4012,3470,6874,5891,4052,3359,4527,4268,3656,3219,-0.095675,-18.1279,8.50459,48.0907
60197,3264,3604,4505,5693,3353,3863,5601,9217,3287,3612,4860,6654,3282,3499,3948,4269,-4.59877,24.2464,8.55108,48.3407
60198,3046,3341,3421,3339,3218,3421,3989,4063,3533,4074,5586,6452,3524,4284,7526,9332,21.2747,18.0833,8.87351,48.0993
60199,3264,3480,3772,3942,3385,3988,4945,5468,3503,4100,6789,7918,3337,3911,5083,5503,6.60325,17.122,8.70449,48.2587
60200,6946,4944,3836,3323,9808,5520,3855,3353,5517,4289,3632,3285,3751,3690,3324,3147,-9.79146,-26.0575,8.53159,48.1467
60201,3218,3384,3419,3479,3243,3756,4186,4223,3619,4325,6953,6262,3589,4570,7152,6739,15.9438,13.3824,8.64473,48.078
60202,3478,4147,5994,7428,3313,4067,6298,7945,3259,3609,4258,4632,3121,3263,3532,3650,-13.8555,18.6363,8.7664,47.996
60203,3483,4089,4657,4318,3671,4832,7488,5442,3589,4444,6142,4930,3429,3781,4223,3880,-2.67708,8.76809,8.54165,48.2653
60204,3555,4552,8891,8920,3549,4119,5215,5575,3315,3489,3789,3913,3121,3207,3339,3349,-27.3507,15.1524,8.64293,47.932
60205,4349,3986,3509,3206,7082,4764,3663,3328,8988,5311,3782,3314,5565,4483,3659,3243,3.75002,-28.3163,8.58399,48.1547
60206,3429,3942,5247,6076,3411,3972,6726,8595,3293,3711,4621,5267,3096,3398,3756,3860,-9.20192,18.9431,8.9925,48.2667
60207,4151,6245,9771,6076,3689,4623,5242,4671,3456,3516,3869,3759,3099,3378,3385,3328,-31.1152,6.2232,8.5304,48.172
60208,4680,4689,3909,3514,6227,7322,4394,3562,5378,5758,4080,3489,4136,4081,3664,3317,-3.44219,-12.4973,8.63425,48.1333
60209,3820,3836,3515,3299,4467,5170,4106,3545,5826,8340,4985,3673,4890,5573,4269,3664,8.28825,-9.35519,8.945,48.652
60210,9042,5407,3884,3419,8805,5101,3762,3406,4533,4120,3572,3222,3438,3538,3243,3095,-15.496,-31.9691,8.6658,47.7247
60211,3076,3301,3412,3332,3323,3664,3834,3741,3713,4346,5440,4912,3901,5739,9813,6618,25.3112,8.89901,8.86799,48.11
60212,3653,3629,3251,3067,4649,4026,3454,3196,8684,5321,3885,3420,9086,5531,3927,3283,15.3332,-25.8309,8.72601,48.0413
60213,4310,4106,3566,3245,6773,5609,3880,3426,7583,6092,3915,3389,4851,4385,3654,3359,1.6281,-18.6349,8.82895,48.0953
60214,3821,3925,3520,3328,4539,5310,4151,3671,5652,8132,4933,3694,4782,5334,4175,3565,6.61662,-8.99813,8.59063,48.3547
60215,3471,3924,5205,4935,3641,4489,7860,6520,3498,3988,5313,4905,3266,3585,3855,3840,-6.8834,12.6106,8.98304,48.1967
60216,3203,3436,4237,4362,3363,3829,5399,6529,3364,3968,6146,7943,3348,3750,4526,5029,2.96445,19.382,8.69386,48.288
60217,3176,3266,3341,3467,3410,3615,4007,4034,3703,4495,6566,5463,3831,4825,8335,6617,18.7993,10.9555,8.64671,48.1007
60218,5084,4223,3592,3141,8640,5304,3820,3366,7650,5057,3710,3351,4464,4047,3509,3317,-1.50232,-24.8018,8.70822,48.1833
60219,3326,3793,4549,4969,3480,4236,6723,7232,3472,3897,5581,5850,3211,3624,3998,4120,-3.40627,15.9228,8.64328,48.0407
60220,3158,3375,3422,3357,3141,3538,3744,3985,3463,3844,4866,5906,3389,3993,7161,11608,32.1962,21.9525,8.87027,47.9667
60221,4941,4524,3605,3370,7599,6359,3917,3422,6480,5468,3846,3441,4312,4168,3577,3205,-2.73116,-18.4194,8.93317,48.156
60222,3104,3320,3453,3499,3436,3596,3921,3843,3566,4378,6056,5451,3660,5036,8901,7043,21.0564,11.7692,8.86671,48.1753
60223,3982,3755,3311,3182,5870,4427,3658,3234,10125,5297,3802,3358,6177,4649,3661,3416,7.41129,-32.6111,8.76439,47.936
60224,7773,5214,3846,3285,9241,5590,3917,3330,5057,4319,3631,3221,3855,3458,3272,3093,-12.3551,-24.117,8.78951,48.068
60225,3365,3321,3322,3107,3869,3876,3539,3225,5403,5138,4051,3463,9054,8843,4677,3706,31.0332,-15.1045,8.67722,47.9727
60226,3292,3805,5896,12536,3415,3663,4790,5922,3283,3387,3697,3817,3181,3374,3438,3385,-32.0513,30.0888,8.86303,47.254
60227,3471,3578,3228,3136,4466,3974,3517,3241,7981,5277,3956,3311,9985,5667,3958,3417,17.489,-26.1638,8.7309,48.1087
60228,4077,4556,4384,3824,4408,7141,6212,4011,4191,5708,5029,3844,3647,3937,3920,3554,-3.51745,-2.08001,8.88832,48.2953
60229,3187,3148,3374,3378,3269,3499,3989,3725,3694,4273,5310,4926,3883,5581,10349,6872,29.4575,9.55298,8.99089,48.3047
60230,3109,3246,3530,3509,3218,3552,4074,4609,3370,3788,5108,8866,3410,3942,5336,9236,15.5633,30.5214,8.7109,47.9353
60231,3300,3430,3385,3223,3843,3963,3696,3255,5052,6046,4502,3694,6589,9207,5406,3871,21.7528,-8.94405,8.79878,48.308
60232,3937,3956,3819,3476,4792,6133,4571,3708,4917,7505,5390,3716,4220,4644,4237,3596,3.2132,-6.2356,8.70046,48.4113
60233,3413,3949,5903,12499,3466,3879,4716,6075,3237,3485,3704,3853,3144,3144,3356,3345,-28.3549,32.4775,8.58801,47.4453
60234,3572,3681,3476,3274,4436,4969,3918,3535,5807,8224,4860,3688,4993,5741,4359,3612,9.07029,-9.30775,8.87186,48.0967
60235,4298,4096,3415,3154,7083,4766,3695,3257,8940,5374,3778,3431,5256,4338,3629,3336,3.21587,-24.945,8.74241,47.8973
60236,3118,3254,3398,3456,3189,3419,3826,4373,3439,3819,4930,8154,3368,3903,5672,10512,18.1972,29.3729,8.84861,47.8867
60237,3133,3287,3407,3452,3307,3534,3919,4077,3384,3686,5013,7402,3421,3891,5957,10966,20.6736,26.3667,8.63077,47.8907
60238,5835,9819,6372,4066,4543,5359,4532,3800,3764,3829,3651,3327,3326,3397,3271,3138,-26.589,-5.74075,8.82687,48.0193
60239,3663,3688,3316,3138,5133,4540,3704,3156,8830,6220,4098,3434,6681,5305,3933,3378,10.5708,-20.4291,8.80173,48.1447
60240,4215,4872,4651,3790,4664,7631,6167,4047,4188,5128,4498,3804,3536,3773,3736,3414,-6.54252,-3.03126,8.93125,48.076
60241,3210,3225,3469,3510,3232,3607,4002,4228,3385,3969,5546,7537,3522,4109,6187,9090,17.6752,21.2078,8.57571,47.8853
60242,8191,9371,4936,3666,5359,5177,4183,3503,3782,3868,3592,3248,3330,3450,3235,3138,-29.1371,-13.0968,8.73314,48.0193
60243,3486,3327,3277,3100,4040,3817,3411,3306,5930,4889,3754,3342,12374,6541,3950,3355,32.0161,-24.5079,8.90956,47.9327
60244,3417,3497,3460,3267,3748,4231,4022,3621,4555,6698,5809,4160,4708,6793,6186,4324,15.6796,-2.09669,8.67678,48.3307
60245,3942,4065,3715,3360,5055,6267,4394,3629,5772,7408,4738,3662,4334,4620,3978,3425,2.61045,-10.3531,8.82754,48.2427
60246,3732,5051,8177,6360,3722,4585,6766,5456,3363,3649,4101,4019,3221,3305,3431,3385,-18.1082,10.4576,8.96141,48.2153
60247,4199,4632,4051,3678,5126,7505,5097,3842,4520,6224,4699,3632,4038,4153,3753,3505,-2.56685,-6.87816,8.50422,48.436
60248,3550,3681,3482,3384,4157,4985,4336,3548,5115,8264,5663,3937,4543,5421,4432,3787,8.42535,-5.92925,8.97484,48.19
60249,3209,3534,4164,4866,3366,3753,5133,8475,3375,3750,4994,8196,3138,3366,4221,4788,-0.472918,26.3635,8.98778,48.2187
60250,5057,4294,3529,3180,8607,5274,3768,3473,7529,4888,3884,3366,4584,4041,3478,3234,-2.05425,-24.9272,8.63274,48.124
60251,3412,3945,5991,11882,3255,3781,4879,6746,3208,3507,3941,4008,3141,3239,3365,3467,-23.0313,31.2784,8.67136,47.8447
60252,3356,3795,4252,4355,3586,4378,6823,5863,3507,4240,6619,5684,3417,3752,4437,4299,-0.477511,12.1983,8.50661,48.242
60253,3130,3351,3315,3279,3709,3742,3680,3445,4306,4977,4874,4240,5056,8799,7708,4584,30.0117,-1.47914,8.61557,48.13
60254,4131,5658,7822,5372,3930,5145,7014,4930,3436,3779,4196,3826,3303,3369,3476,3372,-16.8866,5.5513,8.8939,48.506
60255,8821,9012,4588,3523,5517,5155,4087,3502,3904,3856,3530,3200,3380,3478,3248,3042,-33.6934,-14.8577,8.83308,47.8953
60256,3205,3513,3724,3792,3586,3894,5138,4793,3641,4493,7798,6431,3523,4224,5466,5237,7.88517,12.1508,8.59686,48.3053
60257,4464,4082,3436,3213,7476,5106,3732,3322,8488,5452,3798,3322,4921,4404,3625,3348,1.75306,-22.7988,8.70223,48.126
60258,3420,3442,3513,3351,3884,4437,4014,3603,4620,7246,6116,4112,4640,6126,5628,4168,12.796,-2.48222,8.67915,48.2133
60259,3362,3762,4815,5692,3425,3966,6128,8974,3303,3693,4833,5893,3249,3498,3825,4167,-6.52285,20.8654,8.7826,48.39
60260,3349,3357,3197,3146,4150,3854,3393,3338,7234,5012,3883,3498,11469,5736,3876,3285,21.4359,-31.113,8.86273,47.8513
60261,3077,3290,3570,3729,3294,3606,4119,4781,3354,3978,5585,9103,3382,3887,5503,8138,13.338,24.1154,8.73514,48.264
60262,3862,3783,3388,3168,5613,4483,3731,3242,9608,5283,3840,3339,6527,4947,3692,3398,8.83928,-33.1709,8.57765,47.936
60263,10189,7999,4258,3536,5564,5161,3972,3534,3853,3777,3568,3189,3381,3513,3265,3035,-30.9649,-17.8454,8.82914,47.8627
60264,3416,3518,3362,3326,4111,4098,3809,3425,5199,7133,4906,3825,5584,7791,5108,3827,16.391,-8.154,8.54703,48.292
60265,3221,3375,3394,3258,3418,3781,3778,3511,4169,5356,5138,4063,4759,8201,8067,4701,23.7425,-0.308065,8.94794,48.1267
60266,4962,5484,4266,3531,6161,8183,4605,3666,4658,5127,3946,3540,3791,3768,3490,3198,-8.58763,-11.0518,8.71932,48.2507
60267,3410,3981,6414,7981,3435,3974,5968,7723,3269,3577,4198,4404,3106,3251,3477,3567,-15.1872,19.0176,8.91478,47.8233
60268,9465,7087,4219,3386,6720,5634,3938,3510,4128,3923,3576,3248,3498,3363,3258,3198,-20.2188,-19.3316,8.63432,48.1007
60269,3157,3372,3535,3464,3435,3813,4248,3949,3851,5091,6835,5092,4021,5396,7679,5400,16.5525,6.58605,8.59435,48.2253
60270,3338,3678,4731,6173,3314,3814,5307,9759,3317,3571,4487,6195,3136,3412,3694,3969,-7.19206,32.9431,8.74876,47.93
60271,3201,3243,3436,3422,3325,3582,3945,3983,3565,4290,6034,5992,3651,4796,8138,7854,20.1391,14.1527,8.52381,48.3047
60272,3189,3592,4118,4788,3263,3702,4960,7890,3292,3811,5202,8384,3187,3543,4234,4820,0.347539,25.5578,8.8049,47.9833
60273,3086,3287,3474,3423,3383,3765,3962,3846,3630,4388,6226,5430,3661,4913,8845,6966,20.4055,11.1198,8.77172,48.19
60274,3677,4025,4502,4050,3836,5285,7183,4724,3796,4991,6384,4547,3501,3862,4177,3819,-1.75401,4.93542,8.63089,48.2393
60275,3196,3182,3487,3442,3365,3637,4048,3875,3565,4274,5987,5631,3633,4877,8462,7444,20.9314,12.9171,8.61671,48.07
60276,3429,3778,4910,5332,3542,4258,7110,7557,3500,3873,5135,5436,3152,3499,3804,3937,-6.31532,15.9729,8.96534,48.168
60277,3322,3444,3337,3169,3821,3889,3793,3468,4879,6508,4767,3909,5706,8368,5712,4028,19.1631,-6.53845,8.63687,48.08
60278,3368,3353,3175,3102,4233,3842,3499,3221,7352,5112,3857,3462,10845,5913,4058,3372,20.0147,-33.9622,8.83811,47.8427
60279,12717,6247,3864,3241,5934,4768,3751,3279,4014,3690,3450,3196,3320,3377,3252,3202,-30.3412,-27.9287,8.89444,47.5347
60280,3525,4501,7713,8400,3429,4243,5948,6399,3283,3555,3953,4127,3034,3275,3430,3428,-19.5472,16.3436,8.95373,48.162
60281,12311,6358,3890,3323,6261,4945,3760,3305,3983,3711,3500,3272,3358,3354,3237,3088,-26.9321,-26.4344,8.73564,47.7707
60282,3110,3393,3780,4167,3315,3654,4580,6271,3347,3832,5276,9845,3234,3688,4716,5909,6.17464,26.5701,8.97167,48.078
60283,3130,3403,3323,3216,3600,3777,3852,3682,3977,4958,5206,4256,4505,7546,8883,5074,25.2818,2.07885,8.98427,48.2587
60284,3688,5396,9935,7213,3642,4232,5209,4986,3290,3589,3860,3803,3248,3262,3367,3348,-31.5138,10.5122,8.85024,48.0453
60285,3062,3350,3320,3471,3406,3572,4189,4082,3662,4284,6512,6240,3550,4625,7622,7268,17.7377,13.8213,8.54094,48.1433
60286,3923,4456,4199,3841,4343,6537,5931,4093,4225,5780,5530,4059,3839,3990,3959,3702,-1.8883,-1.09064,8.52455,48.2713
60287,6362,9640,5818,3964,4845,5070,4527,3787,3714,3778,3640,3532,3282,3403,3237,3188,-32.7712,-7.93328,8.50134,47.858
60288,3379,4015,6135,11981,3394,3746,4767,6562,3180,3496,3837,4004,3100,3368,3469,3326,-24.8255,27.9156,8.52816,47.8393
60289,3897,5370,8877,6240,3750,4523,6157,5202,3527,3682,3931,3898,3197,3336,3451,3363,-20.2616,9.0874,8.62698,48.2673
60290,3224,3243,3765,3819,3278,3574,4423,5510,3385,3862,5747,9432,3418,3775,5164,6742,10.0397,23.2979,8.87579,48.2407
60291,3217,3508,3781,4293,3290,3614,4582,6636,3380,3803,5167,9718,3304,3635,4431,5615,5.08291,30.0766,8.93612,47.9827
60292,3272,3441,3414,3272,3610,3911,3816,3493,4329,5741,5381,4245,4730,7712,7555,4611,20.8799,-0.54231,8.65748,48.3553
60293,5798,9518,6711,4225,4539,5368,4638,3826,3693,3921,3700,3510,3262,3385,3292,3235,-26.6481,-5.13847,8.60643,48.414
60294,3265,3401,3327,3244,3589,3757,3823,3495,4109,5198,5171,4167,4799,8010,7891,4762,24.0739,-0.0192488,8.62127,48.0053
60295,3144,3220,3542,3714,3303,3574,4208,5124,3360,3921,5855,9193,3284,3847,5288,7293,11.1482,22.4331,8.9045,47.9133
60296,4232,5816,6664,4609,4267,6102,6733,4595,3643,4002,4221,3781,3335,3463,3413,3381,-14.7618,2.0765,8.5247,48.1713
60297,3107,3256,3657,3581,3324,3743,4370,4558,3615,4083,6724,7697,3379,4158,6133,6854,12.7189,16.9496,8.84894,48.1593
60298,11390,7243,4149,3424,5894,4939,3962,3365,3978,3743,3508,3199,3408,3481,3235,3067,-28.2611,-21.3263,8.60476,47.99
60299,3582,4574,7856,8206,3515,4053,5948,6090,3254,3492,4010,3974,3087,3167,3506,3515,-20.308,15.4409,8.79754,47.886
60300,3048,3287,3503,3688,3323,3603,4229,5039,3406,3801,5264,9457,3400,3739,5162,7783,12.1098,30.5509,8.66236,47.8213
60301,3698,3522,3269,3112,4773,4160,3559,3299,9081,5448,3867,3397,8514,5447,3903,3348,14.0951,-25.4883,8.79887,48.2647
60302,3399,4021,5739,10693,3360,3880,5158,7786,3276,3444,3924,4169,3171,3270,3327,3409,-19.3876,32.8915,8.93157,48.0173
60303,8089,9398,4877,3558,5263,5176,4175,3576,3816,3645,3686,3322,3415,3372,3288,3171,-32.4678,-13.3206,8.62889,47.8847
60304,12228,5902,3891,3435,5720,4751,3706,3413,3784,3726,3484,3397,3396,3349,3247,3227,-32.545,-33.6798,8.97216,47.104
60305,3589,4027,4217,3867,3720,5020,6381,4571,3781,5355,6970,4563,3616,4143,4253,4000,1.2522,4.5685,8.55336,48.0487
60306,3317,3592,4731,6074,3437,3783,5441,9880,3232,3650,4568,6214,3169,3431,3868,4002,-6.78202,25.7461,8.95766,48.2593
60307,4578,7597,8753,5075,4079,4956,5069,4309,3501,3756,3798,3513,3178,3359,3272,3274,-26.5227,1.91363,8.87361,48.0447
60308,6742,5322,3824,3311,9128,5990,3873,3384,5087,4543,3596,3274,3795,3718,3392,3125,-10.4638,-21.2243,8.96287,48.0693
60309,3270,3497,3985,4414,3400,3633,4835,7303,3356,3760,5387,8947,3311,3554,4375,5318,2.76299,24.7244,8.68913,48.23
60310,3343,3379,3314,3151,3889,3820,3642,3249,4802,5384,4304,3683,7328,9937,5286,3819,29.0143,-10.4524,8.88088,48.22
60311,12566,6020,4052,3369,6233,4890,3826,3499,3926,3625,3395,3207,3371,3432,3302,3070,-26.6899,-33.2568,8.63391,47.8553
60312,3512,3951,5375,5882,3488,4294,7155,7603,3259,3770,4740,5078,3136,3456,3812,3791,-9.06475,16.3015,8.79006,48.2013
60313,6131,9147,5630,3937,4959,6135,4637,3924,3792,3998,3764,3489,3383,3385,3318,3075,-21.5989,-8.0514,8.78907,48.4693
60314,3421,3475,3366,3052,3866,3991,3631,3359,5445,6051,4381,3544,7212,8746,4796,3715,21.0383,-12.0999,8.70862,48.034
60315,3455,4196,5848,5378,3674,4526,7862,6423,3363,3827,4917,4635,3212,3598,3674,3719,-9.52442,12.5682,8.81938,48.2047
60316,3189,3393,3535,3561,3444,3743,4363,4108,3706,4873,7791,5735,3709,4733,7031,5621,14.1311,9.34366,8.80589,48.3567
60317,3310,3233,3194,3161,3990,3754,3644,3267,5290,5378,4114,3564,8291,9049,4769,3512,33.4341,-13.5054,8.65674,47.68
60318,3391,3259,3291,3155,3893,3881,3460,3153,5949,5545,4088,3499,9131,8129,4538,3606,24.0503,-16.4995,8.64599,47.9787
60319,10595,7898,4309,3455,5726,4955,3891,3487,3965,3730,3449,3195,3415,3369,3292,3046,-30.2812,-19.0802,8.95077,47.8513
60320,5285,6586,4723,3791,5682,7841,4940,3750,4136,4485,3866,3445,3477,3653,3533,3281,-12.3637,-8.90123,8.82407,48.316
60321,11618,7059,4061,3383,5866,4899,3820,3429,3995,3785,3477,3142,3420,3387,3309,3056,-31.3893,-21.7963,8.8063,47.804
60322,4553,4030,3472,3175,7523,4999,3781,3373,8563,5321,3814,3442,4954,4355,3593,3238,1.49058,-24.9185,8.68579,48.124
60323,3335,3368,3398,3135,3534,3682,3823,3637,4038,4846,5193,4293,4402,7522,8853,4892,33.4258,1.76971,8.7605,47.9673
60324,3706,4152,4030,3762,4183,5943,5821,4117,4357,6253,5993,4159,3864,4229,4263,3864,0.806007,-0.791459,8.95672,48.464
60325,3965,3939,3674,3248,5209,5870,4124,3441,6325,7715,4456,3536,4685,4746,3971,3414,3.76341,-12.4236,8.86676,48.212
60326,3366,3287,3322,3155,3725,3929,3662,3403,4553,5686,4869,3861,5713,9219,6468,4146,23.6763,-5.08499,8.64126,48.2427
60327,3173,3287,3734,3824,3258,3661,4294,5872,3381,3806,5288,9880,3285,3732,4853,6242,7.69265,32.7498,8.87599,47.7133
60328,8371,9171,4683,3644,5247,5210,4119,3596,3897,3909,3545,3239,3342,3335,3225,3250,-33.9246,-13.7702,8.61354,47.8553
60329,7557,7451,4576,3536,6342,6293,4245,3477,4097,4121,3676,3271,3537,3533,3343,3107,-17.4167,-15.5097,8.7368,48.108
60330,3924,4334,4184,3732,4422,6713,5760,4032,4272,6236,5379,3971,3783,4092,4089,3616,-1.17717,-2.44917,8.79929,48.3593
60331,3841,3817,3344,3095,5493,4302,3626,3227,10000,5264,3704,3317,6744,4821,3698,3319,9.13983,-31.3323,8.79673,47.7413
60332,9284,7930,4321,3602,6295,5497,4061,3431,3985,3897,3643,3260,3404,3491,3282,3155,-21.8694,-17.0407,8.72578,48.3587
60333,8509,9065,4860,3707,5260,5264,4128,3466,3913,3845,3535,3291,3406,3408,3260,3165,-30.7745,-13.9562,8.52141,48.0547
60334,5323,8340,6150,4313,4519,6116,5160,4017,3670,4024,3718,3586,3253,3440,3416,3282,-19.9327,-4.24358,8.65267,48.218
60335,4008,3839,3477,3109,5910,4568,3697,3317,9428,5651,3787,3241,6122,4710,3719,3337,7.28694,-23.852,8.70219,47.9467
60336,3315,3619,4818,5876,3361,3883,5778,9375,3313,3717,4751,6177,3149,3548,3714,4071,-6.36919,22.502,8.85524,48.31
60337,4597,3988,3543,3117,7835,4865,3710,3377,8546,4956,3832,3367,5037,4341,3576,3238,1.75919,-29.3062,8.56609,47.95
60338,5465,5252,4055,3492,7464,7290,4217,3501,5164,4918,3905,3281,3869,3867,3432,3193,-7.76357,-15.7309,8.94183,48.2433
60339,3244,3542,3863,3764,3556,4334,5419,4528,3804,5178,7971,5304,3588,4223,5165,4563,6.21104,7.56358,8.7502,48.0307
60340,2956,3260,3401,3356,3228,3402,3898,3906,3351,4011,4985,6119,3472,4365,7297,11060,25.614,20.6467,8.78655,48.0447
60341,4516,3959,3564,3157,7442,4782,3710,3294,8954,5036,3621,3383,5139,4335,3658,3297,2.38836,-31.8988,8.71114,47.898
60342,3275,3666,4363,5192,3406,3858,5721,8579,3315,3685,5019,6783,3141,3529,3980,4395,-3.48146,21.8933,8.62269,47.938
60343,3152,3112,3449,3364,3250,3587,3924,3831,3578,4025,5628,5267,3652,5093,9152,7840,24.5575,12.5399,8.70807,47.936
60344,4432,4864,4050,3555,5429,7935,4881,3591,4793,5999,4330,3589,3827,4067,3635,3439,-3.85788,-8.86128,8.92431,48.2773
60345,3604,3516,3281,3029,4624,4113,3525,3183,8706,5510,3827,3477,8750,5674,3914,3297,15.2054,-24.2833,8.7961,48.02
60346,3960,6024,9784,6061,3844,4534,5325,4638,3376,3729,3879,3760,3245,3334,3360,3378,-33.8325,6.98294,8.76348,48.154
60347,3371,3396,3212,3105,3924,3875,3539,3253,5734,5486,4085,3553,9115,8330,4632,3680,23.8356,-15.8981,8.67562,48.1933
60348,3660,3639,3340,3124,4627,4248,3653,3334,8061,6285,4052,3414,7370,5973,4104,3391,13.3594,-19.1854,8.69749,48.1833
60349,3371,3735,4567,5689,3352,3867,5532,9457,3240,3700,4632,6626,3167,3416,3879,4124,-5.27781,24.5276,8.8596,48.236
60350,3419,3515,3286,3115,4151,4177,3772,3443,5848,6862,4377,3644,6429,7453,4628,3623,16.3638,-11.9905,8.74347,47.828
60351,3174,3408,3800,4040,3386,3668,4947,5982,3381,4025,6377,8790,3178,3726,4851,5642,6.35249,19.4716,8.88134,48.25
60352,3083,3246,3389,3278,3272,3442,3909,3893,3448,3728,4743,6330,3413,3876,6079,12377,26.0222,32.0947,8.5352,47.6707
60353,3300,3829,5898,12761,3288,3708,4636,6052,3238,3553,3879,4002,3094,3343,3346,3292,-30.6606,28.3734,8.97106,47.4793
60354,3311,3318,3261,3190,3854,3838,3311,3290,6015,4688,3732,3449,12631,5980,3933,3392,28.381,-33.4017,8.91928,47.462
60355,3443,4022,5897,11828,3262,3818,4800,6787,3317,3343,3825,4148,3195,3286,3445,3420,-22.9495,28.985,8.73645,47.8907
60356,3462,3453,3314,3152,3987,3836,3503,3144,5418,5086,3963,3478,9529,8376,4466,3563,30.1486,-16.6414,8.6184,47.82
60357,3532,4118,5851,6161,3569,4309,7459,7208,3389,3770,4597,4613,3094,3327,3632,3687,-11.4784,14.7973,8.99407,48.2107
60358,4121,3917,3372,3200,6740,4557,3616,3377,9700,5210,3759,3416,5684,4525,3645,3382,5.08391,-27.1491,8.64199,48.1473
60359,3192,3381,3207,3140,3756,3852,3587,3355,5103,5334,4247,3595,7824,9614,5059,3806,28.0459,-11.8199,8.7856,48.0347
60360,3162,3274,3370,3400,3247,3443,3740,3904,3444,3660,4671,6042,3460,3866,6066,12421,30.7068,29.9398,8.70016,47.4467
60361,3144,3303,3529,3399,3412,3585,4093,3880,3525,4309,6431,5691,3655,4909,8452,7160,19.2605,11.9535,8.61509,48.318
60362,4836,4295,3572,3287,8449,5248,3825,3296,7737,5107,3782,3357,4524,4122,3517,3197,-1.0317,-24.5081,8.73349,48.1007
60363,4099,6750,9376,5574,3941,4694,5264,4479,3459,3711,3884,3667,3211,3226,3356,3357,-33.8442,4.43932,8.6592,48.032
60364,3051,3238,3339,3285,3270,3532,3819,3991,3387,3944,5001,5674,3444,4433,8385,10037,29.3971,17.3581,8.98435,47.8867
60365,12831,5872,3940,3384,6018,4791,3813,3409,3796,3798,3450,3356,3359,3355,3338,3097,-28.8718,-32.6528,8.66829,47.738
60366,3714,5007,9243,7176,3582,4420,5887,5397,3298,3588,3880,3879,3152,3192,3326,3264,-21.7064,11.5501,8.98426,48.0033
60367,3113,3380,3693,3771,3388,3614,4530,5287,3407,3934,6248,8861,3289,3889,5240,6437,9.45935,19.9349,8.81317,48.054
60368,4266,5276,5092,4004,4365,7218,6723,4246,3836,4723,4671,3723,3513,3732,3712,3456,-9.17565,-1.00413,8.87623,48.3707
60369,2988,3271,3415,3177,3414,3601,3868,3744,3622,4221,5173,5055,3756,5154,9780,7779,30.4548,11.6238,8.99675,48.012
60370,3319,3471,3228,3227,3806,3693,3625,3356,5154,5218,4200,3502,7931,9737,4948,3720,30.662,-12.6048,8.60649,48.09
60371,10588,7660,4266,3485,6027,5152,3898,3494,3880,3893,3545,3285,3367,3386,3190,2990,-26.5254,-19.3009,8.62813,48.0707
60372,3099,3224,3483,3453,3236,3506,3747,3895,3354,3553,4777,5910,3391,3823,6144,12644,32.6826,29.1059,8.72963,47.4927
60373,8826,9270,4778,3622,5442,5148,4164,3524,3809,3824,3609,3210,3369,3395,3137,3037,-28.124,-14.618,8.92776,48.1093
60374,3299,3668,4260,4955,3355,3789,5078,8483,3302,3757,5072,7833,3190,3532,4011,4685,-0.787579,24.986,8.82043,48.1793
60375,7292,9112,5262,3737,5215,5903,4320,3664,3882,3842,3612,3321,3383,3409,3322,3151,-22.6012,-11.5418,8.55514,48.2847
60376,3081,3200,3393,3426,3343,3493,3891,4057,3426,3943,4926,6146,3520,4142,7205,11101,26.0637,21.2576,8.60645,48.1953
60377,3168,3343,3381,3252,3380,3555,3946,3790,3816,4496,5224,4667,4015,6075,9901,6267,31.5478,6.97162,8.74082,48.184
60378,3724,3781,3363,3153,4862,4767,3818,3369,7665,7196,4224,3532,6003,5461,4035,3424,9.6841,-16.2729,8.95939,48.2513
60379,3437,3759,4183,3815,3730,4854,6219,4593,3837,5081,7410,5002,3574,4020,4516,4179,2.1915,6.01717,8.88063,48.1393
60380,3796,4688,4901,4113,4040,6495,7445,4664,3774,4589,4992,4044,3529,3718,3674,3584,-6.67392,2.1369,8.7908,48.0307
60381,8708,5386,3798,3280,9080,5096,3813,3415,4605,4023,3594,3251,3638,3411,3296,3111,-14.2403,-33.435,8.89527,47.67
60382,4207,6689,9722,5683,3936,4768,5449,4443,3369,3729,3742,3613,3174,3337,3285,3315,-26.6254,4.88301,8.86625,48.3073
60383,3324,4101,6876,11632,3351,3852,5118,6241,3209,3427,3782,4047,3126,3245,3394,3442,-24.866,22.8286,8.60996,48.1113
60384,3483,3507,3254,3149,4412,4140,3558,3268,7301,6229,4037,3393,7985,6869,4242,3377,16.1934,-17.482,8.97013,48.136
60385,3428,3488,3287,3245,3993,3701,3517,3320,5969,4877,3837,3343,11891,6713,4010,3418,29.7139,-23.2611,8.52602,48.0247
60386,3287,3464,3494,3360,3542,3915,4252,3861,4021,5667,7255,4694,4023,5587,7040,4791,14.9815,3.88956,8.90732,48.1687
60387,9187,5481,3877,3389,8614,5330,3826,3379,4488,4072,3500,3177,3608,3643,3304,3106,-15.8689,-27.4887,8.56271,47.9873
60388,3446,4229,6703,9444,3333,3843,5630,7186,3309,3583,4168,4254,3055,3239,3414,3557,-18.9852,19.8979,8.58013,48.262
60389,3190,3213,3385,3407,3291,3393,3865,4042,3308,3777,4886,6028,3373,3877,6030,12642,32.4815,28.4536,8.80696,47.8047
60390,8308,9343,4886,3650,5219,5223,4112,3606,3829,3759,3451,3420,3322,3389,3356,3109,-28.4164,-13.5047,8.68383,47.988
60391,3410,3812,6613,12298,3364,3890,4766,6159,3207,3429,3745,3846,3122,3285,3351,3425,-29.034,25.0435,8.78745,47.8147
60392,3404,3407,3302,3053,3863,3797,3402,3128,5831,4998,3807,3373,11486,7143,4136,3413,31.7358,-21.9999,8.65318,47.6953
60393,3658,4055,4554,3999,3736,5277,7007,4561,3764,5061,6483,4453,3512,3936,4217,3856,-1.53683,4.54087,8.51595,48.086
60394,11812,6935,4048,3358,5801,4902,3699,3354,3975,3922,3500,3150,3395,3369,3234,3143,-32.8203,-22.2024,8.9549,47.7313
60395,3329,3429,3328,3046,3798,3833,3677,3315,5037,5289,4285,3665,7054,9836,5444,3803,26.3506,-10.3053,8.60108,48.112
60396,3865,3620,3306,3240,5405,4367,3580,3336,9828,5231,3767,3324,7088,4867,3735,3368,10.2466,-32.6456,8.90459,47.9513
60397,12306,6026,3842,3426,6553,4791,3826,3346,4078,3692,3501,3226,3366,3307,3170,3076,-25.2007,-28.1895,8.64375,47.688
60398,3402,3680,4846,6624,3334,3786,5333,9858,3168,3641,4455,5680,3218,3374,3614,3931,-8.54889,31.2087,8.70844,47.9627
60399,4147,3894,3353,3118,6519,4467,3632,3349,9730,5248,3741,3269,5878,4397,3542,3297,5.65671,-28.7734,8.86438,47.7207
60400,6956,5950,4040,3317,8003,6464,4008,3460,4711,4479,3729,3296,3635,3647,3322,3070,-12.8388,-18.244,8.94901,48.058
60401,3542,4380,7958,9978,3397,3981,5196,5898,3304,3488,3889,3917,3104,3197,3386,3430,-25.3936,17.7215,8.79723,48.03
60402,6858,4861,3746,3382,9868,5128,3895,3367,5551,4441,3715,3255,3983,3715,3289,3137,-9.19204,-28.5023,8.55983,48.1273
60403,4584,4348,3616,3229,6584,6428,4114,3530,6591,6185,4027,3440,4431,4228,3661,3303,-0.391829,-15.7695,8.89058,48.1993
60404,5944,10038,6362,4169,4676,5059,4564,3907,3616,3860,3633,3277,3237,3412,3274,3162,-30.124,-6.27133,8.86092,48.1267
60405,4813,4434,3724,3438,6998,6664,4145,3413,6100,5768,4075,3452,4291,4153,3593,3295,-2.1901,-15.8236,8.86433,48.2373
60406,5798,5004,3752,3338,8548,6539,3997,3364,5666,4949,3844,3320,3944,3867,3380,3060,-7.22206,-19.0184,8.8089,48.2467
60407,3644,3512,3306,3059,4782,4258,3547,3304,8437,5922,4053,3392,7766,5891,3953,3391,13.6618,-20.0903,8.89827,48.1447
60408,3061,3275,3389,3488,3193,3469,3892,4113,3448,3807,4917,7171,3319,3917,6106,11423,21.6897,25.4683,8.7795,47.992
60409,3968,5672,7024,4931,4034,5519,7073,4887,3511,4072,4348,3741,3414,3485,3500,3392,-15.2884,4.64193,8.60871,48.3807
60410,3264,3322,3690,3855,3306,3757,4800,4922,3485,4315,7321,7551,3451,4034,5487,5754,8.83419,15.5261,8.96165,48.2093
60411,3428,3996,5809,8651,3370,3899,5741,8310,3312,3570,4050,4727,3078,3329,3625,3481,-15.4581,22.9121,8.71981,48.2507
60412,5941,7455,4996,3713,5594,7322,4802,3868,4096,4368,3806,3440,3447,3578,3296,3138,-15.4351,-10.0644,8.87657,48.5733
60413,3446,4190,6261,6697,3395,4183,6804,7166,3368,3634,4399,4591,3176,3406,3566,3731,-13.3054,16.1277,8.57395,48.0087
60414,3117,3201,3462,3549,3231,3643,3957,4355,3348,3948,5084,7902,3272,3860,5793,9816,17.6976,26.6122,8.65612,47.692
60415,3154,3406,3319,3361,3614,3783,3821,3564,4267,5330,5177,4101,4834,8102,7624,4632,23.119,-0.943102,8.64001,48.0593
60416,3162,3233,3388,3485,3257,3404,3822,4093,3388,3839,4982,6138,3371,4019,6890,11480,25.3603,22.9172,8.51296,47.9673
60417,6583,10012,5822,3876,4810,5274,4334,3779,3774,3802,3689,3349,3359,3327,3219,3126,-28.6997,-8.33161,8.74083,48.09
60418,4176,5295,4904,3937,4677,7453,6679,4159,3916,4748,4431,3782,3520,3605,3646,3410,-8.68715,-1.79887,8.9485,48.2253
60419,3386,3687,4302,4632,3429,4068,6392,6785,3493,4051,6052,6453,3301,3632,4209,4449,-0.700459,16.1664,8.82042,48.214
60420,3959,5160,6420,4749,3944,5665,7598,4853,3729,4163,4504,3961,3340,3523,3675,3534,-12.202,4.46013,8.76301,48.518
60421,3605,3736,3788,3486,4032,5008,4890,3928,4330,6964,6672,4256,4048,4838,4730,4009,6.14754,-0.648455,8.53328,48.2133
60422,3283,3391,3591,3671,3252,3430,4221,5083,3330,3747,5267,9543,3319,3724,5141,7911,12.3325,32.0778,8.67916,47.936
60423,12607,6244,3944,3227,6128,4654,3706,3343,3905,3715,3393,3249,3318,3398,3261,3188,-28.7955,-28.8857,8.87045,47.52
60424,3147,3337,3888,3996,3268,3572,4443,6222,3317,3804,5193,9908,3331,3691,4610,6111,6.87867,31.3498,8.60544,47.892
60425,6508,6262,4281,3485,7130,7119,4270,3442,4459,4393,3779,3444,3580,3620,3309,3096,-13.054,-15.2431,8.66173,48.118
60426,4396,4150,3528,3213,5920,5750,3998,3400,6973,6715,4187,3576,4846,4563,3766,3423,2.55845,-15.7242,8.54212,48.2693
60427,3444,3797,5397,9025,3334,3781,5312,8938,3243,3505,4112,4627,3165,3218,3421,3737,-15.1468,28.9013,8.83354,48.0373
60428,3035,3101,3394,3382,3175,3405,3845,4012,3293,3849,4828,6173,3346,3918,6224,12645,27.8869,26.6881,8.90564,47.75
60429,4138,6344,9507,5795,3837,4635,5632,4509,3462,3684,3823,3690,3176,3325,3329,3182,-23.8939,6.07203,8.71555,48.0453
60430,3680,3724,3446,3297,4516,4953,3965,3373,6010,8137,4794,3531,5035,5854,4402,3535,9.59914,-10.3388,8.90721,48.168
60431,12452,5699,3886,3379,5859,4711,3664,3422,3827,3779,3414,3317,3339,3391,3298,3291,-33.8235,-33.3074,8.99826,47.152
60432,3442,3568,3348,3124,4013,4176,3851,3525,5039,7082,4983,3755,5722,7826,5142,3883,16.6607,-7.94285,8.71296,48.3193
60433,3461,3934,5679,9929,3376,3803,5058,8384,3214,3583,3888,4420,3102,3221,3446,3534,-17.093,29.0962,8.85185,48.0213
60434,3418,3262,3209,3131,3855,3786,3599,3257,5726,5192,4080,3552,9436,8566,4404,3530,33.2109,-16.1381,8.66722,48.002
60435,3526,3946,5161,5186,3426,4350,7562,6846,3477,3908,5299,5049,3360,3442,3896,3788,-6.49817,13.9277,8.75109,48.148
60436,3332,3379,3315,3227,3664,3815,3548,3374,4746,5391,4643,3652,6170,9800,6181,3983,25.6646,-6.83359,8.85712,48.1467
60437,3822,3581,3423,3215,5090,4433,3570,3347,8631,6379,4040,3498,6655,5342,3997,3389,10.6863,-19.7993,8.52633,48.2747
60438,4855,4765,3886,3479,6702,7566,4317,3564,5365,5456,4035,3317,3993,3967,3454,3259,-4.90807,-13.7767,8.89091,47.9867
60439,9061,6911,4197,3389,7092,5800,3928,3494,4160,4025,3576,3251,3589,3352,3251,3172,-18.4602,-19.3344,8.52078,48.1653
60440,3391,3409,3346,3238,3834,4052,3650,3446,4905,6157,4867,3817,5693,8505,5773,3928,19.523,-6.9422,8.5321,48.0073
60441,3667,4570,8421,8400,3554,4086,5735,5903,3292,3579,3976,3937,3014,3245,3300,3434,-22.2797,14.92,8.87411,48.0753
60442,3607,3577,3370,3203,4131,4160,3651,3421,6558,6479,4352,3617,7184,7238,4547,3589,16.6015,-14.6073,8.62397,48.456
60443,3256,3883,5951,12809,3440,3705,4631,6138,3236,3579,3792,3876,3156,3327,3323,3393,-31.0077,29.1257,8.86324,47.6633
60444,3251,3321,3371,3305,3344,3585,3777,3842,3568,4086,5278,5062,3634,5075,9598,7691,29.668,12.0518,8.80201,47.8587
60445,3314,3476,3438,3268,3651,3844,3974,3604,4146,5815,5913,4274,4607,7110,7240,4672,18.6845,0.671122,8.72838,48.2307
60446,3119,3197,3418,3523,3169,3530,3896,4068,3311,3872,5124,6968,3363,4009,6349,11322,22.3443,25.3357,8.5334,48.1587
60447,3942,5012,6518,4924,3788,5283,7699,5185,3472,4045,4495,4007,3250,3428,3525,3623,-12.9573,6.36588,8.52036,48.1307
60448,11724,6624,4017,3325,6567,4971,3811,3367,4009,3874,3487,3235,3360,3345,3171,3004,-24.5732,-24.0853,8.7853,47.9273
60449,3303,3626,4797,5993,3336,3953,6095,9122,3265,3749,4610,5910,3226,3365,3890,3903,-7.07131,21.7135,8.66329,48.0953
60450,3319,3894,5954,11721,3455,3978,4976,6911,3327,3451,3834,4143,3015,3268,3400,3391,-22.5188,28.1078,8.61562,48.0247
60451,3201,3372,3663,3976,3262,3531,4411,5401,3414,3797,5782,9166,3302,3906,5098,6957,9.89309,22.9483,8.52531,48.1593
60452,12455,6513,4009,3423,6164,4952,3739,3362,3902,3834,3287,3271,3327,3324,3138,3128,-28.9827,-25.4217,8.87821,47.8853
60453,3534,3417,3270,3172,4062,4063,3579,3287,5764,6508,4308,3587,7231,7994,4748,3787,19.0991,-13.0935,8.67616,48.2073
60454,3066,3255,3400,3387,3336,3567,3832,3906,3498,4010,5077,5505,3506,4494,8352,9560,32.009,16.555,8.59641,47.834
60455,3071,3276,3611,3704,3248,3573,4304,5145,3459,3790,5265,9566,3342,3746,5175,7459,11.2235,33.568,8.72555,47.8227
60456,3508,3903,4345,4145,3751,4789,6981,5044,3659,4737,6715,4824,3568,3807,4295,3988,-0.73251,7.53418,8.80016,48.0393
60457,3260,3402,3382,3243,3442,3757,3838,3720,4109,5054,5384,4212,4436,7247,8429,5099,22.753,2.14854,8.70564,48.0093
60458,5735,4575,3670,3295,9883,5210,3769,3431,6553,4653,3547,3219,4118,3848,3374,3285,-5.61627,-31.7112,8.98058,48.11
60459,3479,4388,6866,7071,3593,4372,6690,6754,3370,3772,4228,4423,3081,3339,3560,3533,-15.2264,14.9998,8.57573,48.346
60460,3488,4032,5642,6133,3397,4239,7143,7544,3365,3905,4671,4871,3123,3274,3707,3718,-10.2012,16.3407,8.71505,48.168
60461,3439,3380,3467,3322,3759,4152,3922,3544,4559,6425,5714,4053,4828,7147,6338,4241,16.9478,-2.03482,8.78152,48.1933
60462,3093,3379,3582,3526,3290,3737,4257,4545,3463,4125,6571,7280,3396,4197,6443,7421,14.7504,17.1216,8.75813,48.2033
60463,3676,4675,7960,7080,3607,4379,6502,5984,3245,3727,4150,4083,3193,3282,3425,3355,-18.0589,12.7918,8.86372,48.2153
60464,3488,3956,6202,10372,3301,3843,5340,7579,3247,3485,3938,4261,3174,3197,3306,3458,-18.9772,22.9555,8.98883,48.098
60465,3515,3549,3345,3150,4428,4480,3749,3445,6693,7225,4495,3626,6258,6290,4323,3555,12.8375,-13.7933,8.86293,48.084
60466,12323,6124,3811,3390,6350,4751,3759,3431,4044,3842,3409,3242,3334,3398,3224,3068,-27.2714,-27.9476,8.79079,47.6667
60467,3433,3923,5583,9378,3364,3896,5416,8279,3178,3616,4138,4458,3077,3276,3426,3573,-16.454,24.841,8.80071,48.0093
60468,3078,3166,3407,3373,3207,3503,3820,4083,3350,3846,4985,6093,3393,3954,6774,11825,26.9351,23.3901,8.67129,47.9047
60469,5037,4777,3740,3381,7096,6932,4174,3576,5707,5504,4029,3453,4083,3966,3508,3216,-3.87976,-15.9368,8.81738,48.1193
60470,3194,3224,3331,3413,3325,3561,3817,3970,3339,3762,4886,5788,3362,4027,7129,11564,30.7658,22.1612,8.66484,47.7947
60471,3561,4335,5494,4763,3872,4962,8320,5823,3482,4113,5146,4436,3293,3578,3709,3664,-7.99542,9.32096,8.93221,48.3673
60472,8484,6452,4059,3509,7609,5861,4054,3479,4410,4152,3603,3298,3497,3456,3342,3171,-16.3943,-19.0706,8.74129,48.2907
60473,3434,3923,6069,12640,3424,3752,4721,5927,3368,3315,3697,3893,3144,3236,3343,3316,-28.8405,33.8955,8.97959,47.468
60474,11985,6746,4041,3410,6015,4824,3738,3416,3908,3874,3383,3291,3414,3378,3360,3143,-29.0337,-24.1883,8.52667,47.9507
60475,3426,3357,3313,3133,3937,3783,3521,3188,5554,5414,4073,3388,8641,8715,4611,3573,24.7091,-14.9831,8.90305,47.7513
60476,3084,3315,3339,3309,3362,3441,3774,3921,3405,3827,4728,5956,3402,3940,6020,12686,29.4578,32.9215,8.76245,47.6727
60477,3421,4010,6821,11195,3367,3797,5102,6413,3208,3504,3884,4130,3046,3183,3468,3386,-23.5634,22.6591,8.77011,47.9567
60478,3150,3266,3524,3671,3357,3607,4205,4821,3412,3913,5707,8719,3314,3895,5695,8318,14.221,22.7018,8.8853,48.3827
60479,9800,7005,4145,3455,6895,5380,3911,3521,4153,4007,3618,3064,3418,3382,3213,3073,-20.399,-20.0428,8.61793,48.0267
60480,3170,3228,3382,3418,3280,3548,3892,3987,3467,4002,5225,5761,3578,4297,7857,10067,25.6398,17.753,8.72424,48.106
60481,5298,4750,3740,3357,7726,6787,4040,3531,5940,5150,3813,3368,4137,4035,3514,3251,-4.80754,-17.525,8.74667,48.2913
60482,3349,3707,4651,5284,3432,3905,6079,8641,3363,3711,5039,6477,3220,3485,3944,4270,-4.28122,20.5696,8.62082,48.3713
60483,3350,3911,5946,12626,3321,3666,4774,6300,3357,3487,3832,3900,3155,3180,3315,3299,-27.1887,29.6373,8.84013,47.6127
60484,3329,3821,5187,8126,3394,3766,5038,9484,3270,3535,4178,4974,3066,3275,3611,3695,-12.7778,30.5014,8.93867,47.8327
60485,5596,9529,6534,4194,4557,5525,4760,3844,3692,3800,3713,3411,3252,3427,3291,3131,-24.236,-5.09518,8.93215,48.1707
60486,3323,3734,4538,5780,3284,3685,5224,9495,3276,3552,4609,6634,3166,3534,3940,4046,-5.47814,31.0201,8.60424,47.88
60487,3259,3314,3291,3235,3450,3745,3973,3768,3756,4532,5282,4555,3974,5973,9862,5975,33.702,7.20521,8.68134,47.9627
60488,3664,3608,3242,3087,4759,4352,3592,3285,7961,6345,4071,3355,7348,5990,4189,3440,13.5964,-18.7067,8.73842,48.192
60489,3197,3285,3402,3395,3369,3671,3831,3711,3709,4652,5156,4612,4091,6115,9816,5946,33.5722,6.39334,8.85002,47.972
60490,4647,6362,5617,4114,4598,7213,5942,4086,3883,4390,4224,3503,3364,3557,3543,3430,-13.0274,-2.97056,8.56234,48.3153
60491,3363,3785,5114,7527,3340,3798,5448,9347,3322,3567,4190,5190,3091,3205,3648,3761,-11.628,25.5138,8.54541,47.7973
60492,3237,3670,3716,3594,3601,4155,5167,4214,3760,5295,8235,5338,3787,4506,5549,4691,8.28298,7.04103,8.92517,48.3433
60493,3724,4250,4407,4173,3945,5638,7211,4783,3915,4904,5935,4321,3540,3910,4046,3785,-2.64771,4.07046,8.93412,48.3247
60494,3259,3374,3329,3166,3586,3813,3663,3417,4451,5390,4712,3791,5570,9488,6787,4197,25.6902,-4.73672,8.89031,47.9953
60495,8076,6178,4115,3527,7707,5906,4108,3489,4459,4105,3602,3370,3599,3568,3306,3182,-15.8572,-19.2774,8.57884,48.198
60496,3725,3777,3565,3272,4651,5258,3978,3460,6188,8033,4651,3487,5076,5402,4079,3638,7.59132,-11.2513,8.86862,48.16
60497,3349,3415,3346,3201,3609,3836,3836,3654,4118,5474,5673,4333,4675,7257,7749,4763,21.0534,0.575771,8.80507,48.192
60498,5639,7057,4829,3624,5628,7384,4803,3788,4158,4365,3853,3470,3387,3509,3343,3209,-14.2851,-9.41873,8.57012,48.0307
60499,3535,4195,6374,7257,3476,4043,6284,7386,3393,3577,4287,4561,3149,3349,3670,3565,-14.8497,17.5354,8.5238,48.0673
60500,6853,9393,5372,3869,5090,5837,4409,3572,3781,3934,3606,3521,3413,3442,3332,3128,-22.94,-10.169,8.62318,48.368
60501,3394,3679,3836,3704,3720,4549,5452,4390,3897,5547,7821,5002,3770,4376,4944,4256,5.71654,5.28039,8.62345,48.2247
60502,4684,5382,4347,3617,5515,8060,5205,3636,4494,5173,4067,3560,3727,3841,3558,3265,-7.61726,-8.21847,8.60236,48.0873
60503,5606,5792,4110,3590,6845,7724,4279,3582,4687,4897,3846,3411,3729,3743,3369,3294,-9.67804,-13.5563,8.84934,48.336
60504,12137,5972,3834,3378,6573,4945,3763,3343,4115,3942,3466,3274,3408,3379,3291,3069,-24.3045,-28.6203,8.92632,47.926
60505,3710,3968,3803,3581,4233,5386,4823,3919,4517,7213,6136,4055,4058,4640,4429,3860,4.64183,-2.21785,8.63367,48.2207
60506,7344,5007,3817,3362,9723,5533,3828,3326,5281,4254,3510,3348,3849,3577,3324,3112,-10.5882,-25.0659,8.94808,48.13
60507,10619,7854,4325,3494,5913,5089,4001,3559,3875,3790,3477,3222,3388,3292,3167,3092,-26.4887,-18.8446,8.97785,48.1047
60508,5993,4523,3621,3225,9583,5135,3780,3417,6495,4624,3632,3347,4233,3794,3442,3227,-5.84804,-29.556,8.77818,48.0473
60509,4204,3833,3357,3247,6542,4695,3697,3312,9539,5120,3791,3280,5659,4520,3742,3229,5.24661,-33.592,8.63238,47.8447
60510,3428,3441,3283,3149,3923,3752,3432,3255,6010,4706,3740,3338,12443,5828,3836,3406,32.3976,-30.2841,8.64436,47.3133
60511,3178,3522,4041,4570,3287,3742,4860,7895,3308,3768,5051,8711,3178,3642,4261,4942,1.36409,27.3768,8.87879,47.9707
60512,4650,4318,3645,3227,7157,5702,3855,3374,7187,5810,3885,3331,4845,4237,3700,3371,0.320598,-19.0318,8.72509,48.196
60513,3046,3220,3348,3451,3231,3543,3805,3844,3534,4002,5053,5675,3493,4468,8280,9969,28.1014,17.3335,8.97428,47.9747
60514,4154,6050,7348,5026,3975,5698,6645,4603,3638,3939,4221,3669,3205,3566,3475,3278,-16.5337,3.033,8.87985,48.3267
60515,3599,3564,3346,3141,4669,4065,3648,3302,8997,5186,3820,3355,8917,5342,3792,3288,14.6616,-30.0737,8.7556,48.0207
60516,5421,4698,3667,3318,8318,6238,3821,3565,6191,5096,3834,3327,4291,3973,3451,3173,-4.88525,-20.1063,8.50101,48.2547
60517,3194,3302,3510,3339,3385,3663,3740,3702,3911,4584,5320,4411,4079,6548,9612,5596,33.0145,5.09839,8.72469,47.9307
60518,12690,5810,3833,3233,5993,4696,3789,3312,3934,3784,3297,3307,3487,3375,3340,3128,-32.4412,-30.4194,8.92097,47.3387
60519,5586,9322,6666,4309,4453,5232,4765,3886,3623,3856,3691,3447,3189,3471,3339,3235,-27.0892,-4.56439,8.58678,48.0467
60520,3353,3718,4695,6390,3253,3828,5147,9964,3324,3633,4467,6069,3185,3401,3769,3897,-7.31613,29.3296,8.72016,48.062
60521,3179,3439,3818,4279,3372,3733,4770,6721,3379,3758,5687,9059,3357,3736,4473,5729,4.83609,23.7116,8.55342,48.326
60522,4956,8251,7186,4477,4282,5636,5163,4046,3613,3891,3797,3548,3230,3402,3330,3255,-21.8713,-2.0614,8.92224,48.042
60523,3499,3393,3160,3167,3799,3875,3462,3229,5930,4685,3768,3455,12446,5926,3890,3354,31.1194,-30.6868,8.57887,47.3587
60524,3382,3995,5887,9509,3430,3950,5357,8439,3269,3437,3877,4425,3063,3322,3476,3562,-16.6045,25.3506,8.69501,48.2533
60525,3068,3203,3426,3428,3285,3527,3866,3860,3339,3714,4798,5932,3354,4066,6744,12012,29.4066,23.6666,8.58105,47.748
60526,3554,3448,3240,3092,4413,3978,3370,3213,8185,5023,3843,3355,10213,5482,3902,3402,17.5276,-31.0729,8.87138,47.8087
60527,3150,3286,3530,3568,3195,3624,4230,4924,3341,3767,5524,9197,3376,3755,5329,8291,13.4856,25.8004,8.9644,48.058
60528,3528,3988,5981,7083,3463,4107,6441,8116,3324,3781,4246,4736,3013,3309,3605,3661,-12.674,18.5546,8.73758,48.2547
60529,3545,3755,3598,3154,4188,4762,4034,3592,5237,8057,5276,3923,4818,6084,4644,3728,10.2772,-7.07743,8.68205,48.2633
60530,3498,4117,5273,5330,3613,4297,7399,6941,3448,3878,5032,4984,3237,3473,3835,3854,-7.40139,14.2677,8.63686,48.1393
60531,6739,10086,5761,3872,4778,5233,4387,3767,3798,3762,3593,3452,3259,3318,3252,3163,-27.9359,-8.80375,8.71338,48.1467
60532,3539,4640,8064,8277,3536,4146,6035,6062,3303,3601,3942,4077,3052,3297,3452,3378,-20.206,15.281,8.81583,48.2673
60533,4557,6001,5117,4018,4789,7565,5898,4006,3964,4583,4141,3602,3465,3627,3487,3284,-11.666,-3.81279,8.54659,48.0693
60534,3247,3307,3445,3564,3320,3595,3955,4135,3518,4229,6020,6217,3434,4469,7708,7891,18.9074,15.3421,8.60215,48.036
60535,4062,5000,5093,4106,4372,7030,6936,4234,3890,4600,4709,4000,3519,3656,3681,3371,-8.18671,-0.0362324,8.65642,48.1727
60536,3580,4278,7016,8655,3443,4156,5827,6917,3355,3542,4145,4160,3102,3155,3385,3533,-18.3617,18.0235,8.70377,48.166
60537,3130,3322,3477,3461,3491,3622,3966,3956,3694,4502,6412,5235,3797,5050,8516,6439,19.5509,9.78016,8.59326,48.0467
60538,3457,4030,6683,11941,3215,3862,4992,5933,3304,3451,3680,3935,3249,3218,3524,3467,-32.4004,23.339,8.84834,47.9607
60539,3347,3881,5917,11904,3364,3748,4978,7118,3173,3470,3705,4084,3055,3332,3361,3350,-22.3211,30.4071,8.85686,47.858
60540,3120,3301,3431,3443,3209,3460,4009,4295,3295,3755,5121,8274,3394,3988,5607,9876,17.4627,33.4208,8.62553,47.7187
60541,10900,7720,4218,3451,5883,4971,3887,3381,3932,3803,3381,3248,3436,3306,3234,3155,-31.9773,-19.8626,8.94773,47.9373
60542,4359,3990,3534,3230,6449,4897,3687,3465,8648,5862,3837,3397,5413,4490,3680,3278,4.07413,-21.7132,8.64347,48.144
60543,3939,5668,9463,6001,3876,4616,5856,4851,3351,3729,3952,3741,3151,3353,3465,3255,-22.4518,7.65833,8.94334,48.178
60544,4125,6641,9425,5707,3832,4678,5219,4570,3446,3850,3846,3721,3232,3427,3321,3238,-30.4792,5.57507,8.78434,48.1853
60545,3868,3955,3542,3282,5161,5567,4188,3463,6213,7933,4599,3490,4722,4886,3943,3478,4.96925,-11.9452,8.99793,48.1933
60546,7128,9825,5445,3758,5210,5438,4181,3679,3820,3812,3509,3271,3324,3391,3123,3036,-26.1325,-10.3407,8.85687,47.9667
60547,3856,4861,5643,4610,3927,5685,8192,4916,3563,4270,4789,4024,3281,3533,3689,3571,-9.64217,5.31732,8.99894,48.2733
60548,4192,5673,5453,4260,4340,6890,6582,4268,3809,4587,4362,3781,3355,3608,3552,3376,-11.2815,-0.781016,8.54921,48.0587
60549,12024,6114,3935,3360,6700,4789,3796,3322,3989,3840,3461,3202,3352,3361,3170,3002,-23.7535,-28.6161,8.74042,47.6113
60550,3909,5882,9858,6669,3731,4374,5042,4738,3493,3722,3858,3729,3116,3292,3345,3360,-30.3455,8.60955,8.81748,48.0787
60551,3163,3310,3498,3497,3244,3571,4135,4344,3347,4034,6431,7255,3592,4212,6763,7833,16.3132,17.3703,8.82809,48.1527
60552,3579,4224,6576,5995,3665,4502,7617,6524,3384,3819,4293,4466,3155,3339,3647,3546,-13.0021,13.1363,8.86586,48.2207
60553,6902,9649,5244,3755,5084,5858,4406,3631,3809,3893,3571,3436,3235,3374,3327,3085,-23.3086,-10.173,8.88322,48.1727
60554,11632,7145,4114,3500,5923,4947,3818,3436,3872,3772,3479,3229,3367,3398,3221,3178,-28.6597,-21.8756,8.74157,48.0207
60555,3395,3384,3246,3133,3930,3773,3397,3264,6030,4746,3722,3286,12040,6427,3970,3366,31.0922,-25.4645,8.54416,47.406
60556,3286,3621,4453,5388,3418,3687,5076,9422,3353,3801,4747,7139,3174,3548,3860,4158,-3.65931,29.6208,8.58793,48.0873
60557,3163,3273,3460,3479,3359,3476,3988,3880,3506,4139,5510,5650,3545,4573,8541,8659,23.6903,15.2882,8.52031,48.134
60558,3411,3462,3006,3153,3920,3741,3401,3295,5998,4756,3758,3357,12637,6126,3797,3264,27.9585,-30.2765,8.78644,47.388
60559,3028,3313,3341,3312,3362,3691,3843,3799,3706,4365,5141,5101,3757,5419,9893,7062,27.8784,10.2721,8.52705,48.0887
60560,3476,3705,4890,7063,3407,3760,5217,9822,3242,3608,4222,5428,3196,3373,3701,3777,-9.99212,28.976,8.50231,47.9247
60561,3694,4524,5830,4966,3725,4848,8108,5779,3483,4044,4948,4340,3308,3388,3722,3670,-9.38825,9.15594,8.65974,48.2513
60562,3162,3413,3510,3605,3481,3824,4512,4383,3571,4698,7747,6125,3604,4562,6469,5779,12.8351,11.4689,8.80285,48.2967
60563,3270,3646,4424,5373,3362,3780,5006,9190,3271,3681,4612,7217,3158,3425,3924,4431,-3.49254,30.91,8.50305,47.8467
60564,7082,5416,3916,3310,9159,5861,3898,3391,5204,4467,3690,3282,3791,3590,3367,3062,-10.7165,-22.103,8.52079,48.324
60565,3268,3712,4481,5617,3334,3789,5178,9494,3305,3707,4603,7001,3222,3406,3996,4172,-4.05894,27.1546,8.69089,48.19
60566,6563,9930,5547,3976,4911,5341,4364,3766,3746,3736,3620,3442,3364,3445,3186,3201,-33.0079,-9.02462,8.63189,48.092
60567,3359,3336,3347,3158,3862,3878,3561,3390,4911,5519,4435,3635,6551,9549,5579,3923,24.5255,-9.16207,8.71223,47.9953
60568,3757,3991,3596,3352,4603,5648,4192,3599,5369,7872,5060,3818,4473,4943,4237,3558,5.56624,-8.17934,8.79233,48.0453
60569,3254,3466,4102,4777,3364,3710,4940,7897,3368,3772,5110,8467,3255,3588,4216,4869,0.677127,27.4318,8.51399,48.1033
60570,3217,3216,3400,3405,3243,3491,3907,3932,3362,3718,4946,6896,3406,3905,5888,11753,22.9158,31.0144,8.78262,47.79
60571,3729,3557,3291,3076,4509,4141,3645,3213,8546,5916,3932,3440,7835,5801,4078,3294,14.0595,-20.6779,8.98962,48.002
60572,4120,4466,3836,3552,4868,7327,4972,3740,4793,6805,4832,3718,3898,4249,3874,3501,-1.12873,-6.94431,8.74385,48.3673
60573,3211,3292,3400,3200,3419,3672,3797,3518,4146,5095,5149,4259,4604,7766,8489,4990,25.0034,1.03794,8.94724,48.0047
60574,3466,3753,3909,3516,3979,5016,5397,4056,4202,6508,7035,4263,3851,4676,4734,4003,5.16758,0.988709,8.94733,48.2427
60575,3409,3876,5873,12706,3270,3737,4753,6072,3358,3500,3723,3909,3170,3252,3428,3371,-32.6242,29.0214,8.6973,47.6047
60576,3319,3926,5964,12547,3348,3768,4691,5939,3262,3390,3828,3796,3141,3232,3340,3332,-27.9045,33.4394,8.77775,47.2153
60577,3238,3369,3475,3335,3568,3806,4037,3739,4119,5497,6201,4481,4335,6488,7780,4936,18.3862,2.35421,8.7677,48.2693
60578,4527,7496,9106,5001,3975,4805,4992,4214,3577,3652,3736,3624,3248,3406,3371,3359,-30.3771,2.12346,8.60234,48.0593
60579,3300,3508,3869,3730,3451,3921,5127,4933,3627,4521,7757,6481,3446,4184,5190,5249,7.46203,12.4025,8.52414,48.196
60580,3641,3927,4232,3886,3724,4960,6622,4644,3798,4996,7094,4718,3604,3968,4391,3925,0.630976,5.69283,8.70825,48.0867
60581,12161,5966,3897,3429,6355,4753,3829,3425,3995,3742,3441,3237,3371,3401,3180,3173,-24.9827,-30.065,8.78595,47.57
60582,3326,3582,4238,4783,3352,3762,5030,8281,3271,3725,5085,8158,3243,3612,3990,4713,-0.159151,25.9867,8.88776,48.1007
60583,3141,3215,3296,3389,3264,3590,3776,3845,3693,4240,5174,4952,3795,5181,9977,7331,32.9672,10.7701,8.89106,47.906
60584,8711,7004,4294,3475,6693,5772,4113,3428,4344,3895,3587,3343,3409,3532,3251,3085,-18.6737,-18.2626,8.79458,47.9573
60585,3104,3201,3385,3520,3207,3383,3820,3980,3420,3776,5195,6700,3557,4136,6841,10965,22.571,21.9186,8.96978,48.1267
60586,3541,4050,4278,3927,3857,5183,6420,4465,3767,5331,6660,4566,3709,4028,4423,4027,0.383231,4.06478,8.82736,48.1547
60587,4819,4152,3586,3192,8485,4982,3837,3348,8065,4897,3740,3349,4519,4105,3428,3203,-0.738561,-32.7217,8.90969,47.8047
60588,3622,4218,6123,5666,3557,4554,7647,6557,3471,3780,4559,4411,3292,3391,3624,3685,-11.5294,12.8104,8.59385,48.1047
60589,3176,3341,3534,3529,3230,3550,4212,4813,3431,3860,5506,8950,3350,3899,5557,8411,14.1985,24.2823,8.69929,48.2327
60590,3301,3562,4243,4419,3294,3758,4879,7644,3304,3866,5337,8780,3108,3498,4259,5032,1.98341,25.9755,8.86845,48.1893
60591,3207,3447,3824,4217,3293,3734,4704,6944,3315,3708,5077,9625,3382,3586,4345,5371,3.96451,32.6182,8.91636,47.8527
60592,3778,3667,3414,3164,4921,4878,3718,3391,7654,6887,4161,3458,6074,5443,4050,3377,10.049,-16.9261,8.68837,48.0233
60593,4448,4961,4158,3655,5184,7928,5091,3690,4493,5778,4389,3658,3729,3998,3684,3367,-4.45096,-7.14949,8.92828,48.1407
60594,3469,3503,3284,3174,4194,3922,3582,3207,6872,5324,3870,3412,10132,6711,4166,3397,20.9718,-21.3154,8.53552,48.146
60595,4987,4249,3517,3273,8543,4941,3867,3327,7812,4777,3682,3302,4571,4159,3502,3261,-0.904588,-31.4662,8.67747,47.8467
60596,5640,4981,3767,3332,8363,6686,3976,3430,5663,4945,3772,3393,3984,3873,3338,3236,-6.7283,-18.4157,8.97165,48.2527
60597,3516,3409,3313,3029,4373,4008,3566,3417,7462,5912,3965,3446,8800,6384,4048,3543,17.0904,-19.8554,8.78999,48.1273
60598,4944,4507,3756,3364,7667,6245,4147,3519,6466,5430,3879,3410,4189,3997,3515,3375,-2.60173,-18.2219,8.76875,48.2733
60599,4416,7039,9318,5367,3973,4610,5104,4404,3516,3753,3814,3549,3141,3286,3347,3327,-30.9845,3.23411,8.86212,47.976
60600,3528,3784,4248,4057,3549,4485,6565,5168,3607,4554,7181,5442,3437,3817,4457,4305,1.14374,10.1939,8.58513,48.1227
60601,4191,5786,6856,4886,4125,5813,6902,4722,3601,3986,4244,3786,3279,3425,3435,3447,-14.9068,3.21936,8.59007,48.3227
60602,3415,3362,3260,3094,4027,3850,3387,3283,6753,4849,3842,3273,12142,6223,3851,3369,24.5719,-26.5194,8.94703,47.9867
60603,3011,3196,3326,3462,3230,3492,3884,4049,3385,3984,4882,6703,3400,3999,6304,11659,22.8114,26.6033,8.58639,47.9773
60604,4016,6376,9736,5888,3804,4549,5420,4500,3402,3752,3813,3573,3149,3259,3414,3349,-25.6605,6.31941,8.90956,48
60605,4934,7977,6665,4374,4485,6067,5497,3922,3678,4001,3741,3482,3282,3522,3298,3187,-19.3516,-3.09183,8.97629,48.0747
60606,3652,3694,3619,3378,4054,4937,4533,3687,4715,7641,6080,4046,4268,5302,4699,3884,7.89722,-3.23281,8.85778,48.126
60607,3431,3324,3322,3180,3885,3644,3439,3282,5803,4628,3768,3457,12343,6028,3913,3471,30.5437,-33.4827,8.66263,47.2787
60608,3510,4158,5511,5196,3595,4546,7790,6385,3424,3900,4906,4606,3333,3584,3816,3842,-8.82558,12.1363,8.51704,48.068
60609,3298,3446,3373,3279,3854,4253,3901,3626,4564,6751,5619,4095,4872,7148,5902,4307,15.8671,-3.33031,8.79352,48.192
60610,9378,8587,4528,3574,5568,5203,4016,3561,3900,3909,3449,3266,3358,3314,3322,3152,-25.9688,-16.579,8.7019,48.0567
60611,4132,3838,3510,3185,5715,5059,3822,3373,8011,6720,4127,3412,5326,4729,3835,3456,5.24973,-17.6917,8.80482,48.1667
60612,3093,3171,3461,3416,3262,3439,3901,4037,3343,3932,4902,6976,3375,3876,5968,11678,22.3897,26.8082,8.69138,47.8867
60613,3542,3508,3231,3088,4079,4020,3540,3374,6155,5799,4057,3523,8437,7855,4517,3609,20.2839,-15.9894,8.8023,48.2227
60614,3913,4496,4152,3774,4328,6503,6124,4022,4060,5959,5609,4001,3702,4098,4072,3730,-1.36055,-1.31767,8.8573,48.362
60615,7276,9703,5553,3916,4809,5335,4309,3560,3801,3850,3600,3386,3376,3323,3242,3078,-27.4955,-10.5019,8.52549,48.078
60616,5067,5226,4023,3416,6571,7835,4461,3583,4965,5168,3855,3303,3856,3913,3621,3244,-6.66439,-12.9933,8.80204,48.0713
60617,3386,3429,3299,3063,4180,3895,3451,3228,7117,5126,3887,3425,11157,6007,3877,3315,21.4482,-26.1888,8.56158,47.8947
60618,4186,3871,3475,3188,6532,4605,3714,3425,9459,5378,3733,3337,5783,4588,3764,3200,5.46282,-26.9737,8.58149,48.1587
60619,4533,7797,8411,5076,3988,4936,4959,4274,3644,3717,3784,3543,3279,3369,3395,3219,-31.4904,0.993096,8.63305,47.9493
60620,3051,3205,3374,3494,3285,3508,3868,4006,3522,3994,5486,6147,3474,4501,7911,9002,22.0516,16.7819,8.96026,47.8853
60621,3239,3580,4219,5036,3362,3750,5084,8718,3368,3633,4707,7804,3237,3616,4000,4588,-1.71296,29.592,8.76937,47.9607
60622,3450,3291,3235,3083,4203,3871,3446,3229,7658,4940,3909,3259,10684,5834,3959,3483,19.943,-26.9813,8.50222,47.6893
60623,3389,4038,6862,10206,3427,4005,5265,6660,3250,3573,3931,4113,3070,3141,3485,3411,-21.6011,20.5616,8.67931,47.884
60624,5194,8912,7392,4390,4268,5081,4758,3971,3629,3693,3680,3571,3290,3387,3358,3271,-30.6478,-2.51122,8.50806,47.8967
60625,3329,3435,3333,3048,3848,3881,3572,3315,5007,5463,4285,3627,7686,9812,5344,3686,27.283,-11.1791,8.7277,48.4473
60626,3122,3625,3996,4119,3366,3873,5396,5803,3449,4194,6912,7517,3362,3864,4859,5167,5.04385,16.3971,8.75872,48.416
60627,3041,3246,3304,3367,3140,3551,3846,4248,3323,3739,4918,7531,3360,3947,5812,11226,20.4634,28.3368,8.9938,47.7327
60628,5118,4283,3511,3356,9038,4968,3873,3327,7576,4776,3740,3335,4466,4033,3497,3179,-2.15609,-29.6589,8.90938,48.0507
60629,3200,3258,3506,3550,3281,3655,4037,4386,3476,3994,6054,7426,3455,4295,6463,8085,16.1838,18.6696,8.74685,48.0807
60630,4462,7768,8641,4825,4010,4732,4980,4287,3612,3836,3809,3574,3216,3403,3418,3342,-33.8904,1.44774,8.73788,47.9433
60631,3921,6463,9956,5938,3853,4589,5149,4579,3407,3694,3890,3664,3189,3291,3302,3179,-30.4656,5.72229,8.951,48.0427
60632,3194,3510,3690,3770,3295,3686,4830,4921,3598,4140,7244,7632,3387,4034,5399,5883,9.44009,16.1518,8.84437,48.142
60633,3173,3239,3487,3420,3318,3693,3915,3835,3642,4594,6154,5253,3758,5157,8981,6541,20.9204,10.2236,8.87275,48.1067
60634,3586,3562,3441,3168,4499,4596,3861,3388,7072,7252,4443,3568,6147,6084,4243,3574,11.944,-14.6957,8.79217,48.3227
60635,3439,4257,7764,10492,3333,3972,4928,5790,3305,3555,3790,3962,3242,3314,3385,3423,-32.3969,18.8946,8.65297,47.9673
60636,4201,3956,3465,3209,6897,4534,3702,3378,9690,5100,3760,3365,5596,4366,3695,3306,4.39998,-29.338,8.9431,48.1467
60637,5293,9004,6679,4235,4554,5814,4880,4158,3698,3740,3743,3403,3276,3374,3276,3196,-23.1276,-4.25963,8.67885,48.2153
60638,5321,6832,5049,3868,5214,7692,5014,3752,4003,4365,3878,3495,3531,3536,3326,3303,-13.7334,-7.44076,8.6237,48.1193
60639,5714,9687,6767,4243,4414,5283,4550,3843,3626,3933,3766,3486,3369,3401,3227,3181,-27.0001,-4.85204,8.93111,48.3267
60640,8762,6877,4246,3429,6988,5709,4095,3398,4325,4136,3590,3306,3381,3491,3213,3093,-18.7598,-18.5374,8.74828,48.026
60641,3147,3543,3895,3976,3334,3790,5092,5590,3439,4108,6807,7950,3369,3816,4912,5312,5.78634,17.1593,8.68626,48.0533
60642,3361,3872,5628,10496,3383,3859,5012,8124,3213,3487,4085,4342,3077,3248,3451,3515,-18.0689,28.7926,8.95441,48.102
60643,3494,4287,7522,9894,3346,3951,5359,6158,3349,3564,3900,4013,3059,3279,3357,3360,-22.611,18.5709,8.90314,47.928
60644,3623,3914,4255,3938,3809,4995,6574,4593,3734,5138,7171,4838,3484,3965,4442,4016,0.869955,5.645,8.57032,48.326
60645,3381,3466,3614,3520,3529,3851,4583,4184,3760,5017,7860,5460,3689,4696,6779,5314,13.0353,8.8683,8.53631,48.4687
60646,3347,3321,3416,3223,3724,3818,3593,3506,4748,5127,4404,3832,6338,10009,5989,3995,31.5417,-7.62487,8.90111,48.26
60647,7459,5833,3988,3512,8307,6442,4109,3373,4755,4258,3497,3295,3676,3649,3385,3127,-12.929,-19.3027,8.87767,48.4433
60648,7530,5042,3649,3349,9636,5102,3705,3289,5193,4151,3635,3228,3779,3656,3429,3227,-11.2441,-29.6491,8.52924,47.7333
60649,3312,3809,5540,9560,3420,3835,5302,8693,3224,3511,3958,4404,3128,3232,3531,3516,-16.3483,26.8708,8.91454,47.9833
60650,3209,3350,3642,3554,3423,3791,4448,4366,3510,4516,7312,6138,3571,4533,6720,5974,13.673,11.8977,8.76025,48.038
60651,3361,3303,3267,3051,3818,3788,3609,3266,5399,5100,3980,3582,9098,8864,4611,3611,29.6822,-15.3097,8.76813,47.8053
60652,3191,3287,3347,3374,3256,3443,3805,4098,3335,3806,4975,7102,3416,3956,5852,11417,21.6219,30.8629,8.56429,47.7733
60653,4043,3848,3344,3110,5961,4776,3812,3410,8597,6215,4105,3496,5754,4800,3742,3413,6.61558,-20.3282,8.67378,48.284
60654,8704,8606,4554,3547,5640,5521,4083,3543,3949,3945,3586,3300,3267,3497,3321,3047,-23.5741,-15.2766,8.6264,48.0733
60655,8449,5150,3924,3358,8937,5338,3832,3356,4620,4135,3611,3289,3547,3606,3386,3097,-13.8646,-33.1115,8.53005,47.7567
60656,3122,3155,3392,3381,3296,3353,3717,3975,3351,3820,4816,5947,3353,3851,6479,12475,32.0428,25.0644,8.91303,47.6553
60657,3456,3877,4068,3815,3750,4690,6038,4526,3874,5522,7360,4889,3725,4336,4700,4124,3.5267,5.17386,8.64302,48.5
60658,6033,4545,3705,3349,9690,5230,3727,3354,6340,4556,3645,3321,4029,3934,3277,3174,-6.24772,-30.0558,8.69799,47.9393
60659,5324,5488,4292,3620,6317,7926,4619,3640,4574,4932,3877,3475,3815,3774,3432,3233,-9.12777,-11.9172,8.54343,48.2253
60660,4300,3961,3508,3144,6413,5212,3756,3348,7899,6473,3916,3519,5100,4498,3746,3329,3.54982,-18.5537,8.68142,48.0813
60661,3478,3513,3236,3170,4243,4238,3708,3381,6367,6529,4332,3567,7081,7091,4541,3604,16.152,-14.3519,8.5112,48.0527
60662,3274,3456,3225,3083,3873,3943,3566,3194,5179,5234,4079,3494,8607,9055,4788,3579,33.5407,-14.1317,8.94264,47.7527
60663,3410,3371,3295,3183,4279,3953,3587,3211,7594,5195,3849,3349,10449,6023,3910,3336,19.5751,-24.8536,8.84462,47.996
60664,3550,3400,3229,3093,4185,4064,3536,3113,7020,5674,3988,3605,9607,7005,4111,3407,19.3926,-19.5379,8.96998,48.3913
60665,3355,3498,3253,3125,4056,3984,3532,3383,6078,6358,4163,3596,7725,7968,4695,3551,18.9658,-14.1532,8.98688,48.2133
60666,3102,3273,3371,3419,3251,3581,3846,3902,3570,3970,5195,5743,3548,4375,8281,9813,26.0408,17.0847,8.66459,48.16
60667,3438,4063,5925,11703,3244,3782,4870,6766,3332,3492,3881,3995,3183,3153,3416,3380,-22.7782,33.9625,8.62289,47.7487
60668,3337,3296,3116,3251,4035,3789,3416,3237,6202,4817,3742,3385,12610,5935,3839,3404,28.2216,-31.2819,8.72184,47.6073
60669,3060,3332,3484,3330,3283,3671,4068,3909,3540,4542,6021,5448,3750,5059,8764,7065,21.2602,11.4531,8.62033,48.2173
60670,4520,7470,7712,4755,4269,5611,5568,4180,3558,3881,3872,3688,3230,3406,3456,3247,-20.0388,0.353651,8.94219,48.282
60671,3089,3287,3434,3240,3407,3514,3974,3749,3638,4334,5271,5043,3802,5402,9812,7225,27.774,10.1003,8.54382,48.1473
60672,3397,3427,3328,3134,4008,3749,3398,3310,5954,4638,3708,3281,12531,6592,3931,3302,31.5219,-24.7568,8.95322,47.792
60673,4518,4005,3466,3124,7636,4890,3765,3314,8980,5006,3827,3386,5076,4341,3536,3217,1.96525,-30.9257,8.72266,48.058
60674,3819,4684,5560,4466,3896,5871,7910,4932,3657,4320,4848,4061,3478,3618,3658,3676,-8.98969,4.35888,8.73447,48.3027
60675,5639,4538,3630,3328,9565,5169,3859,3410,6738,4628,3606,3338,4345,3904,3479,3327,-4.78466,-28.5751,8.75165,48.3353
60676,3265,3586,4215,5167,3319,3760,5097,8868,3339,3781,4817,7948,3235,3544,4033,4647,-1.60965,27.328,8.97857,48.414
60677,3391,3377,3220,3269,3907,3696,3389,3176,6064,4676,3719,3437,12676,6031,3866,3479,29.7155,-30.6761,8.7219,47.582
60678,3014,3436,3763,3845,3200,3614,4403,5732,3458,3779,5636,9725,3349,3629,4922,6624,8.57555,24.9155,8.75237,48.086
60679,4380,4811,4061,3560,5504,7847,4651,3610,4858,6097,4407,3569,4001,4111,3736,3423,-2.9075,-9.10585,8.79283,48.4173
60680,4285,6891,9514,5623,3951,4795,5450,4469,3340,3621,3772,3659,3183,3234,3404,3234,-25.1335,4.61957,8.71856,48.2833
60681,11834,6810,4102,3396,6117,4890,3904,3358,3905,3834,3391,3248,3360,3409,3230,3010,-27.4063,-22.7898,8.64923,47.8653
60682,3504,4789,9150,8516,3689,4121,5252,5221,3334,3552,3694,3816,3111,3262,3448,3356,-29.4588,13.7055,8.64598,47.8767
60683,3209,3327,3362,3428,3350,3661,3777,3741,3899,4479,5174,4518,4059,6378,9753,5597,33.1348,5.53869,8.85324,47.808
60684,3258,3174,3389,3494,3226,3456,3988,4116,3501,3869,5066,7893,3442,3838,5600,10391,18.625,33.7739,8.79788,47.8007
60685,12680,5986,3876,3328,6085,4805,3693,3388,3928,3729,3317,3224,3401,3396,3241,3154,-27.4059,-31.6656,8.92156,47.4873
60686,5232,7234,5175,3903,5165,7248,5128,3889,3993,4340,3838,3546,3439,3533,3391,3347,-14.9865,-7.01774,8.58253,48.2673
60687,3461,3558,3426,3320,4142,4754,4034,3519,5572,8011,4986,3750,5295,6246,4501,3746,11.426,-8.99214,8.72841,48.214
60688,3275,3534,3848,4082,3352,3860,5009,5810,3491,4062,6919,7819,3310,3776,4851,5444,5.79888,17.4482,8.81349,48.2947
60689,3172,3230,3307,3387,3280,3546,3722,3961,3561,3934,5116,5605,3459,4276,7826,10303,28.8439,18.5609,8.59419,47.79
60690,3807,4917,7281,5682,3787,4740,7277,5437,3509,3773,4315,4022,3178,3445,3579,3402,-15.1103,9.29868,8.63235,48.1007
60691,3230,3383,3360,3149,3692,3810,3704,3587,4288,5382,4834,3924,5191,8899,7089,4482,24.8771,-2.81623,8.80446,48.0027
60692,3274,3532,4057,4474,3291,3800,4838,7537,3349,3706,5091,8727,3341,3642,4273,5073,1.56752,33.5511,8.8136,48.0033
60693,3409,3358,3309,3216,3955,3868,3393,3300,6043,4571,3688,3365,12440,6064,3925,3289,32.9191,-29.4885,8.53164,47.462
60694,5453,9619,6535,4087,4587,5122,4587,3842,3679,3900,3705,3420,3296,3378,3354,3152,-33.8479,-5.0189,8.8644,47.8107
60695,3134,3521,3804,3946,3328,3674,4251,5596,3297,3792,5258,9708,3348,3723,4813,6885,9.06196,28.2041,8.53043,48.052
60696,3794,3704,3406,3209,4874,4836,3788,3339,7195,7155,4349,3480,5655,5411,4181,3456,9.7367,-15.142,8.60442,47.888
60697,3523,4413,8303,9861,3517,3934,5177,5420,3275,3441,3983,3960,3143,3263,3319,3302,-31.5683,16.633,8.82031,47.8893
60698,3569,4053,5175,4767,3654,4657,7908,6052,3485,4081,5519,4759,3200,3532,3853,3854,-6.05212,10.9457,8.6452,48.0787
60699,3413,3898,5682,6577,3567,4085,6680,8027,3361,3718,4460,4908,3178,3337,3699,3692,-11.2681,18.0597,8.78272,48.188
60700,3841,3863,3342,3150,5687,4431,3573,3220,9786,5187,3800,3457,6639,4855,3703,3285,9.39236,-28.0758,8.8045,47.8793
60701,3337,3451,3367,3302,3789,4013,3736,3505,4554,6320,5343,4038,4998,7943,6485,4235,18.7912,-3.01097,8.85702,48.2773
60702,6267,4771,3756,3339,9983,5261,3912,3302,5892,4452,3770,3327,3914,3711,3403,3234,-7.59462,-32.4564,8.77863,48.196
60703,3478,4077,4759,4493,3760,4750,7626,5433,3676,4246,6128,4778,3455,3712,4022,3904,-3.39736,9.05546,8.52969,48.198
60704,3241,3668,4358,5160,3422,3790,5467,8415,3225,3692,4942,7348,3276,3524,4100,4424,-2.07102,25.0792,8.52699,48.0347
60705,3065,3233,3715,3664,3263,3730,4494,4800,3436,3974,6439,8341,3406,3956,5634,6890,11.7428,19.2051,8.62412,48.0267
60706,3208,3437,3647,3627,3304,3753,4704,4509,3604,4391,7731,6698,3649,4213,5988,5707,10.9393,13.3369,8.86063,48.1133
60707,4892,4628,3763,3310,7202,6572,4096,3476,5980,5700,3994,3439,4304,3976,3591,3263,-2.95902,-16.4436,8.50198,48.124
60708,3457,3885,4562,4414,3671,4638,7299,5536,3595,4344,6418,5177,3338,3600,4216,3986,-1.76838,10.3421,8.81671,48.0907
60709,3315,3383,3360,3295,3681,3903,3709,3534,4321,5809,5429,4214,4809,7733,7296,4514,20.5925,-1.15082,8.64695,48.2033
60710,3298,3456,3350,3254,3652,3940,3857,3684,4463,5942,5548,4206,4627,7770,6870,4362,19.0858,-1.84395,8.72522,48.186
60711,3370,3374,3259,3022,4002,3675,3404,3198,6346,4973,3875,3315,11744,6787,4178,3431,24.9254,-23.79,8.92223,47.9687
60712,3437,4057,6285,8562,3493,3950,5760,7768,3258,3527,4050,4522,3129,3304,3410,3601,-16.5062,20.7029,8.91234,48.0753
60713,7100,4919,3732,3292,9863,5246,3814,3436,5375,4184,3544,3321,3713,3608,3433,3154,-10.3589,-31.7771,8.8431,47.8227
60714,3810,5264,7488,5334,3829,5155,7243,5145,3424,3776,4225,3949,3268,3450,3417,3459,-15.5302,7.11799,8.71,48.1573
60715,8165,8741,4805,3624,5675,5618,4121,3499,3964,3870,3570,3265,3363,3414,3369,3226,-23.2934,-13.8963,8.84359,48.1927
60716,5209,5873,4298,3575,6170,8193,4747,3634,4448,4875,3844,3477,3572,3747,3452,3262,-9.91895,-10.9049,8.89374,48.2507
60717,3359,3438,3219,3120,4022,3768,3494,3280,6496,4859,3776,3402,12022,6353,3895,3334,24.292,-25.7913,8.97305,47.8913
60718,3290,3320,3265,3183,4017,3796,3391,3264,5848,4790,3717,3509,12715,5912,3986,3386,29.5629,-33.309,8.84074,47.5927
60719,3806,4424,4570,4010,4060,6050,7172,4534,3899,4999,5636,4185,3503,3887,3964,3621,-3.55022,2.57444,8.83105,48.2133
60720,3356,3849,6305,12475,3431,3770,4816,6059,3219,3374,3730,3915,2997,3208,3404,3405,-31.9214,26.3432,8.96652,47.542
60721,3248,3670,4256,4942,3311,3911,5722,7985,3392,3851,5323,7459,3286,3552,4064,4484,-1.17227,21.6045,8.89087,48.304
60722,11292,7269,4183,3474,5809,4834,3745,3370,3986,3776,3407,3411,3458,3537,3277,3137,-31.5628,-20.9266,8.71079,47.9767
60723,3250,3231,3351,3309,3397,3716,3832,3605,3987,4605,5115,4402,4266,7241,9475,5532,29.6905,3.98891,8.84874,48.2093
60724,3216,3354,3583,3790,3260,3622,4451,5565,3460,3781,5344,9783,3329,3757,4942,6680,9.23043,33.739,8.78741,47.9447
60725,3044,3207,3404,3265,3231,3383,3825,4001,3360,3741,4826,6523,3315,4052,6452,12084,25.3136,25.4856,8.76791,47.8087
60726,3900,5745,8463,6024,3816,4760,6291,5016,3472,3712,4035,3736,3177,3361,3350,3288,-20.0501,7.55284,8.61046,48.0973
60727,3120,3295,3384,3483,3281,3666,4141,3952,3615,4296,6283,6149,3604,4657,7854,7310,18.5074,13.7571,8.63068,48.06
60728,3160,3354,3428,3313,3644,3867,3887,3585,4120,5479,6102,4315,4325,6854,7868,4978,19.2778,2.01349,8.92144,48.186
60729,4201,5514,6147,4444,4122,6273,7189,4559,3745,4117,4412,3866,3338,3541,3642,3395,-12.583,2.15982,8.80162,48.3367
60730,3202,3403,3339,3282,3315,3609,3806,3694,3671,4171,5107,5012,3647,5244,9779,7399,31.4855,11.2461,8.81701,47.7867
60731,3816,5048,7344,5534,3776,4920,7180,5357,3519,3815,4307,3979,3165,3281,3556,3457,-15.2864,8.14694,8.76788,48.036
60732,3309,3432,3420,3328,3698,3973,4049,3685,4206,5858,6483,4499,4305,6235,7128,4676,16.2625,1.77869,8.84816,48.1893
60733,3711,4823,9010,8384,3576,4134,5445,5525,3291,3542,3788,3942,3110,3139,3444,3408,-25.2984,14.0423,8.66612,48.1813
60734,3628,4923,8357,7053,3639,4407,6370,5676,3283,3681,3941,4038,3087,3337,3440,3381,-19.5064,12.0179,8.55929,48.1607
60735,3316,3973,5072,5133,3680,4351,7313,7025,3447,3871,5315,5171,3279,3530,3949,3962,-6.29567,14.4253,8.8453,48.258
60736,3136,3294,3394,3353,3380,3706,3925,3758,3761,4592,5937,4857,3955,5530,9195,6436,22.3534,8.6024,8.55668,48.1393
60737,3391,3708,3720,3671,3433,4048,5281,4517,3809,4911,8323,5686,3562,4261,5393,4719,7.48156,9.21223,8.95211,48.2887
60738,7134,5615,3994,3376,8560,6201,3927,3520,4850,4378,3611,3334,3565,3529,3235,3035,-11.8585,-19.7899,8.93084,47.9093
60739,4081,4610,4308,3778,4777,7320,5702,3886,4413,5946,4943,3694,3884,4080,3752,3469,-3.19814,-4.33929,8.5893,48.4287
60740,3425,3366,3393,3077,4140,4263,3646,3364,5746,6795,4446,3740,6799,7874,4783,3649,17.4684,-11.8137,8.86024,48.3373
60741,7665,5142,3829,3363,9469,5475,3907,3412,5083,4201,3569,3266,3736,3558,3316,3160,-12.1001,-26.6279,8.7799,48.1007
60742,3037,3356,3687,3807,3248,3652,4294,5455,3462,3908,5799,9399,3373,3784,5125,6763,9.83207,23.9366,8.57458,48.0993
60743,11782,6840,4003,3444,6083,4751,3813,3409,3885,3832,3496,3230,3345,3437,3230,3034,-27.3335,-23.6194,8.6418,47.7427
60744,9150,5321,3715,3370,8932,5130,3871,3385,4599,4118,3584,3246,3620,3496,3284,3136,-15.2773,-32.998,8.97058,47.9713
60745,3691,3825,3431,3270,4427,5435,4241,3542,5626,8140,5134,3786,4748,5469,4338,3536,7.28796,-8.05243,8.82948,48.426
60746,5345,9133,7134,4483,4466,5091,4703,3941,3680,3873,3709,3447,3351,3345,3301,3264,-27.1116,-3.04743,8.80914,48.1773
60747,9579,6693,3909,3394,7396,5490,3960,3449,4170,3934,3499,3212,3550,3420,3259,3112,-18.6357,-21.3169,8.89784,48.0173
60748,12351,5997,3908,3366,6593,4837,3769,3390,3911,3762,3459,3199,3414,3381,3175,3165,-25.4135,-28.0996,8.88097,47.7847
60749,10111,8097,4181,3447,5612,5005,4005,3433,3879,3852,3553,3321,3343,3334,3256,3200,-33.6479,-18.0489,8.80869,47.7527
60750,3188,3331,3392,3346,3228,3542,3765,3909,3457,4106,5141,5712,3476,4503,8549,9059,33.5996,16.0258,8.60632,47.8027
60751,3275,3605,4075,3862,3672,4247,6005,5022,3584,4578,7562,5955,3459,4038,4783,4590,3.91163,10.622,8.6948,48.208
60752,4255,3955,3577,3123,6544,5077,3785,3307,8573,5889,3898,3346,5331,4565,3588,3243,3.70601,-21.1597,8.79307,48.0373
60753,4517,5911,5226,4053,4525,7477,6069,4192,3940,4587,4186,3705,3375,3640,3492,3249,-11.197,-3.09634,8.68749,48.096
60754,3298,3401,3270,3190,3871,3977,3660,3382,5185,5927,4502,3577,6636,9102,5336,3868,21.8933,-9.54382,8.6934,48.1213
60755,4137,4447,3861,3546,5042,7208,4847,3701,4832,6808,4627,3734,3985,4348,3887,3525,-0.883013,-7.31395,8.93529,48.3567
60756,12181,6757,4074,3426,6040,4744,3735,3307,4073,3891,3409,3170,3338,3398,3216,3169,-26.6358,-24.3128,8.91077,47.952
60757,3295,3889,4787,5061,3576,4212,6928,7542,3471,3865,5417,5710,3309,3508,4022,4114,-4.82294,16.4139,8.83283,48.4707
60758,8892,8837,4587,3540,5540,5423,4232,3563,3928,3804,3576,3285,3475,3366,3158,3077,-25.4235,-15.0377,8.82883,48.1887
60759,3401,3475,3259,3223,3850,4030,3596,3270,5303,6536,4371,3569,6552,8734,5050,3867,19.6235,-10.5386,8.89202,48.0573
60760,3368,3920,5923,12497,3370,3679,4603,6016,3240,3474,3829,4045,3268,3340,3424,3426,-33.371,29.564,8.78146,47.6147
60761,3520,3442,3223,3202,4168,3914,3515,3240,7761,4938,3855,3426,10613,5786,4020,3353,18.6105,-32.6563,8.78166,47.984
60762,3137,3298,3615,3977,3215,3671,4339,5567,3443,3734,5151,10043,3391,3795,4996,6870,9.67337,29.1603,8.83098,48.1613
60763,3171,3215,3394,3373,3299,3561,3836,4007,3675,4090,5584,5741,3576,4613,8543,8272,22.0768,14.8284,8.76214,47.9667
60764,11181,5692,3901,3401,7566,5176,3687,3396,4258,3950,3467,3272,3358,3386,3196,3128,-19.6363,-32.3014,8.89036,48.01
60765,7443,4923,3699,3423,9825,5201,3811,3190,5282,4335,3503,3335,3750,3641,3358,3190,-11.0957,-31.3268,8.83066,47.9393
60766,3511,3790,4002,3824,3774,4994,5872,4332,3945,5741,7285,4590,3789,4438,4650,4003,3.35806,3.53627,8.8461,48.36
60767,3158,3705,4926,7203,3333,3793,5159,10173,3329,3623,4183,5295,3147,3311,3618,3822,-10.406,31.5197,8.91565,47.852
60768,3392,3713,3519,3456,3832,4426,4341,3689,4369,7060,6464,4262,4303,5888,5594,4268,12.0681,-1.03452,8.65405,48.384
60769,3496,3924,5693,11524,3438,3949,4918,6988,3288,3453,3905,4048,3090,3244,3408,3311,-21.7837,32.4088,8.57261,47.7847
60770,3520,3397,3295,3156,4240,3837,3520,3232,7549,5107,3881,3400,10573,6011,3917,3408,19.7612,-25.4642,8.7443,48.0287
60771,3163,3383,3289,3150,3552,3670,3755,3601,4246,5015,5035,4206,4718,8381,8229,4698,26.553,-0.355467,8.74279,48.0607
60772,3358,3447,3366,3079,3763,4005,3745,3484,4691,6208,4910,3870,5564,8751,6243,4126,20.714,-5.22955,8.96777,48.4067
60773,7603,9178,5041,3784,5364,5744,4248,3584,3794,3920,3629,3328,3355,3335,3267,3120,-23.349,-12.2307,8.66706,48.196
60774,3163,3494,3738,3895,3346,3657,4453,5875,3378,3832,5667,9418,3225,3779,4841,6506,8.04905,25.8383,8.5281,48.178
60775,3436,3397,3284,3099,4016,3784,3571,3250,6217,5027,3751,3333,11412,7124,4097,3471,25.145,-21.6813,8.60856,48.1793
60776,3764,5301,9805,7551,3579,4218,5317,4898,3351,3587,3811,3804,3070,3275,3371,3380,-27.2426,11.182,8.86121,48.0547
60777,3395,3824,5245,8086,3271,3731,5144,9414,3301,3504,4132,4944,3130,3358,3607,3581,-12.8504,27.6242,8.64619,47.778
60778,3580,4812,6824,5480,3831,4976,7783,5500,3545,3812,4574,4170,3252,3509,3548,3573,-13.0523,8.60354,8.87637,48.5127
60779,12492,6148,3867,3425,6061,4744,3812,3311,3879,3689,3476,3184,3373,3327,3316,3125,-32.1971,-26.515,8.65865,47.486
60780,3261,3364,3323,3045,3729,3823,3603,3223,5103,5187,4156,3631,7780,9537,5151,3740,27.3519,-12.0141,8.94587,47.7707
60781,7802,8402,4789,3635,5827,6079,4280,3562,4022,4034,3637,3278,3279,3448,3253,3077,-20.1812,-13.8752,8.64902,48.2693
60782,3296,3485,3578,3365,3487,3986,4531,4015,3870,5507,7552,4967,3924,5341,6656,4863,13.4205,5.59719,8.81111,48.282
60783,3697,4780,8741,8122,3520,4246,5696,5620,3299,3612,3932,3944,3140,3244,3358,3452,-22.3939,13.5967,8.72976,48.2687
60784,3358,3807,4678,4906,3542,4198,6915,7006,3447,4010,5715,5831,3283,3492,4082,4131,-3.38754,15.4187,8.84854,48.2673
60785,3927,3795,3500,3228,5147,4816,3727,3350,7681,6906,4213,3490,5832,5437,4035,3342,8.70773,-16.5368,8.54818,48.284
60786,3237,3465,4209,5294,3322,3793,5058,8864,3318,3624,4954,7448,3266,3399,4113,4610,-2.20405,28.6803,8.65582,47.9827
60787,6463,4794,3685,3329,9987,5069,3815,3380,5706,4431,3605,3289,3884,3758,3322,3195,-8.3022,-32.1657,8.89017,47.808
60788,3509,4326,7982,9296,3585,3980,5383,5960,3363,3544,3864,4092,3063,3282,3343,3268,-23.5433,16.8728,8.52714,47.8933
60789,3345,3509,3275,3276,3648,3787,3814,3611,4343,5599,5190,4069,4969,8107,7253,4514,21.659,-1.69554,8.52867,48.206
60790,3457,3401,3248,3102,3877,3855,3560,3175,6437,4893,3918,3388,12220,6086,4024,3444,24.8091,-32.3675,8.55748,48.0567
60791,3374,3299,3306,3108,3933,3661,3462,3143,6255,4855,3714,3348,12321,6610,3952,3490,26.3576,-24.9191,8.95748,47.8873
60792,3387,3944,4710,4488,3567,4614,7522,5962,3574,4212,6018,5167,3402,3720,4059,3990,-3.25223,11.3132,8.73142,48.224
60793,3902,3680,3431,3195,5844,4444,3462,3240,9782,5322,3921,3266,6783,4858,3806,3329,8.61913,-26.9216,8.64747,48.1767
60794,12732,6251,3931,3486,6128,4900,3767,3491,3982,3783,3443,3232,3187,3267,3244,3083,-28.1036,-29.3221,8.90486,47.938
60795,3029,3153,3470,3348,3236,3457,3787,3932,3359,3833,4843,6054,3278,3887,6493,12407,33.4656,25.1353,8.87097,47.7107
60796,3377,3735,3879,3687,3601,4153,5367,4579,3769,4897,7954,5607,3595,4257,5313,4645,7.19045,8.37819,8.54438,48.2767
60797,3214,3370,3406,3359,3592,4046,3820,3622,4286,5686,5875,4368,4608,7033,7306,4570,18.7631,0.430589,8.58117,48.1073
60798,4300,5667,5784,4265,4329,6800,6702,4381,3750,4405,4260,3756,3308,3580,3546,3361,-12.2444,-0.0200232,8.75414,48.1293
60799,3225,3315,3487,3432,3639,3685,4251,3958,3823,5080,7214,5117,3868,5359,7617,5405,16.0026,7.08175,8.72052,48.3167
60800,3407,3986,5692,7669,3439,4029,6033,8252,3421,3622,4245,4660,3113,3292,3547,3651,-13.4001,21.0659,8.61716,48.0387
60801,3627,3978,4371,4034,3670,5009,6975,4814,3764,4899,6467,4680,3542,4064,4199,3931,-1.20344,5.70973,8.55104,48.016
60802,3551,3451,3193,3077,4362,3933,3446,3218,7919,5307,3801,3402,10194,5985,4009,3455,18.1275,-24.4325,8.95295,48.202
60803,3332,3407,3198,3108,3932,3944,3733,3340,5501,5849,4275,3419,7859,8844,4878,3590,22.3518,-13.2478,8.94486,48.1393
60804,4898,8390,8063,4782,4296,5142,5030,4122,3604,3701,3691,3662,3233,3360,3385,3135,-26.5562,-0.752172,8.65978,48.3293
60805,5427,4400,3608,3268,9820,5194,3634,3369,6886,4672,3686,3313,4183,3956,3400,3175,-4.09801,-29.1104,8.99409,47.994
60806,3436,4136,5177,4792,3712,4938,7986,5778,3540,4111,5320,4657,3348,3557,3758,3687,-6.74099,9.95248,8.57809,47.9553
60807,3122,3203,3494,3377,3311,3487,3881,4116,3369,3777,5013,7093,3405,4016,5951,11339,21.6413,27.4701,8.54935,47.9693
60808,5245,8656,6547,4191,4464,5707,5021,3930,3662,3905,3913,3453,3266,3440,3334,3295,-21.9412,-4.1214,8.58151,48.0193
60809,3459,3367,3214,3156,3970,3898,3537,3233,6067,5325,3924,3373,10301,7742,4281,3429,24.4864,-18.7462,8.67276,48.184
60810,3238,3354,3626,3504,3343,3796,4139,4278,3606,4576,7147,5938,3587,4769,7177,6116,15.5306,11.7017,8.6479,48.1293
60811,3092,3219,3361,3361,3143,3448,3711,4035,3307,3809,4769,6223,3473,3962,6330,12379,27.5774,26.4967,8.62691,47.748
60812,3308,3612,4102,4114,3448,4162,6150,5555,3490,4324,7220,6391,3392,3821,4541,4638,2.73405,12.9158,8.65691,48.1787
60813,3215,3646,4533,6055,3375,3774,5257,9703,3258,3715,4481,6469,3289,3437,3896,4155,-6.1903,29.9237,8.76167,48.172
60814,3099,3382,3699,4100,3301,3689,4553,5861,3411,3907,5816,9429,3273,3640,4833,6247,7.57242,23.2463,8.73282,48.16
60815,3370,3486,3285,3160,3938,3735,3400,3266,5787,4666,3826,3478,12751,5947,3829,3349,30.8779,-33.2163,8.79394,47.5153
60816,3716,5027,9127,8109,3641,4119,5478,5459,3299,3633,3856,3903,2974,3204,3362,3343,-24.8716,13.2637,8.85441,48.1667
60817,3171,3465,3951,4214,3353,3841,5166,6166,3455,3989,6136,8263,3321,3728,4710,5359,4.98,19.445,8.75026,48.192
60818,3109,3169,3383,3321,3239,3327,3666,4030,3300,3931,4854,5893,3433,4173,7117,11620,29.8891,21.8614,8.74633,47.71
60819,3361,3379,3358,3171,3692,3812,3621,3460,4475,5503,4705,3957,5743,9311,6626,4149,25.3986,-4.80357,8.61883,48.2153
60820,3108,3172,3432,3370,3231,3495,3810,4082,3391,3707,4875,6675,3321,4023,6087,11872,23.3467,26.9432,8.76666,47.7673
60821,3074,3219,3433,3489,3159,3477,3899,4031,3313,3858,4759,6207,3436,3997,6587,12029,27.6924,24.7656,8.57857,47.978
60822,3219,3396,3380,3425,3586,3767,4179,3962,3837,5115,7101,4899,3930,5592,7730,5555,16.7089,6.1933,8.97549,48.4487
60823,5077,9070,7560,4539,4324,5265,4750,3965,3653,3750,3660,3450,3315,3331,3297,3260,-28.1158,-2.29037,8.97013,48.1773
60824,5165,8190,6715,4256,4464,6166,5302,4134,3635,3914,3802,3540,3346,3412,3439,3111,-20.1107,-3.37525,8.716,48.394
60825,3155,3233,3519,3599,3296,3467,4064,4453,3353,3792,5092,8593,3407,3916,5456,9514,16.4786,29.3272,8.6711,47.9393
60826,3428,3403,3165,3033,4053,3769,3369,3267,6085,4749,3781,3424,12493,6206,3922,3389,27.2338,-27.1503,8.69506,47.6907
60827,10783,5726,3918,3337,7554,5028,3827,3393,4116,3925,3476,3263,3416,3460,3186,3184,-19.5541,-33.5914,8.84707,47.728
60828,3518,3451,3165,3038,4231,3937,3608,3229,7819,5083,3855,3396,10454,5749,3910,3340,18.6156,-29.011,8.51289,47.8553
60829,3417,3450,3323,3193,4096,4089,3663,3365,5644,6681,4473,3584,6545,8033,4915,3830,17.983,-11.0432,8.70155,48.2007
60830,3345,3437,3696,3491,3680,4402,4815,4113,4080,5958,7759,4970,3955,4721,5565,4391,9.05823,3.99024,8.68186,48.252
60831,3248,3320,3607,3569,3418,3479,4226,4835,3423,3798,5151,9208,3284,3822,5278,8320,13.7512,27.6041,8.59317,47.9907
60832,3229,3378,3329,3138,3688,3767,3493,3347,4873,5210,4383,3723,6921,10130,5415,3789,28.1758,-9.16066,8.89015,47.8753
60833,5428,7136,5127,3885,5415,7387,4951,3861,4073,4290,3847,3385,3504,3530,3334,3268,-15.2521,-7.59643,8.82724,48.2807
60834,3439,3353,3374,3092,4053,3901,3418,3213,7111,4940,3834,3467,11448,5707,3925,3429,20.9494,-33.07,8.82081,47.8027
60835,4192,4898,4530,3800,4718,7579,5988,3993,4237,5502,4742,3725,3628,3870,3613,3382,-5.46467,-3.53211,8.60519,48.2647
60836,3695,3890,3855,3633,4073,5517,5193,4056,4367,6908,6291,4302,3952,4567,4542,3904,4.17354,-1.27179,8.61468,48.4967
60837,3454,4119,6265,7986,3365,3976,6010,7925,3405,3637,4237,4607,3137,3315,3590,3556,-15.2305,19.8861,8.61736,48.3893
60838,3533,3908,5056,5827,3531,4252,6601,8154,3274,3786,4791,5427,3146,3384,3781,3829,-7.39934,17.9969,8.70429,48.1867
60839,3790,4255,4803,3970,3907,5819,7534,4724,3728,4747,5809,4274,3451,3813,3974,3752,-4.12341,3.92615,8.97919,48.2333
60840,3159,3531,4143,4769,3350,3749,5050,8183,3244,3728,4977,8338,3363,3509,4171,4724,0.327385,26.8886,8.97316,47.992
60841,5634,8581,5920,4021,4854,6508,4940,3796,3841,3955,3859,3479,3472,3388,3393,3172,-19.3783,-6.36329,8.80434,48.542
60842,5230,4730,3769,3311,7873,6569,3969,3442,6084,5282,3913,3479,4230,3935,3600,3238,-4.43571,-17.8042,8.67782,48.436
60843,4607,4136,3574,3279,7349,5516,3925,3361,7833,5678,3837,3395,4755,4193,3740,3371,0.508867,-20.6972,8.82894,48.366
60844,3377,3356,3181,3123,4076,3870,3492,3285,5828,5294,3888,3482,10139,7958,4386,3440,25.0808,-18.2017,8.64229,48.1167
60845,3335,3502,3898,3892,3491,4036,5330,4860,3610,4710,8037,6086,3557,4016,5205,4754,6.38961,10.9037,8.71233,48.2127
60846,3086,3332,3420,3430,3405,3804,4092,4125,3488,4294,6832,6058,3693,4600,7685,7031,17.2424,13.0175,8.84574,48.25
60847,3202,3274,3331,3449,3167,3360,3785,3933,3350,3643,4610,5933,3316,3852,6018,12647,30.9105,30.1901,8.77518,47.2467
60848,4414,6799,7239,4731,4113,5649,6043,4348,3721,3949,4110,3607,3284,3449,3435,3271,-17.9243,1.00656,8.73405,48.108
60849,3153,3431,3714,3854,3397,3594,4525,5249,3398,3886,6222,8835,3335,3907,5264,6749,10.2035,20.5671,8.75723,48.342
60850,11305,5888,3995,3381,7224,4996,3700,3420,4050,3890,3545,3059,3453,3462,3206,3112,-20.9317,-33.0849,8.56308,47.7907
60851,4610,8164,8147,4571,4328,4918,5056,4196,3666,3749,3854,3515,3273,3431,3365,3240,-33.8656,-0.0698998,8.73733,48.0553
60852,3299,3294,3342,3216,3648,3763,3679,3306,4790,5130,4331,3813,6715,10012,5597,3792,30.7466,-9.28559,8.92758,47.818
60853,3875,4483,4237,3797,4421,6679,5912,4220,4123,5874,5512,4012,3679,4007,3939,3505,-2.11292,-1.62723,8.71353,48.1833
60854,3168,3172,3430,3373,3304,3549,3825,3887,3368,3804,4867,6040,3318,3998,6547,12032,28.436,24.4131,8.61944,47.788
60855,3691,4630,5995,5227,3719,4927,8252,5719,3410,3963,4730,4296,3243,3441,3671,3485,-10.6046,9.51507,8.99233,48.266
60856,3400,4192,6347,7746,3420,3976,6297,7509,3289,3738,4245,4304,3141,3355,3574,3573,-15.3905,18.1041,8.57575,48.0707
60857,3875,5224,7428,5625,3867,5008,7281,5263,3505,3846,4184,3916,3196,3349,3504,3450,-16.2591,7.82754,8.85796,48.3473
60858,5521,9283,7130,4282,4434,5279,4642,3850,3639,3802,3649,3461,3280,3421,3372,3156,-26.9866,-3.78312,8.67454,48.134
60859,4735,8227,8247,4840,4257,4982,4908,4167,3530,3807,3741,3437,3338,3376,3307,3222,-32.0404,0.165122,8.63794,48.0807
60860,4561,4100,3594,3216,7549,5420,3840,3400,7736,5638,3762,3417,4643,4412,3582,3308,0.343717,-20.9403,8.96039,48.1187
60861,9265,5431,3910,3343,8738,5123,3886,3389,4654,4086,3506,3298,3620,3554,3382,3085,-15.7296,-29.4041,8.6086,48.18
60862,3982,5344,8666,6389,3784,4580,6395,5164,3498,3646,3971,3854,3184,3353,3398,3408,-19.9495,9.03046,8.97032,48.4107
60863,3203,3384,3229,3013,3852,3815,3542,3316,5110,5382,4209,3668,7804,9526,5083,3762,27.2525,-11.8787,8.85768,47.932
60864,6278,8855,5388,3926,5177,6193,4691,3731,3868,4069,3677,3293,3419,3415,3256,3111,-20.5651,-8.99589,8.7952,48.2313
60865,3450,3458,3290,3281,3680,4017,3984,3584,4690,6667,5708,3968,4899,7458,6064,4205,17.0719,-2.87142,8.94583,48.2687
60866,4103,5836,7309,5012,3899,5466,6995,4726,3554,3882,4123,3747,3263,3418,3545,3311,-15.8037,4.15446,8.93463,48.126
60867,3888,3673,3350,3076,5191,4282,3597,3180,9418,5688,3858,3429,7102,5042,3840,3332,10.5087,-24.2385,8.69791,47.964
60868,3892,3947,3630,3367,4754,5618,4137,3563,6083,7884,4595,3622,4876,5011,4070,3442,5.50048,-10.9227,8.94048,48.3273
60869,3422,3727,4795,6818,3434,3934,5278,9877,3409,3580,4372,5290,3147,3384,3732,3799,-9.40374,33.9217,8.73469,47.9987
60870,3069,3365,3689,3853,3335,3607,4455,5429,3378,3819,5713,9452,3356,3813,5043,6867,9.75177,23.4175,8.78029,48.162
60871,3321,3411,3463,3277,3508,3920,4092,3717,4091,5456,6579,4586,4186,6274,7711,5080,17.5888,3.41842,8.84389,48.448
60872,3584,3940,5921,11385,3356,3884,4931,7214,3205,3455,3887,3981,3170,3191,3442,3432,-21.088,33.8737,8.96092,47.9853
60873,3379,3861,6093,12525,3395,3895,4739,6002,3259,3369,3756,3875,3052,3206,3379,3391,-30.4404,29.3749,8.63961,47.4507
60874,3990,4477,4222,3823,4533,7023,5925,4052,4228,5894,5173,3901,3670,3996,3867,3534,-2.72814,-2.35308,8.70515,48.2053
60875,6710,4794,3765,3303,10019,5291,3855,3314,5762,4463,3540,3257,3823,3719,3407,3106,-8.79275,-30.2675,8.94246,48.0853
60876,9534,6627,4023,3463,7274,5668,3928,3404,4288,4016,3548,3183,3460,3494,3304,3087,-18.8829,-20.7352,8.69028,48.2007
60877,3181,3464,3593,3419,3514,3986,4276,3920,3932,5088,7057,5032,3990,5217,7290,5244,15.5304,6.6348,8.59458,48.1353
60878,3310,4121,6536,9911,3410,3921,5347,7203,3190,3460,4020,4338,3119,3300,3479,3527,-19.2965,21.3261,8.93165,48.128
60879,3367,3830,5167,5982,3499,4055,6557,8289,3314,3723,4571,5350,3205,3489,3797,3867,-8.54792,18.8278,8.54336,48.0413
60880,3310,3777,5281,8340,3268,3822,5337,9380,3262,3589,4075,4975,3095,3281,3626,3634,-13.4714,27.3994,8.7368,48.0347
60881,4989,8549,7733,4572,4302,5028,5019,3984,3548,3845,3739,3519,3271,3424,3304,3268,-30.0465,-1.52923,8.58029,48.0627
60882,3038,3224,3288,3386,3269,3558,3859,3952,3356,3885,4781,6190,3414,3933,5983,12565,28.1677,30.073,8.52614,47.7873
60883,4205,6157,8146,5258,4054,5179,6222,4755,3528,3846,3962,3709,3254,3355,3386,3408,-19.5653,4.38687,8.51709,48.2827
60884,3127,3297,3364,3450,3323,3722,4132,4030,3675,4459,6501,5443,3727,4825,8328,6697,18.8439,11.249,8.84296,48.0667
60885,7045,5137,3795,3395,9202,5840,3859,3461,5257,4389,3621,3304,3765,3613,3336,3184,-10.5926,-22.344,8.51268,48.1353
60886,3158,3372,3614,3614,3452,3695,4472,4881,3409,4182,6642,7896,3393,4016,5623,6630,11.4624,18.4339,8.70002,48.0327
60887,5068,4176,3668,3237,8716,5124,3760,3314,7636,4858,3912,3312,4597,4097,3470,3186,-1.72027,-25.8402,8.66016,48.0873
60888,3359,3430,3194,3126,4033,3755,3508,3260,5774,5029,3958,3382,10666,7629,4112,3359,33.8893,-19.0922,8.85049,47.716
60889,3179,3339,3372,3284,3403,3523,3825,3829,3466,4110,5172,5342,3476,4796,9246,8429,30.9632,13.7581,8.71177,47.8607
60890,3129,3666,4014,4561,3346,3765,4772,7881,3357,3638,4955,8917,3216,3643,4301,5023,1.57474,27.3758,8.94309,48.1227
60891,3401,3702,4184,4145,3630,4253,6225,5347,3549,4534,7386,5908,3484,3820,4551,4401,2.22835,11.5374,8.90897,48.3467
60892,3191,3332,3683,3843,3247,3714,4765,5524,3374,3981,6187,8766,3340,3814,5095,6185,8.30192,20.1569,8.66136,48.0273
60893,3352,3345,3272,3239,3891,3746,3579,3415,4939,5708,4464,3723,6495,9401,5538,3972,24.3145,-9.08596,8.55409,48.0527
60894,12431,6399,3940,3345,6182,4705,3945,3234,4021,3693,3459,3203,3430,3426,3249,3199,-28.2504,-25.4247,8.90655,47.9073
60895,3199,3398,3926,4253,3379,3705,4791,6623,3306,3744,5413,9312,3425,3679,4556,5557,4.87458,24.8727,8.51328,48.1773
60896,4036,3915,3452,3185,6664,4700,3719,3271,9525,5274,3769,3367,5681,4525,3651,3262,5.0606,-27.5207,8.69728,47.9973
60897,3199,3744,4464,5256,3421,3798,5153,9247,3339,3652,4863,7210,3129,3525,4014,4519,-3.03437,27.7428,8.74075,48.3553
60898,3445,3733,3903,3834,3754,4739,5844,4307,3871,5514,7568,4927,3554,4278,4688,4190,4.00106,4.77647,8.81603,48.0993
60899,3663,4843,9409,7686,3564,4153,5449,5115,3392,3640,3837,3922,3161,3231,3447,3400,-33.6818,12.2857,8.61463,47.9413
60900,5378,9270,7040,4367,4361,5385,4789,3921,3713,3779,3738,3405,3231,3367,3305,3222,-25.6038,-3.54493,8.93743,48.1807
60901,3764,5106,9737,7008,3627,4354,5691,4988,3305,3688,3820,3834,3097,3178,3454,3329,-23.8784,10.3362,8.98758,47.9867
60902,4761,4926,3997,3511,6092,7989,4661,3577,4899,5684,4205,3469,3822,4090,3654,3397,-5.30162,-11.3364,8.83033,48.4893
60903,4197,5632,5654,4332,4189,6564,7112,4421,3798,4268,4445,3851,3387,3570,3579,3504,-11.4786,1.04486,8.81693,48.3353
60904,11903,7215,4062,3302,5846,4847,3695,3387,4021,3712,3482,3207,3295,3378,3308,3065,-31.8009,-22.0126,8.98875,47.8167
60905,5335,4426,3699,3276,9148,5223,3787,3299,7188,4769,3652,3289,4316,4057,3521,3221,-3.13401,-32.2229,8.72192,48.1373
60906,3269,3642,4553,6011,3274,3826,5411,9644,3310,3611,4618,6387,3205,3422,3887,4138,-5.60796,25.3297,8.93204,48.1387
60907,3903,4018,3665,3408,4739,5887,4389,3604,5408,7896,5057,3719,4322,4797,4107,3608,4.20035,-8.2853,8.81267,48.3513
60908,3285,3600,3797,3697,3480,4004,5174,4620,3738,4806,8058,5807,3732,4265,5370,4913,8.06158,9.56877,8.59499,48.2307
60909,3965,6250,9868,6279,3785,4482,5258,4700,3481,3598,3797,3750,3156,3194,3360,3321,-27.5815,7.1224,8.66457,48.1627
60910,3421,4073,6577,9857,3365,3869,5412,7339,3287,3473,4022,4210,3087,3281,3539,3469,-19.5002,21.4874,8.66014,48.1873
60911,3340,3752,6003,12699,3392,3707,4807,5958,3171,3338,3729,3982,3203,3268,3400,3415,-30.6021,28.1585,8.94255,47.4427
60912,5199,4379,3658,3217,8654,5393,3789,3433,7388,4967,3737,3393,4592,4095,3516,3151,-1.9786,-24.1913,8.82587,48.374
60913,3397,4169,6460,7550,3451,4133,6355,7361,3419,3566,4227,4396,3101,3303,3664,3524,-15.3349,17.242,8.60064,48.0507
60914,7946,5448,3892,3459,8839,5621,3922,3374,4833,4274,3664,3224,3690,3589,3279,3053,-13.3615,-23.0187,8.64055,48.0713
60915,9194,6918,4029,3474,7011,5623,4067,3496,4058,4007,3728,3250,3470,3458,3244,3125,-18.6379,-19.2411,8.6523,48.1013
60916,3143,3367,3440,3437,3230,3521,3865,3869,3398,3975,5109,5659,3488,4301,7737,10173,33.0559,18.2511,8.75243,47.808
60917,3220,3205,3355,3427,3255,3547,3904,3888,3491,4110,5221,5337,3585,4641,8965,8734,30.1228,14.9087,8.83198,47.9233
60918,9613,8436,4612,3434,5500,5281,4015,3427,3900,3785,3563,3254,3369,3428,3328,3109,-27.9881,-16.5924,8.79193,48.036
60919,3358,3685,4751,6262,3421,3850,5185,9795,3355,3646,4453,5991,3202,3426,3740,3897,-7.14737,31.2898,8.58012,48.0113
60920,3325,3645,4460,4999,3417,3918,6056,7678,3345,3910,5517,6783,3187,3594,4201,4408,-2.16719,19.6792,8.62596,48.2953
60921,4153,4500,3985,3525,4746,7108,5138,3744,4581,6584,4894,3813,4038,4224,3973,3624,-0.999339,-5.56164,8.96238,48.42
60922,3195,3257,3510,3268,3312,3622,4067,3840,3553,4188,6106,5564,3689,4857,8625,7694,20.9407,12.9105,8.66833,48.2313
60923,3282,3348,3449,3272,3379,3688,3969,3726,3716,4557,5978,4901,3984,5566,9256,6224,21.9192,8.5185,8.69297,48.1967
60924,8264,5294,3776,3333,9336,5061,3824,3423,4828,4119,3577,3222,3719,3515,3233,3130,-13.3204,-33.475,8.71244,47.7693
60925,5862,7122,4795,3773,5723,7506,4693,3706,4169,4297,3743,3388,3500,3635,3309,3273,-14.6007,-10.4982,8.54732,48.3293
60926,5182,4664,3713,3288,7766,6435,4017,3411,5998,5326,3864,3442,4213,4094,3502,3215,-4.07966,-17.7015,8.54203,48.0867
60927,3320,3570,3306,3228,3633,3879,3562,3389,4730,5814,4676,3764,5870,9315,5953,3932,22.5477,-6.445,8.96001,47.9607
60928,7825,5035,3739,3400,9412,5300,3891,3437,5049,4313,3552,3291,3725,3599,3288,3135,-12.0496,-27.6477,8.75152,47.994
60929,3412,4161,6124,6028,3544,4398,7254,7112,3413,3732,4572,4592,3149,3369,3607,3644,-11.5371,14.582,8.50667,48.074
60930,3698,3808,3469,3257,4561,5115,4036,3448,6110,8059,4632,3667,4850,5561,4396,3550,8.62421,-10.7776,8.55005,48.1447
60931,3334,3675,4435,4880,3275,3930,5784,7974,3436,3930,5485,7050,3212,3554,4104,4567,-1.67982,20.4968,8.9466,48.4167
60932,4131,4236,3746,3487,5009,6661,4544,3686,5193,7377,4731,3715,4179,4367,3925,3488,1.09301,-8.78134,8.87998,48.3167
60933,3141,3262,3392,3390,3357,3530,3873,3972,3558,4171,5231,5322,3613,4833,9189,8123,32.9513,13.3105,8.67737,47.9713
60934,3383,3401,3204,3143,4222,3924,3577,3174,7513,4937,3745,3314,11073,5739,3896,3339,20.2045,-32.2475,8.79439,47.7227
60935,3413,3475,3201,3152,4121,3993,3646,3188,6510,5477,3992,3546,9946,7078,4154,3543,20.8701,-19.7622,8.77709,48.29
60936,3466,3460,3226,3229,4092,3868,3456,3164,7417,5028,3741,3372,11356,5826,3835,3351,20.8147,-29.5507,8.78656,47.9247
60937,4435,3959,3479,3157,7291,4958,3741,3353,9356,5092,3802,3338,5152,4311,3601,3306,2.83749,-32.9789,8.93048,48.2207
60938,5537,4640,3742,3320,9353,5731,3915,3363,6343,4738,3719,3318,4143,3923,3486,3191,-5.37712,-22.9245,8.64751,48.308
60939,3344,3376,3338,3338,3602,3890,3731,3360,4563,5560,4995,3880,5559,8916,6414,4151,22.7211,-4.56069,8.57198,48.0113
60940,3287,3423,3331,3243,3694,3967,3967,3628,4596,6266,5333,4120,5036,7790,6384,4325,18.9839,-3.17778,8.58178,48.26
60941,3707,3629,3482,3245,4368,4926,3908,3419,6069,8018,4751,3685,5201,5919,4381,3577,10.2926,-10.7977,8.76526,48.19
60942,3064,3354,3579,3618,3385,3602,4184,4868,3373,3865,5591,8913,3490,3945,5504,7667,12.8031,22.5386,8.57733,48.0013
60943,3408,4006,6352,11211,3377,3712,5143,6784,3181,3472,3832,4149,3027,3254,3387,3354,-22.444,24.1711,8.7957,47.766
60944,3340,4267,7307,11161,3501,3949,4957,5847,3298,3438,3804,4011,3018,3203,3283,3309,-29.9853,20.8965,8.57178,47.7953
60945,3364,3614,3651,3428,3777,4529,4527,3890,4331,6725,7179,4421,4198,5164,5549,4305,10.0631,1.13617,8.80586,48.4347
60946,4469,7374,9007,5141,4123,4828,5109,4286,3372,3730,3749,3549,3213,3401,3390,3319,-32.0516,2.61767,8.90591,48.04
60947,3460,3487,3210,3113,3924,3806,3456,3318,5864,5000,3788,3379,11446,7101,4124,3452,27.9564,-21.4845,8.7109,47.952
60948,3125,3222,3447,3495,3326,3567,4029,4418,3313,3931,5484,7960,3502,4029,6233,9506,17.4772,23.0165,8.80434,48.3913
60949,3239,3275,3366,3263,3505,3690,3696,3449,4147,5031,4986,3993,4738,8294,8432,4769,30.0334,-0.147048,8.70449,47.9153
60950,9322,8688,4564,3481,5393,5169,3978,3538,3926,3756,3516,3260,3445,3395,3181,3119,-28.234,-15.831,8.80289,47.8207
60951,3544,3485,3172,3130,4465,3924,3510,3128,8164,5286,3945,3320,9861,5849,3848,3397,17.7167,-25.2661,8.89625,48.0187
60952,3334,3604,3417,3346,3824,4312,4264,3746,4416,6926,6585,4246,4437,5847,5856,4220,12.4945,-0.615254,8.84143,48.2533
60953,4268,6190,7142,4887,4180,5720,6595,4484,3468,4038,4117,3718,3158,3453,3484,3282,-16.3674,2.5083,8.85103,48.1227
60954,3147,3447,3684,3939,3322,3479,4442,5798,3415,3788,5417,9693,3327,3619,4923,6551,8.25437,25.9428,8.84982,47.994
60955,6347,6876,4504,3553,6318,7281,4512,3721,4214,4317,3820,3352,3573,3614,3311,3235,-14.6818,-13.0126,8.5474,48.3653
60956,5047,5527,4005,3601,6734,7999,4520,3518,4807,5165,3932,3395,3817,3842,3430,3185,-7.77352,-12.7835,8.82039,48.3493
60957,3399,3367,3209,3067,4089,3818,3395,3164,6675,4837,3825,3389,12055,6298,4011,3342,23.4798,-25.7692,8.82333,47.96
60958,3154,3279,3382,3355,3369,3676,3819,3687,3645,4299,5474,4844,3815,5520,9864,6972,27.7646,9.61778,8.58661,48.1027
60959,3027,3179,3338,3466,3168,3513,3911,4149,3301,3831,4995,7442,3481,3911,5719,11256,20.6921,30.7904,8.90023,47.7913
60960,5482,9321,6713,4315,4523,5467,4879,4000,3623,3904,3707,3464,3280,3379,3275,2989,-25.8487,-4.09963,8.63913,48.214
60961,3434,3319,3298,3229,3701,3849,3608,3422,5083,5281,4194,3583,7510,9967,5168,3700,32.6543,-11.165,8.87431,48.2307
60962,3354,3335,3199,3082,3937,3737,3531,3230,5957,4970,3850,3249,11681,7259,4070,3371,27.4959,-21.6594,8.93385,47.8747
60963,12801,6060,3896,3400,5934,4750,3729,3333,3887,3742,3326,3249,3322,3332,3355,3238,-28.8871,-33.0813,8.89573,47.5693
60964,3193,3272,3439,3456,3190,3505,3942,4094,3359,3840,4988,7229,3272,3909,5819,11302,21.2722,28.2842,8.74204,47.8727
60965,3645,3504,3275,3127,4572,4435,3557,3335,7421,6800,4270,3449,6722,6309,4275,3462,13.523,-16.1906,8.9679,48.1053
60966,7960,6510,4169,3510,7192,6081,4141,3446,4286,4126,3660,3293,3492,3503,3355,3137,-16.0595,-18.0383,8.75908,47.9073
60967,3336,3710,4063,4027,3535,4295,5984,4880,3743,4894,7631,5582,3566,3903,4837,4465,3.62157,9.71202,8.57008,48.3007
60968,3355,3465,3257,3071,3998,3853,3358,3177,5858,4904,3744,3364,11399,7213,4029,3493,29.0392,-21.9193,8.72616,47.692
60969,3779,3489,3345,3078,4553,4239,3610,3247,7664,6263,4043,3479,7676,6202,4104,3372,14.3293,-18.6294,8.80102,48.0953
60970,3293,3605,4017,4104,3452,4047,5317,5646,3491,4209,6943,7262,3383,3938,4735,5038,4.69133,16.0773,8.53342,48.32
60971,3080,3276,3333,3358,3439,3644,3822,3804,3814,4744,6097,4721,4009,6105,8925,5901,21.5407,6.62132,8.86539,48.048
60972,3489,3578,3345,3107,4114,4426,3782,3426,5476,7706,4891,3663,5477,6981,4873,3669,14.0352,-9.02182,8.87949,48.002
60973,3328,3552,3655,3605,3604,4057,4717,4111,3814,5368,8132,5141,3737,4648,6142,4815,10.5996,6.70452,8.92207,48.284
60974,3144,3277,3264,3427,3389,3498,3907,3890,3551,4094,5263,5209,3695,4854,9572,8096,29.0101,12.8394,8.62575,48.0867
60975,4860,8184,7149,4586,4297,5408,5178,4061,3641,3904,3836,3424,3342,3422,3419,3263,-21.7608,-1.5431,8.57131,47.9827
60976,6707,9249,5433,3903,5097,5957,4578,3672,3855,3878,3620,3432,3235,3272,3128,3157,-22.4616,-9.33974,8.95619,48.1153
60977,3112,3309,3508,3539,3272,3459,4090,4398,3449,3801,5686,7457,3364,4066,6492,9307,18.0539,20.7555,8.96527,48.206
60978,3086,3301,3589,3609,3393,3714,4488,4249,3516,4292,7240,6627,3502,4372,6750,6243,13.9433,13.6946,8.95202,47.9807
60979,3376,3835,6256,12655,3442,3851,4726,5928,3242,3484,3808,3861,2985,3180,3307,3455,-32.0126,27.036,8.85852,47.594
60980,3198,3420,3771,3898,3308,3605,4516,5184,3385,3915,6378,8590,3456,3921,5233,6586,10.0059,19.7405,8.56138,48.2427
60981,3176,3442,3396,3399,3415,3684,4143,3849,3819,4783,6917,5155,3923,5441,8261,5747,17.9177,7.28241,8.98408,48.3667
60982,5012,5366,4103,3587,6465,7961,4531,3589,4672,5269,4029,3459,3847,3760,3540,3329,-7.36301,-12.0377,8.8576,48.346
60983,3243,3304,3346,3517,3268,3455,3735,3905,3318,3759,4779,5958,3343,3898,5881,12385,32.9221,31.1954,8.52,47.396
60984,3542,3591,3347,3280,3900,4371,3993,3460,5114,7578,5369,3917,5173,6962,5197,3910,13.8785,-5.91226,8.9199,48.4693
60985,2976,3319,3442,3529,3287,3456,3927,4170,3340,3803,5121,7506,3349,4045,5992,10765,19.8047,28.0564,8.51759,48.018
60986,4027,4152,3647,3316,5517,5850,4029,3427,6508,7315,4407,3529,4654,4752,3876,3473,3.40665,-13.5792,8.90068,48.3193
60987,3053,3213,3618,3528,3252,3616,4166,4261,3555,4167,6259,6776,3578,4337,7112,7756,16.9341,16.3144,8.66125,48.1647
60988,3453,3333,3272,3107,4187,3807,3526,3342,6319,5416,4062,3406,9369,7736,4247,3571,22.0384,-18.0308,8.71003,48.102
60989,3413,3948,5968,12406,3369,3634,4695,6224,3320,3460,3785,3855,3290,3257,3320,3422,-26.9948,30.0149,8.54721,47.5773
60990,3776,3604,3365,3275,5381,4291,3615,3266,9864,5199,3819,3445,7186,5006,3718,3308,10.2752,-32.5941,8.60256,48.0787
60991,3564,3663,3763,3434,3885,4897,4703,3845,4484,7149,6589,4215,4079,4937,4685,4019,6.88674,-1.00703,8.70413,47.9407
60992,3986,3703,3373,3080,5745,4221,3541,3264,9892,5532,3762,3362,6651,4883,3756,3262,8.69651,-25.7742,8.93477,48.0087
60993,12695,6030,3999,3427,5947,4725,3762,3435,3880,3752,3498,3216,3368,3275,3257,3136,-30.1776,-32.721,8.79878,47.6013
60994,9037,7043,4303,3535,6746,5687,4036,3502,4157,3871,3515,3275,3420,3492,3174,3109,-19.4456,-18.3809,8.83195,47.9347
60995,3300,3690,4341,4663,3474,3988,6023,7259,3456,3815,5651,6874,3281,3637,4192,4459,-0.663445,18.1661,8.86765,48.0687
60996,5087,6312,4661,3690,5636,8289,4977,3706,4092,4635,3868,3421,3473,3651,3454,3189,-11.5912,-8.6341,8.92164,48.094
60997,4272,4625,4005,3483,5224,7455,4718,3796,4863,6321,4637,3498,3931,4180,3646,3349,-2.48276,-7.7618,8.7364,48.002
60998,3332,3353,3264,3238,3672,3863,3591,3279,4933,5376,4337,3707,7078,9745,5558,3710,26.7197,-9.847,8.80638,48.024
60999,4254,4241,3716,3327,5570,6150,4138,3531,6296,6938,4317,3464,4622,4614,3849,3428,2.08572,-13.1829,8.61627,48.3033
61000,3148,3428,3533,3454,3559,3848,4281,3926,3696,4852,7251,5357,3814,4987,7551,5702,15.4877,8.7971,8.76394,48.258
61001,3346,3935,6031,11478,3402,3719,4857,7125,3150,3491,3812,4209,3065,3256,3367,3430,-21.9021,27.34,8.79357,47.782
61002,3340,3934,6104,12739,3418,3805,4752,6019,3241,3440,3694,3936,3152,3240,3287,3455,-29.3433,30.4217,8.69354,47.704
61003,4158,6666,9570,5698,3830,4624,5158,4441,3572,3722,3768,3617,3194,3344,3379,3383,-32.9938,4.96357,8.80339,48.0827
61004,3195,3150,3451,3486,3199,3338,3742,3849,3356,3919,4905,5904,3416,4129,6975,11657,32.0887,22.5105,8.73804,47.7807
61005,6754,5108,3896,3346,9111,5887,3914,3372,5405,4498,3646,3266,3884,3824,3419,3076,-9.8218,-22.1723,8.58843,48.2707
61006,3941,3698,3433,3245,5702,4304,3567,3256,10081,5151,3765,3336,6716,4898,3697,3399,8.85321,-30.0623,8.76848,48.126
61007,3405,3356,3257,3001,3962,3926,3530,3249,5908,5368,4033,3497,9240,8123,4489,3549,24.3725,-16.7784,8.5285,47.9287
61008,3096,3314,3498,3504,3245,3515,4060,4620,3396,3821,5230,8618,3383,3866,5417,9239,15.9824,28.0971,8.50549,47.8813
61009,3191,3341,3663,3565,3456,3962,4453,4214,3735,4971,7716,5617,3707,4623,6585,5389,12.9683,9.35355,8.92567,48.1253
61010,3202,3371,3320,3375,3374,3550,3940,3768,3662,4436,5608,4997,3833,5600,9760,6850,24.6795,9.68422,8.92563,48.4307
61011,6712,9041,5226,3835,5257,6092,4476,3633,3906,4045,3707,3432,3415,3356,3253,3169,-20.8921,-10.513,8.84124,48.37
61012,4241,5793,6852,4822,4111,6001,6914,4460,3676,4033,4130,3736,3296,3473,3534,3431,-14.7281,2.26622,8.95672,48.3353
61013,3705,5036,8986,7616,3612,4276,5544,5432,3371,3587,3864,4007,3149,3314,3397,3393,-23.6331,12.3071,8.52699,48.1927
61014,12353,6056,3886,3405,6448,4738,3863,3301,4077,3825,3396,3206,3424,3402,3261,3174,-26.0511,-28.6263,8.69726,47.8767
61015,3299,3675,4771,6385,3384,3857,5725,9873,3202,3725,4390,5978,3085,3385,3683,4107,-7.71812,24.8379,8.98006,48.3493
61016,7377,9860,5135,3720,5123,5512,4268,3560,3829,3821,3554,3292,3302,3433,3339,3065,-33.5972,-11.2168,8.93975,48.1267
61017,5953,5726,4115,3431,7433,7194,4403,3411,4747,4514,3783,3389,3705,3657,3454,3236,-10.4821,-15.6093,8.92589,48.1007
61018,3122,3301,3339,3304,3361,3527,3885,3986,3664,4140,5454,5563,3622,4774,8642,8706,24.7178,14.785,8.55087,48.26
61019,5446,7492,5478,4045,4959,7025,5203,3827,3766,4157,3963,3597,3412,3456,3391,3404,-16.4073,-5.88093,8.6294,48.414
61020,3396,3488,3180,3161,3856,3688,3362,3279,5976,4659,3712,3407,12595,6253,3919,3451,30.5139,-26.0888,8.8848,47.588
61021,3232,3419,3345,3185,3545,3984,3819,3490,4334,5708,5075,4091,5083,8499,6976,4455,21.6322,-2.5834,8.58728,48.16
61022,5435,4635,3639,3307,8382,6123,3949,3418,6401,5006,3782,3349,4280,3999,3526,3145,-4.42245,-20.3521,8.87003,48.2507
61023,4451,4129,3555,3258,7597,4888,3785,3249,8932,5094,3807,3228,5002,4365,3540,3257,1.9613,-31.9914,8.61923,48.0913
61024,3379,3441,3310,3142,4149,3863,3383,3233,6863,5179,3847,3371,10599,6515,4149,3375,21.2684,-22.5951,8.59164,47.8653
61025,3219,3280,3355,3347,3271,3522,3688,3750,3593,4246,5204,5150,3676,5130,9688,7743,29.7689,11.9322,8.66767,47.908
61026,10029,6284,3968,3494,7482,5330,3898,3343,4300,3918,3510,3203,3377,3473,3262,3174,-18.9591,-22.8317,8.81643,48.03
61027,3317,3704,4451,5322,3346,3842,5195,9136,3379,3739,4826,7090,3228,3590,3846,4358,-3.50047,31.2581,8.57297,48.246
61028,3360,3408,3298,3196,3676,3831,3817,3377,4451,5317,4603,3916,5266,9562,6683,4105,33.8407,-4.48849,8.52825,47.9107
61029,3262,3487,3883,4024,3331,3879,5487,5721,3509,4272,6876,7499,3342,3857,4765,4988,4.10172,15.9418,8.89577,48.1213
61030,3750,3723,3574,3336,4370,4914,4212,3611,5468,8141,5146,3829,4807,5663,4399,3530,8.63856,-7.95787,8.7815,48.3153
61031,3462,4261,7512,10808,3397,3937,4925,6160,3222,3384,3916,3913,3097,3294,3382,3362,-25.4543,19.9938,8.66597,48.0213
61032,4061,5775,8236,5551,3893,5002,6344,4806,3368,3803,4074,3773,3213,3330,3453,3421,-19.0597,5.74367,8.59109,48.0687
61033,10338,5872,3919,3279,7825,5085,3909,3419,4264,3935,3439,3256,3426,3415,3328,3193,-18.4478,-26.0798,8.61716,47.9347
61034,3321,3475,3479,3355,3682,4247,4396,3687,4158,6429,6868,4324,4303,5828,6239,4449,13.206,0.924972,8.85996,48.16
61035,3510,3523,3238,3013,4593,4207,3594,3281,7750,6436,4065,3466,7697,6281,4121,3419,14.4002,-18.1096,8.68511,48.1293
61036,3731,3617,3397,3284,4592,4533,3750,3277,7217,7421,4384,3592,6156,6043,4200,3565,11.4923,-14.7949,8.88651,48.506
61037,3772,5186,8457,6213,3706,4565,6657,5400,3466,3762,4172,3770,3113,3249,3445,3433,-18.413,9.83647,8.84367,48.244
61038,3511,3960,5643,10387,3273,3851,5057,8119,3294,3528,3936,4310,3054,3281,3395,3589,-18.0212,29.2372,8.94577,48.1253
61039,3229,3391,3737,3596,3403,3715,4677,4463,3558,4383,7304,6880,3557,4224,6232,6008,12.1168,13.9933,8.80094,48.238
61040,3114,3241,3557,3517,3285,3696,4151,4411,3485,3992,6200,7331,3509,4098,6779,8088,16.361,17.8857,8.98521,48.3027
61041,3455,3895,5416,9657,3335,3858,5271,8306,3403,3516,4064,4349,3156,3186,3502,3425,-16.4416,33.9138,8.81716,47.8627
61042,4939,5613,4309,3549,5918,8192,4739,3631,4516,5080,4040,3491,3655,3714,3604,3347,-8.07505,-9.904,8.82483,48.2247
61043,7352,5273,3871,3360,9277,5534,3996,3346,5248,4199,3541,3176,3714,3683,3310,3105,-11.3062,-23.6261,8.61368,47.99
61044,3079,3315,3366,3456,3295,3552,3887,3954,3427,3976,5407,5856,3607,4526,8169,9283,23.7177,16.7308,8.59559,48.1033
61045,4277,5556,4943,3843,4588,7639,6204,4075,4065,4620,4306,3699,3495,3806,3591,3430,-9.33811,-2.86981,8.73401,48.0913
61046,3783,3693,3385,3138,4463,4524,3680,3329,6924,7166,4368,3495,6433,6233,4175,3408,12.5132,-14.8918,8.90765,48.1313
61047,3162,3388,3532,3482,3422,3771,4310,4244,3574,4404,7056,6440,3598,4461,7039,6454,14.9425,13.0288,8.95477,48.2247
61048,3781,5190,9473,7330,3754,4265,5687,5188,3277,3619,3872,3723,3092,3225,3340,3284,-24.2837,10.8983,8.87695,48.0667
61049,3166,3320,3577,3522,3203,3553,4050,4441,3452,3941,5770,7703,3463,4098,6287,8429,16.1878,19.8186,8.84229,47.9833
61050,4477,5353,4435,3787,5154,7997,5387,4004,4269,5229,4352,3502,3724,3739,3656,3322,-7.52527,-6.5034,8.54581,48.258
61051,3408,3813,3892,3771,3899,4816,5861,4234,3860,5874,7285,4633,3684,4301,4708,4095,3.69337,3.40058,8.72855,48.0893
61052,3482,3884,6081,12683,3463,3808,4888,6077,3146,3370,3804,3771,3150,3276,3348,3371,-27.5504,33.1529,8.64642,47.7347
61053,11557,6931,3960,3385,5911,4798,3803,3342,3997,3903,3410,3292,3436,3424,3223,3134,-33.2924,-22.1874,8.57882,47.6707
61054,5720,9297,6468,4211,4514,5633,4749,3842,3806,3747,3650,3451,3248,3419,3332,3225,-23.7029,-5.29838,8.73919,48.208
61055,3226,3433,3532,3581,3402,3880,4471,4177,3646,4824,7437,5773,3757,4710,6959,5705,14.0692,10.2439,8.57441,48.342
61056,3208,3269,3711,3856,3291,3657,4529,5869,3287,3855,5345,9927,3391,3712,4743,6186,7.97559,33.8059,8.81051,47.8907
61057,3606,4307,4861,4332,3882,5074,7976,5159,3648,4376,5788,4525,3310,3764,3979,3774,-4.59648,7.2249,8.73919,48.2407
61058,3428,4259,7994,10376,3348,4005,4990,5648,3234,3632,3791,3927,3089,3290,3348,3420,-29.7418,18.1985,8.79263,47.8527
61059,5494,9449,7080,4268,4397,5169,4765,3883,3642,3788,3645,3451,3282,3291,3375,3105,-27.4959,-4.27196,8.87168,48.056
61060,7517,9512,5236,3702,5208,5333,4239,3501,3858,3774,3563,3409,3335,3415,3292,3071,-31.6497,-11.7206,8.51955,47.9767
61061,3177,3416,3480,3474,3454,3766,4183,4001,3806,4855,7021,5297,3775,5119,7807,5735,16.3127,8.5958,8.79109,48.244
61062,7632,5658,3960,3292,8540,5956,4002,3361,4746,4294,3654,3359,3766,3588,3351,3150,-13.0513,-21.1753,8.62389,48.206
61063,4099,6347,9490,5971,3793,4545,5562,4656,3413,3602,3814,3790,3026,3279,3451,3333,-26.1062,6.03853,8.55793,48.114
61064,3031,3373,3545,3590,3238,3718,4066,4577,3426,3833,5820,8516,3378,3957,5769,8034,14.5694,21.9043,8.62312,47.914
61065,3184,3211,3388,3440,3278,3488,3781,3918,3425,3937,5014,5905,3370,4113,7434,10819,33.1832,19.886,8.58956,47.8033
61066,3261,3374,3325,3162,3500,3776,3749,3429,4615,5112,4608,4024,5745,9873,6740,4114,31.3469,-4.7804,8.93059,48.2713
61067,4044,4874,4575,3872,4512,7316,6328,4138,4131,5344,4927,3802,3626,3786,3781,3595,-5.41538,-2.07793,8.87646,48.434
61068,5259,8946,7460,4514,4374,5185,4731,4048,3661,3836,3659,3472,3258,3392,3267,3205,-27.8479,-2.8668,8.73254,48.178
61069,3472,4101,4687,4340,3703,4952,7731,5301,3533,4523,6112,4828,3412,3696,4128,3971,-3.05387,8.42561,8.88562,48.3267
61070,3548,4362,8282,9653,3477,4008,5132,5559,3297,3497,3639,3987,3102,3224,3384,3367,-32.9092,17.1545,8.55361,47.6787
61071,3316,3908,5745,10322,3425,3741,5062,8115,3262,3520,3959,4335,3054,3247,3464,3433,-18.3452,27.6753,8.64826,47.9387
61072,4897,8519,8024,4866,4237,4955,4869,4044,3650,3740,3642,3453,3254,3374,3406,3259,-27.9266,-0.536241,8.63251,48.126
61073,3397,3416,3173,3150,4017,3849,3430,3096,6512,4801,3827,3447,12403,5999,3854,3333,24.8239,-31.4826,8.90577,47.8027
61074,3364,3790,5857,12407,3305,3650,4661,6043,3305,3526,3866,3925,3149,3291,3348,3345,-33.6023,32.0628,8.57065,47.2213
61075,3031,3257,3370,3504,3113,3503,3838,3949,3334,3878,4840,6169,3442,3999,6427,12416,27.2625,26.3528,8.65775,48.0467
61076,3032,3432,3624,3713,3375,3736,4543,4703,3418,4263,6980,7398,3507,4164,6028,6280,11.9071,15.7083,8.77241,48.1307
61077,3379,3938,6451,12150,3301,3809,4918,6057,3150,3512,3760,3973,3131,3206,3407,3383,-33.3132,24.9155,8.80534,47.6833
61078,6595,4846,3705,3332,9673,5126,3736,3412,5996,4482,3689,3297,3959,3670,3278,3281,-7.95001,-30.6214,8.56591,48.0513
61079,3306,3387,3527,3425,3525,4010,4321,3994,3924,5599,7443,4809,4057,5296,6870,4884,13.9937,4.82325,8.82562,48.2513
61080,3396,4099,5021,4690,3608,4549,7975,5932,3514,4011,5751,4915,3308,3605,3876,4016,-4.94864,11.2383,8.83403,48.1773
61081,10153,8204,4331,3316,5625,5146,4027,3380,3876,3855,3541,3212,3467,3482,3365,3075,-28.8839,-17.9436,8.86167,48.0367
61082,4258,3915,3539,3235,6882,4712,3715,3321,9339,5122,3784,3386,5535,4464,3553,3263,4.38463,-28.5952,8.63604,48.0153
61083,3310,3380,3337,3266,3887,4187,3854,3495,4824,6934,5338,3913,5204,7646,5757,4033,16.8368,-5.23017,8.78214,48.2433
61084,3223,3391,3643,3599,3461,3803,4476,4237,3675,5018,7564,5524,3808,4881,6671,5203,13.3345,8.54815,8.6501,48.118
61085,3091,3330,3273,3455,3316,3431,3853,3944,3322,3802,4785,6336,3425,4041,6165,12275,26.1816,26.9293,8.624,47.896
61086,5746,9554,6536,4070,4433,5192,4617,3856,3659,3865,3637,3525,3268,3400,3309,3226,-31.8187,-5.25134,8.83226,47.9287
61087,4194,4104,3557,3303,5488,6034,4144,3537,6277,7109,4409,3500,4621,4649,3973,3427,2.92997,-13.137,8.52758,48.2173
61088,5010,6187,4761,3751,5422,8015,5066,3827,4249,4589,3979,3641,3502,3671,3592,3282,-11.4682,-8.21841,8.54803,48.3627
61089,4905,7231,6024,4262,4577,6876,5682,4050,3687,4185,4006,3455,3342,3404,3356,3403,-15.9768,-3.32666,8.97379,48.2967
61090,3777,4131,3964,3536,4459,6358,5060,3889,4612,7057,5384,3962,3860,4421,4100,3719,1.10166,-4.36727,8.99875,48.1927
61091,3421,3787,5135,7066,3293,3969,5756,9130,3197,3628,4385,5206,3125,3328,3564,3780,-10.7874,22.4348,8.68401,47.8467
61092,10489,7205,4220,3383,6400,5269,3914,3469,4164,3801,3460,3261,3389,3404,3168,3201,-23.1159,-20.1305,8.72601,48.1313
61093,3359,3463,3684,3694,3602,4085,5042,4517,3646,4904,8188,5944,3622,4347,5319,4839,8.46682,9.62545,8.81837,48.17
61094,4929,4070,3564,3275,8433,5080,3694,3399,8275,4872,3686,3401,4775,4125,3594,3272,-0.0733246,-26.9145,8.75326,48.296
61095,3304,3872,4473,4187,3630,4666,7286,5292,3729,4528,6577,4951,3502,3857,4330,4132,-1.18024,9.10355,8.86256,48.2107
61096,3143,3262,3685,3693,3260,3520,4169,4793,3385,3829,5347,9270,3456,3817,5367,8226,13.3204,26.9269,8.80225,48.148
61097,4157,4593,4264,3656,4808,7286,5738,3880,4320,5760,4740,3943,3716,3917,3845,3522,-3.82252,-4.24155,8.53869,48.0967
61098,3350,3742,6119,12562,3429,3825,4586,6024,3209,3443,3818,3887,3225,3251,3355,3458,-29.5779,30.2248,8.7837,47.522
61099,3739,4892,7064,5609,3661,5035,7632,5441,3409,3828,4343,4063,3264,3407,3585,3428,-14.2503,8.57915,8.98265,48.2667
61100,3628,4605,8789,9133,3446,4115,5100,5377,3085,3571,3880,3907,3202,3281,3409,3418,-32.3964,15.455,8.74537,47.964
61101,3882,4868,5472,4278,4157,6120,7537,4770,3695,4399,4637,3923,3310,3610,3654,3529,-9.37427,2.91378,8.51532,47.894
61102,3280,3403,3458,3389,3512,3790,4082,3760,3870,4921,6673,4901,3966,5665,8211,5504,18.5028,6.21192,8.70851,48.2567
61103,3306,3385,3290,3126,3814,3997,3564,3459,5120,6412,4562,3738,6177,8784,5496,3832,20.4119,-8.77741,8.65995,48.0413
61104,3242,3356,3213,3197,3787,3893,3681,3432,4974,5126,4204,3622,7066,9994,5407,3734,32.139,-10.0452,8.87001,47.952
61105,3870,4611,5418,4631,3856,5606,7920,5050,3642,4298,4915,4102,3340,3554,3703,3575,-8.45042,5.4882,8.89559,48.0607
61106,3518,3794,3760,3551,3860,4834,5145,4147,4105,6339,7478,4503,3875,4455,4933,4247,5.92485,2.1319,8.92184,48.3627
61107,3602,4766,8008,6596,3646,4525,6891,5758,3342,3700,4095,3986,3228,3394,3487,3497,-17.4983,11.3003,8.90655,48.3473
61108,3345,3557,3875,3764,3542,4068,5301,4748,3605,4570,8005,6122,3505,4048,5202,4833,6.95122,10.8512,8.63503,48.06
61109,5009,5666,4386,3587,5867,8313,4861,3724,4450,4908,4111,3450,3648,3701,3486,3355,-9.45754,-9.79146,8.914,48.348
61110,4041,6025,9746,6378,3802,4445,5264,4816,3445,3672,3785,3647,3061,3374,3382,3293,-27.2399,7.44772,8.56358,48.1173
61111,8697,9046,4777,3522,5161,5200,4191,3496,3861,3812,3431,3300,3513,3336,3255,3104,-32.1369,-14.0213,8.60978,47.8013
61112,3845,5484,9678,7119,3627,4321,5360,5064,3330,3577,3719,3831,3129,3249,3284,3353,-27.1047,10.3168,8.7132,47.98
61113,3465,3624,3562,3491,3651,4458,4541,3910,4171,6398,7217,4583,4134,5488,5642,4457,10.99,2.10057,8.52535,48.528
61114,3543,3496,3408,3205,4333,4493,3726,3433,6395,7117,4388,3579,6321,6772,4484,3576,14.158,-13.3184,8.54933,48.1793
61115,6627,4960,3740,3361,9596,5736,3851,3438,5606,4471,3646,3295,3885,3722,3415,3030,-8.96934,-23.586,8.86741,48.2527
61116,4359,3980,3357,3267,7287,4755,3863,3315,9181,5081,3712,3343,5269,4427,3624,3339,3.0833,-31.4723,8.76679,48.106
61117,3922,5875,9803,6154,3688,4469,5229,4672,3450,3601,3945,3816,3143,3414,3357,3357,-32.0845,7.65784,8.54022,47.93
61118,3420,3794,4990,6086,3288,3982,6182,9014,3272,3679,4626,5652,3055,3440,3787,3856,-8.04579,20.8349,8.77166,48.082
61119,3474,3912,5643,7075,3417,3902,6204,8546,3318,3640,4297,4964,3122,3338,3550,3750,-12.0132,20.0505,8.84414,48.1013
61120,5443,4473,3760,3339,8806,5669,3943,3414,6470,4985,3773,3489,4203,4016,3523,3160,-4.12673,-22.0815,8.6169,48.3107
61121,3665,4292,7604,9151,3464,3885,5752,6239,3291,3522,3919,4073,3071,3334,3434,3292,-21.0431,17.4809,8.77432,47.992
61122,3993,3818,3386,3131,5957,4379,3549,3272,10139,5284,3743,3425,6251,4670,3807,3331,7.25234,-31.8267,8.97776,48.09
61123,4753,7618,6960,4595,4374,5835,5739,4204,3544,4027,3878,3655,3168,3397,3386,3225,-19.1388,-0.641711,8.82626,48.2387
61124,3385,3899,5255,6995,3467,3911,5868,9308,3231,3637,4491,5210,2991,3230,3677,3836,-10.6541,22.8017,8.88328,48.2607
61125,3461,3245,3237,3113,3965,3787,3316,3227,6111,4793,3765,3434,12668,6010,3963,3345,27.7616,-31.4184,8.87928,47.6267
61126,3428,3800,5326,9005,3389,3836,5332,9081,3267,3481,4053,4715,3127,3258,3672,3606,-14.9938,26.1043,8.94646,48.2507
61127,3473,3982,6058,12490,3326,3809,4752,5955,3211,3438,3820,3842,3067,3252,3347,3361,-27.9458,33.704,8.57181,47.4553
61128,3182,3343,3421,3298,3387,3749,3853,3711,3823,4537,5567,4648,4090,6198,9472,6008,24.4997,6.53642,8.69363,48.1913
61129,3734,3698,3330,3141,5218,4247,3693,3269,9728,5346,3795,3366,7411,4889,3877,3344,10.9684,-26.689,8.77917,48.0573
61130,3724,4206,4273,3814,4199,5960,6249,4204,4142,5839,6139,4153,3699,4140,4105,3720,-0.453682,1.10849,8.66012,48.3773
61131,3557,3568,3462,3322,3921,4394,3980,3518,4901,7589,5487,3948,4787,6556,5178,3987,13.2144,-5.18524,8.71035,48.1033
61132,3174,3374,3348,3332,3449,3607,3820,3741,3762,4550,5092,4591,3968,6268,9970,6199,30.2391,6.85014,8.79557,48.1633
61133,3512,3414,3214,3077,4023,3747,3387,3256,5958,4802,3687,3329,12496,6110,3933,3407,31.0149,-28.5427,8.59513,47.568
61134,3483,3306,3284,3214,3989,3695,3472,3258,6026,4823,3772,3285,12415,6259,3800,3350,31.7921,-26.9479,8.88009,47.6207
61135,3159,3183,3505,3502,3248,3567,4102,4433,3369,3809,5195,8224,3440,3903,5541,9644,16.8764,31.9757,8.64653,47.8827
61136,12083,5958,3834,3407,6684,4793,3768,3406,3911,3824,3563,3272,3361,3284,3184,3127,-23.7633,-33.5417,8.81394,47.6393
61137,3282,3690,4789,6396,3396,3857,5038,9860,3365,3549,4532,6034,3233,3383,3725,3944,-7.67206,29.2426,8.96943,48.0487
61138,5190,6051,4591,3785,5579,7996,5060,3902,4167,4776,4012,3516,3605,3545,3524,3276,-10.808,-8.2259,8.51311,48.3833
61139,3131,3232,3375,3369,3409,3603,3875,3779,3686,4481,5386,4873,4064,5766,9797,6544,26.8452,8.36408,8.66347,48.2467
61140,3516,4032,4686,4076,3710,4958,7681,5432,3723,4425,6144,4764,3469,3727,4084,3827,-3.25436,7.7923,8.79371,48.1693
61141,3291,3366,3451,3442,3271,3716,4211,4163,3543,4428,6691,6056,3710,4593,7513,6727,16.4525,13.0692,8.68149,48.1147
61142,3215,3282,3602,3584,3292,3537,4221,4441,3563,4134,6774,7428,3529,4301,6499,6999,14.1868,16.3914,8.98565,48.2673
61143,3246,3314,3313,3311,3454,3623,3767,3513,3987,4848,5115,4408,4451,7453,8941,5184,30.2483,2.02754,8.52733,47.952
61144,3502,3428,3304,3049,4077,3765,3533,3244,6993,4856,3853,3474,11567,5932,3952,3454,22.5881,-31.7547,8.51428,47.9887
61145,3246,3509,3755,3696,3404,4009,4952,4580,3546,4607,7850,6645,3605,4122,5593,5321,8.96341,12.5774,8.71973,48.2933
61146,3859,5099,6882,5081,3996,5363,7526,4993,3472,3871,4365,3857,3292,3469,3603,3472,-14.061,5.52599,8.6126,48.1333
61147,3336,3836,4673,6372,3382,3814,5524,9804,3243,3597,4467,5992,3080,3333,3813,3944,-7.55067,25.2661,8.92727,48.14
61148,3684,3708,3455,3205,4655,4652,3869,3268,6930,7610,4330,3582,5801,5678,4262,3511,10.7116,-14.116,8.9584,48.1333
61149,7614,7153,4286,3560,6797,6296,4184,3491,4304,4263,3563,3362,3528,3503,3175,3063,-16.6459,-16.2293,8.7605,48.0947
61150,3524,3550,3393,3179,4335,4355,3720,3368,6200,7206,4551,3573,6308,6892,4445,3572,14.4324,-12.4739,8.91591,48.114
61151,3361,3827,5703,10864,3322,3863,5067,7739,3264,3557,3866,4197,3041,3172,3361,3378,-19.406,29.911,8.94917,47.7213
61152,12597,6067,3831,3450,6081,4615,3734,3378,3846,3709,3458,3318,3340,3384,3265,3232,-31.2785,-29.5078,8.73057,47.5367
61153,3872,3808,3462,3178,5771,4515,3493,3329,10083,5072,3872,3346,6633,4831,3614,3277,8.58909,-30.6187,8.85672,48.104
61154,3206,3601,4144,4363,3333,3706,5010,6856,3339,3912,5760,8553,3156,3582,4405,5173,2.71618,21.3969,8.96791,48.066
61155,3446,3608,3431,3298,3930,4440,4184,3618,4575,7028,6163,4203,4488,6179,5674,4245,13.1704,-2.2731,8.66877,48.34
61156,3560,3689,3238,3136,4703,4258,3592,3408,7911,6414,4016,3405,7615,6067,4050,3373,13.8925,-19.2354,8.7301,48.29
61157,3375,3947,5582,10416,3399,3848,4945,7859,3257,3479,3890,4299,3118,3302,3460,3396,-19.019,30.4575,8.60762,47.7147
61158,3128,3176,3331,3365,3172,3532,3820,4060,3355,3760,4783,6567,3419,3939,6252,11969,24.4673,26.1859,8.76405,47.752
61159,4041,3851,3453,3149,6372,4702,3681,3223,9504,5327,3819,3358,5915,4570,3688,3377,5.76922,-26.3439,8.62973,48.02
61160,8459,5315,3881,3339,9222,5284,3903,3341,4845,4126,3500,3255,3617,3576,3316,3087,-13.9249,-31.2664,8.70754,48.044
61161,11907,6711,4081,3349,5952,4828,3876,3324,3961,3839,3499,3170,3513,3351,3302,3125,-32.4937,-23.0503,8.59319,47.8587
61162,9121,8598,4628,3636,5705,5441,3937,3494,3873,3803,3552,3208,3308,3537,3213,3098,-24.7138,-15.6995,8.80532,48.1013
61163,4130,4897,4539,3807,4529,7388,6324,4054,4158,5219,4728,3863,3645,3902,3656,3543,-5.96839,-2.35942,8.84799,48.2547
61164,3905,3626,3328,3173,5171,4424,3615,3287,9196,6098,3848,3349,6969,5200,3748,3302,10.7268,-21.8162,8.74956,48.1593
61165,3251,3258,3326,3221,3683,3785,3705,3443,4429,5186,4735,4021,5130,9239,7209,4326,33.5764,-3.02712,8.72807,47.9647
61166,3758,4152,4650,3994,3837,5588,7489,4750,3733,4747,5944,4328,3580,3803,4078,3692,-3.71257,4.85051,8.77622,48.082
61167,3798,3596,3509,3236,4847,4503,3737,3388,7809,6888,4190,3491,6315,5650,4036,3425,11.0387,-17.115,8.78575,48.2787
61168,3246,3780,5131,7576,3390,3890,5224,9590,3210,3565,4312,5027,3085,3311,3654,3694,-11.6341,31.2882,8.84818,47.79
61169,3321,3804,5228,7806,3460,3729,5356,9731,3174,3503,4262,5160,3037,3245,3492,3732,-11.9427,27.3104,8.91254,48.0267
61170,4155,6446,9897,5858,3885,4513,5128,4600,3405,3576,3785,3586,3151,3366,3311,3330,-29.6734,6.13677,8.95623,47.9947
61171,3243,3572,3568,3501,3612,4251,4583,3912,3985,5954,7446,4817,3978,5142,5976,4598,11.673,3.25576,8.55815,48.092
61172,5832,9199,6294,4168,4754,5707,4798,3828,3656,3930,3658,3339,3285,3423,3256,3289,-23.8626,-6.00466,8.61235,48.2773
61173,4228,7098,9383,5354,3966,4662,5139,4476,3461,3740,3757,3622,3242,3359,3323,3282,-32.6008,3.9923,8.93824,48.0613
61174,3288,3966,5578,9886,3355,3725,5049,8209,3405,3535,3912,4547,3050,3274,3279,3414,-17.3485,29.9334,8.81067,47.648
61175,3092,3209,3358,3364,3314,3507,3870,3814,3553,4139,5674,5268,3707,5070,9269,7805,24.5913,12.366,8.62001,48.0087
61176,3855,4539,5758,4770,3836,5284,7952,5282,3560,4102,5040,4163,3278,3607,3800,3604,-9.56029,7.21477,8.65626,48.2867
61177,3389,3406,3311,3136,3735,3945,3565,3240,5233,5304,4088,3639,8274,9245,4992,3632,28.2254,-13.466,8.61396,48.0893
61178,3458,3526,3343,3074,3889,4020,3726,3407,5672,6432,4417,3682,7017,8048,4982,3723,18.8198,-12.5807,8.53089,48.2773
61179,8765,7752,4451,3459,6243,5853,4003,3534,4043,3960,3520,3294,3369,3406,3338,3030,-20.0737,-16.6142,8.99898,48.0133
61180,3249,3632,4301,4606,3444,3876,5854,7438,3271,3785,5627,7327,3246,3618,4275,4691,-0.23526,19.395,8.66922,48.16
61181,7071,7411,4492,3640,6572,6583,4198,3423,4253,4011,3634,3461,3455,3552,3275,3111,-16.8559,-14.2313,8.57961,48.0947
61182,3349,3768,3858,3510,3812,4667,5310,4114,4035,6274,7303,4446,3833,4685,4893,4063,5.67987,2.14452,8.78769,47.9467
61183,3167,3214,3418,3367,3344,3707,3891,3892,3632,4332,5997,4977,3920,5322,9414,6715,22.6285,9.59334,8.88406,48.206
61184,4295,6362,7108,4657,4290,5822,6517,4496,3647,3927,4092,3612,3267,3407,3564,3290,-16.3518,1.81767,8.73621,48.2353
61185,3083,3201,3321,3361,3359,3388,3757,4075,3381,3821,4885,6662,3327,4019,5926,12146,24.228,32.3203,8.98627,47.808
61186,3464,3951,5310,5491,3373,4127,7129,7607,3387,3889,4933,5217,3217,3519,3833,3867,-7.45937,15.9187,8.59194,48.2093
61187,9760,8505,4593,3489,5565,5264,3967,3487,3886,3840,3536,3241,3379,3352,3247,3109,-28.5586,-16.4734,8.64891,48.1467
61188,3907,5027,7910,5749,3821,4712,7099,5327,3426,3776,4238,4035,3210,3455,3517,3333,-16.7484,8.83471,8.78399,48.3613
61189,3092,3107,3290,3317,3344,3530,3928,3919,3572,4269,5407,5390,3651,4883,9205,8343,26.637,13.6479,8.55649,48.1647
61190,4438,5492,4653,3848,5001,7847,5566,3931,4046,5147,4338,3664,3742,3755,3554,3335,-8.43654,-5.38551,8.53688,48.238
61191,7728,9446,5076,3687,5220,5338,4217,3591,3835,3905,3739,3278,3428,3409,3271,3135,-33.3904,-12.035,8.74496,48.202
61192,3085,3137,3408,3342,3295,3419,3799,3857,3389,3677,4733,6270,3401,3878,5908,12778,26.3837,29.8422,8.94486,47.584
61193,3234,3512,3600,3609,3608,3974,4701,4337,3732,5081,8166,5618,3728,4568,5889,4916,10.1462,8.1768,8.85646,48.182
61194,6175,9778,6126,4177,4821,5178,4362,3812,3674,3750,3641,3404,3398,3320,3386,3138,-28.6208,-6.80584,8.59382,48.0933
61195,6221,7605,4786,3723,5680,7129,4613,3652,4192,4130,3778,3394,3495,3494,3341,3130,-16.4956,-10.7638,8.63643,48.242
61196,3266,3399,3220,3120,3656,3869,3673,3388,4738,5348,4478,3769,6230,9804,5913,4002,32.6328,-7.22068,8.70185,47.9153
61197,12324,6316,4046,3307,5930,4941,3784,3297,3884,3798,3425,3288,3337,3397,3253,3204,-31.4774,-24.9702,8.59944,47.6873
61198,4102,4492,4311,3731,4575,7166,5688,4012,4410,6016,4948,3806,3747,4068,3894,3527,-3.10006,-3.83852,8.78243,48.3287
61199,3079,3374,3785,3944,3266,3596,4440,6049,3429,3746,5156,10067,3268,3824,4674,6519,7.2336,28.9036,8.91277,48.144
61200,4547,5090,4193,3550,5684,8255,4896,3695,4577,5443,4218,3521,3789,3772,3641,3338,-6.347,-8.83793,8.96071,48.1393
61201,10558,8118,4315,3452,5609,5149,3863,3512,3867,3856,3359,3262,3360,3504,3143,3058,-28.8088,-18.4592,8.97586,47.99
61202,3012,3230,3338,3393,3386,3565,3867,3929,3604,4089,5269,5408,3576,4760,9044,8563,27.7734,14.0801,8.58025,48.022
61203,3404,3926,5952,11105,3275,3737,4934,7306,3199,3519,3849,4251,3154,3238,3431,3568,-20.2511,27.5911,8.82441,47.8987
61204,3944,3632,3307,3147,5693,4422,3456,3229,9667,5344,3834,3337,6982,4957,3813,3272,9.51309,-27.2171,8.61858,48.024
61205,3158,3300,3403,3431,3442,3636,3818,3823,3709,4414,5196,4778,3709,5411,9812,6772,30.3628,9.6473,8.7384,47.8747
61206,11787,6768,4077,3380,6311,4973,3915,3359,4024,3842,3461,3243,3441,3431,3230,3108,-25.0041,-22.9181,8.92617,48.2333
61207,10020,7548,4197,3405,6304,5490,3949,3448,4106,3876,3654,3204,3407,3390,3171,3027,-22.6987,-18.9488,8.97478,48.1307
61208,3471,3957,4608,4304,3686,4845,7582,5384,3647,4359,6185,4945,3490,3800,4122,3936,-2.51101,9.47578,8.61523,48.214
61209,3402,3948,5701,6956,3435,4091,6415,8339,3413,3617,4267,4843,3095,3421,3607,3715,-11.999,18.6884,8.83842,48.1767
61210,3806,3619,3327,3072,5565,4299,3574,3243,10065,5296,3723,3342,6922,4921,3752,3432,9.54912,-32.3097,8.91503,47.972
61211,3465,3417,3274,3080,4120,3868,3510,3132,7384,5066,3770,3277,11121,6125,3939,3418,20.5995,-25.7733,8.80292,47.9773
61212,3595,4361,7789,10670,3321,3913,5042,5789,3313,3620,3715,3881,3173,3258,3286,3399,-30.6718,18.9469,8.70666,48.0833
61213,3130,3249,3486,3404,3268,3568,3965,4120,3504,4136,5377,6650,3559,4204,7203,9374,20.3228,18.684,8.54544,48.1313
61214,6850,9054,5050,3745,5301,6045,4488,3672,3926,3954,3723,3330,3405,3430,3253,3140,-21.369,-10.8703,8.79498,48.244
61215,3855,5408,9691,6973,3619,4373,5381,5030,3356,3737,3899,3763,3050,3151,3449,3349,-24.4666,9.63732,8.98786,48.056
61216,8986,5353,3869,3439,9030,5212,3786,3365,4632,4093,3363,3206,3511,3458,3370,3047,-15.0315,-29.7945,8.84549,47.8133
61217,3098,3396,3428,3397,3336,3677,4023,3933,3706,4451,6430,5654,3693,4874,8151,6859,18.8146,11.5511,8.53581,48.0707
61218,4790,4077,3613,3287,7248,5696,3947,3350,7393,5773,3967,3261,4725,4349,3560,3137,0.279665,-19.3034,8.98159,48.1153
61219,3243,3627,4658,6008,3392,3822,5252,9685,3381,3736,4475,6184,3154,3446,3847,4043,-6.39625,32.5629,8.67306,47.9687
61220,3170,3250,3342,3339,3237,3565,3746,3768,3486,4156,5205,5370,3625,4803,9022,8757,30.4971,14.3358,8.55363,47.894
61221,3579,4733,8891,8815,3447,4200,5350,5443,3243,3535,3944,3922,3158,3256,3313,3266,-26.5791,14.6108,8.83016,48.0633
61222,4160,4009,3443,3271,6605,5095,3799,3357,8583,5858,3905,3379,5246,4608,3692,3234,3.75543,-21.2883,8.65262,48.1627
61223,3094,3336,3609,3696,3280,3478,4213,4766,3567,3955,6067,8438,3427,4035,5867,7729,13.2863,20.7458,8.98343,48.3713
61224,3326,4058,6018,8354,3390,4038,5714,8121,3209,3498,4207,4698,3177,3195,3530,3537,-15.242,21.3521,8.64304,48.0467
61225,11933,6114,3919,3450,6658,4802,3671,3385,4035,3700,3504,3211,3436,3396,3223,3209,-23.6757,-31.9454,8.54408,47.764
61226,3654,4057,3837,3617,4248,5518,5225,4049,4382,6763,6054,4105,3904,4487,4359,3850,2.91512,-1.57581,8.52159,48.0727
61227,3287,3395,3362,3260,3593,3829,3896,3507,4332,5388,5380,4124,4952,7980,7604,4598,21.432,-0.741991,8.97356,48.3247
61228,3208,3544,4270,5108,3372,3886,5320,8531,3351,3756,5034,7627,3162,3559,4069,4499,-1.68101,25.3457,8.5765,48.1973
61229,3228,3627,3942,4025,3483,3811,5132,5620,3506,4161,6882,7688,3312,3828,4950,5238,5.79638,16.9389,8.83797,48.2887
61230,3178,3439,3406,3252,3592,3855,3902,3612,4251,5794,5709,4275,4551,7236,7250,4646,19.0758,-0.141642,8.73668,47.9653
61231,3314,3605,4230,5134,3345,3697,5091,8944,3312,3685,4915,7707,3190,3535,3936,4427,-2.2202,32.0991,8.54685,48.0447
61232,3202,3189,3285,3271,3469,3808,3699,3816,3863,4512,5196,4701,4164,6347,9651,6085,30.4517,6.03653,8.57598,48.172
61233,3503,3525,3479,3227,3874,4199,3880,3561,4739,6789,5461,4158,4940,7174,5748,4151,15.9104,-4.04267,8.57419,48.272
61234,4708,5144,4289,3759,5477,8007,5036,3794,4422,5393,4207,3494,3801,3925,3635,3343,-6.71989,-8.17087,8.63266,48.2893
61235,3424,3877,5926,12688,3350,3784,4776,5981,3311,3431,3726,4022,3088,3311,3395,3346,-31.8525,28.0743,8.75349,47.624
61236,7463,6432,4054,3430,7381,6419,4126,3462,4474,4212,3647,3303,3507,3618,3356,3117,-14.9289,-17.4708,8.75157,48.0007
61237,11735,6686,4046,3384,6059,4984,3918,3319,4123,3777,3415,3260,3418,3438,3316,3097,-26.3268,-24.0834,8.5428,47.9833
61238,3434,3382,3402,3295,3546,3820,3908,3434,4311,5505,5321,4134,4941,8186,7546,4513,21.7224,-1.03392,8.96256,48.452
61239,4688,5744,5121,4028,4879,8002,5711,3960,4017,4607,4272,3651,3410,3731,3496,3312,-10.8533,-4.42736,8.76477,48.4193
61240,3311,3451,3301,3201,3592,3870,3670,3501,4401,5006,4967,4060,5026,8725,7744,4582,30.0323,-1.46221,8.58151,48.272
61241,7009,4896,3749,3355,9880,5364,3887,3284,5512,4205,3584,3243,3821,3736,3282,3272,-10.0648,-26.6681,8.9018,48.0527
61242,6027,9786,6185,3960,4637,5243,4475,3796,3710,3911,3709,3390,3268,3454,3218,3188,-33.1412,-6.6869,8.86641,47.9713
61243,3268,3375,3334,3278,3618,3974,3799,3552,4425,5947,5435,4107,4995,7616,6957,4419,19.8303,-1.73459,8.57426,48.066
61244,3250,3394,3561,3562,3526,4001,4681,4189,3699,5032,7963,5643,3805,4566,6333,5251,11.3665,8.96233,8.54261,48.304
61245,3428,3375,3208,3105,3942,3752,3494,3288,6010,4985,3881,3368,12187,6409,3908,3395,28.9129,-24.1907,8.9468,47.8233
61246,9616,5698,3876,3394,8301,5268,3845,3543,4561,4042,3471,3268,3461,3500,3340,3034,-16.7461,-26.043,8.59421,48.1453
61247,3550,4077,4546,4205,3856,5078,7386,5035,3634,4601,6354,4657,3602,3797,4185,3823,-2.38744,6.8168,8.54303,48.2573
61248,3316,3783,4983,6672,3313,3855,5473,9646,3206,3602,4396,5551,3098,3314,3749,3998,-9.36389,25.4397,8.64693,47.97
61249,3039,3177,3449,3261,3300,3636,3810,4054,3593,4170,5618,5530,3613,4884,8798,8528,24.1844,14.2319,8.91186,48.3067
61250,8397,6353,4123,3571,7743,6023,4185,3399,4361,4026,3553,3218,3498,3394,3264,3209,-16.5046,-19.2536,8.98819,48.2113
61251,9675,7015,4204,3438,7016,5505,3963,3386,4370,3989,3474,3159,3525,3255,3254,3076,-19.4127,-19.474,8.93905,48.2027
61252,3136,3240,3251,3319,3619,3762,3744,3469,4030,5040,5357,4262,4614,7435,8703,5100,24.5715,1.95123,8.60749,48.054
61253,3097,3333,3406,3462,3327,3637,4077,3983,3649,4328,6273,6213,3504,4626,7852,7734,18.6795,14.3929,8.9019,48.334
61254,6654,6061,4256,3409,7406,6926,4265,3535,4531,4289,3764,3395,3584,3570,3363,3211,-13.1929,-15.7895,8.85684,48.146
61255,4284,5983,7772,5082,3991,5291,6421,4592,3592,3747,4032,3706,3321,3363,3540,3346,-18.0198,3.60584,8.84823,48.042
61256,3617,3534,3222,3193,4925,4174,3538,3271,9220,5405,3784,3293,8522,5314,3772,3359,13.5582,-26.0037,8.9353,48.0953
61257,3239,3650,4491,5685,3323,3790,5160,9589,3329,3688,4471,6780,3126,3492,3932,4171,-5.13061,28.4299,8.68683,47.944
61258,3357,3912,6196,10723,3436,3767,5114,7443,3209,3442,3943,4290,2985,3168,3428,3416,-20.076,23.9634,8.97699,47.886
61259,6547,9994,5920,3994,4674,5235,4472,3717,3708,3695,3677,3402,3307,3355,3263,3049,-28.989,-8.17844,8.79674,48.006
61260,3397,4208,7444,10750,3451,3882,4962,5866,3194,3528,3787,3803,3123,3267,3332,3448,-33.2183,20.1222,8.75267,47.628
61261,7976,7766,4637,3573,6181,6042,4124,3501,4143,4058,3604,3234,3447,3424,3308,3088,-19.2329,-15.16,8.90652,48.0707
61262,4318,6961,9182,5439,3974,4775,5332,4402,3573,3725,3597,3659,3153,3270,3312,3317,-25.7915,3.54931,8.74867,47.9927
61263,3231,3143,3423,3446,3318,3564,3785,3913,3627,4108,5648,5697,3600,4835,8674,8458,23.8059,14.3079,8.60761,48.3133
61264,5453,4768,3758,3355,8551,6083,3972,3362,6223,4875,3753,3374,4156,3826,3387,3215,-5.22469,-20.568,8.7823,48.074
61265,3222,3650,3709,3542,3620,4245,5001,4187,3938,5590,7850,5094,3819,4677,5562,4656,8.98792,5.55822,8.51838,48.2413
61266,8946,5362,3756,3374,8931,5270,3880,3319,4595,4126,3446,3283,3663,3497,3359,3136,-14.7557,-27.9964,8.58604,47.962
61267,3337,3422,3437,3361,3641,3987,4075,3700,4216,5956,6476,4505,4418,6381,6824,4686,16.3029,1.10298,8.70422,48.2813
61268,3681,3494,3385,3127,4894,4056,3558,3259,9465,5355,3821,3336,8197,5299,3779,3432,12.6516,-26.7787,8.65003,48.092
61269,3319,3345,3258,3082,3731,3838,3593,3290,4931,5770,4631,3753,6473,9542,5651,3774,23.2339,-8.81476,8.97767,47.9873
61270,4319,7067,9607,5522,3903,4568,5167,4422,3475,3630,3728,3638,3242,3344,3393,3246,-28.3354,3.92515,8.96359,48.1807
61271,3702,3585,3481,3195,4933,4664,3710,3319,7552,7082,4206,3522,6079,5634,4029,3485,10.4327,-16.3271,8.83558,48.1187
61272,3166,3522,3714,3844,3392,3961,5141,4849,3583,4402,7946,6388,3616,4126,5454,5073,7.91001,12.4322,8.77276,48.118
61273,3226,3363,3347,3154,3526,3827,3845,3485,4349,5088,4925,4001,5322,9083,7172,4367,26.1711,-2.6783,8.79247,48.0533
61274,3666,4260,5936,5451,3602,4689,7897,6233,3466,3961,4897,4459,3266,3320,3696,3631,-10.0774,11.1267,8.53995,48.2867
61275,3259,3547,3552,3417,3685,4231,4364,3818,4106,6303,7000,4473,4202,5507,5993,4615,12.68,1.93785,8.58283,48.048
61276,6491,4726,3710,3328,9754,5370,3852,3409,5970,4378,3613,3238,3955,3734,3426,3074,-7.92837,-27.6038,8.75937,48.0187
61277,3235,3370,3317,3359,3662,3686,3564,3391,4525,5227,4475,3801,6138,9873,6277,4155,31.1354,-6.60486,8.69821,48.0367
61278,4253,5426,5076,4113,4572,7372,6433,4234,3941,4700,4445,3737,3484,3672,3625,3450,-9.44796,-1.6398,8.81219,48.3553
61279,3102,3270,3444,3270,3240,3427,3856,4027,3434,3789,4713,6144,3285,4107,6794,11942,28.915,23.5348,8.86688,47.896
61280,3295,3570,4289,4638,3351,3744,5039,8175,3364,3770,4863,8350,3176,3610,4252,4764,0.0691027,32.2919,8.66107,48.1667
61281,3598,3600,3580,3249,4490,4795,3895,3421,6454,7734,4464,3627,5651,5793,4304,3626,10.4125,-12.7057,8.57956,48.1873
61282,3660,3969,3722,3372,4440,5817,4404,3645,5302,7953,5208,3804,4402,4967,4204,3594,4.98039,-7.15819,8.85535,48.3087
61283,3330,3365,3239,3156,3940,3970,3552,3306,5964,5006,3974,3357,10918,7485,4282,3299,27.3342,-20.0809,8.68303,48.0953
61284,3707,4948,6558,4986,3800,5242,7876,5138,3545,3913,4488,4088,3254,3517,3544,3490,-12.5915,7.00767,8.97039,48.0627
61285,3952,4698,5033,4186,4204,6474,7288,4543,3819,4740,5095,4108,3487,3733,3829,3625,-6.72313,1.78607,8.82633,48.5427
61286,4485,5199,4345,3726,5037,7841,5575,3818,4296,5407,4435,3676,3663,3692,3774,3432,-6.25902,-5.61693,8.50131,48.2673
61287,3657,5095,9661,7942,3600,4068,5269,5146,3272,3602,3752,3855,3107,3288,3360,3440,-29.9409,12.4049,8.74951,48.076
61288,6426,7420,4737,3670,5988,6979,4474,3616,4031,4154,3682,3408,3467,3477,3447,3154,-16.1744,-12.1734,8.9715,48.0867
61289,11508,7170,4362,3372,6071,4979,3798,3288,4006,3777,3423,3253,3334,3374,3191,3032,-26.0714,-21.1988,8.81561,47.9587
61290,8432,8408,4630,3658,5748,5679,4095,3554,3998,3914,3567,3233,3402,3390,3225,3180,-22.7662,-14.7412,8.52693,48.0753
61291,3518,3330,3286,3048,4064,3949,3447,3212,6746,5090,3732,3393,11337,6392,4008,3369,22.6201,-24.2089,8.93146,47.9473
61292,3482,3551,3268,3186,4241,4225,3527,3398,6642,6526,4161,3535,7330,7124,4358,3617,16.123,-15.3768,8.91373,48.114
61293,3533,3307,3240,3096,4187,3894,3440,3197,7618,4915,3719,3370,11017,6087,3989,3446,20.0929,-27.9151,8.6434,48.0367
61294,3252,3361,3201,3105,3784,3846,3679,3460,4782,5782,4569,3807,6188,9598,5839,4097,24.2619,-7.38353,8.61733,48.2333
61295,3126,3206,3316,3449,3295,3553,3957,4181,3441,3884,4986,7584,3349,3987,5801,10585,19.2123,33.3706,8.59196,47.8
61296,3642,4239,4851,4219,3820,5297,7736,5049,3711,4611,5735,4551,3355,3687,3941,3693,-4.36107,6.03756,8.62372,48.0913
61297,3426,3966,6044,8066,3396,3888,5984,8325,3172,3663,4217,4598,3091,3238,3506,3612,-14.4815,20.7807,8.8638,48.128
61298,3146,3201,3430,3233,3296,3504,3721,3788,3755,4393,5148,4822,3971,5541,9951,6722,31.2153,8.89207,8.87394,47.748
61299,8099,9536,4789,3660,5297,5142,4082,3442,3668,3856,3591,3193,3382,3455,3208,3122,-33.1288,-12.9143,8.93006,47.6813
61300,7982,6112,4147,3409,7810,6065,4051,3551,4471,4155,3601,3274,3439,3605,3325,3164,-15.2587,-19.1659,8.71357,48.1073
61301,3173,3312,3416,3369,3501,3665,3786,3503,3908,4561,5052,4494,4255,6701,9586,5721,28.4591,4.76931,8.84396,48.002
61302,3553,3698,3491,3175,4035,4761,3960,3527,5362,7889,5386,3758,4997,6167,4719,3684,11.6347,-7.45242,8.65493,48.108
61303,3246,3407,3398,3351,3465,3726,3793,3614,3813,4691,5053,4475,4088,6803,9588,5473,33.2411,4.67011,8.92904,47.9893
61304,9669,7504,4206,3478,6455,5584,4068,3485,4221,3943,3604,3207,3404,3520,3210,3161,-21.0015,-18.765,8.79884,48.4793
61305,8131,8766,4683,3665,5484,5793,4234,3637,3965,3902,3607,3272,3405,3421,3259,3148,-22.2518,-14.0813,8.82719,48.248
61306,4549,5077,4315,3557,5347,7837,5375,3713,4411,5444,4266,3632,3725,3857,3625,3342,-5.91316,-7.30722,8.59457,48.048
61307,10560,6025,3906,3359,7701,5103,3807,3384,4223,3892,3525,3219,3467,3563,3243,2984,-19.0153,-25.2948,8.97301,47.974
61308,7374,6223,4106,3530,7586,6449,4173,3544,4546,4403,3583,3293,3459,3623,3325,3119,-14.1142,-18.0201,8.60739,48.224
61309,3119,3265,3356,3377,3262,3469,3867,4028,3316,3913,4948,5973,3410,4109,6909,11485,33.1458,22.3527,8.88407,47.8707
61310,3565,4231,7400,11020,3410,3816,4884,5891,3220,3525,3832,3964,3081,3268,3390,3383,-26.465,20.1214,8.69025,47.92
61311,3077,3097,3452,3357,3215,3568,3858,3966,3285,3864,5160,6473,3299,4128,7082,11071,23.7449,21.401,8.8978,47.968
61312,3115,3253,3375,3357,3209,3567,3788,3778,3557,4265,5285,5148,3734,5067,9570,7849,26.7456,12.0174,8.98445,47.9447
61313,4294,6334,7424,4807,4027,5802,6447,4470,3589,3794,4058,3613,3345,3485,3540,3318,-17.5981,2.55876,8.5156,48.2313
61314,3383,3575,3536,3376,3804,4486,4395,3928,4353,6586,6846,4256,4269,5539,5550,4168,11.4571,0.34751,8.84799,48.0333
61315,3096,3261,3330,3352,3291,3433,3770,3883,3420,3818,4756,5984,3362,3928,5869,12791,28.7951,32.2197,8.69639,47.5627
61316,5069,4246,3478,3287,8826,5024,3808,3308,7922,4875,3696,3238,4663,4105,3500,3177,-1.52785,-29.3561,8.92092,48.148
61317,3816,3531,3371,3217,5350,4328,3570,3298,9727,5244,3790,3479,7065,4967,3830,3295,10.2158,-30.2517,8.54823,47.9187
61318,4058,5935,8410,5369,4008,5055,6457,4660,3470,3718,4097,3837,3249,3356,3353,3365,-18.8392,5.48725,8.98799,48.2647
61319,9111,8812,4632,3551,5504,5192,4177,3596,3992,3714,3481,3272,3333,3429,3171,3089,-29.3682,-15.1496,8.63799,48.0373
61320,4717,7811,8134,4809,4097,5281,5339,4288,3551,3794,3933,3650,3256,3358,3353,3228,-23.1022,0.559935,8.50881,48.3993
61321,5333,8309,6344,4248,4558,6164,5122,3991,3688,4043,3845,3471,3346,3269,3461,3226,-19.461,-4.06461,8.99354,48.2787
61322,7094,9883,5501,3820,4856,5255,4429,3591,3765,3800,3481,3305,3322,3398,3236,3183,-31.8296,-9.91497,8.82923,47.946
61323,3363,3404,3311,3056,3946,3735,3522,3240,5941,5118,3950,3442,10371,7939,4269,3522,25.9457,-18.4716,8.85081,48.086
61324,4244,6936,9479,5513,3944,4763,5108,4507,3352,3652,3836,3609,3228,3368,3409,3258,-27.5511,3.96294,8.64988,48.1373
61325,11728,6959,4030,3420,5855,4903,3939,3200,3985,3742,3480,3285,3360,3382,3178,3200,-28.9165,-21.7729,8.93485,47.764
61326,3560,3674,3883,3498,3687,4676,5124,4183,3977,6056,7551,4771,3739,4646,5129,4280,6.45997,3.30949,8.93863,48.2893
61327,3344,3343,3220,3209,3759,3862,3648,3415,5130,5181,4368,3487,7313,9752,5138,3659,33.4163,-10.9535,8.82382,47.8853
61328,5358,4401,3570,3274,9125,5124,3735,3447,7244,4826,3580,3365,4447,4066,3436,3235,-3.03827,-28.4869,8.75193,48.1553
61329,3427,4079,7011,9918,3411,3939,5389,6875,3282,3521,3865,4096,2957,3232,3422,3603,-20.5945,20.1889,8.68032,48.018
61330,3488,3380,3289,3122,4101,3807,3476,3225,7156,5039,3698,3466,11124,5912,4101,3378,20.8602,-33.8652,8.53591,47.8413
61331,3696,4354,5206,4420,3773,5563,7941,5069,3614,4348,5372,4342,3480,3633,3677,3718,-6.42409,6.05229,8.6761,48.1373
61332,6222,9491,5490,3903,4888,5892,4492,3788,3804,3968,3697,3430,3310,3348,3305,3166,-23.0916,-8.3758,8.65764,48.1293
61333,4793,6377,5071,3887,5020,7773,5553,3973,4042,4554,4029,3633,3559,3521,3491,3083,-12.0937,-5.28496,8.9077,48.2393
61334,3358,3431,3338,3197,3860,3740,3406,3270,6044,4790,3727,3349,12705,5780,3830,3389,33.3564,-31.0726,8.92082,47.476
61335,3154,3344,3305,3197,3565,3933,3770,3507,4298,5432,5006,4062,5058,8769,7350,4513,23.574,-2.26643,8.9428,48.1753
61336,6220,9932,5926,3899,4784,5222,4450,3740,3754,3784,3648,3389,3204,3416,3326,3188,-32.6767,-7.52432,8.73819,47.9213
61337,3469,3383,3275,3184,3972,3888,3440,3162,5913,5861,4164,3387,8337,8215,4635,3750,21.3784,-15.1702,8.98095,48.0233
61338,3379,3959,5953,9930,3397,3906,5265,7998,3335,3522,4003,4470,3043,3176,3498,3443,-18.0801,24.8907,8.73774,48.1847
61339,6032,9864,6192,3993,4767,5255,4482,3740,3692,3858,3648,3344,3329,3400,3251,3156,-27.1571,-6.88563,8.83457,48.002
61340,3492,4217,6940,8480,3560,4079,6071,6890,3329,3601,4092,4220,3088,3248,3437,3408,-17.7904,17.4498,8.96017,48.1013
61341,7073,9814,5401,3786,4996,5287,4332,3834,3840,3851,3579,3452,3357,3349,3252,3162,-32.6297,-10.1356,8.50583,48.2433
61342,3070,3389,3810,4050,3375,3739,4615,5933,3412,3863,5864,9190,3305,3674,4757,5911,6.59852,22.8284,8.53113,47.9713
61343,3757,3642,3324,3188,5087,4324,3724,3215,9253,5450,3895,3351,7624,5297,3972,3446,12.1103,-24.9672,8.56108,48.366
61344,3705,4651,7077,6080,3742,4711,7419,5798,3370,3747,4236,4108,3180,3399,3608,3467,-14.63,10.7413,8.76528,48.1987
61345,3357,3898,4960,7174,3334,3897,5494,9682,3217,3513,4250,5334,3064,3357,3636,3958,-10.5409,25.8453,8.61299,48.0833
61346,3851,3815,3419,3233,4924,5231,3962,3366,6597,7749,4463,3566,5097,5113,4093,3458,6.94268,-12.7689,8.6308,47.958
61347,3410,3401,3213,3138,3972,3927,3495,3176,5980,5300,3922,3419,10021,7932,4228,3399,23.5149,-18.3734,8.99576,47.9553
61348,3331,3366,3284,3099,3815,3866,3565,3396,5675,5732,4149,3620,8136,8934,4745,3634,23.1072,-13.7542,8.68076,48.2313
61349,3316,3429,3341,3129,3982,3663,3414,3172,5836,4780,3796,3315,12530,6579,3989,3330,29.6208,-25.3227,8.82734,47.734
61350,3346,3859,6075,12626,3300,3716,4730,6081,3229,3354,3813,4089,3154,3220,3436,3417,-33.7089,28.3501,8.69016,47.63
61351,8326,6920,4255,3605,7222,5972,4013,3448,4300,3996,3513,3283,3474,3447,3252,3060,-17.1237,-18.3795,8.58692,48.0573
61352,11503,7141,4163,3427,5918,4931,3881,3302,3964,3843,3484,3294,3331,3368,3353,3105,-28.7504,-21.7208,8.67328,48.0053
61353,8887,5565,3916,3331,9214,5327,3842,3380,4739,4041,3571,3249,3593,3571,3244,2979,-14.5814,-25.3447,8.9618,48.2993
61354,3460,3902,4999,6788,3346,3900,5634,9602,3213,3487,4450,5418,3162,3306,3770,3913,-9.62277,23.3062,8.98532,48.2333
61355,3406,3971,5697,10784,3391,3725,5003,7743,3201,3542,3933,4178,3199,3263,3342,3355,-19.1101,33.8566,8.93702,47.822
61356,6569,9330,5437,3928,5054,5944,4445,3703,3906,3821,3522,3452,3311,3368,3298,3121,-22.1594,-9.21012,8.84426,48.1393
61357,3434,3751,4017,3890,3621,4695,6208,4712,3713,5191,7660,5136,3534,4053,4570,4156,2.47762,7.13296,8.99107,48.2273
61358,3619,4702,7955,7165,3654,4281,6668,6003,3314,3589,4066,4105,3219,3306,3365,3491,-18.2329,13.0362,8.81309,48.3347
61359,3338,3347,3127,2946,3972,3917,3531,3242,6279,4948,3809,3467,11856,6624,4145,3447,25.127,-23.7634,8.65027,47.9967
61360,3493,4064,6741,10935,3396,3814,5210,6718,3190,3474,3855,4104,3149,3167,3395,3376,-22.0989,22.4315,8.9466,48.054
61361,3122,3367,3563,3546,3255,3686,4258,4256,3519,4357,6850,6623,3670,4361,7055,6921,15.3452,14.8552,8.79715,48.2727
61362,3261,3412,3415,3225,3461,3815,3860,3651,3926,5223,6010,4506,4249,6470,8614,5478,20.5891,4.00588,8.82976,48.384
61363,3298,4012,5899,12340,3320,3825,4884,6407,3399,3409,3719,3903,3081,3127,3310,3262,-24.8023,33.3069,8.82798,47.4633
61364,3282,3339,3466,3242,3795,4030,3974,3641,4319,6189,5933,4186,4554,6958,6683,4451,17.2451,-0.611375,8.86911,48.028
61365,3358,4031,6338,11434,3322,3849,5011,6817,3225,3490,3965,4126,3121,3170,3529,3384,-22.731,25.1115,8.71827,48.1133
61366,5129,4471,3711,3290,8507,5697,3962,3325,6941,5281,3670,3405,4239,4004,3547,3176,-2.86823,-21.5766,8.91284,48.2367
61367,3653,4545,8066,7987,3555,4199,5808,6165,3269,3672,4025,4027,3039,3253,3421,3446,-20.0838,14.8708,8.54554,48.0867
61368,5362,8439,6167,4117,4654,6247,4917,4027,3760,3943,3793,3542,3300,3341,3319,3153,-20.1431,-4.83999,8.59043,48.054
61369,3352,3592,3710,3766,3584,4111,5118,4463,3706,5051,8137,5552,3624,4274,5431,4858,8.19407,8.59877,8.75957,48.2193
61370,3785,5287,9921,7528,3628,4220,5326,4950,3221,3692,3858,3720,3150,3343,3393,3294,-27.6236,11.238,8.98007,48.2107
61371,4072,5324,6243,4656,4008,5811,7547,4777,3574,4123,4452,3865,3341,3563,3543,3315,-12.4717,3.63852,8.8767,48.1427
61372,5148,6299,4775,3818,5478,8092,5073,3689,4149,4609,3877,3565,3586,3715,3536,3294,-11.7435,-7.958,8.9974,48.4687
61373,3145,3276,3420,3551,3167,3525,4113,4578,3376,3923,5291,8359,3338,3939,5767,9075,15.9956,23.7743,8.83666,47.8953
61374,3489,4366,8008,10250,3353,3964,5054,5732,3257,3458,3823,3892,3127,3272,3375,3392,-33.2079,18.1261,8.8711,47.8747
61375,7574,5051,3815,3411,9725,5185,3756,3369,5217,4300,3557,3305,3718,3530,3264,3253,-11.3619,-28.7595,8.62203,48.02
61376,3144,3250,3405,3340,3386,3680,3876,3846,3575,4278,5370,5160,3728,4821,9518,7681,33.3348,12.1478,8.65836,48.0387
61377,3845,4946,6909,5333,3794,5025,7513,5227,3437,3911,4409,4089,3306,3418,3535,3445,-14.2544,7.48723,8.76806,48.0947
61378,3325,3307,3238,3257,3626,3737,3666,3582,4326,5015,4888,4073,4849,8518,7999,4582,32.4657,-0.830661,8.91563,47.992
61379,4938,8790,7751,4580,4182,4943,4737,4052,3563,3853,3729,3528,3223,3391,3277,3237,-30.6475,-1.4714,8.67427,47.8493
61380,4323,6362,9840,5966,3800,4563,5304,4595,3483,3609,3755,3587,3168,3390,3413,3340,-28.115,5.6392,8.97213,48.332
61381,3444,4503,8411,9916,3548,3984,5061,5559,3364,3517,3887,3946,3026,3196,3321,3332,-30.92,16.8649,8.76728,48.01
61382,3649,4919,6155,4908,3928,5386,7926,5312,3630,4054,4671,4067,3327,3412,3601,3524,-10.9689,6.67879,8.66843,48.3127
61383,3161,3465,3852,3975,3261,3730,4827,5937,3386,4031,6228,8801,3264,3787,4812,5790,6.47321,21.0163,8.80548,48.2047
61384,3543,4433,7527,7762,3571,4252,6319,6331,3243,3521,4103,4295,3139,3278,3489,3474,-17.6504,15.1611,8.78541,48.1867
61385,6354,6031,4174,3428,7352,7161,4283,3509,4736,4484,3762,3227,3668,3572,3412,3196,-12.3215,-15.9295,8.967,48.2327
61386,4961,8339,7513,4528,4365,5429,5184,3993,3601,3812,3732,3482,3277,3393,3335,3237,-23.8663,-1.59581,8.55317,48.1207
61387,3291,3319,3373,3337,3422,3764,3724,3635,3872,4627,5042,4605,4154,6725,9469,5631,30.5594,5.18399,8.59525,47.9933
61388,5931,9897,6328,4088,4489,5248,4516,3781,3633,3920,3650,3378,3257,3440,3229,3155,-29.2213,-6.46695,8.73724,47.96
61389,7777,9101,5005,3709,5404,5636,4208,3555,3898,3816,3613,3212,3410,3348,3107,3087,-23.896,-12.4571,8.67696,47.924
61390,3429,3849,4750,5604,3482,3939,6425,8463,3434,3745,4896,5723,3177,3487,3866,4017,-6.55772,19.2305,8.5058,48.1907
61391,3458,3995,5685,7187,3470,4000,6162,8251,3310,3640,4271,4852,3048,3294,3593,3599,-12.3504,20.0136,8.70988,47.8767
61392,3195,3271,3406,3442,3309,3466,3745,3884,3321,3855,4688,5862,3327,3924,6001,12594,31.4535,33.9701,8.86045,47.5267
61393,11717,7009,4047,3393,5793,4931,3930,3427,3916,3783,3503,3188,3346,3394,3170,3186,-32.1648,-22.1201,8.66077,47.822
61394,3414,3919,5784,10688,3429,3779,5001,7585,3175,3492,4061,4214,3076,3190,3502,3347,-19.1739,33.3621,8.55393,47.7707
61395,3284,3716,4462,5681,3321,3769,5039,9646,3400,3636,4489,6680,3203,3445,3859,4098,-5.36239,30.4406,8.64509,47.8187
61396,3751,3746,3380,3221,5238,4760,3725,3363,8391,6871,4032,3439,5978,5289,3794,3459,8.82113,-18.1249,8.835,48.2913
61397,3447,4008,6741,10811,3406,3881,5104,6551,3261,3427,3867,4212,3073,3278,3469,3548,-22.4554,21.7466,8.53059,48.056
61398,3355,3913,5953,12045,3530,3845,4902,6525,3311,3406,3781,4022,3108,3241,3268,3369,-25.345,30.59,8.52488,47.716
61399,3378,3364,3281,3139,3720,3729,3687,3379,4780,5294,4394,3761,6448,9977,5949,3959,27.7687,-8.06519,8.77303,48.1593
61400,3452,3355,3218,3102,3976,3767,3550,3185,6390,4900,3687,3399,12013,6381,3974,3350,25.7526,-25.6837,8.5827,47.7993
61401,3145,3350,3511,3477,3497,3826,4307,4009,3773,4821,7276,5402,3849,4984,7340,5569,14.994,8.50412,8.57711,48.0907
61402,4360,4126,3568,3289,6595,5504,3862,3292,7819,6227,3949,3413,4891,4493,3681,3333,2.17429,-18.5727,8.76098,48.268
61403,3416,3887,6106,12874,3341,3838,4708,6075,3196,3460,3763,3900,3073,3185,3302,3379,-31.0739,27.1124,8.95401,47.6687
61404,3669,3714,3347,3166,4668,4468,3713,3331,7366,7089,4297,3496,6167,5844,4131,3482,10.9294,-15.7281,8.64807,47.9653
61405,10129,8105,4340,3508,5623,5140,3928,3444,3797,3927,3504,3276,3296,3358,3257,3167,-30.8492,-17.9192,8.80929,47.866
61406,3630,4247,5147,4443,3896,5140,8068,5369,3693,4250,5371,4475,3358,3605,3867,3749,-5.9723,7.84094,8.75331,48.2053
61407,3481,3918,5423,9158,3368,3756,5109,8666,3176,3523,4022,4590,3165,3236,3360,3561,-15.6747,32.1633,8.60409,47.6747
61408,3305,3909,5826,11567,3364,3813,4999,7271,3338,3558,3828,4154,3181,3246,3362,3339,-21.042,30.1575,8.98339,48.04
61409,4560,4284,3736,3342,6787,6434,4135,3473,6436,6072,3997,3490,4454,4239,3653,3240,-0.578877,-15.6749,8.58091,48.2213
61410,5061,8530,7882,4630,4342,5178,4848,4021,3548,3631,3891,3464,3243,3329,3288,3266,-26.2161,-1.21453,8.70941,48.1013
61411,9945,8443,4519,3526,5507,4998,3836,3570,3953,3751,3431,3309,3343,3308,3277,3109,-30.5368,-17.1082,8.66028,47.8833
61412,3856,5082,7597,5810,3674,4744,7173,5483,3386,3690,4260,3999,3181,3317,3414,3512,-16.0756,9.42083,8.93761,48.1187
61413,3367,3340,3214,3112,3900,3796,3490,3264,6395,4785,3791,3284,11965,6532,4103,3418,25.6527,-24.516,8.54968,47.8373
61414,3172,3462,3520,3450,3655,4029,4307,3964,3911,5488,7479,4848,3965,5162,6867,4994,14.1543,5.25409,8.8899,48.182
61415,4363,6441,7212,4784,4070,5673,6384,4442,3579,4023,3991,3707,3263,3394,3414,3264,-17.0678,1.92209,8.85817,48.0027
61416,3926,3918,3471,3246,5335,4997,3880,3391,7678,6969,4236,3542,5321,5051,3969,3337,6.47451,-16.8201,8.90557,48.178
61417,3558,4351,7112,7995,3377,4198,6243,6804,3316,3526,4084,4139,3078,3259,3555,3465,-17.2109,16.5492,8.82459,48.04
61418,3561,3502,3220,3167,4488,4035,3559,3233,7823,5521,3951,3405,9263,6133,3999,3393,16.9833,-21.8515,8.69982,48.1687
61419,3293,3834,5142,6257,3447,3931,6260,8796,3296,3674,4832,5497,3175,3489,3649,3864,-8.34182,20.2674,8.53497,48.2907
61420,3109,3245,3354,3433,3290,3493,3873,4125,3318,3762,4895,6908,3413,3859,5996,11742,22.2177,32.436,8.60205,47.8767
61421,3091,3238,3407,3495,3234,3417,3700,3894,3334,3884,4784,5966,3409,3982,6060,12517,30.6522,29.0179,8.67921,47.608
61422,3462,3297,3144,3096,4170,3797,3373,3250,6899,4929,3800,3401,11944,5964,3877,3309,23.3245,-27.7847,8.82889,47.808
61423,3197,3299,3540,3463,3375,3657,4184,4036,3616,4346,6675,6313,3596,4456,7477,7200,16.9954,14.4629,8.87187,48.2867
61424,3980,6202,9628,6186,3744,4552,5437,4715,3436,3817,3890,3668,3263,3274,3310,3185,-25.3834,6.65915,8.63865,48.1913
61425,7423,8364,4717,3652,5848,6193,4081,3637,4101,4064,3602,3268,3464,3449,3201,3219,-19.7897,-13.5032,8.82997,48.1887
61426,3192,3238,3391,3336,3308,3648,3872,3676,3749,4436,5312,4906,3935,5796,9905,6564,28.4546,8.77116,8.69359,48.176
61427,9077,8221,4399,3626,6012,5503,4103,3406,3996,3928,3516,3418,3437,3352,3317,3094,-22.7447,-16.4595,8.82315,48.27
61428,3646,3874,3745,3521,4190,5669,4889,3842,4594,7365,5890,4038,4098,4711,4470,3855,4.25767,-2.64622,8.84063,48.2647
61429,3335,3860,4889,6529,3368,3837,5600,9523,3378,3622,4442,5501,3168,3407,3662,3823,-8.74622,23.9755,8.71549,47.9627
61430,5599,9273,6878,4324,4487,5254,4560,3934,3669,3787,3716,3515,3402,3351,3372,3148,-28.0748,-4.52281,8.562,48.1793
61431,3294,3423,3411,3265,3561,3761,3696,3413,4390,5008,4702,4020,5154,9035,7433,4353,32.2479,-2.58354,8.7241,47.946
61432,4362,6706,8214,5145,3944,5081,6040,4493,3657,3792,3880,3629,3186,3416,3404,3300,-20.5303,3.06303,8.97903,48.166
61433,4103,3895,3595,3145,6461,4491,3667,3298,9759,5205,3772,3333,5831,4526,3597,3206,5.8807,-30.1941,8.82616,47.9227
61434,7154,7558,4610,3556,6137,6632,4306,3598,4082,4065,3616,3337,3521,3489,3408,3037,-17.3224,-13.8809,8.81206,48.0707
61435,3093,3271,3374,3379,3197,3476,3794,3960,3326,3879,4990,5771,3429,3913,7010,11671,32.9845,21.3461,8.74231,47.6887
61436,3343,3384,3300,3095,4292,4014,3507,3165,8101,5225,3894,3423,10169,5740,3822,3389,18.0317,-30.7822,8.7124,47.9087
61437,3220,3420,3911,4293,3265,3705,4524,6653,3346,3811,5265,9649,3296,3706,4445,5679,5.38518,29.3197,8.66007,48.1253
61438,6348,8680,5209,3779,5242,6480,4439,3755,3863,4107,3736,3316,3417,3333,3324,3177,-19.644,-9.5779,8.91753,48.1367
61439,4252,4812,4219,3635,4981,8002,5398,3797,4518,5651,4572,3691,3724,4066,3552,3523,-4.75622,-6.08792,8.97119,48.262
61440,3291,3959,5518,7189,3513,4013,6157,8576,3286,3610,4386,4918,3120,3391,3640,3745,-11.7823,20.3401,8.74817,48.208
61441,3130,3319,3398,3398,3148,3563,3784,3872,3540,4095,5214,5433,3503,4466,8851,9151,33.2641,15.4714,8.94061,47.91
61442,3185,3224,3340,3307,3279,3475,3821,4108,3493,3948,4970,7062,3497,3907,5826,11425,21.7364,33.7558,8.76318,47.9113
61443,3261,3647,4345,4849,3453,3822,5675,7667,3406,3876,5416,7153,3153,3584,4112,4580,-1.00304,20.7908,8.51388,47.9993
61444,3409,3637,3634,3488,3754,4460,4734,3932,4197,6473,7450,4458,3990,4948,5464,4159,9.12624,2.20523,8.95419,48.1247
61445,5016,4517,3866,3337,7762,6392,4020,3500,6155,5361,3759,3406,4262,3982,3543,3345,-3.26711,-17.9266,8.54904,48.1487
61446,3187,3449,3528,3492,3466,3947,4300,4014,3786,5038,7802,5349,3855,4836,6804,5225,13.844,7.63392,8.94714,48.052
61447,4456,7353,8945,5208,4099,4766,5081,4308,3462,3772,3856,3571,3265,3256,3362,3290,-28.2148,2.58558,8.5389,48.0333
61448,3672,3515,3444,3261,4992,4174,3644,3231,9599,5270,3887,3345,7821,5043,3801,3351,11.8809,-32.5691,8.95077,48.0333
61449,7795,5166,3697,3452,9516,5303,3834,3351,5048,4265,3705,3305,3679,3673,3317,3217,-12.182,-32.4825,8.53155,48.2153
61450,9684,7936,4466,3543,5963,5360,4003,3506,3933,3993,3594,3268,3304,3478,3177,3165,-23.8003,-17.7538,8.87641,48.2487
61451,12059,6015,4011,3411,6758,4896,3820,3338,3982,3840,3436,3138,3321,3481,3217,3075,-24.0943,-27.9038,8.80856,47.8653
61452,4604,5545,4558,3694,5207,8103,5446,3893,4172,5096,4005,3649,3577,3719,3535,3467,-8.75245,-6.54139,8.69825,48.18
61453,7222,9189,5329,3756,5071,5542,4211,3649,3753,3955,3748,3501,3409,3470,3323,3148,-24.1903,-10.8009,8.6102,48.184
61454,3946,5566,10007,6610,3709,4354,5261,4716,3360,3654,3878,3662,3219,3235,3365,3274,-33.043,8.911,8.75998,47.8773
61455,3236,3241,3298,3366,3266,3522,3670,3786,3561,4205,5211,5276,3727,4952,9366,8134,31.5525,13.1014,8.86588,47.878
61456,3081,3599,4121,4550,3364,3731,4856,7437,3353,3781,5062,8797,3292,3563,4292,5165,1.89458,27.9987,8.66857,48.0293
61457,3082,3419,3677,3697,3375,3733,4406,5152,3383,3939,6273,8745,3295,3913,5228,6759,10.4822,20.1714,8.6394,48.0507
61458,9626,7072,4248,3410,6931,5489,3881,3404,4164,3919,3623,3224,3451,3462,3183,3141,-20.2603,-19.4499,8.9803,48.152
61459,4661,8178,8345,4722,4194,4789,4973,4304,3558,3686,3853,3598,3191,3383,3340,3156,-33.4299,0.337065,8.9195,47.954
61460,3107,3285,3372,3358,3269,3568,3678,3820,3416,3891,5051,5746,3458,4195,7891,10800,30.4241,19.121,8.98644,47.9367
61461,5647,6078,4235,3514,6413,7962,4435,3598,4441,4665,3839,3391,3644,3743,3387,3146,-11.3572,-11.9037,8.98841,48.092
61462,5784,9088,5950,4074,4941,6010,4913,3940,3752,4007,3659,3338,3330,3459,3278,3195,-21.0909,-6.68781,8.68573,48.4787
61463,3781,4984,6635,5100,3828,5177,7876,5453,3604,3942,4436,4082,3147,3477,3630,3458,-12.4753,7.45059,8.79256,48.4067
61464,7100,5048,3777,3346,9931,5654,3735,3281,5458,4309,3507,3152,3803,3669,3291,3090,-10.68,-25.2642,8.96687,48.1007
61465,4116,4936,4520,3851,4557,7267,6110,4161,4060,5372,4908,3947,3602,3803,3718,3482,-5.44936,-2.49393,8.5016,48.2733
61466,3055,3296,3561,3450,3225,3607,3963,4506,3446,3983,5324,7948,3353,3990,6053,9307,17.5016,23.0528,8.51225,48.0447
61467,7285,4916,3664,3243,9870,5169,3875,3346,5448,4290,3596,3269,3731,3662,3344,3152,-10.2103,-28.7894,8.76487,47.9067
61468,3253,3372,3536,3455,3516,4143,4382,3805,4139,5911,7167,4669,4151,5661,6464,4801,13.8916,2.72398,8.52624,48.2833
61469,3757,3715,3280,3132,4861,4406,3716,3242,8048,6748,4073,3446,6331,5683,4025,3473,10.6937,-17.5741,8.77789,47.9573
61470,3293,3312,3257,3137,3716,3896,3728,3461,4540,5688,4867,3794,5672,9100,6309,4114,23.3543,-5.46439,8.56252,47.9227
61471,3261,3678,3963,3964,3483,4228,5768,4917,3707,4688,7956,5929,3504,3904,4908,4590,4.72563,10.4541,8.95173,48.2987
61472,3439,3649,3608,3535,3589,4347,4961,4123,3951,5804,7757,4774,3877,4793,5649,4612,8.91124,4.1616,8.76581,48.312
61473,3540,4068,6802,11824,3399,3814,4890,6366,3205,3435,3839,3953,3121,3227,3393,3433,-25.3495,23.5752,8.87279,48.206
61474,3076,3194,3364,3374,3349,3324,3856,3937,3451,3796,4933,6259,3497,3985,6605,12053,26.0653,24.3479,8.66864,48.0353
61475,3153,3289,3379,3377,3230,3482,3790,4087,3388,3857,4871,6915,3436,3978,6045,11572,22.5792,26.8112,8.83338,47.8993
61476,6416,4881,3726,3292,9918,5407,3891,3382,6068,4330,3586,3136,3970,3763,3386,3094,-7.91314,-27.0532,8.83993,48.164
61477,4527,6973,7830,4777,4080,5592,6010,4451,3660,3883,3978,3630,3186,3355,3491,3085,-19.114,1.73224,8.98432,48.3387
61478,4147,4272,3728,3351,5434,6346,4196,3567,5874,7211,4528,3460,4516,4591,3881,3557,2.15256,-11.5567,8.68384,48.4393
61479,3762,5039,9718,7463,3547,4272,5349,5003,3298,3591,3832,3839,3163,3341,3461,3397,-33.8429,11.4115,8.93003,48.05
61480,3308,3517,3435,3347,3588,3855,3926,3589,4347,5770,5302,4026,4925,7932,6873,4424,19.8345,-2.06595,8.7282,48.1093
61481,12651,6525,3932,3379,6156,4668,3870,3335,3920,3804,3442,3165,3375,3357,3181,3088,-27.5652,-25.074,8.97698,47.8987
61482,9141,5867,3853,3511,8339,5491,3885,3457,4610,4018,3483,3168,3671,3464,3338,3142,-16.0714,-23.1175,8.96463,48.292
61483,3329,3730,4468,4605,3557,4175,6688,6662,3371,4148,6042,6194,3401,3719,4177,4358,-1.4116,15.8097,8.76941,48.416
61484,12020,5945,3859,3396,6766,4838,3799,3379,3939,3770,3433,3241,3436,3431,3286,3149,-23.2485,-32.9797,8.88039,47.7913
61485,3088,3273,3457,3438,3441,3634,4094,4064,3641,4521,6482,5548,3892,4947,8247,6672,19.0539,11.5939,8.53087,48.2927
61486,3320,3380,3295,3178,3817,3817,3629,3431,5094,5258,4194,3507,7680,9721,4989,3807,29.4125,-11.8283,8.86694,48.078
61487,3132,3272,3300,3257,3307,3599,3828,3727,3766,4544,5299,4640,3943,6071,10060,6387,26.04,7.38597,8.97115,48.088
61488,9650,5442,3936,3323,8685,5215,3848,3388,4429,4025,3533,3204,3554,3504,3343,3072,-16.3662,-26.9828,8.81013,48.1007
61489,4082,3894,3517,3125,5851,4796,3686,3480,8973,6102,3971,3376,5630,4690,3705,3393,6.01424,-20.5667,8.55957,48.1807
61490,3324,3348,3306,3386,3410,3736,3936,3772,3901,4915,6342,4867,4091,5997,8464,5447,19.682,5.71653,8.98799,48.1613
61491,6315,5044,3891,3271,9086,6145,4100,3407,5403,4552,3601,3397,3883,3741,3426,3025,-8.69575,-21.4224,8.59879,48.1913
61492,3404,3398,3273,3166,3766,3888,3438,3338,5166,5124,4182,3585,7801,9564,5130,3719,30.0241,-11.6564,8.53476,47.9613
61493,3060,3205,3318,3232,3393,3588,3764,3749,3794,4637,5658,4805,3862,5829,9708,6201,24.0538,7.38238,8.93679,47.8687
61494,3379,3435,3350,3098,4003,3930,3473,3164,5847,5104,4018,3376,10897,7193,4016,3503,33.6763,-20.4893,8.54684,47.8573
61495,4527,5624,4783,3805,4915,7832,5709,3983,4088,4879,4319,3658,3535,3618,3555,3291,-9.65335,-4.60627,8.58227,48.0807
61496,3376,3896,5870,12617,3473,3710,4679,5922,3263,3414,3726,3994,3110,3214,3407,3431,-31.2034,31.0258,8.76304,47.4013
61497,4296,6826,9354,5652,3739,4592,5101,4447,3451,3752,3711,3609,3273,3322,3408,3392,-30.4891,4.5689,8.64918,47.95
61498,3161,3706,4526,5189,3361,3848,5856,8414,3415,3831,5059,6790,3173,3457,4068,4447,-3.27632,21.6554,8.50563,48.2007
61499,3206,3620,4482,5619,3312,3782,5178,9527,3298,3665,4655,6852,3099,3447,3912,4318,-4.48286,28.0495,8.712,47.9813
61500,7351,6652,4284,3539,7132,6521,4246,3574,4389,4275,3740,3364,3595,3558,3284,3127,-15.2936,-16.373,8.69331,48.4207
61501,5563,4374,3644,3307,9484,5266,3638,3341,7055,4751,3702,3357,4238,3981,3441,3179,-3.67297,-28.1642,8.75166,48.214
61502,3310,3538,3481,3210,3612,4080,3969,3515,4435,6394,6173,4286,4609,6706,6303,4402,15.6433,-0.521298,8.70567,48.0153
61503,3321,3375,3294,3046,3887,3913,3470,3274,5207,5169,4250,3750,8203,9346,5014,3778,30.6202,-12.984,8.5373,48.198
61504,3391,3382,3250,3125,4047,3828,3479,3275,6985,4902,3779,3371,11940,5853,3877,3449,22.7481,-29.8984,8.87383,47.9553
61505,3358,3398,3313,3117,3914,3748,3404,3349,6338,4920,3834,3458,12327,6025,3920,3401,26.7472,-30.1693,8.67862,47.8827
61506,3101,3209,3551,3559,3215,3579,4008,4652,3288,3913,5167,8632,3475,3876,5409,9415,16.1683,28.6317,8.64229,48.0327
61507,3610,4240,5098,4352,3735,5347,7793,5131,3736,4301,5617,4558,3406,3653,4025,3692,-5.10851,6.57378,8.65642,48.196
61508,3260,3626,4599,5368,3438,3845,5469,8969,3373,3809,4903,6682,3205,3451,3973,4248,-4.1143,23.8609,8.5553,48.1453
61509,3295,3374,3352,3269,3617,3826,3755,3539,4419,5601,4970,4117,5222,8647,7011,4470,22.5956,-2.80726,8.87913,48.3227
61510,7674,8711,4827,3753,5602,5952,4136,3632,3898,3974,3535,3410,3531,3375,3230,3039,-21.886,-13.1858,8.85597,48.186
61511,4899,8378,8083,4773,4129,5121,5037,4205,3519,3740,3815,3630,3207,3338,3240,3200,-25.7909,-0.0442606,8.77597,48.2093
61512,5412,5447,4232,3406,6767,7690,4506,3553,4811,4982,3962,3452,3768,3923,3443,3063,-8.46918,-13.4243,8.81992,48.278
61513,4500,7882,8817,4969,4182,4719,5070,4268,3483,3768,3741,3467,3268,3280,3347,3259,-30.7939,1.19043,8.88711,48.0133
61514,4397,7415,9275,5221,3857,4776,5071,4228,3540,3644,3825,3603,3224,3413,3378,3240,-29.0864,3.11102,8.67212,48.0713
61515,3085,3201,3448,3338,3269,3670,3875,4005,3461,3864,5300,6339,3384,4271,7282,10352,22.9895,19.9077,8.89239,48.096
61516,3192,3240,3440,3439,3117,3402,3731,3893,3450,3892,4569,6042,3339,3693,5823,12611,33.9584,31.2425,8.94746,47.2487
61517,3258,3704,4751,6439,3352,3930,5187,9793,3457,3610,4410,5896,3164,3416,3753,3848,-8.08907,31.1992,8.62466,47.9787
61518,3446,4015,5556,8005,3332,4016,5693,8735,3219,3565,4275,4873,3128,3203,3587,3699,-13.7768,22.8374,8.52694,48.2313
61519,12246,6597,4073,3445,5956,4923,3694,3334,3885,3733,3368,3284,3427,3456,3300,3130,-29.7898,-24.0072,8.87032,47.9007
61520,7340,8627,4988,3713,5665,6099,4293,3604,3857,4002,3702,3379,3488,3349,3336,3147,-20.6825,-11.9817,8.94775,48.3927
61521,3109,3313,3353,3431,3289,3432,3706,3851,3513,3803,4800,6052,3300,3935,5993,12632,28.9886,29.3073,8.83,47.6747
61522,3185,3286,3729,3752,3245,3582,4307,5055,3315,3923,5665,8972,3366,3900,5310,7451,12.0468,22.9533,8.74614,48.0287
61523,4166,4163,3735,3405,5483,6253,4123,3583,5905,7127,4405,3635,4642,4544,3817,3362,2.0054,-11.7626,8.76893,48.232
61524,10028,6810,4131,3588,6887,5398,3975,3364,4177,3877,3518,3256,3579,3456,3204,3063,-20.535,-20.5979,8.57272,48.2073
61525,3624,3690,3729,3501,3925,4978,5104,3957,4344,6668,7017,4420,3965,4664,4880,3888,5.80962,0.731659,8.889,48.236
61526,3234,3364,3271,3269,3732,3835,3755,3528,4287,5271,4850,4046,5277,8779,7170,4316,24.8436,-2.67269,8.5972,47.9893
61527,3466,3488,3156,3020,4297,4101,3436,3189,7272,5289,3838,3368,10415,6428,4065,3397,19.9785,-22.4671,8.98264,48.15
61528,4846,4164,3597,3273,8808,4968,3783,3303,7801,4922,3657,3336,4453,4021,3439,3326,-1.54434,-32.4239,8.99131,47.798
61529,4984,7446,5662,4002,4713,7102,5499,4024,3804,4136,3943,3516,3442,3364,3384,3331,-15.6688,-4.41504,8.97246,48.2347
61530,4183,3851,3453,3177,6425,4481,3723,3349,9802,5094,3759,3295,5779,4564,3690,3211,5.25815,-28.1144,8.90454,47.8907
61531,3756,4388,5167,4469,3742,5085,7993,5484,3619,4195,5416,4563,3376,3591,3857,3800,-6.35965,8.34524,8.55829,48.334
61532,3258,3415,3535,3396,3432,3794,4327,4072,3819,4954,7413,5369,3732,4954,7153,5502,15.0381,9.01379,8.8759,48.0833
61533,3528,3895,4300,3969,3714,4836,6865,4793,3755,5136,7251,4864,3509,4050,4410,4089,0.635944,6.78841,8.97472,48.6427
61534,3743,4003,4082,3628,4217,5995,5209,3903,4417,6854,5850,4076,4024,4432,4241,3810,2.22306,-2.42152,8.6428,48.3227
61535,3169,3372,3296,3349,3306,3627,3910,3906,3590,4429,5765,5154,3790,5337,9201,6933,23.065,10.2892,8.66608,48.0893
61536,3130,3161,3414,3455,3299,3435,3855,3979,3463,3850,4921,6120,3489,4161,7025,11376,27.732,21.6816,8.5326,48.0887
61537,3188,3380,3451,3372,3408,3624,3948,3802,3733,4394,5971,5042,3722,5460,9082,6751,22.0189,9.88239,8.93964,48.2187
61538,3834,4170,3898,3403,4550,6124,4825,3810,4910,7463,5385,3963,4180,4517,4173,3589,2.72187,-5.68082,8.73583,48.5293
61539,3453,3622,3429,3219,3946,4289,3759,3467,5472,7292,4761,3664,5628,7514,4963,3796,15.611,-8.84632,8.5317,48.1827
61540,3745,3607,3221,3199,4922,4352,3542,3296,8510,6167,3994,3441,7437,5583,3906,3402,12.2453,-20.4986,8.86735,48.216
61541,3314,3317,3253,3183,3882,3728,3464,3167,5922,4758,3878,3340,12892,6239,3909,3415,30.0596,-28.1456,8.98618,47.774
61542,11011,5808,3872,3334,7515,4890,3747,3368,4195,3885,3422,3262,3368,3397,3262,3148,-20.2993,-27.3079,8.96411,47.656
61543,3432,3817,4005,3697,3787,4915,5690,4220,4022,5894,7390,4453,3727,4390,4651,4078,3.99588,3.145,8.86085,48.112
61544,11519,5735,3921,3483,7215,5114,3754,3381,4074,3800,3447,3299,3496,3353,3258,3185,-21.5932,-31.6202,8.69175,48.0227
61545,3214,3614,4252,5480,3459,3881,5152,9312,3369,3622,4725,6891,3321,3459,3915,4217,-4.15731,29.2441,8.63066,47.922
61546,3133,3433,3846,4075,3360,3679,4461,6164,3351,3765,5267,9784,3332,3706,4742,6121,6.91366,29.9488,8.66587,48.146
61547,3423,3361,3235,3148,3863,3755,3384,3205,6374,4794,3827,3399,12420,5997,3913,3381,25.5956,-29.897,8.77464,47.6527
61548,5829,9817,6464,4115,4489,5209,4612,3819,3711,3875,3644,3414,3371,3317,3226,3251,-32.0687,-5.5648,8.84816,48.1087
61549,3937,5964,9649,6364,3935,4576,5526,4664,3363,3704,3783,3675,3144,3296,3381,3290,-26.2456,7.28076,8.56423,48.1673
61550,3364,3900,4554,4767,3559,4140,6804,6859,3421,3925,5733,6014,3203,3527,4093,4166,-2.93304,15.4674,8.52343,48.0193
61551,3154,3136,3295,3482,3284,3417,3722,3982,3365,3768,4687,6043,3239,3983,6040,12692,29.3731,29.525,8.81011,47.526
61552,5127,4592,3793,3354,7577,6372,4012,3325,6306,5383,3871,3480,4227,4189,3535,3268,-3.33775,-18.4876,8.50369,48.274
61553,3211,3349,3530,3676,3190,3553,4132,4927,3447,3702,5090,9652,3391,3819,5156,8284,12.8437,29.9907,8.99672,48.0727
61554,5887,5303,3874,3414,8016,6944,4186,3421,5160,4818,3774,3231,3899,3751,3303,3224,-8.79502,-17.3987,8.8338,48.1367
61555,3782,5385,10077,6802,3519,4361,5265,4954,3235,3647,3908,3763,3127,3348,3403,3378,-31.946,9.60861,8.88729,47.9693
61556,12538,6044,3952,3416,5960,4710,3743,3322,3791,3930,3374,3284,3317,3383,3221,3179,-29.0745,-33.345,8.57921,47.4427
61557,12238,6090,3906,3374,6700,4768,3837,3337,4140,3753,3492,3215,3366,3417,3313,3036,-24.2854,-26.9201,8.89499,47.988
61558,3241,3408,3299,3164,3797,3839,3552,3324,5057,5609,4340,3636,7222,9625,5345,3741,25.2214,-10.4128,8.84191,48.1327
61559,3643,4354,4919,4158,3883,5421,7610,5067,3810,4577,5629,4385,3353,3642,3876,3672,-4.73115,5.51121,8.64069,47.9993
61560,3355,3344,3221,3149,4107,3797,3391,3173,6754,4742,3844,3322,12044,6187,3950,3363,23.9957,-26.7854,8.90868,47.8287
61561,3231,3411,3495,3395,3444,3759,4080,3893,3769,4752,6932,5360,3837,5139,7896,5963,17.3985,9.11561,8.69659,48.2373
61562,3713,3817,3609,3325,4493,5447,4058,3551,5654,8056,4889,3640,4729,5213,4343,3643,7.2323,-8.88306,8.66343,48.12
61563,8405,5313,3937,3419,9500,5178,3734,3459,4830,4139,3468,3211,3571,3479,3285,3088,-13.2187,-33.1173,8.86852,48.0107
61564,7606,9952,5104,3692,5112,5307,4164,3630,3770,3892,3508,3264,3272,3502,3225,3095,-30.7008,-11.4811,8.9994,48.0633
61565,3674,3949,3848,3599,4285,5797,4703,3780,4749,7480,5635,3891,4156,4681,4318,3699,3.96235,-4.2372,8.71137,48.1627
61566,3490,3492,3473,3396,3932,4429,4110,3656,4701,7487,5923,3944,4750,6202,5280,4008,12.1456,-3.72291,8.9026,48.182
61567,3249,3319,3519,3520,3129,3592,4050,4861,3362,3761,5084,9133,3305,3786,5289,8631,14.0694,29.9585,8.84962,47.7267
61568,5449,8612,6140,4101,4605,6196,4955,3781,3725,3958,3849,3431,3334,3350,3354,3159,-20.304,-5.54766,8.85607,47.9993
61569,3456,3506,3304,3015,4784,3989,3588,3265,8480,5078,3882,3492,9487,5407,3854,3428,16.0878,-29.069,8.56297,48.01
61570,3339,3690,4279,4331,3440,4108,5917,6526,3376,4103,6329,6867,3347,3649,4371,4590,0.822129,16.5128,8.65843,48.1747
61571,11231,6059,3929,3385,7281,5002,3711,3377,4232,3838,3435,3275,3408,3443,3169,3231,-20.9399,-27.9454,8.90479,48.004
61572,5878,9946,6376,4126,4481,5166,4565,3853,3726,3633,3685,3489,3284,3417,3249,3196,-32.074,-6.13935,8.92123,48.0467
61573,3376,3402,3379,3197,3725,3835,3699,3423,4711,5907,4729,3746,5682,8962,6144,4132,21.5556,-5.84221,8.51811,48.0327
61574,3490,3949,5415,7302,3501,4037,6179,8459,3271,3575,4397,4893,3181,3271,3624,3618,-12.199,20.2703,8.52291,48.108
61575,3537,4078,4354,3792,3958,5461,6287,4305,4028,5576,6480,4455,3682,4211,4196,3860,0.4393,2.31999,8.61011,48.1733
61576,3208,3499,3644,3654,3547,3830,4740,4379,3635,4598,7910,6361,3582,4178,5939,5382,10.0581,11.5692,8.67953,48.0573
61577,3164,3337,3874,4101,3200,3812,4757,6044,3483,4055,5926,9031,3293,3835,4786,5961,6.69064,22.4175,8.54907,48.4393
61578,3491,3660,3606,3531,4029,4786,4300,3750,4783,7683,6040,4117,4379,5495,4930,3907,9.11371,-3.59459,8.58657,48.3247
61579,3443,3712,4618,5345,3352,4042,6093,8447,3339,3737,4972,6250,3192,3564,3885,4123,-4.73776,20.4118,8.67479,48.076
61580,5869,9993,6219,4088,4627,5190,4368,3863,3720,3726,3648,3426,3288,3350,3335,3260,-32.6425,-6.0136,8.99917,47.98
61581,3493,3870,5659,10408,3305,3816,5021,7698,3277,3562,3957,4259,3112,3313,3344,3425,-19.2352,32.338,8.59327,47.6793
61582,3440,3426,3206,3156,3982,3836,3531,3230,5437,5155,3974,3580,9392,8705,4606,3452,29.4425,-16.1423,8.71287,48.072
61583,3163,3287,3598,3557,3192,3525,4158,4528,3449,3987,6069,8001,3327,4103,5996,8142,15.0033,19.9025,8.8715,48.0547
61584,3396,3387,3159,3087,4045,3749,3353,3195,6991,4989,3665,3390,11897,6060,3962,3427,22.666,-27.8104,8.94337,47.8347
61585,3953,3726,3392,3114,6127,4511,3620,3291,9755,5534,3866,3426,6163,4675,3732,3414,7.1652,-25.9177,8.88785,48.1993
61586,3623,4458,7301,7400,3467,4213,6478,6566,3214,3655,4134,4230,3103,3347,3445,3601,-16.8304,14.9937,8.51271,48.1567
61587,4041,6015,7493,5055,4008,5550,6828,4636,3536,3881,4131,3840,3179,3416,3444,3317,-16.8136,3.97793,8.96573,48.2467
61588,3545,3653,3670,3409,3764,4632,4542,3834,4424,7026,6759,4299,4170,5261,5202,4081,9.44861,-0.599178,8.87998,48.1807
61589,3448,4061,7281,11038,3370,3811,5001,5835,3258,3525,3820,3918,3123,3265,3337,3285,-33.0573,20.3657,8.577,47.584
61590,4312,3867,3460,3252,6617,4719,3719,3374,9118,5596,3899,3352,5484,4578,3802,3352,4.5519,-23.3313,8.93576,48.334
61591,4150,5425,5550,4318,4287,6478,6936,4503,3753,4317,4523,3884,3380,3557,3515,3475,-11.0104,1.17786,8.7117,48.034
61592,5559,8443,5649,3957,4938,6504,4867,3875,3815,4057,3675,3510,3449,3416,3316,3203,-19.109,-6.51743,8.58412,48.1553
61593,3586,3781,3540,3357,4247,5257,4358,3634,4937,7916,5692,3989,4315,5115,4520,3774,6.80956,-5.06999,8.94304,48.012
61594,9322,8614,4516,3549,5419,5080,3968,3513,3947,3899,3480,3297,3471,3366,3264,3123,-33.4139,-16.24,8.51551,47.8853
61595,12441,6053,3776,3379,6000,4766,3790,3425,3861,3761,3383,3296,3409,3305,3367,3156,-32.105,-27.7728,8.55218,47.4453
61596,4410,7263,8932,5293,4058,4816,5438,4312,3599,3699,3705,3534,3269,3351,3215,3280,-24.8388,2.82569,8.9675,48.116
61597,3325,3643,4546,5765,3401,3720,5332,9625,3242,3676,4513,6433,3266,3361,3910,4084,-6.11746,32.1844,8.50222,47.8947
61598,3201,3510,4238,4524,3427,3946,5764,7002,3474,4013,5867,7161,3342,3700,4228,4742,0.721401,18.8339,8.55816,48.0927
61599,3571,4774,9221,8550,3533,4205,5203,5281,3254,3557,3949,3747,3083,3215,3340,3456,-31.4403,13.8122,8.65832,47.9593
61600,3139,3377,3210,3306,3578,3782,3721,3410,4160,5030,4860,4115,5051,8787,7933,4497,29.6711,-1.66781,8.70596,47.9707
61601,4526,6778,6525,4383,4349,6310,5940,4196,3727,4142,4036,3777,3274,3514,3431,3290,-16.2859,-0.857448,8.50526,48.132
61602,4928,8347,8181,4700,4138,4995,5026,4074,3532,3812,3890,3677,3202,3373,3329,3238,-25.4167,-0.159442,8.98175,48.2947
61603,3316,3334,3343,3236,3433,3695,3866,3693,3866,4536,5099,4478,4168,6611,9780,5834,29.3108,5.81271,8.72844,48.192
61604,3401,3482,3206,3092,3907,3939,3347,3260,6019,4897,3763,3360,12581,5951,3978,3433,27.6869,-30.1864,8.55231,47.744
61605,3957,4507,4081,3666,4531,7022,5420,3971,4385,6284,5256,3821,3895,4185,3916,3521,-1.49222,-4.14052,8.66085,48.2787
61606,3425,3919,5321,8317,3444,3874,5249,9220,3288,3580,4117,4703,3128,3165,3358,3625,-14.0109,33.8225,8.87587,47.822
61607,3426,3937,5580,6716,3529,4049,6446,8239,3263,3594,4491,4977,3159,3462,3576,3645,-11.4941,18.4608,8.92982,48.0593
61608,3162,3291,3637,3649,3321,3512,4127,5072,3501,3846,5259,9579,3425,3823,5128,7952,12.4326,28.5002,8.60901,48.1893
61609,11600,6096,3906,3449,7104,4991,3854,3396,4082,3865,3440,3163,3385,3374,3233,3000,-21.368,-26.2327,8.82859,47.9587
61610,3135,3277,3355,3355,3415,3789,3801,3561,4146,4789,4941,4218,4622,7860,8641,4900,32.6915,1.14219,8.70961,47.87
61611,3408,3766,3885,3682,3797,4773,5430,4131,4123,5994,7505,4529,3821,4406,4844,3923,5.13847,2.97724,8.88728,48.0113
61612,5520,4749,3790,3326,8536,5895,3921,3448,6370,4948,3733,3468,4196,3871,3425,3165,-4.67808,-20.497,8.61942,48.2407
61613,4119,4938,4723,3940,4546,7334,6456,4201,3909,4941,4758,3815,3596,3780,3758,3407,-6.92406,-1.53409,8.79049,48.1473
61614,3339,3481,3392,3375,3862,4365,4275,3636,4666,7302,6113,4133,4548,6165,5577,4169,12.8954,-2.53416,8.89174,48.2653
61615,3183,3289,3555,3737,3241,3628,4180,4830,3413,3918,5827,8865,3420,3845,5427,7711,13.0942,22.541,8.62275,48.046
61616,3548,3469,3275,3068,4207,3983,3513,3152,7568,4937,3867,3330,10924,5909,3921,3385,20.3811,-27.4924,8.6271,48.0373
61617,3265,3515,3703,3803,3425,3960,5131,4715,3632,4720,7983,6383,3560,4250,5556,5033,7.82577,11.6003,8.91715,48.4227
61618,3361,3511,3498,3387,3849,4370,4111,3694,4399,6559,6193,4217,4533,6159,5960,4327,13.8067,-0.948063,8.57268,48.0853
61619,7872,6732,4271,3434,7055,6227,4141,3478,4359,4207,3643,3335,3523,3524,3288,3162,-16.3278,-17.0819,8.81885,48.1673
61620,3144,3314,3415,3371,3375,3760,3946,3720,3834,4551,6024,4810,3884,5886,9143,6176,22.2197,7.40055,8.60674,48.2353
61621,3120,3209,3353,3300,3422,3644,3937,3747,3533,4230,5485,5319,3742,5112,9446,7785,25.6831,12.2907,8.70673,48.256
61622,3423,3393,3183,3055,4112,3983,3636,3280,6765,5427,4053,3438,9559,7065,4232,3389,20.725,-19.4824,8.61282,47.9953
61623,6224,5495,4080,3524,7741,7246,4175,3504,4844,4655,3835,3383,3751,3774,3561,3108,-10.4736,-16.1179,8.9317,48.6
61624,3776,4934,7343,5800,3606,4818,7082,5581,3418,3955,4323,4104,3218,3363,3491,3496,-15.7738,9.38529,8.56741,48.2053
61625,4567,4376,3585,3275,6976,6149,3969,3483,6740,5839,4019,3396,4632,4275,3636,3295,-0.63016,-17.4055,8.85229,48.1413
61626,3270,3748,4627,6162,3466,3774,5122,9856,3295,3651,4476,6436,3150,3285,3697,4029,-6.33359,28.3288,8.98216,48.0293
61627,3380,3894,5498,7836,3369,3989,5570,8850,3247,3658,4269,4844,3158,3377,3650,3715,-12.9747,22.7501,8.51325,48.2027
61628,3054,3254,3318,3311,3291,3594,3916,3754,3544,4437,5920,5090,3822,4971,9343,7196,23.1747,11.1676,8.90048,47.8767
61629,4603,7373,8859,5058,4092,4745,5157,4370,3490,3751,3998,3777,3162,3332,3263,3262,-26.7053,2.52799,8.71874,48.1947
61630,3418,3754,5165,5752,3439,4052,6653,8233,3335,3724,4844,5338,3235,3500,3800,3901,-7.8712,18.0777,8.9468,48.0953
61631,3283,3555,4343,5210,3335,3793,5120,9192,3279,3737,4671,7261,3196,3467,4009,4436,-3.05001,29.6155,8.97834,47.9247
61632,8261,5474,3839,3424,9176,5542,3897,3311,4872,4065,3672,3244,3652,3529,3278,3120,-13.7666,-24.3027,8.82268,48.2373
61633,5581,4760,3727,3326,8428,6514,3907,3343,5947,4972,3748,3405,4009,3851,3495,3116,-6.18653,-19.4324,8.99793,48.086
61634,3111,3218,3448,3457,3244,3547,3820,4047,3402,3878,5058,6545,3486,4107,6909,10984,23.0566,21.512,8.85883,48.174
61635,3850,4274,4195,3707,4219,6190,5974,4123,4224,5884,5896,4231,3831,4168,4154,3883,-0.342078,-0.401547,8.50782,48.5353
61636,3044,3222,3362,3316,3194,3454,3781,3917,3383,3833,5087,5765,3406,4369,7823,10810,29.7616,18.6793,8.95219,47.844
61637,3226,3176,3414,3504,3248,3512,3891,4109,3384,3758,4951,7176,3287,3878,5933,11615,21.4054,28.1503,8.94178,48.0413
61638,3265,3947,6072,12548,3364,3770,4667,6067,3244,3451,3846,3878,3065,3192,3349,3356,-30.2994,27.4155,8.70214,47.3873
61639,12446,5914,3917,3466,6020,4675,3783,3390,3834,3825,3491,3344,3478,3377,3201,3053,-31.3331,-33.1929,8.60191,47.476
61640,12757,6071,3879,3392,6141,4696,3789,3481,3887,3778,3422,3195,3267,3352,3223,3119,-28.9661,-28.7432,8.69071,47.6327
61641,3193,3336,3377,3222,3500,3771,3733,3612,4215,5056,5088,4287,4712,7974,8317,4817,26.3328,0.475551,8.80516,48.14
61642,3437,3375,3275,3144,3955,3894,3452,3215,5653,5067,3960,3333,10427,7724,4235,3389,33.6223,-19.0982,8.55176,47.69
61643,10550,7754,4269,3397,5840,5126,3978,3375,3853,3882,3450,3260,3355,3344,3298,3217,-25.6951,-19.2024,8.84431,47.9653
61644,3415,3420,3203,3102,3819,3778,3546,3196,5674,5154,3998,3469,10112,8096,4313,3467,33.3591,-17.8449,8.85256,47.8413
61645,3421,3639,4608,5314,3373,3928,5882,8910,3313,3694,4799,6412,3186,3371,3889,4257,-4.88686,22.0444,8.84388,47.9973
61646,4260,3930,3426,3134,6900,4732,3832,3303,9365,5252,3674,3428,5318,4392,3596,3217,3.79113,-27.5079,8.8314,47.8393
61647,3370,3335,3358,3202,3864,3587,3389,3314,6024,4628,3742,3377,12291,5744,3959,3387,33.8945,-33.4268,8.56792,47.0473
61648,3707,4909,8828,7311,3567,4367,6096,5389,3396,3550,3924,4025,3146,3275,3371,3418,-21.374,12.1485,8.76758,48.186
61649,3435,3356,3193,3138,4007,3822,3385,3192,5762,5122,3971,3449,10358,7801,4148,3546,32.9151,-18.3576,8.71659,47.79
61650,3287,3283,3271,3062,3991,3803,3519,3296,6048,5026,3923,3395,10937,7271,4251,3511,25.1312,-21.0392,8.75529,47.916
61651,9992,6783,3927,3376,7016,5420,3970,3416,4002,4021,3537,3284,3483,3486,3194,3100,-20.1913,-20.8379,8.86501,48.0047
61652,3490,3510,3398,3078,3899,4178,3662,3313,5950,6651,4470,3627,6966,7906,4816,3579,17.9144,-12.501,8.9397,48.3287
61653,3626,4115,5118,4508,3833,5080,7860,5261,3693,4453,5572,4500,3209,3695,3964,3735,-5.50462,7.42331,8.57933,48.148
61654,3239,3433,3783,3891,3332,3893,5009,4900,3597,4377,7452,6905,3487,4091,5383,5402,7.96226,14.1295,8.66629,48.116
61655,3203,3251,3256,3231,3556,3716,3722,3693,4021,4717,5212,4490,4289,6963,9391,5338,27.3934,3.79695,8.90172,48.0327
61656,3400,3763,5951,12594,3485,3771,4735,6264,3237,3460,3817,3891,3243,3242,3406,3423,-25.3754,32.6433,8.85326,47.788
61657,3404,3484,3305,3102,4159,3757,3550,3189,7181,5354,3847,3389,10383,6512,4037,3342,20.1088,-22.0482,8.98662,47.9967
61658,3238,3269,3428,3194,3509,3772,3785,3624,4179,5268,5227,4357,4769,7906,8006,4822,23.2011,0.280637,8.97139,48.2353
61659,5711,4661,3755,3246,8964,5726,3929,3372,6133,4711,3644,3327,4129,3943,3375,3274,-5.97014,-22.0753,8.51091,47.9333
61660,3143,3405,3625,3660,3367,3668,4466,4550,3580,4245,6926,7119,3405,4256,6411,6549,13.0914,15.196,8.73461,48.25
61661,3436,3402,3314,3037,3947,3733,3495,3239,5903,4897,3900,3368,12200,6890,4007,3376,28.9601,-23.2739,8.8689,48.096
61662,8089,9362,5029,3708,5161,5301,4206,3532,3702,3755,3590,3251,3399,3421,3210,3011,-27.4639,-12.7498,8.90962,47.818
61663,3759,3660,3253,3097,4794,4155,3601,3241,9104,5307,3812,3393,8610,5407,3870,3303,14.1581,-26.6265,8.84943,48.244
61664,3452,4119,7021,11919,3488,3837,4856,5859,3268,3427,3809,3961,3157,3234,3310,3485,-30.1029,21.6767,8.91396,48.1347
61665,3420,3849,4442,4289,3581,4434,7026,5713,3499,4356,6808,5383,3403,3650,4251,4147,-0.719917,11.291,8.88769,48.1673
61666,4512,6928,7915,4904,4173,5302,5828,4323,3696,3896,3936,3704,3186,3381,3362,3368,-20.1727,1.48547,8.67708,48.276
61667,5801,9542,6403,4193,4609,5496,4672,3916,3618,3822,3679,3505,3302,3385,3361,3174,-24.1155,-5.51842,8.73203,48.3187
61668,3125,3391,3658,3706,3471,3912,4656,4384,3647,4342,7661,6152,3544,4436,6209,5710,11.9734,11.8692,8.51422,48.0027
61669,3587,4329,4616,4132,3949,5467,7572,4798,3780,4723,5990,4317,3506,3724,4080,3776,-3.48645,5.0484,8.85553,48.2307
61670,3268,3300,3227,3122,3801,3750,3568,3245,5144,5371,4096,3705,8052,9454,5216,3634,26.7902,-12.4045,8.94945,47.9687
61671,3353,3937,5705,10558,3368,3823,5122,7688,3200,3430,4111,4326,3091,3310,3358,3438,-18.8856,28.4014,8.7507,47.8787
61672,3433,3494,3387,3177,3963,4220,3741,3434,5272,7223,4916,3731,5711,7607,5140,3892,16.4142,-8.26473,8.62249,48.2273
61673,3254,3397,3613,3541,3433,3828,4450,4150,3732,4605,7556,5913,3701,4540,6897,5772,13.7185,10.7766,8.80565,48.2547
61674,3291,3405,3343,3362,3595,3843,3786,3621,4258,5471,5362,4220,4899,7967,7376,4495,21.871,-1.02158,8.54808,48.196
61675,3339,3650,4229,4597,3433,3918,5961,7309,3417,4037,5644,7256,3233,3608,4230,4420,-0.57736,18.503,8.76781,48.1873
61676,4000,3831,3320,3116,5943,4446,3679,3218,9677,5571,3967,3379,6135,4748,3786,3395,7.14946,-26.4573,8.53881,48.1407
61677,3799,3840,3623,3340,4477,5498,4158,3528,5457,8202,5056,3731,4438,5060,4186,3647,5.71464,-8.22472,8.94207,48.0267
61678,3315,3363,3479,3359,3600,3953,4178,3820,4042,5780,6685,4588,4146,5982,7087,4851,15.9608,2.97202,8.66875,48.152
61679,4202,3899,3465,3210,6689,4653,3635,3364,9443,5411,3816,3412,5541,4579,3762,3400,4.68738,-26.4614,8.57195,48.3207
61680,3891,3717,3419,3157,4978,4805,3721,3294,7640,7135,4352,3598,5856,5398,4042,3494,8.9234,-16.1332,8.99158,48.3313
61681,11059,6170,3984,3489,6996,4937,3887,3435,4182,3895,3527,3328,3429,3462,3165,3075,-21.7969,-25.3177,8.5127,48.0133
61682,3675,3424,3248,3128,4313,4236,3616,3257,6766,6428,4263,3411,7519,7006,4401,3626,16.7531,-15.9237,8.65305,48.2113
61683,4511,5485,4469,3724,5158,8089,5564,3727,4236,5273,4295,3534,3649,3814,3715,3419,-7.75458,-5.95832,8.82871,48.4413
61684,3129,3304,3276,3451,3184,3476,3767,3814,3369,3783,4874,5919,3506,4056,6890,11455,31.1005,22.7415,8.51044,47.502
61685,3117,3479,3704,3775,3228,3614,4409,5309,3410,3879,5384,9655,3433,3759,5114,6928,10.137,33.9665,8.55184,48.1313
61686,3483,3308,3297,3097,4354,4009,3492,3144,7561,5483,3894,3371,9426,6441,4042,3429,18.2648,-21.6031,8.92723,47.8873
61687,3477,3389,3219,3134,4029,3844,3571,3189,5765,5158,3990,3406,9741,8293,4533,3480,26.1146,-17.1033,8.6921,48.1453
61688,6159,4720,3678,3230,9433,5836,3867,3408,5948,4563,3543,3230,4021,3845,3392,3081,-6.90668,-23.3185,8.9627,47.9693
61689,3864,5737,9734,6379,3759,4443,5725,4801,3369,3640,3815,3688,3157,3247,3289,3410,-24.156,8.15877,8.83031,48.038
61690,3359,3939,5741,8997,3354,3933,5320,8562,3085,3545,4167,4608,3148,3288,3494,3617,-15.71,24.0462,8.67583,48.1047
61691,3100,3323,3556,3726,3337,3551,4209,4896,3370,3875,5137,9258,3396,3917,5265,7857,12.7132,33.3325,8.63898,47.8487
61692,3256,3424,3267,3163,3734,3823,3607,3316,4815,5862,4430,3641,6439,9427,5703,3936,22.908,-8.36329,8.90113,47.8953
61693,4726,4265,3617,3200,7559,5262,3797,3384,7894,5404,3956,3358,4931,4263,3503,3194,0.348393,-21.8013,8.64505,48.2087
61694,3454,3420,3253,3071,4182,3948,3489,3144,7148,5293,3891,3349,10405,6558,4139,3480,20.6867,-21.7622,8.76438,48.1493
61695,4803,8259,7957,4732,4172,4959,5087,4344,3632,3865,3821,3505,3242,3353,3357,3291,-33.408,-0.542684,8.54324,48.2527
61696,3239,3612,3951,3917,3429,4094,5448,4849,3570,4703,7817,6210,3471,4140,5130,4802,5.7396,11.0897,8.60197,48.2547
61697,3300,3325,3407,3355,3410,3657,3695,3704,3927,4591,5136,4550,4129,6425,9712,5699,33.8457,5.8184,8.65557,48.0147
61698,3296,3362,3186,3108,3747,3962,3546,3383,4973,5417,4279,3741,6979,9698,5507,3756,26.0496,-9.74281,8.61568,47.96
61699,3241,3339,3253,3079,3768,3826,3613,3362,4553,5317,4685,3821,5772,9634,6384,4169,25.8443,-5.53855,8.74594,47.8773
61700,3447,3972,5831,12275,3466,3809,4683,6025,3206,3483,3750,3788,3163,3319,3502,3353,-32.8952,33.0884,8.80306,47.3813
61701,6120,7367,4703,3765,5799,7091,4614,3674,4168,4254,3738,3342,3524,3551,3254,3203,-15.2277,-11.2092,8.70972,48.1113
61702,8425,8990,4902,3708,5247,5316,4139,3491,3761,3810,3534,3386,3396,3404,3228,3107,-27.9911,-13.7646,8.77177,47.896
61703,4771,8345,8293,4598,4112,4925,4872,4196,3499,3715,3875,3549,3210,3309,3232,3239,-31.2468,-0.0193896,8.80171,47.8267
61704,3700,3660,3310,3114,4886,4279,3577,3333,9403,5468,3822,3380,8128,5374,3825,3240,12.965,-25.0329,8.93262,48.3327
61705,3804,3726,3394,3027,5121,4263,3580,3331,9523,5737,3875,3308,7087,5186,3866,3343,10.7369,-23.0985,8.98432,48.114
61706,3805,4841,8024,6196,3564,4548,6689,5609,3481,3776,4234,3976,3282,3384,3413,3415,-17.6563,10.2215,8.57559,48.158
61707,3265,3377,3295,3243,3735,3843,3657,3407,4639,5283,4588,3842,6032,9785,6271,4197,30.3501,-6.35876,8.70604,48.306
61708,3270,3364,3211,3125,4009,3726,3437,3219,6029,4760,3856,3292,12427,6198,3902,3461,29.3962,-27.1565,8.55646,47.524
61709,12223,6600,3964,3315,6198,4626,3864,3355,4005,3774,3431,3294,3494,3359,3168,3272,-28.1437,-24.9415,8.77418,47.9613
61710,3173,3538,3993,4235,3459,3870,5249,6199,3431,4066,6311,7858,3316,3782,4533,5172,3.74068,18.8768,8.50099,48.1233
61711,3520,3442,3305,3045,4321,3954,3486,3178,7726,5458,3871,3373,9651,6228,4100,3281,18.2595,-22.6819,8.65932,47.9593
61712,4284,6785,9473,5576,3913,4785,5129,4446,3425,3567,3683,3757,3218,3267,3438,3262,-27.3781,4.37312,8.57123,48.0053
61713,3303,3392,3238,3177,3714,3879,3696,3389,4686,5294,4466,3766,6121,9996,6209,4046,29.3137,-7.06874,8.83425,48.248
61714,12610,5805,3864,3369,5950,4766,3900,3307,3897,3783,3460,3340,3433,3379,3284,3175,-33.336,-30.1538,8.7221,47.548
61715,4307,5233,4791,3953,4663,7550,6140,4016,3943,4863,4601,3743,3505,3706,3556,3383,-8.26761,-2.71236,8.79069,47.9687
61716,4199,6407,8721,5409,3897,5050,6073,4594,3426,3700,3911,3687,3247,3462,3550,3226,-20.8188,4.46366,8.7571,48.3727
61717,3313,3697,4608,5992,3360,3746,5481,9681,3269,3628,4512,6202,3248,3405,3823,4108,-6.27884,24.4478,8.69582,48.0487
61718,3108,3229,3519,3644,3304,3594,4070,4535,3424,3888,5292,9111,3395,3819,5441,8567,14.6854,33.952,8.86742,47.96
61719,3491,4404,8011,9937,3444,3967,5201,5733,3188,3577,3796,3905,3113,3156,3487,3409,-26.2074,17.4456,8.61475,47.8793
61720,3437,4022,5893,11801,3471,3726,4839,6837,3261,3511,3847,3973,3197,3164,3424,3425,-22.9116,33.494,8.52265,47.8853
61721,3398,3388,3101,3286,3773,3668,3398,3240,5756,4742,3907,3463,12651,6014,3886,3421,29.5956,-33.2274,8.96223,47.3947
61722,6178,4950,3720,3307,9330,5977,3992,3370,5795,4628,3569,3247,3984,3711,3516,3181,-7.8049,-22.1685,8.79218,48.3033
61723,3289,4268,8095,9931,3392,3968,5075,5558,3225,3516,3891,3996,3086,3260,3471,3416,-33.8818,17.3258,8.87064,47.6247
61724,10477,7474,4362,3513,6003,5158,3952,3485,3962,3935,3532,3179,3358,3404,3298,3125,-24.9193,-19.2881,8.50577,48.1447
61725,3385,4046,6008,12746,3339,3879,4749,5914,3306,3387,3732,3898,3121,3281,3207,3355,-30.0512,31.2682,8.88078,47.5687
61726,3745,4203,4311,3751,4079,5969,6251,4311,4156,5696,6085,4234,3627,4256,4130,3728,-0.521219,1.04804,8.70255,48.3547
61727,3173,3406,3989,4633,3317,3710,4992,7456,3296,3789,5154,8838,3133,3539,4342,5183,2.30278,26.59,8.64737,47.9667
61728,3434,3384,3299,3037,4176,3865,3465,3202,7339,5173,3855,3295,10713,6247,4074,3458,20.5941,-24.3531,8.76193,48.0107
61729,3613,4384,6531,6209,3610,4389,7406,6523,3323,3676,4393,4404,3227,3355,3533,3578,-13.157,13.2733,8.70087,48.1027
61730,3096,3379,3637,3607,3288,3661,4357,4869,3429,4008,6407,8241,3370,4013,5703,7091,12.6283,19.1552,8.94041,48.104
61731,3109,3288,3401,3320,3184,3396,3773,3891,3447,3879,5118,5838,3424,4173,7467,11204,28.3589,20.9923,8.59848,47.9413
61732,3106,3249,3383,3343,3169,3473,3738,3981,3329,3835,4658,6273,3407,4013,6071,12461,25.4928,32.9123,8.81224,47.6593
61733,4255,6687,9161,5531,3868,4888,5720,4547,3484,3720,3848,3656,3206,3262,3353,3185,-23.5888,4.33957,8.66916,48.2473
61734,3585,3581,3507,3227,4353,4839,3798,3495,6131,8115,4793,3721,5276,6171,4620,3573,10.8216,-10.6962,8.94783,48.5233
61735,3370,3658,3824,3635,3705,4457,5157,4179,4009,5954,7652,4838,3883,4661,5131,4258,7.25371,3.69657,8.61788,48.2473
61736,11308,5927,3968,3350,7354,4889,3849,3342,4093,3949,3368,3157,3451,3447,3214,3190,-21.0614,-28.4678,8.71277,47.904
61737,3217,3522,3805,3974,3287,3784,4665,5402,3398,4032,6490,8483,3298,3768,5116,6062,8.02785,19.4979,8.73365,48.202
61738,6336,8020,4896,3670,5507,6861,4471,3764,3998,4154,3684,3393,3314,3464,3319,3090,-17.3907,-10.5275,8.74796,47.9607
61739,3342,3834,5116,5517,3452,4090,6823,8012,3417,3829,4965,5657,3205,3407,3647,4099,-6.56756,17.317,8.8934,48.2747
61740,3704,4850,8031,6630,3586,4421,6603,5628,3418,3687,4165,4072,3143,3321,3441,3513,-18.0673,11.3255,8.60595,48.142
61741,3419,4180,7013,11213,3341,3851,5007,6236,3195,3557,3876,3832,3060,3260,3394,3381,-24.3855,21.1353,8.87779,47.8767
61742,3129,3270,3472,3585,3255,3804,4269,4481,3530,4130,6286,7382,3643,4173,6472,7641,15.7466,17.7528,8.67314,48.348
61743,8623,7709,4403,3469,6219,5658,4208,3594,4052,4027,3601,3322,3391,3411,3244,3068,-20.5876,-16.6681,8.55074,47.9993
61744,3061,3147,3474,3379,3250,3475,4013,4113,3276,3838,5028,7318,3434,4048,6022,11141,20.4832,25.4087,8.92527,48.0113
61745,3383,3666,4465,4331,3456,4209,6255,5994,3539,4246,6589,6290,3414,3770,4384,4642,0.856864,14.4109,8.68371,48.422
61746,3261,3449,3368,3022,3720,3869,3459,3416,5143,5351,4211,3619,7594,9534,5268,3707,27.1334,-11.7487,8.70239,47.994
61747,5243,5867,4170,3584,6346,8178,4714,3660,4445,4846,3839,3463,3676,3548,3443,3220,-9.89981,-11.2942,8.93696,48.1613
61748,3723,3986,3721,3445,4192,5590,4689,3793,4863,7652,5919,3992,4149,4720,4321,3905,4.84374,-4.10078,8.76101,48.44
61749,3302,3192,3281,3357,3242,3452,3703,3671,3414,3744,4696,5809,3342,4021,6014,12556,30.6683,33.7881,8.96077,47.1973
61750,3521,4326,8149,10189,3491,3931,5015,5684,3224,3546,3824,3899,3156,3257,3453,3372,-31.6743,17.8825,8.62653,48.0247
61751,3490,4055,4455,4163,3777,5004,7228,4947,3576,4875,6540,4848,3566,3968,4124,3960,-1.29793,6.97353,8.88648,48.384
61752,3199,3356,3612,3801,3268,3546,4324,5184,3358,3824,5337,9509,3369,3861,5085,7668,11.8133,27.1472,8.76816,48.2007
61753,3364,3432,3235,3071,3889,3826,3585,3314,5426,5205,4093,3633,9080,8580,4732,3443,28.4722,-15.7346,8.52915,47.9387
61754,3140,3307,3327,3422,3257,3556,3760,3955,3436,3920,5143,5518,3532,4469,8358,9510,31.5791,16.8065,8.56907,47.74
61755,3200,3177,3457,3418,3195,3404,3887,4255,3381,3798,4852,7672,3330,3771,5844,10807,19.6292,29.4314,8.91742,47.632
61756,3327,3882,6424,12285,3292,3702,4880,5921,3257,3465,3719,3978,3121,3241,3416,3422,-32.9152,25.1428,8.52129,47.5547
61757,3840,3686,3378,3154,5552,4528,3508,3233,9472,5845,3856,3402,6511,4952,3832,3439,8.92579,-22.7482,8.81624,48.1253
61758,3309,3499,3566,3462,3526,4110,4371,3775,4142,6007,7349,4737,4138,5275,6374,4655,12.9155,3.21922,8.80683,48.1967
61759,3426,3478,3401,3147,3956,4244,3738,3258,5768,6701,4434,3648,6685,8126,4751,3703,17.7217,-11.6931,8.94878,48.3093
61760,3246,3819,4968,6788,3397,3885,5343,9840,3214,3652,4427,5498,3146,3336,3692,3809,-9.40514,25.7966,8.64194,48.04
61761,3681,4342,4783,4273,3759,5552,7856,5022,3694,4584,5697,4380,3393,3700,3909,3855,-4.67047,5.77871,8.77632,48.32
61762,3319,3368,3288,3223,3780,3937,3663,3483,4713,5831,4717,3888,5839,9187,6059,3981,22.3604,-6.30316,8.85085,48.184
61763,3407,3425,3278,3130,3823,3696,3520,3384,5024,5300,4331,3642,7298,9668,5372,3684,29.3751,-10.9005,8.58777,47.988
61764,3107,3227,3387,3366,3258,3582,3820,3959,3501,4045,5179,5634,3571,4445,8527,9689,26.427,16.6489,8.52088,48.198
61765,3445,3395,3292,3125,3918,3849,3463,3358,5739,5212,3811,3470,9639,8364,4509,3502,25.3923,-17.1778,8.8597,48.0607
61766,3457,3661,3582,3435,3851,4574,4508,3685,4527,7206,6560,4224,4377,5654,5128,4193,10.533,-1.69776,8.98876,48.4147
61767,12354,6053,3952,3354,5997,4667,3823,3390,3952,3840,3423,3190,3470,3390,3302,3075,-30.0786,-27.682,8.50905,47.488
61768,3684,3717,3654,3464,4141,5327,4532,3723,4892,8047,5712,3938,4342,5242,4420,3756,6.49628,-4.70479,8.95888,48.394
61769,3451,3429,3396,3215,3742,4067,4060,3613,4572,6578,5693,4232,4761,7076,6013,4398,16.26,-2.38137,8.66721,48.1973
61770,3313,3836,4999,5844,3489,4075,6324,8829,3395,3784,4644,5494,3182,3505,3709,3897,-7.43505,19.6204,8.86732,48.2127
61771,3446,3497,3382,3120,3897,4089,3818,3435,5153,6906,4988,3696,5535,8089,5368,3893,17.1107,-7.51528,8.87655,48.208
61772,3841,5342,9959,7279,3603,4251,5205,4973,3360,3575,3773,3833,3151,3236,3369,3203,-31.4283,10.5291,8.75032,47.9687
61773,3295,3346,3430,3512,3266,3711,4146,4067,3534,4387,6679,5975,3607,4569,7927,6881,17.3508,12.5492,8.98988,48.2213
61774,3337,3989,5747,10470,3369,3838,5120,7916,3235,3538,3957,4364,3177,3272,3480,3450,-18.4558,26.6904,8.79248,48.1727
61775,3455,3534,3244,3082,4063,3980,3558,3288,6348,5506,4080,3501,9479,7372,4249,3542,21.3914,-17.9693,8.59054,48.1873
61776,11338,7441,4165,3378,5881,5155,3985,3370,3955,3832,3545,3280,3364,3399,3242,3073,-26.6503,-20.9377,8.71728,48.2687
61777,5121,7553,5792,4128,4659,6866,5468,3961,3784,4126,3849,3414,3421,3503,3385,3302,-16.4751,-4.4503,8.72805,48.2213
61778,4270,3967,3537,3277,7067,4686,3776,3151,9039,5347,3880,3278,5359,4478,3584,3289,3.46064,-24.5404,8.9072,47.99
61779,3759,3607,3329,3149,5079,4491,3661,3223,8867,6143,3887,3401,7064,5371,3854,3278,11.417,-21.527,8.71753,48.1087
61780,3934,4369,4507,3771,4316,6622,6275,4246,4164,5516,5340,4100,3564,3995,4056,3512,-2.8645,-0.61267,8.64411,48.1913
61781,4212,4977,4378,3712,5052,7823,5450,3969,4421,5480,4631,3695,3648,3859,3871,3391,-5.35537,-5.33602,8.7464,48.3793
61782,3380,3500,3483,3306,3903,4303,4061,3588,4788,7101,5966,4135,4420,6340,5556,4272,13.3252,-2.67809,8.52953,48.068
61783,3266,3523,3621,3618,3498,3937,5136,4467,3721,4844,8094,5946,3611,4255,5769,4959,8.94142,10.0297,8.64277,48.1767
61784,4881,7668,6368,4252,4493,6235,5477,4114,3720,4141,3878,3637,3232,3396,3457,3344,-18.0971,-2.41051,8.6135,48.1953
61785,4032,5077,6075,4665,3849,5774,7566,4849,3593,4196,4540,3976,3422,3537,3643,3597,-11.3932,4.1976,8.77573,48.2607
61786,4056,6148,9943,5955,3803,4406,5336,4705,3313,3657,3802,3808,3068,3319,3351,3263,-30.3879,6.82652,8.91159,47.9553
61787,3511,4227,6311,7114,3452,4214,6600,7351,3247,3698,4228,4420,3214,3268,3584,3678,-14.1299,17.4795,8.60882,48.078
61788,3427,3386,3187,3137,3988,3930,3423,3314,5925,4776,3750,3372,12189,6238,3984,3283,31.4372,-24.5528,8.68788,47.5393
61789,3218,3322,3560,3654,3468,3732,4529,4425,3615,4405,7559,6628,3614,4222,6394,5958,12.2092,13.1718,8.97568,48.202
61790,3393,3332,3207,3114,4019,3756,3472,3226,6544,4858,3754,3345,11924,6254,4081,3427,23.9936,-25.0813,8.99864,47.804
61791,5837,5301,3876,3350,7950,6653,4196,3436,5270,4746,3753,3387,3939,3741,3421,3149,-8.62762,-17.8577,8.57429,48.0033
61792,3127,3427,3592,3513,3266,3643,4346,4575,3464,4197,6657,7432,3596,4081,6217,6928,13.5423,16.9461,8.67392,48.0407
61793,3939,6266,9992,5994,3861,4564,5237,4552,3488,3648,3882,3742,3224,3367,3496,3303,-31.2523,6.30786,8.57785,48.37
61794,3249,3546,3874,4115,3286,3580,4786,5642,3460,4021,6192,8485,3327,3781,4940,5847,6.7994,19.8935,8.50475,48.0873
61795,3172,3346,3348,3246,3448,3772,3857,3613,4156,4666,5063,4209,4493,7714,8913,5110,27.3,1.99978,8.79845,48.084
61796,8744,5598,3804,3475,8693,5514,3804,3316,4690,4180,3593,3202,3500,3452,3224,3053,-14.7598,-25.4196,8.69073,47.8947
61797,3261,3362,3316,3210,3765,3705,3696,3445,4774,5329,4499,3769,6149,9887,6046,4040,30.1331,-7.00413,8.68563,48.1687
61798,3299,3507,3572,3516,3568,3988,4534,4083,3944,5359,7839,5243,3945,4749,6487,4992,12.0876,6.81029,8.85519,48.4167
61799,5756,4678,3615,3237,9817,5436,3943,3343,6534,4564,3630,3298,4183,3796,3362,3097,-5.97686,-25.5127,8.93957,48.1927
61800,3419,4158,6085,6857,3468,4305,6802,7586,3340,3611,4312,4565,3172,3318,3576,3654,-13.042,16.5395,8.94842,48.152
61801,3157,3268,3390,3320,3345,3617,3800,3752,3787,4391,5518,4980,3823,5681,9457,6614,24.5178,9.2012,8.56619,47.9333
61802,3549,4150,5733,6362,3473,4199,6874,7706,3377,3781,4326,4796,3172,3360,3610,3567,-11.1604,16.7265,8.76041,48.0233
61803,4464,4309,3686,3267,6832,6125,3941,3529,6886,6087,4003,3523,4604,4378,3631,3181,0.126921,-17.2355,8.67589,48.2973
61804,3975,4927,5680,4633,3995,5830,7860,4790,3592,4389,4616,3953,3357,3569,3699,3542,-10.336,4.10844,8.83385,48.2713
61805,3141,3290,3348,3333,3268,3492,3744,3892,3328,3684,4900,5894,3424,4062,6947,12081,29.4483,23.1183,8.84332,47.8853
61806,3296,3861,5139,6727,3303,3806,5830,9283,3262,3681,4479,5458,3095,3433,3643,3858,-9.69449,22.58,8.73391,48.1027
61807,3168,3330,3416,3469,3155,3504,3935,4406,3256,3815,5104,8286,3319,3761,5648,10194,17.579,29.4206,8.85065,47.844
61808,3412,3713,3676,3471,3762,4532,4325,3696,4415,6951,6773,4351,4244,5516,5328,4199,10.6301,-0.612319,8.51841,48.2427
61809,3311,4016,5726,9418,3297,3906,5263,8508,3170,3542,3984,4636,3088,3273,3458,3523,-16.8274,25.9436,8.67434,48.0793
61810,3476,4267,7538,10191,3313,3928,5255,6262,3261,3488,3808,4038,3076,3295,3441,3389,-23.7828,18.9031,8.64696,48.0173
61811,3215,3580,4461,4655,3397,3865,5922,7289,3383,3932,5810,7232,3349,3550,4223,4630,-0.364517,19.2768,8.66097,48.3287
61812,3355,3202,3348,3369,3333,3395,3773,3889,3426,3778,4703,5956,3409,3814,5847,12422,32.9998,32.3653,8.72066,47.346
61813,3647,4053,4749,4193,3907,5306,7810,4952,3761,4810,5988,4356,3481,3722,3949,3729,-3.57833,5.68139,8.98896,48.2753
61814,3900,4610,4973,4167,4234,6451,7147,4419,3837,4768,5153,4086,3462,3717,3883,3622,-6.17383,1.58494,8.60564,48.286
61815,3778,4149,4238,3938,3865,5427,6548,4566,3848,5273,6546,4604,3573,3926,4251,3836,-0.417307,4.14724,8.71453,48.244
61816,3273,3459,3372,3401,3633,3756,3779,3496,4245,5062,4888,4138,4834,8513,7905,4516,32.4516,-1.07965,8.61204,48.18
61817,3234,3403,3507,3328,3354,3617,3876,3663,3720,4436,5122,4692,3959,5939,9975,6212,32.3141,7.38914,8.69451,48.0247
61818,5271,6980,5016,3814,5471,7549,5154,3803,4005,4446,3840,3517,3463,3623,3439,3258,-13.74,-7.51881,8.80673,48.4327
61819,4396,7323,8956,5209,3915,5069,5440,4441,3500,3826,3857,3542,3252,3271,3324,3187,-23.9034,2.75775,8.85119,48.3387
61820,5511,5500,4217,3476,6765,7437,4435,3581,4901,4955,3908,3246,3782,3736,3478,3183,-9.10621,-13.6118,8.51463,48.074
61821,3393,3929,5883,9448,3298,3932,5249,8239,3166,3545,4002,4555,3215,3206,3488,3672,-16.955,25.3729,8.5836,48.1467
61822,3235,3845,4703,5521,3445,3930,6277,8503,3380,3839,4918,6051,3154,3500,3763,4164,-5.55335,20.2409,8.50478,48.152
61823,12069,5898,3910,3391,6779,4819,3726,3336,3980,3729,3491,3297,3333,3411,3230,3083,-23.5928,-30.7695,8.57225,47.6547
61824,4319,6738,8444,5162,3990,5024,5837,4491,3520,3659,3825,3705,3175,3259,3493,3376,-21.1585,2.79816,8.88591,48.0113
61825,12701,5931,3954,3385,5968,4713,3740,3492,3864,3850,3444,3221,3385,3389,3187,3086,-31.0825,-28.9321,8.68148,47.54
61826,3448,3928,4598,4451,3649,4714,7667,5727,3430,4247,6165,5104,3301,3644,4045,3990,-3.15316,10.3556,8.94752,48.072
61827,4789,4259,3528,3228,7629,5722,3836,3371,7343,5459,3906,3360,4626,4252,3605,3128,-0.554493,-20.3396,8.75334,48.0273
61828,4042,3892,3462,3205,6019,5163,3920,3326,8284,6525,3991,3358,5493,4823,3686,3361,5.02548,-18.9946,8.90611,48.3667
61829,3826,3601,3392,3244,5411,4447,3571,3325,9672,5581,3814,3345,6918,4934,3721,3389,9.87897,-24.8487,8.75197,48.1273
61830,3921,3644,3442,3207,4926,4654,3685,3419,7810,6830,4137,3451,6223,5446,3968,3515,10.0012,-17.0601,8.65866,48.1853
61831,4377,4010,3544,3154,7272,4760,3706,3463,9427,4963,3742,3345,5329,4312,3514,3250,3.14106,-29.4611,8.93051,48.112
61832,3301,3860,5488,9011,3276,3870,5282,8800,3408,3563,4076,4622,3179,3197,3499,3588,-15.558,27.8168,8.57412,48.0133
61833,3420,3380,3299,3204,3870,3774,3424,3279,6037,4828,3781,3331,12213,6532,3918,3470,31.9363,-24.8204,8.8498,47.84
61834,4270,5936,6536,4463,4220,6211,6572,4446,3676,4130,4218,3760,3422,3345,3509,3340,-14.6733,1.27829,8.65618,48.036
61835,3183,3501,3626,3561,3347,3804,4622,4175,3766,4809,7989,5988,3569,4362,6331,5449,11.8081,10.5636,8.80375,48.0547
61836,7035,10027,5453,3811,4706,5273,4277,3599,3747,3849,3548,3350,3318,3368,3329,3151,-28.7713,-9.79215,8.83965,47.894
61837,3269,3863,5813,8374,3435,3879,5552,8532,3325,3652,4150,4632,3027,3318,3528,3595,-15.0558,22.6741,8.61953,47.9627
61838,6278,4631,3616,3260,9904,5107,3856,3269,5932,4452,3622,3311,4082,3701,3454,3221,-7.46038,-31.2929,8.89985,47.7973
61839,7106,5080,3723,3258,9509,5608,3833,3389,5133,4399,3642,3369,3960,3719,3359,3112,-10.5611,-24.3398,8.86529,48.1327
61840,3187,3642,4252,4826,3352,3827,5235,8117,3382,3738,5120,7989,3288,3551,4261,4686,-0.208812,23.5847,8.94357,48.302
61841,3378,3469,3189,3034,4227,3797,3541,3248,7399,4971,3831,3303,11049,5879,3903,3363,20.258,-26.8268,8.63873,47.7207
61842,3196,3506,4143,4566,3219,3708,4972,7214,3346,3910,5343,8460,3209,3648,4429,5088,2.06577,23.5786,8.50163,47.9713
61843,3253,3472,3831,3932,3493,4082,5521,5028,3535,4463,7609,6563,3315,4019,5081,4975,6.0855,13.1861,8.62868,48.1147
61844,3541,3403,3250,3010,4229,4003,3542,3257,6898,5597,4112,3432,9167,6969,4235,3459,19.4328,-19.1535,8.54416,48.0693
61845,3419,3969,6055,12384,3351,3729,4775,6300,3223,3410,3804,3933,3091,3235,3405,3371,-26.5376,31.1484,8.8601,47.636
61846,3394,4075,7301,11471,3400,3883,5017,5897,3302,3457,3888,4035,3111,3261,3359,3331,-28.7216,21.3429,8.76425,48.1213
61847,3256,3431,3829,3938,3410,3908,5147,5125,3573,4376,7330,7122,3369,3921,5258,5233,7.18453,14.4574,8.65333,48.1507
61848,5358,8282,6069,3952,4676,6400,5108,3985,3674,4139,3832,3518,3317,3520,3390,3263,-18.8822,-5.09065,8.81687,48.322
61849,3391,3335,3153,3083,3971,3867,3383,3243,6236,4790,3783,3437,12249,6022,3933,3380,26.2818,-32.5329,8.60867,47.504
61850,6217,4816,3749,3111,9618,5824,3903,3425,5871,4510,3598,3373,4024,3827,3329,3188,-7.49643,-23.4162,8.84157,48.2553
61851,4387,7293,9079,5237,3990,4741,5288,4378,3491,3687,3756,3651,3230,3171,3369,3261,-25.3819,2.62045,8.96786,48.006
61852,3350,3685,4138,3997,3650,4451,6273,5148,3699,4602,7294,5579,3491,3948,4644,4241,2.08455,9.94199,8.56716,48.1267
61853,4026,5663,8624,5738,3757,4862,6463,5004,3502,3718,3962,3871,3135,3395,3268,3351,-19.5967,6.88365,8.8051,48.226
61854,3912,5955,10031,6536,3811,4362,5179,4706,3305,3597,3849,3754,3192,3292,3417,3286,-29.9709,7.92292,8.57565,48.1227
61855,3267,3391,3389,3193,3515,3860,3814,3532,4241,5508,5169,4231,4829,8201,7482,4500,22.89,-0.927812,8.71876,48.0813
61856,11762,5830,3963,3319,7071,4769,3851,3363,4268,3897,3315,3273,3339,3335,3192,3147,-21.6481,-28.5307,8.92364,47.796
61857,3079,3352,3690,3817,3342,3556,4401,5605,3315,3794,5298,9949,3355,3791,4877,7074,9.71569,28.8423,8.86061,48.1967
61858,3380,3891,5482,9542,3338,3803,5229,8609,3255,3540,3981,4348,3114,3236,3494,3512,-16.0764,33.9483,8.80543,47.836
61859,3214,3621,4405,5224,3319,3690,5247,8798,3329,3655,4967,7431,3226,3556,4113,4627,-2.59882,25.1472,8.71709,48.2813
61860,3213,3319,3497,3522,3207,3445,4065,4699,3389,3759,5161,8815,3363,3869,5430,9104,15.4752,28.8854,8.79785,47.9047
61861,3293,3349,3383,3258,3635,3802,3681,3437,4333,5132,4695,3875,5369,9219,7111,4325,30.4103,-3.64006,8.71725,47.9313
61862,7581,8285,4612,3603,6015,5984,4186,3669,4041,4014,3609,3351,3505,3517,3354,3092,-20.0155,-13.9752,8.5068,48.2787
61863,3502,3365,3198,3113,3894,3688,3456,3285,6051,4753,3751,3302,12646,5963,4011,3355,30.5315,-29.8802,8.65777,47.5553
61864,5784,4668,3693,3315,9210,5676,3859,3386,6436,4761,3754,3348,4163,3968,3474,3246,-5.60556,-23.2108,8.50794,48.494
61865,3280,3567,4087,4245,3420,3986,5425,6489,3361,3953,6173,7794,3433,3632,4529,5030,2.92661,18.7801,8.73947,48.2693
61866,3100,3124,3382,3347,3242,3487,3812,3838,3398,4186,5269,5229,3572,4691,9184,8830,28.4199,14.6212,8.98726,47.794
61867,8933,8870,4596,3700,5302,5083,4027,3495,3910,3733,3563,3319,3372,3418,3275,3154,-31.2715,-15.0293,8.89747,47.8333
61868,4214,4752,4298,3685,4934,7592,5426,3866,4505,5720,4763,3682,3794,3927,3765,3449,-4.21753,-5.7442,8.51053,48.248
61869,3178,3331,3303,3159,3608,3934,3590,3529,4486,5332,4653,3943,5700,9688,6597,4283,26.7887,-4.9241,8.80488,48.2093
61870,3122,3257,3323,3429,3206,3438,3876,3989,3439,3798,4765,6797,3270,3903,6099,12021,23.1538,27.6384,8.85983,47.8213
61871,5161,4317,3613,3166,8906,5058,3675,3391,7697,4764,3792,3370,4418,4163,3465,3259,-1.8807,-31.9941,8.8579,48.1433
61872,5351,8761,6370,4153,4587,6014,4873,4009,3737,3926,3672,3515,3324,3323,3388,3226,-21.3333,-4.80171,8.76674,48.1527
61873,4145,5682,7697,5144,4041,5315,6601,4793,3461,3835,4011,3791,3182,3420,3374,3282,-17.2833,4.81929,8.66989,47.8493
61874,3238,3624,4516,5530,3344,3942,5656,9067,3465,3698,4867,6625,3209,3550,3996,4313,-4.40977,23.0798,8.6887,48.4267
61875,3276,3431,3225,3184,3865,3907,3649,3391,4945,6046,4582,3694,6175,9123,5588,3921,21.1362,-8.10583,8.93875,48.0013
61876,7979,7394,4422,3509,6299,6241,4202,3523,4132,3981,3578,3216,3493,3454,3329,3084,-18.2952,-15.6763,8.82737,47.8907
61877,3398,4040,5448,5973,3408,4178,6782,8067,3343,3760,4716,5044,3146,3367,3792,3734,-9.88228,17.3828,8.99917,48.1307
61878,3403,3302,3390,3186,3723,3948,3851,3572,4382,5886,5518,4056,4825,8041,6831,4350,19.9537,-1.96518,8.8758,48.176
61879,3420,3921,5447,6295,3359,4221,6762,8017,3325,3776,4631,5110,3177,3259,3663,3662,-10.0199,18.1398,8.50446,48.03
61880,3368,3411,3472,3266,3700,3876,3924,3729,4398,5961,5608,4034,4652,7325,7226,4494,19.2952,-0.553826,8.9537,48.296
61881,3164,3319,3472,3415,3321,3455,3662,3897,3351,3690,4714,5858,3236,3911,5829,12479,32.8231,32.297,8.83585,47.182
61882,3234,3485,3624,3402,3594,3883,4374,3868,3832,5503,7559,4991,4100,5283,6904,4907,13.9743,5.07377,8.90744,48.362
61883,3381,3365,3340,3146,3662,3611,3723,3490,4344,4974,4735,4074,4981,9123,7485,4516,31.0103,-2.19142,8.81599,47.9667
61884,3404,3483,3752,3754,3531,4124,5348,4448,3762,5169,8422,5464,3677,4289,5352,4517,7.2088,7.89958,8.86704,48.3307
61885,3981,3681,3370,3091,5867,4482,3581,3229,9963,5327,3819,3350,6600,4779,3667,3451,8.50674,-28.7402,8.90788,48.1587
61886,3460,3624,3534,3414,3910,4510,3993,3618,5023,7635,5449,3948,4876,6644,5169,3840,12.8113,-5.54184,8.62283,48.4313
61887,3044,3258,3310,3383,3237,3499,3857,3907,3387,4024,5081,5799,3406,4194,7725,10945,28.17,19.6416,8.9118,48.0373
61888,3395,3458,3253,3036,3991,3869,3490,3237,6466,4930,3831,3384,11121,6997,4057,3530,23.8963,-21.8027,8.72858,48.03
61889,3375,4231,7124,11749,3367,3887,4889,6021,3273,3379,3727,3888,3098,3140,3374,3308,-28.8479,21.8534,8.81425,47.8867
61890,3279,3379,3752,3622,3488,3751,4720,4452,3618,4447,7723,6621,3617,4278,5928,5679,10.8046,12.6562,8.72647,48.236
61891,4561,4812,4084,3536,5557,7745,4880,3651,4615,5960,4394,3591,3897,3866,3723,3333,-4.29694,-9.01059,8.69221,48.1367
61892,7931,6373,4212,3445,7348,6151,4134,3549,4452,4172,3588,3392,3640,3530,3281,3117,-15.5669,-18.3197,8.64936,48.21
61893,3564,4026,5304,5228,3549,4404,7818,6604,3408,3884,5244,5053,3320,3508,3888,3792,-7.11823,13.0248,8.66187,48.396
61894,3174,3511,3963,4270,3370,3729,4980,6821,3449,3856,5532,8832,3356,3672,4471,5262,3.31012,22.6601,8.7702,48.1653
61895,6700,4847,3796,3527,9948,5171,3824,3316,5670,4354,3751,3281,3820,3621,3321,3214,-9.15158,-32.2009,8.69554,48.1073
61896,4028,4710,4470,3908,4388,6956,6408,4147,4137,5290,5090,3879,3616,3870,3755,3627,-4.89342,-1.30871,8.6887,48.186
61897,3420,4108,5753,6406,3526,4189,6928,7598,3332,3668,4587,4846,3167,3462,3564,3824,-11.5183,16.4696,8.55826,48.252
61898,4313,5820,5208,4133,4473,7389,6226,4260,3821,4612,4278,3753,3491,3581,3669,3330,-10.6575,-2.38452,8.68038,48.238
61899,5188,7698,5914,4089,4836,6711,5341,3961,3780,4009,3836,3444,3312,3406,3479,3205,-17.3039,-4.70752,8.9478,48.1393
61900,3484,4147,5501,5470,3586,4583,7602,6649,3434,3911,5034,4915,3246,3549,3735,3806,-8.03184,13.0032,8.65383,48.4347
61901,6582,9894,5712,3918,4648,5291,4257,3682,3701,3846,3666,3324,3381,3426,3256,3190,-29.2256,-8.70076,8.50344,47.8493
61902,3465,3491,3287,3090,4098,3908,3528,3108,6803,5170,3875,3352,10999,6444,4027,3372,21.8719,-23.0233,8.86253,48.0113
61903,3467,3377,3213,3116,4244,3907,3483,3266,7394,4996,3817,3542,11119,5692,3910,3396,20.5928,-28.277,8.51528,47.9593
61904,9168,5592,3828,3458,8417,5453,3911,3405,4629,4076,3529,3293,3627,3527,3231,3141,-15.9329,-25.0211,8.56658,48.19
61905,3577,4149,4585,4318,3719,4895,7720,5271,3600,4400,6173,4793,3425,3763,4149,4063,-3.04978,8.40883,8.86918,48.4
61906,3449,3391,3273,3214,3944,3752,3478,3254,6114,4675,3785,3360,12755,5841,3884,3389,33.8864,-30.2292,8.95166,47.7053
61907,3362,3976,6006,12213,3436,3698,4747,6736,3206,3462,3724,4103,3124,3189,3361,3297,-24.0157,29.7636,8.95678,47.76
61908,3345,3491,3379,3387,3711,4035,4006,3531,4453,6442,5909,4194,4632,6920,6601,4399,16.8313,-1.15252,8.95465,48.29
61909,12552,5848,3929,3443,6064,4712,3726,3373,3984,3721,3518,3269,3463,3385,3361,3290,-29.7488,-31.014,8.75354,47.7587
61910,7273,9532,5201,3751,5213,5602,4400,3713,3734,3877,3561,3295,3506,3358,3323,3125,-23.8942,-10.9784,8.5947,48.3093
61911,12619,6342,3843,3448,5919,4743,3766,3258,3991,3716,3489,3231,3413,3292,3272,3133,-30.7281,-26.1357,8.93615,47.65
61912,3395,3406,3302,3093,3902,3804,3571,3170,5462,5232,4048,3475,9130,8617,4449,3511,32.0999,-15.592,8.5806,47.7113
61913,3144,3132,3414,3618,3217,3587,4155,4741,3415,3882,5630,8630,3386,3880,5659,8474,14.7583,23.2628,8.80018,47.976
61914,4475,4164,3510,3172,7519,5033,3756,3305,8429,5420,3872,3367,5011,4292,3691,3287,1.61521,-23.5535,8.95424,48.202
61915,3869,4648,5324,4292,4001,5966,7721,4783,3703,4389,4963,4021,3447,3670,3726,3517,-7.71096,3.91852,8.84861,48.0267
61916,3436,3763,4937,6913,3376,3905,5293,9750,3205,3610,4217,5494,3227,3428,3674,3875,-10.0729,30.0108,8.5759,48.0687
61917,3813,3793,3372,3087,5570,4353,3654,3136,9868,5408,3853,3395,6960,4906,3754,3260,9.82042,-27.7392,8.54439,48.1213
61918,3730,4288,5028,4413,3832,5185,7742,5264,3710,4445,5595,4480,3284,3684,3860,3695,-5.58535,6.97146,8.55923,48.1567
61919,3147,3430,3719,3838,3316,3801,4775,5543,3381,3949,6330,8747,3298,3844,5020,6195,8.59092,19.4981,8.90161,48.222
61920,3340,3492,3279,3086,3872,3938,3798,3459,4991,6273,4623,3706,6386,8887,5344,3779,20.7892,-9.39302,8.77909,48.1687
61921,3389,3747,4111,4038,3648,4603,6462,4696,3645,5156,7576,5259,3494,4019,4609,4187,2.43168,7.45432,8.98131,48.426
61922,5020,4297,3651,3263,8818,5012,3763,3211,7818,4879,3907,3348,4460,4020,3448,3193,-1.90265,-27.2511,8.65693,48.072
61923,6671,5495,3958,3413,8470,6670,4061,3527,5029,4425,3668,3347,3800,3705,3315,3082,-10.7898,-19.1616,8.83736,48.424
61924,3159,3288,3406,3346,3333,3571,3808,3831,3604,4113,5177,5334,3501,4652,8767,8783,33.2859,15.01,8.55993,47.782
61925,3503,3423,3239,3092,3959,3744,3386,3222,6330,5019,3770,3444,10971,7209,4186,3437,24.7378,-21.1794,8.92687,47.956
61926,3432,4120,6336,8697,3447,3938,5752,7794,3350,3571,4141,4448,3043,3267,3504,3578,-16.4891,20.1418,8.89869,48.2787
61927,3452,3407,3327,3163,3865,3872,3576,3193,5974,5326,3987,3454,9190,8112,4388,3482,23.6968,-16.9909,8.51013,47.8453
61928,3887,5877,10045,6485,3683,4419,5214,4770,3350,3676,3743,3653,3156,3385,3350,3266,-28.9535,8.26036,8.97885,47.9727
61929,3234,3292,3372,3143,3508,3687,3806,3597,3990,4841,5163,4390,4434,7562,8823,5207,30.1213,2.25241,8.52722,48.0327
61930,3381,4107,6565,11928,3335,3908,4926,6269,3224,3359,3784,3937,3014,3207,3371,3355,-25.6025,24.4555,8.51935,47.78
61931,3620,3849,3933,3692,3963,5153,5684,4073,4130,6126,6945,4447,3801,4415,4579,3978,3.3053,1.76672,8.98168,48.2587
61932,3154,3275,3355,3228,3210,3526,3937,3877,3572,4369,5908,5583,3629,4792,8774,7843,22.0104,13.3252,8.85581,48.0213
61933,3844,5497,9924,7068,3692,4359,5216,4951,3322,3519,3743,3756,3184,3227,3383,3297,-29.4899,9.80756,8.54632,47.988
61934,3272,3305,3297,3252,3619,3742,3637,3503,4291,5309,4679,3885,5663,9487,6742,4161,31.394,-4.54618,8.51291,47.896
61935,3254,3495,3924,4058,3264,3689,4894,6200,3463,3899,5850,8993,3303,3704,4759,5533,5.18455,21.6439,8.68064,48.188
61936,3387,3392,3179,3115,3896,3745,3447,3283,6168,4624,3761,3369,12585,5906,3838,3409,27.9197,-28.8985,8.94955,47.4027
61937,4002,6221,9995,6121,3773,4429,5122,4642,3458,3618,3785,3704,3235,3335,3357,3327,-30.9204,6.78549,8.8023,48.0827
61938,4247,4132,3555,3367,6258,5666,3957,3433,7038,6604,4010,3572,4749,4639,3859,3381,2.09996,-16.5036,8.83997,48.3113
61939,3223,3439,3658,3727,3311,3662,4465,4883,3515,4162,6592,7967,3455,3997,5727,6796,11.6581,18.0943,8.73241,48.386
61940,3521,3291,3168,3092,4277,3757,3535,3166,7671,5024,3723,3418,11099,5802,3842,3432,20.0091,-26.744,8.93796,47.8787
61941,3415,3348,3273,3051,4082,4136,3740,3404,5819,6502,4370,3526,6876,8115,4833,3689,18.2602,-11.8668,8.87254,48.1193
61942,3224,3550,3945,4269,3476,3736,5165,6416,3486,3939,6009,8240,3325,3717,4463,5205,4.0589,19.9341,8.72715,48.11
61943,3459,3392,3234,3202,4286,3966,3422,3345,7769,5143,3841,3511,10349,5791,3982,3344,18.2219,-33.7437,8.71842,48.024
61944,4145,3961,3445,3173,6763,4659,3692,3212,9632,5100,3697,3289,5642,4547,3662,3359,5.00338,-30.0105,8.88844,47.9853
61945,3244,3294,3305,3285,3350,3663,3798,3658,3780,4462,5239,4686,3974,6262,10029,6004,32.7753,6.80517,8.90732,48.022
61946,6555,6845,4471,3642,6633,6990,4366,3532,4178,4255,3744,3258,3518,3519,3318,3152,-15.1013,-13.8695,8.71152,47.984
61947,3717,5237,9549,7464,3607,4300,5389,5074,3281,3558,3810,3780,3127,3328,3293,3307,-27.0395,11.1328,8.50518,47.8807
61948,3357,3495,3409,3191,3799,4096,3864,3532,4622,6627,5192,3988,5056,7733,6054,4035,17.6079,-3.98138,8.76998,48.0333
61949,4858,7115,5932,4265,4633,6695,5531,4156,3611,4076,4077,3571,3427,3478,3366,3262,-16.422,-3.29766,8.72874,48.0353
61950,6365,9894,6057,3940,4739,5195,4494,3742,3707,3815,3743,3374,3339,3382,3326,3191,-32.5927,-7.55765,8.81085,48.202
61951,3412,3838,5762,10316,3317,3780,5052,7859,3290,3568,3858,4449,3049,3116,3448,3509,-18.2669,27.0582,8.79709,47.7487
61952,3695,4844,8757,7359,3647,4393,6082,5404,3370,3639,3902,3921,3067,3205,3423,3392,-21.5111,12.0772,8.54308,48.0667
61953,4837,4104,3586,3242,8019,4985,3874,3383,8053,5041,3860,3402,4828,4187,3541,3267,0.0759056,-26.3401,8.61018,48.1393
61954,3269,3579,4280,4947,3371,3687,4935,8699,3246,3707,4872,7847,3269,3496,3989,4583,-1.47933,32.0262,8.92081,47.8507
61955,7412,5059,3789,3412,9758,5216,3838,3376,5209,4225,3587,3358,3808,3585,3261,3148,-11.3408,-32.2357,8.87218,48.0273
61956,3445,3554,3417,3200,4189,4457,3937,3500,5550,8074,5064,3798,5256,6556,4618,3754,12.2868,-8.80209,8.97854,48.246
61957,3121,3268,3581,3531,3289,3530,4063,4747,3343,3743,5210,8796,3458,3820,5515,9097,15.3521,26.9923,8.76632,48.0747
61958,4754,4712,3718,3484,6817,7140,4355,3509,5763,5763,4055,3409,4176,4038,3618,3344,-3.53734,-14.6176,8.51312,48.4367
61959,3552,3826,3796,3516,3901,4966,5225,4122,4135,6493,7229,4370,3982,4661,4761,4109,5.63124,1.29433,8.82272,48.4293
61960,11114,7067,4090,3367,6362,5025,3788,3353,4056,3912,3476,3163,3347,3342,3279,3087,-24.6968,-21.7293,8.82126,47.8853
61961,3250,3519,3889,3760,3574,4258,5513,4836,3602,4831,8002,5871,3502,4118,5001,4636,5.68052,10.234,8.66439,48.108
61962,10910,5787,3963,3391,7465,5035,3769,3346,4169,3845,3477,3263,3366,3435,3153,3166,-19.9419,-32.0808,8.50694,47.6933
61963,4962,8854,7849,4534,4061,4977,4941,4049,3548,3739,3689,3548,3199,3360,3345,3285,-31.8995,-1.34293,8.65882,47.96
61964,4220,6500,9689,5739,3855,4610,5183,4529,3476,3699,3806,3664,3160,3338,3265,3294,-32.419,5.13725,8.68139,48.018
61965,4666,6977,7100,4578,4348,5778,5735,4227,3720,4042,4098,3742,3358,3377,3364,3356,-18.5518,-0.240547,8.68796,48.3107
61966,8721,7823,4440,3459,6161,5745,4075,3517,4029,4024,3545,3265,3396,3446,3293,3133,-20.5466,-16.7231,8.8836,48.048
61967,3418,3399,3107,3133,4000,3658,3500,3184,6778,4734,3914,3379,12034,6052,3860,3476,23.9866,-28.3144,8.72487,47.7507
61968,3417,3713,3937,3694,3606,4638,5623,4278,3937,5622,7868,4864,3868,4316,4742,4241,5.24797,4.72106,8.9713,48.2427
61969,3189,3317,3889,4122,3351,3849,4936,5604,3437,4125,6736,8181,3428,3872,4927,5649,6.61029,17.9633,8.53028,48.408
61970,3048,3316,3490,3474,3323,3438,3974,4466,3312,3809,5155,7948,3453,3906,5629,10204,18.1609,28.2945,8.88885,47.9633
61971,3278,4040,5715,6570,3495,4177,6819,7726,3337,3738,4475,4799,3241,3449,3644,3654,-11.706,17.2645,8.98205,48.1047
61972,4917,4292,3640,3257,8541,4970,3689,3426,7807,4839,3807,3417,4699,4068,3601,3190,-1.23509,-32.0179,8.53972,48.1067
61973,7665,5174,3808,3300,9408,5367,3778,3369,5044,4178,3615,3231,3726,3628,3300,3088,-11.7659,-26.5038,8.54055,47.786
61974,3351,3907,6199,12721,3449,3744,4809,6169,3223,3429,3713,3894,3117,3215,3285,3426,-29.0031,28.941,8.96715,47.7673
61975,4707,7992,8253,4718,4155,4897,5040,4141,3569,3853,3804,3656,3304,3353,3297,3277,-33.8745,0.165261,8.74641,48.0107
61976,3252,3748,4415,4595,3428,4025,6630,6541,3547,4033,6415,6170,3386,3651,4217,4497,-0.552184,15.2924,8.74945,48.3667
61977,5199,8707,7356,4494,4380,5245,4852,4104,3530,3766,3704,3496,3238,3385,3456,3371,-25.9422,-2.27483,8.67399,48.1887
61978,3364,3769,4885,7147,3390,3817,5226,9791,3219,3547,4320,5558,3067,3420,3714,3800,-9.97053,27.8556,8.69032,48.0227
61979,3628,3588,3262,3113,4743,4108,3524,3226,8682,5716,3938,3394,8420,5619,3977,3528,14.57,-22.7007,8.77644,48.3107
61980,10689,7749,4228,3417,5732,4919,3903,3333,3913,3779,3647,3269,3445,3475,3303,3129,-31.5018,-19.3963,8.67664,47.9533
61981,3472,4060,6462,8931,3510,4013,5671,7498,3371,3673,4033,4262,3067,3279,3433,3452,-17.278,20.3057,8.70385,48.1247
61982,3458,3776,3870,3545,3771,4538,5115,4147,4011,6143,7592,4580,3940,4670,5175,4249,6.88558,3.3849,8.59016,48.3867
61983,5236,6789,4892,3787,5376,7588,5094,3848,4054,4436,3948,3523,3567,3641,3421,3136,-13.2353,-7.6741,8.68809,48.224
61984,4221,6488,9521,5755,3855,4634,5284,4436,3489,3658,3854,3561,3220,3290,3362,3355,-26.0047,5.57274,8.88458,47.9887
61985,3447,3493,3580,3582,3602,4465,5060,4065,3835,5755,8066,4797,3807,4708,5368,4346,8.15487,4.86686,8.93131,47.984
61986,3142,3216,3432,3412,3307,3576,3855,4003,3519,4073,5371,5929,3404,4392,7925,9887,24.5511,17.8449,8.76643,48.2953
61987,3224,3792,5208,8037,3391,3827,5266,9564,3210,3553,4264,5071,3122,3331,3525,3701,-12.4687,28.4457,8.68182,48.0573
61988,3730,5188,9626,7640,3670,4278,5259,5081,3308,3496,3808,3765,3145,3226,3411,3311,-30.1615,11.6149,8.5381,47.9613
61989,5117,5453,4132,3411,6383,7748,4597,3656,4832,5160,4027,3401,3822,3860,3527,3246,-7.5621,-12.4262,8.64031,48.248
61990,3999,6133,9863,5962,3900,4570,5226,4687,3499,3608,3849,3813,3096,3336,3372,3312,-33.9504,6.32011,8.8498,48.15
61991,4165,5780,7005,4906,3973,5634,6920,4703,3575,4058,4198,3854,3329,3481,3513,3240,-15.3491,3.65943,8.52804,48.2227
61992,3233,3856,4952,7189,3368,3888,5296,9980,3315,3612,4336,5324,3203,3439,3540,3753,-10.2526,30.7776,8.95805,48.1893
61993,8217,9133,4853,3552,5431,5538,4229,3584,3887,3839,3524,3288,3329,3400,3358,3040,-24.5158,-13.5453,8.78387,48.1347
61994,3960,4899,5131,4174,4404,6753,6982,4451,3854,4705,4703,3935,3536,3711,3803,3452,-7.85293,0.536089,8.65629,48.302
61995,3254,3282,3457,3319,3294,3670,3852,3934,3684,4416,5079,4883,3731,5236,9747,7031,33.6375,10.2969,8.61894,47.9127
61996,3302,3718,4257,4012,3576,4413,6302,5083,3542,4649,7531,5665,3537,3949,4578,4346,2.30612,10.1471,8.8903,48.3067
61997,3384,3369,3226,3185,3921,3769,3510,3271,6509,4891,3762,3421,12233,5956,3751,3343,24.9537,-32.2229,8.89952,47.6673
61998,3256,3261,3319,3254,3464,3644,3725,3685,3920,4631,5251,4466,4304,7163,9500,5386,29.1117,3.67421,8.84514,48.1527
61999,3381,3349,3258,3139,4014,3930,3444,3190,6656,4743,3613,3332,12188,6160,3895,3350,24.1108,-29.803,8.87256,47.7613
62000,3191,3332,3473,3460,3265,3521,4249,4235,3546,4205,6410,6512,3459,4303,7261,7701,17.1666,15.4244,8.64376,48.082
62001,4385,7246,9010,5331,4051,4750,5126,4311,3546,3748,3814,3595,3128,3326,3287,3241,-30.2813,3.16589,8.53116,47.93
62002,3796,5402,9966,7065,3655,4274,5348,4944,3431,3614,3830,3824,3167,3220,3331,3403,-31.3577,10.1331,8.84206,48.18
62003,7896,7960,4463,3503,6046,5957,4258,3566,4011,4013,3707,3289,3440,3480,3298,3129,-19.745,-14.6824,8.68277,48.0107
62004,3665,4644,7171,6127,3628,4516,7279,5951,3505,3716,4296,4226,3176,3348,3558,3567,-15.0631,11.2021,8.74999,48.2487
62005,3360,4030,5415,6615,3448,4024,6461,8577,3279,3598,4542,5075,3124,3293,3707,3690,-10.7202,19.4839,8.9428,48.1587
62006,3693,4889,8014,6704,3603,4464,6632,5762,3361,3708,4081,3974,3157,3344,3453,3489,-18.0661,11.7218,8.54594,48.2187
62007,3395,3348,3173,3096,3923,3866,3301,3240,6383,4856,3781,3370,12384,6213,3842,3316,26.4572,-26.527,8.76617,47.658
62008,3156,3283,3434,3375,3311,3486,3874,4287,3319,3824,4925,7448,3369,3892,5699,11046,19.9336,31.3343,8.94596,47.8187
62009,3178,3244,3324,3394,3328,3768,3788,3742,3872,4688,5657,4695,4115,6355,9605,5851,23.3762,5.67751,8.99804,48.4027
62010,4973,4263,3594,3156,8849,5187,3626,3380,7575,4764,3775,3254,4614,4063,3493,3226,-1.69801,-26.8626,8.70338,47.8613
62011,6056,9635,6312,4160,4636,5519,4551,3743,3607,3768,3589,3407,3276,3387,3333,3257,-26.22,-6.4149,8.56941,48.1573
62012,3093,3327,3450,3402,3322,3527,3860,3894,3437,4221,5663,5458,3618,4853,8764,8230,23.8135,13.7645,8.98318,48.0793
62013,8986,5530,3891,3279,8621,5277,3799,3469,4523,4041,3556,3258,3504,3488,3321,3188,-15.3543,-26.5338,8.5283,47.8207
62014,3186,3319,3644,3857,3371,3602,4301,5512,3329,3758,5431,10209,3298,3785,4887,7057,9.44893,27.4839,8.91919,48.364
62015,3189,3363,3639,3574,3406,3832,4528,4614,3557,4419,7287,6980,3607,4186,6151,6217,12.1056,14.5409,8.69434,48.366
62016,4601,4064,3492,3185,7557,4648,3698,3320,8802,4974,3760,3405,5091,4414,3626,3288,1.90521,-31.1663,8.60326,47.95
62017,3191,3308,3406,3403,3414,3544,4016,4122,3538,4386,6655,5739,3806,4881,7967,6779,18.294,12.1208,8.63154,48.1033
62018,3469,3861,4394,3952,3794,4706,6755,4916,3753,4810,7103,4955,3548,3869,4303,4082,0.296838,7.40565,8.93526,48.18
62019,3630,3497,3291,3031,4520,4057,3576,3267,7978,6149,4025,3416,8238,6222,4088,3526,15.1069,-19.5651,8.82771,48.3407
62020,5164,5237,3952,3463,7175,7481,4354,3460,5204,5187,3904,3370,3893,3887,3501,3258,-6.62393,-14.8362,8.78302,48.3267
62021,2993,3346,3493,3555,3258,3705,4072,4308,3432,4084,5869,7318,3546,4232,6679,8436,17.2958,18.6107,8.7271,48.2173
62022,4819,4305,3530,3257,8404,5007,3711,3344,7992,4890,3666,3299,4657,4080,3550,3273,-1.00392,-30.6567,8.73446,47.856
62023,4956,4935,3958,3416,6630,7423,4413,3553,5281,5480,4057,3394,4010,4063,3534,3214,-4.85645,-13.9522,8.68733,48.2113
62024,3232,3358,3524,3555,3451,3694,4342,4255,3698,4500,7377,6249,3646,4537,6794,6184,14.169,11.7892,8.68928,48.264
62025,3400,3904,5940,11807,3361,3756,4806,6868,3315,3355,3884,4168,3186,3294,3343,3394,-23.1205,29.8982,8.65332,47.854
62026,3691,3837,4000,3703,4153,5534,5870,4060,4142,6262,6426,4285,3688,4391,4505,3795,2.36846,0.856738,8.76124,48.228
62027,3165,3312,3401,3396,3279,3460,3768,3896,3524,3776,4634,5856,3387,4047,5977,12510,31.0915,32.8308,8.58583,47.592
62028,3360,3448,3173,3161,3804,3843,3628,3396,5136,5440,4256,3683,7111,9539,5349,3836,25.3374,-10.7244,8.51854,48.1087
62029,3119,3255,3422,3392,3217,3453,3964,4457,3396,3822,5065,8330,3456,3869,5654,10014,17.3129,31.185,8.96481,47.9233
62030,3366,3422,3305,3129,4098,4068,3678,3400,5933,6417,4463,3587,7011,7882,4581,3586,17.9669,-13.1205,8.94672,47.9507
62031,6007,5450,4030,3424,7971,7022,4268,3453,5059,4611,3737,3332,3874,3838,3339,3135,-9.26892,-16.9863,8.66576,48.3667
62032,3578,3671,3487,3201,4440,4596,3778,3454,6392,7523,4592,3678,5841,6296,4333,3626,12.1224,-12.6427,8.62433,48.324
62033,3237,3403,3584,3524,3373,3894,4359,4133,3721,4779,7584,5667,3655,4663,7060,5735,14.4104,10.1602,8.75578,48.2473
62034,3388,3503,3579,3438,3588,4252,4622,4002,4150,5990,7539,4626,4007,5217,5962,4531,11.4863,3.17594,8.7596,48.2627
62035,3409,3919,4908,7283,3373,3777,5451,9854,3272,3543,4175,5430,3115,3352,3698,3836,-10.4389,27.319,8.8585,48.2633
62036,4118,5972,8576,5649,3868,4878,6236,4704,3500,3711,3933,3777,3229,3327,3426,3357,-20.0987,5.61658,8.86952,48.174
62037,3272,3377,3330,3161,3563,3667,3901,3592,4114,5265,5798,4364,4361,7198,8247,5029,20.8314,1.93379,8.89563,48.1593
62038,3726,3837,3576,3287,4688,5315,4094,3515,5911,8199,4891,3567,4708,5363,4280,3567,7.36802,-9.84044,8.89976,48.3493
62039,3624,3488,3243,3164,4449,4201,3600,3245,7762,6114,4040,3397,7735,6257,4092,3389,14.7368,-18.9484,8.7463,47.8667
62040,3172,3327,3459,3442,3355,3748,4072,3860,3875,4873,6541,4926,3882,5448,8334,5946,18.4151,7.44071,8.66999,48.1733
62041,3960,5294,9529,6919,3628,4422,5814,5178,3291,3572,3898,3879,3150,3260,3362,3363,-23.4713,10.0862,8.77068,48.346
62042,3376,3334,3130,3179,3932,3680,3523,3238,6108,4741,3761,3370,12721,6258,3891,3333,29.9374,-27.622,8.78521,47.7167
62043,12077,5956,3976,3365,6708,4780,3761,3305,4043,3834,3462,3318,3350,3267,3102,3109,-23.202,-33.4511,8.89354,47.6087
62044,5408,4996,3880,3359,7563,7058,4188,3550,5441,5050,3825,3457,3877,3840,3526,3204,-6.74677,-16.4031,8.96217,48.148
62045,3152,3678,3979,4069,3436,3968,5199,5755,3560,4053,6897,7831,3333,3786,4869,5254,5.11594,17.3963,8.88622,48.546
62046,3207,3458,3845,4114,3331,3667,4997,5934,3413,3907,6275,8305,3337,3837,4778,5661,6.28409,19.6054,8.75369,48.044
62047,3072,3267,3399,3508,3327,3455,3773,3926,3414,3814,4985,6044,3378,4022,6641,11988,33.6684,22.4372,8.94055,48.0087
62048,3868,5194,8051,5639,3665,4737,6796,5198,3394,3774,4095,4031,3139,3336,3443,3413,-17.5055,8.30827,8.68755,47.8487
62049,3286,3358,3325,3163,3629,3810,3657,3436,4760,5296,4222,3745,6573,9896,5938,3997,31.0957,-8.23715,8.84689,48.0607
62050,3333,3764,5214,8792,3466,3858,5121,8955,3229,3500,4023,4792,3110,3181,3517,3589,-14.4366,29.3194,8.57212,47.6293
62051,3203,3427,3586,3474,3476,3844,4422,4026,3743,4829,7383,5661,3608,4671,7264,5756,14.7297,9.92946,8.66544,48.2487
62052,3358,3748,4599,5720,3358,3836,5491,9271,3293,3643,4676,6491,3209,3447,3786,4140,-5.45313,24.9463,8.53328,48.044
62053,3497,4211,7512,10961,3480,3829,4966,5986,3188,3431,4009,3912,3169,3245,3375,3296,-27.814,20.0929,8.70274,48.0447
62054,3145,3262,3440,3356,3210,3440,3672,3937,3405,3839,4921,5882,3394,4116,6886,11841,29.3086,22.4342,8.82038,47.8307
62055,3297,4065,5538,7349,3487,4043,6112,8480,3266,3541,4290,4940,3006,3351,3576,3668,-12.7108,20.0785,8.9698,48.006
62056,3111,3265,3395,3330,3488,3764,3989,3923,3876,4908,6295,4801,3971,5751,8633,5613,19.7121,6.15253,8.92468,48.0753
62057,3563,3480,3223,3100,4465,4048,3601,3297,8619,5177,3782,3362,9468,5523,3874,3248,16.275,-31.6758,8.71305,47.8867
62058,9365,5278,3846,3444,8748,5147,3867,3399,4601,4036,3486,3232,3630,3456,3297,3085,-15.7614,-30.0589,8.85355,47.9447
62059,3580,3512,3244,3066,4047,4143,3722,3428,6076,6844,4464,3630,6641,7594,4671,3679,16.6177,-12.4759,8.99167,48.2273
62060,3419,4006,6014,12054,3351,3825,4787,6573,3205,3477,3673,4078,3098,3197,3464,3367,-24.4286,27.6988,8.56115,47.7253
62061,3332,3489,3203,3152,3825,3770,3457,3226,6265,4774,3812,3308,12547,6036,3953,3413,26.7974,-32.2189,8.79021,47.708
62062,3926,6138,9758,6000,3797,4489,5278,4572,3398,3598,3719,3658,3191,3339,3485,3331,-29.2973,6.93089,8.61152,47.7847
62063,5425,9178,7062,4339,4552,5234,4736,4030,3494,3814,3728,3444,3198,3305,3242,3205,-25.9186,-3.72319,8.77673,47.9907
62064,12399,5958,3856,3495,5927,4656,3794,3480,3840,3782,3445,3272,3442,3333,3252,3277,-31.4955,-33.6331,8.64071,47.472
62065,3335,3539,3231,3045,4048,3596,3580,3242,6375,4770,3887,3324,12306,6036,3925,3400,26.4641,-28.3002,8.5004,47.7593
62066,3099,3257,3462,3744,3260,3588,4117,4683,3385,3835,5634,8533,3320,3933,5498,8683,14.8766,23.846,8.81836,48.0207
62067,3252,3492,4035,4519,3339,3751,5085,6899,3333,4021,5756,8404,3249,3658,4427,5226,2.8771,21.482,8.68853,48.2973
62068,6737,7528,4672,3629,5925,6806,4558,3563,4102,4290,3643,3388,3497,3527,3335,3140,-16.7049,-12.3809,8.96806,48.2267
62069,8891,5444,3800,3355,8877,5139,3832,3469,4721,4070,3486,3239,3637,3462,3357,3125,-14.984,-31.2674,8.76091,47.936
62070,4931,8636,7926,4602,4282,5049,4817,4054,3574,3803,3792,3577,3376,3338,3328,3215,-28.4135,-1.08428,8.55274,48.2
62071,3437,4399,8154,10268,3480,3956,5206,5720,3309,3595,3895,3817,3207,3222,3367,3211,-28.8087,17.6775,8.72143,48.162
62072,4643,4113,3519,3375,7840,4865,3771,3424,8455,4817,3755,3394,4883,4394,3575,3152,0.913526,-32.8804,8.79563,47.9833
62073,3406,3398,3143,3091,3940,3878,3403,3279,6164,5332,4092,3448,9539,8086,4360,3415,22.8575,-17.2064,8.81704,47.9827
62074,3120,3297,3450,3188,3445,3731,3793,3567,4027,4799,4927,4369,4349,7606,8974,5108,29.7756,2.06196,8.97951,47.8333
62075,6648,4742,3626,3237,9936,5328,3923,3422,5782,4412,3700,3375,3872,3682,3367,3188,-8.57974,-31.0257,8.81408,48.16
62076,4312,5912,6353,4419,4248,6260,6907,4444,3606,4087,4169,3768,3346,3507,3574,3507,-14.0658,1.11853,8.87008,48.2793
62077,3880,3681,3378,3125,5226,4242,3679,3359,9160,5901,3918,3330,6855,5170,3854,3444,10.7055,-22.1415,8.51317,48.1347
62078,5585,6552,4648,3681,5839,7966,4813,3702,4119,4551,3936,3497,3439,3550,3410,3275,-12.697,-10.2735,8.88572,48.3753
62079,6021,9126,5833,3933,4899,6027,4595,3776,3722,3976,3634,3346,3407,3444,3255,3165,-21.3907,-7.52649,8.94413,48.106
62080,3279,3533,4032,4225,3308,3732,5384,6336,3358,4079,6239,8033,3322,3815,4688,5254,3.96443,18.7511,8.5196,48.4113
62081,3346,3268,3257,3095,3991,3801,3480,3332,6669,4758,3876,3312,12070,5957,3905,3350,23.4908,-29.5386,8.64683,47.6447
62082,3092,3189,3300,3360,3245,3486,3802,3930,3388,3718,4760,6132,3382,3965,6603,12240,27.8951,25.4848,8.67988,47.728
62083,3159,3277,3422,3410,3340,3474,4178,3989,3603,4358,6817,5945,3714,4726,8091,6840,17.6242,12.4416,8.81097,48.2287
62084,3428,3414,3179,3023,4258,3890,3390,3319,7530,4953,3919,3413,11105,6023,3896,3299,19.9476,-26.4981,8.92339,48.026
62085,8036,5892,4018,3370,8342,5894,3833,3415,4607,4246,3635,3214,3627,3554,3301,3178,-14.387,-21.3681,8.55488,48.108
62086,3058,3267,3597,3543,3239,3564,3943,4398,3337,3762,5300,8120,3404,3848,5797,9760,17.5534,26.5014,8.5849,47.958
62087,3392,3837,5080,7451,3298,3795,5583,9507,3235,3695,4256,5195,3174,3253,3595,3707,-11.5189,24.9493,8.62547,48.0353
62088,3352,3977,6048,12029,3450,3871,4932,6784,3264,3469,3753,4069,3104,3208,3448,3308,-22.9925,31.5839,8.5662,48.044
62089,6783,5141,3844,3378,8931,6143,3943,3426,5223,4458,3591,3273,3866,3832,3340,3161,-10.2397,-21.0261,8.88242,48.222
62090,3389,3499,3273,3134,3914,3756,3539,3165,5434,5253,4121,3464,8589,9076,4800,3519,32.5942,-14.385,8.71098,47.95
62091,8555,8298,4654,3679,5712,5565,4176,3512,3951,4021,3543,3240,3382,3375,3347,3182,-23.046,-15.4723,8.56616,48.128
62092,4132,5148,5513,4298,4353,6663,7262,4425,3816,4319,4474,3953,3463,3584,3633,3413,-10.4713,1.29972,8.64042,48.2993
62093,3646,3474,3259,3216,4773,4152,3562,3222,8416,5646,3904,3446,8179,5778,4016,3417,14.2957,-22.3907,8.56279,48.0707
62094,5999,4713,3683,3367,9951,5145,3771,3343,6030,4541,3631,3216,3987,3886,3319,3201,-7.04033,-32.5399,8.7808,47.8553
62095,3438,3487,3214,3085,4024,4017,3630,3289,6004,5790,4189,3491,8494,7896,4512,3579,20.5497,-15.8131,8.75501,48.0927
62096,4123,5906,7669,5181,4018,5403,6893,4710,3517,3972,4128,3760,3276,3388,3491,3347,-17.1071,4.42068,8.92346,48.5213
62097,3265,3481,4017,4482,3272,3785,4877,7516,3494,3853,4987,8930,3201,3647,4259,5062,1.70203,26.951,8.90928,48.0853
62098,3371,3636,4431,5457,3336,3919,5278,9313,3269,3724,4606,7067,3213,3442,4056,4378,-3.59392,27.7366,8.6831,48.3307
62099,3341,3381,3662,3449,3530,3994,4348,3912,3787,5221,7587,5122,3989,5107,6874,5109,13.9151,6.67228,8.71606,48.2753
62100,3662,3883,3669,3423,4207,5199,4459,3721,4797,8029,5704,3940,4339,5182,4394,3915,6.59798,-4.88904,8.91117,48.3487
62101,4136,3837,3446,3291,6647,4712,3763,3334,9447,5268,3898,3304,5615,4454,3596,3279,4.93961,-33.8454,8.6813,48.018
62102,3593,3616,3227,3072,4551,4089,3634,3294,8421,5362,3973,3389,9105,5660,3974,3445,15.8334,-23.883,8.78734,48.27
62103,3514,4049,5810,8448,3349,3897,5628,8596,3286,3588,4190,4651,3085,3263,3569,3654,-14.8086,22.3429,8.95997,48.3847
62104,3299,3755,5065,7635,3412,3855,5323,9741,3191,3554,4286,5110,3129,3386,3583,3855,-11.3634,26.9611,8.78255,48.1193
62105,3938,3780,3435,3159,5591,4557,3607,3400,9173,6046,3998,3386,6221,4926,3753,3330,7.97633,-21.5085,8.67315,48.2
62106,3400,3513,3349,3082,4165,4210,3772,3340,5930,6971,4389,3518,6733,7654,4721,3681,16.3056,-12.2659,8.92605,48.2853
62107,3220,3346,3604,3495,3268,3657,4252,4397,3494,4307,6636,6750,3627,4346,6866,6932,15.3898,15.0622,8.6148,48.1313
62108,3420,3422,3195,2997,4115,3830,3467,3179,7278,5004,3873,3410,11374,6161,4014,3448,21.6912,-25.077,8.99007,48.1247
62109,3146,3347,3300,3208,3612,3762,3746,3603,4178,5047,4916,4140,4958,8378,8209,4767,27.4422,-0.208997,8.78177,48.2113
62110,3340,3945,5976,12129,3434,3828,4771,6466,3209,3409,3883,3925,3117,3214,3349,3349,-24.5581,31.5189,8.84652,47.5627
62111,3359,3692,5361,8442,3470,3805,5264,9276,3213,3479,4106,4897,3171,3233,3565,3643,-13.6553,27.9177,8.60413,47.984
62112,3527,3467,3277,2987,4116,3877,3571,3124,7172,5097,3864,3397,10895,6386,3930,3408,20.6166,-24.1786,8.69447,48.0633
62113,3078,3406,3728,3836,3249,3621,4358,5637,3284,3832,5130,10028,3306,3775,4913,6918,9.40005,29.806,8.82076,48.066
62114,3404,3399,3277,3079,4054,3865,3474,3179,7141,4815,3776,3332,11800,5971,3844,3393,22.2912,-28.034,8.96464,47.8687
62115,3443,3361,3243,3216,3887,3811,3414,3257,5921,5036,3932,3317,10861,7438,4207,3430,27.0873,-20.5691,8.66992,47.8493
62116,3007,3307,3418,3563,3293,3557,4120,4419,3530,4022,6045,7387,3494,4235,6762,8087,16.2955,18.2062,8.76368,48.164
62117,4014,6243,9509,6187,3911,4557,5545,4627,3490,3613,3779,3763,3113,3335,3375,3406,-25.726,6.63916,8.54105,48.3113
62118,6756,4808,3712,3229,9912,5233,3733,3448,5511,4484,3695,3266,3877,3672,3365,3180,-9.06463,-31.4373,8.6242,47.9207
62119,6829,9515,5481,3800,5071,5761,4098,3774,3779,3947,3616,3354,3305,3594,3338,3157,-23.9561,-9.90408,8.56964,48.2793
62120,3673,3741,3622,3350,4191,5091,4359,3660,5207,7982,5365,3744,4560,5467,4423,3752,8.22059,-6.33256,8.55251,48.1247
62121,4170,4230,3598,3302,5731,6067,4157,3472,6322,7058,4272,3525,4547,4553,3901,3490,2.3543,-13.3767,8.88813,48.2633
62122,3807,4126,4342,3964,4044,5669,6542,4459,3974,5262,6134,4267,3616,4064,4143,3850,-1.15188,2.44221,8.58499,48.1753
62123,3279,3728,4769,6208,3324,3887,5739,9701,3310,3634,4483,5931,3079,3368,3815,3989,-7.66912,24.225,8.98623,48.1627
62124,11536,6387,3997,3355,6837,4892,3725,3396,4126,3719,3393,3233,3429,3378,3302,3164,-23.0868,-25.2845,8.66285,47.9127
62125,3216,3633,4062,3876,3498,4082,5593,4872,3607,4624,7780,6067,3485,3967,5033,4706,5.25206,10.9198,8.60584,48.0673
62126,3782,5389,7491,5523,3826,4835,7184,5185,3394,3805,4084,3854,3156,3440,3509,3545,-16.6171,7.55588,8.60231,48.0013
62127,3098,3350,3683,3823,3219,3528,4244,5533,3370,3912,5335,9873,3411,3723,4991,7144,10.3812,29.0795,8.67412,48.158
62128,3971,5743,8594,5664,3807,4891,6482,4791,3493,3700,3941,3792,3156,3327,3511,3343,-19.3672,6.76206,8.98373,48.1373
62129,3690,5321,8684,6453,3745,4579,6054,5118,3394,3654,3958,3865,3191,3279,3372,3387,-20.5747,9.48228,8.75168,47.8293
62130,5054,4403,3499,3287,8827,5027,3800,3404,7421,4652,3671,3382,4614,3999,3477,3306,-2.05984,-31.9148,8.57933,47.882
62131,3253,3416,3201,3173,3690,3883,3714,3351,4659,5528,4626,3886,6000,9804,6155,3947,24.6697,-6.66275,8.94673,48.1907
62132,5927,9264,6027,4141,4799,5933,4653,3797,3849,3843,3653,3320,3270,3451,3357,3158,-22.7,-6.5922,8.76797,48.2947
62133,4263,5547,5531,4382,4220,6566,7020,4433,3760,4474,4428,3811,3384,3557,3546,3473,-10.7585,0.687656,8.8256,48.2633
62134,6581,5018,3845,3427,9170,6058,4000,3428,5414,4510,3668,3349,3825,3586,3416,3183,-9.57462,-21.8859,8.54556,48.3187
62135,3688,3563,3247,3044,4402,4181,3659,3370,7502,6049,4033,3375,7724,6388,4168,3558,15.2447,-18.5602,8.71619,47.9673
62136,4291,3942,3392,3157,6697,5254,3784,3421,8152,5877,3859,3507,5133,4466,3569,3247,2.84912,-20.8763,8.63637,47.832
62137,3480,4129,7358,11501,3430,3875,5053,5859,3101,3510,3807,3870,3155,3161,3442,3271,-27.069,21.2181,8.88339,48.0013
62138,3328,3326,3318,3067,3831,3807,3586,3308,5239,5193,4201,3635,8367,9510,4884,3588,32.5532,-13.2123,8.99379,48.1253
62139,8424,5300,3798,3286,9277,5373,3883,3282,5035,4153,3486,3392,3774,3623,3371,3104,-13.3061,-26.2855,8.94167,48.374
62140,3414,3432,3616,3629,3487,4097,4623,4343,3715,5243,8135,5486,3668,4703,6137,5010,11.5063,8.4119,8.72545,48.492
62141,3152,3214,3487,3478,3298,3509,4047,4494,3413,3858,5085,8688,3349,3826,5504,9277,15.7749,30.2456,8.77185,47.786
62142,3604,3502,3243,3091,4565,3991,3517,3284,8932,5164,3833,3302,9089,5427,3932,3345,15.1939,-32.4952,8.89053,47.8807
62143,3311,3464,3460,3314,3540,3992,4038,3752,3872,5301,6350,4589,4309,6308,7683,5073,18.1919,3.62481,8.58546,48.2373
62144,3946,4479,4203,3624,4436,6668,5723,4053,4327,6154,5288,3949,3772,3999,4052,3579,-1.71284,-2.70137,8.59961,48.168
62145,9166,9056,4572,3500,5350,5115,4193,3426,3889,3844,3492,3282,3234,3340,3227,3105,-31.5253,-15.1589,8.98263,47.8607
62146,3929,4834,6863,5441,3755,4978,7685,5433,3528,3879,4378,4073,3176,3569,3661,3488,-14.0374,8.85279,8.80181,48.4467
62147,3324,3346,3206,3127,3894,3746,3395,3271,5651,5004,3864,3390,10538,7816,4371,3545,27.63,-18.8424,8.7793,47.6587
62148,3660,4012,5597,5542,3657,4391,7455,7137,3516,3727,4851,4715,3192,3506,3728,3680,-9.75622,14.1203,8.52104,48.244
62149,11201,6917,4094,3381,6206,5069,3805,3392,3979,3896,3421,3250,3375,3485,3209,3054,-25.3123,-21.523,8.7455,47.8227
62150,3485,3440,3210,3056,4379,4078,3638,3202,8211,5132,3842,3346,9887,5649,3843,3540,17.4701,-29.9326,8.63727,47.9587
62151,3038,3237,3446,3475,3257,3523,3883,4308,3288,3895,5338,7516,3383,3983,6395,10302,19.43,22.983,8.95758,48.178
62152,3711,4344,5747,5465,3654,4731,7953,6169,3474,3825,4834,4488,3183,3440,3744,3570,-10.4639,11.255,8.91455,48.2213
62153,4073,5154,5713,4362,4159,6264,7453,4648,3686,4308,4641,3911,3256,3523,3662,3411,-10.5713,2.73236,8.7829,48.1493
62154,9934,5804,3908,3300,8198,5228,3806,3489,4462,4041,3415,3310,3500,3466,3187,3067,-17.3723,-26.7844,8.86478,48.0767
62155,3829,4407,4565,4024,4176,6259,6839,4289,3995,5211,5518,4257,3585,3823,3919,3631,-3.78801,1.25916,8.94988,48.218
62156,4438,4073,3483,3212,7618,4929,3731,3386,8832,5172,3833,3352,5156,4199,3578,3351,2.07397,-26.5268,8.52384,48.2287
62157,3365,3891,6322,12187,3354,3762,4953,6448,3337,3364,3882,3972,3081,3247,3460,3387,-24.9478,24.7747,8.86377,48.008
62158,4776,8284,7909,4621,4208,4932,4927,4174,3578,3803,3732,3475,3255,3415,3380,3278,-33.1598,-0.639367,8.70503,47.8313
62159,3376,3296,3232,3141,3903,3810,3403,3192,5786,5138,3964,3418,10763,7729,4270,3458,32.9487,-19.2254,8.84842,47.9193
62160,8641,5940,3929,3391,8180,5612,3948,3494,4632,4068,3589,3224,3658,3594,3349,3163,-15.6905,-22.6248,8.53686,48.2747
62161,4305,4023,3467,3244,7076,4936,3687,3232,8989,5274,3719,3393,5363,4316,3559,3327,3.10428,-26.2529,8.71937,47.94
62162,3186,3390,3549,3684,3286,3806,4535,4608,3518,4460,7540,6896,3540,4226,6153,6037,11.8626,13.6807,8.98098,48.276
62163,3579,3768,3638,3453,3981,4967,4715,3784,4439,7324,6458,4191,4260,5025,4813,4084,7.40926,-1.43368,8.59585,48.3193
62164,3735,3648,3377,3235,5297,4304,3435,3245,9808,5170,3847,3360,7320,5055,3821,3345,10.7088,-30.6927,8.72756,48.0013
62165,3289,3314,3322,3236,3677,3719,3599,3408,4786,5233,4375,3787,6621,10082,5855,4050,28.8452,-8.43068,8.94805,48.2353
62166,6660,9779,5578,3796,4929,5279,4337,3746,3690,3902,3651,3306,3411,3458,3259,3130,-32.6748,-8.81866,8.57488,47.9407
62167,3328,3298,3294,3198,3732,3699,3607,3364,4632,5411,4591,3851,5988,9863,6227,4051,26.7397,-6.3811,8.76094,48.0893
62168,5655,5035,3844,3339,8186,6710,4056,3439,5565,4906,3760,3428,3899,3809,3384,3243,-7.13985,-18.3802,8.60587,48.172
62169,3090,3300,3457,3219,3302,3517,3931,3718,3644,4317,5421,4899,3726,5562,9982,7036,27.1047,9.70722,8.88857,48.0807
62170,3128,3202,3335,3447,3243,3407,3802,3932,3261,3732,4795,6665,3346,4074,5897,12227,24.267,31.908,8.7922,47.662
62171,3203,3123,3290,3432,3253,3405,3733,3946,3391,3711,4684,6099,3442,3852,6015,12753,27.9252,29.4615,8.77616,47.5547
62172,4022,5596,7403,5012,3892,5306,6965,4824,3648,3960,4245,3870,3260,3337,3567,3326,-16.1754,5.20331,8.53656,48.1553
62173,3881,3741,3369,3189,5275,4429,3604,3376,8921,6142,3955,3482,6802,5200,3878,3286,10.5131,-20.9119,8.66688,48.3533
62174,3128,3251,3438,3570,3326,3603,4193,4278,3562,4101,5997,6772,3542,4339,7066,8194,18.0024,17.2705,8.52211,48.24
62175,3209,3276,3765,3997,3425,3597,4493,6330,3404,3807,5203,10110,3385,3661,4569,5905,5.92996,30.9178,8.88075,48.0907
62176,3302,3319,3326,3224,3539,3734,3729,3623,4246,5087,5005,4015,4976,8625,7768,4650,27.7807,-1.20105,8.53741,48.112
62177,4535,7959,8447,4954,4128,4860,4994,4223,3572,3753,3836,3599,3221,3348,3391,3291,-29.2222,0.895779,8.68772,48.074
62178,3415,4250,7465,11029,3411,3843,5025,5979,3157,3461,3808,3996,3105,3255,3505,3370,-26.1822,20.551,8.88174,48.0493
62179,11906,6907,4027,3405,5906,5004,3772,3361,3907,3828,3483,3161,3421,3370,3208,3228,-30.6964,-23.1166,8.71959,47.9293
62180,3567,3744,3559,3330,4114,4850,3986,3589,5335,7981,5433,3770,4895,5822,4760,3737,10.1265,-6.98916,8.66006,48.3147
62181,4225,4294,3669,3288,6089,5903,4079,3417,6589,6692,4090,3452,4598,4551,3776,3269,1.94896,-15.4463,8.65915,47.9873
62182,12667,5917,3946,3357,5833,4743,3699,3344,3908,3750,3429,3197,3354,3382,3357,3141,-31.5484,-33.0016,8.85715,47.3493
62183,3583,3440,3209,3100,4313,3898,3575,3286,7992,5314,3897,3478,9589,6036,4045,3390,17.8278,-23.1538,8.67051,48.0967
62184,3175,3380,3918,3903,3325,3701,4691,5185,3507,4141,6887,8140,3465,3952,5336,6006,8.86284,17.5083,8.9171,48.4747
62185,3291,3647,4614,5963,3327,3850,5143,9924,3315,3689,4535,6304,3215,3456,3733,3997,-6.32701,33.0934,8.87569,48.002
62186,3064,3201,3418,3479,3163,3485,3858,4256,3252,3794,5111,7467,3467,4043,5898,11085,19.98,26.5421,8.85692,48.0273
62187,5564,7505,5014,3863,5260,7444,4869,3798,4113,4183,3811,3422,3451,3453,3358,3189,-15.3464,-8.42133,8.99255,48.198
62188,4854,7396,6606,4456,4551,6113,5634,4109,3720,3838,3946,3523,3264,3485,3453,3239,-17.642,-1.69541,8.58839,48.1247
62189,3403,3395,3131,3142,3844,3934,3538,3264,5340,5114,3976,3406,9059,8606,4597,3648,30.1235,-15.5252,8.6647,47.598
62190,3434,3964,5639,9927,3379,3873,5003,8142,3274,3549,4020,4428,3101,3169,3547,3542,-17.4114,26.372,8.5422,47.994
62191,4071,6364,9995,6032,3721,4500,5286,4586,3434,3639,3842,3685,3201,3170,3336,3437,-29.7812,6.53772,8.96837,48.1993
62192,4267,6715,9509,5542,3966,4619,5247,4526,3447,3744,3792,3619,3215,3243,3365,3329,-32.6872,4.74707,8.66473,48.0967
62193,3349,3423,3340,3271,3885,4062,3692,3408,5162,6172,4438,3527,6551,8812,5258,3827,20.3944,-10.3305,8.64179,48.118
62194,4645,6203,5379,4180,4776,7302,5807,4153,3978,4322,4145,3577,3316,3589,3601,3242,-12.6443,-3.51802,8.75283,48.1433
62195,3454,3977,4619,4553,3402,4395,7278,6031,3551,4216,6195,5402,3410,3739,4088,4192,-2.01205,12.2685,8.54667,48.3347
62196,3295,3482,3634,3556,3372,3803,4749,4463,3580,4606,8066,6238,3567,4287,5982,5515,10.477,11.8043,8.84116,48.13
62197,4754,7810,7860,4771,4295,5168,5260,4157,3542,3782,3759,3618,3281,3328,3281,3191,-23.986,0.133761,8.61734,47.9047
62198,4271,6636,9088,5462,4002,4836,5609,4608,3477,3699,3867,3709,3141,3315,3349,3262,-23.3524,4.31966,8.67744,48.2207
62199,4470,5616,4850,3818,4997,7975,5660,3977,4026,4886,4215,3742,3624,3728,3523,3376,-9.26134,-5.08231,8.85635,48.322
62200,3259,3689,4621,5909,3451,3879,5663,9400,3407,3740,4577,6232,3072,3457,3928,4171,-6.22268,23.6546,8.96606,48.3033
62201,3088,3169,3372,3470,3283,3487,3896,4198,3338,3825,5118,7961,3426,3989,5817,10271,18.5679,33.2865,8.60596,47.8053
62202,3182,3384,3373,3205,3610,3677,3737,3609,4131,4997,5098,4327,4575,7819,8407,4932,25.1166,1.3044,8.53857,48.042
62203,3127,3379,3440,3662,3345,3676,4291,4527,3451,4399,7149,6960,3539,4353,6467,6627,13.7638,14.8087,8.67231,48.2613
62204,3559,3444,3337,3121,4487,3975,3507,3322,8631,5086,3840,3466,9693,5414,3852,3264,16.673,-29.8669,8.98695,47.9987
62205,3262,3732,4529,5936,3379,3881,5120,9767,3277,3701,4641,6199,3180,3306,3839,4079,-6.52604,31.1172,8.56412,47.8853
62206,4321,6426,7896,4988,4029,5271,6055,4536,3543,3899,4049,3722,3264,3437,3382,3329,-19.0738,2.9845,8.60152,48.098
62207,3514,3575,3171,3156,4340,4042,3624,3305,7712,5170,3887,3378,10029,6050,3871,3324,18.2814,-24.7131,8.54944,48.0987
62208,3787,4464,5139,4365,3825,5493,7868,5022,3739,4415,5426,4313,3400,3600,3824,3608,-6.50441,5.71006,8.71948,48.192
62209,3466,4126,7314,11163,3449,3947,4900,5797,3239,3482,3794,3900,3070,3233,3330,3347,-31.7084,20.3705,8.70983,47.7047
62210,3769,4401,4976,4259,4049,5923,7739,4765,3718,4635,5346,4148,3361,3674,3821,3638,-5.57275,3.90018,8.96271,48.148
62211,3404,3363,3305,3163,3640,3906,3642,3460,4652,5528,4631,3764,5971,9889,6106,4020,25.7149,-6.98034,8.86802,48.296
62212,3340,3558,4058,4560,3363,3629,4889,7730,3430,3745,5053,8638,3315,3601,4130,4987,1.37713,29.6873,8.68466,48.0173
62213,3431,4065,7174,11703,3370,3793,4929,6085,3177,3401,3818,3892,3174,3118,3343,3419,-27.5454,22.1631,8.94642,47.928
62214,5535,9223,6548,4156,4607,5464,4691,3947,3666,3871,3724,3514,3279,3406,3438,3196,-24.3625,-5.0588,8.60553,48.1767
62215,3386,3947,5922,12484,3414,3686,4895,6231,3260,3427,3809,3895,3326,3255,3406,3348,-26.3042,32.8618,8.77675,47.794
62216,6012,9829,6260,4044,4675,5289,4495,3882,3723,3798,3631,3433,3388,3418,3303,3278,-32.9317,-6.57643,8.5219,48.3053
62217,5524,4904,3831,3185,8777,6353,4000,3419,5785,4819,3738,3350,4025,3714,3346,3127,-6.33226,-19.6474,8.96177,47.9313
62218,3257,3690,4548,6095,3327,3765,5173,9875,3254,3685,4549,6405,3186,3425,3777,4026,-6.27302,31.9591,8.91612,48.0247
62219,3177,3451,3636,3825,3156,3696,4358,5728,3309,3791,5132,10026,3295,3764,4808,6647,8.70976,31.659,8.78479,47.866
62220,3541,3494,3178,3232,4293,3909,3430,3165,7807,5095,3832,3449,10611,5633,3938,3328,18.8908,-30.2335,8.52285,47.9567
62221,6482,4762,3637,3401,9916,5393,3858,3276,5882,4468,3663,3302,3894,3613,3347,3141,-8.15533,-26.2531,8.99491,48.0233
62222,4836,8535,7840,4590,4251,5039,4886,4132,3640,3813,3792,3516,3282,3432,3365,3266,-32.9631,-1.07211,8.51319,48.1433
62223,3375,3508,3290,3306,3697,3751,3655,3418,4781,5358,4471,3646,6512,9871,6016,3919,26.8295,-7.54388,8.67581,48.3827
62224,3393,3817,5953,12581,3400,3762,4706,6082,3171,3534,3658,3906,3183,3179,3518,3415,-30.849,29.6957,8.61365,47.5053
62225,3445,3356,3267,3224,4069,3876,3449,3102,5911,4784,3851,3356,12301,6367,3940,3394,32.9204,-25.4903,8.79615,47.7947
62226,4016,3984,3550,3286,4996,5623,4094,3578,6317,7725,4399,3647,4712,4964,4031,3488,4.88664,-11.9338,8.98753,48.2733
62227,3643,4317,5850,4998,3766,4861,8163,5782,3420,3935,5033,4404,3244,3561,3642,3657,-9.54228,9.43452,8.95764,48.184
62228,3825,3702,3401,3090,5525,4374,3762,3328,9631,5785,3812,3353,6509,4897,3787,3287,8.93596,-23.5403,8.97891,48.0453
62229,4714,4084,3597,3282,8318,5039,3821,3297,8166,4801,3611,3307,4839,4162,3617,3267,-0.4629,-29.3105,8.50388,47.948
62230,3058,3202,3326,3471,3332,3547,3939,3943,3305,3825,4647,6251,3402,3931,5991,12713,27.6291,29.79,8.87043,47.922
62231,3427,3918,6073,11968,3394,3774,4868,6614,3152,3426,3773,4059,3009,3240,3294,3472,-23.5607,25.8339,8.87669,47.6407
62232,3630,4584,7962,7824,3435,4104,6059,5998,3371,3639,4015,4044,3128,3203,3441,3433,-19.8122,14.8601,8.61485,47.9133
62233,3242,3552,4280,4756,3251,3722,5117,8560,3289,3803,4958,8014,3267,3551,4058,4626,-1.04293,26.4664,8.95626,48.0307
62234,3595,3716,3365,3204,4362,4608,3763,3399,7035,7456,4306,3620,6076,6284,4288,3550,11.9491,-14.1008,8.89606,48.418
62235,9614,6463,4111,3421,7416,5486,3897,3453,4289,3971,3421,3273,3417,3448,3248,3198,-18.6078,-21.1443,8.85013,48.084
62236,3192,3377,3342,3268,3354,3726,3821,3710,3795,4709,5703,4746,4077,6318,9365,5606,23.1396,5.78219,8.735,48.0727
62237,3268,3516,4337,5252,3361,3804,5156,8977,3210,3808,4814,7431,3240,3484,3990,4494,-2.4916,26.7945,8.84,48.0947
62238,3692,3762,3572,3422,4476,5400,4345,3629,5244,8282,5188,3758,4426,5187,4437,3735,6.40193,-7.02703,8.99505,48.37
62239,3123,3182,3256,3305,3252,3547,3774,3887,3416,4066,5166,5748,3560,4456,8384,10017,30.7183,17.5174,8.86742,48.0927
62240,3566,4184,5413,5016,3591,4564,7943,6216,3404,4002,5069,4777,3270,3547,3978,3694,-7.54687,11.7477,8.76172,48.156
62241,3110,3416,3633,3805,3354,3797,4752,5044,3453,4092,6929,7918,3403,4023,5449,6324,9.82893,17.2594,8.84226,48.3347
62242,3293,3526,4123,4611,3195,3737,4986,7880,3353,3828,5115,8382,3238,3621,4305,5038,1.16524,24.9244,8.87452,48.154
62243,3721,4802,7559,6367,3651,4536,7155,5878,3241,3642,4224,4163,3142,3307,3418,3420,-16.0538,11.3695,8.82718,48.1507
62244,3467,4319,7807,10385,3411,3975,5135,5929,3164,3520,3829,3932,3108,3305,3555,3329,-24.5859,18.802,8.93059,48.1133
62245,6173,9722,6045,3928,4592,5138,4515,3816,3726,4021,3555,3342,3353,3444,3294,3184,-33.226,-6.99193,8.59119,47.8987
62246,3451,3541,3390,3063,4071,4235,3654,3379,6184,6657,4208,3557,7161,7566,4510,3578,16.6787,-13.9367,8.9728,48.1367
62247,3332,3686,4105,4731,3287,3764,4890,8153,3278,3739,4948,8512,3182,3545,4180,4891,0.683483,28.2079,8.84907,48.1487
62248,3308,3446,3176,3138,3991,3839,3421,3213,6157,5072,3888,3437,10913,7176,4235,3472,25.4349,-20.7714,8.57316,47.9213
62249,3215,3527,3942,4381,3356,3655,4727,7368,3351,3836,4908,9242,3254,3537,4442,5418,2.91664,32.7639,8.94843,48.106
62250,3420,3299,3231,3237,3802,3906,3589,3368,4845,5124,4339,3636,7213,10070,5327,3810,31.3524,-10.4368,8.63918,48.144
62251,3052,3328,3546,3460,3280,3478,3982,4108,3497,4042,5217,6734,3512,4162,6867,10101,21.4434,20.8867,8.52187,48.244
62252,3174,3379,3742,3883,3257,3586,4378,5760,3408,3755,5051,9880,3441,3777,4744,6737,8.82648,31.7097,8.63217,47.968
62253,3713,4105,4071,3565,4352,6225,5200,3923,4562,6877,5649,3920,3956,4360,4158,3748,1.5747,-3.45457,8.94102,48.256
62254,4992,4309,3565,3163,9022,5115,3722,3295,7728,4800,3725,3215,4578,4048,3490,3205,-1.75257,-27.9107,8.84896,47.9813
62255,3086,3162,3438,3405,3363,3472,3667,3864,3391,3775,4855,5992,3389,3879,5989,12667,32.6978,29.1765,8.8418,47.596
62256,3235,3366,3322,3088,3688,3760,3614,3483,4739,5219,4523,3888,6045,9945,6322,4094,28.1981,-6.57322,8.72771,48.2207
62257,11955,5906,4000,3294,6716,4862,3777,3393,4110,3789,3537,3170,3301,3370,3271,3197,-22.9498,-31.8537,8.7579,47.7653
62258,3186,3164,3500,3431,3282,3527,3951,4098,3505,4180,5872,5798,3492,4534,8264,8307,21.3283,14.7386,8.62131,48.0607
62259,8788,7380,4301,3474,6490,5716,4081,3422,4144,4028,3538,3309,3419,3460,3262,3095,-19.9589,-17.236,8.95933,47.938
62260,3844,3850,3646,3269,4845,5296,3996,3420,6392,8080,4582,3540,5041,5203,4144,3507,7.15627,-12.0195,8.87822,48.4367
62261,3343,3720,4866,6885,3369,3768,5204,10006,3296,3672,4313,5626,3182,3447,3617,3776,-9.18771,32.6089,8.96048,48.06
62262,3246,3325,3326,3226,3511,3693,3860,3598,3976,4806,5607,4495,4373,6972,8968,5184,23.222,3.52519,8.9955,48.1107
62263,3422,4007,6118,11698,3387,3825,4907,6655,3219,3466,3889,4110,3134,3267,3328,3306,-22.6508,27.1962,8.66254,47.8253
62264,3687,3599,3359,3189,4740,4476,3774,3383,7819,6967,4318,3498,6404,5631,4006,3450,11.0108,-16.6609,8.83089,48.2
62265,3213,3635,4678,6027,3351,3924,5118,9755,3314,3566,4475,6278,3123,3477,3788,4133,-6.89803,29.54,8.58402,47.9033
62266,7795,6708,4226,3501,7176,6196,4059,3477,4301,4149,3591,3385,3583,3533,3301,3143,-15.9596,-17.4977,8.63027,48.0827
62267,3420,3192,3127,3016,4002,3863,3424,3184,6204,4960,3825,3483,11687,6888,4119,3458,25.3734,-22.5919,8.98804,47.9013
62268,3419,3584,3532,3344,3888,4419,4162,3679,4504,7128,6313,4226,4418,6039,5517,4062,12.2069,-1.72945,8.76824,48.156
62269,3243,3382,3349,3394,3280,3625,3866,3690,3818,4575,5664,4689,3968,6104,9586,6179,24.2808,6.85229,8.67623,48.2747
62270,3467,3751,3864,3764,3566,4588,5751,4478,3856,5312,7923,5061,3588,4333,4959,4404,5.03025,6.77939,8.70927,48.4433
62271,3393,3362,3252,3143,3913,3817,3527,3342,5840,4841,3801,3409,11958,6867,4031,3332,28.5017,-23.0286,8.94044,47.8853
62272,3592,4377,7718,8221,3606,4082,5873,6278,3265,3641,4080,4080,3046,3163,3430,3478,-19.4093,15.9937,8.96952,47.9533
62273,3405,3739,4634,6316,3261,3855,5351,9904,3296,3551,4513,6062,3204,3451,3855,4056,-7.03397,28.4408,8.56734,48.302
62274,3326,3651,4675,6103,3388,3824,5330,9721,3307,3647,4558,6177,3161,3307,3790,4112,-6.70612,29.8016,8.71885,48.0513
62275,3265,3316,3314,3250,3682,3809,3810,3498,4510,5664,5141,4102,5369,8762,6752,4313,22.2884,-3.69952,8.80094,48.3713
62276,4967,8671,7495,4518,4337,5352,4971,4197,3693,3794,3789,3580,3251,3346,3358,3183,-25.3725,-1.87549,8.56708,48.3347
62277,3519,4312,7735,10015,3491,3944,5355,6058,3165,3580,3879,4035,3077,3338,3432,3509,-23.9149,18.1528,8.50412,48.296
62278,3378,3402,3556,3140,4036,4193,3794,3448,5334,7030,4743,3861,5840,7576,5134,3879,16.4575,-8.75569,8.61643,48.2293
62279,3394,3860,5273,7765,3397,3928,5531,9373,3260,3497,4225,4963,3107,3399,3653,3616,-12.4479,24.6545,8.80855,48.1607
62280,6284,5398,3960,3446,8279,6598,4068,3536,5088,4581,3710,3389,3826,3680,3424,3161,-10.04,-18.6949,8.65473,48.2853
62281,4409,4157,3452,3082,6948,5120,3814,3369,8425,5597,3826,3344,5116,4375,3658,3247,2.76405,-21.7729,8.66694,47.9593
62282,3119,3246,3271,3252,3171,3423,3778,3914,3383,3877,4670,5972,3354,3929,6868,12113,29.3814,23.6723,8.97189,47.56
62283,3384,3247,3289,3198,3880,3729,3360,3126,6178,4733,3832,3292,12301,6467,4028,3385,29.9217,-24.267,8.94349,47.6193
62284,7069,5300,3728,3319,9131,5916,3974,3369,5246,4344,3555,3248,3798,3613,3362,3173,-11.2324,-21.9018,8.88302,48.0967
62285,3316,3842,4901,6125,3400,4010,6115,8890,3172,3827,4728,5777,3040,3488,3810,4068,-7.26358,21.0739,8.54905,48.3393
62286,3448,4121,7103,11533,3350,3847,5029,5815,3193,3388,3859,3927,3099,3234,3405,3367,-30.2136,21.749,8.53066,47.812
62287,3082,3541,4146,4866,3297,3715,5163,8321,3379,3720,4957,8173,3306,3620,4166,4773,-0.0416885,26.2331,8.67293,48.15
62288,3233,3418,3938,4301,3273,3726,4753,7065,3428,3792,5105,9416,3240,3583,4609,5422,3.92407,30.493,8.70434,48.2013
62289,3232,3771,4696,5524,3436,3990,6271,8438,3421,3756,5061,5922,3140,3472,3906,4056,-5.84834,19.3034,8.5307,48.0613
62290,3373,3354,3242,3100,3938,3785,3456,3298,6047,4740,3716,3455,12825,6118,3791,3453,28.912,-29.0376,8.7728,47.794
62291,3402,3470,3358,3238,4091,4191,3748,3445,5478,6868,4647,3700,6019,7831,5041,3744,16.7964,-10.0987,8.55846,48.1807
62292,3482,4252,6029,7079,3451,4035,6535,7697,3309,3647,4269,4577,3093,3236,3671,3662,-13.6553,17.4493,8.62396,48.016
62293,3190,3267,3373,3501,3274,3568,4116,4152,3611,4316,6525,6148,3632,4641,7753,7103,17.6987,13.5392,8.92101,48.1133
62294,3223,3601,4568,5733,3324,3897,5695,9235,3347,3810,4883,6563,3177,3349,3843,4294,-4.91211,22.5495,8.97163,48.3613
62295,3307,3580,3935,4028,3355,3844,5309,5798,3463,4174,6898,7499,3425,3820,4735,5194,4.53654,16.7963,8.60968,48.2427
62296,3418,3520,3183,3192,4583,4023,3533,3169,8491,5128,3947,3394,9742,5620,3842,3369,16.6445,-27.2526,8.86983,48.1027
62297,3136,3608,4008,4322,3425,3721,4977,6552,3370,3922,5863,8800,3305,3676,4464,5179,3.92777,21.2469,8.6357,48.2187
62298,4434,3905,3434,3229,7073,4861,3743,3357,8922,5414,3874,3287,5274,4444,3669,3193,3.35529,-24.2363,8.73045,48.0753
62299,3495,3343,3298,3061,4348,3958,3500,3182,7838,5192,3844,3406,10238,5901,4025,3368,18.5788,-24.8787,8.99709,47.998
62300,10599,7875,4285,3566,5839,5146,3928,3495,3844,3813,3376,3218,3355,3353,3218,3083,-26.5969,-18.5612,8.94579,47.9953
62301,4136,3909,3338,3293,6642,4644,3649,3303,9681,5152,3877,3286,5581,4511,3716,3155,4.82902,-32.3241,8.89393,47.9153
62302,3176,3515,3745,4141,3256,3692,4347,6124,3281,3753,5239,10186,3277,3686,4696,6218,7.32923,27.796,8.76558,48.2213
62303,3569,4499,8396,9515,3545,4067,5129,5558,3248,3540,3841,3882,3109,3293,3421,3330,-30.104,16.648,8.55383,47.9613
62304,3442,3487,3204,3170,3953,3706,3552,3214,5876,4875,3796,3391,12123,6616,3933,3417,30.8538,-24.4782,8.50728,47.8367
62305,5639,8130,5529,4048,5127,6606,4987,3749,3837,4114,3710,3506,3369,3496,3312,3257,-18.0529,-7.0424,8.7166,48.2773
62306,3515,3790,3618,3509,4040,4839,4490,3669,4767,7624,6068,4005,4338,5399,4857,3831,8.72776,-3.43034,8.58963,48.2393
62307,3304,3379,3309,3131,3655,3721,3661,3323,4602,5225,4614,3965,5820,9765,6524,4220,28.1664,-5.55604,8.70994,48.1453
62308,3678,5367,9779,7367,3648,4236,5301,5090,3226,3575,3748,3751,3050,3170,3358,3373,-30.0164,11.0787,8.74511,47.8113
62309,7864,5023,3828,3383,9669,5302,3794,3421,5010,4169,3516,3351,3785,3551,3382,3188,-12.1422,-29.9262,8.69809,48.1573
62310,3212,3328,3388,3323,3352,3715,3939,3904,3796,4486,6262,5254,3884,5263,8824,6557,20.2566,9.81504,8.74501,48.3247
62311,3743,3865,3577,3303,4730,5466,4105,3522,5986,8222,4747,3616,4707,5243,4117,3479,6.59433,-9.98148,8.8813,48.2853
62312,3180,3562,4428,5398,3281,3820,5301,9343,3317,3731,4716,7023,3294,3525,3992,4358,-3.84688,26.0589,8.73427,48.1793
62313,3332,3381,3318,3204,3776,3980,3805,3395,4553,5905,5092,3920,5413,8717,6324,4068,20.5715,-4.49126,8.68438,48.122
62314,3900,3850,3546,3191,5610,4809,3771,3427,8122,6649,4132,3357,5595,4980,3875,3264,6.86687,-18.0487,8.76747,48.052
62315,12223,6242,3898,3404,6008,4828,3706,3445,3945,3696,3476,3307,3477,3522,3266,3076,-32.2264,-25.4292,8.56585,47.6793
62316,3537,3702,3746,3563,3764,4889,5311,4117,3937,6157,7311,4540,3818,4519,4865,4147,5.9414,2.48709,8.61718,47.9487
62317,3229,3412,3254,3255,3679,3838,3652,3360,4700,5350,4513,3832,5918,9676,6458,4077,27.7594,-5.88417,8.82791,48.1353
62318,3062,3224,3395,3372,3253,3555,3853,3932,3436,3805,4910,6882,3432,4008,6187,11802,23.7626,26.2167,8.5162,48.072
62319,3658,3660,3558,3282,4293,4919,4111,3574,5499,8026,5228,3816,4728,5699,4467,3560,8.74872,-7.91837,8.58602,48.052
62320,9222,5760,3861,3364,8484,5316,3894,3352,4608,4037,3647,3246,3623,3457,3203,3028,-16.1109,-24.2152,8.88823,48.068
62321,3168,3216,3382,3362,3239,3422,3748,4061,3488,3867,4987,5862,3443,4089,6991,11411,28.6144,22.1608,8.59717,47.824
62322,4119,3848,3403,3207,5950,4546,3729,3276,9309,5998,3807,3516,5927,4636,3798,3268,6.74289,-22.8686,8.69659,48.2247
62323,10240,7917,4220,3436,5744,5210,3886,3361,3929,3922,3513,3250,3401,3450,3245,3128,-33.763,-18.5532,8.57123,47.9013
62324,3965,4540,4675,4057,4141,6400,6910,4330,3907,5126,5458,3983,3577,3853,3911,3619,-4.38966,0.967068,8.67423,48.3013
62325,3352,3605,4127,4270,3517,3960,5742,6338,3471,4009,6529,7147,3466,3712,4511,4583,2.13561,16.8406,8.75023,48.226
62326,3227,3463,3876,3818,3520,3952,4979,5007,3509,4429,7566,6711,3401,4017,5443,5330,7.78011,13.3163,8.89033,48.1653
62327,3991,4634,4319,3679,4534,7135,6093,4056,4272,5678,5020,3878,3616,4021,3966,3383,-3.39822,-2.61927,8.77567,48.1833
62328,3156,3269,3445,3428,3217,3348,3749,3906,3424,3766,4834,5986,3356,3843,6095,12599,30.8789,27.9491,8.60793,47.614
62329,4305,4006,3526,3180,7025,4768,3614,3224,9673,5227,3687,3291,5534,4413,3647,3309,3.96955,-27.2501,8.92151,48.286
62330,3652,4018,3911,3760,4108,5378,5719,4032,4153,6254,6526,4167,3862,4370,4439,3888,2.23836,0.767887,8.67159,48.158
62331,3144,3277,3451,3391,3494,3642,3813,3690,3689,4552,5538,4759,3998,6016,9647,6258,26.8159,7.21725,8.50277,48.2393
62332,3400,3404,3416,3358,3756,4249,4030,3662,4444,6974,6086,4051,4427,6474,5840,4336,14.4796,-1.8179,8.9182,47.938
62333,3275,3509,4297,5103,3374,3785,4978,8937,3290,3713,4802,7736,3273,3542,4059,4497,-1.84428,30.564,8.72438,48.1133
62334,3412,3408,3178,3122,3890,3775,3342,3269,5978,4693,3743,3344,12780,6011,4058,3344,28.6839,-32.3418,8.98007,47.5647
62335,3122,3163,3398,3456,3275,3388,3921,3969,3347,3842,4801,6184,3365,3919,5936,12351,26.1485,31.4689,8.64601,47.6247
62336,3135,3198,3403,3325,3281,3556,3925,3863,3605,4088,5485,5310,3645,4929,9196,8136,25.0235,13.6755,8.85716,48.0533
62337,3058,3326,3343,3314,3410,3545,3790,3732,3647,4412,5341,4786,3896,5497,9734,7084,28.2426,9.53337,8.74777,47.9433
62338,11572,5933,4095,3323,7032,4920,3733,3349,4098,3792,3460,3246,3351,3362,3234,3149,-21.5172,-33.7443,8.99696,47.766
62339,3385,3891,6001,12888,3375,3803,4713,6350,3225,3433,3766,3973,3155,3296,3353,3334,-27.2305,29.5026,8.85278,47.9607
62340,5352,8138,5965,4031,4950,6394,5144,3909,3716,4088,3896,3599,3212,3494,3374,3247,-18.75,-5.13061,8.6831,48.3393
62341,3579,3726,3490,3302,4160,4800,4021,3527,5336,8108,5259,3829,5008,5903,4722,3648,10.4474,-7.41151,8.63957,48.2787
62342,5143,7303,5731,3998,4819,7051,5366,3876,3885,4114,4038,3557,3338,3461,3418,3297,-15.7764,-4.72787,8.84448,48.2633
62343,3719,5058,9510,7554,3776,4218,5283,5097,3333,3733,3845,3812,3201,3299,3255,3430,-33.1568,11.4346,8.58007,48.082
62344,4430,7076,9130,5197,3931,4903,5528,4307,3469,3712,3849,3682,3256,3200,3260,3154,-24.0109,3.33809,8.97049,48.056
62345,5429,4973,3932,3344,7583,6985,4159,3518,5482,5147,3837,3474,3976,3863,3536,3165,-6.67604,-16.3531,8.67642,48.2687
62346,5616,9688,6969,4195,4367,5091,4722,3973,3629,3778,3752,3396,3339,3178,3388,3097,-30.0306,-4.50763,8.95205,48.1187
62347,3563,4308,7066,8040,3500,4168,5979,6947,3248,3562,4018,4238,3203,3275,3525,3480,-17.579,17.4038,8.50026,48.08
62348,3247,3324,3700,3889,3356,3605,4379,5787,3298,3862,5477,9505,3296,3815,4810,6531,8.20031,25.3924,8.54524,47.9207
62349,3187,3258,3332,3408,3207,3370,3696,3896,3241,3831,4723,5931,3282,4017,6615,12122,32.306,24.1655,8.83104,47.4107
62350,3406,3890,5503,9822,3423,3778,5192,8337,3251,3575,3958,4453,3071,3246,3395,3517,-16.962,27.1438,8.79752,47.878
62351,3256,3653,4289,4700,3298,3975,5705,7203,3305,3909,5827,7135,3287,3566,4379,4597,0.0508817,18.8224,8.52077,48.056
62352,4023,3890,3382,3222,5769,5078,3723,3274,8183,6665,3982,3510,5497,5001,3827,3293,6.21238,-18.0525,8.9644,48.2127
62353,3129,3216,3285,3348,3246,3573,3803,3994,3331,3805,4901,5962,3326,3958,6630,11963,30.706,24.4995,8.53055,47.6467
62354,7603,7690,4480,3554,6241,6294,4250,3571,4081,4199,3577,3395,3508,3493,3381,3128,-18.2831,-14.6088,8.65226,48.2967
62355,4498,4693,3872,3521,6005,7597,4516,3531,5079,5994,4296,3466,3947,4085,3746,3331,-3.2107,-11.4719,8.80392,48.118
62356,3728,4075,3959,3464,4284,5630,5213,3799,4476,6950,6029,4118,4023,4626,4271,3796,3.0472,-2.35383,8.93941,48.294
62357,3377,3400,3162,3160,4122,3703,3423,3247,6866,5065,3846,3514,11539,6051,3986,3439,22.5256,-26.0369,8.5247,47.9333
62358,3573,4817,9124,8666,3499,3992,5313,5482,3260,3602,3760,3879,3178,3238,3406,3310,-27.1454,14.5363,8.70096,48.066
62359,3388,3325,3269,3032,4186,3887,3457,3202,7358,5044,3838,3361,11482,6012,3909,3450,20.7088,-26.1908,8.93406,48.1333
62360,3176,3312,3657,3491,3458,3846,4474,4340,3710,4540,7754,6226,3566,4350,6485,5633,12.7265,11.5653,8.98653,48.012
62361,3210,3486,3304,3302,3736,3873,3636,3569,4535,5868,5371,4012,5096,8412,6747,4348,20.8097,-2.85103,8.58918,48.3367
62362,12007,5858,3946,3367,6971,4818,3819,3456,4144,3696,3496,3164,3432,3405,3149,3126,-22.3272,-30.6321,8.90646,47.9027
62363,3007,3213,3355,3446,3230,3412,3811,4009,3443,3810,4853,6369,3379,3960,6371,12152,25.0893,26.4482,8.62423,47.88
62364,3150,3241,3394,3362,3364,3650,3819,3709,3683,4517,5336,4726,3975,5853,9887,6513,27.0009,8.0298,8.54026,48.1193
62365,3775,3783,3684,3212,4499,5440,4227,3611,5438,8183,5133,3779,4491,5200,4253,3718,6.56127,-7.55777,8.9042,48.284
62366,3402,3467,3294,3082,4084,4158,3666,3375,5932,6590,4196,3589,7155,8095,4651,3599,18.472,-12.724,8.9523,48.2233
62367,3753,5069,9104,7155,3685,4365,5877,5255,3329,3594,3899,3891,3085,3263,3335,3410,-22.4439,11.1664,8.82758,48.046
62368,4727,7819,8522,4879,4016,4740,5058,4195,3598,3800,3724,3591,3269,3278,3294,3387,-27.7468,0.822869,8.60481,47.9313
62369,3262,3479,4061,4653,3269,3646,4849,8141,3331,3713,5053,8638,3251,3490,4222,4858,1.07549,30.9735,8.95596,47.944
62370,3658,4840,9074,8492,3592,4061,5253,5321,3268,3583,3872,3829,3147,3275,3387,3300,-28.0073,13.5411,8.68154,47.968
62371,3349,3300,3357,3179,3636,3773,3532,3545,4387,5289,4768,3999,5406,9083,7242,4364,26.6482,-3.35141,8.73594,48.1393
62372,3419,3729,4459,4838,3548,4303,6645,6919,3422,4024,5836,5918,3243,3694,4145,4138,-2.45113,15.6964,8.53787,48.1867
62373,3363,3794,4798,5352,3516,4065,6747,7951,3333,3787,5175,5748,3266,3538,3960,4045,-5.29971,17.4912,8.71429,48.292
62374,3719,3542,3234,3145,4995,4137,3515,3259,9469,5305,3763,3428,7703,5255,3822,3385,12.1993,-26.4774,8.58058,47.784
62375,3800,5543,9785,6817,3587,4379,5462,4997,3390,3664,3876,3786,3161,3269,3308,3378,-25.7424,9.60706,8.81836,48.1347
62376,3222,3365,3541,3553,3370,3771,4432,4368,3537,4564,7399,6460,3624,4377,6587,6160,13.3813,12.5952,8.96557,48.22
62377,10899,7447,4193,3473,6286,5199,3922,3394,3926,3778,3471,3243,3467,3312,3147,3108,-24.6524,-20.2376,8.98697,48.1767
62378,3198,3264,3341,3251,3462,3602,3829,3649,3930,4867,5282,4422,4369,6968,9268,5526,25.566,3.78167,8.9088,48.152
62379,3463,4211,5742,5681,3475,4349,7375,7212,3434,3749,4596,4726,3177,3441,3684,3675,-10.1563,14.6794,8.77428,47.9933
62380,3087,3214,3370,3309,3354,3328,3805,4005,3478,3730,4794,6814,3352,3949,6028,12175,23.9861,32.3308,8.95782,47.8613
62381,3364,3865,4560,4809,3614,4218,6927,6648,3500,4061,5979,5722,3292,3662,4223,4176,-2.96043,14.1239,8.61009,48.4133
62382,3072,3320,3684,3741,3251,3571,4323,4933,3397,4002,6356,8410,3402,3902,5648,7065,11.9964,19.4882,8.98382,48.0513
62383,3340,3868,6193,12892,3414,3707,4722,6066,3250,3446,3675,3799,3173,3180,3475,3407,-29.7852,30.498,8.93633,47.738
62384,5109,5484,4070,3609,6496,8102,4640,3511,4660,4911,3997,3403,3785,3764,3517,3332,-8.55603,-11.8795,8.86713,48.26
62385,3445,4421,7391,8556,3543,3959,5826,6470,3388,3564,3993,4206,3129,3316,3453,3425,-19.6605,17.1087,8.54391,48.0567
62386,4115,3803,3412,3166,6419,4605,3757,3343,9529,5233,3769,3437,6025,4587,3542,3321,5.84409,-26.2676,8.6189,48.042
62387,3228,3431,3460,3208,3729,4102,3975,3556,4413,6373,5895,4214,4836,6936,6300,4254,16.5688,-1.54357,8.65544,47.94
62388,3308,3492,3398,3491,3578,4137,4194,3827,4348,6135,6877,4460,4264,5836,6402,4540,13.8372,1.33358,8.89819,48.1913
62389,3416,3404,3231,3107,4127,3878,3443,3272,6960,5290,3855,3426,10678,6598,3969,3373,20.9523,-22.2179,8.98072,48.018
62390,5386,4414,3658,3344,9445,5017,3739,3273,7106,4677,3574,3373,4362,3953,3460,3196,-3.40107,-31.3358,8.87049,47.9847
62391,3381,3378,3349,3258,3818,4109,3856,3519,4673,6682,5437,4071,5150,7482,5901,4245,16.8751,-4.02333,8.83277,48.206
62392,3842,4236,3892,3661,4503,6447,5107,3874,4628,6944,5254,3889,4013,4391,3984,3614,0.871886,-4.7777,8.60969,48.186
62393,6109,7257,4729,3718,5781,7331,4664,3617,4112,4394,3750,3373,3575,3487,3425,3156,-14.8905,-11.0529,8.95907,48.3187
62394,4875,6684,5135,3976,4789,7635,5549,4049,3924,4425,3983,3614,3343,3502,3413,3288,-13.3116,-4.8961,8.82233,48.1227
62395,3190,3446,3623,3594,3590,3983,4579,4118,3838,5173,7865,5252,3749,4718,6224,5033,11.6173,7.45746,8.86435,47.9833
62396,3420,3531,3402,3184,3961,4335,3968,3481,5100,7606,5171,3832,5038,7094,5138,3986,14.4405,-6.49049,8.85992,48.1647
62397,3145,3202,3481,3396,3220,3459,3798,4143,3429,3906,5074,6539,3486,4174,6792,10951,22.9729,21.8464,8.52331,48.13
62398,4974,7338,5837,4118,4673,6964,5498,3968,3873,4158,3898,3595,3410,3535,3387,3180,-15.9664,-4.08572,8.85942,48.2707
62399,4501,4148,3507,3313,6800,5353,3845,3361,7743,5925,3949,3404,4865,4541,3654,3278,1.8443,-19.1965,8.55841,48.1247
62400,5389,4680,3758,3372,8323,6329,4044,3387,6169,5094,3818,3385,4180,3922,3448,3211,-4.80767,-19.2615,8.68706,48.3393
62401,3251,3411,3260,3189,3753,3839,3597,3310,5065,5174,4240,3548,7462,9681,5090,3612,31.3065,-11.7429,8.83562,47.6547
62402,3426,3908,6125,12753,3444,3607,4712,6029,3202,3386,3741,4110,3228,3293,3292,3427,-29.9608,28.9924,8.83026,47.7887
62403,3751,4888,6261,4809,3940,5299,7781,5273,3577,3976,4620,4250,3280,3512,3660,3459,-11.3781,6.54108,8.6623,48.224
62404,3072,3355,3457,3400,3395,3833,4348,4231,3633,4402,6719,6253,3593,4568,7229,6689,16.1066,13.2675,8.62066,48.118
62405,3508,3538,3384,3134,4577,4242,3599,3268,8115,5818,3952,3485,8249,5975,4046,3343,14.9756,-21.3396,8.51137,48.1553
62406,5884,9802,6553,4220,4593,5137,4608,3740,3704,3739,3694,3436,3352,3411,3217,3257,-30.0618,-5.72273,8.55152,48.2313
62407,3114,3210,3358,3372,3151,3477,3733,3828,3431,3813,4813,6094,3424,3863,6288,12379,27.7322,28.5528,8.58969,47.5653
62408,3197,3385,3670,3926,3273,3587,4437,5705,3390,3742,5627,9878,3291,3603,4886,6699,8.606,25.1436,8.9565,48.1973
62409,3042,3384,3858,4143,3252,3512,4578,6075,3435,3856,5513,9816,3277,3624,4628,6128,6.72088,25.0692,8.96767,48.0807
62410,3455,3934,5633,9862,3463,3813,5215,8328,3257,3520,3992,4403,3093,3324,3403,3467,-17.3986,27.3697,8.60602,48.108
62411,4197,4449,3920,3465,4894,6923,4921,3692,4762,6864,4867,3691,3981,4264,4079,3525,-0.4723,-6.28736,8.82277,48.3293
62412,3117,3390,3839,4070,3250,3638,4623,5971,3381,3940,5820,9384,3275,3739,4775,6071,7.1145,23.1962,8.52912,48.1887
62413,3430,3274,3210,3018,4067,3790,3357,3224,6809,4938,3773,3277,11623,6389,4042,3446,22.82,-24.5747,8.89041,47.778
62414,3202,3542,3908,4093,3383,3734,4995,6017,3426,3978,6146,8652,3345,3768,4680,5530,5.41135,20.203,8.5971,48.266
62415,3452,3369,3238,3166,4134,3795,3482,3226,7084,4974,3808,3402,11594,5862,4018,3433,21.9164,-32.6319,8.79247,48.0247
62416,3551,3555,3416,3339,3958,4306,4005,3521,4795,7490,5713,3977,4720,6406,5362,4041,13.1202,-4.278,8.96893,48.1033
62417,3383,3393,3307,3143,3777,3833,3485,3247,5153,5302,4164,3572,8103,9399,5028,3705,28.4801,-12.3578,8.67961,47.996
62418,4299,4460,3785,3482,5717,6997,4419,3574,5570,6535,4396,3660,4168,4258,3820,3448,-0.685451,-10.9978,8.8331,48.392
62419,3489,3708,3530,3413,4022,4640,4211,3574,4903,7742,5623,3951,4609,5904,4976,3894,10.945,-4.80098,8.50708,48.126
62420,3365,3398,3494,3332,3560,4029,4234,3844,4048,5643,6774,4622,4189,5964,7020,4971,15.6494,3.22045,8.72143,48.3247
62421,3320,3384,3245,3150,3707,3858,3604,3436,4608,5321,4526,3677,6034,9814,6461,3965,26.6422,-6.44328,8.68446,48.0733
62422,3340,3317,3181,3119,4033,3857,3494,3298,6997,4974,3835,3327,11750,5952,3949,3338,22.5935,-29.9984,8.95462,47.8407
62423,3241,3712,4710,6330,3343,3846,5423,9704,3356,3526,4359,6031,3195,3427,3835,3954,-7.33906,25.0681,8.94166,47.9947
62424,3489,3443,3200,3065,4106,3932,3401,3264,6901,5004,3787,3347,11451,6380,4045,3390,23.1269,-24.3798,8.74078,48.1367
62425,3277,3326,3776,3837,3394,3794,4682,4946,3490,4336,7183,7639,3466,3987,5513,5875,9.39267,15.8709,8.87939,48.3473
62426,3429,3373,3251,3269,4009,3907,3470,3222,6765,4973,3820,3362,11622,6142,3898,3352,22.9348,-26.7725,8.68346,47.9093
62427,7160,7653,4672,3628,6165,6643,4234,3563,4153,4022,3682,3314,3450,3448,3416,3196,-17.4338,-13.5984,8.5431,48.266
62428,5861,6199,4483,3532,6338,7729,4601,3657,4436,4594,3811,3434,3600,3652,3473,3264,-11.7321,-12.5257,8.75008,48.4427
62429,3580,3537,3274,3149,4649,4129,3527,3272,8508,5485,3927,3355,8714,5777,3998,3357,15.3167,-22.7642,8.90693,48.1587
62430,3167,3231,3338,3337,3324,3380,3797,3829,3439,3760,4672,5970,3405,4097,6001,12676,28.169,33.9357,8.78731,47.6153
62431,3096,3345,3388,3326,3455,3770,3895,3670,3844,4664,5718,4688,4051,6200,9227,5811,23.7637,6.37957,8.63677,48.0987
62432,3205,3264,3321,3460,3309,3507,4015,4294,3433,3766,5118,7933,3507,3978,5655,10150,18.0211,33.2473,8.74755,47.9433
62433,8216,8972,4753,3662,5481,5526,4140,3484,3828,3878,3569,3379,3365,3226,3385,2898,-25.0498,-14.0745,8.85043,47.8413
62434,3921,5979,10198,6517,3694,4376,5476,4786,3320,3559,3787,3635,3055,3250,3426,3279,-26.921,7.9766,8.98615,48.172
62435,3880,3660,3460,3121,5139,4156,3520,3312,9454,5639,3755,3392,7393,5184,3804,3349,11.2196,-24.8062,8.70256,48.1453
62436,3283,3479,3659,3666,3499,4017,4871,4303,3720,5111,8285,5508,3797,4530,5752,4962,9.85796,8.11043,8.85152,48.2947
62437,3860,4533,4640,3920,4244,6673,6646,4234,4092,5279,5391,3994,3678,3948,3825,3505,-4.04417,0.29732,8.88677,48.308
62438,6672,9741,5626,3971,4919,5248,4431,3708,3629,3769,3655,3393,3377,3454,3321,3286,-32.0537,-9.11302,8.56077,48.1333
62439,4082,4287,3993,3526,4880,6897,5245,3709,4663,6650,4980,3794,3972,4269,3975,3460,-0.601802,-5.83404,8.76847,48.2547
62440,4246,5160,4465,3810,4958,7764,5684,3942,4242,5291,4477,3709,3726,3866,3609,3447,-6.55086,-4.8155,8.75285,48.264
62441,3311,3926,5330,9002,3341,3827,5161,8916,3341,3465,4044,4741,3174,3317,3526,3536,-14.7647,31.2296,8.66687,47.972
62442,3494,3972,4686,4349,3778,4759,7544,5492,3535,4320,6329,4846,3385,3646,4147,4024,-3.07205,9.33997,8.62773,48.204
62443,5475,9312,7250,4408,4310,5134,4903,3954,3681,3808,3693,3485,3288,3316,3237,3165,-28.6543,-3.1968,8.73484,48.2793
62444,3591,4630,7539,6746,3694,4337,6870,6265,3354,3624,4146,4022,3167,3352,3577,3488,-16.6484,12.8257,8.64747,48.268
62445,3782,5273,8956,6567,3679,4492,6144,5158,3326,3699,4055,3988,3077,3324,3438,3383,-20.6343,9.82793,8.57218,48.2273
62446,3305,3858,5220,7276,3379,3925,5633,9522,3321,3642,4287,5163,3138,3350,3646,3805,-10.7673,24.1844,8.80671,48.3133
62447,3960,5190,5969,4480,4035,6114,7397,4708,3472,4290,4647,3870,3305,3588,3470,3466,-11.2009,2.84938,8.56009,47.974
62448,3925,4218,3900,3515,4553,6377,4848,3782,4888,7100,5228,3822,4106,4508,4020,3468,1.1409,-5.73958,8.83201,48.172
62449,3209,3623,4322,5196,3363,3652,5340,8796,3419,3723,4880,7417,3295,3499,4080,4394,-2.35643,24.8918,8.54636,48.1387
62450,4052,3841,3453,3264,6289,4504,3592,3366,9662,5141,3807,3427,5926,4490,3648,3381,5.88251,-33.7811,8.71498,47.8953
62451,5618,9721,6652,4153,4264,5123,4603,3871,3788,3864,3704,3442,3397,3314,3234,3227,-30.9743,-5.13283,8.8425,47.9833
62452,3139,3217,3420,3428,3196,3526,3775,4076,3366,3861,5023,7368,3483,3874,5705,11356,20.2452,28.9182,8.8469,47.8753
62453,3652,3734,3213,3127,4941,4249,3537,3270,8978,5729,3976,3517,7617,5443,3784,3402,12.6439,-22.2314,8.95896,48.1127
62454,5949,9847,6264,4002,4688,5448,4705,3761,3749,3788,3693,3345,3258,3315,3305,3111,-26.7166,-6.0453,8.90454,48.152
62455,3233,3383,4039,4676,3352,3775,4924,7478,3329,3778,5145,8797,3167,3490,4313,5168,2.16108,27.0158,8.52729,48.0313
62456,4516,8180,8717,5025,4092,4975,4985,4219,3598,3723,3638,3476,3243,3399,3203,3226,-28.5729,1.10773,8.82826,48.1433
62457,3161,3322,3391,3292,3400,3549,3877,3760,3732,4355,5272,4617,4030,6093,9837,6252,29.9208,7.48635,8.71172,47.96
62458,3568,3720,3472,3203,4283,4508,3877,3381,5907,7697,4752,3646,5624,6441,4470,3602,12.521,-10.4867,8.69345,48.1007
62459,3337,3487,3309,3293,3716,4061,3909,3547,4585,6453,5470,4104,4954,7544,6319,4201,17.4897,-2.87801,8.71514,48.1927
62460,3320,3731,4622,5300,3379,4105,6326,8151,3379,3838,5303,6411,3155,3434,3972,4250,-4.31067,18.8387,8.57676,48.4507
62461,3589,4541,8399,9157,3426,4009,5438,5709,3275,3578,3916,3981,3117,3187,3388,3319,-24.7327,15.8906,8.76777,48.0193
62462,3117,3354,3426,3510,3434,3636,3885,3875,3655,4320,6146,5477,3686,4972,8462,6989,20.9605,11.7981,8.50848,47.9627
62463,4196,4737,4158,3798,4721,7421,5614,3869,4267,6025,4802,3740,3727,3992,3756,3479,-3.57533,-4.44169,8.81447,48.2013
62464,3450,3882,5613,10385,3415,3775,5067,8101,3217,3500,4005,4301,3115,3202,3412,3530,-18.1446,30.3445,8.89899,47.98
62465,3070,3242,3418,3509,3251,3537,3904,4165,3455,3813,4962,7303,3378,3981,5972,10955,20.7506,26.3009,8.50903,47.9433
62466,4482,4984,4194,3465,5607,7870,4885,3757,4817,5610,4183,3586,3821,3887,3566,3432,-5.31257,-9.52489,8.70669,48.0973
62467,3377,3450,3323,3206,3961,3627,3453,3188,6046,4726,3681,3401,12364,5866,3790,3349,32.4842,-30.1903,8.57419,47.2053
62468,3315,3481,3498,3427,3629,4131,4323,3821,4152,6421,6810,4500,4234,5812,6252,4464,13.0639,1.28101,8.73414,48.18
62469,5590,4602,3667,3259,9568,5748,3760,3269,6333,4847,3741,3356,4133,3805,3434,3232,-5.67823,-23.7936,8.82874,48.2293
62470,4578,4251,3464,3290,7073,5870,4008,3269,7052,5935,3864,3360,4603,4413,3661,3252,0.407294,-18.3643,8.70917,47.962
62471,3283,3788,4518,4887,3503,4082,6515,7283,3353,3900,5557,6391,3253,3694,4205,4309,-2.62203,17.0362,8.83697,48.3473
62472,3677,4735,8632,7751,3503,4244,6025,5524,3378,3592,3983,3933,3167,3280,3475,3384,-21.7711,13.1255,8.67231,48.1887
62473,3403,3821,5134,7855,3339,3758,5185,9852,3216,3740,4170,5053,3163,3257,3571,3753,-12.0493,33.0096,8.97023,48.18
62474,3353,3396,3263,3178,3840,3849,3686,3469,4710,5885,4652,3793,6065,9344,5803,3992,22.6507,-7.20706,8.53147,48.1853
62475,3457,3812,5644,11309,3419,3762,4948,7262,3277,3426,3854,4146,3126,3158,3357,3428,-20.2647,31.6646,8.98334,47.59
62476,5883,4770,3731,3293,9172,5826,3871,3433,6033,4755,3746,3336,3995,3903,3454,3253,-6.16473,-22.2854,8.75763,48.3027
62477,3423,3446,3311,3220,3888,3723,3455,3247,5976,4704,3681,3395,12584,5890,3911,3359,32.8009,-29.4082,8.82344,47.4753
62478,5936,9478,6234,4103,4823,5676,4580,3825,3703,3797,3640,3420,3218,3353,3279,3153,-24.3784,-6.09072,8.6491,48.1453
62479,3276,3485,4074,4522,3411,3712,4836,7673,3405,3762,4880,8824,3255,3531,4288,4837,1.34714,32.5891,8.85128,47.8473
62480,5470,4438,3632,3277,9405,5074,3843,3394,6761,4647,3597,3340,4310,3896,3455,3304,-4.19279,-31.5501,8.55902,47.8953
62481,3433,3349,3170,3142,4054,3699,3394,3258,6119,4888,3681,3333,12631,5953,3781,3348,33.9696,-28.6037,8.80653,47.4887
62482,3277,3324,3357,3145,3477,3673,3815,3616,3972,4722,5146,4435,4283,7120,9256,5440,29.0884,3.12032,8.7254,48.0387
62483,3287,3435,3322,3247,3675,3957,3789,3535,4531,5998,5199,4049,5166,8082,6521,4389,20.0302,-3.26218,8.51912,48.1213
62484,3211,3289,3322,3339,3345,3691,4042,3786,3803,4618,6204,5298,3916,5434,8783,6143,20.119,8.21191,8.58527,48.1493
62485,3316,3390,3304,3147,3563,3772,3672,3544,4494,5298,4623,3932,5774,9531,6876,4183,27.7299,-4.8544,8.65528,48.2793
62486,5122,6331,4697,3803,5614,7912,5021,3760,4113,4611,3947,3495,3406,3641,3551,3373,-12.0997,-8.22941,8.63295,48.2647
62487,3416,3506,3352,3181,3634,3964,4065,3615,4490,6342,5863,4066,4746,7066,6171,4335,16.7229,-1.91243,8.79807,47.8747
62488,7802,9030,4943,3712,5333,5735,4152,3757,3910,3872,3545,3274,3284,3367,3206,3082,-23.2621,-12.6168,8.88386,48.0027
62489,3262,3245,3318,3325,3475,3738,3770,3661,4060,4749,5181,4488,4245,7167,9099,5324,32.3001,3.5164,8.75028,48.0713
62490,3147,3351,3374,3328,3395,3806,4210,3860,3913,5042,6770,4999,4001,5492,8076,5511,17.6105,6.51517,8.62101,48.1833
62491,3905,4684,4504,3973,4174,6611,6866,4358,3937,5236,5311,4118,3654,3841,3847,3665,-4.17294,0.40946,8.6804,48.456
62492,11920,6641,3980,3353,5953,4900,3807,3361,3904,3798,3437,3361,3292,3325,3263,3175,-33.5489,-22.8253,8.98285,47.6467
62493,4400,5005,4523,3794,4808,7896,5772,3924,4175,5214,4448,3641,3702,3712,3686,3480,-6.77068,-4.36804,8.74025,48.12
62494,9557,6200,4011,3469,7878,5370,3874,3351,4395,4007,3566,3213,3446,3395,3254,3086,-18.106,-22.5987,8.82384,48.048
62495,3411,3355,3245,3119,3887,3722,3565,3270,4855,5347,4382,3655,6965,10031,5625,3931,27.1619,-9.37131,8.94754,48.2433
62496,3232,3661,4329,5293,3328,3876,5189,9360,3359,3649,4636,7123,3162,3464,3924,4417,-3.57066,30.2817,8.96243,48.0013
62497,3820,5365,9877,7075,3691,4268,5146,4983,3384,3617,3777,3756,3190,3251,3357,3368,-31.382,10.3052,8.64861,47.95
62498,3349,3657,3582,3402,3946,4385,4157,3704,4619,7407,6221,4173,4361,6187,5379,3986,11.7596,-2.45317,8.96809,48.3433
62499,5470,5559,4036,3402,6960,7635,4430,3514,4973,4870,3903,3405,3738,3667,3521,3219,-9.05849,-13.9329,8.72709,48.2013
62500,3406,3988,5888,11324,3341,3883,4967,7062,3303,3464,3714,4062,3163,3179,3404,3457,-21.674,31.5514,8.51428,47.7367
62501,3604,4356,7496,8289,3532,4136,5971,6652,3298,3663,4095,4227,3034,3280,3481,3479,-18.9169,16.222,8.55169,48.3953
62502,3534,4239,6206,5773,3580,4395,7686,6771,3339,3791,4560,4465,3146,3440,3669,3671,-11.4814,13.3271,8.76387,48.1767
62503,3116,3345,3617,3467,3143,3597,3962,4414,3390,3802,5102,8309,3365,3819,5485,9780,17.3726,30.7288,8.68691,47.8087
62504,3168,3206,3357,3341,3277,3355,3829,3832,3344,3865,4718,6397,3549,3855,5800,12274,25.8082,31.5092,8.77928,47.4447
62505,5835,9653,6702,4195,4585,5315,4495,3868,3689,3864,3640,3475,3208,3451,3177,3254,-28.0656,-5.19942,8.57331,48.2707
62506,3890,4878,7649,6004,3718,4576,7000,5607,3488,3793,4243,4074,3205,3344,3524,3632,-15.9907,9.88965,8.53681,48.4167
62507,6768,4785,3838,3361,9824,5242,3798,3327,5630,4403,3599,3280,3924,3675,3335,3228,-9.22373,-31.2395,8.53644,48.0113
62508,4538,4012,3552,3319,7610,4773,3759,3281,8694,4993,3806,3453,5080,4388,3521,3367,2.01787,-32.0685,8.56953,48.0973
62509,5646,7160,4914,3755,5462,7635,4837,3773,3996,4379,3859,3510,3387,3524,3467,3187,-14.5657,-8.77007,8.85874,48.3273
62510,5804,5369,4003,3379,7590,7170,4235,3685,5059,4702,3693,3316,3867,3736,3436,3213,-8.87237,-16.1106,8.78037,48.1713
62511,3407,3691,4803,5548,3351,4021,6284,8818,3390,3692,4880,5874,3193,3508,3774,4099,-6.08773,20.2069,8.91223,48.222
62512,3435,4035,6146,12731,3370,3738,4775,6068,3232,3383,3711,3888,3092,3230,3281,3294,-27.3882,28.9557,8.83407,47.606
62513,3320,3327,3442,3155,3625,3900,3700,3599,4450,5550,4949,3902,5402,8857,6782,4199,23.3251,-3.72907,8.55457,48.106
62514,4453,4391,3746,3400,6192,6617,4263,3439,5949,6333,4217,3532,4438,4461,3640,3351,-1.01267,-13.9196,8.55201,48.2813
62515,4067,3765,3472,3187,6251,4387,3619,3335,9770,5210,3804,3346,5789,4579,3640,3326,6.01449,-31.2481,8.77169,47.698
62516,3246,3266,3330,3207,3586,3791,3665,3494,4333,5059,4839,4040,4995,8828,7662,4557,30.0763,-1.75251,8.59445,47.932
62517,6586,4779,3772,3243,10043,5124,3819,3416,5716,4401,3586,3255,3930,3741,3292,3223,-8.64654,-30.9197,8.80783,47.9507
62518,3619,4129,4991,4467,3740,5235,8125,5400,3683,4398,5605,4480,3333,3628,3916,3804,-5.2476,7.9524,8.75561,48.3687
62519,3365,3992,5942,9014,3433,3954,5620,8077,3248,3543,4245,4523,2984,3295,3519,3541,-16.1012,22.0448,8.78841,48.1967
62520,3961,3917,3570,3370,4755,5467,4288,3589,6026,7848,4789,3783,4682,5053,3972,3573,5.21547,-10.9131,8.56864,48.4287
62521,3379,3994,5746,11051,3404,3779,5009,7374,3253,3589,3871,4188,3137,3385,3382,3345,-20.2751,28.7422,8.64845,47.924
62522,10716,7446,4241,3586,5953,5070,3892,3458,3959,3939,3566,3157,3323,3426,3193,3087,-26.8997,-19.6059,8.77036,48.008
62523,3602,3726,3463,3212,4467,4869,3873,3473,6077,7857,4800,3652,5239,6002,4449,3675,10.5719,-10.4502,8.6906,48.2907
62524,4010,4102,3652,3358,5068,6049,4246,3625,5761,7352,4698,3621,4479,4680,3932,3516,3.01188,-10.6259,8.50646,48.0993
62525,3454,3702,3606,3403,3912,4839,4348,3711,4756,7592,6041,4054,4256,5665,4855,3972,9.11519,-3.03405,8.78984,48.1107
62526,3560,4252,6567,6261,3650,4409,7207,6632,3362,3792,4425,4380,3166,3311,3577,3638,-13.7754,13.3205,8.78501,48.126
62527,3536,3556,3271,3156,4512,4254,3722,3293,7172,6270,4349,3404,7395,6491,4238,3471,15.1665,-17.0042,8.75919,48.06
62528,6119,4755,3763,3238,9821,5087,3838,3339,6330,4445,3728,3291,4110,3847,3388,3143,-6.5526,-29.8374,8.84746,48.1613
62529,3459,3747,4269,4188,3571,4407,6550,5325,3606,4395,7098,5778,3380,3909,4408,4322,1.02242,11.1606,8.93911,48.2747
62530,3092,3349,3539,3776,3229,3617,4220,5049,3449,3842,5266,9227,3450,3796,5219,7968,12.6097,27.9127,8.64462,48.0587
62531,10365,7769,4248,3391,6194,5144,3981,3395,4003,3845,3467,3219,3352,3378,3231,3099,-24.3407,-19.1981,8.94661,48.054
62532,4213,6267,7286,4784,4137,5676,6615,4565,3532,3983,4044,3698,3330,3447,3501,3333,-16.8769,2.53063,8.86439,48.274
62533,12460,6158,3883,3541,6130,4692,3779,3449,3957,3739,3356,3150,3326,3261,3164,3189,-27.8885,-33.0554,8.54047,47.4893
62534,5170,4808,3897,3455,7327,7065,4283,3426,5646,5247,3922,3463,4211,3953,3456,3293,-4.70331,-15.8438,8.8637,48.4147
62535,3641,4150,4383,3904,4113,5994,6600,4370,3913,5489,6185,4140,3573,4070,4066,3650,-1.41397,1.74683,8.89692,48.1607
62536,11737,6847,3972,3356,5761,5040,3747,3368,3958,3803,3442,3097,3534,3349,3188,3037,-33.0664,-21.892,8.80438,47.4907
62537,3474,3317,3189,3078,3951,3724,3387,3271,6362,4781,3792,3369,12222,6440,3988,3375,25.421,-25.3905,8.86955,47.8133
62538,3287,3355,3287,3317,3501,3832,3771,3624,4047,4750,4989,4330,4555,7707,8849,4916,28.9906,1.52345,8.767,48.078
62539,11030,7482,4088,3272,5814,5031,3964,3380,4123,3808,3547,3258,3375,3414,3136,3170,-29.9786,-20.3326,8.61131,47.928
62540,3094,3203,3408,3482,3255,3479,4033,4398,3424,3928,5276,7830,3376,3969,6159,9783,17.6818,23.2231,8.9923,48.0647
62541,3624,4786,9527,8169,3553,4188,5289,5264,3312,3352,3737,3754,3125,3170,3383,3477,-32.7114,12.95,8.93615,47.8067
62542,3662,4736,8449,8300,3527,4194,5616,5900,3336,3641,3968,3982,3127,3300,3401,3425,-21.6414,14.6694,8.82985,48.376
62543,3598,4372,6957,7532,3481,4198,6387,6748,3301,3618,4250,4218,3128,3323,3401,3552,-16.4043,15.9726,8.98924,48.0427
62544,3995,5914,8699,5666,3766,4969,6301,4747,3446,3755,4058,3820,3209,3297,3387,3232,-19.5934,5.77067,8.94457,48.174
62545,5683,4543,3756,3235,9548,5514,3807,3322,6457,4715,3660,3237,4171,3795,3482,3112,-5.35375,-25.418,8.52177,48.0247
62546,3305,3426,3404,3299,3644,3881,4010,3697,4262,5816,5777,4188,4577,7072,7222,4622,18.3658,0.138849,8.83905,48.1347
62547,3431,3362,3234,3091,3947,4061,3580,3240,5785,5586,4017,3524,8812,8375,4644,3530,22.4242,-15.8356,8.75172,48.146
62548,3274,3550,4121,4593,3297,3826,5455,6970,3473,3898,5839,7601,3232,3648,4343,4839,1.19036,19.5527,8.74562,47.9727
62549,4215,4030,3598,3234,6367,5290,3898,3485,7897,6429,4014,3411,4978,4527,3778,3262,3.38623,-18.4642,8.89949,48.2753
62550,3463,3466,3174,3154,4003,3850,3522,3212,6814,5051,3760,3440,11512,6423,4016,3393,23.8625,-24.1703,8.55548,48.1687
62551,3384,3520,3685,3375,3711,4306,4583,3878,4081,5677,7582,4826,4070,5141,6041,4633,11.6396,4.13205,8.56312,48.3287
62552,3069,3140,3497,3441,3114,3436,3829,3973,3501,4066,5208,5870,3623,4380,7849,10198,24.7654,18.3866,8.70189,48.1293
62553,3342,4152,7399,11261,3244,3979,4960,5665,3240,3497,3767,3901,3186,3269,3433,3297,-32.3171,20.5873,8.92034,47.728
62554,3332,3838,5288,7797,3465,3849,5237,9409,3258,3733,4168,5103,3137,3348,3678,3618,-12.2805,33.3546,8.59934,48.172
62555,3477,3788,5491,9583,3422,3891,5205,8575,3252,3501,4003,4433,3224,3167,3456,3618,-16.3373,31.8661,8.74809,48.0573
62556,3665,3726,3388,3146,5116,4474,3683,3384,8428,6532,4123,3406,6488,5413,3848,3338,10.2678,-18.8068,8.87596,48.1053
62557,3446,4000,4921,5140,3452,4332,7176,7166,3459,3979,5380,5554,3149,3476,3908,3970,-5.12578,15.1697,8.64927,48.3387
62558,3212,3451,3345,3253,3627,3818,3788,3617,4225,5286,5287,4170,4917,8071,7483,4581,22.8957,-0.633548,8.58027,48.0873
62559,8368,8806,4759,3672,5426,5549,4265,3572,3904,3852,3601,3243,3374,3384,3205,3055,-24.3673,-13.9186,8.74101,48.0233
62560,3146,3204,3452,3352,3455,3518,3773,3762,3847,4389,5185,4716,4055,5983,9964,6286,32.3129,7.39906,8.6678,48.058
62561,3937,5366,8506,5999,3824,4763,6581,5070,3448,3668,4200,3847,3255,3286,3378,3337,-18.5282,8.36104,8.99047,48.31
62562,12190,5979,3948,3456,6504,4763,3855,3380,4003,3780,3451,3245,3440,3313,3280,3086,-24.5993,-31.0738,8.55616,47.782
62563,3261,3279,3421,3258,3389,3650,3844,3729,3710,4413,5581,4800,3879,5544,9651,6751,24.8856,9.34084,8.62822,48.1067
62564,3194,3404,3419,3342,3412,3853,4063,3765,3944,4991,6336,4840,4008,5821,8343,5433,19.2274,5.92087,8.56691,48.112
62565,3311,3521,3586,3655,3560,3885,4779,4445,3685,4819,7988,5780,3575,4454,5835,5190,10.1701,9.84592,8.61859,48.0453
62566,3259,3283,3487,3183,3468,3776,3800,3616,4078,4886,5120,4286,4689,7808,8503,4964,26.1006,1.1764,8.62034,48.1373
62567,3489,3368,3184,3037,4195,3887,3411,3259,7478,4927,3800,3309,11201,5837,3883,3398,20.5914,-29.2601,8.63395,47.7753
62568,3436,3263,3248,3208,3903,3842,3460,3257,6224,4643,3725,3307,12738,5938,3958,3370,26.3163,-31.4967,8.98884,47.68
62569,3088,3354,3325,3264,3258,3476,3865,3894,3370,3790,4850,6153,3415,3967,6698,11940,28.5556,23.59,8.62822,47.8047
62570,9670,5550,3919,3264,8587,5144,3718,3278,4494,3943,3484,3259,3568,3500,3280,3179,-16.4097,-30.7482,8.70205,47.8913
62571,3403,3999,5623,10168,3362,3791,5138,8064,3266,3474,3963,4271,3142,3247,3524,3418,-17.9057,33.2392,8.93985,47.902
62572,4622,6061,5214,4129,4718,7313,5896,3982,4013,4460,4213,3540,3429,3558,3497,3462,-12.1589,-3.45903,8.55673,48.0713
62573,3487,4016,6880,11959,3291,3808,4783,5945,3270,3503,3754,3934,3122,3237,3300,3482,-31.0884,23.0882,8.59474,47.8473
62574,7753,6183,4113,3533,7781,6193,4016,3459,4478,4122,3608,3392,3614,3595,3300,3078,-14.8453,-18.8875,8.80925,48.1453
62575,3116,3231,3379,3332,3227,3499,3792,3804,3497,3894,5095,5673,3385,4262,8058,10581,29.981,18.6737,8.87667,47.8833
62576,3302,3903,5041,6005,3507,3970,6318,8700,3368,3703,4625,5613,3244,3372,3814,4036,-7.68032,20.0031,8.54321,48.3473
62577,5208,8710,7037,4416,4463,5604,4986,4067,3653,3791,3816,3509,3297,3330,3388,3221,-23.1893,-2.97247,8.72463,48.3307
62578,3565,3884,3869,3543,4043,5388,5230,3936,4343,6884,6351,4155,3892,4645,4526,3841,4.04,-0.784471,8.74982,48.0633
62579,3164,3392,3524,3710,3390,3730,4247,4704,3387,3993,6478,8417,3446,3979,5711,7218,12.6861,19.4846,8.94108,48.3267
62580,3020,3314,3407,3560,3259,3514,4010,4449,3304,3955,5419,7899,3352,4021,6095,9611,17.637,22.718,8.9955,48.126
62581,3461,3340,3264,3023,4133,3977,3448,3291,6685,5395,3920,3412,10068,7030,4160,3504,21.6729,-20.1581,8.57434,48.074
62582,5152,8793,7337,4314,4387,5165,4814,4120,3615,3862,3759,3425,3215,3397,3361,3299,-33.8733,-2.6372,8.73497,48.01
62583,3107,3237,3611,3511,3350,3730,4295,4334,3503,4419,6564,6614,3484,4493,7084,7075,15.7777,14.27,8.92075,48.274
62584,3226,3373,3551,3697,3439,3583,4412,4825,3360,4260,6727,7464,3546,4171,5837,6662,12.5628,17.1219,8.66014,48.0887
62585,3645,4811,8987,8619,3527,4191,5305,5334,3308,3489,3735,3845,3122,3308,3446,3385,-28.0186,14.2885,8.63724,48.038
62586,3085,3236,3280,3330,3258,3701,3858,3847,3616,4217,5622,5551,3675,4747,8615,7996,23.4958,13.6831,8.63854,47.756
62587,12327,6340,3927,3435,6154,4835,3841,3399,4029,3796,3492,3264,3438,3314,3210,3134,-29.6492,-26.2693,8.50818,47.9567
62588,3210,3411,3565,3381,3340,3660,4126,3851,3704,4713,6501,5091,3793,5394,8634,6185,19.1202,8.3724,8.83206,48.3727
62589,3303,3549,3591,3479,3568,3944,4511,4055,3943,5456,7759,5099,3959,4894,6411,4989,12.3581,6.36436,8.5051,48.34
62590,4456,4292,3632,3257,6611,5974,4081,3438,6981,6180,3937,3437,4564,4413,3713,3440,0.608507,-17.098,8.79372,48.2707
62591,3214,3260,3364,3217,3363,3703,3735,3655,3690,4504,5175,4754,3957,6054,9883,5973,33.2022,6.89814,8.75336,47.6673
62592,4784,4212,3525,3212,8153,5208,3809,3332,7880,5221,3743,3356,4696,4161,3539,3301,-0.254528,-24.4338,8.71023,48.088
62593,3321,3663,3946,3834,3457,4476,5635,4852,3600,4803,8287,5702,3539,3938,4829,4600,4.75865,9.25219,8.91175,48.3213
62594,3368,4004,6418,12312,3341,3745,4710,6084,3139,3416,3760,3959,3128,3165,3367,3425,-30.3384,25.5469,8.68784,47.5607
62595,3985,5116,6997,5207,3938,5117,7488,5194,3591,3979,4307,3887,3251,3429,3554,3491,-14.2487,6.93528,8.74016,48.354
62596,3170,3262,3543,3687,3330,3594,4362,4756,3522,4063,6166,8021,3394,4133,5819,7276,13.3315,18.9667,8.71073,48.0653
62597,10468,7716,4288,3465,6020,5111,3906,3433,3884,3888,3488,3136,3424,3405,3152,3033,-25.6505,-19.211,8.62975,47.878
62598,3359,3535,4051,4069,3391,3995,5676,5746,3574,4143,7044,6912,3411,3868,4729,4925,4.08517,15.0351,8.71863,48.2853
62599,4863,4285,3552,3311,8599,5039,3879,3361,8037,4832,3705,3380,4608,4068,3455,3172,-0.982338,-29.4313,8.90828,48.0973
62600,3410,3301,3274,3231,3685,3840,3556,3342,5403,5326,4100,3545,8495,9150,4648,3547,31.8472,-14.1909,8.81679,47.902
62601,3099,3323,3328,3309,3582,3634,3949,3692,3945,4549,5179,4592,4053,6411,9517,5560,33.8468,5.33388,8.6533,47.8147
62602,5159,5592,4123,3559,6461,7920,4469,3595,4671,5135,3850,3439,3755,3848,3451,3220,-8.14344,-12.2837,8.95423,48.1647
62603,11586,6964,4061,3412,5802,4873,3746,3291,3965,3769,3492,3170,3429,3359,3282,3137,-33.6771,-21.8679,8.73749,47.5587
62604,6233,4690,3679,3305,9940,5246,3774,3342,6092,4437,3609,3266,4031,3776,3464,3113,-6.94818,-28.2185,8.86505,47.998
62605,3189,3298,3434,3366,3479,3776,3762,3665,3948,4844,5768,4503,4268,6625,8813,5439,22.0433,4.40168,8.89223,48.118
62606,3129,3198,3416,3470,3207,3426,3810,4033,3310,3828,5011,6162,3408,4085,6979,11265,25.7142,22.0508,8.66364,47.8247
62607,3356,3572,3546,3426,3955,4434,4249,3704,4561,7073,6459,4122,4503,5855,5573,4132,11.6136,-1.68775,8.70339,48.3467
62608,3112,3205,3404,3322,3229,3531,3802,3935,3434,3815,4796,6793,3465,4021,6022,12087,23.6248,31.8273,8.85689,47.982
62609,4204,4663,4071,3612,4963,7474,4852,3721,4798,6307,4646,3731,3845,4132,3784,3443,-2.17545,-7.32189,8.59305,48.164
62610,3247,3390,3759,3742,3383,3788,4923,5136,3530,4264,7247,7687,3416,4056,5266,5641,7.9728,16.1169,8.86587,48.3167
62611,3757,3738,3207,3213,5389,4282,3603,3261,9842,5388,3675,3352,7381,5133,3868,3287,10.8318,-25.939,8.91293,48.2507
62612,3371,4236,7648,10929,3314,3883,4922,5796,3214,3349,3847,3861,3041,3240,3398,3522,-33.0129,19.7291,8.84875,47.714
62613,4610,6976,6623,4609,4262,6068,5861,4201,3589,4159,4019,3652,3293,3377,3484,3367,-17.3689,-0.866896,8.66796,48.1
62614,3039,3247,3384,3376,3289,3521,3844,3915,3548,4025,5499,5805,3543,4633,8633,8846,23.5894,15.4232,8.93511,48.098
62615,3108,3288,3361,3370,3267,3365,3816,3889,3365,3835,4876,5890,3378,4137,7050,11597,32.2327,21.3803,8.93992,47.728
62616,4574,4346,3655,3317,6999,6071,3993,3485,7002,5848,3899,3409,4480,4332,3732,3432,-0.260207,-17.8881,8.52481,48.3827
62617,3220,3287,3244,3200,3521,3732,3808,3578,4153,4963,5134,4208,4773,7822,8475,4860,26.21,0.756441,8.9585,47.9853
62618,3334,3640,4437,5528,3356,3792,5046,9387,3366,3675,4755,6927,3168,3494,3839,4263,-4.13626,30.1446,8.69505,48.0047
62619,3584,3575,3210,3143,4539,4016,3492,3328,8713,5130,3917,3311,9314,5436,3865,3305,15.6817,-31.3399,8.76322,47.9187
62620,3596,3571,3361,3171,4485,4175,3606,3446,7891,5827,4069,3411,8292,6311,4017,3429,15.8654,-19.5511,8.98368,48.4387
62621,5023,5175,4105,3495,6578,7875,4428,3612,4936,5400,3888,3423,3894,3862,3461,3268,-6.1334,-12.6878,8.97153,48.282
62622,3674,5045,9070,7688,3499,4247,5579,5389,3321,3534,3989,3828,3119,3262,3371,3265,-24.1141,12.793,8.57279,47.92
62623,3264,3337,3336,3202,3761,3928,3816,3540,4790,6407,5085,3885,5486,8350,5858,4076,18.8397,-5.90741,8.9042,48.0807
62624,3142,3536,4133,4370,3432,3826,5334,6951,3349,3874,5841,8056,3252,3670,4331,4987,2.35587,20.5101,8.90566,48.056
62625,8695,9252,4758,3635,5266,5220,4137,3564,3750,3800,3488,3257,3377,3409,3170,3003,-30.9582,-14.1081,8.79111,47.854
62626,3876,4866,5741,4562,3890,5734,7894,4966,3698,4213,4708,4129,3451,3524,3675,3473,-9.45608,4.87063,8.61666,48.2667
62627,3763,4125,4007,3633,4356,6209,5410,3959,4418,6700,5668,3979,3988,4518,4256,3690,1.54054,-2.81603,8.6947,48.4527
62628,3392,3422,3258,3103,3989,3722,3484,3328,5926,4834,3857,3295,12073,6697,3991,3371,30.9288,-24.4941,8.54648,47.828
62629,3246,3471,3910,4117,3326,3798,4783,7143,3380,3793,4984,9398,3325,3542,4397,5267,3.7055,33.5443,8.91188,47.92
62630,3479,3956,4566,4316,3550,4690,7244,5468,3546,4438,6631,5108,3410,3706,4224,4071,-1.40599,9.78246,8.87152,48.2687
62631,3440,3397,3227,3046,4275,4084,3491,3251,7546,5456,3976,3366,9868,6281,3983,3445,18.6437,-22.6894,8.75586,48.088
62632,3266,3402,3949,4319,3361,3683,4793,6989,3364,3915,5406,8913,3318,3721,4349,5290,3.07135,24.6683,8.53171,48.0253
62633,3307,3954,6380,12672,3324,3703,4692,6120,3271,3450,3831,3848,3080,3237,3337,3331,-32.6198,26.188,8.93385,47.6913
62634,10917,7550,4164,3524,6151,5089,3842,3317,3867,3819,3526,3181,3428,3316,3221,3044,-26.1512,-20.2471,8.70668,47.9707
62635,3994,4224,3802,3484,4973,6601,4576,3707,5129,7033,4859,3714,4129,4446,4013,3471,1.12569,-7.37547,8.55817,48.1033
62636,3174,3318,3397,3374,3300,3379,3717,3836,3401,3712,4589,5747,3431,3874,5893,12493,33.0909,33.415,8.88575,47.09
62637,3580,3648,3682,3386,4294,4987,4272,3567,4988,8018,5577,3936,4675,5463,4576,3758,8.5489,-6.03309,8.5066,48.2713
62638,4204,3967,3446,3116,5983,5222,3874,3425,7947,6564,4059,3499,5168,4689,3720,3321,4.25996,-18.2152,8.62687,48.136
62639,3492,3470,3300,3114,4374,4429,3661,3434,6638,7226,4439,3559,6467,6627,4397,3532,13.9192,-13.5734,8.79165,48.106
62640,3551,3499,3352,3149,4746,4133,3571,3204,8758,5328,3874,3563,8490,5577,3861,3478,14.6552,-24.7885,8.56498,48.0893
62641,5786,8678,5892,4031,4934,6231,4775,3867,3719,3939,3674,3546,3335,3403,3367,3134,-20.5848,-6.38636,8.52861,48.2073
62642,10229,6762,4061,3373,7042,5257,3955,3495,4162,3839,3422,3242,3450,3422,3189,3093,-20.5949,-21.5602,8.96476,47.9953
62643,3465,4025,6485,10937,3399,3895,5176,7036,3175,3461,3886,4206,3001,3250,3404,3329,-21.3687,23.7824,8.62162,48.0867
62644,12436,5870,4030,3345,6422,4757,3777,3394,3909,3765,3374,3286,3346,3456,3291,3141,-26.0321,-32.0828,8.72665,47.7327
62645,3463,3399,3385,3153,4097,3895,3577,3158,6577,5266,3837,3401,9805,7145,4230,3525,21.6125,-19.4974,8.86542,47.942
62646,3811,4112,3785,3493,4646,5964,4531,3610,5187,7674,4984,3786,4218,4668,4035,3574,3.45974,-7.79732,8.82692,48.052
62647,3407,3826,6059,12600,3420,3702,4815,5877,3299,3465,3833,3894,3157,3238,3393,3394,-29.6147,31.1206,8.73622,47.586
62648,3343,3907,5364,9406,3358,3863,5053,8861,3284,3555,3944,4557,3185,3222,3481,3639,-15.811,29.1413,8.86056,48.0147
62649,3458,3895,3694,3535,3934,4915,5333,4070,4241,6417,6942,4412,3908,4482,4717,4087,5.02804,1.06771,8.61738,48.0267
62650,4720,3970,3505,3217,7806,4835,3606,3169,8443,5097,3860,3396,4954,4246,3688,3247,0.781216,-27.7338,8.54888,47.8393
62651,4436,4081,3650,3209,6856,5143,3755,3330,8632,5619,3915,3270,5223,4416,3635,3372,2.9798,-22.4185,8.72719,48.3613
62652,3161,3269,3393,3232,3543,3714,3835,3575,3913,4743,5147,4375,4400,7327,9202,5226,28.2539,2.9155,8.70048,48.0367
62653,11795,6170,3995,3314,6840,4998,3748,3293,4160,3891,3426,3132,3355,3508,3250,3053,-22.9397,-25.6465,8.81876,47.952
62654,5500,4541,3601,3248,9279,5262,3776,3346,6914,4654,3662,3298,4327,4010,3493,3243,-3.98888,-26.2125,8.65734,48.1027
62655,3102,3370,3739,3884,3290,3602,4511,5919,3357,3748,5140,9692,3309,3824,4900,6401,8.05525,32.3586,8.54591,47.8587
62656,3064,3211,3331,3378,3272,3566,3822,3812,3492,4081,5156,5439,3544,4711,9057,8644,27.5895,14.4647,8.67781,47.72
62657,4285,6390,7097,4892,4122,5792,6475,4411,3592,4012,4116,3763,3255,3526,3350,3410,-16.8642,1.78062,8.92589,48.3253
62658,3114,3349,3395,3209,3524,3751,3813,3508,4297,5249,4955,4135,4939,8556,7724,4637,26.1371,-1.33051,8.50187,48.1033
62659,12229,6311,3980,3370,6173,4800,3759,3423,3945,3768,3465,3242,3332,3462,3243,3171,-33.694,-25.3143,8.7221,47.782
62660,3421,4032,6866,10677,3455,3920,5303,6935,3246,3409,3850,4090,3076,3185,3419,3282,-21.3914,21.4643,8.93334,48.1107
62661,3772,5358,8589,5832,3726,4684,6473,5005,3518,3740,4142,3781,3146,3433,3478,3320,-19.0525,7.99765,8.58412,47.998
62662,10703,7741,4085,3435,5778,5013,3913,3364,3919,3799,3577,3232,3349,3420,3247,3151,-32.6464,-19.4958,8.6682,47.8173
62663,3414,3796,4825,4762,3555,4254,7193,6673,3391,4171,5656,5601,3470,3624,4080,4193,-3.55474,13.8519,8.73073,48.4387
62664,4808,4315,3573,3263,7801,5618,3970,3452,7426,5442,3887,3360,4599,4090,3525,3224,-0.916462,-20.8763,8.79107,48.2353
62665,3497,3900,6131,12240,3252,3757,4777,6616,3279,3419,3815,3923,3142,3257,3313,3371,-24.7514,28.7724,8.74986,47.7927
62666,8963,5383,3817,3401,8754,5214,3773,3359,4674,4054,3460,3318,3592,3458,3399,3083,-14.9086,-26.7448,8.57462,47.8013
62667,6704,4949,3759,3340,9638,5584,3785,3425,5629,4367,3609,3365,3932,3620,3310,3074,-8.9805,-25.1656,8.88162,48.06
62668,3568,3577,3319,3134,4409,4356,3610,3437,7244,7013,4284,3444,6560,6523,4303,3629,13.7903,-15.2806,8.82971,48.2733
62669,3145,3363,3796,3931,3315,3671,4415,5720,3358,3895,5694,9470,3317,3791,4982,6370,8.28604,24.9007,8.67378,48.1553
62670,4309,4486,3783,3469,5397,6781,4435,3575,5343,6871,4542,3616,4195,4236,3777,3457,-0.394902,-10.3113,8.5359,48.1813
62671,3278,3840,4993,7408,3332,3904,5638,9567,3270,3632,4381,5113,3067,3384,3702,3667,-11.2696,25.2444,8.7216,48.1173
62672,3232,3426,3940,4153,3329,3771,4887,6629,3346,3817,5562,8908,3319,3823,4495,5377,4.0903,23.657,8.57476,48.0093
62673,3598,4479,7677,8540,3484,4121,5845,6208,3331,3587,3970,4031,3077,3297,3371,3313,-20.2273,16.2078,8.74512,47.9527
62674,12567,6088,3941,3385,6244,4719,3711,3354,3943,3753,3350,3233,3369,3338,3276,3205,-28.1157,-30.2608,8.76539,47.6507
62675,11348,6294,3963,3453,6803,5000,3663,3389,4001,3807,3534,3156,3596,3445,3310,3149,-22.7774,-25.1927,8.54937,47.9407
62676,3464,3406,3199,3056,4308,4008,3452,3301,7719,5155,3850,3348,10369,5890,3989,3334,19.0639,-25.3345,8.59977,47.8987
62677,3347,3409,3406,3162,3782,3926,3774,3435,4895,6249,4623,3809,5869,9103,5772,3960,21.0836,-7.28484,8.91808,48.3473
62678,3044,3279,3455,3589,3187,3432,4002,3995,3454,3952,5392,6372,3497,4323,7501,9586,21.32,18.337,8.8882,48.04
62679,3313,3836,5309,7263,3399,3981,5771,9195,3269,3567,4242,5061,3133,3254,3596,3817,-11.2274,22.3995,8.98913,48.004
62680,5638,8875,6324,4066,4585,5832,4815,3951,3744,3822,3736,3498,3299,3319,3319,3199,-21.2447,-5.09327,8.8976,48.0147
62681,4195,5569,5782,4310,4327,6506,7037,4434,3692,4276,4522,3854,3416,3585,3547,3343,-11.7656,0.81768,8.85426,48.2633
62682,3276,3357,3289,3169,3793,3893,3705,3470,4808,5849,4530,3707,6191,9359,5859,3913,23.2207,-7.65487,8.83926,48.112
62683,3257,3944,5114,5450,3567,4083,6958,7773,3388,3863,4932,5334,3230,3389,3794,3927,-7.10317,16.4088,8.5706,48.002
62684,12367,6241,3915,3415,5969,4857,3752,3349,3963,3774,3436,3238,3366,3452,3166,3150,-33.564,-26.039,8.75097,47.6067
62685,5661,4512,3683,3209,9689,5153,3862,3388,6480,4614,3746,3261,4067,3893,3400,3193,-5.392,-33.6465,8.88385,47.874
62686,4759,5983,4819,3748,5147,7944,5431,3922,4038,4929,4086,3522,3529,3641,3495,3361,-10.1628,-6.06588,8.61732,48.236
62687,3354,3875,5583,9625,3408,3743,5245,8502,3159,3467,3979,4624,3216,3218,3435,3595,-16.4133,27.3359,8.7002,48.0187
62688,3313,3388,3277,3159,3776,3773,3658,3550,4424,5114,4816,3964,5374,9324,7010,4311,29.1926,-3.63419,8.61169,48.154
62689,3057,3239,3499,3463,3314,3533,4115,4310,3619,4162,6229,6628,3559,4498,7230,7892,17.3477,15.9924,8.90822,48.2313
62690,4036,4432,4215,3637,4581,6947,5526,3851,4396,6264,5105,3875,3869,4226,3967,3481,-1.61258,-3.644,8.68969,48.272
62691,3277,3431,3282,3197,3663,3900,3905,3548,4297,5683,5655,4179,4560,7525,7318,4530,19.7203,-0.424325,8.85366,47.9667
62692,3155,3187,3288,3351,3293,3597,3786,3785,3665,4442,5192,4696,3968,5846,9940,6352,31.8991,7.66604,8.92985,47.6953
62693,3162,3177,3506,3458,3250,3521,4133,4390,3465,3978,5658,7334,3441,4191,6431,9167,17.9523,20.5089,8.69925,48.1747
62694,3366,3386,3235,3145,3994,3773,3467,3270,6292,4675,3773,3301,12539,6012,3958,3368,28.0503,-28.4351,8.50607,47.7027
62695,3155,3407,3449,3245,3426,3951,4150,3813,4233,5520,6476,4591,4264,6147,7552,4996,16.8728,3.22336,8.99324,48.25
62696,3096,3256,3556,3479,3186,3505,3979,4232,3355,3841,5074,7545,3446,3899,6049,10701,19.9084,24.9232,8.81409,48.1327
62697,3259,3524,3982,4261,3415,3952,5359,6465,3457,3950,6279,7670,3387,3663,4497,5000,3.05339,18.11,8.75852,48.08
62698,4751,8361,8247,4762,4220,5011,4932,4175,3502,3697,3705,3560,3221,3367,3385,3278,-29.5282,0.250551,8.79937,48.116
62699,3306,3339,3295,3263,3900,3701,3440,3196,6392,4770,3686,3443,12348,6014,3880,3316,25.5342,-31.631,8.83645,47.526
62700,3152,3395,3459,3512,3134,3552,3951,4610,3360,3924,5361,8554,3411,3880,5498,9300,15.8559,25.8269,8.69754,48.0353
62701,3105,3427,3715,4162,3270,3782,4421,5881,3375,3920,5476,9788,3352,3699,4691,6447,7.73951,25.5564,8.54978,48.3407
62702,3622,4745,8209,7544,3475,4253,6177,5827,3357,3601,3968,3978,3098,3326,3439,3370,-20.0769,13.442,8.63612,47.9927
62703,4051,5092,5867,4573,4059,5910,7803,4799,3587,4251,4658,4017,3370,3583,3588,3385,-10.7199,3.71881,8.96639,48.3953
62704,3156,3229,3362,3324,3347,3473,3807,4158,3277,3729,4940,7150,3391,3921,5843,11477,21.2701,30.8087,8.87925,47.7227
62705,5027,8842,7360,4537,4280,5023,4809,4120,3690,3804,3761,3436,3348,3501,3372,3201,-32.8931,-2.02212,8.5944,48.074
62706,4373,5191,4993,4069,4598,7349,6576,4159,3808,4790,4512,3702,3560,3642,3533,3513,-9.2978,-1.42166,8.53671,48.2453
62707,4832,5206,4120,3543,6101,7979,4720,3654,4729,5270,3949,3454,3823,3812,3547,3302,-6.78983,-10.6645,8.88626,48.0273
62708,3506,4104,7151,10985,3537,3870,5015,6109,3226,3470,3930,3940,3076,3138,3391,3436,-25.3944,20.5409,8.82831,47.9227
62709,3379,3710,4222,4297,3474,4064,6128,6217,3320,4080,6557,6741,3277,3801,4358,4632,1.20854,15.6084,8.63192,48.1713
62710,4852,8492,7992,4625,4119,4847,4903,4185,3512,3813,3773,3580,3369,3435,3318,3227,-32.4337,-0.509087,8.66213,48.028
62711,4051,5724,9824,6435,3686,4374,5540,4758,3272,3597,3877,3735,3161,3298,3378,3259,-24.9013,7.99795,8.97544,47.9793
62712,4918,6907,5931,4292,4707,6939,5701,4059,3778,4142,4065,3581,3264,3451,3486,3279,-15.4181,-3.50533,8.50879,48.3333
62713,3494,3424,3254,3142,3953,3725,3417,3141,6072,4734,3838,3344,12328,6322,3907,3324,31.3663,-26.5831,8.6226,47.6127
62714,4713,7752,7741,4700,4361,5388,5426,4250,3599,3807,3824,3467,3352,3360,3269,3333,-21.5586,0.150248,8.83092,48.228
62715,4487,6300,5868,4282,4407,6759,6344,4268,3740,4179,4151,3644,3437,3606,3502,3260,-13.9169,-0.943794,8.89236,48.156
62716,3078,3325,3503,3545,3164,3506,3982,4474,3427,3913,5170,8685,3533,3834,5599,9245,15.894,33.2065,8.95167,47.9887
62717,4080,3759,3444,3177,6300,4654,3770,3300,9770,5528,3823,3309,5982,4694,3639,3312,6.41892,-24.9305,8.99708,48.3607
62718,4317,4278,3714,3315,6034,6376,4218,3507,6338,6795,4241,3516,4398,4509,3737,3292,0.824789,-13.9574,8.87842,48.39
62719,3414,3915,5385,8306,3409,3944,5639,8942,3211,3657,4145,4755,3178,3300,3430,3729,-13.7889,23.76,8.93972,48.2393
62720,3046,3320,3635,3617,3233,3674,4437,4981,3444,3967,6258,8520,3368,4080,5662,7040,12.0857,19.8391,8.67618,48.188
62721,3542,4250,5441,5128,3582,4773,7872,6325,3421,3898,5093,4739,3273,3489,3866,3770,-7.97723,11.6651,8.642,48.308
62722,3133,3401,3839,3936,3265,3617,4820,5903,3311,3898,6116,9164,3385,3765,4712,5872,7.10737,21.1249,8.87716,48.0913
62723,3282,3953,6262,12330,3223,3837,4836,6223,3215,3491,3887,3866,3168,3300,3361,3322,-26.8389,26.7456,8.72416,47.704
62724,4926,4197,3629,3208,8736,5012,3731,3223,7823,4914,3756,3380,4621,4061,3513,3204,-1.42758,-28.6602,8.6983,47.956
62725,3537,4025,4953,4784,3564,4666,7576,6178,3545,4005,5503,4979,3282,3666,4024,3967,-5.03298,11.8964,8.5408,48.1693
62726,3425,3654,3971,3870,3514,4308,5634,4641,3692,4700,7991,5818,3539,4106,5022,4570,5.33502,9.35576,8.8868,48.3033
62727,4176,3827,3412,3203,6583,4744,3571,3282,9458,5431,3882,3373,5647,4464,3700,3202,4.75525,-26.2086,8.85018,47.97
62728,3549,3926,4963,5150,3564,4226,7454,7127,3369,3867,5140,5174,3202,3509,3949,3942,-6.66147,14.6259,8.9852,48.074
62729,3368,3390,3223,3098,3893,3854,3456,3351,5347,5397,4123,3518,8257,9236,4903,3644,26.8829,-13.4286,8.60803,48.0387
62730,3279,3413,3339,3203,3579,3754,3801,3496,4177,4899,4795,3931,4992,8348,8071,4709,30.0802,-0.27418,8.60393,47.8573
62731,3225,3265,3333,3298,3196,3414,3833,3906,3491,3891,5055,5837,3367,4223,7431,11151,29.8191,20.6445,8.62019,47.944
62732,3164,3290,3369,3413,3194,3475,3838,3887,3498,3888,4973,5715,3419,4102,7589,10909,30.8257,19.8116,8.83543,47.8153
62733,5673,4533,3679,3303,9542,5371,3795,3309,6632,4615,3675,3287,4223,3824,3521,3252,-5.07698,-27.1894,8.67035,48.156
62734,3180,3259,3742,3701,3335,3627,4237,5381,3343,3782,5107,9638,3412,3776,5062,7397,10.9263,31.0795,8.82865,47.986
62735,5458,4622,3653,3311,9019,5604,3754,3321,6964,4893,3757,3262,4238,3958,3479,3137,-4.02999,-23.9009,8.67547,48.2867
62736,3157,3557,3749,3831,3421,3779,4907,4891,3534,4535,7549,6909,3377,4008,5330,5436,8.24278,13.9306,8.50039,47.98
62737,3369,3753,4406,4479,3381,4230,6758,6455,3414,4042,6273,6217,3275,3707,4299,4359,-0.720851,14.8129,8.94527,48.278
62738,4421,4134,3536,3258,7184,5203,3795,3308,8194,5707,3865,3467,5018,4321,3523,3252,1.92775,-21.6605,8.62034,48.124
62739,3636,3547,3228,3051,4640,4085,3523,3239,9296,5128,3804,3361,8731,5348,3747,3442,14.4531,-31.1903,8.92739,47.8707
62740,3175,3355,3334,3430,3239,3430,3785,3974,3353,3805,4738,5883,3390,3881,5999,12398,33.1724,27.6866,8.64671,47.446
62741,3357,3965,5575,7871,3397,4009,5788,8709,3243,3592,4264,4799,3134,3331,3507,3574,-13.1945,21.9786,8.85418,48.0767
62742,3090,3251,3403,3368,3219,3469,3902,3967,3424,3844,4993,7049,3331,4054,6175,11245,21.7616,26.1069,8.66227,47.856
62743,4778,6876,5723,4027,4671,7194,5821,4099,3805,4126,4044,3647,3433,3587,3528,3211,-14.504,-3.4811,8.87313,48.38
62744,3291,3706,4360,5063,3329,3908,5623,8410,3263,3776,5064,7141,3180,3514,3997,4379,-2.09983,22.0692,8.87818,48.0027
62745,3304,3337,3205,3125,3868,3658,3386,3340,6191,4802,3661,3347,12763,6053,3975,3510,27.0999,-30.643,8.55498,47.6833
62746,4932,4289,3462,3228,8453,5236,3678,3173,7923,4967,3625,3261,4746,4180,3565,3304,-0.797173,-25.8836,8.79607,48.0147
62747,3029,3308,3307,3549,3196,3420,3787,3994,3466,3948,5095,5600,3473,4330,8101,10091,27.3894,17.9455,8.74153,47.796
62748,3125,3180,3472,3383,3387,3718,3998,3954,3670,4392,6052,5312,3860,4965,8694,7197,20.982,11.5054,8.88774,48.2393
62749,6746,9884,5618,3827,4929,5414,4352,3663,3843,3889,3655,3258,3222,3443,3241,3277,-33.2543,-8.73253,8.74095,48.174
62750,3271,3545,4144,4350,3301,3701,5162,6572,3365,4001,6306,8014,3310,3748,4578,5019,3.09297,19.3069,8.90148,48.258
62751,3172,3153,3406,3452,3351,3394,3762,3971,3467,3854,4874,5928,3361,4210,7352,11232,28.1158,20.6805,8.60757,47.9593
62752,3292,3375,3276,3164,3732,3825,3655,3390,4683,5110,4459,3793,6280,9992,5794,3985,33.3387,-7.49993,8.94794,47.87
62753,3126,3314,3660,3778,3201,3578,4315,5212,3504,3939,5717,9471,3418,3821,5089,7202,10.6895,23.9573,8.63973,48.23
62754,3464,3374,3275,3030,4382,3932,3465,3145,7215,5309,3886,3394,10181,6393,4106,3320,19.6731,-22.4494,8.81603,47.914
62755,3286,3338,3330,3283,3725,4075,3888,3535,4582,6297,5228,3984,5170,7915,6289,4363,18.8727,-3.4784,8.77408,48.192
62756,3144,3423,3763,3780,3426,3806,4966,4971,3428,4274,7106,7640,3514,3958,5188,5748,8.21133,16.2812,8.86055,48.09
62757,3463,4163,6212,5871,3447,4386,7729,6674,3476,3706,4637,4556,3172,3430,3619,3696,-11.2388,13.2118,8.82029,48.158
62758,3417,3561,3317,3048,4251,4323,3564,3334,6465,6693,4238,3540,7041,7249,4512,3661,16.5476,-14.4082,8.89354,48.1427
62759,4096,3988,3696,3329,5540,5962,4028,3535,6427,7421,4470,3551,4669,4662,3824,3400,3.36772,-13.0221,8.81052,48.3987
62760,5192,8981,7372,4324,4367,5058,4747,3952,3633,3652,3808,3525,3252,3349,3320,3305,-32.5829,-2.65867,8.89827,47.8913
62761,5656,6553,4600,3721,5926,7897,4633,3714,4245,4446,3726,3472,3542,3667,3357,3252,-12.4523,-10.3161,8.84506,48.2713
62762,7191,9627,5161,3719,4998,5271,4258,3630,3941,3900,3533,3348,3449,3445,3273,3166,-33.7588,-10.6745,8.5419,47.94
62763,10992,6959,4082,3469,6558,5170,3640,3434,3971,3892,3478,3146,3428,3448,3185,3132,-23.9078,-21.7744,8.88704,47.9893
62764,3657,3923,3960,3631,4015,5642,5689,4062,4287,6603,6288,4163,3780,4358,4308,3748,2.24261,-0.547118,8.87077,48.076
62765,3267,3456,4036,4696,3222,3699,4706,7684,3385,3771,5084,8876,3348,3619,4279,5109,1.54052,29.3905,8.96024,48.158
62766,3296,3240,3212,3148,3860,3775,3401,3232,6032,4757,3791,3440,12448,5976,4054,3419,27.5634,-33.6153,8.57786,47.3873
62767,3986,4057,3544,3399,5159,5853,4079,3539,6142,7571,4463,3509,4661,4688,3989,3447,3.8168,-11.9621,8.71824,48.0573
62768,3377,4053,5960,8998,3415,3949,5450,8055,3265,3537,4005,4407,3115,3248,3439,3563,-16.4471,22.887,8.57889,47.8907
62769,3483,3844,4815,4659,3619,4495,7591,6040,3497,4081,5933,5044,3385,3599,4057,4008,-3.94075,11.3636,8.85006,48.1
62770,6148,9675,6120,4018,4685,5396,4602,3853,3629,3866,3584,3442,3352,3393,3366,3263,-25.7386,-6.42222,8.86232,48.2613
62771,3193,3671,4533,6094,3346,3710,5106,9999,3209,3688,4525,6345,3180,3447,3647,4044,-6.18317,30.1737,8.93493,47.8247
62772,3357,3965,5669,10087,3326,3863,5133,8169,3316,3486,3917,4356,3163,3234,3371,3465,-17.8373,32.3987,8.92626,47.918
62773,5017,8558,7398,4359,4284,5346,5139,4019,3720,3739,3689,3619,3337,3296,3402,3248,-24.8097,-2.09529,8.56859,48.1133
62774,3685,4793,7979,6727,3712,4520,6668,5753,3354,3711,3992,3855,3252,3327,3418,3412,-17.8429,11.8649,8.87598,48.1053
62775,3151,3406,3364,3459,3226,3528,3789,3924,3491,3956,5203,6084,3579,4225,7595,10185,25.0602,18.9249,8.69337,48.11
62776,4390,4061,3464,3198,7021,4933,3745,3283,8703,5441,3835,3369,5262,4487,3649,3209,3.56415,-24.3638,8.55945,48.0333
62777,3393,4216,6538,7537,3553,4151,6448,7042,3189,3730,4185,4311,3184,3297,3617,3609,-15.2117,16.8334,8.5015,48
62778,3220,3548,4122,4644,3430,3810,4834,7863,3388,3681,5063,8356,3276,3480,4186,4805,1.04759,33.6073,8.75309,47.804
62779,3449,3667,4385,4780,3342,3899,5924,7425,3445,3902,5663,6774,3240,3650,4044,4508,-1.34121,18.7706,8.5805,48.0647
62780,4456,4000,3414,3144,7301,4706,3812,3234,9103,5330,3714,3349,5466,4426,3620,3395,2.96619,-26.7056,8.70063,48.3133
62781,3139,3361,3713,3922,3341,3671,4717,5008,3470,4240,6873,7913,3335,3905,5447,5970,9.27471,17.0466,8.75782,48.0167
62782,3502,3536,3354,3140,4254,4383,3720,3386,6233,7211,4554,3578,6184,7004,4526,3636,14.5616,-12.8886,8.9596,48.134
62783,3165,3230,3671,3846,3317,3727,4276,5142,3381,3923,5816,8984,3416,3905,5311,7353,11.7393,22.3716,8.60516,48.3087
62784,3277,3726,4133,4363,3474,4026,6124,6420,3458,4002,6499,6718,3325,3694,4403,4603,1.01782,16.0474,8.96858,48.1633
62785,3804,3742,3406,3148,5214,4654,3576,3245,8820,6098,3966,3515,6540,5157,3870,3456,9.62852,-20.3705,8.62499,48.1407
62786,3128,3351,3762,3947,3405,3515,4464,6083,3328,3798,5060,10205,3212,3758,4701,6042,6.95677,31.8727,8.96077,47.8393
62787,3055,3381,3654,3693,3264,3602,4194,5333,3423,3734,5125,9632,3357,3816,5199,7434,11.0805,29.0878,8.54411,47.9307
62788,3077,3238,3310,3430,3080,3389,3768,4039,3256,3753,4927,6298,3373,4157,6614,11961,25.3543,24.0486,8.7551,47.78
62789,3419,3886,5281,5556,3506,4249,7429,7266,3345,3794,5026,5369,3116,3532,3865,3856,-7.35324,15.1083,8.95965,48.33
62790,3354,3911,5999,10737,3370,3714,4926,7584,3295,3479,3930,4140,3131,3205,3502,3568,-19.5367,26.8211,8.97374,47.8967
62791,3402,3508,3349,3176,3905,3802,3564,3193,5153,5285,4237,3593,7742,9370,4930,3757,33.0958,-12.2383,8.52971,47.9773
62792,3975,4760,4916,4087,4274,6801,6957,4345,4047,4964,5018,3908,3623,3712,3729,3482,-6.86371,0.278483,8.65869,48.3987
62793,3377,3570,3550,3334,3993,4496,4188,3680,4650,7531,6077,4127,4562,5855,5249,3997,10.9806,-2.9537,8.83171,48.1573
62794,2991,3279,3587,3563,3302,3448,4037,4330,3458,3835,5727,8165,3417,4012,6177,8762,16.2347,21.4105,8.99925,48.06
62795,3163,3247,3374,3406,3377,3735,3903,3740,3797,4424,5140,4606,4032,5858,9840,6483,30.5623,8.05225,8.69868,48.0833
62796,8190,5300,3868,3240,9536,5257,3725,3422,4701,4189,3550,3324,3605,3523,3301,3116,-13.0711,-31.7607,8.86309,47.898
62797,3204,3368,3330,3267,3350,3701,3787,3769,3752,4568,5649,4597,4092,6277,9251,6039,24.1253,6.54675,8.64965,48.0007
62798,12456,6014,3972,3448,5779,4703,3694,3348,3827,3759,3533,3141,3364,3460,3318,3099,-31.5519,-32.8138,8.53462,47.2767
62799,3245,3515,3974,4281,3318,3766,4807,7243,3463,3861,5049,9191,3271,3590,4403,5212,3.14104,32.2052,8.7221,48.126
62800,3784,4535,6044,4828,3839,5218,8049,5311,3597,4075,4957,4089,3372,3547,3723,3530,-10.6542,7.7269,8.62553,48.332
62801,3374,3419,3327,3176,3900,3899,3621,3362,5165,5768,4357,3603,6990,9191,5329,3797,22.3038,-10.3278,8.59562,48.1853
62802,5183,4348,3703,3374,8965,5199,3817,3488,7182,4778,3706,3206,4294,4018,3402,3351,-3.22654,-33.5998,8.52745,48.0093
62803,3463,3917,6256,12200,3399,3796,4771,6096,3190,3417,3777,3905,3154,3227,3343,3428,-27.3317,27.2394,8.52072,47.5593
62804,3891,5192,7949,5842,3965,4717,6847,5142,3568,3771,4157,3931,3140,3309,3477,3316,-17.4265,8.21294,8.55992,48.1427
62805,3553,3652,3450,3297,4138,4704,4126,3649,5075,7795,5505,3997,4760,5892,4785,3796,10.5358,-5.80523,8.73011,48.116
62806,3673,4045,3876,3445,4394,5773,4693,3755,4841,7589,5603,3931,4243,4765,4217,3810,4.37105,-4.53024,8.88129,48.4353
62807,3213,3310,3411,3303,3424,3641,3854,3635,3723,4531,5150,4656,3974,5860,9847,6359,28.6383,7.6727,8.62288,47.9273
62808,3111,3229,3393,3447,3174,3463,3859,4014,3360,3716,4822,6421,3366,3834,5969,12615,26.4468,29.7814,8.78465,47.862
62809,3383,3408,3312,3179,3832,3734,3420,3295,5855,4644,3807,3466,12505,5928,4057,3376,30.8739,-32.6923,8.7013,47.4673
62810,3233,3710,4929,7276,3342,3759,5350,9765,3326,3569,4232,5405,3203,3311,3749,3900,-10.4295,29.729,8.51737,48.0393
62811,3602,3488,3293,3202,4808,3997,3564,3280,8871,5214,3937,3394,8827,5367,3965,3324,14.8708,-27.5876,8.63403,48.0887
62812,3239,3412,3328,3259,3500,3838,3884,3700,4050,4920,5424,4269,4398,7289,8758,5155,24.0073,2.49045,8.64711,48.282
62813,3258,3183,3334,3430,3176,3536,3904,3863,3459,3809,4926,5881,3359,4117,7152,11441,31.9282,21.3432,8.70772,47.8853
62814,5018,7564,6090,3995,4651,6496,5299,4052,3656,4143,3994,3629,3342,3478,3335,3238,-17.1073,-3.88528,8.60267,47.9867
62815,3303,3924,6115,11972,3338,3910,4740,6626,3246,3414,3823,3971,3069,3206,3417,3385,-24.1876,27.437,8.68115,47.6393
62816,3377,3587,3926,3829,3632,4409,5719,4528,3793,5324,7963,5275,3702,4257,4971,4444,5.2264,7.61616,8.54466,48.4907
62817,4615,7036,6782,4352,4289,5990,5802,4329,3632,4030,3975,3709,3291,3495,3391,3288,-17.4905,-0.616242,8.8111,48.004
62818,3237,3564,4338,5026,3347,3639,4938,8946,3270,3689,4647,7772,3144,3693,4043,4517,-1.95641,28.7255,8.8607,47.8733
62819,3461,3417,3174,3044,4087,3903,3535,3254,7089,5003,3801,3437,10834,6222,4062,3482,20.9315,-24.0216,8.71808,47.87
62820,3734,4805,8717,7494,3536,4272,6021,5636,3295,3638,3953,3954,3080,3317,3376,3397,-21.1214,12.5005,8.92204,48.15
62821,3217,3341,3637,3624,3242,3560,4416,4780,3523,4139,6692,8099,3411,4080,5826,6784,11.8661,17.9795,8.80074,48.2473
62822,3141,3180,3282,3433,3247,3440,3847,3854,3360,3918,4884,5872,3400,4141,6944,11830,29.8025,22.1542,8.95047,47.8487
62823,3497,4129,5746,5784,3554,4379,7621,6963,3391,3846,4730,4738,3173,3384,3735,3750,-10.3518,14.1432,8.59099,48.28
62824,3200,3335,3398,3343,3519,3819,4061,3745,4002,5015,6620,4721,3965,5817,7967,5289,17.8968,5.46986,8.7568,47.8773
62825,3163,3233,3484,3454,3209,3504,3993,4431,3359,3841,4993,8315,3494,3885,5523,10096,17.5072,30.8322,8.78328,47.9847
62826,3428,3348,3225,3091,3993,3769,3380,3171,6580,4766,3811,3396,12257,5996,4017,3447,24.9421,-29.3718,8.54979,47.7833
62827,4141,4055,3680,3309,5888,5541,4056,3432,7001,6751,4099,3533,4884,4595,3765,3437,3.50641,-15.6904,8.51421,48.1113
62828,3463,3381,3200,3119,3961,3659,3439,3233,5881,4714,3691,3373,12489,5907,3950,3400,30.8564,-29.9659,8.55911,47.24
62829,4403,3989,3560,3293,7182,4720,3687,3364,9172,5107,3817,3254,5153,4329,3586,3284,2.89907,-32.7778,8.90339,47.9333
62830,3087,3169,3393,3283,3303,3553,3929,3859,3553,4144,5280,5369,3687,4953,9008,8590,26.904,14.2769,8.54878,48.1067
62831,12291,6452,3833,3310,5974,4831,3801,3280,3859,3849,3334,3256,3296,3244,3258,3204,-32.3127,-25.7176,8.73312,47.3813
62832,3160,3275,3397,3459,3271,3530,3919,4093,3374,3774,4846,6899,3446,4008,6046,11826,22.6584,31.0176,8.54148,48.2153
62833,3164,3189,3444,3447,3243,3679,4001,4185,3456,4029,6062,6466,3512,4333,7484,8453,19.2318,16.8117,8.73456,48.098
62834,6414,8029,4904,3736,5624,6534,4507,3723,4009,4060,3619,3378,3495,3466,3330,3178,-18.1506,-10.994,8.59729,48.004
62835,4092,5874,8399,5535,3944,4944,6198,4630,3391,3721,4023,3808,3221,3425,3378,3394,-19.6202,5.46544,8.54273,47.9847
62836,3264,3666,4095,4744,3310,3671,5015,7698,3372,3726,5261,8544,3219,3448,4278,4888,1.2121,26.1782,8.529,48.1327
62837,3813,4762,5575,4351,4042,6022,7611,4792,3724,4423,4854,4152,3355,3537,3747,3585,-8.89986,3.85409,8.51557,48.23
62838,3217,3383,3357,3194,3546,3735,3858,3653,3992,4795,5210,4419,4332,7324,9101,5214,26.6232,2.838,8.8491,48.22
62839,3041,3242,3474,3502,3255,3519,4009,4488,3379,3855,5262,8266,3424,3779,5799,9580,16.704,25.3539,8.78576,47.916
62840,12572,6100,3866,3316,6018,4870,3745,3440,3910,3757,3389,3269,3329,3434,3235,3175,-31.5129,-27.4685,8.67428,47.6167
62841,3154,3186,3269,3410,3109,3398,3834,3980,3518,3737,4769,6439,3451,3912,5960,12371,25.6403,30.9945,8.60331,47.6647
62842,3185,3540,4261,4706,3319,3715,5088,8288,3245,3756,5092,8037,3131,3622,4123,4767,-0.483234,24.901,8.92477,47.9167
62843,3395,3935,5212,5483,3537,4272,7077,7589,3459,3937,4955,5197,3155,3475,3828,3851,-7.67806,15.6301,8.56571,48.238
62844,4010,5138,5431,4307,4209,6538,7475,4396,3661,4294,4786,3840,3401,3617,3545,3493,-9.60684,1.9254,8.92143,48.094
62845,3869,3702,3334,3229,5938,4453,3660,3296,9404,5671,3925,3359,6330,4710,3758,3285,7.75788,-23.8688,8.68533,47.9487
62846,4285,4133,3627,3317,6295,5380,3820,3296,7935,6303,4025,3414,4972,4455,3679,3299,2.95878,-18.947,8.66274,48.1567
62847,4519,3919,3536,3277,7546,4789,3693,3325,8934,5064,3700,3396,5164,4264,3677,3178,2.11442,-32.0617,8.68694,47.9873
62848,3482,4327,7289,8513,3510,4038,6042,6794,3290,3481,4130,4276,3088,3259,3511,3434,-18.22,17.8027,8.98344,48.3093
62849,3187,3177,3363,3449,3269,3490,3849,3859,3344,3951,4888,5759,3461,4290,7529,11020,28.8759,19.9049,8.85768,47.9233
62850,12549,6266,3850,3392,6357,4808,3780,3329,3969,3809,3463,3216,3387,3425,3184,3082,-27.1932,-27.5642,8.81618,47.9107
62851,3478,3885,5624,9420,3469,3715,5232,8562,3358,3588,3974,4606,3045,3254,3501,3541,-16.2329,26.8567,8.693,48.168
62852,5264,8883,6964,4303,4465,5563,4797,3992,3693,3851,3680,3469,3298,3302,3264,3242,-23.8499,-3.43644,8.772,48.02
62853,3140,3271,3547,3504,3378,3615,4127,4015,3602,4205,6430,5983,3604,4619,7746,7351,18.6369,13.7061,8.5621,48.0913
62854,3735,5549,9847,7057,3742,4274,5274,4912,3431,3627,3802,3814,3047,3322,3291,3528,-28.2523,9.92291,8.79422,48.168
62855,3183,3505,3893,3983,3383,3882,5123,5188,3571,4325,7349,7021,3430,3948,5156,5233,6.73886,14.6098,8.77559,48.1153
62856,5548,6029,4141,3526,6478,8008,4632,3651,4483,4786,3890,3385,3749,3729,3488,3197,-10.4926,-12.2675,8.86583,48.48
62857,3327,3939,6407,12492,3327,3673,4761,5846,3308,3485,3784,3927,3143,3205,3352,3346,-31.3275,25.5204,8.82863,47.548
62858,3077,3230,3502,3351,3115,3424,3732,3832,3373,3837,4696,6224,3319,3864,6325,12654,28.3318,26.1524,8.98373,47.7033
62859,3118,3192,3367,3327,3295,3685,3750,3789,3541,4184,5226,5191,3703,5045,9594,7978,31.2829,12.1895,8.96582,47.99
62860,3142,3316,3442,3445,3381,3625,3826,3728,3649,4325,5272,4996,3691,5375,9871,6846,32.8528,9.73447,8.59415,47.9533
62861,3184,3663,4416,5449,3273,3685,5090,9283,3356,3684,4670,7206,3330,3379,3949,4289,-3.14454,32.2406,8.81707,47.9373
62862,3417,3939,4692,4730,3500,4320,7296,6654,3373,4038,5734,5534,3179,3549,4091,4200,-3.82562,13.8997,8.84119,48.164
62863,3446,3401,3350,3160,3999,3973,3525,3270,5838,5689,4220,3514,8435,8341,4614,3601,22.446,-15.107,8.67493,48.2507
62864,8276,8715,4751,3779,5664,5616,4131,3661,3917,3852,3651,3292,3374,3389,3358,3041,-22.9753,-14.4295,8.50733,48.3113
62865,4091,6547,9664,5609,3933,4659,5237,4560,3436,3604,3711,3724,3275,3239,3403,3375,-33.9848,5.20017,8.83083,48.0447
62866,3557,3918,3837,3742,3944,4919,5408,4113,4107,6080,7160,4338,3832,4529,4685,3997,4.78772,2.35357,8.69595,48.1107
62867,3378,3398,3362,3182,3983,4186,3776,3426,5426,7204,4735,3640,5958,7778,5009,3760,16.7972,-8.85148,8.60292,48.134
62868,5014,8465,8096,4744,4263,4857,4866,4108,3609,3757,3797,3514,3169,3346,3362,3364,-29.6362,-0.687378,8.7782,48.2207
62869,3519,3292,3332,3154,3819,3827,3517,3337,5298,5162,4182,3542,8275,9452,4825,3534,32.3594,-13.3672,8.72211,48.0447
62870,3802,3856,3611,3420,4881,5874,4140,3552,6018,7952,4636,3629,4673,5027,4076,3469,5.23545,-10.8283,8.96348,48.4107
62871,5240,5565,4237,3500,6341,8022,4573,3544,4585,5123,3987,3456,3663,3754,3540,3194,-8.7656,-11.7218,8.83789,48.216
62872,3118,3173,3425,3319,3317,3470,4007,3982,3411,3859,4949,6852,3376,3949,6349,11751,23.0023,25.3465,8.98841,48.2047
62873,3379,3766,5110,7989,3391,3778,5260,9552,3247,3581,4245,5075,3050,3330,3571,3777,-11.9446,27.9349,8.60449,48.0673
62874,4642,7503,8849,5002,4047,4906,5245,4208,3533,3732,3813,3544,3184,3335,3309,3359,-25.7013,2.07381,8.73373,48.1407
62875,10535,7820,4278,3453,5699,4998,3912,3499,3940,3902,3454,3291,3322,3290,3311,3076,-29.8942,-18.8162,8.51197,47.8533
62876,3144,3295,3604,3596,3423,3766,4218,4085,3602,4422,6989,5892,3662,4591,7377,6610,16.0774,12.1,8.75584,48.184
62877,7633,5332,3861,3342,9164,5605,3860,3371,5069,4149,3630,3245,3704,3593,3325,3065,-12.1702,-24.1342,8.73628,47.9653
62878,3335,3474,3878,4056,3291,3743,4640,6433,3406,3794,5265,9323,3370,3521,4610,5596,5.36411,33.6468,8.65116,47.8233
62879,3530,4041,4413,4041,3823,5232,6717,4591,3740,5165,6586,4633,3626,3967,4260,3917,-0.442885,4.83641,8.65626,48.188
62880,3728,5097,9612,7691,3584,4079,5393,5150,3323,3557,3992,3808,3177,3260,3425,3395,-27.2168,12.1098,8.74159,48.1807
62881,5959,7582,4933,3710,5598,7276,4654,3719,3955,4231,3853,3423,3542,3524,3397,3080,-15.7579,-10.1021,8.98887,48.2907
62882,3953,5094,6326,4849,3916,5549,7679,4870,3551,4040,4415,4062,3234,3488,3617,3486,-12.4851,5.09382,8.60551,48.086
62883,3575,3633,3263,3153,4602,4109,3555,3265,8675,5164,3854,3285,9288,5524,3817,3385,15.8428,-28.8082,8.6678,48.098
62884,6206,5904,4109,3524,7149,7102,4322,3559,4740,4578,3755,3350,3728,3644,3361,3262,-11.7789,-15.7693,8.75554,48.1953
62885,5222,9221,7347,4349,4287,4999,4754,3979,3692,3713,3717,3577,3268,3378,3337,3172,-30.9594,-2.80884,8.79539,48.008
62886,3906,4863,6251,4714,3902,5590,7868,5204,3505,4177,4641,4007,3259,3541,3688,3411,-11.3202,5.64547,8.56788,48.3513
62887,3762,4595,6070,4901,3850,5055,8019,5350,3478,3984,4730,4279,3089,3494,3601,3569,-10.7779,7.47958,8.86691,47.884
62888,11536,6707,4018,3325,5888,4872,3862,3313,3973,3783,3492,3314,3365,3398,3272,3211,-33.0641,-23.2897,8.51098,47.5527
62889,3368,3393,3300,3096,3902,3831,3458,3279,5936,4838,3851,3434,12469,6356,3895,3413,30.7968,-25.8386,8.54145,47.8793
62890,3515,4279,7126,8372,3490,4034,6006,6728,3192,3538,4142,4227,3105,3200,3412,3447,-18.0759,17.1209,8.72804,47.8753
62891,3101,3286,3325,3373,3465,3698,3906,3700,4011,4956,5647,4633,4302,6789,8937,5240,22.8508,3.575,8.77399,48.246
62892,3406,4328,6525,7153,3572,4204,6618,6976,3275,3774,4277,4413,3098,3299,3638,3631,-14.5853,15.9138,8.6263,48.1247
62893,3440,4020,6154,12404,3280,3875,4785,6341,3117,3376,3785,4001,3058,3235,3390,3439,-26.7109,27.5859,8.73742,47.8
62894,12442,6658,3958,3298,5949,4837,3704,3291,3968,3764,3529,3190,3331,3338,3196,3163,-28.8207,-24.9908,8.89446,47.744
62895,3207,3407,3315,3317,3656,3725,3796,3559,4213,5208,4995,4062,4952,8354,7799,4631,26.1168,-1.07024,8.58015,48.1307
62896,3500,3709,3531,3464,3793,4701,4646,3722,4396,7011,6733,4167,4174,5313,5321,4060,9.43527,-0.601554,8.91353,48.1607
62897,3806,3546,3248,3136,5519,4429,3630,3246,10050,5094,3815,3445,7123,4941,3809,3158,10.0165,-30.2159,8.99317,47.9967
62898,3413,4233,7718,10959,3435,3983,5001,5831,3328,3452,3892,3963,3175,3293,3451,3300,-28.0615,19.7417,8.89913,48.2847
62899,3526,3416,3242,3192,4321,3938,3574,3307,7701,4977,3849,3418,10546,5608,3830,3434,18.9991,-31.6719,8.76821,47.9193
62900,4077,5273,5756,4299,4143,6444,7241,4420,3821,4245,4586,4044,3422,3630,3723,3408,-10.3556,1.83552,8.67066,48.3547
62901,3289,3476,3663,3423,3630,4167,4437,3962,4046,5833,7219,4651,3991,5393,6387,4551,12.7688,2.77414,8.63409,48.0787
62902,4198,3888,3497,3279,6760,4628,3672,3512,9466,5120,3728,3319,5442,4547,3700,3232,4.59426,-33.4228,8.90977,47.992
62903,3456,3956,6614,11951,3391,3855,4884,6246,3185,3565,3707,3968,3102,3303,3342,3357,-26.1903,23.3447,8.9437,47.9213
62904,3542,3853,3975,3683,4116,5458,5846,4086,4109,6296,6609,4240,3778,4324,4434,3982,2.4295,0.959379,8.90593,48.2207
62905,8361,9210,4867,3674,5371,5295,4231,3572,3804,3934,3423,3367,3450,3387,3194,3134,-27.0333,-13.3701,8.63699,48.1827
62906,3548,3847,3668,3365,3915,5219,4768,3824,4650,7483,6386,4181,4109,4921,4588,3858,6.26398,-2.19436,8.85419,48.22
62907,3270,3758,4345,4734,3424,4064,5887,7108,3421,4014,5739,6945,3181,3713,4184,4498,-0.51551,18.1815,8.76501,48.19
62908,6187,9801,6109,3951,4572,5164,4480,3900,3776,3785,3616,3346,3232,3345,3403,3254,-30.8974,-7.15609,8.72018,47.9473
62909,4462,5383,4416,3740,5256,8195,5506,3888,4188,5275,4260,3717,3671,3836,3694,3307,-7.25532,-5.67329,8.93118,48.5293
62910,3775,3784,3586,3502,4322,5433,4457,3695,4917,7983,5434,3843,4417,5182,4507,3653,6.34797,-6.02876,8.7366,48.3267
62911,6994,5249,3912,3436,8906,6212,3966,3473,5138,4433,3608,3293,3774,3707,3356,3055,-10.5995,-21.3087,8.55773,48.3413
62912,3410,3387,3191,3071,3998,3815,3464,3200,6569,4938,3818,3298,12289,5943,3824,3390,25.1543,-29.5108,8.70945,47.7367
62913,3936,5304,7612,5339,3810,5095,7068,5021,3425,3910,4149,3971,3239,3343,3464,3417,-16.6816,6.58604,8.76397,48.0687
62914,3463,3638,3852,3650,3660,4347,5663,4378,3783,5497,7828,5152,3664,4272,5037,4419,5.79811,6.18052,8.70405,48.202
62915,3827,3695,3385,3156,5517,4284,3629,3361,9348,5882,3876,3421,6795,4963,3886,3269,9.62674,-22.9842,8.79436,48.196
62916,3425,4005,6503,12143,3404,3732,4867,6248,3179,3501,3778,3954,3140,3186,3396,3338,-27.8532,24.6648,8.60455,47.866
62917,5097,8889,7570,4556,4284,5170,4777,4007,3483,3865,3720,3574,3276,3249,3365,3249,-26.2308,-2.09141,8.86412,48.0873
62918,7550,8338,4849,3569,5714,5946,4366,3588,3873,3874,3604,3375,3360,3349,3227,3146,-20.7262,-13.048,8.7838,47.8187
62919,3429,3482,3263,3054,4185,3844,3498,3339,7301,5129,3794,3368,10737,6094,4090,3367,20.3638,-25.0703,8.53285,47.9827
62920,3433,3694,4533,4736,3442,4155,6654,7061,3374,4120,5847,6181,3262,3681,4164,4343,-1.80066,15.9899,8.94248,48.4533
62921,4242,4097,3539,3134,6444,5522,3837,3382,7841,6198,3943,3436,5043,4542,3736,3299,2.67002,-18.3324,8.96758,48.1567
62922,3500,3426,3133,3088,3883,3836,3337,3255,6498,4814,3759,3438,12571,6144,3862,3363,25.6566,-28.1139,8.99647,47.938
62923,3355,3360,3336,3151,3949,3914,3572,3172,5932,4941,3844,3303,11828,7005,4025,3403,27.9587,-22.4657,8.77449,48.06
62924,4618,4029,3574,3376,7927,5022,3651,3421,8588,5054,3751,3374,4855,4150,3527,3251,0.830861,-32.0913,8.59711,48.112
62925,3215,3374,3319,3147,3510,3741,3708,3524,4020,5054,5128,4226,4769,8048,8299,4921,25.8306,0.311574,8.81543,48.002
62926,3373,3495,3914,4347,3339,3764,4692,6929,3279,3742,4986,9255,3311,3593,4490,5650,4.3784,29.058,8.5167,48.106
62927,3376,3348,3388,3381,3556,3943,3994,3704,4148,5591,6427,4548,4317,6234,7360,4942,17.5412,2.8597,8.53509,48.1713
62928,3125,3450,3550,3680,3426,3656,4475,4569,3541,4450,7582,6778,3458,4215,6106,5973,11.9701,13.8848,8.85362,48.0227
62929,7174,9685,5284,3694,5107,5295,4346,3566,3830,3836,3640,3326,3325,3386,3269,3173,-32.2156,-10.667,8.6999,47.9573
62930,3330,3912,6110,12221,3408,3853,4866,6350,3252,3477,3804,3806,3103,3220,3276,3360,-25.192,32.8819,8.5744,47.5653
62931,3290,3870,4609,5132,3460,4160,6582,7448,3418,3887,5667,6145,3202,3519,3970,4331,-3.28582,17.3681,8.89474,48.46
62932,4956,5944,4345,3652,5654,8138,5009,3711,4367,4979,4068,3600,3624,3657,3575,3221,-9.71029,-8.60415,8.61098,48.3333
62933,4131,6445,9765,5784,3948,4588,5192,4530,3356,3664,3717,3706,3259,3356,3302,3313,-29.4911,5.30478,8.90484,48.0373
62934,4068,3935,3529,3351,5380,5381,4034,3485,6909,7370,4262,3651,4884,4846,3807,3384,4.52822,-14.4834,8.7733,48.184
62935,3095,3370,3649,3955,3235,3655,4430,5458,3426,3836,5442,9496,3321,3831,5054,7040,10.1876,25.3081,8.52983,48.1953
62936,3517,3933,4764,4471,3653,4473,7630,5780,3543,4180,6178,5171,3430,3725,4117,3851,-3.03464,10.6862,8.77781,48.2773
62937,6682,9644,5652,3816,4888,5525,4486,3708,3629,3769,3677,3396,3347,3390,3259,3221,-25.944,-8.85902,8.67518,48.0593
62938,6111,4719,3703,3273,9597,5280,3808,3372,6283,4628,3681,3272,4145,3812,3391,3127,-6.65206,-26.4123,8.67394,48.1347
62939,3320,3907,6376,12254,3359,3674,4865,6113,3175,3449,3816,3899,3281,3263,3348,3486,-33.2858,24.7315,8.81596,47.7233
62940,9097,5870,3891,3296,8154,5523,3904,3300,4427,4174,3488,3180,3503,3491,3326,3061,-16.358,-23.0726,8.56338,47.79
62941,3316,3321,3238,3255,3746,3838,3556,3369,4645,5161,4477,3858,6122,10085,6138,4014,30.1396,-6.98931,8.92432,48.0927
62942,3121,3278,3608,3627,3254,3690,4475,4477,3584,4345,6824,7337,3552,4030,6187,6829,13.012,16.1735,8.76108,48.1453
62943,3313,4057,5983,9117,3309,3878,5580,8063,3334,3516,4022,4461,3028,3147,3559,3613,-16.6306,21.9934,8.90435,47.9867
62944,3481,3334,3308,3195,3778,3785,3613,3398,4649,5213,4497,3752,6419,10058,5864,3866,31.1641,-7.88016,8.97097,48.14
62945,3387,3829,6415,12127,3378,3845,4830,6106,3172,3493,3759,3997,3117,3239,3408,3450,-32.6866,24.8098,8.71109,47.7013
62946,3355,3406,3266,3115,3986,4006,3500,3197,6312,5394,3948,3478,9891,7315,4266,3388,22.2559,-18.8195,8.72832,47.882
62947,3396,3467,3141,3153,3851,3725,3419,3242,5899,5070,3918,3405,11371,7225,4183,3368,28.8264,-20.955,8.87753,47.8887
62948,5230,7734,5972,4123,4672,6644,5123,4041,3710,4126,3903,3524,3345,3487,3416,3192,-17.5667,-4.47508,8.61678,48.1613
62949,2953,3239,3490,3319,3151,3576,3968,4144,3543,4162,5579,6130,3642,4416,7882,8946,21.1434,16.5908,8.84867,48.0933
62950,3258,3434,3927,4270,3267,3794,4657,6870,3461,3704,5090,9591,3224,3565,4504,5564,4.49373,27.9911,8.83494,48.12
62951,3036,3185,3425,3414,3218,3485,3730,3880,3403,3982,4949,5860,3442,4197,7435,11188,28.6029,20.3833,8.66332,47.886
62952,10927,5789,3999,3352,7549,5103,3780,3379,4261,3756,3409,3278,3418,3368,3128,3041,-19.7797,-28.0969,8.9294,47.6913
62953,3613,4339,4910,4292,4009,5466,7867,4788,3813,4548,5448,4255,3478,3794,3952,3648,-5.44019,5.02665,8.65604,48.1467
62954,3391,3383,3308,3145,3836,3837,3452,3271,5998,4610,3720,3301,12657,5915,3918,3396,30.2559,-32.2537,8.9364,47.4253
62955,3441,3551,3589,3395,3801,4432,4278,3732,4416,6693,6506,4336,4188,5925,5666,4271,12.4678,-0.525851,8.75553,48.1467
62956,12520,6044,3986,3419,5961,4792,3805,3394,3819,3724,3441,3189,3474,3391,3303,3244,-28.4986,-32.7692,8.5732,47.6707
62957,3456,3401,3336,3067,4539,4026,3538,3351,8674,5191,3917,3432,9131,5541,3904,3329,15.6792,-31.3146,8.5192,47.8887
62958,3117,3355,3521,3786,3224,3704,4323,4888,3517,4042,6129,8458,3378,3997,5610,7328,12.4466,19.9867,8.67812,48.2513
62959,3882,5789,10029,6539,3678,4416,5409,4684,3453,3522,3849,3699,3284,3223,3284,3286,-28.9237,8.07354,8.7923,48.0173
62960,9216,8684,4714,3438,5482,5188,3953,3451,3830,3808,3592,3260,3357,3361,3318,3029,-28.4003,-15.6042,8.81126,47.7873
62961,3931,4404,4003,3580,4620,6994,5198,3862,4595,6750,5108,3716,3953,4281,4011,3540,-0.488764,-5.08972,8.96068,48.364
62962,4655,6660,6353,4414,4348,6231,6259,4276,3730,4078,4053,3697,3302,3461,3466,3408,-15.69,-0.494774,8.78475,48.2607
62963,3051,3126,3365,3477,3327,3440,3799,3960,3351,3969,5079,5948,3542,4296,7925,10209,25.0486,18.267,8.74622,47.9093
62964,3840,5304,9339,6842,3690,4385,5819,5193,3332,3622,3835,3859,3173,3327,3426,3303,-22.9626,10.3284,8.88856,48.1927
62965,3237,3678,3850,3803,3338,4132,5458,4712,3581,4567,7971,6220,3551,4125,5149,4841,6.40031,11.2988,8.71097,48.142
62966,2975,3245,3322,3384,3294,3481,3907,4011,3395,3686,4854,6660,3429,3945,6365,12027,23.5701,25.9748,8.89022,47.9867
62967,4564,5218,4190,3638,5608,8224,5084,3775,4344,5247,4235,3622,3674,3806,3732,3368,-6.93734,-7.50931,8.94576,48.2193
62968,3593,4717,8745,8649,3583,4178,5482,5592,3270,3516,3762,3986,3054,3237,3372,3254,-24.9015,14.8432,8.67213,47.9933
62969,3435,3937,6432,12492,3383,3853,4898,6177,3149,3530,3799,3868,3185,3242,3350,3359,-27.154,26.2668,8.84421,48.0593
62970,4396,5229,4331,3666,5189,8172,5346,3766,4322,5370,4297,3530,3700,3856,3653,3504,-6.78725,-6.76511,8.87804,48.218
62971,3415,3549,3313,3241,4280,4132,3658,3379,6507,6619,4270,3560,6940,7288,4466,3592,16.4046,-13.8986,8.91202,48.1393
62972,6472,4695,3730,3313,9756,5148,3783,3300,5732,4501,3702,3254,3972,3667,3335,3203,-7.84959,-32.1674,8.55026,47.7087
62973,4504,4213,3584,3246,6964,5458,3805,3293,8124,5779,3966,3315,4935,4459,3667,3321,2.03285,-20.7376,8.98522,48.422
62974,3570,3756,4301,4298,3743,4428,6852,5320,3676,4454,6874,5466,3447,3707,4328,4166,-0.279307,10.1753,8.60019,48.2573
62975,3738,4420,4425,3993,4074,6168,6530,4381,4038,5358,5623,4243,3699,3952,4034,3557,-2.51453,1.27409,8.69883,48.1553
62976,3756,3768,3573,3194,4985,4842,3778,3398,7284,7432,4325,3546,5696,5408,3991,3471,8.99254,-15.0422,8.53548,48.298
62977,3236,3942,5558,8926,3292,3772,5222,8945,3162,3560,3952,4796,3037,3275,3465,3601,-14.8694,27.2119,8.98412,47.8273
62978,3118,3288,3414,3401,3172,3552,3809,3937,3392,4076,4977,5931,3473,4149,7640,10802,28.5142,19.6722,8.80859,48.0873
62979,3559,3731,3770,3364,3945,4965,4572,3736,4581,7201,6517,4228,4189,5085,4778,3919,7.30852,-1.85468,8.53099,48.0933
62980,4219,4746,4141,3653,5048,7801,5225,3784,4672,5803,4412,3692,3793,3995,3709,3422,-4.10445,-6.97464,8.91826,48.0767
62981,3286,3422,3710,4071,3270,3673,4523,5713,3431,3935,5738,9565,3327,3761,4711,6241,7.69442,23.4247,8.80613,48.2513
62982,6493,8110,4998,3755,5539,6743,4564,3639,4013,4102,3800,3357,3400,3420,3391,3148,-18.1312,-10.681,8.6563,48.3147
62983,3421,3791,4684,4794,3459,4335,7214,6380,3513,4072,6012,5460,3216,3708,4076,4098,-3.27703,13.4817,8.64235,48.1553
62984,3703,3811,3740,3453,4372,5654,4280,3657,5352,7963,5172,3715,4538,5267,4199,3646,6.0615,-7.4689,8.54391,48.348
62985,3236,3461,3746,3494,3442,3825,4381,4136,3693,4757,7730,5606,3740,4743,6685,5619,13.3463,10.0376,8.86411,48.196
62986,7216,5700,4090,3395,8255,6299,4128,3469,4775,4304,3648,3242,3776,3639,3335,3181,-12.9805,-19.4686,8.59112,48.3013
62987,3397,4082,6192,12016,3459,3759,4874,6711,3281,3331,3790,3979,3152,3270,3446,3274,-25.4294,26.0496,8.51399,48.0087
62988,3576,3819,3713,3497,4081,5080,4935,3822,4419,7175,6678,4198,3939,4916,4784,3858,5.99111,-0.833576,8.8685,48.3267
62989,4609,7773,8657,5027,3971,4838,5061,4313,3526,3599,3686,3596,3261,3453,3346,3291,-27.3828,1.59478,8.50867,48.0047
62990,3224,3543,3954,4416,3367,3641,4773,7151,3334,3883,5511,9173,3316,3544,4424,5300,3.37998,25.1536,8.78866,48.3693
62991,3704,4911,9188,8181,3486,4178,5459,5319,3292,3529,3688,3838,3096,3336,3368,3362,-25.5246,13.6464,8.62837,47.9567
62992,3554,4097,5459,5226,3672,4578,8049,6383,3479,4042,4963,4678,3289,3443,3759,3739,-8.37636,11.9375,8.52612,48.2733
62993,6994,5241,3926,3255,9275,5858,3943,3365,5217,4345,3614,3229,3691,3759,3463,3042,-10.737,-23.1867,8.79637,48.1447
62994,3417,3856,5937,12386,3357,3800,4659,5991,3184,3429,3724,4073,3187,3297,3312,3324,-33.0823,28.3999,8.62559,47.2887
62995,3189,3343,3739,3918,3292,3540,4252,5492,3457,3903,5202,9788,3353,3709,4916,6966,9.88369,30.8168,8.7164,48.0393
62996,3078,3164,3401,3520,3218,3448,3785,3903,3286,3718,4811,5735,3333,4066,6427,12564,30.8242,25.836,8.82737,47.638
62997,4369,6631,8415,5077,4019,5358,6025,4470,3500,3801,4006,3690,3149,3328,3250,3241,-20.4539,3.20887,8.84285,48.2193
62998,4287,6666,8237,5052,3949,5142,6089,4454,3503,3857,3917,3652,3269,3442,3480,3364,-19.6907,3.01797,8.95464,48.24
62999,9864,5865,3929,3355,8078,5198,3869,3345,4377,4026,3491,3149,3479,3489,3305,3137,-17.4955,-24.4344,8.53496,47.9707
63000,3024,3243,3434,3456,3187,3412,4037,4254,3385,3955,5279,7450,3409,4056,6336,10459,19.5121,23.0307,8.83629,48.2507
63001,4187,3793,3347,3107,6187,4547,3723,3302,9803,5258,3795,3254,6061,4707,3681,3152,6.70327,-26.7624,8.79027,47.936
63002,3357,4133,6549,9893,3392,3943,5219,7288,3313,3481,3969,4208,3161,3223,3424,3549,-19.3692,21.6518,8.85225,48.068
63003,3793,4304,4454,3955,4240,6288,6807,4283,3925,5171,5764,4121,3628,3969,4025,3639,-2.86104,0.965062,8.72283,48.244
63004,3281,3449,3295,3170,3816,3941,3485,3269,5693,5194,4017,3422,9163,8810,4544,3509,26.0201,-15.7767,8.82539,48.0387
63005,3468,3374,3217,3078,3912,3748,3366,3145,6397,4913,3829,3369,12470,6223,3966,3362,25.401,-27.1917,8.6931,47.8913
63006,3129,3390,3585,3447,3552,3908,4243,3914,3994,5244,6883,4802,4172,5713,7567,5117,16.3655,4.77338,8.65859,48.44
63007,7876,4990,3798,3358,9620,5140,3821,3399,5011,4209,3618,3324,3648,3590,3260,3175,-12.4312,-31.5813,8.67414,47.8913
63008,3291,3314,3151,3032,4131,3836,3530,3273,7045,5168,3817,3400,11167,6361,3979,3456,21.9307,-24.2552,8.60268,47.9673
63009,3419,3963,6013,12719,3345,3713,4704,6032,3268,3432,3763,3850,3161,3205,3323,3522,-29.094,32.0728,8.92041,47.6213
63010,12692,5978,3795,3383,6159,4702,3823,3420,3973,3742,3403,3278,3435,3390,3177,3225,-32.1765,-28.4839,8.98481,47.7167
63011,3459,3826,4227,3963,3700,4738,6783,4917,3641,4918,7091,4976,3496,3904,4378,4206,0.503943,7.68915,8.85991,48.1487
63012,8464,9145,4806,3674,5392,5428,4052,3486,3863,3914,3648,3272,3298,3345,3273,3042,-25.5695,-14.125,8.85723,48.068
63013,3395,3387,3232,3105,3981,3814,3285,3103,6155,4611,3751,3374,12825,5981,3893,3322,32.9726,-27.8032,8.93849,47.476
63014,3325,3324,3886,4273,3263,3688,4724,7033,3288,3779,5227,9454,3272,3605,4286,5402,3.58068,32.5288,8.82467,47.886
63015,3269,3505,3790,3781,3541,3994,5328,4864,3565,4649,8087,6352,3471,4151,5225,5037,6.84596,11.7726,8.78828,48.406
63016,3394,3402,3134,3123,3991,3894,3506,3238,6118,4960,4044,3448,11290,7081,4163,3324,25.5392,-21.8995,8.53817,48.0733
63017,4295,4021,3510,3120,6600,5063,3780,3349,8572,5828,3930,3428,5126,4564,3610,3333,3.6024,-21.2546,8.67819,48.086
63018,3278,3381,3274,3223,3949,3831,3590,3259,5520,5035,3925,3417,9551,8616,4480,3676,31.0542,-16.1298,8.68983,48.0033
63019,7245,6412,4204,3496,7457,6537,4207,3503,4477,4305,3670,3397,3538,3610,3290,3081,-14.351,-16.948,8.88771,48.286
63020,3646,3649,3423,3243,4448,4454,3626,3264,6886,7449,4523,3606,6006,6128,4162,3429,11.7516,-13.9236,8.70862,47.9613
63021,3893,4362,4116,3609,4528,6674,5522,3777,4551,6404,5283,3852,3971,4165,3959,3659,-0.450087,-3.98605,8.69963,48.2167
63022,3445,3915,6329,12238,3353,3817,4661,6105,3319,3407,3752,3996,3186,3290,3340,3346,-29.9245,26.8324,8.67502,47.666
63023,5029,6163,4613,3764,5444,7886,5221,3824,4118,4748,4128,3624,3529,3630,3488,3237,-10.9765,-7.6867,8.5284,48.2973
63024,3222,3777,4799,5792,3440,3992,6122,8807,3402,3751,4752,6085,3211,3602,3822,4106,-6.39015,20.7303,8.71699,48.4547
63025,3553,3527,3178,3219,4488,4055,3518,3262,8487,5283,3825,3285,9535,5735,3879,3403,16.2393,-26.0146,8.91032,48.1547
63026,3492,3581,3315,3138,4251,4317,3734,3417,6320,6818,4544,3552,6676,6999,4504,3612,15.0999,-13.6225,8.57071,48.18
63027,3811,5207,9343,7349,3542,4277,5900,5201,3256,3546,3952,3888,3133,3137,3305,3300,-23.8188,11.5855,8.7513,48.098
63028,3066,3266,3587,3675,3289,3574,4244,5109,3332,3791,5510,9391,3408,3766,5144,7834,11.7655,25.345,8.6191,47.9907
63029,3918,4459,4266,3737,4350,6860,5860,4124,4282,5957,5334,3967,3817,4176,4071,3621,-1.85986,-2.00893,8.79366,48.5327
63030,6979,5000,3759,3317,10052,5377,3809,3299,5624,4242,3576,3202,3836,3565,3373,3208,-9.59229,-27.4252,8.72024,48.1453
63031,3763,3770,3487,3375,4515,5211,4076,3453,5753,8014,4882,3716,4970,5433,4280,3620,8.50751,-9.78189,8.67976,48.212
63032,10397,6813,4145,3549,6826,5170,3855,3395,4247,3922,3599,3229,3452,3385,3152,2975,-20.982,-21.5281,8.56557,48.074
63033,4017,5538,7899,5438,3920,4988,6798,4970,3523,3875,4191,3865,3179,3301,3510,3395,-17.7586,6.4537,8.52718,48.2713
63034,3957,3814,3420,3116,5655,4769,3788,3333,8921,6105,3879,3412,6007,4975,3873,3352,7.67995,-20.413,8.68997,48.2507
63035,4503,4219,3567,3210,6871,5679,4034,3352,7605,5946,3974,3428,4706,4321,3747,3323,1.38603,-19.0487,8.70392,48.3233
63036,5287,8526,6952,4467,4566,5639,5183,3953,3674,3790,3680,3541,3289,3419,3303,3102,-22.276,-3.07643,8.95914,48.2473
63037,3247,3585,4065,4147,3377,3635,4730,6614,3387,3851,5050,9234,3368,3659,4517,5494,4.43221,33.8669,8.59154,47.9733
63038,3146,3248,3667,3790,3323,3702,4419,5107,3367,4033,6371,8528,3363,3924,5442,6781,11.3221,19.9285,8.67832,48.1407
63039,3478,3867,5988,12624,3345,3742,4791,5975,3074,3415,3794,3810,3128,3214,3436,3370,-30.1197,33.8506,8.97422,47.3673
63040,5478,4386,3677,3251,9518,5140,3691,3362,6932,4695,3758,3292,4068,3926,3467,3261,-4.01393,-33.5195,8.97257,47.9347
63041,3158,3336,3415,3333,3404,3627,3844,3582,3973,4894,5103,4301,4425,7542,8840,5016,27.155,2.15749,8.7366,47.862
63042,3348,3489,3675,3410,3500,4282,4749,3959,4027,5747,7791,4842,3975,4962,5979,4635,10.909,4.57275,8.83117,48.2467
63043,3090,3302,3387,3385,3258,3459,3763,3866,3324,3725,4939,6085,3478,3882,6330,12316,32.094,25.7147,8.51522,47.726
63044,5944,9290,6010,4051,4707,5806,4652,3792,3719,3882,3676,3457,3362,3400,3274,3149,-23.174,-6.40605,8.60704,48.114
63045,3220,3600,3980,4733,3342,3685,5049,8140,3340,3837,5104,8326,3211,3546,4242,4739,0.142344,26.2941,8.56841,48.0627
63046,3089,3230,3386,3333,3263,3565,4066,3997,3536,4223,5798,5816,3643,4660,8277,8257,21.0734,14.9568,8.7046,48.0927
63047,10337,6399,3900,3412,7352,5241,3910,3450,4128,3957,3551,3203,3430,3516,3154,3099,-19.3712,-23.3146,8.57288,48.026
63048,4436,4375,3707,3303,6019,6484,4243,3575,6167,6471,4261,3479,4418,4455,3741,3417,0.398613,-14.166,8.60954,48.3673
63049,3281,3305,3416,3454,3448,3718,3838,3696,3863,4607,5109,4557,4082,6444,9619,5739,29.788,5.40045,8.52163,48.1173
63050,4379,6997,9049,5358,4100,4979,5560,4463,3421,3793,3719,3599,3158,3268,3330,3274,-23.6452,3.35015,8.91879,48.298
63051,9632,8486,4539,3495,5473,5160,4044,3548,3872,3770,3591,3243,3468,3458,3088,3064,-28.5832,-16.762,8.69163,47.954
63052,3975,3810,3481,3108,5943,4468,3442,3344,9599,5461,3764,3377,6331,4796,3733,3302,7.86546,-25.5483,8.62479,47.956
63053,7065,5605,3874,3269,8387,6334,4146,3388,4900,4323,3695,3367,3795,3656,3273,3119,-11.7105,-19.7857,8.7718,48.1307
63054,3545,4562,8610,9177,3540,4042,5112,5481,3320,3556,3784,3916,3128,3223,3312,3394,-30.5797,15.7678,8.53253,47.8013
63055,3391,4048,5872,11770,3345,3762,4872,6865,3255,3403,3855,3995,3097,3299,3334,3326,-22.1189,33.916,8.87342,47.6593
63056,4573,6533,6375,4443,4392,6566,6233,4265,3700,4151,4094,3679,3386,3490,3409,3348,-15.3373,-0.832302,8.57273,48.4247
63057,12706,6020,3909,3390,6232,4774,3676,3380,3961,3636,3497,3276,3302,3343,3180,3066,-27.565,-28.558,8.72724,47.5653
63058,3816,5128,8834,6601,3529,4513,6206,5289,3380,3757,3986,3869,3128,3311,3479,3434,-20.7365,9.92873,8.56184,48.1733
63059,3659,3600,3367,3187,4264,4323,3762,3377,6631,7060,4407,3625,6433,6783,4351,3487,14.268,-13.9204,8.83334,48.2107
63060,3327,3755,5131,7804,3370,3815,5258,9573,3323,3513,4251,5128,3214,3348,3631,3755,-12.1188,30.9857,8.66246,48.1307
63061,4493,4191,3592,3219,7275,5585,3911,3350,7476,5856,3961,3494,4707,4216,3541,3308,0.431263,-19.7774,8.9829,48.1167
63062,4554,4129,3504,3209,7301,5147,3835,3372,8477,5465,3836,3309,5088,4301,3578,3344,1.47584,-22.8348,8.91142,48.2993
63063,3902,3681,3379,3060,5047,4757,3842,3408,7553,7249,4195,3500,5773,5438,3990,3405,9.15312,-16.1263,8.95781,48.1193
63064,3352,3350,3291,3124,3982,3847,3502,3386,5776,5103,3879,3521,10188,8050,4358,3415,26.3201,-18.4016,8.80497,48.0827
63065,4477,7659,8742,4933,4111,4822,5104,4234,3497,3710,3733,3618,3248,3340,3385,3346,-33.4457,1.59048,8.81869,47.9727
63066,3574,4506,8339,9046,3426,4116,5559,6004,3156,3562,3904,3948,3084,3212,3515,3341,-22.6793,16.1057,8.68699,48.1947
63067,3733,5067,8945,7375,3587,4281,5773,5426,3271,3631,3999,3840,3202,3219,3407,3423,-22.3975,11.6044,8.54025,48.1193
63068,3467,3476,3520,3150,3992,4199,3879,3328,5226,7251,4695,3712,5759,7566,5095,3895,16.1295,-8.7781,8.76185,48.14
63069,12503,6269,4004,3402,6100,4768,3712,3319,3938,3761,3398,3232,3354,3284,3206,3084,-29.417,-26.4153,8.79462,47.556
63070,3321,3536,3609,3384,3892,4481,4337,3817,4412,7027,6705,4283,4342,5671,5375,4091,11.3352,-0.776626,8.67561,48.1887
63071,4193,4612,4046,3528,5132,7398,4834,3687,4665,6352,4484,3793,4048,4064,3866,3429,-2.38878,-7.71432,8.99064,48.0873
63072,3821,5113,6188,4605,4069,5929,7472,4795,3730,4200,4568,3994,3345,3539,3518,3531,-11.5855,3.6338,8.75491,48.278
63073,12582,5891,3754,3363,6072,4616,3782,3368,4135,3756,3412,3240,3316,3387,3304,3178,-32.559,-30.6585,8.81313,47.4373
63074,3864,4022,3713,3405,4749,6293,4542,3620,5530,7823,4796,3609,4368,4693,3978,3438,3.31401,-9.11432,8.85256,48.2953
63075,5429,9062,6719,4200,4429,5487,4820,4084,3659,3822,3773,3587,3239,3348,3401,3150,-24.4241,-4.18279,8.61649,48.1393
63076,4381,5200,4433,3814,5014,7876,5552,3883,4275,5187,4312,3746,3681,3833,3617,3339,-6.88626,-5.69526,8.64549,48.0953
63077,3112,3323,3432,3385,3388,3649,3883,3776,3837,4449,5374,4915,3695,5462,9593,6601,33.6227,9.20248,8.59918,47.916
63078,9532,8532,4467,3572,5550,5154,4069,3618,4036,3875,3516,3253,3427,3420,3167,3094,-29.0406,-16.5354,8.80748,48.188
63079,3500,3468,3278,3121,4373,4153,3455,3158,8204,5056,3851,3420,9955,5602,3965,3415,17.6202,-32.518,8.5286,47.9827
63080,3078,3310,3447,3394,3160,3482,3792,4016,3408,3810,4586,6009,3263,3858,6196,12438,32.6317,26.9094,8.66124,47.498
63081,3420,3403,3229,3005,3893,3850,3551,3304,5884,4972,3793,3430,11915,6827,4121,3543,28.3527,-23.1539,8.51662,48.0933
63082,3632,3761,3506,3326,4481,4838,4057,3444,5920,8153,4911,3659,5076,5866,4324,3674,9.54719,-9.64586,8.57139,48.4187
63083,3505,4209,8211,10281,3468,3925,4995,5580,3246,3583,3771,3970,3086,3271,3368,3367,-29.0238,17.9641,8.91806,47.8907
63084,3621,4049,4132,3807,3913,5138,6246,4411,3967,5582,6836,4501,3494,4173,4488,3915,1.16584,3.31553,8.77592,48.182
63085,3103,3307,3385,3319,3263,3635,3973,3906,3590,4520,6237,5237,3957,5176,9194,6570,20.8811,9.84776,8.96956,48.248
63086,3424,3884,5095,5885,3390,3988,6478,8269,3427,3688,4876,5603,3233,3372,3761,3918,-7.66261,18.9072,8.65635,48.194
63087,3772,3538,3361,3171,4695,4634,3695,3288,7543,6733,4272,3471,6610,5919,4219,3491,11.9259,-16.5834,8.54035,48.2747
63088,3355,3486,3614,3258,3908,4394,3979,3501,5087,7359,5589,3903,4869,6726,5104,3930,13.5875,-5.3101,8.8998,48.0413
63089,4050,4709,4382,3830,4623,7385,5947,4102,4212,5547,5004,3804,3654,3871,3760,3503,-4.70233,-3.21731,8.57937,48.2553
63090,3352,3760,4580,4686,3538,4227,6917,6748,3451,4054,5898,5812,3218,3648,4112,4164,-2.47627,14.9693,8.54594,48.11
63091,12412,5904,3867,3474,6004,4667,3700,3490,3929,3672,3380,3323,3445,3408,3321,3196,-31.4264,-30.5378,8.59245,47.4613
63092,3938,5877,10015,6591,3744,4378,5308,4709,3468,3569,3831,3681,3095,3291,3369,3324,-28.8153,8.36598,8.99072,48.1253
63093,3270,3362,3180,3148,3784,3887,3615,3428,4695,5286,4524,3862,6407,9857,5993,4071,26.3162,-7.54484,8.95957,48.246
63094,3325,3518,3975,3944,3473,4180,5530,4894,3576,4656,7687,6109,3452,4087,4988,4735,5.45942,11.1664,8.62266,48.086
63095,4973,7620,6288,4247,4585,6476,5543,4136,3736,4122,3885,3539,3396,3449,3400,3254,-17.6512,-3.27537,8.9415,48.4327
63096,3206,3236,3384,3488,3380,3609,4142,4011,3474,4132,5958,6179,3710,4364,7531,8313,19.6538,16.0062,8.61969,48.078
63097,3864,4933,6312,4774,3954,5413,7825,4986,3612,4010,4512,4089,3222,3513,3635,3584,-11.9127,5.79848,8.62167,48.1587
63098,4128,6012,7671,5164,4049,5352,6554,4616,3648,3842,4084,3714,3190,3493,3500,3456,-17.4728,3.78764,8.97987,48.3153
63099,3142,3250,3302,3407,3365,3482,3816,3866,3438,3879,5168,5705,3475,4303,8017,10267,30.5764,17.9718,8.60021,47.9213
63100,3197,3351,3268,3299,3536,3850,3758,3533,4258,5065,4741,4110,5125,8910,7579,4539,28.4554,-2.18024,8.57756,48.0793
63101,4919,4442,3774,3268,7984,5914,3877,3402,6806,5298,3911,3339,4530,4159,3592,3209,-2.33512,-19.7373,8.75728,48.2827
63102,3558,4419,8213,10040,3467,3862,5089,5624,3252,3572,3779,3974,3113,3321,3385,3386,-33.4826,17.3078,8.74302,48.036
63103,3163,3192,3447,3252,3265,3557,3890,3877,3523,4130,5238,5488,3494,4686,9053,9052,28.6582,14.9838,8.78705,48.2047
63104,3178,3281,3300,3330,3346,3653,3900,3758,3735,4553,5271,4643,4122,6091,9881,6124,30.6754,6.9236,8.56931,48.1107
63105,3131,3225,3491,3483,3307,3474,4025,4344,3419,3868,5150,8520,3379,3853,5568,9619,16.529,30.8579,8.76439,47.904
63106,3770,4251,4401,3942,4013,6049,6910,4390,4048,5303,5951,4213,3562,3950,4037,3676,-2.49014,2.05175,8.6782,48.3107
63107,11119,6907,4105,3442,6467,4981,3888,3389,4098,3858,3494,3262,3375,3338,3147,3029,-23.4278,-22.192,8.98216,47.9327
63108,3291,3626,4388,5253,3410,3868,5163,9311,3372,3666,4621,7161,3307,3459,3918,4207,-3.28026,33.777,8.91651,48.014
63109,3382,3872,6055,12406,3348,3752,4819,6662,3293,3353,3701,3911,3173,3338,3390,3404,-24.357,31.7652,8.94154,47.906
63110,3344,3723,5739,9459,3513,3906,5234,8614,3223,3539,4068,4502,3159,3318,3465,3542,-16.4513,26.669,8.7453,48.232
63111,3345,3855,6098,12574,3318,3697,4786,6094,3303,3374,3707,3974,3208,3254,3349,3375,-33.5759,27.0778,8.90783,47.5407
63112,7034,6285,4185,3467,7300,6760,4134,3561,4541,4286,3612,3289,3715,3621,3370,3101,-13.6544,-16.6955,8.58867,48.174
63113,3224,3200,3484,3591,3292,3563,4204,4878,3417,3868,5193,9511,3383,3838,5139,8331,13.2476,32.4408,8.92125,48.0773
63114,3590,3419,3389,3157,4667,4203,3579,3380,9016,5277,3839,3352,8571,5401,3795,3410,14.3648,-33.697,8.69996,48.03
63115,3357,3508,3280,2967,3973,4040,3602,3376,5738,6305,4284,3665,7100,8471,4848,3695,19.4317,-12.165,8.96979,48.1393
63116,3404,3978,5614,9663,3381,3703,5139,8470,3280,3543,4046,4426,3028,3413,3558,3397,-16.9075,31.8317,8.88322,48.0287
63117,3234,3359,3522,3430,3208,3487,3726,4032,3480,3775,4895,5921,3379,3970,7161,11744,31.6253,22.0884,8.75069,48.2153
63118,3330,3837,5932,12227,3372,3759,4766,5865,3361,3537,3714,3914,3149,3368,3412,3489,-33.5262,33.2757,8.52461,47.3547
63119,3632,4041,4118,3833,4015,5218,6212,4514,4029,5789,6718,4457,3698,4089,4296,3963,1.11709,2.97734,8.57714,48.4147
63120,3776,3677,3339,3028,5351,4313,3547,3225,9523,5458,3966,3485,7250,5002,3849,3297,10.7746,-25.7062,8.7013,48.0573
63121,3842,4049,3587,3478,4556,5696,4463,3594,5395,8104,5053,3706,4474,4980,4036,3611,4.65852,-7.93611,8.99241,48.416
63122,3468,3511,3244,3001,4641,4153,3561,3240,8946,5079,3740,3297,9164,5302,3790,3394,15.1926,-30.9352,8.86838,47.6873
63123,3995,5795,9642,6476,3702,4488,5345,4742,3401,3669,3872,3833,3202,3243,3322,3358,-27.1851,7.94339,8.677,48.0567
63124,3867,3839,3497,3369,5021,5280,3982,3534,6677,7765,4390,3594,4984,5183,3896,3495,6.02731,-13.302,8.88561,48.2487
63125,3391,3693,3686,3500,3732,4295,4639,3934,4227,6251,7424,4822,3940,5195,5376,4308,9.94855,2.70491,8.61026,48.2753
63126,12387,6305,3874,3417,6157,4791,3798,3391,3938,3881,3516,3192,3370,3413,3247,3083,-27.1782,-26.5587,8.6276,47.84
63127,3717,3551,3300,3186,4987,4174,3475,3288,9747,5338,3697,3370,7860,5234,3839,3417,12.3987,-33.2158,8.95457,48.12
63128,3453,3499,3401,3147,4033,4236,3698,3293,6105,6922,4532,3637,6623,7572,4659,3678,16.5847,-12.7263,8.84979,48.3253
63129,8812,7788,4424,3579,6111,5755,4099,3498,4181,3928,3543,3361,3413,3425,3239,3050,-20.4104,-16.4712,8.94315,48.1373
63130,3519,3641,3468,3117,4164,4314,3749,3411,6392,6982,4497,3560,6245,6935,4532,3734,14.8467,-12.8939,8.75136,48.1733
63131,9278,8174,4482,3496,5763,5462,3908,3532,3971,3835,3409,3399,3271,3378,3332,3009,-23.2157,-16.4224,8.61627,47.7993
63132,3498,4116,7024,11358,3433,4012,4943,5933,3197,3400,3784,3856,3084,3220,3522,3429,-27.2889,21.426,8.57219,47.8727
63133,3602,3683,3425,3165,4232,4749,3884,3408,5882,8021,4883,3753,5206,6244,4548,3610,11.4922,-9.53879,8.9621,48.1967
63134,3589,4696,8936,8635,3653,4045,5287,5318,3332,3595,3911,3787,3195,3325,3350,3293,-32.4203,14.491,8.51658,47.9647
63135,3150,3278,3351,3381,3249,3463,3759,3914,3356,3831,4600,6003,3337,3812,5995,12722,30.4168,30.7549,8.79508,47.4673
63136,3203,3388,3513,3487,3513,3886,4422,4284,3683,4799,7549,5713,3605,4674,6762,5709,13.2808,10.0935,8.59783,48.1267
63137,3167,3215,3410,3354,3240,3492,3795,3862,3342,3759,4922,5910,3296,4054,6912,12122,28.533,23.311,8.99651,47.9013
63138,3499,3384,3207,3101,4196,3905,3490,3215,7328,5359,3961,3386,10158,6475,4077,3461,19.6464,-22.0935,8.98775,48.1347
63139,8815,6666,4256,3528,7246,5845,3974,3389,4349,4190,3537,3247,3529,3517,3301,3046,-17.5902,-19.2062,8.81155,48.29
63140,6512,8626,5076,3874,5288,6335,4666,3736,4007,4053,3737,3331,3372,3440,3283,3216,-19.6209,-9.91705,8.82859,48.368
63141,3202,3390,3616,3517,3555,3795,4503,4177,3792,4778,7403,5889,3706,4631,6839,5621,13.5577,10.4169,8.60132,48.276
63142,4178,5479,6075,4519,4264,6243,6954,4445,3825,4272,4392,3765,3343,3555,3576,3438,-12.8195,1.11776,8.51459,48.2153
63143,3177,3274,3349,3379,3259,3545,3809,3835,3203,3862,4917,5788,3406,4070,6832,11811,31.7436,22.6543,8.83879,47.6773
63144,7572,7872,4732,3648,6116,6173,4256,3513,4059,4037,3496,3459,3469,3383,3299,3228,-18.7131,-14.4566,8.50785,48.208
63145,3839,4278,4300,3869,4093,5967,6379,4332,4038,5514,6013,4134,3582,4162,4186,3692,-1.28988,1.08176,8.76296,48.252
63146,3307,3373,3470,3345,3674,4036,3968,3680,4234,5998,6001,4294,4573,7052,6888,4603,17.0251,-0.266172,8.51808,48.3307
63147,3869,3790,3349,3209,5227,4797,3692,3434,8032,6955,4259,3400,5854,5372,4029,3415,8.82024,-17.2124,8.76903,48.4553
63148,3291,3775,5285,6507,3316,3876,6142,9016,3368,3744,4431,5315,3194,3354,3605,3747,-9.4065,20.7766,8.79398,47.9773
63149,10479,6798,3979,3404,7058,5336,3895,3359,4132,3954,3421,3216,3356,3301,3199,3202,-20.7514,-21.5842,8.96663,48.0593
63150,7983,9791,4925,3586,5002,5214,4259,3580,3721,3861,3587,3390,3390,3343,3220,3136,-32.6805,-12.2195,8.95754,47.992
63151,3231,3460,3275,3159,3595,3988,3799,3632,4393,5797,5417,4229,4846,7807,7142,4538,20.4425,-1.24227,8.66743,48.2053
63152,3558,4844,9058,8795,3509,4138,5226,5243,3243,3505,3805,3851,2993,3239,3361,3381,-27.6917,14.6372,8.97469,47.8327
63153,3166,3287,3370,3418,3272,3554,3798,3735,3638,4254,5247,5100,3764,5295,9620,7632,26.4999,11.5921,8.63215,48.1
63154,3466,3374,3290,3207,3986,3588,3399,3141,6039,4703,3746,3350,12531,5972,3815,3431,33.0137,-28.5176,8.74954,47.3587
63155,3188,3200,3438,3545,3168,3447,3875,4414,3381,3785,5034,7921,3378,3964,5774,10676,18.8438,28.0506,8.96298,48.1253
63156,3217,3345,3704,3689,3304,3629,4404,4617,3565,4269,6970,7466,3477,4210,5848,6617,12.1134,16.3385,8.99519,48.2207
63157,3350,3816,5286,7624,3287,3884,5546,9355,3219,3609,4286,5089,3083,3273,3612,3691,-12.0909,24.42,8.79253,48.0067
63158,4516,4218,3629,3224,6965,5592,3913,3459,7452,6010,3959,3383,4678,4298,3661,3284,1.15215,-18.9644,8.91432,48.1607
63159,3159,3215,3318,3322,3285,3491,3783,3840,3533,4083,5212,5502,3456,4557,8892,9281,31.0601,15.8352,8.97744,47.9527
63160,3421,3452,3243,3144,3991,3896,3569,3325,5721,5972,4154,3651,7745,8502,4753,3673,20.6183,-13.4687,8.88809,48.1413
63161,3118,3224,3370,3349,3389,3779,3791,3618,3826,4536,5146,4658,4082,6518,9762,5899,31.0898,5.77088,8.77604,48.0433
63162,5551,5017,3847,3418,8105,6482,4030,3422,5626,4958,3813,3170,4056,3846,3509,3134,-6.68374,-18.372,8.61997,47.9893
63163,3337,3396,3270,3117,3945,3658,3450,3176,6095,4655,3750,3421,12593,6077,3989,3392,32.0096,-27.5846,8.70817,47.5473
63164,3484,3809,4357,4106,3646,4807,6908,4852,3752,4689,6887,4922,3542,3878,4328,4094,0.367185,7.57333,8.75138,48.0407
63165,3058,3362,3462,3714,3303,3496,4086,4668,3439,4043,5589,8653,3326,3960,5667,8337,14.6262,23.1137,8.56477,48.1087
63166,3315,3933,5590,9999,3399,3848,5155,8291,3227,3408,3986,4391,3088,3243,3432,3625,-17.3029,28.2407,8.74854,47.9533
63167,3349,3673,3860,3819,3621,4297,5721,4413,3809,5232,7977,5199,3689,4117,5070,4411,5.11726,6.65958,8.88221,48.1713
63168,3187,3234,3393,3483,3218,3408,3734,3981,3300,3887,4674,6099,3399,3891,6211,12515,31.4266,26.333,8.8393,47.7427
63169,10547,6199,3944,3405,7430,5147,3877,3336,4316,3930,3554,3135,3564,3420,3243,3045,-19.7255,-24.0182,8.68169,48.0613
63170,3372,3465,3364,3241,3791,4092,3897,3415,4815,6605,5223,4023,5367,7768,5720,4130,17.7178,-5.01922,8.61929,48.192
63171,3278,3602,4230,5015,3395,3787,4974,8444,3370,3714,4936,7818,3219,3538,4172,4591,-0.949106,30.9042,8.65961,48.0553
63172,3110,3146,3341,3380,3265,3398,3792,3955,3207,3743,4721,6284,3311,4070,6221,12453,26.1904,27.1177,8.86825,47.598
63173,3234,3662,4309,5070,3230,3843,5418,8433,3362,3828,5100,7503,3345,3499,4064,4450,-1.90398,23.8862,8.64519,48.2333
63174,4986,4784,3708,3347,7351,6946,4221,3374,5796,5425,3847,3422,4169,4017,3536,3320,-4.62839,-16.32,8.75674,48.166
63175,5984,9646,6289,3972,4543,5255,4511,3800,3735,3725,3727,3432,3360,3418,3318,3220,-30.6847,-6.25253,8.58448,47.9567
63176,5075,8199,7109,4516,4274,5602,5275,4096,3569,3875,3796,3520,3275,3439,3323,3252,-21.6645,-2.03845,8.50977,48.13
63177,3268,3362,3400,3197,3494,3742,3736,3551,4069,4994,5018,4208,4501,7959,8724,5068,30.0938,1.14124,8.78524,48.194
63178,11454,7078,4157,3455,6136,4852,3875,3362,3974,3852,3309,3213,3368,3352,3288,3111,-26.2144,-22.0887,8.76197,47.8907
63179,3596,3771,3705,3321,4104,5076,4363,3612,4929,8016,5638,4018,4315,5337,4454,3812,7.05148,-5.05958,8.53109,48.0447
63180,3508,3426,3245,3111,4215,3856,3479,3168,7642,4909,3859,3444,11199,5651,3817,3360,20.0877,-30.3529,8.95284,47.926
63181,3140,3333,3494,3413,3295,3633,3975,3962,3636,4481,6420,5357,3684,4960,8769,6817,19.792,10.7917,8.93983,48.246
63182,3391,3806,5388,8839,3283,3813,5239,9272,3309,3629,4134,4680,3015,3184,3494,3597,-14.4214,31.2696,8.96855,48.0487
63183,3447,4240,7253,11121,3388,3951,4921,6102,3246,3502,3800,3905,3010,3224,3314,3376,-26.0566,20.5291,8.76868,47.8667
63184,3154,3186,3351,3413,3226,3392,3820,3984,3419,3847,4853,6608,3450,3832,5982,12027,23.9435,32.9935,8.76089,47.696
63185,3262,3497,3714,3593,3558,4136,4880,4140,3855,5536,8077,5181,3755,4706,5873,4627,9.72027,6.04921,8.90328,48.26
63186,3897,4396,4283,3721,4578,6779,5848,4025,4376,6130,5242,3872,3787,4181,3903,3511,-1.87267,-2.54586,8.94139,48.3527
63187,3514,3568,3609,3498,3876,4872,4563,3733,4395,7242,6605,4285,4258,5381,5069,4027,8.57849,-1.56611,8.8507,48.33
63188,4195,3965,3436,3260,6090,5325,4051,3417,7553,6569,4076,3492,4860,4740,3712,3340,3.77964,-16.9975,8.71246,48.054
63189,3278,3401,3376,3334,3744,4016,4122,3567,4348,6354,5893,4171,4730,6995,6447,4500,16.8868,-1.14978,8.51047,48.184
63190,5397,9492,7073,4217,4408,5086,4721,3849,3603,3817,3663,3310,3190,3433,3348,3225,-32.5087,-3.81737,8.99599,47.888
63191,4458,3970,3458,3295,7229,5164,3665,3395,8490,5467,3917,3402,4989,4224,3589,3298,2.16544,-22.8332,8.63882,48.0067
63192,3285,3677,4635,5871,3352,3946,5307,9490,3329,3671,4636,6477,3207,3390,3859,4086,-5.71532,33.2293,8.71914,48.1453
63193,3372,3387,3163,3110,4069,3787,3458,3203,6234,4758,3718,3569,12488,6017,3862,3407,26.6504,-28.4335,8.73925,47.7347
63194,3141,3247,3588,3581,3186,3613,4088,4766,3395,3842,5303,9071,3343,3942,5156,8378,14.0362,31.7266,8.515,47.76
63195,3498,3861,4410,4043,3684,4662,6858,5153,3749,4510,6634,5278,3539,3843,4332,4135,-0.25132,9.16272,8.601,48.126
63196,3358,3522,3601,3520,3532,3879,4723,4173,3764,5012,7916,5644,3735,4638,6235,5008,11.2061,8.34135,8.68261,48.1733
63197,3227,3399,3202,3232,3817,3789,3647,3317,5047,5332,4235,3667,7406,9575,5281,3763,26.4059,-11.1004,8.73745,47.9573
63198,3441,3563,3286,3155,4229,4031,3783,3324,6818,6092,4100,3340,8148,6980,4351,3522,17.3951,-17.0899,8.91358,48.1087
63199,4337,4514,3912,3457,5297,7247,4637,3578,4924,6574,4575,3739,3982,4227,3772,3500,-1.35313,-8.78684,8.57225,48.1813
63200,5813,4525,3687,3348,9450,5297,3819,3286,6827,4636,3786,3298,4183,3844,3332,3167,-5.14234,-25.8339,8.87386,48.1987
63201,3364,3334,3296,3160,3563,3869,3592,3372,4806,5412,4500,3833,6154,9678,6151,3964,26.7291,-6.65798,8.64587,48.032
63202,3172,3276,3509,3553,3429,3698,4256,3930,3820,4751,7189,5360,3828,5075,7551,5836,15.8044,9.1042,8.90919,48.1553
63203,4100,3955,3484,3125,5864,5033,3789,3325,8289,6474,4092,3390,5459,4953,3732,3268,5.67391,-18.62,8.83627,48.2213
63204,3279,3930,6007,9927,3359,3851,5489,7927,3142,3547,3935,4361,3073,3316,3530,3478,-18.0323,23.9056,8.85252,48.1007
63205,3209,3423,3718,3999,3176,3694,4397,6132,3222,3663,5448,10110,3228,3770,4668,6297,7.30185,27.2084,8.93876,48.1027
63206,3104,3261,3240,3411,3238,3454,3811,4038,3433,3877,4795,6735,3336,3913,6136,11959,24.0632,28.0103,8.58841,47.8273
63207,5130,4241,3579,3234,8789,5274,3750,3365,7694,4872,3705,3340,4541,4028,3558,3278,-1.71906,-26.8944,8.85662,48.252
63208,3878,3736,3392,3192,5654,4404,3481,3218,9895,5336,3884,3457,6706,4771,3603,3308,8.82244,-28.3447,8.86088,47.9433
63209,3288,3777,4812,6538,3365,3750,5226,9940,3352,3568,4430,5674,3218,3426,3761,3898,-8.51189,31.318,8.94953,48.0153
63210,12811,6066,3913,3447,5973,4578,3834,3403,3799,3729,3407,3191,3525,3374,3274,3157,-31.7389,-31.898,8.76061,47.654
63211,3566,4910,8885,7714,3451,4124,5944,5475,3389,3495,3927,3897,3127,3232,3349,3338,-22.2723,12.4887,8.78665,47.882
63212,6272,9712,5943,3952,4713,5718,4505,3639,3790,3892,3772,3457,3243,3510,3246,3114,-24.6607,-7.73396,8.71126,48.3187
63213,3361,3441,3331,3155,3876,4045,3609,3342,5412,6088,4236,3535,7041,8871,5028,3740,21.5269,-11.2298,8.6815,48.074
63214,5667,4383,3614,3274,9780,5220,3737,3460,6691,4451,3655,3230,4229,3909,3449,3156,-5.11664,-29.0786,8.70456,47.9367
63215,3376,4199,6750,10445,3393,3996,5127,6693,3289,3552,3880,4077,3058,3233,3368,3561,-21.6376,21.5186,8.72503,47.998
63216,3082,3416,3474,3666,3312,3623,4238,4971,3443,3912,5296,9490,3372,3778,5000,8052,12.7541,27.7975,8.65561,48.0833
63217,6082,4950,3783,3339,9150,6163,3849,3442,5609,4709,3688,3340,3974,3726,3432,3024,-7.64889,-20.8469,8.95186,48.1733
63218,3236,3294,3376,3346,3464,3495,3787,3610,3805,4680,5200,4507,4233,6582,9633,5884,30.1985,5.50946,8.8337,48.088
63219,4808,7971,7525,4636,4151,5453,5242,4214,3620,3921,3762,3479,3184,3418,3253,3281,-22.0219,-0.877487,8.94481,47.9453
63220,3951,4147,3775,3450,4580,6095,4524,3679,4992,7501,5272,3837,4207,4652,4127,3576,3.1553,-6.43035,8.80795,48.2433
63221,4083,4698,4106,3523,4938,7230,4955,3795,4696,6262,4668,3734,3846,4179,3738,3496,-2.07118,-6.67881,8.58073,47.9647
63222,3248,3320,3273,3281,3536,3757,3750,3586,4005,4860,5022,4294,4697,7776,8660,4783,32.7937,1.17948,8.57985,47.8987
63223,4435,7339,8942,5160,4054,4950,5067,4259,3473,3592,3727,3544,3184,3299,3328,3330,-28.0127,2.41514,8.6505,47.7887
63224,7394,5063,3719,3288,9624,5311,3861,3376,5250,4311,3613,3166,3813,3679,3306,3092,-10.9441,-26.7516,8.75515,47.9107
63225,3101,3317,3486,3496,3470,3670,3995,3913,3772,4388,6049,5161,3946,5421,8770,6395,21.5271,9.05444,8.56791,48.2333
63226,3528,3456,3231,3128,4561,4117,3553,3292,8216,5683,3771,3498,8687,5879,3954,3423,15.5819,-22.496,8.74376,47.9847
63227,3096,3359,3414,3448,3370,3742,4203,4236,3572,4365,6575,6275,3710,4699,7400,6938,16.7852,13.6097,8.72802,48.268
63228,4147,4872,4423,3775,4484,7339,6098,4051,4127,5437,4964,3897,3655,3948,3851,3484,-4.58233,-2.75426,8.60277,48.368
63229,3158,3197,3415,3423,3211,3492,3849,3996,3373,3868,5024,6656,3453,3880,6467,11749,23.1663,25.0972,8.82238,48.1407
63230,3704,3734,3433,3122,4720,4667,3677,3337,7227,7333,4389,3438,6094,5886,4193,3464,11.0165,-15.5276,8.51727,48.2787
63231,3504,4033,6182,9187,3335,3980,5554,7640,3310,3534,4127,4512,3060,3454,3529,3556,-17.2365,22.7411,8.51946,48.3313
63232,3085,3356,3284,3233,3548,3805,3822,3538,4007,4783,5022,4236,4561,7934,8625,5110,30.9967,1.12523,8.71135,47.966
63233,3320,3467,3187,3076,3908,3854,3599,3208,5521,5035,3986,3478,9866,8375,4498,3495,27.4648,-16.9336,8.81487,47.9153
63234,3835,5484,8550,6163,3805,4710,6375,5100,3367,3752,3982,3896,3176,3404,3353,3263,-19.8987,8.53711,8.54926,48.1433
63235,5173,4292,3476,3425,8956,5111,3767,3375,7408,4809,3697,3367,4387,4002,3634,3197,-2.22084,-28.609,8.50996,48.0507
63236,3881,3662,3397,3098,5309,4220,3571,3210,9489,5497,3815,3392,7546,5148,3885,3305,11.4989,-25.6618,8.55817,48.2833
63237,3020,3317,3445,3309,3447,3862,4098,3715,3898,4942,6210,4753,3926,6026,8794,5669,19.9657,6.21966,8.98019,48.2873
63238,3289,3812,4969,6966,3464,3791,5229,9917,3253,3530,4428,5505,3112,3352,3691,3859,-10.0064,29.7067,8.7437,48.1113
63239,3228,3444,3910,4030,3364,3654,4632,6673,3272,3847,5231,9743,3381,3637,4442,5852,5.4928,27.887,8.85431,48.2267
63240,3528,3806,3819,3550,3769,4750,5276,4148,4003,6335,7455,4600,3811,4500,4953,4158,5.94494,2.70902,8.97024,48.3073
63241,3692,3551,3375,3260,5219,4255,3640,3280,9696,5245,3693,3400,7564,5069,3829,3403,11.4891,-30.6288,8.7413,48.114
63242,4375,5186,4691,3771,4920,7815,5932,3992,4107,5140,4565,3800,3508,3684,3666,3395,-7.54824,-3.78865,8.88089,48.3647
63243,3956,3740,3410,3247,5775,4408,3711,3329,9827,5289,3912,3289,6431,4837,3887,3295,8.50858,-33.5296,8.83853,48.2287
63244,3134,3215,3408,3447,3208,3555,3990,4077,3493,4048,5614,6331,3530,4406,7702,8866,20.7434,17.1044,8.6431,48.016
63245,5219,8870,7330,4411,4280,5135,4763,4009,3649,3766,3711,3521,3321,3377,3394,3183,-31.3494,-2.28011,8.66758,47.9593
63246,3305,3280,3306,3064,3730,3860,3674,3430,4853,5751,4500,3789,6551,9524,5701,3884,24.1711,-8.77523,8.52932,48.1347
63247,3139,3352,3479,3654,3357,3586,4172,4999,3379,3868,5086,9537,3361,3827,5040,8062,12.7141,32.3407,8.99892,47.932
63248,3128,3199,3386,3361,3213,3563,4054,4468,3474,3750,5040,7992,3388,3954,5731,10317,18.2526,31.1476,8.65649,48.012
63249,3182,3368,3529,3538,3161,3530,4111,4498,3496,3943,5736,7897,3407,4012,6307,8841,16.5299,20.8198,8.77354,48.3707
63250,3385,3327,3143,3171,4194,3914,3456,3229,6779,5403,3903,3376,10336,6960,4176,3464,22.2041,-20.8605,8.90111,48.144
63251,3363,3487,3221,3076,3879,3898,3428,3280,5638,5052,3895,3422,10352,8145,4217,3389,28.0965,-18.1607,8.85171,47.828
63252,3449,3416,3271,3220,3858,3679,3460,3305,5995,4763,3655,3409,12271,5856,3827,3401,33.3704,-31.8304,8.69625,47.2233
63253,3324,3458,3160,3092,3718,3778,3612,3445,4692,5244,4543,3735,5924,9778,6143,4143,29.8545,-6.1004,8.63915,47.8593
63254,3449,3752,4435,4252,3535,4272,7117,5861,3524,4208,6530,5701,3324,3674,4265,4329,-0.635041,12.404,8.9103,48.152
63255,3741,4449,5077,4266,4049,5886,7655,4853,3679,4660,5204,4154,3377,3657,3928,3670,-6.0431,4.14093,8.64976,48.2033
63256,4857,4558,3740,3278,7331,6568,4118,3380,6189,5417,3987,3389,4309,4133,3499,3363,-2.91114,-17.2354,8.5488,48.0773
63257,3188,3413,3307,3377,3476,3685,3826,3734,3689,4614,5298,4663,4199,6246,9715,6140,27.0515,6.47293,8.57385,48.38
63258,3267,3422,3261,3148,3781,3790,3638,3396,4551,5660,4728,3949,5724,9321,6289,4222,23.0903,-5.01498,8.92337,48.098
63259,3582,3566,3420,3155,4461,4455,3678,3349,7140,6892,4284,3540,6735,6386,4259,3571,13.5046,-15.43,8.97049,48.3153
63260,3121,3362,3663,3976,3356,3600,4513,5985,3319,3781,5241,10170,3337,3763,4756,6374,7.54966,28.885,8.83822,48.2113
63261,3319,3326,3264,3271,3647,3770,3676,3467,4351,4991,4712,3986,5305,9474,7238,4319,31.8965,-3.23555,8.96649,48.0773
63262,3265,3353,3357,3281,3648,3841,3645,3499,4388,4980,4775,4060,5221,9097,7427,4414,29.3412,-2.73954,8.66891,48.1673
63263,3146,3193,3411,3390,3254,3361,3845,4009,3440,3826,4824,6672,3393,3831,5997,12089,24.3818,31.0891,8.67933,47.7873
63264,3200,3294,3341,3196,3566,3666,3786,3603,3994,4968,5228,4287,4606,7415,8812,5153,26.6125,2.17628,8.75203,48.0767
63265,3443,3839,5972,12485,3279,3644,4817,6016,3209,3434,3835,3991,3254,3303,3321,3372,-33.3103,32.9357,8.75234,47.476
63266,4039,4170,3804,3531,4829,6520,4800,3718,4755,7025,5160,3775,4059,4371,4062,3569,1.1455,-5.79682,8.55053,48.1247
63267,3228,3540,4193,4836,3274,3905,5192,8384,3350,3796,5005,7779,3229,3406,4155,4508,-1.03249,24.3171,8.79342,47.8533
63268,3626,4182,7384,10667,3396,3950,5159,6199,3252,3424,3801,4020,3068,3235,3335,3332,-24.2487,20.3228,8.56383,48.02
63269,3182,3198,3458,3467,3112,3433,3719,3948,3398,3776,5014,5882,3374,4143,7196,11218,33.7063,21.0243,8.81827,47.6787
63270,4440,5017,4128,3587,5388,7868,4940,3771,4615,5665,4244,3638,3764,3973,3766,3463,-5.29549,-8.3366,8.51526,48.178
63271,3740,3669,3381,3112,5231,4498,3658,3327,8698,6274,4070,3474,6613,5336,3824,3375,10.0991,-19.6156,8.90888,48.1867
63272,3174,3382,3329,3216,3422,3825,3762,3579,3899,4612,5204,4327,4459,7252,9403,5374,28.6498,3.27591,8.79646,48.146
63273,3051,3187,3395,3463,3252,3491,3824,3900,3379,3783,5003,5869,3367,3993,7144,11650,32.0039,21.9886,8.66441,47.834
63274,3362,3996,6612,11879,3370,3865,5017,6070,3128,3478,3753,3935,3107,3207,3433,3490,-33.822,23.2728,8.66627,47.8013
63275,3444,4043,6456,9708,3425,3817,5434,7312,3222,3490,4002,4137,3118,3298,3524,3479,-18.82,21.5683,8.6031,47.9393
63276,3695,3684,3237,3155,5286,4261,3616,3249,9603,5226,3868,3280,7304,5157,3772,3350,11.1316,-32.6501,8.84124,47.8287
63277,3463,3430,3195,3046,3905,3924,3453,3247,6189,4796,3752,3417,12371,6280,4078,3409,27.7531,-26.5537,8.51835,47.97
63278,3612,4513,7940,8769,3470,4015,5589,6176,3373,3624,3977,4090,3033,3169,3317,3467,-21.3564,16.2607,8.74599,48.0893
63279,3380,3563,4720,5867,3301,3753,5111,9781,3314,3686,4547,6473,3167,3414,3829,4001,-6.07286,31.4901,8.53163,47.938
63280,3054,3243,3407,3429,3275,3449,3854,4092,3378,3843,5132,6362,3294,4150,7075,10994,24.0393,22.1611,8.56476,48.0207
63281,3168,3377,3730,3853,3313,3648,4305,5528,3445,3833,5178,9774,3370,3736,4736,6986,9.26826,28.4853,8.55184,47.9867
63282,3252,3526,3772,4177,3225,3768,4440,6280,3354,3712,5145,9697,3276,3665,4626,5849,6.23155,31.9886,8.72171,47.8427
63283,3790,5517,9939,6990,3643,4297,5215,4892,3371,3517,3766,3750,3121,3254,3316,3335,-29.0094,9.82336,8.89686,47.8087
63284,4436,6675,6623,4528,4234,6292,6237,4250,3647,4038,4114,3705,3266,3477,3530,3409,-16.4707,0.295041,8.9074,48.3073
63285,3545,3448,3282,3133,4525,4074,3612,3178,8686,5035,3938,3388,9129,5494,3859,3447,15.6504,-31.4442,8.59466,47.8487
63286,3166,3515,4046,4733,3372,3722,4943,8063,3357,3819,5032,8308,3351,3540,4136,4794,0.342481,32.0963,8.5835,47.9313
63287,3199,3447,3812,4149,3384,3757,5002,6357,3344,3853,5956,8863,3348,3660,4692,5471,4.68257,21.4506,8.68624,48.196
63288,3189,3305,3248,3298,3434,3815,3727,3544,4122,5085,5353,4353,4626,7884,8359,5005,23.999,0.944738,8.95877,48.2313
63289,3255,3496,3724,3622,3554,4141,4806,4227,3756,5195,8118,5575,3799,4496,5836,4878,10.0245,8.09349,8.52039,48.3187
63290,3282,3408,3401,3236,3824,3866,3572,3351,4813,5243,4485,3715,6464,9862,5628,3811,33.3512,-8.26032,8.88191,47.974
63291,3346,3691,4397,5475,3320,3748,5066,9258,3310,3678,4654,6903,3227,3506,3977,4258,-4.22267,31.7918,8.66285,47.876
63292,3194,3403,3586,3773,3366,3643,4620,4749,3593,4338,7288,7408,3330,4116,5722,6002,10.904,15.3973,8.96505,48.0873
63293,3393,3918,6390,12140,3341,3778,4929,6558,3295,3429,3781,4009,3078,3219,3408,3456,-24.5839,25.5979,8.90134,48.0813
63294,4892,4157,3537,3208,8447,4950,3745,3297,8033,4928,3711,3389,4801,4087,3614,3203,-0.705341,-29.3327,8.7035,47.9993
63295,4686,7694,8410,4999,4159,5046,5295,4182,3520,3767,3840,3525,3264,3237,3349,3262,-24.7551,0.760845,8.69553,48.1567
63296,10637,5736,3981,3380,7727,4930,3853,3374,4333,3993,3416,3296,3465,3323,3208,3027,-18.6547,-32.9163,8.75748,47.786
63297,3094,3356,3440,3489,3365,3665,3980,4027,3604,4102,5921,6430,3592,4394,7697,8418,19.8146,16.4435,8.66047,48.3827
63298,3419,4332,7772,10782,3373,3906,4968,5578,3279,3479,3875,3811,3113,3310,3478,3357,-30.5874,19.0873,8.96187,47.888
63299,3323,3762,5427,9090,3406,3842,5151,8671,3306,3523,4127,4587,3149,3319,3548,3534,-15.0675,32.5444,8.59021,47.8433
63300,7042,5190,3820,3242,9449,5634,3812,3422,5273,4398,3544,3327,3788,3583,3260,3170,-10.446,-24.4474,8.66545,47.9693
63301,3410,3304,3134,3122,3892,3956,3521,3213,5255,5276,4189,3616,8152,9443,4844,3698,25.6326,-13.102,8.85286,48.0167
63302,3243,3382,3347,3299,3476,3829,3991,3643,4135,5271,5844,4478,4453,6837,8030,5114,19.8525,2.22728,8.72943,48.248
63303,3238,3456,3421,3212,3574,3921,3849,3526,4417,5872,5366,4210,4853,7777,7024,4492,20.3057,-1.51007,8.67905,48.1387
63304,3451,4081,6435,10079,3482,3963,5296,7417,3090,3592,3907,4280,3134,3198,3459,3401,-19.427,21.7591,8.8826,48.1767
63305,4136,5679,6639,4580,4171,6099,7180,4556,3620,4131,4376,3772,3298,3403,3450,3372,-13.8004,2.62613,8.93859,48.308
63306,4495,7170,7933,4906,4031,5191,5541,4167,3561,3897,4100,3643,3318,3426,3393,3389,-21.3329,1.47125,8.58072,48.1073
63307,3257,3437,3361,3194,3810,3800,3680,3389,4779,5232,4314,3761,6794,9876,5651,3951,28.0073,-9.36979,8.65845,48.1907
63308,3407,4199,7434,11223,3412,3836,4921,5741,3246,3547,3838,3866,3143,3279,3378,3462,-30.5229,20.5424,8.83844,47.9547
63309,3483,4208,7540,9362,3507,3957,5561,6354,3222,3589,4030,3950,3078,3270,3396,3391,-21.8795,18.3692,8.50623,47.932
63310,3709,4570,7495,6660,3559,4417,6999,6051,3266,3723,4178,4203,3233,3401,3526,3605,-16.462,12.6873,8.80774,48.3967
63311,3354,3941,5780,7907,3391,4016,5882,8579,3304,3544,4323,4716,3133,3345,3508,3659,-13.832,22.2317,8.62282,48.2547
63312,3605,4225,5008,4498,3706,5241,8018,5278,3619,4335,5667,4564,3412,3630,3926,3725,-5.55974,7.36426,8.69688,48.3047
63313,3507,3727,3803,3542,3802,4769,4935,3846,4193,6861,6942,4418,4007,4915,4927,3985,6.71825,0.24801,8.96528,48.1193
63314,3634,4921,8321,6902,3491,4327,6293,5748,3332,3728,4045,3948,3121,3298,3519,3446,-19.4334,12.0559,8.80625,48.0493
63315,3371,3344,3266,3084,4129,3871,3453,3280,6364,5442,3941,3475,9731,7371,4309,3545,21.6625,-19.0736,8.86877,47.984
63316,3963,5816,9951,6556,3676,4306,5384,4712,3368,3649,3802,3776,3108,3319,3457,3151,-26.6314,8.08223,8.68182,47.996
63317,5768,7863,5270,3923,5185,6958,4798,3765,3959,4143,3763,3486,3459,3337,3393,3152,-17.0663,-8.16762,8.86607,48.148
63318,11397,7343,4093,3348,5839,4843,3940,3380,3886,3840,3414,3206,3401,3328,3253,3238,-32.3724,-20.8405,8.94552,47.8327
63319,3130,3370,3560,3610,3441,3962,4395,4258,3744,4494,7624,5937,3697,4551,6668,5806,13.2325,11.1947,8.73471,48.1647
63320,3058,3240,3430,3381,3209,3494,3751,3969,3329,3792,4754,6253,3414,3909,6271,12419,26.8308,27.593,8.61189,47.782
63321,3184,3160,3466,3383,3282,3380,3877,4193,3382,3759,4947,6960,3340,3860,5844,11584,22.1038,30.3329,8.60003,47.734
63322,4261,6958,8838,5261,4001,5105,5655,4391,3480,3755,3782,3576,3189,3377,3395,3310,-22.6588,3.4151,8.7313,48.2227
63323,3632,3630,3298,3078,4959,4068,3640,3219,9634,5194,3864,3369,8364,5100,3791,3396,12.9421,-29.5843,8.91362,48.1573
63324,7455,6109,3977,3356,7985,6333,3981,3481,4641,4307,3711,3209,3739,3531,3265,3225,-13.7736,-19.313,8.58716,48.2033
63325,3295,3730,4552,5243,3422,3846,6037,8526,3291,3895,5047,6518,3287,3455,4010,4231,-4.01398,20.5145,8.66936,48.2567
63326,3057,3168,3395,3339,3332,3568,3808,3746,3555,4161,5249,5245,3635,4763,9116,8779,29.0849,14.287,8.64239,47.944
63327,3292,3417,3311,3186,3730,3962,3769,3345,4709,6270,4976,3755,5679,8677,6016,4016,20.1461,-5.61298,8.94107,48.0733
63328,3403,3391,3249,3074,3933,3900,3527,3293,5596,5379,4146,3572,8466,8739,4887,3587,24.6187,-14.5435,8.78623,48.0947
63329,4723,4767,3875,3490,6220,7314,4390,3480,5328,6029,4162,3473,3948,4129,3663,3311,-2.96146,-12.5903,8.82383,48.2013
63330,3191,3232,3526,3283,3266,3512,3877,3962,3540,4199,5296,5475,3514,4641,8952,8800,33.1148,14.5925,8.54003,48.1773
63331,3421,3423,3314,3085,3921,4001,3530,3149,5734,5044,3874,3483,10678,7526,4378,3438,27.6213,-19.8282,8.63126,47.9993
63332,5705,6453,4338,3570,6162,7730,4604,3617,4361,4536,3779,3408,3598,3722,3453,3241,-12.1106,-11.509,8.60243,48.1847
63333,3466,3472,3437,3144,3890,4363,3943,3571,5099,7451,5347,3907,5102,6918,5247,4057,14.5297,-5.97252,8.56002,48.276
63334,7619,4988,3854,3397,9509,5217,3792,3428,5075,4147,3527,3309,3749,3562,3248,3173,-11.9334,-29.3772,8.52578,47.7293
63335,3233,3457,3409,3104,3586,3761,3673,3484,4332,5271,4850,4040,5165,8923,7525,4530,26.1193,-2.23155,8.80184,48.2287
63336,3302,3251,3226,3129,3769,3901,3565,3364,4972,5289,4399,3669,7120,9848,5333,3927,26.9356,-10.1012,8.87854,48.0427
63337,4966,6822,5350,3858,4953,7138,5486,3908,3961,4332,3996,3583,3370,3504,3552,3349,-14.3337,-5.14918,8.78985,48.0853
63338,3449,3470,3407,3163,3972,4206,3677,3422,5479,6606,4570,3596,6278,7957,4987,3806,17.719,-10.3829,8.51202,48.03
63339,3246,3246,3340,3274,3313,3466,3948,3810,3540,4191,5272,5330,3626,4902,9298,8615,30.2404,13.9236,8.65553,48.278
63340,3148,3259,3311,3418,3133,3527,3917,4077,3502,3767,4956,6829,3426,4031,5873,11533,22.5281,33.7117,8.50097,47.8047
63341,3235,3805,4827,5521,3342,3975,6282,8655,3357,3844,4814,6074,3159,3477,3880,4095,-5.46996,20.1354,8.92796,48.228
63342,3214,3458,3549,3635,3528,3969,4411,4039,3781,5028,7868,5446,3693,4858,6602,5262,12.7617,7.84304,8.9224,48.2273
63343,5901,4638,3695,3387,9950,5124,3939,3296,6147,4470,3751,3333,4082,3750,3538,3132,-6.48504,-33.4653,8.99116,48.0887
63344,3172,3290,3592,3796,3278,3588,4166,5453,3416,3757,5158,9774,3315,3777,4969,7649,10.9991,30.756,8.97776,48.1
63345,3272,3266,3313,3370,3594,3777,3745,3624,4135,4816,4988,4148,4611,8156,8549,4820,32.0821,0.592174,8.83618,48.1227
63346,3722,4904,9352,8327,3487,4162,5253,5321,3240,3545,3856,3804,3110,3262,3270,3330,-25.855,13.7837,8.83345,47.9633
63347,3387,3404,3259,3197,4326,3891,3466,3302,8078,5005,3694,3339,10238,5449,3846,3399,17.9551,-30.474,8.96186,47.52
63348,3363,3604,4060,3849,3664,4582,6161,4682,3661,5211,7607,5087,3752,4099,4767,4128,3.20326,6.61921,8.95759,48.1847
63349,3453,4116,7131,11752,3338,3771,4809,6169,3243,3416,3747,3915,3062,3197,3373,3409,-26.862,22.1505,8.9398,47.934
63350,4855,5523,4156,3645,5998,7883,4917,3635,4552,5148,3979,3558,3836,3786,3535,3275,-8.09246,-10.0066,8.51099,48.1873
63351,12290,5899,3849,3317,6013,4726,3688,3415,3891,3753,3442,3289,3460,3332,3322,3160,-33.2343,-33.0043,8.64965,47.2307
63352,8824,5749,3868,3386,8609,5274,3844,3427,4577,4114,3494,3266,3674,3465,3385,3109,-15.1261,-23.843,8.71911,48.0433
63353,3423,3526,3224,3027,4208,3943,3476,3274,7390,5135,3871,3427,10632,6173,3990,3390,20.1166,-24.1453,8.92805,48.0727
63354,3426,4122,5267,5194,3653,4252,7723,6717,3436,4026,5147,5056,3223,3520,3934,3785,-7.18685,13.4345,8.80318,48.3207
63355,3490,3326,3242,3137,4385,4017,3492,3202,8026,5038,3802,3231,10245,5708,3939,3429,18.0298,-29.5147,8.96826,47.806
63356,10308,5676,3729,3356,7962,5061,3868,3296,4343,3905,3574,3271,3483,3484,3284,3120,-18.2746,-28.9861,8.5894,47.8133
63357,3982,5789,9802,6432,3693,4412,5235,4779,3337,3648,3789,3714,3206,3324,3285,3304,-30.5949,7.86517,8.82416,47.8207
63358,4311,3899,3340,3145,7000,4773,3744,3291,9311,5048,3804,3367,5390,4376,3492,3342,3.63167,-31.6892,8.65825,47.7553
63359,4025,3726,3382,3131,5825,4583,3690,3225,9258,5772,3831,3441,6055,4823,3822,3288,7.37148,-22.2526,8.60793,47.918
63360,3273,3802,4387,4535,3431,4120,6453,7019,3421,4164,5998,6307,3326,3675,4106,4265,-1.18521,16.1911,8.89075,48.188
63361,3352,3369,3358,3266,3689,3808,3505,3313,4554,5301,4586,3769,5872,9787,6171,4068,33.4777,-6.24714,8.68526,47.8453
63362,3274,3241,3294,3405,3196,3367,3857,4001,3423,3843,5023,6539,3385,3968,6530,11337,23.6497,24.3883,8.62579,47.7887
63363,3952,4087,3598,3418,5115,5979,4265,3601,6051,7388,4514,3684,4623,4770,3945,3439,3.43978,-11.5165,8.82492,48.286
63364,3780,4200,4556,4108,3972,5764,7327,4599,3748,4866,5765,4325,3478,3836,4038,3781,-3.57845,3.85039,8.89567,48.0953
63365,6300,9612,5874,3974,4729,5751,4497,3681,3777,3860,3668,3371,3318,3334,3236,3120,-24.4334,-7.6832,8.90548,48.068
63366,3571,3511,3254,3056,4567,4061,3561,3255,8560,5057,3894,3378,9421,5421,3921,3385,16.0026,-30.2617,8.57165,47.9153
63367,3253,3475,3656,3760,3381,3924,4825,5083,3510,4199,7045,7712,3414,3990,5274,5693,8.45125,16.4713,8.61559,48.1293
63368,3429,3391,3174,3112,4166,3905,3413,3259,7572,5001,3751,3434,11330,5862,3911,3308,19.929,-28.2648,8.93282,48.012
63369,3340,3731,5089,7255,3382,3853,5257,9688,3250,3620,4265,5256,3189,3388,3646,3689,-10.5215,33.3447,8.58222,47.932
63370,3097,3240,3343,3372,3243,3560,3774,3858,3563,4036,5282,5422,3541,4584,8876,9147,26.7746,15.3679,8.8464,47.9587
63371,3575,4884,9222,8199,3614,4071,5309,5345,3361,3574,3828,3795,3070,3106,3412,3332,-27.0637,13.0487,8.66774,47.798
63372,4626,5426,4396,3731,5237,8021,5277,3834,4310,5202,4197,3575,3581,3813,3698,3233,-7.45864,-6.84416,8.84839,48.1047
63373,3146,3447,3635,3567,3220,3628,4354,4714,3472,3932,6400,8283,3312,3951,5645,7239,12.6461,19.629,8.97731,47.9633
63374,10501,7149,4180,3485,6252,5318,3987,3392,3862,3871,3435,3324,3393,3395,3300,3177,-23.573,-20.2512,8.67526,48.014
63375,3154,3363,3608,3808,3384,3677,4484,5723,3293,3951,5168,9892,3346,3828,4736,6789,9.10951,30.6535,8.5831,48.136
63376,3282,3373,3345,3213,3802,3817,3667,3502,4533,5184,4601,3735,5931,9462,6495,4136,30.0981,-5.7118,8.51995,48.052
63377,3043,3171,3493,3290,3247,3567,3832,3849,3478,3946,5058,5726,3495,4477,8533,9625,26.4056,16.4202,8.77684,47.8867
63378,3448,3346,3392,3229,3815,4045,3764,3541,4848,6833,5097,3974,5330,7999,5793,4142,18.1142,-5.58859,8.7742,48.3973
63379,3673,4259,5959,5632,3597,4631,7774,6297,3424,3829,4735,4519,3157,3457,3667,3672,-11.1388,11.5572,8.73425,48.188
63380,3770,4866,8543,7133,3650,4307,6310,5682,3269,3551,3993,3966,3159,3272,3426,3447,-19.4444,12.0625,8.80404,48.2293
63381,3834,5243,9824,7109,3653,4269,5279,5004,3389,3618,3894,3824,3225,3259,3376,3365,-33.1979,10.3706,8.80552,48.11
63382,3416,3244,3296,3126,3635,3814,3579,3520,4632,5132,4468,3725,6081,10011,6413,3975,30.5456,-6.4885,8.81083,48.0447
63383,4433,4229,3623,3131,6809,5464,3840,3406,7525,6028,3940,3412,4678,4381,3713,3302,1.49287,-18.9438,8.92666,47.9427
63384,3171,3361,3583,3673,3265,3762,4549,4665,3518,4190,6827,7441,3523,4039,6065,6826,12.797,16.6164,8.5485,48.3053
63385,3414,3404,3240,3045,3861,3783,3576,3203,5411,5142,4056,3361,9541,8895,4602,3452,29.2113,-15.9512,8.98853,47.9907
63386,3151,3317,3536,3594,3193,3496,4213,4754,3300,3764,5145,9103,3384,3886,5218,8672,14.0573,32.3931,8.97604,47.8173
63387,3472,3394,3264,3083,3941,3986,3633,3410,5868,6067,4255,3535,7929,8371,4657,3586,20.4161,-14.2617,8.74786,48.3007
63388,3881,3720,3330,3284,5338,4736,3664,3300,8555,6330,3958,3452,6031,5177,3914,3364,8.37564,-19.4114,8.67541,48.0227
63389,3396,3280,3379,3113,3980,4035,3616,3213,6294,5935,4043,3475,8613,7748,4526,3609,20.3529,-16.3234,8.76447,48.17
63390,3400,3990,5696,5693,3591,4451,7530,7281,3404,3744,4926,4810,3123,3421,3735,3713,-9.51122,14.7737,8.89153,48.3387
63391,3404,3944,5357,7721,3360,3828,5703,9034,3251,3590,4225,4992,3129,3289,3594,3685,-12.5034,23.2445,8.59805,48.0707
63392,6033,9679,6466,4138,4578,5209,4496,3782,3786,3846,3621,3332,3231,3412,3415,3205,-27.7655,-5.60924,8.98558,48.1527
63393,3239,3419,3250,3194,3815,3757,3629,3348,4781,5269,4440,3642,6764,9941,5699,3808,30.2055,-8.77758,8.71942,47.9967
63394,3536,4685,8857,9043,3477,4018,5166,5492,3307,3622,3968,3928,3124,3302,3401,3375,-32.0642,15.0033,8.55438,48.2007
63395,3113,3242,3446,3386,3368,3759,3919,3716,3806,4331,5478,4922,3904,5356,9661,7087,24.3187,10.0463,8.6486,48.3293
63396,11670,5831,3879,3469,6576,4826,3898,3567,4074,3793,3349,3201,3474,3508,3189,3101,-23.0536,-29.7599,8.51415,47.6033
63397,4699,8173,8429,4868,4230,4920,4962,4122,3540,3658,3604,3535,3373,3324,3386,3258,-31.2742,0.366293,8.87623,48.054
63398,3971,3560,3391,3105,5669,4458,3575,3357,10037,5204,3882,3455,6595,4851,3700,3427,8.86701,-33.0707,8.68155,48.158
63399,5799,9750,6342,4104,4461,5217,4642,3760,3587,3738,3682,3399,3457,3418,3390,3231,-30.9964,-5.75952,8.75928,47.9847
63400,3512,3484,3205,3024,4170,3978,3524,3217,7322,5346,3858,3353,10049,6479,4060,3458,19.7155,-21.6256,8.71704,48.026
63401,3280,3511,3508,3363,3555,4013,4289,4052,3849,5403,7450,4948,4001,5245,7016,4890,14.2917,5.86194,8.86687,48.2487
63402,3375,3448,3350,3315,3776,4086,3728,3613,4787,6782,5295,4052,5214,7531,5742,4043,16.5638,-4.56752,8.63658,48.0913
63403,3377,3389,3253,3099,4087,3961,3432,3169,6788,4985,3870,3371,11562,6189,3978,3402,22.8251,-26.1946,8.60732,47.9413
63404,4375,4800,4050,3551,5529,7693,4951,3649,4804,6118,4457,3597,3836,3946,3697,3477,-3.2784,-8.65891,8.86394,48.3533
63405,4939,7041,5825,4230,4686,6830,5562,4003,3754,4295,3937,3544,3318,3469,3376,3238,-15.4079,-3.55484,8.80473,48.0313
63406,3263,3501,3947,3853,3610,4251,5817,4856,3625,4685,7985,5757,3440,3937,5012,4536,4.67809,10.269,8.90917,48.05
63407,3297,3699,3745,3705,3697,4251,5245,4296,3829,5261,8159,5240,3720,4351,5275,4549,6.6851,6.78809,8.77477,48.2127
63408,3449,3431,3308,3038,4561,4044,3525,3310,8870,5052,3767,3434,9008,5512,3895,3406,15.5891,-33.0572,8.97753,47.74
63409,3385,3713,4736,6238,3352,3693,5402,9858,3287,3681,4557,6154,3194,3418,3744,4066,-6.98562,26.7903,8.59487,48.3187
63410,3160,3330,3520,3470,3312,3812,4364,4225,3618,4540,7287,6055,3615,4592,6734,6029,14.2608,12.3236,8.85489,47.7753
63411,4600,4237,3555,3211,7594,4828,3787,3371,8540,4960,3822,3402,4903,4208,3519,3323,1.237,-33.3617,8.6813,47.9067
63412,3848,5470,8615,6113,3711,4567,6383,5198,3410,3668,3962,3922,3175,3322,3411,3452,-19.3957,8.38218,8.63429,48.1513
63413,3439,3503,3401,3388,3930,4451,4216,3656,4668,7524,5985,4114,4655,6127,5257,4061,12.0123,-2.81078,8.58781,48.25
63414,3433,3424,3559,3399,3859,4166,4358,3798,4281,6508,6828,4460,4351,5572,6037,4467,13.1452,1.00968,8.51377,48.3333
63415,3119,3289,3377,3520,3294,3476,4062,4671,3368,3882,5172,8729,3354,3809,5507,9197,15.2557,28.2062,8.87825,47.884
63416,5375,9140,7067,4355,4409,5062,4831,3893,3610,3714,3682,3423,3396,3348,3219,3232,-27.673,-3.21898,8.78722,47.8373
63417,3423,3358,3106,3085,4030,3943,3453,3306,5897,5193,3950,3447,9640,8060,4435,3414,24.5403,-17.4873,8.66608,47.8267
63418,3474,3836,5512,9522,3379,3823,5199,8604,3327,3411,4034,4391,3061,3316,3468,3569,-16.558,33.0456,8.52703,47.9507
63419,3357,3824,5089,7620,3249,3908,5216,9620,3270,3515,4215,5128,3220,3351,3625,3680,-11.6602,33.1097,8.91602,47.9247
63420,3618,3524,3279,3074,4737,4094,3529,3213,9173,5127,3792,3386,8737,5277,3889,3386,14.193,-32.259,8.67251,47.89
63421,3882,4701,4801,3991,4258,6754,6851,4430,3960,5032,5175,4020,3625,3680,3688,3507,-6.32497,0.53797,8.59568,48.2367
63422,3943,5601,9815,6782,3743,4347,5091,4784,3371,3575,3897,3862,3153,3312,3421,3300,-28.0812,9.16819,8.6579,47.998
63423,3122,3395,3334,3308,3520,3727,4053,3687,3999,5222,6229,4652,4245,6284,8531,5318,19.7329,4.67955,8.96544,48.4173
63424,3458,4568,8958,8897,3491,4048,5145,5281,3318,3478,3850,3969,3204,3257,3233,3456,-33.3023,14.9797,8.95047,47.7407
63425,3396,3644,4206,4396,3462,4131,6141,6036,3395,4057,6779,6435,3430,3723,4495,4551,1.11243,15.0444,8.69191,48.1847
63426,3520,3550,3286,3072,4658,4140,3441,3246,8186,5667,3989,3371,8308,6018,4039,3532,15.4363,-21.7568,8.51244,48.0153
63427,3170,3158,3335,3352,3365,3576,3833,3743,3727,4425,5296,4891,3853,5638,9838,6940,26.9245,9.47572,8.58205,48.0933
63428,5451,4404,3715,3237,9304,5112,3758,3378,6858,4560,3770,3382,4245,3910,3453,3373,-3.75467,-32.3533,8.73662,47.94
63429,3469,3390,3345,3228,3895,4052,3628,3397,5113,6850,4732,3758,5861,8271,5510,3811,18.0436,-7.67558,8.93597,48.2067
63430,3302,3339,3295,3081,3770,3725,3630,3379,4967,5198,4312,3525,6989,9985,5479,3866,28.5825,-10.1303,8.9529,47.8947
63431,4196,6261,8704,5442,3930,4952,5966,4596,3461,3771,3913,3733,3170,3321,3362,3281,-21.3727,4.59681,8.81457,48.0393
63432,3272,3384,3267,3205,3572,3825,3729,3590,4216,5079,4891,3982,5177,8881,7444,4515,27.5591,-1.95951,8.50167,48.0193
63433,4232,3940,3562,3210,6644,5272,3899,3344,8183,6083,3935,3410,5231,4439,3689,3381,3.55541,-19.8998,8.92473,48.3027
63434,4819,4094,3602,3111,8213,4918,3714,3361,8317,4805,3765,3376,4925,4269,3531,3333,0.23161,-30.7427,8.71314,48.102
63435,3461,3452,3267,3019,4119,3954,3524,3259,6136,5502,4079,3427,9363,7637,4328,3584,22.2312,-18.0254,8.51509,48.074
63436,9593,5391,3865,3460,8637,5180,3886,3521,4548,4077,3566,3195,3435,3474,3282,2965,-16.2066,-29.2639,8.85885,48.05
63437,3899,3724,3302,3119,5700,4315,3545,3290,9862,5277,3928,3424,6574,4828,3771,3400,8.80032,-31.7939,8.54452,47.972
63438,12821,6177,3938,3400,6155,4763,3777,3337,3944,3833,3424,3184,3377,3376,3216,3094,-27.6787,-28.4491,8.88725,47.8773
63439,3438,3821,5401,8586,3419,3797,5285,8921,3284,3508,4068,4781,3108,3225,3628,3587,-14.233,33.4361,8.63003,47.9047
63440,3347,3403,3339,3218,3815,3686,3412,3362,5922,4637,3792,3322,12487,6037,3958,3382,30.5362,-33.9349,8.77932,47.4127
63441,3257,3365,3400,3457,3420,3714,4151,3962,3648,4385,6719,5632,3651,4937,7968,6411,17.384,10.6924,8.71725,48.0513
63442,3333,3549,3463,3381,3878,4318,4266,3632,4503,7070,6441,4274,4470,6060,5631,4061,12.2846,-1.54701,8.60029,48.22
63443,3208,3219,3401,3452,3244,3553,3769,4010,3358,3775,4967,5830,3288,3993,6761,12070,30.2553,23.3832,8.67498,47.932
63444,9058,5346,3896,3395,8833,5062,3797,3534,4693,4070,3465,3182,3644,3637,3239,3063,-14.9769,-29.4931,8.65123,47.9427
63445,3114,3270,3371,3429,3249,3436,3799,4069,3317,3722,5060,6427,3445,3938,6759,11599,24.327,23.6976,8.84163,48.0027
63446,3590,3973,3980,3622,3882,5007,5761,4243,4015,6005,7112,4509,3886,4300,4589,3999,3.33537,2.4698,8.91626,48.3153
63447,6571,9806,5925,3883,4794,5599,4365,3727,3832,3699,3504,3437,3302,3438,3153,3086,-25.7293,-8.3155,8.79173,48.0807
63448,3657,3744,3681,3388,4027,5045,4499,3681,4717,7845,6026,3991,4376,5427,4594,3854,7.79872,-3.66759,8.86946,48.368
63449,3425,3388,3216,3103,3936,3844,3371,3285,6477,4761,3809,3395,12180,6384,3879,3407,25.0065,-25.9654,8.69122,47.9067
63450,9865,8539,4529,3548,5546,5158,3888,3468,3911,3828,3504,3190,3337,3507,3321,3146,-27.4195,-17.0453,8.98676,48.19
63451,8425,6005,4016,3463,8140,5589,3990,3340,4581,4096,3599,3250,3611,3556,3303,3059,-15.5523,-21.2762,8.52482,48.0153
63452,3416,3996,5928,12554,3380,3822,4668,5905,3292,3487,3588,3844,3211,3233,3352,3422,-32.2196,33.1549,8.60392,47.3987
63453,3463,3992,5488,6235,3516,4128,6908,7907,3339,3844,4562,4919,3161,3466,3644,3874,-9.99698,17.2698,8.57986,48.2973
63454,3447,3467,3241,3084,4260,3988,3533,3337,7800,4935,3760,3433,10652,5714,3973,3424,18.997,-32.424,8.87519,48.032
63455,4204,3851,3406,3264,6053,4980,3829,3361,8404,6136,3971,3366,5409,4734,3881,3273,5.2578,-19.762,8.55544,48.0813
63456,3157,3267,3419,3316,3218,3470,3748,3974,3399,3871,4881,6985,3344,3890,6031,12067,22.6041,28.5035,8.89311,48.0247
63457,4660,4161,3523,3248,8208,4772,3778,3361,8245,5070,3735,3400,4775,4293,3573,3329,0.550838,-33.5819,8.59734,48.0873
63458,4606,8019,8459,4771,4069,4903,5038,4184,3619,3729,3859,3541,3345,3360,3400,3241,-32.9538,0.473552,8.84251,48.0953
63459,3395,3728,4518,5870,3339,3672,5306,9630,3266,3599,4672,6585,3148,3289,3854,4034,-5.75131,28.1158,8.75224,47.9367
63460,3255,3484,4204,4515,3344,3731,4892,8169,3297,3853,5017,8478,3277,3527,4195,4950,0.508942,31.6402,8.80008,48.1253
63461,7919,5229,3870,3276,9605,5271,3866,3236,4992,4100,3649,3330,3721,3514,3350,3181,-12.3314,-29.3002,8.91014,48.0727
63462,4245,4643,4044,3572,5194,7631,5252,3826,4577,5924,4582,3633,3852,4039,3758,3454,-3.35819,-6.96899,8.57335,48.1507
63463,3144,3257,3366,3409,3125,3457,3877,3996,3352,3921,4943,5779,3443,4149,7272,11417,31.1636,21.2645,8.63354,47.938
63464,9007,8656,4700,3567,5537,5455,4067,3442,3798,3892,3553,3323,3396,3465,3310,2981,-24.7226,-15.5249,8.80189,48.0993
63465,4130,6306,9438,5925,3823,4673,5687,4751,3452,3667,3815,3823,3121,3323,3417,3198,-23.6524,6.30952,8.80436,48.366
63466,6543,4909,3817,3355,9369,5622,3866,3481,5528,4463,3711,3257,3973,3794,3460,3069,-8.49401,-23.9579,8.5455,48.1447
63467,3230,3266,3355,3327,3275,3611,3870,4139,3373,3815,4921,7109,3402,3956,5867,11437,21.3578,31.8261,8.50279,47.9687
63468,3222,3315,3509,3472,3586,3768,4179,3948,3921,5041,7118,5214,3957,5175,7710,5509,16.1543,7.1975,8.84243,48.4293
63469,3194,3518,3842,4402,3302,3687,4599,6821,3342,3753,5192,9553,3223,3725,4405,5398,4.33889,31.4932,8.82832,47.9707
63470,3435,3963,5712,11390,3352,3762,4997,7273,3214,3407,3925,4162,3038,3342,3399,3424,-21.0256,31.4364,8.87158,47.8633
63471,3263,3799,4845,5868,3442,3866,5933,9112,3467,3682,4666,6050,3213,3396,3817,4110,-6.82204,22.4632,8.63469,48.3527
63472,7761,5525,3837,3386,8934,5728,3873,3326,4934,4248,3577,3269,3712,3596,3341,3138,-12.5846,-23.5271,8.52962,48.1233
63473,11453,6784,4147,3489,6253,5008,3905,3340,3878,3960,3400,3308,3470,3352,3231,3022,-25.3296,-22.644,8.58973,48
63474,8262,9360,4828,3565,5210,5167,4137,3499,3962,3815,3618,3381,3217,3445,3325,3078,-30.1192,-13.0011,8.68931,47.9127
63475,3216,3129,3360,3422,3170,3553,3897,4044,3404,3874,4969,6139,3321,4086,7054,11185,25.725,22.0405,8.51278,47.882
63476,3767,3563,3330,3228,5338,4185,3545,3236,9769,5320,3874,3355,7447,4983,3786,3334,11.0701,-27.5984,8.61854,48.04
63477,3425,3717,4047,3953,3568,4571,6234,4778,3713,4770,7373,5246,3566,4072,4730,4221,2.19872,8.24197,8.77706,47.9893
63478,3087,3353,3489,3696,3284,3653,4197,4803,3431,4027,5677,9092,3360,3783,5499,8104,13.365,23.2382,8.83534,48.3567
63479,6359,9690,6060,3933,4748,5427,4462,3875,3700,3742,3562,3374,3234,3456,3324,3129,-28.6385,-7.56192,8.57005,48.05
63480,3536,4256,7503,10802,3408,4057,5019,5903,3263,3571,3756,3969,3085,3254,3351,3296,-27.506,20.1934,8.68463,48.0193
63481,3332,3410,3460,3452,3512,3761,4008,3741,3813,4926,6750,4912,3897,5729,8168,5622,18.3189,6.6919,8.76575,48.3287
63482,3213,3396,3335,3243,3740,3800,3734,3405,4644,5779,4638,3855,5706,9120,6124,4067,22.8006,-6.21332,8.59236,47.866
63483,6035,7479,4818,3741,5665,7298,4792,3815,4119,4303,3830,3412,3420,3511,3377,3137,-15.1926,-9.86115,8.93136,48.5013
63484,3065,3351,3311,3510,3136,3534,3873,4109,3368,3900,4948,6575,3423,4065,6715,11192,23.2645,22.7159,8.76041,48.05
63485,3204,3266,3382,3337,3273,3536,3832,3883,3578,4096,5322,5396,3661,4882,9107,8457,27.1616,14.0572,8.63669,48.1413
63486,3197,3296,3572,3499,3303,3629,3997,4689,3406,3892,5125,8865,3352,3846,5457,8888,15.1137,28.3799,8.72418,48.0087
63487,10952,7589,4096,3515,6102,5019,3865,3422,3903,3809,3387,3220,3430,3438,3226,3088,-26.125,-20.4009,8.559,48.0407
63488,6981,9578,5335,3737,4924,5273,4339,3689,3791,3803,3689,3227,3406,3371,3267,3147,-33.7551,-10.1137,8.53734,47.7047
63489,3341,3890,5739,9667,3289,3797,5138,8255,3230,3559,4042,4498,3034,3239,3505,3388,-17.1477,27.4915,8.62348,47.7407
63490,3925,3724,3450,3092,5523,4489,3625,3219,9229,5981,3838,3427,6452,4946,3824,3388,8.75327,-22.388,8.57116,48.088
63491,3300,3429,3375,3165,3619,3797,3748,3470,4339,5149,4818,4020,5213,8985,7525,4451,31.165,-2.55239,8.76147,48.2687
63492,3459,3459,3278,3165,4338,3944,3526,3218,8019,5233,3923,3350,9844,5683,3950,3444,17.5241,-33.6777,8.55041,47.8887
63493,3130,3231,3395,3273,3238,3440,3780,3917,3382,3984,5083,5579,3510,4211,7761,10730,31.3948,19.2598,8.80437,47.7627
63494,3151,3323,3526,3558,3306,3695,4114,4674,3403,3939,6064,7978,3411,3971,6152,8019,15.2362,19.8449,8.7503,48.1893
63495,12070,6766,4149,3413,5925,4959,3788,3303,3840,3719,3374,3213,3331,3438,3256,3148,-29.89,-23.1928,8.64311,47.7947
63496,7013,9705,5617,3832,4907,5525,4348,3685,3817,3815,3687,3352,3253,3391,3276,3185,-25.4893,-9.46127,8.91478,48.272
63497,3028,3228,3310,3393,3290,3410,3891,3915,3437,3920,5342,5636,3506,4435,8333,9544,25.5148,16.9202,8.85176,47.7453
63498,3385,3530,3227,3105,4104,3860,3541,3310,7172,4937,3788,3354,11118,6015,3936,3455,20.8926,-26.4083,8.63383,47.8913
63499,3753,4419,4627,4083,4048,5757,7250,4590,3853,5053,5881,4293,3429,3827,3930,3652,-3.36257,3.35496,8.79901,48.2967
63500,3447,4090,6549,10913,3422,3901,5099,6629,3268,3449,3843,4159,3010,3261,3407,3421,-22.4692,23.0154,8.51437,47.912
63501,5701,9542,6772,4181,4606,5026,4605,3887,3750,3677,3656,3539,3208,3363,3323,3233,-29.5245,-4.78483,8.6861,48.046
63502,3360,3432,3176,3100,3719,3832,3553,3342,4906,5385,4385,3773,7060,10073,5528,3835,27.7625,-9.8852,8.96954,48.306
63503,12516,6060,3933,3515,6367,4765,3873,3335,3916,3760,3467,3256,3374,3389,3203,3093,-26.0144,-30.254,8.60142,47.8813
63504,3347,3399,3127,3161,4027,3919,3441,3213,6363,5190,3907,3339,10645,7421,4253,3487,24.0267,-20.2924,8.70164,48.1593
63505,4891,5234,4272,3626,5771,7884,4860,3704,4606,5290,4008,3554,3729,3916,3626,3249,-7.03421,-9.97276,8.53526,48.1467
63506,3765,4719,6206,5093,3749,5056,7996,5499,3509,4001,4602,4159,3301,3473,3616,3636,-11.4926,7.88923,8.7274,48.2533
63507,3185,3317,3345,3344,3405,3644,3796,3778,3698,4351,5294,4788,3988,5809,9758,6545,32.0427,8.5688,8.65095,48.03
63508,5171,4592,3752,3400,8737,5839,3784,3308,6692,5001,3888,3371,4226,3967,3570,3098,-3.61122,-21.8677,8.8687,48.264
63509,3722,4413,5473,4565,3816,5142,8097,5169,3616,4232,5250,4372,3406,3632,3814,3652,-7.64196,7.28834,8.75918,48.2473
63510,3325,3690,4790,6514,3460,3940,5222,9805,3300,3526,4226,5912,3178,3315,3796,3883,-8.08524,30.8621,8.59592,47.9213
63511,3731,4574,6432,5395,3679,4777,7987,5699,3453,3883,4584,4281,3233,3489,3651,3607,-12.166,9.88812,8.99129,48.3033
63512,3404,3858,5218,8241,3320,3789,5189,9433,3181,3512,4064,4828,3183,3249,3461,3610,-13.3513,30.9907,8.93986,47.6933
63513,3167,3196,3521,3551,3168,3520,4110,4455,3283,3799,5340,7943,3476,4047,6009,9450,17.0626,23.7518,8.74965,48.0233
63514,3428,3349,3242,3079,3912,3856,3513,3341,6249,4866,3898,3424,11218,6927,4118,3373,25.4061,-22.3965,8.53865,47.862
63515,3428,3838,5603,8757,3426,3922,5467,8938,3303,3499,4150,4697,3090,3270,3519,3539,-14.8548,24.8572,8.82112,48.2973
63516,3163,3369,3606,3830,3168,3707,4329,5586,3393,3900,5258,9903,3322,3768,4990,6864,9.5936,33.8351,8.77885,48.104
63517,3838,3978,3730,3401,4568,5863,4421,3633,5281,7826,5143,3686,4286,4916,4167,3680,4.20001,-7.79192,8.64357,48.278
63518,3343,3938,5395,9098,3349,3843,5131,8746,3357,3540,4032,4695,3233,3295,3432,3708,-15.4117,30.1119,8.52377,48.09
63519,3130,3315,3670,3866,3142,3622,4506,5399,3459,3806,5870,9409,3297,3768,5001,6645,9.65207,22.6818,8.85909,47.9367
63520,3410,3393,3302,3140,3938,3856,3460,3283,5654,5245,3950,3445,9635,8541,4487,3590,26.9898,-16.6448,8.96442,48.2193
63521,3628,3771,3564,3299,4217,4930,4082,3627,5057,8078,5610,3832,4573,5573,4629,3723,8.73986,-5.89683,8.84829,48.1287
63522,3986,3856,3397,3169,6026,4401,3693,3304,9941,5328,3748,3440,6135,4701,3789,3364,6.99918,-32.4452,8.92265,48.1853
63523,9735,6778,4075,3430,6907,5405,3840,3443,4204,4116,3600,3269,3462,3431,3226,3037,-19.8156,-20.5451,8.6551,47.972
63524,3894,3703,3334,3066,5249,4465,3629,3215,9282,6051,3712,3390,6782,5209,3810,3338,9.96894,-21.9772,8.94681,48.086
63525,4490,6127,5224,4088,4719,7493,5991,4039,3925,4525,4076,3720,3430,3591,3426,3320,-12.0416,-3.531,8.88434,48.1227
63526,3314,3388,3195,3023,3888,3724,3539,3289,6023,4902,3840,3411,11799,6987,4118,3443,29.7896,-22.5469,8.81819,47.922
63527,3985,5651,9576,6496,3798,4442,5662,5034,3396,3696,3797,3691,3263,3311,3366,3309,-24.5774,8.78194,8.63423,48.3153
63528,3345,3319,3319,3098,3718,3847,3411,3390,5068,5326,4382,3779,7219,9826,5224,3715,26.2692,-10.6919,8.9177,47.9907
63529,4448,5523,5008,3933,4601,7730,6241,4064,3977,4879,4505,3807,3448,3650,3419,3467,-9.53972,-2.89979,8.95829,48.4667
63530,3842,5029,6851,5082,3870,5400,7738,4953,3523,3979,4449,4011,3318,3436,3461,3395,-13.4232,5.73283,8.77247,48.2247
63531,8986,9237,4816,3644,5268,5230,4043,3505,3806,3905,3310,3266,3400,3435,3195,3099,-28.7443,-14.2997,8.98794,48.0967
63532,3100,3263,3425,3441,3271,3661,3810,4384,3333,3882,5488,7748,3328,4058,6114,9853,18.2155,23.2815,8.89345,48.106
63533,3240,3377,3847,3890,3432,3697,4580,6161,3352,3878,5718,9258,3270,3861,4549,5925,6.4491,23.9035,8.71211,48.0233
63534,3380,3691,4846,6487,3371,3697,5297,9760,3347,3597,4419,5699,3144,3374,3641,3955,-8.41337,32.8856,8.57035,47.8033
63535,3508,3522,3402,3325,3905,4422,4138,3564,4932,7888,5674,4015,4812,6431,4943,3929,12.4742,-5.14604,8.99267,48.2733
63536,6114,5086,3794,3322,8986,6278,3903,3360,5565,4677,3699,3352,3917,3841,3385,3185,-8.11688,-20.5105,8.90701,48.3093
63537,4418,6740,7078,4742,4066,5771,6239,4332,3605,3999,4013,3734,3460,3266,3507,3318,-17.533,1.41471,8.84269,48.192
63538,3290,3770,4781,5531,3410,3918,6235,8798,3293,3741,4883,6057,3164,3495,3789,4058,-5.9321,20.2928,8.83903,48.142
63539,3471,3308,3253,3033,4148,3896,3463,3239,5957,5332,4056,3490,10012,7809,4398,3476,23.9421,-18.4655,8.92418,48.2273
63540,3229,3380,3910,4081,3342,3752,5007,5996,3379,4102,6315,8415,3267,3755,4823,5461,5.835,19.2336,8.73654,48.1427
63541,3700,3719,3332,3165,4695,4269,3663,3253,7890,6705,4090,3518,6858,5901,4109,3424,12.4871,-17.5686,8.83411,48.194
63542,5234,8956,7617,4508,4405,4957,4812,4174,3653,3814,3734,3538,3147,3261,3291,3173,-29.807,-2.13816,8.68439,48.1827
63543,3543,3756,3638,3476,3912,4887,4735,3849,4478,7151,6597,4284,4182,4917,4890,3978,7.68819,-1.2498,8.70463,48.182
63544,5860,4586,3701,3387,9597,5082,3761,3388,6521,4543,3616,3228,4216,3683,3504,3209,-5.34267,-30.001,8.58329,47.9213
63545,3519,3618,3540,3340,4001,4602,4167,3662,4889,7936,5660,4003,4697,5973,4833,3947,10.729,-5.08576,8.61081,48.258
63546,5926,4559,3661,3294,9716,5133,3830,3333,6368,4517,3591,3376,3947,3822,3448,3223,-6.10299,-29.9815,8.72061,47.8293
63547,3122,3264,3393,3385,3281,3389,3954,4030,3476,4038,5346,6237,3574,4296,7850,9681,23.3653,17.9835,8.58819,48.2107
63548,4557,7709,9017,5227,3965,4752,5142,4348,3395,3761,3688,3647,3181,3296,3414,3185,-27.9684,2.07678,8.73547,48.1893
63549,3109,3300,3356,3448,3384,3521,3935,3845,3580,4312,5495,5011,3777,5098,9544,7444,25.2106,11.3392,8.87168,48.106
63550,3209,3916,6044,9395,3467,3927,5511,8064,3170,3544,4019,4434,3102,3246,3514,3520,-17.377,22.7378,8.95985,48.0547
63551,5393,8545,5906,4116,4722,6336,4942,3940,3774,4003,3777,3558,3465,3367,3397,3296,-19.5638,-5.53563,8.52983,48.358
63552,3486,3913,5999,12617,3368,3732,4717,6040,3242,3381,3734,3889,3206,3241,3441,3345,-31.1751,31.4353,8.63038,47.5673
63553,3389,3871,5918,12693,3383,3868,4854,6409,3187,3509,3771,4014,3068,3214,3468,3411,-26.3914,28.1644,8.79531,48.018
63554,4190,6859,9375,5504,3999,4637,5251,4410,3531,3736,3818,3552,3133,3371,3382,3269,-29.4255,4.50295,8.6603,48.0113
63555,6872,9396,5329,3827,5058,5879,4437,3653,3822,3915,3561,3356,3295,3327,3307,3223,-23.0937,-10.0078,8.75647,48.1713
63556,3352,3371,3361,3139,3667,3874,3641,3336,5072,5746,4299,3611,7055,9716,5347,3822,24.1107,-10.1797,8.85084,48.2727
63557,3391,4011,6787,12089,3375,3900,4830,5929,3241,3501,3734,3902,3137,3138,3363,3370,-30.8629,23.0521,8.84222,47.7987
63558,3147,3221,3375,3421,3190,3588,3688,3923,3287,3857,4864,6019,3393,4087,7000,11885,30.1478,22.7389,8.85848,47.9633
63559,7415,5133,3780,3406,9653,5259,3899,3321,5177,4364,3559,3226,3763,3685,3241,3225,-11.0181,-33.3203,8.5025,48.0707
63560,3170,3475,3730,4064,3230,3734,4670,6019,3406,3945,6136,8901,3418,3772,4795,5747,6.43847,21.045,8.95116,48.1413
63561,4775,5565,4457,3740,5569,8172,5086,3727,4349,5025,4003,3424,3695,3792,3594,3384,-8.5703,-8.28275,8.79997,48.238
63562,3338,3496,3678,3530,3654,4175,4651,3930,4033,5894,7861,4776,3891,4854,5733,4568,10.2652,4.12056,8.68484,48.0413
63563,3282,3339,3336,3193,3508,3784,3795,3392,4322,5474,5062,4055,5111,8559,7215,4394,23.4517,-2.57993,8.91415,47.8807
63564,3144,3397,3665,3647,3511,3976,4765,4537,3671,4624,7935,6311,3460,4346,5861,5307,9.93073,11.2886,8.57795,48.1047
63565,3158,3286,3407,3305,3342,3482,3742,3832,3618,4233,5388,5040,3728,5209,9755,7517,30.6184,11.0762,8.63141,48.028
63566,3377,3388,3094,3098,3906,3791,3397,3228,6254,4721,3748,3425,12605,5989,3910,3479,27.3096,-29.8646,8.87803,47.6067
63567,3353,3403,3311,3379,3545,3932,4004,3675,4137,5510,6302,4585,4309,6548,7449,4860,17.7855,2.40705,8.68122,48.2013
63568,4366,5814,6044,4505,4287,6272,6616,4433,3762,4320,4269,3861,3325,3558,3642,3303,-13.4228,0.599085,8.73506,48.2513
63569,3768,4935,8769,7430,3624,4357,6043,5559,3264,3557,3961,3934,3069,3260,3426,3299,-20.9368,12.2861,8.94237,48.17
63570,3274,3231,3371,3406,3359,3517,3797,3811,3292,3778,4672,5996,3474,3915,5963,12463,29.987,30.7543,8.52742,47.546
63571,6972,8136,4780,3711,5804,6383,4445,3646,4106,4200,3692,3249,3363,3553,3329,3086,-18.4229,-12.5446,8.62954,48.3033
63572,3670,4579,7334,6614,3550,4301,6989,6271,3355,3622,4073,4188,3221,3515,3607,3502,-16.5455,12.8558,8.65648,48.2607
63573,4055,6379,9607,5808,3843,4605,5322,4553,3445,3670,3829,3670,3198,3385,3395,3390,-30.9556,6.0291,8.59488,48.1027
63574,3662,4560,7033,6137,3615,4493,7591,6214,3396,3646,4329,4149,3235,3383,3588,3493,-14.4913,12.4733,8.8863,48.3493
63575,3375,3282,3118,3088,4095,3906,3531,3120,6501,4743,3824,3331,11931,6532,4123,3299,24.466,-24.833,8.98736,47.866
63576,6954,5567,3942,3488,8651,6311,4008,3443,4943,4444,3755,3243,3702,3591,3296,3098,-11.9662,-19.9733,8.50848,48.2907
63577,3186,3799,4773,6134,3361,3984,5805,9639,3222,3816,4639,5917,3134,3412,3757,4006,-7.18014,23.2272,8.96108,48.3893
63578,9266,7726,4420,3562,6356,5481,4054,3532,3998,4024,3674,3252,3285,3427,3195,3160,-21.9121,-17.4735,8.72824,48.2747
63579,4325,3852,3492,3196,7158,4728,3722,3361,9338,5138,3796,3384,5212,4372,3723,3269,3.6155,-30.5009,8.52664,48.044
63580,4494,4132,3472,3209,7079,5448,3779,3272,7970,5936,3884,3412,4923,4440,3627,3341,1.37453,-20.3643,8.91681,48.2787
63581,3263,3678,4336,4593,3443,4007,6006,6959,3414,4044,5983,6913,3312,3696,4367,4575,0.0196475,17.5861,8.80382,48.3927
63582,3940,4401,4235,3628,4517,7116,5609,3858,4345,6207,5170,4012,3829,4097,3898,3535,-2.12268,-3.89175,8.90235,48.2647
63583,3283,3344,3365,3236,3494,3696,3821,3610,4128,4991,5425,4314,4497,7088,8685,5172,24.4895,2.68759,8.51449,48.0993
63584,3123,3299,3370,3363,3322,3655,3926,3845,3574,4365,5533,4850,3823,5464,9536,7036,25.8978,9.76391,8.71759,48.056
63585,3374,3685,3655,3509,3693,4481,4899,3980,4150,6379,7425,4640,3926,4839,5268,4227,8.66203,2.19517,8.83549,48.0867
63586,3342,3848,4882,5548,3480,3912,6385,8423,3334,3836,5025,5811,3167,3503,3817,4107,-6.28123,19.1302,8.86786,48.28
63587,3347,3570,3721,3647,3481,4030,4889,4384,3777,5173,8035,5367,3686,4646,5744,4729,9.41887,7.41323,8.64706,48.1507
63588,3244,3445,3802,4029,3235,3649,4484,6136,3266,3811,5371,10026,3313,3692,4716,6370,7.42344,26.1101,8.99157,48.3927
63589,4435,6972,7694,4730,4052,5655,5959,4332,3584,3875,3922,3641,3226,3382,3389,3227,-18.967,1.36778,8.9245,48.05
63590,6335,5953,4159,3483,7411,7030,4181,3612,4771,4529,3696,3391,3694,3622,3294,3121,-11.822,-16.3375,8.78631,48.188
63591,3414,3455,3347,3185,3984,3840,3664,3330,5277,6037,4428,3691,6842,9129,5145,3693,21.5137,-10.6729,8.80398,48.3073
63592,4297,3967,3468,3229,6640,4930,3736,3306,9143,5643,3934,3436,5489,4460,3619,3209,3.82911,-23.0179,8.87241,48.3373
63593,3424,3489,3203,3139,4078,3910,3450,3323,7132,5036,3836,3400,11013,6302,4003,3412,21.0295,-25.3294,8.77737,48.1
63594,3067,3241,3302,3414,3181,3452,3851,3983,3314,3751,4905,6639,3324,3988,6248,12102,23.8015,26.9608,8.85972,47.8413
63595,10613,7624,4324,3497,5658,5110,3784,3358,3972,3868,3529,3188,3462,3353,3249,3148,-33.8705,-19.0245,8.72831,47.8247
63596,3547,3950,4434,4165,3547,4812,7568,5325,3617,4456,6552,4983,3528,3714,4207,4035,-1.75361,9.02956,8.90962,48.2933
63597,3185,3230,3385,3454,3368,3392,3722,3958,3390,3791,4883,6488,3363,3957,6162,11838,24.328,33.3287,8.50826,47.7107
63598,3826,3607,3193,3108,4978,4102,3527,3278,9526,5215,3832,3311,7945,5087,3851,3324,12.281,-32.536,8.98885,47.8067
63599,3483,3549,3363,3197,3874,4316,3942,3569,5025,7129,5288,3853,5167,7322,5464,4077,15.9024,-5.48467,8.69004,48.412
63600,3675,3607,3314,3240,4852,4381,3588,3285,8482,5830,4004,3451,7691,5621,3954,3385,13.6913,-21.5958,8.53549,48.24
63601,3661,5201,9806,7641,3633,4157,5191,5107,3373,3680,3848,3786,3106,3233,3478,3311,-32.6552,11.7447,8.9809,48.1413
63602,3390,3430,3289,3188,3880,4084,3719,3482,5123,6447,4678,3767,6127,8302,5388,3869,18.9041,-8.39213,8.51633,48.1087
63603,7621,8151,4624,3596,6029,5984,4182,3673,3886,4053,3743,3396,3370,3400,3299,3106,-19.9601,-14.2296,8.51478,48.0753
63604,3170,3308,3312,3458,3237,3518,3794,3963,3340,3633,4844,5958,3390,3873,6050,12615,32.0036,27.7551,8.7966,47.642
63605,3453,3832,5012,6423,3446,3971,5880,9120,3342,3658,4428,5363,3192,3415,3761,3707,-9.28276,21.3961,8.50466,48.002
63606,3564,4219,7653,10706,3557,3830,5074,5771,3262,3488,3818,3908,3066,3255,3391,3426,-28.5472,19.3562,8.67729,47.992
63607,3510,3556,3513,3258,4075,4624,4137,3554,5382,7965,5300,3836,4934,6244,4792,3688,11.66,-6.82843,8.71501,48.2453
63608,6953,9967,5599,3827,5037,5114,4307,3708,3730,3806,3713,3435,3315,3393,3235,3218,-31.334,-9.70233,8.90848,48.238
63609,5755,5782,4223,3533,6946,7524,4265,3540,4710,4802,3948,3482,3788,3676,3363,3240,-9.88012,-14.2202,8.67128,48.3847
63610,12169,6638,3984,3419,6025,4731,3766,3360,3917,3759,3402,3252,3375,3400,3274,3078,-30.9441,-24.003,8.85748,47.6993
63611,3252,3431,3275,3234,3664,3814,3812,3446,4444,5417,4824,4002,5345,9021,6881,4444,24.6198,-3.78922,8.61078,48.204
63612,6610,9963,5619,3949,4834,5231,4516,3635,3815,3783,3586,3358,3389,3426,3270,3211,-30.62,-8.72319,8.73851,48.13
63613,3392,3435,3249,3073,3852,3878,3478,3203,5369,5015,4019,3522,9304,8713,4523,3593,30.4891,-15.6108,8.70938,47.7453
63614,4169,6021,8338,5367,3986,5082,6388,4706,3377,3657,4113,3774,3247,3253,3479,3416,-19.1469,5.13289,8.93904,48.2487
63615,3332,3695,3860,3841,3670,4129,5309,4533,3616,4907,8089,5794,3484,4165,5276,4662,6.58402,9.58485,8.60014,48.2413
63616,3127,3261,3621,3467,3258,3561,4027,4695,3472,3808,5124,8529,3405,3896,5660,9397,16.2694,27.9236,8.66742,48.2053
63617,12317,5848,3911,3388,6041,4748,3766,3310,3767,3784,3516,3272,3464,3388,3314,3194,-33.0161,-33.2784,8.58326,47.352
63618,3583,3481,3323,3099,4579,4121,3500,3259,8793,5328,3925,3428,9117,5463,3815,3279,15.321,-25.9355,8.97671,48.062
63619,3423,3361,3337,3220,3820,4004,3701,3561,4909,6396,5100,3820,5606,8545,6048,4043,18.8397,-5.93885,8.96869,48.596
63620,3358,3339,3230,3079,3932,3905,3517,3225,5284,5083,4094,3474,8797,9034,4886,3672,28.8765,-14.651,8.72924,47.9393
63621,3532,4340,7316,8828,3438,4081,5623,6628,3232,3693,3902,4107,3111,3340,3511,3409,-19.4745,17.6984,8.71633,48.0607
63622,3391,3902,5635,9952,3329,3981,5030,8157,3290,3521,3885,4374,3161,3262,3502,3408,-17.5488,31.3088,8.78308,47.8533
63623,6555,4819,3761,3323,9951,5279,3802,3402,5903,4388,3643,3215,3906,3730,3379,3169,-7.91381,-27.0542,8.778,48.15
63624,9258,8713,4690,3537,5428,5258,4113,3524,3792,3832,3410,3226,3398,3347,3333,3022,-29.1294,-15.6634,8.66648,47.9207
63625,3392,3318,3314,3079,3973,3881,3533,3408,5390,5694,4230,3642,7633,9218,5081,3697,23.6527,-12.1654,8.69675,48.322
63626,11662,6193,4016,3416,6997,4975,3874,3362,4001,3862,3504,3213,3358,3371,3222,3050,-22.6441,-26.2829,8.72368,48.0507
63627,7639,6219,4074,3424,7885,6256,3992,3587,4639,4174,3686,3280,3671,3584,3358,3085,-14.2771,-18.8153,8.8754,48.3687
63628,3497,4322,7831,10204,3466,3944,5005,5872,3230,3479,3972,3902,3202,3285,3384,3452,-27.0623,18.8197,8.50448,48.0313
63629,3293,3560,3439,3281,3729,4108,3938,3679,4276,6336,6090,4228,4704,6971,6319,4323,16.4503,-1.49608,8.89816,48.1827
63630,3298,3772,5139,7989,3368,3766,5390,9584,3249,3519,4176,4961,3145,3315,3687,3556,-12.0775,32.8134,8.96733,47.9427
63631,3193,3417,3924,4000,3376,3715,4679,5653,3389,3941,6062,9051,3341,3741,4820,6202,7.80552,21.6913,8.50949,48.336
63632,3238,3397,3634,3890,3248,3778,4563,5069,3423,4170,6548,8148,3452,4028,5325,6415,9.81264,18.6296,8.6583,48.2173
63633,4303,6644,7950,5047,4007,5294,5941,4531,3603,3792,3957,3786,3212,3410,3361,3283,-19.7001,2.74149,8.55597,48.0807
63634,3289,3454,3282,3163,3589,3750,3755,3466,4256,5039,4779,4087,5008,8941,7662,4423,28.1646,-2.12853,8.80714,47.962
63635,7635,9763,4916,3611,5014,5196,4172,3517,3780,3765,3594,3338,3385,3449,3356,3140,-33.1146,-11.9867,8.98184,47.754
63636,3327,3613,4372,5016,3409,3901,5968,7848,3434,3716,5464,6851,3288,3555,4189,4413,-1.9747,19.8327,8.53625,48.2427
63637,3261,3597,4050,4458,3401,3842,5228,6595,3446,3933,6021,8003,3197,3733,4528,5112,2.54963,19.9992,8.59673,48.27
63638,3397,3780,5457,8898,3408,3777,5101,8857,3183,3583,3964,4626,3121,3320,3527,3471,-15.1749,31.5569,8.65452,47.6467
63639,3196,3457,3932,4136,3387,3849,5177,6057,3603,3919,6275,8194,3300,3758,4697,5263,4.87307,18.8052,8.54732,48.1333
63640,3097,3234,3465,3474,3359,3684,3985,4198,3449,4052,5668,6625,3492,4320,7272,8752,19.4335,17.7474,8.81049,48.084
63641,3408,3686,3484,3315,4099,4762,4065,3407,5500,8225,5269,3824,4952,6210,4595,3622,10.9897,-7.21737,8.98001,48.282
63642,3245,3635,4291,4936,3397,3771,5000,8620,3368,3711,4951,7966,3229,3450,4224,4594,-0.629243,30.0065,8.7355,48.2587
63643,3176,3252,3596,3812,3145,3678,4323,5351,3503,3874,5654,9512,3407,3873,5192,7017,10.2494,23.6428,8.9112,48.2433
63644,3636,4740,8774,7708,3560,4259,5931,5557,3361,3622,4012,3972,3076,3331,3438,3386,-21.6556,13.4522,8.97361,48.242
63645,3725,3872,3529,3421,4613,5473,4157,3654,5796,8271,4911,3702,4662,5169,4076,3653,6.32023,-9.58222,8.94965,48.456
63646,3500,3384,3291,3010,4055,3882,3429,3210,6072,4759,3765,3202,12624,6333,3779,3309,33.2668,-25.9567,8.99767,47.736
63647,3511,3526,3286,3040,4515,3969,3532,3223,8712,5192,3839,3441,9182,5371,3839,3364,15.5687,-30.3385,8.90538,47.6947
63648,3365,3473,3380,3076,4157,3953,3513,3269,6465,5691,4028,3569,8864,7373,4378,3494,20.4061,-17.318,8.54065,48.032
63649,3603,3381,3208,3128,4730,4156,3516,3211,9232,5238,3784,3383,8940,5413,3892,3457,15.0706,-27.8791,8.84952,48.1813
63650,7231,5489,4075,3315,8466,6142,4011,3442,4810,4329,3658,3294,3686,3576,3353,3189,-12.469,-20.0329,8.64735,48.044
63651,3318,3399,3337,3261,3820,4055,3843,3440,4543,6590,5361,3999,5073,7500,6195,4277,17.6103,-3.58458,8.73323,48.0073
63652,3630,4115,4036,3751,4113,5650,6110,4286,4048,6025,6442,4283,3873,4112,4264,3805,0.767434,1.13016,8.73757,48.362
63653,3120,3111,3364,3445,3265,3481,3750,3966,3414,3690,4720,6210,3358,3969,6156,12440,28.5399,28.0455,8.85103,47.6393
63654,4646,4276,3551,3175,7173,5547,3915,3299,7709,5777,3823,3331,4803,4265,3690,3276,0.835761,-19.6881,8.64831,48.1707
63655,3172,3379,3431,3475,3191,3443,3842,4322,3502,3887,5308,7226,3423,4031,6531,9851,19.7326,22.1101,8.51588,48.0093
63656,3542,4307,7810,10416,3441,3966,4956,5628,3244,3536,3775,3961,3090,3176,3513,3459,-29.9953,18.6018,8.5089,47.88
63657,4380,3859,3506,3282,7143,4671,3646,3244,9257,5076,3848,3305,5451,4393,3620,3353,3.45954,-28.6796,8.7562,48.0227
63658,7228,8676,4993,3622,5637,6234,4377,3588,3922,4034,3655,3419,3334,3423,3318,3141,-20.5316,-12.4442,8.96566,48.4007
63659,3338,3409,3291,3279,3899,3922,3696,3289,4930,6059,4431,3750,6228,9129,5469,3850,22.0402,-8.84951,8.72167,47.9793
63660,3150,3534,3803,4045,3317,3574,4690,6320,3264,3839,5501,9530,3285,3689,4676,5981,6.18255,24.6391,8.83069,48.132
63661,3371,3915,6141,12669,3337,3770,4796,5955,3158,3477,3800,3853,3167,3246,3389,3379,-32.5158,27.5778,8.83251,47.6153
63662,3289,3574,3554,3312,3708,3954,4026,3719,4175,5879,6150,4389,4351,6690,7081,4624,17.2033,0.775096,8.73994,48.3167
63663,3826,3735,3365,3110,5515,4190,3537,3319,9758,5223,3798,3263,7146,4968,3775,3331,10.0041,-29.8798,8.64991,47.906
63664,3071,3322,3396,3406,3219,3599,3878,4003,3517,4157,5739,5580,3633,4694,8705,8162,22.3479,13.8049,8.62965,48.054
63665,3507,3487,3288,2946,4325,3936,3563,3203,7556,5291,3906,3437,10010,6343,3998,3300,19.0749,-22.4751,8.77739,48.064
63666,3562,3612,3364,3227,4028,4629,3891,3469,5430,7832,5209,3888,5130,6545,4818,3752,12.0039,-7.8945,8.93918,48.2573
63667,8096,5124,3867,3331,9520,5151,3885,3417,5012,4242,3498,3222,3755,3632,3309,3134,-12.5276,-31.0093,8.855,48.13
63668,3360,3945,5834,12004,3369,3797,4877,6627,3283,3423,3710,3932,3231,3238,3291,3396,-24.1428,30.9996,8.65413,47.5447
63669,6791,10073,5538,3831,4844,5223,4348,3663,3683,3758,3536,3485,3369,3322,3445,3145,-31.3614,-9.46131,8.99327,48.036
63670,3111,3185,3355,3383,3293,3494,3957,4007,3346,3812,4857,6536,3384,3980,6404,11587,24.8603,25.183,8.55987,47.794
63671,3419,3315,3365,3164,4186,3756,3486,3159,7500,4923,3859,3223,11346,5788,3961,3364,20.3019,-29.6472,8.93808,47.876
63672,3276,3379,3525,3432,3379,3904,4288,3979,3805,5157,7454,5308,3940,5029,6978,5496,14.3046,7.54385,8.6688,48.2193
63673,3335,3652,5044,7074,3380,3731,5651,9794,3298,3518,4355,5422,3077,3333,3662,3684,-10.2532,24.3807,8.97599,48.0067
63674,3734,3562,3346,3166,5398,4207,3586,3284,9888,5308,3760,3356,7357,4939,3726,3297,10.6757,-31.4533,8.91641,47.9427
63675,3425,3403,3236,3162,3929,3767,3550,3163,6044,4816,3867,3337,12474,6231,3873,3344,30.8019,-27.4792,8.53891,47.7473
63676,3860,4720,5796,4571,3883,5630,7975,5107,3584,4142,4868,4146,3298,3457,3699,3521,-9.73802,5.36121,8.72803,48.1713
63677,3741,3982,3953,3618,4170,5729,5198,3826,4570,6792,6131,4045,3881,4553,4370,3750,3.20566,-1.56419,8.88186,48.206
63678,3189,3324,3369,3285,3611,3751,3885,3821,3903,4850,5840,4613,4164,6323,9080,5502,21.577,5.09185,8.7791,48.34
63679,3328,4089,5982,7729,3308,4049,6067,8070,3302,3563,4214,4757,3140,3200,3513,3587,-14.2784,19.7043,8.53898,47.932
63680,3486,3663,3748,3600,3925,4695,4938,4044,4164,6457,7486,4550,3877,4802,4902,4247,7.23071,2.12676,8.89286,48.3893
63681,9660,5565,3996,3423,8308,5072,3816,3375,4447,4060,3498,3193,3660,3387,3359,3139,-17.2078,-27.4215,8.79141,47.972
63682,3153,3355,3497,3581,3280,3564,3982,4390,3489,4150,6639,6875,3561,4319,6959,7389,16.2782,15.6772,8.97622,48.122
63683,3800,5442,9669,7084,3707,4202,5436,4974,3319,3713,3860,3854,3176,3292,3424,3291,-25.8109,10.0756,8.90202,48.162
63684,3263,3632,3612,3576,3634,4199,4873,4207,3916,5530,8096,5060,3759,4675,5656,4708,9.28994,5.79323,8.83301,48.264
63685,4687,4171,3447,3267,8259,4954,3654,3282,8560,4984,3722,3205,4746,4243,3621,3273,0.0992232,-28.7143,8.72254,48.05
63686,4745,4072,3627,3182,8103,4929,3740,3452,8350,5016,3785,3235,4894,4096,3495,3193,0.232965,-25.6276,8.77125,47.9427
63687,5780,4492,3577,3246,9638,5419,3815,3349,6588,4627,3588,3281,4158,3871,3483,3254,-5.73122,-26.4029,8.84273,48.1107
63688,4960,8484,8283,4745,4336,4955,4968,4114,3451,3674,3688,3501,3238,3331,3318,3180,-28.8528,-0.4118,8.72425,48.1507
63689,4085,3987,3526,3327,5716,5563,4078,3544,7176,6978,4171,3415,4797,4697,3795,3446,3.89316,-15.384,8.61435,48.2007
63690,6370,6873,4367,3422,6485,7271,4401,3599,4359,4407,3751,3277,3611,3565,3402,3127,-13.8658,-13.5428,8.78302,48.1913
63691,3339,3446,3398,3159,3699,3989,3915,3459,4500,6287,5305,4058,4997,8087,6372,4210,18.7612,-3.38472,8.86797,48.1467
63692,3336,3415,3291,3244,3662,3974,3538,3401,5007,5362,4213,3564,7390,9748,5141,3737,30.4191,-11.0589,8.69397,48.0153
63693,3235,3505,3976,4508,3263,3698,4735,7586,3294,3795,5257,9142,3225,3530,4342,5152,2.40875,27.3594,8.89488,48.162
63694,4347,7159,9419,5494,3970,4604,5068,4336,3515,3683,3768,3601,3198,3373,3412,3267,-30.2967,3.69833,8.60301,48.1427
63695,3416,3850,5314,8522,3344,3751,5131,9071,3265,3519,4118,4808,3121,3275,3603,3594,-14.348,30.5093,8.58892,47.8013
63696,3504,4598,8598,8665,3435,4204,5573,5778,3292,3594,3837,3929,3069,3250,3564,3429,-22.8259,15.2373,8.51572,48.2127
63697,4874,4036,3496,3258,8501,4927,3663,3368,8246,4881,3699,3341,4816,4228,3451,3266,-0.0512131,-31.1282,8.87469,48.034
63698,3458,3803,4198,4072,3730,4803,6578,4859,3758,4951,7054,5016,3434,3885,4350,4143,0.8479,7.17968,8.58315,48.0613
63699,3316,3541,3472,3485,3671,4219,4395,3902,4226,6106,6859,4499,4179,5605,6240,4529,13.5154,1.9148,8.67392,48.1627
63700,3246,3345,3634,3785,3310,3617,4189,5227,3285,3851,5133,9897,3398,3741,4954,7392,10.8321,31.3803,8.92301,48.0027
63701,4966,5812,4505,3618,5840,8198,4889,3754,4332,4885,3998,3451,3604,3727,3501,3317,-9.56424,-9.08635,8.99353,48.2647
63702,10179,8016,4403,3526,5531,5097,3869,3501,3875,3818,3672,3247,3259,3475,3241,3195,-29.4988,-17.8208,8.64297,47.936
63703,3131,3303,3346,3252,3389,3690,3930,3799,3651,4340,5731,5170,3806,5259,9364,6799,22.9596,10.287,8.83108,47.9733
63704,3493,3454,3147,3094,4173,3957,3507,3227,7538,5084,3855,3415,10781,5811,3902,3398,19.2082,-33.8883,8.7328,47.8907
63705,3191,3330,3686,3480,3471,3859,4495,4064,3789,5179,7853,5214,3928,4885,6578,5146,12.7274,7.50865,8.78435,48.0987
63706,11608,5946,3766,3415,7111,4972,3748,3281,4133,3885,3357,3158,3353,3410,3303,3150,-21.4464,-28.2421,8.93031,47.7307
63707,4243,5658,5858,4422,4321,6533,6816,4299,3804,4245,4462,3767,3402,3519,3567,3432,-12.5233,0.722225,8.89999,48.232
63708,8086,6111,4094,3430,7804,6016,4069,3497,4391,4054,3549,3293,3652,3563,3192,3054,-15.1117,-19.4989,8.81479,47.9033
63709,4308,3910,3544,3342,7111,4613,3595,3327,9177,5165,3815,3291,5327,4344,3589,3283,3.44073,-30.4375,8.62501,47.8273
63710,3335,3440,3867,4311,3371,3713,4602,7173,3329,3762,5194,9472,3274,3629,4386,5291,3.51253,29.3696,8.91875,48.0993
63711,3635,4845,8853,7588,3588,4247,6123,5455,3375,3512,4026,3982,3192,3252,3342,3344,-21.352,12.7855,8.92276,48.2393
63712,3443,4018,6584,11654,3366,3897,4699,6384,3095,3402,3851,4125,3061,3162,3346,3463,-25.2144,24.5537,8.57511,47.7
63713,8108,9313,4836,3695,5222,5551,4086,3567,3864,3912,3561,3253,3356,3321,3247,3012,-24.9902,-13.2232,8.86625,47.936
63714,5075,7789,5905,4144,4685,6480,5278,4024,3830,4081,3847,3514,3419,3429,3412,3272,-18.0526,-4.45835,8.69136,48.1227
63715,3158,3178,3503,3534,3269,3560,4007,4360,3372,3889,5664,7992,3409,4083,6226,9021,16.5421,21.4057,8.87119,48.15
63716,3262,3612,4316,5278,3352,3802,5187,9070,3386,3776,4694,6968,3349,3433,4027,4248,-3.41399,33.7429,8.74076,47.84
63717,3965,4800,5210,4296,4094,6327,7660,4480,3814,4520,4902,3985,3402,3654,3793,3507,-8.00038,2.46887,8.98151,48.2727
63718,9052,8187,4542,3503,5915,5533,4039,3520,4023,3902,3553,3227,3448,3472,3315,3131,-23.0754,-16.4077,8.5002,48.2413
63719,4838,4965,3879,3504,6288,7650,4550,3553,5160,5565,4110,3485,3809,3968,3633,3222,-4.91988,-12.4439,8.75685,48.1193
63720,4911,4755,3781,3316,7335,6748,4187,3439,5968,5649,3887,3372,4169,3980,3501,3256,-3.71904,-16.2767,8.82161,48.1693
63721,8010,9398,4900,3710,5174,5175,4240,3565,3865,3922,3537,3393,3485,3274,3282,3162,-33.4767,-12.6105,8.76166,48.0613
63722,3538,3777,3887,3556,3859,4590,5045,4054,4213,6289,7351,4448,4029,4684,4965,3994,6.39675,1.62362,8.71425,48.186
63723,3611,4593,8476,8985,3620,4084,5235,5817,3332,3635,3832,3880,3107,3236,3471,3405,-25.1172,15.8512,8.67409,48.2127
63724,3175,3458,4048,4509,3434,3652,4762,7695,3259,3757,5030,8780,3225,3576,4246,5129,1.89364,30.9994,8.7474,47.8233
63725,3618,4383,5379,4750,3630,4957,8039,5613,3582,4093,5173,4522,3342,3563,3891,3752,-7.24316,8.81978,8.57326,48.1913
63726,3391,3630,3523,3269,3958,4394,3992,3476,5149,7750,5329,3916,5062,6649,5136,3838,13.1388,-6.56075,8.82123,48.308
63727,7876,9647,5163,3555,5098,5311,4236,3528,3807,3765,3542,3394,3393,3395,3289,3150,-28.534,-12.1389,8.89781,48.0993
63728,3388,3951,5924,9887,3388,3852,5304,7796,3209,3491,4036,4360,2989,3419,3398,3563,-17.7882,24.71,8.65491,47.97
63729,3189,3490,3746,3953,3372,3597,4551,6240,3373,3776,5170,10072,3297,3616,4636,5976,6.93572,31.7168,8.98723,48.036
63730,3303,3388,3106,3102,4178,3982,3429,3277,7628,5010,3810,3359,10856,5810,3886,3488,19.3827,-33.6372,8.96292,47.7413
63731,12367,6149,4011,3448,6440,4736,3708,3410,3991,3826,3496,3197,3429,3336,3190,3079,-25.1576,-27.6988,8.71585,47.8753
63732,6374,8951,5601,3902,4790,6127,4580,3741,3756,4011,3631,3421,3385,3566,3334,3144,-21.6999,-8.56622,8.55868,48.2093
63733,3539,3700,3598,3380,3949,4807,4420,3585,4633,7474,6232,4034,4333,5500,4908,3908,9.14133,-2.82116,8.82955,48
63734,3238,3372,3523,3498,3264,3770,4246,4107,3666,4567,7191,5906,3724,4529,7294,6276,15.253,11.498,8.80337,48.114
63735,3745,3925,3913,3529,4148,5652,5099,3946,4531,6871,6150,4025,4029,4635,4375,3797,3.76047,-2.00182,8.82963,48.2467
63736,5311,9596,7084,4375,4326,5271,4594,3978,3564,3637,3689,3500,3291,3359,3360,3199,-27.8207,-3.74935,8.86703,48.0893
63737,3200,3378,3562,3738,3347,3668,4422,4821,3430,4058,5908,8406,3429,4019,5606,7357,12.6958,20.8977,8.53878,48.2327
63738,3405,3332,3201,3161,3894,3623,3455,3235,6272,4793,3851,3261,12232,5944,3995,3490,26.5708,-31.4443,8.67263,47.4293
63739,12245,6036,4048,3397,6792,4864,3726,3273,4009,3793,3478,3172,3447,3415,3086,3114,-24.0945,-27.4601,8.89919,47.93
63740,4818,4727,3786,3397,7251,6845,4229,3478,5704,5574,3952,3383,4088,4141,3621,3199,-3.71806,-15.9574,8.8256,48.1287
63741,6203,9810,5987,4053,4536,5176,4618,3762,3751,3856,3593,3385,3270,3318,3328,3237,-28.6935,-6.69541,8.55722,47.922
63742,5452,8097,5562,4048,4928,6492,4911,3936,3837,4139,3785,3344,3409,3550,3370,3249,-17.9289,-6.71598,8.68247,48.0727
63743,3568,4729,8541,8115,3560,4130,5888,5770,3373,3451,3913,3934,3126,3312,3432,3429,-21.9424,14.1633,8.61679,48.1807
63744,3207,3612,4504,5754,3412,3792,5122,9675,3290,3741,4540,6785,3168,3369,3803,4194,-5.02266,28.4783,8.73156,47.9787
63745,3376,3469,3247,3150,3880,3979,3592,3191,5657,5108,4060,3507,9510,8205,4348,3511,33.3854,-16.5813,8.52248,47.86
63746,3351,3413,3284,3093,4125,3884,3435,3248,6627,4982,3799,3384,11025,6927,4135,3468,23.7625,-22.4664,8.54237,48.12
63747,3481,3626,3672,3401,3763,4433,4558,3694,4516,7018,6825,4232,4290,5673,5370,4144,10.6275,-0.566542,8.92376,48.464
63748,3442,3297,3216,3124,3959,3795,3456,3248,5732,4999,4010,3537,10326,8150,4327,3438,29.486,-17.9162,8.96835,48.0373
63749,3744,4805,6351,5205,3777,5066,8124,5360,3420,3954,4621,4106,3272,3371,3625,3657,-11.9025,7.7692,8.97748,48.3053
63750,4206,3955,3509,3249,6472,4927,3842,3330,8582,5931,3973,3340,5124,4613,3718,3417,4.01912,-20.863,8.53994,48.1253
63751,3443,3576,3386,3278,4012,4074,3799,3417,5421,6888,4669,3724,6152,7969,5213,3795,17.5631,-9.56498,8.67016,48.544
63752,3367,3937,5692,7732,3438,3955,6014,8536,3278,3589,4318,4806,3029,3318,3477,3689,-13.2092,21.7501,8.50983,48.1167
63753,9889,5616,3955,3366,8175,5078,3879,3475,4326,3965,3440,3283,3561,3446,3163,3116,-17.3704,-28.0706,8.77538,47.822
63754,3461,3879,5929,11989,3353,3865,4912,6807,3319,3482,3791,3898,3085,3129,3358,3331,-23.059,29.5777,8.82773,47.7253
63755,3047,3397,3505,3574,3326,3814,4370,4321,3540,4280,7039,6675,3584,4425,6684,6327,13.9719,14.0309,8.68333,47.9387
63756,7500,5473,3868,3453,8810,5858,3936,3428,5017,4286,3606,3247,3773,3587,3333,3046,-12.364,-21.8899,8.74737,48.1473
63757,3775,4259,3997,3526,4360,6163,5251,3826,4463,6878,5753,3979,3825,4387,4206,3761,1.46653,-2.91237,8.88748,48.2727
63758,3179,3466,3902,4170,3352,3742,4705,6134,3392,3850,5794,9140,3234,3766,4556,5815,5.41284,22.8697,8.50219,48.1313
63759,3793,5877,10149,6515,3688,4353,5250,4672,3295,3607,3864,3724,3093,3383,3306,3391,-31.4891,8.59351,8.95105,47.9733
63760,3175,3386,3895,4027,3363,3722,5071,5593,3508,4044,6877,8048,3452,3782,4947,5527,6.56681,17.4801,8.82393,48.278
63761,3092,3228,3447,3479,3197,3448,3754,3885,3318,3745,4801,6046,3405,3956,6513,12400,29.2456,25.4235,8.86421,47.8093
63762,6286,8612,5324,3815,5142,6261,4644,3800,3880,4061,3628,3363,3428,3455,3341,3154,-20.1847,-9.14881,8.51453,48.1293
63763,3472,3883,5747,8680,3418,3888,5463,8574,3269,3699,4091,4513,3053,3292,3527,3554,-15.416,23.638,8.87041,48.082
63764,3098,3230,3396,3494,3268,3463,3854,4147,3471,3874,4922,6992,3370,4081,6012,11673,22.5266,27.7922,8.57814,48.23
63765,4152,6020,9833,6334,3734,4519,5326,4652,3401,3605,3893,3581,3274,3192,3361,3200,-28.799,7.60131,8.66191,48.0513
63766,3083,3159,3456,3312,3130,3424,3766,3996,3337,3791,4899,6131,3449,4134,6935,11874,27.0458,22.7642,8.93451,47.9173
63767,3403,3336,3345,3192,3769,3827,3506,3185,5291,5171,4155,3526,8648,9057,4699,3700,33.4996,-14.2268,8.8619,47.8733
63768,3641,4453,6584,6720,3601,4262,6982,6811,3368,3680,4405,4297,3171,3387,3535,3619,-14.1945,14.5276,8.94029,48.344
63769,3464,3855,5348,5925,3394,4104,6765,8131,3331,3756,4775,5149,3233,3376,3661,3860,-8.84582,17.5959,8.80157,48.0847
63770,3094,3146,3383,3468,3237,3540,3867,3854,3427,3911,5120,5768,3444,4311,7767,10688,28.2112,19.1756,8.68515,48.0167
63771,3581,3635,3246,3191,4674,4389,3644,3288,7741,6574,4007,3451,7146,6174,4016,3486,13.2261,-17.7112,8.94365,48.162
63772,3477,3977,5974,12244,3347,3848,4759,6340,3262,3415,3779,3865,3060,3127,3380,3315,-25.5827,30.1882,8.6049,47.446
63773,4627,4048,3578,3319,7186,5298,3767,3265,8304,5590,3891,3380,4965,4296,3563,3218,1.63746,-21.3657,8.85702,48.1967
63774,12825,6132,3939,3379,6157,4728,3667,3321,3926,3759,3340,3163,3416,3354,3251,3222,-28.9532,-29.3742,8.81999,47.7193
63775,4091,5344,6883,4845,3921,5503,7452,4958,3674,4009,4294,3992,3253,3467,3574,3411,-14.2091,4.7278,8.84398,48.4473
63776,3126,3302,3362,3461,3371,3572,3769,3784,3657,4103,5290,4998,3731,5171,9705,7534,30.0995,11.3959,8.50218,47.9573
63777,3425,4110,6118,10766,3329,3703,5226,7574,3209,3467,3903,4167,2955,3209,3447,3363,-19.7666,25.0462,8.69266,47.9807
63778,3367,3955,5713,7727,3478,3959,5854,8638,3309,3557,4257,4852,3179,3336,3529,3786,-12.9519,21.4041,8.97453,48.3307
63779,3337,3559,3732,3737,3457,4067,5060,4377,3730,4926,8300,5772,3572,4253,5729,4920,8.59213,9.75057,8.92516,48.352
63780,3385,3328,3207,3043,3944,3745,3592,3137,6300,4838,3761,3460,12180,6556,3882,3399,27.7135,-24.6129,8.74224,47.838
63781,3558,4686,9303,8062,3557,4102,5396,5124,3374,3579,3823,3851,3096,3295,3505,3343,-33.5012,13.2554,8.85836,47.7693
63782,3616,3602,3219,3086,4799,4295,3548,3363,8827,5502,3884,3418,8326,5372,3904,3398,14.0497,-24.6371,8.61049,48.106
63783,3314,3483,3617,3604,3674,4095,4755,4092,3882,5493,8098,5131,3785,4770,5959,4686,10.3484,6.0599,8.94911,48.292
63784,3069,3371,3447,3671,3224,3644,4138,4997,3483,3746,5131,9477,3389,3808,5356,8330,13.1028,27.6548,8.81631,48.1873
63785,6456,5029,3934,3351,9059,6198,3937,3466,5448,4585,3735,3381,3828,3641,3410,3081,-9.04952,-21.5274,8.92152,48.3593
63786,3342,3325,3470,3267,3327,3494,3830,3907,3619,4194,5325,5204,3641,4801,9364,8212,32.7611,13.2827,8.51952,48.2147
63787,3442,3595,3454,3365,4041,4623,3967,3522,5343,7741,5082,3750,5191,6722,4764,3827,13.0201,-7.69945,8.53949,48.286
63788,3312,3847,4966,6160,3304,3909,6008,9236,3262,3616,4665,5678,3143,3410,3583,4025,-8.0689,21.641,8.98397,48.0827
63789,3447,3949,6223,11636,3444,3896,4865,7000,3209,3373,3790,4211,3103,3214,3362,3386,-22.7972,27.3843,8.6736,48.072
63790,3433,3460,3199,3231,3891,3856,3430,3269,5892,4705,3739,3401,12465,5903,3884,3310,33.2318,-30.6777,8.64698,47.3787
63791,3056,3138,3316,3283,3452,3528,3893,3695,3624,4297,5292,4956,3814,5515,9952,7030,28.1269,10.0297,8.8725,47.894
63792,3388,3386,3245,3243,3590,3972,3807,3493,4490,5849,4985,3920,5320,8683,6587,4250,21.2827,-3.85921,8.66557,48.1387
63793,6969,9866,5448,3830,4933,5122,4340,3567,3770,3839,3617,3353,3288,3472,3321,3253,-32.9099,-10.0705,8.87468,47.992
63794,3476,3512,3285,3126,4042,3812,3492,3248,6085,4995,3945,3446,10710,7234,4207,3568,24.4099,-20.7735,8.67995,48.122
63795,3287,3539,4194,5061,3273,3728,5275,8450,3338,3776,5172,7664,3238,3572,4291,4593,-1.22734,24.0968,8.841,48.3007
63796,3467,4159,7099,10469,3537,3975,5189,6313,3206,3573,3852,4161,3033,3188,3407,3544,-23.168,20.0297,8.61584,48.1147
63797,3367,3330,3261,3086,3957,3845,3441,3265,6592,4896,3875,3281,12131,6390,3981,3434,24.662,-25.6678,8.86704,48.088
63798,3334,3598,4095,4237,3350,4093,5622,5910,3520,4146,6845,6940,3410,3804,4620,4838,3.25256,15.5121,8.58438,48.2413
63799,3044,3217,3534,3509,3167,3500,4085,4585,3434,3779,5287,8475,3451,4012,5550,9195,15.8798,26.4649,8.71307,47.8827
63800,3702,4196,4509,3962,4075,5839,6757,4488,3946,5258,5861,4378,3558,3967,4121,3809,-2.10583,2.58706,8.62173,48.284
63801,3245,3448,3977,4212,3316,3646,4646,7004,3401,3779,5050,9558,3223,3516,4384,5523,4.10581,31.1779,8.95798,47.952
63802,3155,3575,4111,4597,3293,3735,5130,7741,3430,3829,5183,8353,3259,3550,4320,4871,0.889589,24.1095,8.59802,48.088
63803,3788,5321,9606,7179,3740,4327,5743,5028,3249,3630,3853,3782,3068,3268,3343,3313,-24.7178,10.5381,8.99892,48.1587
63804,3333,3494,3385,3200,3950,4180,3775,3331,5319,6988,4882,3686,5935,7959,5197,3862,17.093,-8.66507,8.80571,48.3173
63805,3245,3657,4483,5195,3425,3842,5575,8731,3247,3841,5052,6852,3196,3515,4052,4341,-3.14216,22.7121,8.67185,48.166
63806,3316,3641,4414,5363,3354,3722,5218,9041,3371,3704,4645,7162,3266,3477,3957,4376,-3.33067,31.5536,8.72878,48.018
63807,3928,4631,4348,3902,4427,7016,6077,4132,4074,5529,5063,3875,3680,3888,3943,3479,-3.68622,-1.89668,8.57838,47.9947
63808,3511,3448,3369,3239,3948,4106,3869,3430,5113,6994,5159,3954,5316,7558,5361,3827,16.3325,-6.24345,8.56331,48.1347
63809,4839,7295,6177,4414,4604,6554,5551,4103,3741,4069,3969,3593,3498,3431,3483,3343,-16.5671,-2.58513,8.51059,48.4427
63810,3079,3360,3481,3501,3203,3475,3905,4206,3324,3819,5123,7926,3359,3914,5742,10426,18.2905,27.4789,8.53908,47.8953
63811,3588,3449,3299,3186,4499,4109,3628,3232,7611,6326,4026,3389,7834,6249,4195,3457,15.4723,-18.3845,8.98657,48.0513
63812,3229,3629,3852,3759,3525,4081,5084,4609,3705,4902,8072,5801,3593,4175,5326,4791,7.40887,9.73689,8.80648,48.0887
63813,3425,3788,5021,7087,3420,3700,5144,9813,3209,3565,4428,5452,3183,3347,3527,3754,-10.4358,30.9416,8.5355,47.9087
63814,6675,4922,3705,3302,9606,5508,3931,3282,5506,4378,3608,3226,3982,3681,3327,3112,-8.97294,-25.6104,8.72773,47.834
63815,4323,4321,3795,3441,5917,6786,4274,3422,5957,6586,4248,3546,4312,4356,3750,3396,-0.0683471,-13.0227,8.90008,48.2867
63816,3378,3925,6095,11464,3355,3869,5006,7154,3167,3422,3870,4140,3080,3251,3292,3367,-21.1878,26.9964,8.81989,47.89
63817,3333,3266,3314,3316,3286,3393,3779,3876,3555,3829,4639,5895,3385,4012,5942,12420,30.0425,32.9992,8.6314,47.4933
63818,10639,6237,4034,3373,7442,5238,3938,3446,4243,3969,3493,3231,3365,3467,3218,3153,-20.3307,-23.9045,8.53414,48.324
63819,3043,3296,3466,3431,3244,3544,3988,4303,3333,3832,5228,6961,3479,4043,6609,10292,20.6011,22.3062,8.61149,48.0613
63820,3418,3404,3275,3101,3909,3753,3448,3249,5862,4994,3764,3391,11463,7200,3958,3453,30.6073,-21.1877,8.74366,47.7613
63821,3304,3566,3635,3568,3711,4173,4699,3864,3899,5659,7818,5124,3925,4930,6082,4751,11.0522,5.00243,8.68323,48.472
63822,4492,4137,3579,3239,6986,5639,3859,3302,7701,5962,3974,3304,4767,4346,3599,3382,1.33595,-19.339,8.93174,48.1787
63823,4284,6954,9616,5442,3895,4505,5319,4500,3480,3725,3853,3664,3145,3248,3293,3249,-29.1549,4.24884,8.97981,48.1147
63824,3244,3471,3617,3708,3462,3850,4749,4419,3589,4641,7822,5921,3677,4434,5981,5449,10.6479,10.7416,8.58382,48.0227
63825,4674,4233,3591,3231,8045,5325,3823,3365,8008,5263,3741,3366,4676,4250,3472,3185,-0.273213,-22.4132,8.98599,48.1653
63826,3403,3669,3659,3493,4065,4744,4484,3734,4513,7499,6417,4177,4299,5413,4829,3932,8.92661,-2.23947,8.68926,48.22
63827,4958,8459,7669,4561,4246,5490,4912,4151,3652,3683,3803,3546,3184,3311,3333,3206,-24.228,-1.36618,8.63632,48.1093
63828,3429,3776,4908,6852,3302,3799,5267,9922,3327,3667,4223,5603,3147,3369,3644,3744,-9.71515,31.5527,8.75856,47.986
63829,3320,3368,3308,3320,3560,3880,3843,3580,4187,5133,5347,4264,4669,7707,8247,4821,23.2369,0.516055,8.53757,48.3693
63830,3873,3612,3366,3186,5573,4344,3590,3268,9701,5230,3787,3305,6995,4956,3651,3419,9.80026,-29.714,8.54559,47.904
63831,3874,3772,3406,3178,6111,4517,3537,3263,9940,5266,3688,3521,6232,4556,3670,3295,6.90672,-29.2268,8.83309,47.884
63832,3077,3229,3452,3424,3176,3379,3810,4029,3404,3841,5058,6527,3397,4014,6624,11726,24.7464,23.7867,8.81523,48.1113
63833,4834,4096,3513,3226,8127,4993,3640,3280,8520,5067,3747,3284,4825,4245,3493,3186,0.403037,-26.5119,8.92568,48.0507
63834,3107,3285,3519,3461,3330,3817,4340,4250,3696,4406,7166,6222,3689,4585,7193,6399,15.1726,12.4963,8.94762,48.31
63835,3336,3461,3198,3160,3951,3872,3424,3138,6087,4762,3716,3297,12541,6119,3794,3343,31.1718,-27.2533,8.55447,47.466
63836,12837,5950,3851,3394,6182,4719,3785,3385,3914,3768,3434,3148,3414,3279,3219,3148,-28.5089,-28.9535,8.94271,47.618
63837,3088,3193,3362,3380,3292,3464,3759,3998,3433,3865,4831,6220,3439,4117,6939,11747,26.9816,22.454,8.91696,48.0847
63838,3117,3271,3497,3576,3245,3528,4295,4884,3332,3791,5227,9363,3347,3776,5182,8731,13.8566,29.9503,8.85437,48.108
63839,3368,3394,3215,3143,3913,3633,3432,3327,5984,4736,3851,3359,12762,6080,3948,3437,29.7391,-31.2145,8.5555,47.7213
63840,3715,4599,7492,7363,3545,4318,6514,6184,3229,3616,4140,4070,3144,3344,3493,3455,-17.5422,14.0119,8.56086,48.1473
63841,5542,5743,4109,3709,6828,7647,4441,3570,4596,4878,3830,3348,3681,3708,3526,3146,-9.98819,-13.4695,8.72365,48.2013
63842,3925,5532,9857,6650,3698,4395,5278,4937,3312,3643,3844,3726,3162,3289,3363,3375,-33.8835,9.15567,8.88076,47.9907
63843,2963,3302,3453,3506,3331,3565,3953,4154,3401,3858,5515,6984,3464,4156,7050,9837,20.274,20.1094,8.74771,48.328
63844,8144,6436,4169,3460,7581,6025,3919,3443,4447,4079,3649,3261,3558,3533,3368,3088,-16.1468,-19.1313,8.72791,48.1067
63845,3364,3469,3447,3251,3786,4029,3966,3686,4648,6482,5573,4067,4826,7371,6013,4269,17.0276,-3.26005,8.60835,48.1647
63846,3356,3555,4373,4963,3333,3853,5384,8476,3323,3705,5220,7434,3219,3514,4052,4576,-1.86972,23.4785,8.83343,48.224
63847,3732,4342,6021,5302,3589,4671,8071,6011,3401,3887,4737,4372,3223,3413,3677,3704,-10.3771,10.5185,8.94121,48.102
63848,6069,4696,3733,3332,9821,5527,3713,3331,6133,4518,3658,3225,4099,3833,3356,3128,-7.08764,-27.3053,8.79359,48.1147
63849,4831,4346,3578,3237,7961,5671,3901,3271,7394,5467,3816,3318,4576,4122,3514,3172,-0.6454,-20.991,8.98419,48.1167
63850,3610,3554,3295,3102,4415,4073,3606,3274,7743,5948,4059,3380,8562,6374,4014,3321,16.4475,-19.6155,8.91872,48.22
63851,3175,3326,3520,3405,3393,3846,4215,3954,3678,4678,6681,5376,3774,4978,8204,6174,18.1404,9.36323,8.70767,48.2513
63852,4104,5118,5939,4433,4059,6009,7609,4658,3687,4218,4670,3885,3399,3489,3585,3427,-11.1347,3.47628,8.86954,48.1927
63853,4435,5119,4116,3464,5530,7824,4839,3753,4860,5786,4195,3500,3966,3879,3636,3274,-4.80417,-9.15463,8.69398,48.1173
63854,3575,3603,3284,3166,4071,4185,3613,3379,5903,7123,4616,3663,6325,7639,4699,3740,15.9328,-11.5685,8.98105,48.3893
63855,3527,3390,3250,3193,3957,3780,3445,3173,5961,4765,3748,3235,12381,6162,4023,3391,33.1256,-26.4061,8.76399,47.5873
63856,3417,3443,3295,3109,4090,4008,3491,3206,6420,5190,3964,3437,10640,7297,4216,3469,23.9144,-20.436,8.55706,48.4613
63857,3928,4302,4226,3708,4402,6581,5577,4026,4256,6183,5437,3915,3692,4156,4197,3640,-0.836892,-2.33069,8.60727,48.1507
63858,4183,6084,8351,5282,3894,5123,6346,4627,3567,3737,3957,3825,3167,3250,3480,3232,-18.9387,4.3993,8.86263,48.07
63859,4720,5003,3894,3520,6549,7615,4376,3562,5146,5591,4029,3478,4074,3849,3440,3218,-4.78396,-12.9778,8.94824,48.0427
63860,4694,6234,5481,4100,4733,7183,5839,4051,3905,4413,4222,3652,3434,3585,3607,3208,-13.4066,-3.24457,8.53513,48.2273
63861,4442,3896,3456,3227,7378,4946,3561,3373,9132,5418,3810,3348,5216,4285,3625,3256,2.80557,-25.9133,8.8585,48.246
63862,3126,3296,3456,3371,3248,3533,3899,4016,3601,4067,5178,5723,3501,4612,8361,9262,25.1442,16.0722,8.80778,48.1667
63863,4380,4944,4216,3626,5313,7873,5145,3796,4441,5531,4304,3605,3784,3884,3648,3328,-5.2679,-7.61392,8.74959,47.8787
63864,3298,3461,3909,3733,3416,3967,5096,4655,3590,4688,8096,6178,3638,4098,5542,5131,8.0305,11.0172,8.80403,48.3307
63865,3097,3198,3473,3341,3218,3624,3885,3832,3558,4192,5374,5093,3647,5128,9620,7885,26.6197,12.4536,8.80968,48.11
63866,3075,3283,3363,3347,3167,3428,3756,3943,3402,3742,4855,6182,3336,3935,6261,12438,27.6166,25.5693,8.84092,47.6753
63867,3098,3355,3673,3839,3272,3553,4236,5329,3325,3853,5483,9677,3384,3660,5011,7463,11.1596,29.6712,8.72036,48.1407
63868,3284,3573,4020,4419,3357,3761,5095,6996,3372,3755,5416,8851,3249,3628,4422,5234,2.79202,23.1039,8.77326,48.288
63869,3053,3239,3462,3498,3168,3447,3879,3936,3551,3985,5004,5764,3455,4158,7402,10825,32.9236,20.0897,8.58062,47.884
63870,3234,3198,3467,3338,3253,3419,3779,3933,3302,3797,4978,5972,3370,4056,7157,11541,32.1627,21.8953,8.75115,47.8627
63871,3632,3611,3345,3179,5012,4227,3524,3305,9664,5244,3763,3312,7826,4995,3867,3435,11.8892,-32.8652,8.61613,47.9607
63872,8346,9441,4853,3701,5240,5284,4086,3633,3912,3809,3571,3241,3131,3342,3252,3134,-27.0574,-12.9654,8.93984,47.984
63873,10802,7538,4031,3451,6015,5029,3855,3388,3944,3757,3565,3223,3371,3387,3237,3102,-27.3108,-20.4927,8.6238,47.7967
63874,3010,3179,3543,3473,3156,3556,3902,4299,3394,3719,5067,7946,3384,3925,5670,10873,19.0133,27.4254,8.9459,48.064
63875,3501,3460,3394,3249,4687,4108,3516,3183,8642,5155,3811,3412,9141,5381,3810,3406,15.2909,-32.6781,8.78264,47.904
63876,3239,3389,3413,3244,3698,3788,3829,3612,4305,5605,5218,4120,4915,8228,7440,4492,22.4917,-1.48015,8.74637,48.3567
63877,3718,4719,7846,7031,3603,4405,6656,5998,3404,3640,4123,4020,3214,3291,3435,3452,-17.8854,12.9117,8.78838,48.37
63878,3505,4580,8800,9061,3465,4130,5068,5318,3295,3522,3853,3860,3122,3292,3473,3492,-31.0158,15.5841,8.54344,47.8907
63879,3419,3541,3455,3519,3568,4165,4544,4047,4008,5930,7806,4779,3950,4994,6111,4694,11.2215,4.28613,8.83034,48.3533
63880,3317,3371,3409,3213,3600,3762,3662,3484,4199,5008,4840,4107,4716,8585,8090,4660,30.6618,-0.745538,8.79621,48.0153
63881,3513,4292,6903,7374,3468,4231,6563,7123,3304,3596,4157,4392,3180,3322,3540,3576,-15.7678,16.3642,8.80329,48.356
63882,3816,3780,3277,3041,5611,4387,3615,3302,9318,5674,3989,3409,6840,5051,3778,3165,9.08235,-24.0037,8.62853,48.0353
63883,4193,4013,3388,3137,5790,5215,3813,3318,7881,6735,4286,3427,5187,4776,3885,3402,5.61652,-17.2995,8.79265,48.2973
63884,3160,3139,3321,3302,3167,3295,3738,3836,3305,3773,4830,6343,3361,3848,6082,12603,26.5471,28.6849,8.96285,47.402
63885,3138,3296,3324,3518,3378,3394,3861,4209,3354,3875,5003,7544,3405,4001,5796,11085,20.57,28.3765,8.64257,48.1207
63886,3450,4116,6284,9924,3421,3914,5400,7527,3231,3505,4026,4161,3133,3303,3455,3431,-18.8672,21.8913,8.90131,48.1873
63887,3443,3491,3117,3063,3976,3771,3549,3258,6379,5056,4046,3394,10462,7311,4289,3389,23.9134,-19.8816,8.54256,47.996
63888,3387,3984,4511,4349,3629,4435,7095,5765,3596,4289,6500,5565,3359,3770,4213,4174,-1.4698,11.2885,8.63167,48.414
63889,3316,3733,5003,5509,3469,4087,6947,7824,3307,3853,5175,5570,3073,3465,3831,4040,-6.14443,17.2699,8.9317,48.1347
63890,3286,3794,5218,7935,3439,3861,5480,9027,3324,3603,4219,4889,3156,3367,3625,3759,-13.101,24.8657,8.77443,47.988
63891,3440,3267,3300,3213,3896,3993,3688,3427,5110,6544,4801,3814,5718,8450,5559,3973,19.1485,-7.22938,8.8708,48.1287
63892,3087,3276,3341,3412,3415,3522,3863,3793,3441,4122,5064,5379,3663,4969,9345,8394,32.04,13.478,8.64325,48.0573
63893,3270,3563,4330,5353,3330,3809,4939,9505,3305,3710,4743,7035,3137,3535,4077,4344,-3.63208,31.0257,8.91112,47.99
63894,5012,4106,3500,3286,8663,5076,3723,3347,8016,4821,3611,3369,4725,4180,3509,3269,-1.08394,-30.3139,8.66691,48.142
63895,3457,3576,3371,3143,3984,4056,3693,3354,5833,6212,4321,3589,7343,7850,4753,3632,19.5654,-13.2223,8.61983,48.1113
63896,3749,4568,5601,4788,3770,5272,8188,5319,3598,4197,5066,4218,3379,3505,3664,3615,-8.71093,7.05669,8.80963,48.3313
63897,12117,6564,4000,3343,5964,4907,3871,3299,3915,3803,3397,3295,3366,3423,3227,3083,-31.8048,-24.9762,8.81414,47.716
63898,3395,3841,5945,12701,3430,3927,4689,5797,3253,3447,3757,3817,3111,3308,3381,3432,-29.8403,32.686,8.63428,47.4873
63899,3183,3327,3821,4033,3308,3722,4706,6197,3234,3960,5838,9386,3280,3712,4624,5736,5.8813,22.5311,8.91547,48.0447
63900,3382,3539,3416,3227,3725,4071,3745,3517,4737,6282,4992,4000,5315,8326,5997,3971,19.1387,-5.0881,8.8219,48.1613
63901,3121,3263,3441,3414,3197,3439,3789,3872,3449,4011,5350,5881,3548,4459,8387,9384,24.2509,16.3599,8.90866,48.0033
63902,3397,3590,3565,3407,3842,4562,4427,3786,4610,7231,6499,4265,4398,5381,5170,4042,9.87698,-1.48128,8.95612,48.1147
63903,3590,3478,3295,3026,4763,4239,3441,3326,9147,5213,3716,3336,8924,5489,3829,3430,14.6821,-27.2291,8.65877,48.1613
63904,3444,3389,3284,3114,3892,4233,3826,3457,5274,7164,4867,3716,5838,7851,5103,3971,16.6428,-8.5436,8.99039,48.282
63905,3135,3290,3463,3318,3363,3687,3843,3770,3701,4364,5239,4808,3957,5719,9722,6652,30.6116,8.94764,8.66522,48.0207
63906,3336,3368,3163,3051,3936,3875,3356,3174,6280,4782,3831,3470,12556,5951,3976,3405,25.0596,-32.0646,8.97731,47.6733
63907,9046,7166,4064,3477,6848,5552,3980,3410,4254,3962,3423,3294,3398,3460,3283,3145,-19.6405,-18.6821,8.78512,47.8413
63908,3484,3522,3397,3169,3969,4123,3574,3316,5548,6236,4316,3538,7192,8368,4932,3780,20.4431,-12.2945,8.53718,48.3093
63909,3963,4301,4097,3562,4804,7178,5184,3729,4574,6413,4965,3800,3928,4206,3830,3521,-1.52553,-5.3455,8.92937,48.0367
63910,3190,3327,3483,3695,3361,3809,4364,4287,3493,4290,7385,6750,3476,4363,6500,6243,13.0289,13.6565,8.92861,48.0107
63911,3477,3399,3121,3131,4185,3887,3452,3223,7423,4976,3856,3343,11217,5707,3875,3412,20.7047,-30.9754,8.65755,47.7893
63912,3757,4690,5332,4290,3998,6017,7617,4674,3708,4637,5064,4052,3476,3683,3731,3615,-7.40297,2.9868,8.71159,48.2273
63913,6724,5693,3853,3393,8133,6474,4089,3546,4939,4478,3666,3346,3736,3602,3406,2993,-12.2594,-18.5803,8.74308,48.0473
63914,5733,8884,5728,4035,4947,6309,4926,3804,3777,3973,3791,3493,3304,3382,3339,3131,-19.7427,-6.6995,8.90184,48.3707
63915,3442,3896,5168,7049,3337,3875,5723,9373,3197,3584,4364,5306,3168,3300,3685,3835,-10.5358,22.643,8.77688,48.2013
63916,9848,7083,4213,3504,6542,5501,3957,3390,4095,3947,3572,3254,3453,3553,3270,3121,-20.6994,-19.2993,8.79676,48.202
63917,3286,3457,3271,3269,3613,3692,3698,3501,4380,5058,4821,4049,5215,9026,7403,4478,30.3748,-2.42559,8.78275,48.1447
63918,3377,3356,3183,3302,3989,3785,3400,3285,6082,4694,3864,3457,12244,6289,4001,3433,30.8251,-26.9894,8.55386,47.8273
63919,3814,3817,3402,3196,5363,4852,3728,3314,8031,6775,4145,3439,5812,5206,3904,3366,7.92025,-17.4869,8.94772,48.1093
63920,5815,9499,6382,4177,4526,5308,4604,3875,3512,3964,3684,3436,3304,3318,3363,3219,-25.8545,-5.25471,8.58602,47.9907
63921,4906,6829,5702,4104,4851,7182,5573,3937,3886,4302,3967,3536,3242,3552,3348,3182,-14.6238,-4.13146,8.60157,48.066
63922,3509,3821,4650,4528,3559,4430,7289,6160,3571,4150,6222,5324,3435,3597,4058,4072,-2.74162,11.9002,8.87208,48.25
63923,3993,3906,3474,3265,5845,4889,3940,3364,8549,6180,3942,3372,5670,4899,3804,3239,6.26222,-20.2072,8.56258,48.2207
63924,3521,3359,3329,3281,3772,3698,3365,3227,5938,4689,3657,3376,12434,5903,3914,3341,32.9426,-32.8396,8.94528,47.2027
63925,4510,3991,3530,3189,7507,5015,3703,3298,8948,5338,3809,3259,5145,4299,3676,3219,2.27577,-24.5031,8.84712,48.2907
63926,4548,7358,7892,4681,4156,5553,5756,4232,3603,3749,3777,3612,3367,3308,3395,3344,-20.6455,0.981993,8.98734,48.2207
63927,3609,4115,5673,5632,3512,4406,7467,6965,3368,3882,4849,4799,3268,3319,3731,3771,-9.74764,13.8975,8.57647,48.244
63928,3509,3457,3261,3066,4565,4006,3456,3323,8431,5061,3902,3443,9719,5485,3917,3371,16.8599,-28.0924,8.65973,47.9813
63929,7379,5223,3817,3271,9831,5180,3895,3428,5254,4303,3549,3261,3774,3619,3362,3145,-11.0907,-27.7932,8.80091,48.194
63930,3300,3497,3463,3249,3750,4089,3889,3471,4677,6392,5495,4101,5107,7544,6092,4310,17.4697,-3.20254,8.87147,48.284
63931,3501,3970,6292,10168,3453,3856,5266,7548,3254,3541,4057,4324,3025,3275,3472,3538,-19.1098,24.0588,8.79442,48.36
63932,3130,3330,3423,3375,3314,3476,3888,3805,3634,4351,5224,5134,3646,5142,9740,7233,33.4188,10.8622,8.95813,47.8967
63933,3067,3240,3444,3344,3209,3647,3927,3934,3576,4199,5887,5509,3751,5046,9018,7486,22.0041,12.2316,8.8968,48.1893
63934,11597,6111,3958,3395,6868,4978,3918,3452,4068,3815,3535,3323,3376,3403,3278,3114,-23.1343,-27.3874,8.5477,48.126
63935,3596,4535,8935,8826,3571,4034,5273,5299,3185,3639,3827,3892,3247,3279,3400,3398,-33.3959,14.8111,8.76729,47.9573
63936,5012,4185,3513,3387,9084,5126,3752,3341,7523,4767,3767,3349,4357,4074,3538,3222,-2.19795,-33.5347,8.93272,47.998
63937,3337,3481,3867,3884,3396,3957,4973,5140,3567,4175,7184,7330,3475,3941,5162,5514,7.56115,15.7644,8.71177,48.2553
63938,3778,4807,6876,5620,3757,4818,7656,5641,3429,3847,4404,4107,3158,3381,3611,3489,-14.0299,9.66864,8.70425,48.2527
63939,4409,4801,4004,3529,5603,7653,4844,3721,4898,6093,4352,3574,3947,4047,3660,3340,-3.35166,-9.29262,8.72402,48.3167
63940,3660,3684,3295,3126,5179,4275,3599,3246,9687,5194,3802,3377,7709,5035,3761,3302,11.5994,-30.0857,8.80528,47.954
63941,4476,4180,3610,3341,6597,5830,3962,3503,7015,6299,3930,3426,4590,4443,3681,3354,1.04003,-17.0649,8.83631,48.158
63942,4385,4177,3557,3197,7655,4722,3744,3320,8549,5051,3755,3383,4939,4290,3636,3345,1.13556,-33.6185,8.6063,47.8033
63943,5604,9456,6907,4242,4528,5181,4596,3961,3678,3794,3592,3449,3281,3363,3357,3194,-27.7082,-4.48661,8.83459,48.122
63944,3107,3174,3389,3438,3136,3403,3787,4027,3328,3845,4727,6240,3286,3982,6479,12247,26.4294,26.1304,8.89521,47.73
63945,3441,3309,3394,3141,3901,3783,3580,3317,5559,5227,4053,3526,9247,8361,4489,3432,33.5648,-16.1525,8.68594,47.84
63946,4338,5184,4607,3815,4827,7785,6096,3984,4095,5204,4527,3740,3541,3708,3646,3363,-7.43969,-3.96159,8.78698,48.3067
63947,3328,3377,3340,3164,3713,3797,3670,3398,4678,5093,4500,3718,6141,9888,6252,4105,29.953,-6.78408,8.98367,48.108
63948,3960,3933,3517,3365,5454,5208,3905,3371,7335,7247,4182,3445,5198,4919,3926,3311,5.41389,-15.5404,8.86456,48.184
63949,3339,3625,4295,4422,3407,3913,5863,6731,3412,4031,6329,7046,3301,3686,4321,4652,1.10973,17.2075,8.92022,48.2487
63950,8967,7792,4465,3526,6261,5496,4057,3398,4022,4043,3616,3346,3430,3529,3368,3144,-21.6972,-17.27,8.6494,48.3067
63951,3135,3372,3522,3634,3478,3724,4381,4106,3721,4651,7417,5720,3562,4758,7103,5719,14.1316,10.4991,8.50518,48.002
63952,5566,5246,3898,3408,7984,6943,4106,3487,5372,5026,3716,3481,3966,3824,3492,3085,-7.24697,-17.0857,8.93917,48.4
63953,3134,3211,3367,3500,3197,3376,3763,3887,3339,3739,4953,6063,3367,4054,6303,12409,32.8375,26.2768,8.67651,47.7747
63954,3130,3240,3655,3548,3269,3580,4074,4704,3372,3864,4982,8965,3301,3821,5348,8968,15.223,30.9954,8.86976,47.8807
63955,3283,3926,5344,8441,3338,3739,5284,9049,3276,3531,4218,4764,3105,3325,3546,3509,-13.6978,33.0923,8.63715,47.7853
63956,3327,3746,4254,4378,3456,4102,6380,6409,3554,4183,6384,6464,3260,3764,4368,4366,0.0779377,15.0307,8.80272,48.2633
63957,3450,3881,5457,6808,3497,4090,6423,8784,3217,3655,4368,5079,3097,3314,3607,3813,-10.7801,19.9226,8.83129,48.36
63958,3694,3594,3392,3221,4716,4188,3541,3231,8624,5966,3881,3372,7580,5647,3953,3351,13.2334,-21.1064,8.98376,47.9673
63959,3394,4028,6655,10139,3361,3926,5201,7092,3243,3443,3979,4263,3155,3290,3392,3534,-19.7667,21.7764,8.71673,48.0633
63960,3075,3223,3392,3365,3203,3412,3859,4057,3414,3921,5040,7191,3449,3912,5859,11285,21.0418,32.9362,8.69473,47.7713
63961,4100,3923,3496,3153,6376,4449,3671,3425,9607,5161,3899,3276,5974,4547,3721,3359,5.7996,-31.0293,8.62527,48.0913
63962,12734,5917,3776,3437,5915,4751,3858,3313,3991,3773,3390,3143,3410,3481,3193,3115,-32.033,-30.2505,8.75309,47.4647
63963,3467,4169,6183,7312,3531,4042,6295,7657,3317,3496,4202,4561,3132,3416,3633,3635,-14.2972,18.2803,8.71058,48.032
63964,3302,3516,3405,3433,3795,4327,4159,3677,4513,6788,6146,4194,4624,6214,5895,4208,13.5384,-1.33067,8.62569,48.1307
63965,3095,3239,3301,3461,3326,3422,3755,4094,3393,3792,4900,6765,3389,3953,6019,11683,23.1049,28.8173,8.57459,47.7247
63966,3410,3554,3413,3189,3933,4281,3908,3447,5450,7260,4882,3794,5714,7479,4955,3730,16.0471,-8.50208,8.62648,48.266
63967,3249,3713,4781,6355,3379,3815,5548,9562,3253,3621,4482,5849,3205,3370,3745,3951,-7.921,25.1942,8.56487,47.9187
63968,3030,3251,3525,3456,3267,3501,4075,4341,3282,3825,5158,7875,3410,3929,5927,10065,18.3765,25.425,8.53381,47.9447
63969,4008,4566,4545,3821,4496,7009,6195,4095,4083,5556,5162,3971,3635,3886,3834,3366,-4.39179,-1.80731,8.54648,48.152
63970,7855,9335,5103,3740,5238,5555,4186,3570,3808,3837,3515,3375,3466,3355,3247,3140,-24.1028,-12.2737,8.84166,48.2167
63971,3137,3400,3729,4056,3088,3554,4498,5794,3335,3840,5548,9709,3341,3660,4834,6339,8.03589,25.1861,8.83112,47.908
63972,3381,3310,3185,3122,4043,3939,3442,3113,6760,4937,3810,3382,11879,6213,3863,3464,23.2637,-27.0049,8.50234,47.8953
63973,3445,3482,3233,3008,4248,3889,3484,3284,7243,5276,3960,3344,10113,6347,4082,3493,19.6063,-23.0678,8.78,47.954
63974,3244,3359,3321,3285,3452,3720,3754,3666,3944,4916,5360,4347,4446,7537,8913,5175,24.5455,2.44364,8.93653,48.2927
63975,3788,5097,9550,7747,3692,4304,5552,5089,3335,3615,3847,3801,3047,3240,3327,3370,-25.8122,11.7689,8.78614,48.2673
63976,3308,3910,5177,7997,3458,3759,5225,9641,3393,3686,4105,5067,3100,3356,3585,3651,-12.7474,26.6596,8.96133,48.2787
63977,3112,3129,3322,3364,3211,3513,3841,3962,3451,3821,4922,6365,3382,3990,6040,12102,25.2264,32.2747,8.55306,47.6847
63978,3472,4256,5873,6131,3557,4321,7109,7137,3372,3721,4698,4814,3266,3427,3770,3687,-11.5103,15.1688,8.90719,48.4073
63979,3385,3458,3275,3227,4250,3944,3533,3318,7772,5163,3753,3516,10479,5620,3912,3397,18.5807,-31.4563,8.75532,48.0013
63980,4239,6878,9361,5503,3936,4712,5166,4453,3437,3612,3750,3647,3278,3344,3274,3301,-33.1895,3.82635,8.97254,47.9273
63981,3550,3917,4207,3681,3850,5158,5981,4364,3972,5649,6957,4532,3738,4270,4534,4041,2.15192,3.01915,8.94773,48.2673
63982,3273,3333,3203,3270,3725,3897,3673,3334,4648,5632,4566,3943,6145,9354,5959,3990,23.9154,-6.95995,8.73065,47.9633
63983,3123,3262,3256,3292,3441,3633,3784,3819,3647,4335,5623,4935,3801,5645,9970,6685,25.287,8.77577,8.92498,48.1673
63984,4172,6454,9338,5658,3911,4603,5302,4448,3518,3729,3821,3664,3265,3285,3370,3336,-32.3025,5.08717,8.51393,47.916
63985,3687,3827,3844,3488,4145,5322,4782,3826,4527,7270,6255,4129,3995,4950,4541,3773,5.78795,-2.20763,8.85791,48.2407
63986,3576,3461,3253,3193,4713,4042,3583,3224,8817,5066,3829,3371,9196,5410,3923,3291,15.2536,-32.1895,8.84712,47.9653
63987,3696,5147,9256,8268,3509,4172,5335,5141,3265,3559,3823,3712,3143,3234,3424,3368,-27.169,13.1951,8.86971,48.0347
63988,4935,4461,3761,3251,7975,5757,3735,3402,6973,5387,3799,3353,4495,4115,3572,3179,-1.97466,-20.4773,8.69183,48.1
63989,3154,3213,3349,3294,3316,3601,3691,3673,3868,4494,5525,4754,4143,6287,9904,5979,26.5354,6.19907,8.99591,48.1633
63990,3714,5098,9245,7495,3758,4268,5671,5226,3283,3524,3846,3894,3046,3143,3545,3327,-23.5577,11.9433,8.72762,48.0553
63991,3900,3726,3400,3161,5656,4230,3525,3288,10047,5293,3821,3284,6822,4847,3621,3292,9.02251,-32.6005,8.8004,47.942
63992,3524,3790,4044,3794,3756,4818,6278,4567,3872,5225,7230,4927,3632,4014,4549,4075,2.28912,5.92475,8.66277,48.0633
63993,3489,3977,4268,3993,3720,5089,6819,4733,3783,4996,6961,4839,3566,3907,4414,3999,0.13881,5.99597,8.88982,48.3687
63994,3990,4317,4060,3584,4509,6942,5546,3937,4472,6377,5060,3915,3878,4229,3898,3573,-1.36094,-4.08208,8.81081,48.1913
63995,3527,3895,6031,12283,3345,3894,4829,6487,3270,3455,3723,4014,3143,3193,3295,3387,-24.9659,30.0832,8.67909,47.8473
63996,3041,3326,3575,3533,3419,3732,4194,4224,3612,4494,6878,5973,3673,4594,7661,6640,16.1464,12.2492,8.81539,48.3793
63997,3452,3483,3211,3081,4319,3914,3535,3255,7627,5240,3949,3366,10323,6122,4030,3482,19.1374,-25.2689,8.72476,48.2593
63998,7132,5186,3899,3275,9584,5680,3862,3342,5374,4223,3572,3363,3887,3631,3447,3113,-9.99044,-24.2285,8.96678,48.38
63999,3397,3415,3215,3089,4140,3967,3399,3200,7565,5091,3900,3369,10717,6075,3955,3401,20.0617,-25.0854,8.69558,47.93
64000,3615,4591,7878,8174,3499,4066,5905,6037,3259,3677,4039,4102,3075,3341,3427,3485,-20.0973,15.1976,8.6455,48.1133
64001,3244,3471,3737,3465,3457,4006,4819,4232,3677,4836,8108,5853,3694,4462,6084,5116,10.405,9.56207,8.91147,48.174
64002,3534,3479,3257,3020,3952,3737,3503,3176,6856,4898,3898,3485,12093,6016,3944,3394,23.1317,-28.0654,8.91657,48.1613
64003,3546,3733,3644,3474,4001,4845,4267,3637,4740,7800,5868,4027,4487,5473,4871,3742,9.144,-4.17199,8.8419,48.1033
64004,3087,3173,3326,3378,3198,3451,3854,4048,3461,3834,4962,7329,3531,3889,5802,11541,21.4633,33.0989,8.86435,47.9093
64005,4499,7050,7949,4892,4166,5437,6003,4454,3497,3885,3994,3671,3271,3382,3438,3207,-19.5935,1.74489,8.78665,48.53
64006,3255,3402,3434,3272,3749,3683,3742,3425,4323,5005,4855,3951,5067,8820,7780,4613,28.3249,-1.83199,8.95446,48.2507
64007,9550,8323,4403,3405,5599,5274,4110,3424,3986,3918,3429,3267,3434,3435,3308,3198,-33.8268,-16.7394,8.56107,48.042
64008,3183,3208,3473,3440,3260,3457,3891,3922,3439,3843,5279,5980,3607,4413,7710,9804,24.0657,18.1659,8.53002,47.9393
64009,3432,3427,3304,3130,3859,3746,3352,3292,6143,4715,3914,3282,12418,5918,3973,3464,27.9681,-31.2559,8.51412,47.5793
64010,7404,9301,5101,3860,5183,5655,4318,3635,3817,3907,3639,3285,3291,3469,3190,3091,-24.1283,-11.5376,8.63428,48.0973
64011,3208,3432,4026,4408,3338,3638,4571,7379,3299,3817,5184,9116,3308,3597,4383,5258,2.97406,27.0833,8.67755,47.9747
64012,11569,5836,3855,3381,7140,5016,3714,3462,4037,3775,3359,3222,3453,3298,3282,3118,-21.7416,-29.29,8.70552,47.678
64013,3360,3810,4649,5295,3393,3944,6198,8334,3404,3841,5047,6042,3213,3555,3940,4166,-4.65121,19.8059,8.66108,48.1273
64014,3449,4062,6200,11090,3324,3788,5173,7309,3111,3487,3854,4238,3024,3271,3336,3439,-20.4763,25.6815,8.96826,48.1033
64015,4019,3758,3378,3194,6209,4393,3747,3168,9874,5185,3867,3378,6093,4640,3786,3295,6.33495,-32.5851,8.61999,47.9893
64016,3380,3697,5013,8005,3366,3746,5289,9719,3353,3611,4236,5133,3123,3312,3554,3610,-12.3284,28.9698,8.9441,48.098
64017,3128,3163,3402,3439,3386,3487,3914,3833,3553,4137,5419,5412,3735,4948,9345,8181,25.5453,13.1353,8.91954,48.3213
64018,3904,3769,3390,3099,5653,4548,3593,3477,8731,6224,3986,3554,6139,4992,3925,3320,8.23565,-20.7611,8.51744,48.2027
64019,3382,3847,4827,5051,3457,4205,6895,7344,3330,3983,5419,5672,3237,3510,3864,3969,-5.15176,15.9983,8.65539,47.9947
64020,4507,4383,3724,3419,6270,6632,4249,3441,6176,6310,4129,3473,4149,4309,3689,3306,-0.624763,-14.1836,8.7703,48.1107
64021,4137,4492,4038,3570,5131,7281,4989,3753,4799,6412,4613,3730,3983,4141,3852,3464,-1.57467,-7.48642,8.57726,48.2567
64022,3872,3874,3527,3350,4808,5290,4002,3468,6329,7731,4612,3583,5111,5289,4012,3581,6.92256,-11.7509,8.54426,48.2927
64023,3412,3956,5865,9932,3486,3939,5299,8030,3157,3582,4130,4355,3146,3262,3501,3544,-17.8115,24.6101,8.71353,48.3973
64024,3631,4809,8790,7793,3500,4302,5823,5462,3376,3561,3967,3903,3139,3267,3272,3399,-22.9205,12.9351,8.8365,47.996
64025,11674,6399,4079,3321,6704,4950,3801,3323,4102,3902,3462,3206,3526,3312,3284,3137,-23.7365,-24.4978,8.66192,48.1213
64026,3512,4316,7361,8699,3502,4079,5724,6618,3325,3493,3946,4149,3046,3244,3396,3591,-19.6174,17.5367,8.59425,48.0007
64027,3078,3315,3422,3526,3209,3519,3888,3991,3271,3760,4915,5786,3375,4059,6953,11525,32.446,21.8823,8.76272,47.728
64028,8519,5631,3979,3359,8839,5378,3941,3376,4676,4098,3564,3211,3624,3545,3312,3032,-14.804,-24.0969,8.76675,48.056
64029,3451,3998,6389,10476,3464,3929,5127,7128,3285,3516,3899,4279,3122,3251,3413,3501,-20.5419,23.6007,8.56014,48.152
64030,4767,6045,4786,3861,5185,8181,5484,3881,4139,4783,4078,3667,3459,3583,3453,3410,-10.5344,-5.95337,8.99476,48.508
64031,3075,3284,3575,3660,3376,3574,4194,5039,3367,3781,5328,9622,3337,3811,5134,8056,12.5076,32.0821,8.96583,48.142
64032,6198,7349,4712,3811,5870,7380,4658,3761,4012,4255,3701,3415,3470,3500,3318,3246,-15.333,-11.1644,8.8311,48.4373
64033,3734,4639,6790,5807,3672,4642,7560,5929,3429,3821,4497,4119,3124,3301,3613,3524,-13.751,11.1915,8.90226,48.134
64034,3117,3194,3374,3444,3147,3514,3835,3894,3293,3752,4868,6681,3431,3984,6042,12084,23.7425,28.9469,8.69341,47.7693
64035,3643,3550,3270,3072,4740,4198,3530,3380,8471,5834,3990,3309,7917,5670,3907,3365,13.5195,-21.895,8.6791,47.8973
64036,3310,3316,3337,3125,3640,3729,3649,3406,4569,5283,4585,3805,5812,9574,6791,4331,27.5927,-4.64607,8.58535,48.1747
64037,4120,6410,9510,5793,3889,4560,5193,4629,3397,3621,3822,3818,3266,3345,3323,3370,-27.809,5.49183,8.63039,48.044
64038,4537,6259,5762,4138,4405,6986,6298,4095,3638,4376,4211,3688,3417,3510,3505,3298,-13.3469,-1.72623,8.72698,48.082
64039,3583,3844,4174,3847,3920,4875,6226,4535,3864,5319,7121,4703,3541,4073,4495,4136,2.12518,4.9782,8.56005,48.1707
64040,3397,3703,4107,3884,3685,4519,6130,4674,3795,4992,7699,5279,3629,4110,4645,4286,3.32292,7.70744,8.52372,48.356
64041,10305,5965,4038,3433,7799,5197,3818,3395,4326,3967,3506,3236,3504,3523,3159,3036,-18.9221,-26.547,8.61258,48.138
64042,3029,3206,3372,3370,3231,3392,3769,3852,3528,3744,4945,6673,3317,3888,6080,12424,24.8667,30.5428,8.85037,47.88
64043,6136,7257,4599,3670,5905,7240,4502,3628,4204,4134,3854,3474,3514,3403,3313,3125,-15.143,-11.2672,8.97535,47.972
64044,10960,6322,3951,3431,7169,5094,3684,3296,4195,3933,3456,3210,3433,3269,3273,3177,-20.9051,-24.2796,8.72058,47.902
64045,3153,3525,3834,4048,3314,3749,4866,5926,3422,3945,6255,8753,3327,3769,4923,5833,6.50879,20.1946,8.53523,48.428
64046,4636,7596,8518,4975,4048,5112,5359,4163,3493,3731,3842,3596,3186,3288,3396,3224,-24.6421,1.58178,8.5723,48.1087
64047,3441,3866,5264,6988,3418,3955,5943,8998,3397,3568,4377,5160,3198,3382,3599,3770,-10.7891,21.7578,8.69459,48.216
64048,11499,7148,4062,3501,5706,5048,3918,3336,3966,3791,3518,3210,3428,3348,3260,3215,-29.4038,-21.4904,8.58386,47.9693
64049,3294,3402,3369,3144,3865,3819,3448,3202,5638,5060,3891,3362,9923,8230,4495,3692,30.3971,-17.6452,8.71535,47.8893
64050,3533,3952,4098,3654,3782,5281,6089,4173,4177,5854,6675,4410,3804,4247,4530,3957,2.17508,2.11942,8.57642,48.144
64051,4531,7594,8471,5070,4079,4965,5216,4363,3519,3709,3832,3690,3126,3408,3277,3219,-25.1785,1.75171,8.55914,48.046
64052,4134,7161,9503,5418,3957,4642,5135,4398,3502,3784,3843,3632,3212,3336,3435,3291,-29.5762,3.8002,8.98768,48.2553
64053,5723,6087,4468,3541,6316,7926,4641,3573,4405,4690,3839,3493,3532,3755,3374,3101,-11.3862,-11.9852,8.9257,48.3093
64054,4220,4942,4328,3678,5060,7720,5532,4027,4414,5651,4594,3726,3606,4026,3623,3367,-4.95395,-6.02627,8.50612,48.3427
64055,3470,3464,3297,3177,3984,3890,3556,3316,5731,4926,3881,3343,10708,7530,4154,3427,33.2401,-19.4972,8.57884,47.9027
64056,3478,3419,3259,3103,3761,3900,3636,3481,4977,6330,4730,3867,5813,8935,5741,4051,20.1936,-6.94941,8.94262,48.3207
64057,3493,4135,5150,5091,3552,4544,7953,6657,3421,3847,5191,4710,3215,3522,3933,3906,-7.42307,12.3887,8.86171,48.2133
64058,3317,3915,6479,12707,3300,3770,4796,6000,3214,3419,3794,3885,3120,3270,3431,3331,-28.4584,26.2875,8.92231,47.832
64059,3386,3439,3297,3119,3942,3759,3461,3361,6011,4819,3815,3314,11838,6795,4092,3448,30.8275,-22.7077,8.60748,47.9307
64060,8663,7726,4273,3564,6309,5759,4068,3559,4083,4066,3524,3259,3363,3397,3325,3110,-20.0636,-16.6062,8.91675,48.032
64061,3141,3332,3552,3552,3413,3952,4431,4211,3719,4849,7454,5843,3777,4642,6827,5721,13.5279,10.0243,8.60187,48.2773
64062,3468,3803,6122,12215,3321,3800,4818,6568,3208,3491,3720,3961,3034,3239,3359,3326,-24.7178,27.5101,8.95924,47.6353
64063,3377,3570,4159,4286,3320,4028,5632,5984,3450,4086,6740,6951,3489,3591,4652,4772,2.57676,15.507,8.57416,48.058
64064,3319,3596,4251,4414,3389,4071,6126,6370,3481,4154,6275,6659,3337,3610,4473,4630,0.840937,15.7653,8.79905,48.1033
64065,3195,3362,3349,3267,3492,3796,3772,3616,4009,4550,5123,4457,4166,6779,9560,5485,29.7366,4.68396,8.70709,47.9853
64066,3932,4623,4654,4039,4305,6726,7001,4399,3898,5012,5129,3943,3536,3825,3758,3615,-5.75401,0.457317,8.79283,48.2633
64067,3893,4571,4643,3893,4326,6620,6913,4329,3970,5314,5341,3971,3567,3908,3851,3559,-4.52802,0.241988,8.82036,48.446
64068,3169,3384,3770,3803,3354,3631,4302,5376,3307,3800,5371,9736,3311,3775,4950,6859,9.7152,33.5134,8.51536,47.932
64069,11244,5916,3938,3401,7387,4978,3838,3373,4157,3881,3492,3208,3414,3433,3207,3108,-21.1232,-27.2599,8.70416,47.9833
64070,3789,4582,4414,3928,4246,6638,6383,4272,4109,5639,5375,4018,3704,3940,3886,3635,-2.76682,-0.78472,8.99041,48.372
64071,5512,4733,3788,3233,8465,6423,4082,3427,6106,5026,3795,3213,4124,4040,3450,3216,-5.42547,-19.3249,8.75255,48.422
64072,3141,3302,3773,3674,3302,3729,4652,4606,3609,4417,7308,7223,3551,4229,5844,5960,11.0615,14.6313,8.5748,48.2133
64073,4847,7296,6607,4462,4590,6138,5645,4187,3842,4045,3838,3576,3293,3497,3401,3165,-17.7713,-1.74199,8.61988,48.286
64074,9257,5565,3972,3440,8664,5154,3803,3425,4519,4161,3486,3232,3445,3609,3224,3159,-15.6397,-32.5942,8.64832,48.0767
64075,3183,3894,6313,12478,3333,3842,4736,6108,3174,3415,3786,3978,3090,3182,3380,3350,-33.4731,25.8802,8.93426,47.4947
64076,3111,3338,3458,3453,3269,3723,4142,4160,3585,4336,6705,6584,3587,4499,7607,7326,17.1102,14.4096,8.92444,48.5887
64077,3503,4037,6559,11758,3345,3832,4895,6459,3313,3347,3874,3885,3122,3229,3308,3486,-25.5454,23.9837,8.59868,47.968
64078,4271,4290,3884,3569,4995,7048,4800,3678,4833,6527,4650,3772,4188,4316,3834,3519,-0.790393,-7.99035,8.66421,48.116
64079,3122,3375,3667,3711,3124,3594,4288,5249,3415,3794,5264,9801,3361,3824,4964,7574,11.161,29.0411,8.87956,48.0847
64080,3014,3363,3349,3461,3186,3471,3873,3905,3377,4057,5186,5683,3543,4449,8289,9753,26.7508,17.1919,8.84597,47.9727
64081,8336,5787,3925,3409,8820,5535,3790,3400,4712,4120,3670,3330,3720,3485,3283,3042,-14.2176,-23.4546,8.83899,48.2427
64082,3421,3895,6084,11781,3363,3824,4905,6910,3152,3489,3853,4140,3122,3233,3453,3398,-22.6932,27.0114,8.91473,48.0153
64083,3300,3473,3147,3208,3810,3852,3431,3194,6599,4800,3721,3492,11973,6019,3955,3443,24.2796,-33.4427,8.71606,47.6113
64084,3204,3518,3712,3824,3332,3813,4903,5304,3464,4139,6916,8028,3426,3931,5072,5702,7.71225,17.0858,8.72145,48.192
64085,3328,3402,3214,3112,3975,3876,3486,3285,5917,5563,4012,3534,8758,8285,4653,3599,22.3481,-15.8205,8.96214,47.9993
64086,3078,3333,3438,3647,3226,3475,4121,4691,3500,3711,5261,9044,3360,3809,5468,8836,14.5371,27.0076,8.97855,47.9987
64087,3174,3437,3993,4418,3278,3662,4726,7100,3351,3665,5147,9178,3305,3657,4419,5424,3.26635,27.5143,8.67027,47.956
64088,3361,3414,3227,3125,4164,3908,3466,3236,7286,4828,3767,3435,11306,5884,3955,3362,20.8356,-32.9947,8.75645,47.816
64089,3460,3389,3142,3188,4024,3759,3308,3245,6014,4742,3762,3348,12636,6011,3908,3507,29.7334,-28.1437,8.70123,47.6287
64090,3277,3367,3465,3382,3514,3936,4265,3923,3892,5228,7326,4941,3899,5241,7239,5131,14.8644,6.19319,8.72171,48.0173
64091,5600,9417,6708,4158,4468,5168,4543,3903,3724,3840,3649,3491,3285,3444,3299,3206,-29.5035,-4.75319,8.51213,47.9353
64092,3430,3754,4251,4073,3494,4585,6685,5246,3654,4564,7066,5492,3414,3926,4508,4268,0.962332,9.78039,8.65502,48.2733
64093,4323,4391,3726,3377,5700,6525,4231,3622,5776,6980,4214,3430,4385,4383,3735,3455,0.185384,-12.6933,8.72661,48.1687
64094,7031,4932,3793,3495,9596,5469,3833,3520,5508,4271,3728,3272,3720,3656,3333,3163,-10.0815,-25.6169,8.61774,48.2133
64095,3122,3190,3296,3411,3220,3565,3728,3870,3350,3977,5075,5563,3482,4397,8110,10507,31.372,18.0771,8.975,47.9087
64096,3100,3358,3560,3812,3228,3573,4193,5042,3477,3909,5742,9401,3335,3743,5412,7682,12.299,23.681,8.66372,48.378
64097,3593,4829,9163,8505,3451,4163,5261,5429,3290,3531,3863,3838,3161,3341,3426,3468,-27.5024,13.7913,8.6639,48.208
64098,3047,3304,3665,3817,3287,3572,4249,5623,3384,3818,5268,9931,3353,3683,4920,7073,9.92532,29.1172,8.81774,47.996
64099,6682,4764,3806,3383,9873,5131,3881,3345,5592,4500,3662,3335,3793,3670,3365,3284,-8.99646,-33.2658,8.91259,48.044
64100,3117,3304,3558,3670,3351,3577,4173,5110,3399,3753,5299,9547,3370,3686,5153,7712,11.9266,29.4281,8.72864,47.8527
64101,12611,6115,3926,3352,6075,4813,3649,3340,3859,3722,3500,3306,3455,3427,3248,3060,-27.6282,-28.5847,8.55354,47.6387
64102,4630,6291,5169,3918,4896,7776,5616,3986,3842,4493,4073,3550,3479,3569,3502,3295,-12.2942,-4.40609,8.8146,48.0567
64103,3593,4620,8731,8836,3480,4038,5308,5419,3333,3554,3813,3905,3094,3273,3328,3383,-27.8277,15.132,8.53438,47.8053
64104,3881,3633,3449,3180,5697,4362,3675,3124,9512,5535,3890,3307,7022,5063,3786,3269,9.75731,-25.2473,8.65932,48.2567
64105,12496,6150,3946,3357,6023,4778,3740,3346,3877,3780,3372,3197,3345,3294,3305,3143,-29.7209,-29.9461,8.79454,47.4327
64106,4120,4759,4408,3787,4687,7433,5806,4012,4160,5595,4762,3865,3674,3959,3734,3468,-4.88471,-3.49313,8.79783,48.1527
64107,3117,3342,3402,3440,3239,3386,3802,3898,3324,3842,4807,6037,3358,4076,6317,12292,32.5266,24.9896,8.67225,47.786
64108,8382,6686,4202,3444,7270,5863,4040,3457,4312,4015,3501,3275,3557,3442,3342,3076,-17.0761,-18.4537,8.57266,47.9093
64109,3123,3368,3514,3469,3493,3750,4165,3895,3820,4826,7052,5290,3876,4925,7834,5963,16.597,8.77881,8.77962,48.242
64110,5365,9293,7317,4315,4424,5089,4685,3932,3649,3853,3689,3522,3326,3401,3332,3255,-28.2521,-3.55969,8.76709,48.298
64111,11479,7135,4086,3392,6259,5042,3864,3368,3922,3710,3474,3167,3427,3372,3269,3117,-25.8051,-22.0743,8.78678,48.0553
64112,3117,3159,3317,3395,3294,3416,3659,3907,3378,3829,4692,5927,3390,3826,6123,12668,30.4795,28.6536,8.75647,47.398
64113,3958,3791,3388,3218,6105,4614,3673,3451,9611,5462,3780,3264,6235,4719,3647,3416,6.94145,-25.0815,8.62787,48.2213
64114,3292,3243,3499,3678,3289,3578,4232,4788,3354,3816,5344,9232,3470,3808,5231,8128,13.2919,33.4611,8.58572,47.988
64115,3170,3233,3335,3313,3312,3409,3775,3907,3427,3749,4914,5988,3512,3996,6145,12538,29.1484,33.8859,8.75262,47.8153
64116,3715,3865,3586,3264,4428,5275,4325,3673,5258,8003,5199,3757,4615,5352,4422,3744,7.23425,-7.25935,8.63413,48.3207
64117,3521,3473,3256,3186,4196,4115,3663,3278,6688,6173,4174,3449,8136,7208,4406,3512,17.7212,-16.5492,8.77407,48.2893
64118,3309,3762,4563,5907,3368,3766,5262,9719,3275,3681,4569,6514,3177,3411,3883,4100,-5.78324,29.3955,8.63005,48.1773
64119,4326,5870,6192,4401,4212,6325,6782,4388,3811,4252,4236,3684,3346,3505,3506,3401,-13.6185,1.04817,8.55011,48.158
64120,3506,3865,4266,3881,3678,4578,6442,4807,3849,5030,7273,5026,3580,3947,4473,4141,1.39854,7.00834,8.89829,48.228
64121,3598,3773,3567,3371,4134,5071,4199,3605,4933,8153,5625,3934,4563,5612,4657,3824,8.98996,-5.37281,8.89863,48.4127
64122,6587,4903,3722,3279,9842,5387,3880,3365,5685,4339,3643,3325,3919,3671,3445,3235,-8.60797,-27.3925,8.61792,48.1513
64123,6819,4972,3690,3392,9849,5296,3689,3304,5456,4340,3638,3351,3708,3727,3330,3192,-9.68645,-32.7996,8.56813,47.8353
64124,3148,3290,3360,3384,3317,3476,3755,3844,3429,4056,5244,5443,3607,4533,8954,9258,30.806,15.5391,8.77841,48.0653
64125,4012,4000,3659,3301,5368,5435,3902,3376,6908,7083,4333,3556,5011,4712,3904,3361,4.66037,-15.0143,8.84384,47.9473
64126,3407,3486,3206,3057,4152,3872,3464,3204,7355,5005,3865,3282,11349,6046,3828,3336,21.2353,-27.4123,8.72736,47.9427
64127,3400,3357,3227,3128,3847,3939,3656,3323,5086,5694,4395,3753,6936,9413,5269,3724,23.5279,-10.3968,8.8443,48.098
64128,7457,9642,5264,3768,4993,5375,4204,3505,3831,3784,3588,3399,3342,3455,3316,3121,-27.2997,-11.0178,8.67098,48.0293
64129,3027,3399,3465,3620,3327,3576,4142,4540,3421,3956,5595,8235,3391,4027,5874,8549,15.6271,22.6126,8.51528,48.096
64130,3477,3771,5489,9842,3360,3808,5180,8328,3296,3578,3876,4457,3124,3243,3478,3433,-17.3128,31.4198,8.94792,47.8267
64131,3390,3369,3309,3044,3988,4063,3627,3242,5446,6315,4252,3663,7004,8623,5078,3812,20.1268,-11.892,8.72018,48.15
64132,6477,5149,3837,3316,8716,6338,4044,3360,5284,4652,3686,3315,3852,3676,3338,3225,-8.92808,-20.2295,8.72565,48.1767
64133,3326,3395,3312,3126,3858,3787,3489,3241,5824,4814,3937,3352,11559,6861,4008,3385,33.8392,-21.8844,8.85084,47.516
64134,5023,5631,4349,3652,6014,8216,4783,3669,4403,5062,3918,3509,3651,3747,3510,3291,-8.40517,-10.408,8.72275,48.2853
64135,3690,5192,9842,7682,3602,4268,5277,5082,3339,3544,3881,3762,3198,3199,3488,3314,-29.3352,11.8135,8.96743,48.24
64136,3273,3475,3561,3380,3585,3990,4478,4021,3998,5538,7549,4989,4008,5214,6637,4758,13.0838,5.11586,8.69224,48.3027
64137,8184,9415,4814,3708,5285,5324,4147,3604,3850,3871,3512,3328,3326,3401,3221,3178,-29.5127,-13.1793,8.90272,48.112
64138,3068,3169,3326,3373,3238,3516,3872,3892,3421,3833,4916,5878,3349,4015,6998,11836,33.6844,22.0511,8.77149,47.8
64139,3478,3993,4828,4589,3539,4615,7545,6033,3454,4163,5859,5195,3239,3633,4073,3979,-3.61938,11.9963,8.65777,48.1433
64140,3842,5598,10091,6635,3760,4386,5265,4925,3383,3492,3834,3723,3192,3172,3334,3278,-31.5665,9.16361,8.8575,47.94
64141,3680,4580,8038,7738,3489,4349,6198,6050,3296,3553,4062,3997,3072,3262,3468,3432,-19.5851,14.5605,8.75419,48.176
64142,9009,5449,3830,3340,8868,5186,3786,3362,4677,4065,3635,3188,3613,3563,3292,3060,-15.4181,-27.8423,8.95014,47.9487
64143,3159,3312,3708,3613,3305,3530,4189,5056,3461,3745,5348,9370,3222,3898,5298,8244,13.1849,26.6989,8.87944,48.3053
64144,3336,3475,3337,3248,3587,3732,3692,3533,4253,5069,4799,4157,5064,8878,7611,4567,30.2996,-1.78751,8.58941,48.2253
64145,3465,4213,5687,4931,3645,4692,7918,6120,3475,4005,5062,4660,3259,3598,3721,3804,-8.44865,10.8257,8.54298,48.17
64146,3683,3605,3307,3170,4918,4012,3507,3267,9247,5203,3768,3397,8622,5275,3760,3354,14.1192,-27.8361,8.98499,48.0633
64147,3169,3279,3446,3540,3209,3428,3933,4294,3331,3817,4919,7416,3393,3820,5955,11253,20.6164,28.5084,8.95696,48.1347
64148,3203,3360,3504,3575,3454,3748,4129,4066,3756,4465,6910,5901,3684,4661,7675,6321,16.5978,11.6419,8.808,48.2747
64149,3323,4046,7013,11768,3358,3903,4859,5973,3331,3475,3760,3899,3122,3374,3373,3308,-30.5432,22.3778,8.54959,47.9233
64150,8915,5332,3856,3311,9044,5166,3578,3360,4712,4007,3505,3222,3664,3585,3251,3218,-14.7003,-30.8935,8.9008,47.8173
64151,10548,5805,3884,3449,7777,5077,3867,3284,4359,3986,3469,3237,3536,3363,3249,3089,-19.0247,-28.7437,8.6857,47.986
64152,12688,6133,3917,3306,6161,4690,3832,3416,4012,3694,3407,3147,3468,3396,3240,3106,-31.4568,-26.8525,8.83216,47.742
64153,3439,3366,3237,3281,3756,3814,3551,3449,4519,5268,4510,3945,5787,9804,6541,4084,33.1479,-5.90055,8.57139,48.234
64154,3363,3348,3306,3070,3641,3844,3599,3348,4634,5167,4517,3760,6233,9917,6040,3811,28.3312,-6.73583,8.53823,47.732
64155,4167,5125,4992,3912,4500,7231,6606,4252,3918,4814,4615,3769,3455,3683,3809,3407,-8.34507,-0.996387,8.70723,48.17
64156,3382,3756,4201,3895,3592,4512,6344,4877,3668,5044,7554,5341,3513,4006,4590,4360,2.34302,8.18559,8.53689,48.4233
64157,9916,6448,4215,3487,6992,5466,3934,3329,4084,3948,3547,3321,3361,3415,3289,3127,-20.1169,-22.0098,8.55657,47.9193
64158,8865,5543,3905,3408,8819,5261,3867,3521,4664,4037,3490,3283,3561,3447,3245,3110,-15.4589,-26.7161,8.79535,48.0173
64159,3166,3390,3572,3520,3251,3631,4141,4701,3473,3904,5663,8589,3435,3979,5728,8424,14.6254,23.318,8.82026,48.378
64160,3343,3760,4469,4893,3318,4079,6401,7338,3477,3856,5597,6291,3274,3608,4091,4377,-2.03785,17.3481,8.57318,48.1147
64161,3122,3213,3447,3299,3260,3577,3929,3904,3450,4086,5260,5839,3522,4506,8056,9667,24.3253,16.9321,8.98609,48.0913
64162,3070,3323,3475,3441,3294,3581,4095,4135,3453,4007,5967,6697,3511,4385,7270,8004,18.1917,16.5812,8.87449,47.8053
64163,3295,3784,5072,7258,3306,3950,5716,9688,3259,3656,4382,5221,3194,3239,3656,3847,-10.5306,23.9755,8.89785,48.3487
64164,5678,5691,4107,3542,6835,7738,4393,3589,4617,4770,3875,3367,3680,3681,3465,3323,-10.201,-13.7479,8.9796,48.234
64165,3508,4076,5404,5214,3569,4486,7650,6887,3378,3799,4975,4888,3291,3566,3867,3816,-8.02618,13.6561,8.58025,48.2493
64166,4019,5879,8630,5683,3871,4958,6116,4922,3501,3814,4028,3687,3243,3323,3360,3396,-19.7101,6.78932,8.77241,48.2867
64167,3485,3689,3497,3352,3991,4813,4383,3685,4706,7685,5922,4025,4375,5580,4883,3889,9.1503,-4.08183,8.91416,47.9733
64168,3213,3541,4232,4628,3341,3808,5473,7898,3298,3828,5292,7608,3230,3636,4153,4743,-0.508847,21.6794,8.90433,47.948
64169,3654,4450,7818,8365,3461,4158,5790,6263,3370,3634,3853,4089,3153,3227,3360,3439,-20.4474,16.2871,8.52617,48.056
64170,3309,3399,3369,3113,3873,3901,3631,3337,5143,6145,4558,3692,6506,9013,5355,3882,20.837,-9.12855,8.84487,48.1507
64171,4805,6064,4887,3829,4957,8138,5532,3941,4042,4669,4168,3578,3486,3603,3630,3256,-10.8501,-5.94608,8.95126,48.39
64172,3040,3450,3765,3920,3250,3585,4443,5433,3425,3817,5817,9489,3445,3731,5054,6656,9.38034,22.6635,8.88886,48.2133
64173,4475,4452,3774,3421,6306,6560,4079,3549,6025,6386,4165,3398,4334,4306,3768,3254,-0.576962,-14.2945,8.57235,48.168
64174,3454,3847,5689,9896,3376,3840,5181,8362,3267,3505,3918,4426,3055,3184,3465,3492,-17.1304,32.3622,8.8533,47.9713
64175,3329,3877,4814,5658,3424,3832,6464,8637,3392,3724,4854,5841,3212,3470,3910,4021,-6.35791,19.5672,8.97163,48.306
64176,3331,3424,3890,4208,3425,3616,4696,6918,3356,3797,5054,9533,3280,3643,4444,5332,4.06837,31.4624,8.76838,47.9647
64177,3280,3703,4919,6792,3323,3867,5412,10006,3290,3557,4276,5471,3114,3362,3691,3950,-9.20247,26.4014,8.98326,48.0087
64178,10053,7735,4281,3545,6044,5234,4106,3472,3762,3897,3609,3318,3402,3483,3287,3116,-24.0743,-18.7594,8.52177,48.2293
64179,4521,8062,8851,4812,4043,4851,5038,4193,3511,3784,3818,3537,3289,3351,3387,3183,-30.4167,1.35179,8.97668,48.154
64180,4562,7740,8839,5154,3986,4823,5155,4285,3442,3731,3804,3516,3179,3325,3434,3232,-27.6483,1.86351,8.58753,48.138
64181,3423,3393,3569,3493,3644,4043,4544,3901,3964,5772,7724,4810,4034,5158,6241,4686,11.7431,4.23315,8.98065,48.266
64182,3338,3368,3223,3109,3813,3817,3499,3265,5558,5142,4013,3428,9714,8488,4496,3432,30.8155,-16.2662,8.9531,47.802
64183,3149,3243,3452,3323,3285,3543,3843,3908,3413,3955,5187,5805,3502,4303,7847,10033,25.924,18.0266,8.56685,47.8607
64184,3077,3193,3387,3448,3161,3480,3708,3932,3497,3994,4957,5760,3496,4394,7857,10682,27.3622,18.9351,8.71942,48.0153
64185,3168,3241,3239,3279,3503,3680,3710,3573,3989,4946,5111,4384,4609,7468,9291,5345,26.3554,2.72642,8.92253,48.3573
64186,3494,3600,3421,3379,4017,4602,4168,3620,4633,7674,5964,3959,4575,6041,5169,4057,11.2836,-3.92221,8.92007,48.2487
64187,3474,3950,6082,7974,3322,4022,5951,8253,3184,3540,4165,4550,3035,3285,3578,3558,-14.8613,20.3071,8.82692,47.9487
64188,3300,3753,4743,6451,3357,3722,5353,9727,3316,3577,4350,5999,3223,3447,3844,4027,-7.85381,28.8805,8.53197,48.126
64189,7124,6428,4245,3538,7248,6700,4132,3512,4420,4326,3698,3284,3514,3456,3317,3035,-14.2062,-16.3716,8.88835,47.9847
64190,3160,3210,3474,3304,3227,3481,3846,3986,3439,4014,5521,6006,3615,4424,8112,9191,22.7354,16.6069,8.90522,48.0067
64191,4609,4465,3773,3304,6572,6124,4099,3475,6620,6156,4016,3553,4534,4288,3653,3222,-0.240723,-16.477,8.50914,48.3087
64192,3681,4004,4374,4128,3725,5158,7210,4728,3802,4978,6460,4699,3419,3927,4236,3891,-1.3457,6.01664,8.96257,48.28
64193,4891,6537,5126,3983,5031,7475,5526,4074,3884,4392,4077,3517,3432,3507,3564,3250,-13.3591,-4.85866,8.86989,48.1773
64194,3899,4264,4023,3573,4402,6387,5299,3949,4403,6737,5565,3898,3994,4328,4088,3715,0.574122,-2.97248,8.83591,48.3493
64195,3469,4477,8529,9391,3479,4025,5286,5593,3232,3362,3852,3903,3197,3216,3481,3327,-32.4977,15.9803,8.86394,47.8793
64196,3469,3765,3845,3644,3844,5016,5198,4077,4214,6662,6985,4383,4003,4718,4828,4130,6.05174,1.1358,8.56375,48.5207
64197,3380,3891,5414,9364,3481,3955,5135,8491,3271,3611,4033,4655,3078,3217,3565,3664,-16.1566,28.0999,8.89565,48.1367
64198,3404,3778,5139,7456,3482,3894,5209,9553,3298,3557,4274,5086,3161,3415,3561,3739,-11.4109,32.6582,8.51223,48.004
64199,3192,3255,3374,3432,3170,3475,3817,3934,3399,3823,5041,5916,3412,3959,7380,11346,31.5225,20.6514,8.89572,47.95
64200,3095,3238,3476,3545,3239,3408,3915,4320,3322,3840,5178,7658,3320,4040,6170,10190,18.9802,23.8531,8.78479,47.9693
64201,3326,3877,5157,7658,3333,3771,5384,9842,3254,3526,4256,5093,3126,3318,3652,3709,-11.4831,27.1829,8.8657,48.188
64202,10853,6347,4087,3357,6979,5197,3846,3443,4049,3934,3427,3297,3448,3418,3199,3164,-21.0629,-23.2794,8.79879,48.03
64203,5140,4657,3768,3356,7935,6527,4067,3452,6022,5188,3858,3302,4190,4016,3497,3369,-4.3983,-18.1055,8.54239,48.2293
64204,3785,3850,3441,3370,5010,5021,3910,3455,6648,7875,4564,3518,5072,5226,4078,3449,7.21373,-13.0647,8.96226,48.1813
64205,3796,5288,9694,7361,3648,4360,5459,5039,3390,3725,3762,3837,3110,3237,3408,3167,-26.6072,10.615,8.82988,48.1873
64206,3429,3929,6295,12500,3341,3719,4726,6079,3234,3476,3874,3992,3164,3247,3370,3378,-28.9683,26.7576,8.53095,47.8353
64207,3128,3454,3564,3680,3194,3617,4329,5073,3439,3996,6040,9028,3420,3832,5427,7247,11.5399,21.2724,8.81147,48.312
64208,8763,5385,3815,3386,8893,5147,3878,3360,4724,4153,3601,3305,3506,3505,3241,3064,-14.714,-31.6931,8.644,47.8173
64209,3243,3398,3402,3359,3633,3988,3962,3622,4281,5483,5508,4110,4567,7458,7508,4898,20.4508,0.357176,8.69307,48.28
64210,3094,3341,3462,3392,3357,3712,4138,4112,3540,4186,6405,6339,3610,4512,7502,7327,17.9364,14.4473,8.5535,48.0193
64211,3105,3312,3475,3425,3230,3476,3999,4290,3463,3909,4943,7972,3221,3876,5602,10635,18.802,28.9471,8.9009,47.9553
64212,8416,7163,4204,3514,6678,5956,4136,3477,4278,4017,3698,3259,3533,3428,3307,3049,-18.4963,-17.455,8.67547,48.0753
64213,3367,4019,6363,12287,3455,3784,4914,6146,3299,3459,3788,3993,3079,3291,3269,3495,-33.4851,24.6516,8.89839,48.0053
64214,4396,4451,3787,3284,6345,6797,4225,3613,5779,6235,4246,3468,4410,4248,3663,3335,-1.19129,-13.8789,8.59555,48.188
64215,3506,4081,6371,7915,3481,4131,6209,7537,3290,3614,4119,4527,3177,3224,3496,3617,-15.2713,18.57,8.83097,48.1967
64216,3217,3309,3297,3393,3287,3488,3744,3820,3408,3991,5059,5522,3517,4490,8344,9675,30.3694,16.3204,8.94866,47.7073
64217,3377,3417,3258,3134,3695,3775,3610,3425,4652,5250,4438,3669,6513,10141,5891,3961,29.9177,-8.12096,8.90534,48.1373
64218,3058,3214,3430,3377,3241,3445,3829,3971,3471,4005,4943,6004,3450,4123,7578,11107,26.4903,20.1346,8.81339,48.164
64219,3382,3605,3443,3213,4053,4510,3877,3462,5283,7660,5103,3839,5469,6859,4912,3802,14.0685,-7.86771,8.76757,48.3147
64220,4247,4734,4020,3510,5118,7482,5023,3790,4611,6195,4624,3666,3968,4193,3737,3532,-2.86186,-7.35214,8.53707,48.3
64221,3215,3262,3390,3355,3228,3472,3650,3982,3275,3818,4787,6028,3305,3933,6165,12309,33.5786,25.9232,8.54721,47.4493
64222,3729,4444,4979,4340,3837,5561,7930,4979,3746,4355,5343,4188,3438,3562,3852,3687,-6.38792,5.48132,8.77677,47.98
64223,3420,3791,4957,7250,3340,3787,5203,9642,3287,3639,4250,5349,3165,3350,3748,3783,-10.629,27.9772,8.67234,47.974
64224,4517,4596,3880,3407,6342,7277,4263,3495,5652,6236,4100,3480,4263,4139,3636,3275,-2.49177,-13.3012,8.94044,48.372
64225,4695,8027,8592,4767,4024,5002,4996,4225,3561,3752,3739,3491,3256,3329,3408,3178,-28.1616,0.437704,8.96547,48.028
64226,3232,3338,3342,3047,3669,3811,3781,3451,4724,5235,4560,3802,6044,9821,5994,3924,32.4022,-7.1136,8.72845,47.85
64227,6427,5024,3685,3212,9703,5781,3911,3312,5592,4494,3646,3243,3953,3683,3409,3138,-8.47759,-23.9931,8.94869,48.142
64228,3107,3312,3426,3360,3453,3773,4007,3950,3717,4682,6456,5166,3769,5266,8585,6217,19.3845,9.10833,8.95523,48.164
64229,4129,6214,9488,5914,3819,4552,5663,4771,3356,3723,3857,3681,3231,3319,3286,3252,-23.9881,6.66415,8.50486,48.17
64230,7595,5130,3813,3339,9601,5258,3762,3380,5174,4198,3608,3171,3758,3624,3257,3138,-11.4745,-28.1744,8.74604,47.8707
64231,4081,3919,3558,3302,5414,5402,4006,3357,7115,7136,4266,3505,5014,4783,3889,3409,4.96783,-15.2089,8.87896,48.104
64232,3516,4120,4683,4110,3840,5422,7459,4924,3684,4659,6130,4467,3505,3851,4012,3877,-2.98366,5.60133,8.76103,48.1727
64233,3869,3635,3411,3143,5311,4414,3528,3334,9262,5983,3912,3390,6834,5129,3875,3283,9.88041,-22.4792,8.84245,48.2087
64234,3173,3669,4140,4657,3288,3870,5447,7367,3335,3927,5466,7761,3357,3644,4266,4832,0.439943,21.4428,8.65451,48.1327
64235,6126,4729,3678,3390,9785,5259,3845,3300,6239,4520,3524,3293,4003,3876,3392,3095,-7.08257,-26.1776,8.61926,48.036
64236,3565,3777,3775,3544,4046,5149,4660,3848,4473,7332,6223,4218,4195,4948,4580,3889,6.07439,-2.41838,8.70546,48.148
64237,3146,3750,4348,4713,3422,3930,6057,7044,3383,4076,5830,6770,3268,3699,4310,4617,-0.587092,17.9405,8.90775,48.242
64238,3318,3413,3287,3134,3667,3821,3622,3373,4713,5228,4374,3820,6335,9870,5963,3909,28.0805,-7.73052,8.7157,47.898
64239,3992,5534,8230,5639,3835,5044,6866,5006,3401,3806,4087,3770,3120,3339,3458,3300,-17.9572,6.91132,8.93075,48.2847
64240,3309,3492,3262,3070,3816,4024,3705,3369,5188,6288,4594,3688,6525,8658,5376,3806,19.6399,-9.25111,8.6497,48.1133
64241,3517,4492,6711,6154,3605,4569,7253,6300,3436,3681,4373,4331,3190,3613,3583,3579,-13.902,12.6015,8.64377,48.258
64242,5808,4557,3685,3212,9092,5708,3919,3434,6385,4767,3632,3287,4145,3796,3409,3121,-5.69408,-22.9007,8.81165,47.9713
64243,4502,4117,3561,3134,7206,5216,3637,3434,8281,5632,3803,3410,4953,4350,3647,3321,1.81374,-22.0149,8.94399,48.136
64244,3841,4094,3844,3525,4475,5813,4789,3769,4777,7378,5488,3928,4194,4545,4250,3682,3.38378,-4.83118,8.56607,48.2613
64245,3395,3320,3201,3118,3786,3875,3601,3444,5243,5314,4311,3513,8141,9227,4990,3512,28.3707,-12.9683,8.71968,47.994
64246,3141,3488,3810,4303,3456,3680,4627,6877,3452,3657,5098,9644,3274,3556,4330,5447,4.24396,31.2617,8.79553,47.8933
64247,3108,3450,3427,3374,3265,3635,4019,3896,3820,4671,6488,5152,3865,5208,8360,6047,19.0108,8.96015,8.5049,47.8567
64248,7544,5274,3996,3330,9309,5635,3982,3305,5065,4309,3635,3164,3795,3589,3357,3049,-11.8279,-23.7708,8.77449,48.2253
64249,3453,4467,8145,9559,3385,4066,5316,5926,3252,3559,3802,3881,3151,3202,3331,3368,-23.4152,17.3468,8.87872,47.9087
64250,3180,3528,4165,4866,3316,3730,5151,8581,3350,3865,4942,7960,3154,3576,4115,4634,-0.653099,27.0204,8.90244,48.0753
64251,3126,3243,3737,3790,3187,3513,4370,5388,3428,3820,5342,9836,3401,3725,4864,7194,10.4385,28.7047,8.72692,47.976
64252,3495,4151,5878,5721,3462,4324,7740,6808,3382,3911,4764,4699,3151,3464,3706,3712,-9.96172,13.3991,8.958,48.2453
64253,3182,3329,3474,3202,3472,3820,4083,3658,3829,5014,6385,4683,4109,6079,8328,5356,19.0514,4.92688,8.82274,48.002
64254,3434,3385,3294,3247,3887,3846,3403,3246,6035,4688,3677,3383,12367,5966,3854,3301,32.6544,-29.8595,8.53591,47.342
64255,3146,3389,3489,3556,3385,3908,4347,4315,3722,4528,7394,6341,3537,4269,6831,6225,13.8021,12.9926,8.52183,48.2547
64256,3619,4539,7664,7033,3556,4378,6574,6222,3216,3687,4073,4188,3148,3315,3526,3473,-17.0578,13.5171,8.8094,48.1407
64257,3314,3357,3137,3096,3911,3935,3434,3193,5885,4983,3793,3525,11334,7385,4093,3363,27.7366,-21.0878,8.98693,47.8253
64258,3125,3196,3477,3341,3300,3681,3961,3855,3587,4152,5671,5655,3766,4651,8613,8013,22.1679,13.9601,8.96983,48.0293
64259,4029,5341,6245,4547,4136,5911,7352,4798,3592,4254,4365,3872,3442,3447,3524,3366,-12.789,3.11313,8.7057,48.1473
64260,3588,4003,4292,3907,3752,5327,6867,4476,3893,5197,6657,4566,3568,4114,4373,3910,0.101396,4.80093,8.9672,48.3267
64261,3396,3504,3574,3377,3716,4268,4398,3853,4170,6203,7180,4442,4142,5583,5957,4486,11.9261,1.80557,8.82645,48.166
64262,8895,8922,4656,3595,5366,5233,4008,3458,3843,3836,3590,3287,3403,3329,3261,3091,-31.441,-14.6111,8.6941,47.8487
64263,3377,3423,3385,3128,3918,3732,3412,3241,6609,4804,3749,3434,12030,5977,4001,3319,24.021,-31.5572,8.64099,47.6927
64264,7289,4956,3784,3419,9739,5386,3857,3343,5313,4203,3587,3328,3685,3591,3334,3086,-10.7179,-26.7392,8.54364,47.9333
64265,3610,3554,3355,3239,4481,4472,3790,3334,7118,7114,4281,3420,6405,6105,4165,3511,12.6426,-15.3492,8.55386,47.9693
64266,3306,3402,3364,3190,3678,3788,3666,3483,4474,5203,4753,3978,5667,9070,6964,4332,29.0459,-3.75223,8.72461,48.212
64267,3445,3686,5193,8265,3430,3850,5399,9477,3351,3525,4178,5088,3149,3186,3626,3669,-12.8199,28.3396,8.87804,48.3447
64268,3437,3503,3415,3272,3865,4383,4109,3608,4771,6988,5591,3946,4999,6952,5582,4084,15.1325,-4.23029,8.54892,48.3367
64269,5694,4842,3858,3361,9202,5975,3912,3352,6010,4717,3579,3323,4011,3808,3578,3058,-6.32845,-21.905,8.77355,48.1867
64270,3520,4208,5836,5861,3476,4373,7577,7173,3402,3678,4649,4753,3221,3405,3667,3755,-10.5519,14.4938,8.90258,48.3693
64271,5502,4826,3811,3338,8546,6318,4041,3385,5953,5002,3826,3491,4134,3905,3495,3134,-5.6418,-19.433,8.8674,48.4713
64272,5308,9085,6991,4363,4288,5446,4756,4006,3699,3806,3702,3479,3384,3297,3297,3340,-25.0529,-3.47635,8.65504,48.1647
64273,3947,3688,3413,3234,5711,4631,3691,3297,9066,5961,3809,3352,6137,4953,3851,3442,8.00617,-21.7963,8.53619,48.122
64274,3761,3985,3717,3365,4475,5774,4567,3543,5022,7764,5445,3708,4373,4803,4158,3691,4.58528,-6.37006,8.66335,48.1007
64275,12430,6115,4002,3472,6276,4829,3805,3334,3931,3807,3401,3240,3449,3445,3293,3113,-27.4213,-27.9585,8.83766,47.9613
64276,3400,3847,5744,10467,3429,3854,5146,7852,3247,3378,4080,4292,3065,3296,3338,3358,-18.5869,32.9591,8.76282,47.862
64277,3175,3245,3431,3505,3185,3397,3840,4036,3448,3754,4843,5901,3321,3883,6457,12024,33.724,24.3977,8.86151,47.63
64278,7488,7254,4434,3657,6515,6566,4345,3499,4177,4103,3706,3332,3521,3471,3269,3121,-17.2618,-14.5539,8.89557,48.3053
64279,3463,3380,3255,3177,3860,3867,3453,3291,5306,5253,4121,3576,8673,9139,4616,3617,31.9243,-14.4362,8.66895,48.0313
64280,12007,5957,3879,3511,6876,4748,3837,3401,3905,3821,3433,3176,3327,3264,3335,3193,-23.2959,-32.0765,8.90313,47.78
64281,3302,3850,5728,8931,3319,3777,5504,8463,3255,3614,4174,4588,3078,3252,3545,3606,-15.5872,23.2458,8.93454,47.9907
64282,12828,6039,3758,3403,6008,4685,3793,3351,3872,3694,3359,3269,3419,3314,3236,3079,-31.7281,-29.9614,8.93175,47.4047
64283,3040,3324,3453,3386,3271,3546,3982,4194,3382,3960,5586,6882,3491,4220,6997,9490,19.7759,19.3336,8.88596,48.136
64284,3151,3420,3904,4128,3246,3729,4557,6388,3422,3833,5157,9941,3408,3684,4420,5851,5.72892,29.1689,8.86843,48.1593
64285,3202,3360,3286,3136,3756,3793,3550,3350,4745,5209,4492,3782,6434,9762,5931,3941,31.0562,-7.69428,8.53223,47.8193
64286,3198,3596,4122,4387,3374,3876,5412,6516,3404,3936,6244,7701,3239,3789,4467,4947,2.29131,18.4162,8.83717,48.1387
64287,3834,5388,9793,7172,3623,4256,5259,4903,3398,3503,3873,3772,3152,3196,3334,3384,-29.1564,10.1642,8.85701,47.8933
64288,6661,9789,5479,3897,4980,5511,4258,3642,3798,3789,3714,3331,3379,3351,3368,3151,-25.5172,-9.39779,8.62473,48.0653
64289,3368,4025,6613,12226,3324,3741,4736,5887,3192,3565,3788,3935,3154,3220,3406,3482,-31.2184,24.4452,8.72436,47.7747
64290,3528,4009,4702,4407,3666,4773,7638,5420,3689,4432,6283,5015,3457,3718,4132,3980,-2.78506,9.25405,8.95359,48.566
64291,4174,5534,5390,4213,4365,7085,6478,4409,3780,4444,4455,3783,3420,3573,3552,3470,-10.8827,-0.559354,8.66943,48.0833
64292,4214,4806,4151,3730,4954,7630,5518,3958,4344,5753,4602,3716,3744,3957,3617,3520,-4.11341,-5.34297,8.53049,48.1427
64293,11940,6710,3975,3462,6178,4876,3790,3487,3917,3771,3479,3193,3364,3400,3309,3042,-26.9059,-23.6528,8.77057,47.9287
64294,3446,3868,4396,4158,3655,4489,6884,5246,3610,4507,6794,5355,3462,3746,4301,4143,-0.208312,9.72772,8.73566,48.04
64295,3263,3454,3393,3269,3453,3813,3784,3600,4094,4855,5077,4396,4293,7215,8972,5043,33.875,2.79143,8.54237,47.9827
64296,5084,6227,4534,3788,5814,7874,4965,3752,4268,4777,3916,3517,3463,3605,3443,3209,-11.1743,-8.80206,8.66592,48.1573
64297,3389,3385,3306,3140,3855,3823,3408,3310,5980,4797,3851,3345,12378,6247,3957,3326,32.2732,-26.6942,8.61909,47.6647
64298,9927,7657,4442,3563,6177,5178,3925,3484,3859,3820,3454,3303,3481,3410,3334,3058,-23.7127,-18.7127,8.54883,48.048
64299,3851,5458,9974,6444,3760,4486,5290,4858,3371,3618,3926,3820,3138,3259,3406,3410,-33.1218,8.61767,8.64737,48.046
64300,3366,3591,4233,4942,3411,3679,4966,8953,3333,3656,4771,7887,3357,3378,4048,4513,-1.60457,30.9751,8.97656,48.056
64301,3960,3665,3345,3104,5885,4271,3549,3228,10071,5256,3901,3366,6625,4829,3735,3343,8.29412,-28.7577,8.76206,48.0887
64302,3531,3507,3202,3089,4360,3981,3616,3257,8074,5387,3895,3377,9456,5896,3953,3401,17.2135,-23.6565,8.59633,47.988
64303,3613,4089,4041,3750,4108,5627,5686,4125,4161,6158,6596,4266,3794,4204,4421,3817,1.85261,0.682909,8.72302,48.304
64304,3148,3296,3709,3841,3218,3621,4362,5247,3448,3818,5934,9188,3376,3868,5065,7025,10.3871,22.7918,8.77374,48.1093
64305,3306,3359,3605,3669,3389,3488,4308,5181,3399,3832,5255,9675,3372,3699,5014,7448,11.1394,33.4217,8.8557,47.9993
64306,2975,3330,3598,3438,3243,3556,4092,4374,3389,3771,5143,8205,3463,3787,5569,9972,17.4282,30.0034,8.50977,47.9367
64307,3650,3899,5059,4818,3570,4557,7732,6331,3495,4150,5431,4850,3346,3546,3975,3876,-5.44009,11.9152,8.53258,48.19
64308,3146,3507,3884,4021,3175,3605,4457,6203,3276,3900,5200,9853,3329,3667,4706,6186,6.75869,31.6948,8.84823,48.0767
64309,5721,4968,3781,3244,8239,6656,4080,3422,5424,4858,3737,3276,3936,3861,3408,3237,-7.23685,-18.4802,8.81008,47.8987
64310,3553,3932,6111,12668,3355,3852,4722,6006,3256,3296,3730,3995,3131,3228,3361,3421,-30.0296,31.0789,8.82122,47.7447
64311,3412,3881,5312,8480,3413,3914,5154,9302,3139,3568,4107,4840,3142,3309,3597,3683,-13.7924,28.4006,8.6369,48.1687
64312,3127,3415,4044,4368,3300,3715,4815,7316,3473,3711,5118,9125,3289,3564,4409,5386,3.11036,31.2301,8.8136,48.1167
64313,3576,4027,4983,4622,3643,4735,7918,5773,3531,4161,5604,4897,3348,3609,3930,3792,-5.293,10.3028,8.70164,48.0993
64314,3260,3308,3318,3216,3628,3816,3753,3523,4435,5150,4654,4041,5457,9313,6847,4232,32.1216,-4.05626,8.58692,47.9673
64315,3177,3599,4022,4544,3366,3777,5236,7152,3398,3853,5518,8018,3385,3647,4500,4845,1.44568,21.9662,8.59575,48.0247
64316,11843,6013,3966,3371,6922,4964,3701,3461,4132,3744,3452,3153,3410,3349,3334,3067,-22.7418,-29.2281,8.72957,47.9213
64317,3109,3333,3500,3660,3271,3580,4083,5032,3366,3817,5333,9436,3341,3918,5352,8175,13.2015,26.5694,8.96025,48.204
64318,6946,5195,3910,3309,9236,5861,4087,3356,5217,4357,3596,3329,3867,3625,3375,3123,-10.2787,-22.9731,8.59705,48.2593
64319,3690,4628,8191,7676,3543,4209,6356,5927,3334,3545,4065,4029,3025,3241,3361,3376,-19.7307,14.0157,8.72441,48.1307
64320,3231,3366,3379,3446,3613,3870,4079,3756,4092,5616,6541,4626,4248,6254,7342,4885,17.0404,3.03478,8.74869,48.2293
64321,10863,7216,4146,3472,6170,5059,3800,3429,3939,3809,3559,3114,3413,3368,3241,3176,-26.0453,-20.556,8.80495,47.8493
64322,8009,5297,3919,3265,9470,5305,3815,3360,5044,4205,3480,3317,3692,3540,3283,3194,-12.4715,-27.3124,8.8913,48.13
64323,3970,3828,3595,3219,5218,5275,3964,3453,6944,7395,4350,3581,5170,5000,3907,3460,6.19042,-14.5012,8.69005,48.2193
64324,3650,4192,4742,4279,3969,5338,7511,4911,3678,4761,5950,4475,3463,3770,4013,3814,-3.7589,5.53439,8.52076,48.344
64325,3424,4162,6188,7040,3453,4181,6785,7664,3201,3723,4394,4645,3149,3368,3589,3678,-13.391,16.9615,8.67454,48.4293
64326,3400,3972,5526,10296,3429,3762,5107,8002,3342,3494,4056,4241,3176,3253,3366,3467,-18.3286,32.6041,8.75809,47.926
64327,3447,3753,3818,3614,3831,4832,5364,4157,4087,6113,7714,4643,3731,4451,4882,4258,5.55493,3.43348,8.93162,48.4633
64328,3400,4048,5481,6646,3386,4054,6581,8287,3245,3663,4396,4972,3119,3346,3668,3794,-10.9891,18.8684,8.72737,48.0573
64329,6603,6989,4644,3583,6351,7085,4414,3562,4289,4370,3646,3379,3383,3588,3287,3140,-15.3215,-13.1538,8.87004,48.2087
64330,3465,3480,3273,3094,4498,4052,3546,3211,8180,5569,3816,3360,9231,5889,3971,3361,16.2338,-23.5233,8.85058,47.9973
64331,8655,7237,4273,3445,6787,5842,4035,3524,4191,4102,3546,3278,3500,3476,3246,3106,-19.0891,-18.0824,8.5414,48.162
64332,6579,9864,5778,3856,4797,5346,4448,3791,3743,3718,3536,3339,3301,3337,3330,3203,-29.8009,-8.08902,8.96221,47.9773
64333,3216,3226,3457,3445,3350,3551,3801,3807,3568,4300,5231,4977,3699,5049,9622,7937,32.7828,12.3108,8.96616,48.1573
64334,3238,3271,3448,3332,3409,3565,3847,3653,3807,4472,5159,4657,3926,6212,9784,6025,32.0058,7.01004,8.93743,47.87
64335,5396,4739,3750,3381,8275,6194,3978,3467,6106,5188,3879,3250,4100,3925,3575,3198,-4.84327,-19.4686,8.8647,48.2673
64336,3388,3947,6590,11994,3373,3748,4948,5940,3338,3330,3782,3951,3181,3257,3351,3391,-31.7996,23.9046,8.86497,47.6727
64337,3215,3569,4176,4813,3401,3713,4985,8084,3320,3855,5040,8118,3164,3463,4190,4802,0.139242,26.51,8.63003,47.9387
64338,3559,3824,4419,4191,3615,4542,6935,5731,3567,4370,6671,5401,3468,3823,4254,4170,-0.931392,10.8288,8.6801,48.36
64339,3548,3450,3321,3020,4194,3830,3494,3207,7936,5014,3774,3307,10574,5733,3854,3341,18.7216,-28.4947,8.95657,47.7313
64340,3115,3318,3403,3334,3462,3670,3959,3765,3766,4387,6225,5326,3783,5103,9141,6637,20.8132,9.76159,8.96846,48.2627
64341,3374,3966,5464,9229,3513,3913,5315,8515,3274,3555,4081,4437,3182,3286,3483,3560,-15.9362,33.6409,8.51653,48.098
64342,3548,3579,3484,3245,4089,4625,3985,3454,5098,7792,5348,3860,5014,6411,5052,3842,12.1281,-6.64515,8.53905,48.284
64343,3776,4071,3972,3716,4125,5673,5359,3984,4145,6554,6049,4243,3917,4376,4366,3795,2.2497,-0.648325,8.82978,48.0807
64344,3414,3386,3208,3144,3950,3680,3532,3292,5795,5180,3911,3397,10690,7754,4232,3355,33.7705,-19.0341,8.9654,47.9467
64345,3414,3537,3275,3260,4090,4087,3681,3464,5635,6845,4600,3696,6331,7837,4921,3704,17.2375,-11.0428,8.65996,48.2513
64346,3044,3218,3428,3442,3161,3505,3803,4006,3371,3786,4874,6252,3361,3920,6205,12317,26.9941,25.8162,8.71263,47.7953
64347,6429,7582,4839,3686,5893,6950,4528,3591,4079,4252,3746,3375,3476,3467,3329,3143,-16.4028,-11.3925,8.79692,48.2433
64348,4822,7305,6062,4189,4491,6607,5641,4039,3736,4099,3976,3524,3364,3390,3468,3289,-16.644,-2.80195,8.71534,48.0013
64349,8120,5344,3886,3376,9238,5399,3833,3393,4878,4220,3563,3282,3706,3508,3224,3094,-12.792,-25.8275,8.92474,48.0427
64350,3085,3366,3809,4149,3320,3647,4643,6518,3458,3754,5166,9829,3284,3767,4583,5852,5.69219,31.3887,8.59068,48.1533
64351,3707,5003,9537,7874,3584,4305,5278,5069,3362,3620,3855,3770,3164,3298,3273,3435,-29.0329,11.8059,8.61995,48.0893
64352,3678,3642,3256,3137,5206,4351,3529,3310,9770,5214,3718,3462,7224,4952,3785,3345,10.6729,-33.0629,8.92801,47.7193
64353,4716,6816,6307,4506,4331,6538,6000,4197,3655,4075,4105,3680,3353,3454,3438,3149,-15.9982,-1.17305,8.57543,48.2133
64354,4637,7546,8613,4911,3980,5108,5351,4310,3475,3717,3765,3595,3197,3319,3403,3272,-23.5541,1.92638,8.90498,48.1327
64355,3356,3405,3288,3127,3790,3753,3603,3291,5054,5440,4337,3657,7122,9768,5303,3868,25.7787,-10.2681,8.98664,48.108
64356,3277,3437,4018,4466,3408,3662,4769,7773,3368,3801,5025,8986,3209,3602,4351,5029,1.7769,30.1695,8.94801,48.1207
64357,3507,3928,5021,5189,3442,4287,7174,7018,3351,3938,5291,5370,3218,3516,3880,3938,-6.10449,14.877,8.59681,48.0453
64358,3103,3333,3575,3504,3274,3527,4147,4950,3323,3896,5426,9270,3419,3888,5329,8165,13.3282,25.7363,8.7537,48.086
64359,3301,3390,3259,3174,3791,3771,3553,3325,5662,5190,4055,3410,10163,8219,4386,3486,28.1997,-18.0312,8.65691,48.09
64360,4140,5842,8733,5719,3891,4876,6405,4770,3485,3735,3879,3796,3199,3199,3330,3413,-20.1216,6.42823,8.99317,48.2747
64361,3318,3411,3278,3220,3982,3897,3466,3232,5960,4953,3831,3373,11315,7228,4105,3427,26.9944,-21.3136,8.80646,47.9973
64362,4952,8165,6765,4373,4490,5907,5275,3936,3771,4028,3759,3461,3203,3447,3549,3240,-20.0144,-2.98508,8.5705,48.214
64363,8450,5356,3782,3348,9562,5151,3834,3345,4786,4255,3554,3195,3582,3523,3231,3171,-13.5539,-32.5461,8.94538,48.0833
64364,3097,3332,3633,3935,3205,3701,4644,5285,3308,3997,6484,8732,3345,3814,5301,6311,9.38572,19.3593,8.93872,48.0827
64365,4299,5163,4620,3795,4658,7766,6027,3966,4133,5156,4573,3806,3604,3828,3649,3328,-6.87054,-3.41447,8.8392,48.2473
64366,6606,5153,3786,3342,9261,5901,3955,3395,5357,4413,3655,3382,3806,3660,3387,3112,-9.68504,-22.2637,8.791,48.114
64367,4128,3967,3406,3154,6321,4864,3756,3458,8889,5936,4044,3288,5692,4714,3767,3337,5.48803,-21.5972,8.56611,48.4807
64368,3476,4029,5432,5603,3523,4272,7280,7286,3376,3871,4844,4949,3219,3456,3864,3814,-8.5646,14.5685,8.70262,48.196
64369,3311,3198,3377,3409,3444,3602,3830,3576,3795,4737,5152,4577,4079,6764,9599,5457,32.8244,4.62674,8.86085,47.938
64370,3561,4283,5909,5317,3668,4856,8136,6124,3395,3879,4851,4473,3226,3567,3641,3593,-10.3783,11.0717,8.81794,48.3193
64371,3173,3212,3435,3468,3172,3625,4005,4381,3400,3953,5253,7869,3356,3947,6063,10014,18.5251,24.087,8.93498,48.2173
64372,4131,3983,3565,3297,5915,5687,4057,3350,7304,6893,4141,3535,4916,4520,3929,3343,3.36801,-15.9166,8.79199,48.3773
64373,3425,3956,6364,12227,3307,3761,4863,6347,3242,3461,3833,3935,3143,3129,3306,3495,-26.7504,25.4016,8.59399,47.8627
64374,3428,3876,5196,9272,3382,3828,5150,8717,3373,3506,4008,4656,3166,3260,3541,3546,-15.3614,30.6808,8.64701,47.9367
64375,3465,3455,3203,3046,4069,3879,3475,3185,6384,5469,4021,3483,10263,7301,4229,3434,21.6465,-19.7706,8.99795,48.2407
64376,10368,7730,4272,3294,5752,5085,4105,3470,3810,3817,3512,3259,3364,3435,3345,2987,-31.9236,-18.9687,8.58406,47.7367
64377,3662,4395,7164,7206,3557,4327,6534,6449,3362,3702,4176,4138,3221,3312,3432,3470,-16.5374,14.6493,8.56221,48.0713
64378,3611,3926,4083,3903,3769,5227,6701,4675,3867,5116,6807,4717,3617,3956,4332,4054,0.394147,5.41468,8.53395,48.2407
64379,4432,5664,4769,3881,4793,7952,5777,3943,4222,4798,4307,3576,3635,3716,3568,3414,-9.45905,-4.8916,8.72948,48.298
64380,3319,3757,4663,5481,3430,3905,5827,8933,3303,3747,4793,6447,3224,3396,3912,4146,-4.84036,22.5442,8.54872,48.1887
64381,3306,3437,3196,3064,3835,3857,3585,3318,5011,5239,4279,3712,7194,10117,5496,3817,29.3771,-10.394,8.86827,48.3087
64382,3380,3826,5657,10877,3452,3778,5038,7676,3195,3454,3841,4154,3129,3275,3475,3346,-19.6794,32.3513,8.73276,47.702
64383,3095,3237,3388,3669,3163,3484,4023,4334,3370,3750,5105,8278,3356,3910,5592,9956,17.2353,29.235,8.77334,47.8067
64384,3222,3355,3277,3259,3465,3695,3914,3592,3910,4973,5505,4450,4409,7138,8795,5209,23.8565,2.72669,8.81988,48.112
64385,3286,3435,3457,3319,3735,4121,4005,3699,4503,6520,5994,4264,4528,6660,6190,4321,15.4014,-1.81168,8.50063,48.0247
64386,3415,3336,3295,3136,3863,3786,3587,3348,5257,5163,4083,3571,8229,9596,4836,3645,33.5782,-13.0294,8.96221,48.0973
64387,3599,4016,4141,3753,3790,5588,6325,4575,3978,5467,6706,4550,3622,4007,4424,3843,0.694015,3.38841,8.8418,48.256
64388,3493,3446,3447,3314,4225,4454,3887,3512,5387,7915,5152,3728,5295,6546,4669,3823,13.0033,-8.21436,8.87198,48.1953
64389,4148,4503,4077,3457,4880,7188,5262,3829,4437,6226,4987,3725,3893,4096,3822,3480,-2.1937,-5.32258,8.96937,48.0067
64390,3385,3569,3644,3474,3678,4371,4676,4004,4034,6075,7709,4765,4059,4932,5662,4491,10.0089,3.51353,8.73472,48.352
64391,3443,3437,3263,3071,3828,4134,3738,3401,5174,6545,4676,3734,6295,8459,5172,3816,18.8158,-9.63259,8.86345,48.124
64392,3251,3325,3308,3325,3328,3586,3854,3823,3732,4278,5598,4961,3797,5653,9861,6839,25.4328,9.28334,8.73086,48.346
64393,3315,3717,5368,8335,3425,3705,5130,9244,3268,3505,4136,4801,3091,3339,3679,3568,-13.6253,31.586,8.72335,47.7507
64394,3242,3577,4180,4973,3284,3694,4975,8571,3277,3706,4870,8077,3274,3569,4098,4759,-0.664537,27.5781,8.77683,48.084
64395,5208,6421,4612,3755,5580,7895,5001,3824,4173,4598,3929,3485,3631,3681,3436,3282,-11.9087,-8.31857,8.792,48.3407
64396,3202,3097,3505,3534,3268,3591,4014,4275,3482,3914,5093,7771,3384,4011,5657,10328,19.0087,33.1353,8.57924,48.084
64397,5297,9093,7316,4347,4314,5064,4755,3919,3588,3815,3755,3496,3241,3380,3357,3157,-30.8083,-2.77167,8.99849,47.9293
64398,4255,5240,4869,4018,4369,7239,6621,4192,3900,4837,4524,3858,3452,3760,3607,3515,-8.51389,-1.52351,8.79683,48.1707
64399,4325,4362,3696,3402,6060,6332,4033,3546,6287,6548,4189,3431,4444,4404,3799,3407,0.607519,-14.6592,8.50655,48.1767
64400,4271,4918,4881,4006,4311,7068,6824,4290,3924,4908,4787,3980,3552,3750,3714,3472,-7.04756,-0.50002,8.93607,48.4373
64401,3553,3642,3491,3222,4091,4651,4126,3509,5262,8049,5161,3810,4903,6184,4670,3826,11.0363,-7.63732,8.97419,48.1
64402,3468,3395,3295,3140,3799,4037,3573,3396,5230,6306,4537,3731,6810,8647,5258,3773,19.931,-10.9848,8.56904,48.2633
64403,3139,3219,3561,3745,3334,3556,4089,5240,3360,3810,5229,9804,3371,3870,5051,7857,12.0515,28.8802,8.7536,48.1567
64404,3092,3259,3399,3419,3079,3517,3861,4026,3437,3832,5029,6585,3449,3966,6701,11151,23.3046,22.903,8.65419,47.868
64405,3965,3938,3483,3184,5430,5184,3817,3254,7626,7167,4134,3433,5354,4992,3812,3489,6.09195,-16.3583,8.89065,48.1747
64406,4305,7257,9111,5462,3975,4780,5157,4375,3565,3760,3775,3576,3273,3342,3231,3312,-29.6266,3.16054,8.62616,48.1707
64407,3087,3212,3389,3390,3247,3532,3796,3946,3492,3979,5551,5976,3626,4564,8485,8937,23.2545,15.7962,8.91372,48.1393
64408,3469,3977,5812,11322,3277,3876,4979,7472,3261,3483,3837,4140,3154,3150,3350,3512,-20.4707,32.4813,8.85024,48.0473
64409,4048,3698,3432,3170,6303,4502,3626,3369,9373,5443,3879,3412,5987,4711,3790,3233,6.02527,-25.5688,8.60272,47.984
64410,4922,4331,3640,3354,8613,5001,3758,3346,7768,4909,3690,3224,4658,4111,3564,3159,-1.20038,-31.6224,8.62727,48.032
64411,3704,3677,3316,3124,5182,4245,3544,3231,9156,5613,3852,3291,7798,5178,3867,3296,11.7595,-25.0997,8.50045,48.0493
64412,3927,5606,9810,7002,3661,4346,5400,5014,3329,3585,3910,3675,3133,3315,3351,3230,-27.8799,9.41099,8.72753,48.196
64413,3516,3411,3268,3196,4022,4264,3809,3463,5703,7437,4798,3762,5759,7233,4768,3843,14.7775,-9.3378,8.97819,48.168
64414,4012,3868,3458,3215,5661,5050,3911,3384,7826,6875,4242,3421,5443,4783,3967,3384,5.9447,-17.1737,8.53481,48.3333
64415,9614,5439,3878,3502,8559,5249,3885,3407,4431,3968,3443,3241,3594,3514,3266,3109,-16.2094,-30.3457,8.69848,48.066
64416,3051,3224,3542,3364,3264,3529,3794,4089,3386,3963,5156,6534,3534,4143,7119,10091,22.1002,20.0748,8.5712,47.8553
64417,3699,4199,4770,4190,4012,5589,7263,4699,3861,4796,5909,4431,3489,3883,3975,3725,-3.49587,4.67297,8.5601,48.3267
64418,3404,4099,5440,5511,3541,4349,7353,7015,3531,3745,4856,4923,3359,3465,3724,3741,-8.55644,14.6436,8.51523,48.0373
64419,3182,3558,4156,4626,3334,3868,5422,7887,3484,3823,5451,7768,3179,3531,4194,4641,-0.0200965,21.6921,8.94786,48.0693
64420,3098,3044,3384,3419,3324,3349,3785,3996,3360,3670,4768,5995,3394,3911,5890,12664,33.3446,29.1825,8.92644,47.3673
64421,3107,3251,3409,3363,3277,3607,3859,3816,3698,4278,5273,5322,3643,4911,9395,8129,29.4001,13.3053,8.56874,48.2253
64422,10244,8105,4397,3603,5803,4948,3961,3537,3812,3890,3548,3214,3353,3449,3248,3082,-27.6293,-18.0816,8.62223,48.1293
64423,5183,4504,3583,3258,8878,5489,3873,3421,6979,4924,3699,3324,4364,3896,3520,3148,-3.46962,-23.4504,8.61395,48.0287
64424,4419,4005,3461,3206,7309,4693,3598,3359,9277,5108,3787,3283,5325,4322,3577,3263,2.94653,-29.4255,8.88348,47.9947
64425,12094,6938,4110,3376,5894,4868,3826,3440,4004,3788,3392,3297,3208,3289,3221,3027,-29.7664,-22.4896,8.95385,47.848
64426,6238,6262,4193,3560,6749,7250,4441,3467,4549,4476,3714,3251,3636,3580,3369,3239,-12.4433,-13.96,8.73542,47.9827
64427,7062,4993,3808,3277,10031,5297,3832,3398,5347,4277,3555,3369,3822,3648,3324,3132,-10.0556,-32.6361,8.91771,48.1147
64428,3291,3390,3387,3360,3607,4032,4097,3559,4269,5892,5937,4324,4585,6918,6856,4621,17.7282,-0.0961862,8.76071,48.0833
64429,5086,4809,3892,3266,7167,7051,4325,3468,5666,5251,3898,3371,4132,3908,3510,3311,-4.75056,-15.667,8.86024,48.074
64430,4225,6756,9517,5514,3966,4673,5091,4549,3451,3779,3773,3633,3166,3195,3364,3225,-33.5427,4.39412,8.89352,47.918
64431,6414,9349,5733,3787,4950,5804,4506,3846,3708,4008,3578,3366,3270,3315,3306,3193,-22.5981,-8.26498,8.86733,48.0887
64432,5380,9377,6936,4168,4478,5173,4648,3883,3649,3889,3639,3483,3235,3433,3368,3250,-32.1509,-3.92951,8.85977,47.9927
64433,5793,9741,6574,4124,4591,5157,4525,3886,3555,3789,3723,3440,3233,3403,3325,3238,-32.5565,-5.46002,8.8286,48.0647
64434,4975,8158,7342,4545,4369,5656,5204,4109,3638,3910,3717,3439,3357,3384,3312,3248,-22.2496,-1.78082,8.88441,48.242
64435,7560,5548,3995,3418,8688,5849,3959,3495,4858,4215,3628,3381,3715,3677,3328,3100,-12.8006,-21.649,8.5842,48.276
64436,8964,8315,4535,3482,5775,5438,3991,3595,4008,3847,3663,3208,3430,3433,3274,3123,-23.6463,-15.837,8.57913,48.054
64437,3196,3276,3333,3137,3689,3846,3576,3440,4624,5615,4638,3848,5952,9664,6208,4018,23.949,-6.08771,8.80353,48.04
64438,3103,3155,3368,3489,3255,3481,3827,3959,3409,3867,4808,6107,3465,4071,6733,11810,25.9639,24.0065,8.58836,47.938
64439,3482,4494,8348,9658,3412,4006,5090,5734,3297,3433,3842,3785,3087,3265,3284,3326,-32.1908,16.6184,8.82596,47.6953
64440,5004,6573,5051,3838,5101,7592,5360,3826,4004,4576,3914,3466,3461,3751,3597,3286,-12.9591,-6.49437,8.57155,48.2667
64441,3227,3357,3522,3279,3529,3728,3824,3571,4010,4857,5148,4318,4266,7419,9003,5117,33.8802,2.67537,8.77712,48.1167
64442,3225,3288,3492,3637,3294,3605,4068,4559,3402,4034,5891,8019,3450,4056,6008,8192,15.2188,20.5036,8.55023,48.1467
64443,3137,3423,3711,3736,3383,3831,4675,4750,3491,4271,7604,7590,3426,4055,5485,5872,9.92013,15.2582,8.8891,48.2933
64444,3307,3595,3801,3863,3421,3851,5181,4884,3655,4568,7915,6586,3395,4118,5248,5086,7.30201,12.5687,8.59246,48.316
64445,4214,3995,3471,3137,6117,4913,3683,3364,8818,5928,3923,3400,5769,4658,3776,3271,5.30946,-21.5215,8.61732,48.2913
64446,4146,3869,3462,3296,6419,4673,3674,3242,9379,5535,3883,3378,5796,4568,3745,3288,5.42879,-25.0501,8.53805,48.2353
64447,3628,5112,9627,7781,3563,4171,5196,5258,3313,3532,3825,3883,3074,3361,3371,3354,-31.2627,12.4456,8.59697,48.0327
64448,3337,3956,5867,9017,3355,3882,5486,8561,3201,3483,3999,4680,3008,3275,3560,3705,-15.6845,23.6723,8.86472,48.248
64449,3161,3433,3673,3933,3354,3613,4353,5614,3333,3802,5757,9394,3273,3818,4968,6601,8.78878,23.5761,8.60911,48.0533
64450,4426,6536,7706,4944,4127,5351,6181,4495,3529,3858,4046,3664,3153,3334,3448,3392,-18.8695,2.52816,8.7067,48.1267
64451,3159,3405,3624,3413,3375,3709,4472,4590,3531,4102,6994,7098,3431,4153,6300,6594,12.9332,15.4902,8.85489,47.9667
64452,3277,3236,3354,3253,3342,3652,3657,3726,3781,4509,5218,4623,4011,6280,10022,6052,28.3614,6.4827,8.96984,47.9953
64453,3288,3929,5275,6761,3376,3915,5985,9096,3369,3739,4473,5315,3125,3280,3684,3815,-10.0219,21.8613,8.5861,48.2833
64454,3207,3458,3473,3426,3622,4028,4079,3753,4239,5704,6558,4517,4223,6164,6945,4741,15.8327,1.81783,8.68292,48.0913
64455,6071,9744,6086,3991,4680,5311,4455,3765,3694,3871,3719,3419,3359,3308,3310,3171,-27.3951,-7.20424,8.51351,47.9693
64456,3064,3256,3602,3668,3268,3672,4158,5008,3355,3848,5457,9528,3300,3693,5246,8138,12.8301,26.026,8.82789,48.174
64457,3317,3394,3353,3081,3835,3818,3520,3210,5428,5724,4281,3680,7850,9069,4709,3631,23.372,-12.6425,8.91641,47.9333
64458,3811,3799,3481,3220,5210,5198,3842,3454,7110,7315,4411,3523,5275,5131,3891,3505,6.51938,-14.965,8.56248,48.1173
64459,3340,3528,3300,3169,3891,4035,3696,3415,5088,6544,4576,3792,6274,8451,5319,3805,19.1314,-8.496,8.88022,48.1487
64460,5739,4556,3661,3338,9936,5055,3803,3225,6391,4477,3734,3450,4093,3797,3540,3101,-5.92124,-32.6873,8.96664,47.9307
64461,3073,3300,3476,3398,3297,3575,3825,3769,3670,4495,5241,4828,3919,5566,9933,6503,33.2279,8.76708,8.80078,47.912
64462,3320,3503,3462,3388,3751,4249,3931,3527,4576,6811,5636,4004,4994,7334,5788,4172,16.2922,-3.86063,8.66126,48.2973
64463,6052,4725,3640,3374,9758,5065,3855,3410,6113,4474,3643,3279,4078,3794,3381,3269,-6.76309,-33.0573,8.90451,47.94
64464,3668,4957,7293,5518,3733,5010,7329,5250,3517,3838,4255,3924,3274,3387,3638,3468,-15.0962,8.43151,8.6837,48.0393
64465,5437,8222,5622,4023,4814,6636,5063,3895,3822,4087,3811,3509,3437,3471,3334,3244,-18.2051,-5.86109,8.51447,48.2847
64466,9391,5400,3803,3385,8657,5133,3831,3427,4601,3996,3572,3360,3516,3514,3235,3105,-15.4679,-31.4955,8.93617,47.9507
64467,3403,3462,3257,3119,3767,3798,3463,3276,5975,5100,3788,3401,11389,7407,4197,3287,26.3469,-21.088,8.99575,48.0593
64468,4294,4453,3823,3488,5742,6885,4395,3543,5558,6517,4395,3609,4133,4299,3715,3446,-0.485512,-11.5858,8.68312,48.1967
64469,8532,7174,4386,3397,6598,5879,4027,3320,4201,4023,3644,3347,3550,3597,3274,3193,-18.6474,-17.4433,8.59069,48.0947
64470,3720,5207,9283,7329,3640,4253,5751,5190,3293,3712,3907,3718,3156,3207,3335,3325,-23.6174,11.5504,8.76441,48.0173
64471,3143,3123,3295,3410,3208,3395,3805,3982,3261,3768,4742,6169,3425,4040,6228,12396,26.8704,27.4203,8.51752,47.5933
64472,3573,4294,7638,9194,3418,4021,5697,6447,3370,3518,3867,4114,3094,3333,3370,3359,-20.8414,17.5461,8.97457,48.2047
64473,3859,5393,7914,5481,3833,4890,6836,4931,3410,3793,4186,3834,3221,3481,3438,3405,-17.1768,7.02861,8.56279,47.9367
64474,3242,3259,3359,3313,3252,3486,3890,3985,3580,4112,5118,5411,3656,4790,9353,8149,33.7183,13.4396,8.7192,47.97
64475,3320,3736,4922,7102,3393,3859,5531,9579,3200,3642,4370,5381,3182,3340,3662,3825,-9.92577,25.8951,8.55148,48.0293
64476,3098,3191,3309,3354,3262,3543,3773,3682,3463,4068,5306,5610,3595,4580,8591,9065,25.4789,15.8254,8.88776,47.66
64477,11742,6708,3978,3432,6237,4813,3735,3342,3858,3692,3491,3334,3394,3441,3204,3034,-26.0174,-23.5681,8.72807,47.6233
64478,4554,4685,3995,3549,5546,7902,4861,3727,4852,5832,4347,3498,3900,4108,3574,3427,-3.91416,-9.05846,8.79828,48.238
64479,3235,3532,4071,4444,3299,3895,5372,7040,3351,3939,5950,8038,3289,3581,4473,4785,1.70338,19.901,8.94565,48.196
64480,3376,3438,3160,3188,3977,3828,3383,3219,5938,4713,3776,3435,12408,6624,3896,3348,29.9581,-25.0808,8.77807,47.8047
64481,3327,3410,3319,3232,3917,4245,3638,3373,5408,6750,4667,3638,6173,8260,5167,3824,18.184,-9.38973,8.8264,48.232
64482,3153,3484,3994,4169,3508,3926,5446,5853,3400,4110,6982,7267,3373,3839,4737,5086,4.39424,16.1019,8.71019,48.218
64483,4125,3818,3444,3211,6150,4482,3691,3320,9605,5481,3829,3281,6089,4662,3581,3267,6.33487,-24.9564,8.69718,48.024
64484,3162,3190,3329,3357,3305,3566,3748,4033,3345,3912,5010,5829,3380,3974,7249,11312,32.9725,21.0792,8.63283,47.8007
64485,4481,5726,5364,4062,4523,7074,6325,4276,3821,4472,4265,3726,3402,3650,3543,3376,-11.6555,-1.55583,8.52993,48.0573
64486,3253,3253,3394,3325,3215,3607,3841,3867,3493,4026,5066,5426,3496,4496,8724,9338,33.2076,15.9478,8.98066,47.88
64487,3459,3736,4936,7200,3335,3862,5280,9998,3295,3556,4261,5458,3117,3328,3622,3765,-10.0812,29.2764,8.94924,48.1387
64488,4401,4058,3516,3223,6541,5517,3986,3336,7946,5875,4065,3428,4892,4504,3678,3262,2.4585,-19.1017,8.98621,48.152
64489,3355,3460,3470,3260,3599,3924,4064,3691,4078,5837,6480,4535,4384,6423,7063,4917,16.3735,1.76192,8.6653,48.36
64490,3597,3833,3605,3297,4280,4891,4045,3477,5415,8159,5147,3800,4791,5948,4552,3632,9.9806,-7.7516,8.51669,48.3127
64491,3623,3830,3803,3587,3985,5134,5029,3816,4328,6839,6542,4089,4032,4813,4768,4017,5.80303,-0.221199,8.64312,48.1567
64492,3526,3588,3433,3235,4191,4360,3681,3331,6133,7263,4448,3646,6227,7117,4643,3677,14.8171,-12.5478,8.63869,48.3327
64493,4233,3824,3371,3129,6650,4662,3594,3304,9908,5349,3707,3288,5802,4572,3630,3286,5.349,-26.599,8.99673,48.206
64494,7004,9762,5529,3861,4936,5101,4313,3600,3770,3913,3605,3463,3218,3443,3283,3100,-30.1296,-9.75895,8.65796,47.934
64495,3548,3721,4088,3651,3714,4396,6016,4490,3803,5254,7764,5061,3644,4218,4735,4254,4.13857,6.7328,8.70497,48.238
64496,3628,3497,3187,3010,4796,4200,3558,3282,8617,5619,3907,3362,8465,5718,3902,3287,14.6191,-22.7983,8.69246,48.0233
64497,3674,3862,4004,3579,3965,5292,5575,4137,4174,6205,6856,4296,3740,4439,4642,3828,3.15743,1.32086,8.68434,48.1787
64498,4476,6899,7819,4951,4120,5405,5954,4454,3534,3825,4078,3616,3205,3356,3440,3230,-19.4308,2.38574,8.81321,48.2413
64499,3382,3421,3180,3069,4052,3887,3454,3169,5845,4900,3718,3305,11917,6970,4047,3406,30.3225,-22.7476,8.95728,47.8147
64500,3486,3584,3422,3287,4217,4655,3951,3534,5315,8030,5110,3794,4897,6260,4926,3798,11.5899,-7.21022,8.9797,48.1773
64501,3509,4083,5087,4819,3652,4566,8017,6146,3425,4029,5467,4912,3227,3617,3853,3950,-5.93261,11.1797,8.97397,48.2393
64502,3200,3533,4150,4644,3263,3770,4779,7915,3427,3718,4886,8558,3291,3655,4299,4834,1.03665,31.5083,8.61871,47.948
64503,4528,4412,3756,3440,6207,6356,4259,3543,6013,6417,4171,3359,4373,4380,3760,3394,-0.463482,-13.9098,8.57442,48.2453
64504,3205,3371,3377,3158,3545,3840,3711,3520,4255,5206,4716,4054,5116,8910,7713,4594,28.5326,-1.88795,8.61205,48.194
64505,3397,4060,4854,4505,3769,4714,7837,5687,3521,4396,5985,4879,3357,3666,4035,3849,-3.94227,9.57502,8.8775,48.3407
64506,3349,3810,4652,5767,3389,3934,5878,9063,3343,3680,4787,6213,3127,3447,3958,4257,-5.81835,22.3392,8.71525,48.436
64507,3574,3479,3457,3291,4248,4318,3851,3408,5677,7285,4621,3743,6189,7398,4789,3648,15.4517,-10.4485,8.56818,48.6507
64508,3605,3862,3765,3453,4014,5420,4977,3885,4393,7225,6248,4077,4055,4678,4533,3809,4.93901,-1.76121,8.93948,47.9993
64509,3565,3663,3249,3114,4280,4491,3821,3431,6082,7553,4579,3570,5982,6629,4350,3708,13.0766,-11.8148,8.72455,48.0447
64510,3979,3774,3475,3199,5445,4636,3650,3279,8889,6288,4003,3308,6277,5067,3784,3413,8.57423,-20.2146,8.57476,48.3107
64511,3622,3668,3557,3238,4089,4684,4071,3692,5073,7899,5653,3895,4694,5924,4793,3869,10.3497,-6.08122,8.64871,48.2807
64512,3108,3234,3543,3605,3185,3412,3993,4488,3518,3821,5311,8113,3360,3992,5870,9740,17.2992,25.789,8.62605,48.1953
64513,3135,3354,3471,3576,3376,3335,3953,4077,3333,3854,4915,7443,3414,4013,5813,11022,20.632,31.7954,8.5649,48.056
64514,3427,3713,3528,3382,3822,4298,4256,3629,4485,6812,6623,4258,4261,5787,5788,4219,12.3568,-0.59245,8.56042,48.192
64515,4119,5188,5321,4298,4127,6557,7266,4487,3893,4450,4601,3864,3447,3645,3578,3470,-9.33035,1.04466,8.75725,48.2073
64516,3135,3264,3413,3414,3400,3599,3909,3874,3613,4344,6081,5442,3667,4937,9006,7151,21.1935,11.6788,8.91519,48.166
64517,3144,3458,3498,3572,3250,3594,4322,4058,3570,4502,6790,6049,3700,4671,7738,6487,16.9781,12.1833,8.63042,48.2687
64518,3430,4208,7116,10864,3468,3794,5042,6181,3307,3444,3836,3945,3074,3208,3359,3339,-24.5738,21.2547,8.51735,47.7433
64519,4043,6534,9689,5864,3779,4602,5266,4655,3451,3636,3821,3694,3166,3367,3417,3298,-26.0968,5.89204,8.69151,48.188
64520,6135,9958,6206,3988,4579,5201,4467,3778,3700,3795,3753,3444,3291,3322,3293,3185,-29.4157,-7.1543,8.79751,48.0633
64521,3402,3478,3199,3191,3673,3840,3736,3323,4691,5235,4453,3739,6380,10082,5790,3837,32.5355,-8.09987,8.75065,48.0327
64522,3386,3478,3385,3303,3635,4053,3976,3578,4500,6537,5442,4009,4941,7619,6289,4255,17.8285,-2.47221,8.90548,48.2573
64523,3084,3328,3582,3619,3253,3539,4275,4756,3407,4003,6109,8371,3416,4047,5948,7567,13.4759,19.8838,8.75277,48.2027
64524,3260,3439,3843,4234,3206,3616,4556,6807,3300,3810,5130,9584,3280,3746,4578,5772,5.08776,28.1055,8.90075,48.1073
64525,3314,3826,4385,5708,3445,3819,5200,9487,3431,3604,4537,6538,3214,3342,3810,4222,-5.11571,30.5207,8.6306,47.9213
64526,3341,3313,3268,3020,4045,3847,3443,3257,6304,5016,3816,3389,11448,6890,4026,3391,24.9387,-22.1367,8.68851,47.876
64527,3652,3611,3326,3086,4687,4265,3560,3325,8122,5985,3904,3380,7830,5866,3976,3452,14.1077,-20.4833,8.74878,48.018
64528,3277,3418,3306,3250,3647,3942,3755,3506,4447,5825,5475,4106,4848,7989,7289,4448,20.151,-1.30763,8.80412,48.352
64529,3275,3779,4537,5706,3361,3751,5509,9255,3247,3738,4756,6605,3202,3415,3913,4159,-5.2459,24.7146,8.83181,48.1387
64530,4188,4899,4525,3778,4573,7444,5967,4165,4156,5308,4849,3799,3714,3777,3818,3426,-5.32873,-2.82043,8.68086,48.2573
64531,5721,6216,4486,3594,6378,7544,4458,3695,4346,4689,3873,3376,3600,3531,3505,3170,-11.7607,-12.0753,8.60284,48.1213
64532,5869,5502,4074,3593,7301,7313,4393,3561,4769,4722,3773,3273,3805,3720,3383,3224,-9.8436,-15.3781,8.73065,48.1833
64533,5307,4623,3725,3234,8322,6040,3940,3445,6299,5088,3838,3282,4182,3929,3607,3259,-4.3594,-20.3221,8.53846,48.08
64534,3168,3543,4200,4786,3328,3825,4987,7798,3276,3888,5088,8251,3288,3594,4154,4845,0.593136,24.8757,8.52739,48.0127
64535,4790,7623,6875,4371,4433,6035,5480,4213,3697,4059,3883,3658,3299,3421,3464,3302,-18.7761,-1.70262,8.63504,48.402
64536,3354,3782,4714,5974,3461,3934,5688,9439,3360,3596,4577,6048,3080,3294,3838,3973,-6.7914,23.3083,8.92179,48.0747
64537,4452,4881,4053,3624,5698,7871,4804,3570,4908,6044,4345,3546,3875,4039,3548,3393,-4.10321,-9.60749,8.86489,48.434
64538,3175,3554,3893,3863,3509,3988,5223,4770,3584,4534,7746,6421,3593,4024,5270,5002,7.33945,12.2735,8.68464,48.0993
64539,3195,3268,3198,3201,3460,3741,3699,3608,4147,4831,5132,4345,4630,7821,8943,5022,27.5271,1.75262,8.80399,48.1607
64540,3546,4227,5510,5088,3545,4677,8163,6163,3429,3855,5053,4490,3169,3379,3707,3733,-8.83883,11.1646,8.84997,47.8227
64541,3146,3157,3443,3392,3207,3442,3748,3926,3336,3850,4832,5920,3413,4084,6787,12148,29.6344,23.212,8.79565,47.8873
64542,3245,3609,4221,4690,3429,3754,5382,7555,3358,3867,5454,7889,3293,3474,4268,4784,0.238018,21.7142,8.51534,48.1813
64543,5934,9003,6028,3935,4810,6125,4817,3788,3849,3956,3678,3440,3320,3278,3312,3128,-21.1437,-6.68941,8.92652,48.2673
64544,3183,3528,4132,4623,3399,3587,4971,7709,3360,3715,5212,8701,3256,3628,4170,5007,1.38497,26.931,8.82219,48.1207
64545,3618,4045,4915,4549,3628,4618,7607,5824,3500,4136,5698,4969,3286,3636,4157,3913,-4.48944,10.7194,8.55828,48.066
64546,3184,3437,3719,3773,3255,3481,4341,5572,3414,3767,5288,10064,3336,3828,4868,6782,9.39968,32.3161,8.91216,48.0727
64547,12349,6032,3839,3386,6354,4893,3795,3363,3944,3787,3368,3204,3419,3414,3263,3147,-26.3243,-30.0897,8.51872,47.7047
64548,5761,9773,6501,4135,4530,5376,4573,3878,3538,3878,3659,3429,3330,3308,3315,3222,-27.171,-5.22702,8.90764,48.1373
64549,3116,3138,3411,3413,3309,3559,3750,3802,3393,3751,4882,6042,3419,4202,7268,11570,27.2006,21.3603,8.94307,48.0167
64550,3120,3215,3401,3347,3316,3490,3802,3904,3312,3969,5188,5710,3458,4241,7875,10635,27.8214,18.4755,8.64822,47.9887
64551,3204,3206,3384,3404,3309,3455,3759,3905,3297,3889,4820,6529,3480,3966,6119,12582,25.9829,32.4816,8.70251,48.2053
64552,9458,8504,4478,3510,5611,5377,3820,3642,3788,3880,3550,3236,3308,3377,3217,3090,-26.0682,-16.4286,8.84678,47.8973
64553,3211,3433,3925,4383,3295,3695,4729,7288,3263,3807,5156,9164,3317,3667,4435,5337,2.96417,31.6718,8.68044,48.07
64554,3286,3445,3449,3428,3661,4133,4125,3667,4402,6606,6436,4296,4286,6246,6106,4464,14.1581,-0.308846,8.90733,48.024
64555,8879,5384,3957,3440,9008,5036,3854,3441,4773,4106,3496,3287,3496,3471,3338,3122,-14.4881,-31.6346,8.52986,48.0587
64556,3436,3435,3317,3163,4102,3915,3460,3274,7175,4882,3753,3423,11533,5919,3856,3418,21.6167,-30.3575,8.54417,48.0407
64557,3209,3383,3687,3806,3351,3789,4868,5202,3565,4147,7091,7760,3417,3999,5371,5867,8.58042,16.6829,8.91939,48.3413
64558,8049,7523,4450,3461,6518,5961,4045,3423,4070,4131,3599,3332,3463,3560,3314,3060,-18.862,-15.5886,8.75542,47.9727
64559,3156,3458,4099,4543,3244,3579,4778,7607,3313,3713,5275,9003,3258,3615,4189,5080,2.1731,25.9502,8.98058,47.94
64560,3374,3373,3397,3125,3714,3849,3563,3280,4705,5104,4429,3845,6425,9774,6025,3886,29.1736,-7.72271,8.51427,47.912
64561,3346,3844,5335,8463,3325,3835,5323,9271,3188,3503,4035,5026,3089,3259,3508,3637,-13.4798,28.2433,8.71841,47.9913
64562,3958,3803,3384,3221,5974,4462,3651,3237,9910,5147,3783,3363,6386,4683,3639,3293,7.50217,-30.6697,8.78508,47.9293
64563,3449,3952,5648,10248,3403,3745,5123,8068,3296,3485,3866,4279,3212,3224,3366,3478,-17.983,33.7731,8.93767,47.8947
64564,6794,6431,4268,3513,7024,6882,4330,3537,4452,4395,3609,3344,3577,3617,3409,3176,-13.6627,-15.7451,8.62591,48.2387
64565,3599,3558,3383,3063,4721,4132,3432,3249,9262,5291,3824,3399,8866,5376,3824,3318,14.6556,-28.1738,8.98545,48.198
64566,3301,3797,4892,6363,3381,3956,5873,9464,3235,3631,4521,5756,3102,3305,3757,3929,-8.38495,22.8782,8.83066,48.1753
64567,3501,4214,7209,9815,3504,3901,5354,6582,3203,3518,3915,3935,3041,3252,3475,3392,-21.7837,19.47,8.62825,47.874
64568,3215,3499,3708,3668,3322,3788,4576,4556,3584,4355,7591,7019,3533,4154,5815,5865,10.5314,14.152,8.97905,48.1653
64569,6608,5587,3919,3370,8227,6720,4149,3402,4831,4344,3654,3358,3664,3702,3474,3162,-11.4941,-18.3127,8.67353,48.114
64570,3167,3279,3282,3375,3279,3493,3892,3932,3449,3998,5229,5793,3538,4605,8181,9851,24.7843,17.2047,8.88448,48.2287
64571,3288,3418,3924,4403,3242,3775,4761,7025,3383,3743,5524,9148,3284,3531,4367,5398,3.49031,24.7997,8.66953,48.1427
64572,5259,5670,4176,3533,6252,8049,4568,3685,4589,5015,3922,3475,3619,3749,3362,3285,-9.41337,-11.4981,8.76515,48.1387
64573,3633,4255,4485,4042,3817,5528,7254,4785,3843,5022,6182,4470,3587,3784,4103,3854,-2.34951,4.74527,8.73335,48.4293
64574,3290,3424,3350,3265,3428,3844,3828,3802,3849,4962,5816,4640,4223,6343,8877,5324,22.1059,4.4616,8.52072,48.1767
64575,3613,4580,8218,8252,3626,4162,5730,5980,3339,3658,3920,3973,3252,3243,3346,3395,-21.5123,14.8301,8.56607,48.1913
64576,3572,3458,3243,3102,4107,4012,3652,3234,6954,5599,3920,3474,9129,6736,4168,3426,18.8372,-19.7998,8.77407,47.8573
64577,3728,4723,8048,7023,3576,4543,6428,5805,3293,3638,4083,4028,3051,3277,3459,3479,-18.272,12.1108,8.74028,48.1213
64578,3110,3232,3324,3317,3492,3673,3773,3848,3786,4446,5418,4756,4064,5911,9597,6250,25.3137,7.38012,8.5084,47.998
64579,3399,3286,3197,3209,3803,3813,3525,3268,5169,5271,4131,3475,8459,9231,4858,3618,32.0716,-13.6834,8.73204,47.808
64580,3441,3850,4207,4017,3832,5043,6664,4790,3809,5069,7114,4874,3642,4020,4420,4184,0.917934,6.07831,8.8828,48.6507
64581,3312,3653,4423,5466,3299,3838,5241,9176,3392,3761,4795,6986,3234,3409,3908,4290,-3.92149,27.1826,8.56993,48.122
64582,3319,3399,3900,3891,3435,3961,5213,4947,3512,4485,7700,6805,3550,4013,5215,5146,7.00106,13.3892,8.99998,48.3273
64583,3783,4565,6320,4998,3833,5050,8073,5524,3525,3971,4550,4166,3275,3428,3692,3599,-11.0224,8.76072,8.74503,48.2347
64584,3456,4229,7090,11156,3375,3789,5066,6459,3204,3400,3719,3984,3118,3210,3288,3337,-24.4889,21.4074,8.71051,47.92
64585,3291,3516,3866,3910,3294,3934,5316,5144,3547,4254,7349,7081,3495,3886,5067,5123,5.87203,14.7149,8.91166,48.0487
64586,3332,3445,3557,3454,3531,4048,4673,4098,3891,5337,7852,5085,3813,4779,6290,4760,11.4406,6.01318,8.62338,47.9633
64587,3632,4743,9078,8665,3512,4190,5155,5282,3220,3618,3648,3875,3096,3139,3386,3423,-29.2206,14.1476,8.67311,47.7747
64588,3412,3364,3139,3213,4056,3874,3323,3257,6064,4730,3900,3350,12480,6053,3774,3395,33.4267,-28.4192,8.79572,47.5893
64589,3572,3400,3206,3046,4220,4039,3506,3375,7048,5838,4076,3451,8922,7055,4145,3474,18.4274,-18.4069,8.913,48.2487
64590,3158,3725,4507,5489,3287,3874,5268,9174,3318,3721,4770,7053,3257,3443,3883,4418,-3.70197,24.7708,8.86493,48.23
64591,3878,5067,5719,4499,4029,6086,7547,4637,3742,4300,4721,3856,3352,3739,3697,3445,-10.2485,3.08748,8.60239,48.2093
64592,3643,3679,3340,3211,4528,4723,3879,3356,6652,7904,4573,3597,5377,5955,4207,3603,9.86662,-12.5932,8.93435,48.1513
64593,3197,3475,3766,4073,3313,3638,4545,6441,3275,3774,5149,10068,3216,3672,4416,5915,5.78479,28.7584,8.92784,47.9553
64594,3217,3409,3740,3560,3481,3926,4492,4246,3727,4960,8113,5566,3658,4550,6157,5007,11.4164,8.66894,8.85376,47.8727
64595,3979,5562,6789,4804,3905,5605,7229,4753,3601,4038,4349,3852,3165,3474,3533,3479,-14.6646,4.63454,8.76893,48.078
64596,4137,4425,4179,3550,4807,7029,5332,3859,4680,6435,4875,3864,3953,4191,3792,3469,-1.48757,-5.97133,8.69473,48.3847
64597,4186,4129,3453,3297,5959,5564,3914,3449,7200,6701,4159,3376,4885,4653,3721,3399,3.66101,-16.1596,8.9842,48.03
64598,3236,3342,3848,3788,3252,3557,4338,5762,3335,3917,5219,10004,3358,3641,4877,6649,8.79373,30.6848,8.6042,48.082
64599,3457,3376,3229,3097,4041,4119,3584,3225,6752,5965,4074,3507,8461,7352,4375,3520,18.8507,-16.801,8.78466,48.0893
64600,3218,3341,3385,3196,3234,3429,3777,3986,3443,3693,4683,6145,3241,3916,6289,12520,28.5536,27.3013,8.77357,47.664
64601,3431,3479,3523,3454,3843,4333,4325,3785,4349,6751,6355,4285,4394,5805,5542,4127,11.7177,-0.893498,8.52308,47.854
64602,3426,4122,7257,11034,3373,3953,5053,5847,3277,3531,3822,3885,3167,3249,3377,3349,-30.4528,20.3806,8.52019,47.8147
64603,3619,3585,3405,3287,4446,4715,3929,3534,5857,8166,4817,3735,5160,6036,4427,3677,9.94076,-10.1215,8.98512,48.2633
64604,6213,6698,4391,3637,6362,7285,4458,3585,4321,4506,3743,3393,3529,3458,3358,3156,-13.7341,-13.1439,8.67851,48.062
64605,3374,4025,6110,12443,3381,3878,4751,6015,3183,3385,3750,3933,3152,3172,3291,3262,-27.6563,30.5846,8.74733,47.4033
64606,3297,3377,3205,3008,4027,3841,3484,3146,6539,4965,3927,3420,11484,6890,4092,3341,24.09,-22.4655,8.77349,48.0287
64607,3378,3844,4615,4443,3635,4437,7192,6065,3504,4223,5985,5512,3407,3639,4230,4137,-2.35251,12.1711,8.54263,48.164
64608,3188,3352,3819,4062,3194,3660,4602,6265,3292,3902,5239,9916,3301,3627,4533,5873,6.0012,31.9048,8.95032,47.8833
64609,3173,3272,3491,3681,3294,3628,4169,4843,3399,3929,5457,8874,3276,3863,5510,8206,13.826,23.9159,8.59451,48.0433
64610,3593,4077,4587,4001,3848,5277,7164,4863,3587,4898,6354,4603,3514,3812,4165,3886,-1.86341,6.12374,8.58834,48.1527
64611,3580,3564,3391,3182,4581,4376,3831,3413,6830,7096,4334,3615,6501,6392,4334,3538,13.3386,-14.8874,8.53061,48.372
64612,4122,3952,3711,3259,5584,5460,3918,3427,7053,7227,4156,3578,4903,4746,3872,3358,4.16174,-15.0217,8.91979,48.2173
64613,3275,3508,3932,3825,3469,4135,5208,4717,3683,4817,7995,5988,3596,4126,5255,4746,6.80255,10.5973,8.51759,48.1833
64614,3505,3595,3505,3186,4198,4452,3725,3384,5569,7978,4840,3717,5290,6629,4711,3640,12.6643,-9.52401,8.77182,47.9493
64615,12331,5947,4048,3461,6000,4839,3754,3388,3861,3748,3357,3273,3399,3437,3220,3211,-29.7934,-31.9447,8.64342,47.516
64616,4929,8506,7607,4595,4409,5335,5068,4118,3512,3835,3743,3541,3247,3343,3380,3204,-23.8656,-1.5015,8.506,48.248
64617,3173,3375,3459,3271,3506,3633,3768,3689,3931,4711,5130,4607,4317,6907,9565,5575,30.3513,4.47552,8.7099,48.4113
64618,3086,3227,3437,3388,3313,3623,3794,3941,3435,4150,5303,5197,3680,4972,9524,7965,32.4359,12.7545,8.96521,48.0233
64619,3884,3784,3480,3178,5246,4705,3741,3434,8060,6954,4072,3501,5890,5303,4011,3318,8.64818,-17.4855,8.71811,48.374
64620,5452,4382,3537,3381,9247,5184,3746,3351,7209,4779,3662,3321,4427,3903,3518,3120,-3.39084,-28.3259,8.70137,48.146
64621,3418,3453,3540,3383,3697,4082,4247,3697,4192,6308,6821,4509,4200,5969,6366,4466,14.0947,1.436,8.91159,48.232
64622,3082,3392,3765,3863,3286,3667,4590,5197,3458,4023,6460,8673,3394,3802,5343,6429,9.5502,19.3251,8.79469,48.2827
64623,3915,6109,9303,6022,3798,4822,5918,4692,3443,3709,3904,3569,3195,3322,3388,3421,-22.3401,6.78947,8.78163,48.3533
64624,3380,3452,3267,3096,3967,3749,3401,3212,5817,4931,3756,3323,11268,7372,4251,3434,28.741,-21.3627,8.50198,47.784
64625,3264,3371,3410,3337,3541,3698,3723,3561,3980,4725,5121,4415,4376,7422,9023,5170,31.44,2.44417,8.88579,48.0913
64626,3121,3243,3460,3493,3262,3523,4028,4199,3380,3819,5273,7384,3424,3878,6337,10037,19.384,23.2688,8.63784,47.9073
64627,3169,3272,3552,3433,3258,3743,4311,4421,3508,4296,6922,6669,3577,4386,6979,6779,14.8812,14.5015,8.97544,48.1833
64628,7078,9508,5269,3695,5001,5735,4393,3701,3791,3878,3651,3389,3444,3442,3297,3141,-24.2099,-10.5103,8.86172,48.2753
64629,3121,3389,3536,3481,3518,3682,4258,3904,3801,5060,6977,5190,3860,5360,7887,5489,16.6519,7.37869,8.87298,48.342
64630,3245,3950,6062,11422,3377,3791,5050,7105,3119,3474,3909,4199,3091,3138,3430,3342,-21.8395,25.8883,8.90096,47.8027
64631,3142,3222,3351,3451,3378,3373,4201,4418,3374,3837,5212,8407,3383,3906,5498,9388,16.3046,33.0863,8.51483,47.694
64632,3251,3425,3639,3736,3432,3976,4921,4457,3619,4647,7774,6360,3610,4284,5992,5465,10.8163,11.6108,8.53725,48.392
64633,9173,6959,4251,3476,7053,5717,4086,3394,4104,3955,3566,3197,3539,3423,3302,3058,-19.2775,-19.3463,8.77875,48.1687
64634,11874,6656,4175,3453,5992,4904,3822,3337,3959,3748,3389,3265,3352,3329,3249,3121,-28.6879,-23.7631,8.59694,47.75
64635,3040,3303,3466,3353,3213,3519,3910,3747,3582,4097,5243,5203,3670,4941,9038,8432,29.4387,13.5891,8.54181,47.838
64636,3396,3989,5418,8368,3432,3913,5606,9139,3207,3628,4087,4846,3129,3135,3572,3615,-13.6379,24.5416,8.8643,48.32
64637,3600,3594,3398,3019,4746,4169,3478,3257,9089,5042,3827,3328,8402,5253,3811,3449,14.1965,-29.3678,8.55148,47.6413
64638,3191,3333,3310,3262,3752,3668,3741,3513,4497,5315,4665,3822,5576,9463,6892,4120,26.5138,-4.50294,8.70396,48.08
64639,4184,3968,3476,3259,6320,4961,3769,3296,8672,5836,3920,3374,5416,4729,3675,3255,4.80321,-21.4642,8.52563,48.0733
64640,3332,3364,3554,3538,3458,3845,4344,3960,3816,5187,7676,5218,3891,4995,6968,5213,13.9661,6.98879,8.92466,48.2393
64641,6895,4968,3842,3215,9747,5365,3862,3382,5538,4395,3583,3252,3836,3644,3427,3183,-9.73772,-26.2427,8.92034,48.0893
64642,10601,7039,4195,3431,6542,5133,4060,3354,4061,3909,3454,3133,3271,3492,3207,3167,-22.6543,-20.9866,8.87967,48.0327
64643,3693,3606,3351,3049,5110,4409,3565,3259,9093,6034,3856,3381,7268,5464,3851,3327,11.8475,-21.5677,8.95819,48.2107
64644,3386,3380,3252,3122,3874,3894,3625,3249,5392,5121,4144,3549,8585,9055,4805,3607,30.3864,-14.4991,8.56992,48.0267
64645,3387,3429,3288,3192,4012,3952,3480,3255,6490,5642,3969,3512,9410,7264,4298,3454,20.709,-18.8918,8.84343,48.0227
64646,3048,3322,3304,3452,3207,3534,3828,4333,3398,3787,5077,7635,3334,3955,5951,10952,19.8377,27.2422,8.79917,48.078
64647,6030,4440,3749,3403,10103,5199,3667,3337,6506,4418,3536,3192,3994,3752,3470,3243,-6.10302,-30.774,8.93545,48.026
64648,3149,3409,3632,3627,3433,3919,4565,4290,3576,4814,8058,6078,3711,4333,6339,5440,11.7061,10.9796,8.83138,48.2487
64649,3524,3524,3361,3071,4108,4132,3607,3258,6830,6234,4019,3407,8089,7007,4441,3611,17.4904,-17.1137,8.64098,48.1487
64650,3625,3751,3642,3360,4324,5230,4148,3562,5334,8258,5203,3720,4521,5416,4384,3701,7.60168,-7.37316,8.83509,48.1193
64651,3212,3461,3972,4351,3281,3676,4803,7223,3483,3732,5252,9367,3210,3685,4322,5242,3.05152,26.4673,8.98308,48.1813
64652,3381,3857,5867,12540,3389,3762,4754,6085,3262,3460,3832,3870,3261,3245,3377,3414,-32.9079,31.2061,8.99519,47.5707
64653,4372,3935,3441,3131,6991,4681,3603,3380,9257,5177,3804,3448,5443,4473,3661,3371,3.81332,-29.7401,8.59288,48.112
64654,3214,3385,3742,3943,3246,3610,4388,5619,3387,3876,5179,9707,3389,3676,4726,6991,9.5947,29.4349,8.59173,48.052
64655,3401,3356,3155,3107,4142,3833,3493,3196,6722,4881,3913,3453,11392,6341,3999,3441,22.5368,-25.2006,8.60851,47.8833
64656,3453,3872,3874,3758,3877,4995,5652,4141,4014,6021,7094,4604,3826,4328,4703,4049,3.60717,2.72245,8.59882,48.174
64657,4528,7672,8190,4800,4106,5354,5569,4285,3514,3793,3921,3672,3275,3300,3331,3299,-21.7289,1.06357,8.87956,48.406
64658,3508,4164,5563,5701,3423,4238,7424,7479,3333,3792,4776,4801,3173,3496,3647,3751,-9.43272,15.3531,8.83339,48.1793
64659,3893,4420,4432,3935,4370,6771,6434,4240,4017,5426,5445,4006,3713,3957,3852,3560,-3.42605,-0.242375,8.89431,48.314
64660,3231,3388,3900,4010,3365,3592,4873,5793,3490,4063,6367,8371,3331,3853,4768,5791,6.58894,19.0297,8.61671,48.124
64661,3477,3546,3385,3304,3906,4344,4022,3620,5066,7345,5284,3984,5119,6792,5196,3918,13.995,-6.0282,8.60483,48.2053
64662,3420,3418,3290,2995,4323,4002,3430,3258,7406,5478,3874,3576,9680,6244,3993,3412,18.4765,-21.7194,8.61158,47.866
64663,3402,3628,3650,3402,3880,4416,4627,3853,4135,6662,7192,4536,4086,5223,5584,4243,10.2215,1.12311,8.94017,48.346
64664,6721,4782,3766,3326,9985,5254,3866,3366,5646,4370,3697,3369,3892,3824,3374,3173,-8.85372,-31.0281,8.50685,48.274
64665,3787,3991,3832,3400,4594,5891,4700,3596,5024,7545,5338,3864,4197,4811,4131,3571,3.39716,-6.11018,8.63983,48.1813
64666,3999,4215,3690,3439,5185,6305,4187,3587,5791,7296,4608,3594,4383,4704,3901,3454,2.15262,-10.9164,8.77507,48.2253
64667,3054,3237,3353,3444,3260,3363,3771,3991,3465,3697,4907,6359,3423,4095,6481,11650,25.2776,24.6722,8.60226,47.7
64668,3350,3273,3173,3051,4057,3836,3403,3197,6976,4897,3841,3393,11552,6154,3950,3453,22.2005,-25.6061,8.99416,47.704
64669,3382,3349,3230,3172,3963,3840,3416,3200,5976,4767,3762,3356,12707,6236,3877,3391,29.3151,-27.3355,8.51103,47.7493
64670,4733,4317,3633,3297,7591,5806,3979,3431,7118,5529,3860,3415,4543,4159,3678,3337,-0.685051,-19.7901,8.64856,48.284
64671,8302,9437,4947,3557,5156,5260,4102,3509,3833,4016,3618,3294,3407,3412,3283,3168,-26.6549,-13.0346,8.87965,48.2007
64672,12388,6350,3872,3345,5983,4735,3864,3415,3967,3798,3410,3155,3464,3391,3205,3204,-29.9972,-26.4529,8.52245,47.6973
64673,3713,4368,5201,4359,3743,5399,8001,5124,3668,4273,5344,4409,3386,3610,3793,3698,-6.08973,6.16806,8.99622,48.0593
64674,6008,7948,5246,3889,5137,6918,4811,3811,3937,4171,3700,3445,3352,3484,3320,3216,-17.5748,-8.32036,8.90366,48.262
64675,3263,3574,3465,3280,3874,3939,4040,3706,4622,6663,5958,4142,4777,6861,6109,4318,15.7513,-2.01949,8.99493,48.394
64676,4603,6951,7130,4645,4333,5974,6136,4217,3682,3972,3992,3679,3355,3439,3498,3206,-17.6103,-0.000504051,8.83017,48.5413
64677,3386,3919,5893,6841,3511,4081,6541,8137,3369,3613,4314,4785,3130,3379,3678,3611,-11.9763,17.9742,8.9321,48.1253
64678,5003,6852,5325,3946,4939,7498,5401,3843,3938,4370,3965,3516,3498,3545,3397,3305,-14.101,-5.39326,8.86608,48.2273
64679,3527,4411,8033,9342,3466,3907,5443,6183,3114,3588,3998,4034,3118,3243,3328,3333,-22.5609,17.2044,8.74163,48.0453
64680,3229,3502,3386,3392,3534,3838,3943,3754,4057,5234,6315,4538,4283,6333,7920,5187,18.3989,3.41895,8.79939,48.2967
64681,3252,3481,3882,3938,3439,3854,5047,5269,3547,4249,7311,7082,3465,3921,5223,5340,7.10092,15.0739,8.60944,48.2
64682,3362,3630,4049,3838,3678,4570,5966,4430,3847,5331,7692,5009,3753,4192,4692,4284,3.86048,6.08928,8.80429,48.2153
64683,3365,3871,4676,4706,3480,4427,6990,6466,3482,4166,6021,5637,3279,3703,3944,4168,-3.09985,13.6673,8.85613,48.254
64684,3056,3412,3561,3680,3153,3617,4191,5128,3426,3813,5244,9397,3331,3762,5179,7907,12.5403,31.1803,8.54853,47.9047
64685,6639,9485,5574,3892,4973,5679,4394,3734,3787,3859,3643,3347,3363,3356,3300,3193,-23.9952,-9.15645,8.83027,48.1453
64686,9534,5581,3769,3445,8377,5156,3795,3378,4495,4013,3476,3201,3545,3516,3273,3122,-16.6346,-28.3355,8.5107,47.784
64687,7212,6603,4292,3546,7155,6749,4123,3503,4332,4275,3583,3250,3555,3565,3307,3068,-14.8217,-15.8326,8.94829,48.0787
64688,3206,3652,4408,4814,3476,3978,6089,7637,3448,3973,5499,6749,3235,3474,4108,4346,-1.69015,18.8378,8.77619,48.0613
64689,3240,3537,4370,4810,3357,3926,5591,7974,3353,3759,5321,7359,3196,3559,4238,4667,-1.00212,20.9208,8.84037,48.1713
64690,3225,3211,3294,3290,3496,3639,3806,3707,3774,4386,5209,4648,3945,5941,9958,6366,31.8821,7.6556,8.90886,47.93
64691,4011,4667,4524,3823,4380,6788,6371,4348,4087,5351,5081,3939,3557,3963,3844,3449,-4.6642,-0.877923,8.5132,48.122
64692,3928,4662,4880,3982,4223,6490,7138,4551,3806,4968,4992,4007,3487,3766,3666,3561,-6.63408,1.51174,8.75612,48.0713
64693,3463,4024,4850,4453,3787,5009,7703,5369,3619,4369,5797,4769,3393,3706,4014,3862,-3.9538,8.50061,8.84154,48.1247
64694,3355,3457,3150,3131,3906,3793,3434,3134,6429,4907,3773,3381,12115,6552,4011,3419,26.0717,-24.708,8.90516,47.9647
64695,3318,3802,4534,5444,3538,3872,5689,9043,3348,3721,4838,6645,3252,3414,3851,4273,-4.34758,23.0317,8.79917,48.388
64696,3176,3245,3410,3431,3268,3401,3868,4066,3487,3723,4630,5921,3341,3979,5986,12407,32.0636,28.7231,8.61801,47.5593
64697,4234,4067,3558,3297,5936,5716,3911,3459,7091,6801,4087,3443,4854,4559,3893,3380,2.89248,-15.6319,8.7233,48.1907
64698,3236,3453,3942,4228,3411,3684,4683,6756,3379,3929,5320,9294,3235,3570,4414,5424,4.22324,33.5672,8.68179,47.972
64699,3359,3740,4397,4240,3623,4478,6913,5417,3623,4392,6669,5530,3452,3706,4352,4240,-0.358325,10.8112,8.66857,48.0873
64700,3402,3722,3898,3650,3933,4905,5400,4070,4118,6314,7137,4432,3773,4485,4788,4045,5.43715,1.71937,8.53092,48.048
64701,3357,3365,3388,3242,3546,3780,3774,3558,4196,4990,4881,4095,4902,8605,7765,4657,28.2233,-1.31199,8.55151,48.0673
64702,5375,5720,4230,3579,6542,7781,4520,3582,4743,4791,3833,3449,3709,3685,3464,3140,-9.63674,-12.8388,8.96215,48.0953
64703,3492,3723,3286,3156,4907,4241,3655,3264,8986,5661,3888,3396,7906,5521,3843,3273,12.9321,-24.276,8.62286,48.132
64704,3817,5276,8842,6741,3637,4398,6287,5289,3434,3600,3984,3841,3216,3329,3364,3271,-20.738,10.4636,8.9743,48.2173
64705,3381,3384,3222,3062,3893,3729,3575,3235,6276,4828,3793,3334,12569,6263,3815,3272,27.2962,-26.7893,8.92151,47.754
64706,3482,3980,5932,12069,3471,3716,4875,6638,3281,3520,3834,3976,3082,3344,3405,3360,-23.6443,31.4413,8.62144,47.9767
64707,4837,7763,6450,4305,4509,6307,5385,4003,3755,3982,3836,3502,3305,3367,3412,3288,-18.6008,-2.83051,8.84285,48.004
64708,2996,3267,3294,3380,3126,3589,3827,3893,3491,3903,5224,6178,3463,4238,7561,10576,23.8778,19.4395,8.93486,48.004
64709,12280,6487,3926,3347,5988,4878,3749,3343,3891,3610,3469,3216,3418,3345,3196,3130,-28.8828,-25.572,8.63028,47.5153
64710,8238,9242,4690,3477,5445,5319,4080,3516,4046,3820,3565,3316,3387,3480,3355,3218,-33.8753,-13.5408,8.63691,48.1293
64711,3556,3571,3428,3307,4102,4402,3971,3472,5586,7813,4834,3753,5209,6801,4703,3764,13.0417,-8.77544,8.72186,48.1813
64712,3207,3325,3388,3411,3412,3640,3960,3726,3813,4517,6369,5084,3878,5412,9000,6265,20.4916,8.47357,8.82934,48.2713
64713,3299,3683,4563,6215,3443,3814,5375,9944,3266,3650,4398,6095,3155,3391,3788,4018,-6.95414,28.8841,8.8137,48.0647
64714,5697,9383,6310,4068,4662,5531,4605,3844,3663,3923,3690,3367,3270,3405,3342,3231,-23.9777,-5.93315,8.61889,47.994
64715,3393,3444,3466,3243,3696,4023,3895,3622,4433,6047,5518,4055,4940,7614,6679,4393,18.6827,-2.2031,8.60448,48.3073
64716,3099,3233,3432,3447,3266,3545,3974,4081,3499,4330,5877,5771,3570,4644,8333,8044,21.108,14.5366,8.60053,48.0967
64717,3178,3454,3957,4390,3310,3716,4659,6922,3302,3874,5311,9319,3328,3650,4410,5460,3.99631,26.0613,8.71252,48.16
64718,3464,4090,6989,11619,3299,3750,4985,5860,3275,3502,3758,3949,3040,3215,3432,3337,-31.8974,21.8383,8.5054,47.7093
64719,3606,3896,3739,3597,4119,5142,5173,3843,4392,6851,6548,4184,4064,4648,4551,3877,4.78218,-1.00724,8.83562,48.1533
64720,3151,3272,3468,3497,3120,3495,3826,4155,3374,3784,4931,7255,3403,3943,5919,11188,21.2397,28.5956,8.50738,47.854
64721,3354,3696,3521,3435,3756,4308,4356,3747,4333,6370,7088,4529,4117,5585,6154,4478,12.7502,1.60927,8.55252,48.5513
64722,3120,3304,3321,3272,3513,3833,3759,3573,4136,4864,5045,4186,4779,8167,8527,4863,30.5246,0.577899,8.56488,48.1747
64723,7670,5467,3843,3402,9096,5809,3913,3375,4924,4360,3641,3300,3679,3416,3266,3117,-12.4961,-22.7331,8.84879,48.1853
64724,11483,6959,4006,3340,6226,4966,3875,3395,4066,3857,3529,3206,3459,3419,3257,3083,-24.4444,-22.1923,8.95623,48.084
64725,3138,3439,3991,4361,3346,3728,4698,7119,3386,3800,5084,9277,3321,3578,4440,5342,3.68434,30.3331,8.74173,48.032
64726,3231,3191,3451,3326,3204,3578,3739,4031,3318,3671,4753,6392,3344,4051,6196,12401,25.6951,26.821,8.83969,47.918
64727,3013,3108,3504,3431,3270,3493,3760,4229,3391,3879,5036,7592,3462,3890,5751,11345,19.9422,29.3767,8.98495,48.1027
64728,3208,3512,3996,4365,3271,3729,4869,7422,3294,3747,5019,9281,3316,3546,4252,5215,2.87807,29.3625,8.79551,48.028
64729,3172,3217,3331,3496,3304,3354,3842,3983,3412,3817,4724,6616,3406,3932,6053,12181,24.7594,29.3668,8.68924,47.8933
64730,3364,3752,4732,6443,3358,3760,5212,9912,3338,3465,4445,5998,3140,3368,3857,4080,-7.64359,29.9421,8.87918,48.1493
64731,3252,3344,3467,3261,3488,3914,4140,3823,4069,5540,6762,4714,4210,5888,7219,4887,16.1647,3.47351,8.87916,47.9853
64732,3087,3337,3319,3284,3343,3555,3944,3813,3600,4093,5528,5452,3658,4983,9057,8040,24.1795,12.9272,8.70438,48.062
64733,3764,3583,3386,3043,4724,4105,3542,3161,8911,5460,3824,3431,8464,5561,3804,3421,14.2007,-24.2093,8.87611,48.1227
64734,3216,3594,4063,4241,3383,3826,5221,6198,3459,4100,6577,8015,3348,3750,4601,5133,4.14175,18.1149,8.94511,48.4833
64735,12634,6266,3891,3398,6170,4634,3758,3411,3949,3823,3368,3250,3407,3343,3228,3194,-30.6146,-26.6928,8.86821,47.816
64736,3275,3244,3307,3158,4018,3875,3341,3347,6117,4825,3761,3304,12699,5876,3944,3433,25.17,-33.0041,8.91454,47.6827
64737,3229,3318,3261,3378,3462,3668,3799,3683,3708,4549,5220,4724,4099,6244,9743,6148,29.5988,6.55228,8.6237,48.1553
64738,3433,3852,6191,12317,3326,3817,4854,6411,3289,3420,3854,3976,3124,3217,3367,3363,-25.5122,28.1119,8.79502,47.874
64739,3307,3534,3419,3344,3613,3936,3948,3525,4517,6479,5661,4156,4876,7405,6445,4352,17.6673,-2.05754,8.8538,48.3447
64740,3317,3392,3257,3265,3539,3843,3770,3593,4277,5166,5124,4094,4945,8455,7835,4638,24.3359,-0.901772,8.84761,48.34
64741,4531,4038,3449,3165,7597,4752,3754,3460,8873,4941,3789,3296,5158,4328,3614,3286,2.09225,-28.128,8.56842,48.0207
64742,4671,4178,3498,3272,8186,4960,3782,3358,8398,4991,3780,3323,4941,4202,3491,3310,0.308408,-26.5617,8.56829,48.2273
64743,3237,3642,4219,4964,3372,3805,5377,8327,3392,3876,5128,7506,3164,3455,4192,4625,-1.48006,23.0371,8.51655,48.1873
64744,3101,3207,3436,3436,3313,3758,4163,4229,3418,4215,6072,6775,3505,4224,7135,8100,17.7963,16.9718,8.60821,48.058
64745,7188,6309,4221,3514,7375,6586,4132,3541,4577,4359,3628,3297,3527,3587,3388,3147,-14.2941,-17.191,8.52667,48.2507
64746,3567,3656,3392,3245,4331,4257,3799,3307,6274,7643,4416,3664,5906,6652,4626,3637,13.3785,-11.3445,8.77961,48.248
64747,4824,8154,8033,4827,4236,5112,5208,4222,3599,3768,3789,3559,3318,3323,3397,3335,-24.6266,-0.203109,8.79324,48.4693
64748,10060,8127,4326,3407,5591,5169,3896,3508,3943,3845,3580,3216,3365,3363,3258,3043,-27.6268,-17.8792,8.69006,47.798
64749,7048,5037,3739,3318,9586,5658,3765,3340,5425,4361,3636,3282,3872,3671,3419,3078,-9.73637,-24.4536,8.64749,48.1567
64750,3143,3315,3443,3366,3199,3490,3906,4336,3461,3818,5103,7722,3352,3940,6007,10691,19.4103,27.7878,8.71685,48.1947
64751,3070,3161,3368,3414,3064,3458,3932,4047,3406,3711,4844,6856,3316,3992,6142,11885,23.0219,27.9212,8.65915,47.7773
64752,4035,3960,3574,3136,5277,5385,4009,3488,6785,7464,4427,3477,5042,5061,3952,3377,5.68943,-14.0932,8.7131,48.2993
64753,3011,3296,3502,3497,3316,3713,4066,4277,3490,4074,6177,6860,3547,4332,6929,7764,17.0711,16.6978,8.77699,47.9007
64754,12601,6092,3880,3364,6040,4756,3726,3400,3952,3709,3407,3218,3399,3459,3296,3093,-30.5397,-30.1503,8.62164,47.5947
64755,3959,3984,3589,3290,4952,5630,4006,3430,6429,7643,4493,3543,4995,4918,3850,3360,5.18311,-12.8355,8.79378,48.0473
64756,3591,4398,5732,4776,3929,5187,8091,5433,3521,4198,4886,4299,3268,3546,3813,3663,-8.61604,8.27463,8.52141,48.2207
64757,5665,5376,4099,3518,7455,7352,4319,3532,4892,4925,3756,3459,3806,3752,3433,3244,-8.94481,-15.3739,8.80131,48.3887
64758,4301,6054,5929,4456,4218,6729,6684,4372,3681,4191,4343,3742,3468,3499,3568,3404,-13.0454,0.0258107,8.94214,48.426
64759,3689,3596,3206,3139,4946,4140,3532,3225,9060,5601,3866,3392,7967,5148,3799,3380,12.7903,-24.6316,8.65903,47.7907
64760,6275,9853,5941,3886,4653,5137,4480,3782,3733,3790,3647,3441,3297,3464,3261,3193,-31.2598,-7.3088,8.60617,47.8887
64761,10063,7814,4386,3505,5906,5204,3964,3414,3922,3814,3572,3255,3424,3393,3240,3159,-25.1096,-18.4773,8.61397,48.0233
64762,8532,9152,4981,3627,5446,5434,4047,3486,3888,3812,3649,3177,3380,3369,3111,3114,-25.3759,-13.9563,8.98082,48.1367
64763,3200,3266,3518,3571,3323,3707,4121,4455,3461,3998,6325,7400,3537,4240,6459,7730,15.5301,17.828,8.75874,48.2073
64764,4306,4371,3690,3369,5933,6569,4061,3434,5999,6652,4229,3570,4315,4358,3847,3331,0.0104601,-13.0805,8.71845,48.0227
64765,3414,3425,3300,2958,4003,4026,3597,3193,6618,5814,4071,3491,8596,7493,4254,3620,19.4791,-16.9217,8.82824,47.9153
64766,3625,5012,9026,7376,3642,4349,6055,5517,3337,3555,3946,3806,3094,3263,3462,3423,-21.8419,12.045,8.92378,48.3253
64767,3292,3406,3441,3372,3328,3735,4095,3920,3736,4686,6672,5273,3811,5146,8225,6083,18.0515,9.16471,8.80381,48.1473
64768,3458,3428,3329,3171,4198,3960,3483,3169,7285,5153,3927,3458,10435,6278,4013,3356,20.2742,-23.603,8.65076,48.0673
64769,12761,6003,3921,3393,5903,4765,3742,3418,3967,3812,3392,3355,3340,3382,3309,3208,-30.5377,-32.8439,8.97889,47.7807
64770,6043,4605,3712,3263,9587,5567,3824,3331,6121,4536,3675,3342,4188,3819,3331,3210,-6.32983,-24.6501,8.97914,48.1027
64771,12481,6130,3794,3275,6173,4765,3739,3354,3877,3764,3435,3200,3399,3482,3333,3151,-33.4986,-26.9899,8.57989,47.568
64772,4213,5377,5313,4193,4313,6942,6742,4361,3916,4456,4670,3867,3509,3646,3636,3394,-9.68519,0.0467255,8.51712,48.3653
64773,3366,3696,4219,4311,3488,4173,6444,5742,3594,4237,6987,5969,3462,3810,4564,4407,0.915407,12.852,8.86513,48.3127
64774,3183,3352,3430,3291,3565,3792,3723,3615,4045,5096,4881,4117,4810,8129,8294,4632,28.4032,-0.184237,8.69,47.97
64775,3421,3298,3245,3134,3967,3937,3479,3241,6535,5145,3984,3374,10632,6909,4111,3440,22.8582,-20.746,8.70014,47.9013
64776,3165,3253,3426,3411,3529,3693,3902,3841,3754,4778,6221,4812,4049,6030,8992,5875,21.0623,6.55913,8.66037,48.4873
64777,3736,4023,3890,3626,4337,5974,4940,3928,4574,6935,5766,3900,4113,4567,4242,3699,2.37363,-3.27448,8.53013,48.1667
64778,3126,3202,3427,3390,3211,3384,3871,4178,3372,3854,4882,6865,3396,3894,5770,11764,22.45,31.2836,8.65956,47.724
64779,3927,5102,5955,4352,4099,5908,7740,4816,3694,4263,4683,3984,3332,3584,3566,3442,-10.5123,3.5715,8.95402,48.298
64780,7501,5159,3699,3315,9729,5449,3790,3436,5207,4193,3539,3315,3718,3614,3344,3132,-11.1753,-26.7435,8.66726,48.0933
64781,8674,5399,3913,3363,9154,5221,3795,3415,4783,4153,3591,3277,3538,3464,3205,3094,-14.2006,-32.85,8.95873,48.026
64782,3317,3386,3363,3249,3650,3707,3693,3559,4230,5023,4787,4033,4991,8777,7820,4598,30.4098,-1.54494,8.64134,48.122
64783,3374,4374,8395,9548,3340,4069,5208,5622,3342,3505,3784,3882,3071,3276,3335,3499,-33.7902,16.5886,8.94323,47.7493
64784,3386,4004,6185,12351,3317,3811,4855,6545,3265,3428,3811,3879,3070,3250,3333,3307,-25.0256,26.9211,8.92022,47.8647
64785,3345,3941,6151,10289,3315,3940,5241,7452,3323,3480,3979,4377,3150,3167,3424,3372,-19.2874,24.2187,8.871,47.964
64786,3419,3547,3497,3414,3693,4345,4204,3506,4432,6653,6737,4285,4320,5830,5948,4257,12.9774,-0.273221,8.99889,48.058
64787,4520,6058,5410,4096,4643,7210,6218,4194,3844,4399,4284,3641,3484,3539,3432,3343,-12.4361,-2.19099,8.61217,48.21
64788,3644,3522,3381,3087,4736,4142,3580,3248,9078,5159,3955,3352,8754,5436,3836,3322,14.626,-26.5833,8.76302,48.1547
64789,5262,4600,3658,3286,8511,6058,3910,3372,6420,5066,3716,3235,4172,3898,3428,3247,-3.88458,-20.3714,8.93778,47.8927
64790,3151,3370,3769,4203,3263,3761,4742,6212,3426,3924,5974,8974,3348,3703,4663,5785,6.31244,21.9064,8.54157,48.1787
64791,3801,3643,3295,3150,4877,4270,3661,3287,8286,6504,4120,3563,6964,5699,3948,3516,12.209,-18.675,8.97778,48.3893
64792,3240,3482,4033,4570,3321,3667,4687,7627,3340,3709,5080,8805,3269,3545,4321,5179,2.17404,28.8732,8.54425,47.9167
64793,7537,9912,5171,3754,5136,5263,4206,3576,3636,3843,3532,3189,3369,3357,3201,3212,-29.4771,-11.7201,8.82625,47.9293
64794,3144,3416,3457,3245,3681,3798,3797,3537,4310,5608,5034,4205,5298,8544,6938,4433,22.2048,-2.63725,8.68605,48.2967
64795,3270,3859,4883,5946,3357,3911,6343,8895,3303,3723,4637,5708,3220,3426,3787,3941,-7.61275,19.9563,8.85606,48.1393
64796,3392,4112,6541,11986,3327,3848,4949,5818,3208,3505,3733,3956,3059,3234,3345,3349,-30.8958,24.2286,8.5939,47.5747
64797,5865,5449,3851,3489,7523,7028,4188,3496,5040,4768,3706,3396,3823,3785,3384,3205,-8.93474,-15.9368,8.51492,47.9973
64798,3205,3453,3477,3343,3595,3955,4204,3827,4132,5695,7049,4769,4180,5663,6869,4830,14.9212,3.5183,8.67855,48.164
64799,4826,7969,8319,4794,4206,5093,5152,4180,3594,3664,3768,3520,3323,3351,3391,3262,-25.5245,0.340226,8.98199,48.2747
64800,3090,3236,3369,3386,3248,3512,3697,3956,3346,3843,4810,6061,3314,3962,6209,12414,29.0729,26.9643,8.50229,47.6353
64801,3192,3274,3289,3324,3338,3386,3825,3960,3318,3798,4803,6146,3368,3946,6042,12472,26.1596,32.1915,8.75724,47.654
64802,4175,3915,3645,3218,5664,5642,4201,3398,7058,6928,4183,3457,4913,4732,3967,3287,3.73171,-15.3276,8.85551,48.2553
64803,3351,3408,3274,3303,3874,3801,3485,3199,6229,4687,3825,3311,12575,6225,3898,3273,32.6835,-26.3518,8.62246,47.812
64804,3128,3286,3292,3240,3520,3686,3821,3601,3734,4646,5139,4432,4306,7024,9425,5591,28.8733,4.10912,8.844,47.914
64805,3173,3160,3457,3251,3406,3613,3871,3648,3814,4547,5388,4612,4144,6312,9729,5857,25.6042,6.09751,8.84981,47.988
64806,4938,6251,4702,3660,5541,8063,5152,3849,4185,4718,4025,3468,3479,3525,3436,3225,-11.7267,-7.93854,8.95226,48.1447
64807,3079,3286,3394,3303,3182,3453,3936,3924,3494,4003,5138,6382,3447,4313,7187,10157,22.5901,19.8598,8.76654,47.7853
64808,4363,6725,9304,5542,3875,4812,5431,4459,3501,3765,3848,3712,3183,3354,3389,3310,-24.6693,4.6096,8.76588,48.382
64809,6508,7248,4599,3625,5953,6922,4485,3716,4125,4293,3721,3439,3451,3520,3382,3190,-15.7987,-12.2423,8.54137,48.118
64810,3829,3957,3900,3408,4466,6282,5206,3804,4587,7051,5280,3947,4041,4489,4204,3747,1.59962,-3.82997,8.57554,48.132
64811,8151,5242,3763,3432,9192,5216,3929,3344,4897,4262,3552,3209,3755,3602,3339,3134,-12.9576,-27.8796,8.65511,48.0127
64812,3802,5125,9224,7135,3607,4343,5914,5304,3282,3593,3880,3816,3168,3248,3495,3384,-22.3148,10.9992,8.99087,48.2133
64813,3167,3235,3294,3344,3323,3400,3735,3732,3373,3796,4760,5811,3391,3850,5855,12558,31.8984,33.6701,8.8137,47.0827
64814,3957,4084,3767,3258,5262,5910,4031,3507,6265,7489,4453,3568,4645,4779,3803,3414,3.40861,-12.4508,8.97012,48.128
64815,3453,3739,4868,7001,3404,3725,5355,9637,3268,3665,4272,5364,3195,3339,3721,3880,-10.0158,32.0025,8.5721,47.924
64816,3790,3792,3643,3296,5082,5488,4089,3452,6415,7809,4573,3580,4882,5017,4072,3504,5.64797,-12.1218,8.80676,48.3227
64817,3217,3214,3446,3241,3346,3620,3875,4035,3690,4457,6160,5361,3785,5396,8775,6516,20.3953,9.79751,8.85675,48.0893
64818,8099,8565,4688,3704,5678,5734,4160,3507,3945,3948,3570,3189,3398,3352,3307,3083,-21.8965,-13.8447,8.96468,47.9513
64819,3061,3281,3489,3511,3336,3589,4142,4243,3532,4286,6390,6472,3647,4414,7437,7341,17.1845,14.6777,8.88606,48.114
64820,3912,3765,3401,3182,5487,4601,3576,3350,9182,5932,3887,3367,6413,4937,3827,3411,8.77367,-22.0599,8.75168,48.1533
64821,6056,7871,5002,3926,5494,6959,4657,3645,3946,4251,3721,3402,3438,3520,3408,3241,-16.874,-9.86288,8.92163,48.358
64822,3134,3513,3785,3853,3295,3685,4872,5723,3457,3876,6480,8596,3389,3894,4945,5772,7.17015,18.9468,8.8998,48.1793
64823,3946,5806,9913,6440,3781,4392,5397,4770,3257,3805,3854,3742,3180,3372,3352,3421,-31.0986,7.76316,8.56118,48.2853
64824,5128,6666,4813,3867,5406,7827,5278,3903,4150,4496,4018,3519,3451,3630,3373,3248,-12.7512,-7.10112,8.72296,48.5153
64825,3074,3293,3402,3392,3178,3619,3957,3804,3629,4330,5548,5114,3688,5173,9598,7471,25.7965,11.135,8.82455,48.18
64826,3273,3642,4466,5412,3314,3709,5095,9456,3301,3684,4604,7116,3199,3564,3891,4318,-3.41157,30.2875,8.9735,48.0293
64827,3421,3957,6659,12092,3410,3763,4902,6071,3171,3456,3733,3972,3099,3291,3384,3305,-30.76,24.4966,8.80767,47.7907
64828,7848,8784,4822,3668,5668,5887,4117,3506,3972,3811,3602,3247,3408,3505,3263,3156,-22.3132,-13.384,8.9175,48.176
64829,5646,8377,5300,3911,5228,6699,4815,3901,3826,3945,3666,3396,3373,3476,3334,3191,-18.1548,-7.78943,8.94097,48.056
64830,6585,9106,5281,3846,5110,6066,4481,3823,3918,3918,3721,3390,3296,3349,3206,3145,-21.3636,-9.93683,8.97058,48.1607
64831,4296,7147,9106,5385,4019,4770,5268,4429,3443,3692,3832,3623,3184,3207,3404,3335,-26.4246,3.4343,8.55156,48.0933
64832,3439,3391,3302,3014,3939,3779,3416,3285,6091,5076,3872,3376,10870,7427,4114,3478,26.0833,-20.2425,8.90103,47.9127
64833,3390,3404,3329,3137,4062,3782,3448,3145,6049,4731,3624,3378,12580,6029,3870,3341,33.9711,-27.8077,8.91859,47.5327
64834,3263,3361,3760,4169,3295,3786,4650,6340,3333,3972,5906,9372,3237,3657,4688,5662,5.8698,22.5433,8.99389,48.3007
64835,3310,3446,3700,3520,3499,4193,4834,4236,3946,5368,8251,5151,3709,4574,5813,4645,9.50666,6.19914,8.80783,48.13
64836,3657,4758,8942,8106,3503,4133,5555,5415,3274,3630,3824,3922,3114,3208,3406,3330,-23.6345,13.4119,8.81509,47.8513
64837,6605,9870,5581,3774,4855,5221,4328,3752,3721,3790,3619,3463,3371,3462,3232,3143,-31.0159,-9.20177,8.5988,47.858
64838,5689,4445,3651,3295,9420,5482,3867,3515,6712,4710,3690,3274,4134,3817,3427,3155,-4.92227,-25.6969,8.71229,48.1887
64839,3406,3845,5019,5700,3496,4093,6803,8046,3361,3921,4895,5303,3267,3506,3835,3938,-7.61502,17.6036,8.62443,48.2893
64840,3203,3213,3295,3293,3290,3585,3760,3914,3414,4164,5078,5307,3627,4717,9030,8732,30.5637,14.4142,8.90341,47.748
64841,3824,5646,9965,6705,3718,4394,5177,4858,3358,3632,3811,3781,3151,3343,3386,3340,-32.5588,9.17791,8.83288,48.0593
64842,10756,7367,4183,3471,6209,5083,3870,3364,3944,3829,3461,3160,3350,3367,3194,2979,-24.0998,-20.3455,8.83778,47.7247
64843,3293,4067,6661,8998,3407,4063,5599,7420,3228,3525,3979,4390,3063,3265,3349,3573,-17.8068,20.0913,8.81958,47.92
64844,3645,4326,8376,9763,3430,4100,5257,5432,3370,3506,3807,3999,3127,3202,3334,3508,-33.2949,16.9279,8.64553,48.1213
64845,12401,5923,3850,3418,6355,4806,3744,3367,4041,3824,3437,3166,3449,3313,3234,3147,-24.966,-32.0724,8.91789,47.65
64846,3868,3842,3361,3080,6004,4387,3744,3307,9781,5202,3805,3363,6451,4712,3705,3374,7.60612,-31.6147,8.63975,47.9907
64847,3392,3916,5843,11579,3402,3808,5045,7126,3175,3529,3833,4108,3023,3280,3377,3444,-21.8421,28.477,8.7022,47.92
64848,3211,3488,3623,3452,3492,3900,4562,4139,3800,5021,8217,5505,3775,4733,6514,5122,11.8844,8.2808,8.87993,48.3693
64849,3371,3936,5948,12678,3447,3773,4761,6081,3314,3389,3805,3963,3036,3262,3306,3334,-28.9242,29.8179,8.85583,47.6027
64850,3449,3787,4212,4015,3722,4701,6435,4823,3710,4876,7410,5162,3447,4121,4624,4081,1.95772,7.49166,8.68291,48.3833
64851,3584,4119,4680,4115,3833,5270,7475,5126,3660,4603,6207,4589,3379,3751,4087,3769,-3.08428,6.64701,8.94106,48.1647
64852,3218,3286,3288,3230,3895,3763,3464,3168,6152,4805,3818,3350,12442,6133,4102,3386,27.5784,-33.5297,8.6334,47.6667
64853,3173,3262,3553,3701,3268,3620,4275,5042,3408,3862,5214,9587,3372,3750,5032,7774,11.9541,31.702,8.92955,47.9287
64854,3556,3812,3658,3517,3811,4831,4673,3895,4251,7025,6845,4266,4110,5137,5019,4042,8.14691,-0.306667,8.91758,48.2987
64855,3209,3441,3962,4278,3394,3787,4873,6607,3373,3911,5938,8563,3321,3632,4685,5416,4.09243,22.0407,8.91464,48.26
64856,3282,3409,3510,3442,3659,3993,4164,3794,3972,5422,6727,4713,4234,5937,7214,4991,16.1085,4.04195,8.60486,48.3087
64857,3055,3261,3433,3528,3187,3501,4037,4314,3484,3942,5365,7118,3362,4008,6595,9946,19.5341,22.0531,8.52986,48.0907
64858,3161,3284,3370,3279,3372,3633,3836,3793,3801,4402,5341,4994,3729,5365,9970,7282,28.3969,10.5325,8.91806,48.408
64859,3303,3721,4209,4324,3576,4200,6552,5656,3572,4346,6910,5968,3331,3747,4439,4400,0.865318,12.6806,8.80235,48.1693
64860,11725,6850,4148,3363,5853,4947,3861,3388,3854,3725,3440,3268,3449,3459,3184,3189,-30.8801,-22.5215,8.6958,47.802
64861,3147,3242,3404,3405,3212,3481,3809,4308,3403,3887,4978,7266,3507,3965,5916,11002,20.4197,33.8491,8.68594,47.9547
64862,3161,3157,3455,3395,3211,3429,3775,3975,3314,3735,4729,6586,3418,4053,6075,12143,25.0622,28.0297,8.51674,47.7407
64863,3341,3363,3387,3186,3706,3967,3785,3508,4432,5921,5401,4051,5121,8154,6610,4339,19.847,-3.11058,8.86796,48.1813
64864,3714,3614,3359,3157,4826,4619,3639,3407,7599,7043,4151,3526,6131,5603,3979,3473,10.464,-16.5377,8.80151,47.8933
64865,4297,4523,3976,3504,5327,7511,4732,3815,4882,6368,4505,3787,3866,4106,3732,3437,-1.95067,-8.32797,8.82244,48.2453
64866,3558,4260,6132,5723,3630,4548,7740,6538,3440,3759,4757,4557,3272,3391,3668,3660,-11.1718,12.8811,8.81934,48.422
64867,12647,6080,3926,3375,5945,4688,3798,3405,3804,3795,3464,3280,3395,3446,3163,3253,-30.3856,-32.9301,8.7328,47.6427
64868,4408,4058,3510,3192,6951,4643,3743,3426,9231,4927,3836,3361,5323,4487,3657,3244,3.58863,-31.89,8.506,47.998
64869,6824,4914,3766,3281,9688,5520,3761,3377,5647,4354,3666,3244,3888,3735,3298,3136,-9.057,-24.6938,8.75983,48.066
64870,3366,3318,3316,3077,3801,3756,3555,3234,5589,5073,4037,3463,9695,8502,4465,3548,27.252,-16.646,8.98362,47.8633
64871,3512,3349,3111,3081,3895,3763,3510,3231,5996,5127,3867,3409,10836,7502,4258,3580,26.739,-20.2404,8.53113,48.018
64872,4136,6411,9643,5908,3846,4635,5166,4510,3481,3689,3836,3593,3251,3290,3366,3284,-28.9548,5.85611,8.75015,48.03
64873,5375,5488,4059,3479,6625,7720,4460,3574,4798,5064,3860,3486,3832,3774,3443,3132,-8.40265,-13.099,8.75884,48.1127
64874,3204,3380,4058,4276,3435,3773,5378,6453,3350,4065,6318,8049,3338,3762,4433,5137,3.1743,18.8725,8.96477,48.2727
64875,3362,4267,7727,10673,3377,3877,5140,6081,3235,3592,3819,3893,3060,3140,3499,3402,-24.8421,19.5893,8.89013,48.096
64876,9321,8015,4463,3527,6135,5384,4078,3318,4097,3838,3592,3224,3465,3351,3192,3088,-22.358,-17.2513,8.90712,48.0587
64877,3101,3246,3333,3287,3213,3554,3833,4023,3424,3905,5170,5834,3600,4318,7877,10208,26.0205,18.39,8.9085,47.9507
64878,3780,4122,3917,3587,4351,6074,5357,3953,4498,6845,5688,4077,3953,4409,4161,3792,1.6995,-2.79814,8.72967,48.376
64879,3272,3413,3377,3123,3753,3835,3710,3319,5040,5916,4448,3694,6714,9424,5268,3877,22.7527,-9.68346,8.6418,48.122
64880,12479,6131,3917,3337,6320,4808,3737,3339,3958,3731,3376,3342,3439,3278,3276,3099,-26.5978,-26.9338,8.96952,47.7113
64881,3463,3818,4713,4711,3529,4451,7246,6363,3492,4194,6017,5505,3287,3591,4160,4219,-3.00763,13.4286,8.61387,48.506
64882,9744,8018,4374,3454,5927,5299,4030,3448,3996,3837,3536,3244,3383,3405,3222,3065,-24.2614,-17.5937,8.6162,47.988
64883,3091,3176,3450,3384,3164,3476,3805,3987,3354,3816,4774,5983,3399,3858,6294,12542,32.3755,25.9655,8.78516,47.702
64884,3077,3207,3280,3421,3298,3444,3742,3908,3649,4145,5414,5418,3651,4892,9158,8263,25.52,13.5529,8.91041,47.978
64885,7236,4907,3770,3297,9853,5500,3896,3420,5233,4261,3680,3242,3865,3633,3318,3178,-10.4568,-26.9102,8.79816,48.1927
64886,3772,3654,3342,3139,5158,4491,3605,3271,8765,6257,3865,3376,6796,5319,3857,3373,10.3243,-20.382,8.5592,48.0267
64887,3835,3807,3411,3166,4807,4686,3815,3445,7292,7314,4306,3548,5845,5598,4110,3554,9.49261,-15.2167,8.51785,48.3593
64888,11005,7380,4168,3516,6053,4991,3977,3359,3877,3905,3513,3130,3351,3351,3184,3091,-26.9263,-20.3899,8.83553,47.9007
64889,3921,4438,4352,3772,4497,6732,6187,4127,4137,5754,5365,3869,3692,3922,4068,3627,-2.66176,-1.34119,8.92868,48.3067
64890,3328,3474,3472,3417,3877,4342,4155,3747,4368,6748,6377,4455,4288,5955,5868,4303,13.121,-0.342322,8.91851,48.116
64891,4463,6858,7078,4682,4220,5824,6185,4362,3615,3921,3976,3712,3261,3478,3284,3325,-17.6572,0.874367,8.9556,48.1627
64892,8321,5520,3905,3258,9102,5401,3843,3399,4764,4166,3498,3248,3634,3650,3366,3112,-13.9302,-25.2724,8.942,48.1247
64893,3719,4769,6451,5023,3750,5036,7836,5403,3536,4019,4676,4075,3204,3445,3555,3460,-11.8153,7.88868,8.70513,47.9713
64894,3215,3326,3391,3242,3606,3947,3710,3471,4663,5896,4924,3953,5384,9013,6322,4222,21.5241,-4.90422,8.9963,48.19
64895,5740,4539,3689,3373,9706,5222,3826,3294,6576,4423,3529,3310,4121,3888,3381,3145,-5.47365,-27.2235,8.80476,47.8413
64896,4075,3774,3328,3209,6158,4557,3546,3270,9668,5212,3783,3410,6273,4577,3759,3325,6.74753,-27.6694,8.55171,47.9493
64897,7417,5094,3838,3298,9682,5351,3785,3347,5257,4218,3611,3270,3758,3673,3314,3193,-11.1673,-27.5706,8.62287,48.0707
64898,3428,3971,5762,11544,3401,3891,4835,7060,3234,3548,3885,4044,3056,3277,3404,3312,-21.6476,33.1212,8.69563,47.768
64899,4628,7855,8997,4955,4071,4801,5053,4279,3520,3720,3732,3544,3224,3343,3337,3212,-28.4028,1.79324,8.75654,48.1807
64900,3770,5202,9620,7768,3611,4289,5201,5138,3270,3613,3837,3666,3184,3245,3429,3341,-28.8633,11.4564,8.58831,48.1227
64901,6008,4576,3740,3321,9923,5094,3830,3438,6318,4580,3560,3326,4018,3776,3435,3100,-6.4176,-30.9155,8.87198,48.0287
64902,3408,3950,5656,10123,3393,3862,5131,7877,3319,3493,3948,4193,3110,3251,3405,3495,-18.3762,32.8395,8.72897,47.7427
64903,3310,3461,4237,5148,3302,3669,5223,8928,3311,3633,4863,7771,3097,3592,4049,4549,-1.99669,27.2225,8.86553,48.0953
64904,3461,3653,3487,3173,4072,4741,4184,3601,5227,7817,5430,3783,4884,6032,4607,3761,10.8961,-6.64877,8.70453,47.942
64905,5466,8841,7003,4324,4516,5498,4900,3984,3528,3790,3708,3509,3225,3326,3298,3127,-24.3067,-3.40235,8.775,48.0287
64906,9570,8568,4537,3520,5502,5187,4116,3502,3777,3834,3634,3340,3363,3408,3166,3193,-29.419,-16.4286,8.78882,48.1447
64907,3294,3390,3277,3206,3922,3841,3634,3365,5127,5806,4404,3598,6859,9218,5360,3648,22.6487,-10.4084,8.73103,47.966
64908,9276,5283,3826,3416,8672,5173,3879,3341,4540,4090,3634,3315,3515,3478,3204,3114,-15.7961,-32.6687,8.94035,47.8373
64909,8295,9501,4936,3619,5232,5170,4210,3544,3768,3823,3548,3268,3277,3358,3186,3113,-30.765,-12.9556,8.76435,47.8987
64910,3378,3360,3293,3091,4013,3907,3444,3224,5964,4838,3714,3354,12380,6807,3986,3263,27.9731,-24.1397,8.92159,48.0107
64911,4489,7002,7384,4701,4288,5803,6053,4496,3605,3933,3892,3552,3313,3387,3399,3163,-18.4835,0.882012,8.8367,48.3067
64912,3433,3835,4345,4222,3681,4504,6821,5653,3603,4384,6744,5581,3394,3637,4347,4140,-0.031355,11.8252,8.69014,48.216
64913,3199,3274,3341,3454,3311,3659,3760,3704,3851,4541,5171,4854,4045,6022,10057,6221,31.9533,7.47522,8.8753,48.3093
64914,3328,3556,3397,3316,3960,4400,3988,3597,4808,7397,5388,3888,4880,6934,5340,3983,14.3422,-5.34142,8.66451,48.1067
64915,3874,3821,3504,3264,5146,5054,3811,3393,7155,7381,4354,3482,5272,5035,3881,3467,7.0191,-14.9994,8.73823,47.9293
64916,3373,3371,3218,3163,3865,3797,3519,3241,6331,4829,3818,3345,12597,6095,3921,3439,26.6258,-29.3778,8.66287,47.948
64917,11082,7745,4122,3289,5704,4995,3941,3429,3854,3898,3477,3310,3324,3354,3160,3108,-31.6646,-20.0451,8.91952,47.8613
64918,3399,4177,6655,7547,3491,4232,6304,7344,3297,3716,4180,4461,3097,3279,3572,3499,-15.5782,17.623,8.91916,48.1667
64919,3209,3684,4596,6123,3379,3788,5362,9783,3324,3547,4515,6452,3165,3416,3752,4110,-6.41533,27.4559,8.92083,48.1367
64920,3331,3809,5594,10653,3373,3796,5112,7598,3227,3460,3976,4346,3144,3137,3433,3613,-19.3223,30.7363,8.72691,47.7347
64921,6813,9660,5450,3960,5033,5770,4409,3660,3734,3834,3537,3391,3350,3352,3328,3108,-23.2167,-9.3544,8.87463,48.2593
64922,3325,3335,3088,3108,3891,3855,3401,3263,6405,4758,3880,3434,12223,6080,3933,3425,24.8431,-33.8154,8.75753,47.6027
64923,3277,3391,3311,3235,3659,3978,3847,3543,4593,6178,5101,3915,5275,8246,6176,4199,19.9906,-4.6234,8.50276,47.9493
64924,3200,3247,3562,3483,3317,3597,4053,4221,3578,4211,6315,6229,3519,4398,7834,7439,18.1824,14.4963,8.81341,48.1353
64925,3368,3267,3352,3119,3850,3731,3607,3280,5230,5662,4219,3628,7663,9251,5075,3744,23.9402,-12.1749,8.88674,48.0307
64926,4042,5483,8582,5927,3795,4749,6436,4861,3494,3741,4075,3811,3208,3376,3360,3364,-19.3238,7.62513,8.71461,48.2027
64927,3368,3814,5254,8277,3443,3914,5309,9164,3319,3543,4064,4886,3078,3180,3600,3733,-13.2647,27.1037,8.75308,47.964
64928,4853,8530,7992,4687,4172,4904,4843,4106,3552,3875,3727,3520,3221,3388,3321,3380,-32.6451,-1.12988,8.75288,48.0473
64929,3248,3489,3565,3577,3377,3881,4368,4156,3714,4679,7758,6065,3685,4514,6821,5697,13.6345,10.6057,8.85736,48.396
64930,3433,3324,3317,2978,4093,3907,3442,3137,6935,4900,3868,3311,11811,5961,3826,3471,22.6779,-28.1814,8.63504,47.8093
64931,3854,5100,8369,6226,3709,4555,6606,5494,3422,3652,3963,4052,3265,3310,3424,3475,-18.7492,10.2083,8.52109,48.3173
64932,4333,5350,4878,3858,4685,7402,6053,4137,4042,5130,4601,3705,3641,3669,3645,3433,-7.41341,-3.03369,8.66447,48.3747
64933,3259,3741,5081,6270,3354,3966,5959,9072,3287,3726,4646,5641,3130,3388,3711,3851,-8.1537,21.3019,8.5594,48.0547
64934,3406,4027,6144,12571,3380,3713,4761,6216,3242,3399,3822,3905,3159,3245,3347,3390,-27.0017,27.504,8.69105,47.818
64935,9526,5545,3890,3378,8655,5139,3805,3415,4504,4013,3508,3365,3522,3423,3279,3069,-16.3306,-29.1821,8.62162,48.024
64936,3335,3349,3410,3183,3772,3788,3669,3489,4618,5092,4557,3880,5744,9683,6391,4136,33.0736,-5.67851,8.65958,48.064
64937,4218,6008,7292,4911,4033,5473,6815,4651,3647,3977,4174,3742,3227,3400,3450,3340,-16.4052,3.29808,8.96565,48.2387
64938,3115,3239,3434,3361,3304,3533,3846,3937,3388,3856,4609,6226,3399,4010,6192,12418,25.9916,29.1922,8.71563,47.9113
64939,3080,3374,3462,3499,3191,3513,3920,4181,3297,3747,5108,7431,3355,3903,5751,11135,20.7891,28.7432,8.50684,47.9647
64940,4399,6082,5805,4352,4395,6846,6525,4290,3791,4280,4347,3653,3377,3616,3526,3291,-13.2157,-0.624773,8.61013,48.3833
64941,3184,3096,3411,3450,3250,3526,3700,3806,3367,3676,4733,6162,3448,3977,6053,12654,27.7332,32.4955,8.82787,47.662
64942,4405,4331,3649,3342,6458,6362,4102,3421,6429,6346,4086,3488,4588,4358,3697,3359,0.0853287,-15.1862,8.72216,48.2807
64943,3016,3234,3366,3308,3249,3447,3761,3932,3348,3688,4913,6585,3413,3900,6308,12240,25.1093,26.8309,8.52433,47.8053
64944,3152,3321,3600,3773,3262,3615,4350,5339,3420,3852,5083,9953,3185,3833,5020,7503,10.7045,28.064,8.97874,48.174
64945,4789,5147,4006,3398,6377,7959,4458,3507,4925,5478,4136,3477,3997,3863,3473,3309,-5.86573,-11.874,8.80402,48.1993
64946,6174,4907,3764,3312,8997,6035,4022,3452,5737,4636,3599,3259,3966,3743,3476,3134,-8.00967,-21.5366,8.6321,48.142
64947,5285,4734,3726,3355,7989,6658,3984,3376,5901,5154,3773,3298,4082,3944,3458,3228,-5.12426,-18.2562,8.76735,47.9633
64948,3196,3231,3498,3403,3175,3503,3928,4276,3431,3868,4980,7220,3416,4036,6349,10782,20.6798,24.1107,8.8914,48.1947
64949,3240,3458,4001,4127,3407,3768,5161,6177,3533,4018,6224,8331,3311,3721,4563,5378,4.38952,19.3635,8.72531,48.2787
64950,5202,9037,7204,4295,4362,5083,4849,3928,3588,3901,3660,3480,3330,3334,3352,3275,-33.4591,-3.13507,8.70436,47.92
64951,4773,4132,3495,3246,7987,5111,3767,3305,8112,5370,3991,3377,4855,4301,3581,3316,0.34385,-22.9232,8.91253,48.4793
64952,8072,8118,4448,3567,6153,5919,4051,3566,4177,3919,3559,3280,3421,3420,3341,3136,-20.0816,-14.8157,8.99809,48.098
64953,9316,7529,4234,3462,6531,5593,3937,3455,4191,3965,3524,3273,3441,3448,3252,3048,-20.9852,-18.202,8.74239,48.1327
64954,3341,3776,5113,8261,3349,3829,5257,9137,3260,3488,4224,4905,3167,3247,3571,3689,-12.8682,28.0921,8.74073,47.7427
64955,3501,4261,7870,10342,3435,4016,5084,5714,3226,3528,3792,3953,3069,3279,3288,3392,-27.559,18.6365,8.58862,47.8333
64956,3417,3827,4367,4479,3590,4240,6876,5961,3549,4334,6463,5790,3362,3611,4216,4417,-0.653477,12.5172,8.71937,48.3327
64957,3760,3690,3400,3209,5553,4408,3664,3305,10010,5149,3811,3374,6911,4915,3635,3483,9.76907,-30.749,8.74689,48.1847
64958,3383,3364,3190,3235,3990,3827,3404,3316,6147,4670,3872,3371,12644,6112,3961,3356,26.6599,-32.6701,8.97993,47.8947
64959,3166,3387,3588,3595,3534,3759,4345,4021,3767,4883,7373,5438,3812,5081,7373,5453,15.2528,8.14691,8.6425,48.3833
64960,4208,4068,3598,3347,5837,5822,4087,3468,6780,6852,4162,3529,4692,4628,3912,3312,3.09165,-14.9262,8.9256,48.2013
64961,5731,9859,6667,4148,4547,5124,4692,3760,3675,3719,3686,3355,3356,3387,3326,3221,-32.5618,-5.31236,8.98587,48.1687
64962,6737,9319,5490,3989,4998,5736,4247,3665,3860,3890,3649,3422,3282,3405,3269,3162,-23.1904,-9.48876,8.62716,48.08
64963,8742,6178,4175,3436,7978,5764,3916,3446,4394,4055,3505,3213,3654,3454,3232,2987,-16.448,-20.2541,8.85632,48.086
64964,3104,3258,3434,3270,3301,3547,3929,3866,3472,4099,5240,5301,3592,4677,8856,8740,25.9382,14.9088,8.93983,47.7907
64965,3290,3714,4553,6020,3384,3849,5184,9845,3262,3664,4573,6100,3302,3457,3813,3975,-6.76866,33.6673,8.90302,47.99
64966,3190,3356,3801,3854,3304,3724,4614,5446,3472,3842,5819,9202,3396,3748,5038,6434,8.83085,22.3922,8.62337,48.16
64967,3117,3084,3294,3386,3294,3535,3934,4150,3413,3852,5229,6855,3468,4232,6697,10620,21.4746,21.9061,8.77354,48.1067
64968,3128,3181,3489,3396,3202,3459,3931,4201,3470,3865,5086,7012,3496,4020,6244,11258,21.8253,25.2944,8.53943,48.292
64969,4598,4718,3966,3425,5950,7727,4585,3695,5016,5998,4268,3477,4024,4011,3687,3258,-3.82236,-10.5122,8.7618,48.2687
64970,3106,3355,3364,3230,3176,3529,3743,4035,3351,3710,4825,6319,3467,3907,6087,12602,27.7625,27.3854,8.84175,47.8707
64971,3252,3339,3177,3192,3798,3820,3604,3379,4692,5265,4558,3854,6170,9917,6233,3967,28.8991,-6.81416,8.80227,48.1447
64972,3166,3347,3844,4167,3350,3563,4436,6405,3339,3765,5266,9661,3242,3685,4654,5940,6.17427,28.9198,8.68075,47.8867
64973,3314,3976,5556,9428,3460,3953,5162,8731,3179,3492,3975,4511,3072,3221,3566,3628,-16.146,30.1277,8.76431,48.1493
64974,3840,4226,3806,3414,4573,6281,4829,3799,4905,7165,5259,3860,4090,4515,4163,3688,2.16872,-5.40601,8.57586,48.2753
64975,5281,6112,4425,3581,6077,7787,4797,3583,4440,4807,3818,3505,3627,3671,3479,3282,-10.3518,-10.9927,8.53126,48.1813
64976,3270,3300,3277,3295,3708,3818,3774,3591,4306,5405,5061,4016,4993,8577,7449,4583,23.9708,-1.59222,8.62721,48.282
64977,4691,4037,3579,3295,8160,4851,3774,3230,8616,4948,3670,3317,4810,4325,3500,3264,0.353362,-29.3721,8.80108,48.0447
64978,3311,3716,4933,7433,3420,3894,5287,9697,3376,3571,4094,5319,3011,3358,3695,3723,-11.0845,27.9974,8.93018,47.892
64979,3866,4655,5499,4449,3946,5791,7798,4914,3557,4315,5156,4187,3487,3505,3702,3571,-8.70725,4.57113,8.97135,48.2653
64980,4810,8578,7779,4457,4190,5083,4971,4206,3529,3682,3738,3509,3301,3404,3347,3239,-33.5233,-1.26881,8.78104,47.882
64981,6182,5539,4014,3579,7861,6900,4172,3370,4963,4692,3680,3299,3776,3791,3314,3207,-10.4131,-17.1847,8.62046,48.226
64982,3523,4417,8044,9164,3551,4099,5425,5898,3229,3584,3936,4004,3071,3152,3516,3510,-23.3748,16.8261,8.64474,48.082
64983,3308,3812,5042,7273,3297,3767,5133,9843,3290,3601,4236,5473,3083,3347,3628,3799,-10.2874,30.1247,8.63471,47.9547
64984,4125,5856,7573,5153,4004,5250,6651,4708,3476,3935,4231,3897,3202,3504,3503,3402,-17.2645,4.51268,8.57178,48.3133
64985,3384,3607,3925,3842,3653,4404,6155,4878,3611,4889,7695,5603,3526,4028,4776,4450,3.55504,9.42003,8.7654,48.284
64986,11240,6393,4004,3384,6977,5037,3807,3398,4197,3938,3398,3224,3433,3387,3252,3070,-21.7631,-24.3718,8.90049,48.0927
64987,3454,3355,3251,3030,4046,3805,3580,3268,6682,5164,3937,3355,10771,6727,4157,3510,21.9745,-22.111,8.6259,48.0613
64988,4226,6514,8397,5208,3964,5263,6148,4611,3483,3856,4024,3612,3269,3362,3373,3298,-20.0128,3.85298,8.83295,48.4053
64989,3273,4004,6747,11618,3290,3852,4994,6323,3216,3508,3857,3892,3078,3214,3416,3358,-24.6627,22.9719,8.86947,47.76
64990,3345,3862,5685,12492,3418,3720,4724,5945,3270,3353,3681,3928,3246,3374,3374,3486,-33.9456,32.5643,8.88822,47.2687
64991,3696,3584,3418,3107,5278,4279,3716,3228,9288,5748,3943,3364,6952,5196,3836,3304,10.9127,-22.8934,8.93181,47.958
64992,3578,3992,3972,3632,3964,5292,5569,4156,4127,6306,6749,4438,3829,4371,4572,3976,3.07504,1.28007,8.89053,48.3487
64993,8170,6882,4266,3448,6991,5952,3980,3542,4316,4131,3632,3230,3576,3524,3355,3168,-16.969,-17.7714,8.7109,48.1087
64994,4373,4564,3837,3519,6148,6830,4210,3486,5738,6227,4236,3535,4310,4266,3734,3306,-1.32723,-12.9775,8.61791,48.2127
64995,3178,3251,3404,3379,3190,3392,3809,4005,3317,3821,4841,6352,3319,3986,6222,12319,26.5772,29.6368,8.65698,47.8567
64996,3701,4860,8674,8037,3488,4160,5476,5564,3334,3558,3928,3888,3147,3273,3478,3396,-23.7845,13.9076,8.64588,47.9747
64997,3620,4143,5354,4959,3599,4792,8082,6043,3413,3947,5118,4581,3270,3603,3830,3866,-7.90981,10.8576,8.82282,48.1467
64998,12417,6099,3821,3411,6435,4759,3688,3455,3888,3779,3356,3209,3222,3356,3162,3099,-25.9275,-31.1679,8.72198,47.4373
64999,3673,4075,4256,3852,3930,5410,6670,4440,3938,5423,6522,4481,3555,3998,4327,3794,-0.142045,3.39762,8.71068,48.2293
65000,4087,5856,9237,5918,3934,4731,6001,4813,3386,3723,3971,3764,3131,3339,3264,3320,-21.5292,6.57492,8.86401,48.3167
65001,3544,3996,5874,11836,3439,3758,4848,6889,3259,3388,3759,4037,3106,3169,3302,3435,-22.7651,32.4373,8.51566,47.7593
65002,4280,4071,3389,3190,7012,4662,3573,3353,9192,5113,3799,3453,5484,4413,3753,3346,3.78921,-30.1584,8.55874,48.0553
65003,4025,6056,9118,5877,3726,4743,5906,4768,3533,3641,3913,3757,3259,3365,3346,3290,-22.6559,6.48152,8.9368,48.2153
65004,3422,3980,6194,11437,3334,3775,4923,7122,3189,3415,3795,4141,3172,3166,3327,3375,-21.4597,25.4468,8.79209,47.8447
65005,3504,4085,7531,11229,3321,3888,5004,5757,3275,3302,3820,3859,3183,3236,3360,3310,-32.3708,20.413,8.80625,47.776
65006,3249,3471,3865,4214,3331,3610,4656,6577,3434,3787,5185,9403,3371,3740,4454,5541,4.46367,32.6265,8.57134,47.9253
65007,4818,7677,7347,4621,4257,5645,5423,4187,3606,3846,3826,3616,3282,3378,3372,3190,-21.071,-0.915426,8.63574,48.0607
65008,3552,3747,3923,3731,3930,5016,5595,4217,3992,6019,7230,4605,3749,4403,4769,3991,4.19111,2.49957,8.51121,48.3127
65009,3483,3946,6228,12253,3143,3734,4709,6178,3347,3543,3917,3900,3066,3176,3476,3436,-33.694,25.7978,8.59326,47.69
65010,3464,3898,5436,9472,3376,3802,5169,8486,3240,3482,4118,4531,3165,3228,3362,3503,-16.3656,30.3265,8.56463,47.8213
65011,6530,5000,3769,3469,9410,5655,3877,3341,5806,4563,3625,3395,4039,3642,3443,3171,-8.41243,-23.9368,8.51595,48.49
65012,3207,3283,3381,3344,3379,3639,3854,3851,3673,4295,5259,4943,3748,5415,9670,7300,31.3875,10.4221,8.59856,48.1607
65013,3493,3486,3339,3003,4404,4057,3584,3242,7121,5687,4013,3465,8832,6739,4201,3534,17.8359,-19.2734,8.55907,48.1333
65014,3430,4329,7427,8631,3498,4036,5870,6472,3185,3526,4059,4167,3031,3279,3490,3484,-19.2298,17.0588,8.83519,47.9427
65015,3371,3598,4130,4672,3394,3927,5469,7187,3437,3961,5830,7478,3239,3598,4371,4720,0.609367,19.2584,8.63604,48.2547
65016,3330,3277,3273,3186,3712,3870,3615,3396,4747,5252,4522,3743,6039,10089,6043,3938,32.8824,-6.897,8.73675,48.0213
65017,3878,4001,3928,3587,4393,6174,5009,3762,4633,7199,5638,4005,4045,4553,4204,3672,2.46451,-4.022,8.88843,48.454
65018,3548,4167,5540,5126,3661,4563,8140,6318,3465,3993,5160,4606,3244,3485,3807,3795,-8.20952,11.4822,8.94675,48.412
65019,3087,3133,3443,3479,3403,3535,3991,4336,3387,3855,5487,8030,3433,3977,5987,9507,17.3096,22.924,8.58608,48.0467
65020,3220,3328,3545,3687,3337,3553,4111,4713,3306,3882,5295,8713,3397,3912,5421,8925,15.1265,27.2136,8.50155,48.23
65021,3199,3618,4079,4308,3435,3919,5459,5936,3522,4141,6574,7297,3331,3828,4568,4843,3.28978,16.5887,8.66854,48.038
65022,3355,3436,3349,3255,3659,3848,3648,3486,4413,5026,4686,3954,5488,9533,6716,4094,32.8751,-4.27793,8.78374,47.964
65023,4569,4116,3400,3223,7357,4866,3745,3303,9106,5199,3727,3346,4955,4233,3573,3173,1.89482,-27.0227,8.89846,47.9273
65024,3355,3670,4623,5855,3452,4020,5979,9226,3228,3775,4787,5910,3122,3435,3874,3932,-6.74776,21.851,8.90667,48.162
65025,4903,4545,3781,3417,7286,6625,4212,3515,6162,5398,3893,3402,4240,4115,3587,3210,-3.27468,-16.6404,8.5987,48.194
65026,3516,3886,6082,12220,3454,3751,4815,6457,3268,3408,3855,3881,3064,3237,3385,3337,-25.5679,30.6296,8.61325,47.744
65027,3345,3576,3707,3614,3458,4135,5133,4414,3798,5159,8060,5552,3664,4359,5488,4807,8.11264,8.10371,8.52544,48.1793
65028,4762,6590,5383,4098,4826,7500,5608,4088,3911,4391,4105,3602,3391,3506,3429,3246,-13.4228,-4.33718,8.89826,48.2907
65029,3521,3544,3223,3158,4418,3957,3525,3159,8109,5614,3907,3377,9302,6076,4033,3416,16.9232,-22.822,8.80487,48.226
65030,3165,3376,3612,3819,3267,3593,4251,5564,3351,3792,5321,10087,3235,3779,4733,7124,9.56111,28.0343,8.94888,48.046
65031,3286,3797,5373,8339,3351,3863,5324,9389,3280,3546,4160,4805,3165,3359,3483,3537,-13.4014,26.8673,8.82347,48.038
65032,3315,3514,3548,3399,3579,4077,4585,3941,4018,5631,7894,5014,3872,4975,6109,4784,11.3772,5.31537,8.85643,48.17
65033,3271,3443,3279,3047,3823,3884,3575,3364,4954,5516,4265,3642,6957,9742,5454,3833,24.8565,-9.98995,8.80267,48.0327
65034,3205,3397,3486,3433,3380,3727,4237,4029,3692,4534,6725,5812,3664,4705,7724,6459,17.0085,12.0933,8.55171,48.1393
65035,3983,6134,9765,6402,3736,4508,5354,4747,3436,3594,3964,3662,3167,3214,3339,3438,-26.847,7.60591,8.52248,48.2953
65036,3484,3291,3280,3056,3990,3821,3300,3232,6570,4896,3722,3310,12130,6134,4023,3468,24.1037,-26.0944,8.98329,47.8047
65037,3141,3175,3267,3425,3078,3460,3845,3955,3303,3727,4864,6465,3422,3937,6295,12208,24.5393,26.5617,8.87,47.7113
65038,3442,3645,3428,3209,4109,4362,3990,3438,5267,7710,5215,3884,5206,6762,4920,3762,13.3008,-7.34548,8.86264,48.2327
65039,6128,4529,3730,3337,9791,5181,3814,3348,6068,4547,3645,3292,3936,3746,3354,3087,-7.08076,-32.3017,8.92436,47.6887
65040,3493,3605,3547,3310,4180,4691,4236,3517,4978,8165,5588,3961,4744,6029,4793,3827,10.8209,-5.5483,8.79869,48.4427
65041,4730,7896,8085,4766,4298,5263,5309,4269,3553,3797,3787,3559,3270,3458,3368,3269,-23.3624,0.310391,8.65565,48.4513
65042,3639,5068,9196,7185,3604,4257,5906,5283,3341,3681,3856,3869,3126,3349,3306,3333,-22.8353,11.3758,8.91396,47.9993
65043,5566,7728,5143,3799,5220,7037,4922,3824,3950,4195,3811,3436,3528,3443,3465,3198,-16.2847,-8.0221,8.82143,48.1767
65044,4088,6216,9118,5852,3984,4648,5714,4607,3328,3797,3885,3660,3322,3335,3366,3229,-23.7607,6.06189,8.52877,48.0993
65045,3521,4116,5702,6139,3422,4325,7387,7444,3346,3623,4521,4816,3153,3371,3703,3655,-10.8873,15.6781,8.99392,48.1627
65046,3117,3295,3450,3675,3299,3427,4062,4860,3243,3904,5065,8995,3529,3707,5360,8897,14.6585,28.8728,8.82314,47.9233
65047,3493,3862,6215,12048,3415,3826,4833,6806,3187,3434,3849,4023,3096,3159,3402,3298,-23.8918,27.2545,8.79645,47.964
65048,3990,5289,6682,4906,4006,5539,7473,4922,3548,4060,4432,3930,3207,3466,3505,3447,-13.3248,4.62123,8.84138,48.268
65049,3142,3262,3444,3409,3334,3689,3778,3768,3711,4348,5079,4894,3840,5760,9634,6397,32.9441,8.60252,8.51783,47.6593
65050,4755,8371,8245,4615,4073,4900,4941,4059,3575,3832,3856,3577,3205,3346,3368,3468,-31.0919,-0.171495,8.79305,48.124
65051,3945,3693,3516,3258,5536,5078,3790,3301,7911,6941,4134,3448,5432,5098,3927,3366,6.42603,-17.0153,8.62785,48.2493
65052,3323,3736,3862,3759,3543,4259,5707,4813,3748,4916,8171,5698,3607,4090,4927,4370,4.86089,8.9583,8.79643,48.3527
65053,4379,6670,7315,4767,4198,5802,6140,4362,3667,3957,4045,3715,3174,3425,3346,3295,-17.6452,1.44563,8.72629,48.1713
65054,3611,3559,3331,3178,4501,4203,3570,3226,7375,6019,3917,3447,8079,6493,4171,3401,16.4001,-18.8178,8.54799,48.054
65055,11466,6807,4153,3491,6309,4885,3790,3286,4020,3737,3515,3154,3387,3326,3291,3076,-25.3841,-23.1181,8.72835,47.7953
65056,3195,3322,3507,3476,3200,3472,3980,4548,3355,3904,5086,8937,3393,3735,5467,9240,15.4604,31.9274,8.96088,47.878
65057,3323,3441,3556,3625,3532,4049,4545,4141,3826,5235,7777,5225,3891,4857,6411,5134,12.2717,6.95794,8.51063,48.3787
65058,3497,4252,7450,10594,3347,4055,4966,6012,3318,3549,3793,4070,3014,3333,3344,3410,-25.3902,20.1257,8.66646,48.0027
65059,3555,4149,4849,4400,3798,5036,8001,5423,3625,4299,5666,4583,3395,3724,3953,3783,-5.04879,8.32791,8.50555,48.1593
65060,3594,4126,4450,4117,3932,5330,7222,4778,3845,4829,6253,4449,3566,3844,4011,3876,-1.99997,5.14431,8.61164,48.148
65061,3138,3192,3519,3363,3235,3450,3942,4172,3278,3904,5114,7421,3409,3909,5830,11150,20.7682,29.1268,8.63338,48.0173
65062,3409,3931,5884,12808,3414,3763,4679,6057,3186,3489,3754,3822,3264,3191,3409,3398,-29.7051,29.589,8.56263,47.6387
65063,3347,3723,4569,5009,3372,4192,6468,7519,3388,3967,5590,6313,3208,3587,4201,4158,-3.00063,17.1038,8.84803,48.4073
65064,3758,3992,3783,3317,4348,5791,4577,3596,5041,7823,5395,3755,4244,4920,4303,3672,4.70106,-5.69998,8.96705,48.21
65065,4986,4292,3610,3302,8744,4980,3799,3306,7924,4861,3703,3291,4624,4165,3434,3130,-1.35652,-29.249,8.52159,48.1007
65066,3818,4458,4611,4112,4088,6027,7040,4401,3939,5137,5641,4102,3483,3867,3924,3651,-4.08364,2.09923,8.60019,48.1993
65067,3623,3675,3465,3219,4299,4486,3924,3372,6132,8052,4700,3560,5659,6245,4337,3579,11.4277,-11.0137,8.86322,48.218
65068,3156,3200,3463,3545,3262,3560,4073,4238,3410,3925,5009,8128,3452,3872,5631,10230,17.6023,32.5477,8.9112,48.1027
65069,3909,4368,4140,3616,4574,6754,5603,3910,4350,6368,5279,3852,3744,4082,3995,3598,-1.24335,-3.30588,8.82652,48.0947
65070,3033,3241,3462,3312,3232,3520,4036,4065,3555,3994,5436,6697,3423,4286,7357,9397,20.725,18.3737,8.85846,48.0307
65071,3130,3585,4113,4470,3368,3960,5602,6648,3328,3888,6030,7639,3270,3772,4434,4956,1.77275,18.6447,8.77311,48.1287
65072,5071,4438,3662,3318,8180,6056,3866,3474,6714,5154,3911,3299,4164,4018,3543,3288,-3.09421,-20.2699,8.70107,48.104
65073,9727,6130,4097,3461,7406,5409,3810,3488,4350,3942,3536,3296,3446,3432,3197,3192,-18.7182,-22.4195,8.73653,47.946
65074,3039,3203,3393,3430,3253,3534,3801,3974,3461,3901,5145,5380,3518,4493,8471,9681,30.6542,16.3479,8.73168,47.7847
65075,10722,5718,3870,3324,7477,4966,3853,3362,4211,4018,3558,3204,3478,3467,3257,3094,-19.7914,-30.0474,8.51183,47.7193
65076,4880,4167,3581,3267,8296,4975,3780,3346,8105,5068,3748,3354,4791,4160,3591,3206,-0.267894,-26.175,8.73897,48.21
65077,3159,3211,3297,3380,3234,3518,3817,3958,3368,3781,4757,6431,3395,3948,5864,12514,24.5773,33.7546,8.98077,47.7547
65078,3855,4471,4665,3962,4167,6361,6923,4446,3953,5112,5304,4070,3489,3793,3947,3470,-4.6153,1.03625,8.82106,47.992
65079,3189,3307,3305,3336,3494,3648,3947,3760,3816,4603,5631,4784,4126,5852,9585,6166,23.659,7.40294,8.70877,48.366
65080,4230,4219,3676,3321,6293,5873,4007,3382,6873,6621,4114,3519,4660,4663,3695,3407,1.92141,-16.0149,8.50253,48.3687
65081,3382,3364,3269,3054,3942,4147,3745,3401,5357,6980,4752,3765,5909,8041,5012,3830,17.3494,-8.90007,8.98652,47.9667
65082,3315,3263,3241,3225,3774,3917,3569,3321,5017,5180,4254,3602,7471,9787,5225,3837,31.1633,-10.9742,8.73868,47.9987
65083,7037,9855,5421,3866,4885,5318,4240,3752,3778,3754,3609,3346,3322,3397,3273,3115,-28.9396,-9.76456,8.75359,47.9787
65084,3597,3684,3470,3172,4260,4817,3982,3474,5754,8103,4967,3727,4955,5988,4458,3729,10.2279,-9.11238,8.79631,48.0913
65085,3337,3624,3517,3276,3765,4080,4031,3529,4443,6689,5978,4099,4800,6764,6118,4370,15.1999,-1.78828,8.63571,48.28
65086,3380,4179,7334,10566,3450,3955,5116,6019,3330,3481,3876,4043,3045,3372,3501,3452,-24.5464,20.3272,8.5408,48.066
65087,3400,3520,3480,3237,3860,4227,3989,3529,4972,7225,5256,3889,5352,7347,5476,3883,15.5902,-5.96021,8.90731,48.428
65088,3330,3280,3216,3101,3586,3737,3677,3357,4384,5101,4811,4046,5479,9670,6938,4260,29.0087,-4.15803,8.98634,47.982
65089,3178,3392,3958,4633,3297,3716,4967,7532,3304,3789,5178,9023,3290,3583,4311,5147,2.26757,26.3512,8.6801,48.1987
65090,7203,8004,4672,3642,6007,6402,4364,3515,4074,4078,3686,3371,3392,3447,3207,3197,-18.3983,-13.1063,8.78619,48.174
65091,3327,3953,6179,12755,3299,3783,4743,6101,3200,3487,3671,3897,3153,3257,3360,3270,-28.3674,29.7224,8.77564,47.6233
65092,3363,3466,3502,3216,3758,4139,3916,3481,4747,6545,5122,3946,5194,7767,5812,4200,17.6421,-4.69155,8.56518,48.116
65093,3154,3331,3394,3444,3391,3603,4057,4223,3554,4143,6064,6384,3634,4361,7496,8035,18.8929,15.7112,8.5118,48.1787
65094,3075,3230,3449,3327,3229,3394,3856,3945,3467,4010,5091,5652,3529,4556,8337,9889,27.962,17.4895,8.80017,48.024
65095,3308,3380,3491,3347,3656,4007,4128,3763,4251,6121,6578,4493,4467,6340,6576,4608,15.5483,1.14603,8.89416,48.3427
65096,3380,3841,5977,12300,3261,3724,4645,6562,3266,3508,3827,4000,3249,3249,3315,3327,-24.3247,30.411,8.908,47.6207
65097,3186,3386,3679,3988,3393,3678,4592,5338,3366,3929,6299,8784,3382,3798,5031,6266,8.76384,20.1984,8.77584,48.0633
65098,3175,3306,3306,3264,3341,3500,3854,3795,3704,4336,5238,4958,3788,5485,9907,7048,31.8984,9.70807,8.85621,48.0033
65099,4625,4067,3487,3266,7270,5221,3716,3399,8345,5463,3841,3340,5061,4324,3653,3294,1.7373,-22.7319,8.73351,48.248
65100,3356,3488,3239,3073,4169,3924,3410,3155,7377,4880,3768,3301,11421,5876,3932,3433,21.115,-28.7734,8.92157,47.868
65101,3251,3450,3779,3550,3567,4071,5078,4341,3760,5026,8318,5596,3645,4380,5785,4868,8.91969,8.54957,8.76281,48.31
65102,3824,5591,9053,6250,3792,4546,6143,4968,3331,3788,3985,3862,3125,3227,3375,3374,-21.1807,8.53581,8.53248,48.156
65103,3424,3449,3235,3160,4061,3836,3523,3283,6218,4984,3852,3457,10866,7226,4172,3330,24.4939,-20.9682,8.54432,48.0507
65104,4294,6675,8748,5392,3985,5050,5699,4428,3666,3709,3861,3668,3250,3382,3399,3314,-22.1405,3.73658,8.72788,48.3467
65105,8003,7006,4193,3515,6835,6165,4134,3535,4251,4023,3640,3341,3459,3575,3393,3174,-17.1996,-17.0545,8.75105,48.1613
65106,4523,7420,9050,5270,3966,4761,5213,4387,3436,3606,3692,3634,3279,3199,3457,3272,-27.9363,2.56103,8.90732,48.11
65107,11935,6586,3972,3399,6345,4819,3840,3404,4013,3792,3506,3235,3322,3352,3254,2985,-26.2668,-24.9855,8.63902,47.8393
65108,3991,3889,3494,3156,5812,5031,3792,3351,8188,6360,4077,3456,5444,4773,3775,3398,5.81334,-19.0133,8.68089,47.9913
65109,3323,3900,5334,7411,3372,4013,5873,8890,3278,3624,4360,4902,3117,3270,3647,3788,-12.2135,22.1973,8.71804,48.068
65110,3152,3630,4351,5187,3365,3644,5196,9230,3359,3744,4770,7234,3250,3446,4103,4416,-2.73435,28.2215,8.99056,48.0513
65111,3660,4487,8392,8577,3627,4167,5659,5733,3222,3489,3884,3973,3088,3144,3371,3485,-22.4629,15.4163,8.93945,47.972
65112,3255,4018,6237,12536,3363,3746,4819,6306,3231,3499,3733,3930,3095,3174,3328,3451,-26.0496,27.0908,8.90909,47.814
65113,3705,4797,8059,7042,3673,4406,6396,5584,3346,3680,4028,4137,3125,3250,3477,3415,-18.7578,11.9746,8.69381,48.08
65114,3948,3634,3452,3117,6209,4398,3514,3400,9853,5432,3731,3422,6290,4650,3689,3294,7.14913,-27.4127,8.64334,48.022
65115,10678,7861,4131,3439,5675,4970,3887,3390,3871,3833,3426,3310,3417,3343,3221,3093,-32.3419,-18.7423,8.98963,47.6967
65116,5064,4202,3615,3309,8690,5025,3819,3421,7600,4923,3742,3432,4620,3978,3397,3213,-1.76755,-26.35,8.56376,48.0333
65117,3168,3326,3313,3385,3338,3376,3779,3885,3339,3724,4764,5927,3383,3886,5965,12712,31.3095,32.1338,8.98656,47.5133
65118,3295,3778,4642,5888,3344,3873,5336,9764,3235,3710,4446,6111,3219,3345,3827,4017,-6.38135,32.6801,8.53198,47.8867
65119,6553,5164,3907,3360,9027,6010,3914,3318,5388,4423,3592,3251,3973,3842,3349,3169,-9.61114,-21.8067,8.50906,48.16
65120,3843,5527,9766,6718,3652,4313,5490,4986,3332,3625,3843,3711,3138,3183,3359,3299,-24.7419,9.47784,8.89961,47.8567
65121,3214,3579,4355,5125,3329,3809,5362,8866,3417,3705,4924,7521,3173,3429,4013,4454,-2.8083,24.5258,8.91276,48.1833
65122,3950,3895,3426,3191,5557,5121,3872,3397,7630,6930,4227,3446,5384,5138,3861,3429,5.93609,-16.5803,8.7577,48.3027
65123,3224,3357,3636,3737,3224,3580,4315,5367,3299,3845,5150,9857,3365,3710,4831,7246,10.5527,29.177,8.92128,47.8287
65124,3047,3191,3379,3483,3197,3476,3944,4212,3414,3786,5080,7345,3483,3977,6104,10714,20.1792,25.1115,8.52138,47.888
65125,4501,4678,3838,3517,6155,7249,4397,3571,5480,5925,4109,3488,4163,4197,3758,3452,-2.8373,-12.8166,8.63008,48.3187
65126,3475,3875,5312,9107,3406,3903,4988,8914,3304,3586,4038,4696,3035,3223,3484,3529,-15.1822,29.2112,8.9284,47.9167
65127,4184,4750,4140,3408,5008,7736,5193,3773,4539,6163,4621,3577,3861,3993,3854,3402,-3.24699,-6.65443,8.7737,48.1347
65128,11209,5811,3936,3338,7298,5082,3862,3381,4159,3767,3563,3144,3384,3363,3153,3064,-21.1255,-26.7747,8.54071,47.676
65129,3844,3807,3379,3275,5944,4412,3613,3292,9973,5178,3783,3416,6462,4749,3678,3291,7.80215,-29.6703,8.8068,48.064
65130,7819,5158,3797,3385,9488,5280,3851,3324,5175,4164,3530,3321,3704,3528,3298,3132,-12.3712,-29.9946,8.65699,47.9693
65131,9317,8637,4552,3496,5378,5248,4015,3497,3805,3717,3474,3201,3245,3533,3201,3219,-28.2137,-16.3217,8.94885,47.69
65132,9481,8504,4504,3582,5610,5207,4109,3427,3898,3823,3636,3316,3382,3353,3164,3037,-26.0737,-16.572,8.95587,48.022
65133,3158,3242,3494,3461,3294,3533,4000,4177,3515,4019,5536,7133,3461,4108,6894,9089,18.7243,19.0508,8.80794,48.076
65134,6243,9821,6114,3962,4615,5490,4459,3747,3747,3806,3623,3423,3273,3386,3197,3178,-24.9023,-7.281,8.77681,48.056
65135,3478,3861,4450,4444,3603,4268,7107,5998,3500,4210,6371,5503,3366,3640,4195,4215,-1.47999,12.3345,8.87243,48.1393
65136,3338,3658,4234,4189,3548,4131,6149,5626,3611,4269,6942,6278,3418,3775,4552,4669,1.86128,13.1771,8.63789,48.258
65137,9641,5494,3838,3319,8495,5041,3806,3300,4633,4024,3598,3281,3556,3472,3214,3169,-16.3614,-30.1934,8.77506,47.9207
65138,3431,3332,3293,3136,3789,3953,3651,3488,5032,5882,4581,3691,6336,9190,5715,3939,21.8195,-8.3453,8.64586,48.2927
65139,3148,3386,3737,3703,3463,3891,4932,4646,3451,4543,7850,6754,3675,4285,5516,5337,8.91818,12.7061,8.68621,48.2113
65140,3133,3285,3381,3390,3197,3522,3799,4157,3367,3800,4942,7473,3461,3871,5646,11015,20.2599,30.804,8.97932,47.626
65141,9783,8275,4525,3442,5502,5089,4138,3478,3856,3823,3421,3254,3326,3333,3323,3182,-29.0051,-17.1076,8.58453,47.8333
65142,3259,3387,3563,3330,3694,3807,4160,3697,3999,5684,6929,4703,4149,5812,6934,4850,15.775,3.17066,8.88003,47.9713
65143,3266,3394,3305,3153,3661,3876,3630,3459,4733,5369,4472,3733,6098,9808,6057,3993,30.763,-7.15105,8.70411,48.0047
65144,7586,5574,3805,3323,8829,5673,3944,3435,5053,4315,3583,3258,3642,3531,3366,3080,-12.7865,-21.7461,8.6453,47.998
65145,3162,3454,3727,3866,3324,3764,4680,5684,3495,3980,6221,8515,3330,3878,4935,5934,7.28083,19.8553,8.57763,47.966
65146,3070,3201,3436,3397,3216,3561,3879,4037,3432,3896,4904,6146,3304,4089,6976,11427,26.6239,22.3616,8.5969,47.9807
65147,3128,3293,3321,3257,3227,3486,3790,3969,3417,3722,4744,6613,3510,3917,5884,12273,24.3647,30.108,8.74215,47.7007
65148,3817,4571,5161,4314,3944,5834,7688,4884,3765,4581,5174,4128,3447,3730,3725,3584,-6.75922,4.04913,8.56101,48.2313
65149,3141,3208,3383,3507,3317,3440,3745,3959,3426,3703,4809,5880,3314,3936,5746,12331,33.8731,31.6306,8.53152,47.23
65150,4317,5357,5216,4163,4557,7189,6557,4348,3941,4790,4367,3796,3312,3573,3708,3367,-9.90081,-1.51461,8.76746,48.372
65151,3290,3550,3881,3648,3455,4083,5281,4528,3802,4925,8363,5586,3609,4216,5326,4679,7.22323,8.50802,8.82861,48.148
65152,4510,4068,3683,3299,6716,5673,3996,3297,7365,6034,3962,3359,4793,4377,3602,3313,1.28007,-18.3362,8.762,48.0313
65153,4475,4821,4007,3413,5991,7721,4693,3660,5009,6072,4295,3501,3939,4021,3650,3380,-3.76333,-10.3471,8.91299,48.432
65154,3930,4123,3782,3495,4775,6417,4618,3804,4993,7443,5024,3715,4185,4597,3907,3558,2.23446,-6.80593,8.7779,48.244
65155,3361,4044,6734,10340,3381,3846,5234,7166,3271,3416,3948,4211,3123,3294,3303,3475,-20.6554,21.8271,8.53348,48.098
65156,10580,6150,4146,3363,7316,5103,3771,3289,4201,3983,3427,3150,3443,3507,3171,3071,-19.9259,-24.8644,8.73211,47.7807
65157,3544,3293,3151,3167,4141,3873,3366,3215,6977,4937,3724,3386,12025,5942,3924,3346,22.7836,-28.0124,8.91827,48.0073
65158,4831,4152,3519,3192,8211,5034,3728,3389,8259,4934,3801,3295,4776,4278,3501,3167,0.211912,-25.8851,8.83017,48.0447
65159,3377,3389,3291,3135,3703,3853,3726,3357,4944,5279,4256,3620,7208,9695,5163,3868,26.635,-10.6957,8.59744,47.9093
65160,4157,3858,3434,3227,6450,4794,3637,3311,9493,5509,3845,3404,5854,4571,3605,3333,5.87668,-24.9123,8.66005,48.3213
65161,3164,3459,4013,4373,3251,3700,4750,7264,3284,3646,5207,9344,3227,3694,4466,5294,3.13981,28.297,8.95768,48.0907
65162,3393,3969,6394,12008,3365,3766,4824,6131,3267,3456,3729,4033,3185,3237,3338,3366,-31.1866,24.8817,8.62356,47.6407
65163,3386,3611,4130,4382,3334,3910,5843,6327,3413,4150,6395,7046,3330,3829,4514,4639,1.49216,16.5381,8.72906,48.1593
65164,4233,4063,3776,3428,5492,6099,4215,3515,6079,7161,4337,3577,4618,4467,3848,3522,1.91457,-12.6078,8.52288,48.2867
65165,3672,4745,8425,7284,3559,4263,6441,5777,3388,3600,4125,4037,3127,3212,3433,3400,-19.4253,12.7374,8.98466,48.3253
65166,3718,3760,3630,3355,4362,5298,4269,3653,5189,8015,5214,3857,4486,5249,4364,3618,6.77171,-7.32179,8.69173,48.0247
65167,3253,3322,3372,3269,3382,3589,3836,3741,3847,4597,5131,4404,4205,6796,9728,5752,30.5844,4.86673,8.80599,48.1493
65168,3489,3502,3227,3137,4438,4046,3413,3274,8034,5233,3830,3397,9917,5894,3952,3378,17.4298,-25.3995,8.85131,48.1073
65169,4035,5337,6755,5078,4017,5458,7369,4844,3439,4019,4326,3840,3356,3444,3574,3553,-14.3452,5.30707,8.65713,48.296
65170,12409,6077,4011,3409,6120,4924,3802,3419,3925,3807,3427,3309,3456,3377,3122,3192,-26.2206,-33.1239,8.71598,47.8573
65171,3343,3732,4572,5833,3335,3787,5180,9929,3382,3645,4635,6584,3299,3329,3798,4105,-5.73201,29.2022,8.8128,48.3253
65172,3136,3320,3400,3358,3333,3529,3912,3771,3560,4083,5148,5343,3725,4783,9187,8325,32.6349,13.8045,8.53715,47.942
65173,3444,4365,7883,10194,3450,3938,5099,5478,3306,3565,3871,3979,3182,3170,3407,3403,-31.4474,18.0614,8.53098,47.8227
65174,4016,6059,8902,5680,3788,4748,6103,4709,3450,3708,4003,3840,3225,3389,3449,3235,-21.0986,5.86954,8.80079,48.2027
65175,3474,3902,5656,10533,3390,3746,5102,7846,3310,3458,3951,4302,3171,3253,3403,3458,-18.6047,29.0216,8.71004,47.97
65176,4085,4265,3760,3434,4914,6671,4758,3598,5136,7224,4769,3669,4322,4514,3899,3449,1.38415,-8.49728,8.86672,48.3113
65177,7586,5012,3713,3457,10014,5192,3786,3411,5065,4246,3587,3364,3727,3483,3279,3037,-11.3174,-33.2551,8.91123,47.9727
65178,3213,3432,3652,3920,3252,3575,4493,6024,3393,3836,5551,9656,3384,3730,4705,6446,7.83363,25.8639,8.76314,48.1747
65179,3947,3904,3471,3167,5739,4822,3684,3433,8776,6232,4004,3315,5912,5009,3685,3331,7.01541,-20.4467,8.68079,48.2873
65180,3382,3754,4607,4856,3554,4148,6631,7126,3382,4006,5530,6179,3401,3692,4096,4284,-2.99795,16.4942,8.8142,48.4187
65181,6013,8571,5643,3974,4943,6410,4737,3823,3826,4000,3714,3499,3353,3403,3385,3179,-19.4867,-7.38381,8.74985,48.3153
65182,3639,4066,3959,3703,4186,5944,5811,4256,4246,6312,6144,4153,3822,4183,4365,3810,0.975701,-0.0197471,8.97916,48.3993
65183,3489,3441,3406,2975,4226,4015,3531,3270,6923,6036,4144,3515,8216,7298,4253,3424,17.6695,-17.001,8.86849,48.108
65184,3171,3540,4247,4868,3433,3789,4931,8481,3434,3823,4880,8035,3197,3531,4179,4691,-0.587514,31.892,8.93,48.1533
65185,5020,4483,3755,3243,8306,5756,3856,3356,7060,5176,3798,3330,4422,3931,3535,3234,-2.37477,-21.04,8.87169,48.174
65186,7821,5150,3746,3288,9943,5314,3847,3384,5047,4096,3622,3232,3600,3598,3299,3098,-12.0932,-29.1817,8.88091,48.0567
65187,4801,8515,8279,4594,4240,4899,4925,4016,3653,3784,3765,3555,3154,3291,3412,3408,-32.6296,-0.586049,8.94283,48.194
65188,11439,7161,4197,3368,6103,4947,3932,3424,3941,3853,3510,3190,3344,3331,3181,3119,-26.7582,-21.4421,8.78336,48.0267
65189,3033,3183,3313,3430,3196,3548,3852,3926,3322,3833,4768,6465,3287,4047,6347,12109,24.9822,25.7828,8.80992,47.7727
65190,3184,3406,3616,3731,3220,3564,4208,4963,3262,3882,5185,9504,3344,3884,5382,8165,13.0689,28.1977,8.94787,48.3333
65191,3141,3232,3451,3419,3000,3459,3832,4157,3385,3721,4883,7559,3471,3954,5793,11206,20.3516,31.5976,8.97832,47.7753
65192,8598,9085,4833,3633,5338,5188,4103,3579,3883,3795,3581,3240,3439,3361,3238,3103,-29.7071,-14.1214,8.54341,47.998
65193,3655,4674,8611,7873,3632,4257,5908,5534,3321,3597,3922,3932,3077,3372,3516,3381,-21.4942,13.2664,8.59824,48.1747
65194,5726,9888,6859,4122,4459,5068,4551,3865,3606,3700,3622,3421,3244,3299,3292,3215,-29.8324,-4.71351,8.98877,47.958
65195,3115,3417,3661,3859,3155,3598,4391,5350,3441,3895,5830,9328,3413,3780,5172,6883,10.0158,22.8706,8.57348,48.192
65196,3532,3551,3364,3114,4720,4217,3463,3270,8852,5162,3938,3413,8671,5379,3730,3338,14.8044,-32.4747,8.51718,47.8093
65197,4667,8160,8516,4795,4115,4909,4827,4204,3489,3866,3672,3457,3273,3310,3392,3252,-32.9814,0.332656,8.88326,47.936
65198,3303,3339,3257,2983,4047,3781,3399,3245,6540,4900,3752,3419,12022,6458,3957,3339,24.0391,-24.7155,8.97712,47.8273
65199,3123,3272,3662,3521,3440,3482,4169,4513,3361,3879,5771,8160,3418,4117,6032,8160,15.0486,20.6895,8.70149,48.0533
65200,3517,4691,9149,8760,3498,4099,5104,5404,3357,3482,3859,3795,3135,3239,3269,3317,-31.659,14.61,8.98111,47.7833
65201,6045,4909,3646,3418,9000,6052,3906,3391,5730,4797,3727,3409,3924,3660,3485,3090,-7.61407,-21.2742,8.58161,48.126
65202,3404,3313,3243,3138,3916,3813,3433,3209,6080,4783,3757,3436,12283,6664,4023,3374,28.0278,-24.1496,8.92866,47.9127
65203,3611,3504,3334,3162,4787,4119,3455,3188,9016,5342,3894,3207,8655,5468,3814,3427,14.3937,-25.391,8.89986,47.9887
65204,3367,3692,4065,3763,3588,4528,5763,4571,3842,5226,7666,5166,3647,4099,4995,4304,4.56149,6.95889,8.52309,48.188
65205,11588,6680,4068,3394,5714,4980,3922,3380,3894,3862,3465,3249,3315,3423,3272,3133,-32.6371,-23.0294,8.6171,47.5593
65206,5089,7945,6427,4235,4703,6397,5374,4022,3716,3967,3812,3479,3405,3381,3379,3161,-18.617,-3.83112,8.92517,48.328
65207,3462,3561,3392,3155,3914,4318,3925,3627,4885,7160,5424,3922,5135,7011,5314,4023,14.819,-5.37105,8.93818,48.152
65208,3744,4050,4134,3658,4279,5992,5413,3979,4333,6845,5797,4005,3806,4531,4239,3640,1.96843,-1.97417,8.96069,48.2967
65209,4459,6037,5447,4229,4647,7203,6212,4227,3805,4397,4165,3777,3478,3533,3400,3396,-12.4342,-2.0156,8.68684,48.2747
65210,4605,6854,6827,4556,4419,6096,5896,4309,3690,3836,4062,3651,3374,3324,3443,3428,-17.5564,-0.201431,8.69497,48.2467
65211,3300,3695,4512,6119,3386,3911,5204,10001,3230,3598,4571,6275,3029,3434,3691,3999,-6.51008,27.632,8.83873,47.97
65212,12460,6127,3952,3437,6032,4686,3722,3358,3920,3895,3421,3207,3337,3317,3202,3054,-29.9094,-28.6822,8.50822,47.418
65213,3333,3462,3534,3451,3758,4501,4636,3876,4216,6415,7320,4651,4127,5063,5811,4404,10.5982,2.43646,8.71756,48.372
65214,3384,3488,3178,3183,3856,3844,3518,3205,5946,5141,3892,3495,10929,7457,4181,3443,26.0236,-20.506,8.62408,48.0933
65215,3325,3430,3303,3106,3904,3765,3452,3262,5988,5110,3841,3394,10436,7831,4423,3506,25.1082,-18.711,8.99531,48.0507
65216,3449,3412,3210,3022,3929,3897,3496,3229,6719,4896,3789,3383,12025,5999,3855,3458,23.4826,-32.8117,8.75362,47.8453
65217,3232,3302,3384,3402,3355,3522,3869,3782,3468,4133,5186,5226,3635,4885,9244,8384,31.0423,13.3369,8.73646,48.006
65218,3299,3369,3538,3391,3498,3908,4285,3911,4029,5297,7179,4866,3955,5479,7201,5170,15.6414,5.52948,8.68996,48.25
65219,3271,3407,3303,3048,4108,3863,3390,3150,6691,4840,3783,3430,12120,5932,4038,3362,23.6635,-31.7118,8.63881,47.824
65220,3318,3422,3354,3089,3912,3955,3626,3335,4781,6026,4751,3811,5860,8932,5937,4000,21.1969,-6.80999,8.72022,48.0727
65221,3339,3611,4557,5397,3396,3824,5423,9176,3320,3799,4788,6929,3205,3481,4001,4345,-3.8901,24.0416,8.98246,48.394
65222,3462,3549,3582,3421,3700,4319,4391,3994,4378,6770,6805,4335,4264,5440,5574,4292,11.2931,0.276618,8.87485,48.184
65223,3331,3401,3428,3293,3627,3953,3794,3509,4463,5145,4778,3925,5310,9225,7039,4294,33.8452,-3.45935,8.60932,48.3433
65224,8005,7436,4392,3598,6784,6205,4115,3445,4178,4053,3589,3250,3444,3522,3273,3126,-17.9313,-16.1416,8.98719,48.2767
65225,4866,4395,3588,3286,8648,5115,3794,3337,7804,4940,3805,3256,4430,4047,3529,3330,-1.2309,-33.8885,8.69004,48.1133
65226,3338,3941,5674,8905,3341,3861,5522,8616,3263,3561,3923,4548,3138,3305,3448,3522,-15.6493,23.8558,8.70458,47.9373
65227,4352,4083,3638,3146,6925,5330,3871,3372,7932,5978,3935,3375,5075,4509,3577,3297,2.1988,-20.1394,8.86289,48.2633
65228,3134,3318,3493,3540,3290,3624,4015,4123,3467,4006,5960,6981,3512,4243,7066,8268,18.1498,17.1061,8.88206,48.0267
65229,3435,3934,5623,10347,3339,3847,5134,8019,3297,3509,3956,4427,3220,3221,3435,3520,-18.1557,28.1587,8.67364,48.1753
65230,3172,3231,3417,3344,3322,3584,3840,4000,3400,3858,5045,5728,3359,4269,7818,10808,30.5577,19.002,8.8117,48.13
65231,3179,3290,3453,3449,3338,3781,4238,4087,3743,4538,6599,5775,3703,4838,7761,6472,17.3409,11.7128,8.6731,48.1627
65232,3156,3135,3388,3377,3139,3413,3845,3873,3435,3799,4906,5922,3435,3989,6834,12201,28.4364,23.8532,8.94723,47.898
65233,2992,3221,3493,3450,3273,3646,3787,3899,3258,3905,4990,6181,3303,4134,6926,11738,25.9325,22.8645,8.69635,48.1307
65234,9008,8685,4636,3543,5477,5257,4026,3486,3883,3896,3525,3265,3377,3410,3231,3215,-33.7563,-15.3193,8.60685,47.9467
65235,6288,4742,3688,3350,9714,5517,3880,3381,6081,4614,3662,3313,3917,3776,3322,3054,-7.43082,-24.8988,8.95673,48.1993
65236,3617,4384,5528,4684,3900,5088,8223,5441,3575,4109,5200,4403,3344,3752,3678,3776,-7.57593,7.62793,8.90747,48.468
65237,3306,3364,3317,3286,3784,3929,3907,3523,4719,6479,5248,3959,5264,7876,6235,4278,18.567,-3.73087,8.81783,48.316
65238,5436,8356,5969,4128,4715,6423,5037,3866,3870,4075,3855,3430,3367,3506,3410,3161,-18.4909,-5.17669,8.74963,48.4027
65239,3545,4404,7955,9363,3535,4043,5357,5947,3239,3602,3799,3972,3052,3217,3392,3437,-23.6676,17.2965,8.6708,47.906
65240,3357,3693,4508,5900,3383,3905,5135,9617,3324,3728,4595,6447,3198,3392,3745,4099,-5.67696,32.3608,8.60879,48.0173
65241,3451,4134,6619,8099,3457,4166,6143,7447,3313,3579,4143,4447,3078,3303,3575,3521,-16.3113,18.1894,8.92164,48.3167
65242,3248,3497,3902,4135,3221,3695,4626,6551,3368,3747,5170,9760,3261,3664,4467,5592,5.41132,32.9427,8.88297,47.936
65243,5931,9505,6110,4101,4657,5765,4589,3856,3653,3962,3608,3496,3236,3297,3218,3099,-23.0258,-6.51449,8.9404,48.0553
65244,3742,3659,3288,3120,5366,4272,3486,3267,9945,5195,3785,3456,7396,4949,3768,3287,11.0515,-28.8763,8.90602,47.9873
65245,5340,9118,7386,4478,4419,5191,4752,3904,3540,3642,3821,3436,3147,3409,3248,3132,-27.4775,-2.77609,8.75039,47.9753
65246,3198,3482,4123,4546,3334,3788,4989,7604,3233,3833,5321,8730,3295,3524,4441,4926,2.01793,24.6532,8.93784,48.2447
65247,6162,6374,4282,3572,6918,7116,4336,3542,4537,4392,3653,3347,3728,3579,3468,3099,-12.6342,-14.2967,8.52495,48.07
65248,6318,9732,5828,3953,4648,5168,4519,3793,3877,3855,3731,3423,3329,3404,3194,3143,-32.5078,-7.77266,8.51984,47.9433
65249,3562,4461,7068,7066,3510,4417,6673,6612,3355,3665,4252,4273,3044,3225,3601,3585,-16.2845,14.4599,8.57235,48.246
65250,3182,3328,3572,3836,3266,3581,4319,5497,3364,3824,5176,9977,3296,3793,4746,6951,9.72093,31.6325,8.71311,47.8053
65251,3053,3296,3384,3456,3250,3559,3842,3973,3537,3785,5186,6235,3396,4149,7138,10941,24.3342,21.0925,8.53296,48.12
65252,3737,4741,9009,8601,3558,3957,5355,5303,3318,3705,3811,3895,3164,3266,3381,3375,-25.5587,14.4103,8.80536,48.1173
65253,3230,3286,3335,3147,3625,3863,3677,3401,4771,5277,4363,3717,6414,10066,5919,3893,30.9155,-7.99822,8.87421,47.9893
65254,3733,4869,9590,8262,3621,4097,5234,5302,3273,3549,3765,3724,3111,3268,3361,3324,-29.0681,13.3378,8.90007,48.0553
65255,3292,4126,6983,11402,3400,3868,4912,6044,3203,3491,3811,4011,3169,3224,3413,3453,-28.6049,21.8991,8.50287,47.868
65256,3200,3228,3353,3379,3245,3462,3776,3885,3527,3774,4792,5983,3360,3876,5903,12281,33.2527,33.0614,8.50432,47.3493
65257,3581,3454,3310,3243,4737,4120,3567,3120,9002,5107,3836,3399,8938,5406,3729,3490,15.0796,-31.7451,8.58502,48.026
65258,11601,5910,4055,3384,6872,4835,3731,3344,4036,3941,3561,3200,3369,3320,3237,3168,-22.627,-30.4039,8.56786,47.7093
65259,3547,4243,7028,7735,3527,4147,6247,6862,3333,3553,4204,4329,3055,3221,3429,3515,-16.7433,16.2618,8.75201,47.9833
65260,3331,3680,4346,5391,3334,3827,5238,9276,3341,3697,4691,7134,3272,3529,3870,4332,-3.48167,26.7442,8.8606,48.1927
65261,5368,6672,4761,3767,5420,7794,5037,3771,3980,4513,3940,3516,3446,3501,3488,3184,-12.8366,-8.10977,8.82431,48.1053
65262,6974,6053,4099,3475,7870,6556,4102,3457,4569,4307,3727,3278,3632,3688,3380,3052,-13.0319,-17.5509,8.66426,48.146
65263,3432,3409,3355,3206,3922,3687,3449,3195,5850,4792,3704,3350,12540,5772,3820,3284,33.2403,-31.1227,8.72004,47.178
65264,4569,4137,3657,3258,7219,5235,3810,3407,8013,5584,3873,3397,4902,4456,3613,3267,1.4021,-21.3591,8.62822,48.2647
65265,3026,3188,3414,3423,3300,3563,3900,3948,3632,4295,5577,5517,3719,4927,8765,7913,23.3819,13.3942,8.60263,48.0713
65266,3321,3574,3466,3352,3784,4528,4100,3653,4718,7183,6044,4187,4586,6263,5587,4127,12.9976,-2.57759,8.57494,48.3153
65267,3218,3323,3424,3231,3465,3726,3754,3697,4020,4679,5042,4431,4276,7213,9299,5244,31.8949,3.15354,8.85656,48.028
65268,3348,3916,5075,7184,3497,4037,5747,9156,3193,3588,4374,5322,3156,3440,3648,3781,-11.1708,22.7877,8.53769,48.308
65269,3451,3352,3141,3171,3941,3753,3463,3191,6243,4690,3781,3421,12364,6138,4089,3386,27.2042,-28.2956,8.79238,47.7167
65270,3122,3352,3596,3704,3402,3672,4562,4829,3532,4190,7051,7615,3501,4184,5629,6244,11.2096,16.2332,8.84039,48.1233
65271,3602,3608,3345,3166,4624,4476,3707,3460,7288,7145,4248,3511,6473,6015,4070,3492,12.3746,-15.5032,8.93474,48.1533
65272,4180,6930,9383,5694,3973,4568,5215,4549,3398,3598,3837,3559,3247,3252,3388,3244,-27.5674,4.75345,8.55099,48.01
65273,3819,5204,7999,6001,3759,4638,6784,5401,3501,3713,4285,3969,3156,3302,3559,3464,-17.4825,9.15753,8.52376,48.3693
65274,3114,3297,3385,3203,3543,3801,3581,3488,4338,5236,4833,4144,5222,8954,7466,4540,27.6611,-2.3492,8.64756,48.0967
65275,4337,7198,9092,5230,4067,4743,5190,4310,3428,3644,3819,3640,3217,3374,3363,3314,-32.3944,3.03354,8.71234,47.9773
65276,3468,3905,4606,4218,3565,4781,7177,5227,3563,4519,6567,4967,3449,3788,4266,4105,-1.22747,9.34515,8.61078,48.114
65277,6656,7677,4648,3520,6085,6734,4325,3640,4154,4246,3851,3279,3462,3561,3264,3278,-17.004,-12.6704,8.60889,48.2533
65278,3497,4061,4691,4474,3634,4802,7858,5404,3642,4373,6031,4814,3361,3643,3971,3964,-3.72396,9.26195,8.7638,48.1467
65279,3141,3257,3657,3744,3247,3711,4307,5235,3304,3778,5342,9758,3281,3740,4965,7592,11.7769,27.5809,8.84233,48.0393
65280,3178,3415,3902,4272,3344,3631,4714,7159,3383,3820,5109,9536,3269,3622,4380,5476,3.6933,29.9492,8.9489,48.14
65281,4450,6582,5849,4198,4420,6888,6273,4174,3725,4291,4177,3612,3283,3563,3508,3323,-14.1355,-1.40305,8.97499,48.2107
65282,3454,3733,3548,3501,3777,4454,4762,3841,4120,6441,7334,4488,4054,5206,5283,4153,9.02556,1.65439,8.91574,48.0993
65283,3324,3677,4427,4665,3507,4072,6289,6998,3488,4070,5876,6453,3307,3785,4366,4306,-0.939938,16.4128,8.66477,48.4067
65284,4016,3944,3633,3332,5247,5604,3986,3411,6464,7603,4476,3505,4841,4912,3968,3456,4.90334,-12.6784,8.63557,48.2653
65285,3059,3247,3444,3385,3156,3492,3876,4323,3284,3878,5061,7745,3423,4011,6127,10732,19.4744,25.9844,8.96841,48.162
65286,3084,3250,3458,3234,3222,3360,3666,3966,3490,3654,4737,6355,3406,3917,5921,12605,26.8303,31.6466,8.98522,47.55
65287,3235,3387,3434,3401,3366,3810,4235,3837,3767,4784,6994,5245,3771,5228,7824,5948,17.2166,8.52241,8.94582,48.1773
65288,3286,3750,4993,5790,3432,4099,6747,8268,3357,3764,4907,5538,3179,3479,3832,3887,-7.70929,18.5421,8.67537,48.2053
65289,4623,8001,8430,4904,4134,4864,4921,4267,3503,3779,3714,3559,3264,3320,3536,3175,-27.9548,0.63849,8.57657,47.996
65290,3080,3293,3399,3458,3233,3437,3779,3894,3355,3828,4807,5945,3483,3895,6441,12276,32.1118,25.0553,8.7664,47.7353
65291,4125,4827,4445,3716,4702,7359,5775,4084,4311,5712,4701,3831,3671,3870,3974,3497,-4.19398,-3.78449,8.75724,48.4
65292,3383,3373,3313,3089,4035,3860,3511,3262,6067,5285,3987,3415,9809,7655,4338,3535,23.7814,-18.3424,8.72961,47.9447
65293,4439,6320,6784,4599,4205,6026,6467,4422,3723,3950,4040,3661,3343,3387,3562,3410,-15.8021,0.941363,8.88196,48.2253
65294,5899,9113,6014,4055,4691,5952,4691,3739,3741,3915,3744,3467,3289,3533,3274,3169,-21.397,-6.49525,8.98007,48.1907
65295,3062,3190,3409,3429,3227,3296,3817,3865,3338,3767,4660,6059,3385,3905,6245,12493,31.7755,27.2768,8.9012,47.4313
65296,6127,9201,5711,4007,4769,5917,4573,3730,3774,3980,3546,3425,3440,3365,3442,3120,-22.3808,-7.99725,8.55527,48.0847
65297,6275,4867,3606,3400,9904,5115,3755,3376,6178,4402,3664,3259,3926,3765,3416,3170,-7.28412,-30.7305,8.61395,48.052
65298,3468,3708,4327,4105,3616,4482,6565,5273,3614,4586,7048,5360,3474,3919,4471,4366,0.96226,10.1927,8.54946,48.2547
65299,3293,3354,3243,3093,3918,3747,3454,3335,5889,4722,3667,3437,12613,5831,3946,3381,31.1988,-32.5384,8.68009,47.282
65300,3662,3931,3800,3625,4135,5687,5219,3936,4587,7166,6090,4120,4046,4504,4300,3743,3.62986,-2.26807,8.80946,48.3673
65301,3111,3320,3446,3370,3250,3500,3729,3927,3366,3796,4992,5955,3383,3909,6844,11809,27.3732,23.0729,8.51522,47.8047
65302,5925,4632,3727,3249,9780,5281,3755,3313,6567,4484,3612,3309,4182,3858,3489,3081,-5.66689,-28.1308,8.74083,48.1627
65303,8118,5225,3943,3308,9316,5137,3849,3346,4955,4164,3585,3235,3567,3583,3319,3169,-12.8803,-33.9123,8.57216,47.8793
65304,3258,3379,3779,3943,3317,3622,4545,5579,3350,3799,5230,9693,3400,3861,4799,6346,8.18492,33.9238,8.53396,47.9333
65305,3777,4251,4537,3874,4108,5937,6792,4437,3978,5364,5912,4305,3610,3932,4022,3698,-2.09639,2.05897,8.94229,48.356
65306,3347,3408,3447,3370,3621,3973,4148,3725,4201,6126,6192,4497,4518,6629,6775,4633,16.6217,0.389244,8.74206,48.4067
65307,3414,3924,5880,12333,3364,3733,4870,6479,3115,3410,3871,4045,3179,3163,3430,3347,-25.2555,30.8402,8.7141,47.7047
65308,3461,4103,5843,7132,3429,4018,6446,7985,3304,3638,4435,4778,3123,3278,3592,3583,-12.6944,18.5221,8.71179,48.0987
65309,3194,3321,3614,3789,3305,3687,4355,5770,3279,3990,5221,10096,3266,3778,4930,6651,8.79152,29.6972,8.73333,48.164
65310,3748,3833,3724,3486,4580,5605,4454,3472,5140,8043,5347,3879,4419,4879,4293,3756,5.48982,-6.86218,8.9337,48.4387
65311,7820,9515,4884,3619,5066,5251,4207,3504,3789,3881,3622,3400,3301,3358,3324,3223,-32.054,-12.2003,8.83112,47.8427
65312,3224,3440,3339,3307,3586,3724,3808,3490,4195,4870,4943,4092,4792,8507,8003,4604,31.5345,-0.741122,8.89979,47.9493
65313,3609,3670,3375,3083,4408,4203,3654,3310,7158,6437,4055,3427,7385,6576,4315,3547,15.4568,-16.5912,8.87097,48.1413
65314,3051,3205,3367,3402,3218,3536,3793,3911,3315,3741,4661,5985,3360,3904,5927,12771,32.046,31.3661,8.99285,47.4313
65315,3617,3619,3568,3372,4203,4935,4178,3537,5200,8028,5495,3925,4872,5814,4545,3752,10.0567,-6.64683,8.61501,48.44
65316,4761,7123,5774,4185,4557,6753,5564,4073,3899,4133,4070,3651,3306,3516,3490,3178,-15.9052,-3.18409,8.87654,48.022
65317,3135,3290,3305,3412,3207,3523,3875,3956,3425,3901,5214,6211,3510,4260,7740,10306,23.9499,18.8932,8.98541,48.18
65318,6329,10024,5953,3974,4583,5276,4475,3816,3698,3859,3639,3419,3378,3339,3316,3256,-31.0423,-7.81274,8.9175,48.2227
65319,3664,4465,7248,6188,3517,4483,7356,6001,3435,3778,4280,4152,3226,3398,3565,3565,-14.8968,12.0588,8.95651,48.214
65320,4247,6791,9079,5589,3903,4782,5682,4522,3485,3782,3774,3630,3214,3229,3450,3290,-24.1992,4.02103,8.60177,48.2993
65321,4686,8080,8125,4843,4121,5030,5150,4187,3560,3742,3805,3601,3311,3344,3353,3306,-25.4837,0.601229,8.75063,48.1627
65322,3192,3334,3505,3447,3484,3715,4336,4046,3757,4716,7054,5274,3875,5183,7734,5587,16.4353,8.4672,8.62403,48.1593
65323,3126,3335,3468,3354,3267,3556,3938,4155,3464,4141,5565,6044,3593,4534,7903,8742,21.2127,16.0323,8.6089,48.1233
65324,3376,3887,5967,12143,3287,3861,4789,6485,3262,3517,3824,3988,3058,3283,3277,3338,-24.4224,32.6146,8.56462,47.5613
65325,3326,3440,3375,3190,3633,3945,3751,3416,4471,5195,4635,3722,5620,9472,6698,4148,30.6937,-4.98681,8.66928,48.0247
65326,3215,3415,3903,4208,3268,3625,4778,6629,3322,3857,5397,9282,3398,3656,4523,5808,5.19924,24.5286,8.84429,48.1893
65327,7529,9628,5166,3686,5147,5181,4253,3554,3816,3908,3704,3240,3379,3335,3284,3202,-33.0942,-11.3609,8.62976,48.008
65328,3062,3095,3400,3431,3252,3398,3754,4076,3452,3763,4989,6296,3338,4056,6573,12109,25.1885,25.117,8.86262,48.0293
65329,3171,3378,3777,3959,3420,3605,4365,5874,3277,3835,5263,9957,3378,3715,4718,6325,7.69981,32.974,8.65691,48.0113
65330,3425,3401,3214,3001,4086,3961,3457,3175,6907,4983,3796,3396,11257,6192,3821,3468,21.7836,-25.0902,8.62487,47.6933
65331,3541,3470,3212,3073,3897,3714,3376,3199,5942,4819,3696,3432,12349,6617,4002,3352,31.337,-25.1148,8.9963,47.794
65332,3319,3429,3225,3218,3844,3754,3612,3331,4913,5636,4520,3668,6456,9453,5609,4006,23.8734,-8.19833,8.69127,47.9953
65333,3586,3964,4206,3879,3775,5224,6500,4374,3819,5478,7077,4551,3621,4073,4475,4025,0.942934,4.16186,8.94808,48.418
65334,4091,5229,6667,4845,3982,5770,7244,4821,3600,4010,4383,3814,3347,3497,3545,3389,-13.4563,4.14302,8.6395,48.156
65335,3340,3332,3198,3124,4057,3710,3401,3275,6334,4730,3794,3387,12373,6162,3948,3396,26.6051,-26.7862,8.79233,47.7073
65336,3121,3262,3434,3438,3234,3651,4166,3968,3677,4554,6476,5466,3860,5161,8431,6538,18.9205,10.5926,8.76436,48.2913
65337,3458,3893,5587,10337,3403,3816,5219,7726,3236,3571,3943,4171,3219,3233,3391,3529,-18.7456,33.5919,8.56962,47.8213
65338,3683,3925,3882,3482,4228,5781,4841,3911,4656,7266,5678,3946,4079,4593,4208,3835,3.09964,-3.4567,8.95785,47.996
65339,3288,3791,5103,7552,3356,3622,5207,9784,3331,3525,4257,5156,3122,3401,3717,3677,-11.7234,31.1993,8.71473,47.926
65340,3047,3242,3480,3428,3263,3482,3890,4059,3498,3876,4996,6589,3363,4026,6508,11354,23.6261,24.4712,8.61786,48.0673
65341,3995,3739,3413,3199,5649,4483,3659,3354,9474,5506,3872,3255,6720,4777,3719,3297,8.58775,-25.042,8.5886,48.074
65342,3425,4321,7086,7131,3534,4339,6730,6701,3409,3673,4224,4341,3161,3400,3543,3550,-16.002,14.6303,8.80653,48.3787
65343,4094,6062,8457,5382,3902,4925,6142,4840,3428,3839,3898,3742,3335,3389,3317,3243,-20.0451,5.02939,8.63164,47.9967
65344,3133,3346,3518,3492,3378,3754,4236,4107,3650,4377,6780,6243,3633,4724,7493,7008,17.1784,13.2247,8.5774,48.5813
65345,3380,3994,6491,11277,3318,3931,4901,6826,3142,3502,3896,4090,3121,3293,3419,3509,-23.459,24.1338,8.5113,48.06
65346,3246,3437,3225,3065,3780,3946,3641,3338,5330,5716,4239,3615,7549,9151,5099,3798,23.423,-12.2299,8.79754,48.1167
65347,4283,4964,4399,3734,5012,7729,5733,3955,4196,5417,4532,3767,3712,3856,3792,3411,-5.81127,-5.07843,8.6677,48.328
65348,3659,4462,6643,6030,3600,4472,7590,6106,3405,3681,4393,4310,3192,3304,3593,3607,-13.4808,11.943,8.64824,48.0313
65349,3148,3289,3573,3503,3379,3743,4081,4145,3701,4588,6937,5712,3808,4936,7454,5990,16.2041,10.5427,8.55534,47.9913
65350,3410,4140,6747,8649,3411,4033,5978,6925,3194,3525,4146,4158,3227,3282,3387,3452,-18.0595,18.6139,8.84682,47.776
65351,3485,3417,3180,3034,4605,4143,3541,3219,8540,5102,3813,3295,9525,5565,3910,3519,15.9605,-29.7926,8.76018,47.9287
65352,3011,3384,3549,3552,3312,3659,4354,4221,3483,4357,6799,6623,3574,4396,7092,6817,15.4843,14.3214,8.86393,48.122
65353,3611,3570,3504,3173,4118,4729,3949,3511,5268,7852,5159,3832,4979,6093,4716,3716,11.2509,-7.29779,8.50002,47.8533
65354,3782,5206,8413,6117,3733,4660,6749,5265,3352,3794,4132,3774,3178,3360,3382,3383,-18.403,8.99082,8.90043,48.1867
65355,3147,3370,3414,3471,3280,3488,3819,3927,3406,3928,5014,5822,3411,4117,7238,11274,32.9959,21.14,8.54862,48.084
65356,3532,4652,7941,8047,3573,4163,5784,6069,3273,3582,4032,4054,3091,3210,3462,3353,-20.7197,15.182,8.62367,47.8787
65357,10621,6047,3802,3381,7585,5123,3839,3430,4348,3929,3520,3210,3384,3387,3260,3102,-19.3506,-25.3837,8.8322,47.9787
65358,3090,3267,3555,3607,3255,3482,4210,4689,3458,3969,5495,8565,3266,3993,5754,8191,14.5346,22.7872,8.57933,47.8973
65359,3459,4449,7807,8938,3480,4102,5525,6064,3286,3595,4055,4089,2981,3185,3449,3412,-21.4852,16.4751,8.5324,47.9173
65360,3096,3193,3451,3432,3087,3558,3904,3887,3371,3799,5062,6276,3432,4082,6982,11619,25.4989,22.5425,8.84936,48.154
65361,3410,3779,5073,6972,3442,3894,5727,9427,3130,3650,4251,5299,3222,3360,3682,3862,-10.2814,23.7564,8.80334,48.12
65362,3300,3310,3246,3154,3704,3837,3553,3297,5431,5376,4111,3523,8285,9236,4894,3687,27.873,-13.6119,8.83535,47.9627
65363,7276,5849,3966,3442,8260,6395,3946,3464,4737,4221,3597,3319,3646,3610,3323,3097,-12.9454,-19.0571,8.68968,48.0987
65364,3431,3943,5926,12424,3378,3769,4939,6203,3184,3443,3606,3914,3133,3204,3348,3423,-26.5191,31.1071,8.75049,47.512
65365,3773,3659,3446,3203,5523,4243,3560,3246,9803,5369,3808,3365,7019,4895,3714,3362,9.60516,-27.2458,8.57563,47.992
65366,6040,6350,4346,3694,6452,7404,4588,3641,4352,4512,3887,3410,3470,3591,3449,3243,-12.9324,-12.6904,8.72211,48.286
65367,7839,7383,4421,3432,6605,6229,4231,3505,4314,4129,3559,3299,3551,3450,3265,3118,-18.2906,-15.754,8.96571,48.22
65368,3034,3207,3331,3505,3150,3524,3836,3948,3363,3777,4911,6496,3516,3966,6578,11936,24.3479,24.3039,8.82064,48.052
65369,4126,5689,6596,4772,4025,5836,7038,4569,3641,4113,4339,3839,3264,3623,3515,3344,-14.3218,2.97156,8.69897,48.2193
65370,3275,3499,3594,3431,3594,4291,4582,3922,3951,6014,7795,4867,4034,5051,5862,4483,10.7198,3.74306,8.87453,48.1633
65371,3066,3303,3427,3557,3213,3700,4099,4497,3440,3790,5406,8303,3405,3833,5835,9094,16.4771,23.8591,8.77255,47.9787
65372,3375,3386,3223,3136,3981,3840,3514,3358,5607,5145,4000,3370,10392,7878,4257,3472,29.5278,-18.7899,8.56629,47.956
65373,3181,3629,4590,5738,3321,3732,5424,9615,3307,3682,4704,6640,3151,3465,3829,4116,-4.97255,25.9328,8.78229,48.0827
65374,3298,3542,3640,3657,3704,4216,5009,4190,3895,5456,8124,5167,3685,4579,5742,4659,9.13334,6.23743,8.81453,48.3753
65375,5850,9960,6231,4029,4592,5368,4520,3764,3631,3867,3535,3444,3372,3489,3298,3396,-32.7253,-6.1462,8.71393,48.2307
65376,4705,4381,3667,3128,7845,5722,3875,3471,7429,5426,3782,3400,4525,4106,3645,3213,-0.947054,-20.8225,8.98757,48.2133
65377,3102,3576,4076,4602,3345,3846,5168,7985,3333,3723,5301,8296,3275,3568,4087,4877,0.467455,24.1704,8.88471,48.1067
65378,3144,3421,3500,3487,3347,3716,4283,4244,3453,4436,7028,6146,3630,4438,7283,6430,15.7746,12.5427,8.86002,47.9907
65379,4928,4601,3768,3392,7586,6534,4119,3462,6164,5379,3885,3341,4192,4049,3552,3191,-3.63501,-17.9483,8.57474,48.0953
65380,3610,4854,8846,7946,3529,4177,5818,5518,3410,3636,3917,4015,3137,3238,3434,3369,-22.177,13.4285,8.85375,48.3027
65381,4389,4228,3616,3250,6526,5540,3915,3366,7569,6118,3935,3401,4857,4463,3693,3292,2.45303,-18.184,8.91045,48.1053
65382,3726,5192,9936,7587,3671,4127,5269,4980,3321,3471,3837,3800,3150,3300,3454,3482,-31.1436,11.2977,8.9941,48.202
65383,3171,3322,3601,3513,3231,3740,4473,4315,3663,4460,7003,6129,3629,4481,6925,6152,14.4702,12.3238,8.51471,47.872
65384,3399,3575,3486,3278,3748,4229,4160,3583,4595,6941,6136,4201,4533,6361,5654,4230,13.429,-2.36537,8.6597,48.0727
65385,3465,4147,7132,11124,3409,3850,5021,6205,3275,3357,3888,3915,3147,3235,3326,3320,-26.7543,21.3123,8.57775,47.8773
65386,3423,3359,3295,3184,3563,3754,3706,3405,4656,5207,4494,3810,5971,10057,6205,4025,31.6055,-6.78783,8.99315,48.076
65387,3329,3667,4644,6152,3431,3899,5539,9457,3293,3711,4570,6123,3182,3249,3794,4087,-6.30186,24.0886,8.92659,48.0847
65388,3541,4126,5642,5637,3500,4279,7392,7033,3414,3888,4790,4752,3335,3542,3700,3698,-10.0168,14.3452,8.62204,48.1793
65389,3395,3489,3531,3399,3667,4356,4321,3666,4411,6905,6736,4303,4495,5864,5689,4402,12.1945,-0.297397,8.88418,48.4193
65390,3567,3551,3346,3150,4423,4075,3624,3258,7123,6235,4118,3375,7756,6868,4315,3590,16.1319,-17.0054,8.93861,48.2493
65391,3118,3307,3450,3310,3244,3602,3736,3886,3434,4076,5173,5476,3479,4656,9290,8630,33.8049,14.3983,8.87101,47.9113
65392,3155,3176,3441,3454,3242,3464,3749,4191,3380,3828,4952,7053,3312,3920,6079,11581,22.4,28.5321,8.71402,47.9847
65393,12635,6132,3995,3342,6046,4661,3712,3326,3908,3789,3386,3271,3323,3334,3102,3226,-30.4527,-31.1367,8.67634,47.4587
65394,3376,3375,3326,3156,3534,3683,3723,3627,4050,4850,5159,4392,4422,7220,8818,5137,25.5698,2.65059,8.53722,47.8987
65395,3194,3254,3565,3591,3276,3574,4011,4499,3439,3813,5299,8285,3355,3890,5664,9471,16.547,24.8464,8.58248,48.12
65396,3172,3289,3445,3389,3270,3530,3822,3869,3398,4089,5334,5395,3653,4717,8949,8504,33.8956,14.5179,8.54674,47.8833
65397,3255,3547,4063,4381,3317,3770,4869,6445,3385,3982,5939,8591,3271,3698,4518,5326,4.21177,21.5086,8.52538,48.238
65398,3948,6195,9916,6336,3737,4368,5273,4676,3454,3671,3790,3709,3169,3239,3367,3324,-26.4185,6.99295,8.93624,48.1147
65399,3341,3378,3197,3216,3723,3864,3467,3315,4787,5323,4236,3685,6605,9892,5995,3993,28.1971,-8.2828,8.50347,48.0113
65400,3522,3421,3399,3114,3905,4349,4018,3404,5015,7531,5251,3883,5016,7273,5252,3869,14.7875,-6.31538,8.89028,48.148
65401,3483,3865,5727,9877,3355,3757,5112,8254,3230,3541,3972,4512,3084,3190,3507,3543,-17.163,26.4307,8.81586,48.006
65402,5136,5915,4441,3697,5656,8043,5074,3707,4266,4780,4176,3612,3609,3706,3524,3217,-10.239,-8.82715,8.66514,48.3727
65403,3494,4041,5904,6628,3486,4134,6651,7854,3334,3624,4309,4757,3083,3487,3620,3747,-12.4947,17.4317,8.64883,48.102
65404,3420,4257,6496,8625,3303,4072,5952,7587,3311,3554,4071,4349,3159,3327,3449,3501,-16.5559,19.241,8.72426,48.2887
65405,3328,3785,4935,5310,3449,4172,7150,7437,3438,3935,5256,5436,3321,3459,3851,4066,-5.79495,16.0684,8.88823,48.2187
65406,3381,3710,4340,4650,3373,4142,6499,6764,3345,4075,6095,6357,3198,3725,4200,4349,-1.03457,16.0441,8.99424,48.1353
65407,3292,3635,3817,3887,3511,4234,5610,4704,3791,4922,7876,5562,3578,4178,5029,4648,5.65575,9.40037,8.51052,48.1827
65408,3184,3317,3459,3412,3263,3501,3730,3903,3424,3695,4762,5965,3346,3747,5921,12912,31.6721,29.5829,8.95498,47.694
65409,3677,4748,8420,7762,3585,4215,5938,5699,3235,3585,4180,4000,3011,3280,3345,3449,-20.9782,13.8867,8.69932,48.086
65410,3206,3501,3767,3864,3183,3618,4400,5894,3332,3879,5221,10044,3326,3787,4858,6267,7.73312,29.6741,8.7615,48.098
65411,3618,4347,5047,4314,3791,5253,8159,5158,3582,4276,5786,4381,3540,3712,4093,3714,-5.37166,6.71222,8.98462,48.514
65412,7088,7786,4616,3723,5988,6322,4325,3610,4046,4118,3611,3360,3478,3376,3408,3029,-18.2718,-13.2796,8.72729,47.9227
65413,3423,3403,3487,3254,3896,4091,3747,3589,5077,6825,4850,3826,5811,7980,5427,3990,17.3609,-7.54572,8.66421,48.4507
65414,4212,4976,4485,3827,4686,7525,6211,4148,4095,5163,4658,3755,3637,3649,3720,3474,-6.71872,-3.01539,8.78156,48.1473
65415,3109,3357,3339,3372,3418,3600,3773,3714,3777,4500,5308,4697,4063,6052,9838,6252,27.8561,7.23036,8.53424,48.1127
65416,3439,3494,3269,3114,4203,4177,3643,3339,6504,6484,4155,3572,7196,7189,4378,3621,16.4428,-14.8694,8.70441,47.8513
65417,3055,3210,3318,3314,3184,3370,3849,3935,3373,3733,4791,6267,3461,4013,6120,12651,26.1814,27.7409,8.95354,47.7627
65418,4101,6196,8642,5574,3909,4956,5937,4735,3452,3678,4014,3734,3206,3340,3353,3433,-20.9504,5.42032,8.6332,48.1733
65419,7793,5396,3789,3325,9132,5654,3822,3306,5107,4293,3583,3261,3705,3673,3274,3186,-12.6897,-23.8391,8.61211,48.1993
65420,3650,3569,3305,2992,4826,4069,3599,3254,9334,5144,3825,3324,8399,5239,3842,3320,13.679,-30.0032,8.59721,47.794
65421,3743,3728,3428,3102,5203,4545,3715,3353,8219,6708,3993,3408,6348,5542,3907,3323,10.3146,-18.516,8.90578,48.1767
65422,3234,3524,4047,4628,3251,3663,4760,7769,3411,3741,5104,8636,3334,3502,4174,5184,1.59033,28.692,8.50067,47.9747
65423,3562,3336,3343,3184,4352,4071,3498,3166,8507,5109,3773,3451,9583,5467,3965,3435,16.7944,-33.1292,8.67048,47.868
65424,4267,6818,9646,5686,3820,4651,5058,4393,3391,3661,3801,3557,3217,3328,3379,3287,-28.3451,4.78387,8.99973,47.9733
65425,3092,3178,3518,3532,3269,3568,4006,4533,3334,3802,5493,8230,3441,3784,5949,9361,16.4667,23.9531,8.84993,48.06
65426,5101,4191,3517,3241,8840,5003,3672,3351,7715,4786,3679,3330,4657,4134,3424,3321,-1.67285,-30.7027,8.90536,47.9747
65427,3431,3946,6155,12249,3401,3829,4823,6308,3232,3284,3803,4000,3055,3328,3374,3229,-26.4417,28.2568,8.54306,47.6313
65428,3323,3321,3337,3153,3713,3783,3691,3494,4366,5249,4813,4021,5172,8900,7343,4380,32.9642,-2.71959,8.53557,48.0393
65429,3382,3986,5918,12279,3418,3787,4663,5981,3389,3388,3739,3832,3276,3268,3408,3521,-33.73,33.3647,8.71642,47.49
65430,3336,3751,4967,6677,3327,3862,5366,9788,3201,3709,4226,5646,3195,3261,3601,3823,-9.16326,26.4221,8.60004,47.824
65431,3874,3841,3374,3192,5657,4484,3574,3179,9281,6015,3861,3511,6321,4990,3761,3305,8.34508,-21.4688,8.81227,48.1467
65432,3753,5279,10188,6787,3613,4237,5270,4942,3409,3660,3824,3740,3197,3359,3397,3235,-31.1234,9.51044,8.94426,47.9267
65433,3541,3452,3285,3098,4410,4055,3447,3282,8064,5176,3842,3291,9715,5864,4020,3402,17.2658,-25.7203,8.54005,47.9627
65434,3156,3384,3714,3989,3315,3577,4432,5531,3392,4054,5562,9549,3314,3743,4906,6698,9.15615,23.8088,8.76515,48.2107
65435,3325,3484,3344,3258,3745,3813,3770,3324,4686,5110,4450,3791,5859,9636,6423,4085,31.6279,-5.35918,8.703,48.0687
65436,4673,7987,8525,4919,4144,4912,4893,4126,3557,3757,3714,3556,3251,3271,3327,3233,-31.8779,0.747408,8.53029,47.8967
65437,3112,3336,3481,3409,3413,3690,4096,3977,3740,4499,6938,5750,3721,4994,7901,6101,17.0291,10.5684,8.84689,48.1053
65438,3450,3996,5022,7531,3497,3851,5058,9575,3331,3543,4219,5299,3103,3318,3510,3667,-11.3318,31.9739,8.54303,47.98
65439,3320,3323,3287,3100,3875,3872,3635,3376,5166,5322,4243,3575,7769,9484,5059,3671,29.6303,-12.0203,8.5,48.0513
65440,3355,3346,3276,3076,3844,3774,3595,3376,5078,5311,4241,3566,7447,9714,5232,3785,28.0804,-11.5446,8.73367,48.0107
65441,3576,3552,3305,3191,4032,4517,3826,3471,5506,7714,4881,3728,5380,7141,4805,3750,14.2265,-8.83198,8.84654,48.25
65442,2993,3160,3529,3536,3256,3439,3979,4456,3451,3808,5238,8225,3399,3884,5654,9887,17.5878,26.3308,8.68711,47.9293
65443,4158,6739,9686,5603,3983,4763,5104,4432,3421,3695,3798,3581,3156,3304,3328,3180,-28.7823,4.70607,8.79411,47.954
65444,4151,4021,3551,3202,6260,5252,3829,3362,7901,6497,4124,3396,5183,4698,3746,3324,4.01899,-18.5836,8.84868,48.3313
65445,3556,3705,3492,3202,4077,4508,3995,3583,5346,8168,5244,3812,4982,6162,4819,3778,11.4982,-7.31154,8.90109,48.286
65446,3259,3584,4224,4863,3432,3840,5645,8174,3343,3817,5337,7340,3247,3567,4081,4591,-1.32866,21.8946,8.572,48.2293
65447,10647,5793,3946,3412,7680,5157,3771,3387,4321,3823,3537,3134,3421,3378,3197,3071,-19.4209,-27.0629,8.85467,47.7833
65448,3282,3642,3919,3874,3422,3942,5429,4971,3585,4483,7923,6412,3487,4139,5146,4928,6.17283,11.9763,8.98074,48.3893
65449,4437,3914,3445,3236,7509,4799,3685,3268,9077,5270,3753,3322,5137,4421,3598,3256,2.43781,-32.2575,8.9531,48.0847
65450,4275,4848,4393,3689,4954,7647,5667,3927,4262,5534,4681,3754,3713,3872,3678,3447,-5.18892,-4.40962,8.8536,48.2273
65451,4073,3737,3396,3044,5959,4442,3703,3132,9684,5431,3769,3278,6430,4810,3754,3206,7.76398,-25.4789,8.79882,47.8987
65452,3065,3238,3328,3527,3313,3562,3842,4114,3456,3917,5493,6443,3516,4330,7430,9565,21.4152,18.6128,8.64251,48.0927
65453,8829,7595,4332,3460,6389,5813,4095,3515,4007,3991,3565,3268,3442,3410,3335,3163,-20.2296,-17.3081,8.9269,48.1393
65454,4023,3777,3396,3096,5564,4712,3809,3282,8806,6425,3947,3392,5911,4882,3756,3436,7.81194,-19.7608,8.98649,48.1427
65455,11355,7111,4053,3340,5919,4842,3757,3343,4020,3763,3532,3158,3429,3422,3300,3062,-33.0484,-21.6047,8.50232,47.604
65456,3376,3616,4173,4052,3562,4322,6163,5010,3592,4607,7438,5643,3464,3972,4638,4452,2.75125,10.3971,8.55322,48.0533
65457,3533,4143,5383,5317,3535,4437,7671,6848,3410,3855,5052,4726,3295,3468,3815,3738,-8.30011,13.3897,8.56166,48.1507
65458,3249,3351,3406,3265,3338,3689,3845,3657,3791,4487,5210,4555,4095,6642,9900,5963,27.9115,5.86384,8.98966,48.2953
65459,3246,4032,6100,11013,3436,3798,4980,7317,3182,3447,3872,4266,3006,3216,3496,3310,-20.7331,25.2378,8.5669,47.8113
65460,8100,7170,4372,3444,6725,6065,4093,3584,4297,4171,3558,3294,3552,3467,3393,3124,-18.1375,-17.2704,8.59783,48.2727
65461,3316,3437,4135,4844,3334,3644,5161,8044,3306,3704,5216,7856,3243,3578,4160,4710,-0.335451,24.1531,8.56257,47.792
65462,3350,3488,3541,3344,3688,4201,4219,3682,4279,6588,6419,4318,4479,6271,6217,4475,14.5143,-0.0464799,8.92984,48.3727
65463,11924,6375,4013,3403,6499,4793,3831,3350,3950,3790,3445,3140,3411,3282,3201,3048,-24.9663,-24.8545,8.82179,47.6367
65464,3109,3214,3429,3393,3222,3566,3951,4128,3449,3997,5375,6044,3567,4326,7968,9559,23.1036,17.5017,8.73346,48.198
65465,3234,3383,3402,3241,3454,3889,4073,3816,3992,5509,6308,4560,4258,6449,7730,4910,18.3651,2.95825,8.80533,48.1387
65466,3449,3490,3443,3323,3891,4017,4027,3507,4581,6367,5379,4003,5007,7672,6228,4161,18.3199,-3.58567,8.5922,48.3633
65467,5584,5029,4001,3359,7817,6849,4036,3512,5431,5018,3713,3418,3936,3936,3435,3226,-7.03103,-17.4392,8.57645,48.2
65468,3148,3410,3429,3237,3421,3710,3787,3763,3658,4362,5501,4846,3918,5713,9763,6693,25.4847,8.67525,8.54548,48.2393
65469,4213,6605,9568,5742,3819,4558,5348,4573,3401,3579,3741,3654,3138,3291,3362,3345,-27.0718,5.39726,8.64681,47.958
65470,3199,3235,3308,3343,3446,3650,3738,3680,3803,4591,5172,4568,4308,6668,9699,5501,30.9712,4.92029,8.64203,47.9393
65471,3284,3483,3984,4195,3416,3801,5350,6034,3334,4074,6780,7583,3327,3738,4692,5065,4.23942,17.2973,8.61118,48.0933
65472,3197,3433,3268,3286,3573,3826,3601,3500,4298,4876,4804,4036,5095,8638,7855,4520,31.076,-1.38642,8.79784,47.8707
65473,3364,3992,5023,5519,3447,4364,7211,7547,3475,3861,5069,5326,3289,3313,3859,3914,-7.09724,15.8548,8.71331,48.382
65474,3437,3410,3213,3152,3972,3714,3407,3142,6098,4803,3657,3359,12681,5976,3946,3412,29.43,-27.3172,8.90567,47.586
65475,3235,3444,3924,4175,3318,3753,4869,5988,3410,4047,6403,8167,3315,3899,4755,5486,5.50545,19.295,8.56168,48.1253
65476,3270,3326,3397,3291,3642,3949,3861,3507,4554,5798,5151,3957,5358,8668,6446,4163,21.5082,-4.5536,8.70487,48.2253
65477,3809,5149,8441,6661,3722,4482,6457,5457,3343,3614,4071,3966,3187,3135,3398,3402,-19.5321,10.7354,8.7105,48.196
65478,9698,6404,4072,3373,7615,5652,3835,3402,4411,4010,3498,3306,3484,3389,3251,3099,-18.039,-21.7709,8.91473,48.3327
65479,3443,3490,3121,3179,4432,4063,3521,3136,7858,5394,3984,3466,9550,6017,3970,3467,17.4769,-23.0059,8.67926,48.0607
65480,4053,4356,4007,3631,4802,6835,5082,3745,4637,6720,4985,3702,3950,4401,3908,3530,-0.74519,-5.21071,8.87975,48.2293
65481,5838,9806,6427,4015,4580,5154,4534,3776,3736,3851,3674,3393,3242,3385,3366,3229,-31.6579,-5.99798,8.69455,48.004
65482,5411,7257,5103,3873,5101,7362,5022,3808,3957,4336,3898,3518,3437,3484,3408,3193,-15.211,-7.20205,8.74264,48.112
65483,3432,4120,5824,6072,3558,4316,7258,7102,3370,3740,4664,4730,3282,3345,3646,3733,-11.0799,14.6435,8.65584,48.128
65484,3334,3556,4028,3992,3422,4060,5486,5083,3507,4539,7593,6588,3405,3963,4904,4952,5.15992,13.1671,8.75986,48.2747
65485,3523,4039,7837,10838,3382,3932,5013,5805,3215,3486,3919,3903,3157,3306,3458,3365,-29.2969,19.3223,8.87242,48.1187
65486,3832,3655,3433,3199,5570,4456,3709,3286,9989,5309,3813,3376,6602,4803,3710,3293,8.74426,-33.019,8.90929,48.0233
65487,3083,3177,3338,3406,3254,3513,3973,4036,3357,3707,4852,7074,3505,4044,5763,11582,21.8089,31.8209,8.55683,47.776
65488,3146,3414,3645,3819,3138,3552,4160,5372,3393,3959,5151,9745,3346,3806,5081,7372,10.4921,28.8146,8.72408,48.066
65489,5303,4362,3604,3223,9173,5217,3690,3293,7325,5017,3708,3283,4378,3959,3473,3097,-3.02003,-25.5254,8.96238,48.07
65490,3745,3850,3489,3334,4683,5188,4045,3526,5812,8274,4873,3709,4800,5400,4251,3511,7.3085,-9.87697,8.81786,48.3267
65491,3542,3397,3288,3093,4496,4024,3600,3268,7705,5943,4036,3471,8355,6237,3997,3511,16.391,-20.2022,8.57098,47.9753
65492,5100,4584,3717,3354,8130,6219,3948,3361,6434,5161,3835,3360,4158,3980,3548,3280,-3.90543,-19.0114,8.66129,48.1127
65493,6143,9703,5858,3937,4892,5638,4499,3762,3818,3831,3513,3433,3267,3396,3270,3143,-24.2607,-7.38404,8.91123,48.0687
65494,10052,6356,4062,3465,7512,5347,3824,3338,4293,3905,3569,3208,3498,3483,3309,3069,-19.0068,-21.9796,8.98058,48.1933
65495,4669,5358,4508,3725,5173,7970,5409,3892,4282,5228,4373,3687,3681,3809,3592,3409,-7.89557,-6.37059,8.75928,48.51
65496,3304,3469,3189,3090,3966,3866,3434,3165,6374,4661,3903,3324,12406,6190,3810,3415,25.9841,-28.1063,8.61406,47.7107
65497,3228,3707,4315,5387,3385,3832,5489,9169,3317,3766,4929,7029,3157,3415,3964,4449,-3.46903,24.9097,8.91774,48.3587
65498,3420,3844,5170,6154,3430,4006,6308,8720,3392,3640,4573,5353,3152,3416,3790,3934,-8.28417,19.7797,8.54275,48.2013
65499,5488,4401,3681,3258,9335,5015,3620,3435,7192,4642,3785,3328,4313,3992,3501,3232,-3.5429,-31.2631,8.83169,48.1453
65500,4842,4141,3465,3252,8659,4986,3780,3376,8075,4876,3703,3382,4648,4174,3548,3217,-0.869358,-28.6155,8.92246,48.0827
65501,3181,3301,3382,3332,3444,3696,3879,3651,3824,4555,5481,4632,4081,6178,9650,6134,25.3428,6.5553,8.78236,48.2673
65502,3641,4929,8651,7304,3659,4321,6046,5544,3246,3728,4052,3943,3217,3369,3442,3349,-21.1441,11.8769,8.76339,48.294
65503,3452,4374,8492,9897,3464,4033,5129,5415,3285,3500,3881,3853,3082,3298,3493,3343,-30.9667,17.202,8.67983,47.994
65504,3690,4326,4982,4241,3852,5660,7928,4986,3673,4521,5566,4305,3385,3782,3874,3712,-5.89931,5.24018,8.8608,48.322
65505,3414,3798,6027,12657,3322,3818,4820,6344,3193,3389,3713,3897,3000,3206,3306,3373,-27.3121,30.5107,8.94302,47.518
65506,3478,3906,5726,10766,3360,3786,4967,7609,3255,3498,3773,4197,3176,3295,3247,3312,-19.4928,33.1,8.84111,47.5673
65507,3154,3259,3406,3470,3348,3567,3929,3906,3464,4044,5390,5899,3454,4425,7928,9267,23.3454,17.1621,8.61685,47.94
65508,4571,7510,8619,4969,4023,4973,5411,4434,3395,3708,3791,3695,3177,3339,3425,3304,-24.1864,1.76607,8.78489,48.2293
65509,8415,5479,3824,3487,8949,5477,3875,3350,4744,4042,3565,3263,3634,3483,3317,3088,-14.0453,-24.0314,8.83505,47.9947
65510,10197,7160,4199,3485,6401,5381,3920,3383,3963,3943,3550,3333,3433,3454,3295,3067,-21.4845,-19.7137,8.77036,48.1093
65511,5209,4904,3837,3419,7790,7082,4147,3458,5406,5184,3947,3418,4083,3919,3501,3185,-6.15893,-16.3297,8.89178,48.326
65512,3152,3195,3391,3342,3292,3453,3813,4106,3324,3746,4968,7043,3500,4028,5865,11479,21.5198,32.898,8.64255,47.798
65513,3452,3482,3183,3048,4067,3838,3428,3255,6132,5009,3931,3456,11534,6892,3968,3461,26.0869,-22.1224,8.82138,48.0907
65514,6737,9837,5473,3856,4898,5547,4463,3732,3794,3821,3564,3440,3365,3358,3223,3230,-25.0242,-9.16902,8.78243,48.2253
65515,3668,4047,4480,4141,3874,5393,7513,4961,3698,4817,6121,4511,3489,3854,4022,3819,-2.5802,5.49066,8.96173,48.272
65516,3073,3246,3326,3382,3304,3489,3767,3835,3487,4103,5249,5408,3552,4585,8731,9448,30.204,15.8446,8.66056,47.99
65517,3341,3436,3435,3233,3689,4059,3802,3628,4322,6272,5603,4306,4837,7415,6558,4414,17.8555,-1.61387,8.54026,48.2333
65518,3177,3321,3350,3489,3394,3796,4281,4418,3405,4254,6599,6641,3614,4321,7081,7319,15.9401,15.397,8.7669,48.3067
65519,3546,4913,9393,8025,3762,4240,5299,5216,3275,3525,3895,3757,3171,3336,3293,3457,-26.592,12.7057,8.5581,48.0687
65520,3359,3989,5187,5612,3523,4053,6840,8020,3325,3750,4765,5477,3242,3453,3707,3966,-7.34973,17.7516,8.78191,48.1787
65521,3084,3344,3586,3643,3183,3603,4086,4604,3341,3733,5436,8515,3308,3864,5798,9074,15.3451,23.4231,8.84417,48.1347
65522,5832,5971,4353,3521,6635,7647,4354,3621,4636,4719,3810,3415,3561,3558,3453,3171,-10.9613,-13.2257,8.9015,48.1713
65523,3536,3462,3298,3193,4145,4272,3752,3361,5820,6924,4501,3708,6418,7386,4729,3683,16.2848,-11.6203,8.5264,48.1253
65524,7758,5156,3702,3557,9513,5286,3802,3394,5139,4196,3511,3208,3700,3446,3354,3145,-12.0066,-29.7441,8.7212,47.9113
65525,4836,8450,7872,4726,4235,5021,5009,4027,3557,3775,3792,3590,3229,3298,3265,3308,-27.6079,-0.813552,8.64473,47.9933
65526,3532,4482,6928,6826,3518,4344,6767,6700,3266,3659,4390,4397,3142,3237,3643,3551,-14.8704,14.3905,8.7824,48.2547
65527,3431,3577,4428,4483,3503,4041,6273,6855,3395,3959,6089,6773,3303,3664,4282,4473,-0.567601,17.0564,8.71305,48.3527
65528,3380,3354,3210,3126,3896,3790,3466,3172,5635,5083,4102,3433,9721,8364,4513,3509,28.1153,-17.1315,8.66599,47.836
65529,3974,4485,4574,4026,4255,6594,6647,4215,4123,5165,5170,3951,3622,3738,3937,3673,-4.48825,0.141457,8.99781,48.0993
65530,3369,3375,3272,3200,4028,3804,3509,3221,5872,4883,3782,3365,11770,6626,4144,3320,32.0178,-22.9346,8.54584,47.6933
65531,6846,7245,4374,3550,6378,6764,4241,3524,4259,4230,3777,3426,3441,3510,3286,3156,-16.2241,-13.9329,8.89719,48.0047
65532,3539,3382,3270,3102,4688,4088,3559,3253,8692,5221,3786,3423,9262,5478,3886,3407,15.747,-25.837,8.99975,48.024
65533,4059,4273,3932,3470,5045,6896,4819,3547,5066,6864,4692,3630,4118,4259,3951,3458,-0.102556,-7.76589,8.56762,48.0527
65534,3081,3479,3728,3735,3395,3849,4727,4711,3502,4330,7432,7254,3546,3936,5685,5710,9.72931,14.874,8.94286,48.0667
65535,3525,3467,3217,3121,4407,4072,3529,3346,8150,5258,3934,3480,9543,5796,3899,3449,17.1809,-25.4293,8.61145,48.1287
65536,3932,4614,4396,3829,4460,7051,6345,4113,4184,5610,5137,3898,3681,3862,3771,3624,-3.80911,-1.55486,8.96766,48.338
65537,12498,5972,3883,3366,6275,4760,3868,3589,3872,3731,3524,3186,3352,3302,3205,3132,-26.5364,-33.116,8.71816,47.6767
65538,3457,3903,5555,9646,3311,3776,5280,8333,3280,3519,4000,4361,3228,3179,3387,3546,-16.7584,32.8522,8.69475,47.8407
65539,3359,3958,6042,7881,3398,4024,5892,8144,3321,3635,4206,4687,3156,3313,3502,3684,-14.5825,20.0518,8.55766,48.1347
65540,3101,3375,3652,3911,3279,3566,4405,5464,3343,3742,5298,9953,3282,3825,4972,7153,10.1065,26.4835,8.97338,48.214
65541,5138,8270,6706,4349,4482,6110,5258,4140,3561,3878,3857,3475,3319,3425,3351,3205,-20.1359,-3.06744,8.95053,48.3493
65542,3563,3473,3169,3051,4232,4123,3561,3240,6570,6401,4206,3572,7715,7441,4378,3574,17.6908,-15.6051,8.93215,48.1793
65543,4303,3905,3402,3326,6741,4709,3620,3381,9408,5168,3849,3355,5461,4566,3600,3327,4.51744,-32.0249,8.57171,48.0807
65544,3833,3742,3428,3167,5445,4361,3673,3285,9558,5808,3873,3360,6816,5020,3749,3316,9.46924,-23.2841,8.87388,48.2893
65545,4328,3915,3491,3164,6750,4602,3637,3257,9322,5238,3854,3330,5635,4518,3732,3358,4.49146,-25.6823,8.71237,48.0873
65546,3518,3825,3974,3619,3802,4995,5697,4342,3919,5873,7209,4776,3709,4334,4559,3991,3.45669,3.49632,8.63543,48.0947
65547,3390,3768,4540,4924,3404,4055,6477,7409,3341,3855,5522,6053,3203,3612,4121,4346,-2.78255,17.6162,8.54178,48.0133
65548,3406,3369,3216,3121,3959,3764,3335,3274,6028,4809,3739,3386,12192,6664,3946,3394,29.6092,-24.2808,8.80993,47.7347
65549,4783,8111,8131,4774,4221,5002,5057,4333,3593,3798,3828,3551,3260,3316,3274,3247,-25.4188,-0.0468825,8.74021,48.186
65550,3654,4394,4838,4301,3915,5926,7865,4832,3689,4694,5484,4265,3486,3757,3839,3666,-5.66549,4.28027,8.90528,48.4033
65551,12491,5977,3836,3467,6076,4727,3846,3363,4023,3787,3437,3179,3372,3428,3251,3012,-32.3491,-28.7606,8.56702,47.5147
65552,3392,3503,3221,3123,3956,4023,3785,3347,5469,6530,4422,3627,6455,8318,5065,3800,18.729,-10.6394,8.81806,48.024
65553,3265,3387,3314,3085,3589,3788,3648,3444,4778,5474,4448,3765,6270,9606,5998,4006,26.8742,-7.53639,8.51251,47.91
65554,3790,4562,7384,6653,3664,4315,6925,6049,3428,3635,4213,4100,3300,3306,3503,3472,-16.1726,12.4756,8.71783,48.1993
65555,4145,7065,9156,5386,3936,4719,5316,4425,3495,3654,3848,3672,3220,3266,3309,3224,-27.3048,3.63504,8.64256,47.8907
65556,3100,3582,4036,4447,3290,3751,5148,7103,3322,3830,5542,8399,3312,3674,4543,5012,2.18882,22.0942,8.78889,48.0607
65557,3176,3714,4483,5337,3331,3798,5397,9076,3420,3671,4858,7204,3204,3529,3951,4561,-3.11728,25.6036,8.61257,48.4733
65558,4211,5159,4743,3779,4672,7469,6140,4100,4067,5154,4628,3825,3521,3780,3627,3523,-6.85131,-2.51901,8.82661,48.2653
65559,3045,3186,3337,3318,3190,3422,3801,3876,3319,3935,4804,6033,3415,4133,6971,12047,27.5154,22.994,8.96554,47.888
65560,5727,5549,3944,3429,7431,7172,4362,3479,4938,4839,3850,3427,3812,3666,3412,3214,-8.90328,-15.6537,8.55506,48.1673
65561,3550,4299,6067,6347,3482,4228,7395,6960,3329,3786,4589,4641,3226,3395,3538,3683,-12.0405,14.5822,8.81906,48.3433
65562,3209,3373,3466,3384,3554,3796,4438,4150,3748,4748,7168,5555,3801,4743,7483,5762,15.6475,9.7026,8.62356,48.252
65563,4010,3953,3647,3270,4815,5738,4305,3532,5788,7916,4766,3599,4680,4886,3844,3475,4.54423,-9.93631,8.83045,48.1493
65564,3116,3337,3522,3509,3389,3719,4337,4172,3643,4648,7407,5727,3666,4682,7257,6095,15.0728,10.6812,8.77515,48.1507
65565,3280,3515,4010,4192,3450,3906,5450,5905,3521,3984,6848,7593,3336,3703,4711,4931,4.01142,16.9845,8.95539,48.2233
65566,3824,4928,9321,8147,3571,4207,5418,5319,3277,3548,3881,3853,3052,3190,3394,3438,-25.4508,13.1077,8.74427,48.2453
65567,3385,3706,4017,3642,3572,4396,5570,4507,3672,5246,7962,5181,3558,4288,5036,4526,5.33721,7.25811,8.64966,48.176
65568,12525,6144,3895,3310,6260,4683,3884,3332,3983,3855,3469,3211,3422,3332,3254,3155,-27.1653,-28.9397,8.59952,47.8093
65569,3435,4373,8216,10114,3403,4066,5188,5744,3285,3564,3914,3961,3052,3179,3415,3421,-25.4754,17.6575,8.88026,48.22
65570,4249,4467,4112,3558,5180,7432,4837,3816,4779,6321,4535,3736,3982,4265,3821,3429,-2.08636,-8.07135,8.72995,48.346
65571,3150,3456,3770,4098,3262,3835,4575,6618,3484,3853,5190,9455,3364,3739,4560,5558,5.01756,33.363,8.75073,47.978
65572,3331,4011,5264,6318,3451,4103,6483,8507,3336,3652,4599,5343,3162,3451,3634,3814,-9.32224,19.016,8.84183,48.306
65573,11239,5857,3888,3569,7245,4993,3704,3366,4161,3923,3444,3213,3346,3413,3228,3143,-21.4446,-30.3816,8.57789,47.8213
65574,3344,3410,3297,3296,3922,4043,3775,3408,4861,6598,4871,3766,5610,8425,5687,3988,18.6845,-6.74401,8.9976,48.2007
65575,3136,3335,3662,3829,3331,3747,4526,5228,3436,4005,6203,8616,3306,3920,5331,6658,10.378,20.4818,8.50159,48.1793
65576,3294,3452,3745,3772,3269,3605,4416,5546,3351,3731,5347,10064,3331,3774,4735,6571,8.7441,33.2902,8.88529,48.002
65577,4855,4745,3875,3407,6895,7207,4312,3543,5352,5633,4018,3457,4005,4047,3564,3314,-4.25831,-14.2426,8.6885,48.1527
65578,3515,4252,7323,8761,3445,4109,5936,6711,3247,3503,4100,4146,3099,3238,3336,3557,-19.1021,17.4318,8.94761,48.1853
65579,3318,3402,3354,3239,3586,3958,3801,3513,4366,5722,5161,4208,5135,8173,6941,4425,21.2149,-2.35661,8.57663,48.2013
65580,3525,3526,3527,3292,3903,4534,4108,3617,4838,7303,5845,4122,4698,6209,5334,4063,12.6303,-4.01335,8.50828,48.296
65581,3058,3286,3350,3330,3316,3563,4032,3940,3453,4229,5575,6053,3619,4434,8056,8722,21.273,16.4603,8.91445,48.0107
65582,3779,3586,3341,3083,5221,4241,3660,3234,9744,5473,3910,3387,7252,4981,3695,3314,10.8846,-26.1418,8.76694,47.934
65583,3413,3399,3244,3048,3965,3798,3481,3281,5899,5221,4059,3448,9377,8254,4474,3538,24.6802,-16.7415,8.79458,47.9327
65584,3246,3506,4140,4637,3284,3729,4782,7883,3271,3821,4950,8700,3327,3539,4273,4880,1.13044,32.4944,8.78476,47.9787
65585,3163,3175,3442,3338,3226,3520,3752,3937,3421,3983,5243,5518,3426,4523,8746,9383,33.5429,15.6829,8.94516,47.864
65586,3072,3225,3423,3394,3181,3480,3932,4308,3473,3985,5270,7786,3382,4021,6110,10019,18.2137,23.341,8.97965,48.0407
65587,3364,3267,3300,3158,3997,3981,3498,3247,5768,5142,4026,3539,9684,8311,4510,3560,25.4008,-17.0174,8.71706,48.2347
65588,4159,4903,4377,3657,4697,7423,5713,3954,4331,5618,4727,3942,3688,3915,3700,3541,-4.46462,-4.25238,8.66885,48.23
65589,3070,3352,3610,3611,3322,3604,4164,4674,3287,3906,5817,8471,3469,4033,5618,8081,13.894,21.7836,8.72166,48.0593
65590,3570,4177,5622,5220,3616,4683,7894,6285,3502,3875,4993,4650,3196,3588,3729,3770,-8.44166,11.5698,8.88448,48.2467
65591,4337,6688,9371,5597,3987,4602,5013,4477,3544,3690,3799,3688,3154,3232,3409,3247,-27.7438,4.30875,8.69593,47.89
65592,3082,3223,3432,3434,3212,3576,3697,3837,3463,3959,5050,5486,3566,4407,8516,9597,31.2892,16.3816,8.90999,47.6913
65593,12789,6001,3992,3466,5962,4776,3789,3370,3867,3740,3489,3268,3287,3364,3282,3106,-29.6943,-30.5906,8.878,47.6987
65594,4255,4023,3610,3349,5962,5558,4062,3472,7390,6525,4107,3486,5001,4564,3829,3456,3.34833,-17.0619,8.55438,48.4327
65595,9895,5867,3940,3301,8019,5191,3899,3393,4531,4014,3529,3176,3449,3407,3332,3037,-17.705,-25.6017,8.89763,47.9867
65596,3012,3378,3554,3557,3212,3516,3988,4335,3430,3831,5471,7658,3430,3927,6170,9653,17.8388,22.6908,8.66032,48.0813
65597,3102,3406,3809,4154,3269,3696,4400,6551,3420,3779,5156,9809,3253,3698,4553,5968,5.81255,28.5874,8.77592,48.0153
65598,8134,5799,4015,3451,8434,5865,4008,3355,4583,4080,3595,3148,3615,3544,3314,3085,-14.5248,-21.4157,8.72025,48.0167
65599,6098,9484,6016,4122,4889,5808,4665,3816,3655,3833,3662,3400,3275,3322,3256,3131,-23.063,-6.72055,8.87267,48.288
65600,4190,4073,3559,3239,6276,5571,4015,3326,7378,6434,4013,3519,4951,4655,3817,3319,2.82868,-17.3489,8.76998,48.2233
65601,6480,7704,4671,3776,5762,6871,4447,3688,4061,4246,3681,3368,3448,3481,3287,3160,-16.9006,-11.6362,8.83039,48.0873
65602,3807,4314,4375,3796,4177,6327,6431,4231,4231,5814,5778,4036,3765,3938,3948,3684,-1.54093,0.0154561,8.95958,48.4347
65603,3432,3250,3242,3057,3996,3706,3504,3174,5909,4993,4010,3451,11156,7509,4244,3357,27.6834,-20.1703,8.93002,47.9933
65604,3090,3304,3376,3437,3285,3494,3692,4038,3358,3918,5012,5867,3463,4387,7926,10174,27.0187,18.2645,8.57789,47.8807
65605,4723,4408,3697,3249,6809,6637,4094,3465,6213,6062,4013,3419,4390,4228,3605,3256,-1.7788,-15.6389,8.94458,48.1787
65606,3235,3279,3648,3721,3187,3580,4229,5193,3307,3845,5573,9731,3349,3863,4980,7308,10.7691,24.805,8.99178,48.0187
65607,3720,4861,7725,6139,3711,4584,7140,5805,3374,3835,4100,3965,3137,3325,3376,3447,-16.2651,10.7322,8.96544,48.1627
65608,3393,3339,3218,3208,3916,3776,3460,3252,6006,4568,3626,3433,12360,5909,3941,3385,33.7683,-33.3556,8.95558,47.1933
65609,4652,8218,8163,4768,4251,4927,4995,4242,3649,3666,3833,3486,3290,3348,3359,3253,-33.0137,0.0490675,8.51164,48.0667
65610,3537,4631,8582,8217,3422,4267,5786,5806,3277,3661,3840,3892,3126,3275,3395,3369,-22.4487,14.3388,8.69793,48.0553
65611,3266,3496,3968,4368,3212,3663,4717,7182,3375,3794,5192,9372,3387,3662,4411,5381,3.36651,27.3564,8.94565,48.2973
65612,3758,3910,3792,3515,4415,5692,4526,3621,4929,7509,5529,3910,4285,4892,4283,3791,4.98995,-5.31225,8.50817,48.238
65613,3367,3596,4035,4236,3535,4063,5772,5495,3620,4309,7122,6646,3378,3827,4738,4850,3.66545,13.9781,8.59475,48.3927
65614,3836,3963,3724,3379,4830,5869,4279,3585,5370,7852,4863,3747,4461,4848,4144,3683,4.384,-8.60495,8.82931,48.2887
65615,3288,3489,3352,3137,3652,3889,3887,3522,4491,5896,5190,3997,5204,8291,6719,4415,20.518,-3.167,8.50163,48.2793
65616,3313,3439,3299,3248,3667,3898,3874,3536,4513,5986,5250,3931,5169,8190,6585,4352,20.227,-3.06004,8.60943,48.1667
65617,12729,5759,3767,3343,6051,4662,3763,3287,3970,3712,3430,3260,3471,3403,3406,3105,-32.8743,-30.6025,8.81943,47.412
65618,3279,3408,3418,3233,3583,3839,3811,3515,4236,5398,5546,4310,4782,7706,7829,4722,21.5674,0.0336753,8.52167,48.41
65619,3314,3928,5801,10394,3350,3785,5094,7992,3160,3429,3925,4324,3138,3276,3420,3502,-18.5058,26.7704,8.95017,47.888
65620,3269,3409,3305,3243,3693,3863,3732,3532,4272,5082,4859,3992,5288,9067,7218,4278,33.8662,-2.91885,8.75606,48.068
65621,4970,6853,5285,4032,5142,7444,5351,4001,3920,4351,3856,3620,3452,3589,3483,3198,-14.3552,-5.28735,8.53073,48.3647
65622,5670,7132,4650,3766,5616,7544,4661,3693,4032,4358,3857,3462,3525,3495,3502,3285,-14.8235,-9.95547,8.55098,48.1653
65623,3165,3295,3530,3538,3359,3664,4147,4092,3645,4387,6795,6149,3602,4530,7651,6727,16.3639,12.9048,8.81144,48.184
65624,11752,6819,4056,3417,5867,5036,3868,3301,3964,3824,3532,3221,3377,3425,3282,3091,-33.5487,-21.9034,8.76316,47.888
65625,3845,5917,9887,6315,3833,4460,5372,4770,3387,3612,3838,3715,3098,3211,3471,3334,-27.3683,7.36726,8.70636,48.0433
65626,3581,3754,4126,3832,3662,4713,6186,4613,3765,5168,7660,5005,3516,3992,4630,4259,2.88392,6.47477,8.99761,48.308
65627,3379,3780,4612,6123,3328,3658,5135,9932,3235,3629,4432,6184,3132,3493,3683,3977,-7.07271,31.4493,8.87051,47.808
65628,3178,3136,3376,3454,3248,3432,3923,4031,3475,3911,4935,7001,3368,3835,5791,11856,22.4456,30.3832,8.603,47.9667
65629,4706,5824,4561,3624,5277,8044,5470,3742,4195,5015,4191,3638,3501,3673,3582,3343,-9.06207,-6.92402,8.77083,48.2573
65630,3053,3153,3411,3335,3171,3414,3901,4047,3280,3934,4959,6172,3381,4075,6841,11822,26.4347,23.0467,8.84162,47.966
65631,3508,4413,8773,9458,3543,4085,5223,5465,3253,3492,3896,3853,3146,3172,3349,3340,-27.4274,16.0101,8.78881,47.9793
65632,3280,3898,5602,9221,3373,3779,5326,8480,3157,3564,4038,4644,3216,3397,3432,3569,-15.9225,25.8432,8.56148,47.984
65633,8072,5682,3979,3316,8660,5696,3886,3492,4798,4113,3653,3312,3568,3635,3316,3068,-13.668,-22.3941,8.7002,48.164
65634,3313,3453,3453,3585,3650,4094,4309,3863,4082,5828,7041,4569,3980,5758,6548,4735,13.9329,2.88061,8.58113,48.174
65635,4106,3733,3387,3128,6118,4526,3602,3337,9777,5298,3841,3342,6133,4690,3613,3439,7.06229,-25.8642,8.83665,48.0467
65636,3140,3287,3597,3350,3464,3844,3951,3967,3811,4791,6467,5111,3851,5344,8365,6036,18.9061,8.37292,8.66383,48.2507
65637,6764,7898,4771,3875,5776,6654,4413,3539,3996,4185,3760,3295,3447,3403,3374,3070,-17.8829,-11.5904,8.90769,48.1467
65638,3151,3230,3391,3375,3240,3485,3779,3871,3539,4062,5183,5396,3693,4741,8873,9367,28.0261,15.6611,8.89853,48.2507
65639,3280,3450,3561,3544,3446,3954,4599,4203,3848,4935,7803,5635,3713,4739,6531,5321,11.9482,8.94489,8.62813,48.3747
65640,12657,6019,3984,3539,5855,4649,3690,3431,3879,3714,3344,3180,3485,3371,3352,3183,-30.535,-33.908,8.67181,47.5547
65641,8035,6545,4307,3511,7476,5955,4011,3388,4475,4144,3637,3232,3544,3422,3239,3077,-16.1607,-18.7002,8.76555,47.9987
65642,3900,5536,9748,6923,3717,4474,5753,4960,3231,3611,3792,3797,3128,3199,3365,3476,-24.4155,9.84676,8.98419,48.4067
65643,3246,3326,3214,3247,3820,3832,3470,3237,6066,4718,3854,3452,12614,6071,3951,3325,27.9234,-32.6448,8.75838,47.6287
65644,4096,4978,5348,4356,4182,6008,7480,4691,3690,4410,4865,3904,3386,3700,3718,3498,-8.61753,2.68282,8.53265,48.2067
65645,3181,3240,3377,3352,3223,3439,3768,3904,3405,3730,4693,5993,3385,3865,6312,12476,30.1222,26.4734,8.64462,47.562
65646,3579,3983,4175,3810,3885,5449,6359,4430,3878,5360,6687,4474,3693,4183,4226,3982,0.732088,3.19842,8.84777,48.102
65647,3646,3562,3410,3169,4716,4072,3511,3335,9401,5214,3663,3343,8486,5339,3779,3402,13.8018,-31.9123,8.94339,48.032
65648,5240,6861,4681,3775,5624,7900,4817,3792,4201,4430,3672,3363,3641,3574,3405,3207,-13.0747,-9.40906,8.94297,48.122
65649,3042,3259,3468,3460,3193,3462,4072,4387,3360,3780,5342,8303,3429,4052,5918,9498,17.2942,24.1316,8.71667,48.0167
65650,12507,6073,3976,3491,5919,4853,3714,3429,3873,3767,3443,3217,3402,3400,3243,3090,-30.6248,-32.5047,8.72104,47.598
65651,3039,3307,3471,3420,3160,3590,4080,4253,3411,3925,5584,7030,3430,4127,6718,9245,18.9122,20.1244,8.51625,47.86
65652,3436,3264,3353,3134,3893,3923,3597,3414,5081,5874,4371,3613,6781,9172,5376,3729,22.5104,-10.1174,8.76155,48.0073
65653,3194,3641,4166,4684,3379,3670,4937,7664,3330,3715,5371,8600,3243,3556,4256,5006,1.45938,25.0124,8.75794,48.2747
65654,6127,8681,5269,3901,5243,6477,4621,3692,3843,4127,3701,3372,3421,3495,3273,3199,-19.4481,-8.85837,8.7946,48.2947
65655,4268,6953,9285,5369,3890,4794,5527,4484,3431,3782,3804,3661,3191,3192,3453,3208,-24.2962,3.66895,8.92278,48.1947
65656,3299,3400,3274,3128,3922,3806,3721,3335,5284,5654,4329,3661,7347,9442,5211,3838,23.7919,-11.2722,8.86917,48.434
65657,3213,3436,3663,3836,3264,3602,4520,5554,3394,3759,5249,9778,3353,3795,4879,6672,8.8529,33.0399,8.60665,47.978
65658,3077,3387,3684,3845,3259,3625,4429,5403,3456,3862,5651,9545,3396,3837,4997,7017,10.341,24.3734,8.74116,48.3133
65659,6264,5714,4153,3479,7729,7136,4162,3438,4938,4686,3731,3349,3758,3693,3255,3099,-10.6187,-16.7666,8.75084,48.3893
65660,6695,5711,4112,3401,8116,6675,4091,3406,4962,4424,3682,3441,3639,3683,3345,3164,-11.6768,-18.3292,8.75967,48.3647
65661,3099,3322,3518,3377,3400,3593,3823,3589,3763,4317,5280,4802,3813,5714,9889,6626,28.6656,8.58859,8.59523,47.95
65662,4115,4170,3688,3341,5572,6167,4055,3592,6160,7144,4396,3569,4578,4560,3868,3341,2.27575,-12.2968,8.62874,48.2107
65663,3885,5420,9793,7049,3570,4402,5377,5007,3347,3699,3807,3726,3164,3162,3366,3255,-27.3486,9.92608,8.69486,48.0193
65664,3104,3412,3618,3600,3332,3581,4241,4961,3335,3871,5768,9086,3375,3912,5371,7631,12.4264,22.6237,8.96033,48.132
65665,4434,4063,3584,3161,7131,5246,3809,3440,8210,5734,3829,3494,4928,4357,3774,3283,1.84433,-21.3751,8.66895,48.318
65666,3211,3597,3979,4176,3433,4006,5376,6243,3378,4049,6554,7614,3337,3668,4514,4997,3.19783,17.5308,8.95232,48.088
65667,3347,3362,3385,3294,3564,3763,3645,3599,4435,5145,4777,4059,5196,9010,7096,4526,29.6789,-3.13434,8.57185,48.1353
65668,10143,5668,3933,3387,8209,5086,3771,3384,4403,3884,3610,3225,3563,3472,3212,3003,-17.7067,-26.7164,8.91501,47.9687
65669,7108,4802,3751,3355,9883,5230,3808,3298,5566,4289,3528,3279,3838,3628,3407,3260,-9.93232,-29.5192,8.75692,48.02
65670,3058,3282,3495,3469,3229,3513,3784,3809,3266,3765,4544,5902,3353,3825,6212,12677,31.0894,27.1442,8.64799,47.4553
65671,4266,4217,3614,3222,6399,6047,3898,3480,6844,6365,4094,3387,4688,4398,3786,3324,1.2555,-16.0607,8.77537,48.0193
65672,3108,3220,3327,3357,3294,3372,3741,3994,3508,3770,4877,6404,3435,3930,6195,12360,26.0864,29.6615,8.60651,47.928
65673,3338,3329,3426,3244,3482,3761,3908,3798,4118,5261,5605,4450,4436,6849,8303,5024,21.4524,2.57168,8.53202,48.2213
65674,3463,4007,6128,10633,3368,3834,5156,7599,3190,3387,3936,4247,3126,3170,3536,3451,-19.8036,24.6256,8.75991,48.154
65675,3208,3213,3413,3289,3241,3571,3881,3871,3610,4488,5211,5064,3738,5223,9586,7257,32.7656,10.6771,8.54419,47.9093
65676,3785,4525,4848,4109,4116,5969,7226,4613,3916,4737,5525,4234,3555,3714,3917,3706,-4.72632,2.91588,8.50409,48.33
65677,4578,4199,3637,3372,7275,5643,3951,3387,7200,5910,3875,3376,4731,4341,3518,3261,0.364676,-19.3914,8.83282,48.1693
65678,3212,3417,3475,3403,3614,3957,4291,3876,3921,5515,7326,4774,4006,5510,7030,4928,14.9416,4.90658,8.99091,48.17
65679,3366,3495,3212,3118,3701,3842,3571,3316,4836,5272,4491,3710,6295,9677,5879,3971,33.1564,-7.57032,8.899,47.8347
65680,3200,3512,3652,3759,3455,3785,4624,4656,3395,4227,7142,7120,3513,4062,5840,6005,10.909,15.2545,8.52016,47.9647
65681,3205,3745,4516,5678,3372,3962,5487,9380,3282,3597,4765,6414,3096,3434,3928,4313,-5.24447,24.1688,8.73232,48.116
65682,3326,4000,6480,12448,3365,3778,4690,6110,3224,3411,3629,3977,3117,3267,3343,3316,-29.1619,24.7237,8.89415,47.654
65683,8242,6167,4060,3375,8014,5817,4081,3448,4478,4231,3498,3362,3578,3505,3237,3049,-15.7107,-20.596,8.62126,48.0947
65684,5874,7059,4771,3758,5760,7568,4840,3708,4166,4338,3639,3358,3479,3573,3339,3140,-14.6199,-10.3497,8.74004,48.2467
65685,3323,3439,3303,3196,3570,3782,3781,3492,4393,5056,4714,4032,5350,9278,7213,4312,32.057,-3.20633,8.88665,48.156
65686,3076,3320,3395,3460,3141,3508,3832,4178,3326,3880,4937,7553,3470,3947,5602,11072,19.892,32.3299,8.89018,47.798
65687,3163,3351,3423,3337,3501,3778,3928,3723,4042,5262,6001,4424,4381,6644,8084,5043,19.9461,2.76214,8.66207,48.0567
65688,3071,3243,3349,3256,3369,3583,3899,3725,3789,4474,5453,4806,4124,6007,9734,6264,25.4366,7.29388,8.82032,48.0973
65689,3500,3543,3271,3053,4755,4156,3439,3231,8866,5393,3893,3371,8940,5532,3943,3272,14.8823,-25.5511,8.92346,48.1053
65690,3143,3564,3924,4118,3323,3751,4755,5961,3322,3963,6193,8745,3382,3762,4778,5728,6.26941,20.3945,8.92087,48.2747
65691,4503,5497,4430,3803,5238,8120,5520,3811,4180,5170,4274,3564,3695,3729,3561,3338,-8.0923,-6.4753,8.83195,48.2887
65692,3356,3930,6142,12342,3414,3711,4901,5979,3230,3453,3706,3850,3152,3295,3316,3382,-27.4997,33.7229,8.70274,47.4393
65693,9027,7343,4264,3434,6639,5628,4076,3323,4136,4071,3571,3199,3545,3453,3238,3034,-20.0184,-18.6806,8.76806,47.9873
65694,4612,5356,4381,3692,5477,8288,5022,3830,4365,5225,4161,3499,3687,3776,3498,3395,-7.70885,-7.41889,8.94458,48.176
65695,3389,3604,4405,5346,3436,3747,5125,9286,3349,3688,4611,6867,3258,3383,3880,4402,-3.69596,30.5173,8.67913,47.8507
65696,3253,3490,3846,4253,3261,3789,4677,6662,3390,3852,5376,9352,3225,3564,4493,5670,4.93481,25.5884,8.83415,48.102
65697,3570,3894,4085,3850,3898,4939,6293,4623,3823,5279,7205,4794,3659,4185,4452,4087,1.71006,4.87266,8.55684,48.424
65698,4852,4272,3596,3398,8771,4834,3782,3244,7618,4874,3729,3344,4526,4081,3491,3265,-1.49116,-33.2525,8.94915,47.7847
65699,3165,3220,3393,3437,3292,3427,3773,4058,3402,3857,4803,6505,3384,3943,5968,12327,25.3425,29.0692,8.70094,47.9693
65700,3169,3229,3390,3497,3375,3622,3819,3934,3574,4152,5422,5547,3523,4661,8397,8853,24.3319,15.2408,8.61349,48.1093
65701,3267,3746,4791,5439,3418,4094,6447,8195,3430,3773,5228,5951,3204,3396,3896,4077,-5.1501,18.752,8.62685,48.2347
65702,3359,3790,5874,12386,3294,3751,4642,6015,3413,3374,3777,3990,3141,3203,3446,3460,-33.7802,32.6472,8.61524,47.2767
65703,3378,4157,7216,11111,3330,3783,4956,6037,3185,3513,3841,3983,3199,3219,3421,3430,-33.9627,20.487,8.99688,47.8393
65704,3324,3521,3950,3821,3484,4125,5516,5112,3638,4549,7754,6476,3461,3932,4987,4914,5.54798,12.6451,8.61816,48.376
65705,3122,3276,3375,3471,3331,3483,4076,4315,3292,3864,5231,7914,3446,3876,5885,10072,17.9465,24.2291,8.92234,48.0193
65706,3173,3491,3840,3611,3454,3856,4773,4661,3479,4496,7739,6825,3457,4199,5836,5594,10.0869,13.4821,8.98335,48.3227
65707,3089,3181,3405,3392,3150,3419,3820,3958,3479,3776,4901,6293,3342,4051,6796,11654,25.3229,23.028,8.7452,47.804
65708,3273,3692,4478,5201,3409,3866,5907,8407,3311,3642,5253,6634,3179,3521,4013,4341,-3.1445,20.8909,8.72665,48.0847
65709,3878,4742,6556,5133,3899,5121,7954,5213,3403,4001,4529,4093,3303,3428,3442,3477,-12.2809,7.535,8.82216,48.1147
65710,3313,3769,4161,4183,3603,4224,6644,5643,3430,4411,7154,6041,3424,3882,4359,4423,1.25246,12.6625,8.9542,48.4427
65711,3017,3303,3599,3523,3271,3491,4149,4387,3465,4089,6036,7047,3488,4152,6859,7873,16.3075,17.4036,8.89346,47.8327
65712,3358,3423,3211,3137,3939,3775,3495,3210,6116,4850,3832,3387,12398,6147,3982,3404,29.2661,-27.9975,8.62681,47.776
65713,3320,3267,3539,3578,3333,3628,4048,4276,3474,4025,5956,7532,3384,4166,6416,8290,16.2465,18.9802,8.85146,48.1547
65714,3400,3265,3208,3207,3991,3744,3444,3324,6060,4670,3832,3341,12296,5879,3847,3426,31.1609,-30.2436,8.54651,47.2893
65715,3616,4349,5919,5145,3683,4980,8136,5820,3464,3948,4949,4468,3281,3491,3822,3675,-9.57157,9.31597,8.90867,48.4973
65716,3727,4480,5980,4869,3749,5101,8265,5497,3363,3968,4900,4230,3348,3462,3650,3543,-9.95691,8.14048,8.97113,48.088
65717,9755,5443,3870,3374,8608,5076,3878,3451,4482,3912,3592,3245,3471,3558,3144,3137,-16.8785,-28.8349,8.65,47.9973
65718,10445,6111,3977,3327,7545,5110,3845,3461,4209,3853,3507,3230,3415,3424,3286,3030,-19.4241,-24.0253,8.90088,47.85
65719,10449,7841,4320,3593,5967,5274,3972,3471,4067,3940,3394,3280,3231,3290,3073,3098,-24.8847,-18.9152,8.96567,48.1733
65720,3299,3350,3297,3086,3858,3809,3635,3405,4906,5609,4554,3777,6801,9643,5678,3954,23.9506,-8.87626,8.6573,48.4407
65721,3448,3329,3297,3048,4196,3960,3478,3137,7042,4864,3791,3353,11736,5969,3859,3386,22.2837,-29.0181,8.73578,47.9287
65722,6436,4806,3744,3255,9567,5663,3790,3381,5757,4599,3584,3276,3964,3859,3268,3166,-8.11284,-24.1097,8.54653,48.0767
65723,3498,4029,5106,4561,3697,4814,7837,5594,3557,4360,5623,4634,3305,3567,4068,3893,-5.22182,8.75835,8.5269,48.0953
65724,3915,3793,3388,3187,5954,4510,3670,3265,9850,5216,3800,3326,6388,4606,3706,3448,7.79473,-31.0951,8.50222,48.0147
65725,3790,5262,9345,6540,3692,4457,6073,5267,3303,3552,3938,3961,3180,3322,3358,3356,-21.4297,9.6565,8.93137,48.264
65726,3200,3403,3629,3774,3289,3667,4263,5513,3430,3889,5296,9951,3365,3669,4937,6774,9.36043,31.7232,8.58745,48.0327
65727,3397,3946,5248,6146,3522,4027,6509,8492,3338,3717,4564,5330,3219,3354,3601,3813,-8.98501,18.6529,8.81391,48.1487
65728,3249,3355,3351,3197,3687,3811,3620,3412,4584,5122,4590,3846,5761,9793,6471,4128,29.1461,-5.44866,8.76247,47.9847
65729,3166,3168,3530,3429,3163,3519,3960,4162,3534,3980,5671,6685,3406,4337,7270,9124,19.7553,18.731,8.56242,48.0693
65730,4882,4140,3552,3227,8432,4899,3696,3442,8006,4851,3758,3323,4709,4121,3486,3284,-0.878003,-29.5534,8.59693,47.872
65731,3100,3239,3406,3439,3311,3438,3746,3857,3385,4057,4958,5566,3552,4245,7988,10290,30.3988,18.2228,8.54449,47.718
65732,3278,3648,4400,5556,3345,3943,5375,9489,3348,3648,4682,6814,3179,3447,3977,4307,-4.11445,25.4261,8.85899,48.2907
65733,3626,3581,3394,3087,4847,4154,3535,3213,9510,5201,3822,3480,8176,5244,3757,3305,13.186,-30.4493,8.8722,47.9547
65734,6842,5105,3832,3295,9547,5426,3830,3364,5485,4408,3713,3295,3819,3701,3305,2987,-9.90292,-24.7835,8.68336,47.9693
65735,3312,3266,3168,3209,3755,3805,3819,3520,4585,5665,4749,3888,5757,9464,6355,4150,23.7552,-5.56522,8.95943,48.3113
65736,3586,4603,8485,8767,3510,4187,5483,5723,3162,3558,4094,4039,3008,3328,3393,3407,-23.71,15.5397,8.72934,48.222
65737,4146,6741,9639,5665,3961,4594,5229,4635,3418,3667,3716,3601,3180,3301,3332,3243,-30.21,4.9744,8.64314,48.0453
65738,5900,6248,4316,3582,6706,7676,4529,3487,4525,4561,3714,3453,3675,3619,3427,3248,-11.6611,-13.0138,8.82682,48.444
65739,3351,3371,3363,3098,3927,3883,3598,3250,6036,5109,3855,3350,10432,7425,4270,3532,24.2577,-19.4116,8.63446,47.9
65740,3395,3991,6165,12320,3389,3833,4683,6103,3218,3419,3856,3943,3070,3223,3347,3445,-27.2735,26.8703,8.71455,47.6
65741,3736,5474,9976,7294,3678,4066,5242,4909,3241,3543,3908,3782,3101,3284,3319,3298,-30.2439,10.5308,8.94034,47.9007
65742,3614,3669,3569,3327,3973,4755,4299,3633,4855,7571,6076,4078,4378,5535,4762,3926,9.81279,-3.85616,8.58744,48.0133
65743,3156,3288,3448,3460,3243,3311,3746,3963,3397,3869,4875,5983,3382,4003,6436,11992,30.0531,25.3928,8.5343,47.7013
65744,4928,4199,3454,3249,8581,4994,3683,3449,8014,4865,3728,3240,4731,4111,3538,3207,-0.855862,-30.5846,8.85126,47.9807
65745,6765,9579,5489,3940,4776,5602,4445,3710,3853,3739,3700,3378,3348,3375,3214,3188,-24.9986,-9.13165,8.53109,48.0673
65746,3817,5235,9280,6865,3682,4579,5931,5127,3276,3671,3914,3754,3042,3274,3373,3359,-22.5297,10.3731,8.7659,48.1193
65747,3803,5525,9949,7053,3553,4093,5269,4895,3271,3606,3877,3711,3210,3286,3474,3309,-30.41,9.91111,8.94539,47.9227
65748,3729,3579,3359,3114,5225,4362,3500,3305,9460,5512,3927,3311,7368,5192,3760,3342,11.3681,-24.1579,8.73056,48.03
65749,3100,3258,3421,3263,3383,3568,3765,3734,3828,4369,5474,4701,3979,5738,9806,6686,27.7743,8.40777,8.59704,48.0487
65750,3209,3617,4135,4678,3425,3816,4903,8106,3555,3772,4985,8243,3289,3578,4299,4756,0.146122,33.1427,8.7,48.244
65751,3227,3369,3378,3201,3650,3943,3912,3539,4358,5844,5557,4034,5071,7905,6792,4469,19.8535,-2.16843,8.7205,48.166
65752,4246,5810,6434,4543,4260,6179,6891,4371,3729,4115,4305,3791,3390,3384,3548,3365,-13.8193,1.13632,8.78384,48.2407
65753,3730,3814,3745,3388,4556,5717,4282,3631,5313,7821,5291,3839,4404,5150,4224,3673,5.58063,-7.34679,8.5307,48.3853
65754,4619,7436,8850,4959,4043,4908,4883,4213,3565,3665,3722,3543,3155,3355,3391,3257,-30.9243,1.72077,8.59876,47.7093
65755,3482,4312,7745,9043,3383,4033,5745,6320,3254,3595,3928,4108,3066,3216,3417,3377,-20.6046,16.986,8.92366,48.016
65756,3106,3351,3301,3363,3202,3431,3782,4076,3500,3739,4669,6454,3361,3861,6259,12379,25.4708,27.8884,8.73724,47.8893
65757,11555,5775,3977,3481,7022,4836,3787,3348,4001,3802,3452,3172,3294,3414,3264,3150,-22.1191,-31.7655,8.52301,47.5533
65758,3342,3472,3246,3176,3818,3843,3621,3347,4928,5189,4410,3747,7189,9728,5182,3760,32.9751,-10.5133,8.78728,47.9987
65759,4346,5136,4466,3797,4955,7781,5843,3974,4152,5144,4455,3618,3518,3714,3666,3526,-7.1119,-4.62452,8.8008,48.0607
65760,3497,4594,8968,8808,3547,4195,5359,5433,3363,3526,3864,3830,3086,3289,3493,3382,-33.0618,14.3465,8.73952,48.156
65761,3369,3421,3246,3140,3990,3836,3448,3303,6481,5005,3837,3302,11756,6418,3973,3454,24.6318,-25.0578,8.74617,47.986
65762,3299,3383,3354,3207,3692,3915,3899,3558,4469,6162,5490,4033,4947,7730,6591,4406,18.7969,-2.35208,8.80739,48.09
65763,3204,3276,3398,3403,3262,3482,3812,3794,3530,4074,5165,5363,3512,4736,9033,8769,28.8623,14.7954,8.54852,47.8753
65764,3034,3120,3503,3529,3258,3465,4055,4522,3401,3889,5158,8753,3364,3755,5574,9285,16.0121,31.559,8.72822,47.7767
65765,4879,4306,3609,3322,8276,5204,3782,3256,7867,4955,3757,3306,4778,4156,3645,3198,-0.381223,-25.0746,8.65063,48.1973
65766,3515,3916,4690,4758,3515,4291,7346,6287,3457,4086,5917,5413,3207,3651,4115,4166,-3.75705,12.9718,8.52423,48.22
65767,5727,8259,5664,3998,4905,6593,5013,3882,3914,3994,3819,3478,3326,3363,3290,3211,-18.7066,-6.81091,8.7448,48.2907
65768,7182,5008,3739,3229,10055,5415,3829,3393,5559,4227,3552,3201,3777,3711,3337,3190,-9.94328,-26.121,8.94562,48.2693
65769,3280,3551,3954,4039,3342,3825,5106,5575,3417,4105,6877,7688,3450,3896,4838,5323,5.6011,16.9074,8.84444,48.1773
65770,4431,6686,7285,4695,4200,5748,6347,4478,3618,3979,3913,3634,3278,3454,3418,3276,-17.6298,1.68206,8.77557,48.2933
65771,3427,3439,3319,3119,4179,4183,3580,3304,6311,6468,4311,3564,7048,7438,4559,3633,17.3338,-14.2297,8.68263,47.9213
65772,3708,4996,9174,7462,3644,4367,5691,5329,3343,3683,3894,3818,3165,3267,3301,3328,-22.9285,11.8127,8.72595,48.1133
65773,3083,3223,3367,3361,3215,3434,3798,3860,3435,3841,4888,5900,3443,4214,7219,11411,29.4567,20.9657,8.8079,47.7947
65774,10303,5632,3864,3358,8146,5160,3815,3384,4366,4045,3510,3329,3423,3441,3176,3173,-18.1556,-31.3295,8.58149,48.0833
65775,10791,5837,3995,3421,7652,5065,3766,3360,4134,3869,3520,3259,3501,3438,3223,3153,-19.4355,-28.3251,8.50562,47.9893
65776,7362,9720,5266,3726,5070,5336,4363,3673,3812,3718,3602,3307,3316,3464,3272,3108,-27.8978,-10.9784,8.5145,48.0767
65777,10631,5569,4006,3427,7930,4925,3805,3365,4309,3899,3469,3267,3485,3429,3268,3157,-18.4088,-29.5418,8.71044,47.9607
65778,4069,3870,3352,3125,5984,4439,3567,3402,9865,5270,3757,3416,6188,4622,3782,3278,6.99453,-29.778,8.67092,47.9907
65779,5953,7324,4806,3628,5633,7292,4642,3614,4164,4311,3725,3458,3426,3508,3280,3196,-15.4765,-10.3959,8.9102,47.9733
65780,9913,8177,4440,3487,5623,5106,4077,3390,3903,3944,3539,3299,3314,3405,3199,3106,-27.5781,-17.1559,8.59747,47.948
65781,4024,3727,3394,3199,6101,4527,3672,3322,10010,5166,3843,3426,5862,4670,3653,3304,6.72719,-33.6178,8.93945,47.9333
65782,3164,3534,3790,3845,3418,3875,5028,4687,3586,4762,8188,6037,3567,4325,5477,5001,8.11456,10.8655,8.70176,48.1893
65783,8674,9068,4783,3630,5336,5227,4067,3551,3909,3743,3517,3229,3399,3327,3308,3226,-30.516,-14.3983,8.6933,47.996
65784,3344,3357,3247,3164,3700,3885,3692,3312,4997,5404,4262,3788,7082,9922,5436,3700,27.1107,-9.98616,8.9013,48.1947
65785,3323,3963,6108,11989,3361,3893,4794,6463,3262,3466,3838,3976,3125,3275,3370,3338,-24.9691,28.6162,8.58067,47.696
65786,5030,8874,7724,4646,4236,5049,4901,4125,3620,3711,3646,3492,3329,3389,3232,3189,-27.1226,-1.70509,8.91326,48.1287
65787,3247,3742,4972,6878,3307,3797,5375,9811,3225,3584,4220,5674,3177,3477,3744,3771,-9.19894,30.1052,8.61647,48.0007
65788,3155,3273,3570,3702,3169,3621,4206,5284,3422,3773,5282,9808,3421,3763,4988,7430,11.149,31.1918,8.80407,47.9113
65789,3474,3558,3517,3295,3734,4250,4088,3470,4508,6885,5830,4101,4734,6715,5912,4233,15.1103,-2.74799,8.97226,48.2027
65790,3074,3274,3349,3488,3222,3547,3880,4215,3300,3819,5288,7077,3340,3977,6487,10648,20.4028,22.8514,8.96367,47.99
65791,3429,3980,6077,11695,3319,3772,4963,6889,3239,3497,3801,3980,3164,3169,3449,3393,-22.2371,33.3513,8.62902,47.8773
65792,3394,3371,3248,3157,4018,4092,3829,3370,5390,6668,4541,3592,6196,8495,5035,3836,18.292,-9.71302,8.98192,48.1547
65793,12489,6014,4056,3468,6056,4717,3744,3429,3870,3717,3411,3232,3411,3387,3265,3166,-28.8017,-31.5185,8.63713,47.6213
65794,3063,3495,3849,4228,3320,3683,4994,6023,3333,4044,6332,8351,3358,3788,4699,5639,5.41226,19.3238,8.76189,48.1327
65795,3125,3242,3408,3566,3324,3589,4052,4248,3498,4018,5948,7044,3583,4194,6776,8375,17.7074,18.4398,8.66628,47.9933
65796,6655,10114,5469,3844,4853,5250,4301,3650,3662,3913,3707,3355,3365,3400,3235,3213,-32.7758,-9.04702,8.94234,47.9907
65797,3788,4612,6626,5738,3728,4681,7810,6016,3486,3706,4319,4321,3227,3422,3612,3501,-12.8017,11.0658,8.96091,48.3953
65798,3720,4002,3751,3436,4196,5411,4595,3715,4871,7754,5696,3945,4266,5031,4305,3663,5.88293,-5.42777,8.51454,48.238
65799,3214,3350,3657,3628,3454,3751,4592,4726,3524,4322,7434,7046,3499,4067,5880,5945,10.7632,14.7244,8.80411,48.0593
65800,3278,3428,3305,3056,3818,3841,3537,3403,5209,5721,4236,3653,7139,9293,5271,3882,23.8816,-10.86,8.75216,48.0467
65801,3126,3142,3384,3376,3277,3459,3814,3875,3447,3940,5049,5894,3460,4344,7613,10812,27.3772,19.9131,8.66532,48.008
65802,3280,3567,3517,3366,3689,4117,4216,3726,4201,6497,6415,4402,4407,6222,6249,4472,14.6166,0.116896,8.6579,48.2287
65803,3900,5262,7756,5540,3821,4948,7217,5119,3424,3788,4112,3929,3154,3447,3526,3308,-16.6674,7.48892,8.80846,48.1673
65804,3182,3270,3425,3275,3244,3532,3816,3946,3366,3675,4852,6030,3298,4029,6683,12294,27.8654,24.1659,8.79055,47.9447
65805,3099,3296,3338,3401,3197,3438,3755,3741,3619,4197,5130,5182,3822,5016,9701,7821,29.0183,12.1755,8.87713,47.8353
65806,3123,3379,3387,3345,3396,3565,3831,3765,3656,4291,5354,4782,3815,5531,9865,6709,28.6589,9.22825,8.67366,47.8627
65807,5064,7148,5488,4052,4946,7153,5492,3975,3933,4111,3938,3479,3377,3588,3360,3315,-15.2137,-5.27254,8.87068,48.2793
65808,3187,3401,3384,3311,3389,3704,3797,3625,3923,4861,5518,4603,4216,6717,9195,5490,23.6902,4.39751,8.65101,48.214
65809,4380,6651,6840,4713,4121,5985,6316,4288,3653,3983,4044,3750,3346,3444,3476,3323,-16.4638,0.805998,8.96254,48.2087
65810,7084,7299,4330,3684,6505,6514,4198,3556,4239,4232,3574,3389,3409,3565,3140,3167,-16.4475,-14.2894,8.89086,47.9233
65811,7713,6613,4275,3449,7066,6312,4146,3522,4338,4278,3513,3352,3595,3604,3407,3088,-15.5321,-16.9123,8.67779,48.1807
65812,3849,4996,8455,6754,3524,4381,6542,5533,3355,3659,4161,3962,3097,3324,3502,3290,-19.3791,10.9303,8.90844,48.256
65813,3397,3608,3431,3245,3953,4446,3835,3442,5190,7545,5104,3976,5133,7123,5065,3842,14.0446,-7.00612,8.9151,48.2233
65814,4143,4028,3585,3336,5249,5710,4149,3462,6326,7453,4521,3636,4786,4857,3934,3412,4.32227,-12.7524,8.55048,48.3913
65815,4224,5977,7997,5205,3911,5093,6425,4776,3523,3810,3978,3758,3292,3491,3451,3322,-18.2141,4.5357,8.98914,48.1553
65816,6990,4890,3692,3380,10006,5409,3818,3363,5584,4392,3587,3286,3863,3564,3313,3080,-9.79015,-26.0691,8.98391,48.1447
65817,3295,3580,4435,5421,3361,3852,5326,9243,3261,3700,4695,6950,3160,3342,3855,4403,-4.00499,26.3901,8.63972,47.9193
65818,3357,3400,3284,3129,3957,3979,3504,3294,5904,5631,4071,3454,8510,8386,4568,3676,22.6838,-15.2606,8.53707,48.0693
65819,3061,3150,3354,3481,3259,3376,3835,4117,3481,3733,4930,7032,3368,3938,5932,11869,22.5683,29.1806,8.88502,47.944
65820,5611,4478,3662,3247,9354,5397,3871,3352,6773,4634,3634,3329,4241,3921,3346,3139,-4.67287,-25.3887,8.87883,47.9927
65821,3115,3298,3584,3561,3343,3698,4364,4506,3585,4250,6810,7430,3527,4254,6158,6809,13.1961,16.6899,8.8447,48.1947
65822,4534,6879,7772,4734,4114,5528,5866,4346,3596,3923,3843,3661,3212,3419,3330,3348,-19.3596,1.51602,8.85277,48.07
65823,3105,3226,3448,3414,3094,3416,3757,4017,3366,3746,5055,5928,3269,4017,6615,11844,33.9648,23.7266,8.58718,47.5447
65824,3658,4540,7655,6809,3646,4482,6769,6091,3338,3782,4112,4304,3086,3311,3501,3346,-16.8633,12.7197,8.84548,48.2867
65825,3268,3687,4584,5689,3524,3811,5375,9234,3255,3659,4675,6503,3182,3362,3863,4313,-5.40456,25.0398,8.58401,47.9893
65826,3440,4381,7753,9361,3474,4036,5567,6244,3231,3472,3778,4116,3082,3284,3410,3400,-21.9673,17.7766,8.79732,48.0193
65827,3551,3448,3170,3156,4362,3978,3509,3160,8173,5018,3954,3365,10205,5633,3937,3358,17.8871,-30.1466,8.57604,47.9847
65828,7126,5005,3663,3319,9633,5460,3834,3388,5327,4433,3652,3351,3922,3702,3288,3130,-10.2286,-27.5231,8.52838,48.1553
65829,3475,3447,3211,3127,3879,3751,3461,3233,6077,4875,3742,3340,12535,6262,3837,3322,31.1611,-27.2684,8.6216,47.716
65830,4104,4822,4616,3861,4415,7057,6551,4064,4003,5081,4877,3993,3604,3792,3929,3533,-6.12894,-1.26201,8.52584,48.2013
65831,3071,3540,4022,4364,3364,3545,4714,7113,3374,3702,5366,9400,3266,3652,4456,5484,3.75811,25.638,8.78745,48.2887
65832,3525,3608,3206,3141,4601,4112,3520,3217,8777,5050,3826,3387,9536,5373,3913,3347,15.7892,-30.6972,8.98268,48.0927
65833,4385,4012,3540,3309,7472,4710,3743,3329,8947,5119,3625,3426,5123,4292,3645,3205,2.43088,-29.6069,8.59585,47.9213
65834,3890,3695,3315,3148,5752,4601,3641,3229,9573,5936,3948,3368,6505,4935,3677,3330,8.56933,-23.0018,8.92285,48.362
65835,5756,6350,4338,3666,6280,7764,4480,3642,4389,4589,3900,3429,3564,3551,3424,3228,-12.1047,-11.8999,8.78577,48.2333
65836,3620,4439,5463,4698,3744,5246,7995,5492,3511,4127,5104,4402,3391,3574,3783,3655,-8.27311,7.81941,8.5871,48.1627
65837,3360,3422,3666,3436,3708,4169,4597,4071,3988,5653,7887,5021,3913,4877,5881,4567,10.2804,5.02168,8.64884,48.144
65838,5200,9336,7099,4387,4429,5051,4680,3972,3615,3806,3688,3472,3447,3296,3241,3283,-33.941,-3.42928,8.93131,48.0013
65839,3293,3253,3405,3435,3323,3377,3825,3899,3336,3739,4764,5891,3404,3893,6064,12495,29.8816,32.1327,8.59618,47.5973
65840,4054,3799,3492,3239,6391,4566,3639,3275,9665,5299,3857,3376,5825,4681,3782,3339,6.15494,-33.3493,8.63759,48.186
65841,3726,4879,7077,5528,3773,4881,7562,5413,3339,3890,4522,3966,3181,3434,3441,3440,-14.3136,8.45891,8.77269,48.0347
65842,4796,6071,4570,3825,5304,8040,5399,3876,4097,4650,4099,3540,3494,3608,3604,3226,-10.704,-6.89661,8.82149,48.1327
65843,3024,3148,3479,3498,3162,3448,3841,4295,3420,3850,5076,7329,3365,3959,6205,10905,20.2819,24.4396,8.93445,48.0027
65844,3197,3570,4128,4668,3360,3776,4798,8090,3224,3789,5082,8545,3281,3584,4227,4968,0.774958,29.9221,8.88653,48.1913
65845,3199,3329,3312,3357,3264,3590,3990,3768,3626,4239,5240,5007,3818,4907,9532,7536,32.1355,11.4213,8.59316,47.8093
65846,5281,5287,4126,3524,6889,7350,4388,3615,5018,5017,3819,3361,3839,3788,3539,3219,-8.29575,-14.3459,8.51195,48.04
65847,3533,3393,3351,3038,4125,3843,3557,3200,6441,5380,4114,3461,9709,7093,4189,3567,21.7445,-19.3934,8.57895,47.996
65848,3247,3739,4927,7397,3354,3945,5259,9775,3262,3578,4288,5218,3151,3285,3756,3831,-10.4962,28.4932,8.65625,48.008
65849,9804,5443,3810,3321,8447,5045,3856,3367,4583,3960,3498,3222,3584,3329,3201,3150,-16.9482,-30.4975,8.949,47.7467
65850,3173,3390,3566,3364,3601,4133,4479,3996,3909,5344,7854,4962,3801,5142,6755,5002,12.9483,5.6969,8.93608,48.314
65851,3636,4188,4396,3832,4154,5876,6609,4286,3951,5639,5964,4144,3691,3948,4117,3694,-1.46665,1.31491,8.83165,48.0833
65852,8727,5440,3795,3389,9150,5307,3814,3292,4886,4108,3495,3150,3653,3585,3303,3058,-14.2773,-25.5966,8.94367,48.1013
65853,3035,3289,3411,3396,3248,3590,3872,4103,3416,3831,5189,6740,3374,4172,6745,10750,21.939,22.207,8.69459,48.1073
65854,3780,4843,6944,5478,3687,4983,7610,5415,3404,3922,4396,4184,3183,3444,3587,3413,-14.1104,8.76612,8.79171,48.182
65855,3111,3205,3389,3385,3210,3452,3909,4154,3342,3937,4721,7103,3457,3954,5983,11572,21.5598,28.0269,8.93369,47.9227
65856,3821,4403,4723,4087,4103,5845,7691,4708,3692,4559,5580,4275,3352,3768,3872,3695,-5.20066,3.88568,8.79651,48.116
65857,3435,4173,7004,9907,3370,3990,5358,6633,3303,3560,3867,4155,3098,3201,3465,3488,-21.3902,20.0781,8.64384,48.0047
65858,3275,3602,3992,3917,3532,4002,5575,5065,3677,4587,7795,6346,3522,3995,4970,4762,5.53007,12.166,8.69354,48.4093
65859,3082,3260,3378,3440,3211,3514,4002,4043,3468,4034,5355,5996,3496,4333,7949,9750,23.3874,17.4661,8.98509,48.2073
65860,3149,3286,3636,3684,3347,3788,4454,4325,3543,4206,6901,7298,3449,4268,6318,6660,13.2054,15.4156,8.92163,48.208
65861,7177,6983,4375,3632,6718,6583,4228,3510,4281,4103,3642,3269,3684,3457,3209,3126,-15.8733,-15.1086,8.66504,47.9847
65862,4332,4601,3917,3483,5377,7365,4699,3645,5092,6396,4536,3680,4100,4132,3722,3414,-2.14745,-9.59441,8.64901,48.3273
65863,3500,3883,5891,12649,3375,3760,4736,6199,3326,3380,3662,3774,3214,3317,3327,3420,-28.8675,32.1649,8.92702,47.6087
65864,6590,9266,5502,3695,5014,6044,4461,3711,3917,3960,3619,3345,3412,3376,3385,3118,-22.1897,-9.42526,8.79766,48.2767
65865,3303,3608,4429,5455,3340,3797,5084,9356,3467,3638,4656,7034,3166,3487,3886,4285,-3.73105,30.3161,8.71576,47.994
65866,3129,3244,3336,3468,3318,3637,3874,3874,3647,4121,5924,5535,3724,4892,9107,7470,22.4824,12.4797,8.90485,48.2
65867,4569,5577,4840,3986,4674,7692,5955,4023,3921,4771,4390,3731,3608,3661,3529,3409,-8.84342,-3.67929,8.62095,48.224
65868,9100,5665,3929,3467,8722,5316,3814,3436,4585,4069,3498,3191,3445,3356,3284,3042,-15.5988,-25.5561,8.77886,47.946
65869,7242,9742,5263,3777,4985,5251,4291,3633,3780,3885,3576,3398,3434,3309,3235,3162,-28.1692,-10.6383,8.5026,47.9753
65870,6066,4732,3729,3257,9093,5781,3810,3316,6196,4651,3711,3266,4108,3843,3433,3061,-6.49732,-23.0884,8.67899,48.0353
65871,3310,4014,5998,12460,3360,3770,4732,6457,3118,3494,3783,3857,3178,3259,3386,3409,-25.4106,29.7323,8.81472,47.7233
65872,3800,3957,3949,3548,4202,5980,5070,3861,4542,7134,5958,3923,3932,4600,4228,3582,2.81885,-3.07848,8.83158,48.1773
65873,6119,4495,3616,3288,9769,5207,3866,3257,6309,4458,3611,3308,4103,3733,3453,3169,-6.2824,-28.8646,8.72565,47.8407
65874,3245,3453,3623,3629,3386,3836,4620,4364,3608,4540,7633,6335,3650,4366,6242,5766,12.1299,11.8399,8.73253,48.1973
65875,3594,3713,3488,3314,4208,4800,4074,3636,5182,7885,5243,3744,4917,5834,4586,3787,10.3637,-7.1008,8.60371,48.0033
65876,6279,4720,3666,3370,9906,5153,3909,3258,6089,4408,3534,3319,3898,3752,3446,3231,-7.57774,-30.4841,8.72904,47.9587
65877,7711,7572,4361,3537,6522,6115,4120,3591,4226,4120,3662,3294,3388,3541,3311,3083,-18.2623,-15.3539,8.77687,48.1027
65878,3717,4534,5337,4402,3854,5469,7955,5114,3583,4394,5253,4185,3474,3627,3891,3570,-7.80226,6.07751,8.7073,48.2393
65879,3865,3783,3356,3157,5312,4628,3575,3414,8619,6341,3933,3337,6434,5253,3990,3383,9.33546,-19.6629,8.82706,48.2533
65880,3089,3294,3392,3386,3307,3606,3853,3972,3514,4202,5208,5313,3710,5096,9579,7762,29.9481,12.2109,8.61054,48.1887
65881,3451,4185,6978,10840,3394,4021,5109,6312,3253,3544,3873,4037,3029,3136,3356,3407,-23.6822,21.5047,8.77036,47.95
65882,3179,3351,3278,3177,3586,3726,3788,3529,4274,5091,4789,3961,5106,8839,7612,4573,28.805,-2.10484,8.58943,47.906
65883,4953,7507,6169,4363,4678,6539,5537,4161,3772,3992,3935,3549,3427,3472,3305,3158,-17.3697,-3.46053,8.90266,48.3447
65884,8567,9178,4736,3696,5261,5244,4111,3526,3742,3802,3558,3309,3307,3383,3246,3188,-30.3456,-13.7854,8.54913,47.9027
65885,5252,4364,3588,3224,9296,5124,3799,3380,7167,4809,3639,3388,4268,3930,3505,3204,-3.4112,-33.9945,8.99854,47.958
65886,6461,4667,3683,3317,9902,5198,3684,3347,5911,4470,3607,3271,3886,3702,3482,3202,-7.87249,-30.539,8.7586,47.86
65887,3396,4209,7828,10382,3357,3869,5056,5743,3281,3441,3869,3932,3079,3287,3373,3421,-33.1952,18.4062,8.97514,47.682
65888,3199,3205,3492,3415,3337,3669,3888,3845,3582,4255,5371,5089,3643,5107,9672,7319,33.8524,11.12,8.51513,48.0587
65889,8061,5211,3861,3452,9242,5145,3828,3448,4776,4148,3642,3378,3652,3686,3226,3156,-13.0301,-33.1924,8.5225,47.9413
65890,3115,3243,3422,3342,3399,3641,4000,4031,3570,4213,6021,6187,3544,4422,7945,8151,19.9909,15.0737,8.76777,48.164
65891,3711,3602,3332,3130,5142,4295,3621,3307,9624,5214,3936,3370,7554,4993,3703,3353,11.4822,-31.5797,8.89635,47.9247
65892,3633,3512,3236,3190,5053,4250,3568,3237,9543,5200,3858,3356,7956,5110,3842,3338,12.138,-30.4,8.88116,47.9213
65893,3286,3420,3345,3293,3636,4021,4037,3638,4316,5951,6479,4307,4476,6499,7049,4544,16.5928,1.1612,8.94211,48.198
65894,3388,3428,3315,3111,3975,3807,3430,3194,5734,5013,3967,3490,10354,7828,4216,3488,32.62,-18.4833,8.58486,47.8253
65895,3541,4154,5504,5278,3662,4585,8078,6365,3374,3894,5071,4570,3180,3655,3808,3778,-8.47142,11.8848,8.94242,48.3313
65896,5638,4993,3860,3368,8230,7008,4099,3556,5529,4936,3720,3292,3954,3827,3518,3116,-7.01914,-17.6272,8.86139,48.4293
65897,6293,4873,3750,3393,10048,5258,3846,3443,5958,4357,3600,3271,4096,3775,3541,3210,-7.28851,-32.7154,8.80678,48.4747
65898,3304,3673,4111,4828,3315,3821,5040,8425,3387,3782,4848,7997,3342,3517,4084,4656,-0.792074,32.8557,8.88229,48.0867
65899,3351,3474,3192,3137,3844,3891,3425,3417,5254,5108,4002,3481,8665,9273,4839,3635,29.0017,-14.2218,8.85906,47.992
65900,3786,4713,6475,5052,3736,5115,8049,5454,3464,3888,4751,4165,3250,3393,3584,3518,-11.7577,7.80204,8.92567,48.262
65901,3358,3716,3877,3728,3632,4418,5583,4420,3785,5355,8159,5096,3670,4278,4958,4326,5.42979,6.38376,8.82937,48.2393
65902,3473,3694,3634,3370,4007,4910,4357,3754,4788,7780,5892,4079,4307,5392,4880,3855,8.81397,-3.68869,8.90784,48.1147
65903,3392,3944,5770,10724,3474,3779,5058,7661,3292,3522,3905,4264,3164,3309,3450,3518,-19.628,27.5588,8.57043,48.1507
65904,6369,9985,5947,4025,4637,5291,4368,3797,3657,3845,3659,3359,3182,3372,3177,3112,-27.0537,-7.59941,8.9708,47.8547
65905,4786,5712,4208,3642,5746,8133,4995,3774,4294,5095,4019,3537,3737,3692,3546,3281,-8.66776,-8.82964,8.75898,48.1313
65906,8766,5439,3942,3331,9074,5389,3758,3501,4806,4050,3452,3247,3686,3503,3329,3058,-14.4633,-25.7659,8.92595,48.2207
65907,3227,3351,3233,3116,3630,3812,3793,3459,4514,5655,4773,3971,5437,8945,6779,4234,23.4613,-3.94144,8.7075,47.9527
65908,4428,4778,4092,3690,5407,7642,4938,3754,4783,6123,4516,3664,3922,4073,3771,3321,-3.22064,-8.31396,8.69079,48.6013
65909,2947,3151,3466,3422,3254,3488,3879,4132,3432,3928,5217,6799,3511,3979,6703,10559,21.4186,22.3138,8.75065,47.9113
65910,3399,3467,3275,3119,3838,3918,3641,3360,5640,5716,4077,3557,8451,8530,4474,3560,21.8131,-14.7839,8.9246,48.0147
65911,3353,3802,4698,5313,3504,4022,6287,8214,3345,3710,5076,6075,3188,3629,3934,4166,-4.71006,18.9638,8.6758,48.2107
65912,3410,3485,3194,3083,3919,3901,3481,3131,6383,4777,3836,3462,11862,6521,4028,3380,24.706,-24.8566,8.66344,47.902
65913,4513,5666,4725,3776,4955,8030,5765,3993,4063,4790,4220,3630,3629,3728,3653,3350,-9.39147,-4.93442,8.91349,48.324
65914,3318,3446,3482,3317,3657,4057,3977,3701,4276,6304,6145,4259,4501,6898,6687,4434,16.7273,-0.415754,8.917,48.306
65915,3368,3721,4721,5283,3447,4041,6559,7764,3304,3860,5371,6126,3212,3434,3998,4242,-4.02337,17.9751,8.55742,48.3007
65916,3380,4010,6308,9198,3312,3889,5692,7894,3285,3540,3954,4341,3236,3222,3327,3493,-17.4154,21.1339,8.72622,48.054
65917,3370,3525,3423,3236,3829,4076,3920,3660,4860,6958,5169,3915,5189,7571,5577,3905,16.3393,-5.75186,8.7657,48.122
65918,3470,3421,3266,3224,3981,3850,3450,3263,6869,4868,3642,3403,11929,5829,3860,3469,22.8013,-32.4551,8.85129,47.8627
65919,11225,5884,3881,3271,7401,4966,3910,3458,4150,3830,3416,3175,3439,3344,3276,3161,-20.5833,-31.5305,8.86542,47.858
65920,3595,4741,8843,8990,3507,4087,5276,5456,3290,3500,3854,3795,3101,3312,3375,3413,-26.5442,15.1218,8.63291,48.09
65921,3270,3662,4434,5484,3293,3844,5228,9476,3269,3661,4586,7015,3203,3487,3857,4304,-4.17494,29.5181,8.65918,48.0487
65922,3650,3478,3282,3121,4827,4180,3582,3334,8800,5279,3903,3315,8401,5415,4000,3273,14.0333,-26.5444,8.69774,47.8933
65923,4684,7583,7738,4639,4231,5375,5521,4282,3598,3798,3849,3541,3229,3526,3346,3178,-21.526,0.280745,8.69303,48.0787
65924,3873,4713,5234,4272,4187,6281,7484,4764,3861,4511,4912,4022,3497,3626,3718,3593,-7.60768,2.77473,8.85754,48.3653
65925,4003,3835,3509,3234,5789,4977,3791,3216,8405,6615,4014,3522,5548,4909,3851,3379,6.44798,-18.7905,8.81594,48.398
65926,3396,3444,3211,3177,3882,3816,3295,3309,6088,4826,3773,3412,12377,5729,3828,3456,33.2934,-31.4234,8.53634,47.346
65927,3329,3698,4411,6010,3346,3868,5205,9788,3242,3690,4600,6376,3145,3368,3929,4151,-5.74207,30.484,8.75754,48.104
65928,3248,3321,3400,3223,3383,3711,3741,3584,4039,4869,5257,4397,4523,7361,8942,5111,25.9377,2.26584,8.92474,48.0733
65929,3312,3379,3808,3817,3512,4003,5265,4736,3627,4658,7967,6249,3537,4114,5500,4942,7.45141,11.4312,8.86177,48.284
65930,3361,3935,6091,11951,3343,3809,4902,7034,3222,3436,3806,4114,3151,3163,3437,3406,-22.6352,28.1227,8.83336,48.1073
65931,3350,3384,3186,3067,3947,3848,3386,3304,6677,4891,3788,3310,12090,5920,3898,3371,23.6474,-28.5559,8.73283,47.6113
65932,3482,3631,3519,3272,4029,4474,4129,3586,4910,7694,5920,3987,4705,6238,5179,3928,12.0683,-4.53703,8.91059,48.4553
65933,5440,4469,3685,3174,9159,5096,3770,3352,7220,4827,3669,3265,4485,4020,3524,3255,-3.04536,-29.6062,8.67026,48.2733
65934,3493,3325,3378,3163,3644,3797,3791,3374,4543,5038,4775,3938,5367,9494,6945,4184,33.1823,-3.87795,8.63509,48.166
65935,3487,3843,5524,7609,3407,3898,6003,8926,3212,3613,4279,4748,3020,3306,3526,3684,-12.3964,21.841,8.92228,48.0567
65936,3813,5468,9042,6324,3762,4703,6117,5054,3426,3743,3932,3791,3166,3282,3361,3397,-21.2015,8.46428,8.78411,48.254
65937,3309,3908,5506,9155,3332,3736,5138,8886,3222,3536,4062,4619,3186,3174,3572,3534,-15.4751,28.3363,8.58015,47.9167
65938,3221,3932,5072,8095,3409,3944,5228,9345,3342,3592,4230,4960,3053,3231,3653,3749,-12.5182,30.8054,8.74394,48.0373
65939,4282,3984,3513,3133,6949,4635,3707,3262,9388,5158,3843,3407,5400,4478,3618,3274,4.01764,-32.4818,8.68687,48.0207
65940,6996,5063,3789,3328,9658,5606,3770,3328,5461,4260,3616,3307,3724,3623,3381,3176,-10.1127,-24.3081,8.68872,48.0573
65941,3471,3560,3266,3197,4015,4275,3715,3475,5410,7078,4809,3699,5726,7619,5096,3847,16.3409,-8.75323,8.53385,48.172
65942,3477,3392,3303,3129,3870,3719,3343,3283,6059,4710,3891,3448,12672,5820,3933,3367,32.8228,-31.5654,8.82965,47.6107
65943,3064,3241,3295,3368,3149,3555,3909,3848,3414,3905,4940,5671,3492,4314,7835,10364,31.7772,18.2868,8.55066,47.576
65944,4678,6902,5715,4052,4647,7048,5775,4146,3723,4289,4096,3698,3456,3645,3413,3215,-14.477,-3.14556,8.95624,48.332
65945,3390,3422,3180,3084,3868,3859,3555,3248,5733,5004,3935,3471,10263,7932,4366,3503,30.9188,-18.4506,8.75605,47.8753
65946,3354,3930,5874,10967,3399,3803,5029,7481,3218,3488,3861,4181,3138,3269,3476,3497,-20.4997,30.4261,8.80774,47.9767
65947,4947,8187,7280,4544,4358,5549,5194,4095,3626,3938,3760,3513,3191,3446,3397,3216,-21.9379,-1.82292,8.51468,48.1607
65948,12324,5999,3974,3308,6471,4783,3794,3410,3988,3812,3450,3249,3295,3446,3179,3153,-25.7243,-28.9531,8.60196,47.7567
65949,4137,6347,9832,5946,3780,4690,5207,4523,3483,3730,3722,3547,3179,3158,3388,3332,-29.917,5.73237,8.85481,48.0007
65950,3427,3890,5327,8789,3426,3778,5146,9012,3277,3593,4167,4734,3164,3163,3509,3634,-14.4419,29.7817,8.84544,48.024
65951,3343,4053,6139,10903,3313,3791,5126,7415,3224,3433,3780,4244,3077,3228,3354,3443,-20.3074,25.1604,8.82723,47.9107
65952,3989,5944,9774,6587,3764,4475,5375,4688,3290,3601,3795,3697,3198,3343,3289,3284,-27.6414,7.94149,8.67951,48.062
65953,3661,4253,5015,4247,3838,5400,7775,5065,3712,4530,5492,4347,3474,3709,3910,3875,-5.41794,5.99039,8.62578,48.202
65954,3106,3327,3419,3369,3382,3600,4099,4162,3524,4188,6218,5811,3694,4706,8062,7389,19.9521,13.4171,8.67528,48.0373
65955,3082,3300,3571,3585,3293,3534,4225,4321,3499,4108,6256,6952,3577,4226,6906,7783,16.416,16.6111,8.93873,48.1453
65956,3904,3783,3399,3204,5867,4419,3545,3286,10064,5365,3773,3198,6496,4673,3776,3303,7.90792,-29.3382,8.75729,48.0367
65957,3369,3797,4762,6245,3390,3816,5636,9756,3316,3645,4402,5936,3094,3374,3714,4109,-7.46896,25.0796,8.92678,48.2407
65958,3119,3252,3377,3387,3274,3512,3902,3799,3726,4235,5299,4913,3724,5388,10021,7144,28.6479,10.2187,8.62786,48.048
65959,3402,3856,6151,12605,3371,3832,4768,6175,3136,3459,3725,3895,3110,3256,3376,3365,-26.948,27.1121,8.92964,47.6547
65960,3397,4127,6879,11873,3434,3749,4915,5855,3177,3492,3805,4057,3039,3227,3283,3476,-29.7966,22.8138,8.75447,47.8567
65961,3278,3483,4271,5371,3343,3710,5139,9351,3231,3587,4720,7266,3170,3484,4024,4396,-2.97197,29.2396,8.86379,47.8827
65962,4004,4023,3601,3348,5193,5948,4196,3618,6103,7656,4519,3633,4587,4635,3897,3414,3.52575,-11.7576,8.74452,48.25
65963,3135,3418,4094,4438,3374,3724,4840,7578,3361,3701,5124,8880,3234,3651,4340,5163,2.08358,26.8972,8.60592,48.0367
65964,8594,5424,3771,3382,9210,5189,3837,3380,4894,4138,3537,3297,3563,3473,3277,3158,-14.4511,-28.1525,8.91364,48.0827
65965,3340,3405,3256,3189,3813,3771,3570,3396,5309,5606,4211,3559,7819,9269,4962,3735,24.2277,-12.2884,8.74591,48.14
65966,3117,3228,3390,3425,3242,3488,3740,4013,3357,4022,5298,6058,3492,4333,7789,10067,23.9183,18.5683,8.88522,48.0393
65967,3384,3840,5158,6711,3400,3935,6036,9296,3265,3565,4437,5512,3190,3358,3746,3691,-9.80983,21.786,8.9185,48.3493
65968,8373,8150,4466,3566,6163,5794,4192,3462,4157,4024,3530,3204,3389,3496,3347,3022,-21.0508,-15.4147,8.57408,48.2233
65969,11716,6632,3963,3416,6660,5009,3794,3390,3952,3849,3465,3225,3440,3328,3201,3095,-24.6805,-23.5062,8.97179,48.09
65970,3682,4755,8820,8328,3473,4142,5777,5691,3190,3600,3935,3835,3081,3174,3473,3429,-22.791,14.2597,8.71538,48.2567
65971,3463,3927,5514,5625,3552,4203,7384,7344,3319,3863,4800,4914,3202,3366,3811,3784,-8.735,15.1278,8.94307,48.0473
65972,3740,5301,9540,7094,3688,4382,5555,5096,3270,3481,3844,3802,3181,3189,3418,3295,-24.3824,10.699,8.78232,47.9173
65973,3363,3532,4336,4931,3384,3874,5615,8204,3318,3869,5238,7418,3167,3631,4130,4547,-1.32888,22.1572,8.80318,48.3713
65974,3218,3621,4527,5166,3323,3719,5298,8925,3304,3759,4868,7230,3197,3507,4090,4472,-2.64332,25.0904,8.61666,48.1493
65975,3195,3134,3341,3391,3170,3499,3755,3876,3396,4048,5310,5616,3536,4478,8328,9811,27.2703,17.2257,8.80785,47.9227
65976,3494,3582,3342,3176,4147,4214,3771,3397,5950,7006,4433,3617,6427,7636,4719,3697,17.0191,-11.8609,8.8135,48.4053
65977,8237,5131,3811,3299,9489,5254,3739,3293,4971,4229,3583,3259,3715,3613,3307,3077,-13.0802,-28.6204,8.69811,48.0047
65978,5879,9492,6297,3985,4617,5364,4705,3956,3616,3811,3711,3393,3259,3353,3358,3223,-25.4589,-5.85632,8.65936,48.0127
65979,3962,3783,3336,3218,6041,4452,3587,3218,9820,5407,3757,3377,6510,4693,3711,3388,7.60823,-27.6466,8.66667,48.1733
65980,3725,4852,9259,8384,3597,4177,5236,5215,3295,3555,3851,3759,3117,3327,3243,3327,-28.8477,13.6577,8.52829,47.946
65981,12688,5939,3913,3336,5912,4681,3696,3451,3819,3797,3472,3262,3361,3346,3273,3229,-27.7901,-33.4357,8.90459,47.45
65982,3321,3877,5853,12498,3328,3668,4677,6060,3321,3553,3765,3899,3187,3282,3441,3418,-33.7626,29.4426,8.59412,47.432
65983,11551,6047,3921,3386,7092,4827,3820,3363,4094,3973,3486,3202,3439,3402,3255,3226,-21.6262,-27.1665,8.63146,48.056
65984,11006,5775,3964,3347,7686,5081,3707,3470,4287,3919,3441,3156,3556,3403,3275,3113,-19.9926,-28.4574,8.86383,48.124
65985,3250,3389,3436,3391,3629,3999,3889,3653,4253,5705,6044,4520,4587,6729,7219,4681,17.6749,1.00992,8.50585,48.2493
65986,5333,7471,5460,3931,4963,6967,5204,3929,3790,4203,3916,3506,3409,3495,3357,3237,-16.3506,-6.01999,8.84391,48.114
65987,3804,5298,8585,6089,3777,4609,6514,5166,3428,3711,4023,3858,3169,3309,3342,3440,-18.9601,8.84212,8.9643,48.0813
65988,4492,7500,8757,5279,4159,4836,5328,4367,3524,3738,3754,3628,3186,3350,3329,3223,-24.4276,2.32007,8.96577,48.3
65989,3157,3318,3363,3237,3422,3658,3892,3764,3824,4740,5792,4698,4038,6147,9317,5792,22.8089,6.20973,8.88938,48.106
65990,3154,3422,4032,4375,3350,3639,4833,7343,3279,3769,5195,9029,3314,3593,4283,5425,3.00262,25.7931,8.96801,48.0233
65991,3477,3568,3381,3182,4224,4421,3800,3424,6161,7220,4608,3728,6109,6840,4444,3508,14.2565,-11.9542,8.67807,48.0633
65992,11843,6877,4029,3400,6049,4905,3840,3400,3971,3776,3487,3214,3393,3437,3188,3096,-29.0897,-23.0781,8.71104,47.9367
65993,3254,3643,4266,4362,3470,4090,5893,6557,3428,4115,6194,6966,3297,3721,4484,4696,1.23787,16.9089,8.74321,48.2907
65994,3024,3302,3403,3311,3330,3551,3796,3987,3382,3858,4868,5769,3420,4196,7362,10988,30.1006,20.4881,8.50198,47.698
65995,3398,3969,6285,12233,3362,3740,4845,6582,3142,3484,3832,4051,3071,3093,3371,3455,-24.8659,26.4808,8.75804,47.942
65996,3567,4418,7381,9466,3411,3882,5462,6420,3316,3477,3813,4069,3080,3214,3440,3452,-21.6738,18.5518,8.56623,47.912
65997,9358,6092,3992,3362,7989,5339,3896,3439,4488,4100,3572,3229,3465,3502,3252,3019,-17.0812,-23.1055,8.68138,48.0627
65998,3320,3399,3184,3194,3714,3909,3453,3330,4958,5209,4273,3764,6664,9881,5494,3758,30.9851,-9.03565,8.81448,47.6693
65999,8066,7009,4279,3506,6938,6166,4165,3517,4242,4147,3451,3320,3574,3407,3322,3056,-17.1566,-17.1071,8.75873,48.11
66000,3612,3658,3678,3537,3965,5152,4893,3853,4469,7271,6350,4207,4004,4905,4605,3828,6.00277,-1.89332,8.63551,47.9913
66001,3720,4066,3845,3527,4275,5849,5010,3873,4549,7083,5883,4092,3947,4416,4248,3688,2.94016,-2.89041,8.75081,48.0473
66002,5232,8400,6458,4282,4644,5891,5091,4057,3677,3880,3743,3486,3387,3429,3368,3329,-20.6814,-3.64151,8.58955,48.236
66003,12626,6284,3834,3453,6024,4818,3749,3324,3982,3808,3419,3362,3440,3362,3166,3164,-31.663,-27.234,8.63917,47.8767
66004,3382,3823,4094,4149,3593,4354,6306,5048,3785,4828,7478,5468,3473,3876,4619,4286,2.51966,8.9586,8.97152,48.3747
66005,3436,4327,6505,6928,3518,4167,6900,7121,3390,3585,4409,4460,3140,3472,3565,3550,-13.9598,15.6682,8.88159,48.3153
66006,3439,3415,3423,3299,3668,4274,4035,3600,4548,6541,5907,4067,4642,6976,5993,4177,15.5445,-2.25047,8.85907,48.0027
66007,3380,3336,3348,3150,3832,3721,3453,3173,5980,4765,3806,3410,12567,5938,3947,3369,27.9445,-33.5695,8.74487,47.45
66008,3165,3321,3873,3948,3305,3645,4696,5666,3488,3967,6272,8740,3377,3875,4941,6051,7.91824,20.4491,8.54594,48.22
66009,3393,3308,3226,3133,3760,3858,3528,3378,5089,5197,4222,3569,7978,9351,5001,3688,30.1882,-12.0658,8.55875,47.786
66010,3414,3594,3649,3564,3675,4167,4747,4058,3923,5834,7961,4927,3872,4859,5898,4548,9.82013,4.80566,8.85072,48.46
66011,4136,6630,9832,5836,3824,4576,5220,4473,3386,3629,3714,3618,3167,3297,3494,3306,-30.2141,5.51853,8.89537,48.092
66012,3543,3448,3326,3027,4292,3861,3485,3265,7575,4981,3902,3325,11163,5722,3925,3343,20.475,-31.2807,8.58007,48.122
66013,3248,3346,3308,3336,3676,3661,3749,3536,4305,5179,5125,4124,4851,8073,8120,4694,24.1086,-0.151523,8.86108,48.2207
66014,3588,4246,6571,6149,3534,4414,7220,6770,3442,3699,4460,4467,3169,3451,3532,3601,-13.1741,14.0397,8.82438,48.2087
66015,3204,3334,3331,3343,3589,3741,3826,3801,3850,4433,5180,4611,3933,6298,9661,5789,33.1126,5.97347,8.68342,47.9493
66016,6161,4657,3685,3207,9886,5144,3859,3298,6217,4460,3610,3331,4083,3814,3364,3147,-6.8539,-32.0152,8.5343,47.9487
66017,9455,8405,4476,3486,5929,5400,4014,3559,4029,3796,3547,3173,3350,3391,3283,3047,-24.1942,-16.4979,8.8813,48.2267
66018,3602,4892,9440,7985,3606,4155,5267,5218,3289,3620,3812,3767,3125,3263,3408,3307,-30.5788,12.7721,8.52062,47.8373
66019,3382,3478,3532,3218,3871,4271,3948,3508,4752,7340,5373,3969,4956,7104,5444,3937,14.7474,-4.94896,8.94313,48.0553
66020,4593,7657,8645,4991,4000,4859,5134,4293,3481,3830,3685,3664,3285,3337,3336,3247,-25.6456,1.5359,8.72786,48.0247
66021,5071,6089,4682,3672,5480,8103,5014,3803,4251,4658,3903,3582,3559,3649,3538,3414,-10.6764,-8.34106,8.73028,48.312
66022,7268,5869,3940,3481,8103,6411,4067,3402,4680,4393,3592,3220,3645,3629,3468,3117,-13.1013,-19.2232,8.55905,48.19
66023,3039,3201,3390,3418,3251,3619,3790,3977,3478,3877,5060,6162,3383,4192,7057,11246,26.7468,21.7608,8.53793,48.0933
66024,3089,3255,3255,3404,3296,3419,3681,3912,3465,3895,4750,5980,3384,4006,6630,12120,31.443,24.0704,8.88476,47.694
66025,3428,3254,3286,3073,3994,3850,3374,3279,6477,4756,3688,3366,12259,6117,4038,3328,25.3419,-28.2245,8.66463,47.7113
66026,3482,4347,7587,9523,3482,3968,5570,6221,3302,3517,4014,4006,3036,3227,3423,3420,-21.8334,17.8252,8.9987,48.0833
66027,3401,3506,3258,2986,4060,3901,3558,3313,6490,5549,3989,3497,9149,7578,4216,3431,20.5404,-17.8849,8.97445,47.9213
66028,3287,3598,3997,3933,3508,4232,5891,4862,3637,4804,7726,5709,3620,4072,4756,4579,4.08091,9.88319,8.78369,48.1407
66029,3234,3670,4427,5041,3392,3963,6313,7683,3499,3988,5528,6311,3273,3539,4106,4367,-3.08361,17.9865,8.94616,48.2227
66030,3388,3824,5434,8102,3382,3875,5602,8900,3229,3581,4244,4911,3015,3437,3499,3715,-13.3671,23.6024,8.83018,48.092
66031,5248,7925,6276,4133,4750,6229,5222,4023,3716,3966,3780,3487,3430,3506,3387,3313,-19.1488,-3.99223,8.63276,48.2607
66032,3217,3386,3677,4131,3265,3629,4506,6073,3347,3851,5282,9999,3375,3674,4636,6197,7.30496,30.7464,8.80946,48.1633
66033,3228,3201,3340,3413,3420,3596,3855,3759,3657,4261,5226,4927,3843,5444,9888,6890,32.4321,9.42308,8.60598,47.9653
66034,3654,3700,3450,3340,4372,4938,4047,3624,5297,8282,5253,3750,4743,5793,4572,3756,9.06598,-7.27593,8.75521,48.3807
66035,3435,3356,3087,3059,4059,3866,3531,3229,6597,5319,3991,3314,10271,6994,4218,3402,21.9174,-20.7,8.56243,47.8187
66036,3435,3310,3234,3097,4066,3825,3617,3216,6213,5315,3957,3553,10191,7259,4284,3408,23.8648,-19.4467,8.5568,47.9867
66037,3519,3925,5276,5439,3486,4396,7422,7270,3445,3971,4982,5011,3169,3606,3710,3822,-7.97537,15.0668,8.57151,48.2993
66038,3385,3905,6571,12021,3466,3757,4927,6159,3224,3377,3767,3926,3081,3126,3469,3399,-26.1716,24.5489,8.84092,47.7067
66039,12244,6046,3950,3367,6370,4763,3706,3412,4027,3820,3489,3279,3403,3420,3214,3110,-26.2413,-29.9243,8.53316,47.7467
66040,3242,3593,3996,4420,3313,3701,4706,7489,3459,3844,5030,9107,3267,3590,4176,5015,2.2268,33.2764,8.83775,47.9653
66041,3138,3285,3391,3404,3267,3633,3952,4005,3507,4086,5709,6321,3517,4458,7668,8955,21.257,16.9524,8.56251,48.1973
66042,3807,4013,3645,3482,4594,5969,4655,3694,5126,7478,5176,3765,4241,4638,4212,3599,3.07907,-6.24711,8.77152,48.0627
66043,3290,3203,3280,3123,3603,3707,3672,3481,4252,5234,4766,3968,5295,9072,7209,4426,26.6831,-3.0917,8.83564,47.7207
66044,4391,5716,5326,4172,4560,7307,6314,4196,3851,4486,4204,3715,3511,3645,3551,3327,-11.163,-2.56522,8.643,48.1813
66045,3225,3263,3481,3456,3204,3397,3787,4056,3283,3695,4754,5909,3368,3813,5646,12716,33.0338,30.1379,8.94735,47.3687
66046,3113,3371,3574,3557,3312,3523,3993,4661,3452,3869,5485,8602,3391,3957,5546,8904,15.3572,25.3388,8.64162,48.2067
66047,3230,3410,3274,3301,3501,3786,3822,3576,4153,4906,4869,4229,4783,7942,8349,4812,31.3549,0.630656,8.57182,47.962
66048,3759,4981,9515,8116,3495,4165,5315,5172,3246,3560,3802,3797,3154,3245,3347,3360,-26.5276,12.4281,8.81515,48.0193
66049,3359,3347,3201,3135,3826,3765,3373,3322,6219,4792,3818,3368,12455,5954,3970,3301,27.3167,-32.4063,8.71859,47.47
66050,11861,6697,4068,3442,6140,4923,3909,3336,4010,3836,3367,3112,3367,3372,3255,3037,-26.374,-23.7818,8.71535,47.8213
66051,4852,4189,3651,3323,8488,5103,3841,3286,7852,4867,3733,3354,4586,4013,3585,3294,-1.02427,-32.9516,8.95474,48.0113
66052,3508,4143,7144,11580,3368,3840,4954,5992,3217,3406,3751,3967,3115,3181,3297,3405,-28.2928,21.4713,8.7079,47.912
66053,3092,3174,3372,3349,3292,3568,3900,3909,3540,4225,5593,5417,3681,4882,8900,8376,25.0319,13.8245,8.61185,48.18
66054,4479,7034,7803,4872,4091,5550,5917,4373,3579,3968,3886,3687,3253,3267,3411,3216,-19.8677,1.42696,8.72255,48.2573
66055,4618,7969,8374,4896,4128,4747,4929,4167,3603,3757,3837,3585,3327,3421,3336,3258,-32.8739,1.06231,8.7826,47.968
66056,12331,5878,3972,3348,5934,4619,3751,3300,3888,3733,3427,3266,3438,3404,3242,3276,-33.4085,-32.8506,8.61715,47.2047
66057,3882,3748,3474,3309,4912,5043,3740,3467,7258,7422,4312,3567,5484,5328,3961,3433,8.52615,-14.7094,8.95261,48.2267
66058,3105,3323,3462,3433,3329,3654,4135,4242,3570,4258,6801,6421,3579,4408,7446,6849,16.5006,13.7575,8.97612,48.01
66059,3502,4189,8022,10126,3542,3825,5282,5585,3331,3623,3762,3826,3142,3250,3419,3509,-32.2236,18.1936,8.5868,47.9567
66060,3314,3303,3201,3220,3536,3757,3659,3469,4261,5212,4830,4104,5315,9130,7288,4441,26.9626,-2.88378,8.85324,48.0267
66061,3286,3424,3394,3315,3598,4079,3772,3606,4538,6111,5459,4088,4894,7711,6610,4407,19.0809,-2.43473,8.51486,48.1947
66062,3337,3448,3218,3075,3928,3780,3400,3269,6346,4848,3833,3337,12396,6206,3961,3429,26.8937,-28.145,8.53721,47.874
66063,3070,3355,3512,3513,3375,3636,4094,4207,3436,4041,5913,6996,3573,4293,6908,8321,17.5283,17.987,8.54384,48.162
66064,3130,3180,3495,3541,3255,3578,3977,4503,3372,3982,5600,8252,3395,4057,5902,8765,15.9144,22.2715,8.80014,47.9893
66065,3204,3265,3380,3360,3374,3498,3809,3833,3620,4203,5287,5110,3770,5125,9744,7695,28.7873,11.6788,8.80751,48.1847
66066,3680,3715,3416,3366,4392,5243,4088,3573,5450,8491,5076,3706,4855,5723,4402,3658,8.38288,-8.30195,8.97898,48.556
66067,3090,3172,3447,3433,3171,3397,3745,4053,3237,3830,5067,6053,3353,4140,7207,11233,28.3552,21.5385,8.61909,47.752
66068,3107,3189,3267,3460,3163,3343,3868,3920,3393,3656,4821,6085,3510,4027,6688,12256,28.594,24.4692,8.97182,47.8353
66069,6350,4686,3683,3274,9949,5133,3889,3407,6097,4424,3569,3342,3925,3644,3365,3222,-7.29258,-30.62,8.82932,47.9727
66070,8853,7155,4194,3555,6866,5666,3990,3505,4223,4013,3543,3363,3484,3390,3234,3099,-18.9216,-18.6592,8.70093,48.0887
66071,4796,8010,8219,4702,4079,5212,5211,4155,3574,3798,3779,3528,3255,3415,3368,3175,-24.1024,0.0181478,8.95889,48.184
66072,8473,5857,3862,3456,8549,5619,3970,3407,4581,4045,3639,3280,3511,3424,3161,3079,-14.9711,-23.0467,8.97519,47.942
66073,3333,3412,3239,3231,3852,3879,3620,3381,5184,5833,4353,3641,7317,9121,5169,3739,23.1865,-11.6675,8.51623,48.2027
66074,11666,5899,3904,3492,6982,4903,3700,3441,3990,3773,3535,3321,3397,3386,3225,3109,-22.0483,-33.9359,8.74159,47.8153
66075,3134,3410,3672,3859,3288,3611,4340,5694,3355,3730,5300,9940,3296,3757,4730,6699,8.97538,30.9973,8.7029,47.8767
66076,3155,3194,3464,3288,3212,3414,3880,3928,3551,4090,5492,5726,3561,4603,8540,9030,24.1563,16.0072,8.61797,48.0853
66077,8658,5644,3913,3432,8478,5602,3925,3396,4700,4095,3429,3218,3566,3443,3240,3082,-14.9109,-23.4318,8.78624,47.8807
66078,4876,6978,5895,4304,4491,6756,5803,4121,3770,4228,4017,3580,3361,3465,3356,3264,-15.5925,-2.51577,8.79888,48.1767
66079,3418,3972,5922,12940,3386,3708,4658,5925,3214,3420,3800,3893,3274,3252,3345,3291,-28.1118,32.8692,8.99735,47.612
66080,11461,6266,4004,3509,6933,4952,3830,3355,4066,3950,3435,3208,3421,3398,3321,3125,-22.6144,-25.6754,8.53427,48.156
66081,3237,3409,3697,3405,3599,3925,4438,4090,3766,5046,7747,5396,3917,5013,6800,5233,13.8115,7.82997,8.52443,48.4787
66082,3452,3928,6036,12457,3368,3763,4738,6341,3201,3473,3733,3971,3109,3251,3293,3258,-27.0393,29.5289,8.73817,47.5813
66083,3764,4690,6553,5374,3782,5072,7886,5498,3553,3738,4639,4061,3164,3512,3584,3548,-12.7837,8.64004,8.94671,48.2787
66084,3314,3735,4281,4171,3479,4251,6599,5626,3503,4301,6803,5903,3430,3720,4387,4367,0.777823,12.5396,8.97714,47.9133
66085,3474,3782,5566,9914,3397,3857,5180,8228,3192,3434,4022,4425,3128,3272,3457,3601,-17.494,26.8769,8.54155,47.9527
66086,3123,3324,3674,3854,3264,3547,4204,5419,3366,3782,5359,9776,3343,3873,5057,7258,10.4913,28.6553,8.59989,48.1487
66087,3451,3389,3208,3076,3915,3817,3551,3154,6053,4805,3844,3297,12073,6367,4003,3421,31.4016,-24.5486,8.58848,47.616
66088,4644,4226,3694,3223,7393,5829,3902,3360,7237,5815,3974,3470,4533,4269,3608,3251,-0.237896,-18.8689,8.95596,48.2853
66089,3365,3414,3168,3097,4321,4039,3418,3156,7116,4953,3784,3409,11047,6051,3930,3453,21.1897,-26.0131,8.53227,47.814
66090,5767,9538,6744,4150,4398,5182,4485,3909,3695,3973,3611,3393,3364,3306,3222,3129,-28.2224,-5.0899,8.50294,47.9107
66091,4162,3840,3457,3177,6566,4536,3736,3272,9747,5388,3846,3324,5885,4474,3689,3317,5.40747,-26.9009,8.87881,48.2773
66092,9346,5372,3920,3463,8602,5123,3915,3438,4488,4036,3494,3297,3445,3386,3175,3046,-16.0581,-31.4042,8.50049,47.6973
66093,3694,4287,5704,4960,3694,4785,8166,5959,3629,4011,5002,4457,3221,3517,3723,3709,-9.06022,10.0521,8.90595,48.3453
66094,3185,3410,3411,3266,3606,4095,4011,3761,4237,5978,6319,4353,4539,6573,6842,4465,16.5704,0.546348,8.95404,48.034
66095,5694,9800,6527,4248,4333,5107,4533,3906,3666,3840,3709,3349,3337,3392,3364,3148,-30.7794,-4.9963,8.94251,47.9687
66096,3211,3635,3771,3685,3512,3887,4853,4430,3696,4649,8098,6082,3702,4392,6051,5151,9.97899,10.4054,8.84724,48.5367
66097,3227,3351,3357,3291,3536,3896,3760,3616,4053,4867,4948,4242,4630,7850,8737,4885,29.2812,1.15801,8.81249,48.164
66098,3429,3916,5706,10060,3398,3770,5034,8124,3230,3554,3861,4402,3151,3295,3515,3515,-17.6693,31.5388,8.70025,47.9733
66099,3389,3458,3576,3388,3555,4245,4410,3837,4112,6058,7283,4549,3974,5425,6236,4678,12.7497,3.20643,8.53295,48.1153
66100,3123,3285,3448,3341,3295,3418,3735,3923,3267,3693,4667,6085,3368,3997,5917,12767,29.7591,28.3737,8.9686,47.5527
66101,3088,3248,3317,3180,3350,3637,3927,3792,3701,4405,5740,5154,3850,5378,9614,6896,23.9184,10.2394,8.70622,48.1847
66102,3512,3634,3447,3147,4040,4184,3636,3344,5595,7194,4694,3722,6002,7664,4843,3704,16.2883,-10.3859,8.73365,48.2413
66103,3280,3336,3267,3253,3541,3683,3781,3506,4250,5137,4812,4007,5057,9139,7380,4461,31.9424,-2.55158,8.97263,47.9267
66104,3227,3425,3740,3617,3606,4112,5046,4366,3768,5133,8273,5475,3761,4454,5649,4845,8.87137,8.53817,8.97662,48.3313
66105,3390,4068,5220,5230,3534,4525,7780,6814,3426,3984,5083,5050,3190,3356,3853,3809,-7.35105,13.3705,8.96488,48.208
66106,6695,4917,3673,3356,10069,5227,3733,3319,5660,4413,3587,3170,3845,3733,3445,3118,-8.75919,-31.348,8.80765,47.9733
66107,3276,3554,3582,3564,3548,4262,4677,3983,3988,5629,7836,4930,3945,5104,6022,4631,11.1041,5.10158,8.99332,48.354
66108,3744,5139,9489,7538,3550,4236,5433,5109,3264,3646,3766,3853,3095,3263,3384,3286,-26.3208,11.6546,8.63301,47.8633
66109,3467,3364,3247,3182,4139,3813,3540,3215,7292,5074,3817,3394,11137,6205,3877,3319,20.8951,-25.5043,8.66528,48.0547
66110,3247,3281,3290,3294,3449,3878,3736,3746,3846,4754,5150,4389,4330,6852,9535,5500,33.2669,4.3781,8.79328,48.1847
66111,11792,7262,4047,3526,5864,4916,3790,3391,3905,3795,3466,3201,3480,3339,3202,3077,-29.3059,-21.5202,8.99189,48.0353
66112,3367,4031,5811,11629,3481,3830,4800,7004,3224,3490,3798,4129,3137,3256,3309,3382,-21.9656,30.1567,8.7132,47.7853
66113,3500,3714,3936,3660,3680,4639,5668,4291,3767,5579,7785,4933,3797,4279,4953,4165,4.9484,4.9717,8.8658,48.2307
66114,3322,3808,5462,8670,3466,3778,5524,8849,3198,3480,4135,4714,3228,3279,3504,3621,-14.4981,24.8928,8.67287,48.0253
66115,7951,9060,4935,3615,5269,5538,4290,3625,3946,3980,3579,3343,3400,3472,3194,3146,-24.1847,-12.9097,8.55469,48.2287
66116,3678,4591,8954,9116,3528,4009,5172,5398,3303,3498,3771,3900,3147,3247,3332,3393,-28.7262,15.259,8.9049,48.0247
66117,3097,3220,3458,3458,3262,3431,3753,3951,3333,3826,4781,6395,3392,3986,6186,12288,25.1123,27.8866,8.66974,47.878
66118,9553,7943,4485,3398,6251,5378,4038,3525,3949,3929,3503,3120,3499,3394,3262,3053,-22.1336,-17.5437,8.9646,48.1867
66119,3284,3381,3645,3646,3452,3862,4752,4452,3523,4418,7736,6722,3557,4222,5944,5671,10.8484,13.1166,8.55396,48.178
66120,3251,3344,3363,3180,3777,3858,3602,3426,4997,5115,4252,3613,7604,9832,5237,3702,31.6018,-11.146,8.60636,48.102
66121,4165,3926,3618,3224,5876,5422,3916,3481,7514,6700,4177,3517,5072,4769,3792,3311,4.06816,-16.7044,8.84695,48.32
66122,4806,8308,8137,4816,4287,5088,4988,4047,3542,3717,3788,3688,3423,3243,3333,3299,-25.7349,-0.251933,8.81591,48.34
66123,4186,3940,3528,3147,6816,4637,3606,3367,9333,5215,3836,3318,5575,4494,3600,3232,4.45553,-28.1409,8.87905,47.8867
66124,3581,3666,3515,3340,3952,4791,4322,3625,4852,8177,5676,3891,4422,5764,4947,3864,9.85219,-4.84949,8.93614,48.2567
66125,3863,3540,3322,3168,5279,4310,3681,3281,9330,5697,3701,3384,7237,5111,3742,3359,10.7348,-24.5265,8.63303,48.0033
66126,4069,4030,3513,3233,5631,5317,3887,3349,7502,6926,4167,3515,4989,4885,3791,3292,4.70543,-16.2942,8.89624,48.064
66127,9987,5729,3952,3410,8169,5117,3717,3354,4429,3861,3531,3271,3472,3460,3222,3151,-17.7493,-26.8908,8.61292,47.888
66128,10383,5646,3859,3309,8148,5011,3892,3327,4357,4066,3501,3262,3526,3462,3232,3068,-18.3629,-30.5554,8.78171,48.0327
66129,9872,5519,3914,3418,8353,5206,3885,3427,4316,4095,3472,3336,3483,3466,3165,3112,-17.1272,-32.6895,8.7347,48.026
66130,3265,3439,3816,3675,3565,4198,5156,4348,3875,5234,8357,5452,3760,4385,5440,4623,7.77913,7.76331,8.99437,48.392
66131,3132,3229,3416,3440,3211,3379,3726,4095,3332,3781,4749,6165,3344,3887,6420,12389,32.9202,25.9831,8.73881,47.7967
66132,3458,3424,3188,3234,3921,3900,3510,3236,5964,4961,3843,3370,11491,6964,4107,3435,33.4767,-21.7795,8.5152,48.004
66133,3265,3572,4316,5183,3393,3865,5707,8576,3306,3802,5051,7157,3170,3446,3950,4457,-2.29557,22.195,8.98068,48.144
66134,3152,3274,3362,3303,3296,3565,3827,3788,3554,4237,5124,5339,3651,4618,9311,8436,28.5953,13.9153,8.83657,47.8913
66135,3366,3974,5470,6818,3470,4123,6477,8141,3240,3685,4499,4973,3215,3350,3637,3632,-11.2164,18.8202,8.79697,48.0467
66136,3104,3351,3656,3619,3365,3794,4416,4567,3518,4301,7164,7112,3605,4224,5940,6274,12.1244,14.9417,8.53517,48.0067
66137,3284,3455,3478,3423,3663,4179,4171,3624,4284,6236,6435,4456,4471,6319,6503,4508,15.2835,0.334495,8.69115,48.326
66138,3325,3408,3255,3087,3946,3822,3495,3203,6289,4868,3837,3303,12049,6533,3992,3428,27.0505,-24.1309,8.75505,47.8933
66139,3225,3345,3295,3482,3181,3474,3795,3915,3419,3904,4747,5876,3361,3895,6397,12406,31.5637,25.354,8.98308,47.8113
66140,3271,3451,3663,3673,3464,3857,4978,4819,3512,4277,7562,7074,3415,4026,5605,5504,8.75865,14.5031,8.79839,48.1007
66141,4577,4328,3697,3239,7139,6177,3989,3383,6823,5778,3980,3450,4541,4280,3568,3372,-0.774601,-17.6878,8.91759,48.214
66142,7887,8136,4669,3718,5817,5977,4089,3506,4074,4059,3501,3248,3433,3421,3299,3149,-20.6792,-14.1654,8.68583,47.9887
66143,3363,3932,5863,12342,3418,3729,4703,6438,3309,3457,3852,3832,3171,3209,3417,3334,-25.9015,30.9339,8.85197,47.5793
66144,7829,5136,3698,3479,9603,5286,3786,3432,5155,4120,3600,3327,3650,3591,3327,3151,-12.3782,-27.4183,8.74557,48.1133
66145,4320,6861,9692,5787,3897,4648,5149,4503,3448,3606,3738,3653,3250,3236,3379,3324,-32.2119,4.87958,8.83387,48.3273
66146,3105,3266,3361,3415,3228,3413,3838,4081,3467,3833,4841,6322,3438,3872,6367,12023,26.0899,25.1253,8.50453,47.9133
66147,6964,4948,3807,3362,9938,5286,3813,3415,5440,4400,3705,3214,3936,3706,3361,3168,-9.97559,-28.3226,8.65437,48.3087
66148,3088,3222,3485,3553,3304,3496,3948,4526,3345,3762,5199,8346,3287,3845,5591,9854,17.1783,28.1307,8.65503,47.9007
66149,5868,4735,3751,3300,9546,5747,3844,3354,6010,4660,3583,3302,4117,3832,3441,3154,-6.19688,-23.6401,8.73225,48.1627
66150,3579,4487,7842,8558,3387,4156,5694,6157,3196,3631,4025,4140,3134,3315,3522,3371,-20.6166,16.1739,8.6315,48.1293
66151,5066,7000,5594,4014,4812,7333,5525,3947,3847,4302,3956,3546,3423,3488,3366,3285,-14.996,-4.72129,8.76924,48.336
66152,3131,3197,3336,3418,3260,3355,3887,3906,3366,3786,4603,5992,3303,3870,6133,12759,33.5018,26.7818,8.90911,47.5347
66153,3852,4135,3697,3385,4872,6269,4553,3606,5085,7365,4865,3756,4397,4703,3976,3446,2.47359,-8.29465,8.59255,47.9747
66154,3975,4395,4270,3607,4588,6844,5757,4004,4455,6154,5182,3869,3834,4151,3972,3661,-1.7905,-3.35436,8.53705,48.4787
66155,3248,3329,3215,3143,3583,3820,3737,3391,4528,5443,4743,3884,5429,9512,6974,4297,25.8486,-4.06093,8.86969,48.184
66156,3494,4391,8195,9901,3490,4020,5107,5785,3294,3533,3692,3908,3103,3269,3398,3409,-26.5813,17.4608,8.63397,47.9927
66157,11239,6431,3966,3368,6971,4999,3827,3435,3956,3915,3353,3263,3454,3372,3199,3118,-21.7136,-24.0598,8.73678,47.9107
66158,3342,3551,3549,3301,3757,4377,4394,3717,4361,6532,6741,4399,4214,5708,5872,4318,12.4278,0.540803,8.80585,48.0887
66159,10951,5912,3955,3411,7598,4905,3810,3373,4207,3883,3490,3253,3427,3536,3257,2981,-20.3756,-28.5942,8.55946,47.966
66160,4428,5411,4483,3692,5251,8384,5278,3899,4288,4993,4134,3613,3610,3722,3602,3284,-8.18001,-6.75195,8.96049,48.048
66161,3428,3986,5884,10974,3477,3827,4939,7318,3236,3490,3924,4190,3176,3182,3315,3360,-20.3292,32.9473,8.75086,47.804
66162,3425,3931,5267,5540,3579,4232,7137,7301,3443,3875,4987,5050,3178,3396,3958,3928,-7.68063,15.4391,8.51818,48.1513
66163,3540,4125,5461,5262,3614,4433,7605,6729,3489,3873,5042,4876,3188,3542,3819,3817,-7.94037,13.1486,8.52647,48.2767
66164,3077,3222,3390,3411,3221,3357,3705,3931,3445,3858,4860,5836,3362,4159,7320,11385,29.6917,20.7451,8.88366,47.6927
66165,3214,3196,3537,3484,3235,3485,3850,3788,3523,3836,5093,5634,3504,4299,7999,10353,29.8156,18.1623,8.7598,48.02
66166,12657,5963,3763,3362,6224,4730,3784,3446,3959,3797,3426,3345,3357,3301,3188,3152,-26.9005,-29.3902,8.84805,47.636
66167,3749,4202,4313,3854,4087,5667,6419,4338,3995,5440,6198,4271,3641,4077,4095,3791,-0.487237,1.99334,8.55856,48.0913
66168,3166,3270,3473,3317,3281,3518,3845,3868,3369,3740,4900,5866,3397,3886,6737,11979,29.9819,23.2955,8.79275,47.7413
66169,3250,3506,3832,3901,3385,3864,4933,5254,3497,4158,7027,7679,3486,3954,5207,5658,7.82812,16.4545,8.98363,48.394
66170,5208,4598,3681,3271,8438,5853,3893,3398,6852,5074,3766,3356,4474,4063,3548,3215,-2.78234,-21.2785,8.59113,48.4587
66171,3358,3918,5958,12579,3432,3724,4705,5828,3360,3366,3727,3911,3185,3264,3302,3461,-30.1395,33.5082,8.92787,47.3853
66172,3541,3409,3378,3228,4086,4254,3782,3441,5627,7458,4773,3785,5826,7346,4828,3916,15.1556,-9.55577,8.77563,48.452
66173,12659,5946,3810,3453,5956,4608,3715,3325,3892,3697,3453,3314,3441,3428,3314,3148,-30.4137,-31.7771,8.80934,47.4393
66174,3422,3529,3431,3253,3786,4332,4085,3700,4548,7022,5956,4099,4513,6574,5828,4075,14.6052,-2.39953,8.72378,48.102
66175,3148,3341,3434,3520,3239,3569,4216,4548,3468,4101,6107,7529,3396,4133,6335,7718,15.3007,18.2734,8.67106,47.868
66176,3321,3407,3297,3095,3724,3703,3700,3382,4954,5316,4286,3541,6941,9786,5500,3876,31.9288,-10.1197,8.87324,47.886
66177,4012,5422,9454,6573,3703,4454,5894,5066,3384,3655,3905,3739,3154,3182,3349,3452,-23.0066,9.32865,8.82525,48.2653
66178,5378,8611,6589,4221,4449,5871,5027,3955,3697,3810,3749,3529,3385,3431,3321,3216,-21.2296,-3.9483,8.93855,48.1593
66179,3243,3621,4414,5085,3393,3818,5175,8670,3323,3759,4922,7560,3272,3460,4035,4496,-1.98728,27.8562,8.67262,48.164
66180,3065,3216,3431,3478,3140,3484,3967,4235,3496,3875,5029,7533,3394,3932,5945,10849,19.8007,26.4559,8.62091,48.046
66181,8288,5156,3828,3317,9280,5445,3791,3425,4898,4084,3584,3396,3648,3578,3209,3109,-13.3311,-28.7376,8.9253,48.024
66182,4231,3896,3491,3190,6868,4756,3678,3341,9174,5234,3821,3370,5362,4406,3701,3443,3.64481,-33.4671,8.6374,47.9747
66183,3546,4071,5133,4772,3763,4635,7837,5901,3651,4124,5525,4853,3244,3560,3847,3812,-5.77588,10.7658,8.59417,48.1827
66184,8972,8625,4600,3562,5610,5389,4227,3566,3993,3983,3514,3250,3499,3333,3323,3103,-25.0455,-15.6191,8.86482,48.366
66185,7204,8787,4823,3618,5366,6096,4420,3676,3989,4003,3669,3391,3390,3480,3228,3093,-20.8891,-11.8574,8.7691,48.1553
66186,3478,3461,3296,3149,4297,3906,3523,3227,7812,5047,3774,3319,10431,5691,3959,3383,18.9249,-30.9534,8.53749,47.8353
66187,3205,3453,3353,3276,3727,3822,3787,3553,4241,5172,5235,4185,4647,7908,7932,4814,23.7484,0.0561367,8.58046,48.2067
66188,3272,3529,3467,3313,3617,4050,4226,3768,4161,5981,6933,4577,4185,5728,6510,4610,14.1571,2.37441,8.64985,47.9513
66189,3382,3331,3223,3180,3865,3761,3319,3221,5787,4665,3763,3410,12809,6041,3878,3376,30.9403,-33.2829,8.98516,47.3407
66190,7072,5053,3688,3409,9922,5197,3764,3346,5425,4339,3691,3285,3848,3720,3345,3068,-9.84317,-29.666,8.73437,48.1147
66191,11335,5862,3994,3291,7352,5006,3840,3369,4112,3889,3445,3225,3367,3483,3253,3104,-20.9879,-27.542,8.64706,47.9513
66192,3423,3471,3456,3257,3670,4034,3996,3724,4284,5912,5963,4369,4576,7036,7011,4691,18.3377,0.08185,8.5366,48.582
66193,4166,6446,9173,5670,3820,4800,5638,4590,3406,3697,3795,3686,3198,3323,3465,3281,-23.6206,5.27325,8.51094,48.1027
66194,10493,7687,4303,3482,5712,4947,3910,3427,3871,3848,3523,3241,3422,3382,3190,3123,-31.2095,-19.1515,8.61533,47.7073
66195,3525,3395,3245,3162,4016,3758,3404,3296,6054,4760,3762,3421,12431,6195,3882,3452,30.3995,-27.6519,8.51428,47.8387
66196,7156,4935,3849,3444,9918,5220,3803,3376,5274,4174,3571,3290,3744,3562,3383,3197,-10.4306,-33.7548,8.98263,47.9307
66197,11680,6674,4147,3458,6227,4960,3855,3373,4013,3814,3409,3203,3318,3422,3137,3142,-25.4843,-23.2883,8.90362,47.888
66198,3649,3848,3828,3486,4189,5491,4804,3857,4641,7317,5963,3953,4094,4806,4539,3851,5.24267,-3.08531,8.57512,48.2107
66199,3055,3242,3456,3311,3377,3619,3790,3629,3720,4409,5482,4811,3921,5808,9870,6510,25.2533,8.28901,8.98203,48.0067
66200,4094,6187,8721,5543,3854,4838,6204,4763,3495,3765,3911,3687,3195,3383,3338,3312,-20.6743,5.61954,8.86751,48.1933
66201,7095,6096,4065,3415,7930,6489,4068,3495,4626,4270,3710,3249,3734,3566,3361,3155,-13.2824,-18.2321,8.78776,48.216
66202,3662,3641,3414,3139,4190,4917,4164,3518,5420,8190,5223,3887,4935,5631,4405,3800,9.51713,-7.55798,8.89532,48.0907
66203,3639,3700,3534,3134,4520,4558,3720,3302,7008,7168,4231,3587,6567,6154,4182,3407,12.9381,-15.3783,8.93839,48.274
66204,3245,3188,3636,3849,3255,3483,4474,5418,3379,3857,5650,9685,3309,3735,4903,6800,9.61369,23.9821,8.91682,47.9107
66205,4155,4260,3636,3432,5398,6101,4228,3508,6152,7182,4466,3676,4447,4587,3756,3329,2.31577,-12.2576,8.58811,48.2087
66206,5959,4903,3864,3410,8762,6428,4018,3433,5577,4577,3818,3310,3892,3834,3394,3133,-7.60865,-19.7875,8.74415,48.208
66207,3170,3397,3712,3478,3486,3814,4565,4247,3557,4649,7439,6234,3627,4343,6707,6167,13.0701,12.3468,8.77484,48.3947
66208,3478,3556,3372,3182,4147,4239,3719,3282,6203,7126,4467,3573,6504,7238,4532,3603,15.1441,-12.7012,8.87399,48.1473
66209,3394,3439,3197,3067,3888,3840,3441,3228,5792,4865,3845,3413,11040,7587,4229,3534,30.1112,-19.7091,8.8768,47.866
66210,3327,3584,3791,3637,3643,4248,4988,4095,3857,5625,8144,5026,3790,4536,5600,4517,8.8742,5.53267,8.83409,48.272
66211,3241,3593,3734,3804,3440,4085,5166,4483,3739,4845,8299,5799,3643,4250,5426,4977,8.09595,9.78264,8.85146,48.3493
66212,9660,5438,3836,3365,8756,5165,3913,3326,4623,4017,3467,3259,3494,3434,3187,3136,-16.2591,-28.9632,8.9038,48.0507
66213,3126,3187,3385,3270,3423,3660,3867,3671,3802,4562,5911,4798,4008,5955,9418,5908,23.0546,7.0849,8.82243,47.9673
66214,3391,3538,3201,3108,3935,4005,3663,3305,5405,6387,4573,3713,6718,8482,5116,3739,19.386,-10.5065,8.92203,48.186
66215,3345,3902,5518,6022,3467,4163,7039,7687,3347,3774,4618,4877,3293,3405,3647,3773,-10.0136,16.476,8.80129,47.918
66216,3077,3258,3391,3383,3161,3404,3830,3947,3300,3767,4810,5917,3429,3903,6654,12186,29.9159,24.4158,8.95221,47.6113
66217,11071,5711,3999,3418,7319,4939,3738,3486,4101,3859,3403,3212,3269,3423,3337,3178,-20.6883,-33.8446,8.85324,47.642
66218,3929,3938,3702,3239,4918,5660,4144,3551,5792,7854,4876,3617,4531,4904,4169,3531,5.25843,-10.0873,8.96652,48.2367
66219,3504,3337,3139,3122,4048,3882,3545,3324,6636,4839,3857,3386,11894,6081,3956,3360,23.4231,-27.3117,8.60079,47.94
66220,3150,3457,3422,3425,3441,3755,3858,3693,3873,4691,6121,4798,4124,5877,8872,5718,21.3817,6.57675,8.61637,48.1833
66221,3522,3609,3744,3561,3604,4110,5418,4366,3842,5174,8361,5449,3625,4310,5278,4537,6.74394,7.76485,8.98173,48.34
66222,3221,3286,3365,3378,3293,3486,3906,3813,3593,4238,5716,5448,3688,5013,8943,7875,23.7273,12.8,8.55536,48.1747
66223,8570,9209,4710,3481,5428,5250,4219,3467,3818,3760,3545,3352,3523,3360,3230,3128,-33.5439,-14.2432,8.88787,48.0333
66224,3449,3931,5872,11051,3340,3867,5167,7467,3180,3498,3903,4179,3091,3271,3383,3559,-20.6752,26.5438,8.59972,48.1387
66225,3203,3428,3969,4211,3217,3726,4764,7072,3468,3771,5231,9444,3252,3626,4281,5477,3.65972,29.3244,8.7337,48.0933
66226,3602,4069,4291,3882,4114,6061,6351,4199,4065,5756,6190,4262,3614,4090,4116,3671,-0.416451,1.0558,8.94379,48.222
66227,4213,6132,7340,4902,3993,5469,6880,4731,3453,3914,4077,3810,3200,3384,3358,3426,-16.8372,3.6156,8.98228,48.188
66228,7624,9455,5119,3627,5139,5387,4255,3560,3893,3913,3627,3320,3269,3426,3345,3125,-26.6125,-11.879,8.53444,48.056
66229,3425,3512,3321,3184,4075,4054,3611,3305,5701,6020,4242,3583,7486,8318,4853,3625,20.3824,-13.2581,8.5541,48.21
66230,3131,3250,3707,3685,3265,3527,4290,5126,3437,3926,5263,9717,3396,3789,4955,7642,11.3533,30.1651,8.70377,48.0707
66231,3348,3777,5207,7660,3424,3719,5182,9408,3324,3533,4324,5192,3193,3325,3488,3619,-11.944,33.3852,8.62119,47.8153
66232,3660,4055,4146,3679,4076,5540,6070,4224,4037,5954,6398,4386,3836,4245,4328,3849,0.979273,1.36486,8.66689,48.322
66233,3125,3539,4032,4468,3226,3761,4941,7379,3303,3931,5427,8605,3155,3623,4427,5130,2.20677,23.7716,8.92617,48.048
66234,11080,7589,4332,3561,5631,5078,3911,3443,3845,3797,3490,3186,3311,3396,3185,3092,-30.6596,-19.7281,8.94866,47.9513
66235,3257,3665,4747,6363,3310,3802,5431,10078,3220,3599,4489,6015,3084,3393,3694,4004,-7.72504,26.2531,8.96644,48.1007
66236,3878,4822,5714,4543,3937,5862,7874,4976,3605,4155,4706,3961,3351,3509,3675,3588,-9.65476,4.47825,8.81908,48.104
66237,3175,3499,3981,4146,3312,3708,4578,6542,3388,3783,5211,9417,3258,3710,4659,5786,5.57484,27.0384,8.69953,48.102
66238,3424,4029,6913,11743,3352,3947,4929,5910,3321,3445,3823,3921,3091,3236,3482,3339,-29.5997,22.9303,8.57659,47.9367
66239,3104,3224,3469,3355,3206,3447,3854,3778,3544,4000,5277,5619,3614,4584,8888,9189,25.72,15.4137,8.93884,48.1013
66240,4021,3891,3620,3283,5143,5682,4063,3450,6454,7612,4446,3514,4663,4811,3970,3528,4.7055,-12.5538,8.88852,48.1007
66241,3662,4047,4931,4479,3758,5273,7838,5235,3499,4358,5746,4494,3325,3717,4003,3775,-5.01771,7.6801,8.83423,48.0933
66242,3542,3917,4234,3941,3854,4949,6492,4652,3816,5148,6889,4699,3558,4009,4415,4130,0.948435,4.99224,8.6597,48.1633
66243,3696,4771,8741,8745,3516,4048,5632,5577,3187,3552,3849,3938,3119,3307,3359,3376,-24.6758,14.7969,8.84064,48.2753
66244,4027,6185,9504,6154,3841,4626,5665,4765,3335,3683,3834,3744,3173,3294,3455,3224,-24.4527,6.69511,8.91756,48.3393
66245,3338,3478,3786,3540,3528,4233,4948,4166,3881,5647,8148,5070,3770,4604,5605,4496,8.79827,5.69654,8.93521,48.1587
66246,3768,5511,9983,6713,3641,4282,5152,4805,3313,3681,3779,3784,3172,3334,3469,3352,-31.1605,9.50539,8.6333,47.826
66247,5486,4487,3695,3278,9059,5439,3778,3284,7024,4858,3633,3333,4211,3956,3583,3295,-3.87665,-24.2351,8.84219,48.266
66248,3242,3453,4139,4393,3404,3792,5031,6927,3338,3828,5683,8306,3145,3823,4347,5164,2.6139,21.7189,8.79272,48.01
66249,3462,3790,5850,12419,3332,3697,4614,6129,3205,3457,3770,3871,3174,3352,3448,3369,-33.1919,32.0068,8.79926,47.2927
66250,12532,6021,4001,3368,6016,4731,3689,3398,4037,3734,3457,3217,3340,3352,3158,3106,-27.2839,-31.4914,8.81447,47.438
66251,8851,7228,4264,3388,6879,5697,4073,3544,4265,4039,3563,3214,3578,3483,3166,3165,-19.17,-18.518,8.56964,48.2647
66252,4545,4021,3439,3131,7240,4777,3712,3356,8984,5346,3828,3377,5130,4323,3526,3293,2.70211,-25.849,8.81541,48.0187
66253,8523,5349,3920,3310,9212,5171,3782,3395,4761,4136,3549,3304,3503,3496,3471,3071,-13.9424,-29.8433,8.67676,47.9687
66254,3052,3208,3327,3416,3268,3514,3879,4025,3389,3904,5185,6216,3449,4182,7196,10928,24.0063,20.8784,8.96242,48.092
66255,3467,3333,3220,3099,3948,3711,3471,3241,5985,4861,3778,3366,12136,6581,3998,3361,30.7008,-23.9613,8.57821,47.704
66256,3675,4242,4626,4002,4110,6056,6832,4422,3940,5231,5682,4156,3548,3928,3927,3747,-2.93697,1.81882,8.64383,48.0827
66257,3562,4027,3858,3740,4018,5287,5516,4224,4135,6141,6785,4483,3860,4410,4426,3908,2.97727,1.47364,8.59439,48.2533
66258,4107,3906,3346,3183,6292,4478,3644,3328,9906,5199,3831,3331,5923,4591,3696,3270,6.08758,-31.5582,8.62442,48.0207
66259,3821,5276,9734,7499,3603,4135,5326,5009,3414,3537,3670,3752,3220,3392,3443,3289,-27.9479,11.2464,8.81311,48.08
66260,4419,5549,4851,3768,4931,7800,5849,3922,4037,4919,4360,3691,3505,3600,3685,3367,-9.62177,-4.24868,8.73168,48.1687
66261,8266,8489,4560,3698,5917,5711,4109,3476,3938,3997,3486,3357,3438,3412,3281,3146,-21.8078,-14.9275,8.73775,48.1873
66262,3285,3868,5458,8945,3432,3791,5433,8829,3173,3509,4132,4627,3061,3253,3509,3715,-14.9481,25.8123,8.78693,48.0133
66263,3335,3806,4743,5233,3443,4088,6477,8075,3420,3814,5079,5941,3257,3517,3979,3976,-4.77361,18.0631,8.51607,48.122
66264,3402,3699,4620,5876,3488,3733,5736,9225,3299,3671,4592,6314,3194,3415,3774,4052,-6.19918,24.1595,8.54521,48.06
66265,3231,3551,4219,4730,3324,3782,5025,8138,3331,3931,5107,8193,3392,3605,4156,4672,-0.016571,33.9198,8.50969,48.258
66266,3161,3205,3440,3368,3279,3382,3814,4012,3315,3856,4950,5923,3348,3933,6496,12142,32.4973,24.2067,8.67073,47.7493
66267,3322,3462,3471,3290,3651,4102,4048,3634,4213,5818,6071,4311,4524,6847,7000,4607,17.4464,0.729526,8.63844,48.2473
66268,3926,5276,7845,5642,3870,4929,6883,4936,3551,3861,4098,3889,3343,3309,3377,3459,-16.9239,7.71114,8.78397,48.1293
66269,3176,3541,3952,4202,3209,3717,4795,6428,3347,3848,5715,9114,3231,3665,4557,5486,4.71142,22.7323,8.9682,47.9887
66270,3356,3875,6043,12772,3323,3795,4834,6006,3192,3400,3711,4056,3188,3236,3399,3477,-33.0637,28.011,8.995,47.7753
66271,3543,3777,4179,3900,3718,4679,6268,4630,3858,5086,7434,4837,3484,4112,4534,4090,2.37935,6.1544,8.71065,48.086
66272,4934,5397,4138,3565,5870,8144,4793,3602,4592,5208,4066,3532,3762,3735,3465,3384,-7.5195,-10.3218,8.86596,48.1247
66273,3235,3441,3710,3917,3420,3915,4763,4731,3512,4349,7492,6798,3504,4215,5685,5662,9.64258,13.704,8.68187,48.2327
66274,6626,6135,4133,3443,7206,6971,4151,3540,4657,4508,3740,3343,3561,3644,3417,3191,-12.9471,-15.9645,8.57183,48.1773
66275,6093,6809,4589,3557,6156,7585,4549,3605,4290,4447,3749,3395,3545,3600,3298,3070,-13.7618,-11.8799,8.90743,48.2247
66276,3088,3522,4039,4672,3375,3741,5032,7837,3310,3658,5298,8423,3190,3604,4153,4892,1.03302,24.1597,8.82446,47.8893
66277,3558,3540,3306,3113,4533,4502,3704,3313,6920,7145,4342,3520,6324,6312,4325,3579,12.9621,-14.3946,8.70894,48.024
66278,6732,4865,3701,3322,9938,5212,3929,3338,5606,4377,3695,3260,3732,3665,3396,3165,-9.22615,-32.8677,8.64547,47.9553
66279,3153,3183,3494,3415,3249,3344,3806,3888,3361,3823,4860,5948,3452,4170,7180,11411,27.3826,21.6381,8.6174,47.8247
66280,4704,6593,6123,4241,4396,6813,6120,4199,3723,4158,4142,3769,3387,3527,3516,3280,-14.8686,-1.48074,8.9443,48.4607
66281,3393,3371,3165,3157,4055,3781,3368,3185,6171,5150,3831,3347,11521,7296,4241,3488,26.4527,-21.2244,8.97366,48.3467
66282,10809,6262,4019,3329,7200,4945,3748,3426,4229,3863,3490,3196,3427,3453,3258,3145,-20.8602,-23.9685,8.63534,47.866
66283,3459,3873,4010,3834,3714,4777,6137,4464,3754,5450,7243,4604,3729,4211,4527,4057,2.29605,4.8731,8.91856,47.8953
66284,3432,3745,4854,5467,3411,4042,6603,8212,3306,3682,5142,5772,3142,3576,3889,4053,-5.8848,18.6741,8.94287,48.2187
66285,5900,5775,4175,3491,7198,7407,4355,3472,4773,4682,3758,3309,3793,3648,3382,3152,-10.177,-15.1126,8.55546,48.18
66286,4186,4050,3561,3226,6293,5198,3830,3409,7712,6409,4073,3462,5110,4637,3670,3357,3.70695,-18.0568,8.96616,48.122
66287,3202,3858,5024,7514,3304,3716,5462,9683,3210,3594,4280,5269,3090,3270,3674,3816,-11.1059,26.1456,8.77813,47.9773
66288,6572,7206,4594,3515,6187,6982,4437,3615,4138,4163,3720,3307,3453,3685,3342,3148,-15.524,-12.863,8.83825,48.0427
66289,4514,5999,4973,3898,4886,7951,5699,3999,4016,4681,4119,3664,3557,3726,3562,3226,-10.5322,-4.70696,8.88688,48.3133
66290,3415,3439,3213,3066,4308,4087,3733,3423,7496,5999,4079,3534,8104,6437,4155,3508,16.371,-18.7663,8.96615,47.9973
66291,3588,4533,6315,5293,3713,4784,7987,5803,3477,3727,4556,4236,3199,3453,3696,3589,-11.634,10.4248,8.79067,47.966
66292,5995,4684,3667,3261,9764,5356,3725,3403,6215,4504,3662,3341,4097,3798,3462,3156,-6.38685,-28.325,8.54671,48.06
66293,3068,3215,3370,3494,3230,3459,3902,4192,3356,3641,4940,7495,3439,3992,5752,11159,20.7643,28.2783,8.58114,47.8027
66294,8895,5598,4010,3392,8553,5531,3915,3444,4635,4048,3560,3106,3686,3577,3311,3066,-15.5075,-23.8248,8.57678,48.218
66295,3181,3246,3369,3419,3276,3472,3890,4310,3442,3803,5185,8153,3440,3969,5751,9993,17.7578,33.6959,8.70549,47.9327
66296,3417,3365,3275,3124,3949,4030,3638,3413,5561,6055,4305,3592,7291,8428,4962,3686,20.9157,-12.5669,8.5625,48.0607
66297,3428,3554,3308,3213,3966,4138,3843,3369,5459,6941,4786,3784,5919,7883,4930,3832,16.8443,-9.1564,8.60577,48.2353
66298,3470,3362,3203,3130,4171,3839,3399,3208,6603,5109,3848,3413,10859,6913,4184,3410,23.1836,-21.8387,8.87241,48.0807
66299,3520,3939,5006,4859,3609,4443,7644,6426,3561,3962,5489,4997,3151,3688,3846,3889,-5.31425,12.3209,8.69571,48.0193
66300,3078,3191,3446,3447,3252,3562,3940,3916,3442,3945,5300,5970,3411,4456,7894,9650,24.5695,17.7596,8.60855,47.9333
66301,3474,3446,3301,3150,4385,4115,3495,3234,8229,5036,3873,3363,9842,5596,3887,3314,17.4722,-29.0716,8.81118,47.8267
66302,3524,3457,3279,3205,4067,4290,3669,3301,6098,7154,4501,3674,6419,7406,4724,3604,15.5585,-12.0512,8.83285,48.248
66303,10318,7711,4376,3502,6087,5184,3935,3522,3976,3873,3580,3286,3380,3321,3179,3076,-24.4857,-18.7907,8.69064,48.204
66304,3101,3317,3616,3706,3290,3580,4306,5048,3504,3787,5228,9593,3279,3770,4988,7645,11.4485,33.3578,8.70629,47.8387
66305,5205,4497,3687,3281,8419,6131,3929,3347,6358,5210,3803,3301,4288,3979,3543,3222,-3.69516,-20.0715,8.99466,48.1333
66306,12178,6085,3926,3287,6510,4916,3795,3339,3955,3813,3486,3191,3403,3390,3190,3059,-24.5117,-26.5877,8.79889,47.682
66307,3989,5740,8755,5994,3814,4749,6282,5005,3411,3796,3944,3786,3084,3330,3355,3362,-20.1976,7.48812,8.61287,48.264
66308,3268,3696,4408,5001,3379,3841,5558,8208,3331,3885,5164,7293,3236,3607,4068,4526,-1.73606,21.8994,8.88175,48.3127
66309,3205,3255,3378,3301,3569,3747,3785,3517,4140,4933,5029,4171,4612,7970,8593,4965,31.1021,0.71484,8.7838,48.1133
66310,4030,5974,9881,6188,3756,4439,5366,4544,3444,3602,3879,3775,3249,3311,3379,3301,-32.8226,7.24495,8.7472,48.0787
66311,6398,9877,6050,4020,4688,5208,4468,3809,3645,3652,3730,3352,3269,3344,3179,3181,-27.9633,-7.80423,8.79959,47.9133
66312,5436,9101,6622,4223,4579,5732,4746,3889,3730,3895,3721,3543,3322,3456,3346,3211,-22.8516,-4.39992,8.6287,48.368
66313,3707,3517,3366,3212,4494,4336,3765,3270,6953,7095,4370,3521,6589,6405,4295,3593,13.9029,-14.9254,8.78679,48.3253
66314,3403,3330,3284,3067,3937,3830,3349,3237,6298,4929,3929,3346,11999,6408,4008,3435,25.6341,-25.1976,8.68388,47.8593
66315,3403,3695,4573,5696,3440,3841,5273,9418,3322,3627,4559,6611,3138,3441,3856,4212,-5.06566,26.4665,8.56426,48.07
66316,3066,3286,3445,3294,3168,3518,3791,3986,3393,3945,4971,6215,3475,4044,7100,11628,27.0608,21.9493,8.85657,48.2167
66317,3420,3855,4759,4991,3439,4188,7171,7341,3412,3943,5509,5709,3383,3529,3841,4201,-4.69795,15.8284,8.72116,48.4607
66318,9611,7572,4397,3452,6162,5423,3876,3454,4072,3941,3393,3307,3242,3427,3294,3102,-22.9159,-18.2865,8.67423,47.8167
66319,4401,5765,5607,4206,4549,7226,6437,4147,3794,4469,4413,3710,3455,3635,3432,3422,-11.679,-1.5947,8.64815,48.4453
66320,4563,4247,3624,3204,6840,5860,3949,3381,7216,5988,3960,3449,4670,4438,3805,3285,0.966533,-17.9555,8.76607,48.3193
66321,4196,3940,3386,3147,6378,4897,3768,3280,9124,5743,3857,3288,5524,4679,3662,3315,4.82333,-22.5073,8.76582,48.1227
66322,8534,8315,4515,3590,5876,5615,4122,3465,3996,3921,3555,3333,3341,3475,3384,3246,-22.2334,-15.4099,8.92033,48.1887
66323,3950,3702,3328,3224,5605,4205,3646,3290,9967,5143,3746,3407,7017,4917,3675,3299,9.69781,-30.7478,8.97397,48.0807
66324,8962,7636,4413,3662,6459,5799,4051,3505,4187,3967,3557,3271,3446,3380,3118,3137,-19.8023,-17.1541,8.86911,48.3667
66325,4838,4372,3633,3363,7560,5850,3988,3383,6815,5624,3880,3429,4480,4128,3464,3257,-1.49431,-19.0001,8.69288,48.0427
66326,3192,3507,3820,3892,3460,4206,5378,4688,3753,4682,8179,5872,3576,4100,5109,4730,6.53007,9.70666,8.96703,48.096
66327,3236,3477,3325,3187,3574,3825,3790,3500,4180,4984,5112,4219,4620,7898,8232,4868,25.5017,0.463146,8.56742,48.018
66328,3096,3349,3750,3572,3308,3721,4548,4620,3527,4251,7213,7230,3566,4113,6017,6095,11.3904,14.962,8.86721,47.984
66329,3298,3547,4328,4652,3333,3921,5700,7519,3515,3920,5586,7143,3206,3641,4253,4585,-0.152172,19.8066,8.76829,48.098
66330,7211,4942,3780,3289,9987,5277,3713,3394,5447,4296,3683,3337,3712,3648,3254,3148,-10.1302,-31.0429,8.83209,48.0787
66331,3108,3346,3375,3400,3302,3620,3995,4006,3574,4285,5995,5941,3666,4715,8188,7776,20.1705,14.1302,8.9342,48.1947
66332,3461,4348,7236,9050,3512,3990,5723,6500,3231,3554,4100,4172,3043,3355,3480,3403,-19.632,17.9889,8.88537,48.1053
66333,3357,3875,5457,8751,3311,3830,5229,9072,3246,3453,4171,4663,2973,3360,3552,3540,-14.8945,27.6867,8.80524,47.8933
66334,3342,3750,4988,6121,3396,3864,6031,9034,3295,3646,4617,5565,3137,3481,3689,3992,-8.21745,21.6595,8.5516,47.9653
66335,11859,5893,3880,3485,6896,4972,3838,3430,4017,3920,3542,3256,3368,3341,3212,3080,-22.8305,-31.5122,8.53962,47.9927
66336,3409,3879,4780,5317,3427,3999,6581,8026,3455,3817,5096,5991,3225,3445,3991,4095,-4.98526,18.5105,8.84271,48.3553
66337,3540,3711,4208,4209,3553,4469,6603,5532,3632,4463,7124,5577,3365,3906,4516,4394,1.06006,10.6463,8.98764,48.5347
66338,3330,3384,3265,3017,4148,3840,3503,3179,6932,5147,3886,3369,10589,6746,4025,3389,22.1709,-22.3925,8.55004,47.8327
66339,3428,3565,3398,3147,4141,4107,3616,3350,5991,6683,4444,3661,6952,7609,4643,3649,16.805,-13.1577,8.72039,48.256
66340,3169,3290,3485,3461,3126,3451,3906,4135,3407,3920,5469,6945,3458,4117,6758,9852,19.8991,20.4039,8.83379,47.966
66341,3087,3483,3662,3542,3382,3757,4614,4491,3609,4551,7683,6396,3586,4325,6272,5726,11.372,12.2486,8.72895,48.1107
66342,3240,3308,3489,3664,3242,3503,4160,4840,3483,3852,5230,9395,3281,3866,5346,8301,13.3372,31.858,8.74748,48.1333
66343,3166,3238,3250,3283,3180,3344,3803,3952,3426,3874,4799,6081,3450,3913,6049,12592,29.0391,31.5753,8.94465,47.6
66344,3707,5236,9539,7298,3773,4264,5333,5100,3251,3595,3780,3854,3212,3255,3322,3353,-27.99,11.0387,8.56234,47.9147
66345,3011,3368,3582,3650,3170,3645,4174,4466,3462,4104,6329,7744,3441,4090,6180,7696,14.5882,18.5647,8.92719,48.0747
66346,4172,4055,3666,3325,5617,5829,4027,3516,6880,7152,4285,3477,4835,4668,3720,3320,3.21776,-14.8578,8.77285,48.3627
66347,6176,9808,5914,3963,4834,5501,4462,3777,3780,3862,3667,3392,3314,3398,3266,3159,-25.9515,-8.09315,8.53674,48.182
66348,4221,4254,3661,3378,4968,6476,4454,3656,5330,7596,4798,3622,4261,4589,3908,3419,1.99012,-8.7072,8.80701,48.394
66349,3477,3954,5561,8876,3315,3856,5530,8630,3188,3573,4103,4578,3192,3273,3459,3642,-15.4568,23.3156,8.75042,48.138
66350,4370,4415,3864,3415,5484,7224,4495,3656,5200,6653,4460,3595,4071,4225,3677,3495,-1.19071,-10.0472,8.82769,48.1993
66351,8564,5175,4002,3414,9110,5159,3746,3364,4777,4018,3532,3344,3694,3558,3227,3110,-14.1895,-30.0592,8.50408,47.8627
66352,3382,3410,3225,3080,3836,3744,3470,3201,6249,4705,3844,3365,12695,6119,3898,3394,27.2501,-27.3707,8.79464,47.7447
66353,3318,4002,6293,11832,3462,3793,4824,6644,3313,3404,3821,4040,3208,3141,3439,3433,-23.7431,24.9076,8.98989,47.978
66354,3285,3937,6165,10936,3488,3836,5165,7472,3249,3450,3837,4288,3174,3079,3491,3574,-20.2142,25.0081,8.95987,48.284
66355,11558,7253,4006,3388,5938,4857,3824,3432,3866,3693,3441,3201,3431,3372,3287,3164,-30.6897,-21.4423,8.89197,47.8073
66356,3165,3495,3784,3900,3309,3786,4994,5892,3514,3980,6334,8393,3354,3897,4899,5606,5.97515,19.5879,8.67464,48.2013
66357,3339,3779,5207,7884,3439,3934,5114,9488,3393,3525,4109,4976,3214,3375,3588,3731,-12.1988,33.2802,8.67464,48.0633
66358,3790,4188,4306,3940,3909,5957,6780,4344,4021,5333,6149,4219,3608,3993,4095,3809,-1.74269,1.83772,8.80899,48.294
66359,12856,6054,3857,3359,6134,4651,3721,3279,3942,3728,3400,3246,3418,3331,3274,3115,-31.2322,-30.6715,8.78397,47.5767
66360,4303,3902,3449,3182,6869,4911,3709,3322,8954,5524,3847,3382,5319,4363,3672,3285,3.71784,-24.187,8.65768,47.9953
66361,3409,3718,6082,12558,3418,3753,4640,5877,3181,3324,3814,3933,3229,3130,3392,3327,-32.6717,27.616,8.61833,47.19
66362,3400,3420,3260,3107,3800,3809,3501,3263,5305,5220,4049,3523,8392,9164,4637,3642,30.9265,-14.1299,8.80961,47.6613
66363,3344,3684,4300,5093,3386,3729,5202,8910,3369,3739,4747,7289,3192,3492,3954,4472,-2.33106,32.7516,8.61767,47.9347
66364,3543,4534,8065,9451,3510,4041,5459,5825,3240,3569,3999,3886,3099,3284,3325,3403,-24.0744,16.9212,8.59645,48.1553
66365,3575,4503,7643,8381,3456,4112,5957,6524,3141,3634,4044,4174,3196,3313,3439,3347,-19.343,16.62,8.58724,48.2927
66366,3180,3206,3368,3384,3217,3501,3851,4004,3438,4061,5072,5469,3511,4442,8376,9647,33.2098,16.8216,8.80055,47.818
66367,3343,3926,5357,8088,3300,3816,5088,9255,3318,3593,4194,4892,3123,3390,3550,3643,-13.1164,30.8882,8.62704,47.9173
66368,3491,3580,3285,3145,4712,4107,3618,3312,8996,5334,3858,3450,8712,5413,3865,3369,14.5429,-27.4642,8.61813,48.1647
66369,3160,3464,3608,3730,3413,3770,4673,4694,3547,4337,7432,7213,3474,4111,5923,5935,11.011,14.6786,8.74393,48.3227
66370,3381,3755,5203,8884,3373,3792,5143,9256,3409,3510,4100,4961,3232,3246,3584,3613,-14.4749,30.2339,8.94726,48.2947
66371,4631,4773,4031,3532,5819,7698,4672,3625,5036,5954,4081,3566,4024,4019,3581,3406,-3.5623,-10.8368,8.82061,48.2987
66372,3221,3495,3952,4401,3338,3654,4507,7431,3311,3684,5054,9287,3194,3656,4334,5443,3.05056,29.5399,8.94833,47.9747
66373,3678,4338,4897,4192,3827,5360,7810,5065,3611,4570,5747,4426,3421,3713,3841,3748,-4.8427,5.61253,8.85279,48.1627
66374,4499,4166,3505,3185,7423,5145,3841,3337,8408,5543,3843,3458,4996,4294,3616,3132,1.69891,-22.4685,8.72146,48.2607
66375,3129,3495,3658,3895,3299,3651,4458,5696,3325,3852,5770,9358,3215,3765,4985,6319,8.6504,22.9741,8.76481,47.9133
66376,8428,5280,3793,3316,9521,5215,3866,3246,4831,4156,3557,3233,3690,3473,3276,3113,-13.6053,-30.9086,8.83096,47.996
66377,11872,6799,4024,3362,5951,4802,3832,3429,3918,3721,3391,3212,3398,3363,3302,3088,-28.4771,-23.2418,8.72296,47.6427
66378,3706,4305,4824,4328,3901,5651,7579,4819,3697,4694,5592,4312,3432,3783,3995,3690,-5.0457,4.76347,8.72053,48.2053
66379,3373,3371,3308,3152,3900,3737,3384,3285,6071,4769,3832,3430,12171,6266,3987,3405,30.113,-26.4215,8.5543,47.6273
66380,8084,6058,4033,3407,8097,5869,4004,3389,4535,4187,3554,3326,3573,3534,3332,3088,-15.0803,-20.1797,8.8543,48.0467
66381,3683,4661,8511,7882,3586,4211,5993,5735,3304,3566,3929,4019,3091,3300,3384,3412,-21.2853,13.962,8.67547,48.178
66382,3101,3261,3597,3564,3225,3506,4041,4636,3418,3992,5221,8623,3435,4019,5578,8639,15.1716,24.265,8.54857,47.904
66383,3388,3765,3954,3909,3596,4353,6039,4703,3683,5170,7850,5262,3581,4054,4866,4370,4.36741,7.72236,8.90094,48.362
66384,3301,3605,4517,5150,3405,3787,5185,9164,3345,3736,4802,7122,3363,3551,3978,4343,-2.8645,33.9056,8.63064,48.236
66385,3281,3770,4759,6535,3362,3910,5315,9821,3253,3645,4283,5812,3165,3357,3873,3905,-8.43404,27.6791,8.56608,48.0307
66386,3384,4042,6376,12512,3364,3773,4787,5913,3243,3455,3795,3873,3169,3272,3372,3377,-31.9506,25.595,8.99367,47.8047
66387,5901,4538,3768,3407,9590,5199,3721,3443,6343,4648,3642,3399,4215,3723,3400,3203,-5.82304,-30.1446,8.72042,48.0933
66388,3112,3348,3691,3602,3363,3828,4558,4398,3636,4382,7528,6533,3687,4315,6402,5932,12.6727,12.8445,8.66031,48.21
66389,3134,3544,3813,3835,3338,3836,5053,5219,3546,4236,7148,7613,3346,4050,5062,5483,7.44718,15.9229,8.88215,48.1707
66390,3427,3408,3270,3192,3949,3718,3442,3220,5939,4687,3744,3304,12667,5951,3882,3436,31.1272,-30.587,8.92403,47.4907
66391,4196,4545,4027,3576,5096,7535,4863,3692,4953,6419,4572,3596,3964,4167,3702,3546,-2.49754,-7.95428,8.89477,48.2993
66392,3348,3330,3213,3121,3937,3855,3395,3292,6126,4961,3907,3315,11677,6825,4140,3419,26.7948,-23.2288,8.67959,47.9073
66393,3399,3359,3268,3195,3877,3766,3398,3169,6018,4842,3737,3354,12736,5847,3744,3437,31.3037,-30.3101,8.90827,47.4307
66394,3496,3494,3186,3133,4275,3795,3586,3234,7277,5129,3805,3339,10745,6220,3911,3278,20.4805,-24.7238,8.55594,47.9353
66395,3434,3359,3185,3133,3969,3867,3594,3328,5189,5224,4261,3467,8461,9134,4831,3690,29.9403,-13.5819,8.6219,48.084
66396,3260,3563,3366,3274,3653,3849,3777,3657,4375,5756,5443,4194,4894,7828,7253,4373,20.7748,-1.3222,8.97007,48.3433
66397,4477,5072,4386,3543,5190,8261,5282,3686,4458,5580,4380,3597,3860,3880,3675,3358,-5.55688,-7.31974,8.92546,48.4567
66398,3227,3658,4182,4526,3343,3756,5138,7501,3349,3900,5392,8160,3258,3473,4380,4903,1.15897,22.3174,8.5811,48.0973
66399,5409,4673,3725,3296,8057,6579,4137,3357,5911,5222,3786,3407,3988,4026,3578,3280,-5.08159,-18.3918,8.62637,48.2873
66400,4093,5275,5920,4360,4131,6407,7285,4542,3769,4320,4612,3795,3351,3651,3553,3435,-11.2632,1.82186,8.68334,48.3327
66401,3910,4479,4361,3786,4215,6362,6483,4274,4148,5389,5629,4104,3660,3851,3923,3689,-3.01469,0.206552,8.80834,48.1753
66402,6022,9760,6212,4053,4629,5163,4566,3787,3564,3724,3792,3405,3321,3288,3339,3141,-30.4595,-6.38219,8.67056,47.844
66403,3693,4715,8139,7018,3639,4334,6456,5742,3353,3498,4065,4001,3173,3212,3429,3360,-19.1341,12.6249,8.53007,47.8847
66404,3404,3887,4719,4960,3387,4143,6632,7563,3469,3901,5395,5870,3179,3484,3940,4207,-4.13902,17.2463,8.50503,48.0933
66405,3241,3262,3321,3249,3661,3821,3889,3476,4448,5491,4829,3916,5415,9213,6748,4316,23.9824,-3.97962,8.83529,48.1973
66406,3430,4224,7250,9692,3384,3994,5564,6826,3251,3604,3913,4107,3081,3180,3452,3472,-20.799,19.403,8.70239,48.2827
66407,3286,3813,4737,5594,3448,4044,6355,8750,3294,3672,4750,5958,3262,3469,3823,4082,-6.17841,20.2684,8.56878,48.2247
66408,3284,3555,3797,3657,3533,4001,5030,4473,3678,4840,8120,6018,3704,4274,5660,5023,8.52075,10.5609,8.57671,48.4313
66409,3352,3537,3465,3452,3801,4106,4201,3646,4453,6393,6279,4386,4370,6375,6236,4482,14.8982,-0.0714387,8.72198,48.356
66410,4315,6383,8794,5574,3948,4977,5672,4475,3466,3818,3913,3640,3147,3392,3360,3293,-22.1135,4.67349,8.79329,48.1113
66411,3137,3298,3367,3504,3226,3468,4020,4269,3344,3793,5016,7681,3431,3958,5845,10845,19.9667,32.7573,8.57132,48.1347
66412,3215,3733,4714,6088,3344,3782,5309,9801,3195,3667,4662,6313,3170,3287,3802,4095,-6.58998,26.3651,8.92401,48.118
66413,3141,3355,3317,3349,3436,3672,3892,3819,3673,4625,5926,4891,3907,5868,9272,6064,22.4948,7.3339,8.79965,48.138
66414,3823,4149,3958,3512,4410,6257,5262,3977,4542,6942,5707,3896,3946,4358,4193,3661,1.13002,-3.54055,8.96539,48.3953
66415,3253,3433,3291,3246,3440,3686,3823,3553,4105,4889,5121,4275,4352,7427,8949,4931,33.8539,2.314,8.72105,47.8493
66416,4838,7337,6819,4431,4453,6184,5689,4138,3736,4047,3795,3590,3287,3482,3469,3301,-18.4677,-1.48527,8.65076,48.3973
66417,3443,3945,5267,5247,3654,4396,7431,6884,3358,3972,5233,4960,3353,3481,3813,3873,-7.14104,13.884,8.51916,48.2067
66418,5296,4361,3518,3311,9107,5138,3837,3272,7447,4752,3777,3313,4440,4013,3519,3125,-2.98774,-29.4458,8.86627,48.1507
66419,4735,5153,4144,3502,6035,8025,4770,3591,4664,5545,4029,3589,3816,3915,3520,3322,-6.11751,-10.3429,8.80435,48.2367
66420,11233,6718,4025,3386,6466,5014,3736,3427,4127,3812,3511,3237,3441,3298,3257,3178,-23.2638,-22.4945,8.66227,47.9107
66421,4076,4239,3661,3353,4879,6714,4480,3708,5247,7277,4739,3664,4231,4535,3889,3597,1.40197,-8.84904,8.80649,48.1927
66422,4336,5161,4497,3761,5066,7805,5577,3861,4081,5275,4494,3697,3767,3894,3550,3367,-6.85339,-5.10435,8.71497,48.126
66423,4063,3927,3509,3289,6663,4672,3730,3268,9553,5171,3832,3381,5584,4375,3664,3266,4.84976,-33.7,8.75682,47.9647
66424,6215,4715,3727,3336,10082,5245,3929,3280,5937,4458,3573,3289,3947,3800,3343,3183,-7.51433,-32.1683,8.9706,48.0393
66425,3563,3534,3304,3150,4514,4083,3549,3197,8815,5014,3827,3301,9518,5367,3793,3452,16.1303,-28.2581,8.77349,47.9873
66426,5703,8333,5467,3859,5105,6532,4734,3682,3786,4058,3691,3567,3376,3529,3472,3118,-18.8428,-7.54853,8.90448,48.008
66427,3351,3421,3210,3114,3912,3695,3408,3205,6173,4678,3748,3419,12611,6136,3915,3487,29.0246,-27.9649,8.8806,47.6553
66428,3681,3935,3955,3755,3835,5186,5794,4272,4098,5853,6953,4507,3797,4191,4433,4132,2.59655,3.17158,8.52211,48.2513
66429,4303,6618,8096,5129,4056,5270,6099,4553,3565,3801,3940,3664,3168,3292,3431,3307,-19.8346,2.86021,8.73518,48.1947
66430,3331,3667,4316,4962,3327,3739,5291,8299,3226,3802,5038,7744,3268,3438,4114,4580,-1.05932,23.3988,8.87685,48.0947
66431,12010,6736,3952,3387,5997,4806,3940,3386,3969,3835,3467,3258,3497,3327,3216,3207,-27.8707,-23.0672,8.77712,47.9933
66432,3158,3234,3450,3374,3373,3588,3935,3859,3558,4174,5517,5583,3624,4813,8919,8118,23.8154,13.719,8.57805,48.1847
66433,3114,3345,3703,3821,3249,3758,4283,5576,3456,3943,5723,9339,3381,3798,5033,6626,9.43059,23.4781,8.53746,48.0987
66434,3326,3445,3303,3031,3975,3977,3568,3306,6368,5581,4118,3460,9094,7655,4412,3468,21.0312,-17.1209,8.91216,48.058
66435,3501,3527,3312,3105,4493,3956,3506,3147,8162,5130,3807,3495,10121,5713,3955,3333,17.7513,-27.1875,8.99372,48.1753
66436,3253,3287,3278,3493,3245,3528,3696,3901,3418,3709,4708,5953,3307,3784,5750,12684,32.6108,31.6888,8.78064,47.3293
66437,3529,3518,3278,3136,4193,4279,3575,3384,5848,6691,4323,3626,6670,7852,4652,3673,17.6811,-12.4244,8.70309,48.1513
66438,4427,6297,6847,4489,4280,5933,6255,4400,3672,4035,4029,3617,3395,3388,3430,3505,-16.4222,1.07476,8.65309,47.9993
66439,3243,3834,4968,6737,3355,3833,5574,9696,3419,3664,4289,5565,3145,3331,3728,3899,-9.37633,25.0855,8.68608,48.1867
66440,3382,3633,4828,6922,3343,3866,5262,10007,3323,3524,4411,5454,3167,3415,3685,3886,-9.25895,29.5627,8.70766,48.072
66441,3423,3889,5857,10359,3416,3753,5081,7961,3268,3462,3871,4412,3034,3333,3442,3425,-18.4473,27.872,8.75341,47.9907
66442,6972,4855,3737,3172,10005,5239,3871,3361,5530,4290,3602,3278,3891,3637,3378,3143,-9.89574,-29.6972,8.67678,47.974
66443,5916,9662,6365,4140,4558,5216,4528,3744,3765,3806,3642,3302,3280,3314,3238,3126,-30.2299,-6.16789,8.75817,47.7347
66444,3250,3421,3560,3366,3453,3964,4336,3994,3937,5124,7913,5133,3949,5214,6906,5082,14.0656,6.9129,8.97527,48.4013
66445,3309,3363,3265,3169,3923,3811,3446,3152,5933,4979,3909,3406,11243,7264,4064,3446,32.1735,-20.9574,8.81481,47.788
66446,3178,3564,4000,4146,3480,3882,4997,6225,3418,4113,6443,8069,3363,3696,4665,5327,4.55156,18.53,8.86973,48.3773
66447,9086,8922,4569,3547,5434,5275,4040,3546,3863,3765,3471,3236,3385,3547,3237,3046,-27.5402,-15.5963,8.79142,47.9793
66448,5634,5610,4038,3619,7104,7532,4339,3482,4846,4858,3701,3311,3784,3758,3402,3280,-9.02599,-14.4399,8.71173,48.1987
66449,3398,4040,6816,12018,3348,3767,4903,5992,3223,3440,3724,3900,2979,3221,3272,3371,-29.4276,23.6367,8.84977,47.608
66450,3184,3175,3381,3440,3254,3395,3689,3811,3434,3715,4685,5904,3485,4019,6065,12618,31.0937,33.8059,8.99486,47.5027
66451,3158,3232,3284,3394,3166,3415,3936,4082,3397,3751,4981,6588,3383,4071,6653,11603,23.5692,23.939,8.87668,48.0627
66452,3394,3366,3276,3091,4208,3813,3443,3213,7484,4913,3972,3475,11121,5732,4000,3341,20.1488,-32.5489,8.8086,47.8947
66453,5927,9355,6349,4076,4619,5691,4608,3940,3735,3885,3703,3380,3361,3331,3378,3236,-23.7389,-6.09347,8.77673,48.3827
66454,3205,3291,3291,3133,3761,3826,3674,3374,5026,5230,4279,3669,7420,9656,5247,3751,26.868,-10.8576,8.65671,47.8887
66455,3656,4150,5503,4951,3632,4844,8152,5970,3550,4047,5121,4550,3240,3530,3798,3679,-8.29709,10.2515,8.64901,48.2487
66456,3577,4782,7796,7511,3590,4155,6302,6234,3315,3682,3997,4216,3102,3269,3361,3523,-18.6526,14.2534,8.78109,48.2747
66457,3341,3997,6086,12311,3417,3684,4860,6383,3149,3448,3805,4059,3035,3202,3371,3452,-25.8062,28.976,8.58039,47.7333
66458,3687,3662,3598,3300,4378,4984,4141,3579,5451,8222,5200,3753,4769,5605,4436,3728,8.65396,-7.63763,8.62748,48.3287
66459,3539,3937,5888,12764,3355,3769,4660,5815,3143,3447,3746,3847,3132,3256,3391,3333,-30.1527,29.3988,8.98117,47.348
66460,3332,3457,3246,3059,3995,3895,3442,3219,6604,5236,3898,3418,10683,6899,4122,3445,22.5818,-21.2138,8.8023,47.9667
66461,3132,3382,3717,3884,3319,3643,4242,5416,3321,3834,5222,9794,3372,3723,4819,7107,10.2438,28.4027,8.82887,47.9513
66462,3171,3279,3360,3347,3291,3504,3782,4034,3420,3772,4850,6552,3379,3963,6085,12292,24.2796,29.183,8.83201,48.054
66463,3323,3341,3253,3096,3786,3863,3562,3265,5046,5303,4236,3645,7479,9793,5364,3819,27.8993,-10.847,8.88334,48.116
66464,3274,3531,3474,3349,3702,4041,4247,3814,4198,6109,6418,4275,4411,6250,7033,4677,15.9805,1.21205,8.81064,48.5353
66465,3261,3333,3369,3300,3594,3680,3662,3521,4214,5051,4849,4138,4950,8543,7926,4655,32.9218,-0.740778,8.50499,48.0307
66466,3646,4434,6058,5411,3715,4741,7877,6301,3419,3740,4739,4578,3149,3316,3711,3623,-10.9188,11.3924,8.6745,48.3053
66467,3153,3402,3725,3712,3285,3652,4424,4858,3520,4023,6422,8422,3301,3946,5509,6937,11.6978,19.0884,8.91958,48.194
66468,3500,4054,4810,4592,3541,4649,7805,6042,3482,4195,5809,4951,3343,3562,3988,3886,-4.9357,10.7942,8.60784,48.1393
66469,12420,6096,3882,3481,5903,4635,3716,3329,3926,3756,3486,3257,3338,3359,3284,3250,-31.1725,-33.2376,8.6752,47.412
66470,3351,3822,5128,7086,3424,3909,5911,8976,3269,3652,4479,5313,3083,3367,3710,3918,-10.5471,22.6138,8.54406,48.2653
66471,3379,3757,4651,6073,3346,3732,5241,9738,3308,3748,4599,6099,3229,3484,3941,4045,-6.88345,33.5446,8.80747,48.2467
66472,3170,3339,3473,3535,3316,3809,4233,4227,3512,4459,6998,6315,3696,4621,7196,6519,15.6045,13.1936,8.83823,48.2787
66473,3473,3511,3238,3015,4164,4132,3701,3392,6321,6623,4208,3681,7152,7310,4496,3486,16.8551,-14.1583,8.81586,47.9353
66474,6481,7798,4839,3678,5722,6867,4493,3724,4135,4120,3728,3292,3533,3532,3293,3258,-16.8278,-11.2972,8.5807,48.3287
66475,3813,3776,3475,3227,4685,4890,3801,3390,7137,7372,4301,3568,5864,5648,4052,3511,9.88065,-14.5953,8.56475,48.34
66476,11561,7054,4061,3450,6045,4890,3830,3429,3923,3884,3426,3199,3341,3285,3220,3137,-26.7007,-21.7069,8.71743,47.8233
66477,3386,3336,3295,3070,3918,3780,3486,3226,5779,4948,3899,3325,11555,7210,4067,3499,30.0801,-21.1483,8.72398,47.8527
66478,3435,3429,3277,3107,3895,3871,3429,3119,6083,4796,3803,3323,12396,6460,3980,3311,28.8655,-26.0965,8.59169,47.8093
66479,3349,3740,4981,7336,3304,3828,5294,9672,3400,3634,4303,5258,3141,3214,3544,3844,-10.9823,30.4396,8.54235,47.8947
66480,4048,3938,3549,3192,5962,5238,3877,3402,7771,6703,4132,3434,5068,4785,3740,3344,4.58141,-17.3934,8.93716,48.122
66481,4741,7750,7467,4532,4213,5621,5347,4266,3665,3872,3749,3554,3254,3381,3330,3306,-21.0697,-0.528204,8.59226,48.032
66482,3419,3582,3588,3392,3701,4243,4411,3845,4310,6629,6793,4352,4277,5706,5821,4481,12.8466,0.261515,8.92981,48.3667
66483,3099,3195,3325,3437,3296,3409,3688,3913,3382,3783,4739,5804,3343,3911,5951,12840,31.0855,29.7307,8.96465,47.41
66484,4145,6217,7524,5051,3930,5407,6523,4626,3583,3884,3947,3693,3272,3552,3429,3398,-17.4826,3.45088,8.65547,48.1207
66485,3108,3327,3485,3456,3420,3616,4230,4119,3609,4478,6878,6044,3641,4616,7640,6665,16.788,12.577,8.91709,48.2213
66486,3420,3292,3112,3017,3921,3709,3447,3219,6187,4764,3736,3412,12371,6320,4029,3404,28.1593,-25.8763,8.86736,47.5733
66487,3822,5495,9755,6771,3685,4430,5317,4721,3387,3653,3983,3894,3153,3320,3327,3323,-33.491,9.08828,8.5754,48.024
66488,3059,3351,3484,3557,3333,3493,4062,4057,3566,4305,6052,6233,3565,4513,7830,7915,18.9134,15.043,8.70442,48.25
66489,3379,3505,3243,3250,4031,3786,3499,3271,6079,5117,3836,3374,10849,7434,4117,3419,26.5328,-20.3916,8.56146,48.126
66490,3121,3382,3591,3696,3280,3715,4187,4917,3455,3977,6427,8320,3390,3982,5554,6972,11.7178,19.4348,8.67592,47.9773
66491,3546,3461,3277,3122,4192,4017,3432,3279,7947,5147,3697,3288,10377,5659,3884,3370,18.4982,-33.621,8.8602,47.7967
66492,3205,3318,3602,3741,3281,3753,4496,4894,3527,4058,6536,8366,3404,4038,5675,6576,11.0108,18.8676,8.73191,48.3133
66493,3065,3254,3560,3666,3150,3480,4257,4963,3428,3747,5269,9411,3348,3920,5137,8289,12.9648,28.0229,8.77281,47.9627
66494,3386,3478,3211,3281,3974,3802,3314,3272,6154,4709,3721,3374,12689,6065,3869,3211,33.4592,-29.2776,8.8324,47.6733
66495,3536,3428,3264,3095,4585,4061,3559,3272,8342,5295,3813,3407,9448,5764,3856,3384,16.5307,-24.2523,8.96451,48.0727
66496,3356,3357,3251,3074,3817,3865,3413,3291,5978,4698,3818,3308,12894,6156,3841,3367,31.372,-28.8803,8.91587,47.656
66497,3282,3618,4489,5313,3382,3865,5400,8811,3163,3751,4880,7286,3189,3443,4004,4503,-2.61415,25.1373,8.69181,48.2527
66498,3804,4046,3918,3537,4424,6107,5099,3915,4652,7117,5746,3927,3944,4533,4132,3623,2.14142,-3.52894,8.63912,48.3493
66499,3181,3299,3337,3256,3363,3725,3700,3659,3742,4413,5322,4622,4058,6129,10048,6308,27.0864,7.11576,8.93062,48.108
66500,3188,3477,3681,3942,3364,3766,4857,5741,3450,3972,6418,8497,3313,3823,5021,5884,7.51747,19.6737,8.50887,48.2627
66501,3926,3998,3633,3243,5239,5649,4080,3540,6501,7563,4459,3567,4778,4812,3842,3464,4.48629,-12.5033,8.92438,48.196
66502,3465,3400,3223,3010,3998,3825,3510,3214,5771,5220,3986,3530,9770,8176,4487,3489,26.0675,-17.5066,8.64883,48.0493
66503,3673,4843,9279,8316,3556,4161,5308,5121,3362,3556,3827,3761,3124,3200,3327,3346,-30.4012,13.6288,8.63838,47.84
66504,3440,3396,3213,3164,4156,3884,3571,3176,6550,5586,3991,3586,9494,7545,4157,3526,20.6232,-18.5751,8.95674,48.29
66505,3116,3237,3330,3379,3161,3492,3826,4065,3441,3846,4936,6929,3328,3928,5941,11846,23.152,30.5557,8.55103,47.8673
66506,4897,8138,7424,4534,4287,5500,5240,4107,3633,3993,3822,3587,3310,3483,3361,3174,-22.4062,-1.38279,8.72287,48.3267
66507,6522,6677,4141,3650,6696,7057,4424,3614,4462,4312,3654,3372,3604,3544,3404,3108,-13.6945,-14.0731,8.65194,48.1607
66508,3559,3453,3305,3104,4508,4132,3512,3186,8220,5801,4002,3431,8406,5857,4019,3405,15.2779,-20.9257,8.80065,47.9333
66509,4759,6389,5795,4144,4544,6935,6155,4058,3786,4387,4102,3629,3314,3555,3365,3438,-13.8959,-1.77716,8.95001,48.2367
66510,3703,3722,3563,3386,4187,4838,4304,3730,5076,8135,5664,3788,4579,5412,4468,3795,8.31555,-5.59933,8.6627,48.2333
66511,3379,3379,3186,3126,4041,3896,3438,3185,6487,4735,3894,3304,12128,6041,4020,3402,25.6376,-29.8781,8.59203,47.7607
66512,3073,3172,3377,3370,3302,3428,3844,4136,3493,3818,5035,6881,3467,4078,6653,11198,22.5596,23.3651,8.65682,48.2167
66513,3515,3423,3332,3044,4228,4049,3605,3233,6528,5886,4109,3459,8213,7293,4439,3567,18.8214,-16.8169,8.66847,47.9487
66514,3872,4120,3776,3473,4480,6308,5057,3868,4804,7119,5584,3846,4032,4518,4238,3775,2.25406,-4.4094,8.74368,48.58
66515,3071,3167,3307,3417,3391,3568,4009,3931,3462,4050,5342,5878,3507,4550,8073,9252,23.4365,16.9287,8.6479,47.9833
66516,9654,7699,4283,3448,6069,5558,3956,3491,3996,3885,3580,3219,3438,3331,3296,3077,-22.6632,-17.806,8.92627,47.9867
66517,3249,3554,3320,3028,3916,3889,3514,3323,5266,5702,4187,3628,7637,9014,4972,3726,23.0083,-12.2858,8.60838,47.95
66518,3219,3445,3845,4121,3333,3774,4965,5886,3435,4107,6434,8309,3368,3702,4809,5553,5.78159,19.1508,8.84623,48.2033
66519,3241,3538,4168,4774,3347,3713,4823,8354,3372,3816,4901,8181,3236,3521,4254,4649,0.054735,31.4482,8.7617,47.9253
66520,3174,3489,3784,4151,3312,3565,4505,6126,3297,3897,5389,9673,3343,3750,4664,6285,7.11613,26.1397,8.55915,48.2693
66521,3382,3772,4080,4064,3530,4427,6350,5193,3607,4479,7313,5623,3526,3937,4566,4368,1.96543,10.2702,8.67235,48.1447
66522,6980,4854,3746,3411,9813,5163,3883,3357,5496,4281,3664,3390,3856,3654,3440,3138,-9.89581,-32.6925,8.6284,48.084
66523,4829,4459,3726,3232,7485,6115,3880,3402,6570,5468,3926,3419,4380,4105,3842,3302,-2.01051,-18.3697,8.80433,48.0933
66524,4266,4062,3506,3246,6643,4962,3716,3417,8554,5866,3774,3426,5311,4535,3647,3277,3.68937,-21.616,8.65141,48.1387
66525,4524,5292,4423,3755,5138,8065,5545,3808,4280,5062,4344,3596,3592,3855,3616,3350,-7.75634,-6.29308,8.7079,48.1633
66526,5837,4618,3689,3293,9441,5271,3693,3325,6538,4669,3698,3278,4201,3775,3476,3132,-5.43965,-28.339,8.62346,47.956
66527,4280,4491,3870,3437,5262,7329,4641,3545,4946,6594,4447,3590,4047,4160,3648,3589,-1.54743,-9.15066,8.7573,47.9173
66528,3105,3283,3689,3711,3337,3607,4318,5147,3380,3890,5328,9554,3356,3808,5116,7549,11.4814,27.1064,8.52657,48.1187
66529,11570,7050,3992,3294,5758,4877,3835,3410,3900,3839,3551,3182,3451,3392,3280,3146,-33.1123,-21.6783,8.71315,47.6847
66530,3253,3476,3387,3221,3485,3769,3837,3480,4257,5272,5188,4236,4879,8307,7570,4690,23.4469,-1.04291,8.97636,48.2047
66531,3430,3404,3341,3164,3940,3891,3509,3357,5662,4924,3965,3392,10561,7844,4232,3332,33.4293,-18.9874,8.91787,47.9653
66532,3272,3552,3979,3990,3450,4177,5772,5192,3667,4581,7762,6063,3513,3847,4821,4503,3.91715,11.808,8.92791,48.094
66533,3227,3452,3713,3638,3434,3806,4810,4599,3608,4509,7877,6474,3497,4272,5984,5474,10.3913,12.2103,8.90921,48.2493
66534,10816,7409,4149,3517,6315,5049,3936,3317,3923,3818,3557,3279,3422,3388,3181,3025,-24.4888,-20.4368,8.82251,48.0673
66535,4263,4101,3506,3280,6428,5368,3834,3361,7879,6258,3848,3413,5025,4364,3754,3215,2.92113,-18.888,8.70912,47.9313
66536,4797,4235,3640,3173,7926,5637,3823,3407,7384,5425,3858,3390,4666,4210,3552,3250,-0.891555,-21.5056,8.71927,48.2487
66537,3481,3379,3239,3155,4351,3842,3414,3275,8095,5154,3719,3379,10271,5625,3945,3432,18.1428,-33.4023,8.92294,47.8373
66538,3345,3691,4777,6591,3413,3861,5349,9987,3245,3597,4362,5756,3170,3354,3744,3995,-8.39731,28.4243,8.79425,48.158
66539,3215,3346,3307,3196,3730,3789,3476,3270,5078,5284,4281,3650,7559,9716,5211,3740,26.6205,-11.6438,8.91496,47.8987
66540,12218,6570,3843,3415,5834,4895,3811,3286,3882,3842,3498,3239,3486,3464,3282,3005,-31.4973,-24.1184,8.5712,47.7133
66541,3170,3448,3481,3440,3458,3782,4366,3984,3586,4831,7193,5696,3799,4782,7345,5844,15.0407,10.1216,8.52114,48.1367
66542,3131,3288,3471,3638,3302,3491,4156,4693,3434,3821,5511,8548,3280,3813,5645,8819,15.3881,23.7775,8.97231,48.0273
66543,7419,9864,5265,3802,5014,5328,4365,3569,3653,3886,3550,3314,3306,3426,3256,3165,-30.0582,-11.1512,8.87923,48.1213
66544,4734,7378,6639,4414,4462,6384,5630,4100,3639,4038,3892,3621,3323,3336,3493,3292,-17.5347,-1.98005,8.8307,48.25
66545,3444,3896,6351,12046,3313,3732,4881,6399,3200,3484,3682,4045,3104,3273,3441,3428,-25.532,26.0152,8.77343,47.8127
66546,4359,7040,7914,4932,4089,5361,5886,4400,3538,3848,3907,3603,3183,3338,3514,3290,-20.3568,1.81705,8.72025,48.1347
66547,3088,3292,3515,3448,3148,3605,3857,4391,3407,3811,5111,7781,3399,4021,5798,10272,18.3512,25.8405,8.5023,47.9627
66548,3415,3428,3278,3126,3756,3876,3815,3505,4616,5866,4861,3910,5513,8720,6292,4098,21.1271,-4.87974,8.60173,48.05
66549,3196,3428,3409,3239,3531,3708,3833,3460,4046,4999,5596,4501,4296,7068,8640,5223,22.6746,3.05498,8.77314,48.1153
66550,3320,3471,3497,3348,3686,4169,4166,3831,4301,6080,6637,4544,4234,5843,6364,4560,14.3636,1.3066,8.53861,48.034
66551,4443,5760,5334,4065,4360,7117,6521,4271,3845,4392,4430,3685,3461,3729,3646,3486,-10.5736,-0.989806,8.64552,48.3633
66552,3420,3499,3345,3028,4284,3995,3549,3245,7283,5252,3938,3452,10118,6333,4008,3471,19.3819,-22.4939,8.60149,48.1467
66553,3076,3151,3372,3463,3194,3542,3889,3996,3475,3955,5128,6266,3480,4300,7527,10207,23.5176,19.2009,8.63408,48.014
66554,3690,3813,3552,3402,4380,5040,3991,3558,5641,8088,4943,3719,4998,5604,4270,3627,8.40754,-9.09251,8.5018,48.2107
66555,3410,3713,4424,4309,3602,4514,6941,5452,3462,4301,6710,5417,3401,3827,4387,4158,-0.355018,10.967,8.88709,48.0187
66556,3050,3266,3446,3327,3276,3455,3755,3811,3504,3999,5053,5585,3574,4480,8363,9719,29.3703,16.8445,8.78731,47.7753
66557,9130,5825,4004,3324,8276,5445,3914,3483,4515,4072,3564,3199,3532,3392,3258,3112,-16.1346,-23.1819,8.75596,48.03
66558,3852,3712,3443,3160,4763,4595,3635,3445,7530,7214,4265,3522,5968,5539,4163,3393,9.97243,-15.5902,8.62961,48.1327
66559,8659,9082,4786,3660,5379,5227,4025,3503,3863,3884,3596,3224,3439,3398,3341,3286,-30.8302,-14.7414,8.52909,48.2347
66560,3150,3464,3821,4038,3328,3959,5186,5493,3467,4172,7066,7595,3377,3958,5067,5384,5.97908,16.049,8.90232,48.35
66561,7250,5025,3744,3491,9522,5328,3851,3493,5355,4248,3564,3294,3861,3662,3302,3295,-10.3157,-26.5453,8.61066,48.19
66562,3198,3388,3798,4013,3335,3750,4798,5764,3396,4102,6455,8553,3282,3716,4926,5732,6.84064,19.8304,8.92298,48.1373
66563,4209,4048,3514,3162,6679,4960,3812,3300,8617,5971,3883,3384,5343,4500,3561,3309,3.82182,-20.6665,8.99801,48.168
66564,5217,4272,3579,3276,8908,5190,3724,3324,7603,4843,3724,3386,4690,3937,3576,3192,-1.83978,-26.6401,8.76985,48.294
66565,3167,3382,3317,3243,3542,3802,3822,3669,4169,5404,5833,4266,4527,7499,7835,4775,21.1386,0.569027,8.99314,48.168
66566,7137,9263,5230,3671,5187,5815,4336,3736,3802,3938,3627,3357,3301,3468,3227,3025,-22.9596,-10.6382,8.65522,48.08
66567,3085,3222,3392,3502,3165,3490,3975,4331,3442,3880,5066,7798,3383,3956,6106,10325,19.1588,25.0232,8.8341,48.0787
66568,3062,3271,3379,3352,3384,3571,3857,3719,3805,4697,6121,4728,3956,5886,9134,6059,22.2977,6.96443,8.65931,47.9873
66569,6322,5111,3953,3367,8508,6397,3959,3459,5313,4684,3865,3437,3860,3706,3308,3155,-9.03138,-19.2567,8.66041,48.2693
66570,4728,5456,4361,3651,5364,8088,5102,3739,4431,5232,4246,3710,3674,3762,3674,3402,-7.42307,-7.20664,8.53104,48.4133
66571,12859,5878,3819,3307,6017,4661,3733,3362,3958,3682,3387,3230,3447,3421,3226,3207,-33.8013,-29.2087,8.99566,47.4627
66572,5556,9042,6896,4329,4469,5317,4807,3948,3668,3838,3643,3500,3299,3360,3323,3236,-25.4098,-4.00599,8.66622,48.154
66573,3448,4041,6950,11950,3403,3959,4913,5826,3341,3488,3823,3937,3116,3182,3356,3473,-30.7354,22.6191,8.85489,48.1373
66574,12206,6295,3865,3330,6659,4881,3786,3359,4060,3725,3481,3182,3344,3388,3213,3158,-24.0598,-26.5848,8.93284,47.9547
66575,3375,3902,5755,7698,3521,4031,5978,8603,3264,3505,4133,4743,3219,3295,3637,3796,-13.0523,21.1941,8.57128,48.3033
66576,3483,3548,3311,3193,4037,4161,3770,3423,5475,7017,4744,3750,6016,7610,4941,3754,16.4616,-9.80164,8.53612,48.1553
66577,3390,3887,6004,12323,3331,3752,4813,6516,3262,3481,3809,4041,3203,3233,3375,3384,-24.9027,30.8578,8.67113,47.8693
66578,3386,3455,3258,3126,3856,3819,3505,3264,5187,5203,4148,3594,7957,9480,5029,3785,32.2307,-12.491,8.80814,48.0347
66579,3097,3348,3451,3611,3251,3496,4067,4816,3295,3816,5422,8988,3325,3963,5428,8798,14.1931,25.7064,8.90806,48.1147
66580,12419,6352,3953,3398,6273,4756,3767,3305,3849,3753,3489,3201,3419,3419,3259,3142,-27.4071,-26.66,8.81033,47.836
66581,3965,4118,3609,3291,4994,5984,4119,3491,6061,7782,4581,3623,4631,4781,3997,3496,3.8914,-11.549,8.96266,48.3487
66582,4207,3953,3545,3253,6318,5200,3850,3360,7818,6424,4020,3366,5145,4653,3737,3335,3.8154,-18.3707,8.77093,48.1227
66583,3213,3389,3348,3233,3495,3868,3839,3560,4113,5039,5678,4696,4419,6835,8608,5152,22.1921,3.00333,8.67895,48.3233
66584,3289,3428,3515,3556,3479,3759,4194,3920,3661,4799,7141,5361,3816,5030,7679,5886,16.3716,8.7866,8.80252,48.342
66585,3573,4378,8209,10217,3458,3988,5013,5491,3192,3527,3802,3881,3187,3127,3317,3312,-30.2836,17.3999,8.98866,47.7813
66586,3613,4404,5452,4782,3805,4992,8244,5600,3569,4073,5062,4428,3296,3552,3820,3725,-8.04578,8.47634,8.51234,48.278
66587,3247,3195,3285,3286,3171,3441,3817,4018,3402,3720,4845,6751,3362,3977,6012,11954,23.7216,29.8074,8.7575,47.6553
66588,10549,7878,4356,3493,5787,5088,4023,3413,3837,3879,3472,3238,3433,3338,3226,3179,-25.85,-18.7089,8.95137,48.126
66589,3351,3371,3256,3209,3708,3732,3606,3418,4717,5084,4559,3750,6429,10169,5930,3950,32.1504,-7.57431,8.89522,48.1593
66590,3117,3477,3925,4618,3295,3711,4897,7563,3380,3887,5121,8839,3295,3560,4058,5117,2.06101,27.7488,8.65721,47.9067
66591,4673,7813,7984,4803,4184,5394,5446,4177,3530,3816,3703,3546,3109,3443,3331,3218,-22.2366,0.340455,8.69824,48.1133
66592,4674,4481,3831,3454,6306,7024,4302,3472,5701,6142,4220,3443,4148,4219,3617,3186,-1.89312,-13.449,8.97653,48.1467
66593,3390,3536,3414,3219,3981,4335,3882,3625,5063,7628,5228,3800,5244,7010,5282,3944,14.249,-6.89118,8.99494,48.3873
66594,3614,4281,6140,5414,3692,4664,7691,6471,3512,4027,4748,4429,3118,3431,3630,3659,-10.5768,11.8024,8.50003,48.3473
66595,3167,3312,3314,3296,3455,3699,3822,3568,4013,4831,5181,4259,4536,7541,8976,5117,26.1935,2.21858,8.9378,48.058
66596,3690,3642,3297,3266,4572,4148,3613,3288,8403,5583,3932,3445,8817,5654,3935,3285,15.2317,-23.4211,8.66757,48.38
66597,3120,3296,3678,3758,3184,3575,4315,5226,3317,3891,5397,9527,3327,3655,5161,7697,11.7811,27.3297,8.58675,48.0827
66598,4371,4656,4076,3489,5334,7435,4845,3870,4870,6171,4467,3645,3884,4085,3790,3403,-2.86804,-8.42586,8.66134,48.2607
66599,3185,3493,3917,4149,3382,3749,4769,6919,3415,3837,5246,9631,3186,3668,4379,5614,4.42983,31.0888,8.74839,48.3593
66600,7678,9664,5127,3667,5033,5322,4265,3761,3837,3857,3508,3281,3355,3375,3228,3065,-29.5966,-11.5679,8.77182,48.0153
66601,6826,5667,3969,3450,8246,6590,4124,3498,4709,4270,3664,3386,3670,3625,3370,3179,-11.6714,-18.7002,8.57269,48.162
66602,3134,3379,3342,3429,3271,3442,3786,4100,3390,3822,5104,7174,3381,4005,6171,11082,21.6422,25.7027,8.50432,48.008
66603,3132,3184,3340,3435,3287,3516,3907,4008,3447,4008,5187,5395,3582,4473,8426,9468,33.2716,16.7577,8.63935,47.8633
66604,4280,5647,5278,4099,4388,7178,6560,4334,3904,4454,4283,3758,3420,3585,3608,3345,-11.0427,-1.24025,8.85134,48.0807
66605,3366,3803,5275,8483,3398,3826,5225,9271,3265,3503,4139,4796,3200,3310,3525,3613,-14.0305,31.6303,8.66662,47.9987
66606,4226,3987,3461,3206,6730,4987,3752,3336,8832,5505,3833,3296,5276,4522,3661,3314,3.65439,-23.2443,8.59022,47.9493
66607,9463,8609,4466,3495,5402,5125,4011,3511,3709,3881,3425,3276,3444,3402,3198,3123,-27.8133,-16.2002,8.80835,47.6933
66608,5462,8530,6320,4119,4542,5986,4934,3988,3684,4008,3761,3416,3388,3348,3288,3242,-20.746,-4.20705,8.59963,48.0107
66609,3242,3700,4457,5271,3400,3877,5047,9374,3344,3671,4716,6822,3301,3345,3786,4262,-3.93051,33.3418,8.94733,47.7433
66610,4373,5854,5458,4207,4491,7074,6537,4236,3824,4622,4263,3792,3384,3688,3483,3425,-11.2565,-1.28335,8.92552,48.474
66611,3387,3426,3161,3010,4082,3895,3483,3166,5886,5119,3933,3454,10623,7659,4322,3430,25.9873,-18.9338,8.94967,48.024
66612,3350,4020,6143,8892,3538,3923,5666,7653,3259,3500,4219,4442,3093,3360,3473,3441,-16.6344,20.9365,8.63115,47.9813
66613,3391,3507,3302,3121,3913,3806,3471,3142,5921,4816,3890,3295,11737,6878,4063,3427,33.5907,-22.5393,8.87213,47.7867
66614,6699,5100,3844,3461,9164,5989,3945,3412,5322,4474,3609,3379,3837,3669,3322,3064,-10.1987,-21.6566,8.80443,48.1933
66615,12557,5906,3899,3416,5902,4720,3741,3364,3961,3732,3390,3209,3492,3250,3178,3162,-32.1691,-31.9048,8.93584,47.2527
66616,3363,3602,3487,3365,3732,4150,4141,3671,4513,6815,6270,4201,4621,6385,5968,4241,13.9327,-1.69143,8.82667,48.35
66617,3269,3305,4141,4430,3383,3733,4838,7474,3403,3765,5162,8920,3249,3598,4323,4972,2.21259,32.4108,8.8798,47.9767
66618,3408,3865,5912,12528,3366,3683,4724,5935,3284,3396,3721,4005,3238,3193,3456,3381,-32.6804,29.7435,8.66781,47.3967
66619,4285,4871,4290,3741,5059,7839,5215,3721,4594,5584,4488,3635,3908,3857,3738,3512,-4.51229,-6.36891,8.57696,48.2247
66620,3175,3239,3357,3346,3380,3512,3867,3946,3641,4174,5207,5103,3761,4977,9554,8001,28.2262,12.3917,8.77776,48.16
66621,3132,3449,3750,3862,3188,3601,4538,5633,3358,3920,6099,9151,3366,3943,5124,6272,8.52774,21.6642,8.92902,48.2573
66622,3798,4703,5093,4223,4017,6327,7467,4615,3732,4634,5145,4158,3421,3772,3887,3704,-6.54331,2.61259,8.87615,48.464
66623,3143,3374,3457,3398,3360,3455,3740,3810,3554,4190,5208,5198,3796,5054,9497,7678,32.464,11.9264,8.68382,47.9413
66624,5048,7762,6308,4135,4700,6336,5321,4029,3755,4166,3853,3468,3361,3474,3313,3194,-18.1131,-3.64578,8.61355,48.1487
66625,3418,3349,3246,3111,3980,3734,3478,3200,6043,4822,3690,3266,12596,6352,3900,3354,28.3754,-26.8478,8.78069,47.6927
66626,11620,5890,3870,3341,7029,4840,3723,3412,4163,3875,3526,3185,3463,3362,3242,3086,-21.808,-28.0787,8.8983,47.7513
66627,3227,3358,3601,3736,3195,3553,4369,5183,3403,3794,5386,9751,3314,3753,5030,7207,10.4883,33.371,8.78157,47.9067
66628,3092,3148,3434,3378,3258,3442,3657,3816,3367,3817,4815,6238,3408,3819,5889,12508,27.8161,30.7302,8.70776,47.3907
66629,3402,3922,6759,11598,3293,3815,4858,6400,3269,3519,3795,4034,2986,3242,3380,3440,-24.6875,23.093,8.85524,47.808
66630,3453,4492,8284,9960,3408,3915,5131,5599,3266,3544,3708,3922,3155,3260,3419,3289,-31.4156,16.9959,8.64634,47.87
66631,3514,3556,3328,3160,4418,4234,3509,3311,7532,5932,4000,3437,8313,6481,4103,3389,16.3434,-18.9901,8.78599,48.1447
66632,3271,3332,3465,3244,3538,3703,3857,3581,4099,4945,5213,4228,4823,7737,8371,4797,25.4649,0.65169,8.74971,48.136
66633,3269,3643,4588,5931,3352,3828,5056,9524,3305,3616,4536,6500,3155,3406,3965,4183,-5.7989,29.6811,8.56747,47.9047
66634,3358,3738,5124,7396,3404,3918,5635,9552,3296,3592,4251,5224,2993,3319,3656,3697,-11.3801,24.9931,8.87332,48.102
66635,3453,3497,3215,3109,3825,3964,3486,3317,5924,5844,4222,3472,8189,8118,4584,3491,20.7909,-14.8826,8.5068,47.8067
66636,3052,3229,3435,3507,3286,3503,3942,4177,3436,3818,4931,7481,3373,3970,5905,11181,20.7606,27.6486,8.72044,48.1507
66637,3432,3472,3339,3150,4245,4130,3556,3303,6646,6190,4201,3460,7840,7286,4348,3594,17.712,-15.9721,8.51037,48.128
66638,3486,3607,3346,3126,4231,4050,3588,3286,7276,6048,4119,3478,8046,6756,4131,3454,16.9038,-17.9365,8.67287,48.0187
66639,2992,3257,3477,3442,3307,3524,3912,4249,3500,4015,5135,6501,3404,4154,6978,10273,21.6598,20.7435,8.58165,48.08
66640,3308,3374,3903,4022,3299,3642,4604,6289,3399,3826,5274,9519,3346,3754,4614,5933,6.14281,28.766,8.63045,48.0707
66641,3569,3761,3959,3676,3754,4952,5805,4309,4118,5783,7297,4674,3766,4279,4628,4021,3.93894,3.4215,8.68098,48.234
66642,7822,5183,3795,3390,9694,5354,3766,3369,5072,4193,3496,3285,3673,3615,3400,3131,-12.0944,-27.2079,8.74279,48.1587
66643,3091,3211,3448,3517,3273,3499,3882,4172,3413,3946,5058,7729,3419,3948,5745,10549,18.9083,33.5597,8.65143,47.9333
66644,3414,4053,6334,10629,3259,3924,5185,7174,3218,3547,3790,4095,3001,3232,3433,3487,-20.6739,23.6374,8.75009,47.85
66645,4050,5826,9213,5977,3798,4581,5973,4815,3497,3722,3853,3930,3238,3298,3394,3306,-22.2103,7.21431,8.662,48.314
66646,3170,3424,3608,3795,3234,3553,4199,4963,3422,3811,5359,9355,3222,3765,5158,7871,12.5934,32.2175,8.53973,47.9393
66647,12496,5868,3898,3438,5978,4579,3822,3484,3827,3714,3440,3338,3328,3349,3294,3205,-33.014,-33.5548,8.87554,47.372
66648,3355,4002,6129,12483,3397,3849,4830,6083,3286,3470,3610,3915,3224,3256,3360,3381,-27.2237,33.7986,8.57423,47.7533
66649,3707,3565,3377,3133,5317,4255,3627,3188,10030,5306,3808,3377,7346,4967,3827,3294,10.916,-29.1452,8.89873,48.0827
66650,3577,3566,3351,3239,4242,4485,3799,3395,6035,7561,4757,3692,5518,6646,4567,3683,13.188,-10.5214,8.64975,48.0753
66651,6692,8245,4896,3754,5625,6485,4515,3715,4028,4080,3650,3424,3474,3481,3266,3139,-18.755,-11.3067,8.58526,48.3127
66652,4062,5128,5685,4376,4128,6085,7488,4580,3746,4433,4712,3900,3382,3564,3633,3478,-9.93499,2.59455,8.79154,48.2533
66653,4119,6761,9316,5446,3852,4838,5067,4379,3519,3748,3790,3626,3204,3302,3358,3271,-32.9715,4.6121,8.92823,47.7307
66654,3766,4167,4318,3795,4008,5647,6636,4500,3981,5226,6255,4263,3580,3979,4163,3813,-1.25697,2.87769,8.66106,48.0647
66655,3309,3440,3469,3450,3613,4198,4376,3936,4104,5965,7099,4609,3995,5536,6349,4722,13.0739,2.89424,8.69627,48.1133
66656,3169,3190,3386,3479,3297,3441,3765,3916,3395,3748,4618,6043,3367,3852,6120,12353,32.1578,27.2412,8.59173,47.426
66657,4690,7888,8344,4829,4144,5059,5261,4366,3637,3707,3758,3555,3194,3327,3333,3345,-25.395,0.530002,8.77202,48.2913
66658,3521,3876,3730,3567,3970,5009,4912,3810,4384,6737,6902,4356,3963,4698,4738,3983,5.92104,0.188832,8.67163,48.104
66659,5650,4683,3677,3368,9334,5559,3914,3325,6493,4772,3565,3255,3979,3931,3501,3246,-5.35173,-24.3289,8.61948,48.168
66660,3959,3683,3340,3252,5842,4348,3589,3310,9887,5169,3798,3322,6558,4726,3626,3338,8.54818,-30.5566,8.85326,47.8313
66661,3113,3197,3342,3325,3316,3414,3929,3870,3476,4033,5041,5678,3476,4397,8174,9936,31.4105,17.4457,8.64658,47.8113
66662,3056,3193,3340,3378,3242,3507,3872,3828,3430,3945,5230,5793,3527,4443,8097,10132,26.8293,17.8428,8.51736,48.0087
66663,3157,3343,3373,3340,3308,3458,3783,3970,3345,3843,4762,6055,3341,3827,6112,12606,28.9623,31.0088,8.89967,47.7487
66664,12194,5989,3982,3416,6383,4845,3799,3448,4028,3783,3421,3215,3452,3459,3203,3147,-25.2225,-31.1512,8.50925,47.8427
66665,3823,4332,5145,4405,3847,5670,7991,4943,3720,4463,5395,4357,3426,3621,3774,3665,-6.35438,5.56537,8.64734,48.3847
66666,3311,3333,3230,3090,3898,3668,3396,3339,5743,4707,3887,3455,12757,5960,3854,3428,31.9538,-32.8451,8.92258,47.3707
66667,4079,3842,3399,3193,6053,4638,3784,3331,8916,6071,3977,3350,5840,4793,3761,3384,6.51854,-21.571,8.60208,48.274
66668,3228,3628,4208,4879,3390,3697,4813,8717,3464,3675,5006,7830,3205,3557,4166,4515,-1.28686,28.9087,8.74257,47.9853
66669,3696,4593,8257,8970,3459,4074,5562,6022,3273,3478,3893,3943,3060,3259,3387,3395,-22.085,15.9973,8.91875,48.214
66670,3411,4045,4619,4300,3697,4703,7437,5449,3586,4450,6232,4960,3419,3804,4055,4022,-2.28331,9.28896,8.50491,48.126
66671,6456,9829,5858,3908,4802,5422,4466,3741,3833,3882,3675,3302,3348,3406,3294,3132,-27.1037,-7.81686,8.57782,48.236
66672,4450,4589,3851,3485,6078,7049,4364,3527,5478,6199,4210,3603,4214,4163,3768,3316,-1.64883,-12.2832,8.53857,48.2293
66673,3669,4019,3933,3640,4110,5656,5667,3970,4259,6394,6353,4245,3798,4302,4299,3784,2.29044,-0.222127,8.92705,48.0653
66674,6336,7508,4661,3664,6017,7108,4551,3602,4150,4364,3645,3351,3466,3465,3408,3071,-16.0967,-12.0225,8.71426,48.2447
66675,3414,3379,3470,3278,3687,4087,3993,3641,4336,6281,6173,4295,4548,6706,6534,4374,16.2845,-0.449534,8.55084,48.1307
66676,3246,3545,4663,5619,3279,3789,5451,9542,3312,3682,4659,6644,3187,3414,3870,4192,-4.97949,25.715,8.88118,48.0627
66677,3231,3397,3482,3412,3379,3732,4101,3967,3588,4703,6883,5512,3899,4814,7983,6159,17.3262,9.95208,8.99212,48.1613
66678,3383,3966,6057,10426,3343,3876,5078,7757,3192,3483,3927,4227,3062,3304,3327,3444,-19.079,24.8384,8.96294,47.9013
66679,7972,6172,4022,3403,7915,5923,4062,3422,4674,4094,3671,3340,3605,3547,3248,3214,-15.0304,-19.8392,8.59272,48.1893
66680,3399,3363,3415,3335,3714,4057,3894,3604,4427,6045,5528,4080,4749,7461,6664,4389,18.4852,-1.712,8.7195,48.0827
66681,4232,3890,3444,3257,6691,4512,3627,3302,9812,5161,3778,3328,5767,4455,3593,3337,5.08943,-28.3073,8.87742,48.124
66682,5207,7873,5909,4003,4717,6644,5251,3863,3765,4107,3833,3624,3347,3454,3435,3311,-17.6834,-4.61077,8.94922,48.2287
66683,3696,5074,9409,7454,3579,4227,5662,5215,3259,3614,3900,3753,3113,3268,3432,3281,-24.0752,11.5117,8.90135,47.9573
66684,3371,3361,3195,3155,4123,3745,3500,3173,6799,4899,3779,3387,11773,6362,4024,3418,23.4431,-25.9994,8.9026,48.0427
66685,3332,3516,3451,3255,3756,4002,3879,3519,4746,6337,5357,4067,5073,7890,6126,4106,18.2547,-3.74366,8.6344,48.2747
66686,3179,3504,4089,4676,3225,3699,4833,8089,3471,3710,4928,8474,3261,3450,4160,4921,0.395321,29.3853,8.63135,47.7793
66687,5502,4705,3730,3262,8661,6000,3969,3391,6369,4920,3826,3306,4205,3843,3520,3077,-4.7979,-20.6937,8.79915,48.1907
66688,4156,5907,6867,4784,4153,5918,7019,4508,3549,4078,4296,3732,3256,3452,3462,3391,-14.8236,2.35714,8.82123,48.352
66689,3618,4399,8316,9833,3427,3967,5210,5642,3298,3515,3779,3936,3097,3221,3419,3369,-26.9884,17.0942,8.91742,48.0307
66690,8913,5507,3964,3398,9052,5429,3856,3490,4609,4111,3478,3267,3498,3525,3297,3133,-15.2276,-24.5474,8.92645,48.3513
66691,3333,3860,5239,8297,3404,3881,5207,9385,3238,3509,4116,4807,3037,3274,3578,3689,-13.439,28.5861,8.89703,47.9027
66692,3884,3689,3433,3161,5751,4333,3647,3236,9884,5224,3724,3236,6798,4740,3691,3369,8.70573,-29.091,8.78919,47.8667
66693,3309,3732,4682,6453,3330,3867,5194,9856,3309,3583,4403,5612,3177,3347,3798,3952,-8.34994,33.4501,8.68168,47.736
66694,3370,3850,5593,10978,3396,3914,5018,7779,3232,3403,3880,4252,3132,3255,3504,3508,-19.0741,29.3418,8.92729,48.0427
66695,3320,3369,3243,3137,3917,3819,3459,3219,5519,5201,3998,3491,9756,8403,4430,3478,30.5839,-16.8722,8.94887,47.8393
66696,3362,3993,5841,11217,3280,3889,4960,7375,3241,3462,3838,4089,3139,3205,3436,3371,-20.8922,28.8395,8.65792,47.7987
66697,5200,6603,4764,3782,5514,7925,5098,3777,4134,4441,3990,3473,3449,3549,3438,3199,-12.6288,-8.11354,8.94743,48.224
66698,12508,6203,3971,3372,6256,4841,3810,3390,3931,3848,3436,3238,3294,3381,3222,3184,-26.2153,-27.5328,8.69583,47.9233
66699,3176,3490,4096,4532,3291,3695,4933,7831,3223,3802,4874,8793,3292,3555,4146,5074,1.5212,28.489,8.91223,47.8687
66700,3831,4129,3909,3593,4594,6471,5061,3955,4662,7071,5334,3971,3993,4417,4012,3615,1.19021,-4.69402,8.61563,48.412
66701,4327,3808,3533,3275,7119,4602,3627,3347,9367,5080,3776,3448,5450,4425,3702,3215,3.61616,-30.8429,8.89988,48.0673
66702,3374,3480,3222,3233,3871,3754,3530,3315,5883,4746,3720,3414,12431,6030,3823,3556,31.5883,-32.2467,8.62529,47.588
66703,3401,3833,5196,7201,3484,3975,5690,9341,3392,3714,4222,5252,3022,3361,3616,3847,-10.9361,24.142,8.60861,48.3647
66704,3331,3554,3578,3551,3460,4148,4622,4100,3884,5620,7935,4997,3833,5010,5954,4616,11.0725,5.38903,8.60313,48.1287
66705,9103,8714,4527,3459,5432,5160,3986,3424,3927,3849,3502,3258,3391,3407,3218,3089,-33.1463,-15.4794,8.89785,47.6307
66706,6727,4775,3757,3216,9879,5218,3866,3411,5656,4275,3594,3300,3923,3647,3397,3238,-9.08809,-30.8312,8.63241,47.9193
66707,12646,6091,3909,3337,6333,4780,3745,3333,3914,3551,3367,3306,3339,3410,3323,3098,-26.9411,-30.0581,8.78109,47.6547
66708,3303,3890,6023,10875,3335,3836,5128,7423,3140,3492,3809,4310,3122,3219,3416,3482,-20.2505,25.8995,8.84352,47.8687
66709,4621,7312,8190,4918,4115,5177,5496,4305,3549,3814,3908,3592,3242,3461,3393,3217,-22.5256,1.53451,8.82366,48.2067
66710,6547,5404,3857,3408,8704,6529,4125,3519,5130,4472,3724,3267,3761,3639,3401,3096,-10.196,-19.4359,8.95187,48.3887
66711,3119,3170,3441,3440,3412,3672,4102,4140,3590,4312,6649,5899,3644,4823,7638,6964,17.6111,12.7275,8.58093,48.01
66712,4010,5447,6993,5015,4030,5385,7133,4879,3599,3923,4313,3746,3285,3428,3538,3383,-15.1481,4.79014,8.77701,48.0713
66713,12752,6082,3807,3357,6137,4738,3624,3357,3884,3751,3409,3215,3452,3512,3107,3095,-28.5037,-30.8684,8.98989,47.5193
66714,3836,3820,3607,3294,4821,5240,4059,3473,6419,8052,4543,3666,5014,5222,4011,3375,6.79706,-11.745,8.92152,48.3013
66715,3309,3325,3308,3161,3722,3687,3617,3416,4723,5164,4509,3820,5974,9905,6350,3883,33.3386,-6.3363,8.72128,47.9153
66716,3327,3818,5264,8150,3321,3866,5245,9380,3239,3437,4102,5000,3064,3323,3574,3672,-12.9043,27.174,8.8396,47.8547
66717,3169,3347,3257,3245,3666,3991,3865,3536,4310,5541,5229,4162,4877,8197,7324,4556,21.8536,-1.41633,8.85601,48.1813
66718,4739,4072,3517,3320,8380,4881,3630,3397,8363,5064,3747,3343,4808,4257,3574,3235,0.33294,-27.1362,8.95883,48.218
66719,3205,3371,3337,3386,3442,3832,3818,3636,3889,4940,5165,4482,4365,7005,9071,5234,25.9094,3.46705,8.52507,48.1187
66720,3435,3965,6152,12583,3374,3703,4735,5948,3281,3436,3679,3859,3217,3218,3369,3367,-28.9358,33.7128,8.75724,47.5473
66721,5353,4180,3707,3312,8932,5263,3789,3393,7432,4886,3624,3301,4499,3959,3325,3221,-2.53241,-25.3463,8.95618,48.1173
66722,8989,5394,3882,3381,8833,5246,3913,3431,4600,4152,3456,3333,3547,3554,3314,3197,-15.1616,-33.4729,8.86696,48.148
66723,6198,6296,4152,3480,6899,7311,4321,3672,4595,4544,3763,3304,3666,3736,3452,3227,-12.2861,-14.4185,8.85298,48.4107
66724,3712,4074,4229,3870,4029,5481,6348,4275,4127,5646,6281,4356,3653,4210,4289,3914,0.238306,2.10916,8.81891,48.3293
66725,3185,3310,3523,3500,3411,3557,4218,4373,3503,4207,6338,6840,3526,4319,6721,7733,16.1175,16.5035,8.89653,48.176
66726,3591,4064,4373,3920,3905,5358,7031,4597,3882,5077,6463,4460,3584,3887,4203,3858,-1.32164,4.46314,8.73063,48.1687
66727,3368,4000,6388,10588,3320,3830,5162,7299,3237,3497,3917,4250,3008,3213,3461,3424,-20.1868,22.7808,8.99256,47.9747
66728,3408,3579,4001,3764,3571,4195,5606,4627,3695,4989,7922,5542,3689,4145,5090,4681,5.56214,9.23712,8.59158,48.336
66729,8392,9352,4809,3663,5188,5191,4124,3533,3843,3851,3669,3289,3372,3381,3149,3133,-29.766,-13.5368,8.64624,47.9593
66730,4768,8524,7960,4580,4234,5128,4939,4178,3538,3780,3793,3406,3237,3355,3274,3350,-33.8762,-0.508295,8.92859,48.0293
66731,3337,3696,4506,5758,3376,3675,5422,9582,3274,3583,4591,6733,3199,3336,3894,4229,-5.19082,28.0222,8.86224,48.1273
66732,7074,5134,3919,3322,9433,5730,3896,3444,5328,4264,3587,3255,3839,3582,3275,3129,-10.7139,-23.6328,8.57129,48.1407
66733,3651,4287,4835,4266,3933,5545,7758,4918,3724,4528,5702,4333,3439,3630,3968,3691,-4.82149,5.15973,8.82869,48.1387
66734,3894,3700,3324,3203,5308,4631,3716,3321,8581,6359,4089,3419,6390,5240,3973,3326,9.39182,-19.5052,8.80463,48.316
66735,3454,4438,8194,10117,3430,3835,5104,5551,3283,3515,3861,3915,3165,3201,3387,3452,-29.0226,17.586,8.56334,47.9347
66736,3333,3877,6003,11423,3379,3862,5030,7200,3231,3435,3930,4129,3127,3171,3390,3323,-21.2096,27.8384,8.85768,47.8953
66737,3385,3967,6333,12134,3298,3821,4767,6247,3204,3433,3840,3998,3072,3137,3454,3352,-26.85,26.5637,8.64564,47.628
66738,3288,3470,3429,3433,3626,4021,4404,3891,4024,5782,7172,4553,4103,5391,6779,4823,14.2996,3.71961,8.945,48.126
66739,4021,3806,3395,3164,5718,4785,3721,3303,8571,6268,3971,3404,5812,4894,3796,3332,6.94918,-20.2915,8.64514,47.974
66740,3296,3412,3605,3504,3500,3895,4590,4117,3838,4955,7833,5564,3777,4716,6321,5251,12.2594,8.15104,8.71412,48.116
66741,3535,3992,6117,12767,3463,3730,4662,5948,3290,3410,3704,3870,3182,3211,3351,3377,-28.3628,32.503,8.55129,47.7393
66742,3490,4184,6697,10251,3405,3809,5329,6975,3308,3433,3965,4192,3125,3215,3378,3547,-20.7208,21.6939,8.772,48.202
66743,3283,3540,4187,4732,3267,3793,5016,8109,3271,3774,4962,8320,3263,3521,4141,4871,0.578511,32.0986,8.76504,48.0333
66744,3782,3711,3405,3221,4893,4589,3746,3365,7809,7059,4209,3554,6226,5759,3906,3360,10.4113,-16.5988,8.85271,48.396
66745,3557,4459,6190,5619,3634,4596,7762,6416,3401,3814,4647,4456,3158,3469,3577,3626,-11.4823,12.2086,8.86409,48.254
66746,4187,5832,6279,4379,4259,6440,6851,4440,3768,4009,4197,3723,3379,3420,3581,3348,-13.3675,1.17951,8.79142,48.0613
66747,3158,3238,3373,3370,3130,3457,3757,4016,3418,3798,4721,6773,3468,3872,5843,12130,23.4391,30.9739,8.67986,47.6813
66748,6782,9531,5520,3919,4911,5753,4330,3697,3826,3752,3635,3357,3264,3376,3295,3173,-24.0815,-9.60896,8.78636,48.0807
66749,4385,6123,5941,4368,4362,6542,6607,4334,3717,4119,4206,3797,3397,3497,3479,3414,-13.6958,-0.26438,8.50622,48.192
66750,3311,3513,3611,3529,3584,3962,4545,3879,3978,5753,7491,4882,4037,5230,6412,4849,12.8534,4.58934,8.68542,48.3773
66751,3176,3119,3467,3281,3477,3721,3875,3789,3849,4717,5714,4651,4097,5968,9204,5948,22.9704,6.27737,8.56729,48.0353
66752,3391,3380,3195,3167,3776,3821,3539,3284,5698,4976,3961,3462,10282,8020,4377,3568,26.6883,-18.3602,8.92429,47.9313
66753,3136,3499,4141,4436,3354,3795,5041,7459,3387,3835,5582,8578,3239,3661,4368,5048,2.09607,23.2697,8.64714,48.3727
66754,3177,3207,3388,3322,3386,3666,3846,3794,3811,4462,5246,4614,4046,6465,9744,5902,29.76,6.31304,8.63231,48.0507
66755,3355,3469,3992,4009,3442,4006,5625,5458,3544,4326,7314,6578,3438,3936,4809,4908,4.23027,13.8191,8.54173,48.1393
66756,3486,3474,3366,3159,4296,4248,3655,3252,6679,6795,4233,3494,7073,6943,4280,3628,15.3163,-14.8517,8.72691,48.0407
66757,3165,3227,3383,3418,3217,3568,3856,3911,3355,3914,5134,5709,3432,4248,7721,10480,33.9375,18.675,8.68835,47.8253
66758,10240,6542,4018,3478,7122,5440,3863,3416,4313,3899,3548,3208,3458,3408,3313,3136,-19.5679,-22.1577,8.78165,48.268
66759,9366,8614,4456,3604,5302,5090,3977,3436,3917,3875,3495,3254,3358,3366,3293,3203,-31.7195,-15.9236,8.69282,47.7373
66760,3311,3603,3847,3814,3420,4160,5464,4893,3652,4743,7997,6024,3456,4068,4999,4767,5.48692,11.2506,8.8466,48.1453
66761,3237,3558,4203,4582,3279,3742,4816,7970,3359,3750,5037,8711,3362,3577,4104,5059,1.20524,30.844,8.849,48.2307
66762,3992,5260,6476,4826,3979,5669,7501,4801,3641,3989,4441,3808,3276,3500,3658,3400,-12.7928,4.43261,8.84783,48.1447
66763,3129,3239,3432,3349,3286,3363,3784,3843,3367,3812,4769,5924,3418,3904,5966,12635,29.7006,33.4393,8.94268,47.48
66764,3268,4044,5746,8568,3391,3914,5550,8539,3196,3559,4098,4674,3116,3340,3461,3651,-14.9853,22.8104,8.82058,48.0767
66765,3290,3844,5225,8549,3383,3853,5189,9047,3203,3587,4106,4990,3244,3394,3663,3600,-13.5517,28.9758,8.60071,48.1113
66766,5881,9974,6488,4131,4500,5150,4582,3799,3625,3686,3715,3460,3290,3175,3305,3208,-31.9622,-5.42938,8.88996,47.9793
66767,3473,3394,3274,3068,4140,3824,3505,3322,7730,5003,3776,3383,10387,5706,3937,3409,18.977,-31.8419,8.71621,47.554
66768,3618,3604,3357,3166,5054,4159,3573,3234,9484,5408,3926,3300,8036,5204,3795,3349,12.7485,-26.5348,8.91209,48.178
66769,3353,3415,3281,3184,3737,3861,3626,3495,4439,5198,4594,3876,5798,9534,6491,4107,27.7048,-5.24185,8.63234,47.9927
66770,3374,3879,5836,9335,3283,3994,5386,8120,3247,3507,3947,4532,3103,3259,3507,3493,-16.5539,23.5343,8.87015,47.868
66771,3448,3775,5287,6966,3347,3878,6107,9137,3294,3670,4381,5087,3111,3176,3661,3773,-10.9322,21.4229,8.98254,48.0653
66772,3558,4389,7486,8929,3527,4102,5690,6226,3309,3617,3932,4198,3139,3147,3540,3400,-20.2573,17.4617,8.93386,48.126
66773,3621,3822,4114,3925,3650,4970,6325,4601,3840,5333,7231,4836,3682,4002,4462,4028,1.6653,5.50158,8.67464,48.2947
66774,3795,5187,8002,6017,3818,4716,6852,5260,3234,3711,4179,4010,3137,3244,3502,3469,-17.791,9.04955,8.71503,48.0887
66775,3226,3708,4730,5890,3399,3966,6067,9178,3241,3791,4541,6103,3192,3365,3810,3975,-6.32504,21.4647,8.96572,48.1213
66776,3678,3749,3646,3328,4339,5120,4247,3694,5173,8137,5400,3772,4562,5504,4484,3678,8.52943,-6.6941,8.57424,48.3407
66777,3263,3546,4189,4626,3343,3676,4981,8353,3310,3720,4917,8395,3194,3522,4172,4803,-0.0486244,30.8927,8.80787,48.0067
66778,5655,9498,6535,4133,4431,5055,4599,3863,3624,3758,3579,3490,3285,3384,3373,3165,-30.2018,-4.87637,8.67444,47.618
66779,3364,3506,3303,3135,4142,3875,3456,3272,7323,5120,3802,3358,10777,6278,3894,3408,20.8837,-24.0654,8.56338,48.0087
66780,4407,4720,3937,3413,5548,7458,4748,3667,4934,6272,4276,3538,4148,4298,3703,3443,-2.19297,-9.70372,8.80636,48.34
66781,3107,3296,3718,3873,3262,3637,4174,5564,3400,3842,5227,10071,3277,3803,4840,6982,9.85727,27.569,8.69163,48.0487
66782,3108,3349,3397,3379,3347,3596,3924,3876,3746,4210,5659,5385,3651,4625,8912,7949,23.01,13.4777,8.95862,48.0753
66783,3442,3837,4472,4360,3577,4557,7054,5694,3512,4392,6675,5440,3282,3571,4222,4251,-1.22737,11.1998,8.64489,48.2253
66784,3551,3771,3983,3543,3742,5003,5439,4141,3965,6303,7174,4554,3765,4555,4681,4013,5.07561,2.17752,8.61257,48.122
66785,3175,3572,4277,4352,3368,3887,5342,6914,3347,3920,5721,7804,3330,3677,4460,5055,1.94864,20.6118,8.52445,48.134
66786,12193,6589,4112,3465,6036,4987,3763,3356,3884,3783,3404,3125,3342,3315,3189,3124,-27.8243,-23.8569,8.92108,47.778
66787,3651,4726,9285,8358,3545,4211,5269,5399,3359,3529,3823,3908,3132,3327,3343,3253,-33.5307,13.3675,8.85036,48.0787
66788,3139,3309,3679,3806,3303,3553,4313,5395,3353,3910,5416,9633,3461,3856,4865,6930,9.927,25.6767,8.55972,47.9473
66789,4143,5230,5093,4106,4567,7187,6536,4191,3903,4797,4612,3871,3504,3714,3589,3456,-8.71866,-1.6519,8.53471,48.3327
66790,7628,7363,4517,3568,6485,6405,4282,3581,4198,4212,3645,3183,3519,3454,3290,3179,-17.6031,-15.1093,8.68058,48.3393
66791,3421,3456,3327,3066,4058,3884,3614,3205,6671,5024,3848,3405,10986,6830,4094,3306,22.3599,-22.5224,8.73132,48.13
66792,3399,3781,4719,5358,3320,3987,6063,8661,3230,3712,4857,6068,3211,3490,3946,4134,-5.09826,20.1849,8.62393,47.9573
66793,3354,3499,3452,3234,3760,4146,4129,3686,4354,6609,6266,4147,4547,6406,6286,4382,14.8149,-1.01247,8.97021,48.1713
66794,3401,3340,3254,3013,3946,3877,3439,3242,6200,5314,3999,3451,9908,7650,4363,3541,24.3248,-18.7747,8.62408,47.9587
66795,4686,4289,3507,3268,7814,5233,3773,3337,8243,5369,3676,3382,4730,4202,3609,3105,0.734861,-23.2601,8.76472,48.1487
66796,3429,3431,3127,3037,4168,3876,3476,3222,6977,5066,3805,3318,11250,6406,3925,3341,22.0358,-24.2125,8.78281,47.9027
66797,7153,5871,3968,3285,8012,6452,4162,3396,4710,4364,3646,3281,3614,3604,3361,3261,-12.8531,-18.019,8.69121,48.0933
66798,3266,3306,3352,3269,3221,3474,3776,4010,3408,3801,4701,5999,3463,3836,6103,12346,30.6063,27.1965,8.53103,47.554
66799,3060,3281,3498,3557,3324,3571,3963,4216,3454,4024,5468,7227,3431,4156,6520,9471,18.8462,21.2936,8.53397,48.1473
66800,9253,5777,3908,3362,8223,5411,3827,3401,4492,4058,3578,3213,3486,3516,3312,3020,-16.7499,-23.3853,8.8175,47.8913
66801,3418,3609,3969,3726,3533,4425,5650,4541,3780,5293,7947,5180,3666,4170,5040,4371,5.25492,7.10606,8.63969,48.212
66802,3213,3235,3684,3661,3284,3734,4562,4659,3400,4277,7260,7367,3476,4026,6059,6342,11.932,15.6957,8.9758,48.1593
66803,4762,7965,8399,4833,4104,4989,4887,4214,3515,3774,3817,3607,3153,3365,3268,3361,-27.6395,0.788602,8.7169,48.0087
66804,3547,3339,3235,3109,4084,3835,3427,3241,6637,5316,3900,3512,9990,7024,4242,3380,21.6651,-20.1444,8.60592,47.8787
66805,3792,5061,7664,6063,3767,4767,7161,5558,3376,3772,4176,4014,3224,3285,3571,3342,-16.223,9.51521,8.73849,48.3953
66806,3150,3243,3439,3483,3214,3437,3695,3832,3359,3779,5091,6028,3452,3936,6869,11819,31.0338,22.5335,8.65103,47.884
66807,3205,3426,3904,4164,3227,3742,4591,6734,3323,3931,5088,9645,3249,3688,4433,5783,4.96755,29.1583,8.55032,48.0887
66808,3421,3364,3171,3232,3911,3791,3491,3188,5916,4795,3810,3300,12257,6453,3966,3383,32.1901,-24.6622,8.6914,47.6327
66809,3524,4342,7978,9553,3429,4082,5379,5815,3208,3551,3875,4100,3041,3228,3337,3438,-24.5805,17.3428,8.60851,47.92
66810,6063,9823,6077,3933,4741,5228,4487,3825,3747,3744,3723,3425,3324,3335,3159,3173,-33.2261,-6.80896,8.90802,47.8713
66811,5005,8194,7111,4600,4386,5562,5207,4170,3651,3847,3782,3548,3322,3303,3354,3146,-21.9374,-2.01357,8.63949,48.1253
66812,3464,3839,5394,9178,3362,3853,5132,8901,3289,3527,3975,4604,3152,3234,3535,3442,-15.1001,32.0074,8.77486,47.9207
66813,3528,3455,3417,3250,4027,4456,3981,3575,5150,7886,5282,3797,5061,6701,4948,3870,13.0456,-7.14222,8.9167,48.256
66814,6198,4634,3704,3246,10120,5218,3836,3338,6165,4610,3647,3341,3968,3868,3374,3200,-6.6985,-29.5818,8.78449,48.3113
66815,7586,5025,3788,3269,9806,5268,3867,3339,5192,4226,3521,3339,3714,3586,3281,3154,-11.462,-29.4061,8.9323,47.974
66816,3214,3225,3335,3186,3546,3808,3721,3489,4460,5024,4651,4043,5257,9223,7344,4309,30.5741,-2.8671,8.9088,47.89
66817,3490,3561,3270,3194,4456,3914,3554,3196,8378,5220,3722,3378,9530,5540,3851,3474,16.5138,-26.4124,8.8886,47.8187
66818,3866,3809,3511,3206,5024,5354,4004,3544,6329,7636,4646,3539,4977,5240,4039,3396,6.65739,-12.3636,8.62426,48.08
66819,3286,3367,3275,3156,3680,3735,3610,3301,4841,5277,4419,3797,6208,9867,6016,3980,29.8812,-7.58599,8.71428,47.8767
66820,3314,3394,3230,3168,3860,4191,3738,3440,5034,6681,4799,3740,5765,8497,5584,3944,18.9872,-7.22201,8.91339,48.2527
66821,3181,3266,3452,3437,3324,3391,3801,3946,3525,4014,5163,5619,3535,4299,7926,9955,31.5052,17.8771,8.55334,47.8893
66822,3683,4969,9434,8193,3586,4169,5218,5093,3374,3550,3788,3938,3121,3220,3293,3340,-33.3391,12.9151,8.9068,47.9793
66823,3335,3745,5184,7581,3292,3843,5714,9520,3311,3605,4217,5058,3119,3357,3514,3637,-11.4906,23.8863,8.99157,48.0213
66824,12593,6334,3985,3441,6081,4691,3794,3283,3867,3686,3440,3170,3393,3445,3198,3112,-30.1723,-26.1279,8.78099,47.6753
66825,3287,3614,4443,5681,3250,3766,5272,9734,3343,3608,4647,6693,3155,3567,3893,4135,-5.01405,31.1666,8.81375,48.0587
66826,3384,3460,3473,3242,3627,3997,3983,3763,4327,6452,6324,4386,4462,6526,6469,4358,15.4989,-0.307573,8.86983,48.1553
66827,3499,3396,3251,2985,4033,3868,3297,3198,6441,5566,4013,3507,9712,7538,4388,3482,22.0996,-18.2101,8.99149,48.116
66828,5753,7377,4805,3839,5377,7359,4831,3854,4155,4381,3831,3421,3525,3572,3362,3150,-15.3829,-8.94308,8.89354,48.3947
66829,4208,3943,3337,3256,6840,4689,3694,3258,9371,5012,3810,3407,5484,4502,3694,3265,4.25459,-32.089,8.53723,47.8467
66830,3560,4629,9168,8750,3466,4041,5043,5293,3284,3408,3852,3860,3137,3344,3378,3319,-32.7323,14.3666,8.93512,47.688
66831,3883,4296,3901,3572,4529,6558,5046,3897,4664,6911,5348,3871,4017,4313,4078,3677,0.639764,-4.45773,8.66793,48.374
66832,3197,3362,3622,3575,3302,3589,4041,4752,3328,3799,5208,8913,3280,3828,5411,8832,15.0035,26.501,8.88747,48.026
66833,5831,4667,3793,3341,8992,5915,3900,3452,6072,4610,3602,3145,4111,3816,3530,3190,-6.26733,-21.677,8.69132,47.978
66834,3435,3945,4968,5015,3503,4343,7618,7065,3472,3977,5366,5351,3188,3514,3899,3892,-5.7208,14.1343,8.99485,48.3673
66835,3316,3417,3428,3370,3627,4093,4084,3719,4052,5778,6571,4536,4263,6227,7014,4792,16.4535,2.35957,8.66497,48.1913
66836,12659,5904,3799,3435,6008,4732,3634,3359,3846,3728,3350,3301,3270,3414,3291,3218,-32.3718,-31.9146,8.87062,47.2987
66837,5320,4764,3869,3364,7611,6831,4215,3621,5529,5311,3859,3460,3998,4034,3484,3287,-5.46367,-16.4463,8.68636,48.3713
66838,3131,3288,3541,3527,3287,3438,4072,4464,3414,3743,5159,8438,3372,3954,5533,9693,16.9378,30.6319,8.62687,48.036
66839,3317,3669,4619,5957,3256,3768,5516,9638,3332,3694,4650,6462,3263,3381,3856,4190,-6.12725,24.9102,8.84199,48.3787
66840,3152,3324,3447,3436,3434,3584,4038,3974,3631,4183,5710,5712,3691,4829,8531,7919,21.7066,13.8491,8.50953,48.3967
66841,3981,4795,5053,4224,4228,6540,7450,4378,3735,4747,5004,4046,3314,3759,3774,3574,-7.05566,1.66772,8.89592,48.4013
66842,3229,3387,3496,3349,3573,3844,4265,3896,4022,5379,7285,4921,3948,5476,7383,5146,15.4265,5.35882,8.94361,48.3993
66843,4061,5204,5419,4235,4240,6631,7464,4554,3784,4399,4594,3834,3377,3540,3688,3475,-9.62359,1.68698,8.77557,48.3327
66844,3477,4111,5366,5146,3640,4654,8035,6432,3484,3888,5069,4725,3256,3418,3818,3644,-8.34731,12.2216,8.58882,48.1087
66845,3159,3319,3556,3695,3257,3661,4268,4847,3412,3943,6064,8559,3360,3871,5709,7758,13.3288,20.9892,8.68796,48.292
66846,3497,3462,3211,3106,4310,3850,3424,3276,7816,5141,3806,3349,10325,5870,3993,3339,18.9041,-26.2508,8.7384,47.85
66847,3584,4302,5414,4820,3684,4931,8090,5852,3452,4023,5225,4445,3384,3505,3770,3611,-7.79404,9.36224,8.75459,48.0613
66848,3165,3479,3545,3469,3481,3920,4438,3970,3790,4881,7334,5310,3783,5038,7291,5542,14.9524,7.95643,8.82961,48.2907
66849,3593,3519,3361,2984,4726,4186,3524,3299,8843,5485,3883,3370,8441,5608,3929,3358,14.258,-24.6591,8.66486,48.0727
66850,3495,3512,3215,3077,4275,3994,3464,3239,7786,5226,3849,3488,9856,6199,4004,3389,18.4217,-23.221,8.72897,48.0453
66851,4386,4124,3574,3208,6751,5651,3838,3318,7687,6034,4007,3403,4917,4418,3676,3239,1.80273,-18.8596,8.93899,48.154
66852,10283,7693,4287,3463,6182,5117,3927,3459,3917,3949,3464,3279,3360,3313,3308,3065,-25.1236,-18.9904,8.75583,48.044
66853,4519,4694,3878,3434,5891,7612,4707,3685,4918,6072,4272,3652,4050,4039,3758,3320,-3.25795,-10.3628,8.61845,48.334
66854,4966,5730,4479,3726,5437,8607,4993,3625,4291,4886,3948,3594,3648,3762,3500,3230,-9.28015,-8.65696,8.9415,48.2813
66855,3239,3856,5019,7510,3367,3818,5187,9925,3155,3728,4196,5318,3128,3339,3699,3819,-11.0533,28.9146,8.99667,48.202
66856,3453,3759,4272,4226,3508,4241,6411,5732,3536,4265,6794,6174,3308,3761,4410,4435,1.11997,12.5711,8.79452,48.19
66857,4926,6711,5599,4040,4791,7128,5800,4049,3889,4174,3997,3476,3452,3433,3534,3432,-14.343,-3.59144,8.68503,48.2873
66858,3429,3369,3321,3075,3828,3676,3328,3312,6086,4741,3772,3424,12812,6084,3830,3380,28.4775,-30.4846,8.9554,47.6447
66859,5463,7986,5641,3994,4935,6620,5088,3904,3746,4009,3876,3539,3324,3468,3363,3200,-17.6822,-6.2831,8.69448,48.104
66860,3163,3267,3457,3532,3335,3460,4047,4286,3382,3728,5016,8184,3368,3886,5433,10233,17.6935,31.3562,8.79849,47.8513
66861,3446,4037,5907,6340,3334,4332,7085,7751,3402,3712,4477,4743,3228,3373,3510,3825,-11.2078,16.242,8.9183,48.3347
66862,6954,6356,4139,3464,7349,6720,4095,3549,4457,4286,3734,3263,3664,3687,3363,3137,-13.7763,-16.4179,8.69018,48.1447
66863,3671,3493,3436,3140,5002,4218,3666,3155,9137,5545,3908,3332,7748,5398,3836,3370,12.3148,-24.426,8.72493,48.0367
66864,3084,3294,3367,3410,3166,3494,3801,3994,3367,3912,4792,6004,3331,4020,6367,12147,27.7281,25.871,8.53403,47.7
66865,3396,3424,3198,3029,4250,3935,3537,3149,7389,5105,3879,3343,11162,5876,3828,3457,20.6691,-27.4591,8.73073,47.9713
66866,5179,6838,5063,3813,5243,7675,5088,3916,4031,4518,3947,3467,3381,3589,3438,3281,-13.8894,-6.95347,8.89309,48.3113
66867,8954,9008,4606,3590,5369,5202,4216,3441,3765,3823,3558,3334,3311,3342,3252,3165,-33.0613,-14.7622,8.84021,47.9573
66868,3161,3068,3314,3268,3356,3666,3906,3859,3726,4250,5245,5158,3697,5115,9771,7129,32.0429,10.5873,8.53322,47.7927
66869,3511,4019,6003,12318,3346,3778,4845,6303,3254,3440,3809,3993,3115,3274,3391,3296,-26.3158,29.871,8.55049,47.7967
66870,3469,3574,3470,3222,3931,4286,3822,3520,5314,7536,5104,3900,5324,7173,5086,3861,14.4876,-7.6569,8.78665,48.3947
66871,5057,5918,4430,3667,5760,8063,4993,3715,4278,4949,3956,3498,3557,3643,3441,3160,-9.79119,-9.20479,8.97107,48.0567
66872,3755,4475,5946,4876,3826,5055,8242,5563,3550,3981,4862,4258,3257,3495,3701,3644,-10.1405,8.79713,8.76866,48.324
66873,3197,3327,3449,3388,3267,3621,4129,4056,3700,4563,6405,5267,3789,5268,8565,6240,19.3272,9.4318,8.5853,48.154
66874,3209,3266,3375,3312,3193,3471,3777,4030,3397,3835,5003,6671,3430,4017,5913,12002,23.8183,30.5089,8.90278,47.934
66875,3129,3247,3538,3690,3340,3511,4064,4917,3518,3794,5208,9468,3288,3751,5193,8370,13.4785,28.433,8.98222,48.0173
66876,3245,3397,3813,4116,3383,3662,4546,6322,3285,3795,5149,9803,3254,3760,4592,5963,5.97333,31.8045,8.79451,48.0567
66877,3668,4638,5720,4605,3941,5742,7954,5110,3554,4193,4937,4227,3281,3522,3665,3612,-9.24823,5.96088,8.53308,48.246
66878,3292,3277,3498,3499,3244,3530,3966,4420,3405,3886,5062,8613,3348,3926,5614,9487,16.5843,33.5769,8.84707,48.0447
66879,3661,3538,3286,3048,4448,4024,3552,3167,8706,5329,3964,3256,9334,5570,3779,3348,15.9142,-26.2823,8.89588,48.0067
66880,3298,3443,3548,3517,3554,3870,4379,4068,3798,5163,7833,5236,3856,4954,6894,5036,12.8718,6.60307,8.97362,48.298
66881,3153,3229,3428,3491,3244,3473,4033,4158,3346,3798,5041,7869,3433,3855,5706,10717,18.4803,32.57,8.99476,47.9827
66882,3453,3465,3297,3201,4342,3857,3514,3343,7913,5160,3793,3311,10282,5598,3906,3372,18.1926,-32.6194,8.68509,47.8713
66883,12162,6574,4000,3370,6139,4846,3766,3335,3814,3829,3493,3238,3397,3381,3230,3093,-28.8814,-24.7789,8.77391,47.778
66884,3200,3264,3419,3404,3300,3635,3860,3892,3559,4031,5193,5420,3499,4600,8926,8884,27.0188,14.8756,8.87739,48.0573
66885,3138,3315,3336,3349,3302,3402,3644,4059,3445,3689,4836,6023,3350,3974,6136,12423,31.5227,27.3467,8.65723,47.614
66886,9704,5655,3808,3397,8606,5230,3915,3320,4483,3982,3520,3218,3533,3560,3212,3022,-16.5234,-27.1053,8.9361,48.11
66887,3027,3209,3379,3398,3304,3468,3896,3987,3296,3785,4760,6054,3380,4023,6210,12631,28.4742,26.3552,8.93819,47.8713
66888,3597,3401,3111,3076,4174,3864,3486,3241,7185,4940,3878,3418,11028,6165,3854,3408,20.979,-25.3049,8.63357,47.884
66889,3235,3672,4447,5429,3322,3875,5783,8949,3300,3777,4841,6689,3170,3487,3944,4307,-4.20885,21.9206,8.94576,48.1513
66890,3286,3280,3105,3119,3867,3805,3494,3157,6601,4909,3827,3390,12360,6074,3863,3358,24.094,-30.7978,8.99473,47.6633
66891,3179,3231,3510,3568,3323,3764,4369,4336,3671,4283,7009,6431,3569,4401,6985,6502,14.9801,14.0423,8.71355,48.0873
66892,3008,3264,3622,3757,3323,3554,4119,4976,3353,3846,5195,9786,3294,3751,5124,7924,12.4467,29.7169,8.79554,47.9307
66893,3017,3205,3468,3592,3266,3531,4232,4537,3436,3987,6188,7994,3432,4023,6040,7851,14.3604,19.2821,8.93343,47.866
66894,6034,8432,5412,3864,5094,6700,4695,3769,3884,4102,3743,3386,3379,3450,3352,3138,-18.5398,-7.98066,8.99958,48.2893
66895,3804,5596,9900,6806,3613,4280,5239,4799,3481,3595,3695,3737,3271,3256,3458,3418,-32.3688,9.1092,8.63762,47.9653
66896,3435,3879,4526,4209,3598,4671,7017,5393,3598,4528,6549,5059,3522,3865,4188,4093,-1.23291,9.2857,8.65891,48.0867
66897,3288,3575,4172,4476,3388,3928,5641,7036,3428,4014,6041,7490,3301,3672,4311,4746,0.987721,19.0728,8.97478,48.338
66898,3317,3434,3336,3279,3730,4148,3930,3534,4670,6836,5285,4027,5153,7413,5992,4188,16.8459,-3.89437,8.56415,48.1813
66899,3042,3182,3413,3311,3253,3535,3798,4083,3358,3779,4933,6001,3466,4134,7239,11438,28.1752,21.6351,8.56381,47.9767
66900,3984,4842,4942,4106,4151,6587,7231,4506,3890,4855,5018,3971,3413,3804,3708,3505,-6.89965,1.40408,8.93525,48.342
66901,3039,3234,3429,3402,3359,3472,4069,4240,3572,4030,5863,6688,3577,4396,7534,8319,18.7814,16.6009,8.58961,48.1487
66902,3994,4502,4247,3664,4382,7032,5753,3984,4256,6118,5054,3954,3879,4165,3883,3551,-2.13683,-3.40929,8.9749,48.2787
66903,3814,4763,6413,4940,3779,5216,7952,5265,3520,4016,4730,4134,3334,3419,3683,3626,-11.7031,6.85433,8.92838,48.4027
66904,3194,3415,3296,3335,3648,3804,3863,3663,4067,5537,5855,4375,4586,7279,7610,4722,19.6837,0.757106,8.8205,48.166
66905,3174,3470,4013,4331,3421,3669,4909,6405,3440,3873,5865,8854,3267,3707,4476,5470,4.26665,21.6276,8.74317,48.2293
66906,3154,3309,3377,3368,3215,3410,3776,3892,3374,3703,4714,6051,3326,3762,6030,12770,30.6133,30.8486,8.9988,47.4873
66907,3599,4016,3957,3785,3945,5506,5620,4189,4245,6394,6668,4179,3776,4391,4421,3913,2.75287,0.762241,8.91424,48.4027
66908,3210,3319,3961,4250,3398,3738,4775,7183,3389,3752,5339,9084,3221,3694,4381,5405,3.28501,25.9447,8.5013,48.066
66909,3090,3217,3460,3524,3304,3698,3937,4020,3543,4166,5794,5704,3576,4792,8544,7721,21.1707,13.657,8.86102,48.06
66910,3263,3381,3351,3144,3793,3839,3677,3438,4729,6136,4798,3760,5633,8866,5955,4130,20.55,-6.1565,8.6485,47.9287
66911,3268,3651,4082,4227,3610,4052,5761,5609,3507,4352,6942,6665,3291,3852,4667,4728,2.78056,14.1663,8.5391,48.176
66912,4162,3978,3422,3227,6528,4737,3642,3286,9300,5542,3866,3353,5546,4563,3753,3275,5.26693,-23.8146,8.82419,48.12
66913,3194,3304,3239,3145,3731,3904,3589,3330,4798,5618,4552,3759,6367,9748,6011,3993,24.4971,-7.65053,8.99832,48.188
66914,7590,9618,5035,3718,5028,5365,4281,3597,3765,3731,3689,3303,3395,3346,3272,3060,-32.4044,-11.6271,8.53088,47.862
66915,3279,3398,3245,3241,3722,3885,3592,3293,4859,5261,4259,3686,7129,9829,5490,3816,30.9736,-10.3588,8.62715,47.9893
66916,4789,6196,4885,3789,4921,7855,5667,3886,4030,4555,4162,3587,3512,3638,3405,3257,-11.297,-5.73371,8.83693,48.0893
66917,3626,3981,4033,3679,4034,5159,5593,4126,4126,6154,6931,4335,3899,4447,4511,3984,3.25581,1.65159,8.69077,48.412
66918,3592,4363,6878,6848,3577,4121,6943,6807,3266,3647,4191,4397,3137,3382,3608,3558,-14.8723,14.9276,8.77,48.21
66919,3354,3957,6548,12487,3471,3848,4779,5879,3197,3354,3703,3936,3102,3279,3320,3418,-29.623,24.6415,8.86021,47.7547
66920,3406,3483,3408,3233,3763,3996,3739,3503,4666,6226,5196,3962,5395,8090,6038,4168,19.1408,-4.85283,8.57406,48.1813
66921,3423,4386,7549,10776,3462,3879,5049,5979,3320,3540,3836,3900,3102,3190,3294,3374,-25.572,19.7143,8.73497,48.0393
66922,3472,3263,3229,3121,3905,3796,3454,3255,5952,4977,3806,3438,11928,6919,4031,3341,28.4922,-22.493,8.7498,47.9247
66923,3279,3769,5400,8057,3506,3953,5485,9072,3272,3603,4155,4920,3159,3297,3504,3702,-13.14,24.1568,8.6811,48.0887
66924,3232,3268,3415,3438,3274,3368,3741,3854,3523,3843,4683,6103,3395,3910,5970,12462,27.2992,32.3061,8.85102,47.6527
66925,3257,3379,3369,3171,3621,4015,3747,3395,4471,5379,4908,3963,5216,8838,7003,4383,24.3903,-2.76825,8.54238,48.0767
66926,3339,3983,6018,12465,3386,3677,4842,6358,3162,3448,3820,4061,3034,3254,3389,3478,-25.7242,28.7388,8.65767,47.8093
66927,3558,3597,3280,3130,4299,4342,3650,3355,6127,7052,4344,3618,6560,7112,4562,3681,15.296,-12.8807,8.82716,48.178
66928,12379,5990,4048,3402,6357,4827,3798,3396,3949,3806,3409,3269,3363,3376,3187,3171,-25.0098,-33.7706,8.97615,47.818
66929,4014,4296,4011,3602,4701,6876,4996,3765,4782,6644,5052,3800,3912,4237,3955,3509,-0.29869,-5.7181,8.52919,48.1013
66930,3315,3406,3287,3087,3872,3964,3718,3371,5160,6690,4623,3850,6168,8424,5455,3847,19.3347,-8.12377,8.56047,48.158
66931,3208,3388,3568,3730,3291,3597,4322,5211,3410,3753,5324,9873,3321,3654,5034,7270,10.728,33.3507,8.69148,47.9693
66932,3071,3381,3427,3564,3201,3557,4056,4944,3199,3823,5255,9299,3299,3757,5176,8396,13.4775,29.6425,8.8103,47.6033
66933,3891,5800,10003,6737,3766,4393,5333,4840,3379,3583,3724,3535,3065,3292,3361,3290,-30.7953,8.98199,8.75863,47.9947
66934,3778,3559,3307,3063,5148,4226,3603,3268,9874,5296,3747,3346,7785,5042,3708,3336,11.5891,-31.513,8.99936,48.0573
66935,10554,7785,4295,3446,5643,5032,3960,3501,3940,3759,3498,3307,3565,3386,3124,2912,-31.2327,-18.76,8.98555,47.8047
66936,8948,5388,3943,3343,8998,5141,3866,3282,4674,4083,3512,3270,3562,3449,3264,3141,-14.6582,-28.6694,8.80866,47.9093
66937,3224,3380,3302,3266,3622,3731,3743,3516,4186,5083,4845,4046,4993,8657,7862,4452,33.041,-1.55553,8.82384,47.9387
66938,3881,4599,5259,4307,4103,5930,7647,4650,3642,4483,5148,4151,3516,3668,3724,3549,-7.38131,3.65677,8.74386,48.1713
66939,6240,6892,4426,3616,6441,7278,4368,3523,4328,4422,3654,3371,3654,3503,3319,3160,-14.0752,-13.2877,8.79113,48.13
66940,3698,4915,9208,7784,3559,4337,5531,5260,3347,3635,3855,3799,3164,3157,3405,3335,-24.8053,12.52,8.78794,47.9927
66941,3427,3770,4986,6735,3370,3856,5185,9728,3277,3648,4394,5541,3181,3386,3684,3726,-9.60456,33.9579,8.63816,47.9293
66942,3180,3466,3941,4254,3376,3694,4747,6925,3314,3735,5336,9427,3231,3606,4603,5568,4.43341,26.4583,8.65839,48.2687
66943,3135,3219,3386,3408,3259,3334,3822,3842,3355,3708,4794,5969,3330,3895,5926,12676,31.248,30.3018,8.7104,47.372
66944,3197,3422,3346,3314,3550,3742,3931,3696,3924,5173,5844,4655,4403,6637,8196,5142,20.6226,3.07458,8.53891,48.1147
66945,9049,8592,4467,3537,5779,5474,4191,3472,3961,3781,3495,3258,3445,3410,3172,3122,-23.5282,-15.8515,8.8937,48.1367
66946,3244,3412,3452,3375,3378,3844,4136,3908,3907,5021,6793,4932,3976,5728,7760,5426,17.1998,6.01033,8.58255,48.1947
66947,4157,5424,5074,4013,4439,7289,6660,4247,4060,4448,4492,3738,3478,3659,3697,3463,-9.21456,-1.19046,8.91437,48.2253
66948,5086,8928,7635,4524,4249,5151,4834,4016,3609,3788,3725,3531,3286,3274,3253,3160,-29.1213,-2.15711,8.62093,48.0327
66949,3264,3851,5669,10321,3468,3800,4908,7896,3255,3479,4072,4320,3193,3216,3443,3495,-18.7224,32.9724,8.75654,47.7667
66950,3258,4156,7715,10815,3446,3937,5134,5745,3271,3472,3861,3965,3127,3232,3424,3372,-32.2546,19.4749,8.92558,47.9533
66951,3825,3527,3342,3041,4898,4118,3552,3414,9401,5208,3807,3397,8019,5123,3868,3413,12.7784,-29.4866,8.58365,47.9687
66952,3425,3381,3347,3173,3857,3944,3645,3328,5135,5210,4169,3573,8281,9242,4686,3614,32.5807,-13.572,8.5657,48.0067
66953,4073,5008,4833,4030,4401,6951,6682,4347,3958,4856,4701,3930,3581,3753,3671,3537,-7.32414,-0.744215,8.69132,48.208
66954,3376,3306,3220,3102,3961,3841,3429,3131,6243,4851,3862,3378,12502,6189,3870,3353,27.2123,-26.7093,8.99443,47.7427
66955,3581,4473,8656,9372,3532,4064,5270,5507,3220,3464,3827,3824,3050,3222,3340,3365,-27.6725,15.94,8.74112,47.8447
66956,3254,3429,3492,3360,3621,4010,4174,3725,4067,5904,6702,4533,4225,5933,6868,4829,15.4761,2.20002,8.66147,48.084
66957,11458,7115,4012,3352,5803,4907,3847,3389,3997,3737,3463,3204,3520,3496,3242,3163,-31.9624,-21.8083,8.90608,47.8033
66958,6813,5002,3744,3242,9719,5564,3899,3381,5495,4430,3599,3367,3891,3629,3350,3073,-9.58102,-23.591,8.93382,48.132
66959,3799,3746,3488,3293,4720,5205,4068,3537,6194,8016,4649,3687,4920,5284,4096,3538,7.50488,-11.3165,8.89721,48.16
66960,4980,7618,6272,4209,4641,6540,5423,4011,3790,4105,3762,3600,3365,3389,3330,3263,-17.4788,-3.5371,8.8911,48.1987
66961,3185,3251,3480,3365,3189,3471,3800,3879,3456,3970,5245,5775,3381,4554,8021,10126,26.9273,17.6983,8.66718,48.0987
66962,3449,3529,3458,3301,4241,4454,3956,3440,5519,7666,4989,3894,5298,6752,4696,3806,13.1669,-8.76848,8.57194,48.2987
66963,3367,3874,5922,12460,3484,3749,4892,6083,3305,3369,3762,3925,3208,3237,3480,3368,-28.3944,32.8465,8.56574,47.6567
66964,12403,6015,3893,3428,6383,4745,3725,3502,3972,3822,3596,3238,3291,3377,3284,3072,-25.6796,-29.28,8.5111,47.8307
66965,8004,5535,3862,3367,8904,5634,3916,3551,4828,4190,3642,3162,3666,3520,3293,3126,-13.6573,-23.4843,8.94177,48.1333
66966,5683,6910,4579,3781,5929,7778,4544,3696,4233,4475,3705,3389,3421,3564,3354,3162,-13.4845,-10.5338,8.98509,48.1353
66967,3558,4643,8341,8784,3434,4181,5606,5784,3260,3584,3848,3963,3101,3231,3337,3424,-22.7906,15.5375,8.97962,48.0527
66968,3026,3260,3439,3386,3256,3604,3927,3999,3391,3992,5323,6195,3526,4393,7865,9672,22.5903,18.1997,8.85626,48.1693
66969,3140,3208,3638,3375,3176,3443,4039,4538,3415,3775,5084,9050,3312,3780,5538,9327,15.5637,27.1552,8.99866,47.892
66970,3724,3982,3837,3569,4493,6151,4835,3789,4791,7520,5432,3842,3971,4513,4275,3564,2.9074,-4.93612,8.94699,48.192
66971,3238,3279,3329,3171,3574,3775,3719,3587,4250,5157,4905,4043,4960,8518,8050,4692,27.6964,-0.698235,8.68565,48.1647
66972,3241,3621,4505,5629,3301,3815,5135,9650,3267,3652,4503,6656,3249,3399,3933,4253,-5.09275,28.0304,8.78391,47.8727
66973,6081,4778,3659,3360,9317,6036,3894,3360,5832,4638,3708,3302,4072,3803,3385,3148,-7.17911,-21.641,8.87976,48.2487
66974,3103,3283,3407,3340,3270,3516,3832,3974,3477,4046,5566,5847,3513,4611,8314,8800,22.8814,15.6424,8.94729,47.9327
66975,4646,6802,6250,4300,4392,6477,5889,4135,3679,4141,4042,3661,3269,3413,3460,3315,-15.6578,-1.4148,8.79106,47.914
66976,5427,4773,3772,3281,8161,6598,4112,3469,5822,5015,3808,3413,4056,3859,3564,3171,-5.58763,-18.4232,8.7116,48.2007
66977,3124,3361,3620,3855,3249,3529,4039,4892,3370,3725,5281,9267,3380,3790,5156,8247,13.151,27.4873,8.82293,47.9233
66978,3311,3708,4223,4092,3539,4402,6425,5177,3584,4541,7219,5666,3483,3931,4555,4383,1.71875,11.1211,8.80217,48.1593
66979,4683,5613,4813,3760,4969,7929,5596,4074,3984,4780,4223,3597,3436,3562,3569,3373,-9.42388,-4.93934,8.60879,47.974
66980,6694,4839,3709,3397,9906,5514,3698,3416,5720,4223,3573,3293,3868,3678,3382,3222,-8.89593,-26.7462,8.56247,48.088
66981,3297,3466,3269,3143,3802,3915,3745,3374,5125,6231,4586,3817,6143,9178,5485,3840,20.9538,-8.69675,8.76133,48.2773
66982,3641,3737,3296,3094,4866,4146,3573,3231,9018,5851,3880,3288,7572,5484,3896,3400,12.5594,-22.1474,8.85409,47.982
66983,3226,3155,3361,3423,3223,3481,3943,3904,3422,3911,5079,5873,3421,4296,7804,10688,27.8588,19.0915,8.81441,48.14
66984,6572,4860,3784,3275,10051,5281,3745,3293,5887,4366,3514,3293,3872,3720,3361,3137,-8.43166,-29.1095,8.80614,48.0073
66985,3166,3437,3701,3778,3352,3746,4666,5186,3613,4104,6601,8326,3315,3935,5156,5934,8.39085,18.1598,8.63852,48.0107
66986,3856,4605,5121,4263,4267,6039,7585,4755,3769,4521,5100,4063,3361,3730,3705,3535,-7.48027,2.95461,8.65006,48.1833
66987,5893,9222,6025,4101,4851,5996,4581,3842,3845,3975,3623,3328,3458,3309,3299,3156,-22.1567,-6.75959,8.93388,48.336
66988,10132,8285,4486,3490,5625,5019,3880,3481,3860,3764,3537,3285,3381,3405,3214,3084,-29.6619,-17.8385,8.7683,47.952
66989,3131,3250,3492,3318,3244,3551,3900,3951,3428,4041,5126,5485,3450,4458,8731,9436,31.777,15.8998,8.78454,47.9947
66990,12081,5866,3829,3447,6607,4899,3733,3474,4116,3745,3524,3305,3539,3376,3296,3188,-23.8524,-28.5713,8.64629,48.0167
66991,3420,3235,3150,3089,3919,3748,3560,3315,6219,4837,3678,3372,12348,6376,3933,3358,27.6325,-26.2694,8.82089,47.7047
66992,5494,5713,4074,3634,6662,7742,4523,3600,4690,4727,3776,3507,3730,3820,3430,3260,-9.55835,-13.0833,8.67322,48.2547
66993,3349,3338,3286,3136,3986,3738,3536,3266,6717,4970,3841,3432,11873,5822,3874,3363,23.1774,-32.838,8.69325,47.6847
66994,3231,3406,3472,3643,3186,3525,4107,4892,3524,3736,5397,9261,3425,3785,5337,8143,13.2442,25.7783,8.5342,48.0467
66995,7913,5203,3843,3335,9589,5325,3782,3300,5103,4204,3556,3238,3629,3540,3211,2971,-12.2123,-27.2145,8.72014,47.828
66996,3446,3966,6126,10199,3363,3844,5237,7480,3280,3465,3971,4345,3081,3281,3390,3510,-19.0093,23.6004,8.8582,47.9893
66997,4354,6242,6289,4423,4372,6429,6503,4353,3691,4202,4118,3772,3336,3545,3613,3329,-14.4505,0.0157265,8.8197,48.3807
66998,5778,4560,3592,3298,9869,5092,3828,3290,6740,4547,3652,3340,4059,3854,3365,3182,-5.40268,-32.1787,8.99276,48.0307
66999,5665,4500,3682,3322,9467,5202,3811,3358,6743,4614,3722,3409,4124,3795,3452,3079,-4.95514,-28.8786,8.64576,47.9633
67000,6392,4901,3852,3382,9536,5759,3890,3459,5601,4490,3574,3265,3952,3798,3295,3157,-8.65553,-23.0631,8.98042,48.202
67001,6133,10075,6040,4010,4895,5107,4390,3695,3670,3776,3692,3367,3319,3431,3269,3223,-32.5793,-7.47336,8.90315,48.0613
67002,3570,4208,5310,4786,3747,4963,8113,5673,3546,4108,5452,4500,3184,3636,3770,3836,-6.58799,8.97234,8.65838,48.268
67003,4809,7854,7816,4673,4169,5391,5365,4259,3501,3820,3672,3627,3240,3224,3391,3281,-22.4078,-0.0489801,8.91953,48.0613
67004,3461,3473,3361,3242,4133,4357,3798,3559,5272,7334,4909,3644,5567,7443,5018,3783,15.2701,-8.38966,8.58057,48.236
67005,3106,3377,3689,3831,3381,3777,4702,5338,3520,4020,6339,8670,3335,3850,5143,6337,9.48214,19.5049,8.54675,48.2767
67006,12643,6095,3880,3303,6145,4693,3795,3284,3924,3783,3401,3243,3395,3424,3276,3165,-27.8787,-28.7856,8.87573,47.6327
67007,3599,4665,9182,8972,3492,4015,5168,5425,3260,3439,3749,3852,3061,3197,3305,3421,-29.5755,14.7415,8.93488,47.868
67008,3420,3402,3207,3051,4076,3852,3509,3248,6372,5435,3984,3419,9678,7601,4351,3379,21.7563,-18.3549,8.95629,47.9893
67009,4959,4583,3697,3375,7804,6053,4052,3388,6600,5278,3864,3438,4262,4008,3671,3123,-2.60055,-19.623,8.68994,48.1033
67010,4986,5741,4430,3720,5710,8050,4963,3742,4188,5046,4143,3530,3593,3771,3503,3252,-9.14636,-8.88018,8.60589,48.2453
67011,4074,4983,4826,4002,4425,7155,6859,4193,3875,4832,4858,3969,3497,3659,3681,3429,-7.28355,-0.372132,8.95541,48.2113
67012,7402,7562,4472,3602,6253,6451,4251,3527,4047,4129,3702,3373,3512,3542,3414,3100,-17.9562,-14.336,8.80858,48.226
67013,3084,3394,3517,3595,3312,3620,4045,4176,3478,4397,6426,6358,3581,4435,7542,7611,17.9621,14.9259,8.61271,48.3807
67014,5980,4603,3736,3345,9768,5254,3827,3409,6189,4457,3699,3304,4001,3806,3505,3010,-6.53673,-32.4614,8.85929,47.9287
67015,4431,4075,3441,3064,7194,5089,3721,3448,8297,5491,3792,3474,4998,4388,3692,3310,2.21063,-22.462,8.76777,47.9367
67016,3216,3455,3509,3466,3524,3946,4210,3770,3974,5559,7085,4771,4020,5651,7229,4991,15.5696,4.71193,8.82506,48.2507
67017,3415,3578,3265,3104,4481,4072,3609,3147,7704,5693,3807,3294,9087,6320,4062,3516,17.0111,-21.1492,8.8754,48.1027
67018,8669,8672,4774,3643,5461,5349,4031,3602,3803,3686,3535,3296,3284,3367,3318,3129,-25.8727,-14.668,8.57776,47.746
67019,5433,7934,5646,3921,5035,6818,5045,3863,3921,4144,3838,3277,3384,3484,3359,3246,-17.4289,-6.40186,8.75191,48.232
67020,3542,3618,3417,3152,4355,4438,3839,3444,6488,7609,4474,3593,6007,6630,4391,3586,13.2274,-12.8562,8.7207,48.3887
67021,3505,4159,6575,8366,3346,3979,6035,7305,3232,3615,4134,4361,3016,3300,3428,3570,-16.727,18.3635,8.67702,47.9507
67022,3178,3388,3624,3722,3291,3642,4191,4881,3419,3719,5210,9263,3257,3903,5130,8292,13.3699,29.4073,8.56328,48.0733
67023,3452,3384,3153,3159,3985,3788,3421,3260,5900,4971,3853,3485,10892,7609,4164,3498,25.3696,-20.1673,8.91779,47.9827
67024,3831,5561,9811,7033,3709,4357,5211,4852,3387,3589,3951,3870,2982,3259,3498,3242,-28.4201,9.86199,8.64492,48.0953
67025,8233,5266,3761,3339,9399,5376,3737,3488,4931,4252,3540,3384,3613,3683,3188,3079,-13.3786,-27.1493,8.9086,48.1793
67026,3146,3244,3545,3438,3194,3657,3917,4361,3353,3820,5075,7779,3430,3880,5874,10413,19.3441,26.4195,8.79381,48.084
67027,4168,3826,3477,3150,6200,4905,3774,3344,8998,6080,4034,3408,5700,4517,3676,3345,5.32659,-21.6023,8.79514,48.4013
67028,3425,3903,5516,7672,3414,3954,5813,8898,3190,3623,4250,4862,3154,3225,3654,3636,-12.7943,22.3898,8.81402,48.126
67029,3306,3748,4527,5655,3399,3880,5604,9266,3330,3679,4799,6427,3235,3443,3889,4171,-5.18396,23.3583,8.91404,48.2387
67030,3230,3339,3380,3271,3468,3536,3874,3744,4001,4912,5959,4693,4041,6490,8956,5488,21.6459,4.95156,8.90535,48.2547
67031,3491,3500,3241,3138,4335,3948,3387,3159,7977,5229,3813,3375,10323,5993,4006,3273,18.598,-24.832,8.98057,48.1253
67032,6939,7133,4450,3479,6448,6712,4233,3525,4138,4237,3608,3322,3553,3566,3434,3109,-16.0865,-14.2025,8.84259,47.924
67033,6282,6777,4492,3643,6339,7378,4494,3628,4247,4318,3700,3421,3471,3538,3399,3176,-14.451,-12.5731,8.79696,48.202
67034,4088,5880,7401,4901,3929,5528,6998,4706,3512,4035,4090,3859,3293,3395,3600,3292,-15.9364,3.67634,8.92975,48.338
67035,3741,4041,4080,3822,4038,5763,6141,4209,4113,5981,6247,4108,3703,4182,4307,3771,0.424916,0.874843,8.8801,48.1647
67036,6343,9785,6039,3972,4733,5285,4518,3814,3582,3767,3702,3387,3221,3359,3253,3289,-29.1325,-7.51096,8.55864,48.0327
67037,5779,6218,4273,3583,6672,7636,4437,3604,4501,4620,3740,3384,3650,3670,3401,3199,-11.489,-13.2652,8.77868,48.2447
67038,4050,5481,8269,5772,3819,4878,6719,4947,3460,3681,4054,3993,3120,3389,3418,3393,-18.541,7.32149,8.84923,48.2953
67039,3142,3249,3410,3335,3384,3583,3958,3935,3593,4407,5813,5602,3755,4935,8942,7497,22.4908,12.0754,8.53246,48.36
67040,4418,3931,3540,3086,7104,4682,3751,3222,9379,5162,3805,3375,5395,4401,3515,3288,3.74284,-28.9129,8.8388,48.036
67041,8501,6609,4179,3540,7364,5859,3894,3454,4328,4153,3622,3279,3580,3582,3180,3145,-16.457,-19.2401,8.77295,48.1793
67042,3299,3374,3227,3141,3976,3803,3449,3207,6927,4832,3810,3320,11916,5932,3996,3457,22.8883,-32.2639,8.78005,47.7773
67043,3427,3390,3121,3199,3927,3758,3447,3277,6317,4865,3785,3426,12491,5998,3958,3312,26.0657,-29.2868,8.96885,47.7987
67044,3234,3366,3559,3494,3587,4031,4570,4041,3880,5452,7722,5012,3914,4910,6550,4843,12.5772,6.00594,8.58931,48.11
67045,3217,3757,5188,6897,3375,3908,5739,9279,3264,3618,4433,5453,3095,3335,3690,3885,-10.055,23.3047,8.70429,48.0887
67046,3352,3817,5444,8876,3340,3830,5163,9142,3249,3494,4166,4772,3198,3197,3487,3497,-14.5882,32.1294,8.92871,48.016
67047,3127,3342,3627,3765,3339,3626,4306,4943,3451,3968,6004,8762,3409,3860,5570,7396,12.3509,20.9672,8.64148,48.33
67048,3265,3366,3336,3170,3676,3902,3789,3380,4536,5397,4988,4202,5177,8721,7127,4452,23.1177,-3.02479,8.61406,48.3227
67049,3083,3245,3362,3365,3286,3561,3915,4275,3379,3866,5254,7763,3365,3883,5927,10537,19.2638,26.2921,8.73645,48.044
67050,3688,4212,4694,4276,3716,5279,7692,5022,3712,4520,6084,4626,3436,3739,4081,3890,-3.4188,6.90872,8.94592,48.4447
67051,3416,3850,5301,7275,3437,3984,6181,8877,3312,3726,4383,4962,3145,3440,3609,3850,-11.6661,21.1987,8.89629,48.4987
67052,3115,3184,3491,3313,3268,3592,3922,3735,3742,4481,5228,4843,3800,5514,10061,7004,31.6363,9.51494,8.80849,48.1953
67053,3156,3412,3596,3605,3383,3760,4429,4584,3463,4303,6983,7114,3545,4213,6250,6563,12.8332,15.4293,8.5012,48.2393
67054,3792,4929,7978,6319,3662,4596,6844,5582,3338,3745,4172,4016,3179,3274,3540,3437,-17.3872,10.7971,8.80215,48.2687
67055,4037,3707,3474,3186,5328,4417,3720,3276,8859,6161,3981,3378,6512,5197,3864,3365,9.54287,-20.6541,8.79711,48.308
67056,3218,3238,3573,3787,3251,3542,4246,5194,3371,3860,5222,9667,3301,3681,5015,7543,11.2886,31.9265,8.88251,47.806
67057,3378,4053,5924,11854,3432,3835,4908,6694,3349,3422,3739,4029,3047,3159,3404,3452,-22.9304,33.8087,8.51442,47.786
67058,3367,3888,5483,9433,3470,3883,5107,8662,3240,3446,3977,4538,3063,3322,3278,3558,-16.3506,31.217,8.83033,47.81
67059,3264,3534,4214,5052,3418,3732,5239,8289,3261,3681,5106,7824,3196,3477,4210,4505,-1.19141,24.8732,8.63671,48.0013
67060,3195,3377,3415,3308,3482,3828,3927,3784,3904,5014,6419,4831,4038,5893,8337,5452,19.1812,5.6735,8.61159,48.136
67061,12516,6074,3804,3251,6041,4730,3765,3379,3957,3857,3403,3175,3471,3439,3361,3087,-32.8357,-27.0792,8.57637,47.54
67062,3323,3698,4621,5862,3293,3836,5574,9478,3282,3660,4707,6468,3141,3435,3912,4224,-5.43579,24.5315,8.75289,48.3427
67063,4831,7144,6099,4471,4645,6569,5758,4155,3774,4089,3946,3639,3328,3472,3359,3292,-16.3207,-2.12197,8.66711,48.3807
67064,3763,3661,3354,3204,4957,4536,3745,3303,7917,6923,4118,3535,6223,5562,3899,3395,10.2181,-17.2542,8.80286,48.0633
67065,3192,3240,3308,3326,3261,3343,3845,3868,3262,3840,4811,6457,3514,4026,5999,12309,24.9225,33.4167,8.72323,47.734
67066,5178,4921,4104,3554,6890,7330,4275,3666,5307,5273,3971,3409,3965,3934,3605,3213,-5.51807,-14.3158,8.7274,48.3967
67067,3490,3492,3105,3103,4113,3956,3610,3333,6165,5898,4057,3495,8431,7707,4422,3578,20.2048,-15.8524,8.76401,47.97
67068,12613,6032,3955,3397,6181,4875,3711,3298,3853,3814,3305,3267,3275,3280,3299,3223,-26.7789,-33.5252,8.94822,47.5853
67069,3961,6183,9899,6159,3783,4526,5272,4539,3353,3680,3785,3651,3130,3328,3372,3359,-30.0031,7.17186,8.91274,47.9867
67070,8922,7963,4476,3642,6135,5567,4095,3529,4018,4034,3593,3264,3410,3432,3322,3071,-21.7255,-16.4697,8.83523,48.3153
67071,3351,3397,3320,3104,3880,3776,3556,3221,5782,4866,3833,3481,11157,7531,4143,3422,31.8182,-20.4085,8.84314,47.88
67072,3093,3217,3370,3444,3314,3403,3892,3797,3317,3887,5085,5992,3437,4293,7450,10770,27.7517,19.7295,8.67414,47.8407
67073,3243,3643,4422,4755,3491,4010,6262,7333,3413,4027,5544,6795,3274,3678,4149,4467,-1.67316,17.6693,8.71171,48.3373
67074,3203,3378,3702,3905,3301,3670,4505,5970,3333,3894,5271,10075,3280,3838,4650,6397,7.65956,29.3689,8.787,48.248
67075,2982,3317,3467,3451,3286,3607,3882,3862,3533,4136,5157,5340,3462,4681,8945,8618,32.5982,14.595,8.67881,47.8173
67076,3461,3321,3248,3199,4028,3880,3673,3301,5596,6194,4396,3685,7141,8549,4882,3653,20.4217,-12.1389,8.96546,48.138
67077,3502,4605,8696,9158,3560,4139,5171,5427,3223,3488,3950,3866,3246,3183,3292,3486,-33.4427,15.3346,8.70261,47.9947
67078,3244,3426,3272,3238,3833,3745,3634,3334,5564,5151,4096,3491,9449,8444,4514,3560,27.6356,-16.1848,8.6485,47.9967
67079,3181,3229,3517,3717,3382,3511,4056,4515,3451,4057,5920,7801,3410,4032,6136,8241,15.138,19.6712,8.68837,48.104
67080,3180,3432,3788,3986,3311,3706,4484,5878,3313,3857,5372,9647,3328,3646,4597,6611,8.18921,27.0691,8.68724,48.0907
67081,9078,5852,3990,3395,8286,5563,3801,3436,4547,4097,3412,3259,3556,3403,3167,3143,-15.9989,-23.0334,8.93173,47.99
67082,3489,3337,3191,3128,4103,3791,3441,3233,7417,4975,3696,3289,11489,5960,3967,3458,21.2765,-28.3846,8.66108,47.976
67083,3469,3426,3293,3085,3876,3770,3634,3315,5073,5463,4292,3609,7003,9563,5378,3824,25.6531,-10.7087,8.60009,48.0487
67084,3299,3727,5242,8086,3343,3845,5349,9423,3252,3558,4106,4933,3156,3376,3569,3737,-13.0076,27.739,8.51353,48.0007
67085,6150,5089,3816,3491,8600,6522,3910,3461,5346,4752,3773,3268,3921,3792,3367,3132,-8.21596,-19.2948,8.90089,48.26
67086,3339,3441,3262,3173,3896,3712,3354,3297,5923,4634,3695,3439,12733,5859,3787,3393,32.2992,-32.2411,8.88358,47.2913
67087,3157,3113,3389,3421,3284,3485,3963,3849,3424,4040,5149,5698,3471,4252,7960,10209,28.74,18.0121,8.55552,47.9093
67088,3175,3406,3338,3208,3502,3639,3874,3679,3966,4980,5763,4623,4221,6566,9021,5404,21.848,4.15247,8.90052,48.2433
67089,3353,4024,5244,5438,3525,4207,7394,7261,3383,3896,5000,5107,3209,3489,3776,3787,-7.94179,15.0823,8.98367,48.062
67090,3285,3430,3517,3504,3377,3783,4369,4059,3837,4863,7372,5475,3792,4903,7170,5688,14.4812,8.79845,8.57464,48.2827
67091,3069,3255,3400,3422,3159,3477,3803,3917,3455,3946,4949,5772,3405,4269,7661,10754,30.2166,19.7469,8.60334,47.8087
67092,3091,3396,3524,3514,3302,3595,4128,4226,3490,4205,6369,6604,3515,4465,7256,7600,16.9524,15.6677,8.90861,48.1867
67093,3077,3257,3516,3437,3199,3537,3866,4048,3347,3859,5012,7045,3338,3978,6415,11015,22.0146,23.3105,8.72767,47.964
67094,3456,4286,7997,10233,3449,3975,5106,5956,3282,3477,3816,3963,3075,3251,3384,3364,-25.8322,18.5829,8.58572,48.0467
67095,3825,3864,3598,3302,4576,5346,4086,3630,5618,8091,4877,3740,4608,5355,4178,3638,6.62566,-8.9693,8.54418,48.2213
67096,6834,8894,5167,3781,5234,6098,4340,3678,3878,3851,3547,3299,3375,3382,3358,3195,-20.8817,-10.4937,8.81077,47.9407
67097,5541,4481,3564,3330,9359,5243,3885,3339,7014,4596,3703,3334,4258,3922,3376,3230,-4.33206,-26.2866,8.66149,48.1167
67098,3036,3330,3508,3606,3261,3501,4148,4586,3477,4025,5787,7710,3431,3987,6372,8430,16.2548,20.1599,8.80689,48.13
67099,3091,3274,3350,3410,3289,3431,3823,3886,3397,3686,4684,6088,3401,3914,5882,12515,27.5384,30.6695,8.79822,47.414
67100,3173,3404,3394,3311,3472,3732,3804,3689,3971,4749,4907,4352,4498,7638,8753,5060,31.4076,1.97086,8.5836,47.938
67101,3163,3241,3392,3329,3219,3511,3809,3964,3348,3716,4820,6025,3355,3857,6144,12434,30.3341,27.5415,8.56048,47.5513
67102,8512,7523,4451,3466,6421,5932,4138,3495,4118,3868,3584,3318,3503,3442,3256,3142,-19.4851,-16.5472,8.80818,48.1127
67103,3414,3490,3200,3088,4098,3889,3570,3242,6999,5162,3906,3479,10563,6655,3993,3375,20.9165,-22.5443,8.74186,48.082
67104,5944,4709,3713,3354,9453,5762,3897,3371,6047,4643,3703,3380,4069,3789,3496,3128,-6.41998,-22.8223,8.94472,48.3053
67105,3130,3370,3377,3207,3487,3730,3766,3481,4229,5037,4829,4037,4707,8239,8271,4816,31.5159,0.121714,8.98559,47.8087
67106,3678,4279,4561,4118,3943,5656,7365,4586,3819,4998,6035,4253,3552,3858,3982,3763,-2.7145,4.03551,8.93225,48.2973
67107,3411,3936,5996,12454,3351,3703,4641,6379,3189,3393,3799,3950,3205,3262,3432,3413,-25.9854,29.5193,8.58869,47.676
67108,8718,6756,4241,3493,7076,5787,4064,3491,4220,4010,3521,3206,3524,3427,3155,3154,-18.422,-18.5348,8.59259,47.8953
67109,3388,3377,3162,3127,4040,3856,3465,3284,7117,4959,3796,3451,11287,5959,3931,3465,21.2045,-32.8172,8.72255,47.776
67110,3463,4442,7266,9396,3513,4014,5448,6559,3266,3498,3906,4176,3083,3255,3470,3491,-20.8137,18.7624,8.53785,48.164
67111,3082,3281,3484,3539,3311,3599,4285,4474,3459,3848,5865,8161,3301,4039,5882,8456,15.2025,20.5244,8.91739,48.044
67112,3951,4273,4079,3575,4527,6810,5280,3857,4551,6797,5300,3972,3920,4268,4075,3526,0.0144982,-4.14296,8.955,48.5073
67113,6816,10262,5577,3895,4856,5249,4390,3612,3715,3808,3614,3316,3399,3480,3253,3151,-31.0548,-9.21369,8.79686,48.262
67114,6164,6707,4430,3743,6428,7345,4367,3512,4386,4499,3769,3433,3562,3550,3325,3165,-13.7527,-13.0578,8.90808,48.2567
67115,3599,4208,7596,10699,3445,3922,5101,5783,3186,3487,3810,3872,3145,3212,3465,3406,-26.4979,19.644,8.62854,47.9573
67116,3148,3294,3470,3232,3466,3664,3879,3678,3959,4659,5591,4613,4127,6371,9466,5786,24.1276,5.6119,8.71315,48.2687
67117,3347,3505,3541,3347,3637,4143,4109,3732,4295,6229,6398,4256,4278,6233,6497,4501,15.1471,0.399401,8.50996,48.032
67118,5069,7043,5302,4025,5056,7327,5308,3874,3865,4269,3812,3561,3511,3575,3406,3373,-14.6585,-5.71467,8.52681,48.2507
67119,3609,4408,6659,5779,3609,4545,7676,6105,3448,3887,4585,4249,3241,3443,3481,3552,-12.9562,11.3985,8.87109,48.184
67120,6242,8326,5041,3746,5373,6573,4547,3802,3896,3999,3773,3379,3445,3464,3169,3098,-18.1863,-9.49675,8.88193,47.9153
67121,3375,3336,3370,3193,3707,3843,3491,3348,4820,5236,4327,3611,6648,10055,5544,3897,30.3734,-9.26071,8.92654,47.8673
67122,4916,4664,3804,3306,7316,6510,4087,3466,6083,5640,3938,3308,4295,4017,3574,3268,-2.4561,-16.6879,8.82195,48.128
67123,8404,9097,4890,3642,5227,5237,4066,3545,3855,3838,3655,3358,3345,3460,3323,3084,-31.4733,-13.6351,8.67149,48.0173
67124,3564,4451,4960,4262,3860,5573,8127,5037,3674,4491,5461,4153,3480,3609,3861,3698,-6.22098,5.69139,8.96077,48.174
67125,3093,3235,3395,3486,3346,3529,3819,4002,3394,3740,4849,5982,3407,3865,6135,12326,33.7195,26.829,8.51419,47.7353
67126,4235,5366,5601,4330,4204,6799,6931,4461,3849,4404,4543,3923,3406,3510,3704,3493,-10.5961,0.699719,8.57856,48.506
67127,3336,3927,5447,9331,3372,3800,5199,8630,3246,3541,3928,4553,3160,3337,3496,3581,-15.9245,28.9377,8.68281,47.9227
67128,5275,5062,3953,3415,7167,7367,4337,3506,5247,5174,3860,3389,3922,3911,3524,3253,-6.2775,-14.9084,8.75655,48.2413
67129,3942,5737,9907,6666,3743,4409,5324,4818,3411,3614,3808,3645,3213,3327,3318,3355,-28.2178,8.76458,8.71102,48.158
67130,3552,4654,8301,8330,3458,4108,5860,5928,3232,3620,3929,4098,3105,3245,3383,3404,-21.0812,14.8717,8.83082,48.138
67131,4308,4218,3640,3278,6246,5714,3950,3423,7100,6489,4133,3435,4690,4450,3686,3291,1.63714,-16.5022,8.72999,48.034
67132,8259,9537,5088,3666,5249,5116,4247,3649,3817,3715,3499,3204,3383,3322,3262,3141,-28.6509,-12.9766,8.96591,48.1027
67133,5227,5206,3896,3533,6840,7701,4516,3587,5106,5317,3903,3393,3907,3747,3431,3306,-7.2638,-13.572,8.75362,48.4107
67134,3324,3353,3382,3065,3798,3980,3761,3590,4507,6102,5028,4003,5328,8359,6488,4268,20.7136,-3.74579,8.60312,48.224
67135,3235,3858,5137,7195,3439,3860,5716,9337,3370,3584,4378,5196,3148,3424,3552,3812,-11.2948,23.8806,8.64527,48.1607
67136,3152,3328,3435,3318,3278,3667,3812,3604,3603,4384,5378,4758,3844,5848,9970,6635,27.5204,8.52052,8.68945,48.0093
67137,4436,7082,7594,4874,4110,5562,5854,4519,3578,3815,3930,3699,3266,3318,3444,3289,-19.0484,1.465,8.77046,48.2467
67138,3184,3306,3333,3387,3182,3577,3825,3987,3462,4009,5417,5642,3517,4504,8356,8793,24.0442,15.8596,8.70004,47.654
67139,3624,3623,3228,3175,4946,4127,3656,3282,9369,5207,3815,3369,8215,5163,3992,3380,13.1834,-30.3104,8.58911,48.114
67140,3407,3901,6189,12087,3383,3764,4695,6554,3181,3511,3910,4086,3070,3248,3325,3288,-24.5777,27.1396,8.70003,47.7327
67141,3414,4043,6231,10526,3330,3813,4994,7405,3135,3477,3924,4294,2988,3259,3387,3469,-19.9385,24.4068,8.70542,47.7927
67142,3254,3766,4404,5284,3490,3767,5154,9079,3303,3759,4850,6959,3186,3484,3877,4327,-3.45971,31.2191,8.5878,47.962
67143,3860,4790,5273,4333,4002,5906,7836,4838,3724,4404,4897,4036,3464,3629,3817,3658,-8.27384,3.81605,8.83521,48.3113
67144,3461,4154,6770,8287,3493,4088,6148,7232,3282,3605,4126,4328,3046,3260,3541,3542,-17.1,18.2835,8.65349,48.242
67145,3263,3715,4671,6236,3412,3764,5541,9652,3250,3710,4496,6172,3179,3504,3867,4004,-7.01701,24.7006,8.78485,48.2907
67146,11060,7166,4185,3338,6073,5147,3948,3453,3961,3859,3463,3289,3354,3484,3152,3008,-25.1704,-21.1332,8.72122,47.96
67147,6429,9888,6012,3976,4754,5399,4412,3812,3644,3792,3733,3327,3257,3317,3341,3098,-26.3211,-7.83689,8.8968,48.1273
67148,3364,3399,3293,3243,3682,3932,3814,3521,4510,5845,5247,3986,5120,8388,6606,4366,20.8271,-3.50447,8.69841,48.2107
67149,4081,3812,3378,3230,6194,4391,3627,3290,9896,5250,3823,3372,6204,4667,3666,3337,7.3046,-28.7191,8.55723,48.1453
67150,4475,5297,4639,3712,4892,8057,5760,3889,4129,5038,4417,3695,3554,3718,3620,3471,-7.88838,-5.02784,8.95985,48.242
67151,3690,4348,6079,5332,3678,4690,7918,6103,3453,3984,4781,4381,3186,3443,3666,3610,-10.4766,10.9178,8.5025,48.228
67152,3209,3330,3461,3339,3430,3803,4035,3782,3884,4861,6234,4643,4134,6062,8532,5620,19.8374,5.79268,8.70512,48.2393
67153,3261,3556,4498,5594,3413,3763,5281,9636,3335,3695,4664,6849,3242,3476,3760,4159,-4.51828,29.216,8.6957,48.1213
67154,3405,3501,3371,3207,3835,3932,3670,3330,5217,6206,4380,3738,6550,8933,5245,3806,20.8461,-9.6131,8.69757,48.2173
67155,4681,6392,5800,4147,4475,6987,6123,4230,3791,4303,4157,3725,3440,3464,3462,3318,-13.95,-1.69922,8.52637,48.33
67156,3967,5398,7831,5397,3854,5055,6884,4963,3441,3826,4203,3908,3218,3381,3528,3485,-16.8666,6.33725,8.62805,48.226
67157,5049,4414,3764,3291,8196,5894,3925,3251,6990,5070,3830,3343,4417,4069,3591,3226,-2.5179,-21.103,8.52376,48.2133
67158,3211,3351,3527,3528,3266,3549,4079,4473,3469,3989,5793,7496,3481,4043,6541,8405,16.6323,19.1968,8.72456,48.134
67159,3266,3674,4509,5523,3429,3823,5532,9423,3234,3736,4706,6531,3297,3377,3796,4348,-4.67837,25.2738,8.7461,48.136
67160,3160,3280,3494,3423,3124,3476,3850,4044,3404,3756,4905,6901,3391,3930,5852,11703,22.3131,33.5393,8.73792,47.7953
67161,6307,8501,5193,3997,5285,6228,4500,3654,3928,4108,3648,3443,3376,3419,3368,3208,-19.5166,-9.54531,8.55129,48.1087
67162,12553,6016,3862,3401,5820,4701,3703,3431,3774,3767,3450,3289,3382,3433,3166,3226,-31.2231,-32.8952,8.75425,47.316
67163,3346,3416,3281,3215,3726,3770,3481,3351,5288,5217,4192,3620,8084,9409,5001,3656,28.3008,-12.8892,8.78863,48.0353
67164,10657,6506,4063,3439,7151,5184,3909,3344,4161,3896,3454,3289,3394,3412,3262,3124,-20.6174,-23.1513,8.62182,48.1633
67165,3401,3376,3104,3087,4098,3814,3484,3265,6192,5096,3952,3470,11259,6915,4212,3416,24.9152,-22.3954,8.57603,48.094
67166,3721,3502,3356,3192,4834,4187,3605,3197,9450,5166,3872,3374,7978,5090,3847,3393,12.8372,-33.7683,8.57718,47.8427
67167,3318,3530,3179,3154,3975,3835,3497,3216,5490,4995,3979,3531,9210,8940,4473,3477,30.6886,-15.6447,8.94571,47.866
67168,7350,5595,4011,3495,8322,6154,4075,3492,4723,4339,3531,3320,3650,3612,3410,3046,-12.7386,-20.2205,8.60839,48.0833
67169,3899,4092,3971,3633,4341,6323,5103,3963,4570,6776,5612,3980,3937,4596,4141,3639,1.83293,-3.54321,8.86416,48.384
67170,3713,5256,9833,7287,3730,4240,5580,5074,3323,3576,3983,3722,3119,3232,3341,3307,-25.0286,10.6188,8.92458,48.2107
67171,4774,5086,4084,3533,6402,7712,4559,3515,4909,5436,4038,3513,3898,3912,3610,3328,-5.86233,-12.2231,8.50645,48.206
67172,3689,4848,7264,6000,3766,4695,7535,5812,3393,3770,4228,4002,3204,3402,3559,3571,-15.0656,10.2152,8.98301,48.492
67173,3483,3990,5254,5433,3512,4329,7268,7133,3376,3840,4992,5231,3237,3600,3884,3954,-6.88663,14.7954,8.61218,48.344
67174,3568,3830,3688,3528,3886,4792,5058,3982,4401,6578,7164,4406,3978,4716,4927,4071,6.7167,0.792611,8.64984,48.382
67175,3670,4756,8880,8082,3517,4190,5663,5629,3278,3603,3990,3861,3186,3273,3390,3407,-23.2507,13.6461,8.62941,48.25
67176,8339,5444,3845,3408,9106,5537,3841,3371,4699,4152,3486,3264,3725,3660,3316,3069,-13.4762,-24.4735,8.9805,48.1747
67177,12279,6073,3966,3504,5801,4721,3776,3362,3793,3704,3416,3259,3199,3430,3288,3110,-32.0958,-33.7489,8.61376,47.1207
67178,3110,3284,3418,3415,3384,3637,4014,3944,3690,4526,6139,5546,3855,5158,8764,6718,20.5562,10.64,8.73687,48.4013
67179,4250,6383,8360,5378,3993,5082,5980,4648,3483,3858,3988,3646,3231,3384,3376,3331,-20.7647,4.28407,8.50304,48.2473
67180,4225,6181,7883,5141,4067,5349,6348,4618,3541,3828,4049,3753,3293,3414,3411,3351,-18.3387,3.78838,8.58751,48.3013
67181,8207,5251,3832,3379,9244,5172,3814,3393,4825,4137,3515,3283,3574,3514,3308,3236,-13.4423,-31.8002,8.71423,47.7893
67182,3073,3256,3339,3436,3122,3347,3826,3917,3351,3847,4792,6023,3357,3931,6365,12708,28.6473,25.5136,8.91108,47.7933
67183,3885,3704,3278,3173,5656,4380,3651,3263,9654,5291,3883,3368,6976,4822,3793,3280,9.73447,-27.6183,8.59741,48.038
67184,3586,4812,9235,8734,3542,4139,5146,5320,3256,3528,3793,3733,3115,3229,3326,3351,-29.0149,14.4028,8.96137,47.8967
67185,5222,6132,4598,3734,5793,8169,4784,3757,4178,4795,3979,3440,3569,3552,3465,3213,-10.9448,-9.35162,8.86004,48.2533
67186,3413,3318,3126,3208,3881,3880,3559,3200,5543,5086,3917,3494,9877,8398,4378,3550,28.6761,-16.9812,8.81042,47.8853
67187,7860,5203,3829,3317,9241,5470,3844,3403,4845,4044,3500,3308,3684,3624,3397,3164,-12.8622,-27.0482,8.50622,47.822
67188,3025,3245,3280,3340,3238,3540,3842,3942,3492,4181,5268,5609,3640,4624,8658,9187,26.1769,15.6962,8.7775,48.074
67189,4733,4693,3854,3465,6657,7052,4210,3508,5800,5786,4040,3465,4021,3995,3526,3232,-3.48052,-14.4461,8.75927,48.0247
67190,3396,4235,7776,11122,3437,3810,5015,5691,3250,3489,3796,3772,2999,3227,3406,3287,-29.1986,19.3828,8.98003,47.8053
67191,3839,5062,7150,5365,3776,5043,7324,5262,3451,3897,4199,3940,3202,3435,3565,3474,-14.8717,7.98537,8.87678,47.9893
67192,3152,3277,3393,3427,3434,3789,3995,3674,3768,5153,6282,4459,4335,6568,8410,5244,20.1555,3.81865,8.93289,48.24
67193,3860,4960,6293,4849,3882,5375,7762,5143,3616,3990,4700,4051,3267,3401,3593,3555,-11.5441,6.27011,8.8189,48.198
67194,4009,3834,3539,3274,5267,5021,3864,3313,7749,7100,4054,3415,5471,5102,3802,3454,7.01725,-16.5276,8.76856,48.1787
67195,4447,3947,3558,3249,7438,4714,3695,3286,9204,5156,3725,3335,5223,4321,3635,3408,2.68013,-31.9759,8.97802,48.2273
67196,5887,8610,5548,3879,5054,6472,4838,3850,3818,4073,3781,3271,3281,3419,3333,3285,-19.0173,-7.80087,8.98003,48.266
67197,4596,7862,8825,4934,4036,5010,5075,4364,3538,3802,3739,3499,3193,3375,3274,3350,-33.2671,1.43334,8.87143,48.3147
67198,2997,3151,3395,3371,3230,3484,3787,3934,3396,3724,4640,6155,3413,3968,6077,12679,28.1735,29.5142,8.6574,47.6007
67199,3291,3485,3273,3161,3767,3815,3660,3349,5000,5758,4430,3670,6664,9509,5457,3889,24.0987,-9.39663,8.73124,48.1187
67200,4236,5687,6592,4624,4114,5936,7281,4629,3582,3879,4322,3790,3367,3477,3579,3396,-14.0388,3.03898,8.83589,48.3273
67201,3288,3689,4411,5179,3385,3749,5850,8586,3418,3778,5170,6815,3307,3610,4082,4333,-2.95968,21.8456,8.7327,48.4333
67202,3463,4064,6998,9850,3373,3856,5295,6944,3219,3488,3858,4234,2996,3199,3502,3409,-20.4105,20.4166,8.55315,47.832
67203,3383,3410,3289,3104,3949,3815,3455,3199,6553,4907,3814,3309,11985,6017,3939,3361,24.604,-33.7996,8.50041,47.6593
67204,3165,3177,3347,3305,3292,3499,3821,3930,3340,3820,4767,6290,3363,3930,5907,12203,25.7591,32.0474,8.63831,47.4373
67205,3378,3373,3126,3140,3922,3729,3443,3237,6125,4797,3808,3329,12017,6592,3995,3391,28.0095,-24.4502,8.63688,47.6013
67206,4922,5211,4114,3506,6182,8073,4559,3640,4734,5318,3938,3563,3785,3799,3598,3366,-6.76432,-11.5371,8.92045,48.2053
67207,5008,6465,4718,3710,5373,7972,5174,3862,3976,4604,3997,3555,3509,3621,3463,3254,-11.7277,-7.47718,8.79795,48.174
67208,4217,6452,8433,5347,4067,5193,6097,4530,3547,3787,4003,3715,3168,3418,3375,3463,-20.3514,4.04973,8.87567,48.5413
67209,3806,3616,3339,3158,5387,4428,3703,3465,9296,5880,3864,3389,6679,4998,3828,3405,9.65048,-22.2421,8.86682,48.1607
67210,3385,3911,5043,8489,3362,3758,5224,9499,3193,3482,4087,4865,3216,3321,3430,3715,-13.3104,30.6914,8.85131,47.9867
67211,3860,4557,5307,4405,3906,5634,8100,5009,3683,4296,5088,4172,3433,3591,3798,3688,-8.10572,5.11922,8.66526,48.3513
67212,3778,3963,3853,3536,4197,5601,5168,3909,4500,6886,6180,4106,4034,4566,4304,3897,3.16508,-1.71388,8.91173,48.3187
67213,3733,5308,9668,7288,3621,4319,5438,5023,3220,3621,3788,3876,3115,3278,3308,3203,-25.9085,10.5085,8.76673,47.8713
67214,3494,3330,3223,3146,4069,3794,3527,3248,6646,4895,3703,3497,11733,6387,3957,3447,24.2347,-25.6084,8.51887,48.064
67215,3072,3215,3520,3400,3283,3577,4002,4151,3496,4083,5736,6934,3423,4254,7057,8847,18.788,18.4602,8.95563,48.0333
67216,3295,4027,6030,11576,3303,3707,5003,7185,3264,3437,3818,4177,3082,3221,3430,3414,-21.5018,26.4556,8.94594,47.9793
67217,5817,4648,3764,3273,9635,5246,3725,3329,6217,4571,3819,3395,3986,3915,3609,3186,-6.2053,-33.9772,8.50682,48.09
67218,3207,3341,3310,3333,3418,3658,3912,3597,3819,4626,5315,4519,4147,6616,9886,5813,27.3972,5.29015,8.98098,48.3447
67219,5884,4544,3658,3359,9859,5193,3862,3436,6162,4609,3650,3315,3955,3849,3426,3141,-6.22154,-32.9569,8.63562,47.9347
67220,3198,3380,3610,3789,3271,3700,4362,4858,3476,4058,6316,8399,3364,4000,5625,6585,11.071,19.2085,8.66882,47.994
67221,11089,7532,4237,3476,5723,4963,3930,3397,3855,3848,3435,3221,3315,3432,3192,3089,-28.2555,-19.8671,8.64998,47.8227
67222,3245,3205,3438,3383,3257,3665,3807,3602,3681,4170,5257,5128,3721,5071,9637,7935,30.1269,12.4205,8.64321,48.1347
67223,3394,3912,5668,8631,3329,3838,5624,8563,3362,3582,4032,4756,3025,3350,3469,3639,-15.103,22.713,8.68387,48.116
67224,3244,3363,3377,3371,3388,3474,3869,3814,3531,4045,5114,5438,3603,4668,9015,8587,33.032,14.5308,8.73096,47.934
67225,3381,3752,4700,6146,3446,3912,5428,9524,3413,3709,4475,5970,3065,3451,3726,3940,-7.41517,25.3235,8.64005,48.0253
67226,3905,5889,9546,6237,3873,4542,5737,4807,3449,3596,3870,3673,3171,3322,3409,3171,-23.0681,7.40626,8.97038,48.1313
67227,3394,3807,4313,4090,3787,4632,6771,4704,3708,5008,7224,4937,3504,3929,4457,4163,1.07184,7.56016,8.99044,48.2853
67228,3793,4293,4310,3815,4310,6514,6145,4108,4238,5831,5517,4114,3634,3990,4081,3712,-1.7852,-0.764512,8.90417,48.27
67229,4621,7919,8378,4969,4129,4893,5126,4117,3539,3713,3783,3572,3193,3272,3303,3312,-28.0316,0.532985,8.64615,47.8927
67230,3126,3266,3334,3410,3233,3485,3890,3785,3334,3698,4773,5944,3409,3853,5980,12579,29.033,31.4948,8.8614,47.3993
67231,3865,4861,6171,4827,4093,5403,7833,5220,3538,4175,4625,4022,3261,3534,3643,3460,-11.7723,5.86553,8.58918,48.354
67232,3185,3199,3336,3422,3253,3485,3798,3860,3349,3844,4958,6078,3332,4074,7186,11738,27.2045,22.1946,8.85196,48.0647
67233,3602,3706,3376,3198,5129,4194,3710,3323,9043,5919,3943,3364,7202,5286,3848,3326,10.994,-21.8147,8.75328,48.1127
67234,3470,3458,3224,3062,4365,4020,3587,3265,7784,5162,3771,3346,10370,6107,3910,3380,18.6145,-25.1835,8.66398,48.1873
67235,3302,3727,4260,4168,3552,4218,6090,5470,3545,4363,7147,6220,3510,3812,4554,4495,2.53082,13.1301,8.57041,48.2887
67236,3054,3274,3487,3600,3319,3390,4088,4804,3307,3895,5801,8788,3351,4068,5857,8408,14.6266,22.5937,8.91009,48.3273
67237,3132,3182,3427,3478,3226,3535,4079,4568,3469,3957,5284,8352,3412,3878,5709,9428,16.6039,25.8859,8.69739,48.0773
67238,3174,3340,3813,4100,3230,3708,4496,6394,3441,3805,5325,9830,3394,3654,4671,5986,5.91782,26.9769,8.72766,48.2407
67239,12322,6577,3855,3384,6141,4881,3716,3296,3883,3717,3439,3240,3361,3462,3218,3082,-30.376,-24.859,8.99166,47.716
67240,10794,6894,4186,3473,6450,5156,3825,3438,4024,3809,3527,3173,3436,3395,3322,3129,-22.9618,-21.2504,8.69065,48.0207
67241,3467,3531,3440,3325,4002,4659,4068,3582,5205,8091,5360,3856,5068,6436,4874,3763,11.601,-6.43127,8.80816,48.4847
67242,3281,3411,3600,3398,3589,4163,4421,3931,4084,6109,7290,4511,4121,5485,6253,4665,13.1289,2.55964,8.64711,48.208
67243,4544,7101,7141,4604,4238,5953,5982,4316,3741,3979,3953,3637,3355,3441,3440,3362,-18.167,0.365032,8.91424,48.5247
67244,3191,3156,3608,3769,3337,3501,4286,5178,3310,3808,5252,9540,3293,3701,4983,7730,11.5412,30.5569,8.78965,47.762
67245,4132,4340,3936,3448,5027,7188,4924,3680,4914,6688,4741,3701,3987,4241,3844,3499,-0.982751,-7.45494,8.60239,48.1933
67246,7781,5312,3785,3479,9284,5589,3775,3365,4929,4117,3498,3282,3682,3628,3318,3189,-12.2674,-25.3197,8.5328,48.0087
67247,3208,3222,3375,3383,3284,3513,3855,3785,3552,4202,5216,5232,3563,4886,9283,8071,33.2714,12.9408,8.80396,47.7533
67248,5307,8943,7265,4483,4373,5252,4749,3929,3549,3845,3799,3506,3168,3375,3294,3119,-26.0387,-2.86395,8.52596,47.9707
67249,5903,4842,3776,3368,8455,6382,3956,3510,5768,4757,3737,3335,4037,3850,3419,3141,-6.97266,-19.8001,8.61788,48.1573
67250,5650,8399,5515,3990,4995,6488,4826,3838,3920,4038,3716,3511,3312,3443,3407,3310,-19.0459,-6.88306,8.56532,48.2387
67251,3488,3434,3382,3364,3860,4340,4139,3659,4679,7249,5966,4022,4623,6376,5454,4137,12.9051,-3.13024,8.63198,48.1147
67252,3720,4971,9428,7614,3564,4246,5529,5197,3320,3554,3838,3907,3031,3301,3482,3401,-24.8769,12.1573,8.54363,48.0687
67253,3115,3291,3530,3503,3250,3581,3850,4429,3454,3772,5195,8253,3305,3948,5586,9775,16.8543,32.8898,8.93363,47.8913
67254,3399,4184,7006,8963,3466,4101,5668,7050,3357,3638,4075,4254,3189,3175,3506,3487,-18.4697,19.2536,8.55224,48.3453
67255,5244,4290,3572,3258,8835,5256,3674,3344,7426,4778,3620,3387,4431,4033,3433,3190,-2.39548,-26.8163,8.67177,47.8473
67256,3625,5033,9572,7697,3681,4108,5317,5014,3358,3493,3831,3866,3110,3250,3529,3470,-31.1404,11.978,8.67935,47.9693
67257,9414,6088,3925,3490,7829,5552,3961,3380,4448,3994,3527,3301,3511,3367,3256,3045,-17.6768,-22.4804,8.62273,48.0587
67258,3247,3729,4647,6154,3350,3686,5288,9763,3303,3652,4559,6225,3220,3399,3806,4025,-7.12401,27.387,8.75894,48.0353
67259,3373,3937,6996,11406,3376,3830,5123,5945,3224,3503,3818,3975,3157,3340,3429,3357,-33.8592,21.7777,8.50043,47.8593
67260,3913,3750,3442,3126,5532,4538,3680,3418,8830,6427,4024,3437,5967,5085,3927,3457,8.27955,-19.3576,8.86253,48.3687
67261,3687,4628,8509,8726,3547,4087,5437,5713,3312,3598,3903,3912,3111,3295,3493,3370,-23.8647,15.2699,8.59341,48.2187
67262,3687,3581,3295,3229,4967,4242,3639,3202,9236,5337,3828,3408,7897,5161,3873,3401,12.6748,-27.7088,8.57156,47.9887
67263,3344,3427,3366,3169,3750,4010,3866,3514,4761,6453,4841,3892,5593,8545,5818,4061,19.3025,-6.61705,8.8686,48.2733
67264,3439,3361,3212,3110,3964,3742,3450,3223,5898,4922,3828,3254,11883,6806,4020,3316,33.4492,-22.4023,8.94489,47.6187
67265,3338,3299,3183,3180,3927,3601,3405,3207,6263,4567,3736,3420,12903,5920,3859,3411,28.0742,-30.1775,8.98057,47.4793
67266,3197,3352,3373,3270,3467,3606,3868,3767,3833,4411,5452,4746,3969,6132,9734,6067,25.5583,6.77095,8.85653,48.1627
67267,3342,3408,3267,3059,3691,3818,3606,3378,4738,5314,4331,3603,6590,9989,5764,3888,30.2663,-8.54985,8.73122,47.8573
67268,3197,3364,3315,3284,3470,3715,3820,3485,4125,4934,4813,4117,4966,8616,7785,4647,32.5206,-0.972801,8.9533,47.7687
67269,3497,4260,7668,10408,3462,3870,5021,5645,3274,3560,3767,3904,3174,3278,3461,3491,-32.7254,18.7259,8.53627,47.8267
67270,3670,4910,9229,8643,3593,4038,5263,5313,3213,3558,3798,3837,3167,3340,3379,3295,-27.515,13.8101,8.92136,48.164
67271,5356,4249,3674,3304,9022,5267,3729,3325,7155,4799,3772,3253,4432,4080,3438,3163,-3.40813,-27.2185,8.57505,48.012
67272,3422,3874,5719,10503,3399,3774,5091,7739,3162,3427,3928,4300,3119,3277,3456,3359,-18.984,30.8846,8.79605,47.6993
67273,3924,5324,6982,5068,4009,5418,7312,4972,3545,3870,4352,3912,3172,3394,3573,3467,-14.6554,5.93572,8.58638,48.196
67274,3997,5865,7967,5257,3940,5229,6492,4804,3487,3861,4095,3869,3273,3350,3511,3283,-17.7341,5.41491,8.8012,48.1867
67275,3135,3236,3415,3366,3131,3491,3750,3920,3322,3923,4720,6024,3396,3940,6282,12592,29.3496,26.302,8.72851,47.762
67276,3260,3613,4567,5557,3421,3814,5051,9600,3294,3707,4624,6730,3163,3378,3933,4186,-4.64198,33.0413,8.68212,47.932
67277,3230,3786,4810,6464,3338,3733,5511,9803,3223,3615,4455,5774,3289,3453,3698,3962,-8.17953,25.4306,8.6636,48.096
67278,3125,3285,3530,3536,3305,3590,4048,4657,3427,3862,5170,8602,3356,3847,5392,9461,15.7857,28.1325,8.5557,48.1287
67279,11132,5867,4031,3386,7343,4938,3854,3503,4267,3899,3407,3324,3346,3433,3316,3076,-20.7618,-30.2861,8.68676,48.0813
67280,3201,3275,3437,3479,3246,3466,3878,4311,3402,3874,5046,7891,3338,3963,5607,10611,18.7015,32.5535,8.70478,48.0167
67281,3600,3633,3298,3218,4566,4324,3694,3336,7792,6247,4094,3509,7439,5998,4068,3496,13.9119,-18.8281,8.50111,48.208
67282,8463,6603,4184,3493,7217,5880,4080,3503,4335,4222,3720,3323,3557,3478,3283,3084,-17.0663,-18.7823,8.60276,48.2833
67283,3865,5128,9058,7027,3766,4380,6024,5257,3300,3654,3816,3881,3061,3283,3388,3365,-21.6611,10.9657,8.79072,48.1687
67284,3161,3617,4266,4433,3396,3901,5601,6895,3320,3934,6038,7478,3241,3735,4462,4800,1.75537,18.6649,8.75976,48.1853
67285,3991,4551,4632,4004,4262,6446,6953,4434,3833,5093,5310,4113,3495,3848,3866,3571,-4.70002,1.0175,8.62416,48.268
67286,4512,3934,3509,3223,6928,5129,3714,3515,8205,5774,3960,3294,5147,4485,3677,3344,2.83898,-21.1114,8.58601,48.2333
67287,3197,3258,3444,3412,3156,3362,3801,3952,3348,3862,4735,5888,3280,3993,6688,12177,32.1451,23.7814,8.88165,47.702
67288,7778,9486,5191,3668,5135,5337,4163,3608,3884,3751,3654,3304,3345,3391,3203,3125,-31.335,-12.0044,8.62135,48.0153
67289,3142,3209,3281,3337,3142,3421,3841,3937,3326,3845,4878,5886,3388,4101,6849,11950,31.7632,22.781,8.97772,47.6887
67290,3346,3329,3291,3151,3953,3994,3809,3345,5189,6287,4600,3817,6241,8494,5297,3773,19.703,-9.06825,8.56472,47.944
67291,3639,4900,9099,8167,3522,4019,5705,5545,3328,3451,3887,3929,3115,3281,3340,3283,-23.2955,13.5637,8.86161,48.14
67292,3346,3847,4885,5562,3515,4046,6459,8281,3358,3780,4899,5756,3142,3469,3882,4057,-6.25007,18.8482,8.55259,48.1893
67293,3703,3866,3820,3298,4448,5638,4419,3693,5039,8020,5402,3904,4287,4914,4335,3717,5.38307,-5.89049,8.93376,48.3353
67294,4697,8119,8667,4920,4138,4928,4982,4322,3504,3595,3738,3728,3240,3366,3248,3217,-27.8888,0.656758,8.98665,48.2727
67295,3901,4630,5442,4358,3873,5899,7790,4933,3653,4255,4986,4128,3387,3729,3735,3584,-8.30352,4.4821,8.50586,48.1887
67296,11237,7162,4186,3350,5942,4959,3889,3410,3988,3894,3464,3165,3438,3344,3239,2995,-27.4949,-21.5487,8.55656,47.7747
67297,3595,4576,6946,5625,3616,4622,7740,5866,3457,3726,4347,4221,3315,3305,3498,3568,-13.7107,10.3816,8.81969,48.0153
67298,4069,4909,4704,3904,4480,7330,6414,4163,4096,5011,4784,3897,3510,3807,3651,3508,-6.57105,-2.1112,8.63481,48.158
67299,3370,3387,3212,3104,4021,3751,3485,3276,6819,4908,3740,3440,11863,6051,3944,3423,23.4217,-30.7833,8.78848,47.8627
67300,3828,4861,6490,5199,3687,5046,7754,5514,3554,3977,4568,4209,3196,3539,3602,3509,-12.3312,7.8558,8.53806,48.3553
67301,3398,3336,3152,3221,3917,3650,3483,3225,6561,4858,3830,3412,12391,6028,4054,3466,24.3543,-30.7054,8.75254,47.988
67302,9014,8751,4552,3485,5445,5369,3978,3447,3930,3822,3489,3275,3359,3442,3219,3194,-32.6269,-15.3781,8.54125,47.8473
67303,3156,3436,3737,3781,3386,3696,4709,5252,3609,4160,6731,8168,3353,3853,5148,5905,8.58425,18.0589,8.72525,48.0533
67304,3199,3371,3335,3274,3476,3914,3786,3602,4438,5508,5114,4008,5001,8426,7264,4377,22.4804,-2.10997,8.56184,48.062
67305,3141,3402,3216,3197,3846,3854,3706,3475,4703,5728,4849,3997,5624,8919,6434,4236,22.9737,-4.84489,8.51261,48.218
67306,10919,5611,3963,3437,7597,5118,3677,3418,4221,3992,3416,3219,3395,3405,3203,3201,-19.3088,-32.7345,8.82928,47.8613
67307,3289,3747,4716,5316,3477,4008,6180,8146,3366,3883,5045,6023,3257,3445,3980,4084,-4.83068,19.1233,8.6315,47.9747
67308,6252,9766,5816,4039,4759,5215,4373,3832,3698,3739,3651,3393,3359,3496,3270,3193,-32.8477,-7.85183,8.62188,47.9007
67309,3356,3983,6053,12659,3467,3755,4807,6241,3247,3424,3676,3960,3117,3245,3311,3461,-27.6332,27.3256,8.74765,47.8413
67310,5179,4303,3619,3109,9108,5126,3691,3313,7447,4952,3772,3381,4419,4033,3499,3198,-2.39364,-26.9396,8.89088,48.0993
67311,3186,3247,3336,3407,3229,3445,3665,4022,3508,3720,4705,6026,3407,3885,6046,12636,30.3431,29.9631,8.53379,47.6467
67312,4252,3965,3482,3209,6780,4623,3642,3340,9585,5291,3821,3312,5689,4522,3624,3208,4.87623,-30.7371,8.55458,48.23
67313,3611,3657,3339,3150,4825,4272,3563,3291,8258,6166,3979,3429,7505,5775,4042,3437,12.7821,-20.0419,8.59723,48.1993
67314,3439,3461,3213,3186,4094,3970,3569,3230,7753,5153,3811,3332,10741,5677,4002,3380,19.5001,-33.7282,8.9921,48.0073
67315,3630,4752,9196,8264,3476,4246,5173,5382,3273,3584,3754,3881,3203,3285,3376,3372,-32.5772,13.67,8.82657,47.898
67316,4030,3907,3376,3130,5798,4565,3782,3377,9234,6046,3961,3441,6014,4791,3659,3370,7.42767,-22.1392,8.75036,48.3207
67317,4850,4231,3469,3338,8316,4945,3782,3253,8133,4840,3887,3275,4804,4278,3563,3343,0.104315,-32.9774,8.55138,48.2047
67318,3472,4216,6962,11456,3443,3874,4989,5915,3141,3486,3881,3942,3117,3298,3434,3357,-33.1386,21.5368,8.56555,47.9887
67319,10448,7930,4304,3509,5733,5235,3921,3508,3861,3694,3512,3227,3457,3332,3277,3155,-26.902,-18.3051,8.86486,48.0687
67320,3022,3178,3420,3333,3241,3377,3715,3967,3480,3837,5059,6195,3353,4098,6806,11920,27.9127,23.4667,8.62628,48.0007
67321,3072,3219,3421,3377,3214,3440,3890,4062,3408,3837,5081,6939,3502,3999,6375,11122,21.6345,23.8343,8.82622,47.972
67322,4854,8486,7422,4474,4214,5545,5254,4213,3558,3932,3704,3498,3303,3366,3331,3222,-22.5978,-1.53737,8.65886,48.2507
67323,3129,3230,3462,3443,3351,3588,3949,4157,3406,3705,5045,7831,3478,3879,5710,10569,18.914,31.7271,8.71174,47.9547
67324,3154,3282,3394,3266,3415,3723,3793,3717,3679,4384,5203,4843,3992,5721,9868,6700,29.724,8.62317,8.5553,48.0893
67325,3911,3743,3350,3201,5896,4640,3639,3272,9096,5969,4022,3341,6046,4858,3720,3330,7.16364,-21.9692,8.85377,48.0227
67326,3451,3890,4479,4203,3672,4602,6988,5339,3532,4380,6837,5119,3452,3830,4300,4147,-0.374731,9.91456,8.62853,48.1473
67327,4229,4814,4105,3631,5242,7741,4989,3683,4779,5930,4388,3682,3790,3985,3706,3364,-3.86638,-7.86629,8.76392,48.0387
67328,3842,3666,3303,3068,5576,4316,3540,3329,10017,5405,3759,3416,7055,4803,3665,3381,9.4959,-28.6462,8.85074,48.094
67329,4834,8184,8101,4760,4178,5305,5091,4138,3507,3767,3811,3591,3161,3396,3361,3153,-24.8613,-0.0680717,8.93305,48.2253
67330,3156,3293,3544,3313,3467,3683,3688,3601,3954,4792,5095,4347,4406,7173,9233,5351,32.0313,3.2577,8.74817,48.064
67331,3189,3456,3913,4058,3245,3600,4813,6336,3391,3810,5692,9198,3255,3725,4692,5755,5.88271,23.1881,8.62386,48.0853
67332,3177,3299,3292,3113,3564,3609,3632,3539,4110,4920,5031,4287,4716,8223,8437,4841,30.3548,0.0517167,8.89782,47.86
67333,3538,3654,3311,3117,4000,4294,3742,3407,5433,7183,4860,3767,5643,7583,5007,3712,15.8029,-8.87251,8.86307,48.1673
67334,3328,3316,3302,3126,3897,3662,3492,3229,5445,5167,4037,3611,9263,9034,4533,3564,29.1148,-15.3408,8.94254,48.004
67335,6254,7356,4705,3701,6045,7097,4489,3741,4096,4404,3821,3433,3513,3449,3321,3145,-15.5987,-11.3634,8.79077,48.38
67336,3289,3700,4613,5551,3364,3914,5604,8885,3389,3673,4891,6329,3152,3555,3990,4176,-4.68786,22.7712,8.64996,48.05
67337,3574,4554,6499,5654,3644,4629,7757,6291,3327,3867,4411,4417,3233,3432,3571,3505,-12.374,11.4658,8.94192,48.2433
67338,3380,3561,3460,3218,3895,4231,3707,3478,5069,7202,5028,3818,5255,7516,5368,3989,15.6629,-6.64636,8.89619,48.1167
67339,3581,3568,3349,3152,4272,4221,3646,3346,6855,6805,4304,3584,6974,6677,4416,3553,14.6668,-15.0888,8.81297,48.202
67340,3360,3454,3221,3060,4002,3996,3417,3254,6254,5122,3871,3426,10998,7368,4261,3348,24.6394,-20.6708,8.94854,48.2747
67341,3081,3253,3414,3462,3211,3504,3791,3950,3396,3723,4851,6848,3362,3873,5936,11706,23.4207,30.462,8.74231,47.574
67342,3928,3884,3548,3248,4933,5535,4182,3482,6314,7823,4578,3627,4742,5022,4027,3486,5.91504,-12.0671,8.7804,48.2393
67343,3430,3338,3328,3211,3863,3659,3374,3213,6030,4663,3752,3370,12798,5958,3778,3462,30.1041,-30.6373,8.88155,47.4847
67344,6304,5296,3805,3340,8734,6425,4072,3423,5205,4573,3799,3199,3715,3716,3330,3198,-9.28377,-19.4817,8.94223,48.0893
67345,5153,7187,5091,3824,5140,7338,5148,3837,4002,4363,4004,3499,3536,3590,3399,3139,-14.6238,-6.93657,8.61859,48.1667
67346,6342,8367,4995,3860,5440,6622,4636,3736,3951,4041,3670,3323,3440,3543,3299,3229,-18.3844,-9.78514,8.54458,48.3293
67347,3300,3716,4903,6874,3363,3953,5514,9723,3235,3637,4420,5559,3137,3430,3583,3900,-9.34026,24.7789,8.66233,48.1647
67348,3315,4023,6051,10386,3276,3792,5177,7689,3126,3444,4072,4219,3103,3261,3369,3556,-19.4062,24.6313,8.66972,47.906
67349,3172,3254,3421,3433,3269,3456,3798,3767,3338,3830,4758,5912,3331,3959,6650,11950,31.4464,23.6898,8.84318,47.532
67350,3306,3342,3302,3298,3475,3979,3862,3587,4264,5781,6011,4288,4626,7000,7340,4747,18.7123,0.660375,8.86439,48.1387
67351,3344,3337,3258,3060,4022,3847,3412,3179,6342,4741,3925,3415,12314,6292,3880,3362,26.1115,-25.7502,8.86847,47.82
67352,3620,3624,3471,3212,4376,4653,3874,3430,6107,8002,4785,3608,5340,6131,4310,3634,10.7525,-10.9696,8.84781,48.118
67353,3520,3526,3370,3105,4173,4195,3890,3363,6023,6840,4417,3541,6723,7460,4558,3727,16.6034,-12.9322,8.92579,48.2873
67354,4178,4454,3984,3475,5035,7609,4952,3714,4808,6340,4551,3563,3991,4109,3850,3367,-1.97187,-7.09724,8.88874,47.9867
67355,8698,5377,3980,3337,8832,5455,3966,3413,4789,4049,3533,3249,3582,3457,3286,3034,-14.4263,-25.8624,8.55871,48.0247
67356,3429,3496,3303,3067,4211,4122,3659,3325,6294,6022,4184,3526,7865,7589,4533,3573,18.299,-15.1519,8.5895,48.132
67357,3170,3308,3577,3500,3320,3813,4257,4225,3552,4231,6671,6403,3635,4564,7064,6811,16.3302,14.0545,8.81348,48.0673
67358,3691,3710,3538,3113,4184,4672,4015,3599,5358,8072,5289,3833,5009,6163,4640,3662,11.0788,-7.86902,8.61261,48.3653
67359,3369,4036,6316,8388,3430,3972,5841,7887,3370,3565,4208,4390,3036,3260,3530,3511,-16.1763,20.2408,8.72958,48.0727
67360,3379,3799,4824,5321,3509,4150,7030,7798,3339,3806,5210,5704,3235,3406,3959,3994,-5.7991,17.0539,8.9974,48.3087
67361,4299,6565,8477,5212,3909,5154,6023,4616,3518,3712,3903,3722,3153,3549,3390,3260,-20.4022,3.74565,8.84888,48.308
67362,4635,4135,3434,3220,7818,4765,3762,3355,8841,4950,3745,3285,5043,4269,3652,3290,1.50376,-30.2621,8.87394,48.1327
67363,3096,3261,3754,3787,3251,3598,4392,5304,3381,3874,5656,9600,3275,3846,5194,7249,10.7231,24.3412,8.88927,48.3453
67364,3240,3436,3414,3235,3574,3825,3633,3411,4593,5132,4545,3924,5772,9712,6613,4198,31.4938,-5.27925,8.7313,48.1713
67365,6294,4643,3651,3292,9928,5093,3811,3329,6201,4400,3644,3322,4044,3920,3494,3122,-6.85582,-29.3218,8.66819,48.1253
67366,3338,3643,3900,3849,3683,4502,5846,4580,3851,5181,7861,5164,3612,4206,4913,4285,4.2713,6.95453,8.73928,48.276
67367,3458,3333,3266,3179,4038,3799,3484,3269,6917,4905,3878,3393,11657,5872,4037,3361,21.9396,-33.5934,8.97659,47.8973
67368,5869,7081,4688,3704,5820,7540,4781,3704,4132,4236,3717,3476,3548,3447,3393,3223,-14.064,-10.193,8.9254,48.2393
67369,3407,3370,3372,3103,3961,3802,3385,3140,6095,4671,3773,3443,12583,6143,3865,3269,32.709,-26.9965,8.80561,47.588
67370,3113,3323,3372,3416,3326,3424,3870,3891,3361,3786,4784,6285,3329,3850,6022,12634,25.9281,29.5581,8.90871,47.8573
67371,3106,3274,3387,3419,3286,3631,3870,3747,3591,4382,5135,4952,3790,5440,9645,6993,27.7403,10.0791,8.61632,47.7653
67372,3720,5229,9552,7192,3679,4374,5732,5038,3310,3602,3775,3854,3171,3295,3309,3248,-24.544,10.5401,8.79296,48.0533
67373,11570,6883,4047,3412,6109,4936,3957,3421,3936,3809,3448,3188,3422,3384,3302,3166,-28.0895,-22.0449,8.65048,47.9933
67374,3240,3611,4073,4637,3276,3852,4860,7687,3330,3748,5054,8914,3163,3554,4308,5121,1.45088,27.6383,8.84539,48.2853
67375,11173,7256,4152,3373,5765,5038,3917,3353,3908,3783,3461,3248,3438,3392,3303,3263,-32.4019,-20.4687,8.8497,47.882
67376,3151,3332,3628,3638,3446,3806,4779,4587,3498,4446,7523,6912,3497,4226,6027,5935,10.7017,13.8474,8.72837,48.2873
67377,8858,6003,3811,3362,8364,5581,3944,3312,4544,4079,3583,3152,3627,3451,3372,3082,-16.0647,-22.3905,8.82765,48.0833
67378,4075,3962,3411,3104,6409,4606,3721,3244,9683,5129,3764,3413,5697,4658,3639,3258,5.23021,-32.6181,8.82777,47.8487
67379,3404,3439,3279,3049,4190,3892,3406,3224,7412,4880,3842,3302,10988,5972,3937,3417,20.8224,-26.5792,8.59682,47.7553
67380,3340,4037,4750,4622,3594,4272,7376,6356,3425,4040,5849,5315,3358,3609,4131,4024,-3.72006,12.8243,8.64457,48.0653
67381,3485,3585,3874,3639,3646,4486,5262,4112,4003,5895,7728,4769,3807,4495,5036,4290,6.91778,4.03571,8.75626,48.0747
67382,3453,3983,5970,6876,3432,4193,6710,7825,3283,3652,4371,4731,3038,3332,3678,3720,-12.7357,17.6275,8.79687,48.1647
67383,3730,3619,3304,3226,4789,4293,3728,3285,8226,5751,4009,3453,7768,5501,4053,3454,13.7341,-20.7833,8.56975,48.126
67384,3996,4628,4338,3777,4513,7149,5984,4018,4252,5630,5250,3979,3769,3978,3815,3613,-3.46458,-2.66035,8.94866,48.4593
67385,3265,3353,3313,3329,3455,3788,3774,3510,4054,4779,4928,4225,4577,7789,8758,5176,30.378,1.69619,8.76208,48.0487
67386,3547,3385,3274,3107,4289,3953,3621,3270,7617,5465,3911,3461,9894,6236,3966,3364,18.2064,-22.4055,8.80507,48.24
67387,3244,3477,3292,3172,3829,3853,3700,3397,4923,5491,4403,3801,6556,9596,5745,3928,25.5382,-8.42217,8.60841,48.2713
67388,3378,4079,6334,10768,3434,3770,5177,7182,3227,3434,4030,4258,2927,3176,3435,3500,-20.3628,23.7225,8.90399,48.0727
67389,3404,4014,5071,4722,3604,4586,8013,6189,3464,4111,5658,4882,3215,3616,3896,3888,-5.39755,11.5248,8.84397,48.222
67390,3439,3537,3160,3096,4228,4056,3518,3242,7616,5463,3970,3366,9650,6503,3951,3404,18.3551,-21.6598,8.97367,48.1327
67391,3270,3594,4492,5397,3479,3760,5243,9066,3271,3695,4852,7143,3225,3385,3983,4352,-3.2277,26.2822,8.61092,48.138
67392,8983,8689,4746,3635,5596,5279,4064,3478,3896,3803,3565,3374,3339,3525,3181,3013,-25.0232,-15.1278,8.55617,48.1107
67393,12344,6063,4047,3379,6668,4741,3710,3426,4106,3687,3417,3322,3398,3334,3202,2992,-24.4443,-28.8709,8.88792,47.8907
67394,3804,3993,3881,3489,4364,5997,4722,3799,4658,7424,5485,3684,4024,4626,4271,3683,3.09119,-4.7219,8.53419,47.936
67395,11996,5888,3961,3384,6873,4866,3787,3304,3985,3832,3487,3190,3445,3326,3197,3256,-23.5064,-32.4848,8.94217,47.8513
67396,3104,3102,3440,3403,3290,3480,4020,4310,3404,3776,5102,7848,3450,3907,5675,10597,18.7388,29.9637,8.79937,47.9387
67397,3767,3847,3576,3303,4909,5109,3996,3455,6671,7798,4423,3533,5013,5169,3872,3415,6.85728,-13.1603,8.70701,47.904
67398,3089,3235,3436,3505,3278,3528,3982,4176,3451,3864,5504,6784,3547,4232,7255,9271,20.0524,18.8257,8.94248,48.0913
67399,3397,3823,5388,7902,3338,3838,5542,9397,3291,3532,4158,4966,3177,3442,3736,3554,-12.9629,24.6346,8.85457,48.3207
67400,3252,3632,4345,5662,3329,3802,5303,9277,3244,3746,4739,6898,3164,3437,3954,4359,-4.21511,26.7261,8.76079,48.0953
67401,3069,3228,3440,3352,3191,3483,3867,4086,3552,4021,5274,6245,3489,4217,7531,10148,23.0911,19.3644,8.75039,48.1287
67402,3064,3321,3314,3404,3169,3495,3777,3975,3348,3799,4683,6188,3354,3919,6377,12377,27.3459,26.7264,8.50748,47.7093
67403,3491,3586,3393,3274,4045,4453,4034,3605,5356,7767,5057,3754,5258,6632,4918,3786,13.0896,-7.80073,8.71688,48.2727
67404,3083,3231,3357,3366,3270,3573,3796,3937,3432,3707,4924,5694,3411,4214,7356,11384,31.1128,21.0148,8.92576,47.8233
67405,3439,3341,3245,3081,3948,3758,3467,3176,6093,4802,3837,3428,12350,6555,4009,3375,29.1956,-24.4911,8.71849,47.936
67406,3335,3461,3326,3250,3835,4138,3946,3469,4632,6482,5365,4040,5116,7856,6093,4220,17.5793,-4.20921,8.68629,48.376
67407,3427,3883,5208,5994,3459,4020,6270,8724,3278,3767,4671,5440,3142,3279,3699,3884,-8.89128,19.3027,8.71804,48.0967
67408,3168,3187,3345,3269,3285,3429,3701,3882,3340,3792,4762,6305,3460,3989,6263,12070,25.4608,33.5785,8.62079,47.498
67409,5280,5298,3965,3474,6833,7460,4473,3547,5016,5102,3892,3472,3829,3756,3544,3194,-7.12599,-13.8813,8.73693,48.09
67410,3901,3785,3299,3166,5330,4474,3609,3249,8856,6136,3937,3446,6639,5173,3812,3367,9.87787,-20.9742,8.55129,48.1193
67411,3129,3350,3508,3549,3159,3597,4060,4748,3385,3878,5168,9224,3318,3862,5351,8541,14.3218,30.5228,8.69374,47.8847
67412,4657,4813,3915,3465,6391,7558,4487,3562,5285,5787,4018,3576,4066,3999,3673,3229,-3.8469,-12.6805,8.77598,48.3207
67413,4372,5082,4607,3841,4958,7946,5720,3972,4130,5099,4380,3720,3574,3766,3595,3331,-7.49855,-4.55431,8.88434,48.062
67414,4329,5049,4299,3691,4933,7964,5596,3905,4243,5571,4499,3724,3642,3837,3623,3398,-6.02112,-5.31872,8.61503,48.202
67415,3344,3782,4718,5237,3544,4271,6803,7576,3372,3902,5177,5745,3306,3460,3935,4028,-5.08907,16.5845,8.57594,48.1333
67416,5071,4627,3801,3305,7831,6412,4045,3449,6171,5289,3884,3455,4173,3982,3571,3202,-3.87029,-18.3216,8.53592,48.1787
67417,3294,3403,3251,3115,3974,3890,3464,3203,6248,5108,3749,3378,11400,7069,4104,3404,24.8575,-21.687,8.847,48.036
67418,3353,3794,5260,8042,3369,3764,5302,9391,3258,3545,4098,5078,3076,3309,3580,3741,-12.8111,27.1369,8.76038,47.9733
67419,3956,4994,5222,4159,4253,6608,7074,4414,3756,4668,4793,3943,3335,3739,3711,3576,-7.91277,1.06823,8.77394,48.134
67420,3788,4143,3886,3616,4405,6227,5247,3791,4583,6849,5630,3848,4091,4233,4153,3676,1.48242,-3.72234,8.59532,48.1107
67421,4195,6508,8974,5499,3915,4770,5777,4613,3523,3681,3847,3736,3164,3285,3405,3283,-22.0127,4.7668,8.904,48.1167
67422,3266,3729,4682,6096,3331,3848,5836,9420,3334,3695,4578,6166,3041,3325,3763,4043,-6.89162,23.0868,8.52616,48.102
67423,3387,3366,3268,3043,3896,3754,3469,3167,6119,4627,3836,3428,12584,6332,3933,3421,30.4057,-26.1012,8.83011,47.7533
67424,4686,5569,4422,3653,5142,8072,5383,3773,4223,5153,4213,3566,3701,3905,3612,3236,-7.55291,-6.64286,8.59006,48.206
67425,3270,3878,4762,5091,3562,4179,6585,7410,3426,3887,5477,5784,3169,3465,4050,4224,-4.24416,16.6724,8.51729,48.146
67426,12281,5905,3927,3348,5816,4675,3738,3422,3960,3752,3479,3266,3373,3413,3256,3261,-32.9645,-32.6787,8.64846,47.248
67427,3009,3195,3394,3402,3194,3414,3908,4002,3361,3748,4843,6323,3307,3987,6440,12270,26.9193,26.2049,8.54818,47.8647
67428,3209,3282,3566,3620,3205,3578,4096,4818,3336,3877,5076,9202,3297,3890,5333,8645,14.4426,29.0632,8.78012,48.02
67429,4654,5051,4180,3621,5616,7955,4894,3704,4693,5634,4152,3498,3831,4039,3680,3362,-5.60279,-9.01701,8.51169,48.376
67430,3580,4600,8136,8129,3430,4123,5932,5992,3292,3523,4048,4150,3109,3329,3433,3422,-20.1519,14.677,8.95633,48.152
67431,3317,3798,4874,6587,3243,3875,5240,10109,3269,3564,4463,5683,3080,3409,3629,3888,-8.68014,32.5314,8.89655,48.0187
67432,3223,3515,3949,4302,3250,3684,4718,7204,3380,3731,5121,9342,3233,3687,4419,5255,3.43657,32.5937,8.93912,48.0087
67433,3145,3259,3452,3434,3111,3344,3752,4036,3390,3856,4942,5916,3327,3941,6847,11686,32.6368,22.0952,8.60972,47.6253
67434,3162,3182,3433,3415,3158,3497,3888,4105,3331,3748,4810,6785,3433,3972,6194,11947,23.7895,25.9907,8.93924,48.04
67435,3431,3407,3243,3293,3887,3830,3432,3143,5664,5198,3915,3456,10688,7701,4165,3465,32.436,-18.934,8.75729,47.9453
67436,6165,9064,5560,3820,4879,6163,4487,3765,3797,4024,3757,3418,3346,3451,3240,3159,-21.1386,-8.23388,8.63485,48.0633
67437,3411,3452,3313,3115,4311,4128,3556,3278,7195,5637,3918,3436,9513,6597,4153,3470,18.7804,-20.682,8.95638,48.322
67438,3167,3366,3554,3508,3498,3703,4296,4003,3742,4847,7384,5245,3897,5045,7364,5682,15.2105,8.40615,8.90197,48.2007
67439,3725,3611,3345,3317,4482,4490,3777,3386,6635,7514,4505,3562,5931,6332,4392,3604,12.332,-13.2014,8.71469,48.4053
67440,3164,3310,3355,3262,3292,3425,3581,3948,3275,3783,4811,5801,3351,3942,6224,12686,28.1261,33.7301,8.92591,47.4733
67441,4655,7713,8585,5054,4042,5099,5231,4222,3462,3808,3911,3545,3257,3372,3368,3207,-25.3163,1.54711,8.65893,48.354
67442,3402,3948,6056,9812,3402,3858,5349,7908,3262,3419,4168,4197,3142,3188,3469,3504,-17.7505,23.15,8.87237,48.056
67443,4679,4044,3554,3168,7578,5215,3757,3321,8330,5265,3802,3324,5031,4194,3522,3346,1.26204,-23.5475,8.71916,48.0867
67444,4059,4204,3913,3332,5157,7024,4770,3707,5060,6925,4630,3728,3930,4356,3798,3453,0.0223689,-8.23127,8.67145,48.0307
67445,3099,3267,3551,3603,3222,3669,4258,4365,3523,4170,6332,7149,3543,4344,6707,7400,15.5059,16.3789,8.93856,48.1347
67446,3371,3425,3281,3088,3861,3828,3505,3279,5509,5265,3970,3401,9213,8629,4508,3566,27.7808,-15.9492,8.54489,47.7993
67447,3111,3269,3579,3775,3271,3646,4343,5230,3345,3902,5358,9544,3326,3886,4999,7338,10.9537,25.7374,8.65177,47.948
67448,10641,5830,3925,3483,7839,5012,3895,3430,4223,4018,3495,3363,3569,3321,3198,3041,-19.0157,-27.2308,8.79443,48.1887
67449,3741,4662,6070,4997,3820,5230,8013,5540,3518,4007,4791,4097,3246,3476,3718,3516,-11.0676,8.13292,8.83107,48.2947
67450,4018,3612,3381,3113,5651,4412,3544,3224,9898,5321,3841,3345,6953,4849,3724,3311,9.70291,-28.7927,8.81082,48.1313
67451,4225,3887,3395,3180,7075,4867,3764,3280,9198,5327,3814,3323,5384,4461,3738,3330,3.62257,-25.2003,8.82459,48.1653
67452,3418,3406,3457,3205,3746,4021,3923,3487,4418,6604,5461,3924,5084,7734,6109,4167,17.851,-3.76982,8.84006,48.1093
67453,4430,6618,7103,4726,4129,5686,6270,4415,3468,3945,4145,3730,3313,3443,3467,3285,-17.6612,1.21465,8.51449,48.1153
67454,5272,9177,7120,4268,4443,5248,4737,3959,3703,3871,3773,3447,3313,3356,3341,3222,-33.197,-3.48433,8.75822,48.1667
67455,5207,8709,6902,4367,4406,5768,4993,3994,3595,3870,3794,3517,3217,3450,3359,3134,-21.5895,-3.33449,8.94976,48.188
67456,3444,3984,5725,10881,3280,3936,5009,7719,3303,3538,3875,4159,3090,3261,3485,3369,-19.9355,29.8656,8.82205,48.0387
67457,8156,5446,3900,3255,9024,5518,3855,3474,4810,4262,3538,3234,3641,3568,3226,2974,-13.4128,-23.532,8.85775,47.9207
67458,4200,5398,5562,4278,4310,6757,7060,4349,3697,4354,4470,3869,3417,3463,3555,3470,-10.5784,0.814168,8.98652,48.1393
67459,3125,3260,3362,3328,3453,3632,4004,3811,3886,4696,6227,4899,3972,5624,9011,6075,20.4394,8.22588,8.87696,48.2433
67460,11917,6120,3945,3407,6814,4883,3760,3389,4097,3780,3403,3174,3372,3333,3161,3098,-23.8699,-25.2471,8.89628,47.7687
67461,3185,3283,3352,3206,3629,3688,3586,3580,4160,4890,5017,4367,4680,7843,8749,4936,26.3931,1.04357,8.96653,48.1007
67462,3174,3244,3296,3524,3335,3553,3857,3867,3589,4323,5447,5179,3824,5060,9295,7432,24.4911,11.4932,8.60031,47.9993
67463,3390,3947,6126,11454,3408,3894,4846,7306,3166,3500,3873,4099,3113,3138,3325,3455,-21.2459,26.4243,8.8753,48.0267
67464,4788,4757,3974,3441,6505,7478,4435,3626,5411,5548,3910,3489,4158,3968,3637,3237,-4.17966,-13.5095,8.83974,48.2413
67465,3360,4168,7672,10832,3385,3956,5011,5677,3134,3389,3820,3988,3099,3340,3408,3344,-31.5634,19.3136,8.91723,47.722
67466,3292,4035,6753,11869,3265,3764,4994,6246,3158,3468,3904,3984,3122,3293,3373,3325,-25.797,22.9086,8.93339,47.8967
67467,3403,3432,3304,3171,3663,3849,3672,3308,4978,5493,4388,3607,6738,9646,5536,3817,25.0818,-9.65503,8.60356,48.0033
67468,3380,3759,4585,5103,3428,3874,6027,8457,3298,3806,5199,6502,3173,3538,4040,4276,-3.98242,20.2567,8.73263,48.2967
67469,3097,3230,3390,3367,3390,3690,3905,3971,3567,4347,6157,5604,3713,4903,8552,7156,19.9973,11.9848,8.92049,48.026
67470,9000,6740,4147,3437,7505,5685,3990,3485,4271,4099,3687,3266,3465,3356,3279,3061,-18.0778,-19.75,8.66667,48.3153
67471,3280,3344,3267,2991,3893,3739,3424,3227,6147,4831,3851,3371,12390,6630,3979,3339,27.1037,-24.5439,8.91153,47.802
67472,3223,3309,3362,3190,3637,3781,3613,3495,4335,5015,4910,3999,5297,9041,7543,4417,30.2581,-2.847,8.60943,48.1113
67473,5705,9382,6501,4143,4696,5482,4842,3929,3622,3778,3719,3476,3326,3342,3230,3149,-24.4599,-5.13608,8.88623,48.2147
67474,3353,3955,5810,8467,3273,3854,5547,8696,3316,3604,4168,4811,3035,3336,3485,3622,-14.9772,22.9766,8.59692,48.2213
67475,3026,3197,3313,3468,3210,3460,3923,4214,3247,3867,5046,7517,3312,3928,5950,11256,20.1596,27.2818,8.9782,47.956
67476,4089,6454,9587,5837,3853,4568,5422,4501,3477,3610,3895,3702,3188,3241,3415,3243,-26.352,5.4624,8.89227,48.0547
67477,3169,3412,4027,4356,3330,3726,4748,7056,3401,3964,5196,9365,3188,3636,4287,5492,3.70259,27.7308,8.63008,48.2353
67478,3361,3755,5034,7266,3419,3765,5193,9891,3240,3561,4292,5160,3136,3282,3698,3774,-10.7702,30.6982,8.68099,47.8847
67479,3339,3416,3334,3249,3641,3905,3991,3679,4413,6113,5743,4173,4853,7293,6583,4430,18.3929,-1.81258,8.70393,48.1033
67480,3117,3367,3448,3370,3259,3625,3831,3667,3792,4401,5155,4684,3999,6266,9864,6177,30.8259,6.76973,8.82793,48.0147
67481,3222,3574,4035,4408,3303,3758,5130,7199,3358,3804,5595,8287,3224,3703,4428,5190,2.27121,22.5752,8.56527,48.1453
67482,3536,4359,7308,8101,3477,4105,6025,6473,3233,3580,4106,4211,3180,3222,3451,3466,-18.6199,16.1878,8.81117,47.8887
67483,7967,5578,3968,3320,8729,5694,3930,3357,4982,4165,3563,3262,3688,3641,3305,3095,-13.3592,-22.504,8.7142,48.1627
67484,3442,3427,3264,3169,3945,3796,3473,3289,6160,4711,3770,3353,12585,6040,3935,3297,28.1452,-29.3632,8.65895,47.7707
67485,3348,3454,3499,3496,3447,3992,4486,4049,3866,5487,7669,5056,3922,5042,6630,5069,12.8548,5.95375,8.94377,48.3413
67486,3351,3382,3177,3180,3876,3924,3487,3341,5501,5124,4010,3499,9278,8586,4456,3545,33.2087,-16.1831,8.5818,47.8113
67487,3187,3539,4059,4220,3355,3818,5203,6339,3368,3953,6278,8072,3305,3838,4515,5043,3.70021,19.2106,8.81897,48.0613
67488,3059,3322,3334,3470,3293,3418,3908,4261,3451,3853,4999,7634,3427,3945,5974,10624,19.5765,25.9457,8.64808,47.9813
67489,3303,3899,5739,8855,3415,3929,5448,8754,3283,3407,3972,4621,3098,3251,3421,3559,-15.5238,24.0775,8.9819,47.9693
67490,4200,6339,9839,6010,3823,4403,5158,4584,3367,3626,3885,3730,3107,3387,3259,3276,-32.1347,6.20758,8.72391,47.9953
67491,3429,3544,3388,3215,3840,4290,4220,3669,4621,7218,6020,4039,4585,6473,5647,4180,13.3482,-2.74199,8.88956,48.252
67492,3290,3328,3384,3185,3403,3734,3843,3597,3951,4566,5134,4534,4189,6778,9618,5705,31.1933,4.89227,8.95476,48.1593
67493,3085,3250,3413,3411,3194,3593,3945,4153,3364,3924,5239,7096,3494,4149,6535,10462,20.5869,22.2952,8.9361,48.2047
67494,3048,3240,3368,3582,3122,3588,4039,4301,3537,3988,5473,7464,3353,3987,6464,9698,18.6923,21.5562,8.93924,48.168
67495,3593,4470,7060,7426,3580,4287,6347,6542,3327,3666,4161,4130,3163,3367,3421,3453,-16.7971,15.5345,8.65767,47.9953
67496,7995,6332,4061,3505,7835,5970,4089,3499,4491,4150,3623,3323,3609,3542,3308,3055,-15.6687,-19.4018,8.62162,48.258
67497,4233,3918,3595,3229,6955,4660,3808,3334,9351,5073,3833,3355,5300,4354,3715,3226,3.8857,-32.4674,8.82441,47.9593
67498,3477,3850,5096,6583,3454,3879,5910,8880,3275,3693,4441,5421,3210,3366,3741,3864,-9.79797,21.4433,8.56872,48.0933
67499,3504,4033,4369,3930,3739,5071,6928,4757,3840,5025,6528,4621,3499,3898,4218,3967,-0.808962,5.53926,8.72278,47.9513
67500,11560,6666,3913,3383,6524,4940,3662,3301,4067,3902,3461,3138,3445,3341,3293,3013,-24.4092,-24.7831,8.58813,47.7393
67501,3316,3394,3492,3283,3691,4013,4057,3762,4282,6054,6160,4346,4296,6744,6778,4509,16.5022,0.532117,8.97044,48.118
67502,3699,4930,9164,8073,3543,4375,5460,5406,3298,3663,3991,3924,3147,3169,3278,3338,-25.0904,13.6096,8.68878,48.3053
67503,3134,3475,3725,3836,3390,3873,4805,4986,3436,4286,7596,7349,3490,4011,5440,5686,8.69659,14.859,8.93047,48.3453
67504,6723,9444,5492,3888,5051,5807,4342,3674,3777,3895,3658,3420,3354,3361,3375,3162,-23.3344,-9.30174,8.90494,48.282
67505,12487,6226,3925,3320,5864,4734,3866,3362,4020,3847,3408,3243,3382,3406,3252,3106,-32.5449,-26.7539,8.9049,47.632
67506,3803,5458,9997,6955,3674,4340,5231,4931,3319,3627,3851,3712,3216,3234,3316,3400,-32.2191,9.83283,8.81663,48.0427
67507,3110,3334,3580,3780,3327,3619,4352,5338,3345,3833,5238,9662,3288,3747,5069,7582,11.3589,27.2875,8.61978,48.136
67508,5935,9989,6311,4083,4551,5327,4497,3811,3653,3775,3716,3363,3238,3360,3213,3253,-28.526,-6.37656,8.89423,48.05
67509,3144,3197,3449,3341,3309,3561,3698,3863,3352,3774,4713,5976,3341,3859,6067,12745,29.6667,29.605,8.80052,47.5927
67510,4296,3953,3489,3146,6908,4690,3817,3340,9414,5078,3816,3293,5569,4233,3656,3217,4.02657,-31.7472,8.8888,47.9433
67511,3464,3202,3273,2995,4013,3756,3475,3333,5963,4754,3896,3383,12550,6561,4006,3409,29.6772,-25.0176,8.88427,48.022
67512,5926,9772,6435,4123,4631,5187,4465,3784,3745,3731,3642,3500,3343,3346,3236,3132,-29.2069,-6.34521,8.84574,47.9987
67513,3426,3477,3350,3145,4451,3996,3631,3152,8483,5039,3737,3334,9939,5553,3844,3436,17.2039,-30.9586,8.97795,47.9953
67514,3233,3364,3440,3393,3256,3643,3873,3968,3512,4254,5323,5064,3633,4983,9483,7894,32.9506,12.333,8.53205,48.2107
67515,7873,5049,3820,3453,9426,5353,3957,3432,4949,4182,3527,3222,3565,3496,3304,3138,-12.3747,-33.8528,8.81966,47.8307
67516,3248,3628,4000,4416,3324,3778,4998,6861,3392,3806,5661,8536,3317,3709,4529,5328,3.08981,21.7585,8.75645,48.354
67517,3164,3241,3301,3456,3278,3483,3800,4001,3344,3742,4741,5934,3393,3976,6180,12609,31.1488,26.6338,8.79697,47.762
67518,5301,8991,7348,4446,4295,5031,4804,4009,3494,3765,3603,3515,3379,3403,3348,3162,-28.0423,-2.99604,8.64077,47.9293
67519,3654,4522,5664,4952,3707,4942,8177,5673,3451,4041,4923,4335,3339,3346,3679,3655,-9.36108,9.08746,8.84401,48.04
67520,4139,6056,7501,4942,4007,5464,6615,4672,3611,3973,4113,3806,3316,3413,3427,3352,-17.058,4.04581,8.76389,48.2713
67521,3230,3344,3349,3341,3438,3655,3780,3715,3805,4599,5301,4543,4102,6274,9796,5924,31.4054,6.15034,8.65186,48.1307
67522,4681,4147,3484,3249,8046,4647,3789,3226,8703,4933,3699,3308,4823,4184,3580,3252,0.980165,-30.5472,8.94998,47.834
67523,3423,4037,5883,11712,3276,3696,4852,7208,3331,3496,3712,4202,3045,3227,3375,3349,-21.9401,29.0132,8.95644,47.8827
67524,7543,5251,3785,3344,9213,5699,4014,3418,5095,4259,3773,3129,3624,3691,3401,3121,-11.5637,-23.57,8.86371,48.24
67525,3267,3644,4561,5945,3380,3690,5167,9841,3309,3665,4656,6501,3162,3399,3806,4094,-5.93567,29.7457,8.94034,48.058
67526,11675,6057,3945,3421,6994,4894,3681,3316,4137,3943,3512,3194,3352,3377,3260,3114,-22.5736,-28.3234,8.89002,47.9147
67527,3416,3699,4319,5311,3413,3816,5085,9112,3466,3631,4717,7114,3244,3355,3941,4337,-2.93315,31.547,8.52081,47.984
67528,5784,9615,6288,4033,4659,5272,4533,3839,3654,3893,3666,3530,3280,3340,3289,3166,-33.4909,-6.05296,8.66869,47.894
67529,3665,4835,8900,8646,3469,4046,5272,5386,3319,3535,3900,3820,3129,3235,3398,3347,-27.3301,14.1608,8.80881,47.9347
67530,3505,3615,3446,3290,4013,4399,3845,3501,5463,7703,5081,3644,5344,6765,4856,3765,13.2759,-7.9407,8.62603,48.1567
67531,3204,3458,3705,3910,3382,3560,4768,5343,3484,4018,6766,8549,3437,3892,5264,6002,8.58005,18.4122,8.9319,48.4947
67532,3313,3385,3248,3185,3950,3893,3603,3356,5176,5227,4154,3566,7676,9437,5054,3612,33.4473,-12.2728,8.51099,47.89
67533,3532,4424,6867,6850,3538,4296,6914,6628,3362,3724,4247,4334,3131,3314,3577,3554,-14.8259,14.0909,8.85703,48.1947
67534,3794,4049,3642,3324,4754,5482,4268,3591,5686,7847,4795,3629,4653,5072,4118,3645,5.64861,-9.7103,8.66668,48.2327
67535,3199,3547,3761,3725,3467,4002,5008,4447,3674,4923,8220,5899,3601,4312,5613,5038,8.95673,9.93429,8.7725,48.2907
67536,3701,4406,6204,5601,3692,4596,7666,6129,3363,3845,4590,4361,3273,3431,3574,3578,-12.1004,11.2132,8.516,48.0067
67537,4334,6507,7625,4907,4006,5430,6371,4533,3536,3870,4006,3725,3260,3455,3333,3233,-18.2233,2.76563,8.87864,48.0873
67538,3193,3170,3334,3387,3207,3459,3763,3840,3285,3757,4727,5988,3406,3887,6131,12885,30.5054,28.3112,8.99158,47.6127
67539,3912,3695,3371,3131,5326,4643,3823,3425,8222,6582,4114,3477,6062,5253,3926,3380,8.81552,-18.5314,8.72823,48.228
67540,3519,4072,4641,4282,3666,5090,7819,5333,3641,4390,6229,4679,3376,3612,4021,3860,-3.32973,7.80848,8.9721,48.1533
67541,3203,3335,3802,3813,3380,3744,4732,5316,3462,4100,6589,8309,3529,3880,5072,5805,8.09136,18.2742,8.69521,48.0473
67542,3355,3534,3501,3435,3662,4350,4399,3906,4294,6307,6972,4461,4216,5564,5730,4373,12.1964,1.03753,8.68897,48.0393
67543,3701,3881,3538,3176,4781,5417,4244,3364,5961,7959,4831,3668,4771,5163,4114,3514,6.67536,-10.3019,8.72374,48.0553
67544,3114,3243,3410,3246,3402,3648,3908,3680,3933,4915,5561,4519,4078,6659,9143,5562,23.1575,4.55899,8.64635,48.014
67545,3143,3240,3590,3684,3236,3782,4374,4808,3400,4009,6355,8377,3372,4008,5619,7156,12.3297,19.568,8.90962,48.102
67546,3129,3251,3260,3427,3330,3436,3730,3792,3399,3802,4736,5950,3364,3797,5871,12462,30.0441,29.8159,8.52338,47.1573
67547,3475,3998,6033,12742,3391,3835,4772,6134,3263,3359,3695,3813,3173,3183,3356,3324,-28.0276,32.0483,8.93793,47.6973
67548,3446,4062,6785,11637,3339,3885,4857,5840,3172,3558,3867,3983,3129,3144,3401,3454,-29.1751,23.0145,8.55317,47.706
67549,6461,6739,4537,3519,6486,7159,4444,3588,4244,4466,3727,3452,3482,3550,3281,3134,-14.3708,-13.0173,8.58127,48.1793
67550,3663,3542,3269,3102,4683,4019,3484,3163,8756,5223,3913,3401,8955,5500,3876,3345,15.2823,-27.0298,8.5974,47.9293
67551,4630,4011,3398,3278,7643,5047,3648,3305,8643,5227,3815,3334,4938,4317,3569,3298,1.62989,-25.4197,8.61674,48.0673
67552,4197,7184,9306,5438,3950,4725,5055,4388,3565,3671,3779,3593,3275,3343,3294,3295,-29.3995,3.89956,8.65144,48.0387
67553,7585,6804,4252,3506,7087,6373,3978,3448,4357,4136,3622,3414,3567,3577,3286,3119,-15.9437,-16.7819,8.97306,48.074
67554,6567,4724,3618,3339,9965,5492,3852,3254,5858,4448,3655,3326,3921,3755,3358,3113,-8.11581,-26.0858,8.8964,48.1633
67555,3158,3214,3575,3449,3318,3581,3990,4123,3435,3972,5794,6799,3540,4239,7105,9042,19.335,18.1817,8.67136,48.2227
67556,3694,5446,9766,7082,3649,4349,5369,4971,3328,3686,3915,3813,3149,3262,3421,3383,-27.6441,10.1779,8.62283,48.1887
67557,4063,4580,4190,3693,4733,7307,5532,3921,4368,6003,4851,3884,3768,4022,3761,3533,-3.15295,-4.41174,8.68022,48.1393
67558,3675,3538,3283,3138,4765,4049,3611,3277,9107,5180,3863,3348,8628,5252,3769,3322,14.2094,-33.0305,8.79522,47.87
67559,3226,3609,4196,4476,3369,3938,5505,6339,3479,4001,6190,7370,3319,3736,4630,4906,2.4405,17.9114,8.54798,48.1927
67560,6956,7656,4618,3710,6072,6648,4295,3591,4040,4107,3700,3431,3494,3390,3398,3078,-17.3845,-13.2356,8.73966,48.1227
67561,3517,3372,3374,3154,3999,4303,3706,3317,5802,7024,4477,3663,6375,7669,4690,3701,16.8355,-11.971,8.6277,48.0953
67562,3221,3273,3495,3489,3390,3825,4076,4023,3705,4661,7023,5384,3893,4861,7911,6005,16.8255,9.824,8.74781,48.1567
67563,3148,3333,3652,3653,3365,3726,4525,4561,3524,4254,6733,7319,3508,4182,6192,6752,13.0263,16.428,8.68772,48.2847
67564,6350,8953,5463,3911,5085,6002,4369,3846,3827,3812,3623,3464,3334,3488,3327,3209,-21.4452,-8.92945,8.50975,48.042
67565,3203,3671,4398,5435,3373,3699,5169,9385,3352,3758,4575,6992,3235,3407,3937,4499,-3.77809,26.8982,8.99996,48.0587
67566,3601,3926,3931,3609,4030,5330,5277,3983,4301,6542,6525,4148,4081,4445,4625,3912,3.78269,-0.229661,8.60652,48.1773
67567,3174,3344,3518,3429,3449,3863,4497,3819,3935,5267,7392,4947,3911,5373,7106,5119,14.6699,5.94003,8.87936,48.0953
67568,3486,3381,3241,3071,4066,3905,3501,3248,6847,5077,3816,3317,11120,6447,4053,3384,21.6941,-24.3049,8.71832,47.9733
67569,3243,3308,3375,3264,3511,3725,3774,3545,3950,4996,5202,4445,4598,7596,8714,5064,26.9827,2.07325,8.64564,48.2067
67570,3445,3902,5916,12494,3498,3645,4733,6028,3272,3426,3804,3937,3221,3360,3461,3407,-29.3565,30.1589,8.54088,47.6993
67571,3451,3698,4829,6470,3302,3878,5769,9781,3262,3561,4400,5788,3144,3431,3798,3932,-8.25691,23.9149,8.84128,48.3293
67572,6424,9946,5806,3776,4805,5241,4368,3789,3823,3887,3562,3370,3360,3438,3383,3248,-33.4033,-8.29881,8.95325,48.1507
67573,3175,3409,3628,3836,3436,3616,4326,5426,3392,3921,5311,9683,3246,3811,4860,6823,9.27917,33.9072,8.55112,47.9327
67574,6004,4492,3736,3386,9685,5250,3839,3475,6442,4527,3641,3178,4126,3844,3382,3225,-6.06549,-28.7003,8.61257,48.1547
67575,3259,3479,3930,4401,3311,3700,4702,7197,3277,3759,5166,8975,3434,3620,4386,5135,2.74475,33.8472,8.58291,47.8207
67576,3508,4234,6568,7369,3542,4187,6409,7090,3357,3652,4325,4580,3172,3262,3537,3606,-14.9238,16.7407,8.61429,48.2653
67577,4110,6333,9735,5973,3876,4539,5029,4536,3388,3756,3717,3749,3233,3344,3518,3277,-30.1237,6.26393,8.56205,48.0753
67578,3369,3686,4311,5386,3378,3794,5159,9043,3379,3714,4863,7014,3312,3463,3961,4433,-3.20272,26.001,8.56822,48.1767
67579,3225,3257,3409,3357,3471,3694,3962,3692,3910,4763,5800,4635,4086,6316,9039,5819,22.0627,5.79659,8.85778,48.29
67580,3694,4475,7782,7988,3511,4234,5934,6367,3325,3551,4049,3975,3142,3318,3380,3476,-19.3331,15.3721,8.73082,48.134
67581,4556,7456,7489,4617,4204,5589,5711,4194,3562,3877,3828,3515,3232,3453,3437,3252,-20.5247,0.093369,8.68414,47.9813
67582,3125,3310,3454,3382,3308,3455,3867,4009,3468,3980,5122,5477,3425,4519,8126,9840,29.9854,17.2839,8.68159,47.9113
67583,3224,3475,3860,3760,3517,3940,5013,4852,3515,4515,7902,6686,3502,4140,5308,5090,7.77866,12.7313,8.93964,48.1993
67584,5702,9430,6695,4243,4485,5229,4667,3938,3680,3678,3717,3465,3331,3412,3291,3179,-28.9758,-4.81285,8.63398,48.0947
67585,3361,3951,5613,9963,3386,3768,5247,8225,3160,3536,3942,4406,3084,3338,3464,3474,-17.3987,27.1426,8.68422,47.9453
67586,3229,3484,3988,4327,3267,3747,4803,7159,3265,3736,5098,9159,3295,3687,4367,5206,3.1052,33.7979,8.86574,47.878
67587,3476,3396,3373,3086,3900,3948,3448,3166,6314,4858,3688,3345,11998,6447,4030,3302,25.6836,-24.4879,8.90508,47.85
67588,4019,3730,3419,3123,6248,4420,3649,3331,9759,5234,3806,3419,6091,4587,3781,3307,6.69517,-31.3772,8.6718,47.9487
67589,3441,3933,5891,10263,3405,3786,5109,7968,3268,3511,3924,4369,3042,3207,3379,3472,-18.3638,26.0229,8.95715,47.9787
67590,3806,4898,6049,4647,3994,5620,7834,5133,3628,4089,4605,4047,3442,3530,3564,3572,-11.1122,4.88796,8.90817,48.3053
67591,4211,3779,3527,3135,6351,4647,3762,3270,9249,5644,3688,3468,5941,4703,3783,3359,6.25502,-23.138,8.68142,48.3447
67592,5197,4472,3655,3271,8661,5362,3906,3416,7129,4952,3778,3255,4428,3987,3512,3233,-2.80999,-23.6858,8.50889,48.1427
67593,3781,3945,3647,3307,4469,5712,4349,3685,5389,8166,4983,3802,4404,5041,4274,3521,5.00069,-8.13011,8.90441,48.3167
67594,3223,3335,3387,3336,3241,3482,3740,3992,3316,3754,4682,5992,3371,3867,5923,12454,33.0963,31.9319,8.74581,47.3967
67595,5367,9206,7011,4390,4490,5074,4759,4031,3740,3856,3701,3482,3313,3362,3357,3157,-29.879,-3.65644,8.84126,48.1973
67596,5032,4536,3661,3144,8083,6181,4008,3358,6548,5207,3891,3340,4375,4028,3472,3227,-2.91543,-19.0933,8.94594,48.0607
67597,3323,3313,3242,3242,3763,3807,3622,3317,4854,5233,4393,3664,6520,9955,5703,4016,29.1119,-8.37503,8.82326,47.978
67598,3411,3978,5722,12106,3347,3768,4820,6724,3345,3434,3709,3895,3135,3267,3443,3428,-23.2866,30.2854,8.92061,47.688
67599,5043,6180,4598,3719,5559,8059,5047,3810,4165,4618,3907,3559,3665,3663,3458,3191,-11.0288,-8.79732,8.91407,48.1607
67600,3009,3227,3361,3405,3105,3549,3924,4110,3366,3789,4836,6831,3305,4048,6121,12100,23.7119,27.2035,8.86828,48.0573
67601,3400,3410,3251,3130,3905,3730,3413,3266,6060,4751,3700,3455,12539,6058,4035,3445,26.874,-33.1423,8.74505,47.6987
67602,3882,5655,9894,6714,3797,4261,5317,4828,3352,3659,3836,3731,3105,3310,3399,3399,-30.0564,8.94122,8.85281,48.0927
67603,3555,3848,4109,3928,3800,4888,6187,4491,3945,5295,7251,4809,3557,4221,4489,4069,2.38567,4.97853,8.7148,48.2947
67604,5394,8444,6494,4191,4487,5801,4960,4112,3672,3962,3788,3485,3390,3381,3337,3226,-21.0218,-3.93277,8.52442,48.0827
67605,7646,4980,3794,3302,9785,5149,3798,3320,5148,4220,3517,3300,3861,3632,3267,3155,-11.3152,-29.0127,8.98714,47.916
67606,7304,8500,4898,3684,5688,6248,4246,3661,3922,3926,3707,3356,3460,3443,3323,3054,-20.4338,-12.6561,8.72668,48.28
67607,3330,3994,4699,4673,3535,4415,7448,6422,3540,4012,5812,5471,3352,3670,4002,4098,-3.64089,13.1201,8.81384,48.3153
67608,3323,3768,6000,12453,3233,3693,4823,5960,3323,3445,3706,3933,3118,3301,3420,3484,-33.36,29.7266,8.61547,47.322
67609,7312,5008,3844,3433,9838,5208,3908,3365,5239,4162,3581,3221,3667,3567,3329,3084,-11.1038,-33.2407,8.84822,47.844
67610,5541,4257,3571,3225,9077,5121,3867,3339,7210,4760,3674,3282,4453,3925,3515,3212,-3.02836,-26.7088,8.87543,48.0193
67611,3521,3549,3305,3083,4495,4101,3570,3256,7762,5919,3919,3456,8427,6355,4040,3488,16.3434,-19.5736,8.91786,48.164
67612,3417,3939,5430,5967,3478,4143,7005,7919,3309,3816,4644,5179,3186,3390,3756,3715,-9.02058,17.3634,8.8617,48.1953
67613,3333,3595,4582,5304,3385,3899,5672,8718,3372,3711,4999,6764,3286,3416,4007,4307,-3.78174,22.3927,8.56264,48.2333
67614,3200,3408,3749,3923,3307,3761,4633,5515,3359,4120,6334,8705,3405,3764,4967,5955,7.805,19.6279,8.69821,48.07
67615,3101,3236,3470,3317,3297,3582,3962,3957,3525,4110,5687,5657,3574,4732,8553,8645,23.132,14.9815,8.65234,48.27
67616,4026,3802,3393,3190,5975,4489,3628,3232,9648,5386,3884,3317,6341,4791,3545,3292,7.41091,-26.107,8.60026,47.9593
67617,3491,4209,6774,7187,3480,4175,6596,7080,3337,3732,4253,4317,3115,3267,3450,3551,-15.1895,16.0147,8.91302,48.0093
67618,3228,3831,6245,12682,3366,3820,4675,5983,3168,3312,3782,3971,3161,3174,3390,3445,-30.2405,26.7145,8.93875,47.4887
67619,4315,6740,9604,5517,3904,4548,5462,4488,3482,3668,3806,3701,3126,3230,3395,3268,-26.0129,4.48012,8.90923,48.1693
67620,3157,3206,3333,3410,3186,3566,3889,4269,3379,3754,4995,7648,3397,3929,5714,10761,19.7262,30.8171,8.53411,47.7287
67621,3458,3466,3115,3084,4109,3939,3465,3220,6838,5175,3855,3425,10577,6772,4053,3457,21.438,-22.0635,8.70147,48.0053
67622,3303,3778,4836,6628,3406,3816,5460,9966,3300,3473,4412,5751,3173,3323,3832,3934,-8.95833,26.4818,8.93281,48.2607
67623,4877,7463,6414,4273,4478,6480,5522,4044,3689,4085,3907,3571,3343,3517,3304,3290,-17.5238,-2.87213,8.82338,48.1713
67624,3314,3347,3374,3235,3870,3802,3620,3422,4839,5225,4242,3713,6964,9837,5548,3786,30.013,-9.58431,8.5654,48.092
67625,3536,3716,3498,3404,4028,4866,4218,3618,4918,7859,5802,4055,4536,5769,4639,3859,9.6114,-4.53934,8.77464,48.214
67626,3424,3367,3213,3060,3862,3799,3445,3273,5741,5027,3888,3473,10344,7981,4481,3347,29.6648,-18.3386,8.81099,47.8167
67627,3249,3455,3202,3336,3684,3801,3593,3482,4564,5023,4531,3758,5676,9822,6570,4089,30.6786,-5.36093,8.86957,47.89
67628,3264,3348,3353,3256,3536,3759,3806,3478,4250,5468,5515,4130,4825,7764,7628,4670,20.9046,-0.515646,8.86881,48.0333
67629,4544,4050,3558,3298,7765,4825,3799,3317,8779,5037,3808,3331,5048,4311,3500,3296,1.93954,-30.9326,8.97231,48.1773
67630,3343,3837,5281,8518,3337,3813,5153,9185,3315,3547,3991,4887,3290,3375,3431,3574,-13.8401,30.7482,8.75594,47.918
67631,3563,3503,3398,3171,4673,4134,3431,3216,9424,5252,3831,3261,8487,5202,3769,3413,13.6867,-33.4763,8.95029,47.8187
67632,3550,4313,6946,7570,3497,4115,6433,6965,3313,3560,4228,4438,3131,3276,3475,3525,-15.9489,16.2306,8.81458,48.2233
67633,3434,3941,6079,11462,3386,3851,4936,6945,3169,3549,3845,4170,3079,3229,3467,3391,-22.6623,27.2563,8.59424,47.9553
67634,3093,3219,3319,3471,3245,3392,3802,3876,3341,3776,4907,6138,3387,4010,6876,12079,30.539,23.6757,8.58144,47.954
67635,12752,6083,3901,3277,6067,4660,3736,3323,4000,3718,3401,3216,3389,3438,3163,3206,-30.7564,-28.0185,8.6607,47.5533
67636,12591,5995,3876,3407,5906,4791,3693,3292,3939,3786,3461,3258,3395,3459,3301,3149,-31.3538,-28.4958,8.51578,47.5327
67637,5263,5059,3930,3524,6877,7411,4406,3445,5233,5294,3997,3371,3891,3879,3541,3239,-6.15108,-14.3109,8.93103,48.24
67638,3137,3323,3555,3466,3223,3533,3920,4177,3426,3839,5065,7154,3422,3973,6346,10693,20.7904,24.0087,8.70247,48.168
67639,3113,3396,3921,4215,3361,3666,4517,6396,3357,3770,5214,9697,3248,3652,4609,5821,5.82521,31.7753,8.82873,47.9687
67640,3157,3217,3367,3298,3338,3691,3945,3795,3591,4144,5244,5154,3699,5051,9563,7763,32.6502,12.2756,8.53839,48.0113
67641,3289,3403,3293,3095,4053,3842,3531,3246,5670,5012,3965,3426,10266,8050,4254,3467,32.3795,-18.0827,8.57441,47.908
67642,3410,3906,5177,5839,3397,4189,6742,8128,3343,3717,4870,5239,3206,3395,3771,3805,-8.38988,17.7188,8.89089,48.0893
67643,4983,6822,5418,4040,4898,7423,5414,3891,3888,4321,3844,3558,3529,3562,3465,3255,-14.5456,-5.21584,8.68194,48.2073
67644,4990,4314,3637,3248,8576,4861,3652,3325,8222,4913,3766,3319,4683,4254,3559,3163,-0.69237,-28.7931,8.77656,48.3213
67645,3401,3394,3260,3070,3840,3737,3355,3217,5984,4786,3729,3383,12694,6085,4068,3416,29.5476,-29.6474,8.84774,47.6127
67646,3172,3164,3329,3388,3197,3354,3780,3920,3428,3747,4795,6304,3374,3951,6190,12444,27.9301,26.9477,8.98734,47.6913
67647,3402,3298,3227,3145,3980,3769,3426,3258,6080,4801,3705,3328,12754,6068,3773,3337,33.2236,-27.6167,8.94455,47.5673
67648,3331,3505,3721,3719,3497,4231,5056,4345,3850,5435,8079,5130,3722,4529,5510,4740,8.62246,6.64792,8.85475,48.2667
67649,3417,3455,3469,3245,3609,3997,4128,3637,4177,6029,6145,4319,4504,6519,6730,4582,16.4063,0.241072,8.77133,47.9747
67650,3222,3430,3285,3110,3649,3694,3644,3487,4538,5370,4532,3805,5916,9841,6291,3997,28.877,-6.24005,8.6077,47.874
67651,3424,3999,6297,12432,3298,3767,4777,6017,3120,3508,3798,4037,3144,3211,3384,3409,-32.1457,25.8421,8.6397,47.748
67652,3443,3405,3195,2995,4017,3827,3425,3258,6345,5045,3902,3423,10572,7286,4188,3444,23.3618,-20.2101,8.83092,47.8467
67653,3087,3301,3499,3498,3245,3536,3880,4045,3504,3992,5458,6702,3523,4259,7243,9476,20.6007,19.2253,8.67893,48.1653
67654,7205,8681,5129,3691,5533,6193,4469,3682,3925,3956,3620,3329,3365,3447,3328,3102,-21.0113,-11.3994,8.6674,48.4367
67655,3110,3574,4118,4532,3345,3852,5149,7156,3391,3929,5532,8355,3217,3674,4440,5016,2.28471,22.5815,8.59083,48.26
67656,6937,6729,4437,3506,6678,6903,4316,3526,4181,4302,3714,3378,3648,3637,3344,3120,-15.3545,-14.339,8.64914,48.2373
67657,5356,4583,3597,3363,8764,5646,3888,3372,6619,4769,3805,3368,4272,3954,3516,3197,-4.00242,-22.7143,8.63989,48.046
67658,3742,5089,8706,6638,3641,4463,6186,5239,3413,3730,4086,3888,3134,3248,3494,3331,-19.8791,10.7356,8.82633,48.0187
67659,3383,3445,3295,3087,4191,4306,3618,3482,6148,6834,4366,3661,6784,7419,4487,3632,16.2164,-12.7417,8.78542,48.092
67660,3403,3461,3812,3872,3492,4175,5775,4827,3636,4818,7828,5934,3616,4067,5019,4741,5.51514,10.6687,8.74131,48.3173
67661,3756,3810,3604,3308,4589,5311,4135,3536,5857,8070,4812,3755,4922,5356,4210,3484,7.41998,-9.95282,8.6219,48.3433
67662,3657,5100,9378,7716,3519,4207,5506,5149,3237,3588,3984,3839,3132,3256,3295,3361,-25.5885,11.8662,8.87666,47.9493
67663,3501,3668,3628,3472,3786,4716,4712,3943,4106,6471,7181,4497,4082,5049,5350,4204,9.24464,1.40524,8.58741,48.244
67664,4224,4076,3473,3176,6752,4701,3665,3293,9244,5506,3917,3335,5649,4470,3600,3291,4.18684,-24.8037,8.81538,48.248
67665,5038,8727,7809,4525,4303,4989,4802,4127,3574,3791,3749,3548,3188,3369,3359,3180,-27.9143,-1.68465,8.97444,48.052
67666,3472,4400,6636,8046,3474,4154,6023,7250,3281,3604,4100,4371,3118,3393,3552,3590,-16.7833,17.8424,8.51373,48.3093
67667,6919,9900,5613,3758,4824,5339,4451,3594,3762,3853,3604,3354,3390,3310,3303,3143,-28.3376,-9.17399,8.95457,48.078
67668,3492,3449,3264,3125,3757,3796,3492,3239,5574,5027,3941,3352,10302,8214,4397,3518,29.9242,-18.1566,8.84085,47.9593
67669,3983,5003,5789,4390,4065,6198,7662,4603,3673,4298,4791,3889,3325,3634,3691,3434,-10.0752,3.11611,8.95651,48.2853
67670,3436,4035,4834,4610,3620,4576,7721,6214,3446,4108,5852,5028,3345,3594,4030,4001,-4.3459,11.8605,8.64492,48.3
67671,3911,3885,3473,3184,5013,5181,3934,3490,7044,7471,4378,3558,5339,5226,4060,3431,7.20243,-14.3281,8.72122,48.3853
67672,9734,8051,4532,3456,5883,5192,3974,3442,3971,3901,3499,3189,3400,3412,3171,3027,-25.4274,-17.1378,8.8071,47.8893
67673,3637,3522,3313,3059,4336,4152,3597,3309,7408,6127,4132,3424,8259,6478,4145,3471,16.8113,-18.7912,8.63895,48.246
67674,5170,4366,3735,3183,9149,5359,3745,3352,7164,4868,3639,3380,4398,3997,3490,3257,-3.00863,-25.1143,8.90164,48.168
67675,3178,3388,3637,3806,3337,3636,4269,5211,3279,3807,5161,9667,3404,3789,5061,7499,11.4722,30.4473,8.62726,48.086
67676,3212,3277,3300,3305,3410,3720,3771,3860,3733,4461,5278,4727,3936,6029,9847,6557,27.5011,7.97513,8.72067,48.282
67677,12461,6267,3879,3394,6041,4648,3729,3369,3924,3668,3439,3196,3424,3371,3151,3173,-28.5362,-27.9841,8.53631,47.4227
67678,3421,4040,6570,9818,3463,3966,5391,7121,3225,3486,3955,4156,2981,3249,3470,3423,-19.4816,21.2187,8.77492,47.8233
67679,3307,3644,4352,4545,3492,4024,6029,6979,3411,3916,5807,6937,3235,3714,4291,4554,-0.0222854,18.041,8.84493,48.158
67680,3377,3811,5011,7767,3386,3819,5156,9670,3280,3724,4240,4992,3160,3327,3610,3740,-12.1507,32.8806,8.7734,48.0467
67681,7959,7648,4418,3564,6171,6080,4220,3512,4122,3999,3563,3290,3452,3341,3269,3104,-19.0991,-15.0914,8.62189,47.808
67682,4074,5304,5552,4428,4195,6379,6945,4660,3873,4429,4382,3849,3523,3498,3622,3453,-11.2931,1.8335,8.52067,48.1107
67683,5887,6584,4464,3636,6184,7430,4612,3675,4283,4356,3838,3367,3576,3540,3374,3230,-13.3853,-11.5206,8.66862,48.024
67684,4729,4213,3565,3193,8301,4947,3737,3310,8271,4883,3630,3371,4827,4083,3569,3236,-0.196163,-32.3816,8.97921,47.91
67685,3350,3360,3256,3270,3735,3955,3602,3289,4714,5603,4599,3890,6157,9621,6034,4016,25.166,-7.04667,8.7782,48.3007
67686,4291,4436,3841,3318,5503,7362,4771,3617,5189,6694,4624,3548,4100,4239,3768,3387,-0.958529,-9.86388,8.95593,48.4587
67687,4814,4881,4021,3557,6295,7768,4519,3592,5051,5812,4091,3583,3932,3902,3547,3230,-4.78081,-11.8034,8.92662,48.3967
67688,8151,5231,3809,3365,9481,5279,3822,3409,4976,4228,3505,3271,3651,3565,3225,3052,-13.0025,-29.1493,8.89994,48.0133
67689,3193,3442,3816,3770,3420,3966,5146,4579,3630,4781,8169,6022,3631,4151,5489,4902,7.98763,10.7316,8.96836,48.0713
67690,3473,3969,6421,10904,3314,3958,5186,6845,3153,3489,3918,4113,3070,3174,3373,3482,-21.8201,23.7313,8.62066,47.8947
67691,3798,3783,3436,3246,5029,5169,3947,3519,6879,7610,4514,3596,5076,5192,3940,3494,7.13341,-13.6984,8.52507,48.152
67692,3326,3959,6110,12486,3406,3839,4820,6327,3200,3412,3744,3855,3177,3224,3267,3269,-25.5709,33.2717,8.90484,47.614
67693,3242,3616,4302,4717,3330,3741,5315,7941,3356,3819,5254,7989,3293,3540,4202,4756,0.14623,22.9315,8.7902,48.2753
67694,4538,7067,6888,4513,4386,5933,5758,4274,3639,4002,3835,3645,3363,3525,3544,3315,-18.0616,-0.373396,8.66374,48.15
67695,5905,9448,6440,4093,4465,5687,4663,3771,3634,3879,3673,3347,3398,3429,3261,3110,-23.4896,-5.81627,8.97274,48.1353
67696,3392,3343,3208,3076,3675,3869,3567,3467,4933,5164,4248,3705,6902,10114,5599,3844,30.293,-9.43486,8.97639,48.0707
67697,3083,3257,3379,3309,3239,3513,3853,3929,3373,3835,5047,6115,3514,4101,7181,11271,25.6039,21.5999,8.72241,47.9993
67698,3524,4009,4646,4261,3778,4782,7608,5291,3695,4545,6242,5010,3294,3719,4152,3885,-2.89146,8.60008,8.74056,48.294
67699,3468,3377,3237,3136,3961,3804,3612,3277,6028,5609,4077,3484,8622,8055,4662,3569,21.4811,-15.7985,8.79937,47.9853
67700,3994,3811,3554,3298,5458,5407,4033,3568,6814,7268,4208,3495,4965,4730,3850,3530,5.1809,-14.4613,8.86634,47.9887
67701,7251,9873,5321,3781,4912,5456,4196,3532,3768,3833,3597,3290,3382,3391,3342,3116,-26.2092,-10.4493,8.97524,48.0273
67702,3417,3471,3262,3129,4281,3871,3377,3210,8008,5079,3791,3324,10431,5642,3926,3304,18.3914,-30.9468,8.94368,47.682
67703,5059,8812,7624,4559,4222,4972,4885,4036,3548,3722,3714,3565,3342,3314,3294,3240,-32.0739,-2.00832,8.95052,47.9387
67704,4821,5853,4571,3707,5265,8201,5242,3828,4293,4959,4096,3514,3538,3670,3527,3243,-9.40169,-7.64784,8.71945,48.2187
67705,3524,3508,3351,3167,4150,4311,3754,3476,6057,7480,4532,3759,6084,6973,4546,3574,14.6067,-11.5209,8.88519,48.164
67706,3564,3459,3276,3141,4258,4240,3559,3310,6506,6987,4420,3658,6821,7034,4378,3501,15.3334,-14.2708,8.94905,48.0747
67707,3189,3461,3979,4237,3306,3749,4783,6772,3328,3817,5526,9025,3411,3748,4508,5448,4.22714,24.4213,8.57454,48.1913
67708,3121,3342,3835,4041,3347,3709,4673,5911,3465,3922,6168,8992,3307,3677,4850,6016,7.31472,20.9415,8.9781,48.2507
67709,7752,5740,4085,3304,8497,5887,4033,3410,4810,4259,3629,3328,3658,3596,3246,3079,-13.7272,-21.0999,8.76354,48.2087
67710,3444,3350,3253,3062,4050,3780,3405,3193,6572,4767,3707,3319,12208,5912,3967,3360,25.0035,-29.962,8.58994,47.566
67711,12535,6110,3943,3477,6248,4676,3904,3427,3915,3799,3355,3269,3409,3338,3305,3063,-26.9969,-28.6215,8.60301,47.8487
67712,3168,3426,3864,4349,3347,3755,4745,7176,3333,3811,5256,9113,3132,3693,4455,5375,3.75651,25.8431,8.97178,47.9987
67713,4072,4183,3710,3360,5261,6345,4401,3574,5817,7068,4499,3700,4362,4516,3937,3485,1.79191,-11.2091,8.50676,48.1933
67714,3513,3562,3224,3064,4319,4036,3496,3288,7118,5773,4012,3454,8969,6780,4094,3520,18.237,-19.2122,8.75636,48.148
67715,3531,4223,6304,6120,3677,4426,7385,6747,3347,3722,4571,4519,3159,3341,3546,3606,-12.4082,13.7342,8.59634,48.1493
67716,3201,3284,3324,3355,3289,3647,3886,3814,3742,4271,5330,4950,3811,5468,9785,7144,31.7117,9.97041,8.66064,48.2007
67717,3392,3914,5674,11129,3319,3843,4968,7500,3074,3530,3855,4288,3059,3207,3399,3491,-20.4221,31.9181,8.67436,47.7613
67718,3147,3537,3830,3881,3300,3848,4876,5306,3490,4228,6945,7712,3460,3914,5150,5658,7.55584,16.6851,8.75933,48.188
67719,3930,5706,9790,6740,3672,4471,5276,4771,3337,3558,3896,3695,3156,3361,3354,3440,-29.9771,8.77132,8.62948,48.102
67720,3304,3807,5067,7516,3305,3907,5241,9629,3203,3554,4229,5273,3125,3345,3610,3710,-11.4198,30.5667,8.8923,47.8833
67721,3752,5143,9194,7385,3636,4290,5772,5366,3295,3582,3985,3818,3245,3267,3365,3328,-23.072,11.4421,8.72371,48.282
67722,10437,5541,3982,3352,7983,5036,3896,3333,4285,3977,3556,3194,3481,3453,3258,3193,-18.4424,-29.1954,8.69322,47.9713
67723,3513,4108,5289,4719,3644,4758,8092,5905,3505,4115,5463,4793,3343,3652,3955,3635,-6.40672,10.2241,8.60935,48.326
67724,3596,3579,3399,3228,4955,4213,3646,3239,8382,6146,3977,3394,7328,5586,4055,3388,12.4313,-20.4631,8.50081,48.074
67725,3119,3206,3291,3559,3103,3565,3844,4279,3409,3880,5240,7478,3344,4011,6333,10495,19.7741,23.8743,8.86692,48.104
67726,3473,3992,4518,4104,3834,4958,7087,4870,3825,4966,6491,4703,3583,3937,4192,3945,-1.3825,6.19956,8.56935,48.3187
67727,11455,5913,3968,3426,7051,4934,3736,3359,4050,3911,3441,3192,3406,3405,3276,3204,-21.1973,-32.6189,8.7874,47.818
67728,3748,5635,9857,7014,3559,4339,5278,5081,3410,3440,3893,3770,3154,3312,3306,3308,-31.2469,9.75857,8.84275,48.0693
67729,3560,3631,3418,3154,4341,4193,3643,3323,7186,6233,4055,3396,7724,6633,4205,3382,15.8392,-17.21,8.80027,48.0513
67730,3338,4125,7104,11280,3348,3816,4907,5949,3196,3402,3810,4033,3158,3168,3434,3395,-33.8492,21.7374,8.58023,47.642
67731,3262,3476,4100,4710,3342,3665,5007,8256,3323,3665,4933,8288,3399,3573,4158,4655,-0.00124488,33.7987,8.87515,47.8747
67732,3304,3598,4327,4655,3474,3936,5941,6780,3391,3968,6056,6999,3434,3698,4363,4622,0.760632,17.6644,8.70214,48.364
67733,8921,5411,3922,3404,8709,5194,3925,3344,4584,4173,3576,3239,3613,3495,3303,3154,-15.3127,-32.319,8.5334,47.978
67734,3260,3420,3888,4325,3409,3548,4712,6967,3319,3773,5476,9285,3249,3673,4502,5566,3.98302,24.8983,8.77309,48.248
67735,3182,3207,3289,3406,3292,3559,3887,3809,3512,4001,5337,5296,3585,4707,9249,8516,32.6006,13.8132,8.97031,47.8893
67736,3044,3271,3328,3337,3156,3469,3848,4016,3307,3876,4791,6695,3440,3936,6060,12189,23.9284,28.9317,8.95874,47.842
67737,3325,3389,3160,3251,3830,3821,3444,3406,4972,5373,4288,3754,6817,10009,5501,3776,33.2497,-9.87523,8.84958,48.0773
67738,12781,5899,3862,3310,5886,4755,3715,3274,3909,3731,3318,3328,3375,3525,3248,3179,-30.9018,-30.0752,8.84182,47.3967
67739,3829,5315,9807,7214,3720,4244,5516,5031,3313,3519,3829,3716,3113,3240,3383,3343,-26.5934,10.8261,8.5974,48.088
67740,6727,4726,3886,3330,9782,5377,3854,3341,5664,4357,3639,3321,3939,3764,3379,3123,-8.88059,-27.612,8.59026,48.1393
67741,3214,3397,3489,3369,3523,3955,4211,3904,3950,5047,6602,4920,3968,5624,7920,5317,17.5307,6.00643,8.64725,48.2733
67742,3134,3250,3590,3635,3288,3548,4068,4965,3320,3819,5197,9250,3321,3895,5239,8193,13.3684,29.4204,8.69562,47.808
67743,3203,3393,3361,3401,3247,3456,3765,3889,3371,3796,4803,5988,3302,3852,6018,12347,31.1146,30.1282,8.51764,47.4613
67744,3205,3654,4160,4993,3249,3727,5187,8701,3424,3741,4933,7731,3255,3431,4103,4648,-1.58045,25.4178,8.96529,48.0947
67745,3283,3763,4513,5523,3333,3764,5748,9101,3260,3688,4660,6658,3088,3481,3897,4243,-4.94416,22.9395,8.60129,48.002
67746,5514,8647,6094,4243,4640,6103,4920,3959,3822,4044,3775,3469,3303,3331,3277,3222,-20.8578,-5.14948,8.84353,48.242
67747,10904,7340,4164,3521,6058,5124,3888,3513,3886,3973,3493,3211,3316,3317,3203,3119,-26.1311,-20.1569,8.59701,48.02
67748,5664,4438,3606,3361,9632,5174,3775,3387,6664,4522,3586,3141,4108,3848,3426,3167,-5.16981,-30.3396,8.93007,47.666
67749,12391,5971,3977,3466,6410,4702,3709,3380,3979,3764,3383,3182,3334,3439,3179,3181,-26.9825,-30.2624,8.5739,47.6313
67750,3486,3845,5793,12231,3432,3819,4856,5884,3285,3469,3834,3892,3174,3236,3389,3377,-32.5938,32.7157,8.52596,47.3347
67751,3537,3946,4820,4483,3684,4781,7847,5649,3660,4421,6017,4821,3272,3672,4047,3795,-3.90866,9.45166,8.98923,48.3013
67752,3252,3556,4076,4101,3562,3958,5630,5434,3586,4310,7168,6688,3507,3878,4788,4894,4.08736,13.9756,8.6517,48.2587
67753,4930,7004,5519,4117,4850,7044,5398,4033,3921,4168,3935,3573,3445,3598,3420,3337,-15.1731,-4.31753,8.55873,48.1947
67754,3288,3556,4231,4706,3355,3713,4888,8155,3335,3749,4966,8485,3209,3579,4083,4765,0.311411,32.7414,8.66503,48.042
67755,3202,3276,3300,3332,3375,3669,3929,3842,3757,4456,5361,4565,3962,5749,9772,6515,26.583,8.49349,8.75115,48.0413
67756,4227,3912,3283,3177,6436,4538,3681,3275,9720,5256,3841,3365,5835,4540,3649,3309,5.63569,-29.0166,8.7277,48.0293
67757,3392,3421,3246,3086,3850,3795,3705,3267,5824,5626,4071,3537,8612,8532,4604,3572,22.8255,-15.1497,8.85735,48.0933
67758,4222,3864,3501,3146,6819,4569,3644,3395,9768,5096,3945,3370,5623,4356,3661,3322,4.79388,-31.1126,8.7746,48.2007
67759,3343,3394,3183,2990,4032,3749,3502,3217,6315,4940,3940,3484,11410,6621,4054,3515,25.6001,-23.4565,8.50796,47.7927
67760,3052,3152,3341,3366,3345,3505,3788,4189,3470,3872,5042,7475,3438,3895,5662,11327,20.2256,31.5631,8.87009,47.946
67761,3363,3456,3363,3247,3889,4108,3658,3574,4853,6564,5047,3771,5475,8114,5577,3925,17.9857,-6.35261,8.58828,47.9893
67762,4284,6578,7398,4752,4145,5754,6326,4456,3611,3876,4042,3745,3304,3334,3372,3301,-17.7042,1.98734,8.98998,48.1853
67763,4935,5890,4487,3647,5511,8110,5111,3760,4257,4929,4073,3481,3517,3750,3406,3307,-10.073,-8.09552,8.75503,48.114
67764,5667,5862,4124,3508,6821,7501,4260,3526,4803,4772,3931,3492,3691,3760,3419,3212,-9.77477,-14.0487,8.86092,48.2327
67765,3418,3805,5476,8246,3455,3971,5619,8918,3263,3589,4206,4812,3155,3326,3588,3614,-13.7564,23.0668,8.68138,48.3073
67766,3334,3564,4054,4234,3496,4017,5491,5659,3609,4290,6812,7119,3299,3801,4784,4882,3.59021,15.5834,8.59939,48.2967
67767,3167,3356,3568,3558,3203,3566,4071,4535,3431,4106,5640,8172,3388,4001,5906,8603,15.4006,22.574,8.65104,48.1807
67768,12706,5717,3774,3245,5988,4735,3780,3327,3954,3665,3419,3243,3472,3366,3272,3241,-32.9479,-30.9872,8.71429,47.2693
67769,3115,3352,3404,3418,3453,3671,3680,3771,3700,4415,5298,4886,3935,6014,10111,6062,33.658,6.96741,8.85257,48.19
67770,3375,4110,6813,11772,3382,3778,4986,5825,3136,3467,3853,3927,3138,3272,3391,3399,-30.4817,22.3114,8.80862,47.7493
67771,3366,3360,3300,3169,3857,3874,3585,3386,5261,5161,4215,3549,8381,9118,4785,3689,30.3915,-13.7478,8.6022,48.0373
67772,3387,3372,3306,3109,4067,3730,3434,3264,6294,4880,3692,3424,12471,5868,3938,3406,26.0719,-32.1583,8.74392,47.7613
67773,3290,3581,3646,3499,3569,4123,4751,4052,3923,5444,8207,5188,3879,4797,6031,4744,10.6342,6.08995,8.95658,48.4827
67774,3749,4443,5309,4468,3843,5304,8012,5172,3661,4259,5222,4296,3296,3604,3764,3636,-7.67007,6.83433,8.55642,48.0253
67775,3428,3586,3427,3399,3752,4547,4365,3722,4485,7068,6614,4201,4277,5675,5423,4271,10.9608,-0.923312,8.89631,48.16
67776,3779,3956,3805,3407,4545,6127,4585,3617,5020,7653,5208,3722,4216,4716,4177,3622,3.25509,-6.61998,8.71587,48.1033
67777,3065,3259,3635,3828,3260,3690,4373,5475,3449,3963,5680,9316,3333,3794,5038,6812,9.51639,23.8657,8.53005,47.98
67778,3479,3627,3525,3302,3939,4500,4060,3515,4791,7624,5641,3969,4773,6339,5037,4004,12.3078,-5.02677,8.58781,48.0833
67779,3381,3470,3204,3015,3961,3824,3570,3274,5930,5148,3842,3346,10660,7631,4307,3468,25.4554,-19.538,8.81101,48.0207
67780,4399,4007,3542,3242,7285,4674,3745,3322,9089,5121,3784,3297,5434,4347,3591,3354,3.40711,-28.8556,8.83383,48.1553
67781,3294,3895,5433,8882,3342,3798,5237,8978,3300,3553,4038,4723,3100,3237,3567,3546,-14.8536,29.629,8.74759,47.9487
67782,4307,4785,4172,3604,5216,7626,5164,3752,4703,5876,4501,3705,3753,3937,3693,3402,-4.44839,-7.54377,8.55462,48.1307
67783,3069,3273,3458,3352,3245,3525,3941,4001,3341,3924,5028,6121,3436,4294,7451,10884,25.4401,19.8259,8.65078,48.2287
67784,3186,3348,3380,3278,3480,3715,3841,3726,3897,4739,5083,4378,4368,7015,9218,5503,29.4804,3.70685,8.63242,48.1033
67785,3728,4139,4212,3921,4042,5737,6453,4255,4104,5586,6089,4339,3669,4161,4210,3702,-0.398692,1.58316,8.65012,48.2313
67786,3442,3474,3326,3109,3991,3843,3681,3314,5680,5314,3951,3451,9792,8237,4324,3477,33.6618,-17.3347,8.55324,48.2707
67787,3180,3282,3484,3502,3219,3572,4244,4449,3500,4115,6342,7204,3565,4239,6813,7619,16.0424,16.9797,8.93557,48.2193
67788,3469,3461,3358,3067,4252,4299,3639,3322,6621,6668,4361,3523,7063,6868,4431,3540,15.5899,-14.9242,8.59559,47.9613
67789,3504,3587,3416,3249,4077,4685,4066,3523,5459,8149,5105,3879,5132,6241,4692,3739,11.3834,-8.08343,8.91012,48.3353
67790,4052,6434,9687,6053,3748,4641,5285,4619,3396,3650,3813,3635,3184,3275,3374,3321,-25.6307,6.04541,8.79396,48.1113
67791,3430,3382,3389,2974,4119,4026,3480,3288,6722,5173,3986,3427,10134,7112,4116,3446,21.3537,-20.8202,8.59959,48.136
67792,5441,4555,3875,3213,9087,5856,3939,3338,6585,4862,3698,3286,4289,3954,3467,3184,-4.53012,-22.1576,8.69026,48.4193
67793,4208,3841,3525,3273,6800,4704,3644,3236,9473,5309,3807,3351,5696,4419,3658,3214,5.06147,-27.4557,8.69411,48.1053
67794,3019,3445,3767,4104,3426,3747,4627,6080,3441,3781,5628,9502,3228,3704,4730,6157,7.08205,24.7831,8.85461,48.2573
67795,3143,3478,3595,3630,3310,3774,4358,4332,3588,4474,7242,6464,3632,4356,6369,6293,13.6793,13.7655,8.61863,48.0253
67796,3337,3371,3104,3152,3903,3800,3494,3136,5980,4931,3838,3382,12377,6513,4026,3429,29.0777,-24.2213,8.93995,47.8487
67797,3332,3622,3827,3787,3536,4091,5334,4527,3716,4927,7985,5787,3643,4116,5237,4713,6.43752,9.37546,8.52667,48.12
67798,3133,3356,3578,3828,3282,3565,4485,5191,3448,3918,6151,8784,3486,3980,5229,6511,9.85398,20.8257,8.56784,47.95
67799,3367,3477,3147,3043,4247,3848,3393,3254,7458,4968,3787,3371,10843,6140,4010,3504,20.1607,-24.9787,8.73642,47.9047
67800,3067,3166,3264,3393,3199,3435,3946,4038,3350,3780,4849,6079,3331,4004,6646,12087,27.9974,24.0429,8.76781,47.756
67801,3164,3200,3359,3388,3173,3527,3797,3778,3368,3855,5047,5844,3431,4303,7918,10720,27.5135,18.9563,8.91043,47.9147
67802,4369,7252,8943,5254,3952,4832,5345,4460,3369,3801,3863,3671,3119,3371,3366,3236,-24.7218,3.02325,8.90899,48.1353
67803,3087,3392,3478,3620,3215,3672,4288,4593,3404,3890,5657,8213,3559,3989,6055,8303,15.2741,21.5647,8.56335,48.2767
67804,8937,5679,4046,3449,8432,5295,3807,3425,4586,4080,3597,3205,3627,3515,3265,3182,-15.5478,-25.1564,8.50837,48.0847
67805,12260,6124,3985,3501,6103,4805,3791,3437,3985,3903,3484,3305,3357,3354,3154,3210,-27.3106,-32.716,8.54968,47.8387
67806,6587,4814,3622,3359,9740,5521,3937,3382,5829,4509,3622,3239,3861,3847,3371,3159,-7.85528,-26.1765,8.61314,48.266
67807,3548,4632,8335,8864,3427,4085,5605,5922,3331,3508,4077,4071,3026,3195,3418,3404,-22.9201,15.6829,8.61082,48.2987
67808,3944,4764,4540,3838,4421,6935,6466,4216,3987,5270,5176,3828,3524,3852,3857,3592,-5.06405,-0.536191,8.84894,48.14
67809,3316,3855,5013,7357,3401,3798,5279,9696,3263,3591,4257,5387,3230,3346,3611,3799,-10.7738,31.9173,8.59733,48.1327
67810,3118,3121,3358,3334,3264,3423,3779,3826,3385,3732,4810,6158,3369,3830,6130,12686,27.5298,29.6968,8.67239,47.5487
67811,5262,9433,7085,4316,4469,5195,4749,3855,3645,3767,3715,3464,3217,3453,3378,3244,-28.8815,-3.37256,8.80384,48.1647
67812,4969,4315,3551,3335,8678,4979,3678,3348,7703,4750,3675,3331,4509,4040,3626,3160,-1.58547,-33.1672,8.82255,47.7647
67813,4589,4574,3822,3385,6085,7083,4365,3546,5596,6128,4161,3423,4086,4172,3603,3377,-2.20444,-13.1438,8.54482,47.9967
67814,3195,3375,3932,4114,3331,3719,4624,6572,3321,3838,5240,9765,3211,3695,4604,5897,5.34568,27.5883,8.78428,48.2887
67815,3038,3261,3399,3532,3204,3508,3842,3933,3317,3876,4593,6112,3404,3949,6380,12447,26.8742,26.3737,8.78898,47.8633
67816,5970,4583,3748,3319,9591,5622,3799,3338,6353,4628,3653,3239,4110,3843,3394,3101,-6.15637,-24.5342,8.95499,48.194
67817,12656,6129,4039,3405,6133,4728,3755,3312,3909,3668,3366,3254,3319,3350,3251,3219,-26.4079,-33.9557,8.93427,47.662
67818,3224,3321,3375,3361,3307,3503,3789,3727,3609,4378,5411,5039,3886,5312,9934,7239,27.3107,10.3592,8.67573,48.2767
67819,3153,3394,3740,3918,3272,3623,4378,5840,3358,3825,5291,9989,3180,3723,4713,6497,8.019,26.6766,8.93872,47.9293
67820,4436,4009,3452,3193,7435,4982,3712,3291,8699,5489,3799,3322,5177,4328,3530,3230,2.01839,-24.704,8.82651,48.056
67821,3568,4105,4489,4114,3729,5110,7206,4914,3774,4846,6533,4691,3536,3954,4138,3924,-1.52081,6.24611,8.7516,48.4207
67822,11135,6318,4066,3413,6955,5094,3806,3351,4186,3878,3444,3223,3477,3464,3133,2975,-22.1649,-24.0229,8.64994,47.9453
67823,4604,4203,3563,3283,7128,5903,3960,3360,7274,6031,3877,3351,4608,4167,3665,3235,0.0280295,-18.3727,8.9923,48.1413
67824,9783,6994,4131,3564,6884,5471,4019,3459,4104,3942,3539,3230,3411,3495,3235,3039,-20.6317,-19.675,8.6149,48.2
67825,3964,5924,9904,6313,3725,4512,5330,4693,3309,3633,3816,3695,3214,3266,3352,3345,-28.9296,7.38062,8.73118,47.9967
67826,3069,3225,3376,3359,3261,3580,3872,4004,3502,3988,5251,6075,3523,4310,7634,10356,25.0405,18.8667,8.82061,48.2567
67827,5891,5861,4128,3494,7271,7521,4358,3589,4708,4604,3737,3409,3751,3625,3320,3261,-10.4937,-14.7037,8.95341,48.352
67828,3145,3228,3541,3486,3306,3535,3848,3733,3592,4304,5295,5182,3662,5036,9369,7596,33.2314,11.6823,8.62502,47.9053
67829,8241,5117,3775,3287,9423,5337,3823,3358,4839,4227,3489,3302,3672,3510,3343,3080,-12.9929,-27.9907,8.80774,47.882
67830,5407,9144,7286,4353,4341,5080,4794,3921,3618,3810,3660,3564,3314,3272,3352,3172,-28.5356,-3.26543,8.64255,48.0587
67831,3264,3451,4101,4644,3400,3642,4978,7644,3427,3720,4991,8781,3353,3580,4284,4925,1.45481,30.8614,8.57974,48.1233
67832,3408,3439,3193,3157,3925,4000,3512,3229,5791,5140,3886,3396,10512,7751,4142,3323,33.9241,-19.1799,8.70617,47.8693
67833,3325,3450,3238,3113,4112,3926,3484,3226,6991,4934,3836,3384,11693,5854,3851,3386,22.2849,-30.3633,8.55778,47.8687
67834,3471,3383,3250,3177,3879,3794,3430,3214,6020,4779,3732,3374,12042,6672,4062,3339,32.5594,-23.0646,8.99385,47.7453
67835,3079,3180,3441,3453,3233,3519,3956,4383,3408,3865,5078,7664,3289,3898,5929,10612,19.263,26.371,8.66729,47.9913
67836,10755,7515,4167,3519,6012,5168,3843,3422,3825,3845,3512,3139,3339,3385,3182,3176,-25.2744,-19.8209,8.96456,47.8693
67837,3467,3683,3245,3099,4597,4256,3681,3192,8207,6089,3986,3517,7670,5916,4014,3368,13.7937,-19.8576,8.91139,47.9913
67838,3555,3441,3279,3175,4518,4093,3550,3201,8179,5477,3925,3410,9235,5979,3938,3381,16.5207,-23.1631,8.76714,48.224
67839,3385,4339,7143,8918,3488,3990,5760,6845,3208,3601,4027,4092,2980,3314,3452,3389,-19.4375,18.1565,8.90637,47.954
67840,3833,3805,3669,3230,4776,5508,4168,3480,6065,8067,4765,3632,4821,5190,4098,3566,6.41025,-10.8567,8.68285,48.4487
67841,3057,3296,3407,3296,3438,3686,3916,3745,3810,4418,5334,4607,4155,6121,9790,6008,28.4244,6.27958,8.81732,48.056
67842,4227,5118,4253,3613,5105,7727,5401,3777,4377,5480,4440,3671,3761,3875,3568,3421,-5.7624,-5.85924,8.57333,47.876
67843,6521,9680,5790,3998,4765,5518,4607,3806,3795,3819,3521,3441,3330,3394,3375,3110,-25.7257,-8.14737,8.65752,48.3133
67844,3201,3487,3889,4147,3416,3703,4957,6150,3368,3930,6309,8624,3277,3796,4764,5516,5.31295,19.6801,8.91847,48.356
67845,11191,7079,4157,3502,5974,5022,3923,3418,3971,3829,3505,3414,3324,3362,3210,3086,-27.568,-21.28,8.54008,47.978
67846,5350,8326,6220,4196,4668,6207,4989,3885,3840,4036,3760,3518,3252,3393,3358,3150,-19.5805,-4.52584,8.84175,48.0987
67847,4381,3910,3482,3308,7408,4823,3696,3255,9177,5025,3751,3346,5189,4391,3602,3355,2.90397,-30.3973,8.63072,48.066
67848,3284,3443,3828,4126,3305,3673,4703,6372,3508,3807,5207,9424,3354,3640,4591,5857,5.29565,33.3227,8.56632,48.0813
67849,3202,3330,3378,3435,3409,3624,3865,3833,3670,4313,5161,5208,3697,5230,9591,7218,33.1925,10.9979,8.55917,48.1093
67850,3443,4071,6269,7481,3464,4041,6174,7719,3237,3722,4181,4498,3278,3278,3568,3625,-14.6151,18.5336,8.61699,48.0327
67851,4848,6754,5382,3983,4882,7392,5509,4021,3878,4341,3955,3483,3432,3520,3432,3280,-14.0339,-4.77421,8.9391,48.0613
67852,6294,5502,4022,3473,8176,6741,4099,3444,5057,4538,3702,3421,3748,3681,3351,3207,-9.92596,-17.6516,8.8214,48.304
67853,5978,6705,4499,3636,6079,7600,4538,3652,4202,4491,3729,3367,3606,3590,3392,3240,-13.3035,-11.7108,8.59154,48.2027
67854,3519,3453,3299,3142,4294,4103,3675,3295,7436,5550,3872,3356,9039,6472,4086,3469,17.6835,-19.9382,8.8457,48.04
67855,11714,5997,4072,3356,6685,4948,3816,3372,3829,3798,3422,3290,3332,3358,3110,3055,-22.7273,-33.923,8.73165,47.436
67856,4190,4069,3657,3256,5827,5988,4093,3503,6519,7063,4253,3557,4751,4581,3852,3375,2.66378,-14.1006,8.7231,48.356
67857,3154,3349,3485,3572,3190,3588,4116,4533,3336,3952,5623,8179,3353,3989,6121,8831,16.2848,22.2132,8.6609,48.2473
67858,3368,3468,3469,3274,3626,3951,3980,3547,4267,5885,6146,4334,4480,6689,7253,4499,17.5267,0.772201,8.62388,48.1573
67859,3170,3441,3814,4197,3346,3737,4852,6143,3386,3878,5851,8939,3280,3738,4616,5729,5.8386,21.7065,8.76633,48.078
67860,3281,3441,3667,3762,3545,4052,5086,4343,3667,4864,8240,5571,3621,4262,5538,4904,8.7099,8.89664,8.69916,47.896
67861,3416,3337,3198,3091,3824,3742,3459,3279,6037,4710,3694,3435,12949,5840,3934,3399,29.752,-31.0874,8.97002,47.5627
67862,3429,3425,3153,3082,3990,3879,3419,3287,6665,4822,3655,3443,12221,5975,3996,3331,24.0242,-28.434,8.86722,47.848
67863,3384,3336,3303,3185,3897,3800,3484,3327,5456,5084,4132,3557,9337,8715,4502,3571,33.4196,-15.8013,8.64622,48.0467
67864,4142,4015,3489,3260,6160,5228,3870,3451,8077,6463,4019,3427,5126,4631,3862,3323,4.23643,-18.315,8.67585,48.362
67865,3150,3343,3451,3354,3334,3620,3864,3860,3726,4374,5784,5307,3792,5244,8983,7111,22.5348,10.9318,8.54898,48.198
67866,3659,4818,9370,8744,3564,4031,5116,5391,3290,3534,3666,3839,3145,3237,3351,3378,-31.4185,13.6915,8.93731,48.0887
67867,3443,3424,3265,3122,3895,3743,3267,3235,5961,4581,3803,3339,12421,5980,3974,3440,30.8711,-33.6294,8.73587,47.262
67868,3459,3489,3214,3004,4063,3948,3491,3158,6845,5594,4018,3452,9465,7125,4243,3531,20.0534,-18.8522,8.95942,48.066
67869,3437,3662,4109,4000,3614,4259,5716,4736,3705,4898,7720,5586,3594,4087,4872,4564,4.57872,9.3133,8.58255,48.3727
67870,7819,5418,3928,3484,9067,5663,3902,3348,4918,4239,3535,3299,3620,3605,3269,3127,-13.327,-23.3411,8.81497,48.1607
67871,3486,3796,3935,3815,3803,4769,5843,4284,3917,5700,7476,4760,3738,4153,4686,4043,3.61298,4.19805,8.94505,48.136
67872,3856,4191,4183,3728,4341,6511,5727,3983,4273,6186,5556,4010,3777,4091,3918,3706,-0.812598,-1.67694,8.85071,48.0247
67873,3848,3910,3842,3403,4556,5913,4485,3647,5202,7686,5171,3853,4385,4844,4137,3549,3.86356,-7.59665,8.80595,48.2873
67874,3152,3268,3651,3743,3342,3653,4456,5128,3435,3974,6622,8467,3407,3874,5381,6716,10.6056,19.1789,8.83661,48.1793
67875,4187,3805,3531,3171,6786,5072,3624,3242,8793,5887,3887,3329,5489,4392,3645,3258,3.87363,-22.3672,8.71447,48.0653
67876,3171,3456,3885,4013,3393,3861,5019,5332,3409,4175,6920,7659,3520,4068,4982,5514,7.1335,16.5324,8.65658,48.2513
67877,3319,3771,4764,6152,3323,3806,5673,9614,3295,3544,4552,5904,3096,3480,3725,3916,-7.55904,24.0697,8.80113,47.956
67878,8223,5208,3726,3377,9468,5298,3837,3387,4997,4161,3579,3227,3769,3539,3300,3078,-12.851,-28.3085,8.95884,48.116
67879,3378,3476,3258,3185,3855,3851,3459,3367,5719,5010,3903,3355,10738,7807,4091,3301,31.5553,-19.492,8.92607,47.8353
67880,3386,3487,4055,4633,3334,3620,4901,7731,3427,3756,4884,8782,3239,3622,4264,5002,1.56132,30.5966,8.74549,48.082
67881,3071,3310,3589,3577,3320,3754,4406,4288,3688,4384,7274,6401,3734,4643,6741,6103,13.8758,12.7297,8.57678,48.1887
67882,9142,5743,3929,3436,8396,5521,3885,3362,4446,4002,3497,3296,3524,3516,3205,3140,-16.1997,-24.4137,8.50499,48.0267
67883,5227,5992,4374,3527,6070,8062,4867,3637,4508,4874,4056,3374,3645,3659,3370,3227,-10.3464,-10.3779,8.66912,48.3127
67884,3374,4108,6478,8926,3439,3853,5551,7469,3265,3520,4112,4410,3112,3255,3521,3396,-17.7802,20.4828,8.62446,47.8593
67885,3617,4723,9279,8528,3545,4163,5290,5223,3328,3557,3974,3729,3083,3311,3387,3375,-30.3884,13.7229,8.67508,48.0747
67886,5091,5746,4395,3600,5988,8173,4932,3527,4482,4903,3978,3499,3591,3778,3533,3395,-9.57857,-9.54304,8.87238,48.4073
67887,4599,6775,6315,4294,4435,6616,6018,4346,3805,4081,4044,3614,3387,3436,3433,3383,-15.893,-1.44251,8.66782,48.3873
67888,3102,3341,3421,3442,3348,3770,4170,4065,3743,4625,6489,5417,3718,5039,8218,6385,18.38,10.1578,8.55102,48.1953
67889,3328,3347,3897,4186,3315,3808,4888,6619,3317,3866,5560,8930,3293,3636,4426,5583,4.33375,23.3243,8.72088,47.9993
67890,6045,6848,4584,3539,6102,7329,4555,3606,4207,4315,3902,3377,3578,3581,3379,3238,-14.4668,-11.6372,8.5331,48.1233
67891,3656,4816,8854,8211,3493,4070,5564,5534,3384,3530,3990,3855,3134,3262,3412,3344,-23.3407,13.8096,8.83141,48.0727
67892,3218,3221,3364,3297,3219,3404,3734,4013,3332,3759,4827,5838,3316,3924,6603,12349,30.5814,24.5823,8.79201,47.612
67893,12568,6084,3936,3376,6404,4854,3686,3379,3948,3782,3437,3167,3340,3332,3306,3084,-25.6919,-27.8091,8.92394,47.7887
67894,3143,3244,3425,3468,3146,3560,4056,4222,3352,3885,5024,7780,3310,4085,5716,10448,18.7286,33.6024,8.70583,47.9093
67895,3603,3510,3262,3124,4710,3919,3458,3204,8863,5265,3886,3376,8993,5577,3851,3346,15.4239,-27.3824,8.79241,47.9647
67896,3372,3386,3321,3095,3742,3806,3576,3283,5249,5721,4221,3591,7499,9349,5104,3749,23.9468,-11.7556,8.56928,48.0427
67897,3144,3286,3546,3632,3191,3568,4155,4720,3385,3869,5476,8865,3339,3904,5537,8683,14.7017,25.0983,8.75727,48.2
67898,3306,3720,4236,4206,3566,4259,6201,5564,3528,4323,7051,6183,3454,3838,4539,4498,2.10128,12.8969,8.6019,48.3147
67899,3332,3307,3290,3170,3726,3790,3676,3532,4527,5263,4580,3786,5886,9772,6395,4254,28.8077,-5.90434,8.7116,48.1907
67900,3307,3385,3267,3162,3825,3754,3511,3354,5273,5201,4137,3540,8309,9242,4868,3642,29.2426,-13.4456,8.83174,47.8513
67901,5514,9115,7134,4389,4368,5276,4827,3980,3559,3794,3676,3495,3265,3345,3284,3263,-27.172,-3.44815,8.58651,48.1893
67902,3352,4125,6473,10016,3442,3809,5330,7425,3189,3506,3942,4144,3101,3275,3418,3478,-19.1373,21.983,8.80324,48.0167
67903,3250,3581,4310,5160,3250,3673,5115,8798,3333,3755,4851,7653,3205,3484,4164,4522,-1.87941,27.9992,8.68072,48.0693
67904,3663,3964,3729,3439,4474,5770,4466,3620,5072,7885,5407,3996,4288,4913,4279,3633,4.82133,-6.1358,8.91078,48.3987
67905,4987,4588,3753,3278,7902,6328,3959,3430,6243,5277,3853,3397,4247,4042,3602,3250,-3.44117,-18.2331,8.99216,48.0907
67906,3196,3322,3683,3535,3349,3727,4390,4195,3626,4618,7490,6060,3620,4533,6781,5927,13.8797,11.4181,8.67013,48.0347
67907,3237,3334,3196,3114,3979,3778,3504,3190,6060,4953,3833,3433,11342,7249,4200,3387,26.7763,-20.9778,8.91713,47.8593
67908,3758,3657,3271,3055,5219,4185,3579,3320,9687,5669,3803,3373,7359,5121,3766,3338,11.0523,-25.1776,8.82478,48.1067
67909,3603,3427,3300,3114,4502,4005,3599,3252,8437,5412,3869,3480,9329,5711,3948,3402,15.9085,-24.0757,8.60969,48.26
67910,5091,6978,5120,3684,5175,7527,5371,3827,4048,4304,3990,3506,3386,3588,3358,3131,-13.9097,-6.77037,8.80204,48.056
67911,4953,4805,3824,3438,6928,7047,4343,3495,5536,5515,4029,3372,4012,3989,3599,3233,-4.15666,-14.6781,8.7309,48.0787
67912,5682,6086,4220,3635,6515,7552,4598,3647,4412,4571,3764,3358,3637,3587,3440,3204,-11.316,-12.648,8.73008,47.9387
67913,3349,3935,6003,12046,3376,3896,4794,6536,3234,3545,3837,4016,3162,3178,3288,3383,-24.221,29.5365,8.63234,47.7187
67914,3324,3268,3217,3169,3770,3868,3594,3361,4795,5595,4456,3742,6428,9658,5862,4095,25.2357,-7.98208,8.77692,48.1347
67915,3442,3355,3186,3120,4005,3843,3600,3223,6357,5208,3899,3470,10146,7178,4314,3418,22.6627,-19.376,8.61689,47.8427
67916,10713,5651,3957,3385,7659,5044,3793,3426,4206,3977,3457,3271,3354,3381,3230,3198,-19.0901,-32.1184,8.75359,47.8013
67917,4210,3792,3474,3183,6088,4915,3686,3359,8730,6239,4015,3413,5424,4634,3616,3343,5.38128,-20.5839,8.82706,48.0807
67918,3414,3336,3206,3094,3939,3709,3492,3127,6268,4876,3858,3366,12199,6224,4003,3494,26.6188,-25.4618,8.67082,47.7367
67919,3295,3358,3379,3205,3621,3806,3671,3294,4828,5283,4530,3776,6372,9874,5868,3728,32.8603,-8.043,8.69479,47.9253
67920,4971,8275,7742,4577,4234,5291,5173,4129,3601,3837,3794,3481,3265,3356,3435,3210,-24.6854,-1.00046,8.81317,48.2473
67921,3422,3850,6316,12337,3345,3699,4955,6038,3204,3358,3788,3898,3083,3185,3480,3532,-32.9868,25.8956,8.77653,47.66
67922,3375,3357,3200,3090,3888,3775,3600,3316,5303,5299,4013,3613,8884,9169,4675,3660,28.0769,-14.6803,8.87498,48.1447
67923,3936,3847,3405,3320,4989,4971,3900,3393,7151,7481,4356,3502,5393,5227,4025,3517,7.889,-14.325,8.62283,48.2753
67924,6682,7071,4518,3562,6537,6834,4338,3582,4150,4272,3696,3396,3663,3617,3344,3073,-15.6066,-13.8152,8.61585,48.2233
67925,2996,3292,3542,3461,3206,3475,4050,4603,3425,3991,5328,8774,3368,3988,5651,8850,15.2401,25.0986,8.93515,48
67926,3774,3640,3378,3211,5264,4371,3584,3224,9580,5848,3904,3373,7000,5048,3822,3369,9.90916,-23.0992,8.77511,48.26
67927,3426,3448,3281,3134,3868,3881,3529,3271,5410,5211,4015,3625,8152,9175,4705,3583,33.9329,-13.7356,8.96175,47.8093
67928,3292,3377,3380,3362,3347,3664,3913,3728,3694,4373,5681,5090,3873,5522,9451,6826,23.3468,9.68526,8.80922,48.382
67929,3543,4376,6854,7079,3586,4175,6570,6767,3399,3695,4289,4214,3257,3354,3561,3517,-15.536,14.9308,8.58062,48.1573
67930,3837,4607,6054,4879,3840,5277,7919,5341,3416,3988,4815,4138,3293,3494,3599,3638,-10.3726,7.28713,8.79315,48.09
67931,5373,9293,6837,4181,4616,5185,4547,4085,3629,3866,3633,3436,3317,3433,3348,3295,-33.3909,-4.15534,8.64404,48.0493
67932,6793,6715,4425,3577,6914,6973,4200,3468,4365,4330,3702,3358,3603,3548,3333,3101,-14.6622,-14.8044,8.85304,48.27
67933,3568,3795,3666,3374,4161,5356,4373,3755,4809,7677,5982,4026,4384,5108,4497,3857,7.04301,-4.31684,8.53923,48.2587
67934,3249,3431,3461,3281,3942,4160,3949,3569,4914,6942,5520,3913,5091,7359,5640,4034,16.1684,-4.44102,8.65098,48.3033
67935,3413,4413,7852,10151,3345,3914,5204,5604,3195,3497,3877,3987,3039,3174,3406,3349,-31.3865,18.1507,8.61564,47.6133
67936,12581,5990,3860,3379,6156,4894,3728,3449,3830,3674,3405,3163,3347,3424,3215,3136,-26.3377,-32.1929,8.84842,47.4873
67937,3105,3333,3489,3435,3388,3666,4075,3972,3610,4266,6176,5709,3647,4858,8247,7278,19.7433,12.7445,8.69717,48.1693
67938,10582,5691,3924,3390,7919,5078,3696,3365,4361,3968,3413,3201,3457,3503,3286,3024,-18.9348,-28.2969,8.87292,47.9053
67939,5318,8120,6074,4211,4742,6539,5220,4040,3750,4024,3798,3506,3335,3379,3337,3210,-18.5964,-4.46508,8.6098,48.402
67940,5524,8697,6128,4098,4677,6217,4770,3943,3827,3993,3668,3516,3333,3401,3369,3176,-20.72,-5.56489,8.76416,48.2247
67941,5199,4603,3791,3313,8091,6469,4012,3402,6283,5082,3813,3305,4100,3919,3575,3182,-4.38404,-19.232,8.89569,48.0927
67942,3568,3470,3321,3193,4381,4053,3519,3256,7189,5535,4036,3325,9101,6787,4154,3482,17.99,-19.6918,8.82801,48.2467
67943,3760,4775,6747,5306,3705,5032,7615,5613,3404,4068,4486,4142,3238,3304,3631,3512,-12.9826,8.69342,8.5282,48.2253
67944,3604,4347,5379,4753,3702,4846,8230,5829,3508,4011,5202,4560,3241,3532,3811,3664,-8.43882,9.41133,8.84708,48.146
67945,12419,6198,4019,3251,6293,4691,3801,3350,3956,3801,3479,3335,3310,3371,3145,3152,-27.0774,-27.8736,8.52894,47.714
67946,5214,4290,3597,3258,8837,5355,3802,3370,7399,4825,3798,3471,4523,4041,3442,3267,-2.69699,-24.603,8.72912,48.326
67947,3492,3494,3174,3045,4357,4011,3465,3223,7581,5337,4015,3384,10108,6077,4071,3426,19.0392,-23.375,8.8236,48.1733
67948,3577,3638,3174,3202,4736,4311,3650,3302,8937,5788,3831,3404,7927,5571,3851,3369,13.1805,-21.9784,8.9012,48.1787
67949,4119,4578,4197,3718,4846,7622,5585,3860,4430,5972,4649,3793,3654,4087,3793,3381,-3.48457,-4.90142,8.99916,48.1893
67950,6375,9154,5502,3854,5051,6077,4508,3730,3720,3948,3752,3425,3347,3488,3303,3193,-21.4027,-8.66512,8.76565,48.2847
67951,3336,3877,6153,11847,3464,3768,4887,6842,3249,3426,3839,4041,3180,3157,3425,3388,-23.1491,26.9516,8.79669,47.9193
67952,7009,8433,4940,3720,5584,6175,4405,3554,3952,4048,3640,3367,3543,3529,3340,3087,-19.5395,-12.1079,8.90114,48.2173
67953,3575,4184,6212,6570,3453,4233,7010,7280,3364,3725,4386,4515,3063,3328,3644,3574,-13.2972,15.823,8.6671,48.0773
67954,4848,7975,8442,4761,4161,5002,5150,4061,3569,3908,3774,3639,3165,3233,3271,3200,-24.752,0.307269,8.88346,48.106
67955,3424,3907,4587,4257,3479,4487,7033,5606,3566,4503,6585,5373,3422,3675,4259,4132,-1.04066,11.0433,8.50252,48.1967
67956,3509,3433,3282,3167,3740,3812,3686,3402,5044,5340,4197,3624,7195,9851,5247,3783,29.5494,-10.4514,8.61657,48.208
67957,3314,3478,3517,3519,3809,4310,4490,3842,4214,6350,7151,4542,4159,5497,5953,4435,11.9504,1.75471,8.69659,48.3867
67958,3218,3417,3974,4229,3291,3736,4810,6735,3399,3768,5417,9354,3237,3538,4396,5523,4.33319,25.1265,8.99596,48.028
67959,3280,3642,4146,4724,3385,3765,4819,8115,3346,3735,5027,8383,3354,3632,4138,4684,0.456682,32.702,8.51502,48.1167
67960,3415,3992,6199,9966,3501,3816,5169,7639,3266,3445,3948,4403,3187,3240,3420,3404,-18.5236,23.3763,8.8512,48.0067
67961,4145,5715,7492,5324,3889,5363,7071,4931,3390,3837,4202,3778,3284,3325,3388,3353,-16.4952,5.39367,8.97158,48.3247
67962,3162,3478,3360,3230,3502,3734,3916,3762,3904,4803,6021,4776,3978,5987,9115,5663,21.2379,6.3809,8.67406,48.2607
67963,3106,3208,3438,3434,3194,3376,3716,3927,3283,3716,4765,6158,3375,3992,6346,12254,27.9037,25.9217,8.79345,47.5253
67964,3772,5190,8623,6280,3606,4527,6529,5257,3312,3779,4021,4024,3132,3335,3583,3386,-19.2784,9.7163,8.82301,48.2373
67965,3510,3604,3741,3480,3811,4416,4757,4057,4117,6208,7307,4682,4012,4894,5369,4284,9.10814,2.2081,8.64186,48.166
67966,3930,3982,3724,3404,4893,6074,4270,3583,5414,7543,4817,3640,4454,4841,3891,3539,3.20566,-8.99515,8.61999,47.9993
67967,3171,3270,3397,3242,3450,3635,3822,3705,3797,4379,5148,4812,3958,5924,10040,6205,33.7386,7.5233,8.94056,47.97
67968,3595,4310,6609,6363,3456,4469,7270,6317,3348,3670,4447,4226,3245,3401,3673,3490,-13.8086,12.8987,8.84468,47.926
67969,11840,5872,3912,3476,6850,4847,3771,3412,4036,3796,3432,3181,3422,3387,3163,3114,-22.5739,-31.8859,8.57075,47.674
67970,3479,3407,3272,3111,4156,3861,3518,3197,7124,4937,3711,3405,11293,6037,3908,3352,21.7128,-26.309,8.57116,47.8453
67971,3486,3510,3309,3101,4121,3913,3538,3300,6078,5488,3963,3602,9287,7973,4319,3580,22.6558,-17.4226,8.70855,48.3787
67972,5168,8772,7565,4391,4243,5212,4779,4013,3566,3782,3691,3585,3344,3406,3248,3286,-26.7084,-2.02877,8.78704,48.034
67973,3328,3672,4476,5400,3368,3762,5048,9218,3365,3747,4855,6992,3261,3411,3883,4219,-3.73248,33.5884,8.69653,48.0033
67974,6420,4556,3716,3322,9966,5089,3653,3246,5857,4464,3695,3377,3932,3644,3322,3164,-7.54105,-31.2714,8.89745,47.6153
67975,6635,6219,4266,3492,7028,7090,4356,3575,4638,4424,3794,3269,3579,3601,3413,3062,-12.706,-15.2755,8.7654,48.294
67976,3245,3422,3362,3165,3756,3814,3553,3368,5160,5433,4301,3610,7833,9512,5099,3681,27.0577,-12.2803,8.71669,48.2093
67977,3439,3729,3542,3527,3865,4671,4853,3916,4324,6518,7119,4547,4074,5056,5045,4128,8.08299,0.758204,8.64969,48.2353
67978,5690,6434,4634,3609,6039,8044,4646,3625,4375,4591,3875,3491,3579,3606,3481,3174,-12.1966,-11.3291,8.95053,48.5953
67979,12551,5890,3916,3341,5831,4653,3729,3307,3819,3719,3469,3297,3351,3493,3375,3139,-33.4604,-32.7197,8.7931,47.2533
67980,3313,3939,6268,12503,3401,3797,4904,6096,3238,3391,3752,3936,3109,3321,3291,3335,-26.4262,25.7314,8.92507,47.7293
67981,3223,3550,4027,4077,3361,4041,5577,5552,3605,4336,7352,6595,3435,3894,4841,4859,4.53037,13.8009,8.77979,48.2167
67982,3762,3665,3369,3112,5250,4363,3719,3242,9211,5927,3993,3399,7125,5182,3934,3379,10.435,-22.2424,8.62382,48.4213
67983,4745,7595,6999,4357,4375,5950,5653,4200,3686,3822,3955,3527,3299,3415,3414,3235,-19.0353,-1.02161,8.91992,48.1513
67984,3924,4216,4001,3480,4848,6440,4667,3671,5001,7107,4995,3720,4158,4572,4023,3562,1.32648,-7.15902,8.62678,48.2567
67985,3341,3463,3341,3232,3952,4316,3766,3525,5361,7534,4850,3842,5597,7272,5023,3704,15.0251,-8.4991,8.99531,48.0793
67986,4485,4702,3987,3502,5845,7587,4584,3633,4970,6158,4271,3431,3905,4077,3673,3305,-3.43876,-10.6583,8.60323,48.0767
67987,11264,7470,3989,3480,5860,4984,3896,3366,3922,3835,3523,3270,3408,3378,3281,3120,-31.6733,-20.5179,8.87154,48.0307
67988,3230,3532,3397,3272,3680,3935,4018,3782,4201,5715,6190,4385,4457,6712,7168,4762,17.6133,1.09629,8.87292,48.2907
67989,3085,3296,3312,3404,3436,3621,3757,3672,3827,4422,5111,4595,3894,6010,9960,6421,31.0888,7.34508,8.81903,47.882
67990,3222,3410,3397,3248,3472,3625,3785,3692,3775,4595,5278,4643,4039,6346,9778,6191,27.2469,6.29804,8.74544,48.3307
67991,12136,6247,4079,3461,6690,4856,3717,3329,4022,3773,3418,3183,3465,3416,3079,3104,-23.654,-26.6423,8.92289,47.9833
67992,6818,5287,3898,3322,9104,6157,3970,3463,5144,4250,3637,3343,3823,3732,3325,3222,-10.2788,-20.9132,8.95867,48.33
67993,8685,5896,3963,3359,8165,5756,3989,3416,4465,4116,3579,3259,3537,3554,3292,3027,-16.2658,-21.436,8.85558,48.0387
67994,4309,5216,4443,3809,4873,7884,5786,3936,4196,5320,4577,3617,3650,3771,3620,3395,-6.524,-4.84381,8.61449,48.268
67995,3378,3419,3355,3214,3919,3820,3385,3215,6150,4575,3692,3384,12660,5900,3723,3294,33.0859,-29.128,8.77412,47.3887
67996,3341,3442,3229,3118,3791,3971,3589,3329,5468,5901,4228,3653,7423,9190,4957,3681,22.3236,-11.9153,8.9261,48.2073
67997,3327,3626,3773,3643,3751,4274,5057,4394,3925,5500,8002,5206,3716,4648,5389,4569,8.20182,6.04548,8.59592,48.5333
67998,3450,3444,3191,3076,4295,3983,3633,3326,6451,6578,4304,3627,7334,7487,4373,3534,16.9846,-14.7655,8.93299,48.0573
67999,3814,4438,4756,4325,3983,6067,7505,4541,3756,4697,5469,4273,3459,3807,3840,3728,-5.16635,3.20917,8.90282,48.3053
68000,4011,3800,3417,3172,5961,4420,3541,3309,9672,5247,3937,3412,6379,4701,3758,3337,7.74421,-29.63,8.61191,48.0493
68001,12210,6431,3958,3426,5932,4858,3729,3421,4025,3865,3518,3220,3295,3473,3179,3087,-28.3904,-25.4426,8.6386,47.7513
68002,3443,3603,3797,3745,3437,4172,5411,4551,3697,5002,8120,5627,3677,4113,5345,4701,6.78266,9.31754,8.67297,48.294
68003,5094,6986,5336,4023,4987,7373,5293,3826,3936,4297,3911,3483,3458,3584,3375,3199,-14.3621,-5.68447,8.81872,48.1073
68004,5701,6809,4741,3825,5664,7551,4852,3719,4106,4454,3853,3415,3458,3620,3402,3151,-13.8245,-9.73954,8.80232,48.214
68005,3593,3773,3832,3601,3960,4924,5092,4039,4178,6554,7147,4375,3917,4642,4875,4124,5.72985,1.25663,8.96895,48.4173
68006,3331,3464,3263,3078,4138,3906,3428,3208,6702,5101,3869,3335,11266,6769,4047,3442,22.9323,-22.7443,8.59382,48.2313
68007,3349,3326,3195,3150,3824,3858,3603,3142,5749,5022,3972,3428,9778,8433,4475,3559,28.8061,-17.1399,8.84784,47.9087
68008,7285,9684,5299,3795,5037,5438,4262,3582,3767,3844,3566,3341,3401,3318,3286,3147,-27.1842,-10.6971,8.69517,48.0347
68009,3963,4136,3574,3318,5084,6145,4366,3573,5876,7620,4698,3636,4519,4720,3911,3529,3.46142,-10.9401,8.66908,48.4453
68010,3415,3407,3171,3090,4073,3799,3472,3209,7079,4899,3848,3372,11521,5939,3982,3390,21.6528,-28.584,8.80736,47.7773
68011,4243,4588,4083,3455,5178,7555,4978,3674,4883,6311,4459,3594,3926,4126,3826,3420,-2.64918,-8.08275,8.67867,48.1993
68012,3423,3422,3249,3061,4076,3897,3580,3234,6152,5290,3887,3429,9621,7600,4298,3607,22.8707,-18.2298,8.65006,47.884
68013,3833,3859,3428,3285,4922,5030,3982,3415,6711,7807,4473,3562,5155,5311,4214,3516,7.54959,-13.4288,8.82876,48.3353
68014,3600,3600,3425,3245,4299,4277,3782,3283,6407,7209,4333,3586,6399,6777,4488,3572,14.3439,-13.0575,8.63614,48.188
68015,3064,3307,3395,3433,3212,3540,3754,3984,3320,3793,4762,5917,3459,3853,6607,12295,31.7369,24.8822,8.9981,47.7967
68016,3401,3469,3248,3240,3854,3778,3303,3259,5829,4702,3782,3340,12566,5944,3818,3448,31.5759,-32.9033,8.76511,47.3207
68017,3329,3380,3322,3083,3707,3806,3589,3319,4651,5342,4504,3720,6436,10042,5872,3933,27.3558,-7.89563,8.75362,48.0233
68018,3194,3438,3503,3510,3346,3797,4257,4445,3519,4165,7112,7127,3508,4298,6431,6634,13.6574,14.9205,8.77082,48.1893
68019,5258,6008,4491,3716,6008,8001,4705,3692,4261,4712,3809,3553,3617,3710,3556,3279,-10.9451,-10.3425,8.58877,48.2507
68020,7241,5994,4108,3384,8032,6417,4068,3497,4598,4275,3669,3409,3581,3627,3433,3176,-13.4438,-18.1565,8.9063,48.3393
68021,5609,9300,6914,4378,4452,5060,4657,3918,3711,3706,3745,3524,3134,3393,3320,3232,-28.9102,-4.18593,8.60046,48.0353
68022,9465,5941,3954,3441,8124,5444,3889,3458,4307,4116,3525,3217,3436,3473,3119,3072,-17.1448,-23.384,8.86345,47.9873
68023,3125,3501,3937,4270,3348,3707,4755,6687,3251,3829,5285,9492,3282,3629,4549,5328,4.61382,33.834,8.72512,47.9833
68024,3386,3675,4724,6495,3408,3842,5254,9906,3326,3577,4314,5930,3359,3392,3750,3845,-8.24587,31.0329,8.78982,48.122
68025,3398,3833,5385,8924,3325,3913,5232,8915,3311,3468,4094,4673,3083,3248,3583,3526,-14.9048,30.8525,8.5701,47.9407
68026,3239,3219,3490,3408,3398,3704,4030,4070,3712,4548,6432,5638,3713,4865,8212,7027,18.8992,11.8506,8.61988,48.47
68027,3978,3970,3610,3326,5288,5547,4057,3401,6650,7328,4312,3539,4797,4888,3925,3443,4.57366,-13.6443,8.64445,48.0393
68028,3207,3452,3783,3992,3311,3719,4600,5670,3457,3969,5982,9118,3420,3723,4867,6010,7.45738,21.4025,8.76924,48.1867
68029,11167,7478,4267,3446,6051,4984,3833,3377,3932,3714,3399,3129,3437,3461,3196,3009,-27.0223,-20.7475,8.80083,47.92
68030,3483,4589,8137,9799,3374,3882,5331,5812,3094,3446,3858,4042,3037,3195,3439,3471,-25.3115,17.6414,8.77255,47.9927
68031,8269,5517,3871,3426,8870,5686,3911,3415,4797,4040,3518,3292,3661,3506,3313,3139,-14.0587,-23.5013,8.91319,48.154
68032,3381,3988,5409,6670,3373,3995,6653,8287,3337,3652,4499,4961,3171,3450,3719,3815,-11.0448,18.9802,8.65099,48.24
68033,3095,3328,3520,3521,3187,3445,4065,4648,3317,3863,5167,8657,3366,3936,5423,9283,15.7505,27.1037,8.58572,47.8807
68034,3852,4802,6223,4927,4030,5486,7715,4934,3513,4076,4608,4046,3355,3404,3591,3539,-11.9011,5.97893,8.70207,48.0673
68035,3367,3841,5748,9550,3380,3824,5226,8211,3194,3348,3971,4456,3241,3221,3395,3510,-17.0332,25.436,8.68162,47.6553
68036,3835,5500,9054,6368,3849,4476,6179,5170,3387,3690,3914,3821,3119,3297,3466,3343,-21.3242,9.45772,8.96579,48.312
68037,10746,7828,4234,3437,5842,4976,3900,3400,3885,3795,3629,3166,3474,3331,3308,3074,-27.2088,-19.0929,8.85957,48.0167
68038,3802,3717,3370,3176,5132,4525,3659,3330,8278,6417,4108,3449,6502,5484,3900,3456,10.0273,-19.2193,8.65196,48.2033
68039,5262,4417,3674,3271,9035,5305,3752,3300,7226,4917,3663,3287,4385,4070,3403,3244,-2.79405,-25.3579,8.96506,48.1407
68040,3138,3303,3527,3479,3294,3669,4200,4067,3552,4462,6664,5773,3563,4575,7923,6954,18.2771,12.3716,8.51792,48.0953
68041,3182,3457,4306,5120,3302,3674,5141,9015,3323,3788,4873,7756,3348,3445,4002,4582,-1.97872,28.6238,8.85272,48.2093
68042,3221,3603,4679,5898,3450,3788,5140,9832,3272,3706,4473,6401,3093,3346,3787,4089,-5.57943,31.7102,8.96536,47.852
68043,3332,3359,3187,2981,4012,3879,3535,3257,6324,5366,3972,3528,9459,7758,4510,3606,22.732,-17.4514,8.52998,48.0433
68044,3042,3330,3658,3729,3215,3537,4293,5577,3339,3838,5644,9657,3284,3774,5098,6815,9.56802,24.6144,8.79183,47.8867
68045,3127,3379,3634,3817,3479,3752,4717,5114,3434,4218,7079,7720,3404,3946,5602,6051,9.92973,16.6189,8.85022,48.3153
68046,3427,3345,3302,3073,4158,4131,3621,3276,6662,6042,4134,3401,8734,7137,4294,3496,18.8192,-17.148,8.64573,48.1553
68047,10915,7559,4280,3508,5794,4898,3922,3337,3817,3772,3569,3273,3343,3328,3214,3115,-30.0703,-20.2768,8.57417,47.7627
68048,3246,3414,3478,3291,3483,3834,4029,3803,4093,5191,6340,4595,4203,6105,8044,5281,18.9346,4.34426,8.63174,48.2867
68049,3860,3477,3336,3177,5185,4367,3641,3349,9740,5198,3844,3384,7366,5039,3939,3419,11.1554,-32.4146,8.51151,48.214
68050,11614,6681,4048,3313,6275,5054,3856,3420,4032,3816,3467,3224,3400,3415,3252,3049,-24.9431,-24.084,8.50103,47.944
68051,3564,3468,3248,3086,4393,3966,3370,3180,7747,5247,3937,3379,10083,5977,3826,3376,18.6204,-24.7782,8.56188,47.898
68052,3323,3421,3459,3347,3526,3680,3682,3714,3851,4736,5057,4304,4204,6933,9267,5678,32.3208,3.99467,8.68471,48.1213
68053,5370,9316,7239,4225,4444,5018,4753,3939,3649,3750,3688,3469,3249,3283,3277,3094,-29.468,-3.16528,8.64974,47.842
68054,2981,3250,3473,3400,3256,3483,3906,3992,3452,4028,5101,5671,3507,4438,7976,10195,26.6102,18.0075,8.55979,48.0727
68055,3291,3440,3248,3084,3659,3773,3519,3354,4989,5346,4096,3640,7299,9974,5277,3747,28.1094,-10.4686,8.95068,47.824
68056,3403,3509,3251,3016,4160,3901,3546,3240,7329,5191,3741,3530,10779,6226,3924,3538,20.2484,-24.9599,8.50345,48.1893
68057,3012,3239,3519,3438,3071,3559,3753,3872,3466,3870,5242,5572,3500,4394,8326,10090,29.0968,17.4957,8.95163,47.9487
68058,3535,4035,6891,11666,3352,3949,4957,6009,3269,3508,3740,3857,3022,3194,3424,3434,-33.6552,21.6086,8.8239,47.8947
68059,4143,5061,4805,3906,4588,7022,6525,4189,4070,4924,4831,3886,3536,3841,3725,3503,-7.10283,-1.24752,8.62222,48.37
68060,3347,3886,5021,6435,3248,3787,5655,9609,3186,3572,4566,5623,3205,3311,3815,3956,-8.6773,23.2709,8.94591,48.148
68061,3129,3340,3420,3529,3271,3666,4107,4234,3532,3964,5652,7280,3419,4074,6691,8849,17.8333,19.6682,8.54557,48.1047
68062,3220,3360,3428,3378,3270,3664,3993,3922,3698,4521,6365,5250,3782,5191,8823,6359,19.8773,9.68718,8.92606,48.1493
68063,3243,3443,3983,4208,3344,3948,5305,6528,3510,3971,6161,8064,3291,3724,4405,5139,3.2064,18.9875,8.88026,48.178
68064,10375,8251,4318,3455,5667,5130,3926,3494,3870,3783,3476,3093,3358,3371,3230,3068,-31.7128,-18.0524,8.96735,47.91
68065,3379,3404,3522,3412,3738,4215,4311,3741,4359,6574,6596,4347,4291,5992,5933,4446,12.9727,0.0347092,8.5988,48.1733
68066,3660,4593,7853,7915,3516,4119,6126,6097,3318,3560,3943,4039,3131,3282,3524,3392,-19.86,14.7433,8.53918,48.0453
68067,3143,3358,3610,3595,3410,3652,4396,4662,3430,4289,6633,7687,3518,4138,6043,6852,13.2534,17.0338,8.56976,48.2773
68068,3369,3517,3515,3412,3744,4343,4328,3854,4244,6889,6578,4365,4295,5700,5699,4335,12.0099,-0.21292,8.53101,48.1247
68069,3484,4166,6466,7698,3505,4124,6504,7142,3249,3661,4222,4483,3113,3404,3497,3458,-15.5178,16.9116,8.83212,48.1173
68070,3150,3199,3298,3316,3185,3408,3821,3805,3401,3799,4909,6092,3334,3974,6015,12506,27.7227,30.8767,8.71864,47.4747
68071,5509,4284,3628,3251,9236,5182,3767,3393,7014,4730,3664,3270,4365,3990,3506,3187,-3.99986,-28.5089,8.67042,47.984
68072,3361,3946,5699,10523,3387,3802,4978,7866,3265,3517,4029,4361,3003,3219,3464,3583,-18.8182,29.6134,8.7467,48.002
68073,3382,3346,3214,3127,3998,3898,3520,3156,6208,5209,3978,3593,10256,7537,4194,3494,23.0933,-19.202,8.88699,48.0733
68074,5582,4566,3712,3297,9559,5259,3800,3379,6671,4592,3792,3332,4048,3899,3370,3165,-5.27051,-33.7331,8.77137,48.0153
68075,3777,3605,3269,3064,4824,4234,3637,3236,8754,5920,3893,3447,7468,5526,4046,3450,12.525,-21.3385,8.77518,48.1
68076,5346,4804,3839,3382,7647,6872,4101,3428,5665,5158,3960,3276,4057,3872,3583,3304,-5.84823,-17.3434,8.5642,48.196
68077,3207,3131,3345,3253,3192,3390,3893,3972,3498,3810,4807,6340,3415,3975,5944,12511,25.1712,32.6751,8.79423,47.7887
68078,6411,5986,4145,3472,7391,7017,4274,3548,4635,4468,3586,3367,3691,3724,3333,3104,-11.8637,-15.8296,8.57007,48.1013
68079,3695,4790,8233,7338,3593,4325,6166,5790,3256,3648,3989,4009,3077,3283,3462,3425,-19.5339,12.8329,8.64475,48.0527
68080,3496,4465,8042,9245,3557,4002,5405,5981,3168,3538,4000,3939,3154,3215,3420,3431,-22.875,16.5583,8.53869,48.0387
68081,11475,6932,4086,3503,5745,4999,3840,3360,3938,3818,3499,3232,3372,3378,3253,3084,-31.7617,-21.9995,8.66567,47.676
68082,3306,3686,4335,4487,3332,3937,5829,6941,3406,4014,5950,7114,3279,3730,4314,4642,0.0394582,18.1212,8.93716,48.2013
68083,3389,3942,5266,6585,3359,3988,6185,8791,3355,3572,4481,5350,3170,3428,3715,3739,-9.82482,20.2487,8.75044,48.21
68084,5727,9795,6627,4158,4441,5159,4544,3937,3783,3858,3682,3438,3302,3336,3345,3098,-29.1438,-4.87607,8.94319,48.1533
68085,3763,3938,3957,3413,4491,6030,4949,3735,4554,7214,5679,3858,4041,4458,4287,3629,2.60462,-3.91527,8.90054,47.9973
68086,8303,9402,4878,3680,5210,5184,4205,3602,3799,3844,3586,3283,3331,3370,3247,3115,-29.4196,-13.3549,8.9174,48.026
68087,4117,6497,9912,5844,3869,4561,5248,4560,3249,3759,3852,3712,3216,3316,3399,3306,-28.6464,5.52103,8.91334,48.278
68088,3642,3860,4091,3928,3857,4995,5945,4221,4015,5615,7086,4626,3806,4196,4629,3907,2.67443,3.35352,8.57538,48.2793
68089,9845,7182,4310,3430,6568,5417,3980,3448,4113,3990,3576,3271,3437,3521,3231,3094,-21.1033,-19.6724,8.69226,48.2753
68090,3061,3231,3460,3431,3236,3629,3826,4011,3407,3759,4851,6787,3402,4018,5974,11944,22.8376,30.4167,8.97836,48.018
68091,3405,3544,3719,3616,3667,4190,4860,4256,3924,5353,7927,5232,3698,4535,5682,4614,9.34072,6.42923,8.54802,48.148
68092,3153,3299,3494,3347,3334,3630,3820,3913,3567,4236,5886,5847,3620,4793,8502,7990,21.7986,13.7057,8.62996,48.2873
68093,3242,3371,3354,3417,3274,3590,3841,3694,3759,4353,5353,4814,3833,5533,10026,6882,32.7996,9.39229,8.78135,48.224
68094,3381,3467,3211,3102,3956,3839,3446,3208,6283,4842,3783,3391,12593,6207,3904,3351,27.1482,-26.9807,8.89443,47.976
68095,4004,3890,3486,3115,5945,4699,3787,3397,8973,5956,3840,3360,5863,4827,3769,3301,6.39031,-21.2284,8.91301,48.1413
68096,3615,3462,3272,3162,4401,4138,3612,3260,8185,5300,3759,3386,9396,5785,3851,3356,16.7224,-24.5774,8.57405,47.96
68097,5697,9477,6449,4210,4703,5545,4766,3846,3624,3851,3653,3413,3322,3403,3320,3135,-25.1713,-5.57399,8.77518,48.276
68098,3431,3415,3259,3150,3799,3732,3390,3256,5938,4777,3768,3479,12840,5864,3929,3449,31.5844,-32.6716,8.63078,47.6507
68099,3408,3946,6038,12625,3374,3639,4628,6117,3332,3369,3799,3834,3140,3204,3361,3463,-27.8395,31.6392,8.91124,47.518
68100,3101,3375,3494,3738,3179,3491,4115,4988,3386,3882,5139,9344,3344,3794,5247,8597,13.4674,28.871,8.84462,48.1427
68101,3782,3615,3408,3113,4921,4333,3679,3340,8858,5997,4026,3365,7237,5455,3842,3393,11.6151,-21.1406,8.52073,48.2427
68102,3127,3194,3363,3336,3187,3545,3771,3993,3362,3918,4880,6393,3404,4035,6473,11987,26.0949,25.3998,8.51063,47.9787
68103,3842,4362,5280,4433,3860,5284,8213,5182,3646,4426,5283,4252,3352,3656,3791,3815,-7.03525,6.62888,8.63615,48.4513
68104,5579,9634,6911,4268,4389,5190,4618,3877,3729,3590,3729,3408,3319,3474,3205,3137,-30.2587,-4.31826,8.90191,48.038
68105,3203,3384,3541,3468,3430,3646,4198,4167,3564,4527,7176,6272,3619,4468,7060,6466,14.7081,12.8864,8.91119,48.126
68106,5461,5302,4103,3487,6942,7527,4304,3543,4982,5127,3894,3484,3840,3864,3399,3322,-7.72717,-14.0783,8.50258,48.3873
68107,3535,3446,3276,3192,4661,3981,3600,3373,8921,5435,3916,3292,8881,5478,3811,3370,14.7096,-26.6557,8.60155,48.112
68108,3364,3363,3362,3194,4225,3840,3452,3157,7722,4971,3779,3404,11062,5709,3912,3305,19.4684,-30.8602,8.99847,47.8807
68109,6085,4981,3906,3379,8985,6161,3989,3418,5464,4771,3762,3275,3935,3838,3368,3299,-8.35077,-20.4488,8.651,48.4107
68110,3086,3281,3440,3472,3198,3472,3851,3980,3430,3950,5184,6023,3505,4218,7704,10210,24.5962,18.8163,8.80886,48.0027
68111,4840,8123,7834,4621,4252,5227,5192,4177,3534,3894,3722,3625,3206,3420,3402,3222,-23.1621,-0.433629,8.57792,48.194
68112,5051,6637,4906,3813,5119,7526,5319,3966,4021,4590,4026,3515,3439,3648,3491,3238,-13.0758,-6.30356,8.73051,48.2033
68113,3358,3379,3274,3220,3832,3802,3454,3375,5065,5228,4171,3659,7719,9895,5141,3705,32.3334,-11.6143,8.97966,48.1847
68114,3856,4457,4558,3998,4122,6030,6958,4504,3784,5070,5507,4310,3605,3856,3898,3736,-3.65414,1.68965,8.51237,48.166
68115,3237,3542,4220,4996,3383,3651,5011,8456,3262,3691,4899,8145,3157,3599,4019,4748,-0.840435,29.4638,8.80876,48.0107
68116,3362,3725,4581,5799,3397,3872,5710,9550,3219,3681,4548,6445,3225,3451,3848,4104,-5.51514,24.2652,8.89089,48.3447
68117,3251,3326,3663,3648,3178,3547,4299,5018,3328,3873,5200,9556,3374,3819,5121,7946,12.2533,32.5647,8.57078,48.098
68118,4178,6830,9591,5583,3874,4595,5074,4438,3402,3661,3771,3648,3234,3353,3294,3171,-30.5337,4.33146,8.55699,47.798
68119,3562,3929,5296,8264,3371,3751,5129,9287,3267,3584,4081,4803,3156,3281,3476,3667,-13.3277,31.2073,8.78319,47.936
68120,3998,5196,6012,4609,4145,6005,7188,4617,3629,4201,4533,3966,3435,3556,3493,3432,-11.8158,3.41382,8.64257,48.01
68121,12658,6046,3819,3354,6091,4847,3626,3416,3894,3707,3428,3096,3386,3424,3200,3244,-33.2691,-27.4699,8.76497,47.4907
68122,5303,6903,4963,3832,5084,7639,5366,3853,4096,4394,3883,3523,3480,3577,3493,3265,-13.741,-6.867,8.83571,48.436
68123,8792,6996,4225,3523,7042,5862,3980,3427,4140,4009,3572,3193,3450,3485,3323,3075,-18.1379,-18.6758,8.9524,48.0627
68124,3141,3440,3308,3172,3731,3841,3708,3525,4686,5935,4812,3714,5754,9143,6113,3983,22.0968,-6.0065,8.90344,48.004
68125,3199,3357,3360,3164,3745,3828,3625,3461,4561,5477,4803,3834,5652,9499,6555,4141,24.485,-5.1786,8.93862,48.174
68126,3349,3885,6031,12505,3424,3760,4735,5987,3310,3325,3698,3961,3252,3290,3443,3389,-32.2644,30.6738,8.94031,47.5627
68127,3386,4042,5703,6930,3374,4167,6505,7911,3300,3571,4435,4796,3092,3445,3594,3687,-12.6205,18.5106,8.62228,47.9587
68128,4521,5661,5206,4037,4493,7560,6130,4217,3841,4694,4323,3639,3474,3618,3606,3365,-10.4506,-2.59221,8.8029,48.2567
68129,4125,4236,3694,3457,5184,6533,4310,3641,5747,7290,4559,3612,4312,4498,3910,3348,1.71219,-10.0956,8.55804,48.304
68130,7787,5028,3861,3334,9719,5051,3766,3301,5017,4296,3442,3291,3683,3603,3415,3100,-11.7964,-31.1,8.80754,47.796
68131,3119,3188,3346,3480,3200,3551,3855,3987,3483,4097,5274,5949,3539,4432,7826,9639,23.6864,17.6277,8.75549,47.9767
68132,3217,3428,3932,4420,3294,3722,4699,6816,3359,3836,5110,9608,3242,3651,4467,5465,4.38812,32.4802,8.71214,48.1773
68133,5577,4602,3757,3221,9306,5621,3989,3298,6527,4724,3657,3188,4221,3877,3420,3209,-5.00833,-23.8584,8.87089,48.1293
68134,5840,5616,4035,3373,7556,7249,4196,3473,4963,4553,3588,3465,3722,3648,3438,3289,-9.79372,-15.6172,8.89411,48.0027
68135,4296,6535,7791,4990,4160,5422,6230,4527,3468,3839,3984,3696,3257,3474,3434,3320,-18.467,2.63616,8.91723,48.282
68136,5165,5018,3992,3458,6744,7709,4442,3494,5028,5348,3981,3466,3892,3878,3508,3276,-6.5451,-13.4993,8.95108,48.266
68137,3345,3354,3438,3270,3863,3985,3942,3487,4890,6811,5070,3883,5322,7727,5681,4084,17.0607,-5.47038,8.81737,48.1013
68138,3214,3556,4194,4621,3361,3801,5186,7926,3381,3769,5178,8383,3244,3508,4217,4837,0.497556,24.3792,8.82412,48.2507
68139,3519,3312,3204,3129,4353,3877,3306,3246,7732,5062,3915,3338,10694,6185,4029,3395,19.5242,-25.4519,8.86018,48.1973
68140,3564,3572,3270,3000,4669,4091,3539,3342,8623,5357,3948,3427,8974,5521,3795,3308,15.4767,-24.7984,8.62517,48
68141,3294,3372,3380,3267,3663,3877,3815,3516,4297,4996,4880,3971,5144,9006,7283,4362,32.6709,-2.6549,8.50861,48.082
68142,4698,4464,3740,3340,7106,6324,4060,3431,6473,5751,3918,3425,4432,4121,3604,3227,-1.6302,-17.331,8.57289,48.076
68143,4004,6089,9536,6235,3809,4554,5602,4620,3513,3491,3895,3741,3148,3327,3354,3352,-25.2345,7.17411,8.88144,48.18
68144,3194,3265,3301,3284,3379,3589,3631,3741,3792,4240,5331,4926,3776,5310,9898,7082,27.7416,10.4072,8.9457,47.826
68145,3408,3433,3280,3151,3812,3754,3582,3306,5515,5138,3941,3409,9464,8714,4514,3497,31.0659,-16.3372,8.78783,47.9453
68146,3655,4378,5593,4760,3802,5036,8137,5553,3491,4060,5095,4520,3291,3574,3830,3726,-7.99832,8.67687,8.95232,48.334
68147,3744,4085,3667,3418,4593,5754,4438,3663,5215,8030,5242,3743,4421,4980,4160,3632,4.51011,-7.46235,8.93176,48.5233
68148,3561,3787,3768,3582,4064,5104,5014,4009,4270,6884,6827,4280,4045,4709,4664,3981,5.49263,-0.216137,8.75171,48.366
68149,3760,3680,3322,3245,5665,4282,3653,3247,9705,5453,3814,3369,6909,4800,3777,3288,9.30417,-25.1433,8.88714,47.9793
68150,3212,3736,4565,5949,3369,3869,5167,9952,3343,3657,4413,6458,3256,3446,3816,4102,-6.01128,27.2236,8.84387,48.2067
68151,4720,4532,3724,3417,6526,6912,4257,3551,5647,6096,4020,3425,4133,4217,3663,3350,-2.33515,-14.0446,8.57071,48.1267
68152,3359,3854,5291,8766,3432,3807,5220,8968,3264,3469,4073,4626,3220,3233,3606,3626,-14.5853,29.1027,8.50766,47.876
68153,4072,3897,3571,3180,6128,4937,3772,3255,8783,6104,4017,3332,5590,4684,3752,3361,5.23887,-20.5145,8.97086,48.29
68154,3585,3705,3410,3223,4541,4779,3790,3419,6666,7764,4437,3597,5648,5978,4385,3497,10.9992,-13.3386,8.99775,48.2827
68155,4912,8101,7488,4561,4184,5434,5242,4184,3645,3959,3749,3508,3301,3270,3435,3164,-22.4192,-1.22388,8.61725,48.0913
68156,5169,5970,4457,3643,5777,8045,4833,3796,4249,4829,3893,3489,3623,3791,3443,3211,-10.4946,-10.0985,8.72233,48.1453
68157,3732,3615,3289,3123,4996,4162,3551,3185,9735,5253,3829,3295,7956,5084,3795,3323,12.3223,-32.0186,8.99669,47.9487
68158,10516,7288,4238,3522,6351,5278,3914,3310,4066,3864,3452,3228,3507,3473,3245,3194,-23.194,-20.248,8.69328,48.2973
68159,3564,3407,3231,3124,4470,3994,3440,3208,8338,5383,3829,3454,9518,5922,3883,3362,17.0012,-24.8032,8.72027,48.0847
68160,5328,8968,7505,4407,4257,5044,4817,3972,3679,3701,3756,3591,3245,3397,3361,3158,-27.9154,-2.44794,8.67914,48.124
68161,3110,3239,3448,3563,3299,3626,3920,4356,3325,3747,4999,8225,3410,3951,5575,10078,17.5922,31.5162,8.95721,47.914
68162,3236,3355,3646,3667,3309,3614,4319,4995,3301,3858,5285,9366,3376,3838,5052,7785,12.0459,33.8947,8.71817,48.0013
68163,4092,5705,8252,5519,3953,4954,6318,4929,3443,3787,4009,3860,3284,3383,3423,3440,-18.9266,6.2569,8.50603,48.234
68164,5949,5352,3975,3411,7840,7118,4144,3515,5067,4781,3883,3271,3781,3700,3376,3239,-8.94376,-16.6573,8.74696,48.268
68165,3886,4544,4745,4032,4101,6346,6902,4424,3860,5088,5399,4175,3571,3780,3837,3638,-4.64757,1.70288,8.54307,48.2187
68166,3990,6195,9648,6000,3795,4645,5203,4741,3483,3621,3919,3749,3224,3257,3440,3365,-33.2386,6.32752,8.86879,48.1833
68167,3705,4358,6136,5359,3618,4759,7915,5928,3391,3780,4715,4395,3285,3569,3623,3625,-11.1264,10.4182,8.77764,48.1073
68168,4962,8677,7862,4491,4191,4982,4785,4142,3577,3881,3660,3549,3231,3372,3306,3205,-30.7504,-1.2088,8.91263,47.9153
68169,3645,4676,8119,8700,3511,4200,5721,5918,3358,3492,3795,4006,3046,3199,3381,3388,-22.4601,15.2595,8.80957,48.1033
68170,3240,3326,3412,3211,3574,3775,3770,3591,4132,5116,5027,4146,4875,8247,8062,4808,26.3017,-0.197185,8.88208,48.208
68171,3399,3798,4861,6524,3429,3833,5205,9897,3298,3678,4434,5685,3154,3353,3620,3936,-8.74385,32.5469,8.59475,48.0693
68172,3084,3131,3391,3449,3296,3406,3762,4024,3325,3776,4785,6510,3436,3830,6120,11924,24.6405,30.1036,8.61999,47.4993
68173,3329,3675,4845,6561,3444,3808,5521,9767,3352,3672,4469,5631,3052,3325,3755,4030,-8.47063,25.1918,8.70175,48.1573
68174,8522,5230,3896,3398,9060,5187,3865,3299,4855,4126,3510,3198,3607,3524,3334,3109,-14.3511,-29.1409,8.5679,47.8133
68175,6678,5252,3755,3245,8848,6162,3935,3348,5342,4449,3645,3384,3842,3663,3425,3137,-9.94741,-20.839,8.97787,48.0733
68176,3115,3323,3518,3400,3231,3590,3950,3906,3664,4325,6177,5314,3717,5086,8914,6954,21.2125,10.9555,8.63839,48.1227
68177,3159,3290,3409,3232,3567,3688,3749,3658,4082,4887,5009,4322,4576,7668,8670,5027,28.2738,1.45827,8.586,47.9953
68178,3381,3870,5976,12659,3405,3737,4613,6112,3267,3439,3771,3913,3173,3175,3481,3363,-29.8515,31.2036,8.77719,47.5567
68179,3471,4364,7948,10495,3387,3988,5147,5729,3350,3430,3970,3929,3139,3126,3458,3458,-27.8054,18.6114,8.79517,48.2593
68180,3212,3355,3779,3845,3406,3765,4662,5051,3437,4163,7056,7715,3471,4099,5392,5931,9.23715,16.6132,8.98901,48.226
68181,3155,3183,3459,3395,3413,3714,4226,4130,3758,4486,7136,5893,3709,4747,7424,6230,15.8153,11.0817,8.97089,48.0387
68182,3428,3883,4605,4253,3595,4555,7280,5468,3570,4436,6587,5066,3456,3851,4055,4124,-1.42252,10.1404,8.683,48.1413
68183,3677,3620,3382,3192,4823,4153,3609,3303,8722,5698,3959,3390,7852,5574,3959,3421,13.1659,-22.5537,8.52104,48.2227
68184,3409,3350,3275,3127,3911,3739,3386,3293,6337,4806,3799,3330,12716,5895,3969,3384,26.7486,-31.706,8.92568,47.8173
68185,3686,3908,3882,3542,4207,5428,4725,3748,4507,7300,6249,4025,4135,4790,4483,3851,4.87948,-2.56399,8.98507,48.3107
68186,3698,3699,3503,3265,4472,4968,4045,3555,5816,8117,4915,3691,4901,5716,4274,3602,9.14608,-9.80289,8.9003,48.158
68187,6485,9826,6007,3985,4711,5352,4435,3636,3731,3778,3589,3401,3402,3303,3286,3180,-27.4018,-7.20974,8.66173,48.0713
68188,3331,3428,3251,3089,3984,3661,3411,3328,6001,4691,3736,3335,12766,6006,3905,3340,30.6612,-30.2888,8.90556,47.5087
68189,3512,3513,3344,3163,4457,4045,3596,3234,8409,5140,3814,3438,9677,5358,3974,3342,16.8293,-32.6552,8.57069,48.0107
68190,3232,3534,3940,4289,3386,3826,4938,7132,3237,3697,5145,9125,3253,3763,4420,5092,2.71877,33.7622,8.77993,48.006
68191,3191,3216,3460,3383,3177,3518,3777,3825,3605,4274,5295,5166,3540,4936,9654,8122,28.9733,13.2915,8.87065,48.0927
68192,3614,4177,6175,6104,3539,4313,7340,6946,3452,3772,4539,4556,3197,3407,3643,3590,-11.8822,14.582,8.86972,48.2427
68193,3167,3096,3289,3418,3220,3380,3937,4016,3388,3728,4813,6931,3350,3995,6082,11889,22.6965,26.3995,8.99164,47.7993
68194,4005,5190,6412,4785,3933,5763,7542,4747,3684,4196,4466,4015,3269,3523,3598,3449,-12.4015,4.26591,8.6815,48.3847
68195,3778,3655,3398,3113,5211,4395,3532,3280,8990,6020,4045,3450,6961,5401,3861,3403,10.9677,-21.2544,8.75718,48.3287
68196,3246,3209,3377,3312,3433,3524,3847,3721,3667,4516,5189,4700,3812,5929,9978,6208,32.435,7.83886,8.8565,47.7787
68197,3311,3471,3768,3601,3530,4080,5177,4557,3786,4922,8075,5817,3582,4189,5422,4835,8.03151,9.89094,8.74874,48.082
68198,3245,3616,4403,5263,3284,3679,4968,9154,3265,3755,4627,7283,3228,3454,4053,4437,-2.8308,30.1705,8.84167,47.8093
68199,3105,3344,3507,3742,3269,3677,4210,4763,3450,3992,6117,8382,3453,4032,5654,7701,13.4679,20.7983,8.54368,48.2653
68200,3316,3671,4366,5306,3315,3703,4897,9426,3477,3596,4757,7283,3275,3510,3903,4422,-3.23733,30.5802,8.53667,48.1487
68201,3284,3735,4858,7024,3443,3881,5232,9909,3245,3465,4309,5650,3177,3298,3765,3857,-9.75458,29.5843,8.72974,48.088
68202,9956,5481,3967,3413,8318,5091,3831,3392,4437,3951,3436,3252,3524,3568,3305,3117,-17.3886,-28.7481,8.89041,48.026
68203,3300,3816,5185,5505,3507,4159,7262,7502,3283,3959,5049,5379,3244,3416,3973,3910,-6.44584,16.2471,8.74611,48.2993
68204,3558,4293,5889,5640,3661,4473,7624,6586,3392,3738,4689,4465,3255,3466,3765,3632,-10.8927,12.7137,8.69436,48.084
68205,3388,3999,5070,4812,3603,4500,7783,6284,3394,4187,5488,4994,3411,3582,4002,3846,-5.6097,11.6555,8.85208,48.2287
68206,6137,6934,4707,3649,6282,7362,4466,3673,4194,4311,3832,3427,3536,3492,3345,3097,-14.7462,-12.1768,8.58502,48.296
68207,3884,3693,3433,3194,5912,4611,3445,3342,9958,5201,3837,3340,6271,4714,3771,3323,7.81478,-33.0845,8.95334,47.9527
68208,4524,3971,3534,3267,7374,5111,3771,3175,8524,5389,3835,3368,4948,4292,3677,3270,1.86203,-23.4167,8.54566,48.02
68209,3339,3958,6003,12020,3390,3644,4817,6815,3208,3432,3908,3953,3148,3303,3291,3313,-23.8266,29.1328,8.96163,47.6947
68210,4646,6968,7557,4788,4216,5525,5988,4316,3572,3986,3944,3714,3230,3444,3417,3208,-19.3402,0.879372,8.74803,48.346
68211,11624,6003,3973,3254,6876,4955,3820,3374,4084,3819,3486,3281,3388,3377,3162,3196,-23.0568,-31.5095,8.51115,47.7813
68212,3374,3411,3230,3101,4209,3910,3362,3299,7508,4929,3749,3498,11080,5732,3823,3361,19.8556,-30.4058,8.89063,47.7173
68213,3066,3338,3677,3656,3242,3560,4320,4723,3259,3872,5729,8363,3390,3922,5862,7994,14.2818,21.4071,8.69919,47.982
68214,4182,4681,4022,3622,4874,7485,5231,3739,4550,6203,4726,3824,3838,4102,3705,3448,-2.64045,-5.68515,8.89571,48.1547
68215,3393,4012,6772,12215,3337,3858,4854,5903,3316,3384,3836,3866,3187,3259,3342,3389,-30.9497,23.2775,8.80338,47.9487
68216,4235,6514,8376,5145,4118,5228,5960,4551,3476,3839,3939,3673,3288,3411,3381,3277,-20.1758,3.34295,8.6285,48.274
68217,8316,8508,4695,3576,5710,5630,4146,3551,3913,3915,3592,3278,3368,3514,3266,3129,-22.6535,-14.5482,8.50343,48.0713
68218,3298,3467,3295,2982,4023,3865,3435,3161,6398,5070,3890,3463,11269,6941,4215,3396,24.0977,-21.514,8.72062,48.112
68219,3140,3406,3981,4136,3313,3782,4960,6395,3306,3902,5689,8999,3306,3786,4561,5618,4.94391,22.4318,8.77267,48.1867
68220,3393,3486,3264,3105,4046,3821,3342,3285,6664,4990,3840,3394,11509,6573,3936,3314,23.0384,-23.875,8.94336,47.9747
68221,5267,4380,3611,3306,9082,5012,3797,3326,7188,4739,3718,3330,4426,3947,3517,3238,-3.1251,-28.5742,8.50475,47.9227
68222,3195,3144,3270,3312,3447,3748,3794,3572,4009,4819,5267,4436,4241,7274,9277,5366,26.4698,3.61484,8.86803,48.114
68223,3188,3284,3336,3340,3525,3640,3776,3528,4171,4897,4963,4157,4910,8384,8390,4741,28.5209,0.139933,8.93375,48.1533
68224,4873,4233,3607,3250,8482,5331,3848,3410,7757,5032,3771,3323,4533,4146,3485,3180,-1.23602,-24.0966,8.90298,48.174
68225,3396,4005,6568,12029,3317,3713,4888,5977,3211,3466,3756,3941,3146,3298,3377,3420,-31.5848,24.2646,8.67449,47.672
68226,9413,7021,4204,3472,6945,5470,3987,3425,4149,3840,3516,3255,3493,3429,3271,3052,-19.9138,-19.8562,8.66672,47.9613
68227,3395,3673,4416,5410,3399,3867,5141,9553,3302,3506,4686,6876,3129,3280,3857,4215,-4.36083,31.0528,8.69048,47.8033
68228,3286,3617,4326,5184,3379,3901,5412,8870,3281,3754,4923,7167,3127,3484,4043,4483,-2.89404,24.8948,8.65964,48.158
68229,12035,6792,3967,3434,6006,4817,3802,3285,3884,3723,3489,3208,3359,3464,3287,3078,-30.2445,-23.2185,8.96276,47.7533
68230,11750,6028,3977,3405,6892,4910,3766,3386,4055,3830,3376,3227,3408,3478,3214,3121,-22.6477,-28.5606,8.53409,47.882
68231,3194,3291,3502,3623,3312,3524,4264,4676,3469,4250,6175,7592,3522,4138,6297,7420,14.1619,18.2843,8.67018,48.166
68232,3346,3379,3367,3271,3762,4158,4016,3618,4478,6679,5928,4152,4756,6773,6185,4233,15.611,-1.88605,8.94685,48.0673
68233,3829,4959,8452,6616,3674,4517,6439,5401,3331,3619,4064,3898,3213,3309,3428,3411,-19.3992,10.7114,8.57076,48.1067
68234,3181,3456,3713,3847,3312,3754,4622,5934,3275,3918,5728,9446,3271,3796,4776,6301,7.36886,23.7118,8.6121,48.22
68235,3121,3270,3371,3360,3393,3625,4139,4104,3651,4240,6113,5992,3609,4699,7663,7573,19.15,14.2136,8.51547,47.9487
68236,3294,3528,3278,3013,4135,3931,3458,3247,6734,5308,3994,3352,10081,6915,4189,3418,21.4411,-20.2643,8.64813,47.9167
68237,4117,6331,10047,6096,3734,4326,5148,4592,3366,3711,3728,3618,3244,3374,3306,3340,-29.977,6.41706,8.87495,48.052
68238,3661,3570,3316,3084,4870,4180,3551,3269,9586,5168,3827,3415,8080,5126,3916,3404,12.7946,-30.2746,8.86143,48.0153
68239,3157,3407,3666,3715,3344,3742,4489,5430,3402,3937,5885,9361,3319,3867,5016,6716,9.41271,22.6666,8.84631,48.302
68240,4905,4509,3642,3321,7720,6072,3901,3404,6747,5452,3878,3510,4489,4068,3560,3279,-2.04738,-19.1641,8.6693,48.3047
68241,11511,5886,3811,3404,7088,4935,3851,3337,4027,3810,3484,3214,3456,3342,3188,3151,-22.0614,-31.3303,8.64447,47.6633
68242,4475,6480,7218,4794,4124,5852,6257,4443,3619,3965,4045,3591,3285,3329,3407,3335,-17.5528,1.40028,8.71216,48.146
68243,7796,9637,5095,3688,5171,5205,4014,3602,3735,3911,3471,3321,3385,3274,3259,3143,-30.2262,-12.3244,8.96751,47.8047
68244,3380,3556,3666,3616,3399,3977,4859,4324,3741,4944,8115,5733,3619,4608,5977,5122,10.4377,9.39995,8.75715,48.424
68245,3461,3429,3280,3121,4384,3790,3512,3265,7885,4968,3846,3444,10726,5765,3836,3388,18.5971,-31.1742,8.97297,48.0667
68246,4652,7984,8462,5065,4130,4907,5085,4137,3522,3953,3845,3603,3297,3358,3371,3196,-27.2304,0.834954,8.58608,48.378
68247,10463,7672,4302,3419,5793,4987,3956,3354,3866,3823,3491,3334,3421,3414,3328,3023,-33.0045,-18.9883,8.54266,47.764
68248,3138,3349,3745,3677,3324,3676,4473,4766,3399,4163,6404,8336,3383,3942,5772,7092,12.2238,18.8846,8.79474,48.426
68249,5606,4488,3699,3378,9541,4999,3801,3345,6981,4693,3666,3336,4241,3942,3368,3214,-4.54611,-29.8821,8.99331,48.1987
68250,3609,3643,3560,3463,3898,4580,4612,3817,4314,6991,6842,4384,4125,5266,5225,4143,9.79627,-0.305633,8.76894,48.3147
68251,9651,5537,3857,3347,8548,5051,3777,3422,4540,3987,3639,3148,3600,3507,3340,3072,-16.3239,-28.3276,8.92915,48.0153
68252,8664,5426,3853,3451,9057,5163,3794,3414,4710,4023,3545,3287,3655,3578,3304,3057,-14.7594,-28.5492,8.66524,47.9873
68253,3459,3560,3261,3054,4636,4044,3560,3322,8916,5147,3831,3394,8868,5399,3836,3435,15.1341,-29.0969,8.80771,47.8147
68254,3382,3865,4651,4669,3567,4337,7120,6469,3466,4116,6138,5583,3333,3610,3987,4096,-2.89847,13.3471,8.66929,48.2593
68255,3384,3945,5756,10598,3359,3804,5010,7873,3277,3543,4010,4370,3109,3144,3561,3352,-19.006,28.6932,8.53322,48.0633
68256,6617,6461,4281,3533,6855,6980,4319,3424,4424,4388,3814,3347,3686,3640,3302,3197,-13.5163,-14.8743,8.6398,48.1787
68257,4135,3910,3523,3184,6887,4716,3696,3292,9458,5309,3789,3508,5603,4508,3601,3263,4.64282,-31.1354,8.71324,48.2547
68258,3340,3700,4654,4708,3469,4132,6748,7214,3357,4019,5841,6151,3307,3654,4141,4156,-2.58733,16.2525,8.99491,48.394
68259,5762,5762,4027,3572,7110,7453,4487,3513,4826,4808,3865,3260,3770,3693,3386,3125,-10.029,-14.2321,8.90362,48.2793
68260,3085,3411,3505,3495,3358,3714,4189,4035,3511,4494,6621,5689,3680,4779,7896,6715,17.7589,11.8335,8.69039,48.118
68261,3233,3609,3427,3315,3617,3819,3859,3526,4211,5772,5558,4224,4762,7602,7136,4604,20.102,-0.948946,8.60227,48.1827
68262,5212,6255,4371,3738,5600,7889,4927,3831,4363,4744,3923,3574,3581,3770,3409,3250,-11.1823,-8.9754,8.78956,48.2913
68263,3903,4219,4179,3719,4221,6294,5646,4163,4327,6281,5536,4104,3867,4212,4047,3614,-0.176433,-1.57384,8.71527,48.2213
68264,3323,3293,3267,3121,3922,3680,3412,3173,6007,4835,3866,3420,12216,6682,4019,3347,30.6707,-23.8844,8.98332,47.722
68265,3404,4186,7370,10261,3408,3916,5261,6350,3217,3548,3878,4077,3044,3119,3451,3431,-22.8522,19.593,8.93176,47.9473
68266,3509,3398,3141,3045,4304,3991,3520,3213,7068,5579,3937,3404,9807,6929,4039,3404,19.5339,-20.4401,8.92622,48.192
68267,3903,5172,7672,5609,3916,4866,7043,5208,3468,3783,4268,3970,3260,3379,3489,3438,-16.4974,7.86495,8.73062,48.296
68268,3617,3903,4332,4097,3909,5447,6671,4621,3918,5309,6645,4579,3628,4056,4349,3919,-0.0733394,3.82464,8.68128,48.6667
68269,3296,3398,3313,3217,3661,3718,3690,3472,4491,5439,4862,3909,5392,9238,6939,4259,26.1726,-4.08219,8.61778,48.196
68270,3367,3350,3238,3115,3932,3723,3420,3341,6265,4735,3789,3369,12599,6175,3910,3370,26.9115,-31.03,8.81905,47.7987
68271,3247,3375,3310,3342,3665,3975,3924,3726,4368,5875,5711,4211,4709,7203,7056,4549,18.9174,-0.384147,8.56135,48.164
68272,3405,3794,4806,7090,3263,3791,5490,9881,3330,3682,4323,5414,3056,3336,3561,3887,-10.0874,26.6485,8.79997,48.0727
68273,3376,4092,6344,11590,3459,3842,4855,6691,3317,3462,3792,4109,3164,3058,3475,3486,-23.2013,24.5505,8.57673,48.0747
68274,3201,3338,3370,3318,3209,3450,3869,3910,3520,4059,5349,5386,3643,4842,9211,8172,24.5426,13.4359,8.60645,47.898
68275,3283,3300,3384,3420,3347,3415,3711,3963,3337,3672,4719,5992,3428,3931,5710,12670,33.7725,32.2537,8.7851,47.5213
68276,3164,3470,3720,3682,3378,3709,4460,4807,3516,4171,6860,7768,3378,4120,5740,6535,11.4085,17.0556,8.92562,48.3187
68277,3346,3496,3682,3437,3509,3972,4558,4075,3835,5284,7850,5179,3846,4977,6386,4999,12.3193,6.93669,8.61234,48.2873
68278,3025,3312,3653,3842,3281,3644,4153,5268,3383,3923,5291,9722,3409,3822,5109,7333,10.7693,26.9667,8.78506,48.1133
68279,3487,3930,6028,12731,3418,3769,4788,6100,3304,3468,3659,3971,3037,3147,3360,3464,-27.9651,28.3478,8.82201,47.774
68280,4385,5794,5235,4117,4635,7405,6478,3966,3925,4623,4328,3695,3375,3655,3564,3339,-10.4687,-2.16848,8.9401,48.346
68281,3400,3827,5226,8301,3449,3792,5213,9390,3208,3608,4040,4872,3152,3268,3625,3697,-12.9268,30.6541,8.58827,48.0453
68282,3165,3271,3458,3436,3302,3381,3856,3851,3571,3772,4711,5881,3453,3901,5886,12701,32.3677,30.6955,8.71883,47.7307
68283,3317,3962,6005,11307,3262,3792,4953,7404,3165,3428,3890,4236,3096,3262,3340,3415,-20.9684,27.3572,8.87468,47.8893
68284,9764,8149,4382,3520,5503,5119,4123,3398,3975,3937,3507,3199,3380,3362,3269,3065,-31.817,-17.1361,8.60522,47.768
68285,5688,8298,5428,3965,4996,6637,4774,3742,3985,3974,3801,3516,3362,3484,3301,3082,-18.4271,-7.38395,8.80827,48.022
68286,4345,4552,3816,3452,5582,7260,4581,3739,5196,6439,4317,3589,4069,4247,3876,3457,-1.67162,-10.7078,8.52182,48.3447
68287,6169,9398,5758,4025,4939,5716,4659,3755,3804,3848,3668,3453,3360,3387,3297,3147,-23.0771,-7.83567,8.60302,48.2553
68288,3361,3415,3175,3212,4008,3892,3401,3206,5935,4793,3782,3255,12547,6166,3943,3235,33.7772,-25.7266,8.86461,47.5507
68289,3406,3819,4882,5328,3457,4017,6634,8028,3411,3941,5024,5638,3209,3472,3858,3918,-5.87608,17.7364,8.71101,48.028
68290,3435,3923,5790,8203,3389,3980,5770,8659,3318,3495,4166,4683,3180,3249,3496,3616,-14.383,21.7303,8.79776,48.2347
68291,5004,4334,3543,3336,8930,4951,3787,3378,7509,4701,3762,3380,4484,4054,3562,3236,-2.10098,-31.5534,8.95181,47.9673
68292,3162,3417,3897,4350,3256,3659,4809,7207,3466,3742,5209,9147,3369,3616,4290,5287,2.77998,27.0696,8.84011,47.922
68293,3169,3386,3490,3290,3344,3462,3878,3872,3487,4137,5461,5425,3808,4799,8957,8314,24.9255,13.8738,8.52335,48.186
68294,3063,3217,3402,3475,3230,3511,3951,4219,3498,3768,5061,7348,3357,4016,6331,10449,19.8771,23.553,8.99467,47.9307
68295,6159,4894,3647,3293,9381,5779,3845,3371,6012,4534,3650,3271,3951,3855,3447,3133,-6.95935,-23.4482,8.87127,48.148
68296,3088,3174,3376,3370,3272,3541,3782,3906,3649,4233,5334,5032,3858,5087,9494,7915,26.7652,12.36,8.74041,48.074
68297,3181,3329,3327,3340,3238,3542,3781,3767,3529,4148,5056,5354,3516,4734,9174,8687,32.4654,14.3163,8.91183,47.802
68298,3121,3177,3444,3373,3341,3555,3861,4047,3528,3995,5363,6146,3499,4320,7638,10044,23.909,18.6477,8.56534,48.3013
68299,3502,3558,3287,3076,4365,4350,3738,3370,7158,6786,4294,3567,7045,6504,4252,3543,14.2977,-15.6419,8.80383,48.2633
68300,3222,3442,4174,4763,3475,3624,5090,8337,3283,3765,4935,8400,3189,3595,4113,4770,0.241718,26.808,8.9559,48.118
68301,5602,7865,5321,4015,5049,6824,5156,3886,3855,4111,3735,3519,3370,3353,3441,3182,-17.0157,-6.72193,8.97673,48.1893
68302,3682,3751,3692,3409,4259,5306,4362,3739,5074,7871,5651,3976,4444,5239,4458,3720,7.26798,-5.60699,8.65996,48.422
68303,6222,8223,5077,3882,5413,6922,4599,3633,3816,4150,3665,3348,3444,3433,3379,3147,-17.7569,-9.9131,8.92647,48.2353
68304,4676,7714,7387,4750,4276,5531,5542,4252,3694,3935,3761,3577,3246,3313,3360,3250,-20.5989,-0.207213,8.64152,48.176
68305,3373,3401,3329,3108,3830,3930,3605,3332,5358,5645,4245,3669,7773,8911,4930,3718,24.0703,-12.6974,8.56357,48.1047
68306,4002,5852,9095,5903,3801,4792,6093,4872,3525,3663,3859,3770,3138,3260,3431,3322,-21.7384,7.34484,8.94856,48.252
68307,3203,3159,3423,3400,3254,3567,3878,3899,3507,4036,5049,5735,3504,4346,8147,10069,32.9128,17.767,8.66308,48.1173
68308,3499,3504,3246,3168,4238,4189,3615,3227,6836,6172,4199,3467,7890,7300,4285,3492,17.6809,-16.8648,8.71471,48.218
68309,3993,4178,3644,3311,5420,5800,4049,3514,6503,7311,4413,3515,4763,4741,3894,3506,3.61826,-12.9842,8.75337,48.37
68310,3312,3396,3355,3086,3693,3881,3777,3487,4897,6014,4784,3833,5746,9304,5951,4066,21.3447,-6.38573,8.96675,48.388
68311,4380,4680,4101,3553,5290,7784,5014,3699,4607,6020,4358,3571,3951,4111,3736,3375,-4.20666,-7.57848,8.51949,48.1533
68312,3784,4677,6566,5244,3736,4943,8046,5516,3589,3994,4545,4182,3222,3421,3538,3498,-12.3146,8.75782,8.51609,48.334
68313,3441,4010,5968,9370,3287,3886,5424,8174,3177,3580,4067,4524,3114,3259,3468,3520,-16.9119,24.4803,8.64253,48.1793
68314,4273,6327,8694,5588,3920,4963,5922,4517,3410,3716,3906,3787,3181,3339,3473,3355,-21.8406,4.93926,8.75645,48.2473
68315,4668,5040,3999,3508,5968,7827,4673,3601,4793,5524,4072,3580,3803,3987,3671,3318,-5.12071,-10.7979,8.51516,48.0213
68316,10717,6224,4106,3377,7268,5144,3740,3401,4177,3932,3449,3131,3375,3465,3231,3062,-20.3963,-23.9521,8.78697,47.866
68317,3343,3831,4972,7180,3341,3859,5462,9675,3281,3620,4324,5323,3115,3293,3560,3873,-10.566,25.8462,8.78031,48.0347
68318,3240,3352,3372,3351,3222,3409,3711,3962,3395,3655,4671,5841,3452,3788,5941,12797,31.8638,32.1105,8.91203,47.4393
68319,3348,3694,3604,3544,3931,4601,4524,3866,4383,6944,6932,4399,4145,5110,5103,4095,8.6233,-0.282888,8.7162,48.1487
68320,3226,3536,4113,4445,3420,3829,5249,6923,3347,3929,5787,8119,3293,3623,4372,5012,2.3667,20.9376,8.89875,48.1487
68321,3599,4371,6260,6143,3566,4443,7398,6535,3381,3767,4475,4476,3189,3403,3663,3604,-12.7685,13.6005,8.68055,48.182
68322,3331,3953,5545,7421,3388,3957,5993,8948,3277,3513,4175,4951,3108,3349,3643,3683,-11.7799,21.4636,8.95163,48.1567
68323,3307,3876,5660,10020,3310,3841,5106,7973,3236,3471,3896,4296,3186,3281,3477,3483,-18.0801,33.2558,8.60885,47.6127
68324,4355,4457,3818,3362,6000,6903,4447,3515,5594,6317,4326,3567,4243,4381,3756,3293,-0.975677,-12.5783,8.56038,48.2227
68325,3298,3314,3359,3095,3574,3848,3658,3448,4442,5266,4750,4072,5332,9055,7171,4305,28.2087,-3.16759,8.58566,47.9913
68326,3783,5317,9660,7251,3714,4241,5304,4924,3399,3541,3748,3857,3075,3269,3232,3371,-26.8599,10.7954,8.63185,47.7907
68327,3277,3444,3329,3296,3519,3768,3729,3569,4179,4819,4862,4201,4696,8249,8278,4635,32.568,0.278314,8.6113,47.9
68328,4046,5767,9653,6360,3680,4420,5515,4890,3411,3585,3855,3824,3109,3276,3420,3201,-24.3812,7.91532,8.84636,48.008
68329,3291,3425,3142,3243,3948,3849,3405,3263,6572,4967,3838,3350,11786,6499,3960,3385,24.4458,-24.8502,8.56874,47.9487
68330,3565,3284,3406,3183,4012,3844,3452,3208,5984,4776,3818,3346,12623,5976,3840,3345,33.3885,-28.9483,8.66661,47.7747
68331,3315,3327,3120,3178,3896,3836,3484,3272,6195,4875,3790,3468,12554,6255,3909,3308,27.1777,-25.6925,8.97758,47.8547
68332,3321,3670,3973,4455,3233,3735,5165,7373,3361,3776,5463,8621,3230,3598,4349,5001,1.87962,23.4835,8.81779,48.216
68333,3784,4580,7359,6490,3726,4459,6996,6366,3372,3676,4280,4161,3120,3250,3478,3505,-15.8006,12.622,8.92736,48.4013
68334,4772,7000,6318,4342,4467,6522,5743,4170,3688,4091,3874,3532,3466,3523,3400,3305,-16.611,-2.20965,8.56416,48.142
68335,3601,4027,4169,3750,4015,5467,5840,4287,4135,5987,6605,4471,3709,4302,4428,3933,1.70315,1.43518,8.76034,48.484
68336,12335,6061,3960,3343,6710,4898,3905,3417,4049,3819,3421,3255,3406,3382,3217,3066,-24.0618,-27.8956,8.87338,48.1627
68337,3368,3840,5921,12341,3474,3833,4632,5953,3368,3471,3740,3921,3203,3273,3438,3370,-33.1129,33.4117,8.76209,47.4307
68338,3364,3534,4168,4746,3348,3665,4975,8235,3347,3717,4985,8014,3243,3544,4128,4706,-0.542738,32.1868,8.55888,47.8127
68339,3330,3296,3227,3166,3809,3844,3508,3365,5519,5266,4076,3479,8723,9088,4673,3723,25.9652,-14.3556,8.68916,48.0613
68340,11642,7080,4055,3474,5993,4823,3846,3379,3851,3773,3443,3215,3432,3398,3298,3253,-31.4844,-22.1292,8.95412,47.97
68341,3409,4139,6923,9570,3613,3882,5616,7040,3235,3565,3981,4167,3068,3343,3439,3359,-19.447,19.703,8.85933,48.2327
68342,3152,3364,3352,3382,3286,3381,3770,3942,3395,3815,4768,6105,3460,3921,6155,12591,28.6027,28.491,8.61976,47.8927
68343,4821,4221,3541,3238,8405,5188,3837,3310,8066,4843,3741,3369,4873,4117,3486,3377,-0.608442,-28.5237,8.82167,48.2887
68344,3301,3617,4250,4772,3380,3873,5522,7403,3408,3940,5707,7360,3266,3721,4324,4820,0.27449,20.0285,8.53737,48.4427
68345,3676,4471,7869,8457,3439,4146,5780,6306,3250,3645,3999,3999,3129,3426,3432,3362,-20.5861,16.0925,8.60562,48.2573
68346,3509,4244,6929,11423,3391,3858,5017,6157,3128,3468,3744,4064,3091,3179,3387,3379,-26.3936,22.0692,8.54629,47.9787
68347,3748,3650,3403,3151,4944,4390,3652,3264,8782,6256,3954,3431,7121,5494,3901,3390,11.2193,-20.3934,8.90281,48.354
68348,3236,3711,4260,4803,3346,3868,5702,7801,3355,3764,5269,7317,3288,3608,4198,4733,-0.771764,21.1332,8.59135,48.1727
68349,3076,3243,3312,3377,3192,3522,3759,3995,3479,3948,4948,5742,3250,4052,7639,11143,33.2151,19.4287,8.99818,47.7847
68350,3461,3641,3883,3762,3710,4474,5939,4691,3646,4892,7743,5402,3628,4080,4908,4462,4.11407,8.24601,8.64873,48.2147
68351,3100,3255,3409,3345,3176,3424,3802,3947,3307,3853,4845,6099,3375,3933,6413,12178,32.4285,24.9464,8.77537,47.6407
68352,3360,3716,4785,6513,3358,3821,5274,9952,3373,3562,4285,5728,3275,3327,3796,3904,-8.32316,33.5818,8.95172,48.0193
68353,3546,3853,3739,3387,4237,5533,4860,3867,4570,7166,6101,4133,4153,4900,4523,3902,5.14106,-2.53972,8.69545,48.3133
68354,4782,6036,4759,3750,5152,7991,5417,3744,4050,4790,4058,3560,3480,3549,3596,3312,-10.8809,-6.56986,8.77544,48.0173
68355,3077,3374,3351,3334,3189,3464,3811,3905,3425,3688,4859,6099,3427,4007,6636,12372,28.3296,24.6579,8.89943,48.012
68356,3519,4333,5971,5454,3562,4520,7854,6352,3374,3816,4816,4662,3117,3437,3709,3709,-10.0209,12.1293,8.85223,48.1367
68357,3768,5137,8411,6768,3845,4390,6374,5676,3350,3671,3972,4097,3183,3324,3391,3374,-19.3466,11.4803,8.66107,48.4873
68358,3319,3568,4152,4597,3347,3939,5806,6700,3500,4019,6056,6972,3421,3715,4380,4657,0.889482,17.2644,8.80918,48.0987
68359,4454,4035,3559,3315,7328,4756,3635,3328,8966,5142,3719,3410,5161,4434,3559,3204,2.34643,-26.3235,8.83055,48.0033
68360,7958,9087,5005,3635,5180,5455,4153,3519,3925,3750,3657,3338,3312,3277,3240,3167,-26.6783,-12.4283,8.56471,47.772
68361,3601,4168,5309,4767,3687,4698,7992,5988,3636,4002,5254,4701,3367,3442,3895,3804,-7.53868,10.0882,8.61139,48.2073
68362,11751,6589,4065,3369,6175,4949,3880,3300,4015,3905,3531,3180,3324,3398,3271,3115,-27.0954,-23.6015,8.52074,47.878
68363,3032,3292,3412,3407,3345,3378,3873,3832,3467,4042,5137,5501,3434,4396,8389,9697,29.8941,16.8175,8.6963,47.756
68364,11684,5874,4012,3389,7072,4874,3792,3345,4072,3752,3498,3184,3466,3348,3266,3106,-22.4366,-32.0011,8.83244,47.8227
68365,3230,3489,3192,3163,3570,3788,3741,3455,4495,5029,4747,4012,5558,9375,6718,4131,32.579,-4.54622,8.64349,47.7953
68366,3440,3391,3206,3176,4083,3775,3506,3272,6950,4830,3713,3348,11901,5906,3907,3477,23.4635,-29.5216,8.545,47.9207
68367,3602,4299,6148,5621,3637,4598,7852,6283,3433,3865,4586,4409,3248,3473,3682,3543,-11.5888,11.6255,8.91137,48.186
68368,10109,5939,3925,3397,7839,5142,3780,3382,4401,3902,3535,3231,3458,3377,3306,3169,-18.4116,-26.1338,8.63975,47.928
68369,3267,3381,3369,3251,3508,3664,3775,3582,4024,5149,5438,4388,4502,7464,8763,4979,23.4626,1.96628,8.90117,48.336
68370,3805,3755,3428,3150,5314,4226,3455,3179,9754,5389,3876,3352,7225,5075,3778,3340,10.8518,-26.4694,8.95472,48.0673
68371,3411,3434,3251,3133,3775,3877,3552,3320,5147,5663,4212,3511,7990,9325,5046,3678,25.4686,-12.6798,8.80049,48.2167
68372,3469,3594,3185,3266,4409,3998,3445,3239,8353,5190,3833,3432,9512,5535,3974,3405,16.5328,-32.5011,8.59443,47.8927
68373,3465,3719,4448,4679,3534,4146,6950,6612,3531,4149,6082,5812,3323,3578,4147,4175,-2.00837,14.2629,8.73922,48.2333
68374,4604,4695,3833,3449,6461,7145,4412,3642,5582,5937,4150,3438,4063,4034,3660,3345,-3.09522,-13.7621,8.50014,48.3
68375,12570,6012,3851,3469,6015,4848,3810,3409,3854,3743,3458,3205,3329,3412,3253,3202,-27.873,-33.0858,8.68401,47.6267
68376,3428,3542,3098,3141,3836,3835,3556,3187,5316,5084,4124,3549,8600,9389,4781,3629,30.6857,-13.9697,8.91095,48.0633
68377,3913,4726,5063,4028,4041,6397,7148,4601,3878,4890,5055,3986,3519,3725,3833,3590,-6.2139,1.69377,8.60839,48.262
68378,3273,3833,4458,4688,3296,4079,6396,6728,3423,4115,6009,6282,3181,3745,4404,4408,-1.15556,15.7418,8.69296,48.212
68379,12567,5928,3840,3409,6178,4841,3700,3387,3917,3748,3450,3261,3417,3293,3291,3083,-27.6666,-30.5423,8.59542,47.54
68380,3184,3232,3275,3426,3223,3348,3840,3876,3395,3775,4714,6014,3463,3912,6036,12500,29.0171,30.7384,8.50072,47.4753
68381,3628,4355,5640,4607,3861,5220,8186,5367,3540,4234,5084,4330,3326,3517,3758,3642,-8.32169,7.52329,8.77819,48.1967
68382,3355,3642,3996,3996,3591,4168,5949,5021,3582,4653,7606,5897,3489,3906,4632,4583,3.76299,10.7105,8.54939,48.044
68383,3435,4029,5833,9055,3474,3865,5489,8103,3295,3571,3996,4394,3158,3288,3481,3554,-16.5192,22.9906,8.58829,48.0133
68384,3614,4230,5187,4638,3633,4839,8010,5716,3510,4105,5517,4705,3372,3538,3870,3846,-6.29747,9.28967,8.59758,48.22
68385,10287,6237,4018,3455,7536,5193,3812,3363,4280,3918,3562,3218,3447,3445,3269,3023,-19.5614,-24.4505,8.50503,48.042
68386,7479,5086,3713,3376,9727,5208,3764,3340,5284,4154,3666,3190,3688,3630,3439,3191,-11.0094,-30.9283,8.50373,47.9567
68387,9539,5729,3913,3361,8262,5144,3926,3421,4712,3995,3639,3284,3531,3485,3264,3021,-16.651,-26.5532,8.5348,48.1507
68388,5828,6868,4478,3578,6226,7405,4502,3646,4287,4609,3750,3423,3528,3599,3354,3171,-13.4574,-11.333,8.75098,48.168
68389,3466,3492,3382,3158,4005,4200,3769,3382,5617,7081,4619,3542,6181,7682,4798,3788,16.7044,-10.7436,8.91881,48.108
68390,3650,3590,3283,3149,4758,4020,3507,3167,9160,5312,3842,3360,8808,5387,3926,3250,14.322,-26.6446,8.84627,48.1127
68391,11414,6124,3859,3454,7106,5039,3931,3312,4064,3960,3459,3147,3450,3308,3296,3027,-21.9965,-26.4842,8.53784,47.9667
68392,3773,4189,4140,3590,4175,6175,5770,4027,4339,6340,5832,4016,3718,4241,4170,3629,0.420917,-1.64943,8.59821,48.0827
68393,3528,3323,3224,3087,3936,3767,3354,3288,6068,4705,3724,3401,12816,5988,3916,3339,31.2762,-30.2537,8.70035,47.6427
68394,3779,3756,3657,3243,5043,5032,3866,3470,6570,7703,4505,3544,5252,5334,4104,3561,7.52459,-13.3314,8.72747,48.2793
68395,3805,3687,3330,3148,5259,4417,3508,3255,9446,5718,3876,3372,7022,5021,3966,3405,10.7437,-23.4438,8.92655,48.1567
68396,3330,3293,3245,3117,3562,3764,3649,3588,4340,5363,4918,3942,5174,8701,7236,4434,24.8856,-2.46714,8.64625,47.7707
68397,3455,3569,3383,3191,4111,4170,3618,3383,5830,7130,4531,3731,6241,7335,4815,3647,15.9055,-11.3388,8.60366,48.0933
68398,3224,3455,3436,3442,3544,4008,4164,3713,4225,6051,6363,4359,4460,6477,6895,4614,16.3663,1.22831,8.9201,48.2867
68399,4085,4838,4560,3997,4575,7272,6223,4083,3961,5222,4769,3757,3706,3900,3860,3535,-5.71461,-2.46517,8.95145,48.2287
68400,3419,3296,3401,3087,3984,3898,3466,3223,6504,5036,3738,3396,10733,7056,4091,3376,22.7724,-20.8411,8.96886,47.8027
68401,5844,5197,3818,3450,8389,6436,4118,3380,5422,4788,3922,3421,4004,3768,3493,3084,-7.48167,-19.2108,8.64419,48.356
68402,3439,3343,3153,3075,3884,3877,3575,3339,5201,5313,4007,3695,8256,9364,4825,3607,27.2053,-13.2381,8.80318,47.9687
68403,3297,3572,3991,3952,3472,3966,5508,5035,3573,4509,7642,6407,3445,3944,4934,4677,5.16551,12.5017,8.62178,47.9493
68404,3364,3937,4981,6961,3339,3824,5701,9326,3315,3586,4438,5263,3243,3309,3609,3697,-10.4422,23.7191,8.85378,47.9287
68405,8841,8896,4663,3595,5555,5389,4156,3457,3858,3796,3615,3316,3396,3393,3310,3113,-25.2143,-14.9359,8.78777,48.2327
68406,10215,5845,3879,3313,8097,5127,3788,3469,4394,3991,3467,3228,3494,3498,3247,3028,-17.9914,-25.4905,8.90934,48.0533
68407,3718,3895,3687,3194,4858,5785,4248,3652,6014,7832,4813,3674,4591,5023,4001,3635,5.04544,-10.2038,8.72329,48.4133
68408,4618,4038,3507,3263,7142,5173,3789,3411,8251,5579,3848,3286,5187,4287,3604,3199,1.80793,-22.7646,8.67269,48.1213
68409,4018,4092,3539,3241,5762,5142,3835,3341,7714,6731,4150,3517,5175,4856,3805,3216,5.26492,-17.375,8.81861,48.0893
68410,4119,3924,3423,3141,6386,4610,3554,3281,9604,5430,3941,3279,5904,4582,3647,3293,5.98546,-25.4159,8.82701,48.0787
68411,3133,3311,3546,3626,3213,3374,3888,4589,3374,3991,5151,8444,3414,3896,5568,9319,15.9928,29.0214,8.55464,47.8913
68412,3156,3469,3629,3936,3271,3575,4429,5541,3411,3843,5281,9886,3301,3680,4944,6687,8.86698,32.7295,8.6674,48.026
68413,3196,3339,3340,3190,3515,3740,3804,3649,4026,4758,4981,4178,4699,7890,8675,5143,29.4694,1.64259,8.51058,48.082
68414,3176,3210,3421,3450,3388,3504,3849,3985,3572,4036,5626,5979,3647,4501,8346,8833,22.1066,15.7023,8.93618,48.3487
68415,3443,3393,3281,3062,3855,3824,3470,3290,5386,5303,4115,3605,8589,9189,4712,3638,26.1304,-14.0608,8.89561,48.1033
68416,3204,3772,4686,6107,3257,3868,5192,9944,3221,3548,4531,6417,3179,3384,3845,4127,-6.52694,27.2138,8.77465,48.188
68417,3065,3176,3589,3415,3253,3425,4152,4721,3309,3849,5133,8733,3460,3945,5320,9148,15.6155,32.0618,8.66065,47.7953
68418,3330,3375,3280,3185,3826,3665,3652,3304,4929,5311,4342,3627,7297,9883,5387,3783,31.851,-10.4012,8.95218,48.1173
68419,3162,3209,3436,3541,3274,3455,3721,3955,3323,3760,4698,6040,3343,3725,5992,12606,33.2388,29.9447,8.80423,47.4933
68420,3821,3837,3411,3208,5582,4230,3629,3374,9891,5174,3776,3346,6962,4815,3680,3317,9.36629,-29.6244,8.9521,48.0353
68421,6051,4648,3668,3343,9932,5409,3693,3373,6182,4392,3573,3191,4004,3867,3367,3143,-6.89586,-27.646,8.8563,47.8907
68422,11971,6281,4080,3278,6078,4823,3781,3385,4015,3750,3381,3265,3466,3447,3260,3152,-33.8911,-24.3529,8.80881,47.6087
68423,3205,3210,3404,3518,3292,3699,3795,4005,3558,4025,5496,5940,3538,4460,8137,8915,23.3,16.2526,8.51055,48.1313
68424,3589,3697,3620,3394,4040,4895,4274,3553,4820,7910,5768,3924,4582,5557,4636,3778,9.00809,-5.10522,8.50749,48.0247
68425,3116,3590,4109,4542,3264,3715,5164,7576,3292,3769,5402,8311,3294,3599,4353,4908,1.37655,22.5988,8.89649,48.0027
68426,6040,9544,6171,4125,4762,5293,4511,3860,3791,3834,3687,3348,3282,3334,3340,3222,-26.1655,-6.50665,8.54245,48.096
68427,3319,3371,4007,4578,3332,3669,4893,7712,3282,3758,5112,8861,3259,3547,4306,5093,1.83608,26.8134,8.85151,48.066
68428,3772,3727,3321,3127,4962,4562,3810,3310,8273,6699,3966,3456,6419,5501,3980,3455,10.6327,-17.8874,8.95115,48.2267
68429,3278,3569,4125,4135,3517,3995,5836,5607,3522,4255,7058,6729,3350,3824,4631,4773,3.17971,14.3981,8.93775,48.136
68430,3146,3238,3469,3464,3333,3611,3983,4213,3389,4055,5892,7165,3522,4260,6621,8797,17.5903,18.9034,8.88483,48.1053
68431,3303,3360,3210,3239,3713,3743,3640,3395,4700,5287,4516,3832,6016,9666,6248,3893,33.0405,-6.31183,8.65414,47.8407
68432,3920,5470,6994,4898,3992,5590,7276,4841,3569,3952,4331,3967,3373,3512,3532,3376,-14.7426,4.63781,8.55066,48.3953
68433,3454,3976,6051,12630,3377,3781,4769,6137,3194,3437,3754,3806,3124,3146,3404,3329,-28.1468,29.1857,8.7017,47.5793
68434,3922,3748,3350,3163,5789,4521,3634,3320,9714,5245,3900,3308,6368,4686,3738,3364,7.87514,-33.0414,8.50894,47.8467
68435,3396,3425,3239,3160,3792,3811,3631,3263,5175,5236,4307,3527,7861,9598,4849,3543,33.6753,-12.4987,8.97854,47.8753
68436,3813,5195,8757,6552,3743,4552,6154,5310,3420,3701,3890,3901,3027,3258,3469,3435,-20.8097,10.2062,8.61823,48.118
68437,5627,4441,3574,3222,9518,5212,3742,3297,6787,4695,3789,3305,4305,4011,3389,3188,-4.49135,-27.5048,8.62685,48.068
68438,3023,3185,3453,3404,3292,3566,3914,4278,3468,3817,5136,7695,3395,3969,6006,10422,19.1959,25.6102,8.68074,48.0153
68439,3327,3890,4840,5542,3389,4070,6380,8208,3304,3682,5045,5780,3316,3433,3821,4134,-5.73617,18.8822,8.73333,48.1073
68440,3658,4302,5142,4351,3774,5372,7985,5142,3677,4472,5439,4436,3349,3644,3808,3712,-5.89404,6.58477,8.93534,48.1753
68441,3511,3924,4156,3776,3882,4982,6340,4464,3874,5250,7036,4746,3669,4077,4522,3958,1.29466,4.83946,8.5025,48.1113
68442,3415,3419,3256,3211,3928,3708,3526,3299,6012,4721,3759,3477,12514,5859,3858,3359,32.4596,-31.0848,8.58583,47.5473
68443,4255,4638,4174,3594,4950,7606,5112,3836,4553,6036,4604,3659,3893,3970,3760,3379,-3.22631,-6.45794,8.81175,48.0127
68444,6791,9722,5571,3960,4924,5399,4372,3668,3743,3819,3586,3319,3350,3347,3294,3169,-25.5322,-9.37778,8.58763,48.0227
68445,3275,3191,3402,3150,3638,3826,3882,3526,4391,5606,5469,4221,4750,7461,7450,4696,20.7521,-0.0560278,8.55441,47.956
68446,3485,4294,8065,10532,3413,3859,5086,5611,3332,3434,3849,3850,3023,3310,3334,3371,-32.8054,18.1235,8.97972,47.8987
68447,7845,5082,3864,3395,9594,5076,3782,3404,4995,4142,3482,3244,3659,3450,3343,3192,-12.3622,-29.966,8.77274,47.6993
68448,3200,3482,3987,4470,3288,3677,4746,7640,3316,3744,5105,9155,3325,3580,4327,5306,2.1235,28.468,8.95445,48.232
68449,3731,4101,4030,3662,4081,5643,5553,4068,4303,6696,6026,4168,3788,4402,4187,3770,1.93983,-1.19296,8.74286,48.1393
68450,3404,3464,3515,3469,3668,4204,4277,3774,4216,6101,7014,4524,4290,5781,6194,4505,13.5078,1.89319,8.76983,48.2667
68451,3349,3354,3248,3096,3930,3838,3618,3275,5536,5450,4105,3569,8468,8734,4867,3592,24.4143,-14.3187,8.8644,48.0193
68452,3745,3982,3874,3549,4243,5784,5213,3912,4401,6883,5982,4067,3942,4568,4316,3799,2.91807,-2.37334,8.57109,48.1733
68453,3114,3287,3416,3295,3276,3626,3929,3626,3724,4408,5896,5060,3816,5457,9576,6565,23.0143,9.48081,8.9404,48.0473
68454,3347,3829,4379,4532,3473,4104,6317,6652,3444,4044,6229,6394,3323,3715,4323,4452,-0.65679,15.6501,8.86209,48.3713
68455,6655,4787,3795,3308,9840,5414,3785,3387,5552,4351,3596,3216,3974,3768,3344,3120,-8.77973,-27.0422,8.93525,47.928
68456,3819,5487,9883,7026,3863,4290,5380,4821,3354,3564,3781,3751,3006,3303,3440,3378,-27.3709,9.59831,8.59108,48.0973
68457,3330,3486,3317,3107,3891,3818,3620,3320,4984,5865,4438,3606,6691,9297,5501,3897,22.6692,-9.80494,8.79304,48.112
68458,3356,3643,4457,4678,3479,3971,5942,7317,3395,3920,5862,6926,3181,3590,4233,4561,-0.901452,18.538,8.66584,48.3407
68459,6182,9370,5900,4119,4851,5762,4699,3832,3818,3919,3608,3474,3372,3347,3242,3239,-22.6193,-7.09102,8.5297,48.4893
68460,3465,4218,5268,5005,3666,4628,8009,6400,3424,3924,5317,4783,3265,3512,3898,3931,-7.34522,11.3827,8.75789,48.4753
68461,3584,4835,9196,8235,3595,4126,5461,5416,3276,3583,3786,3787,3049,3342,3411,3288,-27.0775,13.6998,8.7028,47.98
68462,3142,3460,3578,3356,3413,3773,3908,3841,3731,4590,6143,4938,3897,5530,9035,6354,21.3796,8.779,8.54484,48.4593
68463,3291,3339,3236,3228,3662,3706,3808,3509,4356,5214,4792,4075,5176,8983,7386,4636,26.5085,-2.55488,8.66657,48.2647
68464,3667,4484,5743,4807,3732,5027,8339,5468,3555,4091,4927,4307,3361,3355,3737,3682,-9.30959,8.28211,8.95299,48.188
68465,3304,3590,3674,3542,3654,4143,4970,4203,3831,5550,7909,5239,3730,4642,5890,4628,9.45803,6.23512,8.68054,48.3327
68466,3517,3542,3313,3150,4105,4217,3609,3357,6001,6914,4418,3644,6583,7362,4568,3590,15.9504,-12.2297,8.58932,47.9267
68467,5585,4425,3762,3208,9531,5218,3681,3284,6886,4599,3679,3291,4228,3899,3501,3229,-4.40797,-28.4529,8.67956,48.004
68468,8892,8489,4617,3608,5650,5310,4103,3459,3876,3943,3597,3352,3434,3356,3201,3135,-23.87,-15.3856,8.51359,48.0147
68469,3308,3352,3360,3312,3604,3912,3906,3533,4355,5958,5548,4201,4615,7504,7026,4541,19.5467,-0.847043,8.61152,48.0233
68470,3881,4027,3726,3492,4624,6099,4571,3700,5085,7690,5127,3784,4142,4622,4136,3650,2.82055,-7.23068,8.85254,48.2373
68471,4091,3831,3303,3135,5728,4536,3733,3225,9241,5994,3949,3426,6022,4923,3685,3320,7.3821,-21.807,8.87321,48.0947
68472,4394,4271,3571,3315,6524,5891,3966,3345,7031,6309,4036,3428,4642,4314,3809,3373,1.13046,-16.8618,8.73767,48.146
68473,12730,5997,4012,3387,5783,4699,3700,3395,3898,3683,3441,3221,3475,3387,3222,3294,-31.0596,-32.8593,8.67018,47.5493
68474,3816,4537,4495,3858,4248,6613,6403,4289,3994,5446,5443,4017,3643,3976,3865,3581,-3.60885,-0.395472,8.76878,48.1493
68475,12175,6623,4052,3347,5925,4772,3801,3267,3896,3742,3436,3174,3431,3441,3199,3144,-31.566,-23.9474,8.88971,47.6167
68476,4570,7447,7692,4689,4202,5482,5485,4348,3632,3864,3849,3585,3334,3460,3411,3335,-20.8821,0.352405,8.54143,48.2567
68477,3475,3836,5262,8470,3382,3971,5212,9046,3210,3599,4121,4784,3245,3360,3489,3546,-13.8548,33.0394,8.5557,48.0053
68478,3258,3388,3403,3251,3626,3845,3718,3557,4276,5379,5183,4234,4866,8233,7475,4613,23.1063,-0.927583,8.67077,48.2033
68479,3450,4115,5933,9229,3359,3895,5333,8191,3273,3512,3963,4601,3119,3283,3535,3547,-17.1156,23.4095,8.67986,48.2253
68480,3514,3390,3105,3170,3927,3816,3395,3237,5917,4825,3757,3378,12028,6791,3916,3418,28.5602,-23.2822,8.65977,47.7227
68481,3447,3486,3356,3193,3806,3953,3852,3461,4885,6706,5217,3906,5440,8032,5644,4102,17.9803,-5.71632,8.58918,48.324
68482,3645,4968,9254,7731,3453,4237,5559,5343,3263,3621,3977,3798,3147,3268,3445,3331,-23.8661,12.5429,8.76598,48.0267
68483,3215,3252,3513,3572,3237,3620,4217,4807,3504,3936,5922,8579,3471,3954,5732,7684,13.5496,20.4543,8.92727,48.1433
68484,12672,6027,3995,3375,5977,4628,3727,3337,3829,3756,3430,3380,3472,3289,3172,3136,-27.7413,-32.6179,8.89131,47.468
68485,12545,5901,3923,3289,6226,4654,3882,3393,3971,3742,3421,3298,3488,3400,3298,3196,-32.7848,-28.5691,8.50683,47.7513
68486,3163,3407,3719,3887,3253,3522,4289,5583,3443,3819,5304,10004,3259,3732,4732,6989,9.64921,28.8211,8.76415,48.07
68487,3875,4991,6425,4872,3931,5571,7611,5087,3588,4122,4563,3959,3382,3417,3545,3559,-12.3405,5.5543,8.6919,48.332
68488,4946,4244,3737,3243,8209,5491,3771,3472,7388,5188,3795,3254,4441,4100,3584,3296,-1.7011,-22.8317,8.51587,48.106
68489,3440,4045,6761,12002,3534,3776,4859,6213,3195,3496,3804,3925,3117,3252,3320,3305,-26.3966,23.9298,8.8575,48.0293
68490,3147,3280,3386,3360,3322,3416,3738,3916,3320,3700,4735,6036,3320,3867,5928,12875,33.269,28.8398,8.94948,47.564
68491,3256,3280,3356,3162,3389,3705,3809,3630,3976,4920,5319,4428,4298,7183,9146,5198,25.595,2.95479,8.83982,48.0367
68492,9822,5726,3876,3295,8416,5200,3739,3412,4518,4124,3429,3163,3646,3513,3296,2985,-16.8195,-27.5223,8.7877,48.1067
68493,9806,5827,3916,3369,8218,5166,3745,3380,4505,4023,3459,3213,3591,3432,3151,3097,-17.19,-24.9416,8.98357,47.932
68494,4633,5648,4593,3830,5318,8154,5372,3792,4119,5012,4091,3565,3513,3716,3546,3234,-8.99122,-6.5667,8.80668,48.0907
68495,3457,3916,5304,5711,3542,4366,7117,7431,3377,3764,4835,5061,3214,3351,3884,3761,-8.43909,16.2534,8.59473,48.0607
68496,8311,5203,3685,3415,9494,5252,3860,3379,4831,4146,3512,3253,3699,3653,3307,3183,-13.2106,-29.4806,8.75986,48.122
68497,3189,3305,3336,3386,3189,3436,3880,4124,3446,3827,4835,6904,3402,4013,5971,11717,22.9608,30.06,8.64966,47.9733
68498,3311,3918,6080,12303,3411,3853,4815,6258,3172,3475,3669,3940,3226,3319,3396,3337,-26.1447,33.7097,8.79527,47.6553
68499,3422,3463,3370,3240,3806,4061,3872,3438,4939,6735,4936,3856,5646,8149,5603,3831,17.8399,-6.66996,8.94411,48.2447
68500,3672,3787,3496,3216,4501,4930,4064,3465,5584,8325,5001,3644,4961,5699,4421,3621,8.75714,-9.29664,8.96486,48.258
68501,3176,3182,3510,3484,3275,3519,3870,4448,3460,3864,5155,8175,3441,3937,5683,9718,17.3351,33.7396,8.54002,47.9313
68502,3179,3268,3347,3365,3452,3655,3740,3668,3767,4361,5402,4851,3812,5701,9878,6702,25.5708,9.07627,8.83117,48.0987
68503,6983,6277,4177,3506,7479,6700,4177,3608,4552,4343,3620,3345,3723,3559,3399,3108,-13.6247,-16.7832,8.66772,48.3707
68504,3630,4661,8852,8681,3542,4001,5461,5570,3225,3522,3871,3910,3048,3225,3407,3374,-25.0984,14.9087,8.67906,47.9867
68505,3746,5515,9962,6958,3721,4207,5187,4763,3450,3554,3794,3834,3040,3327,3336,3376,-30.1502,9.69275,8.58488,47.8467
68506,3498,3877,4639,4613,3582,4627,7327,5901,3451,4244,6048,5157,3406,3509,4213,3993,-2.56091,11.6519,8.54683,48.0567
68507,11622,5866,3831,3423,7188,5033,3872,3370,4126,3767,3485,3197,3340,3443,3226,3168,-21.7369,-29.3875,8.75213,47.9713
68508,3063,3193,3527,3570,3205,3488,3980,4558,3405,3884,5023,8626,3451,3851,5519,9616,16.5321,31.6328,8.79601,47.9727
68509,3532,3676,3773,3441,3802,4823,5013,4051,4263,6760,7041,4401,4018,4833,5066,4170,7.52831,0.603098,8.94633,48.442
68510,3219,3262,3371,3526,3227,3541,3828,3898,3390,3851,4758,6623,3378,3864,5978,12129,23.3819,33.4358,8.76122,47.8953
68511,3159,3280,3626,3827,3271,3661,4272,5229,3448,3823,5180,9810,3245,3821,5019,7282,10.8378,31.46,8.56822,47.9687
68512,6488,6370,4223,3511,7073,7158,4347,3602,4460,4255,3649,3389,3609,3615,3307,3149,-13.0794,-14.9582,8.84744,48.1367
68513,4422,6191,5978,4373,4494,6793,6266,4283,3773,4302,4268,3619,3326,3493,3449,3252,-13.6375,-1.09948,8.97157,48.188
68514,3179,3384,3683,4031,3316,3511,4373,5762,3354,3753,5217,9960,3372,3802,4786,6582,8.29213,30.356,8.7507,48.0433
68515,4520,4155,3528,3317,7880,4902,3800,3341,8572,4907,3693,3259,4841,4261,3495,3276,0.762047,-33.1828,8.64575,47.8313
68516,3525,3629,3586,3298,4099,4606,4025,3513,5198,7973,5289,3793,4838,6158,4779,3750,11.3632,-7.01179,8.81754,48.0393
68517,3502,4217,6636,8170,3537,4047,5996,7135,3240,3631,4164,4362,3123,3271,3497,3535,-17.3245,18.0808,8.58364,48.042
68518,4276,4407,3869,3384,5632,6939,4456,3630,5364,6683,4369,3528,4246,4309,3794,3458,-0.319082,-10.7275,8.77632,48.2293
68519,3465,3938,5958,12537,3419,3684,4742,6113,3243,3441,3793,3974,3149,3212,3353,3342,-28.2408,30.9034,8.50073,47.5753
68520,3469,3332,3225,3104,3841,3838,3426,3205,5524,5072,3912,3591,10007,8442,4355,3500,31.372,-17.0602,8.96069,47.8953
68521,9702,5463,3845,3494,8526,5053,3816,3472,4541,4019,3464,3189,3583,3508,3316,3100,-16.411,-31.5422,8.69692,48.0607
68522,3305,3377,3253,3133,3733,3841,3551,3409,4935,5883,4359,3580,6653,9663,5590,3823,22.9169,-8.67278,8.98967,48.0587
68523,3534,4031,5281,4951,3734,4536,7969,6182,3397,4016,5263,4726,3408,3546,3885,3796,-7.2413,11.2486,8.61723,48.17
68524,3539,3472,3181,3193,4429,3886,3487,3324,8347,5092,3783,3354,9752,5485,4009,3396,16.7836,-32.2701,8.9232,47.8193
68525,3710,4291,4195,3907,4412,6559,6061,4156,4316,5903,5493,4058,3754,4089,4135,3607,-1.71562,-1.16985,8.64282,48.4307
68526,3175,3337,3375,3283,3515,3604,3807,3679,4042,4679,5312,4542,4218,6690,9475,5402,32.9107,4.55032,8.56383,48.09
68527,3320,3340,3222,3120,3764,3857,3642,3409,4958,5578,4530,3723,6582,9716,5829,3935,25.3716,-8.60519,8.52125,48.35
68528,3152,3292,3299,3486,3347,3587,4031,4298,3413,3760,5064,7803,3378,3948,5660,10276,18.6119,33.1482,8.61728,47.8627
68529,4341,7447,9094,5338,3953,4826,5077,4319,3478,3657,3730,3658,3229,3398,3442,3239,-29.578,2.65663,8.92751,48.1507
68530,12598,5903,3876,3363,6199,4756,3722,3470,3911,3780,3441,3279,3312,3332,3301,3165,-27.1514,-30.5474,8.73291,47.6053
68531,3386,3458,3285,3102,3968,4079,3671,3316,5391,6782,4657,3778,6336,8318,4979,3707,17.9006,-9.42186,8.81252,48.142
68532,3416,3814,5299,8483,3380,3722,5304,9264,3160,3519,4161,4852,3171,3260,3462,3744,-13.8882,29.0289,8.70888,48.0073
68533,3011,3249,3444,3489,3289,3478,3844,4273,3490,3842,5203,7115,3386,4000,6345,10721,20.5893,23.5987,8.54274,48.1193
68534,11987,6075,3989,3387,6783,4802,3663,3375,4024,3761,3433,3201,3363,3443,3203,3092,-24.0983,-29.2837,8.64662,47.7207
68535,4603,4376,3620,3226,6724,6062,3978,3399,6943,6122,3959,3461,4606,4410,3576,3356,0.168021,-17.2514,8.68157,48.2807
68536,3176,3551,3655,3860,3520,4059,5101,4933,3561,4427,7970,6796,3394,3988,5260,5259,7.37447,13.4973,8.86852,48.34
68537,3312,3436,3405,3245,3784,3885,3905,3577,4371,5688,5283,4015,4963,8215,7209,4378,21.017,-1.97395,8.93927,48.4473
68538,4066,3799,3363,3104,6023,4576,3545,3276,9767,5464,3810,3282,6387,4629,3644,3351,7.64392,-25.7729,8.88562,48.0573
68539,3450,4275,5742,5733,3507,4343,7584,6981,3410,3806,4701,4758,3187,3452,3703,3677,-10.275,13.9046,8.8072,48.206
68540,3293,3519,3359,3196,3551,3754,3769,3361,4326,5190,4709,3834,5438,9523,6801,4155,33.81,-3.99304,8.87965,47.852
68541,3375,3382,3275,3167,3929,3822,3533,3360,5586,5579,4116,3526,8197,8819,4978,3703,23.5414,-13.7587,8.8601,48.2313
68542,3868,5813,10051,6629,3629,4319,5189,4830,3404,3647,3831,3593,3225,3203,3407,3302,-32.3797,8.58061,8.77305,47.96
68543,12407,6380,3993,3314,6401,4813,3788,3205,4051,3822,3462,3105,3364,3325,3138,3240,-25.6037,-26.1082,8.76538,47.872
68544,7149,4909,3781,3379,9674,5240,3783,3336,5568,4420,3550,3317,3877,3676,3354,3122,-9.86518,-26.8455,8.66154,48.09
68545,3501,4011,5936,12397,3317,3846,4772,6348,3252,3515,3752,3844,3166,3203,3386,3393,-26.2298,32.5257,8.55487,47.7593
68546,4881,4260,3567,3186,8213,5207,3876,3369,7893,5060,3779,3338,4651,4200,3506,3264,-0.870992,-24.4587,8.78057,48.1667
68547,3339,3606,3534,3467,3679,4389,4368,3759,4347,6652,6846,4259,4269,5553,5780,4180,11.5685,0.562386,8.52351,48.018
68548,10996,6101,3908,3369,7106,5063,3926,3376,4116,3944,3520,3270,3486,3396,3230,3174,-21.4463,-25.9699,8.57871,47.9873
68549,3658,3677,3412,3267,4418,4862,3879,3482,5965,8053,4646,3702,5382,5905,4350,3616,10.5385,-10.6746,8.86884,48.1827
68550,11332,6553,4160,3384,6503,5109,3984,3387,4059,3863,3499,3186,3319,3349,3205,3081,-23.9617,-22.8837,8.51211,47.982
68551,11422,6368,3889,3277,6920,5008,3875,3395,4148,3858,3409,3294,3373,3388,3218,3104,-22.918,-25.0862,8.7567,47.964
68552,3306,3701,4673,6164,3321,3908,5268,10010,3286,3744,4479,6044,3230,3438,3646,3871,-7.30363,33.5585,8.81401,48.0593
68553,3498,3531,3597,3191,4102,4445,3794,3401,5793,7550,4786,3704,5596,6942,4777,3795,13.8598,-9.77961,8.55575,48.3347
68554,8087,9651,4893,3634,5162,5270,4188,3577,3755,3761,3523,3369,3365,3328,3269,3171,-28.6179,-12.2904,8.91341,48.002
68555,3400,3544,3499,3268,4006,4458,3966,3493,4956,7287,5260,3858,5012,6913,5322,3970,14.1794,-5.87311,8.54474,48.1413
68556,3317,3528,3365,3231,4071,4121,3858,3469,5076,7220,5214,3788,5339,7483,5377,3953,15.852,-6.26647,8.86435,48.2733
68557,3321,3501,3689,3548,3592,4124,4956,4345,3846,5196,7944,5190,3749,4522,5778,4671,9.13391,7.39997,8.53752,47.9813
68558,3249,3455,3944,4188,3284,3677,4615,6776,3329,3924,5105,9545,3259,3704,4409,5539,4.48753,32.0024,8.55936,48.0013
68559,3416,3418,3218,3108,3874,3752,3438,3216,5954,4705,3688,3402,12572,6030,3922,3297,30.6985,-30.2448,8.63269,47.34
68560,3196,3158,3389,3405,3281,3503,3846,4160,3403,3703,4928,7573,3341,3931,5702,11213,20.4356,30.2165,8.95995,47.8213
68561,3145,3543,3912,4039,3371,3817,4796,5582,3334,4067,6678,8308,3347,3820,4878,5645,6.93605,18.6357,8.93365,48.188
68562,3136,3367,3620,3905,3179,3621,4303,5317,3390,3838,5440,9557,3386,3711,5018,7427,10.6,26.1616,8.78175,48.1433
68563,3307,4042,5164,5752,3490,4191,6773,8261,3422,3742,4713,5326,3160,3458,3745,3865,-8.20383,17.9835,8.92258,48.274
68564,3393,3398,3209,3023,3997,3831,3488,3300,5574,5471,4049,3630,8636,8574,4647,3563,24.6584,-15.2023,8.5062,47.8553
68565,3449,3411,3314,3156,3815,3875,3433,3309,5524,5145,4020,3448,9143,8609,4514,3566,33.0372,-15.6945,8.59325,47.8207
68566,3346,3944,5949,10026,3334,3836,5212,7842,3180,3626,3923,4364,3128,3271,3527,3537,-18.1638,24.961,8.65709,48.03
68567,3958,5352,8357,5709,3787,4711,6667,5074,3402,3722,4036,3927,3245,3264,3441,3460,-18.1261,7.65988,8.96831,48.0747
68568,3369,3426,3340,3192,3732,3874,3673,3468,5142,6323,4624,3686,6404,8844,5473,3780,20.238,-8.9223,8.86514,48.2333
68569,3358,3417,3199,3092,3783,3862,3470,3316,5912,4968,3802,3476,11466,7099,4076,3435,28.8052,-21.4479,8.72252,47.8207
68570,3129,3158,3461,3434,3234,3612,3908,3990,3380,3982,5554,6507,3449,4299,7532,9394,21.1365,18.4184,8.74131,48.0153
68571,3391,3384,3306,3060,4015,3735,3409,3179,6460,4846,3852,3360,12026,6226,3924,3375,24.557,-26.5747,8.71071,47.6987
68572,4463,7670,8904,5069,4101,4753,5047,4338,3541,3695,3754,3691,3246,3322,3293,3225,-29.1729,1.77432,8.57148,48.0747
68573,4324,5099,4346,3648,5123,8075,5290,3921,4457,5546,4375,3730,3723,3881,3713,3332,-5.65615,-6.24338,8.73869,48.3887
68574,5290,6767,4987,3768,5290,7672,5015,3769,4081,4381,3868,3541,3452,3477,3433,3214,-13.8844,-7.55387,8.94827,48.0033
68575,3095,3235,3415,3452,3274,3435,3781,4038,3389,3871,5183,6663,3359,4230,6782,10588,22.4318,21.4109,8.62298,47.86
68576,3525,4628,8003,7285,3589,4322,6253,5970,3318,3594,4107,4120,3130,3238,3536,3459,-18.5945,13.6998,8.92056,48.0513
68577,12157,5940,3935,3411,6382,4812,3687,3398,3975,3897,3501,3351,3383,3278,3226,3063,-25.7867,-29.7763,8.6637,47.5973
68578,4606,4672,3848,3447,6612,6991,4305,3553,5594,6002,4148,3475,4200,4120,3585,3241,-2.5644,-14.0168,8.54844,48.266
68579,6574,4977,3709,3267,9717,5487,3732,3317,5823,4569,3655,3326,3757,3816,3389,3156,-8.23977,-26.3374,8.54804,48.1807
68580,3338,4030,6561,12138,3309,3719,4874,6019,3093,3458,3790,3975,3148,3296,3408,3462,-33.9232,23.8725,8.51052,47.7453
68581,3434,3362,3306,3102,3957,3852,3471,3203,6510,4790,3792,3307,11734,6230,4074,3371,24.9885,-25.7634,8.59359,47.6633
68582,3607,3984,4330,4029,3893,5161,6878,4592,3841,4986,6421,4521,3559,4039,4215,3885,-0.629166,4.77911,8.74821,47.9607
68583,3081,3342,3341,3326,3256,3520,3835,4020,3313,3820,5072,7033,3450,3946,5857,11377,21.2748,33.9738,8.8993,47.726
68584,3216,3463,3510,3337,3679,3983,4268,3786,4076,5776,6942,4628,4269,5995,7051,4773,15.339,2.8756,8.85581,48.5013
68585,3447,3252,3252,3068,3911,3887,3479,3320,5693,5372,4018,3546,9222,8577,4593,3544,24.575,-15.8861,8.73395,48.1207
68586,6365,6943,4476,3639,6109,6887,4576,3587,4179,4387,3652,3450,3481,3529,3345,3276,-15.1099,-12.7983,8.5612,47.9207
68587,4104,3874,3561,3155,6325,4654,3681,3329,9317,5802,3862,3322,5692,4556,3743,3349,5.62031,-22.9409,8.99453,48.2173
68588,3410,4151,7570,11004,3403,3828,5029,5738,3195,3445,3856,3898,3070,3187,3432,3400,-31.6202,19.8752,8.67848,47.744
68589,5268,7113,4980,3922,5316,7429,4948,3765,4068,4414,3754,3476,3473,3532,3447,3233,-14.4193,-7.45683,8.84636,48.092
68590,4349,7300,9501,5370,3901,4630,5124,4331,3448,3652,3722,3649,3266,3361,3301,3259,-29.6971,3.33124,8.98393,48.1093
68591,3777,3533,3325,3225,5022,4277,3538,3114,9489,5243,3769,3419,7976,5064,3845,3306,12.6272,-31.1975,8.70545,47.948
68592,3002,3193,3377,3449,3166,3435,3945,4206,3397,3683,4903,7119,3372,3951,6091,11652,22.0084,25.9426,8.93574,47.9607
68593,3294,3893,5704,11151,3281,3764,5017,7751,3240,3459,3876,4121,3120,3282,3398,3427,-19.8029,31.0413,8.93254,47.852
68594,3421,3909,6726,12003,3354,3845,4834,6257,3139,3438,3872,3857,3101,3244,3449,3342,-27.2395,24.0613,8.95542,47.8607
68595,4997,8191,6678,4296,4432,5935,5209,4052,3666,4042,3898,3590,3265,3383,3483,3245,-19.7774,-3.09789,8.61855,48.2413
68596,4247,4172,3615,3409,6088,6134,4047,3476,6382,6729,4209,3530,4492,4516,3786,3376,1.3625,-14.6355,8.65835,48.1387
68597,3650,4638,8619,9196,3540,4144,5224,5533,3227,3463,3893,3882,3065,3192,3351,3329,-26.9413,15.759,8.63593,47.964
68598,4253,6685,9470,5680,3945,4579,5097,4529,3474,3643,3862,3648,3222,3365,3384,3389,-29.2507,4.89993,8.55846,48.15
68599,3255,3348,3450,3350,3420,3748,4223,3943,3833,4762,6878,5169,3941,5342,7895,5675,17.4408,7.67529,8.6392,48.1547
68600,3602,3445,3253,3192,4415,4232,3608,3236,8046,5867,3907,3458,8076,6040,4062,3391,14.9146,-19.8515,8.9847,47.8867
68601,6858,4837,3766,3288,10064,5339,3770,3280,5517,4317,3629,3313,3779,3706,3382,3141,-9.64386,-29.0514,8.78206,47.9907
68602,3029,3293,3327,3346,3381,3629,3822,3897,3420,3985,5511,5548,3649,4797,8777,8430,24.0621,14.347,8.75336,47.894
68603,5133,8964,7363,4506,4308,5096,4728,4024,3652,3719,3678,3630,3260,3337,3351,3235,-30.0289,-2.35189,8.79645,47.9893
68604,8153,9413,5030,3624,5345,5461,4183,3599,3828,3733,3442,3299,3441,3315,3244,3076,-25.8071,-12.9213,8.83278,48.124
68605,5613,4476,3730,3252,9399,5437,3827,3378,6671,4673,3719,3204,4246,3878,3456,3348,-4.71555,-25.5904,8.6147,48.2047
68606,12036,5886,4066,3411,6725,4821,3751,3331,3966,3752,3362,3186,3494,3346,3261,3098,-23.5133,-30.7625,8.81367,47.6613
68607,5189,7939,6133,4132,4678,6439,5206,3869,3699,4025,3839,3538,3328,3460,3353,3243,-18.5085,-4.24543,8.62578,48.0467
68608,3254,3549,3505,3624,3506,3839,4357,3881,3953,5428,7410,4925,3951,5243,6895,5103,14.258,5.76692,8.56685,48.282
68609,4008,3779,3364,3273,6070,4342,3664,3267,9911,5329,3810,3231,6323,4778,3677,3216,7.6773,-28.7378,8.5906,48.028
68610,3407,3961,4603,4528,3652,4472,7295,6208,3456,4284,6098,5431,3353,3634,4205,3984,-2.6,12.4174,8.92201,48.3807
68611,3372,3722,4901,6719,3340,3670,5295,9955,3132,3758,4370,5507,3245,3353,3633,4068,-9.0765,26.7214,8.8276,48.0267
68612,3345,3355,3253,3074,3935,3781,3554,3171,5983,4865,3898,3374,11562,7073,4087,3372,28.4591,-21.8991,8.66844,47.788
68613,3703,3619,3274,3120,5029,4422,3569,3203,8994,6090,3937,3450,6934,5421,3908,3426,10.7316,-20.9447,8.98163,48.066
68614,3360,3398,3158,3121,4043,3898,3456,3216,6254,5441,4063,3409,9796,7556,4205,3545,22.6863,-18.344,8.94924,47.946
68615,3122,3359,3604,3552,3211,3558,4113,4674,3354,3831,5100,8904,3258,3827,5425,9216,15.3335,28.4353,8.91096,48.072
68616,3269,3267,3337,3177,3753,3769,3463,3299,4960,5121,4249,3647,7414,9865,5441,3850,29.8648,-10.3856,8.95602,47.9207
68617,3415,3435,3072,3147,3941,3819,3465,3151,6412,4773,3796,3435,12360,6155,3978,3383,25.8932,-27.9311,8.75322,47.8247
68618,6753,6865,4499,3516,6563,6846,4334,3477,4195,4305,3705,3351,3551,3579,3339,3152,-15.3453,-14.268,8.61282,48.02
68619,3372,3507,3217,3177,3937,3978,3585,3403,6097,4988,3732,3320,11850,6670,4085,3342,33.1722,-23.2349,8.5665,48.1733
68620,3417,3309,3309,3246,3856,3784,3560,3390,5331,5288,4126,3538,7997,9456,5023,3690,31.1316,-12.6696,8.67168,48.2133
68621,3068,3229,3348,3426,3218,3481,3974,3924,3227,3713,4826,6373,3461,3998,6105,12528,26.148,28.4822,8.6908,47.9327
68622,5063,8855,7858,4572,4253,5027,4872,4076,3535,3721,3704,3440,3197,3417,3352,3141,-28.0347,-1.43705,8.8995,48.0553
68623,3173,3296,3336,3214,3244,3610,3917,3772,3661,4165,5292,4894,3785,5520,9998,7113,27.448,9.99716,8.97816,47.9933
68624,4289,4224,3642,3248,6276,5813,3964,3496,7182,6385,4130,3431,4712,4558,3728,3323,1.98805,-16.9177,8.53638,48.2673
68625,3309,3902,5887,10878,3340,3902,5064,7571,3301,3563,3980,4164,3143,3138,3324,3420,-19.7903,33.6602,8.82436,47.924
68626,4223,5760,6483,4544,4155,5934,7015,4526,3677,4164,4137,3852,3229,3580,3413,3433,-13.9356,2.40561,8.98198,48.0833
68627,3373,4010,6712,12367,3330,3748,4873,5965,3248,3450,3686,3915,3180,3228,3418,3332,-29.5097,23.4782,8.90786,47.89
68628,3079,3231,3459,3388,3291,3430,3934,4035,3392,3889,5078,6894,3376,3958,6606,10946,22.2248,22.9132,8.77868,47.9907
68629,12102,6576,3996,3445,6008,4904,3860,3329,3930,3869,3417,3197,3371,3373,3269,2989,-31.5939,-23.9879,8.56023,47.7567
68630,4774,7952,8059,4732,4148,5316,5323,4194,3548,3773,3809,3516,3266,3428,3321,3268,-23.0193,-0.038475,8.82458,48.2847
68631,4466,4123,3514,3246,7614,4931,3710,3323,8829,5208,3813,3269,5121,4371,3562,3189,2.10421,-26.1583,8.62986,48.1927
68632,3199,3230,3413,3465,3302,3390,3736,3929,3321,3781,4630,6023,3299,3790,5751,12523,33.0314,32.2308,8.65865,47.188
68633,3191,3712,4732,5067,3488,4042,6656,7600,3353,3807,5389,6197,3223,3633,4025,4250,-3.64116,17.0816,8.97448,48.2433
68634,3840,5050,6220,4877,3964,5595,7524,4995,3561,4051,4616,4029,3258,3522,3742,3586,-12.004,5.25507,8.79939,48.2867
68635,3403,3996,6030,12430,3356,3781,4827,6269,3280,3442,3766,3860,3138,3215,3256,3376,-27.2687,30.1631,8.74053,47.6167
68636,6799,10105,5620,3840,4990,5134,4342,3753,3834,3814,3604,3393,3295,3343,3304,3066,-31.3733,-9.25974,8.95033,48.1573
68637,3084,3293,3332,3372,3281,3516,3863,3968,3450,3944,5064,5696,3518,4423,8075,9898,26.6212,17.6482,8.53152,47.8513
68638,4118,6422,9380,5749,3923,4716,5514,4653,3499,3667,3903,3658,3191,3250,3292,3384,-24.2964,5.62789,8.70048,48.2127
68639,3917,4454,4411,3790,4475,6973,6183,4094,4112,5554,5158,4067,3689,3860,3884,3541,-3.46491,-1.55486,8.83651,48.108
68640,3404,3492,3286,3190,3937,3760,3549,3247,6530,5189,3865,3318,10619,6889,4210,3415,22.4318,-21.2006,8.92747,47.9333
68641,3459,3513,3291,3022,4287,4012,3560,3296,8266,5183,3794,3438,9836,5604,3969,3332,17.3599,-33.1955,8.76459,47.908
68642,7004,4900,3722,3355,9642,5417,3935,3361,5622,4422,3695,3211,3822,3747,3395,3106,-9.73347,-25.6974,8.56626,48.2373
68643,5263,4360,3613,3193,9069,5174,3798,3367,7121,4832,3681,3302,4467,4077,3474,3216,-2.96799,-26.1622,8.56089,48.0047
68644,3343,3622,4483,5152,3376,3914,5986,8412,3336,3786,5172,6715,3209,3552,4021,4259,-3.36135,20.3544,8.8157,48.2253
68645,3138,3170,3390,3299,3148,3499,3788,4039,3470,3686,4757,6078,3309,3962,5932,12498,30.7006,28.6542,8.53313,47.442
68646,3295,3448,3308,3199,3794,3950,3552,3396,5120,5641,4467,3708,6944,9686,5438,3861,23.9468,-9.74161,8.81355,48.538
68647,3579,3512,3444,3140,4481,4287,3712,3335,7349,6685,4263,3409,7239,6424,4227,3519,14.5584,-16.7401,8.85851,48.4033
68648,3950,4148,3921,3483,4665,6418,4882,3895,4766,7192,5232,3818,4099,4334,4104,3675,1.13595,-5.74676,8.673,48.388
68649,9733,7565,4274,3419,6449,5418,3959,3491,4149,3885,3527,3228,3350,3438,3279,3120,-21.5862,-19.0386,8.73366,48.1893
68650,3453,4065,4747,4621,3629,4704,7822,5820,3524,4190,5930,4972,3308,3585,4116,4024,-3.81039,10.4882,8.90736,48.34
68651,3541,3524,3409,3079,4284,4435,3706,3320,6511,7124,4367,3697,6455,6905,4418,3594,14.5004,-13.4824,8.93533,48.246
68652,3871,4149,3750,3443,4675,6305,4609,3689,5099,7462,5129,3725,4033,4551,3982,3657,2.2876,-6.88275,8.6134,48.086
68653,10310,7052,4167,3469,6609,5366,3932,3459,4038,3921,3459,3276,3407,3275,3295,3024,-22.0038,-20.5254,8.63593,48.0393
68654,3435,3711,3676,3449,3841,4764,5123,3985,4131,6501,7323,4424,4001,4669,5013,4192,6.78438,1.68714,8.75546,48.1587
68655,6877,4872,3838,3297,9777,5305,3829,3354,5637,4336,3638,3227,3800,3710,3327,3154,-9.22444,-32.3081,8.72162,47.9853
68656,3432,4160,6481,8159,3413,4096,6132,7536,3301,3623,4179,4278,3131,3221,3535,3598,-16.0229,18.6614,8.96385,48.1833
68657,3074,3455,3895,4195,3321,3630,4645,6560,3270,3788,5194,9683,3277,3626,4622,5761,5.45321,27.4984,8.81431,47.9973
68658,2985,3189,3387,3442,3302,3498,3901,4232,3406,3885,5087,7257,3465,3963,6352,10841,20.7206,23.6911,8.98967,48.128
68659,6616,7759,4879,3632,5824,6932,4474,3639,4108,4250,3732,3386,3371,3448,3364,3161,-17.4427,-11.8428,8.77975,48.3833
68660,3089,3332,3405,3390,3422,3586,3813,3748,3661,4510,5557,4741,4001,5891,9810,6388,25.2009,7.64142,8.96088,48.2293
68661,4992,8153,6692,4330,4470,5959,5307,4074,3587,3893,3904,3500,3367,3345,3434,3178,-20.3658,-2.2415,8.93166,48.1233
68662,3689,4050,4194,3800,4132,5767,5945,4287,4118,6065,6364,4272,3818,4151,4224,3884,0.838958,0.55159,8.6828,48.5067
68663,3216,3378,3609,3873,3325,3584,4244,5053,3391,3845,5240,9443,3332,3752,5124,7591,11.8821,29.284,8.52559,48
68664,3338,3487,3391,3136,3963,4213,3835,3525,5054,7018,5268,3937,5247,7415,5340,3946,15.8211,-6.17168,8.70039,48.0753
68665,4036,4370,3881,3448,5004,7037,4859,3726,4896,6604,4686,3664,4032,4339,3925,3533,-0.693956,-7.704,8.67519,48.0267
68666,3332,3931,5748,12457,3317,3793,4659,6057,3227,3468,3767,3914,3270,3372,3449,3361,-33.5883,31.0615,8.72046,47.4147
68667,3299,3720,4647,4916,3489,4070,6914,7285,3428,3867,5507,5852,3277,3661,4034,4204,-3.56443,16.1063,8.91017,48.1133
68668,3485,3958,4216,3819,3661,4940,6486,4681,3754,5335,7285,4713,3532,4080,4421,4128,1.61036,5.5243,8.64346,48.3293
68669,3099,3331,3657,3511,3519,4000,4659,4196,3812,5104,7844,5568,3713,4680,6433,5159,11.9466,8.55738,8.60329,48.19
68670,4393,4662,3880,3508,5442,7487,4912,3798,5064,6326,4492,3574,4037,4132,3803,3348,-2.36747,-8.94067,8.92181,48.572
68671,5600,5041,3889,3285,8104,6897,4025,3422,5608,5029,3844,3304,3953,3774,3451,3108,-7.02615,-18.0261,8.94168,48.2227
68672,3256,3662,3774,3647,3824,4392,5136,4300,3844,5652,8006,4871,3840,4465,5322,4428,7.68015,5.29425,8.8101,48.2793
68673,7207,5236,3918,3340,9080,5832,3916,3429,5173,4340,3639,3237,3676,3724,3429,3154,-11.0162,-22.9723,8.53329,48.22
68674,3459,3466,3170,3065,3806,3782,3375,3282,6112,4688,3711,3372,12588,5903,3856,3327,26.6614,-31.7854,8.58667,47.308
68675,6716,8432,5058,3727,5482,6301,4359,3667,3981,4019,3535,3337,3443,3425,3394,3095,-19.3942,-10.998,8.53703,47.9807
68676,3086,3148,3503,3481,3245,3484,3966,4287,3404,3953,5312,6996,3404,4126,6820,9987,20.3485,20.9097,8.68224,48.1347
68677,4504,7114,8569,5057,4015,5181,5520,4317,3458,3799,3810,3599,3306,3304,3371,3253,-22.3763,2.16735,8.76116,48.118
68678,3406,3915,5156,5523,3514,4206,7319,7506,3393,3816,4985,5212,3146,3555,3941,3865,-7.30513,15.6471,8.93128,48.3053
68679,3271,3372,3366,3274,3599,3836,3716,3572,4311,5141,4814,4139,4970,8800,7499,4375,33.9051,-2.17069,8.58631,48.0367
68680,9635,5445,3957,3418,8597,5059,3860,3356,4573,4066,3487,3265,3524,3470,3159,3066,-16.3754,-32.3002,8.92631,47.958
68681,3564,4613,8718,9020,3572,4086,5224,5276,3243,3458,3873,3821,3132,3309,3394,3448,-31.5509,15.0637,8.50467,47.834
68682,3469,3565,3509,3300,3953,4382,4264,3689,4556,7228,6243,4122,4572,5995,5453,4058,11.9984,-2.14899,8.62282,48.2387
68683,3797,4031,3610,3330,4790,5953,4215,3583,5620,7993,4792,3678,4467,4900,4080,3519,4.75804,-9.17777,8.6934,48.2387
68684,3893,3654,3483,3129,4989,4873,3771,3404,7708,7142,4236,3521,5816,5371,3928,3463,8.6885,-15.9898,8.76726,48.254
68685,3476,3400,3219,3123,4130,3877,3489,3174,6214,5231,3869,3371,10093,7635,4254,3471,23.376,-18.8214,8.83841,48.0173
68686,3221,3761,4873,6727,3409,3657,5387,9993,3185,3639,4393,5806,3093,3311,3712,3857,-8.93905,26.6061,8.70218,48.016
68687,3332,3992,5104,5726,3508,4227,6858,7942,3406,3773,4795,5302,3152,3443,3824,3956,-7.80453,17.1207,8.55257,48.2267
68688,4574,4288,3637,3181,7071,5585,3889,3479,7479,5856,3924,3408,4739,4375,3554,3331,0.820885,-19.2435,8.65935,48.2467
68689,3351,3693,3935,3809,3616,4527,5657,4679,3659,5015,8020,5243,3562,4194,4977,4418,4.77109,7.51609,8.85735,48.2367
68690,3385,3685,3775,3524,3812,4401,4966,4153,4035,5940,7968,4847,3829,4778,5359,4376,8.38533,4.2712,8.92622,48.5553
68691,3352,3355,3196,3107,3671,3792,3605,3362,5028,5436,4303,3600,6814,9961,5576,3776,26.8641,-9.27855,8.82438,47.956
68692,5279,8278,6437,4182,4618,6123,5097,3949,3813,3993,3857,3462,3368,3404,3288,3263,-20.108,-3.9194,8.68929,48.274
68693,3384,3442,3205,3035,3927,3745,3528,3247,5856,4995,3947,3417,10312,7986,4303,3369,27.9473,-18.6898,8.51635,47.7987
68694,3467,3823,3989,3681,3986,5103,5516,4107,4146,6220,7013,4561,3751,4516,4708,4053,4.25309,1.75972,8.62678,48.4267
68695,5013,8667,7936,4621,4325,4950,4852,4128,3566,3712,3705,3507,3310,3380,3330,3162,-31.6775,-1.13448,8.7937,48.1093
68696,5553,6139,4280,3673,6190,7647,4659,3690,4474,4730,3722,3445,3591,3680,3478,3314,-11.3768,-11.7056,8.56815,48.1767
68697,3284,3440,3887,4079,3205,3745,4623,6325,3397,3804,5216,9586,3314,3705,4611,5967,6.11475,33.0694,8.51312,48.1253
68698,7838,5703,3931,3409,8791,5810,3938,3435,4858,4277,3560,3316,3629,3595,3301,3171,-13.3794,-22.2773,8.59837,48.3747
68699,3549,3548,3383,3210,4601,4019,3503,3135,8604,5210,3807,3377,9080,5506,3883,3315,15.5157,-33.0548,8.57736,47.82
68700,4459,4034,3444,3151,7129,4916,3756,3277,9276,5277,3737,3311,5388,4368,3576,3292,3.12886,-25.4925,8.91893,48.2607
68701,3383,4027,6772,11890,3411,3826,4998,6179,3232,3464,3767,3999,3062,3207,3426,3418,-25.6991,23.0865,8.84638,48.0407
68702,3297,3472,3487,3362,3751,4384,4008,3713,4388,6886,5954,4290,4745,6573,5928,4223,14.7498,-1.97149,8.59162,48.3073
68703,3250,3515,4262,4942,3370,3845,5325,8191,3365,3757,5203,7700,3272,3537,4120,4621,-1.14072,23.4215,8.71493,48.1833
68704,3428,3444,3304,3111,4126,3767,3545,3138,6677,4929,3712,3349,11990,6143,3910,3311,23.8059,-25.1949,8.63913,47.9227
68705,3107,3148,3344,3378,3224,3427,3862,4053,3353,3787,4893,6757,3387,3952,5891,11888,23.0332,30.8573,8.50112,47.634
68706,3500,4019,6456,12102,3367,3743,4777,6483,3252,3448,3731,4048,3153,3307,3340,3536,-26.3395,26.4673,8.69007,48.1747
68707,5817,7063,4636,3569,5830,7494,4762,3654,4300,4272,3818,3479,3347,3620,3342,3234,-14.4348,-10.9496,8.75828,48.158
68708,3805,3680,3447,3263,5138,4768,3811,3384,7432,7377,4185,3518,5639,5463,4132,3353,8.92759,-15.3696,8.80794,48.2633
68709,3451,3307,3284,3137,3907,3779,3403,3312,6097,4897,3773,3451,12326,6577,3913,3464,28.8415,-24.4228,8.85124,48.052
68710,3443,3448,3284,3051,3995,3841,3489,3217,5883,5044,3915,3446,10468,7640,4354,3538,26.2992,-19.069,8.78716,48.0373
68711,4392,6507,7949,5039,3965,5182,6076,4514,3578,3755,4028,3738,3182,3458,3448,3284,-19.716,2.72729,8.63949,48.0633
68712,3142,3357,3742,3909,3281,3596,4503,5603,3313,3778,5479,9634,3349,3752,4950,6787,9.27754,25.3531,8.5704,48.1167
68713,3507,3500,3264,3147,4045,4084,3805,3418,5634,6887,4723,3683,6136,7837,4948,3650,16.7865,-10.1124,8.94839,48.1787
68714,3644,3564,3178,3119,4447,3882,3493,3071,8161,5285,3904,3364,9863,5732,3838,3362,17.3354,-25.0781,8.80314,47.938
68715,8625,8139,4512,3610,5904,5754,4114,3498,4041,4000,3600,3377,3539,3397,3166,3054,-21.3667,-15.9353,8.7609,48.22
68716,3754,3896,3666,3352,4450,5785,4458,3507,5244,7936,5263,3843,4345,5020,4097,3563,4.83842,-6.73813,8.88787,48.1193
68717,3573,3752,3586,3378,4131,4997,4242,3713,5230,8129,5344,3868,4861,5687,4813,3695,9.398,-6.70005,8.53445,48.666
68718,3338,3803,4756,6669,3253,3715,5317,9994,3200,3626,4515,5758,3196,3274,3838,3960,-8.32776,27.5853,8.96692,48.1413
68719,3381,3993,6954,12072,3345,3803,4743,6005,3320,3452,3835,3867,3075,3256,3369,3395,-28.7327,22.9295,8.97555,47.91
68720,6969,6135,4225,3461,7635,6702,4074,3442,4560,4391,3688,3206,3802,3677,3352,3197,-13.3412,-17.1351,8.54259,48.344
68721,7684,5115,3743,3318,9597,5222,3741,3457,5154,4277,3561,3231,3729,3623,3312,3187,-11.6185,-28.2902,8.98235,47.9673
68722,3629,4967,8616,6979,3651,4402,6087,5403,3341,3595,4080,3913,3141,3240,3478,3302,-20.1901,11.6633,8.52478,47.8827
68723,5235,7414,5485,3891,4842,7116,5234,3890,3883,4197,3898,3454,3397,3489,3446,3161,-15.9854,-5.6673,8.78744,48.0213
68724,9244,5404,3817,3478,8706,5197,3843,3391,4581,4057,3479,3250,3588,3508,3232,3086,-15.7421,-28.5254,8.62193,47.9073
68725,3178,3331,3432,3487,3257,3630,3975,4253,3412,3901,5093,8001,3326,3933,5875,10166,17.9978,26.2908,8.67414,48.1667
68726,3241,3429,3692,4021,3241,3679,4558,6129,3510,3883,5255,9723,3298,3627,4779,6113,6.79614,32.5053,8.80615,48.1187
68727,9798,5516,3883,3406,8339,5242,3867,3465,4451,4039,3403,3239,3524,3493,3260,3090,-16.9781,-27.4777,8.71238,48.01
68728,3156,3226,3305,3336,3221,3387,3701,4004,3426,3790,4685,6093,3486,3898,6114,12459,27.6855,33.0685,8.75746,47.5247
68729,3472,3938,5843,11115,3352,3841,4930,7277,3282,3356,3894,4016,3100,3234,3441,3483,-21.0238,32.9682,8.58792,47.716
68730,3609,4454,6419,5995,3634,4529,7847,6501,3248,3691,4548,4270,3177,3331,3675,3368,-12.402,12.4314,8.89619,48.1973
68731,3923,3772,3441,3058,5817,4387,3542,3304,9706,5643,3812,3460,6520,4971,3815,3281,8.36458,-24.6362,8.77067,48.3013
68732,3304,3755,4741,6085,3381,3886,5568,9479,3300,3662,4471,6088,3176,3436,3808,4011,-7.20272,23.7243,8.84149,48.1007
68733,3651,3703,3466,3153,4731,4783,3758,3325,7243,7216,4262,3520,5908,5666,4050,3602,9.96908,-15.1347,8.79179,48.0247
68734,3235,3493,3937,4313,3255,3682,4635,7000,3400,3792,5204,9351,3234,3623,4330,5487,3.33672,27.68,8.87387,47.9807
68735,3447,3418,3295,3116,3770,3839,3372,3089,6091,4740,3861,3295,12428,6160,3869,3364,30.8532,-28.2871,8.55359,47.436
68736,3337,3620,3936,3866,3510,4301,5852,4817,3736,4944,7889,5495,3631,4100,4793,4356,4.78248,9.15746,8.83752,48.122
68737,4919,6468,5061,3784,5301,7826,5364,3743,4056,4523,3975,3590,3452,3506,3497,3224,-12.4205,-6.32215,8.64494,48.1927
68738,4748,8145,8429,4959,4251,4949,5093,4218,3505,3709,3786,3532,3267,3290,3231,3195,-27.1536,0.817751,8.86645,48.2047
68739,4086,6406,9845,5958,3880,4578,5387,4587,3435,3600,3819,3641,3155,3227,3442,3312,-28.1241,6.15096,8.83335,48.2387
68740,3449,3921,5804,10166,3398,3803,5032,8197,3216,3528,4000,4400,3115,3334,3454,3499,-18.242,28.0966,8.71532,48.2107
68741,3486,3673,3558,3254,4154,4915,4134,3603,5331,8003,5379,3838,4719,5942,4588,3842,9.88851,-6.88278,8.69219,48.2793
68742,4074,6089,8532,5399,3985,4937,6381,4753,3489,3706,3998,3788,3166,3322,3402,3351,-19.4495,5.00686,8.91175,48.248
68743,7992,6351,4071,3488,7603,6023,4143,3389,4422,4240,3618,3292,3452,3492,3309,3144,-15.8575,-19.0154,8.51509,48.0193
68744,3444,3460,3285,3162,3830,3827,3563,3373,5238,5208,4235,3452,8044,9337,5135,3547,30.4519,-13.0333,8.61532,48.0933
68745,3252,3524,3934,4256,3331,3840,4594,7147,3576,3702,5068,9143,3352,3654,4366,5481,3.09906,31.7319,8.79331,48.1467
68746,3146,3336,3312,3241,3600,3849,3864,3573,4093,5206,5426,4281,4671,7652,8222,4895,23.0013,0.932537,8.81043,48.2447
68747,3104,3366,3599,3863,3233,3629,4303,5220,3339,3904,5695,9427,3392,3809,5141,7040,10.5267,23.649,8.97411,48.0427
68748,3516,3374,3275,3030,3941,3815,3467,3137,6049,4718,3699,3295,12623,5827,3994,3309,31.7039,-28.6946,8.77193,47.3793
68749,3303,3309,3260,3207,3896,3693,3399,3255,5982,4687,3809,3325,12709,6075,3951,3411,30.4134,-32.4024,8.88748,47.514
68750,9026,7752,4406,3503,6268,5649,4007,3439,3990,3933,3633,3281,3387,3346,3259,3081,-21.1947,-17.0729,8.95844,47.9733
68751,3693,4778,9038,8556,3519,4141,5331,5473,3288,3456,3896,3795,3105,3157,3364,3422,-26.8602,14.3233,8.77204,48.008
68752,3324,3627,4162,4642,3349,3815,5818,6933,3498,3968,5945,7140,3348,3565,4320,4764,0.349559,18.4129,8.74167,48.1453
68753,3908,4621,4303,3815,4281,6772,6255,4162,4266,5559,5181,3989,3667,4030,3949,3630,-3.57478,-1.4413,8.61188,48.2587
68754,3559,4546,7577,7646,3456,4203,6157,6160,3239,3596,4059,4182,3184,3319,3416,3462,-18.7805,14.5033,8.60728,47.8407
68755,4438,6826,7268,4594,4134,5731,6074,4323,3621,3967,3990,3625,3307,3328,3434,3327,-18.0702,0.834596,8.78751,47.9913
68756,5015,8103,6498,4236,4379,6133,5264,4003,3686,3911,3821,3525,3234,3576,3415,3207,-19.5595,-3.29756,8.82938,48.004
68757,10808,5836,3835,3396,7762,5029,3760,3405,4252,3974,3468,3154,3435,3319,3251,3079,-19.3625,-27.2066,8.83591,47.842
68758,3541,3946,4224,4047,3732,5058,7044,4890,3646,4876,6629,4786,3427,3969,4356,3892,-0.921951,6.35916,8.72117,48.042
68759,4006,6357,9874,5976,3816,4508,5192,4606,3378,3712,3960,3701,3187,3324,3379,3272,-28.6639,6.29519,8.90255,48.1653
68760,4168,3937,3412,3201,6071,5149,3782,3380,8435,6177,3987,3408,5510,4647,3820,3264,5.16443,-19.5544,8.89467,48.232
68761,3587,4370,7744,9835,3400,4014,5260,6168,3241,3591,3914,3954,3196,3204,3409,3358,-23.859,18.2119,8.60842,48.1633
68762,3431,3439,3247,3151,4069,3796,3430,3099,6178,4593,3731,3330,12474,6082,3875,3448,32.9018,-27.6657,8.76541,47.582
68763,3140,3165,3340,3399,3239,3492,3831,3980,3420,3751,4833,5993,3248,3942,6437,12274,32.0603,25.3346,8.78305,47.656
68764,4134,6612,9745,5970,3923,4549,5182,4429,3445,3669,3905,3708,3143,3258,3306,3266,-27.6417,5.39342,8.90514,48.1627
68765,3348,4084,6919,11754,3366,3819,4832,6001,3200,3407,3626,3961,3101,3206,3456,3444,-27.0942,22.6175,8.77575,47.6827
68766,3832,3846,3386,3252,5079,5326,4053,3533,6736,7684,4422,3560,5057,5186,3967,3536,6.55282,-13.2138,8.73728,48.3033
68767,3349,3704,4571,5881,3392,3703,5327,9658,3211,3704,4706,6493,3261,3490,3791,4136,-5.65542,26.437,8.64741,48.2513
68768,3181,3498,4008,4426,3173,3710,4897,7555,3363,3826,5302,9238,3271,3570,4405,5268,2.54182,27.1746,8.83469,48.4607
68769,3523,4177,6004,6383,3478,4207,6844,7462,3282,3734,4524,4754,3177,3562,3623,3672,-11.9085,16.3098,8.59235,48.2707
68770,3702,4626,6143,4894,3764,5114,8164,5386,3402,3978,4720,4178,3331,3544,3623,3493,-10.576,7.6202,8.8462,48.0413
68771,3674,3605,3472,3192,4288,4696,3980,3424,5853,7860,4811,3740,5483,6238,4394,3715,11.2142,-10.7377,8.64651,48.2833
68772,3566,4586,7639,6581,3590,4536,6979,5955,3405,3760,4258,4127,3152,3328,3490,3524,-16.2624,12.4701,8.79785,48.3173
68773,3960,6096,9779,6058,3935,4342,5354,4721,3478,3697,3750,3719,3120,3240,3342,3280,-29.7913,7.21277,8.69862,47.914
68774,3223,3425,4024,4059,3352,3948,5143,6081,3349,4013,6447,8231,3271,3818,4657,5230,4.52608,18.9241,8.53949,48.1807
68775,3019,3192,3348,3479,3188,3392,3806,3931,3436,3717,4772,6080,3365,4028,6610,12187,30.1326,24.5636,8.7105,47.7
68776,3257,3245,3417,3338,3189,3567,3823,3880,3509,3965,5191,5435,3589,4630,8732,9277,29.2216,15.6057,8.64572,48.0293
68777,3574,4327,7841,9925,3610,3913,5217,6005,3240,3606,3828,3899,3141,3336,3393,3380,-24.2855,18.0366,8.65161,48.1567
68778,3157,3193,3466,3360,3318,3535,3922,4090,3583,4032,5575,6311,3471,4284,7494,9153,21.0627,17.3259,8.59951,47.9627
68779,6173,8247,5168,3748,5352,6610,4626,3809,3950,4133,3611,3432,3564,3421,3321,3118,-18.3655,-9.71498,8.60655,48.1887
68780,7052,4874,3813,3388,9830,5319,3840,3278,5357,4302,3720,3287,3753,3598,3213,3214,-10.2317,-26.1895,8.78196,47.892
68781,3193,3397,3942,4419,3391,3637,4793,7110,3381,3889,5349,8869,3297,3613,4341,5327,3.13674,24.6616,8.73143,47.9653
68782,3251,3420,3400,3232,3692,3917,4020,3593,4237,5555,5928,4401,4365,6790,7605,4902,18.8785,1.18981,8.53281,48.2053
68783,11892,6466,3988,3253,6432,4976,3887,3387,4055,3865,3406,3261,3423,3431,3203,3134,-25.7004,-25.2092,8.52102,48.0393
68784,3107,3295,3416,3389,3473,3624,4016,3908,3728,4717,6432,5300,3826,5331,8550,6332,19.3316,9.28015,8.70343,48.296
68785,6240,6384,4376,3519,6931,7166,4373,3517,4479,4450,3777,3359,3667,3637,3365,3305,-13.0016,-14.8772,8.53666,48.3633
68786,3235,3602,4131,4685,3283,3872,5614,7503,3330,3912,5683,7513,3305,3710,4233,4778,0.435183,20.4375,8.70908,48.2593
68787,3330,3717,3917,3819,3654,4351,5819,4490,3771,5251,8066,5282,3673,4156,4884,4475,5.0386,7.21964,8.92974,48.4367
68788,3398,3292,3175,3122,3888,3789,3395,3280,6114,4848,3912,3377,12363,6399,3959,3440,30.4801,-26.1246,8.63698,47.834
68789,3108,3202,3397,3398,3166,3498,3809,4102,3386,3723,4912,7373,3377,3940,5741,11463,20.6834,31.5071,8.9339,47.73
68790,4979,5828,4541,3648,5577,8123,4961,3762,4338,4811,4048,3476,3638,3707,3525,3380,-9.78148,-8.61271,8.62421,48.228
68791,3399,3920,5387,5541,3525,4352,7450,7210,3351,3804,5013,4974,3348,3495,3744,3930,-7.96647,14.8167,8.82659,48.2953
68792,3855,3735,3395,3159,5639,4447,3661,3211,9926,5199,3775,3379,6661,4786,3799,3313,8.85349,-31.8471,8.77591,47.96
68793,4462,5667,5154,3950,4601,7356,6481,4159,3797,4688,4344,3656,3458,3619,3576,3341,-10.3583,-1.81046,8.91942,48.206
68794,5591,5817,4273,3722,6502,7946,4454,3609,4545,4870,3896,3382,3548,3730,3537,3226,-10.4899,-12.2882,8.65705,48.432
68795,3698,5231,9813,7290,3678,4273,5234,5071,3267,3502,3821,3706,3200,3269,3392,3453,-33.1223,11.0226,8.89634,47.932
68796,3390,3318,3234,3117,3979,3728,3512,3230,6570,4851,3768,3369,12310,5997,3878,3507,24.9048,-32.2906,8.66627,47.8387
68797,3255,3389,3417,3443,3428,3770,4290,3982,3794,4909,7192,5259,3867,5077,7537,5779,15.9674,8.49221,8.71195,48.2587
68798,3123,3249,3286,3370,3164,3471,3716,3850,3452,3778,4735,6581,3454,3962,5992,12287,24.7572,33.0869,8.92969,47.6467
68799,3418,3969,6197,12244,3359,3715,4701,6407,3129,3382,3801,3924,3079,3215,3347,3408,-25.3985,28.0361,8.53126,47.53
68800,3349,3684,4549,5681,3302,3756,5364,9379,3324,3509,4690,6728,3228,3561,3903,4154,-4.92798,25.6374,8.76824,48.1073
68801,3338,3818,4918,6656,3366,3886,5664,9582,3317,3644,4236,5494,3188,3484,3798,3866,-9.44471,23.9942,8.59322,48.17
68802,3913,4633,5217,4281,3959,5946,7679,4682,3710,4556,5281,4111,3431,3796,3842,3558,-6.6947,3.50949,8.75838,48.3967
68803,3228,3297,3296,3427,3235,3484,3858,3807,3660,4286,5585,5064,3816,5223,9603,7134,25.0284,10.7873,8.51432,48.002
68804,3320,3981,6398,12511,3362,3836,4908,5975,3139,3535,3664,3891,3226,3174,3296,3428,-29.7202,25.5086,8.9118,47.7627
68805,6139,4571,3782,3328,9800,5262,3777,3338,6098,4559,3629,3337,3968,3839,3497,3204,-6.54855,-27.3479,8.6174,48.0853
68806,4059,5308,5895,4450,4214,6295,7469,4645,3595,4146,4460,3868,3482,3441,3468,3439,-11.5042,2.48634,8.87939,48.156
68807,3930,5580,9998,6753,3724,4338,5246,4723,3423,3661,3721,3751,3140,3233,3454,3295,-31.6825,8.83403,8.87102,47.98
68808,8383,8238,4469,3581,5935,5712,4145,3512,3832,3989,3616,3335,3317,3485,3283,3117,-21.5849,-14.8809,8.90911,47.966
68809,3346,3857,5520,9710,3333,3833,5092,8421,3300,3461,3984,4558,3086,3335,3394,3515,-16.9127,29.2293,8.58508,47.83
68810,4122,3861,3475,3267,6473,4614,3615,3339,9699,5202,3832,3369,5763,4648,3670,3287,5.48786,-27.0124,8.79134,48.1573
68811,3442,3729,3577,3399,4057,4661,4108,3582,5009,7762,5569,3791,4705,5794,4810,3986,10.3522,-5.13541,8.61794,47.9873
68812,3360,3788,5390,8773,3407,3824,5179,8923,3207,3602,4133,4740,3123,3285,3594,3633,-14.3875,28.337,8.72563,47.974
68813,3220,3388,3546,3527,3181,3550,4114,4727,3445,3827,5253,9021,3430,3897,5234,8330,13.9592,33.7805,8.73905,47.7933
68814,5934,5352,3991,3390,7772,6870,4135,3399,5029,4841,3736,3405,3834,3747,3524,3199,-8.97651,-16.6723,8.53439,48.1053
68815,3329,3541,3570,3473,3591,4031,4487,3939,3984,5763,7393,4908,4056,5369,6310,4801,12.8769,3.97681,8.54441,48.3633
68816,3102,3377,3624,3681,3366,3706,4454,4569,3503,4308,7267,7171,3455,4216,6112,6484,12.5329,15.5718,8.69469,48.2633
68817,3600,3532,3261,3002,4379,4032,3679,3259,8188,5579,3807,3328,9194,5936,4000,3428,16.164,-22.9609,8.90343,48.136
68818,9326,5502,3844,3453,8748,5104,3831,3320,4574,4064,3491,3234,3574,3548,3348,3140,-15.8564,-26.9505,8.86922,48.0673
68819,3359,3405,3162,3131,4040,3837,3574,3238,6925,4857,3870,3383,11820,6216,3909,3352,22.8253,-26.681,8.79745,48.052
68820,3433,3527,3473,3172,4196,4527,3869,3422,5792,7957,4843,3588,5545,6634,4644,3762,13,-10.0228,8.80451,48.256
68821,3570,3465,3398,3211,4112,4356,3718,3502,5670,7182,4712,3674,5958,7397,4769,3721,15.287,-10.4484,8.84021,48.2767
68822,6050,5964,4207,3487,6844,7403,4398,3495,4651,4486,3807,3426,3635,3798,3400,3212,-11.5565,-14.3157,8.55175,48.1753
68823,3195,3298,3485,3217,3498,3738,3835,3689,4015,4735,5141,4463,4294,7000,9205,5368,33.182,3.7652,8.74064,48.1173
68824,3426,4630,8537,9576,3426,4018,5075,5452,3318,3567,3728,3846,3189,3096,3326,3303,-29.3066,16.6931,8.92696,47.6753
68825,3920,3579,3356,3189,5443,4421,3564,3263,9838,5247,3911,3308,6812,4939,3854,3404,9.49822,-32.9152,8.70465,48.032
68826,3336,4043,6727,11633,3336,3846,5053,6518,3100,3462,3746,3946,3124,3184,3465,3398,-23.4976,23.4403,8.70889,47.9447
68827,3106,3253,3454,3699,3184,3545,4014,4576,3417,3920,5235,8591,3425,3922,5494,9298,15.9542,26.2365,8.81497,48.0887
68828,3445,4015,5293,5242,3595,4474,7928,6502,3398,3867,5218,4764,3338,3485,3813,3881,-7.32008,12.5974,8.9375,48.172
68829,4046,5629,7922,5362,3929,5110,6705,4792,3566,3897,4126,3883,3196,3420,3510,3333,-17.4852,5.74442,8.86201,48.284
68830,3936,5819,9918,6537,3741,4405,5332,4699,3295,3608,3785,3668,3179,3371,3284,3336,-30.5102,8.30706,8.79377,47.942
68831,3326,3399,3370,3433,3679,4116,4131,3705,4283,6097,6286,4367,4380,6463,6761,4690,16.1013,0.637358,8.52485,48.324
68832,4675,4122,3541,3190,7853,4902,3747,3387,8515,4940,3775,3324,4908,4331,3596,3292,0.97024,-33.0896,8.52617,48.0653
68833,3148,3393,3452,3354,3320,3690,4075,4088,3671,4150,5837,6133,3523,4403,7685,8504,20.3204,15.983,8.54004,48.284
68834,3415,3418,3338,3308,3753,4231,3938,3610,4691,6877,5686,3992,4887,7317,5901,4031,15.7832,-3.41096,8.76499,48.262
68835,4232,5986,6758,4555,4238,6011,6583,4553,3610,4027,4168,3855,3362,3406,3583,3412,-15.2983,2.03458,8.59688,48.226
68836,6490,6052,4141,3511,7314,6904,4207,3571,4759,4431,3688,3306,3706,3570,3397,3105,-12.591,-16.1568,8.76907,48.1013
68837,3407,3306,3103,3059,3969,3982,3483,3206,6499,4910,3766,3372,12008,6243,3894,3406,24.4626,-26.6621,8.81044,47.742
68838,3385,4048,6341,8142,3466,4060,6024,7718,3257,3491,4335,4384,3065,3124,3496,3543,-15.5431,19.2028,8.88795,47.9193
68839,4011,3560,3324,3025,5883,4297,3631,3309,10012,5316,3771,3389,6548,4756,3740,3304,8.42265,-28.097,8.73176,47.9173
68840,3167,3416,3688,3591,3458,3733,4752,4336,3718,4704,8103,6239,3641,4471,6047,5346,10.9639,11.0136,8.96024,48.2733
68841,3556,3943,4051,3708,3991,5289,5829,4073,4153,6201,6707,4413,3743,4269,4543,3912,2.50892,1.51432,8.96284,48.254
68842,3514,3439,3246,3097,4134,3986,3520,3211,6724,5176,3979,3392,10375,6882,4126,3474,21.5622,-21.4239,8.54422,48.1833
68843,3240,3390,3475,3476,3331,3639,4215,4389,3522,4016,6212,7194,3516,4213,6664,7807,15.8283,17.6464,8.58549,48.1993
68844,5290,4431,3535,3307,9166,5099,3733,3344,7417,4811,3646,3386,4438,3947,3450,3236,-2.67996,-33.0478,8.81607,48.1573
68845,3238,3435,3622,3660,3396,3831,4736,4621,3566,4451,7874,6560,3491,4137,5651,5537,9.87995,13.3038,8.72909,47.8707
68846,3334,3231,3417,3339,3464,3607,3686,3645,4000,4690,5254,4376,4456,6979,9133,5508,28.4604,3.68332,8.65075,48.0793
68847,5619,6730,4656,3777,5592,7486,4736,3663,4139,4423,3867,3543,3480,3587,3463,3149,-13.2518,-10.0228,8.51885,47.94
68848,3879,4416,4181,3650,4473,6961,5649,3871,4390,6244,5131,3820,3898,4121,3924,3602,-1.36529,-3.66098,8.81587,48.14
68849,3946,4184,3812,3451,4758,6368,4569,3675,5398,7530,4809,3689,4326,4738,4016,3597,2.70958,-8.22021,8.75655,48.5773
68850,3630,4822,9300,8756,3540,4114,5191,5306,3216,3541,3779,3884,3194,3116,3320,3322,-29.097,14.1443,8.9185,48.0207
68851,3577,3965,4351,4147,3767,4881,6978,4941,3700,4822,6611,4913,3522,3840,4306,4000,-0.850847,7.31259,8.58063,48.214
68852,6644,4876,3762,3283,9954,5547,3742,3375,5666,4415,3529,3297,4034,3724,3372,3198,-8.55204,-25.81,8.95937,48.2787
68853,9036,8799,4634,3487,5360,5247,4205,3594,3795,3877,3509,3310,3351,3427,3258,3146,-32.9996,-15.2269,8.54796,48.0233
68854,3948,6109,9500,6004,3711,4757,5689,4788,3399,3731,3696,3803,3099,3316,3367,3376,-23.3918,6.64375,8.97946,48.1953
68855,6191,4714,3826,3178,9713,5555,3824,3283,6121,4465,3671,3130,4067,3720,3478,3162,-7.41979,-24.8897,8.92188,48.0653
68856,3790,3798,3630,3291,4831,5563,4167,3658,5924,7925,4664,3675,4689,5031,3974,3518,5.17026,-10.3001,8.76416,48.0853
68857,3446,3424,3260,3238,3960,3793,3444,3222,5868,4792,3823,3366,11649,6915,4115,3396,30.0901,-22.3135,8.76523,47.8073
68858,3751,4998,7317,5618,3763,4789,7338,5397,3505,3833,4283,3878,3191,3415,3537,3417,-15.2188,8.58418,8.56413,48.02
68859,12452,6215,3996,3240,6083,4783,3800,3304,3979,3840,3576,3207,3452,3404,3337,3099,-30.7334,-26.465,8.51716,47.8447
68860,7869,5192,3803,3395,9570,5306,3841,3354,5075,4269,3541,3350,3712,3572,3307,3082,-12.4792,-32.3196,8.82787,48.1587
68861,3251,3430,3320,3174,3672,3933,3772,3484,4426,5456,5015,3995,5171,8643,7265,4299,22.644,-2.74103,8.97775,48.204
68862,3626,3613,3342,3088,4612,4544,3674,3290,7936,6508,4069,3384,7050,5830,3998,3511,12.3044,-18.1853,8.75886,48.05
68863,3370,4020,6521,11991,3337,3840,4749,5998,3230,3464,3763,3965,3093,3266,3321,3472,-31.805,23.6744,8.69708,47.6
68864,3337,3607,3220,3144,3962,4060,3685,3404,5142,6806,4795,3703,5911,8543,5330,3818,18.3616,-8.48449,8.99804,48.3113
68865,3276,3548,4393,5260,3262,3791,5047,9105,3384,3644,4679,7391,3219,3559,3871,4336,-3.01898,28.6412,8.67038,47.8433
68866,3265,3649,4812,6315,3311,3892,5557,9617,3237,3653,4495,5840,3176,3370,3766,4033,-7.80862,24.8928,8.52975,47.992
68867,3399,3431,3461,3249,4046,4362,3939,3524,4829,7157,5427,3907,5082,7023,5263,3931,14.6476,-5.40195,8.5776,48.02
68868,7796,5586,4038,3425,8453,6099,3940,3435,4818,4111,3569,3300,3720,3525,3323,3163,-13.3532,-20.6481,8.99806,48.2007
68869,3362,3859,6739,12152,3311,3749,4795,5883,3207,3542,3746,3919,3214,3394,3472,3446,-31.2742,24.7276,8.60036,47.86
68870,3391,4172,6302,8396,3407,3994,5921,7782,3293,3660,3962,4525,3013,3341,3507,3613,-16.4693,20.0698,8.68888,48.186
68871,12498,6011,3996,3373,6443,4609,3664,3267,4025,3757,3409,3278,3318,3238,3147,3003,-26.1944,-28.8107,8.97207,47.3573
68872,5477,4932,3871,3397,7668,7035,4174,3437,5307,5174,3830,3360,3978,3926,3493,3178,-6.7064,-16.2827,8.62154,48.158
68873,12408,6332,3980,3474,6146,4804,3731,3382,3989,3765,3474,3252,3344,3380,3193,3129,-29.3448,-28.2369,8.54657,47.8553
68874,3142,3171,3316,3340,3225,3464,3721,3838,3391,4056,4968,5724,3377,4373,8181,10568,30.202,18.2448,8.98498,47.9033
68875,3095,3269,3419,3388,3238,3536,3892,4090,3303,3818,4894,6824,3373,3842,5800,12064,22.8223,28.9904,8.88607,47.8967
68876,3265,3274,3448,3358,3493,3696,3993,3798,3931,4769,6219,4622,4113,6256,8805,5605,20.9393,5.08165,8.92553,48.43
68877,3268,3485,4061,4480,3279,3638,4854,7609,3350,3855,5066,8934,3268,3453,4293,5138,2.05314,28.2536,8.74704,48.0207
68878,3461,3998,5810,11008,3370,3790,4995,7700,3211,3494,3937,4254,3086,3197,3434,3484,-19.7353,28.474,8.82546,48.1527
68879,6024,8213,5216,3777,5282,6795,4729,3662,3869,4039,3813,3416,3507,3396,3321,3150,-17.7778,-8.83081,8.82486,48.1393
68880,7012,8644,5152,3761,5407,6042,4211,3553,3944,4059,3678,3348,3381,3439,3349,3160,-20.6821,-11.7428,8.65434,48.0933
68881,5462,8615,6131,4114,4556,6445,4806,3947,3791,4021,3756,3456,3234,3322,3310,3138,-19.8761,-5.29341,8.99444,48.0693
68882,10511,5802,3941,3419,7801,5041,3771,3365,4328,4115,3495,3207,3512,3352,3186,3071,-18.9202,-28.2675,8.6226,47.9447
68883,3516,4167,5695,5619,3529,4274,7639,6842,3466,3836,4870,4680,3303,3374,3675,3626,-9.37133,13.8764,8.72066,48.074
68884,3091,3218,3336,3364,3265,3471,3773,3700,3555,4169,5129,5391,3487,4578,8843,9346,29.5039,15.6225,8.80709,47.8107
68885,3521,4100,6811,10788,3426,3798,5215,6725,3256,3496,3941,4017,3053,3246,3419,3467,-22.4673,21.8861,8.83213,48.186
68886,6614,9986,5718,3967,4728,5205,4371,3681,3620,3731,3616,3405,3284,3369,3204,3281,-30.2173,-8.40438,8.85772,47.8533
68887,3381,3544,3580,3507,3742,4220,4635,3964,3892,5946,7642,4703,4054,5136,5868,4482,10.8246,3.82183,8.71283,48.1973
68888,6482,4680,3699,3242,9798,5600,3707,3283,5803,4558,3584,3271,4019,3731,3369,3212,-8.08889,-25.1142,8.96797,48.0253
68889,3299,3377,3189,3038,3942,3873,3404,3223,7038,4945,3899,3426,11636,5926,3947,3426,22.1083,-32.9704,8.71452,47.7253
68890,3411,3965,6476,11305,3445,3875,5018,6556,3272,3437,3981,4052,3192,3251,3330,3419,-23.1279,23.9389,8.53434,47.99
68891,3608,3690,3490,3272,4238,4908,4191,3599,5418,8018,5291,3855,4799,5931,4663,3726,9.62173,-7.50401,8.66011,48.4647
68892,12408,6064,4043,3419,6177,4747,3697,3424,3919,3748,3370,3262,3394,3471,3291,3181,-27.0827,-32.2688,8.7839,47.7433
68893,3217,3555,4350,4794,3288,3786,5414,8093,3342,3740,5271,7846,3251,3492,4242,4449,-0.436425,22.4582,8.84545,48.0867
68894,5862,6154,4275,3598,6569,7792,4466,3575,4496,4591,3720,3417,3680,3691,3347,3129,-11.5122,-12.8821,8.79212,48.2413
68895,5340,4667,3760,3324,8453,6138,4058,3356,6160,4990,3913,3364,4178,3847,3515,3277,-4.93733,-20.1705,8.58666,48.2267
68896,4309,6206,6918,4740,4216,5770,6466,4531,3588,3991,4049,3730,3380,3448,3467,3325,-16.5085,2.00124,8.52001,48.0893
68897,3416,4179,5779,6316,3536,4173,7017,7425,3281,3729,4469,4923,3252,3463,3649,3799,-11.3792,16.2658,8.5398,48.2707
68898,3831,3667,3276,3176,5740,4441,3611,3232,10163,5317,3713,3312,6882,4779,3767,3176,9.33505,-27.7561,8.93174,48.0553
68899,4976,5184,3839,3435,6730,7630,4394,3541,5132,5442,3936,3407,3898,3937,3526,3208,-5.74377,-13.3768,8.99808,48.1433
68900,3571,4305,8235,10336,3517,3966,4896,5601,3256,3482,3915,3962,3057,3158,3336,3268,-30.3884,18.0302,8.89466,47.9073
68901,3028,3239,3398,3327,3176,3450,3839,3887,3317,3822,4942,5900,3414,4086,6963,11943,31.6353,22.3326,8.9484,47.8207
68902,3460,4518,8529,9815,3423,3904,5057,5663,3261,3480,3767,3839,3124,3303,3357,3440,-30.1547,17.0171,8.95782,47.96
68903,3461,3678,5068,7759,3411,3860,5195,9672,3235,3546,4287,4984,3153,3337,3587,3695,-11.5878,33.7651,8.93451,47.952
68904,3196,3226,3399,3353,3221,3431,3767,3917,3359,3860,5006,5771,3465,4120,7635,10768,31.196,19.5313,8.67043,47.6627
68905,3548,3467,3243,3210,4497,4148,3461,3263,8789,5083,3765,3563,9302,5404,3866,3389,15.8686,-33.473,8.88521,47.9987
68906,9362,7222,4328,3552,6494,5486,3989,3542,4115,3938,3615,3264,3540,3470,3332,3048,-21.4307,-18.4864,8.55393,48.198
68907,3947,3656,3320,3231,5690,4433,3568,3308,9463,5585,3791,3503,6563,4887,3643,3384,8.6918,-24.8301,8.63569,47.9813
68908,3266,3280,3403,3418,3437,3640,3825,3816,4024,4891,5616,4499,4346,7110,8460,5238,23.3515,2.89707,8.57386,48.1793
68909,3649,3623,3266,3221,4936,4133,3551,3428,9562,5209,3863,3398,8122,5193,3706,3415,12.7914,-29.0399,8.63779,48.1833
68910,10683,5806,3893,3369,7771,4949,3790,3395,4341,3924,3492,3115,3411,3399,3321,3093,-19.0711,-30.2441,8.85358,47.8347
68911,3684,4302,4514,4042,4105,5983,7152,4465,3826,5084,5840,4201,3524,3860,4025,3756,-3.14003,2.5553,8.8723,48.242
68912,3594,4769,9247,8497,3631,3984,5334,5225,3290,3598,3787,3881,3155,3338,3297,3359,-31.1408,13.9608,8.71605,47.9907
68913,3861,4781,5310,4237,4215,6368,7275,4562,3742,4554,4813,4012,3480,3647,3720,3496,-8.16089,2.05536,8.57137,48.0487
68914,3194,3409,3334,3244,3579,3613,3818,3555,4197,4941,5107,4170,4825,8113,8291,4754,25.365,0.208402,8.69727,48.096
68915,12402,6014,3973,3384,6385,4841,3844,3508,3942,3755,3511,3264,3415,3365,3276,3058,-25.9302,-32.8041,8.70132,47.958
68916,8437,5299,3837,3437,9349,5272,3717,3382,4814,4041,3539,3274,3719,3588,3272,3194,-13.8003,-32.405,8.76023,48.114
68917,7243,8555,4811,3669,5659,6320,4286,3638,3931,4034,3662,3345,3364,3387,3168,3167,-19.7125,-12.3831,8.98598,48.1593
68918,3158,3407,3553,3662,3223,3558,4264,5100,3419,3792,5598,9484,3301,3833,5125,7627,12.0982,25.5017,8.51786,48.0693
68919,3218,3396,3421,3335,3481,3668,3845,3642,3887,4719,5825,4559,4263,6335,9104,5594,22.5294,5.3405,8.99507,48.1947
68920,6615,4874,3756,3384,9742,5397,3803,3280,5864,4445,3587,3240,3945,3713,3317,3169,-8.39552,-27.6062,8.65058,48.0873
68921,3857,4671,6377,5017,3829,5296,8000,5157,3620,4012,4550,4080,3129,3449,3581,3566,-11.9149,7.21911,8.79952,48.1273
68922,3973,3766,3530,3185,5980,4580,3648,3262,9689,5135,3770,3370,6359,4662,3757,3300,7.28138,-29.1634,8.77621,47.9773
68923,5406,7288,4980,3849,5151,7611,4933,3827,3967,4404,3917,3584,3521,3452,3432,3202,-14.4542,-8.01946,8.99885,48.3493
68924,4614,7787,8730,4966,4087,4821,4942,4280,3599,3739,3698,3543,3283,3380,3347,3253,-33.4387,1.57671,8.88329,48.046
68925,3066,3451,3664,3773,3219,3497,4295,5045,3432,3753,5390,9460,3420,3761,5049,7545,11.7411,26.1593,8.56943,47.88
68926,3315,3316,3292,3123,3678,3806,3764,3505,4378,5153,4561,3931,5435,9284,6723,4199,32.4754,-4.25379,8.6155,47.642
68927,3132,3248,3428,3437,3314,3396,3720,3970,3356,3694,4730,5910,3312,4021,6021,12562,27.8922,30.1815,8.5848,47.5007
68928,3394,3407,3188,3130,3878,3806,3511,3182,5705,5036,3973,3356,10255,8058,4207,3497,29.5111,-18.1129,8.75546,47.722
68929,8168,5210,3975,3338,9519,5286,3853,3520,4979,4257,3562,3141,3640,3515,3378,3189,-12.8279,-28.4628,8.9889,48.3533
68930,3433,3953,5974,12770,3281,3657,4783,5877,3170,3491,3778,3897,3145,3142,3285,3378,-29.5499,33.3828,8.98493,47.3427
68931,3377,3541,3902,3858,3680,4217,5529,4544,3831,5081,8056,5328,3584,4193,5078,4489,5.97045,7.97373,8.77377,48.192
68932,12312,6096,3956,3423,5837,4766,3724,3419,3898,3650,3470,3356,3308,3349,3209,3173,-29.8628,-33.7089,8.67487,47.2973
68933,3345,3986,5024,7464,3434,3867,5127,9526,3274,3466,4192,5156,3175,3434,3660,3709,-11.4195,31.9649,8.51815,47.8927
68934,3326,3476,3340,3124,3743,3837,3606,3406,4890,5235,4443,3553,6896,9732,5418,3884,33.922,-9.43537,8.80285,47.9393
68935,5375,9162,7078,4264,4549,5235,4754,3925,3730,3788,3676,3518,3167,3337,3332,3096,-31.0459,-3.45754,8.63488,47.9907
68936,3437,3501,3142,3118,4066,3903,3422,3254,7280,4853,3754,3428,11197,5906,3936,3341,21.3387,-28.0767,8.57509,47.692
68937,5703,8381,5548,3873,5030,6511,4791,3779,3795,4054,3730,3412,3351,3509,3325,3158,-19.0255,-7.13845,8.51277,47.9667
68938,8842,8532,4758,3574,5580,5579,4068,3616,3942,3771,3578,3292,3358,3369,3264,3105,-23.9465,-15.1516,8.71086,48.152
68939,10545,7117,4126,3424,6504,5122,4001,3384,4025,3804,3483,3261,3390,3425,3257,3055,-22.8959,-20.7989,8.66012,47.9487
68940,3425,3435,3318,3190,3753,4096,3836,3452,4897,6724,5268,3921,5189,7922,5882,4082,17.9749,-4.9687,8.87266,48.26
68941,3691,3670,3509,3235,4337,4770,3883,3509,6245,7686,4640,3733,5609,6180,4408,3631,11.8245,-11.6898,8.55108,48.4907
68942,3371,3833,5869,12487,3430,3755,4699,5921,3259,3467,3754,3951,3099,3307,3426,3351,-32.0332,30.7629,8.52074,47.3193
68943,3285,3367,3335,3233,3841,4005,3717,3396,5155,5934,4559,3717,6484,9140,5322,3852,21.8402,-9.24655,8.69991,48.228
68944,3552,3885,4357,3993,3707,4868,7083,4656,3620,5042,6884,4775,3533,3827,4389,3872,0.0416525,6.41111,8.96285,48.0287
68945,3359,3371,3263,3219,3921,3675,3447,3251,5806,4686,3722,3437,12557,5944,3966,3390,31.9903,-33.1198,8.63081,47.3427
68946,5484,4528,3791,3154,9429,5213,3872,3307,6851,4556,3724,3224,4225,3870,3484,3171,-4.69569,-31.8921,8.6176,47.922
68947,3079,3379,3892,4099,3217,3685,4590,6529,3449,3849,5277,9801,3243,3654,4544,5731,5.71875,33.1153,8.83904,48.012
68948,3959,3793,3463,3231,6078,4489,3591,3397,9571,5196,3816,3422,5952,4804,3643,3310,7.10936,-33.6441,8.52916,47.81
68949,3433,3350,3248,3135,3928,3711,3439,3154,6464,4870,3884,3389,12246,6156,4116,3475,24.9369,-29.2829,8.56676,47.9987
68950,12299,6407,3874,3393,6077,4748,3779,3380,4086,3711,3416,3230,3521,3395,3231,3119,-32.7798,-24.7433,8.52972,47.7773
68951,6204,5098,3771,3375,8773,6337,3843,3432,5633,4716,3659,3203,3887,3775,3402,3200,-8.0587,-20.1656,8.96687,48.2053
68952,12158,6203,3897,3437,6749,4863,3803,3361,3864,3831,3389,3258,3477,3249,3295,3089,-24.3499,-27.8048,8.66054,47.9487
68953,4352,7127,9219,5226,3990,4700,5175,4358,3392,3823,3734,3588,3290,3435,3362,3360,-33.3646,3.281,8.5789,48.0873
68954,4384,4222,3646,3372,5941,6168,4150,3461,6400,6701,4245,3424,4610,4526,3816,3413,1.55419,-14.4412,8.53971,48.3193
68955,3184,3189,3362,3428,3209,3472,3910,4262,3459,3854,4902,7965,3411,3872,5597,10702,18.9898,31.7747,8.90273,47.852
68956,3317,3725,4635,5447,3429,3904,5689,8768,3324,3794,4804,6383,3207,3562,3907,4159,-5.13735,22.8226,8.50641,48.036
68957,3012,3281,3501,3609,3256,3535,4092,4715,3374,3794,5442,9139,3279,3794,5532,8779,14.3652,26.2719,8.97511,48.0893
68958,3311,3722,4605,5972,3360,3867,5460,9644,3314,3690,4553,6412,3132,3394,3825,3975,-6.17913,25.1824,8.6537,48.1573
68959,3337,3445,3364,3214,3859,4011,3749,3460,4900,6320,4733,3850,6046,8484,5488,4050,20.0601,-7.49382,8.5475,48.2067
68960,3111,3212,3270,3421,3290,3484,3869,4123,3365,3874,5082,6223,3394,4081,6965,11245,24.715,22.3948,8.51489,48.006
68961,3202,3267,3414,3436,3224,3459,3824,3910,3283,3855,4998,5785,3360,4263,7567,11044,31.4983,20.0728,8.64257,47.9273
68962,10351,7756,4360,3512,5961,5022,3886,3344,3974,3856,3542,3263,3372,3261,3320,3107,-25.6751,-19.2763,8.71434,47.9247
68963,3415,3947,5270,8160,3298,3848,5365,9267,3248,3551,4135,4847,3085,3417,3479,3524,-12.9851,33.8514,8.85377,47.904
68964,3851,4154,3786,3352,4700,6128,4614,3588,5184,7543,5002,3804,4253,4549,4051,3593,2.90706,-7.15024,8.70964,48.1013
68965,3119,3216,3402,3447,3324,3513,3902,4191,3384,3829,5489,6677,3460,4166,7248,9505,20.6294,18.8917,8.92233,47.9147
68966,3050,3343,3632,3617,3377,3629,4328,4345,3507,4223,7018,6911,3579,4389,6537,6773,13.8292,14.7803,8.9527,48.172
68967,3291,3464,3446,3365,3592,4031,4289,3727,4065,5757,6959,4670,4092,5765,6846,4743,14.5902,3.37789,8.67836,48.068
68968,4212,5515,6500,4579,4124,5945,7169,4656,3687,4025,4299,3784,3328,3537,3526,3431,-13.9991,2.50332,8.67031,48.2113
68969,3392,3295,3229,3228,3905,3842,3530,3245,5884,4987,3911,3420,11307,7138,4099,3483,31.2968,-21.3703,8.56897,47.93
68970,7434,9809,5383,3755,5056,5292,4204,3503,3815,3782,3556,3399,3346,3304,3282,3200,-28.7531,-11.3255,8.83644,48.08
68971,3175,3299,3436,3503,3228,3435,3840,4015,3483,3863,4800,6794,3443,3885,5821,11645,22.6423,33.0954,8.67933,47.7767
68972,12291,6313,4012,3423,6376,4762,3782,3252,3897,3767,3509,3232,3341,3294,3138,3133,-26.8347,-27.3271,8.74495,47.6813
68973,3516,4451,7678,8978,3438,4104,5670,6414,3229,3530,3865,4093,3123,3243,3562,3386,-20.3289,17.309,8.69156,48.1867
68974,3086,3225,3528,3695,3165,3596,4015,4624,3313,3816,5233,8879,3514,3753,5405,9107,15.104,27.0845,8.59987,47.9693
68975,3557,4041,5311,5243,3508,4416,7550,6914,3363,3917,5244,4931,3330,3517,3881,3869,-7.22819,13.5516,8.78613,48.3947
68976,3397,3310,3333,3113,3966,3902,3526,3260,5531,5888,4237,3599,7550,8702,4920,3561,21.7809,-12.7527,8.84565,47.8633
68977,4246,3995,3623,3203,5939,5646,3948,3352,7326,6849,4242,3503,4744,4624,3763,3390,3.58564,-16.0653,8.96143,48.262
68978,6342,9900,5968,3865,4825,5229,4429,3862,3859,3769,3605,3345,3251,3368,3283,3258,-30.7803,-7.78718,8.97835,48.1053
68979,3092,3289,3475,3476,3250,3490,3998,4349,3231,3820,5093,7789,3384,4008,5940,10420,18.8987,26.0295,8.86703,48.0693
68980,4227,5965,7712,5129,3966,5353,6607,4581,3603,3945,4128,3683,3273,3355,3591,3365,-17.8022,4.06199,8.89895,48.322
68981,3809,3874,3639,3306,4598,5434,4146,3545,5551,8010,5056,3744,4683,5219,4420,3616,6.8059,-8.97057,8.82353,48.4333
68982,4659,7943,8235,4969,4080,5183,5209,4312,3509,3650,3787,3624,3253,3314,3341,3256,-25.0748,0.735145,8.9555,48.216
68983,4133,5784,7981,5338,4019,5103,6572,4716,3430,3832,4155,3895,3242,3337,3366,3273,-18.0347,5.10535,8.88235,48.1173
68984,3085,3236,3365,3352,3267,3523,3861,3842,3538,4069,5199,5369,3665,5034,9364,8241,28.528,13.0545,8.78269,48.0067
68985,12027,6097,3991,3431,6720,4924,3858,3290,4141,3797,3494,3192,3413,3378,3121,3058,-23.8635,-29.1403,8.62977,47.9547
68986,3225,3317,3747,3837,3308,3637,4260,5597,3407,3845,5889,9414,3184,3826,5025,6717,9.54338,23.6369,8.77963,48.1567
68987,3200,3628,4435,4679,3437,3868,5946,7565,3422,3922,5538,7020,3229,3674,4176,4587,-1.3551,19.2093,8.67389,48.2173
68988,4134,6778,9671,5664,3809,4751,5147,4381,3532,3623,3776,3641,3234,3220,3348,3301,-28.1438,4.72437,8.96043,48.0067
68989,3388,3467,3263,3145,4470,3912,3549,3237,7962,5111,3761,3351,10763,5677,3958,3349,18.7959,-28.771,8.98899,48.242
68990,5492,5038,3949,3487,8019,6987,4151,3414,5562,4985,3676,3318,3933,3795,3507,3180,-7.18565,-17.2926,8.94645,48.3287
68991,3909,5432,8151,5953,3796,4703,6704,5111,3506,3779,4102,3908,3118,3364,3468,3387,-18.5841,7.94482,8.61988,48.2607
68992,3237,3304,3621,3854,3187,3692,4350,5428,3396,3807,5508,9800,3272,3870,4983,7062,10.0923,25.7209,8.76565,48.2473
68993,3082,3258,3696,3556,3224,3490,4062,4644,3432,3942,5760,8272,3461,4096,5948,8532,15.2615,21.1889,8.79085,48.3033
68994,3723,3842,3610,3436,4259,5263,4549,3859,4756,7640,5827,4005,4308,5120,4649,3908,6.75427,-3.8319,8.71627,48.5027
68995,3183,3359,3508,3311,3446,3664,4005,3802,3779,4947,6492,4861,4046,5752,8239,5791,18.8422,6.67102,8.88151,48.1233
68996,3091,3291,3377,3320,3365,3560,3866,3786,3773,4565,5941,4997,3877,5675,9040,6459,22.2179,8.20113,8.6031,47.9887
68997,3605,3463,3196,3097,4093,4046,3479,3238,7339,5309,3949,3385,10336,6367,3928,3418,19.735,-23.1094,8.68272,48.1653
68998,5306,4301,3614,3174,9026,5348,3890,3364,7309,4888,3698,3287,4444,3952,3453,3201,-2.76607,-26.1393,8.93695,48.17
68999,3534,3984,6007,12497,3491,3799,4562,5925,3240,3521,3659,3865,3271,3261,3279,3425,-29.8115,33.6348,8.58516,47.5467
69000,3094,3272,3382,3253,3133,3547,3912,3908,3371,3969,5008,5895,3472,4394,7984,10313,27.1377,18.3561,8.98211,47.938
69001,12376,6107,3907,3368,6135,4800,3853,3357,3929,3794,3404,3259,3377,3459,3249,3251,-33.3473,-27.0287,8.5739,47.75
69002,10872,7456,4193,3432,5775,5014,3859,3404,4040,3840,3412,3288,3454,3409,3177,3258,-33.0918,-20.2827,8.58453,47.922
69003,4320,4202,3719,3176,7071,5493,3903,3370,7889,5871,3950,3349,4833,4444,3596,3221,1.6286,-19.7691,8.70989,48.2713
69004,3911,3838,3438,3221,5240,5316,3907,3436,7026,7375,4405,3485,5290,5053,3955,3454,6.20985,-14.8772,8.74637,48.2333
69005,4023,6144,9565,6072,3803,4522,5700,4749,3402,3635,3902,3694,3236,3322,3331,3322,-23.9404,6.6684,8.72812,48.2813
69006,3114,3249,3403,3352,3208,3536,3775,3793,3376,3905,4978,5760,3525,4156,7668,10886,27.6286,19.4936,8.81616,47.7893
69007,3011,3335,3330,3437,3329,3481,3825,3837,3502,3875,4904,5770,3430,4280,7731,10928,29.6355,19.2744,8.83891,48.0033
69008,11504,7095,4055,3347,5996,4937,3822,3379,4012,3814,3416,3200,3438,3330,3214,3207,-33.2402,-21.902,8.66665,47.844
69009,3729,4511,6047,4954,3755,5202,8391,5460,3426,3987,4778,4180,3332,3457,3645,3635,-10.4893,8.13212,8.9301,48.326
69010,7436,7602,4612,3608,6123,6333,4248,3640,4187,4060,3654,3323,3471,3500,3389,3062,-17.9133,-14.0752,8.65004,48.1653
69011,8425,7315,4424,3426,6500,5894,4024,3546,4152,4078,3621,3368,3465,3467,3277,3092,-19.1483,-16.5381,8.63334,48.0493
69012,4672,4368,3750,3322,6943,5997,4003,3415,6772,5938,3936,3444,4573,4274,3736,3260,-0.408906,-17.5083,8.68011,48.2687
69013,5058,5219,4056,3534,6639,7848,4491,3660,4840,5242,3960,3521,3824,3838,3568,3290,-6.83768,-12.7667,8.92032,48.392
69014,3599,3990,4209,3896,3904,5426,6356,4443,3924,5396,6616,4495,3603,4082,4279,3881,0.227858,3.29807,8.82707,48.066
69015,4573,5080,4152,3672,5782,8060,4883,3578,4574,5478,4133,3570,3672,3873,3567,3270,-6.21408,-9.11039,8.64244,47.9447
69016,3243,3471,3674,3552,3538,4097,4798,4296,3769,5026,8266,5543,3712,4400,5821,4918,9.52544,8.41808,8.94987,48.0827
69017,3431,4050,6548,12298,3304,3879,4760,5994,3193,3434,3727,3918,3169,3325,3308,3398,-29.4358,24.8827,8.83974,47.824
69018,8536,5649,3916,3465,8685,5456,3937,3219,4770,4145,3538,3279,3618,3514,3287,3112,-14.5637,-25.1685,8.60146,48.084
69019,3999,3865,3341,3170,5994,4519,3713,3234,9649,5701,3849,3380,6151,4789,3658,3390,6.94754,-23.7392,8.8565,48.268
69020,3139,3370,3410,3381,3343,3507,3948,3826,3730,4621,5936,4933,3941,5580,9367,6346,22.0492,8.30675,8.90782,48.252
69021,3269,3578,4045,4348,3340,3615,4908,7090,3410,3847,5397,8939,3311,3614,4346,5301,2.74348,24.2446,8.67641,48.2387
69022,3982,5777,9540,6330,3693,4502,5834,4854,3390,3561,3894,3744,3141,3272,3312,3321,-23.8807,8.0555,8.76981,48.098
69023,3443,3878,5362,7574,3311,3915,5814,9241,3176,3603,4349,5021,3083,3210,3588,3657,-11.9889,23.0358,8.86075,48.15
69024,3417,4277,7937,10619,3310,4006,5053,5641,3202,3515,3747,3817,3132,3166,3304,3412,-28.2547,18.5766,8.8457,47.7033
69025,3247,3521,4417,5618,3281,3792,5363,9739,3192,3702,4627,6680,3198,3396,3910,4172,-4.87491,25.5887,8.98141,47.9033
69026,3612,3814,3502,3311,4408,5064,4062,3626,5517,8375,5189,3801,4830,5486,4292,3625,8.25467,-8.44352,8.88583,48.3427
69027,4314,3952,3570,3241,6846,5056,3757,3293,8742,5852,3931,3419,5148,4408,3692,3252,3.17339,-21.3981,8.95137,48.3153
69028,4349,5776,5334,4069,4801,7497,6182,4257,3930,4549,4255,3765,3376,3595,3661,3267,-10.6304,-2.24321,8.88144,48.442
69029,3398,3256,3194,3068,3932,3776,3472,3208,6342,4977,3847,3363,11851,6658,3972,3467,26.0045,-23.8725,8.51443,47.854
69030,3318,3424,3419,3208,3781,4002,3816,3422,4711,6262,4970,3799,5531,8591,5944,4086,19.3314,-5.48713,8.99046,48.1893
69031,3451,3425,3318,3109,3856,3869,3399,3236,5913,4725,3809,3320,12616,6043,3881,3413,32.0617,-28.3568,8.61383,47.5887
69032,9771,5561,3843,3385,8212,5053,3829,3340,4432,4014,3538,3355,3455,3574,3228,3123,-17.0652,-32.2443,8.59953,47.8087
69033,3736,3593,3271,3168,5307,4179,3478,3288,9631,5222,3789,3317,7718,5006,3836,3408,11.4802,-30.7591,8.89241,47.9647
69034,3473,4208,6097,5778,3533,4508,7674,6410,3402,3773,4688,4508,3201,3487,3722,3631,-11.266,12.8963,8.60606,48.062
69035,3197,3536,4035,4390,3304,3866,4981,6901,3350,3908,5379,8870,3189,3610,4542,5162,3.22857,23.5266,8.50316,48.1467
69036,6099,4606,3715,3326,9915,5281,3795,3409,6337,4420,3548,3244,3949,3754,3425,3245,-7.00879,-26.9094,8.69862,48.0453
69037,3408,3424,3179,3041,4009,3764,3357,3334,5875,5360,4014,3468,10004,7994,4405,3395,25.213,-18.0139,8.83685,48.0207
69038,3205,3245,3398,3272,3385,3693,3812,3692,3778,4372,5256,4655,3914,5964,10006,6377,30.2168,7.72318,8.59455,48.016
69039,3203,3425,3360,3162,3723,4011,3863,3563,4394,5757,5057,4030,5189,8453,6806,4344,21.5855,-3.61931,8.67773,48.2267
69040,3283,3334,3289,3353,3387,3521,3738,3799,3591,4242,5331,4867,3739,5310,10033,7304,29.2328,10.0598,8.62391,48.0807
69041,3373,3528,3492,3302,3775,3999,3987,3509,4651,6857,5676,4067,4870,7063,5984,4196,15.9156,-3.18937,8.9004,48.2193
69042,3317,3526,4246,4686,3400,3849,5268,7626,3353,3782,5403,8096,3278,3518,4306,4913,0.597671,23.1857,8.84928,48.378
69043,4482,7958,8824,4977,4044,4934,4959,4325,3632,3700,3815,3552,3181,3306,3345,3252,-28.5005,0.983003,8.63028,48.1907
69044,3141,3292,3292,3355,3212,3518,3740,3875,3415,3957,5028,5733,3515,4340,7952,10706,29.5028,19.0909,8.89514,48.0473
69045,3226,3708,4462,5017,3380,3782,5542,8504,3287,3824,5136,6991,3158,3466,4185,4432,-2.56857,23.0816,8.65742,48.0667
69046,4099,3901,3297,3135,6179,4858,3714,3353,9089,5978,3909,3384,5644,4623,3792,3312,5.83597,-21.7904,8.8503,48.178
69047,3562,3415,3344,3092,4562,3942,3562,3267,8392,5171,3832,3479,9800,5547,3853,3382,17.0139,-29.3349,8.63393,48.1347
69048,3071,3233,3418,3524,3261,3599,3834,3981,3468,3965,5220,5758,3518,4227,7924,9897,26.5689,17.803,8.5504,47.932
69049,3291,3379,3492,3391,3513,3878,4206,3922,3869,5064,7114,4971,3912,5264,7498,5292,15.7649,6.35909,8.87815,48.0373
69050,3914,5881,9836,6489,3808,4538,5343,4759,3352,3564,3865,3604,3131,3331,3381,3358,-27.9372,8.16741,8.81176,48.1027
69051,10416,6400,4182,3448,7307,5289,3988,3324,4205,3909,3415,3111,3469,3397,3228,3138,-20.3636,-22.757,8.75473,48.1507
69052,3755,5148,9279,7533,3566,4310,5590,5340,3305,3583,3885,3773,3284,3214,3495,3288,-23.9646,11.8008,8.62896,48.232
69053,3147,3411,3414,3253,3399,3554,3798,3862,3548,4115,5254,5287,3629,4839,9402,8140,32.6339,13.2302,8.76606,48.0347
69054,3377,3270,3291,3075,4077,3806,3521,3228,6585,4912,3759,3438,11824,6214,3957,3299,23.7771,-26.9685,8.58991,47.7553
69055,3111,3249,3558,3564,3254,3633,4105,4647,3315,3762,5573,8686,3372,3922,5783,8588,14.4568,23.223,8.88122,48.0813
69056,6305,6948,4432,3631,6270,7448,4475,3680,4206,4281,3683,3416,3457,3484,3380,3215,-14.5679,-12.9565,8.59978,48.2073
69057,3140,3217,3718,3593,3169,3470,4120,4863,3329,3890,5168,9494,3349,3754,5080,8313,13.0272,31.3089,8.9608,47.778
69058,2974,3418,3396,3596,3233,3542,4076,4588,3414,3983,5834,7879,3375,4039,6151,8509,16.0885,20.5521,8.66718,48.0047
69059,3387,3651,4430,5781,3291,3802,5256,9481,3292,3657,4587,6665,3269,3434,3921,4120,-5.55936,29.7764,8.60367,48.016
69060,3303,3402,3329,3100,3708,3887,3821,3483,4390,5831,5191,3970,5162,8347,6882,4437,21.2975,-2.64545,8.68325,48.162
69061,3578,4495,8404,9595,3484,3966,5125,5465,3346,3474,3787,3860,3105,3326,3307,3503,-31.9467,16.5273,8.70349,47.88
69062,5543,9279,6619,4258,4504,5645,4951,3861,3698,3833,3772,3390,3237,3389,3249,3113,-23.4886,-4.74675,8.89894,48.2273
69063,4674,4218,3617,3299,7436,5785,3897,3404,7193,5773,3834,3368,4609,4216,3626,3317,-0.489199,-19.0564,8.96751,48.1773
69064,3293,3821,5230,8166,3370,3764,5319,9274,3219,3595,4167,4820,3132,3438,3714,3643,-13.3551,28.1168,8.76728,47.9767
69065,4478,4744,3943,3490,5891,7546,4479,3626,5210,6068,4212,3520,4036,4056,3609,3281,-3.12144,-10.7398,8.90454,48.126
69066,3319,3278,3296,3132,3784,3770,3547,3254,5646,5126,3952,3475,10122,8442,4431,3551,29.1532,-17.5415,8.95124,48.0833
69067,3423,3642,4686,6281,3346,3788,5196,9849,3364,3592,4566,6169,3134,3365,3747,4029,-7.41242,28.9381,8.73764,48.118
69068,3210,3491,4010,4281,3360,3722,4735,6919,3438,3793,5357,9124,3170,3571,4277,5542,3.77821,25.0004,8.66107,48
69069,4052,5131,5138,4261,4238,6622,7210,4484,3814,4674,4725,3901,3494,3828,3618,3428,-8.20338,0.708523,8.60516,48.412
69070,3363,3964,5857,8563,3439,3973,5726,8278,3250,3621,4191,4537,3061,3220,3541,3598,-15.0314,21.955,8.7116,48.1213
69071,3915,5075,7761,5816,3784,4839,7027,5219,3446,3756,4151,4000,3171,3342,3458,3481,-16.7406,8.30385,8.52615,48.1607
69072,3485,3956,5914,11805,3424,3876,4854,6728,3292,3487,3863,4064,3178,3200,3465,3424,-22.8477,31.4157,8.57363,48.01
69073,3658,4022,4685,4499,3726,4706,7490,5765,3537,4272,5902,5125,3389,3567,4059,3911,-4.09895,10.8427,8.60956,48.2087
69074,3491,3746,4392,4504,3510,4290,6824,6232,3541,4174,6349,5896,3304,3700,4260,4320,-0.646562,13.5198,8.7389,48.3553
69075,5182,4292,3647,3294,9083,5086,3815,3419,7271,4965,3642,3433,4389,3863,3523,3304,-2.57622,-31.88,8.60683,48.1387
69076,4511,5539,4687,3854,5045,7950,5530,3825,4196,4920,4216,3592,3672,3790,3457,3310,-8.73149,-5.81983,8.5084,48.0627
69077,3281,3767,5327,8307,3307,3805,5220,9221,3299,3512,4175,4902,3126,3375,3652,3604,-13.7245,29.2607,8.50755,47.92
69078,3401,3523,3656,3422,3685,4284,4563,3991,4059,6103,7532,4707,4137,5041,5717,4431,10.7798,2.92233,8.58336,48.168
69079,3952,4381,3886,3402,4904,6519,4652,3642,5103,7280,4905,3759,4222,4523,4021,3545,1.29242,-7.58728,8.60242,48.464
69080,3615,3652,3357,3121,5145,4212,3642,3221,9533,5325,3864,3381,7640,5207,3720,3357,11.9109,-27.9725,8.5636,47.9947
69081,7274,5085,3817,3284,9944,5342,3834,3434,5297,4259,3637,3196,3814,3689,3299,3149,-10.6547,-27.2581,8.88157,48.236
69082,9978,6259,4032,3336,7442,5278,3861,3353,4312,3890,3534,3158,3535,3409,3187,3078,-19.3314,-23.0066,8.61059,47.7613
69083,5131,7376,5259,3931,5186,7165,5205,3838,3865,4154,3942,3455,3399,3476,3413,3261,-15.7354,-5.892,8.59019,48.0373
69084,3332,3330,3199,3264,3653,3733,3573,3549,4429,5429,4676,3814,5562,9417,6686,4297,25.9538,-4.75285,8.72726,47.962
69085,3217,3400,3527,3402,3502,3910,4314,3914,3973,5221,7488,5156,3891,5216,7211,5308,14.8538,6.96394,8.98274,48.4333
69086,3229,3422,3603,3532,3328,3659,4326,4355,3599,4314,7016,6668,3654,4255,6537,6605,14.0022,13.9607,8.69495,48.068
69087,3357,3458,3431,3240,3727,4216,3833,3577,4853,6768,5332,4013,4982,7307,5905,4251,16.4655,-4.09797,8.62745,48.1667
69088,3285,3342,3281,3277,3498,3742,3630,3590,4026,4842,5153,4346,4374,7347,9147,5223,33.4507,2.85645,8.92497,48.0687
69089,3507,4265,6933,8597,3509,3965,5849,7096,3218,3602,3966,4326,3070,3305,3411,3505,-17.974,18.6065,8.63699,48.0827
69090,3221,3260,3430,3334,3314,3496,3743,3969,3372,3596,4838,6130,3357,3930,5816,12519,28.3038,31.8163,8.76713,47.55
69091,4013,5010,6047,4470,4000,5854,7716,4792,3681,4165,4613,3980,3386,3533,3672,3394,-11.1699,4.00486,8.91553,48.2173
69092,3375,4240,7620,10583,3462,3873,4934,5803,3190,3554,3930,3860,3173,3372,3444,3440,-31.7174,19.6932,8.52223,47.902
69093,8652,7129,4217,3537,6893,6068,3963,3462,4311,4014,3501,3216,3540,3275,3381,3032,-18.344,-17.8224,8.75497,48.1273
69094,3538,3508,3160,3158,4574,3955,3463,3184,8660,5172,3827,3309,9210,5503,3832,3355,15.6561,-33.2705,8.96905,47.6053
69095,3155,3251,3355,3407,3112,3446,3824,4021,3404,3879,4752,6354,3332,3931,6045,11886,24.1187,33.8302,8.57552,47.436
69096,4259,3936,3576,3181,6609,4737,3667,3292,9644,5159,3715,3423,5609,4605,3620,3234,4.92175,-28.4438,8.77811,48.1773
69097,3183,3164,3352,3416,3230,3570,3892,4307,3370,3781,4969,8013,3509,3966,5645,10515,18.3884,29.2343,8.88643,47.9213
69098,3338,3905,5714,12126,3481,3861,4797,5926,3273,3431,3761,3852,3212,3294,3306,3394,-33.7269,33.731,8.69472,47.114
69099,3916,5141,6406,4716,4064,5934,7470,4722,3613,4142,4480,3988,3291,3545,3529,3452,-12.3979,3.96998,8.69755,48.2727
69100,3169,3396,3815,4063,3330,3615,4544,6209,3230,3872,5397,9717,3284,3715,4635,6160,6.61597,26.0651,8.93058,48.1007
69101,2963,3224,3369,3522,3155,3501,4095,4559,3463,3766,5146,8268,3270,3949,5681,9863,17.3308,26.926,8.66365,47.8627
69102,3319,3373,3390,3352,3654,3900,4031,3605,4270,5585,5592,4249,4572,7280,7410,4791,19.6225,0.493696,8.65694,48.2487
69103,3707,4288,5079,4330,3999,5522,7851,4980,3550,4554,5587,4394,3316,3608,3872,3825,-5.24739,5.41528,8.86031,48.308
69104,3332,3369,3350,3217,3739,3817,3611,3277,5060,5246,4153,3660,7423,9898,5389,3728,30.6617,-10.8393,8.97855,48.1793
69105,5481,9648,6853,4134,4417,5204,4726,4013,3677,3871,3635,3418,3323,3241,3358,3192,-33.6366,-4.48545,8.68813,48.1273
69106,3325,3439,3519,3374,3566,3963,3969,3750,4078,5942,6319,4579,4324,6228,6996,4818,16.901,2.04725,8.79917,48.126
69107,3422,4105,7035,10916,3417,3899,5086,6546,3255,3411,3912,4137,3100,3220,3420,3393,-22.8344,21.4922,8.82551,48.1827
69108,3404,3934,5841,11483,3419,3791,4935,6880,3155,3442,3908,4091,3123,3280,3460,3352,-21.9815,30.3842,8.71558,47.6653
69109,12762,5922,3835,3326,5956,4698,3645,3320,3870,3781,3484,3248,3476,3389,3376,3242,-33.5207,-29.5826,8.90794,47.5533
69110,3259,3415,3306,3278,3461,3834,3999,3703,4120,5371,5831,4456,4371,6891,7866,5033,19.9118,1.78355,8.79123,48.1293
69111,3654,3620,3501,3211,4354,4671,3853,3450,6426,7807,4556,3667,5595,6042,4306,3578,11.0633,-12.229,8.81595,48.194
69112,4415,4160,3574,3122,6620,5767,3794,3476,7343,6273,4025,3391,4811,4419,3710,3394,1.73326,-18.1917,8.74204,48.196
69113,5122,5346,4082,3672,6342,7709,4642,3758,4722,5001,3922,3479,3802,3827,3516,3305,-7.84502,-12.2594,8.59245,48.1647
69114,3256,3455,3569,3486,3529,4021,4623,4065,3979,5319,7929,5156,3812,4829,6370,5022,11.7876,6.67516,8.83114,48.28
69115,3472,4063,7039,11696,3307,3949,4881,6022,3187,3533,3825,4077,3089,3165,3309,3376,-28.4247,21.8775,8.90699,47.9933
69116,4653,7448,7025,4539,4308,5807,5646,4223,3612,3967,3951,3637,3232,3427,3426,3322,-18.9789,-0.605434,8.76812,48.1487
69117,3194,3435,3501,3395,3386,3753,4180,4120,3677,4535,6890,5455,3693,4803,7788,6185,16.7692,10.2762,8.96162,47.9933
69118,4180,4037,3658,3257,6280,5402,3848,3350,7357,6565,4170,3436,4847,4626,3706,3339,3.22376,-17.2761,8.64819,48.0387
69119,3287,3360,3453,3314,3570,3778,3969,3601,3982,5148,6076,4461,4249,6364,8400,5194,20.1999,3.70128,8.64862,48.1373
69120,3273,3542,3798,3821,3481,4045,5325,4683,3631,4666,7950,6225,3499,4099,5381,4917,7.57089,10.9043,8.7062,48.224
69121,5966,5174,3880,3470,7954,6999,4142,3469,5220,4981,3818,3469,3764,3709,3311,3231,-8.04449,-17.1664,8.93129,48.3713
69122,3298,3781,4224,4269,3562,4280,6363,5387,3489,4413,7109,5992,3444,3805,4538,4482,1.92605,12.2967,8.5094,48.2907
69123,3490,3445,3327,3207,4230,3942,3583,3223,7698,4888,3788,3296,10655,5674,3930,3435,19.0539,-29.9431,8.504,47.874
69124,3427,3416,3283,3159,3953,3805,3379,3179,5929,4832,3734,3352,12744,6318,3942,3258,31.4074,-27.2485,8.78145,47.8067
69125,3591,3504,3339,3158,4029,4254,3830,3387,5567,7055,4623,3748,6277,7544,4886,3758,16.7429,-10.8162,8.59313,48.3667
69126,3236,3302,3380,3380,3523,3627,3757,3630,3909,4595,5108,4473,4243,6812,9380,5628,29.7637,4.49179,8.53294,47.9887
69127,3258,3428,3285,3297,3742,4110,3875,3434,4590,6478,5433,4063,4980,7703,6239,4245,17.5877,-3.08015,8.99241,48.1067
69128,3694,3811,3648,3376,4147,5420,4511,3666,4875,7537,5677,4015,4214,4937,4541,3910,6.32747,-4.17576,8.74941,47.986
69129,4375,5590,5138,4191,4614,7309,6327,4090,3909,4629,4277,3792,3507,3664,3525,3452,-10.5402,-2.50944,8.65338,48.2593
69130,3109,3303,3332,3286,3271,3453,3769,3854,3401,3750,4767,6203,3320,3963,6097,12800,28.4087,28.9568,8.73935,47.7853
69131,3454,3945,5685,10631,3495,3780,5097,7760,3171,3518,3958,4192,3070,3128,3327,3435,-19.1318,32.9614,8.64643,47.764
69132,3339,3419,3341,3236,3868,3795,3647,3310,5015,5106,4354,3578,7507,9618,5139,3813,31.153,-11.2554,8.80216,48.0567
69133,3470,4081,7042,11510,3390,3863,4796,5857,3238,3499,3796,3845,3133,3250,3457,3367,-32.6246,21.2028,8.93352,47.7293
69134,3424,3843,5742,10247,3343,3841,5124,8113,3154,3546,3904,4402,3071,3240,3500,3417,-17.6754,31.4862,8.80323,47.9407
69135,3566,4270,7185,9090,3545,3899,5683,6904,3227,3497,3899,4244,2979,3207,3455,3428,-19.3404,18.6187,8.84816,48.052
69136,3195,3480,3800,3826,3476,4029,5216,4809,3600,4545,7765,6666,3550,4180,5250,5181,7.18202,12.9742,8.57025,48.3787
69137,5653,9605,6730,4216,4529,5274,4603,3897,3696,3776,3712,3378,3350,3338,3277,3188,-32.3941,-4.74577,8.96874,48.148
69138,12697,6055,3924,3324,6076,4784,3761,3449,3895,3714,3444,3259,3418,3463,3138,3120,-29.2546,-28.4269,8.93896,47.6807
69139,3429,3964,5858,11122,3343,3782,5036,7388,3235,3507,3980,4131,3141,3171,3431,3407,-20.6681,33.0958,8.6489,47.95
69140,12707,5999,3915,3426,6130,4720,3845,3373,3836,3766,3363,3296,3338,3344,3199,3213,-31.9837,-31.002,8.56692,47.6467
69141,3346,3896,5472,9240,3383,3874,5159,8937,3181,3571,4068,4575,3053,3325,3583,3603,-15.3126,28.7875,8.82953,48.1773
69142,3093,3103,3562,3572,3274,3677,4169,4785,3441,3937,5578,8751,3376,3867,5459,8276,13.9326,24.3623,8.50642,47.9467
69143,3877,4704,5811,4834,3939,5548,8168,4948,3596,4159,4792,4051,3289,3495,3715,3603,-10.328,5.87901,8.80977,48.3527
69144,12709,6184,3883,3405,6041,4738,3654,3395,3928,3754,3417,3243,3478,3331,3193,3157,-28.7908,-28.0173,8.98232,47.6733
69145,3605,3616,3326,3103,4640,4393,3779,3202,7343,7075,4318,3673,6259,6146,4140,3549,12.154,-15.342,8.92272,48.1113
69146,3455,3485,3306,3097,4058,4114,3584,3384,5631,6889,4588,3668,6357,7821,4831,3791,16.8725,-11.3477,8.94258,48.0393
69147,8496,5364,3833,3413,9041,5158,3875,3460,4790,4180,3504,3265,3599,3606,3223,3095,-13.9254,-32.013,8.77941,47.9347
69148,3304,3724,5069,7385,3469,3760,5381,9788,3322,3684,4259,5097,3084,3342,3519,3774,-11.2875,33.7747,8.96597,47.974
69149,4074,6605,9527,5702,3904,4672,5229,4522,3471,3664,3694,3803,3248,3372,3271,3329,-33.845,5.11434,8.6677,48.058
69150,3596,3598,3628,3513,3704,4659,4839,3924,4223,6493,7370,4410,4148,4982,5204,4070,8.01592,1.80237,8.98405,48.2407
69151,9090,8725,4566,3584,5555,5175,3998,3433,3892,3843,3583,3249,3283,3385,3336,3230,-33.0115,-15.3877,8.70937,47.9513
69152,3420,3829,4498,4369,3544,4436,7394,5809,3580,4427,6236,5311,3350,3674,4108,4196,-2.0583,11.3648,8.65834,48.1207
69153,3856,5493,9933,6679,3714,4384,5310,4791,3294,3587,3862,3770,3109,3177,3465,3264,-33.9121,9.01463,8.87538,47.792
69154,7407,8169,4782,3573,5793,6190,4173,3558,4000,4187,3697,3395,3439,3471,3207,3083,-19.6179,-13.4406,8.85807,48.0827
69155,11266,7245,4182,3465,5872,4990,3880,3489,3897,3830,3470,3165,3554,3330,3201,3119,-30.5764,-20.6906,8.54587,47.97
69156,8997,7701,4424,3428,6339,5804,4101,3515,3956,4031,3632,3211,3415,3424,3266,3020,-20.9349,-16.705,8.95445,48.176
69157,3814,4182,3931,3596,4651,6451,4983,3867,4594,6812,5275,3900,3946,4351,4090,3593,0.587701,-5.03233,8.52102,48.024
69158,6457,9875,5887,3799,4789,5236,4403,3802,3759,3821,3694,3387,3344,3269,3308,3142,-32.9298,-7.97403,8.71137,47.9813
69159,3321,3451,3331,3222,3583,3913,3662,3432,4429,5546,4740,3951,5601,9125,6572,4380,24.0318,-4.6383,8.56208,48.1727
69160,3566,3693,3408,3198,4337,4473,3842,3482,6631,7546,4534,3601,5891,6144,4397,3531,11.8753,-13.3872,8.88875,48.1827
69161,3371,3457,3263,3127,3906,3666,3421,3112,6019,4889,3883,3339,11964,6764,4009,3458,32.521,-22.7914,8.65829,47.7653
69162,3441,3315,3238,3148,3923,3848,3521,3199,5644,5042,4034,3478,10243,8036,4244,3455,33.0656,-18.137,8.91188,47.8727
69163,3161,3243,3334,3316,3444,3745,3771,3600,3996,4854,5115,4225,4629,7544,8934,5143,28.3153,1.87922,8.52906,48.036
69164,3688,3510,3216,3056,4942,3938,3559,3191,9354,5190,3858,3390,8211,5184,3747,3447,13.1883,-29.6956,8.67696,47.654
69165,12639,6071,4108,3366,6040,4653,3689,3423,3956,3730,3480,3317,3489,3362,3178,3186,-28.5944,-29.313,8.53088,47.7913
69166,4234,7011,9404,5479,3989,4836,5315,4553,3390,3804,3730,3591,3216,3329,3260,3276,-25.9987,3.84828,8.76746,48.278
69167,7397,9122,5119,3806,5405,5859,4278,3560,3829,3895,3608,3385,3287,3366,3216,3182,-22.2905,-11.5535,8.67885,48.2093
69168,5105,4418,3596,3251,9129,4901,3745,3330,7528,4797,3673,3422,4351,4000,3464,3262,-2.60422,-30.9832,8.92252,47.9813
69169,2937,3213,3321,3271,3190,3461,3844,4023,3435,4019,5206,6399,3440,4250,7097,10606,23.3478,20.568,8.81564,47.808
69170,4635,7759,8808,5199,4035,4731,5100,4233,3459,3776,3752,3612,3192,3331,3410,3234,-29.182,1.60256,8.99507,48.1773
69171,3108,3301,3516,3889,3232,3513,4182,5261,3288,3865,5441,9789,3279,3840,5145,7492,11.4627,25.562,8.97908,48.094
69172,6115,9943,6104,3925,4712,5372,4483,3801,3753,3839,3698,3412,3359,3471,3225,3138,-32.2953,-7.00177,8.7749,48.2333
69173,3408,3927,5595,9114,3384,3754,5312,8667,3264,3649,4086,4650,3146,3226,3431,3691,-15.4899,25.2794,8.71638,48.2027
69174,4070,4560,4346,3678,4656,7231,5686,3952,4271,5860,4882,3824,3750,4025,3898,3561,-3.12922,-3.79796,8.634,48.1667
69175,7078,9415,5115,3656,5135,5746,4415,3683,3991,3908,3644,3271,3371,3398,3304,3194,-22.6615,-10.8639,8.82204,48.216
69176,3615,3865,3880,3541,3985,5275,5230,4020,4191,6691,6638,4343,3958,4572,4566,3916,4.09554,0.162519,8.799,48.1907
69177,3210,3569,3960,3971,3383,4069,5580,5322,3488,4392,7259,6949,3384,3975,4950,4940,5.19228,14.1876,8.83638,48.2673
69178,5057,8600,7195,4509,4359,5589,5122,4072,3598,3816,3751,3585,3374,3333,3270,3154,-22.4026,-2.19438,8.64743,48.256
69179,3777,3607,3313,3183,5524,4320,3608,3345,9692,5312,3830,3378,7177,4873,3719,3198,9.98582,-30.3965,8.51304,47.904
69180,3198,3242,3276,3413,3260,3569,3891,3796,3483,4079,5247,5444,3469,4731,8873,9178,28.2713,15.3028,8.81739,48.0993
69181,6845,7113,4616,3605,6423,6870,4387,3614,4269,4191,3661,3331,3497,3461,3366,3048,-15.6855,-13.6568,8.70882,48.198
69182,3514,3591,3084,3119,3961,3796,3417,3210,6525,4804,3735,3426,12450,6243,3933,3394,25.3855,-26.4602,8.95361,48.1347
69183,3296,3776,4692,5617,3419,3918,5970,8934,3302,3741,4771,6067,3137,3342,3884,3953,-6.0602,21.1524,8.93828,47.8793
69184,3085,3349,3631,3692,3283,3597,4092,4944,3431,3824,5208,9446,3347,3846,5265,8231,13.178,31.1411,8.84649,48.1807
69185,4650,4077,3596,3198,7855,4819,3677,3332,8617,4879,3680,3341,5001,4258,3599,3265,1.32201,-29.7002,8.50553,47.896
69186,3167,3250,3463,3473,3191,3468,3974,4467,3356,3842,5107,8517,3306,3876,5531,10049,16.8232,26.8625,8.97297,48.0247
69187,3241,3507,3872,4670,3313,3642,4955,7459,3371,3844,5184,8746,3308,3572,4307,5081,2.42482,24.4061,8.72307,48.048
69188,4144,4642,4105,3640,4881,7291,5378,3989,4571,6314,4842,3740,3856,4064,3775,3529,-2.06121,-5.26544,8.6478,48.5073
69189,3531,4383,7835,9752,3395,3871,5396,6126,3313,3592,3893,3934,3124,3199,3459,3354,-23.1531,17.9141,8.86862,48.1047
69190,3377,3916,5053,5208,3530,4325,7402,7268,3399,3945,5222,5349,3250,3555,3817,3909,-6.23189,14.7236,8.75532,48.35
69191,3570,4164,5783,5730,3520,4387,7556,6987,3415,3808,4692,4791,3219,3409,3821,3629,-10.2811,13.9354,8.76437,48.3207
69192,3354,3957,6323,11766,3215,3810,4967,6830,3218,3525,3794,4026,3114,3163,3328,3388,-23.6014,24.9255,8.99959,47.852
69193,9762,8217,4487,3588,5450,5322,4028,3418,3883,3844,3577,3334,3379,3296,3206,3110,-27.0404,-17.3146,8.61768,47.934
69194,3078,3161,3443,3478,3166,3457,3908,4181,3373,3902,5045,7418,3326,4000,5951,11262,20.652,26.7342,8.79788,48.0993
69195,3719,3568,3234,3141,5234,4312,3552,3293,9190,5681,3856,3389,7308,5253,3918,3330,12.1013,-23.102,8.61244,47.9853
69196,3266,3450,3622,3675,3396,3819,4477,4419,3579,4426,7420,6602,3570,4273,6198,5898,12.0375,13.1299,8.70101,48.06
69197,5514,4881,3710,3363,8237,6390,3974,3503,5802,5080,3739,3301,4055,3884,3426,3264,-5.89458,-19.0099,8.62924,48.082
69198,3305,3385,3480,3342,3595,3900,4186,3852,4015,5443,6929,4758,4202,5818,7391,5120,16.6144,4.33173,8.80462,48.4807
69199,3018,3184,3424,3379,3199,3479,3928,4045,3412,3813,5114,6430,3412,4068,6943,10978,23.5204,21.7075,8.87271,47.884
69200,3162,3376,3356,3210,3290,3634,3827,3874,3638,4328,5178,4968,3832,5320,9919,7244,30.655,10.4524,8.95666,48.104
69201,3912,3773,3422,3179,5681,4506,3663,3218,9315,5964,3831,3349,6347,4965,3800,3199,7.9523,-22.0249,8.84347,48.0827
69202,3303,3370,3203,3099,3841,3749,3516,3260,5343,5412,4097,3451,8713,9065,4888,3695,27.1679,-14.2971,8.66664,48.0033
69203,3324,3965,6352,12374,3350,3698,4826,6391,3320,3472,3770,4057,3112,3258,3320,3460,-25.8613,26.3045,8.7385,48.0327
69204,3117,3295,3365,3468,3277,3468,3842,4008,3391,3848,4910,6577,3415,3974,6068,12098,23.9802,31.3053,8.68772,48.0807
69205,3271,3478,4068,4536,3266,3854,4971,7382,3344,3910,5413,8377,3175,3476,4357,5055,1.58477,23.1851,8.56468,47.9553
69206,3501,3572,3402,3177,4160,4381,3847,3471,5576,7853,4964,3651,5474,6983,4826,3813,13.6736,-8.93584,8.95009,48.434
69207,3453,3638,3867,3665,3855,4952,5129,3921,4194,6529,7272,4414,3837,4841,4901,4039,6.32809,1.38766,8.70631,48.338
69208,2972,3172,3424,3498,3255,3442,3818,4056,3445,3775,5265,7144,3439,3992,6578,10786,21.0483,23.0482,8.93974,48.0407
69209,4094,4023,3611,3226,5360,5969,4188,3450,6271,7485,4549,3597,4706,4766,3956,3396,3.81186,-12.6814,8.64928,48.4313
69210,3148,3278,3331,3293,3178,3355,3721,3969,3307,3810,4583,6158,3290,3982,6207,12766,28.2647,27.9344,8.89645,47.584
69211,3674,3481,3286,3162,4832,4168,3610,3342,9304,5098,3818,3373,8135,5272,3857,3337,13.2606,-32.8339,8.70866,47.8327
69212,4111,6326,9615,6055,3738,4610,5431,4681,3369,3740,3866,3736,3147,3273,3432,3352,-25.1897,6.38923,8.75177,48.3213
69213,8175,5129,3879,3268,9584,5229,3809,3445,5109,4224,3594,3226,3730,3449,3375,3092,-12.5367,-28.1594,8.95247,48.2113
69214,3385,3934,5014,7456,3413,3787,5330,10049,3267,3589,4131,5255,3181,3346,3560,3692,-11.5384,28.4537,8.8553,48.2593
69215,3481,3677,3677,3494,3855,4557,4528,3758,4426,6791,6793,4258,4284,5370,5467,4148,9.86663,-0.122289,8.50246,48.376
69216,4311,6675,9062,5600,3999,4764,5584,4548,3393,3757,3922,3554,3164,3289,3332,3216,-23.7278,4.07478,8.96292,48.1133
69217,3412,3313,3310,3110,3932,3766,3450,3216,6017,4637,3809,3384,12460,5873,3956,3376,29.1884,-31.0719,8.58857,47.3473
69218,3989,4913,5073,4196,4168,6580,7337,4487,3665,4650,4837,3953,3398,3659,3677,3525,-7.9693,1.37173,8.83585,48.0713
69219,3627,3677,3306,3118,4330,4077,3595,3101,7547,5808,4064,3632,8534,6371,4106,3450,16.4524,-19.9903,8.51704,48.2287
69220,3496,3600,3217,3026,4379,3999,3514,3212,8003,5463,3893,3359,9397,6023,3849,3397,17.0864,-23.0009,8.89388,47.8847
69221,6904,4992,3804,3372,9734,5230,3892,3353,5449,4431,3617,3183,3767,3653,3271,3232,-9.67521,-33.2141,8.7016,47.9227
69222,3823,3967,3512,3285,4877,5611,4095,3498,6046,7909,4730,3672,4671,4929,4072,3436,5.06147,-10.7273,8.80224,48.0887
69223,3956,5903,9690,6201,3813,4385,5295,4858,3343,3560,3774,3780,3239,3322,3486,3288,-33.2027,7.66392,8.5182,47.9287
69224,3232,3628,4309,4702,3248,3714,4824,8424,3388,3817,4872,8223,3305,3601,4130,4715,-0.190955,31.3349,8.73615,48.088
69225,3437,3758,4200,3962,3642,4537,6421,4918,3732,4700,7443,5310,3494,3972,4671,4281,2.26105,8.53813,8.66941,48.3187
69226,3488,3461,3411,3246,3926,4112,3770,3433,4993,6920,4851,3834,5783,8083,5416,3779,17.7007,-7.83962,8.6198,48.3373
69227,3123,3309,3341,3224,3511,3721,3731,3631,4033,4664,5090,4276,4426,7546,9060,5213,27.9099,2.4103,8.66241,47.9327
69228,3164,3232,3522,3351,3357,3631,4001,4376,3416,4017,5743,7098,3467,4154,6632,8795,17.8587,19.2557,8.66544,47.9707
69229,9168,8622,4554,3602,5406,5089,4087,3547,3913,3833,3561,3345,3314,3354,3186,3209,-32.4688,-15.8492,8.57078,47.86
69230,3282,3532,3663,3596,3586,4116,5066,4376,3742,5104,8053,5565,3670,4413,5636,4726,8.87866,8.5952,8.78336,48.084
69231,5663,4510,3660,3443,9534,5247,3758,3427,6622,4643,3694,3177,4106,3893,3454,3274,-5.30419,-26.8707,8.70176,48.07
69232,3112,3213,3288,3586,3242,3585,3818,3935,3293,3735,4934,6606,3481,3960,6338,11796,24.2541,25.5688,8.63491,47.948
69233,9520,5639,3874,3374,8497,5055,3696,3425,4497,4013,3477,3174,3536,3506,3361,3152,-16.2318,-33.4062,8.66584,47.864
69234,8835,9036,4623,3546,5416,5227,4151,3512,3869,3785,3647,3414,3259,3463,3215,3093,-32.8045,-14.5764,8.8418,48.0607
69235,3269,3485,4009,4190,3332,3747,4559,6712,3374,3650,5154,9657,3391,3556,4564,5643,4.77406,32.3354,8.83962,48.1947
69236,3382,3790,4922,7084,3460,3766,5150,9788,3242,3697,4330,5533,3094,3374,3736,3858,-9.60525,28.557,8.50781,48.1373
69237,5144,4476,3583,3372,9264,5121,3850,3399,6996,4670,3722,3255,4277,4020,3493,3180,-3.8697,-33.7224,8.70434,47.8813
69238,6632,5295,3863,3322,8673,6365,4009,3367,5121,4547,3615,3263,3860,3748,3418,3209,-10.4173,-19.9006,8.70765,48.2047
69239,3092,3212,3513,3432,3337,3528,4027,4052,3596,4150,5959,6335,3495,4494,7444,8375,19.582,16.4217,8.61672,48.0273
69240,4780,8373,8144,4754,4221,4973,4741,4150,3534,3820,3789,3618,3247,3374,3343,3302,-31.9631,-0.157271,8.83965,48.1087
69241,5483,5129,3915,3515,7335,7174,4217,3389,5226,5153,3938,3305,3994,3800,3403,3362,-6.70333,-15.5701,8.71829,48.2253
69242,4111,3838,3437,3111,6850,4591,3658,3291,9537,5135,3841,3311,5699,4474,3584,3205,4.62511,-30.7525,8.86693,47.782
69243,3597,4281,5761,5173,3670,4693,8045,6109,3506,3917,5062,4453,3242,3475,3781,3601,-9.50125,10.5335,8.82497,48.244
69244,10037,5622,3974,3375,8102,5132,3876,3441,4311,3906,3503,3216,3468,3560,3222,3155,-17.7547,-32.8912,8.60474,47.9333
69245,3300,3510,3436,3252,3678,4161,4297,3761,4141,6262,6825,4511,4264,5962,6287,4569,13.9493,1.2574,8.70943,48.144
69246,9559,8620,4542,3576,5481,4982,3969,3664,3847,3756,3580,3274,3446,3342,3241,3079,-29.8928,-16.3572,8.62504,47.972
69247,3212,3346,3411,3341,3499,3589,3988,3730,4061,4779,5797,4563,4137,6674,9026,5611,22.426,4.59181,8.90086,48.5093
69248,5095,4549,3641,3285,8114,6106,3938,3436,6529,5372,3826,3442,4231,4218,3649,3265,-3.2428,-19.4126,8.54052,48.464
69249,3247,3674,4689,5576,3374,3785,5082,10056,3274,3674,4604,6409,3187,3391,3826,4008,-5.63925,33.4532,8.95808,47.904
69250,3242,3255,3491,3564,3405,3723,4230,4224,3598,4473,7011,5888,3728,4701,7359,6496,15.8382,12.1526,8.5724,48.2587
69251,3278,3800,4861,5860,3381,3840,5947,9099,3294,3707,4786,5870,3070,3429,3667,3961,-7.05069,21.923,8.55063,47.9
69252,3476,3955,5059,5218,3557,4454,7400,6787,3340,3881,5209,5095,3215,3472,3848,3901,-6.80723,14.0523,8.55185,47.9113
69253,6394,4838,3664,3356,9799,5403,3901,3215,5835,4371,3612,3361,3967,3825,3359,3145,-8.13983,-26.2521,8.51205,48.03
69254,3356,3178,3253,3114,3934,3821,3533,3194,5713,5055,4004,3443,10090,8205,4294,3463,33.4767,-17.9951,8.6309,47.7667
69255,4364,6775,9406,5598,3832,4782,5284,4580,3472,3708,3899,3644,3137,3277,3363,3242,-26.2535,4.5589,8.88334,48.242
69256,3401,3698,4839,7308,3475,3820,5121,10003,3293,3480,4171,5366,3129,3292,3662,3750,-10.3871,31.7504,8.99526,47.872
69257,7409,5109,3706,3398,9788,5431,3896,3384,5119,4230,3586,3203,3750,3675,3314,3091,-11.2137,-25.6639,8.84185,48.0593
69258,3439,4199,5723,5327,3506,4698,7873,6471,3448,3995,5095,4550,3259,3449,3684,3684,-8.98933,12.1155,8.53888,48.2667
69259,3385,3378,3325,3061,3760,3815,3705,3392,4918,5803,4488,3749,6582,9389,5627,4037,23.0838,-8.63891,8.69789,48.276
69260,3136,3277,3589,3612,3302,3598,4203,4837,3380,3905,5125,9343,3413,3900,5184,8292,13.3084,32.0241,8.72714,48.064
69261,3307,3464,3242,3255,3801,4008,3726,3502,4858,6258,4630,3860,5874,8919,5811,3905,20.752,-6.99952,8.75566,48.28
69262,8814,5641,3830,3400,9002,5116,3886,3418,4894,4105,3439,3207,3687,3552,3295,3223,-14.8518,-26.7513,8.83971,48.3393
69263,6022,9716,6178,4007,4673,5565,4540,3706,3705,3806,3667,3318,3336,3279,3317,3191,-25.6,-7.04894,8.86086,48.0173
69264,3438,3490,3214,3050,3982,3798,3395,3210,6107,4849,3840,3299,11927,7039,3958,3301,27.3591,-22.8054,8.99926,47.9313
69265,3405,3429,3155,3110,4181,3813,3515,3206,6920,4937,3894,3463,11236,6321,3956,3385,22.1001,-25.228,8.77888,47.9507
69266,3778,4718,6367,5475,3592,4707,7823,5937,3471,3872,4450,4211,3183,3513,3656,3536,-12.3843,10.2279,8.56727,48.1927
69267,3392,3469,3127,3025,3989,3779,3459,3273,6967,4909,3799,3409,11757,5825,3860,3385,22.5458,-30.5551,8.96677,47.616
69268,10965,6153,3851,3482,7081,4887,3813,3460,4238,3896,3464,3218,3428,3347,3320,3078,-21.4677,-25.4476,8.71902,47.7873
69269,10379,7923,4363,3404,5902,5085,3934,3421,3909,3836,3459,3272,3407,3361,3298,3091,-26.1136,-18.4801,8.68184,48.0293
69270,4632,4075,3558,3244,7616,4864,3800,3379,8438,5361,3709,3386,5135,4200,3591,3144,1.66197,-24.4446,8.60704,48.088
69271,3240,3656,4489,5680,3325,3764,5380,9551,3253,3512,4657,6766,3163,3402,3797,4265,-4.46783,28.0066,8.76842,47.9333
69272,3088,3311,3398,3345,3455,3688,3913,3729,3963,5018,6188,4671,4185,6061,8868,5545,20.1829,5.4883,8.89336,48.284
69273,4348,6168,7349,4880,4047,5734,6577,4553,3529,4040,4091,3755,3251,3375,3470,3374,-16.7654,2.83823,8.65238,48.3607
69274,3419,3973,5988,12620,3282,3833,4779,6015,3198,3349,3747,3988,3015,3259,3457,3524,-33.916,27.3738,8.76925,47.6307
69275,3306,3879,5689,9511,3316,3874,5183,8548,3326,3475,4043,4603,3214,3310,3388,3519,-16.4138,28.4376,8.60816,48.1227
69276,3894,5124,7885,5767,3704,4904,6971,5239,3453,3725,4099,3918,3165,3423,3520,3370,-17.0651,8.65119,8.88479,48.1073
69277,6873,9699,5389,3759,4876,5238,4412,3606,3690,3843,3684,3272,3368,3434,3436,3196,-31.9214,-9.65484,8.53557,47.85
69278,5088,4886,3801,3512,7209,7236,4216,3632,5460,5425,3915,3338,3969,4013,3532,3188,-5.06117,-15.1185,8.71082,48.28
69279,3142,3220,3458,3365,3190,3451,3913,3916,3576,3989,5472,5812,3591,4646,8473,8936,23.9094,15.6679,8.76586,48.1
69280,4129,6401,8980,5365,3921,4937,5902,4615,3447,3792,3964,3654,3251,3393,3408,3265,-21.9137,4.7773,8.8457,48.2827
69281,3547,3646,3630,3399,3754,4483,4477,3826,4346,6904,6866,4212,4162,5417,5454,4236,10.866,-0.157689,8.94266,48.2393
69282,3232,3262,3328,3183,3418,3766,3801,3618,4075,4791,5077,4116,4589,7828,8881,5044,29.1719,1.51725,8.88945,48.006
69283,3192,3360,3447,3332,3306,3624,3956,3668,3668,4337,6016,5111,3890,5388,9349,6598,22.0105,9.03652,8.95923,48.1613
69284,3203,3373,3283,3239,3706,3841,3623,3349,4775,5380,4444,3714,6695,10002,5814,3818,28.2069,-8.76352,8.95743,48.1727
69285,3131,3333,3345,3322,3153,3459,3910,3851,3388,3909,4838,5911,3406,3975,6695,12112,32.7412,23.8135,8.70049,47.8253
69286,3346,3858,5981,11699,3474,3885,4972,7073,3267,3471,3806,3988,3097,3135,3330,3382,-22.399,33.2774,8.67054,47.8427
69287,10569,7792,4348,3473,5976,5006,4019,3380,3895,3848,3488,3146,3283,3504,3134,3144,-26.622,-19.1385,8.74148,48.0033
69288,3366,3458,3192,3121,3926,3839,3465,3312,5604,5171,3956,3595,9401,8674,4643,3532,28.5571,-16.194,8.76997,48.17
69289,5374,4635,3669,3265,8681,5962,3902,3443,6613,4988,3737,3338,4138,3988,3501,3108,-4.38583,-21.2315,8.8461,48.228
69290,3722,4880,9487,8147,3561,4074,5166,5118,3414,3528,3877,3771,3142,3235,3352,3312,-30.8927,12.756,8.89678,47.8573
69291,3418,3469,3274,3234,4033,3891,3598,3248,6059,5647,4101,3619,8826,8042,4428,3600,21.8346,-16.4257,8.55499,48.3247
69292,3129,3161,3323,3511,3327,3471,3835,3889,3479,3894,4746,6454,3457,3895,5992,12125,25.1945,30.3672,8.60102,47.792
69293,4492,3897,3510,3242,7905,4713,3800,3411,8922,4903,3609,3409,5024,4210,3626,3301,1.46629,-30.2016,8.67088,47.9827
69294,3550,4429,6367,5839,3535,4444,7492,6477,3515,3841,4606,4362,3238,3412,3626,3642,-12.0051,12.9498,8.60518,48.25
69295,3219,3408,3813,3880,3468,3798,4752,4778,3432,4282,7576,7236,3525,4084,5659,5827,9.78273,14.9477,8.78683,48.4913
69296,3392,3935,6117,12622,3321,3772,4800,6018,3175,3441,3827,3922,3195,3221,3318,3375,-29.5087,32.7509,8.65231,47.634
69297,3263,3367,3372,3083,3816,3850,3673,3462,4725,5671,4798,3869,5753,9125,6317,4110,22.9793,-5.48425,8.56793,48.1693
69298,6692,9397,5558,3856,4946,5811,4580,3594,3687,3934,3615,3394,3308,3370,3344,3177,-23.7938,-8.77872,8.54759,48.1753
69299,6359,9679,5811,3910,4897,5732,4640,3739,3732,3897,3619,3388,3332,3413,3278,3212,-23.8678,-8.07555,8.92435,48.4253
69300,8113,7110,4397,3552,7034,6144,4163,3488,4339,4165,3652,3277,3506,3393,3317,3174,-17.6468,-16.7752,8.85661,48.5493
69301,4725,5211,4296,3614,5585,7980,5172,3677,4470,5299,4082,3622,3784,3762,3510,3385,-7.09558,-8.58318,8.56866,48.116
69302,7498,9769,5252,3824,5065,5326,4214,3529,3839,3905,3599,3252,3505,3348,3301,3054,-28.1946,-11.3083,8.80789,48.1867
69303,3422,3450,3170,3264,4047,3777,3467,3164,6104,4807,3696,3387,12475,5976,3859,3325,33.8883,-28.4995,8.62849,47.5933
69304,3672,5015,8797,7493,3603,4229,5946,5556,3322,3672,3889,3825,3123,3310,3495,3442,-22.7151,11.9585,8.59227,48.2593
69305,3433,4152,5391,5149,3530,4570,7869,6773,3428,4052,5157,4767,3214,3402,3871,3824,-7.54073,12.7695,8.6572,48.388
69306,3060,3263,3432,3508,3260,3683,4070,4233,3452,4022,5764,7259,3418,4206,6660,8687,17.4852,19.3981,8.94359,47.9847
69307,3227,3343,3456,3208,3664,3937,3719,3536,4319,5282,5208,4111,4990,8310,7307,4520,23.1353,-1.86206,8.55415,48.0913
69308,10005,7127,4191,3544,6525,5373,3965,3374,4081,4012,3535,3212,3368,3443,3285,3081,-21.7348,-19.6545,8.64346,48.0807
69309,3507,3956,4603,4184,3732,4840,7260,5129,3652,4471,6506,4824,3506,3882,4151,4006,-1.84377,7.81374,8.50858,48.1393
69310,3248,3454,3360,3256,3620,3900,4060,3699,4342,5621,6176,4375,4357,6848,7431,4694,18.0583,1.47199,8.83924,48.294
69311,7706,9453,5127,3728,5133,5336,4269,3556,3924,3849,3550,3216,3378,3296,3210,3180,-26.8336,-12.118,8.58475,47.9407
69312,3417,3446,3351,3117,3863,4040,3554,3265,5155,6276,4451,3655,6449,8900,5249,3806,20.1159,-10.1053,8.9602,47.996
69313,8791,9020,4640,3687,5527,5349,4108,3507,3711,3875,3433,3297,3350,3335,3287,3078,-25.45,-14.5809,8.8311,47.9967
69314,3352,3421,3167,3170,3990,3806,3427,3264,6062,4912,3862,3326,12359,6391,3849,3453,31.0082,-25.6305,8.9399,47.874
69315,3402,4048,6643,12269,3340,3802,4901,5922,3225,3465,3847,3819,3183,3252,3358,3430,-29.7444,24.363,8.84487,47.9373
69316,3740,5224,9848,7557,3679,4177,5221,5156,3165,3591,3886,3749,3142,3299,3324,3324,-30.6911,11.3609,8.82043,48.0547
69317,4595,6562,6374,4490,4440,6309,6154,4250,3745,4117,4009,3715,3266,3478,3436,3271,-15.8769,-0.592947,8.71052,48.1407
69318,3494,3903,5999,12719,3312,3748,4729,6494,3247,3350,3691,4008,3106,3265,3372,3319,-24.6352,31.1154,8.95744,47.8373
69319,3417,3351,3200,3084,4062,3777,3670,3143,5913,5110,3942,3457,10557,7593,4223,3508,25.8059,-19.3369,8.65453,48.0047
69320,3847,3907,3605,3252,5063,5344,4048,3421,6600,7670,4600,3634,4936,5117,4037,3471,6.01918,-12.7418,8.54539,48.368
69321,3567,4044,4624,4212,3853,5169,7459,5013,3769,4569,6137,4712,3378,3787,4128,3875,-2.8118,6.73505,8.55301,48.1973
69322,3136,3265,3332,3390,3276,3473,3678,3782,3472,3730,4656,5889,3454,3937,6025,12469,32.3225,33.3324,8.65101,47.3093
69323,3345,3390,3278,3076,3849,3800,3534,3287,5559,4990,4106,3522,9137,8670,4658,3582,28.6259,-15.8712,8.50123,47.8553
69324,3880,5230,7477,5636,3764,5117,7336,5154,3481,3824,4170,3895,3247,3360,3553,3544,-15.4714,7.63547,8.76992,48.4453
69325,4298,3878,3493,3307,6359,5390,3901,3326,7694,6349,4048,3339,5066,4669,3784,3383,3.51261,-18.3169,8.70355,48.1893
69326,3273,3430,3851,4319,3338,3753,4703,6820,3380,3782,5348,9086,3276,3639,4489,5518,4.21773,25.4103,8.67927,48.0033
69327,6518,4913,3751,3325,9926,5220,3954,3386,5583,4533,3557,3390,3855,3706,3387,3211,-8.77157,-33.4384,8.5703,48.1433
69328,3661,4139,5721,5574,3519,4498,7582,6757,3435,3831,4865,4704,3189,3451,3654,3755,-9.78933,13.6942,8.51248,48.2233
69329,4280,3965,3503,3242,6940,5044,3681,3308,8697,5650,3895,3367,5164,4533,3689,3296,3.25516,-22.1181,8.59194,48.1693
69330,3316,3556,3451,3459,3467,4197,4135,3778,4088,5728,6804,4473,4181,5969,6914,4762,15.316,2.77316,8.75961,48.1853
69331,4476,7557,9089,5152,3913,4743,4941,4325,3370,3745,3770,3547,3240,3317,3427,3294,-29.3445,2.50274,8.79609,47.9373
69332,8949,5352,3863,3396,9088,5214,3783,3403,4681,4108,3453,3218,3627,3628,3171,3085,-14.7545,-29.7993,8.91742,48.0127
69333,3404,3622,3659,3454,3807,4405,4593,3853,4191,6466,7329,4464,4221,5335,5561,4316,10.3186,1.46517,8.96722,48.4533
69334,3220,3325,3296,3242,3564,3736,3689,3654,4092,4896,5056,4142,4674,7998,8660,4822,26.7978,1.00449,8.67121,48.044
69335,3051,3545,3770,4144,3369,3671,4787,5869,3437,3909,6305,8606,3333,3784,4797,5620,6.01111,19.84,8.63036,47.998
69336,3283,3566,3995,4499,3367,3888,5504,7079,3344,3919,5769,8004,3255,3601,4384,4934,1.96646,20.3902,8.89031,48.2607
69337,3737,4261,4651,3946,3900,5604,7175,4690,3843,4925,6043,4352,3556,3881,4141,3669,-2.78956,3.92908,8.98082,48.2493
69338,4458,7451,8910,5145,3995,4865,5258,4318,3413,3784,3867,3743,3144,3326,3313,3316,-25.6229,2.44066,8.96827,48.204
69339,4131,4466,3935,3512,4965,7279,4979,3755,4772,6607,4816,3888,3934,4082,3879,3392,-1.29244,-6.74426,8.72473,48.2613
69340,3650,4519,6576,5623,3612,4654,7589,6079,3467,3779,4495,4417,3211,3327,3581,3577,-12.7573,11.1693,8.51506,48.104
69341,6340,5027,3783,3348,9374,5964,3998,3340,5599,4454,3632,3263,4054,3636,3283,3149,-8.63713,-21.9167,8.92883,48.1627
69342,6023,5367,4016,3413,8038,7016,4153,3444,4997,4756,3679,3305,3877,3718,3394,3219,-9.43694,-16.8275,8.88074,48.2767
69343,3453,3582,3568,3309,4035,4804,4328,3711,4776,7831,5893,4043,4578,5676,4926,3945,9.589,-3.90586,8.68711,48.3053
69344,11735,6310,4070,3414,6612,5038,3788,3389,4060,3821,3487,3209,3409,3353,3209,3052,-23.4945,-25.4758,8.68726,47.9707
69345,3320,3874,5020,7195,3342,3852,5274,9936,3288,3638,4435,5297,3041,3414,3628,3764,-10.678,30.7174,8.76872,48.212
69346,3651,3525,3240,3043,4767,4164,3590,3251,8410,5775,3924,3277,8328,5857,3954,3357,14.8105,-21.212,8.8817,48.0753
69347,11193,6986,4131,3341,5917,4937,3882,3386,3894,3741,3477,3218,3465,3455,3245,3139,-33.5599,-21.4754,8.51774,47.6047
69348,3955,5175,7322,5435,3810,4955,7447,5160,3498,3819,4267,3983,3282,3313,3520,3400,-15.1633,7.02712,8.93204,48.2273
69349,3537,4761,9174,8434,3571,4149,5212,5294,3369,3595,3781,3857,3248,3321,3466,3482,-30.9736,13.8987,8.62952,48.1673
69350,3636,4284,6821,6621,3502,4472,7027,6579,3311,3670,4294,4369,3254,3376,3498,3539,-14.5141,13.9742,8.91703,48.1687
69351,3581,4055,4464,4129,3869,5319,7204,4769,3754,4887,6435,4544,3460,3877,4141,3860,-1.55107,5.26804,8.83241,48.232
69352,3154,3401,3960,4379,3368,3596,4776,7069,3323,3820,5429,9251,3205,3558,4455,5486,3.21417,24.2142,8.87387,48.1533
69353,4320,4082,3579,3324,5954,6103,4143,3388,6243,6859,4364,3575,4578,4495,3674,3473,1.66424,-13.9182,8.78742,48.1027
69354,3987,5290,6586,4965,3780,5494,7636,4912,3592,3965,4428,3866,3230,3416,3648,3401,-13.5571,5.28498,8.624,48.1307
69355,3221,3268,3645,3815,3337,3564,4166,4975,3365,3854,5208,9682,3319,3678,5125,7675,11.5705,33.0014,8.85743,47.9313
69356,3277,3527,3680,3613,3501,4265,5064,4215,3827,5558,8090,5142,3738,4535,5521,4655,8.34897,6.0474,8.59083,48.1387
69357,3361,3395,3395,3080,3599,3842,3738,3417,4478,5477,4840,4008,5531,9178,6730,4352,24.3738,-4.17991,8.58258,48.2807
69358,3785,4385,7891,8298,3502,4146,5936,6123,3395,3494,4023,4013,3050,3237,3494,3457,-20.7993,15.7883,8.56984,48.1527
69359,3637,3588,3338,3082,4762,4183,3681,3341,8567,6012,3888,3475,7546,5530,4038,3321,13.1443,-20.6724,8.69328,47.9927
69360,3347,3807,4637,5007,3507,4157,6816,7040,3430,3973,5614,6102,3304,3530,4022,4107,-3.17871,15.9884,8.53263,48.2667
69361,3288,3800,4412,4612,3509,4039,5964,7029,3294,3904,5857,6918,3238,3744,4192,4691,-0.291268,17.7869,8.50728,48.3273
69362,8840,9008,4618,3745,5300,5271,3997,3518,3814,3834,3488,3314,3398,3347,3294,3154,-27.2671,-14.896,8.93555,47.96
69363,4240,5510,5216,4037,4448,7045,6573,4237,3902,4591,4540,3785,3484,3609,3574,3335,-10.0593,-0.926572,8.68223,48.084
69364,6653,5957,4036,3453,7528,6909,4162,3463,4801,4499,3696,3258,3647,3575,3370,3171,-12.3723,-16.5199,8.82875,48.1187
69365,6775,9837,5590,3759,4892,5228,4416,3644,3793,4001,3599,3290,3302,3330,3269,3196,-33.6743,-9.42223,8.82797,47.9473
69366,3652,3972,4002,3671,4171,5824,5250,3968,4304,6859,6084,3997,3873,4368,4402,3841,2.48861,-1.51266,8.56721,48.1587
69367,5298,8521,6816,4388,4426,5888,5068,4024,3608,3836,3745,3542,3148,3338,3305,3150,-21.6298,-3.45137,8.86895,48.0673
69368,3635,3658,3372,3189,4549,4393,3646,3444,7608,6753,4203,3556,6742,6007,4162,3421,12.7248,-16.6673,8.87462,48.2253
69369,4851,7830,7653,4611,4215,5575,5374,4116,3555,3820,3849,3517,3230,3354,3427,3328,-21.3833,-0.326415,8.87978,48.2033
69370,4700,4213,3548,3271,7560,5574,3982,3412,7645,5483,3841,3365,4781,4335,3651,3250,0.382689,-20.9055,8.65611,48.4073
69371,3629,3777,3590,3387,4215,5041,4328,3545,4965,8026,5792,3874,4424,5564,4562,3743,8.80176,-5.05169,8.93606,48.308
69372,3616,3991,4254,3707,4031,5883,6343,4246,4029,5929,6205,4289,3685,4124,4144,3861,0.0540419,0.919891,8.73512,48.2247
69373,5858,4418,3688,3229,9631,5164,3856,3341,6687,4584,3682,3303,4228,3958,3456,3156,-5.25258,-29.9886,8.71139,48.1593
69374,3149,3125,3307,3499,3210,3480,3886,4202,3422,4026,5157,7017,3354,4137,6590,10825,21.4525,22.3816,8.96861,48.2573
69375,4121,4534,4159,3805,4640,7411,5495,3886,4333,6008,4920,3744,3869,4072,3871,3406,-2.92972,-4.60993,8.61525,48.1827
69376,4811,4844,3910,3467,6380,7476,4554,3601,5235,5791,4127,3580,4049,3980,3556,3366,-4.34316,-12.5422,8.76622,48.4847
69377,3054,3372,3751,3796,3318,3714,4505,5539,3375,3821,5536,9552,3319,3742,4794,6780,9.28698,26.1047,8.50676,47.9787
69378,4338,3908,3468,3178,6601,4665,3585,3290,9371,5525,3796,3277,5661,4651,3663,3339,5.32566,-25.2062,8.55688,48.2107
69379,3289,3872,6237,12467,3386,3807,4867,6096,3173,3432,3712,3962,3253,3129,3397,3322,-33.4399,25.7477,8.76979,47.6007
69380,6920,5159,3855,3189,9445,5623,3771,3402,5418,4462,3571,3340,3808,3701,3400,3196,-9.81534,-24.042,8.73046,48.1733
69381,3329,3457,3388,3262,3694,4282,3935,3662,4429,6388,5987,4204,4642,6882,6428,4402,16.4797,-1.44086,8.90457,48.2473
69382,3183,3270,3268,3247,3512,3774,3814,3700,4039,4971,5473,4438,4368,7311,8754,5065,24.1109,2.41141,8.99341,48.1247
69383,3386,3618,4019,4079,3400,4019,5943,5227,3467,4491,7682,6247,3433,3990,4803,4616,4.00815,12.2629,8.75069,48.28
69384,3373,3771,5282,8726,3402,3888,5209,9105,3297,3568,4090,4617,3078,3301,3444,3604,-14.5334,27.4878,8.99345,47.8367
69385,10878,6581,4158,3327,6769,5111,3895,3441,4037,3844,3480,3158,3461,3513,3193,3104,-22.2419,-22.7958,8.81722,47.9667
69386,5010,4517,3781,3301,7452,6394,4074,3381,6349,5439,3884,3439,4298,4106,3595,3336,-2.40792,-18.0435,8.93653,48.2373
69387,4260,5104,4575,3805,4730,7769,5905,4124,4125,5208,4447,3825,3780,3780,3583,3504,-6.33003,-3.7579,8.77428,48.3493
69388,6098,9613,6248,4092,4577,5122,4580,3825,3637,3771,3611,3514,3247,3343,3356,3228,-30.2531,-6.35612,8.67178,47.908
69389,3423,3936,5711,11088,3372,3828,5017,7373,3260,3490,3935,4134,3159,3308,3397,3510,-20.7514,32.1424,8.68845,47.9607
69390,3183,3299,3398,3476,3204,3559,3851,3902,3447,3979,5036,5660,3462,4314,7857,10348,30.5137,18.306,8.61601,47.9833
69391,3894,3916,3498,3275,5281,4945,3900,3419,7758,7045,4226,3437,5436,4961,3796,3373,6.48682,-16.4702,8.71422,48.1067
69392,4241,6266,7014,4792,4129,5793,6559,4516,3629,4078,4161,3815,3277,3494,3506,3336,-16.0717,1.8919,8.72258,48.404
69393,4533,7736,8755,5035,4187,4873,5103,4326,3491,3653,3750,3642,3291,3322,3361,3205,-28.2577,1.70673,8.83734,48.1753
69394,3253,3313,3339,3285,3546,3738,3785,3510,4375,5105,4828,4038,5070,8888,7531,4554,31.4898,-2.03252,8.50577,48.1053
69395,3520,3449,3319,3081,4009,4056,3602,3424,5839,6604,4418,3634,6838,7891,4727,3568,17.871,-12.6183,8.68699,47.986
69396,3518,3488,3916,3763,3639,4344,5589,4603,3779,5100,7837,5262,3608,4139,4889,4373,5.08147,7.50411,8.55774,47.898
69397,3111,3557,3929,4369,3350,3798,4679,6895,3327,3706,5128,9660,3348,3681,4392,5621,4.28747,28.7858,8.92247,48.3673
69398,3872,5491,9243,6811,3661,4501,5865,5176,3414,3725,3875,3807,3191,3264,3419,3339,-22.5568,9.528,8.50578,48.436
69399,3366,3402,3260,3136,3845,3931,3531,3288,5325,5680,4388,3621,8080,8955,4928,3713,23.5476,-13.0923,8.67521,48.2993
69400,3266,3237,3408,3390,3324,3529,3792,3875,3432,4162,5277,5093,3554,4852,9620,7857,33.7139,12.8573,8.95438,47.7787
69401,12565,5982,3925,3328,6284,4691,3716,3430,3842,3723,3456,3292,3337,3361,3199,3157,-26.6118,-33.2767,8.87467,47.5253
69402,4569,7236,9301,5395,3900,4801,5155,4303,3436,3780,3856,3727,3161,3203,3276,3208,-26.5292,3.03859,8.96465,48.2047
69403,3266,3379,3481,3628,3278,3619,4151,4860,3388,3843,5290,9219,3280,3831,5261,8431,13.4911,28.4201,8.6304,48.1367
69404,3725,4499,7568,7277,3586,4345,6521,6194,3436,3606,4105,4114,3121,3290,3542,3424,-17.3293,14.2239,8.55259,48.2353
69405,3367,3933,5708,10709,3437,3787,4966,7693,3247,3422,3915,4246,3091,3117,3487,3568,-19.1615,31.586,8.7136,47.7953
69406,8188,9494,4980,3768,5269,5258,4118,3450,3776,3809,3565,3339,3369,3444,3373,3189,-30.5045,-12.9762,8.57259,48.2593
69407,3149,3239,3448,3321,3274,3456,3913,3763,3520,4130,5174,5203,3597,4754,9178,8749,29.2555,14.136,8.83143,47.912
69408,3120,3319,3613,3919,3253,3536,4327,5560,3327,3728,5066,9960,3224,3849,4994,6850,9.38315,32.8547,8.80244,47.7633
69409,3442,3446,3177,3106,4277,3896,3440,3318,7348,4985,3776,3429,11522,5738,4020,3350,20.8376,-28.5404,8.79835,48.18
69410,3337,3341,3228,3037,3746,3803,3400,3228,6126,4788,3775,3290,12489,6428,3972,3461,28.9839,-26.3568,8.73381,47.6327
69411,3191,3292,3432,3281,3357,3556,3779,3554,3758,4481,5226,4672,4035,6032,9916,6304,30.8801,7.34628,8.85618,47.9107
69412,3419,3387,3266,3156,3929,3830,3529,3302,6013,4847,3755,3349,12309,6487,3881,3297,30.7387,-25.524,8.68031,47.8373
69413,3590,3523,3306,3202,4347,4319,3693,3332,6774,6814,4348,3534,7034,6791,4379,3447,15.3097,-14.9399,8.88958,48.2887
69414,3204,3505,4048,4469,3388,3853,5148,7022,3327,3847,5771,8280,3229,3696,4428,5226,2.58633,20.7093,8.89083,48.294
69415,3132,3457,3845,3786,3440,3945,4975,4766,3536,4444,7898,6638,3556,4157,5556,5348,8.36303,12.7807,8.76052,48.3193
69416,4081,5384,6997,4952,3971,5516,7165,4785,3506,3906,4313,3930,3283,3416,3580,3375,-15.0882,4.70293,8.97577,48.1067
69417,3457,3857,5299,8672,3390,3792,5076,9206,3200,3504,4115,4746,3096,3286,3474,3595,-14.4261,31.8369,8.91182,47.8433
69418,3431,3412,3224,3124,3919,3868,3487,3235,6211,4694,3832,3351,12536,5999,3890,3370,26.8868,-31.373,8.85105,47.722
69419,3368,3338,3389,3246,3619,3904,3791,3395,4685,5948,4922,3875,5469,8710,6318,4150,21.0819,-4.60616,8.9786,48.0847
69420,5270,4418,3665,3295,9055,5660,3851,3558,6678,4865,3644,3379,4161,3989,3434,3276,-3.86622,-23.5197,8.76806,48.132
69421,3225,3285,3702,3980,3377,3599,4643,5680,3425,3829,6080,9071,3282,3811,5034,6354,8.39543,21.7213,8.85431,48.2513
69422,3511,3623,3391,3128,4337,4144,3654,3314,7053,6697,4161,3395,7462,6805,4293,3432,15.5869,-16.2528,8.94954,48.2667
69423,4470,4018,3428,3181,7369,4794,3723,3362,8938,5074,3880,3439,5213,4338,3672,3262,2.58296,-31.4666,8.50412,48.1073
69424,3194,3155,3321,3355,3432,3472,3896,3815,3510,4156,5312,5506,3627,4783,9131,8178,29.5186,13.7442,8.59197,47.8953
69425,4282,4276,3794,3364,5529,6976,4474,3638,5521,6836,4425,3525,4224,4303,3724,3365,-0.0751854,-10.9503,8.98215,48.1707
69426,7997,9429,4889,3649,5291,5298,4127,3525,3831,3768,3521,3313,3456,3422,3282,3109,-29.8387,-12.8377,8.59069,47.938
69427,3197,3543,3982,4336,3305,3840,4821,7058,3383,3843,5155,9209,3212,3657,4461,5282,3.38119,33.8532,8.65761,48.1893
69428,3480,4088,5244,5354,3586,4358,7418,7066,3344,3974,5063,4953,3220,3461,3769,3855,-7.62035,14.4375,8.58984,48.1553
69429,3133,3268,3513,3410,3363,3662,4071,3998,3613,4302,6393,5584,3587,4787,8466,6999,19.2914,11.8217,8.86617,48.0993
69430,3875,4351,4180,3756,4379,6597,5892,4121,4286,6108,5560,4101,3769,4090,3960,3596,-1.27014,-1.84039,8.79471,48.414
69431,12360,6410,3942,3368,5987,4829,3828,3469,3877,3832,3453,3293,3306,3354,3284,3109,-31.9979,-25.4187,8.6261,47.8007
69432,3429,3495,3271,3045,4077,3804,3453,3285,5750,4937,3806,3426,11263,7064,4036,3437,31.9548,-21.6593,8.63641,47.7187
69433,3983,6552,9891,6016,3848,4495,5200,4520,3436,3673,3854,3776,3129,3377,3360,3366,-30.6691,5.98365,8.66623,48.3173
69434,12590,5843,3749,3414,5839,4804,3727,3297,3909,3720,3462,3185,3470,3343,3309,3186,-32.9338,-32.6392,8.99978,47.2313
69435,3230,3336,3343,3487,3281,3510,3812,4009,3298,3730,4727,6106,3337,3959,6133,12521,28.4399,27.626,8.7802,47.8793
69436,3377,3880,4847,5140,3380,4254,6972,7262,3440,3893,5318,5684,3175,3545,3933,4021,-5.19458,15.7548,8.62745,48.0807
69437,3383,3436,3253,3042,4016,3900,3498,3299,5766,5225,4042,3531,9562,8084,4478,3583,25.6559,-17.0706,8.72326,48.0653
69438,3395,3433,3179,3102,3773,3692,3456,3354,5307,5214,4023,3506,8528,9469,4820,3707,31.695,-13.7668,8.99433,47.972
69439,4192,5428,6486,4745,4085,5811,7052,4681,3642,4183,4291,3859,3308,3492,3660,3447,-13.6723,3.58859,8.56408,48.2413
69440,6654,4815,3704,3350,10327,5262,3740,3341,5682,4499,3587,3303,3780,3764,3455,3145,-8.90264,-30.0252,8.99695,48.272
69441,3412,3800,4977,7111,3380,3827,5247,9692,3261,3628,4330,5308,3202,3294,3625,3694,-10.2182,33.1475,8.81347,47.8587
69442,3071,3534,3762,4036,3367,3991,5083,5448,3551,4151,6906,8010,3391,3924,5004,5483,6.74597,17.3987,8.92181,48.4747
69443,3355,4018,5421,5914,3580,4230,7228,7528,3411,3784,4724,4983,3188,3450,3812,3737,-9.10459,15.9655,8.8153,48.242
69444,5041,5206,3994,3480,6446,7743,4543,3597,4910,5218,4100,3615,3907,3936,3486,3215,-6.21817,-12.1426,8.5846,48.2913
69445,3015,3192,3425,3418,3276,3455,3821,4058,3465,3845,5065,6694,3360,4117,6787,10875,21.9192,22.3206,8.89761,47.912
69446,3328,3425,3288,3135,3982,3999,3509,3146,6799,5311,3864,3377,10626,6812,4104,3342,21.8014,-21.4912,8.92646,48.0313
69447,12272,5977,3916,3319,6536,4783,3708,3319,4135,3810,3431,3230,3401,3476,3123,3042,-24.6355,-28.3589,8.67528,47.652
69448,6262,4996,3931,3305,8716,6232,4074,3426,5421,4638,3639,3300,3827,3842,3384,3206,-8.60159,-20.1951,8.51444,48.1327
69449,3404,3413,3205,3163,3906,3877,3407,3321,6649,4851,3670,3403,12134,6083,3928,3326,23.7704,-30.1073,8.66395,47.8267
69450,5330,6090,4577,3697,5777,8002,4945,3761,4241,4577,4028,3535,3684,3684,3514,3252,-10.6881,-9.55518,8.65621,48.4627
69451,3145,3205,3328,3299,3458,3598,3859,3676,3902,4572,5428,4469,4114,6529,9727,5666,26.0399,5.39729,8.98045,47.9833
69452,10173,6026,3931,3436,7896,5120,3900,3371,4414,3915,3468,3226,3577,3523,3334,3059,-18.5606,-24.9142,8.91467,48.246
69453,3166,3478,3845,4204,3286,3831,4658,6721,3350,3763,5134,9616,3306,3718,4400,5471,4.77674,33.7285,8.56972,47.9647
69454,3076,3311,3486,3566,3295,3522,4131,4641,3362,3931,5720,8775,3265,4070,5662,7984,13.7917,22.3296,8.51445,47.8647
69455,3286,3330,3324,3100,3786,3826,3603,3283,4783,5344,4420,3790,6532,10008,5762,3958,29.0884,-8.33657,8.82967,48.09
69456,3887,4414,4564,4098,4175,6474,7024,4422,3838,5159,5446,4091,3438,3907,3872,3626,-4.4474,0.914846,8.81918,48.29
69457,10710,5769,3880,3429,8043,5052,3717,3286,4185,3924,3492,3320,3521,3485,3202,3102,-18.7896,-29.1863,8.98126,48.078
69458,3408,4141,6426,9003,3335,4016,5636,7420,3253,3546,4135,4311,3092,3238,3507,3484,-17.7605,20.2248,8.61667,47.9673
69459,6272,9505,5909,3948,4781,5847,4589,3764,3860,3814,3725,3510,3368,3401,3308,3188,-23.0699,-7.12774,8.93689,48.526
69460,6438,10008,6062,3981,4715,5165,4447,3774,3765,3785,3579,3350,3313,3445,3281,3167,-29.429,-7.64603,8.91283,48.1833
69461,3395,3344,3204,3171,3826,3832,3431,3294,5594,5087,3916,3543,10130,8506,4422,3581,30.0929,-17.0197,8.92799,48.184
69462,3406,3443,3201,3052,3968,3819,3423,3188,6195,5131,3845,3416,11144,7178,4131,3309,24.7272,-21.0466,8.84646,47.8993
69463,3085,3414,3471,3520,3273,3576,4140,4558,3373,4001,5535,7986,3411,3933,5872,8821,15.8695,22.5137,8.51087,47.9793
69464,3260,3409,3406,3317,3469,3974,4061,3677,4005,5400,6580,4860,4147,6040,7552,5093,17.4216,3.9584,8.59638,48.1667
69465,4338,3951,3453,3140,7383,4690,3684,3306,9366,5158,3741,3325,5347,4381,3588,3175,3.12927,-28.4704,8.94628,48.0173
69466,9319,5458,4025,3299,8780,5058,3918,3390,4596,4018,3439,3322,3673,3587,3244,3102,-15.7551,-28.7234,8.64797,48.152
69467,5446,4385,3613,3156,9518,5308,3803,3367,6908,4747,3631,3286,4251,3883,3471,3253,-4.35687,-26.6258,8.89753,48.0173
69468,3908,3934,3588,3178,5406,5357,4035,3293,7237,7346,4283,3453,5073,5053,3786,3339,5.77591,-15.2157,8.91198,48.1793
69469,3329,3741,4682,6291,3440,3771,5194,9900,3237,3571,4489,5978,3253,3342,3688,3904,-7.48327,32.7533,8.88958,47.8733
69470,3207,3353,3346,3434,3282,3571,3811,3852,3489,4033,5235,5556,3434,4459,8342,9703,32.6092,16.759,8.53139,48.0713
69471,3241,3465,3315,3230,3535,3644,3795,3635,4098,4983,4904,4225,4812,8306,8340,4774,29.1257,0.0102323,8.8969,48.2013
69472,4396,5389,4733,3952,4775,7835,5977,4056,3964,4857,4304,3832,3562,3648,3579,3359,-8.97121,-3.942,8.81854,48.1453
69473,3512,3399,3248,2983,4120,4030,3466,3185,7273,5447,4001,3468,9679,6800,4162,3446,20.0699,-20.9003,8.52406,48.146
69474,3538,4203,5289,4817,3574,4707,7974,5964,3397,4079,5416,4712,3289,3622,3864,3787,-7.04288,10.168,8.61951,48.1547
69475,4536,5363,4504,3629,5130,8062,5455,3873,4313,5151,4259,3567,3540,3616,3604,3347,-7.65411,-6.50643,8.84861,47.966
69476,4246,5019,4596,3887,4772,7593,5964,4086,4149,5073,4676,3766,3524,3877,3629,3419,-6.97143,-2.93284,8.71775,48.184
69477,3243,3324,3366,3216,3569,3688,3646,3627,4359,5352,4842,3956,5120,8965,7334,4499,25.0375,-2.6006,8.93913,48.0707
69478,3419,3527,3229,3146,4295,3902,3541,3269,7436,5199,3836,3418,10621,5902,3922,3389,20.2235,-25.7935,8.55547,48.034
69479,3216,3730,4353,5564,3331,3702,5150,9263,3288,3769,4618,7007,3163,3554,3990,4363,-3.65493,29.1802,8.69861,48.0407
69480,3652,4494,7992,8698,3466,4150,5773,6112,3268,3538,4060,4002,2993,3175,3475,3481,-21.2381,16.1143,8.67437,48.2193
69481,3129,3384,3807,4038,3187,3649,4643,5822,3418,3881,5913,9062,3297,3761,4976,6142,7.27832,21.5148,8.94835,48.0727
69482,3874,4005,3408,3215,5736,4789,3736,3440,8400,6354,3983,3491,5710,4851,3838,3340,6.2008,-19.1413,8.63592,48.1133
69483,3502,4040,6436,11954,3343,3671,4919,6486,3136,3402,3870,3936,3083,3285,3348,3405,-25.148,24.818,8.96132,47.8773
69484,3344,4058,6218,10314,3548,3817,5169,7425,3191,3481,3881,4262,3053,3254,3407,3398,-19.31,24.1968,8.63936,47.88
69485,3137,3567,4154,4784,3316,3710,4965,7812,3454,3723,5176,8276,3321,3593,4346,4850,0.504616,25.1444,8.5705,48.1227
69486,10963,5936,3948,3376,7477,5035,3815,3256,4230,3903,3509,3272,3431,3450,3206,2996,-20.0926,-27.5836,8.74398,47.8687
69487,5931,9852,6289,4096,4618,5221,4504,3865,3574,3721,3608,3403,3292,3344,3296,3244,-30.8232,-6.31719,8.50671,47.9053
69488,4376,4730,4103,3572,5602,7658,4747,3814,4942,5912,4281,3664,3812,4060,3740,3358,-3.69696,-9.81157,8.75647,48.2473
69489,3214,3306,3306,3245,3536,3875,3741,3521,4116,5391,5062,4060,4979,8422,7578,4665,25.0115,-1.28438,8.52359,48.0113
69490,3520,3594,3402,3155,4373,4448,3737,3377,6640,7453,4464,3506,6164,6589,4446,3602,12.8567,-13.305,8.87015,48.3133
69491,3600,3694,3517,3298,4276,4973,4155,3613,5282,8210,5322,3810,4894,5794,4422,3753,9.55101,-7.46188,8.80571,48.4087
69492,3394,4025,6027,12470,3489,3829,4674,6422,3275,3487,3685,3958,3096,3202,3392,3317,-25.3011,33.1632,8.71885,47.828
69493,8126,5506,3892,3323,8975,5433,3912,3368,4794,4075,3494,3278,3638,3631,3254,3122,-13.7617,-24.7239,8.51866,47.8807
69494,9807,7236,4203,3402,6505,5245,3936,3498,4156,3974,3545,3236,3457,3385,3258,3075,-21.7308,-19.2998,8.53878,47.9453
69495,3558,4515,8182,7891,3609,4235,6013,5876,3397,3621,3969,3882,3082,3328,3387,3479,-20.1175,14.3593,8.75947,48.016
69496,3667,4588,5890,5073,3857,4979,8001,5637,3410,3993,4836,4276,3305,3408,3651,3565,-10.0194,8.32926,8.68767,48.0907
69497,3415,3467,3233,3144,3764,3798,3408,3284,5182,5320,4080,3455,8249,9461,5058,3445,29.9067,-13.0988,8.72979,47.842
69498,3340,3333,3366,3291,3631,4032,4119,3804,4178,5814,6599,4575,4344,6165,7113,4779,16.085,2.28198,8.96333,48.322
69499,4006,4964,4623,3886,4486,7101,6338,4144,4048,5189,4897,3880,3460,3887,3707,3470,-5.09861,-1.37055,8.69613,48.0573
69500,5016,7947,7289,4455,4384,5537,5295,4078,3527,3840,3813,3637,3276,3402,3406,3225,-21.7271,-1.36625,8.72586,48.0847
69501,3333,3840,5486,9571,3413,3692,5142,8588,3303,3457,4025,4564,3191,3367,3605,3542,-16.1294,28.521,8.6987,48.0793
69502,4318,4938,4382,3589,4794,7684,5521,3922,4379,5573,4515,3683,3711,3915,3756,3368,-5.35637,-4.82137,8.66973,48.032
69503,11566,7145,4119,3465,6046,4884,3798,3389,3893,3819,3521,3283,3392,3354,3179,3089,-27.7203,-22.1388,8.63646,47.9613
69504,11481,7189,4173,3399,5844,4992,3881,3363,3863,3863,3530,3221,3383,3347,3235,3226,-27.9615,-20.8148,8.91352,47.9933
69505,3748,5050,9206,7393,3629,4317,5660,5212,3346,3591,3796,3795,3097,3302,3401,3370,-23.2702,11.532,8.5476,47.942
69506,3448,3802,6006,12576,3293,3815,4721,5826,3239,3370,3752,3860,3116,3257,3403,3389,-32.2776,33.1077,8.80187,47.2487
69507,4864,4245,3527,3192,8317,4999,3787,3297,8163,4886,3787,3323,4788,4188,3582,3298,-0.14305,-27.5598,8.54331,48.162
69508,3333,3501,3848,3741,3577,4211,5235,4433,3811,5067,8222,5408,3693,4285,5415,4646,7.30016,7.92983,8.84009,48.284
69509,3478,3393,3371,3034,4120,3884,3429,3124,7632,5060,3862,3372,11031,5953,3791,3397,20.1394,-27.8958,8.8071,47.954
69510,3450,3450,3154,3027,4224,3803,3435,3361,6968,5057,3821,3391,11340,6260,3932,3360,21.5978,-24.2897,8.99285,48.022
69511,3165,3223,3356,3332,3468,3443,3876,3787,3742,4355,5218,4875,3828,5511,9813,6962,28.5945,9.50969,8.78694,47.9693
69512,3253,3472,3615,3533,3585,4192,4594,4047,3952,5529,7842,5138,3899,4949,6170,4755,11.7545,5.47184,8.62759,48.35
69513,3336,3453,3419,3339,3661,4130,4108,3623,4415,6645,5973,4158,4638,6753,6334,4404,15.7548,-1.59731,8.92916,48.2593
69514,9154,7284,4398,3589,6359,5612,4031,3510,4172,4033,3549,3285,3422,3443,3240,3154,-20.5195,-17.9991,8.53651,48.1567
69515,3291,3434,3332,3193,3635,3776,3855,3511,4286,5501,5418,4105,4732,7833,7631,4669,21.7807,-0.517616,8.72034,48.1347
69516,6352,5250,3938,3370,8684,6272,4107,3457,5173,4573,3649,3322,3968,3663,3359,3128,-9.71282,-19.8216,8.55068,48.1767
69517,7863,8961,4931,3681,5490,5637,4196,3672,3855,3886,3557,3229,3394,3501,3199,3103,-23.8156,-13.1649,8.59833,48.1033
69518,12614,5891,3864,3517,5943,4672,3732,3562,3822,3687,3386,3274,3470,3501,3313,3160,-32.2802,-32.8968,8.92007,47.6053
69519,3082,3365,3857,4298,3268,3735,4750,6729,3296,3893,5345,9328,3269,3591,4454,5629,4.89379,25.5602,8.57938,47.926
69520,3105,3372,3332,3203,3293,3633,3862,3798,3617,4286,5444,5012,3808,5442,9744,7170,26.1653,10.105,8.63577,48.0807
69521,3273,3712,5049,7573,3266,3833,5377,9761,3280,3571,4267,5308,3086,3330,3711,3682,-11.3583,27.4094,8.85357,48.0527
69522,12478,5821,3902,3424,5997,4661,3794,3282,3975,3756,3484,3233,3400,3412,3180,3105,-32.8186,-29.8512,8.51542,47.2693
69523,3109,3247,3388,3464,3394,3605,4172,4280,3400,4130,5948,7232,3603,4044,6742,8093,16.6137,17.7314,8.90952,47.9007
69524,3504,3377,3238,3091,4354,3925,3459,3296,8072,5184,3885,3286,10075,5855,3862,3358,18.2813,-27.2369,8.5407,47.8807
69525,3904,5618,10058,6605,3883,4310,5244,4798,3397,3685,3815,3699,3116,3336,3398,3310,-28.6036,8.60649,8.72969,48.1173
69526,3824,4811,6754,5380,3875,4981,7655,5422,3470,3846,4488,4026,3312,3436,3688,3468,-13.5702,8.13046,8.54979,48.2907
69527,3175,3342,3405,3315,3292,3769,3962,3759,3835,4771,6146,4829,4067,5779,8997,5989,21.1943,7.17817,8.50844,48.288
69528,5801,4848,3880,3405,8607,6357,4009,3347,5765,4777,3718,3419,4130,3891,3475,3129,-6.84936,-19.7293,8.61786,48.372
69529,4858,5833,4687,3745,5191,8073,5394,3901,4160,4837,3987,3658,3565,3747,3449,3245,-9.80748,-6.92242,8.55981,48.22
69530,4041,4019,3686,3447,4918,6207,4362,3604,5382,7548,4803,3682,4382,4796,4002,3530,2.82479,-9.0517,8.64592,48.2727
69531,4302,3973,3501,3194,6945,5007,3780,3361,8820,5505,3757,3383,5321,4405,3708,3147,3.42141,-23.9778,8.65282,48.0727
69532,3204,3286,3658,3774,3429,3739,4487,4707,3480,4275,6820,7463,3437,4069,5806,6403,11.3974,16.1943,8.54929,48.0247
69533,3191,3205,3329,3340,3273,3638,3967,3990,3417,4044,5258,6010,3556,4346,8106,9285,23.8972,16.853,8.51747,47.97
69534,4787,7825,7356,4516,4142,5722,5356,4205,3692,3899,3931,3601,3181,3594,3342,3231,-20.0693,-0.973268,8.88671,48.2533
69535,3095,3330,3382,3623,3293,3713,4070,4331,3551,4212,6200,6646,3576,4294,7185,7792,17.364,15.9247,8.74404,48.1953
69536,4960,4327,3640,3290,8623,4919,3750,3375,7846,4811,3854,3337,4579,3996,3632,3232,-1.34216,-32.6823,8.68615,48.114
69537,4020,5259,6069,4617,3933,5911,7500,4860,3537,4253,4589,3910,3327,3549,3647,3385,-11.8865,4.02218,8.76585,48.244
69538,11121,7394,4295,3420,6063,5002,3948,3309,3896,3791,3538,3276,3416,3311,3132,3167,-27.2186,-20.0571,8.79775,48.0527
69539,12592,5938,4018,3441,6055,4664,3776,3427,4004,3766,3455,3218,3386,3353,3168,3133,-29.6136,-30.88,8.61781,47.596
69540,3393,3407,3155,3161,4030,3851,3570,3283,5707,4993,3932,3362,10053,8027,4339,3427,32.7135,-17.898,8.71069,47.7933
69541,3140,3457,3831,4093,3271,3703,4688,6367,3298,3772,5509,9696,3290,3655,4539,5982,5.82978,25.2267,8.94064,48.194
69542,3377,3457,3203,3053,3960,3840,3448,3176,6680,5034,3898,3364,11139,6660,4075,3333,22.3646,-23.6741,8.6753,47.798
69543,3165,3343,3668,3632,3317,3738,4410,4730,3436,4048,6345,8113,3497,4088,5895,7044,12.3962,18.8157,8.59076,48.3127
69544,3430,3370,3214,3103,3950,3718,3516,3279,5800,4856,3832,3327,11839,6973,4128,3399,29.7754,-22.772,8.8224,47.8227
69545,3236,3449,3419,3315,3478,3728,3760,3610,4173,4837,4984,4104,4749,8059,8582,4867,30.2096,0.620581,8.83408,48.2333
69546,3618,3484,3191,3086,4480,3986,3524,3019,8338,5012,3878,3337,9941,5570,3863,3383,16.9278,-28.5626,8.94275,47.8067
69547,3278,3775,4501,4401,3551,4399,6925,5875,3507,4274,6473,5569,3507,3720,4346,4344,-0.804744,12.1386,8.56385,48.2967
69548,3289,3544,4160,4519,3289,3799,5326,7077,3428,3841,5838,7904,3300,3692,4319,4789,1.68662,20.3358,8.91299,48.076
69549,3866,5474,10009,7220,3608,4305,5200,4983,3306,3698,3776,3684,3137,3338,3429,3346,-29.5991,9.77948,8.90807,48.2527
69550,3832,5634,10076,6959,3626,4281,5164,4994,3265,3535,3778,3893,3111,3176,3300,3272,-30.4002,9.71358,8.98536,47.9307
69551,3715,5354,9441,7343,3643,4236,5520,5038,3356,3608,3851,3814,3143,3288,3308,3258,-25.3012,11.1665,8.85296,47.944
69552,3361,3831,5485,9339,3430,3755,5065,8885,3290,3575,4110,4598,3113,3137,3430,3604,-15.7742,27.3145,8.64388,48.0053
69553,3135,3326,3460,3253,3482,3640,4004,3876,3748,4672,6071,4848,3936,5804,9187,6047,21.4768,7.27281,8.74766,48.326
69554,3577,4448,6494,5845,3671,4588,7513,6189,3419,3751,4495,4373,3132,3447,3488,3569,-12.684,11.8597,8.53895,47.9993
69555,3205,3342,3952,4222,3338,3540,4615,6786,3412,3714,5199,9567,3183,3631,4345,5710,4.72485,29.8601,8.96148,47.8407
69556,3400,4236,7048,9184,3499,4029,5616,6776,3300,3573,3875,4090,3126,3266,3412,3564,-19.25,19.058,8.90596,47.996
69557,3188,3347,3399,3465,3403,3510,3952,4019,3677,4400,6377,5596,3700,4917,8396,7067,19.6493,12.106,8.8161,48.2753
69558,3358,3940,6177,12564,3288,3743,4787,5990,3185,3439,3721,3934,3171,3254,3421,3503,-33.4094,26.379,8.93271,47.65
69559,3303,3214,3304,3354,3332,3666,3873,3693,3701,4280,5244,4815,4013,5954,9919,6311,29.1645,8.00629,8.63647,47.984
69560,3914,4046,3730,3477,4538,6012,4689,3729,4994,7702,5175,3806,4190,4725,4004,3705,3.15265,-6.53533,8.82964,48.2907
69561,3285,3335,3279,3053,3954,3831,3538,3268,5442,4989,4119,3399,9421,8640,4522,3509,31.1285,-16.1889,8.75633,47.7227
69562,3395,3830,5527,9338,3432,3840,5185,8707,3200,3500,3993,4604,3170,3239,3507,3593,-15.9034,29.5403,8.66878,48.04
69563,3308,3312,3391,3076,3646,3737,3738,3565,4428,5525,4996,4021,5221,8614,7067,4438,23.589,-3.1128,8.73255,48.0553
69564,3168,3259,3388,3565,3210,3469,3902,4423,3353,3797,5130,7842,3446,4012,6129,10235,18.4783,23.7404,8.98903,48.2187
69565,3342,3848,5645,9783,3434,3823,5097,8334,3277,3604,3955,4629,3038,3297,3440,3543,-16.9137,27.6229,8.8235,48.0593
69566,4625,4095,3637,3234,7430,5079,3765,3311,8233,5500,3962,3374,4950,4322,3618,3155,1.63399,-23.3516,8.56884,48.1933
69567,5681,9390,6936,4235,4422,5145,4594,3917,3764,3853,3808,3353,3354,3394,3387,3206,-28.4449,-4.25364,8.57985,48.2927
69568,3795,5610,10000,6427,3812,4428,5300,4885,3313,3628,3793,3750,3278,3211,3471,3316,-31.6252,8.40343,8.62941,48.0113
69569,9691,7307,4208,3423,6607,5405,3967,3392,4097,4005,3582,3214,3401,3490,3281,3091,-20.9494,-19.2358,8.62229,48.1073
69570,10788,6232,3995,3287,7290,5165,3782,3396,4129,3965,3440,3185,3492,3397,3253,3140,-20.7097,-24.3805,8.70177,47.9573
69571,3374,3835,4717,5745,3421,3902,6101,8889,3298,3724,4742,6023,3114,3528,3851,4122,-6.28738,20.7787,8.81939,48.2573
69572,3311,3284,3157,3096,4023,3800,3396,3175,5921,4821,3854,3365,12099,6712,4052,3375,30.4901,-23.3429,8.97887,47.6273
69573,5979,8978,5584,3939,4866,6267,4765,3837,3852,4060,3694,3447,3368,3505,3284,3244,-20.3773,-7.65675,8.88348,48.446
69574,3774,3690,3364,3171,5126,4434,3650,3235,8482,6343,4034,3390,6813,5442,4038,3370,10.9598,-19.3041,8.70385,48.2373
69575,6400,5034,3928,3294,9135,6084,3958,3418,5392,4542,3672,3197,4018,3733,3340,3141,-9.12636,-21.4264,8.83593,48.1907
69576,3506,4322,6818,7728,3423,4014,6255,7198,3191,3475,4157,4413,3204,3312,3580,3455,-16.1878,17.1864,8.86701,48.034
69577,8532,7712,4491,3564,6113,5956,4111,3390,4059,3868,3608,3218,3388,3458,3287,3174,-20.4273,-16.0231,8.63197,47.9527
69578,8500,6226,4040,3472,7694,5840,4096,3385,4462,4079,3554,3340,3499,3431,3285,3076,-16.2089,-20.0051,8.67451,47.986
69579,3120,3318,3572,3666,3182,3642,4158,5091,3323,3753,5412,9798,3403,3806,5212,7840,11.9465,27.1229,8.9515,48.1973
69580,3687,4570,7313,6919,3520,4324,6898,6366,3396,3692,4290,4229,3027,3376,3520,3406,-16.1851,13.3355,8.93384,48.3553
69581,3332,4071,5844,11404,3416,3857,5036,7215,3187,3486,3742,3966,3077,3323,3418,3412,-21.1435,32.0812,8.85529,47.8573
69582,3708,4266,4324,3727,4250,6165,6188,4214,4057,5841,5814,4173,3714,4180,4093,3708,-0.894894,0.0908285,8.78876,48.2813
69583,5128,6352,4506,3683,5342,8072,4943,3715,4186,4677,4019,3510,3581,3666,3507,3256,-11.7314,-8.6732,8.78371,48.0953
69584,11726,6947,4000,3360,5957,4940,3879,3395,3967,3853,3374,3197,3473,3443,3218,3122,-31.9003,-22.6634,8.69237,47.9007
69585,4597,7642,8946,5104,3997,4799,5024,4317,3465,3674,3826,3521,3268,3345,3218,3289,-31.4768,2.09792,8.84598,48.0213
69586,3374,3691,4191,4186,3516,4374,6686,5246,3644,4418,7163,5499,3409,3954,4364,4307,1.0659,10.5897,8.75329,48.0147
69587,3326,3656,4650,5857,3373,3853,5280,9751,3346,3709,4504,6346,3231,3411,3853,4037,-5.90535,32.7939,8.80057,48.122
69588,3336,3745,4777,6418,3341,3800,5626,9707,3303,3686,4446,5724,3132,3390,3709,3888,-8.19328,24.0823,8.86642,48.0187
69589,3323,3604,4357,5480,3389,3823,5064,9392,3455,3596,4702,6885,3290,3465,3887,4238,-4.27303,31.2388,8.63964,47.9667
69590,3340,3440,3226,3248,3739,3962,3585,3255,5021,5846,4476,3580,6818,9415,5415,3877,23.4582,-9.6913,8.75802,48.162
69591,4046,4377,4070,3648,4818,7124,5299,3868,4581,6377,4991,3733,3809,4196,3880,3623,-1.57827,-5.1122,8.80413,48.2933
69592,4432,6679,7272,4787,4134,5767,5993,4413,3705,3881,3951,3709,3221,3495,3416,3253,-18.0792,1.33649,8.70525,48.072
69593,3369,3477,3521,3244,3709,4114,4228,3826,4211,5890,6828,4500,4170,5765,6660,4694,14.8187,2.26967,8.68846,48.1373
69594,3442,4002,5704,10503,3321,3764,5050,7899,3322,3386,3942,4362,3076,3236,3413,3397,-18.8054,31.6398,8.55484,47.8793
69595,11962,5974,3949,3436,6830,4854,3779,3218,4111,3926,3310,3228,3367,3316,3280,3165,-23.0217,-33.1396,8.88319,47.8033
69596,4667,7353,8009,4815,4180,5204,5518,4431,3584,3767,3906,3674,3314,3304,3366,3163,-21.9783,1.32369,8.50834,48.17
69597,3276,3307,3284,2992,4064,3734,3553,3166,6421,5105,3992,3385,11019,7195,4130,3544,23.8239,-20.9574,8.96602,48.1113
69598,3322,3669,4503,5119,3402,3973,6079,8220,3400,3807,5156,6667,3191,3434,3969,4281,-3.28659,20.4154,8.61422,48.128
69599,3116,3303,3445,3509,3206,3458,3921,4321,3440,3915,5018,7979,3397,3779,5712,10589,18.8935,29.8213,8.74024,48.072
69600,3409,3484,3319,3214,3915,3988,3704,3440,5621,6131,4231,3594,7213,8548,4986,3626,20.7654,-12.3685,8.70194,48.282
69601,3470,3462,3252,3099,4155,4004,3466,3150,7422,5079,3874,3367,10419,6532,3990,3436,19.7649,-22.9928,8.93114,48.118
69602,3440,3856,5431,9309,3335,3746,5245,8828,3287,3423,4033,4680,3042,3274,3536,3590,-15.3304,29.0677,8.8966,48.0367
69603,3229,3619,4116,4590,3346,3735,4663,7997,3307,3724,4899,8641,3279,3522,4164,4863,0.621407,32.9912,8.9565,47.796
69604,3230,3851,4840,6160,3416,3862,5675,9400,3269,3617,4602,5866,3182,3329,3702,4105,-7.6523,23.444,8.51222,48.0707
69605,3125,3041,3358,3528,3198,3456,3898,4140,3309,3800,4997,7262,3320,3913,6060,11406,21.1058,27.0235,8.95506,47.874
69606,4472,4243,3585,3316,7237,5613,3916,3330,7538,5940,3924,3350,4846,4306,3503,3287,0.579516,-19.612,8.99511,48.2707
69607,6795,4907,3656,3339,9686,5500,3899,3375,5542,4443,3695,3288,3839,3734,3300,3133,-9.13407,-25.1151,8.77662,48.0873
69608,3966,5001,6877,5055,3724,5210,7666,5228,3438,3872,4440,4082,3271,3430,3582,3402,-13.503,6.79821,8.63491,48.1627
69609,5784,7426,4819,3827,5658,7315,4717,3620,4103,4293,3766,3365,3511,3562,3293,3241,-15.7284,-9.91092,8.71488,48.2
69610,3339,3431,3312,3099,3686,3916,3768,3362,4867,6390,4847,3860,5756,8570,5721,4015,19.6009,-6.68287,8.89116,47.9593
69611,7073,6993,4416,3603,6607,6710,4262,3590,4361,4286,3626,3256,3416,3510,3376,3170,-15.8432,-15.1762,8.68388,48.17
69612,3557,3464,3303,3026,4764,4141,3509,3186,8604,5519,3951,3376,8672,5754,3896,3307,14.7964,-23.6141,8.84835,48.0193
69613,3127,3397,3580,3585,3227,3475,4326,5050,3508,3890,6178,8665,3337,3861,5455,7532,12.5966,21.1809,8.65379,48.1287
69614,6015,9477,5987,4095,4718,5590,4605,3689,3749,3871,3650,3466,3298,3499,3317,3138,-23.275,-7.20445,8.7977,48.1093
69615,3230,3329,3352,3178,3506,3784,3831,3575,4098,4853,5064,4159,4528,7683,8777,5066,27.4195,1.76391,8.51702,48.0087
69616,3276,3392,3764,4025,3283,3863,5174,5366,3376,4165,7114,7714,3365,3949,5032,5339,5.93111,15.974,8.88774,48.1313
69617,3205,3328,3569,3892,3269,3596,4404,5606,3368,3796,5469,9748,3334,3684,4825,6803,9.45302,26.1135,8.70052,47.9307
69618,6104,7049,4567,3597,6063,7352,4619,3687,4281,4399,3812,3405,3404,3489,3399,3200,-14.3991,-11.7417,8.51556,48.2847
69619,6541,10125,6049,3918,4772,5246,4456,3703,3782,3764,3489,3434,3275,3385,3345,3183,-29.8885,-7.78221,8.8819,48.3113
69620,3451,3321,3093,3089,3845,3854,3488,3371,6115,4893,3728,3331,12575,6056,3903,3378,28.3617,-31.0312,8.75487,47.6607
69621,3540,3786,3985,3745,3858,4833,5911,4380,3922,5731,7286,4634,3647,4214,4532,4125,2.8211,4.1342,8.75792,48.086
69622,3805,3960,3808,3485,4613,5873,4586,3557,5118,7825,5393,3829,4260,4861,4189,3539,4.11224,-6.63993,8.82723,48.4673
69623,3579,3534,3271,3145,4600,3996,3532,3309,8712,5218,3645,3434,9178,5381,3903,3295,15.5962,-31.6714,8.74623,47.8213
69624,3651,4187,4378,3770,4172,5846,6411,4348,3906,5458,6118,4325,3555,4016,4211,3829,-1.02124,1.74744,8.72347,48.1207
69625,3090,3187,3525,3507,3333,3619,3961,4283,3410,3896,5467,7258,3449,4166,6628,9546,19.3016,20.7254,8.68948,48.2167
69626,4893,4127,3595,3214,8661,4989,3818,3225,8064,4801,3774,3392,4587,4092,3466,3184,-0.714624,-29.5498,8.95833,47.9213
69627,4046,4850,4552,3908,4328,6963,6405,4163,3948,5331,5101,3915,3531,3914,3826,3577,-4.69046,-0.842327,8.76967,48.2387
69628,6342,4771,3732,3386,9968,5295,3731,3316,5828,4410,3647,3327,3899,3693,3443,3100,-8.03158,-26.6053,8.87547,47.9253
69629,3131,3289,3479,3239,3345,3759,4076,3774,3766,4692,5982,4833,3833,5658,9321,6084,21.8919,7.78518,8.97252,48.174
69630,3215,3335,3434,3515,3374,3650,4102,4062,3691,4676,7092,5655,3791,4750,7692,6220,16.4649,10.8353,8.90041,48.1693
69631,3280,3744,4858,6969,3359,3859,5206,9947,3387,3659,4287,5337,3195,3474,3690,3756,-10.1062,33.7441,8.7632,48.0047
69632,3494,3630,4197,4347,3403,4007,6216,6040,3551,4180,6571,6311,3379,3795,4453,4637,1.187,14.6194,8.5756,48.1407
69633,3362,3925,5711,11118,3383,3785,5006,7610,3207,3483,3904,4183,3036,3203,3380,3534,-19.8088,29.1197,8.99271,47.8867
69634,3371,3392,3276,3128,3897,3906,3622,3419,5524,5544,4086,3549,8454,8980,4675,3817,24.5558,-14.4526,8.58187,48.4267
69635,3738,3825,3578,3247,4658,5404,4030,3422,6104,8009,4758,3602,4893,5221,4021,3490,6.87687,-11.2799,8.82021,48
69636,3402,3963,5868,10293,3402,3828,5192,7710,3176,3508,3908,4421,3054,3202,3511,3563,-18.7593,25.3274,8.70214,48.0007
69637,3673,4979,8982,7386,3570,4238,5932,5372,3302,3571,3962,3927,3016,3319,3434,3365,-21.6666,12.1746,8.90831,48.0187
69638,3145,3231,3449,3521,3276,3524,4037,3964,3578,4106,5763,6324,3587,4427,7794,8653,20.5238,16.4619,8.78125,48.2527
69639,3330,3420,3225,3075,3648,3885,3587,3379,5019,5620,4438,3671,7318,9547,5426,3817,25.0709,-10.7001,8.89871,48.27
69640,3349,3422,3682,3543,3784,4228,4725,4007,3973,5895,8037,4902,3882,4752,5687,4514,9.21695,4.73657,8.88203,48.2547
69641,3782,4294,4590,4047,4098,6029,6843,4367,3916,5036,5673,4288,3552,3841,3901,3829,-2.94045,2.48856,8.53571,48.0573
69642,3348,3712,4724,6442,3327,3723,5529,9738,3228,3648,4495,5922,3152,3455,3718,3867,-7.85479,26.1379,8.61491,48.0187
69643,3239,3789,5062,7209,3363,3867,5562,9704,3198,3579,4266,5392,3112,3358,3628,3813,-10.1071,25.6468,8.85885,48.094
69644,4002,6217,9805,6126,3810,4569,5352,4655,3420,3696,3860,3587,3130,3395,3365,3265,-26.6073,6.51411,8.90066,48.1693
69645,3169,3308,3340,3415,3286,3456,3921,3971,3626,4199,6045,5869,3678,4695,8495,7721,20.7418,13.3621,8.71459,48.1293
69646,3060,3350,3491,3505,3213,3621,4061,4613,3340,3780,5239,8589,3423,3951,5569,9495,16.1584,27.8029,8.62055,48.2
69647,3026,3270,3406,3418,3177,3524,3810,4037,3342,3890,4769,5931,3334,3887,6468,12172,33.0057,24.4784,8.62593,47.6407
69648,4555,7854,8615,4841,4098,4877,5055,4233,3559,3804,3751,3571,3276,3511,3426,3201,-33.6966,1.46379,8.66697,48.1513
69649,3707,3758,3370,3190,4949,4583,3705,3353,8055,6960,4238,3444,6113,5573,3965,3414,9.73525,-17.1313,8.99292,48.2513
69650,5083,4157,3567,3216,8389,5023,3764,3226,8174,4951,3703,3301,4715,4005,3454,3151,-0.82975,-27.5166,8.85014,47.9193
69651,5169,7839,6471,4198,4655,6187,5179,3978,3645,4011,3865,3481,3346,3406,3319,3256,-19.0178,-3.59072,8.54934,48.0033
69652,6216,9766,6106,4040,4649,5267,4390,3731,3803,3903,3566,3403,3344,3459,3324,3201,-30.4461,-7.46041,8.5581,48.112
69653,3197,3296,3520,3406,3324,3537,3843,4311,3339,3788,4999,7858,3457,3923,5763,10445,18.644,32.7842,8.53463,48.004
69654,3380,3741,4381,4215,3525,4371,6749,5546,3630,4488,6786,5559,3483,3904,4408,4313,0.215016,11.377,8.67945,48.3193
69655,3633,3807,3671,3535,4137,5339,4663,3697,4733,7474,5926,3995,4102,5020,4685,3849,6.44138,-3.56619,8.5002,48.1773
69656,3406,3419,3164,3138,3945,3768,3523,3271,5687,4917,3762,3278,11044,7375,4060,3464,30.5877,-20.6168,8.5446,47.4807
69657,3439,3373,3268,3100,3963,3730,3547,3235,5655,5115,3965,3359,10440,7861,4186,3506,30.8728,-18.8132,8.90996,47.828
69658,3316,3896,5677,7752,3558,3925,5803,8606,3307,3526,4234,4795,3179,3243,3539,3605,-13.4877,21.8074,8.95823,47.974
69659,3807,4067,4258,3740,4280,5807,6011,4175,4154,5970,6180,4144,3729,4176,4151,3717,0.343525,0.277152,8.62369,48.244
69660,3164,3329,3338,3459,3114,3580,3835,3903,3491,3993,4960,5600,3501,4375,8096,10316,30.9597,18.0583,8.68447,48.036
69661,4222,4975,5005,3972,4227,6843,6814,4224,3970,4830,4852,3883,3495,3755,3727,3479,-7.43614,-0.0340797,8.59913,48.182
69662,5624,4712,3808,3135,8773,5949,4036,3425,6371,4817,3702,3357,4177,3956,3480,3183,-5.06293,-21.4622,8.51476,48.3367
69663,3399,3355,3179,3137,3893,3736,3408,3358,5861,4942,3905,3453,11123,7511,4172,3404,28.4932,-20.2044,8.90184,47.8907
69664,2968,3245,3394,3370,3273,3462,3859,3932,3465,4142,5323,5936,3528,4344,7782,9700,23.4102,17.6266,8.72075,47.8153
69665,4500,6213,5496,4201,4548,6930,6163,4269,3775,4350,4045,3799,3434,3625,3505,3308,-13.3843,-1.81466,8.64348,48.1073
69666,3528,3222,3093,3104,3940,3898,3377,3257,6608,4803,3748,3438,12343,6065,3934,3432,23.9532,-32.7752,8.81471,47.86
69667,3624,4410,7135,7920,3485,4088,6125,6675,3306,3608,4003,4228,3079,3259,3447,3454,-17.7707,16.3987,8.71123,47.8973
69668,4055,3875,3462,3258,5857,4880,3824,3272,8375,6713,3991,3426,5563,4802,3683,3320,5.76215,-18.5122,8.96074,48.2373
69669,3359,3890,6231,12669,3257,3739,4848,6077,3219,3474,3751,3919,3070,3219,3374,3360,-29.3284,27.1646,8.85451,47.6373
69670,3219,3414,3451,3227,3498,3885,3884,3676,4113,5330,6211,4600,4376,6656,7944,5011,19.3146,2.63479,8.66536,48.33
69671,3370,4040,5361,5977,3561,4094,7163,7657,3292,3800,4758,5034,3246,3513,3785,3765,-9.33789,16.4672,8.71014,48.2773
69672,6929,5958,4129,3470,7908,6496,4165,3504,4742,4335,3719,3307,3686,3590,3354,3099,-12.9884,-17.7296,8.86102,48.2607
69673,3255,3624,4388,5408,3324,3948,5241,9167,3293,3698,4716,6997,3354,3362,3934,4433,-3.58592,25.6518,8.8813,48.0947
69674,3169,3191,3476,3604,3289,3586,4242,4274,3513,4216,6683,6556,3510,4399,6976,7122,16.1751,14.8598,8.67534,47.8707
69675,7144,4938,3726,3386,9743,5560,3825,3346,5539,4291,3579,3243,3871,3644,3212,3070,-9.76432,-24.6282,8.9703,48.078
69676,4916,6141,4429,3727,5336,8145,5180,3751,4206,4774,4030,3492,3606,3711,3603,3217,-10.2159,-7.50334,8.86624,48.176
69677,3099,3323,3430,3474,3299,3388,3772,3803,3440,3744,4691,5812,3366,3912,5934,12657,31.8582,33.4879,8.93229,47.4293
69678,3351,3930,6390,12175,3376,3767,4841,6580,3204,3382,3714,4067,3069,3214,3357,3520,-25.2763,25.8257,8.8961,47.958
69679,3320,3725,4574,5107,3406,3985,5954,8527,3344,3780,5018,6485,3173,3526,4009,4284,-3.95934,20.9304,8.70939,48.1447
69680,12235,6095,3831,3385,6146,4795,3710,3368,4124,3771,3422,3273,3419,3370,3268,3214,-33.3221,-29.472,8.52833,47.6173
69681,3582,4703,9006,8463,3537,4108,5644,5518,3308,3471,3824,3945,3051,3183,3264,3326,-23.8259,14.2077,8.79755,47.9553
69682,3059,3294,3801,3806,3344,3521,4488,5533,3355,3906,5781,9123,3339,3856,4974,6722,9.58056,22.51,8.50765,47.9347
69683,3109,3136,3349,3472,3216,3441,3804,3981,3328,3757,4830,6002,3292,3974,6113,12578,31.0814,27.6033,8.80206,47.588
69684,3809,5230,8130,5989,3702,4850,6957,5135,3341,3627,4165,3933,3137,3318,3508,3405,-17.8488,8.52569,8.93967,48.1573
69685,3120,3220,3426,3430,3207,3434,4017,4166,3397,3675,4941,7190,3356,3872,5815,11311,21.1764,29.0845,8.55353,47.718
69686,3070,3298,3453,3516,3328,3446,3903,3907,3433,4013,5124,5716,3354,4283,7852,10332,33.1443,18.581,8.70959,48.0187
69687,3127,3239,3401,3411,3348,3549,3852,3788,3582,4133,5258,5049,3672,5007,9650,7882,28.0721,12.435,8.91163,47.9653
69688,4836,8493,7967,4517,4281,5042,4940,4106,3614,3789,3733,3541,3300,3340,3361,3274,-32.1194,-0.951072,8.51581,48.0893
69689,3460,3453,3465,3254,4016,4450,3920,3498,5459,7659,4835,3772,5387,7025,4872,3694,13.9288,-8.74251,8.60525,48.146
69690,3389,4098,6594,12154,3314,3758,4785,5896,3226,3366,3801,3840,3171,3259,3288,3416,-30.2141,24.1558,8.77653,47.57
69691,3143,3413,3584,3701,3352,3795,4310,4694,3483,4237,6873,7508,3307,4238,5862,6474,11.8623,16.6111,8.83726,47.9827
69692,3339,3347,3273,3166,3783,3714,3344,3337,5865,4719,3835,3382,12595,5802,3904,3403,30.5236,-32.4258,8.90032,47.2053
69693,3354,3967,6046,12666,3424,3720,4589,5894,3236,3384,3669,3801,3172,3296,3346,3272,-29.6047,33.1989,8.94744,47.224
69694,3293,3585,4075,4165,3545,4060,5980,5515,3595,4304,7235,6488,3450,3836,4607,4791,2.93313,13.6845,8.64382,48.3493
69695,12383,5996,3881,3294,6018,4866,3821,3321,3983,3730,3468,3327,3438,3348,3250,3121,-32.8032,-27.921,8.7219,47.4967
69696,3444,3982,5959,12293,3401,3735,4559,5949,3418,3332,3686,3912,3198,3224,3378,3369,-33.7013,33.9577,8.82793,47.226
69697,4767,4213,3618,3228,8102,5285,3861,3475,7743,5143,3730,3424,4791,4052,3612,3304,-0.410689,-23.7407,8.55495,48.232
69698,5020,8323,7624,4711,4303,5250,5132,4232,3578,3889,3829,3507,3264,3277,3383,3252,-23.6519,-1.42844,8.56432,48.3827
69699,12034,5940,3888,3443,6855,4974,3769,3350,3997,3907,3426,3196,3480,3272,3158,3054,-23.2537,-27.9583,8.73944,47.8287
69700,3488,3352,3209,3046,3911,3898,3456,3261,6766,4863,3764,3356,11869,5916,3846,3418,22.3652,-31.9451,8.88446,47.6127
69701,3347,3325,3254,3205,3859,3870,3468,3215,5375,5239,4179,3483,8831,9091,4815,3540,29.2286,-14.7349,8.8702,48.064
69702,3263,3933,6604,11914,3442,3779,4870,5998,3268,3555,3726,4041,3170,3342,3370,3466,-32.675,23.6186,8.54529,47.8273
69703,8654,5265,3844,3489,9157,5135,3872,3319,4749,4032,3638,3413,3478,3616,3242,3175,-14.0859,-32.0725,8.51469,48.052
69704,5870,9806,6466,4159,4619,5193,4506,3868,3617,3831,3636,3410,3222,3480,3371,3209,-28.7123,-5.89768,8.84588,48.1753
69705,3192,3213,3379,3331,3317,3380,3818,3990,3406,3780,4568,6070,3376,3898,5992,12726,30.8501,29.8076,8.81191,47.624
69706,3736,4248,4540,3851,4138,5902,6864,4388,3993,5351,6119,4240,3532,3931,4177,3718,-2.05361,2.38499,8.98642,48.4853
69707,8037,5058,3773,3468,9443,5287,3744,3399,5221,4229,3650,3246,3636,3615,3336,3152,-12.4652,-27.847,8.73781,48.196
69708,3352,3505,3366,3231,3841,4157,3958,3531,4827,6824,5453,3993,4940,7484,5654,4142,16.1809,-4.21722,8.81964,48.172
69709,3111,3476,3854,4061,3315,3530,4528,5941,3365,3828,5291,9846,3240,3729,4633,6495,7.58209,29.9264,8.617,48.162
69710,3243,3419,3324,3229,3612,3865,3721,3570,4320,5581,5203,4057,4834,8131,7517,4564,22.0528,-1.07324,8.96469,48.1267
69711,3278,3358,3465,3156,3716,3837,3784,3591,4504,5180,4630,3872,5516,9615,6670,4180,32.541,-4.6614,8.65084,48.2347
69712,3135,3384,3346,3193,3380,3651,3721,3757,3965,4456,5242,4653,4113,6526,9748,5996,28.8306,6.20882,8.88531,48.1773
69713,6947,9408,5423,3833,4957,5540,4324,3643,3796,3896,3568,3331,3281,3463,3383,3140,-24.8194,-9.89843,8.68897,47.9553
69714,3343,3715,4494,5473,3293,3637,5247,9490,3368,3652,4693,6971,3184,3583,3818,4287,-3.83418,29.8216,8.82971,48.1653
69715,3130,3347,3670,3817,3390,3563,4407,5550,3405,3835,5269,9814,3314,3780,4950,6968,9.61853,28.6933,8.72362,48.1393
69716,3178,3538,3987,4006,3442,3908,5415,5368,3540,4254,7299,7086,3379,3893,5072,5106,5.70417,14.6116,8.95351,48.314
69717,3143,3251,3330,3231,3516,3585,3849,3611,3766,4442,5251,4737,4089,6215,9805,6251,27.9773,6.53743,8.78381,48.048
69718,3325,3988,7034,11405,3337,3777,4936,5870,3271,3465,3813,4007,3083,3334,3272,3468,-33.1563,21.9516,8.65245,47.59
69719,3394,3419,3280,3158,4050,3767,3428,3211,6257,4659,3688,3427,12206,6275,3947,3371,28.7451,-26.0117,8.52914,47.6913
69720,8456,9031,4963,3617,5430,5378,4017,3529,3909,3879,3530,3301,3394,3375,3236,3152,-26.8996,-14.156,8.76353,48.1313
69721,4692,4071,3549,3316,7594,5204,3829,3342,8305,5380,3865,3391,4819,4262,3610,3256,0.934982,-22.982,8.81985,48.3233
69722,3272,3358,3340,3174,4072,3812,3490,3219,6460,4763,3864,3379,12205,5869,3859,3565,25.0322,-33.6836,8.78401,47.8007
69723,7623,6430,4224,3497,7372,6397,4097,3455,4394,4252,3695,3244,3528,3585,3322,3088,-14.9896,-18.0484,8.50211,48.1353
69724,4040,5925,9881,6411,3754,4494,5302,4683,3429,3571,3899,3675,3075,3252,3247,3284,-25.4723,7.55398,8.91418,47.948
69725,3424,3621,3636,3551,3886,4517,4501,3799,4377,6813,6815,4461,4204,5357,5386,4154,9.99419,-0.0387879,8.61087,48.3347
69726,3473,3918,5928,12462,3380,3813,4726,6088,3185,3555,3772,3951,3167,3331,3390,3408,-29.2068,29.559,8.56742,47.698
69727,6525,4898,3785,3386,9680,5567,3802,3353,5793,4432,3734,3198,3933,3805,3391,3222,-8.4104,-25.4035,8.56517,48.336
69728,3399,4009,4317,4339,3557,4491,7112,5421,3616,4376,6576,5274,3471,3785,4223,4162,-0.856069,9.82134,8.76235,48.0853
69729,12817,6189,3849,3348,6195,4714,3652,3437,3946,3770,3354,3205,3384,3368,3250,3147,-28.8106,-27.3338,8.99324,47.75
69730,4711,4146,3447,3238,8113,5120,3724,3291,8415,5107,3698,3334,4896,4141,3568,3157,0.272024,-25.8754,8.83897,48.0707
69731,3425,3501,3640,3465,3820,4443,4695,3731,4201,6598,7279,4595,4154,5194,5344,4161,9.41724,1.47459,8.71696,48.164
69732,3355,3630,4675,6147,3328,3905,5278,9669,3303,3611,4490,6249,3182,3357,3910,4095,-6.60301,29.4136,8.8184,48.1227
69733,11000,5761,4059,3384,7481,4938,3845,3352,4219,3938,3578,3177,3489,3307,3169,3179,-20.1571,-31.8889,8.52066,47.9173
69734,5682,4805,3688,3196,8938,6054,3919,3422,6150,4702,3729,3403,4110,3881,3369,3207,-6.07309,-21.4028,8.81457,48.17
69735,3206,3334,3451,3637,3386,3604,4102,4369,3473,4095,6260,6832,3427,4370,7062,8177,17.6432,16.657,8.97318,48.5233
69736,4123,5951,7902,5195,4003,5284,6661,4692,3493,3690,4205,3716,3233,3264,3382,3340,-17.6348,4.6753,8.97012,48.0893
69737,3549,3547,3320,3107,4370,4249,3637,3199,7238,6650,4411,3386,7097,6713,4372,3476,14.776,-15.8637,8.55838,48.214
69738,4038,5055,5533,4259,4053,6260,7494,4707,3852,4389,4757,3848,3348,3533,3591,3497,-9.4161,2.32925,8.86909,48.1427
69739,3561,3635,3440,3101,4515,4561,3782,3451,7080,7460,4224,3501,6150,5894,4319,3601,11.8033,-14.7271,8.79943,48.1833
69740,3407,3911,6295,12542,3382,3870,4774,6141,3262,3315,3896,3930,3163,3129,3233,3437,-26.329,27.0918,8.52168,47.7913
69741,3202,3233,3333,3336,3442,3658,3750,3802,3730,4259,5279,4799,3729,5545,10167,6797,32.0218,9.10341,8.82092,48.0407
69742,7023,7589,4622,3561,6283,6606,4227,3616,4169,4124,3708,3263,3469,3475,3369,3206,-17.4699,-13.5296,8.74876,48.2067
69743,3282,3364,3290,3291,3449,3806,3783,3597,4041,5185,5460,4330,4651,7527,8334,5015,23.6564,1.49646,8.81705,48.27
69744,3525,3519,3307,3074,4402,3986,3491,3218,8268,5005,3875,3364,9942,5677,3823,3406,17.6937,-29.9557,8.89064,47.9213
69745,3150,3343,3558,3509,3432,3583,4287,4358,3460,4143,6342,7271,3513,4229,6728,7481,15.5755,17.1096,8.5337,48.258
69746,3419,3875,6074,10845,3395,3789,4943,7395,3299,3421,3905,4210,3175,3197,3432,3520,-20.1867,26.0738,8.82699,47.9293
69747,3866,3637,3362,3138,5781,4468,3596,3301,9857,5294,3814,3357,6602,4926,3711,3306,8.66237,-32.4027,8.81559,48.0107
69748,9505,5613,3792,3383,8485,5033,3755,3330,4508,3997,3566,3265,3542,3357,3264,3109,-16.4276,-31.6043,8.63304,47.6693
69749,3483,3397,3239,3159,3970,3853,3573,3217,5911,5144,3951,3465,10107,7804,4313,3515,26.2066,-18.3314,8.5168,48.0673
69750,3066,3234,3357,3341,3175,3495,3829,3887,3401,4076,5205,5881,3593,4385,8276,9834,25.7636,17.4516,8.68132,48.0233
69751,4640,4174,3589,3194,7999,5156,3788,3420,8309,5141,3742,3282,4795,4177,3546,3311,0.406651,-24.9807,8.68966,48.1753
69752,4057,5812,9623,6230,3778,4581,5719,4683,3385,3643,3876,3748,3200,3327,3353,3253,-23.5705,7.57415,8.89176,48.1787
69753,4035,3759,3545,3228,5403,5016,3812,3258,7950,7089,4161,3444,5496,4915,3881,3355,6.83101,-17.0264,8.80183,48.2313
69754,12341,6447,3908,3313,5870,4858,3733,3309,4022,3727,3483,3286,3330,3489,3173,3126,-29.8284,-25.4841,8.73196,47.61
69755,3508,3866,4039,3844,3960,4971,5708,4293,4062,5776,7136,4532,3823,4324,4578,4034,3.25026,3.02436,8.80071,48.3027
69756,3632,5226,9481,7550,3642,4301,5515,5126,3270,3581,3812,3825,3145,3291,3273,3351,-25.9221,11.4661,8.64261,48.014
69757,9219,5438,3788,3351,8868,5205,3833,3384,4629,4087,3449,3314,3659,3515,3240,3163,-15.5561,-27.0576,8.97506,48.0947
69758,3316,3387,3310,3186,3683,3990,3587,3469,4774,5149,4547,3750,6147,10004,5910,3832,32.9724,-7.30512,8.83663,48.0273
69759,3120,3255,3448,3335,3313,3671,3992,4147,3521,4021,5895,6154,3583,4472,7811,8551,20.2744,16.192,8.83178,48.1927
69760,3261,3424,3573,3409,3411,3756,4418,4008,3676,4968,7444,5418,3882,5008,7160,5424,14.243,8.31596,8.85951,48.16
69761,4530,5289,4367,3729,5352,7856,5555,3842,4202,5324,4308,3600,3638,3864,3617,3380,-7.17317,-6.1078,8.76647,48.302
69762,3223,3201,3351,3410,3380,3487,3804,3800,3372,3736,4776,5864,3356,3904,5884,12485,33.3381,32.2877,8.90204,47.3553
69763,11049,7568,4196,3465,5712,4888,3922,3402,3920,3859,3517,3228,3357,3415,3248,3113,-30.7251,-20.0382,8.75581,47.906
69764,3441,4095,5196,4948,3513,4533,7796,6471,3515,4004,5363,5030,3327,3446,3911,3803,-6.42991,12.5042,8.86339,48.2613
69765,3349,3376,3252,3136,3806,3871,3509,3389,5019,5244,4309,3580,7488,9640,5051,3596,32.8609,-11.7771,8.6127,47.7433
69766,3541,4053,6159,7819,3429,4029,6062,7737,3212,3614,4123,4455,3173,3363,3606,3655,-15.1495,18.7734,8.62137,48.02
69767,3379,3578,3809,3676,3585,4204,5335,4578,3726,5051,8186,5449,3551,4178,5174,4517,6.38084,8.19488,8.95502,47.984
69768,3378,3398,3558,3347,3673,4171,4307,3726,4189,6482,6639,4332,4428,6145,6233,4412,13.7355,0.342708,8.94719,48.2787
69769,9218,6294,4012,3503,7641,5557,3856,3449,4372,4013,3498,3283,3546,3440,3327,3031,-17.442,-21.778,8.75237,48.0267
69770,3306,3404,3942,4166,3326,3670,4672,6704,3387,3855,5101,9506,3257,3717,4427,5494,4.53222,33.4595,8.89919,47.956
69771,3767,4910,7379,5589,3787,4995,7398,5412,3450,3848,4195,3980,3321,3385,3582,3537,-15.2978,8.66923,8.95559,48.3567
69772,3150,3316,3887,4024,3391,3632,4701,5976,3387,3818,6114,9227,3376,3664,4930,5733,6.68316,21.3208,8.91637,48.2173
69773,3187,3434,3913,4027,3280,3748,4784,6292,3350,3889,5914,9109,3332,3672,4745,5630,5.67037,21.854,8.5777,48.204
69774,8735,8968,4775,3559,5229,5164,4052,3649,3738,3737,3507,3232,3424,3367,3300,3229,-30.9761,-14.3774,8.79855,47.7767
69775,3883,4982,7886,5974,3718,4729,6928,5350,3409,3721,4204,3957,3165,3337,3448,3405,-17.0882,9.05523,8.56963,48.064
69776,11403,7011,4121,3439,6279,4954,3838,3454,3887,3832,3476,3155,3357,3345,3280,3110,-25.45,-22.0542,8.709,47.9607
69777,6142,9161,5729,3959,4948,5967,4528,3756,3732,3875,3754,3441,3303,3393,3376,3215,-21.9322,-7.62304,8.82561,48.186
69778,3449,3451,3233,3045,4296,3968,3638,3138,7386,4943,3829,3324,11006,5838,3905,3321,19.992,-30.3295,8.8887,47.8467
69779,5495,9222,6947,4270,4389,5227,4559,4048,3651,3741,3607,3422,3302,3385,3356,3192,-26.9562,-4.17715,8.66475,47.8753
69780,3690,4254,4566,3960,4113,5935,6808,4397,4041,5307,5847,4169,3663,3929,4038,3822,-2.13568,1.87461,8.74991,48.3593
69781,11012,7197,4154,3373,5748,4854,3969,3462,3997,3769,3493,3245,3474,3388,3144,3139,-31.5585,-20.4359,8.77668,47.612
69782,3449,4410,7864,9616,3609,3961,5268,6008,3251,3561,3810,3911,3140,3224,3433,3418,-23.9941,17.3963,8.83597,47.9553
69783,4446,6049,5425,4166,4622,7209,6261,4180,3785,4390,4167,3691,3362,3684,3574,3311,-12.4544,-2.05388,8.69497,48.2147
69784,3422,4102,5350,5713,3471,4203,7213,7511,3434,3789,4830,5017,3114,3573,3803,3737,-8.80899,15.5237,8.76017,48.188
69785,3630,4670,8571,8678,3580,3985,5643,5727,3361,3608,3977,3870,3110,3367,3336,3387,-22.8261,15.2147,8.84329,48.3333
69786,3151,3262,3595,3598,3254,3518,4228,4526,3510,4073,6090,7698,3462,4166,6100,8026,14.7003,19.0501,8.96136,48.1713
69787,5452,4360,3733,3277,9392,5078,3733,3371,7050,4799,3741,3277,4360,3962,3387,3216,-3.88937,-31.2994,8.68428,48.1253
69788,3189,3301,3308,3329,3482,3662,3889,3777,3897,4732,5570,4647,4063,6315,9409,5719,24.3413,5.71849,8.68336,48.1927
69789,4300,4958,4494,3878,4625,7488,6232,4100,4059,5208,4658,3813,3617,3707,3738,3549,-6.56117,-3.03132,8.55016,48.2827
69790,4238,4706,4108,3764,4952,7300,5469,3903,4514,6130,4753,3920,3723,4067,3793,3384,-3.32116,-5.48754,8.50192,48.4827
69791,8696,5459,3829,3382,8831,5306,3864,3333,4640,4101,3591,3268,3655,3512,3272,3097,-14.9617,-25.2029,8.7263,47.8907
69792,3474,3456,3230,2991,4017,3840,3421,3287,6294,4869,3834,3377,11838,6561,4104,3507,25.8843,-24.0547,8.60273,48.0667
69793,10359,7107,4120,3399,6782,5185,3881,3408,4084,3878,3466,3243,3467,3364,3266,3059,-21.5712,-20.6321,8.80231,48.0453
69794,3152,3372,3947,4012,3259,3708,4529,6678,3265,3824,5205,9667,3283,3767,4458,5602,5.23637,33.4609,8.79396,47.8187
69795,3421,4165,6681,8725,3552,4081,5644,7318,3182,3612,4047,4293,3118,3294,3525,3519,-17.9201,19.2551,8.64064,48.118
69796,3126,3415,3533,3577,3236,3461,4163,4813,3401,3775,5266,9392,3308,3930,5249,8594,13.8955,29.7354,8.74747,48.1593
69797,8318,5343,3857,3393,9198,5395,3754,3423,4858,4186,3585,3244,3605,3506,3345,3067,-13.4286,-26.5867,8.85325,48.0513
69798,3431,4016,6421,12257,3357,3895,4809,5934,3126,3471,3734,3935,3179,3273,3338,3462,-32.5682,23.651,8.9007,47.7587
69799,3555,3738,3604,3355,4165,5007,4360,3666,4920,7944,5765,4029,4303,5286,4653,3815,7.99343,-4.45299,8.90706,48.11
69800,10206,5715,3857,3309,8000,5116,3896,3431,4286,3989,3411,3295,3466,3362,3285,3061,-18.1045,-33.766,8.85906,47.79
69801,3350,3438,3371,3143,3780,3861,3650,3511,4818,6087,4734,3780,5921,9100,5936,4044,21.4844,-6.72484,8.65438,48.3493
69802,3187,3196,3534,3451,3434,3715,4201,4047,3655,4490,7063,5748,3670,4741,7699,6236,16.4104,11.319,8.75911,48.0447
69803,5659,9110,6027,4093,4668,5954,4810,3855,3767,3850,3684,3422,3264,3364,3282,3206,-22.0595,-6.23836,8.9698,48.01
69804,3558,3614,3529,3231,4087,4591,4010,3600,4992,7748,5562,4051,4813,6304,4978,3800,11.7062,-5.41672,8.62898,48.312
69805,3646,3602,3502,3196,4830,4246,3594,3271,8835,5929,3967,3501,7493,5631,3985,3364,12.6686,-21.561,8.58877,48.3947
69806,3205,3285,3385,3517,3355,3571,4114,4629,3371,3831,5146,8766,3407,3935,5437,9027,15.2252,33.4508,8.66543,47.9873
69807,3388,4180,7184,10848,3449,3863,5198,6153,3215,3529,3926,4159,3100,3191,3395,3410,-24.7066,20.9722,8.61638,48.1253
69808,3425,3451,3228,3118,3944,3871,3552,3207,5703,5030,3990,3489,10192,8012,4295,3535,26.8823,-18.262,8.69012,48.028
69809,3420,3665,3433,3350,4172,4701,4052,3555,5392,8142,5166,3754,4894,5974,4638,3619,10.6653,-7.5078,8.96094,47.9513
69810,5948,7697,5010,3835,5358,7210,4677,3758,4097,4322,3861,3402,3411,3489,3282,3164,-16.4085,-9.19248,8.93074,48.3473
69811,3475,3581,3357,3226,4191,4349,3772,3502,5922,7468,4603,3585,5854,7188,4686,3625,14.5872,-10.9747,8.90857,48.256
69812,3804,4079,3922,3674,4193,5693,5410,3993,4363,6511,6114,4032,3863,4419,4310,3791,2.53024,-1.39454,8.50478,48.114
69813,3110,3186,3430,3329,3312,3470,3859,3863,3508,4064,5203,5454,3623,4720,8973,9080,28.8628,14.8333,8.70384,48.1227
69814,6279,5866,4123,3359,7561,6895,4185,3439,4803,4505,3663,3306,3596,3652,3395,3118,-11.4497,-16.0144,8.82875,47.83
69815,8596,5460,3837,3294,9069,5335,3880,3432,4767,4067,3549,3212,3623,3575,3303,3022,-13.9146,-26.9448,8.5662,48.014
69816,3448,3498,3323,3181,4687,4139,3672,3212,8699,5211,3753,3380,8932,5301,3880,3431,15.3342,-31.0097,8.78542,47.8313
69817,3373,3421,3261,3132,3948,3857,3536,3210,5677,4957,3812,3443,10706,7441,4171,3492,33.4605,-19.5776,8.62544,47.6247
69818,3413,4168,6452,7861,3428,4054,6165,7303,3393,3689,4282,4472,3121,3353,3613,3493,-15.4831,17.8477,8.67193,48.1733
69819,3872,3632,3410,3159,5401,4343,3593,3288,9581,5580,3837,3426,6961,4964,3787,3316,9.59934,-25.2516,8.75779,48.1
69820,3071,3263,3397,3489,3232,3456,3965,4328,3328,3965,5319,7629,3442,4013,6058,10230,18.6116,23.5874,8.81534,48.1233
69821,4877,8399,8126,4747,4157,5104,4856,4081,3459,3781,3824,3568,3329,3260,3442,3273,-29.049,-0.588834,8.74806,48.1887
69822,3391,3926,5326,8084,3412,3932,5485,9297,3282,3598,4301,4921,3109,3219,3595,3573,-13.1084,25.0123,8.7982,48.3007
69823,3749,3970,4021,3673,4184,5499,5443,3876,4322,6577,6280,4169,3849,4528,4368,3810,2.78749,-0.641626,8.78962,48.212
69824,3553,3461,3476,3413,3929,4556,4070,3573,4948,7661,5569,3940,4849,6266,4983,3896,11.6027,-5.4143,8.53091,48.0953
69825,3453,4228,7000,8468,3505,4195,5954,7094,3300,3641,4047,4184,3085,3266,3415,3430,-17.9151,17.9709,8.81636,48.1767
69826,3335,3883,5117,6797,3332,4063,5935,9246,3286,3627,4343,5410,3077,3388,3717,3777,-10.1213,22.1803,8.95514,48.222
69827,3530,3646,3271,3135,4307,4424,3738,3306,6575,7261,4395,3479,6222,6598,4330,3645,13.6494,-14.0327,8.627,47.908
69828,4358,4820,4140,3577,5083,7656,5204,3728,4589,5929,4606,3680,3828,4128,3717,3619,-3.53512,-6.63752,8.62805,48.4413
69829,3402,4139,7369,11249,3464,3872,4891,5824,3137,3495,3787,3925,3106,3226,3342,3421,-29.4691,21.0241,8.71089,47.766
69830,4297,5254,4767,3903,4650,7505,6258,4075,3981,4801,4452,3692,3630,3701,3650,3347,-8.29644,-2.91081,8.96056,47.9753
69831,3455,3394,3291,3225,3793,4048,3931,3583,4397,5953,5443,4048,5081,7920,6781,4278,19.1834,-2.3392,8.83447,48.414
69832,3061,3245,3405,3386,3286,3463,3812,3979,3323,3708,4662,6088,3435,3808,5998,12807,32.9575,28.0353,8.974,47.644
69833,3033,3424,3715,3849,3275,3524,4356,5289,3379,3915,5705,9496,3456,4000,5199,7112,10.6461,23.3113,8.98009,48.4847
69834,3455,3471,3218,3160,4437,4040,3560,3262,8576,5160,3842,3509,9807,5550,3788,3410,16.6817,-32.5881,8.9625,48.1633
69835,3472,3562,3288,3179,3994,3952,3714,3427,5629,6311,4296,3548,7108,7995,4900,3756,18.8831,-12.4896,8.50599,48.0873
69836,3907,5214,7397,5183,3817,5055,7318,5019,3520,3890,4440,4046,3337,3355,3449,3394,-15.057,6.53432,8.98785,48.2273
69837,3618,4761,9348,8024,3560,4093,5268,5372,3348,3647,3862,3932,3117,3344,3349,3226,-33.1119,13.553,8.82499,47.9127
69838,10683,5781,3962,3484,7620,4810,3806,3492,4108,3887,3463,3247,3431,3408,3226,3223,-19.4619,-33.1614,8.69625,47.754
69839,3422,3740,4443,4608,3504,4219,6597,6086,3528,4179,6376,6032,3343,3651,4347,4449,-0.602023,13.8682,8.67917,48.3493
69840,4676,5104,3900,3502,6521,7900,4424,3529,5108,5428,4070,3570,3975,3873,3695,3345,-5.65924,-12.4488,8.8562,48.4133
69841,3379,3412,3288,3125,3781,3934,3630,3425,5069,5333,4171,3647,7343,9589,5212,3610,33.5254,-10.8937,8.54069,47.9653
69842,3365,3818,4628,4784,3571,4285,7185,6580,3481,4092,5864,5450,3243,3709,4130,4155,-3.30308,14.0236,8.76603,48.2267
69843,3068,3144,3421,3396,3401,3683,3832,3890,3589,4137,5434,5283,3670,5045,9370,7681,24.788,12.4954,8.75301,48.0293
69844,3311,3865,5940,12430,3372,3826,4730,6521,3298,3427,3820,3842,3023,3234,3350,3372,-24.066,33.8223,8.92804,47.574
69845,3172,3265,3524,3407,3285,3722,3990,4457,3362,3684,5280,8458,3354,3909,5519,9541,16.2245,33.4777,8.77002,47.9527
69846,3106,3186,3344,3438,3171,3462,3824,4067,3410,3715,4802,7132,3396,3867,6052,11784,22.0881,31.0236,8.9951,47.8373
69847,6750,6246,4150,3434,7339,6747,4256,3407,4485,4325,3644,3190,3653,3613,3400,3194,-13.3261,-16.4471,8.91292,47.8887
69848,3499,3547,3399,3245,4243,4451,3813,3433,6305,7308,4501,3674,6078,6829,4462,3715,13.8864,-12.5487,8.60503,48.3347
69849,3533,4194,5223,4876,3569,4892,8322,5777,3455,4160,5336,4565,3208,3551,3781,3822,-6.82191,9.66457,8.95952,48.176
69850,8077,5511,3807,3380,8835,5691,3868,3418,4810,4180,3622,3209,3638,3559,3296,3092,-13.8054,-22.8361,8.95547,47.9953
69851,11173,5917,3910,3285,7150,4939,3804,3343,4196,3831,3410,3206,3424,3426,3258,3081,-20.8219,-32.756,8.89155,47.5687
69852,3610,3531,3298,3106,4385,4100,3603,3382,7289,6098,4020,3417,7895,6576,4205,3512,16.2495,-18.2144,8.51156,48.018
69853,3365,3415,3241,3165,3642,3881,3557,3499,4883,5225,4154,3565,7300,9920,5350,3740,31.8171,-10.5937,8.73071,47.9347
69854,3341,3497,4011,4739,3362,3831,4896,7616,3466,3672,5113,8851,3279,3557,4174,5048,1.83222,26.2646,8.83884,48.302
69855,3374,3754,4782,6196,3363,3719,5284,9738,3350,3686,4556,5836,3109,3355,3792,3978,-7.63578,33.4297,8.57087,47.9147
69856,3768,4780,7064,5429,3819,4862,7614,5433,3486,3963,4305,4124,3263,3400,3513,3496,-14.1729,8.23406,8.82718,48.2127
69857,3398,3656,3643,3529,3708,4514,4828,4116,4119,6296,7352,4637,4017,4842,5326,4158,8.06094,2.25643,8.76854,48.0927
69858,5200,8186,6941,4381,4484,5880,5164,4105,3678,3794,3837,3578,3266,3423,3339,3132,-20.7754,-2.33799,8.56051,48.2587
69859,12054,6724,3935,3525,6101,4856,3686,3385,3943,3722,3481,3176,3341,3470,3229,3150,-26.8949,-24.0325,8.86026,47.852
69860,4522,5584,4985,3960,4733,7704,6027,4034,4000,4622,4256,3622,3406,3650,3686,3325,-10.0781,-3.51261,8.77822,48.0773
69861,5433,9410,7185,4357,4440,5074,4690,3963,3575,3798,3807,3469,3320,3410,3250,3241,-30.5789,-3.57053,8.67122,48.2813
69862,7811,9297,4966,3736,5231,5266,4122,3634,3819,3953,3606,3288,3453,3334,3347,3109,-33.0458,-12.2361,8.5393,47.9813
69863,3076,3230,3451,3509,3310,3571,3915,4254,3445,3886,5293,7109,3458,4132,6479,9998,19.4581,21.9758,8.79735,48.0773
69864,3331,3448,3724,3568,3540,3996,4851,4208,3790,5211,8130,5498,3711,4510,5952,5039,10.0481,8.21164,8.99603,48.338
69865,3163,3251,3448,3394,3313,3438,3858,3901,3438,3938,5161,5515,3537,4559,8376,9460,33.8485,16.3207,8.72563,47.8333
69866,7687,5202,3725,3372,9758,5180,3838,3301,5149,4103,3505,3329,3821,3629,3415,3143,-11.5248,-28.9073,8.69065,48.1047
69867,3295,3592,4273,5012,3317,3797,5039,8604,3385,3754,4925,7889,3214,3406,4097,4591,-1.19225,28.2254,8.56355,48.1267
69868,3159,3275,3303,3172,3438,3799,3834,3618,3904,4866,5512,4430,4302,6674,9331,5623,24.826,4.27199,8.94357,48.16
69869,9110,8615,4476,3488,5572,5160,4160,3436,3829,3904,3510,3254,3504,3370,3248,3148,-33.1004,-15.9233,8.6825,47.856
69870,12836,6163,3988,3243,6070,4794,3794,3316,3988,3796,3449,3294,3351,3293,3174,3011,-30.0631,-26.8421,8.88395,47.7067
69871,3107,3206,3279,3500,3123,3426,3777,3991,3446,3808,4731,6501,3378,3855,5973,12448,25.024,28.6296,8.80385,47.6993
69872,3237,3236,3332,3473,3209,3451,3768,3982,3431,3688,4742,6072,3419,3941,6123,12362,27.3509,33.1486,8.54332,47.644
69873,3282,3528,4148,4262,3475,4117,5963,5758,3468,4259,7017,6391,3363,3797,4522,4724,1.98851,14.1984,8.72408,48.0493
69874,3519,4384,7906,9737,3313,3825,5475,6090,3360,3499,3908,4025,3123,3181,3514,3362,-23.0336,17.8146,8.89439,48.1473
69875,12467,6097,3930,3361,6290,4855,3712,3355,4014,3739,3415,3205,3380,3349,3226,3024,-26.339,-28.8183,8.67268,47.6127
69876,3232,3450,3575,3620,3409,4020,4429,4278,3806,5204,7836,5209,3822,4809,6505,5065,12.2077,7.22582,8.80071,48.1793
69877,5832,9310,6438,4201,4593,5465,4678,3768,3742,3794,3662,3370,3291,3470,3331,3111,-26.0432,-5.77347,8.50423,48.0373
69878,3090,3166,3375,3439,3303,3542,3842,4005,3415,3827,5188,5618,3466,4372,8237,10021,26.8224,17.162,8.8721,47.9373
69879,3096,3388,3598,3669,3197,3639,4132,4915,3479,3893,5533,8768,3374,3845,5509,7966,13.4861,23.4705,8.79586,48.0007
69880,3841,3757,3576,3110,5214,5037,3737,3424,7765,7242,4167,3413,5523,5191,3987,3418,7.31861,-15.9576,8.87622,48.268
69881,4352,4107,3499,3277,6507,5573,3932,3408,7503,6374,3933,3353,4821,4492,3758,3267,2.32034,-17.7247,8.73781,48.104
69882,3642,4277,5991,5557,3594,4694,7611,6339,3426,3802,4604,4496,3276,3432,3768,3717,-10.9624,12.4086,8.7212,48.1507
69883,4370,4084,3542,3220,7203,4910,3754,3275,8680,5483,3718,3388,5258,4338,3630,3189,2.54159,-23.631,8.68697,48.028
69884,3682,4435,6937,6592,3500,4363,7027,6480,3382,3689,4301,4369,3056,3369,3558,3578,-14.6972,13.8135,8.6593,48.212
69885,3166,3219,3461,3346,3263,3554,3780,3873,3468,4108,5084,5355,3595,4710,9007,8893,32.3223,14.5996,8.80329,47.9213
69886,3252,3405,4079,4089,3470,4065,5710,5666,3491,4185,7076,7004,3382,3812,4823,4873,4.15261,14.8858,8.81393,48.2547
69887,5020,8568,8010,4576,4276,4920,4865,4173,3497,3673,3698,3581,3225,3385,3259,3298,-30.4557,-0.836318,8.79525,48.016
69888,4143,5578,6303,4587,4153,6152,6984,4534,3618,4028,4365,3868,3403,3542,3602,3328,-13.5549,2.321,8.78909,48.1253
69889,3333,3448,3416,3205,3701,3731,3811,3550,4321,5062,4795,3971,5052,8786,7475,4331,33.8445,-2.01757,8.57927,47.992
69890,8649,9052,4740,3598,5308,5342,3992,3492,3955,3828,3493,3257,3325,3419,3293,3136,-32.9289,-14.5833,8.90879,47.9193
69891,3456,3971,6980,10638,3415,3911,5235,6591,3196,3513,3982,4200,3159,3221,3427,3358,-21.7795,21.6695,8.77862,48.1687
69892,3119,3240,3417,3447,3338,3449,3802,3907,3488,3989,5123,5436,3515,4608,8440,9424,30.9324,16.139,8.60945,47.828
69893,3387,3804,4721,4942,3491,4231,6785,7210,3511,3909,5306,5786,3339,3541,4076,4184,-3.92323,16.3848,8.51613,48.1487
69894,3299,3756,4795,6159,3333,3859,5391,9870,3223,3627,4496,5994,3046,3324,3919,3920,-7.23566,26.0929,8.68282,48.0073
69895,3108,3235,3363,3391,3285,3590,3890,3779,3696,4673,5634,4726,4100,5824,9420,6100,23.8492,7.16192,8.70677,47.876
69896,3052,3300,3467,3398,3369,3701,3996,3927,3730,4547,6414,5410,3739,5081,8423,6549,19.19,10.4066,8.69488,48.0687
69897,3024,3159,3354,3351,3236,3419,3972,4211,3298,3795,5134,7498,3429,3964,6267,10550,19.7879,24.328,8.67328,47.774
69898,3163,3248,3515,3342,3203,3538,3861,3915,3545,3987,5112,5525,3496,4542,8405,9613,29.4699,16.669,8.6122,48.0067
69899,3300,3743,3962,3916,3432,3951,5780,5254,3583,4457,7592,6302,3465,4074,4929,4660,4.31508,12.4341,8.65668,48.2667
69900,3371,3288,3250,3117,3937,3698,3352,3153,6104,4712,3810,3316,12629,6078,3781,3436,29.1321,-29.654,8.83559,47.3547
69901,3125,3331,3339,3395,3157,3435,3807,3885,3588,4144,5082,5628,3580,4613,8649,9409,28.437,15.7978,8.96969,48.1113
69902,12507,6376,3933,3238,6025,4740,3836,3238,3953,3852,3516,3298,3477,3337,3283,3021,-30.7056,-25.952,8.91435,47.7533
69903,3390,3498,3288,3125,3843,3934,3593,3311,5079,5601,4348,3732,6901,9422,5463,3836,23.8765,-10.059,8.65702,48.2427
69904,3234,3657,4780,6415,3204,3913,5264,10018,3277,3557,4357,5934,3166,3413,3741,3969,-7.65303,29.7157,8.80931,47.9327
69905,3464,3424,3461,3188,3822,4331,4014,3516,5004,7325,5315,3884,5144,7188,5340,3915,14.7434,-5.66129,8.77182,48.2233
69906,12466,5995,4015,3436,5685,4780,3861,3422,3853,3702,3412,3235,3331,3344,3380,3301,-31.2008,-33.991,8.68705,47.4787
69907,3448,3353,3203,3127,4048,3735,3373,3211,6605,4691,3629,3390,12442,5954,3904,3320,25.0815,-29.5993,8.98873,47.622
69908,3337,3529,3666,3511,3657,4163,4700,3924,3931,5742,7862,4928,3918,4922,5747,4470,10.1028,4.37247,8.919,48.0047
69909,3112,3276,3436,3448,3352,3624,3985,3900,3662,4365,6149,5547,3696,4961,8589,7138,20.2481,11.7199,8.93921,48.16
69910,3192,3374,3611,3553,3259,3805,4589,4389,3563,4524,7596,6320,3499,4434,6459,5863,12.8895,12.2588,8.83581,48.02
69911,3688,5079,7699,5627,3730,4850,7221,5399,3498,3788,4157,3939,3233,3286,3490,3418,-16.2041,8.58768,8.8762,48.068
69912,3395,3518,3291,3168,3929,3704,3428,3286,5749,4980,3882,3412,11326,7055,4156,3356,31.5501,-21.547,8.6894,47.7567
69913,3751,3503,3339,3086,4997,4140,3611,3257,9337,5612,3890,3415,7811,5251,3854,3431,12.294,-24.646,8.84339,48.19
69914,4483,7692,8816,5069,4125,4822,5007,4305,3490,3771,3795,3614,3202,3344,3376,3196,-29.5633,1.70582,8.65758,48.0713
69915,3875,3877,3466,3158,5041,5079,3933,3447,7187,7498,4446,3614,5408,5382,3987,3475,7.81663,-14.3145,8.63992,48.582
69916,11313,7374,3998,3553,5852,4960,3877,3399,3944,3831,3490,3218,3434,3366,3233,3141,-30.8528,-20.777,8.94798,47.9887
69917,3283,3353,3342,3073,3781,3758,3625,3349,4787,5665,4425,3707,6917,9709,5553,3858,25.4733,-9.23583,8.69214,48.1233
69918,3375,3714,4723,6288,3389,3826,5311,10164,3262,3616,4453,6002,3142,3413,3762,4019,-7.56953,28.3161,8.84692,48.306
69919,3919,3852,3796,3272,4732,5525,3974,3415,6057,7759,4711,3623,4880,5113,4217,3466,5.75929,-11.1822,8.53641,48.2073
69920,3486,3362,3200,3006,3998,3995,3537,3232,5806,5334,4102,3488,9286,8339,4525,3561,24.3767,-16.6328,8.58024,48.1713
69921,3253,3335,3604,3618,3309,3646,4233,4669,3494,4027,6659,7597,3503,4202,6046,7061,13.2926,17.8193,8.7038,48.1707
69922,3430,3414,3188,3169,3966,3737,3320,3287,6060,4657,3880,3358,12478,6288,3953,3326,33.8096,-25.5981,8.95631,47.674
69923,5327,4678,3814,3303,8163,6487,4101,3344,6062,5068,3824,3304,4048,3928,3470,3249,-4.90114,-18.8573,8.90303,48.1133
69924,3428,4340,7765,10669,3474,4002,5043,5814,3200,3439,3812,3938,3016,3258,3352,3445,-28.8288,19.0324,8.67532,47.9967
69925,3792,3609,3403,3206,5563,4205,3593,3240,9995,5337,3809,3318,7021,4863,3687,3369,9.9004,-29.9748,8.86303,48.0067
69926,3127,3205,3353,3374,3261,3498,3824,3911,3544,3868,5115,5622,3558,4244,8037,10496,31.1581,18.4255,8.98748,48.0247
69927,3875,4665,4757,4063,4025,6353,7346,4582,3816,4731,5242,3954,3507,3699,3847,3536,-5.90512,1.80663,8.97717,47.9987
69928,3566,4138,4604,4126,3826,5278,7524,5138,3856,4626,5903,4376,3457,3748,4111,3984,-3.23092,6.05773,8.762,48.174
69929,8779,9317,4862,3580,5310,5283,4205,3349,3873,3796,3582,3285,3371,3446,3232,3185,-29.2217,-13.7739,8.86484,48.3033
69930,3198,3281,3324,3367,3315,3521,3957,4201,3325,3785,5116,7699,3464,3983,5664,10513,18.9551,32.7195,8.89355,47.8087
69931,3241,3730,4531,5010,3516,4103,6337,7672,3348,3866,5555,6232,3236,3540,4142,4304,-2.58742,18.2436,8.57571,48.242
69932,3387,3662,4153,4052,3524,4342,6177,5385,3561,4450,7206,5973,3444,3887,4508,4558,2.30497,12.0334,8.52169,48.1793
69933,3228,3342,3428,3316,3347,3533,3777,3685,3873,4528,5105,4696,3953,6000,9893,6154,31.638,7.21426,8.75403,47.9053
69934,3348,3355,3371,3138,3817,4054,3779,3407,4860,6322,4914,3957,5477,8505,5847,4013,19.2262,-6.06991,8.85432,48.1093
69935,7890,5248,3817,3403,9474,5239,3838,3391,4766,4227,3434,3270,3606,3538,3214,3090,-13.1065,-33.4361,8.68929,47.63
69936,5240,4868,3833,3253,7857,6565,4017,3323,5926,5301,3837,3445,4116,3879,3557,3309,-4.62636,-18.1977,8.62196,48.2173
69937,3460,3723,3912,3646,3799,4620,5369,4119,3978,6131,7552,4626,3836,4499,4919,4195,5.60795,3.36788,8.99018,48.256
69938,3272,3602,4632,5907,3381,3871,5302,9480,3272,3669,4612,6282,3095,3528,3881,4261,-5.86891,25.4186,8.67213,48.0313
69939,3145,3419,3986,4038,3385,3834,5327,5572,3478,4158,7044,7554,3461,3952,4814,5113,5.19261,16.1834,8.93526,48.1867
69940,3167,3302,3716,3842,3311,3571,4467,5114,3429,4033,6399,8539,3451,4020,5385,6743,10.6845,19.7689,8.80908,48.326
69941,10515,6399,3980,3500,7272,5287,3811,3321,4219,3890,3440,3234,3464,3394,3193,3058,-20.1497,-22.9807,8.93039,47.9847
69942,3292,3412,3904,4251,3374,3812,5012,6404,3392,3940,6033,8463,3366,3799,4595,5453,4.7948,20.3262,8.59574,48.3347
69943,3591,3545,3631,3375,3859,4634,4551,3759,4497,7068,6755,4283,4224,5403,5187,4119,9.47375,-0.821797,8.59826,48.3207
69944,3083,3207,3294,3458,3271,3572,3943,4021,3421,3792,4853,6379,3378,3908,6050,12242,25.4755,28.1585,8.62203,47.9147
69945,3937,4753,4814,3955,4306,6622,6762,4349,3994,5126,5249,3952,3717,3795,3632,3596,-5.15955,0.574147,8.63118,48.3727
69946,3621,3910,3956,3531,3974,5160,5278,4066,4227,6609,6842,4475,3992,4667,4541,3913,4.33195,0.494649,8.66743,48.508
69947,3397,3984,5534,7947,3385,3948,5748,8534,3216,3557,4256,4689,3059,3310,3623,3659,-13.8072,21.631,8.86543,47.8973
69948,3330,3356,3346,3327,3463,3703,3784,3673,3978,4712,5131,4407,4190,7004,9327,5412,30.638,3.78263,8.55708,48.0953
69949,3666,4856,9066,8192,3563,4180,5551,5409,3310,3609,3844,3910,3078,3285,3434,3389,-24.5282,13.7799,8.9851,48.228
69950,3244,3334,3521,3355,3732,4120,4252,3923,4138,5766,6936,4703,4052,5848,6758,4707,14.861,3.36322,8.91335,48.2593
69951,4377,5006,4485,3832,4946,7838,5615,3860,4383,5331,4374,3698,3702,3750,3688,3346,-6.41427,-4.92977,8.50635,48.154
69952,3155,3133,3402,3373,3170,3537,3838,3925,3447,3713,4882,6696,3414,3814,5916,11975,23.2173,31.4889,8.78394,47.5933
69953,3279,3537,3163,3104,3938,3855,3425,3105,6347,4813,3721,3363,12422,6434,4021,3329,26.6399,-25.8514,8.68843,47.904
69954,6548,10170,5797,3945,4766,5272,4499,3743,3689,3761,3585,3303,3385,3384,3387,3205,-30.3535,-8.16634,8.72343,48.2927
69955,10346,5565,3900,3421,7827,5158,3793,3337,4283,3888,3599,3191,3428,3504,3130,3137,-18.8358,-33.3498,8.50458,47.6713
69956,4259,4382,3741,3464,5609,7208,4532,3548,5384,6710,4353,3542,4142,4326,3842,3394,-0.940426,-10.7939,8.90052,48.2907
69957,3165,3455,3647,3431,3348,3727,4206,4026,3609,4515,6680,5470,3722,4989,8159,6508,17.8466,10.8369,8.97323,48.438
69958,7966,5050,3784,3358,9635,5393,3810,3445,5092,4257,3555,3258,3808,3486,3326,3086,-11.992,-28.1337,8.73038,48.206
69959,4004,5012,5200,4131,4344,6865,7039,4311,3713,4731,4784,3918,3529,3761,3732,3548,-8.19476,0.446223,8.70543,48.4147
69960,3614,4389,6360,6040,3652,4394,7467,6476,3391,3789,4559,4412,3166,3455,3615,3645,-12.6629,12.8079,8.65402,48.2827
69961,3230,3393,3306,3156,3731,3765,3674,3278,4826,5411,4322,3585,7276,9880,5450,3921,29.52,-10.4485,8.50201,48.136
69962,3498,3897,6270,9365,3439,3919,5455,7790,3169,3516,4128,4452,3001,3258,3521,3482,-17.501,21.5001,8.9898,48.1067
69963,3323,3592,4035,4432,3348,3704,4786,7281,3415,3805,5088,8843,3233,3554,4285,5049,2.36745,33.4599,8.52872,47.8487
69964,8007,5973,4057,3334,8392,5794,4028,3396,4724,4124,3666,3249,3709,3556,3221,3053,-14.5489,-20.8903,8.90405,48.1887
69965,7325,7461,4410,3602,6318,6657,4178,3608,4240,4094,3718,3405,3484,3436,3240,3174,-16.6142,-14.1697,8.94423,48.2333
69966,3515,3515,3299,3268,3950,4128,3599,3283,5678,6260,4291,3619,7029,8176,4946,3717,18.937,-12.2111,8.71848,48.182
69967,8313,9431,4805,3759,5278,5173,4207,3609,3852,3854,3454,3283,3498,3425,3288,3092,-32.8833,-13.3547,8.78907,48.214
69968,3134,3268,3398,3289,3498,3692,3993,3717,3935,4982,6127,4566,4129,6345,8692,5510,21.3109,4.99514,8.97747,48.1833
69969,3361,3565,3976,3991,3552,4192,5719,4901,3638,4768,7972,5948,3437,4000,4843,4649,4.61929,10.294,8.67384,48.3413
69970,3270,3387,3888,3784,3431,3834,5212,5129,3616,4304,7362,7147,3508,3948,5136,5234,7.23755,14.6565,8.58896,48.1267
69971,5698,4589,3676,3312,9332,5432,3840,3429,6698,4769,3705,3313,4128,3885,3483,3087,-5.11584,-25.2724,8.6863,48.2507
69972,3279,3385,3527,3450,3430,3801,4093,3970,3794,4643,6490,5063,3950,5480,8217,5768,18.747,7.65847,8.69524,48.2267
69973,3226,3310,3372,3099,3776,3849,3620,3361,5422,5266,4137,3526,8711,9047,4663,3660,30.6481,-14.1655,8.74966,48.03
69974,3751,3590,3249,3108,4812,4039,3515,3316,8758,5487,3869,3421,8308,5476,3903,3385,13.807,-25.1296,8.56251,47.9913
69975,5796,9505,6671,4112,4587,5356,4553,3843,3779,3847,3699,3453,3317,3318,3213,3258,-27.4942,-5.3299,8.5053,48.2047
69976,3995,5706,9429,6375,3745,4606,5886,4808,3445,3665,3835,3701,3160,3296,3348,3320,-22.5189,8.06365,8.76603,48.2133
69977,3858,5831,9917,6326,3838,4423,5310,4717,3457,3685,3898,3620,3172,3226,3357,3350,-32.9069,7.77897,8.79441,47.99
69978,4126,3867,3432,3060,6132,4513,3706,3280,9732,5497,3871,3329,6156,4641,3625,3230,7.04586,-26.4837,8.63783,48.1313
69979,11129,6701,4021,3394,6720,5081,3965,3402,4047,3885,3556,3314,3402,3448,3157,3057,-22.6305,-22.4982,8.61011,48.186
69980,5432,4666,3675,3274,8476,6075,3926,3499,6194,5082,3794,3316,4210,3968,3468,3262,-5.06308,-19.8696,8.68955,48.2113
69981,4113,3833,3509,3113,6013,4864,3714,3328,8851,6030,3991,3415,5758,4804,3858,3220,6.61745,-20.5257,8.9452,48.276
69982,3321,3492,4266,4869,3289,3745,5013,8341,3336,3780,4864,8136,3296,3499,4160,4720,-0.446153,31.8711,8.64368,48.0847
69983,3263,3351,3260,3044,3840,3829,3639,3413,5189,5502,4328,3677,7654,9391,5110,3740,26.6803,-11.7331,8.52064,48.1533
69984,3776,5019,8926,6917,3701,4370,6204,5296,3338,3541,3923,3925,3079,3315,3392,3384,-20.9136,10.877,8.87304,48.0707
69985,3137,3230,3519,3487,3292,3504,4028,4709,3405,3810,5138,8847,3425,3829,5367,9068,15.359,29.3637,8.76792,47.8633
69986,3730,3882,3672,3450,4562,5695,4518,3636,4983,7978,5473,3770,4345,4811,4204,3699,5.09615,-6.05176,8.57774,48.272
69987,3141,3405,3621,3637,3387,3651,4120,4719,3416,3972,6079,8544,3389,3916,5520,7562,13.108,20.5867,8.8944,48.0527
69988,6274,9546,5987,3947,4719,5461,4467,3758,3721,3848,3617,3462,3444,3363,3272,3231,-24.5924,-7.38279,8.62652,48.078
69989,3274,3523,4110,4520,3319,3741,4795,7697,3325,3662,5003,8521,3294,3600,4210,5034,1.3392,30.8972,8.74367,47.752
69990,3419,4256,7411,10763,3452,3932,5171,5796,3291,3479,3847,3900,3143,3273,3397,3484,-33.9331,19.6347,8.50531,48.0093
69991,3248,3433,3576,3446,3543,3931,4561,3958,3824,5206,7984,5222,3822,4951,6405,5094,12.4145,6.9407,8.78918,48.136
69992,3301,3942,5400,6769,3466,3994,6298,8779,3271,3691,4350,5065,3083,3365,3568,3760,-10.4493,20.1573,8.99624,48.068
69993,4181,6694,9736,5497,3778,4673,5203,4543,3426,3650,3787,3689,3308,3312,3359,3176,-32.423,4.93364,8.98881,48.008
69994,6146,6161,4274,3560,6893,7262,4293,3551,4441,4616,3940,3406,3575,3606,3412,3225,-12.1373,-14.2295,8.57543,48.2407
69995,3773,5345,9826,7094,3658,4287,5244,4880,3403,3611,3828,3795,3116,3270,3444,3401,-30.833,10.1828,8.81563,47.9833
69996,3151,3228,3345,3280,3348,3637,3830,3730,3716,4378,5200,4745,3845,5842,10127,6482,29.7309,8.15431,8.80961,47.9227
69997,12205,5979,3997,3358,6359,4796,3857,3427,3900,3783,3434,3249,3501,3386,3092,3146,-24.7603,-32.6586,8.75503,47.646
69998,3446,3515,3486,3417,3889,4553,4264,3606,4761,7454,5934,4009,4611,6202,5150,4033,11.9756,-3.87377,8.5853,48.22
69999,3551,4428,5843,4976,3717,4852,8280,5674,3394,3985,4820,4342,3207,3488,3765,3769,-9.29683,9.33567,8.97345,48.0607
70000,3574,3663,3306,3256,4082,4325,3775,3336,5833,7579,4727,3711,5842,7044,4671,3608,14.2472,-10.5721,8.90022,48.2213
70001,3367,4048,6225,10904,3356,3900,5071,7012,3085,3562,3986,4164,3083,3233,3404,3420,-21.0464,23.9133,8.93095,47.88
70002,6210,5024,3953,3262,8824,6342,3979,3392,5434,4663,3743,3385,3867,3823,3407,3172,-8.76542,-20.0434,8.77191,48.32
70003,3510,3515,3222,3219,4750,4148,3573,3219,8893,5215,3884,3423,8514,5369,3804,3401,14.1715,-31.7083,8.55004,47.7727
70004,4223,6752,9393,5620,3809,4810,5375,4488,3466,3673,3810,3687,3226,3286,3424,3384,-25.2571,4.65985,8.62057,48.284
70005,5784,5339,3921,3425,7607,7278,4274,3465,5025,4775,3899,3367,3804,3685,3424,3261,-8.8328,-16.0643,8.62292,48.222
70006,3407,3893,5383,9578,3471,3637,5191,8525,3251,3605,3992,4493,3148,3288,3488,3432,-16.668,33.0114,8.92963,47.8547
70007,9887,8442,4469,3433,5456,5128,3953,3462,3942,3757,3484,3297,3354,3431,3248,3134,-28.9108,-17.5119,8.56485,47.918
70008,3824,4773,7532,6091,3699,4617,6834,5730,3460,3699,4333,4137,3191,3306,3498,3455,-16.2281,10.9104,8.88105,48.1193
70009,3277,3784,5084,7493,3321,3792,5215,9926,3307,3554,4297,5162,3139,3251,3561,3766,-10.8637,33.4769,8.78967,47.9527
70010,11711,6097,3945,3354,6790,4885,3870,3507,4027,3838,3469,3166,3386,3405,3157,3136,-23.2042,-27.2905,8.57278,47.8287
70011,3376,3361,3256,3012,3914,3783,3511,3407,5326,5190,4020,3565,8471,9099,4716,3650,28.9597,-14.1526,8.50566,47.7713
70012,3288,4051,6858,11897,3353,3777,4965,6104,3309,3419,3915,3931,3206,3087,3312,3408,-33.3471,22.5149,8.90147,47.92
70013,3036,3262,3392,3381,3270,3494,3849,3829,3553,3887,5203,5584,3531,4464,8605,9632,26.763,16.578,8.7104,47.9813
70014,8773,5898,3982,3365,8361,5513,3934,3442,4541,3997,3533,3182,3614,3469,3387,3004,-15.664,-23.4584,8.86944,47.9967
70015,3660,3862,3867,3513,4100,5217,5011,3882,4473,7171,6476,4114,4021,4737,4631,3719,5.25724,-1.52206,8.58595,48.3027
70016,3912,3649,3449,3125,5474,4590,3694,3287,8687,6352,4060,3361,6257,5164,3834,3259,8.67591,-20.1147,8.82527,48.1027
70017,3764,4878,7659,6306,3624,4456,6995,5607,3408,3863,4313,4042,3182,3397,3491,3546,-16.5811,10.943,8.57833,48.354
70018,3229,3260,3430,3240,3579,3764,3758,3475,4272,5068,4666,3894,5352,9466,7158,4207,31.4209,-3.68588,8.87262,47.8787
70019,3194,3365,3678,3707,3298,3616,4121,5218,3402,3726,5249,9826,3349,3693,5006,7485,11.2512,31.3599,8.99586,47.9553
70020,3700,5301,9694,7179,3741,4278,5298,4955,3416,3633,3801,3769,3236,3300,3413,3253,-32.8139,10.3499,8.61115,47.978
70021,3160,3334,3774,4111,3294,3747,4433,5947,3323,3817,5156,9796,3448,3770,4698,6315,7.63363,29.9624,8.52648,48.082
70022,3379,3337,3158,3120,4006,3817,3509,3254,5957,4985,3878,3412,11451,7347,4091,3367,27.2773,-21.5066,8.62609,48.0453
70023,12259,6051,3995,3382,6541,4738,3782,3362,3874,3870,3423,3179,3429,3400,3175,3175,-24.7627,-28.5693,8.69659,47.7567
70024,3518,3540,3478,3134,4531,4492,3828,3308,6984,7213,4485,3578,6078,6239,4271,3540,12.0214,-14.5382,8.78921,48.1447
70025,3196,3442,4115,4585,3233,3748,4820,7899,3335,3733,4932,8761,3249,3544,4380,4978,1.49976,30.3716,8.88223,47.9667
70026,3461,4265,7289,9327,3375,4021,5461,6484,3127,3569,3820,4182,3028,3270,3399,3487,-21.0285,18.6379,8.64707,47.71
70027,3213,3291,3381,3482,3204,3422,3828,3950,3371,3735,4769,6084,3281,3853,6116,12638,33.1402,26.8477,8.9822,47.7453
70028,3324,3388,3202,3120,4085,3781,3409,3346,6527,4992,3831,3406,11202,6690,4061,3418,23.4086,-22.3895,8.8398,47.8547
70029,4099,6076,8101,5144,3903,5178,6568,4544,3536,3778,3997,3786,3268,3391,3407,3358,-18.5736,4.53759,8.78143,48.0893
70030,3069,3317,3408,3448,3307,3502,3885,4047,3626,4014,5270,5837,3539,4431,8163,9598,25.1152,16.7271,8.54106,48.3073
70031,3858,4743,5875,4683,3963,5383,7946,5123,3522,4057,4736,4154,3334,3507,3692,3570,-10.3545,6.13348,8.95174,48.0973
70032,3371,3518,3198,3156,3948,3978,3809,3400,5158,6182,4372,3653,6575,8814,5297,3952,20.9012,-9.80612,8.53772,48.254
70033,3213,3347,3285,3145,3495,3808,3701,3533,4264,4926,4838,4175,4749,8649,8192,4673,31.7031,-0.600153,8.97216,47.9953
70034,8410,9324,4826,3670,5382,5286,4065,3572,3750,3784,3555,3358,3478,3370,3230,3086,-26.9014,-13.3486,8.87057,48.0973
70035,3862,5204,9631,7519,3602,4212,5597,5163,3236,3495,3836,3880,3058,3261,3342,3480,-25.212,11.3852,8.73706,48.252
70036,3986,3761,3336,3098,5121,4865,3722,3341,7727,7151,4186,3489,5742,5261,4063,3386,8.25445,-16.6161,8.84131,48.1567
70037,3689,4368,5392,4372,3813,5588,7975,5027,3650,4373,5218,4113,3365,3772,3802,3712,-6.5092,5.88577,8.5726,48.1527
70038,5707,4515,3599,3438,9585,5248,3760,3403,6614,4653,3630,3235,4238,3949,3433,3229,-5.19468,-31.3866,8.57659,48.1573
70039,3480,3967,5989,12734,3386,3779,4748,5913,3329,3409,3728,3746,3160,3325,3370,3310,-29.7312,33.9168,8.95835,47.582
70040,3366,3769,5011,6901,3405,3752,5433,9697,3276,3658,4366,5567,3122,3360,3646,3876,-9.47101,25.6093,8.60632,48.1367
70041,3836,4385,4087,3693,4336,6387,5919,4084,4191,6141,5666,4005,3795,4248,4118,3755,-0.620137,-1.34998,8.80884,48.4307
70042,3339,3395,3298,3221,3577,3832,3896,3563,4241,5505,5421,4223,4765,7902,7741,4774,22.5031,-0.169706,8.54452,48.462
70043,11644,7057,4066,3359,6085,4777,3834,3326,3981,3889,3384,3222,3395,3406,3213,3151,-28.0029,-22.2952,8.69216,47.8593
70044,4686,4219,3557,3315,7904,4855,3711,3356,8365,5000,3710,3354,4824,4165,3525,3293,0.454274,-30.3762,8.70471,47.8927
70045,12709,5980,3795,3374,5983,4669,3717,3334,3935,3751,3417,3359,3329,3348,3212,3149,-31.7283,-31.1028,8.88552,47.374
70046,3324,3472,3451,3371,3621,3914,4018,3644,4235,5708,5927,4401,4552,7011,7110,4612,18.7328,0.721747,8.50991,48.2473
70047,3259,3601,4298,5276,3309,3733,5174,8928,3294,3775,4766,7465,3351,3459,4060,4511,-2.7996,27.6314,8.63384,48.1727
70048,3138,3418,3857,4429,3249,3651,4622,6791,3474,3806,5414,9291,3290,3706,4490,5563,4.58578,25.8292,8.7041,48.126
70049,3878,4245,4230,3746,4201,6072,6180,4103,4099,5748,5787,4123,3708,4076,4221,3626,-1.0635,0.0122753,8.8777,48.0287
70050,4505,7780,8864,5128,4025,4732,5111,4316,3391,3683,3754,3618,3126,3322,3423,3349,-28.5225,1.81322,8.85121,48.0847
70051,3203,3290,3498,3481,3260,3435,3761,3892,3270,3830,4704,5975,3406,3852,6057,12603,32.3738,30.9366,8.80257,47.678
70052,3171,3530,4169,4784,3379,3785,5248,7969,3412,3748,5178,8068,3279,3575,4256,4905,0.0327414,23.6149,8.75804,48.304
70053,3091,3230,3390,3264,3367,3610,3955,3785,3624,4375,5480,4988,3826,5393,9543,7128,25.8192,10.3096,8.70636,48.0327
70054,5055,4321,3522,3313,8696,5032,3888,3288,7516,4866,3795,3294,4543,4122,3472,3275,-1.4625,-33.4251,8.60972,47.9987
70055,4240,4363,3997,3463,5262,7343,4770,3751,5065,6576,4516,3632,4036,4203,3860,3469,-1.14589,-8.31134,8.80983,48.364
70056,3753,4181,3919,3619,4352,6053,5159,3894,4527,6823,5835,4118,3876,4423,4275,3798,1.85078,-2.48744,8.9737,48.4033
70057,3289,3416,3843,3966,3371,3623,4447,5932,3352,3726,5189,10025,3270,3684,4729,6048,6.92909,32.5584,8.65612,47.94
70058,3412,3265,3284,3162,3839,3768,3389,3295,6010,4708,3791,3399,12489,5876,3977,3473,28.3292,-32.4613,8.66692,47.4247
70059,3622,4208,5242,4900,3630,4676,7970,6082,3419,4014,5369,4771,3259,3556,3861,3778,-7.0775,11.0793,8.79191,48.238
70060,5784,7905,5459,3864,5196,6729,4888,3783,3923,4112,3771,3462,3518,3413,3423,3210,-17.3994,-7.51828,8.61269,48.2933
70061,3561,3815,4721,4551,3588,4332,7274,6320,3472,4108,6040,5597,3372,3576,4214,4151,-2.79271,12.8838,8.79677,48.4613
70062,3297,3803,4984,7037,3271,3781,5276,9912,3150,3661,4342,5442,3071,3384,3651,3925,-10.0731,28.1025,8.72644,47.9913
70063,3833,4204,3963,3604,4349,6192,5060,3919,4662,7041,5474,3975,4050,4431,4096,3738,1.82682,-3.96975,8.69266,48.394
70064,11844,5886,3958,3456,6870,5001,3858,3398,4033,3715,3422,3200,3530,3356,3197,3078,-22.7964,-32.4971,8.80827,47.868
70065,10204,7256,4177,3553,6424,5319,3929,3287,4069,3846,3515,3174,3358,3496,3234,3138,-23.1164,-19.9546,8.5171,47.986
70066,3365,3373,3215,3161,3805,3838,3538,3363,5217,5283,4228,3601,7858,9296,5091,3690,26.56,-12.5775,8.6101,47.948
70067,5166,4237,3592,3203,8686,5123,3798,3227,7573,4879,3819,3271,4649,3994,3484,3312,-1.51464,-26.6561,8.63465,48.0087
70068,3792,5330,9663,7207,3708,4223,5116,4972,3341,3544,3772,3806,3236,3328,3340,3406,-29.4706,10.5606,8.59126,47.856
70069,3083,3135,3374,3356,3338,3552,3861,3966,3373,3995,5199,5879,3596,4400,8007,10073,25.512,18.3533,8.50113,48.1247
70070,11584,5724,4018,3439,6972,4890,3764,3371,3891,3840,3449,3169,3471,3324,3222,3205,-22.0978,-33.5254,8.70149,47.5553
70071,8540,5827,4010,3348,8354,5634,3936,3382,4593,4138,3633,3342,3584,3542,3365,3058,-15.206,-21.7147,8.89104,48.1907
70072,3322,3920,5714,9621,3392,3965,5240,8277,3278,3419,3955,4495,3059,3251,3462,3512,-16.8246,26.1576,8.68093,47.9213
70073,6017,5427,3975,3352,7722,7075,4120,3510,5095,4703,3707,3290,3760,3714,3463,3261,-9.54226,-16.6424,8.90304,48.1273
70074,3925,5820,9772,6278,3716,4471,5200,4945,3337,3639,3879,3737,3275,3301,3479,3287,-33.0005,7.62497,8.62028,48.0407
70075,3297,3794,4856,6747,3393,3826,5282,10037,3319,3619,4265,5670,3149,3283,3785,3849,-9.03649,28.8082,8.52547,48.114
70076,5347,4345,3559,3266,9231,5271,3799,3343,7303,4725,3631,3252,4565,3892,3424,3136,-3.06062,-25.5486,8.89673,48.0593
70077,4044,6674,9852,5877,3884,4483,5125,4534,3429,3738,3734,3632,3221,3328,3293,3314,-30.5853,5.16858,8.74386,48.108
70078,3129,3251,3421,3448,3271,3469,3923,3835,3637,4054,5539,5392,3589,4754,9174,8400,25.5668,13.9973,8.80682,48.1907
70079,3442,3391,3263,3129,4059,3822,3429,3213,7151,4867,3805,3494,11431,5961,4040,3378,21.766,-29.7372,8.65364,47.9167
70080,11698,6793,3987,3312,6218,4834,3797,3376,3917,3775,3402,3213,3378,3462,3263,3044,-26.4582,-22.8848,8.57804,47.646
70081,3460,3432,3159,3063,3957,3808,3542,3163,6786,4947,3932,3520,11613,6476,3972,3428,23.2757,-24.3445,8.80788,48.172
70082,4340,4060,3454,3167,6508,4986,3798,3373,8774,5823,3921,3396,5290,4750,3637,3263,4.30188,-21.7353,8.59537,48.36
70083,3270,3397,3454,3235,3625,3959,4004,3668,4245,5795,6352,4496,4261,6454,6967,4759,16.9311,1.67273,8.50494,47.9607
70084,3169,3439,3545,3484,3402,3702,4382,4045,3679,4681,7227,5552,3766,5048,7439,5887,15.7559,9.73915,8.70985,48.298
70085,3209,3236,3358,3334,3359,3408,3808,3815,3461,3724,4642,6007,3445,4013,5920,12542,29.9953,32.8676,8.53736,47.5207
70086,3320,3555,3825,3890,3510,4096,5637,4892,3685,4624,7825,6248,3534,3918,5057,4801,5.54049,11.4842,8.90705,48.278
70087,9289,8197,4391,3578,5973,5511,4059,3438,4038,3856,3682,3303,3372,3322,3283,3115,-22.5034,-16.7509,8.84057,48.2713
70088,3174,3399,3536,3589,3318,3458,3971,4299,3334,3913,5319,7504,3361,4055,6206,9515,18.3579,22.208,8.5805,47.9673
70089,3322,3408,3450,3167,3641,3835,3888,3613,4293,5507,5294,4226,4789,8068,7399,4523,21.252,-0.971816,8.86013,48.282
70090,3419,3341,3319,3173,3979,3947,3610,3343,5533,5873,4225,3540,7534,8675,4823,3716,21.3288,-12.8837,8.54792,48.0333
70091,3272,3453,4004,4058,3397,3903,5088,5915,3398,4091,6500,7991,3298,3885,4911,5259,5.3516,18.1466,8.50564,48.282
70092,3158,3354,3483,3484,3321,3681,4085,4022,3611,4365,6568,5901,3733,4770,8046,6872,18.1639,12.239,8.94327,48.3027
70093,3458,4291,5970,6128,3553,4392,7408,6843,3373,3734,4564,4654,3068,3362,3694,3725,-11.9151,14.4507,8.59864,48.1447
70094,5525,7261,4969,3757,5388,7464,4986,3702,4087,4347,3920,3497,3423,3683,3368,3358,-14.85,-8.40335,8.86888,48.49
70095,3460,3313,3291,3198,3831,3876,3560,3188,5810,5278,4023,3517,9272,8105,4566,3623,24.5467,-16.5817,8.59931,47.9407
70096,3508,4151,7531,11165,3428,3829,4918,5780,3233,3508,3760,3943,3166,3222,3429,3399,-29.3473,20.2643,8.64654,47.98
70097,3304,3449,3332,3122,3823,3830,3642,3479,5021,6087,4507,3894,6280,9155,5508,3888,21.2621,-8.45098,8.85044,48.214
70098,3071,3287,3397,3382,3328,3521,3938,4024,3456,4078,5600,6144,3538,4369,8140,8767,21.7696,16.048,8.7638,48.0267
70099,4760,4588,3807,3371,7266,6421,4043,3458,6232,5637,3997,3414,4343,4109,3617,3246,-2.69131,-17.2583,8.54642,48.206
70100,3404,3633,4586,5298,3390,3828,5595,8588,3402,3762,5057,6617,3190,3537,3854,4342,-3.79483,21.6662,8.53031,48.0553
70101,4321,6687,8319,5022,4034,5207,6030,4533,3562,3948,3902,3652,3144,3393,3406,3204,-20.2258,3.24508,8.90042,48.2427
70102,8226,5973,3950,3458,8292,5886,3898,3439,4616,4051,3527,3385,3611,3573,3315,3098,-14.7765,-21.4096,8.81308,48.1987
70103,3574,4633,8024,7890,3552,4129,5893,6063,3303,3654,4039,3913,3127,3308,3469,3486,-20.3226,14.4424,8.51767,48.038
70104,3325,3474,3759,3918,3409,3789,5102,4873,3618,4424,7629,6611,3409,4017,5481,5209,7.37739,13.2357,8.52098,48.0313
70105,4288,3800,3519,3300,6877,4918,3705,3368,9207,5411,3846,3344,5524,4419,3675,3239,4.27616,-24.6094,8.78959,48.2933
70106,3315,3476,3635,3411,3626,4291,4433,3833,4173,6186,7001,4500,4246,5526,6008,4515,12.6683,1.70468,8.61393,48.1167
70107,2982,3287,3421,3269,3293,3621,3799,3749,3545,4238,5353,4884,3789,5386,10001,7421,26.9046,10.8203,8.95205,48.0253
70108,3384,3493,3294,3180,3596,3778,3625,3402,4752,5282,4269,3684,6819,9690,5734,3877,29.5494,-9.02994,8.53702,47.906
70109,3078,3256,3468,3416,3333,3556,3834,3842,3485,3903,5042,5534,3600,4558,8395,9641,28.4055,16.4071,8.66597,47.9607
70110,3856,4348,4200,3803,4150,6376,6310,4232,4114,5752,5626,4042,3727,4042,4061,3621,-1.88198,-0.31714,8.82719,48.1733
70111,5865,4645,3676,3293,9852,5167,3799,3332,6253,4603,3712,3352,4025,3779,3455,3188,-6.23143,-33.8125,8.95307,47.9973
70112,3709,4806,8901,7797,3535,4150,5777,5529,3239,3543,3833,3877,3232,3341,3385,3419,-22.4176,13.3863,8.63724,48.0487
70113,3155,3300,3560,3815,3314,3489,4252,5454,3349,3796,5137,9978,3317,3695,5027,7345,10.5162,29.2583,8.98103,47.9887
70114,3073,3175,3574,3553,3254,3464,3923,4212,3392,3884,5555,7668,3413,4113,6188,9336,18.2002,22.1077,8.75513,47.8513
70115,5818,4657,3694,3292,9734,5473,3924,3305,6222,4701,3700,3230,4088,3787,3426,3306,-5.89973,-24.6788,8.90038,48.238
70116,3065,3344,3448,3310,3296,3498,3787,3823,3594,4157,5182,5127,3766,5021,9532,7900,30.5211,11.9465,8.85606,47.9
70117,3231,3441,3763,3650,3423,4010,5128,4823,3514,4517,7965,6548,3659,4081,5411,5233,8.20468,12.4431,8.84911,48.2647
70118,3514,4169,5566,5467,3724,4372,7830,6661,3435,3813,4860,4621,3114,3441,3843,3682,-9.28848,13.0177,8.82329,48.0747
70119,3309,3269,3343,3159,3765,3706,3614,3442,4630,5501,4595,3755,6156,9665,6031,3967,25.8621,-6.73674,8.79646,47.938
70120,3677,4036,4249,3741,3967,5648,6126,4150,4119,5949,6125,4316,3670,4233,4248,3771,0.4355,0.787941,8.63976,48.0167
70121,4054,3755,3424,3167,5605,4732,3694,3306,8601,6428,3953,3439,5928,4868,3839,3396,7.73938,-19.6703,8.71344,48.126
70122,3315,3709,4766,6788,3395,3696,5551,9838,3304,3639,4317,5668,3104,3300,3834,3976,-9.28649,25.8835,8.93882,48.1333
70123,4424,5685,4947,3860,4759,7874,5970,3970,3990,4704,4160,3563,3496,3528,3615,3325,-10.5664,-4.173,8.99357,47.9133
70124,3310,3652,4063,3948,3530,4314,6098,5146,3618,4788,7671,5780,3416,3911,4652,4558,3.47835,10.7737,8.72244,48.3033
70125,3949,5882,8736,5964,3717,4711,6313,4794,3383,3669,4053,3821,3215,3364,3415,3268,-19.9178,7.21501,8.89753,48.1693
70126,3536,4217,5270,4715,3711,4996,8215,5734,3519,4250,5379,4358,3300,3519,3776,3805,-7.00003,8.38106,8.70992,48.2
70127,3383,4226,7112,10817,3378,3976,5151,6318,3193,3477,3810,4003,3161,3133,3365,3371,-23.9272,20.8,8.95037,47.916
70128,4223,3952,3291,3162,6899,4628,3647,3320,9273,5182,3825,3310,5372,4401,3705,3306,4.20286,-33.0856,8.53772,47.664
70129,8290,5209,3795,3413,9449,5130,3773,3389,4920,4093,3596,3244,3665,3577,3292,3140,-13.2963,-32.7127,8.75539,47.9833
70130,3451,3942,5063,4960,3578,4407,7425,6931,3418,4030,5419,5280,3244,3566,3865,3889,-6.01546,13.9767,8.94862,48.312
70131,3374,3332,3122,3040,3954,3805,3489,3223,5609,5033,3877,3478,10159,8151,4375,3504,28.0899,-17.9625,8.62901,47.6833
70132,3729,4012,3671,3392,4586,5915,4526,3601,5238,7804,5128,3684,4262,4789,4141,3707,4.71006,-7.07876,8.80282,48.1233
70133,3151,3504,4157,4533,3359,3791,5415,7327,3474,3910,5612,8000,3207,3648,4233,4828,1.29525,21.3794,8.53692,48.0993
70134,3142,3528,3702,3691,3458,3922,4968,4536,3582,4581,7776,6343,3471,4233,5620,5188,9.20923,12.2731,8.544,47.8273
70135,9316,7708,4397,3514,6311,5514,4087,3375,4054,3858,3543,3313,3358,3482,3191,3085,-21.7702,-17.8679,8.58209,48.0707
70136,8898,5911,3966,3381,8388,5432,3920,3429,4530,4063,3545,3220,3594,3490,3283,2993,-15.5809,-23.3192,8.89968,48.0287
70137,3393,3658,4062,3950,3500,4158,5753,4864,3650,4814,7961,5696,3612,3997,4920,4566,4.52123,9.72435,8.76108,48.3693
70138,3397,3394,3382,3278,3976,4242,3905,3474,4948,7103,5311,3788,5073,7286,5263,4132,15.5371,-6.1752,8.99268,47.968
70139,3431,3884,5254,6956,3435,3892,5940,9128,3361,3680,4310,5245,3040,3363,3538,3954,-10.4584,22.2108,8.95854,48.274
70140,3156,3238,3402,3378,3224,3470,3686,3815,3377,4008,4858,6052,3362,4135,6748,11824,28.3891,23.36,8.53652,47.822
70141,3088,3249,3490,3386,3342,3418,3965,4401,3320,3834,5137,8407,3450,4070,5575,9628,16.8341,33.9983,8.87004,47.84
70142,5683,7032,4720,3830,5750,7596,4708,3689,4221,4272,3955,3477,3486,3585,3446,3129,-14.1619,-9.79839,8.97183,48.386
70143,3916,5158,7247,5327,3917,5074,7317,5165,3572,3965,4246,3965,3166,3397,3487,3396,-15.3053,6.98098,8.54483,48.21
70144,3446,4367,7520,9327,3464,4066,5547,6489,3219,3528,3972,4090,3083,3251,3411,3341,-21.3779,17.8965,8.54765,48.0807
70145,3156,3245,3447,3499,3240,3457,3845,4066,3317,3820,4798,6836,3371,4015,5943,11635,22.8037,29.0247,8.74403,47.7933
70146,3509,3645,3356,3259,4416,4531,3828,3366,6081,7691,4545,3606,5826,6668,4445,3584,12.6239,-11.7126,8.85867,48.2373
70147,5373,9372,6752,4338,4500,5429,4789,4136,3669,3827,3692,3522,3289,3303,3352,3161,-24.9626,-3.91353,8.76374,48.336
70148,3034,3110,3552,3568,3221,3595,4125,4415,3431,3981,5630,7939,3410,4018,5999,9242,16.8538,21.8641,8.68392,48.18
70149,4563,7205,8134,5028,4063,5183,5600,4303,3670,3892,3851,3637,3165,3459,3478,3302,-21.4318,1.75086,8.67363,48.3553
70150,11146,7439,4063,3448,5854,5075,3870,3366,3994,3810,3444,3205,3351,3301,3200,3224,-31.533,-20.1651,8.73745,47.86
70151,3254,3346,3361,3208,3591,3771,3718,3448,4172,5028,4891,4037,4987,8691,7835,4587,29.7064,-1.21076,8.65637,47.95
70152,11366,5874,4000,3468,7204,5057,3915,3383,4215,3887,3413,3356,3422,3438,3181,3116,-21.0612,-32.4009,8.85555,48.1967
70153,10104,6086,3910,3469,7766,5276,3934,3387,4399,3935,3502,3182,3390,3400,3298,3031,-18.643,-23.7183,8.71243,48.046
70154,3335,3489,3223,3070,3802,3747,3556,3218,5217,5281,4228,3568,7904,9581,5056,3715,30.2058,-12.132,8.99069,47.9933
70155,3145,3350,3681,3791,3342,3533,4446,5716,3450,3809,5400,9681,3319,3704,4915,6638,9.3289,28.3431,8.59713,47.9467
70156,4077,5271,5010,4031,4241,6917,6988,4303,3829,4822,4750,4022,3531,3643,3636,3480,-8.25742,-0.265379,8.63322,48.3673
70157,3419,3525,3370,3252,3736,4181,3843,3459,4848,6863,5338,4078,4984,7574,5709,4004,15.9933,-5.01266,8.65461,48.122
70158,10273,6599,4091,3447,6952,5389,3833,3380,4256,3982,3489,3216,3434,3512,3243,3188,-20.348,-21.4568,8.84667,48.1893
70159,4552,5479,4425,3821,5435,8147,5332,3811,4207,5090,4106,3580,3638,3829,3504,3248,-8.53358,-7.43729,8.85192,48.136
70160,3251,3304,3411,3352,3486,3835,4064,3744,3862,4981,6467,4835,4044,5738,8327,5535,18.5203,6.13265,8.9674,48.1573
70161,3302,3308,3266,3144,3848,3857,3557,3374,5138,5249,4300,3588,7223,9701,5160,3747,33.6491,-10.998,8.71539,47.8413
70162,3428,3448,3284,3107,3737,3776,3521,3264,5338,5045,4129,3478,8918,9408,4861,3606,28.1489,-14.4195,8.99321,48.232
70163,8001,5058,3868,3361,9493,5128,3874,3210,4935,4106,3580,3298,3701,3556,3277,3072,-12.4925,-30.3438,8.92551,47.6787
70164,3195,3501,3662,3438,3552,4007,4396,3858,4083,5633,7374,4873,4091,5361,6543,4835,13.5089,3.99654,8.76063,48.268
70165,3417,3944,5235,8080,3425,3832,5394,9426,3258,3576,4180,5093,3028,3272,3603,3599,-12.9223,27.5349,8.69549,48.2413
70166,3108,3440,3712,3656,3239,3515,4148,5189,3387,3865,5303,9611,3345,3842,5185,7756,11.7516,26.2728,8.85298,48.2007
70167,3305,3663,4742,6166,3322,3768,5197,10030,3330,3705,4403,6074,3140,3452,3773,4005,-7.09675,32.591,8.99658,48.05
70168,3487,3427,3293,3086,3882,3697,3391,3379,6093,4765,3789,3266,12737,5903,3920,3239,30.2043,-30.9113,8.94956,47.5693
70169,3652,4003,3948,3617,4127,5479,5511,4071,4384,6463,6302,4143,3954,4456,4275,3723,2.68546,-0.774264,8.99787,48.072
70170,3507,3475,3267,3095,4298,3945,3498,3281,7995,5150,3871,3279,10226,5592,4025,3425,18.0028,-28.3569,8.62697,47.9527
70171,3810,5472,9538,6765,3697,4270,5832,4914,3376,3527,3946,3803,3073,3338,3522,3259,-22.9202,9.3708,8.88749,48.0947
70172,3819,4662,5557,4459,4072,5880,7837,4853,3707,4279,5102,4014,3401,3503,3678,3582,-8.54232,4.35722,8.70581,48.27
70173,6685,4746,3692,3370,10083,5341,3747,3363,5766,4354,3542,3288,3845,3921,3377,3164,-8.52655,-31.4876,8.8897,48.1893
70174,4160,5308,5967,4354,4147,6222,7068,4573,3767,4231,4556,3925,3409,3634,3551,3380,-11.4248,2.01104,8.54305,48.168
70175,3786,4189,4274,3858,4101,5960,6648,4324,4022,5429,6086,4070,3597,4032,4156,3748,-1.48537,1.73441,8.97238,48.1867
70176,3676,4399,7676,8348,3455,4090,5869,6216,3210,3662,4032,3994,3059,3265,3599,3456,-20.0332,16.044,8.61324,48.004
70177,4152,3814,3319,3172,6262,4597,3685,3268,9595,5316,3747,3399,5876,4577,3770,3412,6.15774,-32.5172,8.78012,47.974
70178,3429,3872,6765,11775,3345,3857,4987,6400,3177,3442,3796,3933,3101,3104,3382,3269,-24.634,23.5287,8.96196,47.756
70179,10490,7788,4339,3605,6075,5242,3913,3503,3938,3825,3520,3170,3363,3433,3232,3003,-25.9166,-18.6622,8.88775,48.2927
70180,3506,3839,4377,4173,3605,4611,7021,5233,3610,4521,6685,5337,3427,3766,4386,4223,-8.34064e-05,9.79577,8.89936,48.2133
70181,3057,3248,3545,3825,3379,3652,4244,4902,3407,4067,5911,9063,3455,3883,5484,7688,12.7206,21.7142,8.92224,48.54
70182,3790,3602,3349,3199,4768,4731,3772,3433,7407,7387,4272,3410,5809,5640,4037,3466,10.1341,-15.3519,8.93935,48.048
70183,6760,4810,3766,3300,9838,5329,3846,3230,5613,4331,3625,3306,3798,3700,3393,3175,-9.20657,-32.987,8.91544,47.88
70184,3524,3367,3283,3079,4371,3956,3498,3335,7930,5072,3781,3345,10235,5725,3908,3428,18.272,-27.827,8.57016,47.8913
70185,3139,3358,3460,3644,3280,3544,4347,4294,3502,4259,6924,6551,3657,4441,7052,6816,15.4609,14.1984,8.85613,48.1787
70186,3422,3517,3304,3220,3824,3759,3381,3317,6022,4627,3670,3422,12367,5920,3875,3392,33.7946,-33.6126,8.6502,47.3593
70187,3711,4562,5917,5104,3670,4956,8016,5623,3454,4073,4812,4355,3306,3528,3718,3551,-10.0032,9.31529,8.64081,48.2373
70188,5543,4974,3796,3380,8054,6730,4197,3425,5574,4979,3780,3278,4037,3812,3490,3324,-6.3088,-17.8304,8.69708,48.2487
70189,3264,3366,3336,3254,3500,3736,3807,3754,4114,5204,5592,4371,4503,7123,8548,5115,22.1329,2.59556,8.62658,48.3913
70190,3501,3972,5776,12210,3306,3661,4898,6767,3199,3340,3766,4062,3086,3167,3371,3382,-23.51,30.7272,8.86653,47.6427
70191,4254,6629,9627,5811,3960,4619,5280,4427,3450,3726,3795,3705,3223,3336,3467,3335,-27.5701,5.22524,8.5823,48.4293
70192,3555,4248,5961,5932,3562,4407,7602,6632,3331,3862,4639,4496,3235,3365,3677,3624,-11.4941,13.0559,8.68044,48.0853
70193,3240,3392,3327,3161,3543,3743,3777,3568,3908,4887,5403,4362,4479,7203,9002,5130,24.5923,2.80653,8.94719,48.0833
70194,3247,3427,3564,3776,3365,3659,4593,4786,3473,4084,6676,7944,3335,3929,5667,6452,10.8091,17.6124,8.63392,47.9847
70195,3936,4415,4283,3684,4288,6755,6157,4107,4224,5711,5344,3973,3786,4005,3994,3585,-2.81654,-1.45112,8.64634,48.1647
70196,3628,4852,9228,8409,3654,4074,5153,5321,3283,3587,3849,3958,3113,3267,3317,3339,-28.9521,13.7945,8.5367,48.0213
70197,3374,3417,3510,3263,3783,4070,3878,3499,4532,6457,5691,4069,4831,7279,6357,4367,17.422,-2.23727,8.70012,48.2513
70198,3626,4400,7530,9221,3486,4076,5773,6301,3189,3603,4052,3920,3202,3224,3430,3286,-20.9566,17.2672,8.64739,48.2127
70199,3811,5311,9552,7273,3598,4388,5175,5104,3340,3561,3935,3799,3254,3343,3412,3245,-31.8427,10.4406,8.57777,48.0673
70200,3442,3903,3873,3677,3894,5041,5397,4226,4158,6420,7095,4422,3735,4482,4629,3992,4.58163,1.62703,8.6904,48.2573
70201,3493,3982,5916,12645,3446,3800,4751,5925,3177,3427,3718,3882,3214,3314,3361,3362,-30.5323,30.9344,8.86496,47.6087
70202,3382,3318,3266,3225,3808,3852,3583,3349,5006,5604,4344,3753,7055,9839,5477,3780,24.4746,-10.0221,8.92297,48.4273
70203,3316,3788,5009,6169,3410,3958,6150,8899,3271,3693,4490,5591,3139,3416,3656,4004,-8.33511,20.6918,8.73345,47.9727
70204,4293,6773,9725,5505,3905,4590,5161,4560,3490,3703,3780,3662,3072,3281,3353,3293,-29.8338,4.816,8.99985,48.0973
70205,3468,3983,6082,12628,3414,3806,4608,6232,3291,3483,3722,4065,3121,3261,3344,3361,-26.2166,28.5834,8.95077,47.9127
70206,10902,5756,3940,3408,7704,5106,3817,3300,4104,3925,3452,3289,3337,3416,3291,3139,-19.6053,-28.2782,8.71697,47.924
70207,3236,3352,3352,3258,3764,3841,3713,3457,4476,5429,5044,3978,5156,8594,7021,4377,23.1802,-3.04921,8.63365,48.032
70208,4082,4911,4416,3959,4516,7374,5900,4126,4228,5479,4757,3746,3670,3799,3778,3524,-5.25765,-3.01864,8.50504,48.1767
70209,3346,3461,3474,3472,3706,4197,4273,3720,4306,6512,6383,4294,4449,6174,6035,4294,14.0001,-0.329447,8.74516,48.064
70210,5238,7003,5170,3912,5069,7467,5212,3978,3910,4322,3911,3623,3491,3466,3416,3171,-14.647,-6.49945,8.85659,48.2393
70211,3412,3454,3243,3131,4089,3910,3481,3259,6760,5197,3897,3351,10674,6745,4099,3538,21.7931,-22.4962,8.72585,48.16
70212,3444,3304,3185,3133,3963,3834,3320,3214,6238,4952,3843,3327,11883,6835,3978,3367,26.9747,-23.5992,8.96762,47.88
70213,4172,3934,3498,3252,6458,4811,3767,3256,8850,5791,3927,3490,5681,4587,3650,3280,5.3453,-22.3048,8.54615,48.2693
70214,3260,3294,3363,3266,3533,3751,3884,3661,3982,4703,5309,4449,4280,7004,9064,5431,24.9976,3.98425,8.58645,48.156
70215,4125,3782,3410,3199,6563,4567,3744,3316,9833,5234,3847,3410,5847,4479,3655,3205,5.55599,-32.4684,8.87298,48.144
70216,3226,3526,4305,5019,3354,3707,4900,8752,3317,3813,4867,7827,3378,3545,4099,4535,-1.29937,32.6115,8.94487,48.1133
70217,3823,4894,6637,5382,3867,5023,7822,5411,3505,3794,4468,4120,3184,3426,3560,3430,-13.1591,8.68976,8.84934,48.2307
70218,3572,3408,3178,3103,4454,4068,3606,3222,8799,5120,3910,3377,9373,5474,3768,3355,16.0794,-33.3476,8.93083,47.858
70219,3324,3360,3274,3065,3896,3817,3484,3229,5568,5128,4003,3554,10074,8250,4411,3529,29.1602,-17.491,8.8309,47.9773
70220,7615,7872,4532,3565,6149,6225,4234,3538,4021,4005,3712,3355,3360,3520,3340,3114,-18.8922,-14.0617,8.6444,48.1047
70221,4319,4228,3490,3234,6183,6191,4163,3464,6528,6555,4287,3472,4537,4417,3764,3379,1.37061,-14.7702,8.56753,48.1407
70222,3433,3670,3997,3587,3829,4779,5289,4164,4067,5889,7718,4669,3744,4462,4940,4198,5.28768,3.82651,8.80391,48.29
70223,3458,3539,3288,3150,4384,3883,3626,3286,7319,5612,4047,3466,9175,6551,4046,3452,18.3386,-20.2948,8.65447,48.188
70224,7522,6362,4210,3438,7491,6499,4089,3449,4389,4163,3683,3207,3567,3603,3329,3078,-14.6897,-17.7041,8.78827,48.0527
70225,3256,3340,3345,3158,3550,3885,3830,3592,4200,4908,4861,4115,4987,8472,7908,4621,28.9151,-0.753005,8.51943,48.0187
70226,3564,3582,3327,3118,4716,4253,3585,3318,7931,6310,3975,3450,7373,5987,4027,3466,13.4258,-18.5576,8.84365,47.988
70227,5401,4537,3674,3303,9222,5613,3855,3378,6557,4740,3773,3371,4240,4007,3444,3162,-4.58676,-23.0296,8.84811,48.1847
70228,3420,3324,3298,3217,3913,3794,3517,3184,6065,4706,3811,3416,12014,6563,4012,3336,29.4093,-24.8863,8.62929,47.7267
70229,3343,4006,5238,8748,3350,3823,5183,8813,3245,3673,4107,4678,3142,3462,3467,3664,-14.5302,28.1703,8.63844,47.9613
70230,3226,3489,4065,4547,3377,3742,4789,7765,3432,3786,4948,8811,3201,3645,4189,4991,1.42712,32.0611,8.73276,48.002
70231,3453,4060,5273,5181,3502,4271,7453,7273,3462,3927,5151,5037,3276,3547,3900,3874,-7.35187,14.7934,8.68706,48.4267
70232,7765,9124,5001,3733,5299,5574,4179,3649,3942,3902,3595,3370,3363,3465,3215,3158,-24.4547,-12.2291,8.58801,48.2227
70233,3992,5522,9632,6632,3668,4470,5644,4879,3407,3645,3951,3814,3125,3196,3375,3394,-23.8856,8.59159,8.71547,48.2307
70234,3466,3925,5682,9735,3382,3892,5137,8024,3199,3533,4034,4457,3121,3311,3509,3514,-17.1653,33.3042,8.51739,47.9473
70235,6885,4956,3786,3355,9454,5512,3832,3361,5576,4242,3664,3351,3884,3625,3298,3160,-9.68043,-24.8158,8.53463,47.9607
70236,3051,3138,3468,3347,3227,3509,3789,3966,3488,3828,4998,5828,3520,4287,7791,10641,27.1781,19.3211,8.77372,47.9173
70237,4123,4322,3795,3566,4968,6759,4599,3713,5171,7044,4763,3725,4225,4497,3811,3423,0.619298,-8.29159,8.66702,48.336
70238,4514,6633,6341,4353,4452,6474,6257,4314,3767,4136,4071,3754,3364,3405,3432,3247,-14.8359,-0.447391,8.93449,48.3427
70239,6701,4765,3681,3293,9786,5339,3866,3415,5553,4306,3688,3310,3882,3732,3423,3184,-9.09091,-28.3994,8.57478,47.9493
70240,4360,7034,9361,5389,3935,4748,5320,4485,3449,3652,3880,3647,3224,3198,3473,3259,-27.728,3.76632,8.90562,48.276
70241,3592,4154,5313,4894,3528,4870,8325,5951,3512,4107,5247,4624,3253,3476,3771,3773,-7.40802,9.89449,8.9373,48.26
70242,3211,3249,3333,3353,3289,3654,3800,3769,3742,4492,5186,4611,3907,6041,9756,6122,28.4003,6.99303,8.60901,47.6767
70243,3546,4139,6410,8001,3397,4130,6122,7574,3216,3588,4176,4495,3174,3223,3440,3541,-15.6994,19.0059,8.53769,48.1147
70244,4923,4454,3661,3313,7903,6250,4069,3407,6488,5343,3893,3459,4242,4033,3472,3309,-2.79946,-18.585,8.86892,48.146
70245,3475,4310,7142,9795,3393,3941,5325,6441,3272,3505,3866,4143,3085,3217,3495,3403,-21.3629,19.7766,8.59487,47.872
70246,3359,3970,6126,12756,3346,3707,4727,6162,3240,3424,3767,3984,3071,3112,3301,3443,-28.117,27.7764,8.90979,47.6633
70247,3213,3230,3365,3164,3502,3853,3786,3666,3908,5063,5310,4352,4597,7568,8483,5125,23.9297,2.0488,8.59067,48.1233
70248,3093,3142,3470,3423,3183,3500,3944,4017,3461,4066,5406,6005,3512,4330,7864,9414,22.3454,17.4207,8.77647,47.8867
70249,4382,6787,7923,4975,4280,5426,5773,4474,3631,3790,3990,3601,3274,3420,3374,3310,-20.067,2.05643,8.53297,48.2733
70250,9453,8489,4488,3545,5495,5257,3973,3524,3948,3807,3530,3282,3388,3515,3133,3119,-27.1284,-16.3373,8.81234,47.964
70251,3833,5802,9948,6502,3712,4349,5348,4724,3472,3691,3675,3760,3181,3246,3313,3396,-27.7196,8.36972,8.61388,47.968
70252,12460,6155,3901,3463,5983,4855,3867,3438,3938,3734,3446,3284,3419,3384,3227,3219,-31.4114,-29.1544,8.5567,47.8487
70253,7843,5197,3918,3349,9692,5187,3823,3461,5031,4228,3576,3313,3698,3447,3319,3074,-12.0604,-28.8488,8.61042,48.104
70254,7593,7984,4605,3585,6067,6273,4122,3585,4186,4169,3625,3230,3462,3525,3327,3048,-19.0382,-14.1282,8.58545,48.2573
70255,3582,4695,7540,6761,3557,4457,6678,6189,3291,3739,4169,4057,3150,3328,3462,3571,-16.9631,13.0071,8.85702,48.1507
70256,3332,3359,3240,3313,3901,3835,3700,3327,4823,5204,4469,3794,6218,9932,5892,3935,33.3591,-7.44521,8.71651,48.1827
70257,3453,4330,7614,10646,3353,3903,5174,6023,3265,3527,3931,4045,3116,3312,3432,3438,-25.91,19.5196,8.62453,48.3747
70258,5543,9314,6798,4249,4493,5378,4763,3841,3725,3766,3589,3349,3246,3459,3283,3165,-25.6023,-4.45007,8.6277,47.974
70259,3396,3861,5838,9502,3345,3848,5315,8351,3170,3535,4061,4499,3041,3334,3347,3501,-16.8447,25.0429,8.98532,47.9627
70260,3654,3557,3350,3096,4982,4240,3494,3248,9325,5331,3709,3397,8248,5152,3918,3309,13.2608,-29.0318,8.82397,48.0067
70261,3094,3192,3345,3395,3133,3548,3765,3953,3422,4022,5219,5840,3471,4288,8103,10232,25.9984,18.0442,8.71952,48.0147
70262,3360,3720,5088,7562,3363,3773,5285,9722,3231,3651,4318,5272,3096,3328,3664,3743,-11.4296,28.9588,8.73629,48.1173
70263,11976,5942,3985,3331,7086,4846,3808,3361,4173,3762,3540,3189,3428,3328,3222,3102,-22.4975,-28.3294,8.9946,48.0527
70264,4733,4288,3507,3180,8369,5100,3786,3283,7890,5069,3759,3502,4680,4125,3549,3186,-0.614107,-25.0673,8.79326,48.004
70265,3453,4031,6872,12131,3394,3816,4849,6045,3210,3432,3738,3970,3111,3161,3370,3322,-27.4351,23.8773,8.83051,47.9367
70266,3169,3351,3452,3476,3253,3481,4026,4374,3450,3862,5162,8597,3429,3960,5614,9516,16.6089,33.5428,8.81926,48.1147
70267,4492,7230,7913,4883,4213,5490,5784,4388,3652,3934,3926,3533,3193,3372,3367,3329,-20.8139,1.09738,8.65997,48.466
70268,12763,6116,4006,3229,5937,4711,3781,3478,3836,3636,3320,3196,3364,3379,3247,3162,-29.5251,-31.8378,8.93977,47.4407
70269,3332,3874,5992,12634,3317,3769,4705,5986,3266,3478,3816,3954,3156,3107,3219,3524,-33.6801,28.6529,8.9195,47.4193
70270,3196,3334,3720,3873,3286,3595,4371,5682,3385,3821,5144,9928,3298,3681,4839,6781,8.5955,32.0091,8.89058,47.956
70271,8322,6801,4093,3475,7222,5929,4178,3364,4272,4189,3556,3355,3444,3468,3299,3047,-16.9747,-18.2563,8.69581,48.0093
70272,3211,3306,3281,3289,3222,3461,3722,3954,3451,3826,4929,5934,3401,3832,5873,12564,29.1338,31.8087,8.65078,47.504
70273,12207,6052,3918,3433,6676,4803,3822,3340,4032,3876,3524,3253,3330,3297,3116,3167,-23.7015,-29.043,8.75316,47.8973
70274,5379,4435,3617,3432,9687,5198,3773,3431,6779,4690,3640,3348,4194,3897,3549,3235,-4.38372,-33.7128,8.94176,48.1893
70275,3506,4454,7955,9657,3491,3943,5435,5886,3289,3509,3858,3901,3114,3198,3348,3420,-24.3161,17.68,8.67373,47.976
70276,3522,3741,3591,3466,4076,5124,4340,3680,4784,7802,5923,3959,4362,5152,4727,3998,8.00168,-3.87961,8.82605,48.1647
70277,3510,3360,3230,3107,4204,3919,3619,3224,7011,5626,3937,3400,9405,6955,4234,3422,19.4787,-19.1309,8.9517,48.1087
70278,3236,3385,3268,3205,3611,3782,3688,3361,4427,5203,4747,4047,5415,9170,7259,4355,27.3179,-3.29404,8.78023,48.106
70279,3238,3376,3620,3549,3308,3689,4404,4421,3673,4518,7253,6620,3535,4278,6641,6273,13.7012,13.6365,8.92883,48.264
70280,3435,4122,7519,10946,3470,3931,5105,6327,3218,3326,3887,4029,3130,3113,3311,3323,-24.784,20.5315,8.81426,48.128
70281,6276,10164,5698,3906,4887,5236,4339,3765,3710,3831,3568,3385,3244,3400,3371,3066,-32.018,-8.0378,8.80597,47.8973
70282,7868,9183,4877,3727,5577,5642,4284,3660,3887,3778,3746,3320,3214,3275,3189,3247,-23.9267,-12.6666,8.57644,48.316
70283,3414,3514,3491,3256,3804,4298,4127,3496,4638,7002,6074,4101,4737,6471,5748,4329,13.9521,-2.39188,8.68049,48.3333
70284,4390,7372,8321,5073,4077,5074,5574,4292,3556,3737,3799,3693,3248,3343,3283,3188,-22.3647,1.75832,8.88099,48.0133
70285,3920,3652,3362,3302,5748,4508,3704,3304,9751,5337,3798,3362,6481,4927,3758,3285,8.52467,-33.6869,8.53609,48.1327
70286,3614,3536,3337,3254,4875,4186,3481,3201,9496,5239,3821,3487,8067,5210,3876,3388,12.8332,-28.8232,8.51227,48.0453
70287,3137,3170,3399,3494,3188,3505,3848,3911,3499,3907,5237,5752,3446,4415,8064,10145,25.5238,18.1472,8.96967,48.078
70288,5093,5258,4091,3439,6463,8041,4541,3533,4734,5278,3947,3310,3768,3846,3486,3215,-7.36213,-12.2138,8.9147,48.0287
70289,3987,3885,3490,3287,5579,5218,3917,3465,7663,6994,4200,3434,5181,4878,3885,3372,5.78825,-16.2053,8.59174,48.29
70290,3513,3945,6007,12750,3438,3837,4654,6244,3203,3429,3800,3935,3130,3210,3261,3349,-26.8678,32.7763,8.82167,47.8033
70291,3267,3686,4854,6680,3406,3750,5327,9828,3250,3568,4446,5640,3192,3317,3765,3948,-8.60497,28.4222,8.7219,47.9493
70292,3937,6061,9918,6274,3670,4524,5277,4626,3381,3589,3897,3694,3198,3282,3452,3336,-30.3733,7.1803,8.99996,48.0773
70293,5210,9196,7291,4241,4309,5085,4798,4069,3636,3856,3716,3511,3314,3339,3358,3312,-31.1974,-2.95327,8.6184,48.1607
70294,5228,9063,7364,4494,4405,5150,4697,3981,3694,3739,3733,3411,3137,3326,3421,3186,-28.3758,-2.80973,8.70605,48.0193
70295,4110,4165,3714,3419,5219,6297,4269,3600,5789,7446,4566,3572,4391,4673,3913,3464,2.41799,-11.2646,8.92898,48.4047
70296,3474,3490,3248,3127,3985,3686,3386,3239,5885,4764,3804,3473,12868,5987,3807,3362,31.4154,-31.5103,8.66178,47.7233
70297,6055,6691,4332,3685,6268,7462,4500,3695,4368,4411,3829,3341,3619,3530,3355,3155,-13.1313,-12.466,8.89801,48.1973
70298,3235,3535,3936,3910,3471,4119,5445,4864,3643,4686,7940,6045,3499,4215,5247,4755,6.23593,10.8195,8.95336,48.3633
70299,9545,5751,3987,3389,8282,5227,3801,3405,4559,4074,3526,3224,3563,3463,3313,3166,-16.8814,-25.5302,8.59617,48.1833
70300,3665,3543,3207,3142,5010,4270,3598,3212,9687,5179,3847,3426,7767,5197,3874,3365,12.0732,-33.5166,8.92077,47.9927
70301,7937,8565,4621,3605,5627,5813,4220,3623,3962,4036,3596,3328,3311,3343,3269,3171,-21.5938,-14.1159,8.92903,48.018
70302,3165,3346,3428,3365,3284,3567,3911,3891,3644,4178,5116,5244,3655,4665,9037,8569,32.2667,13.891,8.58114,48.0433
70303,3109,3170,3492,3398,3225,3460,3783,4139,3342,3832,4794,6741,3343,3893,6099,12032,23.5542,28.8878,8.66455,47.9013
70304,3312,3549,3787,3659,3512,4222,5198,4713,3660,4742,8057,6026,3676,4208,5353,4982,7.27766,10.701,8.58918,48.4373
70305,3306,3673,4803,6259,3427,3795,5872,9488,3274,3655,4577,5696,3119,3460,3752,4027,-7.51865,22.7386,8.89378,48.122
70306,3514,3720,3760,3543,3858,4731,4895,3988,4199,6680,7039,4411,4037,4829,5033,4243,7.64324,1.36243,8.54854,48.32
70307,3336,3777,4281,4421,3442,4053,6384,6054,3484,4174,6517,6256,3437,3763,4338,4430,0.222576,14.2465,8.50414,48.098
70308,3670,4213,4615,4046,3992,5453,7281,4688,3777,4983,5903,4493,3606,3732,3984,3788,-2.82144,4.32279,8.56859,48.1493
70309,3917,4514,4773,4072,4181,6457,6901,4351,3750,5129,5279,4159,3553,3821,3954,3756,-4.43633,1.31873,8.605,48.378
70310,3448,3745,5180,8206,3395,3806,5273,9447,3326,3456,4242,4780,3314,3381,3589,3738,-13.0297,30.7072,8.69198,48.2173
70311,3411,3436,3348,3117,3821,3927,3598,3340,5451,5765,4197,3572,8043,8747,4742,3687,22.7427,-13.3894,8.64059,48.1347
70312,3933,3627,3464,3197,5467,4340,3655,3369,9798,5138,3886,3419,7027,4963,3731,3435,9.93257,-31.4822,8.54921,48.2993
70313,3570,4593,7439,7266,3564,4217,6616,6279,3350,3628,4130,4192,3100,3351,3566,3396,-16.868,14.1011,8.86918,48.1713
70314,3505,3349,3226,3093,4271,3978,3391,3250,7681,5057,3800,3430,10485,5961,3923,3311,18.8199,-25.7824,8.91344,47.8073
70315,4167,4054,3506,3232,6153,5303,3784,3375,7925,6465,4051,3523,5073,4503,3658,3302,3.84339,-17.9546,8.68509,48.0493
70316,3218,3311,3512,3545,3369,3733,4245,4032,3654,4454,6987,5892,3701,4867,7844,6344,16.5795,11.302,8.91629,48.472
70317,9336,8160,4556,3571,5830,5459,3950,3509,3985,3885,3585,3231,3361,3296,3226,3158,-23.7851,-16.8453,8.64573,48.0653
70318,5584,4548,3677,3354,9567,5075,3885,3421,6887,4619,3645,3360,4202,3961,3574,3229,-4.73504,-28.2712,8.98622,48.392
70319,3169,3556,4375,4988,3392,3889,5685,8182,3366,3841,5360,7121,3248,3630,4072,4429,-1.8639,20.9699,8.95977,48.202
70320,3440,4016,6181,12306,3392,3677,4875,6514,3156,3480,3809,3954,3164,3174,3264,3414,-25.1573,27.108,8.73766,47.8773
70321,3180,3177,3377,3368,3153,3464,3879,3893,3539,3863,4737,6688,3296,3956,6015,11848,23.1195,33.8453,8.86376,47.622
70322,3674,5190,9607,7924,3696,4145,5228,5039,3297,3602,3823,3714,3198,3289,3350,3350,-28.8256,12.0107,8.98596,48.084
70323,3410,3391,3279,3172,3888,3906,3865,3453,4893,6168,4771,3765,5685,8772,5918,3928,20.2625,-6.83579,8.51639,48.176
70324,3179,3471,3931,4480,3340,3779,4804,7757,3284,3771,4985,8847,3361,3567,4287,4980,1.51804,31.2422,8.88448,47.882
70325,3421,3395,3338,3235,4069,3771,3386,3186,7175,4834,3729,3244,11641,5848,3971,3483,21.2126,-32.7009,8.91512,47.8173
70326,4615,8087,8390,4882,4098,4840,4975,4165,3517,3810,3627,3469,3252,3358,3362,3267,-28.4312,0.578521,8.93253,47.8093
70327,5662,4508,3596,3330,9412,5483,3838,3389,6742,4749,3665,3388,4038,3916,3483,3216,-4.41395,-23.8618,8.90512,48.2767
70328,3273,3337,3252,3047,3898,3802,3490,3172,5938,4793,3935,3460,11792,6965,4058,3383,28.3139,-22.0076,8.68418,47.73
70329,3093,3327,3659,3680,3317,3548,4203,5124,3391,3748,5288,9562,3289,3730,5097,7774,11.9282,30.8638,8.83025,47.8867
70330,4088,4475,4186,3611,4764,7143,5386,3975,4452,6278,4851,3830,3853,4158,3951,3488,-2.24823,-4.60984,8.71503,48.326
70331,3480,3434,3122,3138,4280,3861,3331,3305,7663,5063,3830,3361,10999,5754,3879,3475,19.6869,-32.0091,8.94523,47.9833
70332,3269,3425,3159,3206,3885,3880,3477,3132,6460,4863,3816,3331,11919,6620,3996,3320,25.7403,-23.7913,8.95052,47.8387
70333,4791,4219,3636,3230,7738,5531,3765,3406,7517,5531,3739,3327,4658,4233,3482,3307,-0.310542,-20.897,8.78298,48.0733
70334,5095,4329,3660,3270,8382,5697,3753,3505,7053,5284,3670,3424,4361,4093,3519,3205,-2.22658,-20.9768,8.94216,48.2
70335,3389,3779,4578,4838,3500,4099,6781,7196,3428,3989,5717,6043,3244,3607,4109,4064,-2.74615,16.2458,8.80407,48.2407
70336,3395,3316,3157,3129,3909,3731,3474,3250,6132,4885,3820,3257,11879,6952,4059,3488,27.5169,-22.811,8.7754,47.8887
70337,3262,3466,4047,4806,3462,3653,4950,8174,3234,3735,4893,8271,3203,3598,4233,4836,0.0875387,28.0794,8.74778,47.882
70338,3214,3337,3324,3150,3459,3659,3834,3607,3976,4827,5299,4252,4457,7663,8999,5163,26.7529,2.41689,8.98464,48.1467
70339,3511,4074,5797,5803,3508,4281,7359,7000,3356,3892,4641,4670,3159,3473,3711,3744,-10.5062,14.4939,8.507,47.986
70340,3439,3444,3266,3164,3916,3753,3433,3182,6007,4701,3662,3226,12644,6187,4001,3422,33.6423,-26.2057,8.91747,47.6313
70341,3984,5747,10042,6738,3652,4314,5172,4933,3354,3599,3792,3663,3148,3192,3344,3368,-30.2277,8.64849,8.64372,48.028
70342,3429,3310,3279,3111,3912,3656,3359,3242,5848,4649,3722,3473,12801,6067,3802,3340,30.8925,-33.9748,8.979,47.3333
70343,5304,4471,3574,3200,8810,5735,3814,3333,6750,5011,3832,3375,4199,3900,3518,3306,-3.97097,-22.5312,8.94798,48.088
70344,3388,4053,6262,8957,3545,3995,5646,7502,3278,3706,4025,4301,3137,3204,3466,3538,-17.6841,20.81,8.61893,48.002
70345,3776,4699,5808,4773,3753,5299,8076,5279,3548,4232,4887,4277,3366,3559,3705,3538,-9.81365,6.77319,8.61747,48.3833
70346,3751,4567,5409,4519,3940,5648,8180,4978,3633,4355,5007,4150,3429,3492,3802,3632,-8.25725,5.52996,8.8062,48.328
70347,4782,8284,8048,4716,4013,5155,5126,4082,3450,3866,3867,3547,3210,3351,3311,3266,-26.0069,-0.364643,8.53515,48.0493
70348,3155,3296,3312,3336,3378,3562,3796,3682,3746,4449,5385,4804,3978,5972,9680,6252,28.1861,7.50615,8.50025,47.8553
70349,3366,3748,4340,4345,3544,4298,6517,5848,3578,4400,6726,5710,3357,3853,4424,4362,0.349964,12.5242,8.52345,48.2773
70350,5037,4333,3581,3328,8154,5991,4029,3449,6609,5335,3845,3380,4366,4084,3548,3097,-2.75084,-19.6421,8.80033,48.1107
70351,3339,3521,4275,5181,3463,3724,5140,9054,3369,3677,4826,7274,3315,3504,3918,4365,-2.52798,32.0534,8.53238,47.9633
70352,4293,4197,3469,3106,6646,5103,3739,3380,8421,5893,3873,3322,5258,4572,3591,3256,3.60045,-21.5218,8.61547,48.0793
70353,4087,4276,3767,3324,5379,6487,4378,3577,5815,7189,4402,3523,4301,4514,3792,3347,1.36167,-11.138,8.92165,48.1053
70354,3089,3277,3617,3567,3337,3701,4127,4288,3472,4059,6034,7359,3446,4130,6534,8364,16.3353,18.586,8.69176,48.2673
70355,3655,3790,3435,3319,4682,4890,3829,3479,6457,7717,4548,3599,5421,5797,4144,3555,9.56238,-12.4152,8.69712,48.2113
70356,4350,4395,3797,3392,5742,6946,4334,3532,5694,6658,4326,3576,4223,4351,3653,3388,-0.616099,-12.1273,8.74051,48.238
70357,7943,9029,4981,3733,5431,5704,4180,3569,3870,3741,3600,3274,3347,3297,3269,3269,-23.5625,-12.6029,8.71984,48.158
70358,3155,3321,3263,3189,3535,3703,3754,3601,3996,4799,5351,4332,4505,7342,9072,5276,28.9894,3.04662,8.95555,48.1293
70359,4144,6697,9791,5687,3895,4531,5223,4425,3440,3697,3891,3731,3161,3264,3365,3249,-30.0792,5.06253,8.92806,48.1273
70360,4722,7877,8531,4910,4100,4958,5041,4229,3539,3821,3802,3601,3239,3318,3380,3160,-27.4752,0.607241,8.56859,48.152
70361,9885,5657,3923,3358,8160,5268,3772,3402,4462,3964,3542,3180,3456,3485,3209,3049,-17.33,-27.1968,8.59148,47.848
70362,12300,6050,4112,3425,6576,4913,3770,3398,4031,3750,3423,3163,3421,3452,3122,3109,-24.5401,-27.2488,8.88959,48.01
70363,3109,3304,3373,3490,3083,3468,3769,3885,3279,3706,4741,6028,3423,3924,6404,12320,32.6676,25.5036,8.90512,47.5373
70364,3369,3866,6213,12667,3367,3735,4814,6164,3116,3358,3722,3928,3184,3196,3315,3374,-28.0559,27.6388,8.73225,47.592
70365,4135,6499,9478,5693,3918,4727,5580,4529,3433,3656,3800,3611,3280,3318,3504,3307,-24.5775,5.5291,8.79989,48.312
70366,3174,3494,3886,4344,3377,3667,4799,7132,3298,3758,5094,9187,3303,3678,4473,5359,3.21174,31.2443,8.72155,48.0153
70367,3386,3728,4515,5416,3456,3774,5048,9360,3365,3677,4621,6758,3292,3454,3919,4146,-4.26731,32.1647,8.66639,47.9433
70368,3318,3448,3347,3168,3567,3884,3753,3549,4423,5574,5187,4089,5068,8310,7198,4586,21.8709,-2.01703,8.54223,48.3127
70369,3164,3237,3479,3413,3244,3458,3733,3803,3387,3706,4754,5981,3406,3821,5968,12707,29.2839,31.7832,8.81688,47.5073
70370,3062,3214,3429,3571,3185,3574,3936,4343,3447,3762,5110,7977,3545,3887,5720,10443,18.0649,30.1337,8.87065,48.1367
70371,4672,5097,4183,3536,5529,7982,4911,3763,4703,5724,4144,3443,3816,3909,3603,3327,-5.36908,-9.04807,8.61562,48.228
70372,5729,5443,4023,3547,6919,7587,4411,3501,4832,4945,3784,3411,3769,3752,3416,3202,-9.22312,-14.0168,8.57835,48.1807
70373,3211,3410,3314,3140,3609,3777,3639,3459,4656,5274,4446,3914,6088,9849,6463,4100,29.3859,-6.06291,8.6153,48.2327
70374,3339,3382,3312,3193,3676,3872,3883,3639,4226,5348,5480,4086,4870,8072,7555,4578,21.7093,-0.90453,8.58443,48.3407
70375,3160,3395,3879,4081,3375,3722,4977,5799,3421,4068,6517,8241,3360,3714,5011,5432,5.48895,18.7156,8.78229,48.1013
70376,11748,6923,4026,3419,5908,4933,3862,3389,3820,3727,3507,3183,3447,3517,3284,3072,-31.2614,-22.1294,8.65547,47.8433
70377,4784,4163,3591,3282,8056,4830,3742,3387,8306,4985,3813,3281,4852,4165,3547,3272,0.638254,-29.8791,8.67605,48.0373
70378,3950,3637,3406,3114,5337,4403,3576,3287,9322,5831,3953,3365,6563,4978,3788,3329,9.38502,-22.4861,8.80416,47.8927
70379,7510,9796,5115,3776,5117,5262,4197,3593,3682,3805,3590,3251,3468,3483,3347,3116,-31.7168,-11.7816,8.77647,48.072
70380,9046,5457,3883,3296,8751,5283,3922,3491,4575,4065,3545,3123,3593,3422,3291,3128,-15.2164,-26.5073,8.63688,47.914
70381,3212,3371,3344,3267,3508,3520,3770,3693,3805,4516,5222,4551,4019,6558,9907,5843,30.9891,5.75684,8.93734,48.0707
70382,3726,4935,9571,8118,3504,4105,5248,5323,3374,3493,3734,3871,3180,3235,3401,3457,-30.8668,12.6609,8.90031,48.1833
70383,3377,3887,5206,8422,3349,3882,5268,9264,3209,3518,4129,4800,3157,3284,3579,3512,-13.7848,33.1274,8.92042,47.8953
70384,3079,3200,3364,3392,3276,3514,3861,3889,3457,3852,5257,5606,3561,4353,8190,10071,27.505,17.5576,8.64341,47.948
70385,6152,4789,3781,3359,9661,5746,3933,3325,5897,4576,3644,3316,4055,3744,3397,3119,-7.33018,-23.5735,8.8442,48.3293
70386,3355,3872,5922,12801,3369,3661,4760,6284,3251,3339,3723,3868,3229,3158,3475,3350,-27.2188,30.0502,8.96687,47.6113
70387,3327,3517,3780,3548,3625,4279,4957,4228,3880,5469,8181,5099,3838,4589,5575,4456,8.60456,5.69428,8.93649,48.232
70388,3491,3342,3242,3152,4159,3943,3550,3134,7163,4978,3896,3343,11189,5858,3988,3407,21.2587,-32.8629,8.59631,47.89
70389,7313,7773,4524,3554,6117,6455,4234,3527,4164,4169,3592,3213,3491,3440,3361,3129,-17.6971,-13.9052,8.77082,48.0373
70390,3310,3539,3572,3451,3892,4357,4275,3684,4572,6974,6523,4280,4284,5802,5515,4180,12.2846,-1.07068,8.79433,48.14
70391,3463,3408,3261,3200,4006,3869,3545,3262,5690,5408,4118,3551,9269,8423,4565,3487,25.3031,-16.1112,8.53743,48.35
70392,8409,9461,4860,3673,5202,5158,3994,3470,3935,3827,3615,3335,3380,3466,3192,3191,-32.1751,-13.3789,8.87781,48.112
70393,5336,7761,5396,3943,4919,7117,5118,3847,3978,4154,4021,3382,3254,3417,3415,3177,-16.4084,-6.72691,8.85372,48.1567
70394,9449,8680,4485,3608,5435,5197,3987,3466,3818,3848,3472,3258,3485,3418,3108,3073,-31.7271,-16.3022,8.83702,47.858
70395,3027,3187,3327,3369,3350,3470,3791,3903,3426,3911,5097,5893,3515,4249,7725,10675,27.9727,19.4546,8.52639,47.9433
70396,3156,3383,3441,3548,3395,3786,4214,4068,3769,4597,6898,5446,3779,4925,7796,6184,16.8733,10.2052,8.5605,48.2567
70397,4116,5346,5326,4140,4327,6949,6901,4344,3902,4740,4524,3772,3429,3798,3538,3350,-9.17354,-0.161056,8.66334,48.3347
70398,3375,3346,3465,3292,3473,3796,3729,3667,3887,4636,5062,4319,4348,7105,9219,5364,30.9508,3.02781,8.542,48.0553
70399,3477,3862,3757,3691,3998,5131,5318,4010,4150,6753,6739,4260,3962,4604,4707,4023,4.76648,0.0443444,8.85112,48.2947
70400,3349,3504,3699,3523,3490,4132,4870,4165,3878,5493,8265,5145,3881,4656,5730,4742,9.7389,6.44081,8.85723,48.348
70401,3393,3431,3189,3038,4283,4018,3517,3226,6853,5301,3957,3329,10112,6913,4126,3479,20.4046,-20.761,8.97844,48.11
70402,5634,4604,3722,3246,9445,5215,3856,3487,6711,4717,3802,3310,4108,3887,3514,3300,-4.90922,-33.7373,8.68266,48.372
70403,3370,3962,5985,11757,3322,3917,4987,7081,3201,3411,3928,4119,3094,3193,3342,3377,-22.0878,27.8607,8.79139,48.0307
70404,3807,5287,7693,5535,3772,4859,6897,5159,3467,3764,4330,3970,3147,3394,3479,3407,-16.6124,7.64189,8.53202,47.978
70405,3379,3397,3292,3333,3700,3792,3693,3449,4858,5552,4454,3783,6525,9503,5812,3897,24.6993,-8.63677,8.6613,48.2793
70406,3326,3546,4188,4788,3398,3939,5960,7255,3377,3965,5788,6986,3264,3619,4246,4488,-0.836565,18.6104,8.6267,48.0887
70407,3296,3667,4207,4276,3538,4194,6170,5942,3448,4288,6803,6365,3461,3843,4467,4592,1.62764,14.0499,8.73389,48.3713
70408,3423,3894,5411,6023,3442,4226,6853,8148,3404,3814,4705,5128,3186,3467,3697,3837,-9.32577,17.9959,8.97376,48.4387
70409,3217,3357,3349,3249,3311,3474,3946,3861,3514,4180,5105,5077,3717,4943,9589,8154,31.8758,12.751,8.97831,48.0287
70410,3443,4238,7519,10840,3358,3981,5040,5885,3231,3502,3822,3975,3181,3267,3449,3438,-33.862,19.4961,8.69055,48.1127
70411,5252,4742,3668,3275,8218,6217,4003,3406,6400,5181,3816,3361,4233,3900,3601,3254,-4.16843,-19.5564,8.52817,48.3513
70412,9344,8664,4513,3536,5586,5157,4189,3450,3844,3698,3541,3261,3476,3315,3219,3122,-31.1892,-15.8463,8.54423,47.9433
70413,3088,3338,3378,3214,3342,3569,3723,3878,3741,4386,5465,5002,3657,5260,9653,7486,26.1276,10.9956,8.64472,48.12
70414,4364,3849,3519,3280,6711,4654,3626,3383,9273,5411,3736,3229,5715,4474,3713,3256,4.90089,-25.5064,8.58381,48.1287
70415,8959,5444,3826,3412,9016,5282,3805,3434,4661,4023,3516,3203,3622,3469,3236,3145,-14.9758,-28.5031,8.89446,48.0353
70416,3304,3435,3287,3078,3855,4033,3773,3488,5132,6326,4406,3701,6572,8871,5265,3819,20.4322,-9.94263,8.92952,48.23
70417,3172,3460,4279,5154,3381,3851,5018,8954,3329,3567,4825,7817,3202,3497,4002,4526,-2.01529,28.1425,8.96905,48.0227
70418,3670,4877,8659,7538,3597,4205,5941,5745,3372,3585,3980,4028,3183,3215,3568,3405,-21.4068,12.8406,8.5941,48.3787
70419,3378,3450,3363,3070,4387,4035,3529,3282,7342,5626,3983,3550,8852,6716,4174,3456,17.8849,-19.9542,8.54579,48.1287
70420,3803,4365,4339,3796,4298,6493,6151,4190,4128,5816,5408,3997,3738,4070,3981,3657,-1.93671,-0.858065,8.73339,48.1533
70421,4321,7026,9412,5519,3929,4620,5168,4487,3381,3730,3830,3521,3144,3393,3330,3298,-30.1753,3.9576,8.77598,48.0727
70422,3176,3407,3664,3805,3291,3724,4543,5041,3485,4291,6677,8134,3421,3846,5571,6271,10.3896,18.0621,8.61302,48.2313
70423,3095,3319,3473,3476,3297,3568,4070,3995,3539,4193,6150,5663,3525,4714,8295,7705,20.555,13.4907,8.568,48.0513
70424,3351,4068,6933,10794,3412,3815,5093,6482,3183,3569,3840,4010,3174,3224,3335,3457,-22.9244,21.513,8.79407,47.8267
70425,3709,3804,3563,3233,4672,5097,3990,3549,6074,7973,4813,3744,5068,5640,4228,3582,8.62364,-10.5202,8.79502,48.4927
70426,4309,4046,3644,3305,6390,5644,3925,3429,7424,6368,4110,3447,5019,4572,3649,3318,2.55687,-17.5703,8.5681,48.3993
70427,3166,3181,3481,3262,3164,3463,3802,3941,3364,3781,4822,6036,3277,3862,6509,12168,32.955,24.4904,8.71906,47.5193
70428,11419,5687,3852,3326,7333,4918,3761,3460,4269,3880,3500,3270,3370,3258,3149,3140,-21.182,-30.8191,8.75797,47.728
70429,3283,3720,4658,5748,3425,3884,5433,9463,3346,3709,4508,6613,3179,3401,3880,4138,-5.28224,26.6007,8.54167,48.2587
70430,3730,4059,3803,3602,4299,5810,5134,3810,4560,7097,5945,4114,4022,4419,4203,3693,2.82323,-2.85042,8.87321,48.2
70431,3418,3305,3285,2978,4018,3860,3490,3199,6268,5004,3815,3307,11551,6877,4140,3493,25.7548,-22.7617,8.56011,48.0053
70432,4953,5306,4032,3480,6271,8016,4787,3542,4815,5441,3894,3485,3829,3868,3549,3268,-7.27183,-11.642,8.80039,48.3573
70433,3485,4119,6710,8550,3376,3933,6053,7356,3292,3673,4070,4333,3117,3178,3509,3448,-17.1183,18.7669,8.9552,48.1347
70434,3174,3555,4212,4730,3288,3761,4922,8353,3353,3715,5025,8217,3289,3504,4077,4784,-0.119553,28.0126,8.53914,47.9727
70435,3388,3865,6280,12387,3387,3772,4906,6398,3206,3380,3771,3968,3105,3240,3401,3410,-25.7284,26.7971,8.57476,47.9093
70436,3361,3419,3238,3044,3981,3824,3459,3272,6111,4842,3770,3469,12154,6486,3965,3373,27.7945,-25.4773,8.56832,47.8453
70437,3339,3538,4172,4602,3421,3997,5826,7312,3357,3782,5768,7358,3252,3661,4372,4773,0.222868,19.4515,8.88123,48.3533
70438,6580,5820,4118,3464,7995,6734,4107,3453,4728,4467,3696,3327,3745,3585,3350,3191,-11.6623,-17.2786,8.73583,48.24
70439,3518,4255,7090,9169,3460,4064,5768,6758,3225,3514,4051,4200,3082,3233,3498,3476,-18.9617,18.628,8.76858,48.2407
70440,7861,6086,3926,3429,8000,6105,4048,3294,4573,4260,3724,3335,3533,3575,3267,3058,-14.7309,-19.4673,8.73694,48.0493
70441,3261,3303,3428,3303,3386,3678,3903,3718,3795,4577,5751,4718,4035,6314,9297,5963,23.7092,6.36163,8.52143,48.2867
70442,3288,3326,3359,3205,3602,3821,3827,3454,4346,5309,4819,4012,5323,8922,7176,4419,25.4106,-2.81192,8.52266,48.1387
70443,3120,3128,3420,3406,3205,3509,3759,3885,3302,3852,4845,6108,3445,3964,5998,12544,28.6176,28.2142,8.56638,47.66
70444,3032,3530,3979,4123,3462,3772,5115,6160,3400,3983,6453,8242,3307,3667,4526,5275,4.42799,19.2266,8.74339,48.0173
70445,3288,3317,3369,3247,3535,3737,3856,3535,4144,5156,4909,4074,4998,8671,7810,4557,26.0055,-1.32323,8.74239,48.1353
70446,3125,3205,3425,3468,3253,3409,3752,3878,3431,3837,4768,6025,3379,3854,6077,12368,30.9825,28.4129,8.53233,47.5027
70447,3386,3375,3168,3056,4058,3744,3342,3244,6858,4841,3741,3424,11892,6155,4056,3431,23.353,-27.5357,8.54689,47.8473
70448,3110,3321,3452,3386,3389,3656,3887,3987,3558,4103,5527,5520,3650,4801,9016,8040,23.9648,13.3315,8.71997,48.2687
70449,3121,3274,3447,3352,3303,3721,4152,4080,3740,4466,6543,5821,3758,4779,7942,6758,18.0501,12.3326,8.82774,48.1713
70450,3182,3231,3335,3385,3282,3425,3802,3908,3391,3791,4902,5938,3430,4158,7132,11407,32.1629,21.7109,8.59769,47.7993
70451,3440,3524,3222,3030,4008,4171,3518,3377,5837,6127,4354,3667,7171,8064,4855,3689,19.3983,-12.6946,8.53075,48.036
70452,3492,3448,3255,3084,4074,3875,3398,3236,6759,4925,3883,3478,11391,6348,4019,3460,22.9474,-24.7972,8.50721,48.0833
70453,3502,3663,3770,3480,3697,4733,4934,3943,4121,6549,7269,4505,3990,4785,5000,4193,7.03181,1.65552,8.64545,48.0893
70454,3939,3824,3425,3184,5778,4385,3530,3185,9689,5433,3759,3340,6581,4820,3716,3304,8.34209,-26.3386,8.76361,47.928
70455,3980,3818,3445,3168,5464,5067,3857,3380,8003,6987,4081,3395,5542,4970,3918,3393,6.51104,-17.5067,8.86287,48.312
70456,3570,4003,4536,4167,3763,4966,7298,5039,3701,4564,6470,4809,3540,3844,4115,3938,-1.64368,7.17313,8.78663,48.2153
70457,3752,3611,3340,3199,5297,4319,3578,3296,9823,5262,3796,3436,7235,5003,3804,3360,10.3937,-32.8455,8.93936,48.074
70458,3284,3446,3308,3304,3682,3863,3714,3487,4561,5120,4618,3882,5688,9527,6544,4078,32.851,-5.2534,8.69025,48.0707
70459,3396,3484,3342,3180,4027,4253,3620,3439,5721,6887,4619,3593,6547,7838,4681,3696,17.0965,-11.6286,8.5567,48.2153
70460,3911,4181,3666,3430,5088,6550,4564,3568,5340,7460,4705,3715,4331,4468,3968,3309,1.75553,-9.03197,8.66711,48.1693
70461,3871,5327,7499,5528,3868,5112,6947,5015,3467,3749,4174,3985,3300,3355,3459,3379,-16.139,6.4895,8.6052,48.0233
70462,6868,9782,5471,3876,4917,5256,4212,3703,3699,3754,3559,3430,3288,3408,3293,3128,-30.5901,-9.79637,8.679,47.7627
70463,11942,5961,3985,3337,6889,4820,3684,3351,4047,3862,3490,3313,3381,3462,3266,3113,-22.7178,-29.1478,8.55045,47.9353
70464,3348,3631,4618,5911,3442,3845,5195,9673,3210,3712,4555,6286,3161,3407,3771,4088,-5.89565,33.5686,8.74356,47.902
70465,3109,3209,3435,3439,3165,3382,3744,3920,3387,3720,4666,6228,3383,3922,5941,12662,26.7461,30.4831,8.85051,47.5413
70466,4828,5107,3940,3526,6155,7944,4667,3675,4971,5398,4056,3477,3847,3857,3463,3214,-5.77176,-11.341,8.7866,48.0833
70467,3260,3797,6078,12666,3338,3667,4756,5931,3282,3377,3726,3907,3177,3373,3414,3330,-31.9871,30.6486,8.93957,47.386
70468,3687,3637,3218,3118,5098,4362,3426,3278,9871,5189,3982,3477,7586,5040,3819,3327,11.331,-31.2976,8.88189,48.0767
70469,3255,3518,4091,4371,3323,3713,4800,7539,3298,3715,5031,9196,3278,3536,4305,5112,2.48729,30.4766,8.93335,48.054
70470,3505,4255,7426,9288,3383,4040,5499,6476,3344,3583,4000,4153,3047,3189,3370,3469,-20.8904,17.9502,8.63244,48.018
70471,3291,3314,3337,3179,3613,3675,3659,3464,4515,5396,4656,3866,5869,9720,6531,4163,25.8191,-5.77375,8.8542,48.1653
70472,3564,4009,5019,4721,3604,4805,7984,6061,3424,4018,5497,4766,3212,3574,3874,3954,-5.81897,10.7949,8.51682,48.0573
70473,3491,3635,3818,3665,3757,4392,4986,4099,4007,6108,7640,4680,3763,4852,5205,4346,7.74583,3.45409,8.63251,48.296
70474,6080,9635,6330,4043,4681,5378,4412,3793,3698,3878,3650,3355,3241,3405,3254,3101,-27.0622,-6.20946,8.61325,47.956
70475,4174,4068,3614,3406,5589,5865,4036,3446,6510,7057,4373,3571,4669,4641,3861,3341,2.89911,-13.806,8.60639,48.1473
70476,6638,9885,5563,3749,4942,5288,4307,3742,3782,3796,3560,3412,3309,3442,3350,3269,-33.8139,-8.92225,8.78282,48.0227
70477,6401,4741,3703,3258,10013,5449,3827,3342,6046,4445,3560,3226,3899,3878,3379,3180,-7.47168,-26.6063,8.93298,48.2313
70478,3235,3635,4548,5892,3375,3873,5200,9787,3353,3580,4568,6432,3196,3431,3819,4017,-6.09132,31.2789,8.80962,47.9607
70479,3790,3770,3526,3188,4599,4822,3987,3439,6461,7896,4673,3582,5179,5624,4147,3623,9.03657,-11.9767,8.53171,48.204
70480,3914,5793,9988,6342,3735,4556,5310,4849,3412,3542,3748,3631,3210,3387,3354,3320,-33.4025,8.00325,8.91371,48.0607
70481,6762,9481,5398,3808,5053,5619,4474,3683,3878,3877,3649,3459,3327,3404,3310,3068,-23.6788,-9.97549,8.5832,48.1667
70482,3111,3327,3441,3563,3300,3580,4089,4642,3434,3876,5291,8920,3396,3875,5463,8741,14.7684,26.7669,8.71867,48.0327
70483,3279,3609,4179,4922,3304,3687,5029,8679,3337,3606,4823,8160,3156,3462,4048,4618,-0.71825,27.5469,8.78118,47.932
70484,3826,4079,3704,3326,4664,6005,4516,3713,5177,7793,5156,3837,4294,4668,4219,3530,4.00709,-6.89834,8.94001,48.338
70485,8055,5395,3871,3336,9517,5165,3902,3432,4892,4124,3402,3223,3679,3608,3278,3192,-12.7577,-32.0805,8.94863,48.0473
70486,3637,4665,8379,7438,3473,4265,6225,5916,3393,3522,3993,3888,3202,3323,3463,3452,-20.1851,13.2982,8.90242,48.156
70487,5400,9357,6796,4216,4391,5152,4596,4004,3664,3790,3728,3362,3420,3264,3393,3246,-31.1806,-4.12261,8.50653,47.8527
70488,7940,7583,4552,3579,6398,6239,4182,3478,4093,4150,3611,3320,3403,3505,3320,3022,-18.7273,-15.7359,8.69913,48.25
70489,3370,3931,4810,5355,3485,4063,6884,8310,3289,3741,4951,5719,3138,3501,3819,4086,-5.97948,18.0253,8.98198,48.3013
70490,3842,5787,9941,6357,3646,4534,5371,4706,3444,3572,3876,3656,3164,3290,3428,3284,-33.2756,8.42822,8.90003,47.932
70491,3111,3211,3321,3504,3184,3338,3812,3988,3335,3770,4872,5948,3324,3971,7003,12002,32.2343,22.547,8.97076,47.796
70492,7555,5835,4010,3355,8074,6153,3984,3450,4777,4324,3583,3293,3643,3479,3263,3033,-13.6619,-19.835,8.84129,47.874
70493,8067,5295,3741,3249,9209,5596,3842,3348,4889,4270,3482,3315,3849,3550,3257,3157,-13.0959,-24.8089,8.68125,48.0773
70494,3327,3843,5436,8807,3319,3848,5251,9108,3214,3583,4066,4693,3146,3264,3478,3709,-14.5389,28.9734,8.62228,48.0613
70495,5022,4619,3820,3206,7678,6585,4084,3455,6055,5635,4023,3366,4146,4034,3594,3263,-3.68954,-17.3128,8.97217,48.39
70496,12263,6021,3919,3413,6069,4919,3723,3479,4024,3936,3445,3285,3421,3334,3321,3302,-27.3305,-29.6044,8.51898,47.916
70497,3281,3361,3246,3161,3922,4009,3515,3285,5640,5252,3986,3482,9273,8600,4553,3489,26.2781,-16.1627,8.72772,48.0367
70498,3557,3481,3214,3024,4608,4069,3539,3344,8580,5183,3890,3307,9124,5507,3819,3370,15.7253,-31.6724,8.61238,47.744
70499,4048,4751,4482,4033,4427,7467,6316,4015,4147,5380,4725,3794,3574,3934,3894,3456,-5.60568,-2.23423,8.99552,48.2953
70500,3018,3322,3478,3279,3267,3461,3785,3808,3540,4162,5499,5172,3713,4998,9347,8130,26.4799,12.8911,8.75211,47.986
70501,3552,3771,3652,3375,4056,4722,4409,3666,4728,7566,6254,4001,4247,5350,5053,3930,9.55129,-3.07908,8.5061,48.2213
70502,3362,3682,3901,3973,3602,4136,5639,4916,3523,4646,7930,6152,3484,3931,4944,4728,5.16578,11.2351,8.83543,48.366
70503,3260,3499,4127,4737,3419,3688,4855,8284,3452,3784,4885,8213,3246,3657,4161,4761,-0.238243,33.6726,8.91826,48.0187
70504,3008,3214,3377,3299,3244,3410,3786,4018,3357,3817,4823,5821,3447,4064,6892,12115,29.4179,23.2548,8.9346,47.7947
70505,10589,6555,4071,3464,6824,5211,3980,3417,4072,3873,3453,3345,3424,3365,3150,3155,-21.5363,-22.5576,8.6951,47.9653
70506,8247,9453,4741,3677,5182,5258,4162,3575,3794,3746,3642,3280,3395,3318,3293,3165,-28.5053,-13.316,8.91265,47.952
70507,3148,3236,3416,3460,3267,3610,3969,4059,3422,4021,5726,6446,3493,4248,7738,8804,20.414,17.0235,8.9081,48.042
70508,8885,6434,4108,3337,7686,5797,3912,3433,4361,3961,3633,3314,3563,3513,3255,3119,-17.1771,-20.4169,8.84992,48.2073
70509,3176,3317,3327,3386,3364,3562,3834,3995,3509,3911,5059,5616,3580,4306,7937,10186,30.5946,18.3155,8.58958,48.0433
70510,3939,4573,4321,3796,4455,7106,6273,4142,4155,5701,5007,3869,3748,3942,3859,3473,-3.74123,-2.08548,8.83799,48.2393
70511,3295,3502,4158,4537,3283,3664,4772,7751,3390,3808,5023,8658,3237,3627,4264,4927,1.52857,30.8117,8.69886,47.9307
70512,12602,5958,3768,3448,6025,4720,3760,3359,3847,3744,3451,3169,3448,3420,3140,3091,-30.9265,-29.4905,8.78636,47.3
70513,3628,4650,7289,6465,3597,4462,7170,6042,3311,3583,4453,4092,3117,3367,3455,3525,-15.4676,11.8778,8.96864,48.1373
70514,11570,5818,3928,3355,7039,4801,3774,3478,4052,3891,3562,3246,3483,3381,3216,3104,-21.901,-31.5311,8.59983,47.7987
70515,4037,5888,8487,5669,3837,4967,6407,4860,3464,3812,4047,3802,3213,3332,3337,3366,-19.1855,6.17915,8.82395,48.35
70516,3352,3894,5715,9564,3475,3780,5192,8467,3199,3592,4004,4528,3237,3220,3549,3468,-16.9132,25.5954,8.67867,48.1573
70517,5356,4384,3675,3182,9089,5105,3842,3362,7404,4678,3714,3342,4481,4081,3512,3114,-2.77256,-27.7775,8.85957,48.214
70518,3327,3383,3305,3099,3752,3932,3579,3319,5112,5320,4329,3575,7334,9639,5147,3745,32.6663,-11.2798,8.58041,47.9313
70519,3283,3420,3572,3596,3511,4100,4656,4184,3789,5092,8234,5494,3553,4593,6220,5269,11.4362,8.41982,8.88189,48.3773
70520,3676,4825,9210,8391,3514,4237,5245,5319,3210,3559,3881,3852,3129,3221,3487,3345,-30.797,13.6901,8.7821,48.0673
70521,5096,6805,5085,3860,5200,7638,5190,3782,3989,4359,3937,3524,3550,3532,3476,3297,-13.5694,-6.50125,8.63976,48.2133
70522,3411,4150,6284,7858,3469,4060,6167,7555,3229,3615,4181,4497,3055,3271,3618,3536,-15.2954,18.7185,8.98561,47.9707
70523,3922,5795,10091,6629,3619,4418,5237,4929,3364,3630,3751,3703,3199,3291,3241,3300,-27.6211,8.51511,8.90854,48.0793
70524,3442,4324,7607,9966,3366,4020,5317,6158,3319,3597,3847,4069,3098,3265,3377,3453,-23.8179,18.8361,8.66376,48.15
70525,11652,6024,4010,3318,7149,4852,3798,3426,4135,3920,3421,3257,3523,3271,3223,3162,-21.9629,-28.8547,8.99443,48.094
70526,3945,5961,8148,5341,3897,5109,6595,4837,3432,3830,3976,3809,3308,3332,3493,3438,-17.966,4.86502,8.89221,48.3007
70527,3309,3406,3338,3267,3529,3697,3727,3657,4140,5014,5032,4253,4697,8058,8442,4744,33.136,0.561138,8.82719,48.2067
70528,6130,9953,6059,4009,4635,5298,4563,3820,3725,3869,3617,3513,3172,3420,3242,3211,-27.4503,-7.18556,8.64186,48.1573
70529,3221,3585,4456,5080,3309,3750,5157,9091,3243,3579,4838,7506,3187,3478,4020,4476,-2.53875,28.5882,8.89586,47.984
70530,3626,4510,8135,9360,3450,4035,5276,5805,3227,3493,3839,4021,3065,3103,3463,3427,-24.1487,16.7186,8.70403,47.89
70531,3353,3563,4282,5056,3390,3900,5057,8863,3426,3637,4854,7413,3167,3465,4030,4388,-2.36537,33.3852,8.77412,47.896
70532,11764,6817,4004,3364,5976,4811,3835,3379,3891,3825,3482,3226,3428,3479,3305,3033,-32.4473,-22.392,8.74011,47.746
70533,3345,3844,5011,7178,3364,3928,5469,9414,3207,3559,4368,5359,3072,3330,3693,3765,-10.6161,24.6572,8.51168,47.9373
70534,3040,3346,3464,3418,3296,3579,3934,3955,3425,4218,5856,5845,3597,4748,8350,8074,20.8811,14.6109,8.99206,48.0967
70535,3123,3305,3266,3282,3452,3694,3699,3690,4119,5008,5402,4451,4377,7250,8802,5214,23.6378,2.74896,8.84692,48.0893
70536,3360,4018,5549,9021,3401,3880,5205,8615,3342,3525,4061,4530,3119,3267,3439,3685,-15.288,33.3635,8.59304,48.0113
70537,7069,4936,3866,3365,9864,5307,3923,3318,5346,4260,3632,3251,3868,3615,3361,3180,-10.2874,-33.6772,8.63749,48.1073
70538,4217,7317,9108,5115,3987,4747,5173,4283,3577,3735,3822,3587,3285,3371,3274,3334,-32.9888,2.5254,8.76754,47.9547
70539,3478,4183,5981,6154,3563,4339,7420,7256,3353,3705,4657,4600,3179,3491,3615,3686,-11.7207,15.0409,8.84174,48.44
70540,3130,3136,3261,3345,3198,3496,3794,3867,3380,3789,4735,6347,3248,4003,6649,12209,27.2046,24.669,8.62782,47.7247
70541,3274,3590,4016,4017,3515,4078,5787,5330,3614,4351,7502,6331,3366,3804,4861,4794,4.10036,12.6006,8.94485,48.1533
70542,3121,3241,3277,3489,3078,3314,3815,3942,3429,3717,4884,6620,3339,3923,6038,12233,24.1582,26.8647,8.9282,47.64
70543,5436,9184,6850,4288,4396,5036,4662,3931,3608,3815,3824,3454,3282,3443,3383,3320,-31.9338,-4.21692,8.52902,47.9413
70544,3177,3179,3435,3421,3196,3524,3794,4087,3341,3779,4737,6742,3275,3932,6077,12168,24.0296,28.474,8.78859,47.9093
70545,3287,3489,3869,4344,3366,3762,5019,6965,3361,3853,5610,9089,3246,3626,4448,5313,3.62083,23.2295,8.94711,48.4313
70546,3426,3978,5175,5440,3531,4139,7357,7324,3517,3731,4944,5114,3165,3420,3886,3925,-7.43075,15.6935,8.65793,48.048
70547,3451,4186,5475,5644,3586,4408,7416,7047,3451,3789,4814,4904,3349,3457,3824,3808,-9.02459,14.3326,8.63082,48.406
70548,3420,3912,5665,9224,3403,3719,5239,8606,3306,3544,4044,4581,3019,3191,3445,3660,-16.1456,25.9776,8.8602,47.9853
70549,3132,3334,3713,3728,3370,3628,4432,5389,3374,3832,5680,9429,3397,3794,5179,6726,9.65153,23.2139,8.71423,48.0913
70550,3268,3334,3279,3180,3626,3765,3723,3424,4448,5115,4741,3885,5470,9052,7307,4510,27.1632,-3.25876,8.65492,48.0847
70551,3193,3632,4120,4663,3335,3746,4932,8558,3296,3697,4857,8227,3134,3538,4152,4718,-0.0141339,31.0202,8.98661,47.8653
70552,5589,4511,3649,3293,9536,5296,3861,3341,6533,4598,3681,3261,4198,3902,3538,3254,-5.22587,-33.3045,8.60638,48.0273
70553,12467,5720,3813,3460,5932,4700,3811,3269,4037,3738,3464,3363,3365,3289,3239,3248,-33.6152,-31.9887,8.7099,47.2767
70554,3137,3317,3609,3732,3249,3532,4168,4917,3384,3846,5647,9048,3351,3897,5416,7899,13.0165,23.8793,8.71008,48.0993
70555,3163,3283,3407,3264,3416,3590,3834,3684,3716,4385,5612,4856,3806,5792,9891,6731,25.531,8.94273,8.90554,48.2867
70556,3323,3802,4794,5287,3465,4049,6928,7647,3438,3966,5262,5612,3399,3450,3900,4050,-5.26763,16.4197,8.58747,48.248
70557,4515,4428,3789,3393,6577,6537,4136,3539,6180,6067,4032,3541,4298,4195,3698,3285,-1.07654,-15.4733,8.56088,48.14
70558,3530,3513,3257,3117,4841,4112,3547,3264,9252,5168,3803,3384,8694,5375,3878,3429,13.8682,-30.0238,8.99275,48.1093
70559,3805,4152,3887,3620,4464,6483,5328,3957,4632,6823,5514,3978,3968,4196,4036,3543,0.583761,-3.62163,8.80833,48.2573
70560,5788,8253,5363,3869,5176,6742,4808,3657,3933,4107,3883,3454,3418,3412,3327,3241,-17.9353,-7.86532,8.65813,48.2873
70561,3974,5903,9757,6464,3744,4397,5412,4791,3393,3678,3957,3699,3172,3220,3305,3324,-26.4397,8.33191,8.54175,48.1267
70562,3373,4107,6824,11499,3502,3829,4882,6428,3135,3499,3823,4031,3064,3247,3269,3419,-24.071,23.0913,8.83347,47.954
70563,3450,3408,3340,3186,3778,4011,3695,3327,5038,6413,4676,3711,6014,8661,5638,4036,19.6452,-7.81106,8.98325,48.2547
70564,3272,3370,3396,3275,3488,3818,3729,3397,4288,4987,4717,4072,5077,9010,7745,4465,30.0836,-1.88385,8.82517,48.0707
70565,3086,3350,3344,3394,3200,3386,3876,3906,3546,3945,5308,5718,3455,4473,8047,10060,26.0067,17.6639,8.71185,48.0627
70566,3511,3957,3997,3707,3756,5198,5890,4279,4032,5889,7092,4632,3743,4246,4500,4022,2.90149,2.63254,8.92655,48.3007
70567,4172,3829,3519,3137,6468,4757,3689,3251,9274,5589,3859,3330,5590,4529,3767,3373,5.23508,-23.4982,8.88944,48.0887
70568,3483,3479,3332,3202,3840,3699,3318,3340,5939,4636,3622,3443,12554,5796,3846,3436,33.3337,-32.5423,8.9621,47.31
70569,3296,3768,5674,10030,3405,3881,5153,8282,3323,3457,3956,4396,3106,3258,3451,3488,-17.4629,32.4951,8.70496,47.9493
70570,3205,3415,3282,3120,3731,3740,3489,3238,4909,5325,4342,3807,6676,9946,5647,3898,27.3596,-8.99056,8.72284,47.8467
70571,3451,3610,3603,3325,3772,4333,4200,3725,4479,6883,6194,4186,4507,6164,5729,4251,13.1841,-1.34584,8.78744,48.2747
70572,3478,4115,7056,9133,3386,4091,5709,6750,3354,3625,4007,4185,3046,3234,3428,3443,-19.5774,18.8852,8.67187,48.0267
70573,3492,4348,7868,9756,3398,4047,5299,6039,3279,3507,3866,3941,3099,3254,3361,3379,-24.0494,17.6682,8.77163,47.9553
70574,7920,5066,3782,3310,9538,5182,3869,3277,4954,4257,3610,3213,3768,3601,3310,3166,-12.259,-31.7321,8.69527,47.882
70575,3253,3695,3985,4222,3482,4016,5634,5929,3519,4134,6605,7061,3435,3877,4634,4899,3.18623,15.6334,8.53336,48.2533
70576,3232,3360,3297,3122,4017,3897,3599,3253,5519,5793,4228,3645,7836,9108,4891,3679,22.7398,-12.7121,8.89103,48.3173
70577,4549,4373,3725,3254,6744,6534,4138,3533,6409,6096,4074,3513,4445,4266,3669,3301,-0.695922,-15.8214,8.73514,48.4153
70578,3247,3253,3337,3387,3323,3592,3934,3734,3648,4319,5227,4753,3928,5817,9946,6610,30.8905,8.49047,8.93971,48.0367
70579,3146,3335,3545,3809,3290,3651,4324,5084,3405,4087,5925,8990,3419,3835,5247,7404,11.4418,22.0868,8.55161,48.3307
70580,3290,3367,3335,3274,3653,3896,3819,3444,4288,5828,5113,3925,5206,8667,6766,4366,21.4432,-3.42181,8.68452,48.158
70581,7082,6797,4456,3572,6651,6705,4196,3553,4331,4231,3681,3322,3568,3492,3221,3104,-15.486,-15.1891,8.56344,47.9747
70582,3404,3811,4953,7530,3496,3699,5219,9644,3206,3418,4232,5130,3130,3299,3653,3643,-11.2535,32.7597,8.97051,47.6447
70583,3208,3328,3342,3363,3259,3577,3868,3815,3537,4236,5155,5147,3680,5129,9452,7798,27.3332,12.4034,8.66063,47.9293
70584,3496,3421,3254,3205,4008,3907,3352,3243,5968,5029,3913,3443,10688,7628,4270,3435,26.042,-19.6536,8.78067,48.1733
70585,3393,3975,6324,12136,3478,3768,4780,6561,3205,3459,4006,3975,3085,3200,3360,3420,-25.6431,26.0458,8.58971,48.0833
70586,3087,3300,3290,3277,3397,3605,3903,3708,3896,4727,5678,4659,4254,6254,9334,5705,23.37,5.90092,8.92018,48.0493
70587,3367,4005,5550,6426,3545,4135,6647,8169,3341,3725,4495,4992,3118,3435,3749,3737,-10.5031,17.9906,8.78729,48.2907
70588,3328,3903,5908,11848,3415,3784,4779,6975,3348,3521,3694,4039,3172,3247,3403,3377,-22.7923,30.3759,8.57224,47.8273
70589,3085,3306,3390,3413,3268,3431,3701,3823,3329,3797,4751,5923,3425,3835,6102,12536,29.7247,28.6239,8.69358,47.41
70590,4285,6748,8847,5304,3959,4855,5849,4440,3452,3662,3844,3679,3245,3381,3267,3358,-22.481,3.74504,8.72288,48.1167
70591,3145,3223,3403,3396,3315,3479,3815,3960,3350,3729,4738,6038,3329,3874,5902,12526,32.2601,30.1293,8.54531,47.4813
70592,3437,3400,3215,3071,4038,3851,3413,3184,6863,4760,3829,3339,12167,5972,3978,3355,23.793,-29.9297,8.68239,47.9147
70593,3022,3251,3434,3359,3269,3456,3931,4129,3340,3887,5092,7235,3533,4070,6495,10732,20.31,22.9327,8.71512,48.1567
70594,3485,3591,3440,3137,4239,4553,3820,3394,6174,7793,4612,3634,5667,6530,4465,3660,12.3124,-11.067,8.73873,48.1293
70595,3146,3233,3421,3481,3285,3606,3972,4132,3386,4087,5636,6664,3459,4267,7453,9233,20.059,18.0074,8.87798,48.3073
70596,3361,3810,6189,11653,3428,3931,4971,6985,3181,3488,3843,4177,3030,3142,3387,3442,-22.1559,26.4601,8.89748,48.012
70597,3215,3289,3540,3608,3290,3643,4078,4989,3398,3854,5204,9531,3329,3798,5128,7845,12.5824,33.7871,8.97484,47.826
70598,3442,3462,3270,3025,4562,3966,3528,3349,8577,5221,3743,3387,9625,5637,3924,3394,16.5939,-27.6655,8.9508,48.0747
70599,3312,3595,3912,3893,3596,4130,5648,4892,3621,4641,7944,6006,3457,4036,4913,4662,5.26209,10.8047,8.85329,48.172
70600,3679,4436,5843,4990,3700,4914,8149,5597,3491,4102,4813,4275,3304,3550,3743,3683,-9.83647,8.44749,8.58217,48.1793
70601,3590,3548,3268,3037,4839,4087,3432,3179,9274,5136,3830,3376,8605,5318,3853,3344,14.1356,-28.4458,8.8252,47.8107
70602,3447,3379,3255,3063,4280,3888,3422,3247,7318,4965,3688,3338,11449,5744,3882,3412,20.7123,-30.0312,8.89476,47.8513
70603,3480,4047,6563,9612,3351,3859,5399,7166,3263,3476,3978,4276,3102,3289,3523,3577,-19.0319,21.1936,8.55315,47.974
70604,8067,5199,3725,3293,9565,5333,3788,3471,4926,4119,3523,3247,3692,3620,3372,3203,-12.3241,-31.6378,8.87992,48.0953
70605,3162,3255,3393,3372,3308,3440,3971,4163,3288,3815,4980,7116,3457,3841,5907,11140,20.7586,33.8913,8.51152,47.7387
70606,3134,3479,3810,4042,3350,3694,4497,6336,3360,3832,5278,9800,3302,3696,4541,6109,6.45845,27.3855,8.89334,48.1733
70607,3278,3883,5079,6468,3501,3936,5861,9184,3390,3643,4362,5367,3170,3306,3671,3938,-9.37947,22.2913,8.56284,48.0247
70608,3433,3931,5937,12489,3422,3777,4824,5808,3332,3448,3757,3877,3228,3169,3442,3440,-31.1827,33.2744,8.70808,47.5427
70609,3483,3321,3264,3059,4449,3915,3510,3300,8330,5221,3846,3417,10123,5380,3868,3318,17.3442,-30.2921,8.98467,47.8693
70610,3625,3475,3398,3200,4491,4262,3677,3363,7541,6305,4084,3446,7636,6337,4051,3422,14.5699,-18.5589,8.59008,48.2087
70611,3417,4005,5142,5272,3455,4280,7364,6950,3450,3811,5321,5178,3342,3557,3833,3908,-6.54914,14.4008,8.66673,48.19
70612,10975,5810,4015,3419,7535,4988,3821,3439,4130,3850,3539,3197,3440,3387,3252,3162,-20.0514,-31.0691,8.61403,47.9727
70613,3370,3440,3302,3006,3847,3897,3545,3183,5317,5159,4041,3561,8643,9292,4728,3704,29.0341,-13.9326,8.88865,48.0233
70614,3140,3393,3774,4037,3234,3698,4536,5948,3385,3779,5651,9458,3283,3690,4695,6263,7.43431,24.6623,8.52563,47.976
70615,3358,3937,5757,10953,3402,3880,5025,7580,3262,3535,3917,4124,3072,3156,3418,3431,-19.9945,31.2421,8.58201,47.8713
70616,3096,3292,3377,3398,3199,3382,3817,3959,3311,3797,5104,6116,3568,4129,7078,11263,25.0042,21.6968,8.74852,47.924
70617,5983,4526,3690,3318,9650,5212,3763,3266,6358,4416,3642,3253,4194,3849,3389,3252,-6.1677,-30.8243,8.52309,47.8407
70618,3171,3452,3622,3572,3441,3681,4478,4368,3584,4520,7487,6445,3520,4389,6599,6129,12.9593,12.8091,8.71948,48.3053
70619,3535,4670,8959,9015,3587,4038,5276,5534,3175,3482,3720,3733,3078,3367,3422,3384,-26.6839,15.0558,8.75672,47.9833
70620,3733,4543,6401,5572,3665,4908,7848,5857,3543,3861,4580,4303,3163,3364,3588,3516,-12.5527,9.76542,8.89393,48.2967
70621,5339,7014,4922,3798,5407,7523,5093,3812,3995,4290,3873,3438,3564,3491,3505,3267,-14.1995,-8.0976,8.55567,48.2207
70622,3383,4329,7859,9998,3460,3949,5188,6079,3242,3506,3802,4034,3060,3220,3290,3352,-24.3108,18.41,8.70946,47.834
70623,3112,3284,3451,3302,3334,3531,3878,3900,3674,4220,5421,5133,3837,5185,9489,7325,25.9753,11.0942,8.55035,48.0507
70624,12561,6161,4032,3416,6264,4775,3761,3439,3887,3763,3500,3263,3379,3285,3183,3121,-26.5656,-29.2828,8.51394,47.86
70625,4218,6099,9181,5727,3821,4732,6000,4740,3392,3720,3921,3744,3195,3293,3304,3447,-22.0554,6.51654,8.7809,48.356
70626,3098,3305,3648,3866,3318,3559,4385,5607,3283,3849,5380,10055,3228,3747,4883,6953,9.29993,27.3052,8.97425,48.1093
70627,3503,4183,7316,11136,3448,3899,4998,6090,3261,3373,3748,3827,3099,3247,3414,3328,-26.7089,20.9073,8.81831,47.9133
70628,7275,9912,5387,3839,5031,5297,4193,3577,3711,3849,3539,3272,3328,3365,3309,3021,-28.3015,-10.4962,8.73786,47.9367
70629,3174,3342,3683,3924,3304,3558,4462,5779,3366,3827,5259,10030,3345,3719,4836,6311,8.11151,33.3637,8.68293,47.946
70630,4152,5756,6720,4671,4126,5881,7143,4683,3693,4032,4232,3820,3363,3490,3507,3433,-14.4649,3.05875,8.86015,48.468
70631,3280,3274,3261,3235,3747,3928,3632,3436,4393,5039,4686,3964,5431,9451,7117,4306,32.039,-3.82385,8.96307,48.12
70632,3345,3304,3174,3151,3643,3754,3747,3459,4426,5169,4646,3971,5344,9428,7251,4237,30.4921,-3.60379,8.98403,48.0327
70633,5025,5101,3983,3487,6757,7730,4470,3620,5028,5343,3966,3429,3806,3853,3532,3220,-6.44587,-12.8484,8.75996,48.2333
70634,3450,3899,6038,12656,3262,3760,4458,6189,3263,3379,3775,3889,3145,3271,3291,3340,-28.7566,32.1544,8.74472,47.3767
70635,3217,3466,3497,3281,3617,3894,4118,3628,4225,5793,5917,4289,4597,6982,7107,4636,18.4878,0.441318,8.57266,48.176
70636,5816,4687,3733,3299,9279,5463,3779,3360,6402,4663,3706,3352,4202,3808,3512,3147,-5.48857,-25.5042,8.54919,48.1387
70637,3286,3832,4835,5238,3407,4138,6988,7705,3331,3788,5231,5541,3217,3491,3918,3905,-5.67213,16.4319,8.96055,47.9007
70638,3375,3464,3399,3181,3546,3968,3924,3490,4342,5817,5665,4190,4706,7550,6846,4706,18.968,-0.69716,8.55271,48.1127
70639,3624,3488,3313,3218,4394,3858,3494,3193,8031,5314,3751,3368,9746,5992,3877,3308,17.9396,-24.2251,8.76327,47.9793
70640,4250,4031,3572,3338,7159,4616,3796,3388,9348,5138,3720,3384,5271,4372,3621,3282,3.44817,-29.2889,8.65993,48.1907
70641,3856,5240,9742,7380,3594,4191,5270,5183,3267,3614,3827,3842,3236,3319,3420,3361,-29.1209,11.2422,8.73339,48.228
70642,3496,3635,3468,3241,4217,4443,3842,3365,5536,7712,4859,3716,5547,7090,4781,3799,14.001,-9.01279,8.74093,48.498
70643,7454,9569,5122,3810,5259,5463,4342,3587,3725,3901,3594,3288,3363,3445,3242,3167,-24.4964,-11.4965,8.96166,48.2207
70644,4042,6183,9150,5653,3854,4637,5930,4696,3439,3750,3842,3852,3234,3280,3381,3324,-22.1062,6.04961,8.98086,48.1647
70645,3565,3469,3239,3025,4558,4029,3580,3233,8551,5330,3807,3427,9302,5906,3888,3347,16.0817,-24.5558,8.95051,48.1707
70646,3134,3246,3317,3321,3220,3483,3876,4019,3431,3777,5085,5777,3466,4137,7387,11371,27.3741,20.276,8.93988,48.0313
70647,3358,4056,6966,11788,3364,3863,4866,5839,3299,3467,3836,3822,3297,3228,3387,3261,-30.1828,22.1321,8.64893,47.798
70648,4195,4052,3384,3337,6421,5330,3966,3334,7779,6398,3915,3375,5011,4562,3787,3365,3.44312,-18.4715,8.78046,48.1407
70649,4559,4601,3866,3484,6159,7307,4592,3599,5494,6028,4162,3471,4146,4149,3544,3354,-3.00512,-12.4488,8.6888,48.3433
70650,3538,4104,5192,4587,3625,4883,8035,5658,3582,4163,5442,4605,3207,3636,3894,3826,-6.25989,9.09263,8.66337,47.9847
70651,3324,3874,5150,7884,3442,3874,5256,9415,3342,3593,4197,4877,3231,3372,3610,3611,-12.6781,31.3985,8.55195,48.0347
70652,3242,3264,3431,3444,3146,3388,3915,4382,3489,3768,5140,8139,3413,3780,5578,10131,17.6709,29.8332,8.65746,47.7667
70653,3746,3627,3234,3162,5161,4228,3540,3255,9632,5466,3740,3372,7630,5096,3830,3376,11.6048,-25.2621,8.88419,48.0633
70654,6843,6656,4390,3623,6745,7027,4273,3515,4346,4323,3729,3385,3478,3522,3333,3140,-14.5731,-14.5419,8.94189,48.2187
70655,3355,4012,6393,11280,3410,3933,4930,6879,3134,3448,3868,4147,3076,3243,3414,3382,-22.5089,24.5834,8.62587,47.936
70656,3376,3344,3280,3107,3802,3683,3516,3136,6069,4782,3697,3384,12243,6403,3874,3367,31.6209,-24.6964,8.99401,47.3753
70657,3647,3513,3345,3081,5108,4300,3580,3227,9383,5572,3826,3400,7563,5306,3926,3411,12.0411,-23.8016,8.98902,48.1253
70658,3879,4833,4896,4089,4102,6540,7326,4388,3705,4699,5015,4043,3422,3787,3728,3595,-6.71146,1.72315,8.94861,48.0313
70659,12379,6319,3858,3396,6264,4739,3716,3444,3931,3818,3440,3301,3427,3461,3308,3045,-28.0555,-26.4095,8.61263,47.8973
70660,10828,6214,3931,3405,7677,5161,3795,3477,4138,3869,3484,3229,3369,3413,3218,3035,-19.7209,-24.4571,8.98833,48.162
70661,3048,3378,3667,3757,3313,3846,4571,5011,3603,4197,7074,7826,3406,4052,5464,6302,9.85937,17.2561,8.87042,48.3433
70662,4034,5679,8389,5587,3933,4923,6564,4934,3470,3715,4061,3778,3151,3495,3416,3407,-18.4304,6.47596,8.76737,48.3573
70663,3113,3260,3373,3276,3286,3573,3751,3713,3728,4286,5383,5064,3719,5303,9828,7567,28.4105,11.0571,8.87169,48.1487
70664,4768,4106,3575,3247,8222,5263,3748,3309,8154,5268,3805,3366,4642,4267,3605,3195,-0.183426,-24.1554,8.85068,48.36
70665,6403,4933,3750,3342,9281,5729,3839,3440,5465,4608,3738,3319,3831,3820,3376,3226,-8.78813,-22.6972,8.60674,48.0667
70666,3713,4987,9583,8154,3595,4203,5286,5078,3358,3490,3856,3862,3126,3266,3315,3349,-28.8304,12.7423,8.58737,48.1473
70667,3073,3332,3628,3815,3274,3664,4396,5407,3465,3865,5558,9604,3344,3733,4970,6978,9.92876,25.2634,8.5503,48.0707
70668,3332,3368,3318,3178,4149,3982,3524,3205,6786,4996,3853,3440,11134,6438,4003,3386,22.2498,-25.3977,8.58743,48.0613
70669,3193,3364,3620,3419,3543,4000,4300,3870,3846,5266,7476,4955,3977,5293,7108,5017,14.3277,5.67981,8.92055,48.1647
70670,3510,4551,6704,6409,3655,4481,7093,6592,3396,3771,4383,4335,3114,3461,3669,3631,-14.0093,13.5998,8.50438,48.5033
70671,10615,7920,4330,3273,5544,5072,3883,3458,3856,3874,3494,3339,3324,3326,3282,3131,-29.8273,-18.6093,8.92247,47.814
70672,3512,4233,5998,6537,3591,4159,7018,7409,3408,3773,4456,4492,3193,3344,3648,3643,-12.5268,15.585,8.79628,48.276
70673,11746,5889,3828,3359,7213,4818,3771,3400,4153,3980,3465,3288,3489,3395,3238,3020,-21.8501,-28.3364,8.72804,48.0347
70674,3391,3542,3892,3637,3648,4417,5208,4268,3903,5347,7963,5269,3686,4415,5275,4503,6.88549,6.28278,8.53359,48.2427
70675,3362,3891,5583,9433,3428,3847,5403,8307,3299,3531,4147,4583,3140,3295,3424,3687,-16.2785,25.6286,8.86722,48.24
70676,3489,3508,3171,3084,4019,3907,3463,3212,6192,5657,4117,3480,9059,7806,4472,3497,21.6702,-17.2694,8.54163,48.0887
70677,3991,4699,4573,4059,4377,6870,6829,4206,3804,5072,5099,3930,3626,3780,3708,3502,-5.50322,0.098205,8.96001,48.0833
70678,3062,3415,3404,3341,3209,3428,3765,3953,3419,3803,4702,6122,3510,3925,6472,12276,27.3049,24.4631,8.80914,47.8707
70679,3673,3625,3203,3128,4806,4159,3579,3188,9198,5269,3775,3439,8362,5399,3957,3447,13.8968,-31.0393,8.51381,48.138
70680,3347,3321,3373,3214,3545,3759,3799,3572,3943,4840,4953,4219,4578,7911,8526,4961,33.3862,0.73297,8.88876,47.9073
70681,4545,4166,3530,3222,7174,5537,3921,3343,7654,5682,3921,3368,4797,4268,3685,3292,1.04473,-20.2474,8.91745,48.07
70682,3427,3698,6024,12728,3480,3784,4722,5964,3313,3440,3775,3845,3177,3175,3381,3464,-31.6007,31.231,8.99814,47.598
70683,3334,3709,4793,6915,3421,3900,5109,9920,3274,3678,4309,5617,3255,3418,3631,3850,-9.30683,31.5152,8.59512,48.0887
70684,3330,3413,3419,3410,3519,3911,4230,3832,3815,4960,6949,5021,3830,5313,7783,5556,16.7831,7.36134,8.58856,48.194
70685,3381,3442,3118,3150,3886,3925,3580,3234,5828,5527,4057,3453,8696,8626,4609,3627,23.8182,-15.3534,8.61994,48.0927
70686,3134,3253,3375,3515,3157,3479,3955,4175,3485,3729,4961,7168,3433,3932,6250,11048,20.7599,26.2928,8.63454,48.0327
70687,3411,3312,3154,3129,4075,3857,3512,3215,6928,4938,3767,3390,11773,6070,3917,3500,22.9819,-26.8835,8.97626,47.9653
70688,5468,5708,4167,3489,6781,7699,4457,3578,4541,4848,3878,3457,3688,3670,3464,3159,-9.75984,-13.1011,8.91018,48.0347
70689,3238,3722,4815,6305,3439,3785,5650,9410,3292,3559,4622,5823,3129,3346,3834,3982,-7.52047,23.1211,8.78963,47.9673
70690,3558,4630,8794,8593,3561,4043,5434,5598,3339,3677,3861,3872,3196,3228,3406,3369,-24.0722,14.6652,8.84489,48.106
70691,3619,4002,4656,4310,3739,5119,7530,5156,3687,4420,6287,4661,3356,3762,4140,3857,-2.90756,7.44154,8.69234,48.2007
70692,6238,10008,5908,3852,4683,5218,4463,3771,3703,3865,3562,3386,3366,3443,3335,3208,-31.7263,-7.65015,8.87127,48.006
70693,3682,3661,3282,3069,5298,4440,3665,3340,9758,5209,3815,3384,7352,5131,3887,3291,11.136,-33.1142,8.87894,48.176
70694,3154,3578,4078,4598,3355,3717,4942,7709,3309,3722,5142,8596,3175,3558,4266,4969,1.31629,25.7994,8.77339,47.912
70695,3153,3379,3434,3294,3411,3727,3871,3703,3921,5036,5662,4532,4190,6553,8827,5340,21.8279,4.22579,8.53668,48.022
70696,3239,3338,3764,4190,3368,3748,4698,6693,3355,3807,5162,9533,3363,3673,4490,5633,4.63231,33.4057,8.75983,48.036
70697,3378,3265,3101,3045,4010,3928,3492,3183,6150,4819,3843,3432,11873,6616,4050,3489,25.4085,-23.7827,8.60568,47.7827
70698,3338,3427,3867,4235,3325,3673,4724,6955,3417,3751,5225,9189,3287,3813,4596,5431,3.94245,26.5087,8.56799,48.1687
70699,3100,3208,3276,3367,3333,3365,3734,3881,3397,3816,4834,6105,3383,3993,6390,12647,29.757,26.3078,8.98669,47.886
70700,3112,3213,3351,3431,3166,3463,3757,3858,3493,3956,5121,5772,3551,4217,7815,10574,32.1741,18.8843,8.96988,47.9
70701,3388,4047,6354,7832,3417,3949,6159,7772,3264,3575,4187,4472,3121,3294,3468,3596,-15.1877,18.7948,8.96019,47.93
70702,3390,3393,3284,3217,3668,3699,3713,3344,4729,5215,4473,3883,6256,9940,5919,3976,31.9196,-7.55535,8.52797,48.066
70703,2991,3382,3428,3397,3268,3436,3925,3973,3413,4086,5742,5672,3641,4530,8531,8616,22.1055,15.1189,8.92878,48.0207
70704,3411,3476,3220,3057,4047,3945,3517,3350,6183,5422,4072,3467,9570,7732,4263,3542,22.4161,-17.9923,8.58082,48.1827
70705,3312,3669,4405,5161,3370,3878,5452,8532,3313,3733,4997,7165,3167,3480,4061,4441,-2.73655,23.0855,8.75883,48.0907
70706,3071,3288,3489,3423,3286,3554,3976,4086,3487,3929,5454,6420,3475,4416,7240,9477,21.6594,18.8172,8.53888,48.0473
70707,3356,4000,6662,11382,3405,3862,4923,6547,3326,3525,3865,4079,3020,3249,3346,3289,-23.4185,22.9548,8.95456,47.8907
70708,3377,3911,5838,10055,3401,3724,5142,7982,3235,3530,3925,4359,3069,3285,3452,3550,-18.2069,25.5849,8.68805,47.89
70709,3326,3447,3269,3117,3779,3991,3696,3460,4688,6173,4748,3815,5647,8857,5915,3979,20.6211,-6.28544,8.7869,47.938
70710,5599,9544,6887,4322,4496,5226,4732,3859,3577,3804,3673,3450,3313,3416,3348,3219,-30.5456,-4.54349,8.66347,48.31
70711,5850,8949,5755,4021,4893,6112,4658,3837,3677,3984,3766,3399,3408,3381,3293,3165,-21.1235,-7.16635,8.66906,48.0987
70712,3345,3877,5714,10335,3484,3899,5014,7984,3255,3449,3881,4377,3190,3189,3393,3532,-18.4066,30.8435,8.60036,47.9453
70713,5066,4885,3909,3351,6905,7162,4272,3401,5401,5430,3850,3391,4173,3986,3575,3200,-5.24626,-14.915,8.50397,47.9713
70714,7441,5022,3872,3342,9756,5327,3763,3280,5299,4313,3598,3311,3861,3600,3387,3059,-10.8419,-27.4119,8.62315,48.154
70715,3477,3553,3563,3369,3784,4298,4329,3741,4221,6967,6889,4389,4223,5728,5631,4266,11.6537,-0.137163,8.7181,48.2853
70716,3501,3894,5454,9548,3390,3815,4971,8391,3236,3478,4055,4603,3097,3299,3529,3551,-16.4907,32.4034,8.5312,47.8747
70717,4982,5281,4117,3506,6501,7859,4533,3568,4799,5113,3924,3419,3840,3793,3610,3301,-7.16433,-12.0129,8.79319,48.0973
70718,4195,4108,3711,3376,5265,6100,4156,3548,5949,7326,4406,3674,4567,4677,4005,3472,2.61665,-11.8023,8.82952,48.3567
70719,3912,4501,4769,4042,4074,6286,7247,4565,3787,4828,5341,4171,3540,3751,3892,3550,-5.34017,2.27983,8.9295,48.1707
70720,3160,3287,3369,3308,3397,3685,3887,3554,3936,4953,5774,4587,4207,6663,8978,5514,23.0065,4.19003,8.6717,48.1727
70721,4333,5348,5179,4110,4443,7144,6581,4263,3841,4615,4438,3822,3493,3738,3617,3369,-9.1291,-0.764133,8.88072,48.2227
70722,4537,7045,8061,4809,4128,5327,5653,4333,3549,3809,3914,3610,3251,3420,3377,3372,-21.1511,1.79099,8.61251,48.13
70723,3392,3562,3216,3168,3954,3733,3422,3308,6486,4850,3774,3442,11953,6058,4046,3359,23.8772,-31.5646,8.5252,47.8153
70724,3361,3840,5369,8871,3310,3839,5155,8949,3321,3600,4078,4802,3164,3243,3577,3564,-14.4734,29.0663,8.75122,48.0287
70725,4138,4161,3622,3336,5645,5913,4077,3418,6286,7262,4401,3469,4594,4560,3895,3429,2.92439,-13.0172,8.56312,48.1373
70726,3804,3970,3997,3577,4163,5738,5365,4125,4408,6630,5979,4208,3858,4450,4290,3743,2.18711,-1.4257,8.75714,48.2033
70727,3355,3676,4336,4416,3441,4112,6086,6357,3445,4098,6649,6468,3408,3697,4353,4546,0.94644,15.3757,8.70735,48.2953
70728,12310,5996,3852,3409,6110,4719,3780,3333,3876,3773,3361,3224,3465,3399,3193,3086,-32.4458,-27.4275,8.54583,47.2573
70729,3222,3673,4156,5273,3325,3780,5027,8945,3363,3756,4798,7540,3193,3540,3958,4455,-2.54772,27.8259,8.6091,48.0027
70730,3369,3803,4822,6981,3371,3823,5319,9774,3318,3670,4383,5374,3119,3329,3677,3779,-9.84194,32.016,8.75054,47.9407
70731,3582,3606,3265,3118,4602,4028,3497,3214,8288,5319,3924,3407,9239,5768,4021,3395,16.5517,-24.5544,8.76661,48.182
70732,3639,3852,3911,3498,4089,5154,5069,3936,4327,6905,6552,4176,4004,4724,4582,3953,5.02681,-1.02626,8.72989,48.2473
70733,11116,7408,4093,3383,5699,4955,3787,3443,4018,3731,3530,3266,3369,3556,3320,3115,-31.1618,-20.3587,8.91529,47.8593
70734,3306,3921,5102,5897,3455,3972,6353,8460,3369,3693,4681,5412,3198,3461,3845,3966,-7.67169,19.4982,8.66114,48.0607
70735,8494,5817,3967,3380,8432,5751,3941,3315,4611,4277,3668,3323,3627,3541,3313,3038,-15.0501,-22.6082,8.81986,48.33
70736,3331,3791,4601,4825,3528,4095,6532,7119,3355,4148,5809,6267,3225,3573,4063,4260,-2.2192,16.4085,8.85436,48.348
70737,3353,3957,5995,10461,3370,3852,5117,7654,3230,3609,3966,4092,3092,3155,3479,3631,-19.089,25.9786,8.76791,48.0087
70738,3164,3341,3570,3726,3250,3563,4020,4683,3337,3729,5340,8576,3415,3776,5513,8531,14.6981,24.2948,8.62098,47.6893
70739,3384,3441,3220,3094,4005,3766,3529,3227,6300,4862,3758,3422,12358,6087,3928,3344,26.0471,-29.6756,8.69165,47.8167
70740,4988,6791,5165,3907,4946,7611,5526,3929,3847,4301,4098,3523,3496,3634,3403,3212,-13.31,-5.78329,8.97165,48.2513
70741,3173,3255,3475,3587,3258,3531,4103,4552,3373,3872,5139,8748,3331,3931,5392,9172,15.2698,33.9837,8.99682,47.928
70742,3448,3515,3295,3106,4126,4243,3751,3396,5779,6773,4435,3477,6813,7675,4730,3450,17.235,-12.1782,8.83636,48.008
70743,6343,8317,5152,3821,5296,6549,4492,3749,4018,3959,3821,3385,3509,3583,3276,3148,-18.6349,-10.2983,8.70542,48.2787
70744,5102,6872,5038,3847,5233,7597,5124,3842,4105,4431,3842,3567,3477,3588,3483,3398,-13.5427,-7.14261,8.55646,48.364
70745,3239,3394,3400,3296,3576,3700,3755,3598,4253,5124,4816,4133,4994,8787,7681,4462,27.4964,-1.72764,8.87541,48.1387
70746,3074,3150,3570,3524,3258,3456,3931,4322,3423,3868,5204,7818,3310,3888,6004,10375,18.7174,25.7782,8.74542,48.1167
70747,3389,3937,5526,9627,3343,3774,5067,8338,3342,3565,4009,4554,3051,3330,3465,3549,-16.825,28.8609,8.75181,47.9107
70748,7834,5520,3977,3413,8734,5734,3895,3530,4978,4178,3524,3326,3659,3587,3304,3056,-13.1947,-22.8909,8.59084,48.166
70749,3436,3942,6039,8957,3309,3991,5718,7748,3205,3551,4124,4486,3137,3298,3511,3486,-16.5592,21.677,8.51067,47.9587
70750,6348,4756,3650,3414,9796,5170,3831,3323,5993,4428,3660,3237,4027,3700,3429,3287,-7.52858,-29.0456,8.58968,48.0327
70751,7392,4911,3845,3373,9825,5173,3777,3443,5226,4237,3607,3321,3752,3700,3400,3163,-10.8375,-30.1998,8.96541,48.0967
70752,3391,3899,6248,12482,3325,3753,4730,6022,3243,3400,3858,3983,3188,3253,3397,3256,-29.4683,26.8065,8.78169,47.6187
70753,3491,3630,3266,3108,4345,4115,3530,3264,7328,5699,3935,3427,8893,6585,4147,3519,17.5305,-19.8032,8.97737,48.188
70754,4326,4004,3468,3074,6926,4693,3656,3322,9318,5136,3825,3293,5618,4573,3598,3295,4.32991,-27.8866,8.69626,48.0833
70755,3167,3444,3898,4081,3411,3859,5115,6077,3479,3894,6391,8403,3266,3784,4751,5471,5.14586,19.329,8.60421,48.3273
70756,3294,3373,3249,3176,3973,3881,3500,3253,6584,4958,3828,3327,11875,6060,3929,3299,23.7793,-31.6281,8.72089,47.706
70757,3520,3536,3320,3099,4390,4077,3528,3228,7977,5543,3865,3440,9239,6153,4040,3478,17.0561,-22.5734,8.73815,48.2887
70758,3592,3408,3255,3205,4461,4046,3469,3248,8502,5076,3888,3304,9745,5403,3946,3332,16.7304,-31.2058,8.96239,47.92
70759,6453,6153,4227,3484,7395,6972,4280,3560,4452,4380,3679,3443,3528,3664,3447,3156,-12.1947,-15.8484,8.83749,48.182
70760,4738,7343,6836,4449,4347,6005,5785,4093,3664,4080,3964,3646,3354,3399,3346,3284,-17.9524,-0.848783,8.83144,48.222
70761,3674,3529,3342,3061,5026,4163,3599,3255,9208,5324,3759,3286,8357,5268,3787,3418,13.3564,-27.3159,8.67112,48.0373
70762,3271,3291,3399,3237,3405,3843,3920,3702,3921,5069,6143,4638,4155,6202,8651,5379,19.6914,5.06413,8.96573,48.1507
70763,4430,7101,9083,5243,3975,4921,5319,4408,3482,3622,3850,3703,3179,3361,3379,3300,-24.8225,3.08717,8.78953,48.2373
70764,5084,5750,4435,3522,6159,8138,4853,3634,4533,4898,3875,3464,3674,3621,3568,3171,-9.62089,-10.3872,8.76928,48.2527
70765,3509,3416,3203,3106,4159,3911,3464,3202,6917,4864,3783,3378,11469,6254,3952,3487,21.9771,-26.0777,8.55877,48.0493
70766,4252,3910,3508,3186,6761,4549,3763,3321,9471,5292,3726,3258,5558,4410,3593,3363,4.50558,-28.9463,8.6655,47.9473
70767,3052,3302,3444,3344,3344,3655,4179,4022,3678,4545,6597,5481,3707,5046,8410,6618,18.6506,10.7835,8.71347,48.2827
70768,4539,5638,4551,3776,4858,8049,5708,3889,4228,4858,4249,3609,3618,3637,3542,3311,-9.24589,-5.03948,8.77931,48.04
70769,3369,3357,3307,3155,3930,3682,3424,3261,6327,4814,3765,3372,12360,6028,3869,3423,25.9384,-32.4564,8.5083,47.6287
70770,4426,7319,8482,5021,4088,5015,5511,4363,3544,3775,3873,3475,3224,3264,3422,3276,-23.0156,1.86958,8.88302,48.052
70771,3534,3778,6018,12594,3407,3930,4805,6194,3210,3503,3693,3853,3132,3301,3298,3410,-27.8597,28.9657,8.72056,47.7733
70772,7208,4971,3898,3379,9960,5297,3773,3406,5341,4336,3542,3259,3832,3699,3388,3080,-10.4022,-32.2425,8.78815,48.246
70773,10148,7118,4183,3466,6499,5273,3974,3406,4087,4025,3499,3212,3373,3367,3213,3068,-22.0982,-20.4405,8.5614,47.9407
70774,3403,3741,4231,4104,3584,4322,6462,5249,3589,4550,7224,5631,3411,3966,4641,4323,1.93397,10.446,8.8378,48.2873
70775,5359,6252,4401,3684,6122,8085,4845,3662,4254,4712,3934,3323,3537,3641,3320,3162,-11.1758,-10.5692,8.97425,48.1953
70776,3676,3682,3487,3242,4401,4623,3882,3466,6561,7770,4506,3574,5681,5953,4204,3481,10.8643,-12.3033,8.68428,48.126
70777,3137,3380,3580,3779,3293,3593,4206,5337,3348,3783,5294,9815,3325,3841,5002,7045,10.4828,33.9124,8.77775,47.8387
70778,3461,3341,3340,3101,3936,3660,3403,3212,6171,4758,3678,3436,12617,6121,3973,3212,28.5404,-31.4479,8.86725,47.6133
70779,4442,4039,3527,3237,7313,4745,3793,3308,8914,5248,3843,3393,5345,4277,3597,3208,2.88313,-25.3312,8.50297,48.1527
70780,3080,3196,3317,3343,3377,3486,3788,3768,3641,4235,5237,5051,3647,5087,9725,7560,32.6765,11.2678,8.83362,47.692
70781,4477,5515,4821,3897,4694,7736,6094,4082,3978,4669,4407,3722,3475,3514,3634,3511,-9.00651,-3.26436,8.57836,48.1507
70782,3608,4105,4022,3781,4112,5621,5533,4048,4181,6299,6328,4303,3825,4308,4371,3732,1.71404,0.139168,8.70029,48.118
70783,3043,3234,3465,3320,3433,3587,3867,3811,3586,4356,5489,5204,3758,5021,9485,7710,25.6151,11.9834,8.8544,48.246
70784,5974,7416,4774,3770,5661,7145,4592,3628,4154,4283,3861,3400,3476,3523,3298,3189,-15.7241,-10.4698,8.62378,48.096
70785,3173,3606,4295,5248,3292,3786,5262,9038,3302,3688,4824,7153,3200,3609,3997,4441,-2.90796,25.5273,8.65547,47.9427
70786,7805,8352,4726,3648,5736,5993,4380,3522,3960,3927,3665,3348,3362,3398,3301,3117,-20.5095,-13.6111,8.91935,48.16
70787,7108,9687,5558,3815,4927,5378,4225,3585,3793,3881,3621,3356,3351,3276,3338,3153,-27.0751,-10.1048,8.75935,48.0347
70788,3254,3434,3562,3384,3659,4015,4127,3887,4153,5995,6781,4635,4281,5907,6708,4640,14.9961,2.08667,8.59293,48.2813
70789,3567,4078,4204,3785,4094,5685,6162,4389,4046,5771,6494,4263,3691,4133,4219,3893,0.206136,1.62345,8.91499,48.316
70790,3201,3380,3804,3563,3404,3826,4800,4393,3520,4612,7773,6547,3484,4318,6039,5616,10.6215,12.2233,8.81882,48.1867
70791,3121,3296,3552,3515,3270,3580,4024,4220,3542,4182,5989,6648,3529,4390,7444,8112,18.4803,16.2459,8.54874,48.276
70792,3278,3744,5336,7980,3407,3856,5454,9377,3318,3566,4125,5091,3167,3397,3619,3628,-12.5811,25.4765,8.80256,48.2287
70793,3263,3274,3286,3182,3836,3866,3647,3315,4815,5307,4527,3684,6399,9855,5864,3875,28.4393,-8.0906,8.61226,47.9967
70794,3804,3664,3350,3050,5284,4599,3742,3239,8743,6338,4069,3453,6263,5178,3826,3409,9.15303,-19.9332,8.75799,48.0073
70795,3370,3428,3286,3080,3942,3788,3441,3352,5475,5205,4064,3389,9404,8592,4546,3562,31.3951,-16.3573,8.62908,47.9493
70796,10821,7698,4167,3342,5671,4920,3915,3386,3925,3890,3379,3200,3433,3429,3287,3138,-31.3261,-19.7116,8.89931,47.734
70797,3142,3373,3567,3506,3492,3772,4570,4174,3732,4832,7948,5790,3638,4665,6708,5506,13.0957,9.77661,8.87647,48.2767
70798,3497,3977,5833,6907,3457,4155,6476,8000,3336,3744,4346,4897,3101,3325,3618,3710,-12.2683,18.3625,8.80742,48.2527
70799,4846,5045,4092,3565,6240,7955,4567,3626,4813,5578,3997,3519,3711,3861,3581,3293,-6.02519,-11.1286,8.69793,48.1927
70800,4707,8163,7953,4635,4098,5036,4884,4159,3605,3780,3751,3589,3352,3444,3471,3327,-33.183,0.0258906,8.57988,47.9693
70801,4511,4009,3459,3252,7271,4754,3781,3233,9202,5177,3754,3304,5449,4403,3568,3292,2.90931,-28.5537,8.91234,48.2793
70802,3468,3371,3235,3112,3806,3775,3440,3227,6058,4761,3741,3336,12703,6042,3863,3503,33.7808,-27.4153,8.98001,47.6273
70803,3127,3197,3417,3402,3209,3460,3880,3950,3538,4036,5313,5834,3514,4271,8051,9813,25.1748,17.8469,8.54368,48.008
70804,3647,3601,3503,3336,4198,4738,4015,3516,5468,8054,5093,3996,4914,6072,4613,3728,10.6705,-7.89038,8.52684,48.328
70805,3058,3231,3417,3402,3242,3518,3961,4162,3659,4010,6071,6593,3618,4419,7553,8305,19.2927,16.4723,8.99398,48.146
70806,3449,3195,3300,3100,3770,3852,3448,3293,5503,5136,3860,3440,9793,8563,4362,3494,29.3515,-16.9324,8.95612,47.7053
70807,3130,3222,3281,3323,3342,3538,3956,3904,3602,4079,5784,5294,3711,4963,9006,7924,23.3208,12.7589,8.66514,48.0393
70808,3342,3881,5150,7527,3324,3793,5226,9495,3379,3562,4286,4984,3136,3317,3526,3768,-11.9147,33.5462,8.84507,47.7973
70809,3406,3475,3288,3108,4022,3772,3362,3271,6086,4804,3641,3361,12469,5812,3795,3314,33.9794,-29.202,8.78962,47.324
70810,3391,3303,3320,3040,3955,3982,3564,3345,5293,6184,4312,3576,7003,8790,5070,3761,20.8052,-11.2786,8.77432,47.926
70811,3285,3838,5922,12642,3337,3687,4718,5974,3291,3393,3664,3849,3120,3308,3418,3381,-32.5885,29.3832,8.92417,47.218
70812,3838,4101,4300,3854,4134,6076,6206,4209,4289,5835,5951,4206,3710,4087,4253,3738,-0.47979,-0.25245,8.85162,48.5247
70813,3209,3300,3354,3228,3479,3681,3809,3670,3714,4503,5402,4616,3912,6120,9938,6225,25.9676,7.22729,8.77689,48.1067
70814,3450,4652,8432,9122,3413,4122,5387,5708,3230,3539,3871,3960,3109,3178,3283,3369,-24.1789,15.9119,8.7742,47.8833
70815,3318,3303,3284,3137,3812,3828,3779,3392,4890,6049,4666,3697,6088,9222,6047,4062,21.542,-6.74683,8.97853,48.3827
70816,3445,3489,3289,3184,3964,3918,3466,3185,5739,5051,3923,3337,10428,7684,4232,3445,33.294,-19.0747,8.6849,47.8527
70817,3336,3658,3934,3792,3713,4330,5502,4414,3786,5220,7994,5156,3720,4230,5104,4386,6.09312,7.02319,8.81493,48.1833
70818,3503,4550,8357,9668,3599,4010,5188,5708,3367,3531,3770,3878,3059,3272,3325,3395,-26.7811,17.1338,8.71092,48.12
70819,3551,3671,3502,3284,4110,4655,4138,3535,5219,8228,5273,3912,4875,5892,4597,3756,10.1327,-7.27436,8.76952,48.132
70820,3120,3251,3547,3380,3261,3392,3888,4115,3374,3856,5083,6780,3348,3987,6610,11072,22.1488,22.8432,8.8461,48.0427
70821,3125,3159,3470,3439,3179,3426,4031,4009,3513,4041,5741,6203,3558,4464,7986,8794,21.4573,16.4455,8.93308,48.092
70822,3294,3442,3304,3183,3670,3817,3692,3373,4455,5184,4517,3830,5988,9865,6218,4060,30.757,-6.46956,8.72913,47.928
70823,3150,3289,3468,3715,3221,3603,4323,4818,3333,3943,5859,8480,3496,3842,5525,8034,13.833,22.237,8.58002,48.066
70824,4778,8451,8209,4736,4205,4993,4943,3978,3522,3657,3696,3506,3295,3347,3375,3309,-28.3387,-0.373057,8.99647,48
70825,5441,4435,3541,3358,9316,5120,3826,3379,7169,4844,3586,3304,4352,3956,3521,3242,-3.36523,-27.5959,8.57648,48.26
70826,3644,4222,5138,4317,3768,5201,8124,5204,3611,4384,5570,4455,3358,3567,3825,3772,-5.91788,7.30578,8.87027,48.1067
70827,3832,3705,3282,3133,5433,4283,3589,3240,9937,5267,3708,3347,7155,4986,3842,3400,10.1137,-31.2792,8.99792,48.0927
70828,10786,5661,3886,3503,7570,5046,3876,3494,4232,3859,3523,3267,3489,3381,3228,3088,-19.4176,-32.8122,8.63683,47.926
70829,3224,3505,4045,4465,3214,3712,5159,7274,3383,3842,5448,8766,3120,3661,4218,5119,2.23509,23.1785,8.89959,48.1033
70830,3115,3314,3534,3406,3483,3798,4004,3959,3773,4922,7169,5132,3911,5260,7878,5603,16.9334,7.64808,8.91283,48.174
70831,11980,6313,3908,3468,6309,4836,3799,3287,3953,3806,3376,3277,3437,3431,3159,3175,-25.8921,-25.1892,8.67692,47.676
70832,11521,7111,3909,3487,6049,4880,3869,3416,3870,3756,3379,3333,3384,3382,3288,3164,-33.3341,-21.3815,8.79238,47.8653
70833,3149,3240,3466,3492,3198,3520,4006,4331,3349,3868,5077,7924,3298,3876,5683,10233,18.3565,26.215,8.74877,47.8067
70834,3402,3982,6996,10968,3447,3916,5122,6575,3150,3498,3813,3994,3124,3102,3401,3374,-23.0071,21.7713,8.93843,47.9093
70835,3728,3602,3188,3163,5241,4285,3596,3276,9671,5256,3802,3447,7465,5066,3859,3291,11.2341,-33.8477,8.71121,47.9573
70836,3208,3379,3823,4322,3342,3628,4538,6916,3348,3812,5320,9517,3235,3642,4522,5771,4.75296,27.2368,8.78256,48.2153
70837,3854,3908,3562,3271,4692,5667,4259,3696,5702,8056,4913,3709,4466,5012,4095,3584,5.39261,-9.14651,8.80228,48.2973
70838,3448,3479,3253,3280,3838,3805,3430,3263,6014,4835,3804,3336,12198,6899,4066,3447,29.2719,-23.2895,8.98033,48.2633
70839,3122,3215,3390,3442,3255,3558,3906,4151,3394,3937,5256,6593,3404,4270,7093,10120,21.4481,20.165,8.60488,48.0707
70840,3132,3220,3650,3489,3330,3625,4249,4716,3414,3864,5787,8549,3313,3896,5703,8141,14.1797,21.7303,8.51268,48.052
70841,3225,3383,3687,3627,3306,3714,4453,4468,3527,4384,7360,6841,3617,4208,6275,6249,12.6076,14.1382,8.8253,48.216
70842,3266,3241,3202,3285,3268,3425,3726,3871,3404,3724,4608,5793,3405,3984,6161,12663,29.5443,33.3006,8.52161,47.3507
70843,8839,7117,4316,3472,6672,5689,4098,3571,4208,3922,3567,3300,3503,3499,3249,3093,-19.1816,-18.2952,8.6239,48.0767
70844,3349,3786,4386,4943,3404,4087,6218,7649,3246,3865,5432,6469,3216,3533,4146,4404,-2.33075,18.7275,8.82403,48.0887
70845,3648,4606,6524,5478,3791,4805,7730,5731,3507,3877,4650,4212,3316,3342,3569,3613,-12.6203,9.70767,8.52628,48.266
70846,3999,3877,3348,3199,5955,4454,3591,3271,9686,5475,3838,3450,6431,4615,3815,3365,7.34039,-27.2867,8.52708,48.246
70847,3470,4124,6505,9348,3450,3964,5589,7451,3334,3529,3988,4197,3023,3251,3457,3461,-18.3414,21.0682,8.65371,48.094
70848,3180,3376,3369,3237,3562,3626,3857,3596,4230,5094,5177,4193,4689,7941,8287,4920,24.6959,0.349107,8.81091,48.2227
70849,3391,3408,3214,3065,3922,4005,3452,3302,5735,5020,3880,3410,10906,7422,4168,3401,32.2108,-19.8023,8.96431,47.8007
70850,3357,3399,3208,3302,3640,3789,3619,3384,4354,5180,4873,3841,5325,9396,6987,4293,33.7378,-3.71784,8.85561,47.9647
70851,3384,3959,4913,5194,3563,4231,7147,7247,3408,3929,5312,5553,3243,3573,3892,3935,-5.70693,15.4923,8.62015,48.322
70852,3247,3468,3742,3639,3379,3938,4930,4469,3646,4648,7797,6234,3704,4244,5877,5278,9.83172,11.6174,8.70773,48.16
70853,3689,4033,3924,3655,4080,5727,5783,4171,4196,6381,6282,4336,3836,4341,4348,3779,1.85854,-0.243391,8.89794,48.374
70854,4728,6833,6526,4404,4430,6425,6011,4165,3816,4013,4003,3596,3331,3392,3489,3308,-16.3449,-1.15245,8.78297,48.3133
70855,3247,3801,5542,9567,3422,3780,5245,8450,3324,3492,3880,4571,3243,3314,3381,3577,-16.8452,28.8691,8.87564,47.8907
70856,3057,3262,3420,3314,3302,3539,3823,3757,3480,4145,5212,5094,3764,5007,9807,7758,32.5626,11.7314,8.97623,47.8273
70857,4692,4623,3747,3457,6379,6942,4273,3467,5701,6074,4142,3511,3977,4163,3525,3368,-2.57244,-13.7424,8.6985,48.0273
70858,3181,3275,3353,3224,3325,3538,3806,3716,3609,4193,5288,4878,3907,5561,9922,6940,28.4683,9.67753,8.84425,47.8107
70859,3486,4232,7029,10309,3623,3893,5194,6686,3267,3518,3962,4114,3086,3221,3366,3372,-22.1117,20.8666,8.56499,48.2387
70860,3450,3362,3340,3132,4414,4040,3470,3143,7664,5454,3952,3408,9810,6155,4008,3406,18.4177,-22.819,8.79788,48.1387
70861,3475,3835,3731,3398,3805,4708,4745,4034,4302,7057,7070,4314,4105,5247,5147,4091,8.74343,-0.062042,8.98138,48.7093
70862,3177,3233,3263,3395,3326,3469,3987,4270,3376,3790,5092,7950,3426,3845,5697,10470,18.8424,28.8037,8.72892,47.844
70863,3310,3416,3235,3213,3782,3757,3514,3272,5353,5193,4095,3673,9189,9061,4582,3549,30.5098,-14.8951,8.97746,48.1293
70864,3680,3898,3834,3572,4085,5761,5248,3811,4350,7009,6169,4111,4008,4587,4398,3800,3.98027,-1.70623,8.75232,48.214
70865,3474,3806,4272,4071,3652,4632,6568,5163,3720,4611,7267,5370,3437,3803,4376,4212,0.972287,9.37262,8.63393,48.2893
70866,3459,3538,3419,3085,4220,4104,3642,3286,6595,6209,4045,3578,7826,7146,4388,3439,17.5558,-16.2195,8.50906,47.986
70867,3746,3663,3439,3129,4795,4669,3683,3435,7680,7247,4228,3493,6013,5563,3972,3447,10.2917,-16.0978,8.88074,48.1347
70868,3538,3585,3313,2992,4447,4174,3578,3322,7314,6311,4099,3472,7866,6714,4159,3486,15.8378,-17.4444,8.96093,48.2467
70869,4735,7616,7191,4559,4121,5632,5632,4097,3723,3988,3991,3680,3280,3319,3414,3319,-19.6707,-0.731129,8.76085,48.198
70870,4073,4269,3783,3447,5477,6517,4415,3602,5489,7024,4543,3635,4336,4484,3746,3478,0.670883,-10.6683,8.5765,48.212
70871,3336,3411,3334,3229,3814,4127,3695,3451,4931,6572,5103,3822,5542,7912,5675,4077,17.812,-6.40964,8.51239,48.0207
70872,3581,3573,3351,3051,4418,4131,3594,3294,6833,6426,4286,3573,7378,6660,4314,3486,15.8873,-16.2281,8.55977,47.966
70873,3882,4509,4963,4171,4074,6181,7745,4628,3824,4729,5172,4110,3388,3751,3797,3557,-6.51403,2.81239,8.98082,48.3207
70874,3339,3694,4033,3971,3464,4084,5889,5226,3551,4379,7562,6482,3451,3904,4758,4599,3.63383,12.5775,8.79142,48.2573
70875,4029,4789,4837,3983,4378,6977,6887,4207,4001,4729,4866,3999,3484,3727,3752,3568,-6.79307,0.0896321,8.79239,48.142
70876,3214,3445,3267,3069,3984,3912,3531,3309,5436,5757,4239,3596,7597,9046,4884,3717,22.6796,-12.6237,8.6055,48.002
70877,9453,8320,4423,3461,5734,5355,4086,3536,3983,3858,3549,3232,3335,3416,3167,3089,-24.9622,-16.866,8.59972,47.998
70878,3127,3305,3391,3261,3542,3658,3947,3772,3742,4694,5884,4672,4066,5889,9102,5961,22.2362,7.09576,8.60609,48.0087
70879,4257,5745,5346,4082,4523,7421,6399,4102,3849,4504,4324,3817,3359,3681,3706,3282,-10.5109,-1.84863,8.90089,48.2647
70880,3261,3358,3328,3175,3771,4017,3745,3315,4900,6228,4596,3832,6106,8986,5579,3856,20.4674,-8.08774,8.72777,48.0353
70881,4928,4915,3894,3386,6659,7711,4417,3595,5368,5515,3988,3490,3934,4042,3445,3303,-4.98467,-13.337,8.69368,48.3933
70882,4431,4066,3490,3264,7498,4892,3752,3454,8926,5283,3825,3347,5037,4213,3599,3237,2.16419,-26.8542,8.69068,48.2093
70883,4309,4007,3479,3232,6998,4777,3644,3408,9264,5084,3720,3263,5512,4475,3636,3318,3.91171,-29.4121,8.54048,48.084
70884,3193,3454,3278,3269,3498,3691,3672,3618,4299,5018,5000,4111,4938,8569,8014,4686,27.6339,-0.780503,8.89641,48.2053
70885,3979,5026,6582,4996,3793,5464,7690,5071,3484,4085,4539,3995,3254,3460,3533,3448,-13.1065,5.59309,8.89271,48.266
70886,3366,3319,3276,3183,3898,4035,3539,3257,5249,5703,4231,3582,7700,9368,4935,3698,23.6004,-12.4111,8.99449,48.226
70887,5002,8509,7622,4621,4230,5174,4960,4115,3589,3729,3775,3514,3252,3481,3298,3237,-26.0307,-1.2884,8.52146,48.072
70888,3409,3829,5862,9449,3436,3820,5386,8369,3262,3689,4092,4402,3067,3301,3411,3467,-16.6802,25.3929,8.56954,48.1673
70889,3085,3432,3776,3883,3234,3574,4291,5494,3442,3814,5451,9689,3320,3908,4887,6917,9.7455,25.4919,8.54518,48.1313
70890,4333,6751,9403,5556,4087,4772,5481,4407,3352,3648,3790,3656,3135,3312,3346,3252,-24.1626,3.98246,8.9851,48.1873
70891,3743,3662,3383,3192,5003,4309,3567,3312,9555,5253,3859,3338,7712,5166,3833,3292,12.3161,-31.6601,8.68625,48.1193
70892,3459,4124,6779,9169,3483,3870,5721,6878,3224,3553,4136,4220,3120,3279,3420,3606,-19.0281,19.2263,8.57092,48.0273
70893,4381,4348,3776,3377,6025,6308,4231,3523,6105,6507,4125,3579,4439,4437,3736,3399,0.523391,-13.9984,8.82719,48.1973
70894,3300,3459,3664,3692,3468,4080,5146,4339,3850,5121,8201,5660,3619,4381,5434,4873,8.2006,8.62784,8.76213,48.1913
70895,3277,3373,3261,3123,3892,3756,3426,3186,6015,4923,3902,3364,11990,6968,3991,3454,27.4468,-22.589,8.96984,47.934
70896,3530,3612,3605,3281,3945,4766,4110,3597,4986,8334,5567,3942,4646,5772,4774,3709,10.2414,-5.81667,8.98173,48.1173
70897,3322,3488,3323,3268,3810,4088,3885,3458,4858,6631,5161,3898,5555,8121,5559,3997,18.0382,-6.08557,8.54278,48.2813
70898,3581,4492,8276,8671,3614,4036,5716,6039,3277,3450,3923,3954,3046,3257,3397,3444,-22.389,15.8056,8.60295,48.1153
70899,3644,4159,4761,4218,3927,5811,7506,4826,3768,4748,5757,4254,3492,3871,3986,3721,-3.75365,4.36125,8.86117,48.2993
70900,6815,4884,3777,3238,9808,5457,3894,3346,5621,4333,3506,3312,3891,3786,3451,3219,-9.29965,-26.5844,8.52262,48.2253
70901,3390,4021,6488,12169,3387,3850,4789,5898,3173,3398,3922,3857,3121,3233,3338,3383,-28.9341,24.5796,8.83718,47.6113
70902,3218,3351,3449,3292,3587,3876,4024,3626,4300,6061,5821,4293,4582,7454,7132,4371,18.9954,-0.660241,8.8377,48.2913
70903,3542,3529,3188,3066,4447,4203,3646,3386,7563,6314,4218,3515,7715,6473,4163,3483,15.1336,-17.6613,8.86078,48.3007
70904,5734,4566,3620,3348,9417,5549,3847,3337,6495,4724,3863,3337,4143,3879,3430,3175,-5.52891,-25.1636,8.5938,48.3093
70905,3449,3675,4983,7105,3356,3820,5226,9779,3338,3657,4290,5297,3122,3302,3725,3760,-10.3081,31.5326,8.65448,47.9227
70906,5611,4884,3719,3298,8809,6395,4000,3420,5946,4860,3795,3341,3903,3789,3473,3080,-6.35373,-19.6757,8.86066,48.2153
70907,3724,3804,3522,3236,4826,5001,3739,3461,6991,7591,4456,3504,5565,5565,4107,3465,8.95681,-14.3783,8.63998,48.3713
70908,3335,3398,3366,3086,3691,3825,3608,3533,4440,5078,4821,3947,5443,9345,6945,4118,31.2158,-4.15794,8.76123,47.986
70909,3439,3922,5755,8822,3402,3950,5466,8315,3289,3439,4137,4577,3058,3282,3408,3723,-15.3014,23.3378,8.68122,47.9893
70910,3427,3300,3166,3182,3748,3836,3496,3389,4929,5210,4206,3731,7448,9786,5193,3751,30.2619,-11.2585,8.89306,47.8653
70911,9360,7294,4206,3486,6707,5428,3966,3379,4136,4035,3548,3213,3439,3431,3324,3170,-19.9684,-18.5103,8.53733,48.0813
70912,3294,3325,3466,3379,3529,3914,3752,3487,4146,4916,4834,4117,4731,8013,8243,4800,31.105,0.143916,8.54529,47.964
70913,3333,3378,3312,3151,3903,3618,3403,3345,6079,4636,3755,3291,12484,6116,3924,3431,28.0533,-33.0068,8.53796,47.4393
70914,3432,3438,3198,3063,4136,3836,3475,3209,6695,5057,3765,3443,11343,6693,3945,3418,22.9622,-24.2277,8.67397,48.0973
70915,3363,3755,4220,4302,3461,4210,6256,5561,3626,4322,7182,6108,3349,3789,4562,4423,1.62499,12.5796,8.97341,48.326
70916,3415,4107,7208,11511,3360,3936,4742,5848,3282,3582,3829,3901,3101,3203,3376,3471,-31.2605,21.5437,8.69893,47.9147
70917,3326,3402,3251,3198,3787,3871,3412,3223,5597,5040,4009,3424,10378,8041,4310,3383,30.4385,-18.376,8.88914,47.768
70918,4861,6867,5690,4090,4805,7108,5621,4041,3898,4166,4019,3534,3358,3507,3432,3180,-14.0967,-3.93865,8.83359,48.118
70919,3281,3569,4300,5417,3358,3868,5228,9191,3369,3675,4759,7240,3243,3455,4070,4354,-3.04455,26.9325,8.67147,48.2513
70920,4009,5470,8870,6273,3835,4655,6280,4967,3429,3682,4108,3845,3107,3263,3293,3413,-20.7569,8.57011,8.73293,48.3327
70921,3554,3867,3933,3715,3810,4831,5708,4319,3890,5896,7507,4841,3683,4403,4736,4086,4.53068,3.69247,8.91791,48.5193
70922,3330,3369,3168,3115,3969,3722,3431,3242,6217,4830,3801,3367,12018,6846,4059,3454,27.4871,-23.8178,8.81053,47.9587
70923,3775,5371,9870,7039,3561,4393,5209,4882,3320,3582,3717,3732,3043,3330,3322,3379,-31.8757,10.1296,8.89929,47.6833
70924,3248,3361,3386,3284,3452,3690,3766,3665,4144,4862,5349,4437,4364,6868,9054,5303,24.4649,3.27086,8.61361,48.1553
70925,4445,6141,5749,4308,4390,6864,6541,4249,3785,4379,4227,3770,3364,3461,3490,3334,-12.8382,-0.918588,8.71972,48.3313
70926,3402,3601,4461,5373,3389,3698,5040,9055,3292,3639,4781,7143,3208,3480,3813,4462,-3.1512,28.2215,8.689,47.8913
70927,3036,3162,3446,3409,3281,3425,3868,3969,3394,3712,4890,6011,3268,3984,6770,12117,32.9545,23.0303,8.92112,47.828
70928,3206,3285,3366,3339,3428,3778,4013,3966,3713,4891,6913,5096,3824,5497,8258,5728,17.9976,7.42715,8.96986,48.2007
70929,3850,4242,3914,3629,4542,6262,5067,3793,4717,7026,5308,3913,4132,4585,4063,3598,1.63418,-4.86728,8.73851,48.4273
70930,4344,3955,3407,3269,6704,4778,3657,3248,9313,5620,3705,3418,5600,4504,3729,3256,4.65995,-24.3726,8.91286,48.338
70931,3205,3307,3363,3194,3657,3747,3583,3542,4198,5024,4832,3935,5238,9096,7513,4446,29.2229,-2.52025,8.89275,47.92
70932,4865,4079,3599,3170,8032,4847,3664,3280,8324,5162,3652,3384,4881,4256,3458,3298,0.411554,-26.7001,8.70736,47.9673
70933,3329,3882,5820,10028,3396,3859,5117,8012,3233,3618,3890,4403,3137,3363,3436,3577,-18.2037,25.5357,8.59995,48.0667
70934,3353,4019,6906,11652,3415,3920,4790,6239,3330,3451,3749,3928,3119,3130,3441,3305,-25.7275,22.6572,8.87181,47.8313
70935,3130,3284,3555,3635,3318,3550,4249,4737,3335,3851,5657,8714,3412,3885,5590,8244,13.9665,23.2397,8.51233,48.0973
70936,5002,8732,7641,4481,4266,5150,4826,4078,3630,3909,3759,3504,3198,3298,3426,3258,-31.9514,-1.57023,8.57901,48.1053
70937,5480,8431,6151,4199,4838,6047,4888,3896,3759,4014,3778,3511,3448,3535,3317,3201,-20.5353,-5.19262,8.60192,48.3287
70938,3471,3405,3166,3051,4051,3880,3539,3257,6441,5470,3900,3550,9756,7092,4245,3462,21.3871,-19.3799,8.63579,47.824
70939,10931,7600,4016,3432,5747,5053,3954,3378,4033,3801,3510,3316,3362,3384,3172,3108,-33.0545,-19.8722,8.96914,47.8647
70940,3199,3537,4101,4690,3448,3813,5375,7492,3309,3768,5385,8296,3229,3462,4327,4919,1.27758,22.5003,8.75711,48.2333
70941,3626,4198,4191,3678,4084,5513,5779,4179,4273,6106,6295,4271,3782,4370,4330,3790,1.56554,0.718497,8.53306,48.31
70942,5215,9307,7237,4156,4377,5165,4784,3948,3525,3756,3750,3566,3254,3424,3371,3285,-32.9416,-3.31547,8.85395,48.08
70943,3892,4853,6766,5113,3826,5124,7759,5130,3441,4008,4402,4106,3221,3464,3555,3497,-13.3858,6.74635,8.90252,48.1047
70944,4029,4835,4961,4130,4142,6726,6942,4412,3899,4769,4913,3912,3560,3799,3811,3489,-7.07291,0.918599,8.60079,48.2193
70945,10950,5874,3942,3410,7281,4910,3855,3372,4139,3845,3433,3272,3499,3489,3240,3050,-20.532,-28.0532,8.63412,47.7073
70946,3218,3509,4184,4729,3335,3663,4842,8198,3429,3719,4986,8419,3255,3621,4104,4841,0.583072,27.3068,8.75596,48.0347
70947,3519,3558,3312,3220,4643,4173,3536,3306,8863,5147,3756,3339,8765,5335,4015,3277,15.1503,-32.8039,8.54884,47.8427
70948,3513,3854,4582,4457,3663,4712,7603,5684,3541,4292,6047,4977,3346,3672,4125,3947,-3.14172,9.88868,8.97494,48.01
70949,3382,4116,6955,11718,3469,3869,4987,6107,3341,3442,3754,3942,3164,3255,3395,3295,-27.4959,22.5669,8.81613,48.1273
70950,3504,3844,6002,12541,3375,3755,4730,6153,3173,3540,3821,3912,3180,3333,3440,3370,-31.2732,28.0876,8.57512,47.782
70951,3169,3306,3356,3400,3245,3563,3800,3910,3541,4144,5238,5431,3514,4605,8923,8759,33.8389,14.916,8.50132,47.936
70952,4660,5517,4496,3787,5246,7944,5432,3898,4180,4961,4215,3550,3553,3770,3590,3482,-8.59447,-6.63389,8.52308,48.1873
70953,3895,4325,4190,3596,4430,6507,5629,3960,4485,6403,5379,3870,3819,4133,3977,3642,-0.537264,-3.45107,8.64035,48.16
70954,7271,9922,5179,3729,5085,5348,4249,3595,3869,3767,3499,3216,3367,3456,3253,3178,-32.2197,-10.948,8.65547,47.9887
70955,5201,4518,3552,3241,9378,5151,3846,3493,7114,4587,3694,3378,4298,3944,3459,3130,-3.47043,-32.808,8.69035,47.9893
70956,3487,3407,3221,3169,3939,3819,3493,3291,6036,4560,3731,3396,12715,5960,3818,3452,30.5302,-29.3122,8.59745,47.6627
70957,3359,3949,5298,5907,3533,4268,7198,7550,3400,3751,4906,4948,3148,3484,3794,3793,-8.77883,15.8253,8.58011,48.1907
70958,3163,3236,3336,3392,3244,3534,3829,4040,3314,3847,5061,7092,3414,3856,5821,11450,21.5169,33.5521,8.57841,47.7527
70959,3094,3363,3733,3990,3326,3664,4462,5799,3446,3893,5754,9256,3219,3697,4884,6353,7.98883,23.0014,8.62283,47.9553
70960,10126,8035,4455,3424,5597,5109,4086,3473,3913,3741,3503,3262,3402,3468,3179,3040,-30.0161,-17.7114,8.51209,47.8753
70961,3644,4887,9470,8595,3509,4102,5153,5252,3204,3614,3806,3856,3175,3212,3374,3313,-29.2074,13.6688,8.9683,48.1107
70962,6607,4878,3746,3320,9793,5543,3871,3339,5699,4312,3643,3251,3787,3696,3327,3151,-8.73143,-26.034,8.79498,47.9753
70963,12316,5939,4001,3344,6185,4749,3694,3394,3920,3719,3476,3198,3393,3388,3233,3104,-26.4863,-31.4114,8.76542,47.3687
70964,3400,3872,6033,12665,3483,3828,4791,6026,3308,3491,3807,3813,3121,3208,3328,3514,-28.6163,31.6414,8.72563,47.792
70965,4735,7035,5746,4042,4716,6982,5795,4046,3701,4281,3974,3519,3370,3397,3430,3281,-14.9515,-3.42892,8.91233,48.0333
70966,3150,3443,3403,3285,3438,3673,4011,3856,3916,4778,6326,5015,4043,5678,8365,5779,19.3805,7.2689,8.56532,48.106
70967,4743,8352,8383,4874,4095,5038,4870,4138,3555,3744,3715,3462,3314,3406,3392,3146,-31.4476,-0.0861387,8.84193,48.1513
70968,3407,3896,6391,11585,3354,3868,4853,6506,3223,3424,3756,4139,3010,3176,3427,3353,-24.4034,25.5242,8.51505,47.5787
70969,5077,8806,7576,4594,4220,5060,4739,4034,3577,3709,3784,3562,3374,3385,3321,3283,-29.8414,-1.88782,8.66965,48.0673
70970,3251,3450,3236,3179,3610,3796,3598,3461,4454,5258,4579,3887,5696,9688,6572,4156,28.6809,-5.10838,8.66846,47.914
70971,3584,3767,3926,3664,3950,5115,5436,4090,4156,6236,7173,4398,3908,4399,4564,4067,4.47226,1.85389,8.79852,48.2887
70972,6123,4653,3757,3289,9962,5160,3893,3431,6179,4465,3655,3287,3987,3848,3370,3136,-7.00469,-29.0408,8.69123,48.13
70973,3636,3691,3460,3181,4491,4727,3689,3313,6442,7663,4498,3533,5916,6266,4386,3571,11.5315,-12.6049,8.70076,48.3087
70974,6109,5152,3837,3387,8372,6647,4150,3512,5222,4685,3822,3246,3759,3737,3498,3250,-8.85719,-18.3885,8.63402,48.2567
70975,3378,3340,3316,3186,3524,3813,3775,3493,4295,5254,4815,4021,5170,9017,7211,4542,24.5457,-2.79125,8.75756,48.1
70976,11495,6563,4183,3393,6379,5065,3683,3354,4032,3861,3468,3215,3364,3343,3166,3114,-24.7582,-23.2525,8.66199,47.7853
70977,4627,5452,4751,3860,5207,8024,5483,3862,4087,5079,4285,3639,3648,3708,3571,3309,-8.89541,-5.9359,8.56273,48.3947
70978,3160,3458,3945,4256,3328,3766,4798,6734,3294,3833,5449,9241,3280,3626,4516,5493,4.19095,23.6802,8.78767,48.118
70979,3550,3893,4214,3742,3867,5146,6033,4428,3975,5800,6779,4483,3798,4289,4514,4009,1.70998,2.56716,8.61198,48.3467
70980,3430,3345,3265,3148,4006,3788,3414,3207,6630,4765,3801,3430,12311,6169,4008,3312,23.8858,-28.2167,8.74331,48.0193
70981,9360,8673,4635,3440,5612,5163,4003,3497,3973,3829,3491,3198,3394,3389,3355,3088,-29.0355,-16.0379,8.77079,48.0667
70982,3316,3351,3363,3244,3724,3908,3817,3601,4290,5600,5312,4126,5019,8130,7249,4483,21.7407,-1.68573,8.53662,48.3553
70983,3213,3465,4214,4585,3312,3633,4835,8035,3407,3848,4964,8737,3203,3590,4333,4890,1.01162,29.8621,8.68879,48.176
70984,3406,3316,3222,3095,4098,3731,3419,3130,6706,4841,3782,3290,12201,6009,3990,3430,24.3346,-27.9993,8.50568,47.7773
70985,3375,3763,4901,6974,3357,3706,5247,9896,3226,3608,4267,5556,3178,3367,3711,3763,-9.30358,31.1104,8.75755,47.93
70986,4795,4300,3637,3308,7346,5784,4042,3492,6873,5587,4011,3371,4562,4276,3597,3215,-0.636245,-18.8907,8.551,48.1307
70987,3421,3481,3538,3405,3548,4197,4342,3777,4072,6154,7088,4696,4185,5488,6124,4668,12.7534,2.13181,8.67274,48.1227
70988,3230,3295,3477,3846,3265,3646,4314,5342,3401,3804,5143,9853,3345,3810,5039,7079,10.23,32.6914,8.6739,47.926
70989,4254,4035,3462,3196,6563,4861,3680,3309,9097,5535,3790,3309,5516,4421,3743,3176,4.39353,-23.1073,8.74834,47.9647
70990,3194,3241,3371,3522,3412,3680,4207,3974,3613,4501,6506,5636,3666,5007,8206,6514,18.2444,11.0491,8.8483,48.1667
70991,3609,3812,3564,3359,4217,5028,4203,3496,4934,8110,5534,3989,4579,5439,4437,3767,8.20364,-5.91448,8.98616,48.0513
70992,3996,5151,5885,4566,3951,5863,7696,4769,3615,4200,4719,3999,3391,3596,3619,3544,-10.768,4.04805,8.53438,48.3733
70993,11843,6312,3820,3372,6806,5032,3771,3386,4154,3796,3364,3256,3448,3503,3168,3118,-24.0048,-26.1008,8.81375,48.0993
70994,5788,4475,3618,3327,9652,5166,3733,3333,6867,4436,3686,3225,4231,4021,3413,3058,-4.87225,-26.9896,8.89119,48.0193
70995,3449,3349,3261,3220,4052,3721,3533,3323,6069,4657,3713,3354,12359,5862,3836,3289,33.7833,-30.886,8.50106,47.3647
70996,5679,6255,4464,3549,6376,7782,4592,3644,4475,4457,3823,3361,3698,3671,3326,3279,-12.1643,-11.7945,8.5534,48.2873
70997,3716,3476,3366,3137,4498,4606,3721,3400,6779,7161,4362,3667,6177,6326,4300,3614,12.2257,-13.8884,8.76668,48.204
70998,3440,3476,3415,3219,3784,3989,3947,3492,4733,6642,5232,3986,5143,7891,5948,4212,17.6898,-4.88902,8.94308,48.366
70999,3514,3495,3189,3080,4215,3982,3444,3277,6942,5297,3912,3368,10134,6798,4191,3453,20.4608,-20.7361,8.66466,48.194
71000,3230,3329,3299,3182,3391,3655,3814,3744,3668,4437,5301,4880,4014,5730,9842,6489,27.1061,8.55845,8.62396,48.0033
71001,3631,3749,3466,3284,4520,4902,3881,3523,6139,7848,4635,3712,5319,5791,4273,3579,9.17119,-11.4054,8.57301,48.168
71002,4889,4560,3773,3419,7250,6485,4238,3460,6116,5662,3928,3417,4243,4101,3522,3391,-2.4123,-16.6292,8.5341,48.3027
71003,3124,3283,3435,3417,3368,3737,4054,3819,3724,4457,6342,5192,3850,5161,8660,6506,19.885,9.90058,8.55511,48.086
71004,3257,3252,3347,3287,3587,3707,3844,3741,3936,4675,5272,4559,3967,6458,9392,5574,33.9189,5.07981,8.61623,47.9033
71005,3379,3491,3836,3628,3735,4392,5116,4143,3998,5912,8147,4882,3862,4596,5370,4267,7.83515,4.38684,8.89959,48.5027
71006,3539,3482,3246,3125,4116,3957,3547,3295,6711,5931,4076,3559,8475,7143,4180,3517,18.6393,-17.3117,8.64751,47.9327
71007,3243,3441,3863,3750,3439,3808,4790,4692,3547,4352,7558,6802,3402,4175,5875,5602,9.7993,13.71,8.59414,48.226
71008,12132,6727,3977,3438,6142,4853,3794,3561,3925,3702,3474,3296,3389,3387,3249,3104,-27.896,-24.4213,8.50943,48.1
71009,3127,3209,3547,3410,3335,3500,4069,4399,3419,3820,5190,8613,3371,3855,5534,9545,16.255,30.2196,8.95376,47.962
71010,3402,3446,3357,3132,3945,3858,3461,3193,5891,5299,4063,3438,9554,8062,4525,3522,24.4388,-17.1781,8.51132,48.0987
71011,3382,3449,3190,3106,3896,3891,3573,3280,5893,5675,4193,3525,8607,8254,4706,3607,22.2681,-15.2526,8.66779,48.1513
71012,3024,3233,3374,3255,3177,3422,3879,3924,3413,3804,4920,6228,3468,3868,6411,12415,27.9201,25.3353,8.75071,47.8767
71013,4203,4065,3583,3367,5999,5613,3969,3406,7034,6743,4169,3476,4793,4647,3806,3359,3.27722,-15.9758,8.66019,48.1547
71014,4578,7125,7421,4583,4265,5718,5852,4257,3568,3913,3992,3678,3275,3380,3399,3309,-19.4182,0.204766,8.87815,48.2087
71015,3404,3620,3631,3383,3795,4253,4548,3879,4180,6393,7411,4540,4234,5426,5566,4308,10.8325,1.70001,8.75875,48.3807
71016,3373,3418,3232,3053,3987,3781,3492,3212,6252,4743,3826,3560,12293,6349,3918,3373,26.5077,-27.1526,8.62336,47.908
71017,3347,4094,6314,8449,3424,3945,6011,7951,3278,3513,3947,4498,3020,3421,3440,3571,-15.4679,19.7948,8.98893,48.1487
71018,3732,4891,8733,7144,3664,4387,6225,5567,3267,3627,3873,4028,3129,3409,3369,3373,-20.5835,11.8307,8.67987,48.2787
71019,3836,4313,4106,3638,4470,6376,5730,3971,4228,5987,5603,4036,3871,4083,4048,3668,-0.828009,-1.78354,8.51333,47.976
71020,3600,3421,3270,3153,4681,4101,3522,3216,8793,5504,3853,3378,8899,5550,3894,3302,15.2303,-24.4938,8.98143,48.0913
71021,5924,8360,5309,3777,5149,6574,4781,3800,3889,4045,3819,3445,3460,3442,3407,3300,-18.5021,-8.35097,8.65682,48.3207
71022,3326,3387,3384,3189,3703,3935,3734,3379,4750,6315,4928,3753,5726,8590,5896,4072,19.7936,-6.04132,8.8555,48.0447
71023,3120,3250,3288,3448,3177,3430,3782,3843,3413,3711,4726,6077,3518,3849,6007,12986,30.4636,29.5702,8.93443,47.75
71024,3068,3272,3509,3637,3243,3613,4190,4381,3480,4146,6302,7518,3482,4195,6371,7566,15.0767,17.903,8.90019,47.982
71025,3149,3201,3368,3264,3278,3452,3742,3890,3411,3841,4712,6121,3548,3864,5972,12462,31.0999,32.3549,8.56721,47.5167
71026,3460,3810,4145,4063,3654,4562,6560,5032,3631,4662,7100,5219,3468,3911,4601,4336,1.31548,9.1917,8.52604,48.1427
71027,3342,3861,5184,7631,3414,3959,5504,9601,3233,3564,4059,5135,3079,3399,3512,3623,-11.9984,26.1265,8.90351,48.0667
71028,3162,3408,3750,3926,3320,3761,4515,5681,3326,3884,5987,9259,3300,3706,4962,6228,7.78625,22.3042,8.66166,48.1167
71029,3626,3841,3789,3407,4123,5529,4706,3801,4683,7734,5903,3936,4135,4890,4497,3730,5.2204,-3.81078,8.86981,48.22
71030,3790,4398,6721,5852,3667,4568,7526,6066,3437,3929,4406,4157,3256,3354,3606,3473,-13.1878,11.455,8.55986,48.1373
71031,5090,4272,3664,3286,8495,5257,3836,3293,7237,4937,3723,3327,4556,4053,3456,3248,-2.37469,-25.1526,8.60845,47.82
71032,3458,3874,5699,11782,3425,3860,4821,7266,3214,3442,3734,4050,3078,3252,3403,3381,-21.624,31.308,8.96327,47.826
71033,3256,3801,5131,6760,3367,3883,5634,9484,3235,3614,4425,5499,3071,3359,3739,3884,-9.73603,23.9779,8.79061,48.0947
71034,4872,8415,8051,4754,4204,5035,5151,4150,3635,3760,3728,3491,3148,3349,3393,3256,-26.8599,-0.38962,8.77523,48.2613
71035,3351,3862,4163,4048,3522,4331,6308,4983,3759,4758,7446,5360,3533,3985,4678,4363,2.19965,9.347,8.85616,48.3
71036,11916,6411,3990,3434,6464,4917,3817,3335,4018,3803,3405,3266,3394,3430,3186,3019,-25.2414,-25.3099,8.60059,47.87
71037,4654,4113,3520,3277,7923,4861,3815,3344,8622,4886,3798,3403,4806,4270,3654,3263,1.03077,-32.6838,8.63678,48.1393
71038,3442,3798,5422,8712,3424,3716,5212,8831,3224,3501,4114,4859,3152,3222,3629,3633,-14.6774,26.7093,8.71697,47.9273
71039,3373,3808,4861,7455,3280,3812,5376,9981,3185,3523,4242,5258,3132,3372,3664,3759,-10.986,28.9699,8.9445,48.054
71040,3346,3763,5844,10923,3383,3879,5108,7479,3300,3466,3925,4281,3114,3276,3422,3395,-19.7668,26.2936,8.69556,47.936
71041,11928,5930,3835,3446,6705,4960,3967,3333,3995,3731,3471,3275,3355,3399,3224,3045,-23.4166,-30.1902,8.6769,47.7327
71042,3428,3314,3207,3139,3925,3749,3565,3168,5967,5078,3921,3532,10844,7404,4175,3431,25.7715,-20.1117,8.61905,47.898
71043,3530,3943,4174,3966,3892,4820,6478,4620,3805,5047,7060,4874,3596,4147,4427,4000,1.03657,5.7124,8.65854,48.2527
71044,3218,3422,3317,3307,3679,3780,3554,3415,4694,5251,4505,3794,6153,9930,6115,4081,31.9273,-6.75851,8.77824,48.1433
71045,3119,3310,3523,3702,3218,3498,4108,4515,3425,3831,5245,8579,3434,3878,5631,9173,16.0724,24.9881,8.58166,48.126
71046,7192,5275,3765,3311,9340,5656,3836,3384,5237,4399,3515,3275,3832,3676,3299,3146,-11.1797,-23.635,8.96276,48.092
71047,10468,7498,4222,3457,5743,4974,3881,3480,3988,3792,3622,3217,3410,3363,3284,3162,-33.0947,-19.337,8.50327,47.7073
71048,3433,3962,6130,12611,3404,3785,4778,5915,3172,3489,3706,3946,3143,3212,3326,3413,-28.34,33.9184,8.62826,47.6167
71049,4165,3882,3518,3245,5554,4903,3933,3308,8116,6615,4133,3488,5563,4867,3848,3278,6.02588,-18.102,8.55364,48.2773
71050,3410,3849,4917,4998,3454,4360,7350,6898,3489,4058,5509,5541,3346,3581,3900,3932,-4.63979,14.5757,8.69638,48.3947
71051,3400,4037,6075,12548,3400,3705,4724,6078,3205,3491,3664,3937,3142,3155,3421,3368,-29.2475,28.0128,8.80215,47.5667
71052,3406,3708,4548,5423,3511,4056,5992,8616,3307,3748,5047,6506,3170,3427,3999,4196,-4.19439,20.9783,8.56994,48.44
71053,4528,4528,3804,3331,6441,6760,4218,3550,6050,6109,4023,3498,4312,4229,3639,3308,-1.39129,-14.5215,8.83735,48.2187
71054,5733,4449,3656,3264,9579,5319,3839,3391,6807,4678,3676,3313,4185,3920,3540,3206,-4.85552,-25.9944,8.98211,48.37
71055,5941,4592,3647,3330,9545,5570,3869,3423,6072,4649,3709,3271,4196,3792,3463,3180,-6.44275,-23.5978,8.84331,48.166
71056,3277,3757,4542,5755,3414,3857,5379,9780,3272,3682,4545,6659,3163,3362,3790,4123,-5.49838,26.4644,8.98896,48.238
71057,3609,3569,3360,3134,4419,4292,3721,3292,7196,6467,4119,3485,7327,6472,4324,3604,14.6857,-16.7303,8.75674,48.26
71058,3105,3230,3435,3452,3213,3582,3955,4178,3621,4110,5983,6344,3555,4383,7626,8201,19.0086,16.025,8.84131,47.982
71059,3141,3507,3464,3336,3439,3892,4210,3806,3784,5128,6885,5033,3949,5522,7701,5518,17.0703,6.46502,8.61871,48.21
71060,4832,5746,4315,3629,5760,8353,4963,3524,4399,5009,4048,3533,3682,3736,3566,3397,-8.1089,-9.2734,8.94056,48.328
71061,4512,6118,5600,4235,4471,7247,6148,4173,3800,4526,4113,3570,3455,3489,3497,3469,-12.7162,-2.20365,8.81812,48.282
71062,3422,3873,5037,7239,3321,3773,5158,9759,3194,3491,4212,5300,3223,3329,3516,3875,-10.6192,33.3836,8.97524,47.8147
71063,3176,3359,3432,3366,3218,3560,3782,3840,3619,4068,5133,5339,3728,4909,9213,8220,29.9297,13.2589,8.99172,47.9747
71064,5710,4625,3754,3294,9337,5668,3963,3431,6224,4759,3830,3312,4125,3803,3423,3103,-5.81491,-22.7332,8.98157,48.2407
71065,3437,3316,3175,3153,3865,3809,3475,3249,6694,4733,3838,3359,12075,5991,4076,3442,24.2924,-32.5818,8.64496,47.7913
71066,7092,6763,4273,3593,6775,6791,4259,3568,4307,4277,3696,3345,3649,3544,3339,3048,-15.2219,-15.1674,8.70399,48.2127
71067,5888,9271,6047,4084,4715,5663,4693,3794,3699,3755,3652,3419,3231,3408,3323,3241,-23.1761,-6.11954,8.8991,47.922
71068,6139,5620,4098,3537,7945,6890,4120,3533,4875,4598,3745,3324,3730,3635,3329,3120,-10.4532,-16.8847,8.52314,48.1587
71069,3850,5335,9845,7111,3619,4382,5435,4840,3345,3579,3855,3781,3114,3323,3433,3387,-26.4311,10.1271,8.86272,48.156
71070,3388,3411,3482,3380,3604,3844,4154,3780,4140,5783,6481,4484,4309,6189,7087,4781,16.5946,2.25767,8.70262,48.198
71071,6037,4950,3679,3411,9009,6228,4075,3375,5679,4719,3768,3341,4002,3773,3474,3292,-7.51164,-20.5196,8.94022,48.5413
71072,3971,5905,9792,6413,3724,4562,5299,4764,3384,3546,3838,3650,3233,3365,3343,3385,-29.6713,7.70408,8.5282,48.116
71073,3254,3336,3437,3460,3514,3679,4292,3975,3763,4713,7092,5365,3796,5028,7830,5928,16.4557,9.12589,8.9813,48.308
71074,4710,6548,5533,4189,4775,7171,5992,4056,3855,4342,4227,3565,3434,3484,3451,3442,-13.6264,-3.34611,8.72043,48.516
71075,3915,3617,3221,3131,5420,4508,3715,3261,9243,6073,3928,3432,6489,5155,3833,3229,9.1907,-21.8226,8.93504,48.1133
71076,3288,3748,4662,6115,3391,3829,5509,9775,3355,3565,4543,6073,3155,3479,3763,4162,-6.68373,25.6684,8.85468,48.2747
71077,9604,8476,4525,3548,5510,5281,4099,3430,3867,3815,3542,3185,3394,3352,3279,3179,-26.6838,-16.6189,8.77172,48.0573
71078,3226,3425,3381,3335,3529,3821,4030,3664,4240,5607,5904,4352,4576,7118,7297,4728,18.7607,0.825755,8.95321,48.1553
71079,4528,4726,3952,3467,5849,7799,4728,3504,5038,5839,4296,3465,4072,3925,3622,3271,-4.17951,-10.6074,8.92218,48.054
71080,3446,3988,6471,11310,3466,3819,5107,6680,3290,3457,3895,4187,3108,3219,3404,3398,-23.0828,23.5571,8.59589,48.1633
71081,4527,5277,4399,3692,5169,7960,5415,3836,4389,5288,4368,3602,3598,3789,3464,3241,-6.94423,-6.34638,8.5718,48.0093
71082,9636,8552,4609,3559,5677,5124,4013,3413,3826,3798,3507,3371,3417,3390,3132,3063,-26.6099,-16.2694,8.83876,48.058
71083,3429,4179,5739,5923,3600,4284,7589,7076,3443,3879,4682,4663,3159,3421,3634,3687,-10.3894,14.5799,8.77373,48.258
71084,4450,4498,3771,3351,6279,6791,4183,3495,5893,6393,4259,3542,4230,4402,3653,3295,-0.978335,-13.5752,8.69536,48.3233
71085,3121,3232,3619,3660,3288,3536,4267,4890,3334,3854,5455,9315,3397,3857,5309,8097,13.386,25.3438,8.98219,48.154
71086,7740,5284,3996,3284,9174,5663,3854,3367,5015,4281,3529,3302,3704,3492,3283,3154,-12.5675,-23.3424,8.96383,48.0813
71087,3244,3341,3397,3154,3697,3631,3693,3490,4346,5105,4747,3964,5216,9267,7321,4352,27.9198,-3.24497,8.83545,47.9767
71088,3164,3451,3696,3664,3189,3617,4403,5082,3427,3960,6215,8690,3298,3907,5515,7097,11.6374,20.0047,8.81097,48.25
71089,3046,3232,3376,3350,3349,3634,3990,3851,3603,4378,6059,5207,3789,5236,9207,6984,21.973,10.4689,8.87705,48.194
71090,4666,4076,3505,3235,7929,4904,3774,3286,8595,5066,3880,3348,4993,4029,3615,3294,0.821159,-27.289,8.66302,48.13
71091,3564,3536,3386,3112,4397,4128,3528,3240,7193,6242,4105,3539,8058,6533,4240,3506,16.2687,-17.6894,8.82276,48.2047
71092,3075,3261,3361,3409,3285,3418,3694,3947,3446,3777,4749,6066,3369,3852,6474,12397,29.1933,25.5293,8.81009,47.72
71093,3349,4141,6430,11872,3387,3826,4908,6177,3278,3489,3757,3999,3087,3185,3390,3398,-25.5898,23.899,8.69155,47.782
71094,3523,3654,3492,3438,4202,4735,4009,3547,5121,8039,5435,3810,4769,5895,4754,3796,10.1273,-6.62449,8.68619,48.146
71095,4137,5644,6507,4664,4115,5971,7030,4582,3679,4086,4171,3900,3364,3492,3530,3453,-14.1483,2.58619,8.62147,48.2167
71096,3228,3378,3688,3662,3470,3973,4643,4205,3682,4833,8027,5834,3714,4445,6251,5202,11.1884,9.7662,8.88116,48.1567
71097,3267,3307,3340,3296,3651,3729,3770,3575,4222,5341,5333,4227,4693,7752,7941,4644,23.1822,-0.062148,8.7519,48.0587
71098,5044,7957,6603,4294,4424,6090,5276,4050,3803,4031,3849,3491,3342,3475,3350,3234,-19.3434,-2.87594,8.58579,48.2087
71099,7898,7278,4441,3512,6493,6169,4180,3486,4211,3990,3707,3287,3362,3421,3154,3123,-18.1218,-16.0398,8.66604,47.808
71100,7854,9002,4859,3608,5514,5667,4169,3677,3857,3830,3564,3377,3477,3459,3264,3145,-23.061,-12.8895,8.72845,48.2153
71101,3590,4741,9015,8955,3532,3978,5210,5329,3298,3609,3841,3845,3108,3156,3391,3405,-27.5708,14.981,8.97688,48.002
71102,3315,3375,3302,3173,3667,3783,3644,3339,4552,5535,4573,3803,6058,9743,6399,4002,25.9729,-6.81972,8.96428,48.1753
71103,5512,5005,3885,3342,8142,6653,4168,3352,5550,4967,3757,3318,4032,3762,3413,3186,-6.79568,-17.9804,8.8418,48.0293
71104,3189,3456,3394,3244,3465,3969,3872,3539,4311,5663,5601,4273,4697,7293,7441,4630,20.3221,0.313084,8.53317,48.0247
71105,4381,7377,9024,5231,3980,4727,5242,4315,3431,3674,3684,3526,3227,3343,3332,3293,-27.6314,2.66863,8.53893,47.858
71106,3486,4079,5904,6668,3563,4183,6601,7827,3265,3616,4477,4779,3131,3362,3672,3702,-12.0465,17.4789,8.58011,48.21
71107,4390,7380,9149,5415,3996,4741,5227,4351,3585,3805,3694,3624,3216,3284,3311,3230,-27.1896,2.81432,8.68415,48.2653
71108,3489,3978,6111,11013,3379,3813,5055,7019,3262,3441,3977,4158,3158,3270,3396,3389,-21.63,24.6636,8.52179,47.9387
71109,3487,3864,4870,4800,3427,4353,7431,6821,3344,3976,5753,5541,3244,3555,3930,4013,-4.72784,14.0723,8.89686,48.2727
71110,3060,3167,3368,3309,3334,3595,3904,3644,3541,4343,5337,5094,3791,5207,9698,7501,26.2704,10.9818,8.88365,47.9287
71111,3187,3229,3396,3371,3296,3519,3763,3877,3503,4054,5203,5303,3642,4616,9001,8619,33.2816,14.359,8.53421,47.7193
71112,3197,3338,3566,3655,3198,3647,4378,4762,3471,3880,6224,8562,3309,4055,5757,7283,12.7268,19.8614,8.96351,48.188
71113,5078,4415,3576,3326,8891,4956,3784,3353,7705,4768,3751,3393,4401,4048,3554,3200,-1.94451,-30.0364,8.89384,48.1327
71114,3269,3629,4580,5427,3457,3839,5145,9225,3307,3730,4663,6821,3213,3550,4011,4210,-4.184,33.8199,8.63987,48.0507
71115,3321,3525,4313,4863,3402,3987,5617,7873,3420,3802,5498,7357,3251,3544,4151,4629,-1.36969,20.8614,8.78594,48.3687
71116,7216,5121,3835,3363,9189,5784,4002,3309,5098,4434,3643,3359,3654,3648,3304,3067,-11.5057,-23.1649,8.62868,48.0173
71117,4189,5370,5549,4241,4253,6581,7015,4376,3767,4498,4435,3812,3365,3731,3617,3542,-9.91764,0.864724,8.74618,48.2273
71118,3491,4351,8230,10216,3406,3990,5012,5645,3232,3517,3905,3874,3141,3209,3452,3462,-29.2238,17.9368,8.61629,48.0887
71119,3343,3441,3301,3166,3741,3860,3622,3374,4772,5478,4412,3761,6650,10013,5696,3870,27.939,-8.65088,8.8689,48.3333
71120,3184,3248,3413,3260,3390,3804,3832,3878,3793,4453,5235,4680,3956,5995,9667,6301,29.9721,7.51672,8.5842,48.0593
71121,4041,4391,4059,3681,4829,6951,5279,3959,4500,6401,4938,3904,3796,4170,3893,3522,-1.42051,-5.02588,8.64128,48.2093
71122,3590,4467,7928,7587,3588,4382,6325,6078,3295,3583,4037,4030,3040,3346,3492,3445,-18.9419,14.0108,8.76435,48.142
71123,3236,3378,3362,3329,3543,3811,4030,3833,4023,5359,6574,4604,4209,6114,7884,5231,17.7727,3.85042,8.90636,48.3467
71124,3304,3604,4309,4987,3387,4007,5863,8126,3449,3834,5193,6969,3249,3564,4130,4552,-1.86619,20.6157,8.63685,48.3513
71125,3651,3693,3481,3385,4094,4851,4140,3542,5147,8121,5377,3811,4790,5706,4622,3820,9.52599,-6.28406,8.65231,48.154
71126,3269,3333,3304,3249,3753,3937,3524,3293,4958,5075,4183,3679,7316,9859,5539,3757,30.0248,-10.4223,8.96094,48.0187
71127,4509,7162,7649,4746,4221,5449,5820,4305,3615,3899,3907,3684,3256,3369,3324,3261,-19.8974,1.08991,8.89803,48.1173
71128,3409,3874,5703,9683,3450,3952,5173,8046,3138,3559,4020,4337,3130,3296,3490,3525,-17.505,33.4154,8.54292,47.8567
71129,3702,3633,3269,3211,5045,4158,3549,3313,9194,5374,3794,3385,8306,5226,3740,3388,13.0382,-26.5023,8.56784,48.1913
71130,3400,3446,3234,3169,4184,3884,3429,3182,7086,5002,3914,3368,11330,6417,3849,3420,22.4027,-24.7058,8.8448,48.2093
71131,9445,8213,4507,3511,5721,5305,4026,3512,3962,3839,3607,3241,3355,3369,3271,3114,-25.5026,-16.5321,8.58322,47.9987
71132,3371,3988,5735,7173,3434,4047,6195,8511,3251,3636,4356,4877,3129,3298,3638,3703,-12.0738,20.2645,8.99213,48.228
71133,3317,3354,3315,3036,3725,3784,3561,3253,5443,5305,4146,3508,8548,9228,4702,3630,27.6913,-13.8382,8.76315,47.9033
71134,4063,5955,9724,6361,3779,4476,5521,4806,3458,3595,3797,3692,3230,3252,3371,3314,-25.6319,7.60815,8.67063,48.2627
71135,11509,6037,4077,3384,6945,4912,3829,3308,4144,3796,3316,3232,3303,3331,3301,3023,-22.0596,-27.6082,8.68974,47.6313
71136,3205,3619,4075,4287,3396,3980,5632,6148,3519,4035,6539,7257,3345,3791,4659,4861,2.73951,16.6952,8.52089,48.232
71137,3225,3354,3466,3228,3608,3701,3784,3539,4060,4907,5089,4302,4617,7670,8755,4993,31.6864,1.49028,8.6216,48.1987
71138,3885,3730,3403,3184,5833,4531,3623,3286,9798,5543,3802,3405,6268,4802,3722,3336,7.73329,-25.9372,8.68362,48.1007
71139,3240,3355,3335,3285,3803,3863,3734,3464,4582,5867,4826,3936,5503,9205,6443,4152,22.9888,-4.98902,8.78295,48.3953
71140,3363,3380,3268,3056,4123,3893,3519,3210,7284,4895,3797,3459,11350,5904,3914,3396,21.1517,-31.1186,8.65549,47.874
71141,5293,4449,3693,3337,8956,5435,3834,3472,7244,4818,3719,3281,4193,4088,3458,3261,-3.34671,-25.0025,8.61388,48.354
71142,3440,3369,3193,3020,4151,4028,3518,3268,6377,5309,4033,3312,10026,7220,4223,3452,22.3686,-19.5267,8.53234,47.9593
71143,3508,3686,3592,3376,3865,4694,4411,3809,4527,7284,6405,4101,4358,5626,5212,4032,10.166,-1.9837,8.99757,48.324
71144,3124,3329,3735,3844,3289,3570,4375,5353,3412,3789,5463,9699,3334,3808,4973,7088,10.3629,28.011,8.54074,48.1233
71145,3067,3350,3472,3294,3303,3551,3788,3687,3587,4252,5324,5032,3731,5121,10001,7417,31.4273,11.1158,8.9784,47.9847
71146,3146,3511,3521,3700,3447,3967,4954,4617,3605,4489,7858,6516,3603,4104,5713,5584,9.58669,12.5878,8.82244,48.2233
71147,3220,3453,3755,3745,3392,3889,4703,4742,3561,4464,7508,6978,3508,4007,5593,5756,9.5753,14.3012,8.75596,48.1827
71148,3490,4127,6706,9691,3505,3943,5476,7000,3155,3435,3992,4428,3191,3180,3492,3488,-19.2886,20.6296,8.74249,48.1993
71149,3450,3634,3419,3274,4076,4650,4072,3681,5357,7910,5231,3814,4939,6325,4911,3831,11.9776,-7.13041,8.65191,48.3827
71150,3415,3728,4394,4344,3587,4352,6899,5952,3606,4275,6765,5841,3366,3689,4201,4369,-0.276591,12.7405,8.97857,48.522
71151,3514,3521,3225,3094,4262,3963,3391,3161,8049,5007,3866,3433,10325,5625,3888,3361,18.2189,-31.8845,8.83652,47.79
71152,3232,3284,3664,4000,3198,3561,4358,5763,3465,3728,5110,10007,3207,3693,4799,6646,8.52567,30.3561,8.80513,47.81
71153,3980,3753,3448,3172,5521,4872,3814,3248,8002,6969,4184,3494,5507,5049,3994,3361,7.36559,-17.1558,8.95298,48.2453
71154,3414,4083,6998,10834,3384,3842,5123,6571,3254,3575,3746,4038,3063,3195,3354,3448,-22.9268,21.6304,8.67295,47.948
71155,3572,4062,4480,4205,3766,5003,7340,5081,3750,4550,6411,4933,3470,3886,4117,3924,-1.88989,7.4509,8.81071,48.3667
71156,3419,3946,4085,3842,3715,4791,6208,4666,3863,5178,7581,4931,3614,4163,4630,4113,2.96644,5.94036,8.73591,48.4967
71157,3251,3295,3281,3275,3501,3717,3747,3551,4042,4941,5167,4267,4638,7992,8641,4893,27.3773,1.04572,8.87009,48.1327
71158,3162,3345,3451,3375,3364,3672,3877,3756,3715,4318,5548,4936,3899,5580,9622,6693,25.4692,9.2268,8.62039,48.2087
71159,3626,4456,8726,9368,3562,3968,5136,5552,3347,3663,3874,3972,3153,3224,3330,3413,-27.1182,16.1649,8.87548,48.2467
71160,3552,3647,3440,3327,4006,4553,4013,3429,5246,7751,5272,3852,4962,6544,4931,3813,12.4711,-7.14726,8.65156,48.2253
71161,7799,7882,4553,3600,6182,6119,4156,3551,4024,4144,3663,3337,3515,3409,3311,3224,-19.2533,-14.8962,8.89907,48.3127
71162,3939,4089,3602,3332,4945,6084,4403,3675,5361,7663,4871,3676,4534,4763,3936,3507,3.3311,-8.82793,8.95753,48.2533
71163,5438,4348,3663,3263,9083,5156,3795,3394,7052,4647,3760,3238,4305,4014,3406,3208,-3.02056,-28.8678,8.57056,47.8467
71164,6414,4948,3813,3274,9546,5819,3907,3385,5633,4361,3671,3292,3937,3735,3389,3139,-8.52389,-23.3444,8.79098,48.1753
71165,6794,4762,3733,3383,9864,5266,3846,3429,5746,4232,3654,3389,3841,3698,3409,3017,-9.07935,-28.9031,8.71859,48.042
71166,10230,5654,4077,3369,7807,5150,3901,3414,4269,3951,3506,3174,3517,3342,3243,3170,-18.2275,-32.4768,8.72555,47.8493
71167,7585,5093,3806,3367,9628,5110,3817,3449,5030,4222,3466,3410,3739,3584,3262,3241,-11.7658,-32.7407,8.82798,47.8727
71168,4812,4132,3521,3264,8321,4885,3853,3429,8185,5025,3709,3298,4742,4199,3489,3211,0.173193,-27.2805,8.81873,48.05
71169,3730,5310,8500,6263,3824,4775,6548,5298,3280,3729,4124,3814,3125,3348,3560,3381,-19.0189,8.95803,8.86877,48.406
71170,8952,8964,4567,3561,5381,5059,4059,3486,3971,3883,3504,3162,3414,3353,3238,3147,-32.3449,-14.9927,8.78608,47.8007
71171,5086,9171,7450,4491,4316,5033,4663,3927,3644,3830,3771,3504,3227,3282,3330,3144,-29.3213,-2.82426,8.7234,47.9127
71172,3191,3267,3379,3491,3446,3663,4061,4213,3621,4385,6910,5835,3682,4748,7830,6766,17.3762,12.2307,8.87637,48.3253
71173,4571,4925,4031,3537,5915,7634,4644,3654,5112,5867,4160,3473,4009,3966,3644,3311,-4.19437,-11.0047,8.51461,48.302
71174,4320,4739,4061,3639,5180,7563,5014,3761,4704,6092,4407,3778,3868,4139,3802,3481,-3.38433,-7.82998,8.67568,48.3653
71175,3061,3240,3701,3902,3244,3526,4310,5238,3463,3969,5444,9639,3389,3744,5025,7197,10.5455,25.914,8.57922,48.0613
71176,3145,3242,3368,3508,3242,3454,3768,3978,3359,3835,4913,6006,3450,4049,6969,11544,32.9697,21.8969,8.92614,47.8867
71177,4271,5114,5053,4130,4315,6928,6833,4384,3832,4589,4542,3925,3517,3616,3626,3417,-8.80077,-0.445747,8.68665,48.0613
71178,3266,3523,4040,4034,3528,4133,5851,5578,3561,4337,7386,6347,3440,3932,4745,4663,3.52983,12.7944,8.83313,48.2427
71179,5332,9231,7148,4215,4276,5149,4741,3792,3640,3785,3731,3487,3314,3419,3254,3278,-31.4547,-3.52751,8.66555,47.8613
71180,3110,3357,3534,3662,3283,3619,4197,5228,3322,3761,5160,9674,3398,3805,5092,7654,11.6193,31.3564,8.67051,47.904
71181,7972,9791,4979,3628,5089,5221,4205,3522,3837,3850,3521,3264,3257,3388,3159,3126,-28.3146,-12.7855,8.83011,47.8727
71182,4625,4193,3560,3232,8100,4899,3651,3337,8566,4800,3777,3339,4913,4076,3582,3232,0.66236,-29.6458,8.67889,47.9213
71183,3261,3366,3294,3282,3535,3616,3853,3675,4050,4803,5391,4434,4362,7247,9062,5223,24.7752,2.70095,8.97181,48.3027
71184,3785,5324,8961,6442,3746,4382,6132,5160,3369,3642,4031,3882,3121,3406,3516,3270,-21.3861,9.73908,8.57028,48.1127
71185,3270,3659,4681,5888,3214,3806,5137,9676,3360,3631,4585,6574,3164,3393,3837,4161,-5.4133,31.0203,8.76727,48.024
71186,11255,5840,3961,3421,7054,5088,3781,3323,4013,3825,3445,3215,3398,3436,3205,3205,-21.8762,-31.6164,8.50638,47.6433
71187,8750,8027,4428,3560,6151,5827,4053,3584,3988,3946,3496,3263,3436,3415,3177,3079,-21.1138,-16.0216,8.92526,48.12
71188,3481,3534,3237,3170,4322,4033,3468,3284,7963,5124,3776,3336,10266,5722,3873,3222,18.3109,-26.9129,8.87043,47.874
71189,3710,4986,9323,8101,3572,4069,5267,5151,3316,3544,3827,3929,3150,3361,3445,3355,-31.5991,13.2238,8.65509,48.0707
71190,3798,4019,3745,3432,4501,6051,4896,3877,4723,7314,5357,4009,4173,4656,4357,3721,2.76836,-4.76854,8.61692,48.4193
71191,3944,6268,9940,6117,3783,4433,5071,4617,3497,3656,3735,3757,3098,3132,3359,3241,-31.3801,6.58781,8.98355,47.7653
71192,3602,3530,3409,3153,4358,4580,3733,3399,6377,7524,4551,3712,5813,6612,4378,3536,12.7604,-12.2297,8.5699,48.178
71193,3592,3558,3329,3132,4759,4142,3588,3272,9298,5205,3814,3316,8429,5330,3864,3390,14.1312,-29.8062,8.84675,48.012
71194,3062,3260,3513,3396,3341,3531,4021,4219,3334,4040,5497,6909,3368,4043,6635,9956,20.0274,20.8196,8.67182,48.0833
71195,11940,6794,4001,3348,6007,4980,3726,3428,3986,3809,3389,3234,3354,3416,3248,3108,-32.5109,-23.1718,8.58293,47.8453
71196,3368,3405,3335,3284,3611,3778,3772,3424,4576,5220,4704,3865,5641,9818,6743,4061,31.5004,-4.88897,8.92141,48.4033
71197,3385,3360,3328,2990,4128,3739,3426,3225,6577,4824,3833,3413,11729,6205,3951,3390,24.3878,-25.0881,8.67247,47.6687
71198,4457,5323,4410,3755,5160,7967,5509,3855,4106,5183,4304,3561,3713,3823,3639,3265,-7.76688,-6.1187,8.71842,48.02
71199,4538,4813,4114,3544,5866,7707,4697,3523,5150,6026,4394,3495,4008,4130,3550,3350,-4.16309,-10.9317,8.75943,48.6033
71200,3411,4030,6145,9782,3454,3930,5292,7510,3252,3580,4068,4286,3138,3312,3463,3459,-18.4024,22.7383,8.57979,48.0747
71201,3661,3803,3424,3237,4777,5286,4069,3445,6115,8060,4738,3636,4988,5320,4109,3506,7.40593,-10.9271,8.86552,48.116
71202,3095,3242,3478,3403,3221,3528,3800,4112,3368,3823,5037,7066,3463,3957,6232,11116,21.2415,24.8576,8.86537,47.9607
71203,3197,3553,4005,4625,3275,3663,4963,7798,3306,3697,4972,8631,3281,3614,4240,5142,1.30602,27.8602,8.55241,47.9747
71204,3193,3262,3362,3404,3373,3604,3747,3794,3625,4062,5248,5174,3616,5108,9430,7838,30.413,12.5726,8.6848,47.8933
71205,12353,6733,3875,3455,6017,4757,3885,3256,3900,3856,3376,3165,3437,3398,3207,3008,-27.4749,-24.812,8.92048,47.7853
71206,3403,4106,7314,11159,3557,3833,4993,5938,3248,3427,3803,3895,3029,3280,3395,3358,-28.2493,19.9853,8.65534,47.8253
71207,3909,4352,4652,4027,4178,6114,6975,4428,3958,5134,5532,4104,3575,3881,3950,3680,-3.86611,2.01858,8.55667,48.2993
71208,3387,3299,3157,3118,4093,3815,3494,3177,6312,5343,3944,3538,10068,7480,4363,3439,23.7091,-19.2171,8.58741,48.018
71209,3085,3246,3630,3633,3322,3564,4250,5073,3344,3926,5117,9742,3364,3755,5183,7549,11.5571,33.973,8.94639,47.8553
71210,3144,3244,3442,3412,3144,3452,3865,3881,3354,3793,4897,6287,3384,3913,5957,12403,25.3351,32.5975,8.62983,47.7147
71211,3131,3321,3449,3560,3159,3618,4085,4619,3370,3834,5294,8529,3354,3958,5514,9194,15.8813,26.0756,8.57357,47.9927
71212,5343,5497,4144,3647,6575,7627,4498,3567,4754,4960,3930,3479,3759,3759,3465,3293,-8.61277,-12.6237,8.61639,48.198
71213,3428,3269,3263,2946,3977,3822,3511,3204,6257,4817,3726,3353,12228,6285,4074,3405,26.0043,-26.2962,8.66691,47.71
71214,5854,4820,3690,3342,9707,5155,3776,3361,6256,4548,3744,3307,3928,3842,3516,3209,-6.15754,-33.9747,8.54684,48.0367
71215,3201,3411,3821,3924,3352,3757,5053,5081,3496,4438,7529,7000,3378,3956,5315,5252,7.79998,14.146,8.87771,47.976
71216,3412,4134,6674,10547,3467,4039,5193,6727,3233,3481,3904,4069,3152,3258,3368,3451,-21.9392,21.6047,8.6969,48.0727
71217,3171,3299,3474,3580,3201,3550,4092,4629,3340,3732,5228,8759,3425,3809,5575,9183,15.6874,25.877,8.87766,48.0313
71218,4235,4453,3940,3511,4894,7155,5023,3768,4770,6549,4826,3710,3951,4287,3843,3426,-1.00001,-6.78495,8.75084,48.2273
71219,3202,3341,3606,3789,3297,3615,4422,4978,3364,3981,5785,8944,3440,3889,5448,7374,11.8159,21.9306,8.92316,48.3167
71220,3852,5321,9061,6808,3691,4468,5975,5102,3430,3619,3974,3892,3108,3281,3411,3351,-21.8928,10.0324,8.6486,48.2293
71221,3460,3399,3259,3198,3968,3906,3521,3149,5564,5083,4046,3418,9601,8523,4263,3552,32.1429,-16.5856,8.64272,47.94
71222,5376,9299,7142,4246,4356,5143,4664,3984,3653,3742,3686,3544,3363,3406,3251,3197,-31.2636,-3.25346,8.78971,48.0347
71223,3300,3523,3339,3196,3780,4195,3908,3512,4798,6927,5474,3921,5290,7581,5762,4131,16.5189,-4.59405,8.97166,48.4247
71224,3201,3415,3331,3244,3481,3805,3733,3519,4002,5143,5112,4261,4730,8046,8175,4952,24.7574,0.183591,8.92201,48.1
71225,3949,5030,6228,4825,3852,5437,7884,5127,3584,4113,4509,4040,3286,3416,3543,3490,-11.7223,5.9426,8.72647,48.2087
71226,12277,6183,4034,3386,6180,4775,3677,3393,3937,3747,3342,3197,3470,3397,3285,3037,-32.9418,-25.9502,8.71358,47.5447
71227,3168,3190,3397,3400,3107,3601,3912,3862,3485,4066,5090,5587,3608,4350,8498,9588,31.7953,16.5885,8.51596,47.9393
71228,4493,7566,8590,5183,4022,4838,5329,4269,3512,3798,3848,3615,3173,3298,3441,3350,-25.2011,2.16974,8.72297,48.2167
71229,7212,9577,5393,3756,5041,5442,4295,3681,3854,3862,3577,3342,3342,3395,3209,3065,-25.4642,-10.8661,8.62611,48.0287
71230,3057,3335,3307,3471,3344,3475,3889,3867,3695,4347,5805,5169,3655,5039,9407,7500,23.5965,11.8865,8.80497,48.2413
71231,3773,3650,3304,3135,5307,4410,3646,3271,9486,5855,3869,3424,6944,5155,3790,3440,10.3475,-23.0078,8.84415,48.306
71232,4539,7245,8170,5061,4082,5315,5628,4438,3547,3864,3974,3662,3288,3299,3359,3329,-21.1643,1.78176,8.99485,48.5333
71233,11078,7519,4167,3405,5947,5028,3789,3425,3903,3820,3391,3252,3286,3373,3237,3035,-27.2024,-20.1726,8.77586,47.77
71234,3671,4784,9505,8317,3660,4151,5092,5184,3298,3523,3809,3787,3186,3258,3471,3417,-32.601,13.1606,8.88366,48.0753
71235,3714,4400,5219,4568,3816,5304,7907,5281,3598,4384,5287,4346,3269,3671,3825,3660,-7.00228,7.21492,8.64895,48.166
71236,3420,3424,3226,3103,3925,3790,3524,3306,5342,5282,4147,3539,8455,9178,4812,3573,31.8652,-13.5896,8.72863,48.0307
71237,7960,6136,4031,3463,8001,6164,3999,3380,4436,4177,3505,3258,3641,3690,3300,3089,-14.8183,-19.6482,8.59149,48.1533
71238,3331,3363,3167,3112,3872,3836,3521,3319,4871,5343,4230,3716,7245,9926,5352,3844,28.7116,-10.248,8.78673,48.032
71239,3220,3313,3266,3292,3537,3722,3787,3577,3952,4755,5157,4442,4271,7383,9173,5206,33.8527,3.11824,8.89441,48.0353
71240,3450,4117,7198,11652,3337,3784,4774,5960,3287,3400,3717,3868,3044,3173,3327,3298,-28.4506,21.7487,8.82474,47.5907
71241,3123,3235,3426,3419,3245,3522,3703,3883,3403,3905,4727,6189,3427,4001,6024,12490,26.2835,33.3595,8.65363,47.8147
71242,3440,4440,8260,9770,3473,4056,5084,5565,3306,3515,3789,3920,3117,3138,3389,3385,-33.1261,16.8708,8.73098,47.7647
71243,3519,3458,3271,3096,4159,4030,3589,3251,6141,6057,4181,3551,7855,7698,4408,3523,19.093,-15.02,8.57828,47.858
71244,3179,3200,3382,3357,3475,3494,3950,3839,3745,4534,6030,5139,3766,5280,8907,6656,21.3794,9.69344,8.62827,47.9553
71245,3082,3182,3317,3408,3196,3575,3799,3892,3383,3900,5098,5728,3477,4316,7623,10583,30.8689,19.3649,8.5838,47.706
71246,3567,3601,3324,3069,4273,4429,3769,3444,6427,7304,4463,3538,6107,6678,4428,3617,13.5666,-12.7801,8.68445,48.0253
71247,3944,5015,5556,4317,4104,6224,7323,4483,3847,4467,4722,3964,3418,3555,3705,3608,-9.40254,2.13345,8.73718,48.168
71248,3518,4069,4370,3893,3865,5191,6838,4443,3872,5175,6722,4670,3540,4017,4344,3963,0.0490117,5.05196,8.96235,48.3267
71249,4394,5988,5260,4126,4519,7302,6427,4125,3915,4443,4188,3650,3461,3549,3533,3368,-11.4643,-1.88625,8.91199,48.1653
71250,3698,3852,3578,3313,4556,5685,4181,3546,5499,7920,5155,3735,4493,4867,4129,3704,5.55134,-8.17211,8.62998,47.9407
71251,3160,3461,3464,3350,3447,3795,4442,3972,3760,4930,7309,5391,3796,4900,7226,5653,14.8873,8.65309,8.53513,48.0373
71252,3278,3761,4532,5405,3381,3800,5650,8984,3384,3696,4798,6802,3240,3390,3877,4191,-4.26358,23.5091,8.68045,48.1127
71253,3909,4157,3902,3633,4483,6204,5159,3905,4657,6855,5597,3953,4041,4347,4092,3670,1.68206,-3.67966,8.76735,48.376
71254,3596,3818,3633,3355,4197,5301,4306,3679,5002,8246,5593,3963,4343,5387,4416,3767,7.31719,-5.5348,8.96905,48.4013
71255,5021,4341,3501,3380,8505,5596,3897,3343,7298,5098,3841,3269,4605,4064,3506,3231,-1.85556,-22.7202,8.9904,48.3307
71256,3175,3309,3401,3326,3276,3515,3727,3779,3619,4178,5305,5117,3780,5249,9602,7592,28.1936,11.4488,8.67796,47.9667
71257,3376,3845,4658,4982,3553,4272,7003,6945,3474,4050,5611,5602,3290,3512,4071,4055,-3.53613,14.9911,8.75319,48.1993
71258,3031,3256,3413,3374,3240,3646,3923,3772,3631,4078,5207,5359,3655,4899,9173,8394,27.5165,14.0573,8.73604,48.034
71259,3795,4789,6662,5230,3828,4962,7552,5511,3470,3964,4602,4165,3278,3297,3591,3421,-12.9689,8.35416,8.60203,48.078
71260,3471,3588,3539,3294,3961,4828,4387,3660,4856,7680,5899,4007,4636,5994,5040,3936,10.9775,-4.0008,8.7803,48.5173
71261,3122,3246,3444,3580,3243,3460,4043,4231,3379,3821,5069,7400,3377,3882,6070,10571,19.8286,25.5402,8.76348,47.9587
71262,3203,3393,3640,3571,3327,3742,4457,4406,3660,4208,7067,6610,3496,4380,6650,6345,13.8753,14.0934,8.7301,48.1033
71263,3169,3329,3300,3247,3355,3612,3800,3807,3790,4475,5190,4860,3904,5821,9970,6579,27.0278,8.44452,8.77247,48.1387
71264,3185,3339,3606,3843,3223,3537,4426,5735,3334,3801,5317,9861,3336,3611,4841,7003,9.21375,29.7635,8.76463,47.9987
71265,3754,3738,3514,3290,4613,4923,3948,3507,5974,8075,4872,3601,5059,5694,4288,3598,8.77723,-10.1712,8.57178,48.2987
71266,10931,5877,3866,3354,7648,5032,3798,3388,4241,3923,3552,3194,3546,3380,3286,3158,-19.3973,-28.035,8.71031,48.116
71267,3453,3434,3174,3066,4238,3950,3520,3328,7693,5219,3815,3442,10109,6272,4021,3401,18.8033,-23.5402,8.86318,48.09
71268,3476,3445,3362,3215,3941,4243,3805,3400,5224,7437,4830,3742,5546,7445,5034,3903,15.6343,-8.2657,8.81078,48.032
71269,3299,3676,4457,5922,3378,3809,5334,9619,3225,3631,4571,6280,3221,3491,3872,4045,-6.13712,27.3736,8.59765,47.8867
71270,3320,3390,3366,3233,3706,3689,3671,3426,4675,5248,4459,3880,5990,9790,6146,3984,32.5688,-6.21331,8.91379,47.982
71271,5678,9543,6684,4183,4501,5246,4700,3861,3571,3795,3711,3452,3236,3413,3267,3151,-26.8694,-4.94713,8.64899,47.9947
71272,3407,3405,3173,3091,3933,3825,3502,3196,6058,4886,3797,3333,11694,7005,4074,3445,31.0924,-21.8399,8.91688,47.8827
71273,3579,4361,6042,5694,3631,4576,7677,6296,3380,3746,4610,4510,3195,3455,3636,3661,-11.4835,12.3909,8.54688,48.0327
71274,3435,4064,5815,5861,3631,4381,7515,6720,3480,3726,4856,4723,3314,3387,3685,3620,-10.3028,13.761,8.56922,48.142
71275,3373,3331,3171,3195,3761,3773,3547,3254,5083,5315,4277,3602,7837,9556,5005,3713,27.1302,-12.0395,8.83489,47.862
71276,3339,3655,4262,4301,3591,4348,6536,5567,3559,4442,6885,5570,3371,3863,4506,4409,0.467979,11.9343,8.65167,48.136
71277,3346,3694,4095,3925,3537,4354,6300,5170,3748,4683,7483,5561,3420,3982,4663,4402,2.47607,10.1426,8.91922,48.242
71278,3106,3392,3617,3415,3487,3856,4338,4009,3749,4879,7417,5336,3830,5061,7257,5515,14.9713,8.44722,8.50656,48.176
71279,6897,6339,4151,3522,7500,6812,4195,3500,4649,4393,3588,3281,3610,3570,3335,3172,-13.5836,-16.6151,8.84702,48.3427
71280,5643,8838,6119,4085,4645,6104,4868,3776,3746,3942,3794,3444,3175,3482,3359,3296,-21.4212,-5.82879,8.55328,48.2107
71281,3623,3423,3330,3193,4411,4063,3606,3199,8627,5207,3847,3442,9639,5583,3877,3416,16.4544,-26.4672,8.76705,48.324
71282,6046,4714,3781,3288,9925,5131,3829,3392,5981,4476,3723,3357,3947,3631,3407,3198,-6.85765,-33.4887,8.75903,47.884
71283,3376,3423,3251,3065,4047,3667,3416,3229,6509,4870,3713,3292,12302,6156,4005,3376,25.2085,-27.8911,8.95661,47.798
71284,3353,3346,3250,3173,4062,4084,3554,3407,5599,5825,4128,3516,8213,8559,4728,3545,21.9433,-14.3457,8.99492,48.228
71285,3614,3487,3193,3200,4731,4129,3651,3224,9056,5189,3769,3412,8573,5311,3792,3284,14.3713,-32.6564,8.64651,47.7433
71286,8239,9448,4957,3627,5207,5146,4091,3541,3868,3797,3476,3367,3309,3433,3183,3088,-30.4749,-13.385,8.68849,47.8513
71287,3413,3212,3172,3164,3825,3784,3554,3257,6308,4883,3808,3384,12241,5969,3972,3449,25.7531,-31.9728,8.72534,47.5967
71288,3411,4107,6349,8012,3433,4077,6061,7494,3452,3640,4203,4497,3094,3360,3581,3557,-15.966,18.872,8.55054,48.2187
71289,3192,3442,3509,3454,3409,3775,4359,4049,3677,4717,7349,5695,3769,4821,7169,5892,14.9652,10.2947,8.85318,48.1853
71290,3465,3858,5824,11172,3357,3841,4914,7207,3219,3403,3882,4055,3220,3195,3458,3475,-20.7324,33.4088,8.66974,47.6967
71291,3317,3833,4804,4743,3437,4358,7302,6789,3524,4162,5719,5452,3293,3596,3981,4229,-3.91112,13.9595,8.80241,48.3593
71292,3565,3578,3314,3114,4598,4120,3582,3231,8978,5241,3786,3461,8863,5440,3909,3432,15.0423,-32.3373,8.76965,48.1413
71293,6066,4717,3589,3307,9819,5186,3764,3376,6401,4544,3597,3238,4034,3764,3391,3183,-6.48562,-29.4637,8.52794,47.984
71294,6286,5313,3964,3350,8153,6780,4046,3444,5037,4628,3759,3425,3813,3646,3503,3203,-9.85821,-17.6843,8.86111,48.2333
71295,4188,5424,6658,4702,4091,5940,7247,4751,3634,4275,4282,3832,3328,3512,3690,3437,-13.6088,3.08589,8.76542,48.6607
71296,3854,3719,3431,3175,5912,4531,3663,3242,9834,5382,3759,3443,6395,4663,3756,3230,7.62537,-29.1866,8.88193,47.9927
71297,3470,4128,6239,8507,3412,4001,5780,7885,3286,3643,4165,4474,3069,3363,3470,3512,-16.2431,19.9364,8.89898,48.2693
71298,3258,3695,4448,5771,3415,3741,5130,9656,3216,3526,4533,6433,3261,3401,3944,4077,-5.34593,30.415,8.59276,47.67
71299,3661,3809,3841,3422,4123,5287,4853,3845,4503,7357,6306,4049,4184,4794,4549,3754,5.59476,-2.15067,8.87943,48.2247
71300,4115,5978,9512,5965,3844,4693,5777,4660,3530,3682,3873,3810,3213,3279,3383,3226,-23.2644,6.60628,8.98334,48.36
71301,3082,3257,3424,3339,3373,3478,3803,3747,3596,4342,5434,5081,3706,5330,9927,7177,27.5554,10.7636,8.90903,48.064
71302,6495,9948,5962,4018,4705,5298,4424,3651,3700,3717,3550,3376,3368,3409,3192,3186,-30.2146,-7.94091,8.79047,47.9993
71303,3201,3679,4487,4664,3402,4021,6301,7194,3349,3948,5791,6611,3255,3548,4187,4465,-1.47829,17.3985,8.65402,48.0687
71304,3444,3985,6027,8293,3445,3865,5923,8094,3391,3596,4200,4473,3123,3258,3565,3658,-15.1889,20.8171,8.68102,48.2267
71305,3323,3796,4803,5941,3369,3888,5818,9139,3250,3734,4719,6049,3208,3484,3811,4137,-6.57736,22.5043,8.71349,48.3127
71306,3139,3270,3408,3181,3365,3607,3968,3793,3797,4660,5819,4843,3999,5751,9289,6131,22.0446,7.15986,8.83046,48.0133
71307,4548,7386,8178,4861,4119,5228,5528,4428,3506,3787,3846,3638,3271,3274,3399,3239,-22.2385,1.66743,8.94826,48.1573
71308,3409,3753,5064,7895,3359,3869,5377,9517,3206,3454,4152,5107,3143,3277,3620,3675,-12.2066,30.0432,8.7757,47.918
71309,3268,3325,3472,3332,3551,3873,4116,3834,4105,5430,6840,4678,4154,5817,7259,4990,16.2038,4.18635,8.96978,48.0293
71310,7732,7979,4652,3579,6150,6091,4294,3480,4091,4110,3682,3262,3343,3457,3344,3116,-18.9619,-14.5825,8.83715,48.2413
71311,3313,3346,3238,3176,3826,3847,3579,3356,4847,5330,4514,3732,6517,10027,5839,3863,30.1417,-8.53939,8.66896,48.2333
71312,4266,3906,3461,3105,6651,4836,3710,3269,9251,5644,3859,3430,5589,4609,3675,3372,4.97844,-23.7035,8.682,48.422
71313,3083,3309,3358,3354,3163,3539,3858,3909,3422,4018,5422,5628,3606,4644,8715,8683,25.0307,15.0691,8.75374,47.8073
71314,9067,7000,4127,3414,6940,5707,4054,3397,4150,3980,3566,3371,3522,3454,3297,3030,-19.1975,-18.7157,8.83842,48.0507
71315,10267,5842,3922,3465,7911,4898,3839,3365,4364,3938,3545,3222,3487,3523,3201,3128,-18.3091,-27.7092,8.53351,47.9447
71316,6856,4739,3686,3360,10060,5069,3716,3382,5475,4327,3635,3237,3854,3608,3416,3154,-9.61071,-31.0145,8.76005,47.716
71317,3075,3263,3451,3546,3297,3677,4085,4392,3302,3984,5766,7619,3327,3934,6393,8966,17.0697,20.4512,8.91555,48.0513
71318,3116,3418,3735,3615,3455,3826,4486,4428,3536,4447,7516,6623,3644,4271,6433,5950,12.4641,12.824,8.5965,48.3327
71319,3230,3464,3701,4072,3297,3733,4464,5964,3338,3731,5393,9918,3298,3617,4591,6369,7.5808,29.8742,8.88357,48.12
71320,3455,3987,6119,12417,3339,3854,4756,6138,3141,3386,3799,3917,3126,3191,3219,3366,-26.6506,33.0127,8.80929,47.4733
71321,3361,4115,6256,7659,3497,4179,6268,7859,3205,3577,4164,4455,3209,3367,3520,3613,-14.5753,18.2961,8.73337,48.2027
71322,3335,3636,4177,4647,3307,3719,4846,8137,3376,3686,4938,8441,3182,3683,4222,4891,0.399407,31.1809,8.56952,48.1487
71323,3528,3409,3213,3059,4498,4036,3497,3211,8231,5223,3943,3276,9813,5842,3965,3283,17.3496,-26.0106,8.54659,48.018
71324,3439,3421,3236,3160,3966,3831,3522,3302,5431,5255,4066,3571,8854,8906,4658,3482,33.7873,-14.8032,8.97855,48.0667
71325,3418,3628,3357,3377,3742,4308,4214,3751,4327,6811,6703,4272,4406,5907,5818,4155,12.6528,-0.611703,8.65722,48.1293
71326,3288,3303,3392,3195,3544,3675,3713,3581,4310,4969,4668,4031,5253,9026,7475,4419,30.5808,-2.7682,8.75401,47.8947
71327,6342,7467,4815,3743,5976,7070,4518,3513,4109,4151,3760,3333,3553,3536,3339,3227,-16.238,-11.4095,8.62051,48.3013
71328,3246,3467,3848,3847,3573,3864,4892,4870,3584,4472,7671,6748,3564,4160,5604,5411,8.86516,13.3482,8.50076,48.5473
71329,3297,3423,3203,3076,4046,3815,3419,3224,6289,4788,3732,3313,12582,6302,3915,3416,27.6842,-27.2885,8.66738,47.8933
71330,3301,3358,3268,3146,3917,3833,3502,3244,6047,4684,3909,3328,12437,6104,3903,3412,27.9126,-32.8566,8.69978,47.5953
71331,3353,3992,5754,10535,3388,3716,5144,7533,3412,3495,3967,4312,3109,3267,3458,3340,-19.0855,33.9916,8.67827,47.85
71332,5765,9289,6414,4188,4616,5689,4560,3813,3739,3978,3690,3489,3272,3263,3355,3137,-23.371,-5.56452,8.80674,48.1713
71333,3440,3389,3232,3042,3966,3803,3455,3199,6079,4883,3728,3346,12326,6661,4087,3382,28.6786,-24.3436,8.78137,48.012
71334,4035,3978,3630,3274,5492,5604,4057,3327,6958,7196,4308,3569,4966,4856,3843,3451,4.60885,-14.5479,8.84849,48.3627
71335,3060,3245,3356,3386,3280,3550,4055,3979,3334,3953,5386,6209,3444,4289,7382,10004,22.4972,19.0219,8.88242,47.9413
71336,3559,3894,3844,3520,3928,5313,5180,3985,4367,6833,6532,4216,3861,4744,4560,3875,4.5266,-0.443419,8.63432,48.1407
71337,3269,3707,4069,4067,3576,4131,6166,5386,3542,4389,7285,6176,3352,3849,4706,4584,2.71182,12.8481,8.55092,48.1693
71338,3297,3309,3283,3133,3717,3868,3768,3420,4625,5551,4665,3825,5979,9370,6297,4027,25.2719,-6.26751,8.67452,48.0893
71339,8586,5884,3948,3316,8177,5562,4110,3395,4531,4116,3466,3283,3697,3622,3312,3169,-15.4215,-22.2547,8.53978,48.116
71340,3067,3232,3447,3376,3220,3490,3819,3926,3418,3835,4928,6175,3539,4050,6907,11638,25.7669,22.775,8.67678,48.0447
71341,3283,3743,4828,6327,3364,3937,6311,9091,3335,3555,4640,5504,3216,3415,3709,4012,-8.0524,20.3473,8.95238,48.18
71342,12329,6459,4026,3396,6018,4757,3743,3284,3931,3774,3366,3258,3333,3408,3319,3117,-30.3145,-24.5909,8.99012,47.6787
71343,3524,4481,8470,9335,3474,4037,5177,5565,3313,3401,3828,3972,3097,3253,3441,3451,-33.1402,16.2727,8.52189,47.8793
71344,3155,3290,3358,3391,3319,3574,3917,3816,3640,4342,5714,4890,3822,5621,9470,6718,23.3515,9.33503,8.77015,48.0247
71345,3199,3542,4075,4535,3328,3801,4866,7508,3380,3853,5068,8905,3181,3705,4216,5203,2.08804,28.2786,8.82072,48.2433
71346,5742,9662,6640,4142,4404,5303,4664,3915,3731,3783,3712,3555,3252,3310,3276,3096,-28.5056,-4.81955,8.50319,48.1247
71347,5900,4559,3728,3433,9544,5260,3788,3427,6483,4491,3670,3366,4106,3767,3412,3299,-5.87548,-30.3182,8.51339,48.1553
71348,4678,4112,3460,3215,7968,4831,3831,3349,8509,5060,3761,3404,4920,4279,3515,3292,1.02525,-28.4614,8.83158,48.1227
71349,3314,3646,4180,4213,3361,4068,5797,5787,3536,4311,6935,6472,3513,3854,4672,4705,3.09093,14.1642,8.51478,48.2427
71350,4108,5589,8083,5482,3796,5073,6586,5070,3512,3793,4082,3733,3256,3430,3456,3295,-17.8334,6.21004,8.88311,48.2293
71351,11297,6958,3992,3431,6020,5007,3853,3255,3856,3878,3365,3231,3509,3523,3247,3193,-33.7261,-21.6353,8.58413,47.7433
71352,4307,3822,3414,3156,6852,4669,3726,3212,9663,5205,3700,3385,5545,4502,3518,3357,4.16233,-28.2076,8.86648,48.022
71353,10402,6271,4057,3391,7518,5297,3884,3393,4322,3976,3459,3212,3383,3350,3176,3159,-19.3922,-23.2741,8.85903,48.1667
71354,3349,4087,6592,12232,3386,3832,4712,5927,3228,3427,3752,3926,3094,3141,3368,3446,-29.9024,23.7978,8.84794,47.666
71355,3059,3428,3586,3648,3334,3512,4185,4545,3531,4210,6459,7431,3405,4131,6436,7297,14.7499,17.3942,8.75272,48.1313
71356,4673,4092,3531,3166,7445,5102,3883,3416,8560,5395,3698,3350,4970,4267,3527,3213,1.70015,-23.7445,8.64673,48.192
71357,3051,3147,3403,3427,3129,3473,3857,3876,3343,3866,5002,5867,3425,4190,7232,11343,28.8526,21.2809,8.66076,47.754
71358,3407,3388,3156,3106,3926,3755,3431,3226,6292,5108,3838,3348,11546,6882,4030,3301,25.246,-22.3386,8.92223,47.8267
71359,3557,4066,4313,4025,3700,4642,6887,4807,3679,5047,7051,4973,3529,3953,4313,4022,0.520882,7.14764,8.81356,48.376
71360,3456,3470,3334,3242,4032,4045,3712,3442,5573,6601,4448,3609,6377,8198,4808,3843,18.0424,-11.2723,8.98297,48.1267
71361,3197,3333,3386,3409,3299,3475,3996,4445,3450,3928,5111,7920,3413,3964,5607,10020,18.2149,32.5518,8.50544,47.9687
71362,12706,6027,3804,3387,6032,4774,3741,3409,3880,3745,3390,3211,3283,3434,3292,3139,-30.367,-31.0942,8.65025,47.5027
71363,4183,3842,3473,3242,6839,4590,3666,3308,9602,5195,3862,3405,5682,4369,3616,3275,4.65572,-29.4256,8.83455,48.0993
71364,3154,3258,3404,3349,3274,3508,3878,3911,3533,4038,5372,5956,3551,4471,8043,9650,23.8015,17.4004,8.97593,48.2333
71365,4134,6295,8902,5621,4003,4914,5979,4573,3451,3726,3891,3643,3214,3244,3427,3302,-22.1254,5.19916,8.65406,48.2127
71366,3215,3408,3396,3196,3473,3771,3767,3556,4153,4989,4878,4322,4809,8205,8226,4894,27.212,0.231133,8.548,48.172
71367,4102,3839,3429,3104,5997,4746,3808,3296,9322,5999,3896,3388,5890,4837,3743,3135,6.62818,-21.7953,8.89261,48.354
71368,4122,3767,3485,3277,6252,4438,3567,3249,10005,5188,3805,3338,6127,4641,3561,3298,6.40929,-29.7784,8.86573,48.08
71369,3623,3995,4080,3664,4193,5673,5419,4004,4468,6527,6170,4245,4004,4309,4371,3848,2.22459,-0.729155,8.52307,48.3953
71370,3337,3474,3980,4534,3398,3726,4731,7428,3415,3716,4973,9275,3290,3532,4242,5222,2.61319,29.4272,8.94057,48.182
71371,3265,3419,3712,3914,3279,3726,4606,5744,3318,3881,6074,9203,3377,3709,4866,6207,7.69806,21.4862,8.91071,48.2
71372,3558,4525,7494,7276,3495,4241,6376,6293,3411,3575,4164,4344,3154,3336,3497,3454,-17.6267,14.6143,8.79372,48.1287
71373,12622,5988,3981,3449,6075,4768,3670,3463,3938,3672,3384,3258,3409,3288,3105,3186,-28.5258,-31.1848,8.91402,47.504
71374,3361,3795,4825,7044,3371,3775,5358,9893,3325,3659,4317,5488,3101,3395,3554,3761,-9.74519,32.4647,8.80456,48.0147
71375,3457,3871,5303,8134,3283,3782,5088,9598,3284,3574,4256,4985,3145,3164,3550,3744,-12.6184,31.2346,8.89322,48.1453
71376,3953,4874,6053,4661,3971,5536,7887,5048,3579,4056,4562,4037,3204,3469,3628,3536,-11.0905,5.40057,8.68605,48.036
71377,3506,4334,7319,9496,3480,4106,5435,6540,3298,3561,3851,4274,3024,3271,3521,3453,-20.6453,18.8965,8.53685,48.3127
71378,3881,3808,3461,3243,5243,4804,3721,3302,8206,6848,4116,3325,5817,5341,3964,3369,8.40539,-17.5429,8.9638,48.2993
71379,4135,4064,3518,3358,5811,5509,3857,3342,7416,6730,4151,3444,5001,4625,3830,3404,4.00579,-16.5049,8.69607,48.13
71380,12817,6214,4005,3338,6080,4767,3958,3344,3843,3705,3445,3229,3402,3350,3218,3136,-29.0311,-28.7809,8.70727,47.9007
71381,3168,3303,3416,3606,3252,3638,4178,4686,3434,3765,5282,8759,3366,3851,5233,8838,14.7372,32.0443,8.53353,47.85
71382,3376,3497,3233,3108,3936,3821,3658,3356,4977,5619,4331,3738,6993,9398,5449,3806,23.7633,-9.86756,8.59932,48.1973
71383,4549,7180,7434,4796,4268,5751,5733,4244,3616,3885,3882,3630,3166,3358,3401,3319,-19.7478,0.55515,8.53134,48.1413
71384,4604,4752,3901,3361,6186,7614,4569,3563,5278,5950,4108,3489,3983,4034,3486,3322,-3.90682,-11.7719,8.86024,48.1333
71385,3538,3975,4608,4440,3654,4644,7545,5600,3708,4448,6143,4875,3459,3667,4171,3965,-2.92117,9.3902,8.78016,48.2933
71386,3148,3215,3546,3476,3216,3589,4168,4660,3358,3861,5151,9065,3433,3863,5452,8545,14.3367,33.1606,8.80805,47.8307
71387,3431,4021,6379,11877,3318,3905,4907,6587,3247,3440,3857,3940,3033,3343,3397,3383,-25.0341,24.5955,8.77142,48.0433
71388,3183,3445,3822,4007,3379,3586,4483,6193,3226,3718,5182,9819,3264,3656,4785,6032,6.84479,29.445,8.76119,47.8533
71389,3714,5043,7207,5403,3835,4933,7508,5341,3588,3790,4265,3988,3260,3466,3587,3389,-14.922,8.04516,8.91421,48.2113
71390,3508,3557,3502,3289,3887,4493,4058,3543,4868,7644,5681,4075,4835,6307,5095,4000,12.488,-4.45598,8.73642,48.228
71391,3348,3608,4202,4952,3381,3795,5017,8936,3331,3752,4811,7712,3230,3476,4095,4446,-1.58387,28.464,8.86431,48.0613
71392,5977,7152,4749,3801,5853,7341,4690,3755,4138,4307,3797,3316,3585,3430,3342,3242,-14.7664,-10.8111,8.62082,48.3167
71393,3103,3254,3431,3283,3327,3392,3902,4002,3362,3612,4791,6813,3359,3943,5911,12137,23.2108,30.6404,8.98253,47.748
71394,3154,3422,3741,3856,3292,3684,4375,5234,3457,4012,6406,8797,3399,3754,5338,6566,10.3345,20.4648,8.78273,48.3247
71395,5002,8516,7926,4630,4317,5055,4782,4054,3539,3702,3819,3491,3264,3314,3339,3249,-29.9914,-0.897401,8.60969,47.9993
71396,3473,3364,3210,3091,4538,4124,3486,3230,8567,5209,3804,3446,9445,5765,3960,3412,16.3237,-25.9903,8.79217,48.0827
71397,3298,3414,3918,4116,3410,3612,4556,6303,3311,3714,5277,9588,3373,3650,4550,5913,5.71867,30.7563,8.93168,48.002
71398,3324,3623,3708,3578,3559,4268,5015,4098,3827,5506,8176,5055,3788,4513,5550,4606,8.61752,5.91871,8.92174,48.1293
71399,8395,5191,3861,3398,9319,5160,3797,3320,4884,4063,3593,3204,3670,3477,3270,3096,-13.7703,-29.4704,8.67114,47.7987
71400,3345,3976,5278,5890,3506,4098,6622,8015,3264,3698,4761,5237,3199,3416,3774,3792,-8.81599,17.8488,8.60477,47.914
71401,3398,3924,6134,12399,3475,3721,4796,6435,3162,3380,3879,3879,3072,3259,3410,3362,-25.4103,29.1194,8.69754,47.79
71402,3344,3989,5945,11834,3290,3738,4878,6715,3287,3481,3880,4063,3047,3145,3386,3397,-23.2721,31.8531,8.7822,47.6127
71403,4233,3878,3417,3061,6544,4773,3705,3354,9438,5581,3878,3340,5557,4598,3758,3270,5.05496,-23.4116,8.92338,48.2567
71404,3444,3403,3156,3044,4266,3841,3456,3281,7569,4954,3807,3417,11109,5829,3870,3325,19.928,-28.5002,8.80424,47.8473
71405,3288,3487,3690,3459,3548,4148,4412,3951,4113,5888,7687,4716,4023,5155,6098,4675,11.8044,3.55838,8.75164,48.2253
71406,3557,3848,3878,3498,3830,4773,5142,3955,4114,6405,7303,4438,3944,4583,4840,4032,5.97405,1.51498,8.91322,48.0933
71407,3111,3371,3546,3748,3340,3495,4104,5100,3451,3797,5234,9628,3282,3751,5043,7978,12.3309,29.0169,8.72439,47.986
71408,3580,3517,3295,3107,4885,4135,3618,3139,9048,5228,3866,3384,8729,5352,3797,3228,14.662,-30.0058,8.69026,47.9387
71409,3737,3625,3373,3166,5054,4131,3535,3208,9261,5387,3955,3299,7884,5303,3807,3466,12.7155,-26.2359,8.54164,48.1273
71410,3470,3965,6361,11802,3306,3757,4927,6514,3076,3514,3913,4132,3061,3078,3369,3337,-23.9715,26.384,8.66447,47.7213
71411,3145,3331,3765,3742,3316,3811,4565,4652,3483,4148,7120,7425,3497,3992,5850,6348,11.4607,15.9483,8.55159,48.1267
71412,11675,6835,3980,3310,5962,4996,3918,3363,4013,3765,3513,3259,3337,3419,3153,3113,-33.0172,-22.4919,8.59566,47.7407
71413,3277,3288,3218,3150,3747,3872,3641,3333,4843,5395,4397,3684,6600,9879,5824,4029,25.5281,-8.49947,8.92056,48.118
71414,3441,3734,3593,3377,3977,4543,4243,3677,4472,7375,6425,4275,4420,5623,5316,4159,10.7996,-1.86847,8.85229,48.4333
71415,3088,3299,3570,3586,3184,3623,4316,4781,3521,4103,6161,8376,3413,3988,5810,7316,13.2202,19.6779,8.808,48.09
71416,3421,3978,6404,12324,3333,3830,4744,6237,3112,3377,3781,4028,3125,3248,3402,3468,-27.5053,26.234,8.65923,47.8747
71417,3257,3718,4760,6864,3377,3860,5303,9876,3249,3615,4387,5699,3232,3427,3625,3847,-9.23565,26.4012,8.99445,48.064
71418,3504,3604,3393,3309,4203,4459,3723,3289,6297,7384,4448,3608,6033,6593,4432,3759,13.5228,-12.1537,8.64039,48.0253
71419,3358,4019,5938,9128,3319,3979,5482,8068,3280,3582,3893,4524,3025,3200,3599,3655,-16.383,22.613,8.62535,48.0327
71420,5488,5244,3926,3469,7562,7331,4249,3502,4998,4938,3789,3382,3862,3721,3561,3139,-8.0641,-15.3834,8.93054,48.1073
71421,6450,6644,4154,3557,6832,7166,4463,3598,4414,4435,3688,3420,3436,3512,3398,3249,-13.3531,-14.2261,8.95916,48.2773
71422,3289,3895,4899,6463,3411,3880,5716,9300,3304,3697,4350,5471,3116,3322,3731,3856,-9.15757,23.0524,8.53095,47.8
71423,3622,3661,3487,3348,4224,4664,3955,3483,5447,7850,5196,3765,4966,6194,4692,3757,11.2857,-8.27865,8.57153,48.2073
71424,7940,5358,3826,3468,8992,5490,3873,3368,4913,4180,3448,3199,3656,3576,3437,3163,-13.0688,-23.3783,8.56664,47.9247
71425,5236,4679,3802,3262,8031,6222,3920,3414,6368,5207,3814,3314,4293,3981,3549,3224,-3.73937,-18.7837,8.53743,48.2107
71426,3133,3470,3835,3857,3304,3619,4630,5719,3327,3903,6214,8908,3393,3930,4952,6047,7.6513,20.3625,8.69451,48.1607
71427,3959,4839,5939,4813,3791,5495,7887,5098,3511,4114,4669,4050,3306,3457,3636,3527,-10.4711,6.0644,8.78306,48.0607
71428,3166,3306,3442,3424,3413,3886,4192,4146,3739,4843,7343,5554,3736,4877,7534,5841,15.7757,9.49978,8.93269,48.2947
71429,3035,3253,3476,3445,3218,3397,4097,4463,3437,3859,5098,8893,3381,3941,5417,9193,15.4382,31.8284,8.82669,47.7353
71430,3228,3527,3830,3819,3387,3891,5040,5008,3590,4349,7725,6869,3489,3990,5400,5318,8.14806,13.6952,8.86416,48.3067
71431,4605,7490,8348,5001,4125,5183,5311,4410,3545,3651,3860,3564,3182,3281,3289,3258,-23.9903,1.58571,8.62438,48.0687
71432,3029,3176,3363,3454,3295,3440,4003,4138,3493,3910,5329,6884,3324,4059,7080,10121,21.1613,21.0268,8.76919,48.0653
71433,3526,4431,6353,6244,3667,4509,7470,6526,3506,3646,4465,4377,3190,3318,3560,3668,-13.0629,13.4485,8.58896,48.304
71434,3410,3974,6326,12446,3344,3807,4726,6405,3079,3413,3832,4018,2980,3073,3329,3422,-26.1241,26.927,8.97443,47.7227
71435,3720,4511,5967,4991,3796,4969,8253,5592,3555,4049,4935,4228,3192,3523,3649,3510,-9.81022,8.55791,8.91682,48.2933
71436,3216,3097,3435,3391,3283,3570,3870,3982,3481,4052,5462,5954,3523,4414,8323,9260,22.9063,16.7478,8.81655,48.2087
71437,3197,3429,3280,3311,3559,3768,3816,3499,4207,5115,4652,4155,4782,8576,8158,4681,32.9456,-0.910729,8.8019,48.1233
71438,3754,3477,3437,3077,4387,4175,3667,3267,7307,6444,4135,3466,7468,6600,4251,3506,15.5413,-17.192,8.8744,48.2787
71439,3167,3234,3426,3379,3314,3632,3770,3644,3775,4320,5377,4868,3841,5487,10032,6910,31.3955,9.49413,8.99869,48.1173
71440,3479,3329,3160,3197,3889,3863,3579,3262,5689,5094,4014,3480,9944,8074,4344,3466,33.5404,-17.7444,8.54409,47.9087
71441,4634,4611,3905,3400,6142,7296,4392,3540,5350,5978,4107,3479,4042,3987,3678,3249,-3.3024,-12.4353,8.84936,47.86
71442,3114,3330,3361,3232,3406,3746,3804,3681,3926,4614,5103,4391,4284,7064,9335,5525,29.3997,4.21183,8.67015,47.944
71443,3323,3417,3315,3146,3653,3766,3684,3464,4343,5177,4611,3783,5550,9623,7067,4278,29.2728,-3.91671,8.98418,48.1333
71444,2998,3192,3429,3405,3316,3541,3805,3896,3501,3915,5219,5862,3450,4461,8157,9727,25.3817,17.4495,8.73808,47.916
71445,3470,3311,3243,3016,3873,3803,3584,3225,6103,5223,3981,3481,10356,7552,4407,3459,24.7671,-19.3388,8.61999,48.058
71446,3309,3352,3265,3053,3865,3886,3675,3326,5424,5920,4333,3527,7388,9140,5107,3630,22.0118,-11.9016,8.9915,48.1333
71447,11058,7265,4118,3388,6281,5046,3908,3409,3903,3854,3431,3281,3501,3365,3044,3131,-24.6204,-21.2889,8.96288,47.9887
71448,3105,3276,3510,3425,3110,3525,3924,4091,3466,4086,5700,5998,3593,4399,8272,8392,21.2461,15.4415,8.93246,47.9147
71449,3842,4475,4634,3987,4193,6256,7092,4412,3977,5081,5434,4146,3508,3880,3867,3649,-4.48772,1.8761,8.72713,48.2887
71450,7968,9270,4838,3715,5168,5352,4182,3619,3911,3912,3568,3264,3268,3413,3204,3154,-26.2242,-12.8039,8.59314,47.8707
71451,12657,6034,3826,3356,6180,4762,3825,3420,3964,3807,3505,3215,3384,3386,3223,3128,-27.5182,-29.3571,8.58917,47.7813
71452,3514,3824,4809,5388,3355,4037,6955,7952,3407,3763,5053,5677,3194,3415,3920,4127,-5.83608,17.463,8.76441,48.26
71453,4620,4230,3656,3181,8056,4925,3698,3363,8374,5043,3702,3431,4791,4169,3572,3299,0.408243,-32.9069,8.98523,48.0733
71454,3555,4080,4350,4049,3794,4912,7049,4905,3825,4895,6810,4738,3468,4004,4200,3975,-0.869574,6.57502,8.68012,48.406
71455,3531,3539,3273,3158,4440,4233,3662,3319,7045,6516,4164,3478,7423,6873,4293,3623,15.5648,-16.2123,8.51894,48.38
71456,5256,8304,6206,4212,4650,6321,5225,3868,3674,4045,3799,3509,3373,3327,3310,3206,-19.6315,-4.42436,8.77191,48.19
71457,12176,6282,3899,3375,6530,4754,3900,3318,3976,3845,3380,3228,3350,3282,3262,3164,-25.0645,-27.2808,8.80402,47.814
71458,3615,3623,3309,3174,4520,4487,3690,3313,7011,7245,4310,3472,6496,6241,4190,3463,12.9278,-14.8569,8.87145,48.106
71459,3542,4005,4735,4339,3710,5028,7766,5209,3593,4531,6020,4763,3458,3654,4026,3926,-3.66654,7.68452,8.624,48.2033
71460,4779,4270,3585,3237,7414,5934,3916,3418,6962,5531,3809,3444,4609,4152,3661,3295,-0.916325,-19.4875,8.5846,48.0107
71461,3212,3312,3438,3332,3510,3659,3778,3620,3816,4677,5163,4332,4330,6880,9471,5491,29.6559,4.32083,8.54669,48.014
71462,8655,7285,4389,3480,6603,5999,4101,3485,4153,4081,3503,3295,3443,3405,3317,3244,-19.1297,-17.2028,8.79336,48.292
71463,3727,5470,9963,7050,3625,4222,5326,4857,3409,3616,3757,3897,3167,3255,3371,3287,-30.9184,9.93602,8.65352,47.9993
71464,3130,3272,3546,3600,3221,3592,4033,4584,3250,3874,5166,8893,3512,3776,5382,9237,15.2571,28.247,8.90908,48.0453
71465,3384,4001,6201,8690,3463,3980,5772,8132,3256,3546,4118,4486,3070,3301,3366,3510,-16.354,21.2567,8.90007,48.184
71466,12228,6517,3913,3367,5968,4868,3784,3374,3944,3708,3513,3212,3414,3379,3250,3041,-30.5112,-24.9445,8.69989,47.6533
71467,3388,3535,3678,3418,3849,4597,4553,3924,4292,6776,6902,4323,4082,5302,5339,4220,9.44716,0.309447,8.58698,48.1187
71468,3411,3887,4693,4682,3529,4267,7234,6769,3382,4068,5875,5585,3332,3541,3895,4212,-3.02454,13.9452,8.99022,48.2413
71469,3384,3940,6045,12382,3436,3754,4715,5914,3263,3445,3885,3811,3165,3373,3267,3388,-32.0595,30.0105,8.60771,47.4447
71470,3400,3355,3197,3102,3839,3755,3437,3254,6018,4744,3757,3319,12410,6623,3991,3416,32.0308,-24.49,8.88171,47.7447
71471,3411,3510,3290,3263,3971,4041,3762,3363,5374,6348,4421,3630,6528,8423,5050,3740,19.5555,-10.3204,8.66587,48.0833
71472,4721,4700,3759,3446,6509,6990,4239,3556,5788,6062,4093,3554,4130,4113,3684,3256,-2.55123,-13.7602,8.60539,48.4
71473,3181,3220,3412,3375,3339,3371,3759,3893,3371,3729,4854,5997,3288,4128,6828,11866,31.7457,22.6664,8.98919,47.7407
71474,3775,3831,3649,3279,5002,5289,4061,3504,6505,7839,4519,3567,5045,5057,4032,3454,6.86461,-12.3307,8.75303,48.272
71475,3257,3569,4040,4309,3344,3807,5464,6400,3479,4042,6390,7926,3361,3612,4518,4994,2.98434,18.8165,8.88588,48.3413
71476,3248,3407,3502,3381,3269,3612,4189,4108,3673,4349,6860,6150,3648,4610,7705,6920,16.7972,12.9956,8.90052,48.4207
71477,3783,5329,9674,7044,3602,4238,5265,4954,3433,3580,3842,3807,3149,3336,3418,3285,-32.9964,10.0053,8.73378,47.826
71478,5400,7243,5101,3865,5262,7325,5183,3858,3971,4287,3909,3494,3414,3480,3350,3205,-14.8342,-7.3344,8.51232,48.2313
71479,4104,4823,4514,3922,4371,7023,6172,3986,4037,5474,5014,3866,3660,3883,3896,3608,-4.9264,-2.03518,8.64275,48.2353
71480,4591,4636,3738,3396,6527,6999,4259,3392,5804,6257,4130,3433,4212,4292,3508,3309,-1.91898,-13.8558,8.96479,48.322
71481,3678,3581,3255,3201,4802,4070,3644,3253,8934,5342,3881,3395,8690,5408,3773,3305,14.433,-25.894,8.8679,48.1413
71482,4945,5421,4292,3543,5940,8201,4790,3642,4485,5062,4079,3499,3633,3737,3531,3241,-8.38087,-9.9822,8.95646,48.0273
71483,3328,3370,3280,3110,3840,3978,3425,3310,5458,5117,4144,3533,9204,8997,4528,3522,30.1936,-15.632,8.9517,48.096
71484,3392,3369,3340,3097,3861,3764,3431,3198,6032,4804,3708,3246,12562,6210,3947,3375,28.4513,-28.0706,8.84374,47.5573
71485,10541,5619,3931,3382,7748,5112,3742,3387,4242,3909,3504,3318,3523,3416,3166,3121,-19.2182,-32.1668,8.62311,47.774
71486,3273,3468,3424,3301,3692,4132,4151,3659,4446,6527,5783,4237,4772,6965,6265,4372,16.435,-1.871,8.57967,48.3113
71487,3572,4806,9057,8165,3583,4218,5632,5475,3238,3467,3837,3885,3103,3294,3357,3425,-23.6039,13.9854,8.88411,48.076
71488,3382,3792,4753,6473,3366,3727,5282,9922,3282,3596,4327,5892,3163,3406,3792,4015,-8.36183,27.6229,8.8769,48.1133
71489,3022,3285,3497,3449,3260,3586,3975,4269,3445,3811,5401,7178,3422,4037,6493,9767,19.2972,21.8048,8.84589,47.9313
71490,5677,4853,3825,3278,8684,6243,3974,3436,5867,4751,3725,3321,4058,3887,3456,3209,-6.36404,-20.4144,8.59287,48.1627
71491,4349,4993,4233,3647,5192,7983,5209,3726,4451,5610,4302,3613,3829,3903,3550,3393,-5.59347,-7.11575,8.61805,47.9887
71492,3317,3320,3299,3076,3536,3772,3728,3472,4258,5307,5069,4108,5009,8438,7925,4688,24.6746,-0.775987,8.95186,48.2147
71493,6872,5473,3852,3343,8811,6263,4049,3437,4844,4411,3684,3291,3772,3626,3349,3189,-11.3039,-19.708,8.8878,48.1773
71494,3213,3493,4226,4817,3406,3810,5250,8231,3242,3775,5286,7905,3201,3444,4081,4630,-0.455236,25.0429,8.59879,48.0067
71495,3180,3250,3348,3515,3176,3561,3852,4105,3422,3868,4994,7535,3420,3972,5653,10960,19.9562,32.7535,8.7725,47.874
71496,3334,3848,5064,6653,3308,3832,5968,9112,3225,3594,4400,5444,3221,3409,3684,3881,-9.10383,22.1402,8.65797,47.9847
71497,3873,4326,4224,3742,4479,6764,5826,3983,4345,6038,5222,3952,3808,4128,3925,3604,-1.82988,-2.64896,8.59202,48.1593
71498,3199,3360,3348,3268,3436,3680,3665,3673,3974,4787,5416,4371,4346,7250,8986,5424,26.4576,3.53082,8.73699,48.122
71499,3323,3868,5719,7410,3354,3947,6071,8853,3308,3562,4385,4907,3089,3395,3523,3613,-12.4856,21.8772,8.72412,48.218
71500,3145,3214,3385,3331,3297,3386,3738,3859,3466,3649,4772,6139,3455,3889,5909,12752,29.5802,30.7705,8.92948,47.5907
71501,3290,3829,4688,6493,3429,3723,5479,9777,3263,3701,4428,5860,3211,3452,3846,4029,-8.07959,26.165,8.57951,48.332
71502,3365,3235,3271,3079,3953,3787,3403,3177,6451,4859,3831,3361,12274,6386,3964,3425,25.1597,-26.6448,8.92265,47.8807
71503,3292,3360,3124,3269,3965,3788,3453,3237,6220,4830,3824,3325,12354,6199,3941,3336,33.8616,-25.5736,8.74543,47.678
71504,4349,4105,3693,3288,6081,5885,4051,3484,6954,6711,4250,3425,4753,4495,3671,3462,1.95055,-15.7246,8.89853,48.438
71505,4239,4483,3926,3527,5189,7302,4785,3774,4831,6441,4782,3658,3954,4136,3925,3399,-1.98927,-7.9528,8.57102,48.234
71506,2996,3159,3319,3375,3275,3487,3882,4025,3422,3912,4929,5924,3474,4195,7455,11272,26.3353,20.4936,8.99034,48.0673
71507,3479,3771,4161,3865,3682,4453,6219,4676,3642,4882,7504,5161,3502,3951,4759,4240,2.65681,7.52015,8.6124,47.9647
71508,4299,4111,3619,3316,6050,6310,4225,3459,6291,6624,4261,3578,4480,4383,3727,3319,1.13249,-14.2697,8.98695,48.0347
71509,3207,3374,3413,3212,3457,3670,3757,3544,4241,4893,5009,4174,4713,8265,8439,4772,30.9186,0.201154,8.84026,48.0933
71510,9475,6781,4319,3442,7031,5636,3991,3510,4276,3984,3557,3240,3494,3443,3277,3155,-19.487,-19.6485,8.69723,48.4073
71511,3411,3937,5373,9206,3399,3782,5218,8853,3137,3659,4031,4693,3132,3275,3476,3551,-15.496,28.3029,8.50698,48.0887
71512,10083,5630,3856,3496,8210,5054,3891,3403,4452,3948,3487,3206,3509,3411,3207,3176,-17.8123,-29.6068,8.69492,48.0127
71513,4361,4169,3598,3280,6502,5930,3998,3452,7006,6202,4082,3398,4837,4486,3806,3354,1.54003,-17.0827,8.88482,48.3073
71514,3475,3927,6115,12559,3428,3617,4761,5985,3198,3442,3890,3808,3172,3160,3471,3412,-28.8944,33.4332,8.67191,47.6133
71515,5450,9386,6842,4243,4466,5110,4596,3998,3693,3894,3694,3513,3309,3353,3317,3243,-30.2476,-4.08167,8.80632,48.0713
71516,3461,4368,6223,6341,3470,4200,7326,6954,3395,3717,4457,4536,3257,3355,3635,3675,-12.6314,14.5609,8.82171,48.2467
71517,3356,3370,3259,3221,3949,3889,3477,3194,6060,4675,3581,3379,12571,6112,3912,3349,30.2435,-27.6289,8.80919,47.5693
71518,9260,7780,4478,3615,6058,5410,4090,3486,3933,3935,3626,3311,3432,3494,3309,2979,-21.7891,-17.1176,8.58262,48.1307
71519,4434,4122,3518,3271,6892,5173,3796,3483,8139,5866,3972,3383,5143,4497,3744,3317,2.44908,-21.0408,8.63796,48.5
71520,3351,3703,4712,6073,3454,3962,5254,9541,3284,3719,4526,6180,3150,3309,3763,3989,-6.86435,32.2755,8.56118,47.98
71521,3118,3159,3449,3303,3289,3572,3789,4040,3331,3947,5065,6577,3566,4062,6780,11445,23.9612,22.8303,8.86354,48.328
71522,11066,6558,4060,3428,6655,5136,3906,3434,4040,3940,3406,3208,3428,3349,3172,3031,-22.2641,-23.2039,8.59058,47.878
71523,3825,5382,9577,6977,3694,4373,5638,4973,3402,3520,3767,3821,3133,3163,3377,3329,-24.553,10.2153,8.65918,47.9673
71524,3374,3839,5374,7738,3441,3762,5462,9442,3312,3647,4237,5167,3069,3233,3573,3651,-12.2923,25.0783,8.68774,48.214
71525,4633,7915,8740,4986,4092,4956,4875,4099,3643,3720,3773,3483,3329,3361,3430,3376,-31.1079,1.05487,8.77853,48.274
71526,5072,4386,3617,3323,8145,5827,3943,3412,7031,5259,3873,3341,4407,4099,3454,3163,-2.16659,-20.5611,8.72524,48.2347
71527,3301,3631,4059,4095,3441,4056,5591,5326,3453,4405,7184,6602,3464,3930,4870,4888,4.15395,13.7385,8.5185,48.1973
71528,3409,3873,5163,6512,3386,3981,6246,8734,3362,3733,4488,5395,3192,3441,3753,3819,-9.37362,20.313,8.85678,48.3247
71529,3507,4546,8432,9379,3485,4009,5254,5862,3337,3532,3897,3916,3019,3216,3282,3369,-24.2521,16.9262,8.71747,48.028
71530,3381,3364,3319,3091,4245,3998,3508,3181,6370,5365,3888,3391,9817,7254,4292,3469,21.5772,-19.214,8.55136,47.9553
71531,10839,7857,4191,3458,5728,5015,3939,3448,3881,3884,3437,3225,3365,3428,3186,3162,-28.9705,-19.0386,8.99845,48.0287
71532,3366,3930,6012,12585,3412,3703,4642,6095,3238,3310,3818,3847,3154,3228,3424,3515,-31.6603,30.7046,8.58862,47.5193
71533,3514,3440,3213,3138,4343,3941,3498,3204,7491,5559,3757,3424,9347,6366,4123,3480,18.0995,-21.3298,8.68351,47.892
71534,4482,4509,3616,3287,6528,6562,4038,3469,6162,6203,4064,3409,4302,4319,3676,3280,-0.984636,-15.4015,8.69125,47.9373
71535,3730,3736,3511,3194,4717,4909,3970,3460,6170,7958,4584,3660,5188,5575,4146,3637,8.63039,-11.5342,8.79378,48.0967
71536,3132,3318,3372,3298,3488,3570,3869,3661,3898,4599,5932,4696,4043,6055,9467,5798,22.7606,6.54532,8.84902,48.1307
71537,3566,3776,4445,4073,3603,4576,7118,5244,3633,4495,6853,5185,3498,3735,4241,4069,-0.761132,9.33649,8.80774,48.0733
71538,3345,3967,5990,12398,3400,3939,4876,6202,3225,3432,3813,3943,3050,3283,3337,3355,-26.6659,32.1338,8.57998,47.7033
71539,3608,3574,3367,3008,4464,4055,3599,3289,8473,5644,3899,3469,8643,5718,4048,3421,15.4347,-22.9188,8.74868,48.186
71540,4497,4733,3925,3461,5677,7350,4633,3615,5057,6254,4352,3599,3916,4023,3654,3404,-3.09006,-10.4801,8.5822,48.1
71541,3409,3320,3070,3159,3890,3862,3413,3158,5872,5094,3960,3403,10801,7810,4204,3519,26.6203,-19.3723,8.98328,47.9627
71542,3672,5392,9882,7217,3726,4314,5237,5015,3350,3488,3940,3819,3072,3270,3442,3413,-29.3067,10.1956,8.77439,48.166
71543,3458,3591,3289,3141,4479,4138,3565,3216,8678,5223,3783,3437,9264,5463,3869,3392,16.0287,-32.5815,8.79849,47.9907
71544,3441,3422,3336,3177,3874,3754,3477,3124,6103,4806,3681,3409,12565,5893,3868,3491,33.852,-28.9791,8.90318,47.614
71545,3257,3318,3292,3196,3496,3700,3764,3513,4018,4982,5518,4354,4391,7106,8813,5235,24.1488,2.88958,8.76093,47.9687
71546,12414,5982,3876,3375,5871,4659,3629,3470,3943,3776,3389,3252,3381,3321,3301,3128,-32.8659,-32.5846,8.79255,47.178
71547,4057,5638,6166,4620,4109,6122,7102,4529,3683,4279,4248,3783,3379,3503,3540,3549,-13.2825,2.05139,8.60208,48.2047
71548,3414,3280,3241,3170,3872,3815,3470,3278,6005,4707,3734,3398,12476,5972,3913,3495,27.8589,-32.2473,8.56397,47.4933
71549,3185,3245,3372,3558,3298,3610,3992,4503,3438,3838,5274,8744,3366,3803,5402,8927,15.395,33.623,8.67515,47.7033
71550,3558,4146,5635,5870,3524,4386,7366,7094,3362,3784,4657,4681,3167,3426,3806,3687,-9.62583,14.287,8.69342,48.0993
71551,3224,3343,3361,3342,3565,3915,4046,3870,3938,5222,6231,4631,4320,6236,7955,5195,18.7883,3.93922,8.88311,48.2627
71552,3628,4319,6224,5857,3447,4530,7585,6477,3359,3775,4628,4404,3198,3415,3622,3777,-11.3798,13.297,8.7927,48.1633
71553,3610,4513,8556,8347,3454,4154,5910,5934,3247,3558,3951,4144,3120,3343,3348,3309,-21.8048,15.0717,8.85604,48.332
71554,3631,4215,6813,7270,3550,4139,6569,7077,3313,3543,4135,4305,3108,3276,3541,3573,-15.1942,15.9234,8.9648,48.0387
71555,3134,3380,3340,3396,3440,3674,3914,3732,3979,4824,5887,4744,4108,6242,8991,5401,21.5954,5.44613,8.93873,48.124
71556,9273,7422,4285,3494,6542,5506,3931,3369,4148,4034,3588,3224,3467,3453,3284,3083,-20.7402,-18.3448,8.57706,48.0687
71557,3596,3920,4286,4038,3624,4754,6628,4838,3747,4780,7058,5167,3497,4008,4411,4109,0.799127,7.86532,8.95361,48.3073
71558,4344,6602,8189,5087,3975,5176,6037,4588,3592,3917,4086,3615,3206,3403,3467,3289,-20.1155,3.22941,8.8619,48.382
71559,3451,3403,3300,3126,4014,4162,3754,3417,5243,7223,4932,3829,5681,7548,5105,3781,16.4009,-8.28279,8.68229,47.9793
71560,4025,3820,3413,3061,5756,4650,3720,3302,8674,6293,4020,3440,5841,4961,3803,3383,7.24728,-19.7606,8.69005,48.108
71561,12327,5964,3981,3446,5970,4735,3781,3349,3844,3791,3531,3247,3479,3284,3314,3170,-31.3736,-33.139,8.53993,47.4753
71562,3386,3516,3229,3101,4089,3826,3499,3223,6438,4807,3812,3532,12039,6132,3919,3413,24.375,-27.0635,8.56589,47.974
71563,3357,3427,3234,3095,4065,3867,3509,3183,6519,4890,3917,3353,11899,6556,4043,3268,24.0482,-24.02,8.9591,48.1213
71564,7678,6992,4360,3540,6847,6308,4234,3515,4287,4105,3561,3295,3523,3527,3387,3111,-16.4263,-16.2124,8.63836,48.18
71565,12640,6341,3934,3350,6184,4726,3724,3293,3985,3660,3424,3198,3355,3377,3238,3082,-27.9205,-27.4822,8.71466,47.674
71566,5423,9297,7080,4353,4307,5280,4595,3946,3579,3650,3742,3515,3266,3333,3322,3158,-26.5471,-3.52009,8.72849,47.8973
71567,6960,4887,3801,3346,9999,5283,3814,3354,5445,4339,3525,3295,3776,3703,3383,3180,-9.52659,-31.0592,8.85733,48.06
71568,4497,4040,3368,3232,7362,4759,3638,3269,9091,5146,3787,3367,5301,4428,3645,3287,3.14829,-30.951,8.67701,48.1447
71569,4348,7006,8919,5134,4026,4938,5330,4480,3543,3686,3864,3717,3155,3267,3324,3326,-24.5339,3.05096,8.67117,48.042
71570,3436,4001,6049,11852,3382,3854,4994,6834,3274,3461,3712,4011,3026,3210,3462,3363,-23.0445,32.8999,8.55453,47.9473
71571,10515,6440,4025,3293,7093,5136,3798,3392,4100,4018,3494,3326,3477,3457,3262,3078,-20.1664,-22.562,8.7238,47.936
71572,3454,3440,3249,3268,3941,3774,3421,3201,6054,4721,3725,3380,12562,5962,3854,3406,32.1779,-30.8458,8.68454,47.608
71573,7274,6158,4194,3482,7679,6569,4116,3517,4619,4327,3612,3208,3627,3574,3324,3078,-13.9483,-18.0423,8.94009,48.2387
71574,4372,6235,6480,4426,4298,6281,6429,4445,3658,4150,4081,3761,3322,3480,3457,3310,-14.9666,0.659821,8.93468,48.1233
71575,4200,6303,7684,5001,4129,5335,6361,4588,3500,3706,3940,3723,3202,3365,3530,3312,-18.2308,3.32035,8.69993,47.9193
71576,3509,3766,4313,3994,3779,4652,6596,4926,3800,4720,7188,5105,3551,3932,4462,4061,0.977011,7.88675,8.90765,48.236
71577,12355,6395,4020,3392,6206,4851,3798,3293,3977,3777,3338,3267,3443,3277,3242,3083,-26.0973,-26.2843,8.81894,47.8093
71578,3198,3386,3380,3339,3437,3763,3778,3624,3834,4572,5094,4540,4156,6415,9454,5902,30.9571,5.44755,8.51913,47.9147
71579,3155,3097,3337,3428,3220,3516,3813,4216,3390,3825,5017,6441,3381,4122,6658,11423,24.1027,23.7056,8.53487,48.026
71580,3612,4795,8886,8823,3546,4104,5347,5543,3202,3509,3843,3970,3028,3173,3475,3335,-26.1478,14.705,8.87709,48.1273
71581,3778,5058,9685,7800,3529,4218,5425,5160,3315,3527,3798,3679,3053,3321,3404,3429,-25.8735,12.2463,8.75014,48.1193
71582,7422,5858,4025,3453,8213,6139,4000,3393,4720,4281,3535,3307,3710,3575,3302,3099,-13.4427,-19.9498,8.57807,48.0213
71583,3340,3388,3122,3099,4241,3848,3456,3253,7363,5026,3732,3504,11171,5841,3844,3472,20.4936,-32.5107,8.67738,47.8
71584,3528,3557,3407,3203,4095,4420,3797,3407,5934,7360,4690,3720,5787,6937,4572,3631,14.0885,-10.7931,8.51886,48.03
71585,3682,4167,5132,4547,3843,4887,7984,5740,3394,4098,5578,4828,3348,3655,3889,3820,-5.86877,9.36121,8.7644,48.3947
71586,6179,5378,3963,3418,8146,6828,4046,3379,5085,4524,3647,3385,3818,3665,3504,3156,-9.25739,-17.8185,8.57244,48.0807
71587,3288,3533,3574,3450,3545,4103,4293,3807,3963,5844,7273,4818,4055,5506,6527,4722,13.6765,3.73733,8.55629,48.2007
71588,10751,6503,4045,3393,6838,5197,3851,3488,4173,3956,3465,3229,3452,3488,3206,3053,-21.6572,-22.4496,8.74991,48.0587
71589,3255,3513,4260,4805,3253,3773,5025,8272,3389,3692,5079,7930,3316,3581,4244,4704,0.0781105,25.8968,8.55616,48.0607
71590,5214,8873,7226,4342,4473,5024,4952,3961,3590,3844,3757,3450,3230,3390,3302,3216,-33.7787,-2.6325,8.60973,47.896
71591,5350,8715,6592,4191,4461,5950,4960,3974,3635,3907,3777,3491,3242,3444,3357,3249,-21.281,-3.78842,8.66865,48.1967
71592,4249,6982,9542,5404,4057,4687,5372,4435,3496,3617,3792,3613,3211,3332,3349,3363,-27.3403,4.23112,8.83515,48.334
71593,3135,3277,3488,3559,3278,3494,4165,4660,3390,3789,5298,8926,3331,3841,5348,8988,14.8495,31.2797,8.85393,47.978
71594,3371,3764,5507,8830,3411,3868,5344,9176,3223,3548,3948,4897,3171,3198,3501,3624,-14.5967,27.1292,8.95845,48.254
71595,3319,3777,4717,5065,3497,4099,6778,7652,3460,3890,5317,5926,3115,3450,3964,4206,-4.42755,17.1388,8.80731,48.1547
71596,3450,3839,4267,4275,3635,4543,6960,5359,3657,4556,6684,5171,3428,3894,4427,4190,-0.307775,9.48681,8.7414,48.2233
71597,3157,3381,3524,3560,3459,3854,4394,4235,3599,4718,7488,5738,3787,4712,6831,5750,13.9526,10.0042,8.58729,48.1247
71598,3533,3690,3583,3472,3853,4704,4553,3874,4433,7148,6747,4259,4274,5231,5155,4099,8.97412,-0.460134,8.51321,48.4053
71599,4394,7140,9121,5231,4011,4932,5345,4521,3464,3776,3719,3555,3118,3310,3337,3225,-24.721,3.11258,8.87702,48.1327
71600,8081,5252,3881,3335,9471,5410,3728,3344,4983,4112,3526,3281,3741,3557,3348,3200,-12.9868,-26.3011,8.97708,48.1667
71601,5236,4536,3617,3370,8505,5786,3752,3422,6838,5033,3745,3374,4416,4032,3550,3316,-3.1347,-21.808,8.78644,48.352
71602,3487,3859,4074,3672,3854,5026,5776,4219,4007,6086,7305,4496,3752,4370,4582,4139,3.53558,2.67485,8.88598,48.4693
71603,3259,3435,3638,3889,3318,3610,4405,5926,3291,3747,5248,9821,3291,3730,4950,6215,7.57933,32.8229,8.79198,47.8487
71604,3345,3937,5770,10731,3450,3774,4980,7604,3281,3452,3938,4174,3096,3167,3431,3594,-19.967,28.6017,8.54163,47.816
71605,4387,6330,7051,4654,4134,5971,6336,4517,3682,4018,4098,3789,3285,3445,3493,3358,-16.6121,1.50147,8.57062,48.3653
71606,3752,3591,3291,3152,5050,4478,3620,3306,8913,6040,3957,3481,6769,5436,3872,3507,11.3219,-20.4816,8.94094,48.1433
71607,3374,4057,6908,12036,3383,3766,4833,5849,3242,3408,3704,3894,3230,3212,3331,3372,-29.6487,23.1143,8.63807,47.7327
71608,3687,3643,3379,3213,4844,4306,3669,3227,8231,6510,3985,3425,7123,5674,4053,3342,12.2287,-18.9047,8.74371,48.2073
71609,3247,3505,3911,4178,3402,3863,5387,6287,3445,3990,6222,8007,3400,3636,4664,5144,3.78921,19.1221,8.72211,48.192
71610,3115,3521,3547,3678,3390,3750,4564,4430,3530,4459,7507,6517,3455,4410,6306,5918,11.9731,12.7912,8.84977,48.0647
71611,3984,4894,5190,4272,4074,6258,7748,4619,3706,4563,4989,3981,3570,3625,3662,3574,-7.82973,2.64873,8.80687,48.4727
71612,5210,4690,3760,3371,8084,6309,3952,3412,6211,5184,3900,3432,4143,3885,3533,3204,-4.00045,-18.9291,8.72899,48.1867
71613,3166,3376,3447,3197,3446,3648,3874,3844,3770,4287,5423,4935,3809,5423,9840,7120,27.333,10.5047,8.66419,48.4033
71614,5086,4383,3693,3304,8475,5675,3825,3394,7081,5072,3726,3385,4485,4049,3484,3301,-2.79025,-22.4574,8.5012,48.2787
71615,8292,9191,4885,3651,5199,5258,4133,3578,3840,3845,3606,3283,3325,3306,3240,3222,-28.1567,-13.4156,8.61677,47.9027
71616,4227,5836,6530,4530,4242,6312,6840,4538,3576,4115,4124,3769,3252,3501,3562,3348,-14.2565,1.46925,8.97446,48.2013
71617,12366,6071,3741,3342,6140,4750,3790,3359,4033,3850,3354,3087,3549,3436,3215,3135,-33.4442,-27.1768,8.55063,47.4787
71618,5136,4383,3575,3186,8616,5518,3839,3430,7060,5131,3840,3378,4518,4031,3477,3127,-2.60082,-22.2874,8.87456,48.1633
71619,3213,3456,4017,4420,3287,3765,4763,7504,3312,3794,5156,9191,3258,3623,4341,5034,2.55236,33.2147,8.84155,48.0893
71620,3291,3358,3226,3136,3934,4072,3699,3337,5309,5895,4282,3612,7346,8765,5038,3711,21.976,-11.7865,8.59021,48.0073
71621,3458,3495,3205,3188,3923,3926,3415,3075,6128,4869,3698,3431,12388,6367,4033,3464,28.8449,-25.2918,8.73186,48.042
71622,11071,7027,4219,3443,6222,5107,3897,3336,4032,3889,3448,3210,3389,3463,3239,3071,-24.0099,-21.1864,8.96576,48.042
71623,3107,3214,3615,3746,3329,3601,4177,5152,3460,3828,5275,9595,3274,3773,5101,7673,11.5901,29.8787,8.6227,47.9467
71624,3317,3747,4680,5866,3379,3929,5816,9153,3274,3725,4722,6183,3114,3562,3879,4202,-5.91248,23.1789,8.57552,48.3653
71625,3558,3507,3311,3109,4113,4256,3693,3441,6001,6996,4500,3596,6510,7567,4628,3536,16.0426,-12.3541,8.8228,48.2147
71626,3485,3620,3345,3175,3962,4192,3809,3490,5269,7096,4957,3841,5653,7657,5057,3768,16.0866,-8.19568,8.59308,48.2507
71627,8865,8646,4589,3584,5648,5406,3976,3541,3949,3882,3504,3351,3362,3311,3245,3089,-24.516,-15.1028,8.73607,47.9653
71628,4676,7961,8136,4754,4046,5318,5237,4142,3516,3706,3803,3525,3218,3302,3324,3143,-23.8833,0.241617,8.67211,47.8713
71629,3427,3324,3363,3208,3928,3852,3570,3238,5598,5165,4073,3503,9550,8348,4525,3463,32.4101,-16.5396,8.51522,48.09
71630,3376,3394,3174,2998,3982,3868,3510,3321,5813,5108,3896,3401,9831,8240,4417,3511,25.9221,-17.6757,8.70273,47.8933
71631,5207,6469,4768,3737,5377,7870,5074,3770,4187,4563,3912,3490,3608,3613,3476,3216,-11.912,-7.90585,8.88767,48.2247
71632,9633,5467,3806,3306,8397,5182,3886,3437,4541,4052,3564,3297,3438,3521,3232,3217,-16.4883,-27.7272,8.53777,47.984
71633,3539,4245,7489,9205,3408,4056,5681,6444,3352,3550,3877,4162,3055,3314,3498,3364,-20.222,18.0348,8.86226,48.1593
71634,3479,3834,5819,12797,3486,3599,4753,5902,3172,3432,3709,3959,3165,3234,3312,3475,-31.1026,32.1419,8.91393,47.418
71635,3195,3504,3404,3330,3627,3942,4138,3754,3973,5518,6875,4705,4136,5970,7198,4740,15.9792,3.26187,8.99541,48.006
71636,3199,3210,3397,3179,3408,3760,3857,3660,3882,4638,5275,4515,4131,6707,9598,5708,27.8074,5.07642,8.74196,48.0827
71637,6022,8068,5220,3860,5491,6928,4842,3567,3915,4180,3699,3337,3345,3475,3366,3241,-17.5455,-8.94453,8.99743,48.3707
71638,3475,3396,3322,3120,4480,4056,3510,3180,8503,5296,3776,3386,9754,5669,3930,3356,17.1198,-26.1776,8.96936,48.1393
71639,3529,3839,4082,3862,3936,4848,5823,4317,4049,5878,7130,4486,3759,4246,4537,4068,2.76217,2.97093,8.8,48.2593
71640,3698,3724,3387,3211,4737,4914,3898,3381,6943,7683,4500,3602,5323,5582,4160,3474,9.7098,-13.3073,8.80136,48.1447
71641,3900,4042,3696,3317,4622,6098,4639,3687,5059,7606,5317,3860,4328,4564,3958,3611,2.84653,-6.82367,8.72362,48.2027
71642,3921,3710,3349,3076,5568,4581,3605,3188,9631,5663,3770,3317,6692,5009,3636,3210,8.79176,-24.1496,8.99544,47.9507
71643,3251,3395,3244,3327,3602,3697,3652,3537,4211,5096,5045,4157,5046,8546,7919,4654,25.8325,-0.795133,8.9724,48.2527
71644,5650,4543,3766,3257,9649,5365,3822,3298,6606,4574,3660,3317,4091,3790,3376,3124,-5.63089,-26.4489,8.94854,47.9253
71645,3091,3426,3723,3696,3326,3728,4491,4599,3550,4364,7433,7115,3522,4214,6079,6240,11.7198,14.6567,8.80375,48.398
71646,3269,3454,3309,3117,3941,3934,3540,3211,5494,5684,4285,3577,7987,9039,4801,3586,23.931,-12.901,8.71612,48.152
71647,3295,3500,3200,3049,3988,3934,3582,3297,5526,5595,4287,3568,7974,8815,4754,3578,23.008,-13.5898,8.6861,47.9613
71648,3532,3463,3405,3338,4038,4314,3891,3426,5351,7458,4956,3718,5339,7183,5060,3825,14.8954,-8.59534,8.7818,48.198
71649,4489,7090,9213,5513,3982,4672,5111,4466,3484,3695,3738,3645,3129,3347,3409,3220,-27.8808,3.57703,8.55068,48.1353
71650,3329,3817,5028,6540,3282,3851,5725,9437,3264,3657,4372,5445,3092,3294,3718,3897,-8.97885,23.4037,8.58989,47.832
71651,4478,6727,6471,4427,4343,6230,6132,4182,3789,4172,4048,3590,3346,3476,3500,3240,-16.0494,-0.51589,8.65351,48.1007
71652,6701,4981,3795,3362,9329,5768,3868,3413,5621,4469,3642,3298,3844,3698,3393,3060,-9.03918,-23.3812,8.56721,48.1613
71653,3187,3316,3623,3619,3235,3590,4060,4583,3365,3855,5461,8161,3420,3886,5923,8866,15.8633,23.1176,8.55656,48.1
71654,6855,5367,3860,3450,8725,6167,3950,3351,5058,4534,3626,3283,3777,3751,3314,3187,-10.5566,-20.0215,8.80861,48.17
71655,3375,3979,6260,12083,3373,3770,4797,6385,3209,3437,3825,4050,3112,3156,3394,3391,-25.2212,26.7544,8.50301,47.7307
71656,4707,8072,7591,4721,4240,5463,5389,4201,3564,3807,3906,3515,3259,3374,3351,3252,-21.9443,-0.546627,8.81618,48.2747
71657,3378,3329,3245,3205,3778,3875,3691,3353,4764,5258,4463,3749,6070,9902,6076,3994,33.737,-6.81435,8.95154,48.0867
71658,3250,3930,5898,11230,3338,3759,5102,7382,3196,3535,3944,4202,3006,3244,3380,3422,-20.3142,27.2499,8.93338,47.8787
71659,3592,3734,3439,3336,4143,4637,3984,3567,5453,8004,5002,3728,5154,6305,4688,3641,11.2934,-7.81544,8.84948,48.2713
71660,3139,3291,3409,3311,3329,3549,3779,3876,3547,4108,5151,5421,3527,4594,8852,9069,29.1261,15.1482,8.60954,47.968
71661,3882,5354,7952,5814,3781,4739,6755,5077,3469,3809,4135,3956,3145,3376,3391,3411,-17.7371,7.96827,8.53217,48.0307
71662,3652,4749,9127,8618,3492,4046,4995,5314,3279,3549,3773,3749,3150,3275,3334,3315,-28.9668,14.1832,8.89421,47.6113
71663,9397,5491,3958,3366,8787,5085,3836,3343,4518,4054,3572,3174,3577,3395,3259,3073,-15.9819,-31.3232,8.95141,47.9233
71664,3352,4259,7250,11228,3386,3907,5022,5839,3291,3445,3801,3983,3162,3223,3462,3364,-30.5252,20.7801,8.52551,47.9827
71665,3430,3792,4808,6977,3314,3803,5363,10054,3344,3576,4415,5532,3204,3280,3591,3751,-9.41704,26.8009,8.93336,48.156
71666,5673,4504,3658,3179,9111,5482,3867,3379,6637,4903,3658,3296,4280,3930,3442,3077,-4.26846,-24.3437,8.54868,48.0507
71667,3329,3775,4982,6834,3371,3860,5294,9856,3364,3545,4224,5841,3122,3337,3700,3904,-8.81213,27.7709,8.84835,48.2253
71668,4555,6930,6973,4528,4283,6000,6003,4181,3567,4067,3981,3664,3330,3377,3386,3329,-17.798,0.0245834,8.74929,48.1027
71669,4132,6197,9397,5669,3840,4631,5693,4566,3324,3670,3934,3673,3199,3264,3468,3297,-23.9312,5.60856,8.54736,47.9693
71670,4533,7468,8605,5022,3955,4914,5364,4315,3582,3641,3826,3681,3236,3230,3382,3294,-24.5498,2.17783,8.65254,48.032
71671,3459,3515,3370,3323,3701,4025,4190,3774,4307,6078,6609,4430,4344,5992,6732,4667,14.9595,1.29866,8.50311,48.344
71672,3286,3325,3301,3157,3750,3873,3720,3400,4726,5215,4508,3849,6064,9863,6214,3996,29.2327,-6.25901,8.85596,48.1647
71673,3371,3504,3334,3159,3831,4113,3757,3432,5161,6622,4713,3657,6262,8451,5183,3835,18.9646,-9.25299,8.9354,48.2567
71674,5887,4576,3743,3232,9356,5381,3836,3391,6684,4573,3768,3266,4238,3846,3480,3155,-5.33567,-26.078,8.56047,48.2747
71675,3043,3266,3412,3534,3219,3431,3893,4058,3418,3762,4925,5882,3471,4071,7293,11288,30.5847,21.2086,8.80614,47.9773
71676,6231,9405,5794,4018,4849,5814,4664,3720,3709,3933,3575,3447,3351,3285,3246,3129,-23.1549,-7.68016,8.76596,48.1133
71677,3075,3343,3300,3402,3281,3509,3901,4034,3398,3967,5162,6115,3387,4228,7532,10455,24.5755,19.708,8.55302,48.0593
71678,3274,3553,4099,4665,3379,3841,5044,7944,3270,3721,5041,8138,3238,3580,4130,4780,0.348281,25.9691,8.56298,47.798
71679,9895,6048,3944,3388,7914,5268,3777,3401,4397,3908,3521,3158,3479,3560,3242,3104,-18.0852,-23.9199,8.84284,48.0027
71680,6621,4892,3697,3345,9994,5408,3710,3345,5921,4286,3634,3264,3940,3709,3405,3116,-7.99977,-27.0337,8.90379,48.1913
71681,3191,3183,3412,3419,3241,3346,3787,3953,3274,3673,4754,6088,3335,4038,6384,12404,29.3561,26.6817,8.5485,47.6547
71682,3206,3297,3663,3913,3240,3625,4296,5868,3417,3952,5136,9930,3392,3672,4681,6637,8.52235,28.708,8.79039,47.95
71683,12299,6314,3972,3292,6199,4835,3763,3437,3895,3778,3478,3229,3341,3317,3234,3037,-27.7195,-26.964,8.76739,47.6133
71684,3660,3757,3532,3394,4267,5028,4257,3604,5335,8399,5527,3903,4602,5481,4507,3713,8.10075,-6.4553,8.88743,48.644
71685,3076,3205,3408,3326,3286,3620,3710,3923,3309,3957,4992,5949,3525,4076,7272,11009,27.0087,20.8658,8.58778,47.762
71686,3562,4407,8122,9851,3444,3944,5157,5644,3268,3455,3853,3861,3108,3273,3456,3399,-29.1036,17.2895,8.52909,47.8693
71687,3493,3573,3289,3054,4426,4070,3638,3259,7510,5966,3916,3481,8280,6341,4069,3434,16.3293,-19.5214,8.70336,47.866
71688,3646,4325,6370,5556,3627,4761,7825,6258,3458,3722,4565,4361,3157,3322,3729,3575,-11.7101,11.2107,8.58202,48.1713
71689,3105,3489,3553,3695,3319,3548,4446,5165,3305,3972,5920,8993,3407,3927,5286,6979,11.2041,21.6674,8.51252,48.0727
71690,4723,4092,3544,3173,7599,4696,3638,3308,8974,5019,3683,3337,5184,4338,3544,3135,1.82696,-29.476,8.62146,47.9913
71691,3589,4419,7680,8175,3437,4172,5943,6336,3209,3623,3957,4048,3132,3304,3469,3403,-19.4949,15.9351,8.98589,47.9307
71692,3421,3625,3359,3187,4514,4186,3598,3348,7294,6221,4266,3530,7596,6501,4140,3534,15.4898,-17.533,8.75147,48.2133
71693,3489,3975,6352,11660,3442,3884,5011,6458,3240,3515,3848,4158,3064,3248,3371,3378,-24.3618,24.7919,8.65007,48.062
71694,4229,3845,3392,3226,6605,4580,3689,3332,9727,5131,3889,3380,5667,4436,3629,3447,5.14117,-30.3169,8.82965,48.136
71695,3996,4123,3530,3197,5433,5766,3963,3487,6645,7458,4518,3568,4915,4669,3907,3520,4.1784,-13.4095,8.75715,48.4633
71696,7617,9818,5131,3649,5067,5258,4209,3603,3786,3807,3722,3393,3263,3334,3238,3074,-29.6382,-11.4696,8.79737,47.9793
71697,3567,5009,9733,7623,3614,4221,5257,5146,3361,3605,3812,3787,3150,3346,3408,3483,-31.4454,11.9517,8.85339,48.0813
71698,3163,3312,3485,3661,3308,3468,4267,4801,3360,3980,5694,8672,3380,3992,5724,8040,13.8882,21.9701,8.82264,48.2047
71699,3372,3343,3255,3073,3887,3803,3410,3338,6031,4664,3752,3380,12516,6125,3996,3394,28.9712,-29.9095,8.93068,47.5593
71700,3313,3417,3381,3267,3579,3708,3711,3427,4209,5090,4831,4038,4981,8906,7755,4652,27.4439,-1.46218,8.99822,48.1767
71701,3044,3459,3699,3874,3303,3697,4529,5221,3500,4175,6520,8437,3335,3804,5248,6347,9.37635,19.0665,8.60761,48.128
71702,3991,4182,3845,3434,4847,6462,4668,3790,5177,7051,4857,3684,4208,4471,3873,3614,1.33794,-7.50976,8.75714,48.1027
71703,6209,8419,5211,3848,5422,6402,4603,3593,3934,4075,3574,3312,3426,3547,3279,3243,-19.1204,-9.04926,8.66408,48.0647
71704,4555,5467,4638,3808,4976,7934,5725,3998,4119,4958,4338,3587,3615,3819,3757,3321,-8.44493,-5.07002,8.72796,48.41
71705,3097,3249,3404,3421,3249,3535,3887,4200,3529,3954,5384,7572,3343,4043,6312,10068,19.0857,22.9923,8.88665,48.1647
71706,3580,3520,3301,3190,4597,4135,3540,3186,8560,5360,3981,3340,9152,5609,3816,3351,15.7759,-24.5904,8.77618,48.1453
71707,3131,3286,3645,3731,3191,3517,4195,5153,3419,3754,5352,9412,3340,3770,5056,7918,12.2829,27.2675,8.62743,47.9133
71708,5791,4728,3708,3322,9014,6124,3963,3367,6174,4986,3615,3276,4061,3861,3506,3079,-5.8116,-21.4646,8.86074,48.3833
71709,3705,3556,3324,3097,5226,4261,3534,3247,9829,5372,3911,3407,7724,4974,3787,3282,11.5598,-29.028,8.76577,48.1573
71710,4237,6092,6615,4718,4234,5946,6675,4595,3575,4080,4161,3712,3245,3526,3436,3280,-15.0156,1.90961,8.69342,48.0847
71711,11772,6868,4102,3420,5837,4950,3806,3418,3872,3787,3504,3224,3400,3400,3162,3077,-29.1214,-22.5841,8.78552,47.7327
71712,3092,3290,3375,3411,3299,3571,3828,3918,3443,3906,4930,5490,3464,4269,7463,10778,29.8793,19.4668,8.56626,47.6847
71713,4032,6177,9730,6005,3790,4550,5346,4628,3387,3660,3822,3717,3142,3251,3435,3370,-27.3225,6.42685,8.79667,48.028
71714,3420,4068,6339,8566,3371,4051,5895,7550,3278,3678,4105,4430,3112,3268,3462,3504,-16.3571,20.1374,8.96362,48.0647
71715,3243,3286,3260,3168,4136,3811,3510,3218,6611,5115,3999,3479,10576,7151,4202,3462,23.2738,-20.8934,8.689,48.1513
71716,3367,3389,3382,3115,3890,4022,3550,3306,5313,5747,4073,3653,7441,9075,5101,3725,23.2024,-11.7823,8.63879,48.0993
71717,3103,3276,3412,3440,3263,3406,3609,3859,3350,3742,4941,5998,3324,4046,6960,11795,32.0379,22.5838,8.84736,47.6827
71718,3129,3254,3345,3429,3352,3658,4012,3931,3707,4603,6236,5367,3818,5210,8690,6594,19.8828,10.0471,8.78152,48.2233
71719,3228,3543,4124,4820,3354,3856,5516,7816,3257,3696,5330,7581,3189,3536,4269,4630,-0.508012,21.9372,8.87507,47.83
71720,4580,6783,6267,4374,4424,6396,6220,4144,3712,4035,4049,3695,3340,3417,3454,3318,-15.5906,-0.74676,8.71403,48.1387
71721,4226,4741,4062,3638,4944,7461,5182,3841,4649,6162,4558,3733,3891,4051,3846,3514,-3.02621,-6.51811,8.57151,48.3327
71722,4506,7476,8942,4984,4066,4926,5145,4205,3585,3768,3727,3645,3199,3393,3464,3262,-26.9524,2.14222,8.74274,48.1953
71723,3034,3238,3298,3442,3198,3369,3874,3933,3261,3709,4621,6309,3442,3953,6182,12664,27.909,27.9292,8.87563,47.6847
71724,4273,4101,3602,3240,6405,5209,3753,3330,7894,6230,4009,3454,5018,4502,3795,3259,3.31938,-19.1114,8.63163,48.0493
71725,8689,8302,4592,3614,5876,5598,4100,3549,4097,3913,3602,3253,3445,3470,3275,3042,-22.5606,-15.5762,8.57417,48.278
71726,3213,3351,3545,3429,3388,3865,4467,4299,3630,4611,7509,6235,3635,4371,6604,6122,13.7439,12.4702,8.82545,48.1827
71727,3996,4098,3622,3346,5111,6046,4348,3608,5871,7478,4591,3581,4520,4758,4029,3472,3.40356,-11.0289,8.75139,48.3167
71728,3240,3395,3305,3381,3423,3725,3721,3666,3941,4603,5168,4435,4246,6810,9312,5476,33.0117,4.09739,8.87854,47.898
71729,3977,3943,3657,3356,5284,6059,4015,3437,6253,7428,4501,3483,4670,4789,3822,3424,3.41156,-12.606,8.99949,48.0653
71730,4044,3863,3429,3246,5855,4914,3634,3279,8563,6345,3951,3445,5741,4888,3859,3381,6.5104,-19.8155,8.6838,48.2913
71731,3712,3972,3911,3721,4096,5477,5391,4006,4367,6671,6507,4150,3906,4443,4511,3776,3.15568,-0.50868,8.85796,48.4113
71732,4528,6750,6440,4479,4563,6142,6048,4245,3677,4070,4033,3647,3307,3476,3608,3400,-16.3747,-0.627797,8.51791,48.2753
71733,4491,4109,3424,3316,7178,5504,3886,3379,7761,5888,4015,3431,4841,4182,3646,3220,1.21198,-19.927,8.97241,48.1807
71734,12644,6333,3998,3335,6123,4692,3773,3362,3894,3833,3488,3235,3405,3318,3225,3147,-28.1203,-26.1092,8.94396,47.87
71735,3348,3333,3213,3110,3772,3847,3601,3371,4734,5276,4327,3676,6603,9827,5787,3957,30.0605,-8.22133,8.60607,47.8547
71736,3352,3656,3778,3664,3274,3964,5060,4643,3589,4611,8034,6198,3603,4340,5514,5061,8.43419,11.6289,8.98115,48.2273
71737,3359,3407,3316,3102,4000,4147,3702,3365,5246,6533,4757,3746,6087,8596,5308,3839,18.7502,-8.87962,8.90851,48.34
71738,6408,8223,5061,3846,5352,6608,4428,3696,3962,4020,3705,3324,3420,3452,3299,3178,-18.6922,-10.1081,8.66315,47.988
71739,10209,7067,4122,3495,6625,5290,3986,3400,4137,3847,3599,3255,3407,3452,3269,3015,-21.872,-20.3693,8.78762,48.1167
71740,3132,3403,3625,3481,3462,3628,4229,4135,3812,4697,7298,5522,3690,4701,7250,5820,15.4183,10.3269,8.53982,47.9233
71741,10260,7795,4214,3479,5708,5017,3977,3371,3943,3898,3521,3253,3328,3460,3257,3103,-33.4915,-18.7208,8.73703,47.7227
71742,3455,4311,7120,9686,3384,3927,5509,6680,3227,3599,3873,4096,3114,3175,3494,3426,-20.6007,19.5865,8.59687,48.0507
71743,9861,8231,4466,3583,5696,5171,3901,3441,3817,3836,3533,3235,3410,3352,3256,3143,-27.864,-17.179,8.66326,47.9547
71744,3317,3669,4472,4502,3419,4206,6963,6591,3472,4190,6225,5907,3275,3629,4319,4263,-1.66897,14.4208,8.98456,48.2793
71745,4126,3967,3456,3272,6733,4716,3661,3261,9301,5050,3848,3401,5779,4470,3654,3284,4.66216,-29.2724,8.5179,47.986
71746,3592,3813,3794,3659,3710,4618,5275,4163,4064,5845,7815,4727,3773,4405,4974,4324,6.06263,3.93511,8.84072,48.3673
71747,6740,4927,3723,3351,9987,5364,3873,3353,5496,4300,3674,3260,3890,3679,3335,3148,-9.34307,-32.4445,8.86345,48.0667
71748,5949,5677,4106,3441,7458,7291,4206,3595,4822,4647,3772,3295,3824,3762,3311,3166,-10.3513,-15.5279,8.88259,48.2147
71749,3404,3402,3251,3152,3904,3913,3362,3135,6272,4872,3811,3346,12088,6418,4131,3345,27.1561,-24.5881,8.8307,47.8707
71750,3377,3511,3667,3573,3586,4095,4837,4043,3816,5515,7785,5119,3901,4696,5927,4687,10.4721,5.786,8.58439,48.09
71751,3033,3339,3765,4021,3434,3481,4477,5971,3381,3774,5328,10027,3220,3704,4723,6348,7.62763,27.6538,8.95548,48.0173
71752,3899,4426,4488,3944,4171,6336,6500,4287,4001,5298,5531,4026,3714,3783,4109,3597,-3.27002,0.627194,8.62329,48.0733
71753,5231,7108,5108,4031,5183,7602,5097,3864,4064,4326,3884,3543,3380,3465,3368,3280,-14.64,-6.94131,8.70344,48.356
71754,3216,3290,3510,3344,3472,3687,4207,3962,3773,4598,6883,5400,3893,4985,7870,5953,17.222,9.10627,8.62745,48.0287
71755,3372,3474,3328,3112,3864,4106,3629,3435,4960,6705,4918,3807,5645,8337,5710,3839,18.6894,-6.82078,8.70706,48.1607
71756,3011,3382,3970,4310,3329,3680,4660,6883,3296,3791,5424,9408,3267,3643,4426,5607,4.68231,25.5858,8.90836,48.058
71757,4028,5399,6609,4880,3923,5390,7376,4743,3697,4048,4288,4055,3206,3573,3562,3353,-13.8172,4.70005,8.83449,48.0867
71758,3226,3457,3955,4210,3303,3678,4717,7104,3360,3840,4994,9240,3368,3621,4390,5279,3.39065,32.7098,8.78721,47.828
71759,3104,3295,3453,3550,3360,3646,4293,4313,3538,4222,6544,6770,3628,4400,6864,7225,15.571,15.4608,8.60731,48.1367
71760,6701,4892,3820,3311,9942,5366,3812,3380,5662,4364,3581,3220,3944,3679,3308,3125,-8.97537,-29.2206,8.88492,48.0713
71761,7719,9420,5176,3768,5166,5375,4182,3704,3758,3845,3562,3305,3246,3483,3298,3071,-27.8476,-12.1336,8.53796,48.052
71762,4264,5013,4306,3795,4905,8020,5599,3863,4362,5431,4504,3636,3711,3885,3765,3480,-5.84248,-5.46467,8.89195,48.3593
71763,4071,5909,7432,5030,3924,5417,6988,4763,3552,3990,4038,3821,3171,3394,3461,3383,-16.8097,4.40751,8.67259,48.2293
71764,5471,6085,4318,3620,6222,7790,4719,3717,4431,4698,3940,3293,3628,3635,3452,3238,-10.7596,-11.1775,8.50439,48.1713
71765,3745,4179,4389,3917,4060,5728,6820,4443,3808,5297,6070,4340,3587,4044,4041,3816,-1.68215,2.28888,8.63096,48.1893
71766,3122,3472,3824,4042,3336,3749,4680,6342,3296,3758,5647,9603,3241,3597,4581,5840,5.99909,24.6432,8.99147,48.0867
71767,3066,3288,3602,3637,3286,3649,4314,4622,3525,4058,5991,8033,3435,4067,6237,7714,14.4444,18.9636,8.91985,48.3493
71768,3288,3400,3313,3163,4006,3791,3590,3293,5794,5304,4004,3542,9633,7998,4447,3567,24.8485,-17.5596,8.75073,48.0887
71769,3415,3397,3229,3149,3965,3939,3603,3237,5981,5142,3989,3495,10060,7774,4392,3478,24.5413,-18.4803,8.70119,48.1633
71770,3315,3452,4024,4464,3243,3697,4720,7287,3477,3813,5017,8976,3360,3551,4298,5120,2.57195,30.4526,8.95136,47.876
71771,3316,3944,6077,12670,3285,3761,4634,6037,3236,3401,3784,4002,3184,3234,3253,3410,-32.9925,26.7399,8.68105,47.4853
71772,3095,3203,3404,3350,3213,3481,3931,3889,3454,3973,5236,5808,3597,4450,8149,9575,25.3216,17.0308,8.72603,47.872
71773,3382,4039,5823,11205,3414,3879,4866,7322,3283,3448,3853,4084,3259,3249,3374,3488,-21.0171,30.7545,8.63413,47.9787
71774,3356,3899,5788,11139,3340,3793,5025,7441,3202,3453,3868,4223,3178,3243,3294,3416,-20.3219,31.159,8.82223,47.772
71775,4274,5253,4670,4015,4717,7582,6205,4210,4053,4834,4563,3736,3540,3699,3667,3325,-7.81805,-2.48273,8.75667,48.2287
71776,3406,3480,3149,3036,3988,3863,3464,3286,6884,4994,3780,3364,11818,6015,3912,3460,22.8582,-28.2023,8.52851,47.9327
71777,6976,5026,3698,3380,9564,5658,3821,3418,5338,4395,3538,3162,3883,3705,3323,3193,-10.5017,-24.3622,8.64557,48.052
71778,3360,3952,5524,7158,3363,3999,6197,8518,3284,3657,4284,4846,3114,3392,3613,3725,-12.1906,20.4023,8.76978,47.9907
71779,12395,5996,3968,3448,6552,4831,3755,3359,3995,3724,3418,3286,3376,3311,3237,3116,-24.8209,-29.8561,8.79591,47.8447
71780,3589,3571,3404,3371,4085,4451,3922,3492,5147,7505,5203,3745,5159,6751,5026,3834,13.6231,-6.72607,8.63318,48.17
71781,10225,8096,4402,3435,5679,5063,3946,3428,3849,3874,3621,3236,3396,3418,3262,3163,-27.2762,-17.8956,8.68599,48.062
71782,3342,3919,5932,12485,3407,3848,4699,5876,3279,3445,3675,3969,3223,3254,3339,3376,-31.8089,31.308,8.56846,47.3787
71783,3227,3590,4336,5354,3364,4023,5430,8912,3472,3776,4856,6950,3181,3482,4012,4351,-3.40183,23.7699,8.6578,48.2107
71784,3448,3489,3248,3122,4366,4090,3571,3346,8150,5216,3894,3469,9748,5545,3852,3408,16.9187,-32.0067,8.5565,47.9747
71785,5385,9360,7079,4304,4405,5145,4762,3881,3641,3752,3744,3413,3280,3308,3276,3242,-30.1035,-3.69245,8.52362,47.9847
71786,3278,3345,3147,3086,3909,3782,3411,3377,5717,5093,4041,3526,10126,8092,4439,3494,27.8907,-18.3497,8.5934,47.9087
71787,3448,3401,3141,3085,4155,3985,3625,3379,6918,5403,4016,3463,9870,6755,4268,3422,20.384,-20.6599,8.58407,48.2227
71788,3367,3983,6391,12061,3456,3830,4815,6176,3191,3387,3886,3932,3084,3236,3446,3364,-27.129,24.6839,8.78032,47.7367
71789,3362,4099,6615,8417,3375,3981,5960,7487,3188,3558,4081,4441,3133,3337,3478,3566,-16.6895,18.9034,8.90136,48.052
71790,3206,3391,3446,3193,3667,4017,3742,3502,4725,6597,5138,3968,5284,8126,5980,4068,18.483,-4.93333,8.89444,48.0333
71791,8835,5843,4068,3427,8325,5529,3888,3375,4535,4015,3552,3220,3554,3600,3310,3025,-15.8501,-22.7259,8.84298,48.0673
71792,3113,3449,3924,4121,3273,3744,4822,6238,3373,4114,5965,8703,3416,3792,4761,5538,5.33552,21.2068,8.54731,48.2307
71793,3367,3281,3248,3156,3899,3813,3399,3189,6130,4702,3801,3448,12605,6126,3903,3388,28.6691,-27.5442,8.55827,47.6367
71794,3619,4299,5884,5331,3515,4624,8103,6165,3412,3989,4906,4366,3303,3473,3704,3611,-9.82993,10.8166,8.98644,48.2027
71795,4002,4675,4698,3991,4267,6714,6920,4350,3920,5005,5092,4068,3555,3763,3762,3511,-5.82885,0.507258,8.88393,48.1953
71796,5063,6830,5278,4076,4860,7537,5442,3859,3986,4366,3957,3511,3490,3451,3473,3328,-13.6609,-5.32883,8.86225,48.338
71797,3740,4724,7064,5966,3711,4577,7331,5863,3478,3748,4284,4126,3267,3407,3559,3563,-14.6067,10.5844,8.50698,48.272
71798,3249,3704,4910,7233,3290,3819,5262,9989,3222,3555,4265,5478,3181,3379,3785,3754,-10.0559,29.659,8.66597,48.05
71799,3360,4020,6135,12414,3344,3812,4853,5914,3237,3438,3605,3930,3082,3281,3379,3502,-31.843,26.9838,8.76926,47.5373
71800,3401,4115,7376,11376,3393,3929,4959,5970,3224,3485,3816,3939,3130,3214,3315,3461,-28.9018,21.0503,8.92532,48.0687
71801,3630,4912,9495,8227,3490,4276,5259,5203,3293,3510,3858,3782,3128,3293,3384,3327,-29.0257,12.8416,8.82745,48.0447
71802,3217,3376,3278,3303,3682,3872,3553,3376,4684,5290,4635,3841,5919,9665,6257,4013,32.8719,-6.08982,8.61633,47.974
71803,3188,3308,3444,3306,3341,3653,3686,3764,3842,4466,5310,4648,3969,6215,9969,6134,29.7155,7.10177,8.8688,48.162
71804,3387,3954,5810,11735,3412,3866,4937,7039,3346,3342,3906,3917,3261,3276,3388,3420,-21.9975,32.7242,8.73632,47.9973
71805,6110,4651,3664,3227,9913,5163,3827,3409,6237,4628,3705,3270,4052,3726,3437,3137,-6.86955,-32.219,8.97776,48.104
71806,4233,5018,4350,3624,5047,7573,5369,3911,4542,5708,4508,3618,3621,3888,3705,3500,-4.67699,-5.97394,8.53232,48.1433
71807,3288,3357,3321,3033,3731,3781,3544,3354,4745,5271,4457,3708,6418,10035,5953,3921,29.5451,-7.99629,8.99538,47.9447
71808,7085,5120,3728,3371,9758,5359,3762,3444,5233,4378,3519,3281,3775,3661,3201,3169,-10.7093,-33.8388,8.98575,47.896
71809,11980,6372,3950,3398,6451,4807,3809,3399,4006,3881,3541,3260,3549,3435,3261,3043,-26.1199,-25.9301,8.58363,48.0947
71810,3713,5334,9596,7086,3630,4320,5678,5106,3352,3620,3791,3869,3108,3243,3432,3337,-23.6222,10.5726,8.88628,48.1433
71811,3134,3192,3385,3358,3194,3610,3887,3835,3421,4000,5055,5538,3517,4367,8293,9934,30.8329,17.2353,8.78794,47.8133
71812,6075,7158,4641,3594,6016,7507,4572,3699,4201,4308,3812,3365,3445,3548,3363,3116,-14.6032,-11.33,8.95931,48.28
71813,3395,3933,6156,12315,3337,3804,4789,6600,3292,3361,3705,3972,3149,3169,3368,3351,-25.0789,31.176,8.97089,47.7973
71814,3244,3211,3341,3396,3190,3548,3908,3753,3594,4184,5175,5237,3621,5049,9500,8020,29.5268,12.7277,8.94082,47.9807
71815,12320,6226,3878,3312,6076,4891,3757,3231,4000,3779,3431,3250,3530,3467,3306,3153,-33.3275,-25.9055,8.55604,47.738
71816,3366,3462,3523,3270,3698,4170,4098,3636,4351,6290,6234,4284,4481,6402,6408,4598,15.2586,0.0452666,8.67923,48.1807
71817,3076,3283,3532,3518,3226,3630,4000,4670,3355,3817,5305,8659,3422,3826,5389,9408,16.1221,29.9705,8.58295,48.0773
71818,3330,3946,6158,12718,3390,3898,4754,6164,3165,3483,3693,3921,3136,3271,3268,3391,-27.5993,28.1301,8.70224,47.7907
71819,3359,4152,6233,11127,3340,3937,4955,7096,3231,3383,3865,4155,3102,3223,3377,3338,-21.1218,24.8631,8.88243,47.9153
71820,3260,3249,3407,3397,3254,3543,3844,3741,3679,4083,5151,5069,3644,5045,9896,7811,31.4996,11.5299,8.9993,48.0487
71821,4327,5260,5119,4108,4423,7275,6511,4306,4076,4572,4433,3788,3449,3705,3626,3334,-9.37407,-1.26063,8.60508,48.208
71822,3202,3471,3485,3321,3563,3960,4191,3754,4165,5798,6285,4541,4276,6400,7143,4818,16.8381,2.01917,8.51189,48.2487
71823,3506,3409,3313,3139,4337,4016,3497,3264,8187,5337,3960,3321,9829,5859,3912,3300,17.7073,-25.8319,8.64132,48.124
71824,5806,9497,6669,4213,4469,5018,4594,3945,3704,3775,3648,3507,3386,3290,3296,3170,-30.2393,-5.07828,8.54651,47.9913
71825,3314,3656,4360,4708,3588,4124,6287,6943,3450,3974,5943,6522,3265,3663,4236,4568,-1.01892,16.9717,8.59827,48.4007
71826,5464,9360,7068,4299,4426,5270,4626,3943,3572,3758,3614,3493,3363,3274,3238,3223,-27.858,-4.05041,8.72516,47.994
71827,3150,3346,3451,3356,3483,3668,3889,3701,3775,4308,5178,4851,3943,5800,9927,6572,30.3262,8.08945,8.56874,48.2653
71828,3251,3330,3331,3324,3392,3631,3873,3677,3843,4537,5252,4580,4032,6319,9770,5805,33.2301,5.74847,8.92842,47.9647
71829,3190,3253,3363,3441,3245,3271,3733,3889,3373,3747,4615,6304,3284,3910,6192,12686,26.8023,27.7708,8.98097,47.664
71830,3439,3371,3296,3084,3960,3825,3438,3283,5777,5094,3989,3340,10057,8117,4335,3600,26.7717,-18.0747,8.85439,48.0033
71831,12626,5968,3894,3341,6059,4526,3768,3232,3969,3788,3384,3095,3567,3373,3161,3202,-33.2485,-29.7746,8.57274,47.302
71832,3502,4647,8933,9202,3622,4119,5127,5414,3067,3471,3864,3945,3163,3235,3344,3400,-32.8432,15.3847,8.92486,48.0367
71833,4726,4209,3571,3277,8053,5192,3810,3363,7876,5104,3827,3334,4832,4180,3543,3271,-0.246988,-23.0197,8.69192,48.112
71834,4145,4886,4307,3815,4853,7541,5844,3943,4206,5370,4724,3711,3742,3997,3674,3524,-5.35518,-3.76432,8.99784,48.188
71835,3176,3219,3413,3352,3272,3532,3891,3769,3653,4250,5515,5066,3624,5241,9549,7458,24.8707,11.7622,8.83042,47.9867
71836,3915,5587,8908,6015,3875,4580,6003,4962,3435,3694,3996,3907,3237,3238,3447,3391,-20.8708,7.67001,8.58341,48.1267
71837,3345,3371,3392,3207,3631,3877,3685,3388,4574,5653,4833,3917,5675,9174,6656,4197,23.2376,-4.7407,8.92193,48.3833
71838,3643,4443,8114,9675,3533,3986,5192,5809,3295,3418,3855,3948,3049,3208,3418,3397,-24.3768,17.0852,8.78302,47.9887
71839,3413,3862,6003,12783,3443,3776,4691,5977,3188,3313,3824,4016,3140,3270,3480,3365,-29.0613,31.9412,8.87847,47.696
71840,3168,3260,3308,3373,3246,3361,3743,3958,3392,3793,4576,6076,3452,4003,6067,12649,29.3551,29.5435,8.87453,47.6167
71841,3201,3281,3380,3373,3224,3508,3764,3826,3435,4046,5258,5510,3535,4618,8846,9439,29.3219,15.9474,8.88739,48.1627
71842,4659,4168,3614,3279,7868,4848,3575,3226,8731,5165,3769,3370,5012,4159,3668,3320,1.61967,-28.165,8.69138,48.2873
71843,3364,3355,3246,3189,3952,3759,3414,3105,6094,4746,3719,3315,12575,5942,3857,3375,31.0445,-30.1149,8.59855,47.338
71844,4662,4110,3620,3242,7767,4792,3783,3413,8594,5090,3847,3363,4981,4212,3540,3278,1.34765,-30.2649,8.69162,48.196
71845,3396,3343,3264,3219,3844,3920,3476,3362,5252,5717,4345,3647,7305,9299,5194,3797,23.8312,-11.5709,8.7478,48.2533
71846,3237,3512,4145,4518,3421,3772,5010,7988,3425,3799,4846,8517,3252,3546,4219,4837,0.78687,33.904,8.75499,48.0293
71847,3102,3249,3420,3324,3187,3413,3796,3834,3234,3687,4812,6262,3459,3880,5971,12662,27.2366,29.5082,8.96584,47.528
71848,3438,3485,3285,3065,3874,3675,3428,3372,5524,5055,4011,3485,9467,8671,4579,3431,30.6949,-16.2314,8.86575,47.8967
71849,3074,3338,3591,3626,3260,3530,4157,5058,3360,3766,5200,9685,3372,3881,5065,7960,12.1936,29.1166,8.96792,47.9487
71850,3144,3421,3597,3665,3421,3765,4515,4252,3694,4630,7551,5890,3693,4540,6704,5794,13.2952,10.7075,8.67478,48.184
71851,5132,4748,3773,3306,7531,6855,4088,3512,5748,5441,3966,3401,4109,4011,3498,3227,-4.82147,-16.6037,8.8561,48.2307
71852,3751,3704,3555,3328,4427,5015,3895,3464,5520,8303,5159,3675,4793,5539,4350,3640,8.58914,-8.25933,8.94697,48.0787
71853,4041,3833,3532,3332,6531,4736,3660,3302,9334,5504,3852,3298,5750,4601,3571,3251,5.30924,-24.5953,8.55306,48.0853
71854,4904,8575,7964,4722,4214,4864,4866,4114,3619,3709,3718,3562,3082,3360,3212,3219,-30.2049,-0.803604,8.72326,47.8027
71855,4992,4216,3626,3295,8836,4940,3748,3432,7797,4774,3655,3296,4703,4081,3470,3223,-1.54932,-29.8132,8.94525,48.056
71856,3095,3386,3567,3565,3384,3601,4084,4319,3600,4271,6366,6429,3515,4440,7356,7442,16.854,14.8678,8.77193,48.28
71857,3380,3417,3272,3160,3820,3824,3515,3248,5649,5119,3863,3358,10729,7757,4251,3560,30.2539,-19.2387,8.63267,47.948
71858,3476,3446,3264,3025,4095,3860,3517,3193,6057,4652,3819,3407,12391,6438,4022,3411,29.1683,-25.9972,8.53549,48.0487
71859,7308,5389,3932,3296,9430,5878,3978,3363,5091,4262,3483,3187,3719,3592,3237,3106,-11.8941,-23.2093,8.83839,48.1673
71860,3184,3351,3427,3339,3595,3876,3666,3521,4347,5167,4693,4141,4884,8790,7667,4543,32.6721,-1.68659,8.71387,48.1273
71861,3150,3124,3476,3287,3144,3432,3806,3914,3411,3705,4763,6071,3390,3863,6001,12854,29.429,29.8391,8.78055,47.594
71862,9321,8260,4441,3609,5906,5288,4021,3533,4033,3903,3545,3318,3270,3452,3160,3050,-23.5714,-16.4624,8.82091,48.0733
71863,6156,4667,3766,3284,9676,5366,3814,3449,6199,4600,3636,3247,4013,3796,3475,3131,-6.69753,-26.791,8.54158,48.1833
71864,8574,7936,4455,3489,6030,5856,4106,3542,4117,4027,3521,3245,3423,3475,3244,3117,-20.5919,-16.0631,8.60701,48.1047
71865,5166,5050,3900,3516,6909,7499,4401,3623,5246,5287,3769,3454,3834,3872,3446,3352,-6.59618,-14.2355,8.73615,48.216
71866,3384,3363,3252,3136,3936,3673,3389,3173,6004,4869,3849,3375,12343,6462,3895,3323,33.7144,-24.94,8.92399,47.6173
71867,4161,5857,7350,4889,4024,5524,6711,4553,3533,3849,4045,3811,3201,3330,3406,3389,-16.4529,3.26556,8.92759,47.7553
71868,3186,3294,3441,3297,3553,3678,3711,3669,4090,4997,5369,4249,4599,7376,8788,5066,25.084,1.77986,8.84886,48.242
71869,3369,3510,3338,3194,3924,3984,3805,3322,5285,6541,4472,3720,6383,8484,5174,3825,18.8923,-9.71524,8.89567,48.22
71870,3264,3486,4209,4958,3377,3697,5118,8604,3374,3749,4833,7788,3276,3578,4093,4628,-1.51984,26.0989,8.63349,48.0213
71871,3236,3339,3241,3164,3700,3858,3666,3500,4607,5450,4686,3790,6028,9516,6270,4109,25.1121,-6.17002,8.50562,48.1067
71872,3371,3342,3308,3175,3839,3831,3414,3210,6048,4812,3769,3349,12584,6522,4019,3318,30.415,-25.2205,8.76134,47.9407
71873,3490,3331,3308,3132,3887,3788,3579,3291,5417,5223,4113,3488,8564,9145,4584,3575,33.6171,-14.2139,8.87197,47.9433
71874,4554,4014,3521,3268,7665,4945,3743,3388,8945,5154,3760,3380,5188,4358,3599,3307,1.76667,-26.947,8.93719,48.526
71875,4183,6560,9542,5649,3882,4649,5185,4575,3444,3632,3902,3694,3274,3204,3375,3368,-31.569,4.84635,8.9458,48.0787
71876,3641,4085,4357,3981,4020,5759,6889,4428,4027,5263,6281,4323,3645,3857,4064,3823,-1.28034,2.82965,8.74038,48.2953
71877,7973,6171,4158,3518,7807,6067,4007,3482,4591,4136,3594,3283,3542,3599,3322,3127,-15.185,-19.6277,8.78551,48.2513
71878,5600,9444,6676,4325,4474,5363,4496,3908,3754,3835,3670,3383,3142,3376,3288,3186,-26.6155,-4.63708,8.73878,47.9467
71879,3344,4083,6554,12014,3323,3788,4777,6136,3312,3469,3763,3981,3107,3174,3358,3402,-27.9997,24.2958,8.51505,47.7233
71880,9803,5545,3854,3307,8126,5033,3881,3310,4511,4039,3604,3239,3614,3474,3223,3064,-17.7175,-28.6271,8.51449,47.7513
71881,3446,3607,3707,3288,3936,4676,4390,3706,4616,7597,6222,4140,4466,5510,4873,4000,9.36837,-2.80951,8.86061,48.12
71882,10058,7971,4394,3459,5993,5080,3995,3559,3962,3781,3469,3235,3539,3442,3309,3137,-25.0114,-17.9595,8.84368,48.2553
71883,3219,3363,3398,3299,3535,3762,3835,3661,3959,5208,5525,4401,4408,7140,8563,5087,22.319,2.48306,8.97874,48.242
71884,3367,3958,5078,5040,3565,4229,7383,7030,3422,3960,5225,5308,3141,3429,3985,3972,-5.68037,14.7218,8.78328,48.0613
71885,3008,3313,3430,3439,3269,3478,3952,4007,3400,3889,5618,6182,3516,4334,7704,9387,21.1595,17.4009,8.78308,47.9507
71886,3222,3656,3935,4307,3477,4018,5899,5855,3553,4237,6888,6893,3391,3781,4665,4714,3.00307,14.9412,8.88791,48.3273
71887,3131,3588,4386,4907,3248,3890,5185,8282,3294,3762,5044,7864,3272,3398,4132,4663,-0.866508,25.287,8.59575,48.0307
71888,3199,3417,3654,3341,3549,3910,4140,3764,3986,5272,6838,4755,4165,5760,7397,5042,16.5228,4.29129,8.84164,48.126
71889,4789,4141,3521,3287,8021,5332,3794,3534,7782,5340,3844,3337,4619,4118,3513,3304,-0.371586,-23.2228,8.73635,48.184
71890,3203,3528,4009,4417,3339,3686,4777,7348,3345,3805,5151,9040,3277,3633,4335,5157,2.62739,27.592,8.82046,48.0333
71891,3096,3230,3358,3353,3258,3378,3696,3906,3346,3804,4786,6065,3416,3995,5987,12635,27.5877,29.7819,8.74716,47.5393
71892,6121,4815,3717,3331,9390,5728,3826,3392,6063,4538,3711,3277,4030,3845,3414,3149,-7.02731,-23.7513,8.52122,48.2313
71893,8722,5970,4008,3354,8255,5671,3939,3430,4708,4023,3623,3122,3630,3425,3286,3076,-16.1685,-23.0208,8.51229,48.1613
71894,5180,6925,5165,3858,5137,7353,5400,3944,4102,4374,3927,3518,3444,3391,3505,3096,-14.0818,-6.18266,8.94328,48.2127
71895,3174,3253,3441,3437,3299,3493,3856,4100,3322,3774,4819,6624,3369,3851,6148,12071,24.0481,27.2079,8.71015,48.0207
71896,3317,4106,7028,11845,3299,3868,4843,5906,3227,3476,3751,3989,3071,3152,3358,3431,-30.5066,22.2111,8.90652,47.778
71897,12476,6244,3909,3356,6044,4856,3749,3335,4005,3730,3396,3323,3447,3384,3213,3135,-30.7287,-27.0539,8.53725,47.7347
71898,6294,8905,5530,3960,5142,6221,4516,3665,3944,3990,3656,3271,3363,3279,3245,3214,-19.9306,-8.59564,8.83992,48.13
71899,8012,5119,3778,3307,9797,5230,3809,3398,5066,4076,3518,3314,3730,3577,3280,3105,-12.2644,-31.5483,8.98388,48.0773
71900,5514,9653,6913,4241,4475,5393,4657,3897,3657,3784,3645,3335,3222,3407,3319,3164,-26.9458,-4.19573,8.9414,48.184
71901,4250,3971,3618,3187,5760,5662,4057,3351,7301,6817,4180,3573,4937,4704,3837,3411,3.50344,-15.977,8.74024,48.4107
71902,3545,3821,4082,3766,3764,5012,6145,4400,3869,5718,7208,4572,3713,4201,4611,3983,2.48766,3.83717,8.94964,48.2733
71903,6862,10061,5435,3782,4798,5249,4353,3618,3737,3817,3704,3317,3337,3339,3331,3157,-31.6502,-9.29565,8.96378,47.9313
71904,3704,4234,5467,4888,3664,4918,8199,5910,3592,4034,5129,4610,3241,3527,3609,3691,-8.32684,9.61939,8.70017,48.278
71905,4274,3887,3567,3202,6213,5342,3856,3387,7684,6496,4085,3513,4996,4605,3696,3268,3.34262,-17.7846,8.92754,48.0473
71906,3227,3521,3850,3919,3409,3814,5080,5374,3471,4365,7264,7354,3402,4006,5256,5455,6.81982,15.3271,8.88591,48.5113
71907,5013,8052,7269,4365,4369,5434,5352,4065,3705,3975,3889,3573,3258,3477,3376,3244,-21.5135,-1.65438,8.68238,48.2773
71908,3426,3479,3416,3284,3994,4188,3756,3387,5133,7137,4989,3831,5610,7870,5369,3886,16.5622,-7.63423,8.87806,48.5033
71909,3645,3591,3394,3041,5013,4145,3605,3205,9455,5300,3711,3332,8087,5138,3804,3435,12.6684,-30.0223,8.68899,47.934
71910,4675,4584,3709,3411,6596,7363,4273,3450,5566,5846,4009,3419,4196,4103,3690,3321,-3.00622,-13.936,8.88271,48.1407
71911,5379,8781,6367,4311,4568,5712,5141,3954,3816,3889,3723,3453,3388,3440,3314,3172,-21.4405,-4.40482,8.97402,48.272
71912,4577,7296,7409,4603,4224,5586,5738,4317,3643,3885,3993,3535,3267,3448,3359,3219,-19.5697,0.348942,8.7181,48.066
71913,3353,3402,3344,3257,3472,3817,3886,3606,4249,5380,5277,4250,4812,7873,7715,4706,22.6998,-0.136139,8.59933,48.266
71914,3661,3625,3456,3180,4733,5139,3994,3300,6267,8160,4603,3680,5156,5715,4345,3508,8.97103,-11.341,8.89507,48.348
71915,3925,3771,3333,3115,5876,4315,3723,3285,9941,5247,3667,3302,6350,4765,3808,3320,7.54807,-33.8263,8.83188,47.8287
71916,3707,3861,3929,3622,4112,5498,5423,4031,4377,6695,6295,4234,3891,4629,4398,3750,3.26889,-0.482529,8.72814,48.3013
71917,3734,3640,3263,3231,5208,4191,3599,3272,9589,5273,3845,3371,7516,5112,3721,3290,11.5717,-29.1259,8.53261,47.9033
71918,3440,3809,4366,4216,3676,4686,6984,5186,3677,4609,6950,5161,3465,3838,4311,4197,-0.107121,8.55553,8.77588,48.3807
71919,3477,3409,3281,3175,4052,4007,3584,3345,5839,6312,4469,3611,7001,8065,4700,3771,18.8358,-12.6259,8.5305,48.0653
71920,3418,3371,3300,3240,3683,3757,3657,3369,4800,5249,4291,3557,7124,9796,5254,3787,32.1922,-10.1136,8.7561,47.7687
71921,3460,4013,6673,12109,3345,3768,4741,6206,3315,3404,3893,3893,3186,3224,3436,3402,-26.9597,24.939,8.70313,48.0453
71922,4214,4479,3957,3535,4916,7379,5213,3856,4716,6374,4738,3742,3930,4154,3837,3448,-1.75309,-6.0102,8.85421,48.3253
71923,3422,4091,6254,9678,3411,3864,5366,7532,3346,3545,3947,4356,3098,3165,3517,3532,-18.571,22.435,8.56625,48.0827
71924,3267,3641,4300,5113,3324,3774,5188,8935,3341,3675,4936,7604,3226,3559,3992,4437,-2.46689,26.1971,8.91906,48.208
71925,10178,5680,4014,3432,7936,5168,3737,3415,4404,3929,3554,3172,3508,3426,3299,3066,-17.9802,-29.5965,8.52432,47.9453
71926,3412,3411,3302,3211,3941,3797,3476,3309,5967,4649,3762,3283,12601,5851,3829,3369,33.0201,-30.4012,8.6266,47.4467
71927,3544,3503,3337,3076,4000,3900,3603,3344,5363,5171,4035,3409,9050,8812,4437,3432,33.839,-15.2442,8.86873,48.0107
71928,3319,3818,5081,5949,3422,4177,6547,8280,3395,3750,4850,5325,3187,3288,3789,3912,-7.93617,18.7512,8.98209,48.0593
71929,4614,5130,4259,3554,5563,8234,4855,3676,4563,5335,4235,3631,3841,3869,3656,3406,-6.42029,-8.79659,8.86574,48.2807
71930,4318,4078,3524,3224,6413,5251,3854,3471,7751,6105,4056,3373,5182,4453,3651,3259,3.12856,-18.8301,8.53325,47.9753
71931,3305,3281,3401,3354,3375,3554,3817,3788,3765,4545,5242,4645,3957,5905,9805,6245,31.3622,7.71137,8.5415,47.9893
71932,3471,3930,5605,10902,3392,3617,5000,7697,3112,3539,3870,4229,3052,3291,3392,3484,-19.6669,30.3789,8.61664,47.722
71933,3487,3904,4440,4371,3501,4274,6692,6014,3558,4178,6316,5806,3285,3737,4254,4333,-0.783572,13.193,8.6442,48.1
71934,3334,3854,6049,12732,3352,3687,4736,6008,3266,3463,3761,3771,3143,3154,3327,3435,-29.8659,29.6176,8.92597,47.3813
71935,3409,3830,5552,9689,3304,3846,5109,8482,3301,3553,3929,4395,3184,3145,3368,3424,-17.0215,31.4695,8.73953,47.68
71936,6648,9996,5660,3897,4708,5159,4428,3631,3805,3851,3529,3410,3329,3440,3360,3233,-32.0339,-8.72864,8.59256,48.056
71937,10505,5936,3910,3363,7788,5031,3762,3432,4279,3908,3497,3219,3446,3360,3239,3047,-19.2677,-26.6967,8.60538,47.8147
71938,3964,5500,9694,6593,3714,4500,5892,4959,3376,3612,3833,3779,3133,3148,3372,3390,-23.4397,9.09035,8.9892,48.306
71939,6098,4711,3826,3433,9689,5561,3841,3296,6237,4379,3726,3264,4045,3761,3486,3183,-6.87711,-24.5972,8.88068,48.3573
71940,3127,3331,3444,3454,3231,3481,3731,3910,3404,3767,4791,5918,3420,3837,5912,12589,33.0815,29.0623,8.57319,47.5647
71941,3539,3512,3292,3169,4254,4148,3579,3241,6858,6098,4131,3509,8039,7009,4280,3510,17.5039,-16.7455,8.96786,48.112
71942,3101,3147,3403,3345,3217,3427,3770,3919,3300,3826,4819,6062,3402,3957,6512,12222,30.0174,24.6983,8.79479,47.6193
71943,3345,3571,4202,4683,3451,3788,5206,8148,3308,3701,5298,7961,3219,3576,4264,4764,-0.103317,23.4588,8.99267,48.3233
71944,3166,3160,3353,3376,3204,3523,3846,3989,3325,3928,4821,6794,3366,3885,5926,12219,23.0113,31.8908,8.9964,47.9207
71945,3288,3511,3730,3696,3477,3946,4960,4396,3768,4875,8035,5814,3605,4341,5701,5039,9.06173,10.0239,8.50387,48.1213
71946,2968,3111,3493,3557,3238,3416,3906,4113,3426,3895,5095,7129,3391,4026,6515,10684,21.255,23.6221,8.5235,47.9753
71947,4272,6288,8262,5158,4026,5222,6122,4563,3570,3845,3998,3780,3214,3265,3419,3216,-19.5243,4.08134,8.51152,48.1467
71948,5094,8831,7617,4431,4191,5074,4723,3937,3575,3859,3756,3562,3321,3473,3477,3141,-32.455,-2.22319,8.85121,48.0413
71949,3445,3409,3298,3189,3896,4109,3753,3414,5283,6419,4437,3683,6272,8573,5082,3823,19.1599,-9.6474,8.53893,48.0567
71950,3201,3368,3495,3334,3317,3717,4199,4174,3500,4292,6666,6318,3526,4565,7509,7003,16.7069,13.9494,8.94266,48.1227
71951,3050,3204,3414,3629,3188,3530,3987,4502,3277,3789,5011,8339,3374,3967,5577,9966,16.9018,28.8182,8.74132,47.8693
71952,3399,3374,3269,3237,3971,3725,3369,3251,5980,4708,3631,3252,12782,6079,3804,3412,30.779,-28.2423,8.9099,47.4953
71953,3937,3660,3528,3175,5810,4483,3615,3402,10012,5218,3881,3373,6407,4715,3706,3253,8.07769,-29.2907,8.80963,48.1167
71954,3352,3368,3191,3098,3937,3921,3633,3293,5348,5454,4330,3601,8203,9027,4873,3623,24.9245,-13.6293,8.61249,48.168
71955,11996,6048,3940,3399,6608,4879,3833,3381,4004,3799,3470,3268,3424,3357,3202,3096,-23.5289,-28.4988,8.67104,47.8027
71956,3184,3370,3336,3278,3371,3583,3763,3671,3861,4503,5380,4517,4124,6216,9714,6041,27.0068,6.35556,8.61016,47.9413
71957,3284,3424,3405,3385,3466,3808,3998,3754,3904,4979,6090,4586,4172,6361,8586,5345,20.4918,4.51381,8.93834,48.3647
71958,3719,3609,3467,3242,4903,4646,3682,3226,7942,6847,4170,3432,6035,5566,4075,3377,9.96889,-16.7829,8.68442,47.9587
71959,4009,4529,4411,3785,4493,6850,6188,4034,4085,5652,5203,3952,3754,3972,3803,3590,-3.25947,-2.06377,8.81838,48.2067
71960,3238,3518,4029,3849,3426,4062,5326,5070,3602,4477,7794,6496,3433,3909,5121,4990,5.88546,12.614,8.9255,48.2267
71961,3223,3848,4870,5470,3400,3983,6242,8610,3357,3664,4904,6037,3238,3530,3800,4123,-5.51739,20.2879,8.67265,48.1993
71962,3257,3362,3351,3395,3559,3682,3722,3516,3967,4768,5000,4288,4659,7989,8822,5023,28.8328,1.5051,8.97018,48.24
71963,3606,3986,4638,4578,3639,4534,7518,5979,3508,4113,6088,5036,3310,3704,4079,4039,-3.17552,11.1877,8.90688,48.2367
71964,3972,4000,3491,3343,4711,5700,4213,3596,5902,7872,4687,3497,4636,4976,4120,3538,5.14853,-10.498,8.63317,48.1693
71965,3425,3365,3231,3086,4052,3736,3491,3198,6598,4948,3803,3326,11752,6598,4092,3332,23.8903,-24.4541,8.71242,48.022
71966,4896,4737,3729,3298,7212,6808,4270,3387,6159,5580,3922,3468,4261,4087,3528,3273,-3.09105,-16.2234,8.8607,48.41
71967,3276,3977,6671,11980,3396,3755,4818,5999,3169,3422,3864,4025,3049,3261,3464,3501,-30.8112,23.8121,8.52619,47.7513
71968,3166,3265,3391,3402,3237,3470,3954,4249,3475,3857,5135,7810,3379,3920,5941,10222,18.7226,26.1815,8.67025,47.9153
71969,3463,4070,7478,11468,3292,3836,4994,5778,3251,3476,3648,4046,3081,3278,3385,3393,-32.4945,20.623,8.91178,47.958
71970,8777,8736,4709,3715,5399,5399,4163,3532,3836,3909,3528,3266,3405,3485,3249,3013,-26.2785,-14.7167,8.79453,48.0807
71971,6368,9302,5762,3978,4877,5854,4517,3793,3683,3934,3660,3477,3359,3411,3305,3259,-22.3255,-8.54139,8.82809,48.3593
71972,3247,3688,4293,5216,3367,3782,5450,8787,3411,3802,4847,7270,3140,3478,4202,4423,-2.50646,24.4936,8.54579,48.2687
71973,3117,3173,3375,3384,3197,3497,3766,3820,3406,3845,5014,5797,3420,4055,7107,11721,31.824,21.5455,8.92632,47.796
71974,3221,3337,3244,3224,3529,3599,3801,3561,3881,4501,5084,4520,4237,7032,9542,5493,30.6919,3.9984,8.92681,47.8707
71975,3224,3428,3573,3601,3287,3598,4218,4750,3462,3921,5642,8729,3432,3959,5392,8037,13.5046,22.8896,8.89073,48.1687
71976,3171,3184,3349,3326,3184,3525,3894,4059,3464,3664,4911,6915,3458,3970,5914,11628,22.485,31.8592,8.5303,47.744
71977,12573,6026,3903,3398,6391,4758,3858,3374,3891,3803,3505,3258,3402,3359,3226,3187,-25.9148,-28.9724,8.80744,47.9413
71978,3370,3693,4094,4096,3420,4247,6296,5503,3614,4318,7179,6257,3531,3869,4715,4559,2.1474,12.5389,8.6828,48.5073
71979,3379,3861,5623,7788,3368,3854,5948,8704,3208,3493,4297,4735,3068,3414,3508,3622,-13.363,21.73,8.95904,47.9133
71980,3114,3340,3453,3438,3169,3477,3931,4299,3346,3795,5073,8031,3348,3981,5707,10575,18.2409,31.8664,8.83857,48.0513
71981,3390,3525,3441,3299,3770,4112,4076,3638,4367,6195,5994,4203,4625,6780,6418,4421,16.2816,-1.12865,8.7784,48.1693
71982,3546,3418,3234,3109,4145,4004,3517,3270,6037,5945,4104,3436,8556,8101,4476,3710,21.0897,-16.0464,8.88149,48.4053
71983,3364,3917,6305,11214,3409,3928,5023,6923,3222,3460,3890,4135,2994,3196,3401,3362,-22.0799,24.5892,8.57616,47.8287
71984,3177,3295,3472,3472,3224,3429,3767,4011,3413,3644,4791,6069,3398,3782,5928,12530,33.9959,27.5674,8.72456,47.6013
71985,4342,3999,3460,3083,7557,4660,3699,3311,8881,5133,3733,3327,5070,4349,3586,3237,2.29478,-33.2375,8.83794,47.618
71986,6099,4636,3746,3311,9722,5262,3771,3353,6297,4530,3619,3271,4016,3721,3355,3292,-6.60362,-29.9792,8.77142,48.0007
71987,3167,3229,3288,3406,3225,3597,3872,3906,3508,3955,5160,6056,3478,4431,7538,10206,24.486,18.7261,8.8279,48.0147
71988,3845,5513,9933,7045,3670,4316,5273,4797,3268,3589,3784,3693,3237,3298,3432,3279,-28.8196,9.78365,8.82434,47.9813
71989,3433,3977,6296,9240,3315,3867,5589,7876,3333,3522,3981,4342,3135,3326,3420,3449,-16.8654,22.0684,8.90927,48.0673
71990,4159,4469,4167,3776,4637,7166,5767,4105,4318,5918,5069,3899,3682,4085,3822,3539,-2.50972,-3.6131,8.71884,48.3853
71991,2986,3210,3320,3416,3211,3469,3834,3947,3448,3748,4828,6473,3374,3791,6024,12632,25.3438,29.0115,8.85376,47.8073
71992,4158,3803,3434,3259,6062,4865,3856,3306,8722,6088,3958,3477,5482,4728,3807,3249,5.82771,-20.6026,8.50239,48.1693
71993,3256,3355,3417,3310,3246,3500,3701,3851,3341,3791,4651,5909,3454,3915,5858,12355,32.7839,33.9397,8.9021,47.2733
71994,3944,3671,3475,3158,5369,4756,3835,3309,8170,6763,4145,3554,5832,5114,3821,3454,7.88065,-17.9093,8.9048,48.2467
71995,3372,3614,4015,3885,3632,4162,5739,4834,3678,4781,7981,5869,3567,4030,5038,4597,4.89916,10.0921,8.85111,48.5293
71996,8789,8686,4673,3530,5662,5385,3990,3629,3958,3895,3539,3197,3398,3326,3312,3172,-24.8474,-15.1585,8.84214,48.094
71997,3776,3576,3238,3165,4717,4140,3490,3276,8970,5113,3806,3424,8700,5403,3845,3489,14.7038,-30.1858,8.58496,48.0853
71998,3175,3422,3904,4132,3439,3641,4603,6539,3284,3883,5024,9714,3318,3695,4572,5651,5.68243,31.5395,8.87746,47.9973
71999,10675,7633,4242,3490,5730,4966,3960,3424,3925,3865,3454,3260,3419,3310,3215,3237,-30.4778,-19.424,8.58716,47.87
72000,3326,3641,4451,4999,3384,3913,6091,7982,3378,3848,5329,6531,3199,3577,4094,4387,-2.83459,19.1105,8.85305,48.0867
72001,4038,3782,3362,3237,5957,4468,3736,3260,9891,5117,3854,3304,6135,4780,3846,3259,7.46579,-31.655,8.59606,48.0173
72002,3366,3652,3910,3696,3590,4266,5525,4571,3760,4948,8088,5679,3511,4160,5041,4545,6.10416,8.79255,8.96621,48.2053
72003,3208,3303,3391,3437,3216,3334,3754,3874,3345,3766,4536,5899,3364,3987,5912,12621,30.5845,31.0023,8.87809,47.298
72004,4214,4237,3671,3347,5475,6562,4426,3756,5691,6923,4346,3605,4353,4472,3887,3375,1.04368,-11.0443,8.56128,48.2267
72005,3398,3582,3499,3369,3749,4293,4127,3707,4392,6488,6177,4346,4460,6410,6154,4309,14.2033,-0.756524,8.51104,48.3067
72006,3416,3475,3355,3096,3641,4072,3749,3456,4682,6234,4893,3859,5452,8278,6080,4145,19.9244,-5.19483,8.5699,47.922
72007,7477,8849,4791,3620,5549,5971,4262,3579,4035,3918,3563,3368,3344,3488,3264,3141,-21.3642,-12.8331,8.89127,48.146
72008,11981,6001,3808,3359,6995,4938,3810,3378,3989,3736,3408,3060,3412,3425,3212,3153,-22.9818,-27.5408,8.95815,47.7767
72009,4033,5034,6143,4759,3874,5631,7772,5018,3544,4053,4551,3910,3302,3481,3541,3491,-11.6227,5.0473,8.77949,48.0913
72010,10903,7543,4247,3430,5778,5016,3774,3425,4063,3769,3574,3304,3413,3325,3319,3175,-30.2078,-20.0107,8.56173,48.0387
72011,3080,3312,3507,3549,3266,3529,3978,4560,3365,3882,5073,8546,3313,3905,5483,9517,15.9826,31.0725,8.76575,47.91
72012,3134,3309,3828,3900,3372,3703,4730,5336,3398,4089,6751,8337,3364,3911,5164,5818,8.23271,18.213,8.69973,48.096
72013,3762,3535,3525,3263,4748,4607,3732,3360,7087,7370,4237,3572,6037,5856,4204,3422,10.9297,-14.6113,8.83031,48.2113
72014,3222,3334,3397,3471,3192,3494,3761,3950,3394,3671,4729,5904,3480,3826,5861,12766,32.9463,30.8492,8.98432,47.6347
72015,3167,3310,3360,3397,3264,3350,3710,3889,3386,3859,4955,5843,3367,3994,7144,11570,31.5147,21.7361,8.90365,47.71
72016,3945,4790,4758,3985,4334,6802,6851,4335,4026,5007,5003,3931,3515,3812,3771,3549,-5.91896,0.258795,8.58911,48.276
72017,3167,3309,3415,3334,3197,3524,4099,4327,3381,3874,5307,7992,3419,3915,6004,9754,17.1328,23.4118,8.93763,48.012
72018,3353,3434,3303,3094,3669,3936,3496,3430,4733,5272,4414,3805,6637,9838,5817,3977,27.7473,-8.65461,8.70774,48.1387
72019,3501,3403,3270,3136,3926,3805,3473,3158,5967,4617,3743,3324,12654,6313,3800,3414,31.5728,-28.9983,8.81247,47.6693
72020,4768,8247,7644,4612,4249,5241,5184,4187,3544,3821,3784,3565,3219,3473,3329,3285,-23.6291,-0.961647,8.53821,48.1013
72021,5017,4134,3566,3170,8616,5005,3731,3374,8052,4908,3704,3311,4592,4131,3589,3228,-1.10234,-29.807,8.93123,48.0853
72022,12263,6309,3890,3442,6324,4820,3784,3308,4046,3767,3430,3187,3459,3416,3210,3152,-26.1277,-26.4681,8.55797,47.8713
72023,10671,7507,4138,3432,5882,5001,3981,3379,4028,3915,3492,3235,3322,3445,3208,3164,-25.3927,-18.9299,8.84169,47.8667
72024,6052,8840,5480,3986,5032,6357,4589,3678,3743,4023,3731,3355,3379,3392,3324,3080,-19.891,-8.58982,8.82836,48.0273
72025,3494,3924,3943,3657,3938,5332,5242,4032,4337,6730,6518,4230,3974,4641,4620,3946,4.47848,-0.407908,8.5575,48.372
72026,3433,3370,3255,3077,4225,3879,3486,3163,7375,4947,3820,3467,11304,5872,3997,3267,20.7992,-29.4777,8.87885,47.958
72027,3816,3819,3420,3266,5125,4921,3748,3358,7582,7440,4223,3443,5493,5359,3990,3409,8.10695,-15.6978,8.92407,48.2747
72028,3589,3534,3342,3148,4065,4260,3673,3221,6010,6885,4458,3630,6705,7304,4613,3673,16.1718,-12.6842,8.58911,48.0733
72029,3220,3273,3391,3346,3475,3795,3680,3694,4224,5203,5451,4282,4520,7342,8251,4939,22.7314,1.745,8.57584,48.0573
72030,5104,6336,4695,3805,5352,7890,5206,3840,4069,4514,3943,3435,3523,3591,3441,3322,-12.0415,-7.41342,8.83242,48.044
72031,8532,7980,4601,3542,6030,5752,4008,3520,4039,3924,3647,3363,3451,3420,3311,3167,-21.1963,-15.8205,8.80365,48.1913
72032,3232,3691,4475,5182,3448,3817,5771,8536,3266,3694,5099,6763,3198,3479,4031,4252,-3.31974,21.7016,8.79651,47.956
72033,3092,3260,3366,3353,3248,3483,3714,4018,3423,3793,4742,6348,3385,3975,6072,12601,27.0111,29.0455,8.70745,47.9153
72034,5558,4549,3671,3217,9041,5849,3890,3373,6578,4933,3707,3218,4270,3933,3510,3155,-4.36399,-21.9319,8.95927,48.3013
72035,5113,8222,6544,4237,4582,6086,5175,3981,3709,4056,3808,3531,3254,3419,3368,3253,-19.6709,-3.83295,8.57399,48.2253
72036,3508,3946,5718,10916,3384,3914,5010,7355,3230,3471,4051,4181,3122,3204,3407,3434,-20.1689,33.43,8.61481,47.9007
72037,3501,3495,3207,3110,4252,3946,3589,3266,7137,5659,4113,3427,9383,6829,4205,3439,19.0538,-19.6483,8.71956,48.372
72038,10078,5749,4015,3495,8090,5155,3850,3303,4276,3954,3509,3270,3499,3404,3309,3103,-18.1543,-28.1089,8.6749,48.0393
72039,5596,7256,5047,3769,5317,7366,4906,3729,4042,4248,3786,3423,3405,3650,3452,3157,-14.8203,-8.31142,8.64849,48.0993
72040,3521,3480,3187,3093,4144,4157,3597,3191,7180,5702,4041,3501,9189,6933,4202,3410,18.7038,-19.527,8.66653,48.352
72041,3793,5245,9147,6416,3784,4363,6244,5058,3458,3713,4036,3732,3194,3301,3352,3378,-21.1954,8.89078,8.5841,48.1427
72042,3085,3238,3354,3371,3261,3518,3742,3884,3483,4150,5323,5484,3656,4800,8974,8822,28.1091,14.6141,8.56274,48.0967
72043,3619,4441,8489,9488,3481,3996,5096,5506,3183,3441,3802,3857,3150,3227,3417,3418,-30.5662,16.322,8.54384,47.7407
72044,6378,4674,3668,3278,9831,5415,3759,3350,5979,4441,3660,3321,3970,3792,3434,3143,-7.7536,-26.5235,8.79374,48.062
72045,5802,4599,3659,3263,9318,5549,3801,3294,6431,4580,3693,3300,4098,3847,3469,3206,-5.57699,-25.6933,8.59304,47.9393
72046,3165,3311,3594,3750,3309,3518,4305,5323,3362,3799,5247,9969,3337,3683,5096,7517,10.9777,28.6834,8.96928,48.19
72047,3821,4267,4161,3707,4359,6484,5667,4025,4417,6387,5582,4011,3865,4183,4085,3726,-0.343261,-2.4271,8.83127,48.498
72048,3086,3356,3751,3802,3300,3524,4231,5283,3375,3905,5293,9898,3430,3734,4980,7101,10.7663,33.45,8.85766,48.0327
72049,3154,3280,3398,3273,3228,3507,3876,3885,3504,3987,5287,5579,3547,4533,8512,9572,26.1743,16.6085,8.82145,48.0813
72050,9238,5410,3872,3337,8645,5237,3942,3420,4405,4123,3437,3244,3523,3540,3250,3279,-15.8344,-33.1261,8.92302,47.9347
72051,3168,3198,3487,3508,3137,3465,3880,4122,3365,3790,5015,7622,3351,3891,5706,10984,19.5874,27.1717,8.93661,47.7927
72052,3522,4111,6345,8303,3590,4045,5921,7566,3302,3529,4051,4341,3220,3224,3560,3630,-16.1644,19.4115,8.51755,48.1733
72053,3528,4440,8390,9778,3388,4144,5122,5561,3214,3567,3851,3970,3113,3291,3410,3333,-27.0325,17.0946,8.72981,48.0667
72054,5085,8738,7265,4456,4309,5131,4786,4219,3555,3909,3608,3581,3309,3347,3283,3227,-32.3575,-2.22521,8.5208,47.872
72055,12308,6010,3984,3408,5922,4742,3818,3259,3824,3661,3367,3313,3406,3280,3312,3272,-32.413,-33.6253,8.54927,47.2573
72056,7833,9972,5140,3679,5056,5277,4124,3525,3788,3819,3555,3220,3360,3315,3228,3162,-28.4693,-11.7372,8.89056,48.0353
72057,3056,3270,3520,3755,3250,3578,4199,5055,3399,3783,5862,8997,3325,3946,5448,7677,12.4685,22.7639,8.90932,48.08
72058,3594,3457,3164,3025,4321,3903,3520,3145,7690,5104,3840,3345,10327,6046,4017,3381,18.7463,-24.8886,8.93033,47.9193
72059,3459,3411,3274,3100,4159,4052,3594,3377,6465,6194,4144,3487,7845,7520,4378,3625,18.1538,-15.6869,8.51597,48.056
72060,3608,3475,3280,3108,4848,4034,3440,3245,8954,5106,3793,3359,9135,5315,3828,3309,15.1568,-29.8531,8.91452,47.8913
72061,11674,6051,3994,3484,6640,4763,3906,3340,4101,3883,3531,3194,3470,3396,3202,3018,-24.1728,-26.5956,8.54387,47.7647
72062,3251,3466,3568,3508,3590,3947,4669,4214,3845,5091,8119,5555,3695,4643,6134,4885,10.826,7.72032,8.85315,48.12
72063,3360,3592,4178,4335,3461,4088,6064,6261,3396,4177,6513,6795,3418,3814,4424,4698,1.08832,15.3089,8.79629,48.3827
72064,3212,3477,3915,4201,3282,3664,4679,6858,3399,3806,5231,9637,3318,3582,4338,5506,4.31663,32.2429,8.92352,48.07
72065,6691,7216,4574,3696,6069,7100,4471,3601,4234,4297,3580,3401,3426,3481,3335,2994,-15.9685,-13.0006,8.96771,48.1107
72066,9413,6259,4069,3574,7627,5544,3915,3422,4236,4041,3523,3152,3534,3557,3195,3110,-17.4365,-21.2464,8.90451,48.114
72067,9540,8246,4477,3592,5882,5222,4031,3473,4002,3915,3456,3197,3412,3329,3307,3100,-24.6994,-16.7282,8.85669,48.1207
72068,5096,4261,3650,3382,8748,5022,3713,3292,7659,4852,3669,3218,4738,4177,3533,3252,-1.67375,-28.1501,8.59256,48.1747
72069,3167,3264,3423,3326,3240,3444,3861,3861,3331,3875,4997,5917,3434,4328,7222,11313,29.9128,20.641,8.83406,48.002
72070,11761,7017,4097,3477,5983,4827,3825,3401,3922,3757,3439,3167,3412,3270,3222,3111,-29.1393,-22.8832,8.81571,47.792
72071,3439,4026,6645,9072,3513,3925,5699,7509,3276,3607,3967,4300,3092,3224,3431,3438,-17.9421,19.8721,8.96506,48.1087
72072,4317,6142,6949,4776,4067,5562,6502,4559,3617,4052,4158,3763,3284,3506,3486,3323,-16.2804,2.12512,8.53903,48.042
72073,3752,3620,3328,2971,5164,4390,3600,3222,9625,5726,3891,3389,7110,5261,3859,3418,10.7847,-23.7195,8.84855,48.2173
72074,3384,3900,6752,11940,3469,3840,4828,5899,3279,3352,3818,3852,3162,3248,3402,3511,-31.4685,23.786,8.8837,47.7573
72075,10660,7336,4180,3452,6203,5111,4018,3384,3992,3808,3552,3169,3436,3395,3306,3041,-23.9946,-20.1368,8.91584,48.0287
72076,3549,3811,4141,3971,3890,4998,6453,4561,3837,5320,7132,4540,3575,4037,4611,4106,1.46519,4.75934,8.78092,48.3547
72077,9734,5471,3895,3453,8500,5055,3813,3301,4575,3939,3563,3219,3540,3450,3337,3086,-16.843,-31.1229,8.67322,47.954
72078,3425,3479,3343,3181,3691,4031,3750,3437,4520,6090,5131,3990,5223,8176,6449,4389,19.621,-3.22346,8.67625,48.2033
72079,3265,3496,4128,4251,3318,3902,5362,6251,3432,4065,6341,7730,3261,3729,4583,5156,3.72953,18.048,8.73301,48.18
72080,5184,8422,5993,4154,4710,6501,5081,3908,3813,3921,3710,3526,3323,3468,3333,3208,-19.0688,-4.91263,8.90005,48.17
72081,3417,3390,3151,3002,4153,3997,3465,3214,7346,5137,3933,3372,10722,6370,3962,3455,20.1,-23.1385,8.94608,48.0573
72082,3841,4728,5349,4321,4040,5958,7754,4856,3823,4484,5047,4139,3401,3605,3696,3503,-8.262,3.77338,8.59594,48.3633
72083,3672,4483,7942,7522,3531,4324,6280,6007,3289,3671,4038,3860,3086,3400,3396,3476,-19.3832,13.7557,8.56591,47.9847
72084,3154,3162,3235,3367,3178,3390,3821,4075,3365,3684,4776,6617,3301,4041,5943,12255,24.1342,30.0606,8.91986,47.576
72085,4452,7533,9005,4996,4004,4778,5019,4282,3505,3767,3743,3502,3303,3275,3399,3288,-32.8365,2.17867,8.70243,47.9007
72086,3402,3307,3320,3153,3951,3813,3435,3232,5997,4678,3743,3383,12313,5711,3841,3377,33.8366,-32.7477,8.56521,47.104
72087,3776,3833,3860,3490,4313,5551,4625,3711,4823,7782,5640,3908,4236,4911,4472,3745,5.27992,-4.83941,8.92554,48.4507
72088,3420,3941,6124,11955,3451,3796,4908,6499,3245,3436,3789,3993,3237,3241,3363,3423,-23.2764,33.8089,8.82801,47.8807
72089,9661,7881,4483,3454,6053,5443,4037,3563,3997,3838,3361,3192,3369,3338,3140,3127,-23.042,-17.9411,8.66738,47.958
72090,3795,5124,9752,7724,3654,4161,5364,5096,3275,3498,3870,3800,3099,3256,3305,3286,-29.5986,11.3314,8.89012,48.0393
72091,3243,3630,4581,5752,3409,3745,5312,9427,3251,3734,4703,6687,3212,3485,3926,4118,-5.29148,28.4297,8.51293,48.1433
72092,3362,3560,3835,3890,3469,4288,5813,4556,3722,5004,7971,5655,3585,4154,4907,4431,4.63562,8.90194,8.90071,48.1347
72093,4773,8257,8199,4717,4220,4922,4907,4226,3550,3725,3894,3625,3302,3391,3332,3263,-28.6089,-0.322272,8.66897,48.202
72094,3358,3442,3172,3023,4089,3774,3392,3231,6639,4983,3766,3418,11222,6564,4164,3425,22.3792,-23.1562,8.96872,47.7747
72095,4005,5559,6980,4805,4022,5674,7443,4732,3606,4119,4142,3804,3322,3357,3558,3403,-14.4693,4.21324,8.89692,48.354
72096,3190,3465,3665,3656,3448,3905,4942,4447,3657,4710,7950,6107,3515,4264,5996,5284,10.0908,11.3122,8.79574,48.134
72097,3202,3335,3552,3596,3423,3647,4184,4189,3595,4337,6961,6237,3612,4594,7245,6775,15.9591,13.1337,8.51797,48.3227
72098,9204,5599,3751,3425,8723,5273,3799,3471,4570,3958,3520,3311,3505,3458,3314,3123,-15.8196,-25.3678,8.9434,48.0027
72099,3151,3196,3375,3407,3194,3552,3794,3856,3590,4093,5167,5496,3606,4434,8277,9553,32.9066,16.5061,8.69782,47.8273
72100,3153,3227,3245,3429,3175,3506,3728,4023,3361,3863,4794,6221,3342,3942,6095,12711,27.3628,29.0681,8.99545,47.8767
72101,8525,5282,3795,3380,9063,5184,3910,3373,4816,4075,3474,3252,3757,3665,3259,3191,-14.1548,-29.1458,8.62914,48.0007
72102,3469,3867,4813,5002,3446,4231,6998,7388,3436,3948,5399,5536,3263,3518,3940,4056,-4.69713,15.7603,8.97661,48.2067
72103,3153,3679,4258,4975,3373,3943,5180,8485,3329,3888,5180,7600,3187,3526,4078,4532,-1.29308,23.7622,8.99019,48.244
72104,3699,4125,4352,3860,3840,5228,6894,4614,3838,5121,6484,4503,3637,3953,4229,3917,-0.643125,4.61235,8.6639,48.196
72105,7842,7273,4455,3566,6368,6045,4253,3514,4234,3979,3611,3354,3347,3625,3351,3118,-18.6693,-15.7673,8.5957,47.9567
72106,3240,3308,3347,3259,3572,3811,3730,3413,4559,5187,4743,3907,5555,9324,7028,4428,29.8262,-4.05557,8.68754,48.274
72107,4500,4114,3511,3198,7741,4904,3741,3360,8654,5153,3760,3307,4911,4378,3503,3198,1.76369,-32.7357,8.73977,47.9553
72108,3200,3445,3569,3485,3502,3718,4333,4247,3669,4453,7361,6046,3735,4532,7085,6020,14.2136,11.7768,8.61414,48.2667
72109,3756,5318,9416,7114,3745,4258,5228,5038,3312,3564,3886,3877,3035,3315,3404,3294,-32.6996,10.3355,8.52929,47.7067
72110,3626,4597,8151,9319,3545,4024,5332,5836,3256,3594,3832,4008,3149,3184,3284,3432,-23.9165,16.4859,8.81384,48.1127
72111,3723,4110,3814,3468,4382,5884,4886,3811,4785,7372,5495,3996,4054,4677,4294,3653,3.23658,-4.45925,8.95798,48.2693
72112,8270,9442,4847,3577,5180,5212,4123,3501,3819,3746,3581,3352,3422,3438,3257,3213,-29.2665,-13.2839,8.641,47.9867
72113,3514,4586,6936,6279,3648,4479,7181,6325,3397,3699,4329,4188,3190,3345,3600,3523,-14.5832,12.7896,8.5771,48.146
72114,3240,3421,3575,3411,3699,4206,4567,3880,4038,5860,7561,4767,4114,5128,6240,4614,12.0221,3.77873,8.81132,48.214
72115,10637,7811,4130,3430,5611,5022,4041,3409,3922,3762,3467,3220,3384,3258,3282,3183,-31.6644,-19.0931,8.98415,47.7127
72116,9099,5368,3943,3377,8607,5125,3934,3436,4510,4042,3571,3238,3610,3469,3343,3128,-15.5616,-32.859,8.52073,47.8667
72117,3394,3558,3548,3400,3636,4454,4663,3986,3986,6068,7477,4747,3906,5163,5652,4521,10.2937,3.07682,8.64216,48.106
72118,5333,4491,3692,3308,8969,5427,3840,3389,6870,4802,3669,3331,4464,4047,3497,3175,-3.37298,-23.9688,8.50594,48.2027
72119,7360,6859,4299,3505,6962,6464,4248,3440,4437,4150,3601,3338,3517,3451,3307,3216,-15.9039,-16.1318,8.74363,48.1027
72120,3659,4512,6728,5988,3582,4597,7541,6074,3408,3691,4564,4352,3235,3412,3563,3643,-13.7191,11.7828,8.66648,48.366
72121,3277,3609,4200,4808,3404,3842,4995,8434,3303,3776,4821,8101,3266,3690,3955,4643,-0.564065,32.2837,8.51188,48.0827
72122,4222,4373,3796,3445,5745,6759,4366,3591,5715,6970,4340,3465,4278,4308,3710,3368,0.375797,-11.71,8.78368,48.3007
72123,3565,3565,3491,3040,4359,4458,3655,3383,6662,7065,4250,3575,6493,6620,4412,3556,14.3353,-14.14,8.89432,48.0993
72124,6085,4665,3783,3237,9628,5291,3940,3349,6114,4484,3658,3187,4133,3819,3438,3167,-6.89696,-26.0172,8.60428,47.9853
72125,6930,5027,3795,3367,9497,5668,3883,3387,5405,4454,3684,3242,3984,3739,3319,3116,-9.98986,-24.1405,8.97057,48.3313
72126,5110,8955,7705,4631,4229,5072,4780,4238,3655,3706,3714,3518,3288,3409,3339,3204,-28.8839,-1.63615,8.56348,48.3687
72127,3089,3206,3451,3355,3334,3564,3830,3816,3620,4374,5452,5022,3788,5386,9784,7161,25.4496,10.4968,8.95484,48.1547
72128,5010,4779,3805,3450,7438,6940,4152,3452,5690,5386,4014,3260,4127,4021,3424,3240,-4.83306,-15.9283,8.98969,48.1253
72129,3217,3387,3568,3763,3334,3586,4446,5497,3397,3829,5192,9729,3390,3835,4898,7052,9.89483,29.1419,8.53817,48.08
72130,4808,4273,3598,3186,8100,5267,3885,3392,7831,5194,3862,3345,4655,4112,3607,3230,-0.929269,-24.0406,8.55361,48.23
72131,3685,4698,6994,6051,3717,4713,7414,6011,3437,3793,4265,4225,3184,3325,3593,3482,-14.5857,11.3485,8.58254,48.3913
72132,3184,3507,4017,4155,3465,3747,5101,6307,3388,3951,6272,8084,3307,3731,4683,5290,4.29632,18.9719,8.9482,48.126
72133,3189,3389,3388,3310,3562,3868,4078,3819,3916,5192,6542,4779,4218,5837,7991,5332,18.2886,5.08071,8.73392,48.2733
72134,3406,3426,3250,3154,3851,3804,3505,3250,6041,4768,3834,3401,12691,5947,3830,3374,31.5463,-29.4672,8.77233,47.688
72135,4247,3919,3473,3201,6352,5184,3742,3454,8386,6003,4015,3393,5380,4720,3751,3301,4.53697,-19.739,8.54621,48.3473
72136,11380,6813,4009,3368,6506,4972,3870,3385,4037,3879,3519,3262,3431,3361,3265,3089,-24.0302,-22.5586,8.67997,48.0973
72137,3432,3393,3321,3052,3977,3809,3505,3180,6844,4913,3831,3345,11665,6071,3833,3419,23.5649,-28.564,8.56645,47.7267
72138,6988,4892,3765,3361,10088,5352,3750,3325,5445,4379,3688,3240,3897,3657,3324,3180,-9.9441,-27.6703,8.91417,48.2207
72139,3154,3167,3369,3335,3107,3436,3895,4063,3417,3742,4932,6890,3280,3976,5928,11903,22.7152,27.7923,8.99807,47.7293
72140,6322,8852,5359,3947,5124,6195,4434,3796,3950,3890,3595,3410,3377,3466,3248,3203,-20.6826,-9.08383,8.62498,48.112
72141,3539,4624,8600,8495,3513,4134,5639,5661,3281,3610,3812,3995,3131,3239,3310,3291,-23.6044,14.8896,8.74221,47.916
72142,3225,3334,3268,3154,3690,3871,3768,3412,4595,5627,4797,3908,5608,9071,6641,4294,23.2548,-4.76398,8.72415,48.1753
72143,3645,4500,8179,8265,3478,4172,5810,6084,3325,3570,3857,4061,3099,3298,3471,3515,-20.0972,15.3057,8.96201,48.2193
72144,4938,8934,7842,4482,4187,5100,4842,4220,3570,3742,3647,3398,3275,3344,3292,3265,-28.2689,-1.64094,8.86175,48.052
72145,3153,3204,3382,3471,3306,3556,3937,4461,3329,3776,5222,8579,3383,3821,5449,9839,16.6248,28.6696,8.88523,47.912
72146,3571,3841,4243,4019,3782,4702,6786,4917,3762,4677,6929,4962,3488,3922,4320,4038,0.27409,7.75747,8.56118,47.9727
72147,6598,4970,3759,3407,9923,5183,3858,3322,5671,4350,3517,3292,3854,3721,3312,3113,-8.78548,-33.3854,8.96087,47.9
72148,3594,3495,3274,3121,4819,4069,3579,3281,9194,5211,3954,3368,8473,5258,3867,3372,14.0232,-31.3739,8.60277,47.9527
72149,3366,3344,3296,3129,3896,3898,3486,3354,5289,5242,4037,3567,8602,9156,4816,3558,32.2729,-14.4025,8.77065,48.024
72150,3294,3250,3393,3223,3477,3762,3608,3459,4288,5152,4918,4063,5148,8623,7617,4582,28.256,-1.72414,8.64107,47.9047
72151,3288,3598,4008,3844,3499,4030,5415,5120,3546,4397,7705,6715,3478,3968,5136,5140,5.91932,13.2349,8.84097,48.5913
72152,3081,3239,3558,3734,3192,3539,4175,4870,3290,3793,5332,9460,3382,3797,5029,8035,12.6226,30.3276,8.81598,47.6707
72153,3204,3474,3837,4045,3372,3718,4752,6680,3374,3731,5168,9768,3322,3580,4485,5544,4.92763,33.1476,8.94363,48.036
72154,9169,5412,4009,3328,8733,5240,3906,3366,4448,4082,3539,3231,3406,3504,3318,3091,-15.4823,-33.8859,8.84583,47.8547
72155,3283,3305,3432,3193,3624,3802,3604,3408,4512,5159,4620,3780,5915,9715,6397,4067,29.6379,-5.85533,8.81994,47.8773
72156,5087,6582,4808,3720,5424,7902,5221,3846,4196,4601,3993,3513,3568,3706,3426,3165,-12.7157,-7.91343,8.73255,48.5053
72157,3068,3403,3585,3621,3242,3546,4196,4982,3435,3979,5604,9277,3394,3819,5494,7681,12.5014,23.1545,8.84835,48.2173
72158,3396,3967,6044,11956,3348,3819,4814,6684,3169,3421,3709,4025,3166,3251,3407,3349,-23.646,31.3022,8.55806,47.6833
72159,4857,6292,4622,3813,5355,8060,5120,3751,4134,4566,4139,3661,3467,3711,3435,3212,-11.3251,-7.25848,8.89721,48.13
72160,5936,4802,3634,3277,9667,5580,3843,3379,6298,4559,3593,3309,4133,3761,3308,3232,-6.39654,-24.1512,8.86848,48.2073
72161,4306,5438,4946,4043,4660,7488,6268,4178,3956,4743,4486,3775,3543,3666,3598,3466,-9.25847,-2.33733,8.68685,48.3733
72162,3233,3519,3617,3569,3305,3901,4751,4417,3645,4716,7890,6110,3621,4383,6363,5516,11.7108,10.9734,8.76827,48.3707
72163,3096,3167,3472,3294,3318,3454,3883,3847,3341,3974,4974,5927,3507,4127,7403,11407,27.2935,21.0549,8.95508,48.1273
72164,3905,4086,3680,3392,4985,5953,4128,3515,5726,7731,4624,3636,4717,4902,4068,3478,4.03645,-10.7698,8.67806,48.3507
72165,4203,4515,3967,3549,4998,7048,4859,3714,4803,6618,4704,3661,3958,4220,3939,3554,-1.01356,-7.26499,8.67016,48.2067
72166,3875,4925,6377,5142,3859,5192,7752,5259,3506,3971,4527,4035,3287,3396,3668,3475,-12.5735,7.54552,8.53657,48.164
72167,8353,5214,3856,3394,9277,5393,3859,3397,4841,4030,3584,3269,3586,3566,3362,3054,-13.2367,-33.8958,8.80652,48.0233
72168,3486,3962,6765,12022,3412,3753,4998,5950,3231,3455,3828,4028,3091,3243,3421,3330,-32.561,23.3487,8.91656,47.9833
72169,3237,3300,3391,3201,3414,3668,3873,3717,3913,4732,5765,4759,4161,6226,8962,5674,22.4617,5.8293,8.58476,47.9953
72170,3164,3628,4054,4128,3516,3982,5792,5471,3473,4439,7309,6473,3501,3799,4687,4726,3.75093,13.3245,8.81256,48.0947
72171,7532,5033,3713,3444,9610,5347,3822,3418,5155,4266,3578,3245,3608,3560,3249,3052,-11.5989,-33.4036,8.62425,47.7547
72172,3433,3419,3213,3063,3841,3746,3542,3230,5875,5061,4006,3387,10592,7569,4296,3484,27.117,-19.6971,8.70978,47.838
72173,3381,3320,3216,3142,3873,3794,3389,3159,6344,4838,3682,3369,12758,6020,3916,3343,26.8535,-30.4665,8.87281,47.696
72174,3365,3899,5924,12699,3440,3775,4614,6110,3307,3387,3788,3941,3208,3220,3348,3428,-30.687,32.1644,8.75171,47.6353
72175,4238,4829,4397,3761,4829,7519,6004,4010,4142,5440,4673,3742,3650,3879,3769,3434,-5.25142,-3.38958,8.98016,48.2107
72176,12733,6248,3879,3331,5997,4744,3793,3261,4013,3801,3527,3198,3464,3365,3173,3163,-32.1119,-26.625,8.73835,47.7933
72177,3252,3761,4899,6431,3345,3934,5264,9968,3285,3677,4327,5647,3143,3384,3717,3797,-8.73647,33.0663,8.66861,47.8873
72178,3274,3287,3360,3280,3405,3786,3892,3702,3942,4640,5030,4490,4382,7018,9395,5439,29.4929,3.92118,8.54739,48.2147
72179,5018,4312,3745,3264,9042,5149,3780,3337,7461,4738,3856,3288,4542,4086,3414,3212,-2.12005,-32.2042,8.63466,48.1627
72180,3707,4191,3819,3430,4458,5999,4636,3719,4817,7597,5392,3863,4177,4782,4094,3662,3.50213,-5.28406,8.90397,48.2287
72181,4216,6655,8650,5295,3929,5002,6032,4639,3418,3759,3933,3640,3186,3377,3435,3276,-21.3982,3.83265,8.89644,48.2947
72182,3517,3380,3244,3076,3843,3773,3464,3261,6402,4842,3816,3268,12330,6108,3961,3284,25.8149,-33.6281,8.74598,47.7127
72183,3121,3432,3525,3511,3410,3742,4299,4111,3732,4756,7171,5503,3790,4864,7381,5850,15.8087,9.31733,8.7501,48.132
72184,3154,3335,3381,3406,3327,3671,4083,3923,3621,4366,6260,5522,3722,5029,8803,6870,19.8547,11.2775,8.95372,48.3153
72185,3301,3380,3495,3254,3649,4056,4107,3608,4214,6212,6251,4161,4696,6532,6814,4581,16.7289,-0.0163357,8.8463,48.2073
72186,3450,3377,3270,3028,3994,3888,3656,3293,5748,6251,4324,3488,7370,8453,4817,3653,19.7879,-12.5561,8.89206,48.04
72187,3534,3762,3559,3289,4038,4767,4271,3770,4965,8040,5801,3943,4484,5530,4738,3865,9.16109,-4.5265,8.85453,48.2373
72188,3263,3644,4412,5329,3325,3750,5123,9329,3313,3695,4732,7234,3295,3455,3867,4335,-3.57464,29.0334,8.80983,48.0673
72189,11121,6308,3929,3430,7208,4967,3897,3347,4172,3876,3446,3224,3488,3379,3187,3023,-21.4501,-25.5158,8.59441,48.0013
72190,3790,3662,3491,3211,4717,4746,3801,3395,6951,7447,4372,3583,5859,5627,4183,3493,9.86163,-14.561,8.53279,48.2187
72191,3683,4801,8880,8518,3594,4086,5237,5297,3299,3560,3823,3827,3159,3204,3381,3382,-29.8206,14.2607,8.59259,47.8207
72192,3868,4923,6377,4999,3801,5407,7861,5122,3469,3981,4474,3964,3325,3370,3634,3625,-12.4443,6.2139,8.52317,48.1333
72193,3638,3651,3324,3137,4679,4644,3761,3327,7199,7322,4267,3519,6125,6047,4115,3623,11.4046,-15.1227,8.91071,48.252
72194,4024,4729,4528,3812,4385,6927,6191,4204,4069,5676,5155,3903,3580,3977,3791,3641,-3.86787,-1.60757,8.56089,48.3947
72195,5111,8527,7458,4565,4325,5228,4954,4077,3609,3836,3636,3510,3274,3359,3452,3139,-24.3153,-1.68242,8.88807,48.04
72196,3971,3809,3507,3050,5510,4831,3648,3340,8274,6662,4046,3459,5747,5077,3862,3402,7.48366,-18.2636,8.7607,48.13
72197,3122,3275,3555,3682,3290,3811,4348,4373,3609,4349,7018,6573,3542,4384,6875,6602,14.4124,13.9732,8.67162,48.272
72198,3310,3769,5106,8201,3429,3767,5112,9343,3234,3572,4146,4932,3139,3344,3651,3809,-12.7758,30.9457,8.7278,47.9093
72199,11143,5628,3965,3332,7609,4929,3897,3452,4087,3839,3516,3236,3444,3307,3185,3075,-20.3032,-30.2857,8.78501,47.7627
72200,3135,3119,3347,3405,3253,3495,3908,4076,3379,3762,4929,6142,3370,4036,6612,12060,27.4934,24.1404,8.76755,48.0187
72201,3116,3386,3527,3508,3333,3621,4096,4854,3433,3678,5221,9008,3384,3909,5277,8711,14.3203,29.8755,8.53816,48.0413
72202,3253,3461,4006,4258,3270,3763,4847,7207,3309,3849,4979,9228,3375,3591,4392,5221,3.10934,33.2048,8.98726,48.006
72203,5716,4533,3531,3233,9867,5295,3796,3368,6724,4520,3711,3233,4222,3867,3433,3255,-5.54407,-28.9513,8.98246,48.2027
72204,3136,3293,3436,3386,3194,3339,3743,3868,3406,3783,4736,6186,3494,3898,6198,12423,26.3523,32.5079,8.69363,47.6793
72205,4811,5579,4399,3632,5585,8068,4935,3751,4389,5102,3998,3624,3758,3651,3514,3314,-8.46329,-8.7965,8.6084,48.0733
72206,3087,3628,4224,4981,3353,3854,4986,8809,3316,3787,4740,7697,3248,3498,4025,4518,-1.63718,32.9659,8.79603,47.834
72207,3620,4331,7546,8464,3511,4101,6027,6422,3310,3734,4027,4078,3198,3276,3388,3424,-18.9745,16.6748,8.90472,48.3047
72208,7803,5178,3660,3368,9730,5270,3849,3398,5141,4234,3569,3215,3740,3633,3310,3123,-11.6288,-29.8678,8.85135,48.1473
72209,3252,3715,4281,5141,3342,3784,5480,8199,3451,3662,5069,7467,3244,3586,4108,4573,-1.61308,22.9686,8.68153,48.236
72210,3406,3516,3310,3093,3914,4064,3664,3397,5573,6600,4505,3707,6420,8200,4972,3783,18.4872,-10.3713,8.57748,48.0827
72211,4957,8457,7992,4647,4198,5036,4878,4236,3578,3850,3669,3606,3251,3328,3383,3283,-27.4543,-1.13143,8.7492,48.2327
72212,3189,3295,3281,3246,3567,3740,3786,3545,4328,5058,4856,4102,4920,8545,7844,4726,26.6104,-1.06438,8.67766,48.0187
72213,3383,3480,3347,3249,3667,3872,3637,3323,4734,5223,4482,3816,6031,9975,5900,3911,33.3222,-7.11999,8.95639,48.02
72214,3489,3340,3208,3104,3905,3799,3455,3291,5635,5050,3878,3497,10823,7650,4298,3386,30.2429,-19.3702,8.92638,47.872
72215,3294,3678,4453,5611,3336,3817,5055,9398,3297,3753,4618,6825,3152,3603,3800,4222,-4.55593,29.9663,8.57791,47.9413
72216,3215,3350,3388,3360,3853,4195,3938,3468,4679,6855,5446,4082,5042,7333,5887,4166,16.255,-3.75907,8.96745,48.1713
72217,4037,4291,3912,3404,4988,6613,4772,3665,4986,7286,4919,3686,4157,4478,3891,3560,0.869481,-7.70611,8.67813,48.43
72218,4325,4632,4192,3694,4950,7506,5341,3770,4417,5970,4733,3730,3764,3992,3803,3444,-3.6686,-5.75683,8.94479,48.1753
72219,3463,4161,7406,11255,3406,3822,5070,5923,3304,3509,3784,3981,3072,3094,3453,3307,-26.5279,20.4011,8.98401,48.0067
72220,4316,3851,3463,3218,7215,4555,3678,3314,9408,5043,3743,3249,5311,4374,3616,3326,3.59689,-31.2587,8.96387,47.7867
72221,3470,4475,8441,9572,3438,4044,5143,5574,3136,3468,3863,3859,3229,3251,3407,3444,-32.2663,16.5612,8.5611,47.876
72222,3011,3305,3306,3418,3241,3411,3735,3894,3314,3810,5005,6031,3397,3999,6945,12166,27.8671,23.3834,8.99022,47.992
72223,3633,4539,8677,9126,3405,3991,5171,5416,3352,3580,3910,3963,3190,3338,3392,3368,-33.7116,15.3822,8.70697,48.034
72224,3541,3456,3192,3080,4369,4019,3468,3282,8099,5162,3902,3381,9991,5944,3915,3419,18.4373,-25.2056,8.91616,48.1467
72225,3056,3279,3404,3445,3363,3393,3778,3886,3393,3765,4701,6023,3336,3776,5947,12620,31.1117,30.5219,8.62664,47.4433
72226,3444,3305,3207,3098,3847,3843,3537,3156,5691,4988,4046,3366,10711,7732,4304,3468,28.7819,-19.4883,8.72651,47.8287
72227,6070,6312,4213,3560,6828,7528,4350,3596,4417,4591,3747,3375,3640,3564,3479,3234,-12.2902,-13.756,8.78981,48.336
72228,3453,3364,3173,3167,3875,3609,3353,3275,5942,4857,3805,3341,12573,5948,3908,3383,30.5895,-30.4181,8.56307,47.3507
72229,3659,3664,3496,3100,4495,4765,3837,3382,6256,8091,4650,3533,5512,6122,4264,3671,10.7626,-11.8075,8.8527,48.3313
72230,3737,3596,3344,3201,5080,4225,3574,3184,9278,5347,3861,3369,8112,5155,3836,3353,12.7733,-26.8885,8.84249,48.168
72231,4858,8024,7669,4655,4352,5361,5238,4018,3694,3819,3826,3515,3352,3496,3291,3160,-23.33,-0.631751,8.57469,48.2187
72232,3132,3245,3602,3484,3367,3814,4208,4014,3719,4705,7221,5671,3754,5020,7577,6107,15.881,10.1058,8.89126,48.4267
72233,12614,5959,3810,3335,5939,4740,3837,3451,3964,3639,3484,3286,3454,3322,3237,3174,-30.8029,-29.698,8.77252,47.4967
72234,2948,3251,3459,3407,3226,3345,3793,3975,3406,3930,4776,5965,3341,3990,7087,11892,28.3113,22.7748,8.78995,47.8607
72235,3531,3425,3185,3089,4002,3808,3391,3166,5959,4829,3880,3345,11747,7092,4068,3368,28.1231,-22.2092,8.80323,47.9233
72236,4254,4062,3508,3259,6312,5485,3996,3352,7638,6530,4101,3373,4951,4665,3752,3232,3.13133,-17.5987,8.84875,48.3133
72237,4210,3831,3476,3144,7092,4562,3705,3349,9341,5107,3785,3449,5654,4467,3698,3323,4.31936,-27.6641,8.57341,48.1287
72238,3108,3347,3569,3621,3260,3586,3990,4568,3372,3898,5253,8528,3348,3908,5623,9118,16.213,25.4319,8.50464,48.0647
72239,4372,4313,3654,3309,6043,6436,4080,3587,6454,6554,4100,3475,4483,4375,3773,3306,0.350592,-14.723,8.92398,48.2093
72240,3776,4607,5444,4591,3968,5607,7731,4982,3720,4380,5142,4280,3278,3556,3833,3637,-7.88514,5.35646,8.55691,48.3547
72241,11255,6693,4049,3392,6688,4997,3865,3353,4115,3863,3393,3195,3340,3309,3256,3019,-23.5687,-22.9557,8.72947,47.8547
72242,3291,3289,3454,3266,3495,3776,4016,3770,4013,5201,5909,4579,4326,6627,8097,4988,20.3694,2.66703,8.77647,48.0647
72243,3127,3288,3554,3510,3160,3675,4145,4637,3390,3800,5299,8880,3461,3858,5320,8931,14.9164,33.0841,8.80136,48.0233
72244,3059,3514,3491,3393,3563,3858,4282,3836,3845,5278,7192,4963,3972,5346,7178,5158,15.0901,5.92721,8.58498,47.952
72245,5001,6079,4609,3793,5592,8050,5162,3775,4306,4780,3963,3502,3580,3690,3539,3170,-10.6657,-7.98929,8.66643,48.394
72246,3036,3209,3424,3414,3230,3475,3795,3887,3320,3695,4873,6267,3397,3977,6557,12125,26.5172,24.7032,8.88376,47.7873
72247,3173,3157,3380,3430,3154,3428,3946,3943,3406,3861,5066,6318,3338,4174,7047,11149,24.0096,21.776,8.81262,47.98
72248,3840,4781,5424,4450,3898,5843,7779,4919,3721,4371,4988,4152,3357,3592,3753,3437,-8.47975,4.35974,8.65449,48.2033
72249,3320,3743,5585,10140,3332,3826,5114,8168,3158,3631,3955,4418,3094,3259,3362,3429,-17.7157,31.9995,8.70469,47.6893
72250,3047,3211,3426,3423,3198,3576,3803,4040,3390,3777,4870,6852,3253,3927,5960,12080,23.5241,28.3892,8.87587,47.8887
72251,4049,6063,9191,5815,3657,4692,6133,4735,3324,3691,3996,3738,3161,3191,3404,3329,-20.981,6.75085,8.91223,48.1127
72252,5819,9100,6254,3944,4664,5863,4757,3809,3779,3944,3576,3449,3404,3394,3246,3202,-21.388,-6.14889,8.71717,48.136
72253,3386,3430,3134,3128,3982,3676,3415,3252,6087,4797,3728,3326,12751,5991,3972,3305,29.2924,-30.3098,8.69985,47.5733
72254,3496,3855,5911,12317,3335,3705,4646,5888,3250,3500,3677,3965,3214,3267,3341,3397,-32.73,31.5121,8.6242,47.176
72255,4253,4876,4632,3922,4633,7541,6122,4147,4074,5205,4593,3826,3601,3832,3752,3498,-6.04168,-2.65574,8.94888,48.338
72256,3186,3415,3507,3436,3441,3722,4229,3911,3800,4961,6894,5085,3973,5381,7694,5550,16.5817,7.36931,8.61104,48.1233
72257,3917,3619,3462,3163,5674,4531,3522,3213,9815,5506,3834,3392,6644,4818,3813,3277,8.7665,-25.4711,8.8857,48.1333
72258,4534,7554,9077,4990,4135,4706,4981,4266,3474,3801,3805,3587,3174,3396,3300,3318,-28.6617,2.22886,8.99361,48.0653
72259,3816,3852,3564,3211,4985,5552,4073,3449,6485,7851,4565,3578,4988,5212,4126,3471,6.38635,-12.372,8.54417,48.5187
72260,3382,3678,3875,3695,3638,4275,5098,4261,3936,5530,8002,5120,3785,4557,5404,4429,7.57287,5.68575,8.52168,48.4433
72261,3564,4034,4651,4329,3759,4955,7700,5172,3586,4439,6221,4863,3499,3701,3984,3917,-2.74499,8.2759,8.98813,48.2493
72262,6076,4788,3811,3341,9630,5150,3898,3399,6127,4539,3512,3253,4018,3760,3454,3237,-7.50203,-32.6658,8.65048,47.9953
72263,3764,3650,3245,3218,5149,4275,3501,3259,9462,5364,3991,3414,7292,4922,3785,3359,10.8515,-33.525,8.85526,47.7667
72264,3729,4503,5566,4660,3827,5328,8158,5223,3551,4243,5049,4317,3288,3581,3704,3577,-8.64361,7.24879,8.71262,48.2027
72265,10286,8222,4453,3517,5658,5122,3791,3529,3886,3880,3395,3249,3404,3285,3231,3040,-28.1916,-17.9543,8.87394,47.9653
72266,3225,3389,3254,3290,3675,3796,3890,3579,4308,5529,5618,4286,4619,7666,7589,4785,20.6535,-0.0934793,8.81198,48.332
72267,3316,3393,3344,3141,3729,3840,3552,3421,4768,5243,4343,3804,6539,9823,5764,3909,28.471,-8.20741,8.51809,47.9527
72268,3636,4960,9411,8359,3590,4243,5247,5295,3172,3557,3786,3762,3109,3268,3362,3385,-28.1294,13.0896,8.90324,48.0947
72269,3428,3652,3727,3410,3867,4663,4866,3820,4333,6853,7002,4325,4125,5090,5136,4029,8.20494,0.279162,8.80188,48.2173
72270,7721,9679,5247,3672,5116,5308,4155,3631,3789,3784,3587,3285,3413,3353,3240,3232,-27.0429,-11.6103,8.83274,48.1413
72271,3900,3988,3706,3422,4622,5859,4413,3640,5251,7854,5005,3724,4373,4800,4141,3556,4.30003,-7.7541,8.9087,48.1693
72272,3265,3497,3859,3972,3452,3906,5526,5842,3555,4233,7014,7206,3430,3738,4748,5103,4.26679,15.5807,8.9535,48.2307
72273,3046,3303,3564,3493,3357,3683,4313,4449,3633,4333,6841,6662,3592,4461,6916,6850,15.5501,14.5386,8.70912,48.3307
72274,3188,3253,3409,3341,3281,3554,3789,3968,3505,4193,5229,5282,3675,5013,9415,8124,32.0743,12.8443,8.64608,48.146
72275,10697,5765,4001,3424,7716,5028,3780,3290,4255,3861,3503,3358,3415,3407,3137,3120,-19.5681,-29.8571,8.56869,47.838
72276,12137,5984,3950,3386,6395,4815,3855,3479,3875,3762,3539,3276,3384,3354,3221,3123,-24.9666,-32.8227,8.50477,47.69
72277,6219,9679,6058,3989,4686,5255,4571,3748,3830,3898,3619,3289,3425,3372,3292,3094,-30.9696,-7.15223,8.58926,48.016
72278,4433,6870,7781,4896,4154,5449,6074,4437,3537,3856,4001,3623,3170,3342,3414,3292,-19.167,2.22319,8.90285,48.2193
72279,3274,3877,5829,11290,3460,3813,5016,7181,3200,3511,3890,4178,3123,3142,3374,3466,-21.4979,30.9501,8.62917,47.7493
72280,3311,3918,5968,12832,3344,3816,4664,6041,3303,3446,3633,3840,3151,3243,3307,3340,-29.396,32.9008,8.77821,47.438
72281,3493,3611,3501,3382,3753,4408,4383,3767,4220,6829,6771,4353,4315,5595,5685,4196,11.794,-0.206027,8.65851,48.1747
72282,4469,4066,3414,3284,7985,4828,3704,3314,8586,4996,3809,3332,4967,4168,3587,3236,1.23911,-32.5171,8.77924,47.83
72283,3221,3273,3343,3251,3755,3770,3664,3524,4402,5465,5000,3891,5354,8911,7017,4310,23.2074,-3.32764,8.99377,48.1007
72284,3369,4110,7074,11362,3441,3952,4982,6069,3229,3477,3798,4020,3027,3287,3369,3375,-26.5242,21.9345,8.62383,47.9607
72285,5097,4684,3738,3381,7521,6646,4088,3325,5904,5486,3781,3492,4317,4005,3522,3263,-3.91359,-17.3134,8.57844,48.1667
72286,7061,5948,4102,3415,7804,6725,4054,3337,4677,4381,3754,3239,3592,3618,3268,3025,-12.9284,-17.6566,8.88155,48
72287,3215,3389,3341,3248,3271,3637,3939,3697,3822,4470,5230,4838,3972,6011,9886,6359,28.5507,7.47195,8.52063,48.2167
72288,12685,5981,3991,3394,5870,4697,3686,3306,3852,3748,3375,3127,3372,3325,3252,3168,-32.4362,-32.7147,8.94756,47.2193
72289,12450,6148,3891,3343,6186,4832,3690,3464,4011,3807,3397,3165,3274,3474,3210,3093,-26.6636,-27.4481,8.74755,47.6233
72290,3071,3257,3404,3434,3256,3429,3745,3971,3267,3784,4622,6237,3308,3927,6386,12613,27.0849,26.4197,8.99799,47.8073
72291,3301,3661,4491,5323,3356,3792,5145,9350,3282,3740,4776,6947,3157,3458,3993,4315,-3.87107,33.5524,8.84737,48.058
72292,3584,4876,9414,8190,3502,4145,5303,5047,3294,3545,3871,3879,3134,3330,3384,3377,-32.7971,12.9725,8.85378,47.9167
72293,4206,4522,3901,3447,4923,7197,4915,3732,4892,6575,4682,3759,3941,4301,3861,3475,-1.38497,-7.29834,8.56563,48.2193
72294,4678,5391,4365,3650,5641,8270,5088,3719,4416,5159,4127,3665,3788,3758,3591,3281,-7.82421,-8.55881,8.85497,48.3913
72295,6601,9761,5520,3986,4861,5638,4471,3716,3714,3986,3544,3332,3229,3292,3280,3042,-23.9178,-8.62646,8.97359,47.982
72296,3315,3436,3242,3132,3786,3775,3620,3217,5038,5478,4145,3639,7461,9614,5298,3781,27.1402,-11.4401,8.69051,47.9847
72297,3229,3484,4043,4343,3309,3689,4716,7265,3325,3875,5032,9266,3285,3581,4456,5324,3.16086,31.5735,8.6621,48.148
72298,5181,9012,7637,4449,4269,5101,4676,4030,3555,3860,3764,3445,3275,3437,3342,3171,-28.3709,-2.27242,8.88114,48.136
72299,7300,9614,5425,3814,5023,5252,4257,3631,3795,4004,3477,3320,3340,3345,3248,3227,-28.8891,-10.5263,8.57636,48.048
72300,4300,3943,3364,3228,6788,4707,3643,3411,9387,5149,3889,3415,5501,4432,3640,3418,4.25914,-33.7051,8.68963,48.1433
72301,12071,6566,3873,3209,6089,4866,3907,3289,4044,3780,3495,3168,3420,3345,3165,3085,-27.1089,-24.4094,8.74652,47.5813
72302,3119,3233,3398,3358,3269,3379,3826,3876,3293,3675,4833,5992,3429,3800,5991,12799,28.6339,29.8264,8.86489,47.5133
72303,4158,5840,6511,4661,4207,6048,6923,4483,3723,4051,4312,3691,3317,3517,3559,3372,-14.0914,2.30482,8.5426,48.2487
72304,11634,6027,4082,3471,6949,4895,3776,3446,3971,3811,3470,3184,3420,3334,3220,3209,-22.0042,-33.7112,8.73681,47.9327
72305,3163,3454,3657,3939,3314,3649,4360,5689,3352,3829,5650,9628,3431,3671,4832,6715,8.91846,26.8211,8.62447,48.222
72306,4634,4011,3412,3179,7808,4963,3798,3366,8808,5184,3739,3308,5109,4236,3638,3218,1.72366,-26.8561,8.98756,48.274
72307,3092,3283,3356,3383,3159,3468,3791,3945,3407,3727,5032,6691,3436,4102,6403,11588,23.145,24.2192,8.93938,47.9087
72308,3474,3741,4643,5220,3499,4193,6740,7847,3286,3777,5181,5941,3243,3489,3932,4213,-4.56674,17.7325,8.80477,48.2793
72309,5699,7013,4921,3763,5496,7460,4866,3739,4110,4314,3832,3456,3463,3566,3452,3163,-14.1847,-9.16261,8.61486,48.2087
72310,3966,5853,9826,6456,3748,4358,5255,4748,3431,3636,3866,3675,3236,3360,3396,3352,-30.2391,7.75583,8.52257,48.108
72311,8752,5737,4016,3378,8786,5479,4005,3408,4675,4062,3494,3247,3515,3480,3345,3073,-15.1288,-23.6263,8.91956,48.3013
72312,12563,5965,3968,3468,5922,4818,3695,3411,3837,3796,3406,3271,3363,3401,3141,3134,-29.812,-32.3368,8.77175,47.4393
72313,5808,9507,6410,4253,4542,5510,4705,3830,3650,3822,3523,3424,3325,3324,3308,3212,-23.9606,-5.31083,8.99688,48.102
72314,3229,3415,3289,3252,3844,3858,3618,3368,4930,5286,4242,3683,6801,9978,5592,3876,26.5422,-9.49821,8.91815,48.174
72315,3790,3589,3306,3164,5269,4275,3645,3334,9647,5475,3953,3367,7312,5169,3848,3365,11.3008,-25.654,8.81911,48.3387
72316,3329,3475,3248,3169,3804,3928,3551,3250,5518,5119,3866,3455,9716,8385,4532,3572,30.2883,-16.7579,8.69481,47.9447
72317,3621,4368,6336,5960,3556,4610,7517,6564,3265,3824,4534,4352,3165,3383,3649,3646,-11.9742,13.029,8.87118,48.2333
72318,3217,3601,3760,3772,3512,4127,5423,4508,3717,5029,8279,5585,3598,4257,5261,4664,7.16934,8.87394,8.78542,48.2067
72319,3340,3441,3418,3248,3643,4139,3892,3476,4719,6362,5249,4022,5207,7940,6110,4068,18.0173,-4.65467,8.96993,48.1827
72320,3290,3363,3353,3096,3781,3718,3573,3132,5509,5200,4036,3527,9020,9123,4620,3502,30.7283,-15.2663,8.87971,47.8953
72321,12538,6149,3921,3438,6264,4730,3640,3434,3964,3828,3448,3231,3369,3362,3271,3098,-26.6368,-28.1244,8.72166,47.79
72322,3252,3378,3785,3808,3414,3779,5046,5025,3639,4359,7316,7190,3351,4079,5393,5393,7.64236,14.7024,8.50587,48.138
72323,3508,3372,3258,3044,4252,3997,3583,3307,7956,5109,3825,3316,10433,5842,3896,3401,18.3304,-26.9381,8.68898,48.066
72324,3335,3459,3274,3092,3855,4030,3668,3292,5318,5850,4247,3635,7162,8965,5001,3810,22.6747,-11.7611,8.56931,47.9953
72325,3091,3237,3360,3320,3310,3514,3666,3893,3383,3753,4837,6160,3364,4062,6060,12741,27.0718,31.8956,8.89357,47.834
72326,3726,3772,3227,3098,5316,4243,3548,3354,9750,5193,3722,3380,7552,4999,3709,3381,10.9965,-29.8098,8.68341,47.98
72327,7119,4845,3763,3343,10029,5333,3663,3366,5429,4282,3539,3293,3813,3607,3223,3142,-9.99226,-30.426,8.85406,47.8593
72328,3190,3292,3536,3383,3537,3916,4006,3722,3915,5370,6400,4586,4217,6224,7833,5210,18.4825,3.98853,8.62246,48.2247
72329,3331,3391,3194,3215,3924,3810,3430,3179,6144,4915,3765,3340,12024,6594,4038,3332,26.1552,-23.9876,8.88709,47.7507
72330,6095,4832,3624,3255,9244,5813,3862,3407,5756,4705,3645,3239,4048,3748,3382,3310,-7.42762,-22.2857,8.74008,47.9767
72331,3174,3345,3620,3552,3370,3727,4218,4271,3534,4339,6806,6671,3635,4328,6785,6917,15.1766,14.9817,8.57096,48.1947
72332,4484,6805,7232,4610,4212,5823,6033,4279,3547,4019,3913,3686,3357,3378,3368,3290,-17.8084,0.882248,8.9293,48.024
72333,3106,3321,3650,3719,3202,3632,4338,5062,3433,3970,5913,9029,3456,3892,5288,7225,11.8304,22.2702,8.75136,48.1573
72334,3300,3716,4481,5399,3339,3739,5076,9575,3325,3694,4607,6886,3262,3436,4059,4166,-4.34512,32.0595,8.57683,48.04
72335,4495,7550,9074,5283,3970,4733,5025,4336,3382,3662,3771,3584,3307,3311,3284,3204,-28.2279,2.30583,8.90998,47.9807
72336,3472,3428,3416,3191,3784,4114,3769,3444,5046,6547,4699,3760,5870,8471,5463,3927,18.8969,-8.03026,8.80014,48.2673
72337,4857,6338,5096,3926,4890,7664,5553,3937,4024,4611,4131,3575,3508,3579,3527,3287,-12.5715,-4.86283,8.68336,48.3353
72338,3994,3738,3422,3156,6241,4547,3679,3308,9626,5409,3735,3315,6110,4623,3789,3244,6.90589,-25.7974,8.66867,47.9573
72339,4948,4256,3528,3273,8858,5096,3682,3338,7608,4887,3667,3331,4476,4027,3435,3332,-1.92623,-33.5736,8.9295,47.828
72340,4038,3789,3424,3245,5960,4437,3746,3312,9712,5505,3773,3415,6114,4725,3828,3274,7.45124,-24.5042,8.85088,48.198
72341,3386,3969,5511,7321,3381,3974,6275,8482,3318,3594,4319,4810,3079,3276,3575,3658,-12.3929,20.3608,8.93444,47.952
72342,3085,3158,3364,3478,3318,3654,3906,4156,3533,4195,5907,6659,3541,4292,7257,8948,19.489,17.7267,8.96199,48.3007
72343,3177,3317,3452,3641,3264,3516,4064,4474,3515,3819,5113,8511,3318,3878,5524,9403,15.8749,33.2993,8.63987,47.9907
72344,3165,3207,3375,3353,3204,3484,3731,3947,3468,3909,5099,5770,3536,4358,8220,10195,27.5155,17.7023,8.90376,48.014
72345,8080,9038,4834,3593,5612,5544,4101,3488,3820,4008,3641,3263,3398,3272,3244,3088,-23.6076,-13.661,8.81751,48.016
72346,3341,3490,3394,3255,3711,3726,3637,3399,4750,5125,4606,3814,5975,9639,6212,4035,30.8172,-6.70298,8.69573,48.0727
72347,3257,3322,3427,3141,3826,3956,3668,3414,4585,5951,4710,3829,5732,8983,6184,4148,22.0284,-5.76732,8.62515,48.0887
72348,3862,5203,8976,7118,3652,4340,5882,5232,3357,3621,4002,3792,3067,3394,3375,3345,-22.3106,10.7863,8.53933,48.1453
72349,3285,3336,3178,3215,3821,3754,3517,3217,5358,5271,4086,3498,8874,9070,4828,3611,27.5785,-14.1968,8.76914,47.946
72350,3476,3800,5409,7706,3549,3900,5643,9139,3240,3555,4193,4894,3064,3371,3774,3695,-12.6595,23.5807,8.63661,48.272
72351,3539,3910,4458,4047,3817,4849,7009,5037,3776,4770,6814,4971,3494,3994,4296,3969,-0.901694,7.01167,8.76643,48.5
72352,8394,5412,3851,3508,9141,5150,3918,3317,4805,3969,3631,3223,3664,3518,3459,3060,-13.9649,-25.5576,8.98639,48.0133
72353,3169,3237,3289,3416,3240,3521,4020,4046,3545,3987,5474,6243,3599,4504,7838,9153,22.033,17.2861,8.65762,48.1873
72354,5493,4449,3614,3291,9284,5209,3778,3297,7061,4753,3691,3327,4281,4029,3433,3201,-3.64977,-27.3938,8.81486,48.1273
72355,4050,3715,3370,3166,6052,4398,3639,3274,9888,5266,3852,3365,6286,4655,3630,3219,7.46682,-30.2471,8.62714,47.8833
72356,5025,7934,6357,4389,4605,6270,5307,3969,3749,4052,3776,3524,3285,3375,3399,3271,-18.6906,-3.62942,8.75822,48.1913
72357,3247,3277,3379,3224,3424,3584,3834,3754,3863,4421,5379,4694,3862,6161,9809,6057,26.8088,6.51468,8.75493,47.9793
72358,3360,3736,4690,5552,3283,3958,6204,8698,3358,3825,4860,5913,3323,3430,3889,4099,-5.89391,20.7255,8.63634,48.1187
72359,3406,3417,3190,3199,4085,3850,3461,3201,6775,4774,3832,3386,11813,5871,4015,3370,23.6255,-29.468,8.54283,47.7633
72360,3506,3373,3371,3119,4098,3807,3463,3175,6008,5079,3818,3371,11747,6922,4141,3343,31.8062,-22.3146,8.77014,48.2273
72361,3534,4211,7818,10762,3459,3848,4946,6032,3207,3485,3816,3888,3049,3121,3349,3390,-26.4886,19.6342,8.93843,47.9433
72362,4360,5755,5590,4144,4421,7058,6433,4152,3844,4483,4265,3786,3477,3599,3637,3389,-11.6926,-1.48519,8.76302,48.262
72363,3131,3431,3516,3668,3259,3586,4170,4285,3421,3980,5753,7132,3410,4101,6489,8962,17.9264,20.0661,8.53811,48.196
72364,3858,4412,4188,3622,4593,6957,5416,4038,4318,6376,5210,3830,3835,4303,3998,3557,-1.2492,-3.50476,8.81814,48.3407
72365,3132,3288,3403,3539,3184,3543,4177,4561,3372,3944,5788,8387,3456,4019,6028,8845,15.9934,22.1563,8.95943,48.444
72366,3325,3651,4161,3989,3670,4530,6469,4846,3652,4978,7481,5270,3467,3884,4545,4274,2.27803,8.07229,8.9626,48.128
72367,3333,3865,5420,8587,3357,3901,5201,9016,3339,3596,4207,4793,3138,3267,3540,3716,-14.0589,27.4387,8.56131,48.184
72368,3131,3178,3462,3369,3302,3576,3823,3903,3467,4015,5334,5475,3643,4675,8667,9043,26.282,15.4756,8.66768,48.042
72369,5674,6605,4385,3743,6043,7469,4744,3603,4258,4434,3746,3442,3635,3627,3501,3180,-12.9999,-10.7608,8.59632,48.0593
72370,3416,3365,3242,3162,3956,3867,3522,3289,5273,5181,4104,3553,8117,9515,4833,3529,33.9924,-13.2237,8.96283,47.9493
72371,3117,3235,3338,3345,3323,3382,3702,3812,3367,3762,4802,6103,3366,4025,6548,12394,29.9104,24.227,8.89807,47.7473
72372,3581,3882,4255,3742,3932,5177,6107,4374,3955,5503,6983,4486,3718,4108,4405,4056,2.03408,3.32793,8.75377,48.176
72373,3893,5222,7008,5229,3880,5267,7453,5080,3485,3934,4230,4009,3218,3360,3565,3502,-14.2057,6.61896,8.87427,48.2233
72374,3345,4047,6070,10927,3335,3765,5112,7215,3245,3556,3856,4076,3185,3189,3471,3484,-20.6677,25.7004,8.79791,47.9187
72375,3150,3315,3425,3431,3425,3876,4147,3979,3791,4742,7063,5332,3887,4982,7665,5840,16.4847,8.83315,8.54608,48.0333
72376,4245,4001,3473,3220,6316,5103,3756,3266,8022,6194,4036,3473,5258,4621,3788,3323,4.22631,-19.687,8.53483,48.0633
72377,3374,3329,3231,3116,4094,3850,3471,3263,7059,4925,3835,3406,11354,5779,3991,3402,21.3482,-33.4476,8.90088,47.6527
72378,3379,3690,3422,3217,3795,4161,3970,3722,4487,6543,5689,4123,4712,7069,6181,4280,16.1165,-2.12806,8.62763,48.2933
72379,3595,3689,3531,3318,4278,5028,4193,3551,5324,8065,5399,3864,4601,5644,4647,3706,8.94305,-6.9234,8.67813,48.2887
72380,3359,3592,3568,3490,3725,4323,4286,3796,4378,6744,6738,4337,4286,5850,5829,4214,12.5706,-0.244495,8.5398,48.3433
72381,3434,4294,7814,10593,3387,3938,5106,5792,3215,3580,3799,3987,3135,3315,3441,3390,-33.8399,18.837,8.80416,48.1467
72382,4727,6220,4817,3836,5032,7857,5423,4016,3930,4519,4113,3561,3541,3672,3532,3352,-11.4663,-5.59973,8.84834,48.0987
72383,5779,4636,3599,3293,9585,5617,3823,3252,6482,4705,3609,3256,4120,3834,3458,3264,-5.97009,-24.3798,8.89092,48.208
72384,9166,5347,3874,3335,9014,5066,3805,3304,4554,4118,3581,3274,3515,3560,3252,3080,-15.2289,-29.5078,8.72491,47.8967
72385,3674,3581,3291,3059,5058,4286,3459,3268,9353,5594,3837,3343,7806,5323,3952,3309,12.3645,-23.6599,8.98091,48.1287
72386,4064,4217,3580,3280,5219,6100,4249,3545,6043,7570,4593,3584,4605,4716,3846,3443,3.15735,-12.0007,8.66179,48.436
72387,3784,5102,8719,6673,3661,4507,6352,5488,3505,3660,3958,4039,3048,3224,3418,3290,-19.7417,10.3327,8.7483,48.2853
72388,5191,4879,3913,3334,7534,6944,4126,3445,5603,5221,3909,3456,4008,3969,3495,3241,-5.52753,-16.4746,8.93919,48.1787
72389,3127,3304,3314,3232,3512,3653,3778,3549,4059,4800,5234,4353,4456,7359,9116,5199,26.2947,2.7655,8.85454,48.03
72390,3352,3804,5319,8534,3374,3783,5094,9201,3305,3577,4116,4897,3120,3337,3587,3601,-13.9498,28.847,8.66578,48.0007
72391,5230,5038,4006,3423,7116,7437,4314,3565,5177,5264,3802,3416,3977,3821,3494,3209,-6.18914,-14.6402,8.76517,48.1927
72392,3139,3364,3556,3705,3262,3585,4181,5217,3413,3870,5308,9681,3435,3863,5185,7374,11.2244,25.5214,8.65173,48.092
72393,6700,8845,5030,3772,5395,6344,4426,3595,3897,3909,3703,3334,3460,3533,3240,3141,-19.8456,-10.8247,8.96946,48.216
72394,3297,3405,3900,4311,3353,3635,4671,7101,3334,3786,5078,9395,3283,3574,4397,5337,3.43524,30.7308,8.73021,47.9047
72395,12192,5850,3925,3418,6603,4764,3712,3455,4076,3817,3440,3180,3336,3347,3238,3176,-24.5069,-32.0569,8.7608,47.686
72396,3059,3199,3453,3354,3313,3498,3960,4252,3446,3827,5078,7810,3515,3886,5682,10542,18.93,32.997,8.71055,47.916
72397,3418,3298,3228,3002,3912,3704,3432,3190,5906,4920,3691,3362,11832,7050,4018,3415,32.0746,-22.5714,8.99698,47.5853
72398,3307,3600,4415,5552,3392,3754,5183,9166,3352,3735,4659,6939,3201,3493,3923,4329,-3.78374,28.9917,8.51626,48
72399,3080,3220,3338,3436,3232,3489,3812,4040,3411,4001,5022,5929,3480,4269,7868,10567,26.3935,19.0888,8.5175,48.1293
72400,7697,9300,5055,3772,5370,5643,4365,3567,3716,3905,3489,3325,3411,3276,3259,3110,-23.868,-12.0225,8.90018,48.1733
72401,3502,3582,3464,3174,4025,4264,3774,3377,5512,7481,4709,3846,5732,7239,4938,3709,15.0999,-8.82553,8.99574,48.2187
72402,3345,4009,6441,11499,3368,3882,4944,6701,3171,3502,3854,4085,3132,3238,3392,3436,-23.4462,24.7187,8.63559,47.9993
72403,3173,3404,3318,3219,3871,3796,3468,3275,5187,5385,4160,3585,8235,9411,4977,3638,28.0056,-13.2902,8.75676,48.068
72404,3272,3481,4183,5030,3306,3670,5061,8750,3308,3639,4880,7712,3328,3538,4051,4502,-1.52056,30.6185,8.62332,47.8073
72405,3662,3730,3197,3103,4738,4283,3656,3272,8046,6233,4150,3434,7338,5811,4010,3553,13.1288,-18.7297,8.71441,48.144
72406,4374,3954,3321,3140,7278,4661,3699,3295,9350,5113,3804,3357,5381,4366,3613,3284,3.57111,-29.66,8.90769,47.9933
72407,4540,5823,4939,3871,4979,7905,5648,3897,4078,4811,4199,3673,3525,3655,3649,3264,-10.2446,-4.73087,8.9471,48.304
72408,10845,5677,3909,3404,7448,4912,3852,3366,4141,3951,3429,3294,3418,3448,3329,3166,-19.9093,-32.8314,8.8127,47.726
72409,3473,4315,8330,9927,3381,4051,5287,5492,3156,3585,3692,3983,3082,3247,3454,3364,-30.8809,17.5177,8.71076,47.8793
72410,3437,3979,4835,4697,3627,4392,7540,6606,3478,4088,5523,5109,3245,3600,4092,4003,-4.8617,12.8567,8.73594,48.1673
72411,4545,4215,3569,3328,6606,6119,4060,3362,6751,6258,4088,3435,4661,4358,3627,3486,0.367119,-16.3862,8.71554,48.312
72412,6083,4593,3522,3288,9795,5326,3740,3391,6420,4552,3693,3344,4038,3831,3449,3106,-6.38765,-28.461,8.59414,48.114
72413,4923,4421,3533,3252,8876,5114,3737,3270,7504,4964,3677,3316,4404,4087,3560,3329,-1.95294,-33.697,8.96362,47.978
72414,3603,4358,7614,10415,3531,3944,5262,6022,3296,3498,3845,3980,3122,3117,3336,3351,-24.3332,18.6668,8.65814,48.196
72415,3142,3348,3313,3287,3322,3537,3719,3875,3635,4178,5356,5041,3685,5262,9645,7622,28.7479,11.6146,8.64404,47.978
72416,3442,4091,7428,11312,3349,3874,4931,5757,3193,3436,3881,3885,3104,3215,3355,3420,-33.1136,20.865,8.93485,47.782
72417,3644,3424,3229,3207,4709,4069,3491,3168,8945,5200,3655,3324,8811,5326,3950,3349,14.7233,-31.3403,8.7687,47.6673
72418,3237,3347,3273,3083,3956,3800,3490,3345,5915,5256,4085,3423,9705,8329,4588,3466,25.7528,-16.9881,8.62295,48.1987
72419,5043,4850,3894,3503,7066,7500,4371,3464,5365,5398,3791,3308,3997,3958,3538,3148,-5.34355,-14.4045,8.85472,48.1293
72420,3491,3539,3306,3199,4171,4151,3518,3335,6609,5768,4017,3506,8542,7307,4236,3443,19.1353,-17.5797,8.551,48.092
72421,6085,8661,5671,3896,4778,6287,4679,3844,3820,4099,3733,3345,3342,3560,3223,3059,-20.302,-7.38037,8.61963,48.0547
72422,3113,3193,3367,3460,3357,3408,3796,3927,3454,3822,4675,5932,3330,3888,6024,12825,29.297,32.3243,8.68128,47.714
72423,3245,3433,3354,3254,3608,3938,3806,3597,4470,5811,5351,4169,5056,8029,6873,4361,20.1262,-2.23153,8.85149,48.2367
72424,10832,6864,4134,3467,6574,5179,3868,3382,4056,3935,3405,3288,3400,3432,3217,2966,-23.3,-22.1208,8.75208,47.9993
72425,3200,3433,3344,3318,3568,3741,3645,3426,4111,4847,4994,4182,4773,8095,8386,4857,30.5023,0.549436,8.64137,47.9467
72426,4527,4437,3697,3361,6900,6484,4145,3499,6266,6024,4045,3300,4314,4282,3599,3354,-1.49211,-16.2514,8.858,48.156
72427,3386,3475,3253,3144,3941,3787,3496,3254,6018,5123,3903,3435,10641,7612,4203,3548,25.5002,-19.626,8.78777,48.146
72428,3261,3435,3714,3771,3226,3628,4315,5639,3250,3854,5175,9755,3369,3734,4784,6822,9.23411,30.1881,8.61327,47.8213
72429,5054,9253,7111,4412,4486,5181,4667,3927,3569,3724,3757,3527,3262,3349,3307,3239,-31.6819,-3.23328,8.69773,47.8833
72430,3235,3875,5388,8516,3448,3896,5414,9127,3344,3564,4090,4703,3043,3244,3469,3654,-14.3159,27.4064,8.84716,48.0067
72431,6411,4809,3811,3302,9849,5313,3835,3449,5984,4505,3656,3175,3938,3733,3437,3175,-7.72917,-27.0771,8.99337,48.2547
72432,3165,3423,3835,4077,3275,3678,4717,6227,3434,3818,5566,9366,3260,3653,4577,5826,5.99021,23.5169,8.75169,47.9313
72433,3273,3396,3273,3258,3622,3740,3707,3508,4482,5078,4676,3911,5541,9223,6931,4358,31.1243,-4.31757,8.86149,47.9847
72434,3316,3607,4419,4855,3329,3879,5645,8193,3362,3829,5255,7449,3254,3651,4073,4556,-1.28194,21.7663,8.84975,48.448
72435,4275,3955,3470,3105,6639,4768,3719,3468,8970,5616,3809,3379,5467,4550,3638,3186,4.4161,-23.4527,8.53725,48.0093
72436,3574,4839,9373,8173,3580,4244,5264,5266,3239,3564,3842,3902,3043,3230,3382,3303,-33.3878,13.4549,8.96691,47.8787
72437,3375,3787,5177,8322,3306,3777,5154,9461,3206,3518,4173,4770,3115,3365,3589,3659,-13.518,29.3443,8.83483,47.836
72438,7070,9251,4964,3680,5279,5903,4416,3599,3806,3892,3553,3383,3349,3421,3291,3089,-22.2715,-10.9932,8.6763,47.964
72439,3173,3260,3378,3368,3366,3650,3784,3760,3655,4299,5350,4863,3924,5374,9802,7164,28.4493,9.88917,8.61655,48.1133
72440,3374,3908,6239,12501,3411,3819,4851,5967,3155,3337,3794,3955,3162,3262,3343,3419,-31.3229,25.9066,8.71249,47.6647
72441,10052,6436,4104,3464,7204,5292,3942,3474,4254,3863,3529,3346,3422,3494,3272,3071,-19.9608,-22.1146,8.55109,48.146
72442,7894,5284,3837,3364,9198,5431,3785,3401,4907,4148,3542,3289,3617,3574,3346,3302,-12.9141,-26.2461,8.51065,47.946
72443,3405,3357,3157,3116,3864,3931,3654,3256,5984,4881,3812,3431,11249,7207,4120,3461,27.9189,-21.5877,8.55938,47.9233
72444,3188,3255,3437,3351,3385,3424,3709,3719,3358,3645,4714,5805,3367,3883,5923,12941,30.4946,30.9321,8.96493,47.4027
72445,9436,5678,3934,3445,8309,5269,3824,3457,4403,4052,3546,3316,3459,3441,3239,3077,-17.1409,-25.3813,8.68274,47.9233
72446,3433,3409,3346,3196,3767,4014,3637,3281,4868,5786,4463,3707,6607,9575,5417,3835,23.4232,-9.10947,8.72278,48.2273
72447,4433,6309,6442,4494,4233,6336,6364,4362,3526,4082,4126,3692,3332,3438,3449,3430,-15.1932,0.427092,8.86211,48.032
72448,4043,4697,4518,3833,4466,7239,6532,4152,4007,5353,5037,3939,3626,3795,3731,3465,-5.0224,-1.41866,8.94508,48.2887
72449,3302,3431,3409,3134,3785,3913,3720,3358,4797,6146,4823,3953,5851,8917,5974,4054,20.6044,-6.25633,8.96828,48.378
72450,12786,6226,3985,3396,6022,4705,3765,3424,3848,3874,3365,3173,3368,3410,3236,3150,-30.5141,-27.0226,8.96662,47.822
72451,5116,4762,3881,3384,7667,6801,4172,3430,5901,5158,3883,3449,3961,4009,3478,3267,-4.61731,-16.976,8.94345,48.2127
72452,3184,3444,3728,3888,3280,3763,4454,5592,3382,3855,5667,9440,3275,3702,4911,6501,8.84773,23.8601,8.77625,48.044
72453,3777,4902,6457,5098,3937,5133,7794,5341,3514,3870,4625,4136,3197,3546,3690,3462,-12.2376,7.57955,8.5652,48.3193
72454,3288,3499,3628,3437,3500,4024,4947,4166,3798,5486,8247,5091,3747,4676,5917,4715,9.99618,6.54983,8.79733,48.1107
72455,7859,9616,5041,3786,5173,5161,4192,3568,3730,3789,3629,3303,3381,3370,3223,3160,-29.5921,-12.433,8.74996,47.9873
72456,3100,3269,3354,3308,3175,3508,3859,4008,3526,4102,5087,5551,3492,4574,8844,9459,26.8501,16.029,8.80463,48.144
72457,3386,3882,5626,10356,3398,3814,5073,7989,3229,3515,4081,4306,3084,3255,3331,3493,-18.6546,30.9533,8.5504,47.8787
72458,3506,4241,8058,10526,3417,4033,5126,5622,3235,3508,3771,3847,3058,3300,3459,3322,-29.2786,18.5137,8.86453,48.0193
72459,3925,5560,9912,6754,3695,4483,5180,4781,3345,3650,3854,3677,3109,3291,3409,3321,-31.9719,9.35073,8.50288,47.964
72460,3470,4099,6438,11358,3391,3749,5014,6866,3235,3449,3848,4081,3002,3300,3449,3383,-22.4867,24.0035,8.74996,48.088
72461,3912,5667,9209,6444,3704,4434,6044,4981,3373,3669,3841,3784,3204,3317,3489,3395,-22.7778,8.72075,8.62986,48.3113
72462,3158,3196,3481,3381,3213,3436,3808,4077,3526,3906,5262,6903,3356,4100,6785,10598,21.1526,21.9046,8.95529,48.124
72463,6817,4921,3832,3347,9894,5335,3779,3422,5397,4449,3683,3255,3855,3567,3322,3170,-9.83445,-33.6368,8.55799,48.03
72464,3230,3763,5096,7392,3399,3806,5271,9735,3206,3672,4254,5143,3109,3364,3499,3719,-11.3706,33.3878,8.81837,47.772
72465,3473,3417,3226,3150,3876,3875,3515,3211,5836,5016,4081,3368,10697,7628,4161,3364,32.0118,-19.1355,8.61552,47.9293
72466,3252,3450,3641,3596,3487,4141,4868,4161,3844,5214,8156,5355,3840,4633,6034,4903,10.182,7.84339,8.67789,48.3833
72467,3046,3230,3545,3758,3292,3563,4164,4714,3292,3887,5530,8614,3224,3925,5819,8282,14.3912,22.9255,8.74538,47.9233
72468,3623,3584,3182,3081,4582,3957,3534,3178,8830,5162,3828,3421,9247,5484,3812,3404,15.4637,-31.3975,8.50036,47.9393
72469,11507,6219,4006,3380,6798,4972,3857,3357,3951,3952,3645,3307,3438,3308,3223,3157,-22.7549,-24.9288,8.78841,48.0513
72470,3453,3384,3242,3054,4180,3903,3566,3200,7049,5097,3884,3374,10529,6554,4063,3437,20.8726,-22.6375,8.5262,47.9793
72471,3550,3428,3294,2981,4536,4012,3368,3210,8512,5191,3843,3347,9741,5572,3930,3375,16.7834,-27.0721,8.96552,47.9267
72472,6494,6394,4442,3474,6836,7202,4403,3453,4380,4300,3687,3418,3602,3544,3304,3077,-13.6683,-14.1583,8.98921,48.0067
72473,6799,9830,5735,3883,4770,5481,4341,3582,3775,3843,3614,3388,3334,3329,3291,3135,-27.8304,-8.99491,8.5603,48.0867
72474,4648,6701,6659,4540,4304,6133,6058,4347,3691,3996,4137,3582,3277,3538,3451,3279,-16.8571,0.0357489,8.58493,48.2273
72475,7410,5297,3787,3163,9637,5517,3771,3279,5303,4261,3608,3336,3723,3699,3270,3169,-11.2771,-26.0602,8.99176,48.1533
72476,3936,4968,6196,4782,3811,5621,7672,4952,3544,4108,4555,4141,3349,3425,3535,3501,-11.6005,5.48482,8.51162,48.064
72477,3508,3707,3985,3729,3737,4650,5705,4474,3852,5513,7628,5033,3673,4311,4728,4166,4.159,5.39919,8.73177,48.266
72478,3654,3576,3193,3177,5241,4263,3496,3271,9647,5215,3868,3412,7576,5121,3830,3244,11.5893,-31.7511,8.77986,47.856
72479,3369,4120,6496,11805,3421,3838,4970,6573,3076,3420,3830,3896,2973,3297,3391,3444,-24.5929,24.0922,8.94954,47.946
72480,3470,4178,6991,11418,3394,3802,4924,6205,3295,3491,3872,3957,3032,3235,3308,3386,-25.6616,22.174,8.6317,47.972
72481,3165,3322,3580,3628,3286,3622,4231,5323,3417,3978,5280,9805,3368,3848,5002,7153,10.479,32.897,8.65379,48.0053
72482,3864,3769,3431,3250,5017,4798,3786,3252,7571,7154,4378,3609,5837,5414,3883,3472,8.68069,-16.0982,8.65068,48.3233
72483,3503,4062,5428,5699,3562,4380,7561,7249,3353,3902,4891,4784,3293,3460,3560,3729,-8.86765,14.7639,8.99802,48.2773
72484,3859,4614,4905,4081,4190,6314,7305,4609,3824,4775,5154,4052,3585,3812,3884,3532,-6.52435,1.85521,8.76856,48.33
72485,3759,4515,5746,4944,3631,5137,8399,5571,3453,4056,4823,4177,3201,3531,3731,3686,-9.42153,8.3438,8.96244,48.24
72486,4733,8123,8408,4927,4032,4977,5155,4179,3610,3678,3735,3569,3206,3363,3325,3227,-25.5739,0.53332,8.90797,48.1647
72487,3480,3416,3237,3246,3895,3786,3378,3277,5908,4709,3784,3471,12320,5991,3939,3287,33.3441,-33.9497,8.62,47.416
72488,3169,3298,3500,3724,3320,3664,4279,4627,3593,4138,6411,7626,3504,4004,6242,7403,14.4504,18.1071,8.56833,48.3347
72489,4659,4653,3876,3417,5979,7443,4421,3657,5298,6120,4263,3525,4025,4155,3652,3339,-2.66467,-11.8862,8.79586,48.3213
72490,3132,3186,3419,3287,3318,3545,3851,3913,3640,4345,5753,5093,3872,5354,9460,6730,23.596,10.042,8.64547,47.932
72491,3547,3587,3314,3161,4643,4208,3622,3294,7846,6104,4015,3428,8131,6201,4143,3358,14.9479,-19.835,8.81309,48.4013
72492,3330,3855,5797,10133,3477,3850,5169,7980,3223,3592,3913,4415,3113,3216,3488,3605,-18.0093,26.6496,8.50845,48.104
72493,3281,3636,4193,4759,3349,3819,5538,8191,3345,3807,5299,7541,3223,3598,4054,4483,-1.23094,21.7656,8.95862,48.0773
72494,3234,3386,3291,3086,4039,3879,3554,3288,5349,5549,4240,3657,7713,9227,4954,3689,24.2405,-12.7866,8.58956,48.09
72495,3308,3398,3400,3112,3692,3844,3838,3398,4721,5933,4849,3936,5455,8669,6403,4214,21.3871,-4.85414,8.53418,48.1133
72496,3229,3741,4768,6095,3325,3970,5935,9452,3287,3604,4545,5872,3244,3400,3746,3982,-7.27614,22.3307,8.94288,48.13
72497,3185,3339,3515,3526,3258,3544,4073,4362,3424,3915,5025,8488,3414,3906,5370,9837,17.0098,30.5932,8.51824,48.1207
72498,3949,3740,3339,3153,5462,4557,3651,3290,9093,6262,3998,3389,6142,5116,3808,3376,8.55669,-20.7043,8.92153,48.2167
72499,3498,3435,3250,2960,4303,3990,3507,3199,7896,5045,3877,3452,10384,5773,3944,3313,18.3735,-26.7078,8.88958,47.884
72500,3552,3513,3251,3026,4410,4117,3558,3316,7716,5700,4074,3357,8425,6325,3962,3470,16.3123,-20.0143,8.70768,47.848
72501,3308,3382,3315,3145,3813,3808,3574,3274,5056,5417,4225,3646,7286,9608,5497,3845,27.9774,-10.0479,8.67631,48.1327
72502,5376,4517,3684,3426,9245,5100,3890,3342,6756,4777,3732,3411,4177,3891,3386,3217,-4.47575,-33.7606,8.69397,47.9513
72503,3234,3328,3462,3489,3415,3690,4081,4067,3658,4543,6639,5607,3764,4854,8002,6316,17.579,10.6519,8.78938,48.0993
72504,11430,5886,3887,3364,7274,4962,3804,3340,4100,3820,3437,3216,3407,3301,3188,3043,-21.2107,-33.1858,8.90394,47.6393
72505,3568,3898,4229,3888,3983,5247,6342,4374,3979,5405,6721,4581,3609,4133,4406,3948,1.06069,3.59489,8.8359,48.2073
72506,4803,6490,5617,3989,4643,7369,5925,4009,3790,4263,3949,3606,3459,3579,3445,3301,-13.9388,-3.30845,8.85746,48.158
72507,3732,3520,3423,3018,4602,4197,3605,3176,8338,5912,3954,3475,7957,5881,4088,3398,14.1959,-21.3455,8.69386,48.184
72508,3867,5454,9808,6975,3601,4157,5314,5003,3294,3580,3942,3759,3209,3257,3456,3319,-33.4102,9.79356,8.81528,47.9967
72509,3419,3587,3821,3670,3665,4401,5615,4441,3780,5420,7869,5072,3764,4358,4980,4374,5.45307,6.25387,8.74559,48.1573
72510,12761,5976,3894,3460,6281,4734,3739,3403,3845,3753,3482,3228,3445,3340,3306,3174,-26.335,-31.1539,8.9846,47.8807
72511,4609,4210,3723,3254,6827,6268,4019,3524,6684,6077,4088,3442,4424,4335,3648,3257,-0.272223,-16.7183,8.74491,48.2593
72512,3103,3345,3717,3704,3369,3644,4567,5083,3408,3961,6222,8694,3316,4046,5312,6756,10.7208,20.1742,8.56981,48.1647
72513,5555,4403,3558,3227,9577,5208,3699,3366,7070,4737,3695,3226,4428,3948,3480,3118,-4.12231,-27.2372,8.9534,48.1967
72514,3936,3817,3407,3177,5441,4899,3698,3299,8320,6598,4099,3391,5620,5069,3830,3484,7.15287,-18.3101,8.98346,48.0567
72515,3208,3287,3313,3305,3294,3371,3748,3959,3353,3765,4848,6158,3433,4008,5945,12627,27.5443,32.6849,8.92264,47.748
72516,3836,5359,7957,5620,3784,5063,6997,5035,3396,3894,3959,3867,3126,3394,3433,3385,-17.5216,7.00839,8.80959,48.07
72517,7203,5219,3836,3281,9522,5727,3805,3389,5308,4347,3652,3271,3735,3689,3404,3210,-10.7065,-23.4657,8.87556,48.3987
72518,3619,3818,3845,3426,3818,4995,4938,3956,4351,6931,7159,4270,4073,4817,4776,4010,6.56855,-0.0132927,8.91641,48.5347
72519,3354,3513,3242,3015,4107,3875,3479,3203,7065,5056,3857,3310,11003,6123,4010,3452,21.3899,-24.6118,8.74421,47.776
72520,3464,4076,4864,4702,3594,4522,7944,6207,3380,4084,5622,5091,3297,3660,4001,3814,-4.80359,11.2921,8.91517,48.2147
72521,3287,3451,4068,4134,3392,3813,5343,5800,3390,4131,6928,7870,3407,3758,4651,5242,4.80397,17.0675,8.77511,48.4433
72522,3125,3218,3294,3211,3329,3439,3708,3968,3396,3822,4826,6547,3349,3968,6159,12271,24.9146,33.2317,8.67769,47.7533
72523,3120,3325,3637,3929,3337,3582,4282,5391,3355,3953,5310,9656,3326,3862,5087,7183,10.3462,26.9305,8.74884,48.2233
72524,3401,3376,3258,3146,3877,3658,3389,3261,6330,4709,3895,3374,12356,6098,3899,3359,25.2556,-33.9013,8.97408,47.5907
72525,4179,6546,9659,5708,3943,4475,5320,4639,3423,3660,3905,3670,3180,3379,3322,3260,-25.823,5.62974,8.77556,48.1787
72526,3257,3229,3370,3251,3487,3730,3763,3643,3850,4685,5134,4430,4197,6924,9597,5606,29.5926,4.48786,8.6508,48.102
72527,4294,4518,3934,3490,5553,7351,4669,3677,5032,6350,4380,3837,4065,4089,3652,3412,-2.30874,-9.73884,8.65305,48.202
72528,3247,3511,3351,3138,3822,3831,3610,3330,5066,5300,4209,3608,7472,9724,5098,3685,32.4007,-11.2536,8.96492,48.0013
72529,7036,5678,4036,3407,8233,6392,4130,3382,4840,4372,3656,3372,3739,3631,3277,3147,-12.4146,-19.2477,8.59195,48.2187
72530,3299,3652,4374,5402,3373,3806,5134,9361,3310,3696,4577,6960,3251,3501,4007,4326,-4.08694,30.622,8.57945,48.0193
72531,4537,4138,3682,3206,6835,5542,4019,3501,7489,6034,4080,3478,4776,4399,3678,3225,1.57135,-18.5011,8.58792,48.4127
72532,12410,5990,3981,3492,6579,4734,3747,3378,3897,3769,3415,3200,3414,3390,3236,3136,-24.9064,-30.3315,8.8241,47.8453
72533,3844,4301,4207,3787,4262,6058,6173,4194,4084,5867,5842,4199,3710,4129,3971,3740,-0.791564,0.0991603,8.97086,48.2453
72534,3570,4009,3901,3631,4131,5633,5122,3867,4381,6992,6255,4117,3978,4524,4380,3858,3.45012,-1.55097,8.91643,48.2327
72535,11805,6921,4019,3376,5943,4842,3822,3507,4062,3741,3453,3307,3343,3359,3231,3070,-28.3292,-22.6954,8.56532,47.8673
72536,3369,3438,3397,3080,3716,4043,3789,3451,4854,6235,4928,3784,5669,8581,5926,4048,20.1663,-6.17748,8.79047,48.2053
72537,3562,4372,7927,10310,3329,3955,5139,6064,3215,3453,3862,3972,3098,3218,3335,3291,-25.5117,18.5144,8.91621,48.068
72538,3268,3412,3196,3096,3984,3942,3488,3234,6610,5024,3763,3322,11458,6800,3954,3403,23.8434,-23.1735,8.95564,47.9693
72539,3148,3318,3475,3208,3377,3642,3754,3753,3748,4472,5862,4860,3851,5629,9501,6527,23.054,8.50712,8.94734,48.0833
72540,3788,3544,3327,3112,5236,4377,3636,3342,9843,5211,3962,3287,7353,4979,3737,3319,11.2918,-33.1549,8.99036,48.0353
72541,3950,5359,7449,5319,3967,5079,7311,5091,3524,3843,4298,3876,3233,3477,3432,3385,-15.572,6.866,8.99815,48.3953
72542,8182,9605,4931,3657,5204,5170,4166,3574,3799,3805,3552,3335,3234,3295,3294,3027,-29.8247,-12.8011,8.98659,47.8867
72543,3589,3589,3544,3298,4059,4463,3989,3512,5345,7639,5337,3906,4995,6670,4894,3877,12.8829,-6.83652,8.8327,48.4707
72544,4814,6553,5302,3994,4792,7626,5643,3922,3948,4495,3992,3654,3570,3573,3338,3295,-13.019,-5.06019,8.92553,48.3407
72545,4502,7285,8552,5244,4083,5041,5427,4243,3565,3850,3732,3592,3159,3298,3357,3224,-23.4809,2.04061,8.73895,48.1027
72546,3209,3300,3871,4101,3259,3744,4416,6239,3313,3836,5195,9786,3310,3777,4577,6178,6.41436,30.1487,8.65962,48.074
72547,3262,3264,3351,3331,3274,3434,3724,3867,3407,3826,4653,5983,3358,3853,5932,12688,30.8905,32.1118,8.92011,47.4713
72548,3285,3341,3293,3116,3698,3795,3592,3373,4940,5503,4548,3695,6472,9753,5761,3839,25.0772,-8.58907,8.84854,48.0027
72549,3136,3438,3895,4076,3397,3715,4721,5772,3480,4013,6035,8810,3380,3818,4894,5840,6.8957,20.5947,8.55697,48.28
72550,3340,3576,3975,4044,3479,4053,5734,5408,3522,4411,7315,6518,3461,3809,4762,4817,3.36818,13.0795,8.72632,48.1493
72551,3050,3308,3370,3377,3250,3418,3914,3905,3392,3793,4873,6188,3487,3976,6319,12185,28.1203,25.4829,8.73798,47.87
72552,3135,3241,3350,3364,3276,3488,3807,3881,3441,3997,5293,5561,3630,4455,8537,9475,25.6902,16.258,8.93427,47.954
72553,3542,3504,3308,3052,4781,4052,3590,3330,8692,5500,3904,3357,8559,5515,3862,3360,14.5577,-23.7065,8.93316,47.9387
72554,4000,3673,3379,3148,5638,4401,3733,3237,10068,5547,3831,3414,6542,4820,3817,3279,8.6973,-25.8375,8.99289,48.3513
72555,3296,3713,4637,6456,3363,3843,5172,9774,3306,3757,4493,6032,3137,3476,3716,4032,-7.4886,27.2409,8.86628,48.1353
72556,8151,9205,4772,3677,5237,5357,4139,3476,3722,3904,3551,3246,3465,3455,3289,3139,-33.7122,-13.2972,8.72587,47.8567
72557,3228,3369,3682,3945,3208,3699,4602,5437,3457,3870,5811,9115,3396,3852,5066,6556,9.03171,22.2484,8.51456,48.1953
72558,3482,3355,3227,3207,3776,3747,3555,3307,5141,5161,4136,3542,8458,9413,4927,3673,30.3632,-13.5892,8.97499,48.0713
72559,4278,6865,9504,5598,3912,4572,5145,4466,3439,3723,3835,3606,3159,3367,3436,3299,-29.3465,4.47136,8.56309,48.136
72560,3956,5357,6677,4799,4023,5556,7522,4811,3624,3883,4396,3947,3421,3492,3538,3431,-13.7755,4.51633,8.60459,48.2887
72561,3526,3724,4019,3801,3831,4635,5826,4487,3835,5572,7772,4907,3616,4116,4714,4377,4.1095,5.35054,8.88682,48.5053
72562,4869,8304,8116,4903,4125,5043,5025,4217,3577,3723,3733,3521,3277,3439,3308,3258,-26.6785,-0.193587,8.85319,48.292
72563,3535,3487,3218,3077,4487,3988,3459,3293,7973,5098,3917,3324,10125,5737,3880,3411,18.0439,-27.6036,8.58197,48.006
72564,3307,3911,6154,10858,3326,3773,4931,7401,3205,3473,3950,4219,3095,3222,3543,3541,-19.8867,24.5538,8.99035,47.9393
72565,3534,3964,4999,5123,3584,4362,7613,6827,3350,3890,5328,5157,3276,3515,3928,3933,-6.14785,13.4621,8.75807,48.2553
72566,3235,3317,3238,3268,3461,3670,3701,3490,4449,4996,4889,3984,5238,9108,7560,4464,32.5909,-2.46458,8.9656,48.0453
72567,3325,3408,3423,3132,3782,3751,3654,3372,5042,5144,4361,3560,7218,9937,5204,3688,33.5598,-10.7669,8.93413,48.0007
72568,3264,3587,4514,5617,3341,3969,5642,9293,3333,3778,4623,6474,3221,3546,3846,4075,-5.28786,23.7971,8.63442,48.082
72569,11951,6800,3959,3399,5934,4913,3767,3450,3944,3808,3482,3228,3409,3379,3194,3127,-30.5818,-22.6495,8.65074,47.8293
72570,4121,3884,3382,3196,6512,4669,3656,3338,9662,5236,3814,3278,5882,4595,3612,3312,5.38038,-28.7705,8.74761,48.0993
72571,3208,3664,4231,4472,3403,3936,5945,6662,3548,4089,6290,6892,3272,3704,4295,4607,1.05215,16.8511,8.65629,48.1453
72572,6153,9845,6110,4063,4671,5204,4322,3859,3781,3870,3672,3376,3342,3363,3221,3201,-30.2905,-7.03981,8.64785,48.0353
72573,3365,3467,3269,3048,3905,3862,3375,3186,6038,4785,3762,3385,12197,6585,4010,3314,29.2868,-24.2987,8.7674,47.702
72574,3228,3359,3433,3416,3312,3532,4059,4145,3609,4035,5751,6634,3542,4276,7299,8662,19.305,17.8163,8.55011,48.1947
72575,3438,3311,3173,3138,3887,3731,3475,3175,6203,4924,3728,3504,11543,6900,4031,3483,25.7231,-22.284,8.73902,47.7627
72576,3093,3274,3515,3239,3437,3738,3825,3673,3914,4739,5064,4380,4250,6830,9456,5630,30.4314,4.37367,8.67627,48.038
72577,3072,3278,3404,3479,3265,3665,4119,4240,3418,4115,5983,7187,3484,4206,6677,8269,16.8921,17.9621,8.95312,47.9073
72578,3189,3255,3328,3357,3244,3475,3669,3909,3310,3749,4606,6123,3280,3790,6004,12718,32.1842,28.7609,8.9601,47.3373
72579,10687,7114,4256,3489,6400,5089,3941,3409,4042,3902,3445,3227,3437,3364,3179,3064,-23.4357,-20.7995,8.7291,48.03
72580,3365,3324,3308,3125,3923,3809,3489,3165,5458,5074,3909,3574,10136,8296,4401,3400,31.547,-17.1056,8.92295,47.8373
72581,3902,4680,5511,4401,4055,5858,7665,4842,3659,4443,4937,4123,3393,3634,3669,3635,-8.36545,4.23313,8.51127,48.2713
72582,3145,3244,3473,3380,3230,3516,3874,3903,3468,4029,5316,5472,3559,4748,8832,8723,25.7106,14.8934,8.88704,47.9413
72583,3171,3257,3420,3257,3425,3709,3855,3761,3816,4442,5334,4618,4139,6284,9619,5964,26.4342,5.87882,8.50773,48.0473
72584,3407,3304,3301,3158,3830,3714,3404,3238,6325,4743,3772,3411,12476,6012,4001,3392,26.0446,-31.4549,8.7188,47.6587
72585,3603,4311,5113,4328,3890,5402,7984,5121,3669,4283,5435,4419,3433,3549,3871,3687,-6.4104,6.31341,8.80534,48.0653
72586,3152,3333,3387,3289,3368,3554,3871,3786,3711,4291,5273,4939,3875,5445,9656,6918,27.3775,9.87738,8.50277,47.8987
72587,3212,3762,4621,5058,3373,4028,6494,7812,3373,3804,5291,6134,3270,3555,4050,4215,-3.72565,18.0309,8.90165,48.0347
72588,3819,5274,6974,5045,3939,5334,7261,5098,3570,4074,4242,3974,3189,3392,3502,3387,-14.4244,5.87264,8.56108,48.0493
72589,3400,3886,5973,12526,3354,3764,4781,6195,3251,3459,3743,3943,3161,3242,3349,3341,-28.4274,29.3719,8.7553,47.5787
72590,6358,6751,4573,3517,6382,7121,4423,3494,4196,4378,3651,3309,3471,3663,3430,3194,-14.3084,-12.9576,8.63502,47.9407
72591,3392,4131,6201,9286,3409,3919,5501,7683,3289,3665,3921,4487,3050,3219,3471,3587,-17.4273,21.784,8.6727,48.1407
72592,3780,4305,4244,3880,4215,6070,6733,4347,3965,5498,5939,4164,3591,4096,4121,3698,-1.60862,1.2596,8.96969,48.4307
72593,3381,3548,3355,3072,4295,4112,3692,3277,7014,5708,4093,3522,8831,6748,4259,3402,17.9347,-19.3034,8.5022,48.206
72594,3109,3263,3411,3374,3339,3470,3782,3938,3314,3760,4656,5830,3393,3948,6025,12525,29.8849,32.9305,8.58398,47.4247
72595,3057,3262,3439,3393,3071,3493,3767,3979,3400,3717,4769,6313,3485,3952,6233,12621,27.4148,28.5996,8.8038,47.9673
72596,3544,4304,6323,5571,3625,4603,7993,6415,3480,3816,4539,4322,3220,3490,3678,3649,-11.2545,11.8729,8.90426,48.3813
72597,3117,3197,3342,3479,3299,3480,3885,4346,3368,3746,4930,7714,3409,3948,5721,10942,19.5152,28.0326,8.71013,47.9487
72598,3457,3923,6772,12123,3333,3901,4744,6334,3221,3389,3670,3960,3107,3176,3366,3340,-26.2164,24.3697,8.99136,47.8773
72599,4097,3759,3445,3283,6112,4534,3746,3314,9732,5583,3901,3324,6171,4748,3806,3246,6.93493,-25.3279,8.63726,48.534
72600,4594,4325,3648,3447,6387,6478,4083,3518,6330,6311,4219,3425,4436,4262,3625,3283,-0.388459,-15.1146,8.80605,48.2473
72601,3484,3882,6015,12440,3319,3672,4835,6369,3299,3438,3752,3866,3224,3245,3428,3398,-25.5401,31.4385,8.52946,47.7773
72602,3379,4103,5613,6472,3527,4065,6779,7934,3285,3671,4668,4898,3102,3309,3646,3780,-10.6404,17.4973,8.89353,48.154
72603,3462,3469,3283,3105,4357,3926,3476,3196,8156,5076,3689,3511,10560,5554,3843,3442,18.4549,-30.5569,8.71698,48.07
72604,3371,3715,3874,3659,3657,4547,5364,4204,4000,5819,7729,4858,3692,4402,5024,4432,6.02674,4.55858,8.52576,48.2313
72605,3062,3347,3747,3722,3272,3589,4338,5327,3322,3711,5350,10046,3287,3866,4942,7299,10.3549,29.2862,8.97169,48.1513
72606,8508,5276,3968,3442,9119,5281,3944,3341,4712,4217,3431,3208,3686,3459,3350,3152,-13.9588,-33.9391,8.88772,48.0627
72607,3774,3727,3357,3186,5669,4271,3471,3238,10069,5452,3835,3287,6839,4811,3815,3347,9.0522,-27.6563,8.67136,48.0987
72608,3973,4677,4306,3801,4470,7208,6206,4139,4045,5719,4996,3918,3789,3901,3759,3547,-3.68451,-2.26727,8.96938,48.3027
72609,3318,3438,3193,3046,3965,3802,3496,3241,6532,4971,3809,3383,11703,6475,4131,3517,24.2874,-24.0333,8.7372,48.0133
72610,3430,3463,3258,3079,4431,4027,3439,3219,7614,5285,3916,3413,9916,6194,3994,3475,18.535,-22.81,8.6408,48.102
72611,3046,3240,3482,3849,3242,3565,4202,5178,3370,3746,5168,9684,3293,3816,5229,7818,11.9662,27.8634,8.83314,47.952
72612,4783,5638,4631,3750,5014,8103,5540,3924,4124,5022,4114,3577,3673,3691,3599,3298,-8.94783,-5.8716,8.88199,48.3207
72613,6965,4988,3794,3362,9800,5438,3761,3420,5356,4349,3567,3280,3854,3637,3353,3174,-10.1865,-25.5233,8.93582,48.0653
72614,12404,5966,3849,3410,6389,4887,3820,3471,4043,3793,3472,3211,3384,3414,3227,3101,-26.0951,-28.8814,8.54222,47.894
72615,4087,3765,3359,3120,6153,4451,3601,3315,9809,5382,3855,3354,6252,4715,3624,3266,6.99114,-26.903,8.82418,48.072
72616,3318,3444,3565,3433,3716,4111,4285,3697,4274,6307,6739,4591,4192,5858,6243,4498,13.9785,1.06058,8.65244,48.1807
72617,4322,7129,9134,5165,3979,4906,5233,4394,3464,3702,3699,3714,3176,3292,3393,3360,-33.5935,2.93703,8.57948,48.0413
72618,3277,3429,3929,4064,3384,3881,5026,5466,3514,4203,6855,7739,3424,3862,5002,5448,6.18018,17.3619,8.57064,48.3353
72619,3404,3425,3310,3053,3841,3897,3483,3224,6028,4742,3752,3309,12170,6708,4013,3310,28.2208,-24.2701,8.85247,47.7793
72620,3411,4013,5643,5805,3564,4305,7238,7348,3318,3721,4687,4875,3283,3573,3626,3807,-10.0859,15.2462,8.64272,48.1447
72621,4661,6876,6296,4293,4367,6452,5902,4285,3753,4133,3954,3689,3228,3456,3406,3322,-16.5076,-1.52812,8.67379,48.0487
72622,3802,3890,3542,3290,4745,5390,4047,3466,5960,8141,4708,3682,4849,5211,4232,3633,6.8358,-10.8385,8.88693,48.392
72623,3375,3319,3265,3134,3928,3852,3505,3337,5660,5085,4017,3395,10377,7981,4329,3473,28.8641,-18.3284,8.85784,48.0213
72624,4880,8757,7846,4500,4321,4947,4647,4143,3550,3735,3708,3545,3286,3371,3447,3229,-28.8762,-1.16904,8.79439,47.9413
72625,4509,4742,3893,3363,5991,7621,4591,3542,5204,5990,4154,3552,4121,4117,3616,3369,-3.22444,-11.2471,8.84994,48.25
72626,3294,3674,4047,4280,3451,3997,5685,6076,3460,4210,6805,7023,3367,3727,4589,4871,2.77885,16.3284,8.5288,48.3707
72627,5106,8922,7732,4518,4311,4985,4790,3882,3564,3692,3792,3651,3354,3414,3365,3269,-30.7665,-1.79833,8.90372,48.2313
72628,3300,3378,3362,3268,3632,3962,4219,3836,4293,5950,6413,4459,4406,6244,6861,4657,16.1947,1.37334,8.60873,48.16
72629,3472,3482,3289,3074,4377,4156,3793,3304,6750,6545,4268,3488,7178,6776,4369,3657,15.2863,-15.158,8.65728,47.9853
72630,9411,8309,4430,3493,5747,5441,4030,3500,3893,3847,3481,3311,3346,3355,3262,3124,-25.0164,-17.0573,8.68391,47.9867
72631,8962,7426,4382,3559,6355,5635,4060,3512,4153,3861,3698,3287,3380,3435,3136,3085,-20.4036,-17.3086,8.72762,47.9507
72632,3825,4940,8952,7619,3715,4305,5707,5233,3346,3565,3948,3813,3165,3315,3400,3416,-22.9016,12.4964,8.68478,48.176
72633,3124,3235,3410,3543,3242,3372,3754,3989,3427,3753,4609,5999,3383,3774,5820,12679,33.4837,30.0669,8.89041,47.4087
72634,3278,3785,4403,4910,3310,3883,5843,7799,3291,3795,5541,6994,3188,3604,4154,4497,-1.87651,19.2389,8.97698,48.1833
72635,3757,3799,3376,3168,4736,4916,3936,3401,6853,7581,4264,3638,5588,5486,4179,3540,9.06966,-13.4963,8.7224,48.1453
72636,3363,3355,3318,3101,3716,3936,3625,3524,5051,6056,4466,3749,6711,9320,5371,3904,22.1976,-9.69806,8.77549,48.3773
72637,3420,3598,3687,3534,3677,4396,4804,3984,4118,6124,7651,4686,4030,4965,5437,4378,9.46883,2.90995,8.95988,48.326
72638,3245,3510,3756,3633,3475,4079,5061,4565,3799,5115,8291,5583,3615,4310,5437,4974,8.05688,8.53586,8.97517,48.2987
72639,3744,3671,3301,3219,4891,4234,3625,3316,8796,5965,3887,3412,7570,5395,3914,3320,12.6703,-22.2802,8.84114,48.1733
72640,6190,4561,3539,3248,9764,5201,3830,3406,6238,4482,3695,3291,4186,3733,3493,3276,-6.42914,-29.7876,8.59636,48.0887
72641,3152,3416,3455,3427,3508,3823,4221,3866,3686,4858,7116,5194,3853,5241,7782,5721,16.5961,8.06647,8.71766,48.2127
72642,3051,3272,3382,3463,3298,3543,3902,4318,3450,3967,5799,7196,3362,4208,6901,8950,18.2388,19.1656,8.55358,48.0413
72643,3112,3322,3430,3279,3545,3909,4025,3927,3983,5020,6052,4473,4137,6301,8288,5315,20.0961,4.49028,8.57543,48.0787
72644,3189,3719,4841,5937,3336,3836,5916,9256,3338,3681,4621,6033,3227,3540,3845,3976,-6.87852,22.3858,8.91729,48.194
72645,3263,3231,3320,3367,3286,3512,3883,3933,3339,3893,4774,5888,3531,4036,7085,11620,32.0254,22.004,8.69585,47.974
72646,3367,3585,3840,3714,3525,4239,5214,4510,3709,5107,8173,5418,3681,4287,5440,4612,7.14076,7.83368,8.65258,48.2807
72647,3280,3375,3369,3286,3563,3641,3744,3590,4073,5163,5235,4160,4729,8085,8081,4859,24.5581,0.206676,8.72225,48.1553
72648,3118,3424,3849,3890,3418,3797,4980,5225,3485,4264,7051,7402,3499,3929,5249,5476,7.5127,15.7839,8.7835,48.0373
72649,3366,3420,3634,3440,3724,4363,4339,3739,4441,6679,6754,4313,4244,5749,5799,4257,12.4008,-0.174222,8.97982,48.174
72650,3364,3932,6300,11360,3384,3755,4991,6909,3307,3461,3871,4007,3012,3202,3424,3538,-22.1239,25.6826,8.63788,47.878
72651,3445,3414,3225,3159,3908,3865,3406,3189,6076,4746,3594,3433,12586,5959,3919,3322,33.998,-28.8468,8.80894,47.4973
72652,3487,4275,8126,10002,3440,3974,5078,5666,3329,3535,3890,3982,3268,3204,3463,3534,-33.2696,17.9407,8.63137,48.1687
72653,3141,3327,3291,3254,3594,3664,3780,3436,4098,5020,5090,4219,4591,7574,8866,5083,26.8638,1.81598,8.70884,48.0187
72654,3382,3326,3210,3103,4248,3893,3363,3296,7295,4845,3890,3358,11326,5755,3891,3507,20.9788,-32.3957,8.84298,47.792
72655,3350,3607,4404,5399,3363,3746,5170,9122,3326,3592,4832,7298,3202,3531,4067,4357,-3.14336,29.4595,8.71055,48.244
72656,3190,3522,4028,4222,3362,3841,5411,5964,3484,4073,6713,7510,3316,3716,4699,4946,4.3841,16.5773,8.67715,47.998
72657,4033,4558,4165,3669,4934,7466,5158,3700,4555,6479,4789,3757,3733,4226,3860,3427,-2.08749,-5.88146,8.8069,48.3393
72658,3138,3447,4102,4338,3342,3708,4780,7201,3390,3843,5185,9151,3298,3642,4390,5275,3.38561,26.7422,8.68559,48.1533
72659,2992,3167,3475,3471,3237,3426,3901,4148,3342,3933,5179,6886,3342,4178,6763,10601,21.9243,21.809,8.70159,48.0273
72660,5200,6726,4861,3904,5251,7782,5125,3800,4020,4452,4011,3512,3564,3666,3500,3269,-13.4205,-7.24107,8.62486,48.4287
72661,3346,3244,3242,3230,3603,3754,3664,3447,4499,5308,4602,3916,5589,9723,6689,4239,26.557,-4.69221,8.79805,48.0633
72662,5515,9373,6775,4199,4521,5201,4662,3815,3606,3807,3772,3468,3326,3467,3334,3194,-33.3831,-4.39733,8.86145,48.0233
72663,3470,3497,3185,3098,4233,3905,3539,3204,7111,5259,3895,3352,10058,6552,4046,3347,20.7978,-22.0081,8.61494,47.834
72664,3835,3746,3462,3280,5054,5145,3803,3424,7299,7223,4263,3587,5544,5243,3877,3478,7.80045,-15.2398,8.50558,48.1753
72665,3365,3693,4978,6909,3306,3771,5366,9828,3278,3637,4242,5467,3182,3415,3554,3670,-9.83027,33.8925,8.70427,47.774
72666,3064,3221,3358,3303,3308,3507,3863,3753,3606,4046,5202,5209,3571,4933,9406,8372,29.874,13.5603,8.80358,47.8147
72667,3643,4241,4541,3973,3978,5587,7121,4685,3868,5039,6157,4436,3539,3922,4153,3811,-1.86277,4.15222,8.72423,48.4627
72668,5528,4380,3800,3236,9109,5368,3866,3352,6806,4604,3771,3359,4331,4009,3459,3241,-4.41808,-25.1131,8.64358,48.146
72669,3379,4073,5472,5773,3571,4262,7261,7267,3491,3676,4898,4902,3258,3437,3800,3862,-9.34722,15.262,8.83598,48.2547
72670,3416,3357,3287,3032,4168,3848,3514,3123,7086,5143,3808,3273,11286,6293,3941,3453,21.5909,-24.4826,8.73788,48.0187
72671,7961,9526,4997,3587,5163,5330,4152,3657,3859,3822,3679,3285,3350,3371,3366,3102,-30.6173,-12.7231,8.72614,48.138
72672,3230,3601,4069,4325,3358,3901,5108,7141,3363,3940,5773,8486,3233,3481,4445,4897,2.44857,21.8461,8.82721,48.234
72673,3706,4145,4077,3636,4258,5993,5847,4217,4214,5962,6024,4078,3892,4120,4280,3763,0.24881,-0.261157,8.82994,48.1413
72674,11269,7245,4227,3430,5903,5063,3821,3446,3986,3778,3580,3262,3354,3444,3139,3120,-27.1405,-21.067,8.82091,48.0447
72675,3384,3530,3542,3278,3972,4358,4130,3624,4826,7510,5607,4003,4876,6407,5186,3955,13.2467,-4.73116,8.59058,48.1253
72676,5529,6797,4710,3855,5619,7570,4839,3709,4114,4461,3901,3453,3524,3462,3408,3230,-13.5131,-9.25115,8.70103,48.1207
72677,3224,3350,3156,3200,3865,3830,3570,3293,6121,4762,3825,3344,12543,5988,3965,3305,28.403,-29.9793,8.65362,47.5607
72678,3263,3559,3406,3358,3765,4163,3898,3645,4505,6676,5825,4140,4758,7080,6059,4291,15.6367,-2.48115,8.62023,48.2607
72679,10818,7557,4234,3530,5787,5065,3921,3454,3898,3873,3527,3185,3407,3292,3243,3080,-28.413,-19.8353,8.54838,47.914
72680,3059,3330,3387,3342,3295,3540,3768,3901,3450,4027,5072,5482,3675,4721,8694,9215,30.5324,15.4325,8.58917,47.972
72681,8417,5495,3873,3304,8831,5506,3902,3283,4792,4146,3583,3274,3645,3611,3363,3088,-13.9163,-23.7415,8.82827,48.0753
72682,3130,3301,3443,3431,3171,3532,3900,3815,3487,3898,4975,5776,3508,4276,7739,10855,30.5836,19.7401,8.8758,48.158
72683,5118,7101,5512,4005,4881,7246,5340,3792,3882,4228,3919,3586,3434,3441,3445,3365,-14.7152,-5.36205,8.58248,48.1967
72684,4649,4036,3571,3229,7989,4884,3702,3319,8820,5047,3838,3234,4925,4332,3566,3193,1.32818,-27.4635,8.97204,48.2227
72685,3213,3389,3286,3251,3608,3774,3717,3547,4234,4906,4922,4150,4929,8524,7856,4593,33.3741,-1.08748,8.77667,47.9327
72686,6679,4839,3779,3387,9873,5208,3999,3429,5635,4407,3652,3257,3816,3630,3301,3166,-8.77224,-33.887,8.92923,48.038
72687,7533,5473,3908,3300,9078,5847,3857,3370,4997,4327,3532,3340,3793,3667,3308,3232,-12.0713,-22.7634,8.55171,48.3747
72688,3470,3792,5999,11831,3402,3782,4749,7140,3123,3453,3885,3971,3154,3118,3422,3466,-22.5769,31.4238,8.9054,47.838
72689,3183,3283,3326,3406,3287,3511,3867,3806,3510,4010,5161,5468,3658,4620,8833,9060,32.3661,15.1147,8.60901,47.9927
72690,3693,3937,3847,3653,4181,5686,5206,4083,4533,6919,5996,4038,3938,4517,4260,3680,3.19381,-2.16897,8.93458,48.1113
72691,3549,3453,3368,3136,4378,4009,3586,3329,7221,5956,4037,3470,8402,6550,4184,3441,16.9041,-18.6984,8.77233,48.046
72692,3388,3425,3327,3176,3719,4134,4015,3608,4358,6315,5495,4105,4835,7527,6285,4364,17.6863,-2.44568,8.63119,48.0507
72693,3079,3206,3313,3440,3171,3409,3818,4041,3484,3856,4874,6086,3374,3966,6468,12229,30.3323,24.5987,8.57458,47.876
72694,3301,3831,5245,6472,3466,4067,6366,8771,3389,3778,4584,5385,3144,3393,3673,3760,-9.46094,20.6904,8.77904,48.4167
72695,3283,3807,4704,6745,3458,3751,5271,9873,3309,3623,4399,5719,3144,3356,3664,3892,-8.57207,33.3708,8.85982,47.9987
72696,4242,5733,6411,4559,4148,6033,7011,4531,3730,4076,4276,3849,3275,3533,3531,3333,-14.158,1.94117,8.93401,48.1807
72697,6137,9734,6041,4006,4714,5428,4494,3777,3658,3952,3609,3428,3384,3445,3290,3271,-25.1727,-6.9934,8.83869,48.2453
72698,12534,6194,4043,3347,6293,4707,3793,3293,3962,3722,3514,3166,3406,3421,3191,3058,-26.1666,-29.1142,8.69507,47.7627
72699,6883,6514,4271,3459,7241,6836,4122,3560,4541,4285,3597,3290,3492,3553,3303,3108,-14.2465,-15.9252,8.91365,48.0367
72700,3332,4069,6450,11032,3365,3853,5099,6708,3279,3615,3916,4183,3069,3155,3452,3389,-22.2256,23.6713,8.63008,47.9773
72701,7122,9841,5647,3861,4977,5128,4280,3608,3740,3817,3596,3316,3333,3381,3272,3158,-32.2267,-9.89229,8.73833,48.0513
72702,3578,4439,7298,7146,3553,4221,6631,6665,3295,3653,4112,4181,3058,3307,3511,3562,-16.174,15.1794,8.95313,48.14
72703,3999,4088,3688,3439,4724,6102,4633,3618,5207,7589,5044,3716,4198,4670,4124,3566,3.09042,-7.1229,8.81409,48.27
72704,3362,3945,5897,12488,3360,3804,4697,6392,3213,3380,3704,3954,3156,3264,3292,3313,-24.5991,33.1435,8.97901,47.4807
72705,6091,6180,4273,3500,6766,7625,4387,3506,4551,4609,3780,3303,3630,3557,3372,3206,-12.0769,-13.8698,8.94704,48.224
72706,12591,6031,3951,3345,6006,4743,3833,3483,3958,3636,3393,3142,3373,3324,3190,3208,-28.1861,-32.7912,8.92292,47.4713
72707,3490,4048,5190,5296,3604,4305,7731,6924,3453,3967,5112,5027,3201,3460,3831,3815,-7.30983,14.0307,8.98107,48.3027
72708,4321,6024,6117,4356,4322,6561,6636,4280,3747,4296,4265,3709,3380,3424,3421,3305,-13.8893,-0.0339229,8.87166,48.1093
72709,3368,3527,3641,3548,3602,4066,4750,4072,3934,5682,7975,5058,3843,4735,6048,4620,10.4217,6.15741,8.69862,48.3127
72710,3074,3361,3507,3516,3328,3626,4015,4453,3376,3963,6051,7797,3492,4115,6265,8451,16.1304,19.5988,8.95514,48.26
72711,3316,3515,3360,3257,3858,3920,3728,3500,4616,6444,5051,3953,5316,8179,6122,4154,19.2349,-4.51818,8.61353,48.1927
72712,3267,3420,3880,4110,3381,4005,5228,5206,3503,4252,7268,7296,3359,3912,5002,5147,6.72151,15.3542,8.8128,48.1573
72713,3155,3462,3739,3949,3323,3655,4671,5654,3341,4010,6312,8832,3522,3885,5005,5948,8.04075,20.1201,8.8409,48.3087
72714,3382,3888,5928,11859,3351,3877,4955,6816,3316,3580,3684,4045,3101,3292,3371,3415,-23.6375,28.9663,8.71403,47.9067
72715,7778,5770,3819,3399,8534,5928,3984,3512,4835,4305,3610,3323,3589,3527,3393,3031,-13.3273,-20.9205,8.91382,48.2247
72716,3329,3733,3862,3904,3487,4116,5582,4809,3629,4854,7965,5949,3591,4033,5146,4656,5.42923,10.1841,8.57756,48.43
72717,4316,3930,3556,3267,6594,5107,3882,3368,8395,5948,3959,3353,5247,4552,3746,3273,3.32793,-20.5722,8.50109,48.3287
72718,7716,8471,4889,3758,5668,5983,4276,3604,3938,4047,3654,3370,3286,3441,3192,3064,-20.8778,-13.2654,8.8141,48.238
72719,5808,7980,5402,3897,5103,6900,4822,3730,3875,4153,3761,3479,3411,3468,3267,3201,-17.5865,-7.75608,8.74731,48.1713
72720,3166,3140,3471,3534,3386,3588,4041,4377,3280,3828,5089,8123,3412,3959,5638,9839,17.2775,29.5325,8.50688,47.914
72721,3075,3272,3429,3485,3413,3622,4138,4201,3586,4164,6257,6696,3485,4350,7241,7705,17.3065,16.1787,8.54691,48.0793
72722,3196,3213,3441,3399,3102,3576,3813,4016,3452,3959,5173,6288,3446,4192,7288,10760,24.1948,20.0098,8.56327,48.2093
72723,3325,3614,3803,3806,3485,4200,5484,4777,3573,4801,7956,5940,3433,4162,5175,4726,6.13073,10.5686,8.68073,48.1733
72724,4131,4559,4237,3702,4911,7457,5450,3860,4383,5985,4749,3778,3863,4128,3831,3487,-3.15802,-5.30049,8.98199,48.3407
72725,4936,6359,4797,3691,5280,7949,5276,3892,4090,4655,4009,3434,3512,3553,3522,3251,-11.8582,-7.3762,8.79159,48.1373
72726,3894,3682,3387,3164,5670,4363,3618,3267,9746,5391,3898,3363,6794,4894,3764,3333,8.87977,-26.1043,8.5408,48.152
72727,3278,3407,3396,3190,3590,3690,3703,3490,4214,4883,4847,4184,4801,8355,8265,4746,31.4663,-0.338064,8.63417,48.026
72728,3398,3425,3183,3029,3924,3847,3463,3274,6447,4837,3915,3423,11894,6643,4052,3372,25.5337,-23.7152,8.93022,48.084
72729,4437,7732,8904,4951,4122,4782,4939,4273,3491,3730,3819,3580,3254,3461,3368,3280,-32.3036,1.27554,8.70235,48.082
72730,5031,6637,5290,4064,5068,7595,5366,3911,3951,4307,4068,3554,3392,3504,3387,3222,-13.5385,-5.27477,8.79021,48.2313
72731,3150,3184,3414,3411,3324,3671,3822,3900,3621,4223,5152,5059,3808,5272,9813,7552,29.0413,11.2574,8.60233,48.2507
72732,3224,3288,3512,3435,3322,3625,4159,4223,3610,4407,6964,6502,3603,4508,7106,6832,15.3842,13.9033,8.91619,48.2133
72733,3146,3286,3330,3336,3314,3366,3774,3903,3494,3784,4928,5992,3473,4094,7229,11581,28.202,21.6773,8.77671,48.02
72734,3439,3938,5227,5813,3458,4204,6800,8074,3434,3770,4742,5207,3274,3410,3770,3849,-8.66582,17.6026,8.99876,48.2727
72735,11633,5883,3948,3390,6995,4830,3821,3484,4032,3879,3500,3258,3452,3393,3245,3201,-21.9967,-31.7385,8.56946,47.9627
72736,3319,3390,3290,3083,3736,3855,3558,3314,5082,5174,4080,3473,8191,9399,4946,3710,28.8389,-13.2513,8.87682,47.7333
72737,3260,3855,4570,5288,3408,3974,6135,8593,3248,3852,5015,6220,3118,3476,4051,4125,-4.83658,19.933,8.84624,48.1253
72738,3101,3187,3310,3230,3321,3498,3896,3918,3337,3868,4871,6816,3385,3926,6063,11814,22.9201,32.7914,8.68169,47.694
72739,5468,9305,6831,4282,4442,5444,4760,3859,3723,3729,3605,3382,3357,3312,3338,3202,-24.7256,-4.37584,8.92589,48.026
72740,7170,5442,3919,3437,8939,6055,3825,3499,5093,4373,3631,3289,3797,3645,3359,2990,-11.5745,-21.6495,8.73365,48.3087
72741,3289,3579,4228,4824,3265,3698,5015,8213,3305,3706,4946,8263,3367,3583,4138,4869,0.226928,28.8975,8.68027,48.192
72742,3172,3290,3362,3270,3276,3641,3874,3858,3606,4268,5677,5096,3800,5437,9491,6856,23.8459,9.75276,8.81577,47.9827
72743,3555,3512,3244,3109,4595,4208,3616,3332,8249,5817,3950,3407,8224,5939,4130,3414,14.6462,-20.9964,8.59814,48.2007
72744,4798,7305,6467,4257,4467,6409,5637,4094,3817,4079,3870,3556,3279,3361,3382,3296,-17.325,-2.21461,8.80898,48.0493
72745,3468,3547,3429,3139,4067,4217,3530,3263,6133,6569,4299,3461,7066,7551,4589,3584,17.3913,-13.738,8.69527,47.9413
72746,3255,3405,3437,3342,3602,3793,3954,3722,4171,5207,5578,4354,4540,7196,8034,4767,21.6412,1.47286,8.64976,48.238
72747,8226,6356,4086,3376,7905,5918,3897,3435,4405,4199,3601,3267,3509,3479,3348,3111,-15.8022,-19.9023,8.821,48.0787
72748,3974,5339,6999,5143,3971,5357,7415,4989,3539,3960,4273,3950,3276,3376,3551,3409,-14.7797,5.76394,8.5716,48.3473
72749,3557,3631,3428,3160,4150,4434,3927,3340,5682,7712,4853,3678,5504,6851,4665,3782,13.399,-9.8292,8.56809,48.236
72750,3331,3368,3182,2985,3923,3774,3531,3226,6209,4888,3834,3368,12344,6020,3988,3412,26.9437,-29.7518,8.77451,47.5887
72751,7017,9439,5263,3766,5222,5496,4386,3718,3718,3907,3580,3191,3403,3309,3180,3115,-24.1429,-10.7887,8.61945,47.8067
72752,4066,3885,3442,3119,5671,4900,3683,3347,8096,6622,4137,3431,5545,5067,3685,3363,6.52817,-18.1367,8.71446,48.0393
72753,3281,3596,3764,3757,3549,4160,5660,4710,3701,4698,8092,5902,3738,4129,5151,4568,5.63232,9.71154,8.58016,48.304
72754,3004,3338,3496,3498,3263,3520,3893,4221,3384,3709,4849,7670,3485,3919,5771,10807,19.629,29.6151,8.72794,47.8847
72755,3548,3548,3357,3167,4364,4441,3858,3411,6244,7862,4612,3594,5646,6391,4527,3609,12.232,-11.65,8.9879,48.1193
72756,3265,3347,3391,3139,3705,3854,3767,3409,4540,5749,5109,4016,5203,8549,6740,4407,21.6129,-3.07082,8.76023,48.1267
72757,3080,3461,3667,3874,3267,3674,4448,5769,3363,3778,5561,9759,3205,3757,4973,6651,8.868,25.1939,8.97999,48.1913
72758,3900,5523,9661,6612,3653,4434,5655,4910,3448,3653,3942,3805,3116,3228,3421,3283,-23.2136,8.8505,8.89445,48.1627
72759,3176,3376,3753,3951,3251,3645,4363,5651,3381,3809,5175,9995,3448,3699,4747,6639,8.86642,30.6384,8.77645,48.0393
72760,4266,6127,8034,5191,3984,5209,6417,4698,3465,3766,4012,3729,3193,3407,3425,3381,-18.7278,4.05483,8.93505,48.2027
72761,3449,3387,3162,3174,4063,3721,3410,3248,6050,4771,3792,3407,11892,6746,4047,3471,29.7337,-23.4813,8.56023,47.86
72762,3212,3441,3532,3366,3462,3843,3889,3692,4020,5035,5892,4462,4365,6784,8380,4986,20.8925,2.95688,8.60015,48.2407
72763,3008,3331,3418,3448,3335,3754,4134,4120,3468,4098,5984,6692,3559,4366,7472,8110,18.441,16.5896,8.83195,48.198
72764,5166,8985,7401,4454,4281,5247,5010,4052,3560,3678,3714,3510,3289,3337,3282,3134,-24.6659,-2.4994,8.96713,48.0667
72765,5642,9462,6261,4215,4634,5609,4735,3888,3666,3850,3737,3404,3351,3393,3347,3267,-23.7504,-5.44305,8.94043,48.3073
72766,3054,3195,3350,3458,3312,3474,3804,3930,3395,3851,4758,6004,3403,3949,6642,12064,28.4518,24.5186,8.70054,47.762
72767,3379,3347,3274,3228,3797,3866,3684,3330,4975,5147,4343,3570,7129,9962,5451,3806,29.0287,-10.1903,8.83858,48.192
72768,3373,3485,3414,3284,3772,4103,4089,3632,4384,6292,6086,4249,4525,6532,6415,4380,16.2679,-0.317329,8.7344,48.01
72769,3507,3474,3296,3139,4141,4230,3588,3307,6225,6858,4452,3590,6554,7180,4595,3647,15.8245,-13.1471,8.63748,47.8553
72770,3555,3436,3369,3091,4563,4060,3546,3233,8585,5198,3710,3496,9376,5578,3776,3254,16.0566,-27.4246,8.77589,47.884
72771,5892,9523,5963,4021,4773,5973,4698,3777,3669,3979,3614,3346,3207,3397,3352,3341,-22.0811,-6.69587,8.68347,48.35
72772,3334,3616,4248,4804,3402,3970,5754,7260,3410,3924,5869,7032,3187,3704,4222,4638,-0.480813,18.5507,8.93717,48.2493
72773,3374,3287,3252,3081,3846,3664,3412,3241,5962,4641,3735,3427,12628,6069,3940,3354,29.3186,-30.9501,8.92361,47.2753
72774,3794,3842,3643,3436,4514,5644,4598,3610,5333,7824,5133,3870,4430,4989,4191,3627,5.12634,-7.38944,8.61308,48.3187
72775,3175,3277,3455,3666,3242,3689,4143,4262,3457,4222,6441,6711,3570,4300,7042,7577,16.6667,16.064,8.56132,48.1527
72776,7716,9575,5135,3644,5208,5371,4242,3701,3804,3865,3491,3319,3340,3426,3244,3242,-27.1482,-11.7793,8.5592,48.2153
72777,3409,3370,3255,3148,4139,3981,3471,3257,7551,4953,3809,3464,11197,5851,3906,3388,20.2284,-27.5296,8.82356,48.0993
72778,3331,3344,3189,3023,4093,3877,3461,3257,5977,5092,3939,3398,10570,7610,4341,3435,24.9511,-19.4523,8.79038,47.958
72779,4306,6342,6970,4640,4071,6001,6496,4423,3637,3990,4155,3689,3289,3517,3418,3398,-15.9917,1.64134,8.67509,48.228
72780,3418,3380,3260,3135,3866,3831,3392,3198,5961,4834,3829,3349,11912,7055,3970,3421,31.8839,-22.2838,8.90146,47.874
72781,3330,3652,4103,3978,3675,4292,6256,5119,3572,4651,7604,5708,3471,4016,4545,4226,2.19131,10.0692,8.93878,48.132
72782,3420,3344,3265,2938,4094,3738,3466,3235,6132,5231,4001,3463,10605,7369,4230,3401,24.1957,-19.8429,8.89385,47.9547
72783,3516,3964,4813,4378,3693,4853,7713,5416,3500,4469,6170,4679,3338,3681,4062,3946,-3.44372,9.00564,8.89109,48.1273
72784,3801,3893,3551,3334,4779,5419,4060,3486,6237,7982,4702,3534,4779,5248,4124,3560,6.46904,-11.2097,8.72319,48.326
72785,4897,6801,5298,3823,4927,7436,5499,3902,3906,4405,3967,3415,3525,3420,3371,3275,-13.6893,-5.28244,8.94581,47.9113
72786,3390,3870,5279,7305,3366,3989,5818,9049,3336,3593,4316,5100,3137,3347,3592,3744,-11.5444,22.6098,8.61909,48.154
72787,3440,4103,6741,9890,3450,4038,5456,7146,3108,3487,3950,4322,3048,3168,3245,3468,-19.5811,20.9619,8.94964,48.04
72788,3246,3690,4891,6678,3359,3764,5287,9784,3423,3527,4439,5863,3162,3316,3638,3958,-8.32848,28.2448,8.74477,48.0167
72789,3132,3240,3411,3230,3439,3633,3899,3752,3700,4412,5586,4772,3910,5932,9642,6424,25.0633,7.86026,8.78786,48.076
72790,3354,3628,3874,3771,3571,4395,5700,4569,3901,5129,8072,5307,3589,4119,4948,4503,5.1756,7.52155,8.98404,48.2867
72791,4757,5279,4085,3602,5701,8040,4907,3820,4622,5470,4140,3689,3573,3672,3548,3407,-7.181,-9.01785,8.61503,48.208
72792,3172,3441,3903,4122,3307,3635,4542,6330,3321,3796,5190,9750,3277,3704,4643,6022,5.86077,30.469,8.51577,48.1033
72793,3249,3396,3353,3255,3485,3674,3671,3554,4230,5054,4889,4060,4877,8415,8083,4677,29.5938,-0.434276,8.68289,47.948
72794,4832,4089,3575,3331,8070,4907,3774,3303,8396,4914,3817,3347,4864,4254,3547,3282,0.391137,-31.6362,8.54239,48.2013
72795,3329,3642,4700,6177,3256,3825,5117,9859,3203,3757,4484,6275,3188,3341,3768,4091,-6.90294,29.9888,8.80536,48.008
72796,3473,4080,5507,5552,3502,4439,7308,7191,3452,3851,5026,4992,3128,3468,3728,3760,-8.83896,14.8163,8.62058,48.3047
72797,4076,3846,3482,3163,6237,4548,3583,3276,9711,5234,3806,3439,6127,4714,3618,3248,6.78082,-27.1987,8.59348,48.072
72798,3324,3770,4962,7135,3319,3806,5115,9830,3252,3568,4348,5563,3199,3376,3706,3859,-10.0588,29.2251,8.60522,48.088
72799,3903,3980,3501,3325,5084,5771,4211,3455,6074,7615,4750,3588,4634,4946,4029,3437,4.57507,-11.4194,8.91316,48.202
72800,3479,3937,5274,5466,3646,4356,7451,7314,3425,3817,4949,4987,3178,3369,3950,3754,-8.40171,14.9132,8.97014,48.2347
72801,3828,5270,9690,7279,3633,4241,5351,5066,3344,3531,3923,3718,3142,3260,3372,3380,-31.9553,10.6643,8.80249,48.0187
72802,12499,6029,3849,3366,6051,4614,3746,3323,3848,3735,3463,3267,3363,3391,3252,3179,-32.1891,-32.0382,8.65373,47.3167
72803,3541,4438,7591,7609,3382,4201,6336,6420,3315,3668,4103,4185,3156,3345,3397,3571,-17.7684,15.0903,8.79433,48.172
72804,4063,6779,9698,5595,3839,4614,5098,4486,3521,3523,3767,3605,3117,3418,3293,3370,-30.807,4.8012,8.95229,47.8573
72805,4203,4183,3610,3240,5784,6134,4095,3497,6372,7072,4318,3696,4457,4522,3775,3453,2.35237,-13.873,8.99294,48.274
72806,9338,6752,4230,3461,7164,5625,3965,3538,4181,4041,3526,3189,3464,3495,3269,3124,-18.7838,-19.5025,8.7804,48.2413
72807,3671,3566,3413,3123,4956,4170,3558,3200,9474,5236,3785,3446,8229,5188,3844,3348,12.9372,-28.6609,8.66635,48.138
72808,4242,5584,5706,4382,4249,6834,6938,4369,3866,4360,4266,3791,3445,3617,3586,3306,-11.4085,0.214345,8.89839,48.3607
72809,3763,3858,3554,3273,4579,5481,3995,3627,5957,8114,4740,3598,4813,5026,4189,3571,6.1668,-10.4421,8.8505,48.092
72810,3311,3500,4210,4642,3430,3915,6025,6931,3488,3966,5967,6914,3395,3656,4339,4602,-0.0951724,17.5199,8.85642,48.194
72811,3682,5186,9753,7567,3499,4278,5231,5130,3233,3514,3753,3806,3198,3244,3397,3355,-31.4091,11.4984,8.67215,47.884
72812,3515,3521,3349,3266,4051,4343,3867,3541,5406,7382,4800,3704,5663,7232,4826,3757,14.7221,-9.02976,8.61322,48.1487
72813,3911,3839,3635,3345,4541,5434,4076,3476,5691,8070,4874,3652,4795,5218,4262,3587,6.51952,-9.22956,8.70716,48.2707
72814,3197,3212,3441,3510,3213,3441,3724,3949,3401,3901,5109,5726,3490,4113,7675,10869,27.9052,19.3647,8.86077,47.9807
72815,4333,4057,3550,3280,7265,4786,3611,3268,9426,4967,3770,3336,5260,4284,3689,3389,3.01757,-32.1036,8.99047,48.1807
72816,3150,3100,3362,3353,3184,3394,3888,3997,3327,3750,4885,6979,3470,3901,6312,11493,22.051,25.6268,8.98506,47.6967
72817,3400,3451,3273,3069,3918,3805,3448,3316,6025,4674,3818,3269,12518,6022,3886,3424,32.0868,-28.4872,8.8339,47.544
72818,3153,3413,3387,3336,3624,3984,4238,3777,4101,5615,6365,4609,4262,6266,7436,4873,17.4422,2.70659,8.54509,48.2927
72819,3406,3389,3109,3100,4281,3812,3423,3296,7450,5017,3758,3337,11160,5964,4042,3280,20.3043,-27.0271,8.99522,47.8827
72820,3252,3340,3786,3784,3341,3611,4363,5620,3411,3670,5136,10022,3244,3760,4792,6763,8.73313,30.5678,8.82355,47.93
72821,6232,6884,4492,3639,6503,7215,4524,3655,4278,4390,3714,3298,3548,3600,3318,3131,-14.0631,-12.9665,8.9576,48.2807
72822,5749,9659,6691,4173,4456,5342,4589,3802,3641,3774,3606,3489,3264,3278,3373,3088,-27.3175,-5.21127,8.9258,47.9827
72823,4131,4557,4143,3521,5093,7498,4946,3842,4796,6357,4511,3637,3961,4162,3737,3479,-2.23715,-7.65204,8.8579,48.2473
72824,3122,3587,4013,4054,3606,3947,5570,5443,3541,4399,7247,6853,3378,3840,4857,4908,4.53188,14.112,8.59064,48.2433
72825,3519,3508,3106,3052,4300,4024,3499,3176,7623,5044,3704,3245,10984,5906,4019,3333,19.9111,-26.8309,8.91868,48.028
72826,3188,3240,3379,3352,3348,3491,3847,3823,3776,4294,5331,4951,3936,5386,9753,7264,28.2646,10.1676,8.63961,48.2393
72827,3006,3246,3431,3377,3271,3483,3861,4103,3328,3836,5008,6630,3469,4061,6484,11446,23.2239,23.7772,8.7103,48.0267
72828,3323,3355,3328,3138,3842,3875,3648,3355,4803,5566,4483,3805,6276,9634,5777,3939,24.9601,-8.17124,8.60981,48.098
72829,3510,3818,4112,3725,3781,5007,6008,4441,3987,5642,7174,4756,3808,4225,4493,4130,2.88823,4.41461,8.68918,48.4113
72830,3351,3966,6472,12468,3345,3735,4766,6225,3225,3444,3679,4043,3015,3169,3293,3435,-27.6537,26.0245,8.84833,47.754
72831,12630,6075,3877,3376,6277,4840,3714,3343,3956,3756,3422,3263,3361,3416,3229,2999,-26.7463,-28.2393,8.84456,47.6893
72832,3351,3398,3539,3341,3494,4193,4265,3735,3979,5804,7461,4817,4159,5467,6707,4937,14.117,3.95003,8.80268,48.4313
72833,3413,3447,3142,3062,3885,3841,3442,3300,5869,4946,3887,3441,11437,7095,4053,3439,32.1025,-21.7742,8.56795,47.7993
72834,10467,5694,4008,3357,7922,5030,3839,3331,4330,3966,3485,3237,3482,3441,3117,3102,-18.3801,-28.0795,8.77863,47.872
72835,3287,3314,3280,3337,3534,3790,3914,3721,3956,4877,5071,4381,4325,7055,9213,5307,33.1651,3.28019,8.8162,48.2413
72836,3401,4073,6887,11186,3334,3836,5018,6401,3122,3443,3806,4029,3183,3244,3252,3433,-24.1372,22.1902,8.97276,47.7653
72837,3135,3259,3365,3438,3290,3589,4040,3998,3548,4011,5653,6163,3439,4618,8111,8633,21.1946,16.0788,8.59583,48.1933
72838,3437,4078,6815,11657,3451,3753,4882,6296,3266,3459,3815,4010,3026,3190,3404,3308,-25.5864,22.876,8.7071,47.898
72839,4094,6038,9507,6167,3817,4598,5631,4711,3443,3652,3763,3734,3248,3303,3397,3331,-24.1274,7.05463,8.73739,48.2893
72840,12678,5945,3955,3345,6192,4675,3798,3411,3882,3823,3368,3231,3488,3252,3274,3192,-27.1497,-29.9562,8.85386,47.6727
72841,3298,3408,3317,3206,3737,3898,3676,3386,4580,5496,4524,3829,6032,9665,6267,4115,26.0628,-6.60799,8.75218,48.2893
72842,4373,4055,3552,3282,6379,5615,4037,3352,7232,6333,4147,3433,4830,4509,3737,3333,2.08558,-17.1695,8.97863,48.1327
72843,6534,8905,5319,3858,5286,6107,4421,3751,3973,3938,3658,3391,3431,3345,3192,3168,-21.0236,-9.98836,8.52068,48.1847
72844,3142,3278,3452,3474,3253,3581,4120,4490,3443,3809,5083,7793,3271,3936,5778,10142,18.5911,26.6788,8.59564,48.03
72845,5917,9724,6463,4071,4640,5123,4571,3838,3667,3703,3708,3488,3209,3405,3423,3219,-32.1327,-5.50561,8.66691,48.1127
72846,9008,8669,4554,3576,5423,5174,4074,3501,3895,3770,3591,3317,3442,3405,3244,3103,-33.3909,-15.521,8.59482,47.8307
72847,3791,5130,8357,6162,3748,4564,6587,5291,3367,3684,4142,3954,3135,3442,3419,3279,-18.9639,9.5423,8.69141,48.0347
72848,3265,3540,3529,3444,3573,4038,4623,3903,3971,5524,7368,5059,4023,5271,6466,4825,13.1884,5.13069,8.5938,48.2813
72849,5277,4662,3786,3308,7995,6256,4100,3493,6045,5057,3722,3400,4071,3997,3494,3224,-4.61308,-18.7063,8.66112,47.9247
72850,3136,3288,3359,3352,3328,3513,3877,3937,3441,3950,5140,5770,3418,4373,7937,10343,29.4284,18.5751,8.59639,48.108
72851,3303,3306,3303,3109,3597,3911,3794,3319,4614,5087,4545,3958,5881,9838,6453,4113,31.4162,-5.95927,8.56949,48.0873
72852,8295,5440,3948,3422,9193,5456,3805,3384,4764,4185,3504,3237,3634,3610,3169,3180,-13.6906,-24.779,8.86015,48.1507
72853,3529,4260,7194,10362,3418,4017,5172,6200,3178,3543,3803,3989,3072,3266,3326,3445,-23.4535,20.1141,8.83373,47.8493
72854,3266,3670,3973,3721,3540,4280,5647,4594,3725,5080,8017,5591,3561,4141,4980,4478,5.4791,8.27556,8.69589,48.176
72855,3817,3717,3428,3224,5120,4804,3788,3283,7424,7242,4301,3581,5661,5413,4067,3427,8.59358,-15.6187,8.60156,48.198
72856,3453,3553,3397,3165,4169,4478,3754,3409,5792,7668,4875,3756,5763,6683,4604,3749,13.3661,-9.96687,8.51959,48.1787
72857,5082,7815,6612,4354,4389,6240,5433,4055,3787,4036,3917,3578,3335,3457,3291,3217,-18.816,-2.59848,8.95433,48.3987
72858,9941,8253,4421,3495,5704,5113,3951,3494,4022,3832,3564,3301,3360,3230,3194,3110,-27.1175,-17.3125,8.50106,47.99
72859,3446,3550,3320,3140,4126,4211,3756,3380,6393,6642,4335,3616,6962,7218,4358,3536,16.2041,-14.4856,8.7639,47.9927
72860,3401,3456,3211,3059,4137,3902,3449,3285,7115,4930,3787,3363,11608,5840,3839,3352,21.6996,-30.0242,8.63654,47.8227
72861,6958,8586,5007,3676,5427,6108,4392,3596,4059,3990,3698,3265,3372,3504,3331,3104,-20.5607,-11.5483,8.6121,48.0487
72862,3056,3358,3631,3694,3317,3534,4161,5012,3353,3775,5259,9359,3209,3799,5312,8194,13.142,27.1569,8.82643,48.0153
72863,3932,3732,3335,3164,5564,4272,3644,3344,9945,5706,3736,3354,6723,4886,3722,3297,9.39129,-24.6067,8.99509,48.2373
72864,3459,3614,3413,3183,4176,4399,3888,3462,5647,7584,5021,3831,5493,6794,4787,3749,13.4215,-9.00743,8.65403,48.3333
72865,3185,3371,3351,3276,3482,3693,3864,3644,3915,4772,5259,4421,4347,7112,9046,5408,25.7159,3.54636,8.76999,48.0973
72866,3621,3763,3392,3185,4422,4733,3895,3426,6265,7943,4613,3624,5432,6111,4299,3707,10.5631,-11.1485,8.70177,48.2873
72867,3358,3657,3718,3579,3778,4479,5116,4211,3904,5870,7752,4740,3845,4560,5254,4372,7.86582,4.44157,8.65464,48.1287
72868,3080,3150,3379,3340,3313,3596,3790,3810,3747,4238,5243,5043,3685,5129,9832,7647,27.0219,11.656,8.92434,48.0147
72869,3630,4549,7427,6518,3606,4422,6811,6136,3397,3634,4211,4255,3204,3426,3518,3520,-16.1392,12.719,8.76991,48.176
72870,4106,3903,3489,3131,5681,5137,3766,3332,7855,6881,4100,3480,5406,4975,3817,3384,5.77298,-17.2116,8.86333,48.2953
72871,4173,6456,9762,5770,3797,4752,5228,4519,3482,3514,3829,3652,3122,3345,3406,3388,-32.0607,5.41824,8.75533,48.13
72872,3401,3955,6421,12366,3352,3906,4830,6045,3190,3390,3795,3923,3042,3208,3322,3423,-28.3068,25.8423,8.62811,47.7127
72873,3401,3843,6357,12045,3331,3833,4754,6047,3237,3443,3726,4005,3164,3274,3428,3452,-33.3344,26.1487,8.50568,47.56
72874,3374,3365,3269,3125,3792,3666,3487,3231,5720,5085,3902,3306,10875,7658,4257,3439,28.0549,-19.4859,8.92416,47.7007
72875,4769,8106,8375,4969,4077,4862,5049,4181,3649,3728,3715,3574,3230,3313,3322,3259,-28.566,0.593036,8.64338,48.1187
72876,3135,3151,3323,3405,3269,3423,3835,3992,3307,3854,4928,6655,3304,3974,6498,11647,23.8527,24.628,8.69437,47.8
72877,3681,4744,8021,6646,3574,4466,6407,5631,3504,3708,4058,3959,3248,3384,3517,3399,-18.6547,11.7527,8.54167,47.9647
72878,3877,3713,3375,3203,5301,4571,3654,3391,8149,6778,4087,3451,6014,5251,3812,3472,8.67007,-18.2469,8.75719,48.066
72879,5759,5858,4155,3585,6963,7432,4307,3606,4667,4676,3742,3408,3805,3657,3359,3125,-10.4695,-14.142,8.57378,48.0693
72880,3266,3426,3340,3307,3653,3789,3821,3517,4410,5697,5117,4145,5094,8612,6924,4455,22.109,-2.56859,8.55141,48.382
72881,3411,4325,7562,10649,3430,3922,5019,5784,3208,3445,3845,3926,3134,3292,3373,3382,-32.6831,19.1837,8.72053,47.8047
72882,3380,3443,3243,3238,3836,3684,3390,3247,5962,4695,3766,3262,12690,5949,3961,3264,31.5604,-29.7419,8.89889,47.34
72883,3379,3905,5256,8712,3403,3985,5164,9102,3242,3654,4142,4802,3125,3253,3460,3699,-14.1083,30.6849,8.74844,48.1887
72884,3921,3896,3602,3241,4966,5433,4014,3426,6196,7799,4406,3718,4852,5081,4064,3425,6.08704,-11.9536,8.62156,48.0267
72885,4285,4600,4093,3594,5338,7643,5032,3658,4661,6171,4482,3632,3848,4056,3774,3367,-3.07326,-7.50495,8.95122,48.156
72886,3412,3409,3258,3109,3986,3769,3477,3287,5621,5287,3929,3331,9945,8208,4458,3639,27.9182,-17.6269,8.68246,48.0833
72887,3466,3461,3269,3040,3968,3753,3439,3263,5867,4916,3864,3416,11808,6833,3963,3363,29.7594,-23.2411,8.71757,47.7927
72888,3369,3394,3242,3095,4061,3845,3555,3281,7032,5049,3833,3371,11346,6420,4103,3431,21.9323,-24.71,8.81755,48.2847
72889,4631,4216,3502,3164,8014,4968,3681,3373,8560,5169,3750,3358,5024,4236,3489,3204,0.935966,-26.731,8.84316,48.226
72890,3232,3254,3356,3254,3375,3589,3766,3704,3876,4622,5112,4595,4067,6629,9639,5821,30.0254,5.64875,8.58973,47.9273
72891,3209,3483,3918,4216,3372,3792,4681,6837,3431,3835,5414,9279,3373,3570,4536,5428,4.0261,25.0241,8.88257,48.2493
72892,3197,3386,3616,3647,3269,3628,4362,4891,3418,4003,6054,8738,3465,3929,5379,7190,11.617,20.6805,8.55132,48.1147
72893,3205,3221,3421,3258,3179,3554,3909,3785,3471,4076,5116,5497,3586,4353,8605,9516,33.8668,16.2681,8.99001,47.8347
72894,5915,5805,4176,3558,6941,7374,4375,3643,4707,4819,3882,3441,3690,3595,3366,3208,-10.4858,-14.1228,8.54875,48.33
72895,3304,3590,4514,5537,3338,3752,5149,9431,3336,3685,4569,6864,3178,3431,3994,4305,-4.37414,31.4523,8.876,47.9847
72896,3137,3159,3353,3402,3213,3436,3761,3940,3397,3774,4709,6127,3318,3934,5993,12687,29.6256,31.197,8.77494,47.56
72897,4524,6410,6292,4467,4383,6629,6325,4209,3691,4144,4314,3651,3410,3469,3451,3313,-14.7205,-0.433726,8.59827,48.4547
72898,5014,4655,3687,3282,7862,6582,4018,3405,6210,5481,3793,3344,4218,4028,3529,3188,-3.48144,-18.0912,8.85445,48.1973
72899,4075,4113,3582,3262,5443,5980,4229,3560,6447,7350,4375,3466,4685,4651,3839,3383,3.50786,-13.0038,8.72363,48.2933
72900,3077,3201,3499,3508,3229,3463,3916,4242,3477,3952,5570,6860,3519,4173,6992,9250,19.6597,18.8277,8.82327,47.952
72901,3451,3867,4836,6061,3459,4012,5819,9289,3293,3743,4591,5949,3225,3365,3785,4014,-7.20862,22.8329,8.53866,48.506
72902,3545,3478,3211,3123,4602,4029,3478,3206,8936,5077,3924,3343,9272,5569,3834,3412,15.6444,-30.568,8.90592,48.026
72903,3397,3355,3204,3113,3996,3689,3420,3152,6306,4834,3756,3294,12239,6436,4005,3426,25.7683,-26.0462,8.92267,47.748
72904,3459,3441,3186,2996,3869,3758,3388,3201,6056,4804,3849,3269,12298,6333,4033,3434,29.4174,-25.7011,8.50773,47.5827
72905,3257,3480,3930,4208,3266,3785,4752,7154,3467,3854,4990,9456,3357,3571,4381,5448,3.6078,32.9884,8.88206,48.2373
72906,3867,3827,3378,3257,5415,4584,3729,3339,8576,6479,4039,3366,6128,5201,3891,3306,8.49672,-19.2902,8.72063,48.2547
72907,5223,7398,5458,4177,4914,6909,5323,3861,4048,4210,3928,3424,3488,3509,3428,3202,-16.1227,-5.84619,8.51677,48.3333
72908,3093,3302,3477,3363,3191,3501,3702,3897,3375,3777,4732,6009,3306,3919,6245,12493,30.6991,26.2603,8.70217,47.588
72909,8462,6956,4362,3474,7082,5801,3956,3358,4201,4143,3581,3284,3613,3575,3267,3145,-17.9642,-18.2161,8.88211,48.1733
72910,3188,3384,3842,3990,3192,3714,4787,5916,3350,3899,5841,9270,3253,3748,4896,6013,6.86031,22.1732,8.99916,48.1887
72911,3867,4175,3843,3552,4398,6025,5066,3817,4466,7132,5545,3941,4064,4519,4101,3800,2.23541,-3.74892,8.664,48.2073
72912,3162,3100,3353,3330,3193,3578,3864,4012,3516,4107,5626,5936,3675,4536,8170,8882,22.4373,16.0801,8.81339,48.0267
72913,3448,3512,3447,3277,3842,4237,3962,3542,4554,7054,5474,4040,4814,7160,5816,4191,15.5922,-3.87926,8.72541,48.2467
72914,3101,3298,3356,3320,3248,3388,3879,4003,3438,3884,4865,5936,3430,4234,7292,11210,30.1877,20.5807,8.64204,47.9213
72915,3904,5967,9933,6402,3741,4373,5295,4767,3456,3673,3737,3685,3132,3383,3324,3322,-29.9948,7.67728,8.83986,48.0627
72916,4718,8268,8540,4843,4243,4969,4995,4258,3501,3747,3778,3536,3134,3240,3383,3297,-27.833,0.387172,8.87624,48.3
72917,3214,3361,3306,3299,3505,3790,3758,3640,4147,5004,4976,4035,4761,8306,7983,4580,33.9345,-0.234998,8.86676,47.7767
72918,3991,3974,3643,3309,4898,5947,4361,3604,5663,7842,4759,3630,4570,4746,4051,3495,3.87503,-9.31574,8.93675,48.322
72919,3138,3189,3387,3421,3314,3434,3830,3998,3334,3840,4821,6639,3358,3899,6169,12010,24.6336,26.3139,8.87584,47.854
72920,3459,3412,3271,3003,4039,3847,3520,3255,6133,5312,3966,3484,9774,7710,4268,3547,23.3234,-18.349,8.64876,48
72921,3302,3597,3671,3624,3521,4264,5015,4243,3996,5519,8139,5225,3783,4616,5535,4628,8.85752,6.54474,8.9384,48.452
72922,3144,3330,3465,3414,3240,3650,3860,3785,3477,4230,5630,5084,3827,5258,9267,7132,24.2779,10.549,8.9041,47.862
72923,3383,3358,3206,3135,3906,3808,3433,3314,5931,5118,3909,3405,10556,7824,4374,3481,25.0526,-18.9713,8.93996,48.094
72924,3527,4030,4535,4140,3808,5112,7486,5071,3680,4761,6370,4767,3408,3821,4148,3904,-2.15683,6.88148,8.93272,48.3787
72925,4756,8602,8012,4616,4193,4947,4913,4074,3651,3815,3817,3520,3279,3470,3346,3282,-32.9085,-0.555059,8.80102,48.1953
72926,3145,3176,3431,3541,3276,3630,4076,4141,3528,4138,5661,6779,3442,4257,7129,9041,19.513,18.365,8.92284,48.2607
72927,3855,4970,6709,5043,3863,5269,7719,5280,3456,4046,4481,4090,3320,3391,3429,3415,-13.1654,7.12718,8.71719,48.224
72928,3478,3994,4167,3887,3798,5068,6829,4720,3952,4992,6896,4720,3544,3963,4331,3907,0.191055,5.26908,8.73498,48.164
72929,3163,3494,3890,3939,3411,3740,4979,5720,3439,4147,6709,8203,3458,3750,4830,5453,6.06139,18.0337,8.98966,48.2167
72930,5404,7768,5370,4016,5022,6859,5025,3979,3894,4149,3888,3466,3425,3431,3419,3189,-16.8944,-6.32335,8.56614,48.2027
72931,3155,3220,3408,3408,3135,3517,3871,4093,3352,3827,4976,7168,3282,3994,5970,11727,21.7753,26.7422,8.86595,48.0687
72932,3141,3139,3373,3369,3256,3323,3800,3785,3305,3730,4660,6061,3504,3930,6039,12710,27.5464,31.6335,8.8508,47.4167
72933,3549,4168,6149,6842,3404,4081,6825,7712,3368,3695,4528,4621,3082,3298,3612,3761,-12.647,16.8273,8.82225,48.4633
72934,3720,3975,4043,3656,4098,5472,5551,4097,4165,6289,6659,4358,3864,4348,4379,3872,2.7289,0.754624,8.61735,48.364
72935,3102,3226,3413,3303,3212,3397,3798,3869,3336,3745,4722,6261,3442,3914,6038,12315,26.2279,33.7566,8.70564,47.3953
72936,10296,8182,4260,3492,5513,5205,3985,3434,3904,3823,3549,3194,3312,3368,3270,3017,-30.6715,-18.1063,8.77275,47.8693
72937,3357,3509,3699,3557,3505,4016,4788,4261,3691,5039,7879,5677,3652,4421,6147,5248,10.7006,9.22319,8.59363,48.2973
72938,5679,4676,3663,3358,8911,6166,4005,3410,5870,4837,3779,3234,3931,3993,3334,3145,-6.24641,-20.5026,8.97712,47.994
72939,3471,3948,6129,12182,3382,3807,4784,6570,3180,3397,3841,3911,3032,3275,3462,3341,-24.1396,28.1221,8.74955,47.808
72940,3484,3990,4431,4262,3641,4746,7468,5172,3578,4599,6503,4993,3509,3777,4221,3994,-1.59949,8.74208,8.98666,48.2453
72941,3494,3910,5226,5947,3394,4221,7000,7975,3366,3783,4798,5143,3268,3452,3826,3909,-8.56687,17.152,8.75089,48.4747
72942,3212,3526,4140,4420,3458,3937,5340,6866,3418,3921,6011,7962,3283,3850,4320,4934,2.09538,19.9319,8.55538,48.3987
72943,3492,4156,6745,9737,3419,3858,5393,7082,3244,3519,3969,4226,3068,3172,3519,3457,-19.351,20.674,8.80375,48.0373
72944,4519,8028,8344,4778,4113,4968,5086,4399,3498,3785,3711,3695,3238,3431,3315,3306,-33.8473,0.394713,8.68824,48.1427
72945,6040,6773,4509,3637,6201,7312,4503,3569,4359,4440,3758,3475,3518,3569,3436,3246,-13.8693,-12.0894,8.79116,48.23
72946,3378,3379,3161,3204,4024,3805,3441,3160,5982,4729,3845,3406,12758,5891,3866,3316,28.0355,-29.9472,8.80044,47.5633
72947,3382,4348,7551,11023,3455,3859,5109,5811,3198,3524,3772,3862,3092,3178,3306,3465,-29.7271,20.0497,8.99395,47.9567
72948,10770,6343,4115,3439,7145,5051,3854,3314,4228,3891,3486,3178,3445,3395,3213,3114,-20.971,-23.5122,8.74701,47.9873
72949,3314,3380,3193,3172,3957,3684,3516,3291,5994,4784,3739,3352,12718,6062,3969,3325,31.6714,-27.6937,8.85514,47.6333
72950,3684,4047,4360,3871,3865,5351,6650,4666,3822,5293,6496,4487,3522,4101,4334,3784,-0.11522,3.69183,8.59801,48.222
72951,4818,7923,7844,4737,4154,5368,5149,4192,3598,3829,3787,3565,3252,3430,3183,3227,-23.372,-0.153783,8.80663,48.0373
72952,3282,3472,3353,3355,3676,4139,4049,3784,4194,6020,6533,4530,4348,6223,6825,4599,15.8004,1.5144,8.51388,48.2547
72953,3291,3679,4327,4724,3468,4103,5908,7373,3372,3895,5519,6769,3371,3564,4211,4460,-1.53183,18.4056,8.52258,48.0227
72954,3339,3712,4721,5808,3308,3845,5580,9409,3339,3611,4705,6250,3218,3401,3806,4019,-6.04882,23.5709,8.5532,48.0473
72955,3803,5403,9139,6699,3663,4408,6087,5111,3370,3759,3975,3898,3125,3139,3542,3423,-20.7979,9.52201,8.98543,48.3627
72956,5866,6335,4494,3634,6357,7738,4512,3767,4480,4519,3813,3332,3419,3668,3482,3150,-11.9987,-12.3591,8.67993,48.3773
72957,3507,3681,3842,3552,3932,4882,5512,4104,4134,6175,7173,4509,3760,4468,4772,4122,4.92056,2.12364,8.5987,48.0833
72958,3530,4144,5326,5712,3592,4220,7223,7414,3358,3746,4927,4955,3122,3506,3730,3793,-8.605,15.6899,8.92626,48.1987
72959,6309,9173,5342,3883,5032,6049,4523,3849,3761,3946,3743,3372,3367,3373,3348,3182,-21.4418,-8.96542,8.94966,48.168
72960,7293,4896,3802,3340,9741,5344,3775,3439,5224,4472,3707,3270,3751,3677,3325,3093,-10.5528,-33.6211,8.73979,48.0993
72961,3516,4281,7686,10141,3512,3909,5254,6287,3246,3418,3860,3960,3056,3198,3460,3453,-24.0573,18.8768,8.72121,48.158
72962,3372,3414,3132,3130,3914,3903,3462,3186,6438,4942,3808,3319,11524,6732,4000,3452,24.0249,-22.7755,8.69627,47.8187
72963,3328,3418,3286,3167,3769,3707,3374,3323,5863,4650,3746,3351,12557,6019,3985,3454,30.9749,-32.8266,8.6144,47.3313
72964,3059,3197,3393,3400,3236,3521,3855,4060,3427,3851,4971,6494,3423,4215,6935,11200,23.587,21.9632,8.52056,48.158
72965,3256,3525,3243,2975,4086,3865,3466,3275,6523,4976,3809,3491,11128,6931,4144,3478,23.3239,-22.1907,8.77096,48.114
72966,4433,4129,3660,3240,7041,5486,3838,3384,7688,5961,3973,3346,4819,4249,3609,3365,1.44901,-19.8746,8.6434,48.1473
72967,3123,3405,3411,3400,3529,3830,4045,3874,3998,5342,6537,4589,4260,6271,7853,5071,18.2531,3.94393,8.9625,48.3587
72968,3409,3349,3293,3039,3877,3847,3530,3296,6147,4861,3752,3385,11791,6570,4105,3304,26.2764,-24.0944,8.50521,47.7033
72969,8408,9049,4802,3641,5380,5375,4135,3638,3856,3852,3553,3331,3261,3362,3263,3093,-26.2418,-13.7216,8.58157,47.9993
72970,3364,3674,4610,6523,3402,3879,5423,9854,3287,3510,4456,5924,3159,3357,3705,3882,-8.11661,28.2315,8.66122,48.006
72971,5166,4624,3762,3292,8110,6153,3896,3463,6495,5063,3871,3398,4213,4013,3488,3321,-3.49428,-19.9013,8.54366,48.2187
72972,3358,3376,3227,3031,3880,3773,3439,3241,5983,4828,3749,3341,12230,6273,4101,3329,32.3081,-25.3762,8.82775,47.4393
72973,3078,3263,3439,3417,3261,3586,3805,3864,3529,4062,5371,5358,3599,4955,9030,8466,26.1658,14.1304,8.69419,48.0553
72974,3439,3430,3242,3080,3826,3872,3612,3313,5199,5999,4327,3600,6860,9220,5222,3766,21.6411,-10.4155,8.96865,48.0047
72975,5042,6949,5564,3958,4898,7337,5462,3921,3898,4369,4032,3570,3330,3455,3441,3226,-14.5947,-5.12161,8.91774,48.3013
72976,3369,3826,5386,8980,3397,3818,5137,9005,3284,3454,4046,4665,3044,3328,3491,3595,-15.1157,31.373,8.61268,47.8833
72977,4971,7901,6490,4367,4409,5834,5290,4115,3705,3910,3978,3514,3270,3393,3317,3309,-19.5886,-2.76601,8.50431,47.8487
72978,9303,8880,4751,3513,5432,5095,4063,3487,3853,3798,3553,3253,3400,3332,3291,3174,-30.3434,-15.5782,8.83683,48.1187
72979,3435,3329,3359,3027,4050,3872,3337,3205,6156,4977,3861,3354,11122,7328,4095,3485,25.9416,-21.4206,8.5247,47.9947
72980,3240,3256,3452,3385,3165,3461,3871,4160,3380,3829,4999,7362,3458,3995,5743,11304,20.6545,31.4069,8.82211,48.04
72981,3109,3322,3491,3424,3412,3564,3964,3808,3641,4342,5651,5462,3689,4853,8833,7746,22.7811,13.0605,8.82664,48.2073
72982,3178,3340,3462,3439,3228,3510,3769,3791,3573,3970,5018,5589,3488,4442,8525,9585,32.9219,16.7055,8.86164,47.938
72983,3161,3200,3308,3370,3212,3444,3676,3947,3329,3720,4595,6095,3432,3985,6109,12936,28.5845,30.4788,8.87394,47.6793
72984,3636,3703,3659,3330,4060,4883,4369,3617,4928,7849,5895,3941,4410,5515,4857,3795,9.13026,-4.41422,8.59658,48.298
72985,3707,4271,5117,4470,3784,5095,8020,5270,3684,4244,5335,4553,3428,3595,3888,3758,-6.52947,7.51405,8.54131,48.146
72986,4295,4052,3555,3186,6407,5398,3850,3291,7788,6313,3927,3444,4862,4493,3727,3288,2.9534,-18.564,8.81366,47.9173
72987,9213,7307,4302,3522,6525,5518,4122,3436,4079,4009,3463,3286,3516,3486,3282,3036,-20.7671,-18.4897,8.50728,48.068
72988,3718,4970,9573,8309,3551,4150,5081,5089,3244,3512,3785,3840,3003,3352,3381,3310,-28.9678,13.3076,8.99773,47.912
72989,3997,3680,3450,3147,5742,4461,3640,3295,9958,5333,3756,3353,6519,4646,3677,3292,8.19866,-29.3507,8.91504,47.964
72990,3139,3470,3689,3861,3406,3706,4723,5082,3416,4074,6474,8294,3349,3956,5148,6356,9.5499,18.603,8.53962,48.0953
72991,3491,3961,6165,11831,3343,3792,4897,6868,3154,3499,3879,4060,3086,3240,3404,3460,-22.9843,27.8964,8.58939,48.0867
72992,3597,4453,8399,9584,3505,4010,5177,5629,3338,3559,3917,3845,3097,3237,3388,3207,-27.5038,16.6046,8.69168,47.9613
72993,4518,5934,4970,3947,4752,7917,5888,4030,3924,4670,4177,3675,3560,3649,3548,3359,-10.5158,-4.14871,8.80473,48.3453
72994,3991,6146,9638,5863,3738,4599,5351,4663,3365,3710,3838,3677,3165,3274,3350,3215,-33.6839,6.56042,8.60095,47.722
72995,11269,7384,4137,3369,5825,5073,3890,3394,3807,3860,3543,3199,3460,3411,3334,3055,-28.6102,-20.6472,8.67822,48.0067
72996,8837,8877,4610,3570,5446,5143,4093,3588,3853,3893,3503,3234,3381,3496,3195,3276,-33.3981,-14.7139,8.50943,47.9967
72997,3356,3471,3532,3215,3760,4187,3995,3716,4479,6784,5939,4224,4643,6659,5865,4362,14.4442,-1.93599,8.79082,48.1247
72998,3116,3499,3737,3865,3243,3661,4527,5785,3414,3781,5125,9916,3272,3689,4572,6569,8.63652,31.2875,8.73888,47.8473
72999,3122,3200,3395,3355,3331,3665,3920,3914,3671,4338,5775,5152,3811,5276,9517,6930,22.7015,10.4184,8.96546,48.248
73000,3867,5357,8562,6197,3760,4635,6513,5184,3308,3733,4151,3873,3271,3394,3251,3369,-18.9636,8.76878,8.68876,48.2833
73001,3150,3425,3831,3967,3396,3714,4816,5395,3442,4078,6702,8207,3470,3867,5013,5807,7.63203,17.8948,8.56022,48.1867
73002,3126,3257,3326,3357,3277,3372,3816,3873,3245,3790,4770,6059,3335,3914,6182,12533,30.9288,27.5022,8.71369,47.488
73003,10135,5766,3925,3475,7859,5039,3864,3355,4340,4006,3493,3206,3530,3417,3263,3059,-18.1116,-25.6402,8.68385,47.8213
73004,3361,4060,6070,12593,3314,3787,4648,6037,3230,3451,3873,3949,3181,3223,3491,3419,-28.1508,28.2756,8.72229,47.7913
73005,5334,5947,4498,3606,6130,7754,4647,3716,4354,4762,3908,3518,3524,3735,3490,3294,-10.597,-10.9904,8.59496,48.1447
73006,10908,7759,4113,3415,5726,5065,3915,3372,3968,3832,3459,3283,3475,3363,3215,3020,-27.375,-19.6994,8.92965,47.9253
73007,3060,3080,3359,3390,3175,3460,3862,4082,3385,3765,4869,6632,3378,3829,5999,12219,24.2722,28.2734,8.87094,47.696
73008,3171,3374,3678,3658,3354,3695,4514,4830,3426,4107,6591,8152,3373,4029,5702,6822,11.4738,18.3809,8.61598,48.3173
73009,4384,4283,3594,3312,6501,5939,4086,3371,7011,6169,3974,3483,4525,4371,3595,3392,0.90239,-17.0414,8.78646,47.9933
73010,3278,3679,4450,5235,3365,3914,5940,8507,3226,3793,4969,6576,3141,3506,3965,4331,-3.69973,21.2135,8.83897,47.9167
73011,4514,4181,3681,3333,6755,5845,3934,3500,7281,6031,4048,3498,4766,4331,3697,3272,0.937279,-18.0963,8.59391,48.4447
73012,3247,3567,4261,4886,3397,3845,5836,8369,3294,3846,5124,7095,3281,3532,4036,4456,-2.24804,21.0397,8.97916,48.048
73013,3264,3791,4970,6757,3415,3892,5850,9532,3204,3575,4507,5356,3142,3338,3664,3797,-9.25507,22.9513,8.9223,48.036
73014,3506,4400,7557,9618,3559,4021,5497,6189,3268,3499,4014,4017,3058,3128,3468,3407,-22.5303,18.1301,8.60773,48.1373
73015,3352,3335,3474,3328,3512,3987,4120,3762,4233,5993,6474,4462,4223,6410,7073,4782,16.2998,1.66401,8.95878,48.3467
73016,3467,3469,3210,3105,4187,3942,3465,3300,7637,5133,3735,3347,10700,6004,3999,3368,19.7429,-26.0202,8.74227,48.0453
73017,5807,9553,6507,4152,4731,5276,4474,3861,3557,3845,3626,3542,3368,3380,3356,3191,-28.6205,-5.7571,8.5897,48.1507
73018,3178,3267,3391,3327,3235,3485,3742,3859,3422,3757,4847,5931,3449,3945,6882,11927,31.2854,22.3618,8.95853,47.7627
73019,3477,3527,3897,3591,3831,4544,4878,3982,4209,6535,7215,4547,3932,4939,5303,4244,8.4172,1.80668,8.53358,48.434
73020,3436,4411,7425,8278,3486,4131,5867,6422,3224,3611,4096,4182,3091,3252,3492,3548,-19.3455,16.1607,8.81919,47.968
73021,3768,3568,3362,3102,4792,4510,3715,3354,7987,6598,4237,3428,6655,5795,4018,3452,11.652,-17.9796,8.64464,48.2273
73022,12132,6835,4009,3448,6063,4992,3749,3419,3915,3715,3479,3234,3362,3351,3312,3047,-27.7762,-23.3367,8.87033,48.0413
73023,3321,3247,3232,3190,3686,3795,3573,3480,4678,5394,4425,3876,6265,9880,5918,3979,27.951,-7.54318,8.76775,47.9593
73024,4483,7354,8191,5038,4179,5225,5602,4384,3563,3833,3828,3588,3316,3289,3441,3301,-21.9463,1.64995,8.68243,48.41
73025,3589,3542,3355,3212,4916,4247,3546,3355,9549,5162,3807,3350,7807,5262,3869,3284,12.3664,-33.4067,8.60868,47.9013
73026,3819,4545,5091,4365,3930,5770,7910,4684,3681,4515,5192,4217,3359,3758,3758,3608,-7.11286,4.21229,8.96249,48.1347
73027,3831,3765,3422,3142,5716,4462,3588,3340,9916,5244,3887,3341,6501,4698,3660,3288,8.13485,-32.336,8.73291,47.8673
73028,12216,6701,4036,3435,5970,4790,3892,3325,3923,3805,3434,3272,3452,3332,3149,3090,-28.954,-24.0651,8.52785,47.8813
73029,8716,8997,4729,3579,5354,5126,4124,3556,3759,3845,3515,3325,3422,3328,3251,3221,-31.4693,-14.5015,8.62245,47.898
73030,3095,3289,3492,3504,3277,3599,4092,4154,3599,4185,6345,6597,3595,4364,7316,7718,17.5027,15.8329,8.9958,48.1473
73031,3340,3459,3285,3225,3609,3800,3687,3303,4290,5164,4756,4097,5286,9030,7361,4467,30.9239,-2.99359,8.6972,48.106
73032,3393,3350,3365,3231,3715,3873,3771,3500,4801,6085,4614,3765,5824,9035,6066,4004,21.9914,-6.52082,8.77158,48.2613
73033,3834,5523,10054,6376,3616,4394,5341,4893,3372,3667,3844,3895,3149,3284,3316,3387,-33.9747,8.41037,8.96084,47.9633
73034,3649,3502,3325,3170,4725,4239,3538,3284,8147,6162,3952,3484,7649,5838,3992,3426,14.0238,-19.6216,8.7479,48.0547
73035,3151,3330,3527,3709,3266,3505,4227,4546,3488,3998,5877,8319,3319,4045,5804,8123,14.1591,20.9326,8.68517,48.156
73036,3768,4398,5210,4496,3872,5590,7873,4916,3732,4428,5310,4100,3463,3649,3845,3630,-6.82147,5.45903,8.81535,48.1867
73037,3140,3320,3344,3453,3267,3526,3938,4142,3456,3956,5532,6565,3489,4214,7180,9634,21.0085,18.7883,8.60389,48.104
73038,4166,6297,8760,5463,3874,4835,6021,4713,3361,3620,3988,3707,3250,3370,3376,3349,-20.5909,5.2889,8.5954,48.1
73039,3338,3439,3249,3105,3848,3829,3770,3428,5239,5321,4227,3513,7733,9363,5102,3714,26.1988,-12.1054,8.77948,48.1453
73040,3479,3390,3174,2994,4401,4002,3608,3235,7618,5293,3866,3425,9937,6178,4024,3384,18.4306,-22.9916,8.6236,48.0053
73041,3767,4579,6171,4906,3884,5238,8325,5235,3521,4107,4577,4164,3343,3578,3600,3479,-11.1354,6.97232,8.96241,48.316
73042,3186,3363,3453,3402,3449,3754,4306,4151,3596,4571,7144,5800,3747,4688,7613,6239,16.1693,11.1365,8.99124,48.308
73043,3381,3703,3811,3669,3662,4279,5297,4344,3781,5164,7986,5367,3732,4276,5183,4514,7.22777,7.61334,8.53273,48.0993
73044,3411,3362,3237,3100,4282,3801,3457,3205,7120,5076,3837,3354,11041,6119,3968,3473,21.269,-25.2991,8.78366,47.8953
73045,3553,3407,3246,3123,4427,3969,3483,3097,8729,5200,3769,3382,9714,5513,3913,3347,16.4701,-27.9684,8.9714,47.9147
73046,3695,4875,9269,8394,3546,3989,5318,5482,3281,3654,3874,3828,3135,3326,3304,3364,-25.1402,13.8171,8.89346,48.2227
73047,3423,3904,6071,12238,3357,3867,4807,6359,3285,3501,3868,4011,3092,3274,3340,3349,-24.7952,32.9515,8.61951,47.8307
73048,3862,3747,3414,3171,5158,4530,3672,3332,8259,6813,4087,3526,6170,5208,3925,3368,8.90743,-17.9543,8.98311,48.1613
73049,3032,3246,3483,3434,3256,3613,3934,4341,3392,3897,5461,7322,3421,4028,6335,10016,19.4421,22.3775,8.52743,48.1407
73050,3673,4875,9624,7620,3544,4275,5267,5299,3304,3631,3864,3867,3216,3217,3361,3315,-33.9265,12.1286,8.97288,47.968
73051,7279,9793,5355,3636,5022,5238,4315,3650,3841,3810,3600,3339,3295,3477,3219,3191,-28.3539,-11.2258,8.70663,48.04
73052,3415,3255,3200,3189,3817,3766,3441,3241,6318,4694,3791,3408,12382,5961,3911,3455,26.3673,-32.8729,8.74534,47.496
73053,3875,3760,3571,3342,4521,5195,4069,3539,5661,8285,4999,3696,4757,5350,4290,3627,7.48802,-9.46409,8.52313,48.358
73054,6180,9838,6178,3934,4743,5415,4555,3703,3748,3791,3576,3438,3308,3308,3270,3193,-26.2869,-6.87263,8.6496,48.1187
73055,3281,3548,3928,4052,3398,3918,5512,5504,3424,4329,7276,7000,3549,3940,4677,4890,4.14196,14.7577,8.95609,48.1507
73056,4385,4101,3501,3207,7034,4845,3698,3293,9169,5380,3710,3414,5346,4469,3593,3258,3.34675,-24.9644,8.98347,48.2687
73057,3147,3293,3453,3450,3322,3581,3864,3860,3518,3987,5177,5372,3577,4572,8546,9383,30.1135,16.2579,8.53837,48.068
73058,4250,3854,3417,3194,6639,4601,3643,3330,9411,5207,3785,3331,5734,4579,3702,3334,5.09409,-27.3376,8.75987,48.0073
73059,3398,3495,3313,3261,3786,4138,3773,3409,4944,6640,4785,3709,5825,8456,5569,3974,18.9178,-7.22558,8.74957,48.3167
73060,3337,3437,3346,3139,3785,3736,3541,3441,4823,5382,4466,3677,6514,10175,5729,3892,27.2787,-8.52323,8.87044,48.28
73061,3664,4177,4239,3795,4127,6137,6160,4198,4127,5739,5946,4205,3796,4118,4204,3720,-0.81158,-0.190989,8.84746,48.2347
73062,6562,4838,3717,3313,9782,5549,3782,3432,5713,4549,3562,3301,3967,3657,3358,3196,-8.81115,-24.2592,8.88239,48.1853
73063,3335,3361,3182,3059,3949,3881,3508,3247,6230,4984,3931,3451,11574,6939,4082,3325,25.3841,-22.9281,8.66274,48.0253
73064,3955,3794,3430,3102,6191,4484,3617,3362,9936,5254,3827,3430,6185,4718,3637,3304,6.63467,-28.2429,8.79897,48.1507
73065,3313,3606,3892,3651,3583,4333,5195,4449,3793,5213,8173,5409,3741,4272,5353,4583,7.28139,8.04106,8.60356,48.3727
73066,4127,6236,8204,5332,3899,5233,6347,4532,3550,3830,3989,3861,3213,3310,3463,3297,-18.689,4.23012,8.99015,48.282
73067,3335,3427,3226,3197,3850,3721,3350,3175,6058,4838,3746,3392,12418,6333,3965,3333,32.4544,-25.5724,8.55977,47.576
73068,10654,5698,3939,3473,7521,4976,3778,3409,4284,3837,3524,3270,3435,3387,3244,3129,-19.3589,-32.6066,8.60626,47.7053
73069,3306,3551,3525,3388,3609,4040,4237,3922,4032,5467,7072,4616,4066,5693,6947,4911,15.4709,4.1661,8.51044,48.2547
73070,3671,4245,4747,4011,3934,5727,7414,4643,3933,4868,5815,4276,3540,3929,4006,3835,-3.31111,3.70402,8.86193,48.396
73071,4736,4384,3657,3231,7540,6016,4025,3337,6705,5598,3939,3471,4425,4211,3520,3178,-1.45292,-18.6016,8.65713,47.982
73072,3066,3348,3408,3461,3202,3486,3781,3972,3335,3708,4829,6043,3316,3826,6319,12208,33.8891,24.7723,8.64052,47.5387
73073,3654,4573,7090,6357,3671,4452,7091,6079,3325,3773,4299,4165,3163,3328,3565,3507,-15.4688,12.2462,8.54997,48.0613
73074,3267,3579,4206,4622,3349,4001,5990,7241,3331,3861,5838,6991,3320,3733,4346,4553,-0.534221,18.242,8.89332,48.152
73075,3162,3426,3986,4385,3330,3724,4804,6982,3384,3780,5454,9014,3333,3634,4484,5334,3.46902,24.8586,8.54743,48.144
73076,3850,5377,10099,7313,3594,4217,5227,4867,3445,3485,3746,3719,3089,3186,3294,3331,-30.2419,10.528,8.87267,47.8927
73077,3432,3878,4682,4766,3558,4305,7258,6491,3428,4146,5778,5622,3191,3568,4126,4034,-3.4316,13.8417,8.71853,48.1753
73078,3919,4163,3714,3406,5040,6129,4341,3549,5767,7338,4531,3707,4304,4655,3936,3452,2.94292,-10.7818,8.77625,47.9673
73079,3892,5500,9688,6774,3817,4426,5180,4825,3264,3616,3934,3863,3187,3370,3384,3387,-31.9361,9.46949,8.51951,48.0713
73080,3281,3509,3558,3478,3566,4063,4416,3862,4121,5924,7341,4874,4036,5287,6282,4579,12.1466,3.94583,8.6507,48.118
73081,5099,8634,7450,4410,4308,5311,5044,4098,3702,3819,3724,3472,3269,3404,3345,3299,-24.6369,-2.02446,8.57313,48.2587
73082,12880,5920,3975,3461,5757,4712,3684,3358,3867,3808,3489,3274,3365,3461,3214,3133,-31.5592,-31.9819,8.75164,47.572
73083,3717,4823,8575,7772,3592,4337,5915,5603,3241,3628,3931,3933,3013,3277,3448,3348,-21.5228,13.0138,8.82156,48.102
73084,4195,6890,9490,5649,3923,4665,5120,4393,3450,3721,3814,3580,3185,3310,3319,3391,-28.037,4.48582,8.70861,48.0633
73085,3954,6475,9706,5902,3897,4666,5185,4681,3349,3662,3754,3761,3176,3297,3385,3375,-33.5582,5.63403,8.94204,48.15
73086,4459,7146,8559,4966,4179,5094,5523,4277,3434,3769,3944,3775,3290,3316,3423,3285,-22.9279,1.98545,8.61791,48.2927
73087,7729,7972,4628,3649,5977,6163,4278,3568,4039,4065,3534,3346,3438,3379,3370,2986,-19.3099,-13.9181,8.90355,48.0807
73088,3197,3342,3231,3268,3416,3595,3821,3695,3722,4403,5288,4873,3868,5700,9782,6929,26.9594,9.48495,8.85885,48.0867
73089,5081,4321,3645,3280,9043,5089,3735,3380,7466,4769,3664,3341,4610,3985,3528,3216,-2.30379,-30.8496,8.73423,48.102
73090,3395,4134,6486,9894,3347,3943,5340,7127,3199,3522,3834,4165,3081,3153,3463,3487,-19.8812,21.9954,8.53796,47.7133
73091,9666,5757,3899,3284,8349,5247,3710,3238,4546,3933,3564,3244,3612,3533,3223,3130,-16.7756,-25.8284,8.96015,47.9567
73092,3670,3870,3805,3527,4054,5485,5414,4047,4307,6682,6399,4204,3871,4435,4531,3824,3.21093,-0.451474,8.66932,48.0833
73093,3650,3553,3247,3132,4586,4042,3647,3286,9047,5196,3901,3320,8475,5263,3900,3427,14.1614,-32.3388,8.52302,47.7813
73094,3204,3424,3377,3336,3291,3595,3779,3788,3582,4281,5287,5175,3697,4917,9488,7897,28.7619,12.3238,8.54829,48.0787
73095,7766,9570,5024,3638,5152,5107,4192,3592,3872,3878,3590,3425,3320,3355,3251,3194,-32.3113,-12.0608,8.94024,47.9507
73096,4200,4940,4379,3771,4724,7713,5772,4005,4294,5458,4619,3706,3630,3916,3641,3448,-5.41045,-4.25249,8.79762,48.144
73097,9182,6766,4155,3457,7076,5559,3811,3494,4179,3930,3489,3275,3437,3507,3344,3238,-19.0471,-19.6476,8.68659,47.9327
73098,3812,4348,4682,4026,4084,6065,7040,4542,3888,5084,5555,4170,3434,3901,3990,3726,-3.72893,2.28416,8.66078,48.2313
73099,3293,3466,4167,4678,3473,3990,5764,7200,3402,3892,5891,7198,3339,3556,4234,4630,0.228356,19.0204,8.96918,48.1153
73100,3635,4885,9445,8095,3513,4055,5462,5366,3325,3628,3842,3831,3046,3360,3412,3455,-25.11,12.9379,8.86759,48.2367
73101,3968,4346,4255,3707,4480,6908,5802,4035,4285,5978,5274,3966,3848,4002,3932,3530,-1.96092,-2.69652,8.57196,48.2107
73102,3240,3602,4332,5241,3394,3752,5150,9144,3340,3644,4901,7416,3196,3442,4140,4367,-2.48742,28.3008,8.7148,48.2007
73103,3696,4193,4218,3842,3946,5603,6433,4418,4036,5609,6344,4338,3644,4075,4321,3885,0.141613,2.10061,8.79074,48.4007
73104,8867,7962,4524,3481,6115,5540,4053,3497,4003,3922,3522,3261,3425,3449,3321,3119,-21.7826,-16.2477,8.72559,48.0407
73105,3149,3338,3410,3275,3423,3588,3992,3778,3744,4634,6010,5102,3863,5466,9105,6552,22.1061,9.20852,8.63778,48.286
73106,3194,3328,3469,3615,3306,3535,4038,4420,3383,3852,5116,8346,3315,3898,5526,9273,16.2266,33.6472,8.50835,47.7427
73107,3503,3805,3998,3865,3765,4762,6397,4505,3785,5059,7407,4945,3584,4049,4704,4295,2.35161,6.03194,8.79382,48.2853
73108,3449,3498,3277,3163,4066,4100,3682,3277,5813,6215,4202,3592,7441,8242,4644,3686,19.6553,-13.3429,8.60209,48.2313
73109,3372,3805,6288,12547,3406,3808,4847,6078,3239,3368,3699,3932,3224,3237,3452,3398,-32.4923,26.173,8.97219,47.8
73110,3887,3644,3280,3040,5443,4343,3510,3252,9709,5270,3809,3403,7425,4911,3698,3325,10.3376,-28.2818,8.87959,47.966
73111,3603,4287,6624,6973,3528,4238,7026,6925,3421,3664,4357,4350,3101,3294,3567,3386,-14.4126,15.4443,8.73205,48.2293
73112,5269,6389,4838,3694,5556,7977,4890,3727,4173,4607,3994,3430,3514,3517,3427,3225,-12.3328,-8.85072,8.79839,48.1513
73113,6361,4783,3689,3347,9861,5333,3730,3396,5960,4359,3609,3266,3904,3720,3420,3297,-7.88977,-29.4611,8.77452,48.0233
73114,8030,5212,3826,3311,9461,5183,3759,3371,4966,4165,3504,3250,3589,3587,3389,3143,-12.8344,-29.0646,8.59049,47.8307
73115,4200,3906,3354,3196,6479,4628,3550,3345,9926,5219,3783,3274,5765,4404,3636,3271,5.49601,-26.0607,8.95874,47.9573
73116,8680,5419,3766,3436,9043,5355,3800,3313,4745,4060,3501,3262,3538,3486,3241,3145,-14.3808,-26.2985,8.75618,47.86
73117,3652,3773,3425,3150,4684,4723,3735,3303,7160,7446,4244,3531,5906,5748,4212,3553,10.495,-14.875,8.64043,48.1633
73118,3965,6159,10022,5978,3856,4462,5187,4635,3353,3609,3914,3771,3231,3351,3338,3321,-32.4537,6.7437,8.92648,48.1013
73119,3405,3715,4097,3896,3522,4356,6156,5117,3615,4636,7572,5710,3479,3942,4706,4531,2.95172,10.1586,8.8288,48.3033
73120,3498,4187,5932,6070,3612,4277,7338,7232,3441,3705,4504,4699,3193,3366,3610,3727,-11.5814,15.0466,8.68844,48.2607
73121,3418,3269,3270,3072,4035,3775,3467,3288,6262,4844,3827,3354,11911,6621,4084,3328,25.7593,-24.3012,8.62284,47.8833
73122,10409,6981,4107,3438,6498,5242,3992,3520,4081,3855,3604,3274,3405,3504,3174,2985,-22.5825,-20.2068,8.51874,48.046
73123,3298,3335,3356,3289,3616,3791,3731,3480,4419,5163,4595,3956,5291,9413,6892,4193,32.1207,-3.87459,8.52801,47.8787
73124,3345,3573,3716,3526,3593,4384,4875,4069,3932,5805,7789,4979,3786,4649,5540,4492,8.91418,4.77106,8.55584,48.0353
73125,3031,3236,3424,3504,3206,3430,3785,4102,3292,3852,5005,6634,3406,4107,6496,11370,22.9129,23.5952,8.85987,47.92
73126,3830,5228,6395,4943,3948,5403,7760,5127,3583,4088,4448,4043,3195,3379,3606,3519,-11.988,6.53465,8.68787,48.33
73127,3308,3542,3527,3278,3693,4225,4310,3724,4178,6106,7141,4643,4184,5709,6210,4513,13.4983,2.00477,8.55757,48.194
73128,5004,4264,3620,3252,8696,5313,3871,3293,7366,5009,3848,3278,4563,4160,3496,3157,-1.90189,-24.1396,8.68737,48.1267
73129,3165,3189,3673,3977,3294,3598,4356,5687,3376,3755,5260,9944,3333,3757,4812,6951,9.28769,28.7077,8.90641,48.0847
73130,5215,4356,3657,3271,9373,5167,3826,3314,7269,4687,3673,3395,4495,3860,3475,3193,-3.02189,-29.7043,8.65119,48.1507
73131,3231,3609,4252,5296,3421,3763,5109,8992,3389,3691,4822,7695,3152,3446,4037,4466,-2.65092,27.4336,8.9318,48.2473
73132,3518,4605,8774,8853,3496,4115,5557,5645,3249,3339,3874,3848,3118,3222,3425,3328,-24.3227,15.3846,8.8953,47.9773
73133,12231,6410,3896,3494,5947,4704,3748,3368,3990,3791,3492,3097,3349,3471,3184,3085,-30.725,-25.5297,8.71606,47.5047
73134,5039,7000,5396,4125,4964,7094,5416,3881,3920,4321,3921,3613,3526,3541,3496,3238,-14.9061,-5.13664,8.55817,48.3273
73135,8288,5358,3759,3391,9089,5290,3802,3470,4789,4158,3594,3256,3571,3546,3360,3129,-13.6572,-27.788,8.5596,47.9
73136,3345,3897,5929,9849,3378,3920,5219,7938,3312,3514,4023,4383,3052,3258,3432,3410,-17.7735,25.8951,8.61972,47.906
73137,6633,5597,4025,3311,8236,6582,4009,3458,5088,4482,3766,3332,3736,3659,3225,3107,-11.2688,-18.9488,8.53139,48.164
73138,5971,5230,3835,3504,7807,6906,4146,3473,5206,4663,3756,3432,3687,3688,3498,3296,-8.8163,-17.156,8.6327,48.0653
73139,3668,3520,3262,3121,4835,4200,3484,3314,9128,5449,3872,3569,8306,5259,3994,3416,13.5941,-25.5404,8.68292,48.2647
73140,3336,3894,5009,6279,3312,3941,6130,9024,3287,3615,4494,5483,3243,3364,3745,3933,-8.68141,21.1507,8.76314,48.0593
73141,3392,3788,4051,3847,3645,4400,5884,4605,3710,5039,7703,5342,3564,4053,4775,4410,3.88084,8.18329,8.72835,48.1387
73142,3319,3781,5225,6493,3431,4010,6304,8726,3307,3714,4545,5173,3163,3366,3677,3868,-9.70543,19.9866,8.96094,48.068
73143,3560,4201,7212,11522,3467,3914,4802,5806,3240,3459,3834,3836,3096,3153,3270,3400,-28.6392,21.7212,8.61436,47.848
73144,4385,7320,9272,5285,4025,4743,5094,4279,3474,3617,3756,3542,3282,3254,3395,3291,-30.4803,3.18093,8.84791,48.0093
73145,3657,4035,3754,3531,4280,5594,4682,3809,4663,7295,5798,4015,4228,4896,4398,3734,4.60328,-3.88906,8.65341,48.246
73146,5875,8430,5550,3978,5021,6563,4941,3833,3854,3917,3663,3372,3381,3403,3317,3151,-19.1491,-7.43536,8.63052,48.166
73147,3147,3284,3333,3314,3210,3452,3765,3818,3384,3827,4800,6242,3368,3919,6117,12461,26.8649,32.368,8.61445,47.6273
73148,3327,3747,5378,8447,3344,3741,5340,9155,3289,3595,4169,4811,3188,3289,3628,3592,-13.9072,27.3704,8.65654,48.0267
73149,3219,3709,4442,5451,3453,3718,4996,9194,3415,3783,4776,7041,3198,3466,3958,4372,-3.50762,30.5697,8.53054,48.1273
73150,3231,3146,3375,3417,3201,3604,3788,4091,3296,3779,5014,6694,3423,3916,6204,11915,24.1715,25.5419,8.56503,48.0627
73151,5477,7223,4966,3834,5308,7457,4967,3786,3997,4368,3895,3459,3522,3493,3458,3239,-14.6762,-8.50623,8.58551,48.2993
73152,3829,3684,3348,3180,5719,4500,3706,3347,9661,5292,3870,3315,6414,4904,3610,3410,8.298,-33.5289,8.50876,47.8593
73153,3858,4028,3589,3426,4782,5826,4137,3620,5832,7893,4735,3593,4574,4868,4056,3616,4.31822,-9.68383,8.87538,48.2887
73154,6171,8416,5172,3802,5287,6793,4632,3712,4009,4008,3706,3348,3436,3479,3231,3164,-18.3346,-9.26261,8.90852,48.244
73155,3158,3218,3325,3482,3338,3518,3812,4100,3521,4104,5103,6346,3443,4266,7201,10493,23.1757,20.3507,8.78639,48.2853
73156,3366,3410,3267,3181,3875,3820,3507,3218,5409,5164,3992,3476,9508,8631,4539,3546,28.4906,-16.3449,8.86742,47.9393
73157,4403,6271,6394,4493,4232,6330,6477,4357,3625,4205,4141,3676,3375,3467,3525,3270,-14.8675,0.335244,8.71253,48.1607
73158,4637,4577,3804,3384,6839,7114,4240,3486,5820,5864,4016,3398,4222,4011,3584,3191,-2.71502,-14.5184,8.85053,48.1247
73159,4362,3936,3529,3216,7017,4613,3613,3342,9391,5246,3781,3323,5507,4404,3625,3378,3.91389,-28.1936,8.89161,48.1887
73160,5480,4644,3818,3303,8995,5761,4013,3321,6145,4928,3700,3239,4277,3728,3512,3157,-5.17563,-21.7661,8.58218,48.014
73161,3538,4579,7751,7818,3487,4157,6142,6121,3371,3635,4144,4129,3077,3352,3442,3493,-18.957,14.3843,8.7751,48.1573
73162,5021,7225,5961,4192,4664,6809,5591,4076,3799,4110,4126,3620,3397,3406,3313,3257,-15.9984,-3.20815,8.69332,48.378
73163,6144,4872,3747,3373,9909,5297,3747,3396,5917,4335,3632,3223,3925,3731,3428,3240,-7.41129,-33.6039,8.79747,47.944
73164,3487,3503,3180,3097,4172,4040,3608,3243,7190,5501,3929,3391,9592,6759,4051,3392,19.3024,-20.6351,8.84244,48.09
73165,3482,3773,4080,3878,3665,4538,5972,4842,3731,4990,7461,5276,3538,4100,4773,4294,2.97855,7.58216,8.59372,48.262
73166,5594,8029,5364,3849,5240,6865,4897,3688,3974,4187,3846,3473,3395,3449,3359,3164,-17.0971,-7.23642,8.8838,48.2487
73167,3456,3497,3189,3125,4240,4082,3611,3360,6829,5699,4138,3443,8766,7192,4252,3547,19.0292,-18.342,8.78399,48.284
73168,12009,6391,3977,3394,6375,4902,3889,3330,4018,3747,3477,3276,3378,3402,3257,3077,-25.2493,-24.8374,8.81845,47.9327
73169,4152,3946,3522,3271,5923,5339,3815,3400,7929,6625,3967,3457,5162,4676,3806,3380,4.81231,-17.8684,8.7381,48.2467
73170,4013,5826,9587,6553,3915,4533,5575,4771,3408,3653,3706,3822,3096,3350,3283,3298,-24.8048,8.06679,8.71312,48.2593
73171,3734,5148,9329,7280,3689,4274,5721,5111,3440,3572,3899,3890,3099,3389,3269,3409,-24.5224,11.3325,8.65428,48.1687
73172,6335,9729,5806,3938,4757,5632,4500,3807,3683,3862,3709,3295,3283,3298,3341,3130,-25.6218,-8.08255,8.92596,48.07
73173,3314,3443,3305,3213,3578,3790,3874,3682,4211,5395,5635,4259,4669,7548,7681,4611,21.4036,0.264943,8.63775,48.1387
73174,4600,4436,3684,3283,7274,6066,4031,3522,6716,5673,3850,3313,4517,4229,3694,3262,-0.848802,-18.0874,8.97023,48.1
73175,11713,5903,3925,3416,7211,4979,3812,3329,4099,3775,3406,3290,3342,3391,3242,3097,-21.7381,-32.4439,8.97188,47.9533
73176,3146,3535,4224,4889,3418,3815,4938,8581,3377,3622,4812,8057,3217,3543,4110,4674,-0.566667,27.5258,8.85176,47.972
73177,3574,4063,4550,4103,3901,5513,7219,4843,3804,4846,6265,4493,3571,3917,4114,3771,-1.80412,5.21841,8.81137,48.3647
73178,9459,6866,4178,3391,6951,5634,3862,3466,4206,3976,3442,3180,3609,3464,3221,3124,-19.3074,-20.0019,8.61772,48.0193
73179,6157,9173,5758,3924,4831,6055,4738,3887,3802,3870,3801,3506,3197,3316,3204,3120,-22.0132,-7.79807,8.80165,48.226
73180,3746,3700,3457,3183,4415,5022,4155,3619,5532,8086,4943,3747,4822,5647,4412,3663,8.63412,-8.70518,8.73973,48.0993
73181,3212,3364,3670,3560,3435,3857,4452,4242,3647,4617,7641,5775,3678,4510,6709,5674,13.5476,10.5002,8.60792,48.0287
73182,3194,3175,3428,3296,3317,3432,3716,3754,3390,3740,4615,6059,3333,3832,6012,12802,31.6652,32.1972,8.93265,47.3967
73183,10451,5619,3953,3415,7804,5027,3827,3394,4335,3869,3448,3261,3476,3485,3194,3122,-18.6546,-29.6429,8.65136,47.7867
73184,6927,8487,4816,3750,5726,6312,4402,3690,3993,4001,3532,3397,3508,3496,3390,3080,-19.2199,-11.8516,8.73347,48.338
73185,3334,3507,3242,3094,4059,4149,3684,3230,5950,6299,4271,3649,7027,8081,4782,3645,18.6114,-12.7522,8.54388,48.002
73186,6134,5848,4180,3457,7367,7272,4237,3494,4782,4532,3675,3291,3720,3757,3353,3145,-11.3481,-15.5449,8.84492,48.1627
73187,5019,4347,3596,3252,8735,5132,3797,3341,7971,4864,3635,3336,4480,4111,3621,3237,-1.26268,-26.4664,8.9194,48.316
73188,3127,3169,3554,3564,3333,3444,4121,4534,3491,3967,5493,8250,3262,3950,5945,9016,16.489,22.8357,8.92327,48.1467
73189,5140,8037,6450,4287,4482,6033,5254,3860,3731,4093,3783,3594,3373,3452,3371,3298,-19.5884,-3.72087,8.73072,48.1587
73190,3564,3766,3442,3295,4210,4748,4098,3534,5513,8311,5306,3757,4969,5925,4570,3715,10.1333,-7.81692,8.9216,48.482
73191,4311,6081,6690,4611,4017,6012,6585,4532,3686,4050,4268,3697,3349,3479,3421,3343,-15.2361,1.86779,8.82724,48.088
73192,3766,5398,9657,7151,3692,4423,5317,4947,3363,3618,3893,3734,3133,3254,3392,3353,-27.7887,10.2633,8.55055,48.0607
73193,8156,7459,4406,3550,6529,6113,4028,3387,4193,3988,3699,3271,3406,3416,3328,3155,-18.5212,-16.28,8.90112,48.056
73194,3801,4004,3838,3633,4340,5932,5018,3650,4638,7065,5764,4016,3946,4611,4258,3729,2.80688,-3.35282,8.52594,48.162
73195,3859,3809,3381,3166,5673,4606,3664,3280,9361,5922,3945,3370,6378,4851,3800,3267,7.73641,-22.5069,8.74828,48.2213
73196,3580,3775,3528,3271,4587,4935,3960,3341,6461,7828,4670,3668,5279,5534,4202,3571,9.25815,-12.3191,8.50671,48.1267
73197,3245,3222,3399,3360,3215,3392,3786,3809,3386,3832,4727,6079,3315,3898,5909,12607,28.0032,32.1193,8.84661,47.454
73198,3400,3404,3269,3153,3941,3811,3500,3107,5832,4947,3893,3437,10939,7524,4185,3435,29.9139,-19.864,8.91272,47.8513
73199,8605,9048,4762,3642,5299,5046,4135,3450,3952,3890,3578,3321,3372,3458,3336,3108,-30.5384,-14.6155,8.8325,48.0013
73200,3159,3393,4062,4061,3328,3808,4718,6835,3370,3816,5220,9316,3330,3757,4379,5425,4.23396,33.9964,8.55715,47.9847
73201,3380,3612,3915,3927,3536,4162,5659,4872,3610,4684,7951,5820,3450,4074,5000,4577,5.21951,10.3461,8.91644,48.1527
73202,3175,3469,4047,4437,3343,3810,5158,6229,3372,3974,6336,8294,3291,3657,4542,5283,4.22872,19.9027,8.86481,48.278
73203,3471,3943,6006,12014,3433,3746,4802,6621,3194,3447,3810,3928,3111,3217,3301,3312,-23.7572,31.7465,8.64534,47.5707
73204,4055,3930,3384,3173,6213,4644,3698,3293,9796,5234,3823,3371,5984,4565,3656,3267,5.94809,-32.2682,8.54189,48.0573
73205,5686,9637,6830,4144,4608,5136,4475,3908,3672,3662,3559,3429,3272,3482,3234,3252,-29.8536,-4.98676,8.92989,47.9907
73206,3178,3409,3825,3994,3350,3823,4785,5966,3452,3912,6215,8819,3242,3782,4854,5721,6.39966,20.325,8.78147,48.218
73207,3149,3350,3965,4299,3298,3689,4644,7053,3343,3779,5143,9514,3319,3691,4504,5669,4.21088,28.2457,8.88878,48.2727
73208,4389,3978,3399,3139,6843,4868,3650,3429,8921,5422,3781,3315,5304,4444,3691,3283,3.41678,-23.765,8.58796,47.904
73209,3788,4339,4173,3735,4348,6320,5686,4149,4256,6065,5639,4098,3640,4205,4078,3702,-0.496852,-1.23227,8.76258,48.1473
73210,6674,5132,3865,3422,8873,6014,3923,3359,5320,4381,3710,3275,3749,3682,3416,3080,-9.82695,-21.3937,8.51349,47.9167
73211,3614,4439,5757,5023,3617,4926,8181,5775,3487,3906,4892,4380,3235,3564,3749,3670,-9.34031,9.6587,8.65229,48.1433
73212,5503,5932,4273,3575,6277,7795,4676,3599,4586,4863,4031,3470,3645,3709,3493,3264,-10.1622,-11.7243,8.5915,48.4607
73213,3314,3551,3370,3254,3780,4046,3859,3605,4657,6429,5377,4093,4984,7677,6188,4252,17.7838,-3.78994,8.64959,48.2907
73214,3422,3355,3272,3142,4227,3919,3391,3312,7558,4954,3845,3320,11075,5873,3929,3361,19.8692,-32.1647,8.58071,47.97
73215,3617,4026,4669,4229,3869,5206,7622,5026,3637,4584,6065,4606,3543,3717,4064,3999,-3.35885,6.81457,8.7157,48.3193
73216,3796,3769,3398,2987,5638,4402,3561,3268,9868,5313,3852,3363,6912,4843,3767,3275,9.63807,-27.8491,8.72814,48.008
73217,3692,4977,9447,7830,3616,4219,5317,5220,3352,3492,3782,3835,3138,3300,3411,3353,-30.4805,11.9553,8.57329,47.9873
73218,3192,3566,4117,4870,3279,3857,5098,8038,3246,3853,4825,8319,3289,3481,4226,4947,0.410333,30.4054,8.64965,48.1353
73219,3439,3790,4623,5868,3510,3814,5076,9992,3220,3624,4602,6256,3171,3387,3842,4035,-6.08732,33.5383,8.97186,48.166
73220,4555,4110,3597,3303,7672,5155,3825,3326,7976,5430,3796,3239,4733,4370,3633,3249,0.638774,-22.9212,8.52848,47.9793
73221,7390,9517,5094,3635,4997,5320,4402,3600,3749,3786,3528,3346,3355,3410,3311,3190,-32.68,-11.3125,8.56062,47.7533
73222,3152,3176,3286,3377,3169,3412,3781,4002,3319,3809,4887,5954,3363,3940,6627,12173,30.5329,24.2091,8.81595,47.618
73223,3435,3878,4687,4863,3480,4203,7296,6851,3492,4013,5725,5403,3382,3370,4047,4108,-3.97535,14.4956,8.97274,48.1553
73224,11281,7045,4109,3262,5874,5047,3858,3293,3913,3844,3519,3226,3398,3377,3299,3164,-33.7514,-21.273,8.76361,47.6727
73225,3270,3462,4079,4501,3290,3731,4687,7403,3438,3812,5170,8825,3248,3615,4406,5038,2.10064,31.7962,8.59729,47.9833
73226,3531,3667,3725,3455,4003,4761,4467,3715,4695,7616,6249,4056,4281,5415,4863,3980,8.98095,-3.42222,8.96743,48.3193
73227,3149,3754,4464,5296,3220,3963,5580,8892,3305,3749,4855,6687,3229,3506,3969,4389,-3.86028,22.7218,8.80611,48.0047
73228,4300,6883,9422,5451,3951,4749,5191,4556,3356,3650,3794,3670,3143,3310,3274,3175,-27.8051,4.09642,8.50765,47.9167
73229,3333,3992,6435,9622,3425,3968,5616,7368,3214,3558,3897,4283,3026,3282,3325,3433,-18.4561,21.088,8.97818,47.8513
73230,3374,3378,3250,3129,3975,3712,3433,3250,6303,4812,3724,3281,12585,6156,3913,3402,26.7687,-29.1314,8.80845,47.7847
73231,4321,3991,3490,3186,7073,4679,3597,3324,9225,5146,3810,3284,5338,4425,3560,3273,3.08476,-32.0107,8.51793,47.8147
73232,9082,5690,3829,3376,8570,5304,3783,3352,4670,4188,3568,3214,3610,3590,3275,3050,-15.8165,-24.612,8.94067,48.1007
73233,3835,3998,4018,3664,4175,5777,5602,4186,4202,6326,6367,4252,3904,4344,4241,3757,1.72941,-0.2431,8.92708,48.432
73234,3415,3373,3348,3059,3901,3868,3522,3254,5746,5088,3949,3439,10501,7654,4196,3364,28.8147,-18.8384,8.64402,47.7847
73235,5219,8888,7263,4504,4253,5350,5014,3959,3633,3764,3647,3555,3266,3312,3365,3197,-25.3967,-2.40014,8.76523,48.126
73236,8458,5433,3982,3461,8882,5286,3883,3406,4800,4147,3527,3237,3669,3591,3283,3144,-14.0292,-33.472,8.51392,48.126
73237,3376,3415,3340,3029,3791,3914,3506,3278,5109,5306,4251,3565,7686,9494,5027,3711,29.1869,-11.7216,8.54462,47.8653
73238,3304,3450,3440,3307,3559,3945,4159,3780,4139,5655,6716,4592,4120,5994,7136,4854,16.162,2.66209,8.61436,48.1
73239,3334,3414,3246,3213,3752,3775,3565,3375,4879,5336,4406,3575,6824,9861,5722,3902,29.3177,-9.55476,8.75307,48.1193
73240,3794,4988,8910,7326,3534,4375,5985,5477,3384,3639,4121,3859,3148,3239,3395,3442,-21.5496,12.1936,8.59754,48.4107
73241,3699,3594,3280,3227,5003,4225,3573,3350,9511,5237,3787,3309,7693,5000,3874,3372,11.9178,-32.8148,8.73326,47.8227
73242,3216,3597,3861,3816,3568,4182,5503,4806,3634,4801,7815,5817,3617,4197,5162,4711,5.72275,9.81044,8.63026,48.202
73243,3220,3387,3812,4080,3405,3603,4606,6518,3475,3960,5111,9694,3382,3612,4496,5855,5.44338,31.6423,8.97429,48.144
73244,3835,5103,7182,5395,3771,5044,7439,5206,3510,3914,4338,4184,3251,3415,3517,3476,-14.8229,8.12658,8.50344,48.3867
73245,7243,9574,5288,3904,4904,5357,4240,3674,3764,3800,3577,3382,3330,3446,3354,3245,-28.9378,-10.5911,8.72662,48.0547
73246,3250,3525,4169,4709,3356,3851,4923,8130,3376,3742,4850,8283,3226,3504,4164,5111,0.288889,29.9294,8.55571,48.1127
73247,3498,3879,5389,5968,3447,4163,7006,7731,3437,3773,4748,5174,3082,3480,3688,3735,-9.13933,16.907,8.62597,48.132
73248,3491,3407,3312,3147,4268,4357,3696,3320,6145,7129,4563,3690,6343,7179,4497,3649,15.1609,-12.1799,8.74044,48.1287
73249,3189,3201,3353,3431,3261,3475,3863,3898,3359,3709,4679,6183,3368,3925,6347,12243,32.6597,25.7715,8.53975,47.656
73250,3561,3539,3236,3100,4670,3931,3522,3284,8833,5159,3858,3380,9483,5479,3788,3329,16.3363,-28.0259,8.79686,48.1013
73251,3201,3383,3847,4163,3217,3801,4785,6338,3346,3890,5781,9218,3314,3675,4659,5557,5.37296,22.7988,8.98131,48.1167
73252,5120,7220,5192,4011,5138,7328,5160,3905,4003,4308,4016,3543,3353,3604,3454,3228,-15.0738,-6.28225,8.92235,48.3887
73253,3259,3251,3423,3368,3385,3675,3905,3661,3666,4528,5338,4624,3902,6271,9633,5979,33.6728,6.61982,8.52935,47.912
73254,3382,3321,3245,3156,3957,3757,3429,3235,6041,4701,3826,3339,12503,5935,3943,3400,28.8458,-33.0707,8.66332,47.4467
73255,3270,3434,3471,3364,3504,3809,4104,3733,4049,5369,6485,4593,4145,6262,7758,5025,18.035,3.65082,8.61261,48.25
73256,5632,9400,6724,4071,4531,5506,4759,3883,3691,3795,3705,3395,3290,3372,3332,3208,-25.1677,-4.97675,8.79285,48.196
73257,3499,3418,3246,3073,3788,3728,3366,3219,5960,4822,3775,3274,12134,6873,4068,3339,29.0651,-23.1185,8.70472,47.7213
73258,3595,3972,4154,3806,3875,5119,6188,4421,3960,5563,6792,4513,3766,4106,4416,3909,1.80949,3.49517,8.79764,48.1033
73259,3277,3716,4715,5868,3361,3849,5433,9734,3274,3585,4607,6334,3177,3418,3884,4112,-6.38016,26.496,8.55862,48.2293
73260,3406,3766,4468,4707,3394,4212,6865,6738,3685,4051,5850,5807,3301,3643,4092,4234,-2.52117,14.6659,8.71275,48.146
73261,3464,3451,3274,3194,3917,3852,3474,3290,5860,4716,3853,3379,12209,6220,4004,3249,33.3451,-25.4408,8.59149,47.604
73262,3009,3108,3315,3381,3313,3539,3805,3862,3447,3939,4998,5586,3583,4391,8253,9940,29.569,17.3344,8.86681,47.646
73263,3426,3590,3437,3219,4094,4347,3883,3435,6102,7605,4696,3725,5809,6837,4591,3731,13.6798,-11.1757,8.7973,48.3513
73264,4373,3970,3478,3230,7379,4706,3623,3304,9239,5143,3773,3393,5381,4440,3666,3357,2.86553,-30.4262,8.61026,48.3033
73265,7184,9011,5184,3656,5347,5779,4351,3667,3824,3988,3728,3326,3395,3282,3257,3079,-22.5476,-11.4419,8.51656,48.0387
73266,3296,3336,3219,3203,3963,3825,3362,3204,5723,4897,3842,3413,11560,7038,4037,3197,32.6949,-21.6316,8.8866,47.41
73267,3230,3279,3325,3228,3435,3777,4038,3662,3844,4810,5831,4700,4179,6269,9028,5796,22.1411,5.97665,8.57923,48.2873
73268,10699,5793,3812,3283,7749,5038,3767,3513,4238,3913,3459,3278,3528,3318,3221,3073,-19.2048,-27.271,8.85443,47.788
73269,3549,3454,3320,3054,4462,4133,3543,3326,7969,5537,3985,3457,9230,6025,3949,3395,16.8591,-22.2431,8.66304,48.2587
73270,3420,3352,3261,3137,3801,3842,3604,3367,4863,5182,4447,3765,6496,9830,5692,4014,33.0694,-8.30435,8.73446,48.0487
73271,3162,3420,3883,4453,3306,3749,4653,6929,3416,3813,5226,9177,3223,3694,4426,5411,3.31166,26.7944,8.58438,47.9607
73272,3361,3403,3251,3042,3867,3880,3468,3262,5980,5270,3973,3443,10046,7848,4328,3454,24.4315,-18.3204,8.80026,47.9173
73273,3142,3174,3307,3394,3185,3634,4022,3875,3545,4061,5311,5937,3490,4288,7717,9826,24.0683,17.906,8.57765,47.9387
73274,3118,3291,3756,3830,3326,3600,4344,5361,3330,3764,5426,9728,3236,3672,5003,7079,10.018,25.7117,8.94917,47.9093
73275,3365,3720,4358,4160,3620,4430,6803,5271,3612,4469,6946,5415,3526,3866,4514,4266,0.529636,9.79364,8.61527,48.2273
73276,3087,3263,3488,3393,3311,3686,4078,4119,3590,4232,6154,5999,3621,4728,8018,7747,19.2712,14.1304,8.95839,48.3427
73277,5481,7207,4946,3829,5402,7303,5043,3855,4136,4214,3835,3493,3414,3609,3512,3216,-14.973,-8.13763,8.50472,48.33
73278,3377,3967,6045,11764,3466,3776,4883,7001,3261,3325,3898,4065,3190,3270,3396,3413,-22.1645,29.2907,8.83757,48.0647
73279,3287,3534,3593,3513,3608,3818,4499,4047,3766,4911,7424,5389,3795,4822,6852,5588,13.7983,8.79052,8.59301,48.2973
73280,3521,3499,3251,3212,4507,4064,3434,3273,8756,5191,3838,3361,9199,5511,3902,3295,15.4499,-33.0735,8.8483,47.876
73281,3528,4036,6106,6051,3653,4220,7397,7003,3340,3723,4568,4540,3212,3419,3663,3586,-11.8729,14.4958,8.97215,48.03
73282,3443,3405,3226,3119,4127,3972,3548,3297,6832,5538,3910,3460,9198,6931,4259,3423,19.8486,-19.23,8.52676,47.792
73283,3535,3607,3564,3428,4026,4797,4203,3560,4794,7781,5720,4057,4566,5814,4889,3971,9.58895,-4.82877,8.61814,48.208
73284,4391,4125,3617,3322,6545,5840,3895,3429,7357,6241,3962,3538,4864,4426,3705,3344,1.90861,-17.4637,8.59937,48.4007
73285,3405,3344,3203,3099,3943,3879,3553,3201,5992,5069,3784,3292,10922,7178,4134,3425,33.617,-20.6493,8.58503,47.6153
73286,3129,3432,3744,3732,3303,3794,4830,4736,3595,4378,7580,6905,3460,4233,5653,5576,9.71566,13.992,8.93422,48.0533
73287,5126,8633,7332,4629,4347,5471,4943,4056,3571,3884,3692,3467,3258,3314,3242,3187,-23.5941,-2.20147,8.71428,48.1013
73288,3426,3341,3207,3026,4137,3831,3349,3217,6828,4944,3884,3366,11708,6113,4061,3389,22.9073,-26.0168,8.57955,47.8847
73289,12473,6097,3984,3333,6352,4794,3845,3321,4046,3773,3317,3166,3467,3512,3255,3172,-26.21,-28.3228,8.81161,47.938
73290,3267,3489,4050,4475,3369,3771,5026,7009,3397,3804,5719,8519,3240,3633,4395,5232,2.58732,21.8645,8.65905,48.2633
73291,3532,3629,3402,3099,4724,4241,3566,3222,8480,5621,3952,3394,8308,5653,4003,3345,14.2121,-22.417,8.57056,48.114
73292,3440,3946,6237,11421,3248,3846,4948,7161,3210,3450,3872,4166,3118,3134,3374,3435,-22.2657,26.1053,8.67651,48.004
73293,3101,3262,3405,3380,3259,3431,3920,4002,3461,3839,4772,6853,3416,3967,5939,11824,23.2178,29.2427,8.52815,47.8873
73294,3137,3286,3423,3376,3200,3400,3910,3952,3277,3837,4753,5962,3379,3877,6217,12494,29.5102,28.5563,8.50192,47.6533
73295,3037,3424,3941,4315,3266,3741,4972,6603,3326,3859,5872,8918,3344,3632,4687,5329,4.4039,22.053,8.93972,48.1773
73296,3258,3870,6086,10363,3313,3813,5156,7886,3164,3469,3867,4389,3097,3252,3424,3431,-18.7511,25.0924,8.70361,47.892
73297,3200,3352,3360,3322,3502,3842,3688,3521,4427,5025,4758,4042,5251,9168,7247,4215,31.6243,-3.07565,8.64213,47.9467
73298,3214,3365,3773,3764,3321,3935,4692,4948,3399,4136,6829,7886,3341,3994,5508,6056,9.83665,17.2397,8.78793,48.1073
73299,4743,4785,3916,3473,6324,7611,4483,3554,5118,5657,4169,3566,3868,4070,3749,3315,-4.67222,-12.1686,8.75281,48.2673
73300,3296,3391,3270,3129,3947,3917,3556,3300,5307,5610,4168,3528,7910,8946,4944,3771,24.5047,-12.7292,8.58936,47.9933
73301,3376,3539,3267,3237,3811,4048,3783,3562,4788,6639,5133,3912,5361,8099,5979,4188,18.5896,-4.8986,8.85993,48.4813
73302,3717,3950,3771,3530,4343,5767,4925,3735,4644,7231,5773,4039,4150,4602,4274,3730,3.73044,-3.21999,8.65691,48.1207
73303,3781,4572,5553,4528,3996,5614,8185,5062,3636,4161,4948,4233,3343,3558,3771,3676,-8.46754,6.07484,8.94117,48.4113
73304,3438,3984,5610,6216,3536,4123,7086,7598,3481,3764,4589,4914,3095,3394,3733,3722,-10.5144,16.3065,8.67823,48.1887
73305,12375,6253,4028,3361,6120,4637,3855,3343,3896,3755,3471,3350,3384,3389,3152,3110,-28.909,-27.6888,8.51108,47.6527
73306,3080,3230,3358,3339,3304,3532,3799,3885,3649,4014,5178,5562,3584,4551,8640,9215,26.4296,15.8085,8.90013,47.9467
73307,4294,6600,9385,5481,3823,4679,5514,4587,3411,3678,3765,3708,3269,3305,3390,3230,-24.0368,4.58214,8.63746,48.0793
73308,3584,3918,3765,3755,3878,5139,5576,4183,4140,6049,6869,4297,3808,4395,4674,3981,3.80556,1.57429,8.7102,48.0073
73309,3277,3538,3959,3905,3533,4295,5670,5076,3716,4635,7671,6052,3412,3966,4903,4686,4.88145,11.2384,8.51256,48.196
73310,4339,7244,8282,5027,4136,5111,5648,4359,3667,3813,3950,3610,3212,3329,3377,3249,-21.5896,1.7883,8.66897,48.2353
73311,3464,3784,4865,4881,3534,4318,7373,6583,3513,4077,5624,5425,3333,3431,4056,3995,-4.65301,13.4447,8.67272,48.1707
73312,3307,3772,4702,5139,3456,3931,6295,8239,3311,3848,5202,6210,3321,3530,3910,4208,-4.11244,19.1948,8.6591,48.254
73313,3376,3398,3248,3144,3986,3593,3422,3238,5962,4820,3715,3422,11994,6749,4060,3470,27.9547,-24.2135,8.60609,47.7313
73314,3393,4052,6547,12054,3337,3791,4845,5948,3305,3433,3800,3915,3215,3172,3462,3354,-31.2113,24.0954,8.55978,47.7487
73315,2973,3200,3382,3361,3259,3417,3909,3975,3426,3827,5051,6925,3476,4064,6682,10932,22.6848,22.5368,8.62868,47.906
73316,3326,3713,4432,5743,3293,3934,5458,9647,3372,3640,4558,6542,3180,3415,3840,4226,-5.33764,26.8163,8.80353,48.2127
73317,4046,6298,9760,6188,3792,4504,5219,4646,3458,3684,3794,3653,3162,3316,3316,3390,-29.6455,6.58708,8.62062,48.1507
73318,3691,3444,3282,3070,4476,3939,3433,3205,8501,5103,3798,3344,9770,5619,3843,3469,16.7701,-28.7869,8.72429,47.9913
73319,3069,3381,3661,3865,3315,3653,4390,5618,3415,3854,5259,10020,3365,3740,4883,6774,9.03171,28.3104,8.95191,48.1747
73320,3312,3771,5034,7017,3393,3864,5563,9756,3299,3541,4312,5656,3118,3279,3664,3821,-9.51112,25.9544,8.73177,48.2667
73321,3194,3282,3401,3443,3244,3393,3879,3840,3494,4130,5181,5378,3487,4588,8678,8922,33.3272,15.2777,8.5243,47.6893
73322,3743,3561,3324,3082,4892,4259,3449,3369,9162,5251,3792,3304,8644,5295,3803,3367,14.1083,-30.9311,8.9513,48.198
73323,3207,3380,3450,3278,3410,3556,3803,3718,3790,4495,5346,4633,3947,6311,9999,6059,32.801,6.60193,8.97784,48.2547
73324,3130,3199,3369,3403,3199,3506,3716,3918,3458,3640,4773,6326,3392,3960,5932,12699,26.9162,28.5479,8.74378,47.7467
73325,4027,4861,5586,4448,3935,6079,7690,4666,3664,4309,4722,4063,3392,3623,3634,3553,-9.41708,3.63626,8.52004,48.168
73326,3608,3472,3346,3125,4806,4092,3465,3234,8675,5206,3718,3343,9224,5419,3830,3443,15.5172,-28.5444,8.82272,48.004
73327,11948,6326,3997,3431,6547,4881,3733,3381,4149,3855,3498,3190,3388,3493,3164,3133,-24.6812,-26.1468,8.54723,48.076
73328,12762,6113,3889,3411,6082,4796,3755,3271,4014,3744,3465,3265,3426,3248,3248,3138,-27.2921,-29.7551,8.92085,47.7513
73329,3331,3960,6697,11949,3483,3769,4855,5916,3278,3419,3871,3899,3191,3140,3441,3408,-33.4388,23.2704,8.77454,47.738
73330,3787,3733,3423,3106,5026,4714,3712,3236,8242,6716,4118,3501,6339,5502,3968,3420,9.95798,-18.0979,8.92138,48.362
73331,3397,4069,6884,11964,3419,3796,4847,6112,3234,3417,3746,3869,3162,3246,3382,3497,-29.2516,23.1276,8.94774,48.0273
73332,3316,3570,4026,4212,3372,3987,5231,5786,3479,4096,6731,7490,3413,3745,4750,5048,4.08184,16.7522,8.72958,48.168
73333,3139,3192,3312,3190,3439,3620,3825,3854,3826,4520,5249,4759,4114,6045,9792,6224,27.5195,7.06115,8.77584,48.0667
73334,3422,4017,6121,11682,3460,3796,4985,6927,3252,3382,3833,4044,3090,3214,3370,3431,-22.8503,26.5247,8.87927,48.0173
73335,4023,4387,4082,3592,4697,7042,5333,3888,4594,6488,4980,3892,3860,4299,3964,3548,-1.22827,-4.75124,8.77163,48.446
73336,3759,5303,9957,7487,3641,4265,5117,5012,3344,3532,3807,3779,3173,3288,3255,3410,-29.0605,10.7831,8.99737,48.086
73337,3321,3372,3257,3256,3639,3841,3821,3435,4783,6095,4736,3792,5789,8851,5923,4099,21.0254,-6.52513,8.80901,48.0067
73338,3254,3542,3735,4004,3290,3774,4448,6546,3400,3791,5157,9789,3335,3664,4494,5920,5.75341,29.2618,8.8569,48.0953
73339,5924,7178,4953,3656,5555,7247,4834,3863,4086,4349,3783,3414,3454,3595,3501,3205,-14.891,-9.82149,8.5997,48.398
73340,4249,4650,4207,3402,4929,7627,5229,3822,4623,5931,4669,3693,3808,4117,3773,3416,-3.24419,-6.04568,8.98252,48.0967
73341,3959,6088,9716,6139,3799,4554,5218,4528,3387,3689,3787,3802,3284,3323,3484,3352,-31.6492,6.77867,8.69194,48.0727
73342,6063,9500,6093,4040,4704,5619,4580,3730,3718,3896,3679,3411,3297,3494,3280,3181,-25.3235,-6.87542,8.69549,48.19
73343,4144,5190,5983,4549,4037,6076,7457,4812,3656,4099,4514,3918,3372,3532,3630,3420,-11.6978,2.96343,8.6877,48.2593
73344,2988,3219,3397,3313,3222,3483,3824,3941,3483,3995,5234,6290,3401,4213,7244,10726,23.7638,20.2142,8.99642,47.982
73345,3470,3442,3349,3182,3966,3918,3598,3353,6008,5912,4117,3498,8515,8083,4469,3504,20.6236,-15.6336,8.78482,48.256
73346,3565,3485,3306,3188,4293,3865,3473,3264,7816,5002,3759,3488,10754,5646,3875,3383,19.07,-31.4863,8.81772,48.108
73347,5278,5874,4395,3659,6088,7915,4728,3709,4413,4732,3945,3462,3614,3679,3465,3279,-10.3328,-10.841,8.67027,48.1567
73348,4111,4126,3767,3361,5435,6382,4198,3386,5826,7224,4473,3566,4521,4536,3953,3324,1.77563,-11.6271,8.85642,48.126
73349,9178,8684,4793,3630,5539,5247,4078,3482,3845,3833,3490,3172,3277,3392,3189,3172,-26.921,-15.2824,8.85497,48.0007
73350,3386,3335,3254,3129,3969,3884,3488,3242,5875,4946,3848,3483,11308,7231,4089,3431,29.9821,-21.1278,8.72182,47.932
73351,3278,3397,3380,3136,3863,3940,3655,3309,5442,5847,4228,3547,7402,9227,5082,3837,22.6048,-11.9363,8.66694,48.38
73352,3977,5929,9736,6406,3666,4357,5469,4872,3383,3620,3886,3728,3149,3280,3264,3292,-25.2351,8.42297,8.76028,48.0093
73353,3385,3921,6077,12470,3427,3824,4821,6481,3242,3368,3673,3875,3183,3240,3331,3434,-25.095,29.9843,8.89108,47.8347
73354,3153,3345,3390,3435,3454,3548,3848,3695,3776,4602,5192,4692,4001,6239,9724,5861,33.3352,6.26794,8.75386,47.97
73355,3129,3202,3426,3290,3320,3284,3767,3989,3401,3652,4753,6094,3475,3979,6032,12852,28.4793,31.5032,8.92486,47.7633
73356,4337,3927,3537,3280,7314,4768,3692,3281,9026,5110,3736,3323,5216,4441,3687,3407,2.71335,-33.1299,8.67194,48.0547
73357,3468,3401,3348,3096,4180,4024,3503,3280,6368,6330,4145,3633,7813,7423,4548,3618,18.3394,-15.1687,8.74888,48.1187
73358,3277,3702,4419,5060,3422,3877,6141,7968,3289,3690,5458,6754,3262,3563,4073,4188,-2.57777,19.2811,8.99431,48.0953
73359,3383,3905,6074,11676,3437,3813,4821,6733,3226,3588,3841,4077,3115,3145,3335,3420,-23.2257,31.1934,8.51288,47.726
73360,3373,3786,4454,4821,3504,4096,6654,6902,3503,4057,5908,6080,3199,3604,4164,4363,-2.21728,15.5196,8.51849,48.312
73361,3418,3826,5648,10919,3399,3899,4939,7603,3290,3473,3893,4190,3179,3323,3364,3472,-19.3325,31.5099,8.94634,47.89
73362,3263,3539,4134,4603,3340,3786,5320,7553,3347,3794,5513,8029,3205,3750,4267,4861,0.663706,22.3879,8.59773,48.2027
73363,9493,6247,4047,3463,7732,5534,3851,3393,4408,3963,3489,3168,3474,3545,3200,3044,-17.5902,-22.009,8.86375,48.034
73364,3388,3352,3288,3110,3773,3768,3598,3339,5113,5220,4278,3546,7606,9677,5173,3712,29.2518,-11.4944,8.86146,47.9607
73365,3293,3366,3316,3158,3970,3769,3480,3277,5466,5082,4068,3511,9668,8464,4331,3569,33.742,-16.7284,8.75694,47.8587
73366,4713,6468,5376,4127,4829,7383,5747,4074,3969,4350,4076,3652,3510,3646,3538,3328,-13.3783,-3.92429,8.70006,48.524
73367,3362,3950,5900,12045,3371,3902,4831,6716,3235,3513,3799,3949,3145,3267,3332,3386,-23.4565,30.0383,8.5614,47.802
73368,3214,3254,3521,3585,3219,3610,4157,4873,3398,3934,5111,9335,3365,3887,5158,8281,13.472,32.4829,8.65015,47.9347
73369,3434,3395,3228,3063,4064,3906,3428,3307,7226,5090,3870,3361,10687,6439,4058,3361,21.225,-23.3194,8.65867,47.9447
73370,12154,6250,3880,3376,5983,4857,3784,3386,3968,3756,3606,3257,3395,3446,3266,3000,-33.3725,-25.7117,8.66042,47.576
73371,3559,3531,3338,3196,4301,4339,3633,3340,6558,7099,4385,3540,6442,6830,4470,3464,14.6143,-13.6187,8.78729,48.0167
73372,7334,7992,4845,3637,5748,6139,4361,3572,3840,4054,3549,3381,3441,3499,3326,3132,-19.5795,-12.9333,8.52782,47.9
73373,3442,3602,3417,3236,3922,4372,4075,3685,4884,7351,5541,4039,4900,6793,5311,3967,13.6957,-4.82191,8.71684,48.358
73374,5013,5174,3977,3458,6323,7728,4548,3609,4863,5320,4025,3440,3915,3807,3548,3255,-6.7686,-12.7264,8.72978,48.002
73375,3546,4273,6915,7272,3516,4162,6704,6883,3169,3729,4234,4244,3108,3305,3568,3398,-15.8502,15.7254,8.86689,48.0173
73376,3115,3143,3401,3353,3221,3569,3876,4004,3410,3951,5221,6115,3484,4197,7475,10268,24.8239,19.1876,8.61562,47.8687
73377,4514,4135,3506,3218,7752,4936,3744,3352,8698,4924,3750,3393,4909,4195,3670,3232,1.32394,-31.5566,8.73023,47.952
73378,4742,6025,4951,3757,5132,7993,5385,3846,4095,4799,4166,3578,3467,3632,3461,3264,-11.0549,-6.1601,8.7066,48.1953
73379,4920,4275,3575,3251,8565,5065,3767,3393,7802,4877,3674,3301,4686,4125,3564,3205,-1.12923,-27.9136,8.53173,48.03
73380,5173,8875,7630,4467,4373,5328,4867,4050,3544,3817,3668,3563,3246,3248,3278,3256,-25.5607,-2.26145,8.69179,48.2553
73381,3726,3666,3327,3005,5100,4230,3555,3314,9773,5536,3891,3401,7517,5116,3766,3323,11.3564,-25.5522,8.94414,48.164
73382,3159,3261,3406,3418,3268,3545,3829,3782,3541,4226,5315,5242,3684,4984,9397,7984,30.9546,12.7107,8.54761,48.0273
73383,9607,8464,4439,3494,5564,5051,4052,3514,3803,3894,3535,3278,3348,3390,3273,3145,-31.2063,-16.5363,8.64498,47.9007
73384,3669,3738,3622,3372,4157,5055,4366,3611,4758,7929,5775,3976,4382,5486,4664,3923,8.26735,-4.32157,8.70587,48.322
73385,3428,3719,4915,7044,3276,3892,5274,9705,3304,3615,4347,5216,3207,3285,3606,3801,-10.111,32.5233,8.71634,47.756
73386,4550,4335,3655,3256,6875,5941,3964,3348,7121,6015,3898,3385,4662,4340,3568,3361,0.276055,-17.8355,8.63425,48.1827
73387,3401,3839,4165,4005,3564,4447,6344,5176,3632,4585,7210,5736,3413,3944,4674,4338,2.12377,11.0253,8.5161,48.3153
73388,6254,4711,3758,3338,9850,5252,3707,3422,6142,4468,3652,3296,4045,3868,3375,3184,-6.74131,-31.8245,8.80078,48.2147
73389,3366,3875,5778,12118,3388,3791,4910,6833,3195,3495,3775,3932,3176,3184,3486,3284,-23.232,30.1436,8.93212,47.724
73390,3167,3409,3818,4081,3234,3621,4505,6222,3451,3866,5349,9952,3205,3701,4477,5970,6.35684,27.4189,8.89681,48.0187
73391,6415,5765,3923,3381,8082,6796,4073,3508,4915,4599,3766,3293,3658,3547,3381,3148,-10.7812,-17.7916,8.83207,48.1667
73392,3447,4042,6802,11045,3491,3784,5085,6608,3328,3572,3739,3978,3140,3114,3378,3322,-23.1517,22.0186,8.80348,47.9167
73393,3374,3620,3723,3456,3726,4597,4788,4009,4178,6518,7303,4521,4046,4916,5256,4160,8.36102,1.61248,8.72819,48.1273
73394,5275,9053,7325,4489,4420,5085,4769,3998,3631,3834,3741,3565,3343,3366,3279,3158,-28.715,-2.58788,8.90817,48.2207
73395,6882,9784,5515,3947,4804,5220,4414,3657,3660,3762,3516,3373,3419,3443,3377,3256,-31.455,-9.1338,8.53292,48.0193
73396,4930,4385,3552,3336,8210,5242,3742,3359,7617,5160,3820,3314,4582,4093,3559,3210,-1.06974,-23.5394,8.75978,48.074
73397,3486,3387,3162,3148,3900,3877,3610,3310,5759,5841,4113,3558,8120,8521,4763,3712,22.054,-14.2162,8.61762,48.178
73398,4276,5175,4616,3879,4558,7459,6312,4037,4078,5116,4642,3774,3545,3778,3637,3491,-7.02904,-2.68875,8.60054,48.2487
73399,3953,4762,4752,3854,4314,7026,6756,4360,3987,5160,4883,3878,3684,3824,3819,3518,-5.62396,-0.754847,8.68604,48.3533
73400,4988,4205,3463,3210,8598,5041,3769,3303,8018,5020,3704,3326,4663,4071,3523,3203,-1.14731,-27.8176,8.66987,48.07
73401,3627,4978,9563,7861,3544,4296,5203,5052,3316,3548,3987,3786,3153,3301,3444,3410,-29.9968,12.4257,8.82812,48.046
73402,3051,3132,3283,3262,3185,3455,3828,3938,3384,3850,4901,6018,3437,4093,6727,11954,27.7435,23.5644,8.79127,47.6653
73403,6550,4783,3736,3336,10012,5235,3744,3368,5978,4291,3614,3296,3856,3785,3362,3111,-8.42843,-32.518,8.96392,48.038
73404,4006,3643,3443,3236,6254,4651,3549,3390,9638,5188,3880,3390,6021,4623,3693,3346,6.36283,-32.9019,8.57404,47.9673
73405,3314,3329,3247,3330,3485,3701,3793,3549,3985,4763,5158,4397,4425,7370,8951,5237,28.3825,2.79461,8.50365,48.0227
73406,3678,3598,3311,3036,5092,4343,3513,3345,9449,5651,3859,3429,7558,5152,3829,3277,11.8549,-24.2535,8.94963,48.08
73407,7577,6645,4309,3515,7052,6290,4182,3477,4382,4094,3620,3295,3617,3545,3295,2991,-15.8756,-17.2247,8.64547,47.924
73408,3460,4028,4811,4667,3661,4591,7671,5872,3491,4217,5908,5023,3313,3675,3986,3890,-4.17689,10.7876,8.52531,48.176
73409,3238,3458,3857,3690,3531,4009,5126,4549,3678,4825,8375,5843,3572,4257,5485,4753,7.80809,9.72807,8.8908,48.164
73410,3170,3213,3427,3445,3305,3405,3854,3956,3476,3730,4761,6053,3424,3893,6063,12466,32.805,27.2698,8.56312,47.7607
73411,3379,3302,3187,3138,3870,3721,3482,3264,6410,4794,3803,3355,12524,6030,3934,3500,26.147,-30.8381,8.84545,47.7953
73412,3182,3396,3892,4079,3306,3686,4551,6325,3290,3745,5201,9824,3272,3716,4584,5883,5.92006,31.8088,8.73652,47.9547
73413,3258,4038,6841,11954,3356,3768,4948,6066,3186,3496,3707,4002,3137,3163,3445,3458,-28.1939,23.1235,8.99031,47.882
73414,3572,3514,3209,3099,4439,4113,3458,3098,8546,5010,3722,3368,9728,5539,3881,3490,16.4863,-31.0511,8.70579,47.8573
73415,3728,3607,3283,3160,5025,4262,3668,3280,9302,5607,3790,3370,7749,5203,3797,3337,12.2316,-24.6966,8.84846,48.112
73416,3388,3834,6234,12353,3317,3730,4802,6200,3200,3500,3753,3958,3171,3163,3366,3378,-27.3403,27.3297,8.67244,47.5647
73417,12357,6069,4025,3367,6532,4856,3797,3376,3952,3888,3499,3218,3378,3328,3175,3168,-24.5913,-30.2612,8.99152,47.99
73418,3957,5614,9591,6490,3653,4624,5768,4843,3481,3587,3870,3686,3084,3345,3390,3396,-23.2395,8.29716,8.88267,48.2527
73419,3274,3510,3669,3370,3760,4356,4391,3847,4285,6438,7030,4439,4095,5581,5558,4413,11.3745,0.986424,8.63795,48.0107
73420,3218,3409,3247,3174,3729,3852,3630,3367,4972,5630,4287,3628,7022,9545,5454,3867,24.3829,-9.96126,8.84238,48.0207
73421,3160,3354,3290,3298,3391,3631,3825,3777,3797,4558,5682,4853,3887,5741,9508,6362,23.6454,8.08715,8.81864,48.076
73422,3322,4021,6461,12247,3272,3824,4831,5973,3270,3478,3710,3885,3150,3298,3372,3448,-28.785,24.8149,8.76989,47.708
73423,4132,6429,8806,5433,3841,4879,5808,4624,3433,3814,3826,3650,3227,3388,3489,3191,-22.3053,4.79033,8.54609,47.98
73424,3059,3233,3484,3457,3374,3546,4099,3946,3622,4243,6332,6120,3651,4609,8083,7659,19.3308,13.9194,8.73857,48.3447
73425,12740,6033,3986,3310,5771,4709,3773,3269,3907,3548,3518,3366,3406,3355,3155,3130,-30.2561,-32.7591,8.78359,47.3173
73426,3181,3421,3665,4064,3345,3664,4459,5921,3409,3770,5264,10216,3216,3700,4766,6352,7.77522,29.484,8.97709,48.2753
73427,3259,3274,3332,3201,3705,3903,3692,3455,4478,5421,4806,3955,5595,9318,6819,4256,24.6748,-4.37518,8.87666,48.3127
73428,3487,3761,3992,4028,3689,4613,6315,4859,3801,4868,7501,5263,3495,3959,4648,4278,2.37409,7.64569,8.78769,48.3713
73429,3597,4328,7410,9644,3428,3985,5304,6493,3311,3480,3929,4150,3148,3326,3412,3429,-21.6576,18.6661,8.69366,48.2493
73430,3337,4010,5912,10118,3374,3819,5374,7898,3286,3599,3922,4315,3051,3266,3497,3559,-18.0251,24.4526,8.75459,48.2247
73431,3464,3586,4037,4095,3449,4255,5942,5135,3651,4488,7528,6001,3339,3872,4930,4587,3.3961,11.3604,8.76443,48.2393
73432,3307,3385,3355,3184,3576,3717,3685,3589,4255,5072,4945,4085,4954,8718,7881,4665,27.9258,-1.1034,8.84606,48.2487
73433,6470,9930,6030,4021,4679,5304,4524,3790,3635,3758,3657,3358,3320,3353,3288,3118,-28.1031,-7.71689,8.78971,48.1567
73434,12614,6131,3881,3391,6048,4667,3720,3333,4020,3781,3437,3304,3365,3370,3189,3157,-29.5957,-29.1337,8.56219,47.6053
73435,3277,3387,3475,3417,3614,3665,4106,3907,3764,4966,6640,4808,4024,5710,8263,5451,18.3011,6.4237,8.58229,48.316
73436,5097,7819,6810,4378,4400,6012,5257,4092,3630,3949,3854,3626,3291,3398,3346,3223,-20.1693,-2.47444,8.52923,48.1213
73437,3402,3493,3298,3110,3892,4229,3710,3560,5018,6692,4846,3796,5882,8266,5302,3850,18.3845,-7.8185,8.88572,48.2307
73438,3328,3384,3547,3518,3413,3676,4442,4069,3740,4778,7544,5700,3672,4839,6940,5643,13.9431,10.015,8.56205,48.1553
73439,3346,3354,3241,3119,3966,3607,3363,3284,6322,4790,3816,3435,12373,5972,3946,3453,26.3701,-29.9712,8.88161,47.5913
73440,3233,3380,3290,3260,3464,3741,3735,3683,4026,4830,5007,4348,4269,7081,9372,5271,29.9595,3.36002,8.66288,47.9933
73441,3326,3484,3386,3100,3626,3838,3556,3431,4560,5300,4619,3882,5792,9645,6501,4100,30.165,-5.51393,8.63954,48.0973
73442,5563,8455,6059,3968,4720,6169,4901,3744,3835,3976,3714,3475,3319,3514,3435,3279,-20.2006,-5.7081,8.72333,48.084
73443,3242,3328,3414,3299,3401,3672,3833,3685,3875,4492,5247,4551,3990,6381,9594,5766,31.763,5.94318,8.8906,47.8467
73444,4929,5113,4139,3476,6552,7536,4364,3618,5112,5446,3959,3457,3980,3920,3576,3293,-5.4479,-12.9809,8.70991,48.3133
73445,5728,7430,5130,3861,5352,7374,4797,3748,3998,4233,3847,3492,3445,3517,3327,3176,-15.7361,-8.40633,8.7958,48.3033
73446,6188,5081,3832,3366,9048,6176,3828,3386,5719,4598,3611,3299,3898,3766,3455,3152,-8.01853,-21.0171,8.89353,48.2687
73447,3556,4698,8850,8818,3586,4171,5401,5643,3358,3497,3859,3879,3111,3295,3266,3371,-25.1702,14.7089,8.76801,48.2393
73448,3463,3979,5875,12185,3380,3771,4857,6825,3233,3442,3737,4083,3139,3286,3340,3381,-23.083,30.0906,8.99305,47.984
73449,3146,3329,3410,3382,3285,3671,3845,3743,3855,4394,5323,4646,4006,5794,9979,6344,31.2659,8.47589,8.94734,48.1013
73450,3975,3848,3454,3194,5808,4367,3625,3362,9966,5268,3780,3242,6674,4787,3686,3351,8.5204,-27.8024,8.95759,48.258
73451,3474,3447,3243,3173,4312,4033,3495,3284,7378,5390,3827,3414,9786,6141,4089,3427,18.8559,-22.453,8.58872,47.942
73452,11412,7076,4061,3321,5912,4953,3740,3310,3965,3789,3409,3233,3540,3427,3261,3105,-33.965,-21.328,8.93904,47.676
73453,3105,3465,3426,3365,3518,3708,3968,3742,3869,4938,6292,4827,4115,5903,8671,5583,19.9483,6.15295,8.94654,48.33
73454,4897,8762,7530,4415,4238,5018,4854,4108,3515,3736,3959,3535,3260,3316,3378,3152,-33.9123,-1.72852,8.70407,47.782
73455,6529,5038,3858,3273,9164,6049,3987,3349,5401,4453,3606,3317,3899,3703,3420,3157,-9.11114,-21.9845,8.68808,48.1353
73456,3927,3901,3370,3196,5991,4682,3648,3337,8939,6009,4021,3306,5854,4809,3779,3309,6.45725,-21.364,8.77498,48.052
73457,7870,8848,4935,3772,5566,5777,4274,3571,3779,3947,3533,3263,3382,3412,3227,3132,-22.2136,-12.9297,8.77266,48.192
73458,3259,3340,3342,3451,3225,3339,3539,3899,3339,3695,4787,6073,3427,4024,5943,12439,31.7627,33.6235,8.68961,47.414
73459,3295,3700,4633,5837,3312,3762,5134,9754,3243,3646,4600,6463,3211,3407,3779,4201,-5.61712,29.3543,8.67708,47.9847
73460,3404,3961,4901,5305,3534,4186,7295,7245,3456,3925,5285,5269,3224,3503,3841,4056,-5.80257,15.3316,8.72278,48.26
73461,3446,3773,5991,11755,3344,3659,4976,6944,3208,3462,3837,4186,3037,3152,3443,3392,-22.4754,28.6387,8.81213,47.7367
73462,3149,3208,3471,3386,3091,3391,3835,3939,3275,3764,4958,6899,3400,3949,6021,12004,22.898,30.2585,8.79759,47.8267
73463,3556,3935,4334,4049,3742,4755,7122,5104,3740,4588,6664,4965,3434,3946,4286,4061,-1.19698,7.43578,8.53834,48.1873
73464,3199,3368,3713,3868,3277,3553,4342,5593,3426,3771,5386,9828,3261,3703,4990,6677,8.85824,33.9324,8.64037,47.97
73465,3657,3473,3284,3168,4682,4025,3632,3207,9036,5119,3717,3372,8625,5387,3904,3349,14.3941,-30.738,8.54879,47.758
73466,4311,6392,8648,5371,4016,5059,5750,4563,3562,3810,3881,3628,3267,3292,3456,3331,-21.7903,4.57419,8.5166,48.2247
73467,3394,3443,3371,3121,3978,4155,3714,3405,5401,6699,4478,3588,6535,8025,4931,3757,18.3707,-11.1165,8.583,47.9967
73468,3372,3961,6111,11433,3377,3827,4966,7102,3240,3411,3948,4282,3204,3153,3286,3474,-21.8342,26.7323,8.80276,48.098
73469,4543,6731,5886,4263,4504,6658,6095,4244,3801,4114,3949,3682,3425,3445,3484,3312,-15.2494,-1.86715,8.50677,48.0907
73470,3394,3920,6367,12332,3288,3708,4772,5999,3266,3412,3735,4001,3164,3336,3355,3374,-32.3769,26.4389,8.64875,47.6153
73471,4269,6425,7706,4934,4013,5447,6404,4480,3590,3873,4145,3751,3220,3316,3454,3271,-18.1589,2.92804,8.94217,48.1987
73472,9684,8539,4653,3518,5441,5277,3922,3379,3854,3922,3497,3279,3349,3342,3193,3039,-27.293,-16.2031,8.87008,47.9253
73473,3355,3923,6516,12352,3363,3694,4741,6033,3163,3504,3796,3984,3082,3163,3425,3324,-33.1206,24.4578,8.97213,47.612
73474,3317,3579,3523,3440,3582,4217,4472,3981,4240,6413,7084,4522,4159,5564,5909,4464,12.0029,1.56065,8.79365,48.3107
73475,3465,4679,8901,9204,3513,3977,5009,5418,3242,3535,3805,3962,3140,3269,3404,3402,-30.6937,15.4199,8.95222,47.95
73476,3125,3389,3479,3520,3299,3556,3937,4454,3519,4034,5972,7246,3531,4148,6512,8442,16.9868,18.8747,8.80976,48.1087
73477,5401,5438,3989,3515,7213,7506,4398,3511,5021,4911,3841,3307,3794,3717,3529,3240,-8.64489,-14.5727,8.86446,48.2207
73478,3200,3124,3378,3348,3283,3529,3826,3999,3426,3845,4823,6403,3426,4026,6069,12389,25.1731,32.0612,8.6155,48.0627
73479,3412,3410,3126,3111,3995,3811,3470,3251,5905,4794,3650,3354,12359,6373,3887,3307,30.2729,-25.8961,8.64564,47.4767
73480,3472,4103,5849,12410,3443,3653,4571,5930,3211,3315,3750,3876,3362,3228,3396,3469,-32.8054,33.0639,8.53627,47.3587
73481,3469,4489,8523,9659,3484,4015,5078,5641,3268,3558,3783,3815,3084,3212,3395,3398,-31.2356,16.6682,8.61393,47.914
73482,8272,8991,4828,3599,5285,5344,4129,3513,3882,3896,3659,3284,3405,3390,3180,3071,-32.9467,-13.7031,8.64034,47.8187
73483,4533,3906,3640,3143,7676,4807,3674,3349,9104,5017,3743,3322,5185,4247,3527,3234,2.12543,-31.545,8.97394,48.0713
73484,3158,3335,3447,3300,3298,3652,3979,4196,3438,4013,6065,6386,3683,4499,7471,8162,19.2349,16.1723,8.71838,48.0547
73485,3465,3545,3387,3210,3905,4295,3851,3415,5031,6826,5047,3851,5500,7649,5393,3887,17.0017,-6.80301,8.56451,48.1713
73486,8644,5512,3930,3338,8529,5424,4021,3444,4665,4246,3744,3221,3517,3493,3207,3088,-14.9211,-24.4973,8.82992,48.0153
73487,3270,3854,6079,12504,3383,3838,4718,6070,3253,3466,3854,3926,3050,3314,3414,3344,-33.0811,25.999,8.69062,47.558
73488,12918,6089,3880,3292,6004,4621,3813,3333,3934,3716,3367,3194,3334,3405,3207,3144,-30.872,-28.4318,8.96275,47.5007
73489,3397,4016,5684,10261,3318,3860,4996,7871,3226,3525,3948,4232,3142,3284,3458,3569,-18.1106,33.1821,8.56846,47.858
73490,5807,6746,4417,3688,6142,7475,4661,3624,4194,4519,3705,3388,3555,3610,3391,3257,-13.2797,-11.9537,8.68223,48.1193
73491,3270,4053,5972,12782,3355,3803,4635,5960,3327,3458,3754,3944,3160,3313,3279,3377,-30.2178,32.1061,8.73336,47.628
73492,3049,3203,3394,3471,3255,3432,3782,4010,3460,3820,4998,6668,3474,4008,6494,11620,23.4281,24.582,8.63324,48.092
73493,5711,9215,6407,4171,4598,5531,4584,3836,3668,3986,3656,3487,3344,3370,3312,3122,-24.798,-5.47911,8.58176,47.9987
73494,3648,4657,7546,7537,3596,4188,6351,6136,3379,3582,4087,4094,3194,3259,3450,3411,-18.3412,14.4464,8.65018,48.0767
73495,3342,3752,4588,4542,3535,4360,7048,6610,3525,4065,6101,5594,3271,3729,4120,4218,-2.57786,13.6329,8.98793,48.2667
73496,3474,3436,3231,3035,4011,3885,3461,3185,6963,5160,3775,3382,11181,6411,4040,3461,22.3364,-24.3319,8.65271,48.0607
73497,3413,3608,3382,3166,4104,4274,3781,3419,5569,7440,4733,3757,5909,7271,4796,3770,15.1956,-9.56209,8.80176,48.2613
73498,4462,6818,7715,4925,4124,5225,6093,4555,3580,3912,3967,3656,3191,3356,3343,3263,-19.4543,2.17541,8.73844,48.1233
73499,8036,5125,3755,3382,9483,5487,3800,3304,5028,4239,3557,3362,3721,3689,3339,2988,-12.6459,-27.8126,8.60698,48.1967
73500,3230,3428,3524,3535,3334,3601,4167,4438,3524,4056,6114,7498,3454,4113,6430,8016,16.0543,18.5539,8.63811,48.308
73501,3426,3919,6100,12607,3329,3740,4824,6033,3280,3545,3769,3867,3138,3213,3304,3424,-30.4974,28.6856,8.6751,47.6787
73502,4323,4145,3544,3329,6684,5505,3928,3446,7597,6085,4104,3322,5071,4528,3703,3239,2.02993,-18.7308,8.51915,48.3687
73503,3183,3314,3412,3450,3208,3572,4023,4095,3596,4044,5901,6219,3539,4528,7641,8380,19.5512,16.2554,8.79625,48.07
73504,4611,4289,3630,3310,7128,5790,3879,3428,7317,5810,4019,3334,4760,4275,3713,3218,0.36774,-18.8298,8.68631,48.3407
73505,3108,3302,3452,3398,3275,3595,3878,3932,3414,4047,5292,5363,3533,4479,8854,8875,33.8757,15.1063,8.67046,47.8647
73506,3439,3682,4478,5399,3385,3820,5971,8597,3324,3725,4932,6354,3257,3540,3949,4213,-4.37296,21.7266,8.69588,48.0433
73507,4434,5934,5444,4109,4578,7216,6254,4302,3902,4477,4271,3660,3464,3694,3558,3300,-11.8312,-1.9563,8.74429,48.398
73508,3363,3447,3561,3066,3843,4250,3705,3414,5416,7047,4773,3798,5719,7680,5124,3864,16.6475,-8.48934,8.80954,48.0467
73509,3439,3480,3253,3208,3878,3813,3495,3193,5454,5105,4092,3454,9624,8403,4498,3558,32.6374,-16.2046,8.64209,47.9647
73510,3416,3595,3516,3313,3957,4409,4210,3703,4620,7599,5994,4141,4606,5984,5282,4043,11.251,-3.33673,8.79056,48.2587
73511,3276,3396,3710,3964,3377,3755,4555,5522,3446,3925,5940,9054,3361,3825,4998,6374,8.83113,21.8037,8.50029,48.3187
73512,3253,3686,4636,5926,3405,3785,5724,9387,3398,3621,4519,6119,3241,3273,3771,4062,-6.53271,23.7113,8.77493,47.8707
73513,12617,6010,4039,3373,5980,4781,3819,3282,3785,3761,3429,3266,3419,3320,3242,3226,-28.9406,-31.0618,8.70383,47.566
73514,4159,5825,8194,5419,3975,4914,6636,4839,3467,3790,4123,3703,3209,3406,3361,3379,-18.4884,5.60121,8.66616,48.266
73515,3575,3677,3462,3223,4396,4600,3914,3468,5931,8039,4780,3601,5362,6040,4363,3653,10.5464,-10.6149,8.97235,48.056
73516,3628,3569,3252,3165,4591,4153,3508,3238,8664,5405,3868,3388,9141,5723,3901,3398,15.555,-24.3615,8.8543,48.3947
73517,3404,3354,3127,3057,4191,3861,3508,3192,6619,5261,3863,3323,10261,7113,4107,3436,22.6042,-20.2789,8.83708,47.7847
73518,3047,3293,3377,3369,3203,3432,3869,4228,3322,3821,4948,7484,3368,3979,5832,11298,20.808,26.882,8.94637,47.9133
73519,3870,4663,5346,4336,4001,5904,7873,4807,3668,4388,5081,4042,3373,3651,3757,3461,-7.93303,4.06956,8.95753,48.1473
73520,4611,7662,8756,5044,3948,4737,5059,4309,3526,3814,3692,3711,3204,3507,3415,3245,-29.5476,1.89334,8.54474,48.16
73521,3308,4085,7371,11325,3478,3729,4954,5865,3162,3400,3866,3892,3272,3217,3441,3401,-29.6896,21.3291,8.64687,47.844
73522,4553,7875,8800,5052,4066,4915,4934,4211,3621,3829,3720,3579,3271,3359,3331,3228,-30.7881,1.54406,8.57434,48.2293
73523,3088,3340,3725,3772,3159,3610,4405,5316,3306,3897,5443,9855,3266,3725,4961,7338,10.728,26.8111,8.83964,48.1373
73524,3094,3257,3487,3362,3247,3473,4097,4229,3331,3781,5125,7896,3447,4003,5667,10394,18.724,33.3542,8.50517,47.9267
73525,12037,6135,3889,3444,6194,4795,3741,3404,4047,3808,3417,3194,3345,3433,3229,3056,-33.8963,-25.35,8.72502,47.4453
73526,7172,5622,3967,3540,8477,6054,4019,3347,4843,4323,3668,3403,3662,3639,3375,3091,-12.7814,-20.5957,8.64451,48.1347
73527,7289,9506,5326,3806,5162,5508,4198,3750,3793,3827,3682,3404,3343,3351,3289,3059,-24.7081,-10.7243,8.52097,48.1953
73528,3429,4013,5687,10786,3500,3851,5017,7422,3296,3495,3990,4174,3146,3284,3352,3404,-19.8809,33.4401,8.58126,47.8973
73529,3676,4614,8425,7747,3535,4239,5964,6011,3273,3536,3975,4004,3124,3261,3599,3460,-20.3936,14.2306,8.89104,48.2953
73530,3345,3556,4616,5951,3345,3844,5223,9710,3307,3726,4549,6442,3203,3381,3744,4003,-6.04311,30.2527,8.62076,47.9633
73531,3166,3183,3463,3486,3156,3486,3875,4192,3423,3703,4978,7463,3372,3954,5916,11325,21.089,30.1599,8.83813,48.094
73532,3776,4016,3802,3465,4515,6015,4658,3598,4900,7648,5275,3675,4365,4723,4164,3623,3.69925,-6.33371,8.7514,48.1453
73533,3056,3241,3344,3430,3319,3482,3916,4046,3395,3839,4940,7352,3383,3910,6133,11316,20.9485,26.1547,8.98505,48.068
73534,3121,3331,3527,3670,3385,3680,4430,4770,3430,4189,6764,7828,3485,3968,5979,6858,12.4311,17.4934,8.77519,48.2767
73535,3733,4121,4110,3873,4163,5960,6322,4205,4260,5787,5901,4191,3729,4149,4052,3690,-0.774246,0.393274,8.78856,48.164
73536,3840,5372,9133,6663,3653,4481,6012,5156,3446,3607,3934,3764,3126,3248,3394,3457,-22.4725,9.97823,8.63278,48.1907
73537,3176,3234,3415,3460,3254,3581,3952,4214,3325,3894,5234,7813,3426,3950,6230,9950,18.6156,23.3471,8.65073,48.072
73538,3338,4013,6400,9131,3431,3946,5573,7488,3146,3549,4060,4472,3022,3340,3529,3549,-17.5553,21.2897,8.70806,47.9913
73539,3726,3568,3219,3259,4907,4095,3574,3231,9524,5121,3897,3461,7845,5019,3875,3278,12.3228,-32.4054,8.70111,47.7327
73540,3107,3087,3348,3372,3268,3526,3838,3920,3471,4033,5094,5371,3568,4649,8777,9156,31.1918,15.2094,8.60976,47.7233
73541,3412,3387,3049,3093,4014,3922,3415,3184,6440,4921,3833,3362,12118,6526,3986,3336,25.4468,-24.4766,8.97724,47.9987
73542,4806,5533,4399,3659,5514,8166,4987,3819,4309,5014,4065,3559,3593,3736,3565,3341,-8.60312,-8.38434,8.57803,48.0433
73543,4216,6202,7605,5011,4043,5483,6370,4537,3477,3935,4131,3829,3225,3376,3531,3403,-17.901,3.00074,8.50991,48.2493
73544,3143,3226,3600,3591,3283,3572,4278,4828,3452,3757,5529,8664,3331,3848,5648,8590,14.7242,23.4539,8.76822,48.2267
73545,3434,3839,4973,7020,3381,3877,5153,9734,3299,3668,4399,5254,3151,3308,3611,3749,-10.1957,33.6295,8.82135,47.9
73546,8171,7405,4288,3549,6526,6144,4131,3446,4110,4121,3614,3238,3473,3469,3250,3115,-18.7289,-16.3812,8.909,48.0333
73547,3681,4485,6008,4793,3724,5208,8020,5493,3491,4030,4871,4308,3304,3510,3645,3649,-9.97232,8.06036,8.56292,48.1467
73548,3306,3510,3512,3321,3471,3960,4506,4004,3981,5436,7717,5186,3858,5165,6637,4932,13.1328,5.74824,8.86133,48.3347
73549,4246,4745,4215,3521,4939,7651,5272,3843,4561,6147,4603,3720,3891,4013,3751,3411,-3.38219,-6.11831,8.78565,48.3527
73550,3761,3573,3338,3085,4911,4364,3688,3343,8996,5925,3942,3337,7380,5461,3784,3324,12.2441,-22.3021,8.83267,48.1413
73551,10302,5666,3894,3369,8232,4948,3675,3281,4384,3937,3500,3234,3481,3515,3260,3106,-17.9191,-31.7104,8.92476,47.856
73552,4553,4109,3518,3293,7024,5429,3808,3290,7908,5784,3953,3337,4877,4361,3682,3306,1.53672,-19.9842,8.91547,48.1547
73553,3370,3970,5275,6473,3410,3984,6064,9149,3286,3602,4596,5327,3121,3413,3638,3844,-9.22049,21.421,8.84292,48.348
73554,3635,3546,3212,3095,4821,4164,3582,3324,9079,5484,3902,3486,8075,5346,3829,3498,13.4345,-24.3718,8.5918,48.052
73555,3351,3297,3481,3233,3647,3715,3667,3458,4231,4979,4962,4133,4782,8622,8149,4617,31.7813,-0.623766,8.85338,48.216
73556,3409,3908,5653,7941,3491,3807,5842,8600,3209,3594,4308,4835,3075,3327,3644,3691,-13.7685,22.354,8.50317,48.2227
73557,4952,8496,7141,4506,4312,5503,5205,4131,3686,3802,3722,3535,3180,3287,3429,3252,-22.8473,-1.78685,8.80043,48.0927
73558,4037,3812,3426,3228,6306,4487,3567,3339,9892,5228,3855,3358,5897,4629,3628,3370,6.28928,-31.1692,8.81511,48.0393
73559,3104,3458,3566,3518,3463,3800,4535,4200,3749,4825,7550,5694,3819,4675,6672,5592,13.1365,10.0081,8.7106,48.1467
73560,4981,4431,3750,3323,8339,5872,3976,3420,6810,5341,3840,3302,4349,4087,3487,3259,-2.66765,-20.3655,8.96277,48.378
73561,5927,4591,3685,3233,9619,5531,3946,3382,6166,4650,3694,3281,4040,3815,3447,3141,-6.44262,-25.0644,8.7051,48.0987
73562,3370,3734,4526,4729,3343,4032,6589,7095,3458,3967,5803,6231,3275,3563,4209,4441,-2.04993,16.712,8.93988,48.2433
73563,3895,3617,3349,3055,5333,4351,3675,3228,9861,5280,3766,3302,7347,4968,3766,3198,10.7946,-31.5513,8.94762,47.994
73564,6297,4904,3776,3352,9417,5988,3834,3448,5639,4611,3655,3168,3887,3675,3438,3065,-8.47836,-22.0715,8.93501,48.1027
73565,3241,3332,3326,3222,3587,3777,3910,3588,4129,5098,5201,4318,4680,7786,8242,4870,24.1825,0.407671,8.55369,48.2047
73566,3219,3209,3427,3497,3256,3364,3939,4239,3353,3925,5105,7890,3350,3841,5715,10454,18.6502,31.0712,8.92837,47.8553
73567,3682,3910,4264,3818,3864,5326,6621,4402,3936,5437,6896,4489,3677,4070,4286,3914,0.761055,3.78548,8.9009,48.3947
73568,3752,4129,4514,3977,4021,5856,7093,4621,3841,5144,5922,4407,3544,3824,4076,3748,-2.69906,2.97406,8.73245,48.3127
73569,4734,6613,5556,4063,4694,7383,5592,4012,3885,4222,4063,3579,3400,3618,3399,3264,-14.1469,-3.67683,8.73502,48.0513
73570,3430,3647,4208,4134,3359,4300,6234,5556,3519,4433,7211,6035,3509,3930,4487,4552,1.909,12.2812,8.95848,48.3627
73571,3173,3485,3910,4227,3386,3828,5162,6028,3397,4083,6276,8381,3385,3685,4599,5360,5.03088,19.1333,8.80406,48.2433
73572,3382,4124,6123,7937,3555,4022,6095,7886,3339,3536,4128,4613,3106,3303,3643,3490,-14.8874,19.2591,8.50522,48.188
73573,12427,5937,3948,3388,6026,4817,3835,3367,4011,3844,3429,3181,3339,3304,3236,3155,-31.9564,-30.1548,8.57801,47.496
73574,3701,4265,4611,4101,4033,5938,7111,4379,3862,5112,6023,4249,3635,3986,3973,3698,-2.82493,2.73725,8.71595,48.4513
73575,3113,3256,3344,3349,3313,3484,3819,4060,3226,3937,4947,6161,3271,4090,6533,11899,25.5234,24.9252,8.56962,47.868
73576,3381,4201,7125,9922,3402,3900,5522,6834,3198,3491,3900,4202,3049,3270,3459,3479,-20.8694,20.0519,8.97793,48.2233
73577,3173,3235,3329,3207,3471,3731,3794,3815,3726,4495,5315,4624,4113,6492,9597,5927,26.7276,5.69456,8.79251,48.0293
73578,4778,4952,4041,3426,6014,7952,4669,3608,4954,5643,4118,3510,3890,4032,3590,3319,-5.21738,-11.2843,8.88672,48.3307
73579,3349,3674,4729,5507,3428,4059,6426,8380,3332,3638,4866,6062,3206,3447,3914,4089,-5.68818,19.5981,8.89978,48.0707
73580,3232,3305,3518,3480,3199,3565,3952,4373,3337,3939,5474,7478,3382,4090,6291,9451,17.8521,21.8889,8.65159,48.044
73581,3306,3436,3290,3163,3607,3796,3675,3485,4137,4944,4786,4085,4956,8737,8000,4781,30.0797,-1.0305,8.85098,48.1227
73582,3699,4702,6265,4977,3794,5122,7917,5467,3477,4022,4744,4266,3228,3459,3627,3529,-11.597,7.95633,8.93203,48.1967
73583,5040,7567,5855,4136,4606,6709,5438,4038,3874,4095,3800,3540,3326,3506,3429,3332,-16.9684,-4.0291,8.88364,48.194
73584,4736,8561,7896,4628,4153,5032,4916,4114,3544,3799,3655,3593,3277,3314,3344,3319,-33.5268,-0.75102,8.72872,47.9207
73585,6038,4758,3809,3325,9487,5653,3847,3365,6049,4610,3670,3310,3982,3819,3503,3106,-7.06461,-23.4921,8.87085,48.2207
73586,3581,3905,3937,3695,3900,5225,5716,4149,4141,6273,6768,4459,3732,4249,4593,4022,3.08976,1.66495,8.70201,48.23
73587,6978,7650,4707,3616,5951,6649,4339,3601,4111,4090,3600,3378,3463,3474,3337,3099,-17.7395,-13.038,8.76165,48.0287
73588,3163,3586,3827,3978,3381,3716,4722,5852,3392,3915,6085,8944,3381,3733,4845,5673,6.4295,20.7238,8.98706,48.1287
73589,3472,3841,4379,4243,3658,4621,7119,5215,3594,4562,6848,4908,3344,3799,4319,4191,-0.763751,8.79102,8.62432,48.0753
73590,3275,3463,3665,3589,3472,3831,4763,4495,3505,4417,7668,6629,3542,4196,6010,5501,10.1246,12.9652,8.76767,48.014
73591,3319,3308,3221,3190,3713,3708,3645,3451,4574,5148,4610,3836,5624,9781,6601,4109,33.6866,-5.25494,8.97503,47.892
73592,3733,4846,7468,6180,3680,4543,7089,5740,3416,3626,4212,4150,3195,3327,3422,3526,-16.4057,11.0338,8.58679,48.102
73593,5626,9103,6555,4340,4574,5608,4720,3918,3693,3781,3685,3546,3246,3371,3335,3161,-24.4745,-4.69539,8.65134,48.1747
73594,3452,3389,3224,3008,4148,3894,3548,3258,7032,4742,3777,3449,11576,5981,3877,3384,21.8824,-27.787,8.74361,47.826
73595,3765,3553,3308,3227,5135,4237,3605,3390,9664,5166,3854,3402,7438,5064,3801,3343,11.3303,-31.5225,8.73665,47.968
73596,3642,4661,7506,6234,3678,4574,6949,5877,3487,3689,4259,4109,3129,3301,3559,3474,-16.0637,11.4908,8.89005,48.0853
73597,4031,6034,9830,6544,3676,4570,5486,4678,3402,3543,3816,3646,3142,3246,3417,3256,-27.2963,7.73005,8.5949,48.2113
73598,3457,3523,3240,3107,4322,4084,3626,3338,6641,6263,4136,3536,7865,7000,4332,3546,17.0334,-16.3963,8.54094,48.0107
73599,3318,3545,3513,3345,3688,4182,4133,3617,4395,6471,6214,4155,4561,6660,6223,4391,15.4194,-1.11413,8.64327,48.274
73600,4106,6186,8090,5311,3965,5016,6218,4601,3500,3905,4018,3749,3316,3465,3451,3444,-19.1455,4.45636,8.54246,48.2273
73601,9569,6607,4041,3493,7200,5551,4000,3343,4249,3956,3616,3272,3474,3450,3192,3028,-19.1629,-20.5309,8.77934,48.0273
73602,3328,3960,5960,12681,3333,3815,4679,5929,3267,3409,3809,3909,3222,3317,3365,3366,-31.8342,31.0432,8.9557,47.566
73603,3214,3335,3364,3320,3599,3866,3989,3600,4288,5729,5778,4241,4644,7348,7294,4655,18.8289,0.0554894,8.99704,48.176
73604,3315,3264,3221,3141,3436,3892,3573,3501,4444,5177,4838,3959,5386,9280,7257,4407,27.0549,-3.05957,8.95195,48.0607
73605,3534,4107,5236,4977,3568,4560,7710,6425,3531,4049,5419,4865,3262,3573,3907,3942,-6.30577,12.1458,8.61488,48.4433
73606,3331,3893,6378,11879,3400,3722,4890,6649,3376,3466,3790,4055,3101,3211,3451,3410,-23.4769,27.207,8.65404,48.0013
73607,3525,3430,3269,2972,4457,4106,3585,3288,7893,5402,3913,3384,9630,5958,4142,3414,17.2498,-22.9228,8.5705,48.2453
73608,3434,3898,4974,5250,3490,4304,6940,7487,3470,3864,5158,5507,3179,3615,3857,3966,-5.97798,15.8699,8.62604,48.262
73609,3638,4770,8958,8978,3443,4118,5203,5279,3212,3493,3829,3902,3200,3332,3394,3344,-28.5856,14.6979,8.77483,48.062
73610,3440,3996,5919,12224,3390,3777,4660,5908,3403,3423,3721,4012,3166,3177,3267,3409,-33.224,33.9185,8.5196,47.2613
73611,3092,3255,3460,3349,3369,3614,3958,3889,3545,4233,5210,5077,3770,5055,9660,7596,31.9323,11.7816,8.56415,48.088
73612,3170,3211,3444,3382,3263,3576,3853,4049,3477,4182,5525,6352,3518,4350,7323,9674,21.5399,18.4529,8.54534,48.2327
73613,3625,4496,8607,8866,3488,4013,5633,5752,3327,3593,3828,3921,3116,3170,3433,3374,-23.9457,15.4691,8.69138,48.1613
73614,10334,7634,4174,3419,6133,5251,4051,3452,3912,3904,3442,3229,3353,3352,3278,3123,-24.3348,-19.2295,8.828,48.0273
73615,3227,3513,3831,3823,3399,3839,5174,5002,3541,4476,7669,7037,3465,4046,5298,5322,7.47513,13.7279,8.94444,48.4413
73616,3486,3516,3385,3174,4590,3956,3505,3189,8465,5310,3889,3489,9220,5643,3893,3296,16.0402,-25.2794,8.54948,48.004
73617,3329,3888,5976,10481,3402,3915,5139,7772,3193,3446,3973,4508,3033,3226,3489,3489,-19.1854,25.1547,8.9268,48.1727
73618,3320,3553,4173,4584,3291,3935,5605,7097,3217,3985,5713,7544,3364,3623,4346,4839,0.877205,19.9823,8.57315,48.126
73619,3362,3397,3222,3206,3939,3736,3479,3197,6062,4814,3680,3419,12479,6236,3823,3299,32.7689,-25.6833,8.67432,47.5667
73620,5176,6247,4551,3650,5829,8267,4975,3637,4260,4783,3890,3411,3542,3658,3327,3224,-10.9604,-8.96525,8.98263,48.2847
73621,3366,3987,6688,11978,3461,3809,4935,5979,3127,3431,3825,3986,3044,3313,3414,3414,-31.4045,24.0693,8.51374,47.838
73622,3118,3362,3628,3725,3196,3629,4222,5104,3304,3785,5558,9323,3301,3879,5297,7608,11.9517,24.7531,8.55277,48.026
73623,3578,4517,6187,5255,3692,4840,8121,5855,3388,3863,4801,4369,3229,3485,3748,3581,-11.2873,10.0961,8.96068,48.3393
73624,3321,3725,4690,5573,3443,3922,5929,8828,3327,3783,4750,6299,3174,3409,3815,4087,-5.58254,21.2228,8.68463,48.05
73625,8346,9198,4767,3602,5255,5265,4198,3706,3770,3779,3490,3347,3330,3389,3205,3107,-30.7055,-13.8109,8.55909,47.836
73626,3659,3543,3265,3127,4970,4262,3541,3298,8888,5813,4012,3383,7487,5361,3861,3410,12.2525,-22.2949,8.73165,47.92
73627,3176,3431,3340,3251,3504,3613,3765,3536,4007,4756,5161,4612,4219,6715,9552,5587,31.7315,4.18983,8.83164,48.15
73628,3421,3406,3214,3150,3843,3842,3713,3366,5152,6208,4736,3624,6274,8889,5546,3970,20.4313,-8.39823,8.6612,48.236
73629,3874,5771,9237,6461,3688,4495,5816,5009,3282,3707,3844,3862,3107,3353,3450,3399,-22.781,8.66426,8.58887,48.2367
73630,3482,3939,6148,12603,3427,3669,4807,6244,3274,3348,3895,3897,3085,3152,3297,3396,-25.5805,30.5601,8.99821,47.7753
73631,3683,4258,5153,4547,3866,5077,7923,5261,3653,4242,5464,4446,3305,3583,3918,3723,-6.36904,7.4259,8.58413,48.068
73632,5472,9293,6929,4207,4449,5189,4586,3873,3733,3868,3678,3510,3284,3373,3336,3254,-29.4974,-4.31727,8.53378,48.0227
73633,3097,3207,3354,3478,3240,3551,3703,3847,3383,3845,4903,5891,3502,4242,7100,11484,28.9765,21.6601,8.50773,47.8847
73634,5798,9689,6686,4130,4555,5039,4508,3819,3528,3830,3650,3369,3193,3375,3397,3259,-30.9101,-4.92596,8.95602,47.8833
73635,3318,3397,3198,3058,3723,3883,3513,3412,5004,5645,4335,3653,7062,9814,5455,3780,25.3266,-10.0929,8.93096,48.1667
73636,3234,3574,3761,3622,3591,4161,4886,4260,3710,5244,8383,5503,3679,4498,5713,4727,8.81892,8.11606,8.96166,48.364
73637,7174,9825,5374,3737,5033,5198,4335,3623,3629,3811,3694,3227,3294,3364,3209,3189,-30.787,-10.4895,8.86978,47.8107
73638,3310,3623,4283,4857,3338,3657,5013,8382,3252,3627,5034,8009,3263,3548,4119,4730,-0.760822,26.11,8.63497,48.03
73639,3270,3714,4739,6247,3337,3825,5341,9701,3347,3636,4331,5992,3201,3420,3661,3982,-7.45182,30.3024,8.65796,47.8293
73640,3418,3394,3288,3189,3806,3761,3490,3197,5975,4747,3696,3377,12718,5911,3830,3487,32.7682,-31.034,8.84978,47.5227
73641,3529,4304,7631,10864,3402,3973,5187,5773,3183,3513,3714,3829,3095,3182,3296,3403,-26.8506,19.5422,8.98934,47.9187
73642,3742,3668,3383,3122,5455,4320,3563,3205,9841,5220,3867,3390,7164,4970,3876,3316,10.0681,-29.2223,8.83222,48.068
73643,4495,4120,3537,3298,6796,5657,3976,3314,7482,6053,4003,3436,4618,4435,3791,3223,1.38178,-18.6935,8.79588,48.156
73644,3330,3782,5150,7409,3392,3778,5419,9832,3270,3553,4218,5351,3096,3237,3576,3787,-10.9338,26.5736,8.87906,48.12
73645,4986,6000,4544,3717,5689,8054,4908,3844,4157,4803,4079,3572,3604,3689,3548,3200,-10.4919,-8.53432,8.58179,48.2627
73646,3352,3392,3125,3111,3908,3841,3475,3228,6059,5189,3960,3484,10678,7684,4175,3452,24.4551,-19.4667,8.91276,48.0753
73647,8842,9213,4598,3559,5263,5295,4079,3395,3862,3844,3543,3362,3365,3330,3333,3127,-29.6971,-14.5271,8.88074,48.0067
73648,3894,5198,6995,5097,3878,5193,7331,5005,3559,3879,4314,4013,3367,3504,3540,3494,-14.3767,6.36115,8.78796,48.174
73649,3443,3396,3264,3076,3806,3853,3402,3344,5325,5413,4167,3477,8209,9286,4903,3524,26.1335,-13.4967,8.89722,47.9253
73650,3271,3564,4159,4465,3359,3900,5616,6957,3495,3970,5988,7455,3233,3631,4368,4810,1.09028,18.6732,8.92649,48.1607
73651,3348,4152,5583,6403,3451,4191,6658,7944,3409,3797,4503,4866,3172,3493,3794,3802,-10.8105,17.9806,8.50244,48.3773
73652,3454,3379,3154,3061,4071,3775,3540,3226,6716,5147,3851,3418,10671,6901,4068,3572,22.1275,-21.6169,8.65789,48.0027
73653,3079,3205,3358,3363,3331,3590,3794,3843,3562,4009,5294,5639,3569,4510,8576,9395,26.2502,16.5941,8.60914,48.078
73654,3130,3331,3392,3471,3251,3543,3863,3921,3469,3899,5401,5462,3528,4594,8519,9449,26.1507,16.246,8.73872,48.1487
73655,3320,3620,3687,3689,3650,4308,5309,4225,3834,5168,8106,5405,3716,4299,5393,4652,7.58211,7.49163,8.62782,48.254
73656,3146,3420,4023,4561,3259,3783,4791,7563,3368,3816,5193,9146,3326,3532,4156,5106,2.25385,28.0612,8.80572,48.126
73657,4043,3689,3473,3173,5895,4475,3629,3264,10053,5271,3944,3425,6281,4714,3719,3373,7.36377,-33.456,8.97498,48.2807
73658,4298,3819,3395,3208,6425,4728,3710,3256,9333,5509,3825,3370,5733,4551,3660,3247,5.1841,-24.2909,8.57002,48.0447
73659,3524,4036,5634,7326,3474,3981,6154,8255,3355,3741,4309,4730,3097,3345,3599,3770,-13.1083,20.0729,8.63297,48.22
73660,5942,4577,3760,3261,9802,5175,3887,3422,6177,4442,3652,3334,4111,3890,3449,3252,-6.42682,-32.6846,8.76693,48.0887
73661,3388,3390,3219,3228,3942,3775,3451,3249,6718,4899,3721,3448,12038,5879,3990,3465,23.0732,-33.8552,8.87019,47.8667
73662,6080,5681,4019,3448,7648,6893,4124,3587,4976,4557,3784,3465,3775,3768,3440,3211,-9.92089,-17.0344,8.55258,48.304
73663,3372,3496,3338,3151,3973,4156,3809,3273,5484,7065,4724,3787,6115,7825,4946,3786,16.5407,-10.3026,8.65263,48.2
73664,3369,3930,6261,12277,3349,3759,4982,6385,3218,3438,3812,3925,3105,3235,3334,3385,-25.4204,28.0175,8.56233,47.8427
73665,3444,4399,8210,9721,3540,3991,5141,5539,3239,3531,3809,3984,3189,3251,3338,3388,-32.9381,17.1916,8.65874,47.8093
73666,3336,3969,5517,10502,3355,3835,5111,7824,3242,3536,4034,4245,3086,3246,3423,3549,-18.46,31.5236,8.683,47.8733
73667,3465,3963,6675,11947,3394,3782,4800,6166,3196,3450,3808,3936,3127,3221,3344,3456,-26.9211,23.6539,8.88772,47.82
73668,3513,3600,3579,3259,3912,4395,3867,3470,5182,7568,5030,3782,5255,7108,5186,3927,14.2277,-6.88501,8.81488,48.422
73669,3382,3477,3372,3171,3869,3893,3613,3286,5439,5954,4347,3607,7257,8897,4943,3718,21.9887,-12.0672,8.50376,48.15
73670,3294,3499,4062,4210,3366,3818,5046,6516,3399,3956,5815,8318,3238,3627,4677,5236,4.04438,20.2646,8.74942,48.0513
73671,4185,4000,3517,3283,6274,5229,3921,3464,8132,6244,4053,3367,5181,4660,3802,3252,4.02288,-18.7022,8.82934,48.376
73672,3502,3491,3181,3093,4201,3972,3603,3215,6502,5802,3992,3490,8630,7399,4371,3489,19.3347,-17.2472,8.57776,47.9553
73673,3616,3680,3328,3176,4524,4217,3650,3349,7634,6551,4134,3472,7194,6135,4099,3395,13.8076,-17.4099,8.7858,48.1027
73674,3478,3745,4286,4116,3662,4644,6662,5216,3700,4621,7037,5281,3594,3813,4427,4270,0.667679,9.30344,8.62589,48.368
73675,3620,3853,4223,3743,3917,5347,6388,4376,4034,5598,6743,4397,3666,4004,4334,3892,0.866944,2.90823,8.96824,48.09
73676,12142,6423,3936,3366,6471,4817,3873,3388,3985,3801,3459,3213,3316,3389,3204,3073,-24.8628,-25.5258,8.89559,47.904
73677,4194,3832,3425,3174,6797,4584,3721,3300,9667,5192,3746,3285,5569,4472,3656,3360,4.66647,-31.3687,8.73725,47.9827
73678,10199,6682,4008,3418,7239,5370,3917,3384,4217,3964,3600,3099,3435,3383,3328,3046,-19.7628,-21.7892,8.99375,48.1927
73679,3484,4140,6788,8173,3514,4092,5935,7299,3341,3539,4223,4468,3110,3368,3552,3595,-16.5916,18.4057,8.81023,48.414
73680,3441,4575,8756,9129,3561,4156,5124,5529,3251,3535,3745,3787,3161,3339,3466,3435,-27.9291,15.5827,8.73489,47.9933
73681,3233,3465,3442,3301,3542,4026,4139,3884,4107,5702,7028,4832,4091,5645,6966,5006,15.0494,3.51665,8.83401,48.2727
73682,3309,3624,4457,5791,3378,3866,5120,9756,3311,3572,4497,6423,3193,3493,3808,4131,-5.44954,30.3004,8.85935,47.8193
73683,3224,3613,4225,4630,3450,3761,5409,7853,3278,3817,5561,7859,3204,3627,4140,4779,0.283949,21.9499,8.70758,48.2867
73684,3265,3631,4700,5862,3434,3761,5392,9698,3246,3669,4580,6507,3207,3425,3760,4221,-6.0613,25.14,8.9823,48.2387
73685,4016,4437,4091,3640,4751,7012,5302,3877,4537,6273,4963,3838,3988,4122,3924,3492,-1.53231,-4.98098,8.67596,48.1753
73686,3510,4298,5428,4837,3817,5092,8298,5574,3529,4044,5165,4652,3281,3485,3761,3758,-7.92602,9.12446,8.75327,48.3527
73687,3442,4088,6101,12424,3362,3673,4755,6159,3240,3390,3777,3834,3064,3255,3263,3260,-26.9336,32.4079,8.57929,47.3913
73688,3323,3866,5858,12655,3465,3673,4738,6153,3213,3388,3895,3968,3060,3217,3342,3443,-33.6776,29.1281,8.90992,47.5047
73689,3448,4374,7271,8351,3503,4079,6013,6553,3289,3517,4202,4214,3083,3225,3514,3524,-18.6709,16.7951,8.84997,48.1067
73690,3848,3994,3763,3489,4327,5817,4788,3749,4821,7604,5543,3978,4091,4733,4274,3666,3.76598,-5.05988,8.99962,48.3233
73691,3730,3828,3654,3434,4210,5162,4596,3661,4810,7768,5723,3983,4303,5190,4569,3867,7.09034,-4.12675,8.53888,48.3253
73692,3648,3642,3651,3344,4183,4785,4229,3635,5208,8104,5491,3846,4542,5669,4729,3767,9.33713,-5.79784,8.89424,48.3153
73693,3741,3755,3402,3178,4871,4687,3792,3277,7787,7049,4256,3484,6064,5622,3980,3446,9.90388,-16.3744,8.77598,48.2607
73694,3430,3639,3573,3414,4032,4636,4436,3749,4376,7252,6571,4177,4376,5416,5141,4023,9.50472,-1.77878,8.84001,48.1607
73695,3353,4277,7645,10920,3478,3898,4959,5883,3310,3481,3930,3908,3111,3198,3243,3453,-28.1041,19.8067,8.78994,48.0313
73696,3167,3448,3825,4010,3298,3634,4573,6277,3447,3709,5342,9786,3299,3609,4529,5932,6.37712,27.0279,8.78057,47.9233
73697,3399,3867,5450,8958,3323,3776,5285,8850,3280,3475,4090,4757,3184,3269,3638,3583,-15.0266,26.5242,8.957,48.1227
73698,3322,3800,5421,9046,3364,3908,5068,8801,3198,3506,4150,4617,3239,3307,3567,3560,-15.097,29.3595,8.52492,47.916
73699,10152,7660,4295,3440,6175,5290,4099,3333,4059,3976,3499,3143,3401,3412,3180,3133,-23.4091,-19.0433,8.9491,48.1647
73700,3264,3393,3471,3355,3684,4113,4028,3584,4150,6167,5987,4176,4521,7070,6716,4524,17.1113,-0.205715,8.97717,48.1353
73701,3062,3204,3450,3450,3276,3463,3802,3975,3420,3708,4804,6081,3400,3876,6179,12357,33.3786,26.3039,8.53901,47.6713
73702,3335,3412,3447,3128,3548,3724,3804,3474,4204,4983,4938,4178,4688,7958,8415,4856,30.5605,0.641575,8.51106,48.0613
73703,11481,5896,3997,3292,6875,4905,3700,3343,4087,3918,3507,3139,3398,3281,3255,3175,-22.1186,-31.8725,8.5062,47.4993
73704,3159,3276,3409,3399,3346,3647,3759,3682,3624,4304,5400,4890,3743,5438,9770,7092,26.8457,9.8945,8.88845,47.9587
73705,3231,3136,3331,3376,3208,3506,3880,4333,3419,3771,5091,7651,3475,3891,5744,10821,19.5351,31.6788,8.78668,47.9093
73706,2993,3279,3379,3445,3325,3539,4033,4288,3425,4037,5894,6848,3495,4354,7210,8546,18.9134,17.5668,8.89024,48.06
73707,3468,3583,3484,3234,4208,4600,4138,3604,5201,7960,5382,3920,4724,6163,4650,3821,11.0902,-6.49325,8.93442,48.0933
73708,8746,8922,4692,3585,5384,5262,4044,3484,3844,3825,3671,3332,3368,3414,3393,3238,-30.2601,-14.619,8.63075,48.136
73709,3553,4157,5355,5021,3605,4529,8059,6312,3470,3940,5092,4703,3295,3511,3753,3690,-8.09741,11.9851,8.53738,48.03
73710,3420,3398,3197,3084,3896,3872,3600,3155,5893,5201,3860,3483,10328,7890,4326,3493,26.7753,-18.5651,8.59573,48.064
73711,3321,3519,3500,3385,3695,4226,4220,3798,4249,6561,6515,4346,4420,6021,6086,4399,13.6476,0.139547,8.87514,48.174
73712,3197,3550,3666,3601,3456,4077,4750,4399,3708,4918,7929,5990,3634,4446,6054,5109,9.97536,9.63173,8.50417,48.3227
73713,3808,4960,6778,5251,3806,5189,7745,5186,3448,3921,4431,4146,3225,3499,3574,3432,-13.232,7.41855,8.56604,48.266
73714,4103,5725,6941,4763,3989,5667,7048,4823,3568,4017,4202,3815,3206,3499,3442,3461,-14.9116,3.69572,8.68544,48.1793
73715,3250,3466,3327,3167,3953,3774,3429,3200,6201,4647,3748,3422,12562,6050,3996,3408,29.7321,-29.9724,8.55997,47.7333
73716,3984,5546,8580,6065,3720,4753,6304,4886,3442,3763,3996,3857,3161,3337,3408,3377,-19.8489,7.63021,8.5337,48.1193
73717,4875,4557,3796,3412,6950,7030,4060,3439,5939,5794,3877,3406,4156,4005,3583,3213,-3.18516,-15.4313,8.62291,48.0613
73718,3050,3233,3328,3404,3174,3398,3779,3950,3338,3803,4705,6091,3353,3885,6190,12665,27.8384,28.4365,8.97897,47.564
73719,3332,3389,3246,3163,3741,3712,3473,3280,5836,4693,3759,3458,12457,5821,3972,3312,33.2961,-33.475,8.98484,47.096
73720,11166,7003,4020,3391,6437,5053,3887,3360,3974,3800,3385,3146,3361,3310,3125,3002,-24.3422,-21.9878,8.89172,47.6133
73721,3571,3401,3272,3127,4437,4168,3560,3268,8112,5390,3919,3486,9009,5984,3869,3434,16.2496,-22.1556,8.67686,48.0047
73722,10033,8163,4444,3530,5651,5053,3890,3428,3830,3806,3562,3304,3343,3454,3235,3136,-28.502,-17.8648,8.62452,47.908
73723,5866,9580,6160,4134,4640,5390,4568,3923,3682,3821,3517,3376,3366,3284,3281,3239,-27.3806,-6.43065,8.78441,47.8847
73724,3367,4118,7006,11785,3388,3863,4905,5898,3220,3318,3815,3838,3107,3160,3493,3363,-28.2852,22.0183,8.94594,47.7627
73725,3726,3624,3247,3056,5290,4316,3555,3279,9390,5638,3924,3255,7281,5085,3788,3342,10.7757,-24.4856,8.97248,47.864
73726,12100,6073,4078,3440,6405,4830,3757,3397,4086,3812,3497,3266,3374,3365,3217,3169,-25.2727,-33.4442,8.56779,47.9107
73727,3458,3446,3160,3044,3986,3764,3476,3266,6543,5158,3914,3303,11254,6732,4007,3335,23.9026,-22.5024,8.5215,47.8973
73728,4062,4932,5171,4208,4249,6785,6999,4417,3899,4618,4603,3936,3513,3612,3707,3417,-8.56809,0.526446,8.84204,48.0853
73729,3396,3455,3265,3060,4087,4195,3609,3300,6188,5759,4102,3592,7829,8103,4583,3575,20.4428,-15.1608,8.58662,48.0653
73730,7302,5228,3774,3318,9209,5725,3961,3401,5014,4367,3617,3413,3730,3600,3293,3169,-11.5105,-22.956,8.80554,48.0807
73731,12552,6021,3807,3320,6162,4765,3815,3339,3945,3658,3460,3278,3351,3363,3165,3080,-27.2659,-31.2277,8.60463,47.3873
73732,3373,3998,5107,4858,3560,4496,7784,6680,3393,3901,5171,5114,3194,3508,3884,3850,-6.00532,13.148,8.98643,47.914
73733,12071,5954,4080,3351,6773,4899,3719,3396,4093,3804,3529,3182,3387,3256,3141,3102,-23.9176,-29.1224,8.75707,47.8247
73734,3365,3843,4068,3779,3596,4429,5734,4622,3882,5182,7678,5116,3557,4235,4766,4385,3.9825,6.98991,8.66964,48.158
73735,5697,4407,3660,3352,9596,5482,3838,3404,6674,4761,3599,3325,4114,3861,3428,3200,-5.00351,-24.6421,8.95153,48.2653
73736,4011,6324,9524,5987,3943,4437,5216,4540,3437,3720,3797,3722,3266,3329,3346,3306,-29.6709,6.35682,8.52618,47.9367
73737,3170,3327,3442,3400,3325,3479,3871,3966,3413,4029,5039,5741,3474,4306,7992,10115,33.8209,17.8374,8.73145,48.0593
73738,6735,9341,5447,3836,5093,5675,4411,3541,3917,3908,3628,3346,3339,3303,3201,3087,-23.7973,-9.86673,8.5654,47.872
73739,3467,4069,6027,7391,3505,4081,6211,8074,3318,3662,4229,4691,3047,3337,3452,3571,-13.7027,19.1594,8.77148,48.088
73740,3261,3357,3405,3217,3504,3794,3774,3545,4110,4939,4902,4242,4717,8101,8166,4857,32.7727,0.244267,8.61701,47.9273
73741,3153,3475,3839,4261,3442,3796,5136,6183,3521,3929,6264,8213,3257,3766,4603,5282,4.49574,19.6468,8.59929,48.08
73742,3295,3649,4735,6589,3424,3829,5390,10081,3377,3617,4432,5886,3095,3324,3781,3896,-7.92895,27.1796,8.77394,48.2667
73743,3528,4453,8011,9897,3558,4033,5271,5504,3314,3479,3836,3861,3170,3293,3300,3540,-33.1503,17.4779,8.55177,48.032
73744,3718,4822,9146,8735,3509,4059,5316,5319,3274,3534,3795,3876,3174,3362,3270,3341,-27.1081,14.4924,8.75315,48.1667
73745,12412,6358,3981,3302,6283,4719,3759,3348,3965,3899,3405,3199,3425,3400,3079,3159,-26.3541,-26.544,8.67938,47.7953
73746,3516,3355,3249,3131,4059,3829,3502,3157,6713,4965,3823,3312,11223,6245,4037,3435,23.0395,-24.4125,8.53843,47.7007
73747,3270,3382,3352,3256,3559,3660,3613,3538,4040,4768,5047,4488,4423,7273,8998,5390,27.8271,3.09978,8.59675,48.038
73748,5014,4293,3614,3243,8776,5009,3839,3415,7705,4729,3716,3263,4562,4046,3594,3299,-1.80293,-32.6754,8.74552,48.078
73749,3118,3244,3408,3482,3265,3364,3712,3857,3367,3697,4819,6076,3411,3858,6205,12325,33.8022,26.3237,8.71155,47.472
73750,3122,3519,3975,4113,3388,3887,5516,5936,3517,4046,6554,7656,3336,3731,4575,5166,4.01779,17.1777,8.81478,48.0247
73751,4143,6516,9673,5600,3879,4521,5290,4539,3492,3695,3716,3629,3180,3251,3433,3270,-31.2535,5.67173,8.62208,47.8847
73752,3617,4995,9416,8148,3647,4227,5285,5080,3360,3478,3916,3857,3136,3300,3330,3451,-32.7513,12.571,8.69543,48.162
73753,3748,4430,6026,5095,3645,4830,8289,5649,3513,4037,4778,4374,3269,3431,3638,3632,-10.4452,9.46089,8.93482,48.256
73754,7920,5874,4086,3319,8263,5992,3987,3392,4633,4189,3536,3323,3808,3452,3253,2995,-14.4957,-20.3904,8.84206,48.0147
73755,3322,3686,4144,3958,3548,4303,5877,4840,3680,4815,7747,5591,3531,4062,4887,4524,4.33699,9.73899,8.66573,48.3433
73756,10077,8321,4402,3358,5569,5220,4012,3464,3948,3877,3564,3236,3377,3440,3234,3040,-28.8377,-17.3322,8.78628,48.0927
73757,3166,3307,3417,3371,3399,3729,4195,4013,3656,4462,6593,5543,3776,4888,8308,6652,18.6471,11.239,8.80992,48.3167
73758,5940,5315,3912,3485,8287,6596,4056,3340,5329,4866,3733,3301,3820,3735,3421,3079,-8.73091,-18.1485,8.94831,48.1433
73759,3085,3236,3310,3405,3289,3388,3723,4071,3398,3871,4932,6952,3351,3932,5837,11815,22.1889,32.6582,8.85342,47.73
73760,5283,8866,7246,4491,4309,5412,4802,3964,3595,3705,3726,3488,3264,3302,3481,3117,-24.5461,-3.17545,8.79043,48.034
73761,12739,5935,3724,3370,5996,4711,3738,3392,3889,3617,3464,3218,3509,3383,3261,3134,-32.7356,-28.7741,8.92865,47.3867
73762,3882,5954,9708,6241,3784,4487,5247,4637,3436,3674,3858,3820,3110,3346,3392,3377,-32.009,7.24327,8.5337,47.9687
73763,3257,3525,4382,5160,3502,3819,5018,8963,3256,3770,4757,7468,3255,3481,4037,4418,-2.29697,32.7532,8.89724,48.0453
73764,3340,3868,5376,8945,3381,3820,5078,9071,3208,3482,4066,4770,3209,3233,3595,3630,-14.7017,31.4942,8.81073,48.048
73765,11360,6186,3953,3294,7180,4980,3804,3422,4176,3799,3502,3207,3388,3321,3219,2982,-21.7273,-26.5939,8.85752,47.8487
73766,4400,4259,3659,3245,6925,5808,3848,3468,7018,5954,4032,3526,4619,4447,3640,3349,0.304572,-18.2877,8.81936,48.1313
73767,3207,3284,3330,3356,3249,3447,3816,3907,3444,3825,5162,5729,3574,4341,8055,10130,27.3337,18.2255,8.72237,47.904
73768,3718,3641,3399,3106,5105,4493,3619,3191,8542,6599,4011,3432,6456,5661,3941,3454,10.5705,-18.7453,8.93207,48.2453
73769,4240,5004,4805,3973,4650,7264,6215,4138,4087,5106,4654,3929,3568,3747,3699,3520,-7.02907,-2.43898,8.56278,48.3993
73770,3136,3227,3388,3406,3312,3472,3712,3911,3468,3990,5093,5729,3511,4333,8258,10019,30.2062,17.481,8.78429,47.9767
73771,3391,3315,3278,3109,3877,3896,3650,3391,5417,6231,4458,3577,7166,8739,4883,3716,20.6541,-11.3692,8.8771,48.0627
73772,4460,5090,4266,3775,5324,8083,5186,3823,4517,5577,4137,3544,3833,3863,3683,3321,-6.04317,-7.68052,8.66111,48.3213
73773,4338,6889,8559,5168,3987,5103,5849,4394,3576,3795,3902,3729,3048,3444,3341,3306,-21.7219,3.29629,8.85992,48.2853
73774,3162,3526,4152,4639,3307,3687,4997,8168,3373,3609,5136,8391,3222,3513,4163,4877,0.404228,25.8894,8.97421,47.948
73775,3733,5517,10138,6953,3660,4363,5212,4870,3341,3495,3877,3605,3212,3223,3403,3308,-31.0232,9.612,8.94441,47.94
73776,5111,6836,5333,4061,4823,7267,5507,3988,3941,4297,4026,3670,3438,3452,3455,3189,-14.3115,-4.99601,8.50868,48.2627
73777,3306,3328,3346,3252,3736,3823,3720,3510,4505,5143,4538,3862,5740,9541,6550,4093,30.6756,-5.28353,8.60241,47.9953
73778,3495,4491,8285,9414,3570,4009,5034,5557,3267,3579,4009,3853,3205,3226,3364,3340,-28.9321,16.4261,8.55598,47.7987
73779,10480,8014,4323,3410,5656,4993,3924,3395,4013,3750,3437,3228,3430,3344,3313,3071,-30.5119,-18.4548,8.74229,47.854
73780,3421,3903,5873,11565,3423,3755,4848,7259,3290,3491,3795,4025,3111,3147,3322,3307,-21.1219,33.6448,8.91171,47.69
73781,3379,3914,5933,12452,3305,3739,4683,6045,3170,3302,3761,3913,3223,3252,3324,3396,-33.8298,32.5498,8.72644,47.194
73782,3440,4579,8455,9863,3543,3953,5097,5380,3320,3554,3764,3859,3088,3323,3256,3366,-29.9703,16.6922,8.78334,47.8933
73783,3155,3214,3326,3393,3359,3297,3853,3787,3406,3638,4676,5858,3292,3976,6034,13036,29.7573,33.4508,8.98403,47.5333
73784,3127,3374,3610,3765,3282,3644,4262,5357,3399,3884,5434,9758,3221,3684,4929,7380,10.6372,26.5892,8.85352,48.0733
73785,3262,3584,4237,5059,3259,3708,4945,8697,3335,3744,4858,7967,3230,3522,4023,4720,-1.09847,30.8608,8.85596,48.1
73786,5631,5637,4242,3513,6864,7724,4450,3536,4613,4900,3850,3407,3691,3736,3372,3242,-9.51569,-13.6457,8.83774,48.272
73787,3735,3711,3365,3191,4825,4667,3744,3392,7657,7099,4195,3470,6067,5664,4060,3453,10.0335,-16.1593,8.91619,48.1967
73788,4369,4117,3490,3144,7071,4898,3763,3281,8830,5480,3809,3362,5040,4440,3605,3267,2.89521,-23.8558,8.7133,47.9773
73789,3445,3398,3221,3102,3968,3781,3428,3251,6437,4784,3757,3381,12454,6024,3831,3415,24.6734,-29.0556,8.98864,47.7847
73790,3143,3340,3392,3470,3220,3345,3653,3855,3372,3805,4673,6091,3437,3862,6012,12866,30.758,30.4284,8.86836,47.6907
73791,3338,3817,5305,8057,3379,3777,5368,9231,3259,3633,4222,4916,3095,3260,3571,3709,-13.1417,25.2557,8.66135,47.958
73792,3161,3411,3486,3348,3426,3618,3813,3701,3728,4550,5187,4722,3946,5813,10118,6262,31.1815,7.64887,8.93464,48.1933
73793,3113,3263,3387,3391,3322,3596,3839,3728,3736,4386,5671,5105,3857,5177,9677,7058,24.188,10.2664,8.92423,48.204
73794,3645,3918,4211,3890,3726,5019,6475,4530,3996,5086,7130,4690,3606,4067,4563,4120,1.6203,5.10473,8.76358,48.448
73795,7746,9877,5186,3774,4958,5222,4262,3591,3777,3777,3568,3435,3353,3405,3147,3066,-30.3001,-11.4301,8.93691,48.096
73796,7405,6804,4454,3471,6814,6798,4132,3445,4394,4322,3675,3258,3610,3393,3397,3122,-15.5055,-15.5757,8.96444,48.3293
73797,7573,5296,3921,3313,9194,5551,3874,3419,5019,4392,3608,3207,3769,3519,3333,3083,-12.1186,-24.1029,8.5133,48.0473
73798,3335,3722,4105,4041,3528,4192,6149,5571,3570,4259,7136,6467,3398,3815,4624,4576,2.44171,13.5177,8.86224,48.3253
73799,3180,3266,3451,3384,3317,3677,4036,3949,3739,4436,6225,5400,3754,5045,8761,6801,20.2357,10.9208,8.79491,48.2807
73800,3143,3208,3415,3322,3166,3543,3759,3877,3437,3808,4778,6606,3419,3964,5947,12162,23.9501,33.1462,8.9862,47.7027
73801,3104,3441,3800,3691,3353,3987,5029,4615,3784,4678,8054,6359,3561,4233,5549,5268,8.87077,11.7756,8.75652,48.3373
73802,3835,4158,3875,3458,4601,6316,4869,3779,4795,7282,5159,3797,4151,4521,4032,3562,2.00123,-5.67216,8.65807,48.1267
73803,4684,5594,4545,3758,5249,8274,5263,3859,4273,4890,4167,3602,3618,3644,3565,3253,-8.94494,-7.09777,8.94289,48.1587
73804,3459,3414,3208,3139,4125,4042,3470,3349,7094,4912,3786,3404,11691,5910,3931,3459,21.7841,-27.6137,8.74423,48.262
73805,3658,3742,3624,3392,4353,5189,4304,3613,5197,8212,5513,3803,4405,5319,4348,3689,7.21325,-6.18779,8.98217,48.2407
73806,3510,3812,4892,5944,3389,3958,6126,9199,3344,3755,4557,5631,3113,3375,3823,3876,-7.7933,21.2171,8.92597,48.2027
73807,3850,3936,3694,3349,5027,5945,4282,3519,5903,7697,4624,3518,4535,4712,3954,3422,3.52854,-11.1572,8.83361,47.978
73808,8350,5179,3830,3470,9185,5264,3910,3366,4889,4078,3494,3217,3684,3545,3323,3118,-13.5337,-31.8682,8.60642,47.9347
73809,3101,3226,3593,3627,3279,3467,4152,4899,3271,3809,5289,9352,3394,3819,5227,8414,13.297,28.427,8.74813,47.946
73810,3166,3282,3391,3349,3351,3690,3916,3801,3758,4365,5535,4792,3860,5894,9786,6400,24.5723,8.1828,8.95085,48.224
73811,3850,4795,6031,4762,3937,5430,7768,5239,3647,4083,4784,4069,3270,3562,3711,3651,-10.3886,6.30217,8.58445,48.3927
73812,4522,4454,3817,3408,6167,6798,4239,3510,5921,6324,4187,3601,4392,4236,3700,3307,-0.931614,-13.8772,8.86201,48.3887
73813,3434,3371,3188,3111,4020,3929,3431,3187,6479,4918,3793,3419,11353,6671,3984,3484,24.2196,-23.4608,8.52684,47.848
73814,3367,3873,6630,12449,3367,3848,4797,5989,3256,3377,3818,3987,3122,3290,3365,3314,-30.2907,24.4869,8.86441,47.8993
73815,12005,6630,3917,3358,6028,4942,3789,3247,4031,3841,3467,3186,3544,3345,3245,3074,-33.9124,-23.3735,8.79593,47.766
73816,3188,3150,3371,3376,3284,3512,3719,4047,3402,3683,4907,6559,3408,3925,6021,12030,23.7882,32.9202,8.67687,47.7213
73817,4665,6327,5121,4090,4837,7685,5758,4123,3905,4498,4095,3621,3346,3752,3446,3382,-12.1011,-3.94213,8.82359,48.434
73818,3271,3269,3197,3127,3960,3759,3450,3248,6421,5071,3715,3476,12151,6002,3912,3346,24.2503,-32.6709,8.83751,47.5833
73819,3444,3346,3347,3199,3853,3800,3493,3266,5587,4872,4057,3324,9921,8565,4554,3408,30.0281,-16.9813,8.6704,48.024
73820,3360,3367,3159,3075,3876,3793,3475,3248,6237,4820,3818,3443,12686,5968,3860,3366,25.8896,-29.7223,8.84586,47.7007
73821,3230,3419,3894,4155,3236,3734,4696,6238,3380,3829,5763,9182,3255,3601,4660,5682,5.4362,22.971,8.83636,47.9693
73822,3959,3798,3286,3138,6392,4535,3647,3388,9879,5133,3772,3293,5975,4554,3691,3274,6.29723,-30.0983,8.83305,47.8093
73823,3367,3742,3952,3717,3562,4366,5630,4675,3741,5155,7847,5421,3612,4178,4927,4496,5.2493,7.80255,8.50827,48.2587
73824,5881,4569,3667,3327,9377,5614,3786,3443,6295,4702,3668,3341,4165,3887,3340,3076,-5.73072,-24.6126,8.56381,48.092
73825,3120,3236,3432,3483,3282,3590,3876,3853,3653,4354,5732,5379,3702,4836,9069,7665,23.4848,12.7041,8.56388,48.1747
73826,3419,4270,6898,8465,3454,4046,5815,7020,3242,3577,4020,4314,3168,3241,3570,3462,-17.9316,18.396,8.70405,47.9873
73827,3507,4020,5195,4943,3645,4668,7730,6483,3485,3954,5328,4877,3294,3504,4000,3896,-6.39429,12.0222,8.66865,48.3527
73828,3163,3579,4083,4826,3288,3598,4933,8046,3297,3749,4974,8606,3309,3448,4189,4953,0.7542,28.3665,8.82338,48.0273
73829,7211,4966,3740,3368,9948,5236,3820,3378,5417,4206,3576,3213,3752,3617,3365,3164,-10.4114,-28.3214,8.95255,47.9847
73830,3393,3455,3287,3173,3925,4072,3744,3368,5218,6739,4599,3704,6106,8471,5197,3823,18.2917,-9.21326,8.86148,48.1827
73831,3370,3492,3252,3168,3973,3868,3458,3264,6117,5468,3950,3433,9301,7875,4441,3603,23.4055,-17.4676,8.71382,48.022
73832,4130,3811,3387,3193,6752,4583,3723,3274,9635,5054,3764,3360,5740,4513,3664,3423,5.06958,-29.6785,8.88759,48.004
73833,3920,4270,3993,3605,4498,6806,5256,3846,4480,6657,5201,3852,3839,4263,3951,3670,-0.381946,-4.27038,8.83436,48.0713
73834,12367,5942,3852,3526,6036,4793,3719,3383,3954,3757,3458,3332,3467,3427,3230,3070,-32.678,-30.7954,8.59555,47.542
73835,3984,4152,3627,3414,5189,6075,4199,3574,5766,7398,4566,3731,4461,4785,3971,3528,3.1262,-10.971,8.62043,48.28
73836,3390,4147,7259,11335,3374,3816,4938,5923,3268,3513,3883,3908,3244,3235,3341,3392,-27.7096,21.2847,8.5692,47.9773
73837,12550,6446,3919,3330,5976,4682,3770,3320,3934,3778,3452,3267,3260,3354,3276,3090,-30.21,-26.0519,8.825,47.6027
73838,3040,3204,3455,3410,3284,3453,3768,4065,3314,3826,4976,6885,3467,3867,5974,11704,22.6571,27.5308,8.58025,47.7947
73839,3128,3314,3349,3609,3191,3448,3894,4180,3425,3876,5043,7437,3417,3886,5979,11063,20.139,27.4604,8.89731,48.1593
73840,3503,4601,8208,9416,3494,4028,5344,5668,3153,3532,3825,3999,3144,3156,3399,3475,-25.0747,16.7465,8.67181,47.9633
73841,4392,7116,9565,5349,3954,4714,5134,4534,3400,3701,3809,3526,3252,3357,3332,3384,-29.3757,3.69568,8.89567,48.346
73842,3726,4704,6475,5377,3724,4894,7871,5697,3507,3979,4522,4186,3164,3359,3584,3593,-12.2132,9.50129,8.7628,48.2413
73843,8902,8957,4764,3621,5402,5131,3999,3563,3896,3724,3498,3301,3397,3413,3235,3130,-30.1075,-14.7405,8.79304,47.9553
73844,6808,8957,5296,3872,5332,5992,4480,3601,3920,3975,3547,3303,3322,3567,3220,3271,-21.4688,-10.3863,8.55101,48.3087
73845,3679,4903,9553,8111,3666,4162,5208,5264,3246,3481,3755,3905,3117,3241,3285,3288,-30.5542,13.0229,8.88262,47.9093
73846,4573,5673,4674,3746,4978,8057,5631,3968,4104,4948,4154,3591,3532,3650,3531,3290,-9.33378,-5.55844,8.85736,48.0667
73847,3461,3334,3251,3086,4228,4011,3419,3190,7866,4916,3788,3316,10729,5762,3940,3391,19.0104,-30.3847,8.7952,47.792
73848,4838,6242,5129,4095,4815,7660,5821,3958,4013,4603,4249,3514,3420,3519,3465,3211,-11.9259,-4.2833,8.77966,48.368
73849,10202,7501,4124,3510,6339,5125,3902,3411,4012,3956,3506,3225,3448,3429,3156,3143,-23.3253,-19.3119,8.78744,47.9927
73850,3191,3222,3508,3505,3303,3610,4151,4099,3500,4353,6514,6025,3601,4733,7851,7167,18.0548,13.0472,8.91263,48.222
73851,3462,3609,3644,3466,3683,4713,4811,4033,4137,6557,7410,4551,3901,4889,5179,4061,7.55839,1.5582,8.99486,48.0707
73852,3304,3460,3426,3340,3329,3819,4120,4016,3808,4913,7134,5164,3848,5212,7718,5770,16.6601,8.33743,8.77017,48.254
73853,3247,3262,3438,3233,3459,3653,3833,3665,3812,4408,5073,4713,4141,6354,9765,6136,31.9062,6.56017,8.68298,48.128
73854,3353,3894,5677,10312,3463,3828,5034,7970,3273,3511,3984,4373,3147,3304,3470,3598,-18.0512,30.4292,8.79871,48.1273
73855,3104,3262,3437,3452,3364,3630,4043,4082,3453,4257,5916,5808,3571,4609,8078,7903,20.5449,14.3339,8.57306,47.9793
73856,3348,3662,4086,4110,3468,4066,6013,5543,3452,4302,7170,6497,3448,3924,4626,4669,2.51181,13.5696,8.99112,48.256
73857,3212,3556,3921,4523,3223,3689,4902,7178,3239,3858,5242,8968,3187,3669,4346,5231,2.9891,27.9202,8.51195,47.9627
73858,4817,8036,8384,4915,4036,4772,5066,4116,3552,3747,3702,3601,3191,3287,3364,3271,-30.428,0.335099,8.88008,47.9047
73859,3387,3886,5943,12579,3403,3695,4908,6002,3205,3434,3723,3961,3115,3232,3392,3388,-32.2047,28.2669,8.71232,47.502
73860,4103,6313,9795,5986,3815,4555,5095,4635,3414,3667,3866,3720,3115,3377,3306,3293,-30.2232,6.23069,8.74038,48.0367
73861,3416,3528,3271,3157,4560,4070,3600,3187,8663,5073,3839,3394,9131,5403,3878,3436,15.7946,-33.3451,8.72343,47.7373
73862,3148,3414,3782,3931,3361,3873,5025,5447,3519,4208,7074,7823,3286,3891,4997,5502,6.38337,16.6752,8.91941,48.1873
73863,4026,4059,3583,3410,5383,5784,3997,3516,6501,7345,4356,3572,4778,4761,3910,3464,3.74858,-13.4689,8.54124,48.2967
73864,3733,4416,4582,3953,4090,5929,6900,4451,3824,5033,5949,4300,3514,3856,4097,3727,-2.94327,2.74073,8.8215,48.236
73865,3037,3219,3341,3425,3156,3462,3759,4044,3259,3879,4760,6313,3349,3855,6146,12502,27.1719,27.56,8.57843,47.6707
73866,7440,9934,5237,3712,4968,5202,4224,3605,3742,3839,3595,3273,3275,3409,3312,3175,-30.1535,-10.967,8.92183,47.9613
73867,3059,3230,3340,3437,3224,3413,3841,4042,3329,3748,4964,6456,3367,4100,6765,11550,24.2997,22.6316,8.94453,47.91
73868,7967,5320,3972,3290,9135,5651,3923,3344,4935,4263,3456,3365,3684,3567,3247,3016,-13.1915,-23.6832,8.97785,48.09
73869,3243,3312,3443,3427,3683,3988,4073,3644,4235,5958,6057,4221,4628,7036,7056,4594,17.8381,-0.104901,8.61252,48.3987
73870,3263,3251,3331,3412,3221,3519,3881,3695,3520,4333,5345,4998,3729,5190,9765,7252,33.0036,10.6661,8.76706,47.8033
73871,3868,5628,9971,6675,3797,4301,5130,4789,3499,3592,3768,3723,3140,3288,3410,3397,-31.4051,9.03602,8.80215,47.984
73872,3064,3377,3636,3838,3317,3606,4183,5310,3358,3806,5659,9872,3299,3820,5239,7138,10.3299,24.6217,8.88422,48.348
73873,4114,5460,7674,5391,3809,5080,6948,4961,3441,3836,4148,3887,3206,3429,3493,3384,-16.7701,6.24252,8.539,48.174
73874,3601,4659,7553,6405,3580,4430,6852,5930,3376,3701,4204,4089,3137,3358,3491,3507,-16.6227,11.8285,8.51081,47.9153
73875,3609,4559,8061,7740,3465,4214,6132,5964,3377,3503,4089,4111,3140,3205,3421,3384,-19.7234,14.2735,8.91021,47.9827
73876,4645,6149,4984,3969,5008,7829,5790,3950,3918,4740,4083,3464,3412,3579,3560,3189,-11.3912,-4.88736,8.67064,48.1793
73877,3466,3453,3260,3097,4205,4026,3565,3318,6515,6028,4107,3558,8469,7266,4387,3510,19.2757,-16.8693,8.59774,48.1533
73878,3291,3377,3314,3110,3981,3761,3382,3141,6031,4876,3814,3409,12695,6299,3856,3462,31.1099,-26.6808,8.84613,47.866
73879,3157,3269,3409,3456,3284,3587,4057,4169,3513,4184,5872,6810,3371,4339,7309,8616,18.9797,17.2111,8.98998,48.268
73880,3354,3308,3220,3119,3818,3803,3358,3230,6373,4855,3778,3267,12424,5919,3981,3331,26.108,-31.6427,8.87878,47.4253
73881,3262,3369,3545,3342,3463,3858,4175,3854,3830,4908,6683,5001,3958,5372,7970,5584,17.9261,7.20259,8.74023,48.116
73882,3314,3442,3537,3550,3561,3958,4697,4182,3746,5090,7880,5396,3777,4776,6530,5265,12.5241,7.90747,8.68168,48.4673
73883,3040,3208,3335,3351,3271,3494,3875,3868,3481,4029,5264,5574,3561,4470,8461,9643,26.0742,16.3774,8.94467,47.95
73884,3146,3110,3349,3350,3195,3456,3830,3936,3343,3674,4724,6118,3431,3849,6050,12721,28.4535,31.3105,8.83404,47.5213
73885,3671,3502,3294,3145,5051,4208,3707,3169,9651,5420,3748,3316,7938,5167,3880,3414,12.3176,-33.4947,8.91187,48.1873
73886,3892,3824,3493,3193,6081,4355,3564,3315,9559,5249,3728,3368,6243,4746,3776,3300,7.5126,-29.1393,8.50606,47.7907
73887,3324,3686,4353,4197,3568,4473,6589,5625,3638,4380,6873,5644,3292,3740,4466,4331,0.540667,11.5002,8.69467,48.1193
73888,3494,3573,3342,3125,4466,4231,3636,3375,7589,6490,4168,3475,7441,6354,4067,3541,14.3091,-17.6292,8.7167,48.2447
73889,3492,3554,3396,3183,4032,4354,3798,3519,5597,7597,4721,3741,5559,7214,4791,3760,14.1118,-9.31485,8.84336,48.2053
73890,3594,3409,3332,3141,4595,4050,3554,3284,8785,5120,3788,3370,9160,5487,3875,3356,15.5785,-29.7626,8.68526,47.9333
73891,3456,3525,3368,3266,3992,4220,3743,3506,5491,7104,4847,3778,5818,7579,5064,3859,16.0053,-9.12071,8.66765,48.4107
73892,4425,7086,8936,5191,3973,4917,5543,4486,3531,3700,3889,3561,3259,3330,3473,3163,-23.8318,2.79924,8.90113,48.3087
73893,4035,4562,4219,3676,4423,6902,5951,4052,4237,5880,5247,3917,3777,4047,4013,3569,-2.65596,-2.48918,8.70757,48.338
73894,3425,3900,6016,12592,3428,3744,4716,6039,3270,3424,3780,3927,3072,3199,3433,3361,-29.5156,31.6728,8.77069,47.5507
73895,3283,3472,3374,3135,3576,3873,3683,3407,4606,5293,4734,3903,5487,9484,6724,4234,26.146,-4.46514,8.61115,48.1787
73896,3446,3576,3477,3409,3968,4357,4225,3665,4608,7356,6184,4094,4590,6061,5493,4125,11.9955,-2.36535,8.9079,48.4227
73897,4864,8464,8090,4694,4198,4838,4847,4181,3629,3803,3802,3523,3244,3297,3331,3299,-32.5516,-0.546718,8.7257,48.0693
73898,3405,3737,4308,4236,3546,4555,6802,5303,3616,4453,7231,5433,3302,3814,4461,4172,0.639736,10.4962,8.61032,48.2493
73899,3142,3244,3424,3586,3325,3559,4057,4470,3456,3939,5605,7703,3483,4047,6423,8873,17.0624,20.5076,8.55707,48.224
73900,3041,3305,3431,3362,3304,3495,3783,3887,3391,3796,4771,6024,3443,4034,6423,12262,30.2244,26.1086,8.56127,47.8347
73901,12113,6520,3880,3471,6010,4829,3795,3422,4120,3836,3446,3328,3369,3325,3298,3164,-33.8654,-24.5835,8.96539,47.9507
73902,3283,3381,3338,3272,3649,3817,3634,3427,4419,5059,4615,3924,5290,9364,7176,4438,29.975,-2.96993,8.79586,48.0573
73903,3185,3207,3529,3445,3278,3646,3986,4208,3413,4078,5712,6963,3446,4289,6753,9055,18.9342,19.2563,8.7025,48.1287
73904,3317,3363,3280,3086,3783,3907,3556,3336,5053,5333,4256,3673,7421,9688,5293,3712,31.8156,-11.2657,8.91244,48.038
73905,3799,5270,8948,6854,3735,4376,5991,5278,3357,3586,3969,3782,3164,3286,3438,3333,-21.5329,10.7893,8.94819,48.1107
73906,6783,7780,4688,3695,6020,6670,4155,3685,4070,4218,3644,3419,3588,3502,3275,3138,-17.5751,-12.9394,8.869,48.22
73907,3089,3252,3409,3350,3276,3439,3840,4134,3472,3875,4893,6972,3451,3880,5804,11660,21.9701,29.5532,8.62088,47.864
73908,3432,3522,3435,3287,3911,4383,4012,3530,4864,7560,5594,3939,4830,6755,5124,4022,13.7672,-4.96485,8.8779,48.1333
73909,4235,5428,5090,4052,4626,7447,6319,4203,3864,4656,4412,3773,3446,3678,3505,3426,-9.43348,-2.29437,8.72977,48.1067
73910,3907,3725,3321,3092,5801,4440,3552,3225,10061,5409,3791,3346,6767,4832,3777,3262,8.75024,-30.0889,8.985,48.2053
73911,3566,3829,3574,3385,4403,5367,4306,3549,5111,8221,5331,3911,4522,5200,4298,3741,6.64777,-6.51319,8.90572,48.2093
73912,3203,3392,3500,3497,3499,3889,4472,4019,3857,5232,7646,5213,3810,4889,6860,5199,13.7084,7.08466,8.69863,48.118
73913,3712,5155,9589,7650,3727,4274,5570,5262,3279,3464,3916,3914,3109,3281,3382,3292,-25.4633,11.6732,8.79814,48.384
73914,3144,3324,3488,3437,3314,3652,3856,3743,3681,4305,5290,4841,3841,5650,10059,6533,33.7232,8.55394,8.79455,48.1053
73915,3623,3582,3430,3040,4474,4392,3790,3266,7055,7076,4421,3533,6440,6315,4323,3457,13.1844,-14.7016,8.75702,48.1447
73916,3424,3296,3300,3023,4016,3785,3465,3125,6254,5001,3794,3285,11802,6702,4094,3371,24.7297,-23.8861,8.88192,47.8247
73917,3351,3329,3228,3096,3905,3919,3469,3310,5359,5303,4171,3542,8198,9062,4802,3571,33.6759,-13.8715,8.50839,47.7433
73918,3100,3218,3447,3365,3445,3561,3780,3880,3682,4358,5924,5226,3800,5196,9169,6937,22.2277,10.6802,8.72227,48.0587
73919,3399,3433,3202,3026,3964,3785,3469,3385,5957,5321,4029,3442,10040,7726,4368,3517,24.4342,-18.3163,8.76014,48.042
73920,3502,3465,3251,3057,4294,3933,3438,3238,7796,5150,3815,3361,10224,6024,3923,3399,18.9429,-25.1167,8.83599,47.9133
73921,5764,4483,3672,3256,9804,5192,3809,3270,6594,4535,3717,3262,4101,3953,3487,3199,-5.30821,-29.2898,8.99566,48.0653
73922,4504,4040,3420,3280,7627,4837,3659,3302,8997,4976,3817,3327,5109,4292,3610,3244,1.99563,-28.2839,8.68102,48.0273
73923,5547,4663,3594,3328,8999,5740,4019,3461,6404,4854,3741,3260,4244,3846,3507,3284,-5.23815,-22.0533,8.90144,48.3273
73924,3209,3466,4007,4404,3433,3811,5101,6963,3300,3874,5766,8554,3323,3705,4440,5050,2.97873,20.9135,8.98703,48.2707
73925,3220,3249,3370,3381,3254,3430,3856,3863,3497,3927,4929,5687,3447,4203,7588,10859,30.7276,19.8266,8.62791,47.84
73926,3069,3281,3413,3646,3263,3384,4044,4750,3391,3673,5193,9255,3523,3857,5323,8826,14.1042,29.1531,8.99102,47.9273
73927,3414,3414,3236,3132,3881,3797,3373,3157,6829,4991,3897,3325,11736,5858,3870,3320,23.0961,-30.6994,8.76146,47.4867
73928,3623,3601,3307,3142,4876,4221,3597,3297,9290,5206,3770,3389,8143,5075,3872,3350,12.9042,-31.0541,8.70752,47.8393
73929,12553,5994,3954,3443,6063,4734,3716,3337,3863,3839,3519,3242,3311,3429,3286,3095,-29.3665,-29.9638,8.85534,47.5853
73930,3195,3474,3585,3787,3192,3542,4348,5661,3406,3852,5255,9937,3419,3654,4722,6995,9.2558,29.1258,8.96475,48.016
73931,3132,3312,3546,3425,3304,3510,4011,4608,3392,3966,5040,8702,3401,3824,5524,9292,15.9965,32.7693,8.94358,47.9927
73932,5335,4325,3680,3244,9210,5045,3770,3404,7375,4738,3660,3445,4381,4029,3467,3146,-2.70585,-30.991,8.80343,48.1693
73933,3139,3324,3543,3356,3311,3513,3904,3950,3570,4129,5621,6013,3516,4660,7981,8830,21.4751,15.9601,8.54143,48.24
73934,5643,9589,6773,4084,4518,5184,4708,3989,3641,3775,3665,3532,3336,3296,3302,3188,-27.5648,-4.70577,8.75,48.1487
73935,3536,3503,3272,3127,4626,4114,3531,3300,8557,5199,3804,3435,9269,5447,3842,3305,16.126,-31.8604,8.51215,47.9113
73936,3460,3515,3257,3053,4143,4089,3675,3376,6222,6790,4339,3547,6860,7543,4566,3677,17.0295,-12.8979,8.87309,48.0747
73937,3448,3320,3239,3193,3938,3795,3355,3290,6041,4609,3858,3444,12626,6010,3857,3398,30.4751,-28.8608,8.79533,47.614
73938,3304,3395,3213,3054,3760,3872,3614,3302,4898,5500,4304,3623,7198,9541,5421,3977,25.2594,-10.0014,8.83073,47.984
73939,3285,3396,3304,3256,3637,3884,3663,3463,4458,5702,4908,4086,5279,8595,6869,4349,22.2962,-3.12765,8.62753,48.0893
73940,8869,5397,3796,3390,8950,5251,3870,3404,4755,4151,3437,3229,3711,3433,3289,3212,-14.8204,-27.2703,8.93975,48.096
73941,3468,3468,3269,3130,4279,3878,3548,3155,7520,5046,3755,3215,10958,5786,3884,3445,19.8047,-28.1328,8.9149,47.8693
73942,4043,5858,7704,5184,3978,5250,6748,4745,3509,3898,4158,3842,3113,3317,3460,3450,-17.3051,4.66533,8.82366,48.1713
73943,7550,5585,3944,3268,8394,6080,3998,3453,4724,4443,3701,3317,3673,3541,3365,3099,-13.0475,-20.7203,8.68537,48.09
73944,3325,3489,4180,4521,3369,3848,5415,7311,3442,3947,5755,7718,3337,3649,4304,4699,0.988971,20.8253,8.5198,48.206
73945,3379,3305,3129,3068,4215,3874,3599,3148,6872,5036,3839,3379,11472,6201,3912,3413,22.1392,-26.5064,8.90298,47.894
73946,3740,3748,3403,3069,5451,4293,3548,3291,9607,5340,3781,3449,7142,4834,3769,3423,10.4626,-27.816,8.56301,47.9253
73947,3135,3409,3657,3763,3279,3734,4285,5022,3393,3893,5983,8974,3316,3970,5352,7158,11.6117,21.5426,8.64736,48.2153
73948,7650,5014,3853,3358,9649,5396,3839,3375,5114,4309,3586,3251,3731,3574,3256,3201,-11.6052,-28.1677,8.50395,48.104
73949,3650,4300,5223,4489,3709,5063,8203,5328,3669,4338,5432,4475,3408,3603,3846,3747,-6.16581,7.67922,8.87761,48.322
73950,4640,4391,3611,3225,7333,5965,3911,3307,6941,5814,3891,3270,4597,4159,3648,3324,-0.576791,-18.5981,8.83376,48.018
73951,3647,3783,3551,3267,4185,4934,4133,3599,5330,8119,5250,3860,4855,5711,4497,3739,9.27456,-7.58227,8.61478,48.3067
73952,4377,4925,4445,3617,5095,8083,5239,3741,4413,5433,4320,3655,3732,3890,3611,3412,-5.85403,-6.67103,8.85526,47.992
73953,3882,5120,6793,5011,3931,5325,7538,5131,3545,3963,4342,3985,3256,3450,3589,3449,-13.6641,6.10114,8.8569,48.2067
73954,4034,3927,3384,3137,5970,4508,3639,3433,9798,5209,3859,3343,6203,4630,3601,3285,7.17878,-30.0872,8.50687,47.9733
73955,3127,3556,3707,3734,3414,3717,4747,4699,3587,4390,7770,6964,3549,4093,5759,5831,10.4063,14.1791,8.88848,48.4293
73956,3595,4647,8363,9060,3521,4060,5431,5665,3386,3463,3884,3957,3065,3342,3398,3325,-24.2509,15.6534,8.96445,48.108
73957,4194,4063,3545,3262,5890,5460,3934,3408,7612,6691,4115,3474,4976,4745,3754,3258,3.90275,-17.3354,8.81109,48.254
73958,4226,5706,5323,4104,4459,7183,6440,4180,3901,4646,4422,3743,3430,3549,3616,3383,-10.5739,-1.39826,8.73653,48.2073
73959,5130,5522,4117,3490,6477,8068,4665,3566,4676,5020,3983,3495,3848,3784,3493,3235,-8.06008,-11.8147,8.9432,48.3793
73960,11513,7063,4035,3364,6092,4875,3775,3460,3999,3800,3499,3113,3404,3338,3278,3079,-26.5398,-22.2185,8.88071,47.7913
73961,3199,3267,3368,3255,3468,3556,3781,3663,3679,4496,5263,4590,4028,6053,9852,6117,29.3855,6.90878,8.71541,47.7567
73962,3649,4968,9000,7222,3608,4273,5941,5389,3337,3651,3973,3804,3073,3130,3460,3445,-21.8106,11.8251,8.78477,47.9487
73963,3307,3331,3315,3208,3933,3910,3602,3469,4768,5217,4314,3684,7333,9808,5289,3757,29.2186,-10.3837,8.59259,48.1633
73964,3197,3278,3479,3392,3291,3566,3885,3887,3490,3972,5379,5701,3497,4457,8294,9548,26.9737,17.0139,8.57374,48.2087
73965,3143,3314,3496,3494,3452,3752,4396,4037,3636,4785,7336,5718,3814,4751,7479,5852,15.4197,10.1432,8.98951,48.3033
73966,3419,3293,3130,3120,4057,3854,3465,3203,6206,4814,3819,3439,12123,6417,3862,3338,27.7653,-26.0976,8.64549,47.706
73967,3864,5385,8787,6511,3738,4634,6148,5233,3403,3612,3947,3837,3209,3251,3459,3297,-20.1896,9.55974,8.70795,48.21
73968,3792,5227,9384,7318,3668,4310,5693,5289,3261,3517,3858,3911,3119,3279,3228,3359,-23.998,11.254,8.69847,48.142
73969,3645,3689,3272,3107,4589,4329,3664,3330,7622,6557,4014,3489,7234,6042,4181,3489,13.8026,-17.5901,8.63747,48.1687
73970,3518,4432,8840,9357,3531,3955,5206,5430,3332,3449,3860,3822,3048,3277,3370,3373,-31.218,15.7301,8.98408,47.8667
73971,5803,8146,5498,4001,4965,6577,4865,3834,3919,4150,3914,3478,3363,3366,3544,3189,-18.3485,-7.09792,8.56568,48.408
73972,3381,3873,5471,7116,3468,4036,6116,8588,3334,3680,4393,4843,3069,3340,3701,3783,-11.8694,20.4687,8.68823,48.128
73973,3341,3493,3676,3746,3395,3856,4559,4709,3529,4290,7154,7130,3482,4127,5809,6015,10.6995,14.8016,8.74138,48.2073
73974,3345,3440,3283,2945,3902,3905,3563,3281,5467,5470,3967,3503,8728,8958,4734,3484,25.026,-14.5047,8.85363,47.9833
73975,6379,4975,3917,3421,8836,5990,3908,3392,5442,4539,3672,3265,3922,3794,3446,3042,-8.90797,-21.0332,8.63274,47.96
73976,5137,7392,5580,4006,4803,6996,5380,3965,3831,4282,3913,3580,3365,3505,3402,3183,-16.334,-5.23436,8.68814,48.2133
73977,7949,5608,3853,3448,8676,5667,3981,3400,4900,4178,3506,3206,3627,3545,3216,3131,-13.6079,-23.2971,8.54663,47.9273
73978,3604,3561,3303,3123,4622,4268,3599,3229,8362,5710,3895,3351,8182,5652,3995,3421,14.5907,-21.3855,8.73619,47.918
73979,8307,5276,3770,3423,9132,5316,3848,3401,4878,4095,3545,3232,3633,3584,3303,3080,-13.3096,-27.0484,8.64352,47.882
73980,3268,3842,5372,8327,3415,3863,5243,9361,3143,3526,4167,4911,3094,3333,3547,3671,-13.3664,27.2391,8.8382,48.0553
73981,3146,3194,3394,3373,3330,3453,3864,4132,3357,3815,4961,7276,3358,3876,5915,11499,21.5565,28.3351,8.64439,47.962
73982,12718,6027,3905,3487,6091,4731,3702,3399,3841,3857,3429,3248,3419,3368,3356,3167,-27.9899,-29.4914,8.68064,47.83
73983,3092,3169,3426,3439,3285,3413,4074,4212,3442,3901,5454,7270,3404,4034,6713,9791,19.2486,20.6345,8.99054,48.0793
73984,3112,3222,3433,3403,3153,3405,3818,3978,3306,3811,4879,5999,3404,4011,6726,11618,31.8893,22.8474,8.62034,47.5187
73985,8496,5464,3753,3382,9321,5355,3915,3226,4837,4152,3583,3296,3630,3524,3280,3092,-14.0447,-25.9728,8.99083,48.204
73986,3303,3874,5933,12894,3426,3665,4794,5978,3181,3434,3756,3901,3235,3213,3262,3370,-31.3497,30.1662,8.87344,47.4793
73987,3212,3302,3500,3237,3533,3671,3806,3607,3818,4572,5186,4370,4323,7236,9292,5405,31.5533,3.35316,8.87692,48.0467
73988,3025,3321,3674,3631,3385,3794,4294,4584,3572,4180,6563,7799,3434,4058,5998,7074,13.1842,17.5701,8.82943,48.2573
73989,4527,5316,4370,3676,5378,8059,5287,3894,4312,5349,4233,3714,3633,3882,3633,3365,-7.15829,-7.07405,8.73726,48.4187
73990,3062,3495,3837,4056,3283,3751,4687,5893,3432,3889,6025,8838,3424,3756,4895,5980,7.09706,20.7961,8.90639,48.202
73991,3320,3649,4414,4795,3507,3959,6043,7664,3350,3870,5482,6684,3217,3626,4134,4382,-2.18127,18.6531,8.84059,48.064
73992,6551,4657,3654,3298,10047,5161,3806,3286,5973,4312,3625,3247,3869,3831,3334,3070,-8.08108,-30.5307,8.86797,47.814
73993,3536,3554,3277,3079,4457,4415,3672,3399,7011,7038,4330,3567,6644,6694,4347,3521,14.1102,-14.5146,8.72187,48.3607
73994,3607,3747,3338,3193,4220,4644,3761,3322,5771,8035,4870,3718,5358,6472,4587,3782,12.084,-9.81556,8.93188,48.2833
73995,4693,7787,7949,4825,4239,5191,5286,4343,3664,3832,3731,3582,3210,3413,3326,3226,-23.837,0.595199,8.55121,48.198
73996,3234,3373,3653,3940,3256,3680,4409,5722,3404,3780,5274,9879,3283,3636,4811,6609,8.63848,31.5874,8.6547,47.962
73997,3146,3358,3689,3636,3281,3712,4293,4786,3345,4005,6471,8173,3393,4154,5825,7318,12.8728,18.9882,8.75625,48.39
73998,3408,3431,3272,3142,4185,3874,3494,3238,7929,5061,3874,3304,10396,5678,3861,3403,18.9498,-30.6141,8.63641,47.7
73999,5160,6949,5216,3946,5016,7436,5118,3921,3941,4494,3967,3607,3399,3466,3476,3190,-14.3716,-6.04769,8.68151,48.2013
74000,3183,3443,3807,4021,3315,3720,4604,5765,3416,3861,5811,9233,3315,3851,4863,6246,7.82739,22.856,8.59099,48.3027
74001,3223,3585,3914,3828,3540,3832,5206,5353,3464,4414,7454,7064,3418,3942,5085,5163,5.96817,14.3844,8.70428,48.3233
74002,3482,3659,3762,3722,3817,4323,4929,4016,4111,5879,7730,4848,3813,4652,5429,4395,8.18699,4.03401,8.63589,48.378
74003,3452,4164,5779,7322,3341,4100,6510,7957,3246,3738,4273,4665,3235,3338,3587,3616,-13.6058,18.2678,8.81992,48.2153
74004,3507,3811,4220,3995,3619,4632,6198,4574,3893,5019,7456,4978,3677,4039,4690,4182,2.55346,6.72785,8.78448,48.3267
74005,3818,4860,7187,5746,3761,4735,7335,5521,3485,3751,4351,3999,3123,3427,3515,3508,-14.6707,9.46656,8.66996,48.0813
74006,6807,5299,3882,3445,8818,6175,3887,3460,5204,4483,3591,3308,3747,3627,3455,3155,-10.303,-20.5491,8.83176,48.2287
74007,7276,5481,3909,3349,8903,5954,3892,3481,4956,4197,3657,3270,3806,3584,3311,3166,-12.2404,-21.2287,8.63893,48.128
74008,3129,3209,3457,3468,3082,3454,3674,3876,3361,3755,4835,6441,3357,4005,6001,12569,24.8632,29.9022,8.89235,47.782
74009,3173,3395,3616,3793,3339,3548,4212,4874,3323,4003,5562,8957,3351,3826,5314,7816,12.5195,24.2316,8.55033,48.068
74010,4558,3993,3526,3318,7655,4679,3755,3263,8962,5018,3677,3305,4997,4300,3535,3299,2.04025,-29.0245,8.91469,47.8933
74011,3169,3266,3394,3314,3481,3678,3875,3722,3783,4593,5846,4797,4130,6030,9023,5928,21.6004,6.51359,8.73106,48.0193
74012,3086,3197,3383,3433,3371,3484,3806,3784,3422,4237,5205,5506,3589,4598,9229,8532,33.2736,14.1927,8.79616,47.908
74013,3624,4128,5770,5859,3627,4367,7337,7236,3361,3771,4733,4884,3176,3353,3674,3642,-10.3168,14.7412,8.5947,48.3613
74014,3264,3370,3368,3269,3668,3873,3669,3583,4388,5323,4625,3964,5478,9176,6953,4295,26.2431,-3.81739,8.70407,48.1773
74015,3042,3264,3291,3485,3238,3371,3741,3862,3409,3749,4855,6369,3459,3938,6034,12279,26.5113,32.3275,8.58305,47.5907
74016,4862,4128,3606,3116,8432,4913,3778,3351,8203,4886,3660,3304,4711,4182,3536,3418,-0.311784,-29.3858,8.94977,48.0573
74017,4084,4316,3813,3455,5262,6767,4546,3512,5306,7066,4618,3608,4171,4528,3896,3378,0.670725,-9.88782,8.59147,48.2173
74018,6272,7470,4755,3650,5871,7304,4499,3679,4157,4175,3704,3470,3539,3525,3341,3210,-15.9994,-11.4245,8.84413,48.414
74019,5651,9250,6541,4240,4531,5541,4677,3835,3593,3817,3663,3451,3296,3441,3276,3212,-24.3798,-5.05967,8.51923,48.01
74020,3238,3318,3557,3422,3317,3786,4233,4306,3528,4492,7203,6087,3692,4597,7223,6314,15.3381,11.963,8.90572,48.2087
74021,3043,3183,3480,3429,3300,3479,3833,3945,3550,3827,4941,5649,3372,4182,7750,10749,31.1524,19.402,8.91255,47.808
74022,3339,3481,3604,3474,3684,4152,4345,3805,4112,6287,7186,4492,4172,5392,6127,4438,12.5004,2.32799,8.88131,48.06
74023,4391,4465,3815,3403,5858,7049,4325,3480,5723,6629,4270,3611,4200,4128,3702,3382,-0.740192,-12.3369,8.89068,48.2873
74024,3414,3910,4413,4266,3642,4620,7207,5546,3675,4379,6537,5210,3402,3844,4267,4128,-1.44685,9.93826,8.74241,48.3067
74025,8135,7970,4629,3585,6085,6082,4221,3594,3938,4147,3548,3280,3499,3511,3282,3234,-19.5195,-14.9924,8.90961,48.4933
74026,3532,4464,7979,10235,3479,3980,5108,5577,3222,3502,3782,3774,3096,3228,3519,3455,-30.2158,17.8042,8.70775,47.9547
74027,4012,5690,9686,6757,3680,4457,5530,4830,3483,3593,3796,3817,3105,3231,3437,3271,-25.9344,8.85859,8.56216,48.25
74028,3118,3306,3431,3565,3262,3499,4279,4876,3459,3804,5211,9198,3403,3785,5209,8315,13.6453,32.7137,8.76283,47.8133
74029,3197,3392,3323,3175,3549,3871,3774,3491,4490,5274,4742,3966,5359,9203,7220,4353,25.1903,-3.29695,8.7145,48.2527
74030,5714,5244,3928,3268,8026,6987,4212,3426,5161,4847,3835,3473,3824,3728,3531,3152,-8.11742,-16.9989,8.90692,48.2373
74031,3346,3843,5469,8845,3342,3929,5223,8768,3270,3490,4030,4793,3086,3388,3546,3642,-14.8185,27.4787,8.57333,48.0067
74032,3678,3702,3312,3098,4906,4491,3693,3398,7956,6685,4117,3467,6374,5699,4096,3397,11.0015,-17.6996,8.58006,48.046
74033,5862,7174,4680,3678,5644,7378,4717,3782,4200,4327,3744,3553,3482,3561,3398,3181,-14.7242,-10.5046,8.86057,48.2407
74034,3424,3731,5327,8697,3304,3883,5316,9058,3315,3592,4261,4734,3152,3282,3514,3612,-14.3392,33.4224,8.84179,48.1347
74035,9176,6055,4054,3394,7957,5479,3894,3377,4409,4038,3539,3201,3613,3487,3257,3113,-16.8384,-22.8357,8.60594,48.0287
74036,3198,3350,3322,3200,3573,3843,3792,3667,4143,5218,5094,4161,4947,8569,7863,4635,26.0806,-1.06989,8.91078,48.3833
74037,3568,3773,3828,3596,3885,4944,5022,3928,4253,6776,6927,4326,3957,4785,4724,3961,6.10494,0.421101,8.98717,48.1687
74038,3605,4495,7556,7960,3474,4155,6111,6529,3288,3548,4038,4120,3088,3298,3514,3459,-18.3755,15.994,8.71546,48.1587
74039,4402,6347,6205,4391,4337,6421,6526,4307,3636,4079,4119,3641,3304,3546,3391,3345,-14.4473,0.263571,8.77244,47.998
74040,11520,7202,4194,3438,5816,4946,3686,3411,4015,3853,3569,3265,3342,3385,3177,3086,-29.3022,-21.1867,8.75468,47.9367
74041,3487,3978,6427,11356,3339,3736,5117,6969,3230,3558,3852,4047,3087,3219,3406,3431,-22.0974,23.9361,8.96438,48.1593
74042,12525,5877,3839,3363,5852,4688,3825,3324,3858,3678,3501,3190,3408,3448,3387,3104,-31.37,-31.091,8.69179,47.2447
74043,3363,4013,5893,11144,3376,3870,4823,7534,3189,3426,3880,4321,3125,3307,3537,3463,-20.6002,27.7466,8.66478,48.176
74044,3032,3289,3608,3586,3239,3547,4168,4369,3529,4051,6085,7129,3460,4161,6800,8159,16.7801,18.0648,8.58691,48.1413
74045,4302,6690,9551,5753,3835,4658,5080,4615,3324,3695,3796,3732,3210,3375,3292,3372,-29.1479,5.06587,8.7569,48.1867
74046,3093,3254,3286,3446,3214,3512,3807,3807,3548,3947,5094,5651,3497,4395,8421,9519,31.0978,16.7121,8.59212,47.6607
74047,3375,3252,3185,3072,3989,3838,3461,3269,5876,4969,3870,3429,11686,7059,4065,3449,27.2834,-22.062,8.74941,47.896
74048,3260,3411,3953,4312,3411,3682,4653,6910,3358,3812,5112,9295,3252,3624,4379,5373,4.00031,32.6294,8.65702,47.8647
74049,10907,7593,4151,3455,5845,4937,3943,3306,3910,3725,3518,3264,3452,3299,3272,3052,-32.6089,-19.6979,8.92978,47.7527
74050,3397,3442,3275,3170,3732,3828,3604,3330,4987,5219,4281,3734,7437,9699,5278,3742,32.1398,-11.393,8.76198,48.1033
74051,3238,3706,4369,5368,3327,3761,5088,9396,3326,3749,4672,6936,3238,3371,4050,4261,-3.95315,32.4905,8.62981,47.904
74052,3482,3877,4644,4460,3633,4397,7292,6196,3408,4117,6056,5464,3400,3612,4182,4076,-2.59134,12.4349,8.89989,48.1973
74053,3141,3231,3399,3469,3349,3487,3895,3819,3558,3947,5135,5436,3444,4590,8877,9211,29.2298,15.5638,8.76324,47.992
74054,4868,6413,5052,3929,4966,7698,5516,4023,3979,4503,4032,3655,3439,3625,3533,3244,-12.1402,-4.92981,8.50456,48.3167
74055,3120,3340,3441,3378,3233,3526,3824,3972,3377,3949,5568,6367,3510,4269,7445,9631,22.0032,18.2322,8.79758,47.9667
74056,4639,4816,4028,3384,6255,7475,4555,3573,5107,5654,4164,3495,3955,4097,3653,3365,-4.38589,-12.5155,8.59953,48.1433
74057,3233,3326,3370,3323,3441,3671,3828,3602,3812,4776,5481,4572,4119,6672,9202,5473,24.8127,4.96375,8.63384,47.934
74058,3643,4396,5465,4839,3666,5043,8160,5663,3600,4128,5212,4409,3273,3494,3776,3722,-7.90477,8.61385,8.81697,48.326
74059,8033,6062,4042,3402,8156,5982,4057,3417,4575,4175,3585,3255,3544,3483,3396,3020,-15.1296,-20.2322,8.87572,48.1227
74060,3486,3953,5864,10971,3405,3791,4904,7590,3196,3464,3856,4210,3081,3266,3355,3455,-20.4609,27.5897,8.66493,47.898
74061,4135,4876,4832,3922,4375,7049,6924,4225,3987,4903,4829,3845,3454,3675,3679,3557,-7.25069,-0.549653,8.80599,48.178
74062,6956,4901,3688,3403,9839,5290,3777,3388,5494,4363,3680,3265,3827,3763,3340,3171,-9.84195,-26.7485,8.51593,48.0967
74063,6914,4894,3708,3422,9843,5253,3882,3361,5622,4250,3722,3242,3814,3709,3289,3062,-9.36138,-29.1618,8.63115,47.9913
74064,6804,5487,3902,3520,8718,6146,3960,3393,5053,4443,3639,3179,3835,3645,3411,3130,-11.1655,-19.9453,8.70335,48.1767
74065,3690,3727,3568,3353,4321,5308,4333,3576,5024,8038,5630,3926,4427,5307,4603,3747,7.34178,-5.85627,8.99732,48.3853
74066,3107,3426,3811,3961,3264,3773,4604,6062,3334,3870,5620,9472,3278,3768,4754,6126,7.29798,24.6867,8.72764,48.1533
74067,3799,5030,7905,5867,3723,4710,7141,5397,3488,3744,4112,4132,3155,3211,3532,3380,-16.6162,9.10464,8.91427,48.2173
74068,3253,3508,4109,4454,3410,3702,5048,7257,3420,3717,5475,8547,3206,3631,4459,5106,2.05564,23.492,8.81991,48.2013
74069,3420,4026,4249,4004,3782,4972,6603,4579,3800,5011,6742,4811,3517,3943,4362,3905,0.285749,5.73317,8.64633,47.8173
74070,3423,3373,3247,3164,3681,3905,3653,3294,4937,5571,4265,3661,7184,9649,5282,3829,25.8957,-10.4718,8.78554,48.0787
74071,3243,3535,4421,5371,3236,3738,5376,8786,3356,3733,4925,7267,3133,3543,4023,4387,-3.1725,25.4853,8.52897,48.0487
74072,3281,3699,4817,6071,3408,3888,5933,9426,3328,3696,4694,5843,3169,3454,3731,4090,-7.40625,22.5201,8.78676,48.352
74073,3286,3332,3352,3250,3507,3703,3829,3401,4312,4993,5004,4117,4817,8412,8340,4878,27.2754,-0.328194,8.81992,48.3553
74074,3343,3604,3890,3797,3542,4085,5429,4852,3499,4689,8158,6083,3488,4045,5273,4746,6.44551,10.8288,8.87353,48.3487
74075,3694,4989,9458,7768,3577,4180,5215,5189,3335,3572,3883,3930,3147,3311,3351,3288,-33.3361,12.1018,8.8914,47.9247
74076,11996,6954,4158,3256,5906,4918,3896,3348,3930,3785,3452,3246,3436,3332,3225,3102,-29.1689,-22.8431,8.72869,47.96
74077,3372,3257,3383,3174,3744,3855,3714,3507,4673,5760,4963,4041,5335,8666,6688,4204,22.2688,-4.12269,8.63591,48.224
74078,9243,5275,3857,3304,8604,5206,3860,3445,4534,4140,3552,3204,3433,3411,3245,3162,-15.5989,-33.0157,8.82057,47.65
74079,3446,3317,3333,3247,3727,3900,3577,3307,4816,5179,4512,3731,6336,10013,5848,3867,33.3005,-8.01056,8.95173,48.104
74080,5520,4356,3526,3199,9377,5268,3865,3325,7092,4797,3679,3381,4473,3946,3594,3203,-3.51258,-25.7251,8.976,48.4007
74081,12305,6445,4007,3460,6237,4871,3881,3372,4007,3774,3344,3204,3348,3278,3274,3055,-26.2845,-25.3615,8.77266,47.908
74082,9512,8197,4478,3542,5585,5105,4005,3423,3844,3852,3577,3302,3389,3471,3336,3084,-33.9329,-16.6763,8.53969,47.8013
74083,3230,3588,4235,4884,3354,3923,5511,7706,3341,3846,5387,7557,3230,3551,4216,4626,-0.332566,21.6826,8.62577,48.1233
74084,12673,6028,3910,3436,6133,4836,3823,3398,3918,3791,3447,3274,3254,3343,3171,3214,-26.8985,-32.7602,8.82738,47.766
74085,3171,3310,3323,3311,3252,3679,3616,3898,3361,3993,4870,5883,3427,4241,7444,10959,30.471,20.4001,8.61385,47.8253
74086,3352,3701,4947,6693,3398,3841,5554,9689,3279,3564,4296,5580,3135,3352,3755,3836,-9.11312,24.6056,8.90857,47.9813
74087,3544,3782,3721,3378,3891,4755,4481,3779,4395,7148,6674,4178,4220,5262,5116,4084,9.08707,-1.11257,8.8516,48.272
74088,4550,4461,3793,3349,6152,6782,4251,3555,6092,6334,4089,3434,4190,4219,3582,3321,-0.924611,-13.8162,8.74576,48.1027
74089,3237,3265,3263,3187,3743,3894,3650,3381,4878,5686,4566,3763,6492,9779,5781,3876,23.9228,-8.4756,8.96351,48.294
74090,3419,4001,5217,5782,3591,4272,7015,7734,3471,3923,4794,5206,3245,3368,3792,3823,-8.29066,16.658,8.71143,48.4353
74091,12416,6493,3979,3364,6297,4915,3886,3392,3911,3820,3390,3207,3397,3301,3170,3127,-26.3351,-24.7879,8.87984,48.0433
74092,12514,5937,3922,3369,5948,4708,3851,3370,4009,3751,3416,3297,3454,3373,3152,3244,-29.9743,-32.5536,8.64606,47.5433
74093,3342,3613,4534,5601,3426,3825,5626,9225,3321,3589,4789,6592,3139,3487,3836,4217,-4.89183,24.0007,8.6209,48.108
74094,3486,3541,3369,3214,4105,4257,3784,3422,5773,6979,4749,3630,5855,7360,4885,3720,15.5171,-10.4937,8.5466,48.086
74095,3350,3894,5988,12375,3431,3798,4775,6220,3198,3451,3822,3971,3037,3282,3388,3299,-26.8791,32.1415,8.5204,47.5193
74096,3145,3342,3641,3976,3288,3568,4430,5293,3398,3966,5659,9516,3253,3770,5051,6772,9.84617,23.9206,8.68464,48.0453
74097,6170,5991,4107,3489,7227,7005,4274,3522,4655,4529,3746,3361,3775,3694,3431,3179,-11.8157,-15.1041,8.7187,48.1033
74098,3523,4494,8883,9279,3501,4033,5088,5445,3417,3370,4036,3840,3175,3220,3435,3394,-28.1376,15.625,8.75041,48.0887
74099,3439,3703,4286,4269,3566,4235,6455,5970,3487,4240,6720,6126,3437,3768,4287,4411,0.379783,13.5504,8.845,48.266
74100,3348,3621,4369,5224,3431,3901,5606,8376,3339,3640,5245,7076,3125,3558,4040,4483,-2.27164,22.2282,8.74501,48.2547
74101,12578,6031,3919,3302,6231,4701,3756,3327,4014,3762,3423,3248,3379,3411,3236,3111,-28.615,-28.8391,8.84369,47.6193
74102,3450,4097,6002,6718,3498,4146,6837,7705,3403,3678,4443,4705,3181,3282,3624,3643,-12.7955,17.2731,8.70996,48.2747
74103,3117,3318,3398,3410,3304,3505,3953,4294,3467,3816,5024,7865,3365,3942,5683,10357,18.709,32.5302,8.6312,47.8787
74104,3129,3149,3399,3518,3243,3451,3882,4221,3426,3797,5036,7336,3368,3941,5727,11064,20.1857,31.9062,8.50742,47.7913
74105,3134,3356,3678,3916,3284,3637,4325,5679,3333,3924,5374,9832,3364,3723,4854,6566,8.72359,29.4895,8.65396,47.986
74106,3168,3339,3927,4036,3291,3623,4501,6615,3400,3845,5152,9814,3306,3684,4489,5776,5.43721,30.7674,8.97453,47.9773
74107,3155,3359,3442,3294,3411,3666,3833,3712,3865,4653,5085,4528,4166,6853,9375,5624,27.9018,4.24992,8.71522,48.014
74108,3154,3199,3418,3410,3339,3530,3951,4007,3555,3983,5701,6030,3543,4439,8189,8797,21.7472,16.2298,8.92466,48.1633
74109,3060,3195,3423,3472,3169,3387,3905,4035,3405,3901,4981,6239,3317,4072,7067,11396,24.9148,22.0059,8.93543,48.016
74110,3273,3425,3720,4113,3251,3703,4737,6276,3396,3924,5809,9101,3283,3699,4659,5743,6.15595,22.3874,8.7207,48.0747
74111,3381,3581,3438,3362,3680,4312,4245,3547,4515,6629,6389,4256,4561,6389,5894,4316,14.063,-1.0835,8.7444,48.33
74112,12249,6198,4013,3326,6214,4877,3760,3302,3882,3796,3409,3253,3396,3305,3267,3091,-26.8667,-25.6919,8.87219,47.5587
74113,3308,3438,3312,3087,3922,3851,3523,3293,5694,5096,3974,3492,10101,8034,4488,3535,28.1923,-17.6341,8.5403,48.0987
74114,3250,3338,3297,3231,3619,3836,3733,3548,4185,5129,5196,4123,5002,8386,7750,4658,24.5529,-1.02748,8.92556,48.1873
74115,3370,3410,3195,3143,3985,3784,3630,3309,5743,5040,3931,3460,10821,7624,4202,3384,27.7069,-20.0893,8.53011,48.0207
74116,3284,3674,4187,4654,3503,4029,6014,6879,3489,3966,5929,6784,3203,3613,4311,4564,-0.0977042,17.2183,8.68398,48.0553
74117,3691,5070,8943,7022,3643,4328,6136,5290,3321,3685,3917,3916,3145,3252,3474,3256,-21.1595,10.9588,8.95544,48.0593
74118,3413,3381,3421,3110,3965,3837,3775,3371,6113,5725,4016,3447,8543,8091,4564,3515,21.4043,-15.5473,8.64647,48.1913
74119,3731,3603,3386,3114,4653,4495,3683,3357,7464,6757,4225,3509,6762,5859,4162,3499,12.8301,-16.8712,8.65551,48.1727
74120,3219,3391,3939,4232,3361,3738,4772,7162,3335,3717,5163,9463,3161,3623,4425,5164,3.67981,33.8883,8.97844,47.91
74121,3637,4321,6772,6282,3532,4540,7263,6415,3397,3767,4391,4390,3140,3314,3674,3624,-13.8058,13.3338,8.5395,48.306
74122,5631,4427,3727,3331,9454,5329,3771,3359,6903,4648,3690,3332,4213,3976,3476,3197,-4.69078,-25.8129,8.75296,48.3093
74123,9164,8762,4637,3507,5484,5084,4013,3417,3903,3823,3540,3247,3407,3337,3234,3270,-32.3957,-15.7159,8.61567,47.886
74124,3273,3331,3321,3186,3490,3697,3667,3483,4112,5017,4897,4152,4716,7761,8807,4936,28.5287,1.06972,8.77292,47.8973
74125,3999,4531,4310,3668,4534,7207,6012,4061,4243,5775,5066,3909,3697,3956,3891,3565,-3.38656,-2.75399,8.85379,48.2827
74126,3522,3531,3417,3242,4036,4252,3800,3336,5675,7171,4689,3627,5984,7421,4891,3736,15.904,-10.3248,8.69531,48.22
74127,3155,3252,3319,3367,3309,3367,3814,3830,3695,4169,5464,5214,3669,5038,9462,8110,26.2541,12.9463,8.78908,48.156
74128,8845,9158,4674,3659,5339,5208,4094,3543,3794,3817,3574,3273,3295,3368,3219,3137,-28.8952,-14.7281,8.89747,47.998
74129,3128,3319,3536,3450,3128,3422,3947,4384,3281,3717,5110,8324,3288,3902,5670,10230,18.0033,27.4849,8.89989,47.8907
74130,3511,3445,3307,3012,3967,3854,3494,3218,6369,4989,3751,3434,11420,7074,4086,3357,25.6995,-22.1707,8.9632,48.192
74131,3579,4605,8955,8473,3570,4170,5198,5331,3422,3520,3951,3907,3121,3255,3364,3436,-33.5026,14.1842,8.57001,47.9047
74132,4201,3803,3455,3180,6179,4669,3700,3273,9144,5900,3789,3415,5694,4709,3694,3245,6.02542,-21.6618,8.85172,48.0333
74133,3363,4019,5288,6179,3538,4105,6842,8097,3345,3757,4634,5106,3200,3427,3656,3855,-9.22131,17.6195,8.99236,48.274
74134,9611,6074,4010,3381,7851,5332,3803,3338,4412,4011,3500,3252,3597,3488,3282,3052,-18.2458,-23.2719,8.75563,47.996
74135,4444,7550,8703,5168,4082,4694,5049,4323,3648,3808,3814,3517,3249,3329,3394,3188,-31.0532,2.10393,8.549,47.9733
74136,4929,4235,3623,3230,8497,4901,3767,3450,7917,4877,3846,3297,4570,4166,3533,3217,-0.821528,-32.4956,8.56954,48.0367
74137,8485,8836,4704,3753,5710,5501,4118,3626,3865,3959,3510,3312,3332,3379,3237,3111,-23.7432,-14.1463,8.96706,48.292
74138,3368,3398,3310,3152,3880,4002,3643,3257,5920,5765,4184,3517,8356,8274,4623,3565,21.6247,-15.0536,8.89858,48.1427
74139,3579,4302,7432,9470,3530,4011,5461,6580,3204,3463,3849,4121,3067,3193,3507,3379,-21.563,18.2987,8.76689,48.0987
74140,3035,3249,3498,3408,3299,3573,3795,3972,3350,3697,4782,5999,3457,3922,6093,12509,29.4363,28.4467,8.59379,47.7587
74141,3057,3293,3484,3442,3176,3617,3966,4205,3420,3995,5864,7059,3456,4246,6952,8889,18.5318,18.7569,8.69609,48.0807
74142,3524,4500,8192,8671,3507,4135,5528,5907,3253,3551,3880,4030,3024,3118,3371,3405,-22.4546,15.9477,8.60645,47.7307
74143,3445,4292,6761,9398,3397,3903,5556,7310,3294,3488,3986,4247,3035,3315,3379,3429,-18.5734,20.3098,8.85901,48.1567
74144,11500,5788,3891,3413,7269,4870,3811,3390,4186,3854,3414,3257,3476,3403,3095,3121,-21.0531,-30.6709,8.79608,47.8253
74145,3414,4075,6406,9205,3500,3909,5701,7585,3318,3619,4019,4375,3091,3319,3427,3511,-17.7057,20.788,8.91162,48.316
74146,3862,3831,3313,3156,5488,4318,3620,3164,9780,5543,3833,3401,6759,4891,3679,3362,9.44142,-26.6697,8.60372,48
74147,3340,3880,5112,7609,3420,3827,5201,9633,3296,3568,4199,5271,3229,3314,3586,3712,-11.7192,29.6262,8.52615,48.1313
74148,3388,3361,3217,3110,3734,3778,3432,3279,5419,5168,4137,3430,9360,8813,4627,3473,30.7869,-15.8157,8.64645,47.8173
74149,3162,3603,4139,4575,3384,3801,5543,7621,3324,3842,5651,7591,3236,3582,4346,4716,0.544473,20.8479,8.75242,48.0773
74150,3903,5506,8725,6282,3704,4659,6127,5111,3323,3640,3825,3871,3149,3316,3466,3270,-20.7808,9.00101,8.50848,47.918
74151,3205,3353,3810,3975,3316,3624,4591,6057,3340,3916,5730,9332,3309,3651,4824,6128,7.09222,23.6925,8.67216,48.1073
74152,12303,5941,3944,3409,6446,4838,3828,3414,3876,3867,3401,3194,3423,3340,3232,3036,-24.7901,-32.4636,8.91231,47.6613
74153,4269,5127,4661,3804,4779,7689,5838,3940,4143,5329,4514,3792,3589,3780,3692,3452,-6.28244,-3.98006,8.99519,48.2653
74154,3033,3211,3462,3429,3238,3501,3903,4343,3365,3812,5022,7716,3341,3889,5731,10899,19.773,29.9402,8.66668,47.93
74155,3614,3563,3551,3536,3858,4658,4446,3741,4679,7430,6198,4124,4369,5531,5136,4084,9.78769,-2.51921,8.58115,48.3453
74156,3761,4593,6676,5779,3720,4798,7530,5951,3365,3835,4418,4417,3168,3431,3668,3523,-13.4203,10.9204,8.50886,48.422
74157,3561,4098,4848,4457,3631,4682,7729,5650,3521,4318,5867,4856,3396,3630,3980,3940,-4.44626,9.8689,8.53795,48.1093
74158,3277,3425,3606,3449,3596,4116,4498,3855,4080,6018,7491,4679,4048,5368,6195,4608,12.5491,3.15066,8.82919,48.206
74159,3178,3354,3564,3525,3349,3708,4322,4413,3553,4511,7134,6344,3590,4464,6928,6255,14.3696,13.2429,8.59214,48.128
74160,6316,9614,5843,4014,4780,5404,4472,3694,3772,3915,3620,3374,3335,3356,3412,3136,-25.905,-7.85207,8.5123,48.038
74161,8047,5324,3829,3261,9338,5296,3795,3371,4966,4175,3487,3238,3668,3473,3364,3161,-12.7957,-26.2823,8.81523,47.862
74162,3505,3526,3347,3066,4422,4053,3463,3209,7797,5279,3909,3421,9810,5931,4041,3460,17.7588,-23.4072,8.62062,48.1593
74163,3170,3339,3833,3937,3228,3578,4418,5593,3328,3964,5488,9546,3287,3740,4767,6750,9.12503,25.8684,8.68354,47.9773
74164,3988,3728,3500,3160,5709,4904,3844,3283,8286,6459,4043,3433,5808,4890,3929,3268,6.86169,-19.4206,8.53561,48.1547
74165,3190,3393,3754,3980,3369,3558,4498,6099,3345,3844,5117,10003,3285,3755,4668,6169,7.13518,29.0342,8.73977,48.018
74166,3939,4534,4562,3832,4199,6612,6625,4324,4097,5107,5380,4112,3623,3814,3986,3541,-4.08484,0.468508,8.71079,48.1913
74167,4005,6694,9639,5497,3902,4716,5170,4510,3456,3621,3761,3605,3235,3373,3415,3326,-33.7207,4.89133,8.79224,47.95
74168,3500,3325,3150,3039,4314,3895,3543,3233,7724,5125,3936,3366,10353,6035,4014,3454,18.6766,-24.6531,8.89482,48.004
74169,5069,5531,4249,3525,6211,8113,4581,3583,4575,5124,3975,3532,3766,3828,3496,3227,-8.06283,-11.5754,8.8278,48.2567
74170,3936,4939,5635,4284,4053,6204,7547,4707,3694,4351,4784,4066,3358,3467,3727,3523,-9.34718,3.16246,8.78548,48.1833
74171,3451,3713,4428,4392,3523,4399,7141,5750,3519,4328,6351,5510,3421,3787,4239,4210,-1.03736,11.3464,8.90139,48.108
74172,3482,3960,5729,11266,3350,3842,4970,7370,3247,3536,3902,4163,3138,3244,3328,3442,-20.6466,30.7813,8.53299,47.9793
74173,3383,3835,5899,12843,3424,3768,4699,5926,3248,3470,3766,3886,3101,3080,3240,3374,-29.5013,33.0227,8.83561,47.2947
74174,12529,5956,3903,3365,6383,4889,3671,3395,4010,3817,3437,3212,3396,3403,3114,3166,-25.4028,-30.2493,8.89393,47.764
74175,12467,6144,3979,3411,5969,4799,3690,3231,3934,3903,3512,3216,3361,3372,3211,3124,-30.2234,-27.7585,8.69055,47.5487
74176,3430,3940,5956,12649,3383,3703,4834,5920,3232,3436,3829,3935,3167,3234,3339,3371,-32.0921,29.8985,8.70311,47.572
74177,10904,5880,3957,3307,7740,5128,3714,3325,4198,3809,3510,3245,3446,3472,3197,3155,-19.4163,-26.8095,8.98534,47.9913
74178,3298,3820,4804,6709,3355,3859,5223,9904,3256,3546,4387,5588,3194,3301,3707,3797,-8.93615,33.3495,8.87866,47.832
74179,3125,3296,3574,3844,3284,3623,4344,5305,3281,3842,5455,9424,3444,3834,5126,7408,10.9901,26.0525,8.69605,48.1393
74180,3206,3154,3338,3422,3202,3515,3808,3926,3319,3744,4738,6383,3379,4017,6146,12525,26.5202,29.2897,8.8861,47.8813
74181,12930,6106,3952,3363,5782,4749,3782,3393,3824,3740,3488,3215,3318,3417,3268,3245,-29.4162,-29.8264,8.94055,47.7147
74182,4716,7840,8513,4950,4168,4825,5086,4257,3416,3729,3891,3511,3340,3306,3377,3301,-26.6896,0.931592,8.6459,48.1507
74183,5423,5424,4106,3429,7304,7336,4488,3397,4964,4925,3761,3365,3776,3767,3445,3164,-8.46296,-14.9515,8.75884,48.0493
74184,8735,7790,4342,3545,6284,5801,4057,3557,3996,4107,3619,3276,3473,3354,3250,3155,-20.6859,-16.4043,8.75241,48.2273
74185,9167,8339,4538,3555,5701,5508,3981,3489,3860,3798,3569,3304,3338,3454,3124,3080,-24.6448,-15.9656,8.51451,47.87
74186,6590,4755,3722,3208,10000,5625,3750,3393,5846,4456,3437,3190,3966,3715,3446,3210,-8.69864,-24.8186,8.97244,48.206
74187,3441,3441,3280,3125,4200,3915,3565,3274,7916,5042,3679,3313,10440,5666,3975,3324,18.552,-28.889,8.79929,47.7307
74188,3219,3283,3444,3414,3258,3515,3908,3928,3491,3975,5250,5728,3598,4508,8351,9442,25.8773,16.5623,8.82883,48.208
74189,3432,3253,3270,3103,3944,3705,3477,3186,5993,4797,3838,3473,12623,6386,3959,3375,30.3222,-25.1699,8.8422,47.876
74190,3410,4094,5954,8042,3515,4053,5860,8234,3234,3562,4057,4604,3157,3371,3444,3619,-15.0009,21.0763,8.78059,48.14
74191,3779,4778,6023,4849,3804,5284,8184,5274,3477,4004,4854,4168,3235,3600,3655,3532,-10.9431,6.65831,8.92618,48.3333
74192,3685,5314,9166,6995,3634,4408,5957,5082,3296,3491,4042,3706,3065,3272,3410,3373,-22.5507,10.5505,8.79171,47.9307
74193,10012,8513,4376,3596,5547,5203,3965,3507,3928,3844,3387,3262,3410,3360,3214,3131,-29.5741,-17.2419,8.89338,48.17
74194,3371,3810,5367,8392,3435,3829,5270,9222,3234,3621,4101,4863,3136,3382,3428,3666,-13.4193,26.3365,8.82442,48.0847
74195,3090,3297,3476,3446,3383,3584,3973,4028,3680,4274,6022,5678,3667,4805,8592,7453,20.2376,13.0297,8.68152,48.2987
74196,4268,4243,3657,3288,6230,5644,3964,3499,7238,6568,4150,3427,4817,4410,3700,3307,2.32396,-16.5227,8.98743,48.2733
74197,3179,3205,3366,3447,3139,3434,3914,3866,3450,3718,4796,6073,3464,3956,6018,12412,27.229,32.4947,8.5444,47.6247
74198,3902,3756,3383,3250,5404,4330,3669,3212,9814,5219,3709,3357,6980,4934,3910,3296,9.6137,-29.1851,8.58818,48.0833
74199,3263,3243,3327,3369,3344,3623,3668,3743,3768,4299,5127,4876,3899,5720,9876,6914,29.3591,9.32943,8.76301,48.0393
74200,3917,4836,5169,4270,4122,6186,7455,4624,3696,4494,5082,4140,3532,3667,3621,3565,-7.52788,2.69542,8.56797,48.2507
74201,6671,5745,3978,3479,8085,6570,4109,3567,4874,4469,3700,3343,3631,3667,3371,3110,-11.9592,-17.8611,8.61439,48.246
74202,5160,4318,3564,3233,9061,5316,3737,3365,7289,4838,3749,3362,4466,4007,3425,3155,-2.67595,-25.6922,8.94068,48.03
74203,3612,3643,3501,3335,4153,4805,4263,3593,4826,8101,5657,3905,4531,5634,4761,3769,9.12644,-5.11064,8.96407,48.0593
74204,4394,5082,4384,3692,5202,8040,5504,3837,4204,5392,4359,3610,3662,3778,3658,3327,-6.4705,-5.83408,8.62223,48.0833
74205,5503,5647,3971,3531,7181,7428,4485,3478,4902,4673,3817,3395,3750,3722,3423,3133,-9.17065,-14.6616,8.65566,48.026
74206,3233,3366,3379,3126,3620,3856,3573,3466,4527,5287,4787,3906,5475,9299,6859,4364,25.0722,-4.40495,8.89677,48.082
74207,3294,3613,4176,4269,3447,4021,5768,6379,3551,4140,6292,7237,3312,3696,4452,4897,2.1518,16.9522,8.65847,48.3627
74208,3398,3749,4563,5107,3500,3966,6307,8126,3319,3830,5216,6255,3298,3516,4117,4163,-3.97621,18.7657,8.6705,48.2867
74209,3567,4017,5911,6489,3544,4207,6906,7449,3351,3692,4459,4768,3083,3358,3637,3568,-12.1908,16.4952,8.60979,48.004
74210,3768,4916,9083,7453,3669,4341,5818,5418,3307,3577,3867,3856,3125,3257,3447,3332,-23.4689,12.1775,8.61719,48.156
74211,3455,3979,6783,11889,3249,3933,4885,5901,3270,3425,3663,4048,3123,3147,3359,3522,-33.157,22.9696,8.79501,47.754
74212,3577,4230,5244,4687,3648,4904,7986,5602,3561,4202,5310,4610,3407,3581,3869,3746,-6.51795,8.83136,8.64547,48.1093
74213,4430,4618,3886,3461,5802,7288,4499,3596,5381,6247,4266,3498,4172,4094,3728,3399,-2.03106,-11.0635,8.80129,48.2433
74214,3496,4291,6955,8765,3410,4096,5831,6868,3335,3596,4015,4265,3122,3221,3481,3536,-18.5576,18.3533,8.62024,48.1887
74215,3748,3992,3608,3382,4594,5538,4337,3553,5522,8091,5005,3702,4464,5065,4178,3602,5.80282,-8.02459,8.62204,48.254
74216,3471,3999,5564,10361,3369,3853,5019,7985,3235,3477,3922,4231,3159,3218,3562,3376,-18.3596,31.4019,8.80789,47.8673
74217,3373,3346,3203,3068,3959,3920,3441,3153,6233,4787,3843,3336,12223,6602,4079,3489,28.025,-24.7065,8.60297,48.0367
74218,3333,3459,3302,3262,3927,4032,3728,3445,5167,6380,4650,3809,5953,8666,5460,3863,19.5926,-8.07421,8.64746,48.2907
74219,5936,9665,6366,3980,4620,5520,4614,4026,3668,3874,3623,3406,3231,3319,3229,3147,-25.0593,-6.14955,8.95122,48.1493
74220,5701,9024,6349,4089,4635,5678,4826,3828,3722,3869,3782,3481,3236,3440,3241,3167,-23.0291,-5.40154,8.62441,48.0453
74221,3207,3590,3770,3687,3504,4095,5225,4653,3702,4828,7991,5908,3623,4226,5431,4884,7.49208,10.0386,8.73398,48.216
74222,3417,3814,4484,4408,3503,4280,6816,6136,3469,4189,6383,5792,3394,3576,4288,4302,-1.30606,12.9314,8.55074,48.1673
74223,3300,3373,3344,3287,3782,4052,3946,3656,4423,6254,5692,4180,4838,7135,6723,4433,17.6289,-1.18345,8.70966,48.2787
74224,3710,3706,3468,3248,4832,5084,3797,3377,6785,7700,4507,3588,5467,5605,4110,3525,9.32845,-13.2835,8.63521,48.3393
74225,11104,6480,4053,3393,6791,5049,3744,3431,4071,3870,3437,3178,3530,3352,3257,3108,-22.1296,-23.6821,8.5121,47.8987
74226,3358,4110,6817,12179,3340,3892,4809,6018,3274,3433,3779,3914,3162,3201,3300,3316,-30.4179,23.7057,8.93663,47.9347
74227,3139,3239,3420,3386,3235,3383,3735,3958,3327,3750,4860,6102,3394,3859,6154,12801,32.5272,27.6977,8.73804,47.828
74228,3623,4128,4757,4257,3681,5050,7836,5136,3632,4627,6120,4749,3442,3727,3983,3794,-3.67888,7.50267,8.83741,48.3613
74229,3275,3750,4755,6323,3314,3882,5239,9841,3299,3751,4551,5779,3220,3429,3788,4051,-7.66592,33.639,8.59113,48.1647
74230,3357,3413,3267,3213,3881,3834,3595,3222,5478,5313,4086,3603,8654,9102,4677,3538,26.7308,-14.5478,8.54058,48.1553
74231,3335,3798,4798,5869,3448,3942,6223,8863,3229,3648,4757,6009,3164,3282,3846,4041,-7.00798,20.7236,8.6861,48.168
74232,3176,3251,3334,3467,3279,3474,3654,3969,3340,3763,4668,6241,3297,3997,6010,12562,27.9316,29.301,8.75918,47.6547
74233,3196,3385,3483,3404,3420,3929,4008,3968,3791,4814,6680,5051,3945,5488,8092,5713,18.1464,8.03819,8.55852,48.2447
74234,3287,3850,5005,7555,3387,3755,5220,9758,3294,3493,4208,5233,3111,3369,3628,3674,-11.7126,28.6527,8.79018,47.8847
74235,6174,5487,3949,3483,7914,6970,4170,3537,5134,4657,3782,3397,3669,3725,3433,3160,-10.0495,-17.4025,8.77739,48.4273
74236,5916,9768,6289,4106,4554,5159,4579,3778,3848,3801,3654,3462,3359,3424,3371,3247,-32.2677,-6.21982,8.52339,48.21
74237,3362,3329,3457,3278,3509,3793,3839,3547,4069,4936,5340,4287,4450,7298,8525,5017,24.2377,2.13779,8.5781,48.024
74238,3751,3845,3481,3361,4700,5277,4094,3475,6157,8031,4748,3573,4774,5231,4219,3550,7.23373,-10.7641,8.70043,48.178
74239,3815,4313,4420,3954,4109,6318,6776,4266,4046,5465,5680,4189,3655,3981,3881,3666,-2.65398,0.705561,8.6707,48.356
74240,3160,3256,3378,3376,3398,3642,3998,4025,3423,4041,5442,6260,3429,4462,7516,9335,22.3472,17.8538,8.50497,48.094
74241,3360,3952,5555,9492,3343,3820,5310,8720,3304,3599,4058,4610,3166,3164,3496,3576,-15.846,27.3721,8.99848,48.35
74242,3514,3368,3280,3084,4480,3986,3424,3223,8198,5226,3822,3442,10031,5698,3884,3368,17.6369,-26.7985,8.68638,48.0187
74243,3110,3422,3607,3468,3429,3731,4103,4043,3722,4512,7111,5979,3690,4718,7308,6411,16.1257,11.4366,8.69885,48.2427
74244,4354,3930,3442,3193,7391,4651,3771,3382,9194,5199,3845,3340,5206,4345,3701,3265,2.9386,-32.9264,8.7657,48.1393
74245,3173,3287,3424,3481,3223,3513,3962,3884,3377,3741,5024,5880,3389,4115,7423,11136,32.8802,20.2674,8.57962,48.0213
74246,6536,9913,5783,3871,4838,5225,4355,3674,3864,3769,3552,3336,3300,3387,3254,3186,-31.4568,-8.48114,8.52238,47.8953
74247,3116,3338,3329,3333,3339,3723,3956,3923,3697,4300,6227,5420,3586,4851,8805,7491,21.4056,12.5124,8.93451,48.2893
74248,3289,3416,3610,3503,3652,4198,4889,4293,3896,5283,8133,5672,3609,4595,5821,4755,9.53478,7.72915,8.98192,48.4093
74249,3081,3326,3510,3454,3286,3664,4092,4048,3666,4507,6776,5601,3770,4872,8092,6547,17.5931,11.5357,8.88495,48.1947
74250,5192,4842,3869,3443,7859,6584,4063,3415,5876,5178,3839,3464,4074,3953,3581,3178,-4.86975,-17.7359,8.5056,48.2733
74251,5705,8356,5615,3969,4909,6572,4724,3857,3828,4042,3878,3449,3422,3576,3416,3149,-18.9002,-6.83168,8.64967,48.3113
74252,6317,6428,4364,3527,6558,7103,4392,3537,4459,4502,3824,3346,3663,3557,3447,3258,-13.523,-13.3577,8.50094,48.188
74253,3039,3207,3257,3457,3158,3472,3758,3953,3453,3931,4792,6571,3343,3892,6311,12372,24.6709,26.7701,8.82206,47.9773
74254,4693,4429,3732,3363,7408,6100,4004,3413,6576,5754,3974,3366,4493,4279,3650,3302,-1.36842,-17.8,8.651,48.3573
74255,3101,3237,3495,3472,3187,3500,3933,4398,3429,3821,5162,8357,3457,3924,5574,9748,17.1211,31.6692,8.75825,47.8633
74256,3401,3844,5210,7732,3278,3908,5480,9604,3234,3584,4233,5076,3113,3271,3662,3685,-11.8106,25.8025,8.96275,48.21
74257,3451,3463,3341,3014,4194,4166,3685,3241,6389,5974,4229,3512,8102,7417,4449,3438,18.665,-15.8601,8.86318,48.0433
74258,3519,3552,3293,3257,4419,4366,3696,3277,6971,7253,4313,3574,6496,6457,4311,3494,13.3356,-14.5656,8.83669,48.1653
74259,3961,4596,4193,3626,4554,7252,5536,3983,4442,6067,4798,3790,3830,4141,3853,3492,-2.48977,-4.09494,8.99606,48.076
74260,3935,3979,3546,3233,4957,5316,3926,3497,6533,7661,4497,3549,5079,5174,4048,3518,6.57121,-12.615,8.84994,48.2987
74261,3998,3728,3431,3171,5388,4759,3716,3301,8381,6845,3971,3437,5615,5103,3766,3356,7.66797,-18.258,8.96115,47.9773
74262,4864,4556,3797,3263,7262,6480,3991,3464,6123,5747,3887,3395,4427,4179,3710,3305,-2.05195,-16.3031,8.81438,48.3
74263,5686,8289,5618,4030,4983,6479,4748,3921,3715,4122,3812,3436,3360,3471,3290,3203,-18.7581,-6.75819,8.75149,48.1087
74264,4876,8683,7794,4477,4232,5064,4965,4137,3578,3785,3689,3654,3186,3365,3359,3213,-33.9718,-1.22267,8.62484,48.038
74265,3544,3530,3305,3034,4592,4005,3476,3305,8957,5168,3794,3384,9123,5386,3854,3431,15.2685,-32.5029,8.94727,47.9253
74266,3401,3971,5601,9691,3522,3876,4967,8188,3258,3493,4107,4321,3189,3212,3368,3564,-17.2737,32.2381,8.57993,47.8193
74267,3217,3135,3325,3439,3292,3418,3834,4126,3394,3785,5058,6940,3522,3995,6344,11129,21.5125,24.4427,8.85839,47.9687
74268,3318,3400,3863,3701,3633,3865,5368,4712,3673,4641,8021,6210,3615,4097,5347,4978,7.54992,11.4466,8.54798,48.2947
74269,3014,3305,3581,3593,3225,3634,4211,4555,3442,3988,5820,8126,3545,4004,6035,8531,15.4241,21.6245,8.78883,48.406
74270,5368,5879,4496,3664,6062,8131,4755,3621,4354,4766,3930,3371,3573,3664,3441,3166,-10.5225,-10.6709,8.87138,48.1607
74271,3237,3232,3314,3331,3320,3639,3851,3655,3849,4483,5405,4802,3978,5691,9723,6328,33.4095,8.02218,8.53585,47.892
74272,3467,4083,6303,9177,3396,4036,5623,7620,3215,3495,4112,4392,2981,3345,3444,3608,-17.0808,21.8699,8.61665,48.198
74273,3982,3790,3446,3195,6024,4404,3624,3354,10062,5266,3722,3419,6363,4630,3695,3351,7.60298,-28.1998,8.81663,48.218
74274,3371,4074,6197,12402,3440,3828,4766,6334,3270,3400,3718,4010,3109,3133,3346,3426,-26.4562,27.8332,8.58544,47.8827
74275,3661,4497,6128,5015,3744,5011,8077,5574,3510,3907,4848,4228,3372,3374,3735,3603,-10.6804,8.85713,8.61964,48.1893
74276,3151,3316,3641,3709,3243,3550,4169,5047,3424,3847,5632,9158,3419,3887,5343,7628,12.4151,23.7563,8.52488,48.1093
74277,3071,3288,3484,3488,3333,3588,4020,4193,3569,4105,6187,6557,3503,4396,7352,8102,18.2637,16.0051,8.58302,48.1573
74278,3270,3347,3383,3274,3549,3732,3722,3639,3842,4791,5146,4378,4313,7426,8996,5124,33.4276,2.31902,8.95493,47.9547
74279,5641,4525,3641,3208,9370,5266,3823,3401,6806,4690,3676,3263,4323,3835,3380,3141,-4.65205,-27.5257,8.58804,47.9927
74280,3441,3555,3516,3366,3897,4790,4497,3804,4559,7520,6402,4087,4397,5422,4906,3996,9.23061,-2.3157,8.867,48.1033
74281,3410,3358,3094,3143,3942,3868,3343,3177,6422,4992,3943,3343,11352,6976,4066,3409,24.6088,-22.3151,8.6931,47.892
74282,3291,3690,3898,3644,3675,4219,5540,4497,3812,5036,8092,5380,3706,4153,5066,4537,5.90629,8.00012,8.63353,48.1573
74283,3333,3365,3307,3076,4102,3865,3456,3248,7149,4913,3889,3445,11333,5861,3992,3387,21.3251,-32.5504,8.74147,47.814
74284,3366,3892,5371,6911,3480,4076,6052,8697,3285,3657,4378,5089,2963,3405,3711,3784,-11.4701,20.5817,8.59022,48.078
74285,3268,3368,3913,4177,3325,3699,4787,6649,3337,3739,5377,9511,3228,3742,4421,5548,4.46545,24.9077,8.86412,48.0593
74286,4235,4620,4191,3656,5051,7822,5204,3787,4485,6000,4550,3769,3760,3989,3788,3453,-3.63769,-6.1216,8.80252,48.24
74287,4048,5333,5799,4506,4183,6223,7307,4664,3679,4194,4482,3916,3364,3539,3658,3491,-11.391,2.4905,8.55542,48.2573
74288,3615,3902,3996,3709,3920,5347,5953,4262,4159,5925,6767,4248,3604,4285,4547,4014,2.25527,1.91146,8.67744,48.1687
74289,12079,5937,3821,3469,6589,4966,3683,3313,3870,3774,3540,3254,3472,3386,3251,3164,-24.1296,-32.3293,8.74721,47.712
74290,3213,3442,3318,3174,3585,3717,3691,3430,3938,4923,5073,4154,4662,8064,8741,5076,27.1283,1.33216,8.99578,48.134
74291,12101,6770,3993,3424,5949,4883,3792,3446,3942,3707,3394,3160,3458,3391,3228,3116,-31.1365,-23.1007,8.87235,47.836
74292,5360,9460,7070,4307,4354,4968,4800,3875,3637,3853,3587,3538,3328,3337,3315,3279,-33.0792,-3.45596,8.78918,48.0453
74293,6615,5490,4068,3394,8420,6394,4081,3529,4896,4438,3777,3225,3846,3667,3389,3095,-10.842,-19.2352,8.6432,48.216
74294,11117,7216,4194,3427,6026,5057,3890,3376,4012,3783,3532,3236,3317,3324,3280,3206,-30.357,-20.883,8.50378,47.9953
74295,3308,3884,5892,11346,3321,3764,4880,7139,3361,3540,3904,4206,3162,3288,3317,3420,-21.1589,29.1866,8.86852,47.8213
74296,5122,9021,7542,4585,4257,5180,4725,4043,3600,3820,3744,3555,3297,3360,3323,3081,-28.5568,-2.26519,8.77218,48.17
74297,3155,3310,3428,3227,3386,3565,3824,3764,3839,4311,5477,4876,3979,5700,9734,6459,25.2933,8.3173,8.63352,48.0227
74298,4200,4480,3840,3466,4874,7201,5021,3753,4831,6773,4695,3730,3995,4183,3900,3559,-0.927638,-6.91352,8.94942,48.334
74299,3080,3145,3607,3723,3365,3488,4200,4771,3367,3773,5162,9499,3352,3872,5147,8025,13.0648,32.2129,8.99367,47.7173
74300,4853,4190,3459,3227,8147,5086,3692,3335,8112,5191,3887,3296,4766,4145,3503,3127,-0.405989,-24.7314,8.76047,48.0107
74301,3039,3379,3540,3627,3271,3622,4196,4292,3541,4276,6728,6645,3625,4381,6933,7031,15.45,15.0255,8.56049,48.084
74302,3574,3516,3255,3050,4719,4052,3600,3251,9071,5159,3878,3283,8792,5346,3783,3432,14.2532,-31.5986,8.86404,47.8407
74303,3375,3446,3222,3077,4169,4022,3599,3411,6970,5943,4017,3449,8338,7066,4267,3516,18.4127,-17.9069,8.56958,47.9247
74304,12598,6037,4008,3407,6191,4696,3742,3415,3967,3784,3453,3205,3327,3312,3198,3162,-27.6544,-31.8239,8.9077,47.668
74305,4929,4229,3597,3308,8381,5088,3714,3367,8074,4983,3676,3351,4681,4129,3472,3277,-0.775337,-25.2756,8.92461,48.1707
74306,3546,3521,3270,3038,4720,4069,3503,3228,8993,5237,3877,3443,8743,5427,3801,3383,14.6552,-28.724,8.64754,47.866
74307,3518,4192,5648,5234,3637,4652,7847,6333,3308,4001,5065,4556,3294,3544,3704,3712,-8.84017,11.938,8.60524,48.1633
74308,5658,5704,4080,3376,6961,7656,4429,3538,4593,4714,3831,3533,3749,3741,3455,3237,-9.91489,-13.7594,8.67616,48.17
74309,3533,4390,7634,8845,3580,4081,5686,6367,3308,3528,3994,4027,3137,3223,3384,3489,-20.5133,17.3017,8.75876,48.1373
74310,3467,3520,3243,3143,4143,4000,3476,3248,6542,5673,4129,3497,9283,7383,4275,3413,20.1884,-18.9316,8.61359,48.29
74311,4490,5769,4905,4008,4721,7586,5892,3999,4012,4702,4249,3643,3509,3664,3631,3289,-10.3881,-3.6166,8.86848,48.046
74312,3398,3477,3310,3257,3965,4196,3974,3481,5211,6998,4931,3677,5467,7690,5124,3849,16.4772,-7.87825,8.65902,48.0033
74313,10795,6526,3965,3526,6970,5181,3927,3450,4219,3886,3489,3242,3391,3403,3250,3038,-21.2953,-23.5502,8.50693,48.172
74314,3378,3594,3610,3420,3785,4703,4759,3815,4345,6750,7059,4430,4174,5035,5147,4171,8.9492,0.489081,8.73568,48.1167
74315,3155,3507,3907,4417,3401,3750,4797,6767,3336,3867,5606,8778,3315,3625,4449,5422,4.07446,23.4263,8.54943,48.066
74316,3725,3574,3330,3147,5392,4315,3656,3208,9901,5379,3819,3446,6958,4872,3718,3248,10.109,-31.6184,8.52778,47.792
74317,4004,4019,3416,3105,5691,5041,3753,3329,8221,6442,4006,3411,5682,4906,3865,3318,6.49775,-18.632,8.84653,48.1393
74318,3064,3271,3380,3429,3226,3544,3799,4012,3542,4023,5476,5695,3541,4646,8442,8930,23.6135,15.4423,8.62541,48.0133
74319,3194,3302,3680,4069,3297,3616,4507,5722,3469,3928,5612,9756,3313,3673,4777,6445,8.11351,24.6671,8.85202,48.24
74320,3270,3540,3542,3415,3585,4000,4587,4116,3853,5117,7743,5390,3833,4765,6393,5075,12.2307,7.56632,8.7957,48.1493
74321,3263,3391,3260,3183,3734,3958,3715,3398,4676,5977,4868,3768,5753,9071,6131,4134,21.4156,-5.86594,8.88135,48.1867
74322,3938,5716,7531,5131,3998,5285,6922,4812,3409,3846,4062,3880,3281,3425,3501,3318,-16.539,5.1832,8.96038,48.0367
74323,3217,3686,4347,5120,3368,3886,5799,8331,3365,3774,5199,7281,3261,3541,3979,4405,-2.03227,21.3826,8.92079,48.3727
74324,3360,3651,4059,3985,3483,3984,5750,5160,3550,4526,7690,6200,3494,3959,4896,4692,4.46798,11.7359,8.54817,48.2927
74325,3958,4808,5708,4497,4023,6105,7555,4863,3604,4378,4733,4008,3462,3512,3634,3445,-10.052,3.40399,8.66102,48.1953
74326,3273,3358,3414,3201,3805,3874,3776,3460,4746,6126,5002,3999,5354,8435,6069,4102,19.9312,-5.15351,8.8947,47.996
74327,4140,3957,3529,3196,6064,5237,3780,3379,8065,6499,4103,3360,5185,4821,3730,3403,4.39556,-18.1575,8.95819,48.2987
74328,3717,3569,3451,3232,4394,4513,3782,3402,6068,7350,4645,3694,5884,6512,4481,3681,12.8153,-11.9285,8.55096,48.25
74329,3584,4901,9534,8308,3537,4203,5216,5137,3252,3625,3703,3823,3081,3316,3372,3320,-28.1491,13.4259,8.93655,47.9413
74330,3930,4119,3818,3485,4637,6428,4716,3809,4937,7265,5113,3870,4120,4529,4093,3605,2.0972,-6.28193,8.69362,48.316
74331,3102,3289,3398,3454,3214,3400,3792,3956,3420,3798,4929,6173,3476,4171,7067,11237,25.8682,21.8034,8.50504,47.9173
74332,3344,3517,3686,3616,3437,4028,4721,4251,3702,5234,8207,5490,3652,4475,6096,4894,10.4808,8.19269,8.66923,48.2333
74333,3432,3415,3123,3167,3997,3763,3440,3255,6007,4852,3870,3361,12320,6464,3929,3395,33.8307,-23.7668,8.94453,47.86
74334,3330,3362,3430,3297,3627,3698,3747,3437,4273,5104,4855,4129,4921,8543,7690,4568,29.8148,-1.56777,8.50469,48.0073
74335,3418,3914,5768,9533,3230,3869,5258,8368,3130,3467,4136,4464,3132,3302,3361,3625,-16.8395,25.6472,8.61652,47.9833
74336,3837,4111,3614,3241,4878,6099,4354,3576,5638,7795,4819,3728,4407,4766,3861,3548,3.38746,-9.15978,8.85287,48.1813
74337,3277,3435,3333,3162,4026,3668,3446,3218,5916,4910,3977,3437,10303,7812,4453,3477,28.2714,-18.7054,8.64516,47.9
74338,3251,3624,3990,4084,3518,3921,5583,5272,3493,4306,7653,6613,3469,3892,4870,4902,4.71657,13.5892,8.82273,48.294
74339,3418,3965,5133,5183,3525,4200,7545,7186,3496,3861,5107,5153,3237,3410,3830,3950,-6.71894,14.65,8.82297,48.1327
74340,3049,3173,3341,3470,3184,3434,3780,3928,3415,3839,4756,5865,3388,3986,6981,11882,29.9957,22.9399,8.73268,47.6473
74341,3373,3389,3381,3215,3716,3941,3815,3470,4570,6312,5250,3973,5243,7897,6203,4150,18.8188,-4.22176,8.57355,47.932
74342,3834,5042,7272,5675,3739,5008,7191,5212,3474,3790,4384,4020,3241,3449,3576,3491,-15.4076,8.15551,8.53393,48.2653
74343,3339,3764,4994,6453,3410,3953,5770,9212,3252,3670,4519,5760,3140,3449,3773,4005,-8.19337,22.828,8.69016,48.3087
74344,3134,3213,3383,3303,3267,3371,3845,3811,3356,3744,4875,6336,3348,3997,6521,12415,26.1143,24.626,8.97435,47.946
74345,3457,3828,5532,9783,3447,3845,5118,8221,3242,3480,4034,4357,3182,3303,3338,3485,-16.8437,32.4699,8.88476,47.768
74346,3265,3622,4368,5334,3385,3895,5622,8719,3300,3807,4973,6903,3322,3575,3991,4313,-3.17083,22.6436,8.803,48.2627
74347,3215,3361,3452,3325,3678,3922,3993,3642,4081,5519,6335,4446,4282,6509,7564,4826,17.8868,2.19554,8.81605,48.1
74348,3198,3351,3470,3348,3619,4049,4022,3638,4040,5662,6252,4591,4352,6430,7242,4840,17.4242,2.33809,8.54658,48.0693
74349,4041,6376,9453,6001,3882,4474,5581,4550,3455,3659,3859,3730,3031,3300,3379,3312,-25.0166,6.07562,8.75085,48.0553
74350,3722,3998,4047,3639,4037,5465,5430,4064,4202,6536,6321,4249,3832,4409,4377,4004,2.64876,-0.328384,8.51591,48.2213
74351,5352,9549,7102,4376,4465,4986,4730,3874,3698,3682,3768,3605,3298,3416,3304,3170,-28.8097,-3.46355,8.91048,48.25
74352,3140,3344,3559,3438,3248,3531,4183,4398,3570,4149,6479,7131,3506,4228,6587,7732,15.5713,17.1593,8.9087,48.1487
74353,12906,6077,3842,3438,6104,4668,3657,3338,3852,3770,3318,3259,3343,3286,3240,3215,-29.079,-29.989,8.93343,47.542
74354,3627,3845,3785,3435,4098,5179,4797,3884,4442,7168,6363,4125,4068,4937,4742,4021,5.88873,-1.74789,8.79223,48.344
74355,3081,3233,3450,3438,3129,3492,3567,3897,3424,3806,4717,6056,3374,3786,5984,12862,29.6082,28.9938,8.92483,47.5307
74356,4371,7106,8452,4997,4065,5091,5514,4449,3592,3727,3892,3611,3190,3380,3405,3210,-22.6115,2.39475,8.79985,48.0347
74357,6484,6613,4437,3604,6767,7111,4414,3622,4425,4313,3729,3229,3698,3550,3390,3221,-13.3853,-14.0011,8.72642,48.4047
74358,12599,5931,3870,3301,5975,4879,3791,3302,3873,3745,3480,3362,3378,3375,3304,3179,-32.1758,-27.7628,8.75992,47.5627
74359,3171,3178,3378,3569,3201,3667,3919,4335,3281,3867,5319,7875,3313,3851,5933,10025,18.3859,24.2412,8.83218,47.9213
74360,3778,3834,3570,3241,4368,5215,4155,3578,5348,8042,5080,3711,4741,5313,4340,3597,7.62355,-8.2589,8.64076,47.9407
74361,3188,3390,3550,3348,3496,3876,4521,3980,3825,5003,7735,5542,3787,4901,6936,5322,14.0417,8.17646,8.97807,48.2667
74362,3473,3444,3262,3129,4113,4054,3678,3259,6917,5735,3992,3388,9120,6836,4179,3561,18.8898,-19.3615,8.58355,48.0933
74363,3155,3170,3488,3334,3251,3490,3971,4146,3384,3772,5020,7393,3365,3983,5756,11153,20.7959,27.7861,8.79419,47.8873
74364,3409,3778,4695,5517,3392,4044,6118,8886,3220,3724,4771,6051,3147,3504,3956,4100,-5.85642,20.6224,8.92462,48.208
74365,3074,3207,3489,3564,3270,3546,3947,4491,3405,3764,5112,8405,3309,3958,5489,9899,16.9914,29.7166,8.79926,47.9527
74366,3125,3333,3696,3932,3216,3725,4516,5616,3385,4012,5560,9630,3269,3767,5047,6834,9.14463,24.449,8.66647,48.442
74367,8072,7460,4399,3528,6393,6145,4018,3535,4158,3941,3579,3301,3523,3507,3290,3160,-18.7113,-15.9956,8.5114,48.006
74368,3650,3529,3268,3145,4414,4012,3402,3309,7694,5612,3879,3416,9001,6326,4138,3297,17.4952,-21.1512,8.77506,48.0613
74369,3180,3228,3388,3415,3241,3400,3910,4259,3346,3728,4947,6990,3379,3876,5801,11382,21.4448,30.4337,8.65758,47.6467
74370,3746,3924,3632,3296,4451,5516,4325,3513,5244,8152,5411,3775,4418,4930,4339,3635,6.48917,-6.74762,8.76992,48.2047
74371,3362,3334,3354,2951,3834,3789,3647,3311,5604,5576,4138,3572,8334,8575,4872,3568,22.8045,-14.403,8.92954,47.8807
74372,4101,5875,9529,6347,3835,4453,5637,4761,3341,3666,3760,3670,3159,3378,3258,3370,-24.2443,8.14872,8.68042,48.0933
74373,3261,3531,3899,4308,3293,3706,4524,7294,3387,3742,5050,9217,3218,3647,4367,5370,3.29632,29.3939,8.75797,47.876
74374,4010,3768,3427,3278,6289,4545,3642,3272,9727,5240,3868,3403,5902,4758,3706,3256,6.10078,-33.3343,8.63336,48.0607
74375,3215,3475,3753,3675,3458,3983,4848,4444,3614,4665,7865,6405,3539,4323,6002,5336,10.1927,11.8786,8.54754,48.4
74376,3212,3787,4719,6206,3392,3841,5794,9403,3261,3702,4543,6026,3111,3320,3798,4086,-7.42721,23.7605,8.65279,48.134
74377,5464,9684,6714,4174,4333,5183,4720,3978,3565,3768,3736,3352,3315,3321,3343,3272,-33.1155,-4.59205,8.9307,47.948
74378,12571,6008,3996,3370,5975,4684,3716,3309,4092,3844,3450,3279,3287,3358,3332,3076,-31.653,-27.2234,8.67926,47.5647
74379,5322,8194,5610,4063,4960,6566,4997,3803,3736,4149,3736,3479,3478,3348,3367,3234,-18.2712,-5.90435,8.62493,48.028
74380,3558,3564,3309,3127,4054,4256,3716,3430,5756,7286,4548,3684,6101,7254,4686,3661,15.2906,-10.6475,8.88203,47.9933
74381,3202,3726,4350,5243,3395,3775,5155,9115,3264,3802,4866,7408,3245,3434,3908,4337,-2.6359,30.8963,8.9813,48.15
74382,4079,6534,9619,5871,3862,4590,5353,4640,3409,3641,3811,3704,3131,3221,3461,3259,-26.6089,5.63164,8.78052,48.1233
74383,3630,3928,3892,3608,4143,5343,5375,4185,4361,6562,6532,4239,3852,4519,4294,3820,3.05765,-0.243801,8.79329,48.1887
74384,3152,3282,3380,3398,3403,3496,3770,3702,3685,4411,5643,4883,3942,5636,9579,6831,24.1995,9.11477,8.8557,48.1287
74385,3296,3502,3965,3991,3451,3959,5251,5048,3546,4430,7600,6688,3495,3922,5043,5054,6.04567,13.316,8.60606,48.1607
74386,3000,3277,3305,3363,3295,3532,3782,3848,3566,4205,5406,5275,3664,4900,9423,8324,27.3772,13.6092,8.62332,48.11
74387,5397,4348,3627,3249,9391,5084,3778,3322,6992,4804,3620,3322,4296,4065,3448,3233,-3.4647,-31.8016,8.98831,47.984
74388,3390,3390,3191,3108,3953,3999,3447,3364,5908,5481,4078,3513,9031,8397,4431,3580,23.3671,-16.1714,8.97028,48.174
74389,3418,3538,3183,3082,4042,3746,3504,3214,6093,5244,3997,3513,10062,7772,4271,3478,24.0091,-18.3895,8.6591,48.1047
74390,3488,3678,3530,3214,4028,4411,4024,3586,5076,7692,5334,3810,5078,6445,4852,3830,12.4176,-6.86942,8.52497,48.0507
74391,9681,8567,4456,3472,5597,5141,3979,3508,3820,3813,3535,3299,3464,3351,3337,3023,-32.4541,-16.6314,8.98457,48.0287
74392,9043,6342,4098,3410,7796,5618,3897,3522,4424,3983,3540,3339,3385,3396,3294,3137,-17.2413,-20.9931,8.69334,48.1493
74393,10185,7998,4387,3459,5810,5171,3966,3515,3840,3907,3446,3255,3285,3307,3248,3082,-26.2634,-18.1382,8.6201,47.9073
74394,3731,3689,3273,3222,4758,4681,3726,3296,7548,7068,4289,3477,6031,5619,4138,3465,10.4862,-16.0215,8.9876,48.0073
74395,3383,3695,4063,4009,3570,4226,6045,5058,3512,4563,7580,5698,3513,3956,4695,4503,3.29731,10.3903,8.57832,48.046
74396,3210,3300,3329,3533,3225,3506,3744,3877,3515,3792,4694,6224,3444,3963,6016,12412,27.2024,32.0055,8.66398,47.856
74397,3584,3535,3330,3083,4067,4166,3723,3305,6379,6649,4252,3513,7101,7342,4452,3580,16.5767,-14.0144,8.75685,48.0407
74398,3157,3362,3758,3936,3260,3703,4633,5823,3308,3988,5798,9437,3261,3756,4862,6302,7.60319,22.5643,8.91465,48.2293
74399,3188,3219,3313,3323,3136,3434,3691,4084,3337,3873,4848,6852,3245,3989,5931,12123,23.7647,30.6585,8.79239,47.724
74400,3556,3872,4431,4145,3665,4684,6787,5136,3655,4782,6657,5043,3472,3966,4255,3999,-0.792176,8.13544,8.54562,48.07
74401,3184,3294,3347,3328,3443,3626,3900,3819,3604,4397,5257,5031,3786,5379,9799,6987,31.258,10.0072,8.63993,48.1207
74402,3313,3807,4589,6052,3418,3793,5700,9661,3189,3652,4498,5973,3133,3339,3878,4095,-7.01787,23.9854,8.83158,48.06
74403,3388,3326,3133,3115,4031,3836,3429,3163,6421,4673,3795,3462,12382,6096,3851,3523,26.3808,-29.5673,8.54969,47.7493
74404,5822,8749,5687,4018,4894,6322,4883,3777,3915,4006,3763,3355,3342,3435,3309,3171,-19.9923,-6.91013,8.89608,48.2987
74405,3337,3939,5723,11328,3380,3838,4788,7414,3183,3444,3878,4183,3147,3276,3435,3349,-20.7535,28.9407,8.94894,47.7613
74406,7794,7885,4472,3670,6007,6207,4235,3623,4078,4082,3609,3369,3393,3508,3287,3132,-19.1188,-14.2958,8.53901,48.234
74407,3440,3827,4182,4067,3717,4566,6468,4809,3687,4970,7400,5105,3571,4003,4534,4210,1.99584,7.26748,8.97063,48.3707
74408,9372,8719,4488,3533,5574,5077,3930,3516,3725,3796,3438,3155,3371,3418,3189,3268,-27.7274,-15.8091,8.96772,47.7127
74409,3637,3805,3851,3537,4113,5314,4682,3797,4506,7310,6288,4151,4103,4870,4528,3780,5.34031,-2.41722,8.95377,48.1813
74410,3270,3578,4109,4523,3392,3859,4918,7731,3458,3685,4930,8728,3200,3590,4352,4898,1.30904,32.6409,8.84479,48.1473
74411,3493,3701,3727,3475,3791,4698,4885,4069,4199,6428,7467,4496,3944,4909,5163,4146,7.74787,1.99081,8.84469,48.394
74412,3416,3465,3402,3193,3918,4186,3848,3430,5541,6852,4656,3656,6064,7923,5157,3867,17.4209,-9.56685,8.59125,48.3827
74413,3374,3388,3207,3172,3843,3826,3580,3451,5074,5440,4294,3742,7210,9509,5314,3825,25.6815,-10.6987,8.50851,48.166
74414,7894,9427,5011,3668,5142,5221,4204,3672,3900,3837,3480,3399,3375,3437,3258,3191,-29.7595,-12.1371,8.6382,48.0773
74415,3640,3906,3543,3469,4338,5292,4447,3659,4925,7893,5785,3917,4244,4963,4502,3622,6.2858,-4.84514,8.88154,48.0967
74416,3105,3261,3308,3414,3236,3588,3909,4045,3463,3908,5180,5579,3508,4363,8054,10069,32.7514,17.7527,8.77057,47.9933
74417,3534,4023,4483,4100,3786,4965,7404,4831,3733,4741,6552,4700,3395,3805,4168,4034,-1.82152,6.9271,8.96526,48.1693
74418,3254,3444,3813,4039,3298,3709,4554,6186,3460,3865,5757,9374,3287,3713,4736,6042,6.27627,23.1679,8.81492,48.354
74419,12413,5920,3944,3399,6646,4862,3752,3416,3909,3802,3478,3281,3340,3342,3187,3118,-23.5284,-31.348,8.99108,47.8727
74420,3108,3357,3416,3302,3288,3539,3935,4204,3404,3863,5449,7046,3463,4138,6714,9832,19.8443,20.0875,8.82663,48.0387
74421,3341,3395,3272,3138,3923,3726,3503,3202,5830,4896,3940,3414,11473,7062,4164,3420,30.0181,-21.4991,8.90588,47.7993
74422,3373,3230,3343,3059,3881,3777,3433,3150,6021,4798,3877,3403,12170,6984,4037,3464,27.3623,-22.8777,8.97685,48
74423,3918,3891,3647,3364,4547,5598,4091,3610,5574,8121,4905,3689,4617,5094,4274,3644,6.14763,-8.52373,8.68116,48.3893
74424,3127,3334,3459,3475,3302,3602,4185,4225,3466,3990,6016,7336,3523,4137,6636,8453,16.9933,18.7174,8.91683,48.1773
74425,5046,4194,3646,3346,8826,5166,3631,3306,7712,4787,3701,3259,4645,4079,3546,3204,-1.93596,-29.9703,8.7884,48.0627
74426,4694,7045,5925,4138,4616,6555,5744,4154,3838,4180,3976,3564,3347,3499,3416,3237,-16.0223,-2.73787,8.56254,47.952
74427,4976,8901,7554,4358,4191,4947,4871,3958,3486,3783,3601,3408,3269,3378,3328,3389,-32.226,-1.88843,8.7505,47.5987
74428,8657,7424,4250,3502,6680,5754,4029,3431,4137,4069,3578,3268,3477,3453,3298,3097,-19.0472,-17.6497,8.68408,48.0693
74429,3348,3443,3330,3045,3797,3935,3596,3297,5600,6018,4316,3557,7409,8855,4929,3616,21.3933,-12.4503,8.88005,48.0607
74430,3394,3408,3318,3277,3637,3720,3872,3475,4307,5091,4758,3986,5023,8548,7489,4567,29.9832,-1.89114,8.59333,47.9133
74431,3456,3433,3190,3206,4217,3982,3485,3212,7553,5111,3751,3296,10571,5701,3954,3366,19.3034,-33.4116,8.61392,47.656
74432,4830,4169,3651,3295,7911,5589,3764,3350,7666,5450,3829,3283,4637,4215,3587,3242,-0.315075,-21.347,8.98517,48.312
74433,3259,3273,3107,3361,3918,3798,3461,3204,6360,4739,3815,3325,12383,6058,4010,3400,26.3112,-33.9922,8.65488,47.6473
74434,3269,3426,3594,3395,3492,3973,4451,3872,3838,5316,7438,4971,3973,5391,6877,4992,14.0233,5.67555,8.89806,48.1787
74435,3343,3397,3228,3147,3659,3786,3631,3396,4946,5584,4312,3642,6717,9805,5630,3975,25.8895,-8.90571,8.74915,48.132
74436,11815,6907,3982,3398,6022,4820,3828,3338,4009,3773,3518,3294,3369,3426,3270,3111,-31.7638,-22.5617,8.81822,47.92
74437,3499,4625,8238,7836,3458,4183,5853,5987,3214,3712,4019,3941,3143,3381,3509,3437,-20.455,14.2282,8.55791,48.0233
74438,3149,3535,3804,4318,3377,3715,4757,6753,3243,3874,5590,9276,3236,3668,4566,5485,4.13,24.4584,8.71797,48.2307
74439,5766,4916,3670,3310,8539,6273,3958,3476,5924,4998,3708,3348,3904,3850,3462,3220,-6.37882,-19.6248,8.90047,48.2147
74440,8978,8745,4703,3603,5440,5357,3996,3479,3899,3849,3452,3162,3394,3514,3280,3206,-33.0996,-15.5171,8.66756,48.038
74441,3176,3443,3857,3858,3437,3969,5015,4708,3676,4494,7767,6697,3473,4159,5392,5322,7.925,13.2545,8.63786,48.2953
74442,3298,3293,3353,3087,3574,3788,3803,3498,4423,5391,4971,4078,5122,8937,7469,4494,24.0544,-2.33173,8.97793,48.386
74443,9686,5933,3868,3386,7998,5194,3899,3479,4399,4002,3420,3324,3615,3449,3218,2986,-17.6607,-24.3863,8.71388,47.904
74444,8610,9043,4808,3652,5539,5292,3979,3600,3845,3827,3492,3389,3416,3364,3208,3100,-26.1412,-14.2057,8.65321,48.1093
74445,3314,3403,3337,3090,3951,4128,3707,3455,5427,6473,4420,3666,6667,8600,5053,3725,19.1146,-10.7116,8.98625,48.2773
74446,3983,3813,3504,3308,5342,5290,3956,3507,7000,7396,4343,3603,5123,5037,3957,3483,6.03601,-14.3112,8.81416,48.43
74447,3288,3737,4518,4734,3365,4050,6585,7294,3416,3940,5644,6368,3202,3621,4101,4452,-2.30985,16.9657,8.97339,48.21
74448,3147,3336,3753,3902,3257,3578,4164,5682,3346,3821,5248,9978,3397,3723,4878,6857,9.70022,29.5512,8.53626,48.0447
74449,3240,4014,6704,12373,3344,3680,4752,6113,3144,3543,3798,3894,3029,3136,3464,3315,-28.7671,24.6194,8.9134,47.6953
74450,3344,3438,3536,3309,3821,4261,4118,3721,4304,6389,6502,4487,4430,6122,6286,4438,14.135,0.411,8.93739,48.3373
74451,3287,3441,3378,3206,3555,3909,3961,3767,4210,5796,5916,4301,4484,6873,7393,4755,18.4249,0.769546,8.80416,48.1547
74452,3145,3396,3362,3260,3511,3785,3786,3591,4026,4732,5113,4350,4504,7236,9237,5192,28.026,2.79901,8.61218,48.1507
74453,3326,3391,3378,3162,3510,3741,3795,3451,4235,5053,4886,4022,4991,8460,7783,4638,27.3205,-1.25424,8.52188,47.8813
74454,7220,5015,3756,3402,9791,5226,3782,3310,5433,4324,3560,3330,3824,3720,3271,3118,-10.7622,-29.1668,8.64441,48.0547
74455,3537,3378,3392,3121,3826,3743,3512,3103,6285,4865,3812,3311,12608,6142,4007,3366,27.5545,-27.6478,8.70536,48.0053
74456,3338,3392,3256,3142,3804,3919,3665,3258,4967,5098,4394,3619,7181,9842,5465,3813,32.2868,-10.4219,8.74609,48.102
74457,3162,3246,3590,3608,3292,3492,4118,4677,3363,3852,5124,8910,3357,3814,5317,9008,14.8152,29.1553,8.84625,47.9533
74458,3618,3723,3674,3430,4197,4969,4335,3712,4882,7651,6083,3950,4339,5302,4743,4017,8.36235,-3.49428,8.68277,48.4167
74459,3357,3643,4596,5796,3349,3840,5753,9432,3318,3645,4712,6286,3153,3411,3784,4055,-5.87297,23.6365,8.86255,48.0867
74460,5510,4612,3644,3178,9574,5370,3902,3318,6848,4735,3717,3274,4211,3886,3325,3113,-4.37532,-26.3157,8.92225,48.1447
74461,11547,6966,4065,3480,6133,4941,3899,3423,4047,3844,3448,3212,3406,3394,3314,3030,-25.8592,-22.0756,8.77751,48.0993
74462,3796,3820,3399,3272,4962,4845,3847,3430,7194,7596,4336,3605,5531,5285,3989,3459,8.0124,-15.0289,8.85429,48.244
74463,3794,4111,3874,3542,4396,6338,5024,3820,4556,7165,5455,3977,3983,4451,4169,3525,1.88493,-3.86041,8.84918,48.12
74464,3344,3433,3317,3248,3837,3854,3648,3315,4744,5269,4367,3803,6394,9714,5740,3925,33.6069,-8.35545,8.60769,47.968
74465,4578,4050,3587,3204,7250,4930,3752,3358,8540,5417,3884,3341,5115,4274,3465,3226,2.24503,-22.6386,8.83507,47.9807
74466,3271,3467,3271,3244,3593,3856,3928,3797,4051,5436,5858,4347,4460,6882,7700,4864,19.8963,1.84603,8.58943,48.0167
74467,3301,3250,3274,3355,3236,3612,3821,3601,3795,4591,5233,4487,3984,6360,9908,5943,31.3652,6.13782,8.89352,47.834
74468,3421,3299,3310,3245,3909,3656,3451,3369,6233,4818,3707,3291,12820,6033,3920,3374,28.7577,-30.2327,8.95904,47.904
74469,3273,3363,3174,3087,3955,3773,3522,3278,5504,4899,3944,3501,10569,8008,4399,3454,28.8882,-18.5457,8.84905,47.802
74470,3543,3551,3385,3143,4461,4217,3666,3315,7517,6153,3974,3487,7726,6336,4197,3446,15.493,-18.4311,8.50586,48.078
74471,7483,9595,5219,3789,4938,5577,4328,3599,3728,3808,3621,3399,3366,3327,3295,3148,-27.8472,-11.3116,8.62452,48.1467
74472,3018,3364,3364,3521,3228,3422,3943,4177,3423,3837,5563,6875,3477,4210,7087,9848,19.8794,19.6598,8.98036,48.238
74473,3855,4495,5152,4454,3889,5853,7934,4986,3692,4341,5306,4265,3414,3570,3830,3642,-7.505,4.8322,8.87302,48.452
74474,10136,6050,3940,3418,7878,5264,3882,3455,4462,3963,3466,3123,3440,3477,3218,3088,-18.3213,-24.1717,8.65338,48.1733
74475,3941,5916,9979,6488,3772,4439,5164,4748,3384,3731,3789,3635,3264,3292,3331,3248,-29.023,7.69093,8.76469,48.0807
74476,3136,3196,3346,3375,3275,3376,3767,3921,3390,3752,4699,6485,3414,3945,6206,12370,26.3963,26.8517,8.95525,47.7687
74477,3126,3367,3544,3265,3507,3955,4007,3699,4135,5309,6069,4553,4242,6473,8065,5025,19.2182,2.88922,8.55777,48.2273
74478,3404,4003,6476,10566,3377,3764,5228,7073,3255,3463,3890,4166,3085,3337,3333,3454,-20.9215,22.5209,8.91771,47.916
74479,10443,5752,3892,3329,7917,5041,3877,3318,4252,3985,3504,3246,3422,3461,3238,3076,-18.5385,-27.4004,8.80669,47.8353
74480,3319,3796,5099,7514,3443,3796,5362,9827,3333,3535,4170,5194,3206,3330,3639,3779,-11.5863,27.0748,8.89914,48.228
74481,3471,3509,3287,3014,4266,3904,3529,3165,7581,5267,3921,3406,9968,6235,4032,3343,18.4582,-22.5382,8.82226,47.932
74482,3325,3490,3402,3098,3712,4142,3734,3458,5106,6785,4907,3847,5540,8045,5676,4048,17.9477,-6.47335,8.9897,48.21
74483,3147,3244,3444,3422,3195,3632,3756,3833,3462,4071,5184,5407,3636,4679,9071,8913,29.7323,14.9942,8.76961,48.064
74484,4076,3811,3401,3083,6319,4552,3562,3395,9538,5378,3840,3373,5842,4644,3692,3361,6.11457,-26.0954,8.5562,47.9113
74485,10911,7572,4216,3433,5833,5081,3880,3348,4011,3833,3435,3116,3345,3294,3200,3068,-28.7372,-20.2045,8.88563,47.7173
74486,12510,6533,4072,3365,6141,4726,3789,3375,4039,3743,3405,3249,3432,3269,3286,3049,-27.6813,-25.2056,8.8736,47.9887
74487,3583,3475,3289,3055,4381,4038,3413,3276,8260,5113,3786,3434,9725,5742,3908,3280,17.2719,-27.1097,8.60347,47.8387
74488,4340,4246,3605,3332,6611,5613,3881,3442,7394,6399,4082,3373,4846,4482,3824,3380,2.19667,-17.4152,8.86803,48.5667
74489,9680,8433,4451,3449,5573,5167,3952,3431,3958,3801,3612,3241,3340,3451,3327,3132,-32.2498,-16.7242,8.65732,47.9987
74490,3508,3456,3290,3031,4316,4041,3491,3174,7118,5352,3961,3377,9913,6676,4155,3455,19.893,-21.0848,8.75063,48.2093
74491,3311,3425,3660,3620,3368,3794,4603,4709,3497,4212,7168,7385,3523,4259,5951,6172,11.5011,15.0598,8.84167,48.438
74492,3150,3279,3460,3345,3344,3621,3812,3848,3531,4075,5195,5193,3569,4722,9004,8896,29.774,14.5672,8.56186,48.0293
74493,3078,3204,3532,3594,3267,3433,4078,4576,3322,3926,5344,8258,3443,4008,5960,9062,16.3126,23.4333,8.619,48.0567
74494,3514,3473,3273,3158,4561,4106,3504,3176,8519,5155,3884,3398,9643,5382,3913,3355,16.0975,-28.1516,8.89609,48.0093
74495,3336,3921,5876,12491,3454,3753,4755,6287,3159,3479,3720,4001,3091,3292,3379,3347,-26.7882,30.2378,8.61421,47.5607
74496,3369,3276,3203,3108,4030,3928,3487,3359,6395,4911,3969,3386,11687,6877,3981,3336,25.2218,-22.7001,8.81697,48.2013
74497,4567,7857,8232,4905,4167,5082,5396,4285,3514,3707,3812,3602,3244,3380,3276,3258,-24.0096,0.68567,8.8087,48.1893
74498,4598,7328,8003,4848,4087,5224,5581,4284,3385,3814,3875,3683,3256,3338,3349,3197,-21.2314,1.33546,8.8901,47.9
74499,3217,3402,3740,3742,3379,3841,4827,4819,3661,4435,7634,6810,3618,4161,5534,5484,8.97908,13.4609,8.57817,48.2027
74500,3355,3353,3266,3089,3995,3838,3600,3232,5563,5009,4058,3400,10445,7783,4280,3376,32.0264,-18.9383,8.5543,47.7613
74501,3556,3718,3676,3316,3907,4696,4666,3816,4410,6994,6910,4310,4157,5092,5261,4208,9.08708,-0.310854,8.59566,48.462
74502,4965,4254,3499,3319,8296,5286,3841,3419,7683,5111,3749,3362,4599,4221,3581,3256,-1.03417,-24.0768,8.66342,48.294
74503,3187,3290,3437,3249,3430,3620,3700,3556,3981,4798,5042,4407,4473,7649,8878,5003,29.7048,2.04941,8.98722,47.8
74504,3502,4135,5412,4983,3565,4573,7883,6329,3491,3968,5281,4851,3326,3527,3859,3864,-7.33668,11.9618,8.71603,48.366
74505,11558,6890,4124,3331,5891,4931,3984,3445,3951,3902,3491,3215,3426,3548,3302,3189,-33.9871,-22.3816,8.50437,48.1187
74506,3332,3546,3748,3470,3428,4103,4814,4163,3816,5384,7898,5163,3792,4705,6159,4870,11.0109,6.74825,8.6231,48.2607
74507,3384,3699,3561,3404,3719,4603,4539,3939,4233,6846,7051,4402,4180,5341,5392,4226,9.48852,0.383421,8.94093,48.346
74508,3092,3167,3447,3369,3317,3473,3826,3952,3659,4227,5547,5399,3739,4756,8923,8109,23.9785,13.106,8.88132,48.0013
74509,3296,3307,3343,3414,3542,3924,4129,3746,4013,5331,6499,4652,4288,6345,7470,5042,17.8448,3.07099,8.65731,48.2273
74510,4465,4453,3722,3334,6597,6346,4026,3418,6478,6085,3984,3425,4475,4230,3674,3389,-0.625643,-16.1693,8.55863,48.0673
74511,5338,4488,3621,3197,9599,5228,3671,3265,7012,4664,3610,3314,4346,4091,3348,3119,-4.03547,-28.644,8.97868,47.9407
74512,3870,5618,9311,6316,3710,4568,5941,4855,3351,3627,3956,3759,3158,3271,3340,3354,-23.0389,8.04945,8.75033,48.0033
74513,4190,4987,4443,3888,4816,7731,5877,3999,4206,5267,4520,3656,3731,3866,3619,3543,-6.04804,-4.22272,8.78179,48.226
74514,3444,3726,4932,7162,3430,3782,5430,9783,3217,3629,4432,5444,3121,3328,3644,3893,-10.2211,25.656,8.74422,48.2647
74515,3895,4345,3933,3553,4527,6669,5430,3919,4411,6607,5207,3927,3832,4204,4023,3655,-0.367046,-3.66941,8.85428,48.0913
74516,3376,3867,4864,4748,3527,4394,7318,6354,3572,4083,5818,5353,3253,3619,4077,4029,-4.20906,12.8584,8.57621,48.168
74517,3642,4267,5817,5139,3563,4644,7964,6094,3450,3988,4842,4524,3227,3504,3658,3709,-9.39208,11.2704,8.62665,48.0213
74518,4153,6351,9382,5763,3756,4652,5383,4561,3414,3756,3890,3720,3104,3270,3498,3393,-24.6025,5.54745,8.63514,48.0307
74519,3316,3953,6168,12039,3306,3869,4820,6726,3243,3458,3725,4051,2998,3201,3365,3466,-24.177,27.7416,8.80527,47.8027
74520,4302,4349,3765,3309,6172,6627,4152,3408,6095,6539,4222,3489,4357,4402,3864,3363,0.164032,-14.0025,8.71547,48.2767
74521,3079,3242,3417,3432,3225,3484,3741,3832,3405,3964,4957,5643,3552,4218,8186,10362,33.3736,17.9145,8.99346,47.826
74522,4169,6606,9651,5853,3762,4633,5186,4539,3557,3664,3798,3632,3087,3267,3391,3254,-30.7861,5.41825,8.61165,48.0327
74523,3244,3679,4384,5124,3290,3822,5631,8612,3389,3775,5023,7138,3220,3518,4065,4488,-2.57379,23.4916,8.55003,48.268
74524,3226,3378,3414,3348,3432,3694,3720,3756,3948,4594,5220,4446,4035,6623,9496,5377,33.0587,4.76634,8.72711,47.8047
74525,4127,6488,9760,5899,3825,4471,5231,4566,3448,3724,3784,3670,3145,3277,3326,3345,-29.4554,5.79278,8.89116,48.0573
74526,3407,3829,5081,7268,3428,3962,5322,9694,3316,3526,4356,5152,3195,3433,3586,3634,-10.7931,33.9329,8.71993,48.126
74527,3457,4185,5905,5563,3558,4558,7471,6752,3405,3854,4751,4682,3259,3459,3765,3665,-10.4269,13.3403,8.64277,48.1927
74528,3657,3560,3253,3053,4671,4107,3577,3231,8633,5364,3736,3390,8773,5431,3935,3359,14.7874,-25.1952,8.54811,47.82
74529,3049,3312,3434,3312,3284,3490,3818,3921,3547,3912,5238,5697,3598,4516,8453,9471,25.5746,16.6563,8.74285,48.0347
74530,3748,5215,9770,7355,3638,4156,5332,5043,3288,3554,3885,3816,3129,3246,3360,3327,-33.2218,11.3222,8.73873,47.908
74531,3523,3360,3308,3050,4056,4117,3661,3363,6673,6093,4214,3567,8193,7331,4366,3554,18.3134,-16.5541,8.60567,48.286
74532,5672,4455,3716,3301,9597,5128,3749,3362,6810,4779,3654,3368,4250,3861,3307,3134,-4.55434,-27.7395,8.80583,48.0953
74533,4395,6593,7207,4853,4278,5669,6164,4386,3565,3955,4120,3764,3222,3476,3438,3346,-17.908,1.72032,8.53496,48.2873
74534,3396,3438,3253,3261,3845,3776,3398,3356,5811,4652,3721,3359,12543,6068,3844,3399,31.8105,-33.805,8.68868,47.4133
74535,3291,3333,3266,3049,3900,3830,3587,3226,6081,5058,4012,3411,10878,7227,4265,3452,24.9969,-20.7907,8.63525,47.9107
74536,3395,3869,5587,10122,3307,3766,5023,7946,3323,3511,4032,4361,3167,3265,3452,3435,-18.2329,31.878,8.65205,47.7073
74537,3228,3730,4700,5954,3413,3780,5115,9773,3282,3613,4493,6271,3169,3457,3885,4149,-6.3998,31.6254,8.88271,48.008
74538,7566,9628,5084,3717,5072,5261,4156,3629,3862,3836,3652,3286,3348,3393,3165,3300,-33.1894,-11.8388,8.70281,47.97
74539,3392,4065,6661,12308,3428,3896,4836,5980,3141,3513,3817,3905,3101,3227,3332,3356,-29.5236,24.0429,8.76956,47.972
74540,11131,7001,4209,3404,5838,4930,3827,3527,4003,3731,3396,3221,3415,3412,3287,3180,-33.8074,-21.243,8.84276,47.6747
74541,3227,3364,3882,4235,3181,3675,4634,6671,3319,3745,5047,9662,3287,3682,4440,5648,4.81945,31.457,8.95675,47.7993
74542,3342,3854,5133,7098,3354,3923,5597,9679,3263,3634,4270,5360,3143,3355,3623,3910,-10.3027,24.9613,8.8436,48.3587
74543,4009,5098,6949,5098,3939,5302,7570,4997,3473,3906,4202,3909,3316,3457,3556,3514,-14.2327,5.93085,8.67771,48.1967
74544,3297,3464,3271,3291,3671,4159,3810,3515,4806,6511,5135,3901,5380,8235,5966,4089,18.6111,-5.39026,8.95384,48.334
74545,6623,5622,3988,3426,8281,6574,4124,3425,4933,4451,3576,3300,3678,3657,3384,3127,-11.0083,-18.413,8.98745,48.1127
74546,3571,4340,7789,9912,3337,4004,5477,5986,3268,3476,3959,4025,3121,3314,3335,3328,-23.2213,17.9565,8.95968,48.1613
74547,7965,5448,3787,3367,8936,5667,3882,3418,5008,4122,3560,3330,3592,3522,3293,3201,-12.8913,-23.5223,8.97907,48.0653
74548,12321,5942,3909,3328,6400,4835,3691,3347,3972,3800,3314,3243,3343,3390,3158,3118,-25.8214,-30.5326,8.7618,47.4073
74549,11296,6145,4036,3442,7023,4908,3873,3400,4032,3946,3589,3229,3454,3570,3150,3061,-22.1458,-25.6805,8.58139,48.1027
74550,3124,3318,3682,3976,3253,3533,4295,5582,3438,3819,5296,9709,3347,3758,4951,6963,9.46714,28.2062,8.54218,48.0293
74551,12556,5977,4010,3445,6047,4686,3757,3369,3781,3778,3494,3223,3367,3325,3227,3148,-27.601,-33.2168,8.70655,47.46
74552,3708,3571,3423,3230,4528,4592,3821,3335,7002,7276,4325,3535,6302,6229,4212,3495,12.4592,-14.485,8.76799,48.3893
74553,3363,3347,3233,3297,3895,3799,3576,3175,6126,4646,3806,3392,12616,6089,3959,3445,27.2838,-31.551,8.84414,47.8427
74554,4359,7229,8958,5143,3943,4754,5078,4340,3422,3695,3783,3570,3288,3346,3435,3361,-32.9661,2.54699,8.68263,47.8027
74555,4321,5641,5101,4121,4563,7242,6232,4081,3986,4677,4451,3800,3538,3703,3525,3485,-9.64433,-2.05739,8.66117,48.3113
74556,3268,3556,3441,3366,3798,4068,4404,3856,4134,6150,7125,4522,4195,5579,6155,4558,12.4533,2.20855,8.8164,48.1167
74557,3493,3531,3284,3138,4349,4131,3597,3348,7290,5834,3922,3379,8756,6446,4171,3516,16.9915,-19.8982,8.86252,48.1233
74558,11414,5771,3902,3330,7168,4855,3802,3393,4032,3906,3450,3266,3261,3471,3242,3149,-21.4194,-32.8415,8.97126,47.608
74559,4451,6027,5306,4052,4683,7289,6203,4156,3911,4488,4227,3636,3517,3626,3609,3312,-11.7852,-2.64057,8.55053,48.3287
74560,3338,3680,4165,4559,3319,3775,5870,7201,3387,3953,5918,7448,3249,3575,4202,4699,0.442866,19.019,8.92868,48.2253
74561,3186,3299,3495,3378,3262,3451,3732,3886,3464,3934,5287,6066,3454,4355,7602,10260,25.5804,18.9207,8.53312,48.074
74562,3364,3920,5577,9584,3292,3721,5071,8745,3351,3469,4027,4477,3115,3320,3363,3541,-16.3414,32.4394,8.91948,47.958
74563,4145,6129,8154,5295,3902,5067,6332,4571,3446,3845,4004,3708,3247,3446,3505,3418,-19.3997,4.60736,8.69145,48.1427
74564,3537,3480,3455,3111,4380,4321,3745,3406,6282,7212,4424,3658,6389,6838,4484,3635,14.4027,-12.7218,8.54543,48.238
74565,3265,3297,3328,3455,3235,3376,3685,3934,3335,3776,4581,6047,3297,3823,5809,12564,33.707,32.9468,8.95541,47.2047
74566,4112,3811,3388,3117,6363,4483,3674,3306,9988,5260,3747,3281,6128,4426,3668,3338,6.7438,-29.1691,8.97875,48.06
74567,6404,9099,5470,3869,5002,5937,4659,3857,3734,3966,3594,3373,3334,3346,3254,3223,-22.1906,-8.6337,8.61621,48.0807
74568,3249,3436,3498,3427,3473,3855,4225,3860,3800,4969,7111,5245,3877,5169,7625,5430,15.9378,7.52044,8.70074,48.166
74569,3587,4481,8099,9137,3549,4040,5460,6000,3354,3586,3931,3899,3091,3219,3393,3417,-22.6353,16.5897,8.57516,48.162
74570,3173,3258,3382,3482,3136,3473,3916,4053,3389,3797,4773,6264,3246,3906,6566,12143,26.0938,24.572,8.88866,47.9713
74571,4075,6621,9570,5729,3836,4582,5118,4515,3493,3655,3704,3576,3117,3402,3318,3288,-31.0216,5.22616,8.89956,47.7327
74572,3614,3883,3740,3469,3948,5202,4911,3880,4444,7061,6424,4296,4082,4834,4569,3893,5.27762,-1.29271,8.72844,48.1667
74573,4928,4144,3632,3207,8310,4857,3655,3374,8244,4842,3553,3336,4820,4115,3561,3250,-0.119731,-29.5314,8.87334,47.8853
74574,4857,4247,3581,3301,8746,5079,3681,3362,7786,4659,3744,3274,4581,4072,3452,3272,-1.40286,-32.9515,8.7223,47.796
74575,3550,3409,3290,3196,4086,3980,3486,3261,6679,5229,3917,3399,10213,6917,4147,3512,21.5467,-20.9232,8.63513,48.1807
74576,3462,3350,3233,3189,3810,3797,3463,3227,6146,4633,3768,3378,12532,5979,3904,3415,32.1931,-31.403,8.65364,47.524
74577,3276,3331,3332,3165,3581,3814,3645,3449,4219,5111,4821,3998,5022,9215,7597,4478,31.0639,-2.40729,8.91128,48.036
74578,3436,3461,3318,3221,3816,3849,3405,3374,5683,4885,3737,3394,12248,5991,3990,3539,31.8416,-33.1745,8.59616,47.5647
74579,3077,3161,3567,3449,3257,3530,3982,4371,3522,3908,5366,7379,3363,4152,6398,10094,19.4958,22.2836,8.7319,48.384
74580,3667,4679,8379,8098,3490,4261,5929,5808,3320,3673,4001,3969,3289,3303,3447,3371,-21.5159,14.2303,8.58209,48.456
74581,7547,6058,4119,3447,7939,6250,3984,3485,4623,4232,3614,3341,3568,3556,3317,3122,-14.2421,-19,8.83637,48.1347
74582,7325,9672,5274,3702,5114,5388,4182,3628,3818,3860,3501,3302,3283,3314,3291,3172,-25.558,-11.1784,8.74381,47.884
74583,3247,3634,4764,5279,3441,3894,6007,8532,3345,3770,4996,6365,3230,3427,4012,4148,-4.48501,20.6126,8.69979,48.0607
74584,3075,3275,3473,3269,3252,3458,3793,3889,3368,3915,5051,5885,3385,4372,7978,10498,28.6919,18.8058,8.73688,47.9573
74585,3390,4010,4606,4755,3583,4330,7399,6233,3532,4160,5861,5393,3333,3604,4027,3968,-3.45609,12.5383,8.77223,48.1227
74586,3218,3317,3378,3327,3422,3706,3888,3602,4026,4797,4976,4331,4386,7534,9031,5098,31.4571,2.6076,8.61135,48.0247
74587,3619,4498,8805,9193,3432,3992,5239,5421,3287,3575,3944,3914,3198,3223,3403,3229,-33.3499,15.5973,8.86294,47.9813
74588,3554,4558,8120,8520,3580,4149,5780,6107,3218,3609,3919,3954,3038,3217,3363,3469,-21.1597,15.5815,8.97589,48.1033
74589,9362,8704,4620,3507,5565,5363,4073,3484,3942,3834,3533,3279,3339,3363,3281,3183,-26.0775,-15.5921,8.66247,48.288
74590,3831,3911,3551,3334,4515,5735,4365,3642,5338,7922,5162,3766,4337,5005,4222,3653,5.31011,-7.43613,8.56419,48.1927
74591,3060,3306,3441,3476,3270,3501,3883,3876,3309,3785,4705,5871,3375,3893,6344,12580,31.3264,25.5813,8.97057,47.7833
74592,4448,4090,3592,3180,7061,5125,3713,3352,8491,5752,3921,3263,5039,4455,3676,3180,2.44103,-22.0378,8.88997,48.2253
74593,3131,3334,3663,3760,3386,3531,4149,5205,3314,3790,5309,9854,3445,3771,5102,7494,11.2403,29.9956,8.69266,48.1587
74594,3130,3168,3411,3413,3235,3390,3906,4265,3491,3900,5087,7615,3271,4065,5731,10742,19.6736,33.5138,8.65813,47.88
74595,3169,3318,3349,3330,3434,3668,3768,3644,3698,4337,5264,4678,4038,6093,9849,6364,29.5272,7.06902,8.83237,48.0007
74596,11405,7112,4194,3307,6095,5067,3802,3349,3829,3934,3572,3172,3423,3360,3171,3100,-26.2807,-21.6627,8.89103,47.928
74597,3417,3719,3424,3217,3991,4399,3934,3515,5188,7631,5345,3836,5082,6702,5047,3970,13.3414,-6.40932,8.54451,48.278
74598,3054,3088,3409,3388,3309,3487,3746,3935,3395,3843,4776,6282,3447,4041,6004,12677,28.2334,29.404,8.79381,47.9207
74599,4723,7957,7830,4689,4267,5230,5337,4215,3535,3824,3761,3713,3136,3308,3416,3326,-23.4646,-0.438805,8.62604,48.178
74600,3215,3259,3301,3178,3546,3804,3647,3458,4547,5238,4771,4077,5458,9244,7042,4290,25.3312,-3.81094,8.63104,48.05
74601,3740,4935,8492,7124,3565,4352,6357,5730,3294,3711,4061,3895,3191,3231,3441,3514,-19.7338,11.9478,8.76154,48.422
74602,3669,3604,3346,3083,4622,4152,3553,3212,8994,5496,3820,3410,8405,5423,3855,3409,14.1974,-25.306,8.79427,48.0353
74603,5654,4512,3765,3339,9358,5271,3740,3320,6932,4606,3738,3292,4244,3933,3407,3187,-4.35788,-27.5596,8.71534,48.1987
74604,3291,3488,3319,3242,3611,3814,3889,3645,4179,5677,5617,4228,4623,7504,7381,4636,20.2871,-0.108783,8.70513,48.096
74605,3555,4054,4197,3734,3859,5307,6358,4444,3908,5432,6784,4601,3758,3975,4449,3930,0.697784,3.48813,8.68322,48.23
74606,3107,3225,3447,3526,3293,3454,3931,4238,3380,3821,4841,7663,3330,3989,5763,11049,19.8894,29.8719,8.9081,48.038
74607,3283,3595,4608,5690,3362,3818,5182,9743,3295,3672,4702,6398,3218,3453,3867,4139,-5.46199,33.7167,8.76432,48.0167
74608,3189,3444,4072,4529,3251,3709,4969,7788,3425,3682,5188,8506,3289,3552,4307,5165,1.3635,26.6011,8.75022,48.0433
74609,3298,3198,3210,3226,3673,3973,3707,3597,4522,5907,4997,3999,5308,8643,6693,4278,21.9822,-3.74931,8.91382,48.1527
74610,4652,7160,7130,4582,4248,6062,5823,4261,3693,3942,3910,3620,3315,3409,3438,3270,-18.3093,-0.553986,8.53477,48.3433
74611,12191,5906,4048,3412,6615,4781,3762,3376,4016,3769,3422,3263,3400,3270,3191,3102,-24.1482,-31.3834,8.83969,47.6827
74612,3487,4205,7436,11056,3357,3940,4992,5839,3324,3519,3651,3979,3110,3358,3333,3431,-31.7702,20.5518,8.58039,48.0113
74613,3131,3234,3418,3441,3328,3410,3795,3924,3330,3781,4924,5966,3341,3918,6549,12168,33.7351,24.7526,8.64244,47.772
74614,3128,3240,3359,3426,3230,3429,3715,3919,3401,3911,4826,6125,3343,4007,6709,11906,27.5623,23.5948,8.6241,47.7827
74615,3971,3654,3347,3158,5742,4316,3554,3263,9942,5222,3785,3431,6541,4820,3799,3377,8.50045,-28.9315,8.87034,47.948
74616,4201,4535,4009,3539,4877,7388,5256,3677,4674,6406,4853,3771,3904,4167,3764,3486,-1.94599,-6.52704,8.73019,48.338
74617,3381,3457,3150,3190,4050,3832,3437,3284,6111,4785,3817,3402,12428,6123,3814,3378,33.7116,-26.1543,8.697,47.7593
74618,3837,3871,3477,3248,5047,5300,3879,3462,6789,7570,4407,3536,5198,5210,3965,3394,6.71534,-13.4962,8.56763,48.1267
74619,4524,4627,3973,3482,5679,7375,4543,3600,5274,6398,4264,3494,3966,4121,3730,3272,-2.49767,-10.3631,8.84102,48.2147
74620,3922,4829,5601,4447,4065,5915,7879,4894,3713,4276,4862,3993,3368,3513,3634,3531,-9.53243,4.00779,8.6587,48.2947
74621,3574,4203,5461,5066,3644,4742,7981,6237,3500,4027,5076,4678,3267,3467,3693,3801,-7.78485,11.1995,8.81338,48.278
74622,3708,4600,5189,4379,3896,5779,7910,4918,3676,4408,5273,4205,3491,3713,3832,3692,-6.85456,4.68193,8.86616,48.446
74623,12091,6070,3879,3371,6749,4880,3676,3335,3974,3882,3471,3293,3363,3416,3134,3104,-23.8871,-28.1842,8.97866,47.792
74624,3431,3424,3199,3000,4251,4002,3510,3184,7321,4991,3813,3460,11002,6107,3986,3422,20.9582,-25.5914,8.80173,48.0687
74625,3638,4606,8559,7980,3611,4095,5616,5853,3277,3626,3859,4013,3180,3315,3336,3423,-22.1504,14.4944,8.50711,47.9913
74626,3123,3363,3677,3732,3381,3568,4313,5296,3435,3756,5645,9346,3278,3699,5109,7421,11.3454,23.4872,8.68747,48.0947
74627,3780,5105,8174,6331,3724,4539,6806,5409,3349,3603,4125,4055,3131,3407,3349,3467,-18.0626,10.2127,8.56595,48.236
74628,3543,3701,3422,3199,4421,4781,3877,3413,5947,8097,4703,3676,5263,6189,4416,3609,10.9759,-9.90212,8.89912,48.1713
74629,8700,8207,4582,3590,6001,5676,4119,3516,3987,3821,3535,3201,3365,3549,3205,3022,-22.3604,-15.9918,8.57341,48.0507
74630,3544,4261,6264,6084,3640,4374,7409,6549,3394,3778,4518,4491,3220,3421,3513,3605,-12.1829,13.3254,8.63433,48.0433
74631,3727,3626,3311,3108,4843,4189,3539,3232,8498,6027,4033,3350,7574,5590,3963,3386,13.0658,-21.2441,8.699,47.9973
74632,4080,3780,3473,3110,6093,4560,3634,3378,9470,5580,3934,3344,6183,4601,3738,3328,6.86663,-24.8972,8.55558,48.1907
74633,3537,4146,6535,9524,3370,3929,5489,6980,3256,3551,4018,4018,3080,3172,3450,3599,-19.5381,20.9021,8.50324,47.7693
74634,3650,3739,3469,3283,4528,4882,4019,3491,6344,7847,4639,3664,5192,5578,4229,3576,9.20331,-11.428,8.53851,48.0867
74635,3023,3309,3513,3549,3249,3486,3946,4542,3402,3823,5095,8345,3335,3900,5449,9915,17.4621,29.5395,8.70524,47.9207
74636,3928,4363,4440,3739,4119,6566,6426,4216,4088,5364,5681,4166,3663,4035,3829,3574,-3.10394,-0.0421496,8.9493,48.1313
74637,3256,3647,3989,3828,3521,4036,5639,5063,3577,4531,7725,6186,3573,3908,4979,4746,5.32028,11.7852,8.9129,48.136
74638,3236,3378,3961,4106,3274,3759,4994,6015,3401,3979,6190,8569,3324,3685,4794,5545,5.54976,20.2279,8.5692,48.14
74639,12219,6187,4103,3345,6463,4975,3860,3431,3950,3726,3452,3223,3359,3394,3258,3062,-25.3706,-25.6656,8.82518,48.0047
74640,5098,4601,3686,3237,8276,5855,3934,3374,6824,5215,3752,3419,4367,4026,3568,3284,-2.91702,-20.4904,8.86175,48.344
74641,3219,3421,3722,3658,3328,3869,4879,4396,3646,4638,8145,6139,3648,4240,5784,5277,9.40689,11.2031,8.67836,48.006
74642,3131,3165,3362,3479,3294,3682,3927,4277,3417,3963,5768,7016,3480,4177,7013,8951,18.6152,18.8529,8.90941,48.068
74643,3008,3202,3518,3445,3183,3499,3917,4151,3445,3881,5292,6851,3328,4069,6697,10441,21.5252,21.5279,8.75815,47.9513
74644,3155,3337,3664,4042,3384,3671,4494,6042,3283,3864,5532,9732,3291,3784,4771,6372,7.11916,25.1389,8.65738,48.2787
74645,3106,3353,3523,3627,3265,3736,4139,4645,3423,3997,5800,8330,3348,3886,6023,8165,14.7203,20.4681,8.92908,48.244
74646,3119,3405,3490,3613,3184,3610,4420,4752,3341,4099,6577,8132,3408,4078,5885,6968,12.5198,18.0818,8.93113,48.054
74647,3830,5256,9402,7159,3674,4373,5707,5111,3460,3618,3908,3792,3180,3216,3400,3360,-23.8498,10.7445,8.50271,48.2973
74648,3532,3614,3604,3446,4138,5120,4241,3679,5033,7929,5539,3900,4443,5338,4706,3931,8.29992,-5.33009,8.68711,48.1287
74649,3469,3848,4958,5031,3545,4215,7325,7193,3390,3876,5404,5430,3257,3508,3995,4049,-5.1566,14.5191,8.54825,48.3287
74650,3170,3291,3368,3436,3214,3494,3772,3914,3333,3751,4760,6021,3364,3907,5951,12571,31.8239,27.0847,8.6771,47.5447
74651,3470,4126,7361,11208,3341,3809,4880,5824,3282,3434,3781,3950,3006,3354,3366,3414,-29.3784,20.6635,8.74403,47.7373
74652,3131,3406,3867,4099,3259,3638,4495,6716,3350,3660,5273,9584,3370,3601,4557,5688,5.12978,31.3989,8.55999,47.796
74653,3446,4042,6064,11057,3240,3931,4964,7427,3145,3415,3977,3993,3101,3165,3392,3497,-20.5049,26.1827,8.79086,47.904
74654,11539,7169,4080,3443,5981,5008,3850,3396,3938,3835,3407,3259,3461,3466,3199,3089,-27.041,-21.3363,8.92149,48.08
74655,3447,3545,3320,3241,3972,4263,3783,3459,5443,6958,4734,3712,6143,7772,5028,3800,16.892,-9.52189,8.51382,48.4133
74656,3817,3771,3552,3269,4859,5171,3996,3524,6728,7689,4506,3606,5191,5364,4076,3444,7.0639,-12.5725,8.73808,48.3753
74657,3945,3960,3662,3353,5229,5838,4027,3452,6196,7436,4466,3665,4710,4866,3893,3486,3.55607,-12.3372,8.58574,48.1227
74658,3381,4041,6751,12016,3238,3798,4893,6099,3235,3360,3818,3932,3109,3195,3398,3434,-27.1961,23.2779,8.96001,47.7987
74659,10559,5781,3914,3341,7917,5015,3782,3409,4272,3945,3487,3216,3469,3460,3227,3192,-18.868,-27.8278,8.85869,47.9907
74660,3229,3413,3968,4475,3443,3721,4764,7476,3256,3736,5161,9283,3199,3570,4277,5259,2.76084,28.3093,8.8764,48.1533
74661,8111,6649,4287,3517,7298,6130,3951,3463,4359,4062,3614,3251,3484,3423,3277,3063,-16.6421,-18.4221,8.76042,47.9593
74662,4127,5314,5752,4333,4150,6137,7285,4591,3712,4394,4437,3855,3493,3584,3558,3529,-11.0122,2.02991,8.63867,48.1673
74663,3194,3391,3613,3707,3246,3681,4593,4915,3413,4241,6851,7773,3523,4014,5821,6281,11.1406,16.8918,8.81025,48.1713
74664,3298,3305,3414,3229,3736,3902,3747,3463,4757,5996,4857,3819,5733,8689,6128,4092,21.0739,-5.92898,8.63001,48.11
74665,3453,3961,5915,12365,3309,3827,4824,6421,3183,3466,3794,3937,3133,3207,3462,3409,-23.9862,33.7043,8.87808,47.7773
74666,5952,5901,4147,3491,7092,7370,4234,3584,4712,4710,3713,3345,3776,3565,3433,3303,-10.7883,-14.5629,8.83157,48.2187
74667,3972,6007,9643,6154,3933,4419,5508,4708,3435,3597,3881,3753,3115,3327,3340,3203,-24.7945,7.38431,8.64217,47.9967
74668,3363,3817,6054,12634,3303,3751,4704,6030,3327,3343,3723,3936,3032,3345,3389,3364,-29.5137,30.2538,8.90728,47.41
74669,3114,3232,3410,3499,3252,3508,3900,4219,3490,3968,5302,7222,3507,4066,6569,10195,20.1002,22.1089,8.64707,48.302
74670,2982,3323,3450,3575,3344,3635,4310,4474,3539,4123,6416,7103,3557,4217,6767,7313,15.6439,16.6004,8.68944,48.0853
74671,3705,4063,4296,3742,4000,5481,6329,4414,3921,5636,6712,4414,3729,4194,4311,3943,0.864093,2.67093,8.52108,48.5933
74672,12591,6146,3876,3333,6056,4709,3699,3330,3899,3781,3492,3339,3445,3456,3196,3029,-29.4254,-27.3786,8.66537,47.5847
74673,3160,3195,3349,3411,3276,3487,3732,3929,3345,3819,4845,5974,3399,3960,6130,12425,29.0283,28.6126,8.51419,47.624
74674,4538,4564,3745,3503,6161,6916,4184,3689,5732,6313,4209,3387,4257,4284,3681,3368,-1.46426,-13.107,8.533,48.354
74675,3446,4178,6748,10661,3427,3901,5165,6739,3284,3405,3972,4095,3137,3124,3350,3337,-22.0478,21.7404,8.8792,47.9793
74676,3128,3283,3542,3521,3378,3718,4365,4018,3691,4488,6960,5567,3753,4853,7758,6391,16.7325,10.5415,8.84119,48.276
74677,5257,4421,3625,3301,8879,5599,3867,3388,7160,4899,3817,3297,4398,4004,3476,3180,-3.09567,-23.0724,8.89488,48.3787
74678,3067,3206,3489,3537,3322,3543,4004,4658,3420,3755,5263,8751,3473,3850,5473,9014,15.2135,26.6644,8.59699,47.8833
74679,3112,3253,3395,3481,3167,3451,3732,3969,3385,3793,4819,5960,3305,3915,6394,12473,31.2416,25.4463,8.6509,47.736
74680,5045,8594,7721,4627,4355,5178,4929,4032,3584,3753,3782,3480,3304,3352,3271,3209,-28.0112,-1.79403,8.53858,48.144
74681,3565,4705,8907,8917,3501,4048,5176,5325,3294,3497,3895,3842,3124,3276,3432,3370,-28.1575,14.9907,8.59142,47.916
74682,10514,7447,4168,3379,6244,5275,3965,3359,4037,3858,3485,3274,3354,3340,3242,3130,-24.0165,-20.0554,8.61358,48.0473
74683,3414,3449,3256,3036,4252,4099,3617,3250,6558,6064,4091,3435,8236,7260,4337,3604,18.6675,-16.7301,8.52108,47.972
74684,3956,3575,3397,3263,5899,4325,3617,3293,9999,5147,3793,3302,6442,4677,3736,3304,8.27042,-28.3282,8.80675,47.8167
74685,4859,8271,7961,4829,4273,5264,5172,4170,3449,3833,3790,3469,3231,3402,3339,3098,-23.8246,-0.365996,8.89308,48.2733
74686,3607,4384,5468,4973,3586,4800,8247,5990,3484,4016,5111,4505,3238,3461,3741,3712,-8.29322,10.0356,8.9648,48.2153
74687,3827,3690,3500,3099,4831,4430,3775,3323,7999,6767,4151,3406,6560,5630,3973,3439,11.0127,-17.5116,8.91445,48.2667
74688,5713,9495,6718,4181,4571,5217,4550,3870,3698,3794,3649,3363,3251,3348,3285,3304,-31.2169,-4.49414,8.97488,48.0047
74689,3898,3723,3384,3201,5835,4366,3623,3295,9864,5446,3766,3480,6607,4697,3696,3324,8.34276,-26.5643,8.98109,48.1367
74690,3226,3384,3412,3371,3641,3879,4051,3726,4064,5387,6447,4520,4306,6241,7705,4969,18.2988,3.6042,8.60425,48.2193
74691,3262,3664,4462,5309,3341,3794,5593,8925,3246,3755,4826,7106,3194,3479,4051,4359,-3.28684,23.5827,8.74219,48.244
74692,3723,4192,5651,5156,3636,4655,7960,6249,3497,3926,5136,4447,3245,3438,3737,3756,-8.65834,11.1833,8.60828,48.2693
74693,3130,3486,3657,4060,3337,3533,4356,5840,3429,3812,5283,9920,3390,3689,4761,6325,7.68075,31.2103,8.56725,48.0053
74694,3542,4369,8009,10083,3452,4010,5168,5977,3175,3719,3790,4114,3150,3266,3348,3402,-25.2804,18.1453,8.54426,48.3827
74695,3444,4061,5342,5626,3540,4331,7270,7458,3410,3809,4871,5020,3228,3320,3699,3801,-8.57595,15.2159,8.50099,48.1533
74696,3356,3286,3303,3003,3685,3881,3597,3353,5122,5221,4218,3525,7390,9886,5290,3875,27.8161,-10.8528,8.96214,47.994
74697,12533,6370,3944,3435,6070,4740,3761,3284,3917,3689,3552,3234,3448,3377,3204,3040,-29.183,-26.9051,8.67396,47.732
74698,3424,3988,6021,6982,3501,4185,6526,7803,3330,3618,4343,4714,3158,3472,3500,3555,-12.9922,17.9765,8.8361,48.08
74699,3487,4086,5604,5511,3563,4535,7984,6743,3389,3783,4820,4628,3262,3411,3617,3708,-9.10055,12.8516,8.7861,48.0873
74700,8750,6501,4083,3305,7843,5685,4025,3385,4485,4000,3567,3173,3517,3544,3222,3124,-16.2857,-20.3434,8.94352,48.1393
74701,3702,3609,3350,3032,5102,4257,3671,3228,9021,5932,3972,3273,7187,5327,3892,3468,11.4049,-21.9457,8.69948,48.0153
74702,3231,3363,3501,3564,3486,3746,4269,4053,3712,4608,7067,5734,3784,4853,7585,6082,16.1925,10.6233,8.52927,48.4253
74703,6756,5102,3776,3374,9619,5691,3847,3428,5494,4260,3631,3257,3777,3706,3287,3180,-9.71374,-23.6151,8.71354,48.1233
74704,11545,5997,3920,3379,7284,4790,3659,3429,4266,3837,3517,3252,3313,3418,3253,3102,-21.1955,-28.1483,8.97838,47.974
74705,3016,3497,3929,4172,3364,3804,4780,6257,3420,3888,5739,9044,3315,3692,4583,5648,5.26449,22.1232,8.83388,48.0987
74706,3809,3911,3657,3266,4766,5778,4212,3476,5798,7824,4789,3601,4562,4914,4112,3576,4.9775,-10.0625,8.65733,48.034
74707,3354,3809,5517,7873,3460,3924,5629,8911,3228,3614,4262,4899,3092,3306,3526,3639,-13.1615,23.6027,8.51691,48.0287
74708,4958,5648,4237,3597,5945,8248,4805,3779,4490,4965,3990,3558,3779,3757,3424,3246,-8.89615,-10.0659,8.55565,48.284
74709,4332,5664,5167,4129,4630,7294,6546,4198,3919,4624,4394,3712,3369,3619,3638,3313,-10.6671,-1.88599,8.5761,48.3653
74710,3277,3684,4108,4178,3408,4088,5700,5610,3551,4447,7003,6620,3459,3688,4670,4804,3.30386,14.4641,8.72769,48.1967
74711,3622,3624,3251,3096,4617,4348,3511,3246,8551,6128,4028,3316,7682,5692,4014,3482,13.4889,-20.3112,8.91169,48.1387
74712,3325,3387,3278,3158,4077,3778,3387,3144,6283,4717,3771,3359,12432,6041,3971,3357,26.3124,-29.8883,8.50479,47.6433
74713,3075,3263,3319,3309,3197,3458,3765,4077,3369,3791,4786,5975,3296,3949,6289,12475,29.5265,26.3712,8.75728,47.5953
74714,3518,4648,8969,8675,3496,4133,5472,5600,3373,3647,3945,3884,3165,3228,3335,3354,-25.7158,14.5011,8.84492,48.2947
74715,5860,6883,4693,3665,6017,7413,4558,3663,4195,4478,3784,3467,3402,3640,3324,3192,-13.936,-11.2762,8.52254,48.156
74716,3223,3654,4469,5847,3330,3770,5348,9479,3358,3624,4640,6442,3200,3373,3851,4079,-5.63344,25.6989,8.7607,47.7913
74717,3176,3322,3368,3319,3411,3593,3809,3790,3908,4530,5207,4605,4049,6310,9664,6057,28.1966,6.75562,8.79327,48.0787
74718,3839,3761,3390,3146,5465,4375,3562,3225,9672,5396,3892,3419,7041,4859,3776,3342,10.0219,-25.5782,8.71766,48.1067
74719,5856,4672,3746,3333,9450,5731,3882,3427,6199,4700,3711,3305,4087,3874,3464,3131,-6.14107,-23.7274,8.79337,48.3787
74720,3181,3427,4006,4275,3316,3740,4895,6602,3326,3957,5480,8954,3197,3705,4490,5533,4.43384,22.8743,8.56377,48.056
74721,3328,3402,3332,3250,3516,3784,3757,3526,4575,5128,4646,3871,5615,9784,6724,4147,30.8195,-4.90433,8.8682,48.2567
74722,11169,5829,3968,3375,7633,5034,3880,3417,4184,3944,3516,3224,3414,3423,3220,3132,-20.0993,-27.5359,8.9071,48.2413
74723,3746,4704,6960,5638,3759,4764,7400,5906,3399,3915,4368,4144,3279,3325,3631,3453,-14.1594,10.0136,8.86824,48.2607
74724,3509,3561,3431,3099,4402,4229,3666,3323,6935,6547,4127,3458,7439,6857,4193,3549,15.9185,-16.3735,8.63476,48.2167
74725,3479,4116,6777,11795,3391,3901,4778,6157,3166,3372,3751,4004,3042,3284,3360,3369,-26.4665,23.8738,8.50649,47.828
74726,3308,3609,4309,4952,3293,3748,5517,7944,3340,3855,5358,7524,3255,3605,4218,4623,-0.84609,22.1389,8.54568,48.3053
74727,9985,5648,3872,3376,8227,5141,3931,3445,4287,3892,3573,3315,3554,3495,3140,3160,-17.5212,-32.9265,8.76105,48.0273
74728,5162,4307,3710,3259,8519,5422,3876,3289,7204,4866,3802,3316,4478,4007,3605,3208,-2.26614,-23.5052,8.64984,48.02
74729,3193,3206,3456,3473,3228,3514,3827,4015,3539,4010,5129,5609,3495,4522,8634,9397,27.2141,16.6058,8.62468,48.1647
74730,7922,9764,5101,3636,5131,5277,4188,3487,3911,3834,3573,3258,3338,3426,3254,3215,-28.0319,-12.3143,8.67707,48.21
74731,2981,3388,3468,3376,3223,3582,4001,4279,3493,4020,5800,7057,3311,4248,6933,8857,18.2833,18.9165,8.8982,48.0113
74732,3518,3368,3268,3190,3963,3815,3533,3223,5937,4728,3734,3265,12563,5845,3726,3461,33.5782,-31.1833,8.74036,47.4247
74733,3975,4670,4612,3889,4253,6757,6475,4215,4102,5249,5137,3979,3710,3947,3732,3646,-4.57322,-0.424992,8.51922,48.232
74734,5220,4331,3672,3410,8958,5114,3794,3302,7342,4782,3756,3433,4542,4020,3555,3214,-2.41328,-28.4607,8.66849,48.2967
74735,4172,3851,3443,3150,6574,4627,3666,3210,9805,5349,3803,3371,5476,4522,3610,3314,5.02096,-33.5972,8.97188,47.962
74736,3290,3549,4400,5603,3478,3740,5178,9484,3312,3777,4612,6978,3344,3505,4013,4276,-3.78786,27.3266,8.59756,48.3593
74737,3268,3779,4703,5848,3470,3763,5523,9474,3320,3682,4588,6337,3064,3574,3727,4153,-5.82484,24.3944,8.61904,48.182
74738,3582,3665,3514,3256,4324,4627,3859,3427,5878,7977,4648,3725,5577,6321,4491,3669,11.9888,-10.6441,8.89762,48.36
74739,9779,5829,3964,3464,8230,5174,3795,3407,4426,4007,3431,3272,3552,3557,3322,3105,-17.3418,-25.1509,8.87373,48.2093
74740,3663,3875,3628,3218,4510,5264,4082,3556,5745,7984,4866,3856,4857,5321,4368,3552,7.38029,-9.21347,8.68421,48.23
74741,3455,3410,3291,3090,4380,3907,3443,3182,8189,4972,3833,3401,10296,5565,3879,3418,17.8415,-29.881,8.85939,47.8073
74742,3418,3932,6002,12510,3396,3783,4780,5948,3256,3387,3665,3907,3162,3212,3395,3427,-29.3207,32.7817,8.71624,47.4533
74743,3082,3305,3407,3308,3444,3558,3977,3825,3684,4357,5828,5248,3810,5225,9183,7105,23.1606,10.785,8.58467,48.2307
74744,4321,4075,3475,3223,7194,4702,3723,3387,9166,5063,3680,3337,5136,4360,3704,3255,3.01724,-32.0616,8.78236,47.8673
74745,3482,4270,7580,10643,3392,3943,5149,5950,3225,3489,3809,3920,3109,3147,3304,3421,-25.8383,19.333,8.62247,47.8887
74746,4094,4917,4608,3927,4423,7225,6304,4144,3973,5246,4894,3784,3577,3783,3714,3397,-5.96844,-1.77758,8.80019,48.0067
74747,3240,3431,3912,3870,3396,3959,5210,5212,3460,4175,7486,7183,3418,3995,4875,5328,6.49606,14.6767,8.98216,48.1
74748,3165,3231,3607,3607,3491,3660,4288,4712,3456,4032,6572,8056,3388,3978,6046,7091,13.3732,18.0401,8.87276,48.2533
74749,12435,6167,3895,3262,6024,4755,3802,3370,3956,3796,3516,3149,3373,3475,3257,3129,-32.9361,-26.1767,8.7559,47.574
74750,3536,4599,8628,9161,3442,3972,5273,5369,3366,3484,3877,3924,3117,3266,3326,3437,-31.8421,16.0025,8.54265,47.8513
74751,3879,3738,3435,3142,5709,4497,3603,3349,9885,5514,3754,3381,6535,4763,3701,3278,8.58535,-26.6075,8.83464,48.1087
74752,3315,3506,4426,4974,3456,3815,5249,8614,3326,3688,4833,7564,3215,3516,4056,4559,-1.60881,25.8945,8.63852,48.0747
74753,3724,3650,3343,3132,5043,4292,3628,3202,9123,5723,3994,3378,7505,5321,3899,3430,12.1604,-22.8785,8.92897,48.258
74754,4005,5426,6217,4547,4054,5855,7510,4800,3726,4037,4456,3989,3336,3425,3486,3454,-12.4319,3.84953,8.59644,48.2153
74755,3189,3305,3261,3367,3242,3480,3739,4085,3411,3764,4885,7423,3430,3964,5929,11288,20.4527,33.7618,8.88033,47.8413
74756,4305,6470,7836,5087,4000,5367,6314,4476,3567,3935,3933,3752,3204,3358,3412,3371,-18.8767,3.26897,8.69883,48.258
74757,5988,4654,3742,3370,9831,5169,3866,3300,6280,4471,3797,3420,4015,3870,3384,3194,-6.25887,-32.8196,8.73635,48.234
74758,3775,3730,3354,3049,5468,4322,3678,3312,9861,5286,3842,3334,7165,4890,3764,3265,10.009,-30.7423,8.66949,48.0633
74759,3392,3930,6151,12916,3403,3801,4753,6078,3270,3395,3740,3958,3222,3107,3478,3440,-28.6942,30.0049,8.77022,48.0227
74760,3435,3363,3243,3169,3942,3831,3360,3267,6018,4792,3772,3387,12620,6174,3828,3397,31.4366,-26.4814,8.74461,47.732
74761,3201,3659,4446,5391,3384,3860,5581,8834,3326,3750,4996,6845,3247,3406,3988,4387,-3.51955,23.419,8.73246,48.2007
74762,3536,3859,4300,4115,3622,4468,7055,5279,3626,4536,6971,5286,3433,3773,4285,4233,-0.0488696,9.78155,8.73682,48.2513
74763,3411,3858,6026,12097,3459,3706,4806,6554,3273,3399,3914,4010,3067,3254,3468,3446,-24.0501,30.1022,8.59363,47.832
74764,3283,3447,3560,3491,3520,4020,4607,4246,3853,5353,7890,5206,3746,5006,6229,4978,11.7486,6.76782,8.65121,48.29
74765,12883,6009,3931,3334,6003,4758,3724,3318,3988,3759,3382,3130,3380,3350,3274,3065,-30.3007,-30.4076,8.88461,47.5253
74766,3271,3401,3261,3217,3758,3735,3711,3265,5049,5327,4168,3585,7481,9814,4998,3737,31.5118,-11.505,8.9489,47.852
74767,3416,4244,6725,7025,3466,4304,6976,6942,3453,3638,4309,4405,3138,3305,3543,3535,-14.3939,15.0447,8.98311,48.2827
74768,10990,5844,3948,3350,7433,5070,3928,3390,4083,3914,3476,3292,3377,3295,3152,3125,-20.0313,-32.6202,8.52069,47.778
74769,3141,3243,3311,3342,3228,3553,3906,3911,3492,4194,5675,5614,3684,4784,8910,8198,23.104,13.7575,8.85303,48.124
74770,4340,4804,3987,3492,5364,7587,4825,3584,4856,6061,4321,3616,4022,4162,3736,3302,-3.64737,-8.64387,8.56219,48.0393
74771,10137,6691,4025,3533,6937,5276,3841,3488,4115,3904,3535,3259,3451,3478,3198,3165,-20.776,-21.4407,8.71259,48.022
74772,3223,3428,3350,3094,3897,3877,3489,3312,5285,5301,4003,3581,8698,9176,4757,3554,28.1289,-14.4609,8.90435,48.0167
74773,3433,3790,6017,12783,3330,3703,4803,6112,3265,3476,3763,3958,3025,3249,3337,3414,-29.5076,28.1161,8.88807,47.6387
74774,4202,4005,3602,3215,6276,5368,3804,3319,8052,6475,3967,3385,5057,4552,3802,3409,3.95687,-18.3798,8.73562,48.3267
74775,3446,3352,3224,3150,3931,3770,3404,3300,6419,4840,3765,3436,12433,6120,3843,3409,25.8803,-29.4632,8.60865,47.8947
74776,3182,3143,3402,3244,3241,3424,3861,3882,3450,4133,5201,5488,3671,4529,8817,9216,27.5147,15.4616,8.91605,47.9227
74777,3298,3361,3290,3060,3839,3890,3519,3245,5717,5419,3941,3576,9013,8567,4556,3526,24.9251,-15.6112,8.66993,47.878
74778,3079,3131,3324,3441,3261,3455,3896,3989,3373,3858,5112,5988,3526,4313,7747,10806,26.1605,19.4906,8.89835,48.1993
74779,8580,6082,4051,3387,8113,5671,3957,3390,4633,4154,3559,3269,3553,3628,3323,3047,-15.8695,-21.5,8.54734,48.2647
74780,4060,6355,9842,5956,3737,4580,5246,4639,3389,3745,3859,3657,3280,3374,3451,3162,-29.3101,5.98805,8.77195,48.2213
74781,3371,3900,5050,7810,3420,3757,5258,9693,3209,3641,4208,5033,3122,3212,3621,3581,-12.1558,33.1568,8.99919,47.924
74782,3348,3332,3267,3098,3650,3960,3496,3225,4970,5601,4526,3696,6728,9818,5563,3766,25.0162,-9.38913,8.77987,48.0293
74783,3138,3195,3609,3791,3262,3624,4219,4916,3358,3937,5470,9407,3366,3809,5265,7711,12.628,24.6334,8.69261,48.0513
74784,3501,3695,4004,3871,3556,4306,6004,4643,3708,5018,7857,5319,3670,4143,4763,4338,4.24675,8.40587,8.66535,48.264
74785,3480,3300,3345,3067,3890,3830,3462,3331,5663,5264,3935,3584,9656,8322,4505,3441,25.8341,-16.837,8.57899,48.05
74786,3262,3781,4235,4258,3518,4218,6297,6038,3545,4267,6779,6201,3354,3684,4544,4571,1.17169,13.8534,8.93015,48.368
74787,6987,5008,3831,3391,9912,5218,3777,3414,5357,4237,3492,3333,3717,3600,3405,3328,-9.85764,-32.6845,8.88056,48.0047
74788,4350,3924,3496,3181,6542,5013,3742,3285,8484,6151,3994,3289,5357,4620,3601,3362,4.43233,-20.4769,8.99041,48.2607
74789,3583,4430,6199,5661,3679,4698,7781,6135,3357,3896,4492,4321,3173,3416,3572,3602,-11.7346,11.3773,8.6424,47.9967
74790,3092,3120,3448,3432,3208,3433,3692,3877,3345,3773,4979,6284,3442,4007,6591,12029,26.3662,24.1553,8.99651,47.8347
74791,5828,7279,4629,3618,5826,7583,4610,3735,4134,4291,3921,3369,3494,3471,3284,3239,-14.6577,-10.7433,8.98978,48.2073
74792,7294,9893,5287,3833,4977,5268,4243,3570,3758,3772,3564,3349,3303,3395,3304,3177,-29.1663,-10.251,8.78917,47.9913
74793,3293,3875,5236,7713,3485,3882,5553,9046,3341,3535,4188,5054,3139,3328,3661,3631,-12.4698,24.1324,8.51814,47.9733
74794,3615,3568,3187,3083,4648,4068,3555,3162,8854,5183,3862,3306,9113,5551,3817,3410,15.3388,-26.8685,8.76976,47.988
74795,3442,4069,6292,9545,3307,3984,5330,7539,3252,3515,3958,4357,3116,3188,3514,3424,-18.4058,21.8494,8.60075,47.888
74796,3291,3412,3327,3246,3572,3911,3793,3588,4201,5473,5400,4220,4770,7789,7860,4716,21.7428,-0.0173585,8.77035,48.3793
74797,12754,5997,4009,3379,6062,4798,3717,3373,3875,3613,3371,3155,3292,3378,3340,3201,-28.6264,-29.8634,8.75128,47.5427
74798,3702,3748,3564,3168,4591,4899,4013,3426,6195,8047,4657,3714,5136,5648,4271,3651,8.83095,-11.0816,8.52129,48.2867
74799,3113,3261,3586,3700,3248,3525,4204,4622,3378,3911,5165,8726,3304,3864,5298,8924,15.007,27.4669,8.74591,47.886
74800,4189,6496,9557,5989,3813,4534,5370,4664,3407,3660,3820,3726,3245,3317,3353,3324,-27.6672,5.39863,8.61058,48.3093
74801,3058,3155,3302,3416,3222,3568,3942,4103,3463,3807,5131,7095,3422,4046,6454,10962,21.1435,23.3591,8.94309,48.0973
74802,3105,3292,3416,3604,3314,3500,3978,4125,3553,4175,5892,6582,3581,4352,7368,8650,19.2646,17.4271,8.99644,48.3247
74803,3309,3335,3272,3236,3629,3922,3641,3472,4508,5311,4737,3740,5515,9489,6808,4258,26.3337,-4.31818,8.73147,48.1213
74804,3221,3378,3840,4150,3339,3687,4592,6559,3397,3858,5379,9444,3281,3647,4568,5721,5.13576,25.5609,8.9008,48.0407
74805,12492,6069,3893,3408,5896,4683,3680,3507,3843,3848,3518,3294,3407,3453,3182,3198,-30.2546,-31.3041,8.6333,47.5807
74806,11162,7347,4171,3500,5933,5044,3995,3339,3920,3744,3523,3206,3402,3353,3307,3142,-26.2311,-20.7626,8.60629,48.0587
74807,4202,3840,3441,3217,6920,4606,3658,3333,9484,5323,3810,3452,5527,4451,3686,3283,4.52133,-28.9289,8.76481,48.1553
74808,3159,3242,3461,3377,3226,3459,3789,3840,3376,3982,5146,5804,3354,4238,7326,10843,32.7075,20.1404,8.51424,47.748
74809,3374,3396,3148,3118,3874,3869,3425,3320,6605,4831,3889,3379,12145,6061,3926,3462,23.6757,-33.12,8.90491,47.8813
74810,5759,8997,6266,4123,4585,6002,4734,3835,3745,3980,3658,3475,3389,3292,3236,3024,-21.9906,-5.84028,8.93554,48.0667
74811,3249,3336,3335,3267,3448,3775,3912,3643,3928,4875,5316,4382,4414,7043,9145,5419,25.5399,3.54384,8.58626,48.3247
74812,6292,7036,4609,3550,6097,7109,4557,3602,4113,4412,3658,3266,3440,3532,3349,3138,-14.5753,-12.1833,8.67088,47.84
74813,12416,5892,3889,3381,5925,4711,3845,3429,3913,3830,3450,3197,3264,3518,3315,3176,-33.2831,-32.6543,8.70221,47.434
74814,3147,3400,3760,3891,3324,3586,4765,5397,3409,4031,6308,8637,3310,3826,5103,6029,7.90994,19.0859,8.92923,47.9487
74815,3103,3192,3398,3387,3415,3460,3881,3871,3590,4212,5444,5301,3675,4983,9154,8163,25.5857,13.1095,8.82968,48.1527
74816,3100,3447,3426,3435,3442,3502,3973,3833,3674,4445,6217,5361,3851,5126,8916,7025,21.2307,11.238,8.50737,48.5153
74817,4291,6914,9039,5495,3912,4655,5373,4450,3434,3762,3883,3740,3203,3273,3306,3168,-24.4042,3.99745,8.84618,47.932
74818,3425,3406,3330,3038,3882,3929,3498,3214,5541,5166,3964,3380,9695,8591,4631,3458,29.5303,-16.5407,8.78288,48.0987
74819,12086,6525,3954,3296,6486,4882,3825,3347,4000,3760,3423,3174,3413,3414,3102,3058,-25.5063,-24.7698,8.84799,47.83
74820,3160,3313,3820,3916,3435,3615,4627,5482,3390,3960,6189,8654,3364,3831,4989,6321,8.67837,20.4545,8.70214,48.044
74821,3286,3694,4589,6409,3363,3842,5257,9894,3235,3552,4454,5869,3208,3405,3637,3869,-7.91466,29.3145,8.80112,47.7087
74822,12191,6117,3941,3327,6507,4784,3801,3349,3966,3810,3344,3255,3363,3418,3194,3154,-26.1381,-27.7241,8.69786,47.6807
74823,3515,3458,3294,3090,4220,3862,3549,3160,7158,5649,4033,3445,9137,6784,4079,3470,18.2488,-19.3757,8.81195,47.9353
74824,12494,6366,3989,3353,6160,4744,3792,3393,3991,3798,3433,3208,3397,3431,3211,3105,-29.0089,-26.2831,8.54247,47.91
74825,6102,8161,5120,3932,5269,6694,4697,3743,3999,4245,3832,3386,3351,3478,3295,3116,-17.7992,-9.12833,8.6477,48.28
74826,11322,6023,3969,3464,7071,4864,3784,3378,4207,3912,3427,3312,3368,3408,3299,3106,-21.7436,-27.0905,8.5282,47.9427
74827,3223,3426,4135,4459,3407,3713,4789,7762,3381,3721,4856,8744,3219,3633,4160,5063,1.74148,29.5461,8.65754,47.794
74828,11668,6419,3936,3462,6483,4799,3792,3388,4011,3874,3397,3266,3406,3404,3250,3071,-24.9843,-25.0796,8.65757,47.7507
74829,3514,4206,7895,10691,3301,3959,4964,5702,3253,3530,3840,3922,3217,3263,3355,3431,-32.6262,18.5795,8.87987,48.0287
74830,7036,9276,5154,3864,5307,5793,4387,3612,3797,3858,3520,3292,3448,3387,3337,3153,-23.0286,-10.9516,8.77554,48.1473
74831,3298,3879,5036,6890,3367,3838,5798,9402,3205,3685,4409,5366,3134,3375,3705,3935,-10.1221,23.5838,8.75896,48.2147
74832,3413,4161,7171,10896,3432,3902,5235,6499,3294,3456,3791,4041,3061,3162,3364,3371,-23.2187,21.1307,8.85346,48.166
74833,11883,5920,4006,3345,6656,4774,3829,3433,4107,3851,3435,3227,3475,3369,3208,3193,-23.4143,-33.0646,8.7188,47.8073
74834,5795,4577,3877,3282,9668,5136,3762,3245,6450,4579,3590,3296,4120,3813,3479,3293,-5.4683,-31.2102,8.56841,47.9747
74835,8411,5740,3984,3349,8480,5645,3963,3555,4654,4079,3619,3323,3564,3517,3199,3191,-15.1671,-22.9773,8.70555,48.182
74836,5774,5453,4021,3456,7294,7432,4361,3486,4945,4634,3901,3297,3890,3730,3352,3206,-9.34275,-15.2368,8.87394,48.1547
74837,8214,5292,3892,3414,9284,5185,3756,3455,4934,4113,3487,3318,3612,3582,3352,3027,-13.2727,-30.2653,8.59858,47.9447
74838,3305,4056,6216,9649,3400,3941,5427,7606,3283,3498,3911,4438,3155,3309,3402,3546,-17.9509,22.7776,8.70928,48.0947
74839,3623,3928,3893,3598,4138,5381,5133,3985,4295,6812,6550,4200,3988,4605,4539,3863,3.85706,-0.970315,8.55135,48.354
74840,3268,3296,3601,3535,3508,3854,4394,4165,3734,4679,7510,5769,3681,4575,6915,5623,13.6765,9.96364,8.50006,48.0713
74841,6955,6086,4090,3409,7722,6719,4005,3561,4574,4384,3697,3319,3602,3583,3424,3167,-12.6614,-17.3814,8.76124,48.198
74842,3311,3488,3567,3313,3568,4140,4242,3694,4048,5885,6968,4730,4226,5807,6715,4704,14.5379,2.59363,8.81634,48.2707
74843,3182,3419,3873,4270,3263,3709,4951,6588,3338,3800,5597,9000,3302,3791,4540,5534,4.39911,23.5017,8.53948,48.1047
74844,3689,3705,3462,3330,4336,4578,3939,3383,6131,7970,4776,3627,5314,6291,4476,3617,11.6313,-10.4893,8.66484,48.416
74845,3392,3834,4786,6540,3413,3806,5501,9694,3284,3629,4400,5647,3135,3394,3724,3935,-8.5805,26.0986,8.78681,48.076
74846,3344,3800,4957,6050,3382,3958,5947,9037,3387,3640,4598,5713,3097,3471,3821,3847,-7.68466,21.0565,8.53531,48.0327
74847,3452,4331,7343,9283,3522,3980,5497,6707,3373,3466,3915,4100,3081,3249,3370,3429,-20.5345,18.4837,8.93154,48.0653
74848,3169,3261,3315,3352,3215,3647,3807,3742,3800,4499,5217,4608,3942,5992,10076,6387,31.883,7.70409,8.98846,48.0193
74849,3140,3212,3375,3449,3176,3516,3815,3831,3384,3846,5042,6024,3303,4158,6859,11906,32.75,22.5313,8.84335,48.024
74850,3450,3383,3232,3078,3856,3836,3514,3299,5239,5228,4094,3539,8493,9162,4700,3471,31.8995,-14.2034,8.64676,47.716
74851,6058,9323,5839,4042,4894,5774,4482,3802,3817,3916,3688,3353,3331,3412,3256,3186,-23.2638,-7.21325,8.7307,48.1153
74852,12700,6029,3884,3313,6309,4801,3751,3351,3912,3830,3524,3268,3418,3319,3280,3107,-26.7096,-28.7437,8.92539,47.864
74853,3788,3790,3547,3237,4574,5223,4042,3490,6170,8058,4765,3592,4958,5499,4268,3477,8.14985,-11.0131,8.79074,48.3187
74854,3328,3502,3309,3168,3807,4277,3911,3625,4664,6805,5467,4006,5124,7450,5758,4106,16.4805,-4.20723,8.92941,48.2047
74855,6091,5378,3961,3430,8049,6785,4177,3525,5152,4671,3724,3430,3784,3722,3349,3190,-9.49718,-17.8851,8.65232,48.2787
74856,12386,6009,3912,3370,6043,4810,3714,3390,3917,3604,3411,3313,3450,3333,3228,3219,-31.8825,-29.7534,8.73794,47.406
74857,4034,5175,7005,5052,3913,5281,7327,4892,3513,3919,4410,3957,3214,3426,3605,3421,-14.3986,5.91594,8.6164,48.096
74858,3145,3446,3901,4193,3338,3611,4913,6964,3378,3861,5592,8990,3294,3597,4571,5421,3.92726,24.3876,8.8375,48.1433
74859,6542,7864,4738,3720,5592,6761,4461,3669,4107,4120,3645,3467,3442,3475,3292,3186,-17.7633,-11.4954,8.74236,48.054
74860,6291,9750,6174,3926,4611,5230,4340,3719,3659,3795,3649,3458,3262,3358,3346,3171,-28.1438,-7.25866,8.73224,47.826
74861,3355,3398,3292,3233,3866,3812,3618,3246,4794,5187,4366,3672,6892,9800,5581,3958,31.1232,-9.18881,8.55563,48.0467
74862,7314,9905,5359,3793,5017,5381,4352,3577,3759,3791,3566,3319,3470,3332,3240,3144,-27.4942,-10.1062,8.77493,48.2127
74863,3306,3614,3992,4042,3556,4431,6187,5220,3555,4543,7357,5842,3471,3944,4615,4474,2.62671,11.4122,8.69408,48.0993
74864,3147,3522,3766,3724,3445,3841,4792,4670,3580,4435,7826,6689,3463,4127,5584,5299,9.13087,12.7102,8.8964,47.94
74865,3073,3246,3430,3465,3366,3568,4097,4335,3499,4085,6094,6750,3503,4313,6991,8323,18.3035,17.4658,8.59685,48.092
74866,3202,3452,4009,4338,3367,3685,4852,7320,3324,3762,5128,9167,3342,3648,4384,5199,2.90263,30.4564,8.6089,48.1193
74867,3661,3859,3601,3516,4038,5303,4691,3879,4674,7812,5955,3938,4206,5031,4556,3750,6.22127,-3.80574,8.913,48.3133
74868,3359,3692,4396,4883,3310,3870,5774,8132,3310,3764,5344,7033,3221,3594,4211,4492,-1.64144,20.8094,8.60977,48.2567
74869,3236,3265,3542,3602,3305,3531,4141,4566,3416,3986,5753,7688,3388,4103,6248,8084,15.4515,19.3498,8.55548,47.9027
74870,3073,3242,3452,3561,3239,3503,3971,4297,3368,3904,4890,7565,3349,4004,6110,10467,19.5246,24.5444,8.8158,47.9967
74871,3454,3644,3469,3229,4042,4547,4020,3683,5335,8025,5372,3839,4851,6256,4854,3821,11.1536,-6.93192,8.83067,48.294
74872,3393,3428,3191,3134,3860,3826,3459,3180,5854,4890,3842,3440,11407,7154,4176,3451,30.8523,-21.3728,8.75876,47.79
74873,6162,7277,4590,3653,5935,7527,4680,3663,4254,4430,3659,3483,3480,3556,3387,3226,-14.9282,-11.0768,8.99231,48.6413
74874,8346,5386,3895,3322,9166,5458,3748,3331,4896,4176,3494,3269,3694,3513,3315,3136,-13.6594,-26.8604,8.64708,48.0967
74875,3424,4010,5603,9813,3346,3898,5299,8248,3194,3486,3937,4454,3113,3182,3471,3463,-16.969,24.9292,8.80497,47.9607
74876,3755,3650,3386,3119,5196,4474,3675,3326,8541,6377,4081,3457,6486,5379,3909,3475,10.418,-19.4763,8.72983,48.1907
74877,3422,3909,4276,4040,3668,4653,6789,5040,3707,4777,7029,5115,3397,3863,4503,4213,0.539209,8.23609,8.90011,48.2673
74878,3117,3518,4062,4517,3302,3692,4643,7385,3364,3670,5061,9050,3353,3650,4345,5127,2.49072,32.7435,8.98776,47.904
74879,3133,3576,3966,4426,3296,3798,4944,6883,3346,3759,5502,8869,3329,3715,4440,5314,3.6354,23.2671,8.64779,48.1973
74880,6096,4545,3712,3298,9686,5133,3814,3417,6174,4508,3543,3250,4076,3715,3452,3184,-6.72273,-31.4458,8.76601,47.7353
74881,12804,6252,3925,3381,6038,4753,3742,3376,3968,3821,3425,3196,3387,3320,3222,3068,-28.2894,-26.9461,8.94984,47.7853
74882,11893,5899,3867,3543,6947,4864,3743,3499,3983,3782,3451,3225,3400,3282,3259,3120,-22.099,-31.9798,8.8964,47.838
74883,5981,9908,6480,4024,4604,5271,4493,3789,3632,3822,3626,3421,3285,3350,3395,3238,-29.1567,-5.8925,8.70082,48.2127
74884,3554,3376,3287,3080,4446,3872,3496,3248,8179,5239,3912,3379,9659,5533,3873,3506,17.1568,-32.3015,8.52498,47.7593
74885,3381,3363,3333,3166,3741,3837,3582,3357,4734,5192,4379,3596,6792,9983,5606,3860,31.5067,-9.06229,8.92408,47.9347
74886,3114,3343,3431,3281,3221,3389,3723,3932,3289,3791,4783,6123,3347,3795,6005,12558,29.4634,30.1211,8.72716,47.4167
74887,10515,5685,3861,3391,7680,5057,3774,3405,4345,3830,3526,3216,3543,3477,3264,3080,-19.0267,-28.719,8.5935,47.766
74888,3124,3314,3316,3277,3494,3672,3821,3561,3992,4903,5273,4297,4419,7392,8980,5233,26.7387,2.81848,8.60131,48.0453
74889,3296,3865,4876,5110,3426,4076,6771,7445,3337,3871,5393,5908,3235,3644,3925,4158,-4.55452,16.8185,8.5639,48.224
74890,3314,4023,5686,5718,3550,4250,7330,7326,3392,3824,4811,4908,3185,3472,3757,3712,-9.41774,15.0302,8.74344,48.172
74891,3565,3918,3872,3393,4144,5509,4900,3929,4523,7386,6237,3979,4185,4711,4435,3786,4.81449,-2.21036,8.85857,48.3147
74892,3313,3234,3469,3347,3191,3440,3924,3796,3364,3926,5003,5705,3426,4191,7435,10957,31.6311,20.2408,8.67461,47.814
74893,4624,4351,3774,3390,6618,6490,4016,3463,6448,6160,4002,3354,4416,4163,3671,3182,-0.727985,-15.8176,8.98957,48.0813
74894,3313,3764,5377,8761,3466,3651,5173,9070,3225,3564,4140,4680,3100,3288,3535,3502,-14.5484,31.0545,8.83058,47.7393
74895,6149,9748,6151,4110,4523,5304,4546,3787,3718,3799,3639,3468,3344,3309,3233,3248,-30.2274,-6.66791,8.77016,48.0507
74896,4362,6698,8492,5347,4051,5128,5683,4528,3584,3773,3816,3629,3308,3373,3430,3406,-21.3749,3.57223,8.56138,48.4053
74897,3182,3520,4018,4374,3263,3721,4876,7338,3347,3898,5108,9301,3276,3527,4278,5233,2.68822,28.6507,8.50263,48.1733
74898,4183,5928,7399,5043,3930,5525,6669,4659,3526,3945,4109,3878,3232,3446,3567,3262,-16.9715,3.8459,8.56529,48.2007
74899,6996,10140,5679,3826,4874,5342,4401,3657,3693,3865,3581,3245,3236,3297,3248,3148,-27.4061,-9.32407,8.975,48.152
74900,3536,4386,7127,7898,3494,4006,6260,6742,3379,3667,4141,4157,3118,3226,3532,3496,-17.7258,16.5095,8.52906,48.11
74901,3330,3357,3457,3158,3717,3781,3575,3427,4784,5252,4406,3727,6522,10102,5853,3870,29.3947,-8.24244,8.99762,48.212
74902,3373,3506,3335,3216,3914,4058,3694,3342,5565,6172,4403,3681,6833,8378,5019,3657,19.2401,-11.5806,8.94614,48.0973
74903,3214,3348,3331,3154,3633,3794,3725,3359,4747,5273,4407,3795,6489,9816,6026,4047,29.6406,-7.99005,8.91569,48.1053
74904,3250,3722,4813,6305,3396,3892,5689,9591,3178,3623,4425,6039,3074,3366,3645,3969,-7.92149,24.15,8.92678,47.9847
74905,3110,3106,3396,3293,3341,3671,3863,3761,3500,4322,5373,4897,3757,5459,9958,7204,29.8078,10.1752,8.79642,48.0073
74906,7659,8407,4930,3700,5686,5897,4208,3537,3913,3889,3664,3276,3308,3456,3216,3045,-21.5608,-13.0358,8.51491,47.8607
74907,4090,6483,9123,5523,3863,4802,5916,4585,3469,3740,3838,3682,3247,3390,3359,3375,-22.7163,5.07776,8.64866,48.3233
74908,3311,3379,3206,3130,3910,3698,3376,3210,6185,4706,3794,3277,12731,5964,3911,3494,26.8504,-31.2316,8.97171,47.5213
74909,10464,7666,4257,3510,5944,5084,4035,3512,3854,3709,3416,3284,3413,3389,3238,3129,-25.9122,-18.8154,8.9858,47.936
74910,3208,3643,4375,5351,3339,3699,4966,9024,3240,3737,4774,7353,3229,3471,4097,4473,-2.66363,28.2844,8.73576,47.986
74911,3265,3346,3150,3114,3903,3825,3442,3204,5662,5187,3949,3304,10258,8346,4352,3525,27.5776,-18.0978,8.97536,47.888
74912,4596,4071,3491,3175,7564,5214,3682,3381,8512,5396,3754,3365,5055,4247,3645,3355,1.34295,-23.0796,8.99409,48.3353
74913,3146,3215,3409,3389,3183,3421,3825,3905,3508,3771,4630,6222,3373,3938,6064,12761,27.4996,32.2898,8.86996,47.84
74914,3475,4089,4750,4109,3766,5184,7795,4964,3587,4651,5985,4604,3576,3761,4193,3830,-3.50232,6.24307,8.88208,48.2127
74915,4323,6529,8239,5155,4107,5128,6216,4556,3540,3840,3983,3598,3246,3339,3393,3288,-19.4493,3.58519,8.93007,48.32
74916,3370,3403,3330,3094,3955,3781,3463,3281,5814,4988,3831,3346,11310,7037,4160,3402,33.0077,-21.6984,8.63564,47.71
74917,3166,3350,3472,3492,3266,3704,4094,3951,3623,4257,6165,5611,3735,4811,8389,7303,20.3833,12.7024,8.56657,48.2593
74918,3510,4033,5150,4965,3532,4561,7658,6639,3441,3962,5368,4876,3248,3606,3853,3888,-6.34684,12.7318,8.50401,48.1933
74919,3677,3582,3389,3219,4787,4249,3568,3243,9379,5233,3828,3287,8363,5251,3739,3389,13.6463,-30.2668,8.75968,48.122
74920,10323,7951,4340,3465,5645,5084,4054,3519,3853,3893,3546,3148,3368,3454,3178,3132,-28.7892,-18.3611,8.86938,47.9687
74921,3557,3373,3182,3132,3781,3784,3538,3323,5424,5253,4005,3462,8789,8957,4731,3563,27.7453,-14.7825,8.59084,47.9027
74922,3632,4686,7987,6964,3652,4275,6559,5973,3326,3603,4167,4068,3145,3404,3458,3459,-18.239,12.7826,8.64583,48.2387
74923,4609,4168,3470,3236,7737,4806,3743,3323,8572,5131,3801,3331,5075,4315,3599,3281,1.59745,-28.9623,8.53324,48.1313
74924,3174,3428,3909,4352,3282,3650,4709,7131,3434,3766,5110,9332,3287,3633,4438,5424,3.83707,29.7943,8.56461,48.0393
74925,9475,6320,4076,3488,7761,5600,3895,3384,4434,4095,3435,3276,3481,3415,3136,3099,-17.6455,-21.7015,8.95971,48.2467
74926,4083,6515,9987,5892,3748,4555,5231,4657,3420,3574,3729,3692,3106,3253,3343,3259,-29.881,6.02539,8.99794,48.0293
74927,5433,4473,3613,3307,9426,5166,3732,3520,6901,4681,3800,3342,4310,3995,3428,3124,-4.02154,-33.2895,8.56154,48.1673
74928,5379,9437,7056,4360,4448,5202,4749,3933,3743,3773,3681,3511,3161,3390,3184,3210,-28.0365,-3.75578,8.77403,48.1447
74929,3924,5942,9403,6119,3772,4584,5829,4906,3403,3729,3898,3717,3224,3210,3337,3236,-22.9524,7.32627,8.84903,48.1553
74930,3396,3838,5484,8231,3411,3809,5525,8930,3292,3561,4225,4850,3117,3264,3585,3557,-13.8141,24.1852,8.64326,48.05
74931,3301,3649,4242,4859,3443,3977,5847,7759,3499,3809,5240,7026,3134,3659,4132,4518,-1.84007,19.8963,8.62289,48.0627
74932,4788,4257,3631,3230,7951,5648,3842,3368,7665,5427,3860,3235,4613,4203,3597,3209,-0.576321,-21.7441,8.68588,48.3493
74933,3299,3544,3850,3970,3357,3947,5329,5146,3555,4404,7431,6595,3485,4107,5072,4989,6.23232,13.3703,8.58798,48.0533
74934,3466,3977,4802,4485,3545,4636,7603,5977,3701,4213,5941,4987,3345,3760,4072,3963,-3.48332,10.858,8.78458,48.3153
74935,3395,3586,3933,3921,3525,4160,5527,4587,3827,5002,8138,5535,3552,4107,5067,4458,5.9811,8.93933,8.64728,48.2133
74936,3655,4675,7583,6831,3605,4400,7005,5909,3482,3608,4091,4125,3177,3305,3471,3357,-16.6885,12.5492,8.93569,48.186
74937,4868,4272,3557,3190,7670,5323,3854,3470,7760,5491,3757,3259,4851,4243,3746,3208,-0.0554344,-22.0444,8.76482,48.346
74938,4135,3882,3396,3164,6353,4660,3643,3253,9349,5677,3795,3378,5773,4737,3808,3281,5.9984,-23.6874,8.79552,48.1893
74939,3464,3568,3467,3271,3831,4227,4008,3610,4639,7132,5842,4079,4744,6916,5718,4205,14.5095,-3.3256,8.90184,48.4807
74940,4364,6186,6672,4563,4307,6248,6576,4485,3549,4052,4187,3713,3389,3459,3383,3324,-15.3602,0.897006,8.80572,48.3047
74941,3269,3714,4655,5127,3473,3989,6368,8243,3305,3794,5118,6235,3245,3513,4000,4176,-4.13787,19.3012,8.85465,48.1493
74942,7706,5256,3790,3316,9601,5178,3839,3487,4902,4135,3627,3235,3596,3570,3349,3126,-12.3844,-33.3574,8.9947,47.8087
74943,11806,5860,3978,3443,7016,4928,3740,3346,3951,3803,3396,3256,3387,3267,3290,3080,-22.4382,-32.4556,8.95114,47.698
74944,9407,8643,4630,3532,5534,5338,4025,3539,3788,3827,3527,3208,3276,3450,3273,3095,-25.1887,-16.1771,8.74786,48.0613
74945,3136,3299,3325,3462,3262,3470,3871,3881,3479,3906,5085,5646,3454,4427,8126,10225,27.194,17.8042,8.67916,48.036
74946,7434,9610,5111,3706,4975,5360,4205,3476,3852,3914,3619,3274,3385,3360,3307,3108,-33.5452,-11.1395,8.55134,47.7973
74947,2984,3248,3589,3607,3190,3583,4062,5010,3297,3781,5514,9333,3280,3843,5188,8283,13.2138,25.3859,8.89246,47.8613
74948,3411,4037,5849,11575,3376,3826,4927,6885,3243,3457,3786,4095,3153,3224,3441,3332,-22.1165,29.1604,8.56969,47.7447
74949,3348,3338,3253,3170,3866,3708,3534,3194,5355,5118,4038,3631,8881,8953,4674,3555,27.6959,-14.8579,8.75291,47.744
74950,3295,3326,3237,3156,3884,3798,3406,3264,6252,4814,3816,3412,12383,6124,3941,3420,26.45,-33.2891,8.65053,47.6853
74951,5102,9175,7499,4378,4238,5096,4761,3960,3659,3846,3722,3492,3311,3342,3327,3233,-33.1233,-2.35858,8.98528,48.094
74952,3339,3461,3562,3406,3613,4207,4382,3832,4119,6451,7066,4483,4199,5518,6125,4503,12.9095,1.35284,8.61805,48.1773
74953,3222,3411,3975,4331,3310,3699,4758,7262,3299,3805,5181,9061,3248,3652,4424,5435,3.41453,26.4165,8.73193,48.0487
74954,3415,3359,3329,3080,4018,3812,3474,3253,6605,5184,3886,3541,10513,7038,4153,3404,22.6196,-21.0072,8.62111,48.0427
74955,3062,3288,3457,3307,3279,3482,3862,3954,3514,4069,5264,5815,3507,4306,7711,10103,24.7507,18.0484,8.6371,47.9867
74956,3038,3205,3437,3339,3287,3401,3867,3752,3417,3809,4708,6380,3437,3849,6028,12309,25.7312,33.6155,8.78408,47.5087
74957,3833,4783,6876,5284,3747,5102,7830,5526,3544,3810,4367,4185,3222,3421,3684,3514,-13.0187,8.48367,8.96469,48.4853
74958,8558,5170,3782,3374,9027,5289,3886,3416,4846,4077,3512,3093,3605,3531,3269,3162,-14.1529,-30.3475,8.64716,47.7313
74959,12729,6161,3835,3403,6019,4744,3721,3460,3858,3883,3448,3222,3344,3370,3279,3203,-30.5893,-27.4691,8.91538,47.786
74960,3284,3368,3434,3141,3714,3806,3614,3391,4861,5159,4406,3805,6645,9845,5786,3817,30.9717,-8.66666,8.73971,48.0507
74961,3428,3410,3270,3190,4013,3767,3419,3294,6353,4870,3763,3441,11671,6328,4160,3367,24.1501,-25.5535,8.52352,47.8293
74962,3634,3443,3297,3048,4363,4164,3611,3373,7372,6157,4124,3515,7894,6433,4160,3468,15.9558,-18.154,8.63159,48.0373
74963,3145,3214,3475,3420,3223,3457,3816,3945,3287,3746,4864,6093,3493,3950,6309,12183,27.9228,25.9921,8.55683,47.7467
74964,3253,3482,3784,3720,3431,3791,4688,4877,3535,4297,7105,7558,3408,4055,5384,5858,9.22067,16.218,8.54102,48.1507
74965,3738,4436,5808,4889,3830,5245,8270,5386,3586,3902,4767,4142,3236,3512,3540,3567,-9.75151,7.92897,8.89224,47.9027
74966,6253,9343,5713,4022,4848,5736,4472,3683,3797,3847,3742,3498,3346,3448,3321,3201,-23.2284,-7.87418,8.69464,48.18
74967,4263,5124,4457,3756,4980,7851,5782,3854,4313,5421,4467,3701,3679,3766,3698,3477,-5.68673,-5.24446,8.63478,48.3927
74968,4534,5416,4639,3828,4817,7789,5945,4099,4075,5047,4393,3670,3589,3620,3601,3411,-8.09885,-3.86107,8.91497,48.3153
74969,7750,9602,5176,3668,5154,5336,4234,3558,3872,3869,3560,3389,3284,3445,3207,3159,-26.5438,-11.7869,8.62926,48.1753
74970,3348,4092,6650,12110,3383,3816,4797,6108,3113,3370,3868,3917,3054,3193,3439,3454,-30.9565,23.4578,8.82689,47.808
74971,3049,3195,3281,3330,3278,3481,3662,3974,3298,3749,4759,6193,3497,4034,6256,12473,27.9673,26.8415,8.63704,47.6727
74972,3097,3222,3415,3412,3274,3503,3704,4018,3390,3775,4822,5917,3315,3901,6284,12654,31.308,25.6527,8.98414,47.802
74973,3521,3864,3987,3650,4036,5185,5393,4057,4232,6327,6946,4290,3957,4536,4444,3949,3.68447,1.10746,8.55583,48.2493
74974,3863,4365,4679,4012,4174,5976,7201,4549,3823,4862,5417,4022,3593,3886,3943,3627,-4.67996,2.33238,8.76712,47.9947
74975,3175,3260,3322,3224,3339,3662,3755,3676,3792,4602,5227,4422,4264,6918,9717,5634,29.1276,4.90071,8.96744,47.9927
74976,3213,3628,4226,4657,3349,3851,5482,7262,3449,4017,5680,7646,3298,3460,4278,4785,0.627403,20.1567,8.69785,48.1873
74977,3280,3460,3873,4154,3515,3941,5308,5444,3579,4203,7007,7352,3500,3923,4867,5033,5.56157,15.8272,8.66535,48.2927
74978,3414,3932,5935,8827,3380,3907,5748,8051,3311,3601,3987,4415,3177,3257,3580,3479,-16.2219,21.6778,8.91934,48.0007
74979,3323,3498,4216,4954,3416,3755,5162,8255,3223,3727,4982,8084,3098,3644,4271,4636,-0.452575,24.4982,8.77766,48.1627
74980,7990,5237,3838,3342,9395,5360,3821,3350,4909,4159,3657,3228,3706,3526,3326,3223,-12.4098,-25.6616,8.82863,48.0447
74981,3492,4066,7064,11263,3380,3888,5020,6245,3237,3453,3807,3987,3075,3237,3418,3420,-25.5039,21.3563,8.58312,48.0347
74982,3156,3264,3411,3418,3367,3665,3987,3927,3595,4509,6563,5398,3827,5073,8411,6522,19.3399,10.4383,8.76094,48.062
74983,4956,7796,6981,4575,4318,5986,5288,4209,3655,3826,3913,3595,3307,3353,3330,3269,-19.7217,-1.62303,8.87183,48.238
74984,3064,3212,3390,3408,3166,3581,3717,3922,3474,4055,5020,5557,3561,4399,8358,10113,28.4494,17.3056,8.84456,47.998
74985,3903,3620,3304,3135,5463,4301,3670,3270,9718,5395,3814,3444,7020,4913,3825,3363,10.0142,-28.1276,8.5745,48.1053
74986,3203,3372,3633,3710,3282,3688,4342,5071,3389,4047,6120,9024,3370,3848,5333,7041,11.3069,20.9012,8.77392,48.3153
74987,10914,7667,4197,3517,5895,5037,3895,3228,3851,3722,3353,3205,3412,3334,3211,3099,-30.5023,-19.6893,8.97928,47.6913
74988,3713,4209,4541,4017,3834,5528,7344,4821,3839,4987,6023,4380,3462,3784,4062,3816,-2.49014,4.19149,8.80763,48.24
74989,3509,4535,8662,9649,3373,3996,5095,5607,3244,3443,3784,3930,3206,3127,3358,3325,-28.8866,16.5569,8.85771,47.8953
74990,3369,3651,4557,4928,3299,4071,5974,7815,3354,3944,5350,6794,3220,3576,4027,4449,-2.34592,19.6905,8.51219,48.252
74991,4260,4587,3974,3397,4996,7242,4810,3827,4947,6463,4619,3659,3833,4160,3717,3613,-1.76132,-8.19003,8.57614,48.0693
74992,3034,3188,3420,3459,3169,3546,3937,4054,3487,3837,4941,5874,3382,4350,7613,11170,27.1594,19.9809,8.95433,48.3073
74993,2986,3131,3411,3337,3423,3507,3906,3884,3545,4169,5592,5750,3561,4729,8268,8852,23.0618,15.2771,8.5158,48.034
74994,9411,5453,3884,3331,8737,5183,3854,3507,4558,4062,3479,3181,3543,3488,3285,3057,-16.0871,-30.0636,8.71351,48.0087
74995,3481,3859,6175,12215,3509,3773,4872,6395,3207,3422,3777,3955,3029,3238,3361,3436,-25.7817,28.0554,8.54581,47.8027
74996,5395,5330,4106,3415,6856,7631,4337,3568,4982,4928,3972,3494,3802,3774,3623,3331,-8.60727,-13.7345,8.70291,48.3627
74997,3837,3826,3504,3216,4906,4991,4025,3412,6653,7847,4517,3656,5239,5416,4054,3513,7.80155,-12.6911,8.6765,48.408
74998,3318,3728,4898,5961,3481,3988,6319,8497,3207,3818,4756,5732,3135,3471,3876,3894,-7.53484,19.8362,8.53095,48.0527
74999,3863,4083,3655,3349,4686,5941,4365,3583,5329,7965,5058,3764,4299,4952,4140,3609,4.29665,-7.7787,8.89643,48.4273
75000,11993,7035,3988,3345,5780,4873,3793,3309,3924,3768,3457,3228,3406,3389,3268,3142,-31.535,-22.1856,8.96873,47.7987
75001,3449,3536,3362,3201,4008,4034,3561,3422,5756,6251,4294,3512,7363,8146,4774,3658,19.487,-13.1596,8.5393,48.218
75002,3380,3331,3262,3184,3815,3744,3518,3386,4919,5225,4440,3679,6434,9962,5521,3809,33.8118,-8.6713,8.8496,47.7393
75003,3402,3858,6021,12554,3357,3780,4812,6243,3289,3465,3820,4059,3191,3195,3364,3356,-27.8089,31.4911,8.71392,47.844
75004,4458,5147,4384,3708,5233,8123,5384,3846,4299,5459,4344,3676,3673,3830,3610,3344,-6.54799,-6.46614,8.74254,48.3453
75005,3231,3702,4435,4805,3466,4120,6370,7081,3463,3824,5967,6356,3367,3512,4213,4506,-1.49039,16.6387,8.9821,48.2787
75006,3758,3876,3546,3220,4523,5228,4216,3507,5653,7969,4904,3771,4669,5332,4321,3670,7.42775,-8.84112,8.51103,48.1087
75007,3233,3447,3263,3319,3498,3719,3743,3655,3948,4747,5353,4387,4341,7076,9235,5329,25.6247,3.46958,8.953,48.1953
75008,3963,4144,3629,3425,5014,6399,4332,3701,5546,7411,4688,3587,4291,4566,3987,3611,2.0274,-9.39092,8.63854,48.196
75009,3738,3767,3497,3240,4516,4775,3873,3469,6712,7702,4488,3660,5504,5810,4171,3411,10.273,-12.611,8.67049,48.222
75010,3280,3283,3240,3135,3855,3785,3673,3362,5235,5390,4163,3422,8238,9331,4904,3609,26.6027,-13.2571,8.85218,47.9367
75011,3147,3235,3254,3352,3155,3433,3904,3944,3371,3871,4875,5922,3473,4113,6790,12101,29.2019,24.002,8.59357,47.96
75012,3609,3938,3972,3607,4211,5638,5477,4043,4300,6631,6357,4173,3938,4367,4438,3872,2.59096,-0.681592,8.6742,48.3807
75013,9553,6364,4174,3437,7476,5482,3894,3384,4450,3876,3470,3335,3544,3461,3373,3081,-18.5472,-21.6483,8.5413,48.236
75014,3851,3691,3373,3190,5607,4562,3683,3220,9215,6078,3863,3535,6256,5101,3806,3341,8.58655,-21.4615,8.81186,48.248
75015,3846,3617,3300,3148,5521,4303,3632,3245,9768,5219,3832,3407,6907,4846,3794,3308,9.53398,-29.4818,8.52187,47.7953
75016,5276,4272,3630,3339,8780,5388,3828,3430,7319,4899,3786,3343,4415,4061,3436,3264,-2.33233,-24.9637,8.88572,48.3107
75017,3551,4421,6328,5926,3583,4365,7679,6626,3308,3753,4541,4407,3209,3342,3651,3594,-12.1717,12.5784,8.91809,48.1893
75018,3601,5187,9452,7804,3534,4238,5380,5036,3324,3611,3904,3839,3123,3311,3396,3370,-28.5791,11.9527,8.50301,48.0733
75019,3822,4445,4730,3958,4153,6050,6908,4434,3884,5083,5620,4210,3596,3813,4014,3607,-3.7649,2.07856,8.57424,48.218
75020,4044,4536,4213,3684,4554,7076,5653,3964,4274,6129,5103,3742,3832,4152,3804,3490,-2.27079,-3.37207,8.80791,48.1667
75021,3066,3181,3444,3409,3361,3583,3834,3783,3426,4105,5052,5599,3520,4408,8303,10127,28.4703,17.5231,8.97065,48.134
75022,3211,3200,3401,3403,3297,3574,3961,3831,3491,4006,5329,5532,3503,4552,8904,8891,33.6151,14.9409,8.94207,48.0573
75023,3270,3793,4632,5021,3450,4179,6777,7408,3348,3928,5551,6229,3260,3587,4052,4151,-3.45418,16.8375,8.97275,48.424
75024,3889,4808,5531,4402,4053,6065,7851,4755,3780,4351,4935,4087,3375,3572,3693,3558,-8.84104,4.00702,8.92767,48.47
75025,3146,3564,4076,4540,3238,3623,4754,7770,3305,3693,5140,9023,3228,3571,4223,5115,1.67113,26.6546,8.96003,48.006
75026,3142,3561,3683,3706,3390,3703,4518,4497,3595,4289,7489,6906,3555,4273,6176,6164,12.3037,14.2838,8.60606,48.4313
75027,6340,7394,4665,3674,5842,6925,4537,3752,4201,4388,3688,3352,3457,3624,3440,3110,-15.8014,-11.9221,8.55398,48.2593
75028,3879,4022,3679,3417,4615,5945,4599,3742,5094,7693,5222,3685,4244,4712,4190,3560,3.52831,-6.77108,8.83019,48.1987
75029,3808,5025,9399,7711,3452,4275,5546,5157,3284,3641,3909,3817,3042,3220,3422,3495,-25.3929,12.124,8.65211,48.1353
75030,6690,8681,5136,3811,5415,6430,4414,3692,3904,4012,3643,3374,3543,3378,3308,3107,-19.6873,-10.4818,8.97437,48.3587
75031,3793,3715,3451,3242,4917,5032,3871,3366,7154,7663,4335,3587,5436,5359,3958,3534,8.30035,-14.5067,8.98877,48.2753
75032,3154,3533,4013,4154,3371,3949,5709,5973,3440,4096,6981,7208,3399,3719,4604,4931,3.32384,16.0755,8.95967,48.156
75033,3366,3515,3887,3871,3529,3957,5333,4864,3619,4361,7455,6488,3527,3970,5173,4877,5.95647,13.2539,8.54284,47.8613
75034,4205,3826,3431,3260,6483,4615,3700,3301,9608,5179,3732,3403,5854,4648,3690,3187,5.75404,-27.6166,8.60396,48.0813
75035,3868,3681,3420,3052,5772,4461,3640,3290,9643,5573,3686,3430,6568,4806,3758,3323,8.16425,-25.4227,8.91177,47.9807
75036,4752,4160,3573,3236,8065,5275,3799,3398,8009,5285,3674,3253,4765,4251,3686,3216,-0.0400351,-23.6224,8.7584,48.2647
75037,3797,3609,3383,3112,4675,4507,3921,3327,7169,7146,4276,3419,6183,6039,4223,3539,11.6362,-15.2288,8.54435,48.2167
75038,3529,4721,9145,8940,3541,4024,5230,5291,3309,3509,3840,3824,3173,3218,3417,3417,-31.4879,14.2311,8.81274,48.0853
75039,10871,7762,4210,3425,5701,5085,3833,3469,3889,3848,3537,3308,3463,3322,3236,3072,-29.0819,-19.0273,8.99912,48.0207
75040,3095,3393,3721,3858,3191,3668,4345,5685,3425,3791,5428,9943,3300,3666,4847,6674,9.03754,28.1101,8.69121,48.02
75041,3360,3496,3357,3088,3832,4001,3602,3456,5210,6260,4451,3693,6618,8764,5192,3810,20.7841,-10.096,8.75529,48.1267
75042,3649,3612,3341,3176,4817,4305,3602,3194,8176,6251,4093,3411,7406,5982,4096,3410,13.6213,-19.0165,8.78774,48.3473
75043,3324,3432,3367,3156,3837,3801,3440,3325,4940,5273,4346,3687,6766,10140,5490,3736,33.4259,-9.33412,8.90066,48.04
75044,4767,5194,4173,3561,5578,8101,4913,3886,4531,5498,4183,3512,3735,3873,3594,3380,-6.77816,-9.02807,8.96437,48.3193
75045,3391,4031,6699,12167,3344,3827,4811,6070,3232,3353,3798,3888,3051,3175,3312,3418,-27.5174,23.5765,8.9891,47.7113
75046,3374,3406,3361,3187,3821,3901,3646,3226,5508,5080,4146,3486,9095,8781,4693,3509,27.6694,-15.175,8.59458,48.1467
75047,3974,4263,4071,3707,4301,6455,5431,3846,4429,6472,5469,3959,3948,4156,4056,3668,0.115506,-3.23286,8.8571,48.1367
75048,3290,3317,3349,3322,3561,3824,3883,3571,3986,4731,4963,4338,4521,7608,8966,5137,29.6559,2.40433,8.78833,48.2447
75049,3311,3768,5055,7316,3575,3802,5179,9848,3320,3573,4199,5108,3213,3237,3616,3668,-11.0603,33.861,8.8396,47.8587
75050,3151,3370,3734,3663,3406,3816,4771,4784,3461,4417,7578,7215,3485,4180,5652,5772,9.77302,14.7466,8.63357,48.3033
75051,4080,3782,3410,3186,6585,4512,3612,3286,9983,5214,3802,3337,5890,4539,3664,3235,5.82623,-28.6514,8.9793,48.078
75052,3371,3478,3185,3140,3882,3816,3553,3321,5956,5468,3965,3508,9419,8112,4419,3472,23.2928,-17.1381,8.74975,48.0433
75053,3324,3828,4803,6744,3387,3864,5218,10010,3287,3584,4287,5792,3161,3320,3676,3943,-8.67959,27.5498,8.89663,48.152
75054,3365,3791,4227,4154,3519,4141,6270,5981,3481,4174,6784,6453,3270,3732,4463,4532,1.11644,14.0787,8.62316,48.2247
75055,3174,3673,4642,6083,3353,3893,5158,9976,3363,3503,4360,6282,3273,3453,3864,4082,-6.62555,29.4688,8.80132,48.088
75056,8427,5918,4018,3438,8154,5789,4019,3300,4588,4066,3594,3267,3634,3552,3314,3061,-15.5251,-21.9337,8.55159,48.0927
75057,3490,3446,3341,3092,4011,4108,3898,3409,5476,6696,4655,3769,6342,8283,4914,3788,17.9982,-9.93915,8.91054,48.4787
75058,4116,3927,3462,3134,6329,4484,3651,3286,9539,5356,3831,3329,5958,4630,3585,3309,6.61241,-27.262,8.64103,47.9507
75059,3602,4612,8509,9016,3484,4114,5367,5762,3202,3559,3949,3909,3136,3283,3390,3367,-25.0777,15.5409,8.59577,48.174
75060,3780,3560,3348,3076,5094,4105,3511,3389,9687,5348,3806,3443,7756,4985,3827,3243,12.2331,-28.9062,8.73546,47.972
75061,7303,4908,3771,3328,9778,5237,3877,3479,5360,4259,3493,3226,3783,3577,3327,3158,-10.9467,-30.6868,8.72224,47.9093
75062,3332,3442,3656,3449,3649,4168,4911,4076,3943,5853,7770,4812,3867,5010,5848,4603,10.199,4.4404,8.91108,48.2593
75063,3252,3583,4256,4999,3300,3861,5579,8168,3412,3824,5385,7426,3299,3594,4235,4551,-1.06585,21.8999,8.63528,48.4827
75064,3334,3384,3116,3084,3964,3813,3490,3299,6498,4773,3738,3466,12490,6022,3897,3354,25.3325,-30.3084,8.69866,47.8147
75065,5471,5734,4187,3524,6493,7954,4494,3604,4701,5045,3826,3401,3723,3694,3454,3206,-9.54344,-12.6202,8.95883,48.3407
75066,3309,3661,4804,6100,3394,3797,5205,9880,3423,3743,4532,6024,3162,3426,3740,4174,-6.65151,29.0467,8.68398,48.2493
75067,3106,3254,3348,3352,3231,3466,3708,4007,3413,3783,4796,6316,3328,4040,6041,12320,25.0033,32.6141,8.81749,47.6727
75068,3395,3736,4541,4445,3618,4214,6975,6257,3557,4152,6509,5940,3265,3627,4162,4324,-1.03158,13.573,8.78894,48.478
75069,3120,3218,3368,3461,3325,3506,3638,4048,3333,3791,4998,7004,3406,3960,5940,11667,21.8783,31.4885,8.88294,47.8553
75070,5883,5126,3933,3403,7999,6745,4081,3401,5321,4659,3660,3325,3847,3776,3360,3031,-8.40176,-18.1924,8.52516,47.7
75071,3371,3341,3140,3004,3977,3781,3461,3296,6429,4811,3901,3397,12245,6329,3890,3399,25.8382,-26.9551,8.74659,47.848
75072,10297,5605,3846,3295,8019,4883,3865,3557,4301,3960,3494,3260,3365,3488,3218,3062,-18.0082,-31.8957,8.79161,47.6767
75073,12408,5955,3871,3347,6601,4768,3832,3452,3974,3822,3514,3175,3349,3359,3250,3096,-24.4053,-28.6583,8.94458,47.8487
75074,3558,3959,4742,4339,3647,4695,7545,5605,3576,4245,6366,4960,3296,3588,4149,4000,-2.66461,9.89704,8.71849,48.18
75075,3172,3360,3551,3675,3241,3512,4268,5206,3439,3693,5284,9661,3356,3822,5079,7517,11.4903,28.4682,8.80847,47.8907
75076,5251,8897,7702,4441,4283,5034,4809,4091,3526,3729,3807,3583,3267,3331,3329,3236,-27.0673,-2.0784,8.75104,48.2107
75077,3278,3475,3641,3439,3510,3945,4487,4085,3861,5309,7655,5095,3851,5007,6565,5020,13.08,6.70091,8.57764,48.1487
75078,3183,3304,3449,3248,3446,3665,3833,3534,3854,4673,5162,4464,4164,6715,9458,5606,31.2981,4.63215,8.61459,47.8387
75079,3152,3205,3463,3471,3124,3457,3881,4096,3396,3818,5001,7398,3339,3909,6209,11245,21.031,26.3231,8.99716,48.1093
75080,3185,3288,3315,3398,3214,3474,3863,3968,3326,3880,4866,5989,3373,4043,6850,11836,27.4415,22.8256,8.87583,47.912
75081,6240,4789,3740,3351,9341,5776,3966,3369,5900,4717,3685,3333,4071,3825,3418,3116,-7.18666,-22.9696,8.7166,48.4247
75082,3356,3544,3883,3950,3376,4007,5338,5366,3543,4361,7216,6987,3374,3968,4924,4989,5.69082,14.7542,8.61818,48.1213
75083,7610,9522,5202,3884,5029,5388,4204,3628,3823,3889,3581,3451,3443,3339,3322,3110,-26.3901,-11.2487,8.53192,48.2833
75084,4327,4484,3900,3407,5475,7096,4475,3521,5244,6510,4524,3595,4079,4170,3894,3495,-1.09325,-9.98842,8.55698,48.1307
75085,3207,3462,3677,3799,3419,3749,4958,4874,3433,4462,7506,6952,3579,4147,5466,5373,8.65515,13.846,8.69636,48.042
75086,4903,6460,5013,3851,5158,7587,5596,4037,4018,4545,3993,3559,3549,3620,3383,3134,-12.0673,-5.58753,8.65387,48.2707
75087,3642,4772,8946,7804,3465,4218,5830,5559,3378,3619,3817,3879,3072,3301,3336,3379,-22.2731,13.2661,8.99785,48.0113
75088,3352,3906,4447,4682,3557,4273,6945,6661,3427,4120,5944,5735,3366,3705,4178,4169,-2.10395,14.7665,8.66864,48.3113
75089,3371,3842,5433,7905,3369,3862,5565,9160,3286,3464,4147,4982,3118,3356,3594,3673,-13.0742,23.7218,8.91994,48.0847
75090,4055,5032,4802,4140,4448,7070,6575,4240,3910,5081,4666,3929,3510,3678,3772,3570,-6.90536,-1.06845,8.886,48.3187
75091,8818,5260,3897,3412,8924,5156,3790,3419,4747,4164,3519,3229,3711,3486,3262,3211,-14.8832,-29.0823,8.5746,48.0033
75092,3034,3244,3360,3366,3288,3631,3853,3861,3735,4328,5614,4994,3790,5244,9681,7188,24.9979,10.6404,8.95879,48.1407
75093,3418,3912,5697,10834,3301,3754,4968,7768,3228,3425,3861,4244,3173,3174,3394,3523,-19.4254,29.5165,8.93559,47.7827
75094,7209,9813,5245,3815,5005,5513,4322,3542,3741,3825,3590,3368,3346,3415,3221,3139,-24.9054,-10.4413,8.91343,48.0727
75095,3369,3456,3469,3411,3864,4345,4147,3585,4568,7173,6266,4165,4560,6271,5586,4095,12.7798,-2.21129,8.85722,48.22
75096,5592,8892,6621,4279,4532,5717,5009,3911,3589,3801,3755,3450,3272,3459,3415,3153,-23.5909,-4.46696,8.55063,48.298
75097,8775,6309,4127,3383,7842,5766,3895,3406,4408,4094,3641,3162,3577,3390,3339,3038,-16.4957,-20.4822,8.82057,48.1013
75098,3822,4031,3679,3276,4915,5454,4005,3466,6124,7813,4578,3663,4720,5071,4057,3518,5.48859,-11.4044,8.55661,48.128
75099,3194,3262,3584,3670,3385,3652,4367,4735,3407,4134,6443,8019,3439,4076,5713,6940,12.4935,18.4218,8.66799,48.0133
75100,3760,3569,3397,3210,5060,4389,3626,3240,8964,6057,3890,3328,7037,5496,3890,3457,11.4663,-20.9299,8.81718,48.2467
75101,3093,3219,3568,3568,3305,3549,4156,4546,3514,4139,6324,7686,3519,4141,6259,7725,14.7674,18.5698,8.52707,48.2073
75102,3353,3964,4283,4006,3736,4472,6552,5215,3596,4669,7073,5413,3473,3960,4478,4379,1.14038,9.78074,8.67803,48.4147
75103,12441,5909,4022,3389,6006,4675,3795,3370,3964,3912,3453,3224,3465,3375,3317,3248,-32.8428,-29.3322,8.52499,47.71
75104,3289,3929,5793,12482,3425,3700,4735,5975,3270,3407,3716,3875,3202,3258,3374,3413,-33.332,30.6769,8.70824,47.2287
75105,4849,4016,3612,3215,8178,4915,3782,3474,8314,5025,3901,3502,4759,4228,3577,3261,0.562412,-27.9774,8.693,48.4053
75106,3091,3221,3485,3517,3264,3634,3966,4345,3389,3796,5619,7972,3366,3948,6096,9314,17.1368,22.822,8.75411,48.0153
75107,3266,3346,3643,3731,3356,3514,4295,5208,3480,3782,5259,9616,3437,3875,5015,7426,11.3099,28.2464,8.64084,48.166
75108,3293,3359,3336,3398,3417,3735,3809,3633,3927,4783,5177,4408,4370,7088,9179,5147,32.4334,3.1771,8.66449,48.0393
75109,5530,8754,6232,4070,4590,6192,5010,3868,3700,3958,3696,3496,3289,3448,3235,3159,-21.1904,-4.95829,8.69275,48.1513
75110,3428,3326,3305,3043,3891,3867,3508,3342,5254,5260,4212,3501,8266,9267,4829,3661,27.7495,-13.5855,8.62646,47.9733
75111,3267,3495,4013,4382,3288,3652,4665,7167,3360,3793,5053,9076,3250,3633,4420,5269,3.53101,32.9654,8.5557,47.8553
75112,3188,3361,3380,3317,3503,3772,4038,3640,3965,5064,5907,4577,4263,6606,8544,5115,20.6762,3.75327,8.78508,48.16
75113,4369,5733,4864,4062,4704,7609,6148,4126,3933,4754,4324,3640,3594,3643,3584,3365,-9.84455,-3.25541,8.77381,48.3013
75114,3792,4965,9225,7460,3603,4174,5747,5466,3308,3553,3790,3893,3169,3326,3435,3348,-22.7,12.2349,8.84468,48.1693
75115,12193,5906,3928,3360,6704,4943,3767,3352,3970,3733,3498,3313,3342,3484,3218,3073,-23.6634,-29.9826,8.98901,47.856
75116,3403,3880,4660,5293,3481,4094,6351,8274,3221,3837,5236,5987,3192,3511,3873,4063,-5.1632,18.8042,8.66955,48.2373
75117,3803,5396,10052,7035,3592,4288,5188,4850,3221,3616,3822,3813,3195,3213,3393,3360,-28.5165,9.81544,8.89401,47.8913
75118,10571,7788,4213,3521,5841,5058,3938,3411,3963,3860,3517,3247,3412,3417,3190,3118,-28.3044,-19.5041,8.70689,48.0433
75119,3371,4272,6986,10895,3376,3966,5069,6447,3184,3502,3949,4087,3050,3223,3421,3513,-23.7651,21.0395,8.85528,48.2073
75120,5480,5041,3781,3398,7884,6989,4149,3454,5598,5037,3830,3444,3985,3801,3482,3314,-6.39634,-17.2304,8.83872,48.4447
75121,3628,4464,6156,5504,3678,4745,8029,6196,3477,3815,4635,4430,3196,3485,3617,3616,-11.3801,10.8409,8.99871,48.4473
75122,3051,3335,3511,3496,3298,3547,4050,4437,3424,3912,5223,7507,3329,3979,6129,10222,18.6825,24.0427,8.74981,48.3
75123,3295,3350,3336,3104,3619,3739,3661,3468,4434,5288,4754,4030,5369,9147,7138,4269,25.0068,-3.07115,8.72169,48.0007
75124,3915,4399,4511,4003,4191,6467,6875,4345,3861,5098,5384,4125,3519,3923,3897,3665,-3.96407,0.944587,8.55804,48.1187
75125,3350,3791,4944,6236,3406,4009,6238,9029,3316,3737,4551,5524,3206,3293,3670,3905,-8.68952,20.6892,8.50532,48.1367
75126,4538,4131,3531,3246,7669,5242,3853,3308,8224,5338,3824,3313,4881,4226,3614,3306,1.1735,-22.9015,8.85431,48.1627
75127,3381,3993,5908,11343,3481,3893,5044,7180,3223,3382,3927,3980,3055,3229,3448,3459,-21.0863,33.5435,8.54615,47.9507
75128,3308,3404,3170,3187,3944,3842,3456,3337,5906,4676,3739,3370,12482,6083,3797,3389,31.6555,-32.9457,8.69208,47.3933
75129,4817,5263,4345,3621,5669,8156,5092,3708,4433,5352,4123,3539,3825,3777,3549,3271,-7.26547,-8.73651,8.80522,48.36
75130,3186,3211,3319,3395,3360,3740,3877,3811,3652,4653,6063,4694,4064,5821,9228,5968,22.2474,7.56582,8.73408,48.028
75131,3448,3381,3217,3050,3930,3903,3548,3250,6130,5304,3922,3504,10230,7636,4333,3433,24.2229,-18.578,8.98842,48.146
75132,3071,3295,3582,3550,3262,3496,3976,4401,3459,3900,5134,8490,3395,3878,5567,9350,16.2821,32.3503,8.53036,47.8707
75133,12440,5981,3974,3377,6761,4797,3640,3325,4022,3808,3438,3306,3419,3423,3285,2984,-24.6365,-29.6976,8.97127,47.9867
75134,3146,3279,3432,3383,3296,3450,3615,3990,3393,3812,4791,6082,3425,3833,5796,12968,31.6956,31.414,8.85556,47.794
75135,3149,3342,3667,3842,3195,3615,4370,5266,3374,3820,5803,9196,3271,3851,5232,7152,11.3297,22.9029,8.51383,48.0967
75136,12545,5936,3905,3369,5964,4645,3791,3312,3994,3670,3397,3148,3319,3322,3333,3161,-32.7324,-31.456,8.58375,47.2073
75137,3453,3939,6233,11973,3371,3824,4923,6428,3218,3535,3822,3986,3188,3199,3345,3488,-24.9334,25.9131,8.74644,47.95
75138,3232,3356,3354,3197,3453,3798,3881,3606,4054,5006,5266,4337,4616,7689,8507,4990,24.8748,1.33481,8.90923,48.228
75139,3582,3471,3268,3135,4426,4128,3444,3258,8291,5186,3762,3477,9757,5754,3946,3374,17.2175,-26.191,8.98024,48.1727
75140,3057,3212,3394,3312,3254,3618,3808,3784,3542,4207,5426,5223,3654,5139,9732,7814,26.2963,12.0957,8.99218,48.1173
75141,3186,3282,3344,3398,3325,3713,3981,3874,3727,4536,6352,5445,3786,5142,8572,6656,19.4404,10.8079,8.69042,48.2127
75142,3040,3311,3450,3386,3400,3695,4041,3944,3632,4419,6524,5704,3731,4874,8367,6724,18.8659,11.3273,8.63387,48.1613
75143,3229,3489,3630,3601,3450,3642,4431,4201,3641,4484,7609,6354,3586,4339,6567,6011,13.1759,12.1754,8.89857,48.176
75144,3329,3556,3756,3536,3596,4149,4815,4199,3818,5701,8000,5067,3796,4679,5819,4717,9.8259,5.33099,8.98815,48.3553
75145,3529,4207,6748,6915,3452,4278,6805,6914,3349,3626,4188,4372,3327,3300,3494,3582,-14.8285,15.2267,8.82469,48.0573
75146,3598,4682,8816,8827,3558,4015,5052,5412,3348,3475,3788,3909,3060,3261,3418,3415,-29.0835,14.8328,8.54546,47.756
75147,3423,3508,3358,3247,4201,4344,3722,3465,6079,7205,4543,3677,6214,7400,4627,3598,15.2447,-11.9596,8.51741,48.4073
75148,4443,7599,8692,5034,4059,4726,5126,4216,3547,3853,3751,3673,3312,3346,3381,3314,-33.115,1.72862,8.87197,48.048
75149,3388,3952,5593,7064,3379,3933,6458,8453,3320,3625,4374,4883,3087,3414,3702,3684,-11.9843,19.4492,8.87595,48.206
75150,6959,4946,3661,3286,10053,5208,3733,3428,5593,4205,3596,3197,3803,3660,3318,3166,-9.90012,-29.1284,8.94574,47.8747
75151,3125,3314,3355,3424,3229,3477,3866,3961,3398,3885,5078,6261,3450,4081,6966,11113,25.0676,21.5844,8.60339,47.9887
75152,3398,3960,6032,12100,3406,3708,4970,6648,3191,3456,3785,4129,3175,3328,3431,3322,-23.9869,28.4306,8.83625,48.026
75153,5211,4404,3740,3206,9378,5127,3806,3340,7017,4832,3668,3270,4332,3941,3533,3270,-3.17616,-33.2934,8.92185,48.05
75154,9734,8423,4538,3493,5553,5193,4063,3492,3720,3781,3501,3279,3413,3337,3304,3123,-28.2311,-16.7781,8.62455,47.9647
75155,3328,3871,6318,12387,3447,3809,4686,6052,3233,3493,3645,3933,3176,3301,3333,3521,-32.5117,26.9601,8.54039,47.6887
75156,3387,4019,5804,10236,3371,3806,5023,8013,3213,3474,3958,4293,3114,3276,3427,3589,-18.5348,28.6776,8.71672,48.002
75157,4223,4153,3645,3337,6088,5767,4071,3381,6999,6531,4101,3428,4775,4624,3777,3364,2.24185,-16.356,8.51143,48.176
75158,5526,9555,7077,4290,4301,5221,4695,3950,3689,3728,3696,3392,3288,3425,3206,3116,-29.0827,-3.92186,8.84655,48.1033
75159,3379,3452,3231,3097,4229,3913,3545,3323,7584,5373,3909,3406,9519,6265,4062,3412,18.4701,-21.9725,8.70485,47.7993
75160,3261,3719,4755,5456,3334,3950,5917,8721,3418,3691,4877,6149,3129,3553,3864,4178,-5.22152,21.117,8.51542,47.9813
75161,3116,3329,3680,3710,3294,3750,4403,4453,3521,4330,7047,7147,3489,4233,6288,6759,13.3729,15.6982,8.77772,48.366
75162,3333,3996,6310,10501,3404,3937,5201,7395,3189,3533,3922,4256,3074,3194,3281,3631,-19.9092,23.659,8.79176,48.1047
75163,3277,3766,5216,7670,3390,3910,5164,9578,3237,3556,4154,5062,3157,3356,3562,3729,-11.7838,29.9383,8.76971,47.856
75164,11784,5886,3906,3382,6769,4972,3850,3386,4060,3819,3448,3279,3424,3413,3304,3122,-22.7563,-32.5034,8.54194,47.8693
75165,3993,4529,4327,3716,4528,6873,5810,4014,4421,6037,5247,3941,3813,4089,3990,3511,-2.24623,-2.55672,8.77942,48.5593
75166,3377,3957,5777,10919,3321,3788,4807,7543,3222,3476,3873,4257,3215,3180,3476,3419,-19.9144,29.6506,8.59601,47.738
75167,3155,3295,3446,3498,3347,3648,3876,3900,3579,4165,5552,5889,3538,4594,8318,8802,22.6085,16.228,8.7308,48.4013
75168,4144,3871,3354,3066,6210,4671,3658,3319,9337,5590,3832,3429,5877,4666,3711,3324,6.26939,-24.1566,8.5422,48.0393
75169,3713,4128,3999,3612,4012,5571,6029,4230,3955,6052,6663,4302,3790,4228,4249,3835,1.67767,0.894822,8.99073,48.2453
75170,3636,4974,9548,7980,3573,4220,5150,5234,3418,3611,3855,3950,3179,3291,3354,3317,-32.7012,12.5627,8.79486,48.1933
75171,3410,3478,3509,3432,3624,4292,4328,3840,4197,6089,7330,4667,4151,5381,6068,4608,12.2743,2.79212,8.9084,48.2693
75172,12267,6838,3994,3321,5895,4740,3873,3370,3822,3782,3464,3114,3433,3418,3200,3079,-30.3747,-23.1389,8.94104,47.74
75173,7389,7007,4340,3471,6891,6423,4206,3624,4281,4225,3641,3291,3442,3567,3286,3118,-16.3071,-16.0431,8.81544,48.1347
75174,7201,5094,3822,3374,9575,5576,3818,3238,5343,4349,3596,3246,3842,3652,3393,3170,-10.2856,-25.1921,8.82145,48.1927
75175,3191,3404,3837,4017,3313,3483,4511,5921,3469,3958,5853,9196,3302,3811,4848,5989,7.20121,22.5568,8.68788,48.0687
75176,6775,9738,5721,3801,4838,5282,4533,3679,3743,3762,3582,3315,3368,3451,3250,3184,-27.4282,-8.97105,8.72744,48.0147
75177,12402,6012,3923,3395,6309,4770,3690,3398,3897,3861,3420,3154,3247,3279,3309,3264,-25.9988,-30.7051,8.89351,47.5533
75178,3368,4022,5839,11711,3427,3869,4933,6735,3243,3454,3734,4036,3180,3311,3381,3265,-22.8149,33.0086,8.56671,47.672
75179,3219,3294,3411,3478,3384,3609,3730,3800,3634,4207,5146,5211,3653,4903,9439,8141,29.2209,13.0026,8.57313,48.1727
75180,3106,3562,3725,3787,3442,3800,4875,4953,3441,4302,7521,7139,3462,4025,5524,5540,8.55634,14.4025,8.69558,48.136
75181,5025,4974,3834,3474,6920,7303,4324,3446,5437,5492,3955,3517,3988,4005,3512,3271,-4.93323,-14.5625,8.90478,48.318
75182,3605,4783,8686,8100,3689,4202,5537,5560,3233,3588,3851,3901,3072,3318,3318,3355,-22.5148,13.9338,8.66868,47.8653
75183,3426,3542,3544,3516,3733,4281,4687,3796,4159,6193,7500,4711,3996,5130,5873,4336,10.5327,2.68393,8.77804,48.282
75184,3589,3777,3487,3346,4167,4980,4211,3440,5230,8014,5201,3912,4742,5695,4560,3830,9.3103,-6.45312,8.83007,48.1207
75185,3500,3952,4618,4407,3682,4595,7336,5849,3447,4355,6012,5354,3371,3630,4195,4126,-2.71175,11.0345,8.5945,48.286
75186,3486,3885,4334,3943,3729,5061,6717,4616,3850,5099,6797,4790,3685,3955,4385,3934,0.582535,5.35983,8.51302,48.1773
75187,5269,7438,5734,4165,4851,6829,5287,4040,3870,4067,3900,3483,3439,3531,3440,3183,-16.3391,-5.32997,8.52554,48.3507
75188,9907,5792,3923,3344,8370,5133,3853,3350,4427,3977,3554,3150,3570,3478,3213,3061,-17.2972,-26.3678,8.86448,48.068
75189,8080,8706,4910,3601,5550,5821,4143,3453,3883,3975,3604,3396,3412,3371,3368,3169,-22.4029,-13.9696,8.68913,48.2947
75190,3674,3762,3214,3168,4962,4417,3578,3302,8923,5977,3889,3314,7374,5556,3965,3338,12.5098,-21.5187,8.77068,48.2753
75191,3355,3877,5036,7738,3398,3767,5143,9720,3210,3506,4212,5077,3221,3269,3674,3783,-11.78,31.3661,8.85879,47.9907
75192,3215,3322,3387,3234,3626,3855,3760,3496,4315,4945,4852,4034,5082,8662,7777,4679,28.3776,-1.37976,8.83205,48.1607
75193,3112,3325,3236,3491,3177,3348,4005,3981,3514,4001,5123,5907,3512,4439,8111,9949,25.0966,17.6947,8.76286,48.154
75194,3397,3744,5155,7469,3538,3902,5159,9574,3310,3640,4273,5142,3127,3284,3586,3710,-11.3796,31.3742,8.5567,48.0067
75195,3260,3604,4305,4923,3506,3781,4936,8586,3366,3733,4757,7866,3240,3607,4090,4583,-1.1365,32.6032,8.96673,48.0953
75196,3276,3392,3258,3048,4017,3871,3370,3151,7016,4885,3906,3439,11888,5977,3759,3434,22.7484,-31.4941,8.80624,47.7913
75197,5910,9082,6038,4006,4871,5883,4768,3859,3708,3946,3676,3448,3313,3444,3251,3236,-22.2338,-6.26729,8.51979,48.2927
75198,3772,3916,3612,3316,4460,5646,4546,3663,5149,8063,5357,3716,4423,4886,4331,3651,5.47957,-6.68501,8.79882,48.338
75199,3382,3441,3220,3075,3794,3816,3521,3272,5172,5441,4167,3626,7919,9444,5076,3696,25.5224,-12.5316,8.59906,48.0413
75200,3317,3604,4176,4825,3403,3721,5405,7929,3403,3833,5207,7837,3207,3601,4270,4640,-0.171553,22.9195,8.53727,48.252
75201,3186,3375,3797,3792,3279,3669,4415,5674,3374,3915,5306,9861,3329,3694,4820,6745,9.00171,29.8856,8.61324,48.154
75202,4020,6297,9820,5945,3839,4640,5099,4736,3390,3703,3745,3707,3250,3373,3361,3250,-32.5832,6.41665,8.78586,48.1167
75203,3092,3312,3339,3419,3226,3575,3831,3880,3444,3994,5224,5670,3613,4549,8562,9178,27.1823,15.8793,8.50539,47.9387
75204,3185,3310,3370,3218,3431,3657,3762,3709,3880,4776,5518,4462,4250,6896,9320,5539,24.5979,4.63464,8.85053,48.1887
75205,4051,5813,7757,5293,3860,5142,6798,4829,3580,3757,4122,3879,3301,3322,3403,3353,-16.9651,5.58208,8.75588,48.1733
75206,8282,9175,4855,3700,5346,5640,4146,3566,3912,3951,3473,3233,3405,3378,3209,3073,-23.7207,-13.6774,8.93443,48.2293
75207,3405,3471,3692,3519,3663,4358,4728,3913,4146,6058,7406,4614,4034,4853,5712,4512,9.98078,3.08447,8.54262,48.056
75208,3261,3370,3491,3437,3438,3866,4176,3843,3931,5206,7175,4963,3873,5242,7612,5304,16.4908,6.55197,8.85046,48.1253
75209,4594,7212,8302,4933,4108,5218,5553,4340,3521,3853,3818,3503,3219,3294,3316,3307,-21.7403,1.7203,8.7963,48.0607
75210,5415,4374,3670,3207,9371,5102,3788,3396,7036,4653,3761,3274,4288,3830,3528,3170,-3.70423,-32.3087,8.83836,47.9087
75211,3308,3394,3441,3260,3695,4127,3974,3567,4559,6594,5574,3955,4958,7436,5986,4167,17.1712,-3.5596,8.56933,47.9967
75212,3520,4473,8964,9247,3496,3953,5172,5294,3239,3502,3826,3794,3124,3332,3418,3390,-29.6992,15.539,8.80367,47.8293
75213,8022,8547,4728,3638,5745,5662,4162,3607,4013,3929,3592,3278,3332,3485,3214,3095,-21.8085,-14.0643,8.77355,48.0327
75214,4417,5399,5159,3869,4401,7256,6529,4184,4003,4599,4491,3832,3533,3663,3700,3537,-9.35068,-1.84828,8.80681,48.3813
75215,3159,3205,3416,3462,3183,3571,3875,4335,3355,3918,5219,7508,3364,3937,6299,10253,19.3781,23.4421,8.80272,48.0393
75216,12620,5891,3936,3366,6183,4743,3712,3340,3774,3791,3430,3267,3336,3452,3287,3166,-27.4671,-30.8083,8.87201,47.5293
75217,7327,4996,3735,3332,9695,5261,3735,3396,5293,4319,3578,3231,3693,3592,3323,3203,-10.8444,-28.8619,8.66924,47.806
75218,3282,3814,5078,6830,3403,3912,5755,9340,3239,3632,4468,5407,3097,3319,3707,3799,-10.2917,23.4379,8.69544,48.0547
75219,11190,6574,4052,3318,6837,5130,3835,3443,4103,3937,3564,3326,3323,3429,3212,3009,-22.7877,-23.1139,8.55039,48.188
75220,3541,3888,4088,3743,3957,5454,5628,4166,4113,6276,6805,4456,3796,4389,4479,4017,2.74338,1.45814,8.99851,48.5307
75221,3160,3243,3425,3435,3408,3658,3946,3886,3820,4561,6203,4969,3935,5445,8947,6249,20.7719,8.62601,8.66807,48.1933
75222,3173,3429,3336,3233,3433,3638,3860,3624,3820,4653,5191,4518,4156,6513,9504,5850,27.5871,5.53135,8.57922,47.954
75223,3414,3647,3777,3592,3685,4410,5218,4289,3959,5563,7949,4879,3858,4460,5243,4350,7.26534,5.57093,8.70452,48.1953
75224,3173,3269,3775,4027,3274,3690,4734,6521,3350,3845,5219,9822,3297,3620,4497,5820,5.64039,33.7339,8.97044,47.9553
75225,3457,4014,5172,5086,3585,4308,7777,6860,3414,3908,5271,4938,3132,3515,3789,3890,-6.88356,13.7642,8.70573,48.0773
75226,3548,3881,3866,3627,4007,5026,5342,3958,4193,6478,6840,4510,3902,4532,4595,4085,4.4713,0.92854,8.62805,48.26
75227,3422,3837,6273,12505,3380,3799,4793,6096,3211,3372,3789,3887,3122,3170,3333,3427,-28.7083,26.5246,8.73396,47.6107
75228,8956,7093,4285,3463,6916,5744,4004,3385,4139,3990,3613,3214,3452,3465,3283,3151,-19.0681,-18.8197,8.50016,48.102
75229,3318,3915,5809,9261,3385,3914,5347,8455,3263,3536,3979,4509,3100,3220,3411,3563,-16.3736,25.5505,8.70729,47.99
75230,11502,5833,3889,3389,7398,4784,3800,3351,4067,3765,3498,3285,3415,3411,3146,3053,-21.2286,-30.3787,8.95703,47.724
75231,7310,9609,5155,3632,4970,5280,4295,3670,3858,3878,3567,3341,3360,3420,3275,3187,-32.5757,-11.2105,8.78219,47.8713
75232,3426,3950,4764,4514,3682,4692,7730,5787,3570,4212,6000,4946,3274,3652,4037,3986,-3.96407,10.252,8.76655,48.148
75233,3578,3925,4559,4279,3632,4700,7429,5348,3613,4464,6372,5009,3336,3662,4247,3945,-2.23836,9.39737,8.55078,48.0653
75234,3036,3340,3364,3547,3294,3515,4174,4475,3410,3921,5808,8011,3511,4051,6024,8382,15.4693,20.6483,8.78794,47.9087
75235,3242,3333,3289,3172,3593,3794,3676,3474,4353,5205,4739,3933,5284,9342,7190,4342,28.3191,-3.25975,8.67034,47.974
75236,3439,3403,3155,3192,3895,3778,3541,3394,5334,5113,4150,3492,9011,8923,4614,3453,31.5367,-14.8388,8.56081,47.9247
75237,3395,3764,4354,4105,3604,4465,7051,5341,3588,4659,7193,5483,3466,3681,4228,4263,0.346148,9.99224,8.96409,48.4267
75238,3470,3987,6015,11932,3340,3801,4826,6703,3256,3466,3833,3909,3100,3250,3257,3447,-23.5445,32.0971,8.58406,47.728
75239,3456,3418,3352,3192,3943,4098,3811,3557,5066,6943,4981,3769,5402,7790,5532,4052,17.3691,-6.69957,8.55674,48.2413
75240,3442,3581,3626,3547,3748,4446,4669,3836,4114,6481,7341,4507,3954,5138,5448,4261,9.39023,2.05448,8.76895,48.0927
75241,3402,3493,3412,3133,4075,4219,3784,3332,5744,6964,4593,3667,6104,7745,4922,3794,16.9196,-10.5107,8.96853,48.2553
75242,3291,3397,3235,3051,3775,3737,3426,3391,5887,4768,3757,3422,12811,6060,3949,3366,28.7139,-31.9083,8.94197,47.5487
75243,3423,3328,3249,3157,3718,3811,3427,3410,5086,5293,4188,3622,8000,9396,4975,3698,27.3727,-12.7287,8.7506,47.854
75244,3356,3510,3932,3826,3607,4087,5585,4701,3658,4892,8009,5720,3648,4143,5137,4435,5.62428,9.1498,8.92705,48.164
75245,3114,3243,3513,3662,3119,3553,4127,4426,3411,3979,5573,7818,3397,4072,6103,9087,17.3195,21.7225,8.63091,48.1313
75246,3887,4534,4602,3938,4337,6434,6726,4286,4058,5023,5306,4120,3545,3891,3860,3660,-4.4193,0.783691,8.52157,48.138
75247,3142,3263,3717,3755,3306,3553,4343,5116,3440,3976,5876,9196,3405,3865,5289,7218,11.1062,22.3388,8.56419,48.3067
75248,3601,4510,8672,9518,3445,4015,5196,5550,3389,3550,3735,3913,3105,3202,3413,3450,-30.1019,16.2586,8.6262,48.176
75249,3348,3832,4915,6753,3333,3766,5263,9867,3257,3609,4280,5633,3159,3249,3554,3930,-9.20271,28.8101,8.53315,47.832
75250,4702,6153,5187,4054,4794,7570,5905,4116,4033,4487,4181,3661,3444,3570,3514,3393,-12.1222,-4.19175,8.58546,48.5093
75251,4001,5637,8784,6204,3881,4620,6107,5062,3306,3670,3958,3838,3222,3190,3438,3362,-20.6025,8.20958,8.56369,48.1867
75252,3561,3226,3224,3170,3890,3784,3419,3187,6255,4689,3732,3377,12469,6265,4012,3436,28.0748,-27.4257,8.77445,47.7973
75253,5241,8957,7576,4548,4265,5081,4812,4078,3561,3788,3658,3425,3227,3447,3273,3221,-31.2161,-2.11871,8.93336,48.1053
75254,3980,6166,9841,6268,3749,4623,5233,4667,3481,3617,3874,3601,3152,3167,3314,3221,-27.7598,7.0117,8.76859,47.9693
75255,3531,3849,4569,4225,3632,4801,7363,5339,3611,4593,6478,5062,3418,3709,4277,4026,-1.97638,8.60757,8.63484,48.322
75256,10991,6511,4100,3337,6811,5066,3870,3513,4098,3938,3380,3262,3464,3502,3238,3143,-22.1487,-23.1685,8.59151,48.1493
75257,3586,3574,3357,3196,4714,4138,3594,3224,9189,5296,3819,3441,8383,5307,3800,3386,13.7388,-32.6026,8.61607,48.0027
75258,3330,3689,3979,4109,3455,4210,5758,5237,3683,4432,7543,6346,3358,3971,4832,4667,3.92831,12.4024,8.91155,48.3993
75259,3051,3207,3377,3383,3258,3489,3879,4174,3466,3716,5163,6958,3391,3998,6529,11125,22.0891,23.3034,8.83042,48.1093
75260,4320,6005,6367,4482,4244,6370,6575,4437,3653,4105,4207,3866,3394,3506,3556,3485,-13.9413,0.889796,8.81953,48.3813
75261,3638,3599,3573,3332,4193,4781,4081,3539,5364,8141,5256,3769,4787,5898,4596,3771,9.7345,-7.17208,8.76234,48.212
75262,3738,3691,3392,3183,5225,4619,3726,3346,8051,6627,4030,3530,6180,5404,4023,3515,9.74735,-17.8577,8.66925,48.1867
75263,3605,4548,8385,8577,3516,4134,5802,5954,3233,3537,3815,3835,3188,3232,3394,3425,-21.8255,15.2429,8.94012,48.12
75264,3604,4331,7515,9493,3512,3923,5461,6376,3253,3539,3897,4025,3106,3276,3435,3404,-21.7183,18.5222,8.56872,48.1
75265,3732,4388,4719,4116,3955,5885,7278,4640,3823,4883,5558,4243,3440,3867,3899,3648,-4.43408,3.17688,8.79217,48.0493
75266,3703,3689,3495,3237,4350,4984,4086,3649,5713,8087,5001,3743,5022,5832,4368,3619,9.5358,-9.19964,8.81605,48.3853
75267,5446,5141,3857,3381,7721,7024,4106,3519,5396,5087,3862,3353,3916,3891,3510,3262,-6.60881,-16.8768,8.95183,48.3147
75268,5709,4513,3740,3283,9213,5545,3890,3406,6804,4837,3626,3250,4204,3913,3454,3055,-4.31376,-24.1164,8.76278,48.2947
75269,5535,9308,6918,4336,4507,5217,4695,3931,3531,3796,3725,3376,3244,3451,3319,3192,-28.7615,-4.26382,8.53605,48.054
75270,3413,3760,3986,3713,3747,4335,5677,4495,3844,5382,7721,5105,3709,4183,4964,4246,4.91174,6.48552,8.6047,48.1867
75271,3239,3336,3482,3223,3497,3662,3617,3680,3834,4654,5089,4499,4376,7017,9587,5592,29.5752,4.10736,8.8734,48.256
75272,3662,4528,9155,8740,3547,3985,5181,5322,3430,3432,3795,3961,3108,3269,3431,3353,-32.7834,14.568,8.82934,47.9327
75273,3382,3469,3259,3100,3910,4060,3604,3261,5792,6183,4245,3554,7510,8458,4895,3671,20.5786,-13.1831,8.88568,48.2353
75274,3569,4020,4724,4428,3822,5009,7626,5272,3671,4425,6097,4634,3421,3664,4046,3878,-3.18047,7.92148,8.72754,48.204
75275,8636,8725,4743,3688,5500,5217,4216,3570,3881,3808,3534,3368,3357,3319,3273,3105,-26.7583,-14.8592,8.55274,47.96
75276,4145,3946,3470,3156,6364,4782,3726,3346,8880,5867,3970,3296,5511,4627,3772,3288,4.92988,-22.0219,8.5028,48.0973
75277,12233,6043,3965,3405,6339,4733,3797,3435,4042,3846,3450,3209,3378,3350,3162,3180,-26.0039,-29.7659,8.55109,47.7113
75278,3304,3319,3142,3032,3956,3816,3381,3305,6780,4863,3825,3472,12148,6023,3873,3373,23.4686,-32.8661,8.99265,47.7413
75279,3830,3798,3471,3300,4505,5183,4069,3496,5882,8166,4804,3624,4836,5380,4220,3571,7.79173,-9.98416,8.9454,48.09
75280,3336,3433,3433,3287,3593,3960,4070,3752,4167,5688,6132,4361,4300,6645,7423,4696,18.0194,1.81934,8.65515,48.184
75281,5311,4825,3767,3357,8233,6441,3990,3402,5922,5176,3819,3311,4123,3951,3490,3209,-5.21324,-18.9323,8.60937,48.218
75282,3555,3498,3383,3078,5036,4177,3601,3257,9214,5492,3893,3365,7942,5391,3810,3291,13.0928,-24.447,8.96029,47.9887
75283,3176,3214,3355,3372,3175,3376,3823,4058,3358,3752,4704,6586,3428,3902,5993,12438,25.3478,28.4747,8.71668,47.8067
75284,7303,8321,4731,3753,5790,6232,4290,3622,4024,3981,3627,3331,3467,3411,3287,3161,-19.4816,-12.7456,8.90802,48.2207
75285,3267,3506,3648,3620,3602,4165,4922,4342,3793,5420,8243,5312,3584,4533,5685,4705,9.25728,7.35932,8.92858,48.2313
75286,3318,3717,5198,7017,3413,3897,5910,9362,3299,3644,4237,5265,3240,3346,3589,3763,-10.7649,22.7488,8.67461,48.1433
75287,3325,3489,3575,3530,3560,4006,4538,4020,3870,5599,7797,5026,4063,5094,6209,4787,11.9135,5.61949,8.77716,48.3253
75288,7134,5555,3979,3486,8659,5978,4076,3467,4861,4314,3639,3402,3706,3588,3313,3177,-12.2818,-20.1316,8.76563,48.2227
75289,3001,3206,3418,3354,3218,3409,3912,4130,3325,3871,4806,6859,3446,3998,6088,11785,22.7578,26.7578,8.70865,47.884
75290,3584,4429,5568,4642,3727,5210,8315,5488,3484,4028,5088,4367,3383,3547,3775,3728,-8.10106,7.97318,8.7713,48.242
75291,12626,5969,3880,3415,6362,4763,3820,3372,3895,3881,3494,3272,3408,3311,3172,3102,-26.0679,-29.6748,8.79042,47.828
75292,3453,3879,5533,9810,3442,3759,5083,8424,3204,3490,4067,4441,3230,3145,3503,3483,-16.8592,32.028,8.718,47.964
75293,3459,4102,5800,7409,3482,3988,6269,7836,3300,3646,4326,4597,3076,3257,3619,3648,-13.8377,18.8908,8.53506,47.876
75294,3926,4125,3828,3432,4506,6115,4664,3727,4990,7575,5182,3939,4273,4694,4022,3561,3.00672,-6.50885,8.65786,48.3727
75295,3350,3401,3210,3167,3709,3729,3593,3473,4540,5395,4618,3906,6006,9569,6372,4087,26.3982,-6.21428,8.62951,48.0833
75296,3138,3445,3742,3490,3371,3997,4535,4114,3765,5338,7909,5404,3756,4912,6779,5005,12.7537,7.42745,8.68499,48.4667
75297,4285,4022,3629,3069,6426,5044,3677,3328,8665,5976,3844,3389,5330,4506,3657,3397,4.36528,-21.3685,8.87298,48.1627
75298,4256,3922,3575,3265,6796,4978,3729,3321,8507,6119,3892,3312,5195,4488,3666,3340,3.6105,-20.6664,8.87975,48.2407
75299,6870,8224,4862,3739,5745,6586,4380,3573,3952,4071,3550,3337,3361,3440,3350,3212,-18.79,-11.5936,8.71207,48.168
75300,3299,3354,3266,3060,3783,3895,3572,3266,5547,5468,4039,3482,8754,8950,4727,3606,24.4476,-14.5548,8.98902,48.0453
75301,3152,3233,3339,3287,3237,3341,3813,4057,3389,3940,4991,6192,3399,4027,6939,11854,26.6192,22.7926,8.91743,48.1267
75302,3425,3899,5910,12155,3372,3674,4743,6619,3348,3386,3730,3872,3174,3152,3418,3415,-23.7795,31.9233,8.89983,47.528
75303,3255,3369,3391,3250,3404,3881,3798,3618,4219,5227,5367,4319,4665,7625,7894,4718,22.5904,0.127732,8.73833,48
75304,2971,3243,3466,3420,3293,3458,4104,4345,3309,3998,5546,7962,3361,4080,6076,9428,17.4781,22.5496,8.90439,48.04
75305,3196,3281,3573,3448,3408,3758,4277,4270,3497,4525,7155,6242,3616,4530,7011,6228,15.1377,12.399,8.64859,48.01
75306,4038,3896,3569,3204,5732,4980,3904,3325,8113,6705,4004,3441,5537,4898,3747,3294,5.78142,-18.5122,8.55291,48.258
75307,7517,5914,4108,3466,8081,6274,4166,3473,4566,4201,3722,3259,3638,3452,3265,3169,-13.6464,-19.1047,8.57723,48.1807
75308,12389,5876,3811,3373,5972,4779,3714,3399,4014,3641,3362,3263,3389,3336,3250,3167,-33.0593,-31.6738,8.5414,47.1567
75309,3009,3243,3387,3459,3302,3533,3886,4135,3530,4117,5724,5756,3610,4650,8335,8349,21.973,14.7702,8.54112,48.0167
75310,4005,4106,3707,3410,5153,6022,4249,3460,6274,7592,4487,3574,4707,4772,3890,3524,3.39891,-11.8738,8.84962,48.6213
75311,3440,3939,5555,9745,3289,3869,5182,8053,3253,3464,4001,4363,3208,3247,3449,3540,-17.5795,32.7062,8.64218,47.7313
75312,4497,5233,4443,3758,5213,7924,5600,3995,4327,5237,4293,3612,3661,3806,3633,3450,-7.16663,-5.94853,8.59155,48.4547
75313,5594,4476,3710,3235,9587,5250,3764,3372,6951,4736,3687,3307,4329,4025,3537,3248,-4.11149,-26.3648,8.88569,48.5387
75314,4084,6244,9497,5762,3819,4756,5886,4671,3405,3692,3888,3798,3077,3225,3456,3211,-22.8439,6.13179,8.96704,48.314
75315,4150,3820,3477,3297,6270,4704,3591,3226,9575,5437,3738,3372,5851,4649,3703,3306,5.85567,-24.6562,8.7563,48.1107
75316,3520,4080,6727,11339,3438,3887,4984,6499,3354,3440,3910,4127,3126,3219,3398,3452,-23.5474,22.8683,8.79654,48.3333
75317,3302,3323,3222,3147,3752,3803,3555,3410,5111,5792,4358,3675,7162,9426,5188,3760,23.1948,-11.0107,8.80571,47.9907
75318,3571,3576,3253,3199,5019,4149,3587,3198,9557,5176,3880,3420,7722,5245,3696,3415,12.1382,-32.8868,8.72193,47.7753
75319,3528,3767,3789,3609,3804,4783,5247,4061,4201,6268,7154,4603,3851,4644,4853,4046,5.68038,1.77554,8.61146,48.1387
75320,3313,3819,5845,12157,3342,3811,4904,6936,3243,3355,3838,4057,3147,3139,3421,3272,-22.9252,29.2185,8.89401,47.7327
75321,3600,3551,3230,3173,4778,4191,3562,3284,9323,5110,3831,3541,8497,5185,3668,3352,13.8388,-32.5747,8.88905,47.9173
75322,3197,3416,3439,3304,3640,3946,4156,3811,4203,5527,6933,4631,4085,5603,7099,5030,15.321,4.09579,8.5648,48.0133
75323,3330,3315,3261,3142,3557,3760,3709,3537,4416,5187,4844,3913,5467,9280,6971,4239,30.932,-3.84327,8.57439,47.952
75324,3443,3417,3286,3196,4168,4056,3621,3327,6791,5989,4170,3512,8440,7095,4333,3535,18.4106,-17.0878,8.89242,48.2527
75325,3110,3190,3333,3312,3305,3583,3859,3831,3655,4420,5727,5030,3832,5360,9604,7002,24.0807,10.1421,8.59933,48.102
75326,3252,3662,4452,5396,3294,3735,5359,9151,3356,3848,4825,6803,3140,3515,3942,4315,-3.8095,23.9221,8.83199,48.03
75327,3690,3571,3227,3164,4660,4116,3481,3300,8930,5243,3885,3249,8718,5376,3797,3402,14.4076,-32.4116,8.66176,47.8727
75328,3478,3435,3237,3184,3938,3779,3377,3215,6022,4727,3803,3364,12577,6164,3915,3302,30.7334,-28.2281,8.54908,47.678
75329,3653,4605,7688,7294,3493,4223,6353,6202,3336,3699,4059,4175,3149,3339,3360,3561,-18.043,13.666,8.69588,48.126
75330,3521,3723,3767,3293,3975,4958,4587,3799,4763,7704,6106,3987,4381,5432,4798,3904,8.11179,-3.5198,8.75234,48.4653
75331,3541,3962,5791,11828,3414,3827,4738,6887,3315,3403,3931,4047,3034,3236,3392,3387,-23.047,30.8804,8.64809,47.822
75332,3101,3269,3368,3426,3199,3407,3888,3805,3401,3886,4957,5745,3369,4069,7371,11464,31.1327,21.3821,8.88232,47.8167
75333,3645,3553,3302,3127,4806,4112,3543,3234,8822,5435,3917,3403,8463,5508,3817,3381,13.945,-25.7145,8.60206,48.0453
75334,3221,3379,3771,3862,3262,3550,4503,5609,3430,3900,5339,9865,3378,3746,4762,6756,9.14703,27.0235,8.71237,48.222
75335,3224,3236,3387,3433,3352,3418,3752,3895,3406,3804,4565,5873,3368,3869,5777,12612,33.6004,32.5688,8.9576,47.314
75336,3423,3523,3128,3083,4308,4016,3498,3245,7789,5171,3717,3473,10530,5653,3872,3411,19.0251,-31.7635,8.61023,47.8933
75337,3676,4071,4033,3742,4381,5975,5240,3974,4425,6964,5697,4018,3877,4333,4234,3639,1.8287,-2.59024,8.56529,48.186
75338,3308,4070,6435,12438,3305,3768,4680,6077,3198,3391,3767,3970,3172,3246,3436,3401,-30.6375,24.785,8.81984,47.7747
75339,4394,7063,9064,5446,3953,4857,5230,4378,3499,3713,3776,3600,3278,3381,3358,3224,-27.144,3.50644,8.71125,48.1427
75340,3359,3776,4820,6021,3447,3961,6172,8772,3267,3729,4787,5868,3228,3436,3873,3992,-6.85837,20.5013,8.95421,48.3387
75341,3042,3229,3356,3458,3326,3455,3898,4204,3351,3903,5416,6809,3488,4161,6982,9998,20.8892,20.1149,8.58834,48.0507
75342,3254,3348,3248,3207,3728,3831,3489,3386,4718,5362,4494,3847,6113,9910,6147,3981,27.5792,-6.96786,8.66889,48.042
75343,9332,5441,3900,3371,8530,5192,3854,3510,4614,4109,3590,3165,3557,3483,3364,3070,-15.922,-32.8077,8.50424,48.0547
75344,4527,5855,5850,4247,4362,6614,6575,4498,3769,4247,4196,3724,3397,3522,3637,3337,-13.5143,-0.142445,8.53614,48.238
75345,5302,4656,3639,3308,8804,6008,3936,3432,6301,4999,3811,3317,4296,3915,3472,3123,-4.49218,-20.9016,8.89486,48.2127
75346,3512,4140,6426,8134,3433,4165,5972,7539,3339,3692,4249,4350,3093,3173,3563,3621,-16.2037,18.9304,8.89116,48.2673
75347,6945,4945,3856,3367,9733,5384,3811,3298,5487,4363,3604,3247,3831,3688,3258,3137,-9.87722,-32.9098,8.77804,47.9693
75348,4677,4160,3479,3279,7836,4792,3611,3423,8569,4964,3750,3342,4940,4190,3576,3250,0.913798,-29.4078,8.8034,47.892
75349,3174,3263,3399,3472,3280,3449,3871,4114,3331,3929,4911,7349,3369,3860,5865,10996,20.3626,30.7573,8.71576,47.7547
75350,3170,3225,3396,3428,3312,3429,3845,3940,3362,3872,4779,5972,3343,3930,6325,12209,30.8219,25.1578,8.50089,47.6913
75351,4423,5697,4719,3823,4800,7750,5961,4047,4013,4872,4326,3833,3524,3802,3549,3289,-9.35531,-3.99598,8.8495,48.2853
75352,3255,3404,3366,3151,3621,3772,3900,3591,4393,5448,5151,4244,4881,8261,7547,4627,22.3317,-1.08762,8.7412,48.408
75353,3163,3231,3417,3442,3261,3582,4045,4169,3437,4081,5801,6609,3408,4359,7342,8816,19.359,17.2116,8.86335,48.1087
75354,5630,8072,5659,3973,4945,6614,5052,3886,3791,4072,3762,3563,3386,3360,3289,3258,-18.1316,-6.27077,8.78978,48.208
75355,4988,4957,3869,3391,6968,7394,4472,3479,5115,5449,4013,3451,4023,3913,3593,3112,-5.65615,-14.0716,8.78771,48.1247
75356,12843,5966,3903,3368,6043,4635,3679,3383,3904,3918,3370,3126,3447,3310,3156,3141,-29.7784,-29.0726,8.94551,47.4613
75357,8445,7798,4590,3488,6365,5810,4125,3568,4138,4022,3512,3296,3386,3469,3218,3120,-19.8075,-16.3961,8.74074,48.2333
75358,6548,5663,4053,3314,8040,6662,4165,3449,4870,4400,3752,3419,3593,3743,3387,3160,-11.3821,-17.9463,8.58157,48.1453
75359,3412,3402,3311,3089,3898,3809,3537,3159,5769,4942,3813,3384,11433,7240,4044,3448,31.6355,-21.1747,8.78987,47.7933
75360,3872,4512,5278,4387,3856,5755,7912,4891,3673,4357,5203,4143,3369,3545,3833,3602,-7.42618,4.88888,8.58137,48.1253
75361,3025,3331,3372,3366,3233,3716,4032,3987,3765,4465,6388,5501,3748,5084,8722,6731,19.8015,10.7276,8.94318,48.3107
75362,3323,3467,3316,3155,3948,3841,3538,3237,5662,5168,3932,3473,10472,7609,4130,3449,33.4197,-18.8828,8.62206,47.8133
75363,5218,7561,5423,3999,4954,7211,5238,3876,3904,4315,3882,3447,3390,3421,3401,3216,-15.7101,-5.48826,8.92137,48.304
75364,4285,5804,6291,4546,4219,6277,6789,4624,3638,4214,4326,3734,3416,3364,3506,3432,-13.9516,1.25532,8.91753,48.31
75365,3100,3202,3198,3358,3191,3486,3726,3850,3274,3738,4869,6114,3397,3995,6287,12789,28.9406,27.0031,8.7478,47.716
75366,3120,3177,3454,3355,3249,3625,3949,3925,3580,4426,6330,5629,3695,4893,8369,7264,20.1965,12.161,8.6448,48.0267
75367,3823,5363,7317,5534,3821,5051,7117,5149,3550,3971,4215,3921,3209,3309,3481,3366,-15.6467,7.06557,8.64285,48.1313
75368,3627,3836,3837,3499,3990,5426,5196,4009,4423,6860,6501,4127,3994,4705,4509,3797,4.18196,-1.03046,8.72015,48.224
75369,3683,4313,4914,4445,3936,5406,8034,5094,3697,4523,5498,4361,3423,3633,3913,3661,-5.96511,5.69262,8.90999,48.356
75370,4819,7439,6884,4592,4389,6095,5730,4146,3603,3968,3985,3605,3347,3420,3461,3146,-18.4498,-0.908565,8.85262,48.4193
75371,3745,4612,8257,7783,3552,4125,5993,5897,3329,3541,3990,3981,3104,3355,3540,3320,-20.5354,14.257,8.81771,48.0827
75372,4221,4169,3502,3286,6105,5791,3966,3492,7002,6684,4217,3446,4820,4529,3745,3426,2.64001,-15.9653,8.51601,48.2673
75373,3542,4383,6539,6717,3511,4209,6814,6700,3367,3779,4207,4381,3203,3384,3561,3543,-14.7565,15.0113,8.56694,47.8933
75374,3368,3863,5681,10351,3365,3770,5002,8126,3257,3398,4031,4331,3147,3202,3508,3586,-18.1766,30.1789,8.99543,47.9907
75375,4110,6399,9161,5643,3873,4744,5683,4612,3518,3590,3948,3749,3137,3307,3451,3342,-23.2972,5.19744,8.58936,48.178
75376,3199,3394,3910,4222,3303,3806,4795,6744,3365,3787,5621,9100,3297,3708,4546,5466,4.22212,24.6348,8.73521,48.1753
75377,6330,5899,4112,3467,7264,7213,4164,3513,4639,4574,3820,3295,3737,3595,3290,3197,-11.2595,-15.7628,8.7009,48.0727
75378,3348,3258,3295,3185,4041,3709,3525,3231,6648,4905,3894,3459,12184,6102,3883,3361,24.4553,-29.8611,8.64475,48.0187
75379,3716,4624,5110,4241,3855,5743,7904,4970,3789,4536,5362,4173,3283,3588,3749,3553,-6.87054,4.54563,8.81989,48.1307
75380,3743,4618,5734,4594,3922,5572,8272,5008,3640,4246,4868,4073,3334,3573,3819,3537,-9.52122,5.89805,8.90238,48.3687
75381,3130,3247,3436,3325,3213,3505,3915,4128,3434,3791,5005,7321,3458,3998,6078,11049,21.1752,27.1624,8.57334,48.022
75382,3191,3298,3451,3205,3505,3735,3942,3749,3848,4673,5976,4853,4026,5848,9064,6063,21.4268,6.99208,8.58249,48.2847
75383,3392,3818,4809,5249,3572,4114,6871,7568,3311,3888,5230,5679,3210,3511,4008,4105,-5.31224,17.115,8.95034,48.2233
75384,3447,3448,3223,3196,4025,3797,3501,3192,5942,4945,3802,3412,11498,6940,4005,3418,33.4283,-22.0195,8.80358,47.8607
75385,5285,5812,4213,3433,6356,7864,4588,3718,4502,4734,3900,3358,3704,3647,3456,3197,-10.1318,-11.9518,8.70723,47.8447
75386,3827,5155,9369,7162,3623,4349,5877,5274,3347,3628,3927,3864,3153,3248,3388,3428,-23.074,10.7865,8.69579,48.4127
75387,3317,3314,3165,3176,3943,3704,3406,3311,6033,4627,3692,3469,12588,6082,3977,3421,28.0771,-31.4373,8.68592,47.4833
75388,3558,3538,3165,3149,4369,3928,3464,3288,8319,5104,3854,3406,9713,5862,3890,3425,17.3309,-25.5958,8.66387,48.0213
75389,3258,3463,3896,4166,3359,3828,4953,6402,3447,3931,5979,8530,3302,3568,4684,5265,4.33,21.0836,8.70004,48.0207
75390,3925,4200,3968,3545,4427,6504,5196,3872,4589,6849,5345,3921,3914,4380,4220,3688,0.762939,-3.80607,8.8564,48.362
75391,12527,6022,3892,3358,6060,4735,3845,3323,3972,3694,3375,3295,3358,3396,3239,3074,-31.0116,-27.79,8.53572,47.4433
75392,3795,3655,3340,3129,5200,4272,3595,3268,9751,5323,3860,3333,7496,4897,3733,3336,11.2174,-30.5122,8.80392,47.9887
75393,3145,3139,3394,3342,3438,3558,3840,3834,3487,4317,5224,5123,3668,5080,9553,7755,28.6919,12.1103,8.53604,47.9313
75394,3558,3505,3374,3081,4227,4203,3596,3377,7009,6085,4179,3498,7877,6877,4320,3457,16.6912,-17.6413,8.61678,48.1487
75395,11105,6429,3953,3447,6812,5057,3922,3378,4177,3848,3424,3200,3369,3364,3265,3055,-22.31,-23.5718,8.60758,47.87
75396,3116,3263,3543,3724,3242,3642,4291,5046,3517,3894,5565,9174,3360,3915,5214,7750,12.5042,24.3071,8.51206,48.1707
75397,3359,3728,4658,5206,3458,3981,6177,8477,3376,3905,5079,6273,3116,3368,4002,4220,-4.4365,19.6276,8.77602,48.2553
75398,3423,3368,3261,3100,3987,4001,3502,3252,6308,5489,4023,3429,9382,7681,4459,3431,21.5116,-17.6434,8.8064,48.064
75399,3480,3317,3224,3189,4054,3939,3454,3156,6862,4834,3858,3268,12013,5947,3983,3454,23.2795,-31.6158,8.63294,48.0213
75400,4126,3785,3431,3222,6191,4573,3692,3298,9853,5224,3779,3259,6057,4550,3671,3276,6.26069,-28.932,8.53284,47.9913
75401,3596,3502,3357,3167,4345,4459,3712,3337,6733,7038,4194,3747,6619,6642,4335,3513,13.8722,-14.2507,8.95865,48.1973
75402,3550,4502,7459,7431,3554,4197,6434,6232,3316,3725,4233,4214,3259,3328,3443,3405,-17.9983,14.4916,8.54612,48.188
75403,7145,4961,3815,3310,10028,5237,3841,3365,5416,4303,3675,3248,3838,3634,3389,3114,-9.97898,-29.8119,8.96899,48.2127
75404,3355,3297,3302,3320,3490,3746,3750,3546,4093,4744,5173,4308,4496,7829,8888,4995,32.9343,1.72343,8.75451,48.2213
75405,4115,3939,3493,3253,6064,5248,3831,3403,7891,6665,4060,3446,5118,4727,3749,3357,4.83795,-17.6366,8.85485,48.2393
75406,7151,4983,3745,3336,9632,5360,3875,3379,5210,4297,3567,3346,3788,3578,3425,3200,-10.2673,-33.4892,8.60176,47.9147
75407,3259,3568,3920,4128,3362,3975,5299,5401,3474,4239,7100,7038,3391,3869,4985,5231,5.37601,15.4086,8.60572,48.1593
75408,5072,4843,3887,3383,6938,7182,4333,3513,5464,5385,3790,3440,4123,3968,3445,3291,-4.84647,-14.4674,8.63253,48.038
75409,3266,3594,3853,3894,3437,4004,5198,5050,3490,4327,7479,6966,3477,3890,5209,5168,6.87501,13.9036,8.75495,48.2013
75410,3149,3374,3496,3331,3540,3722,3775,3699,3953,4756,5143,4400,4428,7201,8890,5242,26.651,2.73187,8.50924,48.066
75411,4262,4349,3723,3332,6233,6557,4088,3523,6285,6481,4111,3423,4459,4268,3685,3453,-0.163825,-14.0017,8.74553,48.1547
75412,3529,3726,3529,3414,4170,4746,4197,3632,5163,8018,5422,4006,4561,5728,4802,3721,9.30701,-5.87856,8.54708,48.2427
75413,7095,5030,3714,3311,9846,5241,3831,3414,5165,4302,3689,3349,3848,3615,3270,3173,-10.6401,-32.5768,8.78982,47.9287
75414,10309,7823,4391,3518,6021,5210,3970,3458,4032,3830,3389,3260,3361,3405,3106,3107,-24.7391,-18.7553,8.97349,48.1267
75415,3240,3426,4106,4631,3294,3706,5149,7662,3387,3807,5316,8631,3335,3487,4250,5030,1.58763,24.6394,8.76558,48.3047
75416,3158,3197,3491,3397,3322,3547,3819,3711,3494,4183,5229,5422,3591,4765,9222,8260,32.0514,13.2386,8.51825,47.872
75417,3395,3355,3204,3084,4108,3869,3435,3254,6970,4909,3841,3249,11598,6142,3947,3416,22.1733,-26.695,8.74021,47.8507
75418,3180,3255,3494,3577,3343,3595,4224,4730,3396,3885,5344,9191,3306,3823,5363,8453,13.8841,33.9813,8.86576,48.106
75419,5680,5359,3930,3405,7535,6957,4222,3480,5069,4779,3758,3370,3808,3817,3468,3157,-8.95666,-16.261,8.67751,47.8627
75420,3381,3634,3336,3139,3919,4000,3572,3357,5284,6371,4578,3715,6277,8452,5179,3872,19.5493,-9.03792,8.74721,48.044
75421,3367,3984,6159,12576,3183,3884,4810,6075,3321,3390,3738,3913,3168,3176,3313,3374,-27.0195,28.4428,8.75029,47.6207
75422,3095,3254,3508,3386,3253,3609,3964,4193,3396,3966,5308,7012,3558,4070,6712,10097,20.5714,21.2479,8.72988,48.254
75423,4110,4331,3735,3421,5391,6666,4467,3542,5711,6948,4585,3494,4357,4427,3768,3408,0.616022,-11.0731,8.52924,48.2407
75424,6767,4924,3726,3307,9904,5526,3823,3407,5543,4415,3657,3178,3758,3679,3355,3135,-9.16996,-25.6752,8.91755,48.0693
75425,3140,3395,3606,3560,3435,3751,4219,4271,3614,4585,7161,6123,3663,4480,7219,6148,14.7902,12.0346,8.87961,48.2467
75426,10972,5828,3884,3386,7661,4974,3664,3400,4286,3851,3441,3291,3377,3372,3147,3197,-20.019,-28.3442,8.89704,47.8207
75427,3363,3356,3508,3358,3652,4051,4097,3718,4334,6165,6157,4261,4593,6557,6574,4573,16.3272,0.205598,8.66491,48.2113
75428,3356,4080,6030,9568,3398,3886,5340,7920,3301,3528,4073,4338,3104,3340,3496,3537,-17.6801,23.3519,8.5586,48.1967
75429,4402,4856,4029,3439,5570,8074,4876,3739,4722,5900,4307,3579,3992,3882,3665,3299,-4.16552,-9.11964,8.98925,48.2207
75430,3014,3207,3448,3407,3200,3567,4004,4006,3440,3931,5305,6300,3477,4181,7606,10249,22.9336,19.5859,8.73275,48.228
75431,3278,3395,3288,3170,3710,3823,3661,3486,4604,5089,4600,3871,5825,9772,6413,4070,32.0669,-5.65237,8.85708,48.0367
75432,3409,3446,3309,3054,4224,3883,3474,3205,6887,5204,3979,3446,10415,6485,4199,3459,21.3342,-21.7864,8.58093,48.052
75433,3442,3611,3597,3332,3735,4342,4190,3641,4511,6977,6277,4344,4312,6139,5675,4227,12.8855,-1.50739,8.99604,48.2347
75434,5670,4986,3830,3366,8009,6812,4149,3394,5766,4937,3791,3351,4049,3868,3469,3220,-6.48948,-17.8862,8.8255,48.4447
75435,3344,3572,4075,4116,3358,4153,6079,5486,3574,4324,7080,6277,3424,3824,4632,4568,2.88804,13.0361,8.65887,47.924
75436,3262,3352,3294,3000,3987,3785,3399,3310,5943,5098,3929,3435,11213,7553,4265,3508,27.481,-20.1324,8.98228,48.222
75437,5123,4409,3527,3312,8568,5712,3875,3382,7094,5140,3741,3330,4313,4084,3447,3123,-2.75225,-21.8073,8.98392,48.12
75438,3384,3508,3892,3728,3641,4169,5457,4418,4005,5209,7902,5272,3673,4267,5264,4506,6.60322,7.57857,8.51386,48.1967
75439,3523,3345,3214,3098,4258,3742,3418,3142,7234,5157,3948,3271,11365,6011,3973,3366,21.459,-27.0358,8.64602,48.0433
75440,4672,7218,7334,4622,4197,5746,5685,4306,3465,3860,3976,3632,3322,3383,3372,3265,-19.2506,0.194915,8.86844,48.0367
75441,3452,4024,6419,7463,3504,4266,6356,7392,3268,3648,4342,4561,3100,3415,3669,3495,-14.8431,17.3822,8.68596,48.2493
75442,3405,3461,3248,3032,4122,4003,3440,3327,7105,5296,3918,3376,9989,6630,4147,3421,19.8734,-21.871,8.5139,47.9467
75443,3906,5676,9283,6165,3683,4452,5825,4816,3360,3659,3908,3782,3191,3260,3452,3413,-22.991,8.04691,8.71103,47.8873
75444,5965,9176,5929,4115,4825,5917,4722,3750,3781,3942,3701,3399,3267,3371,3266,3186,-22.0421,-7.02094,8.89868,48.208
75445,3455,3533,3228,3177,4768,4096,3555,3368,9460,5283,3804,3425,8374,5247,3924,3317,13.2641,-32.2674,8.95635,48.0093
75446,3492,3827,3651,3494,4020,4983,4723,3781,4519,7316,6512,4269,4191,5073,4666,3889,7.14462,-1.71388,8.70466,48.2707
75447,3393,3436,3314,3121,3905,3827,3490,3311,5550,5157,3906,3401,10103,8244,4275,3398,32.8647,-17.4691,8.94584,47.8873
75448,3039,3257,3520,3497,3306,3659,4050,4256,3533,4213,6447,6462,3511,4474,7367,7627,17.3503,15.2332,8.95857,48.1453
75449,3840,4885,7349,5542,3747,4803,7728,5414,3414,3824,4461,4049,3148,3376,3597,3495,-14.8946,8.89368,8.81017,48.448
75450,3444,3381,3285,3114,3866,4026,3581,3291,5397,6012,4339,3575,6872,9050,5231,3759,22.0773,-10.7727,8.56694,48.1487
75451,3256,3673,4516,5857,3312,3785,5215,9790,3247,3680,4600,6663,3111,3377,3777,4161,-5.30325,29.2653,8.88503,48.0133
75452,3277,3335,3328,3375,3556,3565,3743,3610,3962,4767,5114,4477,4268,6901,9286,5485,33.746,3.70467,8.70569,48.0327
75453,5957,9543,6248,4078,4700,5268,4572,3887,3593,3959,3717,3356,3286,3426,3282,3182,-26.6663,-6.28661,8.65451,48.036
75454,3423,4048,6683,11201,3378,3843,5037,6467,3177,3473,3871,4110,3071,3264,3434,3452,-23.6596,23.1391,8.59351,47.9547
75455,3899,4291,4105,3595,4597,6824,5484,3928,4479,6376,5233,3814,3792,4071,3942,3584,-0.790456,-3.65989,8.7925,48.0093
75456,3171,3262,3370,3375,3246,3391,3744,4024,3363,3733,4700,6297,3431,3966,6080,12554,27.0112,30.8447,8.57374,47.8047
75457,3379,3536,3320,3154,3703,4012,3634,3425,5028,5997,4527,3741,6459,9024,5434,3923,21.4034,-9.5359,8.71729,48.1973
75458,3422,3283,3293,3072,3945,3738,3481,3195,5992,4743,3793,3383,12405,6182,3896,3387,33.0337,-26.5443,8.8143,47.4733
75459,3514,3642,3642,3495,3859,4530,4942,3991,4159,6274,7420,4644,3998,4876,5096,4384,7.98573,2.11721,8.74141,48.3107
75460,4114,3966,3592,3234,5905,5444,3830,3413,7386,6769,4115,3499,5064,4830,3831,3338,4.435,-16.3947,8.72189,48.22
75461,3156,3280,3528,3504,3274,3621,4111,4671,3497,3879,5355,8602,3378,3825,5644,8480,14.6424,24.2711,8.71831,47.87
75462,4151,6601,9391,5820,3831,4595,5179,4589,3509,3680,3775,3569,3227,3266,3383,3270,-28.0083,5.34546,8.58336,47.8907
75463,3924,3712,3395,3231,5409,4704,3599,3300,8576,6315,4023,3398,6159,5006,3857,3366,8.94367,-19.9223,8.53067,47.9827
75464,3482,4131,5234,4764,3605,4632,8039,5995,3597,4123,5468,4784,3297,3592,3933,3860,-6.10535,10.6005,8.72951,48.3573
75465,8557,7676,4391,3486,6268,5809,4027,3426,4190,3930,3597,3291,3455,3483,3289,3100,-19.7067,-16.4916,8.9673,47.9833
75466,3450,3845,5819,11435,3411,3668,5008,7221,3197,3419,3906,4205,3160,3214,3434,3320,-21.2854,31.2876,8.83464,47.808
75467,3203,3306,3339,3203,3646,3852,3750,3475,4528,5461,4978,4070,5106,8600,7241,4504,24.0595,-2.39089,8.52307,48.1747
75468,3168,3383,3416,3489,3235,3476,3924,4213,3343,3819,5066,7426,3426,3894,5863,10621,19.3219,33.9814,8.73487,47.8413
75469,3449,3635,3562,3364,3963,4417,4097,3693,4665,7466,6132,4102,4432,5969,5201,4010,11.4193,-2.90078,8.50126,48.1047
75470,3188,3192,3412,3392,3226,3442,3864,3809,3461,4097,5392,5472,3655,4678,8819,8744,25.4075,14.9497,8.84886,47.8953
75471,3370,3360,3250,3122,3674,3777,3590,3329,4618,5224,4462,3782,6275,10147,6211,3931,30.2751,-7.11,8.91239,48.0813
75472,3315,3278,3328,3166,3678,3880,3720,3399,4570,5111,4476,3858,6046,9895,6332,3981,30.3244,-6.58498,8.61887,48.022
75473,3382,3405,3186,3104,4050,3814,3425,3255,6296,4884,3772,3393,11839,6557,3963,3356,26.3304,-24.5284,8.67546,47.7873
75474,3302,3436,3502,3441,3566,4061,4111,3779,4158,5632,6527,4454,4255,6116,7185,4745,16.4949,2.65983,8.65278,48.18
75475,3961,5461,9709,6832,3656,4370,5397,4991,3371,3593,3889,3837,3143,3314,3376,3373,-26.1322,9.66035,8.54193,48.182
75476,3822,5682,9939,6900,3753,4312,5263,4879,3278,3606,3818,3781,3099,3372,3344,3226,-30.3942,9.71596,8.72728,48.0493
75477,3677,3847,3594,3357,4277,5479,4359,3686,5148,7789,5444,3846,4376,5021,4326,3579,5.97482,-6.36096,8.57177,47.87
75478,3310,3840,5378,6360,3399,4115,6415,8390,3377,3745,4494,5177,3105,3356,3710,3872,-9.55098,19.3447,8.50509,48.0287
75479,6713,4922,3726,3378,9954,5294,3885,3352,5387,4318,3624,3285,3722,3676,3385,3231,-9.769,-33.8294,8.57921,47.9013
75480,3432,3543,3270,3096,4524,4097,3504,3324,8802,5128,3733,3361,9391,5456,3811,3361,15.85,-28.8435,8.96058,47.8887
75481,6128,8884,5608,3932,5049,6214,4517,3761,3839,3896,3748,3470,3467,3381,3299,3136,-20.5084,-8.17185,8.75173,48.2193
75482,5369,4303,3552,3266,9503,5114,3852,3335,6979,4613,3713,3382,4361,4051,3517,3263,-3.78469,-31.3859,8.9393,48.1153
75483,5128,4291,3654,3253,9133,5176,3819,3322,7410,4738,3824,3368,4444,4048,3463,3224,-2.47436,-31.0377,8.84418,48.1967
75484,3212,3709,4374,4891,3357,3934,5637,8481,3336,3778,5226,7151,3299,3572,4149,4422,-2.04631,21.98,8.74678,48.352
75485,3219,3306,3582,3489,3358,3796,4493,4398,3566,4527,7643,6188,3641,4512,6773,5993,13.1889,12.0451,8.98152,48.3227
75486,4663,8146,8248,4703,4218,5034,4870,4201,3619,3780,3696,3512,3337,3439,3417,3315,-33.7513,-0.185722,8.60873,48.132
75487,3289,3256,3281,3176,3861,4016,3657,3387,5024,5647,4521,3597,7358,9362,5268,3721,24.0797,-10.5823,8.73855,48.2807
75488,4383,6844,8925,5337,3945,4749,5559,4531,3580,3703,3904,3646,3168,3315,3308,3387,-22.9886,3.77153,8.6748,48.1893
75489,3120,3218,3440,3336,3268,3641,3940,4173,3428,3965,5271,6512,3416,4066,7200,10242,22.4303,20.3924,8.7247,48.1573
75490,3540,4485,7406,8014,3515,4249,6150,6445,3233,3594,4021,4160,3070,3349,3564,3465,-18.7501,15.8391,8.60058,48.1733
75491,3889,5515,9891,6856,3814,4436,5441,4927,3435,3571,3868,3719,3106,3239,3327,3195,-26.7641,9.59376,8.91097,48.1527
75492,6888,9876,5472,3942,4813,5153,4350,3788,3701,3891,3669,3303,3324,3292,3299,3147,-31.164,-9.62411,8.58275,47.9387
75493,3088,3282,3632,3580,3215,3698,4178,4488,3530,4104,6382,7308,3539,4299,6462,7626,15.2186,17.5878,8.56409,48.274
75494,3342,3873,5307,8626,3318,3782,5399,9422,3211,3496,3989,4834,3183,3239,3464,3488,-13.6638,27.5998,8.96237,47.982
75495,3492,4064,6273,7814,3400,4066,6182,7646,3347,3607,4200,4527,3214,3406,3551,3696,-14.8959,18.8298,8.70157,48.3233
75496,3334,3408,3260,3129,4064,3780,3413,3223,7048,4935,3803,3362,11796,5999,4050,3430,21.8978,-28.5258,8.79923,48.0227
75497,3180,3438,3849,3989,3324,3680,4788,6250,3396,3896,5866,9040,3300,3775,4656,5826,6.2503,22.8394,8.53473,48.1687
75498,3344,3409,3167,3135,3768,3836,3509,3391,5009,5323,4357,3617,7162,9766,5163,3827,32.4482,-10.4917,8.72839,47.8553
75499,4103,3843,3454,3307,5956,4900,3678,3340,8430,6371,3889,3368,5521,4772,3843,3395,5.20876,-19.7771,8.80044,48.1133
75500,3334,3459,3387,3214,4098,4159,3744,3513,5411,7012,4639,3778,6180,8028,5097,3674,17.2763,-9.1576,8.78101,48.4847
75501,3380,3680,4713,5698,3313,3801,5068,9687,3212,3671,4487,6462,3243,3427,3793,3883,-5.7841,33.5226,8.91238,47.6787
75502,3628,3645,3564,3195,4241,4739,3937,3567,5619,8076,4964,3730,5099,6068,4525,3599,10.8568,-8.9578,8.92626,48.1307
75503,3873,5534,9212,6490,3670,4558,6124,5042,3261,3631,3851,4010,3138,3326,3320,3381,-21.7762,9.23612,8.90938,48.2807
75504,3427,4015,6651,11557,3314,3959,5033,6507,3185,3465,3864,4091,3107,3203,3390,3353,-23.9467,23.6546,8.82705,48.0807
75505,3185,3667,4548,5542,3362,3864,5636,9019,3309,3727,4894,6796,3224,3518,3982,4296,-3.77229,23.1967,8.92056,48.3793
75506,3192,3283,3402,3499,3323,3480,3820,3873,3459,3941,5219,5876,3555,4373,7953,10193,26.4039,18.2996,8.67228,48.294
75507,3580,4091,4237,3848,3888,5508,6723,4549,3861,5514,6474,4372,3613,4008,4202,3917,-0.23099,3.29175,8.86312,48.2567
75508,3436,3319,3217,3100,4003,3838,3481,3240,6884,4824,3732,3313,11964,5773,3866,3351,22.6406,-30.8487,8.91121,47.5607
75509,3377,4265,8174,9767,3426,4103,5135,5647,3281,3592,3949,3966,3084,3373,3390,3345,-33.7477,17.7061,8.57072,47.916
75510,3160,3691,4284,5184,3271,3757,5099,9004,3376,3710,4833,7451,3102,3536,3938,4548,-2.47281,26.5661,8.91051,47.9627
75511,12559,6270,3911,3475,6059,4810,3857,3406,4052,3846,3419,3246,3451,3335,3225,3083,-28.9176,-27.0921,8.55294,48.0027
75512,3655,3654,3346,3117,4899,4128,3468,3183,9234,5355,3822,3371,8375,5290,3885,3396,13.709,-25.8286,8.87338,48.1187
75513,3189,3328,3472,3389,3460,3634,4112,4155,3609,4123,6139,6001,3593,4518,7850,7702,19.2761,14.4398,8.56695,48.1827
75514,3658,4252,4973,4323,3803,5257,7915,5180,3593,4440,5634,4652,3335,3569,3996,3789,-5.35188,6.95294,8.62367,48.246
75515,3431,3500,3698,3618,3552,4232,4850,4014,3952,5740,8023,4932,3814,4647,5834,4542,9.78419,5.31868,8.81515,48.2527
75516,3214,3350,3297,3257,3716,3742,3818,3465,4354,4921,4869,3987,5222,9115,7201,4330,32.3724,-2.82173,8.62244,47.9053
75517,3257,3451,3516,3458,3487,3826,4236,4019,3720,4708,7036,5401,3808,5061,7679,5767,16.3237,8.96497,8.55892,48.2867
75518,3410,3710,3769,3569,3776,4722,5160,4108,4097,6260,7424,4677,3889,4551,5040,4071,6.32501,2.69219,8.58882,48.1553
75519,3234,3666,4545,5639,3360,3878,5710,9091,3288,3641,4762,6304,3245,3435,3946,4228,-5.30506,22.6571,8.96076,47.9813
75520,3127,3350,3569,3585,3253,3664,4270,4439,3449,4156,6543,7406,3519,4135,6387,7279,14.4058,17.104,8.70453,48.0873
75521,3530,3598,3289,3186,4583,4188,3639,3340,8379,5873,3944,3501,8163,5660,3955,3397,14.6028,-21.1851,8.90292,48.15
75522,7234,5023,3737,3321,10036,5271,3836,3324,5470,4308,3523,3218,3789,3651,3323,3145,-10.3797,-29.4778,8.93617,48.1393
75523,3342,3750,4922,6771,3381,3840,5411,9936,3335,3518,4294,5619,3152,3303,3666,3869,-9.00248,26.8103,8.80525,48.0727
75524,4486,5156,4172,3612,5445,8154,5076,3788,4556,5542,4205,3551,3663,3922,3724,3321,-5.85991,-8.23578,8.9846,48.2487
75525,3063,3174,3471,3659,3175,3352,4062,4508,3310,3850,5262,8548,3435,3819,5644,9758,16.843,27.3374,8.66404,48.06
75526,3359,3677,4100,4118,3555,4294,6197,5351,3581,4493,7408,5991,3462,3917,4665,4474,2.95717,11.5825,8.75789,48.428
75527,3270,3472,3964,4164,3287,3738,5184,6161,3543,4067,6472,7969,3374,3729,4674,5208,4.26133,18.6069,8.63337,48.184
75528,3285,3418,3330,3246,3712,4014,3986,3670,4101,5581,5666,4178,4690,7380,7239,4737,19.8933,0.286637,8.78096,48.1553
75529,3511,4477,7147,7314,3460,4222,6545,6609,3382,3665,4190,4150,3232,3316,3499,3399,-16.3718,14.7038,8.65811,48.0787
75530,3349,3369,3193,3181,3935,3792,3466,3229,6019,4686,3718,3359,12844,6154,3857,3357,28.603,-29.1648,8.99517,47.672
75531,7198,9399,5142,3754,5191,5747,4256,3643,3789,3995,3724,3333,3311,3385,3242,3152,-24.0897,-10.6562,8.71972,48.174
75532,3469,3389,3215,3042,3990,3755,3505,3189,6404,5178,4036,3431,10461,7327,4200,3517,23.8179,-19.8895,8.928,48.072
75533,3983,3836,3411,3199,6174,4559,3616,3304,9667,5343,3789,3362,5920,4652,3674,3324,6.39912,-26.2381,8.77828,47.8753
75534,3372,3498,3290,3158,3928,3781,3436,3159,6075,4888,3674,3364,12396,6372,3793,3351,33.9219,-26.2824,8.97983,47.69
75535,3539,3746,3792,3657,3818,4826,5312,4070,4070,6425,7025,4511,3839,4587,4826,4130,5.36022,1.56497,8.72817,48.1153
75536,4102,5973,8348,5409,3978,4921,6470,4804,3471,3871,3988,3749,3262,3349,3402,3460,-18.9926,5.39499,8.78276,48.3713
75537,11286,6459,3960,3286,6774,4981,3834,3289,4124,3879,3473,3208,3515,3339,3197,3091,-22.8758,-23.7606,8.91467,47.7967
75538,3361,3382,3297,3142,3892,3756,3473,3386,5963,4657,3836,3378,12585,5956,3845,3419,32.2785,-30.2779,8.7359,47.552
75539,4400,6259,7446,4974,4057,5703,6588,4530,3490,3787,4158,3652,3257,3300,3548,3346,-17.112,2.76657,8.81269,48.33
75540,3489,3772,3671,3386,4025,4932,4662,3936,4413,7160,6689,4246,4171,4952,4914,4056,7.23519,-0.912177,8.68189,48.316
75541,12326,5981,3901,3389,5958,4718,3737,3404,3888,3723,3516,3322,3298,3338,3269,3160,-33.15,-29.4286,8.52202,47.2853
75542,9313,8605,4593,3553,5386,5108,4005,3481,3850,3799,3523,3316,3308,3310,3322,3074,-28.4696,-16.0732,8.75562,47.6973
75543,3422,3363,3160,3098,3922,3862,3497,3179,5995,4860,3718,3495,11733,6914,4056,3496,27.3109,-22.6509,8.5351,47.8467
75544,3119,3174,3422,3382,3215,3506,3924,4216,3382,3699,4952,6992,3248,3840,5894,11688,22.3525,28.7617,8.60846,47.7687
75545,4722,5804,4773,3834,4992,7865,5603,3884,4230,4849,4172,3527,3581,3693,3604,3332,-9.41061,-5.60485,8.59011,48.31
75546,3151,3251,3435,3458,3218,3357,3853,4020,3305,3760,4727,6021,3348,3812,5792,12664,33.5723,30.4065,8.82998,47.448
75547,3348,3942,5978,12657,3354,3785,4779,6139,3249,3432,3783,3852,3227,3199,3339,3448,-27.3474,32.5392,8.97802,47.674
75548,4259,5108,4572,3967,4740,7634,6160,4030,4124,5032,4577,3749,3442,3797,3706,3465,-7.31927,-3.40297,8.99611,48.2413
75549,3235,3366,3560,3294,3540,3847,4124,3859,3906,5636,7117,4882,3979,5593,7348,4997,15.8109,4.7783,8.79035,48.1887
75550,4879,4338,3466,3192,8116,5361,3855,3320,7611,5202,3668,3437,4753,4052,3508,3261,-0.766444,-22.7889,8.92455,48.0127
75551,3274,3654,4586,5938,3317,3754,5472,9716,3342,3734,4462,6289,3128,3385,3815,4143,-6.02485,25.7758,8.85504,48.006
75552,12379,6604,4025,3427,5892,4854,3752,3384,3957,3795,3345,3270,3406,3392,3192,3100,-31.6811,-24.0222,8.83555,47.8493
75553,3343,3612,3760,3819,3478,4116,5460,4635,3729,4906,8222,5768,3569,4088,5213,4653,6.38917,9.43764,8.92712,48.2473
75554,3353,3732,4067,4017,3565,4117,5820,5284,3466,4446,7629,6042,3471,3952,4646,4672,3.87578,12.1068,8.52914,48.186
75555,12387,6277,3784,3370,6217,4830,3764,3408,3811,3721,3430,3269,3423,3376,3239,3093,-33.3889,-25.9276,8.78308,47.5993
75556,3490,3477,3260,3071,4238,3898,3578,3262,7309,4982,3855,3369,11177,5738,3884,3417,20.8896,-28.0748,8.6661,48.0033
75557,5254,8425,6211,4146,4683,6214,5101,4051,3716,3972,3808,3465,3331,3414,3376,3229,-19.7544,-4.25517,8.94934,48.264
75558,3157,3294,3378,3381,3277,3535,3870,3909,3597,4224,5608,5377,3676,4877,8959,7789,23.3976,12.7483,8.66506,47.9387
75559,3418,3445,3188,3120,3989,3769,3425,3123,6160,4784,3893,3322,12335,6306,4055,3324,27.2492,-25.9169,8.50677,47.7707
75560,3733,4100,4488,3988,3833,5267,7194,4746,3750,4926,6448,4504,3555,3974,4113,3844,-1.61432,5.10812,8.8557,48.3087
75561,9592,6922,4205,3610,6747,5565,3878,3483,4091,4004,3524,3233,3480,3344,3317,3116,-19.9522,-19.4705,8.54358,48.074
75562,3322,3391,3201,3030,4046,3805,3438,3234,6623,4941,3940,3425,11973,5985,3976,3447,24.3456,-28.1685,8.66673,47.8513
75563,3200,3375,3262,3260,3375,3640,3886,3757,3801,4565,5354,4630,4122,6226,9708,5796,33.7692,5.87692,8.62135,47.9713
75564,3977,4708,4339,3734,4533,7262,5854,4023,4255,5876,4843,3792,3722,3917,3831,3615,-3.64076,-3.19048,8.88926,48.1873
75565,3720,4703,6817,5719,3659,4753,7590,5705,3318,3851,4429,4233,3289,3418,3613,3577,-13.4337,10.3299,8.63794,48.2627
75566,3654,4169,4740,4229,3942,5268,7652,5035,3695,4679,5835,4534,3351,3698,4002,3849,-3.77025,6.66598,8.54416,48.2213
75567,11778,6414,3965,3378,6446,4878,3783,3503,4068,3877,3569,3178,3378,3370,3313,3128,-24.9291,-25.3874,8.57094,48.0173
75568,6391,5298,3955,3420,8441,6533,4028,3520,5060,4508,3649,3283,3727,3689,3356,3166,-9.93862,-19.1094,8.53518,48.016
75569,3703,4594,5946,4763,3852,5458,8102,5269,3507,4041,4734,4192,3312,3490,3718,3477,-10.1451,6.76386,8.82848,48.1053
75570,3436,3811,5100,7906,3429,3870,5134,9662,3261,3574,4129,4912,3120,3266,3475,3670,-12.4898,31.4642,8.91113,47.8367
75571,3448,3554,3534,3490,3670,4256,4544,4018,4165,6277,7473,4581,3998,5106,5766,4456,10.7287,2.58467,8.86031,48.224
75572,3957,4049,3655,3368,4856,5929,4099,3465,5648,7658,4776,3817,4526,4942,3998,3578,4.45794,-9.79188,8.54802,48.214
75573,3393,3906,5077,7387,3459,3863,5546,9370,3254,3619,4242,5200,3142,3465,3667,3795,-11.157,23.9508,8.67428,48.2567
75574,3385,3350,3250,3176,4034,4224,3655,3426,5459,6955,4572,3733,6360,8156,4990,3684,17.5239,-10.2333,8.97952,48.2727
75575,3585,4212,5671,5319,3627,4576,7875,6578,3441,3890,4855,4522,3261,3446,3646,3650,-9.53217,12.2736,8.73878,48.1027
75576,6098,5924,4120,3459,7296,7286,4277,3464,4649,4645,3817,3335,3783,3628,3433,3165,-11.0245,-15.1163,8.74477,48.2527
75577,3436,3531,3190,3144,3745,4042,3502,3255,5453,5220,4041,3520,9558,8423,4575,3490,30.6139,-16.3676,8.62915,48.0833
75578,3535,3953,4548,4319,3557,4550,7356,5718,3587,4299,6284,5155,3452,3600,4211,4064,-2.09325,10.4786,8.92392,48.1253
75579,3370,3404,3258,3106,4000,3793,3400,3223,6034,4706,3672,3421,12531,6202,3896,3319,32.5496,-27.0207,8.85355,47.5567
75580,3889,3783,3381,3104,5537,4628,3725,3293,8595,6205,4008,3457,6048,5178,3889,3348,8.23445,-20.0004,8.73127,48.0453
75581,3038,3216,3589,3669,3336,3558,4274,4996,3407,3850,5356,9525,3336,3791,5374,8145,13.1657,25.9506,8.66892,48.3067
75582,4872,4255,3544,3266,8528,5052,3699,3374,8173,4985,3626,3360,4669,4086,3604,3143,-0.857826,-26.3715,8.79166,48.1573
75583,4103,3803,3611,3226,6308,4642,3623,3311,9615,5149,3802,3364,5860,4590,3670,3354,5.85884,-32.7614,8.52451,48.0207
75584,3170,3488,3989,4352,3270,3641,4669,6873,3421,3770,5494,9063,3338,3654,4465,5495,4.2934,25.0283,8.52789,48.1013
75585,3170,3206,3376,3299,3326,3548,3895,3886,3653,4315,5452,4956,3736,5292,9799,7042,33.9122,10.2581,8.5388,47.9673
75586,3465,4008,5997,7125,3428,4140,6421,8150,3342,3528,4236,4759,3105,3410,3677,3669,-12.6681,18.7672,8.7825,48.3067
75587,5860,4594,3747,3262,9731,5221,3934,3403,6541,4598,3670,3246,4115,3852,3408,3115,-5.76136,-28.0617,8.91009,48.198
75588,3317,3778,4686,5580,3390,3994,6095,8648,3402,3697,4921,6015,3087,3414,3912,4240,-5.42964,20.1073,8.66081,48.1173
75589,3419,3341,3311,3178,3868,3861,3489,3266,5355,5237,4088,3510,8747,9023,4636,3577,33.8652,-14.8813,8.73387,47.9373
75590,3167,3112,3370,3344,3205,3589,3887,3982,3460,3785,4878,6173,3425,3924,5937,12282,25.303,33.2474,8.84017,47.68
75591,3134,3241,3424,3394,3349,3547,3823,3732,3640,4408,5255,4761,4040,5843,9784,6391,30.3223,7.98933,8.59544,47.844
75592,3433,3354,3270,3127,3882,3842,3528,3267,5288,5317,4223,3580,8315,9165,4730,3711,32.0305,-13.5689,8.54086,48.0213
75593,4790,4659,3667,3403,6835,6919,4168,3510,5849,5538,4018,3473,4195,4091,3619,3348,-3.12533,-14.9862,8.54956,48.0547
75594,12241,6037,3915,3328,6494,4869,3781,3345,3970,3876,3547,3159,3384,3360,3149,3148,-24.9564,-31.6803,8.84188,47.7353
75595,3205,3132,3281,3421,3178,3542,3923,3890,3443,3978,5207,5893,3511,4239,8128,9976,25.3966,17.8173,8.85151,47.9647
75596,3213,3449,4038,4345,3367,3673,4903,6601,3303,3903,5611,9087,3265,3663,4472,5620,4.37777,23.3448,8.91629,48.342
75597,3176,3314,3308,3366,3384,3492,3873,3856,3680,3963,5222,5431,3578,4630,8887,8956,29.2165,15.0002,8.57805,48.0773
75598,3169,3285,3388,3375,3332,3576,3924,4300,3528,3745,5116,8084,3492,3850,5531,10055,17.7581,31.9064,8.8108,47.8333
75599,5461,5601,4139,3487,6783,8058,4604,3668,4705,4843,3847,3459,3738,3749,3401,3245,-9.42413,-12.9534,8.92681,48.5253
75600,3277,3296,3294,3321,3457,3775,3658,3630,4066,4815,4966,4294,4407,7362,8955,5270,30.2328,2.78165,8.6127,47.8953
75601,3694,5230,9554,7980,3540,4172,5270,5102,3266,3603,3803,3833,3129,3130,3411,3339,-29.0884,12.2931,8.97368,48.0373
75602,6208,9503,5876,3959,4782,5716,4606,3840,3692,3798,3734,3370,3311,3438,3290,3073,-23.5783,-7.30194,8.61422,48.1307
75603,3112,3321,3417,3490,3306,3657,4122,4379,3406,4097,6173,7211,3474,4134,6731,8067,16.5349,17.6893,8.89059,48.0647
75604,3208,3262,3452,3311,3343,3461,3792,3990,3470,3814,4822,6238,3418,3910,5950,12532,26.7284,32.5761,8.56827,47.982
75605,3889,3864,3491,3229,5127,5274,3932,3435,6920,7630,4372,3450,5158,5253,3975,3474,6.50929,-13.7845,8.95939,48.3153
75606,3379,3633,3312,3344,3889,4372,3987,3687,4657,6824,5906,3968,4633,6559,5794,4120,14.3345,-2.5671,8.56454,48.0427
75607,3289,3866,5245,7748,3457,3840,5576,8794,3253,3630,4203,5029,3172,3256,3563,3808,-12.6402,23.6243,8.68832,47.8193
75608,3377,3719,5295,8345,3284,3767,5275,9600,3277,3461,4115,4960,3058,3327,3611,3571,-13.2794,28.6008,8.98972,48.028
75609,3326,3301,3239,3048,3616,3704,3617,3390,4621,5387,4513,3825,6220,9929,6165,4078,26.5631,-6.79455,8.63717,47.986
75610,3197,3610,3887,3754,3539,4208,5725,4774,3640,4814,7977,5885,3510,4055,5041,4666,5.39167,9.99908,8.91528,48.188
75611,4684,4081,3408,3212,7618,5137,3758,3318,8376,5351,3845,3372,4902,4288,3598,3156,1.31052,-23.2898,8.76012,48.0693
75612,3408,3970,5896,11848,3199,3731,4823,6946,3280,3490,3853,4124,3183,3165,3386,3442,-22.5506,28.7816,8.90026,47.8293
75613,3624,4620,8767,9279,3428,3973,5124,5294,3306,3580,3877,3837,3108,3253,3416,3360,-28.9691,15.677,8.65747,47.8973
75614,5661,8139,5533,4119,4992,6685,5015,3884,3745,4025,3855,3559,3291,3363,3428,3091,-18.2121,-6.40258,8.77595,48.2567
75615,3100,3415,3577,3800,3312,3581,4163,5207,3332,3791,5211,9558,3333,3829,4960,7498,11.3012,31.2887,8.72227,47.778
75616,4252,6488,9603,5607,3874,4677,5552,4599,3489,3700,3752,3787,3077,3212,3342,3303,-24.9112,5.51329,8.97742,48.2093
75617,3273,3731,4289,4420,3507,4076,6423,6229,3464,4053,6619,6153,3250,3743,4352,4517,-0.0813672,14.0698,8.56606,48.066
75618,7745,7396,4501,3499,6493,6398,4240,3499,4133,4157,3543,3306,3314,3438,3281,3086,-17.7384,-15.3523,8.72697,48.0193
75619,6431,9758,5884,4065,4695,5231,4531,3777,3796,3787,3683,3383,3299,3317,3313,3154,-27.8072,-7.49332,8.69952,48.0693
75620,3289,3320,3274,3228,3659,3827,3650,3489,4301,5107,4723,4036,5026,9189,7563,4463,32.1787,-2.24729,8.94746,48.096
75621,3616,4314,5892,5047,3704,4843,8192,5780,3509,3991,4971,4421,3234,3517,3715,3536,-9.50473,9.43072,8.74221,48.188
75622,3125,3411,3857,4057,3240,3671,4478,6174,3336,3874,5405,9870,3298,3680,4617,6229,6.78855,25.8643,8.76266,48.2147
75623,3534,3464,3341,3174,4068,4215,3654,3357,5982,7047,4593,3678,6347,7498,4712,3641,16.2494,-11.7386,8.94432,48.2033
75624,10762,7767,4348,3446,5767,4932,3821,3439,3943,3854,3450,3228,3331,3480,3233,3144,-30.7879,-18.7828,8.96685,47.9633
75625,3219,3345,3571,3665,3320,3685,4291,4428,3425,4145,6600,7222,3521,4159,6387,7285,14.6879,16.8394,8.76785,48.1787
75626,4087,5943,8250,5573,3961,5037,6531,4808,3457,3751,3963,3698,3240,3440,3394,3403,-19.1385,5.53962,8.88675,48.3573
75627,3487,4246,5841,5215,3733,4766,8174,6020,3447,3905,4890,4479,3278,3422,3593,3698,-9.63698,10.5523,8.9077,48.1293
75628,4038,4661,4527,3984,4401,6984,6581,4065,3973,5097,5182,3816,3599,3802,3773,3559,-5.02108,-0.62239,8.87081,48.028
75629,3491,3975,7133,11335,3339,3934,4971,6078,3263,3442,3796,3877,3189,3150,3317,3359,-26.9887,21.5452,8.84363,47.766
75630,3427,4081,6445,10129,3426,3946,5339,7423,3159,3435,3961,4333,3069,3376,3525,3433,-19.2476,22.4709,8.72019,48.338
75631,3118,3243,3415,3325,3425,3695,3927,3840,3750,4384,6030,5074,3937,5569,9329,6502,22.1205,9.38295,8.7741,48.3753
75632,12099,6044,3889,3530,6590,4839,3756,3335,3759,3783,3425,3281,3362,3355,3194,3070,-23.8332,-33.0424,8.9523,47.5407
75633,3075,3348,3508,3498,3329,3811,4381,4284,3586,4317,7098,6253,3575,4426,7087,6777,15.6177,13.4905,8.97454,48.2353
75634,4245,3787,3413,3061,6449,4874,3640,3335,9296,5665,3774,3432,5586,4486,3797,3414,5.09162,-23.3509,8.8754,48.1693
75635,3597,3746,3674,3411,3963,4671,4679,3923,4362,6889,6869,4209,4073,5061,5093,4109,8.18325,0.251031,8.56932,48.2193
75636,5395,9575,6915,4291,4446,5314,4641,3850,3635,3800,3615,3432,3349,3298,3331,3158,-26.1905,-4.11159,8.77461,48.03
75637,3694,3666,3537,3206,4453,4920,3805,3408,6335,8112,4652,3586,5227,5685,4357,3755,10.1281,-11.1794,8.71099,48.2653
75638,3993,6204,9838,5981,3790,4558,5262,4494,3418,3705,3831,3672,3130,3388,3325,3303,-32.5981,6.23254,8.89305,47.928
75639,5530,4956,3865,3321,7962,6667,3972,3464,5443,4846,3793,3300,4093,3956,3482,3172,-6.90948,-18.252,8.67239,47.8813
75640,4245,4494,3979,3493,5212,7199,4762,3713,4842,6378,4608,3651,3947,4304,3826,3500,-1.44934,-8.21174,8.56897,48.102
75641,6427,4827,3845,3330,9753,5305,3923,3281,5621,4431,3523,3277,4014,3779,3419,3183,-8.65538,-33.8247,8.69585,47.9587
75642,3430,3850,5630,11048,3392,3700,4931,7770,3247,3396,3929,4191,3261,3170,3385,3407,-19.8148,31.3788,8.85514,47.8247
75643,7282,9807,5395,3773,4957,5345,4323,3547,3798,3855,3607,3366,3348,3369,3287,3086,-27.7239,-10.6336,8.94153,48.0967
75644,12457,5975,3824,3385,5830,4704,3850,3421,3889,3672,3376,3312,3339,3433,3307,3272,-31.9534,-33.9374,8.73707,47.364
75645,11246,5798,3900,3418,7439,5140,3720,3408,4153,3933,3479,3208,3501,3423,3124,3103,-20.3911,-30.3911,8.83079,47.9953
75646,3467,3885,5347,7783,3340,3776,5620,9201,3255,3633,4294,4942,3138,3241,3578,3630,-12.6826,23.8468,8.89816,48.0867
75647,4467,4600,4046,3510,5681,7662,4670,3750,4953,6240,4364,3467,3951,4139,3599,3389,-3.03687,-9.7524,8.89575,48.3253
75648,6301,10094,5847,3962,4817,5115,4358,3749,3641,3809,3675,3420,3285,3420,3328,3243,-32.0828,-7.89598,8.88373,48.0427
75649,3173,3408,3904,4153,3224,3659,4775,6588,3388,3919,5588,9274,3270,3650,4603,5533,5.11544,23.2511,8.81698,48.0727
75650,3334,3409,3521,3366,3519,3934,4165,3811,4063,5778,6904,4598,4249,5947,6919,4698,15.533,2.87921,8.85369,48.1433
75651,3040,3253,3426,3371,3270,3477,3794,3902,3490,3981,4978,5616,3478,4462,8202,9961,33.0333,17.3956,8.81394,47.8007
75652,3143,3275,3350,3278,3226,3565,3846,3829,3607,4189,5297,5204,3582,4825,9256,8185,33.478,12.8679,8.75181,47.7713
75653,11781,6829,4141,3436,5957,4915,3870,3370,3856,3810,3445,3138,3414,3366,3267,3119,-31.4262,-22.2677,8.79248,47.8093
75654,3277,3618,4250,4737,3309,3775,5434,7661,3295,3842,5396,7833,3233,3617,4202,4743,0.138888,22.0667,8.67369,48.148
75655,4063,5825,8799,5706,3823,4806,6266,4885,3451,3775,4026,3673,3157,3348,3347,3376,-20.2341,6.98792,8.89099,48.2173
75656,3339,3843,5002,6963,3384,3787,5457,9637,3320,3636,4298,5438,3145,3356,3765,3871,-9.97594,25.3061,8.5077,48.1607
75657,4061,5475,7261,5098,3955,5395,7015,4747,3521,4027,4224,3772,3234,3374,3574,3457,-15.5938,5.35296,8.62708,48.1267
75658,3263,3434,3848,3977,3440,3776,5009,5518,3479,4101,6707,7879,3420,3856,5060,5503,6.23121,17.4267,8.50316,48.18
75659,3160,3427,3733,3872,3233,3685,4428,5634,3439,3962,5794,9392,3367,3737,4905,6508,8.9207,23.7235,8.63904,48.184
75660,3537,3832,4093,3874,3689,4797,5953,4454,3837,5398,7508,4764,3722,4231,4612,4135,3.14342,5.3177,8.51234,48.2907
75661,3429,3524,3442,3157,3818,4421,4111,3504,4913,7272,5705,4027,4847,6767,5457,4136,14.0368,-4.15144,8.55894,48.3533
75662,3375,3870,6123,12670,3387,3654,4708,6091,3191,3418,3684,3876,3146,3102,3351,3404,-31.114,27.6112,8.8208,47.3667
75663,11070,5852,3995,3479,7341,5009,3856,3498,4089,3786,3454,3273,3560,3312,3272,3168,-20.8615,-32.8101,8.60733,48.0093
75664,3136,3324,3351,3260,3177,3432,3831,3797,3354,3820,4850,6205,3485,3865,5893,12562,27.2225,30.4213,8.64905,47.5613
75665,3354,3873,5398,8640,3309,3860,5231,9239,3260,3470,4047,4878,3152,3302,3464,3615,-14.2183,28.2641,8.79837,48.0613
75666,6510,9961,5743,3860,4668,5192,4475,3811,3676,3819,3561,3310,3352,3372,3236,3104,-29.349,-7.84231,8.99273,47.7667
75667,3105,3321,3395,3341,3368,3667,3774,3774,3684,4436,5637,4951,3885,5438,9656,6796,24.1174,9.41302,8.75751,48.152
75668,4406,7120,8973,5315,3889,4805,5276,4477,3470,3698,3823,3736,3284,3401,3422,3284,-25.4188,3.06408,8.89771,48.2527
75669,3225,3440,3714,3944,3396,3841,4988,5155,3421,4204,7136,7674,3464,3953,5220,5613,7.55206,16.0001,8.82577,48.2587
75670,5383,4916,3994,3339,7743,6890,4212,3340,5490,5011,3912,3342,3998,3963,3508,3247,-5.95607,-17.0226,8.92904,48.192
75671,9628,5401,3837,3393,8347,5085,3805,3359,4495,4007,3576,3268,3488,3539,3289,3157,-16.4499,-30.228,8.6538,47.7827
75672,4343,7204,9351,5299,3970,4700,5113,4393,3484,3640,3720,3553,3245,3360,3426,3288,-28.9485,3.62275,8.70078,48.0593
75673,3403,3444,3228,3217,3905,4135,3662,3359,5803,6890,4483,3713,6514,7989,4883,3732,17.2064,-11.2213,8.91274,48.24
75674,3219,3266,3267,3277,3394,3687,3882,3783,3799,4506,5302,4593,3851,5989,10085,6249,28.1803,7.58481,8.82786,48.0993
75675,4106,6009,8996,5686,3873,4834,6027,4686,3459,3691,3881,3764,3231,3379,3278,3228,-21.093,5.93102,8.89042,48.0853
75676,11095,6729,4156,3335,6519,5022,3738,3388,4132,3872,3504,3263,3396,3501,3218,3001,-23.6497,-22.3356,8.58176,47.9127
75677,3598,3511,3282,3082,4481,4142,3582,3244,7956,5409,3971,3373,9099,5966,4011,3455,16.6598,-22.522,8.52097,48.108
75678,3351,3788,5038,7194,3396,3798,5360,9825,3253,3649,4339,5553,3140,3290,3686,3800,-10.1291,27.0605,8.79647,48.3067
75679,4154,6245,8921,5626,3951,4896,5983,4777,3491,3762,3912,3645,3121,3303,3418,3444,-21.4991,5.55068,8.7353,48.4327
75680,3151,3246,3416,3420,3337,3557,3770,3874,3547,4075,5274,5131,3693,5140,9421,7552,27.6928,11.5075,8.55274,47.736
75681,3135,3253,3603,3562,3287,3709,4354,4590,3278,4192,6509,7703,3472,4127,6192,7363,13.4949,18.08,8.90046,48.2193
75682,3493,3387,3232,3207,4032,3748,3451,3169,5849,4808,3835,3302,12448,6136,3920,3455,33.1814,-26.3691,8.64059,47.648
75683,3331,3404,3449,3400,3477,3838,3964,3859,3901,4957,6887,4795,3987,5666,7916,5371,17.8611,5.81476,8.73884,48.1347
75684,12318,6430,3991,3357,5864,4794,3940,3363,4018,3856,3499,3126,3505,3461,3250,3096,-33.6296,-24.9384,8.63755,47.912
75685,3504,3347,3219,3128,4216,3918,3530,3216,7817,5153,3845,3509,10249,5641,3939,3380,18.7595,-31.0378,8.51601,47.7407
75686,11638,7136,4205,3518,6051,4880,3912,3350,3920,3818,3578,3191,3284,3321,3119,3012,-27.3518,-21.7917,8.89148,47.9553
75687,3280,3556,4287,5178,3251,3804,5138,8749,3372,3822,4826,7749,3210,3574,4120,4474,-1.59384,26.6061,8.77939,48.26
75688,5748,7132,4726,3801,5909,7596,4619,3681,4169,4385,3724,3385,3508,3471,3387,3181,-14.17,-10.7953,8.81387,48.2813
75689,8194,5947,3994,3463,8341,5732,3922,3468,4599,4229,3545,3238,3564,3613,3306,3057,-14.6481,-21.3014,8.87318,48.1413
75690,3419,3532,3650,3466,3850,4649,4356,3700,4599,7152,6628,4275,4253,5603,5298,4115,10.5675,-1.61587,8.76829,48.3633
75691,3158,3191,3412,3332,3326,3543,3864,4083,3388,4011,5236,6500,3575,4084,7088,10618,22.4797,20.5178,8.719,48.2727
75692,5643,5869,4074,3457,6968,7652,4563,3566,4628,4607,3729,3486,3738,3622,3407,3075,-10.3495,-13.6378,8.71801,48.056
75693,10574,7800,4252,3468,6081,5218,3933,3428,3907,3842,3514,3213,3443,3353,3211,3042,-25.5634,-19.2363,8.81813,48.186
75694,3415,3332,3343,3101,3905,3824,3662,3306,4910,5481,4430,3797,6786,9792,5778,3859,25.8014,-9.06439,8.60892,48.4807
75695,3219,3253,3360,3408,3197,3517,3745,3899,3388,3705,4767,6241,3472,4095,6571,12133,26.9003,24.4897,8.70209,47.98
75696,3208,3279,3744,3812,3278,3637,4265,5095,3405,3852,5551,9466,3300,3825,5072,7410,11.1671,25.3519,8.51033,48.1327
75697,3620,4887,9084,8534,3566,4155,5111,5254,3233,3558,3860,3880,3137,3224,3330,3501,-31.1284,13.9006,8.74711,47.956
75698,3608,3535,3411,3189,4695,4134,3601,3228,7937,6032,4017,3548,7827,5989,4123,3479,14.3332,-19.9778,8.61769,48.2353
75699,8921,5535,3873,3462,8800,5211,3911,3339,4571,4054,3470,3254,3570,3519,3207,3055,-15.5659,-32.593,8.55755,47.8347
75700,3605,3657,3285,3113,4605,4452,3733,3338,7126,6951,4105,3439,6745,6245,4195,3508,13.0786,-15.8541,8.99405,48.068
75701,3025,3260,3482,3672,3214,3584,4119,4632,3376,3834,5252,8692,3329,3809,5471,9162,15.6147,25.5517,8.83113,47.942
75702,3364,3922,5889,12661,3425,3587,4777,5912,3247,3377,3761,3859,3263,3323,3428,3392,-33.4662,31.2972,8.87726,47.458
75703,3073,3422,3759,3999,3305,3733,4544,6112,3318,3827,5391,9909,3290,3770,4726,6294,7.43002,25.7395,8.94002,48.3147
75704,3238,3117,3331,3489,3292,3412,3810,3749,3342,3662,4737,6072,3488,3925,6153,12697,28.3085,33.017,8.75159,47.676
75705,3445,4281,7993,9861,3474,3980,5223,6078,3236,3580,3961,3918,3111,3215,3335,3423,-24.2667,18.2829,8.52576,48.076
75706,3088,3277,3406,3409,3200,3502,3834,4170,3385,3745,5072,7519,3369,3898,5830,11274,20.456,30.4445,8.97884,47.9853
75707,10702,5774,3881,3412,7456,4930,3728,3305,4277,3940,3566,3141,3437,3568,3246,3105,-19.5069,-32.358,8.60759,47.6453
75708,4726,7146,5938,4152,4473,6753,5732,4189,3692,4068,3997,3593,3297,3450,3422,3268,-15.9714,-2.46237,8.79528,47.9307
75709,3164,3406,3607,3792,3191,3583,4203,4970,3374,3897,5138,9529,3224,3821,5127,8030,12.615,27.2927,8.76152,48.0373
75710,3892,5353,9632,7014,3675,4435,5376,4894,3379,3558,3905,3811,3214,3216,3328,3227,-28.3815,10.0072,8.60644,47.9393
75711,3364,3350,3198,3138,3986,3803,3432,3190,6011,4906,3881,3404,11895,6803,3925,3317,30.2441,-23.4382,8.82981,47.7353
75712,3425,4302,8279,9955,3472,4019,5168,5694,3224,3372,3888,3876,3125,3256,3437,3438,-32.8925,17.0831,8.92039,47.9533
75713,3941,3888,3519,3151,5181,5065,3918,3419,7257,7317,4287,3451,5303,5123,3864,3479,7.00604,-15.0295,8.65581,48.1087
75714,12796,6060,3888,3357,6074,4740,3713,3376,3895,3715,3434,3204,3491,3347,3242,3089,-33.1293,-27.9443,8.92692,47.614
75715,3518,3416,3163,3110,4442,3979,3525,3210,8103,5180,3795,3298,10131,5794,3974,3429,17.7275,-26.3064,8.71604,48.0447
75716,4404,4981,4038,3533,5518,7796,4812,3718,4709,5852,4271,3644,3873,3991,3653,3413,-4.23997,-9.34943,8.71777,48.1373
75717,10428,8233,4292,3390,5755,5088,4035,3460,3974,3809,3484,3132,3277,3382,3226,3009,-28.3418,-17.9831,8.9571,47.9827
75718,4460,5890,5428,4158,4509,7337,6355,4260,3814,4448,4216,3781,3435,3555,3524,3429,-11.3956,-1.91705,8.89425,48.3993
75719,3508,3449,3420,3263,4325,4245,3725,3506,6341,6937,4425,3601,6477,7096,4471,3630,15.2845,-13.3334,8.75961,48.2793
75720,3613,3809,3430,3269,4614,4969,3982,3403,6325,7894,4692,3644,5133,5438,4164,3655,8.08865,-11.6807,8.6615,48.0227
75721,3036,3302,3363,3403,3366,3598,3907,4169,3329,3770,4955,7090,3387,3960,6078,11294,21.4538,26.4293,8.75901,48.0047
75722,9101,7183,4241,3408,6821,5524,4196,3540,4064,4051,3616,3364,3384,3407,3266,3029,-20.0106,-18.6382,8.7503,48.13
75723,3333,3503,3307,3180,3699,3788,3623,3422,4649,5264,4609,3867,5914,9655,6221,4027,32.8158,-6.20601,8.56305,48.0407
75724,3314,3570,3783,3688,3642,4264,5147,4415,3780,5171,7946,5384,3677,4310,5401,4612,7.50256,7.47049,8.53908,48.0693
75725,3342,3386,3232,3220,4001,3789,3449,3267,5994,4829,3591,3476,12450,6185,3897,3232,31.6092,-28.0384,8.54547,47.56
75726,3269,3613,4132,4721,3265,3703,4905,8237,3316,3766,5072,8489,3265,3482,4279,4883,0.236307,32.9069,8.84358,48.2647
75727,3178,3211,3411,3518,3287,3551,3872,3898,3471,4108,5090,5427,3534,4402,8525,9397,31.3857,16.8415,8.50256,47.92
75728,5807,5521,4055,3379,7425,7080,4289,3544,5112,4740,3762,3324,3784,3680,3410,3240,-9.52449,-16.0022,8.68162,48.1013
75729,3671,3677,3314,3192,4943,4185,3614,3333,9166,5610,3896,3404,7900,5370,3935,3463,12.6748,-24.6283,8.50834,48.4487
75730,4592,4201,3565,3383,7053,5839,4064,3353,7186,5926,4066,3368,4640,4356,3586,3280,0.224905,-18.3053,8.80134,48.3053
75731,3426,3389,3175,3162,4123,3925,3519,3264,7803,4983,3819,3429,10737,5763,3930,3365,18.8514,-31.7812,8.86118,47.8747
75732,3246,3393,3378,3345,3332,3678,3852,3658,3821,4413,5457,4714,3994,5958,9824,6216,27.2024,7.34144,8.86358,48.186
75733,3070,3410,3830,3967,3364,3567,4358,5864,3412,3871,5409,9758,3286,3648,4841,6450,8.09271,25.4271,8.76702,48.07
75734,3538,4250,6071,5954,3500,4368,7400,6860,3353,3795,4639,4654,3145,3358,3675,3702,-11.4651,14.2011,8.6977,48.1747
75735,3183,3506,4243,4444,3358,3929,5574,6343,3434,4047,6373,7564,3323,3763,4404,4828,2.37862,17.7478,8.75431,48.2107
75736,3348,3420,3220,3270,3724,3826,3646,3313,4518,5264,4696,3954,5646,9630,6704,4142,31.4855,-4.48965,8.7339,48.214
75737,4152,5084,5423,4340,4283,6346,7539,4579,3834,4256,4705,3961,3429,3581,3615,3436,-9.72145,2.18549,8.76921,48.3753
75738,7925,5123,3822,3396,9411,5193,3885,3402,5009,4099,3550,3195,3639,3609,3479,3070,-12.6685,-30.2077,8.56556,47.8713
75739,3086,3334,3503,3543,3330,3690,4108,4421,3423,3949,5819,7587,3424,4112,6461,8346,16.4171,19.4004,8.78381,48.0907
75740,3590,4208,5300,5150,3602,4404,7521,6726,3487,3946,5075,4825,3176,3527,3886,3858,-7.52178,13.3388,8.64841,48.1873
75741,4520,7243,9138,5241,3999,4791,5178,4325,3560,3712,3687,3632,3162,3312,3503,3283,-26.5431,2.51905,8.86374,48.1907
75742,3732,4285,5283,4658,3654,5050,8059,5624,3391,4211,5246,4555,3389,3685,3838,3803,-6.98122,8.61447,8.64968,48.3087
75743,3117,3201,3432,3490,3161,3338,3779,3896,3404,3818,4787,6300,3409,3958,6020,12620,26.6131,32.2569,8.71761,47.82
75744,3446,3360,3324,3044,3904,3828,3492,3231,5733,4987,3963,3484,10716,7711,4192,3453,31.9829,-18.9686,8.92206,47.912
75745,3391,3526,3456,3237,3893,4241,3950,3464,4912,7447,5172,3863,5167,7348,5431,3945,15.3009,-5.94869,8.99841,48.2953
75746,3502,3524,3387,3295,3929,4197,4075,3517,4815,7284,5460,4005,4951,7046,5530,4027,14.6082,-4.67169,8.93524,48.3627
75747,3930,5448,6936,4896,3910,5362,7353,4816,3477,4093,4256,3860,3248,3374,3460,3345,-14.237,4.7535,8.85982,47.8427
75748,5527,8073,5759,4105,4892,6728,4941,3967,3831,4052,3826,3493,3386,3429,3567,3151,-17.9326,-6.00259,8.79629,48.4847
75749,6908,7121,4439,3629,6460,6869,4393,3490,4252,4376,3732,3339,3469,3536,3258,3236,-15.7616,-14.0035,8.5216,48.338
75750,3132,3553,3803,4094,3426,3831,5091,5909,3449,4015,6497,8297,3354,3720,4815,5420,5.83854,19.2264,8.71047,48.2707
75751,8122,6080,4047,3315,8028,6031,3991,3283,4659,4130,3573,3286,3493,3551,3295,3052,-14.9454,-20.2053,8.97004,47.9573
75752,5922,4851,3771,3355,9129,6285,3816,3339,5903,4624,3702,3242,4094,3876,3341,3071,-6.88296,-21.3215,8.86129,48.214
75753,3121,3291,3410,3503,3232,3488,3882,4189,3514,3916,5228,7093,3452,3947,6548,10577,20.7721,23.3913,8.59397,48.2607
75754,4021,6501,9854,6096,3810,4665,5237,4389,3400,3586,3809,3695,3274,3294,3409,3370,-29.8241,5.76284,8.7662,48.2733
75755,3338,3340,3388,3679,3258,3544,4075,4659,3379,3702,5182,8626,3402,3812,5330,9089,15.6504,31.2042,8.52842,47.8687
75756,3084,3217,3442,3437,3084,3506,3787,4038,3259,3775,4858,6018,3274,3956,6685,11910,33.9671,23.2447,8.77047,47.5533
75757,3056,3258,3622,3623,3352,3565,4199,4926,3286,3795,5356,9317,3283,3957,5157,8103,13.0416,26.1273,8.83657,47.9033
75758,3288,3371,3486,3350,3572,4017,4044,3762,4038,5547,6583,4603,4225,6067,7454,4908,16.7088,3.37546,8.63211,48.21
75759,3190,3421,3551,3784,3363,3568,4219,5406,3359,3759,5082,9802,3390,3803,4973,7164,10.151,31.8243,8.63827,47.8893
75760,3292,3763,4459,4425,3416,4246,6962,6092,3491,4023,6396,5777,3339,3828,4166,4259,-0.973214,13.1971,8.93877,47.956
75761,12428,6001,3999,3409,6063,4761,3807,3384,4054,3876,3348,3234,3477,3338,3274,3045,-29.2828,-29.3233,8.58713,47.6653
75762,9133,8983,4648,3659,5452,5057,4130,3540,3723,3858,3561,3157,3314,3351,3288,3065,-29.0252,-15.0735,8.93137,47.946
75763,3402,3347,3136,3094,3959,3832,3480,3295,6081,4845,3926,3326,11722,6604,4150,3530,27.9166,-23.5858,8.56729,47.8193
75764,7058,9743,5455,3874,4965,5501,4276,3743,3736,3851,3591,3374,3258,3314,3240,3039,-27.6295,-10.1258,8.9724,48.012
75765,3456,3909,5489,9440,3273,3932,5282,8554,3229,3438,4152,4527,3131,3239,3622,3545,-16.0939,27.0657,8.55859,48.1453
75766,3169,3205,3406,3487,3240,3593,3859,4030,3418,4095,5688,6257,3504,4526,7880,8831,21.4962,16.4884,8.79339,48.1253
75767,9157,8954,4635,3540,5333,5160,4036,3567,3871,3957,3603,3352,3388,3371,3183,3058,-29.1028,-15.0103,8.72152,48.11
75768,3356,3412,3231,3093,3942,3847,3617,3249,5784,5194,4080,3484,9759,8094,4379,3483,25.6058,-17.8056,8.57397,48.0027
75769,3087,3390,3635,3582,3320,3865,4550,4421,3506,4432,7523,6598,3553,4400,6368,6126,12.7951,13.0731,8.97131,48.2373
75770,3394,3440,3307,3287,3815,3662,3419,3216,5893,4628,3713,3397,12633,5931,3821,3374,31.7183,-32.4255,8.60852,47.2867
75771,3431,3912,4824,4786,3612,4323,7606,6769,3364,3963,5581,5294,3253,3583,3879,3992,-4.75465,13.7603,8.97674,48.1147
75772,3158,3377,3595,3734,3299,3757,4419,4930,3471,4022,6070,8632,3327,3893,5571,7100,11.9596,20.5214,8.55908,48.2367
75773,3386,3440,3258,3094,3964,3887,3476,3284,5777,5536,4073,3521,8958,8439,4729,3631,23.7005,-15.3861,8.70639,48.302
75774,9865,8029,4419,3600,6030,5255,3945,3508,3894,4014,3522,3254,3414,3319,3094,3045,-24.6634,-17.5535,8.80119,48.138
75775,3451,3475,3355,3137,3980,4129,3705,3348,5632,6386,4387,3662,7039,8128,4800,3641,19.0925,-12.2279,8.52142,48.17
75776,3307,3415,3635,3538,3563,4115,4689,4045,4015,5377,7906,5165,3868,4776,6335,4876,11.6206,6.19213,8.95429,48.4167
75777,5290,7863,5975,4009,4703,6791,5235,3863,3779,4087,3962,3466,3406,3453,3493,3227,-17.5701,-4.88472,8.96263,48.4013
75778,4520,4096,3653,3248,7620,4996,3653,3350,8681,5113,3844,3331,4906,4222,3524,3364,1.41167,-26.1246,8.51353,48.0807
75779,8853,5393,3910,3385,8827,5157,3810,3366,4661,4069,3591,3240,3440,3448,3289,3189,-14.9268,-33.5141,8.58702,47.752
75780,3596,4149,4555,4190,3886,5457,7453,4773,3718,4945,6198,4554,3385,3764,4021,3929,-2.47492,5.40407,8.76149,48.382
75781,3997,5033,5830,4351,4146,6126,7689,4809,3659,4252,4604,3984,3335,3514,3601,3459,-10.6527,3.63441,8.83154,48.2593
75782,4419,4852,4036,3541,5530,7743,4773,3617,4904,6064,4283,3633,3926,3947,3696,3307,-3.86464,-9.56056,8.84143,48.1807
75783,3670,3852,3654,3412,4190,4990,4252,3631,5054,7929,5483,3803,4668,5614,4615,3825,8.7645,-5.90562,8.53002,48.428
75784,3559,3701,4064,3839,3558,4462,5730,4391,3762,5564,7752,5004,3732,4238,4775,4115,4.21226,5.55843,8.88566,48.164
75785,3765,3743,3350,3080,5133,4414,3817,3171,8825,6031,3830,3502,6852,5191,3880,3362,10.3992,-21.3675,8.5097,47.964
75786,3065,3307,3615,3784,3228,3541,4168,5186,3419,3961,5428,9625,3227,3809,5218,7757,12.1734,25.4545,8.97684,48.2253
75787,3850,3658,3274,3257,5231,4207,3588,3256,9756,5351,3774,3405,7353,4966,3814,3324,11.1745,-27.487,8.69069,48.0427
75788,3986,4236,3883,3452,4736,6513,4664,3625,4878,7444,4867,3717,4049,4436,4048,3635,1.71833,-6.83723,8.92834,48.1127
75789,3572,4307,6918,7867,3547,4153,6249,6844,3322,3597,4155,4356,3226,3335,3466,3427,-17.2273,17.0653,8.70132,48.2273
75790,4410,5208,4464,3872,4834,7989,5774,3918,4112,5237,4332,3615,3525,3836,3607,3467,-6.89607,-4.86405,8.9066,48.1333
75791,3903,4362,4428,3860,4225,6422,6750,4370,4026,5417,5494,4058,3635,3945,3836,3613,-3.50699,0.444288,8.90026,48.2293
75792,3116,3269,3458,3374,3400,3608,3821,3873,3631,4212,5258,5074,3646,4828,9582,8033,33.1239,12.9749,8.81365,48.122
75793,3300,4048,6369,12562,3347,3758,4729,5925,3229,3600,3824,3857,3064,3199,3441,3381,-29.8568,25.8679,8.8605,47.7553
75794,5396,9197,7212,4357,4510,5107,4712,3937,3664,3813,3592,3408,3258,3474,3312,3240,-29.231,-3.53634,8.90766,48.126
75795,3305,3339,3277,3194,3844,3847,3657,3332,4962,5186,4220,3741,7019,9852,5435,3734,31.4826,-10.0272,8.6942,47.9627
75796,3384,4167,7890,10404,3400,3919,5140,5789,3148,3491,3805,4057,3127,3233,3434,3409,-28.731,19.0219,8.61949,47.8647
75797,3485,4335,7731,10330,3495,4017,5152,6227,3286,3418,3851,3924,3078,3212,3362,3236,-23.7001,18.9796,8.99875,48.0927
75798,3454,3957,5205,9062,3377,3811,5153,8896,3214,3563,4074,4643,3143,3269,3501,3648,-15.0385,32.0671,8.83046,47.98
75799,3331,3744,5259,8531,3389,3701,5376,9253,3336,3570,4215,4784,3107,3290,3553,3625,-13.8468,26.2479,8.7762,48.0427
75800,3093,3159,3321,3434,3184,3379,3706,4014,3293,3865,4978,6221,3442,3869,6178,12701,27.6019,26.5494,8.99875,47.8913
75801,8351,9129,4880,3583,5358,5190,4173,3543,3833,3920,3544,3247,3412,3459,3259,3076,-30.5597,-13.7836,8.56307,47.9713
75802,7458,9850,5262,3662,4901,5194,4190,3540,3721,3777,3610,3319,3290,3339,3326,3106,-31.9467,-10.7459,8.93143,47.6967
75803,3152,3268,3349,3339,3286,3519,3811,3890,3614,4067,5316,5289,3731,4861,9227,8617,27.0714,14.0796,8.72649,48.224
75804,3085,3188,3347,3451,3323,3504,3851,4055,3431,4018,5415,6024,3492,4522,7999,9549,23.3601,17.3339,8.70345,48.1693
75805,3450,4086,7316,10118,3464,3988,5330,6587,3207,3471,3852,4099,2987,3161,3525,3471,-21.5303,19.7297,8.90136,48.0747
75806,3145,3393,3609,3534,3491,3701,4351,4205,3646,4613,7393,5918,3651,4692,6912,5870,13.9371,11.2592,8.5518,48.0827
75807,3463,3828,4820,4911,3624,4374,7486,6682,3327,4082,5478,5402,3311,3445,3998,4105,-4.86273,13.6123,8.92563,48.224
75808,6455,10083,5697,3958,4762,5147,4514,3722,3736,3830,3666,3330,3276,3392,3258,3149,-31.8061,-8.21241,8.90979,47.9833
75809,3217,3387,3644,3716,3375,3641,4499,4639,3472,4146,6892,7877,3428,4113,5788,6726,11.9813,16.9904,8.95033,48.3733
75810,4315,5866,6448,4529,4199,6089,6827,4531,3607,4102,4223,3729,3284,3462,3581,3369,-14.2591,1.87101,8.92466,48.1073
75811,3141,3239,3356,3446,3189,3478,3799,4151,3356,3817,4963,6743,3415,3889,6395,11437,22.7161,24.4412,8.70516,47.876
75812,3395,3956,6044,12409,3380,3791,4810,5944,3320,3399,3653,3819,3215,3195,3404,3427,-28.1802,33.0252,8.68569,47.4407
75813,6845,8150,4899,3642,5767,6552,4339,3645,4028,4048,3616,3386,3392,3493,3376,3108,-18.7405,-12.1087,8.66779,48.1907
75814,3413,3732,4985,6931,3388,3785,5290,9775,3233,3588,4330,5481,3201,3388,3654,3722,-9.8964,32.8252,8.69965,47.9307
75815,3205,3412,3455,3375,3522,3646,4051,3852,3739,4782,6611,5146,3878,5357,8200,5757,18.1406,7.82576,8.66002,47.992
75816,3165,3354,3587,3484,3355,3796,4316,4154,3604,4487,7153,6163,3672,4535,7104,6427,15.306,12.354,8.80865,48.2373
75817,3526,3500,3237,3008,4823,4093,3584,3280,9281,5231,3881,3354,8672,5166,3892,3454,14.193,-29.5443,8.8022,47.988
75818,3307,4065,5890,10093,3372,3931,5184,7836,3180,3560,3959,4386,3174,3279,3408,3489,-18.1193,26.1567,8.72955,48.0753
75819,4114,6838,9288,5631,3890,4736,5584,4367,3544,3764,3825,3691,3208,3356,3468,3298,-24.5698,4.7545,8.94788,48.4013
75820,4007,3802,3469,3153,5686,4590,3667,3285,9165,5923,3922,3432,6336,4931,3657,3341,8.2269,-22.117,8.5345,48.244
75821,3257,3480,4138,5213,3313,3750,5156,8902,3319,3688,4843,7629,3239,3518,4019,4576,-1.83723,28.1311,8.80328,48.0267
75822,3794,5552,9833,6857,3596,4282,5497,4871,3280,3577,3864,3754,3113,3259,3414,3342,-27.9658,9.46424,8.72618,47.9233
75823,3255,4006,6238,12361,3519,3806,4762,6618,3151,3383,3842,3899,3093,3223,3413,3364,-25.0411,31.1549,8.81282,47.9553
75824,4289,6560,7537,4915,4144,5634,6112,4455,3532,3923,3964,3779,3322,3520,3327,3349,-18.5,2.01194,8.51986,48.2413
75825,3102,3166,3326,3364,3191,3482,3742,3932,3376,3796,4975,6161,3419,4118,6743,11588,26.2395,23.13,8.74458,47.654
75826,6576,5199,3904,3326,8852,6219,4016,3524,5344,4457,3691,3312,3819,3645,3423,3124,-9.67788,-20.6144,8.71662,48.2873
75827,3557,3540,3227,3111,4614,4303,3631,3232,8241,5669,3838,3350,8309,5921,4102,3418,15.2524,-21.173,8.93396,48.042
75828,3420,3786,4130,3861,3639,4678,6380,4845,3764,4855,7434,5278,3400,3904,4698,4204,2.33441,8.29347,8.86463,48.184
75829,4702,7891,8733,4983,4046,4937,5058,4219,3420,3590,3705,3593,3213,3198,3321,3203,-28.452,1.41675,8.98793,47.8747
75830,3653,4494,6205,5240,3701,4986,8033,5795,3582,3866,4692,4245,3288,3504,3687,3589,-11.1059,9.33585,8.90887,48.3733
75831,3312,3939,5541,9130,3378,3825,5248,8926,3292,3583,4016,4677,3103,3172,3421,3608,-15.2894,26.2409,8.79708,48.114
75832,3160,3478,3682,3842,3420,3837,4769,5306,3510,4095,6833,7909,3449,3889,5245,5943,8.531,17.2548,8.6094,48.2447
75833,6878,10011,5380,3771,4857,5255,4427,3678,3772,3806,3644,3291,3346,3362,3274,3160,-33.3763,-9.40409,8.64948,47.9413
75834,3513,3728,3679,3390,3927,4718,4559,3890,4391,6882,6882,4362,4157,5332,4944,4111,8.74496,-0.545703,8.82451,48.31
75835,4908,4634,3777,3490,6984,6797,4136,3398,5839,5496,4048,3475,4168,4123,3556,3307,-3.15284,-15.8404,8.85694,48.0907
75836,11484,5913,3870,3472,7206,4970,3808,3438,4055,3852,3518,3237,3419,3383,3206,3145,-21.2184,-32.4226,8.73578,47.984
75837,3381,4227,7120,10188,3383,3999,5397,6472,3167,3540,3878,4167,3146,3228,3466,3422,-21.7844,20.1326,8.87891,48.1207
75838,5371,9213,7432,4409,4237,5073,4694,3935,3629,3838,3687,3413,3243,3398,3356,3231,-30.2073,-3.19312,8.92489,48.106
75839,3335,3345,3284,3135,3955,3776,3490,3306,5779,4769,3990,3477,11387,7107,4096,3538,29.6934,-21.3739,8.83535,47.846
75840,3330,4060,5170,6126,3386,4108,6378,8371,3458,3670,4654,5361,3254,3432,3652,3809,-8.55047,18.9507,8.52736,48.146
75841,3334,3837,5187,8062,3412,3857,5201,9385,3358,3483,4187,4887,3169,3239,3630,3739,-13.0665,30.9758,8.54361,47.978
75842,3920,3884,3381,3171,5270,4886,3848,3380,8035,6814,4205,3509,5806,5060,3867,3381,7.80628,-17.5228,8.55783,48.278
75843,3794,3752,3526,3168,4475,4956,3967,3494,5823,8137,4925,3592,4877,5522,4273,3672,8.7257,-9.42514,8.61602,47.9687
75844,12173,6248,4017,3332,6188,4885,3746,3325,4028,3873,3362,3194,3362,3464,3193,3077,-33.5616,-25.4169,8.5555,47.6447
75845,8991,9139,4608,3597,5362,5235,4083,3664,3813,3802,3527,3222,3352,3389,3265,3198,-33.7492,-14.7148,8.97918,48.1647
75846,3518,3492,3381,3245,4112,4563,3898,3513,5812,7744,4927,3707,5368,6571,4670,3768,12.4971,-9.91529,8.61495,48.1927
75847,3319,3387,3369,3199,3772,4148,3834,3459,4818,6410,5078,3872,5119,8048,6041,4208,18.1556,-5.29031,8.67547,48.054
75848,4703,7593,7250,4517,4220,5857,5606,4313,3587,3972,3863,3605,3249,3375,3340,3187,-19.3374,-0.656669,8.80838,48.158
75849,3274,3714,5122,7884,3303,3719,5309,9512,3296,3604,4236,5007,3028,3252,3570,3619,-12.3585,29.1399,8.5231,47.6327
75850,3550,3563,3336,3123,4909,4223,3397,3244,9273,5274,3741,3444,8144,5265,3866,3310,12.8854,-30.4866,8.56961,47.7747
75851,6396,4808,3814,3298,9890,5241,3857,3388,5864,4391,3510,3281,3950,3702,3511,3201,-8.02073,-28.7792,8.57115,48.068
75852,4747,4281,3512,3246,7489,5953,3835,3467,7166,5703,3920,3420,4574,4210,3601,3290,-0.720433,-19.4844,8.84863,48.276
75853,3191,3548,4407,4874,3416,3768,5402,8416,3290,3783,5157,7449,3169,3505,4148,4535,-1.33832,22.6675,8.96805,48.0387
75854,5222,4404,3590,3330,8988,5373,3621,3344,7187,4834,3746,3328,4419,3890,3469,3301,-2.9569,-25.3467,8.51879,48.0307
75855,3472,4144,6597,8909,3476,4011,5734,7101,3233,3597,4067,4312,3162,3292,3462,3496,-17.7918,19.7728,8.63249,48.0433
75856,8060,9320,4812,3712,5322,5526,4220,3664,3945,3857,3552,3346,3363,3374,3263,3059,-24.1744,-12.8947,8.87366,48.2633
75857,3202,3297,3350,3230,3445,3625,3802,3599,3834,4642,5380,4502,4193,6640,9694,6034,27.3327,5.61987,8.7186,48.3127
75858,3469,3360,3206,3129,4133,3793,3477,3239,6827,4971,3756,3379,11713,5889,3856,3357,22.5331,-28.1195,8.74365,47.7027
75859,3452,3950,6687,11638,3450,3858,4884,6444,3247,3528,3840,4087,3118,3104,3376,3365,-24.5072,24.2937,8.51838,48.0187
75860,11054,6086,3905,3379,7373,4929,3706,3327,4229,3957,3485,3264,3543,3421,3215,3147,-20.565,-27.4651,8.51792,48.0133
75861,3125,3277,3412,3395,3312,3559,3859,3836,3556,4149,5300,5269,3524,4631,9156,8315,33.8956,13.7924,8.69824,47.7833
75862,3323,4007,5210,7413,3436,3908,5446,9409,3307,3495,4221,5137,3178,3410,3589,3710,-11.6292,25.2399,8.66246,48.1327
75863,3525,3250,3289,3111,3945,3889,3525,3247,7872,5169,3938,3461,10630,5806,3943,3314,19.3074,-32.7941,8.77178,47.9427
75864,5054,4485,3637,3269,8349,5799,3968,3450,6777,5139,3780,3342,4379,4007,3451,3091,-3.16465,-21.0661,8.61387,47.9847
75865,5325,9026,7303,4382,4353,5193,4765,3916,3538,3825,3660,3506,3368,3319,3272,3250,-32.1187,-2.90841,8.6245,48.0007
75866,4546,4146,3459,3233,7878,4879,3779,3262,8685,5139,3789,3339,5022,4273,3584,3296,1.40333,-26.6231,8.92665,48.206
75867,5313,5583,4221,3617,6563,7947,4646,3646,4529,4970,3893,3504,3680,3752,3451,3312,-9.42211,-11.6065,8.90161,48.418
75868,3267,3525,3766,4080,3335,3898,5233,5684,3548,4021,6857,7752,3398,3835,4866,5314,5.46216,17.1724,8.68765,48.2527
75869,4091,5707,8373,5723,3886,4872,6527,4867,3435,3871,3927,3883,3176,3374,3443,3301,-18.8599,6.86252,8.65926,48.304
75870,3490,4035,5865,6156,3506,4264,6960,7670,3370,3841,4523,4841,3336,3331,3617,3692,-11.1619,16.1228,8.95456,48.3313
75871,12112,5921,4028,3335,6574,4907,3808,3435,4091,3816,3454,3167,3445,3344,3192,3007,-24.5476,-29.5035,8.68596,47.7573
75872,3711,3578,3369,3120,4964,4220,3596,3286,9266,5327,3979,3403,8169,5208,3931,3351,12.9539,-27.3725,8.50498,48.3187
75873,3774,5186,9772,7662,3645,4266,5277,4901,3260,3610,3832,3721,3199,3218,3258,3337,-29.4429,11.2869,8.90088,47.9453
75874,3721,3757,3518,3203,4949,4856,3701,3403,7719,7126,4298,3501,5908,5400,3995,3475,8.96039,-16.119,8.66674,48.3533
75875,3233,3395,3869,4262,3240,3708,4649,6561,3430,3806,5299,9382,3294,3649,4534,5724,5.42914,26.2863,8.65781,48.0233
75876,7356,7965,4782,3552,5895,6329,4262,3589,4083,4049,3608,3323,3454,3449,3341,3148,-18.2115,-13.3448,8.89154,48.1233
75877,12306,6317,3933,3374,6025,4768,3757,3306,3995,3787,3456,3281,3556,3465,3242,3239,-33.6277,-24.5928,8.9677,47.8713
75878,4243,4112,3560,3112,6363,5422,3854,3422,7604,6449,4132,3500,4894,4614,3806,3231,3.12766,-17.6275,8.89349,48.212
75879,3762,3762,3386,3142,4698,4803,3938,3468,6505,8003,4567,3661,5375,5684,4157,3643,9.3593,-12.4891,8.84202,48.3693
75880,3187,3313,3438,3409,3307,3557,3747,3836,3565,4130,5348,5015,3744,5196,9559,7723,28.9024,11.75,8.76815,48.0493
75881,3398,3494,3355,3078,4132,3759,3404,3288,6108,4689,3688,3364,12264,6207,3930,3428,33.8705,-26.6858,8.70662,47.724
75882,3458,3499,3371,3178,3995,4345,3775,3495,5342,7417,4860,3706,5568,7523,5015,3761,15.0629,-8.24644,8.91164,48.2053
75883,3322,3373,3315,3310,3669,3786,3747,3449,4545,5050,4560,3872,5693,9740,6498,3996,32.0457,-5.23497,8.92816,47.95
75884,3264,3356,3228,3214,3771,3828,3676,3300,4618,5426,4620,3924,5789,9406,6564,4199,25.4775,-5.53254,8.59907,48.122
75885,3466,3737,3780,3693,3809,4706,5392,4124,3938,6091,7645,4765,3759,4513,4833,4146,5.69195,2.83457,8.9649,48.2647
75886,3539,3359,3196,3144,4312,3916,3633,3242,7644,5026,3905,3316,10836,5942,3982,3347,19.7019,-27.1484,8.62114,48.226
75887,4091,4653,4384,3774,4483,7174,6031,3993,4131,5619,5076,3970,3760,3935,3823,3462,-3.73086,-2.21594,8.71782,48.2393
75888,3075,3283,3407,3432,3209,3560,3939,4020,3430,4186,6015,6004,3706,4736,8265,7986,20.5108,14.3481,8.65572,48.1687
75889,2997,3276,3386,3379,3240,3566,3835,4150,3437,3786,4878,6689,3417,4019,6199,11544,23.4533,25.2153,8.53341,47.8653
75890,3312,3661,4747,6357,3375,3900,5132,9926,3238,3733,4504,5871,3212,3468,3752,3958,-8.03345,32.5887,8.88656,48.0973
75891,3411,3894,6185,12073,3399,3766,4945,6577,3283,3489,3799,3989,3002,3309,3385,3393,-23.4193,28.0564,8.88811,47.9327
75892,3434,4187,6762,10219,3365,3859,5301,6978,3295,3504,3967,4184,3061,3367,3427,3600,-20.7905,21.3064,8.64008,48.34
75893,3177,3215,3416,3276,3363,3497,3781,3938,3335,3796,4776,6031,3347,3822,5979,12445,32.7071,29.6519,8.66521,47.4627
75894,12196,6555,3971,3503,6250,4799,3822,3322,3939,3799,3455,3175,3351,3442,3285,3116,-27.4917,-25.3289,8.68839,47.9867
75895,3189,3368,3382,3177,3583,3878,3740,3368,4505,5644,4820,3871,5735,9259,6503,4140,24.1661,-5.21245,8.78102,48.108
75896,3467,4134,5072,4525,3722,4858,8076,5734,3653,4318,5707,4659,3227,3662,3935,3764,-5.84236,9.38151,8.79247,48.342
75897,11533,5856,3888,3421,7197,4883,3776,3367,4182,3795,3472,3241,3396,3426,3265,3107,-21.0286,-29.1526,8.81327,47.87
75898,4248,3823,3491,3172,6361,4618,3594,3306,9703,5524,3800,3291,5939,4568,3544,3300,5.99186,-25.6869,8.78447,48.188
75899,12526,6039,3963,3364,6163,4643,3833,3373,3944,3766,3483,3330,3469,3437,3263,3020,-29.5508,-28.6919,8.53412,47.744
75900,4339,4601,3948,3545,5268,7485,4869,3725,4835,6325,4566,3749,4091,4241,3726,3358,-2.36078,-8.29236,8.88164,48.4473
75901,3284,3448,3647,3768,3413,3886,4916,4527,3592,4541,7909,6627,3594,4088,5689,5460,9.65304,12.4945,8.61708,48.2593
75902,3436,3487,3256,3118,4188,3960,3465,3250,8072,5012,3827,3411,10211,5680,3914,3485,18.2312,-33.4607,8.74337,47.848
75903,3008,3254,3552,3374,3206,3389,3779,3972,3367,3982,4970,6278,3309,4154,7084,11100,24.2464,21.2557,8.9417,47.852
75904,3358,3373,3259,3031,3993,3817,3357,3187,6379,4769,3850,3318,12492,6283,3927,3234,25.5259,-27.6364,8.94765,47.7513
75905,3195,3410,3272,3111,3696,3932,3882,3463,4431,5692,5026,3976,5267,8699,6951,4492,22.9529,-3.15367,8.60778,48.33
75906,6477,5549,4032,3372,8141,6657,4022,3368,5011,4441,3803,3332,3753,3607,3496,3189,-10.6908,-18.1618,8.84634,48.1667
75907,7542,9787,5072,3683,5118,5208,4259,3646,3753,3825,3485,3407,3319,3404,3269,3114,-32.3223,-11.4753,8.86546,47.9273
75908,9943,8430,4441,3464,5706,5118,4023,3467,3873,3832,3501,3185,3436,3364,3185,3128,-26.1334,-17.3241,8.85102,48.064
75909,3621,4890,9116,8399,3494,3941,5304,5292,3286,3491,3774,3818,3185,3269,3420,3346,-27.1453,13.7378,8.84739,47.764
75910,4732,6516,5974,4304,4486,6818,5874,4124,3787,4259,4074,3586,3422,3566,3417,3262,-14.674,-2.19316,8.58414,48.134
75911,4272,4334,3745,3353,5478,6864,4366,3596,5622,6847,4275,3663,4330,4333,3883,3452,0.199826,-11.5435,8.79369,48.2753
75912,3447,3920,6045,12397,3375,3788,4719,6371,3260,3436,3697,3965,3152,3117,3328,3403,-24.9669,30.8933,8.88538,47.6133
75913,4498,4025,3490,3253,7434,4821,3790,3365,9148,5071,3731,3332,5257,4339,3616,3192,2.51311,-29.6506,8.62908,48.2413
75914,3275,3447,3721,3724,3458,3844,4891,4666,3614,4509,7914,6676,3523,4039,5650,5213,8.75007,13.0712,8.99703,48.1093
75915,3488,4087,6432,12163,3397,3793,4923,6237,3199,3498,3707,3809,3111,3233,3334,3457,-27.0303,25.2728,8.79683,47.912
75916,4119,4457,4090,3436,5285,7373,4830,3619,4934,6590,4502,3638,3964,4181,3932,3339,-1.5166,-8.73885,8.91559,48.1927
75917,3827,6032,9773,6242,3713,4447,5186,4835,3411,3637,3995,3732,3195,3344,3250,3411,-32.0301,7.30688,8.71615,48.02
75918,3075,3226,3359,3457,3223,3364,3797,3956,3324,3695,4990,6081,3328,3984,6721,12194,31.5543,23.7615,8.90343,47.8493
75919,3440,3699,4615,5979,3438,3830,5389,9474,3287,3682,4460,6309,3176,3403,3756,3971,-6.63642,26.0605,8.55398,47.9387
75920,3142,3448,3543,3517,3409,3819,4407,4323,3729,4617,7555,5999,3648,4554,6855,5932,14.0097,10.8027,8.69936,48.3313
75921,6100,9450,5715,4057,4806,5911,4634,3763,3727,3880,3564,3391,3317,3326,3282,2974,-22.3409,-7.67141,8.99248,47.9313
75922,9774,8007,4387,3558,5859,5314,4027,3416,4011,3838,3585,3235,3412,3429,3187,3056,-24.0633,-17.7802,8.95053,48.0633
75923,3066,3295,3511,3408,3271,3594,3974,3914,3506,4016,5331,5780,3553,4416,7912,9861,25.2181,17.871,8.63046,48.272
75924,4334,4279,3680,3188,5673,6533,4302,3576,5805,6923,4435,3480,4405,4518,3691,3421,1.00573,-12.5501,8.80263,48.162
75925,3434,3460,3292,3158,4014,4138,3791,3439,5374,6844,4691,3738,6159,7974,5047,3721,17.5861,-9.77161,8.51976,48.1827
75926,5092,8929,7345,4386,4261,5048,4837,4017,3639,3766,3755,3491,3363,3488,3406,3318,-32.772,-2.47922,8.59734,48.094
75927,8037,6364,4135,3536,7418,6077,3979,3413,4375,4081,3668,3266,3576,3547,3330,3099,-15.9093,-18.6096,8.90089,47.934
75928,2993,3258,3484,3396,3241,3431,3873,3928,3319,3848,4944,6052,3456,4151,7300,10931,26.7757,20.4321,8.56265,47.7367
75929,3407,3397,3202,3103,3860,3702,3375,3323,6138,4756,3753,3331,12448,6279,3805,3375,29.5705,-29.0044,8.61808,47.5027
75930,5734,7409,4903,3779,5492,7450,4826,3748,3980,4332,3907,3419,3444,3428,3417,3213,-15.2939,-9.24054,8.86457,48.3207
75931,3179,3264,3290,3340,3326,3459,3861,3889,3412,4146,5229,5683,3546,4636,8408,9339,26.4649,16.3185,8.60927,48.0047
75932,3395,3437,3202,3143,4111,3922,3477,3277,6703,4958,3835,3342,11315,6502,4059,3452,22.397,-23.1247,8.88395,48.0867
75933,4661,4112,3524,3287,7916,5163,3821,3277,8023,5183,3801,3350,4895,4090,3563,3246,0.515466,-24.3089,8.60623,47.9413
75934,3080,3231,3437,3501,3168,3409,3738,3929,3293,3808,4934,5967,3359,4083,6349,12386,32.5731,24.611,8.95194,47.7813
75935,3387,4184,7143,11537,3417,3925,5030,6002,3225,3384,3829,3896,3069,3224,3443,3369,-26.3973,21.4427,8.8643,48.0427
75936,12464,6327,3896,3302,6023,4875,3799,3306,4029,3780,3393,3220,3457,3336,3342,3227,-31.6669,-26.3232,8.66957,47.8507
75937,3273,3387,3364,3173,3825,3962,3622,3356,4705,5756,4682,3848,6048,9702,5958,3941,23.5058,-7.05579,8.64978,48.4013
75938,5949,9905,6466,4071,4639,5059,4603,3757,3735,3822,3499,3370,3344,3440,3275,3167,-32.1355,-6.09511,8.86701,48.0673
75939,3361,3395,3245,3017,4005,3854,3362,3221,6139,4945,3851,3406,11697,6860,4090,3410,25.8765,-22.6879,8.88442,47.9053
75940,3135,3294,3396,3282,3384,3671,3851,3734,3963,4674,5545,4584,4233,6682,9172,5578,24.8674,4.52643,8.53197,48.1187
75941,3957,4059,3780,3423,4454,5952,4842,3743,4872,7406,5372,3967,4055,4649,4179,3650,3.36387,-5.15904,8.74194,48.24
75942,3634,4881,9068,8400,3597,4129,5342,5185,3323,3602,3821,4003,3165,3226,3525,3408,-33.4775,14.0204,8.56001,48.206
75943,8523,6860,4196,3454,7093,5764,4072,3500,4161,4126,3628,3312,3600,3600,3300,3064,-18.0595,-18.1984,8.87476,48.1687
75944,4685,5568,4348,3617,5556,8063,5106,3766,4473,5017,4069,3618,3619,3728,3504,3446,-8.56327,-7.99149,8.63472,48.122
75945,3331,3761,5110,6722,3418,3763,5701,9628,3304,3642,4390,5456,3138,3272,3588,3989,-9.8759,24.0062,8.7834,48.142
75946,3450,3331,3346,3134,3873,3767,3498,3174,6012,4811,3899,3250,12171,6570,3944,3443,32.1826,-24.4008,8.7256,47.782
75947,4304,4304,3594,3341,5476,6433,4204,3596,5919,7037,4462,3564,4391,4503,3783,3452,1.33425,-12.0414,8.59167,48.242
75948,3414,3728,4688,6177,3444,3839,5639,9624,3298,3703,4519,5832,3243,3412,3702,4119,-7.6833,23.6553,8.67848,48.254
75949,3039,3271,3619,3589,3301,3596,4120,4902,3325,3888,5559,8963,3280,3974,5363,8616,14.0928,26.1913,8.78854,48.27
75950,3877,5687,9555,6661,3656,4516,5687,5044,3395,3662,3871,3749,3131,3261,3345,3279,-24.0353,8.99842,8.94801,48.2507
75951,6489,4634,3778,3259,9882,5228,3860,3360,5938,4480,3725,3347,4005,3711,3426,3167,-7.92328,-31.7375,8.63091,48.1927
75952,6551,5084,3875,3287,9135,6106,3952,3279,5505,4631,3687,3199,3854,3634,3391,3111,-9.29763,-21.6946,8.95582,48.1873
75953,3438,3873,4370,4180,3679,4710,7004,5250,3662,4543,6753,5075,3501,3782,4229,4085,-0.786514,8.63594,8.88435,48.0893
75954,4481,4173,3491,3183,7864,4853,3807,3335,8559,5072,3815,3384,4895,4246,3651,3352,1.11035,-33.2874,8.56908,48.1073
75955,9025,9005,4766,3539,5348,5152,4107,3495,3783,3763,3500,3286,3303,3362,3218,3077,-31.2042,-14.7178,8.90514,47.8193
75956,3384,4109,6441,11600,3371,3873,4951,6673,3294,3487,3832,4057,3088,3228,3408,3388,-23.5136,23.9923,8.86007,48.1227
75957,3509,3506,3304,3100,4139,4005,3496,3363,6807,5629,3964,3411,9344,6864,4173,3442,19.6025,-19.3491,8.66161,48.0373
75958,9749,5670,3869,3381,8345,5288,3813,3438,4478,3965,3497,3221,3588,3498,3315,3082,-16.8215,-27.122,8.63508,48.1313
75959,3256,3491,3671,3521,3600,3965,4527,4141,3815,5123,7937,5221,3843,4711,6353,5027,11.4748,7.28523,8.92612,48.1347
75960,5702,9232,6349,4187,4685,5803,4695,3823,3728,3923,3778,3381,3249,3391,3285,3208,-22.4298,-5.53194,8.93708,48.2793
75961,3913,4289,4076,3725,4581,6591,5390,3860,4389,6456,5368,3960,3820,4256,3995,3693,-0.348306,-3.273,8.50643,48.2413
75962,3375,3344,3341,3175,3709,3825,3733,3428,4630,5399,4644,3887,5797,9371,6504,4107,25.5189,-5.1495,8.72553,48.1793
75963,3428,4303,7134,10123,3450,3968,5334,6723,3285,3530,3764,4133,3047,3188,3430,3541,-21.4484,20.0742,8.87257,48.254
75964,3115,3283,3537,3585,3268,3563,4074,4568,3302,3854,5111,8719,3411,3832,5536,9138,15.5321,33.3909,8.59186,47.9307
75965,3156,3301,3388,3339,3315,3510,3776,4107,3373,3891,5052,6272,3406,4081,7260,10807,24.8882,21.1237,8.55182,48.0227
75966,3267,3285,3348,3382,3221,3416,3798,3936,3393,3786,4729,6088,3485,3813,5998,12528,31.269,30.4689,8.59787,47.6487
75967,3555,4501,6511,6568,3531,4270,6947,6909,3326,3854,4283,4352,3270,3375,3567,3517,-13.998,15.0307,8.62964,48.224
75968,3259,3610,3988,4254,3365,3911,5407,6070,3460,4095,6544,7607,3339,3863,4702,4972,3.71113,17.533,8.7766,48.2973
75969,4113,5104,4856,3985,4418,6987,6570,4325,4036,4856,4654,3808,3475,3682,3737,3546,-7.54005,-1.23719,8.53911,48.1013
75970,8987,5661,3976,3415,8624,5229,3991,3258,4611,4120,3501,3364,3485,3440,3258,3219,-15.3001,-33.9717,8.58848,48.0927
75971,3165,3823,4914,7201,3415,3768,5333,9800,3246,3604,4294,5307,3240,3242,3682,3827,-10.6031,27.2526,8.85953,47.9073
75972,3474,3646,3468,3290,4038,4760,4204,3662,4870,7825,5896,4038,4485,5904,5034,3906,10.6345,-4.157,8.91951,48.3333
75973,3353,3778,4524,5037,3520,3935,6318,8017,3454,3794,5388,6340,3182,3528,4083,4185,-3.53163,18.3714,8.87894,48.2907
75974,3143,3259,3501,3611,3207,3505,4116,4866,3435,3729,5409,9252,3327,3912,5370,8488,13.8813,26.9847,8.85674,48.0867
75975,3142,3348,3561,3346,3308,3642,4096,4104,3536,4208,6368,6251,3610,4600,7734,7415,18.3955,13.7717,8.97863,48.1793
75976,3229,3600,4506,5560,3364,3689,5361,9320,3210,3720,4762,6994,3205,3532,3929,4283,-4.2825,27.065,8.78851,48.176
75977,3493,3405,3299,3168,4179,3868,3520,3242,7494,5052,3913,3312,10746,5972,3984,3444,19.9305,-25.7496,8.58828,48.0607
75978,3273,3399,3367,3324,3928,4299,3905,3508,4684,6812,5502,4097,4981,7443,5707,4088,15.9969,-4.1846,8.61325,48.2113
75979,3311,3313,3383,3035,3879,3864,3600,3188,5455,5475,4167,3539,8272,9155,4985,3582,25.0663,-13.3202,8.94536,48.1353
75980,3619,4714,8940,8988,3567,4093,5270,5303,3284,3551,3864,3892,3133,3259,3360,3290,-28.2756,14.7681,8.68945,48.0847
75981,3348,3651,4232,5363,3317,3755,4970,9141,3338,3593,4673,7440,3217,3508,4014,4424,-2.9485,29.9766,8.69714,47.9893
75982,7010,5021,3735,3348,9561,5523,3790,3310,5402,4440,3523,3295,3812,3671,3325,3088,-10.222,-24.5687,8.99548,47.9027
75983,7145,6475,4343,3433,7228,6661,4158,3598,4533,4317,3698,3261,3594,3582,3311,3093,-14.2437,-16.5592,8.65879,48.2867
75984,3392,3402,3319,3056,3859,3870,3528,3135,5357,5178,4114,3430,8860,9004,4685,3593,33.2627,-14.6234,8.88788,47.8547
75985,3902,4728,5263,4227,4128,6267,7562,4656,3710,4449,4897,4066,3434,3697,3771,3551,-7.66497,2.9945,8.6743,48.2053
75986,12479,5954,3928,3476,6416,4817,3794,3416,3912,3749,3331,3313,3387,3313,3177,3103,-24.7458,-31.9526,8.92745,47.71
75987,5423,4389,3679,3349,9298,4968,3834,3367,7148,4712,3724,3337,4345,3985,3508,3184,-3.07978,-30.8113,8.9536,48.1667
75988,5831,7020,4707,3750,5638,7363,4806,3659,4183,4397,3770,3378,3575,3642,3326,3176,-14.4001,-10.2405,8.74903,48.1473
75989,3116,3291,3339,3324,3559,3756,3747,3522,4043,5045,4875,4185,4780,8376,8189,4730,29.8929,-0.493248,8.86396,47.918
75990,3490,3659,3798,3520,3922,4916,5076,3921,4301,6670,7130,4469,3956,4695,4849,4044,6.30161,0.996412,8.83184,48.2773
75991,4190,4575,4276,3747,4500,7062,5784,4050,4185,5908,5152,3856,3815,3950,3868,3569,-2.77397,-3.03825,8.68358,48.3247
75992,3365,3864,4943,5282,3696,4132,7000,7577,3453,3776,5065,5605,3185,3449,3928,4008,-5.80636,16.2826,8.79179,48.2187
75993,3074,3186,3333,3404,3272,3452,3800,3853,3390,3984,4884,6297,3372,4119,6833,11893,25.248,23.8138,8.83928,48.0973
75994,3361,3844,5219,9317,3459,3908,5045,8876,3304,3602,4069,4626,3011,3308,3538,3645,-15.5184,29.0637,8.76345,48.088
75995,3395,3627,3594,3403,3709,4290,4632,4049,4027,6247,7434,4679,4110,5186,5756,4382,10.2385,2.72261,8.92715,48.3467
75996,3402,3415,3303,3080,3924,3807,3553,3087,5829,5145,3967,3548,10157,7918,4246,3426,26.8124,-18.4754,8.54242,47.8713
75997,3077,3376,3510,3580,3179,3452,4164,4471,3530,3968,5929,7456,3452,4095,6378,8209,15.8288,19.137,8.93583,47.884
75998,3789,3638,3427,3194,5264,4175,3540,3356,9773,5204,3669,3404,7288,4949,3743,3353,10.791,-32.6799,8.74154,47.844
75999,3293,3418,3311,3150,3587,3788,3746,3557,4394,5075,4780,4037,5004,8836,7786,4710,27.4144,-1.3862,8.75622,48.3147
76000,3534,4163,5174,4610,3753,5021,8168,5380,3435,4262,5457,4499,3379,3581,3987,3613,-6.07124,7.95066,8.69956,48.0107
76001,3553,3470,3184,3120,4535,4085,3524,3286,8607,5184,3745,3388,9298,5575,3955,3454,15.88,-26.5257,8.6803,47.9753
76002,3020,3307,3306,3442,3326,3515,3982,4340,3399,3753,5021,7623,3416,4083,5883,10783,19.7959,27.0376,8.71997,48.1327
76003,3131,3324,3722,3868,3177,3627,4230,5028,3472,3913,5634,9300,3378,3828,5206,7345,11.2618,24.3558,8.59804,48.122
76004,3352,3476,3433,3191,3622,4261,4033,3638,4628,6713,6075,4218,4616,6582,5907,4226,14.5296,-1.831,8.68984,47.9807
76005,3510,4064,5280,5290,3556,4338,7546,7058,3307,3967,5217,5049,3244,3504,3849,3911,-6.95702,13.9642,8.8207,48.46
76006,7325,9753,5054,3644,4948,5304,4310,3542,3854,3846,3511,3326,3374,3397,3322,3043,-32.0024,-11.0036,8.90957,47.702
76007,3528,3300,3191,3015,3887,3750,3471,3199,5673,5026,3865,3387,10925,7586,4189,3518,30.3376,-19.5473,8.6919,47.6733
76008,4001,4956,5552,4432,4091,6018,7664,4678,3670,4257,4750,4050,3418,3617,3711,3564,-9.87298,3.1758,8.62775,48.286
76009,3164,3710,4359,5890,3344,3741,5222,9967,3340,3710,4570,6595,3198,3473,3846,4277,-5.48457,28.0407,8.99064,48.2707
76010,11509,6125,4018,3468,6696,4887,3793,3509,4060,3785,3507,3228,3432,3359,3262,3122,-23.2253,-27.0036,8.54304,47.84
76011,7537,5130,3802,3241,9537,5690,3894,3376,5060,4229,3556,3215,3755,3597,3323,3028,-11.8445,-23.828,8.94886,47.98
76012,3230,3325,3796,3807,3283,3570,4509,5996,3432,3843,5204,9882,3313,3651,4754,6266,7.38301,33.4863,8.85184,47.9073
76013,3411,3435,3308,3207,4213,4074,3636,3268,6984,5806,4002,3456,8622,6848,4238,3437,18.0469,-18.4307,8.76044,47.9633
76014,11469,7049,4094,3406,5993,4797,3860,3382,3946,3811,3464,3247,3353,3421,3228,3215,-27.3832,-22.3203,8.5432,47.8233
76015,5524,9311,7141,4404,4320,5186,4834,3911,3580,3864,3601,3531,3349,3361,3356,3262,-27.0439,-3.67559,8.67727,48.3567
76016,3282,3321,3230,3160,3975,3808,3442,3217,6195,4764,3725,3302,12561,6065,4064,3368,28.3515,-30.5856,8.55581,47.6527
76017,3130,3242,3545,3559,3238,3741,4292,4414,3419,4018,6053,7103,3502,4317,6821,7866,16.7807,17.2663,8.6564,48.1733
76018,3196,3297,3508,3572,3192,3581,4205,4394,3499,4197,6273,6928,3602,4368,6891,7766,16.3474,16.3401,8.95753,48.3127
76019,5435,9423,6946,4184,4370,5119,4640,4029,3661,3794,3775,3465,3355,3362,3317,3200,-33.9052,-3.62161,8.83822,48.05
76020,3373,3893,6080,12463,3296,3855,4626,6033,3269,3407,3721,3882,3217,3137,3459,3387,-28.7452,28.5012,8.88683,47.3987
76021,3514,3860,4413,4433,3592,4394,6912,5581,3637,4456,6668,5360,3402,3726,4225,4140,-0.478058,10.2064,8.50123,48.2087
76022,3386,3459,3258,3170,4054,3917,3647,3240,5788,5560,4180,3520,8934,8288,4555,3605,22.574,-15.9805,8.54618,48.374
76023,3526,4154,5910,6662,3510,4107,6669,7706,3386,3711,4451,4701,3144,3399,3704,3655,-12.1478,17.1878,8.50577,48.2633
76024,3265,3403,3772,4215,3286,3701,4721,6346,3195,3875,5666,9487,3306,3665,4629,5816,5.93814,23.972,8.99162,48.232
76025,3042,3365,3371,3210,3526,3780,3845,3580,4098,5083,5404,4207,4634,7608,8592,4992,23.6962,1.54199,8.84051,48.2247
76026,3823,4876,6023,4661,3934,5775,7820,5019,3706,4118,4626,4026,3439,3521,3613,3514,-10.6848,4.5889,8.7735,48.3293
76027,11573,6014,3911,3388,6800,5039,3718,3419,4104,3849,3484,3359,3314,3401,3296,3164,-22.5862,-33.3368,8.5553,47.8887
76028,3091,3330,3359,3452,3221,3581,4025,3920,3701,4231,5797,5713,3693,4640,8470,7988,21.5187,14.0104,8.5984,48.1413
76029,3795,4642,6380,5103,4005,5185,7696,5384,3488,3990,4472,4082,3169,3587,3660,3461,-12.2329,7.74961,8.64763,48.066
76030,3473,4037,5723,6470,3512,4228,6865,7661,3311,3716,4536,4750,3243,3405,3658,3722,-11.6138,17.3323,8.61572,48.2067
76031,4335,4009,3445,3228,6435,5315,3814,3280,8356,6067,3901,3339,5225,4550,3726,3290,3.72933,-19.5909,8.96672,48.21
76032,3144,3357,3841,3989,3231,3679,4361,6386,3409,3765,5377,9674,3250,3834,4696,5893,6.32719,31.6136,8.67341,47.924
76033,6115,4798,3737,3366,9700,5291,3795,3462,5971,4490,3670,3283,4081,3811,3319,3070,-7.25352,-33.8449,8.58877,47.9727
76034,3363,3990,6010,12748,3425,3823,4795,5996,3327,3471,3725,3809,3163,3250,3318,3449,-29.1994,30.4897,8.77465,47.7747
76035,3645,4208,4587,4051,3861,5684,7370,4660,3800,4878,5878,4418,3498,3751,3989,3816,-3.42855,4.14204,8.87444,48.0627
76036,3096,3238,3411,3390,3283,3501,3849,3789,3643,4426,5335,4966,3702,5060,9526,7726,28.2071,11.5028,8.57229,47.9607
76037,11293,6717,3971,3483,6466,5060,3830,3296,4069,3815,3511,3158,3410,3386,3265,3032,-23.8335,-22.4968,8.81261,47.8413
76038,3667,3980,3913,3601,3951,5223,5563,4047,4013,6365,6866,4378,3940,4431,4570,3962,3.65129,0.942623,8.717,48.3133
76039,3181,3324,3361,3304,3199,3374,3867,4008,3441,3886,4717,6414,3465,3929,5999,12212,24.2804,33.2877,8.96685,47.7873
76040,3319,3650,4469,5876,3379,3849,5349,9952,3253,3670,4500,6480,3252,3445,3826,4118,-5.84429,29.7888,8.8518,48.258
76041,8459,9304,4792,3688,5145,5210,4105,3539,3814,3820,3446,3262,3452,3425,3256,3058,-29.1512,-13.4924,8.59029,47.85
76042,3380,3945,5911,10312,3318,3863,5031,7953,3285,3449,3951,4293,3035,3190,3398,3512,-18.7327,27.189,8.61248,47.884
76043,3441,3558,3523,3379,3944,4490,4165,3519,4859,7559,5798,3983,4685,6162,5275,4068,12.2775,-4.21693,8.64237,48.272
76044,4198,4298,3779,3460,5361,6710,4600,3525,5548,6911,4580,3522,4144,4434,3966,3444,0.547778,-10.0963,8.65996,48.32
76045,3436,3757,3605,3271,4047,4586,4044,3557,4896,7591,5734,4003,4651,6160,4921,3978,11.5586,-4.66799,8.52536,48.158
76046,4925,7918,6353,4261,4365,6345,5358,3874,3677,4029,3813,3556,3266,3373,3455,3209,-18.6803,-2.91402,8.94297,47.8513
76047,3505,4090,6439,7142,3588,4236,6663,7241,3365,3614,4330,4504,3097,3281,3555,3587,-14.6527,16.545,8.6212,48.158
76048,3469,3510,3201,3115,4371,4032,3466,3295,7964,4869,3823,3407,10300,5776,3765,3334,18.5426,-30.9131,8.81511,47.798
76049,4400,6835,7715,4796,4161,5489,6080,4376,3546,3882,4044,3672,3218,3366,3569,3308,-18.7725,1.7651,8.98715,48.3047
76050,3330,3360,3406,3272,3552,3662,3719,3516,4257,4903,4883,3994,4954,8556,7975,4641,31.1799,-1.03555,8.72562,47.9867
76051,3346,3433,3290,3148,3682,3908,3646,3466,4547,5944,4901,3908,5398,8972,6484,4225,22.3494,-4.5079,8.93974,48.1987
76052,4707,5348,4197,3645,5575,8091,5062,3634,4462,5400,4226,3566,3721,3812,3676,3258,-7.04723,-8.56989,8.90166,48.2533
76053,6423,9161,5469,3841,5079,6079,4547,3738,3798,3922,3685,3426,3337,3433,3335,3170,-21.6677,-8.90942,8.89455,48.2953
76054,3553,4831,8910,8126,3490,4074,5672,5570,3306,3705,3915,3874,3141,3244,3443,3327,-23.065,13.5831,8.99635,48.1207
76055,3176,3285,3330,3410,3291,3539,3858,3940,3616,4259,5635,5605,3597,4611,8855,8366,23.6554,14.4351,8.64588,48.2487
76056,3536,4409,7400,7655,3624,4292,6425,6461,3263,3634,4051,4281,3239,3301,3564,3361,-17.7222,15.5818,8.79341,48.3307
76057,7170,8929,5111,3777,5341,5908,4264,3703,3974,3981,3576,3389,3421,3411,3385,3098,-21.2629,-11.6729,8.86966,48.292
76058,8909,8986,4618,3673,5392,5213,4091,3599,3857,3826,3558,3236,3378,3430,3252,3121,-27.2641,-15.0658,8.89184,48.0927
76059,3400,3481,3312,3112,3989,4212,3641,3258,6098,6741,4393,3652,6976,7542,4625,3714,17.2503,-12.9214,8.71726,48.0973
76060,3438,3906,6096,12582,3341,3733,4787,6262,3251,3403,3881,3979,3121,3151,3422,3495,-26.8058,29.8965,8.84224,47.8987
76061,3027,3183,3383,3320,3242,3368,3840,3834,3381,3838,4950,6369,3336,4222,7022,11484,24.5047,22.1526,8.89669,47.866
76062,3420,4003,6800,12130,3347,3730,4827,5970,3240,3370,3809,3861,3092,3185,3274,3375,-30.3041,23.6404,8.98649,47.622
76063,3048,3245,3391,3325,3280,3569,3856,3744,3629,4442,5502,5050,3701,5351,9834,7097,24.2959,10.2549,8.99745,48.0427
76064,3332,3367,3289,3126,3967,3844,3619,3263,5694,5057,4014,3437,11034,7412,4082,3432,31.9841,-20.6511,8.53186,47.9793
76065,4612,7178,6799,4404,4250,6146,5714,4237,3625,3919,3938,3703,3313,3410,3446,3270,-17.9644,-0.746185,8.89919,47.976
76066,8370,9491,4877,3646,5378,5226,4130,3552,3812,3807,3523,3348,3396,3287,3239,3145,-30.4185,-13.4819,8.97603,48.1513
76067,4639,7955,8518,5108,4156,4850,5048,4124,3529,3869,3726,3703,3196,3300,3268,3121,-27.074,1.03592,8.8164,48.0733
76068,12443,5865,3964,3439,6074,4721,3695,3312,3979,3807,3459,3249,3400,3387,3291,3225,-31.6134,-32.0137,8.56845,47.54
76069,3160,3283,3457,3278,3454,3772,3956,3830,3898,4931,6286,4637,4092,6194,8515,5369,19.8764,5.24171,8.95198,48.0747
76070,3167,3500,3421,3247,3599,3683,3663,3521,4345,5060,5036,4052,5109,8866,7727,4656,27.4865,-1.90531,8.68156,48.4347
76071,4250,3828,3516,3185,6270,4867,3586,3318,9008,6101,3908,3296,5588,4513,3715,3245,5.38775,-21.1905,8.96819,48.1293
76072,3202,3241,3340,3390,3331,3513,3764,3744,3435,3768,4754,5852,3418,3877,5976,12521,30.4445,32.4505,8.66337,47.4173
76073,3710,4951,9233,7767,3639,4206,5570,5355,3289,3583,3865,3863,3095,3367,3416,3412,-24.9426,12.4403,8.53797,48.214
76074,6190,7148,4695,3613,5840,7406,4628,3624,4183,4344,3778,3410,3497,3525,3268,3256,-15.0512,-10.8261,8.68959,48.27
76075,2994,3250,3320,3438,3247,3439,3769,3853,3363,3818,4771,5968,3341,4066,6873,11968,31.1262,22.423,8.98514,47.652
76076,4263,6837,8649,5231,3797,5037,5908,4464,3399,3739,3906,3746,3162,3289,3440,3294,-21.1937,3.44246,8.92939,48.1073
76077,11678,6986,4059,3346,6134,4752,3870,3491,3952,3624,3386,3164,3382,3391,3301,3040,-29.2703,-22.1528,8.88664,47.704
76078,3266,3424,3601,3464,3512,3833,4350,4150,3628,4741,7371,5844,3683,4699,6891,5774,14.0437,10.1238,8.5416,48.154
76079,5143,4312,3652,3269,9224,5072,3691,3459,7426,4858,3718,3342,4395,3974,3577,3205,-2.43434,-28.6404,8.98708,48.2113
76080,4723,5353,4329,3640,5645,7995,5151,3696,4442,5259,4182,3495,3621,3730,3511,3274,-7.65895,-8.58118,8.67414,48.0307
76081,3411,3381,3396,3153,4038,3811,3575,3311,5290,5213,4031,3481,8929,8728,4650,3467,33.6756,-14.8551,8.64914,47.91
76082,3391,3448,3498,3346,3798,4378,4048,3582,4617,7049,5919,4071,4774,6561,5739,4148,14.1714,-2.71321,8.9964,48.2447
76083,3254,3970,6110,12745,3357,3743,4696,5918,3226,3371,3757,4050,3072,3261,3278,3435,-30.0597,28.7886,8.82856,47.4953
76084,3286,3476,3159,3134,3853,3821,3554,3271,5278,5219,4177,3617,8672,9087,4756,3519,26.5585,-14.4971,8.79744,47.9193
76085,3365,3359,3263,3252,3737,3792,3641,3422,5008,5569,4378,3810,6680,9424,5706,3960,24.8108,-8.59934,8.50783,48.244
76086,3507,4359,7982,10273,3492,4009,5014,5610,3270,3473,3811,3822,3104,3270,3359,3444,-31.7508,18.2375,8.92747,47.866
76087,6645,5746,4100,3439,8058,6657,4105,3506,4727,4470,3786,3364,3651,3702,3383,3072,-11.7487,-17.7381,8.93558,48.274
76088,5816,9014,6062,4095,4785,6018,4846,3888,3697,3960,3713,3411,3268,3416,3361,3149,-21.4777,-6.12297,8.94366,48.3327
76089,3243,3712,4614,5756,3423,3768,5257,9497,3238,3662,4783,6624,3113,3462,3777,4263,-5.12365,25.9366,8.5803,48.128
76090,3531,3814,3826,3618,3945,4821,5222,4022,4065,6479,7110,4439,3829,4590,4778,4033,5.43628,1.54429,8.82823,48.0813
76091,3221,3770,4737,5268,3488,4134,6694,7512,3431,3889,5282,5805,3230,3478,3936,4235,-4.5776,17.1914,8.61915,48.0733
76092,3303,3499,3874,3887,3461,4074,5332,5130,3634,4458,7618,6568,3444,3963,5076,5094,5.91316,12.9818,8.5634,48.2767
76093,7609,6262,4235,3366,7436,6353,4114,3465,4572,4143,3597,3402,3593,3438,3209,3075,-15.0977,-18.1964,8.54462,47.9127
76094,3318,3394,3652,3623,3497,3830,4349,4220,3755,4778,7650,5691,3702,4630,6734,5318,12.9077,9.49703,8.76263,48.094
76095,3535,4376,7638,8915,3455,4044,5605,6407,3289,3468,4120,3983,3191,3352,3506,3396,-20.8412,17.2035,8.81847,48.1867
76096,3424,3353,3226,3082,3728,3915,3613,3316,4917,5848,4487,3631,6963,9524,5296,3847,23.7265,-10.0867,8.98902,48.1133
76097,3159,3344,3678,3615,3359,3737,4552,4731,3419,4296,6993,7485,3501,4133,6153,6408,11.7589,16.1695,8.79151,48.3753
76098,11665,6314,4048,3412,6726,5116,3850,3389,4067,3883,3414,3225,3427,3337,3142,3095,-23.391,-25.1509,8.81663,48.0733
76099,3851,3579,3251,3086,5471,4213,3567,3239,9996,5191,3964,3357,7126,4938,3754,3415,9.64905,-31.0423,8.97575,47.9987
76100,3772,3899,3671,3483,4093,5315,4504,3734,4782,7666,5967,4053,4295,4984,4567,3705,6.36473,-4.07082,8.59992,48.3267
76101,3452,3854,4246,3987,3793,4675,6563,4851,3831,4838,7109,4958,3479,3986,4550,4162,0.956068,7.48823,8.5072,48.2227
76102,3245,3433,4071,4608,3303,3771,4839,7628,3390,3766,5111,8633,3336,3682,4347,4915,1.50352,26.9868,8.53208,48.052
76103,5207,5782,4251,3656,6197,7879,4770,3599,4592,4944,3895,3495,3716,3634,3449,3188,-9.3825,-11.384,8.72478,48.1693
76104,3296,3827,4905,6860,3452,3870,5566,9458,3313,3628,4366,5492,3132,3438,3659,3913,-9.34501,25.148,8.58343,48.1167
76105,3353,3368,3199,3173,3886,3787,3702,3429,5009,5403,4275,3609,7135,9670,5411,3832,26.3964,-10.5783,8.6207,48.1607
76106,3361,3429,3229,3057,4035,3806,3470,3241,6197,5169,3914,3500,10171,7732,4327,3425,24.0742,-18.9096,8.76322,48.042
76107,6493,7233,4645,3582,6186,7099,4499,3632,4340,4170,3641,3350,3408,3489,3287,3115,-15.6463,-12.7025,8.65143,48.1127
76108,3389,3417,3239,3236,3867,3750,3472,3188,5874,4737,3610,3461,12246,5959,4082,3381,30.1136,-33.146,8.52937,47.272
76109,3295,3388,3354,3268,3584,3841,3744,3491,4453,5405,4895,3973,5113,8520,7128,4482,23.5151,-2.30369,8.52351,47.956
76110,3040,3222,3327,3391,3209,3493,3822,3921,3408,3951,5050,6127,3439,4230,7374,10534,24.7197,19.9505,8.60438,47.692
76111,3246,3536,4085,4615,3421,3661,4920,8121,3336,3728,4864,8542,3318,3612,4177,4654,0.532013,33.2679,8.87122,47.8907
76112,6570,4763,3757,3382,9964,5269,3779,3397,5655,4482,3582,3295,3777,3811,3420,3125,-8.84119,-32.1008,8.61688,48.0187
76113,4783,8535,7974,4735,4214,4895,5020,4107,3508,3790,3746,3615,3297,3414,3411,3394,-29.853,-0.603287,8.68281,48.292
76114,3288,3665,4447,4547,3460,4122,6635,6445,3535,4069,6244,6264,3299,3650,4313,4409,-0.678912,14.6425,8.76872,48.2613
76115,3262,3496,3432,3438,3836,4131,4263,3773,4329,6824,6381,4344,4446,6030,6018,4271,13.4545,-0.447445,8.99346,48.1827
76116,3020,3449,3902,4038,3308,3809,4638,6431,3360,3865,5587,9516,3208,3742,4572,5837,5.71493,24.681,8.98254,48.188
76117,12482,5898,3898,3357,5966,4705,3731,3436,3763,3760,3433,3279,3375,3399,3180,3172,-30.2629,-33.8344,8.67876,47.2227
76118,3572,3574,3602,3379,3906,4610,4242,3764,4702,7672,6028,4106,4340,5641,5018,4060,10.2883,-3.35553,8.64255,48.144
76119,3124,3378,3566,3573,3217,3696,4356,4721,3455,4247,6760,7481,3510,4165,6174,6914,13.191,16.9983,8.67688,48.2247
76120,4371,4188,3737,3250,6508,5589,3924,3473,7323,6096,4059,3445,4846,4427,3704,3228,2.15262,-18.0037,8.80027,48.112
76121,3795,4848,6898,5432,3735,4986,7793,5381,3390,3835,4520,4031,3136,3461,3616,3497,-13.7235,8.49847,8.97629,48.236
76122,3793,5088,9705,7505,3492,4255,5323,5011,3393,3610,3881,3724,3122,3206,3413,3451,-31.6491,11.2462,8.56091,47.9813
76123,3422,3940,5428,8832,3352,3805,5337,8964,3162,3462,4036,4591,3083,3416,3596,3624,-14.6292,25.9666,8.97858,48.0333
76124,3117,3477,3999,4564,3353,3699,4812,7576,3343,3771,5079,9074,3195,3645,4412,5147,2.35653,30.1688,8.87977,48.1753
76125,4546,4227,3594,3324,6557,6378,4005,3532,6664,6234,4017,3342,4619,4256,3788,3386,0.100219,-16.0386,8.66522,48.3127
76126,3049,3328,3588,3493,3252,3615,4276,4624,3502,4036,6270,7574,3475,4155,6268,7596,14.6673,18.4049,8.51053,48.0673
76127,9335,7471,4285,3429,6461,5458,4093,3419,4112,3999,3626,3182,3504,3426,3228,3028,-21.5388,-18.1861,8.75422,48.0373
76128,3602,4041,4807,4373,3781,5075,7761,5330,3754,4318,6021,4810,3410,3696,4059,3761,-4.30725,8.38234,8.67835,48.3993
76129,10493,5749,4007,3441,7734,5145,3824,3396,4163,3955,3504,3152,3390,3312,3190,3211,-18.8555,-33.8565,8.69794,47.7773
76130,4206,4353,3638,3345,5963,6664,4172,3613,5878,6766,4247,3610,4379,4407,3729,3356,0.489544,-12.6248,8.80662,48.2173
76131,3288,3613,4092,4821,3440,3778,4985,8157,3338,3674,5042,8288,3323,3479,4147,4871,0.157212,28.8938,8.5753,48.224
76132,9466,5560,3913,3333,8580,5175,3776,3470,4504,4086,3488,3138,3560,3453,3323,3126,-16.4065,-26.3939,8.9452,47.9673
76133,3580,3986,3901,3658,4086,5369,5448,4059,4314,6468,6531,4395,3940,4480,4496,3806,3.54521,0.121433,8.66062,48.3447
76134,3336,3387,3409,3300,3608,3882,3677,3468,4328,5089,4983,4126,4803,8487,7898,4527,33.7314,-0.992278,8.66753,48.2053
76135,5466,4646,3807,3349,8481,6152,4013,3416,6142,5062,3777,3313,4138,3885,3501,3119,-5.34165,-19.9828,8.52982,48.178
76136,3445,4290,7668,10785,3415,3813,5046,5833,3188,3377,3814,3873,3157,3279,3369,3512,-29.9036,19.5198,8.65833,47.9093
76137,3084,3508,4167,4519,3392,3734,5495,7085,3410,3926,5788,7872,3337,3623,4342,4958,1.43146,20.5524,8.87913,48.16
76138,3293,3567,3854,3916,3464,4012,5341,5082,3410,4355,7670,6766,3459,4113,5143,5047,6.64346,12.9786,8.81858,48.328
76139,3197,3369,3703,3540,3423,3912,4337,4171,3677,4500,7185,5997,3644,4546,7009,6080,14.832,11.6009,8.57394,48.1933
76140,3535,4089,6294,7933,3441,4039,6206,7539,3150,3597,3997,4520,3073,3295,3472,3622,-15.949,18.5847,8.87058,47.868
76141,3263,3417,3456,3402,3615,4134,4331,3803,4081,6074,7169,4586,4195,5547,6467,4645,13.6045,2.95573,8.95592,48.1233
76142,4050,6062,9968,6333,3755,4449,5346,4660,3368,3645,3781,3807,3157,3251,3322,3249,-27.0974,7.54721,8.87228,48.1353
76143,3125,3405,3629,3609,3359,3718,4429,4778,3443,4120,6772,7563,3480,4208,5994,6682,12.9456,16.9352,8.94078,48.2093
76144,3302,4018,5809,7754,3369,3890,5999,8485,3272,3523,4228,4816,3172,3275,3503,3666,-13.4157,20.9311,8.60424,48.054
76145,3092,3276,3403,3361,3310,3543,3919,3903,3513,4038,5197,5514,3546,4492,8526,9503,29.2021,16.384,8.89858,48.0907
76146,3701,3573,3318,3086,4786,4168,3651,3204,8997,5632,3805,3405,8360,5567,3798,3348,13.9153,-23.7176,8.89871,48.266
76147,5681,4427,3622,3315,9647,5142,3755,3299,6909,4701,3682,3204,4095,3831,3290,3173,-4.55399,-28.3415,8.96321,47.8487
76148,3600,3685,3369,3267,4506,4777,3840,3422,6390,7992,4653,3726,5588,5941,4335,3544,10.4781,-11.6593,8.82129,48.4233
76149,4309,5937,6572,4584,4127,6073,6847,4597,3689,4097,4221,3708,3267,3567,3542,3346,-14.3981,1.80564,8.85175,48.322
76150,3360,3362,3269,3188,3586,3883,3696,3441,4671,5514,4507,3717,6268,9817,6162,3999,26.4948,-6.97092,8.77674,48.2933
76151,4744,6827,5620,4190,4688,7188,5639,4131,3687,4180,3948,3556,3376,3530,3468,3241,-14.7253,-3.69079,8.94422,48.0087
76152,11983,6568,3914,3396,6162,4854,3805,3361,4006,3864,3571,3163,3466,3331,3227,3139,-33.8387,-23.5552,8.93154,47.8733
76153,4277,3954,3397,3130,6589,4583,3677,3346,9541,5246,3839,3367,5792,4622,3655,3301,5.18112,-27.2245,8.60262,48.2107
76154,10912,5856,3982,3406,7707,5025,3884,3282,4130,3852,3444,3216,3470,3399,3304,3091,-19.689,-33.3199,8.96155,47.9733
76155,3204,3528,3777,3915,3321,3754,4996,5297,3501,4236,6962,8031,3370,3945,5137,5488,7.19632,17.451,8.88405,48.308
76156,3714,3678,3282,3119,5390,4224,3493,3316,9931,5355,3893,3422,7284,4909,3697,3328,10.5621,-27.7706,8.90314,48.0233
76157,3124,3232,3463,3401,3377,3563,3773,3685,3649,4237,5392,4762,3814,5235,10074,7272,27.551,10.2594,8.93844,48.0353
76158,9778,6514,4099,3399,7255,5287,4009,3500,4281,4004,3535,3183,3541,3423,3317,3077,-19.3168,-21.6098,8.57372,48.1347
76159,3070,3173,3405,3328,3287,3452,3880,4028,3375,3772,4834,6596,3490,3891,5946,12176,24.7317,29.6504,8.71794,47.802
76160,11187,5824,3931,3354,7360,5077,3834,3258,4169,3843,3473,3276,3413,3429,3234,3093,-20.5275,-28.7508,8.73961,47.8367
76161,6153,5718,4046,3470,7629,6996,4265,3425,4788,4656,3744,3331,3759,3653,3510,3149,-10.7015,-16.2595,8.69055,48.1947
76162,5125,8915,7734,4553,4265,5090,4818,4062,3685,3692,3747,3443,3166,3388,3343,3230,-26.9087,-1.64817,8.76793,48.1707
76163,8551,5669,3973,3431,8445,5519,3953,3363,4695,4161,3567,3174,3605,3511,3344,3026,-15.0235,-23.1057,8.5368,47.9913
76164,3103,3324,3408,3478,3071,3427,3869,4278,3262,3864,5066,8060,3392,3855,5681,10547,18.6191,29.5781,8.95161,47.79
76165,3299,3197,3382,3171,3491,3861,3862,3622,4022,5116,5464,4360,4414,7137,8731,5117,22.7294,2.29164,8.80926,48.164
76166,3352,3915,5958,11857,3377,3693,4954,6917,3251,3418,3797,4002,3147,3334,3328,3358,-22.4121,30.3454,8.61104,47.772
76167,3462,3554,3317,3119,4314,4345,3607,3315,6441,7041,4397,3552,6619,6897,4520,3692,14.8777,-13.4508,8.85045,48.128
76168,4304,5263,4684,3828,4867,7956,5862,3936,4213,5065,4447,3668,3536,3765,3593,3430,-7.44362,-3.86364,8.90325,48.278
76169,8450,6252,4101,3403,7964,5798,3990,3515,4533,4075,3657,3230,3646,3543,3234,3032,-16.0014,-20.4284,8.55045,48.282
76170,3377,3548,3737,3659,3547,4015,4979,4480,3864,4968,7976,5673,3673,4361,5748,4971,9.15733,8.56101,8.57729,48.384
76171,3425,3397,3264,3065,4045,3863,3442,3326,6756,4901,3942,3329,11949,5890,3957,3404,23.2259,-29.488,8.6254,47.97
76172,4057,5424,6865,4874,4026,5601,7225,4850,3571,3990,4348,3971,3259,3533,3584,3438,-14.1725,4.63618,8.73139,48.4107
76173,3465,3397,3341,3036,3800,3839,3438,3283,5428,5292,4113,3400,9435,8624,4414,3667,26.4471,-16.1248,8.94159,47.9813
76174,3226,3208,3394,3242,3423,3634,3856,3682,3710,4349,5368,4851,3975,5611,9926,6817,28.3406,9.18597,8.9268,48.1813
76175,3125,3162,3505,3442,3247,3480,3996,4284,3356,4013,5565,7384,3477,4133,6617,9314,18.3383,20.4076,8.94715,48.0667
76176,12248,6013,3946,3350,6337,4767,3888,3425,3977,3748,3495,3342,3396,3339,3218,3089,-24.8884,-32.8245,8.56681,47.7187
76177,3374,3976,5767,7930,3414,3916,5832,8581,3383,3569,4081,4641,3120,3273,3609,3556,-14.0098,21.7015,8.58563,48.0147
76178,3970,5174,6006,4679,4062,6055,7506,4792,3687,4264,4573,4022,3357,3485,3523,3428,-11.6128,3.67808,8.92091,48.3887
76179,3530,3713,3804,3512,3864,5038,4867,3858,4367,6995,6758,4386,3992,5010,4906,4165,7.05813,-0.193526,8.69336,48.51
76180,3695,4609,5387,4361,3972,5802,7998,4943,3554,4344,5153,4128,3350,3654,3717,3613,-7.84027,4.97222,8.80073,48.1867
76181,3165,3409,3721,3714,3356,3687,4568,4683,3539,4318,7065,7269,3500,4231,5778,6174,10.9626,15.7877,8.69201,48.118
76182,5710,7470,5021,3885,5494,7151,4759,3749,3946,4346,3785,3469,3556,3528,3496,3236,-15.8372,-8.69989,8.53378,48.4007
76183,3392,4348,8024,10144,3507,3919,5054,5675,3313,3504,3860,3927,3136,3235,3411,3386,-31.8703,17.8735,8.73365,47.89
76184,4354,6447,8419,5175,3950,5221,5935,4580,3430,3798,3843,3582,3283,3359,3510,3340,-20.5151,4.01155,8.69774,48.1507
76185,3325,3350,3258,3253,3670,3777,3626,3319,4616,5281,4558,3816,6077,9584,6126,3993,27.4199,-6.76337,8.6928,47.7527
76186,3559,4244,6821,9236,3436,4030,5631,6907,3198,3478,3964,4194,3142,3286,3519,3442,-19.6248,19.0396,8.66353,48.058
76187,3178,3268,3346,3282,3599,3791,3777,3469,4294,5010,5097,4140,4651,8208,8025,4707,25.5328,0.105916,8.5061,47.8947
76188,3157,3191,3368,3389,3309,3651,3890,3719,3592,4177,5341,5162,3725,5295,9482,7814,26.8591,11.9224,8.73974,48.1747
76189,4145,5470,5660,4281,4420,6603,7076,4453,3798,4296,4364,3864,3400,3464,3529,3379,-10.8943,0.821914,8.80683,48.1347
76190,4452,4401,3772,3387,6815,6517,4070,3469,6208,6059,3979,3485,4336,4193,3649,3249,-1.37507,-15.657,8.6209,48.0273
76191,3799,4415,5474,4501,3800,5611,8125,5094,3540,4324,5231,4166,3421,3669,3750,3595,-7.44704,5.85434,8.70062,48.3433
76192,4019,5930,9714,6288,3731,4508,5264,4638,3422,3553,3742,3769,3199,3410,3389,3337,-32.5254,7.49577,8.50556,47.942
76193,3172,3348,3392,3402,3328,3379,3861,3847,3431,3709,4752,5954,3370,3949,5799,12471,32.4207,32.9524,8.73979,47.4427
76194,3354,3687,4444,4650,3367,4128,6525,6658,3453,4049,6114,6297,3246,3627,4245,4393,-1.17739,15.3177,8.98329,48.158
76195,3377,3461,3240,3051,3969,3789,3394,3174,5898,4840,3710,3280,12472,6041,3867,3464,31.2767,-28.3378,8.52535,47.3513
76196,3297,3349,3394,3181,3548,3934,3960,3639,4222,5593,5830,4292,4646,7213,7529,4743,19.7126,0.720432,8.90507,48.2467
76197,3464,3531,3373,3214,4012,4220,3708,3446,5525,7234,4612,3674,5733,7460,4920,3788,15.7508,-9.59365,8.76571,47.9427
76198,4020,3787,3455,3184,5923,4464,3684,3392,9460,5782,3879,3502,6076,4774,3749,3406,7.23633,-23.2743,8.5821,48.358
76199,5990,8819,5403,3956,4964,6492,4587,3765,3924,4098,3679,3373,3320,3376,3294,3277,-19.5922,-8.06234,8.7392,48.2113
76200,3203,3437,3674,3771,3253,3576,4379,5536,3387,3842,5284,9931,3271,3791,4934,6862,9.65682,31.6733,8.69674,48.0873
76201,4103,6745,9377,5456,3836,4831,5170,4444,3438,3713,3824,3755,3197,3273,3410,3339,-33.7399,4.32174,8.52432,47.9407
76202,3361,3475,3267,3235,3940,3845,3556,3286,5611,4960,3952,3491,10118,8120,4438,3476,32.7478,-17.651,8.6276,48.0873
76203,3376,4027,6812,12067,3426,3873,4741,6166,3194,3503,3785,3934,3171,3201,3281,3381,-27.217,23.5201,8.76606,47.9587
76204,3130,3279,3439,3407,3339,3727,3928,3832,3635,4307,5951,5089,3840,5254,9251,6576,22.444,10.0048,8.50059,47.9893
76205,3312,3514,3644,3539,3628,4241,4680,3982,4012,6068,7819,4744,3999,4911,5640,4523,9.89158,3.76509,8.80262,48.1707
76206,6006,4643,3640,3208,9622,5355,3786,3322,6433,4393,3737,3294,4118,3796,3528,3112,-6.08419,-27.5934,8.58558,47.9953
76207,3154,3271,3419,3345,3336,3620,4028,3966,3720,4428,6175,5217,3802,5054,8744,7025,20.6352,11.0573,8.52973,48.2027
76208,3194,3283,3617,3627,3032,3531,4120,4588,3313,3875,5308,8552,3305,3955,5552,9199,15.7885,24.9338,8.86575,48.034
76209,3667,4715,8228,7347,3626,4380,6161,5763,3289,3770,4065,4027,3176,3230,3564,3461,-19.3216,13.0173,8.86671,48.3127
76210,3863,4305,4300,3636,4321,6459,5912,4086,4230,5863,5651,3991,3784,4019,4051,3552,-1.59525,-1.13685,8.6867,48.0153
76211,4372,6553,8845,5540,3817,5000,5747,4510,3459,3666,3956,3568,3163,3443,3349,3222,-22.2583,3.97554,8.84653,48.14
76212,5643,4495,3569,3235,9499,5271,3772,3253,7068,4805,3610,3320,4256,3993,3439,3164,-3.87292,-26.7021,8.95039,48.2613
76213,3115,3453,3863,4260,3314,3657,4567,6813,3300,3800,5082,9458,3209,3677,4531,5774,4.80963,28.1466,8.66774,47.9153
76214,3943,5096,7728,5734,3728,4790,7075,5357,3433,3736,4225,4049,3221,3444,3508,3484,-16.1918,8.59592,8.73345,48.3673
76215,3257,3432,3892,4239,3278,3712,4626,6824,3343,3842,5170,9594,3278,3679,4551,5680,5.01502,28.7909,8.94343,48.2647
76216,3229,3379,3281,3306,3573,3757,3760,3549,3994,4741,5087,4263,4488,7828,8859,5034,29.6016,1.68945,8.93497,48.0853
76217,4355,4351,3873,3442,6117,7012,4359,3548,5646,6432,4310,3511,4309,4147,3699,3413,-1.12539,-12.683,8.74114,48.3493
76218,3697,3634,3367,3156,4907,4540,3636,3430,7949,6695,4137,3477,6507,5612,4070,3410,11.2602,-17.8273,8.59652,48.1493
76219,3414,3469,3235,3087,4302,3949,3390,3220,7647,5007,3770,3374,10472,5901,3959,3473,19.3584,-26.9254,8.59193,47.7793
76220,5660,5024,3892,3427,8250,6599,4047,3433,5505,4904,3575,3389,3966,3797,3342,3311,-7.4561,-18.298,8.7617,48.0807
76221,4635,4037,3561,3217,8036,5027,3709,3281,8450,4850,3715,3300,4866,4260,3598,3276,0.756513,-27.5578,8.57964,47.8787
76222,3622,4200,4408,4121,3909,5592,7128,4684,3647,4945,6349,4335,3561,3931,4051,3835,-1.75789,4.31213,8.94021,48.212
76223,8782,8856,4598,3486,5523,5147,4070,3590,3938,3898,3606,3367,3405,3394,3314,3183,-33.3714,-15.1267,8.64084,48.1047
76224,3164,3270,3401,3287,3368,3669,3865,3572,3792,4528,5613,4651,4168,6538,9300,5750,23.8086,5.51374,8.92398,47.9573
76225,3320,3576,4003,4164,3354,4002,5517,5906,3489,4115,6811,7094,3499,3871,4677,4834,3.34635,16.076,8.51412,48.1547
76226,3283,3493,3448,3205,3904,4141,3892,3481,4870,6879,5208,3904,5420,7750,5566,3996,17.1932,-5.79282,8.50811,48.2933
76227,3138,3272,3360,3326,3596,3774,3938,3789,4042,5171,6063,4584,4158,6362,8234,5174,19.42,3.52768,8.92161,47.9873
76228,3397,3424,3283,3120,3703,3879,3679,3403,4676,5266,4426,3803,6113,9791,6218,4038,31.3464,-6.70125,8.53725,48.146
76229,3811,4643,5325,4312,3958,5816,8053,4957,3706,4280,5179,4080,3300,3561,3798,3537,-7.5724,4.14353,8.96814,48.2107
76230,3649,3627,3371,3196,4751,4417,3649,3310,7334,7017,4331,3534,6566,6016,4179,3487,12.1652,-16.1618,8.60729,48.2893
76231,4392,4056,3424,3227,7567,4836,3703,3336,8739,5104,3702,3352,4972,4343,3642,3317,2.14136,-31.9236,8.51396,47.808
76232,3287,3517,3549,3382,3559,4073,4473,3839,3988,5752,7355,4773,4133,5488,6620,4678,13.592,3.69775,8.8924,48.3107
76233,7128,10019,5284,3741,5035,5104,4434,3555,3771,3794,3539,3372,3350,3448,3314,3175,-31.9924,-10.381,8.91708,48.042
76234,3464,3308,3193,3102,4016,3785,3342,3259,5895,4963,3760,3474,11770,7098,4099,3440,29.1696,-22.0605,8.71663,47.9787
76235,12244,5956,3864,3475,6127,4792,3711,3442,3852,3765,3392,3303,3405,3300,3247,3187,-27.7888,-33.2474,8.53365,47.3747
76236,3478,4419,8397,9596,3430,4105,5089,5498,3205,3517,3935,3917,2986,3271,3411,3437,-31.7531,16.5796,8.81181,47.794
76237,3352,3924,5734,7692,3406,3899,5945,8617,3202,3707,4364,4710,3130,3319,3584,3690,-13.3522,21.613,8.72475,48.1833
76238,3849,3970,3577,3317,4701,5614,4269,3512,5605,7792,4918,3792,4598,5069,4114,3556,5.34539,-9.2971,8.52831,48.1687
76239,8038,8265,4610,3603,5954,5895,4196,3528,3946,3981,3721,3250,3416,3356,3243,3206,-20.8243,-14.4448,8.92958,48.1387
76240,3314,3751,4831,5715,3524,4041,6412,8236,3311,3879,4903,5678,3230,3489,3904,3987,-6.23661,18.6179,8.54422,48.1367
76241,3541,3509,3299,3159,4442,4157,3625,3270,8660,5042,3890,3439,9143,5487,3886,3364,15.7309,-30.6708,8.64946,47.942
76242,11658,6008,3977,3391,7083,4939,3781,3459,4103,3859,3536,3215,3494,3365,3147,3089,-22.1074,-28.4569,8.60573,48.0693
76243,4211,4125,3467,3203,5920,5615,3943,3283,7556,6692,4145,3417,4933,4557,3758,3336,3.37171,-16.8655,8.83727,48.1073
76244,3195,3214,3518,3793,3280,3565,4364,5470,3444,3827,5120,9985,3322,3760,4912,6874,9.82408,31.4482,8.73512,47.762
76245,3298,3365,3276,3088,3920,3869,3546,3091,5169,5466,4073,3477,8427,9220,4780,3610,28.6765,-13.3649,8.58989,47.7833
76246,3776,3719,3577,3184,4529,4833,3874,3436,6353,8106,4634,3656,5261,5721,4246,3535,9.87215,-11.2852,8.87917,48.2933
76247,3902,3718,3388,3076,5434,4470,3667,3340,9491,5765,3894,3354,6672,4962,3865,3409,8.9966,-23.1079,8.90559,48.2713
76248,3216,3172,3355,3373,3259,3543,3781,4070,3370,3791,4680,6079,3487,3854,5918,12414,33.0897,30.1873,8.50155,47.5747
76249,3746,3640,3365,3142,5042,4306,3634,3293,9669,5190,3875,3309,7571,5189,3858,3461,11.9743,-33.7845,8.60411,48.1933
76250,8912,5272,3905,3384,8819,5221,3730,3353,4606,3993,3622,3321,3652,3562,3322,3184,-14.6594,-31.169,8.50536,47.9053
76251,3166,3196,3358,3324,3319,3480,3895,3852,3444,4105,5292,5295,3513,4881,9645,8160,32.8985,13.1393,8.96623,47.95
76252,3314,3526,4078,4235,3254,3783,5060,6412,3433,4011,6247,8292,3248,3706,4648,5126,3.52035,19.5013,8.77293,48.2487
76253,3164,3336,3576,3443,3410,3684,4187,4246,3810,4570,7213,5790,3688,4584,7517,6227,15.9601,11.2858,8.7903,48.2967
76254,3136,3266,3389,3405,3378,3609,4020,3734,3714,4257,5243,4913,3705,5245,9688,7326,31.9233,10.6838,8.74225,48.0187
76255,11209,6487,4123,3484,6706,4933,3777,3343,4058,3918,3440,3175,3455,3371,3187,3048,-23.3688,-23.8111,8.51505,47.8093
76256,3407,3882,5835,10267,3452,3814,5154,7930,3223,3527,3963,4444,3179,3247,3406,3469,-18.4844,27.27,8.50261,48.1327
76257,10978,7333,4241,3440,5828,4930,3848,3374,3937,3818,3542,3238,3415,3430,3280,3001,-30.9906,-20.6847,8.6434,47.7553
76258,3450,3608,3120,3113,4312,4064,3516,3245,7181,5596,3992,3374,9058,6609,4147,3618,18.5691,-19.9364,8.64395,48.002
76259,12633,5989,3838,3394,6032,4792,3846,3309,4016,3709,3342,3213,3441,3313,3161,3240,-33.2748,-27.4038,8.79484,47.512
76260,3426,3387,3261,3167,3857,3794,3595,3302,5299,5129,4008,3523,8957,9189,4782,3682,29.1794,-14.5818,8.82948,48.2387
76261,6504,6125,4229,3503,7348,6901,4152,3529,4619,4481,3645,3295,3589,3581,3415,3211,-12.6813,-16.066,8.50117,48.0847
76262,3181,3348,3530,3746,3413,3585,4269,5534,3314,3830,5321,9611,3372,3823,4845,6874,9.5266,27.5984,8.73614,47.7307
76263,3142,3318,3668,3866,3353,3584,4267,5476,3333,3737,5311,9897,3354,3780,5015,6757,9.45846,33.7288,8.94432,47.9053
76264,3390,3298,3467,3300,3586,3720,3772,3609,4201,5029,4923,4043,5019,8602,7848,4668,26.8966,-1.4984,8.65673,48.3167
76265,3450,4377,6997,7671,3465,4135,6391,6726,3423,3614,4171,4303,3096,3226,3415,3521,-16.7197,16.0237,8.77701,47.9873
76266,5732,9670,6621,4077,4601,5187,4545,3879,3669,3734,3559,3561,3203,3271,3327,3256,-31.0437,-5.16536,8.61256,47.928
76267,3157,3358,3402,3329,3615,3869,3978,3668,4219,5532,5801,4371,4517,7051,7636,4760,19.9614,1.31071,8.62632,48.1753
76268,3116,3188,3378,3335,3167,3469,3840,3804,3421,3790,4762,6004,3419,4081,6109,12345,29.0899,26.7784,8.57365,47.4853
76269,4533,4070,3491,3249,7482,4897,3797,3300,8994,5155,3826,3358,5174,4357,3575,3311,2.10446,-26.3175,8.68196,48.3793
76270,3733,3960,3682,3353,4509,5556,4391,3586,5129,8052,5374,3843,4488,5131,4347,3754,6.12497,-6.2797,8.58146,48.592
76271,3174,3378,3429,3341,3498,3910,3960,3503,4145,4989,5756,4479,4395,6961,8436,5110,21.6579,2.84768,8.56594,48.3093
76272,4050,3851,3521,3120,5495,4869,3865,3302,7948,6734,4162,3463,5595,4986,3849,3431,6.4738,-17.4799,8.60295,48.1607
76273,3384,3432,3510,3150,3738,4124,3906,3617,4683,6712,5317,4113,5005,7536,5955,4126,17.0563,-4.05124,8.70223,48.2053
76274,3370,3351,3243,3093,3914,3760,3411,3199,6040,4803,3657,3345,12560,6394,3944,3396,29.2857,-25.6317,8.98667,47.6533
76275,3207,3469,3639,3675,3460,3940,4930,4609,3609,4701,7922,6313,3598,4197,5808,5337,9.7936,11.5039,8.61427,48.276
76276,11885,5816,3954,3414,6878,4898,3921,3319,4087,3857,3557,3255,3288,3341,3180,3170,-22.3918,-32.7774,8.77694,47.88
76277,3491,3353,3311,3105,4245,3894,3383,3263,7693,5105,3839,3349,10953,5699,3977,3398,19.6845,-32.8018,8.94544,48.0387
76278,3295,3419,3295,3140,3960,3837,3499,3256,5817,4960,3844,3469,11037,7430,4274,3397,30.9142,-20.3263,8.69741,47.9527
76279,3175,3560,4149,4813,3258,3738,4852,8395,3346,3676,4935,8348,3220,3638,4174,4792,-0.1167,28.7864,8.95431,48.046
76280,4178,6838,9101,5526,3920,4593,5197,4527,3573,3766,3742,3673,3105,3294,3369,3236,-26.8609,4.69356,8.53315,47.7587
76281,3827,4923,8571,7240,3604,4313,5939,5341,3276,3739,4005,3999,3159,3299,3410,3415,-21.7069,11.5935,8.53358,48.04
76282,3282,3372,3568,3545,3358,3642,4233,4423,3579,4101,6946,6571,3616,4353,6763,6852,14.7251,14.2927,8.7997,48.136
76283,3429,3977,5528,5973,3448,4252,7111,7851,3346,3699,4829,4972,3122,3468,3657,3741,-9.04482,16.7906,8.92331,48.2687
76284,5129,5920,4465,3623,5800,7889,4878,3673,4416,4824,3903,3454,3716,3762,3432,3220,-10.2216,-9.56587,8.52944,48.0693
76285,3392,3856,5026,7577,3327,3923,5406,9742,3337,3575,4250,5306,3114,3293,3535,3742,-11.6259,25.9366,8.87206,48.2673
76286,3839,3654,3333,3166,5281,4324,3627,3241,9891,5403,3869,3466,7183,4975,3660,3380,10.2824,-33.5703,8.74839,48.1947
76287,3114,3210,3304,3365,3316,3569,3851,3905,3464,3999,4994,5528,3474,4215,8120,10410,29.9323,17.9024,8.89962,47.892
76288,3324,3206,3377,3354,3469,3751,3848,3683,3737,4514,5206,4593,3924,6317,9817,5914,33.1232,6.34149,8.69695,48.0227
76289,6601,9769,5887,3850,4680,5252,4492,3773,3621,3828,3670,3369,3347,3504,3286,3189,-29.3612,-8.33969,8.68612,48.0787
76290,3490,3415,3273,3096,4437,3948,3464,3214,8059,5208,3782,3489,10347,5650,3893,3353,18.318,-27.9022,8.86245,48.0787
76291,3314,3495,3565,3440,3669,4302,4322,3922,4203,6409,6886,4459,4265,5719,5916,4552,12.4629,1.17546,8.72245,48.292
76292,3484,3552,3301,3200,4407,4474,3719,3365,6660,7049,4424,3531,6558,6672,4373,3630,14.0644,-13.9743,8.60265,48.266
76293,3295,3574,3846,3714,3507,4292,5400,4671,3804,5065,7971,5410,3710,4133,5192,4630,6.37807,8.41238,8.60057,48.1427
76294,6954,9710,5426,3817,4938,5449,4276,3662,3705,3827,3627,3305,3416,3345,3305,3228,-26.6603,-10.1052,8.68854,47.9933
76295,3733,4983,9573,7801,3606,4122,5194,5136,3329,3590,3807,3769,3159,3344,3499,3331,-29.0398,12.2473,8.72851,47.984
76296,3525,3899,4369,4126,3739,4697,6790,4949,3758,4697,6880,4964,3479,3863,4447,4149,0.25025,7.89355,8.70126,48.2207
76297,3270,3461,3339,3164,3573,3735,3759,3639,4150,5327,5181,4229,4861,8051,8018,4751,23.8907,-0.054532,8.95055,48.3387
76298,12620,5904,4033,3457,6086,4701,3838,3478,3812,3730,3489,3142,3399,3382,3236,3060,-28.318,-31.2481,8.67544,47.578
76299,3367,3906,5794,11953,3297,3753,4953,6832,3245,3427,3688,4023,3107,3316,3429,3354,-23.2654,32.0631,8.99582,47.6293
76300,3629,3474,3283,3040,4452,4100,3404,3304,7877,5660,3899,3428,9095,5967,3887,3386,16.5519,-22.2201,8.83989,47.9233
76301,3789,3743,3391,3256,4653,4871,3742,3397,6848,7814,4418,3519,5494,5599,4284,3522,9.22181,-13.4784,8.76468,48.2267
76302,2986,3195,3450,3365,3162,3455,3904,3922,3440,4138,5153,6153,3459,4266,7588,10324,23.7438,19.1993,8.64891,47.9733
76303,3068,3192,3544,3614,3236,3552,4116,4378,3479,3846,5166,8197,3379,3967,5598,9911,17.2348,33.2197,8.53668,48.162
76304,3484,3548,3315,3135,4172,4163,3695,3357,6301,6846,4290,3568,6896,7265,4572,3630,15.9917,-13.8832,8.82854,48.158
76305,3238,3768,4483,5336,3250,3844,5740,8579,3476,3874,5039,6866,3294,3646,4039,4377,-3.1925,21.9491,8.58282,48.566
76306,11354,7388,4109,3457,5911,4975,3841,3266,3960,3814,3438,3202,3410,3291,3315,3065,-31.9063,-21.1051,8.8562,47.864
76307,3430,3381,3236,3043,4008,3908,3485,3228,6435,4908,3888,3392,11796,6598,3899,3346,25.2694,-23.9808,8.69119,47.9873
76308,3137,3264,3398,3360,3248,3575,3906,4266,3436,3897,5162,7404,3470,3968,6342,10381,19.6051,23.2315,8.94625,48.1427
76309,11860,6847,3996,3334,5971,4734,3800,3283,4037,3895,3410,3333,3413,3444,3173,3131,-33.2985,-23.0736,8.66231,47.774
76310,3167,3288,3262,3348,3199,3380,3848,3964,3250,3672,4891,6421,3377,3980,5991,12530,25.8006,29.6568,8.84074,47.712
76311,4464,7271,8410,4994,4120,5100,5496,4349,3640,3872,3853,3567,3234,3257,3450,3309,-22.9556,2.1457,8.53628,48.2573
76312,3373,3513,3250,3113,3865,4041,3798,3413,4910,6335,4669,3871,6076,8734,5580,3842,20.2064,-7.81989,8.65232,48.2553
76313,4565,4031,3583,3295,7653,4849,3779,3367,8640,5153,3679,3350,5059,4195,3607,3237,1.72507,-27.836,8.5511,48.028
76314,3233,3657,4506,5644,3476,3858,5651,9313,3339,3722,4722,6589,3292,3434,3839,4146,-4.97633,24.0398,8.80131,48.2807
76315,3413,3359,3329,3192,3761,3792,3760,3422,4725,5053,4469,3740,6094,9937,5983,4036,32.2189,-7.17013,8.7572,48.0433
76316,5280,5787,4306,3603,6321,7983,4654,3683,4533,4793,3890,3431,3677,3665,3468,3234,-10.0717,-11.6477,8.99251,48.2053
76317,5618,5468,4061,3443,7330,7387,4399,3415,4892,4736,3884,3361,3694,3698,3411,3197,-9.23803,-14.9538,8.71697,47.996
76318,4671,4464,3629,3305,6757,6252,3933,3486,6529,6022,4076,3402,4453,4248,3612,3284,-0.979009,-16.3391,8.79282,48.082
76319,3158,3387,3568,3556,3272,3652,4240,4246,3523,4147,6602,6873,3505,4335,6977,7350,15.9568,15.8182,8.86623,48.2607
76320,3423,3687,3924,3592,3745,4660,5300,4095,4070,5932,7677,4781,3786,4614,5053,4277,6.63017,3.62734,8.65664,48.4107
76321,3554,4632,8657,7944,3539,4172,5784,5634,3256,3609,3977,3921,3201,3321,3416,3245,-22.0549,13.4309,8.70367,47.908
76322,3860,5740,9356,6317,3690,4466,5620,4952,3429,3542,3956,3789,3173,3273,3299,3393,-23.5603,7.9733,8.50494,47.9033
76323,3464,4150,7082,11636,3332,3925,4805,6027,3273,3513,3735,3977,3097,3272,3350,3380,-26.6889,22.2657,8.73286,48.012
76324,3590,3668,3290,3132,4657,4432,3655,3206,7880,6395,4039,3516,7088,6048,3962,3434,13.106,-18.1929,8.53896,47.9947
76325,11041,7502,4245,3316,5771,5033,3847,3496,3896,3647,3463,3352,3552,3341,3267,3099,-32.953,-20.1126,8.80576,47.912
76326,7966,7256,4382,3502,6769,6210,4186,3419,4225,4118,3564,3254,3427,3424,3266,3175,-17.5154,-16.9243,8.84124,48.0953
76327,4229,6360,8176,5185,3970,5037,6174,4540,3593,3858,3940,3737,3231,3337,3363,3257,-19.5878,3.71982,8.52218,47.9913
76328,3434,3884,5133,8507,3397,3914,5258,9212,3235,3652,4057,4795,3171,3382,3507,3654,-13.8892,33.1994,8.64293,48.128
76329,3459,3384,3248,3141,4240,3946,3356,3233,7601,5014,3763,3435,10827,5858,3956,3408,19.613,-27.3881,8.81988,47.9127
76330,3175,3273,3359,3404,3192,3541,3832,3974,3395,3828,4871,6950,3411,3980,5942,11951,23.0725,33.653,8.68525,48.052
76331,3336,3392,3205,3307,3784,3721,3636,3423,4651,5243,4448,3765,6075,10095,6185,3998,30.3702,-6.87746,8.92653,48.176
76332,3233,3454,3463,3265,3705,3924,3943,3537,4361,5881,5577,4266,4864,7627,7017,4424,19.3407,-1.25598,8.85701,48.3607
76333,3254,3332,3380,3234,3621,3706,3724,3514,4189,5109,4821,4083,5226,8900,7507,4430,26.8114,-2.40781,8.8083,48.02
76334,3302,3426,3407,3166,3656,3988,3777,3455,4797,6434,4941,3762,5619,8664,5706,3950,19.4904,-6.51349,8.8844,48.0333
76335,3079,3134,3395,3355,3288,3494,3814,3880,3366,3810,4750,6140,3434,3999,6500,11979,27.446,24.6138,8.63422,47.6113
76336,3041,3121,3421,3423,3207,3518,3994,4269,3442,3864,5104,7417,3490,3891,5718,11015,19.9747,33.1357,8.57131,47.9567
76337,3151,3275,3291,3322,3300,3528,3871,3923,3598,4257,5193,4995,3822,5287,9748,7628,28.1186,11.3395,8.7816,48.126
76338,3391,3699,4722,4994,3485,4054,6534,7880,3324,3983,5198,6075,3222,3573,4012,4184,-4.31172,17.9409,8.92969,48.22
76339,3254,3302,3333,3186,3368,3756,3821,3549,4064,4912,5054,4283,4572,7938,8602,4966,30.937,1.29414,8.68175,47.9733
76340,3524,3356,3280,3118,4126,3834,3506,3163,7592,4954,3727,3414,11010,5788,3884,3364,19.6363,-32.0961,8.99857,47.76
76341,3404,4210,6333,7072,3546,4153,6686,7417,3367,3719,4291,4619,3242,3388,3718,3658,-13.851,16.5985,8.82625,48.5487
76342,5246,5002,3935,3525,7209,7110,4300,3488,5443,5227,3942,3461,3985,3815,3436,3331,-6.09175,-15.4108,8.63774,48.3033
76343,3413,3895,6039,11175,3402,3759,4969,7224,3226,3562,3878,4172,3156,3142,3446,3382,-21.3422,26.3419,8.6431,47.8933
76344,4877,7355,6174,4262,4578,6421,5649,4080,3756,3992,3953,3481,3334,3585,3355,3229,-17.3592,-2.65606,8.69059,48.054
76345,3649,4634,7471,6406,3635,4618,7066,5987,3397,3681,4119,4215,3211,3341,3533,3419,-15.9637,11.7113,8.93646,48.2547
76346,3132,3197,3488,3384,3246,3377,3710,4032,3333,3737,4809,6021,3380,3761,6100,12733,31.7937,27.8123,8.85575,47.6267
76347,3505,4098,4709,4402,3683,4743,7770,5596,3570,4409,6179,4790,3447,3780,4046,3909,-3.4318,8.42297,8.89866,48.424
76348,3201,3199,3450,3501,3307,3504,4075,4556,3340,3819,5462,8492,3394,3881,5707,9032,15.9602,24.9244,8.81587,47.9467
76349,3389,3971,5610,7895,3355,3938,5792,8509,3291,3696,4194,4706,3095,3334,3486,3704,-13.5904,21.3645,8.53341,47.9767
76350,3167,3348,3691,3740,3330,3729,4523,4724,3605,4132,6888,7615,3476,4113,5827,6349,11.4144,15.9931,8.79605,48.1713
76351,3702,4830,7738,6469,3659,4426,6760,5719,3314,3642,4152,4073,3142,3308,3438,3451,-17.2692,11.4078,8.7196,47.882
76352,4142,3881,3361,3197,6352,4836,3776,3449,9113,5627,3895,3437,5584,4753,3669,3208,5.06511,-22.2978,8.6022,48.1867
76353,3373,3918,6495,12148,3379,3807,4834,5924,3294,3483,3734,4069,3124,3147,3408,3294,-32.1797,24.0759,8.72143,47.6207
76354,4134,3691,3430,3216,6044,4614,3632,3280,9543,5642,3901,3357,6136,4557,3825,3285,7.20055,-24.0408,8.80973,48.1913
76355,3658,4856,8816,7591,3614,4279,6055,5488,3348,3518,3954,3766,3078,3261,3375,3340,-21.0255,12.7662,8.98844,47.998
76356,3307,3414,3293,3125,3766,3870,3716,3409,4657,5079,4524,3904,6111,9911,6282,4157,29.3787,-6.63939,8.94842,48.35
76357,3256,3518,3809,4048,3341,3665,4659,6114,3421,3853,5742,9342,3248,3684,4625,5938,6.4304,23.2418,8.7757,48.1753
76358,3139,3257,3396,3200,3432,3712,3770,3655,3828,4652,5302,4518,4159,6505,9893,6002,27.211,5.71875,8.985,48.28
76359,3266,3841,5170,7225,3302,3856,5426,9822,3304,3597,4421,5227,3135,3288,3721,3747,-10.6055,25.573,8.97664,48.232
76360,3106,3364,3381,3411,3378,3557,3964,3687,3694,4219,5214,5067,3825,5245,9874,7365,32.4138,11.2185,8.82916,48.234
76361,3404,3936,6742,12077,3458,3876,4796,6169,3230,3414,3807,3939,3124,3109,3385,3336,-26.5802,24.2743,8.77791,47.868
76362,3431,3510,3343,3052,3825,3767,3431,3191,5910,4705,3759,3347,12322,6498,4044,3360,31.1696,-24.2938,8.86472,47.6633
76363,3430,3346,3395,3166,3947,4187,3851,3512,5079,6988,5057,3748,5430,7518,5308,3885,16.1594,-7.138,8.55707,47.898
76364,4936,8483,7602,4584,4272,5272,5182,4028,3630,3850,3715,3622,3175,3244,3381,3163,-24.0702,-1.3599,8.82835,48.0927
76365,3436,3936,6511,12030,3324,3790,4951,5941,3149,3476,3745,3987,3290,3291,3514,3424,-33.8684,24.3437,8.77918,47.8633
76366,3103,3390,3814,3897,3411,3743,4623,5060,3495,4149,7027,8053,3449,3962,5494,6188,9.59722,17.0691,8.8858,48.572
76367,3075,3427,3478,3578,3210,3622,4266,4713,3481,3953,5712,8812,3327,3923,5613,8135,13.7326,23.1932,8.6728,48.2167
76368,3666,3876,3738,3441,4314,5424,4846,3792,4666,7585,5953,4148,4236,4719,4480,3740,5.0889,-3.33728,8.95134,48.416
76369,5412,5532,4213,3560,6711,7753,4381,3515,4819,4917,3933,3373,3775,3833,3517,3278,-8.86508,-13.2942,8.6329,48.348
76370,8822,8636,4787,3561,5510,5313,3970,3630,3880,3847,3491,3349,3472,3468,3177,3061,-25.1208,-15.1685,8.71387,47.9827
76371,4210,6166,8274,5276,3870,5101,6326,4587,3617,3767,4013,3911,3175,3339,3522,3339,-19.1725,4.47411,8.86368,48.3287
76372,3223,3269,3393,3150,3657,3868,3697,3418,4668,5372,4535,3783,5709,9638,6711,4157,25.63,-4.96502,8.98997,48.1653
76373,6008,4561,3691,3349,9879,5316,3868,3337,6136,4640,3626,3315,4006,3765,3317,3173,-6.09972,-33.8627,8.76143,47.9913
76374,3273,3567,3764,4140,3255,3723,4710,6563,3454,3763,5597,9222,3286,3686,4755,5606,5.26452,23.7414,8.5353,48.2427
76375,3764,5150,9536,7723,3558,4140,5386,5063,3399,3567,3770,3895,3030,3209,3387,3371,-25.4034,11.9737,8.61824,47.9653
76376,4776,6261,5083,4020,4908,7947,5620,3985,4003,4553,4062,3608,3532,3592,3448,3338,-11.8642,-5.04486,8.88136,48.4907
76377,3247,3347,3446,3290,3606,3884,3674,3557,4315,4813,4766,3975,4912,8534,8005,4502,33.0899,-0.966183,8.83859,47.9153
76378,3267,3464,4059,4605,3359,3692,4853,7672,3275,3798,5106,8903,3236,3632,4325,5021,2.05531,30.7948,8.78313,48.178
76379,3205,3309,3441,3197,3573,3926,3942,3569,4108,5377,6082,4482,4485,6687,7790,4868,19.5431,2.04636,8.56384,48.0273
76380,11766,5843,3959,3295,6966,4941,3816,3468,4055,3773,3479,3270,3437,3408,3222,3065,-21.9716,-32.3248,8.93325,47.842
76381,3518,4039,4774,4393,3682,4893,7866,5362,3735,4345,6090,4674,3414,3790,3968,3867,-3.30524,8.72555,8.92971,48.2733
76382,3566,4028,4038,3815,3782,5254,6148,4386,3949,5702,6953,4529,3611,4223,4580,3998,2.0388,3.31985,8.85977,48.3747
76383,3375,3947,6712,12088,3338,3780,4873,6107,3255,3454,3838,3942,3043,3228,3316,3408,-30.2909,23.8364,8.66446,47.8027
76384,3194,3210,3466,3495,3248,3417,3815,3879,3368,3709,4706,6087,3434,3919,5923,12555,33.9657,28.1866,8.74287,47.6167
76385,3398,4127,7206,11631,3443,3777,4938,5984,3244,3503,3798,3920,3096,3252,3399,3366,-27.8881,21.5301,8.93884,48.0547
76386,6775,5616,3989,3350,8290,6729,4120,3424,4989,4315,3583,3377,3762,3773,3301,2971,-10.7208,-18.683,8.6722,48.2427
76387,3296,3315,3394,3221,3428,3748,3781,3586,4060,4831,5134,4239,4576,7783,8637,4989,31.7048,1.59969,8.56177,48.012
76388,3316,3376,3297,3106,3713,3881,3543,3406,5044,5355,4343,3622,6997,9779,5463,3737,26.7729,-9.9981,8.60002,47.9853
76389,6257,9472,6062,4051,4662,5477,4466,3806,3711,3822,3676,3345,3261,3309,3321,3077,-25.1297,-7.12286,8.64986,47.85
76390,5262,4631,3774,3220,8248,6144,4011,3395,6463,5201,3849,3363,4211,3899,3530,3170,-4.09778,-19.9821,8.83496,48.2473
76391,3310,3255,3315,3371,3379,3682,3787,3737,3626,4287,5269,4967,3783,5385,9861,6904,32.657,9.66318,8.89709,47.9453
76392,3275,3333,3365,3295,3493,3863,3967,3721,4013,4995,5988,4620,4290,6495,8467,5324,21.075,3.74592,8.53851,48.336
76393,3294,3579,4545,5464,3273,3916,5831,8739,3341,3709,4939,6605,3168,3457,3917,4417,-3.99514,22.2027,8.66681,48.1293
76394,3053,3275,3350,3515,3290,3449,3916,4224,3475,3720,5120,7680,3402,3934,5700,10542,19.2675,27.3126,8.61218,47.7633
76395,12806,5910,3734,3264,6036,4783,3779,3268,3944,3755,3400,3250,3467,3378,3256,3172,-33.2781,-28.8228,8.80874,47.468
76396,3266,3559,4564,5777,3420,3798,5182,9826,3278,3673,4479,6492,3153,3366,3820,4197,-5.37787,28.9842,8.93466,47.9
76397,12833,5889,4015,3391,6057,4711,3683,3343,3913,3703,3543,3278,3446,3343,3182,3247,-30.5207,-31.2574,8.98095,47.718
76398,3562,4533,8471,9621,3478,3920,5062,5618,3287,3498,3806,3807,3118,3293,3391,3359,-28.4,16.4239,8.79655,47.8827
76399,8669,7047,4272,3511,7010,5909,3958,3428,4264,3988,3678,3258,3513,3441,3240,3048,-18.4718,-18.322,8.54134,48.156
76400,3319,3341,3288,3221,3916,3756,3406,3311,6085,4752,3780,3412,12672,6025,3890,3461,28.0123,-30.3447,8.70562,47.7567
76401,3263,3305,3307,3174,3719,3746,3653,3303,4562,5533,4552,3779,6160,9855,6168,3895,26.1934,-6.96833,8.9133,47.9827
76402,3417,3409,3212,3215,3823,3837,3566,3393,5365,5105,4155,3516,8851,8946,4693,3619,31.0842,-14.513,8.7747,48.0813
76403,3253,3341,3303,3308,3603,3658,3763,3510,4265,4964,4904,4209,4783,8347,8289,4761,30.1414,0.0952677,8.92177,48.174
76404,3217,3210,3298,3411,3218,3330,3771,3969,3403,3753,4893,6627,3439,3997,6039,12077,23.9066,33.1087,8.84829,47.768
76405,3436,3409,3179,3103,4045,3902,3318,3275,6117,4730,3773,3293,12358,6130,3951,3470,27.7967,-29.2502,8.52506,47.6593
76406,4614,5230,4313,3611,5514,8180,5057,3630,4483,5433,4226,3592,3686,3885,3587,3303,-6.92017,-8.21473,8.878,48.2293
76407,3407,3396,3201,3072,3975,3839,3417,3279,6249,4697,3766,3333,12431,6119,3913,3439,26.4153,-27.0219,8.72129,47.6887
76408,8406,9264,4778,3728,5159,5501,4012,3546,3760,3877,3536,3385,3289,3360,3255,3229,-26.838,-13.7908,8.75517,48.0567
76409,3793,3810,3438,3136,5407,4452,3587,3281,9409,5609,3883,3415,6772,4946,3791,3293,9.66595,-23.5739,8.66767,48.0147
76410,3202,3457,3648,3756,3260,3532,4290,5145,3275,3880,5426,9429,3234,3804,5143,7697,11.7498,26.2785,8.54541,48.1187
76411,3150,3261,3450,3425,3406,3538,3754,3729,3693,4148,5233,5068,3636,4961,9648,8226,29.2391,12.667,8.90945,48.2173
76412,5044,7156,5491,4079,4731,7212,5523,4065,3819,4251,4042,3500,3379,3624,3441,3414,-15.1347,-4.96194,8.62882,48.514
76413,3162,3420,3613,3854,3232,3632,4477,5416,3431,3878,6046,8964,3300,3949,5182,6413,9.23182,21.4686,8.78313,47.9793
76414,3262,3764,4768,6467,3323,3800,5367,9619,3267,3632,4414,5765,3187,3418,3792,3894,-7.9123,27.5203,8.58615,47.826
76415,6348,4711,3793,3357,9771,5104,3813,3392,6006,4454,3606,3293,4105,3732,3334,3230,-7.33919,-31.2184,8.60692,48.0327
76416,6234,4706,3754,3364,9855,5231,3806,3353,6219,4366,3658,3261,4062,3848,3310,3169,-6.69161,-32.1385,8.79372,48.1307
76417,6258,9346,5718,3950,4974,5792,4522,3718,3683,4047,3664,3370,3311,3419,3308,3195,-23.6552,-8.23658,8.58412,48.1833
76418,3318,3310,3130,3091,3953,3818,3445,3175,6184,4730,3840,3270,12581,6177,3973,3399,27.9113,-29.6377,8.68601,47.596
76419,3167,3266,3430,3388,3451,3505,3785,3662,3801,4375,5773,4935,3900,5709,9656,6346,24.0772,8.25493,8.80451,48.0993
76420,6274,5182,3807,3294,9135,6242,3939,3432,5519,4570,3736,3325,3836,3716,3389,3164,-8.81619,-21.0964,8.98039,48.3733
76421,8623,9200,4742,3582,5233,5211,4038,3585,3848,3848,3577,3166,3378,3422,3234,3048,-29.4203,-14.0865,8.98052,47.8233
76422,8761,5329,3847,3372,9155,5176,3869,3392,4675,4120,3471,3286,3501,3609,3226,3195,-14.1203,-31.8345,8.94152,47.9893
76423,3447,3636,3813,3617,3635,4331,5209,4253,3827,5728,7963,4982,3923,4641,5138,4278,6.97831,4.63426,8.97278,48.2807
76424,3174,3244,3334,3417,3165,3361,3697,3842,3378,3811,4700,6091,3359,3828,6026,12783,31.8015,29.8409,8.9411,47.4733
76425,4522,7294,8867,5088,4004,4913,5010,4364,3485,3703,3682,3673,3339,3278,3406,3276,-31.4801,2.32063,8.58078,47.936
76426,3050,3323,3514,3604,3285,3594,4091,4674,3594,3865,5879,8061,3381,3946,5905,8322,15.1498,21.2137,8.63131,48.0587
76427,3515,3831,4191,4042,3708,4525,6529,4905,3718,4783,7357,5236,3389,3911,4561,4246,1.43691,9.00507,8.86749,48.298
76428,3474,3959,4786,4699,3518,4429,7392,6670,3429,4068,5549,5458,3252,3577,3968,4076,-4.34201,13.7313,8.74853,48.2027
76429,3467,3910,6063,12575,3390,3772,4807,5988,3309,3391,3796,3884,3209,3330,3340,3232,-29.7088,31.1776,8.56523,47.642
76430,3690,4560,7795,7817,3463,4291,6029,6093,3416,3576,3937,4044,3074,3307,3415,3416,-19.4268,14.5482,8.60603,47.9487
76431,3413,3455,3364,3177,4019,4056,3610,3365,5777,6094,4237,3609,7524,8322,4683,3597,20.103,-13.4582,8.65506,48.2013
76432,6544,7010,4484,3645,6399,7268,4409,3631,4180,4399,3745,3270,3630,3518,3351,3141,-14.8931,-13.1324,8.97128,48.416
76433,9205,6605,4207,3447,7139,5552,3928,3480,4242,4044,3655,3194,3615,3538,3278,3021,-18.5369,-20.0115,8.6937,48.1
76434,3289,3513,3808,3933,3380,3813,5169,5600,3428,4040,6728,8057,3398,3778,4892,5449,5.98581,17.6752,8.9062,48.1833
76435,3380,3901,5852,11944,3367,3809,4803,6938,3234,3416,3843,4056,3164,3155,3363,3455,-22.4203,31.0017,8.93364,47.7867
76436,3733,3762,3453,3399,4734,4942,3907,3439,6476,7913,4459,3604,5393,5598,4214,3535,8.81653,-12.8925,8.50196,48.374
76437,3205,3277,3392,3277,3481,3641,3899,3857,3902,4786,6056,4674,4080,6067,8693,5722,20.8552,6.02602,8.52657,48.006
76438,3241,3311,3369,3367,3351,3611,3794,3854,3624,4154,5383,5115,3767,5280,9530,7405,28.1608,11.3163,8.58598,48.104
76439,3233,3489,3842,4166,3246,3753,4563,6366,3432,3894,5438,9758,3285,3737,4571,5749,5.67333,27.2139,8.67795,48.348
76440,3558,3542,3261,3111,4502,3990,3527,3160,8040,5279,3942,3348,9752,5803,3967,3403,17.4496,-24.9639,8.63839,48.1233
76441,3410,3852,5474,9599,3377,3774,5036,8496,3215,3471,4037,4334,3166,3324,3492,3548,-16.5791,32.3701,8.83337,47.7367
76442,3278,3813,5170,8258,3377,3912,5197,9348,3175,3670,4157,4972,3145,3294,3615,3581,-13.1538,29.0914,8.63674,47.9747
76443,3404,3843,4078,3888,3775,4758,6173,4568,3849,5431,7303,4688,3560,4127,4512,4170,2.80145,5.07039,8.67742,48.0847
76444,6974,4890,3808,3309,9502,5638,3996,3412,5329,4330,3636,3221,3781,3758,3317,3056,-10.0408,-23.9103,8.73015,47.9713
76445,3314,3309,3321,3148,3834,3821,3415,3291,5782,4985,3931,3473,10772,7845,4320,3440,27.2656,-19.1678,8.95376,48.0007
76446,3661,4955,9602,8092,3555,4163,5320,5107,3340,3510,3813,3898,3218,3254,3281,3362,-28.895,13.0594,8.89121,48.0873
76447,8000,7989,4593,3605,6257,6229,4233,3549,4178,4163,3620,3293,3346,3355,3318,3064,-19.7728,-15.2447,8.84432,48.528
76448,3336,3320,3360,3238,3577,3833,3931,3507,4134,5279,5484,4258,4661,7563,7984,4779,21.9395,0.976913,8.61965,48.1627
76449,12487,6139,3914,3316,6161,4869,3755,3349,4027,3821,3512,3298,3276,3299,3184,3142,-27.8699,-28.5166,8.61301,47.6993
76450,3688,3438,3319,3169,4639,4154,3597,3259,8853,5187,3760,3293,9085,5343,3824,3383,15.146,-31.0424,8.64507,47.994
76451,3358,3958,6604,12575,3250,3726,4903,6085,3256,3412,3786,3893,3059,3229,3355,3405,-28.9205,25.5446,8.9953,47.9027
76452,3934,5768,9973,6570,3829,4312,5438,4853,3322,3598,3769,3709,3135,3283,3315,3295,-27.1671,8.47734,8.64146,48.0687
76453,12656,5991,3923,3362,6295,4769,3846,3437,3885,3795,3427,3200,3394,3420,3104,3132,-26.1276,-29.743,8.67006,47.7573
76454,3148,3479,3754,3839,3317,3519,4318,5676,3373,3845,5263,9761,3288,3831,4831,6803,9.11458,32.6977,8.71099,48.03
76455,11292,5787,3919,3408,7208,4959,3738,3336,4170,3828,3415,3285,3315,3346,3317,3059,-21.3797,-30.3072,8.507,47.588
76456,3429,3586,3282,3125,4180,4513,3781,3441,5819,7536,4660,3712,5872,7170,4692,3701,14.1725,-10.5259,8.97598,48.3327
76457,3100,3210,3327,3290,3254,3543,3899,3877,3433,4007,5135,5265,3597,4707,8668,9062,30.5486,15.3748,8.68901,47.5827
76458,3156,3333,3393,3386,3340,3411,3800,3998,3281,3742,4764,6032,3395,3825,6140,12507,33.2548,27.1616,8.63503,47.6687
76459,4373,7245,9200,5142,3843,4903,5073,4313,3549,3722,3710,3575,3136,3341,3303,3260,-31.8693,2.81943,8.78747,47.792
76460,4428,4352,3608,3330,6403,6191,4110,3453,6639,6347,4081,3453,4587,4293,3807,3307,0.305786,-15.7162,8.95365,48.2593
76461,3277,3842,5319,7581,3406,3886,5569,9241,3309,3623,4409,5031,3081,3380,3662,3717,-11.9049,24.1697,8.69988,48.222
76462,3380,3381,3230,3079,3919,3845,3445,3236,5593,5092,3909,3446,10530,7885,4296,3491,30.6938,-18.6404,8.59346,47.838
76463,3042,3390,3900,4079,3194,3679,4519,6152,3367,3867,5527,9666,3315,3685,4661,6023,6.13001,24.5931,8.7279,48.044
76464,3651,3857,4098,3790,3818,5314,5994,4291,4192,6002,6931,4361,3671,4244,4351,3952,2.43538,2.22762,8.83046,48.3447
76465,2994,3270,3358,3271,3502,3663,3887,3801,3820,4824,5643,4541,4114,6240,9418,5758,23.1047,6.09379,8.70819,48.0693
76466,3245,3450,3988,4449,3258,3729,4794,7303,3390,3748,4965,9336,3373,3514,4381,5094,2.89148,31.9952,8.85111,48.0113
76467,7643,9575,5087,3756,5158,5160,4240,3620,3830,3796,3602,3372,3419,3382,3381,3151,-29.3291,-11.9022,8.80189,48.1147
76468,7412,9714,5253,3724,4968,5397,4260,3542,3822,3779,3562,3459,3259,3362,3336,3127,-25.9433,-11.1581,8.78833,47.984
76469,3325,3433,3457,3445,3679,4044,4068,3631,4243,6157,6068,4337,4587,6838,6607,4439,16.4522,-0.631029,8.95851,48.2387
76470,3194,3412,3834,3895,3263,3702,4809,5713,3376,3978,6364,8918,3438,3809,4801,5753,6.88574,19.9696,8.8975,48.1727
76471,4985,8896,7353,4527,4268,5389,4940,4051,3646,3771,3636,3391,3254,3293,3295,3151,-24.4641,-2.19904,8.93177,47.8973
76472,3568,4208,6957,8924,3450,3955,5717,7010,3208,3486,3939,4265,3068,3263,3422,3512,-18.3522,19.0645,8.97407,47.968
76473,3108,3172,3422,3440,3258,3494,3845,4179,3372,3851,5048,7523,3364,3853,6071,10987,19.7786,26.044,8.9365,47.9913
76474,3780,4286,4352,3791,4142,6255,5939,4175,4282,6020,5736,3943,3709,4061,4078,3712,-0.688649,-0.826959,8.60183,48.174
76475,5314,9396,7017,4230,4405,5014,4623,3934,3589,3743,3671,3475,3265,3328,3359,3310,-33.3926,-3.41483,8.94711,47.782
76476,3627,3844,3667,3400,4144,5370,4384,3662,4972,7805,5735,3957,4378,5111,4478,3701,6.35287,-5.32247,8.69783,48.1567
76477,3350,3883,5786,10728,3468,3867,4987,7591,3223,3342,3816,4278,3106,3362,3429,3567,-19.844,28.6454,8.62323,47.8553
76478,4584,4214,3503,3297,6903,5293,3875,3286,7752,5942,3819,3412,4928,4415,3602,3440,1.84586,-19.8003,8.56189,48.1767
76479,3297,3578,3482,3307,3739,4261,4214,3751,4394,6655,6466,4298,4456,6102,5945,4298,13.6677,-0.282279,8.64083,48.162
76480,9813,8362,4374,3480,5549,5135,4039,3395,3857,3820,3448,3334,3383,3374,3228,3075,-27.6084,-17.0467,8.65786,47.7773
76481,3758,4804,7079,5596,3698,4900,7536,5713,3392,3900,4400,4142,3220,3391,3559,3458,-14.2619,9.60104,8.90663,48.364
76482,3521,3768,3903,3671,3845,4611,5557,4336,3974,5778,7587,4750,3803,4338,4733,4113,4.67442,4.01543,8.65297,48.192
76483,5248,6666,4931,3664,5379,7657,5025,3810,4081,4511,3952,3435,3583,3526,3452,3329,-12.8962,-7.84944,8.62655,48.166
76484,3335,4065,6404,12181,3359,3798,4806,6069,3264,3465,3794,3890,3131,3122,3469,3327,-31.6237,24.7663,8.79643,47.6527
76485,8082,5267,3838,3493,9318,5101,3787,3373,4820,4104,3561,3300,3590,3546,3390,3204,-13.165,-32.6186,8.72754,47.8493
76486,3466,3372,3319,3089,3763,3797,3681,3413,5030,5215,4218,3620,7411,9775,5327,3801,30.7313,-11.253,8.79484,48.198
76487,3879,5469,9473,6893,3638,4316,5633,5042,3354,3537,3803,3787,3066,3202,3397,3310,-24.3557,9.88175,8.74494,47.866
76488,3117,3310,3335,3241,3545,3818,3642,3486,4316,5130,4683,3962,5266,9098,7678,4482,28.6507,-2.49236,8.8572,48.0727
76489,3309,3831,5506,8710,3458,3800,5252,8845,3345,3619,4252,4705,3006,3449,3518,3518,-14.5054,26.365,8.63146,48.082
76490,3418,3543,3749,3509,3727,4562,4986,4105,4196,6289,7534,4705,3840,4643,5232,4217,7.31341,2.94345,8.71485,48.17
76491,5161,4759,3954,3460,7178,7250,4315,3533,5553,5495,3914,3455,3977,3883,3609,3317,-4.99935,-14.998,8.98274,48.542
76492,3756,4833,8013,6385,3722,4716,6783,5669,3296,3656,4099,4096,3172,3222,3489,3340,-17.1602,10.7746,8.73273,48.1647
76493,3316,3980,5946,8507,3369,3948,5629,8406,3363,3680,4092,4639,3068,3274,3533,3609,-15.13,22.6123,8.53949,48.2393
76494,4725,7918,8241,4810,4082,5104,5280,4270,3575,3943,3774,3612,3193,3369,3300,3218,-24.1055,0.618904,8.73146,48.276
76495,3943,3723,3422,3195,5139,4952,3671,3270,7696,7157,4300,3477,5547,5334,3957,3454,7.98615,-16.0903,8.80305,48.158
76496,3767,4837,8193,6493,3675,4507,6640,5712,3334,3657,4066,3959,3105,3402,3456,3451,-18.1974,11.2565,8.79975,48.1693
76497,4444,7307,9233,5108,3923,4707,5058,4352,3554,3727,3758,3675,3263,3392,3411,3221,-29.7989,2.73072,8.98924,48.0887
76498,3434,3344,3256,3168,3764,3870,3571,3250,4811,5212,4408,3668,6656,10056,5659,3911,31.102,-8.97018,8.85752,48.0253
76499,4127,4941,4799,3944,4461,7266,6411,4267,3962,5172,4732,3881,3513,3761,3699,3447,-6.71698,-1.61195,8.5568,48.2553
76500,3617,4766,9313,8648,3440,4016,5305,5339,3238,3524,3873,3718,3126,3235,3411,3227,-27.5501,14.1499,8.98586,47.864
76501,6793,5474,3891,3341,8476,6434,3996,3440,4977,4522,3742,3253,3887,3654,3301,3248,-10.9774,-19.2265,8.92089,48.286
76502,4614,4572,3722,3411,6629,6803,4164,3526,6045,6014,4076,3456,4323,4130,3611,3294,-2.13008,-14.8797,8.88252,48.26
76503,11589,6938,4090,3494,6039,4820,3804,3481,3844,3824,3423,3262,3379,3305,3176,3038,-27.6008,-22.0438,8.88258,47.6707
76504,7558,5644,3885,3333,8651,5959,3797,3438,4832,4191,3539,3282,3736,3638,3400,3081,-12.8034,-21.0563,8.59271,47.976
76505,4096,3944,3513,3174,6812,4604,3656,3350,9591,5177,3774,3424,5596,4484,3710,3233,4.49149,-33.8809,8.75037,48.092
76506,3163,3434,3459,3371,3460,3823,4018,3851,3952,5292,6419,4686,4268,6131,7821,5145,18.0182,3.89734,8.50663,48.1953
76507,5716,6343,4436,3595,6277,7713,4731,3677,4397,4748,3731,3439,3674,3699,3356,3203,-12.1342,-11.7004,8.8307,48.49
76508,4995,4324,3609,3268,8622,5105,3730,3410,7654,4886,3758,3311,4517,4050,3481,3252,-1.49985,-32.5579,8.71537,47.9813
76509,5628,4359,3632,3348,9389,5761,3843,3239,6517,4778,3705,3258,4279,3919,3509,3248,-4.8493,-23.3854,8.97099,48.2747
76510,3130,3212,3400,3488,3345,3343,3890,4299,3446,3712,4896,7895,3357,3935,5688,10591,19.0296,31.1328,8.57015,47.7513
76511,12482,5968,3792,3320,6142,4826,3735,3359,4057,3779,3447,3282,3323,3354,3279,3077,-33.9236,-28.2088,8.54928,47.4813
76512,3529,4592,8649,9632,3495,3958,5115,5563,3233,3566,3852,3829,3038,3218,3331,3305,-29.3454,16.1962,8.82387,47.9367
76513,3470,4002,7030,11735,3364,3794,4916,5900,3168,3456,3745,3898,3084,3237,3441,3444,-33.1322,21.848,8.87112,47.7893
76514,4682,4201,3522,3181,7899,4889,3759,3336,8541,4894,3728,3365,4989,4162,3560,3141,0.923119,-31.0403,8.51674,47.8993
76515,3656,3595,3266,3090,4868,4383,3642,3193,8679,6263,3954,3436,7314,5493,4015,3473,12.4245,-20.2481,8.90055,48.2133
76516,5559,4725,3658,3340,8651,6108,4001,3342,5998,4959,3728,3236,4148,3860,3434,3083,-5.60711,-20.2843,8.86307,47.8867
76517,9364,7282,4320,3438,6558,5566,4015,3481,4130,3993,3569,3375,3543,3489,3367,3074,-20.8074,-18.5494,8.71293,48.376
76518,3506,3722,3658,3348,3998,4721,4222,3589,4890,7774,5981,4057,4428,5525,4998,3928,9.55915,-3.93386,8.68044,48.23
76519,3612,3552,3577,3307,4065,4621,3963,3649,4932,7823,5711,3824,4802,6163,5091,3901,11.6725,-4.75796,8.77814,48.3953
76520,4737,4779,3990,3389,6506,7652,4348,3579,5429,5627,4028,3479,3985,3950,3606,3302,-4.28214,-13.3742,8.99666,48.2573
76521,3934,4438,4569,3920,4145,6164,6886,4486,3900,5151,5630,4199,3535,3826,4021,3656,-3.68778,1.54445,8.55778,48.3067
76522,3408,3544,3437,3259,3655,4294,3899,3556,4776,6775,5435,4063,5019,7205,5753,4161,16.1647,-3.84948,8.5219,48.1593
76523,3328,3642,3704,3435,3756,4389,4639,3979,4091,6093,7261,4627,4116,5006,5663,4494,10.3616,3.09346,8.52491,48.1487
76524,3938,3839,3505,3178,5537,5161,3859,3346,7329,7237,4369,3617,5440,5080,3904,3378,6.58888,-15.5427,8.6444,48.478
76525,3376,3339,3283,3076,3931,3695,3390,3251,6022,4795,3852,3281,12476,6330,3975,3321,31.1415,-26.2905,8.97939,47.5953
76526,3387,3418,3234,3092,3898,3798,3563,3353,5355,5175,4009,3516,9096,8906,4660,3533,29.211,-15.3171,8.88353,47.9953
76527,3413,3300,3273,3079,4023,3864,3544,3275,6488,4929,3797,3369,11331,6808,4012,3376,23.8908,-22.9728,8.64303,47.9207
76528,3458,4245,6809,9976,3465,3933,5331,7060,3223,3535,4006,4244,3083,3242,3370,3595,-20.153,21.0442,8.77997,48.3833
76529,3167,3561,4202,4685,3347,3803,5073,7858,3348,3759,5164,8150,3261,3652,4228,4838,0.470526,24.8639,8.58554,48.064
76530,4093,3951,3482,3191,5864,5493,3882,3410,7513,6585,4137,3528,5030,4764,3851,3447,4.08758,-16.8748,8.69568,48.1473
76531,3312,3476,3317,3192,3937,3815,3461,3226,5787,5011,3958,3397,10273,7936,4328,3580,28.0098,-18.5606,8.72221,48.004
76532,5781,9410,6648,4078,4464,5187,4556,3815,3608,3802,3690,3520,3340,3323,3281,3222,-31.1057,-5.13588,8.59959,47.8167
76533,11185,7011,3963,3426,6452,5002,3916,3476,4123,3893,3436,3140,3362,3422,3248,2994,-23.9919,-22.2989,8.71356,48.0327
76534,3457,3724,4240,3987,3569,4540,6410,4826,3758,4920,7493,5225,3422,4020,4564,4132,2.21344,7.83931,8.89029,48.1913
76535,11967,5966,3982,3448,6495,4888,3740,3370,3906,3890,3488,3123,3385,3357,3165,3234,-24.4674,-33.0758,8.50302,47.6027
76536,5494,9341,6876,4210,4544,5093,4596,3977,3634,3803,3697,3480,3272,3430,3419,3204,-32.4973,-4.52974,8.53995,48.0467
76537,3146,3174,3388,3413,3307,3485,3711,3942,3278,3814,4649,6208,3378,3852,6018,12557,27.7722,31.2406,8.62376,47.5467
76538,3401,3977,5803,11508,3396,3738,4865,7123,3259,3433,3903,4200,3162,3260,3440,3373,-21.4341,31.7791,8.99668,47.894
76539,10591,5716,3841,3426,8157,4979,3737,3240,4349,3926,3451,3285,3386,3437,3261,3136,-18.3597,-31.2421,8.93955,47.9453
76540,5798,4518,3646,3321,9629,5377,3766,3324,6549,4615,3641,3299,4280,3814,3442,3158,-5.20639,-26.6265,8.79511,48.118
76541,3239,3176,3263,3338,3261,3496,3825,3907,3364,3925,5088,6015,3478,4260,7480,10806,25.9067,20.0751,8.56236,47.9473
76542,3323,3709,4259,4314,3617,4315,6606,5510,3512,4467,6884,5751,3412,3748,4494,4301,0.834421,11.341,8.82852,48.148
76543,3440,3544,3158,3139,3781,3799,3625,3288,5691,4926,3832,3449,10589,7713,4302,3514,30.2935,-18.9623,8.57305,47.86
76544,3208,3204,3364,3215,3590,3860,3765,3446,4274,5266,4933,4036,4987,8791,7598,4455,25.5118,-1.88876,8.89791,47.9947
76545,4376,4612,4009,3544,5278,7658,4952,3694,4902,6229,4497,3625,3943,4017,3697,3483,-2.89171,-8.21253,8.70455,48.344
76546,4532,3975,3461,3138,7203,4793,3703,3368,9485,5024,3810,3333,5317,4302,3579,3187,3.09414,-28.7751,8.99259,48.14
76547,3288,3306,3293,3061,3893,3741,3367,3195,6152,4801,3813,3386,12546,6056,3899,3449,27.7899,-32.2289,8.72407,47.4973
76548,11269,5861,3913,3375,7237,4816,3905,3449,4020,3910,3338,3245,3346,3411,3272,3093,-21.1694,-33.8628,8.80679,47.64
76549,3597,3556,3355,3125,4704,4120,3536,3200,8979,5133,3853,3444,8834,5335,3884,3412,14.6855,-32.4997,8.83141,48.0447
76550,4165,5572,6688,4729,4044,5977,6957,4708,3648,4028,4173,3875,3360,3417,3595,3413,-14.3829,2.89421,8.50116,48.2327
76551,3359,3434,3230,3167,3870,3819,3534,3238,5720,5212,4057,3462,9561,8481,4458,3577,26.6326,-16.7236,8.56513,48.1193
76552,3929,3970,3499,3310,5168,5175,3913,3540,6981,7506,4233,3456,5053,5049,3918,3483,6.12291,-14.4219,8.91138,48.122
76553,3499,3826,5776,10273,3425,3816,5052,7923,3254,3471,4019,4322,3160,3212,3412,3427,-18.2711,25.6707,8.87034,47.9113
76554,3539,4445,7233,8239,3511,4176,6094,6404,3310,3601,4008,4256,3176,3212,3414,3520,-18.354,16.1857,8.9221,48.092
76555,3418,4129,6357,10005,3432,3963,5195,7242,3291,3473,3924,4173,3059,3268,3480,3468,-19.3488,23.0377,8.5058,47.918
76556,7895,6074,4044,3457,7762,6050,4091,3456,4721,4261,3652,3268,3509,3492,3303,3049,-14.6113,-19.2892,8.54466,48.056
76557,3554,3431,3319,3183,4733,4159,3580,3251,9022,5004,3775,3520,9011,5308,3846,3214,14.7205,-29.7451,8.77886,47.94
76558,3117,3326,3538,3460,3397,3692,4050,4140,3509,4294,6166,6015,3699,4609,7949,7411,19.0827,13.891,8.59118,48.248
76559,4448,5026,4402,3680,5103,8098,5357,3778,4420,5403,4390,3634,3763,3913,3615,3399,-6.56368,-6.43035,8.83036,48.286
76560,3446,4241,7755,10073,3364,4028,5090,6224,3212,3541,3904,4046,3044,3238,3400,3379,-24.1078,18.8688,8.79168,47.99
76561,5143,9023,7484,4399,4492,5320,4808,3978,3774,3834,3646,3385,3209,3271,3331,3284,-26.4211,-2.48182,8.79708,48.254
76562,4039,4669,4446,3860,4615,7284,5890,4016,4149,5528,4931,3870,3637,4031,3815,3498,-4.60221,-3.0288,8.5894,48.1853
76563,3236,3343,3164,3241,3615,3926,3586,3336,4815,5184,4392,3728,6412,9946,5916,3882,31.0737,-8.32017,8.89829,47.8147
76564,12446,6038,3873,3365,6599,4910,3750,3387,4010,3777,3486,3191,3350,3358,3104,3069,-24.1913,-29.7214,8.91637,47.8087
76565,6048,5947,4273,3517,6934,7380,4367,3549,4596,4637,3840,3364,3669,3594,3296,3147,-11.7109,-14.4253,8.68144,48.1053
76566,3981,6058,9786,6327,3741,4531,5137,4616,3374,3643,3799,3673,3219,3339,3313,3351,-31.5915,6.77504,8.76711,47.9253
76567,3202,3299,3326,3393,3260,3380,3869,4154,3320,3858,5008,7375,3352,3908,5652,11051,20.3491,32.3674,8.90522,47.6047
76568,3960,3727,3433,3160,6109,4550,3572,3222,9941,5238,3826,3293,6321,4772,3725,3341,7.2096,-29.5863,8.75262,48.1267
76569,3443,3583,3360,3195,4012,4133,3776,3281,5655,7469,4657,3654,5830,7380,4830,3793,15.2541,-9.76794,8.81419,48.034
76570,3127,3135,3379,3369,3315,3583,3808,3824,3674,4256,5485,5018,3787,5166,9623,7526,25.3982,11.2698,8.84824,48.05
76571,4256,4785,4316,3555,4914,7670,5508,3807,4415,5874,4631,3760,3829,3882,3642,3466,-3.88637,-5.38468,8.89192,48.2067
76572,3767,3474,3429,3102,4656,4553,3657,3318,6985,7123,4310,3574,6153,6215,4194,3607,12.3607,-14.4994,8.5434,48.078
76573,4224,4858,4191,3686,5241,7562,5267,3909,4395,5941,4376,3682,3790,4022,3607,3422,-4.0849,-6.16303,8.67388,48.1153
76574,3405,4068,6258,11525,3276,3768,4926,6887,3207,3568,3786,4132,3125,3110,3248,3408,-22.4193,26.0072,8.59116,47.798
76575,3147,3311,3579,3828,3279,3529,4305,5366,3322,3854,5298,9867,3289,3760,4899,7239,10.3031,29.3354,8.68251,47.9147
76576,3792,4624,5902,4757,3801,5372,7993,5110,3738,4121,4821,4267,3396,3610,3776,3607,-9.61606,6.84199,8.58044,48.458
76577,12250,6047,3955,3491,6775,4907,3825,3308,3985,3781,3501,3260,3286,3461,3285,3064,-23.8076,-29.6136,8.99295,48.1207
76578,8909,8996,4689,3622,5418,5150,4192,3561,3735,3762,3621,3361,3340,3230,3229,3131,-28.5714,-14.8743,8.72457,47.964
76579,3074,3333,3319,3391,3411,3509,3824,3833,3620,4341,5631,5016,3899,5428,9484,6842,24.1069,9.70282,8.75243,47.97
76580,4485,7597,9154,5084,4029,4847,5066,4170,3470,3591,3754,3679,3218,3487,3247,3130,-32.2753,2.21293,8.9002,48.0053
76581,3242,3468,3808,4055,3308,3597,4679,5775,3283,3982,6067,8939,3359,3838,4960,6058,7.36717,21.3114,8.64999,48.2787
76582,3108,3396,3299,3353,3261,3428,3820,4007,3353,3845,4656,5889,3470,3995,5983,12370,30.8336,32.6849,8.5052,47.4887
76583,3769,4612,7049,6420,3551,4465,7059,6104,3278,3675,4400,4180,3155,3296,3548,3606,-15.359,12.605,8.51223,48.1113
76584,3744,3556,3358,3012,5024,4264,3600,3273,9733,5280,3806,3424,7831,5212,3712,3351,12.0223,-26.7087,8.88614,48.12
76585,3212,3283,3438,3454,3445,3978,4076,3636,4209,5749,6108,4395,4422,6960,7243,4684,18.8575,1.10385,8.53485,48.1947
76586,3357,3849,5875,9280,3347,3919,5184,8382,3167,3629,4032,4498,2937,3272,3475,3556,-16.2141,24.5462,8.78736,47.8393
76587,6675,8846,5317,3756,5173,6019,4404,3717,3778,3945,3614,3526,3382,3393,3324,3121,-21.812,-10.0921,8.51234,47.9933
76588,3494,4182,7584,10574,3360,3927,5029,5645,3294,3462,3935,3869,3078,3207,3436,3437,-32.3001,18.9357,8.93895,47.6753
76589,6482,4819,3718,3422,9702,5196,3854,3390,5652,4368,3722,3290,4011,3691,3397,3164,-8.22824,-32.7615,8.55673,47.9187
76590,3551,4159,4856,4473,3735,4883,7995,5607,3515,4208,5706,4859,3210,3589,4019,3924,-4.73977,9.48242,8.68185,48.1927
76591,4290,6980,9348,5600,3816,4734,5227,4384,3424,3661,3823,3649,3193,3387,3364,3278,-27.28,3.94373,8.69369,48.1053
76592,3312,3706,4613,5754,3384,3826,5641,9534,3412,3714,4775,6186,3137,3447,3764,4018,-6.26958,23.4359,8.87565,48.1487
76593,3506,3285,3218,2985,4009,3810,3594,3212,6701,5029,3843,3340,11535,6423,3997,3459,23.2562,-24.5442,8.75551,47.964
76594,4586,4407,3610,3315,7510,5531,3929,3360,7636,5675,3891,3218,4835,4282,3647,3264,0.283733,-20.3925,8.73738,48.464
76595,3438,4073,6184,12278,3292,3876,4694,5986,3239,3373,3715,4082,3108,3214,3384,3394,-32.7849,26.5049,8.52862,47.5533
76596,3664,3811,3443,3206,4666,4889,4038,3419,6599,7696,4478,3625,5471,5627,4261,3506,9.22108,-12.9216,8.68009,48.266
76597,3133,3273,3622,3573,3320,3588,4161,4834,3419,3883,5209,9263,3264,3756,5283,8165,13.2007,32.5249,8.7865,47.8307
76598,6185,8954,5478,3857,5042,6409,4688,3815,3799,4037,3643,3415,3310,3460,3458,3120,-20.1021,-8.40115,8.93256,48.4467
76599,5078,4162,3578,3312,8760,5083,3761,3358,7524,4835,3726,3371,4555,4099,3495,3283,-2.0464,-27.3481,8.53336,47.9867
76600,3392,3912,6103,11464,3361,3925,4969,6918,3268,3530,3915,4146,3047,3196,3372,3401,-22.174,27.3611,8.54667,47.946
76601,3355,3860,5623,10597,3411,3949,5042,7807,3259,3469,3816,4274,3148,3310,3298,3417,-18.9069,31.8818,8.97902,47.7567
76602,3274,3315,3639,3638,3342,3829,4551,4571,3548,4410,7195,6909,3548,4208,5987,6252,11.6637,14.7789,8.63621,48.144
76603,3492,3527,3385,3232,4096,4401,3961,3523,5434,7414,4963,3834,5482,7410,4963,3810,14.8992,-8.38442,8.65552,48.618
76604,3127,3271,3505,3331,3332,3644,3991,4187,3505,4087,5877,6546,3532,4252,7305,8762,19.2557,17.5396,8.60399,48.1693
76605,3560,3622,3646,3497,4014,5061,4653,3787,4486,7566,6368,4113,4168,5165,4671,3960,7.04193,-2.54898,8.92956,48.2247
76606,4145,6483,9763,5798,3882,4558,5312,4471,3420,3667,3728,3639,3168,3338,3419,3269,-28.6707,5.40555,8.83962,48.04
76607,3432,3942,5799,12217,3401,3775,4815,6220,3263,3531,3789,3836,3193,3162,3448,3395,-25.9747,33.2541,8.52076,47.4787
76608,3683,3522,3337,3115,4295,4169,3554,3310,7088,6562,4176,3524,7422,6642,4222,3416,15.3311,-16.307,8.97746,48.0247
76609,3397,3727,4305,4125,3569,4355,6700,5369,3572,4497,7171,5688,3435,3833,4434,4230,1.02594,11.1684,8.79374,48.2713
76610,3304,3395,3328,3281,3819,3751,3461,3340,5192,5171,4240,3590,7468,9709,5136,3594,32.2168,-11.6093,8.99771,47.8527
76611,3547,4279,5604,5040,3525,4696,8073,6191,3397,3984,5150,4502,3245,3443,3841,3680,-8.24231,10.8879,8.86901,48.1313
76612,9568,5437,3879,3419,8780,5158,3834,3464,4503,4007,3554,3304,3592,3390,3300,3086,-16.0382,-27.8484,8.82199,48.1833
76613,5716,4982,3855,3314,8089,6981,4217,3485,5349,4891,3768,3387,3889,3871,3398,3092,-7.43064,-17.5919,8.75805,48.1893
76614,3311,3593,3658,3511,3637,4378,5070,4066,4031,5772,7666,4915,4023,4754,5457,4413,8.53428,4.2298,8.64704,48.17
76615,3126,3200,3549,3554,3275,3466,4164,4556,3383,3877,5184,8770,3300,3856,5374,9184,15.5634,28.3407,8.7951,47.8787
76616,7917,9457,5137,3779,5053,5415,4122,3552,3708,3797,3472,3332,3380,3369,3260,3292,-27.1045,-12.2065,8.89529,48.028
76617,4454,6040,5129,3990,4651,7460,6096,4011,3912,4632,4234,3646,3475,3676,3564,3348,-11.5814,-3.53991,8.69574,48.212
76618,3150,3331,3405,3376,3288,3372,3766,3770,3314,3798,4658,5788,3441,3843,5869,12314,32.9674,33.9675,8.86142,46.9887
76619,4338,6756,8784,5345,3912,4956,5728,4540,3439,3663,3825,3686,3208,3395,3506,3279,-22.1616,3.49792,8.78077,48.24
76620,3407,3363,3208,3121,3907,3761,3437,3294,5519,5107,4141,3498,9406,8768,4474,3542,31.8663,-15.8896,8.89122,47.9687
76621,3396,3460,3400,3136,4038,4063,3680,3391,5825,6894,4532,3627,6378,7748,4832,3688,17.0733,-11.1919,8.54628,48.0587
76622,3186,3266,3377,3354,3532,3608,3741,3646,3787,4546,5565,4479,4149,6598,9668,5822,25.5882,5.44998,8.80692,48.216
76623,3550,3969,4101,3806,3897,5065,6191,4350,3890,5671,7179,4601,3648,4248,4509,4045,2.19774,3.74634,8.86143,48.48
76624,3086,3195,3291,3523,3204,3538,3926,4255,3398,3927,5127,7700,3472,3876,5971,10804,19.1317,26.4569,8.92304,48.1953
76625,5091,8824,7719,4522,4252,5077,4871,4006,3651,3774,3746,3516,3258,3407,3342,3248,-26.7027,-1.74095,8.72363,48.2027
76626,3322,3454,4009,3983,3548,4053,5499,5361,3494,4295,7482,6660,3407,3853,5018,4871,4.68925,13.7539,8.70992,48.206
76627,4209,3946,3508,3334,5827,5130,3896,3373,8011,6532,4098,3380,5219,4691,3696,3434,4.96814,-18.3627,8.62561,48.1893
76628,3166,3377,3531,3458,3383,3873,3978,3795,3828,5103,6550,4909,3985,5642,8331,5448,17.9842,6.43834,8.79693,48.238
76629,3370,3734,4798,5998,3429,3802,5375,9414,3223,3686,4596,6079,3156,3456,3754,4114,-6.74458,24.8136,8.5217,47.9893
76630,3310,3298,3239,3162,4019,3829,3482,3182,6677,4872,3805,3282,12313,6140,3991,3341,24.1425,-30.5737,8.9813,47.9613
76631,9970,5956,3980,3355,7845,5312,3956,3292,4411,3892,3491,3250,3478,3551,3168,3118,-18.2531,-24.7913,8.8291,48.0167
76632,3082,3290,3648,3913,3269,3730,4409,5739,3454,3790,5192,9947,3249,3769,4836,6760,8.77224,29.5709,8.85992,48.0513
76633,4194,4102,3691,3321,5727,6134,4241,3412,6161,7065,4293,3488,4653,4483,3883,3334,1.95738,-13.6413,8.80424,48.1213
76634,10191,7067,4216,3517,6425,5249,3888,3522,3984,3875,3474,3210,3439,3402,3220,3002,-22.9737,-19.9659,8.50319,47.7873
76635,3518,3579,3422,3076,4387,4413,3811,3357,6036,7247,4554,3775,6199,7068,4620,3715,14.782,-11.9434,8.55076,48.518
76636,3805,4094,3861,3676,4336,6002,5043,3882,4561,7050,5639,3823,4036,4637,4208,3614,2.40225,-3.79624,8.87889,48.178
76637,3764,4823,7447,5607,3716,4826,7223,5526,3401,3746,4284,4060,3302,3439,3570,3355,-15.1793,9.34438,8.90492,48.0593
76638,3463,4421,6230,6345,3491,4206,7024,7176,3252,3696,4428,4505,3066,3444,3718,3642,-12.5483,15.2065,8.68958,48.0713
76639,3219,3455,3959,4443,3286,3753,4845,7176,3329,3826,5131,9121,3346,3597,4311,5095,2.84574,33.9102,8.64792,47.928
76640,3285,3360,3260,3139,3604,3856,3901,3657,4237,5357,5147,4219,4892,8153,7504,4738,23.379,-0.856836,8.80739,48.206
76641,3302,3696,4484,5581,3377,3809,5809,8714,3317,3662,4809,6503,3286,3421,3955,4201,-4.41194,22.3323,8.50316,47.9507
76642,3065,3178,3446,3476,3186,3491,3964,4282,3401,3814,5043,8208,3422,3873,5768,10240,17.9733,26.0637,8.86581,47.9047
76643,8729,6682,4179,3513,7288,5822,3949,3407,4410,4098,3634,3194,3430,3529,3207,3164,-17.8316,-19.5745,8.73498,48.1567
76644,3730,3717,3472,3278,4479,5157,4215,3576,5628,8115,5070,3794,4754,5428,4357,3529,7.71858,-8.62881,8.85431,48.1993
76645,3285,3561,4101,5033,3289,3735,5329,8514,3302,3803,4898,7624,3295,3467,4129,4588,-1.75533,25.1839,8.63065,47.9687
76646,3156,3354,3650,3551,3539,3887,4206,4020,3743,5082,7239,5151,3880,5125,7189,5310,14.9242,7.17225,8.58694,48.0547
76647,11207,5744,3897,3459,7395,5026,3836,3419,4159,3927,3510,3226,3254,3454,3136,3096,-20.4951,-31.1064,8.76113,47.83
76648,3147,3333,3355,3271,3339,3653,3850,3733,3836,4494,5760,4724,3930,5995,9633,6202,23.6143,7.23754,8.84255,48.17
76649,9990,5870,3940,3309,8176,5181,3760,3371,4422,4013,3423,3325,3495,3475,3208,3137,-17.7558,-25.0429,8.88148,48.0633
76650,3559,3425,3311,3146,4732,3959,3434,3272,9149,5071,3795,3432,8953,5329,3824,3304,14.5035,-30.6945,8.94697,47.7967
76651,10197,7600,4251,3338,6204,5326,3880,3446,3828,3862,3532,3251,3332,3411,3209,3094,-23.3987,-19.3647,8.8054,47.8407
76652,3651,4958,9574,7988,3682,4147,5204,5194,3299,3520,3822,3829,3236,3371,3344,3342,-32.1438,12.5441,8.99082,48.1073
76653,12224,6030,3919,3395,6711,4862,3843,3391,4030,3897,3473,3205,3416,3235,3239,3117,-24.0298,-27.3404,8.83736,47.9913
76654,9864,5705,3907,3437,8443,5097,3865,3318,4411,4011,3512,3176,3458,3383,3213,3058,-17.398,-31.8134,8.98385,47.9053
76655,3223,3290,3421,3314,3505,3923,4021,3855,4007,5220,6141,4467,4266,6628,8375,5190,20.1327,3.36614,8.817,48.564
76656,3084,3348,3717,3844,3245,3674,4278,5535,3462,3898,5600,9758,3213,3824,4898,6799,9.35516,25.8277,8.95709,48.118
76657,3331,3453,3579,3446,3632,4025,4077,3805,4266,6358,6270,4344,4426,6398,6503,4406,15.4531,0.345285,8.92013,48.2127
76658,3209,3293,3360,3317,3238,3380,3735,3792,3471,3897,4766,6110,3479,3929,5909,12670,27.8513,32.6278,8.90211,47.7033
76659,3255,3469,4149,4515,3384,3716,4768,7722,3369,3846,5082,8854,3308,3551,4352,4957,1.43398,31.6057,8.67441,48.198
76660,11306,7055,4104,3513,6236,4974,3879,3385,3922,3780,3436,3157,3363,3377,3252,3059,-24.8095,-22.1722,8.88068,47.8653
76661,4283,3996,3530,3280,5872,5393,3790,3477,7491,6719,4241,3387,4987,4707,3809,3344,4.02044,-16.7179,8.57697,48.204
76662,8152,9519,4925,3615,5167,5219,4172,3675,3795,3763,3554,3268,3385,3433,3366,3094,-31.8591,-13.1294,8.98732,48.068
76663,3439,3354,3217,3192,3915,3694,3503,3177,6144,4753,3828,3422,12534,6068,3901,3350,29.1147,-28.3343,8.574,47.6607
76664,3074,3132,3411,3416,3174,3464,3794,4090,3304,3726,4972,6974,3414,4111,6124,11717,22.4277,28.3839,8.62089,47.9313
76665,10529,7735,4330,3461,5775,4948,3903,3386,3847,3779,3498,3290,3473,3356,3269,3098,-28.3783,-18.6652,8.96624,47.7847
76666,3410,4047,6443,11995,3375,3792,4870,6272,3249,3493,3786,3850,3020,3176,3384,3345,-25.7502,25.1409,8.80446,47.6713
76667,8216,9139,4647,3617,5320,5215,4121,3608,3932,3879,3605,3305,3452,3385,3240,3159,-33.961,-13.7761,8.85988,47.8933
76668,3207,3410,3465,3686,3240,3556,4300,4380,3544,4296,6647,6943,3530,4274,6776,7009,14.9619,15.5737,8.64759,48.1753
76669,3418,3897,5054,5235,3468,4312,7293,7295,3355,3953,5167,5316,3220,3533,3914,3989,-6.50373,15.1906,8.90347,48.2793
76670,3148,3314,3579,3573,3133,3579,4053,4769,3509,3918,5464,8633,3389,3890,5692,8514,14.8582,23.3846,8.72336,48.1047
76671,3333,3568,4083,4235,3423,4153,6158,5894,3460,4294,6762,6575,3394,3858,4619,4668,1.89875,14.5394,8.68402,48.318
76672,12224,6511,3923,3437,6025,4797,3768,3347,3867,3772,3396,3255,3411,3418,3348,3079,-28.6607,-25.3655,8.501,47.7187
76673,3435,3510,3265,3089,3751,4042,3501,3461,5480,5990,4326,3578,7428,8825,4952,3595,21.8024,-12.2232,8.74746,48.152
76674,10725,6956,4166,3459,6600,5158,3842,3419,4109,3882,3485,3233,3413,3409,3225,3093,-22.4511,-20.9451,8.71387,48.116
76675,4385,4635,3966,3519,5410,7274,4499,3615,5123,6341,4311,3606,4081,4189,3504,3374,-2.23985,-9.90931,8.62879,47.888
76676,10823,6752,4190,3516,6654,5091,3717,3343,4089,3868,3535,3250,3451,3407,3300,3103,-22.9822,-22.2992,8.5672,48.0593
76677,4699,3998,3477,3111,7915,4883,3773,3386,8416,5099,3761,3375,4844,4309,3625,3295,1.23088,-29.2519,8.56237,47.9773
76678,2947,3282,3417,3630,3246,3540,4118,4416,3362,3901,5708,8351,3456,3977,5995,8832,15.8314,21.9968,8.981,48.1187
76679,3664,3596,3349,2996,5118,4399,3609,3252,8684,6488,4058,3486,6697,5487,3838,3338,10.5195,-19.7127,8.85471,48.0393
76680,12787,6037,3892,3296,6054,4625,3770,3372,3833,3815,3408,3222,3352,3318,3298,3154,-28.434,-30.9526,8.83891,47.4887
76681,3713,3608,3448,3174,4460,4525,3827,3330,6382,7849,4761,3626,5839,6274,4317,3560,11.8424,-12.2719,8.93903,48.462
76682,3332,3942,4678,5164,3415,4071,6486,7746,3291,3937,5292,6051,3155,3550,3934,4176,-4.32708,17.8929,8.53992,48.1467
76683,3951,6109,9659,6264,3757,4481,5619,4666,3276,3691,3904,3783,3179,3300,3275,3411,-24.9924,7.54533,8.94112,48.2167
76684,3244,3293,3349,3287,3658,3799,3726,3600,4129,5327,5149,4235,4678,8007,7842,4661,23.4942,-0.13521,8.54242,47.9893
76685,3143,3312,3462,3461,3374,3713,4157,4187,3570,4498,6926,5765,3646,4848,7779,6516,16.9449,11.7854,8.86176,48.238
76686,4252,4020,3489,3306,7249,4861,3724,3208,8998,5108,3787,3357,5161,4359,3644,3257,2.57537,-33.5987,8.55521,47.8533
76687,6316,9499,5956,4036,4748,5625,4519,3834,3629,3825,3648,3443,3388,3355,3318,3098,-24.4857,-7.86457,8.5916,48.158
76688,3744,4553,5657,4657,3855,5509,8137,5138,3569,4208,4905,4318,3355,3503,3698,3575,-8.86431,6.44619,8.93416,48.254
76689,3941,5899,9899,6506,3746,4524,5230,4750,3442,3686,3838,3771,3143,3162,3326,3390,-28.2098,7.76754,8.68383,48.1687
76690,3551,4460,8443,9387,3469,4103,5277,5477,3139,3495,3909,3818,3144,3243,3438,3440,-33.0779,16.3008,8.64976,47.862
76691,3378,3431,3214,3098,3891,3806,3402,3262,6049,4832,3711,3396,12468,6119,3856,3332,33.2555,-27.2984,8.93517,47.4967
76692,6549,8438,5145,3794,5357,6324,4543,3723,3953,4021,3656,3443,3421,3501,3282,3124,-19.4073,-10.3658,8.66887,48.1827
76693,3125,3338,3713,3833,3250,3571,4161,5374,3402,3830,5326,9580,3363,3754,5001,7398,10.8493,31.1999,8.64713,48.0127
76694,3300,3439,3349,3136,4037,4213,3662,3336,5657,6561,4502,3580,6685,8027,5032,3781,18.2048,-11.4338,8.75531,48.198
76695,3646,4808,9184,8363,3569,4264,5341,5461,3337,3540,3826,3875,3134,3259,3376,3364,-26.4371,13.67,8.82695,48.2313
76696,10365,7907,4374,3446,5834,5058,3989,3369,3874,3815,3526,3249,3389,3265,3314,3140,-33.921,-18.8103,8.86436,47.9427
76697,5729,7839,5174,3886,5152,7121,4883,3826,3920,4146,3763,3494,3553,3430,3269,3196,-16.4849,-7.75594,8.82015,48.254
76698,3395,3352,3315,3146,3924,3752,3460,3290,6397,4743,3777,3385,12524,5999,3827,3403,24.5975,-32.0399,8.98056,47.7927
76699,3554,3424,3258,3159,4467,3979,3494,3207,8282,5134,3931,3364,9878,5628,3727,3404,17.0346,-30.7826,8.71988,47.9267
76700,3851,4665,5818,4774,3769,5400,8289,5316,3460,4130,4812,4215,3289,3507,3614,3501,-10.0912,6.58073,8.88196,48.2733
76701,9552,6278,4087,3399,7729,5440,3833,3527,4402,3925,3576,3156,3509,3468,3320,2978,-17.9284,-21.8472,8.88522,48.1193
76702,3683,3635,3219,3223,5158,4303,3535,3299,9730,5169,3898,3400,7335,4936,3783,3330,11.1252,-33.6073,8.95406,47.7573
76703,4589,5787,4559,3797,5180,8079,5477,3796,4136,4851,4165,3583,3574,3627,3444,3179,-9.63242,-6.22881,8.81895,47.882
76704,3425,3687,4307,4211,3607,4246,6589,5423,3657,4489,7082,5690,3357,3808,4419,4410,0.874568,11.2894,8.81242,48.2713
76705,5788,4387,3682,3385,9497,5299,3710,3425,6608,4563,3770,3347,4011,3792,3414,3229,-5.3558,-31.7602,8.55896,47.938
76706,3557,4311,6085,5524,3582,4593,8110,6370,3374,3823,4668,4442,3221,3436,3618,3690,-10.6852,11.7449,8.94778,48.2693
76707,4415,5048,4138,3592,5228,8042,5187,3722,4374,5548,4367,3598,3753,3930,3671,3335,-5.79052,-7.38599,8.89501,47.9653
76708,12587,6055,3916,3422,6301,4938,3788,3365,4030,3706,3365,3283,3354,3345,3133,3112,-25.9555,-30.3054,8.69317,47.8
76709,4872,4398,3693,3331,7654,5953,4018,3381,6844,5546,3971,3397,4459,4079,3594,3314,-1.87211,-19.0098,8.89279,48.336
76710,3531,3647,3278,3122,4457,4069,3631,3303,7255,6225,4000,3495,8020,6532,4181,3492,16.1153,-18.037,8.54275,48.1587
76711,3480,3710,3697,3499,3797,4602,4814,3986,4128,6695,7272,4442,4015,5086,5326,4123,8.50923,1.17959,8.92339,48.448
76712,4475,4053,3542,3207,7386,5177,3717,3368,8519,5433,3811,3335,5153,4344,3687,3265,2.2219,-23.9817,8.67194,48.3147
76713,3553,4223,7302,9114,3456,4014,5670,6779,3279,3507,3976,4201,3114,3250,3421,3378,-19.9002,18.3095,8.83592,48.158
76714,3216,3342,3399,3286,3320,3681,3844,3792,3813,4415,5288,4728,3904,5927,9866,6478,29.7752,8.01149,8.50128,48.1993
76715,3420,4111,7027,11521,3363,3771,4970,5881,3339,3486,3802,3918,3150,3249,3418,3359,-31.0733,22.0432,8.58004,47.8567
76716,5233,8787,7318,4455,4329,5300,4800,4136,3602,3719,3687,3537,3230,3318,3370,3243,-25.9115,-2.7171,8.59335,48.0427
76717,6757,9941,5632,3906,4827,5377,4490,3614,3694,3769,3636,3354,3345,3402,3289,3176,-33.853,-8.82009,8.82927,48.1393
76718,3487,3487,3419,3164,4233,4342,3802,3394,5895,7502,4580,3705,5944,7014,4656,3672,14.3772,-11.2053,8.85516,48.1973
76719,3356,3474,3215,3257,3917,3841,3567,3350,5292,5391,4235,3483,8053,9130,4967,3733,24.8262,-12.9731,8.50555,48.174
76720,3490,3425,3304,3096,4024,3832,3459,3224,5715,5063,3877,3404,10476,7682,4246,3452,32.8383,-18.9388,8.6155,47.846
76721,3758,5169,8856,6875,3723,4309,6000,5273,3315,3609,4015,3826,3173,3325,3316,3391,-21.047,10.59,8.58033,47.9553
76722,5303,5228,3994,3515,6831,7579,4523,3576,4873,5017,3941,3516,3813,3835,3504,3262,-7.92645,-13.4693,8.56556,48.2067
76723,4054,5040,4471,3913,4639,7665,6107,4024,4159,5307,4561,3780,3609,3761,3776,3352,-5.92283,-3.38298,8.89892,48.1453
76724,3157,3261,3392,3301,3463,3661,3950,3688,3795,4521,5750,4719,4038,5801,9824,6031,23.954,7.28639,8.85939,48.2347
76725,3168,3215,3327,3525,3337,3537,3987,4150,3564,4063,5617,6594,3491,4244,7431,8976,20.156,18.0188,8.73048,48.1507
76726,4317,5440,4871,3936,4715,7591,6185,4029,4028,4787,4392,3733,3602,3663,3557,3393,-9.12791,-2.94813,8.64553,48.1593
76727,12618,5952,3813,3259,6119,4673,3766,3484,4015,3764,3353,3195,3400,3433,3212,3147,-32.9216,-29.1951,8.80565,47.4687
76728,3754,4490,4747,4070,4045,6165,7183,4619,3919,4869,5419,4168,3590,3758,3932,3685,-4.55924,2.1511,8.74779,48.2753
76729,3163,3276,3399,3407,3291,3504,3683,4025,3420,3698,4910,6530,3431,3961,6043,12229,24.9653,30.0141,8.53717,47.98
76730,3234,3293,3492,3407,3435,3700,4050,3879,3780,4542,6311,5306,3783,4932,8523,6695,19.6763,10.7337,8.62908,48.2413
76731,3354,3831,5733,10131,3365,3901,5108,7980,3205,3533,3918,4579,3105,3205,3504,3540,-18.0274,27.3921,8.52981,47.9947
76732,3204,3497,3897,3986,3351,3876,5188,5505,3515,4209,7037,7463,3462,3826,4766,5036,5.28118,16.3992,8.68106,47.8787
76733,6569,7110,4576,3560,6380,7066,4307,3634,4175,4301,3705,3411,3460,3540,3308,3162,-15.3886,-13.3137,8.6557,48.176
76734,3642,3654,3213,3134,4908,4061,3555,3228,9684,5232,3727,3277,8123,5055,3803,3365,12.217,-32.1251,8.92851,47.774
76735,3240,3322,3215,3153,3965,3823,3519,3224,6072,4829,3775,3348,12224,6527,4050,3406,27.7377,-24.3477,8.66035,47.7947
76736,3535,4197,7505,10634,3356,3829,5127,5998,3290,3512,3860,3937,3052,3226,3323,3350,-25.237,19.6942,8.55864,47.8207
76737,3315,3641,3463,3372,3620,4229,4246,3787,4202,6364,6796,4469,4347,5792,6195,4457,13.5731,1.04401,8.78916,48.1967
76738,3078,3407,3697,3868,3198,3599,4490,5427,3376,3859,5920,9293,3312,3850,5019,6774,9.79383,22.7603,8.71553,48.1113
76739,3051,3282,3319,3353,3252,3548,3775,3937,3400,3710,4739,5975,3256,3876,6463,12587,31.7995,25.7217,8.98079,47.682
76740,3125,3430,3690,4136,3314,3575,4435,6483,3398,3773,5172,9887,3384,3675,4580,6074,6.32774,29.2548,8.73559,48.0873
76741,3136,3301,3379,3430,3274,3698,3676,3721,3841,4437,5292,4751,3950,5791,9745,6601,30.0496,8.04189,8.51733,48.0153
76742,3166,3573,4323,4644,3321,3929,5562,7582,3482,3807,5566,7515,3161,3594,4296,4704,0.0610951,20.8008,8.62614,48.15
76743,7902,9503,4945,3609,5238,5467,4127,3605,3789,3861,3544,3456,3350,3404,3204,3070,-25.1773,-12.5287,8.96982,48.0493
76744,3465,3839,4286,4134,3635,4603,6852,5183,3559,4643,7007,5205,3446,3929,4353,4161,0.628439,9.30516,8.75451,48.2
76745,3836,5475,9237,6391,3642,4409,6043,5123,3328,3686,3896,3944,3160,3287,3479,3327,-22.3453,9.19226,8.78943,48.1753
76746,4111,3986,3599,3383,5623,5797,3986,3436,6658,7308,4405,3489,4618,4637,3893,3393,3.27154,-14.0309,8.95674,48.2147
76747,6433,9774,6096,3950,4686,5219,4437,3734,3726,3801,3659,3483,3380,3413,3198,3167,-29.3261,-7.55708,8.59232,48.104
76748,3184,3420,4000,4319,3353,3629,4682,6999,3403,3753,5005,9468,3281,3679,4409,5497,3.91731,28.6158,8.79663,48.054
76749,3256,3381,3248,3163,3949,3812,3404,3222,6012,4674,3830,3284,12746,6058,3845,3342,27.8859,-28.9384,8.65931,47.484
76750,3856,3620,3380,3231,5182,4409,3706,3307,9170,6021,3805,3303,6911,5224,3881,3381,10.6059,-22.2684,8.68155,48.258
76751,4693,3947,3625,3274,8007,4983,3625,3363,8407,5157,3803,3333,4859,4294,3554,3296,0.515302,-26.953,8.78021,48.1467
76752,3384,3948,6813,11975,3376,3837,4887,6154,3284,3343,3769,3945,3079,3297,3380,3369,-28.5282,23.6288,8.69044,47.8933
76753,3221,3319,3409,3315,3359,3664,3840,3643,3869,4590,5159,4572,4103,6390,9686,5793,32.484,5.5163,8.62359,47.9547
76754,3673,4274,5138,4411,3884,5432,8067,4955,3655,4459,5442,4357,3402,3601,3873,3679,-5.84514,6.22181,8.77529,48.2013
76755,3294,3426,3746,3581,3419,3954,4758,4655,3591,4635,7727,6514,3512,4274,6026,5583,10.4763,12.6496,8.50921,48.4633
76756,10767,5679,3979,3388,7902,5124,3774,3264,4307,3926,3454,3167,3502,3414,3247,3090,-19.0271,-28.7996,8.81283,47.9893
76757,6067,4564,3719,3258,9800,5118,3810,3379,6197,4613,3578,3338,4034,3819,3489,3159,-6.51052,-31.8656,8.57176,47.9613
76758,6641,9789,5537,3836,5021,5653,4399,3635,3883,3888,3678,3370,3410,3389,3215,3175,-24.2309,-9.00307,8.55683,48.346
76759,3202,3198,3350,3311,3306,3640,3997,3874,3634,4394,5729,5275,3699,5069,9168,7139,22.4996,11.0887,8.62539,47.99
76760,3603,4630,9072,9018,3514,4156,5236,5421,3236,3534,3712,3782,3112,3222,3335,3339,-29.7983,15.0695,8.91222,47.948
76761,3949,3961,3494,3320,4887,5687,4121,3436,6063,7798,4545,3623,4782,5044,3919,3569,4.86412,-11.5969,8.64842,48.132
76762,3304,3389,3369,3252,3672,3779,3638,3657,4211,4938,4804,4172,5021,8809,7493,4529,32.6881,-1.62184,8.78649,48.0247
76763,3395,3868,5129,5735,3506,4154,6779,7912,3337,3825,4951,5312,3238,3434,3798,3988,-7.57686,17.1061,8.52816,48.2407
76764,3398,3919,4965,4812,3626,4486,7548,6603,3510,3930,5657,5238,3251,3591,3948,3980,-5.20881,13.1383,8.98354,48.308
76765,3587,4443,7176,6877,3557,4412,6678,6398,3284,3662,4325,4324,3059,3441,3506,3505,-15.8078,13.7371,8.64644,48.156
76766,3338,3888,6349,12090,3361,3787,4854,6352,3085,3574,3692,3939,3171,3260,3438,3382,-25.7614,25.6082,8.77035,47.7067
76767,3368,3418,3299,3247,3594,3958,3777,3647,4422,6211,5576,4094,4789,7663,6845,4473,18.9018,-1.83925,8.85349,48.254
76768,3179,3273,3395,3491,3174,3446,3885,4178,3378,3835,4941,7523,3374,3943,6089,11106,20.6332,25.5996,8.89042,48.14
76769,3149,3190,3470,3443,3203,3551,3978,4228,3403,3735,4902,7497,3362,3920,5897,10998,20.7228,28.0288,8.52658,47.9507
76770,3336,3953,5877,7885,3411,3958,5978,8411,3320,3576,4270,4683,3106,3296,3554,3648,-14.3737,20.8073,8.71924,48.1747
76771,4597,8023,8749,4844,4204,4754,4837,4207,3495,3738,3657,3618,3369,3344,3340,3310,-31.3687,0.740479,8.73547,48.0573
76772,3084,3362,3374,3188,3333,3631,3919,3784,3612,4277,5408,4934,3868,5317,9671,7296,26.5555,10.3934,8.55627,48.0387
76773,4502,7741,8427,5107,3991,4967,5181,4255,3493,3729,3728,3688,3190,3306,3425,3211,-25.9827,1.45718,8.66832,47.9607
76774,4597,3984,3503,3172,7905,4847,3656,3323,8597,5175,3725,3292,5005,4189,3560,3232,1.13681,-26.8339,8.84971,47.8413
76775,3727,5203,8113,5975,3785,4770,6845,5188,3395,3732,4029,3882,3214,3441,3518,3384,-17.6903,8.68369,8.95204,48.134
76776,3739,3583,3463,3239,5035,4709,3815,3443,7687,6959,4127,3446,6117,5557,4015,3409,10.1215,-17.0271,8.75393,48.2287
76777,3798,5414,9918,7128,3636,4118,5264,4980,3357,3545,3733,3698,3163,3309,3301,3314,-27.8813,10.2731,8.82332,47.784
76778,3506,3516,3391,3122,4464,4074,3485,3164,8145,5191,3809,3274,9844,5848,3887,3424,17.3907,-25.6326,8.90083,48.096
76779,3342,3507,3250,3005,3951,3897,3514,3264,5797,5634,4178,3524,8675,8507,4635,3628,22.4955,-15.4264,8.99339,48.2053
76780,12447,6516,4049,3416,5972,4819,3853,3333,3999,3768,3443,3264,3340,3444,3201,3099,-28.766,-24.6607,8.8842,47.9753
76781,5475,4439,3705,3165,9038,5228,3751,3397,7144,4847,3772,3258,4585,3970,3471,3132,-3.02414,-25.3453,8.82386,48.2513
76782,3307,4050,6228,11755,3364,3750,4993,6888,3231,3408,3866,3949,3003,3139,3426,3498,-22.2905,25.5192,9,47.9033
76783,3603,4236,6564,6693,3528,4279,6989,7164,3352,3726,4380,4477,3072,3317,3608,3557,-13.9555,15.2445,8.82095,48.3633
76784,3087,3244,3488,3471,3266,3618,4131,4259,3607,4164,6780,6395,3648,4530,7364,7100,16.5114,14.2445,8.9228,48.1013
76785,3966,5810,9809,6637,3731,4426,5432,4835,3320,3627,3798,3733,3213,3308,3402,3261,-27.7712,8.46011,8.53403,48.2053
76786,3398,3393,3255,3130,3836,3865,3637,3367,5158,5783,4387,3613,6976,9148,5295,3826,22.5641,-10.4797,8.5258,48.0447
76787,5166,4747,3800,3383,8043,6616,4195,3298,6025,5254,3797,3350,4125,3925,3377,3139,-4.51125,-18.058,8.81631,48.16
76788,3533,4425,7979,9080,3587,4049,5625,6049,3330,3476,3831,3933,2999,3274,3410,3464,-22.5231,16.3891,8.70622,48.0293
76789,3205,3180,3335,3397,3398,3841,3754,3726,3677,4209,5418,5067,3792,5383,9863,6964,26.1694,10.1193,8.82473,48.1393
76790,3118,3214,3387,3518,3229,3484,3834,4118,3455,3839,5068,6699,3426,4026,6743,10837,22.3826,22.4871,8.52949,47.9967
76791,3349,3901,5593,11101,3406,3791,4926,7749,3216,3449,3936,4156,3199,3225,3389,3438,-19.5235,31.3643,8.98233,47.8827
76792,12887,6059,3917,3386,5988,4692,3847,3289,3808,3705,3485,3297,3390,3259,3381,3191,-28.3248,-32.66,8.8862,47.7207
76793,8310,5226,3851,3389,9274,5248,3780,3370,4967,4124,3528,3176,3669,3578,3338,3078,-13.3811,-29.3694,8.71566,47.9373
76794,3303,3680,5047,7404,3342,3754,5376,9517,3426,3583,4334,5299,3125,3251,3608,3909,-11.0452,26.5502,8.663,47.972
76795,3310,3255,3291,3262,3618,3729,3631,3453,4200,5104,4693,3962,5220,9158,7314,4341,30.1227,-2.84992,8.9555,47.694
76796,3358,3397,3276,3311,3709,3931,3730,3345,4786,6243,4768,3886,5704,8865,6097,4056,20.4958,-6.27368,8.9778,48.308
76797,3347,3484,3256,3135,3716,3778,3658,3314,5050,5258,4294,3618,7478,9707,5009,3765,32.1299,-11.2954,8.58037,47.9113
76798,3160,3446,3534,3482,3437,3792,4406,4199,3596,4759,7515,5525,3695,4854,7226,5646,14.6507,9.44137,8.94521,48.1813
76799,3412,4033,5784,9018,3331,3860,5511,8210,3298,3584,4117,4524,3153,3312,3474,3502,-15.9988,22.8818,8.63016,48.082
76800,3529,4100,5782,6573,3364,3964,6793,7879,3355,3705,4535,4608,3147,3450,3733,3708,-12.0743,17.4188,8.6453,48.15
76801,5219,8338,6527,4270,4572,6075,5145,4090,3754,3961,3800,3474,3426,3393,3319,3138,-20.1627,-3.90942,8.67651,48.334
76802,5150,4302,3541,3266,9137,5231,3893,3448,7238,4849,3782,3307,4457,3917,3398,3136,-2.71693,-25.9393,8.77902,48.0347
76803,4939,4747,3883,3392,6788,6981,4170,3574,5692,5678,3961,3418,4139,4034,3548,3397,-3.67102,-15.1235,8.64272,48.2273
76804,3452,4308,8252,9601,3509,4079,5283,5915,3281,3571,3845,4014,3113,3289,3407,3377,-23.7091,17.0346,8.94586,48.1973
76805,3224,3459,3837,3693,3486,3887,4799,4685,3595,4539,7940,6376,3586,4279,5682,5217,9.08351,11.9529,8.95923,48.1893
76806,10703,5739,3900,3443,7700,4990,3840,3395,4321,4013,3493,3236,3534,3352,3139,3193,-19.213,-28.1992,8.51227,47.994
76807,5472,7897,5902,4112,4888,6565,5018,4033,3874,3978,3779,3506,3259,3435,3359,3244,-18.3272,-5.34752,8.67329,48.214
76808,3812,4023,4025,3658,4125,5917,5841,4061,4194,6333,6063,4175,3862,4210,4164,3789,0.521336,-0.330429,8.98607,48.168
76809,3717,4229,4292,3836,4273,6066,6095,4107,4219,5916,5747,4143,3808,4103,4070,3708,-0.741892,-0.159192,8.57764,48.2193
76810,4279,5316,4594,3756,4861,7975,5824,3915,4205,5217,4493,3740,3592,3712,3635,3395,-7.3782,-4.16911,8.9323,48.3393
76811,5654,9392,6569,4058,4403,5163,4554,3856,3832,3870,3672,3515,3343,3389,3422,3291,-31.6786,-4.84036,8.51196,47.9887
76812,7795,6994,4285,3564,6677,6276,4080,3505,4304,4129,3590,3234,3578,3547,3342,3091,-17.3037,-16.4679,8.54277,47.994
76813,3022,3256,3437,3363,3162,3486,3878,4268,3276,3887,5205,7121,3468,4046,6542,10631,20.5044,23.1895,8.99473,48.032
76814,5525,4415,3758,3223,9539,5322,3768,3423,6693,4581,3748,3333,4185,3979,3360,3157,-4.88753,-26.2805,8.68496,48.006
76815,3580,3888,3794,3619,3931,5151,5419,4033,4379,6616,6863,4398,3932,4514,4676,3958,4.19108,0.619638,8.90033,48.5007
76816,3311,3683,4516,5595,3322,3793,5259,9582,3253,3710,4517,6708,3152,3436,3858,4179,-4.79244,27.7356,8.77006,47.916
76817,3087,3339,3405,3410,3274,3535,3860,3939,3584,4140,5402,5546,3628,4771,8972,8555,25.5518,14.2544,8.62812,48.298
76818,3314,3466,4102,4648,3403,3797,4876,8081,3368,3710,4848,8581,3249,3596,4151,4894,0.922801,27.8615,8.98493,48.056
76819,3384,3463,3205,3074,3835,3905,3563,3351,5597,5238,3952,3464,9193,8609,4590,3556,25.6761,-15.9623,8.68177,47.986
76820,3207,3353,3287,3228,3609,3798,3665,3462,4288,4936,4830,4061,4764,8624,8077,4604,31.0071,-0.940511,8.80921,47.862
76821,3305,3366,3375,3209,3545,3797,3754,3538,4139,4978,4890,4051,4759,8290,8321,4810,33.2327,-0.13069,8.85515,48.0847
76822,3540,3555,3330,3004,4580,4145,3686,3312,8073,6071,4022,3424,7791,5981,3915,3412,14.6146,-19.8384,8.93245,47.894
76823,3223,3380,3409,3337,3508,3689,3828,3680,3948,4810,5078,4391,4427,7278,9305,5256,30.9765,2.53028,8.62933,48.3647
76824,3464,4414,7512,9334,3559,4035,5515,6329,3303,3585,3990,4037,3094,3246,3487,3404,-21.763,17.691,8.59036,48.2053
76825,3511,4598,8953,9246,3468,4122,5155,5425,3240,3495,3730,3811,3035,3247,3430,3384,-27.5733,15.5666,8.92896,47.9
76826,3294,3540,4167,4624,3317,3773,4901,7938,3410,3720,5036,8414,3248,3698,4204,4866,0.692544,31.4621,8.613,48.1
76827,3750,5300,9952,7286,3519,4231,5055,5062,3292,3533,3780,3847,3166,3311,3335,3389,-29.9754,10.7537,8.95516,47.872
76828,3565,5016,9804,8020,3528,4023,5187,5265,3319,3588,3820,3785,3102,3250,3457,3287,-28.2586,12.3758,8.99711,48.0107
76829,6921,9849,5323,3846,4827,5282,4331,3758,3733,3765,3695,3394,3304,3342,3346,3238,-31.0869,-9.95588,8.52577,47.9693
76830,4058,4272,3900,3511,4831,6986,5094,3852,4739,6634,5061,3727,3920,4373,3903,3647,-0.117833,-5.58466,8.71912,48.3387
76831,4820,8146,8299,4807,4216,4837,5043,4152,3468,3717,3817,3509,3352,3353,3384,3232,-30.8388,-0.0647522,8.8596,48.1013
76832,3544,3546,3423,3140,4326,4329,3737,3347,6454,7101,4260,3564,6560,6928,4377,3509,14.8907,-13.7041,8.8404,48.0967
76833,4512,4566,3760,3307,6146,6885,4344,3533,5739,6377,4162,3540,4339,4301,3651,3400,-1.31924,-13.2955,8.75215,48.3747
76834,5784,5056,3846,3365,8393,6400,4044,3307,5691,4724,3759,3279,4068,3877,3488,3149,-6.50634,-19.5986,8.68331,48.1533
76835,3169,3392,3654,3668,3241,3498,4223,5120,3401,3795,5241,9643,3387,3804,5184,7565,12.0891,27.4989,8.75604,47.99
76836,3693,5070,9424,7774,3586,4179,5228,5102,3303,3529,3995,3822,3189,3235,3402,3290,-29.7968,12.0056,8.7815,47.8807
76837,3728,4381,4526,3964,4069,5899,7259,4412,3886,4965,5719,4141,3521,3846,3996,3703,-3.3474,2.58689,8.85305,48.01
76838,4562,7836,8856,5068,4021,4807,4947,4230,3393,3744,3764,3625,3251,3385,3362,3234,-30.8126,1.40372,8.92944,48.0567
76839,3404,3297,3302,3129,3932,3871,3570,3285,5666,5411,4079,3535,9019,8738,4625,3640,24.4744,-15.8783,8.88004,48.3353
76840,3572,4079,4440,3964,3928,5406,6963,4671,3681,5230,6364,4493,3434,4000,4208,3883,-1.19899,4.40142,8.59109,48.2107
76841,3374,3330,3380,3104,3875,3871,3529,3191,5590,5435,4063,3444,8950,8536,4634,3541,24.7406,-15.653,8.74847,47.898
76842,3360,3377,3293,3251,3740,3734,3618,3231,5092,5197,4321,3576,7420,9832,5274,3855,29.0746,-10.8177,8.76778,48.114
76843,3165,3453,3675,3807,3220,3571,4259,5564,3287,3754,5207,10117,3265,3700,4831,6739,9.39036,30.6244,8.71878,47.7427
76844,3122,3319,3694,3758,3340,3664,4364,5453,3414,3821,5344,9927,3355,3671,5006,6844,9.67569,33.4565,8.96209,48.064
76845,3335,3695,4462,4892,3474,4101,6416,7033,3364,3861,5774,6390,3283,3704,4185,4406,-1.5919,16.713,8.53966,48.25
76846,3423,4006,5848,7616,3318,3981,5967,8341,3239,3656,4264,4750,3053,3356,3599,3594,-13.644,20.7552,8.67223,48.0073
76847,5423,8204,5987,4077,4674,6369,5008,3950,3773,4018,3814,3495,3365,3549,3428,3320,-19.061,-5.2692,8.53591,48.3027
76848,3976,5000,5517,4468,4120,6336,7512,4553,3705,4338,4719,3778,3415,3555,3732,3409,-9.59474,2.54515,8.65284,48.0887
76849,3432,3641,3651,3571,3748,4442,4787,3893,4181,6502,7245,4422,4080,5027,5200,4242,8.72669,1.44861,8.6936,48.0427
76850,4374,4368,3677,3393,6287,6429,4106,3471,6173,6428,4167,3482,4508,4349,3700,3424,-0.0709958,-14.6115,8.70825,48.224
76851,6402,7926,5044,3654,5613,6821,4509,3632,3961,4134,3805,3325,3372,3489,3376,3168,-17.5001,-10.7401,8.797,48.154
76852,9719,8267,4451,3513,5496,5119,4036,3398,3925,3874,3511,3342,3365,3419,3243,3088,-32.5503,-17.2066,8.76788,47.844
76853,10171,8298,4229,3489,5661,4937,3978,3472,3925,3783,3532,3386,3331,3420,3262,3156,-30.5942,-17.823,8.71481,48.02
76854,3366,3748,4306,4105,3658,4559,6639,5041,3626,4550,7266,5404,3446,3748,4489,4320,1.15305,9.45108,8.66319,48.1807
76855,4906,7294,6180,4284,4637,6609,5667,4000,3807,4056,3882,3615,3455,3447,3437,3262,-17.194,-2.86392,8.74568,48.3587
76856,5092,4743,3707,3411,8011,6417,3969,3434,6169,5284,3854,3359,4175,4043,3424,3248,-4.13241,-18.7319,8.89855,48.2267
76857,3188,3447,4067,4534,3404,3606,4919,7468,3294,3845,5092,8824,3210,3537,4394,5162,1.8733,26.2033,8.50052,47.994
76858,3383,3332,3242,3198,3666,3837,3652,3249,4902,5395,4251,3683,7389,9802,5272,3669,28.138,-11.0612,8.58672,47.948
76859,3181,3185,3378,3363,3341,3419,3751,4010,3367,3787,4820,6247,3349,4069,6174,12237,25.9115,26.3275,8.75115,47.7853
76860,3428,3360,3194,3275,3834,3941,3678,3387,5500,6277,4240,3606,7107,8640,4950,3685,20.3066,-11.9399,8.64287,48.068
76861,3246,3419,3655,3450,3624,3987,4427,4007,3930,5290,7633,4963,4031,5165,6691,4934,13.2406,5.7959,8.78432,48.3013
76862,8374,5244,3817,3374,9254,5211,3838,3296,4835,4108,3575,3219,3664,3473,3364,3160,-13.5142,-32.4898,8.84748,47.8707
76863,3464,4485,8466,9523,3406,4055,5226,5387,3245,3566,3877,3848,3104,3243,3383,3389,-32.6223,16.2985,8.77513,47.778
76864,3309,3329,3357,3122,3899,3932,3585,3297,5285,5353,4052,3576,8413,9214,4930,3709,27.4932,-13.6108,8.85088,48.2413
76865,3317,3319,3137,3104,3917,3713,3424,3286,6246,4717,3783,3443,12736,6047,3897,3381,26.391,-30.8538,8.99266,47.6447
76866,3403,3753,4751,6469,3319,3753,5245,9965,3272,3632,4411,5889,3156,3368,3762,3893,-7.78074,32.8493,8.95954,48.0273
76867,3283,3709,4759,6216,3378,3882,5228,9799,3247,3562,4516,5939,3194,3459,3709,3946,-7.22054,31.6553,8.85258,47.884
76868,3086,3357,3597,3658,3318,3649,4122,4973,3303,3882,5303,9351,3349,3727,5135,8014,12.4918,26.5138,8.84202,47.8827
76869,3228,3367,3253,3289,3620,3824,3688,3513,4369,5145,4575,4038,5431,9352,7224,4435,28.3299,-3.58588,8.73934,48.234
76870,3305,3385,3695,3632,3571,3964,4798,4217,3759,5181,8186,5510,3792,4470,5849,4843,9.79422,7.71301,8.91742,48.1047
76871,3962,4779,4712,4004,4244,6660,6838,4408,3884,4950,5156,3864,3600,3820,3843,3536,-5.65667,0.684452,8.65208,48.1733
76872,3072,3347,3597,3812,3336,3538,4314,5512,3414,3917,5361,9889,3345,3702,4810,6542,8.75674,33.4666,8.71282,47.672
76873,3197,3449,3871,4315,3383,3760,4832,6819,3358,3887,5590,9353,3182,3612,4515,5431,4.15277,23.8129,8.95962,48.3693
76874,3575,3536,3284,3143,4647,4175,3628,3280,8265,5854,3852,3441,8051,5807,3965,3329,14.545,-21.0902,8.7503,47.888
76875,3158,3185,3371,3445,3161,3444,3875,4214,3396,3794,5118,7729,3353,4060,5994,10611,19.5903,25.2714,8.94911,47.9387
76876,3483,4326,7362,8508,3490,4109,5965,6319,3295,3545,3846,4079,3034,3335,3317,3598,-19.4698,16.7565,8.56074,47.7407
76877,11810,6022,3913,3398,6622,4839,3781,3421,4057,3807,3470,3340,3385,3309,3200,3086,-23.5931,-28.663,8.50374,47.64
76878,3223,3461,3883,3983,3347,3648,4712,5670,3444,3957,6206,8928,3312,3884,4867,5832,7.14405,20.655,8.67374,48.238
76879,3212,3173,3669,3968,3330,3680,4438,5728,3338,3806,5331,9900,3264,3731,4743,6646,8.44795,30.1655,8.69103,47.9713
76880,4474,5621,5007,3978,4625,7471,6179,4152,3874,4732,4408,3683,3476,3810,3603,3274,-10.0396,-2.73867,8.93505,48.2447
76881,4358,7198,8694,5156,3874,5046,5558,4433,3485,3698,3801,3547,3183,3335,3404,3299,-23.3141,2.83185,8.65105,48.046
76882,3086,3338,3443,3361,3258,3449,3979,3972,3499,4010,5435,5779,3471,4479,8542,9173,24.8216,16.0198,8.58068,48.1827
76883,3397,3912,6088,12465,3403,3786,4825,6299,3244,3446,3804,3945,3214,3278,3222,3282,-26.2778,31.6635,8.56341,47.74
76884,3747,3568,3497,3120,4525,4629,3802,3403,6579,7718,4552,3589,5696,6311,4263,3638,11.6995,-12.6846,8.95031,48.4247
76885,2981,3187,3445,3371,3372,3464,3880,3982,3700,4145,5392,5857,3539,4362,8489,9310,24.3452,16.5917,8.87029,48.3173
76886,3143,3186,3439,3396,3292,3608,3942,4056,3471,4143,5604,6289,3546,4403,7783,8844,21.3073,16.9218,8.52576,48.0967
76887,3698,5046,9157,7411,3500,4268,5857,5419,3313,3601,3868,3748,3106,3280,3438,3373,-23.0229,12.1678,8.90902,48.0553
76888,3517,4304,6173,5815,3537,4546,7581,6620,3357,3894,4610,4395,3205,3429,3675,3710,-11.58,12.5853,8.65077,48.2453
76889,10815,7656,4128,3488,5722,5024,3860,3511,3927,3848,3391,3286,3367,3280,3250,3052,-29.4822,-19.4841,8.90248,47.7367
76890,3410,3855,6057,12786,3363,3781,4639,6020,3205,3438,3742,4000,3185,3258,3285,3317,-31.9861,28.859,8.75348,47.5607
76891,12228,5990,3965,3358,6576,4798,3757,3454,3882,3906,3350,3375,3378,3233,3232,3154,-25.5339,-31.437,8.61927,47.7573
76892,4083,4710,4526,3920,4476,7026,6329,4154,4074,5278,4903,3812,3572,3877,3815,3503,-5.0029,-1.51287,8.50229,48.0387
76893,4007,6133,9905,6215,3727,4431,5041,4663,3497,3564,3826,3637,3256,3369,3368,3348,-30.2669,6.9269,8.7902,47.9913
76894,3410,4256,7879,10419,3291,3936,4987,5746,3357,3399,3920,3921,3205,3367,3387,3457,-32.6723,18.7804,8.76264,47.958
76895,3927,3864,3418,3166,5418,5176,3916,3395,7779,6997,4112,3541,5345,4884,3865,3384,6.51995,-16.6153,8.5835,48.1247
76896,4408,3964,3474,3140,7271,4787,3763,3393,9281,5173,3740,3309,5233,4349,3568,3271,3.13458,-27.4439,8.707,48.0827
76897,3471,4721,8385,8775,3529,4071,5484,5776,3142,3565,3912,3961,3153,3315,3458,3384,-23.6533,15.4726,8.61276,48.068
76898,3378,3578,4193,4113,3457,4115,5703,5422,3530,4295,7073,6572,3484,3889,4715,4735,3.40518,13.5131,8.59444,48.168
76899,4156,6501,9462,5622,3898,4736,5519,4483,3583,3650,3750,3613,3203,3275,3456,3317,-24.4577,5.08691,8.76652,48.1493
76900,3663,4133,4567,4296,3691,5106,7479,5314,3636,4532,6148,4714,3399,3733,4183,3999,-2.91362,7.45371,8.61846,48.3953
76901,3332,3455,3419,3300,3538,3998,3901,3665,4147,5532,6576,4529,4143,6284,7544,4831,17.4091,3.14714,8.70059,48.1293
76902,3508,3416,3305,3024,4315,4050,3497,3191,7834,5081,3964,3517,10281,5796,3829,3410,19.129,-28.16,8.56595,48.012
76903,3381,3862,5760,10669,3358,3876,5022,7762,3239,3460,3811,4272,3136,3287,3417,3498,-19.5516,27.8997,8.61955,47.8733
76904,9471,5764,3985,3399,8475,5332,3840,3340,4484,4068,3623,3229,3526,3472,3372,3040,-16.6049,-24.8884,8.98568,48.28
76905,3445,3298,3213,3110,3855,3817,3597,3333,4952,5442,4224,3658,7852,9687,5077,3813,27.7179,-11.663,8.81879,48.2487
76906,3415,4033,6330,11993,3257,3796,4874,6066,3161,3402,3834,4111,3123,3294,3415,3472,-32.528,24.8705,8.50078,47.7173
76907,3905,4383,4517,3988,4191,6797,6560,4377,4011,5337,5327,4018,3593,3927,3833,3559,-4.0265,0.318755,8.55783,48.2153
76908,7086,7017,4374,3620,6627,6671,4322,3508,4301,4402,3713,3335,3462,3531,3242,3125,-16.3004,-14.9955,8.61898,48.224
76909,5719,4425,3617,3303,9597,5229,3863,3360,6618,4637,3609,3222,4217,3839,3383,3114,-5.07558,-26.7405,8.95836,47.8347
76910,3739,3689,3351,3156,5097,4514,3585,3273,8299,6461,3976,3442,6774,5538,4070,3455,11.1012,-19.0681,8.71405,48.2793
76911,4509,4057,3644,3307,6891,5058,3691,3345,8518,5529,3858,3389,5203,4470,3554,3292,2.96199,-23.3243,8.52176,48.21
76912,3721,3707,3318,3107,5355,4357,3574,3414,9544,5313,3892,3313,7207,4972,3736,3356,10.6741,-31.9326,8.53056,47.924
76913,5574,9487,6844,4264,4400,5186,4762,3867,3655,3893,3552,3496,3368,3367,3277,3085,-32.0041,-4.32827,8.94589,48.0513
76914,3096,3272,3405,3313,3277,3561,3999,3955,3682,4250,5945,5790,3668,4854,8734,7596,21.2596,12.7362,8.74128,48.2647
76915,3320,3459,3499,3302,3568,3989,3990,3703,4327,5939,6258,4460,4528,6404,6915,4595,16.2573,1.02372,8.64909,48.1707
76916,3115,3346,3356,3412,3351,3423,3684,3905,3392,3879,4687,5926,3393,3909,5965,12479,31.3632,30.8783,8.53476,47.4813
76917,3302,3393,3244,3186,3893,3762,3415,3281,6315,4698,3679,3356,12701,5877,3897,3393,26.1561,-30.6515,8.99731,47.5947
76918,4550,4049,3530,3247,7637,4808,3664,3406,8989,5069,3787,3374,5076,4282,3704,3240,1.93174,-28.3983,8.99674,48.2747
76919,3315,3513,3890,3776,3465,4026,5118,4975,3613,4476,7804,6560,3478,4008,5264,5197,7.45935,13.1743,8.61015,48.3187
76920,4764,5673,4590,3769,5246,8283,5355,3868,4293,5017,4189,3484,3546,3695,3505,3331,-9.15807,-6.62948,8.7368,48.4053
76921,4442,4031,3371,3238,7288,4850,3737,3376,9200,5038,3776,3360,5072,4253,3604,3148,3.08032,-30.8873,8.67133,47.856
76922,5391,4972,3963,3190,7880,7006,4094,3449,5530,5216,3783,3386,4127,3897,3591,3219,-6.06965,-16.9326,8.8817,48.4627
76923,3707,3616,3393,3079,5160,4207,3593,3261,9430,5353,3861,3441,7359,5160,3786,3465,11.2802,-24.958,8.53244,47.914
76924,3370,4048,6947,10131,3411,3898,5190,6947,3245,3498,3866,4094,3095,3327,3428,3396,-20.8411,20.8974,8.57388,47.9273
76925,3484,3914,4183,3963,3750,4933,6605,4747,3677,5038,7066,4885,3511,3788,4382,4214,1.1961,6.83058,8.58954,48.0933
76926,3176,3613,4171,4998,3262,3702,5326,8340,3408,3845,5241,7512,3201,3533,4048,4596,-1.57087,23.1013,8.63335,47.9813
76927,3115,3187,3269,3433,3203,3436,3858,4185,3428,3774,4924,6583,3416,4015,6688,11567,23.9644,23.6292,8.88651,48.054
76928,3166,3366,3561,3750,3290,3528,4330,5163,3377,3854,5723,9216,3361,3840,5267,7325,11.9754,23.4758,8.6581,48.078
76929,5442,9153,6953,4391,4390,5379,4853,3929,3595,3751,3658,3484,3357,3342,3416,3176,-25.2686,-3.84736,8.8425,48.1793
76930,3699,4271,4938,4133,3969,5801,7417,4835,3753,4828,5828,4295,3433,3915,3919,3705,-4.12,4.35149,8.65346,48.4927
76931,7128,9797,5437,3838,5001,5214,4250,3591,3773,3749,3520,3274,3283,3364,3338,3212,-31.9685,-10.2221,8.78845,47.846
76932,4137,4367,3858,3525,5218,6955,4551,3696,5179,6971,4600,3649,4173,4351,3793,3374,-0.139169,-8.98543,8.88891,48.2647
76933,3508,4688,8624,9593,3522,4128,5164,5402,3339,3520,3777,3823,3125,3250,3375,3416,-29.7757,16.1303,8.90694,48.1693
76934,3775,3845,3559,3313,4348,5447,4254,3547,5469,8004,5139,3753,4506,5231,4447,3681,6.83536,-7.83301,8.51524,48.212
76935,3532,3437,3274,3105,4275,3800,3534,3252,7958,4983,3793,3445,10704,5817,3945,3335,18.883,-28.8433,8.69288,48.126
76936,3211,3517,3753,3921,3308,3564,4392,6157,3318,3740,5163,10086,3271,3636,4726,6366,7.06518,30.2345,8.93497,48.086
76937,3618,3899,4173,3818,4007,5362,6393,4323,4000,5623,6764,4548,3761,4124,4355,3825,1.2787,3.49894,8.56418,48.3953
76938,3973,3812,3592,3265,5047,5313,3805,3411,6740,7541,4328,3553,5080,5170,3983,3489,6.40479,-13.7064,8.5279,48.068
76939,3373,4030,5876,8623,3451,3921,5740,8428,3261,3516,4088,4534,3055,3218,3592,3586,-15.445,22.4047,8.75303,48.1947
76940,3701,3612,3425,3094,5297,4450,3652,3337,9106,5995,3959,3364,6904,5246,3892,3384,10.5027,-22.0381,8.64689,48.2787
76941,3354,3349,3258,3155,3637,3781,3639,3461,4677,5220,4400,3936,6051,9986,6382,4042,30.7949,-6.59416,8.91607,48.2187
76942,3331,3404,3238,3086,3963,3860,3430,3158,6633,4917,3817,3291,12110,5864,3922,3411,23.7966,-32.3361,8.82042,47.6233
76943,3119,3511,3917,4193,3390,3733,4932,5848,3377,3927,6540,8368,3259,3813,4742,5431,5.54653,19.0791,8.88809,48.0667
76944,3146,3361,3619,3801,3256,3568,4444,5298,3340,3893,5766,9485,3265,3815,5147,6811,10.1835,23.3097,8.85244,48.01
76945,3296,3464,3335,3320,3742,3727,3754,3567,4226,5195,4780,3996,4967,8910,7500,4362,33.8916,-2.29123,8.64955,48.094
76946,3220,3153,3411,3296,3255,3563,3884,3837,3557,4172,5299,5420,3600,4872,9321,8481,26.5299,14.0705,8.86734,48.2273
76947,3555,3691,3453,3160,4369,4739,3871,3434,5792,7796,4744,3622,5275,6223,4541,3679,11.5466,-10.0051,8.5322,47.9627
76948,4054,3697,3460,3207,5975,4690,3706,3377,8980,5965,3872,3428,5878,4731,3757,3369,6.77328,-22.0178,8.56478,48.0973
76949,3623,3672,3183,3033,4474,4193,3509,3230,7710,5998,4033,3419,7908,6298,4161,3458,15.1598,-18.8071,8.82364,47.9347
76950,5102,8508,7419,4360,4253,5441,5184,4152,3580,3768,3667,3593,3313,3364,3307,3242,-23.5832,-1.89233,8.67051,48.1687
76951,4220,3882,3473,3185,6951,4478,3591,3293,9660,5332,3834,3309,5660,4376,3557,3189,4.71658,-27.6765,8.72765,47.9933
76952,3390,3413,3192,3207,3821,3946,3762,3418,5246,6322,4597,3804,6402,8624,5353,3777,20.1773,-9.22163,8.50553,48.1827
76953,3202,3188,3343,3358,3067,3472,3749,3904,3478,3767,4848,5979,3345,3989,6419,12491,31.1498,24.9763,8.92732,47.7327
76954,3419,3489,3263,3171,3827,3841,3639,3316,5542,5236,4090,3478,9163,8679,4581,3579,27.1482,-15.5073,8.7401,48.2087
76955,3092,3484,3884,4131,3281,3717,4740,6259,3363,3811,5663,9141,3277,3738,4745,5598,5.71534,22.8066,8.75163,47.9493
76956,4267,4893,4231,3737,4750,7487,5621,3902,4366,5610,4739,3786,3679,4011,3767,3522,-4.43662,-4.27577,8.86989,48.2453
76957,3093,3153,3504,3455,3323,3483,3855,4296,3392,3847,5240,7844,3361,3881,5955,10382,18.7015,25.2155,8.9828,48.0427
76958,3012,3143,3459,3406,3183,3417,3838,3995,3405,3845,5070,6075,3398,4208,7308,11139,26.4151,21.0861,8.64675,47.934
76959,8648,6543,4190,3436,7542,5743,4119,3342,4328,4156,3579,3281,3521,3523,3269,3163,-16.8477,-19.5139,8.60941,48.2553
76960,3209,3482,3686,3814,3348,3737,4804,4963,3535,4336,7368,7280,3571,4099,5478,5550,9.04879,15.0223,8.75533,48.1733
76961,3968,5512,9041,6136,3794,4595,6018,4876,3397,3727,4083,3870,3214,3311,3392,3325,-21.0581,8.17571,8.59631,48.1727
76962,12124,6670,3990,3377,6088,4876,3856,3327,3938,3791,3459,3285,3387,3423,3240,3087,-27.8423,-23.8919,8.61107,47.9453
76963,4086,4273,3709,3363,5060,6586,4276,3627,5560,7224,4645,3690,4425,4623,3948,3442,2.02541,-9.88721,8.64165,48.358
76964,3275,3599,4076,4534,3300,3894,4823,7835,3309,3791,5149,8762,3160,3563,4284,5047,1.76661,29.4353,8.52021,48.2673
76965,3382,3795,5965,10847,3339,3800,4994,7465,3220,3490,3876,4080,3167,3249,3501,3415,-20.2045,33.5858,8.57684,47.7233
76966,4925,4473,3747,3336,7854,6199,4049,3420,6336,5466,3767,3383,4402,3962,3560,3228,-3.26175,-18.7227,8.87528,48.0713
76967,5111,4397,3779,3230,8522,5677,3905,3428,7138,5049,3730,3280,4452,3953,3504,3098,-3.01601,-22.7037,8.72065,48.1687
76968,3351,3578,3316,3277,3875,4013,3671,3406,4781,6390,4888,3918,5424,8310,5947,3889,19.1458,-5.6569,8.59185,48.0227
76969,4932,6756,5726,4172,4684,7154,5748,3982,3878,4309,4051,3508,3478,3449,3477,3160,-14.6704,-3.58054,8.91545,48.3093
76970,3820,3695,3383,3171,5419,4464,3777,3267,8853,6290,4043,3414,6087,5251,3816,3261,8.8044,-20.5488,8.7339,48.0073
76971,3155,3364,3386,3378,3330,3577,3883,4142,3439,3915,4915,7312,3374,3903,6032,10981,20.8596,26.4433,8.84659,48.0573
76972,9154,5477,3857,3352,8712,5309,3786,3559,4448,3997,3539,3295,3473,3507,3237,3176,-15.7074,-33.9362,8.9203,47.9187
76973,3264,3510,3661,3443,3434,3951,4623,4079,3714,4987,7727,5598,3650,4728,6688,5311,12.4334,9.41011,8.82519,48.2453
76974,3360,3404,3273,3258,3543,3840,3765,3545,4458,5262,4710,3907,5286,9216,7001,4237,33.4245,-3.55492,8.79214,48.0433
76975,3040,3199,3300,3393,3204,3450,3881,4150,3404,3780,4959,7627,3409,3843,5855,11100,20.0024,31.0266,8.81278,47.7293
76976,8940,7842,4491,3581,6264,5690,3974,3532,4082,3857,3425,3237,3427,3515,3227,3055,-21.0575,-16.802,8.89659,48.0927
76977,3527,4356,7529,8905,3505,3908,5630,6571,3279,3533,3954,4260,3056,3339,3452,3421,-19.9421,17.5323,8.71193,48.15
76978,3063,3296,3349,3357,3286,3582,3823,3802,3686,4250,5166,5067,3810,5296,9676,7402,30.6643,11.1799,8.85038,47.9407
76979,3368,3472,3256,3144,4026,3840,3410,3191,6682,5030,3893,3383,11383,6502,4053,3356,23.0104,-23.3261,8.63631,47.9927
76980,3069,3164,3362,3356,3257,3549,3935,4301,3423,3812,5135,7147,3495,3990,6264,10702,20.6361,23.5389,8.85723,47.974
76981,3444,3362,3338,3170,3960,3805,3488,3210,5943,4821,3758,3385,12503,6101,3868,3304,32.8309,-27.9432,8.50543,47.64
76982,3477,4092,6774,9741,3467,3841,5577,7098,3280,3509,4089,4229,3096,3220,3446,3572,-19.4946,20.3702,8.94775,48.3387
76983,11123,7125,4150,3447,5814,4907,3911,3332,4011,3871,3408,3283,3539,3313,3312,3227,-32.9595,-20.9296,8.5507,47.8487
76984,3345,3736,4672,5486,3459,3870,6266,8481,3369,3778,5154,6062,3197,3480,3841,4047,-5.28376,19.6211,8.96679,48.162
76985,5178,7233,5383,3983,5154,7261,5268,3926,3950,4258,3845,3545,3388,3586,3402,3240,-15.3273,-6.21329,8.69399,48.4
76986,3160,3391,3706,3800,3367,3637,4277,5366,3331,3830,5613,9313,3399,3840,5041,7121,10.3039,24.5529,8.53315,48.128
76987,5466,4427,3645,3349,9386,5259,3857,3327,6986,4630,3635,3345,4383,3887,3491,3231,-4.07285,-29.5697,8.71892,48.2027
76988,3065,3263,3476,3563,3215,3483,3886,4491,3298,3942,5179,7977,3305,3945,5793,10118,17.9537,26.2088,8.69406,47.9993
76989,3241,3252,3458,3451,3255,3495,3952,4371,3345,3836,5195,8187,3384,3908,5596,9901,17.4775,29.0788,8.503,47.8847
76990,4428,6711,7573,4835,4080,5500,6013,4352,3447,3913,3915,3671,3324,3362,3510,3377,-19.069,2.01644,8.57104,48.0073
76991,3147,3168,3428,3393,3187,3527,3995,4220,3348,3909,5022,7650,3440,3980,5947,10686,19.3904,26.8497,8.59384,48.0313
76992,3597,3785,3790,3494,3979,5060,4708,3794,4572,7330,6383,4112,4170,5051,4768,3935,7.13812,-1.91193,8.53384,48.352
76993,3093,3416,3411,3259,3447,3563,3913,3749,3920,4719,5775,4595,3927,6044,9533,5967,23.1155,6.54807,8.96901,48.2207
76994,4636,7115,7372,4777,4311,5628,5828,4341,3623,3838,3959,3678,3248,3318,3438,3366,-19.5908,0.536024,8.5222,48.3173
76995,3302,3915,5465,6913,3545,3922,6252,8526,3280,3661,4368,5077,3038,3342,3590,3677,-11.8085,20.6665,8.63556,47.9153
76996,3760,3959,3891,3647,4053,5698,5157,3843,4589,6847,5992,4128,3931,4487,4231,3742,2.83777,-2.02418,8.53266,47.97
76997,3231,3298,3332,3537,3281,3590,3907,3908,3564,4175,5212,5190,3686,4878,9357,8118,31.6728,13.214,8.57582,48.176
76998,3426,3967,5289,5756,3403,4094,6726,8217,3249,3836,4817,5313,3158,3418,3856,3744,-8.01906,17.756,8.84607,48.1793
76999,3348,3567,3449,3227,4074,4500,3843,3362,5576,7592,4792,3856,5573,7026,4904,3834,14.1708,-8.8824,8.96184,48.3487
77000,3392,3409,3287,3108,4029,3848,3520,3129,5721,5062,4006,3385,10837,7202,4205,3462,33.5021,-20.3004,8.71206,47.7347
77001,3490,4455,8541,9608,3508,4048,5204,5484,3345,3458,3875,3801,3156,3257,3469,3340,-29.4378,16.4998,8.93624,48.026
77002,3409,4100,5729,6699,3437,4033,6551,8282,3241,3588,4376,4885,3186,3409,3585,3717,-11.5438,18.7731,8.83593,48.1513
77003,3286,3346,3509,3334,3459,4080,4220,3678,3999,5423,7062,4810,4026,5480,7097,4998,14.877,4.39906,8.69188,47.8713
77004,3115,3397,3654,3743,3308,3695,4526,4694,3435,4206,6840,7545,3567,4103,5929,6545,12.1492,16.4949,8.60817,48.2013
77005,3356,3584,3737,3739,3505,4176,5254,4395,3821,5020,8119,5460,3710,4169,5470,4702,7.48811,8.3752,8.9253,48.1447
77006,3446,3460,3249,2985,4043,3895,3774,3380,6051,5840,4173,3541,8023,8143,4663,3557,20.4045,-14.9836,8.57614,48.1487
77007,3194,3228,3323,3361,3252,3349,3690,3948,3400,3761,4816,6017,3414,4000,5931,12627,30.2899,33.0857,8.90076,47.5407
77008,8477,9006,4795,3616,5612,5521,4195,3520,3948,3826,3506,3241,3387,3415,3118,3070,-24.1561,-14.1642,8.98455,48.1687
77009,3232,3513,4021,4316,3309,3716,4814,7117,3355,3845,5174,9340,3251,3598,4423,5201,3.16425,25.3103,8.93705,48.15
77010,3313,3368,3282,3179,3775,3760,3549,3418,5059,5408,4325,3609,7533,9532,5144,3809,25.669,-11.7134,8.81554,48.042
77011,3300,3556,3950,3767,3421,4090,5585,4965,3593,4585,7885,6194,3504,4106,5061,4738,5.79714,11.5,8.99406,48.2
77012,11894,6727,3959,3481,5889,4830,3805,3321,3905,3762,3426,3223,3478,3333,3149,3142,-29.1195,-23.8453,8.84904,47.5493
77013,3390,3384,3231,3032,4016,3890,3573,3257,5927,4790,3947,3334,11520,6900,4023,3486,32.7599,-21.9356,8.861,47.8
77014,3704,3762,3688,3372,4151,5087,4512,3765,4664,7443,6103,3988,4285,5103,4491,3892,7.25895,-3.54316,8.54954,48.0067
77015,3353,3879,6208,12615,3308,3856,4801,6357,3175,3408,3731,3885,3073,3207,3407,3364,-25.3186,28.1539,8.99758,47.7513
77016,3361,3748,4603,5118,3384,4105,6363,8150,3186,3756,5197,6110,3289,3565,3977,4110,-4.21617,18.9736,8.97781,48.0147
77017,4577,6360,6000,4357,4633,6638,6222,4127,3823,4204,4127,3686,3258,3409,3520,3360,-14.4699,-1.1308,8.5803,48.2007
77018,3243,3405,3858,3596,3447,3906,4844,4752,3634,4473,7709,6854,3487,4167,5677,5547,9.74649,13.4106,8.70149,48.3993
77019,3133,3370,3803,3897,3351,3631,4446,5690,3525,3790,5113,9850,3311,3806,4894,6321,8.00114,33.3102,8.66665,47.954
77020,3293,3475,4162,4907,3371,3619,5081,8757,3315,3800,4942,7966,3249,3428,4053,4839,-1.42172,28.6899,8.97779,48.1713
77021,5940,9903,6320,4161,4504,5211,4489,3784,3592,3668,3700,3535,3232,3368,3270,3150,-29.1835,-5.91887,8.95755,47.8847
77022,3776,4279,4018,3544,4403,6205,5294,3931,4395,6635,5756,3986,3885,4341,4164,3702,0.861749,-2.41031,8.97758,48.2093
77023,3441,3349,3318,3164,3753,3806,3632,3392,4931,5277,4299,3628,6727,9958,5750,3879,29.2748,-8.77468,8.54337,48.2027
77024,3256,3387,3759,3691,3470,3922,4766,4455,3722,4742,8010,6046,3692,4328,6019,5341,10.7905,11.0346,8.51216,48.404
77025,3087,3240,3309,3379,3137,3484,3798,3942,3341,3899,4817,6173,3415,4009,6676,12042,28.3694,24.067,8.63834,47.832
77026,3512,3486,3297,3202,3987,4313,3849,3414,5619,7320,4844,3765,5697,7271,4780,3923,14.9995,-9.30518,8.74801,48.186
77027,3348,3607,3861,3726,3649,4256,5652,4611,3712,5085,8319,5523,3541,4223,5093,4519,5.27451,7.87894,8.99515,48.4833
77028,3145,3424,3893,4226,3264,3504,4589,6449,3312,3842,5160,9721,3176,3709,4560,5886,5.6669,30.1129,8.9875,47.9067
77029,3281,3377,3358,3305,3820,4132,3915,3580,4673,6680,5581,4118,4946,7352,6058,4403,16.8948,-3.21022,8.71785,48.386
77030,3260,3553,4060,4280,3255,3799,4951,6555,3422,3865,5838,8799,3325,3691,4578,5296,4.16896,21.3576,8.99023,48.3513
77031,3234,3982,6450,12355,3300,3711,4908,6177,3231,3489,3817,3960,3070,3202,3480,3370,-29.716,24.8116,8.59987,47.824
77032,3513,3579,3308,3255,4037,4387,3831,3378,5517,7600,4927,3756,5590,7171,4949,3753,14.4717,-9.07109,8.74082,48.3673
77033,4387,3984,3603,3304,6848,5047,3836,3330,8713,5562,3897,3335,5169,4357,3666,3166,3.13972,-22.9253,8.80086,48.136
77034,3326,3429,3188,3132,3843,3825,3431,3257,5554,5303,4051,3536,8907,8797,4555,3527,25.7071,-15.2139,8.84334,47.774
77035,3177,3421,3606,3831,3196,3613,4449,5257,3417,3841,5802,9366,3339,3839,5318,7136,10.8203,23.129,8.96531,48.4053
77036,9845,7476,4244,3347,6378,5365,3952,3501,4046,3919,3488,3263,3381,3510,3300,3117,-22.5062,-19.5054,8.61358,48.088
77037,3195,3617,4058,4578,3329,3853,5374,6930,3355,3891,6048,7862,3267,3671,4380,5023,1.9019,19.8186,8.89258,48.2873
77038,4195,3908,3307,3309,6638,4604,3672,3354,9894,5106,3935,3377,5632,4496,3653,3330,4.92464,-31.6311,8.71387,48.2733
77039,3877,4810,5878,4813,3904,5676,8031,4910,3633,4088,4731,4153,3325,3538,3690,3460,-10.665,5.34379,8.7581,48.3447
77040,3737,3607,3373,3065,4920,4266,3567,3245,9370,5608,3805,3432,7629,5232,3950,3296,12.1543,-23.8923,8.95005,48.068
77041,6634,10069,5850,4000,4721,5298,4467,3738,3757,3819,3529,3280,3213,3356,3390,3051,-29.5611,-8.13894,8.96531,48.1147
77042,3178,3451,3446,3539,3402,3752,4349,4094,3592,4544,7054,5675,3700,4900,7614,6191,16.2294,10.708,8.694,48.3207
77043,10067,8118,4381,3457,5707,5124,3940,3520,3825,3901,3491,3306,3486,3418,3230,3025,-26.0138,-17.6599,8.93479,47.9973
77044,3297,3293,3205,3212,3907,3971,3448,3203,5620,5197,4078,3503,10057,8207,4493,3468,29.9538,-17.4257,8.73927,48.106
77045,3021,3280,3521,3643,3285,3533,4192,4830,3211,3901,5667,8782,3412,3866,5652,8288,14.3322,23.2523,8.80161,48.056
77046,3319,3767,5933,12651,3342,3726,4699,6048,3220,3341,3805,3919,3129,3277,3304,3450,-31.3609,30.7674,8.77663,47.2867
77047,4486,4183,3609,3367,6461,6153,4076,3379,6795,6398,4135,3535,4484,4388,3724,3256,0.741026,-16.0962,8.94153,48.286
77048,3089,3292,3312,3428,3262,3434,3801,3958,3471,4066,5236,5600,3759,4526,8750,8919,25.7731,15.132,8.72405,47.9353
77049,4380,4270,3762,3394,5926,6642,4346,3565,6037,6632,4264,3581,4291,4416,3722,3343,0.0242319,-12.9808,8.73059,48.3807
77050,4699,4433,3681,3318,7316,6434,4118,3456,6362,5726,3963,3431,4365,4136,3566,3235,-2.14202,-17.31,8.80577,48.1593
77051,3382,3348,3223,3009,4127,3848,3460,3263,6685,5261,3903,3332,10482,6871,4112,3531,21.7598,-20.787,8.93705,47.8913
77052,3232,3628,4403,5298,3469,3815,5200,9131,3314,3812,4722,7366,3243,3416,3977,4470,-2.89878,28.851,8.59248,48.3307
77053,9215,7433,4367,3481,6261,5450,4023,3431,3916,3932,3495,3290,3397,3544,3267,3181,-21.0278,-18.03,8.83895,47.7887
77054,3179,3295,3506,3694,3253,3711,4149,4380,3501,4155,6467,7124,3473,4208,6475,7633,15.9079,17.2828,8.75401,48.1353
77055,3343,3554,4155,4277,3459,4127,6323,5849,3566,4176,6878,6222,3367,3847,4442,4620,1.68563,13.7703,8.6899,48.1367
77056,9118,8044,4483,3561,6028,5366,4058,3488,4015,3981,3475,3300,3391,3556,3192,3083,-23.6934,-16.7954,8.55828,48.0927
77057,12185,5954,4065,3471,6369,4919,3743,3392,4034,3750,3431,3215,3380,3231,3250,3244,-24.6238,-32.8236,8.6624,47.7553
77058,4111,3818,3488,3228,6448,4624,3663,3305,9432,5548,3870,3331,5715,4640,3755,3351,5.27315,-23.9153,8.80231,48.218
77059,3179,3376,3790,4029,3341,3613,4479,5724,3287,3815,5761,9484,3255,3772,4853,6521,8.43892,23.7875,8.86723,48.186
77060,3332,3432,3243,3166,3792,3886,3539,3197,5155,5368,4266,3629,7605,9629,4998,3754,33.7988,-11.8021,8.77149,47.994
77061,3618,3841,3673,3294,4285,5268,4258,3634,5099,8102,5709,3826,4364,5307,4529,3785,7.75949,-5.37906,8.78189,48.3947
77062,3620,4894,9196,8501,3570,4113,5227,5337,3340,3497,3889,3779,3145,3199,3347,3285,-28.3091,13.802,8.84866,47.9593
77063,5401,8644,6404,4188,4615,6101,5073,3820,3686,4013,3703,3457,3406,3411,3245,3213,-20.2568,-4.53067,8.90157,48.2533
77064,3426,3364,3282,3193,3919,4039,3490,3215,5980,5462,3936,3444,9102,8135,4384,3504,23.0535,-16.9061,8.80293,47.9167
77065,3828,5367,8984,6563,3733,4473,6096,5167,3377,3610,3964,3840,3116,3243,3375,3395,-21.2518,9.46913,8.80147,48.0873
77066,4179,3942,3502,3090,6129,4745,3797,3376,8898,6164,3907,3426,5743,4637,3698,3318,5.91188,-21.5071,8.87832,48.3673
77067,3702,5181,8639,6394,3821,4617,6610,5256,3340,3731,3979,3923,3092,3301,3411,3390,-19.5914,9.61775,8.94519,48.258
77068,6600,9992,5908,3896,4749,5217,4378,3674,3805,3738,3525,3298,3239,3458,3334,3254,-30.1539,-8.205,8.74233,48.0433
77069,3371,3877,5368,9083,3228,3853,5039,8678,3291,3515,4027,4583,3239,3223,3545,3495,-15.8383,30.8853,8.57997,47.61
77070,3306,3861,5947,12531,3244,3769,4760,6312,3290,3501,3786,3973,3121,3197,3371,3366,-25.982,30.2704,8.92415,47.5567
77071,3529,3521,3448,3119,4359,4301,3863,3452,6354,7273,4386,3564,6173,6904,4575,3614,14.3078,-12.8697,8.64623,48.29
77072,4551,4198,3538,3355,7188,5439,3869,3372,7560,5806,3954,3432,4910,4306,3624,3239,0.929015,-20.2799,8.56627,48.2273
77073,3303,3424,3280,3165,3693,3872,3628,3385,4645,5127,4395,3816,6198,9976,5997,4072,32.3613,-7.10867,8.92427,47.984
77074,3390,3470,3199,3068,4347,4092,3573,3159,8259,5146,3849,3420,10007,5629,4043,3349,17.5327,-27.7747,8.66307,48
77075,3351,3737,4434,4543,3474,4264,6784,6706,3525,4039,5963,6109,3294,3605,4196,4298,-2.042,15.2648,8.95797,48.2147
77076,4787,8528,8106,4756,4156,4951,4823,4132,3543,3693,3841,3469,3292,3352,3315,3262,-31.8515,-0.737119,8.86348,48.004
77077,3395,3596,4386,4295,3555,4174,6716,5931,3544,4313,6712,5959,3403,3591,4424,4358,0.345939,12.8343,8.95051,48.2347
77078,3531,3478,3290,3034,4383,4023,3456,3320,8134,5101,3898,3350,9824,5432,3855,3497,17.2019,-33.0322,8.52477,47.7373
77079,3995,5506,8190,5568,3789,4941,6859,4984,3420,3728,4069,3807,3221,3370,3504,3371,-17.4759,6.93206,8.98962,48.2147
77080,3042,3263,3391,3347,3382,3678,3813,3683,3734,4323,5219,4770,3865,5410,10018,7003,31.3086,10.0476,8.93108,47.9607
77081,3181,3298,3289,3302,3400,3693,3755,3539,3981,4678,5082,4543,4299,6953,9470,5518,32.0646,4.14347,8.89358,47.9873
77082,3351,3664,3484,3173,3770,4325,3964,3513,5035,7339,5222,4012,5286,7261,5508,4082,15.5668,-6.17562,8.70653,48.6593
77083,3331,3620,4296,5221,3387,3820,5076,9156,3387,3678,4653,7224,3270,3517,3969,4407,-2.88651,31.4016,8.58952,48.008
77084,3417,3369,3320,3166,3897,3733,3411,3293,6020,4627,3698,3416,12544,5886,3898,3311,33.7915,-32.274,8.98343,47.3373
77085,11069,6734,4146,3335,6390,5083,3893,3325,3949,3856,3529,3265,3439,3437,3187,3073,-22.8579,-22.5573,8.58713,47.8067
77086,3335,3878,4957,5579,3341,4039,6566,8330,3332,3762,4995,5560,3159,3340,3897,4079,-6.6986,18.3703,8.85831,48.0993
77087,6350,9516,5620,3862,5044,5990,4618,3683,3867,3873,3641,3306,3229,3411,3270,3161,-22.0213,-8.47802,8.81932,48.294
77088,3074,3231,3497,3470,3169,3322,3914,4042,3372,3982,5153,6834,3441,4118,6802,10825,22.0994,22.3057,8.97438,48.164
77089,3326,3690,5346,7904,3325,3820,5577,9304,3283,3536,4080,4954,3034,3306,3514,3891,-12.8365,24.8981,8.91022,47.9267
77090,4636,6757,6246,4348,4340,6486,6071,4084,3746,4093,4023,3604,3375,3336,3466,3370,-15.6434,-1.27482,8.96445,47.9873
77091,3336,3398,3341,3197,3828,4088,3766,3539,4699,6374,4786,3932,5686,8537,5875,4086,19.8315,-6.1852,8.71768,48.312
77092,3512,3981,6752,8861,3538,4070,5740,7250,3229,3537,4088,4315,3017,3272,3507,3526,-18.1179,19.516,8.66656,48.13
77093,3029,3245,3482,3565,3218,3591,4085,4483,3320,3849,5380,8657,3382,4000,5556,9296,15.8613,25.8614,8.94298,48.092
77094,3312,3235,3282,3181,3969,3825,3385,3245,6384,4858,3826,3436,12167,6227,3926,3342,25.0181,-31.9075,8.6085,47.7333
77095,3177,3492,3432,3248,3724,3870,3931,3616,4246,5492,5913,4328,4507,6795,7557,4917,19.3085,1.75536,8.53734,48.1633
77096,3722,4530,5767,4940,3749,5267,8003,5291,3708,4132,5011,4233,3245,3593,3743,3641,-9.29702,8.03516,8.52188,48.3833
77097,3355,3369,3378,3116,3858,3778,3452,3319,6147,4787,3781,3365,12616,5980,3978,3433,27.7044,-31.7812,8.71148,47.808
77098,3351,3374,3222,3153,3672,3822,3761,3500,4479,5390,4892,3864,5552,9187,6816,4260,24.6381,-4.35055,8.81849,48.1967
77099,3719,3729,3378,3149,4944,4530,3750,3413,7579,7135,4037,3488,6327,5629,4062,3466,11.0359,-16.3145,8.66702,48.2233
77100,4028,3901,3376,3298,5312,5267,3866,3473,7260,7541,4330,3538,5216,5064,3906,3422,5.98545,-14.6128,8.69571,48.532
77101,3373,3654,4664,6039,3386,3775,5091,9905,3397,3736,4469,6117,3059,3517,3760,3986,-6.77938,30.075,8.87015,47.952
77102,3037,3183,3408,3345,3301,3494,3845,3913,3347,3925,5045,6045,3387,4200,7511,10840,26.7598,20.4479,8.53088,47.884
77103,4065,4019,3656,3270,5451,5827,4054,3519,6468,7246,4307,3487,4703,4662,3966,3467,3.47748,-13.2098,8.62921,48.1113
77104,3385,3808,5010,7458,3345,3753,5292,9905,3263,3593,4197,5180,3116,3316,3500,3776,-11.4925,29.8779,8.84997,47.9313
77105,4049,3923,3431,3054,5918,4681,3837,3403,8863,6045,4019,3384,5826,4779,3750,3282,6.72321,-20.7054,8.79524,48.1627
77106,3189,3410,3665,3826,3259,3470,4125,5196,3407,3814,5300,9749,3290,3767,5015,7705,11.6053,28.856,8.73114,48.1247
77107,3238,3516,3968,4224,3275,3707,4723,6759,3313,3836,5154,9455,3317,3667,4545,5379,4.36016,33.8948,8.51332,48.0507
77108,8118,5224,3832,3326,9440,5235,3782,3352,5009,4173,3586,3265,3580,3473,3250,3101,-12.9264,-28.141,8.67784,47.8307
77109,3835,3688,3386,3121,5660,4204,3606,3186,9752,5449,3812,3333,7070,4913,3732,3289,9.82613,-26.9746,8.72822,48.024
77110,3307,3318,3242,3156,3686,3795,3722,3465,4704,5279,4368,3845,6172,9798,5949,4066,28.74,-7.48313,8.54924,47.9147
77111,3840,3630,3264,3081,5125,4221,3590,3217,9203,5676,3886,3369,7711,5299,3841,3275,12.3303,-24.4144,8.64216,48.152
77112,3400,3987,6873,11799,3359,3871,4872,5802,3183,3431,3868,4008,3012,3286,3362,3358,-32.515,22.4671,8.94924,47.6473
77113,3780,4681,5615,4674,3899,5379,8125,5261,3663,4146,5145,4152,3389,3528,3664,3587,-8.58163,6.16604,8.71803,48.4587
77114,4449,4313,3593,3376,6445,6295,4240,3515,6499,6323,4012,3440,4404,4350,3767,3385,0.12416,-15.3887,8.7161,48.2707
77115,8263,5180,3910,3439,9349,5098,3939,3258,5019,4226,3537,3241,3712,3562,3279,3207,-13.2414,-27.6777,8.74081,48.146
77116,3666,4208,4780,4143,3975,5674,7621,4818,3763,4611,5675,4401,3445,3865,4014,3843,-4.22309,4.63344,8.79676,48.3347
77117,9365,5488,3905,3372,8610,5237,3863,3272,4552,4174,3492,3295,3478,3552,3318,3115,-16.1415,-27.5026,8.86246,48.0587
77118,3389,3746,4826,4916,3507,4305,6929,7152,3329,3888,5477,5701,3279,3576,4037,4167,-4.01002,15.5724,8.65772,48.1493
77119,3531,3419,3403,3066,4345,3997,3541,3219,7234,5746,4058,3417,8792,6856,4209,3439,18.0887,-19.4529,8.68277,48.1813
77120,10195,6887,4078,3477,6931,5389,3903,3427,4291,3899,3417,3155,3526,3411,3198,3115,-20.7177,-21.3368,8.84333,48.1993
77121,3483,3606,3368,3215,4331,4604,3883,3514,6084,7735,4592,3615,5582,6311,4526,3678,12.3152,-11.0277,8.738,48.0847
77122,3153,3417,3915,3986,3505,3938,5498,5473,3532,4346,7448,6952,3461,3856,4930,4986,5.07232,14.7047,8.8681,48.264
77123,3286,3527,4357,4568,3367,4100,6015,7031,3299,3934,6076,6977,3292,3604,4394,4609,0.0899121,17.6503,8.97906,48.2907
77124,3390,3957,5795,11133,3397,3847,4857,7387,3194,3492,3887,4279,2990,3258,3514,3424,-20.4455,29.489,8.6224,47.8673
77125,3930,4180,3809,3283,4936,6362,4506,3645,5304,7426,4838,3648,4421,4602,3914,3404,2.34634,-8.72047,8.95743,48.1387
77126,3152,3275,3437,3225,3319,3489,3922,3874,3515,4256,5273,4885,3692,5323,10034,7151,32.8198,10.1852,8.98666,47.8813
77127,3100,3371,3788,3832,3282,3676,4527,5914,3381,3762,5363,9694,3358,3821,4893,6367,7.70925,33.9623,8.75256,48.086
77128,3306,3597,3641,3556,3626,4183,5127,4286,3802,5328,8185,5399,3758,4467,5630,4831,8.62629,6.94083,8.74575,48.4813
77129,3537,3646,3506,3279,4012,4538,3938,3626,5254,7977,5223,3861,4956,6144,4833,3872,11.6068,-6.92424,8.62757,48.1347
77130,6754,8849,5100,3854,5160,6002,4442,3721,3892,4013,3571,3302,3385,3354,3290,3103,-21.0531,-10.5204,8.58456,47.8613
77131,3180,3265,3347,3313,3231,3599,3872,4020,3616,4201,5350,5084,3676,5047,9545,7749,26.8139,11.6475,8.87128,48.0633
77132,3201,3402,3481,3371,3533,3872,4072,3784,3813,5314,6921,4795,4121,5658,7596,5131,16.8106,4.99865,8.90877,48.0433
77133,3375,3879,6078,11802,3347,3863,4776,6879,3236,3451,3899,4051,3095,3273,3402,3454,-23.1722,27.1475,8.52109,47.9067
77134,5782,4645,3768,3268,9197,5587,3883,3379,6331,4733,3712,3355,4112,3878,3417,3163,-5.31672,-23.1838,8.57078,48.14
77135,3110,3242,3460,3487,3230,3593,4041,4322,3409,3858,5162,8008,3332,3940,5698,10524,18.6693,29.8623,8.89944,48.2773
77136,3158,3366,3372,3190,3537,3830,3808,3577,4086,5066,4805,4143,4753,8357,8025,4716,31.8508,-0.418768,8.79008,47.8593
77137,3222,3377,3527,3392,3527,3903,4250,3942,3836,5137,7205,5241,4005,5159,7179,5213,14.9025,6.65599,8.53272,48.0767
77138,3047,3282,3508,3481,3217,3501,4001,4540,3355,3812,5063,8345,3461,3835,5573,9738,16.9528,26.8094,8.71239,47.8393
77139,3385,3772,5009,7246,3430,3775,5122,10031,3338,3640,4362,5281,3143,3391,3597,3800,-10.9019,28.9022,8.84008,48.2147
77140,4589,4995,4002,3480,6097,7965,4664,3763,4889,5652,4099,3358,3980,3966,3432,3366,-5.46563,-10.7147,8.9022,48.198
77141,3180,3331,3361,3359,3428,3633,3881,3767,3648,4444,5819,5123,3874,5220,9448,6645,22.2822,9.53057,8.99751,48.1073
77142,3087,3203,3494,3348,3304,3587,4155,4167,3433,4140,6015,6627,3638,4486,7466,8101,18.7483,16.3496,8.9045,48.1673
77143,3938,4070,3659,3337,4955,6138,4279,3485,5882,7613,4654,3691,4509,4795,3980,3572,3.39929,-10.3231,8.85301,48.3713
77144,6095,8060,5218,3726,5380,6854,4566,3682,3979,4201,3655,3377,3468,3464,3282,3203,-17.7968,-9.5365,8.59667,48.14
77145,4167,5024,4717,3989,4379,7060,6445,4183,3919,4966,4643,3854,3581,3779,3668,3584,-6.89982,-1.59492,8.53989,47.972
77146,3737,4038,3946,3649,4195,5681,5543,4077,4414,6589,6111,4051,3879,4380,4198,3642,1.81579,-0.974674,8.59038,48.0867
77147,3079,3420,3896,4300,3326,3675,4770,7235,3427,3830,5187,9200,3296,3612,4473,5349,3.37148,32.9639,8.81259,48.05
77148,3445,3939,6345,11915,3371,3847,4930,6517,3298,3465,3805,4023,3093,3213,3414,3441,-24.2867,25.1385,8.7023,48.0407
77149,3103,3245,3276,3435,3210,3532,3760,4047,3439,3815,4791,6309,3401,3964,6079,12499,25.6309,29.1599,8.8155,47.9367
77150,3121,3198,3393,3409,3310,3490,3889,4021,3344,3898,5297,6703,3387,4085,6883,10642,22.3853,21.5074,8.82858,48.0467
77151,3786,3821,3406,3129,4788,5000,3956,3462,6535,7832,4515,3620,5155,5604,4095,3610,8.93793,-12.4484,8.95534,48.2093
77152,3370,3828,6028,12542,3405,3812,4733,5979,3315,3572,3754,3888,3119,3229,3534,3411,-28.8077,32.2595,8.77916,47.6793
77153,3812,3732,3270,3147,5429,4292,3604,3293,9348,5739,3860,3362,6716,5130,3893,3291,9.61948,-23.7663,8.5498,47.9453
77154,11999,6571,3880,3288,6547,4962,3807,3268,4005,3847,3392,3134,3379,3446,3254,3126,-24.8898,-24.4614,8.81397,47.9367
77155,3851,4034,3581,3360,4778,5820,4166,3496,5872,8032,4685,3647,4617,5026,3892,3527,5.15839,-10.5639,8.89185,48.256
77156,3434,3430,3352,3136,3781,4016,3607,3435,4976,6482,4753,3769,6062,8763,5332,4024,19.776,-8.1787,8.85457,48.2347
77157,3219,3269,3541,3678,3243,3563,4147,5067,3351,3875,5260,9608,3403,3936,5168,7811,12.0545,27.5283,8.87098,48.0927
77158,3376,3417,3228,3077,3854,3760,3351,3487,6064,4730,3612,3374,12784,5981,3925,3298,31.5134,-29.0817,8.99879,47.5453
77159,3305,3808,4115,4219,3483,4163,6047,5976,3484,4246,6652,6464,3330,3753,4492,4673,1.70437,14.5228,8.72741,48.14
77160,3398,4143,7245,11146,3416,3914,4953,6002,3276,3468,3859,3959,3079,3235,3430,3346,-27.0815,21.0492,8.59376,47.9127
77161,4002,5285,5850,4464,4121,6263,7439,4598,3739,4286,4466,3890,3307,3609,3672,3493,-11.203,2.37931,8.97024,48.3227
77162,3524,3487,3295,3046,4732,4012,3640,3263,8809,5316,3817,3399,8909,5482,3829,3396,14.9039,-26.2847,8.66341,47.9707
77163,3752,4239,5264,4624,3721,5088,8107,5447,3665,4312,5412,4456,3300,3572,3788,3569,-6.83699,8.35796,8.69007,48.2107
77164,3557,3582,3239,3235,4475,3983,3579,3214,8352,5089,3854,3463,9577,5626,3921,3386,16.8833,-28.6551,8.62922,48.088
77165,3395,3551,3618,3388,3844,4519,4144,3728,4633,7119,6252,4242,4339,5937,5271,4047,11.5091,-1.76087,8.65429,48.018
77166,3533,4474,6509,5939,3551,4582,7445,6379,3306,3845,4576,4371,3197,3413,3615,3661,-12.2649,12.5725,8.71772,48.264
77167,6656,6011,4080,3417,7715,6542,4244,3500,4717,4461,3644,3383,3664,3617,3385,3154,-12.3514,-17.5627,8.59997,48.1267
77168,3680,4446,4969,4417,3858,5495,8041,5038,3602,4419,5404,4244,3453,3673,3847,3547,-6.21144,6.18815,8.68452,48.0887
77169,3192,3607,4161,4885,3281,3838,4807,8128,3255,3741,4884,8305,3286,3537,4319,4760,0.338339,30.2581,8.6341,47.9907
77170,3399,3345,3268,3117,3874,4008,3485,3237,5274,5835,4246,3568,7335,9452,5097,3805,23.2784,-11.3731,8.98034,48.23
77171,5753,4548,3667,3296,9684,5190,3820,3363,6525,4543,3683,3325,4136,3819,3480,3189,-5.28409,-26.6632,8.9355,48.014
77172,4048,3884,3467,3285,5719,5163,3796,3396,7775,6841,4126,3455,5303,4834,3821,3351,5.35778,-17.2372,8.76184,48.176
77173,11809,6966,4069,3401,5907,4902,3796,3302,3900,3882,3518,3201,3531,3366,3198,3189,-31.6498,-22.2449,8.80266,47.958
77174,5067,5911,4575,3710,5598,8175,4987,3828,4364,4787,3947,3487,3509,3706,3554,3282,-10.3992,-8.68461,8.54545,48.3247
77175,3435,3706,4883,6748,3316,3793,5653,9783,3218,3729,4365,5693,3229,3217,3651,3870,-9.08255,25.1828,8.93361,48.1927
77176,3172,3288,3460,3425,3373,3573,4064,3980,3654,4163,5718,5816,3667,4710,8510,8248,21.8817,14.6221,8.52177,48.5473
77177,3126,3190,3500,3379,3197,3528,3978,3906,3570,4172,5419,5509,3585,4887,9071,8325,24.302,13.9133,8.91825,48.228
77178,3357,3500,3435,3220,3538,4067,3977,3574,4387,6229,5741,4214,4823,7265,6687,4392,17.9047,-1.39768,8.74264,48.2707
77179,8907,6390,3914,3388,7769,5601,3958,3364,4418,4142,3532,3310,3535,3478,3239,3127,-17.1143,-20.8344,8.76647,48.048
77180,6821,9685,5378,3805,5046,5149,4343,3804,3875,3856,3584,3357,3255,3458,3238,3219,-33.4178,-9.68068,8.66111,47.9153
77181,9526,6075,4056,3415,7656,5448,3935,3350,4378,4027,3599,3286,3514,3511,3275,3087,-17.6023,-22.9736,8.57396,48.092
77182,3472,4037,5629,5530,3660,4476,7599,6950,3376,3751,4759,4824,3126,3443,3805,3780,-8.99783,13.8995,8.87139,48.1447
77183,3071,3283,3368,3346,3227,3440,3774,3929,3305,3803,4832,6000,3436,4048,6943,11889,31.367,22.5418,8.81974,47.796
77184,3406,3260,3285,3082,3972,3830,3588,3284,5532,5022,4018,3516,9823,8218,4380,3573,27.9146,-16.88,8.86961,47.8593
77185,3339,3307,3276,3193,3767,3849,3551,3369,4952,5360,4317,3610,7172,9861,5298,3779,29.3601,-10.3378,8.70046,48
77186,3195,3351,3358,3253,3579,3850,4001,3761,3999,5210,6264,4627,4228,6491,8089,5118,18.7237,3.42206,8.93618,48.2493
77187,6801,10095,5720,3962,4851,5292,4327,3648,3832,3828,3596,3251,3234,3408,3178,3066,-29.2045,-9.2222,8.94794,48.0593
77188,10581,7876,4323,3504,5932,5086,3852,3338,3931,3887,3427,3333,3364,3334,3124,3000,-28.5132,-18.9005,8.69409,47.928
77189,4942,8601,7597,4524,4264,5244,4939,4093,3550,3823,3721,3553,3215,3276,3373,3193,-25.9537,-1.76824,8.7788,47.9387
77190,3828,3688,3428,3075,5422,4319,3587,3295,9525,5447,3741,3448,7043,4996,3790,3331,10.1277,-25.6363,8.5036,47.9753
77191,3284,3753,4859,6383,3275,3837,5528,9563,3281,3690,4544,5706,3191,3329,3741,4013,-7.87763,24.1697,8.50654,47.9847
77192,3808,5293,8854,6599,3758,4468,6249,5211,3412,3620,3974,3954,3158,3297,3458,3346,-20.4776,9.74567,8.77447,48.306
77193,3367,3322,3346,3132,3895,3861,3570,3275,5285,5103,4102,3579,8207,9307,4836,3615,33.3013,-13.0381,8.84209,47.868
77194,3653,3663,3437,3229,4605,4791,3829,3522,6322,8157,4795,3632,5337,5864,4373,3592,9.61204,-11.4308,8.5456,48.534
77195,3687,4563,5928,4913,3808,4966,8212,5718,3484,3912,4934,4407,3211,3498,3682,3582,-9.79504,8.7259,8.66123,48.3367
77196,4912,7860,6873,4396,4324,6073,5455,4102,3652,3959,3866,3552,3360,3309,3365,3157,-19.8615,-2.02635,8.77262,48.1433
77197,4460,4119,3529,3256,6943,5328,3847,3422,8152,5766,4059,3330,5086,4506,3636,3237,2.08051,-20.8192,8.60655,48.4507
77198,3252,3410,3309,3296,3584,3782,3706,3395,4297,5083,4862,4057,5075,9110,7493,4270,32.9517,-2.48836,8.88823,47.9873
77199,3204,3284,3496,3560,3205,3519,4016,4556,3379,3791,5252,8832,3458,3904,5775,9184,15.7596,25.0064,8.94887,48.2767
77200,3218,3612,4167,4590,3306,3778,4901,8074,3287,3758,4938,8421,3173,3607,4100,4782,0.522481,33.3019,8.58027,47.808
77201,3393,4043,6197,8461,3505,3927,5840,7781,3252,3619,4068,4481,3134,3239,3448,3549,-16.337,20.264,8.8278,47.958
77202,3643,3802,3576,3526,4067,5155,4400,3676,4612,7822,6308,4057,4204,5017,4675,3881,7.39109,-2.86488,8.92755,48.2807
77203,3657,4718,8813,8433,3456,4075,5468,5619,3330,3489,3854,4018,3037,3341,3440,3334,-24.6471,14.1672,8.87207,48.0547
77204,3162,3190,3516,3603,3398,3584,4079,4658,3318,4074,5770,8160,3372,3971,6017,8528,15.7111,21.5602,8.5912,48.2667
77205,4459,4180,3629,3217,7319,4754,3725,3243,8640,5075,3820,3358,4969,4307,3689,3317,1.72052,-33.9229,8.56417,47.8007
77206,3459,3424,3254,3226,4060,3765,3486,3378,5862,4713,3619,3268,12301,5845,3952,3455,32.8328,-32.0169,8.64357,47.378
77207,3630,3665,3286,3212,4572,4668,3739,3378,6626,7732,4461,3618,5827,6012,4284,3477,11.3428,-13.016,8.74318,48.1247
77208,3386,3866,5109,6835,3353,3913,5933,9261,3300,3574,4441,5533,3176,3429,3758,3907,-9.95223,23.1143,8.78417,48.516
77209,4185,5155,4952,4050,4411,7208,6743,4155,3866,4817,4650,3781,3496,3646,3637,3433,-8.00977,-1.11201,8.65186,48.1233
77210,9331,6166,3913,3388,8015,5320,3827,3348,4511,4106,3507,3325,3508,3510,3295,3116,-17.1107,-23.0822,8.67176,48.124
77211,9851,8272,4429,3414,5623,5116,3976,3482,3862,3845,3524,3367,3359,3395,3249,3168,-32.9655,-17.015,8.69036,47.9547
77212,3224,3349,3229,3258,3466,3730,3784,3684,4052,4642,5026,4264,4503,7556,9212,5146,29.0069,2.53077,8.94152,48.0833
77213,3128,3304,3561,3670,3443,3562,4459,4317,3653,4537,7651,6298,3680,4450,6809,5802,13.3515,11.6789,8.9923,48.216
77214,4124,5396,5697,4269,4228,6563,7394,4512,3748,4436,4505,3805,3340,3531,3623,3490,-10.4715,1.37655,8.81984,48.4407
77215,4204,3887,3582,3181,6828,4579,3751,3353,9434,5253,3754,3342,5865,4512,3634,3225,5.04343,-30.2707,8.82534,48.256
77216,8654,6207,3987,3508,7885,5636,3867,3537,4458,4073,3651,3250,3578,3520,3376,2979,-15.7967,-21.1439,8.81765,48.1107
77217,3399,4000,6137,11957,3328,3769,4914,6697,3190,3430,3832,4006,3094,3207,3388,3436,-23.8461,26.8549,8.59436,47.856
77218,12575,6136,3947,3340,6065,4621,3782,3318,3939,3669,3520,3211,3294,3377,3269,3153,-29.6021,-28.4812,8.8956,47.4773
77219,3876,3725,3503,3104,5273,4715,3790,3225,7936,6946,4155,3450,5881,5321,4107,3440,8.96495,-17.0746,8.97502,48.298
77220,3082,3215,3373,3440,3217,3531,3929,4128,3564,4057,5528,6155,3596,4506,7883,9170,21.4869,17.0327,8.52659,48.2493
77221,10760,7761,4215,3494,5636,4981,3893,3498,3996,3792,3466,3148,3313,3393,3252,3126,-30.196,-19.3106,8.62458,47.816
77222,3200,3398,3283,3242,3709,3846,3661,3487,4298,5422,5022,3994,5127,8542,7259,4512,23.4522,-2.51605,8.6346,48.0013
77223,3223,3351,3363,3260,3492,3911,3832,3694,4118,5437,5563,4245,4558,7391,7788,4809,21.2691,0.74061,8.69762,48.0233
77224,3477,4360,8670,9666,3405,3940,5091,5403,3351,3529,3819,3815,3099,3229,3523,3440,-30.8888,16.4943,8.74488,47.878
77225,3672,5057,9527,7837,3615,4137,5301,5171,3369,3595,3859,3909,3132,3329,3279,3341,-31.2409,11.9279,8.77279,48.0867
77226,3593,4768,8769,8808,3535,4073,5310,5652,3264,3443,3919,3911,3183,3264,3388,3375,-25.5301,15.2358,8.68549,48.17
77227,9668,6275,4134,3401,7616,5445,3949,3429,4270,4052,3512,3137,3492,3459,3327,3061,-18.5616,-22.2168,8.62735,48.1513
77228,3114,3356,3434,3391,3229,3609,3767,3916,3627,4147,5189,5281,3610,4802,9374,8357,32.3486,13.5262,8.92955,48.1353
77229,3827,3654,3345,3142,4990,4283,3574,3267,8880,5895,4063,3418,7396,5520,3942,3346,12.2005,-21.7082,8.51572,48.3613
77230,6923,9958,5718,3782,4867,5219,4303,3602,3678,3925,3605,3361,3314,3359,3264,3281,-29.8143,-9.675,8.87795,48.106
77231,3306,3695,4457,5466,3339,3822,5142,9344,3260,3617,4664,6894,3243,3477,3887,4269,-4.64194,33.9828,8.67131,47.9213
77232,3088,3287,3467,3385,3162,3430,3835,3887,3385,3743,4754,6058,3301,3803,6148,12746,32.2672,26.462,8.98935,47.6527
77233,3352,3525,4123,4586,3394,3757,4911,7648,3313,3802,5260,8326,3343,3593,4382,5012,1.24698,23.8354,8.77303,48.218
77234,5953,5003,4030,3413,8403,6484,4018,3443,5495,4671,3741,3370,3959,3765,3550,3173,-8.04481,-19.1631,8.66634,48.314
77235,3149,3221,3320,3314,3295,3360,3809,3791,3333,3832,4621,5919,3386,3953,5983,12881,31.2176,33.9078,8.97873,47.4447
77236,8056,9359,4858,3538,5216,5222,4243,3560,3900,3854,3592,3274,3400,3379,3294,3104,-33.2642,-12.7431,8.62511,47.8993
77237,3549,4457,7204,7168,3528,4293,6700,6527,3317,3659,4241,4263,3106,3390,3681,3537,-16.6197,14.5083,8.97192,48.4133
77238,3446,3288,3201,3123,3933,3887,3492,3217,5679,5230,3987,3421,9603,8210,4431,3534,26.6873,-16.9739,8.60904,47.788
77239,3355,3514,4267,5008,3412,3767,5145,8455,3237,3895,4905,7757,3218,3549,4097,4594,-1.16066,25.5487,8.75069,48.1167
77240,3377,3394,3169,3121,3911,3827,3591,3121,5706,5055,4001,3432,10378,8013,4292,3450,33.9489,-17.9415,8.98248,47.892
77241,3550,4357,7392,7413,3585,4149,6412,6214,3344,3702,4158,4143,3174,3341,3552,3406,-17.746,14.9782,8.62216,47.928
77242,3431,3944,5964,12498,3399,3754,4739,6022,3251,3483,3840,3828,3165,3293,3318,3479,-30.8939,31.6704,8.51939,47.6053
77243,3426,3412,3191,3171,3955,3835,3410,3397,5985,4792,3911,3296,12242,6459,3885,3454,31.0106,-24.642,8.91801,47.8807
77244,3470,4110,5125,4696,3646,4747,8118,5896,3558,4192,5519,4674,3217,3537,3862,3769,-5.92677,10.3688,8.8733,48.0907
77245,5410,8642,6312,4149,4594,6034,5024,3952,3712,4023,3771,3552,3251,3455,3436,3178,-20.3395,-4.60766,8.99735,48.33
77246,8973,5388,3829,3245,9038,5247,3767,3344,4707,4110,3573,3325,3578,3521,3309,3096,-14.6018,-30.9113,8.81976,48.0333
77247,3960,3833,3474,3102,6242,4396,3712,3308,9967,5305,3865,3354,5974,4623,3807,3273,6.53598,-31.54,8.80076,48.13
77248,3137,3196,3371,3293,3326,3533,3866,3736,3731,4440,5475,5019,3872,5565,9707,6812,25.7315,9.5781,8.65288,48.0527
77249,3396,3636,4211,4102,3489,4232,6235,5443,3596,4388,7098,6028,3397,3859,4576,4433,2.14985,12.2913,8.51446,48.0793
77250,3499,4151,6698,9613,3510,4011,5390,7009,3201,3502,3964,4235,3143,3320,3545,3424,-18.9126,20.4256,8.68828,48.1433
77251,3397,3768,5787,9468,3442,3825,5269,8437,3311,3442,3943,4507,3000,3281,3420,3519,-16.553,24.8027,8.96168,47.8773
77252,3572,4177,5543,5135,3591,4598,8259,6064,3514,3996,5079,4559,3336,3542,3833,3786,-8.46308,10.7112,8.86257,48.3893
77253,3409,3412,3403,3101,3927,4145,3651,3438,5321,6701,4621,3725,6225,8113,5179,3834,17.9024,-9.57316,8.75217,48.1367
77254,3368,3844,4802,5742,3403,4030,6380,8618,3332,3741,4805,5706,3212,3416,3863,4055,-6.64511,19.458,8.72101,48.2113
77255,3310,3265,3184,3021,3946,3826,3466,3243,6134,4917,3952,3441,11319,7013,4131,3550,26.4522,-21.7769,8.57985,47.812
77256,9422,7149,4280,3441,6485,5545,3967,3536,4086,3946,3564,3198,3438,3533,3219,3088,-20.6828,-18.916,8.87097,47.9313
77257,3358,3325,3342,3027,3872,3664,3486,3172,5538,5108,4018,3493,10186,8226,4406,3490,30.3279,-17.7703,8.87974,47.8073
77258,3203,3216,3474,3492,3295,3673,4182,4143,3521,4329,6774,6064,3492,4645,7628,7142,17.2978,13.434,8.9137,48.182
77259,3391,3883,5135,6129,3351,4051,6446,8574,3402,3764,4589,5407,3129,3413,3840,3837,-8.85486,19.2231,8.72774,48.2273
77260,4169,6115,6882,4856,4067,5908,6715,4360,3548,4024,4195,3641,3299,3510,3376,3389,-16.1525,1.82828,8.82828,48.036
77261,4921,6712,5263,3925,5098,7525,5412,3866,3954,4289,3991,3504,3486,3581,3387,3209,-13.6337,-5.90007,8.73704,48.082
77262,3424,3415,3339,3137,4152,3766,3292,3386,6016,4628,3849,3392,12565,5782,3894,3281,33.8893,-28.9192,8.80539,47.5453
77263,9046,6960,4312,3461,6791,5639,4101,3571,4280,3860,3533,3295,3587,3472,3326,3124,-19.6112,-18.7421,8.62071,48.2387
77264,3563,4167,5061,4496,3725,4953,8151,5576,3548,4196,5591,4560,3379,3677,3962,3800,-5.7423,8.78301,8.93258,48.27
77265,3200,3299,3525,3258,3540,3714,3871,3680,3892,4828,5951,4805,4098,6127,8638,5556,20.7397,5.50353,8.54075,47.988
77266,10384,7124,4096,3431,6662,5179,3969,3458,4165,3925,3531,3282,3425,3534,3237,3087,-22.1597,-21.0654,8.57948,48.326
77267,3270,3708,4282,4199,3560,4365,6492,5410,3647,4367,7059,5987,3423,3769,4458,4297,1.09092,11.8033,8.92594,48.1953
77268,5849,9889,6405,4128,4437,5307,4660,3885,3758,3734,3694,3466,3245,3353,3228,3077,-28.2699,-5.59631,8.76447,48.0767
77269,4003,4141,3923,3405,4940,6521,4676,3684,5167,7275,4797,3756,4177,4458,3892,3561,1.33821,-7.89445,8.71192,48.2507
77270,4561,4510,3784,3315,6306,6978,4273,3486,5773,6145,4140,3504,4310,4143,3691,3334,-1.73566,-13.9594,8.69128,48.1687
77271,4461,7096,7859,4923,4253,5263,5843,4327,3405,3859,3849,3652,3272,3421,3446,3251,-20.7478,1.8442,8.76219,48.12
77272,3187,3290,3307,3222,3285,3569,3819,3848,3566,4197,5454,5034,3781,5165,9782,7497,26.2181,11.1635,8.98599,48.002
77273,4158,4673,4256,3549,4840,7586,5373,3830,4493,6029,4738,3684,3814,3952,3817,3521,-3.45918,-5.33683,8.77528,48.2087
77274,3567,4465,8570,8835,3402,4266,5467,5730,3330,3560,3867,3942,3112,3229,3500,3496,-23.3127,15.483,8.84916,48.2253
77275,3263,3569,4543,5658,3286,3956,5531,9270,3266,3616,4687,6565,3171,3523,3864,4252,-4.74487,25.3894,8.62965,48.0133
77276,5506,5305,3955,3549,7290,7269,4363,3433,4939,4956,3776,3441,3869,3809,3502,3175,-8.18506,-15.2494,8.53146,48.0913
77277,7080,7795,4731,3596,6070,6575,4275,3634,3995,4042,3630,3444,3484,3432,3264,3126,-17.5643,-12.912,8.89724,48.1153
77278,3231,3444,4016,4495,3262,3640,4727,7759,3281,3776,4962,8829,3259,3552,4324,5097,2.02777,28.5501,8.57565,47.7693
77279,8533,6123,3964,3418,7925,5813,3804,3500,4572,4188,3518,3200,3583,3526,3277,3070,-16.0767,-20.7414,8.67551,48.0093
77280,3687,4478,5093,4393,3945,5775,7939,5003,3635,4443,5279,4246,3422,3690,3821,3676,-6.76253,5.14911,8.52876,48.35
77281,3268,3550,4085,3969,3402,4136,5733,5155,3584,4550,7532,6305,3493,4088,4929,4753,5.23403,12.0759,8.65706,48.3547
77282,4077,5312,6235,4688,4063,5789,7488,4754,3559,4049,4380,3950,3416,3486,3631,3461,-12.7846,4.02759,8.88924,48.2253
77283,6092,5199,4022,3446,7852,6774,4269,3514,5211,4720,3752,3455,3825,3691,3349,3124,-9.16525,-17.3023,8.65223,48.1967
77284,3837,4725,5047,4181,4196,6134,7277,4534,3818,4722,5162,4085,3490,3608,3708,3636,-6.66179,2.43382,8.51841,48.1067
77285,3096,3510,3899,4006,3425,3887,5078,5589,3518,4031,6857,7745,3402,3872,4895,5398,5.78425,17.2682,8.6317,48.1387
77286,3308,3321,3193,3098,3819,3849,3462,3266,5305,5501,4150,3624,8185,9499,4976,3592,25.8621,-12.9069,8.94922,48.0987
77287,3933,4661,4697,3940,4338,6730,6667,4206,3996,5209,5092,4104,3595,3831,3834,3481,-5.20729,-0.327316,8.59002,48.2093
77288,10759,5711,3965,3368,7573,5003,3763,3342,4184,3869,3514,3241,3519,3380,3228,3106,-19.7333,-29.4883,8.74633,47.6833
77289,4238,3872,3535,3189,6746,5026,3633,3238,9008,5581,3900,3437,5411,4570,3589,3317,4.01203,-23.8825,8.5229,48.1933
77290,3333,3832,5249,8376,3386,3854,5278,9028,3335,3501,4029,4823,3108,3354,3526,3591,-13.6419,31.5014,8.50925,47.7353
77291,3121,3202,3371,3471,3137,3462,3727,3980,3345,3929,4841,6015,3489,4144,6890,11730,27.1785,22.6569,8.56694,47.9027
77292,3114,3408,3382,3338,3230,3546,3773,3817,3706,4246,5263,5004,3762,5270,9672,7452,29.7382,10.9739,8.80985,47.9887
77293,5070,4364,3657,3330,8464,5107,3887,3434,7613,5014,3760,3351,4551,4039,3541,3228,-1.65158,-25.6184,8.56725,48.2733
77294,5783,5505,3951,3473,7551,7282,4262,3586,4979,4770,3771,3316,3846,3676,3365,3093,-8.76143,-15.6195,8.86495,48.1393
77295,4349,6349,7391,4808,4172,5436,6376,4525,3510,3978,4040,3750,3289,3409,3471,3384,-17.7752,2.67658,8.57822,48.158
77296,3270,3842,4914,5523,3441,4130,6481,8262,3388,3803,5049,5697,3183,3433,3808,4048,-5.76718,18.9235,8.71357,48.1813
77297,3361,3954,6555,11012,3423,3826,5125,6945,3200,3462,3821,4063,3163,3292,3427,3437,-22.2494,23.5062,8.52179,48.044
77298,3071,3399,3667,3800,3156,3605,4241,5376,3442,3835,5770,9536,3360,3840,5147,7091,10.4092,24.4638,8.5897,48.224
77299,3053,3352,3526,3488,3322,3548,3993,4194,3602,4131,6488,6220,3643,4503,7521,7276,17.6816,14.1702,8.75218,47.9067
77300,12367,6065,3965,3385,6370,4795,3750,3350,3851,3815,3371,3274,3426,3453,3198,3053,-26.1472,-33.0427,8.6,47.6587
77301,3710,4216,5144,4442,3799,5407,7967,5269,3725,4343,5351,4296,3387,3713,3855,3739,-6.0039,6.53824,8.68012,48.242
77302,4461,4992,4235,3612,5305,7981,5109,3751,4593,5706,4315,3644,3748,3929,3688,3331,-5.33927,-7.65262,8.83163,48.2667
77303,5510,4504,3699,3359,9454,5265,3837,3334,6690,4569,3701,3329,4247,3838,3568,3180,-4.61211,-32.2055,8.69921,48.056
77304,4177,3798,3402,3267,6710,4566,3885,3316,9426,5159,3804,3385,5665,4453,3643,3348,5.03742,-32.1519,8.53157,48.0027
77305,3542,3374,3252,3177,4409,3973,3502,3243,8197,5112,3822,3311,9953,5511,3803,3419,17.3875,-31.8635,8.62166,47.7333
77306,3112,3202,3417,3434,3145,3478,3780,4131,3488,3721,4844,5988,3383,4039,7097,11539,28.2669,21.7636,8.85234,47.8653
77307,3342,3492,3596,3433,3719,4130,4582,3955,4015,5722,7695,4803,3973,5132,6155,4532,11.4728,3.96852,8.7016,48.184
77308,4330,6409,8474,5280,4040,5148,6127,4541,3392,3751,4057,3698,3245,3227,3511,3287,-19.9443,4.33594,8.84302,48.3447
77309,3058,3163,3555,3434,3264,3471,4022,4379,3378,3795,5199,8618,3387,3882,5412,9674,16.5139,33.4424,8.88672,47.794
77310,4807,4565,3732,3431,7133,6878,4003,3379,6070,5603,3880,3487,4261,3940,3640,3206,-3.02522,-15.8942,8.92677,48.01
77311,3221,3354,3550,3551,3149,3499,3935,4603,3444,3826,5127,9000,3354,3837,5372,8713,14.4883,33.4837,8.8083,47.69
77312,3394,4352,7993,10746,3481,3947,5041,5712,3196,3536,3867,3864,3089,3259,3321,3359,-27.9565,18.8253,8.97597,48.1047
77313,3055,3341,3542,3688,3214,3616,4293,5150,3394,3786,5221,9668,3352,3774,5124,8085,12.0449,28.0132,8.99723,48.202
77314,4362,4339,3696,3319,5997,6390,4181,3502,6284,6592,4174,3531,4478,4404,3826,3377,0.914995,-14.0541,8.862,48.3013
77315,3401,4110,5718,6424,3438,4175,6773,8089,3260,3643,4507,4716,3123,3450,3574,3698,-11.1686,17.3134,8.95425,48.066
77316,3394,4120,5568,6546,3413,4166,6662,8128,3393,3604,4423,4985,3107,3473,3692,3731,-10.9169,18.0948,8.8398,48.27
77317,3316,3477,3780,3805,3516,4147,5608,4833,3655,4718,7759,6013,3632,4094,5137,4829,6.22562,11.1377,8.5038,48.2127
77318,3099,3264,3461,3345,3382,3644,3889,3756,3654,4314,5238,4966,3812,5578,9916,6594,33.8062,9.14295,8.64301,47.9413
77319,3399,3390,3307,3152,3953,3812,3374,3227,6024,4837,3742,3456,12470,6224,3810,3366,33.4188,-26.1182,8.82059,47.6953
77320,3185,3217,3368,3366,3188,3406,3800,4044,3452,3757,4836,6721,3516,3958,5995,11825,23.5312,30.7731,8.566,47.756
77321,3322,3480,3490,3446,3764,4177,4426,3906,4130,6137,7457,4660,4124,5252,6108,4506,12.1374,2.94032,8.87499,48.2567
77322,4020,6278,9228,5794,3848,4623,5765,4794,3510,3593,3897,3663,3211,3349,3432,3314,-22.8436,6.10502,8.66779,48.2127
77323,3313,3855,5961,12669,3459,3829,4830,6067,3278,3379,3697,3877,3139,3179,3334,3406,-28.8349,30.8733,8.53486,47.5147
77324,3334,3838,5385,9437,3339,3766,5150,8872,3137,3370,4000,4643,3102,3204,3626,3625,-15.6818,30.883,8.94288,47.8853
77325,6286,5802,4096,3481,7504,7010,4132,3503,4687,4623,3766,3407,3616,3642,3347,3184,-11.3952,-16.0623,8.70418,48.0573
77326,3289,3635,4405,5285,3356,3920,5435,8976,3247,3720,4882,7292,3198,3551,3937,4375,-3.26015,24.3558,8.76726,48.3353
77327,3395,3569,3295,3107,3945,3817,3402,3201,6104,4718,3821,3380,12586,5744,3859,3307,33.9645,-30.1317,8.84851,47.5
77328,3138,3192,3373,3329,3241,3377,3724,3920,3348,3717,4776,6184,3430,3888,6017,12551,28.9741,29.1641,8.56857,47.47
77329,3226,3320,3413,3464,3469,3675,4094,3751,3707,4689,6475,5111,3979,5543,8686,5955,19.3066,7.96459,8.74685,48.3713
77330,3677,4627,7136,6297,3626,4532,7105,6098,3466,3856,4345,4266,3148,3327,3599,3508,-14.9394,12.2405,8.65856,48.4087
77331,3412,3326,3211,3109,3924,3833,3514,3211,6268,4722,3718,3386,12543,6253,3856,3431,26.8927,-27.1047,8.78023,47.8113
77332,3126,3244,3382,3298,3437,3696,3831,3783,3911,4634,5503,4581,4236,6686,9365,5600,24.5381,4.97457,8.88707,48.2087
77333,3361,3408,3297,3150,3764,3930,3734,3341,5224,5876,4343,3754,6890,9066,5203,3784,22.404,-10.3843,8.59192,48.0833
77334,3926,4257,3801,3405,4983,6547,4385,3734,5367,7249,4842,3715,4260,4450,3934,3522,1.48792,-8.21363,8.63445,48.2513
77335,3393,3869,5749,7678,3477,3925,5934,8482,3393,3639,4157,4562,3035,3451,3568,3585,-13.6434,20.8215,8.76587,47.9313
77336,4657,4912,3919,3508,6134,7987,4752,3649,4966,5537,3979,3377,3899,3896,3540,3475,-5.18501,-11.3004,8.96125,48.1247
77337,3524,3486,3373,3305,3722,4207,3953,3515,4896,6978,5337,4025,5035,7391,5629,4095,15.7442,-4.94303,8.66055,48.314
77338,4105,5267,5998,4652,4087,5990,7406,4829,3649,4131,4534,3822,3258,3595,3435,3481,-12.0921,3.44887,8.64354,48.1593
77339,3498,4365,8103,10441,3442,3862,4969,5764,3214,3546,3839,3896,2968,3179,3390,3419,-29.6932,18.2513,8.93742,47.93
77340,3813,4761,5572,4380,4064,5945,7968,4825,3589,4421,4764,4030,3412,3481,3748,3481,-8.52582,3.90432,8.99581,48.1693
77341,3424,4041,5277,8815,3255,3834,5101,9173,3273,3458,4158,4702,3048,3241,3418,3518,-14.8301,31.6343,8.94254,47.824
77342,6386,9691,5942,3938,4676,5217,4301,3811,3696,3709,3669,3349,3301,3325,3375,3226,-30.619,-7.72731,8.75243,47.7413
77343,3103,3180,3492,3438,3260,3753,3933,4296,3429,3898,5670,7538,3400,4124,6446,9198,17.5044,20.7387,8.8722,48.1053
77344,3434,3454,3254,3071,4097,3772,3426,3207,5926,4989,3794,3408,11319,7194,4213,3410,33.7113,-20.9075,8.60123,47.9787
77345,3316,3345,3322,3114,3711,3781,3653,3402,4677,5137,4430,3844,6027,10118,6175,4044,31.5534,-6.73013,8.97532,48.064
77346,5763,7353,4961,3813,5609,7171,4696,3730,3955,4248,3744,3454,3482,3559,3330,3218,-16.0127,-9.98648,8.53478,48.0573
77347,3556,3913,4093,3769,3812,4780,6216,4597,3858,5295,7291,4738,3655,4064,4462,4090,2.27308,5.53999,8.63735,48.126
77348,3472,3503,3333,3141,4111,4088,3725,3259,6347,6566,4290,3540,7070,7535,4635,3539,16.7151,-14.1895,8.95666,48.1027
77349,10324,8178,4387,3506,5648,5021,4015,3322,3886,3698,3535,3258,3406,3376,3243,3142,-30.8972,-17.87,8.94093,47.9633
77350,3108,3153,3448,3496,3170,3441,3951,3757,3464,4016,4929,5568,3580,4525,8274,10069,30.337,17.4603,8.73033,47.966
77351,4563,4255,3679,3262,6411,6349,4107,3382,6701,6447,3974,3443,4637,4284,3655,3317,0.201417,-16.0699,8.63724,48.3107
77352,3169,3349,3706,3790,3267,3503,4219,5305,3370,3853,5243,10070,3308,3825,4884,7425,10.6364,28.0925,8.93529,48.1907
77353,12322,5911,3735,3313,6561,4815,3803,3386,3982,3847,3332,3281,3244,3363,3116,3099,-24.1164,-32.0468,8.88747,47.4067
77354,3547,3553,3374,3146,4218,4352,3899,3330,6311,7388,4426,3556,6149,6732,4447,3549,13.6764,-12.4839,8.52902,47.9847
77355,3474,3417,3176,3139,3858,3805,3494,3286,6023,4827,3735,3218,12318,6558,3959,3324,32.3517,-23.8788,8.80244,47.7407
77356,3385,3902,5842,12291,3334,3841,4692,6626,3138,3439,3846,4053,3134,3193,3443,3312,-24.836,30.4261,8.63057,47.6473
77357,3365,4014,6269,12811,3473,3788,4717,6010,3202,3439,3935,3905,3103,3282,3338,3363,-28.8056,26.6546,8.8849,48.0093
77358,3409,3488,3316,3089,4097,4427,3763,3467,5483,7666,4936,3803,5340,7035,4978,3835,14.0786,-7.69195,8.89012,48.088
77359,3299,3378,3409,3145,3733,3787,3492,3303,4754,5158,4557,3817,6500,9873,5769,3832,31.9754,-8.33878,8.65336,47.8707
77360,3340,3783,4882,6619,3316,3861,5228,9986,3225,3599,4365,5719,3083,3400,3681,3828,-8.6013,31.7887,8.99207,47.9433
77361,3757,3581,3288,3142,5232,4148,3476,3344,9695,5223,3886,3411,7619,5141,3755,3369,11.4706,-29.8874,8.85859,48.0447
77362,10514,7699,4193,3461,5853,5065,3815,3475,3859,3839,3529,3197,3401,3422,3344,3161,-33.805,-19.1754,8.56716,47.8847
77363,9026,7739,4305,3536,6293,5477,4109,3454,4132,3860,3497,3275,3483,3406,3195,3155,-21.6169,-17.4866,8.54746,47.9613
77364,3659,4387,7014,6735,3705,4351,7077,6461,3276,3638,4330,4407,3235,3213,3612,3557,-14.8046,13.6085,8.88443,48.438
77365,4541,3962,3458,3094,7698,4839,3746,3380,8771,5147,3765,3367,5130,4239,3628,3300,1.75889,-28.449,8.62157,48.0433
77366,3375,3804,4089,3889,3774,4951,6446,4567,3849,5068,7249,4881,3616,4061,4555,4091,1.79857,6.03711,8.8961,48.1767
77367,3341,3790,4924,6945,3385,3761,5276,9709,3211,3611,4316,5798,3156,3440,3684,3915,-9.11357,25.5944,8.65133,48.1747
77368,4187,3839,3536,3199,6718,4611,3691,3209,9559,5396,3745,3371,5815,4606,3653,3131,5.51623,-25.9418,8.89169,48.1773
77369,3150,3330,3571,3838,3227,3634,4222,5216,3356,3891,5215,9675,3434,3853,5042,7686,11.3031,28.542,8.58135,48.2267
77370,3301,3568,4267,5076,3348,3823,5118,8704,3333,3681,4922,7617,3284,3524,4197,4527,-1.68901,26.5958,8.67461,48.1933
77371,3324,3914,5990,12689,3461,3713,4819,6213,3247,3388,3761,4019,3186,3222,3361,3450,-30.0488,30.2978,8.50609,47.838
77372,3731,4675,6362,5204,3837,4836,7911,5560,3455,3856,4556,4161,3159,3433,3654,3540,-11.9242,8.79384,8.6877,47.9533
77373,6739,8521,4873,3727,5331,6272,4488,3658,3963,4077,3722,3292,3448,3429,3316,3112,-19.5302,-11.0226,8.50665,47.9787
77374,3190,3359,3425,3393,3382,3627,4058,3747,3750,4686,6358,5148,3848,5619,8767,5944,19.9716,7.76176,8.6432,48.2007
77375,3083,3283,3322,3449,3192,3493,3752,3967,3433,3888,5056,5523,3563,4453,8744,9568,31.1243,16.4289,8.97309,47.846
77376,3728,4201,4145,3848,3984,5688,6516,4309,3927,5577,6364,4255,3704,3970,4151,3758,-0.556233,2.40374,8.93038,48.0833
77377,5878,4504,3821,3400,9510,5289,3777,3365,6345,4531,3580,3226,4149,3810,3439,3166,-5.77021,-33.892,8.77975,47.86
77378,4665,7958,8541,4975,4131,4762,4933,4270,3556,3783,3762,3508,3265,3263,3481,3233,-30.7904,0.987372,8.51053,48.0573
77379,8176,6696,4189,3473,7224,6102,4044,3432,4344,4165,3495,3232,3530,3507,3285,3193,-16.4988,-17.9347,8.91812,48.058
77380,3333,3874,5230,8264,3343,3790,5321,9448,3299,3511,4063,4984,3233,3391,3540,3587,-13.553,32.6292,8.92552,48.1407
77381,4586,4137,3536,3256,7673,4798,3778,3379,8842,4999,3890,3385,5018,4247,3634,3063,1.59775,-32.1476,8.52537,48.1473
77382,3142,3525,3606,3453,3462,3921,4706,4089,3708,5093,8005,5349,3822,4866,6564,5096,12.2102,7.48318,8.85315,48.2713
77383,3098,3307,3455,3485,3420,3606,4001,4080,3626,4320,6161,6389,3561,4395,7567,7873,18.7843,15.5571,8.55403,48.2293
77384,4257,4336,3882,3384,5291,6750,4493,3610,5351,6928,4563,3547,4245,4275,3756,3386,0.173337,-9.96191,8.88851,48.036
77385,3165,3325,3376,3139,3427,3745,3793,3583,4088,4866,5076,4176,4737,8226,8155,4709,26.6476,0.00796667,8.79232,47.724
77386,3808,3725,3437,3159,4782,4798,3783,3376,7308,7359,4370,3446,5940,5623,4071,3496,9.68329,-15.2033,8.70453,48.3207
77387,3140,3472,3728,4112,3299,3693,4666,6453,3376,3811,5205,9894,3286,3729,4643,5879,5.91176,27.563,8.77658,48.2573
77388,4124,4801,4627,3985,4553,7135,6409,4161,4079,5045,4820,3888,3636,3781,3754,3459,-6.48293,-1.42672,8.53281,48.1713
77389,3401,3904,5947,11661,3364,3807,4998,7273,3196,3467,3790,4112,3062,3197,3344,3450,-21.7224,28.4775,8.92102,47.982
77390,4309,5365,5029,4053,4587,7247,6463,4167,3980,4676,4347,3855,3467,3636,3553,3440,-9.42265,-1.57151,8.74851,48.116
77391,3318,3691,4750,6668,3405,3800,5419,9976,3275,3568,4281,5591,3168,3415,3747,3880,-8.67882,26.8219,8.82985,47.968
77392,3385,3438,3261,3076,4025,3929,3517,3327,5589,5817,4238,3449,8032,8803,4838,3699,22.7685,-13.7926,8.72647,48.282
77393,4026,3935,3464,3183,6518,4460,3686,3258,9738,5191,3851,3320,5849,4499,3614,3282,5.61963,-31.106,8.63057,47.916
77394,3274,3652,4848,6729,3438,3857,5326,9811,3226,3679,4359,5624,3156,3321,3708,3878,-9.0522,28.567,8.64225,47.924
77395,3107,3341,3362,3492,3220,3561,4017,4227,3311,3968,5171,7530,3360,3974,6238,10347,19.3778,23.9552,8.79354,48.1507
77396,3342,3349,3270,3158,3855,3830,3570,3242,5177,5234,4245,3756,7620,9723,5219,3672,30.0573,-11.7304,8.67971,48.1747
77397,2991,3324,3317,3308,3086,3399,3801,3986,3406,3883,4906,5959,3370,4274,6990,11807,28.7888,22.3814,8.73654,47.8713
77398,5325,5714,4094,3538,6590,7874,4486,3606,4720,4873,3859,3406,3771,3816,3494,3167,-8.93284,-12.4064,8.73247,48.222
77399,5234,8672,6689,4225,4577,5956,4935,3936,3625,3976,3761,3448,3324,3376,3430,3054,-21.2863,-3.81818,8.95235,48.1453
77400,3462,3431,3250,3110,4251,4017,3547,3229,7844,5076,3785,3422,10355,6120,3933,3416,18.9348,-25.014,8.94595,48.1653
77401,3298,3509,3860,3722,3587,4169,5510,4437,3766,5118,8074,5272,3650,4435,5316,4586,6.81325,7.58271,8.84884,48.206
77402,10066,8205,4335,3509,5669,5023,3935,3492,3846,3850,3486,3330,3402,3399,3224,3203,-28.908,-17.7141,8.7845,47.9827
77403,3242,3830,4861,6947,3375,3827,5291,10076,3301,3616,4394,5453,3158,3326,3594,3817,-9.84143,31.9,8.72017,48.072
77404,3615,3985,3603,3429,4266,5256,4305,3673,5141,7947,5428,3863,4437,5176,4364,3753,6.9571,-5.68239,8.55613,48.1607
77405,12740,5950,4032,3456,5873,4718,3824,3361,3884,3682,3373,3302,3366,3422,3253,3206,-29.9193,-32.1963,8.63588,47.628
77406,3969,4806,5220,4095,4327,6637,7068,4342,3867,4702,4931,3942,3369,3568,3829,3587,-7.50244,1.20039,8.5563,48.1727
77407,3677,3512,3282,3037,4787,4411,3587,3235,7862,6496,4125,3372,7277,5787,3968,3428,12.821,-18.8878,8.74344,47.8953
77408,3394,4015,6105,11240,3367,3839,4916,7384,3141,3508,3778,4181,3050,3105,3470,3459,-20.9035,25.8915,8.96544,47.968
77409,3374,3386,3174,3048,4184,3856,3453,3230,6956,4991,3753,3424,11636,6100,3891,3410,22.5236,-26.4592,8.89556,47.9107
77410,12649,5889,3885,3360,6469,4729,3673,3350,3978,3770,3467,3196,3389,3435,3313,3095,-26.1655,-29.3723,8.97081,47.7647
77411,3462,4119,6142,9435,3399,3822,5459,7713,3196,3603,4020,4461,3089,3325,3409,3500,-17.6708,21.7688,8.98169,48.1027
77412,3186,3555,4253,4855,3300,3679,4931,8258,3405,3683,4849,8133,3219,3539,4244,4796,-0.0985581,31.8705,8.76194,47.9233
77413,4075,5412,6626,4836,4145,5770,7236,4697,3664,4072,4377,3959,3201,3529,3530,3425,-13.9343,3.51191,8.75242,48.3693
77414,3175,3253,3486,3587,3370,3722,4278,4348,3389,4198,6604,7275,3624,4272,6616,7167,14.9195,16.4914,8.64673,48.2427
77415,4383,7330,9172,5171,3871,4770,5188,4381,3482,3666,3757,3533,3303,3331,3270,3361,-32.3206,2.90009,8.88912,47.9793
77416,9012,8905,4703,3666,5438,5068,4143,3599,3927,3827,3465,3198,3314,3385,3275,3090,-27.5671,-14.9732,8.82009,48.01
77417,4365,7634,8718,5121,4115,4721,5051,4209,3430,3662,3707,3644,3295,3343,3391,3157,-32.6818,1.90876,8.64825,47.7087
77418,3178,3157,3460,3465,3273,3544,3832,3948,3394,3805,4805,6034,3344,3972,6681,11955,31.271,23.7033,8.55449,47.898
77419,3632,5112,9747,7297,3701,4328,5355,5105,3327,3602,3877,3757,3183,3290,3436,3290,-33.2228,11.2893,8.65536,48.026
77420,3461,3667,3489,3335,4107,4662,4051,3536,5005,8035,5404,3922,4817,6113,4853,3818,11.0507,-5.76154,8.92406,48.1833
77421,3666,3975,3888,3572,4089,5244,5258,3904,4239,6760,6589,4348,4005,4535,4547,3869,3.97271,-0.238723,8.72946,48.3253
77422,3211,3127,3352,3461,3175,3434,3923,4050,3403,3863,4904,6160,3468,4144,7125,11397,27.7056,21.6311,8.69361,48.1313
77423,4299,6911,9230,5589,3976,4706,5120,4432,3387,3742,3685,3755,3246,3211,3396,3341,-28.1491,3.84676,8.61947,48.0173
77424,3878,4122,3947,3520,4477,6170,5062,3917,4623,7106,5752,3990,3859,4451,4124,3677,1.95347,-3.46316,8.97569,48.45
77425,3429,3619,3656,3566,3664,4430,5111,4099,4069,5890,7709,4869,3854,4527,5435,4416,8.14999,4.60181,8.50983,48.2287
77426,4234,4483,4090,3620,4848,7250,5389,3761,4437,6190,4940,3787,3913,4132,3806,3465,-2.41561,-5.29657,8.63542,48.23
77427,3419,3327,3213,3185,4090,3766,3439,3301,5754,5171,3976,3434,10446,7936,4243,3519,27.1168,-18.4161,8.72585,48.146
77428,3529,4176,6137,6045,3608,4415,7531,6948,3404,3725,4522,4661,3191,3338,3546,3578,-11.88,14.0584,8.74512,48.236
77429,3594,3765,3526,3276,4446,5053,4127,3500,5507,8141,5110,3668,4797,5708,4460,3696,9.25112,-8.17087,8.72409,48.2493
77430,3687,5235,9985,6950,3705,4347,5421,5118,3334,3551,3831,3729,3177,3261,3372,3324,-33.7642,10.0967,8.67847,48.018
77431,4639,3941,3516,3219,7242,4804,3777,3430,8906,5187,3787,3338,5397,4431,3724,3335,2.87886,-32.8284,8.52917,48.4487
77432,3370,3755,4237,4743,3312,3767,5793,7678,3294,3876,5593,7030,3315,3458,4164,4575,-1.12029,19.9425,8.97608,47.9733
77433,3459,4121,6263,7540,3442,4096,6569,7531,3319,3576,4209,4415,3134,3358,3530,3566,-14.8122,17.7951,8.86712,48.0853
77434,4052,4891,5538,4239,4194,6127,7607,4712,3737,4347,4780,4006,3348,3772,3699,3545,-9.19253,2.87041,8.70213,48.396
77435,3502,3551,3345,3252,3941,4362,3907,3371,5047,7535,5328,3957,5297,6963,5080,3802,14.1282,-6.5474,8.81506,48.16
77436,3202,3216,3527,3435,3200,3342,3931,4263,3432,3851,4986,7856,3374,3930,5716,10739,19.0046,32.2971,8.63355,48
77437,4437,7700,8476,5036,4158,4797,4997,4136,3581,3824,3796,3549,3322,3362,3404,3282,-32.6637,1.14718,8.6864,47.9047
77438,3659,5165,9634,7813,3565,4239,5362,5102,3339,3516,3874,3865,3237,3221,3368,3382,-26.509,12.042,8.69346,48.2273
77439,3359,3347,3237,3140,3877,3738,3405,3312,5965,4674,3771,3389,12725,5993,3836,3344,30.7,-33.0365,8.93443,47.408
77440,3108,3301,3457,3538,3246,3670,4116,4496,3404,4023,5988,7618,3439,4066,6279,8124,15.796,19.5057,8.74233,47.9153
77441,3021,3219,3527,3498,3208,3552,4128,4141,3429,4192,6104,6786,3607,4182,7143,8254,17.6323,17.3199,8.8496,47.994
77442,10544,7875,4235,3414,5705,5174,3873,3356,3881,3825,3382,3309,3317,3377,3223,3192,-28.2487,-18.8867,8.82786,47.788
77443,3679,3387,3247,3115,4965,4189,3587,3181,9362,5232,3891,3483,8191,5122,3786,3404,12.9646,-29.7335,8.74378,47.8807
77444,3290,3216,3531,3463,3236,3573,4029,4442,3359,3714,5275,7831,3357,3884,5893,10282,18.2806,25.4227,8.7404,48.25
77445,3481,3890,5244,8842,3416,3759,5176,8922,3282,3573,4035,4701,3109,3320,3586,3558,-14.9085,28.6153,8.67959,47.9293
77446,7694,9711,5120,3664,5118,5117,4218,3696,3777,3764,3592,3361,3431,3339,3245,3135,-29.5301,-11.8696,8.81424,47.988
77447,3417,3950,6336,12088,3335,3864,4897,6495,3342,3410,3733,3956,3117,3178,3330,3392,-24.8479,25.7812,8.78831,47.8933
77448,5826,8152,5260,3936,5065,6476,4774,3793,3855,4126,3819,3448,3570,3545,3314,3141,-18.0855,-7.91328,8.7837,48.0667
77449,3341,3983,6651,11967,3279,3836,4852,6238,3232,3551,3807,4064,3085,3193,3412,3426,-25.9896,23.7096,8.92311,47.9447
77450,4905,4132,3732,3268,8675,4879,3765,3440,7784,4873,3812,3384,4575,4143,3615,3239,-1.21255,-31.759,8.83831,48.1473
77451,3244,3412,3239,3197,3886,3844,3688,3272,5046,5242,4312,3598,7392,9897,5243,3705,30.098,-10.7361,8.91743,48.1447
77452,3197,3552,4010,4226,3360,3681,4798,6604,3361,3946,5735,9016,3264,3634,4586,5513,4.49624,22.3818,8.55724,48.322
77453,6958,9735,5419,3681,5016,5765,4385,3674,3822,3941,3587,3338,3310,3315,3294,3105,-24.0034,-9.67985,8.88664,48.23
77454,3423,3432,3295,3167,3856,3790,3638,3317,5282,5073,4041,3603,9033,8944,4580,3692,27.8336,-14.9938,8.85146,48.1107
77455,5916,9739,6265,4103,4571,5100,4707,3934,3704,3784,3743,3355,3398,3335,3292,3092,-31.1074,-6.17563,8.54549,48.0253
77456,9684,6053,3990,3446,7892,5364,3865,3408,4384,4049,3493,3208,3466,3491,3252,3081,-17.6494,-23.3489,8.57378,48.084
77457,4213,4015,3462,3164,7158,4724,3604,3321,9266,5173,3726,3379,5368,4394,3612,3302,3.76794,-33.8373,8.91635,47.9207
77458,3655,3837,3662,3335,4297,5198,4400,3619,5235,7993,5514,3894,4431,5349,4460,3752,7.32357,-5.99184,8.54241,48.4207
77459,3362,4028,6084,12353,3363,3813,4860,6130,3258,3484,3745,3990,3081,3153,3386,3410,-28.6169,28.4318,8.6541,47.6667
77460,10415,5620,3994,3295,8150,5047,3915,3285,4271,3813,3559,3216,3529,3360,3183,3184,-18.2068,-32.7129,8.8299,47.8907
77461,3391,3379,3230,3155,3801,3772,3445,3256,5796,4691,3775,3477,12408,5979,3979,3439,31.2918,-33.8878,8.53229,47.3153
77462,3217,3161,3769,3598,3365,3583,4291,5277,3410,3890,5320,9677,3258,3692,5033,7097,10.5045,33.546,8.56527,47.7587
77463,5267,4542,3722,3274,8802,5870,3839,3398,6590,5000,3746,3253,4277,4031,3528,3181,-3.95185,-21.72,8.80416,48.2133
77464,3527,4203,5867,5863,3614,4422,7457,6922,3355,3696,4587,4547,3174,3441,3584,3868,-11.3368,14.1973,8.70934,48.0847
77465,4041,6935,9560,5324,4017,4694,5126,4484,3461,3685,3750,3644,3297,3332,3349,3287,-33.4123,3.91539,8.93704,47.9907
77466,3409,3579,3407,3294,3824,4229,3986,3507,4790,7002,5246,3912,5075,7208,5630,4128,15.6856,-4.84422,8.60833,48.1507
77467,3408,3349,3185,3233,4402,4032,3542,3269,8251,5178,3863,3371,9956,5601,3940,3425,17.4775,-33.0862,8.89835,48.0033
77468,3357,3642,4110,4359,3476,4077,5793,6160,3473,4238,6631,6775,3270,3749,4460,4790,2.42031,15.717,8.61089,48.24
77469,3205,3438,3700,3785,3483,3862,5060,5004,3549,4304,7613,7247,3536,3929,5288,5276,7.91529,14.7286,8.84944,48.186
77470,4619,7656,8931,4958,3989,4757,4987,4337,3498,3768,3684,3564,3253,3260,3314,3432,-31.3515,1.8371,8.96261,48.0047
77471,3495,3490,3372,3144,4269,4210,3729,3358,6404,6807,4364,3475,6754,6974,4385,3586,15.4332,-13.8056,8.54882,47.8773
77472,3359,3772,4843,6811,3489,3900,5034,9766,3216,3623,4373,5705,3157,3287,3717,3819,-9.18832,30.8892,8.51385,47.914
77473,3359,3353,3275,3125,3731,3845,3665,3287,4937,5711,4502,3641,7057,9303,5423,3825,24.1883,-10.1204,8.58459,48.026
77474,3627,3466,3297,3168,5008,4113,3565,3260,9557,5110,3732,3369,8126,5177,3730,3470,12.7129,-30.8758,8.91184,47.85
77475,3120,3379,3504,3633,3281,3717,4294,4250,3575,4479,6918,6678,3531,4401,6630,6765,14.6208,14.5416,8.69128,48.1033
77476,3265,3712,4668,5141,3496,4064,6652,7733,3387,3862,5404,6126,3234,3531,3989,4122,-4.01948,17.5875,8.78054,48.2573
77477,3945,3828,3304,3173,5654,4557,3643,3248,9191,5937,3945,3362,6297,4867,3845,3310,8.35107,-22.1214,8.76176,48.0707
77478,3380,3999,5151,5076,3523,4332,7587,6943,3524,3986,5429,5092,3253,3564,3861,4022,-5.96132,13.6648,8.83338,48.4813
77479,3215,3279,3392,3488,3261,3465,3783,3936,3332,3733,4811,6051,3200,3821,6076,12682,32.9704,27.8287,8.6607,47.6833
77480,3235,3736,5088,6972,3355,4012,5901,9521,3276,3674,4437,5418,3155,3336,3593,3779,-10.028,23.7089,8.98079,48.3253
77481,3154,3118,3398,3351,3236,3399,3719,3797,3435,3717,4754,6002,3492,3917,5935,12687,29.188,31.6666,8.69701,47.4073
77482,3512,4409,8459,9318,3523,4012,5196,5636,3095,3447,3885,3907,3057,3281,3459,3295,-33.223,16.3132,8.87977,47.6607
77483,6921,7999,4837,3683,5890,6421,4347,3583,4027,4173,3630,3502,3496,3392,3379,3012,-18.1931,-12.3214,8.54265,48.1947
77484,3049,3138,3374,3477,3155,3546,3933,3969,3347,3856,5095,6717,3471,4065,6449,11640,23.1072,24.7102,8.99932,48.1873
77485,3463,3872,5597,9273,3409,3806,5276,8398,3109,3523,4113,4649,3093,3234,3434,3689,-15.9486,26.1377,8.62681,47.9587
77486,5167,6380,4707,3912,5585,7762,5087,3758,4141,4458,3848,3540,3539,3596,3496,3208,-12.5973,-8.35636,8.66233,48.1227
77487,3577,4991,8723,8083,3586,4245,5534,5472,3193,3560,3927,3864,3155,3249,3514,3360,-23.0797,13.3253,8.53136,48.022
77488,3692,4351,5485,4876,3626,4767,8218,5985,3430,3984,5197,4455,3222,3616,3773,3656,-8.28656,9.83774,8.87734,48.222
77489,3785,4290,4669,4204,3947,5444,7563,4776,3762,4728,5797,4503,3491,3875,3992,3882,-3.95947,5.3993,8.54542,48.472
77490,3120,3315,3381,3376,3380,3661,3929,3910,3723,4496,6071,4949,3882,5467,9083,6356,21.4914,8.81399,8.65786,48.066
77491,3445,4393,7365,8712,3621,4028,5750,6523,3284,3444,4014,4179,3050,3375,3423,3382,-19.6558,17.3,8.61672,47.992
77492,3336,3618,4765,6726,3365,3738,5264,9959,3401,3573,4420,5850,3040,3497,3707,3938,-8.20893,28.5151,8.84053,48.1313
77493,7748,5730,3883,3486,8442,5985,4024,3434,4747,4294,3561,3237,3648,3749,3326,3081,-13.4804,-21.1268,8.58399,48.25
77494,7930,5082,3818,3371,9726,5236,3806,3342,5168,4123,3635,3180,3641,3641,3285,3122,-11.7785,-28.4829,8.81771,48.0707
77495,3526,3618,3611,3521,3806,4627,4984,4065,4209,6448,7302,4528,3869,4759,5234,4158,7.76421,1.85705,8.55177,48.1767
77496,3265,3985,5949,10529,3427,3769,5102,7730,3266,3547,3974,4362,3061,3276,3424,3522,-19.2624,25.4353,8.56824,48.1253
77497,3186,3407,3278,3206,3441,3703,3757,3466,4376,5378,4801,3993,5367,9432,7010,4372,26.6603,-3.89703,8.76524,48.1153
77498,3182,3413,3822,3748,3447,3841,4787,4997,3442,4171,7332,7618,3458,3957,5450,5684,8.71492,15.7959,8.9961,48.2327
77499,3356,3831,5774,9973,3305,3698,5080,8284,3299,3533,4006,4431,3158,3275,3530,3449,-17.381,27.1725,8.9829,47.988
77500,3282,3624,3712,3525,3527,4118,5016,4157,3913,5724,7924,4961,3812,4835,5551,4609,9.32085,5.19573,8.70448,48.1933
77501,3424,3537,3239,3117,4177,3831,3587,3207,6617,5428,3895,3470,9997,7005,4103,3403,21.5479,-20.1927,8.76599,48.0247
77502,4339,6730,8265,5166,4008,5087,5781,4548,3533,3910,3954,3648,3148,3308,3361,3283,-21.4886,3.26781,8.51868,48.046
77503,3483,3963,4760,4436,3729,4629,7773,5605,3546,4355,5997,4997,3392,3694,3947,3967,-3.47779,9.98757,8.65111,48.182
77504,3405,3423,3270,3198,3990,3730,3478,3222,6058,4870,3727,3328,12113,6719,4021,3337,30.4695,-23.911,8.83789,47.926
77505,3476,3891,5976,11264,3362,3790,5160,6880,3336,3412,3929,4023,3201,3138,3472,3397,-21.8294,31.5369,8.63211,47.8047
77506,3340,3414,3177,3060,4094,3768,3338,3240,6809,4937,3733,3309,12200,6183,3989,3402,23.964,-26.5362,8.92229,47.9953
77507,3732,4955,9575,8037,3511,4111,5256,5107,3272,3522,3945,3811,3216,3214,3339,3318,-28.8163,12.5971,8.95894,47.9473
77508,3254,3523,3617,3580,3394,3820,4900,4444,3652,4935,8251,5940,3501,4361,5920,5257,9.96851,10.2598,8.93067,48.2327
77509,3357,3261,3241,3106,3896,3727,3414,3323,6310,4792,3769,3450,12696,6019,3939,3369,26.3071,-32.1503,8.91935,47.7793
77510,5388,4888,3791,3372,7897,6732,4118,3519,5712,5011,3864,3476,4110,3934,3534,3112,-5.71117,-17.3646,8.90891,48.3053
77511,3157,3253,3602,3686,3317,3536,4141,4831,3335,3771,5405,9100,3391,3963,5391,8099,13.1503,26.0213,8.50696,47.9853
77512,10864,7450,4216,3504,5775,5073,3849,3384,3967,3877,3411,3200,3394,3373,3184,3194,-32.1616,-19.9788,8.76392,47.81
77513,3276,3690,4299,4400,3363,4064,5980,6641,3404,4081,6344,6993,3307,3719,4344,4539,0.87649,16.8348,8.92308,48.296
77514,4837,5240,4159,3614,5907,8113,4836,3679,4686,5294,4118,3420,3718,3770,3601,3469,-6.63389,-10.5255,8.74733,48.3073
77515,4565,4129,3562,3208,7367,5439,3789,3334,7941,5625,3807,3389,4896,4251,3662,3334,1.15183,-21.7081,8.62893,48.1987
77516,3066,3214,3230,3433,3176,3462,3712,3791,3411,3664,4663,6078,3418,3780,6136,12986,31.1331,30.1242,8.87884,47.48
77517,6922,5453,3886,3382,8735,6088,3961,3357,5177,4438,3634,3386,3746,3762,3361,3215,-10.7525,-20.3318,8.74693,48.3353
77518,3093,3274,3418,3429,3223,3223,3744,4052,3312,3694,4760,6181,3388,3942,6404,12517,27.1398,27.8524,8.90354,47.7693
77519,4204,4783,4218,3669,4890,7514,5508,3833,4394,5850,4629,3792,3767,4078,3711,3425,-3.85731,-5.04961,8.50123,48.1767
77520,3486,3933,4746,5257,3398,4298,7094,7316,3430,3924,5220,5620,3122,3497,3966,4070,-5.50213,15.9909,8.84098,48.2513
77521,4715,5324,4187,3597,5800,8217,4931,3618,4470,5384,4084,3479,3826,3850,3509,3301,-6.9181,-9.52079,8.86959,48.1947
77522,3878,5608,8344,5979,3784,4832,6440,4997,3474,3709,3952,3934,3183,3328,3359,3409,-19.0425,7.61022,8.62441,48.14
77523,3350,3475,3249,3230,4034,4126,3540,3321,6332,5845,4271,3518,8241,7837,4543,3533,19.929,-15.7078,8.57605,48.2967
77524,5230,6353,4646,3752,5531,7780,4956,3786,4260,4517,3916,3502,3579,3550,3496,3198,-12.2049,-8.4983,8.80563,48.0347
77525,3411,3955,5884,10839,3433,3832,4962,7532,3256,3448,3976,4296,3008,3239,3398,3487,-20.1733,26.3787,8.91145,47.9707
77526,3386,3919,5236,8251,3446,3767,5104,9564,3237,3601,4224,4836,3127,3300,3556,3651,-13.1985,32.8301,8.9889,48.1367
77527,3239,3488,3658,3588,3608,3906,4903,4182,3673,4880,8240,5748,3674,4619,6044,4938,10.3504,8.83923,8.70882,48.2587
77528,3324,3496,3631,3542,3562,4092,4423,3944,4030,5698,7594,4923,4028,5198,6425,4768,12.4525,4.63037,8.57208,48.452
77529,5043,4840,3866,3366,7343,6983,4288,3506,5683,5311,3989,3431,4092,3996,3589,3265,-4.60322,-16.2413,8.58785,48.394
77530,3023,3227,3358,3554,3355,3661,4066,4281,3386,4017,5620,7563,3401,4075,6423,9015,17.418,20.3185,8.96508,48.0167
77531,3731,4888,7788,5873,3810,4619,7131,5576,3461,3771,4323,3972,3246,3257,3527,3437,-16.4599,9.67598,8.59864,48.2733
77532,3437,3399,3213,3201,4464,4080,3484,3162,8825,5102,3891,3299,9475,5517,3833,3321,16.0724,-30.0729,8.9533,47.802
77533,3474,3425,3241,3052,4351,4021,3569,3255,7792,5230,3849,3334,9983,6017,3897,3405,18.1125,-24.1582,8.67897,47.93
77534,3399,3486,3308,3115,4068,4054,3753,3389,6151,6762,4352,3634,6821,7179,4548,3717,16.7241,-13.5376,8.52001,47.824
77535,3411,3531,3262,3104,4100,3947,3511,3134,6723,5123,3828,3465,10707,6748,4073,3432,21.7784,-21.5023,8.67048,48.066
77536,3467,3564,3313,3099,4455,4319,3642,3342,7406,6627,4195,3583,7126,6441,4099,3555,14.5679,-17.0407,8.80358,48.1553
77537,3397,3815,4554,4365,3595,4399,7160,5760,3557,4403,6322,5355,3458,3829,4284,4023,-1.5128,10.7386,8.69493,48.184
77538,3619,4023,4012,3812,3941,5680,6038,4189,4085,6070,6171,4254,3804,4221,4253,3787,1.10128,0.72714,8.91167,47.9727
77539,5875,4961,3850,3292,8447,6651,4019,3500,5572,4837,3768,3380,4014,3817,3470,3188,-7.16226,-18.6457,8.9753,48.4273
77540,3393,3787,5091,7186,3429,3817,5567,9527,3320,3557,4301,5288,3104,3297,3660,3840,-10.5692,25.2159,8.501,48.1093
77541,3433,3287,3185,3127,3955,3571,3526,3288,6023,4806,3760,3360,12697,5952,3829,3390,29.8925,-29.9954,8.91101,47.4593
77542,3399,3424,3224,3085,3944,3733,3581,3327,5926,5019,4026,3474,10700,7725,4184,3480,25.8893,-19.4567,8.71355,48.1673
77543,3083,3187,3403,3500,3333,3516,3960,4125,3487,3848,4953,6874,3421,3927,5998,11187,21.8563,26.113,8.50202,47.868
77544,12426,5890,3972,3311,5982,4727,3880,3484,3865,3764,3474,3276,3335,3448,3184,3182,-29.873,-33.666,8.59735,47.4667
77545,3729,4571,7788,8077,3422,4241,6002,6212,3288,3529,4037,4081,3089,3201,3339,3516,-19.6941,15.1823,8.5647,48.0813
77546,4685,8208,8265,4768,4125,4988,5011,4207,3619,3778,3698,3579,3308,3356,3487,3234,-31.9583,0.307106,8.65032,48.2107
77547,3101,3336,3374,3414,3398,3651,3976,3909,3629,4390,6163,5321,3753,5276,8889,6761,20.6002,10.0547,8.80035,48.2273
77548,3629,4477,7915,8709,3470,4162,5708,6054,3212,3552,3895,4050,3221,3280,3485,3428,-21.61,16.4169,8.60896,48.1647
77549,3287,3369,3189,3185,3726,3740,3568,3463,4606,5235,4452,3794,6281,9960,6164,3987,29.7191,-6.73813,8.76066,48.004
77550,4253,6419,9015,5580,3922,4764,5780,4696,3432,3745,3874,3629,3170,3308,3349,3192,-22.7244,4.84838,8.85309,48.0853
77551,5488,6484,4515,3680,5873,7882,4831,3752,4329,4596,3946,3481,3566,3644,3403,3294,-12.1781,-10.4338,8.72742,48.5093
77552,8235,6098,3942,3444,8252,5872,3902,3409,4558,4151,3490,3287,3566,3519,3287,3123,-15.0975,-20.5571,8.79879,48.09
77553,3698,5148,9627,7968,3625,4164,5331,5127,3359,3531,3895,3806,3105,3266,3338,3385,-29.2003,12.5294,8.5546,48.2487
77554,3261,3935,5277,9282,3507,3748,5266,8837,3276,3472,4066,4511,3060,3209,3500,3409,-15.5597,32.7884,8.80748,47.744
77555,3446,3393,3260,3188,4391,3874,3410,3289,7851,5196,3870,3448,10331,5875,3856,3525,18.7255,-27.388,8.86704,48.1353
77556,3436,4146,7733,10359,3376,3940,5074,5732,3209,3622,3865,3860,3107,3270,3375,3400,-33.6061,18.6013,8.83826,47.6693
77557,3487,3291,3207,3163,3989,3796,3425,3245,6219,4756,3835,3342,12540,6038,3997,3453,27.7631,-28.8562,8.76917,47.8553
77558,3221,3542,3766,3762,3370,3926,4888,4427,3587,4806,8015,5976,3637,4355,5917,5258,10.2208,10.3148,8.86825,48.302
77559,3143,3292,3686,3690,3304,3683,4230,5013,3350,3942,6127,8717,3382,3896,5445,7204,11.3491,20.8165,8.81548,48.0693
77560,3320,3392,3446,3448,3487,4019,4343,3891,3932,5396,7293,4785,4106,5443,7000,5031,14.7442,4.93026,8.80729,48.2213
77561,3713,4837,7897,6631,3676,4299,6644,5776,3341,3707,4153,4073,3208,3264,3428,3582,-18.1082,12.1647,8.86606,48.1527
77562,11267,5783,3846,3449,7065,4923,3879,3437,4094,3897,3503,3309,3399,3530,3114,3093,-21.2022,-32.7669,8.57694,47.7253
77563,3432,3362,3308,3235,3685,3737,3609,3486,4641,5154,4709,3711,5869,9597,6289,3972,33.8958,-6.0769,8.69373,47.864
77564,3851,3736,3430,3189,5099,4992,3813,3356,7351,7297,4276,3429,5556,5496,3983,3500,8.14085,-15.7276,8.8925,48.236
77565,3094,3226,3386,3328,3252,3544,3838,3867,3351,3983,5180,5889,3574,4334,8032,10142,26.0203,17.9602,8.72725,48.0133
77566,3307,3591,4322,5128,3335,3821,5110,8782,3233,3677,4870,7456,3211,3526,4043,4509,-2.10515,33.0388,8.72708,47.9473
77567,3484,3414,3164,3079,4076,3901,3434,3243,7079,4995,3750,3346,11496,5904,3919,3391,21.6292,-28.8307,8.82275,47.7833
77568,3942,5200,6454,4802,3925,5891,7520,4770,3569,4048,4545,3908,3342,3511,3416,3473,-12.9684,4.23726,8.96089,48.2107
77569,3199,3524,4415,5368,3270,3777,5290,9294,3265,3712,4877,6976,3171,3368,3948,4498,-3.44837,26.3655,8.73907,47.968
77570,3411,3551,3238,3050,4362,3964,3617,3302,8039,5041,3882,3316,10216,5560,3853,3364,17.9848,-29.8694,8.87586,47.844
77571,4469,6781,7813,4882,4101,5410,5929,4365,3503,3965,3936,3654,3192,3327,3403,3439,-19.7549,1.94815,8.69856,48.1127
77572,3216,3204,3305,3245,3464,3650,3791,3605,3765,4687,5572,4681,4132,6106,9650,6220,24.3518,7.17984,8.81645,48.1953
77573,3352,3281,3222,3026,3963,3795,3578,3236,5841,5021,4097,3500,10037,8039,4341,3497,26.0711,-17.9165,8.73824,47.884
77574,3908,4872,6398,5097,3743,5142,7882,5354,3534,3868,4638,4097,3269,3398,3641,3569,-12.2034,7.88554,8.73028,48.2733
77575,3747,4535,5612,4847,3824,5414,8315,5279,3530,4066,5144,4200,3401,3601,3771,3735,-8.80739,7.09636,8.80103,48.6807
77576,3959,4483,4065,3548,4618,7200,5518,3795,4488,6411,5055,3802,3841,4080,3965,3526,-1.74055,-4.59604,8.86475,48.236
77577,4222,5517,6422,4726,4108,5830,7148,4454,3548,4182,4391,3866,3340,3385,3512,3395,-13.5113,2.85901,8.57844,48.0307
77578,3084,3352,3459,3436,3172,3632,4111,4192,3542,4010,5943,7243,3410,4140,6778,8853,17.9101,19.0616,8.93128,48.238
77579,3296,3849,4458,4577,3492,4213,6815,6399,3491,4141,6358,5956,3326,3682,4087,4215,-1.18272,14.1976,8.93624,48.2367
77580,11601,6315,4065,3462,6710,4884,3787,3333,4164,3876,3352,3284,3383,3409,3224,3091,-23.7693,-25.5702,8.58994,47.96
77581,3418,3855,5916,11384,3441,3783,4803,6897,3168,3411,3921,4152,3126,3186,3477,3496,-22.1131,29.0918,8.5621,47.6227
77582,4339,7145,9530,5501,3783,4761,5195,4514,3446,3732,3784,3595,3190,3308,3382,3238,-27.7002,3.84166,8.95913,48.2953
77583,3433,4255,7228,9455,3456,3998,5455,6659,3328,3409,3894,4105,3078,3319,3333,3346,-20.5933,18.7249,8.76187,47.834
77584,3097,3249,3455,3516,3257,3399,3879,4025,3454,3843,4980,6714,3382,3979,5878,12057,23.2434,29.8983,8.67683,48.1093
77585,3278,3447,4018,4503,3372,3741,4823,7579,3429,3675,4941,8862,3348,3510,4341,5029,2.03279,31.7483,8.55431,47.9307
77586,5317,6566,4785,3765,5343,7628,5103,3880,4096,4519,3879,3520,3598,3609,3443,3290,-13.0007,-7.97264,8.83767,48.2273
77587,3869,3615,3312,3152,5377,4344,3582,3200,9985,5196,3757,3452,7149,5022,3685,3277,10.2157,-29.3371,8.88242,47.9827
77588,4690,8253,8482,4858,4179,4745,4906,4178,3474,3815,3740,3641,3282,3423,3377,3234,-32.4179,0.344144,8.88772,48.1847
77589,3224,3426,3724,3739,3422,3847,4826,4580,3597,4480,7767,6513,3513,4286,5976,5596,10.5317,12.7077,8.6688,48.344
77590,9759,6113,3967,3384,7741,5447,3936,3454,4502,3988,3583,3236,3576,3392,3258,3002,-18.1439,-23.038,8.61481,48.2253
77591,3345,3549,4002,4193,3400,4050,5763,5644,3472,4271,7148,6756,3478,3773,4689,4773,3.58588,14.4903,8.63145,48.204
77592,3080,3241,3416,3303,3337,3692,3893,3735,3853,4437,5536,4750,3975,5986,9683,6215,25.2033,7.48026,8.89618,48.088
77593,3027,3227,3526,3511,3210,3559,3963,4611,3402,3814,5205,8590,3433,3901,5629,9389,16.2703,26.3177,8.95229,47.998
77594,2990,3305,3369,3400,3349,3492,3952,3915,3496,4173,5496,5697,3644,4707,8519,8481,22.9197,14.7204,8.58371,47.99
77595,3322,3724,4940,6741,3296,3755,5328,9801,3326,3660,4370,5740,3086,3385,3717,3975,-8.79397,28.2737,8.6474,48.1107
77596,7432,9252,5059,3756,5332,5902,4404,3633,3852,3975,3628,3321,3394,3359,3277,3162,-22.6271,-11.8643,8.98739,48.492
77597,3506,3592,3913,3776,3676,4467,5553,4329,3851,5346,7953,5192,3639,4287,5060,4447,5.73865,6.22837,8.93567,48.3913
77598,3639,4423,8556,9513,3385,4109,5072,5466,3311,3537,3831,3929,3254,3242,3368,3402,-33.1737,16.3409,8.64244,48.0247
77599,4866,7753,7202,4600,4234,5749,5452,4228,3638,3991,3945,3602,3225,3459,3346,3339,-20.3223,-0.75903,8.90496,48.4193
77600,3425,3461,3176,2979,3939,3785,3478,3223,6290,4769,3847,3380,12277,6057,3902,3394,26.0691,-33.1046,8.705,47.588
77601,3809,3731,3293,3129,4962,4371,3468,3361,8748,5972,3943,3368,7250,5485,3906,3373,12.0303,-21.1729,8.845,48.1127
77602,3323,3811,5434,8618,3332,3829,5335,9093,3267,3607,4197,4812,3063,3332,3472,3741,-14.2575,27.1812,8.70546,48.1773
77603,3736,3715,3374,3136,5258,4504,3617,3251,8717,6255,4037,3434,6324,5204,3927,3291,9.78299,-20.1234,8.59032,47.8533
77604,6778,9131,5381,3787,4992,6101,4423,3663,3821,4041,3639,3405,3261,3463,3303,3191,-21.6067,-9.79901,8.81685,48.2533
77605,3269,3602,4232,4932,3374,3806,5354,8103,3275,3786,5221,7701,3302,3608,4130,4702,-1.07525,23.3882,8.76147,48.2647
77606,3546,4162,7531,10375,3385,4018,5252,6169,3192,3519,3878,4003,3200,3236,3397,3375,-24.0607,19.5189,8.92941,48.1587
77607,4522,5310,4718,3803,4870,7624,5984,4041,4124,4907,4475,3653,3533,3746,3656,3376,-7.92549,-3.9655,8.6664,48.228
77608,3179,3214,3350,3328,3437,3585,3758,3728,3768,4473,5120,4868,3864,5820,9897,6334,32.2635,8.08373,8.72972,47.8153
77609,5173,8564,7162,4443,4257,5605,5099,3953,3602,3814,3822,3601,3200,3306,3461,3226,-23.355,-1.99174,8.5787,48.192
77610,3282,3301,3409,3455,3260,3414,3953,4007,3341,3739,4815,5936,3293,3825,6155,12254,33.5252,26.8464,8.52853,47.626
77611,3298,3694,4373,5042,3320,3903,5666,8582,3389,3830,5092,7128,3160,3434,4090,4452,-2.70758,22.4756,8.88088,48.302
77612,3352,4197,7949,10404,3294,3948,5192,5705,3173,3517,3781,4019,3100,3308,3483,3456,-33.839,18.1987,8.70718,47.9187
77613,3776,4445,5313,4487,3963,5655,7966,4930,3669,4473,5077,4138,3377,3643,3655,3637,-7.82771,5.09687,8.61801,48.136
77614,3788,3864,3436,3139,4990,4810,3903,3419,7416,7497,4228,3552,5637,5430,4054,3387,8.52162,-15.0404,8.86849,48.3667
77615,3172,3198,3457,3498,3203,3580,3931,4257,3439,3761,5176,7791,3417,3970,5874,10561,19.0916,26.2559,8.66637,48.19
77616,10133,6151,4023,3357,7766,5353,3920,3379,4316,3943,3481,3275,3499,3536,3292,3051,-18.4755,-23.6185,8.8679,48.3167
77617,3500,3980,5981,12385,3436,3778,4708,6075,3201,3392,3656,3971,3212,3281,3434,3291,-29.354,32.796,8.54614,47.5207
77618,3687,4456,5369,4682,3790,5206,8384,5425,3493,4145,5113,4394,3262,3525,3675,3577,-8.2907,7.99355,8.9699,48.122
77619,6151,4700,3702,3260,9236,5955,3952,3375,5856,4698,3755,3212,4116,3800,3351,3116,-6.95588,-21.9658,8.99265,48.1567
77620,3401,3988,6698,11802,3345,3775,4918,6525,3225,3498,3746,4030,3074,3245,3439,3363,-25.3668,23.7385,8.86344,48.048
77621,4987,8552,7431,4371,4413,5297,5092,4042,3588,3853,3770,3484,3316,3415,3425,3148,-23.7672,-1.91638,8.72236,48.1227
77622,3523,4615,8433,9587,3475,4038,5102,5603,3227,3384,3786,3822,3001,3136,3338,3404,-30.3509,16.455,8.80627,47.6493
77623,3292,3360,3350,3188,3689,3824,3861,3455,4461,5587,5133,4056,5106,8443,7085,4360,22.4971,-2.58007,8.60418,48.1667
77624,3335,3486,3464,3436,3692,4167,4533,3890,4193,6022,7128,4622,4183,5531,6043,4564,12.2243,2.38427,8.56109,48.1927
77625,9529,8520,4488,3523,5551,5115,4068,3461,3999,3971,3450,3353,3300,3490,3263,3167,-26.9189,-16.3316,8.58892,48.1653
77626,5891,8558,5445,3929,5095,6420,4614,3745,3765,3968,3675,3491,3471,3451,3335,3171,-19.2684,-7.67986,8.60248,48.016
77627,3314,3402,3447,3241,3472,3792,3738,3607,4211,4920,4953,4283,4622,7942,8295,4804,26.2236,0.534857,8.54835,48.0287
77628,3344,3266,3239,3194,3924,3739,3287,3234,6037,4732,3799,3341,12589,5845,3821,3333,33.5679,-30.6154,8.75678,47.1493
77629,3023,3221,3476,3359,3250,3507,3930,3955,3616,4284,5782,5368,3654,5100,9304,7603,23.249,12.4871,8.88999,48.288
77630,3346,3674,3590,3483,3765,4340,4551,3836,4122,6270,7414,4576,4057,5137,5504,4369,10.0579,2.37569,8.63702,48.0227
77631,9546,5893,4028,3290,8051,5438,3847,3380,4523,4108,3482,3273,3583,3463,3190,3074,-16.96,-23.5596,8.82538,48.1127
77632,3106,3391,3494,3345,3280,3589,3793,3754,3592,4229,5290,4995,3727,5259,9637,7483,31.1538,11.3506,8.56512,47.976
77633,3257,3320,3291,3241,3543,3812,3752,3510,4164,5254,5296,4244,4741,7614,8026,4859,22.9911,0.816081,8.54215,47.9493
77634,4707,4126,3430,3291,8146,4962,3634,3342,8491,4950,3783,3346,4650,4157,3535,3146,0.607054,-31.9396,8.78331,47.7973
77635,3359,3700,4057,3727,3724,4409,5884,4614,3800,5031,7924,5320,3549,4077,4753,4312,4.0621,7.86127,8.93535,48.16
77636,3234,3332,3439,3227,3550,3735,3952,3693,3828,4626,5630,4582,4066,6162,9426,5967,23.7189,6.10501,8.57046,48.2993
77637,3435,3329,3341,3128,3799,3934,3595,3325,4846,5194,4248,3577,7362,9978,5368,3655,30.1656,-10.9437,8.82367,48.076
77638,3441,3505,3301,3145,4349,3941,3373,3229,8262,5188,3810,3440,9968,5550,3897,3279,17.6368,-29.591,8.5174,47.7853
77639,3109,3323,3535,3514,3221,3482,4127,4573,3358,3947,5537,8491,3379,3991,5841,8655,15.3892,22.7465,8.89078,48.0553
77640,4287,5443,5950,4400,4330,6542,7135,4466,3742,4333,4453,3811,3398,3524,3508,3368,-12.0079,1.20942,8.98866,48.46
77641,4215,5711,6439,4573,4139,6185,7177,4511,3654,4066,4251,3804,3276,3566,3520,3433,-13.5014,2.09474,8.99639,48.3467
77642,3420,3602,3442,3227,3995,4253,3998,3542,4946,7257,5327,3950,5050,6894,5391,4106,14.7618,-5.26196,8.53776,48.2667
77643,3390,3711,3746,3532,3776,4580,5158,4098,4025,6154,7470,4661,3905,4734,5174,4180,6.93509,3.08047,8.54022,48.196
77644,7159,5040,3846,3254,9935,5319,3800,3395,5263,4268,3610,3269,3702,3611,3273,3225,-10.5983,-33.7359,8.86288,47.9793
77645,4187,5855,6182,4612,4208,6256,6838,4391,3636,4284,4300,3638,3408,3545,3530,3420,-13.1077,1.307,8.52697,48.1933
77646,3109,3389,3729,3673,3350,3536,4269,5141,3335,3798,5274,9783,3447,3799,5190,7232,10.9069,32.8418,8.75751,48.036
77647,3395,3490,3273,3016,4113,3911,3450,3210,7001,5045,3843,3292,11061,6193,3941,3388,22.0077,-24.9583,8.63201,47.748
77648,3796,4546,5958,4863,3847,5345,8319,5240,3500,4097,4792,4169,3338,3517,3634,3540,-10.2761,6.79118,8.86107,48.334
77649,3359,3335,3281,3235,3753,3725,3418,3192,5844,4969,3846,3436,12681,6079,3955,3410,28.7984,-33.869,8.74147,47.6787
77650,3695,4689,8615,8160,3639,4100,5642,5608,3336,3562,3925,3955,3152,3266,3348,3519,-22.3136,13.9981,8.56702,48.1407
77651,4395,3994,3531,3267,7547,4749,3756,3266,8863,5169,3818,3338,4857,4311,3605,3316,2.00871,-33.9303,8.8049,47.8547
77652,3175,3387,3603,3747,3196,3715,4353,5534,3323,3734,5108,10009,3347,3742,4999,6958,9.45384,31.5731,8.98274,47.9533
77653,5316,4492,3624,3311,9001,5304,3787,3298,7117,4921,3743,3241,4274,4113,3473,3320,-3.3,-23.7625,8.98883,48.2233
77654,3311,3301,3372,3261,3679,3890,3888,3496,4397,5885,5458,4129,4931,7982,6900,4454,19.8233,-1.69586,8.8459,48.2227
77655,5492,4438,3666,3210,9090,5133,3685,3396,7100,4822,3817,3300,4191,3946,3512,3229,-3.55978,-26.4689,8.66365,48.018
77656,3330,3890,6032,12692,3398,3701,4549,6045,3257,3456,3665,3848,3218,3311,3439,3528,-31.7507,29.7033,8.84712,47.5727
77657,3909,4461,4691,4004,4167,6289,7071,4399,3966,5105,5496,4097,3584,3794,3920,3632,-4.13126,1.52472,8.64475,48.39
77658,3313,3638,3900,3691,3597,4203,5478,4549,3759,5117,8065,5365,3666,4239,5220,4447,6.38198,7.68027,8.97655,48.1647
77659,3465,3441,3262,3083,4366,3884,3515,3173,7510,5404,3866,3369,10002,6297,4052,3389,19.1253,-22.4874,8.85022,48.052
77660,4416,4634,4165,3483,5298,7345,4918,3630,4827,6289,4376,3682,3938,4113,3715,3438,-2.50682,-8.14076,8.73948,48.178
77661,4434,3989,3536,3272,7268,4834,3741,3266,8891,5284,3890,3362,5160,4376,3672,3276,2.56466,-25.5634,8.57928,48.1673
77662,3402,4112,7066,11757,3304,3917,4999,5932,3222,3379,3755,3942,3176,3299,3376,3406,-29.5344,21.7571,8.96034,48.0293
77663,4317,3990,3588,3248,6956,5148,3901,3285,8323,5908,3858,3379,5070,4383,3700,3317,2.42861,-21.0665,8.8949,48.2473
77664,3473,3293,3344,3149,3762,3763,3437,3246,5921,4670,3707,3390,12557,5765,3701,3509,32.4324,-31.9002,8.5888,47.1247
77665,4494,7685,8953,4982,4129,4817,4997,4369,3549,3830,3757,3574,3249,3298,3408,3238,-28.8628,1.70258,8.82312,48.2193
77666,3448,4010,5962,12671,3308,3642,4704,5863,3346,3449,3758,3904,3180,3241,3418,3329,-31.637,32.0474,8.79621,47.4887
77667,6234,9877,6186,4125,4775,5269,4556,3731,3653,3848,3641,3399,3227,3406,3209,3200,-29.6233,-7.06605,8.76159,48.224
77668,3265,3326,3240,3269,3525,3771,3730,3594,4238,5038,4765,4094,5027,8833,7752,4487,32.2377,-1.75672,8.81975,47.9693
77669,3563,4078,4397,4029,3732,5192,6802,4666,3798,5060,6742,4665,3579,3997,4161,3992,-0.431271,5.19657,8.54404,48.302
77670,3449,4086,6770,11763,3285,3784,5007,5959,3274,3531,3828,3890,3141,3352,3385,3390,-33.1769,22.4701,8.81302,47.9293
77671,3249,3555,4323,4663,3332,3796,5647,7358,3410,3977,5575,7557,3266,3643,4338,4614,0.0201814,19.8922,8.97841,48.202
77672,3392,3347,3282,3242,3896,3754,3491,3256,6065,4802,3792,3385,12710,5974,3914,3376,32.2428,-29.2838,8.82921,47.7853
77673,4297,6911,9207,5536,3898,4886,5563,4383,3403,3723,3915,3700,3209,3278,3396,3208,-24.7793,4.25179,8.77155,48.342
77674,3289,3788,4636,5571,3326,4008,6042,8785,3341,3703,4982,6122,3169,3428,3921,4223,-5.55586,20.2881,8.97365,48.2227
77675,3397,4049,6309,9388,3419,3903,5541,7572,3291,3616,4028,4354,3068,3285,3386,3519,-17.746,21.6258,8.83917,48.0833
77676,3321,3487,3198,3199,3788,3885,3485,3393,4957,5275,4231,3620,6726,9832,5554,3832,31.3003,-9.35397,8.71344,47.8553
77677,5911,5730,4105,3455,7229,7673,4293,3508,4751,4694,3783,3363,3636,3631,3266,3203,-10.2178,-14.7701,8.91688,48.154
77678,3099,3211,3428,3397,3227,3434,3800,4040,3320,3734,4964,5997,3318,3935,6335,12380,33.6017,25.3921,8.72637,47.746
77679,5327,4395,3556,3198,8873,5349,3752,3321,7066,4790,3731,3354,4383,4010,3513,3285,-3.40886,-25.7202,8.50271,47.9353
77680,7641,5557,3938,3440,8756,5700,3892,3362,4790,4202,3602,3278,3633,3599,3198,3082,-13.3593,-22.311,8.54339,47.78
77681,3396,3519,3288,3030,3865,3853,3551,3247,5307,5182,4098,3462,8835,9055,4572,3605,32.9071,-14.7811,8.8989,47.91
77682,5585,4545,3632,3206,9572,5291,3845,3343,6643,4589,3713,3287,4139,3791,3399,3189,-4.83584,-26.6766,8.75059,47.846
77683,3363,3749,4862,6802,3405,3741,5198,9951,3188,3638,4495,5571,3186,3416,3619,3804,-9.29718,31.6481,8.55584,47.992
77684,3546,3506,3286,3173,4590,4095,3491,3325,8905,5153,3839,3350,8967,5447,3789,3451,14.9574,-32.366,8.83008,47.942
77685,3184,3271,3662,3777,3249,3553,4273,5323,3378,3763,5235,9834,3330,3804,4916,7521,10.7297,30.3836,8.97565,48.0487
77686,3199,3270,3573,3737,3257,3580,4125,4969,3405,3895,5208,9461,3265,3806,5210,8169,13.0043,29.7228,8.61339,48.086
77687,3498,3355,3256,3101,3918,3736,3412,3239,6050,4732,3765,3427,12375,6152,3955,3324,32.8498,-26.9439,8.76623,47.53
77688,5157,8019,6203,4260,4637,6339,5111,4038,3746,3923,3959,3613,3271,3378,3344,3236,-18.7256,-3.97876,8.7485,48.156
77689,3456,3696,4045,3885,3776,4621,6046,4624,3872,5284,7582,5020,3515,4008,4660,4229,3.25799,6.49559,8.51579,48.2127
77690,3556,3967,4459,4143,3745,5174,7288,4935,3722,4749,6565,4570,3400,3824,4243,3950,-1.54014,6.16332,8.97456,48.1933
77691,10913,5663,3944,3371,7817,5049,3820,3322,4125,3879,3568,3198,3459,3473,3172,3087,-19.4605,-32.6705,8.72772,47.9067
77692,3265,3296,3360,3292,3370,3763,3861,3581,4146,4922,5460,4526,4385,7223,8740,5257,23.5153,2.67813,8.78713,48.298
77693,3373,4164,7190,11406,3296,3795,4950,5934,3230,3404,3750,4024,3109,3190,3445,3341,-27.4552,21.3068,8.90762,47.734
77694,3150,3329,3499,3509,3247,3505,3877,4341,3459,3976,5180,8290,3357,3966,5701,9601,17.4975,26.4705,8.55905,47.9913
77695,4879,4433,3739,3299,7823,5572,3799,3435,7192,5425,3881,3451,4605,4107,3529,3202,-1.14702,-20.7907,8.61122,48.2473
77696,12726,5992,3843,3231,5948,4761,3697,3374,3991,3856,3335,3163,3406,3455,3355,3129,-30.2112,-28.4237,8.98668,47.508
77697,3704,3669,3444,3071,4790,4472,3686,3338,7845,6600,4001,3472,6962,5911,4092,3401,12.801,-17.7921,8.73598,48.3053
77698,3214,3330,3444,3455,3201,3403,3802,3900,3370,3707,4710,5903,3380,3881,5724,12305,33.8083,33.2008,8.66622,47.1527
77699,7507,8985,4889,3715,5420,5713,4271,3660,3862,3969,3523,3398,3450,3460,3242,3205,-22.7774,-12.2731,8.5223,48.1793
77700,3587,3404,3244,3114,4725,4041,3521,3221,8953,5103,3813,3266,9059,5462,3827,3320,15.0906,-29.7452,8.81476,47.7733
77701,3562,3415,3102,3177,4485,4141,3557,3190,9005,5098,3957,3343,9168,5470,3927,3368,15.3335,-33.3446,8.9855,47.9767
77702,3358,3650,5002,7587,3363,3942,5254,9547,3353,3597,4182,5263,3201,3384,3630,3760,-11.3905,28.5976,8.6356,48.0487
77703,3497,3468,3237,3079,4509,3980,3618,3300,7823,5684,4027,3415,8856,6273,4053,3421,16.534,-21.0757,8.54009,48.16
77704,3577,3808,3741,3441,4269,5300,4388,3561,5150,8095,5548,3878,4214,5120,4486,3841,6.70458,-5.66433,8.89364,48.278
77705,3283,3464,3393,3271,3728,4050,3953,3603,4338,6420,6294,4170,4674,6801,6478,4550,16.316,-0.848095,8.76455,48.3133
77706,4986,5346,4090,3568,6042,7847,4564,3633,4836,5344,3979,3468,3809,3877,3503,3152,-7.37282,-11.5444,8.52793,48.0293
77707,3122,3296,3339,3356,3209,3440,3685,3842,3480,3745,4790,6113,3451,3978,5879,12567,28.8897,32.007,8.64496,47.528
77708,3803,4015,3677,3383,4800,5965,4452,3549,5636,7726,4895,3748,4441,4779,4101,3479,3.91811,-8.79142,8.6621,48.2993
77709,5048,5670,4282,3595,6204,8244,4696,3678,4519,4936,3912,3526,3677,3726,3585,3228,-8.20698,-10.5808,8.76369,48.3507
77710,3421,3341,3297,3090,3976,3996,3505,3284,6164,5454,4070,3567,9318,7764,4417,3468,22.2563,-17.1406,8.58521,48.088
77711,3682,3634,3291,3155,4678,4204,3619,3195,8014,6102,4078,3419,7571,5888,4060,3399,14.2473,-19.4849,8.63027,47.9927
77712,3105,3256,3339,3495,3317,3254,3696,4035,3378,3669,4705,6069,3312,3952,5904,12691,33.5801,29.6752,8.89006,47.4513
77713,3274,3420,3892,3763,3519,4056,4857,4438,3688,4840,8175,5735,3608,4418,5627,4960,8.6745,9.53615,8.56361,48.18
77714,8750,5363,3892,3318,9094,5255,3765,3363,4823,4006,3422,3257,3667,3587,3211,3140,-14.3828,-29.9734,8.80848,47.942
77715,5576,6576,4395,3592,5954,7953,4726,3696,4282,4545,3807,3479,3455,3663,3407,3215,-12.415,-10.3926,8.90931,48.214
77716,3097,3324,3537,3630,3303,3635,3903,4286,3601,3995,5783,6761,3502,4139,6818,8740,18.458,18.1564,8.68048,48.036
77717,4205,6161,7665,5070,4010,5368,6723,4660,3488,3864,3979,3802,3185,3399,3390,3370,-17.6445,3.53837,8.86233,48.226
77718,3570,3591,3300,3077,4454,4335,3750,3334,7086,6891,4219,3496,6944,6531,4306,3494,14.5265,-15.4764,8.65305,48.252
77719,3371,3907,6305,11117,3309,3929,5086,7094,3353,3506,3842,4176,3033,3146,3342,3440,-21.7083,24.4228,8.90297,47.9707
77720,3292,3879,4986,7369,3302,3953,5341,9858,3403,3466,4287,5305,3189,3303,3609,3794,-10.612,32.1492,8.73556,48.224
77721,4792,4211,3534,3106,8074,5340,3758,3420,7777,5193,3944,3347,4786,4157,3562,3236,-0.35931,-22.8673,8.6143,48.158
77722,5275,8294,6570,4305,4474,5905,5091,4017,3784,3815,3809,3502,3291,3327,3387,3163,-20.449,-3.40428,8.72339,48.006
77723,7879,5754,3988,3394,8247,5997,3932,3406,4668,4252,3609,3330,3612,3466,3339,3186,-14.1587,-20.5273,8.72418,48.0393
77724,3976,5414,8637,5926,3801,4574,6140,4972,3459,3814,4036,3969,3113,3381,3555,3222,-20.1928,8.24048,8.54311,47.9927
77725,4227,4714,4117,3541,5088,7671,5168,3766,4657,5978,4567,3688,3870,3997,3758,3476,-3.5332,-6.91045,8.85645,48.1887
77726,3319,3804,5093,6603,3286,4024,5834,9332,3293,3626,4567,5363,3097,3360,3661,3931,-9.75433,22.0608,8.8268,48.1287
77727,3893,5486,9707,6735,3637,4450,5616,4966,3391,3620,3847,3731,3218,3389,3335,3335,-24.7111,9.30521,8.63151,48.2373
77728,3216,3743,4704,6147,3369,3863,5369,9839,3225,3682,4638,6119,3133,3358,3931,3988,-7.06906,25.6222,8.78929,48.216
77729,3088,3332,3356,3305,3297,3563,3934,3820,3570,4182,5281,5367,3763,4759,9076,8048,24.9323,13.1112,8.76741,47.8273
77730,3458,3483,3182,3059,4024,3892,3598,3291,6213,5566,4158,3418,8921,7814,4399,3519,20.8078,-17.0437,8.82876,47.9967
77731,3196,3308,3374,3450,3217,3508,3702,3871,3431,3690,4782,6018,3335,3830,6412,12329,30.3011,26.3311,8.5198,47.6353
77732,3387,3335,3263,3100,3933,3835,3481,3156,5334,5245,4042,3537,8863,9228,4802,3626,29.0748,-14.5145,8.98365,48.1113
77733,3474,3815,3704,3339,4084,4842,4295,3555,4896,7783,5976,4091,4455,5506,4895,3901,9.17885,-3.73378,8.54702,48.4073
77734,5800,8760,5730,3950,4854,6265,4772,3887,3849,3915,3668,3400,3343,3463,3301,3184,-20.3859,-7.03995,8.72485,48.094
77735,9129,8749,4647,3625,5460,5330,4021,3472,3849,3903,3540,3343,3340,3284,3219,3145,-27.8052,-15.5855,8.60727,48.0373
77736,4558,4698,3802,3476,6119,7303,4440,3492,5436,6111,4228,3476,4126,4045,3586,3358,-2.66057,-12.4077,8.86356,48.1693
77737,3220,3657,4245,4628,3431,3670,4965,7763,3325,3653,5149,8369,3270,3579,4269,5015,0.767758,25.6361,8.5946,48.1387
77738,3919,3753,3384,3161,5477,4653,3799,3337,8654,6361,4077,3478,6011,5130,3849,3403,7.87715,-19.3735,8.66577,48.2973
77739,3376,3948,5989,12271,3343,3740,4976,6554,3235,3430,3796,3893,3130,3286,3395,3357,-25.0116,29.0808,8.62245,47.8127
77740,12463,6178,3952,3427,6014,4731,3716,3342,3860,3719,3430,3308,3268,3253,3197,3225,-28.5129,-30.3217,8.79409,47.3887
77741,5237,6275,4503,3684,5907,7787,4851,3819,4366,4700,3896,3336,3562,3652,3420,3192,-11.6282,-9.79005,8.51925,48.1247
77742,4310,3917,3321,3165,6623,4748,3718,3238,9387,5550,3784,3360,5772,4575,3569,3262,4.85139,-23.9233,8.97514,48.1993
77743,3234,3429,3351,3246,3892,4042,3784,3461,4727,6142,4911,3914,5652,8620,6098,4047,20.485,-5.87828,8.61648,48.3667
77744,4056,4672,4384,3631,4752,7203,5709,4051,4311,5810,5016,3795,3795,4097,3829,3461,-3.25899,-3.50584,8.76648,48.3813
77745,3739,3667,3351,3144,5163,4162,3568,3384,9792,5267,3788,3289,7386,5050,3875,3473,11.0474,-32.4801,8.8865,48.0653
77746,4171,5922,9360,5933,3688,4586,5821,4623,3451,3655,3867,3692,3180,3320,3409,3421,-22.8407,7.07809,8.57253,48.066
77747,5905,9827,6344,3908,4686,5129,4371,3872,3745,3878,3549,3384,3345,3261,3321,3178,-33.7245,-6.28193,8.98338,47.802
77748,4008,3759,3486,3022,6029,4521,3516,3226,9782,5426,3767,3341,6234,4748,3585,3436,7.29113,-26.4146,8.83049,47.924
77749,12327,6241,3907,3307,6101,4801,3825,3361,4078,3782,3506,3135,3411,3408,3156,3126,-32.8252,-25.0146,8.54911,47.648
77750,8202,9544,5099,3660,5283,5262,4281,3542,3788,3683,3555,3272,3368,3315,3222,3091,-28.9495,-12.7022,8.98409,48.1113
77751,10028,5687,3875,3340,8282,5154,3900,3373,4506,4027,3456,3231,3452,3501,3132,3126,-17.1005,-28.2095,8.79478,48.0467
77752,9534,5503,3904,3378,8804,5001,3837,3352,4593,3996,3539,3254,3629,3556,3303,3061,-15.7265,-30.3335,8.91311,48.1627
77753,5062,4681,3827,3356,7594,6520,4186,3525,5997,5248,3940,3347,4186,3941,3552,3171,-3.83048,-17.4109,8.78727,48.0887
77754,3414,3493,3262,3183,4085,3909,3576,3203,6161,5303,4022,3460,9729,7524,4354,3520,22.7505,-18.6898,8.5006,48.132
77755,3201,3455,3611,3760,3261,3656,4404,5508,3363,3869,5194,9806,3360,3771,4902,6949,9.70459,31.1077,8.67683,48.0467
77756,3097,3265,3543,3464,3299,3439,4054,4199,3352,3800,5093,7178,3387,4014,6437,10642,20.4778,23.2758,8.67376,48.1753
77757,5904,5716,4118,3456,7515,7406,4245,3564,4821,4708,3683,3407,3704,3694,3388,3208,-10.1327,-15.5149,8.96409,48.358
77758,5048,4835,3891,3383,7096,7053,4300,3477,5432,5485,4098,3493,4094,3997,3513,3334,-4.64181,-14.9193,8.72916,48.3527
77759,3502,3542,3539,3532,3895,4492,4751,3888,4200,6693,7104,4504,4091,5086,5323,4300,9.43938,1.02431,8.71776,48.2947
77760,12445,6227,3962,3283,6082,4864,3760,3419,4035,3723,3510,3243,3413,3391,3209,3177,-30.5984,-26.7277,8.65328,47.8287
77761,3691,4532,6958,6052,3563,4500,7278,6216,3459,3830,4420,4153,3200,3289,3520,3552,-14.0682,11.4762,8.93055,48.142
77762,3338,3562,4352,5302,3365,3815,5188,9100,3275,3744,4742,7055,3191,3511,3940,4340,-2.97754,29.1044,8.56869,47.88
77763,3557,4140,4746,4340,3740,4964,7693,5374,3715,4394,6057,4848,3369,3797,4034,3848,-3.53881,8.15238,8.78038,48.4107
77764,5419,8332,6116,4176,4571,6363,5084,3921,3763,3963,3787,3468,3207,3477,3519,3209,-18.9672,-4.6503,8.97279,48.25
77765,3270,3578,3944,4130,3389,3950,5620,5602,3466,4143,7179,6978,3346,3897,4684,4987,4.08596,14.7106,8.9689,48.1087
77766,9799,8350,4374,3596,5598,5195,4020,3457,3896,3836,3577,3136,3355,3431,3184,3165,-28.7205,-16.9206,8.73112,47.9793
77767,3349,3491,3488,3328,3646,4215,4212,3798,4330,6519,6399,4305,4382,6196,6230,4433,14.4187,-0.233448,8.91173,48.214
77768,4242,6671,9440,5764,3934,4646,5257,4542,3442,3711,3813,3654,3196,3381,3366,3363,-28.2335,5.41419,8.58967,48.2813
77769,4390,5332,4414,3616,5061,8234,5532,3892,4402,5471,4222,3615,3731,3823,3510,3457,-6.69891,-6.27696,8.85196,48.468
77770,6480,4978,3723,3290,9480,5842,4042,3417,5644,4597,3624,3282,3942,3786,3329,3161,-8.67377,-22.5126,8.88965,48.4113
77771,11726,5779,4068,3444,6822,4938,3762,3385,4097,3732,3505,3225,3469,3368,3211,3160,-22.5497,-31.7112,8.52913,47.794
77772,3124,3292,3423,3391,3328,3467,3658,3863,3412,3817,4672,6035,3309,3872,6139,12571,30.0672,27.3254,8.69306,47.582
77773,6898,10085,5361,3841,4762,5268,4302,3657,3737,3935,3648,3341,3335,3433,3307,3285,-33.0506,-9.41688,8.56855,48.13
77774,8232,9313,4962,3664,5253,5171,4088,3476,3716,3872,3641,3374,3398,3387,3239,3164,-30.7524,-13.4097,8.55872,47.9667
77775,6814,9740,5677,3793,5067,5443,4374,3550,3786,3904,3644,3336,3272,3306,3242,3104,-26.4211,-9.32385,8.89216,48.0347
77776,3665,4252,4360,3983,4134,6038,6714,4314,3955,5342,5947,4209,3744,3956,4075,3752,-2.25261,1.4168,8.92152,48.2933
77777,10235,5627,3877,3298,8422,5006,3763,3389,4338,4021,3641,3223,3374,3535,3300,3173,-17.5982,-28.9526,8.92003,48.148
77778,3772,5179,9701,7425,3495,4263,5286,4911,3350,3659,3919,3732,3039,3294,3291,3346,-30.1137,11.1732,8.54236,47.7747
77779,9753,7739,4372,3449,6227,5396,4104,3527,3998,3806,3501,3263,3421,3281,3279,3070,-22.4957,-18.358,8.94527,48.124
77780,3601,3555,3570,3342,4031,4682,4132,3568,4982,7811,5842,3930,4665,6015,4935,3916,10.9585,-5.07593,8.8788,48.3847
77781,3369,3262,3274,3216,3802,3821,3479,3263,5201,5217,4056,3598,8566,9426,4792,3617,28.9985,-13.5369,8.80902,47.9727
77782,3654,4971,9503,8095,3594,4266,5230,5295,3241,3660,3759,3804,3205,3265,3446,3398,-31.8919,12.5501,8.52097,48.2573
77783,5094,5374,4063,3588,6303,7969,4579,3671,4734,5104,3900,3445,3791,3759,3471,3348,-7.92096,-11.334,8.62165,48.1287
77784,3186,3204,3349,3305,3203,3466,3823,4009,3439,3784,4702,6313,3349,3907,6349,12257,27.0973,25.9896,8.65366,47.7633
77785,3694,4110,4740,4248,3882,5216,7459,4982,3774,4634,5953,4548,3386,3818,4046,3874,-3.44113,6.28587,8.70665,48.2427
77786,3570,3916,3990,3675,4029,5385,5586,4152,4080,6098,6622,4345,3779,4399,4446,3903,2.50727,1.05332,8.81117,47.9833
77787,4183,4493,3697,3471,5194,7045,4698,3579,5313,6817,4560,3595,4046,4363,3936,3516,-0.189859,-8.98188,8.81149,48.3373
77788,3154,3675,4261,4964,3337,3858,5586,8581,3354,3696,5084,7284,3140,3500,4141,4447,-2.24799,22.9515,8.98242,48.0413
77789,3146,3272,3370,3297,3430,3699,3856,3660,3774,4467,5517,4730,3859,5984,9814,6314,25.2622,7.3312,8.82836,48.126
77790,3046,3183,3380,3436,3402,3448,3814,3941,3406,3825,4944,5979,3383,4019,6926,11601,29.9223,22.1621,8.57114,47.822
77791,4108,5869,8314,5597,4038,5057,6433,4702,3425,3741,3984,3689,3207,3290,3421,3268,-18.7341,5.77003,8.82066,48.0953
77792,3354,3837,4947,6885,3322,3869,5695,9393,3241,3695,4306,5454,3205,3298,3700,3876,-9.53844,23.6073,8.59999,48.0513
77793,3420,3990,6369,8377,3270,4023,5835,7688,3293,3704,4073,4478,3110,3309,3446,3457,-16.2305,19.6063,8.75477,47.8947
77794,3080,3288,3442,3586,3224,3481,3944,4510,3359,3858,5306,7889,3355,3835,6160,9790,17.6682,23.8051,8.90904,48.0713
77795,5319,7569,5360,3904,5110,7322,5178,3811,3865,4203,3880,3472,3440,3532,3345,3144,-15.6404,-6.56708,8.80943,48.3027
77796,8236,5559,4042,3290,8724,5539,3983,3395,4714,4158,3551,3221,3751,3451,3326,3106,-14.193,-24.2683,8.57312,48.0307
77797,3100,3240,3557,3556,3158,3455,3896,4149,3394,3903,5277,7345,3435,4017,6136,10350,19.9068,23.5163,8.64059,47.9787
77798,3136,3504,3784,3640,3443,3847,4496,4619,3557,4421,7387,6831,3466,4287,6283,6104,12.3116,13.8559,8.67402,48.5367
77799,3359,3921,5964,12844,3338,3738,4638,5955,3174,3410,3597,3879,3269,3329,3381,3409,-30.1506,33.3644,8.99925,47.47
77800,3741,3589,3402,3275,4389,4847,3882,3404,5882,8006,4906,3622,5324,6017,4375,3570,10.8193,-10.0339,8.81782,48.154
77801,10286,6373,3876,3454,7467,5186,3880,3343,4259,3951,3428,3213,3442,3337,3219,3150,-19.6479,-23.2808,8.63328,47.9093
77802,3272,3294,3307,3154,3626,3810,3756,3405,4584,5947,5068,4037,5234,8700,6659,4316,21.2585,-3.79787,8.98242,48.1127
77803,3267,3588,4187,4443,3279,3790,5153,7635,3356,3848,5363,8311,3293,3596,4192,5031,1.35535,23.9719,8.73035,48.2213
77804,3265,3293,3227,3073,3912,3908,3592,3219,5380,5188,4057,3563,9103,8822,4575,3595,31.6152,-15.4269,8.70281,47.848
77805,3015,3202,3368,3466,3264,3464,3943,4374,3298,3892,5046,7657,3402,4034,5850,10744,19.3546,27.0045,8.91472,48.0127
77806,6893,9768,5471,3851,4979,5383,4383,3709,3831,3827,3587,3398,3353,3317,3268,3017,-27.0461,-9.60543,8.5632,48.0233
77807,3742,3648,3404,3280,5486,4190,3584,3305,9677,5209,3733,3490,7156,4845,3782,3470,10.0475,-31.7214,8.61031,48.0007
77808,3332,3384,3368,3152,3867,3702,3519,3293,4876,5276,4375,3596,7040,9665,5456,3701,33.0644,-9.77084,8.71914,47.7347
77809,3611,4465,4606,4099,4101,5875,7214,4608,3855,5048,5650,4141,3476,3829,4060,3723,-3.75019,2.79765,8.73162,48.2407
77810,9875,5611,3898,3414,8226,5066,3854,3475,4285,4095,3469,3287,3415,3464,3293,3112,-17.5229,-27.0957,8.64808,47.8927
77811,3291,3295,3457,3197,3618,3840,3782,3460,4468,5460,4701,4047,5292,8822,7097,4378,24.6298,-3.26712,8.59755,48.1367
77812,3665,3459,3101,3141,4717,4123,3586,3308,8832,5417,3874,3408,8679,5544,3966,3344,14.8685,-24.5148,8.80625,48.1093
77813,3134,3239,3322,3317,3408,3686,3732,3737,3559,4335,5260,4942,3950,5645,9620,6916,30.0355,9.2662,8.56694,47.868
77814,3763,4322,5007,4260,3935,5696,7862,4750,3596,4626,5553,4222,3532,3631,3868,3719,-5.47975,4.26984,8.91449,48.228
77815,5122,6989,5264,4019,5079,7412,5439,3876,4034,4265,3865,3476,3476,3530,3384,3324,-14.2215,-5.65189,8.90212,48.3693
77816,3653,3551,3385,3211,5041,4173,3508,3361,9682,5355,3797,3450,7322,5039,3745,3481,11.3901,-33.9815,8.81046,47.836
77817,8675,5362,3870,3381,8888,5176,3804,3407,4748,4105,3586,3150,3601,3545,3394,3045,-14.6983,-28.2735,8.62374,47.8247
77818,3455,3534,3424,3250,3965,4353,3886,3475,5135,7658,5223,3863,5086,6935,5022,3850,13.82,-6.79877,8.92423,48.076
77819,3651,4208,4665,4270,3747,5273,7449,4956,3678,4586,6052,4482,3543,3787,4103,3861,-3.07441,6.25211,8.75537,48.2073
77820,3834,5125,9076,7010,3600,4399,6135,5367,3327,3629,3985,3830,3143,3282,3389,3454,-21.2841,10.739,8.90057,48.39
77821,3393,3326,3491,3238,3619,3927,3778,3582,4385,5844,5103,3954,5234,8345,6903,4372,21.5337,-3.00767,8.74648,48.3293
77822,3108,3286,3380,3278,3276,3507,3793,3974,3272,3941,4964,5878,3492,4137,7385,10977,31.5092,20.2387,8.53418,47.7653
77823,3366,4040,5965,10767,3403,3788,5025,7620,3248,3487,3920,4303,3055,3249,3392,3499,-19.7827,26.3927,8.9692,48.0847
77824,3425,3360,3247,3119,3958,3850,3608,3440,5508,5810,4227,3615,7605,9044,4856,3789,22.3529,-12.5938,8.92839,48.3073
77825,3819,3916,3653,3395,4658,5485,4200,3442,5719,7940,4726,3711,4617,5041,4197,3560,6.58805,-9.67661,8.50843,48.0527
77826,5372,7576,4942,3895,5297,7308,4823,3797,3940,4108,3850,3530,3339,3516,3337,3175,-15.6622,-7.95205,8.71333,47.87
77827,12532,6319,4050,3427,6222,4860,3841,3322,3889,3712,3366,3087,3411,3385,3332,3003,-27.9283,-26.6126,8.86293,47.8387
77828,4417,4114,3559,3175,7584,4719,3722,3355,8852,4907,3750,3445,5233,4276,3649,3172,2.3596,-31.2642,8.70014,47.9527
77829,3569,4475,7870,8600,3532,4097,5523,6035,3327,3568,4019,4014,3077,3304,3472,3425,-21.0375,16.0238,8.83338,47.938
77830,3385,4260,7098,10551,3316,3931,5068,6486,3235,3556,3846,4062,3015,3208,3435,3443,-23.4998,20.797,8.56634,47.93
77831,3413,3496,3211,3115,3966,3838,3436,3311,5780,4957,3879,3504,10808,7569,4233,3486,29.9024,-19.8353,8.57365,48.0013
77832,3347,4006,6439,10900,3431,3900,4991,6801,3264,3506,3850,3987,3160,3386,3452,3481,-22.0337,23.3191,8.53783,47.934
77833,3611,3628,3299,3135,4797,4155,3585,3210,8695,5708,3917,3437,8170,5662,3847,3401,14.0276,-22.2642,8.80591,48.1713
77834,2990,3222,3263,3368,3268,3400,3723,3873,3516,3903,5058,6264,3415,4127,7267,10987,25.1886,20.811,8.80659,47.7627
77835,3368,3622,4621,6046,3427,3777,5231,9905,3221,3600,4573,6319,3185,3414,3790,4116,-6.46389,30.3309,8.72306,48.1433
77836,3236,3407,3869,4198,3228,3642,4652,6682,3290,3787,5186,9819,3320,3654,4566,5986,5.5527,29.9506,8.88038,48.348
77837,5374,9569,7007,4328,4455,5270,4636,3992,3579,3818,3582,3533,3165,3371,3374,3132,-29.2443,-4.24155,8.78068,48.1233
77838,3389,3572,4317,4823,3321,3759,4990,8667,3398,3698,5025,7723,3206,3565,4059,4533,-1.23295,33.767,8.5532,48.03
77839,3618,3961,3926,3649,4075,5703,5276,3863,4408,6804,6301,4077,4080,4460,4435,3787,3.26101,-1.5323,8.87841,48.282
77840,3217,3551,4021,4326,3412,3881,5595,6275,3581,3906,6350,7622,3373,3652,4541,4833,2.76569,17.5989,8.83307,48.0907
77841,9402,7068,4247,3393,6704,5685,3924,3565,4106,4087,3537,3255,3482,3484,3119,3025,-19.8495,-18.8294,8.9184,48.0553
77842,3194,3205,3335,3408,3227,3572,3859,3902,3515,3944,5451,5619,3549,4447,8474,9323,26.0316,16.3238,8.70646,48.016
77843,8742,7696,4478,3528,6220,5821,4230,3544,4048,3953,3643,3337,3368,3496,3229,3077,-20.5507,-16.6513,8.59766,48.2733
77844,3423,3406,3330,3281,3862,3759,3426,3113,6691,4870,3834,3395,12104,6001,4046,3379,24.0178,-32.7721,8.65299,47.9467
77845,5945,4981,3744,3354,8650,6218,3933,3469,5748,4722,3703,3407,3978,3805,3481,3194,-7.22552,-20.4257,8.52662,48.2213
77846,3096,3387,3498,3307,3219,3486,3797,3848,3411,3849,4714,6187,3445,4087,6498,12164,26.9315,24.7405,8.75168,47.9953
77847,3180,3344,3320,3431,3231,3398,3751,3893,3314,3660,4703,6030,3465,3932,5940,12616,32.2789,29.2455,8.59076,47.472
77848,3744,5160,9818,7652,3578,4189,5187,5125,3378,3532,3795,3807,3108,3200,3315,3293,-29.5762,11.7057,8.82552,47.9207
77849,4090,6472,8823,5401,4010,4949,5873,4765,3441,3775,3858,3708,3155,3430,3329,3307,-21.544,5.06249,8.8872,48.2573
77850,3789,4547,5098,4254,4014,5788,7687,4828,3670,4604,5281,4160,3399,3525,3808,3662,-6.66314,4.28096,8.75903,48.076
77851,5055,8509,7790,4683,4333,5254,4994,4216,3551,3631,3662,3528,3246,3306,3273,3185,-25.4879,-1.05999,8.91258,48.144
77852,4160,3789,3334,3249,6328,4604,3705,3261,9426,5598,3891,3351,5846,4658,3655,3295,5.7017,-23.4585,8.85802,48.1
77853,3117,3181,3402,3386,3304,3527,3852,4066,3320,3881,4931,7008,3341,3993,5825,11614,21.6956,29.7316,8.71362,47.832
77854,3199,3418,3716,3825,3331,3627,4319,5545,3306,3690,5221,9983,3221,3727,4840,7136,9.6727,29.6665,8.9866,48.0693
77855,6138,4632,3607,3379,9749,5270,3806,3417,6072,4549,3740,3226,3996,3751,3487,3233,-6.94143,-32.9852,8.59059,48.0347
77856,3081,3274,3339,3485,3169,3539,3748,3974,3490,3853,4826,5982,3396,4040,6988,11717,27.6816,22.2614,8.78557,47.934
77857,3477,4712,8991,8766,3473,4251,5213,5285,3267,3518,3847,3892,3071,3184,3439,3376,-30.6233,14.7168,8.5799,47.8413
77858,3223,3581,4297,4415,3373,3691,5530,6800,3385,3986,5990,7658,3276,3670,4470,4899,1.66941,19.2904,8.90427,48.1627
77859,6891,7417,4602,3533,6222,6746,4248,3522,4167,4180,3733,3228,3510,3485,3295,3120,-16.9031,-13.3248,8.83043,47.9327
77860,3318,3987,5479,5850,3468,4313,7256,7257,3355,3857,4668,4908,3278,3578,3844,3749,-8.92154,15.4779,8.57409,48.11
77861,8523,9172,4966,3594,5365,5287,4113,3620,3891,3806,3653,3366,3347,3419,3201,3057,-30.2447,-13.956,8.58655,48.2533
77862,3462,3796,5648,10118,3367,3815,5026,7959,3240,3530,3958,4461,3157,3247,3384,3407,-18.1082,33.8979,8.89181,47.7167
77863,3177,3184,3396,3383,3374,3593,3874,3945,3634,4128,5408,5646,3608,4741,8722,8574,24.5017,14.8377,8.51815,48.258
77864,3209,3534,3979,3912,3555,3914,5452,5273,3680,4235,7415,6805,3475,3940,5023,5051,5.75727,14.0132,8.67341,48.3013
77865,3398,3471,3269,3142,4051,4164,3686,3366,5447,6747,4588,3588,6529,8176,4984,3714,18.0814,-10.5607,8.823,48.2133
77866,3630,3711,3266,3173,5139,4107,3486,3237,9772,5275,3752,3434,7708,5117,3757,3458,11.4743,-32.7162,8.90016,48.0147
77867,3406,3958,5249,5680,3529,4284,7210,7537,3387,3885,4906,5139,3271,3518,3746,3902,-8.19253,16.044,8.81275,48.4047
77868,3166,3307,3451,3362,3318,3536,3742,3980,3437,4060,5047,5641,3466,4192,7894,10487,33.3973,18.5889,8.60814,48.0573
77869,3179,3430,3936,3855,3480,3835,4919,4853,3599,4370,7563,6897,3580,4114,5408,5431,8.75431,13.5864,8.50059,48.2993
77870,3196,3431,3456,3235,3533,3796,3715,3467,4328,5009,4747,4041,5026,8899,7582,4421,32.4691,-2.1065,8.58957,47.9213
77871,8631,9026,4780,3582,5463,5527,3989,3666,3950,3826,3492,3179,3358,3371,3254,3073,-25.8197,-14.2272,8.56642,48.1113
77872,6586,9954,5969,3983,4786,5284,4346,3770,3661,3690,3613,3323,3313,3369,3334,3179,-29.1839,-8.29196,8.87116,48.1067
77873,4202,3883,3339,3198,6418,4831,3726,3364,8990,5747,3977,3361,5683,4622,3740,3369,5.39885,-21.6267,8.66413,48.3
77874,3579,3988,4507,4360,3760,4998,7431,5083,3623,4577,6286,4816,3446,3784,4169,3907,-2.09124,7.88969,8.89387,48.2093
77875,3690,4249,5466,4704,3699,4936,8078,5704,3563,4050,5213,4470,3297,3433,3717,3885,-7.36426,9.36608,8.67743,48.1027
77876,4089,6692,9533,5589,3837,4702,5013,4603,3437,3666,3887,3627,3272,3253,3446,3182,-32.674,4.90954,8.51405,47.8853
77877,5096,7540,5603,3999,4881,6712,5304,4023,3737,4302,3860,3489,3331,3545,3408,3166,-16.6276,-4.96417,8.53389,47.9973
77878,12260,6198,3858,3432,6562,4899,3868,3343,4156,3717,3403,3139,3471,3408,3277,3160,-25.4003,-27.1162,8.77363,48.1007
77879,3244,3433,3666,3708,3286,3637,4500,4673,3392,4255,6919,7915,3406,4042,5794,6408,11.3744,17.2722,8.78447,48.1853
77880,3460,3994,6017,12231,3328,3817,4769,6678,3300,3492,3828,4067,3122,3209,3362,3336,-24.2084,29.8698,8.84681,48.0067
77881,3034,3315,3390,3551,3208,3544,3965,4504,3336,3879,4985,8110,3318,3800,5857,10218,17.9826,27.3471,8.80447,48.0093
77882,3229,3582,4044,4211,3390,3772,5303,6314,3423,3997,6164,8241,3158,3749,4647,5094,3.63383,19.3052,8.68272,48.212
77883,4936,6444,4819,3873,5207,7884,5189,3876,4002,4628,3947,3556,3606,3671,3439,3382,-11.6987,-6.81942,8.80369,48.306
77884,3667,3503,3351,3208,4817,4047,3579,3279,9170,5276,3746,3385,8423,5278,3806,3405,13.6847,-27.9902,8.57778,47.96
77885,10056,6904,4134,3322,6915,5478,3993,3456,4197,3907,3464,3187,3382,3327,3276,3176,-20.1419,-20.4117,8.88282,48.116
77886,12114,6068,3950,3530,6427,4875,3713,3408,3951,3797,3463,3272,3302,3364,3344,3100,-25.0363,-29.2697,8.63275,47.7853
77887,3093,3359,3517,3552,3323,3523,4160,4868,3447,3896,5595,9091,3308,3857,5432,8304,13.8557,24.7261,8.93259,48.2167
77888,3788,3910,3629,3476,4434,5596,4579,3697,4932,7925,5535,3867,4380,4843,4253,3615,5.11413,-5.96221,8.74193,48.306
77889,3988,5555,9100,6506,3719,4326,6108,4925,3392,3582,3934,3858,3118,3342,3412,3306,-22.1113,8.72011,8.64769,48.114
77890,3405,3858,4878,5335,3483,4066,7055,7898,3379,3852,5077,5637,3218,3558,3866,3985,-5.81745,16.4727,8.89294,48.3667
77891,3967,4492,4208,3800,4615,7134,5510,3888,4494,6199,4973,3836,3733,4129,3978,3508,-2.27027,-3.90206,8.83696,48.3093
77892,10910,6842,4169,3442,6365,5033,3874,3474,4005,3810,3497,3258,3405,3455,3255,3186,-23.7973,-21.7736,8.59959,47.9867
77893,12251,6161,3905,3330,6441,4719,3731,3418,3959,3750,3408,3286,3388,3429,3312,3189,-25.1865,-27.3971,8.82837,47.7847
77894,3121,3212,3345,3359,3312,3481,3827,3883,3421,3787,5055,5842,3409,4245,7564,10805,29.417,19.7296,8.81862,47.7787
77895,6817,4952,3826,3415,9727,5607,3769,3360,5488,4469,3635,3157,3940,3721,3357,3201,-9.68802,-24.8243,8.77729,48.294
77896,6579,6936,4579,3635,6255,7011,4371,3535,4290,4392,3755,3310,3448,3494,3411,3147,-15.1823,-12.8827,8.5468,48.0987
77897,3429,3516,3337,3273,4040,4193,3572,3491,5572,6561,4623,3783,6383,8105,4890,3721,18.0331,-10.5787,8.50901,48.326
77898,3237,3413,3556,3619,3432,3818,4562,4072,3758,4970,7907,5619,3749,4662,6573,5332,12.3633,8.91293,8.91329,48.186
77899,11708,6017,3871,3351,6921,4849,3775,3379,4092,3943,3476,3204,3462,3397,3248,3021,-22.299,-28.7327,8.89281,47.8093
77900,3197,3562,3833,4027,3364,3905,5215,5481,3460,4104,7220,7422,3368,3838,5083,5186,5.78342,15.5717,8.98651,48.1767
77901,3713,5053,9663,7771,3562,4172,5251,5115,3288,3630,3747,3780,3115,3199,3311,3328,-29.118,12.1876,8.92263,47.7987
77902,6434,6644,4456,3500,6660,7207,4195,3673,4345,4412,3653,3438,3476,3648,3306,3197,-14.0353,-13.8738,8.52999,48.1627
77903,3416,4154,7117,11695,3375,3809,4944,6206,3087,3421,3814,4031,3076,3169,3340,3297,-25.7505,22.1418,8.99807,47.9673
77904,7816,5865,3947,3491,8234,5986,3974,3387,4668,4195,3691,3287,3620,3613,3326,3105,-13.9417,-20.1398,8.68096,48.1367
77905,3891,5727,10017,6414,3757,4491,5169,4810,3318,3607,3851,3858,3211,3320,3465,3310,-33.6977,7.89644,8.85383,48.144
77906,10663,6046,4024,3356,7461,5106,3897,3363,4317,3919,3454,3315,3403,3412,3283,3103,-20.0455,-25.2925,8.71826,48.0813
77907,3433,3882,6005,11066,3413,3815,5028,7415,3231,3376,3846,4151,3124,3248,3452,3463,-20.4163,28.2438,8.66027,47.9653
77908,4116,4305,3709,3320,5316,6382,4383,3533,5762,7229,4587,3516,4226,4438,3891,3536,1.42367,-10.5352,8.72208,48.166
77909,3311,3289,3243,3123,3980,3881,3393,3327,6200,5291,4059,3422,9715,7761,4415,3448,23.0938,-18.1881,8.6391,47.9053
77910,3207,3581,4092,4381,3461,3992,5801,6254,3416,4196,6511,6906,3316,3724,4516,4826,2.18231,16.285,8.64068,48.12
77911,3265,3416,3418,3211,3770,4086,3873,3535,4901,6809,5133,3930,5452,7825,5717,4072,17.2813,-5.69981,8.66129,48.2753
77912,3907,4497,5141,4320,3907,5628,7750,4931,3646,4548,5442,4250,3356,3721,3830,3645,-6.14443,5.13602,8.62644,48.346
77913,3227,3626,4426,4715,3495,3981,6046,7358,3313,3870,5547,6787,3310,3659,4307,4439,-1.17943,18.4627,8.75808,48.0707
77914,3133,3407,3521,3638,3230,3617,4301,4508,3600,4141,6539,7603,3495,4095,6374,7084,14.1889,16.7247,8.93835,48.1907
77915,5365,4387,3558,3296,9208,5071,3722,3426,7228,4789,3726,3391,4149,3995,3417,3299,-3.60505,-30.8327,8.57257,48.018
77916,3500,4095,6607,9887,3464,3875,5424,7118,3234,3519,3983,4229,3107,3314,3460,3588,-19.7336,21.4239,8.55663,48.2693
77917,3918,3953,3890,3459,4518,5984,4708,3683,5002,7501,5339,3917,4225,4704,4275,3672,3.19712,-6.09518,8.58401,48.4987
77918,3995,6104,9844,6115,3823,4443,5163,4535,3341,3779,3756,3783,3240,3240,3384,3366,-30.8882,6.88935,8.77894,47.9407
77919,3103,3330,3624,3774,3258,3526,4226,5305,3330,3804,5319,9808,3274,3853,5113,7350,11.2684,26.5727,8.95225,47.998
77920,3359,3969,5851,9048,3394,3878,5424,8186,3214,3434,4100,4764,3072,3276,3420,3525,-16.3769,24.0887,8.58876,47.9427
77921,3290,3523,4075,4468,3294,3776,5151,7271,3414,3880,5359,8527,3352,3587,4410,5026,2.24968,22.6228,8.8543,48.2687
77922,4672,6185,5211,4015,4824,7669,5903,3894,3995,4478,4192,3602,3542,3532,3518,3235,-11.8511,-4.09434,8.84539,48.3113
77923,3057,3363,3457,3271,3235,3470,3878,3923,3536,4093,5239,5601,3649,4718,8950,8776,25.7124,14.7895,8.75411,48.144
77924,4651,5649,4551,3806,5234,8205,5471,3788,4265,5037,4165,3724,3450,3795,3560,3269,-8.68108,-6.95324,8.58692,48.4133
77925,3521,3480,3319,3113,4074,4321,3668,3435,5817,7023,4538,3573,6537,7393,4710,3714,16.3741,-11.6701,8.69745,48.1573
77926,3885,4012,3510,3244,5135,5421,3928,3442,6399,7787,4495,3603,4871,5006,4034,3495,5.3894,-12.3354,8.67636,48.178
77927,3811,4754,5670,4528,4034,5832,7817,4896,3605,4209,4864,3962,3320,3524,3717,3564,-9.97501,4.53767,8.78379,48.0713
77928,3106,3385,3410,3467,3249,3595,4029,4122,3466,4249,6501,6332,3552,4506,7473,7381,17.5438,14.5788,8.81171,47.882
77929,3462,4230,7657,10930,3376,3895,4919,5744,3182,3424,3805,3998,3057,3316,3425,3487,-33.1934,19.7411,8.74374,47.938
77930,4158,5545,6396,4608,4016,5794,7338,4594,3649,4029,4364,3864,3208,3519,3469,3422,-12.9349,3.27709,8.72338,47.982
77931,3304,3364,3286,3192,3818,4005,3665,3335,5162,6061,4435,3732,6553,9038,5365,3892,21.2734,-9.28764,8.82106,48.138
77932,3262,3409,3546,3421,3475,3882,4458,3998,3742,5055,7571,5192,3806,4974,7034,5250,14.3338,7.93091,8.8053,48.05
77933,3750,5324,9737,7372,3683,4267,5334,5019,3241,3648,3858,3802,3090,3242,3334,3310,-27.9045,10.8626,8.88883,48.0073
77934,3081,3224,3399,3362,3232,3487,3786,3974,3518,3910,4961,5498,3646,4341,7915,10538,30.748,18.5356,8.81723,47.9147
77935,3193,3243,3371,3396,3273,3492,3883,4064,3486,3786,4860,6862,3470,3955,5876,11509,22.5189,28.9747,8.50495,47.8127
77936,7549,9593,5216,3723,5140,5241,4251,3581,3662,3938,3538,3210,3339,3416,3286,3287,-32.4179,-11.5752,8.70539,47.98
77937,3348,3352,3857,4042,3402,3699,4583,6431,3392,3716,5311,9863,3237,3739,4747,5640,6.0626,33.699,8.97215,48.2393
77938,3839,4398,4390,3954,4253,6308,6678,4281,3973,5342,5496,4160,3640,4005,3952,3680,-3.25165,0.727882,8.96573,48.2327
77939,3285,3346,3256,3314,3606,3655,3710,3669,4085,5076,5256,4213,4727,7669,8496,4991,25.1848,1.32702,8.55045,48.236
77940,3571,4407,7698,8276,3454,4250,5916,6272,3251,3579,4025,4056,3118,3330,3428,3437,-19.934,16.1954,8.55025,48.0453
77941,3238,3296,3462,3243,3738,3828,3813,3450,4622,5320,4525,3810,5822,9820,6305,4077,33.6381,-5.95964,8.93938,48.246
77942,3331,3455,3262,3194,3733,3679,3748,3276,4503,5321,4407,3820,5987,9862,6281,4056,30.0221,-6.44007,8.97404,47.9433
77943,3020,3235,3478,3320,3239,3422,3777,4093,3349,3971,4987,6696,3519,4136,6823,11249,23.0947,22.3198,8.76876,48.2093
77944,5408,4492,3540,3354,9549,5145,3766,3339,6729,4713,3724,3308,4163,3982,3476,3158,-4.35503,-33.7441,8.65792,47.8973
77945,3472,3974,6052,11982,3452,3739,4831,6425,3241,3370,3901,4021,3252,3285,3380,3385,-24.5308,32.9408,8.60418,47.8413
77946,10374,7892,4143,3461,5815,5064,3838,3458,3999,3842,3505,3197,3454,3376,3229,3094,-33.5703,-18.5789,8.58925,47.8273
77947,3424,3441,3341,3318,3664,4048,3874,3661,4611,6237,5258,4167,5068,7700,6396,4247,18.7171,-3.30804,8.63891,48.3033
77948,6626,4851,3808,3415,9504,5411,3845,3338,5871,4445,3608,3204,3868,3751,3307,3078,-8.71562,-27.0151,8.5313,47.9533
77949,3485,3567,3474,3231,4632,4240,3571,3329,8061,6041,3955,3487,7807,6221,3912,3467,14.256,-19.5731,8.72181,48.32
77950,3184,3285,3555,3579,3362,3632,4013,4543,3522,3979,5850,7886,3414,4013,6171,8290,15.7982,20.1729,8.52432,48.1853
77951,4640,4999,3868,3473,6220,7687,4545,3601,5200,5700,4134,3443,3948,3970,3598,3392,-5.03045,-11.8078,8.81766,48.2787
77952,3315,4098,6410,12256,3361,3868,4777,5909,3154,3404,3697,4057,3199,3288,3462,3446,-30.2215,24.8944,8.6524,47.8007
77953,3395,3507,3385,3200,3995,4091,3685,3400,5341,6805,4755,3778,5840,8111,5032,3837,17.6233,-8.89905,8.78701,48.1047
77954,3435,3371,3308,3322,3803,3615,3375,3337,5934,4620,3727,3315,12507,5946,3844,3435,33.6689,-32.6562,8.94388,47.2627
77955,3637,4788,8800,8766,3464,4122,5483,5637,3156,3525,3930,3934,3020,3296,3343,3342,-24.6009,14.6672,8.93648,48.162
77956,3208,3463,3328,3130,3780,3715,3703,3429,4522,5363,4572,3772,6131,9848,6151,4020,28.7598,-6.76028,8.58653,48.09
77957,11383,6137,3733,3379,7086,4975,3807,3419,4164,3833,3448,3181,3398,3304,3209,3125,-21.7964,-26.8843,8.99604,47.7207
77958,3485,3975,6764,11009,3480,3870,5007,6713,3293,3485,3812,4053,2979,3135,3439,3355,-22.867,22.7245,8.68448,47.9027
77959,4154,3895,3544,3158,6721,4741,3638,3243,9583,5392,3697,3352,5691,4503,3599,3259,5.05732,-25.9763,8.80079,48.1133
77960,3387,3906,5181,7845,3333,3790,5233,9618,3220,3495,4112,4913,3186,3328,3574,3655,-12.2715,32.2234,8.99295,47.8507
77961,5566,4786,3683,3258,8796,6101,3883,3468,6236,4910,3685,3435,4252,3892,3496,3289,-5.40919,-21.1473,8.67293,48.4907
77962,6895,4910,3686,3308,9887,5231,3865,3396,5467,4287,3593,3369,3884,3757,3302,3131,-9.57297,-31.6405,8.58173,47.9787
77963,4321,7033,9373,5387,3831,4775,5206,4414,3473,3702,3813,3625,3257,3388,3366,3312,-31.2929,3.90484,8.80188,48.184
77964,3168,3351,3391,3418,3366,3826,3981,3940,3637,4449,6481,5453,3731,5097,8456,6548,18.6135,10.5917,8.99918,48.1953
77965,3162,3369,3813,3921,3380,3570,4481,6070,3391,3706,5199,9998,3247,3666,4811,6311,7.51618,30.4068,8.88409,48.0633
77966,3372,3259,3269,3053,3888,3820,3475,3234,5796,4951,3930,3452,11371,7280,4142,3282,31.2313,-21.2814,8.92061,47.716
77967,3205,3278,3700,3764,3377,3689,4526,5316,3422,4038,5985,9111,3377,3879,5143,6587,9.80729,21.1268,8.63677,48.2647
77968,3342,3404,3251,3232,3872,3731,3417,3366,6043,4693,3736,3393,12353,5989,3933,3318,33.065,-31.1257,8.7261,47.382
77969,5078,8282,7028,4377,4405,5750,5264,4098,3717,3871,3771,3699,3288,3416,3243,3232,-21.5937,-2.23045,8.85324,48.346
77970,3346,3491,3452,3247,3664,4068,3984,3722,4472,6285,6050,4322,4627,6722,6303,4477,16.3627,-0.477416,8.87183,48.1547
77971,7572,6951,4333,3575,6869,6423,4130,3453,4295,4071,3669,3366,3591,3528,3251,3031,-16.1047,-16.386,8.90831,48.072
77972,3218,3364,3692,4054,3328,3677,4494,6155,3484,3848,5261,9882,3315,3734,4491,6341,7.34066,28.0235,8.58926,48.2253
77973,3393,3484,3065,3119,3854,3880,3459,3162,5842,5077,3821,3446,11300,7505,4100,3433,30.6996,-20.2743,8.84216,47.96
77974,3284,3376,3460,3329,3585,3750,3926,3635,4179,5464,5705,4284,4594,7096,7859,4977,20.3756,1.34301,8.79535,48.3353
77975,5316,9062,7260,4368,4535,5157,4680,3889,3539,3798,3731,3519,3289,3242,3407,3224,-31.7912,-2.9957,8.68604,48.0107
77976,9829,6909,4115,3504,7071,5365,3997,3431,4185,3899,3654,3153,3496,3427,3218,3103,-20.0976,-20.2481,8.902,48.2373
77977,3663,4801,8805,8878,3603,3939,5164,5262,3322,3468,3802,3912,3242,3244,3497,3357,-29.8588,14.6448,8.64791,47.9727
77978,3400,4282,7612,10789,3446,3888,5010,5900,3184,3671,3752,3981,3073,3250,3394,3329,-28.4417,20.1949,8.70596,47.974
77979,3460,3364,3257,3174,3904,3685,3451,3387,5841,4773,3755,3298,12729,5906,3953,3426,28.9335,-32.8601,8.85651,47.5753
77980,3496,3527,3254,3175,4379,4060,3619,3318,7526,5545,3882,3541,9067,6328,4066,3393,17.6405,-21.1083,8.56704,48.1173
77981,3770,4192,4615,4065,3951,5532,7374,4830,3683,4861,6222,4533,3441,3719,3997,3832,-3.09928,5.04153,8.78414,48.4113
77982,12483,6574,3981,3432,6119,4878,3841,3321,3990,3822,3502,3244,3402,3371,3224,3116,-28.4367,-24.6326,8.78697,48.2
77983,3221,3535,4060,4574,3286,3740,4824,7787,3391,3780,5002,8756,3326,3631,4235,4983,1.5094,29.806,8.89033,48.0873
77984,6239,8492,5171,3782,5340,6675,4668,3714,3886,4183,3741,3393,3410,3510,3398,3086,-18.6065,-9.52597,8.88803,48.4587
77985,3944,3877,3362,3190,5715,4857,3792,3441,8639,6448,4046,3395,5795,4899,3776,3336,6.66558,-19.5433,8.87379,48.3413
77986,3122,3468,4034,4291,3263,3748,4613,6709,3341,3826,5343,9410,3224,3703,4522,5596,4.63212,24.9634,8.90122,48.142
77987,3616,4313,5323,4860,3592,4837,8077,5881,3521,4132,5232,4525,3283,3560,3857,3677,-7.31488,10.1467,8.65313,48.1907
77988,3678,4980,9565,7885,3549,4216,5474,5184,3379,3541,3843,3876,3069,3170,3430,3427,-26.0284,12.325,8.9233,48.1773
77989,3033,3194,3322,3388,3149,3459,3750,4032,3357,3808,4929,6372,3358,3917,6208,12392,25.606,26.7102,8.8609,47.7787
77990,3189,3224,3479,3585,3375,3596,4204,4499,3387,4239,6466,7299,3525,4224,6455,7383,14.7407,17.0514,8.66714,48.086
77991,3060,3257,3299,3429,3201,3430,3779,3983,3477,3874,4797,6643,3445,4009,6381,11696,24.0407,24.8215,8.80943,47.84
77992,4101,5556,6390,4529,4031,5794,7363,4693,3586,4120,4286,3840,3287,3383,3555,3382,-13.6424,3.35893,8.7202,47.9307
77993,8437,8366,4576,3584,5926,5711,4101,3496,4087,3882,3504,3244,3487,3492,3255,3083,-22.0284,-15.0093,8.86727,48.154
77994,3593,3981,3893,3523,4179,5609,5308,3985,4473,6843,6251,4194,3927,4547,4340,3749,3.11336,-1.49705,8.91917,48.2633
77995,3931,4790,6953,5275,3836,5042,7406,5412,3573,3847,4349,4054,3189,3427,3530,3441,-13.5725,7.8341,8.51999,48.0367
77996,7492,5174,3798,3389,9373,5629,3716,3259,5104,4310,3620,3360,3767,3654,3243,3133,-11.5852,-24.4983,8.58655,48.014
77997,3203,3592,4148,4797,3318,3815,5058,8108,3327,3701,5352,8389,3238,3579,4191,4732,0.351275,24.6228,8.96548,48.3653
77998,3256,3575,4223,4974,3382,3846,4919,8728,3412,3806,4882,7876,3218,3521,4112,4531,-1.13787,31.9266,8.99292,48.174
77999,12256,5995,3942,3367,6134,4813,3892,3371,3785,3768,3480,3250,3250,3422,3311,3161,-27.3946,-31.9784,8.68489,47.4647
78000,12578,6224,3977,3387,6274,4807,3750,3413,3977,3772,3423,3267,3479,3353,3103,3087,-26.3165,-28.03,8.86117,47.914
78001,3475,3620,3353,3047,4015,4305,3767,3522,5760,7169,4624,3678,6081,7353,4722,3753,15.4997,-10.4096,8.57187,48.1627
78002,9524,8045,4479,3553,6010,5488,4024,3481,3934,3926,3460,3220,3298,3349,3286,3044,-23.5955,-17.5445,8.65831,48.0807
78003,3169,3363,3311,3349,3482,3769,3729,3605,4002,4818,4983,4226,4670,7973,8764,4918,31.3777,1.07615,8.72831,48.0873
78004,3510,3916,6176,12503,3492,3789,4633,5813,3377,3464,3780,3867,3177,3200,3314,3242,-31.8225,33.5812,8.64643,47.502
78005,3544,3487,3295,3053,4285,4052,3583,3282,7474,5752,3970,3407,9066,6553,4044,3415,17.902,-20.1904,8.88875,48.1747
78006,3362,3322,3298,3080,4021,3836,3483,3299,6513,4882,3844,3310,12272,6026,3917,3435,25.175,-29.4451,8.95345,47.9333
78007,3470,3770,4239,4047,3622,4435,6652,5143,3711,4634,7233,5589,3446,3967,4505,4246,0.884112,9.97511,8.97825,48.4727
78008,3173,3274,3339,3271,3705,3756,3699,3552,4377,5227,4829,3985,5453,9244,7043,4264,26.0323,-3.39657,8.85673,48.1273
78009,3411,3371,3332,3107,3895,3710,3474,3312,6093,4731,3823,3373,12690,6127,3896,3335,29.0072,-27.7391,8.80523,47.7867
78010,4903,4959,3936,3477,6609,7389,4387,3522,5331,5677,3948,3412,4058,3940,3608,3279,-4.48698,-13.5099,8.85222,48.29
78011,4755,4986,4022,3503,6090,7921,4719,3608,4882,5716,4078,3444,3938,3929,3654,3320,-5.53372,-11.0303,8.90516,48.3767
78012,9191,6831,4274,3389,7070,5570,4005,3482,4298,3817,3500,3178,3439,3481,3264,3155,-18.8714,-19.913,8.73041,47.9627
78013,3846,5667,9736,6664,3574,4300,5284,4835,3421,3700,3779,3844,3138,3333,3390,3328,-32.805,9.00311,8.69885,47.8927
78014,3214,3273,3326,3282,3402,3707,3747,3655,3782,4828,5633,4505,4262,6570,9298,5624,23.4214,4.88634,8.65437,48.072
78015,3432,3913,6126,12544,3404,3804,4818,6135,3213,3524,3831,3932,3135,3186,3378,3458,-28.418,26.7496,8.62991,47.8887
78016,3632,4135,5199,4693,3652,4941,8141,5837,3520,4141,5270,4610,3330,3558,3894,3773,-6.96568,9.36017,8.77113,48.2173
78017,4861,7134,6316,4231,4475,6525,5706,4098,3803,4043,3921,3616,3295,3470,3351,3336,-16.8029,-2.45671,8.77998,48.1207
78018,3424,3890,6129,12501,3419,3824,4766,6053,3251,3351,3750,3873,3178,3305,3366,3331,-30.5987,31.658,8.67489,47.6073
78019,3393,3469,3203,3110,4030,4046,3614,3277,5954,6258,4285,3573,7553,8008,4730,3599,19.4622,-13.8749,8.72655,48.068
78020,3306,3948,6225,12551,3294,3686,4771,6012,3187,3425,3802,3915,2997,3176,3490,3400,-32.1963,26.3656,8.80213,47.4567
78021,3304,3846,5002,7712,3471,3834,5265,9671,3146,3665,4162,5172,3178,3320,3517,3676,-11.4573,30.5079,8.80126,47.9607
78022,11746,7048,4036,3392,6124,4832,3775,3366,3937,3817,3445,3203,3356,3519,3225,3155,-27.6663,-22.7307,8.63514,47.984
78023,3424,3889,6005,11424,3397,3856,4874,6935,3208,3566,3774,4165,3014,3261,3452,3461,-22.2038,32.0281,8.511,47.8033
78024,3080,3199,3285,3428,3198,3387,3814,3983,3271,3747,4751,6091,3482,3919,6233,12679,27.991,27.1443,8.98338,47.698
78025,5145,4328,3560,3192,8857,5251,3837,3332,7539,4941,3719,3242,4561,4049,3597,3308,-1.9037,-27.006,8.51773,48.3053
78026,3865,4550,5304,4290,4106,6025,7872,4703,3772,4455,4980,4165,3369,3663,3761,3496,-7.88957,3.5264,8.91752,48.2507
78027,3418,4041,5340,5363,3632,4405,7623,6665,3383,3776,5016,4950,3280,3560,3860,3790,-7.68627,13.5075,8.60474,48.068
78028,3450,3412,3283,3067,3894,3822,3513,3152,5853,5207,3917,3473,10447,7867,4275,3558,25.0257,-18.9074,8.97997,48.1267
78029,3147,3250,3730,3742,3408,3781,4294,4618,3439,4098,6916,7566,3549,4175,6035,6773,12.4844,16.6722,8.96326,48.3473
78030,10315,5713,3925,3296,8240,5067,3847,3333,4502,3965,3455,3146,3482,3455,3316,3114,-18.0602,-27.5301,8.89043,48.114
78031,3337,3600,4201,4726,3378,3920,5920,7629,3307,3951,5512,7247,3208,3505,4195,4555,-0.947214,19.9083,8.83681,48.1273
78032,3569,3878,3702,3421,4083,5154,4652,3782,4673,7589,5913,3981,4161,5129,4515,3754,6.62788,-3.58383,8.59628,47.9707
78033,4598,4431,3775,3237,6600,6624,4200,3514,6129,6262,4073,3383,4230,4224,3628,3264,-1.38033,-15.205,8.66038,48.1147
78034,3295,3627,3692,3499,3584,4206,4658,4031,4032,5897,7741,4823,3942,5051,5808,4614,10.6833,4.0004,8.79435,48.3333
78035,3030,3189,3380,3200,3255,3537,3783,3899,3394,3766,4925,6179,3409,4045,6511,11986,26.3645,23.9572,8.84793,47.6587
78036,3373,3817,4862,5247,3582,4233,6855,7384,3488,3890,5185,5475,3317,3483,4109,3983,-5.53552,15.7558,8.53214,48.1887
78037,3948,5756,9272,6178,3621,4591,5723,4806,3489,3752,3864,3751,3109,3316,3285,3321,-22.873,7.86819,8.56412,47.8547
78038,3645,3454,3274,3032,4788,4133,3603,3347,8946,5364,3892,3339,8644,5552,3769,3273,14.4794,-25.4902,8.58307,48.0367
78039,3430,4091,6314,8591,3419,3973,5825,7731,3228,3492,4205,4486,3021,3289,3475,3511,-16.1471,20.3647,8.70608,48.054
78040,9693,5989,3880,3276,7916,5333,3785,3429,4264,3972,3512,3128,3529,3434,3374,2995,-17.0962,-24.1027,8.98058,47.6727
78041,3356,3771,4310,4347,3531,4224,6775,5781,3628,4246,6641,5978,3354,3761,4293,4411,0.116827,12.9903,8.97148,48.2713
78042,10992,7103,4103,3434,6379,4991,3922,3424,4003,3844,3528,3241,3403,3415,3242,3128,-24.4642,-21.5575,8.7422,48.1013
78043,3135,3124,3481,3416,3299,3501,3945,4328,3201,3844,5079,7683,3318,3904,5771,10682,19.5674,29.6926,8.61071,47.8073
78044,4048,4640,4298,3676,4623,7293,5848,3960,4231,5767,5078,3896,3636,3926,3908,3533,-3.79014,-3.12637,8.98559,48.2407
78045,3526,4218,7557,10788,3466,3871,5007,6134,3068,3533,3817,3875,3163,3210,3377,3345,-25.2159,19.888,8.98734,47.97
78046,4264,3889,3401,3164,6637,4606,3794,3296,9631,5266,3833,3403,5725,4327,3595,3291,4.88268,-29.3434,8.59727,48.0813
78047,3566,3609,3755,3583,3754,4538,5075,4027,3929,5979,7692,4761,3924,4559,5304,4157,7.49491,3.88382,8.65377,48.1413
78048,3458,3513,3370,3097,4140,4343,3750,3432,6229,6889,4305,3647,6469,7254,4628,3717,15.5795,-12.7331,8.60967,48.1607
78049,3063,3317,3385,3537,3227,3418,3974,4439,3328,3915,5142,7923,3426,3848,5760,10594,18.8206,28.8411,8.89012,48.1973
78050,3345,3396,3166,3136,3950,3758,3409,3239,6216,4709,3749,3342,12541,6078,3855,3357,27.0513,-27.994,8.92673,47.4973
78051,3311,3853,5152,7911,3312,3774,5249,9624,3349,3656,4140,5059,3091,3362,3553,3601,-12.3424,31.0377,8.80546,47.998
78052,3335,3289,3245,3028,3970,3890,3507,3262,7036,4988,3792,3423,11885,5845,3965,3423,22.7542,-29.8286,8.70769,47.922
78053,3189,3419,3715,3943,3278,3613,4350,5455,3375,3891,5447,9975,3395,3782,4885,6763,9.41468,26.8665,8.77635,48.3167
78054,3199,3370,3377,3392,3242,3676,4017,3895,3688,4444,6504,5329,3907,5126,8396,6452,19.2339,10.1833,8.5749,48.0093
78055,3437,3893,5237,7179,3388,3974,5678,9189,3199,3603,4408,5095,3189,3435,3622,3779,-11.0135,23.2371,8.67103,48.2033
78056,3384,3704,4176,4272,3530,4243,6039,5870,3327,4367,6803,6273,3435,3789,4487,4477,1.86803,13.7847,8.54258,48.1173
78057,3520,4251,7122,8848,3392,4076,5666,6670,3321,3507,4116,4275,3113,3207,3364,3532,-19.6346,18.1656,8.58097,47.9867
78058,3531,3571,3383,3256,4299,4482,3779,3489,6209,7683,4525,3669,5884,6547,4436,3558,12.9218,-11.5184,8.68557,48.2007
78059,3328,3553,3344,3110,3765,3947,3657,3382,5086,5248,4299,3567,6796,9933,5365,3927,32.2154,-9.59328,8.76396,48.2047
78060,3239,3610,4276,4803,3392,3837,5519,7963,3301,3711,5263,7450,3240,3593,4088,4720,-1.38403,21.8846,8.82096,48.0033
78061,3124,3330,3427,3411,3377,3713,4088,3896,3709,4640,6528,5241,3711,5376,8495,6177,19.0032,9.03306,8.54649,48.162
78062,3217,3259,3404,3225,3624,3806,3797,3579,4412,5581,5080,4141,5031,8413,7184,4416,22.3708,-2.59405,8.8124,48.1127
78063,5539,9224,6302,4193,4613,5797,4841,3812,3749,3865,3771,3455,3366,3425,3239,3097,-22.1647,-5.6738,8.90702,48.192
78064,3604,4486,8188,9913,3421,3986,5064,5688,3194,3459,3882,4088,3031,3269,3380,3443,-30.6585,17.7841,8.56851,48.064
78065,3381,3341,3195,3100,3877,3760,3510,3152,6087,4848,3710,3349,12691,6203,3949,3338,28.1956,-27.8717,8.77553,47.6607
78066,3316,3672,3845,3743,3721,4516,5035,4151,4049,5684,7927,4943,3781,4484,5342,4496,7.28856,4.84396,8.89034,48.47
78067,6449,9029,5479,3981,5025,6126,4479,3803,3707,3901,3752,3283,3298,3357,3369,3118,-21.467,-8.56414,8.62135,48.104
78068,3286,3304,3334,3177,3888,3842,3576,3211,5061,5588,4480,3685,6733,9583,5540,3822,24.0039,-8.94797,8.76701,48.0733
78069,3639,5132,9812,7809,3567,4090,5286,5230,3346,3621,3821,3867,3257,3168,3378,3343,-31.6591,11.7771,8.8741,48.244
78070,3128,3268,3400,3313,3402,3640,3812,3649,3773,4452,5278,4731,4094,6257,9702,6048,29.2226,6.58823,8.71255,47.9647
78071,3261,3334,3888,4203,3359,3593,4772,7146,3330,3768,5123,9434,3218,3592,4469,5504,3.91601,31.3963,8.69932,47.996
78072,3312,3951,5204,7068,3493,3751,5793,9443,3299,3499,4505,5130,3112,3351,3693,3719,-10.9863,22.4721,8.91322,48.2153
78073,3318,3816,4123,3947,3679,4736,6394,4712,3705,5030,7327,4914,3594,4004,4520,4271,2.12812,7.00253,8.88609,48.06
78074,3100,3243,3421,3357,3274,3419,3725,3863,3352,3790,4806,6006,3417,3773,6093,12692,29.4508,30.8566,8.81701,47.554
78075,3401,4017,6356,10713,3232,3815,5144,7353,3185,3425,3889,4223,3081,3232,3429,3439,-20.1257,23.1514,8.96174,47.956
78076,9582,8399,4655,3426,5583,5237,3979,3411,3930,3845,3518,3229,3409,3316,3295,3070,-26.5638,-16.7774,8.84412,47.9227
78077,6569,4753,3760,3345,10100,5264,3683,3425,5667,4434,3599,3309,3935,3682,3304,3134,-8.06721,-29.826,8.8273,47.9753
78078,3029,3309,3383,3359,3387,3574,3865,3929,3507,4081,5603,5726,3658,4656,8478,8584,23.6186,14.8871,8.56173,48.0853
78079,3179,3791,4442,4993,3274,3892,5772,8213,3344,3826,5335,7096,3230,3527,4111,4482,-1.8402,21.5903,8.65694,48.338
78080,3137,3236,3391,3467,3333,3564,3954,4230,3299,3979,5289,7170,3387,4046,6584,10154,19.9941,21.3358,8.99223,48.1467
78081,3211,3294,3404,3476,3342,3575,3803,4021,3350,3952,4883,5716,3421,4167,7262,11165,29.7259,21.1545,8.5142,48.028
78082,4895,5771,4383,3706,5807,8288,4999,3761,4333,4891,3994,3542,3702,3699,3507,3301,-9.51066,-9.22421,8.97176,48.386
78083,3228,3296,3290,3333,3291,3719,3841,3679,3826,4662,5301,4556,4123,6321,9836,5870,27.8267,5.83745,8.67627,48.1147
78084,3394,3850,5985,12804,3298,3606,4690,6086,3261,3489,3751,3978,3110,3153,3328,3446,-32.8444,30.071,8.99062,47.486
78085,3439,4269,7189,9938,3389,3989,5451,6604,3291,3430,3987,4053,3156,3127,3326,3376,-21.139,19.6474,8.80961,48.0093
78086,3142,3465,3877,4234,3346,3712,4860,6442,3393,3890,5652,9165,3405,3696,4543,5672,5.0857,22.3712,8.54758,48.3293
78087,3576,3481,3273,3138,4600,4012,3511,3250,8593,5333,3817,3310,9146,5705,3945,3353,15.6089,-24.4931,8.95559,48.0287
78088,3410,3970,6229,12330,3340,3760,4876,6129,3256,3424,3837,4002,3043,3152,3362,3444,-32.2365,25.8565,8.64831,47.7093
78089,3393,3956,4890,7701,3461,3767,5356,9617,3267,3461,4210,5203,3255,3284,3559,3611,-11.7,33.7413,8.98381,47.994
78090,3642,4534,6709,5537,3650,4812,7715,6088,3398,3836,4538,4272,3156,3440,3525,3597,-12.8483,10.5973,8.7443,48.2993
78091,3395,3434,3282,3065,4064,3903,3441,3240,6779,5276,3933,3397,10203,7252,4329,3365,21.9681,-20.1931,8.71692,48.2387
78092,3114,3116,3394,3384,3154,3373,3818,3909,3307,3900,4986,6106,3374,3958,6648,12086,26.4997,23.9609,8.88067,47.7513
78093,5739,4577,3697,3329,9501,5193,3792,3439,6519,4669,3679,3295,4207,3918,3483,3087,-4.93867,-31.6481,8.52547,48.0827
78094,3140,3259,3396,3365,3190,3647,3858,3964,3331,4059,5434,5579,3651,4663,8982,8605,25.0189,14.6302,8.87629,48.082
78095,3161,3377,3411,3447,3193,3562,4035,3986,3472,4167,5849,5803,3682,4652,8205,8138,21.1997,14.4452,8.58797,48.0933
78096,3443,3986,6000,12642,3398,3724,4630,6075,3279,3316,3673,3812,3208,3206,3410,3394,-30.8583,31.2467,8.87674,47.464
78097,3289,3486,4078,4577,3345,3754,4789,8014,3389,3741,5060,8838,3229,3557,4268,5076,1.11745,29.1601,8.6735,48.3267
78098,3312,3462,3232,3079,3829,3846,3510,3421,4913,5231,4379,3641,6674,10064,5508,3809,30.479,-9.08439,8.58669,47.94
78099,5370,5692,4262,3614,6533,7946,4605,3528,4647,4880,3835,3429,3669,3657,3410,3311,-9.50962,-12.2598,8.70971,48.2587
78100,3107,3256,3521,3514,3247,3527,4107,4646,3299,3808,5202,8857,3328,3892,5417,9479,15.8711,31.4299,8.9538,48.138
78101,3189,3395,3456,3327,3522,3861,3948,3845,3761,4959,6741,4951,3987,5681,8173,5646,18.3862,6.82813,8.52944,48.2947
78102,3062,3233,3581,3657,3243,3711,4064,4962,3343,3830,5223,9330,3363,3879,5266,8018,13.0218,32.4386,8.51795,47.8433
78103,3226,3536,4109,4941,3449,3668,5081,8477,3305,3694,4977,8105,3294,3595,4163,4781,-0.61293,29.5532,8.56405,48.2673
78104,3386,3437,3216,3093,4048,4088,3457,3330,6238,5827,4278,3564,8330,7672,4418,3482,19.6473,-15.677,8.5993,47.9093
78105,3304,3434,3783,3636,3616,4051,4917,4392,3813,5014,8268,5669,3644,4426,5757,4906,9.3096,8.55032,8.95477,48.42
78106,3778,3579,3418,3132,5121,4330,3622,3289,9452,5478,3859,3261,7446,5065,3803,3341,11.3371,-25.0539,8.96811,47.9827
78107,3216,3483,3471,3455,3321,3828,4167,3772,3813,4917,6793,4955,4065,5541,7906,5506,17.7929,6.60759,8.56623,48.1393
78108,3448,3576,3496,3229,4166,4385,3857,3538,5595,7683,4853,3736,5406,6888,4853,3725,13.2542,-9.36686,8.69174,48.2893
78109,3208,3722,4335,4569,3410,4027,5995,6600,3410,4113,6193,6700,3345,3663,4267,4718,0.330579,16.3897,8.67746,48.1833
78110,3360,3901,5934,11430,3405,3734,4975,7305,3306,3435,3823,4122,3277,3242,3356,3318,-20.9522,28.4194,8.80023,47.9487
78111,3236,3620,3527,3340,3716,4084,4170,3790,4189,6078,6798,4634,4242,6053,6415,4663,14.5951,1.74363,8.66185,48.37
78112,3909,4244,3988,3640,4417,6267,5430,4125,4256,6371,5786,4080,3888,4326,4051,3704,0.535012,-2.20774,8.59939,48.3213
78113,3160,3301,3318,3427,3337,3511,3846,3931,3461,4092,5129,5532,3553,4488,8508,9579,31.5628,16.28,8.50079,48.1153
78114,3390,3838,5134,8579,3487,3932,5192,9250,3197,3628,4229,4897,3141,3313,3470,3622,-13.771,31.5061,8.77723,48.1993
78115,3423,3356,3209,3030,3923,3811,3377,3157,6302,5088,3937,3460,10992,7215,4169,3467,25.3279,-21.091,8.62964,47.944
78116,3163,3476,3958,4191,3414,3740,4726,7060,3334,3727,5138,9229,3319,3738,4359,5368,3.65245,32.3268,8.88242,47.96
78117,3171,3377,3419,3200,3549,3870,3803,3396,4209,5171,4838,3978,4957,8690,7770,4690,26.7772,-1.55717,8.56741,48.0587
78118,5323,6273,4434,3703,5972,7833,4862,3756,4304,4786,3887,3360,3625,3627,3405,3181,-11.0874,-10.0055,8.64214,48.2207
78119,3388,3346,3192,3157,3924,3838,3421,3251,6330,4875,3684,3374,12273,6312,4123,3437,26.1765,-26.0552,8.82984,47.95
78120,3589,4573,8498,9545,3421,4120,5242,5570,3207,3474,3777,3894,3065,3166,3507,3249,-26.9363,16.8602,8.75695,47.9313
78121,3252,3308,3469,3534,3426,3833,4423,4434,3604,4549,7068,6384,3577,4369,6662,6339,14.1276,13.1894,8.54774,48.154
78122,3328,4010,7052,11471,3410,3796,4959,5996,3245,3386,3838,4027,3145,3312,3413,3493,-33.9772,21.5207,8.59043,47.9207
78123,4592,4362,3659,3323,6425,6554,4216,3561,6170,6045,4056,3526,4485,4289,3703,3276,-1.44802,-15.0056,8.8133,48.1613
78124,3341,3858,6191,11974,3244,3816,4877,6509,3165,3424,3887,4111,3078,3315,3389,3311,-24.0938,27.4951,8.7012,47.66
78125,3554,3448,3276,3149,4416,3925,3481,3245,7937,5077,3841,3476,10219,5608,3963,3330,18.118,-29.9729,8.71557,47.9633
78126,4232,6554,9678,5821,3868,4558,5388,4651,3312,3696,3824,3708,3271,3248,3405,3287,-26.7845,5.43245,8.73564,48.334
78127,4110,6574,9510,5972,3817,4729,5465,4676,3442,3675,3710,3762,3142,3338,3303,3388,-25.9425,5.60994,8.57562,48.4087
78128,4848,4232,3495,3328,8505,5013,3762,3424,7782,4941,3788,3365,4562,3988,3581,3256,-1.20736,-33.3965,8.70753,47.9133
78129,7484,5596,3976,3362,8865,6085,4051,3342,4808,4347,3579,3178,3614,3497,3266,3086,-12.7689,-21.1266,8.95223,48.0907
78130,3378,3947,6249,12213,3320,3865,4727,6128,3087,3370,3894,3967,3136,3313,3367,3439,-33.7825,25.9644,8.5227,47.6
78131,3272,3289,3316,3232,3448,3608,3892,3704,3890,4896,5148,4545,4301,7092,9211,5342,28.3175,3.44522,8.72248,48.124
78132,3415,3888,4124,4044,3717,4536,6664,5023,3688,4725,7483,5206,3409,3952,4402,4123,1.29603,8.44678,8.83178,48.266
78133,3153,3457,3747,4037,3295,3629,4682,5934,3306,3879,5832,9301,3337,3846,4686,5985,6.68841,22.6022,8.9867,48.0707
78134,3661,4883,8907,7803,3579,4187,5722,5458,3327,3554,3903,3970,3068,3311,3527,3410,-22.3321,13.0211,8.71541,48.18
78135,3248,3452,4406,5191,3280,3714,5126,9186,3264,3792,4857,7305,3267,3479,3953,4327,-3.25098,26.351,8.83239,47.898
78136,3323,3346,3367,3059,3921,3816,3565,3233,5657,5027,3885,3454,10407,7854,4375,3455,28.4788,-18.6198,8.75801,47.8293
78137,5407,4503,3578,3236,9473,5180,3767,3341,6753,4620,3704,3365,4217,3988,3483,3166,-4.2882,-33.208,8.87367,47.854
78138,3569,4881,9348,8019,3520,4030,5321,5159,3296,3487,3908,3993,3110,3383,3379,3403,-26.7477,13.0478,8.74862,47.8707
78139,3342,3317,3357,3151,3953,3739,3552,3310,5627,5111,4005,3523,9581,8587,4435,3530,28.7178,-16.3024,8.68457,48.08
78140,3390,3396,3213,2991,4097,3868,3636,3244,6675,5065,3843,3390,10884,6573,4104,3614,22.0955,-22.6858,8.65167,47.9887
78141,4435,4034,3549,3254,7666,4785,3695,3327,8992,4870,3772,3312,5152,4412,3591,3170,2.18129,-29.85,8.78611,48.0107
78142,3920,5097,6653,5044,3862,5285,7630,5153,3550,3967,4408,4068,3220,3376,3626,3530,-13.3129,6.03117,8.70462,48.2593
78143,3596,3779,3617,3517,4051,5071,4744,3732,4358,7228,6484,4179,4232,4871,4842,3820,6.41708,-1.66524,8.64024,48.0807
78144,3279,3652,4455,5443,3407,3745,5061,9208,3358,3700,4690,7058,3131,3552,3922,4288,-3.65674,31.779,8.64017,47.966
78145,4039,5230,6842,4981,3838,5536,7391,5009,3568,4071,4366,3805,3311,3384,3534,3431,-14.2302,5.16531,8.61092,48.224
78146,3315,3623,4555,5548,3285,3777,5470,9211,3400,3699,4733,6624,3174,3560,4027,4264,-4.64275,24.9062,8.52421,48.1767
78147,3293,3357,3262,3166,3980,3875,3531,3214,6538,4736,3835,3336,12405,5981,4012,3434,24.2654,-31.6842,8.90916,47.97
78148,3172,3315,3313,3351,3326,3529,3792,3866,3423,4044,5104,5279,3517,4674,9290,9094,30.7307,14.8874,8.9645,48.0593
78149,5577,8278,5613,3924,4893,6812,4887,3892,3893,4145,3878,3476,3370,3433,3281,3145,-17.8858,-6.63788,8.80953,48.3313
78150,3235,3406,3446,3275,3503,3884,4038,3739,3942,5141,6534,4683,4165,5843,7942,5154,17.6971,4.49338,8.60394,47.9533
78151,3124,3367,3417,3283,3370,3659,3809,3902,3634,4201,5247,5134,3583,4957,9254,8164,28.6475,12.951,8.82501,48.07
78152,3056,3214,3373,3506,3131,3397,3963,4167,3466,3826,5139,7233,3320,4072,6442,10731,21.4808,23.5917,8.53635,48.024
78153,5686,4635,3629,3264,9546,5803,3849,3424,6355,4773,3750,3298,4211,3812,3404,3061,-5.56443,-22.9944,8.95348,48.3333
78154,3432,3876,6017,10563,3351,3818,5045,7712,3228,3462,4041,4263,3105,3182,3425,3446,-19.6003,26.4902,8.83564,47.9773
78155,4672,4158,3558,3241,7982,5012,3676,3298,8435,5245,3790,3291,4873,4157,3542,3270,0.798748,-24.5281,8.83009,48.1333
78156,6213,5832,4128,3437,7519,6959,4206,3566,4705,4627,3750,3261,3791,3582,3425,3148,-10.8113,-16.0475,8.59156,48.0993
78157,3437,4128,6319,8479,3402,3990,5940,7581,3283,3614,4156,4468,3225,3368,3497,3560,-16.0985,19.9614,8.80104,48.298
78158,6250,6702,4547,3624,6348,7284,4465,3569,4334,4419,3604,3387,3506,3684,3460,3188,-13.8155,-13.0115,8.51775,48.2473
78159,3364,3531,4354,5099,3313,3737,5181,8996,3380,3717,4870,7661,3192,3476,4084,4467,-1.89168,30.5849,8.8851,48.2813
78160,4425,5573,5224,4263,4536,7205,6623,4188,3855,4500,4583,3756,3397,3535,3544,3501,-10.4692,-1.20436,8.96458,48.472
78161,3093,3123,3570,3567,3311,3577,4117,4331,3387,4126,5980,7449,3480,4122,6495,8544,16.7017,19.3214,8.60555,48.1813
78162,6060,4597,3619,3324,9408,5750,3929,3311,6131,4623,3693,3390,4041,3753,3346,3218,-6.3794,-23.5208,8.81687,48.1287
78163,3914,4585,4719,3989,4290,6680,6678,4271,4135,5210,5198,4057,3570,3931,3821,3477,-4.62718,-0.0123702,8.72265,48.35
78164,3114,3365,3568,3454,3378,3710,4381,4306,3508,4411,7307,6389,3521,4499,6947,6413,14.738,12.8797,8.9441,48.1807
78165,3656,3511,3327,3115,4914,4379,3664,3246,8596,6178,3942,3423,7170,5658,3960,3312,12.134,-20.4493,8.54376,48.034
78166,3169,3242,3310,3406,3142,3493,3935,3952,3459,3917,5118,5816,3481,4161,7829,10442,26.2844,19.0333,8.67541,47.9147
78167,3879,4692,5081,4156,4256,6104,7530,4632,3801,4736,4982,3869,3407,3612,3713,3537,-7.30756,2.5916,8.65204,47.9913
78168,3491,4008,4572,4110,3676,5044,7249,5057,3652,4654,6496,4890,3544,3838,4156,3920,-1.86266,7.66949,8.67548,48.238
78169,3278,3457,3925,3976,3459,3908,5178,5179,3510,4386,7567,7178,3489,3945,5000,5060,6.59985,14.518,8.85772,48.33
78170,8087,7102,4297,3447,6814,6100,4086,3538,4312,4178,3619,3227,3428,3527,3181,3133,-17.4346,-16.902,8.87772,48.0507
78171,3526,3952,4272,3926,3762,5304,6751,4572,3832,5212,6896,4556,3609,3943,4286,3910,0.201339,4.55439,8.81978,48.206
78172,10939,6089,3936,3435,7120,5070,3896,3380,4214,3934,3530,3065,3417,3495,3170,3096,-20.8012,-26.0396,8.54288,47.8573
78173,4075,3781,3427,3092,6120,4486,3687,3195,9589,5657,3860,3348,6228,4833,3742,3295,6.98491,-24.4239,8.94339,48.2767
78174,3169,3211,3461,3459,3320,3585,4015,4150,3480,4278,6078,6616,3506,4468,7246,8057,18.3688,16.3619,8.66427,48.066
78175,10257,5792,3959,3436,7945,5105,3891,3359,4410,4029,3548,3159,3460,3472,3309,3078,-17.9754,-26.6778,8.88531,48.1393
78176,8755,9101,4616,3710,5395,5211,4041,3468,3856,3865,3500,3258,3241,3433,3174,3174,-32.8657,-14.4903,8.97614,47.8653
78177,3731,4330,4766,4157,3987,5786,7648,4821,3806,4670,5755,4191,3575,3694,3990,3696,-4.34592,4.41103,8.8849,48.402
78178,3284,3263,3319,3234,3949,3831,3430,3245,5880,4827,3780,3402,12242,6741,4126,3331,30.7759,-23.6265,8.83083,47.9227
78179,3267,3260,3321,3248,3309,3440,3849,3969,3390,3780,4690,5739,3429,4026,5974,12480,29.8116,32.9497,8.62317,47.4473
78180,3445,4040,6458,12500,3382,3751,4774,5910,3190,3376,3734,3976,3110,3172,3380,3394,-30.7323,25.743,8.96536,47.728
78181,5350,4547,3664,3289,8922,5708,3811,3344,6565,5009,3811,3321,4234,3893,3380,3323,-4.17231,-21.6087,8.96734,48.114
78182,3416,4002,5445,6847,3441,3994,6275,8665,3327,3659,4392,5091,3098,3364,3689,3766,-10.6009,20.5276,8.61327,48.314
78183,3211,3448,4222,4602,3283,3765,5178,7741,3380,3854,5273,8384,3347,3511,4253,4969,1.07147,24.0333,8.92449,48.2807
78184,3182,3193,3366,3334,3161,3423,3868,3847,3341,3932,4702,6404,3364,3985,5997,12508,24.8897,33.6929,8.96247,47.738
78185,3188,3242,3308,3320,3335,3652,3828,3679,3919,4599,5151,4465,4127,6553,10082,5754,29.8305,5.37072,8.99123,48.1347
78186,3371,4016,5587,9314,3450,3865,5267,8718,3171,3569,3907,4644,3093,3284,3452,3538,-15.7745,26.7245,8.9387,48.164
78187,3568,4162,4444,4084,3875,5123,7054,4705,3670,4889,6360,4710,3550,3861,4327,3992,-1.53784,5.74368,8.59669,48.2493
78188,4792,4208,3640,3325,8368,5150,3669,3373,8107,4802,3820,3194,4862,4142,3538,3327,-0.393548,-29.0933,8.50291,48.2113
78189,3460,3794,5262,6588,3432,4054,6185,8979,3221,3638,4504,5342,3229,3316,3683,3855,-10.0004,20.8697,8.81764,48.3613
78190,3111,3232,3364,3424,3269,3323,3735,3970,3375,3859,4748,6602,3364,3882,6256,12156,25.1557,28.3546,8.53648,47.78
78191,3384,3375,3197,3118,4025,4118,3553,3258,5753,6231,4346,3630,7108,8239,4799,3669,19.0651,-12.6027,8.79816,47.8687
78192,3276,3354,3231,3128,3678,3792,3544,3413,4823,5387,4464,3653,6603,10015,5791,3951,26.3388,-8.72653,8.97661,48.0687
78193,3492,3756,4084,3870,3653,4602,6119,4625,3784,5143,7628,4911,3464,4026,4732,4298,3.06799,6.6718,8.75481,48.1247
78194,3430,3897,5198,5458,3585,4233,7504,7501,3381,3767,4904,5223,3260,3416,3875,3736,-7.68485,15.6026,8.91647,48.2453
78195,3349,3363,3312,3139,3713,3834,3616,3270,5274,5299,4238,3607,7981,9435,4995,3649,27.4859,-12.606,8.59197,48.0493
78196,3608,3509,3218,3059,4493,3952,3467,3266,8529,5194,3876,3412,9777,5574,3860,3419,16.901,-29.1875,8.78723,48.142
78197,4987,7142,5611,4226,4802,7083,5513,4027,3762,4183,3950,3616,3304,3498,3476,3280,-15.5226,-4.3367,8.77862,48.3067
78198,3886,5795,9889,6374,3698,4404,5258,4746,3405,3650,3893,3626,3151,3359,3397,3354,-32.4882,8.01551,8.58519,47.9233
78199,3583,3483,3330,3104,4405,3990,3597,3235,7953,5451,3839,3329,9444,6027,3997,3390,17.3367,-23.3682,8.767,48.1047
78200,7189,8876,5001,3621,5505,6050,4308,3583,3931,4004,3584,3319,3435,3321,3275,3212,-21.2191,-11.6077,8.6161,48.1427
78201,3465,3488,3223,3143,4085,3969,3611,3165,6974,5312,3903,3395,10100,6856,4062,3522,20.5922,-20.3577,8.86417,48.182
78202,3178,3330,3395,3266,3485,3698,3748,3587,3900,4986,5110,4298,4485,7516,8937,5239,28.6013,2.13849,8.73144,48.1053
78203,3391,3435,3211,3160,4179,4109,3663,3495,6080,6640,4216,3651,7109,7823,4622,3622,17.453,-13.3036,8.98585,48.2707
78204,3146,3578,3989,4292,3298,3757,4764,6977,3334,3748,5283,9125,3319,3654,4494,5420,3.8786,27.0211,8.53557,48.1187
78205,3211,3508,3566,3506,3414,3784,4383,4107,3768,4831,7516,5440,3800,4742,7036,5469,14.2103,8.51245,8.52907,48.054
78206,3104,3199,3511,3298,3318,3626,3964,4036,3527,4166,5790,5748,3617,4630,8485,8090,21.4511,14.276,8.80638,48.0727
78207,6348,8351,5044,3771,5407,6783,4655,3681,3897,4125,3770,3431,3371,3514,3303,3244,-18.2262,-10.1847,8.7293,48.4633
78208,3248,3330,3327,3259,3592,3720,3742,3504,4443,5247,4832,3988,5160,8611,7628,4384,25.8122,-2.03643,8.82613,48.01
78209,3263,3298,3738,3685,3401,3788,4454,4290,3700,4521,7348,6403,3602,4480,6465,5911,13.1396,12.4595,8.56879,48.2313
78210,7608,8148,4593,3734,5961,6198,4278,3652,4024,4028,3713,3272,3365,3503,3282,3113,-19.7053,-13.6421,8.57932,48.3147
78211,3269,3371,3220,3135,3637,3823,3725,3434,4768,5539,4635,3815,6001,9657,6189,4241,24.5073,-6.48633,8.93439,48.306
78212,3407,3886,4661,4650,3418,4335,7001,6620,3464,4147,5846,5673,3243,3723,4101,4146,-2.69479,14.3034,8.86485,48.214
78213,3233,3278,3341,3407,3463,3621,3712,3674,3926,4826,5318,4451,4344,7409,8847,5214,25.1874,2.96383,8.74404,48.0427
78214,3496,3452,3193,3083,4125,3898,3608,3205,6472,5554,3981,3420,9372,7288,4363,3473,20.7126,-18.2785,8.62235,47.9887
78215,7253,5545,4036,3411,8450,6096,4055,3400,4812,4455,3736,3239,3688,3548,3300,3139,-12.6364,-20.0104,8.66647,48.1087
78216,5710,8776,5868,3978,4899,6251,4807,3943,3717,3914,3725,3519,3368,3320,3395,3168,-20.4303,-6.66034,8.81848,48.2387
78217,3315,3467,3640,3426,3463,3870,4259,3987,3835,5089,7147,5172,3795,5268,7520,5415,15.6782,6.95759,8.52381,48.4453
78218,5493,4592,3594,3279,9207,5404,3799,3287,6800,4766,3572,3375,4254,3946,3384,3204,-4.2177,-24.9994,8.56213,47.9707
78219,3451,3339,3208,3149,3990,3893,3470,3202,6730,4921,3750,3363,12204,6068,3974,3432,24.0912,-28.6,8.81921,48.096
78220,5185,9173,7361,4418,4326,5138,4700,3993,3446,3784,3681,3519,3277,3306,3343,3192,-30.5021,-2.6897,8.68237,47.8947
78221,3119,3182,3337,3341,3207,3502,3656,3806,3404,3829,4794,6029,3416,3935,6001,12664,28.7487,30.6543,8.74629,47.4813
78222,3496,4061,6665,11677,3324,3801,4865,6189,3155,3522,3749,4033,3170,3264,3384,3335,-26.486,23.6242,8.75001,47.7933
78223,3836,5273,8823,6300,3648,4585,6207,5109,3333,3693,3955,3836,3143,3312,3443,3325,-19.8961,9.49628,8.86895,47.8807
78224,3166,3318,3369,3211,3572,3825,3732,3525,4215,4912,4923,4160,4850,8392,8321,4750,28.2582,-0.255306,8.77317,48.1607
78225,10947,5786,3866,3397,7590,4957,3764,3415,4235,3982,3508,3255,3456,3400,3250,3144,-19.9388,-32.3866,8.80755,47.968
78226,3882,4834,5709,4462,4050,5885,7893,4849,3644,4257,4847,3960,3335,3555,3718,3465,-9.63407,4.12258,8.91364,48.23
78227,4485,6321,5731,4182,4630,6957,6257,4127,3768,4250,4203,3688,3427,3635,3478,3351,-13.5432,-1.99428,8.90627,48.3267
78228,6434,9254,5549,3892,4950,6008,4495,3699,3889,3855,3615,3511,3371,3354,3283,3208,-22.1788,-8.55792,8.56692,48.2447
78229,5859,9901,6038,4003,4684,5352,4562,3785,3745,3767,3665,3427,3457,3370,3335,3128,-33.5438,-6.86666,8.69488,48.052
78230,3376,3434,3203,3037,4051,3889,3519,3153,5423,5213,3978,3559,9756,8498,4535,3543,29.71,-16.5594,8.95311,48.1113
78231,4088,3852,3554,3101,6041,4929,3836,3268,8601,6168,3938,3482,5504,4678,3691,3328,5.38557,-20.1063,8.681,48.0393
78232,3377,3313,3298,3113,3905,3698,3352,3167,5971,4875,3778,3344,12113,6679,3935,3415,33.2247,-23.4709,8.98861,47.5553
78233,3042,3160,3277,3437,3294,3559,4162,4123,3474,4008,5796,6542,3508,4250,7359,9143,20.0636,17.9051,8.89092,48.0893
78234,4031,5215,5560,4316,4132,6490,7172,4554,3827,4410,4655,3889,3375,3639,3758,3515,-9.96397,1.48102,8.87352,48.3587
78235,4195,5726,6911,4797,4084,5892,6869,4548,3565,4060,4158,3810,3175,3538,3477,3477,-15.133,3.08808,8.66788,48.188
78236,3328,3569,4274,4711,3394,3797,5467,7870,3469,3951,5316,7421,3326,3462,4162,4700,-0.610397,21.8387,8.5124,48.1447
78237,4215,3973,3402,3220,6800,4753,3656,3370,9432,5182,3697,3292,5539,4409,3626,3303,4.38462,-33.007,8.82982,47.9127
78238,4252,4225,3755,3428,5550,6480,4279,3504,5801,7093,4418,3669,4364,4360,3684,3436,1.1163,-11.8345,8.74258,48.1987
78239,3376,3741,4125,3959,3566,4327,6274,5132,3673,4689,7498,5553,3520,3899,4711,4440,2.70466,10.4076,8.93735,48.322
78240,5302,4292,3568,3367,9113,5430,3798,3446,7201,4821,3755,3292,4465,4018,3558,3125,-3.19105,-24.9454,8.87762,48.3673
78241,3230,3348,3288,3289,3554,3687,3799,3425,4302,4937,4718,4065,4926,8830,7986,4597,30.4474,-1.30924,8.88832,47.9873
78242,3311,3560,3676,3516,3490,4014,4750,4132,3802,5179,8078,5472,3807,4625,6054,4968,10.5415,7.69827,8.64968,48.2893
78243,3497,4551,8221,9247,3557,3953,5366,5829,3285,3558,3793,3854,3240,3279,3437,3225,-24.2686,16.3956,8.81942,47.928
78244,3146,3316,3429,3375,3204,3403,3827,3924,3402,3618,4722,6114,3387,4039,6239,12446,28.5646,26.6803,8.61575,47.7273
78245,3197,3388,3406,3256,3429,3676,3710,3560,3981,4701,5360,4283,4372,7104,9268,5339,28.1948,3.36363,8.63072,48.02
78246,3297,3465,3409,3138,3734,3978,3894,3568,4525,6454,5263,4014,5244,7842,6036,4305,18.0793,-3.72192,8.60911,48.1107
78247,3484,4207,6865,9336,3371,3918,5676,7069,3329,3547,3951,4238,3139,3330,3448,3386,-19.0663,19.4341,8.74351,48.196
78248,12201,6554,3823,3357,6015,4734,3781,3368,3945,3767,3389,3341,3396,3396,3206,3078,-30.2622,-24.4433,8.59134,47.5673
78249,5134,4640,3764,3379,7739,6544,3959,3457,6115,5379,3910,3401,4185,4035,3504,3298,-3.63852,-17.646,8.69987,48.2953
78250,3989,4528,4268,3658,4597,7092,5725,3928,4314,5981,5008,3819,3855,3999,3980,3562,-2.68511,-3.37177,8.68595,48.202
78251,3488,3989,6389,11126,3387,3809,5169,7016,3203,3526,3947,4147,3112,3240,3313,3550,-21.2254,24.3861,8.67965,48.274
78252,3447,3878,5714,10291,3447,3812,5063,7952,3278,3473,3931,4288,3110,3346,3368,3468,-18.2347,33.1194,8.63597,47.9107
78253,3967,5001,5712,4460,4027,6025,7738,4754,3649,4302,4799,4005,3298,3563,3655,3424,-10.0925,3.42161,8.84,48.2527
78254,3601,3504,3322,3076,4496,4103,3604,3311,8295,5412,3890,3363,8929,5833,3989,3378,15.8559,-23.3657,8.68838,48.0707
78255,12418,6185,4013,3327,6117,4733,3889,3417,3835,3745,3501,3247,3450,3363,3304,3135,-29.3026,-28.0321,8.51273,47.786
78256,3097,3325,3376,3334,3408,3630,3980,3916,3649,4445,6339,5390,3738,5096,8910,6566,20.0095,10.3074,8.99134,48.1327
78257,4761,6261,5013,3853,5002,7811,5525,3984,3969,4560,4061,3503,3529,3610,3532,3338,-11.7414,-5.31527,8.87147,48.208
78258,3407,3342,3172,3174,4305,3921,3512,3258,7846,5069,3792,3329,10875,5846,3972,3451,19.6429,-26.3146,8.97939,48.1807
78259,3389,3445,3329,3117,3929,3966,3540,3329,5553,5968,4317,3599,7648,8705,4781,3686,20.9888,-12.9039,8.69237,48.2007
78260,3602,4409,5766,5200,3669,4573,8210,6327,3448,3916,4872,4432,3238,3574,3684,3707,-9.36227,11.05,8.74844,48.418
78261,3356,3358,3231,3083,3913,3917,3546,3281,5681,5506,4070,3559,8493,8697,4792,3609,23.9793,-14.3974,8.75099,48.0613
78262,3350,4013,5836,10506,3442,3816,4953,7748,3268,3553,3956,4155,3137,3206,3510,3449,-19.1781,32.3591,8.65209,47.932
78263,3345,3395,3144,3102,3924,3885,3544,3324,5240,5377,4193,3589,8100,9323,4962,3779,27.2972,-13.071,8.61482,48.1507
78264,3644,4896,9434,8122,3497,4209,5273,5238,3336,3567,3824,3674,3255,3344,3340,3384,-29.1453,12.8373,8.62636,48.0247
78265,3341,3338,3310,3188,3632,3730,3733,3423,4324,5174,4816,3950,5235,8996,7270,4391,33.3893,-2.71832,8.85569,47.9007
78266,3417,3496,3707,3441,3660,4331,4762,4093,3949,5719,7807,4861,3767,4912,5661,4564,9.7172,4.42909,8.67126,48.098
78267,3449,3336,3216,3086,4114,3834,3378,3233,7131,4897,3857,3387,11620,5948,3869,3382,22.2347,-30.9255,8.9132,47.8247
78268,8337,5802,4024,3488,8295,5744,3817,3450,4675,4128,3559,3267,3700,3500,3242,3174,-14.823,-22.2868,8.58659,48.1347
78269,3932,5578,8111,5514,3789,4862,6796,5121,3546,3661,4085,3792,3189,3337,3408,3498,-17.999,6.95965,8.92296,48.146
78270,3458,3822,5534,10050,3341,3914,5034,8402,3301,3566,3858,4435,3120,3219,3430,3593,-17.3765,30.8365,8.81241,48.0513
78271,4820,6579,5554,4098,4725,7112,5726,4016,3805,4212,3976,3574,3380,3539,3541,3283,-13.9237,-3.40406,8.6705,47.96
78272,3194,3468,3554,3479,3400,3834,4487,4103,3750,4985,7702,5416,3718,4937,6944,5351,13.9655,7.69259,8.86751,48.2147
78273,6390,5554,3959,3401,8138,6668,4198,3360,4873,4524,3761,3348,3709,3621,3342,3188,-10.7373,-17.7149,8.91224,48.0227
78274,3139,3256,3401,3336,3199,3470,3758,4014,3385,3846,4886,6350,3544,3956,6015,12022,24.7157,33.0572,8.61218,47.718
78275,3494,3717,3630,3472,3847,4535,4478,3977,4480,6906,6702,4345,4276,5328,5238,4204,9.66262,-0.699626,8.74198,48.4193
78276,3435,3543,3348,3108,4231,4113,3649,3322,7015,5963,4071,3520,8217,6880,4270,3536,17.1849,-17.9279,8.60151,48.1473
78277,9244,6760,4240,3477,7151,5533,3932,3397,4191,4135,3514,3308,3427,3470,3194,3115,-18.666,-19.8815,8.6668,48.0587
78278,3150,3222,3515,3575,3236,3546,4113,4477,3400,4126,5887,7435,3468,4170,6478,8217,16.5056,19.1561,8.55325,48.01
78279,3482,4105,5811,10775,3277,3770,5065,7560,3300,3388,3978,4182,3168,3240,3433,3474,-19.5734,28.0658,8.78545,48.0053
78280,3558,3453,3241,3057,4419,3946,3522,3148,7966,5184,3900,3380,9921,5832,3948,3350,18.0727,-25.1743,8.78633,47.8833
78281,3368,3641,4075,4112,3306,4078,5965,5535,3605,4313,7283,6356,3373,3875,4740,4711,3.50625,13.2668,8.85692,48.224
78282,3285,3403,3762,4068,3352,3680,4511,6331,3384,3817,5273,9673,3143,3758,4512,6016,6.23836,28.2443,8.5762,47.9787
78283,5200,8996,7508,4514,4384,5144,4875,4067,3641,3761,3638,3438,3235,3290,3356,3268,-27.8924,-2.50153,8.79814,48.21
78284,3133,3364,3435,3664,3321,3560,4251,4875,3430,3938,5178,9544,3322,3831,5162,7689,12.0861,33.5288,8.56006,47.798
78285,3422,3350,3224,3042,3915,3809,3401,3199,6060,4830,3717,3267,12491,6098,3778,3358,33.6943,-26.5751,8.9094,47.3073
78286,12575,6245,3931,3334,6058,4749,3893,3494,3884,3729,3407,3151,3420,3430,3217,3126,-27.808,-32.7801,8.78224,47.762
78287,3293,3522,4140,4358,3339,3812,5312,7105,3434,3862,5785,8050,3250,3551,4401,4919,1.88146,20.2895,8.86362,48.0887
78288,3370,3602,3581,3435,3711,4352,4480,3825,4230,6615,6988,4471,4136,5463,5733,4343,11.4172,1.00869,8.86898,48.2233
78289,3170,3240,3313,3300,3443,3700,3768,3737,3892,4529,5500,4605,4029,6446,9513,5842,26.2747,5.43642,8.69665,48.018
78290,3311,3454,3538,3566,3551,4065,4596,4168,3798,5241,7885,5213,3845,4924,6351,5077,12.4935,6.70795,8.95813,48.3887
78291,3345,4102,5605,6322,3569,4106,6985,7875,3349,3715,4676,4811,3146,3372,3758,3849,-10.7591,16.9367,8.60062,48.39
78292,3096,3284,3330,3533,3212,3372,3715,4153,3370,3741,4666,6031,3245,3885,6093,12774,33.2852,28.027,8.84533,47.6667
78293,4318,4872,4114,3581,5083,7807,5309,3835,4433,5619,4659,3664,3811,3963,3778,3380,-5.0444,-6.00813,8.65361,48.1507
78294,4351,5191,4629,3867,4908,7765,5813,3944,4140,5161,4536,3731,3614,3729,3631,3447,-6.95341,-4.47852,8.53368,48.3047
78295,3480,3905,4474,4229,3697,4825,7210,5277,3727,4592,6547,4873,3480,3793,4149,4011,-1.28389,8.43232,8.78004,48.1793
78296,3387,3924,4960,6316,3420,3872,5896,9313,3250,3556,4556,5472,3245,3428,3828,3890,-8.62105,22.3298,8.6388,48.2087
78297,3215,3415,3437,3303,3299,3671,3860,3885,3685,4277,6006,4939,3910,5271,9259,6821,22.449,9.89391,8.51271,48.1687
78298,3233,3626,4359,5416,3314,3815,5186,9455,3258,3648,4644,7079,3176,3554,3959,4337,-3.68932,27.9829,8.63909,48.0393
78299,3103,3217,3429,3373,3268,3579,3809,3904,3377,4069,5481,5603,3555,4770,8773,8926,25.3256,15.3057,8.83104,48.1573
78300,3260,3535,3837,4060,3391,3869,5022,5654,3403,4047,6716,8175,3334,3822,4862,5504,6.16387,17.8992,8.87593,48.3273
78301,3155,3386,3368,3308,3424,3642,4021,3715,3805,4643,6044,4874,3941,5367,9097,6539,21.3582,9.17109,8.69583,48.2193
78302,4209,3848,3449,3116,6744,4608,3626,3280,9550,5177,3779,3285,5632,4577,3666,3250,4.94398,-28.9752,8.63621,47.864
78303,4335,5779,5555,4196,4299,6716,6891,4330,3671,4437,4384,3758,3453,3589,3643,3427,-11.468,-0.171629,8.74193,48.3087
78304,8757,5315,3894,3398,9094,5255,3805,3413,4735,4054,3530,3245,3547,3483,3313,3161,-14.454,-30.0339,8.56746,47.9993
78305,3303,3375,3242,3287,3682,3741,3625,3463,4446,5072,4656,3819,5283,9250,6935,4284,32.041,-3.85985,8.53953,47.642
78306,6121,6414,4450,3557,6478,7481,4458,3772,4331,4427,3746,3388,3530,3599,3360,3223,-13.1345,-12.8386,8.8452,48.2233
78307,3547,3927,4091,3929,3844,4865,6156,4479,3869,5397,7161,4788,3670,4136,4579,4020,2.34201,5.0579,8.50917,48.3053
78308,3686,3982,3782,3530,4226,5811,5046,3925,4428,7221,6031,4043,4111,4662,4296,3701,3.53694,-2.88719,8.89028,48.3207
78309,3204,3301,3498,3420,3460,3922,4209,4113,3755,4704,7266,5556,3737,4951,7475,5824,15.4637,9.33635,8.64695,48.2633
78310,3310,3356,3184,3318,3605,3864,3775,3543,4353,5080,4692,3997,5113,8941,7529,4295,33.3969,-2.26311,8.8758,47.97
78311,3062,3184,3384,3498,3240,3410,3908,3817,3426,3997,5199,6158,3480,4246,7818,10289,24.081,18.8886,8.91037,48.0773
78312,3421,3500,3292,3136,4354,4190,3628,3184,6488,6757,4267,3521,7080,7269,4501,3492,16.3045,-14.4281,8.88701,48.0533
78313,4601,4822,3776,3421,6052,7551,4530,3580,5227,5859,4211,3452,3995,4054,3663,3282,-3.83139,-11.5038,8.87823,48.0507
78314,3522,3517,3517,3281,4037,4646,4149,3594,5139,7754,5475,3839,4873,6441,4733,3840,11.9082,-6.34939,8.56084,48.238
78315,3307,3441,3258,3136,3804,3876,3499,3256,5915,4775,3753,3389,12149,6615,3917,3332,30.7443,-23.6482,8.95751,47.6147
78316,3935,5154,5925,4524,4072,5996,7599,4851,3662,4278,4617,3930,3268,3572,3536,3385,-10.8039,3.50046,8.77102,48.2027
78317,3822,4064,3973,3457,4566,6306,5012,3822,4689,6959,5321,3968,3920,4374,4180,3734,1.56854,-4.6653,8.97171,48.1113
78318,9748,7205,4319,3450,6484,5436,4108,3396,4137,3961,3498,3273,3405,3475,3203,3067,-21.0219,-18.9573,8.88188,48.11
78319,7815,9445,4979,3662,5138,5503,4113,3542,3854,3868,3590,3324,3226,3448,3257,3172,-25.7463,-12.3719,8.83531,47.9573
78320,3215,3372,3312,3158,3756,3826,3728,3421,4488,5435,4725,3848,5883,9599,6479,4238,26.2384,-5.54347,8.74095,48.322
78321,4042,5988,8797,5672,3899,4732,5994,4689,3420,3766,4001,3728,3236,3514,3427,3231,-21.3449,5.87868,8.6822,48.0907
78322,5176,4930,3902,3476,7405,6991,4192,3483,5443,5191,3856,3453,4024,3909,3539,3289,-5.66915,-16.3767,8.50032,48.1727
78323,4474,7167,8868,5377,4029,4826,5371,4257,3446,3700,3858,3669,3200,3329,3275,3297,-25.6029,2.94234,8.59572,48.0953
78324,8171,5215,3898,3300,9444,5176,3713,3440,4821,4188,3483,3260,3605,3585,3254,3267,-13.1031,-33.3621,8.70963,47.88
78325,5638,6808,4538,3686,5997,7741,4718,3541,4320,4597,3871,3448,3580,3562,3357,3225,-12.9319,-10.9094,8.72015,48.418
78326,3958,6049,9901,5971,3783,4467,5205,4695,3494,3745,3783,3727,3201,3259,3361,3438,-32.8457,7.17548,8.90384,48.0247
78327,6617,8460,5212,3750,5308,6507,4485,3652,3849,4022,3724,3402,3435,3529,3321,3002,-19.5872,-9.75682,8.56316,48.1833
78328,3357,3941,5673,8143,3476,3983,5730,8535,3214,3642,4193,4558,3193,3339,3549,3587,-14.2187,21.6776,8.7386,48.0753
78329,8571,5706,3838,3378,8866,5618,3902,3501,4607,4217,3425,3248,3622,3575,3277,3129,-14.6229,-23.7609,8.79671,48.32
78330,3398,3740,5071,7798,3409,3798,5195,9842,3280,3588,4152,4956,3176,3304,3532,3702,-12.216,33.0516,8.81345,47.9607
78331,3226,3319,3295,3202,3505,3898,3591,3463,4200,4968,4906,4096,4813,8007,8549,4907,28.3667,0.435449,8.75641,47.9633
78332,3272,3396,3935,4300,3270,3691,4615,6956,3473,3796,5136,9476,3196,3516,4446,5486,4.31346,30.0632,8.56858,47.9733
78333,7432,5434,3834,3382,9167,5772,3990,3387,5130,4362,3594,3343,3657,3456,3245,3122,-11.7655,-22.4489,8.69958,48.2047
78334,3141,3181,3398,3330,3305,3370,3748,3762,3368,3806,4590,5984,3405,3949,6082,12663,29.6694,32.8377,8.79616,47.388
78335,3251,3272,3307,3281,3482,3752,3855,3679,3863,4870,5206,4376,4188,7134,9157,5226,33.7454,3.54025,8.53794,47.9327
78336,3423,3517,3493,3363,3743,4104,4096,3720,4395,6415,6251,4288,4387,6457,6283,4409,15.3825,-0.365312,8.6651,48.2293
78337,3617,3596,3308,3125,4795,4038,3644,3259,9335,5336,3812,3358,8139,5198,3801,3372,13.0995,-32.4078,8.77806,47.822
78338,3101,3159,3305,3416,3324,3565,3878,4187,3358,3750,5138,7156,3449,3983,6682,10660,20.7324,22.3619,8.9885,48.074
78339,4730,5227,4255,3679,5477,8014,5092,3748,4447,5481,4191,3584,3697,3812,3584,3309,-6.43484,-8.5747,8.74607,48.218
78340,3151,3491,4013,4503,3471,3700,4771,7487,3335,3764,5202,8949,3305,3573,4332,5139,2.24968,26.6188,8.51575,48.124
78341,3551,4222,5856,5274,3663,4653,7780,6395,3387,3910,4937,4697,3151,3530,3742,3687,-9.53557,11.8888,8.81283,48.29
78342,3195,3241,3402,3329,3252,3548,3987,4088,3539,4224,6011,5953,3573,4546,8113,8229,20.5445,15.0674,8.92531,48.1533
78343,11567,7160,4195,3395,5852,4943,3793,3466,3914,3924,3413,3120,3358,3364,3302,3183,-30.3637,-21.9202,8.74655,47.966
78344,3075,3317,3449,3347,3268,3669,3797,3750,3598,4203,5460,5262,3739,4978,9371,7960,25.9002,12.7942,8.83416,48.162
78345,3270,3396,3271,3234,3840,3826,3674,3400,4817,5269,4259,3618,6715,10010,5832,3897,31.0483,-8.58225,8.88922,48.2187
78346,5372,4451,3560,3256,9404,5115,3832,3405,7016,4708,3656,3262,4315,3904,3419,3134,-3.4583,-27.6232,8.68217,47.8727
78347,7416,5006,3673,3271,9858,5376,3759,3278,5381,4117,3661,3230,3774,3616,3270,3104,-10.8237,-27.4338,8.8962,47.86
78348,7186,9116,5220,3886,5345,5889,4336,3605,3876,3953,3655,3393,3434,3369,3285,3101,-22.5673,-11.1172,8.61636,48.4327
78349,3113,3285,3563,3466,3357,3678,4298,3937,3611,4406,6643,6005,3711,4727,7848,6897,17.211,12.7659,8.9073,48.3633
78350,3377,3954,5778,10860,3382,3673,4859,7664,3325,3607,4056,4341,3064,3304,3392,3398,-19.7458,29.7582,8.5665,48.0227
78351,3197,3158,3279,3485,3162,3392,3758,3867,3338,3747,4581,6079,3399,3855,5964,12852,32.4425,29.4244,8.98642,47.4087
78352,3291,3435,3518,3274,3564,3923,4056,3691,4172,5645,6468,4422,4233,6273,7315,4795,16.9843,2.72152,8.73247,48.05
78353,3716,3564,3360,3080,4649,4339,3752,3293,7839,6398,4054,3429,7167,6102,3960,3489,13.5692,-18.016,8.82263,48.1273
78354,3571,3485,3180,3137,4452,4030,3426,3123,8189,5145,3704,3317,10119,5808,3914,3338,17.6988,-27.0177,8.98657,47.9587
78355,3302,3909,5634,8921,3366,4025,5318,8425,3290,3558,4107,4572,3134,3233,3523,3567,-15.4005,24.2013,8.57895,47.9227
78356,3319,3790,4994,6994,3499,3838,5313,9769,3261,3452,4393,5319,3193,3373,3689,3791,-9.98413,31.4288,8.61589,47.9913
78357,3133,3192,3507,3503,3214,3512,4039,4250,3372,3845,4973,7892,3396,4088,5541,10460,18.5136,30.6581,8.54338,47.9447
78358,3140,3571,4207,5010,3371,3641,4989,8466,3459,3768,4862,8220,3278,3537,4078,4692,-0.624982,29.3669,8.71558,48.1927
78359,3572,4285,5979,6671,3471,4147,6746,7537,3463,3746,4425,4572,3079,3398,3566,3606,-12.9091,16.8138,8.555,48.1753
78360,5707,9548,6479,4083,4609,5258,4716,3804,3611,3828,3650,3408,3358,3387,3337,3159,-29.9094,-5.26672,8.53228,47.9613
78361,7592,8595,4876,3690,5655,6032,4301,3539,3971,3972,3606,3374,3405,3375,3208,3087,-20.7488,-13.0929,8.74763,48.1853
78362,3203,3349,3673,3736,3379,3532,4282,5065,3408,3935,5914,9332,3289,3777,5107,7410,11.5996,22.9563,8.83529,48.2607
78363,3363,3542,3350,3138,3883,4190,3754,3431,5033,6868,5013,3925,5555,7998,5573,3925,17.3795,-7.03584,8.89195,48.3607
78364,3541,3949,4276,3997,3767,5002,6467,4729,3959,5139,6851,4803,3672,4050,4403,3989,0.751911,5.04358,8.64327,48.396
78365,3439,3456,3186,3090,3939,3708,3464,3137,6385,4860,3790,3365,12451,5937,3905,3429,25.4413,-30.1421,8.59795,47.694
78366,3130,3253,3407,3341,3165,3481,3876,3887,3469,3888,5106,5698,3421,4246,7817,10451,32.9427,18.9104,8.97286,47.7573
78367,3609,3520,3338,3097,4236,4008,3519,3306,7506,5308,3880,3340,9879,6221,3972,3437,19.2157,-22.8727,8.50356,48.1173
78368,3373,3615,4235,4347,3343,4068,6172,6356,3545,4132,6478,6576,3407,3696,4368,4533,0.701569,15.2009,8.89193,48.1627
78369,12376,5897,3967,3430,5664,4642,3761,3432,4012,3660,3386,3255,3353,3427,3280,3306,-33.0651,-33.84,8.73151,47.232
78370,4041,4323,3803,3518,4821,6714,4534,3631,4825,7350,4939,3775,4143,4445,3863,3632,1.17004,-7.63393,8.7475,48.238
78371,3385,3946,4325,4013,3855,4874,6468,4873,3645,4941,7072,4955,3537,3971,4393,4025,0.698878,6.59308,8.54352,48.1853
78372,3619,4574,7518,6528,3671,4476,6978,6024,3407,3799,4084,4115,3112,3380,3419,3530,-16.4099,12.2964,8.79654,48.156
78373,3612,3525,3360,3106,4444,4235,3560,3308,6963,6660,4273,3462,7043,6612,4293,3444,14.9235,-15.5958,8.89483,47.9333
78374,5562,4878,3813,3393,8542,6164,3913,3483,5894,4978,3806,3320,4181,3935,3484,3237,-5.61301,-19.5612,8.59832,48.3887
78375,3311,3434,3379,3334,3680,3919,3915,3635,4025,5688,6071,4292,4478,6760,7445,4771,18.591,1.22238,8.59645,48.0913
78376,4103,3864,3490,3106,6444,4881,3696,3329,9232,5623,3840,3389,5633,4703,3716,3258,5.43667,-23.2631,8.82901,48.2047
78377,4594,4215,3515,3302,7727,4920,3736,3306,8497,5194,3717,3333,4983,4187,3567,3292,1.18679,-26.216,8.66191,48.0567
78378,6063,6158,4257,3497,6891,7491,4329,3557,4457,4505,3845,3488,3611,3587,3413,3140,-12.1999,-13.8979,8.79137,48.1927
78379,3142,3411,3635,3780,3230,3648,4250,5123,3425,3791,5618,9256,3373,3830,5207,7461,11.542,24.2725,8.56442,48.12
78380,3575,4137,5226,4924,3595,4561,7913,6319,3499,3999,5242,4859,3265,3524,3837,3978,-6.34911,11.8415,8.57423,48.302
78381,3406,4082,5552,7275,3457,3948,6147,8545,3269,3508,4270,5012,3075,3385,3699,3668,-12.169,20.2506,8.63984,48.1987
78382,3967,5224,7963,5550,3821,4901,6971,5145,3499,3793,4187,4003,3269,3319,3504,3486,-16.7976,7.51173,8.5286,48.4013
78383,3239,3470,3406,3152,3640,3736,3715,3482,4256,5434,5256,4240,4770,8013,7720,4549,22.0446,-0.427636,8.92732,48.052
78384,3482,3438,3253,3091,3877,3722,3468,3213,6559,4737,3754,3421,12320,5955,3949,3455,25.1526,-32.3446,8.68712,47.796
78385,8773,8401,4469,3586,5996,5469,4002,3540,4009,3898,3493,3226,3408,3443,3162,3151,-22.2381,-15.7771,8.98392,48.0173
78386,3429,4021,6214,9194,3366,3929,5517,7744,3212,3548,4076,4417,2981,3203,3447,3430,-17.128,21.866,8.61542,47.8187
78387,3320,3819,5371,7869,3346,3827,5590,9050,3371,3566,4223,4968,3132,3371,3624,3771,-12.7651,24.1179,8.60137,48.1453
78388,5120,4991,3873,3446,7384,7186,4221,3490,5636,5314,3944,3434,3955,3925,3599,3231,-5.48577,-15.3244,8.59594,48.4993
78389,7394,9074,5068,3730,5392,5962,4360,3679,3798,3880,3657,3307,3366,3335,3205,3124,-22.39,-11.8919,8.99556,48.2207
78390,3768,4679,6067,4905,3855,5231,8021,5291,3528,4069,4656,4170,3210,3469,3617,3492,-11.0729,7.02903,8.72582,48.0187
78391,4141,6552,9833,5856,3840,4651,5392,4632,3431,3662,3776,3706,3202,3295,3304,3273,-26.5502,5.74938,8.88297,48.364
78392,3790,3891,3588,3386,4718,5287,4138,3470,5814,8120,4916,3632,4634,5280,4136,3689,6.7855,-9.75672,8.71384,48.326
78393,3322,3747,4822,6522,3360,3813,5242,9653,3251,3746,4517,5770,3215,3397,3715,3983,-8.22656,33.9509,8.53685,48.05
78394,3340,3318,3293,3245,3703,3824,3603,3309,4869,5195,4304,3631,7045,9971,5649,3741,29.6506,-9.4491,8.97941,48.0267
78395,3284,3900,6332,12295,3394,3784,4716,6041,3216,3511,3788,3905,3178,3289,3387,3478,-31.3756,25.8015,8.70722,47.6653
78396,3215,3394,3452,3360,3565,3833,3943,3778,4084,5511,6483,4617,4106,6339,7779,5065,17.884,3.2921,8.96602,48.3493
78397,3290,3533,3679,3590,3425,3939,4834,4297,3693,4764,8050,5900,3605,4529,6135,5305,11.06,9.99364,8.84973,48.3787
78398,3453,3389,3233,3224,3880,3844,3466,3241,5731,4974,3857,3356,11458,7295,4089,3351,30.441,-20.997,8.97604,47.894
78399,3573,3504,3184,3106,4549,3990,3568,3344,8685,5192,3771,3441,9377,5419,3848,3395,15.604,-31.0306,8.60378,47.964
78400,3479,3497,3323,3182,4155,3973,3603,3247,6420,5663,4095,3402,9160,7498,4374,3506,20.9407,-17.6808,8.50033,48.3847
78401,3531,3398,3193,3118,4537,3960,3546,3267,8472,5108,3856,3482,9373,5525,3924,3448,16.5459,-28.8885,8.69185,47.8253
78402,3044,3187,3452,3406,3203,3436,3875,4446,3283,3937,4987,7774,3281,3766,5780,10881,19.3871,27.3,8.99916,47.8253
78403,3104,3295,3470,3488,3220,3378,3986,4393,3420,3865,5111,7998,3404,3961,5847,10077,17.9225,26.7188,8.57166,48.0113
78404,3391,3379,3279,2987,3613,3797,3586,3291,5275,5425,4147,3478,7892,9413,5017,3652,25.7614,-12.4748,8.84463,47.748
78405,3179,3286,3600,3583,3221,3482,4042,4529,3370,3730,5088,8410,3326,3945,5583,9707,16.6771,27.977,8.67793,48.054
78406,3370,3956,5790,9665,3441,3949,5258,8208,3183,3525,4066,4427,3116,3274,3399,3534,-17.3437,25.2832,8.64576,48.1073
78407,11544,7025,4210,3432,5859,4964,3863,3532,3887,3833,3451,3290,3381,3364,3310,3019,-29.1047,-21.3161,8.60704,47.976
78408,3365,3390,3248,3164,3883,3976,3536,3317,5435,5342,4073,3629,9085,8527,4493,3503,26.5913,-15.6099,8.72047,47.9773
78409,4669,6531,5240,4178,4833,7570,5680,3993,3957,4338,3976,3587,3469,3419,3402,3287,-12.8375,-4.55737,8.9338,48.086
78410,12622,5800,3749,3334,6118,4583,3649,3324,3975,3742,3365,3245,3407,3476,3349,3188,-33.71,-29.0636,8.96764,47.284
78411,3449,3451,3293,3135,4421,4035,3544,3211,8192,5037,3844,3431,10011,5654,3883,3337,17.7846,-31.0648,8.95185,47.952
78412,3171,3274,3548,3501,3420,3537,4077,4706,3389,3813,5212,9068,3403,3854,5330,8828,14.6202,32.676,8.91951,48.0873
78413,3061,3270,3434,3354,3210,3478,3915,3910,3504,4041,5117,5643,3549,4403,8441,9883,30.555,17.2818,8.73446,48.142
78414,3173,3120,3354,3475,3171,3435,3784,4004,3503,3760,4944,6308,3432,4015,6584,11843,25.1899,23.6228,8.81145,47.9367
78415,3265,3536,3443,3276,3617,4172,4064,3637,4474,6552,5992,4122,4557,6917,6274,4153,15.6592,-1.52455,8.94772,48.034
78416,3170,3385,3707,3668,3385,3731,4413,4354,3620,4576,7541,6503,3519,4484,6519,5998,12.6396,12.6472,8.7231,48.382
78417,3298,3829,5195,8250,3314,3851,5150,9421,3342,3565,4211,5094,3114,3300,3608,3672,-12.8411,27.2335,8.91659,48.1427
78418,3571,3513,3216,3180,4176,3805,3439,3240,7703,4898,3743,3436,10855,5826,3751,3373,19.551,-29.5551,8.81228,47.8167
78419,3250,3409,3615,3643,3298,3666,4493,4659,3556,4189,6793,7645,3433,4127,5878,6644,12.1857,17.1172,8.76132,48.1987
78420,5895,4598,3662,3408,9759,5160,3828,3367,6229,4595,3541,3377,4218,3920,3532,3156,-5.77577,-30.8019,8.57594,48.1633
78421,3758,3733,3341,3065,5566,4360,3456,3391,10011,5257,3835,3333,6575,4853,3807,3317,9.03942,-33.2428,8.8545,47.772
78422,3096,3291,3484,3617,3140,3483,4015,4483,3420,3844,5431,8014,3306,4000,5922,9436,16.6958,23.1236,8.98829,47.988
78423,3304,3525,4011,4542,3322,3720,5073,7709,3320,3740,5108,8584,3340,3623,4372,4838,1.79193,25.537,8.55072,48.0873
78424,3980,4903,4956,3936,4376,7149,6869,4220,4045,4917,4890,3813,3382,3703,3752,3472,-6.99501,-0.583532,8.9261,48.242
78425,3374,3801,4476,5002,3435,4117,6095,7633,3307,3913,5620,6809,3273,3528,4144,4377,-1.95796,19.0105,8.58095,48.6027
78426,12611,6092,3827,3404,5985,4706,3779,3390,3819,3702,3425,3252,3455,3468,3222,3168,-31.3912,-32.8328,8.98754,47.5367
78427,8769,8844,4734,3628,5397,5365,4077,3556,3971,3801,3618,3222,3278,3388,3246,3125,-26.114,-14.7398,8.55277,48.0127
78428,3372,3929,5037,5544,3483,4098,6660,8473,3309,3688,4890,5442,3201,3414,3925,3894,-7.15201,18.1913,8.68251,48.2393
78429,6950,5124,3825,3325,9440,5831,3850,3361,5400,4418,3538,3258,3779,3664,3331,3122,-10.0289,-22.8224,8.95042,48.144
78430,3438,3322,3188,3160,3991,3794,3514,3195,5935,4658,3757,3353,12397,5853,3921,3327,32.8039,-31.753,8.61957,47.202
78431,5148,8602,7616,4609,4197,5123,4989,4013,3601,3833,3718,3562,3201,3398,3317,3290,-25.9227,-1.61085,8.60781,48.1447
78432,3329,3378,3316,3049,3742,3881,3646,3300,4832,5200,4352,3699,6961,9932,5468,3763,28.6587,-9.53616,8.80454,47.8987
78433,3026,3253,3393,3362,3437,3577,3832,3897,3671,4268,5576,5290,3698,5001,9239,7754,25.2363,12.2545,8.69405,48.1827
78434,3706,4886,7365,5925,3692,4552,7134,5614,3540,3848,4379,4088,3214,3323,3573,3542,-15.4041,9.97581,8.52763,48.254
78435,3109,3341,3550,3437,3334,3549,4156,4159,3586,4373,6730,6192,3632,4678,7344,6849,16.901,13.5768,8.72998,48.0127
78436,3479,3402,3299,3072,3917,3882,3628,3230,5331,5195,4104,3441,8342,9117,4739,3658,32.9908,-14.0726,8.50845,47.8907
78437,4646,7315,7852,4764,4126,5589,5812,4338,3565,3786,3862,3656,3262,3457,3397,3275,-20.1625,1.05421,8.76804,48.468
78438,3363,3583,3505,3379,3873,4500,4343,3802,4542,7045,6623,4250,4365,5544,5298,4140,10.9168,-0.925107,8.6073,48.1033
78439,12565,6200,3901,3390,6003,4692,3865,3409,3846,3744,3469,3188,3372,3379,3129,3187,-29.5424,-30.6511,8.73524,47.5593
78440,6071,6186,4215,3542,7047,7306,4318,3544,4538,4560,3858,3373,3572,3627,3396,3207,-12.2405,-14.4177,8.8279,48.24
78441,3700,3811,3544,3208,4395,4970,4042,3477,5599,8085,4909,3690,4790,5653,4365,3592,8.66108,-8.8027,8.61135,47.8867
78442,3484,3455,3258,3151,3836,3805,3505,3295,5216,5126,4210,3660,8143,9204,4874,3712,29.4964,-12.9921,8.50254,47.956
78443,4174,4990,4454,3845,4524,7383,6476,4180,4042,5158,4722,3796,3567,3858,3721,3468,-6.33257,-2.24928,8.65065,48.2387
78444,3346,3362,3302,3247,3580,3802,3596,3373,4628,5224,4533,3848,5888,9598,6527,4024,32.0939,-5.67284,8.77747,47.9187
78445,3291,3737,5070,7703,3338,3944,5479,9503,3290,3607,4113,5198,3137,3338,3600,3805,-11.7628,25.8309,8.65626,48.102
78446,3022,3160,3408,3470,3152,3453,3833,3989,3389,3820,4944,6931,3456,4064,6235,11628,22.8544,26.1564,8.62569,47.9693
78447,3750,3773,3608,3286,4435,5348,4239,3543,5254,8058,5277,3877,4545,5274,4299,3687,6.77634,-7.2175,8.52438,48.1687
78448,8545,7011,4247,3448,6814,5951,4101,3549,4197,4021,3526,3213,3512,3594,3259,3080,-17.9247,-17.6431,8.89944,48.0453
78449,3417,3452,3180,3151,4589,3952,3462,3193,8316,5169,3975,3257,9855,5420,3899,3377,17.0555,-29.484,8.54297,47.776
78450,9591,7675,4443,3389,6207,5491,3881,3483,3998,3842,3624,3249,3353,3479,3239,3099,-22.504,-17.9011,8.86306,48.0287
78451,3346,3483,3225,3132,3955,3740,3535,3250,5862,4712,3885,3426,12035,6428,4042,3456,32.0253,-24.2244,8.68737,47.6747
78452,6305,5001,3878,3370,8951,6250,4025,3340,5521,4510,3672,3301,3875,3726,3401,3080,-8.14778,-20.3959,8.97193,48.1373
78453,3249,3488,4113,4850,3331,3666,4920,8509,3370,3740,4831,8303,3237,3514,4122,4833,-0.250213,30.3893,8.96195,48.0507
78454,3331,3397,3594,3582,3567,3906,4708,4100,3768,5153,8081,5611,3742,4726,6247,4988,11.8421,8.02905,8.8556,48.334
78455,3110,3141,3327,3257,3408,3754,3811,3668,3730,4537,5215,4578,4080,6307,10064,5925,28.9042,6.30581,8.8347,47.9413
78456,3313,3509,4312,5080,3438,3839,5048,8692,3370,3715,4878,7472,3263,3455,4017,4374,-1.96966,33.0751,8.50267,47.85
78457,3499,3455,3314,2996,4326,3989,3415,3228,7472,5315,3768,3383,9888,6253,4106,3353,18.7789,-22.8911,8.92681,47.84
78458,3242,3836,4866,6613,3394,3952,5535,9530,3245,3595,4518,5613,3098,3440,3739,3933,-8.77045,24.3912,8.60351,48.0993
78459,4611,5796,4637,3895,5083,7848,5661,3910,4157,4727,4176,3616,3634,3645,3543,3288,-10.2095,-5.25805,8.90859,48.1513
78460,4006,3719,3344,3133,6173,4403,3739,3247,10143,5267,3799,3400,6350,4585,3587,3293,6.95642,-31.283,8.97842,48.1253
78461,3072,3224,3511,3635,3241,3494,4123,4963,3444,3831,5444,9028,3490,3896,5403,8312,13.9266,25.7774,8.66192,48.074
78462,12312,6071,3934,3362,6245,4823,3854,3360,3955,3812,3425,3191,3336,3582,3199,3130,-26.4166,-29.1469,8.51141,47.7273
78463,4145,6670,9587,5789,3849,4654,5326,4482,3375,3699,3844,3523,3217,3182,3344,3311,-26.7913,5.36415,8.95126,47.998
78464,3341,4103,6031,11946,3335,3796,5008,6597,3200,3432,3826,4005,3149,3246,3255,3284,-23.671,33.2573,8.79461,47.7027
78465,3773,5226,7529,5680,3845,4824,7082,5144,3385,3907,4244,3901,3301,3474,3460,3519,-16.1967,7.88902,8.55681,48.196
78466,3151,3347,3596,3627,3361,3733,4394,4634,3518,4271,7090,6850,3496,4251,6539,6488,13.3544,14.3075,8.91467,48.2307
78467,8912,5767,3832,3272,8519,5353,3905,3421,4640,4089,3510,3176,3638,3619,3255,3100,-15.4123,-24.007,8.69895,48.0053
78468,3328,3332,3379,3099,3718,3879,3782,3441,4741,6019,4711,3773,5938,9347,5873,3975,21.8022,-6.56239,8.95744,48.2233
78469,3317,3922,6530,12282,3454,3674,4831,6065,3138,3502,3703,3995,3012,3277,3421,3328,-27.9605,25.839,8.71416,47.634
78470,4555,5641,4624,3669,5070,8169,5709,3926,4156,4854,4134,3592,3573,3778,3613,3265,-8.92995,-5.65233,8.87808,48.2187
78471,3363,3930,5507,9192,3237,3875,5367,8835,3319,3565,3944,4670,3095,3235,3512,3611,-15.4429,26.2864,8.69599,48.1713
78472,10146,5700,3871,3329,7946,5082,3865,3300,4366,4008,3432,3304,3528,3421,3162,3085,-17.9057,-27.6867,8.75016,47.6967
78473,3141,3359,3636,3789,3311,3672,4430,5223,3360,3846,5672,9536,3249,3824,5027,7000,10.1558,24.5979,8.77059,48.05
78474,3533,4744,8769,8373,3694,4179,5518,5652,3314,3720,3751,3865,3094,3291,3308,3404,-23.5528,14.4442,8.81831,48.1393
78475,4087,6112,8319,5226,3973,5221,6430,4733,3467,3806,4010,3612,3172,3316,3431,3331,-19.0532,4.64611,8.88449,48.164
78476,4379,5609,4858,3858,4791,7844,6097,4092,4104,4761,4319,3667,3536,3580,3624,3321,-9.29022,-3.72811,8.89181,48.2933
78477,3000,3429,3744,3842,3298,3812,4684,5312,3551,3995,6506,8659,3383,3871,5191,6022,8.43638,18.6758,8.89536,48.1993
78478,3655,4539,8428,8701,3551,4076,5645,5930,3250,3569,3960,3948,3042,3170,3412,3507,-22.6357,15.8561,8.84258,48.2553
78479,6466,5907,4008,3438,7839,6829,4191,3474,4705,4553,3734,3438,3778,3704,3384,3155,-11.7836,-16.8816,8.60177,48.402
78480,4432,4347,3700,3312,6073,6369,4155,3511,6280,6622,4095,3479,4490,4377,3732,3516,0.255549,-14.5756,8.74239,48.3267
78481,3296,3684,4934,7550,3335,3814,5230,9967,3294,3486,4272,5246,3064,3275,3643,3751,-11.1842,29.0466,8.91866,47.894
78482,4224,4543,4060,3476,5286,7573,4879,3759,4848,6280,4337,3653,3937,4027,3770,3402,-2.88533,-8.46323,8.77613,48.036
78483,3535,4468,8221,9937,3440,3999,5073,5613,3270,3520,3852,3992,3057,3155,3310,3358,-28.5534,16.9366,8.63965,47.8667
78484,5179,7139,5180,3911,5095,7426,5097,3866,4023,4382,3899,3483,3523,3576,3457,3295,-14.7642,-6.80814,8.65364,48.354
78485,4791,6662,5867,4165,4678,7104,5948,4040,3897,4303,4042,3577,3454,3519,3363,3276,-14.7563,-2.65036,8.88111,48.4573
78486,9927,7785,4311,3505,5964,5226,3915,3502,4045,3913,3619,3235,3449,3380,3221,3100,-24.5763,-18.357,8.69128,48.0647
78487,3390,3363,3239,3052,4028,3834,3512,3217,6755,4944,3861,3383,11942,6081,3929,3324,23.1182,-27.7881,8.5817,47.9027
78488,7302,9119,5049,3662,5269,5922,4362,3566,3885,3898,3597,3312,3450,3389,3201,3021,-22.4421,-11.2853,8.93373,48.0027
78489,3671,5091,9692,7671,3674,4216,5511,5315,3416,3545,3677,3833,3105,3296,3335,3236,-26.6026,11.7345,8.8693,48.1893
78490,3360,3441,3267,3077,4056,4157,3723,3369,5667,6249,4361,3583,7104,8260,4823,3774,19.5047,-12.5553,8.55305,48.1807
78491,3526,4289,6866,7738,3417,4138,6415,7025,3385,3731,4202,4244,3164,3274,3452,3460,-16.2892,16.379,8.99073,48.2173
78492,3391,3651,4015,3887,3544,4231,5710,4755,3667,4712,7910,5741,3552,4005,5048,4547,5.0591,9.38783,8.84645,48.244
78493,4375,4074,3510,3197,7132,4940,3730,3285,8836,5534,3735,3392,5292,4530,3642,3292,3.11893,-24.0724,8.93224,48.3307
78494,3210,3427,3299,3068,3643,3876,3661,3463,4572,5709,4513,3892,6146,9633,6163,4176,24.6868,-6.52042,8.73761,48.3007
78495,4522,4268,3652,3252,6881,6024,3946,3419,6800,6034,4022,3469,4553,4334,3613,3309,-0.0602992,-17.134,8.89845,48.0653
78496,6751,10050,5761,3896,4862,5350,4322,3754,3808,3680,3593,3350,3252,3301,3197,3029,-29.3075,-9.05541,8.80697,47.9707
78497,3452,3873,6376,12436,3333,3746,4682,6128,3276,3517,3834,3864,3108,3160,3324,3459,-27.0023,27.0795,8.73666,47.712
78498,3264,3308,3279,3081,3741,3812,3631,3346,4855,5722,4556,3765,6370,9528,5821,3967,24.057,-8.01808,8.87125,48.0307
78499,3925,3780,3412,3149,6155,4433,3622,3244,9774,5479,3868,3447,6193,4541,3769,3330,6.79884,-26.1198,8.92003,48.0807
78500,4615,7883,8635,4950,4174,4825,5023,4288,3478,3636,3793,3533,3298,3316,3292,3265,-29.3262,1.43067,8.6668,48.0027
78501,5807,6055,4246,3377,6754,7602,4512,3634,4543,4605,3818,3322,3681,3734,3420,3074,-11.2068,-13.3951,8.8649,48.1227
78502,3447,3703,4003,3983,3489,4236,6173,5059,3597,4737,7741,5887,3570,3941,4706,4410,2.93554,10.4411,8.99387,48.4547
78503,4246,5838,6419,4463,4175,6270,6778,4458,3637,4109,4388,3725,3323,3480,3550,3456,-13.9853,1.59641,8.96399,48.21
78504,3312,3320,3157,3137,3760,3858,3714,3389,4784,5550,4505,3832,6240,9545,5827,4059,23.8089,-7.3819,8.78427,47.9927
78505,3632,3960,3878,3435,4335,5706,4875,3866,4561,7382,5821,3931,4046,4818,4364,3719,4.28084,-3.52706,8.61487,48.2193
78506,3608,3873,3804,3495,3976,5374,5149,3857,4568,7037,6324,4060,4018,4563,4547,3839,4.42383,-1.16688,8.66304,48.0613
78507,3051,3190,3487,3397,3295,3529,3884,4099,3376,4121,5615,6362,3434,4352,7589,9270,21.1123,17.6256,8.75367,48.034
78508,3040,3319,3457,3418,3140,3445,3840,4077,3511,3821,5295,6296,3429,4236,7317,10667,23.35,20.3255,8.76189,48.2053
78509,3489,3485,3468,3284,4233,4626,3947,3365,5674,7927,4994,3689,5425,6516,4596,3724,12.3476,-9.02167,8.79541,48.2947
78510,5440,6849,4873,3841,5437,7610,4866,3770,4068,4374,3855,3482,3432,3513,3470,3169,-13.6831,-8.25793,8.56927,48.0327
78511,3990,5856,9881,6469,3682,4314,5314,4740,3441,3599,3771,3771,3260,3312,3403,3404,-28.3788,7.87574,8.5231,48.138
78512,4593,7689,8990,5267,3930,4688,5093,4351,3562,3629,3777,3507,3235,3295,3309,3333,-27.1985,2.26926,8.61885,48.1653
78513,3339,3923,6519,11979,3364,3827,4973,6557,3326,3391,3705,3896,3030,3249,3318,3482,-24.5625,24.6987,8.85591,47.9187
78514,3513,3622,3185,3147,4298,4087,3564,3342,7040,6213,4149,3448,8015,6845,4232,3550,16.6571,-17.2011,8.74884,48.1667
78515,3497,3426,3223,3054,4158,3993,3568,3256,7089,5654,3921,3473,9030,6993,4198,3531,18.9434,-19.0111,8.73117,48.0427
78516,4709,8267,7822,4792,4189,5168,5267,4220,3562,3896,3842,3573,3228,3300,3412,3127,-23.2739,-0.222157,8.97174,48.2493
78517,3537,3477,3359,3192,4161,4110,3678,3351,6183,6470,4435,3516,7104,7411,4536,3710,17.1381,-13.5987,8.63105,48.1533
78518,3404,3952,5698,9783,3421,3793,5014,8244,3215,3489,4028,4271,3172,3266,3466,3482,-17.3061,31.7357,8.68728,47.7987
78519,3588,4118,5113,4635,3736,4996,8061,5596,3590,4164,5597,4604,3230,3641,3947,3755,-6.03592,9.07687,8.74072,48.2473
78520,3403,3317,3200,3151,3836,3718,3512,3326,5874,4698,3737,3350,12795,5934,3869,3395,30.1446,-32.3732,8.92597,47.41
78521,4248,7090,9332,5377,3973,4784,5336,4476,3529,3722,3816,3629,3151,3218,3305,3239,-26.022,3.75841,8.89185,48.15
78522,4114,3735,3328,3185,6371,4565,3739,3213,9461,5590,3789,3365,5801,4592,3642,3329,5.98444,-24.4069,8.93811,47.8793
78523,3328,3953,5657,9724,3338,3888,5230,8315,3124,3454,3982,4440,3140,3314,3386,3577,-17.3357,26.4382,8.59624,47.9
78524,4291,6173,7277,4779,4127,5653,6386,4550,3609,3896,4058,3741,3277,3429,3404,3282,-16.8626,2.58711,8.64721,47.9547
78525,3362,3629,4494,5294,3386,3788,5776,8923,3401,3749,4831,6720,3109,3503,3927,4256,-4.14578,22.4499,8.73311,48.0987
78526,3853,5587,9450,6460,3750,4534,5833,4868,3384,3649,3944,3735,3080,3222,3302,3380,-22.7871,8.46744,8.84586,48.0207
78527,8904,8974,4596,3661,5375,5189,4129,3441,3887,3741,3511,3232,3382,3348,3292,3128,-28.4605,-14.9442,8.71853,47.86
78528,3644,4237,4486,3894,4002,5648,6896,4514,3949,5292,6150,4351,3583,3991,4159,3789,-1.69599,3.04638,8.62413,48.39
78529,3058,3297,3468,3538,3198,3440,3861,4115,3388,3898,4956,7710,3281,3959,6051,10702,19.5005,27.4835,8.7926,47.9467
78530,3187,3277,3663,3924,3310,3525,4567,5668,3437,4014,5699,9320,3201,3720,4885,6442,8.53506,24.07,8.63387,47.8927
78531,4441,7668,9087,5240,3982,4747,5031,4369,3489,3724,3802,3560,3176,3358,3450,3223,-29.5914,2.49257,8.64928,48.2313
78532,3346,3363,3332,3144,3620,3808,3758,3354,4575,5145,4701,4029,5377,9325,6744,4147,33.1037,-4.25354,8.52539,47.8453
78533,3290,3413,3543,3421,3500,3795,4015,3656,3972,5398,6447,4648,4266,5997,7640,5212,17.8656,3.60345,8.57533,48.142
78534,3442,3408,3234,3121,4068,3872,3529,3195,6327,5298,4081,3441,9459,7822,4430,3422,21.8458,-17.6465,8.90177,48.0993
78535,3250,3908,6037,12720,3316,3747,4653,5981,3275,3384,3751,3942,3100,3263,3485,3497,-31.8484,28.7801,8.69327,47.5393
78536,4167,3816,3452,3119,6592,4651,3767,3323,9587,5204,3858,3375,5917,4529,3670,3311,5.27089,-28.8936,8.5465,48.2253
78537,4127,6427,9743,6070,3826,4458,5431,4626,3438,3683,3822,3767,3218,3313,3299,3307,-25.2683,6.34972,8.73795,48.37
78538,3092,3290,3646,3665,3166,3404,4147,4763,3433,3896,5598,8836,3353,3915,5492,8309,14.3564,22.9066,8.65394,48.0033
78539,7255,8237,4674,3538,5938,6235,4350,3507,4061,4030,3585,3394,3439,3477,3360,3209,-19.0679,-13.3074,8.86106,48.1927
78540,3419,3330,3258,3072,4184,3872,3493,3275,7374,4954,3843,3383,11055,5773,3986,3350,20.356,-30.9305,8.53101,47.7473
78541,3016,3198,3479,3447,3164,3353,3806,4033,3413,3731,4946,6796,3436,3959,6389,11549,23.4611,25.5144,8.68027,47.81
78542,5169,6532,4754,3838,5381,7875,5198,3811,4117,4532,3867,3490,3575,3591,3491,3243,-12.879,-7.82765,8.60383,48.3093
78543,3564,4080,4517,4200,3675,5092,7464,5089,3663,4641,6288,4578,3513,3769,4204,3858,-2.0802,6.68732,8.9713,48.13
78544,3518,3470,3234,2997,4383,3985,3524,3157,7925,5362,3873,3479,9795,5982,3908,3364,18.2752,-22.8883,8.67441,47.9707
78545,5760,4529,3773,3329,9682,5038,3916,3357,6560,4486,3600,3333,4176,3913,3435,3167,-5.28484,-29.1832,8.85452,48.036
78546,3673,5274,9687,7436,3708,4113,5261,5181,3390,3473,3805,3679,3184,3283,3375,3314,-28.9196,10.9389,8.78578,47.8907
78547,3202,3337,3352,3365,3364,3635,4050,4033,3587,4330,6276,5535,3662,4950,8334,7006,19.6569,11.3852,8.60592,48.012
78548,5960,4606,3683,3314,9826,5179,3811,3313,6391,4400,3561,3334,4151,3880,3411,3200,-6.11131,-30.2761,8.99249,48.0133
78549,3472,3510,3265,3165,4458,4026,3536,3196,8727,5171,3712,3388,9440,5566,3839,3378,15.7947,-26.4612,8.85483,47.8993
78550,10118,8225,4373,3542,5591,5038,4051,3541,3875,3928,3422,3255,3413,3399,3289,3116,-29.8739,-17.5278,8.77768,48.1173
78551,8005,5437,3771,3348,9194,5602,3936,3369,4952,4191,3525,3202,3586,3452,3398,3100,-13.2115,-23.9694,8.99167,48.0453
78552,3336,3864,5854,8866,3321,4056,5557,8214,3221,3611,4099,4524,3154,3181,3611,3523,-15.4738,22.9166,8.99572,47.9947
78553,3637,4757,9158,8375,3494,4188,5506,5438,3344,3492,3889,3794,3140,3262,3507,3344,-24.932,13.6588,8.92739,48.2167
78554,3171,3266,3431,3400,3194,3421,3969,3984,3392,3834,5069,6456,3527,4231,7171,10864,23.856,20.813,8.8335,48.2533
78555,3637,4300,4752,4137,3910,5763,7200,4737,3731,4879,5903,4388,3479,3869,4035,3811,-3.17612,4.20457,8.52113,48.354
78556,3580,3423,3263,3029,4469,4035,3574,3270,8051,5840,3925,3351,8465,6144,4038,3482,16.0767,-21.1225,8.87567,47.9593
78557,5690,8433,5784,4116,4769,6377,4873,3857,3829,4026,3808,3383,3345,3357,3342,3208,-19.205,-6.13682,8.58306,48.1313
78558,4569,7595,8187,4850,4127,5266,5299,4277,3585,3829,3916,3706,3343,3375,3258,3231,-23.3131,0.874677,8.58145,48.2753
78559,3358,3709,3688,3663,3672,4416,5301,4201,3966,5616,7847,4975,3756,4419,5165,4350,6.81519,5.0566,8.73503,48.068
78560,3316,3281,3266,3066,3840,3810,3501,3346,5670,5136,3959,3612,10205,8345,4275,3372,29.4679,-17.7277,8.92221,48
78561,3331,3679,4695,6149,3404,3895,5562,9563,3253,3730,4565,6030,3136,3282,3776,4134,-7.35367,24.5004,8.58877,48.1227
78562,4454,4096,3470,3266,7223,5393,3753,3401,7847,5826,4000,3389,4855,4482,3564,3212,1.87884,-20.8412,8.6457,48.154
78563,5218,9207,7305,4306,4382,5026,4800,3943,3559,3914,3811,3512,3209,3402,3442,3223,-33.0897,-3.22907,8.98132,48.1727
78564,3594,4674,8912,8828,3565,4086,5229,5496,3244,3631,3869,3864,3134,3290,3326,3347,-32.0668,14.764,8.55582,48.0593
78565,3093,3311,3380,3416,3129,3611,3843,3910,3455,3934,5012,5669,3430,4230,7726,10769,32.3743,19.408,8.59999,47.9453
78566,3011,3268,3385,3415,3234,3459,3920,4274,3271,3763,4970,7169,3404,3960,6144,11074,21.1092,25.3689,8.84135,47.814
78567,4717,4749,3957,3433,6458,7275,4388,3538,5547,5809,4087,3488,4112,4095,3549,3278,-3.27137,-13.5052,8.76733,48.32
78568,4419,5693,5392,4189,4613,7215,6296,4173,3924,4645,4328,3666,3572,3576,3683,3376,-11.0044,-1.72459,8.64475,48.5067
78569,3585,3437,3292,3119,4785,4060,3491,3197,8069,5548,3973,3363,8846,5996,3987,3312,16.0666,-21.8531,8.8059,48.04
78570,3251,3337,3355,3368,3331,3626,3822,3723,3625,4337,5245,5054,3680,5056,9607,7572,33.7961,11.6788,8.66866,47.9927
78571,3411,3483,3162,3188,4137,3823,3473,3151,6887,4928,3719,3454,11770,6157,3863,3391,22.4985,-28.521,8.69203,47.998
78572,3796,4545,5527,4400,3775,5631,7969,5072,3630,4431,4993,4185,3347,3545,3718,3621,-8.26425,5.28828,8.69882,48.1233
78573,3837,4252,4112,3612,4346,6149,5753,4154,4335,6135,5635,3899,3866,4114,4051,3734,-0.769435,-2.02363,8.62782,47.9893
78574,3260,3608,3985,3958,3551,4190,5575,5045,3624,4503,7921,6155,3391,4104,4904,4739,5.08559,11.6464,8.62144,48.342
78575,3145,3477,4040,3768,3448,3899,5165,5113,3545,4377,7521,6893,3468,4005,5163,5236,6.76869,14.3305,8.54068,48.1753
78576,3625,4071,4861,4506,3713,5045,7755,5153,3709,4407,5964,4693,3485,3672,4000,3946,-3.90146,7.80517,8.85822,48.4033
78577,4577,6158,5237,4032,4792,7324,5896,4136,3905,4485,4132,3590,3437,3545,3415,3324,-12.2839,-3.45577,8.57419,47.99
78578,3222,3518,3748,3871,3422,3850,4951,5098,3498,4274,7379,7207,3446,4058,5208,5459,7.68433,14.8349,8.66636,48.1393
78579,4998,7525,5597,4124,4840,7120,5311,3955,3763,4264,3988,3490,3405,3538,3363,3298,-15.805,-5.08435,8.97554,48.386
78580,3363,3387,3205,3165,3940,3872,3427,3216,6297,4953,3777,3266,12243,6067,3809,3407,26.5442,-30.253,8.7004,47.596
78581,5090,8135,6330,4259,4676,6201,5189,4024,3678,3891,3888,3508,3467,3445,3384,3171,-19.2554,-3.94103,8.75786,48.224
78582,4801,5093,4087,3462,6416,7721,4584,3629,4728,5440,3956,3536,3864,3959,3607,3250,-6.33721,-11.9126,8.69154,48.0887
78583,12769,5921,3765,3413,6042,4766,3718,3379,3901,3589,3402,3244,3416,3296,3340,3259,-33.078,-31.2297,8.78863,47.48
78584,3776,3714,3408,3265,4873,4890,3762,3477,7252,7420,4275,3380,5705,5453,4150,3554,9.70449,-14.883,8.52719,48.236
78585,3885,3765,3427,3170,5728,4387,3645,3322,9999,5293,3830,3426,6472,4849,3676,3297,8.62348,-32.5068,8.94169,48.114
78586,3474,3805,5498,9308,3351,3804,5191,8448,3225,3515,4067,4625,3148,3365,3411,3588,-15.8571,28.2906,8.60341,47.882
78587,4636,3944,3529,3208,7599,4800,3644,3339,9073,5157,3815,3312,5142,4158,3611,3229,2.19376,-26.7755,8.97473,48.1307
78588,3790,3616,3346,3125,5115,4389,3598,3297,9073,5976,3874,3320,7060,5288,3867,3496,11.4088,-22.1604,8.50601,48.1533
78589,3557,3494,3305,3179,4795,4035,3520,3231,8712,5297,3889,3283,9166,5620,3817,3450,15.7493,-26.5508,8.56023,48.2333
78590,4575,8061,8410,4908,4033,4891,5036,4149,3491,3717,3819,3552,3214,3405,3282,3255,-31.4256,0.924412,8.93185,47.8653
78591,11420,5867,3859,3449,7167,4818,3876,3446,4048,3835,3345,3239,3448,3468,3255,3101,-21.2846,-29.5101,8.7724,47.7607
78592,3485,3764,5175,5511,3493,4303,7262,7255,3422,3904,5109,5221,3182,3419,3828,3893,-7.38362,15.1925,8.6922,48.1507
78593,3220,3584,3925,3920,3491,3995,5726,5157,3583,4449,7619,6523,3415,3937,4931,4843,5.35887,13.0344,8.63163,48.212
78594,3146,3361,3368,3427,3323,3528,3933,3943,3501,4143,5503,5667,3622,4531,8464,8744,23.8914,15.5226,8.73112,48.136
78595,8763,5402,3791,3411,9076,5126,3727,3457,4840,4118,3556,3225,3583,3485,3327,3127,-14.4207,-29.9572,8.52853,48.0093
78596,3075,3262,3363,3234,3337,3592,3902,3745,3737,4581,5755,4954,3958,5823,9517,6347,23.2764,8.06222,8.75652,48.1213
78597,3150,3158,3386,3276,3285,3672,3880,3757,3705,4241,5390,5013,3649,5168,9874,7513,30.9368,11.2916,8.91473,48.078
78598,3102,3281,3436,3437,3342,3652,4051,3935,3623,4238,6132,5979,3528,4631,8091,7570,19.3582,14.0495,8.96683,48.0187
78599,6813,5123,3843,3318,9150,5941,3868,3387,5367,4478,3748,3296,3771,3634,3385,3089,-10.2812,-22.6185,8.68316,48.1407
78600,3520,3456,3268,3026,4293,4061,3427,3223,7975,4977,3809,3291,10395,5581,3953,3407,18.4881,-29.7862,8.74364,47.7747
78601,3309,3438,3354,3160,3697,3838,3732,3441,4562,5400,4798,3894,5774,9349,6473,4103,25.3092,-5.5466,8.81187,48.2147
78602,3643,3926,4601,4531,3636,4700,7616,5684,3525,4267,6091,5089,3385,3774,4103,3948,-3.15097,10.3728,8.77576,48.346
78603,3082,3233,3465,3389,3208,3443,3792,4412,3330,3807,4909,8063,3428,3870,5657,10711,18.8891,30.0843,8.75603,47.866
78604,3376,3871,5697,11244,3312,3686,4918,7393,3285,3442,3913,4121,3165,3223,3494,3441,-20.6138,31.5569,8.82202,47.7207
78605,6212,4672,3586,3302,9920,5389,3874,3372,5998,4341,3635,3289,4031,3858,3447,3128,-7.56153,-27.6006,8.62654,48.036
78606,3385,3829,6128,12583,3350,3841,4806,6013,3130,3445,3805,3953,3128,3229,3402,3461,-30.9746,27.0278,8.71102,47.6587
78607,3397,3406,3292,3225,3878,3611,3394,3319,5875,4750,3810,3392,12585,5858,3888,3409,30.8108,-33.1767,8.76049,47.3927
78608,12757,6050,3782,3333,6060,4637,3783,3364,3960,3785,3521,3092,3433,3381,3194,3168,-29.8163,-28.2667,8.87102,47.5333
78609,12167,6123,3992,3419,6523,4756,3818,3416,3978,3915,3318,3257,3470,3318,3197,3133,-24.8056,-26.4529,8.88677,47.8667
78610,3208,3296,3483,3664,3274,3582,4217,5047,3350,3780,5233,9294,3375,3829,5109,7958,12.7622,33.0905,8.68844,47.7993
78611,3438,4218,7075,10434,3392,4038,5196,6742,3189,3441,4016,4053,3082,3341,3514,3449,-22.1237,20.9727,8.92076,48.412
78612,3185,3309,3415,3251,3512,3756,3958,3551,4299,5360,5479,4245,4691,7561,8057,4798,22.4564,0.846505,8.71857,48.2847
78613,3981,3840,3329,3281,5515,4782,3618,3355,8594,6495,3963,3376,5830,4838,3788,3364,7.35708,-19.8559,8.505,47.966
78614,3335,3683,3867,3807,3636,4266,5341,4555,3705,5072,8135,5475,3568,4196,5170,4635,6.77335,8.75169,8.65445,48.2973
78615,4275,4097,3553,3299,6442,5479,3797,3322,7930,6186,4000,3408,5145,4568,3603,3354,2.89341,-18.7152,8.90852,48.3053
78616,11586,6896,4118,3549,5994,4855,3803,3377,3913,3799,3556,3254,3334,3379,3244,3145,-27.9841,-22.0189,8.60514,47.868
78617,3190,3413,3774,3807,3433,3839,4948,4898,3524,4296,7317,7158,3378,4016,5370,5559,8.49843,15.2102,8.58737,47.9467
78618,3649,3898,3870,3417,4270,5590,4841,3947,4567,7169,6056,3978,4134,4698,4452,3827,4.22722,-2.56714,8.54953,48.242
78619,2988,3105,3342,3368,3269,3351,3853,3938,3354,3768,4775,6483,3321,3958,6205,12608,25.9275,28.3143,8.90252,47.7907
78620,3610,4513,6618,5414,3672,4796,7870,5882,3463,3939,4527,4238,3302,3452,3596,3613,-12.3204,10.4113,8.86737,48.3367
78621,3216,3582,3725,3734,3491,3982,4978,4601,3652,4647,7996,6167,3494,4248,5552,5143,8.48019,11.1186,8.53177,48.1387
78622,3396,3462,3413,3241,3943,4040,3746,3289,4968,6604,4789,3754,5786,8298,5525,3981,18.414,-7.3603,8.74587,48.1567
78623,4470,5550,4683,3829,4881,8050,5592,3953,4137,4809,4296,3669,3612,3678,3638,3372,-8.64099,-5.13765,8.84953,48.146
78624,4171,3900,3415,3219,6692,4657,3641,3334,9375,5137,3881,3345,5647,4550,3585,3246,4.82502,-32.0303,8.55201,47.8633
78625,4045,6030,7971,5220,3905,5155,6542,4691,3584,3918,4206,3817,3258,3458,3550,3345,-18.1102,4.5139,8.72349,48.4633
78626,3712,3728,3324,3263,4882,4764,3683,3365,7770,7058,4220,3501,5905,5694,4100,3404,9.87773,-16.1552,8.83351,48.2487
78627,11461,5943,3976,3446,7325,4937,3737,3339,4060,3827,3436,3249,3324,3347,3278,3182,-21.3294,-32.9875,8.61341,47.9113
78628,7909,6345,4151,3565,7513,6269,4081,3454,4501,4217,3619,3340,3587,3520,3368,3162,-15.8487,-17.9465,8.94347,48.4007
78629,3166,3400,3425,3354,3226,3618,4036,4064,3543,3973,5368,6155,3433,4309,7592,9795,22.9694,18.2901,8.54317,48.3047
78630,3921,3885,3346,3097,5356,4689,3728,3247,8141,6623,4073,3415,5858,5066,3927,3396,7.41002,-18.2296,8.80505,47.8453
78631,3238,3573,3757,3554,3411,3835,4848,4643,3571,4484,7601,6510,3534,4323,5869,5395,9.64924,12.5436,8.56825,48.0973
78632,4869,5983,4692,3625,5261,8290,5241,3746,4147,4913,3978,3482,3595,3658,3580,3273,-10.4205,-7.41632,8.72547,48.222
78633,3846,4370,4663,4144,4116,5942,7280,4577,3855,4873,5571,4126,3517,3790,3928,3760,-3.95492,3.03337,8.71071,48.2387
78634,3215,3260,3377,3268,3231,3601,3791,3991,3371,3814,5063,5885,3347,4089,7429,10974,32.9763,20.3319,8.52093,47.804
78635,3657,4441,5761,4915,3711,5013,8276,5796,3542,3989,4866,4326,3222,3535,3726,3767,-9.17143,9.08815,8.59773,48.362
78636,3427,3932,6151,9742,3337,3894,5490,8029,3150,3520,3956,4492,3121,3325,3474,3374,-17.7067,23.6055,8.93168,48.276
78637,3574,3416,3172,3142,4347,4071,3573,3238,7746,5473,4014,3475,9354,6133,4026,3421,17.4495,-21.8082,8.97503,48.1167
78638,3444,3833,5295,8662,3333,3793,5347,9333,3253,3565,4082,4777,3097,3286,3534,3623,-14.1966,28.1128,8.91663,48.1713
78639,3111,3185,3407,3490,3169,3430,3773,4025,3357,3930,5177,6171,3453,4167,7534,10730,24.3333,20.3111,8.50088,48.0727
78640,3943,5455,10056,6783,3634,4333,5131,4886,3217,3611,3790,3854,3209,3279,3309,3261,-31.1958,9.15623,8.74604,47.834
78641,3446,3441,3199,3226,3959,3894,3600,3286,5586,5491,4093,3446,8456,8612,4720,3606,24.6071,-15.0795,8.83686,48.0407
78642,3298,3241,3348,3308,3274,3504,3760,3956,3280,3891,4892,5880,3400,4114,7194,11424,31.5179,21.3065,8.85512,47.8427
78643,3395,3926,5996,12642,3410,3807,4763,6139,3245,3444,3713,3944,3059,3275,3349,3451,-28.3904,30.529,8.75949,47.7053
78644,4239,6535,9322,5669,3883,4630,5522,4569,3404,3693,3802,3742,3295,3258,3411,3283,-24.2362,5.11308,8.93255,48.1713
78645,6302,5390,3988,3399,7938,6846,4172,3389,4960,4718,3744,3422,3818,3602,3445,3120,-9.42338,-17.772,8.57584,48.1687
78646,5014,4349,3596,3248,8329,5400,3786,3309,7529,5202,3870,3300,4682,4069,3415,3115,-1.6711,-23.478,8.92312,48.142
78647,12363,6414,4054,3437,5917,4820,3759,3452,3970,3684,3431,3160,3454,3384,3196,3157,-30.4296,-24.4678,8.88351,47.768
78648,3703,3797,3545,3288,4563,5093,3857,3425,6058,7992,4794,3559,5038,5592,4164,3613,8.28948,-10.7233,8.69754,48.054
78649,5119,9049,7407,4463,4207,5048,4790,4110,3588,3779,3669,3392,3308,3337,3466,3350,-31.0597,-2.30265,8.68612,48.0547
78650,3604,4607,7612,7225,3503,4279,6526,6262,3273,3690,4157,4066,3105,3290,3400,3465,-17.3956,13.9403,8.75712,48.0427
78651,3438,3691,3691,3533,3760,4675,4880,3923,4227,6856,7295,4463,3911,4875,5004,4066,7.20561,1.04263,8.99413,48.192
78652,4312,4468,3934,3403,5256,7128,4708,3610,5048,6565,4648,3662,4073,4206,3803,3390,-1.04412,-8.76386,8.8328,48.1427
78653,3787,5303,9539,6793,3676,4357,5601,5044,3313,3612,3899,3756,3089,3175,3422,3300,-24.1948,9.51104,8.86925,47.7773
78654,3184,3241,3440,3446,3285,3601,3783,3935,3431,4019,5104,5637,3524,4390,7949,10235,31.9254,18.1894,8.57349,48.136
78655,3218,3299,3496,3461,3440,3706,4298,4047,3699,4916,7229,5294,3910,4953,7727,5715,16.2989,8.77702,8.90418,48.272
78656,3743,5153,7917,5823,3812,4773,6964,5368,3460,3706,4056,3920,3199,3386,3363,3469,-16.8687,8.68358,8.77932,48.0747
78657,12635,6121,4010,3376,6225,4790,3772,3327,3957,3820,3378,3239,3383,3387,3296,3068,-27.303,-28.6982,8.55612,47.856
78658,3305,3463,3442,3348,3580,4003,4337,3884,4045,5696,7503,4858,4004,5330,6677,4827,13.9003,4.5644,8.97142,48.2013
78659,3487,4370,8120,10147,3372,4035,5146,5573,3261,3582,3852,3799,3060,3128,3372,3351,-29.0864,17.9115,8.75319,47.77
78660,3404,3953,6081,12098,3433,3880,4820,6581,3281,3468,3834,3965,3066,3186,3254,3351,-23.6344,30.868,8.6387,47.77
78661,3230,3530,4278,5175,3343,3676,5060,8986,3306,3654,4758,7760,3178,3518,4043,4527,-1.85447,29.0053,8.72335,48.0147
78662,3058,3198,3378,3445,3228,3310,3789,4052,3353,3872,4782,6036,3362,3999,6670,12057,33.5765,23.7752,8.90377,47.726
78663,5079,4998,3886,3538,6895,7380,4355,3585,5123,5272,3956,3413,3935,3878,3559,3282,-5.87797,-14.3792,8.76119,48.0893
78664,4115,5101,5390,4307,4235,6631,7221,4592,3880,4435,4672,3969,3423,3701,3597,3448,-9.47025,1.06081,8.88615,48.478
78665,3519,3380,3128,3138,4190,4043,3556,3212,7834,4933,3835,3389,10517,5777,3793,3348,18.9327,-28.6974,8.65652,47.728
78666,3163,3607,4375,4899,3362,3722,5251,8612,3403,3821,4971,7801,3246,3647,4130,4662,-0.896338,25.0595,8.68141,48.448
78667,3164,3157,3439,3318,3249,3522,3808,4038,3393,3984,5144,6167,3416,4335,7625,10838,25.5704,20.1027,8.81977,48.398
78668,5023,6784,5254,4026,4849,7212,5547,3953,3816,4330,4002,3604,3392,3642,3363,3258,-14.5453,-5.16149,8.60798,48.0367
78669,3292,3320,3415,3255,3592,3860,3734,3587,4207,4994,4831,4137,4928,8769,7613,4414,32.9534,-1.82846,8.56973,47.9653
78670,3334,3581,4241,4277,3422,4211,6363,6062,3562,4202,6652,6242,3417,3725,4410,4470,0.808858,14.261,8.7833,48.114
78671,3657,4392,5570,4633,3791,5112,7913,5585,3579,4131,5047,4305,3205,3509,3834,3675,-7.60145,7.74137,8.59015,47.9587
78672,11553,7037,4078,3517,5999,4779,3852,3411,3991,3871,3342,3271,3435,3367,3243,3185,-28.9551,-21.9501,8.75638,47.954
78673,3525,4203,6619,8805,3493,4007,5892,7229,3137,3522,4018,4209,3082,3294,3479,3501,-18.1402,19.2276,8.67077,48.01
78674,3145,3359,3657,3838,3315,3639,4191,5435,3360,3787,5149,9751,3331,3793,4835,7130,10.1977,30.2737,8.53927,47.81
78675,9203,5330,3849,3426,8701,5132,3804,3342,4786,4040,3558,3316,3484,3439,3292,3129,-15.0461,-27.5401,8.81878,47.8873
78676,4115,4605,4499,3850,4435,7080,6423,4110,4108,5287,5070,3933,3713,3975,3863,3498,-4.39092,-1.20672,8.72993,48.376
78677,3779,5349,9686,7313,3687,4228,5227,5120,3246,3629,3804,3710,3123,3332,3495,3335,-29.949,10.58,8.51189,48.042
78678,3211,3664,4020,4148,3450,3959,5334,5934,3475,4133,6823,7427,3319,3720,4593,5039,3.88811,16.4437,8.91409,48.166
78679,5956,4663,3732,3343,9891,5297,3846,3360,6278,4644,3706,3212,4075,3794,3347,3192,-6.28972,-32.7648,8.9034,48.224
78680,4115,6369,8989,5652,3846,4743,5836,4615,3454,3707,3798,3648,3199,3365,3410,3367,-22.4944,4.90582,8.63176,48.0753
78681,3325,3753,4805,5641,3417,3980,6472,8746,3236,3679,4920,5702,3261,3370,3823,3879,-6.78841,19.4615,8.91564,48.006
78682,3544,3333,3196,3153,4238,4007,3436,3254,7418,5013,3754,3464,11169,5787,3935,3393,20.7534,-29.6153,8.51531,48.0627
78683,3130,3368,3708,3837,3218,3635,4401,5463,3368,3753,5222,10014,3349,3725,4929,6950,9.71945,29.3394,8.92712,48.0467
78684,3713,4625,7837,7047,3626,4343,6517,5884,3280,3735,4055,4161,3043,3311,3518,3473,-17.9531,13.0184,8.68562,48.112
78685,3351,3853,5539,10182,3455,3867,5102,7969,3324,3571,3963,4314,3188,3306,3443,3342,-18.2357,30.6137,8.59879,47.846
78686,3387,3392,3277,3101,3930,3810,3401,3161,6271,4715,3793,3305,12152,6430,3999,3383,26.3438,-24.8574,8.99269,47.6713
78687,3409,4190,7006,12191,3367,3756,4739,5932,3204,3392,3751,4009,3025,3228,3385,3410,-30.2628,23.0599,8.99068,47.996
78688,3790,5209,9226,6965,3761,4402,5819,5203,3373,3671,4057,3692,3109,3143,3355,3353,-22.4734,10.5649,8.9381,48.0853
78689,3522,3739,3772,3464,3965,5015,4828,3843,4331,6991,6844,4259,4069,4881,4743,4113,6.94773,-0.482289,8.75408,48.2527
78690,3152,3262,3407,3462,3241,3456,3793,3995,3282,3669,4612,6133,3387,3950,5987,12642,31.1896,28.9304,8.69277,47.62
78691,3191,3210,3553,3442,3258,3508,4006,4183,3454,4010,5616,7066,3527,4046,6712,9393,19.0244,20.2406,8.74292,48.1167
78692,3035,3261,3566,3385,3337,3632,3930,4201,3404,3991,5431,7259,3385,4254,6684,9598,19.3652,21.0472,8.64015,48.2353
78693,5007,5105,3905,3423,6931,7735,4320,3587,4942,5248,4061,3400,3925,3828,3542,3248,-6.78445,-13.6772,8.95704,48.138
78694,4194,6514,9408,5745,3929,4653,5369,4691,3317,3636,3827,3644,3052,3282,3342,3271,-25.5735,5.40729,8.81548,47.916
78695,3751,4009,3763,3356,4580,6003,4585,3583,5105,7686,5280,3782,4162,4870,4093,3530,3.89373,-6.98023,8.95527,48.092
78696,3404,3359,3194,3130,4003,3844,3392,3190,6573,4866,3774,3432,12245,5942,3966,3354,24.7021,-29.1132,8.53684,47.7787
78697,3877,3858,3491,3226,5386,5040,3718,3418,7672,7195,4258,3412,5381,4821,3846,3324,6.47878,-16.3526,8.96017,47.9487
78698,3977,6041,9875,6237,3849,4505,5321,4666,3348,3604,3686,3689,3135,3339,3408,3295,-28.4048,7.37875,8.86332,47.9833
78699,3075,3208,3367,3463,3181,3541,3950,4189,3465,4211,6038,6295,3503,4523,7706,8242,19.6361,15.5918,8.9405,47.9713
78700,3305,3665,4433,5510,3318,3826,5381,9375,3290,3708,4755,7020,3239,3481,3921,4285,-3.86559,25.105,8.84732,48.3413
78701,3184,3244,3415,3420,3264,3424,3803,4030,3286,3748,4767,6033,3455,3930,6336,12550,29.0023,26.8422,8.77813,47.926
78702,4597,5481,4545,3735,5164,8351,5464,3892,4321,5007,4146,3571,3579,3644,3574,3349,-8.80786,-6.66606,8.83199,48.28
78703,3407,3431,3222,3064,4108,3874,3493,3284,6422,5101,3802,3405,10715,7138,4139,3559,23.6051,-20.7765,8.62196,48.1093
78704,5456,6167,4295,3551,6294,7775,4682,3616,4295,4721,3844,3440,3534,3645,3470,3261,-11.1103,-11.7025,8.87788,48.0307
78705,12349,6472,3909,3371,6090,4756,3794,3405,3895,3752,3558,3297,3425,3348,3190,3047,-27.7913,-26.2685,8.53107,47.772
78706,3155,3289,3289,3377,3184,3497,3770,3922,3419,3821,4720,5998,3388,3909,6002,12749,30.1141,29.5212,8.57252,47.6593
78707,8414,9312,4936,3622,4904,5380,4120,3652,3829,3838,3590,3173,3348,3370,3310,3106,-27.0509,-13.0235,8.925,47.936
78708,3205,3360,3766,3999,3268,3810,4577,5942,3377,3917,5810,9334,3334,3721,4701,5955,6.93609,22.9206,8.84191,48.0507
78709,3209,3412,3322,3177,3786,3796,3748,3580,4707,6281,5059,3785,5685,8567,5937,4121,19.98,-5.68808,8.68953,48.1147
78710,3280,3659,4915,6624,3418,3906,5612,9479,3366,3706,4493,5593,3084,3382,3728,3961,-8.82435,24.7409,8.60437,48.1373
78711,5054,8499,7073,4285,4392,5667,5012,4151,3681,3917,3895,3410,3286,3263,3325,3344,-21.969,-2.73481,8.58352,48.1693
78712,3493,3858,5992,11816,3433,3849,4917,6989,3154,3446,3948,3969,2976,3214,3393,3394,-22.88,28.9813,8.73499,47.894
78713,3203,3656,4477,5713,3331,3703,5140,9577,3278,3689,4657,6745,3227,3425,3936,4223,-4.72206,30.0741,8.73104,47.9867
78714,4395,4519,3948,3548,5743,7009,4288,3699,5431,6263,4248,3548,4168,4312,3718,3333,-1.50521,-11.4922,8.59752,48.1133
78715,3454,3702,4061,3769,3861,4545,6041,4418,3937,5272,7516,4864,3706,4215,4679,4120,3.35027,5.85822,8.63485,48.1067
78716,3487,3408,3293,3037,4172,3903,3502,3248,7032,4814,3853,3452,11678,5794,3867,3433,21.9621,-30.9738,8.77887,47.982
78717,3145,3254,3529,3505,3210,3559,4164,4527,3446,3937,5170,8809,3353,3853,5533,8976,15.1133,32.3353,8.75314,47.98
78718,9327,8676,4568,3516,5424,5248,3966,3533,3896,3910,3478,3247,3235,3416,3214,3128,-28.1557,-15.9603,8.82131,47.8547
78719,6816,4802,3740,3392,9997,5325,3909,3274,5777,4374,3533,3328,3964,3638,3274,3169,-8.98659,-28.1724,8.7298,48.208
78720,3283,3503,3633,3591,3587,4085,4718,4173,3818,5516,8019,5077,3844,4718,5904,4825,10.4987,6.395,8.51699,48.196
78721,4510,7294,7479,4621,4173,5701,5720,4316,3558,3852,3898,3662,3316,3415,3321,3241,-19.8503,-0.0315024,8.7366,48.0513
78722,3129,3328,3368,3439,3217,3534,3958,4584,3400,3813,5162,8547,3430,3899,5556,9529,16.3364,30.3575,8.69004,47.9287
78723,4462,4365,3782,3367,6051,6813,4372,3498,5807,6518,4235,3430,4310,4396,3601,3348,-0.653321,-13.199,8.97269,48.2367
78724,11873,5932,3900,3388,6787,4899,3821,3268,4026,3850,3455,3145,3457,3399,3104,3129,-23.4607,-31.8111,8.71579,47.622
78725,3349,3886,5447,8055,3414,3781,5525,9043,3273,3551,4150,4870,3047,3318,3526,3593,-13.2481,24.1189,8.67249,47.8853
78726,3299,3405,3851,4319,3430,3665,4774,7206,3330,3799,5069,9109,3340,3659,4446,5084,3.22195,32.2129,8.80741,47.8567
78727,6440,9949,5874,3951,4675,5142,4303,3753,3727,3867,3496,3421,3377,3446,3285,3119,-30.2088,-7.80267,8.63444,47.8833
78728,9003,6060,3996,3371,7948,5583,3924,3381,4519,4140,3617,3140,3742,3522,3227,3123,-16.113,-21.6306,8.67678,48.1973
78729,3058,3223,3447,3522,3274,3403,3953,4200,3323,3856,4842,7248,3439,3908,5977,11398,21.2096,27.5833,8.76235,48.0473
78730,3127,3260,3431,3468,3220,3486,3877,4294,3349,3696,4806,7731,3406,3886,5735,10919,19.2796,31.4223,8.93314,47.794
78731,3318,3375,4018,4575,3365,3788,4938,7340,3404,3877,5378,8607,3208,3674,4334,5212,2.29669,24.691,8.73123,48.274
78732,2969,3236,3386,3402,3276,3474,3916,3902,3573,3810,5209,6137,3521,4429,7971,10081,24.2825,18.0165,8.8521,48.1947
78733,3148,3361,3385,3303,3332,3742,4128,3898,3764,4567,6594,5268,3765,5507,8607,6123,18.9895,8.64536,8.75982,48.328
78734,3328,3412,3463,3268,3619,3986,3775,3483,4412,5489,4979,4026,5245,8691,6960,4182,23.2802,-3.11467,8.64823,48.212
78735,3438,3400,3255,2981,3911,3932,3556,3250,5847,5436,4008,3459,9172,8379,4506,3652,23.9068,-16.4052,8.66278,48.1213
78736,11965,6875,4029,3295,5800,4921,3766,3344,3983,3762,3355,3250,3362,3460,3163,3145,-31.9764,-22.6168,8.9711,47.65
78737,3252,3563,4200,4463,3395,3899,5378,6819,3375,3947,5902,7768,3292,3573,4480,4966,2.04059,19.5509,8.73866,48.1813
78738,4157,4592,4068,3576,5022,7446,5148,3877,4687,6226,4788,3721,3823,4013,3734,3471,-2.49574,-6.44632,8.5842,48.2327
78739,4706,7816,7980,4882,4192,5058,5148,4211,3502,3666,3723,3533,3229,3329,3402,3213,-24.6451,0.731057,8.53679,47.7267
78740,3622,4218,7817,9913,3536,4016,5192,5997,3286,3541,3861,3901,3119,3232,3290,3370,-24.674,18.281,8.53608,47.9407
78741,3118,3217,3395,3472,3309,3468,3776,3947,3307,3781,4714,6088,3399,3929,6414,12209,29.3528,26.0889,8.52927,47.6953
78742,4608,5589,4509,3665,5326,8396,5262,3796,4432,5031,4169,3548,3585,3758,3427,3254,-8.8329,-6.99026,8.97014,48.2367
78743,4901,5724,4425,3805,5415,8175,5184,3785,4218,4884,4075,3510,3567,3641,3419,3265,-9.53496,-7.81041,8.8239,47.9953
78744,9659,6060,4027,3325,7995,5401,3834,3466,4352,3932,3611,3161,3427,3322,3255,3126,-17.6458,-23.1682,8.93885,47.9687
78745,3401,3962,5865,11648,3504,3818,4967,7020,3190,3562,3880,4060,3087,3311,3389,3356,-22.0285,32.8815,8.79875,48.0133
78746,3557,3593,3373,3156,4260,4416,3664,3380,6495,7355,4415,3613,6049,6498,4360,3514,13.0524,-13.2701,8.94701,47.7987
78747,3437,3825,4631,4693,3555,4105,6763,7082,3372,4105,5732,6146,3240,3562,3983,4164,-3.07514,15.5787,8.55698,48.2633
78748,3235,3225,3401,3402,3157,3404,3834,4231,3409,3781,4986,7697,3413,3916,5807,10585,19.3808,33.7038,8.60336,47.6553
78749,3648,3749,3497,3073,4442,4847,3955,3533,5876,7992,4714,3740,5039,5826,4368,3645,9.17399,-10.2258,8.55327,47.9627
78750,3448,3889,5488,6705,3444,4097,6548,8392,3425,3655,4618,4990,3039,3378,3707,3690,-10.7092,18.764,8.99447,48.342
78751,3174,3389,3344,3397,3069,3534,3836,3899,3360,3793,4931,5949,3494,4012,6709,11838,33.7951,22.7898,8.85405,47.8187
78752,4017,4507,4233,3729,4478,6835,5854,3974,4260,6001,5200,3957,3743,4059,3860,3625,-1.97687,-2.61123,8.64222,48.2213
78753,3426,3527,3304,3107,4425,4058,3443,3221,8255,5064,3824,3320,10167,5676,3806,3394,17.4725,-30.7533,8.93529,48.0113
78754,3674,5168,9776,7520,3463,4261,5204,5028,3238,3578,3814,3854,3157,3423,3320,3428,-33.9064,11.5166,8.91983,47.9373
78755,3813,4868,5633,4546,3798,5635,8069,4995,3636,4197,4754,4093,3355,3603,3778,3604,-9.56672,5.06996,8.89247,48.2513
78756,3156,3248,3262,3274,3248,3504,3807,3933,3361,3979,4973,5586,3441,4260,7878,10321,32.0034,18.4286,8.66016,47.4873
78757,3426,3410,3312,3099,3933,3856,3420,3240,5958,4817,3851,3375,11810,6851,3948,3381,31.7825,-22.7213,8.74324,47.7913
78758,3588,4126,4188,3926,3783,5173,6834,4448,3912,5169,6698,4675,3551,3906,4273,3953,0.140944,4.97886,8.56308,48.1353
78759,4708,4116,3503,3372,8106,4963,3617,3342,8381,4817,3827,3444,5035,4183,3555,3177,0.475199,-31.2865,8.78804,48.0973
78760,3352,3902,5380,7155,3313,3872,5958,9074,3287,3589,4299,4960,3128,3419,3626,3667,-11.6917,21.3011,8.93785,47.9873
78761,4406,7362,9088,5306,3974,4745,5213,4376,3489,3635,3733,3651,3210,3321,3311,3332,-27.2399,2.98321,8.61704,48.1013
78762,5953,8137,5199,3813,5372,6818,4884,3873,4056,4161,3782,3400,3373,3453,3333,3198,-17.7365,-8.9097,8.88665,48.5367
78763,3196,3294,3482,3565,3238,3527,4040,4695,3356,3864,5139,9110,3417,3880,5291,8535,14.236,32.6105,8.5414,47.7527
78764,4456,6952,7518,4909,4136,5534,5962,4337,3651,3818,3929,3622,3318,3311,3501,3350,-19.0597,1.22206,8.74322,48.2027
78765,3267,3210,3327,3410,3507,3733,3976,3728,3903,4996,6137,4589,4162,6232,8535,5442,20.0134,5.0872,8.57531,48.1027
78766,3192,3606,4014,4314,3390,3709,4823,7237,3300,3765,5101,9279,3314,3661,4266,5223,2.91026,32.9932,8.88942,48.1293
78767,3628,3750,3868,3613,3769,4541,5548,4203,4028,5695,7610,4675,3654,4502,4892,4283,5.40914,4.35975,8.50504,48.1727
78768,5645,4583,3678,3281,9519,5151,3700,3284,6820,4638,3715,3270,4156,3835,3335,3183,-4.97899,-31.383,8.86257,47.862
78769,3792,5615,9529,6636,3793,4500,5669,4829,3216,3579,3836,3784,3228,3302,3372,3274,-23.9526,8.97414,8.93686,47.9693
78770,3275,3619,4238,4126,3462,4341,6588,5626,3545,4383,7032,5866,3481,3815,4486,4290,1.20703,11.6591,8.85344,48.1153
78771,3191,3294,3655,3731,3253,3651,4362,5422,3331,3816,5632,9523,3341,3841,5022,6927,10.0763,24.411,8.7086,47.9947
78772,3325,3237,3247,3199,3709,3899,3754,3383,4600,5419,4785,3934,5682,9505,6701,4129,24.3815,-4.72334,8.93184,48.3387
78773,3565,4513,8477,8859,3442,4139,5546,5821,3242,3570,3935,4031,3069,3235,3384,3322,-23.0014,15.313,8.80205,48.1
78774,3285,3458,3470,3314,3792,3975,3911,3558,4779,6609,5379,3914,5085,7758,6018,4105,17.5738,-4.26459,8.61831,48.2733
78775,11808,6808,4027,3410,6206,4790,3858,3251,4085,3860,3462,3234,3424,3419,3189,3153,-25.4424,-22.8688,8.91352,47.9893
78776,3361,3356,3212,3149,3730,3872,3571,3296,5395,5245,4089,3608,8461,9053,4760,3620,29.6436,-13.8448,8.57757,47.852
78777,3202,3476,3612,3532,3521,3745,4495,4234,3585,4581,7542,6112,3603,4552,6620,5829,13.4262,11.6404,8.80926,48.1607
78778,7536,5850,3985,3448,8112,6230,3886,3432,4754,4339,3611,3190,3567,3642,3430,3074,-13.7098,-19.3249,8.79501,48.0573
78779,3757,4704,6144,4903,3812,5360,7890,5438,3605,3980,4675,4138,3291,3362,3655,3584,-11.0101,7.35818,8.50709,48.1987
78780,7712,9598,5158,3725,5095,5383,4180,3713,3587,3744,3593,3386,3398,3476,3280,3091,-27.6989,-12.0414,8.55756,48.0793
78781,8709,5605,3872,3440,8677,5368,3960,3381,4757,4003,3525,3320,3565,3506,3304,3044,-14.9388,-24.4669,8.61128,48.024
78782,3135,3378,3683,3802,3415,3592,4479,5560,3423,3809,5477,9528,3304,3765,4893,6874,9.60191,24.2611,8.59131,48.078
78783,12592,5987,3880,3422,5883,4639,3772,3429,3966,3812,3301,3207,3416,3380,3219,3154,-31.2242,-28.7922,8.9013,47.3727
78784,3160,3417,3469,3827,3201,3677,4307,5044,3402,4007,6275,8631,3406,3913,5488,6964,11.4926,20.1216,8.99719,48.1253
78785,3389,4087,6101,10978,3332,3757,5085,7069,3224,3524,3953,4240,3082,3219,3421,3548,-21.0538,24.5036,8.73188,48.006
78786,3544,4491,7852,8495,3631,4021,5806,6236,3270,3565,3962,4052,3138,3189,3344,3405,-20.1113,16.2153,8.95122,48.0007
78787,3344,3987,5467,9619,3345,3817,5118,8606,3226,3521,4018,4519,3248,3181,3382,3576,-16.0527,29.392,8.75696,47.9827
78788,3089,3245,3456,3534,3283,3570,4026,4544,3388,3965,5455,7920,3388,3935,6169,9294,17.017,22.1838,8.94144,48.174
78789,12111,6047,3868,3453,6867,4886,3844,3326,3962,3831,3499,3197,3373,3335,3165,3064,-23.4365,-29.2569,8.70464,47.8853
78790,5329,9216,7126,4411,4406,5176,4599,3918,3581,3750,3577,3486,3300,3422,3395,3280,-31.0725,-3.26397,8.9278,47.9813
78791,6552,9880,5836,4004,4864,5177,4411,3679,3770,3710,3687,3337,3275,3393,3313,3105,-30.5385,-8.24021,8.58795,47.9953
78792,9803,7444,4410,3613,6288,5412,3978,3436,4050,3812,3553,3331,3349,3390,3186,3123,-22.6671,-18.5328,8.51123,48.1187
78793,3393,3789,4467,4424,3613,4410,6804,5734,3449,4508,6523,5717,3378,3701,4226,4293,-0.613377,11.9835,8.70407,48.286
78794,3173,3637,4337,5365,3354,3799,5193,9521,3281,3685,4760,6867,3262,3360,3976,4410,-3.83495,27.9686,8.74065,47.9867
78795,4052,3736,3349,3158,5904,4248,3596,3263,9984,5343,3794,3281,6663,4766,3634,3307,8.48824,-28.8294,8.70049,48.052
78796,9701,8562,4460,3490,5595,5235,3950,3489,3783,3881,3335,3250,3321,3340,3284,3097,-29.7488,-16.3501,8.97119,47.8487
78797,3649,3852,3613,3391,4176,5029,4321,3658,4868,7986,5579,3990,4486,5403,4553,3797,7.85443,-5.21498,8.83322,48.234
78798,3078,3247,3448,3454,3255,3593,4031,4438,3404,3854,5388,7848,3484,3814,5920,9675,17.9782,23.4739,8.87998,47.954
78799,9779,5555,3865,3434,8380,5087,3973,3261,4485,3938,3499,3260,3581,3428,3260,3160,-17.1466,-30.1925,8.94688,47.9633
78800,7059,5148,3772,3428,9192,5776,3934,3384,5372,4461,3677,3341,3680,3625,3252,3122,-10.7491,-23.3956,8.7145,48.1487
78801,3138,3323,3453,3360,3226,3538,3800,3960,3326,3786,4853,6030,3287,4150,6791,12106,28.3851,23.9074,8.96484,48.0847
78802,5510,9284,7114,4308,4350,5218,4728,3918,3655,3745,3609,3505,3230,3364,3386,3152,-27.527,-3.35213,8.70669,48.0507
78803,4400,6882,9226,5372,4107,4764,5344,4416,3446,3727,3830,3678,3164,3273,3365,3268,-26.1221,3.97378,8.52017,48.1747
78804,3244,3318,3632,3731,3230,3580,4231,5292,3403,3859,5201,9695,3413,3890,4984,7708,11.6459,30.0877,8.82821,48.274
78805,3336,3823,5732,10623,3359,3903,5039,7714,3289,3406,4001,4189,3114,3300,3556,3506,-19.0105,31.0409,8.54625,47.9267
78806,4099,3801,3422,3218,6639,4567,3633,3199,9964,5202,3837,3366,5758,4717,3618,3321,5.49908,-31.7296,8.98068,48.2407
78807,3116,3400,3610,3650,3476,3755,4373,4489,3587,4275,6809,7199,3558,4250,6349,6726,13.516,15.6851,8.69393,48.4147
78808,6224,5574,4048,3453,8006,6773,4195,3413,4992,4574,3729,3360,3823,3672,3385,3174,-10.1645,-17.2015,8.67988,48.2633
78809,3846,3844,3384,3128,5457,4778,3681,3404,8473,6681,4100,3444,5814,5001,3908,3378,7.73802,-18.7024,8.72546,48.214
78810,3592,3529,3196,3207,4536,4107,3584,3291,8543,5449,3965,3447,8777,5759,3810,3341,15.6904,-23.7792,8.89616,48.0887
78811,3481,3836,5196,5469,3460,4189,7369,7459,3414,3947,4981,5095,3118,3427,3802,3916,-7.6432,15.6386,8.70157,48.106
78812,3088,3251,3483,3415,3254,3542,3794,4185,3440,3758,5153,7114,3463,4082,6323,10680,20.6877,23.4881,8.57718,48.0167
78813,3194,3203,3372,3414,3225,3392,3836,3809,3377,3782,4819,6322,3289,3958,5940,12578,25.8687,31.8968,8.94455,47.6733
78814,4461,6647,6393,4431,4348,6457,6293,4223,3704,4077,4049,3685,3313,3512,3533,3218,-15.4511,-0.451394,8.93729,48.2293
78815,3383,3458,3231,3222,4001,3823,3567,3216,6748,4928,3944,3392,11930,5856,4004,3379,22.9627,-32.5896,8.60675,48.0547
78816,4115,6545,9686,5634,3866,4700,5161,4436,3482,3604,3879,3725,3242,3359,3450,3400,-33.3318,5.26967,8.686,48.1893
78817,3430,3374,3237,3160,3936,3817,3546,3188,6027,4833,3752,3312,12369,6115,3932,3347,30.3226,-28.0962,8.63083,47.5833
78818,3408,3295,3168,3220,3906,3780,3372,3298,5838,4712,3787,3461,12571,6039,3889,3399,29.8324,-31.8767,8.744,47.4287
78819,3221,3647,4045,3887,3481,3965,5603,5282,3472,4394,7547,6698,3477,3969,4946,4885,4.89397,13.5053,8.83868,48.346
78820,6644,9809,5732,3987,4743,5430,4421,3763,3735,3909,3595,3379,3399,3298,3227,3142,-26.7884,-8.35372,8.846,48.142
78821,11976,5975,4011,3413,6964,4839,3675,3404,4066,3835,3419,3203,3378,3470,3134,3139,-23.3765,-29.3186,8.63686,47.934
78822,9940,5571,4000,3380,8219,5072,3745,3451,4541,3901,3423,3201,3584,3561,3211,3113,-17.4222,-31.21,8.93456,47.942
78823,4118,4576,4015,3586,5128,7501,5190,3705,4851,6375,4682,3629,3886,4161,3873,3438,-2.14269,-7.22686,8.89466,48.476
78824,3369,4011,6756,11968,3281,3823,4838,6317,3205,3527,3783,3912,3165,3276,3312,3312,-27.0196,23.3355,8.83644,47.9033
78825,5803,9426,6239,4044,4654,5758,4742,3771,3727,3908,3757,3426,3265,3456,3187,3188,-23.0037,-6.13915,8.88523,48.234
78826,9315,5513,3836,3405,8682,5305,3781,3516,4656,4075,3464,3175,3549,3532,3246,3093,-15.7774,-29.5244,8.51123,48.0953
78827,9487,6081,4084,3353,7935,5539,3885,3430,4459,4094,3481,3289,3517,3548,3212,3102,-17.3635,-23.0394,8.56239,48.3307
78828,3256,3361,3461,3410,3625,3987,3990,3612,4150,5464,6033,4379,4550,6688,7416,4753,18.2527,1.44793,8.50096,48.09
78829,3275,3578,4224,4911,3275,3754,4976,8529,3369,3625,4892,7974,3261,3587,4072,4726,-0.873621,29.4223,8.77614,48.0187
78830,3530,4223,8095,10054,3379,3960,5156,5580,3186,3503,3861,3946,3069,3311,3397,3431,-33.5034,17.8579,8.67078,47.7873
78831,11224,7164,4168,3359,5866,4926,3731,3418,3935,3803,3491,3172,3419,3389,3233,3255,-32.7669,-20.9597,8.63087,47.702
78832,4544,6215,5683,4155,4430,6898,6296,4124,3916,4354,4176,3562,3388,3470,3491,3415,-12.713,-1.66095,8.58668,48.078
78833,5230,8534,6590,4270,4458,5933,5117,4030,3671,3899,3670,3532,3287,3409,3358,3265,-21.4769,-3.75115,8.5195,48.1687
78834,3304,3421,3285,3105,3964,3886,3553,3267,5525,5000,4027,3561,9392,8473,4376,3563,32.7692,-16.2035,8.52109,47.8013
78835,11595,7043,3972,3394,5871,4934,3909,3312,3903,3917,3429,3199,3402,3328,3202,3107,-29.782,-22.027,8.78327,47.678
78836,3427,4100,5991,8561,3458,4021,5678,8022,3222,3538,4104,4466,3089,3275,3508,3564,-16.1813,21.6845,8.52895,48.016
78837,10477,7458,4231,3434,5951,5181,3887,3394,4007,3844,3474,3274,3373,3540,3254,3095,-25.1389,-19.7272,8.64282,47.916
78838,5038,7162,5416,3914,5025,7314,5376,3922,3993,4235,3892,3445,3417,3509,3563,3193,-14.8262,-5.59384,8.57575,48.276
78839,3253,3282,3423,3279,3490,3723,3849,3586,4140,4819,5058,4257,4481,7638,8776,4908,32.5683,1.78062,8.51161,47.9747
78840,5340,8905,6864,4359,4471,5510,4989,3999,3680,3870,3843,3495,3367,3310,3252,3229,-23.3902,-3.55392,8.58429,48.322
78841,3602,3542,3342,3176,4636,4078,3538,3266,9250,5242,3856,3411,8452,5298,3819,3355,13.7814,-32.7453,8.6566,47.9087
78842,3358,3982,5733,11195,3292,3769,4962,7059,3358,3597,3990,4030,3170,3192,3358,3476,-21.2217,33.1387,8.59881,47.6807
78843,6185,9838,6045,3947,4650,5369,4516,3798,3718,3723,3663,3328,3330,3337,3335,3039,-30.078,-7.07199,8.72301,47.8807
78844,3792,3820,3792,3346,4451,5626,4478,3533,5169,7947,5224,3803,4445,4983,4237,3793,5.27508,-6.57436,8.79168,48.2927
78845,3288,3581,4079,3823,3460,4269,5955,5099,3668,4662,7662,6021,3545,3923,4745,4630,4.14124,11.2895,8.80252,48.2733
78846,3674,4201,4392,3938,4020,5718,6822,4520,3745,5269,6030,4290,3642,3936,4092,3682,-1.92313,2.91026,8.99112,47.9807
78847,5104,7927,6510,4215,4573,6096,5411,3974,3691,4008,3879,3490,3321,3351,3276,3242,-19.4108,-3.16439,8.75913,48.0453
78848,3514,3969,4839,4568,3592,4612,7729,5820,3419,4311,5982,5106,3398,3613,3934,3935,-3.4462,10.6179,8.71646,48.2273
78849,3581,4429,5964,5514,3648,4648,8093,5921,3517,3932,4810,4335,3172,3544,3651,3645,-10.5207,10.6259,8.92656,48.2693
78850,3358,3420,3191,3130,3888,3756,3394,3203,6220,4815,3860,3355,12206,6522,4046,3434,26.9062,-24.5287,8.95707,47.8653
78851,3108,3239,3384,3294,3171,3486,3858,4041,3450,3760,4850,6334,3350,3974,6679,12059,24.883,24.2422,8.98953,48.0247
78852,3268,3272,3347,3197,3486,3636,3765,3633,3910,4738,5093,4325,4507,7462,9051,5231,29.3159,2.54519,8.8831,47.9473
78853,3579,3326,3237,3075,4107,3933,3461,3195,6378,4929,3870,3343,11513,6945,4102,3373,24.7885,-22.7703,8.61539,48.244
78854,3258,3457,3615,3623,3434,4134,4755,4270,3842,5186,8306,5437,3744,4586,6030,4849,10.3695,7.64419,8.81733,48.3507
78855,3355,3840,6193,12611,3396,3839,4706,6014,3264,3519,3763,3908,3271,3174,3300,3499,-32.4844,27.3806,8.83783,47.768
78856,3380,3834,5060,7267,3406,3960,5857,9280,3328,3726,4318,5109,3139,3357,3658,3614,-11.1095,22.877,8.79892,48.1953
78857,3382,3431,3288,3239,3643,3787,3608,3458,4622,5285,4455,3795,6294,9891,5995,3876,31.4996,-7.57455,8.57436,48.0327
78858,3227,3263,3420,3313,3521,3735,3970,3745,3936,5079,5855,4492,4280,6371,8547,5294,21.3547,3.93641,8.50087,48.032
78859,3161,3304,3686,3686,3229,3633,4241,5214,3406,3769,5268,9877,3286,3767,4841,7350,10.9755,33.171,8.91534,47.812
78860,3461,3745,4818,5063,3481,4201,7202,7131,3408,3857,5530,5628,3265,3578,4022,4032,-4.54238,15.0298,8.703,48.2813
78861,3489,4052,4747,4474,3622,4791,8014,5627,3594,4266,5911,4950,3356,3615,4081,3898,-3.88306,9.74197,8.94097,48.3247
78862,3226,3620,3905,3953,3561,4124,5533,4963,3697,4737,7672,5969,3470,4107,4901,4737,5.1984,11.7133,8.60503,48.1167
78863,3397,3321,3199,3043,3928,3792,3416,3168,6021,4874,3785,3400,12226,6369,4092,3387,31.3157,-25.0895,8.61026,47.612
78864,3687,3576,3336,3130,5304,4251,3602,3362,9954,5347,3914,3376,7225,4957,3841,3320,10.5525,-31.6732,8.72907,48.1213
78865,3408,4020,6201,12251,3360,3752,4920,6044,3244,3460,3805,4029,3086,3224,3501,3405,-32.6493,26.5044,8.52934,47.8067
78866,3989,3979,3473,3365,4964,5824,4165,3481,6097,7727,4551,3655,4768,4768,3931,3505,4.2616,-11.3913,8.98012,48.1613
78867,8023,8634,4545,3610,5587,5758,4133,3452,3959,3934,3517,3383,3437,3567,3272,3134,-22.0662,-14.177,8.91292,47.9633
78868,3368,3923,5744,7938,3442,3962,5916,8367,3178,3647,4260,4728,3064,3432,3670,3603,-13.9299,21.2618,8.7575,48.1613
78869,3245,3257,3370,3285,3459,3753,3771,3572,4037,5057,5646,4345,4509,7253,8640,5145,22.5552,2.43169,8.91276,48.2293
78870,3784,4166,4682,4123,3910,5765,7365,4759,3861,4958,5828,4334,3503,3829,3972,3696,-3.48809,3.83609,8.83081,48.3567
78871,3156,3482,3764,3971,3364,3614,4651,5296,3463,4054,6350,8500,3413,3923,5129,6293,8.79711,19.762,8.63658,48.282
78872,3967,3818,3413,3197,6092,4417,3603,3280,9920,5238,3829,3301,6379,4773,3774,3260,7.59004,-28.5814,8.67197,48.174
78873,3487,3874,5302,8259,3344,3877,5287,9042,3265,3595,4104,4952,3226,3208,3568,3688,-13.8293,25.9205,8.56617,48.052
78874,3191,3282,3488,3432,3341,3692,4015,4097,3666,4703,6530,5286,3895,5426,8304,6180,18.596,9.2417,8.68176,48.352
78875,3480,3969,5163,4909,3596,4482,7942,6358,3455,3974,5391,4994,3235,3519,3889,3831,-6.23084,12.4558,8.9706,48.1247
78876,4180,4662,4242,3585,5002,7538,5385,3809,4501,5959,4561,3662,3846,4040,3760,3465,-3.51204,-5.92206,8.60239,48.1313
78877,6829,7435,4510,3659,6201,6707,4461,3614,4150,4074,3626,3335,3379,3462,3301,3226,-16.9854,-13.0419,8.50069,47.9793
78878,3461,4052,4845,4451,3717,4847,7897,5508,3624,4219,5959,4855,3388,3615,4050,3981,-4.51336,9.55001,8.70438,48.3127
78879,3296,3663,4471,4809,3441,3978,6384,7264,3403,3920,5727,6631,3303,3573,4115,4326,-1.72911,17.547,8.64971,48.2027
78880,3354,3907,6078,12570,3325,3710,4790,6377,3230,3367,3730,3915,3172,3163,3455,3338,-26.6767,28.6253,8.8875,47.654
78881,3169,3416,3473,3408,3416,3784,4229,4111,3725,4567,7066,5691,3777,4797,7485,6161,16.1889,10.8341,8.62116,48.1833
78882,10653,7680,4314,3368,5756,5047,3941,3361,3928,3757,3423,3339,3394,3316,3207,3132,-29.8462,-18.9452,8.52772,47.744
78883,7359,7041,4586,3507,6804,6441,4223,3601,4248,4222,3625,3367,3478,3482,3285,3097,-16.1244,-15.421,8.91136,48.244
78884,3392,3621,3826,3710,3602,4273,5431,4540,3881,5075,8108,5380,3641,4325,5082,4549,6.40155,7.95597,8.75833,48.2907
78885,3999,3862,3429,3247,5938,4898,3699,3365,8171,6628,4102,3379,5531,4787,3811,3272,5.88735,-18.6273,8.8965,48.0787
78886,3496,3979,5823,11142,3428,3714,4992,7223,3162,3441,3879,4112,3194,3311,3439,3359,-20.6877,28.7817,8.60757,47.796
78887,5561,6583,4640,3638,5680,7686,4910,3713,3995,4546,3841,3443,3639,3651,3414,3334,-12.488,-9.35092,8.63272,48.1827
78888,3160,3073,3326,3373,3178,3456,3819,3998,3247,3836,4805,6106,3406,4001,6506,12231,27.8538,25.301,8.69272,47.6807
78889,3137,3212,3474,3305,3330,3585,3880,3865,3493,4125,5188,5176,3514,4821,9390,8131,32.7807,13.1645,8.76511,47.7507
78890,4868,8370,8119,4577,4106,4957,4953,4211,3548,3677,3612,3538,3315,3419,3392,3338,-31.0935,-0.317197,8.96189,48
78891,3405,3363,3234,3132,3834,3849,3551,3206,4937,5146,4216,3614,7444,9921,5230,3764,29.9921,-11.2753,8.95729,47.8973
78892,5468,4409,3785,3237,9272,5121,3791,3282,7178,4511,3813,3212,4335,4051,3421,3069,-3.67124,-30.7053,8.92666,47.97
78893,3192,3306,3858,4111,3246,3711,4555,6243,3357,3796,5228,9955,3234,3717,4650,6183,6.95468,31.2292,8.86043,48.228
78894,3570,4404,7556,7863,3548,4278,6204,6252,3309,3653,4130,4103,3075,3247,3432,3469,-18.9134,15.3895,8.62411,48.062
78895,9943,5975,3812,3394,8127,5289,3857,3351,4392,3992,3595,3260,3541,3289,3334,3092,-17.7727,-26.6255,8.6974,48.162
78896,3572,3936,5772,10629,3517,3800,5072,7445,3164,3528,3932,4252,3121,3322,3435,3440,-19.2853,33.6654,8.68498,47.958
78897,3552,4760,9395,8301,3551,4159,5283,5201,3225,3554,3944,3850,3107,3308,3389,3360,-33.0816,13.2874,8.89065,47.9593
78898,3598,3651,3287,3078,4951,4294,3589,3298,8775,6097,4008,3460,7374,5604,3878,3419,12.2876,-20.9339,8.85704,48.2407
78899,8217,8967,4792,3624,5289,5532,4067,3502,4065,3902,3547,3290,3386,3360,3307,3065,-24.8083,-13.5547,8.70048,47.9413
78900,3851,3586,3356,3131,5299,4565,3619,3323,8533,6487,4074,3408,6494,5344,3798,3532,9.66715,-19.2509,8.95188,48.2667
78901,3505,3487,3316,3185,4020,4206,3779,3413,5989,6751,4322,3505,6907,7602,4716,3825,16.9483,-13.1056,8.7374,48.352
78902,4755,7576,7525,4658,4293,5592,5596,4108,3665,3918,3876,3618,3251,3331,3445,3153,-20.6158,-0.126328,8.88711,48.24
78903,4365,5235,4561,3820,4810,7815,5932,3915,4164,5128,4475,3704,3663,3800,3712,3336,-7.30927,-4.35734,8.52374,48.29
78904,3272,3310,3454,3116,3565,3752,3723,3541,4267,5048,4889,4036,4845,8507,7970,4669,24.8822,-0.707043,8.89285,47.976
78905,3225,3547,3913,4355,3324,3824,4958,6917,3410,3859,5498,8853,3251,3633,4518,5284,3.62286,23.2336,8.7769,48.246
78906,11681,6918,4125,3328,5835,4986,3855,3331,3894,3779,3512,3251,3384,3398,3195,3074,-31.3287,-22.4364,8.64611,47.6973
78907,4740,4606,3754,3456,6861,7021,4215,3551,5743,5802,4044,3441,4236,4125,3653,3293,-3.03397,-14.9958,8.86659,48.3607
78908,3623,4278,5664,4754,3725,5048,8364,5573,3614,4093,5036,4453,3268,3570,3657,3640,-8.44861,8.74485,8.89742,48.24
78909,3127,3225,3613,3526,3267,3638,4158,4173,3507,4171,6144,6683,3505,4437,7199,7931,17.4376,16.1441,8.64607,48.2027
78910,3263,3618,4351,5065,3294,3777,5157,9043,3407,3730,4702,7455,3254,3374,3970,4415,-2.83122,31.66,8.62302,47.9167
78911,3359,3679,4263,4311,3464,4127,6425,6161,3511,4157,6513,6298,3336,3695,4329,4499,0.481644,14.4881,8.76425,48.0847
78912,3643,3736,3343,3094,5118,4289,3688,3210,9124,5787,3832,3503,7212,5233,3912,3369,11.1797,-22.6114,8.54159,48.062
78913,3314,3819,5816,10210,3377,3815,5230,7835,3273,3459,4019,4355,3184,3186,3417,3546,-18.3096,25.3998,8.83553,47.9033
78914,4427,7400,9110,5085,4074,4836,5128,4329,3495,3782,3678,3572,3142,3351,3315,3246,-30.7271,2.54477,8.85614,47.98
78915,7073,9787,5442,3923,4903,5397,4167,3750,3843,3882,3612,3373,3334,3310,3302,3170,-26.1115,-10.4577,8.85572,48.1787
78916,8556,8985,4691,3580,5703,5465,4072,3514,3866,3936,3551,3183,3315,3347,3139,3052,-24.816,-14.628,8.95599,47.97
78917,3312,3463,3335,3129,4001,4054,3664,3384,5557,6551,4368,3687,6871,8265,4904,3719,18.9515,-11.4581,8.64053,48.176
78918,7581,5206,3805,3382,9442,5653,3874,3369,5043,4262,3537,3230,3649,3536,3247,3128,-11.9275,-24.617,8.98029,47.9627
78919,3512,3696,3311,3231,4117,4606,3842,3439,5550,7791,4976,3758,5114,6526,4639,3854,12.0321,-8.1988,8.61589,47.9747
78920,3485,4162,7681,10493,3361,3854,5071,5918,3249,3549,3903,3926,3170,3274,3379,3361,-26.2158,19.4769,8.63785,47.8907
78921,6128,5365,3894,3456,8445,6582,4185,3494,5187,4684,3624,3275,3818,3698,3413,3220,-9.26598,-18.6269,8.66879,48.312
78922,3519,3849,3798,3601,3991,5237,4855,3790,4392,7357,6317,4048,4020,4900,4682,3930,6.51644,-1.84741,8.77669,48.1907
78923,3391,3375,3279,3044,4047,3832,3425,3289,6205,5061,3875,3241,11107,7199,4109,3424,24.8643,-21.0828,8.83586,47.9353
78924,4824,4424,3539,3179,8349,4996,3729,3272,8334,4994,3703,3416,4841,3977,3558,3232,-0.280347,-30.1928,8.85576,48.2447
78925,3138,3181,3393,3448,3250,3486,3833,4121,3361,3793,4862,7230,3390,3959,5838,11429,21.122,31.4001,8.71538,47.808
78926,12634,6127,3964,3430,6379,4913,3701,3357,3865,3862,3375,3149,3391,3343,3166,3061,-25.5721,-27.1046,8.98127,47.8113
78927,9809,8354,4392,3517,5499,5170,4049,3497,3768,3883,3508,3279,3428,3290,3221,3130,-29.3707,-16.9867,8.59212,47.8627
78928,3658,4964,9615,7830,3500,4139,5269,5108,3259,3595,3832,3747,3172,3254,3424,3390,-31.9032,12.0516,8.91927,47.8373
78929,3170,3426,3549,3517,3366,3776,4336,4195,3815,4779,7331,5645,3724,4752,6889,5828,14.4989,9.59494,8.50928,48.0653
78930,3798,3634,3336,3211,4749,4601,3769,3248,7964,6712,4153,3375,6527,5510,4038,3393,11.1015,-17.7045,8.8459,48.012
78931,3042,3213,3557,3592,3200,3499,4024,4478,3368,3823,5217,8401,3365,3828,5718,9472,16.631,25.1287,8.77503,47.8647
78932,3331,3845,4985,7416,3404,3800,5269,9833,3276,3618,4209,5213,3179,3405,3613,3753,-11.0537,32.5965,8.99862,48.0993
78933,10680,5951,3879,3406,7525,5027,3850,3367,4327,3883,3461,3241,3492,3430,3277,3067,-19.8635,-25.9851,8.81339,47.9087
78934,4022,6112,9704,6193,3744,4576,5363,4629,3397,3574,3939,3780,3147,3297,3356,3246,-28.2051,6.81672,8.52646,48.0527
78935,3041,3254,3523,3478,3228,3478,3718,3859,3442,3815,4869,5743,3418,4230,7259,11425,30.4615,21.2428,8.62298,47.8533
78936,12585,6199,3946,3315,5892,4655,3772,3386,3854,3686,3485,3199,3358,3460,3312,3089,-30.926,-27.6229,8.69994,47.462
78937,3153,3406,3821,3960,3296,3731,4694,5065,3483,4245,6866,8020,3350,3912,5340,5893,9.14085,16.9508,8.9939,48.1567
78938,3288,3284,3485,3185,3554,3660,3740,3599,4146,4971,5188,4121,4640,7872,8565,4939,25.9485,0.602267,8.94361,48.158
78939,3232,3531,3883,3876,3432,3847,5139,4962,3513,4391,7608,6811,3463,4080,5378,5084,7.30388,13.3555,8.61644,48.1533
78940,8608,5564,3878,3433,8848,5377,3850,3448,4676,4094,3467,3268,3654,3555,3261,3168,-14.6801,-24.8141,8.9172,48.0993
78941,3417,3255,3174,3092,3781,3774,3679,3276,5283,5248,4083,3520,8465,9427,4920,3672,28.2449,-13.5862,8.77847,48.044
78942,5618,9588,6807,4297,4483,5304,4690,3971,3656,3772,3673,3389,3263,3358,3328,3186,-30.4166,-4.56861,8.5874,48.2553
78943,6322,4647,3719,3295,9768,5133,3896,3373,6062,4478,3669,3257,4050,3839,3369,3174,-7.38782,-30.2668,8.86717,48.034
78944,5014,6016,4586,3857,5703,8216,5018,3653,4255,4817,3889,3443,3604,3601,3547,3269,-10.3703,-8.47253,8.98274,48.3253
78945,5691,8361,5458,3955,5122,6708,4749,3752,3911,3998,3764,3452,3364,3505,3339,3106,-18.6775,-7.51819,8.8144,48.1567
78946,3673,4211,4484,4012,4020,5265,7071,4805,3793,4876,6065,4387,3419,3955,4210,3746,-2.26104,5.16557,8.50164,47.9947
78947,4721,6959,6619,4418,4450,6153,5954,4154,3682,3983,3891,3652,3259,3512,3471,3226,-17.1319,-0.510113,8.85166,48.0693
78948,7058,9689,5542,3770,5139,5464,4328,3675,3704,3702,3640,3285,3394,3377,3302,3156,-25.0978,-9.90287,8.98061,48.15
78949,5366,6244,4606,3714,5639,7992,4865,3762,4251,4687,3764,3402,3642,3779,3349,3303,-11.7611,-9.64973,8.61998,48.2433
78950,3256,3652,4493,5417,3335,3876,5549,9035,3299,3716,4817,6834,3112,3418,3840,4272,-3.89399,24.6357,8.68437,47.9473
78951,3302,3892,5509,9566,3417,3736,5042,8563,3253,3469,3919,4410,3278,3273,3476,3496,-16.5494,32.9365,8.72732,47.734
78952,6931,5275,3846,3426,8583,6372,4015,3388,4957,4507,3630,3339,3760,3714,3450,3116,-11.097,-20.158,8.86841,48.206
78953,3783,3573,3235,3188,5221,4333,3531,3256,9450,5159,3805,3302,7553,5065,3793,3257,11.3469,-31.1401,8.53053,47.6693
78954,6312,10082,5984,3913,4619,5134,4517,3702,3694,3818,3670,3363,3221,3342,3286,3129,-30.0889,-7.4472,8.82714,47.8573
78955,10546,6108,3991,3493,7441,5147,3856,3523,4246,3827,3453,3141,3487,3315,3264,3146,-19.8298,-24.7405,8.7445,47.9893
78956,3326,3947,6272,10241,3314,3723,5262,7712,3244,3488,3954,4201,3039,3235,3430,3533,-18.9451,23.7544,8.88842,47.9473
78957,3262,3766,4890,6771,3365,3754,5450,9924,3260,3505,4216,5622,3203,3443,3679,3860,-9.39633,28.0013,8.56015,47.98
78958,8183,5333,3836,3309,9143,5440,3901,3426,4912,4094,3579,3274,3679,3558,3249,3065,-13.176,-25.1764,8.7937,47.9873
78959,3366,3504,3334,3258,3750,4277,4075,3627,4649,6967,5974,3977,4798,6853,5821,4020,14.6736,-2.86513,8.94364,48.1667
78960,3040,3241,3396,3334,3328,3569,3811,3827,3605,4281,5494,4970,3853,5585,9772,6953,25.946,9.75379,8.84055,48.0393
78961,3902,3912,3474,3107,5633,4706,3713,3355,8754,6308,3915,3391,5850,5009,3857,3326,7.32417,-19.8967,8.71498,48.1413
78962,3389,3540,3233,3192,3738,3942,3797,3486,4737,6520,5221,3926,5076,8132,5909,4154,17.7524,-4.82249,8.70431,47.9947
78963,3350,3814,5835,12667,3352,3782,4744,6161,3342,3446,3763,3941,3146,3268,3353,3352,-33.9172,31.7475,8.79285,47.544
78964,6515,5165,3782,3331,8953,6084,3948,3390,5324,4546,3687,3285,3895,3723,3441,3121,-9.25103,-20.7026,8.63868,48.1267
78965,4977,8473,7765,4427,4199,5054,4928,4066,3534,3760,3788,3448,3265,3429,3274,3274,-33.322,-1.23095,8.54357,47.774
78966,4867,4175,3588,3295,7948,5241,3794,3391,8140,5149,3777,3368,4753,4236,3480,3261,0.191424,-23.2396,8.90455,48.3087
78967,3549,4406,6630,6692,3554,4313,7025,6901,3372,3707,4249,4454,3140,3313,3519,3590,-14.126,14.8882,8.79124,48.276
78968,3485,3893,4181,3977,3778,4751,6679,4759,3732,5018,7013,4925,3555,3997,4478,4106,0.826263,6.65355,8.99643,48.218
78969,3067,3354,3543,3758,3278,3775,4436,4827,3483,4025,6738,8114,3413,3971,5625,6479,11.3769,18.0409,8.55681,47.924
78970,3097,3279,3430,3772,3286,3487,4271,5056,3438,3912,5399,9303,3419,3737,5221,7958,12.7971,26.1362,8.50054,48.0433
78971,3276,3342,3325,3449,3238,3490,3846,3745,3312,3948,5058,5555,3462,4490,8175,9880,30.9722,17.4044,8.61169,47.7273
78972,3116,3188,3455,3517,3197,3362,3896,4265,3256,3851,5003,7649,3441,3865,5809,10933,19.8058,27.9089,8.85363,47.8687
78973,3558,4292,7129,8246,3569,4105,5916,6780,3260,3669,4106,4283,3079,3228,3452,3518,-18.0943,17.2861,8.80468,48.1267
78974,3645,3766,3796,3512,3943,5060,5106,3955,4299,6674,6883,4263,3896,4705,4785,4114,5.96518,0.527649,8.73453,48.268
78975,3145,3315,3478,3504,3434,3752,4287,4101,3603,4560,7248,5852,3665,4709,7388,6139,15.3763,11.1691,8.80175,48.12
78976,3416,4091,6700,9476,3469,3931,5510,7094,3236,3552,3975,4372,3064,3228,3483,3462,-19.2657,20.1303,8.52583,48.0393
78977,3446,4308,7144,10188,3525,3959,5407,6543,3303,3567,3849,4038,3077,3240,3457,3422,-22.2837,20.2785,8.56875,48.3153
78978,3486,3915,5133,5193,3549,4311,7510,6958,3330,3980,5306,5103,3205,3387,3783,3951,-6.62067,14.2905,8.93218,48.0667
78979,6201,7503,5015,3780,5718,6906,4742,3617,4098,4131,3561,3433,3536,3560,3334,3137,-16.2361,-10.1052,8.75009,48.1813
78980,5242,5235,4143,3503,7122,7598,4295,3587,5052,5090,3774,3431,3907,3852,3457,3202,-7.48512,-14.3397,8.72851,48.3267
78981,3640,3640,3341,3163,4902,4067,3518,3238,9297,5158,3796,3407,8627,5370,3925,3405,14.0585,-29.7463,8.81883,48.3293
78982,3775,4511,6864,5889,3700,4719,7318,5963,3463,3798,4456,4233,3153,3305,3526,3530,-13.9598,11.16,8.78202,48.1353
78983,3405,4105,6481,10742,3354,3813,5065,7075,3192,3436,3942,4111,3114,3242,3375,3463,-20.6392,22.9499,8.61577,47.9433
78984,5429,9345,7154,4257,4465,5408,4795,3880,3718,3710,3733,3352,3290,3343,3359,3114,-25.0847,-3.82059,8.99812,48.2347
78985,3827,5078,9581,7404,3629,4292,5479,5164,3504,3594,3727,3798,3003,3252,3386,3346,-25.8551,11.3541,8.85661,48.0427
78986,3771,3862,3666,3357,4390,5655,4676,3614,4906,7836,5496,3879,4222,4864,4251,3668,4.50325,-5.82344,8.84355,48.0753
78987,3286,3262,3275,3084,3904,3856,3499,3172,6369,4704,3810,3339,12416,5970,3897,3385,25.3378,-33.3999,8.74104,47.4853
78988,6324,10024,6065,3941,4779,5298,4457,3756,3776,3706,3638,3392,3255,3357,3232,3071,-27.857,-7.88649,8.89693,48.0473
78989,3640,3507,3313,3084,4709,4230,3724,3290,8181,6051,4029,3363,7760,5798,3954,3379,13.8299,-20.0162,8.65284,48.008
78990,3834,3871,3529,3198,5368,5096,3859,3342,7816,7027,4213,3462,5510,5071,3941,3355,7.22905,-16.8488,8.5232,48.328
78991,5660,9180,6591,4255,4526,5749,4692,3954,3618,3846,3783,3482,3215,3366,3349,3131,-23.5708,-5.07864,8.88789,48.2647
78992,3453,3343,3191,3159,3949,3845,3403,3234,6440,4902,3754,3427,11859,6405,4080,3399,24.5278,-24.5914,8.64843,47.8953
78993,3197,3272,3439,3332,3316,3590,3850,3754,3717,4403,5607,5022,3784,5462,9405,6598,23.7093,9.05367,8.58496,47.832
78994,3175,3274,3299,3335,3288,3555,3852,3878,3506,4135,5112,5070,3778,4914,9744,7811,31.0456,12.3365,8.87682,47.8173
78995,3455,3907,6120,8507,3412,3991,5822,7818,3324,3511,4194,4516,2976,3294,3574,3582,-16.0514,20.0867,8.85481,48.002
78996,3159,3292,3417,3404,3211,3396,3804,3945,3336,3720,4874,6111,3279,3927,6069,12482,28.7042,28.921,8.59067,47.6173
78997,5045,7666,6014,4120,4723,6637,5414,4024,3720,4035,3875,3526,3341,3486,3446,3279,-17.3332,-3.97619,8.78356,48.234
78998,3286,3375,3221,3135,3821,3889,3658,3172,5481,5109,4078,3525,9141,8887,4556,3514,31.8941,-15.9116,8.70134,47.8987
78999,4409,4029,3490,3260,7058,4820,3720,3329,8841,5467,3790,3432,5359,4356,3550,3331,3.24689,-24.4356,8.63751,48.1607
79000,3766,4008,3804,3488,4196,5863,4848,3816,4640,7456,5882,3964,4033,4576,4306,3789,3.40679,-3.69856,8.99037,48.29
79001,3389,3632,4564,5660,3305,3794,4991,9706,3343,3607,4523,6627,3298,3416,3870,4160,-5.28367,31.9907,8.72181,47.9233
79002,8606,9002,4702,3683,5483,5233,4154,3485,3782,3814,3450,3329,3415,3409,3233,3112,-26.5977,-14.6646,8.78387,47.928
79003,3019,3188,3434,3357,3182,3445,3883,3944,3357,3884,4995,6488,3431,4052,6879,11020,23.1091,21.9819,8.7962,47.7053
79004,4140,4094,3492,3252,6114,5499,3904,3419,7179,6696,4151,3401,5067,4522,3776,3440,3.05396,-16.2949,8.63841,48.0973
79005,4141,4360,3938,3441,5080,6813,4730,3675,4980,6766,4690,3633,4123,4302,3976,3487,-0.00206532,-8.11208,8.78152,48.09
79006,3170,3490,3976,4488,3428,3763,4759,7456,3325,3754,5077,9241,3239,3550,4348,5278,2.96465,32.6742,8.78273,48.228
79007,3062,3196,3318,3348,3277,3536,3920,3967,3435,3917,5301,6195,3469,4173,7482,10047,22.7352,19.2219,8.98709,47.762
79008,3255,3361,3416,3360,3557,3846,4136,3751,4058,5242,6572,4715,4186,6110,7651,5097,18.1263,4.30306,8.53479,48.2087
79009,3085,3298,3375,3441,3259,3587,4158,4110,3534,4210,6063,6463,3553,4405,7518,8176,18.5526,16.235,8.84784,48.1567
79010,4557,4372,3699,3353,6569,6231,4117,3376,6383,6165,3951,3440,4269,4289,3720,3308,-0.684543,-15.8214,8.54946,47.866
79011,3895,3707,3401,3142,5741,4381,3628,3246,9979,5261,3792,3362,6424,4755,3807,3256,7.99052,-31.1036,8.69367,47.8513
79012,3211,3358,3412,3386,3415,3730,4205,3992,3651,4580,6809,5532,3808,4918,8194,6281,18.0212,10.4174,8.95129,48.3213
79013,4659,4272,3638,3232,7168,5582,3816,3383,7687,5665,4062,3380,4817,4361,3643,3250,0.688629,-19.9965,8.55812,48.41
79014,4542,5701,5148,4027,4668,7495,6003,4088,3871,4556,4257,3662,3575,3610,3594,3349,-10.5283,-3.41791,8.84569,48.0973
79015,3926,5690,9771,6642,3708,4376,5508,4903,3439,3672,3925,3772,3165,3265,3399,3351,-25.899,8.50338,8.57014,48.3413
79016,4007,4686,4274,3656,4522,7121,5752,4047,4393,6118,5006,3803,3737,4029,3834,3463,-2.54499,-3.46267,8.80825,48.2987
79017,3501,4456,7791,9974,3369,3910,5314,6049,3261,3585,3912,4007,3099,3223,3450,3426,-23.6458,18.3482,8.94016,48.218
79018,3715,3936,3948,3548,4233,5450,5252,3981,4412,6906,6227,4128,3864,4544,4356,3843,3.62539,-1.31769,8.58729,48.2287
79019,3267,3604,3765,3479,3801,4464,4545,3896,4023,6288,7394,4606,4093,5110,5721,4328,10.121,2.23634,8.97219,48.256
79020,3633,3772,3584,3355,4373,5134,4331,3653,5440,8122,5241,3750,4601,5470,4378,3670,7.58408,-7.70738,8.75583,48.338
79021,3466,3673,3529,3286,3890,4616,4259,3726,4610,7524,6027,4057,4659,5832,4999,3994,10.7305,-3.37729,8.77129,48.098
79022,3221,3350,3550,3550,3536,3810,4163,3948,3782,5165,7343,5093,3870,5168,7364,5367,15.2106,6.78505,8.6796,48.1867
79023,12606,6023,3841,3394,5966,4774,3645,3376,3964,3800,3454,3309,3336,3510,3165,3095,-31.9012,-28.6679,8.76923,47.5053
79024,3250,3288,3444,3473,3164,3642,4032,4561,3438,3879,5184,8948,3281,3765,5458,9304,15.3564,28.9136,8.96577,48.074
79025,7147,8072,4770,3690,5903,6226,4296,3636,4035,4119,3671,3346,3312,3502,3360,3079,-19.0215,-12.9842,8.53041,48.1093
79026,3201,3466,3987,4107,3300,3876,5344,5793,3578,4265,6704,7709,3337,3861,4717,5257,4.92419,17.4255,8.5153,48.3347
79027,3448,3933,5701,10846,3429,3752,4950,7719,3260,3445,3849,4178,3048,3240,3331,3428,-19.4308,30.8566,8.75121,47.7047
79028,3081,3170,3398,3418,3183,3382,3854,3983,3322,3791,4687,6366,3372,3961,6171,12269,25.9498,27.4478,8.53602,47.6053
79029,9427,5469,3924,3446,8627,5000,3844,3332,4559,3983,3469,3254,3481,3434,3352,3143,-16.1425,-31.669,8.77749,47.8293
79030,3332,4048,6740,11382,3261,3927,4984,6380,3256,3524,3813,3971,3078,3191,3361,3412,-24.2196,22.7042,8.65953,47.7733
79031,3102,3290,3377,3475,3358,3587,3758,3690,3686,4296,5193,4934,3846,5459,9904,7086,30.6589,10.0724,8.75519,48.0273
79032,7959,9042,4805,3723,5496,5610,4213,3610,3814,3872,3719,3358,3328,3414,3266,3042,-23.8102,-13.2435,8.65166,48.1807
79033,3187,3349,3301,3163,3643,3763,3648,3504,4349,5136,4722,3909,5562,9386,7129,4301,30.8821,-4.12056,8.99343,48.0347
79034,3417,4290,7741,10102,3439,3998,5204,5725,3375,3448,3920,4012,3193,3195,3392,3488,-33.3965,18.2073,8.53379,47.9593
79035,4133,3644,3382,3125,6151,4391,3549,3364,9730,5329,3724,3317,6465,4693,3752,3292,7.451,-28.5447,8.60343,48.0273
79036,3302,3969,5543,7461,3338,4161,6017,8692,3286,3551,4288,5009,3132,3263,3560,3692,-12.3261,21.3831,8.52527,48.176
79037,4613,4217,3298,3184,7800,5258,3762,3250,8055,5558,3884,3457,4822,4205,3551,3319,0.592505,-22.4144,8.77332,48.1553
79038,3386,3428,3287,3193,3836,4132,3759,3355,5228,6612,4733,3699,6029,8660,5390,3907,18.8388,-8.39392,8.97885,48.4227
79039,4166,6595,9638,5626,3851,4665,5157,4430,3470,3657,3881,3814,3218,3362,3349,3304,-32.5023,5.16011,8.50833,48.122
79040,6101,9803,5881,3946,4828,5374,4558,3815,3711,3777,3529,3404,3392,3370,3293,3150,-33.6104,-7.24339,8.67626,47.9547
79041,3160,3427,3893,4193,3240,3599,4967,6654,3364,3790,5765,8984,3294,3696,4683,5522,4.39331,22.6133,8.94074,48.154
79042,3215,3573,4305,4957,3376,3786,5327,8115,3333,3823,5289,7641,3271,3571,4127,4731,-0.941051,22.8713,8.82929,48.2933
79043,3334,3742,4585,4394,3559,4283,6903,6205,3499,4164,6448,5837,3400,3757,4259,4148,-1.27297,13.353,8.61506,48.3447
79044,3197,3233,3411,3343,3124,3438,3775,4028,3340,3786,4911,6224,3359,3976,6126,12594,28.3323,27.6905,8.64413,47.91
79045,3128,3294,3482,3362,3213,3490,3931,3958,3519,3916,4911,5631,3430,4327,8038,10328,29.589,18.3499,8.85903,47.972
79046,6732,9927,5651,3903,4730,5317,4431,3706,3740,3861,3757,3331,3374,3361,3364,3098,-29.1068,-9.11243,8.91821,48.1887
79047,3518,4464,7812,8268,3496,4125,5998,6216,3343,3630,3977,4085,3164,3341,3470,3507,-19.7468,15.6156,8.8621,48.276
79048,3934,6337,9581,5588,3845,4504,5263,4589,3522,3710,3831,3749,3245,3215,3384,3378,-33.4087,5.77371,8.62322,47.7833
79049,3094,3309,3376,3258,3302,3509,3735,3871,3456,3809,4796,6095,3364,3927,6049,12561,26.6068,33.1036,8.85263,47.674
79050,3300,3352,3210,3118,3857,3871,3568,3315,5107,5201,4076,3576,8174,9409,4912,3698,28.2848,-13.2063,8.94541,47.8293
79051,3521,4407,7530,8042,3572,4148,6196,6570,3301,3591,3973,4247,3117,3357,3428,3498,-18.1311,16.1106,8.66127,48.332
79052,6492,8904,5319,3852,5049,6173,4545,3663,3894,3960,3716,3408,3422,3346,3340,3108,-20.6443,-9.31372,8.58376,48.1273
79053,5040,8770,7857,4716,4217,5120,4924,4033,3572,3692,3723,3562,3095,3242,3380,3258,-27.093,-1.22215,8.85167,48.134
79054,3356,3338,3272,3132,3867,3975,3591,3354,5192,5828,4199,3672,7361,9235,5129,3736,21.8455,-11.6985,8.8415,48.158
79055,4035,3944,3582,3192,5475,5321,3874,3410,7169,7181,4268,3500,5252,4988,3875,3410,5.53281,-15.1896,8.90069,48.3173
79056,3487,3361,3126,3147,3983,3783,3483,3337,5871,4858,3906,3431,11335,6920,4071,3387,32.5044,-22.1232,8.57565,47.6573
79057,3554,4281,6281,5988,3636,4476,7419,6659,3337,3848,4567,4613,3058,3429,3595,3623,-12.0556,13.6124,8.50156,48.2427
79058,4832,7122,6113,4171,4634,6845,5768,4016,3832,4146,4072,3497,3448,3461,3394,3231,-15.9227,-3.17377,8.78791,48.388
79059,3511,4134,6941,10980,3417,3830,5109,6748,3211,3445,3929,4106,3123,3168,3447,3486,-22.3643,21.7813,8.93311,48.39
79060,3141,3310,3337,3377,3236,3452,3672,3773,3402,3835,4735,5873,3335,3936,6072,12519,32.7289,33.9353,8.80515,47.3367
79061,3521,3742,3611,3242,3877,4605,4190,3621,4912,7570,6033,4159,4540,5943,5126,4002,11.194,-3.62135,8.63659,48.4627
79062,3701,4994,9308,7874,3610,4319,5280,5178,3368,3512,3922,3710,3133,3299,3332,3344,-26.2227,12.4858,8.51107,47.9227
79063,5107,4655,3790,3210,7975,6124,3908,3468,6448,5105,3948,3261,4226,4066,3469,3237,-3.06405,-19.2773,8.82166,47.998
79064,3042,3205,3380,3458,3182,3515,3950,4141,3374,3863,5076,6824,3445,4041,6487,10919,21.4589,22.9094,8.85198,47.9347
79065,4912,7211,5809,4124,4771,7202,5586,4029,3883,4283,3887,3563,3389,3493,3480,3224,-15.2027,-3.90184,8.9658,48.564
79066,4174,4290,3619,3449,5384,6467,4309,3455,5811,7036,4496,3681,4372,4506,3848,3360,1.14089,-11.0598,8.77436,48.1713
79067,4122,3913,3562,3178,5966,5068,3944,3378,7842,6530,4092,3446,5434,4750,3718,3291,4.78315,-18.0444,8.55122,48.156
79068,4021,6586,9456,5778,3940,4590,5136,4538,3336,3701,3784,3764,3196,3364,3318,3262,-29.5703,4.99689,8.50741,47.8467
79069,3927,5649,9215,6619,3710,4462,5629,4904,3454,3498,3776,3693,3179,3273,3460,3482,-23.07,8.62019,8.65292,47.9533
79070,3446,3929,6178,12283,3362,3853,4774,6088,3159,3502,3879,3847,3129,3301,3300,3456,-31.7192,26.1449,8.55806,47.6573
79071,3222,3438,3481,3416,3694,4306,4205,3698,4320,6529,6897,4298,4296,5935,6225,4378,13.4317,0.578925,8.78097,48.2253
79072,4382,4012,3453,3173,6827,4754,3618,3364,9417,5201,3754,3334,5487,4400,3536,3240,4.07688,-28.7541,8.57757,47.968
79073,3736,3544,3428,3236,4676,4760,3684,3309,6788,7748,4444,3604,5684,5982,4182,3590,10.4453,-13.8239,8.98074,48.2633
79074,3463,3666,3519,3259,4045,4831,4419,3625,4599,7723,6304,4003,4251,5553,4880,4039,9.2619,-2.85391,8.74799,48.1193
79075,5695,6246,4398,3539,6343,7846,4683,3650,4303,4623,3825,3404,3618,3598,3429,3290,-11.6634,-11.7402,8.9945,48.3267
79076,3076,3181,3375,3404,3117,3463,3956,4067,3328,3816,4992,6768,3290,4049,6424,11637,23.0828,24.9374,8.60574,47.962
79077,3168,3496,3850,3853,3296,3845,5076,5204,3409,4374,7380,7704,3434,3920,5195,5438,7.17698,15.9126,8.83496,48.428
79078,7782,5176,3772,3269,9488,5470,3916,3430,5021,4099,3568,3292,3781,3697,3352,3086,-12.1348,-25.9878,8.87021,48.1327
79079,3428,3798,5687,9510,3416,3795,5255,8519,3224,3629,4032,4402,2957,3165,3632,3582,-16.5629,27.0589,8.83226,48.0207
79080,3562,4443,8263,9927,3498,4079,5118,5656,3209,3592,3708,3872,3197,3137,3413,3316,-27.5496,17.4505,8.58585,47.9933
79081,5947,9644,6488,4069,4554,5213,4615,3820,3653,3765,3637,3414,3371,3397,3312,3254,-27.9124,-6.03956,8.73753,48.102
79082,12529,6137,3993,3381,6068,4789,3773,3390,3868,3766,3326,3314,3305,3260,3250,3036,-27.0429,-32.8772,8.57121,47.4567
79083,2969,3297,3378,3373,3253,3505,3872,3927,3353,3804,5008,5977,3485,3984,7090,11539,26.4989,22.3055,8.50801,47.876
79084,3235,3277,3407,3228,3401,3635,3789,3570,4109,4741,5103,4358,4408,7352,9176,5247,26.9636,2.61615,8.80383,48.024
79085,3384,3873,4838,4802,3570,4322,7298,6816,3387,4133,5795,5559,3279,3610,4001,4082,-4.26189,14.2685,8.67803,48.4993
79086,7462,9571,5227,3684,5109,5700,4335,3690,3823,3884,3525,3407,3384,3410,3294,3157,-23.7238,-11.5579,8.65011,48.4413
79087,3857,4839,6685,5257,3801,5152,7812,5241,3457,3837,4515,4009,3108,3452,3556,3460,-13.0807,7.50747,8.76119,48.0253
79088,12551,6081,3984,3423,6041,4726,3715,3339,3907,3822,3446,3228,3385,3339,3422,3263,-28.9768,-31.2193,8.68113,47.7813
79089,3565,4260,7521,9062,3535,4064,5584,6322,3175,3654,3929,4165,3115,3280,3498,3411,-20.6,17.6455,8.52866,48.0933
79090,3170,3358,3384,3322,3309,3581,3831,3695,3586,4196,5156,5026,3840,5251,9747,7353,31.4453,10.8764,8.63605,47.87
79091,3987,6244,10041,6046,3768,4537,5282,4688,3367,3676,3758,3734,3182,3278,3294,3328,-30.3846,6.72213,8.83586,48.14
79092,3151,3451,3659,3789,3247,3654,4353,5579,3354,3881,5347,9740,3334,3755,4968,6992,9.86945,28.4178,8.51664,48.1693
79093,3326,3876,6262,12000,3359,3742,4864,6845,3314,3526,3825,4074,3082,3134,3293,3343,-23.5664,26.3323,8.93044,47.91
79094,7462,9711,5343,3695,4936,5249,4228,3563,3781,3971,3624,3327,3357,3381,3184,3147,-29.5559,-10.943,8.54226,47.9727
79095,3870,3683,3322,3146,5740,4357,3658,3296,9790,5535,3849,3409,6699,4842,3734,3369,8.81611,-25.0641,8.99746,48.1993
79096,5397,4533,3711,3336,9302,5171,3828,3385,7026,4827,3668,3279,4168,3991,3495,3252,-3.87676,-33.1235,8.65259,48.246
79097,3418,3462,3214,3139,3897,4050,3487,3256,5582,5638,4181,3677,7945,8622,4678,3734,22.3418,-13.8729,8.69534,47.9867
79098,11611,5814,3833,3392,6997,4898,3749,3475,4032,3934,3494,3286,3399,3334,3175,3092,-21.3678,-33.8538,8.87366,47.6767
79099,3277,3510,3337,3292,3753,3906,3626,3404,4947,5695,4346,3562,6550,9527,5756,3856,24.8803,-8.99697,8.59578,48.2293
79100,3309,3844,5367,7184,3441,3898,5921,8907,3350,3589,4318,5042,3173,3259,3620,3727,-11.1029,22.0743,8.51096,47.966
79101,3439,3527,3283,3143,4141,3875,3437,3194,7034,5481,3934,3351,10232,6601,4038,3358,19.7736,-21.1384,8.87782,48.0453
79102,8487,5254,3713,3395,9198,5229,3767,3451,4788,4246,3506,3359,3521,3625,3278,3136,-13.5229,-31.3147,8.72874,47.9687
79103,3424,3407,3227,3133,3911,3864,3526,3245,5483,5280,3890,3465,9670,8616,4571,3521,29.4808,-16.7133,8.80378,48.1553
79104,4169,5445,5569,4212,4351,6901,6748,4322,3803,4481,4514,3822,3368,3595,3601,3342,-10.452,-0.0313298,8.94843,48.162
79105,4519,4537,3782,3369,6567,6649,4222,3522,5956,6279,4184,3463,4359,4246,3721,3147,-1.13047,-14.3262,8.76597,48.348
79106,3287,3375,3385,3350,3703,3995,4106,3644,4185,6031,6391,4450,4417,6353,7042,4683,16.5824,1.32746,8.84487,48.2647
79107,3901,5056,5962,4718,3986,5839,7696,4891,3601,4198,4627,3822,3325,3517,3605,3558,-11.1315,4.2252,8.72169,48.2013
79108,8651,5218,3860,3414,8994,5208,3768,3397,4779,4206,3635,3232,3582,3466,3198,3115,-14.3285,-32.0061,8.62575,47.8153
79109,3142,3208,3332,3355,3247,3389,3798,3987,3316,3860,4852,6726,3471,3923,5839,12341,24.1124,30.4822,8.87328,47.8573
79110,3830,5818,9913,6448,3796,4416,5256,4777,3404,3499,3831,3690,3166,3374,3323,3415,-30.1956,7.91872,8.77085,47.9707
79111,5755,4585,3537,3249,9730,5189,3818,3383,6663,4548,3650,3212,4214,3919,3446,3160,-5.12413,-31.4802,8.79324,48.0387
79112,3604,3430,3381,3136,4109,4238,3657,3331,6454,6609,4269,3517,6986,7407,4420,3415,16.1234,-14.5001,8.94582,47.9753
79113,3644,3684,3382,3091,4402,4215,3528,3428,7254,6744,4181,3439,7309,6510,4222,3545,14.8002,-16.7802,8.52278,48.3853
79114,4801,7710,7480,4457,4264,5678,5524,4257,3516,3904,3943,3653,3342,3251,3386,3276,-20.3363,-0.346962,8.91516,48.2947
79115,3454,3663,4073,4023,3705,4467,6265,5053,3720,4724,7372,5590,3541,3904,4775,4341,2.52835,9.83038,8.50537,48.4467
79116,3345,4121,6908,11448,3307,3799,4910,5970,3170,3386,3772,3927,3201,3223,3459,3395,-32.4146,22.1252,8.50344,47.5607
79117,7065,4838,3728,3263,9888,5273,3883,3393,5403,4187,3488,3300,3917,3694,3401,3306,-9.96654,-30.9203,8.71348,48.018
79118,3256,3582,4193,4134,3513,4077,5999,5604,3502,4363,7078,6343,3465,3800,4633,4535,2.36202,13.7869,8.94054,48.0513
79119,8865,7972,4439,3565,6227,5727,4228,3390,4192,4031,3529,3208,3425,3353,3254,3135,-21.0799,-16.0347,8.95845,48.36
79120,6523,10083,5798,3841,4804,5249,4415,3774,3701,3884,3583,3275,3297,3435,3209,3079,-32.0472,-8.4722,8.80811,47.9667
79121,8875,7117,4242,3450,7010,5756,3994,3409,4170,3943,3543,3400,3465,3479,3208,3113,-19.0353,-18.5077,8.51485,48.116
79122,3242,3208,3366,3394,3237,3340,3775,3734,3433,3762,4688,6052,3445,3883,6029,12550,28.2988,32.5245,8.81635,47.4253
79123,3944,3764,3443,3123,5730,4690,3699,3317,9004,6295,3840,3429,6035,4956,3806,3351,7.78703,-21.0973,8.91123,48.284
79124,4375,7332,9260,5114,4046,4810,5037,4395,3481,3599,3704,3670,3328,3319,3433,3254,-31.5208,2.69313,8.81751,48.1047
79125,3494,4213,7545,10200,3432,3944,5338,6110,3164,3518,3813,4018,3126,3181,3393,3439,-23.0552,19.1268,8.97896,47.952
79126,11269,5714,3900,3323,7369,4931,3798,3347,4231,3890,3471,3307,3500,3355,3315,3108,-20.6312,-29.5619,8.73041,47.8853
79127,4038,3824,3477,3153,5840,4999,3781,3366,8188,6580,4118,3564,5480,4852,3912,3298,6.25024,-18.5803,8.56293,48.3133
79128,3771,5655,10031,6653,3765,4350,5183,4732,3391,3731,3791,3762,3143,3264,3380,3281,-29.8555,8.98592,8.92381,47.922
79129,9487,7420,4264,3478,6408,5425,4109,3523,4006,3932,3457,3290,3501,3473,3231,3101,-21.0367,-18.4912,8.6733,48.07
79130,4096,6220,9608,6020,3788,4546,5571,4672,3445,3729,3779,3743,3159,3423,3286,3319,-24.9514,6.51209,8.80768,48.2693
79131,3406,3985,5570,10448,3461,3714,4920,7850,3322,3511,3847,4395,3140,3281,3392,3408,-19.0968,30.7638,8.8313,47.7667
79132,3393,3409,3324,3183,3737,3812,3703,3282,4990,5282,4237,3543,7586,9822,5102,3700,31.9801,-11.8077,8.93398,48.07
79133,3203,3372,3775,3913,3257,3621,4415,5792,3367,3900,5468,9738,3237,3845,4874,6675,8.8392,26.0389,8.53474,48.3013
79134,3693,3763,3296,3126,4704,4341,3669,3200,8260,6228,4098,3443,7364,5640,3923,3340,12.823,-19.7924,8.59721,48.0587
79135,3483,4454,7882,8063,3475,4067,6122,6422,3280,3604,4027,4104,3113,3336,3497,3411,-19.2022,15.4712,8.99147,48.2267
79136,3374,3381,3400,3215,3867,3831,3341,3256,5864,4700,3855,3369,12508,5862,3794,3347,33.4922,-33.0819,8.87487,47.3093
79137,8324,5244,3842,3394,9145,5276,3756,3478,4889,4045,3514,3205,3759,3555,3348,3148,-13.3538,-26.6027,8.69474,47.948
79138,3573,4228,5575,5308,3641,4492,8018,6422,3398,4014,4927,4621,3162,3556,3728,3784,-9.31754,12.2197,8.83465,48.298
79139,3579,4567,8803,9045,3535,4023,5124,5414,3317,3505,3856,3812,3195,3232,3402,3269,-30.8409,15.5143,8.55864,47.7853
79140,5028,8875,7748,4483,4321,5076,4746,3968,3566,3765,3683,3543,3270,3358,3330,3229,-30.0712,-1.83218,8.62537,47.9927
79141,3381,3872,5188,8021,3421,3825,5284,9386,3313,3660,4056,4872,3100,3251,3501,3670,-12.8428,32.8728,8.65987,47.8673
79142,5488,6180,4367,3569,6123,7780,4685,3627,4468,4674,3860,3451,3645,3557,3420,3174,-11.3062,-11.5853,8.53482,48.0453
79143,3793,5779,9625,6708,3692,4369,5217,4789,3334,3685,3939,3826,3227,3222,3366,3338,-30.9897,8.48569,8.62451,47.9393
79144,3860,4531,4660,3813,4224,6482,6644,4342,4052,5138,5408,4090,3503,3753,3975,3637,-4.21495,0.381628,8.78997,48.0747
79145,3403,3809,5547,9557,3307,3921,5091,8523,3213,3552,4006,4393,3152,3210,3370,3546,-16.6397,33.6168,8.92564,47.7333
79146,3226,3496,3966,4201,3351,3705,5228,6532,3325,4000,5969,8255,3253,3670,4550,5380,3.59074,20.5703,8.86422,48.0713
79147,3676,3663,3325,3157,4637,4733,3718,3345,7167,7474,4325,3438,6040,5908,4100,3375,10.8305,-14.6222,8.99374,48.054
79148,3182,3459,3729,3981,3247,3754,4810,5906,3405,4001,6374,8999,3316,3670,4835,5746,6.63885,20.1309,8.94323,48.276
79149,3422,3534,3535,3352,3823,4418,4262,3703,4466,7041,6306,4173,4547,6067,5481,4213,12.8185,-1.7379,8.58856,48.2287
79150,3558,3550,3560,3256,3966,4680,4364,3708,4642,7531,6250,4121,4500,5586,5027,4003,9.89323,-3.1597,8.83154,48.2013
79151,3802,4799,6901,5361,3741,4908,7770,5469,3517,3911,4451,4147,3325,3411,3456,3442,-13.5743,8.50563,8.89765,48.274
79152,3418,3345,3291,2951,4028,3721,3585,3350,5817,5252,4079,3460,9866,7862,4407,3533,24.984,-17.6099,8.61019,47.9767
79153,3303,3387,3238,3164,3682,3785,3608,3273,4801,5775,4456,3716,6652,9480,5645,3958,24.1547,-8.46861,8.67043,47.9487
79154,3310,3844,5165,7841,3414,3839,5355,9519,3251,3617,4258,5095,3135,3327,3607,3657,-12.024,30.522,8.66693,48.156
79155,11485,7015,4004,3367,5833,4939,3916,3380,3923,3768,3611,3204,3366,3428,3230,3024,-32.8067,-21.2619,8.90584,47.662
79156,3506,3434,3189,3111,4143,3822,3590,3296,6407,4942,3895,3521,11472,6535,3925,3376,24.3898,-24.0252,8.54708,48.1093
79157,4266,6251,7306,4853,4100,5642,6451,4602,3674,3938,4204,3741,3235,3410,3409,3264,-17.0132,2.52473,8.81493,48.2307
79158,3355,3774,4972,7217,3498,3816,5436,9742,3245,3607,4353,5261,3061,3292,3597,3832,-10.6146,26.3905,8.84803,48.0387
79159,4654,4203,3643,3310,7532,5725,3865,3388,7175,5673,3977,3360,4689,4364,3638,3338,-0.702191,-19.7215,8.6137,48.356
79160,3078,3219,3411,3316,3298,3451,3855,3893,3396,3886,5067,5516,3601,4577,8359,9938,28.7328,16.9089,8.86407,47.9073
79161,3244,3454,3357,3308,3770,3787,3738,3248,4974,5814,4524,3691,6331,9288,5662,3891,22.0248,-8.31734,8.99217,48.054
79162,4389,4903,4147,3718,5359,8050,5074,3775,4563,5650,4378,3640,3737,3962,3639,3379,-5.14057,-7.829,8.91588,48.242
79163,10660,8116,4239,3472,5686,4987,3899,3417,4021,3967,3357,3193,3410,3451,3205,3002,-32.3239,-18.6809,8.79281,48.0547
79164,3893,5431,7233,5221,3866,5319,7206,4919,3605,3959,4226,3956,3157,3344,3572,3416,-14.9629,5.53084,8.93716,48.2153
79165,3395,3528,3355,3062,3930,4017,3615,3327,5742,6130,4365,3602,7139,8333,4891,3696,19.8801,-12.3777,8.98323,48.0847
79166,3248,3305,3421,3323,3397,3633,3886,3831,3743,4434,5707,5042,3756,5246,9562,6947,24.0809,10.4439,8.92968,48.3207
79167,4329,5103,4391,3681,5091,8012,5386,3778,4268,5444,4390,3565,3717,3922,3683,3465,-6.09055,-5.93927,8.92459,48.15
79168,3261,3841,5632,10932,3404,3779,5060,7846,3266,3497,3911,4205,3145,3224,3403,3446,-18.9869,30.5718,8.77606,47.9013
79169,3265,3662,4231,4555,3427,4023,5912,6958,3406,4034,5838,7083,3327,3595,4250,4610,0.207907,17.9761,8.52329,48.1173
79170,3270,3520,3602,3438,3492,3965,4252,3953,4018,5589,7086,4640,4057,5637,6770,4898,14.8049,4.36516,8.57856,48.1247
79171,3253,3331,3351,3223,3555,3776,3571,3511,4366,4989,4747,4000,5198,9071,7383,4526,30.3335,-2.75028,8.52112,47.9007
79172,3315,3662,4192,4162,3353,4045,6216,5695,3554,4220,7049,6578,3348,3816,4514,4504,1.95729,14.1103,8.92016,48.1487
79173,3952,4961,6350,4873,3829,5566,7760,5072,3583,4179,4474,3941,3302,3560,3614,3642,-12.4929,5.62605,8.77847,48.4387
79174,4176,3847,3421,3295,6418,4691,3674,3350,9295,5638,3930,3356,5687,4558,3702,3270,5.37468,-24.2888,8.60313,48.2053
79175,3156,3427,3628,3913,3271,3609,4385,5865,3352,3720,5264,9914,3325,3701,4872,6720,8.983,27.9575,8.67178,48.0813
79176,3946,3757,3550,3206,5428,4989,3803,3309,7797,6841,4142,3473,5468,5097,3812,3483,6.64202,-17.3896,8.96526,48.0673
79177,3413,3987,6215,8970,3352,4031,5732,7824,3303,3512,4064,4341,3099,3269,3360,3545,-16.7802,20.5096,8.96746,48.0113
79178,4035,4674,4406,3773,4583,7309,5799,4001,4280,5694,5001,3845,3838,4136,3880,3517,-4.09422,-3.42317,8.81094,48.514
79179,3097,3283,3265,3418,3216,3547,3826,3861,3407,4052,5206,5473,3519,4553,8700,9374,30.5169,15.8082,8.9572,47.8647
79180,12390,5909,3886,3396,6059,4678,3852,3376,3901,3749,3487,3368,3336,3190,3346,3145,-28.3364,-33.3136,8.56455,47.3787
79181,3303,3347,3355,3211,3572,3884,3710,3437,4405,5718,4986,3872,5379,9086,6778,4342,22.6167,-3.92213,8.8512,48.2567
79182,5623,6212,4380,3572,6464,7624,4640,3618,4404,4686,3864,3382,3576,3681,3459,3212,-11.8772,-12.2105,8.59845,48.2647
79183,7135,9431,5111,3816,5186,5654,4347,3784,3784,3847,3574,3395,3351,3301,3273,3135,-23.9078,-11.1708,8.55245,48.0827
79184,3429,3827,5626,10245,3383,3715,5131,8166,3186,3457,3859,4434,3106,3252,3428,3550,-17.8434,29.7402,8.66938,47.8627
79185,3105,3253,3461,3384,3260,3430,3832,3955,3407,3818,5042,5788,3382,4128,7657,10934,30.7412,19.7282,8.74762,47.8907
79186,4688,6861,6529,4552,4432,6219,6163,4190,3799,4093,3952,3618,3252,3459,3417,3337,-16.5707,-0.587511,8.7274,48.374
79187,3241,3449,3704,3672,3391,3791,4789,5055,3463,4314,7286,7298,3545,4088,5452,5866,8.8589,15.5999,8.69056,48.2693
79188,3179,3193,3381,3323,3350,3555,3779,3807,3585,4114,5352,5097,3922,5065,9738,7959,29.1864,12.2923,8.94599,48.266
79189,5039,4620,3773,3373,7744,6378,4068,3338,6461,5408,3891,3380,4334,4082,3622,3231,-3.15636,-18.4336,8.75496,48.4947
79190,3058,3295,3493,3632,3324,3574,4121,4902,3380,3816,5459,9112,3386,3770,5373,8391,13.4978,25.42,8.7881,48.0573
79191,4375,4856,4034,3628,5555,7877,4857,3693,4870,5910,4412,3540,3897,4033,3768,3390,-3.87246,-9.1312,8.88968,48.4633
79192,3109,3181,3476,3520,3324,3441,3926,4063,3302,3815,4926,7527,3408,3977,5667,10919,20.1302,32.1939,8.57191,47.7207
79193,12671,5916,3952,3509,5894,4691,3701,3285,3897,3738,3444,3294,3340,3301,3208,3252,-30.1378,-32.9752,8.93203,47.3953
79194,3141,3292,3439,3410,3467,3675,3859,3790,3836,4551,5870,4879,4005,5913,8984,6137,22.3971,7.41907,8.53969,48.1653
79195,3703,4962,8808,7576,3543,4341,5914,5542,3489,3813,3970,3913,3144,3317,3436,3169,-21.6798,12.3674,8.61638,48.4267
79196,2985,3123,3399,3269,3247,3447,3796,3929,3390,3819,4815,5970,3381,3974,6085,12867,28.2254,30.8408,8.76606,47.664
79197,4149,6904,9232,5425,3850,4679,5136,4415,3523,3686,3890,3643,3281,3278,3345,3244,-32.2157,3.86507,8.51455,47.7867
79198,4079,3768,3364,3143,6129,4371,3642,3326,9853,5241,3751,3313,6333,4738,3710,3287,7.04752,-29.2648,8.91906,48.032
79199,3291,3679,4367,5121,3585,3715,5059,8752,3360,3662,4884,7631,3187,3498,3997,4426,-1.76177,26.6299,8.60536,48.1427
79200,3923,5399,8271,5930,3897,4794,6612,5201,3498,3792,4089,3927,3272,3348,3400,3400,-18.0882,7.9029,8.76205,48.502
79201,12827,6023,3887,3358,6095,4579,3627,3393,3924,3764,3376,3190,3437,3408,3327,3169,-30.0644,-28.94,8.8461,47.5893
79202,3442,3921,6363,11862,3350,3778,4955,6628,3233,3503,3777,4032,3151,3233,3355,3425,-24.0989,25.7296,8.73441,48.0053
79203,3511,3784,4432,4575,3547,4384,6861,6283,3397,4127,6050,5698,3377,3808,4155,4160,-1.78765,13.3755,8.70842,48.0993
79204,7277,9719,5281,3944,5007,5208,4225,3538,3760,3865,3574,3354,3381,3381,3294,3229,-29.982,-10.5482,8.50084,48.0247
79205,3732,4462,5530,4681,3862,5260,8122,5303,3556,4139,5172,4270,3328,3639,3758,3669,-7.91968,7.31047,8.72799,48.322
79206,3120,3278,3331,3454,3181,3411,3734,4064,3472,3947,5097,6544,3476,4225,7228,10549,23.1117,20.8218,8.62581,48.074
79207,3532,3618,3387,3280,4334,4737,3940,3557,5634,8208,4977,3657,5057,6043,4581,3768,10.6642,-8.7279,8.7486,48.2067
79208,4553,7782,8659,5068,4108,4833,4955,4239,3544,3768,3809,3666,3157,3294,3263,3222,-29.4166,1.3659,8.57388,47.9467
79209,3491,3973,4233,4049,3816,5069,6941,4635,3812,5017,6816,4653,3424,3957,4394,4142,0.0836817,5.24877,8.78543,48.2813
79210,3316,3652,4082,3964,3367,4300,5928,5122,3651,4647,7582,5866,3284,4029,4790,4531,3.44867,10.9823,8.65892,48.074
79211,10770,7758,4212,3474,5552,5087,3877,3374,3964,3902,3432,3234,3368,3340,3285,3191,-31.538,-19.4501,8.86058,47.88
79212,3141,3393,3623,3822,3376,3754,4662,5281,3483,4105,6608,8201,3503,3913,5319,6193,9.5121,18.3816,8.66061,48.2513
79213,3423,3981,5739,9329,3304,3927,5501,8265,3294,3460,4127,4503,3115,3347,3456,3541,-16.5998,23.7877,8.75031,48.208
79214,3910,3881,3350,3243,5726,4457,3726,3273,9935,5248,3855,3334,6460,4829,3773,3254,8.2619,-33.8748,8.72301,48.1693
79215,3140,3178,3447,3296,3413,3663,3896,3827,3694,4510,5911,5036,3812,5331,9423,6791,22.4274,9.70947,8.87917,48.2453
79216,3185,3226,3494,3497,3371,3660,4157,4042,3658,4298,6527,6304,3530,4555,7527,7185,16.8822,14.1307,8.90209,48.144
79217,3256,3714,4098,4104,3678,4097,5994,5047,3618,4611,7652,6137,3381,3957,4715,4615,3.76119,11.6706,8.92115,48.4493
79218,3236,3535,4303,4737,3396,3847,5460,7965,3375,3750,5469,7681,3291,3718,4252,4665,-0.383666,22.3062,8.89943,48.4533
79219,3472,3491,3435,3347,4005,4380,3842,3453,5346,7635,5009,3625,5288,7020,5083,3833,14.2916,-8.1061,8.5826,48.176
79220,3033,3338,3679,3807,3231,3635,4146,5226,3424,3778,5203,10068,3313,3806,4916,7438,11.0793,30.2449,8.98831,48.0273
79221,3343,3668,4261,4290,3531,4194,6536,5925,3514,4324,6646,5987,3491,3754,4325,4401,0.311845,13.1404,8.66395,48.1267
79222,4250,6860,9462,5599,3769,4629,5292,4487,3489,3624,3831,3688,3174,3266,3415,3272,-27.2371,4.6242,8.58171,48.0713
79223,3123,3618,3874,4144,3301,3816,5063,6304,3498,3980,6099,8388,3223,3796,4578,5320,4.35282,19.8508,8.7026,48.0833
79224,4394,7072,8960,5215,4050,4851,5544,4268,3437,3700,3766,3737,3147,3368,3379,3326,-23.2576,3.01545,8.99219,48.1427
79225,3285,3893,6097,12764,3459,3698,4779,5952,3259,3520,3771,3839,3088,3209,3396,3416,-31.3203,28.9605,8.70155,47.6167
79226,3712,3929,3940,3595,4148,5784,5240,3949,4296,6856,6151,4091,3930,4534,4370,3870,3.03048,-1.48199,8.62658,48.2633
79227,3691,4151,4250,3933,4067,5623,6615,4306,3938,5539,6167,4219,3689,3983,4267,3743,-0.982936,2.15475,8.64792,48.1207
79228,3597,4583,8634,9285,3598,3992,5207,5501,3351,3523,3932,3867,3134,3256,3386,3331,-28.0285,15.7301,8.69799,48.118
79229,3483,3742,3598,3345,4130,4742,4225,3521,5073,7975,5642,4023,4679,5969,4857,3812,10.066,-5.53889,8.9565,48.544
79230,8860,9004,4546,3556,5535,5206,4120,3529,3887,3793,3460,3253,3386,3372,3211,3155,-33.6645,-14.8069,8.91181,47.9153
79231,3000,3306,3416,3453,3404,3629,4043,3866,3543,4362,6115,5525,3703,4895,8765,7273,20.6021,11.9811,8.95272,48.1987
79232,3509,3932,5412,6262,3526,3996,6428,8304,3348,3748,4500,5063,3182,3466,3669,3784,-9.86792,19.1164,8.50215,48.086
79233,3140,3349,3379,3319,3329,3630,3791,3777,3838,4619,5334,4570,4157,6240,9652,5796,26.2163,5.98082,8.61949,47.9467
79234,3203,3427,4180,4903,3363,3710,4832,8600,3297,3738,4814,8255,3325,3538,4256,4784,-0.278449,30.1382,8.75768,48.15
79235,3092,3291,3519,3380,3274,3432,3801,3977,3357,3668,4680,5961,3419,3801,5846,12547,33.8876,32.7713,8.94312,47.3633
79236,3495,4026,6463,10398,3405,3843,5467,7013,3319,3535,3977,4266,3092,3269,3445,3450,-20.4233,21.8702,8.98469,48.3087
79237,4929,4806,4071,3483,6666,7341,4444,3513,5326,5628,4122,3322,3962,4071,3620,3337,-4.62588,-13.5728,8.91848,48.4273
79238,3831,3755,3393,3198,5083,5180,3804,3514,6961,7584,4326,3569,5400,5106,3976,3602,7.19175,-13.9616,8.85726,48.188
79239,3088,3215,3370,3428,3129,3562,3839,4039,3425,3984,5295,6678,3322,4048,7037,10793,22.5108,21.6028,8.82911,48.168
79240,3474,4122,6998,11149,3411,3774,4948,6315,3204,3455,3893,4013,3072,3163,3388,3472,-24.4835,21.6144,8.62567,47.9007
79241,3422,3395,3246,3194,4049,3789,3465,3300,7267,4866,3853,3369,11416,5799,3911,3397,20.9053,-33.655,8.94089,47.8253
79242,5406,8712,6398,4279,4580,6034,5031,3905,3755,4018,3847,3466,3355,3363,3265,3094,-20.8379,-4.49581,8.98239,48.3387
79243,3237,3436,3596,3674,3232,3516,4347,5015,3360,3841,5231,9677,3384,3679,5080,7696,11.4565,33.3643,8.89037,48.0007
79244,5291,4434,3655,3231,9193,5065,3768,3363,7344,4734,3607,3258,4434,4033,3482,3262,-3.16585,-27.6201,8.73446,48.1027
79245,3155,3412,3697,3782,3265,3727,4586,4994,3494,4160,6671,8189,3405,4037,5570,6349,10.3669,17.8355,8.72393,48.3287
79246,3296,3447,3421,3248,3781,4081,3996,3707,4437,6214,6215,4289,4535,6570,6509,4534,15.8628,-0.286654,8.78289,48.1867
79247,3158,3200,3332,3367,3214,3452,3739,3937,3427,3983,5131,6073,3447,4338,7720,10505,25.856,18.9775,8.60156,48.0153
79248,3162,3290,3565,3619,3228,3617,4138,4591,3394,3899,5767,8569,3340,3922,5815,8181,14.0789,21.6567,8.99214,48.0647
79249,3183,3329,3334,3210,3627,3692,3663,3542,4232,5306,4960,4124,4964,8591,7636,4568,24.8939,-1.52958,8.73099,47.974
79250,6177,8457,5393,3986,5078,6315,4683,3761,3949,4020,3638,3533,3389,3365,3233,3166,-19.6767,-8.62151,8.53509,48.0953
79251,3450,3479,3485,3333,3905,4263,4100,3711,4527,6976,6129,4214,4626,6303,5638,4238,13.5789,-1.88725,8.63297,48.2513
79252,5657,5912,4212,3593,6433,7693,4712,3540,4618,4805,3861,3376,3623,3643,3400,3157,-10.8225,-12.7416,8.51481,48.1567
79253,3532,4408,8249,9641,3358,4068,5103,5611,3288,3546,3764,3993,3094,3366,3340,3244,-33.1607,16.9903,8.73021,47.7367
79254,3423,4081,6823,11458,3376,3913,4998,6642,3135,3515,3816,4073,3131,3234,3290,3389,-23.6081,22.82,8.97358,48.198
79255,3333,3992,6220,12290,3415,3747,4858,6563,3256,3374,3802,4046,3114,3172,3290,3430,-24.9417,28.2015,8.95056,47.9347
79256,4606,4592,3829,3388,6130,7273,4498,3619,5374,6192,4238,3482,4043,4151,3787,3325,-2.4269,-12.4839,8.81074,48.3513
79257,11103,6767,4142,3400,6633,5105,3825,3378,3944,3831,3490,3233,3445,3388,3234,3130,-22.9142,-22.008,8.92088,48.032
79258,3467,4355,7152,8808,3505,4037,5847,6789,3306,3520,3969,4040,3064,3244,3411,3538,-18.8237,17.8766,8.77011,48.0347
79259,3709,5144,9710,7677,3648,4193,5376,5205,3346,3503,3758,3945,3130,3247,3325,3318,-26.6711,12.1183,8.95768,48.156
79260,3482,3405,3207,3199,3861,3692,3461,3234,6064,4770,3763,3449,12785,5964,3890,3336,32.4066,-28.4813,8.85341,47.708
79261,3313,3392,3410,3297,3856,4188,3882,3596,4695,6588,5196,3996,5168,7650,5935,4131,17.5992,-4.52161,8.52639,48.1953
79262,11709,6179,4040,3345,6889,4952,3729,3373,4079,3814,3471,3217,3437,3471,3141,3084,-22.9602,-26.0821,8.76953,47.9533
79263,3605,3652,3372,2988,4580,4175,3563,3314,7877,6066,4062,3544,7650,6131,4134,3434,14.3272,-18.8146,8.75153,48.098
79264,3190,3191,3592,3351,3349,3587,3947,4270,3524,4067,5943,6808,3495,4168,7135,8636,18.2822,17.6962,8.83695,48.1687
79265,5500,9455,6741,4308,4505,5220,4549,4006,3711,3802,3708,3514,3278,3387,3278,3180,-31.2541,-4.35867,8.69109,48.0947
79266,3241,3298,3350,3214,3613,3818,3724,3592,4286,5078,4780,4016,4972,8708,7732,4423,33.2698,-1.7205,8.74593,47.8967
79267,3502,3444,3244,3019,4390,3926,3462,3285,8019,5196,3827,3401,10014,5890,3892,3433,18.3656,-24.5956,8.77179,47.9627
79268,3249,3377,3247,3073,3748,3822,3644,3441,4470,5260,4502,3877,6101,9861,6365,4176,27.33,-6.16984,8.7598,48.142
79269,3194,3448,3530,3321,3492,4066,4110,3766,4065,5807,6780,4627,4285,5950,6854,4758,15.8122,2.84355,8.51123,48.0353
79270,5585,5497,4102,3529,6780,7619,4416,3540,4871,4749,3835,3483,3788,3673,3551,3294,-9.22824,-13.7565,8.50787,48.208
79271,3526,3475,3302,3056,4239,3930,3571,3190,7268,5564,3968,3433,9356,6722,4208,3470,19.0806,-20.4162,8.7652,48.1853
79272,4905,8622,7689,4575,4231,4978,4773,4033,3567,3774,3654,3479,3323,3401,3346,3239,-31.4795,-1.7084,8.60496,47.726
79273,4598,5063,4128,3567,5664,8060,4907,3669,4558,5514,4205,3587,3819,3929,3667,3387,-5.81652,-9.27324,8.60558,48.2147
79274,3152,3282,3314,3399,3359,3523,3933,3826,3554,4157,5370,5232,3615,4808,9265,8334,31.9642,13.4721,8.79308,48.082
79275,3505,4049,5734,6082,3526,4206,7019,7731,3371,3643,4569,4784,3127,3390,3779,3763,-10.6913,16.5843,8.54893,48.1853
79276,3985,3944,3454,3356,5446,5335,4010,3422,7117,7159,4235,3480,5060,4923,3862,3467,5.37013,-15.0889,8.67665,48.17
79277,3471,4000,4718,4605,3617,4618,7612,5914,3545,4138,6054,5170,3378,3714,3993,3967,-3.2492,11.1644,8.83775,48.3427
79278,3327,3866,5073,7031,3311,3973,5633,9310,3323,3573,4271,5289,3060,3350,3586,3860,-10.7905,24.0256,8.80481,47.8907
79279,3229,3436,3462,3263,3575,3903,3961,3613,4036,5259,6234,4596,4296,6515,8000,5119,19.0283,3.2029,8.83247,48.3313
79280,3171,3290,3349,3226,3365,3686,3733,3667,3818,4521,5364,4622,3975,5903,10028,6414,27.3288,8.12783,8.7098,48.088
79281,5311,7921,6035,4220,4774,6402,5226,3995,3826,4086,3855,3502,3290,3480,3388,3202,-18.2497,-4.58271,8.51676,48.342
79282,3727,4847,9256,8313,3647,4075,5492,5384,3368,3556,3823,3826,3075,3262,3345,3282,-25.5449,13.409,8.97564,48.1853
79283,3375,3414,3292,3096,4006,3827,3526,3230,6067,5271,3964,3544,9684,7874,4573,3416,24.5833,-17.8191,8.6722,48.106
79284,3490,4249,7677,10149,3481,4027,5269,6037,3225,3446,3846,4003,3117,3256,3333,3276,-24.9814,18.8758,8.61577,47.9207
79285,5154,8669,6766,4366,4477,5683,5070,4085,3621,3991,3705,3487,3279,3380,3359,3202,-21.8827,-3.48786,8.97946,48.196
79286,3482,3311,3307,3239,3907,3758,3436,3279,6105,4652,3730,3354,12574,5827,3859,3395,33.8593,-31.4186,8.7668,47.4767
79287,3344,3751,5131,7562,3351,3794,5258,9820,3296,3593,4099,5092,3231,3293,3558,3680,-11.8809,30.707,8.98726,47.902
79288,5570,5597,4083,3366,7087,7572,4396,3480,4804,4828,3789,3396,3846,3749,3509,3194,-8.97966,-14.319,8.85685,48.1773
79289,10506,5651,3993,3412,7698,5087,3827,3355,4239,4023,3578,3260,3476,3441,3284,3214,-18.8491,-33.7999,8.50926,48.0293
79290,3374,3914,5993,12819,3378,3769,4721,6112,3214,3529,3682,3971,3281,3256,3357,3382,-27.7345,31.8278,8.91036,47.8347
79291,3379,3494,3472,3425,3682,4100,4276,3728,4192,6157,6935,4485,4203,5835,6243,4469,13.7475,1.55868,8.53,48.05
79292,3605,3798,3617,3316,4271,5021,4137,3619,5467,8017,5189,3839,4850,5720,4451,3669,9.10207,-7.6499,8.54905,48.3907
79293,3146,3350,3614,3733,3228,3485,4335,5236,3321,3926,5551,9581,3355,3774,5239,7462,11.4342,24.1822,8.77109,48.224
79294,3453,3922,4726,4333,3747,4794,7649,5529,3597,4418,6220,4906,3355,3702,4077,4074,-3.26182,9.61842,8.9652,48.3347
79295,3570,3554,3341,3110,4306,4288,3722,3312,6964,6702,4214,3531,7146,6620,4297,3616,15.1552,-15.8657,8.70812,48.1953
79296,3399,3323,3179,3214,3916,3723,3357,3224,6006,4697,3749,3427,12615,5968,3866,3384,28.6553,-33.3547,8.75803,47.3647
79297,6452,4967,3705,3374,9362,5654,3920,3370,5642,4509,3655,3334,3947,3747,3338,3255,-8.5406,-23.4172,8.55571,48.154
79298,6436,4834,3766,3299,10132,5215,3829,3324,5897,4396,3635,3269,3953,3788,3344,3130,-8.06323,-31.8907,8.97474,48.1647
79299,5880,4646,3821,3305,9414,5595,3898,3329,6299,4613,3619,3324,4119,3951,3393,3209,-5.80245,-24.0023,8.81684,48.2767
79300,3198,3364,3784,3906,3318,3679,4550,5406,3366,4066,6263,8786,3348,3846,5022,6437,9.03758,20.4932,8.76405,48.226
79301,3149,3306,3559,3432,3341,3625,4184,4021,3661,4380,6536,6118,3607,4661,7648,7086,17.6005,13.4895,8.63415,48.2093
79302,4565,7322,7725,4842,4169,5505,5606,4445,3462,3874,3990,3601,3331,3311,3410,3269,-20.9222,1.02069,8.59596,48.2847
79303,3421,3329,3210,3073,4048,3744,3579,3271,6241,4751,3695,3313,12420,6024,3997,3366,26.4733,-28.4729,8.57555,47.6547
79304,3215,3320,3303,3492,3209,3418,3865,3972,3376,3949,5007,5948,3429,4039,7291,11361,33.921,20.5082,8.92651,48.1293
79305,3880,3764,3428,3187,4654,5107,3997,3332,6384,7887,4664,3611,5264,5650,4021,3522,8.81223,-12.1352,8.99277,48.2347
79306,3236,3361,3666,3636,3459,3865,4636,4271,3698,4887,8093,5801,3750,4555,6298,5304,11.4273,9.73553,8.72749,48.344
79307,3296,3907,6083,12303,3500,3729,4892,6700,3246,3267,3804,4130,3010,3143,3300,3437,-24.019,27.6402,8.99817,47.8313
79308,3547,3471,3210,3082,4373,3910,3594,3178,7931,5127,3745,3464,10310,5805,3941,3432,18.8447,-26.1341,8.67634,48.08
79309,3134,3313,3728,3668,3192,3664,4149,4984,3386,3830,5285,9510,3386,3846,5234,7921,12.5305,31.6803,8.62122,48.1533
79310,3241,3469,3668,3819,3297,3789,4808,5349,3496,4128,7051,8049,3431,3949,5094,5747,7.63119,17.5003,8.97045,48.2567
79311,3088,3309,3557,3582,3366,3628,4114,4832,3451,3961,5934,8428,3529,4018,5728,7564,13.1622,20.2869,8.85012,48.0593
79312,3645,4815,8749,7316,3700,4334,6226,5437,3240,3605,4103,3948,3094,3278,3432,3413,-20.6579,12.2127,8.99776,48.2233
79313,3110,3383,3283,3392,3299,3579,3880,3657,3718,4388,5304,4655,3962,6029,10201,6395,28.3809,7.5776,8.82238,48.1567
79314,3203,3308,3308,3134,3657,3666,3814,3603,4046,4799,5078,4230,4565,7868,8816,5009,28.6772,1.67814,8.84112,48.0693
79315,3086,3409,3689,3913,3305,3556,4421,5583,3362,3888,5491,9689,3304,3782,5022,6778,9.36967,24.9003,8.81342,48.1853
79316,3159,3259,3295,3280,3390,3505,3838,3760,3673,4418,5339,4721,3988,5928,9836,6569,26.8589,8.3917,8.83237,47.972
79317,3247,3431,3872,3835,3515,4000,5276,4510,3672,4734,8126,6114,3559,4209,5554,4786,7.72139,10.4467,8.82291,48.2933
79318,3637,3430,3318,3054,4748,4201,3459,3221,8576,5600,3953,3545,8587,5789,3949,3373,14.8886,-23.1801,8.58336,48.2933
79319,4717,8326,8249,4876,4195,5018,4748,4081,3577,3767,3828,3567,3268,3386,3198,3204,-29.7339,-0.0834696,8.81129,48.0033
79320,3489,3579,3557,3429,3695,4399,4713,3930,4144,6365,7280,4540,4076,5078,5613,4333,10.0354,1.93353,8.51332,48.1467
79321,3787,4240,4006,3679,4107,5879,5679,4078,4378,6271,5963,4060,3765,4271,4170,3744,1.06259,-0.946421,8.59215,48.0513
79322,3425,3403,3248,3097,3977,3862,3468,3252,6556,4827,3815,3370,11732,6435,4017,3338,24.3702,-24.2249,8.9164,47.8813
79323,3877,3683,3308,3115,5573,4408,3591,3162,9684,5430,3811,3405,6828,5040,3636,3376,9.82233,-25.4048,8.98951,47.9513
79324,3468,3526,3363,3187,4113,4164,3637,3415,6289,6373,4338,3610,7329,7578,4450,3624,17.6559,-14.3966,8.51708,48.3093
79325,9535,8380,4485,3396,5509,5170,4045,3497,3902,3824,3539,3205,3404,3424,3284,3209,-32.6023,-16.9906,8.51855,47.872
79326,3201,3215,3405,3286,3375,3626,3847,3899,3713,4188,5253,5070,3689,5280,9567,7226,32.2815,11.0532,8.54686,47.8933
79327,4234,4693,3957,3686,5007,7605,5244,3751,4599,6229,4677,3622,3836,4030,3889,3448,-3.23351,-6.45054,8.85589,48.338
79328,3070,3249,3350,3540,3325,3490,4011,4145,3501,3978,5542,6401,3455,4291,7809,9135,21.0946,17.4981,8.88914,48.1947
79329,6669,5377,3925,3177,8696,6373,4073,3436,5170,4381,3719,3317,3785,3644,3460,3183,-10.3142,-19.7798,8.93521,48.2567
79330,3650,4139,5716,5102,3590,4647,8027,6298,3472,3920,5035,4650,3176,3514,3806,3704,-9.37662,11.502,8.68593,48.2973
79331,3589,3565,3332,3172,4681,4107,3617,3251,8751,5075,3741,3398,9105,5392,3807,3358,15.3958,-29.6133,8.66243,47.9607
79332,3292,3462,3811,3746,3420,3786,4900,4949,3529,4561,7729,6944,3490,4056,5360,5399,8.61564,13.7982,8.92686,48.2893
79333,3505,3420,3164,3051,4155,3849,3459,3210,7014,5055,3769,3378,11688,6077,3944,3332,22.073,-29.1631,8.65157,48.0467
79334,3138,3258,3362,3469,3219,3530,3980,4303,3522,3902,5399,7249,3411,4063,6601,9983,19.7475,21.2531,8.94659,48.2593
79335,3604,4878,8203,6750,3659,4392,6705,5794,3393,3628,4126,4023,3117,3203,3476,3386,-18.4888,11.8907,8.82553,48.2247
79336,4634,4514,3768,3333,7056,6590,4190,3471,6113,5904,3956,3339,4405,4189,3527,3214,-1.78525,-15.984,8.99612,48.1353
79337,3189,3246,3335,3366,3366,3571,3864,3715,3722,4340,5213,4831,3838,5686,9886,6808,28.6253,8.93973,8.79189,47.984
79338,5938,4614,3665,3322,9605,5460,3802,3265,6470,4561,3676,3333,4147,3889,3486,3195,-5.65985,-24.4564,8.8365,48.2853
79339,3400,3488,3334,3138,3957,3887,3426,3170,5879,5193,4006,3453,10042,7942,4394,3425,24.8964,-18.0828,8.61643,48.0893
79340,3258,3306,3381,3379,3524,3685,3724,3608,3948,4672,5180,4417,4374,7244,9133,5313,32.0492,3.32026,8.57169,48.0973
79341,3432,3530,3202,3154,3918,4024,3611,3386,5006,6143,4882,3831,5938,8785,5657,4045,20.1435,-7.26477,8.62716,48.3627
79342,3190,3403,3780,4184,3316,3732,4746,6473,3455,3880,5687,9242,3430,3760,4624,5655,5.54535,23.18,8.57794,48.3713
79343,12418,6015,3856,3266,5916,4817,3693,3419,3867,3790,3419,3301,3478,3413,3236,3323,-31.9671,-27.1633,8.55449,47.4847
79344,3619,3628,3634,3262,4344,4988,4149,3551,5437,8180,5426,3765,4700,5668,4544,3673,8.72829,-7.33147,8.81839,48.3787
79345,5774,4642,3674,3298,9171,5698,3754,3368,6397,4714,3707,3381,4090,3882,3503,3246,-5.58474,-23.4239,8.88723,48.1993
79346,3224,3322,3417,3399,3497,3690,3942,3860,3745,4685,6558,5104,3871,5472,8776,6086,19.5253,8.26698,8.92809,48.432
79347,9488,6730,4143,3496,6971,5670,4010,3549,4282,3921,3507,3250,3373,3491,3354,3036,-19.5064,-19.6566,8.865,48.1807
79348,12587,6031,3917,3315,6347,4717,3700,3362,3923,3759,3466,3253,3443,3341,3196,3143,-25.7716,-29.1278,8.86,47.6667
79349,3724,4926,9082,7920,3543,4197,5637,5369,3299,3532,3870,3864,3045,3247,3377,3428,-24.2535,13.2885,8.76643,48.04
79350,4512,7254,8656,5176,4004,4907,5483,4493,3559,3879,3860,3571,3142,3360,3403,3331,-23.6342,2.46381,8.73597,48.3933
79351,3128,3229,3409,3460,3132,3372,3790,3870,3309,3850,4672,6116,3332,3818,5935,12849,33.1358,27.0821,8.95441,47.514
79352,11184,5812,3935,3442,7553,4992,3849,3379,4153,3889,3522,3201,3432,3383,3221,3072,-20.3012,-29.6317,8.89889,48.0127
79353,3442,3459,3251,3137,3854,3768,3434,3248,5540,5081,4046,3537,9219,8538,4626,3574,32.9861,-15.8735,8.80043,47.836
79354,3465,3828,5034,5589,3451,4026,6901,8031,3501,3758,4998,5403,3198,3356,3758,3999,-7.39076,17.5997,8.98322,48.1973
79355,4102,6157,7404,4927,4050,5539,6612,4744,3556,4065,4095,3766,3219,3342,3575,3376,-16.6434,3.5226,8.56947,48.3527
79356,3161,3389,3574,3621,3389,3769,4425,4269,3607,4635,7428,6138,3623,4565,6710,6100,13.4181,12.0071,8.87691,48.2687
79357,5729,9686,6590,4183,4507,5468,4566,3845,3686,3851,3787,3391,3204,3285,3157,3102,-25.388,-5.38581,8.86288,48.0247
79358,3367,3788,6002,10941,3476,3703,5128,7372,3187,3506,4002,4186,3076,3336,3485,3477,-20.3154,27.1101,8.58249,48.0213
79359,4965,6175,4567,3741,5424,8095,5116,3837,4227,4674,4054,3477,3559,3733,3537,3328,-11.0664,-7.44571,8.77825,48.3393
79360,3279,3522,3783,3712,3438,4128,5164,4362,3833,5169,8314,5818,3689,4277,5540,4828,8.31645,9.11291,8.69481,48.5707
79361,3414,3481,3425,3118,3933,4082,3780,3442,5438,6491,4594,3647,6389,8397,5152,3794,19.2713,-10.1221,8.6169,48.3847
79362,11076,7143,4220,3424,6090,5100,3942,3331,3948,3922,3478,3142,3370,3420,3163,3012,-25.3533,-20.782,8.79644,47.854
79363,5223,9116,7320,4441,4300,5161,4808,3941,3579,3767,3671,3524,3258,3392,3346,3175,-28.2963,-2.97554,8.59691,48.0147
79364,4600,4049,3531,3168,7831,4912,3687,3366,8412,4932,3764,3380,5092,4348,3555,3209,1.04828,-26.7897,8.62315,47.8907
79365,5077,4708,3791,3339,6950,7369,4283,3474,5555,5501,4075,3402,4103,3937,3469,3334,-4.42966,-14.7591,8.92524,48.2447
79366,6685,8539,4913,3776,5484,6460,4378,3575,3951,3928,3659,3311,3424,3513,3295,3179,-19.2457,-11.2502,8.96627,48.0467
79367,3191,3286,3351,3455,3272,3397,3820,3764,3608,4164,5397,5214,3679,4913,9389,8344,29.4749,13.126,8.74117,48.1627
79368,3114,3151,3353,3492,3144,3423,3895,4351,3339,3805,4972,7974,3333,3985,5681,10783,18.9992,29.104,8.9803,47.8633
79369,7851,5324,3774,3365,9436,5176,3871,3353,5067,4231,3592,3233,3728,3617,3319,3188,-12.6149,-32.4796,8.89049,48.0833
79370,3076,3386,3388,3384,3421,3719,3952,3764,3866,4532,5975,4781,3987,5898,9101,5838,21.9355,6.8964,8.58818,48.0453
79371,3513,3393,3208,3066,3869,3750,3421,3294,6138,4719,3751,3379,12629,6030,3954,3527,27.2902,-31.7416,8.82965,47.7607
79372,5728,9641,6514,4183,4523,5275,4602,3734,3528,3792,3664,3484,3334,3345,3388,3273,-32.281,-5.39172,8.98342,48.0053
79373,3408,3989,5627,9991,3323,3829,5151,8311,3143,3508,3999,4483,3079,3226,3446,3503,-16.9623,27.3873,8.96242,48.0107
79374,3372,3493,3665,3597,3640,3917,4367,3952,4140,5870,7414,4781,4030,5335,6370,4736,12.9525,3.7893,8.84497,48.4527
79375,3480,4163,8087,9724,3386,3975,5127,5758,3372,3476,3838,3903,3131,3308,3454,3469,-32.5016,17.6733,8.61345,47.7673
79376,3190,3461,3618,3544,3430,3845,4581,4134,3808,5128,7772,5468,3737,4764,6699,5154,12.9021,8.20219,8.6398,48.222
79377,3134,3159,3405,3379,3245,3510,3737,4060,3393,3896,5055,6148,3427,4093,7195,10726,25.06,20.5616,8.60472,47.708
79378,3097,3298,3443,3373,3192,3434,3817,3915,3355,3897,5123,5956,3495,4146,7446,10907,27.8921,20.204,8.58909,47.9293
79379,5208,8845,7670,4472,4346,5057,4788,4011,3590,3778,3637,3519,3267,3338,3414,3278,-31.409,-2.17347,8.84427,48.1453
79380,3391,3718,4799,6741,3321,3736,5140,9985,3304,3627,4457,5736,3256,3241,3699,3800,-8.62499,31.7843,8.65489,47.9673
79381,3423,3533,3332,3073,4468,4089,3610,3241,7984,5544,3981,3330,9053,6017,4110,3399,16.6226,-22.17,8.81535,48.1247
79382,3252,3408,3294,3112,3928,3858,3425,3287,6108,4992,3755,3323,11988,6582,3912,3327,33.665,-23.8567,8.64354,47.7007
79383,3347,3354,3382,3160,3723,3771,3676,3301,4895,5284,4331,3630,6647,9799,5886,3950,31.5989,-8.18357,8.56508,48.0907
79384,7639,9248,5043,3773,5331,5668,4227,3506,3806,3995,3573,3367,3296,3309,3278,3206,-23.6272,-12.2232,8.96918,48.1767
79385,3525,4129,5714,5387,3614,4388,7898,6787,3368,3915,5046,4686,3191,3368,3787,3782,-9.36354,12.8969,8.82086,48.39
79386,11157,7516,4189,3349,5885,4867,3933,3367,4032,3810,3430,3205,3267,3439,3237,3196,-28.1634,-20.5895,8.75792,47.9193
79387,3393,4293,6510,6866,3633,4195,6860,7118,3197,3651,4405,4373,3145,3292,3587,3587,-13.6154,15.6803,8.79051,48.07
79388,3925,4461,4657,3922,4128,6595,6809,4293,3886,5180,5268,4134,3590,3875,3951,3616,-4.17277,0.49165,8.68588,48.1933
79389,4182,5202,5057,4102,4415,6763,6920,4355,3906,4712,4700,3934,3548,3610,3568,3465,-8.66828,0.0512723,8.5367,48.2927
79390,4068,4678,4265,3851,4518,7232,6035,4148,4230,5473,5062,3938,3612,4120,3781,3475,-3.92485,-2.48491,8.54489,48.324
79391,3029,3296,3285,3391,3240,3575,3927,4169,3490,3927,5545,6833,3373,4278,7163,9390,20.08,19.0705,8.67993,47.9407
79392,4647,6345,5686,4228,4608,6940,6077,4108,3787,4252,4173,3739,3417,3422,3532,3293,-13.2585,-2.48272,8.64775,48.1693
79393,5980,9672,6296,4131,4681,5375,4570,3840,3638,3897,3587,3390,3326,3389,3328,3148,-26.3616,-6.14599,8.62296,48.1653
79394,3142,3609,4105,4649,3354,3805,4831,7748,3457,3843,4996,8774,3264,3522,4217,4921,1.24966,30.585,8.50407,48.158
79395,3350,4180,6747,9406,3364,4008,5555,7091,3325,3541,3993,4360,3064,3271,3418,3491,-19.0443,20.0255,8.79694,48.1093
79396,12722,6003,3866,3346,6035,4621,3734,3264,3909,3669,3429,3168,3414,3328,3315,3139,-33.0676,-28.7759,8.96411,47.308
79397,3160,3262,3338,3480,3223,3415,3781,3896,3343,3878,4839,6106,3458,3734,6174,12362,32.827,26.5699,8.51117,47.6327
79398,3175,3384,3578,3449,3414,3912,4353,4116,3707,4995,7616,5502,3763,4912,6782,5487,13.5921,8.79863,8.69951,48.0967
79399,3565,4214,4438,4043,3860,5246,7061,4674,3753,4981,6440,4583,3615,3865,4168,3940,-0.9967,5.25867,8.88707,48.2973
79400,3310,3754,4275,4618,3454,3867,5553,7180,3548,3919,5713,7487,3349,3515,4321,4666,0.408547,19.4208,8.56989,48.3527
79401,3296,3927,5595,10020,3414,3929,5147,8154,3302,3371,3982,4484,3144,3243,3341,3552,-17.3324,32.8739,8.56827,47.934
79402,3308,3713,4592,5931,3339,3787,5216,9960,3297,3567,4487,6530,3209,3412,3794,3945,-6.07618,28.822,8.99028,48.058
79403,3316,3804,4946,5761,3525,4122,6558,8534,3436,3715,4734,5602,3221,3398,3846,4059,-7.31855,18.9414,8.94239,48.3847
79404,3128,3340,3477,3569,3248,3599,4088,4689,3428,4091,5914,8276,3449,4028,5768,8183,14.5933,21.1408,8.87164,48.1833
79405,3269,3864,4692,5212,3412,3926,6347,8336,3352,3804,5083,6016,3166,3473,3952,4152,-4.82716,18.7024,8.94031,48.0373
79406,3429,3303,3223,3282,3933,3676,3558,3251,6036,4718,3744,3375,12499,5859,3766,3357,28.9923,-31.7062,8.72755,47.3393
79407,4513,5047,4151,3611,5678,8076,4918,3665,4702,5610,4211,3553,3769,3967,3504,3373,-5.76002,-9.0054,8.94385,48.232
79408,5284,9138,7438,4373,4413,5149,4774,4048,3470,3690,3765,3570,3260,3354,3430,3253,-29.2163,-2.76571,8.76008,48.2727
79409,4183,4964,4854,3943,4475,6979,6475,4199,3855,5098,4734,3878,3557,3860,3796,3552,-6.31947,-0.941209,8.68333,48.268
79410,4636,7709,8605,4935,4106,4969,5287,4230,3651,3846,3723,3597,3261,3386,3282,3225,-24.2445,1.22378,8.72821,48.2987
79411,8187,5643,3879,3347,8845,5746,3840,3325,4706,4200,3560,3239,3711,3462,3403,3137,-13.8668,-22.6921,8.76416,48.1533
79412,3323,3812,5152,7850,3412,3979,5038,9517,3215,3469,4082,5052,3096,3310,3718,3708,-12.5382,29.5617,8.51619,47.822
79413,6914,4843,3809,3308,9995,5290,3909,3405,5707,4381,3533,3243,3773,3659,3336,3184,-9.13152,-27.6503,8.66039,48.1927
79414,3320,3580,3389,3266,3797,4158,4051,3569,4757,6884,5619,4075,4951,6912,5694,4093,15.0945,-3.49417,8.76093,48.0767
79415,3975,3908,3351,3254,5261,5296,3992,3451,7270,7286,4216,3473,5101,5018,4022,3439,5.82229,-15.0948,8.93015,48.2087
79416,3207,3418,3651,3844,3280,3591,4380,5526,3436,3879,5179,9768,3377,3801,4863,6744,9.07431,32.4465,8.70965,47.9627
79417,4983,5186,3948,3522,6312,7889,4550,3671,4896,5222,3987,3446,3848,3888,3542,3332,-6.8183,-12.094,8.69105,48.148
79418,3353,4043,6844,12163,3303,3879,4934,5896,3243,3532,3775,3841,3103,3276,3353,3407,-29.7849,23.4021,8.82701,47.9633
79419,5181,8576,6926,4523,4410,5724,5110,3969,3630,3885,3794,3559,3302,3412,3475,3152,-21.7175,-2.96486,8.81051,48.4187
79420,7387,8868,4963,3732,5488,5996,4322,3611,3904,3873,3674,3380,3423,3348,3287,3126,-21.1832,-12.1338,8.92667,48.2547
79421,3262,3534,4117,4449,3331,3781,4818,7673,3313,3824,5084,8934,3344,3602,4331,5220,2.25582,27.174,8.66029,48.4113
79422,7164,6045,4090,3470,7853,6392,4089,3342,4707,4204,3663,3393,3634,3618,3292,3170,-13.3407,-18.492,8.66954,48.084
79423,3205,3327,3338,3337,3337,3663,3781,3729,3739,4515,5234,4619,3949,6453,9902,6187,29.5952,6.93446,8.75289,48.21
79424,3083,3326,3450,3346,3268,3549,3928,4207,3458,3841,5300,7031,3342,4012,6631,10200,20.2944,21.6708,8.52742,47.9813
79425,3140,3256,3356,3326,3267,3396,3697,3928,3395,3884,4920,6377,3369,4004,6369,12193,25.6752,25.6588,8.86383,47.918
79426,4923,4184,3463,3243,8311,4922,3797,3441,8115,4917,3804,3333,4817,4231,3487,3363,-0.209948,-30.6136,8.72501,48.234
79427,3522,3502,3275,3116,4421,3920,3401,3300,7925,5049,3828,3473,10370,5657,3979,3435,18.4214,-31.75,8.54581,48.1153
79428,3552,3920,4631,4339,3549,4474,7356,5773,3470,4368,6433,5237,3429,3724,4205,4232,-2.08167,10.9108,8.69575,48.4613
79429,3358,3940,5961,12712,3312,3677,4651,5887,3240,3454,3741,3909,3113,3179,3373,3408,-31.3581,31.6347,8.75564,47.2767
79430,3488,4053,5316,5286,3558,4464,7773,6911,3387,4050,4969,4973,3259,3504,3761,3918,-8.22727,13.5509,8.90213,48.4467
79431,3505,4017,4496,4094,3800,5186,7413,4831,3784,4810,6404,4672,3443,3953,4196,3916,-1.89096,6.07627,8.9374,48.3467
79432,3141,3406,3301,3267,3331,3691,3767,3675,4054,4814,5083,4403,4351,6896,9439,5491,29.0208,3.97154,8.68825,48.0733
79433,9619,5626,3850,3395,8459,5181,3751,3376,4381,4099,3482,3232,3484,3449,3280,3162,-16.4848,-28.6631,8.99141,47.884
79434,3322,3361,3274,3168,3755,3889,3549,3405,4994,5653,4478,3725,6998,9719,5348,3856,24.649,-9.93927,8.87458,48.3293
79435,3382,3758,4767,5721,3496,3831,5837,9056,3300,3723,4736,6126,3113,3443,3837,4073,-6.41347,21.8939,8.6769,48.1327
79436,3173,3356,3657,3969,3322,3633,4452,5524,3362,3795,6088,9226,3439,3860,4898,6343,9.06303,21.4765,8.85712,48.0647
79437,3241,3594,4482,5531,3307,3786,5168,9648,3282,3654,4540,6943,3188,3340,3887,4377,-4.44619,30.2328,8.98951,47.9787
79438,3404,4087,6981,11711,3330,3916,5026,6028,3233,3470,3814,3933,3036,3177,3316,3345,-27.5647,22.1804,8.83572,47.8713
79439,4232,7424,9182,5348,3977,4954,5237,4375,3494,3734,3701,3589,3239,3305,3278,3270,-25.3632,2.93514,8.9311,48.226
79440,4676,7900,8773,4939,4101,4872,5063,4191,3413,3721,3728,3627,3179,3446,3363,3218,-29.6312,1.37585,8.71291,48.14
79441,3412,3971,5837,7584,3408,3878,6176,8433,3230,3551,4202,4760,3099,3300,3629,3764,-13.1814,20.2101,8.96583,48.156
79442,3206,3213,3382,3298,3290,3397,3782,3940,3389,3759,4860,6069,3472,3926,6090,12418,28.779,27.9392,8.58636,47.6607
79443,12047,6487,3984,3407,6016,4982,3769,3390,3885,3859,3377,3324,3406,3282,3297,3051,-29.9974,-23.6746,8.82016,47.7087
79444,3167,3396,3708,4082,3367,3649,4528,6025,3331,3730,5416,9870,3206,3672,4741,6393,7.83994,27.7729,8.68284,48.1873
79445,4000,3785,3450,3134,5663,4885,3705,3328,8792,6315,3924,3492,5789,4858,3779,3492,7.04172,-20.2379,8.64183,48.2607
79446,3211,3448,3725,3925,3289,3738,4445,5755,3395,3916,5377,9772,3239,3717,4724,6213,7.83733,33.5137,8.51164,47.926
79447,3420,3419,3189,3273,3884,3809,3466,3159,5438,5238,3966,3378,9330,8820,4463,3555,32.3795,-15.4957,8.96783,47.8713
79448,3280,3390,3264,3152,3697,4030,3780,3447,4833,6287,4755,3841,5721,8873,6003,4114,20.2813,-6.28383,8.98803,48.3113
79449,3212,3647,4014,4569,3431,3852,5558,7014,3354,3869,5960,7621,3295,3693,4338,4912,1.4779,19.244,8.67285,48.226
79450,11075,6449,3967,3414,6781,5060,3876,3432,4067,3873,3574,3244,3499,3346,3238,3136,-21.9088,-23.6408,8.54674,48.0207
79451,8622,8796,4733,3656,5508,5367,4103,3442,3871,3893,3534,3366,3451,3406,3317,3138,-24.5152,-14.5403,8.81509,48.1353
79452,3125,3207,3409,3506,3239,3409,3847,3908,3310,3863,4780,5879,3333,3850,6296,12493,33.4877,25.9295,8.70735,47.636
79453,3125,3247,3567,3439,3273,3470,3988,4431,3392,3764,5205,8474,3387,3834,5530,9618,16.6158,32.3049,8.79388,47.8293
79454,6842,5478,3993,3324,8467,6426,3956,3443,5090,4460,3693,3361,3664,3696,3347,3183,-11.1317,-19.4838,8.7765,48.282
79455,3167,3375,3594,3734,3287,3621,4296,5213,3423,3798,5253,9401,3335,3702,5084,7402,11.5274,32.4275,8.55542,47.79
79456,4179,6863,9438,5578,3825,4610,5479,4462,3466,3702,3841,3633,3228,3343,3334,3267,-26.3072,4.91344,8.65551,48.1653
79457,3088,3412,3584,3836,3272,3574,4481,5427,3444,3913,5896,9455,3315,3800,5119,6734,9.56292,22.4527,8.77601,48.2333
79458,3901,5525,7543,5279,3824,5230,6989,4841,3426,3854,4216,3881,3284,3383,3536,3399,-16.3275,5.77102,8.67465,48.074
79459,3418,3282,3283,3251,3772,3775,3439,3306,5814,4679,3661,3449,12637,6008,3923,3390,31.3561,-32.7055,8.93714,47.3913
79460,3168,3227,3441,3341,3240,3392,3855,3974,3281,3789,4915,6459,3320,3836,6353,12110,25.4233,26.3363,8.5973,47.8007
79461,4879,7810,7343,4595,4246,5519,5396,4075,3597,3809,3908,3511,3249,3390,3362,3341,-21.4051,-1.03756,8.68071,48.02
79462,3546,3979,4850,4608,3555,4547,7956,6101,3483,4157,5658,5085,3193,3625,3925,3927,-4.91437,11.6352,8.81671,48.13
79463,3771,4797,6292,4993,3823,5183,7925,5321,3484,4023,4686,4065,3276,3452,3605,3642,-11.1267,7.4776,8.57083,48.2253
79464,3703,3808,3571,3246,4428,5258,4338,3528,5511,8207,5134,3750,4676,5265,4176,3569,7.21816,-7.83095,8.81691,48.112
79465,3268,3780,5019,7294,3358,3876,5170,9573,3360,3595,4281,5367,3073,3375,3661,3649,-10.9231,31.513,8.5509,47.7993
79466,3335,3509,3409,3288,3813,3948,3971,3570,4777,6772,5642,4013,4986,7430,6067,4228,16.7171,-3.41486,8.79902,48.5053
79467,3597,3543,3326,3072,4739,4195,3662,3153,8964,5471,3809,3401,8404,5309,3832,3454,14.1197,-25.2128,8.9071,47.954
79468,3909,4640,5582,4441,4015,5692,8038,4842,3657,4329,5007,4069,3334,3564,3687,3490,-8.79631,4.52941,8.86604,48.1973
79469,4245,4851,4274,3656,5027,7759,5599,3780,4446,5894,4648,3783,3751,3910,3610,3303,-4.53292,-5.60674,8.95107,48.3573
79470,3137,3183,3448,3518,3172,3443,3882,4173,3304,3856,5098,7308,3439,3930,6304,10691,20.6358,23.8622,8.70843,47.924
79471,3204,3674,4343,4944,3416,3756,5020,8762,3286,3684,4839,7904,3223,3431,4033,4642,-1.37499,29.8908,8.73832,48.1073
79472,3142,3330,3627,3798,3251,3555,4216,5239,3402,3706,5202,9924,3379,3857,4916,7540,11.0863,30.1083,8.9853,48.056
79473,3445,4199,7467,11358,3373,3801,4920,5853,3215,3403,3897,3886,3211,3245,3375,3422,-29.3843,20.494,8.85069,48.0467
79474,3125,3389,3727,3852,3239,3671,4455,5569,3437,3843,6002,9152,3298,3668,5024,6610,8.92855,22.5017,8.5994,48.0407
79475,3828,3610,3388,3096,5400,4317,3506,3306,9260,5803,3960,3410,6854,5125,3691,3440,10.2664,-22.8878,8.75241,47.996
79476,3788,5342,9478,6711,3707,4287,5916,5108,3442,3542,3908,3857,3134,3243,3335,3269,-22.8863,9.60349,8.88011,48.0447
79477,3083,3379,3596,3686,3262,3555,4271,5209,3429,3865,5482,9536,3332,3645,5149,7399,11.131,26.2592,8.62263,47.9187
79478,9145,7987,4499,3578,6007,5538,4140,3428,3962,3862,3499,3196,3473,3373,3258,3073,-22.854,-16.5987,8.56673,48.012
79479,3729,5314,9996,7162,3660,4283,5345,5023,3246,3506,3771,3869,3283,3328,3345,3341,-33.3675,10.4208,8.91827,48.134
79480,3692,4323,4366,3964,4035,6075,6918,4433,4026,5254,5876,4167,3563,3972,4035,3690,-2.38595,1.96023,8.96181,48.2593
79481,3340,3493,4161,4659,3339,3670,4990,8426,3289,3773,4817,8253,3269,3573,4208,4676,-0.0818793,32.6611,8.98791,47.9573
79482,3377,3778,4531,4313,3647,4386,7020,5673,3581,4246,6617,5553,3265,3702,4277,4172,-0.992124,11.6272,8.84625,48.092
79483,12273,6550,3907,3415,6134,4921,3843,3427,4027,3845,3319,3231,3440,3317,3170,3146,-27.7466,-24.5262,8.87456,47.9767
79484,3649,3632,3380,3125,4850,4193,3515,3287,9202,5825,3898,3411,7940,5476,3891,3329,12.968,-23.3812,8.8492,48.402
79485,3630,3991,4345,4057,3886,5342,6768,4635,3866,5155,6491,4576,3629,3909,4211,3859,-0.490635,4.47155,8.73918,48.2333
79486,6770,5761,3986,3440,8147,6467,4016,3452,4858,4409,3637,3191,3728,3621,3383,3091,-11.4012,-18.5727,8.88318,47.9713
79487,3261,3429,3873,4204,3251,3795,4733,6653,3333,3706,5104,9314,3344,3719,4623,5671,4.36273,32.5482,8.5635,48.0087
79488,3367,4033,7255,11404,3411,3935,4884,6122,3299,3337,3848,3950,3121,3275,3301,3410,-26.0247,21.356,8.91616,47.968
79489,3364,3920,5929,12280,3432,3728,4728,6547,3278,3432,3897,4012,3133,3254,3278,3254,-24.7449,33.4401,8.88949,47.644
79490,3534,4742,8811,8999,3516,4167,4996,5421,3234,3514,3765,3895,3172,3244,3387,3439,-31.1762,14.7309,8.93409,47.8907
79491,3464,3778,3543,3416,3942,4428,4299,3710,4597,7341,6276,4062,4343,5809,5126,4002,11.0293,-2.34254,8.67065,48.0907
79492,4401,5641,4818,3935,4689,7737,5990,4176,4100,4805,4309,3739,3569,3678,3473,3476,-9.22997,-3.72044,8.54317,48.3573
79493,3148,3260,3696,3870,3304,3614,4392,5446,3335,3901,5935,9235,3402,3976,5066,6757,9.71255,22.5042,8.66641,48.2247
79494,5043,4301,3502,3276,8634,5112,3748,3336,7694,4811,3761,3285,4577,4092,3516,3180,-1.55329,-26.5414,8.71392,47.912
79495,4236,6670,8015,5130,4061,5317,6048,4458,3505,3828,3926,3714,3283,3417,3385,3296,-19.5361,2.77306,8.5637,48.1927
79496,9776,5660,3911,3327,8410,5070,3900,3387,4465,3884,3565,3244,3619,3510,3267,3086,-17.0312,-27.4188,8.90019,48.054
79497,3819,5147,9192,7062,3654,4313,5881,5261,3368,3532,3876,3818,3204,3261,3430,3308,-22.7232,10.8323,8.92559,48.084
79498,4377,7629,8992,5086,4038,4803,5097,4236,3580,3739,3819,3622,3240,3343,3353,3380,-32.4881,2.16166,8.97786,48.2227
79499,12326,6028,3954,3419,6498,4802,3684,3424,3945,3799,3450,3269,3458,3435,3218,3097,-24.8197,-29.5315,8.60462,47.8707
79500,3348,3437,3290,3209,3750,3962,3926,3494,4875,6459,5023,3871,5554,8408,5865,3969,19.1303,-5.72342,8.94759,48.2933
79501,10011,7871,4483,3498,5887,5202,3990,3534,3869,3861,3666,3214,3363,3426,3105,3057,-26.4936,-18.0162,8.56948,48.0247
79502,4761,7402,7029,4477,4424,5846,5608,4155,3665,4013,4041,3656,3277,3368,3316,3270,-18.8282,-0.810504,8.60631,48.2053
79503,3089,3308,3362,3385,3375,3738,3944,3934,3683,4317,6137,5385,3709,5183,8940,6807,21.057,10.6713,8.72184,48.1973
79504,10436,5721,3885,3348,7618,5075,3788,3382,4320,4029,3453,3280,3466,3380,3306,3193,-18.8897,-33.8633,8.69144,47.7867
79505,8728,9032,4775,3581,5378,5220,4088,3531,3916,3636,3572,3221,3356,3299,3265,3157,-30.2225,-14.5508,8.6498,47.8367
79506,6304,7682,4798,3836,5702,7041,4417,3712,4045,4044,3727,3322,3523,3399,3324,3225,-16.5796,-10.9848,8.97229,48.0673
79507,3322,3386,3195,3199,3854,3877,3528,3356,5423,5622,4235,3586,7933,9179,4926,3644,23.9805,-12.9146,8.97387,48.1767
79508,3325,3625,4210,4046,3413,4083,5566,5512,3507,4302,7167,6882,3412,3905,4857,4910,4.13722,14.2871,8.56387,48.4813
79509,5420,9139,6997,4417,4472,5372,4806,3908,3534,3880,3633,3475,3270,3350,3254,3179,-25.6461,-3.83294,8.7281,48.0707
79510,3122,3223,3311,3480,3288,3393,3735,3969,3410,3778,4714,5920,3463,4040,6693,12244,30.973,23.0063,8.99186,47.8553
79511,6824,7516,4708,3837,5727,6729,4376,3616,4153,4181,3623,3350,3407,3534,3289,3162,-17.4515,-12.4899,8.58494,48.0213
79512,4009,3755,3430,3130,5816,4394,3593,3269,10076,5365,3827,3268,6395,4668,3610,3263,7.8899,-26.07,8.91165,47.912
79513,3271,3802,5790,11042,3480,3843,5019,7432,3237,3420,3871,4145,3170,3241,3368,3463,-20.1705,32.0042,8.74416,47.7293
79514,3477,3493,3106,3171,4169,3880,3455,3283,7117,5026,3881,3377,11503,5893,3991,3379,21.8959,-31.0399,8.56088,48.134
79515,3259,3678,4175,5021,3272,3799,5236,8622,3318,3651,4870,7730,3229,3567,4081,4647,-1.7924,28.099,8.52259,48.1033
79516,3175,3349,3726,3805,3179,3561,4341,5527,3245,3830,5197,9911,3364,3758,5104,6915,9.84124,28.1615,8.63081,47.9913
79517,3982,5323,8386,5988,3790,4658,6614,5199,3460,3720,3995,3884,3256,3347,3411,3304,-18.983,8.15,8.69205,48.2113
79518,3397,3487,3208,3084,4045,3996,3518,3161,6929,4978,3937,3263,11202,6449,4067,3460,22.1998,-24.2045,8.61706,48.1207
79519,3333,3861,6048,12498,3358,3859,4800,6395,3247,3445,3888,3864,3119,3223,3363,3417,-26.3909,29.9527,8.77096,47.812
79520,3153,3337,3812,4010,3336,3699,4481,6081,3354,3867,5085,9835,3399,3734,4508,6284,7.08805,30.1281,8.62401,47.9833
79521,3346,3946,5953,11792,3317,3837,4863,6847,3309,3436,3919,3983,3131,3170,3453,3434,-22.798,31.9739,8.73705,47.824
79522,3377,3898,4998,5285,3460,4222,6944,7437,3372,3836,5102,5305,3299,3469,3894,3955,-6.7206,15.8678,8.53818,47.902
79523,3389,3221,3212,3158,4014,3695,3370,3194,6383,4761,3802,3367,12356,6001,3870,3358,25.1195,-30.9424,8.85448,47.434
79524,4239,3945,3481,3226,6557,4937,3644,3283,8970,5881,3899,3435,5422,4688,3741,3325,4.7123,-22.1377,8.77129,48.4487
79525,3186,3235,3403,3343,3250,3546,3843,3817,3393,3958,5277,5574,3470,4365,8201,10154,28.2798,17.8435,8.80579,48.01
79526,8700,8748,4606,3612,5374,5166,4140,3455,4020,3801,3531,3333,3373,3459,3383,3123,-32.5461,-14.7312,8.74283,47.8827
79527,5511,9450,6827,4186,4415,5161,4639,3969,3623,3767,3778,3407,3268,3316,3383,3186,-30.0962,-4.50759,8.59741,47.924
79528,3836,3562,3360,3128,5157,4263,3576,3319,9748,5328,3866,3373,7565,5020,3728,3242,11.3311,-30.0453,8.61639,48.0473
79529,3492,3529,3332,3174,4565,3968,3370,3138,8814,5202,3859,3360,9597,5564,3736,3301,16.0544,-29.1179,8.93983,48.0007
79530,3138,3385,3515,3786,3342,3546,4302,5003,3423,3903,5879,8836,3367,3832,5342,7230,11.7963,21.9142,8.60556,47.886
79531,3448,3457,3155,3100,3981,3835,3481,3323,5749,5435,4069,3501,9165,8289,4495,3594,23.8804,-16.2434,8.80428,48.0513
79532,3132,3255,3367,3245,3258,3556,3890,3929,3501,4144,5321,5483,3574,4627,8985,8758,26.1725,14.6564,8.66545,48.0167
79533,3494,4024,4925,4634,3570,4752,8005,5628,3562,4199,5757,4962,3281,3672,3975,3774,-5.12294,10.0885,8.81404,48.1427
79534,3391,3374,3317,3229,3891,3656,3496,3323,5916,4693,3722,3414,12560,5886,3896,3408,29.724,-32.8957,8.72839,47.448
79535,3725,3503,3243,3124,4898,4042,3695,3318,9144,5300,3891,3391,8335,5409,3784,3329,13.6096,-25.7762,8.72928,48.0873
79536,7260,4966,3829,3349,9756,5256,3839,3393,5323,4304,3544,3355,3804,3718,3350,3104,-10.4746,-29.6706,8.6325,48.1
79537,3286,3311,3447,3313,3299,3634,3741,3757,3751,4584,5304,4736,3963,6159,9897,5940,33.1084,6.28049,8.73275,48.0813
79538,8400,8494,4667,3578,5712,5646,4138,3545,3947,3899,3471,3306,3353,3390,3340,3058,-22.1781,-14.7529,8.75756,47.9627
79539,3346,3999,6482,12326,3346,3748,4890,6012,3232,3456,3824,3987,3072,3237,3452,3358,-31.2581,24.6572,8.84316,47.8447
79540,3805,3935,3626,3418,4318,5566,4389,3705,5254,8056,5261,3733,4281,5005,4187,3614,5.46009,-6.95778,8.9153,48.102
79541,12052,6964,4011,3451,5960,4867,3795,3256,4029,3834,3539,3227,3394,3369,3192,2960,-28.2082,-22.7704,8.93096,47.9333
79542,3810,5302,8602,6258,3829,4712,6314,5295,3565,3699,4103,3991,3090,3324,3384,3316,-19.5864,8.83464,8.69856,48.396
79543,12571,6240,3863,3289,5938,4746,3729,3323,3909,3795,3401,3271,3377,3328,3281,3188,-32.7747,-26.2383,8.9052,47.4993
79544,3361,3801,6245,12129,3360,3696,4732,6695,3250,3486,3871,3942,2988,3263,3491,3443,-24.619,27.0979,8.82957,47.8353
79545,11895,6044,3940,3437,6918,4935,3732,3389,4088,3899,3446,3316,3418,3430,3182,3097,-23.0539,-27.3057,8.8543,48.1107
79546,3417,3485,3365,3272,4003,4374,4052,3573,5053,7580,5288,3900,5048,6804,5240,3889,13.9083,-6.05145,8.60783,48.2287
79547,3356,4030,6057,12050,3392,3765,4949,6757,3271,3509,3717,4054,3010,3285,3382,3477,-23.239,28.21,8.68496,48.0407
79548,3162,3403,3563,3526,3366,3563,4031,4583,3470,3842,5181,8717,3297,3931,5350,8992,15.4973,32.4213,8.64062,47.9847
79549,3823,4496,5001,4152,4043,6013,7848,4864,3647,4659,5307,4108,3392,3747,3832,3670,-5.98201,3.52986,8.93896,48.4013
79550,3157,3283,3386,3381,3208,3291,3674,4007,3334,3853,4765,6048,3407,3990,5985,12607,30.8927,29.046,8.8907,47.584
79551,5118,6304,4626,3660,5563,7787,5114,3716,4205,4630,3980,3414,3512,3617,3445,3268,-11.8289,-8.57998,8.61317,47.9727
79552,3397,3489,3318,3189,3959,4172,3738,3405,5292,6873,4649,3683,5979,8192,5138,3825,17.5274,-8.64235,8.65379,48.1987
79553,5782,6677,4532,3683,6088,7612,4618,3629,4200,4409,3721,3424,3579,3547,3525,3207,-13.2642,-10.9261,8.65765,48.1553
79554,3511,3466,3519,3328,3850,4143,3967,3590,4783,6987,5495,4087,4967,7192,5566,4035,15.4717,-4.11483,8.69054,48.324
79555,4932,4211,3556,3135,8047,5369,3804,3388,7663,5251,3769,3325,4667,4170,3560,3381,-0.582564,-22.4938,8.94212,48.152
79556,3364,3625,4426,5086,3345,3864,5581,8338,3370,3809,5126,7088,3256,3560,4003,4405,-2.59339,21.8514,8.5561,48.164
79557,5071,7270,5738,4024,4903,6924,5380,3848,3816,4153,4072,3509,3337,3588,3369,3251,-16.1178,-4.75432,8.81509,48.1687
79558,8720,5338,3946,3420,8849,5053,3821,3364,4606,4063,3561,3278,3545,3586,3304,3160,-14.8972,-31.8946,8.53698,47.7427
79559,4018,4122,3523,3382,5465,6025,4190,3460,6345,7376,4326,3543,4632,4677,3936,3384,3.08417,-12.9925,8.93424,48.2693
79560,3239,3329,3458,3386,3592,3751,4195,3764,3992,5133,6790,4864,4129,5811,7729,5242,17.1524,5.28113,8.81366,48.2693
79561,3652,3636,3302,3103,4632,4332,3611,3269,7984,6504,4104,3442,7007,5859,4089,3428,12.6701,-18.505,8.5303,47.9693
79562,3568,3561,3300,3058,4569,4226,3643,3380,7944,6275,4048,3514,7727,6163,4039,3386,14.2931,-18.6466,8.96935,48.2673
79563,3423,3391,3280,3133,3713,3872,3507,3361,5227,5103,4129,3540,8566,9278,4749,3638,32.9551,-13.9393,8.99225,47.94
79564,5936,5493,4131,3414,7531,7110,4079,3441,5050,4740,3773,3456,3790,3743,3418,3130,-9.58024,-16.2484,8.73676,48.1567
79565,3328,3459,3933,4198,3265,3935,5110,6235,3345,3800,6272,8378,3360,3691,4751,5269,4.38472,20.0887,8.82286,48.2193
79566,3159,3659,4326,5279,3426,3704,4995,9098,3281,3661,4711,7395,3231,3516,3922,4486,-2.56679,30.1264,8.59515,47.8993
79567,3364,3285,3239,3104,3968,3576,3536,3216,6089,4771,3936,3409,12188,6385,3887,3257,31.899,-25.8955,8.63233,47.4733
79568,3163,3367,3614,3681,3315,3639,4349,4830,3423,3909,6128,8786,3393,3905,5516,7372,12.3031,20.9582,8.83171,48.26
79569,3761,4968,9232,7564,3637,4293,5534,5253,3243,3650,3980,3777,3178,3189,3314,3354,-24.7501,12.2933,8.58216,47.9513
79570,3702,3549,3326,3209,5252,4352,3602,3236,10075,5257,3859,3316,7374,4982,3783,3265,10.9029,-33.4279,8.98618,48.0927
79571,9871,8296,4386,3554,5730,5074,3917,3435,3962,3900,3561,3203,3448,3343,3260,3097,-26.0085,-17.3757,8.78499,48.0247
79572,3371,3577,3312,3133,4084,4235,3756,3330,5648,7010,4625,3730,6159,7594,4928,3694,16.2558,-10.5409,8.71806,48.124
79573,3939,4498,4459,3889,4194,6443,6717,4372,4043,5279,5498,4143,3562,3947,3946,3670,-3.29363,0.626324,8.80184,48.3993
79574,5670,9261,6243,4213,4595,5696,4597,3817,3613,3970,3711,3472,3361,3325,3344,3145,-23.3294,-5.62871,8.73443,48.022
79575,3280,3992,6070,12298,3397,3801,4887,6735,3217,3422,3788,4124,3185,3226,3339,3305,-23.5665,28.5658,8.90291,48.044
79576,3251,3779,4918,6822,3364,3816,5342,9823,3231,3668,4402,5526,3223,3337,3616,3772,-9.29088,32.5801,8.78825,47.9267
79577,3160,3306,3398,3376,3432,3652,3780,3749,3706,4482,5206,4767,3902,5795,9891,6238,33.4778,7.64822,8.90076,47.8933
79578,6026,7809,4898,3749,5594,7000,4727,3724,4062,4278,3658,3316,3476,3578,3377,3122,-16.7511,-9.9734,8.67062,48.2627
79579,3496,4328,6084,5630,3563,4564,7780,6441,3515,3816,4674,4463,3163,3445,3713,3668,-10.9778,12.2052,8.87985,48.2287
79580,3329,3391,3160,3003,4066,3888,3521,3171,6343,5223,3977,3345,10415,7151,4272,3495,23.6014,-20.0676,8.50547,47.8333
79581,6668,6800,4311,3477,6632,6888,4345,3592,4323,4301,3738,3376,3567,3630,3400,3271,-14.4956,-14.5935,8.53114,48.2127
79582,3772,3954,3864,3413,4393,6055,4983,3953,4550,6997,5728,3986,4077,4624,4181,3711,2.56368,-3.52076,8.56052,48.1607
79583,3643,3672,3436,3201,4397,4761,3763,3451,6237,7787,4628,3726,5521,6149,4360,3510,11.6659,-11.2672,8.66336,48.1613
79584,12529,5961,3941,3413,5963,4742,3626,3342,4006,3746,3437,3320,3325,3421,3230,3093,-31.698,-29.8512,8.90079,47.3967
79585,9856,6031,3955,3380,7761,5361,3859,3321,4431,4008,3520,3217,3479,3469,3183,3065,-18.1594,-24.1632,8.76198,47.9307
79586,3361,3417,3585,3323,3712,4152,4109,3639,4246,6319,6286,4272,4601,6509,6325,4449,15.4996,-0.217604,8.85222,48.2033
79587,3024,3257,3348,3332,3344,3458,3723,3969,3395,3909,4853,5935,3432,4005,6949,11745,29.7966,23.0193,8.51344,47.7853
79588,3356,3560,4300,4787,3239,3783,4913,8392,3394,3760,4904,8276,3257,3439,4055,4817,0.0234426,29.0838,8.87043,48.1547
79589,4459,3999,3342,3243,7253,4810,3750,3240,9365,5001,3882,3436,5300,4240,3630,3221,3.22938,-31.9212,8.63302,48.114
79590,3322,3465,3466,3280,3776,4006,3662,3421,4786,6524,5023,3853,5423,8221,5803,4052,18.4359,-6.13269,8.90002,48.0553
79591,4440,7609,9068,5326,4031,4776,5099,4278,3422,3645,3708,3641,3219,3363,3272,3282,-29.6508,2.35448,8.84877,48.1193
79592,11853,6872,4093,3393,6052,5038,3881,3174,3956,3793,3499,3140,3437,3405,3209,3151,-26.9107,-22.8523,8.72847,47.964
79593,5801,9921,6431,4035,4578,5132,4591,3931,3614,3896,3666,3453,3325,3409,3308,3220,-33.2237,-5.76589,8.92094,48.2073
79594,8283,5070,3837,3426,9532,5184,3718,3327,4859,4204,3563,3282,3675,3660,3386,3166,-12.7334,-30.818,8.72384,48.1147
79595,3643,4765,8383,7808,3587,4208,5895,5792,3330,3585,3972,3979,3180,3390,3465,3443,-20.5428,13.6454,8.75873,48.2833
79596,3373,3903,5906,12937,3357,3802,4748,5988,3234,3361,3773,3922,3123,3202,3361,3366,-29.7981,30.5479,8.65328,47.5707
79597,4117,4281,3721,3394,5654,6767,4424,3620,5663,6827,4405,3559,4246,4400,3770,3375,0.375343,-11.3974,8.82871,48.1487
79598,4124,4034,3500,3140,6530,5243,3883,3300,8228,6165,3921,3411,5216,4564,3697,3361,3.38314,-20.0088,8.84629,48.2113
79599,3405,3960,6502,12418,3384,3760,4857,6012,3265,3419,3776,3911,3136,3198,3375,3410,-30.1749,25.299,8.61087,47.8587
79600,3115,3234,3505,3496,3258,3414,3848,4150,3428,3658,5164,7299,3372,4042,6195,11042,20.6766,25.4472,8.76261,48.1467
79601,4154,5698,6831,4774,4046,5751,6990,4697,3675,4118,4256,3910,3233,3384,3462,3413,-14.8062,3.5047,8.80136,48.2613
79602,5288,4488,3653,3388,9343,4971,3812,3293,7197,4755,3683,3351,4416,3913,3433,3206,-3.27426,-32.1583,8.80519,48.1267
79603,7712,5006,3866,3310,9972,5110,3760,3413,5125,4130,3528,3334,3664,3548,3297,3120,-11.858,-31.6749,8.85084,47.93
79604,3282,3866,5549,8781,3369,3868,5310,8953,3248,3433,4040,4814,3045,3277,3560,3690,-14.6654,25.5599,8.76418,48.0567
79605,3130,3222,3417,3637,3349,3679,4357,4736,3357,4033,6277,8164,3404,4030,5821,7317,12.7596,19.2568,8.90028,47.9533
79606,3518,3607,3352,3077,4370,4362,3683,3265,7189,6443,4109,3518,7500,6565,4303,3524,15.5544,-16.7655,8.67888,48.2567
79607,3817,4340,4707,3924,4162,6245,7052,4456,3972,5199,5463,4126,3453,3899,3884,3692,-3.8716,1.72296,8.86772,48.2607
79608,3145,3269,3490,3340,3313,3695,3828,3732,3679,4160,5332,5005,3780,5394,9687,7266,30.2652,10.8317,8.69972,48.0767
79609,3486,3570,3643,3432,4000,4659,4420,3721,4610,7458,6312,4139,4194,5566,4956,4070,9.34671,-2.52285,8.66569,48.1573
79610,3357,3940,6137,10884,3388,3682,5104,7487,3237,3518,3832,4285,3068,3180,3380,3516,-20.2332,25.3948,8.67282,47.9967
79611,5051,6545,4945,3915,5206,7770,5298,3830,3978,4589,4027,3457,3490,3504,3502,3309,-12.768,-6.38918,8.53144,48.2773
79612,3065,3128,3472,3505,3161,3449,3801,3989,3383,3725,4836,5903,3342,4070,6643,12397,32.2264,24.2783,8.99076,47.9127
79613,3606,3588,3361,3253,4793,4091,3693,3210,9390,5238,3787,3431,8290,5063,3819,3348,13.1114,-33.3191,8.95358,47.974
79614,9405,5473,3818,3314,8684,5020,3895,3397,4609,3975,3543,3265,3491,3580,3293,3050,-16.3233,-31.7166,8.75665,47.8747
79615,3123,3220,3378,3452,3270,3478,3820,3811,3362,3826,5032,5813,3483,4225,7816,10518,28.1054,19.0047,8.73888,47.7513
79616,3417,3840,6522,12458,3291,3773,4839,5990,3230,3467,3866,3951,3102,3055,3406,3424,-28.8274,25.7301,8.68737,47.754
79617,6203,8630,5463,3891,5077,6206,4563,3662,3907,4011,3732,3406,3380,3519,3343,3149,-20.3842,-8.56075,8.67841,48.0947
79618,3359,3295,3241,3009,3789,3775,3597,3215,5999,4926,3942,3446,11423,7396,4086,3430,29.05,-20.8554,8.78876,47.952
79619,3411,3389,3250,3084,4262,4008,3483,3245,7720,5007,3700,3361,10827,5845,3923,3400,19.3954,-30.7144,8.9026,47.9433
79620,3867,4286,3970,3739,4403,6319,5483,4129,4403,6362,5746,4082,3843,4240,4124,3645,0.666839,-1.77215,8.88792,48.4273
79621,3181,3351,3690,3563,3414,3710,4382,4689,3453,4259,6942,7702,3474,4067,5933,6700,12.2875,16.8248,8.9688,48.34
79622,3289,3477,3276,3147,3630,3843,3675,3391,4589,5180,4495,3824,6314,9785,6169,3996,28.7736,-7.11367,8.81176,48.0533
79623,3519,3944,4308,3994,3632,4792,6669,4963,3717,4878,7098,5063,3514,3992,4422,4006,0.760484,7.35428,8.60498,48.3407
79624,4421,5500,4826,4034,4473,7768,6120,3978,3985,4793,4378,3750,3623,3660,3602,3313,-9.10572,-3.14321,8.9897,48.1493
79625,3384,3802,4295,3942,3716,4782,6744,4988,3788,4869,7126,4931,3503,4118,4328,4151,0.856673,7.15847,8.91229,48.3113
79626,3284,3346,3340,3241,3604,3767,3684,3569,4291,5045,4944,4039,5113,8866,7443,4599,29.4148,-1.85087,8.59835,48.1167
79627,3401,3881,5664,8919,3409,3816,5363,8459,3223,3552,4059,4640,3157,3299,3553,3601,-15.468,24.7398,8.58213,47.9973
79628,3132,3384,3670,3929,3297,3600,4401,5633,3366,3794,5411,9663,3293,3819,4825,6737,9.34352,25.294,8.82774,47.9693
79629,3392,3649,3475,3410,3741,4401,4620,3941,4078,6174,7446,4679,4187,5190,5690,4539,10.7169,2.59815,8.66486,48.408
79630,3236,3347,3438,3379,3585,3822,3990,3617,3995,5311,5982,4466,4430,6533,8036,4947,19.7816,2.98829,8.58764,48.076
79631,4527,7493,8438,5051,4083,5082,5383,4384,3456,3809,3697,3594,3199,3244,3451,3170,-23.2964,1.73962,8.66001,48.0407
79632,3408,3882,5808,11859,3355,3847,4822,6840,3312,3498,3784,4105,3130,3099,3399,3474,-22.6711,31.4639,8.85189,47.748
79633,5721,5192,3960,3405,7706,7302,4242,3456,5164,4812,3793,3360,3837,3825,3362,3172,-7.9892,-15.952,8.98985,48.206
79634,5508,6091,4346,3656,6390,7778,4626,3482,4353,4745,3781,3350,3660,3661,3333,3139,-11.1289,-11.9197,8.71181,47.9327
79635,3375,3591,4595,6310,3402,3798,5188,10109,3270,3538,4490,6102,3209,3413,3673,3926,-7.26629,32.7848,8.98046,47.9927
79636,3412,3392,3274,3142,3957,3841,3552,3288,6054,5157,3896,3457,10375,7701,4205,3367,24.3167,-19.0654,8.71767,48.0467
79637,3156,3362,3473,3600,3260,3633,4069,4768,3346,3846,5220,9295,3356,3881,5292,8264,13.4418,31.2157,8.60078,47.8807
79638,6710,5212,3822,3271,9057,6128,3920,3372,5176,4567,3677,3322,3643,3757,3343,3150,-10.2926,-21.2966,8.63886,48.0847
79639,3134,3339,3808,4268,3302,3613,4651,6735,3385,3905,5295,9554,3295,3686,4472,5865,5.37132,26.3272,8.81404,48.2047
79640,6570,9899,5837,3888,4722,5114,4431,3785,3716,3850,3599,3349,3242,3330,3337,3230,-30.1107,-7.90663,8.72102,47.9327
79641,3873,5416,9648,7122,3727,4261,5564,4860,3331,3637,3905,3720,3139,3277,3409,3337,-25.4689,10.4844,8.62494,48.1507
79642,3528,3629,3598,3478,3857,4515,4219,3721,4555,6891,6460,4231,4257,5763,5379,4086,11.0329,-1.34653,8.60513,48.1113
79643,3547,4496,6694,6137,3734,4507,7312,6340,3403,3755,4481,4341,3176,3388,3599,3582,-13.904,12.6382,8.56885,48.328
79644,5953,7158,4659,3714,5846,7359,4681,3689,4096,4363,3767,3411,3427,3555,3349,3205,-15.0798,-10.6203,8.59633,48.1547
79645,3823,3686,3490,3151,4828,4664,3872,3338,7208,7479,4222,3526,5851,5628,4015,3511,9.75242,-15.0058,8.6935,48.1947
79646,3720,4273,4648,4145,3800,5505,7448,4787,3712,4717,5994,4387,3496,3756,4045,3795,-3.54982,4.91097,8.94213,48.152
79647,5319,8839,6788,4248,4655,5769,4860,4073,3684,3880,3659,3455,3293,3328,3345,3139,-21.7458,-4.18044,8.85636,48.2227
79648,6882,7038,4408,3607,6495,6976,4330,3473,4322,4333,3733,3390,3416,3463,3403,3266,-15.237,-14.2819,8.75421,48.3567
79649,3285,3786,4796,6268,3362,3894,5260,9585,3242,3601,4485,6178,3169,3489,3752,3962,-6.94416,27.1585,8.77505,48.076
79650,3347,3387,3195,3181,3766,3794,3600,3356,5000,5434,4404,3643,6905,9735,5470,3748,25.8207,-9.92001,8.53167,47.9767
79651,3584,3553,3427,3256,4331,4515,3820,3480,5604,7847,4880,3792,5136,6509,4579,3733,11.9452,-9.09559,8.87076,48.0307
79652,12393,5854,3779,3431,6034,4613,3833,3302,3972,3765,3443,3320,3435,3417,3291,3204,-33.3556,-31.6451,8.60606,47.3907
79653,3332,3418,3394,3247,3744,3900,3602,3423,5060,6445,4725,3802,5990,8618,5564,3938,19.6051,-7.79148,8.52838,48.1347
79654,3759,5045,9253,7413,3704,4280,5499,5203,3280,3621,3851,3740,3211,3277,3331,3268,-25.0405,11.4712,8.94679,47.8233
79655,7128,5004,3948,3295,9691,5254,3864,3289,5423,4377,3644,3208,3721,3659,3385,3182,-10.1301,-33.0318,8.80035,48.048
79656,3450,3481,3303,3075,4188,4001,3479,3282,6159,5899,4322,3576,8261,7935,4479,3565,20.2479,-15.6583,8.61213,48.3033
79657,3395,3969,5857,11546,3428,3758,4924,7218,3119,3390,3810,4045,3052,3224,3402,3425,-21.4323,31.8875,8.75666,47.708
79658,3610,3716,3451,3216,4437,4689,3879,3561,6247,7774,4608,3691,5487,6053,4196,3549,11.2328,-11.5517,8.5348,48.1093
79659,3367,3593,3774,3635,3669,4145,4973,4250,3934,5507,8137,5099,3770,4547,5719,4738,9.02008,6.86777,8.80965,48.5713
79660,3444,3366,3339,3213,3904,3815,3509,3290,5389,5268,4079,3573,8723,8951,4620,3439,33.9528,-14.6835,8.716,47.948
79661,7501,7678,4467,3632,6343,6320,4267,3530,4070,4118,3539,3251,3470,3502,3356,3092,-17.751,-14.2351,8.76891,48.0907
79662,11539,5865,3915,3366,7247,4865,3871,3334,4106,3924,3562,3260,3475,3369,3260,3051,-20.9682,-28.5934,8.9053,48.006
79663,3384,4014,6339,12308,3375,3750,4825,6226,3183,3313,3767,3971,3040,3242,3396,3438,-26.4726,25.7917,8.62973,47.714
79664,3261,3407,3884,4105,3279,3713,4644,6512,3396,3817,5179,9583,3404,3666,4623,5626,5.22819,32.6273,8.63638,48.066
79665,3441,4064,4400,4062,3783,4898,7167,4942,3650,4820,6562,4849,3498,3849,4184,3915,-1.15668,7.15636,8.50426,48.056
79666,3762,4938,9367,7617,3672,4172,5592,5306,3432,3573,3863,3862,3076,3287,3290,3385,-22.8808,12.1026,8.96641,48.1293
79667,4161,4510,3885,3489,5100,7051,4989,3629,4808,6700,4718,3629,4062,4375,3743,3513,-0.712967,-7.88503,8.55128,48.2413
79668,4483,4674,3922,3316,6288,7091,4492,3518,5681,6165,4269,3579,3973,4189,3641,3317,-2.47001,-12.9065,8.61861,48.3987
79669,3402,3299,3382,3172,3750,3761,3583,3137,5369,4983,3991,3437,9310,8699,4523,3613,31.2969,-16.0349,8.90256,47.6073
79670,5426,9556,6920,4260,4403,5189,4568,3885,3716,3721,3705,3383,3296,3428,3310,3190,-30.5361,-4.25603,8.65298,47.9707
79671,3677,3618,3410,3182,4954,4371,3503,3207,8582,6227,3976,3457,7193,5793,3868,3514,11.7356,-20.3243,8.58096,48.3547
79672,3612,4318,5761,5120,3671,4879,8064,5924,3471,4022,4967,4416,3262,3437,3722,3722,-9.50018,9.66616,8.52837,48.2453
79673,12556,6093,3871,3436,6089,4790,3768,3456,3824,3661,3329,3256,3400,3279,3154,3241,-28.8496,-31.8533,8.54769,47.4687
79674,4047,3641,3423,3190,6051,4488,3730,3429,9786,5210,3702,3308,6129,4714,3706,3354,6.9098,-33.155,8.90083,47.9387
79675,4534,4142,3519,3233,7277,5329,3704,3255,8265,5520,3973,3417,4937,4276,3599,3273,1.43596,-21.8,8.79777,48.1687
79676,3341,3617,3909,3864,3587,4151,5905,4902,3594,4670,7835,5776,3517,3985,4817,4541,4.26724,10.2148,8.90175,48.0073
79677,3286,3392,3277,3171,3872,3753,3553,3241,5609,5103,3885,3409,10106,8260,4345,3516,30.6366,-17.643,8.99506,47.852
79678,4535,3968,3498,3287,7742,4671,3688,3287,8919,5042,3811,3284,5074,4324,3546,3240,2.07946,-29.9375,8.93869,47.944
79679,3673,4369,4849,4223,3992,5593,7821,4910,3659,4439,5712,4365,3461,3756,3854,3650,-4.62464,5.20579,8.99518,48.2173
79680,3143,3370,3339,3350,3197,3568,3843,3747,3703,4147,5373,5187,3791,5330,9786,7475,27.5246,10.8964,8.86909,48.2327
79681,3141,3273,3333,3383,3349,3329,3840,3846,3422,3819,4769,6166,3367,3853,6530,12058,33.0385,25.0749,8.54483,47.652
79682,3684,3661,3425,3201,4538,4371,3691,3365,7749,6331,4032,3634,7315,6042,4078,3477,13.7271,-18.0752,8.64712,48.396
79683,3428,3371,3272,3272,3822,3875,3583,3264,5411,5208,3976,3509,8870,8736,4569,3559,33.2335,-15.3258,8.5919,47.8167
79684,4129,3826,3522,3135,6703,4634,3570,3306,9766,5158,3951,3328,5800,4506,3725,3306,5.45624,-28.3126,8.85742,48.2433
79685,3478,3891,4498,4288,3632,4727,7314,5482,3546,4483,6705,5128,3425,3837,4234,4021,-1.48219,9.71051,8.90484,48.4593
79686,3606,3624,3515,3247,4312,4788,3869,3558,5865,7907,4760,3683,5178,6192,4571,3656,10.9435,-9.95742,8.67635,48.2207
79687,3303,3505,4213,4628,3298,3617,5104,7769,3419,3827,5266,8400,3319,3590,4303,4852,1.16895,24.5157,8.82623,48.2753
79688,3419,3257,3131,3086,4208,3921,3398,3253,7555,4970,3787,3418,11154,5709,3932,3336,20.0456,-31.9162,8.94807,47.6893
79689,12513,5993,3971,3418,5959,4759,3764,3454,3765,3705,3440,3254,3358,3355,3311,3132,-28.6933,-33.2367,8.5762,47.434
79690,3295,3529,4174,4751,3334,3837,5046,8127,3342,3696,5169,8235,3338,3494,4246,4905,0.299615,24.7911,8.68655,48.3453
79691,3500,4138,4299,3872,3860,5445,6732,4496,3938,5212,6556,4648,3609,3931,4355,3825,-0.102714,3.95096,8.72394,48.2773
79692,3342,3431,3218,3245,3810,3908,3633,3291,4879,5249,4225,3621,7271,9890,5189,3752,30.3239,-10.5804,8.52546,47.9693
79693,3465,3270,3155,3191,4254,3980,3428,3151,8008,5052,3810,3373,10280,5560,3941,3397,18.3645,-31.3334,8.69516,47.5433
79694,3326,3302,3314,3231,3546,3813,3718,3606,4108,5046,5239,4152,4544,8098,8441,4840,26.0415,0.810204,8.5937,48.216
79695,3308,3377,3182,3005,3920,3792,3445,3324,6289,4770,3752,3407,12374,6089,3945,3472,25.7604,-32.3457,8.57271,47.634
79696,3371,3901,6763,11838,3364,3864,4963,5877,3241,3546,3777,4026,3237,3215,3384,3421,-32.9098,22.8773,8.64333,47.8587
79697,3371,3929,5649,8927,3463,3844,5411,8766,3279,3528,4154,4579,3107,3362,3497,3648,-15.2737,24.5313,8.89411,48.3427
79698,3874,4938,6461,4898,3889,5450,7746,5153,3608,4033,4505,4095,3306,3464,3515,3484,-12.4565,6.28315,8.54124,48.2793
79699,11599,6474,3886,3372,6563,5002,3824,3330,4062,3923,3549,3162,3397,3428,3224,3121,-23.7207,-24.5021,8.71837,47.944
79700,3564,3407,3220,3143,4489,3977,3509,3281,8440,5183,3823,3390,9900,5648,3902,3402,16.9016,-26.9828,8.88913,48.1853
79701,3735,4052,3984,3647,4151,5696,5779,4284,4118,6234,6195,4199,3688,4228,4217,3898,1.02306,0.257784,8.76868,48.07
79702,3430,3952,5634,6394,3430,4093,6968,7816,3354,3763,4561,4796,3151,3307,3687,3856,-10.8643,16.8909,8.8941,48.128
79703,4970,8606,7952,4590,4245,5079,4859,4115,3611,3728,3795,3428,3215,3346,3316,3270,-30.4484,-1.38282,8.92678,48.0833
79704,3549,3919,5076,4906,3566,4387,7638,6720,3411,3964,5331,5104,3245,3601,3829,3901,-5.83119,12.9796,8.5719,48.098
79705,3090,3237,3525,3576,3276,3617,4045,4611,3399,3774,5201,8681,3393,3900,5574,9348,15.9855,27.2164,8.66375,48.1647
79706,3542,3874,3918,3560,4210,5316,5066,3819,4439,7149,6570,4152,4010,4535,4567,3912,4.70349,-1.3755,8.78856,48.426
79707,3288,3749,4613,6262,3335,3746,5225,10072,3252,3639,4517,6301,3245,3366,3772,3954,-6.8332,29.2128,8.9792,48.224
79708,8334,5213,3759,3342,9354,5277,3849,3487,4864,4220,3482,3212,3536,3683,3262,3224,-13.5798,-32.4224,8.69003,48.0653
79709,5337,6338,4576,3646,5756,8092,4869,3689,4229,4566,4020,3509,3521,3653,3449,3325,-11.7847,-9.31351,8.62704,48.3833
79710,3242,3318,3347,3133,3560,3780,3737,3580,4139,4900,5154,4250,4672,8048,8150,4794,25.9332,0.26739,8.63329,47.8693
79711,3425,4084,7017,11205,3420,3884,4931,5967,3136,3514,3802,4078,3103,3270,3372,3344,-33.2645,21.4342,8.53532,47.7013
79712,3693,4249,4749,4136,4160,6054,7418,4693,3803,4819,5563,4328,3451,3721,3921,3821,-4.77738,3.32894,8.75731,48.386
79713,6195,5428,3978,3381,8186,6657,4147,3503,5180,4652,3754,3428,3879,3749,3384,3137,-9.48568,-17.9918,8.69335,48.4253
79714,8211,7424,4423,3529,6390,6039,3995,3538,4175,4041,3692,3164,3433,3489,3263,3227,-19.1365,-16.5981,8.60153,48.022
79715,3296,3351,3235,3172,3668,3778,3667,3473,4353,5296,4735,3887,5340,9351,7320,4210,26.4163,-3.38192,8.85869,48.088
79716,3146,3238,3402,3297,3341,3560,3822,3775,3461,4027,5210,5187,3619,4947,9279,8311,30.6176,13.2465,8.79429,47.748
79717,3069,3335,3890,4075,3299,3731,4575,5853,3426,3988,5823,9308,3329,3709,4830,6215,7.43959,22.7625,8.74996,48.3033
79718,3461,3952,5619,10008,3462,3831,5039,8258,3344,3565,3888,4278,3043,3194,3508,3517,-17.7245,31.5347,8.62307,47.978
79719,3482,3405,3244,3064,4102,3858,3400,3177,7304,4875,3623,3441,11441,5906,3836,3316,21.4299,-29.6694,8.66375,47.6493
79720,3109,3343,3447,3445,3294,3548,4066,3959,3601,4212,5925,5738,3672,4899,8539,7686,20.777,13.441,8.61844,48.322
79721,3541,3593,3285,3006,4743,4089,3438,3364,8730,5802,3989,3403,8145,5581,3965,3389,13.7757,-22.1349,8.82028,48.042
79722,3085,3275,3429,3360,3139,3499,3748,3897,3356,4054,4997,5861,3491,4213,7518,11025,28.6703,20.191,8.78937,47.9647
79723,3018,3279,3338,3350,3331,3655,3793,3734,3915,4511,5139,4659,4103,6296,9844,5989,31.0327,6.44781,8.71919,47.9693
79724,3439,3625,3731,3531,3813,4503,4674,3864,4141,6667,7437,4463,4078,4992,5453,4237,9.24448,1.58789,8.97974,48.432
79725,3381,3745,4611,5257,3412,4023,6408,8071,3319,3996,5205,6106,3163,3565,3996,4075,-4.253,18.3747,8.82796,48.222
79726,3798,4650,5882,4724,3982,5458,8137,4990,3611,4157,4672,4139,3386,3566,3741,3554,-10.1289,6.02448,8.65941,48.298
79727,3351,3784,4483,4437,3611,4343,7144,5725,3479,4427,6498,5589,3417,3666,4198,4146,-1.12315,12.0099,8.57636,48.1987
79728,7869,5218,3803,3485,9233,5503,3895,3427,5057,4168,3488,3273,3804,3538,3358,2983,-12.334,-25.2871,8.79018,48.068
79729,3697,3612,3320,3201,4947,4271,3695,3324,8644,6086,4076,3419,7424,5472,3974,3367,12.4329,-20.9175,8.81913,48.3527
79730,3209,3305,3349,3283,3717,3930,3749,3520,4885,6008,4584,3745,6157,9168,5741,4000,22.0486,-7.42101,8.60949,48.2333
79731,3412,3655,3714,3521,3748,4600,4857,3922,4145,6362,7209,4604,4033,4964,5309,4136,8.72436,1.45856,8.76181,48.1273
79732,3679,3952,3865,3570,4030,5548,5260,3898,4422,6856,6170,4167,3992,4548,4478,3775,3.60359,-1.37216,8.81453,48.14
79733,3608,4072,4313,3881,3944,5506,6561,4366,3900,5565,6358,4442,3663,4067,4134,3850,-0.615297,2.90715,8.88691,48.1533
79734,3522,3923,4026,3649,3951,5013,5656,4257,4153,5908,7128,4514,3775,4300,4626,4098,3.42505,2.59656,8.69565,48.3327
79735,4349,4110,3583,3234,6947,5295,3828,3333,7850,5848,3804,3411,5064,4526,3649,3364,2.10209,-20.006,8.51687,48.13
79736,3370,3417,3213,3198,3856,3914,3654,3220,4976,5419,4392,3627,6869,9633,5247,3809,33.3779,-9.94116,8.52829,47.876
79737,7646,9162,4927,3704,5261,5693,4272,3530,3908,3817,3587,3227,3325,3452,3243,3163,-23.7423,-12.376,8.8837,47.9447
79738,3742,4306,5263,4624,3618,5178,8000,5345,3677,4251,5435,4638,3313,3592,3769,3811,-6.47748,7.99326,8.64567,48.3747
79739,3422,4353,7961,10578,3429,3971,5115,5647,3188,3502,3724,3958,3087,3219,3363,3386,-30.8679,18.5517,8.73045,47.9353
79740,3974,4571,4421,3846,4498,7020,6146,4091,4234,5539,5145,3976,3656,3911,3890,3628,-3.44797,-1.62296,8.60776,48.364
79741,3221,3417,3630,3374,3432,3804,4497,4059,3721,4791,7719,5790,3726,4610,6816,5653,13.5467,9.35307,8.87874,48.1733
79742,3403,3445,3217,3106,3974,3796,3535,3210,5850,4903,3937,3386,11149,7312,4158,3447,32.4014,-20.5745,8.78061,47.8853
79743,3455,3444,3350,3063,4201,4079,3580,3272,6414,6121,4267,3633,7905,7696,4455,3538,18.6725,-15.3401,8.66994,48.3153
79744,3161,3597,4210,5066,3307,3606,4933,8866,3344,3686,4754,7803,3290,3556,4133,4566,-1.39775,28.6411,8.9863,47.9187
79745,3272,3364,3293,3026,3865,3893,3396,3245,6263,4823,3804,3425,12256,6268,4020,3395,27.4845,-26.3316,8.51121,47.7387
79746,3181,3317,3742,3835,3410,3566,4482,5622,3415,3769,5313,9802,3315,3766,4942,6875,9.47901,28.0772,8.66241,48.2347
79747,3427,4388,7635,9955,3511,3971,5250,6092,3219,3488,3952,4146,3048,3276,3354,3342,-23.6066,18.8113,8.70676,48.036
79748,4970,4325,3721,3337,7752,6226,3945,3428,6425,5503,3922,3510,4377,4121,3479,3229,-2.8487,-17.964,8.77217,48.18
79749,3406,3360,3331,3236,3788,3717,3727,3358,4688,5221,4492,3775,6247,9932,6078,3994,32.0146,-7.25217,8.74298,48.2333
79750,3436,3667,3455,3260,4042,4592,4003,3615,5124,7850,5472,3808,5001,6417,4836,3904,11.9246,-6.60967,8.81009,48.3213
79751,3177,3257,3495,3551,3215,3395,4104,4652,3379,3735,5066,8935,3308,3762,5409,9321,15.3362,29.4627,8.94566,47.8407
79752,3475,3413,3315,3119,4282,4035,3611,3220,6995,5813,4130,3442,8772,7004,4213,3456,18.6392,-18.2265,8.9439,48.1967
79753,3380,3466,3267,3058,4018,3915,3516,3266,5956,5341,3945,3506,9767,8049,4393,3457,24.2558,-17.6577,8.65067,48.2
79754,3293,3396,3251,3119,4172,3861,3508,3137,6176,4828,3876,3364,12326,6263,3917,3421,27.1189,-25.9629,8.82049,47.9387
79755,3231,3567,4153,4822,3301,3739,5132,7995,3404,3838,5243,7952,3276,3517,4265,4842,0.174115,24.103,8.82543,48.1847
79756,3775,3491,3281,3097,4952,4118,3541,3304,9373,5366,3797,3438,7878,5288,3883,3307,12.8105,-26.456,8.87318,47.926
79757,3897,5888,9474,6306,3832,4424,5744,4871,3401,3687,3897,3797,3182,3250,3304,3266,-23.7161,7.83054,8.67356,48.1467
79758,3175,3434,3796,4031,3356,3627,4659,5577,3391,3858,5907,9130,3302,3877,4756,6209,8.223,22.167,8.50462,48.0567
79759,3228,3510,3728,3678,3507,4063,5052,4415,3684,4877,8225,5974,3536,4199,5676,5007,8.48926,9.78857,8.92486,48.2393
79760,3120,3311,3440,3406,3231,3490,4037,4157,3424,4023,5590,6399,3542,4365,7584,9250,20.8781,17.6209,8.7706,48.246
79761,4339,3786,3397,3226,6814,4726,3640,3383,9417,5197,3697,3376,5744,4476,3618,3288,4.79134,-29.271,8.63859,48.0827
79762,7515,7289,4344,3600,6590,6547,4239,3471,4099,4237,3702,3344,3494,3544,3328,3125,-16.9078,-15.0742,8.59191,48.312
79763,3684,4513,6891,6168,3661,4574,7323,6082,3351,3776,4404,4173,3276,3419,3591,3480,-13.9382,11.8241,8.53399,48.244
79764,7261,5017,3849,3373,10003,5235,3817,3348,5218,4261,3566,3315,3757,3659,3329,3115,-10.3771,-32.8766,8.89272,48.082
79765,3173,3524,3823,3675,3561,4077,5259,4475,3703,4995,8053,5760,3661,4230,5382,4782,7.2648,9.09441,8.71133,48.0887
79766,3215,3463,3997,4210,3329,3846,4849,6830,3399,3924,5560,8987,3312,3665,4517,5353,3.98841,23.1803,8.85541,48.304
79767,4651,4315,3608,3252,7887,5527,3826,3379,7652,5334,3744,3356,4713,4224,3562,3287,-0.298513,-21.5608,8.86213,48.2113
79768,3386,3454,3183,3023,4183,3898,3500,3249,6183,5338,3988,3448,9868,7570,4213,3401,22.4634,-18.7099,8.83656,47.9233
79769,3237,3189,3401,3468,3346,3562,3869,3959,3569,4208,5407,5418,3527,4724,9052,8307,25.0257,13.6786,8.83883,48.162
79770,3406,3939,6018,12722,3348,3660,4702,6003,3308,3352,3799,3956,3176,3201,3404,3397,-30.4386,31.5757,8.69408,47.594
79771,7440,9974,5355,3706,4905,5317,4201,3603,3779,3761,3569,3293,3332,3318,3363,3181,-29.5051,-10.7999,8.98208,48.0647
79772,4407,4565,3833,3394,5935,7010,4280,3451,5634,6535,4271,3508,4221,4389,3724,3339,-1.05429,-12.0239,8.97199,48.3307
79773,3460,3446,3325,3313,3769,4237,3977,3648,4825,6997,5689,4059,5131,7195,5599,4077,15.3583,-4.59806,8.89699,48.498
79774,5701,6865,4744,3773,5933,7606,4750,3738,4050,4371,3664,3516,3498,3700,3396,3129,-13.8392,-10.2658,8.97015,48.2893
79775,3362,3675,4901,5852,3397,3895,6250,8836,3305,3804,4832,5772,3076,3541,3741,4029,-6.67288,20.7255,8.98836,48.1787
79776,3294,3510,3673,3672,3414,3875,4797,4344,3686,4896,7935,5989,3709,4395,5996,5207,10.4835,10.2387,8.59682,48.2613
79777,11570,5907,4048,3441,7208,4898,3732,3243,4082,3906,3505,3320,3446,3476,3226,3109,-21.6222,-28.262,8.89244,48.078
79778,3112,3299,3661,3684,3217,3568,4125,4870,3376,3787,5241,9098,3423,3860,5233,8615,14.0457,28.3375,8.71682,48.1127
79779,3244,3472,3937,4242,3472,3873,5238,6458,3412,3997,6100,7953,3275,3745,4579,5039,3.0276,18.9542,8.64662,48.024
79780,3408,3411,3346,3080,3756,3932,3491,3409,5068,5460,4247,3760,6878,9725,5572,3641,32.9856,-9.5595,8.65083,48.1227
79781,3814,3855,3493,3173,4741,5245,3906,3499,6222,7994,4723,3585,4969,5298,4104,3615,7.3858,-11.0674,8.64226,48.1573
79782,3020,3251,3555,3554,3203,3432,3981,4227,3550,3930,5604,7465,3483,4045,6593,9362,18.367,20.7521,8.73607,48.17
79783,3076,3184,3409,3445,3210,3466,3831,4043,3369,3827,4958,6613,3467,4040,6755,11492,23.809,23.192,8.93782,48.1233
79784,3342,3561,3874,3784,3544,4197,5335,4339,3706,4996,8140,5700,3623,4326,5276,4730,7.23502,8.89397,8.84344,48.3153
79785,11524,7051,3978,3433,5957,4906,3850,3341,3912,3835,3540,3172,3524,3359,3178,3101,-31.9838,-21.862,8.83847,47.774
79786,3511,3899,6016,12541,3343,3717,4662,5839,3372,3619,3663,3981,3265,3231,3306,3376,-31.1179,32.6078,8.54649,47.5607
79787,3690,4787,8163,7443,3642,4298,6301,5751,3288,3673,4063,4035,3062,3232,3458,3355,-19.8432,12.8747,8.65218,48.1607
79788,3371,3381,3351,3200,3660,3782,3646,3441,4568,5407,4594,3765,6050,9695,6331,4085,28.0453,-6.35697,8.55962,48.218
79789,4406,4031,3447,3204,6554,5351,3957,3436,7983,6114,3746,3441,4984,4342,3749,3340,2.81311,-19.5332,8.7663,48.0567
79790,4763,8014,7501,4681,4297,5492,5217,4108,3559,3689,3936,3529,3266,3402,3277,3161,-22.3907,-0.807889,8.91293,47.928
79791,4258,5508,5313,4100,4313,6769,6886,4381,3812,4426,4470,3790,3517,3649,3799,3518,-10.264,-0.034592,8.69731,48.3393
79792,3509,3812,5899,11941,3353,3764,4751,6771,3338,3552,3915,3993,3119,3205,3431,3354,-24.0224,30.1579,8.51101,47.8047
79793,4335,7263,9213,5216,4113,4803,5059,4310,3496,3803,3830,3581,3223,3338,3357,3305,-32.0479,2.92964,8.87533,48.1633
79794,3336,3856,4654,5833,3363,3832,5241,9750,3245,3639,4553,6248,3226,3470,3805,4125,-6.09086,33.7498,8.66695,48.1173
79795,9644,8486,4379,3521,5477,5277,4000,3523,3864,3870,3603,3323,3327,3423,3347,3136,-31.8772,-16.754,8.67168,48.1333
79796,7420,5214,3982,3304,9058,5757,3828,3311,5124,4343,3645,3337,3817,3607,3315,3142,-11.1082,-23.6851,8.56495,48.136
79797,3394,3434,3295,3115,3946,3737,3324,3165,5984,4827,3876,3320,12582,6271,3940,3316,29.9588,-26.9852,8.74282,47.684
79798,3300,3481,3401,3366,3551,3902,4100,3714,3988,5542,6942,4576,4147,6156,7336,4980,16.6831,3.36629,8.98956,48.3213
79799,5667,9613,6410,4099,4700,5161,4659,3687,3722,3777,3662,3393,3380,3373,3336,3198,-32.4659,-5.74402,8.69109,47.8913
79800,3085,3223,3360,3349,3226,3455,3881,4165,3416,3881,4956,7704,3458,4046,5837,10615,19.4234,32.1961,8.55263,47.7713
79801,8646,6095,3966,3473,8338,5459,3930,3373,4565,4211,3575,3183,3596,3481,3348,3095,-15.3954,-22.2314,8.71817,48.2227
79802,4016,4083,3646,3327,5266,5947,4091,3536,6189,7585,4458,3489,4684,4685,3959,3366,3.47582,-12.3976,8.78204,48.218
79803,3950,4570,4681,3940,4182,6765,6581,4206,4013,5263,5171,4008,3643,3963,3912,3555,-4.54718,-0.431616,8.88407,48.2687
79804,3096,3342,3447,3483,3316,3776,4197,4143,3531,4297,6788,6255,3626,4512,7509,6987,16.4268,13.8703,8.99852,48.2033
79805,3150,3369,3789,3826,3256,3886,4669,4965,3542,4070,6934,8136,3454,4013,5442,5978,9.54901,17.9352,8.76616,48.3193
79806,3971,4074,3595,3264,5236,5747,4140,3487,6193,7713,4431,3562,4801,4831,4081,3432,4.8329,-12.0222,8.78629,48.372
79807,4836,4553,3805,3320,7407,6301,4010,3445,6328,5769,3988,3434,4232,4018,3559,3213,-2.37318,-17.2886,8.63701,48.1453
79808,3348,3421,3387,3216,3817,4074,3860,3516,5068,7024,4859,3842,5513,8060,5422,3969,17.1293,-6.96794,8.84981,48.264
79809,3097,3319,3400,3385,3308,3619,3877,3787,3652,4144,5144,5013,3692,5126,9528,7797,31.824,11.8859,8.67458,47.9253
79810,3159,3577,4132,4524,3484,3840,5519,6841,3434,3939,6231,7488,3330,3619,4383,4770,1.80273,18.7142,8.71139,48.18
79811,10691,5835,3992,3332,7554,5124,3841,3426,4117,3923,3470,3281,3428,3507,3230,3138,-19.5338,-33.6119,8.68059,47.926
79812,3676,3933,3934,3727,4061,5393,5728,4095,4154,6020,6614,4422,3794,4391,4408,3811,1.91815,1.40496,8.6305,48.1073
79813,3544,3828,4951,4954,3583,4336,7392,6545,3507,4131,5691,5278,3196,3611,3956,4043,-4.48216,13.6507,8.65728,48.364
79814,3313,3932,6159,12588,3381,3785,4773,6335,3216,3534,3781,3836,3167,3179,3423,3384,-26.6493,27.7893,8.98068,47.8573
79815,3776,3944,3600,3272,4770,5552,4133,3551,6034,8171,4697,3599,4659,5045,4012,3484,5.81045,-10.4235,8.97373,48.1993
79816,3416,4269,6821,8705,3402,4069,5859,7103,3246,3531,3981,4189,3224,3307,3606,3469,-17.9129,18.3378,8.79273,48.1313
79817,6143,9303,5646,3922,4919,5865,4520,3759,3701,3765,3633,3448,3355,3470,3331,3164,-23.0906,-8.03252,8.61886,47.9627
79818,9359,5749,3926,3463,8361,5338,3838,3333,4560,4108,3429,3233,3436,3618,3210,3155,-16.48,-24.6805,8.60707,48.0773
79819,3178,3281,3376,3468,3150,3451,3628,4043,3305,3839,4953,5995,3348,3929,6532,12096,33.9079,24.1722,8.80563,47.7147
79820,4041,3777,3412,3180,6122,4463,3755,3275,9819,5020,3904,3333,6332,4734,3651,3268,7.24918,-31.8693,8.60674,48.0573
79821,3446,3432,3289,3177,4315,3875,3400,3132,8226,4881,3856,3365,10350,5662,3849,3441,17.8899,-31.1781,8.77214,47.7973
79822,3478,3770,3773,3663,3795,4710,5200,4139,4126,5939,7630,4799,3834,4672,5032,4197,6.4872,3.17288,8.55358,48.5047
79823,4123,3902,3425,3262,7012,4666,3619,3308,9483,5152,3694,3509,5397,4411,3679,3406,3.88198,-32.9999,8.58824,48.032
79824,3445,3898,6125,11557,3370,3867,4885,7027,3228,3553,3859,4128,3078,3337,3319,3417,-22.0395,25.0534,8.93669,48.062
79825,3195,3278,3350,3430,3260,3558,3812,3940,3388,4012,5224,5722,3437,4454,8206,9601,33.6885,17.1194,8.58097,47.9113
79826,3330,3400,3330,3218,3802,3808,3595,3378,4740,5226,4468,3732,6645,9761,5779,3821,32.2184,-8.63088,8.59153,48.022
79827,3430,4481,8295,10118,3518,3969,5127,5769,3199,3506,3727,3831,3155,3244,3256,3363,-29.2448,17.8054,8.79992,47.992
79828,3611,3450,3378,3244,4114,4100,3693,3369,6340,6398,4211,3590,7193,7384,4530,3625,17.3498,-14.3379,8.50699,48.1533
79829,6530,5065,3964,3421,9017,6063,3960,3484,5507,4546,3756,3236,3707,3718,3403,3069,-9.58587,-20.94,8.68027,48.2973
79830,4618,4379,3794,3385,6358,7152,4253,3531,5706,6124,4113,3544,4206,4130,3636,3414,-2.20107,-13.5931,8.98906,48.2287
79831,3344,3678,4847,7021,3392,3864,5355,9743,3232,3606,4280,5443,3129,3333,3706,3916,-9.66349,30.4656,8.59415,47.926
79832,3142,3318,3441,3614,3369,3676,4264,4311,3525,4300,6727,6748,3468,4530,6928,7172,15.7061,15.0672,8.7091,48.3553
79833,3348,3599,4182,4182,3473,4306,6135,5657,3520,4220,6915,6617,3456,3781,4523,4458,2.03817,13.9321,8.89986,48.248
79834,3185,3289,3384,3417,3209,3504,3966,3897,3521,4108,5113,5432,3561,4618,8742,8985,32.3803,15.2191,8.85872,47.954
79835,11442,7172,4213,3447,6010,4837,3825,3442,3940,3904,3425,3279,3376,3291,3128,3006,-27.1178,-21.2944,8.77888,47.8247
79836,3133,3269,3354,3329,3198,3478,3758,4077,3332,3821,4840,6221,3470,3889,5925,12520,26.7301,31.7415,8.98893,47.7427
79837,6186,5602,4028,3513,7890,7168,4139,3513,4773,4539,3625,3280,3799,3707,3430,3067,-10.3343,-16.8747,8.92832,48.1727
79838,3532,3754,3519,3436,4058,4776,4275,3572,4977,8095,5720,4002,4477,5814,4655,3880,9.77846,-5.20008,8.71814,48.3613
79839,3471,3390,3189,3137,3868,3761,3481,3216,6065,4983,3835,3306,11448,7351,4090,3419,26.6244,-21.608,8.80112,48.0067
79840,3507,3424,3326,3008,4080,4166,3689,3339,5444,6298,4442,3629,6808,8291,4811,3751,19.2902,-11.3684,8.53869,48.0087
79841,4422,4132,3463,3257,7695,4831,3728,3372,8690,4962,3836,3430,5135,4434,3538,3319,1.84316,-32.9162,8.62258,48.1627
79842,3391,3316,3150,3104,3932,3881,3424,3328,6595,4845,3794,3459,12254,6018,3939,3286,24.5308,-29.7736,8.89752,47.8107
79843,3467,3897,6047,12276,3549,3862,4688,5822,3311,3459,3770,3745,3203,3266,3461,3461,-32.3482,33.7462,8.53205,47.5227
79844,7974,5180,3840,3298,9309,5308,3774,3412,5032,4223,3492,3280,3707,3476,3341,3206,-12.5678,-26.478,8.77092,47.9013
79845,7003,7954,4730,3650,5982,6546,4419,3685,4011,4147,3596,3236,3429,3508,3324,3089,-18.2395,-12.7485,8.70363,48.206
79846,3432,4218,6774,9358,3433,3892,5577,6922,3287,3685,4051,4181,3116,3239,3488,3584,-19.6909,19.6495,8.5109,48.158
79847,4361,6906,9386,5444,3828,4709,5235,4462,3475,3690,3845,3707,3134,3279,3399,3252,-27.104,4.02886,8.57766,48.0747
79848,3714,3814,3598,3267,4380,5210,4218,3509,5582,8507,5062,3658,4670,5407,4278,3585,7.23921,-9.09417,8.9332,48.306
79849,3997,6128,9994,6176,3735,4513,5209,4684,3444,3592,3882,3662,3121,3326,3313,3328,-27.0621,6.89882,8.9136,48.0693
79850,3449,3675,3391,3289,3940,4452,4006,3555,5006,7661,5559,3965,4865,6270,5256,3988,12.3579,-5.18282,8.66857,48.218
79851,3757,5019,9335,7526,3680,4209,5682,5278,3358,3551,3839,3816,3175,3235,3390,3332,-24.085,11.8836,8.73193,48.1213
79852,8697,5249,3921,3426,9332,5211,3894,3324,4896,4135,3495,3143,3638,3554,3145,3249,-13.6509,-27.888,8.907,48.206
79853,3523,3469,3266,3170,4508,4062,3454,3223,8938,5252,3910,3460,9028,5470,3868,3459,15.4499,-32.7767,8.60816,48.04
79854,3651,3623,3287,3174,4572,4137,3499,3335,8547,5469,3831,3353,8655,5649,4024,3485,14.8595,-24.0702,8.51356,48.194
79855,5849,9720,6563,4162,4422,5417,4527,3945,3567,3766,3628,3403,3369,3347,3222,3071,-26.7809,-5.5317,8.95845,47.9853
79856,3115,3353,3568,3454,3412,3744,4359,4405,3548,4417,6865,6582,3579,4439,6888,6551,14.7145,13.8447,8.74049,48.186
79857,3583,3619,3343,3042,4783,4477,3730,3335,7940,6898,4085,3406,6762,5868,4093,3413,12.2362,-17.6264,8.65104,48.2513
79858,3816,5360,9789,7140,3525,4239,5259,5009,3310,3578,3875,3818,3086,3302,3418,3315,-31.9495,10.434,8.61714,47.8927
79859,3366,4010,5738,10213,3393,3838,5125,8050,3235,3501,3912,4383,3095,3277,3498,3474,-17.7596,26.4292,8.69835,48.072
79860,4264,4700,4294,3534,5098,7682,5190,3807,4505,5881,4542,3669,3833,3982,3845,3358,-3.96965,-6.8298,8.74434,48.1227
79861,4091,3786,3479,3179,6078,5049,3823,3395,8507,6211,4014,3469,5616,4629,3770,3259,5.19855,-19.7926,8.93408,48.2367
79862,3112,3316,3378,3364,3188,3473,3770,3944,3370,3758,4787,6279,3407,3922,6080,12326,25.8902,32.3914,8.73694,47.6493
79863,3210,3587,4214,4916,3309,3703,4838,8356,3469,3665,4853,8106,3286,3528,4245,4736,-0.527907,31.6165,8.51166,48.014
79864,3656,3807,3859,3601,3844,4852,5476,4171,4157,6095,7255,4649,3745,4368,4803,4095,4.64652,2.70653,8.63159,48.2887
79865,3230,3427,3723,3802,3445,3897,4959,4972,3514,4274,7449,7215,3403,3991,5396,5571,8.42026,14.8199,8.99691,48.1787
79866,3320,3640,4433,5347,3377,3995,6010,8566,3305,3664,4975,6588,3234,3521,4061,4233,-4.23305,21.5758,8.88068,48.1793
79867,3326,3419,3296,3133,3793,3690,3408,3347,6351,4827,3805,3514,12111,6042,3919,3430,25.3696,-33.4816,8.81907,47.6073
79868,3273,3495,3660,3695,3341,3695,4498,4672,3542,4253,7124,7027,3474,4256,6223,6107,11.6839,14.8974,8.53398,48.2233
79869,5901,8450,5410,3889,5225,6503,4759,3729,3911,4039,3725,3449,3440,3426,3324,3161,-18.6563,-8.46405,8.66565,48.2273
79870,3416,3448,3185,3095,3987,3782,3497,3235,5929,4872,3957,3271,12411,6363,3978,3308,27.9172,-26.318,8.74505,47.8227
79871,3547,3593,3503,3396,4042,4753,4065,3701,5001,7821,5471,4002,4687,6016,4903,3780,10.629,-5.54835,8.57199,48.1873
79872,3767,4889,7564,5813,3652,4768,7235,5505,3442,3718,4217,4018,3133,3445,3511,3381,-15.8809,9.46455,8.61468,48.0387
79873,3355,3642,3718,3557,3712,4286,4914,4098,3894,5821,7910,4913,3831,4718,5403,4592,8.80189,4.57666,8.53609,48.2427
79874,3247,3344,3288,3386,3535,3723,3816,3501,4087,4870,4984,4212,4567,7919,8779,4876,33.4023,1.25681,8.95299,48.0893
79875,3566,3836,4072,3806,3623,4726,5981,4509,3996,5293,7495,4910,3548,4158,4758,4224,3.46216,5.72479,8.59113,48.334
79876,3432,3431,3276,3101,3802,3891,3525,3359,5379,5522,4086,3564,8321,8927,4959,3586,25.1851,-13.6037,8.56384,48.1073
79877,10738,5714,4003,3432,7807,4949,3901,3395,4206,3884,3445,3191,3469,3403,3266,3050,-19.4168,-33.2309,8.58678,47.902
79878,3371,3864,5698,9885,3345,3770,5053,8090,3296,3575,4036,4298,3060,3290,3494,3602,-17.7772,27.3123,8.69629,47.818
79879,3461,3642,3373,3352,3985,4521,4183,3705,5018,7744,5607,3892,4792,6285,5002,3902,11.7307,-5.03257,8.62278,48.3093
79880,3455,3503,3375,3269,4030,4115,3698,3432,5443,6903,4675,3689,6313,7762,4898,3846,17.031,-10.4765,8.62686,48.2707
79881,3843,5729,8758,6022,3860,4765,6199,4873,3428,3720,3955,3890,3206,3309,3351,3342,-20.4967,7.18034,8.59328,48.1667
79882,3473,3466,3063,3134,4100,3786,3429,3139,7119,5094,3866,3416,11549,6012,3947,3360,21.8374,-26.2657,8.84514,47.9687
79883,3075,3163,3329,3402,3290,3379,3786,4076,3331,3734,4714,6856,3325,3963,5928,12058,23.8592,31.4204,8.77953,47.606
79884,11015,7353,4269,3263,5917,5067,3860,3452,3898,3846,3477,3268,3446,3376,3266,3171,-29.2043,-20.4355,8.64434,47.9627
79885,3954,4870,5218,4324,4102,6441,7550,4570,3694,4519,4835,4011,3461,3718,3688,3565,-7.79517,2.11241,8.84919,48.3467
79886,3148,3219,3377,3316,3283,3492,3894,4215,3353,3803,4948,7070,3453,3929,6011,11652,22.0734,26.7149,8.62278,48.1087
79887,3268,3587,3643,3687,3491,3981,5028,4490,3743,4824,8298,6166,3495,4252,5625,4883,8.11,9.98306,8.93785,48.3073
79888,3148,3239,3385,3367,3395,3640,3857,3677,3916,4729,5588,4733,3924,6134,9311,6134,24.4256,6.72091,8.77179,48.118
79889,3752,4696,6642,5532,3699,4918,7561,5550,3444,3887,4465,4265,3247,3331,3575,3620,-13.2645,9.52412,8.50047,48.1227
79890,4353,3922,3464,3242,6672,4671,3698,3364,9546,5269,3729,3335,5620,4565,3584,3275,4.71055,-28.5253,8.5009,48.206
79891,4271,5279,4813,3901,4602,7463,6188,4084,4079,4893,4556,3708,3512,3574,3635,3335,-8.14259,-2.72109,8.79044,47.9287
79892,3157,3337,3468,3325,3404,3822,4219,4057,3849,4850,7323,5198,3891,5194,7626,5502,16.2802,7.58575,8.89706,48.148
79893,3788,3971,3794,3587,4229,5670,4574,3772,4804,7748,5795,3830,4280,4762,4480,3674,4.74207,-4.61082,8.73775,48.5053
79894,3523,3739,4018,3879,3717,4750,5811,4332,4002,5522,7471,4844,3641,4178,4634,4239,3.71591,5.2532,8.68081,48.2
79895,4084,3660,3363,3032,5818,4491,3599,3302,9830,5393,3864,3411,6338,4786,3692,3363,7.76015,-25.4358,8.79709,48.0173
79896,4514,4083,3549,3159,6887,5211,3864,3302,8228,5669,3946,3306,5194,4457,3688,3249,2.54479,-21.3167,8.50619,48.204
79897,4191,6467,7433,4853,4077,5604,6443,4570,3553,3836,4011,3744,3354,3388,3446,3345,-17.9337,2.74028,8.82711,48.21
79898,3384,3408,3239,3074,3808,4003,3597,3214,5419,5972,4244,3499,7445,9012,5011,3640,22.3158,-12.0514,8.90971,47.9793
79899,3800,3768,3464,3163,5067,4700,3790,3469,7748,7109,4245,3536,5761,5301,3856,3437,8.49305,-16.4145,8.67774,48.1427
79900,12594,6054,3942,3372,6103,4579,3640,3461,3843,3852,3385,3249,3471,3348,3299,3069,-29.3616,-29.7611,8.7017,47.5073
79901,3105,3192,3289,3338,3312,3534,3877,3795,3642,4192,5138,5214,3630,4882,9416,8130,28.7254,13.3393,8.95104,47.7907
79902,3366,3407,3339,3105,4102,4063,3799,3387,6144,6820,4432,3560,6631,7510,4616,3660,16.4843,-12.5578,8.98698,47.9607
79903,3469,3996,5544,7223,3428,3984,6184,8567,3277,3566,4389,5025,3142,3223,3476,3774,-12.1914,20.3975,8.61351,48.178
79904,7791,8851,5028,3681,5363,5646,4218,3536,3807,3988,3585,3360,3339,3422,3227,3215,-22.6524,-12.8341,8.57215,48.038
79905,3268,3456,3163,3101,3953,3849,3371,3281,6509,4932,3728,3488,12286,5946,4014,3412,24.395,-30.7335,8.5935,47.838
79906,3350,3332,3314,3189,3623,3762,3808,3464,4364,5563,5225,4037,5021,8410,7202,4551,22.0122,-2.1783,8.96328,48.1433
79907,3708,4749,8753,7938,3614,4305,5769,5464,3231,3529,3968,4064,3032,3227,3312,3474,-22.6934,13.8891,8.53608,48.0913
79908,5684,6968,4947,3820,5753,7527,4663,3556,4118,4382,3752,3362,3599,3398,3451,3253,-14.1661,-9.66236,8.60678,48.1553
79909,3362,3565,3995,3764,3583,4207,5556,4701,3742,5040,7828,5597,3643,4219,5040,4450,5.42291,8.30292,8.50275,48.1947
79910,3466,3328,3157,3169,4130,3858,3507,3255,7215,4898,3745,3350,11523,5812,3873,3420,21.529,-29.7084,8.54571,47.804
79911,10447,6726,4165,3390,7114,5339,3892,3388,4176,4014,3467,3293,3479,3436,3231,3016,-20.3986,-21.6997,8.93998,48.382
79912,3369,3790,4770,5273,3461,4025,6539,7978,3390,3838,5192,6057,3225,3611,3986,4158,-4.47418,18.2112,8.74879,48.4413
79913,3749,5242,9573,7407,3629,4375,5326,4994,3393,3580,3913,3808,3173,3284,3285,3368,-32.9221,10.7546,8.61949,48.066
79914,4740,7903,8234,4904,4191,5098,5111,4162,3549,3784,3803,3538,3295,3330,3386,3274,-25.2661,0.667715,8.6017,48.2013
79915,5214,7757,5733,4003,4838,6696,5169,3988,3923,4036,3897,3538,3423,3522,3422,3209,-17.1502,-5.19859,8.98654,48.2453
79916,3147,3263,3417,3325,3336,3643,3840,3972,3579,4139,5568,5204,3616,4883,9113,8179,24.8817,13.1859,8.73206,48.1493
79917,3809,3680,3535,3228,4699,4844,3780,3348,6968,7637,4463,3520,5498,5687,4209,3545,9.2562,-13.6302,8.98865,48.3
79918,3151,3270,3401,3328,3156,3498,3769,3795,3363,3828,4772,6222,3341,3960,6080,12495,32.1572,26.8497,8.70246,47.6193
79919,3292,3341,3294,3146,3702,3785,3600,3354,4828,5502,4404,3624,6643,9595,5622,3990,25.9435,-9.23117,8.57186,47.8147
79920,4677,4691,3927,3523,6120,7675,4649,3513,5078,5808,4120,3551,3941,4042,3665,3275,-4.21756,-11.1435,8.92723,48.17
79921,3440,4164,6617,11520,3404,3899,4871,6371,3218,3455,3875,4142,3024,3326,3313,3425,-24.1044,23.1983,8.79496,48.0427
79922,3009,3372,3458,3557,3234,3490,4101,4497,3506,4044,5891,7836,3382,4044,6183,8716,16.3692,20.6524,8.87028,48.2133
79923,4511,6002,5367,4117,4617,7335,6006,4054,3914,4467,4280,3828,3369,3663,3523,3300,-11.9274,-2.43835,8.55335,48.2353
79924,3064,3264,3442,3368,3211,3515,3813,3829,3549,4036,5050,5411,3547,4532,8694,9384,30.0351,15.8962,8.56331,47.806
79925,3329,3440,3407,3245,3812,3927,3821,3581,4546,6108,5152,3954,5275,8409,6220,4292,19.7885,-4.08519,8.75423,48.3453
79926,5780,5545,4031,3531,7407,7166,4254,3516,4869,4707,3777,3344,3732,3818,3425,3235,-9.52724,-15.8569,8.5577,48.0913
79927,3377,3816,5156,7486,3381,3834,5273,9739,3299,3592,4132,5170,3206,3394,3611,3835,-11.6094,33.402,8.50471,48.2007
79928,5197,6466,4927,3690,5491,7866,5186,3661,4083,4568,4010,3311,3533,3616,3468,3282,-12.9812,-8.24434,8.52855,48.2367
79929,3522,3412,3257,3200,4423,3893,3575,3208,8194,5048,3894,3326,10050,5715,3895,3304,17.5714,-27.4359,8.80878,47.944
79930,12138,6034,3864,3414,6038,4754,3762,3397,3988,3773,3395,3197,3423,3437,3281,3268,-31.5678,-30.9797,8.53628,47.442
79931,5913,9667,6448,4064,4595,5505,4635,3714,3811,3851,3600,3469,3347,3311,3408,3201,-25.068,-5.87621,8.86032,48.3593
79932,3465,3533,3201,2990,4176,3981,3548,3267,6842,5892,4148,3515,8366,7240,4322,3586,18.7125,-17.0717,8.8013,48.048
79933,3205,3282,3311,3188,3707,3813,3688,3502,4394,5389,5031,4088,5184,8512,7128,4525,22.9223,-2.61135,8.65987,47.9647
79934,3396,3410,3290,3060,3944,3824,3565,3355,5527,5653,4274,3523,7883,9061,4873,3615,22.9771,-13.2201,8.81015,48.1687
79935,4117,3832,3551,3153,6405,4520,3679,3439,9607,5235,3749,3320,5895,4619,3617,3249,6.32517,-32.9646,8.54535,47.9913
79936,12509,5862,3950,3378,5862,4654,3676,3328,3928,3803,3315,3218,3405,3398,3397,3195,-33.94,-33.8678,8.9295,47.252
79937,3425,3469,3234,3173,3818,4001,3662,3457,5232,6083,4401,3623,6841,9002,5211,3810,20.8683,-10.479,8.98818,48.2947
79938,3387,3542,3847,3848,3563,4019,5362,4626,3651,4853,8075,5889,3566,4161,5211,4805,6.82886,10.2629,8.56402,48.27
79939,3155,3388,3660,3911,3329,3654,4439,5763,3422,3862,5675,9425,3462,3776,4861,6538,8.62562,23.2081,8.52571,48.2133
79940,7076,6196,4114,3511,7446,6711,4070,3530,4656,4228,3654,3329,3578,3514,3419,3135,-13.3974,-16.9743,8.95448,48.1113
79941,4781,7594,7714,4675,4424,5554,5551,4111,3472,3899,3878,3593,3176,3541,3331,3331,-20.9647,0.0971253,8.69767,48.4167
79942,3319,3367,3380,3076,3679,3817,3657,3400,4552,5374,4529,3792,5976,9916,6268,4005,26.8571,-6.20917,8.87167,48.0713
79943,3200,3390,3547,3548,3562,4069,4386,4019,3928,5474,7875,4950,3775,5107,6403,4877,12.6512,5.33128,8.99911,48.0733
79944,6764,8206,4984,3832,5576,6385,4380,3721,3999,4021,3682,3372,3330,3426,3235,3084,-18.8382,-11.3376,8.97895,47.998
79945,3412,3335,3256,3141,3959,3851,3384,3321,6036,4977,3807,3283,12405,6591,3852,3353,32.52,-24.6105,8.86565,47.9753
79946,3677,4945,9262,8241,3656,4329,5410,5250,3298,3562,3917,3852,3045,3259,3381,3270,-25.7005,12.9064,8.81123,48.236
79947,3817,4151,3928,3567,4585,6726,5338,3882,4388,6771,5322,3873,4021,4353,4089,3626,0.625159,-3.82179,8.92134,48.2913
79948,3683,3793,3504,3241,4498,5174,4173,3666,5660,8209,4933,3689,4789,5534,4422,3559,8.03585,-9.01619,8.63845,48.3513
79949,5991,9438,5737,4056,4884,5661,4509,3769,3834,3832,3636,3393,3186,3393,3358,3219,-23.9349,-7.79649,8.53033,47.9307
79950,3365,3871,5884,10946,3370,3862,4974,7528,3183,3532,3919,4120,3093,3157,3433,3559,-20.2613,28.6758,8.7178,47.864
79951,3521,3341,3278,3092,3973,3804,3451,3172,5610,4983,4030,3407,10018,7964,4259,3358,33.2083,-17.9115,8.81515,47.5073
79952,3153,3363,3500,3642,3253,3496,3956,4595,3379,3780,5128,8889,3412,3864,5235,9152,15.3294,32.8134,8.91535,47.8647
79953,4835,6549,4999,3896,5006,7570,5605,3901,3936,4519,4142,3519,3512,3548,3502,3270,-12.7969,-5.51771,8.5002,48.206
79954,3364,4208,6666,10032,3404,3931,5431,7012,3258,3502,3925,4122,3077,3225,3491,3445,-19.7331,20.9122,8.87097,48.062
79955,3398,3783,6049,12766,3422,3863,4773,6093,3303,3434,3764,3936,3144,3253,3319,3419,-27.9815,31.6629,8.9874,47.8127
79956,3639,3636,3424,3120,4222,4388,3966,3512,5597,7664,5030,3833,5475,6621,4669,3748,12.9,-9.29195,8.78066,48.3627
79957,3243,3572,3736,3658,3620,4223,5312,4184,3794,5232,8056,5250,3737,4381,5468,4659,7.50162,6.90873,8.74991,48.0833
79958,3489,3760,3542,3481,3963,4795,4586,3797,4729,7336,6283,4105,4217,5328,4827,3851,8.31185,-2.11244,8.645,48.0593
79959,3339,3416,3400,3107,3789,3817,3508,3252,5364,5099,4007,3657,8878,8911,4571,3710,32.0034,-14.7986,8.67458,47.8833
79960,3150,3369,3417,3443,3265,3625,3842,3984,3559,4198,5200,5070,3600,4850,9397,7868,33.9511,12.345,8.98407,47.8913
79961,3497,3602,3659,3342,4049,4784,4157,3617,4886,7839,5908,3943,4445,5854,4763,3803,10.0035,-4.43467,8.69546,48.0987
79962,4393,3934,3488,3381,7159,4858,3647,3336,9136,5046,3933,3445,5295,4366,3727,3173,3.08987,-33.56,8.61503,48.2113
79963,7695,9708,5099,3802,5028,5254,4264,3720,3729,3782,3613,3284,3309,3357,3276,3112,-27.0769,-11.3594,8.70011,48.0213
79964,3506,4278,8279,10010,3516,3931,5175,5514,3199,3465,3726,3752,3203,3346,3320,3412,-31.1169,17.4617,8.7759,47.7547
79965,3235,3410,3523,3535,3292,3692,4212,4209,3562,4367,7058,6300,3633,4525,7260,6727,15.6773,13.4801,8.99793,48.36
79966,3421,3347,3184,3105,3885,3759,3327,3239,6022,4723,3689,3460,12865,5889,3924,3316,28.5878,-30.4285,8.9093,47.4367
79967,3586,4435,7759,8767,3459,4100,5585,6255,3279,3558,3930,4182,3140,3236,3406,3418,-20.876,16.5502,8.85911,48.0633
79968,3766,4381,4544,4023,4062,5815,7016,4634,3874,5295,5881,4260,3551,3941,4093,3803,-2.63482,2.96548,8.94344,48.626
79969,3418,3354,3282,3026,3995,3663,3354,3206,6158,4817,3755,3459,12556,6041,3807,3303,26.1946,-32.772,8.76918,47.4627
79970,11664,7018,4058,3294,5944,4935,3865,3449,3941,3859,3419,3151,3342,3423,3205,3127,-29.5196,-22.3234,8.77754,47.796
79971,3839,4515,6627,5798,3650,4637,7748,6008,3365,3735,4474,4290,3181,3360,3589,3429,-13.1689,11.1877,8.90477,48.1633
79972,3365,3989,5872,11963,3475,3797,4838,6754,3203,3413,3826,4053,3127,3232,3387,3338,-23.2784,31.5089,8.76074,47.7547
79973,3697,3776,3359,3281,4701,4550,3812,3463,7082,7245,4220,3511,6059,5725,4168,3487,10.6212,-15.0903,8.69879,48.0907
79974,3893,3705,3350,3130,5541,4471,3571,3240,9701,5544,3744,3388,6654,4837,3745,3435,9.00604,-25.4811,8.84098,47.966
79975,5042,5845,4543,3683,5799,8166,4864,3623,4341,4991,4013,3512,3548,3607,3518,3370,-9.55962,-9.21962,8.89326,48.31
79976,4492,7669,8924,5085,4075,4875,4979,4341,3485,3785,3843,3624,3179,3357,3291,3106,-31.3502,1.94194,8.6169,48.0733
79977,3771,4868,7398,6246,3806,4662,7101,5788,3355,3741,4187,4074,3188,3321,3502,3421,-15.8789,10.769,8.87549,48.286
79978,11148,5762,3917,3497,7534,5024,3909,3356,4089,3857,3381,3171,3437,3437,3139,3107,-19.7653,-30.9765,8.99722,47.8433
79979,4527,7271,9161,5217,3995,4834,5197,4392,3446,3782,3815,3604,3288,3273,3339,3184,-25.8677,2.97847,8.80374,48.2167
79980,3718,3639,3327,3116,5120,4136,3676,3293,9669,5267,3767,3452,7719,5052,3660,3477,11.9996,-29.4037,8.72066,48.0587
79981,3153,3424,3671,3964,3348,3716,4627,5800,3310,3838,5690,9473,3342,3731,4846,6208,7.72708,23.323,8.75061,48.094
79982,3304,3626,4486,5000,3463,3885,6127,8113,3326,3913,5297,6534,3291,3462,4034,4388,-2.76082,19.6397,8.98805,48.166
79983,3614,4001,4024,3666,3921,5237,5713,4123,4012,6102,6813,4437,3829,4365,4567,4049,3.31969,2.02728,8.56389,48.3153
79984,3510,3316,3336,3202,3977,3780,3395,3261,5788,4672,3684,3418,12529,6029,3873,3362,32.0753,-33.0212,8.84331,47.4213
79985,4132,5039,4753,3845,4629,7282,6258,4078,4084,5181,4753,3749,3606,3861,3787,3431,-6.45534,-2.17141,8.54502,48.312
79986,3447,3554,3400,3251,4264,4628,3900,3494,5561,8033,4929,3716,5288,6470,4698,3774,12.1939,-8.90884,8.98485,48.2713
79987,3349,4040,6516,10734,3456,3864,5091,6996,3218,3456,3920,4108,3020,3213,3365,3499,-20.9099,23.5197,8.62636,47.8967
79988,3523,3838,6369,12565,3305,3842,4649,5874,3259,3482,3690,3838,3133,3189,3423,3448,-31.7047,25.6715,8.91773,47.618
79989,4581,7355,7201,4585,4290,5842,5857,4213,3591,3891,3924,3705,3229,3481,3480,3271,-18.6931,-0.252453,8.96465,48.3307
79990,3468,3391,3218,3028,3926,3864,3590,3236,5860,5383,4023,3437,9751,8139,4637,3541,25.3484,-16.9485,8.90289,48.328
79991,12175,6589,3836,3359,5865,4755,3796,3488,3955,3818,3504,3195,3397,3356,3164,3061,-29.1478,-24.9034,8.52947,47.542
79992,11650,6520,4122,3345,6636,5009,3860,3477,4056,3861,3522,3188,3369,3376,3253,3039,-23.4123,-24.0164,8.79539,48.1887
79993,3543,4359,7253,8418,3426,4151,5868,6614,3250,3636,4151,4208,3137,3201,3526,3492,-18.4482,17.1238,8.5268,48.1553
79994,3126,3159,3429,3329,3327,3639,3902,3717,3617,4274,5231,4989,3650,5334,9835,7528,27.0764,11.2922,8.98183,48.0573
79995,3108,3454,3851,3843,3352,3882,4801,5053,3552,4125,6986,7695,3468,3946,5339,5736,8.67205,16.203,8.78904,48.1273
79996,3148,3375,3434,3419,3381,3733,3981,3802,3836,4781,6706,5091,3924,5364,8250,5913,18.4327,8.0624,8.64233,48.092
79997,3916,3710,3442,3238,5197,4721,3752,3348,8561,6345,4087,3491,6243,5116,3898,3341,9.13627,-19.3728,8.52007,48.2707
79998,3148,3351,3528,3775,3241,3591,4141,5079,3346,3853,5223,9489,3409,3818,5139,8045,12.4426,28.7588,8.60177,48.1173
79999,3507,3588,3310,3117,4525,4286,3732,3301,7510,6448,4079,3426,7497,6345,4172,3435,14.8722,-17.8657,8.81585,48.1853
80000,3283,3519,3576,3774,3529,3868,4848,4639,3568,4519,7617,6792,3621,4182,5692,5478,10.0045,13.4946,8.75726,48.3367
80001,3921,4201,3990,3636,4629,6633,5154,3838,4502,6665,5324,3935,4020,4249,3942,3674,0.060121,-4.12072,8.6767,48.2087
80002,3185,3389,3373,3199,3583,3785,3687,3307,4323,5074,4820,4052,5125,8911,7658,4518,28.9847,-2.02993,8.7812,47.9927
80003,3264,3513,3692,3580,3566,4051,4916,4233,3807,5122,7984,5471,3810,4536,6071,5138,11.0583,7.68194,8.53661,48.5027
80004,3580,3775,3737,3414,4062,5194,4702,3818,4532,7706,6204,3950,4053,5049,4531,3862,6.14353,-2.99139,8.95437,48.1127
80005,3208,3440,3818,4053,3239,3675,4506,6581,3325,3705,5320,9832,3251,3507,4486,6014,5.92645,27.8495,8.73411,47.9733
80006,3056,3419,3756,3986,3410,3591,4519,5583,3441,3812,5656,9251,3390,3768,4990,6644,9.09382,23.2653,8.53743,48.1813
80007,4667,4154,3562,3293,7299,5448,4014,3362,7827,5525,3894,3363,4807,4247,3660,3282,0.797617,-20.5512,8.837,48.2693
80008,4530,4263,3691,3163,6970,5570,3886,3389,7478,5797,3949,3417,4775,4315,3685,3227,1.08002,-19.2473,8.82206,48.07
80009,3469,3340,3227,3030,3862,3829,3423,3222,5687,4980,3894,3393,10637,7934,4279,3465,29.5166,-19.0357,8.9335,47.7807
80010,3624,4372,5043,4503,3790,5155,7959,5462,3610,4417,5415,4433,3370,3597,3928,3719,-6.14916,7.74049,8.67558,48.2647
80011,3273,3503,3345,3263,3915,4247,3885,3444,4962,6987,4955,3955,5467,7609,5438,3901,16.7621,-6.63025,8.95584,48.0993
80012,3045,3200,3434,3366,3200,3460,3714,4056,3387,3711,4884,6857,3377,3903,5935,12057,23.0586,30.8964,8.96322,47.724
80013,3233,3243,3295,3420,3416,3722,3796,3732,3899,4690,5170,4570,4152,6471,9426,5618,33.6977,5.132,8.75243,47.902
80014,6585,7809,4651,3663,5799,6822,4476,3562,3967,4065,3721,3364,3496,3521,3228,3142,-17.4577,-11.8383,8.59437,47.914
80015,3106,3394,3517,3408,3286,3416,4007,4348,3245,3812,5270,7573,3366,3964,5919,10434,19.1131,25.5693,8.58429,48.0433
80016,3464,4154,7097,10992,3395,3894,5068,6233,3283,3545,3823,4072,3103,3139,3444,3384,-24.1818,21.4015,8.67884,48.06
80017,8997,7674,4249,3484,6458,5857,4066,3416,4122,3943,3538,3275,3430,3379,3256,3188,-20.9956,-17.3958,8.7882,48.2213
80018,3103,3362,3525,3670,3212,3598,4237,4595,3399,4034,5978,8424,3520,4011,5823,7587,13.7649,20.6595,8.58071,48.052
80019,3228,3407,3191,3182,3656,3898,3700,3572,4319,5688,5172,4023,5083,8441,7086,4513,22.3769,-2.15799,8.84723,48.106
80020,3279,3335,3240,3248,3547,3721,3737,3551,4010,4744,5178,4211,4449,7690,9029,4934,28.4349,2.26616,8.82453,47.9353
80021,3370,3579,3849,3707,3577,4148,5402,4340,3818,5162,8131,5373,3523,4281,5386,4582,7.11463,7.6242,8.95308,48.152
80022,3230,3195,3370,3400,3212,3387,3753,3923,3324,3713,4669,5999,3293,3967,5967,12615,29.8867,29.8752,8.58591,47.3447
80023,3428,3450,3256,3025,4132,3988,3567,3244,6710,5483,3850,3423,9876,6930,4138,3475,20.7518,-19.7124,8.93033,47.9833
80024,3283,3456,3515,3591,3139,3526,4145,4864,3302,3950,5257,9213,3493,3769,5227,8224,13.2885,32.664,8.54231,47.9693
80025,3358,3336,3147,3160,4018,3804,3359,3269,6150,4727,3812,3272,12603,6070,3910,3404,29.3044,-28.189,8.62499,47.5993
80026,3358,3378,3278,3139,4000,3892,3453,3274,5958,5472,4061,3466,9596,7854,4364,3475,24.1379,-17.632,8.78602,48.012
80027,7309,9932,5359,3866,4935,5243,4193,3607,3794,3829,3411,3526,3327,3323,3325,3124,-30.9618,-10.0719,8.78611,48.0687
80028,4475,4558,3847,3396,6279,7182,4351,3586,5506,6254,4175,3521,4195,4133,3686,3325,-2.06354,-12.7759,8.77448,48.3127
80029,4169,5407,5373,4152,4381,7049,6861,4225,3714,4447,4579,3762,3536,3605,3622,3428,-10.6653,-0.176383,8.89165,48.2067
80030,6625,5619,4039,3445,8286,6546,4068,3527,4863,4412,3641,3361,3701,3663,3358,3194,-11.3459,-18.6987,8.63161,48.232
80031,9916,6293,3899,3467,7643,5452,3962,3413,4310,4030,3532,3222,3450,3447,3118,3069,-18.1724,-22.4711,8.88913,48.1487
80032,3588,4500,5857,5016,3858,5003,8273,5698,3479,3932,4860,4377,3215,3497,3711,3512,-9.81939,8.9425,8.93496,48.2507
80033,3236,3494,4156,4664,3348,3749,4893,7906,3299,3722,4865,8388,3274,3555,4208,4923,0.727075,32.4607,8.78073,47.7867
80034,3326,3922,6270,12428,3365,3737,4713,5944,3255,3372,3729,3979,3119,3268,3352,3384,-31.4456,25.5696,8.72141,47.442
80035,3119,3331,3457,3527,3276,3567,4126,4456,3463,3969,5873,7528,3445,4114,6475,8259,16.345,19.086,8.80615,47.99
80036,3991,4922,6627,5034,3811,5283,7575,5074,3575,3968,4502,4043,3205,3487,3660,3498,-13.0636,6.10179,8.57405,48.17
80037,3445,3339,3251,3015,3964,3878,3441,3341,6289,5320,3963,3390,9986,7597,4391,3452,22.7144,-18.5867,8.95311,48.0413
80038,3306,3825,5180,7497,3360,3991,5642,9372,3326,3581,4269,5184,3078,3248,3640,3679,-11.2939,24.648,8.70845,48.1187
80039,3207,3489,3904,4190,3488,3931,5433,5600,3491,4140,7013,7554,3386,3785,4768,4941,4.9324,16.2063,8.76737,48.2133
80040,4183,6570,9629,5757,3921,4604,5249,4566,3464,3649,3751,3658,3097,3352,3305,3381,-28.2179,5.50068,8.61116,48.0907
80041,3450,3637,3841,3699,3648,4244,5299,4528,3828,5218,8073,5273,3593,4322,5148,4473,6.71357,7.12417,8.51113,48.1827
80042,10990,7264,4102,3469,6105,5095,3874,3345,3937,3801,3473,3223,3452,3462,3259,3097,-26.5232,-20.6262,8.84529,47.9653
80043,3290,3340,3339,3270,3520,3727,3718,3570,4029,4809,5075,4353,4535,7449,8868,4987,28.8578,1.9555,8.54236,47.9193
80044,3501,3652,3429,3303,3895,4439,4068,3572,5001,7613,5548,3914,4766,6436,5144,4000,12.5882,-5.02659,8.80283,48.1873
80045,3123,3320,3434,3305,3450,3763,3860,3651,3803,4709,6139,4829,4010,5815,8883,5808,20.8363,6.84794,8.72387,47.9347
80046,3443,4092,7234,11832,3207,3883,4741,5764,3263,3505,3764,3950,3067,3170,3367,3362,-30.3747,21.8316,8.86386,47.7627
80047,9871,5738,3917,3352,8341,5146,3893,3378,4395,3977,3494,3214,3503,3483,3286,3091,-17.0569,-26.996,8.94264,48.0527
80048,5285,8117,6448,4177,4547,6313,5185,4041,3763,4035,3795,3480,3343,3428,3347,3188,-19.2653,-3.92587,8.71888,48.328
80049,3574,4375,6252,5557,3606,4586,7743,6080,3426,3836,4678,4336,3132,3481,3564,3553,-11.9513,11.5714,8.50684,47.8527
80050,3168,3254,3512,3659,3277,3594,4161,4669,3452,3740,5305,8933,3335,3819,5333,8908,14.9415,31.5919,8.6618,48.0793
80051,12402,6543,3920,3430,6011,4742,3795,3421,4084,3820,3372,3127,3265,3428,3176,3106,-28.7438,-25.3997,8.83334,47.7613
80052,3522,3998,5079,4871,3518,4443,7847,6430,3577,4124,5368,4980,3248,3557,3800,3816,-6.58562,12.6495,8.63647,48.1187
80053,3348,3750,4111,4264,3536,4312,6429,5720,3598,4242,6867,5983,3382,3826,4400,4457,0.702605,13.1434,8.73976,48.15
80054,3422,3442,3243,3083,4004,3875,3405,3207,5953,4925,3855,3353,11629,7208,3977,3364,28.1347,-21.4675,8.98904,47.9633
80055,12636,5970,3880,3459,6107,4779,3778,3362,3797,3852,3403,3174,3433,3278,3249,3178,-28.3845,-31.7041,8.85456,47.5567
80056,3481,3924,5548,7654,3274,3931,5900,8756,3162,3626,4241,4836,3194,3287,3669,3525,-13.367,21.6378,8.8956,48.0053
80057,7073,5509,3993,3412,8368,6312,3911,3468,4843,4377,3649,3222,3646,3669,3446,3093,-11.993,-19.5542,8.78331,47.994
80058,4639,4061,3577,3160,7811,4829,3777,3417,8809,5016,3815,3309,5036,4204,3575,3184,1.39991,-28.5731,8.79277,48.146
80059,3363,4037,4923,4639,3525,4632,7743,6190,3498,4280,5680,5078,3266,3551,3941,3880,-4.6657,11.5162,8.67149,48.1507
80060,3576,4841,8226,6893,3552,4432,6624,5831,3350,3692,4103,4118,3166,3293,3433,3381,-18.4091,11.7739,8.95059,48.3407
80061,4572,5129,4310,3613,5197,8109,5312,3840,4440,5326,4275,3548,3746,3793,3660,3398,-6.20094,-7.26778,8.73081,48.1787
80062,4465,4802,3827,3496,5739,7650,4606,3503,5072,6170,4246,3566,4022,4030,3765,3422,-3.31511,-10.5729,8.7398,48.254
80063,3434,3789,5342,7140,3380,3800,5814,9228,3284,3662,4264,5331,3076,3407,3725,3666,-10.7612,23.043,8.71823,48.228
80064,3539,3807,3667,3405,4185,5518,4474,3714,4885,8081,5510,3846,4362,5126,4292,3803,6.03623,-5.40163,8.96773,48.1427
80065,3270,3358,3592,3506,3411,3749,4358,4152,3720,4850,7465,5797,3677,4711,6899,5680,13.9275,9.83715,8.78944,48.13
80066,3213,3328,3412,3307,3249,3646,3856,3644,3616,4324,5348,4834,3933,5977,9929,6605,28.0876,8.33401,8.86688,48.1473
80067,3059,3309,3632,3772,3254,3611,4294,5491,3290,3868,5320,9920,3302,3833,4940,6991,9.83255,27.4806,8.86315,47.924
80068,3293,3415,3298,3205,3745,3774,3678,3474,4716,5332,4445,3727,6478,9851,5815,3947,29.1226,-8.17142,8.70459,48.1287
80069,3225,3207,3413,3398,3299,3623,3822,3871,3592,4269,5890,5454,3686,4950,8895,7537,22.4418,12.4387,8.69259,48.0873
80070,3220,3294,3340,3357,3629,3746,3916,3692,3940,5279,6185,4572,4311,6312,8284,5162,19.9555,3.61632,8.63684,48.1593
80071,3929,3841,3334,3195,6008,4504,3616,3180,9944,5191,3818,3365,6299,4782,3708,3271,7.63523,-31.5974,8.66132,47.99
80072,3970,5622,8692,6047,3871,4713,6387,4976,3350,3712,4009,3851,3149,3281,3393,3343,-19.9424,7.47886,8.7304,48.244
80073,3615,4649,8578,9345,3504,4078,5134,5275,3255,3566,3898,3840,3110,3257,3443,3293,-30.6678,15.85,8.53412,47.8933
80074,3630,3818,3705,3412,4123,5126,4435,3717,4796,7902,5782,3978,4262,5236,4517,3842,7.13691,-5.07981,8.78068,48.1873
80075,10866,5702,3986,3447,7825,5150,3949,3396,4200,3902,3428,3175,3430,3399,3185,3104,-19.7242,-27.8501,8.84686,48.096
80076,7084,9392,5237,3878,5088,5676,4227,3674,3970,3947,3670,3354,3429,3282,3311,3092,-24.1341,-10.769,8.85494,48.2073
80077,8765,9151,4611,3543,5357,5277,4110,3559,3843,3870,3570,3274,3327,3370,3210,3038,-33.7151,-14.848,8.73343,47.9167
80078,3265,3588,4383,5318,3386,3735,5013,8737,3365,3744,4839,7495,3178,3471,3994,4429,-2.70014,29.2412,8.66496,47.96
80079,4466,5100,4332,3652,5377,8085,5115,3706,4553,5432,4286,3624,3713,3848,3606,3307,-6.17572,-7.74652,8.5515,48.1347
80080,3345,3347,3342,3227,3580,3898,3713,3302,4659,5297,4656,3856,5710,9596,6261,4142,33.9049,-5.70669,8.73175,47.954
80081,3832,3732,3411,3175,5650,4382,3577,3323,9915,5469,3805,3360,6619,4784,3725,3233,8.54415,-26.2308,8.97587,47.9947
80082,3444,4402,8565,9692,3468,4055,5019,5465,3314,3427,3865,3953,3231,3268,3374,3425,-32.039,16.7234,8.77449,47.978
80083,5863,4497,3664,3378,9828,5249,3789,3344,6479,4590,3578,3310,4077,3868,3386,3210,-5.55828,-25.8592,8.91491,48.0733
80084,3337,3739,4125,4070,3554,4280,6416,5147,3693,4673,7445,5651,3396,3875,4639,4363,2.33807,10.3544,8.8005,48.2687
80085,3401,3335,3125,3149,4191,3869,3499,3143,7501,4990,3729,3351,11205,5925,3887,3427,20.552,-26.9376,8.90564,47.818
80086,5570,9393,6913,4228,4538,5529,4741,3980,3644,3756,3640,3559,3255,3272,3318,3183,-25.2012,-4.49432,8.93298,48.346
80087,4075,5655,7325,5063,3957,5452,7064,4825,3472,3973,4236,3772,3231,3351,3598,3363,-15.7041,4.85209,8.85791,48.2747
80088,3076,3269,3310,3398,3309,3556,3960,3911,3463,4100,5575,5809,3624,4500,8428,8771,23.1086,15.565,8.69263,48.0393
80089,7209,6453,4271,3522,7254,6661,4151,3499,4473,4292,3593,3260,3575,3534,3335,3141,-14.6169,-16.4801,8.84961,48.1487
80090,3258,3322,3603,3532,3410,3763,4499,4235,3640,4582,7767,5946,3734,4503,6551,5623,12.183,10.9846,8.96304,47.9787
80091,11602,7175,4035,3402,5915,4868,3849,3421,4017,3845,3480,3238,3289,3385,3176,3057,-29.4067,-22.2212,8.56077,47.836
80092,3297,3907,5558,9559,3394,3795,5320,8373,3240,3412,3992,4417,3123,3308,3583,3634,-16.5283,27.0199,8.54372,47.9413
80093,3283,3223,3347,3328,3535,3634,3740,3665,3858,4614,5299,4548,4045,6377,9899,5754,33.7965,5.70366,8.99415,48.0993
80094,3884,3726,3382,3185,5697,4353,3565,3338,10036,5196,3742,3439,6625,4743,3720,3372,8.58653,-29.5715,8.67429,48.002
80095,4069,3699,3372,3184,6255,4522,3627,3245,9893,5215,3744,3379,6060,4669,3748,3295,6.54849,-32.5504,8.90297,47.984
80096,3307,3864,5442,8773,3422,3783,5142,8920,3294,3557,4010,4704,3197,3298,3516,3571,-14.8331,27.9201,8.50973,47.8667
80097,2989,3254,3579,3499,3255,3590,3996,4172,3354,3982,5489,6958,3537,4253,7079,9012,19.2001,19.0697,8.52522,47.9987
80098,3701,3753,3554,3397,3937,5005,4147,3685,4895,7907,5684,3895,4507,5532,4625,3807,8.13982,-5.01575,8.50158,48.0207
80099,7350,9601,5291,3742,5006,5285,4241,3687,3791,3957,3569,3287,3420,3350,3144,3241,-30.5376,-10.9702,8.58847,47.9747
80100,3194,3408,3424,3308,3701,3765,3833,3470,4116,5002,5092,4176,4643,8121,7934,4802,24.8269,-0.0344687,8.50848,47.9927
80101,3831,4704,6150,4964,3971,5146,7878,5408,3533,3831,4679,4099,3276,3497,3701,3552,-11.0159,7.39221,8.60539,48.1467
80102,3151,3204,3510,3428,3197,3496,3845,4176,3379,3809,5095,7588,3428,3972,5780,10693,19.3571,33.0277,8.60452,47.834
80103,3486,3550,3301,3106,4244,3904,3545,3252,7524,5431,3924,3427,9596,6492,4076,3401,18.653,-21.6287,8.52748,48.1727
80104,3080,3270,3436,3495,3094,3665,3804,4230,3441,3866,5250,7444,3368,3986,6355,10113,19.1033,22.3413,8.95641,47.9313
80105,3155,3294,3552,3510,3437,3817,4136,4182,3675,4579,6813,5988,3628,4700,7587,6273,16.2318,11.4124,8.5678,48.2173
80106,5898,4565,3742,3247,9879,5426,3717,3451,6340,4592,3578,3348,4015,3875,3375,3202,-6.1385,-28.7145,8.71176,48.1667
80107,4079,3842,3480,3254,6015,4714,3654,3392,9069,5791,3866,3457,5975,4715,3715,3367,6.3879,-22.9332,8.53809,48.2567
80108,3590,4079,4306,4041,3799,5372,7035,4621,3794,5066,6442,4517,3544,3980,4148,3917,-1.16923,4.60127,8.92444,48.1673
80109,3364,4132,6690,11929,3439,3732,4860,6072,3113,3416,3860,3998,3058,3213,3409,3423,-29.59,23.0212,8.61299,47.8053
80110,12367,6181,3904,3479,6132,4686,3781,3331,3888,3756,3565,3194,3342,3323,3219,3150,-27.8703,-27.558,8.5376,47.532
80111,3221,3287,3339,3405,3225,3522,3660,3954,3390,3772,4707,6297,3453,3986,6030,12336,25.2138,33.8339,8.69123,47.7227
80112,11654,7099,4025,3409,5923,4872,3842,3275,3986,3705,3427,3277,3340,3377,3095,3105,-27.8762,-22.1082,8.85876,47.6073
80113,3025,3292,3403,3462,3157,3503,3782,4135,3394,3849,5025,7113,3364,3957,5833,11347,21.3284,28.9004,8.5696,47.7607
80114,3275,3721,4270,4417,3460,4110,6253,5981,3455,4194,6748,6346,3371,3741,4453,4535,1.17828,14.1594,8.8723,48.22
80115,6025,9770,6391,4079,4577,5442,4433,3888,3741,3816,3758,3424,3222,3403,3350,3064,-27.0599,-6.08761,8.84705,48.2553
80116,5141,6162,4498,3678,5677,8109,5033,3860,4251,4719,3934,3588,3672,3616,3482,3215,-10.9323,-9.0412,8.73964,48.4233
80117,4601,5471,4425,3671,5457,8022,5311,3875,4313,5202,4296,3501,3722,3811,3587,3351,-7.83904,-6.99972,8.69186,48.4107
80118,3426,3885,6395,12174,3332,3828,4808,5874,3292,3438,3829,3977,3196,3234,3438,3466,-31.6176,25.5597,8.53567,47.728
80119,3423,3965,6090,12532,3305,3797,4587,5770,3286,3414,3705,3868,3282,3255,3255,3336,-30.9896,33.1228,8.82812,47.2467
80120,3267,3768,4901,5679,3429,4054,6422,8362,3307,3703,5002,5762,3218,3441,3873,4089,-6.04342,18.7379,8.86891,48.1847
80121,3447,3529,3474,3119,3990,4217,3724,3405,5487,7100,4602,3772,5921,7598,4942,3811,16.3931,-9.52903,8.64408,48.092
80122,3131,3236,3397,3319,3425,3580,3766,3640,3743,4482,5356,4753,4065,6285,9802,6219,27.2466,7.09071,8.88185,48.1327
80123,3216,3448,4119,4561,3352,3714,4993,7218,3383,3807,5281,8464,3101,3654,4295,5142,1.89508,24.1116,8.69928,47.832
80124,3476,3830,6289,12072,3341,3742,4791,6428,3291,3487,3911,4031,3061,3198,3413,3376,-25.5295,26.6599,8.67628,47.8247
80125,7581,7398,4557,3674,6312,6337,4224,3651,4053,4152,3611,3270,3474,3453,3247,3018,-17.6571,-14.8129,8.5169,48.008
80126,3339,3388,3575,3479,3487,3890,4369,3997,3974,5155,7571,5325,3821,5083,6754,5177,13.3895,6.83287,8.68816,48.256
80127,3363,3415,3425,3170,3805,3756,3391,3265,5960,4694,3692,3391,12788,5934,3849,3410,31.7852,-31.0316,8.99868,47.5387
80128,4113,3880,3398,3196,6772,4792,3664,3227,9432,5269,3835,3385,5516,4535,3672,3379,4.80376,-33.6686,8.63204,48.0433
80129,3251,3548,4147,4630,3291,3727,5224,7981,3338,3893,5209,7992,3171,3501,4182,4756,0.368795,23.0622,8.83716,47.894
80130,3473,3825,4967,5261,3511,4082,6823,7660,3456,3854,5283,5635,3312,3445,3867,3907,-5.7989,16.7352,8.6979,48.2407
80131,4168,4750,4137,3700,4727,7477,5728,3981,4256,5708,4785,3748,3719,3941,3827,3446,-4.28333,-4.06209,8.94391,48.0653
80132,3423,3964,6730,11919,3430,3816,4756,5937,3234,3437,3798,3950,3097,3234,3370,3439,-32.6753,23.1356,8.6418,47.6893
80133,3371,3398,3244,3257,3912,3731,3434,3314,5904,4748,3722,3389,12583,5967,3804,3337,31.7731,-32.2806,8.77788,47.41
80134,3253,3321,3457,3457,3116,3516,3816,4125,3446,3840,4959,7550,3301,3890,5702,11454,20.5844,30.6018,8.95649,48.1353
80135,6814,6818,4358,3549,6870,6803,4320,3519,4302,4200,3590,3327,3570,3575,3342,3164,-15.0475,-15.2921,8.95973,48.0807
80136,8531,6194,4165,3426,7809,5954,4026,3397,4400,4089,3591,3219,3654,3480,3371,3126,-15.7528,-19.717,8.90461,48.288
80137,3367,3865,6071,12331,3342,3756,4791,6545,3361,3405,3742,3979,3045,3191,3300,3400,-24.3512,29.1018,8.86433,47.6607
80138,3293,3980,6029,12223,3414,3649,4838,6592,3201,3407,3834,3961,3211,3228,3471,3439,-24.8757,29.1805,8.89165,47.8467
80139,3315,3824,5935,12727,3303,3792,4669,6061,3287,3555,3702,3862,3083,3274,3496,3373,-32.8646,29.3306,8.88867,47.5053
80140,3634,3885,4157,3851,3893,5290,6078,4232,3964,5756,6841,4543,3650,4111,4300,3930,1.38329,2.84596,8.90189,48.0767
80141,3967,5464,10162,6968,3681,4292,5310,4817,3365,3643,3905,3722,3072,3153,3292,3295,-28.7721,9.87086,8.8243,48.072
80142,3731,4191,4497,4140,3910,5834,7324,4647,3861,4975,5859,4341,3466,3916,4029,3618,-3.5401,3.2496,8.9945,48.226
80143,12159,6251,3927,3346,6128,4773,3759,3418,4030,3756,3450,3293,3436,3394,3257,3095,-32.8953,-25.8353,8.55514,47.648
80144,9892,5920,3968,3427,8112,5163,3812,3415,4436,3943,3461,3151,3555,3424,3226,3102,-17.6415,-25.7089,8.72903,48.0047
80145,4371,7390,9301,5200,3992,4680,5116,4356,3485,3699,3803,3612,3342,3379,3356,3329,-31.3314,3.05641,8.53971,48.274
80146,3559,3842,3646,3312,4077,4825,4415,3608,4966,7684,5826,3905,4548,5520,4687,3833,8.57613,-4.87392,8.81385,48.1687
80147,5333,5665,4200,3569,6823,7752,4548,3608,4741,4896,3898,3468,3810,3856,3342,3104,-9.32871,-13.0344,8.79499,48.4087
80148,3541,4424,6807,6645,3639,4288,6927,6597,3189,3633,4289,4330,3138,3461,3548,3459,-14.603,14.4606,8.58839,47.9433
80149,3405,3374,3236,3114,3879,3714,3657,3365,5268,5382,4147,3570,8930,8997,4501,3631,33.764,-14.817,8.91062,48.1133
80150,3468,3306,3254,3105,3788,3920,3493,3135,5738,5036,3948,3394,10543,7689,4235,3456,28.8735,-19.3407,8.51106,47.672
80151,9856,7984,4359,3447,5933,5187,4081,3566,3984,3879,3469,3249,3436,3354,3188,3125,-24.6139,-17.9086,8.73139,48.0647
80152,3237,3466,4165,4536,3250,3833,4959,7589,3287,3789,5242,8584,3225,3520,4436,5058,1.3729,24.5253,8.58937,48.1173
80153,3229,3256,3475,3347,3284,3553,3813,3758,3571,4257,5357,5066,3721,5072,9606,7378,32.5287,11.0548,8.68698,47.8287
80154,4695,4040,3531,3165,7688,5337,3839,3428,8082,5566,3736,3371,4881,4230,3660,3285,0.723332,-21.8743,8.87491,48.356
80155,3364,3996,5737,10973,3409,3812,5083,7707,3208,3403,3904,4144,3075,3188,3447,3424,-19.8767,29.7933,8.67768,47.916
80156,3395,3992,5342,6109,3376,4156,6762,8077,3324,3774,4511,5098,3159,3491,3698,3762,-9.65093,17.4874,8.95959,48.0173
80157,5340,8485,6516,4292,4556,6022,4987,3906,3746,3918,3852,3498,3380,3322,3323,3179,-21.0428,-3.91675,8.51445,48.2147
80158,3336,3772,4872,6748,3364,3901,5198,9818,3285,3634,4318,5656,3163,3303,3759,3958,-9.01399,30.4393,8.60841,48.0567
80159,3773,4574,4875,4157,3998,5847,7710,4751,3740,4735,5326,4406,3343,3705,3788,3726,-5.67605,3.44127,8.53619,48.3027
80160,3295,3445,3643,3589,3500,4007,4798,4258,3784,5314,7983,5486,3853,4698,5861,4866,10.4704,7.57048,8.72717,48.2533
80161,3148,3305,3352,3495,3212,3575,3766,3883,3299,3724,4856,5968,3412,3852,5856,12593,30.8461,30.0842,8.55689,47.5307
80162,3110,3345,3464,3252,3292,3701,4070,3937,3710,4435,6735,5720,3819,4968,8083,6542,17.9643,10.8762,8.83977,48.122
80163,3596,3933,4591,4358,3718,4906,7653,5322,3599,4411,6148,4944,3440,3651,4006,3982,-3.04379,8.30353,8.84076,48.172
80164,3472,3426,3233,3106,4281,3882,3520,3294,7804,5063,3799,3376,10440,5712,3996,3389,19.0707,-30.0545,8.70952,47.862
80165,3551,3478,3475,3220,3787,4292,4035,3614,4733,7032,5773,4144,4646,6701,5598,4295,14.0756,-3.04949,8.81701,48.2493
80166,3139,3308,3452,3306,3237,3486,3873,3779,3492,4051,5073,5619,3558,4444,8473,9740,30.4814,16.6145,8.68867,48.02
80167,3516,3725,4106,3861,3672,4680,6415,4540,3862,5281,7591,4865,3564,4066,4639,4171,2.85315,6.16809,8.92843,48.3693
80168,11109,5681,3979,3364,7637,4894,3899,3474,4243,3939,3405,3277,3385,3437,3272,3021,-20.0253,-31.1266,8.83029,48.0107
80169,3537,3995,5459,5406,3523,4440,7477,6938,3441,3922,4987,4908,3223,3450,3786,3764,-8.25297,13.8226,8.53927,48.1707
80170,3312,3597,4074,4304,3319,3921,5620,6413,3443,4056,6392,7418,3221,3720,4427,4832,2.44259,17.8626,8.80865,48.046
80171,12355,6036,4045,3370,6522,4783,3840,3401,3997,3778,3320,3207,3340,3383,3209,3073,-25.1279,-29.4067,8.8695,47.7727
80172,8479,5327,3870,3407,9216,5452,3802,3317,4913,4142,3669,3285,3601,3551,3237,3097,-13.7225,-25.9615,8.71714,48.2433
80173,3141,3310,3434,3459,3205,3544,3816,4044,3420,3872,5119,6209,3505,4191,7180,10693,23.9853,20.4463,8.58888,48.0947
80174,3128,3470,3749,3969,3311,3529,4339,5504,3375,3901,6017,9373,3420,3748,4930,6692,9.32214,22.5639,8.89296,48.3033
80175,3373,3290,3228,3084,3968,3815,3443,3347,6267,4891,3769,3330,12288,6357,3911,3504,26.9693,-26.2698,8.65532,47.91
80176,3413,3914,5730,10746,3474,3578,5020,7626,3186,3485,3943,4207,3232,3192,3404,3461,-19.256,31.7867,8.75445,47.7407
80177,9468,8467,4557,3537,5741,5440,4105,3441,3845,3824,3434,3307,3387,3344,3166,3007,-25.703,-16.2962,8.83782,48.0467
80178,3470,4342,6767,8633,3582,4030,5846,7048,3318,3604,4002,4398,3096,3278,3437,3550,-17.7579,18.6233,8.76423,48.2673
80179,3488,4030,4929,4633,3586,4652,7640,5810,3532,4198,5776,5029,3359,3694,3970,3917,-4.60712,10.5124,8.79494,48.162
80180,3131,3136,3456,3372,3159,3509,3868,4026,3274,3825,4992,6395,3345,4162,6965,11574,25.4806,22.3205,8.87276,48.126
80181,8995,7290,4334,3524,6515,5689,3999,3588,4065,4131,3574,3414,3496,3302,3160,3101,-20.5775,-18.2089,8.58892,48.118
80182,3253,3462,3389,3268,3565,3740,3905,3607,4046,5449,5964,4394,4563,6958,7910,4824,20.0848,1.96994,8.96762,48.198
80183,3353,3384,3240,3159,3867,3801,3433,3199,5944,4668,3772,3344,12536,6045,3994,3311,29.5311,-31.4254,8.65243,47.3667
80184,3181,3168,3450,3434,3313,3416,3776,3934,3309,3760,4778,6128,3385,3888,6265,12371,32.3502,25.334,8.7228,47.704
80185,3545,4554,8238,8811,3523,4123,5557,5876,3372,3552,3972,3858,3146,3299,3519,3311,-22.5412,15.812,8.63678,48.1707
80186,3885,5076,7069,5179,3827,5322,7562,5064,3529,3954,4250,3964,3218,3449,3610,3396,-14.3373,6.35377,8.58122,48.236
80187,5018,5195,4046,3605,6844,7485,4452,3555,5005,5210,3932,3450,3936,3955,3594,3226,-6.85806,-14.2783,8.59374,48.3387
80188,3122,3319,3529,3696,3244,3558,4177,4679,3388,3775,5303,9130,3312,3802,5469,8835,14.5669,26.6764,8.66973,48.2253
80189,3696,5258,9771,7403,3542,4382,5494,5159,3343,3507,3856,3851,3104,3391,3309,3298,-26.6048,11.2319,8.67642,48.2427
80190,3277,3616,4250,4919,3241,3775,5211,8563,3299,3809,4950,7955,3306,3546,4078,4648,-0.765031,25.0956,8.94545,48.2953
80191,3197,3347,3585,3567,3328,3645,4407,4465,3567,4300,6923,7098,3541,4275,6386,6528,13.173,15.5075,8.56575,48.106
80192,4366,6424,7625,5067,4112,5471,6073,4446,3635,3867,4098,3701,3323,3333,3419,3431,-18.3424,2.54668,8.50223,48.2607
80193,3045,3163,3573,3564,3304,3493,4009,4332,3563,4042,5971,7022,3487,4115,6811,8440,17.5491,18.4362,8.69488,47.956
80194,3455,3182,3159,3173,3993,3846,3555,3246,5901,5125,3960,3380,9697,8091,4378,3580,24.6884,-17.5841,8.72722,47.814
80195,3302,3491,3276,3263,3726,3896,3707,3611,4600,6075,5081,4061,5056,8273,6356,4302,19.8264,-3.81423,8.76132,48.0507
80196,8049,9434,5106,3555,5357,5336,4227,3508,3868,3924,3629,3336,3322,3399,3179,3052,-25.8892,-12.4998,8.91137,48.1873
80197,3489,3601,3437,3244,3974,4140,3849,3504,5217,7481,5098,3766,5408,7293,5122,3884,14.8261,-7.30446,8.98658,48.338
80198,3257,3507,4302,5307,3330,3715,5088,8918,3221,3751,4762,7257,3272,3458,3991,4509,-2.85218,30.815,8.7003,47.7633
80199,3571,3564,3388,3058,4311,4136,3698,3288,7019,6179,4218,3476,8028,6745,4201,3551,16.8793,-17.6224,8.7107,48.2873
80200,3395,3323,3146,3128,4126,3817,3455,3207,7125,4770,3919,3416,11589,5924,3976,3311,21.5269,-33.5447,8.95105,47.7513
80201,4082,4658,4585,3816,4359,7195,6207,4163,3972,5495,5133,3856,3611,3897,3849,3574,-4.30134,-1.74898,8.5875,48.3013
80202,3165,3663,4564,5947,3295,3842,5436,9905,3202,3639,4594,6342,3231,3440,3886,4002,-6.37883,26.2096,8.85902,48.102
80203,3398,3297,3281,3203,3687,3859,3620,3452,4628,5591,4597,3805,5902,9624,6160,4140,25.066,-6.13135,8.74431,48.1627
80204,5064,8462,7267,4501,4240,5561,5085,4134,3521,3868,3761,3553,3152,3384,3399,3146,-22.764,-1.95954,8.80355,48.0653
80205,3267,3464,3191,3252,3675,3781,3641,3434,4596,5143,4662,3936,5425,9434,6967,4196,29.9189,-4.31276,8.9526,48.0427
80206,3720,4696,7040,5532,3816,4980,7552,5441,3512,3919,4428,4138,3230,3435,3450,3518,-13.7195,8.87115,8.92943,48.2713
80207,6345,6434,4400,3551,6583,7454,4425,3583,4452,4333,3751,3366,3482,3572,3288,3123,-12.9695,-13.4828,8.80958,48.0947
80208,8491,5611,3909,3391,8496,5408,3867,3455,4654,4179,3513,3269,3659,3588,3309,3190,-14.9921,-23.5885,8.52153,47.9927
80209,4932,4218,3569,3276,8821,4941,3819,3303,7847,4833,3693,3375,4511,4073,3525,3131,-1.51181,-31.6179,8.85537,47.9113
80210,4791,4871,3876,3447,6812,7224,4338,3414,5558,5733,3994,3463,4019,4088,3457,3288,-4.30694,-14.1382,8.6682,48.2487
80211,3930,3900,3421,3226,5923,4647,3628,3329,9150,5768,3926,3437,5914,4767,3836,3346,6.86851,-22.0723,8.73673,48.0987
80212,6214,4994,3793,3383,8985,6177,3980,3370,5619,4559,3690,3309,3890,3759,3420,3187,-8.10063,-20.997,8.62453,48.2193
80213,3366,3431,3300,3114,3997,3907,3500,3181,6248,5495,4115,3483,9158,8176,4341,3516,22.67,-16.7243,8.86874,48.2187
80214,3516,3472,3284,3056,4328,4041,3575,3201,6509,6072,4106,3427,8186,7407,4354,3537,18.5488,-16.6581,8.72212,48.0473
80215,3381,3451,3395,3218,3983,4040,3715,3438,5388,6538,4702,3723,6286,8294,5127,3850,18.5181,-9.71744,8.73301,48.3527
80216,3480,3446,3317,3249,3880,3793,3467,3285,6206,4681,3729,3292,12559,5765,3924,3348,33.6953,-31.3173,8.63207,47.614
80217,3617,4068,4933,4564,3724,4747,7857,5785,3485,4162,5768,4807,3416,3572,3950,3817,-5.07885,9.89211,8.77022,48.1813
80218,4281,4638,4108,3544,5316,7660,4792,3610,4822,6022,4483,3750,4048,4014,3796,3342,-3.14178,-8.66331,8.63256,48.1507
80219,3400,3444,3526,3473,3503,4101,4558,3995,3960,5565,7652,4951,3966,5293,6576,4804,12.4042,5.09567,8.88383,48.5113
80220,3645,4509,6800,5913,3670,4528,7375,6192,3315,3729,4427,4259,3246,3411,3484,3550,-13.9744,11.8645,8.80936,48.0353
80221,3494,3458,3301,3115,4107,4066,3506,3235,6301,5635,4123,3528,8699,7684,4449,3581,20.3981,-16.7851,8.55249,48.188
80222,5641,5493,4028,3595,7052,7598,4390,3635,4784,4895,3727,3373,3792,3765,3487,3266,-9.5592,-14.2623,8.61289,48.3473
80223,5402,8279,6130,4105,4839,6161,5083,3972,3721,3842,3785,3452,3352,3457,3242,3170,-19.5733,-4.96772,8.57274,47.9947
80224,3093,3247,3484,3388,3240,3536,4047,3968,3513,4203,5935,5947,3571,4717,8244,8153,20.7801,14.6586,8.86067,48.1907
80225,3222,3510,4020,4457,3304,3725,4933,6964,3434,3850,5484,8862,3147,3686,4294,5258,3.12295,23.169,8.65681,48.1
80226,3526,4605,7701,7280,3531,4297,6623,6282,3438,3657,4087,4098,3217,3299,3448,3479,-17.7455,14.1768,8.8527,48.3787
80227,3763,3729,3380,3237,5569,4404,3671,3432,9704,5238,3816,3318,6588,4786,3737,3330,8.76264,-33.23,8.59088,47.8013
80228,3727,3860,3707,3357,4412,5432,4330,3696,5360,8012,5110,3697,4526,5165,4371,3596,6.07561,-7.52673,8.72152,48.2387
80229,3350,3983,6447,11115,3339,3793,5244,7014,3241,3467,3827,4068,3146,3251,3447,3405,-21.413,23.8594,8.60669,48.0913
80230,3609,4357,6086,5724,3527,4545,7656,6518,3310,3799,4842,4511,3176,3447,3523,3724,-11.1303,12.3918,8.84687,48.236
80231,3086,3456,3865,3972,3333,3768,4703,5628,3425,4018,6206,8846,3351,3762,4874,5956,7.75682,20.6928,8.66737,48.166
80232,3042,3369,3476,3663,3267,3409,4042,4598,3380,3831,5028,8477,3359,3806,5510,9537,16.2464,29.471,8.53827,47.8627
80233,4007,3701,3296,3073,5569,4758,3709,3368,8864,5951,3893,3357,6416,5026,3719,3356,8.2756,-21.8545,8.53752,48.042
80234,4053,3851,3456,3159,6184,4577,3667,3283,9864,5194,3844,3428,5938,4576,3580,3281,6.74885,-32.5736,8.7988,47.9567
80235,3322,3863,5621,9701,3419,3914,5088,8466,3235,3516,3993,4512,3130,3292,3472,3422,-16.7146,30.6133,8.68662,47.9773
80236,3407,3356,3263,3153,4387,4067,3483,3218,7300,5325,4050,3408,9791,6390,4029,3530,18.832,-21.933,8.69012,48.1047
80237,7325,6773,4266,3501,6969,6646,4147,3468,4350,4163,3592,3305,3594,3479,3326,3125,-15.6283,-16.067,8.8399,48.0193
80238,3572,3424,3215,3042,4421,4049,3530,3258,7871,5276,4012,3424,9891,6139,3940,3456,18.2988,-23.7178,8.58612,48.3467
80239,3310,3212,3535,3438,3559,3840,3963,3850,3917,4983,6377,4795,4132,5865,8365,5430,19.1913,5.28281,8.70928,48.3807
80240,9712,5571,3879,3405,8560,4935,3841,3328,4490,3923,3445,3159,3481,3462,3247,3198,-17.0389,-29.4132,8.92561,47.7573
80241,4228,6876,9479,5411,3910,4652,5173,4571,3494,3643,3910,3557,3155,3401,3297,3359,-33.1053,3.92434,8.73204,48.0773
80242,3101,3204,3468,3476,3293,3463,4013,4255,3313,3745,5353,8041,3393,3906,6047,9728,17.9985,23.8951,8.93079,47.866
80243,3732,3758,3706,3454,4322,5218,4418,3749,4905,7817,5762,4007,4251,4968,4382,3764,6.10092,-4.93584,8.7178,48.142
80244,3501,3518,3285,3126,4089,4094,3766,3471,5686,6894,4653,3735,6359,7778,4937,3634,16.8644,-10.195,8.793,48.3507
80245,3424,4291,7915,10269,3375,3980,5113,5691,3256,3490,3784,3846,3149,3293,3314,3298,-32.5272,18.0871,8.73441,47.6587
80246,3331,3337,3164,3156,3897,3756,3393,3180,6259,4899,3778,3417,12058,6415,3955,3401,26.6181,-25.4572,8.79747,47.5973
80247,12504,6484,4003,3323,5955,4840,3763,3352,3880,3604,3532,3191,3487,3390,3266,3072,-30.1141,-25.2014,8.8772,47.764
80248,3435,3419,3309,3086,4028,3843,3461,3254,5918,4743,3721,3353,12370,6252,4010,3327,29.4451,-26.1375,8.61534,47.686
80249,12360,5883,3966,3400,6480,4886,3771,3409,3900,3819,3262,3281,3379,3428,3207,3055,-24.9605,-29.6351,8.66004,47.6573
80250,3364,3715,4949,7460,3380,3770,5162,9799,3288,3630,4218,5248,3253,3290,3642,3740,-10.8102,31.7688,8.88829,47.9387
80251,9402,8706,4475,3502,5401,5171,3999,3384,3827,3716,3626,3256,3345,3387,3303,3154,-30.9913,-16.2565,8.72173,47.7693
80252,4337,4865,4447,3690,4988,7632,5541,3991,4273,5615,4555,3647,3745,3925,3690,3472,-4.87258,-5.51066,8.76134,48.2753
80253,3453,4360,7332,9515,3535,3923,5615,6423,3226,3688,3994,4116,3132,3220,3475,3362,-21.1011,18.5641,8.63393,48.246
80254,3715,4145,4320,3907,3925,5575,6856,4531,3896,5223,6322,4405,3633,3874,4170,3820,-1.56378,3.85881,8.65629,48.2113
80255,3248,3263,3341,3298,3338,3532,3764,3682,3757,4544,5492,4588,4024,6325,9852,6299,25.8381,6.90802,8.79709,48.2313
80256,4148,6482,9375,5729,3953,4608,5240,4527,3383,3597,3792,3658,3202,3421,3270,3336,-33.3471,5.25756,8.61568,47.814
80257,2918,3335,3494,3544,3275,3586,4216,4524,3524,4125,6209,7780,3532,4083,6170,7691,14.8999,18.8666,8.55414,48.004
80258,3322,3825,4755,5350,3513,4121,6387,8144,3361,3792,5058,6023,3144,3435,3948,4069,-5.1356,19.0211,8.59826,48.1647
80259,3279,3463,3682,3839,3381,3883,4784,5082,3554,4064,6878,7809,3393,3964,5247,5885,8.88444,17.3676,8.61016,48.1247
80260,5541,6734,4581,3606,5760,7807,4829,3546,4211,4529,3900,3448,3572,3593,3460,3224,-12.9157,-10.0382,8.90381,48.2273
80261,3345,3511,3696,3454,3751,4337,4532,3909,4192,6202,7358,4661,4068,5271,5873,4497,11.0609,2.20047,8.92854,48.438
80262,4991,4949,3950,3352,6655,7686,4478,3598,5379,5503,3921,3496,3898,3852,3508,3353,-5.4776,-13.7608,8.96373,48.3793
80263,3136,3640,4198,4583,3399,3766,4744,7908,3308,3773,4945,8217,3325,3610,4232,4902,0.829842,33.1135,8.63962,47.7907
80264,3786,4364,4707,4059,4023,6037,7261,4644,3871,4871,5610,4170,3545,3884,3928,3719,-3.87379,2.98331,8.82825,48.3193
80265,3978,5936,9050,5929,3876,4718,6183,4802,3500,3714,4073,3851,3087,3326,3414,3209,-21.5311,6.96131,8.80706,48.4307
80266,3717,4695,9127,8650,3566,4056,5241,5341,3393,3494,3734,3856,3057,3314,3417,3361,-27.7883,14.0551,8.55052,48.0127
80267,3587,4858,9442,7858,3682,4222,5304,5252,3259,3480,3883,3802,3248,3242,3326,3440,-33.1371,12.5946,8.9137,47.9233
80268,7052,4848,3664,3384,9658,5572,3874,3323,5585,4410,3498,3180,3958,3682,3331,3185,-9.79562,-26.0745,8.68051,48.136
80269,3338,3678,4575,5343,3235,3849,5150,9257,3315,3738,4601,7020,3228,3495,3945,4358,-3.58587,32.8145,8.51291,48.0833
80270,3418,4092,6630,11640,3453,3762,4952,6661,3199,3382,3889,4015,3122,3177,3366,3413,-23.4865,23.4258,8.97558,48.114
80271,12701,6233,3913,3341,6227,4884,3741,3287,3960,3654,3576,3185,3365,3449,3106,3078,-26.4544,-26.8789,8.96127,47.8
80272,4583,5281,4248,3608,5556,8278,5093,3837,4444,5226,4216,3614,3699,3905,3581,3334,-6.82148,-8.40952,8.95299,48.3353
80273,4251,5756,5766,4322,4276,6667,6795,4288,3778,4267,4355,3887,3412,3590,3566,3443,-12.382,0.177787,8.82414,48.2793
80274,3538,4060,5687,6519,3459,4063,6582,8222,3357,3551,4452,5021,3191,3315,3703,3683,-10.7882,18.3877,8.91478,48.2687
80275,3134,3225,3555,3475,3229,3488,3968,4378,3396,3797,5056,8062,3364,3931,5687,9952,17.8713,27.9229,8.66892,47.798
80276,3340,4076,6194,8845,3471,3936,5972,7796,3218,3503,4163,4510,3061,3148,3487,3398,-16.3089,20.5252,8.9139,48.0787
80277,3188,3319,3748,4118,3266,3780,4598,5896,3468,3983,5771,9140,3383,3758,4806,5866,6.94632,22.9054,8.50413,48.0587
80278,3427,3431,3235,3137,3843,3774,3501,3243,5647,5314,4032,3542,9179,8572,4685,3498,29.1518,-15.5847,8.56765,48.04
80279,4304,5521,4994,4020,4598,7367,6308,4169,4053,4670,4406,3721,3490,3679,3664,3387,-9.48533,-2.25518,8.58839,48.234
80280,3096,3256,3329,3496,3256,3575,3893,4023,3621,4140,5457,6045,3566,4494,8141,8940,22.5592,16.686,8.62368,48.2187
80281,3101,3187,3448,3390,3260,3463,3847,4082,3317,3882,4899,7110,3426,3962,5893,11696,22.1261,27.8819,8.87986,47.9753
80282,3396,3378,3399,3203,3817,3875,3607,3262,5257,5602,4273,3508,7808,9258,5087,3768,25.0602,-12.224,8.97483,48.332
80283,11766,6544,4071,3424,6625,5029,3761,3356,3926,3862,3420,3231,3420,3413,3136,3129,-23.9505,-24.9975,8.63566,48.0753
80284,3505,4776,9104,8708,3652,4110,5133,5400,3305,3566,3851,3868,3098,3319,3305,3367,-28.1094,14.4022,8.6564,48.0447
80285,3392,3361,3326,3123,3956,3920,3535,3191,5424,5362,4116,3585,8502,8718,4665,3504,33.9054,-14.6803,8.52108,47.7867
80286,5469,4658,3630,3283,8269,6253,4022,3423,6362,5076,3880,3385,4118,3949,3425,3239,-4.77656,-19.5513,8.97058,48.294
80287,3375,3702,4374,4230,3556,4206,6443,6009,3489,4240,6559,6158,3348,3803,4370,4422,0.502275,13.4034,8.68535,48.1893
80288,3175,3257,3289,3370,3220,3573,3740,3984,3395,3815,5102,6006,3444,4187,7529,10906,27.5403,20.2814,8.80497,47.9947
80289,4486,3974,3453,3175,7435,4867,3718,3277,9081,5213,3662,3416,5277,4306,3549,3172,2.90765,-25.5003,8.85015,48.0407
80290,3375,3384,3297,3149,4092,3826,3488,3272,5970,4779,3786,3344,12074,6647,3982,3377,28.3181,-24.1569,8.57883,47.8947
80291,3434,3845,5881,12707,3392,3711,4735,6008,3249,3543,3731,4045,3023,3341,3323,3384,-29.817,30.8205,8.92067,47.568
80292,6709,6838,4470,3454,6531,7103,4301,3522,4345,4361,3686,3328,3540,3514,3244,3069,-14.6607,-14.2771,8.80426,48.01
80293,5568,5118,3769,3479,7657,7039,4287,3463,5301,5077,3780,3414,3978,3868,3459,3246,-7.12,-16.6892,8.66677,48.3353
80294,3477,3871,5563,9730,3361,3912,5090,8699,3318,3480,4019,4478,3196,3152,3450,3540,-16.8737,29.985,8.95762,48.224
80295,3502,3771,4095,3935,3788,4791,6216,4556,3774,5333,7331,4851,3563,4028,4556,4004,2.25054,5.50514,8.76584,48.0627
80296,3107,3341,3399,3439,3246,3492,3844,3916,3503,3855,4855,5764,3297,4073,7174,11249,32.7048,21.7449,8.50109,47.7027
80297,6624,7162,4610,3674,6194,6981,4312,3515,4232,4226,3756,3306,3457,3647,3395,3161,-15.1912,-13.3406,8.93718,48.168
80298,3160,3489,3704,3732,3358,3701,4666,4854,3498,4175,7049,7535,3493,4099,5702,6222,10.7517,16.3625,8.73455,48.2913
80299,3410,3373,3226,3149,4021,3837,3494,3385,6234,5008,3861,3371,11382,7144,4090,3505,24.6456,-21.6459,8.86609,48.3267
80300,3448,3526,3439,3230,3898,4186,3839,3504,5044,7193,5143,3836,5331,7580,5576,4071,16.6041,-6.23893,8.78654,48.5627
80301,2984,3351,3557,3722,3244,3689,4469,4815,3591,4187,6684,7760,3441,4132,5849,6791,12.0307,17.8293,8.51315,48.1773
80302,3484,3462,3343,3262,4163,4077,3754,3309,6546,6320,4178,3578,7544,7500,4618,3558,17.9299,-14.9474,8.68649,48.464
80303,3463,4219,6422,7595,3532,4113,6347,7349,3451,3603,4282,4344,3108,3427,3553,3421,-15.027,17.3913,8.93592,48.1527
80304,3827,4460,4408,4011,4258,6394,6537,4133,4050,5467,5475,4025,3664,3926,3954,3653,-2.86804,0.0627288,8.68209,48.1613
80305,3710,4118,3753,3403,4560,5954,4867,3717,4856,7390,5448,3851,4140,4649,4117,3631,3.59053,-5.31491,8.67863,48.1093
80306,12588,5992,3900,3362,5914,4759,3833,3279,3871,3735,3424,3255,3437,3324,3304,3289,-31.4644,-30.802,8.56798,47.5107
80307,3646,4557,7903,7822,3457,4274,6133,6133,3354,3616,4067,3975,3140,3194,3420,3441,-19.5487,14.6806,8.63959,48.088
80308,4407,6064,6303,4482,4329,6560,6580,4363,3804,4181,4194,3833,3453,3492,3400,3361,-13.9868,0.23786,8.99865,48.5373
80309,10193,8020,4279,3447,5893,5071,3991,3403,3905,3700,3463,3224,3410,3439,3158,3219,-26.9904,-18.142,8.70163,47.8767
80310,3352,3574,4004,3991,3596,4309,5686,4618,3613,4834,7965,5742,3538,4102,4884,4607,4.8363,9.24886,8.84792,48.2767
80311,3466,3366,3330,3163,3633,3814,3736,3434,4531,5205,4561,3979,5703,9852,6339,4052,33.9011,-5.68823,8.6175,48.1093
80312,3365,4001,6829,12076,3303,3757,4920,5931,3248,3438,3729,3896,3237,3294,3311,3372,-31.8672,23.1488,8.92058,47.8047
80313,3314,3581,4357,5391,3317,3753,5151,9134,3347,3746,4728,7290,3177,3477,3993,4451,-2.93844,27.8268,8.59701,48.138
80314,3416,3965,5633,10439,3414,3919,4975,7894,3305,3578,3923,4408,3235,3215,3414,3361,-18.6736,31.699,8.7422,48.0627
80315,6145,4736,3708,3268,9463,5657,3898,3304,6023,4625,3680,3219,4022,3840,3351,3220,-7.09673,-23.8777,8.775,48.106
80316,3199,3389,3956,4568,3387,3625,4837,7693,3402,3781,5101,8771,3227,3630,4239,5183,2.20187,27.5343,8.67985,47.992
80317,3137,3220,3413,3472,3092,3402,3752,3850,3394,3703,4856,5849,3319,3913,6377,12417,33.0289,25.9996,8.79092,47.444
80318,3488,3435,3263,3193,3863,3750,3517,3242,6213,4744,3763,3398,12431,6068,3828,3393,31.306,-29.8821,8.62236,47.726
80319,3516,3629,3396,3154,4300,4370,3590,3456,6072,7378,4591,3669,6056,6963,4655,3662,14.4034,-11.6506,8.51156,48.3047
80320,3870,5303,7567,5467,3702,4993,7082,5186,3586,3854,4350,3884,3146,3459,3580,3310,-16.2468,7.36366,8.65795,48.226
80321,3321,3611,4105,4104,3453,4100,5629,5665,3417,4281,6917,6656,3377,3828,4649,4810,3.74273,14.4282,8.55002,47.9487
80322,3744,4723,8304,7347,3577,4279,6255,5620,3375,3651,4005,4037,3041,3401,3490,3371,-19.5314,12.344,8.57648,48.1467
80323,3875,5795,10078,6209,3719,4390,5235,4821,3389,3549,3881,3690,3161,3333,3375,3329,-32.9907,7.93119,8.90404,47.886
80324,5279,4496,3691,3286,8634,5797,3774,3456,6771,4848,3780,3236,4268,3790,3564,3199,-3.9695,-21.826,8.828,47.9127
80325,3312,3381,3284,3129,3872,4098,3768,3515,4969,6525,4832,3907,5790,8454,5578,4077,19.0337,-7.08971,8.98651,48.3273
80326,3431,3889,5385,9371,3340,3793,5018,8552,3200,3569,3991,4545,3148,3280,3461,3626,-15.9008,31.6365,8.60082,47.7327
80327,3652,3796,3730,3506,4168,5178,4572,3717,4742,7643,6013,4074,4274,5179,4577,3750,6.57986,-3.57987,8.59398,48.3807
80328,3359,3357,3180,2974,3889,3847,3503,3193,5918,5127,3936,3389,10729,7623,4205,3426,26.8523,-19.8872,8.7885,47.77
80329,3133,3216,3412,3283,3174,3478,3743,3950,3368,3738,4857,5790,3340,3977,6800,12231,30.9451,23.5606,8.67378,47.66
80330,3302,3350,3368,3095,3609,3761,3702,3461,4314,5134,4865,4028,5217,8869,7406,4482,28.6025,-2.03583,8.67269,47.9753
80331,3885,3918,3623,3254,5024,5611,4000,3594,6172,7813,4523,3705,4754,4922,3980,3569,5.51561,-11.7455,8.76107,48.2313
80332,3158,3286,3573,3460,3338,3686,4209,4368,3512,4229,6757,6708,3564,4347,7046,7278,15.8262,15.2053,8.93772,48.346
80333,3083,3209,3551,3451,3208,3511,4067,4536,3369,3924,5165,8984,3453,3832,5449,9304,15.3512,33.5827,8.97636,48.064
80334,3616,4728,8422,7942,3512,4096,5890,5771,3276,3602,4052,4031,3142,3286,3342,3421,-20.9832,13.9165,8.90877,48.086
80335,3423,3347,3155,3132,4030,3863,3470,3343,7068,4885,3874,3292,11638,5902,3901,3422,21.9032,-30.9908,8.94979,47.83
80336,3214,3245,3432,3247,3573,3788,3903,3679,4035,5015,5522,4349,4439,7311,8399,5006,23.3125,2.19292,8.54294,48.1047
80337,3031,3283,3483,3422,3317,3590,4023,4210,3489,4050,5648,7247,3346,4073,6716,9200,18.4511,19.8423,8.86022,48.0853
80338,3728,4041,4447,4003,3946,5369,7018,4530,3855,5009,6376,4469,3621,3909,4103,3925,-1.64817,4.48503,8.61635,48.2327
80339,3182,3237,3611,3652,3376,3711,4357,4592,3567,4216,6655,7662,3462,4161,6127,7036,13.2223,17.3338,8.70478,48.4027
80340,3265,3493,3629,3444,3408,3925,4523,4003,3934,5220,7552,5194,3879,4978,6913,5226,13.7933,7.29308,8.80175,48.3907
80341,5167,7214,5424,4005,4825,7137,5329,3901,3931,4177,3952,3484,3320,3594,3364,3143,-15.3592,-5.69487,8.70477,47.978
80342,3215,3284,3332,3268,3553,3697,3815,3564,4060,4725,5068,4310,4462,7742,8785,5002,32.599,1.80781,8.82855,47.9213
80343,3325,3577,4111,4186,3316,3832,5334,6375,3380,4009,6199,8262,3341,3619,4510,5198,3.7404,19.4613,8.99813,48.3827
80344,3581,4473,7615,8138,3554,4182,5923,6293,3297,3696,4049,4250,2987,3323,3495,3502,-18.8086,15.9897,8.67204,48.2387
80345,3412,3888,5488,7059,3337,3888,5979,8688,3240,3548,4318,4989,3130,3326,3682,3787,-11.6708,21.2074,8.55574,47.8393
80346,4237,5733,6227,4453,4240,6336,6872,4398,3723,4225,4327,3739,3358,3466,3584,3250,-13.2244,0.912258,8.55455,48.112
80347,3404,3397,3230,3086,4069,3914,3523,3180,6676,5282,3863,3483,10928,6841,4001,3386,22.8739,-22.1459,8.54006,48.1753
80348,4276,5870,6700,4722,4101,5894,6937,4670,3613,4086,4194,3681,3297,3380,3488,3312,-14.884,2.6247,8.75851,48.1473
80349,3470,3426,3251,3184,4379,4175,3599,3257,7165,5984,4056,3398,8140,6591,4190,3462,16.847,-18.005,8.65143,47.818
80350,3419,3389,3305,3051,4413,3964,3505,3290,7942,5160,3746,3375,10145,5603,3932,3418,17.9465,-30.4358,8.67418,47.7713
80351,3265,3237,3437,3396,3235,3525,4121,4203,3441,4156,6053,6875,3623,4367,7269,8121,18.0663,16.9976,8.81872,48.216
80352,4847,6157,4717,3801,5324,8116,5306,3824,4139,4764,4006,3680,3588,3715,3551,3251,-10.7854,-7.00711,8.69229,48.524
80353,3252,3557,4098,4645,3223,3791,5020,8186,3359,3683,5007,8278,3199,3507,4230,4861,0.276084,29.0386,8.50293,47.9307
80354,3455,3358,3117,3025,3810,3845,3393,3334,5544,5047,4133,3507,9065,8967,4685,3437,27.1768,-15.3204,8.9114,47.8147
80355,3143,3201,3308,3395,3229,3488,3888,4229,3390,3788,5044,7526,3283,3858,5768,11098,20.2688,28.7921,8.70846,47.7573
80356,3308,3811,4801,6554,3372,3973,5399,9870,3354,3564,4400,5672,3172,3327,3745,3771,-8.56283,29.5775,8.58591,48.062
80357,4324,6884,7781,4871,4143,5496,5891,4499,3625,3881,4060,3669,3258,3449,3343,3304,-19.7516,1.82866,8.98041,48.3187
80358,3421,3346,3240,3247,3936,3652,3415,3288,6090,4733,3796,3408,12425,6099,3986,3424,27.2123,-33.3766,8.58151,47.6707
80359,5338,7252,5091,3884,5280,7104,4918,3972,3954,4354,3870,3420,3429,3590,3385,3194,-15.2765,-7.29325,8.56516,48.0233
80360,3105,3219,3461,3447,3411,3539,3888,3864,3711,4134,5427,5061,3697,5288,9742,7613,27.0547,11.6426,8.90028,48.4047
80361,4110,6648,9958,5914,3844,4605,5098,4478,3371,3542,3757,3792,3216,3346,3346,3271,-28.1249,5.85508,8.93078,48.1973
80362,3424,4380,7891,10396,3403,3931,4977,5637,3212,3583,3801,3866,3098,3287,3355,3386,-31.2776,18.2998,8.80221,47.7513
80363,3674,3800,3481,3297,4547,5123,4071,3553,5555,8298,4808,3739,4909,5432,4326,3559,7.93669,-9.29689,8.72562,48.1147
80364,7084,8296,4878,3731,5556,6417,4368,3584,4007,3999,3655,3276,3447,3486,3330,3097,-19.749,-11.8466,8.92655,48.1407
80365,4165,4566,3976,3567,4924,6960,5002,3770,4837,6489,4695,3719,4025,4164,3821,3528,-1.12295,-6.79373,8.5891,48.1387
80366,4032,4192,3730,3339,5497,6162,4159,3437,6099,7264,4363,3573,4480,4602,3844,3411,2.16055,-12.5398,8.93223,48.1227
80367,4370,5988,5561,4193,4403,7047,6548,4170,3797,4386,4264,3763,3409,3654,3519,3386,-12.1006,-1.0805,8.87754,48.3053
80368,3194,3402,3656,3771,3369,3691,4447,5689,3318,3730,5257,9827,3275,3740,4770,6870,9.14859,32.8901,8.61971,48.004
80369,3353,3879,6497,11960,3319,3763,4870,6070,3197,3425,3844,3973,3172,3196,3377,3374,-33.723,24.8198,8.57591,47.5127
80370,3921,5400,8079,5507,3793,4998,6811,5048,3483,3882,4117,3922,3158,3297,3466,3299,-17.7018,6.82132,8.87058,48.1207
80371,3352,4144,7555,11129,3391,3881,4870,5759,3244,3502,3803,3840,3192,3245,3402,3349,-31.4635,20.4264,8.94489,47.772
80372,6411,5007,3815,3312,9250,5972,3889,3338,5486,4674,3581,3211,3826,3802,3433,3099,-8.57558,-21.824,8.74587,48.0707
80373,4078,4410,4191,3671,4751,7209,5368,3789,4444,6329,4957,3876,3914,4101,3927,3456,-2.28327,-4.55569,8.95529,48.314
80374,3547,4627,8112,8342,3501,4150,5912,6006,3273,3505,3994,4030,3189,3266,3434,3385,-20.4392,15.1439,8.92733,48.182
80375,3574,3877,3726,3530,4106,4992,4892,3928,4555,6888,6699,4180,4079,4757,4673,3953,6.05427,-0.602694,8.69127,48.2727
80376,3992,4510,4908,4028,4154,6248,7228,4613,3839,4924,5126,4095,3543,3758,3869,3721,-5.62062,2.1583,8.53128,48.3707
80377,3366,3992,5310,6030,3532,4154,6820,8018,3335,3854,4680,5033,3171,3352,3746,3856,-9.11845,17.5559,8.64379,48.166
80378,5278,4891,3871,3395,7605,6814,4147,3441,5631,5091,3928,3322,4057,3756,3481,3338,-6.18581,-16.6252,8.51037,48.0307
80379,3798,3911,3873,3534,4089,5432,5097,4014,4331,6843,6489,4216,3918,4532,4456,3914,4.24214,-1.11464,8.56863,48.298
80380,3488,4419,7941,10204,3484,3963,5043,5693,3275,3440,3791,3960,3044,3195,3401,3369,-29.8661,18.2568,8.62092,47.8067
80381,3610,4388,6298,5375,3662,4729,8101,5989,3508,3833,4528,4371,3221,3498,3609,3627,-11.7452,10.4963,8.9993,48.2313
80382,3215,3374,3518,3646,3359,3661,4205,4414,3401,4171,6494,7293,3488,4220,6381,7322,15.1583,16.9939,8.6555,48.108
80383,3443,3398,3236,3150,3996,3770,3480,3259,6073,4754,3756,3397,12624,6065,3671,3360,32.3986,-29.0338,8.75206,47.6213
80384,8863,7246,4392,3591,6619,5657,4093,3449,4078,4028,3547,3275,3325,3419,3219,3174,-19.829,-17.6089,8.65223,47.9833
80385,3451,3936,5973,12667,3360,3825,4702,5899,3358,3459,3713,3967,3159,3273,3269,3374,-30.0047,31.7924,8.68321,47.59
80386,12501,6075,3894,3348,6017,4639,3802,3416,4086,3780,3452,3148,3452,3373,3217,3207,-33.8824,-26.9546,8.55292,47.6047
80387,3430,3430,3324,3106,4395,3854,3349,3360,7470,5176,3892,3297,10818,5982,3941,3421,19.7221,-24.9971,8.91955,48.1633
80388,3471,3628,3539,3324,3983,4536,4252,3702,4735,7445,5955,4060,4604,5966,5281,4066,11.5667,-3.35807,8.55881,48.3647
80389,3410,3980,5858,11777,3294,3738,4918,7188,3307,3433,3864,4020,3081,3247,3329,3410,-21.8551,30.3891,8.84774,47.9027
80390,3229,3295,3401,3266,3520,3771,3844,3581,3950,4792,5243,4332,4124,6742,9511,5377,33.8378,3.9139,8.79395,47.9853
80391,4917,4350,3484,3216,8830,5079,3819,3322,7650,4939,3684,3301,4529,4071,3543,3341,-1.69939,-33.198,8.76478,48.05
80392,3390,3434,3308,3142,4095,3948,3530,3240,6318,5662,4091,3497,8861,7837,4232,3528,21.0409,-16.7897,8.95503,48.0753
80393,3576,3533,3298,3039,4354,4244,3695,3332,6912,6425,4086,3494,7522,6817,4254,3406,16.1488,-16.459,8.64238,47.9913
80394,4572,7726,8688,5034,4086,4854,5219,4235,3484,3607,3840,3620,3205,3390,3368,3296,-29.0499,1.78085,8.79787,48.1493
80395,3328,3429,3298,3199,3690,3945,3603,3405,4946,5447,4456,3746,6682,9651,5579,3816,25.2693,-9.10115,8.5751,48.1467
80396,3002,3132,3357,3491,3326,3467,3994,4144,3567,4042,5581,6292,3499,4410,7558,9306,21.1275,17.7581,8.95276,48.112
80397,3102,3335,3561,3542,3163,3522,4003,4553,3410,3781,5351,8080,3411,3886,5782,9620,17.0053,24.4054,8.72333,48.068
80398,3809,4537,5010,4252,4032,6051,7572,4812,3724,4586,5244,4212,3431,3669,3817,3563,-6.50246,3.59093,8.62578,48.214
80399,3458,4179,6876,11024,3449,3804,5048,6446,3356,3451,3920,3995,3158,3249,3444,3384,-24.0742,21.8235,8.6229,48.1607
80400,3240,3472,3823,4025,3293,3741,4589,6526,3268,3797,5181,9504,3337,3659,4494,5725,4.80146,33.2237,8.59035,47.7827
80401,3441,3506,3310,3152,4014,4163,3604,3322,6178,6405,4097,3593,7332,8087,4609,3602,18.5657,-13.3954,8.73984,48.2767
80402,3250,3703,4481,5782,3397,3771,5227,9527,3338,3644,4617,6591,3206,3500,3807,4140,-5.34628,29.4465,8.63521,47.9873
80403,3409,3512,3305,3086,3848,3779,3446,3128,5968,5059,3848,3408,11067,7312,4138,3483,29.6211,-20.5776,8.58756,47.864
80404,10781,5727,4002,3474,7581,5032,3915,3463,4191,3845,3525,3211,3388,3425,3306,3104,-19.8027,-33.547,8.55261,47.98
80405,3101,3253,3393,3527,3363,3496,3837,3834,3559,4289,5215,4944,3807,5289,9604,7453,31.172,10.6628,8.50277,47.976
80406,3098,3321,3388,3422,3376,3518,3684,3891,3282,3764,4701,6085,3362,3921,5946,12505,30.3959,30.9057,8.792,47.5093
80407,3282,3651,4851,6396,3394,3832,5227,9834,3238,3582,4498,5950,3149,3375,3835,4033,-7.86297,28.8294,8.77869,48.0847
80408,3350,3570,4129,4454,3417,3837,5341,6741,3457,3976,6139,7893,3206,3591,4423,4932,2.42261,19.5566,8.52678,48.304
80409,3264,3411,3483,3381,3665,4072,4271,3755,4081,6026,6776,4659,4351,5915,7022,4573,15.3655,2.53899,8.9671,48.47
80410,3154,3231,3389,3432,3281,3569,3900,4034,3523,4163,5681,6011,3605,4512,7891,8934,21.3647,16.6109,8.85591,48.2067
80411,6654,5165,3824,3293,9137,5982,3980,3347,5250,4324,3605,3319,3727,3707,3493,3064,-10.0514,-21.6606,8.66575,47.914
80412,12335,5986,3841,3401,6103,4887,3710,3380,3895,3862,3497,3343,3442,3385,3287,3053,-32.5489,-31.1415,8.57621,47.6047
80413,3636,3571,3410,3194,4562,4717,3845,3371,6658,7726,4558,3647,5757,5842,4191,3534,10.853,-12.972,8.83116,48.146
80414,6797,6395,4226,3569,7199,6942,4397,3425,4544,4363,3639,3282,3631,3614,3272,3167,-13.2584,-15.7626,8.66762,48.308
80415,3401,3938,5777,10898,3344,3953,5095,7290,3245,3552,3946,4262,3076,3211,3459,3497,-20.19,31.1816,8.51804,47.9627
80416,3100,3368,3435,3422,3330,3560,4078,4015,3567,4335,6305,6024,3686,4635,8009,7355,18.7204,13.9369,8.80091,48.1493
80417,3388,3434,3101,3135,4044,3824,3413,3194,6518,4855,3691,3395,12344,5975,3959,3318,23.924,-31.395,8.95749,47.7253
80418,3363,3993,5959,12335,3330,3758,4801,6340,3349,3479,3710,3917,3069,3300,3302,3386,-25.0425,31.0445,8.60129,47.594
80419,4119,3883,3612,3251,6201,4935,3724,3266,8922,5854,3867,3288,5617,4598,3781,3370,5.20547,-21.7714,8.55288,48.192
80420,3298,3726,4268,4995,3304,3960,5815,8089,3377,3741,5321,7130,3266,3530,4126,4564,-1.8584,21.1289,8.85215,48.34
80421,3361,3444,3227,3231,3925,3799,3395,3275,5896,4847,3758,3392,12406,6404,3936,3384,32.9681,-24.9355,8.9069,47.7867
80422,3423,3398,3231,3120,4131,3884,3496,3256,6976,5011,3785,3267,10632,6669,3999,3374,21.563,-22.7438,8.67504,47.768
80423,5445,9568,6694,4197,4517,5181,4620,3885,3558,3785,3617,3431,3352,3378,3289,3203,-33.8445,-4.41524,8.79293,47.8133
80424,4241,3947,3463,3138,6776,4583,3681,3456,9631,5350,3769,3351,5802,4454,3715,3369,4.95135,-29.0677,8.73287,48.484
80425,6984,9293,5220,3879,5181,6028,4352,3705,3843,3996,3660,3416,3324,3329,3198,3142,-22.2454,-10.5265,8.73856,48.3667
80426,3589,4176,6962,8707,3452,4024,5952,7098,3208,3524,3997,4152,3037,3281,3551,3539,-18.1231,18.2275,8.98215,48.166
80427,6371,10273,5957,3943,4693,5149,4473,3681,3603,3760,3644,3480,3316,3325,3232,3242,-30.3215,-7.18104,8.90463,48.0947
80428,3148,3481,3600,3644,3165,3526,4228,4724,3537,3967,6138,8135,3335,3940,6057,7694,14.0374,19.9426,8.55849,48.2127
80429,3981,4844,5912,4634,4069,5764,7848,4946,3549,4111,4605,4135,3413,3582,3590,3485,-10.5839,4.97497,8.96486,48.312
80430,3086,3338,3516,3456,3341,3617,3953,3834,3536,4187,5718,5900,3573,4663,8361,8256,21.6123,15.0507,8.59137,48.2233
80431,3368,3934,5948,12677,3403,3802,4746,6013,3250,3442,3662,3859,3203,3115,3282,3306,-29.7149,32.3994,8.82864,47.34
80432,3476,3609,4388,5316,3381,3783,5223,9233,3247,3682,4786,7035,3281,3402,3998,4195,-3.49617,33.1197,8.88372,48.0233
80433,9129,8566,4633,3553,5614,5313,3992,3533,3895,3846,3501,3259,3425,3434,3268,3093,-25.0128,-16.1718,8.90539,48.036
80434,3301,3383,3204,3124,3951,3936,3558,3299,5484,5603,4266,3557,8190,9032,4842,3598,23.842,-13.7652,8.70062,48.2187
80435,4684,4133,3486,3320,7804,4787,3657,3306,8605,4961,3758,3220,5048,4323,3551,3223,1.31079,-30.7166,8.8078,47.9107
80436,3632,4614,8496,8442,3506,4122,5652,5768,3223,3512,4036,3897,3149,3276,3458,3343,-22.4039,15.0824,8.61004,48.084
80437,3406,3611,3728,3488,3800,4622,4861,3907,4323,6592,7337,4470,4107,5205,5343,4277,9.12559,1.21138,8.85818,48.718
80438,3294,3300,3355,3322,3466,3700,3864,3694,3766,4695,5257,4500,4109,6618,9665,5788,29.8154,5.66656,8.70712,48.262
80439,8913,5441,3790,3359,8932,5158,3854,3403,4591,4047,3458,3235,3614,3393,3316,3247,-15.0622,-33.8754,8.96763,47.834
80440,3591,4272,5393,4751,3788,4886,8265,5674,3532,4173,5185,4615,3273,3522,3753,3838,-7.5521,8.87473,8.81546,48.3407
80441,3853,3971,3793,3457,4749,6340,4525,3558,5239,7505,4915,3643,4269,4674,4016,3537,2.96892,-7.9169,8.77178,48.0293
80442,3329,3830,4890,7573,3435,3849,5289,9860,3248,3564,4226,5238,3191,3281,3564,3684,-11.3763,32.2828,8.99176,48.034
80443,3672,4437,4892,4281,3865,5560,7750,4809,3715,4581,5643,4367,3448,3709,4022,3722,-4.91195,5.0172,8.84025,48.3153
80444,3352,3324,3220,3191,3954,3802,3431,3306,5970,4708,3721,3370,12585,5934,3908,3363,33.5321,-31.1562,8.97923,47.426
80445,5030,4909,3928,3487,7067,7064,4206,3601,5504,5372,4009,3535,4142,3922,3469,3301,-5.02,-15.1847,8.57861,48.364
80446,3253,3165,3337,3374,3247,3616,3860,3800,3563,3934,5164,5304,3623,4826,9003,8806,28.4074,14.6027,8.57514,47.9167
80447,3234,3411,3192,3108,3837,3773,3538,3195,5548,5228,4175,3427,9262,8864,4616,3558,27.2535,-15.4273,8.97849,47.9773
80448,3378,3398,3332,3112,3809,3935,3642,3347,4910,5950,4461,3624,6318,9276,5467,4016,21.5539,-8.47266,8.58946,47.9833
80449,3119,3124,3416,3473,3194,3501,3818,3967,3379,3864,4808,6562,3441,3967,6399,12048,25.084,25.6027,8.73548,48.0533
80450,4703,4491,3719,3370,7162,6314,3946,3441,6554,5904,3898,3288,4462,4161,3640,3207,-1.32676,-17.213,8.64445,48.1733
80451,3376,3325,3287,3044,4203,3945,3465,3152,7304,4917,3833,3344,11364,5777,3994,3261,21.1183,-29.4253,8.64412,47.7273
80452,3145,3175,3370,3315,3321,3575,3776,3805,3673,4253,5312,4945,3859,5400,9716,7303,27.579,10.6393,8.62893,47.962
80453,4426,4032,3608,3223,6806,5426,3894,3312,7878,6106,3934,3423,4912,4480,3717,3379,2.57533,-19.0064,8.96053,48.3707
80454,3631,3734,3511,3364,4375,5117,3975,3429,5682,8294,4877,3676,4910,5575,4366,3696,8.81474,-9.1357,8.77091,48.1413
80455,3106,3247,3344,3487,3221,3530,3924,4165,3385,3927,5295,7079,3389,4201,6713,9850,19.9953,20.831,8.5018,47.9087
80456,3681,3497,3207,3163,4916,4035,3483,3173,9264,5249,3851,3459,8710,5233,3770,3355,14.2286,-28.309,8.79691,48.0307
80457,3099,3273,3333,3234,3404,3665,3795,3854,3736,4462,5411,4842,3970,5940,9693,6346,25.5667,7.76387,8.60515,48.038
80458,7417,9774,5186,3663,4933,5246,4229,3662,3824,3847,3623,3284,3407,3316,3282,3074,-30.3003,-11.0734,8.74844,47.8447
80459,3345,3356,3280,3156,3747,3812,3590,3438,4777,5563,4513,3680,6425,9731,5650,3965,25.8367,-8.11291,8.58557,48.0187
80460,5514,4328,3737,3354,9390,5222,3953,3416,6910,4714,3725,3269,4145,3880,3491,3151,-4.2717,-28.0591,8.56006,48.1327
80461,3187,3341,3353,3313,3240,3484,3839,4012,3434,3760,4828,6744,3324,3768,6009,12205,23.5703,31.0367,8.93493,47.894
80462,3276,3410,3277,3044,4013,3827,3314,3066,6299,4919,3857,3336,11977,6918,4044,3392,27.3771,-23.378,8.79883,47.9793
80463,3266,3625,4222,4642,3309,3806,5320,8242,3355,3691,5120,8084,3255,3535,4253,4781,-0.0312546,24.9125,8.74163,48.3373
80464,3386,3845,4672,4593,3558,4425,7395,6316,3551,4130,6092,5404,3288,3696,4058,4142,-3.08599,12.8486,8.73858,48.3673
80465,3263,3376,3524,3389,3529,3951,4046,3908,3947,5446,7034,4799,4155,5645,7270,5079,16.2015,4.58329,8.84422,48.2407
80466,3397,3424,3246,3063,3843,3825,3560,3386,5301,5064,4119,3420,8868,9269,4786,3590,29.9483,-14.2035,8.94339,48.1073
80467,4561,4154,3511,3298,7530,5270,3879,3319,7977,5480,3844,3347,4817,4386,3692,3254,1.0525,-21.8545,8.60603,48.2127
80468,6552,5302,3810,3372,8827,5949,3881,3387,5349,4537,3663,3305,3886,3765,3404,3179,-9.67304,-21.6946,8.55246,48.112
80469,3932,5182,7153,5397,3881,5075,7496,5084,3449,3827,4302,3855,3208,3409,3504,3405,-14.9171,6.69015,8.97641,48.106
80470,3188,3528,4029,3960,3415,3900,5398,5630,3404,4267,7055,7206,3357,3884,4844,5094,4.55379,15.4872,8.62312,48.106
80471,3788,3559,3230,3291,4870,4202,3609,3213,8802,5748,4027,3398,7541,5515,3919,3362,13.2396,-22.0493,8.72289,48.0493
80472,3826,4682,5768,4620,3844,5425,8179,5127,3531,4111,4847,4223,3267,3657,3633,3588,-9.65597,6.48721,8.79598,48.2187
80473,5114,7266,5689,4029,4682,6846,5408,4034,3841,4212,4006,3662,3405,3501,3407,3216,-15.9095,-4.43302,8.58828,48.212
80474,11491,6024,3922,3397,7374,4934,3789,3411,4181,3846,3406,3132,3435,3435,3235,3142,-20.7613,-26.0438,8.94929,48.1027
80475,5159,4318,3531,3251,9109,5057,3812,3531,7507,4740,3618,3295,4540,3973,3448,3139,-2.31395,-31.2664,8.95592,48.0187
80476,3620,4666,8542,9364,3456,4150,5122,5423,3247,3454,3839,3851,3143,3324,3508,3379,-27.9031,16.0937,8.50816,48.0587
80477,3335,4069,6055,7903,3424,4086,6098,8222,3178,3620,4170,4722,3077,3365,3444,3638,-14.4025,19.6282,8.70006,48.2707
80478,3287,3476,3610,3489,3618,4071,4833,4098,3937,5669,7919,5113,3722,4771,5741,4552,9.93063,5.25331,8.71969,47.9373
80479,3816,3523,3359,3164,5039,4140,3551,3265,9521,5154,3818,3311,7753,5024,3910,3372,11.9942,-31.0041,8.59825,47.8133
80480,3105,3198,3258,3371,3333,3549,3648,3959,3345,3843,4823,6511,3362,3953,6380,11981,24.9721,25.1218,8.75274,47.746
80481,3256,3440,3658,3695,3433,3739,4522,4422,3605,4400,7435,6464,3646,4369,6413,6017,12.4976,13.2514,8.85498,48.3427
80482,3312,3381,3438,3200,3733,4010,3720,3567,4809,6174,4817,3842,5550,8626,6161,4027,20.4784,-5.62147,8.62651,48.2447
80483,10474,5720,3944,3375,8072,5050,3839,3450,4283,3844,3587,3262,3421,3544,3317,3039,-18.2946,-27.3504,8.85744,48.1473
80484,3196,3455,3683,3638,3394,3537,4160,4867,3386,3822,5324,9359,3279,3778,5169,7939,12.939,31.7969,8.5454,47.9907
80485,3748,4026,4022,3565,4220,5710,5356,4006,4335,6462,6066,4036,3958,4456,4303,3774,2.54829,-1.19964,8.59389,48.0287
80486,3162,3128,3359,3358,3326,3648,3872,3778,3592,4264,5543,5203,3740,4972,9385,7756,25.4478,12.0833,8.82207,48.0573
80487,3235,3565,4169,4359,3340,3824,5800,6387,3553,4153,6516,7336,3358,3584,4528,4973,2.26391,17.5789,8.783,48.4533
80488,3175,3285,3546,3654,3236,3557,4253,5162,3373,3737,5349,9687,3388,3740,5264,7839,12.0927,27.8114,8.92841,48.1633
80489,8224,5295,3847,3357,9079,5363,3783,3374,4894,4293,3511,3258,3623,3590,3355,3089,-13.3578,-27.6555,8.50715,47.9567
80490,7259,9595,5270,3654,4943,5263,4324,3646,3871,3930,3590,3238,3365,3538,3320,3201,-33.5112,-10.4877,8.50969,48.0047
80491,3922,5471,6464,4702,4085,5845,7336,4620,3617,4044,4356,3894,3466,3479,3525,3416,-13.425,3.45194,8.85632,48.1613
80492,3671,4603,8705,9075,3540,4045,5185,5212,3292,3630,3996,3919,3099,3430,3383,3464,-31.6221,14.9608,8.66104,48.166
80493,3873,4838,5455,4386,4071,5764,7848,4774,3677,4388,4826,4097,3371,3566,3711,3574,-8.71284,4.24793,8.78889,48.146
80494,3398,4437,8112,9966,3504,3958,4982,5568,3307,3462,3904,3934,3197,3370,3351,3328,-33.4265,17.5137,8.64514,47.852
80495,3188,3298,3443,3414,3313,3644,3833,3852,3549,4253,5202,5194,3668,4753,9307,8325,29.7588,13.5511,8.53235,48.1573
80496,3456,4100,6539,9028,3405,3953,5648,7248,3298,3570,4056,4319,3217,3300,3490,3619,-17.7723,20.0116,8.69475,48.164
80497,3441,3590,3277,3235,4244,4325,3737,3340,5932,7455,4681,3799,5887,7107,4564,3683,14.1596,-10.9419,8.95494,48.198
80498,10748,5776,3904,3498,7464,5041,3809,3345,4252,3942,3549,3167,3427,3406,3207,3165,-20.0673,-29.7056,8.5854,47.8
80499,3088,3294,3551,3749,3327,3602,4100,4675,3360,3854,5810,8539,3323,3901,5612,8202,14.5692,22.8981,8.52975,47.9913
80500,3271,3606,4279,4850,3369,3740,5003,8535,3267,3733,4776,8001,3295,3641,4159,4623,-0.693181,32.1183,8.69046,48.0987
80501,3094,3237,3373,3382,3313,3471,3795,3877,3462,3711,4737,6003,3355,3898,5967,12541,29.4849,28.6003,8.88505,47.4773
80502,3257,3623,4242,4881,3193,3800,4886,8388,3334,3715,4929,8228,3284,3596,4240,4759,-0.521938,29.5031,8.60197,48.2367
80503,3059,3259,3432,3467,3165,3541,3971,4101,3364,3928,5116,7003,3445,3965,6433,10832,21.5925,23.3011,8.60231,48.054
80504,6738,5221,3889,3469,9041,5961,3920,3488,5266,4423,3630,3324,3765,3687,3308,3136,-9.84508,-22.4802,8.51289,48.1773
80505,3403,3870,6293,12465,3384,3708,4656,6185,3301,3360,3800,3925,3071,3231,3342,3457,-30.4221,26.5833,8.93838,47.634
80506,10818,5912,3995,3324,7611,4975,3788,3543,4289,3956,3521,3194,3425,3491,3276,3073,-20.1376,-26.8589,8.62406,48.1273
80507,3094,3228,3419,3287,3496,3541,3998,3966,3616,4130,5817,5531,3696,4910,8852,7573,21.8926,12.487,8.68232,48.1027
80508,3512,4378,8154,10419,3396,3937,5052,5542,3276,3537,3730,3735,3114,3246,3385,3375,-29.6345,17.9604,8.94951,47.8587
80509,3433,3346,3232,3187,3944,3750,3440,3220,5981,4859,3757,3304,12493,6176,3899,3416,32.3516,-26.635,8.75245,47.6247
80510,3373,3481,3400,3168,4017,4032,3754,3288,5566,6427,4483,3626,6714,8194,5007,3764,19.0178,-11.0771,8.58257,48.196
80511,5088,8803,7252,4617,4367,5294,4724,4003,3582,3764,3820,3508,3164,3343,3366,3222,-24.9125,-2.5879,8.90989,47.9447
80512,3249,3644,4138,4326,3421,4020,5856,6307,3406,4024,6436,6962,3309,3756,4352,4704,1.66297,16.135,8.61415,47.94
80513,3598,3506,3341,3069,4729,4270,3652,3350,7739,6487,3994,3614,7340,5971,4138,3451,13.5093,-18.1594,8.93731,48.166
80514,3233,3768,4245,4709,3512,3988,6131,7010,3371,3972,5910,6671,3121,3573,4273,4469,-0.571039,17.2626,8.84672,47.9707
80515,3611,3462,3159,3001,4515,3950,3597,3260,8521,5074,3799,3396,9598,5543,3859,3346,16.353,-29.9622,8.87745,47.794
80516,3298,3274,3177,3119,3862,3819,3617,3327,5484,5534,4056,3396,8501,8931,4772,3633,24.744,-14.2482,8.95009,47.8667
80517,3184,3587,4183,4639,3344,3966,5513,7542,3360,4014,5718,7373,3335,3597,4229,4655,0.0459911,19.788,8.73457,48.1593
80518,3424,3408,3236,3199,4319,3866,3518,3348,8055,5002,3839,3326,10256,5623,3861,3393,18.2602,-32.8521,8.87653,47.782
80519,4032,3813,3523,3141,5946,4543,3722,3412,9336,5833,3884,3304,5993,4732,3642,3372,6.89386,-22.3209,8.8548,48.152
80520,3172,3300,3380,3399,3238,3522,3793,3885,3426,3811,4832,6051,3424,3978,6970,11708,31.9571,22.9146,8.61425,47.926
80521,4048,3800,3222,3174,6249,4394,3541,3306,9875,5297,3816,3386,6205,4632,3697,3291,7.21369,-29.2062,8.76009,47.9553
80522,3477,4009,5946,12464,3313,3756,4747,6067,3190,3511,3794,3904,3107,3321,3368,3413,-29.1517,28.1427,8.56057,47.5913
80523,8999,5839,3982,3392,8177,5484,3958,3373,4427,4103,3490,3251,3636,3533,3237,3143,-16.0335,-23.0388,8.67899,48.016
80524,3361,3689,4371,4202,3576,4563,6892,5220,3708,4507,6899,5300,3499,3871,4428,4159,0.24729,10.0557,8.76392,48.1633
80525,3375,3305,3157,3197,3914,3843,3597,3265,5499,5114,4038,3509,9478,8578,4521,3443,32.7922,-16.2214,8.91787,47.8887
80526,3267,3576,4300,5039,3274,3789,5282,8735,3358,3812,4876,7685,3243,3549,4050,4757,-1.63457,25.5946,8.7552,48.3947
80527,4623,7317,6901,4553,4364,5995,5765,4284,3556,4045,3969,3536,3300,3381,3475,3280,-18.4531,-0.396289,8.80398,48.2293
80528,8400,9223,4814,3625,5297,5249,4056,3563,3930,3844,3503,3225,3273,3319,3367,3188,-28.6102,-13.6436,8.50558,47.9173
80529,3463,3550,3160,3035,4737,4055,3565,3272,8839,5112,3845,3358,9217,5468,3902,3371,15.7472,-31.38,8.9354,47.966
80530,3269,3565,3712,3855,3419,3988,5237,4785,3634,4606,7879,6289,3505,4173,5334,5002,7.41634,11.6746,8.54746,48.168
80531,3346,3386,3405,3257,3619,3934,3909,3731,4228,5465,5729,4217,4565,7274,7777,4736,20.1669,0.785499,8.99256,48.3853
80532,6755,9739,5732,3909,4901,5381,4406,3714,3719,3781,3643,3196,3366,3238,3247,3178,-27.0081,-8.60684,8.81814,47.9367
80533,4252,5446,5572,4322,4299,6567,6881,4433,3819,4369,4516,3809,3355,3651,3594,3466,-11.0933,0.682392,8.69974,48.234
80534,4673,4872,3816,3431,6416,7478,4456,3527,5170,5643,4191,3534,4009,4048,3532,3305,-4.45277,-12.6548,8.81739,48.0673
80535,3215,3330,3558,3636,3157,3802,4226,4957,3451,3998,5888,8869,3347,3935,5485,7538,12.4617,21.7782,8.87622,48.2613
80536,4725,8483,7826,4622,4117,4962,4784,4131,3520,3579,3834,3599,3374,3368,3430,3262,-32.3164,-0.491527,8.59494,47.744
80537,9153,5744,3941,3462,8389,5343,3923,3333,4539,4140,3519,3351,3583,3492,3308,3030,-16.2075,-25.6618,8.56522,48.1667
80538,3201,3393,3434,3306,3571,4045,3926,3592,4305,5663,5767,4208,4664,7091,7237,4553,18.9674,0.103437,8.85506,47.9707
80539,3625,3456,3407,3178,4189,4319,3802,3411,5965,7201,4465,3592,6114,7189,4581,3627,14.9005,-11.4406,8.90041,48.0807
80540,5283,9151,7433,4532,4254,5183,4765,4071,3634,3743,3762,3481,3275,3436,3367,3345,-27.2518,-2.7448,8.96125,48.4767
80541,3875,5015,6319,4909,3943,5468,7752,4981,3613,4002,4486,3997,3285,3372,3596,3450,-12.3515,5.68084,8.61861,48.042
80542,10875,5711,3890,3328,7426,4991,3900,3373,4184,3728,3493,3252,3412,3313,3406,3198,-19.9775,-33.7944,8.82084,47.6533
80543,3657,4320,5645,4803,3774,5067,8208,5455,3539,4093,5035,4423,3324,3657,3741,3747,-8.35216,8.42922,8.75243,48.3253
80544,3301,3340,3223,3193,3830,3825,3403,3376,6098,4640,3699,3287,12896,6020,3969,3434,29.8053,-33.4456,8.94337,47.6893
80545,4102,5389,5879,4502,4101,6138,7260,4720,3658,4297,4639,3922,3404,3408,3544,3438,-11.6095,2.47608,8.60846,48.2673
80546,3549,3808,4240,3776,3759,4798,6439,4697,3855,5242,7248,4800,3659,4068,4515,3941,1.74162,5.913,8.71257,48.2627
80547,3135,3363,3742,3977,3252,3621,4419,5710,3416,3800,5206,10059,3427,3710,4854,6868,9.15383,31.1991,8.89778,48.3727
80548,4127,4466,4006,3621,4695,6986,5230,3819,4591,6493,5068,3842,3966,4189,3867,3496,-1.51326,-5.23178,8.85883,48.308
80549,3113,3153,3386,3441,3245,3431,3941,4134,3372,3745,5246,6828,3435,4011,6597,10863,22.7196,22.7758,8.56468,47.9607
80550,3674,3579,3322,3156,4729,4189,3653,3428,8026,6246,4120,3489,7442,5857,4012,3430,13.3919,-19.1425,8.76848,48.2347
80551,3185,3514,3827,4066,3403,3733,4893,5811,3457,3948,6329,8629,3368,3746,4792,5551,6.27662,19.6184,8.77275,48.168
80552,3936,4458,4087,3746,4577,7101,5378,3953,4421,6233,5041,3810,3798,4094,4023,3574,-1.61727,-4.33034,8.8852,48.1533
80553,4193,4257,3858,3377,5155,6852,4608,3688,5208,7043,4621,3737,4045,4360,3886,3532,0.189764,-8.8916,8.86968,48.28
80554,6965,5031,3958,3297,9685,5576,3834,3460,5518,4371,3705,3189,3820,3735,3371,3173,-9.74718,-25.6575,8.56939,48.4587
80555,3601,3899,3855,3612,3980,5018,5561,4125,4197,6206,7010,4401,3718,4460,4511,4029,3.89536,1.42239,8.93194,48.122
80556,6649,5343,3846,3354,8680,6353,4060,3487,5110,4473,3593,3346,3725,3631,3416,3213,-10.7433,-19.5834,8.92496,48.186
80557,4861,8131,8277,4825,4195,4900,4962,4147,3622,3767,3812,3512,3184,3342,3291,3148,-28.8638,0.0691697,8.77815,47.984
80558,8643,8818,4652,3642,5370,5022,4240,3509,3863,3719,3619,3348,3403,3425,3247,3062,-31.9555,-14.294,8.52771,47.7213
80559,3322,4031,6769,11911,3382,3887,4878,6221,3151,3463,3823,3986,3022,3232,3269,3387,-26.8681,23.2013,8.93054,47.8227
80560,10931,5683,3895,3474,7387,5004,3836,3419,4324,3890,3416,3243,3569,3439,3146,3127,-20.417,-30.862,8.56672,47.8553
80561,4146,6537,8320,5205,3975,5188,6362,4490,3505,3788,3808,3650,3228,3365,3438,3311,-19.8359,3.88665,8.94207,48.2107
80562,3332,3310,3325,3172,3491,3688,3672,3383,4292,5015,4768,3921,5252,9172,7545,4560,28.3488,-2.46006,8.98589,47.932
80563,3399,3984,5931,11746,3389,3693,5011,6734,3258,3445,3872,3927,3105,3276,3422,3466,-23.3037,32.9809,8.52361,47.772
80564,3512,3585,3559,3411,3823,4603,4310,3735,4523,7484,6387,4215,4410,5765,5127,4086,10.5762,-2.24798,8.94345,48.3567
80565,4766,4479,3709,3398,7021,6688,4216,3445,6082,5723,4043,3414,4158,4109,3611,3283,-2.75233,-15.9846,8.58919,48.0967
80566,9581,5563,3957,3408,8301,5033,3829,3560,4290,3947,3544,3223,3423,3453,3269,3060,-16.5874,-33.6646,8.64615,47.6273
80567,4652,4894,3843,3381,6128,7555,4468,3518,5107,6114,4115,3445,4056,4176,3654,3449,-3.6228,-11.7078,8.92388,48.37
80568,3373,3295,3197,3111,4008,3871,3385,3266,6113,4965,3758,3311,11355,7026,4222,3416,26.0267,-21.9081,8.72643,47.7813
80569,3205,3440,3801,4206,3384,3833,4693,6716,3389,3830,5518,9216,3380,3713,4446,5590,4.63465,24.4342,8.61172,48.24
80570,3466,3333,3325,3169,3861,3826,3500,3247,6124,4862,3702,3431,12572,6075,3861,3410,27.3058,-28.2412,8.59664,47.8427
80571,3379,3352,3261,3157,3846,3765,3433,3230,5941,5112,3938,3419,10777,7781,4281,3417,26.6679,-19.7284,8.7651,48.0593
80572,3191,3615,3911,4445,3303,3771,4814,7062,3330,3809,5137,9343,3272,3602,4306,5344,3.68319,26.7105,8.72916,48.17
80573,6795,5033,3789,3403,9429,5917,3821,3328,5433,4319,3600,3181,3943,3690,3332,3183,-9.2971,-22.9471,8.89141,48.1307
80574,3303,4029,6723,12091,3319,3762,4888,5939,3229,3390,3861,3922,3138,3296,3382,3379,-28.847,23.1082,8.95928,47.7673
80575,7644,9742,5066,3738,5125,5175,4208,3590,3906,3935,3618,3375,3352,3342,3216,3137,-30.3074,-11.9082,8.7549,48.1127
80576,3473,3690,3437,3392,3891,4583,4191,3613,4670,7504,5954,4083,4556,6019,5202,3910,11.6537,-3.2177,8.83406,48.112
80577,3199,3471,3840,3966,3265,3662,4390,5863,3338,3698,5265,9767,3308,3656,4680,6650,8.22862,29.9991,8.56258,48.012
80578,9780,8365,4415,3367,5640,5190,3949,3488,3900,3818,3594,3327,3318,3415,3225,3152,-32.5003,-17.4845,8.97573,47.962
80579,9807,8244,4489,3580,5682,5247,4019,3594,3852,3746,3619,3225,3430,3343,3190,3137,-25.8107,-17.0442,8.90998,48.136
80580,3086,3270,3458,3317,3232,3576,3694,3857,3415,3821,4816,6199,3292,4014,6665,12310,27.9697,24.4616,8.8826,48.0147
80581,3267,3649,4501,5362,3330,3760,5321,9271,3285,3575,4802,7059,3211,3406,4064,4318,-3.69781,24.861,8.89738,48.1207
80582,12160,6646,3961,3331,6145,4924,3863,3328,3983,3808,3499,3233,3430,3337,3283,3078,-27.3606,-24.3299,8.74191,48.006
80583,10433,5732,3898,3348,8181,4893,3799,3361,4320,3907,3513,3145,3545,3452,3361,3209,-18.4731,-30.1256,8.74794,48.0647
80584,3783,4689,6597,5270,3732,4918,7654,5675,3447,3880,4630,4160,3327,3427,3602,3496,-12.6977,9.4538,8.6254,48.1913
80585,3530,4718,8394,8059,3602,4256,5900,5784,3536,3675,4043,3982,3143,3296,3382,3468,-20.7615,14.5769,8.59345,48.512
80586,3429,3400,3248,3119,3894,3961,3635,3289,5486,5889,4188,3564,8113,8642,4769,3539,22.4416,-13.9311,8.85146,48.11
80587,6799,5206,3946,3362,8842,6230,3947,3389,5018,4317,3545,3304,3792,3660,3354,3218,-10.6702,-20.8008,8.64509,47.9527
80588,4261,4569,4087,3494,5182,7451,5008,3756,4774,6288,4695,3531,3843,4146,3737,3453,-2.77564,-7.6102,8.55639,48.1833
80589,5941,9730,6341,3970,4617,5227,4565,3818,3688,3833,3670,3435,3350,3346,3233,3187,-30.5158,-6.23008,8.55919,47.9673
80590,3365,3267,3298,3240,3966,3716,3614,3233,6132,4805,3715,3445,12407,6170,4059,3398,27.0727,-33.7938,8.81108,47.8867
80591,3063,3306,3541,3491,3301,3590,4076,4394,3465,3971,5716,7702,3362,4020,6281,8721,16.7549,20.7668,8.81654,48
80592,3354,3459,3283,3047,3955,3807,3386,3227,5592,5108,3936,3417,10289,8122,4343,3606,30.5119,-18.1995,8.7865,47.954
80593,3128,3129,3535,3395,3219,3441,3966,4374,3365,3833,4981,8347,3321,3962,5532,10015,17.4508,31.3473,8.81134,47.6953
80594,12271,6304,4064,3439,6068,4720,3893,3331,4036,3718,3376,3241,3398,3419,3261,3006,-27.6996,-26.3005,8.54854,47.6967
80595,9207,7425,4261,3514,6306,5627,4143,3436,4191,3912,3538,3275,3524,3321,3276,3076,-20.7391,-17.7854,8.59455,48.0213
80596,3289,3440,3363,3140,3871,3928,3650,3228,5632,5807,4252,3562,7937,8853,4814,3676,22.1749,-13.4635,8.98873,48.2947
80597,3469,3556,3440,3179,4146,4551,3820,3512,5641,7794,4783,3746,5371,6497,4633,3702,12.5253,-9.34562,8.64979,47.8933
80598,3095,3340,3474,3351,3172,3431,3766,3972,3385,3868,4974,5879,3396,4141,7288,11369,32.1176,20.7963,8.70314,47.934
80599,3245,3282,3386,3448,3407,3727,4238,4125,3740,4753,7260,5445,3796,5035,7527,5726,15.7935,8.74049,8.87939,48.0933
80600,3373,3406,3316,3070,4239,3925,3583,3254,7515,5291,3934,3355,9936,6381,4105,3363,18.9382,-22.4828,8.77552,48.0307
80601,3407,3400,3460,3223,3797,3904,3677,3576,4435,5744,4915,4014,5322,8833,6870,4351,22.5325,-3.76847,8.86288,48.6187
80602,3260,3267,3510,3577,3208,3587,4075,4790,3466,3828,5188,9194,3337,3857,5378,8529,14.0446,33.7593,8.92513,48.034
80603,5581,9625,6973,4333,4406,5079,4613,3862,3677,3713,3609,3481,3371,3439,3310,3167,-28.4014,-4.44536,8.88564,48.1593
80604,6532,9326,5429,3894,4952,5917,4531,3708,3817,3936,3700,3320,3289,3490,3284,3202,-22.7212,-9.02063,8.67016,48.218
80605,3582,3936,3901,3535,3879,5274,5298,4018,4238,6610,6732,4359,3871,4592,4448,3995,4.07391,-0.0959544,8.6092,48.1787
80606,3597,5168,9464,8027,3631,4174,5258,5241,3256,3533,3749,3930,3107,3188,3365,3333,-27.4225,12.6159,8.82573,48.014
80607,6175,8799,5430,3960,5121,6384,4608,3800,3835,4039,3655,3469,3331,3418,3319,3127,-20.1894,-8.44674,8.72024,48.3133
80608,8150,9342,4971,3554,5355,5321,4103,3507,3851,3891,3547,3357,3312,3337,3262,3163,-26.7668,-13.0823,8.77945,48.0153
80609,3070,3306,3506,3575,3271,3457,3888,4515,3373,3738,5092,8469,3399,3907,5615,9810,16.819,28.977,8.92274,47.994
80610,3412,3381,3343,3232,3826,3724,3461,3302,6202,4801,3732,3241,12681,5902,3881,3347,33.2626,-30.2199,8.78315,47.6453
80611,3221,3412,3789,3832,3419,4006,5101,4846,3585,4595,7996,6530,3505,4111,5387,5036,7.45046,12.1717,8.75537,48.2473
80612,3215,3449,3259,3186,3553,3732,3681,3564,4170,5123,5150,4041,4727,8148,8059,4668,24.4021,-0.139258,8.95316,47.8167
80613,3371,3331,3286,3137,4004,3920,3426,3152,6730,4827,3715,3456,11958,5968,3879,3369,23.0114,-32.4898,8.83224,47.686
80614,10213,8226,4421,3421,5591,5158,3869,3393,3914,3800,3416,3192,3330,3409,3259,3127,-32.0093,-18.0018,8.9931,47.826
80615,3476,3991,5972,10323,3473,3809,5200,7678,3212,3477,3980,4284,3077,3367,3524,3517,-19.1324,25.4756,8.61235,48.24
80616,5342,4720,3766,3371,8296,6467,4123,3449,6053,5060,3940,3363,4109,3863,3426,3210,-5.05291,-18.9301,8.68169,48.372
80617,4352,7262,9096,5432,4003,4848,5058,4362,3478,3708,3749,3576,3183,3296,3328,3294,-30.4875,3.53963,8.51515,48.0167
80618,3276,3546,3722,3660,3577,3957,4860,4370,3708,4757,8205,5926,3530,4321,5808,5182,9.95014,9.96141,8.85012,48.27
80619,3843,3777,3333,3130,5386,4589,3707,3332,8719,6213,3937,3468,6479,5247,3871,3449,9.27193,-20.0545,8.71817,48.32
80620,3020,3265,3674,3498,3230,3675,4012,4450,3481,3944,5876,7363,3409,4133,6672,8478,16.9168,19.0137,8.74034,48.12
80621,3467,3336,3286,3139,4082,3793,3369,3216,6250,4878,3929,3323,11845,6864,4073,3327,27.1853,-23.3832,8.7711,48.118
80622,8980,7634,4442,3603,6296,5755,4046,3498,4106,3947,3565,3208,3388,3499,3195,3089,-20.1688,-16.9092,8.91822,48.1673
80623,3359,3468,3997,4362,3270,3767,5019,6972,3301,3879,5735,8583,3245,3643,4417,5241,3.05713,22.0105,8.54627,48.172
80624,3422,4043,5734,10748,3375,3751,4954,7520,3241,3457,3941,4254,3071,3281,3334,3439,-19.8683,33.1604,8.72214,47.71
80625,3416,3634,3837,3782,3641,4300,5564,4451,3711,5379,8187,5124,3741,4213,4976,4331,5.82234,6.3993,8.85405,48.1913
80626,5163,5292,4029,3459,6848,7792,4418,3596,4962,5239,3895,3454,3790,3838,3315,3362,-7.48724,-13.4365,8.96039,48.3013
80627,3341,3271,3269,3182,3783,3721,3551,3381,4767,5357,4395,3789,6621,9955,5676,3978,29.8965,-8.41765,8.63566,48.0247
80628,3323,3428,3341,3168,3595,3767,3654,3475,4630,5439,4727,3876,5630,9288,6800,4166,25.7931,-4.85328,8.54108,48.2047
80629,3376,3670,4492,4806,3421,3955,6176,7653,3492,3970,5652,6488,3211,3708,4047,4406,-2.35859,17.8643,8.68447,48.3487
80630,8713,5313,3856,3318,8998,5192,3854,3417,4778,4115,3632,3240,3677,3438,3239,3187,-14.3133,-29.16,8.79734,47.978
80631,3127,3413,3594,3752,3320,3701,4490,4881,3446,4038,6617,8073,3499,4059,5723,6977,12.4182,18.5795,8.69456,48.4733
80632,3789,4624,7350,6138,3579,4501,7337,5818,3372,3703,4264,4053,3234,3312,3485,3621,-15.6197,11.1585,8.75974,48.12
80633,3424,3963,6576,12402,3337,3771,4893,6144,3157,3426,3824,3899,3090,3210,3319,3265,-28.2179,24.4877,8.95848,47.8
80634,3065,3231,3448,3488,3298,3574,4047,4368,3528,4015,5753,7296,3512,4216,6707,8842,18.0672,19.1554,8.63965,48.2587
80635,4434,6460,6219,4258,4292,6594,6316,4314,3672,4129,4181,3636,3429,3559,3558,3411,-14.7135,-0.413454,8.90403,48.308
80636,10247,6429,4062,3404,7155,5166,3929,3314,4181,3826,3450,3205,3470,3442,3278,3139,-20.5392,-22.6494,8.50517,47.798
80637,5723,9008,5986,4150,4799,6178,4666,3904,3686,4027,3674,3448,3345,3490,3338,3254,-21.0604,-6.21752,8.87034,48.4507
80638,9612,6437,3962,3435,7488,5225,3897,3458,4219,4129,3547,3311,3579,3419,3232,3127,-18.884,-21.7691,8.6724,48.0513
80639,3164,3260,3362,3447,3277,3421,3776,3997,3363,3786,4767,6507,3414,4043,5950,12317,25.3581,28.9813,8.50855,47.9007
80640,3431,3453,3224,3069,4195,3843,3474,3224,6992,5046,3831,3346,11260,6308,3999,3421,22.1881,-24.2405,8.91727,48.0773
80641,3882,3695,3334,3109,5436,4471,3567,3263,9695,5341,3787,3446,6908,4898,3737,3359,9.78015,-26.22,8.65436,47.952
80642,8708,9219,4714,3611,5331,5115,4142,3519,3854,3781,3522,3231,3335,3527,3242,3113,-30.2167,-14.7134,8.94336,47.976
80643,3280,3433,3246,3107,4035,3862,3371,3198,6858,4800,3691,3520,12102,6038,3878,3398,23.271,-31.1925,8.99659,47.878
80644,3464,3939,5480,6045,3509,4177,7037,7838,3245,3765,4709,5031,3074,3431,3680,3857,-9.55557,16.6491,8.59734,48.1873
80645,9123,5417,3838,3380,8932,5110,3834,3415,4693,4146,3582,3080,3477,3523,3358,3080,-15.4116,-31.3514,8.75126,47.992
80646,3338,3376,3235,3060,4003,3847,3436,3209,6822,4952,3835,3410,11999,5892,3856,3411,22.9054,-31.7961,8.8724,47.7873
80647,4138,6029,7136,4858,4089,5665,6749,4609,3549,4022,4122,3824,3236,3521,3430,3297,-15.7354,3.05223,8.79138,48.1827
80648,4528,6590,6309,4374,4265,6528,6226,4225,3651,4183,4034,3656,3494,3404,3518,3288,-15.0989,-0.644459,8.68247,48.182
80649,3905,3691,3566,3220,5327,4880,3852,3341,7807,7075,4199,3508,5700,5217,3982,3449,7.65732,-16.6822,8.84881,48.4793
80650,3271,3520,4158,4798,3403,3841,5013,8398,3326,3771,4790,7969,3283,3552,4166,4670,-0.761985,32.5612,8.64472,47.9527
80651,3105,3148,3424,3334,3356,3376,3700,4086,3460,3739,4883,6267,3343,3869,5964,12542,25.9011,30.0443,8.86005,47.7307
80652,6340,5841,4012,3405,7778,7044,4110,3505,4761,4605,3647,3293,3740,3688,3349,3137,-10.7231,-16.4207,8.9943,48.17
80653,3172,3625,4431,5346,3401,3850,5263,9053,3314,3766,4849,7190,3135,3473,3972,4475,-3.1158,25.5733,8.7886,48.21
80654,3370,3476,3353,3127,3624,3905,3850,3574,4597,5531,4756,3844,5451,9022,6708,4193,24.0378,-4.15651,8.52576,48.254
80655,3301,4059,6457,10359,3421,3893,5175,7167,3216,3501,4017,4304,3036,3260,3381,3418,-20.1126,23.0537,8.50976,47.9767
80656,3251,3335,3303,3192,3932,3765,3446,3378,6636,4973,3848,3389,12135,5959,3936,3418,23.561,-33.6403,8.88052,47.9307
80657,3401,3342,3157,3158,4015,3869,3544,3273,6169,4888,3844,3324,12124,6128,3865,3446,31.51,-27.2378,8.50578,47.698
80658,3102,3345,3589,3740,3236,3658,4383,4983,3369,3942,6066,8857,3376,3852,5505,7106,11.8526,21.1787,8.91221,48.0727
80659,3134,3218,3418,3505,3227,3445,3728,3913,3396,3808,4813,6080,3421,4241,7138,11446,26.8156,21.6151,8.65608,47.954
80660,12591,5987,3974,3439,6064,4709,3831,3372,3922,3815,3347,3319,3323,3401,3197,3241,-30.3539,-31.787,8.65776,47.688
80661,3431,3327,3264,3047,3929,3925,3530,3269,5660,5284,4013,3484,9540,8397,4608,3486,26.8368,-16.492,8.50189,48.1293
80662,3858,5078,7153,5228,3854,5207,7483,5112,3513,3965,4299,3976,3366,3363,3473,3554,-14.7185,6.47211,8.55597,48.3213
80663,7119,4944,3830,3367,9771,5365,3930,3385,5412,4351,3471,3259,3791,3646,3363,3213,-9.81448,-28.2336,8.66238,48.1447
80664,4257,4692,4075,3472,5093,7361,5076,3791,4724,6284,4688,3687,3857,4091,3816,3452,-2.40064,-6.92436,8.68303,48.2773
80665,3387,3323,3253,3062,3973,3879,3569,3242,6299,5245,3990,3435,10406,7516,4259,3450,23.0453,-19.2602,8.88234,48.192
80666,4475,7633,8973,5027,3986,4856,5117,4339,3425,3812,3767,3573,3217,3383,3300,3253,-26.559,2.06596,8.94084,48.0907
80667,3359,3671,3943,3754,3600,4270,5766,4438,3718,5080,7918,5463,3594,4243,4924,4355,4.81512,7.76203,8.94923,48.064
80668,7781,4991,3755,3359,9640,5196,3830,3420,5226,4198,3616,3285,3713,3795,3281,3128,-11.5266,-29.8141,8.90875,48.1427
80669,5953,6324,4386,3572,6531,7518,4435,3517,4459,4379,3714,3293,3620,3597,3412,3164,-12.4563,-13.1339,8.73213,47.916
80670,3336,3337,3543,3389,3590,3893,4290,3952,4020,5256,7369,5002,3919,5341,7092,5237,14.9063,6.20625,8.6593,48.3773
80671,3168,3388,3424,3342,3558,3752,3936,3635,4029,5018,5820,4467,4343,6848,8628,5217,21.2484,3.47293,8.70997,48.382
80672,5931,6266,4180,3644,6687,7637,4514,3593,4494,4550,3783,3360,3551,3573,3514,3169,-11.7953,-13.4481,8.88232,48.2973
80673,3462,4110,5853,6385,3515,4177,6872,7486,3395,3721,4447,4858,3181,3386,3702,3634,-11.8263,16.2946,8.50051,48.1227
80674,3459,3420,3267,3041,4197,3855,3551,3209,7281,4868,3806,3414,11270,5902,3830,3372,20.6725,-28.2703,8.76854,47.828
80675,3401,3972,6782,11795,3394,3864,4904,5934,3258,3522,3878,4002,3155,3267,3504,3417,-33.8986,22.3964,8.94753,48.0327
80676,6694,5313,3959,3334,8879,6142,3985,3362,5164,4487,3695,3271,3837,3663,3409,3218,-10.2432,-21.0271,8.58339,48.2747
80677,3260,3237,3242,3163,3470,3859,3775,3584,4053,4922,5107,4272,4619,8184,8573,4796,27.2353,0.288165,8.98858,48.0773
80678,12165,6642,3895,3382,5976,4877,3811,3262,3992,3883,3478,3169,3389,3363,3212,3271,-33.6071,-23.6763,8.96546,47.8447
80679,8214,8740,4745,3553,5738,5585,4170,3532,3951,3934,3663,3205,3428,3338,3336,3127,-22.1296,-14.2869,8.87916,48.1727
80680,3151,3380,3636,3532,3411,3774,4366,4325,3683,4464,7486,6325,3600,4478,6669,6259,13.7601,12.7658,8.66545,48.3593
80681,3710,3724,3437,3267,4709,4704,3835,3367,6923,7473,4427,3600,5608,5796,4239,3507,10.2497,-13.8681,8.60419,48.2173
80682,3945,5671,8539,5851,3745,4783,6308,4814,3500,3669,4090,3775,3159,3348,3419,3279,-19.9172,7.11534,8.71859,47.93
80683,3548,4057,4550,4166,3787,5109,7453,4972,3698,4608,6206,4762,3502,3798,4033,3881,-2.64946,6.9811,8.64053,48.0867
80684,3495,3880,5786,8866,3398,3911,5534,8350,3317,3429,4106,4515,3111,3334,3550,3564,-15.5863,23.0975,8.8579,48.0973
80685,5305,4335,3752,3234,8767,5479,3803,3336,7069,4861,3763,3327,4425,3921,3483,3261,-2.98476,-23.3449,8.6822,48.0807
80686,4486,6961,8214,5113,4009,5329,5727,4289,3600,3750,3889,3680,3246,3435,3342,3357,-21.2742,2.13629,8.66849,48.2847
80687,3272,3300,3236,3337,3543,3725,3767,3572,4078,4837,5098,4270,4562,7874,8586,4923,26.1881,1.1799,8.80914,47.9867
80688,3162,3242,3301,3384,3147,3365,3807,4014,3386,3768,4839,6405,3357,3970,6241,12128,25.446,27.6307,8.54805,47.6773
80689,3370,3989,5975,11877,3431,3761,4940,7004,3129,3443,3823,3946,3092,3236,3385,3431,-22.8501,30.5099,8.75785,47.888
80690,4295,4242,3659,3280,6171,6020,3927,3493,6973,6501,4124,3430,4677,4496,3731,3422,1.72437,-15.8211,8.69936,48.294
80691,3144,3318,3483,3507,3268,3461,3956,4330,3318,3840,5034,8039,3442,3950,5693,10296,18.372,28.7254,8.7434,48.0527
80692,3887,4871,5944,4588,3998,5792,7806,4794,3576,4278,4686,4009,3332,3545,3634,3528,-10.3408,4.53082,8.62288,48.1787
80693,3497,3506,3156,3101,4504,4097,3547,3265,8243,5448,3944,3335,9314,5838,3805,3421,16.2299,-24.8213,8.85693,48.014
80694,3358,3907,6089,12560,3377,3751,4686,6179,3284,3425,3786,3965,3103,3220,3502,3408,-27.0776,29.0357,8.8697,47.7333
80695,3062,3322,3420,3484,3187,3462,3680,3951,3430,3735,4837,5816,3369,3982,6413,12125,32.5684,26.1854,8.5602,47.5167
80696,3053,3329,3632,3655,3280,3499,4191,4931,3451,3964,5241,9649,3389,3847,5117,8064,12.7397,32.0608,8.86859,48.1947
80697,3300,3458,3285,3082,4015,3861,3553,3288,5827,4961,3927,3455,11241,7320,4080,3487,30.2453,-20.9355,8.9296,48.0933
80698,4018,4330,3738,3471,5048,6665,4566,3624,5146,7022,4791,3709,4222,4413,3906,3537,0.559927,-8.41753,8.67461,48.1373
80699,3126,3280,3383,3288,3198,3401,3825,4051,3428,3794,4820,5950,3403,4043,6751,11831,32.5711,23.0777,8.87886,47.7147
80700,3350,3694,4944,7093,3472,3813,5265,9741,3235,3567,4198,5341,3158,3355,3583,3900,-10.449,30.7732,8.51458,47.806
80701,4990,7418,6202,4248,4602,6595,5447,3995,3756,4117,3808,3529,3329,3519,3434,3296,-17.5896,-3.4349,8.50023,48.19
80702,3786,4098,4054,3600,4446,6203,5251,3806,4617,6641,5684,3996,3920,4417,4137,3567,1.23549,-3.04237,8.66748,48.1487
80703,3253,3759,4447,4723,3321,3951,5980,7776,3319,3879,5458,7191,3257,3691,4151,4415,-1.50143,19.3663,8.85645,48.3807
80704,3149,3432,3674,3642,3315,3739,4557,4491,3532,4279,7280,7065,3580,4285,6093,6220,12.1718,14.5909,8.58061,48.222
80705,4112,4195,3884,3372,5289,6570,4326,3679,5453,7127,4538,3615,4363,4495,3895,3509,1.14645,-10.2191,8.8598,48.2813
80706,3422,3904,6167,12441,3385,3810,4780,6340,3232,3484,3728,3904,3003,3201,3362,3416,-26.4288,27.5341,8.92043,47.7193
80707,3108,3345,3388,3328,3204,3491,3885,3877,3455,3865,4939,6013,3570,4350,7819,10531,26.3575,19.309,8.70027,48.112
80708,3171,3243,3337,3326,3162,3530,3783,3973,3433,3911,5002,6112,3523,4243,7060,11109,24.6637,20.8875,8.83441,47.9453
80709,4188,3841,3364,3121,6874,4678,3768,3267,9699,5101,3895,3279,5657,4377,3670,3331,4.97205,-32.085,8.75319,48.0733
80710,3291,3310,3475,3316,3515,3783,3929,3687,3825,5026,6337,4696,4184,6137,8511,5365,19.6788,5.31342,8.63133,48.258
80711,3307,3380,3370,3168,3649,3980,3814,3487,4421,6089,5084,3950,5407,8190,6474,4284,20.2828,-3.76144,8.56515,48.036
80712,8687,9119,4742,3592,5342,5106,4119,3467,3830,3888,3531,3328,3474,3401,3234,3155,-31.7243,-14.3135,8.83127,48.01
80713,3203,3253,3395,3338,3237,3498,3936,3779,3579,4002,5215,5180,3644,4885,9348,8454,27.2324,13.608,8.85262,47.964
80714,3921,3755,3596,3195,4969,5028,3784,3413,7403,7205,4296,3517,5449,5284,3983,3344,7.94669,-15.574,8.51193,48.0947
80715,4077,5762,8037,5447,3892,4991,6615,4799,3479,3775,4057,3835,3198,3288,3435,3396,-18.4126,5.9973,8.76129,48.0553
80716,3136,3267,3409,3334,3206,3388,3892,3936,3418,3845,4846,5857,3350,4033,7073,11523,31.7826,21.2451,8.80901,47.6753
80717,4820,4185,3583,3286,7941,5245,3840,3455,7762,5223,3744,3300,4757,4258,3566,3190,-0.379832,-23.6189,8.89032,48.1033
80718,3226,3495,3652,3649,3437,4060,4883,4394,3796,5054,7965,5583,3667,4500,5890,4882,10.1633,8.80212,8.67733,48.0887
80719,3873,5634,10026,6936,3654,4317,5149,4942,3356,3645,3821,3734,3243,3335,3224,3260,-30.1085,9.59722,8.78913,48.0993
80720,3245,3983,5911,11749,3422,3769,4843,6787,3311,3454,3822,3960,3134,3255,3307,3504,-22.6335,33.7251,8.64914,47.6373
80721,3196,3269,3320,3466,3270,3538,3808,3945,3348,3768,4738,6037,3294,4068,5955,12511,31.1518,29.0028,8.6613,47.6873
80722,8147,9256,4970,3644,5335,5419,4172,3600,3848,3805,3667,3271,3345,3343,3194,3150,-26.8956,-13.3798,8.6045,48.1107
80723,4001,4562,4425,3996,4473,6989,6331,4253,4070,5229,5041,3906,3640,3965,3821,3544,-4.31639,-1.2164,8.80938,48.164
80724,7030,9785,5472,3783,4953,5499,4269,3611,3644,3878,3573,3282,3381,3436,3326,3210,-25.8191,-9.95982,8.7857,48.088
80725,3582,3892,4035,3870,3870,5111,5918,4458,3906,5562,6944,4520,3735,4321,4551,4020,2.40972,3.3952,8.59501,48.1967
80726,3382,3884,6061,12517,3363,3711,4775,6177,3138,3434,3917,3924,3010,3194,3440,3327,-28.2301,28.9633,8.77824,47.5027
80727,3221,3412,3849,3838,3258,3615,4472,5542,3303,4015,5971,9451,3276,3813,5068,6619,9.16059,22.3131,8.89577,48.482
80728,3323,3760,4490,5895,3496,3778,5139,9993,3315,3622,4479,6326,3170,3451,3753,4043,-5.97388,32.3555,8.84207,48.022
80729,4426,6322,6356,4446,4408,6403,6504,4245,3639,4032,4329,3714,3355,3497,3369,3330,-14.7849,0.466073,8.86183,48.25
80730,3294,3605,3843,3662,3559,4163,5375,4507,3799,5041,8232,5494,3604,4231,5240,4679,6.69113,8.07118,8.97964,48.2187
80731,12510,6010,3922,3468,6355,4784,3896,3407,3833,3822,3474,3243,3385,3382,3158,3159,-25.2881,-32.4636,8.87578,47.872
80732,3110,3396,3590,3638,3304,3688,4363,4307,3563,4419,6798,6447,3565,4466,6609,6609,14.5523,13.856,8.54402,47.9147
80733,3393,3432,3304,3122,3875,4036,3614,3360,5364,6189,4568,3569,6608,8562,5289,3704,20.3631,-10.3045,8.50876,47.9927
80734,3377,3836,5387,8298,3323,3820,5453,9164,3344,3664,4210,4904,3052,3368,3531,3604,-13.6975,25.6308,8.5167,48.2233
80735,3066,3211,3446,3351,3288,3564,3983,3878,3789,4244,5596,5219,3656,5063,9370,7493,24.1901,11.6684,8.73506,48.1447
80736,3317,3386,3605,3819,3282,3623,4389,5438,3393,3843,5284,9498,3356,3970,4859,6942,9.72393,32.6735,8.50125,48.0027
80737,4319,3981,3587,3212,6887,4757,3719,3360,9058,5476,3819,3440,5482,4423,3641,3231,3.53862,-23.6535,8.6439,48.2613
80738,3268,3430,3401,3181,3741,4061,3923,3572,4513,6434,5545,4088,5026,7651,6426,4352,17.4216,-2.87447,8.9904,48.408
80739,3135,3276,3515,3379,3242,3555,3755,3964,3288,3756,4779,6068,3264,3904,6274,12719,28.5027,27.9783,8.73658,47.9153
80740,3077,3284,3612,3567,3305,3550,4087,4726,3430,3922,5741,8262,3431,3920,5842,8414,15.042,22.2145,8.51886,48.1133
80741,3298,3464,3472,3363,3662,3882,4023,3643,4275,5939,6047,4175,4432,6872,7247,4669,18.2203,0.749431,8.50863,48.3087
80742,3290,3486,4083,4555,3275,3909,5070,7223,3377,3828,5625,8251,3278,3600,4446,4909,2.08785,22.7708,8.70522,48.1367
80743,8450,5281,3765,3264,9128,5119,3911,3419,4859,4216,3533,3277,3656,3576,3303,3199,-13.4629,-31.7956,8.51149,47.9707
80744,3349,3296,3246,3118,4038,3813,3429,3215,6320,4697,3810,3337,12108,6284,3953,3440,26.0787,-26.2069,8.64097,47.6353
80745,3378,3446,3275,3045,4046,3736,3521,3196,6571,5332,3936,3409,10255,7221,4092,3522,22.5779,-20.0663,8.65124,47.9873
80746,3966,3906,3641,3220,5249,5668,4033,3407,6757,7527,4456,3579,4836,4943,3930,3485,4.6532,-13.4944,8.929,48.402
80747,3278,3307,3421,3268,3576,3686,3930,3683,4016,5217,6076,4539,4306,6552,8287,5115,20.1536,3.44248,8.50141,48.1713
80748,4201,3953,3347,3241,6342,4552,3638,3335,9980,5251,3751,3406,5646,4537,3698,3276,5.59458,-32.2851,8.93612,48.1027
80749,11189,5704,3892,3466,7324,4929,3744,3313,4222,3807,3508,3170,3428,3429,3321,3167,-20.6239,-31.7756,8.80743,47.742
80750,3529,3967,5567,5710,3644,4352,7401,7113,3401,3829,4762,4974,3233,3328,3682,3781,-9.27047,14.9726,8.66497,48.182
80751,3652,3361,3212,3095,4596,4017,3425,3221,8619,5215,3799,3481,9258,5679,3944,3354,15.4585,-25.3447,8.74259,47.952
80752,3252,3508,3628,3586,3482,4081,4441,4095,3860,5209,7971,5322,3853,4793,6440,4985,12.3176,7.46937,8.98737,48.3373
80753,3228,3410,3406,3240,3618,3823,3713,3586,4089,4923,5035,4195,4523,7980,8271,4740,33.8612,0.432101,8.63057,47.8533
80754,3092,3173,3301,3257,3284,3636,3759,3922,3557,4062,5101,5676,3595,4434,8345,9829,28.2728,17.0143,8.60538,48.0153
80755,3494,3500,3204,3170,4251,3924,3498,3137,7280,5174,3815,3366,10669,6121,4105,3415,19.8861,-24.758,8.61118,48.082
80756,3453,3765,4353,4205,3595,4522,6763,5261,3673,4576,6930,5162,3391,3921,4463,4178,0.183818,9.62927,8.76587,48.1407
80757,3116,3277,3324,3368,3164,3463,3823,3939,3438,3742,4767,6089,3402,3844,6144,12405,31.2391,27.5233,8.53492,47.5367
80758,3076,3179,3319,3299,3285,3643,3780,3845,3657,4390,5353,5065,3816,5324,9633,7280,26.3719,10.5563,8.76037,47.9627
80759,3439,3948,5670,8445,3314,3903,5701,8506,3271,3468,4211,4677,3145,3244,3551,3635,-14.7875,21.9944,8.82065,48.0853
80760,4856,4259,3544,3170,8156,5291,3848,3344,7932,5107,3706,3431,4714,4117,3509,3121,-0.34024,-23.5208,8.79443,48.07
80761,5811,6035,4201,3549,6622,7647,4630,3626,4408,4658,3738,3510,3612,3647,3352,3174,-11.3017,-12.7042,8.81889,48.1467
80762,8323,6425,4068,3409,7707,5973,3901,3435,4412,4161,3622,3413,3594,3500,3332,3054,-16.1244,-19.4891,8.95002,48.2193
80763,3914,5815,9823,6513,3709,4432,5361,4848,3420,3651,3777,3716,3109,3208,3326,3360,-27.4227,8.3361,8.80096,47.988
80764,5447,5510,4217,3586,6696,7792,4550,3631,4492,4939,3903,3397,3821,3715,3495,3335,-9.054,-12.6675,8.51417,48.3507
80765,3242,3626,3446,3410,3589,4161,4222,3800,4293,6006,6822,4531,4230,5906,6446,4535,14.0454,1.80446,8.62165,48.1767
80766,3425,3426,3166,3069,4006,3823,3548,3164,6631,4981,3782,3373,11454,6805,3954,3335,23.8897,-22.9253,8.89473,47.9613
80767,3161,3520,3997,4271,3313,3660,4751,7071,3400,3794,5029,9362,3313,3573,4450,5337,3.64198,31.6628,8.77934,48.0013
80768,3058,3230,3406,3542,3232,3467,4020,4510,3307,3856,5012,8228,3339,3980,5571,10132,17.5254,30.1141,8.73108,47.9267
80769,3876,5057,6643,5312,3867,5212,7664,5250,3567,4010,4323,4053,3275,3421,3626,3294,-13.3638,7.06389,8.64496,48.3
80770,3273,3769,4793,7080,3341,3840,5275,10019,3206,3640,4314,5457,3194,3364,3700,3663,-9.76069,30.4471,8.85384,47.952
80771,11639,7010,4143,3319,6114,4931,3775,3381,3968,3758,3343,3145,3349,3230,3227,3155,-26.3662,-22.0215,8.69267,47.658
80772,7855,9180,4939,3726,5180,5601,4246,3604,3827,3866,3599,3346,3318,3378,3200,3138,-24.3363,-12.4163,8.82654,48.002
80773,9465,8383,4542,3542,5803,5286,4046,3519,3848,3827,3414,3281,3404,3433,3252,3104,-25.3879,-16.7311,8.75421,48.0993
80774,3484,3436,3331,3122,4426,3958,3500,3323,8360,5108,3803,3368,9829,5509,3862,3359,17.3216,-32.9274,8.95783,47.852
80775,4007,4264,3858,3576,5072,6729,4650,3622,5181,7010,4808,3625,4147,4382,3851,3472,0.62255,-8.64038,8.66648,48.1693
80776,3191,3348,3446,3248,3461,3718,3795,3581,3889,4758,5086,4416,4445,7219,9205,5123,28.3186,2.88214,8.7084,47.9527
80777,10465,5812,3748,3361,8000,5201,3829,3388,4320,3881,3437,3258,3547,3484,3263,3121,-18.4304,-28.5058,8.91757,48.0767
80778,4165,4050,3699,3331,5262,6046,4074,3413,6081,7641,4467,3631,4536,4662,3876,3445,3.34136,-11.9659,8.95061,48.2527
80779,3374,3479,3236,3116,3863,3882,3529,3203,5813,5153,3944,3402,10795,7606,4194,3462,33.3529,-19.3329,8.92646,48.034
80780,4430,6816,7762,4917,4132,5509,5805,4517,3601,3824,3935,3698,3250,3471,3491,3343,-19.7401,1.65962,8.58769,48.334
80781,3239,3232,3417,3416,3432,3496,3934,3878,3644,4291,5411,5087,3780,5305,9524,7395,26.1946,10.9906,8.56193,48.3207
80782,3407,3979,5378,5708,3573,4348,7375,7284,3332,3844,4839,4862,3170,3486,3772,3763,-8.99749,15.0896,8.67014,48.08
80783,3627,3554,3283,3069,4395,3984,3469,3300,7944,5185,3784,3345,10306,5897,3913,3337,18.0881,-26.1365,8.96365,48.2613
80784,3357,3443,3408,3339,3689,4112,3947,3714,4382,6109,5948,4279,4538,6654,6721,4415,16.7957,-0.217868,8.67272,48.0367
80785,3322,3334,3372,3141,3696,3844,3662,3439,4507,5194,4534,3976,5765,9550,6468,4145,30.6066,-5.26789,8.51421,47.966
80786,3343,3446,3328,3079,3749,4001,3528,3285,5013,5856,4319,3659,6765,9509,5456,3853,22.8203,-9.40922,8.89294,48.126
80787,3434,3416,3223,3152,3870,3833,3497,3250,6053,4582,3733,3357,12559,5939,3865,3387,32.1228,-31.4051,8.70291,47.4333
80788,3288,3352,3348,3248,3861,3736,3443,3337,5789,4536,3799,3428,12571,5939,3919,3380,33.396,-33.4877,8.92782,47.316
80789,3326,3723,4219,4578,3427,4129,6201,6712,3397,3985,6111,6728,3292,3760,4426,4481,0.0381827,16.6445,8.77762,48.33
80790,3193,3433,3698,3839,3352,3682,4550,5959,3463,3922,5347,9837,3281,3664,4699,6046,7.20078,33.5963,8.68221,47.9767
80791,3201,3359,3317,3120,3715,3770,3781,3503,4494,5307,4902,4009,5181,8767,7281,4448,25.3104,-2.81792,8.55334,48.1033
80792,4019,5463,8151,5769,3923,4668,6656,4951,3421,3668,4069,3817,3163,3384,3470,3439,-18.1023,7.33465,8.70381,48.0207
80793,3482,3834,5908,12007,3326,3748,4836,6690,3211,3592,3777,4005,3130,3325,3477,3350,-22.4331,32.9271,8.91865,47.7987
80794,4249,5711,5930,4437,4275,6411,6854,4411,3805,4208,4358,3779,3355,3507,3558,3443,-12.4129,1.09569,8.58395,48.194
80795,3918,5605,8937,5936,3789,4645,6250,5009,3481,3697,3969,3872,3192,3267,3439,3310,-20.172,7.91563,8.82087,48.2107
80796,3433,3784,4649,4923,3458,4109,6343,7543,3387,3853,5330,6199,3235,3557,4154,4286,-3.42534,17.6099,8.50782,48.162
80797,3182,3245,3461,3396,3255,3561,3936,3909,3506,4103,5078,5389,3513,4587,8787,9421,28.8447,15.8514,8.7918,48.2193
80798,3369,3388,3249,3177,3891,3708,3521,3234,5666,5141,4018,3442,10289,8069,4380,3528,28.151,-17.8387,8.50384,48.0467
80799,3138,3327,3397,3271,3400,3824,4069,3736,3938,4864,6181,4672,4047,5892,8847,5818,20.8491,6.4388,8.81692,48.2807
80800,3139,3247,3463,3416,3175,3490,3889,4053,3463,3907,5147,7272,3453,3960,5887,11093,20.0727,33.4931,8.64171,48.036
80801,3475,3300,3345,3189,4098,3805,3545,3241,6913,4742,3723,3338,11550,6102,4030,3440,22.2703,-29.2135,8.58339,47.8907
80802,5877,4527,3515,3342,9631,5159,3899,3331,6423,4616,3669,3389,4097,3882,3395,3246,-5.67754,-31.3291,8.68858,47.9987
80803,3105,3387,3479,3326,3448,3602,4104,3856,3514,4577,6368,5369,3736,5125,8442,6559,19.298,10.2731,8.74554,47.998
80804,3435,3973,5989,12669,3413,3827,4723,5964,3297,3373,3761,3756,3183,3255,3299,3322,-29.7449,32.3094,8.99666,47.4927
80805,3135,3271,3495,3541,3216,3533,4099,4533,3441,3915,5189,8423,3305,3835,5397,9476,16.3901,30.1924,8.55265,47.8693
80806,3605,3898,4082,3799,3785,5146,6062,4330,4041,5743,7195,4466,3654,4122,4454,4023,2.43721,2.95627,8.82778,48.27
80807,7505,9261,5197,3737,5235,5748,4345,3645,3860,3842,3672,3301,3249,3336,3188,3124,-24.3717,-11.6434,8.68438,48.1633
80808,3306,3335,3333,3165,3637,3920,3814,3580,4516,5705,5231,3997,5006,8203,7236,4460,21.7779,-1.98722,8.72351,48.296
80809,12339,6060,3914,3382,6512,4853,3813,3462,4031,3882,3514,3225,3319,3246,3257,3085,-25.2015,-30.2229,8.70104,47.9293
80810,3253,3555,3552,3436,3506,3917,4415,3926,3952,5370,7527,5061,3775,5083,6817,4989,13.6351,5.94168,8.68193,48.0893
80811,3110,3179,3406,3440,3146,3561,3871,4170,3438,3796,5212,7010,3343,3994,6531,10784,20.8809,23.2835,8.73742,47.994
80812,3798,4699,6241,5109,3785,5200,8058,5444,3584,3959,4741,4156,3272,3432,3652,3535,-11.8425,7.97528,8.73781,48.4433
80813,3114,3133,3270,3391,3229,3588,4033,4056,3389,3873,4928,7205,3430,3886,5910,11013,20.848,33.6615,8.55747,47.632
80814,3584,4788,9076,8595,3561,4132,5489,5393,3391,3554,3790,3868,3088,3291,3362,3435,-25.7151,14.3223,8.75855,48.2647
80815,4464,4267,3749,3307,6617,5970,4075,3468,6687,6196,4170,3393,4660,4322,3692,3267,0.718797,-16.7899,8.63683,48.2027
80816,6658,6615,4287,3630,6970,6873,4223,3546,4493,4338,3663,3395,3568,3479,3388,3214,-14.1368,-15.1521,8.65674,48.2267
80817,3460,4032,6778,11082,3463,3938,5020,6651,3231,3479,3922,4049,3053,3267,3573,3366,-23.275,22.4652,8.62905,48.2427
80818,3161,3157,3426,3447,3311,3440,3947,4249,3473,3857,5530,7395,3492,4117,6615,9387,18.4736,20.6896,8.75317,48.0027
80819,3323,3821,5641,10272,3372,3754,4985,8141,3174,3591,3895,4444,3075,3204,3532,3587,-17.8443,31.353,8.83313,47.874
80820,3459,3788,3995,3952,3642,4811,6344,4687,3849,5072,7380,4933,3687,4068,4463,4163,2.20805,6.62789,8.64202,48.1953
80821,3373,3708,4248,3930,3654,4645,6634,5003,3704,4657,7480,5273,3447,4102,4560,4203,1.62385,8.51512,8.91395,48.414
80822,4598,7825,8237,4849,4237,5057,5254,4302,3587,3768,3800,3560,3175,3353,3328,3237,-23.8251,0.695933,8.77874,48.1113
80823,3201,3511,4068,4475,3373,3656,4883,7429,3423,3654,5073,8910,3287,3514,4327,5124,2.35162,33.3407,8.93216,47.9387
80824,10283,5622,3953,3400,8076,4998,3862,3406,4436,3927,3446,3277,3384,3462,3185,3166,-18.0222,-33.1115,8.7258,47.922
80825,3028,3193,3570,3535,3230,3646,4091,4465,3408,4030,6263,7332,3454,4282,6730,8043,16.6036,18.162,8.96687,48.2
80826,4130,3796,3428,3231,6638,4589,3724,3210,9768,5201,3852,3518,5922,4570,3599,3318,5.15212,-28.4647,8.91232,48.3293
80827,3797,3645,3270,3206,5435,4412,3538,3225,9794,5241,3910,3403,7386,4990,3730,3381,10.255,-31.2397,8.85053,48.242
80828,3373,3423,3307,3106,4045,4079,3552,3253,6166,5658,3967,3530,9248,7727,4472,3522,21.6388,-17.2816,8.83596,48.2853
80829,3979,3860,3391,3301,5541,5184,3900,3307,7558,7195,4230,3540,5299,5107,3865,3394,6.29956,-16.1922,8.58523,48.434
80830,6688,6281,4274,3498,7188,6858,4276,3496,4408,4473,3682,3351,3603,3471,3449,3201,-13.3492,-15.7251,8.50683,48.1313
80831,3269,3881,5488,9921,3398,3799,5033,8581,3252,3543,3990,4623,2981,3162,3456,3426,-16.3182,29.5366,8.98005,47.8687
80832,3569,3611,3486,3377,4146,4579,4220,3645,4871,7774,5734,3935,4525,5899,4983,3963,10.5454,-4.55507,8.8311,48.2113
80833,3445,4309,6985,8338,3341,4005,5990,7165,3306,3606,4102,4225,3155,3171,3520,3499,-17.8101,18.1488,8.57799,48.108
80834,6087,4664,3719,3308,9844,5294,3825,3331,5875,4596,3644,3214,3848,3786,3324,3256,-7.61775,-33.8595,8.59881,47.7433
80835,3620,4740,8865,8622,3540,4164,5420,5461,3303,3456,3854,3908,3106,3193,3405,3370,-24.4766,14.4559,8.91592,48.018
80836,3097,3232,3337,3283,3229,3516,3838,3912,3532,4152,5305,5465,3571,4636,8952,9059,26.4156,14.7606,8.98046,48.0773
80837,5833,4586,3620,3284,9675,5197,3785,3315,6618,4614,3619,3370,4099,3790,3464,3240,-5.45213,-27.1277,8.9275,48.0727
80838,7923,5204,3736,3470,9599,5505,3779,3395,5153,4175,3548,3334,3685,3575,3275,3055,-12.256,-26.6805,8.87496,48.274
80839,3163,3251,3270,3367,3302,3715,3777,3662,3607,4382,5277,5006,3797,5394,9842,6944,33.7106,9.42736,8.78818,47.8373
80840,3049,3324,3727,3951,3363,3584,4293,5470,3383,3875,5339,9791,3329,3777,5034,7140,9.88855,26.2917,8.74892,48.286
80841,4182,4111,3666,3320,5745,5927,4032,3499,6710,6946,4214,3496,4688,4557,3786,3361,2.49793,-14.7069,8.93995,48.16
80842,4543,4158,3629,3263,7635,5263,3722,3369,8028,5492,3885,3287,4903,4303,3660,3257,0.722515,-21.9604,8.64383,48.2647
80843,4626,7779,8724,5059,3985,4830,5037,4380,3417,3844,3793,3510,3247,3313,3452,3291,-31.3954,1.51672,8.64765,48.1913
80844,3414,3364,3194,3106,4098,3940,3390,3160,7140,4977,3823,3356,11338,5852,3869,3369,20.8223,-33.5089,8.97064,47.5933
80845,3392,3491,3335,3070,4251,3962,3424,3286,8064,5055,3874,3459,10160,5613,3932,3423,17.7575,-33.7135,8.74991,47.8607
80846,3361,3439,3210,3126,3816,3871,3466,3220,5786,4939,3875,3280,11618,7352,4212,3382,29.6099,-21.1286,8.92507,47.9687
80847,3429,3631,3735,3557,3857,4696,5125,4126,4115,6202,7450,4614,3915,4686,5127,4176,6.89379,2.77682,8.69783,48.294
80848,4260,6137,8003,5217,3947,5183,6467,4606,3433,3912,4022,3776,3193,3275,3456,3384,-18.2874,4.5216,8.91735,48.1807
80849,7499,9905,5271,3640,4970,5186,4147,3676,3727,3796,3601,3349,3313,3372,3260,3270,-30.0187,-11.0837,8.98179,47.988
80850,3185,3160,3338,3328,3376,3681,3876,3767,3694,4165,5506,5203,3635,5060,9510,7643,25.1037,11.9316,8.76041,48.0847
80851,3131,3457,3800,4135,3365,3635,4700,6357,3379,3849,5559,9487,3293,3677,4663,5774,5.99872,23.4,8.95138,48.174
80852,3108,3264,3443,3303,3197,3259,3813,4185,3291,3802,4828,6816,3341,4020,5755,12262,23.4835,29.1036,8.98321,47.7913
80853,4780,4254,3446,3340,8205,4947,3766,3446,8093,4742,3826,3404,4644,4152,3671,3252,-0.069513,-33.4851,8.67729,47.9787
80854,3273,4009,6382,10779,3522,3758,5126,7310,3152,3364,3872,4264,3151,3174,3444,3467,-20.0293,23.8011,8.94444,48.0313
80855,3249,3379,3445,3205,3451,3706,3828,3530,4031,4746,5154,4440,4337,7238,9202,5321,32.8356,3.40403,8.55559,48.1747
80856,3069,3233,3509,3350,3352,3510,3835,3846,3572,4221,5220,5077,3711,5070,9661,7694,29.8572,11.7115,8.84754,47.9533
80857,3073,3260,3384,3251,3355,3556,3850,3707,3789,4479,5683,4740,3961,5794,9852,6408,24.802,7.8104,8.98765,48.0947
80858,3266,3500,3993,4069,3390,3827,5259,5933,3447,4049,6647,7966,3408,3802,4687,5193,5.20186,18.0346,8.70423,48.2907
80859,3331,3808,4235,4257,3613,4501,6631,5323,3634,4511,6929,5696,3442,3925,4518,4396,0.593643,10.7219,8.62037,48.5
80860,4274,6783,9324,5757,3982,4769,5349,4451,3426,3730,3834,3693,3146,3235,3372,3222,-26.3786,4.85109,8.62364,48.2313
80861,3405,3396,3300,3083,3877,4080,3685,3258,5501,6341,4521,3662,6924,8419,4884,3701,19.6109,-11.3381,8.67019,48.0247
80862,10710,7530,4312,3477,6213,5118,3840,3400,3874,3734,3479,3199,3338,3347,3202,3035,-25.0891,-19.9629,8.8193,47.872
80863,3370,3331,3306,3220,3589,3826,3622,3371,4650,5335,4646,3930,5725,9535,6316,4185,27.1001,-5.62907,8.66554,47.9713
80864,6385,5818,4054,3429,7685,6869,4175,3465,4784,4542,3625,3384,3724,3668,3334,3187,-11.217,-16.9228,8.72205,48.0853
80865,3291,3713,4960,7607,3446,3827,5271,9738,3222,3536,4387,5061,3094,3467,3602,3760,-11.2839,27.2324,8.87829,47.988
80866,3037,3301,3505,3453,3293,3684,4035,4489,3385,4048,5994,7799,3455,4153,6299,8269,15.8607,19.6436,8.87992,48.1327
80867,3632,3677,3311,3166,4602,4289,3583,3382,8245,5930,3932,3404,7840,5796,3962,3371,13.9885,-20.375,8.77458,48.0813
80868,3097,3403,3938,3954,3390,3790,5038,5496,3507,4141,6792,7905,3297,3910,5013,5612,6.44272,17.6946,8.61806,48.1887
80869,4919,7369,5971,4186,4628,6790,5449,3991,3870,4179,3968,3664,3342,3501,3422,3260,-16.4429,-3.81878,8.95397,48.3393
80870,3166,3249,3369,3301,3434,3624,3958,3878,3688,4503,5932,4987,3856,5562,9227,6470,21.907,8.87731,8.64037,48.136
80871,4963,4183,3549,3253,8532,5095,3848,3361,8061,4894,3734,3227,4751,4029,3455,3185,-0.747748,-26.279,8.93053,48.08
80872,3120,3285,3499,3583,3407,3613,4403,4415,3601,4297,7016,7115,3505,4261,6399,6481,13.6305,14.9563,8.70717,48
80873,3157,3183,3253,3502,3249,3539,3748,3904,3443,3788,4939,6457,3370,3993,5986,12071,25.3328,31.8403,8.55811,47.7213
80874,3477,3612,3338,3253,4242,4274,3901,3409,5571,7554,4827,3707,5672,6979,4860,3817,14.1216,-8.75527,8.63353,48.3287
80875,3302,3665,4869,5916,3301,3839,5807,9347,3370,3567,4789,5887,3147,3344,3902,4041,-6.94897,22.6523,8.93797,48.062
80876,8631,7462,4291,3466,6486,5842,4037,3583,4137,4040,3538,3339,3509,3533,3292,3070,-19.5149,-16.8814,8.63078,48.1707
80877,3396,3539,3707,3542,3706,4379,4896,4149,3936,5859,7744,4786,3796,4532,5598,4404,8.58607,4.61544,8.58216,47.9793
80878,4850,8642,7653,4576,4289,5120,4830,4075,3471,3837,3750,3468,3408,3331,3482,3242,-33.5996,-1.34135,8.62717,48.016
80879,3202,3464,4126,4309,3416,3981,5534,6357,3447,4091,6445,7658,3288,3701,4544,5058,3.05354,17.7412,8.93158,48.414
80880,3630,3582,3532,3436,4076,4610,4283,3675,4984,7671,5714,4093,4572,5920,4710,3882,10.3527,-4.86071,8.57599,48.2467
80881,3443,3826,4169,3839,3743,4668,6468,4749,3765,5087,7269,5030,3512,3979,4485,4098,1.93177,7.23634,8.80777,48.0867
80882,3959,5862,8366,5706,3940,4927,6212,5038,3403,3758,3966,3900,3183,3446,3459,3346,-19.6005,6.15049,8.55325,48.314
80883,3102,3295,3389,3251,3306,3523,3786,3882,3529,4135,5655,5479,3672,4798,8967,8086,23.5136,13.4462,8.93184,47.9033
80884,4593,7964,8519,4931,4114,5028,4943,4282,3573,3694,3759,3550,3200,3298,3380,3252,-29.2466,0.990883,8.77471,48.0533
80885,3607,3523,3357,3156,4640,4124,3588,3252,7991,6257,4124,3468,7573,6252,4099,3401,14.2867,-18.895,8.80184,48.2747
80886,3742,5480,9936,7083,3578,4351,5230,5087,3340,3647,3683,3731,3103,3235,3462,3404,-30.4823,9.797,8.75299,48.0613
80887,3455,3341,3366,3107,3999,3817,3517,3320,5838,4636,3610,3404,12592,5920,3894,3390,31.5811,-31.1576,8.79833,47.4707
80888,3549,3556,3320,3212,4238,4407,3820,3360,6178,7003,4472,3632,6435,7077,4587,3540,14.9631,-12.4356,8.55833,48.2573
80889,10045,7093,4258,3476,6633,5371,3984,3511,4184,3960,3569,3346,3321,3317,3256,3054,-21.6247,-19.8345,8.69831,48.252
80890,3072,3195,3401,3621,3240,3652,3888,4352,3453,3942,5382,7587,3346,3840,5903,9918,18.0811,24.008,8.63216,47.8613
80891,3429,3988,6375,12297,3234,3834,4872,5941,3184,3465,3732,4004,3096,3317,3348,3450,-31.2458,24.923,8.7102,47.7107
80892,3285,3951,6263,12791,3352,3811,4815,6143,3128,3383,3689,3935,3142,3280,3322,3330,-28.1991,27.3008,8.95184,47.7467
80893,4527,7740,9102,5039,4007,4698,5075,4373,3495,3672,3823,3527,3323,3315,3314,3211,-29.0782,1.92271,8.91037,48.1607
80894,3351,4053,6411,12364,3325,3807,4818,6174,3177,3452,3694,3959,3142,3278,3488,3319,-27.4126,25.3868,8.73533,47.8747
80895,3498,3862,4131,3890,3788,4761,6012,4521,3696,5266,7579,4910,3706,4129,4680,4196,2.80246,5.5833,8.91845,48.4167
80896,3328,4082,6692,11847,3386,3792,4973,6343,3198,3452,3847,3971,3040,3103,3394,3337,-24.3986,23.2424,8.89822,47.8567
80897,4366,6661,8355,5249,3985,5154,5924,4530,3479,3858,3930,3623,3212,3360,3403,3273,-20.8372,3.59647,8.8099,48.2413
80898,3416,3624,3745,3488,3946,4664,4671,3833,4413,7093,6795,4323,4137,5080,5087,3984,8.46576,-0.377403,8.64828,48.1993
80899,3470,4143,5702,6208,3499,4123,7020,7596,3329,3647,4600,4914,3130,3434,3733,3799,-10.6088,16.5009,8.7115,48.2313
80900,7852,5090,3810,3214,9553,5195,3876,3342,5056,4259,3616,3254,3621,3625,3375,3158,-12.2902,-27.4297,8.8337,47.9307
80901,3146,3290,3407,3578,3273,3527,4147,4766,3349,3826,5264,9217,3288,3863,5453,8751,14.1541,30.6985,8.6503,48.0967
80902,4017,4490,4250,3788,4343,6937,6115,4117,4167,5780,5246,4034,3790,3968,3866,3602,-2.78984,-1.4439,8.96331,48.34
80903,3679,3604,3317,3124,5359,4390,3656,3228,9497,5692,3936,3379,7137,5087,3785,3339,10.7512,-23.6365,8.86182,48.1393
80904,3523,4347,6477,5905,3610,4493,7652,6253,3424,3671,4611,4245,3173,3491,3632,3617,-12.7682,12.0914,8.81874,48.0827
80905,4283,6954,9379,5408,3916,4699,5135,4390,3403,3709,3852,3629,3162,3323,3379,3365,-32.8668,3.84793,8.65811,47.9907
80906,3314,3638,4141,4196,3435,4084,5838,5775,3506,4142,6913,6808,3395,3836,4604,4759,2.74815,14.6199,8.87388,48.256
80907,6981,9827,5461,3761,4955,5558,4393,3638,3750,3854,3601,3292,3371,3394,3262,3161,-25.692,-9.78235,8.84166,48.1727
80908,3245,3247,3346,3246,3462,3704,3590,3707,3971,4591,5086,4503,4347,7059,9382,5244,29.6233,3.20141,8.53177,47.82
80909,3600,4233,4954,4287,3840,5626,8017,4994,3617,4417,5601,4442,3389,3681,3920,3795,-5.5538,6.0288,8.89672,48.2753
80910,3302,3618,4386,5298,3299,3802,5199,9166,3352,3763,4812,7253,3153,3442,3992,4433,-3.00224,28.5847,8.74713,48.18
80911,3225,3078,3319,3409,3218,3502,3748,3917,3425,3864,4867,5823,3360,4196,7218,11258,30.9178,20.8128,8.73154,47.618
80912,3321,3345,3328,3276,3882,3817,3587,3284,5131,5243,4190,3622,7444,9687,5252,3683,28.2423,-11.083,8.76276,48.0613
80913,4512,7995,8439,4859,4148,4942,4973,4113,3552,3797,3781,3572,3262,3418,3261,3278,-30.473,0.694911,8.79008,47.9347
80914,3210,3396,3321,3270,3459,3744,3771,3486,4273,4944,4867,4133,4918,8632,7844,4627,31.7499,-1.10699,8.84703,47.93
80915,3276,3367,3576,3500,3443,3905,4389,4172,3661,4747,7567,5696,3705,4723,6715,5711,13.8017,9.76628,8.63607,48.102
80916,3402,4505,8360,9777,3431,3917,5158,5520,3198,3511,3859,3928,3191,3243,3418,3392,-32.8705,16.8267,8.84707,47.8733
80917,3556,4310,6342,6464,3521,4262,7054,6923,3340,3799,4375,4503,3242,3304,3598,3648,-12.8814,14.7694,8.58444,48.1607
80918,3552,3951,4683,4267,3589,4786,7357,5516,3668,4500,6311,4972,3489,3746,4189,4002,-2.33748,8.97205,8.70958,48.3853
80919,9313,7772,4335,3528,6269,5518,4018,3455,4143,3901,3494,3224,3344,3452,3178,3190,-21.8547,-17.3798,8.69482,48.0893
80920,5379,7633,5506,4042,5059,7019,5098,3984,3753,4182,3828,3538,3341,3440,3461,3234,-16.681,-6.17847,8.66114,48.3313
80921,6348,5584,4074,3451,7899,6672,4202,3543,4921,4520,3754,3264,3764,3772,3380,3257,-10.8227,-17.7772,8.63279,48.27
80922,3141,3270,3372,3461,3143,3539,3780,3973,3353,3820,4886,6006,3368,3950,6611,11850,30.083,23.1359,8.50222,47.682
80923,5551,9316,6564,4110,4513,5682,4691,3882,3721,3840,3717,3466,3309,3324,3439,3116,-23.9957,-5.23306,8.85272,48.1607
80924,3422,3932,5986,12585,3372,3653,4623,5861,3336,3405,3730,3958,3232,3176,3354,3469,-32.3555,32.7196,8.77461,47.396
80925,8230,9207,4898,3515,5554,5447,4112,3616,3871,3885,3679,3192,3229,3247,3248,3059,-25.004,-13.4601,8.92342,47.9927
80926,3376,3417,3289,3073,4194,4035,3648,3249,6940,6111,3983,3563,8464,7098,4323,3445,18.0092,-17.4672,8.97993,48.1387
80927,3456,3519,3712,3512,3637,4279,4833,4067,4068,5980,7813,4708,3923,4912,5475,4391,9.12384,3.60849,8.88843,48.19
80928,3300,3686,4509,5724,3433,3820,5209,9553,3409,3646,4559,6573,3223,3460,3969,4120,-5.14069,27.599,8.59677,48.1287
80929,3511,4105,7323,11060,3348,3872,4901,6176,3291,3421,3780,3962,3117,3141,3301,3443,-26.3351,20.8682,8.9789,47.8347
80930,8621,5255,3910,3415,9142,5059,3733,3386,4772,4026,3524,3197,3719,3615,3307,3104,-14.348,-31.5091,8.64223,47.8567
80931,3328,3826,4369,4506,3480,4269,6445,6400,3468,4105,6315,6216,3361,3648,4311,4326,-0.645884,14.8722,8.73467,48.2487
80932,3531,3881,3791,3726,3817,4812,5426,4216,4053,5947,7371,4728,3842,4501,4818,4307,5.16619,3.51666,8.8389,48.5113
80933,3588,3790,3373,3181,4705,4336,3786,3396,7098,6853,4123,3504,6439,6119,4113,3461,12.5784,-15.7969,8.53102,47.91
80934,8193,5246,3898,3369,9330,5110,3766,3406,4872,4164,3448,3324,3687,3653,3239,3119,-13.0164,-32.0464,8.73341,47.8827
80935,4211,5512,6421,4576,4100,6016,7203,4734,3703,4133,4466,3849,3372,3362,3541,3436,-12.835,2.82692,8.86554,48.4233
80936,3221,3452,3955,4194,3310,3625,4691,7032,3437,3732,5078,9512,3324,3620,4454,5328,3.7568,32.2456,8.87918,47.9767
80937,6980,5086,3792,3340,9201,5981,3850,3458,5342,4508,3708,3285,3678,3694,3369,3097,-10.3009,-22.3438,8.58436,48.246
80938,9151,5679,4111,3327,8519,5418,3860,3306,4538,4020,3576,3212,3535,3465,3226,3157,-16.2256,-24.0767,8.93461,48.0667
80939,3072,3235,3373,3305,3476,3687,3897,3635,3925,4619,5197,4481,4219,6830,9543,5436,28.3787,4.61374,8.85753,47.9533
80940,5797,7850,5143,3810,5243,7029,4851,3819,4044,4233,3844,3493,3484,3454,3275,3179,-17.0233,-8.00687,8.69863,48.3653
80941,7050,9851,5359,3665,4962,5401,4259,3634,3837,3869,3667,3307,3323,3405,3354,3150,-28.3291,-10.3579,8.78088,48.062
80942,3222,3295,3733,3810,3186,3670,4438,5401,3416,3741,5466,9692,3316,3785,4918,7106,10.0427,25.4776,8.73939,48.13
80943,3183,3361,3573,3698,3351,3521,4178,5287,3236,3849,5320,9996,3376,3827,5021,7168,10.3225,33.6082,8.99673,47.9633
80944,3387,3587,3499,3369,3680,4368,4000,3627,4704,7276,5870,4093,4700,6400,5492,4148,13.4105,-3.05605,8.95914,48.1333
80945,4718,4574,3766,3322,6976,6685,4100,3494,6066,5841,3918,3472,4367,4070,3609,3264,-2.29565,-15.6531,8.91344,48.1613
80946,3208,3283,3409,3380,3263,3558,3882,3881,3483,4238,5384,5108,3716,5161,9405,7914,26.9879,12.4065,8.64169,48.182
80947,3305,3432,3774,4034,3327,3580,4502,6382,3458,3738,5116,9759,3320,3608,4648,5884,5.61051,33.2857,8.80858,47.9113
80948,3659,5135,9600,7655,3703,4211,5238,5177,3241,3544,3841,3908,3083,3198,3430,3255,-31.2331,11.6272,8.70367,47.9187
80949,3216,3531,3770,3671,3324,3875,4935,4784,3542,4449,7717,6683,3627,4262,5602,5522,9.3673,13.1725,8.77508,48.34
80950,6210,5083,3852,3364,8871,6335,3979,3434,5407,4690,3542,3307,3916,3685,3463,3235,-8.74007,-20.3284,8.64726,48.2487
80951,6446,4838,3734,3267,9733,5237,3846,3389,5829,4392,3620,3267,3953,3675,3381,3204,-8.48171,-32.7488,8.54407,47.874
80952,3817,3949,3805,3511,4454,6126,4760,3658,4842,7625,5374,3784,4187,4638,4072,3729,3.36454,-5.55556,8.96477,48.2207
80953,3092,3251,3448,3372,3367,3674,3907,3963,3744,4368,6054,5254,3717,5089,9026,6836,21.3212,10.7622,8.53036,48.108
80954,6609,9589,5594,3847,5023,5523,4437,3783,3762,3856,3566,3402,3328,3402,3334,3147,-25.4261,-9.00198,8.60208,48.1347
80955,8656,5395,3844,3362,9207,5282,3867,3432,4831,4157,3637,3111,3713,3620,3148,3146,-13.7376,-27.3277,8.70369,48.272
80956,3504,3465,3303,3127,4024,4282,3743,3257,6003,6632,4214,3591,6922,7516,4507,3703,16.9235,-13.0721,8.57984,47.862
80957,9257,8370,4502,3672,5850,5365,4077,3528,3996,3821,3530,3269,3344,3421,3217,3141,-23.7643,-16.3698,8.70131,48.24
80958,3510,4226,6946,8820,3503,4061,5728,7104,3212,3576,4030,4292,3129,3304,3440,3451,-18.3382,18.7859,8.67791,48.2213
80959,4000,5513,7315,5152,3981,5509,7164,4799,3556,3886,4149,3995,3265,3364,3449,3409,-15.6809,5.13202,8.69129,48.3373
80960,3735,3553,3257,3106,4858,4106,3609,3203,9098,5186,3771,3293,8494,5338,3887,3394,13.8536,-28.2031,8.5977,47.9253
80961,3331,3620,3723,3605,3660,4441,4886,4103,4069,5975,7668,4829,3842,4711,5511,4361,9.27237,3.96891,8.9243,48.2233
80962,3402,3932,5406,7858,3359,3896,5695,9008,3172,3634,4170,4919,3113,3406,3608,3711,-13.1181,23.2666,8.63071,48.1927
80963,3943,5186,6099,4700,4027,5819,7765,4683,3550,4194,4703,3932,3226,3539,3651,3445,-11.5822,4.38492,8.73193,48.308
80964,11492,6715,4053,3351,6452,4986,3827,3439,4018,3779,3521,3199,3305,3451,3119,3188,-24.2284,-23.2369,8.67993,47.93
80965,6964,6847,4337,3534,6742,6743,4273,3567,4349,4309,3602,3332,3542,3483,3385,3133,-15.5248,-15.0035,8.58374,48.0947
80966,3469,3731,5905,9149,3409,3925,5550,8154,3215,3571,4016,4486,3066,3373,3391,3592,-16.1761,23.2477,8.81971,48.0013
80967,3233,3340,3323,3161,3467,3758,3612,3457,4287,5067,4863,4155,5159,8866,7848,4636,29.7322,-1.64754,8.98402,48.1547
80968,3073,3255,3400,3378,3403,3616,3981,3669,3644,4309,5176,5056,3729,5240,9747,7521,32.7514,11.1645,8.84582,48.1313
80969,5253,4445,3658,3200,9418,4934,3791,3397,7189,4710,3738,3338,4498,3940,3389,3315,-3.34173,-30.2256,8.74289,48.142
80970,10391,6722,4102,3474,7056,5197,3879,3315,4265,3891,3527,3167,3344,3482,3261,3156,-21.4804,-22.1597,8.71299,48.1527
80971,3129,3416,3556,3442,3362,3650,4274,4144,3603,4671,7273,5631,3712,4845,7468,6142,15.6859,10.2703,8.80524,48.212
80972,3328,3420,3804,4054,3255,3678,4580,6176,3377,3788,5227,9903,3319,3636,4567,6227,6.52005,28.3011,8.88431,48.226
80973,3387,3879,5499,10395,3412,3821,4998,8080,3204,3547,3854,4267,3035,3293,3542,3379,-18.6304,28.2303,8.71921,47.728
80974,3389,3317,3287,3037,4114,3879,3416,3231,7280,5038,3767,3387,11125,5916,3987,3501,20.73,-33.0834,8.61896,47.7807
80975,3238,3368,3256,3241,3521,3792,3754,3563,4352,5195,5128,4124,5005,8491,7604,4584,25.2605,-1.49199,8.56755,48.144
80976,3411,3359,3314,3156,3947,3728,3477,3170,6266,4733,3667,3404,12616,6044,3910,3327,26.6537,-28.4316,8.785,47.686
80977,3149,3462,3778,3748,3332,3663,4589,5182,3419,4014,6484,8259,3307,3910,5376,6349,9.61225,19.2012,8.51822,48.014
80978,12396,5867,3904,3454,5977,4517,3753,3386,3991,3704,3470,3244,3435,3517,3342,3152,-33.8451,-31.7577,8.75795,47.406
80979,4271,3917,3542,3125,7279,4797,3759,3379,9026,5039,3663,3405,5261,4351,3669,3290,2.85489,-30.4173,8.77119,47.8487
80980,9091,6308,3947,3423,7738,5638,3928,3466,4504,4031,3579,3253,3559,3470,3232,3144,-17.3271,-21.1126,8.74939,48.2073
80981,3044,3205,3425,3405,3203,3482,3739,3888,3365,3757,4823,5958,3492,4004,6775,12092,28.4494,24.1772,8.52668,47.7713
80982,3519,3304,3290,3201,4128,3918,3373,3214,7286,5013,3863,3368,11129,6291,3960,3312,21.3043,-25.2303,8.67827,48.1127
80983,3970,4994,7271,5412,3893,5033,7425,5333,3445,3926,4353,4013,3221,3404,3457,3428,-15.1594,7.83913,8.61628,48.3853
80984,3755,5176,9850,7492,3623,4222,5300,4979,3238,3688,3899,3630,3200,3263,3325,3419,-30.9306,11.0527,8.86223,48.0393
80985,3369,3315,3250,3065,4066,3824,3566,3232,5778,5587,4052,3548,8507,8501,4755,3604,22.8403,-14.9373,8.62255,48.0127
80986,3284,3521,4136,4447,3415,3723,4945,7573,3324,3895,5032,8521,3297,3557,4172,4957,1.82649,33.565,8.58994,47.866
80987,3458,3457,3320,3088,3919,3827,3449,3253,5705,5044,3942,3552,9711,8081,4352,3528,33.935,-17.3255,8.63902,47.7907
80988,3447,4035,5014,4984,3666,4556,7649,6557,3456,3944,5371,5005,3191,3502,3882,3937,-5.87188,12.8456,8.8198,48.1307
80989,3430,3313,3214,3140,3936,3762,3462,3210,6305,4749,3667,3408,12276,6412,3900,3331,27.1186,-25.7171,8.70249,47.6767
80990,3622,3532,3283,3118,4561,4151,3626,3298,8060,5648,4019,3472,8624,5937,3997,3485,15.5869,-21.3729,8.88234,48.2887
80991,3414,3818,4005,3829,3749,4609,5764,4425,3951,5375,7734,5023,3730,4121,4753,4184,4.07744,6.17745,8.76329,48.3227
80992,3368,3480,4059,4404,3348,4058,5423,6328,3382,4003,6395,7519,3234,3709,4499,4890,2.75897,17.4351,8.56681,48.066
80993,3439,4375,7900,10133,3293,4018,5131,5911,3281,3542,3920,3856,3086,3268,3326,3312,-25.4212,18.4226,8.94888,47.8607
80994,7558,5052,3729,3364,9533,5372,3792,3328,5232,4253,3669,3299,3865,3630,3340,3186,-11.6626,-26.2722,8.79121,48.1347
80995,3187,3367,3379,3393,3240,3466,3882,3991,3362,3727,4826,6218,3291,3858,6024,12438,33.9745,27.1619,8.72672,47.766
80996,3771,5014,7902,6127,3669,4533,7015,5514,3391,3686,4204,3953,3244,3343,3369,3358,-16.882,9.40436,8.97066,48.062
80997,3210,3389,3522,3425,3473,3718,4313,3881,3765,4907,7310,5414,3694,5103,7575,5551,15.9865,8.19234,8.83041,48.1667
80998,4121,4469,3817,3399,5075,6972,4670,3680,5038,6978,4682,3780,4136,4244,3881,3439,-0.0787472,-8.4424,8.99665,48.254
80999,3394,3384,3194,3021,4033,3874,3482,3314,6340,5346,3874,3525,10436,7342,4155,3458,22.4753,-19.9473,8.94459,48.1147
81000,3330,3252,3405,3186,3787,3831,3548,3322,4848,5261,4314,3712,6843,10051,5509,3946,30.8874,-9.01437,8.87369,48.0967
81001,5575,4446,3661,3346,9433,5038,3754,3407,7115,4585,3661,3381,4248,3922,3367,3072,-4.18684,-30.0982,8.67806,48.0073
81002,3916,5665,10030,6514,3733,4390,5132,4870,3418,3611,3939,3652,3189,3259,3350,3283,-32.4975,8.86916,8.56185,47.9673
81003,4310,7186,9170,5299,4009,4767,5125,4386,3463,3663,3817,3536,3256,3235,3287,3224,-27.4224,2.75214,8.73371,47.822
81004,3210,3279,3345,3338,3463,3753,3719,3638,4187,5312,5524,4195,4676,7571,8129,4878,22.4094,0.979776,8.98089,48.1447
81005,3150,3192,3447,3362,3189,3473,3858,3845,3396,3749,4749,6097,3310,3811,6056,12625,32.8233,27.4504,8.87214,47.5393
81006,3457,3621,3522,3304,3918,4483,4047,3531,5090,7780,5474,3900,4828,6488,5006,3998,12.1732,-5.88947,8.87546,48.298
81007,3333,3317,3306,3285,3559,3707,3769,3441,4200,4941,4969,4102,4786,8486,8082,4629,31.3957,-0.373101,8.66055,47.9413
81008,3224,3380,3717,3728,3355,3622,4321,5114,3393,3935,6175,8708,3336,3896,5336,6924,10.8937,20.4155,8.95256,48.1093
81009,11837,6865,3922,3337,5971,5001,3819,3422,3992,3845,3475,3185,3417,3389,3116,3123,-32.8055,-22.4676,8.98496,47.8107
81010,3396,3817,5184,8038,3372,3777,5356,9623,3269,3574,4188,4710,3154,3355,3531,3608,-12.6657,33.3905,8.90023,47.968
81011,5209,9079,7332,4332,4418,4956,4710,3927,3594,3667,3711,3384,3255,3345,3399,3214,-30.0789,-2.5868,8.56644,47.688
81012,3100,3389,3479,3678,3292,3647,4157,4631,3452,4137,6094,8043,3411,4024,6115,7618,14.1094,19.3085,8.77813,48.178
81013,3197,3331,3593,3549,3262,3477,3922,4289,3387,3871,5098,7570,3482,4031,6036,10421,19.538,25.3615,8.67438,48.344
81014,3506,4815,8965,8337,3591,4242,5584,5470,3310,3467,3812,3932,3110,3288,3368,3471,-24.5246,13.8744,8.69908,48.1787
81015,3191,3452,3699,3957,3303,3559,4417,5531,3461,3879,5336,9536,3360,3662,4980,7079,9.83867,27.9401,8.54738,48.268
81016,3217,3471,4276,4734,3334,3734,4850,8368,3307,3727,4956,8205,3206,3592,4247,4866,-0.0907706,31.8211,8.89664,48.06
81017,3476,3416,3220,3130,4305,3989,3668,3254,7957,5086,3766,3284,10151,5636,3903,3309,18.1055,-32.2857,8.67803,47.7
81018,3525,3332,3236,3114,4094,3802,3451,3238,6151,4804,3650,3317,12642,6057,3861,3330,33.9602,-26.5006,8.93922,47.736
81019,9355,8687,4543,3683,5493,5144,4002,3591,3806,3903,3613,3260,3338,3339,3310,3049,-28.8932,-16.157,8.74528,48.0773
81020,3162,3264,3369,3446,3201,3376,3773,3976,3370,3806,4859,6403,3387,4016,6126,12223,25.6417,27.6187,8.68612,47.838
81021,3119,3240,3487,3633,3225,3460,4086,4875,3338,3882,5312,9184,3402,3885,5434,8369,13.5372,27.4152,8.76679,47.954
81022,6065,4787,3735,3331,9658,5657,3824,3355,5841,4532,3609,3342,3966,3846,3417,3143,-7.25952,-24.2758,8.89362,48.072
81023,3120,3509,3904,4097,3317,3597,4668,6886,3394,3800,5241,9450,3336,3728,4476,5621,4.23283,28.4627,8.84894,48.096
81024,3336,3416,3354,3225,3721,3959,3609,3393,4960,5251,4383,3675,6433,9770,5870,3924,32.371,-8.21881,8.54859,48.186
81025,6322,9217,5333,3822,5054,6049,4552,3704,3812,3913,3703,3320,3456,3410,3308,3207,-21.1591,-8.90328,8.88131,48.1213
81026,3302,3335,3158,3126,3856,3836,3487,3348,5045,5256,4408,3708,7305,9751,5147,3722,30.003,-10.7699,8.54827,47.86
81027,5962,5360,3890,3316,8077,6684,4231,3407,5301,4617,3830,3459,3920,3667,3388,3129,-8.51406,-17.8707,8.524,48.1587
81028,3124,3221,3395,3465,3263,3428,3756,4079,3280,3711,4800,6092,3356,3770,5857,12512,33.7466,28.8593,8.78032,47.406
81029,3292,3617,3832,3624,3512,4103,5224,4180,3779,5218,8230,5322,3742,4537,5684,4648,8.86177,7.17541,8.94158,48.3627
81030,3034,3227,3397,3413,3298,3559,3809,4058,3454,3873,5278,6459,3376,4108,7113,10766,23.1626,20.8877,8.71563,48.148
81031,3452,3481,3292,3016,4532,4052,3418,3256,7509,5395,3944,3414,9456,6185,4027,3364,17.9347,-21.9079,8.56166,47.862
81032,3294,3239,3264,3200,3848,3803,3601,3287,5264,5160,4082,3536,8416,9240,4829,3596,30.2891,-13.8738,8.97765,47.7727
81033,3490,4133,5498,5271,3540,4474,7735,6582,3417,3941,4895,4677,3233,3478,3853,3780,-8.80475,12.3077,8.51945,47.998
81034,3159,3259,3367,3391,3182,3440,3861,3985,3474,4049,5007,5700,3530,4339,8143,9936,31.0866,17.513,8.59098,47.8813
81035,3860,3849,3465,3313,4878,5423,4068,3470,6385,7649,4626,3596,4940,5285,4112,3528,6.42545,-12.2346,8.64712,48.298
81036,3468,3999,5829,11935,3335,3876,4840,6850,3078,3438,3809,4142,3186,3161,3342,3420,-22.8488,33.0346,8.77222,47.8053
81037,5839,4577,3617,3251,9876,5272,3708,3311,6502,4534,3602,3233,4046,3852,3392,3156,-5.77488,-26.6727,8.97309,47.8453
81038,4477,7680,8950,5125,4031,4763,5106,4331,3483,3647,3901,3622,3181,3362,3327,3305,-30.7835,1.92385,8.62785,48.194
81039,3588,3628,3385,3111,4852,4140,3676,3277,9448,5111,3847,3457,8186,5214,3809,3271,12.8492,-29.8953,8.58383,48
81040,3508,3519,3264,3108,4410,4053,3569,3227,8265,5054,3871,3325,10176,5517,3885,3489,17.5699,-29.1638,8.91272,48.16
81041,3414,3393,3404,3111,3832,3920,3747,3421,5249,6213,4505,3759,6512,8800,5199,3782,20.6137,-9.84335,8.53202,48.174
81042,6079,8532,5232,3837,5272,6664,4586,3781,3907,4139,3742,3381,3330,3297,3245,3151,-18.5096,-8.96337,8.95284,48.1167
81043,9133,8916,4733,3712,5415,5086,4039,3567,3866,3849,3492,3146,3358,3370,3193,3171,-29.6807,-15.3514,8.63238,48.0307
81044,3358,3448,3201,3228,3830,3836,3468,3201,5976,4681,3621,3318,12606,5816,3810,3349,32.9496,-31.507,8.92442,47.1647
81045,3746,4951,8648,6947,3566,4337,6208,5582,3291,3666,4073,3890,3173,3421,3416,3362,-20.4909,11.9296,8.55816,48.1847
81046,6114,5063,3851,3406,8517,6443,4093,3339,5526,4683,3803,3465,3852,3805,3501,3209,-8.36205,-19.7897,8.59034,48.4467
81047,4351,4866,4081,3518,5372,7846,5000,3763,4688,6007,4381,3662,3879,4035,3710,3420,-3.93113,-7.99784,8.86702,48.386
81048,3481,3490,3279,3087,4231,4047,3614,3314,6412,6132,4241,3673,7982,7248,4385,3599,18.4442,-15.9557,8.56746,48.1433
81049,3268,3679,4342,5417,3306,3803,5301,9197,3313,3666,4770,7133,3205,3494,4048,4312,-3.28553,26.7152,8.71464,48.1693
81050,3170,3202,3438,3473,3399,3521,3770,3701,3628,4265,5500,5110,3816,5206,9524,7617,26.4505,11.5657,8.6209,48.2267
81051,3124,3325,3374,3402,3388,3747,4082,3814,3888,4835,6222,4735,4024,6016,8715,5844,20.3425,6.38066,8.67834,48.3567
81052,3803,3651,3355,3195,5450,4325,3535,3243,9840,5299,3818,3440,7272,4898,3685,3269,10.3539,-29.9295,8.72538,48.052
81053,3959,6029,9956,6092,3714,4496,5200,4654,3368,3669,3782,3702,3216,3366,3303,3379,-32.7389,7.205,8.92749,47.9233
81054,3211,3505,4019,4270,3350,3909,5409,6075,3499,4044,6784,7581,3349,3755,4606,5083,3.78083,17.0315,8.74481,48.2993
81055,3496,3474,3335,3245,4365,4117,3634,3212,7731,5633,3979,3502,8854,6257,4122,3476,16.8712,-20.8451,8.64601,48.288
81056,4312,4068,3537,3308,6000,5504,3961,3383,7705,6537,4124,3556,5055,4627,3794,3385,4.17174,-17.3671,8.52065,48.5707
81057,8469,7760,4346,3410,6285,5835,4037,3642,3970,4024,3609,3347,3422,3544,3238,3137,-20.0497,-16.1094,8.85204,48.05
81058,3414,3889,5573,9832,3452,3863,4991,8461,3195,3451,3953,4376,3197,3287,3494,3550,-16.7561,29.4106,8.93254,47.9853
81059,3282,3587,3783,3556,3649,4091,4908,4081,3953,5631,8358,5055,3771,4541,5584,4543,8.94723,6.09683,8.91189,48.2487
81060,3044,3450,3570,3467,3350,3637,4161,4200,3578,4368,6836,6263,3633,4563,7205,6999,16.2094,13.7161,8.79238,48.216
81061,3302,3419,3616,3555,3480,3902,4511,4168,3730,4738,7654,5952,3694,4459,6722,5585,13.0106,10.7836,8.61684,48.3247
81062,3415,4028,6415,12261,3348,3742,4988,5927,3277,3425,3803,3907,3174,3227,3434,3377,-29.3886,24.532,8.69867,47.832
81063,4009,3838,3436,3187,5803,4497,3691,3318,9554,5312,3866,3364,6444,4733,3783,3249,7.85537,-26.4494,8.56735,48.056
81064,3125,3270,3258,3417,3182,3453,3796,3995,3471,3867,5036,5848,3467,4284,7700,10731,27.0899,19.0973,8.94451,47.9333
81065,3113,3214,3504,3490,3221,3482,3706,3913,3405,3821,4989,5948,3246,3959,6572,11985,33.0611,23.2188,8.81198,47.712
81066,4571,3954,3546,3149,7550,4679,3716,3276,8752,5072,3805,3362,5293,4361,3637,3329,2.40463,-28.3684,8.76646,48.0347
81067,11981,6908,4045,3451,5974,4979,3791,3375,3844,3860,3509,3198,3386,3369,3322,3082,-27.4786,-23.033,8.93781,48.0493
81068,3568,3723,3473,3310,4312,4985,4040,3484,5643,8239,4993,3823,4976,5584,4531,3608,9.15972,-8.73276,8.90278,48.1947
81069,6609,10256,5690,3841,4852,5120,4326,3732,3686,3793,3693,3316,3334,3397,3325,3251,-29.9464,-8.38472,8.99166,48.1473
81070,3454,3329,3179,3091,3949,3849,3349,3208,6493,4778,3763,3378,12244,6043,3862,3306,24.5872,-29.347,8.90978,47.5167
81071,3221,3389,3331,3226,3544,3929,3830,3519,4168,5044,5217,4184,4823,7940,8124,4761,24.348,-0.138369,8.6154,48.1667
81072,6074,9668,6304,4105,4773,5434,4516,3708,3613,3900,3781,3337,3278,3355,3233,3156,-26.0584,-6.83122,8.55574,48.1567
81073,3475,3430,3278,3096,4004,3942,3545,3259,5649,5152,3905,3430,9722,8393,4390,3489,32.8956,-16.8077,8.5812,48.106
81074,3642,3549,3403,3191,4154,4367,3747,3316,6046,7326,4641,3576,5904,6912,4599,3651,14.5586,-11.5953,8.64797,48.016
81075,3841,5895,9689,6474,3767,4484,5555,4959,3400,3599,3856,3799,3155,3271,3298,3343,-24.9889,8.41975,8.95429,48.2567
81076,7078,5540,3930,3389,8464,6269,4009,3476,4873,4318,3554,3357,3700,3551,3342,3167,-12.2362,-19.6074,8.87778,48.0113
81077,6282,9625,5936,3995,4742,5245,4536,3699,3788,3778,3715,3358,3222,3326,3328,3240,-31.6631,-7.36984,8.5286,47.8767
81078,3218,3429,3455,3350,3639,4081,4126,3749,4149,5770,6736,4610,4320,5945,6835,4779,15.5762,2.54481,8.6132,48.1273
81079,3165,3334,3883,4074,3437,3699,4576,6187,3373,3764,5510,9397,3273,3759,4784,5900,6.10841,24.0724,8.54864,48.0767
81080,4582,4053,3517,3222,7961,4830,3654,3361,8736,4989,3778,3364,4898,4305,3563,3220,0.903642,-31.6691,8.94274,48.022
81081,3124,3377,3722,3805,3296,3558,4160,5151,3307,3828,5189,9504,3295,3689,5093,7856,11.903,28.6752,8.84737,47.9693
81082,3298,3405,3378,3146,3809,4055,3726,3499,4645,6058,5021,3937,5211,8430,6324,4213,20.058,-4.54216,8.62308,48.1033
81083,3440,4624,7893,8664,3479,4149,5594,6061,3322,3533,4090,3983,3052,3356,3416,3472,-20.8989,15.9778,8.50884,48.0853
81084,3280,3348,3393,3209,3419,3686,3779,3589,4098,4944,5040,4154,4536,7809,8688,4824,30.7645,1.48051,8.86792,47.864
81085,3087,3318,3351,3440,3310,3590,3866,3862,3556,4134,5372,5580,3592,4591,8786,8809,26.1521,15.0371,8.85833,48.1627
81086,3537,3407,3192,3049,4249,3828,3408,3217,7157,5137,3920,3539,10625,6295,4012,3330,20.4145,-23.2191,8.67696,47.9347
81087,12240,6290,3843,3318,6080,4912,3806,3275,3995,3846,3405,3253,3372,3421,3241,3051,-33.3753,-25.4029,8.6562,47.5653
81088,3180,3206,3370,3397,3525,3643,3898,3755,3977,4820,6006,4529,4195,6533,8706,5446,21.5971,4.44518,8.87314,48.124
81089,3492,4211,5461,5737,3535,4257,7191,7261,3375,3851,4712,4858,3212,3446,3892,3808,-9.77458,15.6399,8.56438,48.1993
81090,7785,5094,3823,3272,9601,5399,3887,3386,5062,4240,3516,3224,3778,3647,3310,3081,-11.8338,-26.523,8.82213,48.07
81091,10434,5929,3894,3454,7758,5132,3870,3357,4358,3908,3561,3229,3507,3397,3223,3010,-18.9318,-25.7787,8.71512,48.014
81092,6379,4654,3812,3303,9914,5372,3876,3325,5899,4465,3702,3291,4088,3741,3407,3265,-8.11563,-26.5014,8.70471,48.3287
81093,3177,3290,3293,3360,3425,3737,3763,3647,3902,4684,5298,4436,4263,6814,9398,5683,25.8767,4.65892,8.85894,48.1133
81094,3139,3340,3649,3844,3253,3605,4336,5756,3306,3913,5138,9919,3314,3894,4728,6697,8.78257,28.9355,8.84266,47.8873
81095,3131,3323,3362,3385,3397,3692,3871,3771,3708,4554,5976,4840,4003,5601,9419,6300,22.4611,7.87708,8.96098,48.222
81096,5685,9237,6364,4169,4599,5655,4695,3943,3733,3862,3766,3396,3197,3363,3384,3213,-22.9211,-5.36951,8.96488,48.174
81097,3175,3378,3379,3271,3515,3745,3819,3614,4156,4791,5016,4324,4665,7889,8595,4819,27.9757,1.45825,8.62066,48.1007
81098,4475,6475,6143,4338,4520,6628,6050,4249,3821,4186,4151,3658,3518,3526,3561,3246,-14.5386,-1.46815,8.52896,48.3633
81099,9687,8286,4402,3467,5677,5095,4032,3486,3993,3784,3555,3224,3443,3288,3301,3188,-32.9659,-16.9759,8.63898,47.9387
81100,3260,3388,3350,3163,4074,3773,3550,3135,5687,5018,3987,3407,10475,7850,4260,3443,31.7326,-18.9538,8.86857,47.88
81101,3214,3666,4162,4951,3351,3737,5093,8755,3337,3703,4859,7780,3240,3481,4074,4654,-1.37594,26.7609,8.8764,48.038
81102,4005,4801,4705,4011,4408,6830,6885,4249,4023,5061,5129,3940,3674,3760,3790,3532,-5.57372,-0.234903,8.84557,48.5353
81103,3190,3563,4303,4929,3247,3722,4959,8785,3349,3706,4858,7746,3275,3457,4058,4645,-1.41958,30.0743,8.84409,47.8613
81104,3692,4671,9084,8446,3525,4155,5295,5357,3222,3498,3877,3926,3176,3290,3386,3518,-26.4031,14.3795,8.78661,48.0787
81105,3258,3276,3342,3532,3313,3418,3570,3869,3363,3826,4702,5985,3468,3846,5977,12709,33.0916,31.2447,8.59,47.636
81106,3243,3381,3349,3330,3639,3966,3971,3585,4211,5874,6204,4434,4503,6725,7192,4674,17.6155,1.11728,8.65127,48.1873
81107,3309,3486,3512,3306,3699,4122,4098,3642,4410,6471,6073,4233,4536,6739,6376,4420,15.8002,-1.27146,8.75956,48.288
81108,3225,3377,3397,3488,3407,3772,4168,4112,3663,4491,6966,6184,3614,4545,7398,6550,16.0468,12.5453,8.85893,48.238
81109,3154,3229,3250,3366,3321,3530,3783,3771,3442,3789,4721,5927,3563,3882,6073,12274,29.2735,33.999,8.56534,47.3833
81110,3434,4045,5987,8553,3461,3971,5877,7785,3283,3526,4003,4473,3125,3379,3502,3598,-16.0327,20.9128,8.63144,48.0013
81111,5249,9173,7434,4383,4371,5179,4871,3993,3563,3828,3644,3534,3116,3379,3234,3246,-28.7244,-2.68116,8.847,48.1313
81112,4038,4452,4006,3607,4731,6953,5470,3975,4398,6317,5002,3855,3867,4140,3985,3483,-1.45419,-4.55621,8.66873,48.186
81113,3194,3367,3627,3640,3385,3769,4556,4335,3533,4505,7383,6440,3655,4578,6451,5912,12.7629,12.8767,8.61978,48.22
81114,3102,3225,3500,3661,3340,3701,4043,4428,3410,4130,6089,7450,3516,4259,6334,7857,15.7615,18.5728,8.69029,48.03
81115,4584,7895,8618,4905,4060,4922,5065,4327,3605,3686,3799,3590,3245,3276,3288,3260,-26.4544,1.10114,8.84679,48.0833
81116,3162,3308,3358,3433,3309,3504,3930,4226,3316,3848,5179,7882,3413,3816,5795,10341,18.6619,28.0264,8.73064,47.88
81117,5759,9709,6327,4105,4566,5459,4619,3917,3694,3827,3700,3380,3333,3361,3170,3227,-24.3214,-5.38427,8.85862,48.102
81118,3319,3509,3464,3157,3755,3987,3817,3521,4375,6155,5273,4002,5115,8132,6332,4380,19.5986,-3.45806,8.83994,48.1953
81119,3237,3374,3671,3792,3260,3581,4162,5241,3369,3791,5159,9848,3354,3826,5049,7307,10.7895,33.2792,8.86409,48.014
81120,4620,6172,5227,4009,4696,7403,5890,4073,4075,4360,4232,3589,3449,3541,3479,3413,-12.1213,-3.33236,8.732,48.152
81121,3063,3368,3531,3542,3181,3597,4056,4640,3356,3774,5127,8655,3458,3832,5466,9250,15.8546,30.9881,8.50642,47.9307
81122,3356,3363,3158,3074,4174,3831,3341,3306,6679,5040,3849,3315,11411,6498,4004,3500,22.7443,-23.8782,8.9044,47.9327
81123,3446,3908,6487,12315,3320,3810,4792,6012,3232,3347,3898,3871,3198,3196,3297,3414,-31.6927,24.7493,8.85478,47.6953
81124,12807,5939,3818,3328,5908,4593,3796,3427,3966,3803,3445,3164,3358,3438,3239,3207,-29.5101,-30.409,8.87641,47.4907
81125,4705,4793,3940,3464,6558,7249,4555,3497,5428,5747,4006,3437,4046,4143,3616,3257,-3.84713,-13.6889,8.58685,48.294
81126,3350,3802,5133,8054,3362,3765,5305,9686,3305,3544,4216,4993,3106,3263,3518,3693,-12.4509,27.3534,8.8977,48.0633
81127,3612,3771,4169,3823,3759,4896,6432,4631,3707,5196,7188,4890,3527,4040,4545,4107,1.69875,5.64471,8.5217,48.1953
81128,6853,4821,3824,3285,9895,5227,3875,3329,5609,4181,3577,3144,3823,3747,3316,3043,-9.39047,-29.0531,8.51319,47.6993
81129,3404,3442,3400,3151,3674,3935,3761,3516,4587,5981,4978,3992,5536,8803,6550,4216,21.3992,-4.63658,8.52102,48.6173
81130,3413,3469,3453,3249,3973,4244,3931,3449,4921,7122,5246,4027,5106,7348,5487,3984,15.5024,-5.32993,8.62414,48.2813
81131,3413,4272,7246,10653,3345,3861,5225,6268,3243,3540,3951,3967,3060,3306,3396,3521,-23.7246,20.1331,8.78651,48.178
81132,3600,4753,8678,8438,3454,4134,5524,5565,3274,3662,3892,3887,3029,3304,3474,3370,-23.7145,14.4527,8.59393,48.0253
81133,3139,3235,3441,3382,3440,3528,4087,3947,3760,4575,6336,5288,3720,5249,8953,6379,20.1667,9.3873,8.95428,48.306
81134,3423,3408,3328,3165,3844,4074,3762,3403,5110,6835,4975,3876,5630,8047,5526,3962,17.7257,-7.28963,8.83583,48.2453
81135,3111,3242,3386,3379,3294,3492,3844,4035,3529,4189,5132,5262,3584,4812,9237,8318,33.1291,13.5291,8.71689,47.8973
81136,3618,4542,6229,5469,3618,4469,7854,6188,3434,3902,4544,4356,3278,3338,3682,3655,-11.3204,11.4299,8.52471,48.1173
81137,3138,3262,3488,3627,3298,3519,4122,4719,3310,3891,5568,8446,3378,3876,5767,8704,14.9104,23.9691,8.64116,48.0753
81138,11432,6038,3877,3298,7300,4974,3756,3353,4111,3834,3480,3078,3400,3344,3233,3127,-21.2916,-26.9934,8.98259,47.7567
81139,4261,6081,7160,4716,4052,5488,6647,4495,3592,3916,4099,3732,3345,3444,3493,3260,-16.5812,2.48259,8.76018,47.854
81140,3045,3265,3490,3526,3201,3622,3940,4333,3418,3772,5019,7533,3269,4035,6331,10371,19.3561,23.6929,8.91468,48.1133
81141,3159,3316,3241,3232,3532,3747,3752,3488,4149,5009,4947,4081,4933,8715,8001,4624,28.6657,-1.08592,8.98746,47.9507
81142,3770,3975,3774,3501,4389,6121,4769,3684,4898,7598,5557,3755,4133,4580,4198,3719,2.87199,-5.22409,8.89946,48.2807
81143,3310,3470,3368,3128,3516,3779,3655,3510,4524,5170,4703,3785,5696,9488,6772,4250,27.3844,-4.78044,8.83643,48.0827
81144,9619,8288,4503,3455,5973,5431,3982,3468,3890,3867,3538,3191,3410,3448,3283,3026,-24.1291,-17.0054,8.83361,48.248
81145,5529,4652,3702,3290,8655,6155,3819,3498,6200,4917,3836,3308,4166,3888,3490,3278,-5.06626,-20.7697,8.71522,48.2553
81146,3411,3998,6050,12874,3379,3796,4726,6243,3119,3392,3846,3888,3128,3226,3389,3388,-27.4383,30.5607,8.99071,47.902
81147,3610,4820,8328,7113,3636,4448,6395,5675,3434,3604,4065,3924,3173,3354,3427,3302,-19.6489,12.3826,8.93971,48.2053
81148,4010,3800,3326,3184,5891,4400,3637,3302,9903,5268,3916,3380,6363,4685,3689,3293,7.87404,-31.0834,8.6774,48.0313
81149,3602,4384,7143,7097,3626,4177,6517,6608,3355,3677,4274,4233,3143,3343,3528,3531,-16.1886,14.5765,8.59247,48.1587
81150,3331,3255,3413,3196,3856,3891,3677,3345,4701,5303,4368,3742,6501,9805,5776,3962,30.6114,-8.12447,8.64014,48.0813
81151,3101,3338,3328,3349,3405,3554,3708,3612,3731,4595,5440,4517,4234,6430,9728,5831,26.1378,5.55869,8.98338,47.934
81152,3144,3502,3831,4130,3400,3686,4920,5890,3491,3970,6210,8622,3331,3840,4751,5776,6.17754,20.3669,8.59012,48.3293
81153,3450,3662,3733,3649,3695,4287,5181,4115,3764,5818,8068,5006,3838,4482,5281,4434,7.74509,5.03176,8.82234,48.3087
81154,12271,6500,3959,3380,6037,4636,3769,3322,3940,3923,3484,3194,3349,3357,3152,3139,-31.7331,-24.9915,8.62124,47.608
81155,3358,3283,3303,3064,3786,3944,3557,3113,5234,5401,4083,3585,8081,9519,4856,3740,25.8442,-12.9295,8.84262,47.938
81156,3888,4122,3875,3538,4391,6226,5103,3712,4517,7129,5522,4054,3998,4488,4223,3556,2.11439,-4.01023,8.90556,48.228
81157,4354,4034,3443,3197,7008,4683,3740,3324,9254,5234,3687,3284,5438,4343,3690,3204,3.52157,-28.8491,8.74916,47.9447
81158,3196,3345,3356,3127,3670,3748,3636,3345,4698,5284,4505,3845,5985,9918,6369,3969,30.5211,-6.55742,8.66986,47.9973
81159,4883,5261,4045,3478,6151,7934,4718,3564,4877,5348,4114,3575,3765,3867,3535,3349,-6.62371,-10.956,8.73682,48.3093
81160,3034,3352,3481,3680,3247,3456,4024,4651,3331,3842,5514,8509,3466,3885,5712,8858,15.3214,23.7796,8.71535,48.028
81161,5399,5518,4035,3556,6799,7613,4414,3480,4755,4963,3939,3451,3796,3802,3503,3237,-9.17942,-13.7603,8.65404,48.1733
81162,3484,3472,3310,3189,4598,4085,3572,3313,8779,5167,3980,3486,8933,5391,4005,3399,15.4926,-33.5903,8.96504,48.1087
81163,3392,3875,5899,10182,3386,3913,5194,7854,3287,3517,3970,4176,3151,3273,3446,3538,-18.8681,24.9818,8.61393,48.0353
81164,3378,3805,5217,8262,3341,3831,5197,9488,3291,3605,4069,4970,3156,3335,3552,3707,-13.0694,29.647,8.95495,48.136
81165,3369,3376,3277,3059,4057,3772,3438,3285,6572,4860,3822,3348,11975,6109,3984,3468,24.876,-28.2488,8.52621,47.8473
81166,3066,3245,3363,3373,3184,3510,3764,4103,3395,3704,4900,7151,3330,3920,5934,11762,21.8538,28.4361,8.91558,47.8027
81167,3234,3641,4715,6423,3339,3787,5221,9880,3306,3593,4448,5917,3134,3424,3757,3974,-7.81756,28.7908,8.93089,47.862
81168,3406,3691,4604,6258,3338,3822,5199,9868,3234,3627,4507,6189,3192,3493,3851,3971,-6.82446,28.3764,8.79566,48.1667
81169,5636,9394,6549,4220,4627,5157,4634,3882,3639,3802,3644,3539,3361,3347,3348,3187,-32.8362,-4.89578,8.58631,47.9773
81170,3135,3249,3556,3661,3228,3503,4182,4989,3359,3889,5324,9682,3274,3962,5208,7773,12.106,32.306,8.88447,47.9827
81171,5861,9639,6477,4110,4609,5216,4680,3922,3691,3878,3737,3446,3177,3476,3253,3187,-31.1177,-5.40624,8.84919,48.2393
81172,3785,3648,3395,3190,5682,4342,3665,3312,9960,5216,3804,3350,6734,4842,3725,3382,8.90755,-31.7753,8.8793,48.0213
81173,12739,5888,3915,3367,6044,4684,3845,3344,4042,3726,3455,3215,3394,3529,3220,3226,-33.1578,-28.684,8.9524,47.7553
81174,3250,3639,4307,4958,3384,3729,5084,8764,3297,3703,4867,7764,3227,3462,4097,4655,-1.53075,29.1526,8.93445,48.1247
81175,3261,3340,3271,3202,3680,3635,3494,3535,4656,5406,4559,3790,5938,9940,6360,4107,26.1615,-6.51244,8.90835,48.116
81176,3545,3411,3243,3098,4387,3948,3494,3382,8265,5051,3824,3296,9923,5563,3841,3337,17.4887,-29.3225,8.644,47.7387
81177,3631,3832,3471,3287,4573,5028,3995,3460,6007,8225,4801,3627,4939,5525,4112,3559,8.23243,-10.2334,8.95531,48.048
81178,5000,8398,8033,4719,4147,5226,5146,4148,3585,3777,3679,3511,3186,3300,3248,3201,-25.3138,-0.702619,8.86904,48.2027
81179,8473,6985,4306,3480,6713,5831,4097,3449,4184,3928,3580,3291,3474,3466,3295,3128,-18.6037,-17.9067,8.64844,47.7867
81180,3135,3327,3333,3332,3276,3475,3812,3900,3418,3901,4849,5849,3495,4073,7082,11621,30.6309,21.7772,8.61943,47.9187
81181,3423,4424,8164,9874,3402,4032,5263,5822,3277,3441,3820,3951,3010,3219,3365,3234,-26.5285,17.6554,8.7284,47.814
81182,3925,5432,7203,5118,3812,5358,7222,4772,3587,3925,4238,3889,3283,3440,3568,3320,-15.2322,5.39491,8.73874,48.0613
81183,3542,4153,7414,10690,3509,3918,5124,6328,3221,3510,3886,4015,3059,3180,3436,3308,-24.2487,20.3684,8.63908,48.1953
81184,3387,3552,3628,3283,4037,4625,3998,3516,5506,7828,5068,3791,5106,6687,4812,3818,12.5897,-8.13698,8.81053,48.428
81185,3229,3488,3733,3773,3266,3645,4445,5520,3390,3779,5174,9903,3320,3817,4871,6403,8.6769,33.4948,8.81117,47.8373
81186,3364,3494,3297,3015,4476,4052,3542,3212,7945,5823,3919,3332,8804,6291,4028,3367,16.6566,-21.087,8.98475,47.974
81187,9252,5449,3994,3285,8922,5210,3777,3329,4713,4144,3551,3231,3638,3567,3223,2959,-15.7432,-29.4425,8.63759,48.1627
81188,3426,3351,3411,3221,3803,3991,3848,3431,4863,6674,5027,3827,5453,8183,5651,3911,18.1914,-6.27937,8.55371,48.0473
81189,11442,6001,3862,3413,7100,5056,3835,3510,4130,3849,3392,3240,3365,3349,3163,3146,-21.4557,-32.8774,8.65982,47.902
81190,11305,6229,3966,3429,7196,5005,3799,3378,4226,3847,3473,3251,3508,3339,3107,3050,-21.2306,-24.8786,8.84709,48.072
81191,5722,4570,3626,3289,9514,5231,3747,3227,6759,4593,3726,3329,4303,3862,3447,3214,-5.12044,-28.3505,8.63082,48.106
81192,3268,3599,4068,4906,3315,3744,4960,8496,3341,3653,4970,8168,3320,3418,4202,4834,-0.00447485,27.2106,8.79112,48.1747
81193,3480,4274,7768,10755,3371,3881,5113,5568,3291,3545,3817,3857,3125,3179,3367,3351,-29.505,19.2836,8.65221,47.828
81194,4291,5234,4490,3726,4906,8094,5761,3915,4161,5245,4524,3742,3633,3752,3718,3408,-6.73687,-4.70832,8.99219,48.4
81195,3555,4419,7539,8634,3447,4064,5789,6156,3307,3535,4057,4102,3160,3197,3395,3389,-20.6881,16.3194,8.52796,47.83
81196,3099,3172,3400,3446,3193,3428,3844,4249,3349,3920,5262,7027,3331,4088,6714,10404,20.708,21.6699,8.93535,47.9507
81197,4030,4234,3815,3418,4722,6445,4812,3689,5004,7122,5061,3762,4177,4444,3948,3572,1.57018,-7.10929,8.71324,48.17
81198,8164,9452,4993,3676,5146,5319,4228,3483,3798,3762,3513,3290,3399,3362,3220,3221,-28.5137,-13.1436,8.92439,48.0173
81199,3437,3396,3337,3205,3861,3689,3451,3255,5806,4680,3703,3463,12627,5972,3950,3488,30.9302,-33.3566,8.99051,47.5467
81200,3192,3402,3512,3486,3197,3441,4109,4400,3286,3872,5268,8708,3313,3998,5551,9061,15.109,33.5022,8.80914,47.864
81201,4887,8158,7589,4624,4303,5434,5105,4220,3569,3893,3750,3605,3293,3390,3303,3152,-22.8783,-0.949873,8.87203,48.1833
81202,3926,3934,3729,3306,4723,5682,4113,3602,5920,8097,4593,3666,4712,4979,4160,3473,5.17378,-10.0988,8.89383,48.41
81203,3122,3546,4329,4743,3297,3716,4926,8688,3427,3745,4853,8091,3253,3498,4071,4824,-0.858867,29.8691,8.93861,48.086
81204,3905,5722,9403,6328,3781,4639,5955,4840,3238,3657,3923,3825,3122,3234,3460,3349,-22.1732,8.12602,8.66177,48.254
81205,3346,3980,5855,10911,3409,3784,4835,7401,3299,3516,3910,4108,3179,3326,3413,3432,-20.1244,33.215,8.79159,47.8027
81206,3116,3199,3467,3412,3251,3539,3993,4004,3565,3961,5772,6059,3521,4489,8067,8540,21.0286,15.7543,8.92815,47.97
81207,3395,3339,3357,3168,3695,3759,3562,3269,4965,5223,4206,3529,7661,9702,5163,3711,30.5303,-11.4377,8.88761,47.8027
81208,3429,3669,4619,5093,3418,4052,6089,7553,3387,3986,5428,6389,3246,3518,4080,4320,-2.83909,18.219,8.97398,48.184
81209,3124,3184,3453,3480,3250,3432,3885,4272,3344,3854,4906,7591,3457,3927,5805,10516,19.4956,30.723,8.55177,47.6533
81210,4189,4561,3993,3499,5359,7328,4744,3553,5038,6514,4514,3776,3961,4227,3782,3447,-1.89518,-8.34112,8.58012,48.3233
81211,3159,3290,3471,3693,3328,3537,4179,4775,3434,3825,5327,8947,3305,3828,5225,8491,14.1809,28.3234,8.50594,47.876
81212,3176,3349,3302,3352,3388,3411,3779,3906,3423,3699,4608,5965,3397,3906,6039,12661,29.491,33.4204,8.80512,47.574
81213,3140,3428,3463,3393,3500,3932,4159,3728,3979,5573,6770,4680,4132,6033,7323,4986,16.4876,3.57035,8.87539,48.146
81214,7300,9641,5473,3808,5010,5281,4304,3610,3869,3763,3557,3332,3379,3315,3331,3153,-30.7895,-10.3934,8.5785,48.084
81215,3063,3258,3564,3424,3218,3638,4177,4232,3543,4182,6202,6745,3503,4386,6963,8029,17.039,16.5756,8.63104,48.0847
81216,3197,3337,3436,3312,3175,3403,3825,3953,3441,3830,4844,6635,3470,3946,5903,12335,24.2534,32.1202,8.83252,48.028
81217,3875,5086,8329,6206,3588,4590,6567,5380,3378,3776,4139,3976,3119,3230,3418,3297,-18.8074,9.52591,8.77312,47.9693
81218,3173,3333,3744,3421,3326,3753,4292,4323,3551,4187,6810,6846,3601,4284,6780,6720,14.3201,14.6757,8.84241,48.096
81219,3568,4078,5878,6241,3361,4159,6830,7373,3311,3714,4482,4663,3161,3272,3729,3813,-11.7973,16.1752,8.61832,47.7553
81220,6213,7339,4844,3649,5978,7220,4451,3597,4075,4111,3717,3438,3534,3441,3422,3208,-15.6814,-11.4355,8.50715,48.158
81221,3420,3208,3219,3048,4020,3869,3544,3231,5824,4950,3899,3329,11418,7303,4097,3345,31.2078,-20.685,8.79712,47.816
81222,3264,3626,4393,5026,3381,3678,4930,8768,3365,3780,4905,7777,3186,3441,4184,4417,-1.50726,29.9118,8.58979,48.0807
81223,3274,3213,3338,3328,3422,3639,3834,3495,3893,4767,5221,4302,4338,6856,9486,5563,27.0619,4.09046,8.85913,47.9793
81224,3264,3508,4263,4917,3277,3778,4860,8895,3302,3632,4816,7943,3195,3508,4067,4684,-1.25698,30.5734,8.91075,47.9393
81225,3456,3454,3606,3377,3889,4177,4113,3638,4422,6981,6182,4146,4489,6337,5690,4223,13.4243,-1.65149,8.98429,48.12
81226,3203,3447,3758,3791,3299,3719,4854,5020,3456,4104,7212,7611,3345,4007,5404,5719,8.94135,15.7425,8.9265,47.966
81227,3342,3670,4413,5379,3434,3715,5178,9463,3301,3656,4616,6938,3204,3452,3977,4287,-3.91046,33.8289,8.89782,48.0167
81228,3381,3344,3265,3113,3894,3866,3595,3332,5142,5213,4130,3545,8479,9272,4826,3552,30.3588,-13.7997,8.6851,47.966
81229,3786,4638,7817,6857,3628,4456,6820,5877,3347,3734,4103,4206,3206,3341,3388,3355,-17.1754,12.3871,8.95691,48.3727
81230,5735,9724,6561,4183,4590,5090,4452,3830,3643,3762,3688,3402,3367,3431,3337,3246,-29.3215,-4.99782,8.74713,48.0273
81231,4522,6298,5853,4343,4454,6802,6240,4300,3772,4294,4159,3800,3299,3649,3479,3413,-13.695,-1.072,8.50616,48.4513
81232,3618,4112,5527,5266,3685,4458,8147,6370,3488,3889,5066,4609,3215,3463,3746,3780,-8.36942,12.0322,8.77969,48.2927
81233,10251,5656,3964,3334,7881,5146,3701,3408,4298,3966,3603,3156,3420,3465,3201,3198,-18.3561,-33.2521,8.65537,47.7653
81234,3095,3244,3487,3396,3187,3425,3744,3881,3398,3880,4788,6034,3441,3945,6208,12362,30.4609,26.6502,8.56632,47.6767
81235,3216,3133,3403,3377,3351,3699,3862,3876,3671,4219,6048,5313,3776,4986,8751,7430,21.3507,12.2143,8.69193,48.074
81236,3548,3521,3280,3125,4436,4024,3593,3256,8083,5122,3833,3428,9725,5894,3891,3288,17.622,-25.1815,8.50548,48.0313
81237,3149,3256,3381,3378,3242,3597,3840,3830,3607,4123,5382,5342,3609,4828,9125,8392,25.842,13.7289,8.71055,48.054
81238,3807,5164,9684,7370,3590,4199,5245,5083,3300,3633,3777,3712,3174,3262,3341,3373,-28.6785,11.305,8.766,47.8093
81239,4264,3862,3511,3106,6938,4625,3620,3353,9629,5306,3911,3369,5567,4419,3576,3345,4.32508,-26.8474,8.86843,48.2673
81240,3330,3842,6412,12468,3454,3904,4735,6021,3170,3485,3834,4004,3119,3197,3372,3469,-32.9032,26.4879,8.60708,47.8773
81241,4426,6659,7387,4833,4242,5726,6152,4314,3605,3926,4052,3709,3290,3355,3481,3293,-18.1768,1.2343,8.63559,48.3
81242,9401,8306,4523,3647,5811,5220,4007,3497,3857,3952,3499,3330,3347,3453,3180,3054,-25.8837,-16.5414,8.81613,48.056
81243,3786,4037,3666,3408,4534,5767,4495,3556,5189,7981,5336,3863,4417,4835,4182,3535,4.67569,-7.27978,8.75279,48.3913
81244,12721,6377,3796,3311,6120,4807,3704,3251,3926,3761,3437,3245,3434,3275,3250,3278,-30.2995,-26.7879,8.80595,47.7953
81245,3377,3812,6024,12541,3350,3916,4841,6159,3178,3462,3885,3971,3095,3233,3239,3356,-27.3906,30.4188,8.61421,47.626
81246,6069,9777,6234,4090,4740,5248,4547,3808,3719,3809,3580,3520,3275,3390,3259,3179,-26.8489,-6.7926,8.63106,48.1627
81247,3363,3851,6437,12490,3424,3744,4567,5972,3208,3426,3737,3959,3143,3276,3345,3360,-32.6234,26.0887,8.70985,47.5347
81248,4617,4230,3553,3154,7485,5331,3881,3313,7837,5729,3902,3324,4870,4338,3565,3272,0.896686,-21.0682,8.85082,48.2673
81249,4517,6206,5688,4148,4589,7017,6197,4212,3798,4287,4080,3548,3201,3577,3581,3350,-13.1532,-1.61128,8.95468,47.9973
81250,10591,8038,4184,3408,5718,5090,4004,3343,3924,3773,3458,3276,3451,3402,3190,3117,-32.0682,-18.4843,8.8781,47.978
81251,3526,3795,3810,3429,4053,4965,4705,3677,4617,7610,6319,4091,4079,5042,4706,3929,6.96134,-2.4446,8.78018,48.2353
81252,3360,3519,3483,3452,3690,4283,4565,3943,4140,6378,7480,4491,4179,5112,5847,4440,10.6563,2.10804,8.99334,48.2413
81253,3412,3521,3245,3067,4789,4052,3583,3171,8685,5086,3968,3347,9081,5412,3834,3439,15.2662,-29.2382,8.5092,47.7947
81254,3165,3400,3689,3882,3395,3649,4456,5671,3366,4006,5736,9370,3267,3787,4890,6473,8.49255,23.1025,8.93347,48.1347
81255,3444,3926,6098,12502,3500,3821,4783,6331,3303,3455,3850,3961,3068,3178,3352,3323,-25.399,32.8891,8.78306,47.93
81256,12629,5953,3946,3464,6185,4661,3813,3618,3965,3706,3442,3142,3320,3412,3348,3115,-27.8945,-30.0514,8.50668,47.8127
81257,5202,8371,6796,4379,4477,5854,5172,3984,3654,3883,3718,3630,3298,3465,3291,3184,-21.0116,-2.91831,8.60239,48.2387
81258,4157,6213,9003,5712,3770,4797,5944,4667,3450,3723,3887,3642,3071,3313,3414,3283,-21.3879,5.88577,8.61943,48.0307
81259,3449,3424,3225,3114,4243,3854,3508,3235,7598,4932,3825,3309,10968,5735,4022,3422,19.2703,-32.8449,8.82337,47.9087
81260,4206,4436,3961,3297,5514,6747,4488,3536,5421,6744,4383,3660,4229,4195,3810,3359,-0.221005,-10.8397,8.67606,47.9907
81261,3391,3451,3390,3211,4004,4006,3604,3360,5821,6090,4268,3474,7931,8315,4608,3687,20.8481,-14.5392,8.79174,48.4073
81262,3170,3220,3447,3430,3305,3550,3929,4205,3444,3742,5045,7404,3339,3853,5744,10853,19.9335,32.5407,8.591,47.7867
81263,6860,9286,5342,3800,5202,5822,4299,3666,3875,3966,3553,3309,3480,3377,3240,3121,-22.5493,-10.7612,8.87978,48.132
81264,3616,5042,9415,7840,3661,4161,5139,5028,3301,3673,3698,3811,3194,3277,3341,3213,-30.9194,12.2918,8.70264,47.6067
81265,3494,4312,7914,9669,3563,4051,5362,6122,3271,3505,3869,3993,3005,3201,3360,3425,-23.3315,17.6668,8.79912,48.0773
81266,3455,4034,7301,11161,3479,3832,5071,5855,3200,3529,3908,3758,3126,3187,3266,3448,-31.2308,20.8017,8.58847,47.74
81267,3499,4091,6789,9239,3415,4014,5593,6979,3250,3457,3938,4159,2998,3268,3507,3437,-19.1471,19.9245,8.67663,47.7553
81268,3222,3828,5022,7360,3326,3762,5556,9792,3245,3612,4154,5450,3064,3413,3568,3789,-11.0276,25.7364,8.75972,48.1087
81269,3556,4559,8031,7404,3499,4233,6391,5987,3379,3552,4159,3974,3053,3286,3461,3567,-18.575,13.8772,8.98904,48.0607
81270,6233,8787,5727,3886,5029,6351,4670,3863,3899,3978,3586,3409,3278,3451,3289,3060,-20.5531,-7.92847,8.6227,48.3307
81271,7897,5154,3662,3238,9539,5221,3771,3394,5087,4236,3599,3371,3637,3626,3356,3000,-12.3037,-29.114,8.88808,47.8587
81272,3182,3234,3370,3480,3103,3416,3806,3930,3321,3726,4769,5987,3500,3771,5960,12702,29.8831,30.625,8.86864,47.5047
81273,3131,3335,3371,3158,3405,3760,3855,3645,3898,4800,5672,4505,4173,6403,9461,5767,23.1429,5.36919,8.90898,48.226
81274,3512,4657,8273,7956,3539,4196,5909,5939,3340,3659,4080,3914,3012,3253,3475,3423,-20.557,14.0573,8.71552,48.0913
81275,3683,3726,3459,3260,4421,4937,4082,3484,5650,8112,4928,3769,4938,5684,4404,3653,9.04892,-9.12695,8.60973,48.1267
81276,3112,3328,3838,3828,3276,3727,4568,5637,3409,3798,5164,9881,3359,3656,4937,6429,8.16186,33.1312,8.80767,47.9647
81277,3077,3090,3359,3405,3278,3447,3991,3822,3664,4175,5218,5408,3694,4879,9549,8103,26.2384,13.0937,8.92537,48.106
81278,12590,6024,3842,3391,6101,4766,3870,3345,3995,3666,3497,3227,3284,3349,3315,3105,-27.7343,-31.4386,8.50474,47.578
81279,3788,4419,4773,4075,4025,6272,7462,4579,3797,4875,5513,4180,3451,3837,3873,3663,-5.06346,2.54583,8.87103,48.388
81280,4019,3706,3352,3222,6007,4484,3550,3336,9930,5185,3743,3325,6317,4646,3757,3334,7.32799,-29.7702,8.88418,47.942
81281,3102,3159,3452,3323,3250,3550,3920,3907,3550,4022,5282,5639,3543,4615,8532,9510,27.8905,16.0962,8.97429,48.2373
81282,4150,3890,3409,3246,6547,4498,3628,3326,9722,5206,3787,3340,5827,4564,3683,3339,5.51817,-30.1125,8.77079,48.108
81283,3193,3404,3818,4145,3268,3712,4581,6635,3375,3733,5223,9789,3230,3704,4634,5845,5.84611,30.0264,8.77508,48.1927
81284,3281,3463,3568,3438,3779,4232,4274,3722,4338,6340,6657,4448,4280,6017,6204,4569,13.8191,0.7538,8.59821,48.4067
81285,3608,3582,3297,3191,4877,4209,3629,3294,8996,5514,3797,3410,7954,5369,3876,3309,13.1013,-24.3316,8.70101,47.9413
81286,3099,3436,3881,4010,3335,3812,4690,6193,3403,3930,5752,9170,3416,3824,4638,5889,5.98546,22.8188,8.53378,48.3187
81287,3399,3665,3850,3686,3649,4617,5490,4353,4000,5680,7796,4895,3735,4391,4849,4202,5.44497,4.70163,8.84622,48.1713
81288,3119,3332,3264,3467,3233,3482,3730,4034,3379,3825,4800,6689,3454,3998,5972,11809,23.4593,31.8389,8.51321,47.7247
81289,6878,7044,4395,3600,6382,7062,4319,3608,4163,4325,3611,3421,3484,3578,3413,3165,-15.4491,-13.6315,8.70952,48.2987
81290,3411,3575,3837,3743,3736,4299,5035,4308,3914,5500,7913,5192,3729,4548,5335,4490,8.24559,6.06463,8.69445,48.3767
81291,3220,3602,3961,4032,3482,4150,5575,5171,3643,4479,7605,6043,3425,3934,4942,4728,4.67937,11.8769,8.86025,47.9947
81292,3199,3701,4550,5495,3351,3916,6084,8846,3213,3752,4829,6339,3239,3444,3880,4214,-4.82418,21.1905,8.7196,48.0347
81293,3165,3343,3371,3310,3262,3547,3815,3745,3463,4280,5281,5212,3609,5015,9532,7811,33.8653,12.537,8.98286,47.8407
81294,3925,3652,3287,3221,5675,4556,3686,3192,9086,6052,3852,3362,6324,4975,3716,3353,8.28346,-21.8067,8.72151,47.9427
81295,3603,4223,6323,7045,3394,4128,6676,7352,3366,3738,4258,4401,3170,3328,3522,3695,-14.2884,16.6305,8.8803,48.148
81296,3401,4173,7225,10496,3469,3924,5161,6238,3217,3537,3878,3977,3059,3200,3469,3478,-24.4907,20.2377,8.50957,47.9347
81297,3157,3306,3576,3608,3251,3642,4377,4523,3587,4193,6569,7282,3630,4158,6440,7313,14.6647,16.6935,8.50055,48.408
81298,3219,3520,3797,3777,3570,3935,5269,4744,3541,4647,8173,6024,3538,4134,5476,4888,7.54827,11.0142,8.94602,48.168
81299,9700,8688,4462,3573,5461,5095,4076,3360,3765,3801,3520,3262,3420,3245,3159,3165,-31.0268,-16.0396,8.89304,47.8347
81300,3427,3276,3238,3051,3911,3794,3540,3239,5826,5194,3979,3504,9324,8323,4449,3715,24.2839,-16.6624,8.62419,47.86
81301,3380,3969,5603,11009,3378,3837,4996,7636,3243,3546,3806,4163,3128,3159,3306,3513,-19.7888,30.3232,8.966,47.7813
81302,3848,4769,4846,4180,4140,6357,7240,4479,3876,4787,5119,4139,3548,3669,3774,3599,-6.29991,1.66002,8.74898,48.2467
81303,3916,5174,8629,6285,3740,4676,6395,5295,3347,3681,4045,3923,3075,3339,3389,3352,-19.4555,9.08285,8.63753,48.174
81304,3246,3399,3399,3301,3769,3912,3817,3682,4394,6197,5329,4125,4942,7803,6524,4380,18.7388,-2.76415,8.53426,48.146
81305,4347,4450,3843,3377,5584,7443,4580,3633,5304,6379,4293,3603,4121,4188,3649,3309,-1.84024,-11.0522,8.99853,48.0687
81306,3137,3312,3455,3355,3250,3454,3746,4084,3353,3787,4792,6133,3340,3903,6236,12297,30.4017,26.566,8.57003,47.756
81307,9816,8093,4414,3537,5908,5311,3995,3573,3934,3848,3534,3305,3358,3359,3186,3058,-24.3573,-17.5642,8.737,48.1527
81308,3365,3784,6140,12468,3260,3788,4839,6290,3182,3480,3775,4039,3129,3307,3337,3359,-25.9537,28.5389,8.94414,47.6947
81309,3230,3434,3359,3186,3570,3741,3664,3573,4372,5171,4847,4108,5140,8778,7667,4531,25.9491,-1.80036,8.8347,48.2473
81310,3299,3713,4188,4163,3558,4153,6084,5718,3466,4229,6996,6306,3401,3778,4503,4588,1.7158,13.4721,8.77076,48.0953
81311,3838,3782,3543,3138,4679,5262,4174,3473,5748,8066,4956,3760,4654,5173,4247,3570,6.74361,-9.55245,8.59458,48.042
81312,3509,4442,8274,9888,3465,3916,5039,5819,3315,3487,3843,3985,3113,3245,3421,3485,-26.4117,17.4109,8.64322,48.164
81313,3513,3478,3206,3112,4421,4056,3615,3177,7632,5753,4001,3440,9030,6056,4066,3386,16.9929,-21.3266,8.72217,47.9613
81314,3456,3992,5877,11439,3404,3875,4995,6994,3289,3523,3863,4145,3149,3295,3332,3343,-21.5874,33.3563,8.73935,47.9807
81315,3336,3845,4277,4480,3429,4283,6673,5863,3465,4210,6700,5952,3411,3737,4336,4464,-0.0774877,13.4389,8.61597,48.3073
81316,9376,7413,4279,3490,6708,5541,4011,3513,4084,3976,3491,3288,3415,3375,3314,2943,-20.4588,-18.2286,8.99718,48.1447
81317,3401,3949,6442,12363,3274,3757,4847,6276,3144,3451,3800,4023,3057,3160,3416,3416,-26.1428,25.3721,8.91489,47.8507
81318,6631,9095,5197,3910,5111,6103,4321,3738,3771,3993,3700,3400,3384,3418,3227,3179,-21.3098,-9.69709,8.88274,48.1187
81319,6132,9511,5628,3919,4854,5871,4544,3834,3770,3830,3685,3430,3315,3308,3331,3176,-23.1719,-7.7469,8.75992,48.092
81320,2997,3179,3405,3418,3217,3503,3802,4027,3448,3960,5220,5871,3516,4453,7985,10100,25.8348,18.1484,8.79846,48.0673
81321,3642,3931,4194,3823,4016,5502,6213,4316,4048,5782,6465,4303,3683,4015,4241,3828,0.49147,2.19037,8.8965,48.0013
81322,4021,6418,9504,5641,3933,4709,5153,4610,3457,3692,3831,3731,3155,3276,3413,3291,-32.6532,5.50567,8.62923,47.89
81323,3215,3336,3828,4001,3270,3415,4336,6028,3434,3831,5325,10022,3243,3656,4750,6397,8.17591,28.973,8.81273,48.058
81324,4083,4830,4755,3897,4355,7053,6794,4329,3965,5093,4882,4012,3509,3847,3708,3468,-6.08406,-0.951883,8.58739,48.3867
81325,3494,4242,7743,10674,3419,3897,4987,6055,3203,3452,3864,3910,3013,3208,3335,3379,-25.9623,19.5862,8.77126,47.9167
81326,3415,3369,3231,3110,3983,3785,3413,3269,5760,5405,4045,3502,9266,8341,4639,3558,23.9505,-16.1082,8.92106,48.0607
81327,3736,5247,8260,5969,3692,4734,6741,5130,3451,3746,4234,3868,3155,3336,3521,3377,-18.285,8.28731,8.68072,48.1313
81328,3407,3516,3367,3315,3657,4091,3881,3667,4402,6358,6117,4187,4610,6732,6334,4418,15.713,-1.036,8.82887,48.0393
81329,5724,4540,3710,3307,9558,5102,3800,3291,6761,4716,3673,3365,4221,3760,3346,3148,-4.60284,-30.5618,8.91442,48.0147
81330,4308,4808,4076,3631,5181,7495,5089,3672,4692,6261,4527,3685,3902,4011,3694,3383,-3.34971,-7.25124,8.62682,48.2767
81331,8349,6865,4179,3502,7190,5960,4085,3529,4227,4044,3529,3147,3432,3486,3183,3223,-17.5266,-18.022,8.60817,47.9533
81332,3282,3358,3315,3214,3583,3704,3724,3616,4221,4935,4975,4143,4793,8080,8420,4880,26.6788,0.54068,8.8246,48.162
81333,11799,6640,4000,3334,6511,4895,3801,3386,3968,3851,3362,3217,3446,3434,3148,3087,-25.3264,-23.6329,8.99065,47.9193
81334,6598,9976,5680,4011,4899,5214,4356,3817,3758,3868,3488,3401,3312,3386,3335,3211,-29.7174,-8.93248,8.74433,48.2067
81335,4911,4152,3477,3190,8496,4919,3814,3302,8350,4969,3724,3327,4761,4149,3529,3287,0.171029,-27.8339,8.99104,48.238
81336,3774,5012,8755,7302,3650,4416,5892,5444,3281,3611,3905,3912,3063,3334,3426,3424,-21.7092,12.1449,8.54903,48.134
81337,3748,4239,4280,3809,4069,5963,5918,4164,4174,5861,6037,4116,3706,4292,4098,3896,-0.11066,-0.0359741,8.76616,48.2467
81338,4554,5477,4741,3916,4906,7775,5833,4035,4129,4717,4282,3742,3482,3709,3660,3335,-9.28447,-4.7627,8.5175,48.1953
81339,3438,4068,5814,5745,3543,4308,7272,7255,3369,3730,4668,4957,3129,3415,3702,3712,-9.80942,15.0417,8.51153,48.0833
81340,3727,4326,4391,3898,4056,6057,6699,4353,4005,5391,5847,4303,3538,3898,4033,3743,-2.21021,1.6835,8.68263,48.1767
81341,3435,4095,6658,9622,3543,4037,5516,7012,3271,3538,3806,4307,2994,3279,3466,3475,-19.5684,20.3171,8.70469,48.036
81342,4120,5650,5430,4123,4430,7069,6511,4188,3861,4515,4427,3842,3470,3620,3488,3393,-10.7884,-1.2705,8.74624,48.0913
81343,3544,3755,3963,3722,3787,4711,5412,4120,4064,5882,7654,4783,3717,4274,4951,4254,5.24031,3.96048,8.7184,48.3953
81344,3273,3811,5309,7905,3495,3925,5432,9242,3220,3689,4211,5211,3061,3287,3539,3693,-12.37,26.5429,8.60888,48.202
81345,3547,3487,3406,3205,4734,4262,3545,3342,7719,6180,4137,3433,7567,6193,4017,3429,14.6764,-18.9095,8.51806,48.1353
81346,3737,3888,3917,3781,4118,5377,5350,4108,4341,6517,6434,4352,3904,4450,4426,3864,3.35548,0.170012,8.59033,48.376
81347,5628,9372,6385,4148,4570,5694,4780,3941,3741,3847,3597,3484,3248,3431,3239,3180,-23.1041,-5.44265,8.86722,48.19
81348,6012,7612,4988,3794,5605,7211,4699,3707,4138,4185,3814,3452,3447,3459,3322,3187,-16.3785,-10.3371,8.92353,48.4213
81349,3296,3324,3336,3144,3995,3828,3525,3276,5862,5154,4021,3505,10123,7958,4355,3462,25.9157,-17.9103,8.85052,48.1093
81350,3511,4212,5720,5200,3708,4673,8116,6145,3437,3964,5092,4454,3205,3506,3584,3584,-8.9259,10.7843,8.96122,48.074
81351,3357,3677,4617,6456,3362,3808,5303,9903,3336,3694,4500,6195,3105,3295,3792,4024,-7.22312,27.6119,8.84836,48.2827
81352,3378,3870,4530,4357,3475,4353,6920,6096,3617,4274,6372,5728,3240,3705,4228,4200,-1.25472,12.9571,8.72516,48.2287
81353,4037,4267,3748,3406,5169,6728,4501,3623,5441,7377,4487,3546,4327,4485,3896,3522,1.23665,-9.75131,8.9939,48.3733
81354,3137,3168,3347,3271,3292,3382,3751,3988,3478,3703,4706,6264,3449,3993,6161,12374,25.4146,33.9299,8.9149,47.6427
81355,3620,3531,3303,3030,4624,4113,3524,3219,8913,5207,3713,3389,8902,5498,3801,3335,15.1389,-27.4666,8.80822,47.8147
81356,3104,3327,3521,3648,3242,3557,4146,4818,3431,3764,5201,9290,3452,3863,5338,8145,13.1839,33.302,8.67914,47.898
81357,3364,3454,3495,3516,3588,4333,4456,3951,4124,6131,7187,4621,4156,5375,6186,4566,12.3699,2.63411,8.71775,48.3353
81358,3306,3428,3349,3205,3632,3745,3753,3534,4283,5122,4800,3959,5278,8960,7426,4558,27.5728,-2.32396,8.54032,48.2253
81359,2967,3256,3406,3448,3204,3480,3827,4273,3479,3827,5256,7310,3491,3936,6280,10752,20.3663,24.0209,8.81258,48.128
81360,9744,5609,3885,3509,8157,5068,3930,3341,4447,3892,3502,3231,3493,3539,3180,3194,-17.2732,-32.5494,8.51433,47.814
81361,3131,3315,3300,3394,3439,3602,3779,3814,3722,4362,5285,4865,3891,5401,9827,6688,33.0014,9.31542,8.51943,47.8767
81362,3103,3210,3313,3317,3166,3379,3744,3930,3381,3809,4922,6187,3463,4067,5946,12281,26.205,33.505,8.74635,47.4787
81363,12015,6234,4005,3378,6397,4954,3784,3496,3979,3858,3533,3143,3391,3335,3133,3144,-25.4163,-25.9535,8.54787,47.8527
81364,3305,3679,4286,4481,3388,3961,5781,6739,3468,3993,6236,7067,3258,3783,4263,4692,0.789479,17.466,8.55943,48.2533
81365,6534,4862,3751,3373,9670,5482,3776,3345,6008,4451,3608,3259,3931,3731,3424,3125,-7.97495,-25.5055,8.75155,48.22
81366,3344,3597,3441,3325,3717,4176,3973,3674,4539,6861,5717,4134,4700,6999,6033,4208,15.5903,-2.38467,8.92232,48.292
81367,3480,4124,5143,5024,3612,4516,7498,6676,3399,4038,5354,5045,3287,3576,3864,3908,-6.32151,13.3552,8.56034,48.3627
81368,3328,3351,3889,3850,3472,4047,5389,4985,3644,4403,7611,6722,3519,3998,5163,4955,6.44624,13.4343,8.52342,48.2173
81369,9332,5591,3898,3298,8794,5239,3909,3369,4565,4006,3458,3216,3610,3442,3345,3083,-15.8957,-26.8249,8.91469,48.1033
81370,5549,9622,6945,4264,4366,5097,4727,3810,3594,3728,3633,3497,3303,3362,3412,3201,-30.4373,-4.25639,8.94188,48.0733
81371,3318,3612,4002,4151,3302,3954,5401,6004,3540,4083,6615,7462,3304,3757,4691,4957,3.79315,16.9613,8.53561,48.102
81372,3517,3919,5883,8161,3446,3881,5814,8254,3265,3643,4063,4719,3101,3298,3568,3531,-14.7582,21.136,8.93645,48.042
81373,10624,7780,4191,3503,5941,5280,3926,3367,4029,3817,3496,3257,3375,3311,3191,3133,-25.3386,-19.1401,8.90212,48.1473
81374,3564,3488,3191,3022,4413,4290,3675,3275,7484,6016,3975,3551,7909,6418,4206,3514,15.7818,-18.6648,8.53811,47.994
81375,4833,8206,7793,4652,4189,5364,5053,4115,3501,3869,3693,3493,3264,3464,3318,3255,-23.4717,-0.858063,8.86423,48.0413
81376,3151,3494,3925,4630,3387,3761,5123,7286,3384,3889,5580,8416,3216,3624,4400,5064,1.83238,22.5902,8.87225,48.22
81377,3630,3536,3368,2939,4796,4118,3521,3245,9116,5175,3831,3436,8599,5321,3969,3326,13.9014,-27.6068,8.76459,47.9507
81378,12792,6088,3865,3366,6426,4736,3713,3306,3866,3819,3376,3200,3314,3366,3214,3206,-25.5259,-30.1678,8.99223,47.7687
81379,3197,3241,3416,3407,3246,3459,3782,3977,3310,3846,4912,6063,3344,4100,6814,11991,28.7663,23.5585,8.6316,48.07
81380,3876,4060,3603,3281,5198,5839,4334,3485,6053,7718,4522,3630,4643,4697,3990,3508,4.11672,-11.5785,8.85249,48.2913
81381,6476,5051,3839,3417,9188,5867,3937,3348,5504,4470,3550,3245,3955,3729,3377,3136,-8.72319,-21.924,8.68621,48.0593
81382,4084,4289,3846,3423,4923,6800,4591,3678,5094,7071,4782,3640,4219,4392,3951,3479,0.751781,-8.28475,8.81618,48.1747
81383,3090,3440,3683,4039,3322,3595,4271,5896,3408,3873,5205,9785,3225,3669,4761,6490,8.04347,30.7406,8.66847,47.8347
81384,3214,3478,3816,3774,3478,4012,5205,4732,3600,4601,8081,6128,3493,4170,5335,5030,7.7019,11.1306,8.87207,48.098
81385,3152,3492,4284,4751,3312,3803,5144,8309,3380,3827,5069,8065,3149,3570,4201,4645,-0.613858,25.8303,8.62197,48.102
81386,2992,3253,3412,3457,3185,3447,3734,4073,3326,3862,4651,5959,3391,3947,6549,12271,27.9179,25.79,8.79646,47.6727
81387,3359,3555,4237,4309,3473,3976,6109,6439,3425,4000,6206,6998,3451,3758,4389,4722,1.0015,16.4521,8.74851,48.2707
81388,3290,3229,3386,3355,3247,3449,3647,3878,3400,3790,4665,5838,3408,3994,5970,12746,29.4666,32.9613,8.82541,47.528
81389,3199,3324,3488,3457,3290,3519,3867,3815,3635,4322,5343,4942,3833,5754,9978,6724,29.7415,9.00142,8.94528,48.3267
81390,3429,3868,5060,7773,3274,3767,5265,9799,3351,3569,4251,5119,3145,3248,3488,3692,-11.7743,28.2689,8.85463,48.0653
81391,3971,4209,3851,3390,4858,6397,4552,3648,5014,7222,4859,3769,4360,4519,3978,3485,1.86195,-7.63871,8.5971,48.0547
81392,3418,3791,5125,7113,3467,3928,5705,9280,3338,3609,4336,5196,3079,3335,3576,3834,-10.564,23.3314,8.69578,48.0867
81393,3218,3242,3339,3349,3370,3608,3857,3806,3799,4284,5344,4864,3884,5748,9840,6740,27.8342,9.14549,8.66217,48.1947
81394,3428,3409,3229,3127,3968,3966,3548,3266,5300,5797,4334,3657,7081,9360,5241,3834,22.9728,-10.8114,8.83109,48.3633
81395,3146,3263,3385,3290,3156,3550,3831,3828,3420,3978,5088,5705,3550,4640,8424,9806,28.4418,16.9491,8.84387,48.04
81396,3102,3330,3595,3566,3214,3618,4266,4792,3460,3934,5181,9278,3402,3926,5317,8107,13.1754,33.7327,8.55799,48.0587
81397,3415,4133,6569,11597,3261,3788,4876,6566,3211,3452,3810,3971,3103,3162,3335,3380,-24.1995,24.3081,8.58801,47.7527
81398,4545,6841,7550,4855,4130,5652,6120,4369,3597,3838,3921,3547,3248,3444,3509,3278,-18.6949,1.65169,8.91412,48.296
81399,4361,4617,4061,3796,5088,7540,5159,3771,4741,6140,4545,3772,3886,4052,3916,3332,-2.9359,-6.94018,8.50355,48.518
81400,3314,3859,5782,11139,3378,3892,5041,7466,3269,3477,3867,4140,3131,3198,3439,3424,-19.8719,33.2405,8.90231,47.8773
81401,11146,5833,3863,3389,7393,5053,3771,3418,4172,3948,3421,3271,3306,3413,3273,3166,-20.7885,-28.8505,8.54588,47.8907
81402,3434,4165,7049,11474,3319,3899,5000,6207,3264,3518,3786,4053,3071,3317,3349,3351,-25.2997,21.8939,8.84095,48.1707
81403,3365,3368,3299,3139,3910,3931,3599,3327,5179,5111,4095,3561,8404,9383,4813,3640,31.6868,-13.4214,8.90385,48.0827
81404,6023,6118,4073,3560,6858,7345,4363,3593,4576,4585,3682,3332,3681,3589,3407,3155,-11.6388,-14.5074,8.67061,47.96
81405,3146,3500,3924,4324,3425,3733,4783,6838,3308,3764,5372,9279,3244,3642,4405,5523,4.06302,25.2417,8.87437,48.14
81406,7096,9717,5388,3796,4826,5212,4347,3652,3806,3805,3649,3369,3412,3465,3213,3135,-29.4673,-10.1862,8.66177,47.9253
81407,5665,4565,3688,3253,9482,5232,3722,3299,6797,4673,3738,3355,4231,3947,3492,3109,-4.78541,-29.8066,8.62507,48.1653
81408,6806,8270,5023,3802,5500,6456,4444,3678,3958,3919,3631,3321,3431,3444,3218,3192,-19.44,-11.2029,8.53406,48.062
81409,3103,3231,3451,3345,3368,3652,3788,3823,3784,4470,5300,4841,3871,5767,9611,6471,32.3672,8.33097,8.56039,47.9173
81410,4634,7622,7036,4600,4268,5938,5765,4194,3698,4052,3956,3572,3270,3388,3300,3268,-18.8925,-1.05425,8.95956,48.374
81411,10977,6787,4147,3458,6718,5040,3897,3382,4028,3909,3490,3242,3404,3363,3126,3069,-22.9026,-22.187,8.89401,48.0247
81412,6972,9057,5231,3933,5277,5850,4405,3596,3755,3896,3558,3399,3372,3328,3285,3135,-22.6711,-10.4688,8.51778,48.0327
81413,6835,9848,5647,3863,4617,5354,4429,3671,3727,3708,3632,3303,3343,3348,3258,3282,-28.0126,-8.98212,8.6571,47.91
81414,3277,3740,4444,4692,3327,4051,5899,7077,3348,3963,5806,6953,3328,3591,4343,4634,-0.496326,18.4732,8.53173,48.3153
81415,4241,5199,5123,4035,4445,7213,6681,4251,3857,4691,4649,3683,3585,3645,3591,3595,-8.57213,-0.979864,8.79351,48.3227
81416,3659,3807,3663,3304,4457,5500,4466,3662,5113,7671,5468,4023,4349,5079,4340,3617,5.84056,-5.84825,8.56404,48.1187
81417,5728,4524,3632,3247,9612,5251,3837,3370,6778,4514,3565,3317,4127,3903,3410,3289,-5.0377,-28.8263,8.82057,48.0693
81418,3334,3705,4365,5687,3431,3856,5584,9299,3263,3665,4653,6456,3171,3576,3887,4149,-5.36056,24.7221,8.71477,48.054
81419,7572,4912,3803,3303,9835,5193,3748,3369,5438,4289,3644,3180,3727,3667,3329,3077,-11.1871,-28.3621,8.72307,48.0573
81420,3296,3458,3456,3197,3923,4288,4084,3444,4814,7364,5638,3906,4876,6885,5453,4097,14.4432,-4.29239,8.62285,48.1193
81421,3457,3442,3283,3108,3962,3924,3526,3335,5500,5035,3963,3523,9848,8319,4513,3497,30.509,-16.9287,8.54435,48.1567
81422,3237,3537,3714,3692,3439,3768,4720,4369,3651,4667,8032,6013,3619,4399,6068,5427,11.0738,10.6817,8.72501,48.2347
81423,4343,3946,3469,3157,7002,4729,3772,3412,9085,5603,3883,3292,5283,4359,3672,3312,3.4946,-23.986,8.81927,48.2127
81424,3316,3613,4379,4536,3405,3997,5992,7143,3401,4060,5925,6856,3220,3600,4252,4395,-0.488859,18.0167,8.97662,48.06
81425,3443,3591,3589,3442,3742,4555,4593,3843,4360,6767,7258,4353,4028,5247,5279,4097,9.48577,0.976161,8.88245,48.1247
81426,3122,3353,3672,3659,3321,3660,4380,4759,3446,4164,6441,7868,3338,4021,5886,7002,12.3687,18.277,8.61381,48.0613
81427,6356,9948,5931,4015,4771,5203,4595,3663,3712,3800,3566,3474,3273,3368,3307,3153,-28.4152,-7.73372,8.6001,48.09
81428,3339,3427,3546,3281,3648,3972,4012,3688,4108,5922,6373,4382,4447,6538,7202,4673,16.9826,1.29781,8.88305,48.372
81429,7476,8329,4744,3723,5743,5970,4351,3587,4008,3970,3657,3374,3527,3440,3252,3101,-20.3428,-13.1054,8.52321,48.168
81430,3148,3214,3610,3895,3179,3509,4292,5239,3303,3856,5223,9863,3403,3610,5089,7260,10.5754,32.7253,8.81001,47.7953
81431,3456,3888,6002,11664,3400,3752,4919,6928,3229,3380,3937,3919,3119,3207,3347,3337,-22.2861,32.7124,8.77109,47.656
81432,3372,3352,3261,3240,3947,3874,3466,3361,5302,5085,4140,3569,8561,9260,4749,3608,31.845,-13.9765,8.8575,48.098
81433,3281,3788,5063,6374,3465,3946,6095,8990,3243,3642,4667,5428,3147,3386,3815,3845,-9.03269,21.029,8.81806,48.1167
81434,3294,3383,3369,3208,3657,3758,3701,3413,4517,5532,4626,3925,5473,9298,6748,4182,25.0931,-4.17932,8.6954,48.056
81435,4914,6704,5117,4004,4838,7550,5614,4017,3891,4328,4033,3423,3530,3523,3409,3340,-13.462,-5.12871,8.97164,48.1567
81436,3666,5113,9817,7676,3550,4283,5294,5054,3275,3502,3781,3760,3208,3136,3448,3339,-27.8712,11.7725,8.98166,47.9347
81437,7525,9270,5126,3804,5063,5561,4289,3599,3826,3847,3592,3418,3342,3513,3385,3071,-25.0337,-11.477,8.55366,48.154
81438,3391,3374,3246,3077,4183,3823,3482,3344,7345,4846,3839,3496,11094,5782,3862,3540,20.3078,-30.4879,8.79831,47.816
81439,4098,5830,6756,4696,4095,5917,6952,4630,3566,4092,4244,3795,3379,3411,3535,3425,-14.5712,2.5716,8.95579,48.2807
81440,3220,3419,3686,3597,3414,3824,4765,4616,3694,4693,7897,6140,3544,4474,6113,5456,10.926,11.5007,8.62098,48.368
81441,3375,3317,3266,3059,3857,3852,3514,3295,5393,5145,4151,3536,8714,8862,4654,3505,33.3805,-14.7297,8.71245,47.6633
81442,7849,5604,3835,3315,8646,5868,3892,3458,4674,4221,3569,3190,3674,3563,3301,3184,-13.4849,-22.2076,8.79051,47.8953
81443,3399,3581,3735,3711,3640,4390,5028,4082,3977,5756,7935,4989,3764,4657,5409,4625,8.35151,4.85399,8.50287,48.452
81444,3913,5386,8099,5512,3669,4957,6872,5160,3367,3758,4099,3841,3307,3324,3351,3442,-17.3181,7.60295,8.76508,48.038
81445,3381,3819,4571,4517,3516,4453,7072,6248,3606,4296,6284,5531,3307,3810,4129,4148,-2.3433,12.7842,8.96855,48.4587
81446,3054,3263,3523,3640,3328,3673,4086,4674,3335,3837,5265,8914,3366,3707,5441,8877,14.8006,27.5336,8.72302,47.9887
81447,7752,5214,3765,3412,9445,5311,3855,3454,5148,4185,3484,3356,3667,3678,3331,3119,-12.1842,-27.4177,8.75436,48.1173
81448,3445,3536,3173,3106,4231,3888,3452,3198,7958,5227,3874,3433,10104,5771,3828,3304,18.3082,-30.4079,8.62342,47.6853
81449,3767,3705,3344,3101,4871,4418,3639,3321,7912,6662,4211,3440,6588,5804,4030,3353,11.5891,-17.601,8.83831,48.1107
81450,3412,3488,3439,3278,3841,4226,4145,3723,4424,6839,6243,4306,4586,6221,6170,4236,13.9039,-1.02692,8.85616,48.3847
81451,3424,4153,6608,9280,3439,3977,5570,7443,3244,3665,4006,4231,3095,3246,3466,3498,-18.0378,20.4365,8.73641,48.23
81452,3419,3908,5312,7989,3398,3815,5352,9334,3345,3582,4092,4878,3094,3426,3514,3651,-13.0739,25.1565,8.56544,48.0727
81453,5224,4429,3650,3242,9142,5142,3887,3291,7308,4912,3638,3277,4420,4041,3451,3183,-2.95168,-32.2141,8.60224,48.158
81454,3347,4105,5892,12014,3285,3906,4866,6581,3220,3442,3899,3999,3112,3291,3286,3396,-23.6401,32.735,8.63768,47.7607
81455,3157,3336,3325,3362,3393,3663,3891,3640,3780,4343,5374,4728,3882,5810,9792,6547,28.2161,8.17208,8.58746,48.0153
81456,3485,4012,5247,5882,3442,4149,6928,7956,3295,3716,4822,5123,3198,3385,3689,3817,-8.40172,17.2954,8.78678,48.0973
81457,4399,4214,3652,3222,6505,5831,3929,3343,7064,6398,4111,3438,4754,4432,3688,3291,1.66975,-17.0432,8.7667,48.1807
81458,3110,3327,3500,3460,3222,3616,4076,4648,3447,3850,5554,8133,3412,3931,5828,8831,15.8872,22.8462,8.60951,47.9633
81459,3364,4156,7678,10998,3415,3975,5065,5724,3299,3472,3806,3998,3107,3190,3364,3353,-29.6059,19.7671,8.9129,47.976
81460,3121,3185,3368,3449,3258,3456,3782,3860,3366,3768,4720,6068,3363,3951,6223,12556,29.4761,27.6248,8.77365,47.6627
81461,5779,5702,4168,3450,7276,7428,4436,3517,4720,4730,3748,3454,3578,3758,3449,3176,-10.0931,-14.6708,8.96382,48.246
81462,8409,5347,3907,3317,9145,5358,3848,3160,4757,4132,3516,3252,3694,3519,3260,2950,-13.9453,-24.804,8.93506,47.714
81463,3468,4405,6771,6742,3579,4388,7310,6593,3339,3737,4204,4319,3134,3290,3559,3616,-14.4451,13.7937,8.80168,48.3027
81464,3303,3298,3430,3211,3608,3777,3717,3481,4305,5101,5010,3999,4867,8663,7597,4436,33.753,-1.44648,8.54756,47.8687
81465,3142,3270,3397,3257,3421,3772,3824,3670,3876,4614,5129,4414,4051,6551,9725,5816,31.1889,5.4198,8.87925,47.9527
81466,3095,3323,3746,4002,3277,3652,4420,5704,3381,3793,5383,9790,3445,3756,4731,6591,8.38086,29.2089,8.55483,48.0593
81467,4264,5806,6347,4526,4212,6188,7038,4488,3655,4146,4247,3836,3298,3504,3476,3355,-13.9437,2.16147,8.7809,48.2573
81468,12054,6733,4106,3439,6072,4839,3773,3450,4016,3807,3425,3150,3386,3344,3268,2987,-29.5395,-23.5894,8.92586,47.8993
81469,3101,3205,3524,3485,3251,3528,3909,4146,3444,3853,4857,7367,3388,3873,5776,10940,20.5251,32.3829,8.50415,47.7647
81470,4457,6587,6938,4575,4140,5879,6476,4358,3592,4042,4130,3637,3286,3399,3451,3240,-16.7034,1.13613,8.9695,48.1247
81471,3482,3393,3411,3096,3928,3859,3556,3273,5459,5824,4315,3624,7393,8934,5027,3653,22.1422,-11.799,8.75071,48.1513
81472,3427,3395,3303,3133,3922,4080,3765,3497,5076,6731,4964,3779,5565,8251,5606,4060,18.1955,-6.95315,8.72888,48.3693
81473,3169,3463,4189,5053,3272,3875,5030,8495,3359,3708,4976,7956,3235,3540,4193,4626,-0.70088,26.9742,8.78957,48.0927
81474,6245,4888,3767,3255,9518,5716,3845,3395,5699,4696,3690,3265,3982,3794,3344,3094,-7.83672,-23.3615,8.63276,48.1287
81475,3600,4071,4464,4091,3841,5301,7455,4812,3754,4938,6406,4467,3535,3808,4077,3819,-2.1363,5.4764,8.87765,48.2927
81476,3464,4179,7131,11630,3422,3865,4931,5940,3218,3516,3802,4038,3132,3271,3415,3428,-28.8465,21.3227,8.90762,48.2547
81477,3342,3383,3245,3219,4034,3841,3597,3249,5381,5166,4070,3443,9217,8651,4501,3545,33.2585,-15.9508,8.65284,47.9227
81478,12543,6141,3783,3375,6096,4735,3727,3392,3919,3753,3495,3233,3389,3410,3283,3108,-33.8492,-27.1088,8.74342,47.588
81479,5238,9127,7492,4450,4225,5079,4677,4023,3522,3706,3662,3440,3308,3229,3270,3346,-30.5836,-2.59057,8.85176,47.8627
81480,3556,3519,3330,3180,4016,4044,3640,3291,5561,6266,4376,3607,7062,8139,4871,3741,18.9301,-11.9224,8.51245,48.1327
81481,3261,3448,3841,3778,3376,4027,4946,4449,3668,4892,8173,5893,3666,4393,5631,5088,8.67194,9.58809,8.99196,48.3533
81482,3363,4172,7304,11282,3475,3842,5001,5815,3168,3418,3816,3866,3237,3281,3327,3385,-33.0275,20.4677,8.84338,47.8347
81483,12829,6005,3859,3237,6073,4778,3849,3399,3933,3691,3400,3156,3469,3158,3238,3252,-30.975,-29.9084,8.78332,47.5507
81484,6264,4672,3724,3346,9806,5281,3741,3354,6126,4357,3691,3329,4068,3687,3433,3190,-7.20888,-28.3062,8.62164,48.046
81485,3659,3951,3961,3600,4168,5666,5333,3945,4484,6802,6105,4108,3886,4493,4318,3848,2.89625,-1.35208,8.5152,48.218
81486,3432,3923,6379,9852,3437,3968,5372,7175,3135,3572,3993,4173,3106,3221,3474,3479,-19.2984,21.8952,8.51786,47.794
81487,3117,3212,3321,3343,3168,3333,3895,3971,3428,3788,4881,6475,3419,3963,5930,12173,24.1547,32.9354,8.98569,47.6113
81488,3387,3438,3308,3071,3922,3828,3412,3255,5829,4997,3788,3388,11097,7415,4248,3450,30.8393,-20.5155,8.74004,47.8887
81489,3077,3219,3393,3422,3329,3521,3787,3839,3442,3869,4996,5919,3361,4087,7408,11190,27.5871,20.6731,8.92856,47.906
81490,3343,3587,4576,4794,3464,4076,6408,7430,3370,3984,5718,6548,3169,3472,4206,4310,-2.0784,17.7357,8.63683,48.3033
81491,6176,5348,3885,3356,8298,6794,4028,3500,5174,4662,3692,3437,3888,3684,3418,3163,-9.50514,-18.3602,8.82882,48.3353
81492,3152,3379,3415,3283,3422,3699,3910,3795,3753,4585,6087,5008,3786,5530,9137,6433,21.4799,9.05371,8.78655,48.2493
81493,3691,3641,3419,3184,4823,4512,3724,3344,7933,6906,4253,3475,6573,5649,4015,3423,11.1457,-17.1301,8.8765,48.3767
81494,3347,3373,3257,3069,3963,3993,3550,3355,5839,5816,4225,3531,8043,8292,4732,3586,21.7709,-14.4955,8.86869,47.9807
81495,3228,3736,4504,4929,3518,3990,6322,7580,3546,3737,5419,6633,3218,3616,3992,4258,-2.45422,18.3613,8.8833,48.1507
81496,10554,6659,4060,3456,7032,5255,3927,3335,4189,3858,3370,3202,3464,3382,3252,3025,-21.1548,-22.7533,8.73054,48.0133
81497,3087,3247,3461,3536,3295,3675,3985,4069,3466,4047,5813,6647,3458,4304,6978,8836,19.3818,18.0507,8.54348,47.936
81498,3178,3258,3359,3479,3247,3394,3901,3969,3440,3897,4689,5912,3204,3903,6386,12295,32.2523,26.4061,8.63781,47.674
81499,5779,5067,3814,3478,8308,6626,4076,3431,5488,4813,3824,3279,4077,3882,3341,3224,-7.30862,-18.2927,8.6688,48.338
81500,3733,4033,4065,3845,3974,5433,5924,4182,4174,5952,6484,4326,3768,4244,4347,3890,1.62792,0.665976,8.65942,48.2493
81501,3143,3312,3427,3309,3357,3701,3995,3592,3814,4821,6135,4832,3979,5756,9101,5876,20.8959,7.0306,8.96079,48.1
81502,3302,3649,4399,5394,3374,3880,5621,8913,3347,3841,5025,6801,3122,3663,4036,4439,-3.83006,23.1211,8.78349,48.5373
81503,5116,8605,6715,4309,4429,5858,5116,4005,3556,3825,3752,3457,3345,3469,3412,3233,-21.1478,-3.61975,8.85294,48.1347
81504,4262,4956,4265,3659,4973,7854,5418,3822,4442,5590,4543,3648,3665,3936,3659,3559,-5.07219,-5.61457,8.60368,48.1673
81505,3129,3230,3497,3548,3236,3455,4085,4680,3335,3819,5239,9143,3396,3931,5394,9000,14.9465,29.5031,8.83627,48.078
81506,3042,3322,3717,3772,3267,3571,4347,5500,3500,3853,5675,9428,3310,3812,4894,6866,9.43098,23.7987,8.56623,47.9173
81507,3162,3313,3238,3397,3264,3454,3810,3956,3483,3740,4784,5984,3373,3931,6116,12355,29.6255,32.7936,8.70226,47.5733
81508,3437,3404,3280,3079,3990,3870,3436,3188,6664,4868,3660,3355,12201,6035,4011,3460,23.4831,-30.8063,8.86928,47.9587
81509,3217,3401,3510,3541,3464,3700,4409,4058,3760,4658,7525,5863,3740,4667,6915,5663,13.9204,10.4734,8.90698,48.0607
81510,3531,4296,6024,5502,3548,4715,8026,6300,3438,3663,4802,4491,3189,3491,3603,3635,-10.3368,11.7628,8.77694,48.1693
81511,11400,7218,4212,3388,5867,4877,3872,3367,3819,3843,3477,3248,3336,3377,3199,3145,-28.4196,-21.3426,8.90997,47.7633
81512,3063,3284,3461,3403,3447,3730,3864,3795,3696,4313,5955,5054,3856,5414,9338,6686,22.8104,9.33805,8.6017,48.2393
81513,3711,3713,3336,3154,4934,4633,3718,3360,7676,6795,4050,3428,6364,5698,4130,3468,10.918,-16.9869,8.54881,48.112
81514,3181,3406,3454,3315,3393,3777,4074,3845,3892,5188,6587,4906,4097,5786,8019,5476,17.9144,5.6444,8.86715,48.264
81515,3369,3523,3618,3480,3549,4232,4472,3926,4117,5887,7428,4653,4068,5251,6259,4493,12.2462,3.18441,8.53327,48.2167
81516,4071,3920,3416,3134,6632,4830,3809,3246,9294,5584,3813,3374,5679,4458,3645,3366,4.80858,-24.7539,8.55068,48.1807
81517,3474,3846,4534,4349,3572,4512,7129,5788,3487,4290,6427,5556,3442,3660,4196,4142,-1.16488,11.7031,8.59307,48.2693
81518,3515,3403,3322,3217,3839,4127,3851,3444,5037,7012,4959,3903,5447,7667,5279,3979,16.6125,-6.79611,8.52725,48.0007
81519,3423,4188,6465,7552,3473,4035,6317,7575,3267,3639,4195,4407,3070,3250,3556,3580,-14.8576,17.9061,8.89932,47.9947
81520,8873,5696,3888,3212,8680,5233,3830,3457,4684,4015,3548,3263,3598,3506,3335,3140,-14.9676,-25.8702,8.66821,47.972
81521,4109,6199,9111,5682,3987,4797,5883,4693,3451,3661,3915,3754,3204,3285,3382,3325,-21.7633,5.62143,8.97452,48.292
81522,3362,3865,5266,7527,3341,3855,5114,9440,3302,3639,4300,5063,3173,3298,3611,3679,-11.8938,33.859,8.58491,47.89
81523,4715,7924,7867,4807,4148,5111,5366,4182,3534,3793,3709,3568,3262,3333,3472,3289,-23.1594,0.00999892,8.63782,48.0533
81524,4069,3827,3497,3075,6442,4573,3639,3328,9980,5204,3776,3387,5988,4531,3650,3204,5.70761,-30.615,8.81781,48.1133
81525,3046,3233,3526,3780,3260,3639,4019,4689,3394,3904,5497,8880,3371,4009,5622,8420,14.1694,23.9885,8.95959,48.1927
81526,3552,4522,8492,9408,3410,4020,5161,5650,3304,3583,3854,4057,3126,3286,3345,3403,-26.1508,16.5119,8.51911,48.1153
81527,3805,4139,4284,3903,3983,5562,6411,4368,4081,5584,6413,4193,3687,4047,4220,3874,-0.11262,2.53987,8.74838,48.3693
81528,3136,3335,3485,3395,3398,3688,3867,3832,3619,4526,5906,5136,3771,5322,9163,6558,21.8017,9.68974,8.70335,48.0913
81529,5828,5086,3919,3443,8150,6831,4208,3461,5294,4780,3701,3251,3963,3756,3422,3140,-8.05268,-17.6401,8.99952,48.1553
81530,4275,3966,3641,3196,6487,5368,3815,3391,8054,6088,3892,3328,5052,4495,3710,3297,3.30611,-19.1774,8.54687,48.0367
81531,3269,3560,3805,3707,3490,3946,5144,4639,3660,4545,8106,6420,3509,4220,5541,5046,8.12487,11.5219,8.98731,48.4047
81532,3198,3383,3596,3591,3344,3849,4421,4259,3626,4497,7396,6236,3531,4514,7055,6314,14.6237,12.3924,8.51877,48.54
81533,3590,3594,3246,3071,4389,4111,3623,3282,7756,6044,3995,3276,8360,6315,3946,3398,15.7776,-19.6135,8.98067,47.9973
81534,5267,4549,3669,3208,8944,5652,3875,3436,6746,4863,3756,3355,4321,3968,3551,3148,-4.13964,-22.534,8.60768,48.2053
81535,10401,7872,4312,3439,6084,5093,4001,3388,3930,3849,3517,3237,3388,3317,3223,3169,-25.2119,-18.6704,8.82541,48.1467
81536,3538,4556,8606,9185,3548,4003,5285,5590,3330,3554,3860,3897,3071,3263,3400,3345,-26.286,16.0545,8.66588,48.0207
81537,4971,8840,7705,4448,4320,5204,4848,4013,3625,3709,3663,3471,3247,3360,3376,3223,-30.957,-1.6356,8.88519,48.0153
81538,3051,3265,3286,3429,3190,3490,3876,4001,3428,3849,4954,6107,3439,4014,6936,11685,26.2049,22.182,8.90262,48
81539,3402,3795,4502,4631,3521,4205,6514,6734,3487,3970,5891,6155,3236,3752,4113,4444,-1.49419,15.1822,8.60192,48.2347
81540,4700,4093,3531,3246,7873,4837,3682,3357,8627,4957,3911,3312,4740,4276,3637,3259,0.670005,-32.4091,8.64885,48.0253
81541,3424,3766,5207,5839,3491,4197,7151,7877,3287,3773,4782,5160,3202,3482,3848,3893,-8.20352,16.7266,8.7407,48.2527
81542,3972,3747,3297,3220,5503,4377,3590,3421,9810,5143,3755,3386,6897,4922,3755,3305,9.13654,-30.7486,8.57196,48.0667
81543,3653,3707,3385,3107,4950,4378,3585,3304,8437,6070,3947,3542,7074,5678,4041,3311,12.1727,-20.3966,8.54047,48.1127
81544,3574,3609,3334,3207,4320,4314,3707,3369,6955,6856,4219,3644,7129,6544,4236,3484,14.5285,-15.4101,8.91523,48.334
81545,3348,3719,5140,8677,3379,3832,5327,9298,3259,3559,4079,4783,3084,3219,3537,3620,-13.8678,27.3984,8.95706,47.9067
81546,3087,3224,3281,3382,3173,3434,3765,3940,3369,3823,4795,6441,3402,3980,6025,12606,26.4039,30.0902,8.67088,47.818
81547,3892,5317,7409,5273,3829,5098,7369,5051,3509,3857,4303,3862,3201,3415,3449,3305,-15.4822,6.71002,8.65852,48.0927
81548,3493,3612,3283,3107,4585,4347,3675,3338,6823,6637,4205,3492,6796,6591,4357,3406,14.5728,-15.3855,8.7232,47.8313
81549,3118,3378,3390,3335,3304,3672,3937,3773,3772,4724,5692,4674,4059,6109,9233,5879,23.1263,6.5346,8.6605,48.0327
81550,3210,3325,3333,3342,3572,3781,3772,3515,4107,4984,5051,4095,4935,8644,7952,4646,27.6637,-1.10315,8.86526,48.176
81551,5918,9733,6237,4071,4495,5196,4533,3851,3767,3841,3649,3448,3286,3362,3322,3240,-27.9391,-6.15765,8.55544,47.966
81552,3385,3389,3389,3220,3606,3800,3614,3350,4664,5238,4416,3724,6479,9914,5950,3948,29.4657,-7.96465,8.52765,48.0573
81553,3438,3497,3278,3096,4083,4146,3693,3311,6545,5625,4047,3433,9143,7261,4270,3507,20.7028,-18.4157,8.55995,48.2487
81554,3865,3834,3400,3136,5216,4724,3759,3386,7857,6976,4217,3438,5913,5345,3945,3504,8.83779,-17.1382,8.71338,48.3433
81555,3828,5026,8376,6728,3651,4390,6678,5439,3353,3669,4029,3972,3050,3357,3567,3495,-18.4636,10.9612,8.94995,48.4053
81556,4935,6255,4857,3878,5296,8062,5359,3828,4150,4443,3973,3568,3312,3677,3300,3197,-11.7172,-6.66774,8.96981,48.06
81557,3014,3355,3565,3629,3277,3616,4133,4611,3416,3876,5678,8215,3512,3972,5966,8440,15.188,21.7834,8.89055,48.1833
81558,3780,3602,3368,3193,5093,4313,3573,3235,8759,6059,3870,3470,7356,5564,3953,3389,12.2768,-21.347,8.58715,48.3847
81559,3351,3938,6570,12471,3356,3901,4795,5988,3212,3435,3737,3937,3128,3219,3451,3482,-31.9882,25.2581,8.87438,47.9807
81560,3228,3272,3278,3325,3362,3626,3884,3803,3597,4116,5251,4924,3723,5222,9704,7588,30.1795,11.5429,8.72795,47.9353
81561,11830,6479,4060,3371,6710,4866,3754,3349,4023,3961,3416,3130,3356,3326,3252,3124,-24.8074,-25.7693,8.6235,48.0047
81562,3611,3728,3748,3550,4022,5171,5013,3957,4412,6895,6620,4358,3943,4728,4709,4015,5.31209,-0.462895,8.64988,48.32
81563,3377,4016,6578,11976,3410,3845,4870,6462,3141,3405,3843,3961,3093,3196,3382,3332,-25.3947,25.5547,8.73421,47.9247
81564,3443,4405,7672,10442,3431,3918,4941,5643,3277,3429,3828,3915,3125,3300,3413,3391,-33.16,18.9293,8.5445,47.7153
81565,3100,3241,3368,3502,3167,3430,3807,3921,3396,3749,4908,5952,3399,4032,7008,11599,32.1158,22.0489,8.5953,47.7193
81566,4824,4120,3443,3224,8400,5065,3705,3350,8366,4813,3743,3319,4711,4165,3607,3268,-0.140933,-27.9067,8.85403,48.082
81567,5915,6697,4414,3585,6282,7418,4528,3754,4380,4418,3754,3338,3549,3671,3473,3125,-13.5082,-12.2963,8.51893,48.2007
81568,3228,3602,3690,3724,3575,3901,5119,4743,3587,4733,7906,6134,3560,4368,5645,5039,8.60496,11.1126,8.54697,48.3693
81569,3132,3308,3350,3390,3362,3588,3853,3914,3513,4167,5220,5236,3608,5019,9496,8051,31.3749,13.0602,8.71282,48.138
81570,3251,3406,3294,3221,3574,3847,3713,3528,4849,5814,4764,3735,5633,9121,6180,4142,22.8005,-5.56347,8.61276,48.048
81571,3579,3473,3336,3093,4579,4094,3471,3211,8331,5140,3784,3329,9894,5660,3820,3392,17.5834,-27.8942,8.94328,48.124
81572,3108,3202,3292,3437,3236,3376,3902,4050,3396,3743,5059,6623,3410,4068,6531,11291,22.8459,23.6348,8.70823,47.816
81573,4492,6016,5633,4178,4469,6892,6638,4299,3777,4390,4239,3725,3396,3538,3556,3407,-12.6061,-0.481217,8.82151,48.43
81574,3146,3332,3341,3315,3338,3672,3737,3658,3753,4490,5411,4818,3926,6003,9972,6296,26.2293,7.9589,8.86318,48.1387
81575,3427,3385,3362,3166,3992,3743,3470,3201,5895,5107,3909,3430,11099,7473,4098,3421,32.6633,-19.9861,8.98823,48.1187
81576,3597,3471,3210,3129,4545,4144,3524,3304,8806,5122,3856,3444,9356,5216,3776,3454,15.4671,-31.6726,8.7254,47.9693
81577,3472,3723,3994,3982,3682,4545,6311,4773,3795,4952,7475,5212,3504,4152,4720,4236,2.45097,7.37458,8.55635,48.352
81578,5847,5232,3957,3396,8307,6767,4044,3383,5298,4730,3827,3474,3807,3833,3363,3142,-7.92759,-17.8769,8.91024,48.2713
81579,3645,4070,4594,4084,3779,5177,6968,4763,3880,4975,6510,4591,3605,3807,4099,3902,-1.26998,5.75265,8.62699,48.2993
81580,3018,3207,3420,3347,3152,3461,3823,4192,3382,3886,4973,7257,3403,4033,5959,11057,20.6356,26.0259,8.73029,47.7133
81581,3345,3710,4154,4288,3508,4129,5897,5854,3530,4194,6899,6767,3311,3773,4576,4610,2.22577,14.5892,8.72854,48.3633
81582,3295,3713,5013,7483,3444,3797,5209,9839,3291,3505,4262,5187,3175,3356,3604,3630,-11.1145,31.703,8.77705,47.8687
81583,3444,3836,5947,11819,3443,3743,4898,7010,3216,3380,3888,4132,3129,3297,3201,3425,-22.0149,28.2075,8.82297,47.872
81584,3074,3198,3523,3507,3288,3613,4091,4420,3541,3991,5942,7486,3370,4128,6368,8392,16.3228,19.5194,8.56294,47.9547
81585,3191,3248,3535,3406,3283,3486,3835,4223,3467,3799,4963,7289,3258,3803,5758,11249,20.6157,31.5923,8.60522,47.862
81586,6843,8427,4823,3706,5615,6487,4358,3616,3985,4058,3604,3295,3476,3420,3318,3186,-19.0786,-11.5267,8.72743,48.1447
81587,3147,3359,3519,3489,3444,3779,4335,4285,3634,4459,6911,6292,3674,4488,7138,6394,15.3835,12.8623,8.62477,48.2313
81588,3272,3402,3534,3454,3317,3753,4156,3908,3790,4917,6948,5004,3875,5443,7858,5554,16.9659,7.19549,8.6465,48.1233
81589,4178,6074,9587,6035,3785,4684,5621,4517,3447,3638,3838,3595,3086,3253,3347,3308,-25.1831,6.54899,8.63333,47.9953
81590,3917,3655,3403,3154,5691,4404,3607,3257,10077,5314,3828,3412,6725,4769,3779,3231,8.74381,-29.3718,8.93769,48.1487
81591,3898,4445,4496,3872,4211,6471,6832,4354,3956,5293,5499,4066,3539,3922,3979,3691,-3.72468,0.915703,8.9365,48.3493
81592,3200,3245,3400,3492,3361,3591,3970,4244,3438,3863,4996,7898,3415,3928,5655,10236,18.2524,32.5961,8.61075,47.9547
81593,3514,3993,4271,4014,3825,4838,7107,4952,3780,4831,6774,4725,3505,3836,4412,4014,-0.396036,6.9401,8.77439,48.2607
81594,3543,3530,3385,3229,3931,4378,3866,3545,5159,7466,5425,3820,5110,6976,5088,3994,14.1092,-6.23427,8.58509,48.2967
81595,3301,3426,3221,3210,3903,3835,3609,3325,5524,5262,4010,3479,9270,8488,4625,3523,28.6699,-15.8377,8.62102,48.0073
81596,3237,3425,3637,3403,3556,4061,4297,3797,4015,5980,7257,4675,4127,5606,6504,4552,13.7609,2.92546,8.88358,48.086
81597,3360,4243,7220,10453,3388,3890,5058,6455,3181,3533,3965,4168,3066,3326,3544,3535,-22.9325,20.7842,8.92099,48.2567
81598,3353,3848,5963,12032,3353,3748,4941,6826,3254,3461,3858,4020,3174,3202,3427,3430,-22.8285,32.2558,8.83569,47.9267
81599,4608,4993,4183,3577,5633,7952,4979,3738,4531,5565,4187,3625,3745,3794,3618,3304,-6.14509,-8.56737,8.54327,48.0213
81600,3846,5064,6692,4834,3954,5321,7842,5151,3586,3914,4457,4042,3229,3443,3516,3461,-13.2501,5.96984,8.87644,48.2347
81601,3507,3610,3483,3321,4268,4674,3910,3455,5777,8011,4770,3726,5193,6488,4558,3816,11.6633,-9.4562,8.73909,48.378
81602,4162,6274,8966,5586,4000,4826,5902,4600,3440,3797,4042,3665,3156,3320,3490,3318,-21.2829,5.39906,8.76691,48.3627
81603,10560,7887,4292,3554,5715,5062,3982,3491,3901,3782,3417,3297,3351,3407,3185,3033,-30.0731,-18.4897,8.77823,47.944
81604,3401,3347,3195,3153,3896,3855,3416,3251,6829,4870,3777,3381,11864,5995,3960,3418,23.2699,-30.4988,8.58484,47.7387
81605,3636,4739,9467,8458,3573,4086,5215,5258,3279,3481,3878,3944,3131,3252,3458,3363,-33.4075,13.6223,8.55882,48.1453
81606,3689,4848,9062,8410,3656,4199,5373,5375,3253,3578,3855,3869,3196,3285,3451,3265,-25.3908,13.8794,8.54925,48.2427
81607,6775,8679,5132,3845,5346,6298,4490,3671,3919,4051,3681,3455,3388,3314,3207,3111,-19.599,-10.2893,8.95484,48.2413
81608,3497,3983,4779,4699,3609,4617,7550,5987,3633,4175,5785,4991,3305,3668,3947,3972,-4.22767,11.3973,8.52393,48.1313
81609,3790,4458,4494,4010,4098,5968,7047,4402,3954,5076,5703,4181,3627,3980,3989,3739,-3.3673,2.1868,8.99058,48.344
81610,3914,4155,3933,3545,4445,6623,5134,3879,4627,6754,5301,3870,4000,4351,4036,3633,0.768369,-4.41029,8.65729,48.1333
81611,5313,8458,6593,4209,4470,5900,5058,3969,3691,3941,3833,3492,3294,3386,3339,3193,-20.6868,-3.80707,8.59196,48.0927
81612,4119,4860,4870,4017,4458,6981,6743,4440,3911,4920,4750,3832,3561,3862,3699,3495,-6.70898,-0.589854,8.52886,48.3453
81613,3394,3568,3239,3172,4266,3920,3542,3303,6895,5469,3832,3430,9533,7033,4214,3561,19.9252,-19.6032,8.67297,48.2473
81614,3160,3484,3789,3887,3226,3838,4734,5478,3408,4031,6358,8637,3448,3832,4999,5922,8.09657,19.4283,8.74471,48.154
81615,4048,3775,3372,3245,6008,4433,3739,3411,9804,5099,3885,3439,6324,4696,3592,3347,7.1415,-32.5345,8.68245,48.1447
81616,3270,3494,3625,3595,3612,4096,4683,4139,3940,5406,7908,5135,3732,4713,6024,4765,10.6524,6.12646,8.57268,48.0913
81617,4748,5171,4149,3459,5873,8111,4813,3684,4690,5504,4159,3517,3823,3827,3545,3357,-6.3454,-10.3373,8.77053,48.2867
81618,3798,4778,6007,4753,3925,5427,8148,5170,3628,4127,4745,4111,3295,3462,3805,3519,-10.3194,6.29865,8.82222,48.4653
81619,3146,3249,3504,3394,3313,3625,3836,3802,3682,4348,5277,5087,3653,5198,9711,7309,32.8466,10.7887,8.63834,48.0893
81620,4166,4030,3627,3303,5888,5750,4025,3433,7011,6863,4319,3428,4756,4544,3800,3355,3.03529,-14.9078,8.90095,48.1987
81621,3347,3912,6170,11659,3279,3784,4973,7224,3226,3475,3851,4125,3162,3213,3400,3416,-21.4783,26.6678,8.98854,48.144
81622,3344,3571,3623,3607,3562,4196,4973,4101,3837,5686,7981,4960,3919,4754,5550,4473,8.70848,4.97244,8.78728,48.0913
81623,5274,5813,4308,3472,6229,7963,4630,3658,4317,4818,3888,3449,3744,3700,3519,3197,-10.0267,-11.4788,8.88384,47.986
81624,3087,3248,3704,3816,3327,3520,4307,5318,3357,3804,5335,9566,3372,3796,4988,7508,10.9459,26.7633,8.66845,48.0353
81625,3481,4151,5811,6967,3484,4027,6359,8236,3274,3632,4351,4793,3036,3382,3635,3717,-12.7016,18.912,8.69781,48.224
81626,3925,5459,10125,7044,3705,4236,5357,4893,3358,3627,3739,3752,3044,3316,3309,3326,-27.4431,9.59947,8.9377,48.1433
81627,3532,3426,3343,3162,4183,3936,3544,3234,6757,5644,4036,3493,9048,7199,4262,3427,19.4394,-18.477,8.87137,48.1507
81628,4722,6833,5712,4065,4581,7072,5831,4039,3962,4272,4109,3672,3434,3571,3379,3258,-14.2792,-3.25412,8.86605,48.3413
81629,3690,3594,3460,3162,4704,4568,3570,3349,7224,7264,4309,3629,6165,6004,4212,3673,11.428,-15.2146,8.87008,48.3847
81630,3502,3346,3135,3123,3879,3790,3486,3218,6264,4979,3889,3405,11502,6799,4087,3421,26.1191,-22.8207,8.52126,47.8833
81631,4753,7699,8617,4949,4158,4960,5257,4314,3536,3751,3712,3631,3222,3242,3353,3239,-25.2063,1.38711,8.69333,48.262
81632,4008,6087,9543,5989,3864,4517,5576,4665,3439,3672,3957,3788,3142,3327,3368,3302,-23.8449,6.81533,8.69739,48.1627
81633,3480,3442,3322,3005,4419,4081,3415,3222,8661,5088,3759,3388,9667,5542,3771,3465,16.3996,-30.1835,8.91908,47.818
81634,6287,4831,3700,3247,9893,5066,3850,3422,6200,4412,3632,3294,4049,3727,3401,3021,-7.10571,-30.8846,8.99598,48.0213
81635,3888,3668,3465,3171,5475,4310,3584,3351,9739,5087,3870,3416,7000,4964,3696,3238,9.36862,-28.8934,8.5285,47.948
81636,3315,3901,5064,5859,3492,3865,6519,8523,3341,3733,4799,5405,3134,3551,3824,3959,-7.95148,19.1713,8.83989,48.1893
81637,4510,4099,3528,3276,7348,4980,3785,3317,8481,5325,3839,3474,5070,4192,3639,3307,1.86598,-24.6395,8.68614,48.1133
81638,7869,8393,4751,3577,5980,6049,4236,3539,3970,4029,3509,3336,3410,3459,3390,3128,-20.5022,-14.2156,8.86381,48.4167
81639,5176,4364,3508,3216,8655,5273,3841,3339,7538,4993,3759,3391,4593,4016,3467,3293,-2.22143,-25.3177,8.65762,48.2813
81640,3482,4113,7077,11625,3310,3771,4941,5949,3246,3406,3781,3941,3088,3252,3341,3515,-32.609,21.5958,8.95443,47.892
81641,3173,3430,3639,3718,3288,3712,4420,5314,3399,3746,5168,9756,3454,3814,5007,7159,10.5152,31.8184,8.59045,48.1313
81642,3182,3350,3501,3660,3218,3586,4216,4990,3464,3816,5071,9806,3375,3721,5140,7850,11.8974,29.1092,8.86868,47.964
81643,3110,3254,3430,3249,3494,3563,3712,3641,3990,4669,5315,4434,4288,6656,9616,5522,27.2909,4.60714,8.77012,47.962
81644,3236,3323,3317,3179,3775,3864,3553,3458,5040,5718,4345,3576,6937,9583,5562,3734,23.8464,-9.80616,8.89768,48.1333
81645,3213,3231,3367,3407,3316,3451,3685,3891,3369,3792,4784,6255,3365,3982,5924,12615,26.6925,31.4785,8.84809,47.7647
81646,3278,3514,4240,4629,3331,3601,4829,7977,3431,3718,4832,8749,3283,3485,4348,4788,1.05797,32.0867,8.94253,48.022
81647,3099,3247,3431,3406,3306,3611,3807,3853,3477,4075,5136,5424,3535,4540,8652,9578,31.6294,16.1297,8.91506,48.118
81648,3497,4140,5703,5167,3761,4585,8028,6451,3449,3905,5052,4547,3379,3430,3664,3851,-8.6763,11.7604,8.61194,48.406
81649,3205,3322,3362,3177,3535,3736,3704,3744,4134,5070,5181,4225,4666,7991,8373,5047,25.6046,1.09534,8.69122,48.3147
81650,3173,3266,3452,3423,3183,3477,3866,3896,3444,3786,4891,5881,3429,3954,6805,12154,31.7944,23.5149,8.69345,48.0533
81651,3691,3538,3372,3127,4567,4235,3651,3307,7957,6343,4112,3511,7256,5809,4173,3486,13.4012,-18.7697,8.52056,48.09
81652,3484,4100,4743,4648,3672,4777,7561,5752,3525,4282,5821,5009,3434,3655,4162,3915,-3.99667,10.5907,8.51486,48.36
81653,11521,7091,4004,3511,5991,4862,3806,3401,3914,3829,3481,3298,3498,3406,3261,3119,-26.5532,-22.5161,8.52687,47.9953
81654,3466,4052,6341,7261,3477,4206,6512,7464,3422,3667,4241,4628,3191,3239,3553,3614,-14.2624,17.3931,8.76867,48.2227
81655,3102,3288,3676,3637,3325,3625,4323,5339,3318,3829,5217,9909,3269,3744,4985,7293,10.4578,32.2759,8.78963,47.9193
81656,3178,3252,3418,3449,3216,3464,3909,4013,3371,3733,5088,7194,3361,3881,5994,11467,21.0411,33.2853,8.84719,47.992
81657,3299,3332,3322,3144,3547,3689,3721,3460,4537,5372,4510,3864,6137,9865,6369,4066,28.4554,-6.09857,8.98602,48.156
81658,5248,5057,3990,3508,6958,7367,4342,3592,5193,5346,3875,3391,3988,3880,3537,3265,-6.1113,-13.893,8.65691,48.358
81659,3473,3814,5009,5258,3549,4169,6790,7784,3431,3758,5111,5567,3136,3525,3871,4012,-6.25795,16.6291,8.59047,48.1713
81660,3106,3213,3387,3558,3254,3381,4022,4408,3439,3763,5046,8379,3298,3871,5684,10212,17.3987,28.6972,8.99745,48.014
81661,3922,4225,4189,3606,4504,6675,5510,3917,4406,6451,5243,3922,3800,4345,4007,3626,-0.861062,-3.06731,8.55703,48.232
81662,3294,3861,5653,9663,3385,3806,5125,8547,3148,3487,4104,4440,3072,3337,3532,3558,-16.4713,27.1882,8.81514,48.008
81663,3974,3750,3462,3180,5464,4475,3637,3369,8967,6135,3950,3445,6592,5093,3860,3413,9.19851,-20.8054,8.80274,48.5107
81664,3442,3379,3202,3075,3875,3933,3473,3207,6675,4795,3741,3372,11856,6053,3986,3400,23.4383,-31.4448,8.66565,47.6427
81665,12546,5946,3957,3409,5988,4816,3852,3390,3785,3709,3355,3173,3402,3318,3216,3234,-28.7129,-33.8238,8.73523,47.3973
81666,3925,5411,8696,6343,3812,4648,6308,5035,3452,3714,3991,3914,3215,3300,3439,3380,-20.2424,8.43166,8.80592,48.3887
81667,5271,9078,7031,4438,4308,5478,4842,3985,3629,3859,3769,3512,3149,3426,3344,3246,-24.2238,-3.29213,8.93505,48.2433
81668,5135,4349,3576,3220,9074,4988,3735,3336,7537,4866,3779,3352,4422,4107,3517,3124,-2.84178,-29.7667,8.54552,48.078
81669,3629,4209,5463,5051,3651,4694,8003,6174,3492,4049,5100,4635,3212,3466,3660,3762,-8.1037,11.329,8.73512,48.1667
81670,3095,3200,3445,3489,3188,3514,3945,4295,3396,3864,5116,8051,3510,3959,5595,10403,18.2923,32.0951,8.76117,48.0433
81671,3478,4173,5620,5157,3657,4616,7966,6311,3521,3941,4957,4571,3257,3519,3669,3703,-8.49631,12.0294,8.80145,48.0773
81672,3307,3384,3224,3147,3779,3721,3416,3176,6072,4817,3776,3381,12574,5993,4036,3368,28.3864,-33.7466,8.53965,47.4473
81673,3390,3461,3371,3100,3765,3892,3509,3251,5209,5191,4300,3561,8021,9530,4974,3621,30.9726,-12.3912,8.77441,48.0973
81674,12437,5877,3897,3344,6077,4745,3774,3294,3909,3769,3361,3266,3426,3454,3332,3186,-33.171,-31.5306,8.70187,47.432
81675,3318,3510,3677,3511,3488,4008,4837,4135,3843,5233,8124,5291,3780,4483,6015,4977,10.2741,7.24438,8.65629,48.1533
81676,3371,3481,3406,3348,3723,4244,4028,3683,4569,6742,6210,4188,4710,6513,5927,4238,14.1591,-1.73149,8.8459,48.254
81677,6943,5630,3917,3481,8735,6105,3978,3421,4984,4332,3665,3316,3667,3564,3251,3156,-11.5603,-20.2371,8.67872,48.0967
81678,3291,3339,3315,3026,3581,3794,3546,3391,4730,5191,4589,3791,5959,9853,6403,4137,30.3293,-6.20033,8.85828,47.9573
81679,3170,3446,3541,3664,3226,3705,4387,5097,3335,4026,6014,8994,3336,3821,5507,7012,11.6648,21.4153,8.74906,48.1873
81680,3082,3228,3469,3419,3275,3543,3799,4189,3305,3786,4927,7488,3426,3866,5584,11236,20.1538,29.694,8.86479,47.748
81681,3520,4098,5406,5191,3632,4692,8061,6481,3452,3891,5128,4724,3288,3476,3739,3912,-7.67338,12.1965,8.87184,48.4607
81682,3351,3794,5138,7760,3403,3789,5229,9695,3151,3606,4280,5055,3227,3276,3708,3702,-11.6846,29.5808,8.75737,48.1093
81683,3260,3330,3513,3561,3334,3725,4328,4113,3707,4630,7161,5833,3661,4624,7317,6249,15.4358,11.4349,8.7096,48.2307
81684,3521,3319,3256,3143,3927,3795,3407,3313,6042,4782,3778,3252,12438,6473,3831,3329,32.3527,-24.5082,8.92542,47.7373
81685,3403,3934,5973,8706,3493,3982,5615,8097,3338,3560,4231,4477,3179,3293,3507,3575,-15.9974,21.6361,8.64132,48.242
81686,3260,3373,3345,3340,3393,3640,3748,3687,3813,4850,5559,4582,4225,6603,9235,5445,23.2608,4.74404,8.95074,48.0653
81687,5085,8951,7460,4384,4257,5143,4750,4030,3636,3905,3872,3506,3301,3364,3381,3186,-32.6772,-2.2997,8.99068,48.1407
81688,10408,5767,3895,3371,7839,4982,3809,3296,4305,4015,3610,3294,3469,3436,3188,3125,-18.9064,-28.8482,8.7487,47.8727
81689,3557,3583,3375,3131,4684,4081,3654,3340,9248,5110,3853,3388,8602,5173,3894,3347,14.01,-31.7367,8.71188,48.0133
81690,6354,6350,4320,3587,6776,7482,4363,3481,4369,4302,3810,3331,3632,3591,3394,3208,-13.2572,-13.963,8.66182,48.2333
81691,4276,4168,3531,3306,6137,5779,3900,3442,7137,6764,4123,3521,4836,4693,3584,3314,2.73139,-16.3264,8.6857,48.3407
81692,4308,7105,9226,5436,4059,4656,5220,4395,3463,3713,3761,3570,3261,3296,3400,3223,-28.4748,3.83542,8.65861,48.0613
81693,3446,3521,3278,3166,3869,4035,3613,3308,5117,6044,4396,3688,6724,8940,5350,3766,21.0987,-9.65894,8.65678,48.174
81694,3185,3359,3793,3904,3306,3632,4727,5555,3474,3975,6176,9087,3298,3812,4991,6193,8.10251,20.9181,8.88956,48.3113
81695,3631,4006,3916,3551,4067,5569,5403,3895,4307,6736,6332,4197,3980,4494,4364,3838,2.90781,-0.727417,8.77675,48.1907
81696,7723,5607,3911,3343,8968,5818,3892,3311,4760,4225,3537,3152,3656,3660,3314,3180,-12.9358,-22.3317,8.83664,48.038
81697,3967,4609,4375,3743,4463,6990,6303,4050,4141,5661,5118,3987,3564,3981,3907,3589,-3.60368,-1.8221,8.87801,48.2987
81698,3015,3230,3572,3529,3266,3592,4054,4611,3315,3783,5720,8332,3577,3961,5745,8646,15.086,22.945,8.50057,47.9653
81699,3168,3258,3388,3451,3300,3472,3843,3820,3412,3955,5134,5705,3439,4287,7808,10453,32.5601,18.6148,8.91647,47.9287
81700,4797,6551,5677,4183,4637,7150,5876,4127,3780,4266,4055,3689,3364,3549,3424,3323,-13.9611,-2.74833,8.75336,48.2987
81701,3356,3307,3269,3151,3882,3897,3524,3182,5509,5310,3980,3487,9185,8942,4506,3444,32.3231,-15.6951,8.95035,47.954
81702,3598,5149,9634,7586,3574,4300,5225,5091,3205,3610,3901,3801,3172,3159,3366,3383,-31.2687,11.7908,8.53358,47.836
81703,3159,3199,3416,3335,3271,3545,3935,4217,3475,4061,5965,6487,3519,4329,7464,8543,18.9615,17.0788,8.96983,47.9467
81704,3245,3296,3767,4119,3315,3600,4398,6551,3382,3740,5149,9936,3262,3571,4577,6058,6.1419,31.2499,8.94142,47.9773
81705,3870,4955,5748,4499,3895,5997,7926,4694,3719,4277,4739,4069,3386,3491,3572,3399,-10.0351,4.21019,8.75201,48.1573
81706,10668,7604,4303,3481,5814,5128,3892,3384,3950,3892,3506,3185,3397,3427,3179,3139,-27.0986,-19.2155,8.7968,47.966
81707,3120,3310,3354,3319,3277,3369,3861,3896,3535,3974,5177,5449,3549,4592,9039,9088,30.3856,15.2107,8.90265,47.9393
81708,6248,6742,4543,3657,6212,7501,4372,3605,4376,4461,3783,3358,3470,3610,3452,3143,-13.8702,-12.647,8.94269,48.3553
81709,5818,9730,6741,4258,4430,5226,4640,3876,3602,3706,3697,3488,3228,3345,3220,3178,-28.2329,-5.14893,8.83546,48.122
81710,3379,3979,6904,11965,3349,3858,4896,5897,3118,3517,3847,3950,3060,3194,3453,3486,-29.333,22.7701,8.77239,47.9013
81711,3349,3469,3276,3089,3822,3703,3450,3338,4790,5347,4311,3607,7060,9975,5492,3807,28.5728,-9.9019,8.92314,47.9233
81712,5359,5265,3898,3373,7388,7445,4268,3639,5006,4941,3881,3428,3857,3791,3427,3219,-7.85192,-14.8773,8.7085,48.1233
81713,4626,4643,3797,3484,6453,6975,4186,3554,5726,6080,4118,3522,4231,4203,3567,3413,-2.17367,-13.5464,8.82355,48.3853
81714,4017,4406,4151,3717,4485,7044,5743,4017,4326,5970,5095,3972,3792,4097,3887,3673,-2.36181,-3.26332,8.67953,48.2613
81715,3336,3808,5876,10915,3504,3777,5043,7388,3186,3591,3956,4264,3031,3278,3495,3549,-20.3623,27.869,8.5178,47.998
81716,3150,3284,3481,3245,3370,3553,3832,3752,3773,4295,5375,4736,3858,5794,9986,6527,28.093,8.77707,8.66044,48.0073
81717,11759,6776,4020,3328,6084,4929,3899,3364,3923,3840,3515,3309,3368,3330,3254,3170,-27.363,-23.5367,8.51688,47.912
81718,3395,3427,3333,3227,3735,3995,3885,3606,4546,6283,5300,3956,5056,7903,6243,4340,18.4643,-3.40155,8.79846,48.1533
81719,5532,9170,6503,4244,4421,5483,4827,3903,3747,3922,3741,3485,3214,3357,3380,3260,-23.9058,-4.80606,8.51649,48.126
81720,3947,3871,3419,3166,5241,4888,3856,3384,8051,6707,4068,3441,5816,5142,3836,3424,7.99872,-17.8042,8.51231,48.1713
81721,3260,3425,3266,3185,3679,3772,3722,3471,4640,5118,4692,4049,5698,9344,6709,4243,31.2477,-4.16097,8.56907,48.182
81722,3315,3929,5547,8399,3448,3884,5550,8768,3312,3501,4191,4759,3047,3190,3618,3622,-13.9916,24.0252,8.89534,48.0533
81723,3162,3287,3357,3345,3238,3427,3805,3927,3366,3822,4578,6205,3408,3924,5945,12805,28.7598,29.1339,8.95963,47.734
81724,5756,4667,3710,3298,9403,5620,3863,3379,6558,4592,3676,3343,4238,3833,3253,3228,-5.41043,-24.6276,8.73462,48.278
81725,4312,4551,3876,3516,5345,7152,4724,3559,5317,6786,4479,3650,4151,4139,3687,3459,-0.94844,-9.74198,8.84338,48.4687
81726,3755,3566,3287,3222,5122,4274,3552,3251,9859,5283,3962,3272,7237,4970,3849,3402,11.033,-33.6402,8.96661,47.9087
81727,11994,5819,4057,3439,6765,4749,3805,3389,4032,3655,3507,3145,3366,3363,3329,3095,-23.7065,-31.7191,8.80943,47.6727
81728,3434,3737,4216,4068,3583,4239,6280,5541,3569,4413,7091,5930,3405,3915,4547,4566,1.78725,12.0656,8.50595,48.356
81729,5300,5363,4059,3477,7004,7432,4305,3570,4940,5036,3838,3416,3851,3730,3582,3280,-7.54022,-14.3944,8.60227,48.122
81730,3090,3307,3422,3511,3222,3648,4091,4254,3447,4066,6168,7166,3437,4163,6829,8295,17.0547,18.133,8.91543,48.0773
81731,3522,3457,3283,3123,4445,4093,3542,3286,8534,5339,3848,3300,9494,5611,3880,3527,16.3933,-27.5346,8.55366,48.1893
81732,7149,4977,3713,3242,9782,5439,3722,3413,5449,4282,3654,3352,3838,3738,3303,3155,-10.0276,-27.1127,8.54272,48.1387
81733,3392,3468,3236,3017,3965,3755,3452,3161,6254,4878,3742,3363,12052,6701,3921,3453,25.4722,-23.729,8.91708,47.8733
81734,3467,3853,4022,3706,3895,5023,5546,4152,4083,6008,7242,4499,3814,4458,4695,4068,4.06008,2.39625,8.69116,48.354
81735,3466,3319,3197,3044,3816,3825,3545,3213,5284,5400,4015,3633,8661,9034,4828,3533,26.0241,-14.4328,8.6821,47.8753
81736,5240,4435,3718,3282,9621,5113,3802,3412,7234,4684,3820,3324,4206,3927,3406,3230,-3.561,-33.5162,8.96513,48.3027
81737,4841,8029,8014,4800,4169,5091,5136,4277,3663,3807,3758,3539,3367,3311,3367,3225,-24.8851,-0.0125413,8.50401,48.2627
81738,3741,3543,3265,3097,5078,4196,3688,3340,9570,5377,3861,3411,7612,5132,3883,3439,11.4838,-29.8674,8.57022,48.1553
81739,4247,3940,3510,3194,6604,4690,3674,3285,9307,5542,3793,3282,5667,4521,3759,3316,5.00199,-24.1053,8.68306,48.2207
81740,3311,3370,3215,3245,3614,3787,3605,3393,4450,5177,4643,3934,5543,9538,7002,4409,31.3402,-3.96712,8.73145,48.1573
81741,3432,3862,5508,10234,3407,3789,5029,8125,3280,3551,3991,4377,3086,3219,3427,3480,-17.7695,29.5246,8.77451,47.8647
81742,4837,8114,7707,4703,4216,5322,5237,4129,3667,3849,3758,3581,3322,3362,3393,3277,-23.1146,-0.70543,8.64504,48.316
81743,3377,3931,5295,5691,3479,4309,7388,7316,3458,3752,4910,5173,3192,3445,3650,3788,-8.33774,15.5511,8.94358,48.1027
81744,4510,4075,3451,3276,7239,5145,3627,3368,8455,5555,3757,3376,5300,4356,3598,3191,2.1198,-23.1524,8.6035,48.186
81745,4603,7289,9122,5246,4108,4740,4930,4368,3500,3754,3765,3589,3170,3350,3316,3293,-31.1185,2.62776,8.73056,48.0953
81746,3363,3428,3311,3105,3852,3920,3471,3273,5342,5250,4141,3583,8631,8996,4657,3636,32.5363,-14.1783,8.60309,47.9727
81747,3305,3306,3435,3238,3490,3692,3724,3685,4082,4771,5072,4325,4449,7326,9005,5252,29.0304,2.30412,8.66357,48.1047
81748,3128,3210,3289,3292,3260,3288,3828,3870,3331,3757,4772,6591,3397,3980,5993,12276,23.936,33.1374,8.85781,47.508
81749,3593,3660,3555,3288,4110,4726,4038,3556,5289,7984,5168,3777,4902,6072,4734,3675,10.8017,-7.14278,8.5455,48.0847
81750,3402,3382,3249,3225,4138,4018,3652,3357,5940,6427,4390,3559,7190,8013,4782,3663,18.7245,-13.0497,8.58236,48.258
81751,3287,3862,5692,7654,3453,4066,5846,8617,3305,3577,4238,4686,3163,3342,3651,3743,-13.0525,21.4353,8.53536,48.1213
81752,3101,3259,3463,3332,3351,3497,3767,3839,3589,4183,5279,5340,3736,4913,9278,8320,26.7011,13.6983,8.67649,48.1647
81753,3232,3411,3678,3869,3239,3700,4327,5644,3318,3790,5611,9816,3248,3755,4972,6836,9.09276,24.9447,8.96893,48.2973
81754,3416,4036,5937,8275,3396,4049,5879,8241,3230,3568,4086,4666,3147,3235,3525,3703,-15.2591,20.9663,8.99339,48.2593
81755,3345,4304,6801,8039,3509,4087,6280,6916,3379,3731,4133,4175,3156,3341,3576,3453,-17.2938,17.0923,8.63781,48.15
81756,3441,4745,8961,9347,3461,3974,5258,5386,3222,3413,3819,3905,3036,3302,3450,3460,-29.4303,15.3091,8.91688,48.12
81757,12612,6361,3901,3321,5967,4742,3822,3355,3925,3723,3444,3220,3354,3323,3276,3181,-31.9031,-26.0114,8.95412,47.6847
81758,3324,3937,5670,8796,3420,3858,5435,8791,3225,3550,4017,4596,3087,3396,3523,3538,-15.2817,24.3694,8.9063,48.1087
81759,10603,5655,4084,3377,7959,5169,3725,3368,4189,3970,3420,3220,3475,3481,3271,3091,-18.818,-28.3518,8.72131,48.038
81760,4086,4981,4602,3845,4443,7258,6541,4143,4037,5122,4778,3898,3613,3761,3767,3466,-6.00177,-1.74327,8.69376,48.2273
81761,3661,3654,3386,3195,4532,4465,3856,3335,7138,7281,4299,3532,6139,5935,4148,3485,12.0361,-14.8648,8.91203,48.0273
81762,3375,3730,5020,7660,3418,3859,5260,9616,3256,3576,4341,5120,3176,3328,3671,3731,-11.6963,32.1072,8.73946,48.0913
81763,3364,3466,3456,3334,3813,4153,3988,3612,4677,6875,5857,4118,4671,6768,5721,4217,14.9908,-2.93147,8.56179,48.06
81764,4047,5323,6179,4638,4031,5973,7451,4688,3719,4208,4486,3822,3330,3451,3554,3503,-12.533,3.36485,8.80316,48.2687
81765,3121,3338,3791,3965,3362,3676,4562,5615,3423,3846,6008,9278,3389,3776,4964,6405,8.38947,22.2884,8.53925,48.346
81766,3481,3557,3219,3224,4327,4284,3730,3415,6660,7069,4281,3562,6718,6656,4341,3568,14.2645,-14.3195,8.99315,48.0613
81767,3515,4085,6899,10334,3366,3916,5280,6943,3293,3397,3902,4159,3136,3248,3475,3512,-21.4914,21.3703,8.56539,48.3067
81768,3768,4180,4246,3960,3919,5878,6639,4401,3914,5548,6109,4192,3563,4040,4233,3766,-1.048,1.6152,8.86628,48.2373
81769,3322,4007,7143,11586,3257,3885,5032,5910,3319,3454,3754,3891,3202,3342,3360,3396,-32.9194,21.4439,8.86427,47.9067
81770,3159,3318,3344,3365,3295,3503,3835,3927,3405,3756,4797,6174,3517,3968,5918,12388,27.5434,31.9129,8.57945,47.7793
81771,3356,3923,6170,11049,3383,3877,4996,7240,3166,3461,3855,4245,3110,3276,3561,3492,-21.2545,25.9325,8.50685,48.1067
81772,3188,3538,3776,4094,3268,3653,4781,6078,3423,3880,5921,9144,3307,3707,4888,5846,6.25862,21.7192,8.76821,48.328
81773,3418,3551,3160,3093,4149,4081,3652,3317,5984,6570,4303,3484,6996,7957,4727,3595,17.8771,-12.9332,8.94972,48.0247
81774,3434,3433,3213,2969,4123,3820,3501,3201,7606,4904,3842,3405,11103,5893,3903,3354,20.2416,-28.8447,8.72775,47.8027
81775,3456,3905,6599,9934,3315,3828,5416,7386,3178,3444,3880,4230,3119,3204,3515,3444,-19.3269,21.6822,8.97599,47.902
81776,3385,3543,3658,3415,3544,4242,4624,4027,3944,5611,7727,4918,3925,5099,6070,4788,11.5172,4.7518,8.76992,48.3467
81777,6815,8483,5037,3692,5543,6443,4556,3562,3871,3937,3660,3337,3318,3372,3292,3134,-19.5508,-10.9704,8.91833,48.0347
81778,4389,4412,3636,3275,5866,6780,4230,3604,5812,6696,4311,3468,4199,4297,3745,3511,0.0663798,-12.4963,8.78439,48.154
81779,3686,3711,3375,3216,4451,4600,3850,3471,6580,7519,4495,3658,5914,6103,4219,3628,11.4716,-12.8892,8.79329,48.3173
81780,12546,6272,4003,3373,5974,4658,3775,3425,3974,3757,3420,3195,3351,3391,3228,3063,-31.1156,-25.9875,8.99552,47.6033
81781,5530,8202,5615,3968,4948,6834,4948,3845,3885,4188,3651,3385,3387,3448,3468,3177,-18.1777,-6.6882,8.68097,48.3193
81782,3072,3442,3796,3663,3298,3561,4399,4917,3404,4059,6539,8376,3423,4073,5669,6713,11.3987,18.6555,8.84385,48.2693
81783,3471,3351,3262,3169,4178,3939,3568,3228,7041,5233,3930,3373,10435,6638,4061,3557,20.7626,-22.5632,8.57327,48.2893
81784,4492,4417,3718,3443,5849,6940,4303,3450,5954,6574,4150,3568,4349,4296,3697,3290,-0.460271,-13.2085,8.98117,48.3267
81785,6992,9858,5418,3813,4851,5335,4295,3714,3726,3763,3564,3395,3262,3316,3180,3226,-29.3996,-10.1579,8.81984,47.8053
81786,3359,3986,6774,12066,3372,3928,4750,5876,3276,3419,3862,4062,3155,3300,3440,3357,-31.412,23.2863,8.85097,47.988
81787,3779,3827,3537,3234,4799,5478,4031,3398,5962,8086,4830,3627,4859,5260,4069,3538,6.65225,-10.6122,8.88715,48.2093
81788,3669,4490,6466,5808,3703,4560,7748,6185,3382,3848,4601,4273,3119,3449,3493,3622,-12.2854,11.5826,8.81685,48.2773
81789,3593,5315,9658,7491,3610,4230,5203,5000,3388,3519,3758,3786,3101,3296,3414,3377,-28.4496,11.48,8.75655,47.826
81790,3422,4144,7565,10840,3430,3854,5027,5740,3230,3379,3878,3908,3140,3216,3303,3352,-31.6766,19.8497,8.57816,47.6187
81791,10557,6266,3996,3550,7455,5170,3817,3382,4195,4048,3560,3163,3488,3371,3257,3041,-20.0097,-23.8881,8.89572,48.2107
81792,4650,5168,4149,3528,5700,8169,4902,3599,4606,5740,4227,3547,3806,4007,3634,3337,-5.90294,-9.03714,8.90377,48.5127
81793,3402,4035,4875,4704,3587,4625,7621,6189,3450,4066,5730,5078,3364,3630,3992,3964,-4.54726,11.8977,8.61342,48.208
81794,3257,3380,3520,3251,3571,3905,4239,3819,3956,5601,7014,4790,4083,5846,7254,4927,16.1191,3.88593,8.83349,48.2753
81795,3406,3494,3127,3156,4126,3904,3481,3331,7235,4914,3784,3403,11383,5720,3902,3454,21.0235,-32.0354,8.92294,47.88
81796,3672,3524,3371,3069,5068,4396,3693,3324,8802,6096,4013,3354,6941,5346,3843,3437,11.2534,-20.6211,8.66248,47.966
81797,3470,4074,6911,9772,3419,3977,5558,7087,3230,3529,3918,4136,3087,3204,3405,3434,-20.2064,20.2127,8.54057,48.1407
81798,3503,4501,8654,9640,3367,4074,5158,5410,3302,3502,3903,3771,3147,3189,3424,3448,-32.3402,16.1245,8.90269,47.9953
81799,3075,3261,3470,3502,3128,3519,3930,4384,3392,3866,5226,7768,3453,4002,6120,10304,19.1968,24.398,8.89078,48.2667
81800,3222,3167,3267,3413,3266,3472,3707,3954,3379,3765,4901,6243,3381,4232,6747,12250,26.7568,23.8302,8.89057,48.244
81801,3179,3432,3893,4115,3251,3836,5009,6070,3306,3977,6361,8442,3328,3797,4766,5340,5.28305,19.1114,8.98113,48.068
81802,3589,4365,6358,6316,3539,4414,7173,6842,3342,3715,4408,4394,3170,3432,3572,3622,-13.3363,14.4226,8.92988,48.1673
81803,3553,3527,3230,3055,4522,4083,3512,3224,8687,5246,3733,3367,9245,5458,3832,3406,15.7694,-32.9809,8.7576,47.7867
81804,3519,4142,6904,9694,3301,3990,5506,6980,3260,3525,3913,4093,3060,3198,3418,3535,-19.7776,19.9144,8.84033,48.0253
81805,4697,4787,4023,3600,6179,7576,4413,3484,5113,5919,4057,3539,4049,4021,3551,3315,-3.77795,-11.8172,8.87324,48.2153
81806,4945,5874,4364,3687,5598,8294,5006,3795,4221,4846,3977,3546,3630,3701,3514,3253,-9.88147,-8.68561,8.98895,48.1673
81807,3414,3862,5626,8689,3340,3872,5463,8664,3241,3537,4055,4604,3124,3337,3581,3621,-15.0107,24.129,8.97258,48.02
81808,3647,4310,4982,4293,3814,5383,7913,5054,3657,4514,5616,4410,3411,3614,3866,3767,-5.42847,5.9725,8.8693,48.1673
81809,5795,5119,3841,3381,8085,6780,4189,3440,5301,4797,3720,3353,3885,3811,3453,3140,-7.98846,-17.633,8.85005,48.06
81810,3188,3392,3773,3843,3383,3742,4575,4872,3538,4066,6862,8167,3415,4020,5476,6206,9.37333,17.8992,8.78167,48.3453
81811,5286,6565,4616,3710,5507,7864,4998,3692,4132,4445,3916,3506,3612,3603,3489,3235,-12.4226,-8.73597,8.50144,48.1173
81812,3307,3333,3266,3089,3682,3901,3651,3397,4846,5531,4600,3764,6270,9493,5824,3970,24.8535,-7.40042,8.78066,47.9493
81813,4411,7025,9324,5451,4058,4625,5140,4473,3509,3629,3833,3589,3187,3357,3269,3350,-28.2027,3.96361,8.60952,48.1533
81814,3096,3328,3407,3345,3269,3445,3892,4152,3342,3700,4990,7542,3463,3892,5775,10909,20.0956,32.6155,8.70903,47.698
81815,3646,3759,3491,3293,4285,4816,3973,3509,5677,8187,4867,3769,5096,5820,4466,3733,9.72317,-9.23657,8.89879,48.258
81816,3567,3656,3562,3457,3956,4597,4354,3762,4584,7082,6522,4190,4262,5480,5143,3964,9.82804,-1.92401,8.87564,48.092
81817,3073,3353,3620,3793,3257,3615,4199,5368,3361,3854,5222,10111,3324,3854,4933,7188,10.5044,31.748,8.68789,48.0833
81818,3532,4391,6866,7159,3476,4187,6946,6556,3350,3660,4213,4419,3105,3374,3521,3561,-15.6291,15.0868,8.81908,48.2107
81819,3095,3198,3295,3436,3157,3506,3855,4050,3381,3862,5005,6487,3353,4158,6471,11584,24.2102,23.7578,8.57096,47.9287
81820,3367,3838,5867,12807,3392,3626,4593,6046,3152,3380,3778,3811,3230,3237,3336,3457,-32.8637,31.085,8.9446,47.278
81821,3027,3273,3466,3425,3294,3674,4030,3962,3645,4277,6176,5798,3665,4712,8382,7657,20.276,13.2801,8.93131,48.3087
81822,3286,3416,3340,3308,3596,3745,3740,3584,4248,5115,5028,4136,4837,8612,7897,4542,25.5585,-1.19712,8.94735,48.2867
81823,3368,3689,4639,4569,3582,4280,6926,6265,3529,4182,6108,5841,3430,3635,4186,4134,-1.70242,13.3866,8.63373,48.242
81824,3078,3356,3741,3870,3379,3709,4402,5600,3408,3866,6095,9365,3388,3847,4922,6165,8.23582,21.8587,8.96637,48.1273
81825,3424,3939,5809,9519,3367,3924,5396,7942,3274,3493,3984,4500,3071,3363,3441,3568,-17.2561,23.3132,8.51658,48.0093
81826,6513,9040,5498,3898,5113,6059,4551,3727,3821,3954,3661,3409,3365,3511,3315,3078,-21.3475,-9.18596,8.65377,48.342
81827,3120,3211,3431,3409,3369,3488,4115,3981,3534,4041,5825,6487,3547,4394,7440,8927,20.3988,17.4232,8.83809,48.2127
81828,10188,8161,4428,3541,5627,5028,3885,3368,3909,3880,3495,3225,3411,3323,3182,3146,-27.7439,-17.531,8.75498,47.8647
81829,3318,3508,3408,3187,3660,3842,3980,3583,4181,5504,5866,4352,4559,6877,7780,4907,19.5279,1.74281,8.76144,48.3413
81830,4266,4746,4076,3660,4902,7722,5318,3788,4423,6026,4608,3685,3822,4194,3766,3383,-3.4482,-6.11598,8.96214,48.2567
81831,3324,3974,6141,12310,3375,3726,4814,6251,3208,3467,3739,3864,3103,3213,3342,3371,-26.5444,27.4046,8.86126,47.4813
81832,3178,3450,3646,3596,3422,4024,4764,4146,3736,5394,8034,5334,3850,4718,6011,4882,10.7499,7.11749,8.606,48.1233
81833,7392,9807,5339,3857,4941,5376,4311,3772,3700,3781,3587,3264,3451,3392,3116,3141,-27.8724,-10.5469,8.73377,48.1513
81834,3355,3424,3340,3176,3899,3757,3401,3224,5948,4767,3806,3469,12573,5992,4089,3463,28.3786,-33.2573,8.52855,47.7887
81835,3683,4019,4194,3783,4069,5855,6126,4190,4151,5796,6265,4129,3675,4081,4152,3780,0.222324,1.08608,8.92335,47.9653
81836,3281,3316,3231,3210,3837,3791,3346,3245,6303,4810,3847,3353,12520,5971,3885,3370,25.9836,-33.7234,8.97286,47.544
81837,3333,3287,3285,3092,3973,3904,3593,3289,5761,5114,3881,3350,10686,7976,4408,3499,27.7448,-18.8485,8.93948,48.2873
81838,3198,3274,3401,3456,3168,3406,3734,4000,3378,3676,4735,6084,3372,3818,5796,12588,33.8039,30.873,8.72334,47.3893
81839,12428,6360,3939,3383,6215,4778,3833,3350,4060,3748,3525,3300,3418,3391,3314,3145,-28.4757,-26.555,8.61523,48.1247
81840,3508,3764,4231,3945,3855,4945,6458,4750,3854,5180,7158,4911,3568,4109,4399,4058,1.44437,5.74487,8.85528,48.462
81841,3596,4357,6743,6507,3585,4327,7159,6795,3297,3690,4210,4396,3118,3431,3533,3539,-14.1778,14.2404,8.76618,48.1887
81842,4709,5189,4210,3554,5514,8051,4985,3730,4552,5411,4125,3634,3789,3850,3692,3337,-6.76331,-8.4498,8.50406,48.2213
81843,9871,6220,4114,3376,7667,5276,3812,3371,4321,4024,3437,3259,3516,3399,3147,3103,-18.3805,-23.8751,8.73919,47.942
81844,3659,3655,3317,3077,4647,4427,3613,3306,7647,6670,4078,3365,7093,6127,4202,3448,12.9121,-17.2601,8.67342,48.2207
81845,5128,4271,3682,3288,8786,5323,3807,3340,7338,4872,3642,3268,4478,4030,3485,3302,-2.5208,-25.1227,8.61801,48.0267
81846,3330,3805,5769,11187,3360,3763,4944,7327,3211,3527,3904,4089,3117,3287,3381,3317,-20.6489,31.1613,8.94445,47.5453
81847,8437,8731,4690,3679,5608,5686,4131,3486,3995,3942,3563,3288,3476,3339,3302,3103,-22.9037,-14.4899,8.9343,48.304
81848,11022,7299,4134,3388,5937,5105,3905,3324,4013,3753,3438,3137,3369,3449,3246,3147,-33.9814,-20.2136,8.91338,47.7773
81849,3120,3169,3437,3377,3313,3577,3878,3910,3469,4054,5226,5487,3559,4337,8442,9626,32.1728,16.7581,8.84454,47.9873
81850,3272,3386,3437,3335,3493,3747,3751,3534,4038,4762,5126,4361,4324,7148,9179,5346,31.2061,2.7612,8.60695,48.1593
81851,6651,7865,4721,3751,5612,6937,4498,3576,4075,4207,3724,3359,3450,3481,3431,3194,-17.3058,-11.496,8.85932,48.3547
81852,3010,3355,3417,3203,3381,3678,3791,3664,3724,4500,5294,4534,4093,6419,9770,6106,28.5687,6.40552,8.64298,47.9593
81853,3423,3483,3412,3198,3912,4356,4045,3616,5063,7726,5258,3831,5087,6946,5313,3962,13.8168,-5.82356,8.90587,48.4207
81854,3509,3373,3261,3035,3965,3839,3387,3196,6042,4927,3887,3273,12236,6269,3875,3384,33.737,-25.858,8.58492,47.6387
81855,4262,4445,3916,3438,5185,7089,4633,3630,5143,6721,4606,3639,4077,4396,3706,3500,-0.843375,-9.27494,8.79047,48.2573
81856,3437,3714,4806,6302,3372,3756,5129,9928,3247,3591,4519,6009,3175,3320,3763,4035,-7.66438,30.04,8.82616,48.0687
81857,3281,3443,3390,3254,3565,3987,3804,3548,4546,5685,4923,3987,5050,8487,7029,4376,22.2144,-2.71632,8.96962,48.2367
81858,3134,3289,3365,3314,3229,3418,3765,4008,3323,3735,4764,5997,3229,3946,6333,12548,31.4207,25.736,8.97428,47.598
81859,4191,6999,9111,5248,3991,4803,5166,4339,3532,3687,3868,3701,3222,3391,3303,3388,-33.6667,3.38129,8.5082,47.96
81860,3412,3801,5162,8038,3313,3885,5357,9237,3305,3657,4019,5004,3107,3302,3576,3739,-13.0113,26.0171,8.86512,47.9427
81861,4435,7184,8343,5089,3999,5112,5624,4383,3523,3822,3788,3660,3189,3453,3380,3257,-21.9512,2.2066,8.6254,48.1607
81862,4184,3760,3443,3294,6496,4495,3786,3284,9540,5117,3856,3391,5615,4543,3677,3326,5.20372,-33.6245,8.74686,47.8713
81863,3441,3413,3408,3183,3672,3933,3835,3527,4663,6059,4771,3906,5362,8550,6384,4248,20.9961,-4.8317,8.55608,48.2367
81864,3576,3287,3310,3109,4076,3790,3456,3230,6058,4866,3784,3203,12585,6114,3801,3349,33.2316,-27.4866,8.77426,47.7293
81865,3113,3237,3460,3354,3254,3560,3757,3900,3439,3960,5299,5521,3488,4593,8594,9473,25.4362,16.4813,8.94908,48.0013
81866,10406,5634,3933,3357,8089,5016,3775,3269,4377,3981,3419,3092,3542,3441,3278,3187,-18.3098,-28.5982,8.92414,47.864
81867,3396,3448,3252,3098,4044,4028,3626,3298,6163,6067,4308,3515,7870,7971,4542,3641,19.2596,-14.687,8.90215,48.178
81868,4187,5495,5425,4321,4399,6909,6653,4338,3883,4513,4574,3641,3432,3604,3547,3348,-10.6088,-0.208732,8.67397,48.1793
81869,3314,3626,3822,3712,3660,4316,5140,4359,3712,5383,8212,5164,3794,4398,5270,4502,7.06618,6.75947,8.87459,48.256
81870,5721,4771,3792,3403,8864,6048,3847,3571,6013,4714,3725,3428,4042,3856,3405,3223,-6.28539,-21.2759,8.86647,48.282
81871,3276,3280,3404,3232,3588,3771,3767,3517,4162,5040,4837,4197,4959,8471,8000,4620,30.4054,-0.771993,8.67785,48.0807
81872,4409,4108,3617,3281,6355,5509,3847,3427,7617,6424,4059,3360,4935,4483,3635,3305,2.7306,-17.6436,8.61268,48.2473
81873,7832,9370,5122,3758,5204,5464,4203,3626,3918,3921,3560,3302,3414,3405,3310,3068,-26.3704,-12.1838,8.61227,48.318
81874,3596,3501,3213,3162,4659,4030,3606,3224,8767,5348,3944,3445,9007,5502,3822,3414,15.0256,-32.6872,8.748,48.16
81875,3399,3504,3652,3502,3797,4238,4582,3895,4207,6438,7280,4629,4147,5336,5802,4370,10.8871,1.97583,8.87888,48.5187
81876,3356,3672,4555,5443,3390,3880,5980,8798,3331,3721,4953,6515,3210,3473,3786,4271,-4.22249,21.1906,8.82402,48.2227
81877,9976,8100,4520,3490,5676,5159,4042,3536,4001,3826,3527,3289,3338,3364,3218,3205,-27.3296,-17.5196,8.56721,48.178
81878,3383,3328,3255,3100,3658,3915,3609,3329,4726,5306,4499,3808,6213,9902,6027,3987,28.2353,-7.24179,8.67077,48.03
81879,3793,5343,9694,7131,3726,4252,5416,4961,3300,3617,3859,3801,3177,3224,3405,3377,-27.6828,10.4279,8.50543,48.0507
81880,4312,6255,6567,4492,4310,6145,6548,4458,3615,4170,4179,3702,3369,3379,3459,3436,-15.182,0.772904,8.79425,48.264
81881,10463,5503,3912,3447,7784,5031,3806,3347,4235,3972,3485,3242,3478,3402,3240,3122,-18.9441,-32.052,8.63953,47.646
81882,3342,3304,3218,3237,3500,3748,3706,3498,4110,4911,4926,4029,4990,8656,8007,4674,29.0105,-0.857201,8.7948,47.904
81883,3815,3806,3387,3309,5791,4411,3539,3382,9645,5283,3765,3408,6492,4832,3707,3333,8.43059,-30.2676,8.53566,47.9367
81884,3500,4396,7047,7491,3471,4204,6453,6743,3325,3588,4096,4417,3153,3315,3567,3559,-16.7024,15.8243,8.71209,48.2167
81885,3848,4549,4996,4298,3929,6049,7596,4529,3710,4598,5114,4191,3600,3656,3828,3661,-6.46806,3.20752,8.84446,48.1013
81886,3445,3811,5149,5737,3416,4116,6730,7993,3511,3810,4827,5318,3152,3423,3729,3948,-7.96838,17.7158,8.53231,48.0767
81887,5075,9193,7455,4380,4331,4926,4661,4061,3678,3787,3706,3393,3311,3282,3326,3237,-31.2689,-2.63374,8.70728,47.868
81888,3078,3158,3369,3262,3373,3627,3782,3752,3730,4310,5181,4884,3900,5619,9898,6864,29.7632,9.21041,8.85065,47.858
81889,3694,3632,3215,3148,5160,4264,3531,3247,9539,5307,3847,3412,7683,5062,3815,3376,12.1069,-26.9062,8.85025,47.9547
81890,3954,3648,3347,3178,5457,4375,3725,3239,9477,5751,3944,3368,6771,4996,3879,3300,9.62088,-23.332,8.58842,48.2727
81891,3139,3222,3361,3460,3276,3533,3689,3995,3414,3817,4887,6509,3413,3950,6216,12279,25.2538,26.6437,8.69717,48.1067
81892,3098,3097,3377,3426,3214,3430,3821,4203,3297,3837,5071,7109,3382,3911,6204,11578,21.9247,25.4169,8.90571,48.0367
81893,3539,4370,8022,10396,3384,3944,5052,5660,3209,3466,3753,3863,3089,3263,3426,3408,-31.3433,18.2008,8.84163,47.896
81894,3116,3227,3410,3463,3251,3467,3836,4314,3402,3837,5026,7687,3430,3993,5899,10443,18.9342,27.6764,8.57055,47.8673
81895,3482,3539,3472,3315,4110,4819,4229,3650,4891,7863,5928,3954,4568,5902,4923,3976,10.0045,-4.45708,8.93615,48.414
81896,4946,4338,3725,3406,7751,6007,4001,3486,6740,5431,3922,3221,4336,4153,3586,3278,-2.26713,-19.2687,8.80237,48.218
81897,3772,3745,3381,3208,5574,4409,3638,3271,10061,5236,3857,3338,6832,4890,3655,3227,9.12246,-30.5997,8.6716,48.0627
81898,9462,5519,4011,3359,8831,5244,3926,3347,4607,4005,3515,3266,3525,3464,3256,3067,-16.016,-26.251,8.98733,48.2693
81899,3377,3463,3307,3094,3901,3849,3515,3319,5686,5126,3946,3446,10040,8063,4408,3472,26.5696,-17.7007,8.58568,48.008
81900,3882,5836,10080,6345,3741,4346,5269,4695,3402,3582,3827,3724,3156,3333,3290,3204,-30.3981,7.87279,8.77538,47.808
81901,8143,7803,4516,3706,6184,5931,4109,3655,4097,4017,3642,3379,3407,3335,3280,3047,-20.132,-15.9269,8.57889,48.1673
81902,4308,4110,3555,3218,6134,6019,4111,3446,6843,6627,4240,3427,4657,4559,3751,3319,1.89431,-15.3768,8.77412,48.216
81903,3376,3465,3156,3093,4032,3851,3412,3344,7196,4942,3918,3367,11546,5940,3901,3379,21.501,-29.3912,8.78351,47.9453
81904,3216,3210,3350,3294,3281,3466,3655,4028,3421,3696,4734,5889,3473,3994,5936,12737,31.2244,31.8737,8.72664,47.5867
81905,5424,4490,3654,3278,8972,5632,3842,3430,6813,4786,3655,3401,4316,3943,3455,3250,-4.34812,-23.5933,8.85089,48.2273
81906,3771,3753,3378,3169,5416,4359,3622,3252,9271,5702,3914,3253,6977,5041,3816,3390,9.99635,-23.781,8.63973,48.056
81907,3554,3722,3654,3370,4339,5300,4491,3607,5025,7922,5519,3916,4371,5231,4532,3870,6.86653,-5.40133,8.6699,48.282
81908,3753,4079,4424,3954,4026,5881,6456,4274,4043,5533,5962,4256,3678,4024,3991,3767,-1.16865,1.50447,8.77881,48.0673
81909,3056,3266,3516,3408,3299,3762,4136,3995,3677,4481,6946,5600,3847,4882,7850,6265,17.0609,10.5956,8.70374,47.9907
81910,3088,3237,3394,3462,3222,3459,3997,4279,3330,3902,5016,8104,3388,3846,5480,10265,17.7958,32.2882,8.94214,47.646
81911,3333,3605,3942,4121,3391,3948,5336,6094,3492,4048,6502,7722,3251,3854,4655,5034,4.22072,17.6895,8.83991,48.2187
81912,3950,3791,3430,3075,5643,4788,3750,3373,8570,6450,3951,3443,5995,4991,3767,3381,7.94861,-19.5287,8.71175,48.232
81913,3530,4162,4493,4202,4005,5491,7460,4875,3825,4884,6025,4442,3530,3762,4038,3769,-3.05537,4.82464,8.62157,48.3287
81914,3324,3750,4513,5297,3355,3830,5792,8622,3250,3790,4951,6530,3201,3521,3944,4266,-3.97836,22.355,8.50441,47.9573
81915,3575,3548,3257,3122,4363,4244,3834,3414,6188,7260,4465,3668,6150,6849,4539,3617,14.3377,-12.6322,8.59411,48.062
81916,3860,4563,5617,4513,3824,5550,7969,4965,3635,4176,4923,4047,3362,3457,3726,3523,-8.79056,5.70532,8.68795,47.8067
81917,3374,3440,3384,3100,3957,4101,3758,3485,4929,6662,4834,3858,5636,8462,5639,3982,18.6008,-7.11457,8.8905,48.4007
81918,3462,3465,3325,3159,3974,3933,3540,3156,6325,5371,4230,3451,9261,7749,4425,3493,21.7015,-17.4053,8.67344,48.2127
81919,3160,3252,3425,3460,3342,3447,3826,3930,3262,4019,5160,5701,3474,4288,7733,10354,33.1521,18.5295,8.61643,47.8887
81920,3551,3538,3294,3207,4611,4053,3590,3301,9023,5135,3825,3370,8633,5400,3801,3304,14.6354,-33.9446,8.70283,47.7573
81921,4820,8570,7929,4746,4262,4937,4858,4147,3694,3678,3657,3579,3294,3310,3478,3288,-31.9633,-0.778858,8.60288,48.1647
81922,3194,3364,3618,3799,3270,3579,4115,5056,3328,3878,5647,9496,3279,3873,5131,7634,11.8781,25.176,8.57821,48.174
81923,8611,7336,4331,3453,6724,5915,4071,3496,4047,4116,3544,3308,3465,3453,3238,3079,-19.1011,-17.1382,8.9511,48.1247
81924,3296,3681,4107,4270,3449,4011,5957,5929,3498,4191,6804,6856,3343,3740,4557,4632,2.115,15.5687,8.59067,48.214
81925,3767,4516,5274,4346,3995,6019,7864,4741,3781,4442,5166,4170,3321,3750,3791,3558,-7.03399,4.01462,8.87923,48.334
81926,3293,3378,3317,3037,3580,3818,3648,3516,4354,5234,4791,3898,5373,9442,7034,4415,26.5147,-3.36109,8.99192,48.0853
81927,3529,3600,3595,3315,4059,4743,4111,3524,5111,8015,5634,3837,4726,6155,4914,3909,11.0691,-5.50268,8.95664,48.518
81928,3395,3415,3277,3009,4003,3839,3461,3323,5566,5317,4103,3492,8587,8955,4861,3612,25.7286,-14.4472,8.82548,48.1433
81929,3115,3504,3813,3979,3409,3814,5330,5170,3505,4254,7505,7204,3326,3967,5129,5206,6.75444,15.0079,8.78609,48.1533
81930,3050,3403,3732,3643,3401,3562,4248,5371,3467,3868,5234,9837,3293,3828,4826,7142,10.0738,32.2414,8.87254,47.9367
81931,3803,3776,3384,3201,5249,4649,3621,3189,8268,6576,4144,3505,6099,5265,4049,3457,9.13703,-18.6694,8.70098,48.1567
81932,3278,3715,4647,5298,3487,4083,6393,8156,3471,3800,4926,5954,3242,3460,3957,4166,-4.78456,18.8189,8.5323,48.022
81933,3283,3315,3285,3395,3580,3635,3715,3719,3962,4745,5168,4361,4350,7256,9090,5294,31.9192,3.07269,8.68351,48.102
81934,3109,3207,3335,3452,3226,3520,3790,3930,3221,3782,4686,6376,3409,3974,6230,12026,25.7206,26.8454,8.54927,47.5153
81935,3411,3369,3202,2987,3945,3685,3426,3294,6133,4864,3870,3378,12441,6310,3967,3270,28.7248,-27.4756,8.66284,47.7013
81936,3285,3937,6116,12226,3397,3675,4800,6071,3348,3376,3787,3877,3136,3188,3449,3486,-33.4824,26.5114,8.61243,47.436
81937,7283,5939,4036,3399,8133,6423,4089,3406,4699,4327,3586,3266,3614,3629,3333,3182,-12.921,-18.9226,8.99991,48.2293
81938,3200,3355,3399,3373,3470,3627,3952,3930,3805,4738,6286,4985,3926,5599,8634,5978,19.8403,7.39395,8.64486,48.1713
81939,3548,4386,8201,9786,3547,3999,5264,5689,3234,3508,3812,3912,3174,3339,3301,3401,-25.6552,17.2159,8.79924,48.0673
81940,4885,4367,3617,3251,9056,4856,3687,3358,7507,4857,3700,3383,4467,4103,3501,3228,-1.96445,-28.8153,8.66115,47.882
81941,3200,3368,3522,3342,3262,3564,3835,3846,3541,4246,5224,5126,3646,5044,9549,7722,33.509,11.9599,8.84933,48.0247
81942,3424,3481,3256,3227,4526,3934,3585,3266,7602,5650,3964,3446,8907,6247,4085,3489,17.0189,-21.0516,8.70522,48.0593
81943,3368,3510,3389,3127,4041,4012,3651,3428,5960,6078,4246,3542,7530,7849,4765,3692,19.4114,-14.1091,8.50174,48.1253
81944,8148,5332,3941,3427,8945,5529,3836,3377,4923,4127,3563,3190,3635,3613,3287,3202,-13.5085,-24.6904,8.6178,48.05
81945,3374,3881,6176,11246,3375,3805,5015,6817,3194,3546,3774,4103,3159,3171,3389,3429,-22.1075,26.3685,8.60287,47.636
81946,4122,4339,3817,3450,4957,6937,4734,3693,4911,6870,4656,3610,4078,4360,3740,3553,-0.205801,-7.81005,8.56074,47.8847
81947,11661,6728,4172,3525,6337,4965,3777,3287,3933,3781,3457,3094,3435,3379,3202,3127,-25.6507,-23.0643,8.84287,47.9067
81948,3411,3381,3369,3206,3913,3816,3468,3266,5850,4761,3773,3333,12503,6195,3964,3371,31.4758,-27.3634,8.50224,47.72
81949,3228,3359,3247,3140,3729,3862,3562,3501,4594,5305,4525,3897,5886,9706,6385,4118,29.1986,-5.80447,8.50482,48.0293
81950,4992,7712,6018,4195,4759,6676,5203,4080,3690,4016,3900,3568,3442,3445,3364,3340,-17.2854,-3.83481,8.77413,48.2667
81951,3500,3726,3823,3519,3963,5000,5033,4137,4161,6573,7158,4549,3786,4778,4797,4046,5.9274,1.3401,8.90394,48.366
81952,3185,3336,3637,3740,3324,3604,4339,5061,3410,3949,5670,9102,3351,3699,5331,7275,11.6805,23.6028,8.56203,48.0087
81953,3149,3365,3525,3720,3351,3671,4145,4979,3218,3827,5209,9499,3326,3902,5107,8033,12.3714,31.4456,8.74621,48.0173
81954,3386,3340,3300,3232,3666,3715,3673,3454,4500,5142,4695,3922,5610,9392,6735,4133,31.3992,-4.64472,8.71167,47.93
81955,12246,6122,3904,3375,6127,4709,3815,3424,3907,3767,3481,3249,3523,3434,3288,3229,-30.2418,-28.0234,8.5269,47.7333
81956,3546,4188,5000,4382,3736,5022,8139,5386,3604,4274,5675,4586,3278,3585,3839,3926,-5.34185,8.56009,8.87386,48.1107
81957,7310,9935,5405,3796,4899,5350,4181,3588,3688,3715,3589,3317,3326,3342,3262,3085,-30.5934,-10.5791,8.99319,47.8587
81958,3217,3343,3632,3711,3259,3493,4320,5062,3379,3993,5798,8962,3413,3890,5316,7315,11.4824,22.3308,8.66452,48.0687
81959,3397,3955,5762,9443,3327,3814,5205,8282,3223,3520,4110,4475,3107,3253,3642,3537,-16.8696,25.5743,8.64956,48.0347
81960,4154,5104,5074,4142,4274,6757,6920,4241,3907,4600,4721,3841,3465,3777,3725,3407,-8.59637,-0.053952,8.64828,48.0727
81961,3349,3742,5075,7493,3348,3727,5390,9822,3303,3513,4278,5290,3084,3361,3575,3825,-11.1354,27.1892,8.9701,48.1167
81962,3295,3365,3367,3220,3617,3893,3725,3558,4497,5471,4986,4118,5011,8286,7189,4452,23.093,-2.2795,8.54347,48.0333
81963,4356,7059,9100,5404,4026,4646,5295,4498,3473,3765,3721,3694,3299,3282,3307,3271,-25.7968,3.59243,8.64939,48.1307
81964,3949,3704,3379,3174,5410,4477,3627,3366,9345,5729,3879,3441,6683,5092,3770,3218,9.5814,-23.4371,8.88609,48.162
81965,3222,3329,3592,3627,3286,3818,4560,4618,3546,4190,7045,6989,3539,4236,6237,6482,12.6327,15.0208,8.66597,48.2107
81966,3308,3349,3291,3216,3666,3820,3666,3506,4404,5103,4707,3904,5332,9410,7057,4301,29.141,-3.45433,8.80774,48.0267
81967,3190,3623,4065,4816,3348,3675,5051,8127,3301,3656,4985,8286,3232,3581,4221,4805,0.281225,26.2881,8.90425,47.9747
81968,3196,3159,3365,3457,3303,3566,4055,4212,3402,4101,5495,6763,3434,4318,7178,9223,20.2459,18.5131,8.58843,48.1513
81969,3008,3297,3822,4168,3209,3677,4506,6301,3373,3885,5344,9858,3278,3688,4625,6006,6.55439,26.5904,8.93243,48.03
81970,3246,3656,4584,5878,3435,3685,5244,9771,3416,3719,4490,6274,3243,3405,3788,3998,-5.77279,33.0681,8.73428,47.888
81971,3091,3216,3407,3440,3308,3499,3958,3978,3467,4187,5611,5538,3744,4713,8825,8293,23.3839,14.0346,8.77635,48.1833
81972,10396,7645,4331,3532,6213,5162,3917,3414,4013,3874,3571,3261,3289,3387,3205,2957,-24.7018,-19.279,8.75593,48.1113
81973,3394,3849,6057,12528,3421,3808,4709,5899,3201,3477,3755,3879,3225,3231,3352,3375,-29.9466,32.769,8.53263,47.44
81974,3171,3266,3430,3501,3277,3591,4255,4042,3514,4371,6407,5926,3627,4708,7802,7331,18.1092,13.5134,8.79275,48.146
81975,3386,3770,5546,8709,3410,4001,5394,8689,3288,3652,4108,4762,3183,3352,3629,3634,-14.6211,23.6168,8.85791,48.342
81976,3816,3902,3533,3299,4739,5181,4046,3531,6401,8016,4562,3656,5100,5290,4047,3442,7.55496,-11.7654,8.70824,48.374
81977,6497,4904,3735,3348,9381,5668,3946,3307,5707,4505,3758,3290,4021,3703,3331,3155,-8.12007,-23.2779,8.72239,48.1707
81978,3309,3682,4825,6635,3450,3926,5309,9904,3322,3512,4355,5730,3148,3312,3728,3860,-8.62595,32.4391,8.70034,48.0047
81979,3500,3964,6635,10366,3455,3823,5278,7060,3265,3515,3951,4190,3058,3235,3469,3454,-20.6125,22.2498,8.55351,48.1453
81980,8944,7263,4315,3495,6634,5787,4122,3435,4165,4013,3590,3268,3359,3417,3209,3209,-19.6449,-18.2816,8.6266,48.15
81981,4460,6504,6585,4450,4215,6237,6245,4347,3693,4018,4091,3658,3427,3491,3404,3394,-15.5221,0.163819,8.85511,48.146
81982,3347,3746,3868,3914,3510,4133,5749,4944,3747,4829,7751,5724,3520,3969,4879,4598,4.19216,10.0491,8.92321,48.152
81983,9130,8733,4534,3543,5391,5279,3978,3527,3969,3868,3531,3268,3532,3410,3343,3108,-27.9067,-15.5502,8.62288,48.096
81984,3040,3221,3490,3432,3249,3479,4100,4264,3361,3782,5152,7582,3484,4024,5995,10596,19.6461,24.5777,8.94291,48.1673
81985,3493,3528,3277,3131,4056,3911,3403,3203,6776,4972,3852,3359,11337,6298,4030,3472,22.5486,-25.067,8.67567,48.0653
81986,5274,7905,5794,4076,4873,6755,5203,3966,3824,4084,3905,3500,3365,3496,3310,3212,-17.389,-5.65108,8.93966,48.3613
81987,5922,9842,6463,4049,4761,5103,4547,3959,3674,3842,3667,3407,3345,3310,3374,3173,-30.7157,-6.08166,8.66225,48.292
81988,3393,3748,4349,4303,3583,4368,7092,5463,3584,4531,6738,5590,3401,3723,4320,4283,-0.253048,11.2789,8.99063,48.3127
81989,3332,3251,3284,3199,3911,3776,3316,3229,6120,4715,3833,3395,12778,6026,3865,3334,32.1418,-27.2665,8.88634,47.576
81990,8316,9142,4825,3642,5295,5117,4199,3537,3854,3692,3643,3252,3346,3429,3265,3209,-31.5685,-13.6481,8.63275,47.842
81991,4827,6177,5195,3999,4841,7749,5765,3897,3932,4423,4153,3566,3443,3591,3381,3314,-12.2884,-4.47258,8.9383,48.1687
81992,3211,3349,3382,3334,3618,3857,3906,3628,4019,5140,5694,4449,4439,6974,8015,4973,21.2455,2.27503,8.71915,47.992
81993,4370,6419,7371,4873,4119,5737,6335,4455,3543,4085,4085,3690,3319,3366,3456,3313,-17.3055,2.16215,8.61168,48.3573
81994,3741,5573,9829,6780,3639,4303,5153,4840,3425,3618,3842,3742,3141,3282,3327,3274,-30.5952,9.7668,8.6117,47.6727
81995,3959,4922,6164,4946,3982,5536,7862,5115,3541,3940,4670,4048,3236,3539,3515,3493,-11.3022,6.12071,8.80218,48.312
81996,6991,4884,3749,3478,9818,5219,3803,3468,5268,4463,3552,3284,3766,3610,3389,3244,-10.2668,-33.2597,8.70256,47.9907
81997,3915,3754,3382,3234,5743,4595,3700,3325,8999,6042,3895,3429,6198,4939,3831,3300,7.85887,-21.3984,8.71874,48.1873
81998,7568,9573,5113,3726,5172,5425,4260,3634,3693,3947,3622,3390,3351,3411,3304,3208,-25.7189,-11.5487,8.793,48.2647
81999,3890,3764,3509,3020,4939,4841,3734,3395,7291,7539,4266,3559,5672,5506,4016,3451,8.84102,-15.2588,8.98681,48.2613
82000,3466,3338,3274,3071,3935,3732,3356,3159,6095,4717,3744,3498,12821,6088,3764,3383,31.9582,-28.8794,8.91836,47.6273
82001,3434,3413,3301,3208,3966,3724,3377,3291,5890,4670,3725,3355,12246,5918,3930,3344,33.2987,-33.8243,8.63714,47.1947
82002,6862,5005,3818,3251,9594,5672,3878,3401,5423,4468,3630,3108,3902,3686,3341,3143,-9.80496,-24.1326,8.66375,48.1213
82003,3472,4663,8839,9281,3386,4053,5115,5504,3280,3531,3736,3874,3110,3243,3333,3290,-32.4425,15.719,8.93152,47.8067
82004,3447,3505,3200,3254,3975,3883,3410,3340,6654,4930,3947,3354,11133,6677,4082,3423,23.5461,-22.915,8.60991,48.1427
82005,7187,4967,3774,3409,9858,5183,3795,3291,5318,4315,3629,3347,3881,3609,3369,3214,-10.7289,-32.6267,8.80906,48.0973
82006,3385,3338,3292,3103,3647,3908,3716,3334,4798,5920,4548,3841,6262,9235,5751,3928,22.2901,-8.00056,8.75406,48.004
82007,3050,3199,3447,3500,3352,3388,3896,4260,3368,3769,5110,7858,3575,3931,6024,10328,19.1507,25.3036,8.50441,48.0367
82008,5803,4579,3738,3322,9451,5188,3723,3312,6576,4560,3713,3411,4184,3969,3451,3209,-5.15248,-30.7628,8.60407,48.126
82009,3336,3449,3612,3500,3463,4051,4516,4072,3832,5322,7887,5263,3846,4829,6328,4914,12.2057,6.72254,8.60423,48.1467
82010,3146,3365,3399,3235,3395,3704,3879,3792,3925,4778,5782,4661,3981,6028,9216,5809,23.2723,6.3619,8.85063,48.0633
82011,5511,4504,3625,3268,8896,5943,3972,3497,6344,5007,3771,3323,4256,3918,3517,3217,-4.84213,-21.4573,8.95593,48.3793
82012,3521,3521,3497,3403,3955,4436,3986,3510,4695,7525,5771,4010,4659,6404,5278,4166,12.8225,-3.86228,8.88246,48.2247
82013,7227,9082,5155,3769,5138,5708,4358,3677,3923,3941,3647,3291,3399,3371,3299,3158,-23.6962,-10.9277,8.56542,48.0953
82014,4093,4173,3793,3344,5316,6376,4330,3538,5922,7322,4419,3565,4396,4596,3901,3540,1.97998,-10.9668,8.92916,48.416
82015,4255,6764,8882,5389,3977,5013,5791,4461,3394,3723,3773,3670,3243,3245,3410,3294,-22.7166,3.84982,8.99383,48.1893
82016,4018,4392,4025,3552,4840,6914,5045,3782,4884,6748,5029,3650,4067,4364,3829,3603,-0.337412,-6.49468,8.62682,48.4947
82017,3206,3302,3363,3312,3454,3778,3981,3768,4058,5017,5990,4507,4138,6568,8378,5361,20.2353,4.12015,8.65027,48.1207
82018,3189,3479,3818,4115,3347,3750,5187,5664,3380,4114,6721,8155,3305,3824,4881,5478,5.60272,18.2092,8.84983,48.2713
82019,6800,7032,4442,3571,6465,6656,4375,3641,4274,4359,3673,3282,3482,3497,3344,3166,-15.5648,-13.9783,8.61072,48.0393
82020,7301,9813,5351,3727,4939,5312,4137,3605,3808,3688,3661,3333,3356,3439,3252,3061,-28.4323,-11.0559,8.70373,47.8553
82021,3578,4228,4990,4339,3804,5065,8043,5243,3723,4503,5566,4576,3380,3657,3841,3786,-5.29947,7.28266,8.81289,48.2147
82022,3489,3802,6277,12543,3316,3711,4735,6339,3172,3416,3778,4031,3037,3247,3415,3353,-26.9006,26.8935,8.91598,47.774
82023,4925,4454,3635,3227,7958,5976,4028,3391,6849,5361,3839,3423,4422,4208,3488,3294,-2.39589,-19.8031,8.64116,48.3187
82024,9199,5704,3994,3390,8349,5481,3866,3401,4518,3995,3534,3234,3490,3429,3338,3055,-16.2298,-23.6495,8.62997,47.9847
82025,3672,4571,6839,5681,3616,4660,7563,5984,3251,3788,4502,4300,3219,3328,3600,3524,-13.1875,11.0153,8.57111,48.0653
82026,3060,3323,3259,3412,3156,3502,3778,3798,3600,3955,5206,5414,3557,4590,8775,9258,28.5737,15.6178,8.88188,47.762
82027,3979,4274,3891,3479,4991,6762,4762,3752,5015,6930,4886,3725,4070,4305,4009,3593,0.471496,-7.13435,8.67339,48.282
82028,3860,4456,4527,4003,4130,6186,6970,4509,3971,5014,5370,4252,3671,3826,4009,3662,-4.17593,1.91836,8.55858,48.2773
82029,3372,3894,5494,9102,3368,3801,5352,8650,3168,3637,4045,4618,3151,3316,3592,3625,-15.5863,25.9609,8.68473,48.1233
82030,4521,4108,3508,3152,7439,4682,3651,3293,9009,5116,3679,3331,5209,4470,3610,3277,2.74937,-31.9334,8.88964,48.0367
82031,3447,3329,3271,3065,4100,3870,3473,3112,5820,5111,3875,3361,10160,8086,4175,3485,33.852,-18.25,8.81848,47.8267
82032,3057,3306,3301,3442,3271,3443,3821,3950,3400,4027,5089,5627,3446,4263,7972,10411,28.224,17.9721,8.80624,47.884
82033,3418,3278,3321,3002,3836,3725,3434,3282,5872,4668,3699,3418,12700,6106,4009,3423,28.3449,-33.0769,8.84319,47.4607
82034,4624,7250,7812,4740,4272,5346,5701,4281,3535,3851,3846,3580,3332,3351,3307,3320,-21.1531,0.816797,8.51362,48.0987
82035,3769,5353,9808,7386,3595,4291,5258,5058,3320,3661,3779,3835,3132,3239,3423,3204,-30.0814,10.5607,8.88508,48.074
82036,4174,4559,3830,3438,5436,7178,4652,3631,5319,6459,4512,3706,3986,4226,3707,3387,-1.39346,-9.78318,8.7627,48.1333
82037,4281,3851,3433,3136,6608,4592,3750,3259,9561,5223,3837,3353,5822,4632,3634,3261,5.19052,-28.3975,8.63255,48.1553
82038,3265,3693,4141,4164,3475,4165,6219,5523,3601,4464,6946,6285,3472,3764,4602,4431,1.8557,13.071,8.5544,48.14
82039,3887,4789,5311,4452,4063,6155,7532,4796,3705,4325,4830,3998,3365,3555,3772,3655,-8.69296,3.22681,8.56864,48.1267
82040,5598,9550,6821,4264,4588,4984,4664,4022,3595,3910,3626,3380,3323,3419,3330,3218,-31.2132,-4.42317,8.64852,48.1947
82041,3992,4329,3814,3512,4705,6918,5015,3709,4709,7005,5070,3658,4112,4383,4013,3621,0.180083,-6.17833,8.89062,48.3767
82042,5954,4744,3699,3290,9580,5487,3778,3373,6285,4601,3582,3242,4087,3944,3337,3185,-6.68084,-24.8121,8.7611,48.112
82043,3103,3279,3629,3523,3306,3619,4097,4254,3538,4243,6512,6838,3534,4370,7011,7502,16.7741,15.8919,8.61316,48.2387
82044,4006,5014,5383,4356,4067,6100,7569,4616,3716,4564,4781,4055,3478,3594,3709,3406,-9.4326,2.85563,8.65089,48.276
82045,3648,3549,3304,3167,4703,4069,3488,3171,9290,5104,3821,3467,8750,5342,3708,3331,14.5436,-32.3556,8.91085,47.9413
82046,3416,3281,3399,3169,3938,3812,3401,3158,6365,4736,3671,3396,12321,5907,3990,3425,26.8934,-31.2029,8.5072,47.59
82047,5626,5207,3936,3411,7733,7177,4244,3424,5048,4895,3783,3357,3884,3859,3423,3220,-8.3207,-16.1384,8.9499,48.1513
82048,4544,7924,8616,4890,4121,4946,5084,4262,3442,3698,3799,3536,3119,3470,3355,3228,-28.9423,1.13111,8.85442,48.0227
82049,3666,3570,3417,3134,4391,4538,3782,3404,6510,7697,4456,3633,5927,6326,4341,3486,12.3396,-12.6942,8.94894,48.1853
82050,3405,3883,5909,7491,3422,4042,6164,8070,3350,3675,4245,4829,3083,3338,3616,3521,-13.3614,19.4119,8.8859,48.0287
82051,12698,6350,4031,3353,6137,4743,3689,3354,3838,3823,3361,3210,3351,3396,3226,3153,-31.3149,-25.3793,8.92314,47.8087
82052,3547,4745,7987,7803,3602,4302,6179,5927,3339,3532,4056,4022,3076,3267,3365,3384,-19.56,13.8493,8.63735,48.0887
82053,3359,3963,6173,10298,3361,3868,5356,7627,3151,3544,3928,4222,3128,3273,3436,3525,-18.8764,23.7003,8.98093,48.1413
82054,3338,4018,5213,7236,3348,3900,5718,9134,3214,3712,4292,5199,3146,3263,3645,3709,-11.2079,23.7481,8.5498,48.0567
82055,3141,3385,3322,3317,3495,3664,4007,3732,3709,4610,6085,4827,4042,5808,8975,6038,21.1754,7.03415,8.71907,48.1047
82056,3322,3813,4630,4864,3405,4210,7025,6652,3395,4096,5744,5864,3314,3696,4086,4217,-3.08025,14.5253,8.89296,48.222
82057,3202,3637,3825,3906,3306,3882,5259,5074,3500,4363,7710,6850,3481,4068,5167,5202,6.37124,13.7155,8.96082,48.288
82058,4123,3946,3521,3188,6047,4885,3733,3369,8424,6171,4002,3499,5656,4673,3770,3331,5.49351,-19.6066,8.68593,48.2253
82059,3324,3389,3495,3342,3419,3944,4207,3902,3868,5133,7028,4887,3980,5514,7398,5280,16.1952,6.1794,8.50659,48.0733
82060,5986,4533,3643,3350,9566,5462,3740,3411,6385,4636,3649,3250,4131,3793,3383,3193,-5.92194,-25.781,8.92232,48.074
82061,10145,5778,3784,3406,8109,5142,3816,3386,4349,4037,3553,3214,3422,3563,3224,3118,-17.8376,-29.1331,8.78152,48.0307
82062,3395,3350,3237,3153,3955,3796,3673,3358,5317,5522,4191,3675,8070,9259,4925,3664,24.3324,-13.0818,8.93303,48.36
82063,3595,4133,6360,7738,3527,4150,6230,7305,3203,3571,4292,4528,3119,3314,3458,3668,-15.4608,17.7861,8.51977,48.1273
82064,3061,3354,3366,3308,3440,3770,3785,3433,4116,4823,4912,4362,4584,7866,8698,5068,28.8377,1.54425,8.90809,47.964
82065,3119,3272,3381,3304,3370,3742,3795,3755,3716,4325,5294,4708,3888,5969,9977,6410,29.3124,7.89775,8.92854,48.0167
82066,3114,3181,3405,3534,3229,3541,3954,4102,3383,3776,5249,6657,3491,4084,6905,10454,22.2645,21.6047,8.8081,48.0393
82067,3489,3782,4271,4082,3625,4532,6650,5051,3659,4847,7130,5169,3487,3993,4336,4109,0.66333,8.29583,8.921,48.1413
82068,3515,3864,4001,3764,3857,4710,6076,4484,3904,5401,7374,4761,3695,4108,4597,4160,2.98411,5.15751,8.70635,48.1807
82069,4532,4579,3926,3456,6088,7094,4338,3538,5499,6227,4141,3568,4073,4236,3505,3245,-2.16973,-12.3262,8.99011,48.03
82070,3670,3912,3770,3421,4309,5409,4500,3683,4774,7693,5824,3869,4259,4877,4392,3711,5.49372,-4.16874,8.76507,48.0487
82071,3193,3428,4037,4239,3360,3791,5146,6908,3442,3842,5857,8541,3209,3613,4357,5218,2.68158,21.4576,8.95367,48.1207
82072,3244,3479,4102,4536,3409,3660,4908,7895,3414,3739,5220,8650,3280,3593,4257,4970,1.13448,27.6181,8.80647,48.2373
82073,3166,3154,3349,3392,3147,3403,3719,3851,3371,3795,4919,5941,3281,3939,5995,12799,31.2351,28.4807,8.90068,47.4807
82074,3318,3450,3266,3067,3691,3707,3560,3484,5405,5141,4217,3574,8506,9192,4741,3600,32.8323,-13.6915,8.72282,47.946
82075,3739,4334,4873,4234,3918,5725,7714,4826,3855,4628,5635,4326,3371,3659,3899,3596,-5.13217,4.87836,8.99393,48.2213
82076,3710,4782,6984,5766,3667,4722,7647,5728,3486,3764,4374,4119,3281,3331,3510,3419,-14.1374,10.1736,8.80881,48.1933
82077,3555,3573,3544,3290,4103,4521,4024,3488,5173,8039,5379,3848,4829,6272,4730,3781,11.3397,-6.41224,8.98477,48.0993
82078,9211,7028,4175,3507,7010,5679,4117,3371,4147,3880,3504,3361,3361,3423,3272,3104,-19.2456,-19.2449,8.80618,48.1
82079,8008,8889,4837,3568,5470,5933,4255,3603,4005,3881,3633,3363,3349,3377,3326,3114,-22.2192,-13.3823,8.80128,48.4073
82080,3432,3936,5229,6482,3534,4058,6312,8704,3299,3705,4546,5378,3171,3352,3773,3723,-9.66042,19.9777,8.61321,48.4227
82081,5759,9690,6614,4138,4503,5195,4625,3956,3590,3771,3716,3446,3320,3277,3292,3182,-30.997,-5.23563,8.92275,48.0493
82082,3199,3402,3526,3309,3301,3674,4238,4035,3650,4525,6860,5787,3583,4724,7707,6356,17.1004,11.5474,8.7138,47.9173
82083,11803,6316,3989,3282,6649,4804,3808,3395,4089,3797,3468,3286,3401,3371,3166,3189,-24.6159,-26.2722,8.69308,47.8753
82084,3377,3515,3202,3088,3930,3872,3506,3158,5829,5049,3837,3345,10940,7351,4102,3402,32.0122,-20.0235,8.58314,47.6687
82085,4063,4085,3638,3379,5602,6255,4266,3512,6218,7086,4292,3549,4547,4681,3732,3421,2.05003,-12.9577,8.8334,48.2173
82086,3553,3553,3300,3125,4687,4017,3563,3363,9045,5096,3803,3413,8820,5400,3903,3248,14.7118,-29.7199,8.609,47.926
82087,3178,3399,3712,3806,3313,3717,4570,5302,3452,3952,6388,8871,3265,3883,5138,6484,9.23006,20.2674,8.91922,48.2867
82088,3173,3317,3492,3425,3144,3587,4001,4603,3475,3825,5252,8697,3312,3907,5388,9580,16.1244,26.8938,8.82153,48.1187
82089,8746,8393,4587,3624,5899,5550,4085,3626,3959,3895,3515,3274,3479,3266,3270,3008,-22.8228,-15.2459,8.62423,48.1173
82090,3147,3273,3436,3379,3343,3616,3859,3795,3533,4185,5122,5167,3557,4889,9385,8371,29.661,13.3811,8.65204,48.038
82091,3289,3270,3349,3070,3771,3855,3692,3328,4794,5449,4549,3692,6340,9967,5900,4024,26.0414,-7.57289,8.96664,48.226
82092,3764,4237,4172,3797,4413,6346,5648,4039,4316,6448,5512,4070,3841,4208,4097,3612,-0.101656,-2.13846,8.81727,48.3467
82093,3161,3273,3533,3561,3373,3692,4225,4390,3479,4390,6920,6694,3570,4300,7064,6750,15.3184,14.337,8.55869,48.25
82094,5094,4850,3742,3308,7652,6653,4034,3514,5993,5415,3852,3300,4108,3995,3525,3124,-4.051,-16.9876,8.93363,48.106
82095,3227,3208,3416,3304,3342,3464,3760,4003,3340,3778,4592,5977,3341,3810,6137,12645,28.6674,30.8003,8.87799,47.5627
82096,4049,3896,3522,3161,5848,4946,3779,3381,8249,6519,3978,3596,5524,4843,3811,3424,6.05147,-18.7942,8.53132,48.3507
82097,3121,3324,3840,4088,3310,3715,4530,6496,3216,3761,5296,9733,3354,3732,4534,5952,5.69753,26.9082,8.97332,48.0013
82098,3585,4418,8272,9258,3429,4045,5498,5895,3224,3460,3824,3975,3033,3230,3414,3404,-23.1448,16.5923,8.84261,47.976
82099,3021,3480,3645,3880,3323,3719,4609,5464,3453,4075,6326,8719,3454,3719,5176,6079,8.36755,20.1556,8.5776,48.0947
82100,3201,3398,3504,3261,3460,3827,4041,3677,4083,5115,5977,4504,4409,6312,8058,5185,19.6195,3.3309,8.51768,48.008
82101,7158,7312,4386,3622,6366,6637,4355,3563,4216,4182,3644,3356,3504,3489,3307,3148,-16.1894,-14.4353,8.96037,48.1633
82102,3617,3686,3436,3209,4416,4534,3737,3361,6827,7377,4396,3572,6137,6253,4311,3561,12.6739,-13.9088,8.76026,48.2867
82103,3444,3980,5933,12665,3414,3719,4742,6126,3263,3416,3773,3820,3127,3240,3431,3454,-31.796,29.4118,8.54926,47.698
82104,11638,7225,4174,3428,5884,4907,3897,3407,4003,3797,3425,3213,3347,3421,3157,3104,-30.1492,-21.8139,8.86719,48.018
82105,5208,9309,6819,4254,4346,5108,4715,4013,3542,3767,3685,3484,3225,3268,3398,3379,-32.2814,-3.7679,8.83468,47.68
82106,3288,3559,4162,4572,3274,3758,5051,7668,3223,3811,5382,8472,3176,3572,4323,4905,1.42145,23.8164,8.87035,48.1307
82107,7664,4999,3743,3374,10003,5186,3839,3365,5073,4255,3623,3314,3619,3714,3356,2977,-11.4075,-30.1905,8.92073,48.0693
82108,3147,3316,3516,3455,3336,3578,4211,4448,3496,4072,6105,7385,3494,4152,6530,7771,15.9911,18.04,8.59866,48.008
82109,3445,3815,4679,4604,3604,4516,7470,6058,3504,4207,6039,5205,3285,3570,4198,3991,-3.35394,11.7915,8.61764,48.1267
82110,3867,5627,10092,7082,3555,4223,5174,4932,3399,3568,3692,3742,3201,3204,3413,3245,-30.4543,9.963,8.99205,48.0107
82111,7714,8580,4690,3748,5862,6067,4168,3483,4028,3881,3690,3273,3460,3436,3228,3094,-20.2998,-13.8785,8.87437,48.268
82112,11866,6071,3870,3431,6969,4919,3888,3432,4029,3828,3443,3198,3391,3382,3189,3113,-22.495,-27.9849,8.66318,48.0127
82113,3380,3619,4100,3986,3520,4267,5784,5095,3575,4534,7567,6212,3561,3853,4735,4694,4.01425,11.7138,8.68537,48.3213
82114,3598,4672,7454,6389,3728,4461,7126,5875,3368,3717,4269,4140,3102,3419,3481,3412,-16.0066,12.0475,8.60603,48.1407
82115,3369,3440,3284,3238,3734,3841,3637,3376,5043,5393,4390,3625,7053,9928,5347,3729,32.9049,-10.5197,8.73741,48.2847
82116,3442,3934,5482,8989,3486,3815,5227,8805,3278,3618,3997,4567,3161,3417,3338,3643,-15.0385,28.6046,8.50868,48.1327
82117,3498,3825,4321,4024,3751,4735,6662,4895,3793,4764,7021,5062,3507,3986,4361,4033,0.339731,7.21075,8.53605,48.1587
82118,8072,9483,4897,3621,5183,5293,4128,3672,3773,3849,3404,3338,3320,3342,3285,3168,-26.2742,-12.8133,8.94249,47.8853
82119,3452,3980,6336,10294,3362,3857,5286,7531,3241,3486,3994,4222,3126,3319,3500,3459,-19.6507,23.7042,8.66199,48.2967
82120,4611,5358,4310,3719,5469,7991,5198,3742,4412,5411,4314,3539,3715,3826,3631,3298,-6.46711,-7.59694,8.51203,48.3627
82121,3486,3415,3184,3182,3960,3811,3424,3292,5928,4749,3808,3324,12311,6387,4012,3316,32.1481,-24.2501,8.83298,47.726
82122,3064,3252,3395,3434,3270,3351,3796,3952,3399,3745,4681,6103,3229,3851,6199,12353,33.8888,27.2308,8.86655,47.3827
82123,3474,4323,7564,9076,3375,4065,5519,6324,3227,3479,3999,4193,3040,3265,3553,3466,-20.9391,17.5972,8.55255,47.9613
82124,3085,3378,3304,3298,3482,3677,3737,3647,3931,4651,5018,4380,4436,7334,9356,5341,29.4188,3.03756,8.75195,48.0367
82125,3587,3523,3333,3051,4306,4204,3795,3348,6493,6809,4411,3616,6867,7102,4383,3534,15.9238,-14.3523,8.84837,48.2413
82126,3202,3527,3873,4195,3314,3708,4607,6739,3362,3797,5238,9688,3350,3715,4494,5531,4.69495,31.6864,8.91238,48.2267
82127,3953,5766,9889,6435,3776,4441,5263,4776,3414,3636,3840,3785,3143,3297,3320,3358,-32.3116,8.03717,8.58657,48.0613
82128,3389,3559,4462,5589,3411,3779,5156,9400,3292,3654,4636,6634,3226,3498,3918,4084,-4.59263,33.6587,8.64709,47.7913
82129,3224,3296,3320,3482,3320,3370,3700,3919,3333,3716,4684,5967,3273,4014,6041,12217,33.9259,33.6995,8.61196,47.2507
82130,3485,3506,3291,3142,4465,3929,3546,3248,8396,5056,3773,3335,10033,5565,3904,3460,17.276,-30.2417,8.85144,48.0893
82131,3207,3429,3453,3157,3524,3739,3885,3661,3970,5314,6221,4723,4170,6506,8274,5122,19.6212,3.72745,8.86255,48.2367
82132,3275,3651,4144,4522,3331,3892,5552,6947,3369,3934,5778,7609,3283,3550,4410,4783,1.1873,19.3277,8.89278,48.02
82133,3987,5496,6876,4918,3917,5432,7509,5048,3567,3921,4311,3989,3337,3425,3516,3486,-14.4017,4.97277,8.85887,48.49
82134,9237,5483,3946,3427,8522,5272,3984,3459,4427,4128,3513,3194,3564,3529,3259,3146,-15.8597,-25.5173,8.53503,48.06
82135,3444,3363,3265,3164,3908,3800,3373,3265,5975,4714,3771,3374,12807,6020,3874,3296,31.0912,-28.7192,8.83896,47.6087
82136,3096,3318,3454,3465,3389,3666,4127,4029,3626,4506,6776,5733,3747,4871,8062,6658,17.6976,11.4079,8.87265,48.3487
82137,10051,7190,4352,3437,6666,5324,3919,3523,4109,3906,3615,3221,3514,3478,3128,3096,-21.7042,-19.7547,8.70174,48.3527
82138,3387,3393,3265,3201,3954,3733,3502,3228,5800,4937,3839,3360,10901,7719,4242,3420,27.8351,-19.623,8.84163,47.9207
82139,3409,3382,3231,3197,3940,3792,3567,3307,5385,5182,4058,3492,9180,8595,4546,3424,33.438,-15.7136,8.5309,47.7913
82140,11015,5876,3970,3468,7395,5021,3911,3322,3994,3928,3408,3245,3460,3319,3225,3142,-20.3163,-33.1175,8.64558,47.7993
82141,3375,3371,3220,3121,3850,3741,3454,3236,6185,4680,3720,3324,12799,6182,3837,3368,31.34,-26.5374,8.91659,47.642
82142,3886,5816,9878,6466,3707,4304,5200,4859,3301,3740,3735,3810,3219,3348,3344,3302,-33.0722,8.77151,8.63933,47.9433
82143,3207,3347,3286,3285,3492,3669,3853,3671,3998,4804,5192,4277,4519,7216,9050,5249,27.5263,2.9446,8.69016,48.0767
82144,3290,3673,4276,5297,3248,3795,5412,8637,3347,3773,5095,7153,3335,3528,3964,4405,-2.42236,23.9809,8.56242,48.152
82145,3321,3666,4532,5463,3340,3802,5170,9807,3304,3682,4620,6548,3207,3485,3884,4102,-4.93436,33.4521,8.99066,47.9553
82146,3561,4221,6797,7700,3459,4283,6210,6973,3150,3518,4159,4385,3087,3335,3464,3554,-16.1066,16.7719,8.9181,47.904
82147,3419,3573,3398,3261,3762,4182,3947,3574,4747,6932,5619,4067,4825,6996,5823,4144,15.38,-3.68168,8.72398,48.1793
82148,5361,9222,7116,4341,4381,5016,4838,3926,3546,3724,3734,3470,3305,3358,3246,3163,-29.9347,-3.39478,8.77798,47.8313
82149,3620,4402,6348,5652,3587,4686,7996,6090,3556,3790,4622,4146,3250,3434,3571,3563,-11.8742,11.0553,8.81883,48.2087
82150,3457,3491,3095,3201,3947,3692,3458,3234,6106,4643,3711,3411,12538,6164,3889,3380,28.2112,-27.8803,8.66615,47.6113
82151,3440,4199,6412,8013,3503,4025,5986,7616,3263,3519,4155,4446,3137,3381,3507,3599,-15.4952,19.0104,8.88496,48.134
82152,3392,3300,3257,3045,3935,3782,3451,3157,6343,4775,3793,3322,12363,6249,3979,3359,26.6108,-27.9708,8.70697,47.668
82153,3470,4015,6118,12622,3492,3790,4794,5975,3296,3432,3794,3872,3115,3176,3248,3195,-27.9135,33.1578,8.65145,47.6027
82154,10786,6308,3985,3385,7247,5084,3811,3455,4288,3929,3459,3215,3445,3452,3224,3148,-20.941,-23.5746,8.7406,48.1473
82155,3130,3206,3447,3421,3337,3653,3935,4025,3612,4255,5700,5491,3664,4866,8920,7671,22.4478,12.4997,8.75313,48.222
82156,3361,3869,5963,12623,3381,3775,4679,5879,3299,3496,3778,3916,3228,3305,3397,3396,-31.8592,30.0174,8.83692,47.5633
82157,3525,3366,3276,3091,4189,4053,3536,3251,7546,4967,3754,3430,11060,5722,3925,3519,20.0686,-29.6759,8.80996,48.14
82158,3382,3678,4740,5966,3378,3833,5619,9369,3336,3643,4499,6056,3215,3387,3735,4095,-7.00137,24.6186,8.62809,47.954
82159,3160,3233,3327,3280,3239,3353,3784,3930,3400,3810,4865,6239,3424,3989,6042,12470,26.7514,33.4806,8.7134,47.6967
82160,3593,4244,6016,5983,3594,4488,7380,6756,3336,3720,4571,4480,3154,3340,3740,3679,-11.8544,13.6464,8.58889,48.0493
82161,3629,3509,3339,3097,4881,4001,3560,3243,9401,5371,3796,3329,8366,5292,3761,3479,13.3117,-27.2539,8.96209,48.036
82162,3882,3758,3361,3208,5794,4367,3588,3362,9874,5335,3856,3439,6543,4659,3626,3269,8.22717,-27.7801,8.69761,47.9473
82163,3757,4408,5273,4529,3749,5213,8086,5414,3575,4249,5206,4341,3311,3652,3734,3656,-7.23537,7.48427,8.83492,48.102
82164,3434,3684,4391,4609,3431,4123,6640,6294,3434,4184,6425,6060,3398,3730,4326,4394,-0.498883,14.5151,8.76016,48.3713
82165,3315,3906,5445,7835,3266,3931,5895,9047,3267,3526,4230,4904,3140,3373,3530,3708,-12.6882,22.4039,8.92036,48.212
82166,3258,3603,4184,4719,3348,3695,4869,8228,3337,3692,4987,8393,3177,3546,4133,4821,0.0981594,29.5409,8.98322,47.9933
82167,12415,6022,3897,3298,6582,4873,3788,3420,3961,3819,3441,3262,3365,3360,3229,3091,-24.7826,-28.0376,8.65442,47.882
82168,4689,6037,4832,3837,5013,7958,5721,3889,4107,4870,4064,3592,3495,3649,3448,3369,-10.5581,-5.37954,8.85402,48.38
82169,4302,4594,4070,3510,5250,7442,4904,3666,4929,6440,4446,3616,4020,4104,3741,3320,-1.89309,-8.78284,8.9935,48.236
82170,3485,3965,4921,4987,3616,4355,7526,6799,3359,4067,5607,5324,3224,3484,3957,3945,-5.43376,14.2697,8.70451,48.414
82171,3539,3822,3547,3497,4273,4925,4167,3589,5214,8208,5385,3947,4545,5713,4539,3691,8.82742,-6.49745,8.78921,48.4007
82172,3276,3970,6229,12082,3360,3829,4915,6684,3180,3363,3929,3985,3125,3263,3340,3320,-24.3324,26.7843,8.75161,47.9
82173,8600,6693,4294,3525,7140,5981,4087,3435,4280,4123,3566,3360,3596,3531,3249,3198,-17.4658,-18.2981,8.8065,48.4387
82174,3365,3437,3296,3005,3760,3804,3515,3338,5132,5171,4150,3465,8344,9412,4854,3710,30.1374,-13.3446,8.86851,47.8387
82175,10994,5815,3965,3491,7325,4964,3884,3365,4048,3874,3570,3170,3474,3406,3261,3129,-20.1627,-33.674,8.65696,47.8233
82176,3853,3843,3434,3125,5637,4813,3733,3367,8714,6485,3979,3460,5888,4927,3878,3337,7.33264,-18.8893,8.88688,48.3153
82177,3063,3360,3515,3686,3179,3515,4053,4665,3542,3856,5492,8774,3371,3879,5615,8778,15.0113,25.0439,8.75258,48.2287
82178,3331,3305,3365,3259,3618,3810,3600,3463,4615,5026,4496,3840,6309,9663,6078,3960,31.6858,-7.2936,8.71237,47.8253
82179,3147,3329,3565,3671,3416,3700,4514,4715,3571,4280,7254,7111,3457,4095,6056,6235,12.0013,14.919,8.9493,48.0773
82180,3395,4147,7070,11453,3371,3970,4962,5853,3232,3408,3846,4011,3137,3248,3263,3388,-33.3778,21.0398,8.93307,47.836
82181,3990,4027,3656,3324,5233,5512,4049,3478,6719,7483,4328,3546,4900,5012,3926,3458,5.22943,-13.7301,8.65589,48.4273
82182,3184,3280,3466,3330,3512,3730,4010,3811,3875,4756,6570,4775,3994,5640,8606,5647,19.2056,7.12763,8.91765,48.124
82183,3550,4105,4384,3912,3864,5371,7035,4548,3872,5041,6417,4474,3616,3933,4179,3790,-1.19581,4.2497,8.97398,48.0607
82184,8991,8494,4640,3506,5640,5494,4052,3523,3984,3914,3545,3314,3357,3433,3252,3065,-25.4486,-15.4927,8.66902,48.136
82185,3804,3704,3405,3237,5838,4375,3675,3306,9673,5517,3792,3439,6747,4854,3726,3315,9.18015,-25.363,8.66783,48.2713
82186,3559,3479,3318,3061,4441,4050,3562,3230,8262,5218,3748,3370,9680,5685,3870,3439,16.8139,-25.7665,8.65413,47.9813
82187,3631,4208,5847,5164,3756,4735,7975,6240,3539,3925,4806,4480,3253,3379,3750,3722,-9.68172,10.8757,8.56028,48.2733
82188,5777,4756,3735,3372,8706,6082,3926,3501,5971,4741,3672,3341,4124,3936,3444,3127,-6.40062,-21.0561,8.52071,48.1407
82189,3292,3257,3420,3415,3263,3503,3899,4402,3364,3879,5114,8108,3466,3907,5664,9935,17.7522,33.7588,8.8454,47.9253
82190,8053,9511,4943,3668,5180,5342,4189,3485,3798,3815,3619,3258,3316,3364,3342,3170,-32.5908,-12.7556,8.99006,48.0353
82191,3535,3635,3472,3161,4221,4787,3918,3491,5731,7896,4930,3743,5269,6180,4626,3610,11.5023,-9.4271,8.77534,48.1367
82192,6727,4967,3775,3461,9768,5357,3784,3415,5559,4397,3738,3124,3906,3694,3448,3136,-9.39598,-26.9795,8.56762,48.1707
82193,3386,4075,4980,4937,3503,4460,7866,6491,3499,4004,5473,5118,3255,3577,3876,3841,-6.05176,12.2735,8.93305,48.2273
82194,3229,3679,4587,5108,3331,4061,6379,7834,3388,3836,5355,6261,3295,3571,4074,4317,-3.68298,18.0341,8.60919,48.2033
82195,3603,3583,3329,3068,5148,4206,3553,3235,9730,5273,3860,3339,7764,4860,3768,3334,11.8285,-30.9572,8.84324,47.7687
82196,5032,8938,7846,4598,4328,5058,4897,4063,3494,3795,3732,3559,3248,3319,3263,3169,-27.5513,-1.56242,8.77857,48.226
82197,9907,8407,4441,3499,5559,5095,4028,3491,3894,3871,3559,3224,3416,3446,3236,3087,-29.7628,-17.0805,8.76483,48.1067
82198,3551,3339,3222,3158,4030,3834,3492,3178,6853,4898,3911,3357,11615,6089,4023,3324,22.9696,-25.6998,8.52571,47.916
82199,3279,3292,3341,3253,3509,3745,3667,3580,4151,4953,5034,4242,4804,8078,8362,4866,26.8243,0.142249,8.93497,48.104
82200,3432,3375,3301,3015,4195,3755,3486,3310,7346,4877,3829,3399,11174,5750,3913,3446,20.4547,-31.5153,8.5854,47.7353
82201,3288,3376,3423,3299,3406,3693,3746,3657,3865,4758,5142,4394,4372,7245,9196,5097,31.2784,2.74959,8.60402,47.9713
82202,12621,6027,3954,3375,6024,4849,3812,3500,3925,3800,3359,3212,3454,3308,3250,3102,-28.9796,-31.5014,8.83058,47.7147
82203,11340,6775,4184,3371,6594,5075,3921,3361,4046,3801,3366,3211,3447,3372,3173,3076,-23.497,-22.9892,8.88148,48.0753
82204,3280,3854,5534,9642,3358,3916,5095,8451,3165,3458,3943,4519,3243,3342,3363,3559,-16.5219,27.8427,8.96186,47.8147
82205,3390,3892,5857,11237,3309,3760,4998,7134,3223,3442,3820,4197,3090,3322,3243,3449,-21.1785,32.9941,8.71885,47.5753
82206,6079,4634,3678,3226,9849,5195,3801,3450,6123,4335,3671,3356,4025,3768,3426,3158,-6.96879,-30.8307,8.73951,47.8493
82207,6866,5525,3959,3419,8468,6381,4089,3494,4876,4512,3556,3319,3703,3637,3309,3194,-11.3477,-19.2154,8.87678,48.2047
82208,3283,3574,3821,3622,3631,3940,5015,4387,3770,5190,7985,5335,3713,4448,5732,4841,8.76601,7.81448,8.56076,48.1913
82209,6027,5422,4074,3452,7963,6897,4176,3480,5015,4648,3732,3271,3801,3846,3451,3198,-9.38605,-17.1086,8.76884,48.302
82210,11114,7360,4194,3332,5972,4938,3879,3389,3938,3859,3409,3317,3366,3303,3180,3042,-27.4288,-20.9776,8.53021,47.728
82211,3553,4181,7937,10312,3500,3944,5117,5803,3307,3568,3830,3914,3244,3230,3320,3442,-33.5745,18.461,8.67374,48.1347
82212,3384,4139,7094,10800,3410,3810,5005,6379,3241,3318,3867,4105,3104,3202,3285,3373,-23.5749,21.2261,8.94964,47.6773
82213,4722,7694,7475,4693,4329,5612,5361,4195,3610,3944,3831,3519,3289,3402,3331,3228,-21.1948,-0.303899,8.59269,48.1567
82214,6035,4653,3578,3396,9985,5184,3866,3332,6195,4413,3754,3298,4045,3831,3381,3085,-6.54282,-29.8066,8.9756,48.0207
82215,3121,3256,3494,3576,3225,3590,4126,4530,3419,3988,5698,8050,3489,4074,5952,8639,15.688,21.8349,8.56317,48.1513
82216,3149,3351,3474,3387,3458,3806,4174,3846,3879,5129,6726,4888,4093,5504,7777,5534,17.3312,6.17502,8.52136,48.1167
82217,3526,3439,3194,3130,4251,3961,3513,3267,8094,5036,3776,3364,10185,5709,3873,3370,18.3014,-32.59,8.64408,47.792
82218,6754,9697,5473,3921,4925,5531,4370,3544,3783,3894,3606,3340,3327,3297,3300,3148,-25.2878,-9.33412,8.51994,47.94
82219,11841,6958,4140,3327,5971,4889,3949,3398,4023,3871,3495,3204,3446,3411,3208,3085,-29.3888,-22.8652,8.82454,48.144
82220,4482,5392,4504,3742,5187,8190,5445,3765,4298,5205,4270,3648,3610,3803,3591,3408,-7.60634,-6.39267,8.87328,48.36
82221,3725,3622,3389,3241,4438,4544,3732,3436,6496,7568,4498,3665,5805,6022,4367,3630,11.6705,-12.4004,8.61283,48.1187
82222,4482,4805,4079,3512,5413,8105,4896,3736,4693,5972,4286,3504,3823,3906,3715,3463,-4.25083,-8.85403,8.994,48.26
82223,4313,4041,3572,3266,6200,5436,3985,3311,7437,6514,4007,3480,4936,4545,3668,3325,3.12491,-17.6035,8.73993,48.024
82224,3648,3806,3616,3291,4110,5355,4343,3709,5217,8218,5490,3851,4415,5228,4527,3614,7.26719,-6.28635,8.88925,48.292
82225,3448,3415,3243,3000,4051,3791,3481,3157,7089,4853,3888,3379,11574,5783,3958,3309,22.2255,-28.6519,8.57441,47.6127
82226,6477,8813,5434,3835,5146,6016,4512,3797,3839,3969,3679,3366,3384,3501,3210,3279,-21.0561,-9.30121,8.50672,48.1713
82227,3386,3834,6149,12400,3350,3721,4668,6228,3281,3637,3758,3960,3065,3297,3443,3342,-27.751,28.5362,8.59254,47.6793
82228,3343,3803,4839,5694,3375,4024,6234,8945,3382,3707,4750,5934,3202,3361,3837,4002,-6.4879,20.6642,8.82712,48.288
82229,4333,5991,6425,4419,4259,6418,6582,4293,3618,4179,4108,3822,3402,3502,3524,3371,-14.3632,0.472124,8.75549,48.164
82230,3427,3337,3267,3302,3733,3747,3708,3354,4527,5160,4698,3777,5733,9535,6656,4212,30.5367,-4.87228,8.71465,48.1153
82231,3503,3914,6105,11978,3371,3830,4703,6513,3177,3410,3915,3950,3168,3236,3410,3388,-25.1797,28.2417,8.50267,47.714
82232,3349,3372,3090,3078,4002,3849,3449,3227,6423,5149,3931,3504,10952,7109,4135,3370,24.5819,-21.1175,8.59619,47.9927
82233,5087,9176,7368,4320,4453,5069,4867,4162,3704,3726,3709,3440,3302,3272,3355,3096,-33.4732,-2.63815,8.61215,48.0707
82234,4676,4105,3517,3317,8043,4877,3761,3324,8473,4886,3699,3393,5014,4154,3543,3370,0.490919,-29.3106,8.50703,48.1013
82235,3171,3196,3383,3431,3159,3443,3806,3949,3305,3758,4827,6388,3367,3849,6308,12566,25.5571,26.9542,8.98609,47.9373
82236,6495,5479,3978,3432,8576,6412,3993,3467,5117,4490,3737,3346,3762,3618,3419,3205,-10.5884,-19.2498,8.97029,48.3507
82237,4090,6049,8778,5617,3897,4812,6124,4671,3405,3725,3973,3841,3112,3421,3404,3315,-20.6855,5.62119,8.71672,48.156
82238,3317,3879,5381,8656,3428,3810,5251,9147,3222,3575,4094,4875,3081,3297,3453,3595,-14.4108,28.3617,8.83878,48.0407
82239,3724,3552,3305,3164,4868,4156,3511,3219,9117,5519,3853,3365,8243,5443,3817,3379,13.5602,-25.255,8.65683,48.1567
82240,3501,3946,5914,12748,3380,3771,4639,5865,3268,3445,3733,3880,3154,3295,3344,3405,-32.6167,33.6658,8.88035,47.5253
82241,7087,9909,5536,3921,4936,5263,4273,3578,3648,3889,3616,3322,3389,3281,3308,3163,-28.0389,-10.0064,8.95666,48.0793
82242,4675,8005,8637,4809,4124,4909,5049,4196,3493,3764,3783,3463,3345,3235,3387,3312,-32.4939,0.502519,8.88482,48.124
82243,3387,3380,3272,3085,3897,3864,3607,3350,5253,5847,4376,3611,7257,9102,5100,3802,22.487,-11.1454,8.7915,48.1267
82244,3343,3605,4343,5130,3382,3802,5221,8915,3371,3575,4864,7753,3236,3456,3907,4404,-2.17203,26.3456,8.91508,48.2047
82245,4089,4155,3540,3234,6012,5236,3881,3337,7786,6723,4059,3435,5154,4705,3865,3398,4.34366,-17.1551,8.99422,48.406
82246,5669,5222,3797,3330,7884,6800,4209,3449,5455,4951,3898,3392,3971,3819,3484,3113,-7.01259,-17.3236,8.62246,48.2953
82247,3134,3142,3404,3385,3208,3508,3930,4031,3360,3662,4852,6538,3432,3987,6495,11882,24.2644,25.375,8.60968,47.9667
82248,9709,8370,4485,3457,5798,5154,4177,3418,3846,3928,3498,3257,3335,3329,3230,3136,-25.4404,-17.2276,8.87266,48.0847
82249,5049,4274,3537,3342,8363,5166,3819,3286,7668,4928,3750,3383,4733,4058,3513,3154,-1.28057,-25.2175,8.53334,48.0153
82250,3526,4232,7441,9973,3496,3961,5402,6590,3326,3469,3923,4051,3037,3215,3329,3370,-21.156,19.097,8.98887,48.2273
82251,3311,4098,5898,10731,3368,3732,5215,7799,3300,3487,3972,4236,3058,3182,3454,3477,-19.3366,26.7611,8.79235,48.212
82252,3313,3370,3249,3230,3615,3771,3655,3509,4759,5148,4587,3770,5970,9764,6345,4146,28.3421,-6.26804,8.655,48.134
82253,3127,3452,3866,4220,3423,3760,4612,7018,3385,3870,5218,9471,3255,3575,4425,5407,4.03579,33.522,8.68922,48.056
82254,3149,3381,3862,4087,3307,3638,4684,6241,3323,3904,5624,9349,3435,3812,4557,5971,6.26423,24.3582,8.55257,48.216
82255,3945,4460,4637,3992,4241,6542,6895,4360,3938,5081,5350,4172,3577,3873,3939,3667,-4.23707,0.714132,8.6633,48.446
82256,12669,5896,3877,3421,5968,4659,3654,3395,3916,3790,3512,3197,3526,3396,3222,3076,-30.6993,-30.7771,8.68781,47.4493
82257,3060,3211,3429,3429,3282,3410,3729,3934,3442,3855,4866,5796,3358,4148,7047,11655,29.1346,22.4441,8.57399,47.7673
82258,3816,4066,3857,3531,4613,6181,4682,3677,4878,7705,5324,3735,4197,4759,4105,3500,3.10725,-6.01541,8.93953,48.4173
82259,3065,3260,3476,3393,3264,3509,3775,3877,3443,3926,4801,5801,3389,4157,7263,11388,29.0685,21.351,8.91935,47.858
82260,3868,3599,3278,3251,5319,4389,3644,3273,9981,5137,3792,3407,7183,5013,3638,3371,10.5382,-31.2477,8.69649,48.0953
82261,3381,3755,5159,7239,3442,3831,5624,9278,3333,3659,4319,5245,3150,3273,3687,3741,-11.024,23.5927,8.66363,48.0773
82262,3826,3708,3340,3177,5043,4546,3658,3280,8340,6354,4151,3352,6483,5516,3876,3440,10.6344,-18.7844,8.67493,48.06
82263,8437,6631,4217,3570,7195,5885,3961,3433,4383,4099,3605,3301,3502,3499,3242,3074,-16.9083,-18.7818,8.58047,48.0227
82264,3140,3240,3479,3459,3262,3565,4133,4094,3559,4276,6308,6050,3644,4636,8035,7334,18.5661,13.7088,8.84901,48.1427
82265,3581,3624,3324,3074,4740,4364,3747,3355,8119,6221,4002,3580,7161,6004,3945,3415,13.1336,-19.3643,8.77003,48.1707
82266,7868,5132,3772,3317,9231,5424,3835,3362,5027,4254,3573,3197,3784,3628,3444,3116,-12.3813,-25.5578,8.77232,47.976
82267,3425,4022,6035,12746,3325,3703,4645,6086,3351,3344,3707,3898,3235,3148,3434,3303,-27.8825,33.0995,8.79205,47.6047
82268,3484,3432,3297,3160,4035,3885,3489,3286,7408,4981,3798,3370,11251,5795,4045,3258,20.9755,-31.4393,8.68655,47.9827
82269,3290,3978,5211,5714,3427,4117,6764,7945,3355,3687,4741,5344,3256,3599,3776,3926,-7.785,17.5801,8.6176,48.0867
82270,4483,6293,5494,4175,4693,7160,6018,4173,3885,4441,4165,3517,3420,3536,3497,3346,-12.9794,-2.46736,8.53979,48.1973
82271,3401,3738,4960,6936,3338,3733,5383,9800,3184,3559,4421,5629,3179,3339,3663,3862,-9.45117,27.2826,8.68512,48.0833
82272,3090,3290,3462,3426,3296,3516,4013,4704,3396,3732,5207,8836,3310,3888,5442,9088,15.452,27.8002,8.74932,47.7973
82273,3702,4421,5434,4708,3630,5026,8166,5621,3494,4028,5081,4496,3357,3599,3880,3669,-7.89932,8.88915,8.77645,48.208
82274,3353,3354,3318,3164,4062,3749,3412,3301,6033,4789,3611,3337,12527,6206,3811,3431,33.4136,-25.9317,8.81636,47.6387
82275,6277,5901,4162,3494,7418,7169,4306,3505,4649,4516,3715,3361,3608,3572,3380,3204,-11.8746,-15.7258,8.81269,48.158
82276,3116,3237,3513,3432,3273,3701,4032,3890,3620,4217,5869,5951,3651,4514,8109,8262,21.0199,14.9162,8.50446,48.258
82277,11272,7309,4088,3435,6091,4900,3813,3389,3881,3802,3581,3141,3321,3382,3263,3066,-26.6161,-21.154,8.82139,47.8227
82278,4163,3896,3438,3276,6628,4664,3809,3246,9410,5496,3759,3366,5701,4491,3556,3306,4.97344,-24.9045,8.98964,48.1367
82279,3468,3937,5959,11970,3454,3685,4866,6706,3170,3389,3728,4053,3050,3225,3362,3450,-23.7976,28.8637,8.73819,47.648
82280,3266,3327,3295,3260,3502,3626,3617,3594,4026,4699,5126,4261,4438,7511,9170,5231,30.1347,2.61648,8.73539,47.966
82281,3222,3339,3380,3299,3518,3657,3780,3726,4070,4750,5118,4407,4496,7203,9019,5373,26.3934,3.05232,8.50935,48.238
82282,4559,4106,3524,3254,7250,5381,3734,3408,7941,5686,3872,3432,4877,4380,3634,3347,1.00719,-21.061,8.85159,48.2567
82283,10552,5646,3906,3320,7695,5151,3786,3384,4246,3915,3441,3287,3484,3439,3195,3122,-19.0345,-33.3841,8.6163,47.7127
82284,3377,3692,3996,3750,3656,4417,5928,4489,3759,5433,7851,5073,3592,4155,4828,4398,4.61123,6.16742,8.95677,48.2627
82285,5091,6167,4540,3661,5756,7826,4934,3665,4244,4709,4094,3473,3598,3695,3460,3242,-11.2304,-9.32296,8.74388,48.1033
82286,6476,9742,5949,3853,4672,5323,4532,3746,3707,3728,3619,3415,3363,3407,3332,3211,-27.7049,-7.82836,8.72235,48.05
82287,9288,5555,3770,3334,8818,5400,3874,3339,4663,4035,3494,3295,3567,3522,3239,3164,-15.6306,-25.8052,8.98535,48.238
82288,3358,4275,7939,10855,3363,3888,5190,5732,3200,3432,3747,3912,3109,3288,3424,3200,-27.878,19.1685,8.80147,47.9413
82289,3177,3386,3534,3635,3384,3756,4287,4269,3664,4781,7239,5473,3769,4975,7540,5740,15.221,9.26263,8.95422,48.406
82290,3261,3883,5227,8124,3322,3784,5340,9342,3232,3561,4103,4941,3027,3347,3557,3785,-13.1258,27.1081,8.95066,47.8907
82291,3436,3844,5837,12083,3311,3743,4917,6835,3236,3467,3846,4067,3142,3260,3346,3485,-23.0235,29.9754,8.97817,47.9033
82292,3636,4256,4946,4623,3664,5061,7847,5489,3521,4258,5692,4587,3400,3646,3990,3874,-5.08991,8.54599,8.7738,48.3267
82293,3132,3384,3437,3311,3299,3470,3865,3862,3585,4381,5292,5304,3560,4739,9446,7919,33.2554,12.6933,8.68503,47.9907
82294,3088,3162,3384,3376,3224,3465,3721,4076,3429,3824,4982,6462,3362,3943,6538,11783,24.0232,24.95,8.51076,47.8793
82295,3102,3356,4011,4177,3340,3745,4406,6842,3435,3828,5250,9406,3246,3530,4559,5811,4.81647,28.3682,8.53949,48.0293
82296,4628,4626,3773,3463,6453,6960,4320,3554,5539,5974,4122,3444,4141,4174,3722,3198,-2.92082,-13.9009,8.72359,48.0607
82297,5799,6373,4372,3619,6123,7833,4504,3639,4372,4602,3856,3398,3557,3581,3431,3144,-12.1163,-11.6472,8.92492,48.1353
82298,3440,3396,3187,3176,3947,3787,3492,3246,6255,4762,3829,3392,12458,5903,3860,3464,26.175,-31.4544,8.68567,47.7293
82299,3216,3378,3347,3156,3552,3688,3660,3413,4241,5099,5103,4143,5116,8760,7742,4632,25.7341,-1.37637,8.87379,48.164
82300,3398,3462,3261,3155,4067,3761,3394,3289,6153,4896,3897,3431,11003,7478,4192,3486,25.2488,-20.4705,8.83691,48.2153
82301,3180,3313,3189,3198,3480,3747,3804,3646,4250,5030,5311,4189,4669,7997,8423,4903,25.5557,0.709902,8.99872,48.2193
82302,3955,4741,5111,4275,4277,6476,7197,4643,3805,4639,4814,4084,3432,3636,3614,3440,-7.89799,1.66335,8.69346,48.0927
82303,3257,3409,3348,3345,3522,3745,3665,3471,4488,5182,4651,3820,5730,9582,6893,4157,29.3907,-4.89572,8.76031,48.1767
82304,3155,3304,3261,3348,3329,3569,3819,3698,3696,4392,5252,4757,3923,5893,10091,6310,29.4006,7.78128,8.90289,47.8647
82305,3205,3299,3333,3312,3593,3699,3705,3551,4099,5084,5056,4259,4759,8133,8500,4863,27.1309,0.59247,8.78249,48.3
82306,3503,3884,5961,12605,3407,3721,4746,5915,3267,3412,3776,3803,3080,3184,3408,3209,-29.581,32.777,8.96337,47.254
82307,3849,4204,4001,3601,4193,6095,5359,4047,4383,6628,5889,4035,3907,4317,4247,3685,1.71936,-1.95323,8.75113,48.2933
82308,3236,3224,3406,3352,3288,3575,3949,3956,3496,4009,5034,5499,3545,4386,8605,9298,33.8139,16.2487,8.93427,47.9053
82309,3508,3447,3248,3083,4028,3934,3427,3250,5986,5187,4083,3438,10381,7559,4338,3409,25.2417,-19.0237,8.63895,48.204
82310,7971,6580,4179,3439,7483,6060,4220,3446,4448,4251,3493,3332,3486,3478,3364,3126,-15.8525,-18.0568,8.69667,48.2373
82311,3267,3398,3401,3381,3656,3763,3935,3576,4341,5576,5750,4314,4540,7230,7267,4721,19.6106,0.538797,8.60517,48.0773
82312,3424,3459,3196,3152,3799,3654,3401,3202,6046,4884,3718,3422,12475,6476,3961,3442,29.9495,-25.6159,8.96263,47.8073
82313,3497,3614,3453,3243,4072,4507,3868,3469,5163,7563,5139,3749,5226,6916,4949,3804,13.5207,-7.4498,8.54699,48.1547
82314,3259,3507,3914,4321,3227,3754,4608,7216,3342,3776,5096,9482,3180,3561,4451,5279,3.29952,31.0702,8.91741,47.982
82315,6514,7049,4477,3555,6518,7046,4363,3642,4285,4285,3745,3265,3599,3549,3310,3087,-15.0558,-13.3461,8.59217,48.1927
82316,3663,4117,4058,3771,4096,5629,5752,4173,4203,5901,6352,4298,3761,4292,4303,3785,1.56821,0.666454,8.52702,48.1027
82317,3335,3540,4154,4012,3530,4131,5760,5388,3472,4290,7509,6529,3358,3959,4693,4790,3.87633,13.4484,8.99985,48.3
82318,3226,3273,3308,3255,3460,3693,3807,3786,3904,4517,5201,4508,4198,6443,9850,5878,29.1281,5.90352,8.87509,48.2047
82319,3479,3681,3566,3416,3856,4711,4780,3951,4356,7058,6843,4363,4108,5119,5117,4178,8.56246,-0.219152,8.72711,48.388
82320,3424,3844,5368,8928,3355,3800,5283,9082,3181,3490,4027,4626,3152,3262,3445,3714,-14.682,28.864,8.82618,47.9873
82321,3665,4947,9441,7741,3641,4100,5276,4940,3314,3604,3917,3803,3070,3306,3359,3379,-32.8511,12.16,8.66543,47.6687
82322,5061,8616,7854,4474,4247,4966,4918,4077,3595,3722,3770,3525,3224,3343,3332,3257,-28.8943,-1.23381,8.69907,47.9873
82323,3449,3797,4300,4291,3542,4362,6739,5798,3573,4312,6854,6002,3458,3687,4413,4292,0.20185,12.4491,8.93994,48.5793
82324,3257,3600,4947,6911,3323,3700,5218,9766,3332,3605,4406,5569,3038,3421,3670,3951,-9.62835,28.4194,8.68702,47.8093
82325,5642,9731,6739,4145,4502,5206,4488,4006,3570,3729,3655,3479,3219,3427,3306,3204,-28.875,-5.04615,8.90952,48.032
82326,3108,3365,3342,3279,3393,3763,3892,3604,3821,4863,5506,4609,4171,6618,9263,5518,23.4436,4.80646,8.85637,48.0767
82327,3217,3210,3459,3411,3379,3631,4120,4002,3619,4382,6489,5643,3713,4826,8256,6903,18.8106,11.6692,8.83914,48.1733
82328,3553,3642,3597,3321,4039,4793,4311,3537,4894,8034,5867,3893,4426,5745,4816,3868,9.61842,-4.26979,8.95495,48.224
82329,3091,3275,3627,3764,3310,3517,4351,5698,3296,3720,5557,9931,3339,3807,5063,6910,9.51872,24.8252,8.98281,48.1707
82330,3483,3355,3200,3079,4037,3835,3420,3302,6225,5073,3786,3414,10960,7185,4196,3517,24.1,-20.9069,8.66113,48.0447
82331,3792,3807,3390,3135,5498,4577,3730,3322,8946,6080,3945,3406,6328,5085,3817,3410,8.46312,-20.4877,8.66643,48.1787
82332,3388,3388,3131,3112,3847,3782,3490,3301,5938,4799,3792,3359,12642,6258,3974,3405,31.7667,-26.1338,8.73921,47.7373
82333,3145,3262,3439,3340,3218,3460,3961,4019,3324,3957,5103,6701,3447,4181,7008,10466,22.028,20.8981,8.82817,48.0207
82334,12558,6221,3981,3321,6060,4708,3845,3360,3790,3828,3454,3178,3356,3350,3225,3131,-29.2829,-26.3598,8.8298,47.5773
82335,5651,4511,3680,3186,9438,5249,3754,3305,6704,4646,3705,3456,4282,3919,3546,3275,-4.86858,-31.4627,8.50722,48.2047
82336,5268,6098,4493,3642,5999,8173,4991,3570,4264,4782,3961,3348,3627,3528,3355,3199,-10.903,-9.72126,8.85163,48.1987
82337,3822,3985,3588,3325,4800,5747,4136,3533,5826,7956,4756,3514,4626,5026,4098,3486,4.86367,-9.96168,8.8646,48.1493
82338,3475,3864,3968,3665,3875,4984,5739,4175,4059,5912,7105,4489,3800,4395,4619,4193,3.6774,3.01071,8.72263,48.2113
82339,3632,4903,9514,7985,3548,4257,5233,5319,3366,3564,3801,3807,3122,3278,3358,3408,-31.9908,12.6379,8.63014,48.0633
82340,3620,4442,7098,6811,3632,4317,6840,6684,3402,3634,4168,4307,3080,3252,3530,3512,-15.354,14.3142,8.84376,48.2193
82341,5056,4643,3866,3341,7519,6896,4234,3503,5623,5395,3962,3384,4021,3939,3620,3274,-4.61678,-16.3911,8.84729,48.184
82342,3164,3520,4026,4454,3391,3650,4855,7503,3443,3798,4915,8907,3228,3559,4376,5317,2.1256,31.1947,8.71601,48.0707
82343,3286,3334,3831,4074,3334,3726,4531,6507,3349,3838,5250,9739,3278,3664,4698,5822,5.65974,28.2913,8.78851,48.174
82344,4749,4226,3518,3184,8289,4939,3778,3283,8104,4948,3674,3363,4787,4153,3539,3351,-0.128636,-31.3854,8.75747,47.9233
82345,3353,3939,5190,6592,3236,3983,6484,8713,3369,3590,4553,5229,2983,3409,3713,3762,-10.1795,19.7266,8.79243,48.0653
82346,3315,3818,4573,4573,3470,4119,6482,6619,3402,4151,6142,6169,3309,3693,4186,4444,-1.08434,15.1245,8.56793,48.31
82347,5054,5106,4067,3482,6711,7636,4353,3707,5046,5254,4008,3546,3853,3909,3515,3287,-6.30107,-13.2204,8.66051,48.356
82348,3346,3884,5802,11055,3424,3864,5042,7164,3146,3447,3900,4178,3027,3313,3529,3436,-20.8555,28.6801,8.51437,47.7047
82349,4192,4748,4457,3719,4723,7337,5732,3988,4272,5575,4708,3772,3721,3963,3885,3582,-4.37983,-3.47791,8.609,48.2493
82350,12190,6803,4093,3445,5995,4805,3825,3383,3899,3618,3473,3280,3386,3354,3190,3253,-31.0726,-24.0006,8.75186,47.9947
82351,3364,3454,3308,3201,3667,3842,3538,3269,4839,5339,4332,3706,6567,9893,5654,3825,33.7567,-8.71012,8.94255,47.8653
82352,3597,3902,3800,3386,4143,5304,4618,3705,4759,7476,6053,4003,4083,4952,4494,3816,6.09883,-3.52828,8.55626,48.0607
82353,3397,3850,4834,5322,3425,4140,6733,7647,3422,3777,5244,5741,3162,3414,3981,4114,-4.96615,16.9976,8.57426,48.1353
82354,3319,3414,3244,3209,3985,3787,3488,3151,6310,4844,3757,3362,12424,6012,3890,3425,26.0376,-30.0403,8.69835,47.7473
82355,3160,3229,3480,3398,3353,3543,4045,4122,3633,4060,5914,6186,3599,4550,7784,8096,19.9373,15.2243,8.72546,48.1013
82356,3112,3302,3586,3681,3339,3646,4187,4842,3370,3909,5752,8606,3345,3984,5640,7977,13.6355,22.7857,8.54212,48.1853
82357,4826,6218,5056,4034,4817,7464,5811,3990,4036,4671,3966,3619,3474,3613,3510,3323,-11.7227,-4.41704,8.54634,48.2853
82358,3903,5813,9917,6255,3816,4463,5172,4692,3387,3634,3774,3677,3157,3350,3423,3373,-33.5767,7.65962,8.82512,47.8707
82359,9125,6601,4180,3444,7284,5374,3964,3392,4422,3931,3688,3282,3612,3391,3274,3137,-18.5208,-20.7477,8.52861,48.0673
82360,10540,7931,4331,3527,5832,5166,3954,3437,3779,3806,3521,3168,3514,3421,3193,3155,-26.8022,-18.9548,8.68993,48.1833
82361,5245,8855,7705,4570,4301,5059,4785,3960,3551,3729,3720,3417,3323,3327,3321,3201,-29.3904,-2.01162,8.83271,48.046
82362,3291,3831,5089,6913,3446,3890,5748,9503,3375,3562,4340,5405,3077,3404,3609,3826,-10.297,23.4841,8.91689,48.206
82363,3589,3650,3477,3241,4116,4729,3912,3656,5390,8360,5047,3718,4907,6139,4620,3774,10.9221,-7.90346,8.98418,48.2167
82364,2982,3215,3484,3391,3285,3510,3914,3833,3505,3881,5181,5771,3445,4369,8059,10136,26.1729,18.1093,8.8063,47.974
82365,3402,3548,3799,3624,3511,4163,4881,4124,3943,5474,8134,5058,3841,4552,5659,4643,8.94887,5.94692,8.65669,48.2373
82366,3047,3128,3418,3384,3183,3472,3915,4221,3354,3795,5048,7048,3322,4030,6386,10947,21.3328,23.5226,8.61486,47.7987
82367,6209,6462,4334,3557,6578,7223,4469,3480,4411,4411,3740,3415,3562,3675,3347,3164,-13.4692,-13.5567,8.62489,48.0247
82368,4650,7854,8936,5021,4100,4783,5028,4261,3544,3730,3847,3517,3232,3320,3423,3252,-27.9131,1.50245,8.79335,48.332
82369,10082,7803,4331,3529,6034,5147,4067,3462,3913,3822,3593,3114,3432,3493,3297,3087,-24.9499,-18.4243,8.6002,48.1373
82370,8689,5292,3758,3528,8927,5169,3823,3399,4840,4084,3570,3222,3569,3503,3216,3147,-14.3023,-28.1508,8.50652,47.824
82371,7022,6570,4351,3510,7074,6790,4252,3544,4305,4336,3643,3298,3570,3573,3345,3116,-14.6442,-15.9682,8.80228,48.1993
82372,5693,9775,6723,4105,4502,5310,4690,3916,3697,3812,3585,3475,3266,3368,3272,3235,-27.9046,-5.24895,8.94199,48.2827
82373,11531,7143,4095,3363,6082,4861,3824,3411,3962,3765,3548,3191,3395,3350,3270,3173,-28.0917,-21.6867,8.86092,47.976
82374,3329,3551,3683,3549,3641,4343,4794,4075,4129,6023,7968,4751,3884,4714,5298,4454,8.56763,3.89523,8.80544,48.124
82375,3102,3290,3390,3343,3347,3511,3795,3822,3467,4015,5124,5326,3579,4609,9058,8847,32.5479,14.6692,8.99263,47.75
82376,3952,3706,3447,3179,5616,4747,3760,3345,8642,6475,4129,3340,5906,4992,3762,3312,7.41454,-19.3156,8.92843,48.2067
82377,3414,3802,4959,6734,3383,3831,5593,9702,3315,3654,4433,5573,3105,3277,3765,3874,-9.25017,24.4175,8.63141,48.276
82378,3736,5127,9623,7333,3605,4261,5485,5060,3284,3653,3835,3838,3096,3155,3379,3324,-24.9179,11.0806,8.73319,47.8627
82379,3183,3528,4319,4535,3373,3697,5113,7346,3383,3715,5448,8335,3372,3650,4212,4915,1.81729,23.1637,8.54553,48.0827
82380,3655,3742,3538,3340,4320,5016,4084,3690,5321,8180,5325,3816,4679,5439,4583,3698,8.55284,-7.30568,8.586,48.284
82381,5310,4510,3627,3291,8472,5913,3837,3318,6582,4973,3835,3353,4210,4014,3531,3205,-3.61251,-21.2843,8.79838,47.9873
82382,8986,8825,4659,3632,5441,5168,4122,3432,3982,3894,3585,3195,3422,3527,3213,3130,-27.0577,-14.9596,8.55012,48.142
82383,3126,3278,3432,3376,3407,3581,3854,3753,3635,4381,5361,4917,3815,5665,9879,6619,32.4072,9.10829,8.93104,48.0527
82384,3899,5419,9625,6856,3728,4295,5430,5048,3363,3571,3834,3770,3052,3277,3471,3411,-26.1428,9.98398,8.5344,48.0327
82385,3369,3811,4809,4919,3531,4215,7011,7129,3476,3958,5547,5795,3220,3534,4021,4072,-4.04642,15.5996,8.93808,48.278
82386,3268,3669,4467,5691,3310,3763,5448,9439,3265,3598,4779,6691,3100,3563,3942,4320,-4.77202,25.3794,8.81524,48.2087
82387,5101,8998,7205,4292,4354,5294,4754,4061,3682,3800,3759,3476,3241,3314,3340,3257,-25.2681,-2.96591,8.58902,47.952
82388,9487,7978,4414,3461,5969,5427,4088,3403,4027,3939,3552,3168,3390,3392,3379,3061,-23.2998,-17.2066,8.63093,48.09
82389,3888,4319,3910,3608,4699,6725,5118,3876,4649,6698,5326,3797,4016,4330,4057,3641,0.051105,-4.78285,8.73815,48.438
82390,3604,4424,7408,7166,3496,4276,6585,6434,3309,3680,4222,4218,3104,3253,3426,3455,-16.9511,14.2276,8.71009,48.04
82391,3406,3531,3528,3369,3668,4158,4222,3823,4399,6457,6660,4365,4425,6044,5961,4237,13.4758,-0.0758641,8.88584,48.1687
82392,3058,3297,3379,3503,3259,3490,3842,3833,3314,3632,4784,6126,3337,3979,6584,12331,30.9818,24.8948,8.86262,47.832
82393,3531,4285,6313,6478,3469,4367,6993,7115,3332,3744,4316,4636,3125,3387,3650,3602,-13.1184,15.2086,8.89916,48.2287
82394,3276,3476,3739,3815,3251,3579,4285,5626,3436,3716,5088,9894,3251,3712,4819,6702,9.1894,32.6693,8.94985,47.7767
82395,3419,3647,3878,3620,3691,4666,5646,4279,4004,5773,7694,4756,3726,4462,4802,4166,5.10303,4.13708,8.84609,48.1527
82396,3292,3438,3181,3175,3782,3777,3604,3396,4762,5347,4469,3708,6827,9961,5632,3883,26.6223,-9.01527,8.93164,48.156
82397,3361,3599,4131,4170,3423,3950,5757,5756,3478,4111,6868,6721,3508,3803,4740,4909,3.14294,14.9491,8.50303,48.19
82398,10758,7713,4224,3595,5838,5034,3940,3336,3887,3838,3467,3342,3295,3442,3154,3024,-31.5767,-18.9166,8.83488,47.9247
82399,3355,3560,3738,3538,3618,4090,4900,4235,3677,5060,8350,5457,3807,4411,5685,4735,8.97561,7.97978,8.91356,48.144
82400,3268,3766,4677,6398,3400,3770,5239,10034,3264,3626,4402,5786,3190,3466,3794,3982,-7.89019,31.552,8.69798,48.0413
82401,10367,5773,3876,3353,7783,5118,3885,3401,4209,3920,3598,3336,3489,3510,3258,3177,-18.7006,-31.8904,8.61443,48.0353
82402,3337,3252,3134,3194,3751,3847,3643,3496,4749,5310,4510,3652,6468,9937,5871,3930,27.8587,-7.8359,8.7284,48.054
82403,3575,4689,9209,8452,3592,4075,5277,5294,3246,3473,3854,3831,3068,3193,3360,3315,-28.997,13.8548,8.53991,47.6687
82404,11136,6601,4054,3407,6862,5105,3837,3344,4077,3943,3536,3276,3474,3451,3184,2976,-21.8329,-23.0226,8.94372,48.1753
82405,3283,3981,5780,10091,3358,3830,5231,7915,3216,3538,3994,4412,3095,3264,3482,3357,-18.3085,25.8837,8.84721,47.8847
82406,3250,3757,4159,4082,3561,4071,6001,5698,3555,4333,6850,6560,3512,3887,4490,4615,2.39005,14.2821,8.55371,48.254
82407,3775,4655,4739,4064,4221,6432,7096,4503,3818,4868,5351,4017,3517,3716,3846,3564,-5.23374,1.75021,8.5083,48.1213
82408,3820,3698,3299,3093,4815,4562,3712,3283,7382,7018,4280,3476,6373,6054,4033,3545,11.4873,-16.0123,8.73917,48.2953
82409,3732,5098,7925,6055,3725,4588,6683,5405,3427,3794,4191,4050,3119,3329,3521,3464,-17.6784,9.74523,8.56881,48.0707
82410,3118,3179,3424,3375,3313,3529,3887,3832,3454,3946,4909,5729,3394,4234,7665,11053,30.2816,19.8639,8.73313,48.0273
82411,6025,4801,3799,3316,9647,5298,3811,3299,6229,4436,3581,3311,4107,3776,3308,3198,-6.87782,-25.7394,8.88063,47.9613
82412,3623,3518,3394,3140,4559,4184,3659,3318,7419,6431,4201,3468,7448,6220,4209,3490,14.5769,-17.2165,8.71358,48.1873
82413,6639,4864,3694,3296,9913,5392,3870,3282,5855,4287,3527,3375,3992,3857,3420,3076,-8.4755,-27.8799,8.92135,48.226
82414,3394,3942,6175,12077,3443,3799,4907,6484,3252,3522,3820,3977,3068,3272,3336,3433,-25.0747,27.088,8.62117,47.934
82415,3318,3702,4453,4522,3395,4017,6246,6885,3480,4029,5899,6578,3306,3641,4158,4460,-0.6006,16.7382,8.99349,48.0593
82416,3416,3450,3222,3075,4116,3932,3441,3131,6547,5517,3930,3452,9594,7312,4351,3528,21.0991,-18.5703,8.88537,48.0093
82417,8058,5267,3792,3376,9320,5365,3945,3416,4774,4245,3621,3335,3799,3549,3263,3114,-13.154,-32.4949,8.66002,48.1593
82418,3551,4671,8005,7470,3457,4280,6294,5898,3319,3669,4067,4148,3139,3291,3395,3515,-19.4128,13.5728,8.69493,48.1127
82419,3372,3323,3324,3189,4026,3836,3496,3198,6848,4799,3793,3320,12049,6009,3859,3411,23.1643,-30.1246,8.91295,47.9013
82420,3168,3501,3815,3921,3271,3718,4472,5926,3443,3902,5119,9934,3437,3643,4650,6268,7.44201,32.21,8.64124,48.1253
82421,3344,3786,4934,6189,3366,4062,6266,8754,3319,3690,4662,5644,3147,3329,3764,3955,-8.36382,20.337,8.69061,48.1407
82422,3026,3256,3439,3364,3139,3360,3786,4029,3281,3744,4713,6769,3436,3768,6017,12245,24.158,29.1766,8.94395,47.5813
82423,3128,3215,3385,3339,3177,3429,3737,3913,3321,3789,4893,5777,3414,4150,7164,11488,31.6347,21.4187,8.85818,47.546
82424,3135,3377,3846,4066,3329,3607,4479,6399,3353,3685,5129,9912,3219,3695,4559,5932,6.03115,29.2461,8.92733,47.8147
82425,3481,3415,3334,3170,3961,3824,3406,3188,6022,4801,3759,3340,12415,6170,3909,3308,33.695,-26.6875,8.67705,47.6687
82426,3208,3539,3956,4451,3272,3717,4744,7447,3303,3734,4987,9175,3298,3667,4280,5340,2.63352,30.3085,8.92474,48.0787
82427,3425,3931,5438,5693,3474,4222,7508,7399,3409,3764,4966,5104,3250,3402,3748,3809,-8.21705,15.2437,8.90067,48.3613
82428,3750,3760,3456,3173,4667,4887,3858,3526,6763,7756,4382,3525,5367,5461,4186,3515,8.82766,-13.2318,8.53759,48.0213
82429,3108,3325,3328,3415,3341,3654,3872,4009,3433,4060,5600,6113,3468,4313,7998,9329,22.3524,17.1843,8.96487,48.244
82430,5156,4612,3562,3228,8514,5841,3937,3345,6704,5084,3797,3381,4394,3940,3546,3261,-3.52073,-21.1887,8.73421,48.2013
82431,3180,3210,3322,3307,3420,3641,3929,3803,3854,4646,5651,4619,4073,6089,9475,5929,23.7823,6.17229,8.75672,48.0987
82432,3156,3394,3373,3410,3254,3422,3755,3827,3410,4030,5118,5607,3566,4508,8710,9636,32.6553,16.1704,8.94388,48.1173
82433,3470,3785,5475,8825,3407,3972,5477,8733,3336,3685,4131,4785,3090,3242,3556,3642,-14.8793,25.5316,8.60814,48.4073
82434,6998,7423,4489,3597,6391,6592,4370,3503,4178,4071,3599,3392,3401,3564,3280,3044,-16.6808,-14.0562,8.89906,47.928
82435,3134,3202,3549,3694,3152,3430,4100,4419,3469,3923,5240,7988,3472,3975,6029,9573,17.7362,24.1495,8.6159,48.2327
82436,3265,3458,3798,3996,3279,3525,4460,5914,3254,3856,5739,9529,3375,3782,4891,6093,7.18393,23.3293,8.86472,48.1427
82437,3967,5966,10104,6293,3687,4429,5221,4773,3300,3651,3727,3784,3188,3330,3314,3289,-30.5133,7.14454,8.90159,48.0153
82438,3070,3272,3453,3330,3216,3694,3925,3864,3512,4065,5630,5586,3619,4657,8735,8489,23.4575,14.357,8.90111,48.078
82439,3506,3498,3338,3061,4686,4114,3461,3225,8737,5440,3983,3477,8434,5597,3853,3399,14.7177,-23.5066,8.73708,47.8727
82440,3526,4378,7412,7645,3570,4219,6251,6488,3340,3591,4159,4258,3187,3259,3527,3464,-17.7129,15.4095,8.59239,48.1827
82441,3420,3401,3216,3061,4015,3762,3521,3149,5831,5082,3903,3349,11269,7266,4132,3518,32.8709,-20.4347,8.62681,47.93
82442,7241,5050,3729,3299,9884,5151,3786,3347,5428,4234,3577,3287,3760,3575,3337,3136,-10.4949,-29.4159,8.78425,47.8807
82443,3057,3160,3273,3382,3205,3655,3830,3835,3449,3978,5224,5997,3542,4400,7795,10308,24.9507,18.4703,8.925,48.06
82444,6554,4796,3703,3332,9560,5548,3952,3375,5773,4546,3648,3288,3958,3769,3381,3180,-8.35034,-24.5691,8.72303,48.242
82445,5861,8191,5471,3935,5099,6662,4877,3826,3722,4048,3789,3425,3378,3536,3392,3128,-18.5587,-7.48243,8.56997,48.2267
82446,3704,3595,3375,3108,4909,4181,3519,3309,9017,5627,3942,3375,7911,5301,3861,3416,13.0968,-23.0267,8.73525,48.1
82447,3430,3995,5227,5786,3460,4186,6995,7787,3231,3726,4847,5156,3150,3473,3749,3970,-8.15648,16.7224,8.99509,48.112
82448,3392,3936,6055,11594,3358,3875,4834,6951,3255,3474,3905,4010,3080,3206,3347,3381,-22.067,27.9296,8.65069,47.7687
82449,4228,5735,5589,4223,4364,6779,6772,4347,3769,4394,4369,3812,3436,3579,3648,3484,-11.1278,-0.376568,8.84117,48.352
82450,3397,4029,6503,10454,3401,3899,5181,7107,3157,3549,3918,4206,3003,3199,3467,3475,-20.6388,22.559,8.77854,47.9633
82451,3500,3516,3289,3188,4189,3974,3663,3249,7192,6041,4013,3481,8593,6694,4284,3439,17.3292,-18.7015,8.73653,48.2033
82452,3209,3433,3302,3084,3895,3905,3570,3410,4716,5282,4486,3786,6212,9855,6014,4014,30.7552,-7.31152,8.58062,48.1153
82453,3298,3528,4015,4281,3333,3997,5767,6104,3391,4140,6571,7215,3319,3825,4405,4854,2.95707,16.4719,8.61085,48.0287
82454,3485,3619,3736,3560,3726,4342,4816,4023,3921,5833,7685,4892,3935,4931,5563,4420,9.51298,3.65761,8.69336,48.3247
82455,3181,3226,3446,3412,3290,3397,3741,3851,3310,3699,4634,6025,3310,3903,6011,12447,32.6847,31.8629,8.67074,47.2553
82456,7439,5364,3866,3431,9132,5787,3881,3419,4964,4195,3577,3293,3775,3555,3317,3130,-11.8841,-22.6879,8.85497,48.0833
82457,3587,3951,4508,4079,3741,5014,7133,4887,3851,4855,6570,4678,3602,3908,4152,3985,-1.06242,6.24379,8.65638,48.334
82458,3521,4599,8742,9408,3501,4009,5173,5546,3344,3627,3929,3829,3092,3205,3298,3470,-29.4895,15.8996,8.73481,48.1953
82459,6771,4857,3686,3266,10015,5306,3743,3395,5576,4460,3584,3276,3967,3670,3405,3149,-8.87292,-28.4023,8.91275,48.084
82460,3419,3940,5039,5772,3461,4091,6751,8090,3302,3811,4783,5437,3250,3365,3839,3908,-7.85636,17.8179,8.91047,48.172
82461,7746,5226,3793,3308,9570,5501,3867,3392,5185,4271,3556,3289,3815,3562,3205,3150,-12.1424,-25.8956,8.79054,48.2907
82462,4709,6057,4915,4014,5005,7711,5701,3940,4021,4703,4228,3535,3501,3591,3447,3271,-11.4652,-5.18463,8.77195,48.2327
82463,3144,3187,3322,3370,3217,3534,3818,4001,3365,3776,4827,6288,3357,3949,6617,12303,26.7999,24.466,8.88571,48.05
82464,3348,3412,3281,3213,3763,3868,3641,3435,5386,5955,4466,3662,6796,9118,5245,3727,21.9621,-10.5349,8.77374,48.2107
82465,9863,7806,4299,3531,6104,5395,4012,3592,3959,3756,3444,3226,3381,3449,3264,3032,-22.6181,-18.252,8.72529,48.0753
82466,4089,4394,4023,3619,4888,7040,5026,3857,4759,6923,4817,3621,3965,4377,3737,3447,-0.840153,-6.54037,8.99679,48.388
82467,3050,3363,3551,3516,3259,3555,3965,4474,3336,3828,5293,8495,3390,3922,5465,9430,16.4256,27.3468,8.51341,47.928
82468,3133,3103,3375,3471,3178,3461,3771,3933,3459,3918,5069,5589,3464,4287,7894,10622,32.9663,18.6002,8.91583,47.818
82469,3655,3937,3506,3419,4169,5435,4546,3621,4746,7507,5923,4006,4101,4879,4557,3809,5.80814,-3.7765,8.93697,47.8773
82470,3645,4472,7429,8006,3568,4161,6236,6304,3272,3656,4073,4104,3006,3242,3466,3495,-18.5289,15.416,8.64613,48.09
82471,3432,4000,5428,6571,3535,4101,6723,8326,3283,3643,4489,4883,3197,3445,3648,3738,-10.698,18.4658,8.89546,48.2947
82472,3395,4071,5877,12544,3454,3663,4595,6176,3298,3463,3673,3913,3108,3307,3455,3407,-32.7118,29.1959,8.6098,47.5993
82473,3186,3429,3735,3928,3392,3691,4395,5866,3406,3824,5199,9931,3255,3598,4691,6566,7.88804,30.1724,8.64218,48.0613
82474,3393,3742,4357,4229,3598,4373,6974,5435,3520,4411,6891,5462,3461,3775,4384,4301,-0.00379325,10.5739,8.63609,48.204
82475,3737,3585,3303,3156,4922,4239,3584,3269,8909,5902,3942,3355,7616,5521,3996,3371,12.7145,-22.0393,8.53575,48.2713
82476,3280,3675,4238,4856,3375,3832,4987,8274,3274,3724,4953,7961,3177,3582,4097,4716,-0.759391,30.6958,8.61415,48.0007
82477,10120,8275,4333,3522,5706,5110,4027,3417,3936,3855,3373,3132,3432,3409,3175,3147,-29.0938,-17.5539,8.72994,47.9793
82478,3759,3651,3350,3106,5243,4216,3656,3268,9659,5149,3822,3424,7545,5102,3876,3313,11.6257,-32.1083,8.60144,48.0927
82479,3350,3466,3989,4289,3359,3732,4717,7289,3340,3778,5006,9166,3285,3665,4402,5256,2.89781,31.511,8.65097,48.0593
82480,3137,3275,3461,3334,3383,3612,3934,3937,3476,4137,5222,5076,3644,4899,9387,8237,31.2088,12.8026,8.68961,48.1007
82481,3699,4629,5868,4791,3797,5315,8128,5190,3573,4087,4781,4189,3269,3560,3685,3558,-10.1918,7.03739,8.78084,48.0793
82482,3483,3355,3163,2994,4190,3856,3503,3182,6984,5343,3955,3358,10351,6534,4088,3418,20.6275,-21.7254,8.83364,47.838
82483,3854,3766,3504,3199,5710,4536,3711,3276,9600,5692,3904,3373,6358,4716,3749,3252,8.4241,-24.617,8.90329,48.1333
82484,3535,3791,4195,3985,3730,4895,6592,4958,3789,4808,7215,5142,3484,3967,4506,4172,1.16087,7.51409,8.8039,48.5093
82485,4523,5661,4700,3956,4937,7873,5805,3970,3988,4769,4386,3682,3485,3726,3629,3295,-9.37734,-4.55066,8.5378,48.2567
82486,3318,3476,3312,3083,3771,3835,3710,3385,4810,5351,4374,3690,6478,10241,5723,3896,29.3512,-8.39906,8.84092,48.302
82487,3383,3853,5559,8872,3366,3912,5222,8898,3254,3592,4052,4647,3054,3222,3562,3582,-15.309,26.309,8.71791,48.02
82488,3365,3589,3551,3484,3569,4142,4721,4099,3983,5764,7935,4949,3891,5049,5938,4660,11.0286,4.8161,8.92177,48.4593
82489,3518,3947,4024,3597,3903,5166,5428,4094,4239,6492,6878,4329,3903,4571,4562,3889,4.05296,1.12265,8.72127,48.36
82490,3479,4084,6457,10530,3297,3803,5168,7000,3176,3538,3879,3975,3117,3263,3451,3503,-20.9405,21.6024,8.85266,47.8133
82491,3740,3732,3597,3325,4202,5057,4149,3532,5333,8174,5251,3820,4702,5594,4467,3809,8.58866,-6.90652,8.78247,48.3227
82492,11794,5817,3925,3383,6897,4862,3769,3325,4018,3867,3464,3293,3523,3287,3211,3236,-22.7777,-31.3582,8.5374,47.7807
82493,12197,6361,4068,3350,6372,4790,3823,3425,4023,3866,3504,3196,3452,3371,3220,3117,-26.1098,-25.6314,8.66497,48.09
82494,3653,4201,6109,6950,3616,4078,6742,7301,3382,3736,4468,4595,3120,3375,3620,3610,-13.5932,16.4854,8.60177,48.3707
82495,3392,3433,3247,3017,3869,3848,3574,3233,5498,5213,3944,3605,9486,8490,4630,3415,29.65,-16.5307,8.8021,47.9293
82496,3307,3681,4406,4713,3518,4086,6183,6752,3456,4006,6012,6421,3283,3578,4190,4416,-0.994316,16.3248,8.84985,48.0053
82497,3070,3214,3377,3534,3223,3588,3851,4179,3385,3880,5076,7328,3387,4043,6224,10757,20.3666,24.4954,8.57436,48.0773
82498,4604,7557,8952,5092,4087,4737,5019,4258,3575,3742,3736,3602,3236,3341,3284,3281,-29.989,1.89907,8.80753,48.0687
82499,3342,3845,5083,5596,3449,4194,6782,8326,3375,3777,4915,5499,3211,3519,3789,3981,-7.03831,18.0561,8.97759,48.4553
82500,4297,4373,3883,3399,5495,7199,4492,3615,5265,6656,4496,3615,4128,4178,3763,3390,-0.911045,-10.2909,8.91919,48.1627
82501,3598,4278,4734,4183,3840,5429,7908,4883,3633,4570,5785,4356,3372,3829,3940,3720,-4.81317,5.8435,8.63502,48.0387
82502,5125,6027,4459,3659,5766,8245,4868,3688,4480,4798,3949,3413,3755,3689,3527,3275,-10.0056,-9.56127,8.94826,48.482
82503,3796,5504,9780,6870,3750,4335,5339,4974,3365,3635,3882,3808,3115,3246,3372,3257,-27.9545,9.62474,8.5278,48.0187
82504,3137,3287,3471,3419,3230,3750,3978,3969,3650,4284,6343,5846,3728,4825,8175,7132,18.9738,12.813,8.74794,48.1493
82505,3409,3885,5839,12411,3386,3755,4711,5880,3247,3365,3729,3826,3210,3312,3467,3412,-32.9326,33.1324,8.80184,47.2293
82506,3274,3434,3977,4214,3258,3682,4656,6961,3306,3719,5129,9324,3219,3737,4410,5452,4.14452,33.0311,8.66791,47.8347
82507,11848,6149,4003,3417,6910,4806,3744,3310,4089,3716,3411,3115,3437,3394,3336,3093,-22.7107,-27.0283,8.8514,47.852
82508,3511,3426,3329,3160,4040,3897,3549,3319,5531,4875,4020,3434,9784,8413,4350,3532,31.8436,-16.8904,8.72105,48.1133
82509,3202,3267,3581,3515,3362,3710,4197,4366,3476,4094,6470,7102,3616,4193,6651,7700,15.5959,17.2521,8.83746,48.3347
82510,5588,7387,5192,3809,5293,7127,5004,3813,3938,4274,3766,3474,3430,3415,3386,3229,-15.9644,-7.50015,8.67433,48.0833
82511,3597,3910,3784,3601,4043,5430,4846,3973,4672,7459,6091,4042,4101,4700,4434,3871,4.65378,-2.50163,8.76106,48.3693
82512,3313,3423,3192,3180,3971,3819,3533,3103,6546,5032,3797,3458,12083,6009,3885,3364,23.1964,-33.8959,8.88897,47.8053
82513,3779,4234,4062,3811,4152,6112,5860,4046,4170,6172,5823,4099,3784,4208,4056,3750,0.0504446,-0.76367,8.92671,48.0787
82514,3251,3366,3282,3196,3626,3709,3804,3592,4239,5083,4979,4255,4796,8614,7928,4471,33.748,-0.622781,8.82873,48.1273
82515,3679,5038,9373,7641,3660,4328,5770,5200,3330,3619,3883,3838,3154,3215,3431,3287,-22.9997,11.9299,8.82308,48.2973
82516,5098,4409,3601,3245,8357,5768,3933,3297,6948,5223,3891,3390,4435,4104,3533,3224,-2.49504,-21.255,8.7583,48.304
82517,3777,5326,9272,6970,3616,4485,5792,5104,3282,3470,3983,3771,3188,3309,3368,3371,-22.9234,10.0594,8.91338,48.056
82518,3440,3989,6010,11481,3408,3886,4841,7096,3194,3384,3850,3987,3112,3143,3499,3414,-21.209,26.9417,8.99803,47.8227
82519,3502,4569,8378,8830,3506,4125,5592,5964,3159,3501,3950,3904,3238,3271,3450,3305,-22.9242,15.7079,8.93307,48.1627
82520,3348,3599,4450,5398,3367,3721,5199,9281,3364,3601,4745,7035,3208,3391,3943,4344,-3.57247,30.893,8.79565,47.996
82521,3465,3810,4962,6905,3334,3876,5232,9867,3250,3510,4194,5481,3277,3448,3797,3903,-9.82903,28.493,8.76919,48.2073
82522,3652,3769,3612,3328,4342,5050,4144,3464,5209,8064,5488,3870,4659,5452,4544,3755,8.20634,-6.70688,8.66731,48.268
82523,4028,4419,4169,3711,4750,7213,5395,3851,4315,6202,5058,3707,3803,3997,3928,3472,-2.35972,-4.81234,8.95436,48.012
82524,4033,3736,3381,3181,5955,4574,3654,3278,9784,5531,3794,3408,6311,4721,3659,3270,7.92343,-26.0754,8.87999,48.18
82525,3307,3376,3286,3111,3876,3803,3553,3375,5432,5390,4124,3530,8937,9010,4599,3663,26.3182,-14.6119,8.81312,48.248
82526,8258,6004,3972,3510,7969,5902,3931,3342,4565,4187,3550,3226,3514,3579,3330,3152,-15.3196,-20.636,8.72792,47.994
82527,3199,3245,3553,3401,3233,3572,3999,4561,3407,3838,5080,8767,3386,3818,5461,9230,15.4759,30.2821,8.77227,47.8333
82528,3320,3966,5528,7282,3364,3992,6045,8693,3232,3605,4262,4983,3090,3352,3647,3769,-12.285,21.1812,8.68642,48.0867
82529,3541,3748,3910,3650,3870,5044,5425,4062,4198,6268,7037,4479,3900,4465,4776,4060,4.56043,1.38995,8.95773,48.2887
82530,3205,3475,3860,4357,3347,3547,4841,7200,3373,3942,5116,9302,3371,3662,4259,5213,2.86397,28.3289,8.56548,48.0467
82531,3524,4076,5643,6127,3529,4162,6863,7642,3356,3671,4615,4880,3159,3446,3755,3711,-10.4983,16.5112,8.69108,48.106
82532,3094,3173,3363,3376,3248,3430,3826,3932,3392,3800,4872,6186,3280,4024,6257,12373,27.4021,26.3857,8.7286,47.7507
82533,3351,3756,5136,7996,3316,3888,5235,9439,3341,3440,4166,5127,3174,3265,3598,3690,-12.466,27.4965,8.98056,47.9453
82534,4884,4593,3803,3332,7637,6605,4045,3404,5973,5492,3981,3426,4235,4074,3561,3232,-3.43678,-17.1673,8.99201,48.1847
82535,3576,4515,8607,9155,3504,3964,5246,5469,3324,3566,3873,3934,3192,3267,3445,3312,-31.923,15.921,8.61183,47.966
82536,3155,3244,3366,3289,3447,3644,3704,3886,3688,4341,5152,4894,3813,5472,9965,6952,32.002,9.60417,8.82547,48.008
82537,4195,6756,9172,5403,3911,4885,5597,4618,3509,3722,3841,3680,3261,3365,3300,3300,-23.328,4.54117,8.78318,48.3433
82538,4188,5760,7028,4892,4063,5686,6848,4660,3621,3950,4190,3714,3320,3503,3530,3319,-15.7186,3.49553,8.55062,48.1813
82539,3280,3459,3415,3349,3511,3807,3987,3871,3889,4917,6592,4909,4119,5629,8459,5593,18.9849,6.75653,8.61227,48.524
82540,3313,3696,4855,7336,3398,3743,5421,9893,3324,3653,4390,5522,3182,3356,3675,3794,-10.3845,27.7329,8.86489,48.3673
82541,5078,4459,3658,3324,8253,5800,3958,3435,6794,5148,3828,3295,4409,3911,3556,3196,-2.67801,-21.1202,8.86934,48.068
82542,4791,5026,4046,3545,6176,8038,4497,3606,4856,5426,4162,3468,3920,4070,3561,3435,-5.93897,-11.3436,8.85068,48.4153
82543,4722,5809,4758,3751,5136,7817,5417,3840,4192,4934,4272,3697,3542,3699,3573,3340,-9.95907,-6.45697,8.58944,48.3327
82544,12026,6847,4037,3459,6278,4815,3887,3398,3882,3708,3381,3179,3354,3410,3154,3063,-26.7466,-24.0902,8.85833,47.9187
82545,7176,4903,3892,3421,9617,5511,3942,3345,5417,4322,3651,3303,3871,3601,3352,3080,-10.219,-25.3684,8.58304,48.2693
82546,4106,3821,3485,3222,6648,4731,3608,3251,9301,5662,3810,3354,5630,4499,3615,3327,5.26589,-24.6641,8.64473,48.0467
82547,3322,3906,6034,12682,3412,3810,4619,5929,3245,3391,3897,3989,3311,3195,3397,3444,-30.4185,28.4333,8.94946,47.722
82548,4160,3785,3463,3115,6114,4747,3613,3320,9190,5676,3876,3418,5855,4656,3803,3366,6.22134,-23.0413,8.5787,48.1047
82549,3241,3280,3410,3477,3199,3436,3869,3903,3357,3775,4777,6010,3423,4029,6472,12299,30.7518,25.101,8.70948,47.9713
82550,4615,7962,8573,4986,4185,4862,4882,4188,3498,3788,3727,3473,3258,3299,3348,3323,-30.1326,0.850531,8.73832,47.978
82551,3445,3375,3272,3199,4023,3811,3437,3291,5976,4988,3781,3293,11835,6613,3880,3323,33.5141,-23.8463,8.59863,47.6947
82552,4196,6663,8748,5246,3904,5118,5851,4534,3461,3773,3790,3700,3142,3369,3473,3119,-21.4815,3.89516,8.97545,48.058
82553,3393,3997,5940,11026,3302,3792,4959,7541,3175,3549,3852,4230,3067,3372,3377,3486,-20.4845,27.7842,8.85381,48.0387
82554,3270,3684,4691,5699,3355,3905,5990,8896,3430,3755,4954,6204,3147,3487,3884,4101,-5.22013,21.2401,8.75498,48.3013
82555,3312,3327,3288,3233,3664,3921,3527,3397,4906,5748,4473,3745,6320,9596,5728,4078,23.5624,-8.34349,8.84263,48.1753
82556,3240,3380,3519,3550,3326,3789,4387,4485,3544,4324,7105,6641,3492,4497,6598,6268,13.4999,13.7492,8.52319,48.0967
82557,3416,3330,3151,3068,3958,3707,3490,3328,5935,4883,3822,3378,12600,6452,3953,3453,29.092,-25.7552,8.61597,47.9493
82558,5142,8956,7432,4528,4268,5063,4747,4078,3582,3826,3628,3493,3233,3313,3277,3229,-30.3901,-2.57455,8.75251,47.8633
82559,4127,4861,4389,3704,4871,7610,5564,3876,4442,5837,4568,3690,3725,3968,3656,3470,-4.4312,-5.01267,8.97338,48.2387
82560,3218,3374,4002,4307,3232,3630,4652,6989,3301,3800,5023,9612,3260,3610,4467,5499,3.94889,30.0011,8.9634,47.984
82561,3761,3603,3412,3166,4866,4445,3707,3349,8233,6430,4110,3436,6678,5669,4134,3366,11.4993,-18.4653,8.90127,48.2433
82562,3662,4284,5150,4241,3647,5320,8139,5363,3615,4296,5373,4296,3395,3739,3743,3818,-6.71546,7.0737,8.83979,48.054
82563,4192,6560,9582,5705,3825,4628,5249,4452,3499,3654,3765,3733,3161,3384,3395,3258,-26.4263,4.99775,8.6416,48.028
82564,3125,3273,3425,3292,3390,3622,3827,3751,3571,4345,5335,5050,3706,5171,9832,7517,32.1812,10.8451,8.88841,48.1547
82565,3983,4602,4426,3798,4555,7242,6048,4060,4132,5517,4994,3960,3603,3905,3872,3623,-4.22231,-2.34193,8.9683,48.2133
82566,3139,3261,3485,3266,3255,3604,3712,3736,3574,4187,5238,5175,3719,5070,9652,7921,31.3629,12.2577,8.97064,47.996
82567,3501,3468,3200,3076,4116,3844,3466,3228,7059,4945,3783,3378,11370,6015,3955,3425,22.3719,-27.1759,8.64714,47.886
82568,3335,3573,4319,4834,3388,3740,5020,8556,3257,3749,4871,7854,3274,3542,4177,4579,-0.948615,32.3797,8.54915,48.0453
82569,4413,6829,7985,4967,4041,5341,5993,4449,3530,3861,3925,3753,3127,3343,3332,3337,-19.5604,2.32755,8.70227,48.1507
82570,3439,3436,3310,3154,4226,3843,3457,3202,7616,4930,3719,3353,10933,5788,3859,3362,19.6593,-29.3865,8.72813,47.7513
82571,3321,3423,3241,3147,3845,3967,3749,3390,5223,6384,4512,3736,6438,8797,5274,3807,20.3673,-9.66644,8.69683,48.1693
82572,4447,5058,4206,3649,5436,7937,5176,3796,4545,5492,4524,3574,3894,3915,3704,3307,-5.60546,-7.78845,8.59364,48.44
82573,5789,9732,6686,4217,4491,5375,4589,3818,3610,3835,3669,3400,3239,3411,3323,3123,-27.5998,-5.41747,8.9637,48.2047
82574,4683,4712,3869,3383,6503,7161,4367,3485,5508,6035,4134,3553,4077,4176,3662,3276,-2.84779,-13.7791,8.94449,48.3893
82575,9418,6728,4221,3381,7115,5596,3945,3500,4154,4156,3517,3304,3444,3422,3239,3076,-19.1269,-20.0058,8.62725,48.144
82576,3318,3262,3368,3310,3528,3772,3866,3632,4172,5453,5659,4285,4472,7448,7932,4754,20.9619,0.795764,8.87354,48.154
82577,3066,3269,3486,3391,3340,3480,3990,4058,3527,4227,5861,6166,3597,4489,8005,8245,20.5869,15.8539,8.53904,48.1313
82578,3390,4124,6364,9625,3353,4020,5477,7441,3361,3529,3961,4236,3097,3199,3419,3473,-18.4096,21.9028,8.58448,48.046
82579,3451,3496,3443,3280,3971,4357,4056,3540,4623,7322,5755,4051,4745,6604,5647,4108,14.0274,-3.56205,8.85375,48.2993
82580,3151,3337,3726,3707,3382,3732,4602,4839,3476,4271,7146,7271,3520,4119,5766,5847,10.1454,15.1188,8.68733,47.928
82581,3798,4322,4337,3760,4236,6344,6164,4102,4036,5756,5766,4138,3672,3970,4030,3615,-1.39536,-0.542743,8.75851,48.0307
82582,3513,3496,3361,3130,4273,3874,3500,3238,7946,5121,3849,3546,9883,5977,3915,3416,17.6816,-24.5936,8.62339,48.0253
82583,3150,3190,3370,3355,3168,3476,3816,3952,3484,3757,4876,6029,3349,4189,7366,11521,27.5021,21.2027,8.98129,48.032
82584,12586,5970,3976,3384,6144,4831,3740,3274,3745,3876,3420,3145,3252,3353,3159,3120,-26.9898,-32.7561,8.7126,47.3167
82585,3479,4114,7308,11477,3361,3888,4924,6225,3158,3512,3838,3987,3103,3183,3428,3276,-25.4642,21.7339,8.90413,48.174
82586,3621,3461,3276,3111,4431,4082,3565,3179,7815,5944,3910,3444,8475,6226,4100,3353,16.144,-20.5845,8.63269,47.9953
82587,3122,3414,3536,3412,3535,3788,4353,4178,3687,4663,7320,5846,3727,4753,6984,5869,14.3947,10.4946,8.5184,48.1247
82588,11210,5732,3852,3413,7419,5026,3777,3356,4104,3861,3713,3229,3313,3434,3203,3138,-20.2397,-31.3721,8.8807,47.8533
82589,3277,3949,6479,12466,3348,3868,4853,5969,3230,3376,3753,3931,3139,3191,3319,3380,-31.6243,25.2906,8.82868,47.6853
82590,3300,3417,3343,3145,3765,3969,3641,3330,4956,6221,4776,3804,5975,8962,5645,3926,20.2772,-7.34658,8.73999,48.1167
82591,4635,4242,3675,3332,7084,5676,3936,3385,7499,5771,3924,3391,4807,4291,3672,3192,0.599542,-19.2698,8.51579,48.3413
82592,3238,3596,4160,4861,3310,3515,4999,8339,3329,3797,4986,8404,3275,3581,4193,4840,0.0726447,29.7688,8.95952,48.282
82593,3268,3751,4493,4612,3486,4142,6333,6626,3482,3990,6117,6367,3237,3570,4285,4320,-0.778125,15.8919,8.52409,48.0527
82594,3509,3888,4571,4451,3628,4553,7317,6096,3523,4308,6118,5335,3358,3582,4133,4091,-2.97556,11.8258,8.71629,48.3073
82595,3299,3370,3258,3131,3781,3771,3479,3335,4975,5270,4193,3665,7622,9871,5235,3807,29.5014,-11.674,8.90563,48.0413
82596,3166,3439,3558,3709,3206,3547,4219,5068,3433,3772,5280,9695,3400,3762,4969,7519,11.5278,33.0077,8.87256,47.828
82597,4858,7666,6918,4382,4436,6096,5534,4125,3714,3912,3854,3623,3273,3349,3353,3341,-19.1927,-1.90581,8.71677,48.2893
82598,3105,3180,3516,3400,3238,3578,3874,4398,3310,3797,5428,7950,3351,3955,6015,10077,17.9002,23.7728,8.83818,48.1147
82599,7862,6872,4129,3473,7180,6417,4053,3494,4376,4195,3546,3245,3471,3421,3341,3207,-15.9859,-16.9783,8.96588,48.188
82600,3378,3935,6482,11995,3360,3814,4870,6051,3388,3462,3754,3956,3126,3214,3366,3411,-32.9816,24.344,8.75343,47.708
82601,8732,5248,3905,3330,9078,5172,3863,3383,4688,4036,3638,3240,3604,3518,3382,3141,-14.3121,-32.4955,8.79487,47.972
82602,3498,4257,5625,5068,3729,4714,8267,6199,3454,3952,4995,4519,3258,3467,3737,3750,-9.58979,11.1412,8.82387,48.326
82603,10202,5589,3935,3398,8018,5128,3843,3343,4355,3964,3366,3213,3491,3446,3195,3177,-18.0071,-26.9259,8.78898,47.7753
82604,3197,3716,4630,5483,3363,4065,6040,8666,3346,3670,4959,6164,3169,3528,3932,4144,-4.8573,20.7232,8.67754,48.048
82605,3429,3514,3361,3210,3983,4162,3971,3512,5202,7382,5028,3885,5329,7201,5160,4012,15.1791,-6.7057,8.65045,48.2273
82606,3325,3863,5772,8384,3398,4007,5719,8709,3261,3529,4163,4707,3098,3289,3506,3693,-14.6105,22.8303,8.96846,48.282
82607,3437,3338,3311,3078,4045,3867,3575,3136,6490,5019,3771,3432,11169,6901,4041,3433,22.932,-22.1613,8.84598,48.0287
82608,5268,7488,5425,3942,4894,7251,5311,3918,3882,4268,3877,3538,3495,3486,3349,3303,-15.8291,-5.88877,8.79629,48.4633
82609,3633,3537,3279,3145,4791,4344,3489,3276,8528,5945,4045,3385,7666,5671,3917,3330,13.5882,-20.9259,8.78907,47.9873
82610,4996,8056,6421,4188,4452,6203,5280,3943,3718,3983,3851,3579,3384,3394,3323,3316,-19.0659,-3.36453,8.93125,48.058
82611,8332,5339,3849,3391,9151,5506,3811,3368,4868,4114,3572,3286,3724,3520,3339,2999,-13.555,-25.9589,8.62116,48.1127
82612,8140,7021,4298,3493,7165,6103,4078,3469,4304,4070,3661,3238,3526,3487,3266,3117,-17.0947,-17.5582,8.68112,48.2907
82613,12497,5949,3810,3436,5993,4792,3647,3329,3996,3813,3506,3187,3398,3407,3324,3090,-33.6485,-29.3993,8.56077,47.4493
82614,3351,3611,3864,3801,3503,3919,5380,4954,3700,4462,7713,6506,3456,3957,5261,4922,6.25241,12.1508,8.73454,48.24
82615,3585,4166,5018,4622,3535,4864,8042,5704,3419,4188,5745,4788,3317,3609,3863,3831,-5.04524,9.71859,8.97995,48.1973
82616,3485,3394,3282,3141,3798,3859,3550,3331,5212,5211,4147,3552,8467,9202,4794,3584,32.6005,-13.9944,8.79047,48.006
82617,10277,8162,4292,3458,5721,4959,3982,3509,3861,3696,3503,3272,3303,3447,3241,3196,-28.1219,-17.8253,8.78968,47.9193
82618,11138,5855,3949,3381,7382,4977,3750,3380,4227,3864,3516,3225,3426,3395,3215,3078,-20.8543,-29.9653,8.53801,47.8387
82619,3259,3780,5065,6246,3272,3925,6189,8998,3351,3698,4562,5414,3177,3426,3769,3946,-8.45691,21.0653,8.91917,48.0513
82620,4727,4817,3890,3483,6234,7484,4458,3615,5250,5891,4092,3552,4024,3980,3635,3370,-3.98237,-12.5632,8.77754,48.3347
82621,3686,3643,3319,3068,5224,4251,3553,3256,9463,5383,3836,3339,7684,5147,3766,3258,11.7379,-25.8977,8.58241,47.9173
82622,3224,3281,3317,3378,3290,3590,3778,3991,3444,3975,5069,5402,3485,4444,8655,9466,31.567,16.465,8.93022,47.8593
82623,3277,3893,6140,12569,3388,3783,4719,6162,3324,3372,3791,3973,3143,3218,3390,3495,-32.2092,28.1954,8.53142,47.758
82624,3284,3574,3886,4054,3284,3746,5008,5464,3447,4110,7015,7872,3398,3966,5064,5441,6.90174,17.1505,8.88154,48.4087
82625,9442,7971,4353,3571,6010,5326,4037,3414,3991,3856,3694,3249,3465,3359,3279,3156,-23.5753,-17.2298,8.5511,48.1153
82626,3168,3380,3790,3789,3263,3577,4197,5162,3405,3906,5420,9534,3337,3861,5075,7400,10.9884,24.6796,8.75389,48.176
82627,3431,3434,3328,3267,3714,3973,3686,3439,4920,6140,4780,3844,5807,8625,5663,4020,19.9648,-7.39007,8.59448,48.0473
82628,3142,3244,3394,3379,3292,3465,3722,3920,3484,3907,5171,5477,3513,4457,8479,9293,32.8394,16.1453,8.79795,47.5593
82629,3410,3880,5693,10715,3358,3792,5060,7712,3316,3533,3997,4105,3072,3250,3380,3433,-19.3321,30.5831,8.51738,47.804
82630,3835,4801,7813,6292,3679,4543,6951,5657,3498,3753,4156,4001,3102,3376,3562,3458,-16.4885,10.7691,8.80615,48.318
82631,3556,4015,6090,7085,3352,3997,6584,7607,3327,3643,4310,4546,3184,3331,3644,3582,-13.2343,17.5804,8.7212,47.902
82632,3160,3441,3350,3272,3412,3580,3841,3830,3693,4421,5248,4680,3664,5764,9698,6577,29.7455,8.3073,8.54027,47.754
82633,3698,5077,9653,7889,3601,4156,5259,5080,3274,3515,3869,3764,3024,3236,3326,3480,-27.3351,12.1329,8.92696,47.934
82634,4201,4202,3792,3454,5617,6901,4484,3612,5501,6816,4353,3594,4222,4405,3753,3339,-0.204601,-11.0237,8.87961,48.164
82635,9835,8413,4493,3482,5629,5191,3943,3449,3981,3883,3495,3187,3475,3269,3199,3104,-29.9884,-16.9362,8.62656,48.0187
82636,3417,3416,3349,3245,3836,3904,3701,3430,5028,5245,4437,3783,6671,9630,5645,3740,33.722,-9.32837,8.53839,48.318
82637,8015,5210,3754,3323,9633,5245,3855,3419,4920,4181,3530,3278,3554,3561,3363,3092,-12.9513,-32.6822,8.98083,47.9553
82638,3311,3491,3464,3244,3916,4207,3791,3508,5189,7109,4943,3723,5609,7606,5156,3853,16.4381,-7.68736,8.68978,48.08
82639,3147,3237,3435,3346,3288,3452,3700,3804,3376,3743,4702,6243,3421,3855,5996,12527,27.3847,32.4874,8.78981,47.5147
82640,3383,3456,3434,3228,3794,4151,3805,3495,4788,6705,5401,4022,5166,7556,5792,4169,16.9464,-4.55449,8.97905,48.23
82641,10361,7977,4405,3542,5784,5016,4055,3293,4083,3737,3495,3266,3322,3301,3236,3059,-30.9218,-18.7706,8.57675,47.9547
82642,3312,3710,4355,4986,3367,3933,5829,7717,3353,3958,5457,7098,3179,3687,4132,4531,-1.3401,19.7073,8.52293,48.4027
82643,8835,5932,4029,3442,8376,5381,3824,3345,4455,4053,3489,3171,3516,3551,3271,3036,-15.8913,-23.2232,8.88266,47.804
82644,3394,4055,6302,10015,3385,3798,5231,7578,3171,3521,3895,4263,3045,3290,3501,3558,-18.9832,22.7166,8.74348,48.0013
82645,3930,3870,3435,3202,5521,4907,3859,3358,7843,7073,4111,3370,5655,5212,3872,3241,7.2766,-16.8244,8.90712,48.306
82646,5811,9736,6369,4116,4602,5465,4612,3931,3620,3986,3598,3395,3329,3415,3305,3120,-24.7698,-5.76573,8.99221,48.2733
82647,3403,3193,3258,3104,3830,3729,3506,3285,5444,5205,4081,3570,9073,8942,4705,3524,30.5236,-15.0747,8.96542,47.9013
82648,3322,4101,7163,11360,3344,3741,4986,6160,3196,3438,3791,3965,2954,3206,3380,3386,-24.972,21.5195,8.89889,47.662
82649,3086,3331,3457,3358,3439,3840,3911,3733,3914,4944,6330,4831,4109,6011,8534,5440,19.6525,5.92821,8.8268,48.1787
82650,6385,9503,5549,3988,5053,5674,4526,3705,3935,3764,3619,3363,3303,3314,3325,3172,-23.5158,-8.63229,8.82355,48.1187
82651,4457,5771,5527,4138,4338,6951,6514,4247,3787,4529,4331,3735,3430,3585,3593,3385,-11.6978,-1.28912,8.68035,48.212
82652,5883,5995,4217,3511,6923,7432,4434,3525,4701,4675,3850,3307,3719,3667,3315,3039,-10.862,-13.9778,8.60354,48.1287
82653,3212,3397,3310,3321,3455,3793,3788,3657,3993,4685,5360,4408,4273,7039,9029,5394,26.2418,3.38482,8.71483,48.076
82654,3244,3190,3329,3235,3354,3617,3890,3780,3709,4329,5374,4968,3815,5461,9853,7020,26.5279,9.6668,8.66287,48.112
82655,8376,9508,4851,3632,5268,5148,4262,3609,3682,3692,3455,3295,3345,3343,3231,3262,-32.6957,-13.4654,8.88978,47.9727
82656,6690,4832,3752,3331,9560,5591,3849,3435,5579,4417,3550,3286,3883,3750,3446,3024,-8.94707,-24.4604,8.52925,47.9833
82657,3070,3327,3337,3443,3206,3451,3689,4043,3386,3849,4974,6282,3391,4132,7011,11489,26.3928,22.1379,8.58428,48.0533
82658,3164,3319,3532,3554,3237,3396,3988,4756,3383,3840,5190,8585,3384,3866,5633,9086,15.665,27.4739,8.61957,47.942
82659,5379,4533,3562,3192,9367,5077,3724,3223,6957,4703,3661,3357,4267,3980,3561,3287,-3.8161,-30.4009,8.76835,47.8867
82660,9285,8894,4585,3648,5407,5043,4012,3481,3885,3794,3527,3263,3311,3393,3341,3154,-31.0481,-15.8745,8.78062,48.0153
82661,9319,5397,3890,3401,8652,5259,3848,3428,4685,4031,3491,3219,3621,3465,3274,3027,-15.4044,-27.0471,8.8588,48.0047
82662,3364,3320,3087,3073,3959,3832,3447,3288,6396,4986,3845,3339,11500,6922,3971,3466,24.7072,-22.3894,8.53093,47.8633
82663,4033,6603,9286,5719,3821,4782,5730,4416,3384,3716,3853,3613,3046,3420,3349,3339,-24.1094,5.02426,8.90784,48.0733
82664,3105,3285,3581,3811,3180,3460,4376,4993,3340,3928,5363,9530,3288,3649,5125,7907,12.4954,28.072,8.99873,47.9473
82665,3386,3931,5479,9165,3317,3757,5303,8638,3248,3542,4033,4577,2988,3309,3618,3632,-15.5845,25.8422,8.82424,47.9487
82666,3342,4132,6196,9038,3373,3961,5527,8046,3321,3668,4079,4512,3041,3257,3358,3589,-16.5847,21.4075,8.9387,48.2933
82667,3310,3232,3446,3426,3330,3519,3755,3908,3418,3718,4613,5772,3457,3824,5978,12492,33.4506,33.3416,8.75095,47.4653
82668,3538,3529,3259,2978,4584,4096,3551,3258,8420,5382,3866,3241,9381,5770,3883,3347,16.2679,-24.0855,8.96031,48.0553
82669,6154,4599,3703,3256,9603,5322,3811,3458,6119,4531,3606,3356,3981,3778,3362,3176,-7.10778,-28.0875,8.58025,47.8767
82670,3140,3250,3442,3380,3284,3568,3879,4089,3437,3893,5097,5683,3427,4193,7608,10517,33.9235,19.1495,8.50362,47.9247
82671,7574,4850,3782,3251,9908,5244,3868,3386,5309,4310,3576,3219,3631,3700,3437,3141,-11.0319,-28.4721,8.85105,48.124
82672,4097,5480,6572,4811,3971,5846,7175,4740,3585,4057,4402,3895,3390,3463,3613,3457,-13.7371,3.32895,8.5971,48.3693
82673,5148,4660,3660,3330,8077,6114,3915,3407,6446,5297,3832,3377,4385,4028,3551,3202,-3.46713,-19.7185,8.60587,48.286
82674,3357,3731,4805,5855,3374,3791,5267,9804,3347,3661,4528,6152,3299,3393,3852,4040,-6.60135,33.1748,8.70641,48.1707
82675,3416,4054,7434,11234,3354,3835,4931,5834,3286,3557,3710,3881,3137,3239,3407,3466,-32.0263,20.8024,8.76797,47.85
82676,3507,3890,5719,10637,3381,3805,4922,7420,3273,3498,3833,4265,3189,3302,3544,3430,-19.8109,29.333,8.648,47.7433
82677,6977,8903,5011,3857,5285,5998,4317,3621,3945,3957,3777,3329,3342,3540,3371,3160,-21.1013,-10.9403,8.72011,48.26
82678,5279,5733,4186,3373,6339,8263,4535,3689,4565,4861,3963,3509,3667,3681,3473,3253,-9.04887,-11.5093,8.94549,48.246
82679,3567,3436,3336,3146,4512,4053,3599,3288,8788,5180,3810,3454,9104,5427,3889,3402,15.7641,-31.3589,8.6118,47.994
82680,11026,6419,4102,3488,6975,5068,3849,3413,4093,3843,3412,3120,3570,3384,3240,3102,-21.985,-23.8267,8.79278,48.0693
82681,3968,4221,3890,3459,4861,6578,4546,3755,5056,7097,4875,3777,4197,4412,3935,3423,1.04954,-7.59077,8.56293,48.0333
82682,4188,4051,3435,3168,6188,4935,3854,3274,8563,6039,4038,3317,5392,4642,3699,3281,4.71277,-20.4469,8.81275,48.0427
82683,4941,4067,3535,3264,8349,5179,3760,3409,7973,4943,3787,3363,4578,4095,3437,3295,-0.806493,-26.5601,8.61859,47.9833
82684,3472,3398,3132,3108,3955,3790,3473,3174,6458,5084,3929,3443,10859,7296,4163,3537,24.2939,-20.705,8.84015,48.1807
82685,3743,3725,3396,3193,4888,4665,3720,3362,7511,7322,4233,3495,6073,5539,4142,3496,10.6055,-16.0243,8.83995,48.3353
82686,3373,3848,5718,9688,3418,3802,5061,8298,3303,3575,4084,4617,3116,3255,3512,3493,-16.8,27.4977,8.87028,48.1073
82687,3539,3546,3250,3081,4328,4150,3481,3228,8054,5020,3852,3378,10118,5631,3917,3476,18.0498,-31.6388,8.54426,48.0327
82688,3149,3439,3403,3443,3518,3955,4202,3858,3885,5406,6906,4801,4025,5834,7462,4934,16.2805,4.6216,8.66408,48.1467
82689,3467,3531,3362,3262,3917,4224,3986,3627,4894,7106,5341,3852,5228,7458,5567,3969,16.0864,-5.92692,8.64951,48.5273
82690,4315,3952,3529,3263,7433,4723,3724,3348,8951,4957,3707,3350,5105,4243,3696,3306,2.5291,-31.4614,8.81813,47.7347
82691,9258,8571,4666,3588,5656,5466,4012,3646,3983,3839,3506,3276,3295,3391,3241,3101,-24.9896,-15.7723,8.89664,48.33
82692,3663,3535,3490,3280,4242,4611,3947,3389,5566,7697,5029,3697,5293,6436,4628,3863,12.178,-8.86882,8.50232,48.244
82693,7895,7500,4436,3693,6428,6147,4267,3547,4115,4089,3590,3329,3401,3464,3283,3159,-18.7366,-15.7825,8.75143,48.2287
82694,3165,3532,3983,4064,3362,3810,4997,6000,3363,4012,6403,8468,3274,3768,4744,5469,5.11667,19.1624,8.98935,48.276
82695,3414,3396,3168,3137,3976,3733,3441,3249,6708,4844,3804,3270,12290,6108,3930,3402,23.67,-27.7047,8.94364,47.9133
82696,5109,6924,5113,3941,5137,7671,5323,3855,3995,4395,3918,3600,3625,3568,3369,3343,-13.8394,-6.18805,8.94309,48.5907
82697,4456,4034,3610,3241,7305,4950,3701,3234,8732,5444,3845,3355,5052,4419,3553,3252,2.40066,-23.6536,8.78544,48.122
82698,3452,3401,3242,3098,4061,3987,3611,3156,6116,5349,4042,3470,9836,7615,4325,3427,23.3184,-18.6369,8.52802,48.1253
82699,6045,9496,6144,4112,4684,5413,4533,3854,3782,3900,3641,3453,3262,3394,3234,3117,-24.9643,-6.54275,8.77905,48.0427
82700,3124,3213,3424,3310,3231,3451,3822,3855,3432,3971,5129,5737,3430,4361,8494,9794,30.6959,16.8935,8.83882,47.852
82701,7019,5195,3832,3376,9179,6084,3910,3350,5327,4404,3618,3276,3835,3710,3344,3157,-10.2881,-22.0654,8.96622,48.4107
82702,7528,8809,5004,3765,5388,5853,4305,3527,3943,3910,3559,3218,3439,3478,3310,3158,-22.3089,-12.3644,8.5437,48.1293
82703,3131,3315,3546,3570,3253,3561,4164,4933,3440,3841,5239,9273,3250,3793,5307,8115,13.0976,27.1321,8.56494,47.8207
82704,3104,3235,3357,3316,3275,3514,3803,4015,3428,3739,4947,6638,3322,3956,5956,11740,22.4749,33.9188,8.74483,47.5633
82705,3128,3216,3310,3314,3381,3587,3804,3634,3737,4564,5257,4533,4120,6426,9827,5963,27.9054,6.05726,8.97117,47.8673
82706,3386,3866,4996,7738,3530,3822,5248,9495,3328,3537,4150,5075,3195,3203,3598,3673,-12.0081,31.097,8.62556,47.8933
82707,4295,5606,6218,4578,4258,6177,7014,4545,3503,4182,4291,3758,3269,3605,3574,3470,-13.127,1.81319,8.97619,48.2287
82708,5243,9374,6943,4246,4385,5140,4660,4040,3631,3809,3764,3439,3214,3418,3368,3265,-33.7644,-4.05782,8.83964,47.9593
82709,3747,4136,4554,4132,4039,5803,7263,4678,3856,5061,6035,4378,3606,3931,4111,3605,-3.00759,3.55858,8.83599,48.6233
82710,7449,5579,3897,3422,8509,5982,3986,3423,4872,4245,3649,3337,3786,3671,3301,3100,-12.8136,-21.5536,8.59636,48.1387
82711,3103,3558,4024,4435,3491,3842,5304,6978,3451,3857,5788,8132,3331,3675,4351,5026,2.37584,21.3565,8.64555,48.2307
82712,3640,3558,3249,3125,4662,3986,3555,3245,8972,5055,3883,3368,9216,5412,3884,3280,15.6723,-30.2618,8.85242,48.06
82713,6284,4672,3888,3324,9721,5178,3824,3384,5916,4401,3627,3328,4024,3817,3480,3199,-7.28864,-32.8666,8.60189,48.0447
82714,5350,4643,3689,3307,8411,5974,3909,3408,6456,4944,3753,3269,4130,3964,3482,3205,-4.48248,-20.7816,8.65181,47.9293
82715,3324,3363,3295,3178,3956,3696,3464,3243,6049,4757,3792,3306,12622,6034,3816,3292,32.9201,-29.1913,8.85002,47.458
82716,5284,4328,3522,3190,9072,5312,3828,3357,7149,4869,3700,3323,4509,4110,3446,3301,-3.05577,-26.0795,8.77395,48.2
82717,3130,3436,3898,4203,3354,3742,4794,6144,3328,4010,5949,8931,3234,3738,4665,5532,5.53591,20.8699,8.8385,48.0587
82718,5251,4370,3613,3267,8759,5325,3771,3268,7505,4726,3648,3290,4485,4148,3497,3203,-2.43637,-26.2448,8.68292,48.084
82719,3182,3230,3553,3730,3336,3535,4067,4887,3370,3789,5406,9168,3274,3833,5384,8234,13.5795,26.2439,8.53324,47.9853
82720,3147,3320,3520,3758,3278,3651,4386,5040,3408,3868,5734,9307,3394,3893,5248,7462,11.7183,23.1314,8.86674,48.276
82721,3264,3449,3502,3279,3546,3907,4104,3786,3917,5216,6833,4777,4160,5812,7717,5207,16.9861,4.77295,8.87098,48.3173
82722,7289,5161,3902,3409,9678,5257,3794,3325,5216,4246,3627,3351,3812,3708,3348,3242,-11.1354,-32.3145,8.65568,48.2433
82723,5787,6813,4582,3650,5918,7837,4700,3600,4285,4450,3879,3469,3515,3432,3290,3212,-13.1955,-10.7214,8.88742,48.2793
82724,9984,5865,3942,3420,7801,5235,3896,3423,4337,3971,3459,3281,3559,3547,3166,3053,-18.3979,-25.5581,8.5335,47.9593
82725,6988,4803,3750,3338,9652,5421,3829,3323,5675,4288,3604,3207,3878,3733,3480,3196,-9.52284,-25.6051,8.67335,48.11
82726,5596,9182,6583,4211,4509,5596,4855,3878,3642,3944,3650,3460,3310,3393,3253,3218,-23.7119,-4.8271,8.74781,48.1867
82727,10185,6798,4103,3519,7084,5383,3884,3432,4126,3915,3548,3265,3482,3418,3172,3009,-20.389,-21.3826,8.94154,48.2153
82728,6033,9639,6317,4085,4590,5222,4543,3804,3748,3804,3678,3450,3230,3456,3227,3161,-31.5551,-6.23415,8.73125,47.9913
82729,3108,3191,3323,3341,3254,3426,3833,3938,3304,3845,4688,6394,3514,3838,6086,12323,25.5819,29.7979,8.95355,47.604
82730,3101,3388,3480,3467,3428,3694,4257,4203,3627,4476,6925,6136,3569,4513,7189,6800,15.9048,13.239,8.85538,48.1687
82731,3473,3641,3565,3325,3796,4388,4532,3787,4209,6380,7111,4508,4153,5444,5737,4394,11.4806,1.43073,8.501,48.2953
82732,3158,3264,3390,3385,3237,3520,3707,4044,3315,3749,4672,6205,3370,3915,5935,12425,32.3693,30.889,8.51225,47.5273
82733,12295,6251,3910,3334,6365,4799,3787,3377,3958,3792,3440,3262,3422,3360,3320,3012,-26.0771,-27.2553,8.68139,47.7893
82734,4014,4551,4146,3618,4758,7170,5346,3876,4532,6173,4865,3833,3905,4157,3811,3598,-1.95261,-5.23756,8.74875,48.2353
82735,3394,4142,7108,9636,3418,4035,5552,6599,3229,3553,4049,4161,3057,3263,3393,3497,-20.7445,19.5136,8.7908,48.0573
82736,3129,3199,3448,3359,3258,3482,3787,4009,3475,3726,4901,5793,3507,4189,7753,10898,32.3085,19.4953,8.87065,47.942
82737,6743,9552,5628,3883,4885,5182,4416,3661,3842,3819,3600,3359,3463,3391,3229,3212,-29.988,-8.93965,8.5497,47.91
82738,3374,3715,4292,4099,3449,4128,6048,5589,3596,4317,7011,6484,3411,3741,4592,4682,2.46309,13.647,8.89695,48.352
82739,10821,7175,4092,3391,6098,5145,3939,3373,4056,3933,3576,3259,3420,3367,3161,3106,-23.9811,-20.669,8.67927,47.9413
82740,9878,5528,3938,3444,8467,4929,3902,3421,4445,3896,3587,3206,3460,3555,3250,3111,-17.0599,-30.4018,8.64941,48.0113
82741,3472,3423,3169,3008,4326,3918,3643,3260,7297,4967,3814,3429,11018,6096,3976,3354,20.9376,-25.5155,8.62947,48.1133
82742,3307,3349,3414,3286,3308,3733,3781,3652,3790,4495,5234,4630,3963,6240,9719,5896,33.8284,6.07562,8.70612,47.8647
82743,3641,3770,3338,3168,4800,4646,3746,3383,7253,7192,4213,3500,5969,5843,4121,3452,10.8012,-15.1008,8.74502,48.0233
82744,10313,8112,4502,3429,5569,5035,3999,3492,3930,3774,3517,3276,3378,3437,3258,3118,-29.7252,-18.1384,8.77663,48.0927
82745,3080,3321,3468,3343,3259,3582,3850,3878,3535,4074,5375,5707,3586,4607,8473,9127,24.3471,15.6504,8.63749,48.1767
82746,3592,3498,3292,3122,4811,4051,3544,3339,9071,5178,3847,3406,8582,5278,3868,3401,13.9312,-32.6346,8.59845,47.92
82747,4802,5510,4308,3584,6015,8183,4737,3754,4462,5176,3960,3434,3647,3816,3466,3179,-8.29278,-10.1745,8.86858,48.022
82748,4429,4559,3830,3453,5818,7420,4612,3593,5096,6180,4219,3530,4063,4092,3683,3396,-2.77599,-10.8734,8.82897,47.982
82749,3853,3991,3708,3312,4737,5749,4274,3607,5566,7917,4866,3779,4493,5014,3983,3575,4.51565,-8.81576,8.66655,48.2827
82750,3233,3486,3812,4033,3400,3822,5087,5317,3446,4250,7053,7417,3464,3951,4993,5259,6.1712,15.7565,8.52988,48.0153
82751,3429,4047,5735,11513,3381,3833,4961,6902,3256,3461,3838,4067,3206,3244,3466,3456,-21.5247,30.6544,8.54614,47.8633
82752,5874,9867,6464,4144,4610,5291,4456,3901,3761,3803,3743,3430,3314,3408,3282,3173,-27.2246,-5.87053,8.86832,48.3473
82753,6414,7757,4724,3729,5978,6853,4473,3653,4137,4279,3621,3220,3525,3402,3332,3126,-16.8734,-11.761,8.91679,48.1487
82754,4820,4154,3532,3264,8543,4809,3734,3411,8035,4905,3762,3306,4736,4173,3476,3190,0.0643272,-28.2133,8.59622,47.9
82755,3297,3640,4058,4465,3404,3961,5362,6929,3390,3806,6037,7707,3273,3630,4410,4948,1.73798,19.5229,8.76404,48.2113
82756,11761,5881,3935,3441,6842,4749,3853,3425,4041,3941,3490,3107,3485,3367,3198,3103,-23.1234,-30.8239,8.61524,47.746
82757,3409,3398,3250,3124,4097,3945,3444,3146,6499,5040,3764,3291,11248,6703,4081,3280,23.2977,-23.0056,8.79102,47.8127
82758,3266,3497,4152,4708,3293,3790,4856,7954,3299,3772,4996,8578,3171,3550,4265,4983,0.808802,27.6187,8.54922,48.0867
82759,3174,3148,3364,3360,3259,3486,3849,3946,3314,3899,4846,6145,3363,4001,6829,11590,26.9665,23.1474,8.51341,47.7153
82760,3800,4135,4131,3840,4147,6117,6026,4168,4078,5920,6014,4051,3681,4221,4212,3874,0.073205,0.275834,8.7308,48.2767
82761,8115,5719,3842,3268,8870,5700,3878,3478,4780,4151,3611,3267,3688,3446,3347,3116,-13.8114,-22.8643,8.81457,48.184
82762,3066,3232,3481,3416,3248,3522,3835,4033,3403,3811,4834,6263,3461,3957,5707,12181,25.4528,32.3574,8.52615,47.6333
82763,4553,5334,4455,3809,5262,8067,5228,3767,4321,5212,4297,3620,3748,3780,3735,3271,-7.38434,-6.79851,8.58947,48.306
82764,4187,6501,8362,5211,3974,5023,6342,4532,3424,3823,3962,3725,3283,3344,3480,3188,-19.7344,4.05846,8.81991,48.2407
82765,3829,5218,7734,5643,3775,4906,7077,5262,3471,3788,4246,3989,3186,3382,3475,3419,-16.3127,7.72905,8.89906,48.2667
82766,3407,3540,3263,3146,3891,3844,3444,3233,5936,4780,3712,3338,12434,6266,3821,3450,31.3037,-25.9461,8.62338,47.67
82767,3100,3391,3719,3666,3307,3702,4423,4849,3489,4083,6585,7868,3392,4002,5768,6954,12.0021,18.0261,8.6433,48.1987
82768,3888,5458,9389,6697,3652,4421,5860,4999,3371,3690,3890,3806,3165,3230,3365,3417,-23.5676,9.43606,8.50291,48.1987
82769,3566,3930,3671,3365,4039,5011,4827,3781,4349,7006,6541,4262,4232,4937,4820,4004,7.16221,-1.24255,8.66005,48.2273
82770,3406,3336,3246,2956,4045,3960,3537,3148,6567,5813,4083,3587,9326,7204,4323,3498,20.4865,-18.6765,8.74754,48.0233
82771,3105,3184,3419,3400,3265,3476,3817,3996,3474,3870,5154,5906,3534,4386,7945,10229,25.2165,18.0636,8.96945,48.1067
82772,3412,3296,3166,3096,3972,4051,3744,3391,5464,6527,4462,3674,6503,8507,5010,3777,19.285,-10.9863,8.55059,48.0347
82773,3378,4011,5425,5443,3524,4336,7770,6924,3388,3872,5024,4868,3236,3429,3826,3815,-8.11405,13.6339,8.89064,48.1793
82774,3179,3268,3462,3480,3239,3550,4047,4512,3330,3891,5119,8669,3398,3867,5459,9286,15.9576,28.1536,8.51286,47.8373
82775,4035,4385,3950,3478,5043,7262,4974,3652,5012,6755,4629,3743,4076,4271,3734,3496,-1.0641,-8.26615,8.96865,48.33
82776,3265,3393,3242,3119,3722,3832,3671,3478,4734,5159,4409,3767,6166,10114,6182,4113,29.1271,-6.84808,8.90676,48.244
82777,4124,4555,3899,3472,5315,7464,4836,3738,4954,6620,4515,3680,4013,4085,3761,3372,-1.55025,-8.98434,8.96449,48.2687
82778,4132,5970,7480,5117,4061,5331,6828,4584,3485,3921,4130,3696,3392,3410,3504,3305,-16.9452,3.71482,8.99006,48.2307
82779,3251,3340,3297,3192,3605,3829,3827,3589,4392,5645,5498,4331,4718,7794,7507,4600,21.0961,-0.522805,8.69273,48.2767
82780,4583,6107,5368,4029,4618,7115,6455,4163,3787,4335,4271,3684,3390,3618,3395,3395,-12.0971,-2.23558,8.59183,48.2087
82781,3276,3306,3468,3351,3602,4004,3899,3572,4337,5639,5582,4254,4761,7467,7570,4681,20.2072,0.00582777,8.79114,48.5127
82782,11862,6054,3895,3429,6758,4979,3730,3357,4043,3794,3474,3252,3473,3273,3157,3094,-23.819,-30.5407,8.5661,47.7493
82783,9018,5527,3810,3294,8861,5271,3937,3443,4742,4097,3473,3328,3441,3469,3280,3185,-15.546,-26.2845,8.51428,48.1173
82784,3488,3983,6113,9190,3402,3813,5443,8153,3174,3480,4025,4453,3006,3259,3516,3535,-16.6965,22.9452,8.8626,48.022
82785,3362,3662,4263,4256,3522,4163,6501,6234,3496,4213,6630,6251,3302,3791,4324,4564,0.764164,14.2531,8.76349,48.356
82786,4545,4032,3571,3241,7680,5409,3824,3477,8026,5416,3871,3494,4769,4128,3627,3174,0.604739,-22.2598,8.73499,48.1893
82787,3380,3570,3504,3211,3728,4202,3972,3639,4542,6834,6061,4179,4565,6678,5891,4249,14.3245,-1.88286,8.97091,48.1367
82788,3848,3987,3636,3377,4612,5706,4487,3737,5306,7782,5046,3710,4399,4860,4140,3591,4.65992,-7.91075,8.82224,48.1493
82789,7271,9665,5211,3739,5113,5445,4358,3577,3787,3821,3539,3325,3289,3418,3268,3109,-25.5714,-11.0621,8.79358,47.9567
82790,3997,3875,3431,3240,5433,5374,3869,3470,7216,7002,4206,3530,5191,4913,3935,3496,5.80017,-15.7466,8.78698,48.1187
82791,3072,3327,3379,3395,3231,3410,3693,4012,3320,3877,4943,5910,3361,3991,7125,11589,29.3757,22.0272,8.74173,47.7567
82792,4877,6986,5971,4158,4622,6666,5782,4141,3728,4281,4034,3476,3305,3435,3418,3357,-15.6479,-2.59701,8.73472,48.158
82793,3123,3256,3622,3524,3385,3655,4032,4204,3602,4273,6382,6848,3443,4332,6882,7405,16.3492,15.8783,8.57607,47.9787
82794,6407,7179,4538,3584,6144,6974,4464,3625,4173,4171,3839,3260,3625,3575,3300,3194,-15.3181,-12.5784,8.55314,48.0347
82795,3405,3957,4979,5031,3475,4206,7360,7439,3376,3826,5345,5348,3238,3502,3885,4042,-5.85293,15.4361,8.99064,48.276
82796,12736,6059,3957,3257,6521,4802,3787,3381,4032,3782,3377,3201,3472,3333,3250,3098,-25.5809,-30.4874,8.94331,48.03
82797,3123,3380,3423,3375,3368,3700,3846,3729,3914,4601,5206,4539,4085,6540,9741,5455,33.8656,5.10118,8.94612,48.0167
82798,3346,3814,5456,8697,3415,3811,5340,8882,3182,3437,4130,4811,3084,3293,3515,3648,-14.5535,26.5502,8.67965,47.9073
82799,8329,5492,3977,3388,8824,5503,3865,3360,4807,4251,3630,3253,3652,3520,3309,2977,-14.0827,-23.784,8.64087,48.0913
82800,3226,3585,4268,5038,3229,3914,4969,8731,3461,3714,4879,7367,3268,3526,4039,4471,-2.04893,33.7938,8.85625,47.79
82801,11850,6729,4050,3405,6311,4916,3781,3388,3846,3895,3503,3290,3386,3438,3178,2980,-26.1115,-24.3588,8.5396,47.964
82802,4846,4283,3600,3209,8602,5149,3831,3408,7572,4964,3706,3447,4530,4155,3678,3225,-1.43155,-33.9472,8.55102,48.1367
82803,6955,7988,4688,3733,5783,6471,4347,3687,4072,4190,3735,3383,3459,3502,3313,3115,-18.1294,-12.2127,8.82028,48.2807
82804,3207,3430,3654,3646,3404,3729,4727,4707,3671,4293,7409,7176,3522,4049,5965,5894,11.0951,14.7176,8.90022,48.322
82805,4914,7426,6414,4268,4555,6235,5557,4019,3766,4011,3874,3641,3285,3424,3388,3253,-18.0856,-2.57378,8.51026,48.02
82806,3265,3448,3575,3533,3509,3909,4479,3992,3830,5201,7493,5165,3898,5140,6942,4994,13.7157,6.24548,8.88812,48.2487
82807,3114,3342,3561,3537,3330,3501,4163,4903,3370,3776,5349,9402,3381,3701,5318,8358,13.3472,28.705,8.8403,48.0707
82808,6433,7487,4552,3623,6045,7047,4418,3672,4186,4195,3703,3381,3574,3504,3273,3125,-15.8969,-12.4778,8.62835,48.1453
82809,4734,7946,8098,4704,4333,5103,5167,4170,3605,3766,3807,3542,3186,3330,3294,3113,-25.1425,0.136903,8.68375,47.932
82810,8097,6631,4277,3445,7320,6041,3972,3392,4325,4118,3534,3400,3549,3650,3258,3081,-16.5657,-18.245,8.74826,48.06
82811,4685,5260,4320,3775,5298,8150,5188,3783,4376,5213,4346,3680,3635,3825,3505,3343,-7.16731,-7.38121,8.71514,48.2547
82812,3254,3569,4196,4418,3379,3970,5973,6569,3498,3963,6192,7234,3296,3610,4363,4672,1.236,17.5666,8.77927,48.104
82813,3736,5387,8311,5910,3785,4708,6607,5170,3436,3734,4019,3903,3199,3310,3517,3364,-18.2014,8.31663,8.54658,48.064
82814,3287,3314,3476,3207,3670,3987,4045,3603,4385,6348,5980,4253,4659,6926,6607,4413,16.5047,-0.883333,8.55292,48.1067
82815,3384,3762,4809,6125,3318,3912,5690,9562,3226,3710,4592,5826,3138,3401,3797,4021,-7.45461,23.2546,8.88817,48.182
82816,3587,3323,3344,3023,4380,3991,3617,3241,8177,5178,3766,3287,9834,5612,3853,3317,16.898,-27.7269,8.59499,47.6867
82817,9607,5513,3891,3455,8454,5187,3790,3312,4451,4012,3507,3321,3577,3452,3343,3170,-16.6353,-29.8185,8.54415,48.028
82818,3098,3295,3370,3433,3350,3582,3907,3821,3538,3967,5051,5363,3614,4707,8810,9148,29.4643,15.3708,8.69383,48.036
82819,3056,3296,3302,3410,3284,3557,3923,4106,3431,4033,5431,6074,3421,4328,7839,9679,23.0551,17.9912,8.83413,48.1133
82820,4170,4134,3771,3322,5465,5913,4192,3561,6121,7158,4378,3566,4566,4680,3916,3462,2.78955,-12.4547,8.57752,48.25
82821,4045,4015,3512,3319,5390,5882,4050,3406,6361,7365,4447,3572,4701,4749,3968,3529,3.94459,-12.8818,8.88387,48.2073
82822,5145,6794,5053,3902,4994,7613,5204,3943,3847,4336,3954,3586,3556,3519,3530,3302,-13.4675,-6.5735,8.617,48.1853
82823,3679,4909,9333,8087,3577,4186,5234,5162,3193,3547,3870,3723,3091,3291,3417,3394,-26.9275,12.8916,8.65375,47.7953
82824,3115,3384,3515,3540,3383,3701,4318,4158,3730,4535,7107,6141,3631,4635,7082,6256,14.963,11.8954,8.67185,48.154
82825,3438,3944,5893,11236,3438,3704,5090,7224,3223,3426,3962,4116,3213,3167,3520,3499,-21.0742,27.6359,8.51134,48.062
82826,3086,3241,3378,3338,3219,3560,3898,3817,3637,4091,5333,5429,3685,4825,9355,8382,26.8964,13.5176,8.82912,48.1827
82827,3359,3833,5301,8236,3224,3813,5398,9252,3376,3591,4152,4922,3114,3274,3451,3543,-13.4382,26.2153,8.73782,47.8927
82828,7873,7522,4438,3554,6349,6194,4090,3514,4214,4102,3599,3236,3548,3545,3397,3207,-18.4632,-15.4356,8.67129,48.2547
82829,3301,3248,3378,3336,3485,3636,3720,3675,3915,4484,5237,4654,4100,6305,9721,5942,29.8911,5.85473,8.63257,48.0913
82830,7466,9492,5265,3877,5091,5585,4256,3610,3725,3909,3530,3370,3347,3498,3253,3100,-25.2238,-11.1551,8.85901,48.2493
82831,3327,3274,3397,3163,3738,3886,3532,3491,4627,5771,4766,3917,5432,9052,6639,4160,22.5082,-4.56863,8.8464,48.1147
82832,3529,4128,5340,5046,3664,4560,7831,6517,3525,3936,5167,4699,3237,3571,3864,3804,-7.62323,12.0564,8.63833,48.2787
82833,3321,3607,4244,4329,3385,4075,6108,6135,3476,4188,6479,6890,3307,3602,4461,4672,1.24277,15.4666,8.80226,48.186
82834,3308,3469,3241,3248,3802,3886,3595,3418,4761,5205,4533,3789,6269,9830,5929,3892,30.8232,-7.56393,8.50509,48.1167
82835,3456,4150,7282,10401,3357,3988,5351,6531,3297,3494,3937,4074,3088,3205,3367,3273,-21.8607,19.9976,8.93787,48.1673
82836,3346,3369,3257,3052,3976,3870,3534,3383,5836,5222,4089,3534,9410,8449,4644,3565,25.1063,-16.1423,8.76485,48.3573
82837,3130,3185,3329,3432,3205,3500,4003,4287,3439,3903,5345,7266,3429,4191,6579,9909,19.5334,21.9014,8.70257,48.088
82838,3349,3986,6044,12542,3385,3717,4808,6511,3281,3521,3725,3832,3156,3202,3346,3452,-25.0343,30.2223,8.97026,47.9047
82839,6175,9937,6205,3933,4580,5078,4400,3826,3729,3831,3746,3402,3257,3429,3364,3183,-29.8205,-6.82229,8.84478,48.05
82840,4728,4157,3608,3304,7498,5528,3828,3366,7477,5524,3874,3433,4515,4227,3655,3270,0.223804,-20.214,8.69663,47.9947
82841,5039,4805,3887,3453,6838,7680,4400,3612,5283,5303,4027,3403,3921,3946,3554,3309,-5.58999,-13.3615,8.92029,48.3067
82842,9654,6536,4099,3361,7159,5423,3877,3439,4261,4066,3584,3204,3496,3484,3339,3091,-19.3938,-20.8947,8.57827,48.0487
82843,4169,4478,4003,3622,4916,7284,5205,3761,4649,6452,4780,3825,3941,4105,3842,3488,-1.82866,-6.46059,8.85648,48.3467
82844,11962,5847,3936,3508,6837,4829,3761,3450,4079,3699,3389,3234,3338,3471,3299,3124,-23.2643,-30.238,8.66348,47.842
82845,10730,6187,3879,3383,7412,5185,3894,3282,4212,3974,3561,3295,3432,3448,3246,3115,-20.2336,-24.0777,8.57606,48.1567
82846,3976,3845,3426,3264,5408,4932,3777,3217,7954,6943,4087,3431,5602,5064,3779,3340,7.1113,-17.5137,8.69339,48.03
82847,8124,9592,5052,3601,5156,5284,4153,3578,3827,3731,3524,3287,3353,3381,3327,3027,-29.2551,-12.5329,8.9852,47.998
82848,3200,3506,3677,3637,3450,3780,4588,4691,3519,4202,7112,7549,3429,4136,5865,6397,11.6124,15.9994,8.91522,48.492
82849,3208,3317,3378,3308,3447,3724,3807,3688,3813,4691,5345,4607,4075,6219,9713,5855,25.7331,6.21587,8.88262,48.13
82850,3212,3450,3774,3852,3362,3803,5036,5349,3507,4201,6834,7721,3501,3902,5056,5505,7.11434,16.9017,8.53205,48.0433
82851,11834,7072,4101,3349,6005,4805,3882,3435,3901,3778,3432,3137,3220,3390,3293,3140,-29.6251,-22.4666,8.76532,47.8493
82852,3343,3307,3250,3148,3516,3791,3768,3519,4468,5081,4729,3972,5337,9359,7224,4299,28.0486,-3.08676,8.92568,48.074
82853,5988,9421,6180,4075,4677,5615,4614,3834,3737,3881,3721,3388,3346,3445,3340,3078,-23.7274,-6.2683,8.85141,48.2267
82854,3284,3613,4277,5237,3363,3788,4952,9376,3426,3710,4704,7220,3130,3414,3966,4407,-2.91617,32.4652,8.96247,47.9113
82855,3565,3785,3519,3380,4055,4929,4452,3805,4644,7510,6148,4072,4418,5130,4659,3930,7.62698,-2.87575,8.66783,48.0007
82856,3390,3320,3271,3181,4028,3884,3505,3140,5984,4896,3818,3414,11818,6856,4038,3333,31.481,-23.0272,8.6786,47.9173
82857,4011,5447,7677,5298,3876,5213,7065,4924,3448,3821,4210,3820,3267,3461,3571,3395,-16.4592,6.11004,8.71576,48.336
82858,3348,3332,3406,3177,3800,3713,3395,3260,5881,4806,3769,3273,12512,6047,3772,3357,31.672,-31.3339,8.8246,47.232
82859,4329,5262,4491,3775,5356,8107,5329,3798,4357,5305,4280,3591,3720,3676,3572,3298,-7.12106,-6.66668,8.88382,48.164
82860,3281,3350,3307,3183,3821,3896,3584,3451,4893,5061,4433,3619,6482,9895,5757,3945,33.2564,-8.51182,8.62702,47.972
82861,3163,3301,3510,3343,3322,3584,3851,3788,3640,4271,5167,5009,3701,5645,9772,6663,32.7681,9.02664,8.87174,47.82
82862,3839,4112,3918,3636,4171,5739,5247,4015,4289,6709,6170,4137,3866,4466,4475,3769,2.61576,-1.15979,8.70444,48.372
82863,3334,3517,3784,3823,3539,4072,5162,4432,3679,4998,8201,5459,3652,4293,5490,4771,8.1082,8.4749,8.87096,48.1373
82864,3359,3937,5830,11056,3391,3877,5093,7171,3299,3523,3925,4031,3169,3215,3374,3357,-21.005,33.7726,8.53184,47.738
82865,5814,4950,3920,3364,8068,6781,4160,3407,5420,4789,3773,3347,3905,3765,3469,3230,-7.74633,-17.8817,8.58456,48.108
82866,3285,3298,3533,3351,3458,3791,3955,3700,3885,4542,5248,4593,4018,6146,9807,5853,33.1152,6.44685,8.50965,48.3087
82867,3191,3248,3296,3449,3245,3365,3717,3956,3461,3873,4821,6709,3433,3815,5970,12084,23.3965,30.8591,8.87836,47.7553
82868,3892,3922,3533,3182,5306,4863,3770,3336,7849,6994,4206,3479,5740,5116,3897,3564,8.01542,-16.5855,8.76942,48.4327
82869,3479,3341,3257,3094,4148,3960,3528,3303,5785,5830,4227,3526,8347,8184,4611,3660,21.4388,-14.8185,8.56234,48.1867
82870,3320,3451,3207,3083,3898,3765,3493,3311,5555,4977,3955,3393,10364,8083,4321,3467,29.1831,-18.365,8.72162,47.762
82871,3341,3667,4513,5570,3413,3805,5547,9075,3303,3669,4730,6532,3210,3467,3861,4257,-4.88819,23.4327,8.69269,47.9733
82872,3210,3291,3418,3269,3622,3877,3657,3601,3966,4796,5098,4286,4336,7248,9022,5480,28.9919,3.33846,8.62772,48.118
82873,3092,3277,3467,3487,3279,3558,3919,4090,3567,4119,5834,6240,3506,4482,7706,8944,21.2343,17.2694,8.53581,48.378
82874,11168,7493,4132,3517,5874,5002,3875,3468,3961,3807,3487,3254,3386,3402,3200,3070,-27.0335,-20.4508,8.70846,48.064
82875,3727,3606,3391,3097,4454,4422,3683,3341,7187,7107,4301,3547,6537,6325,4281,3571,13.0873,-15.2684,8.97506,48.3847
82876,12634,6248,3991,3315,6269,4653,3741,3422,3976,3899,3474,3224,3425,3298,3212,3041,-27.3947,-27.8901,8.75965,47.8813
82877,3277,3599,3853,3721,3641,4237,5185,4353,3768,5148,7980,5210,3696,4480,5470,4538,7.34364,7.30101,8.52228,48.104
82878,3323,3679,4583,5939,3416,3852,5062,9728,3262,3629,4585,6462,3212,3448,3906,4170,-5.70918,31.7932,8.98262,48.1707
82879,3483,3308,3287,3053,4021,3839,3476,3253,5245,5406,4077,3589,8239,9148,4895,3709,27.5322,-13.5922,8.53771,48.0187
82880,3933,5347,8133,5917,3763,4726,6800,5269,3451,3722,4031,3856,3167,3386,3505,3432,-18.1822,8.53989,8.98829,48.292
82881,4239,6691,8826,5259,3980,4961,5584,4522,3467,3719,3858,3596,3209,3362,3328,3202,-23.1212,3.45616,8.52472,47.8687
82882,7728,5096,3837,3375,9242,5366,3786,3321,5114,4217,3556,3284,3776,3618,3303,3110,-12.1193,-31.1632,8.50458,47.8193
82883,3279,3464,3539,3606,3545,3965,4540,4213,3763,5074,8020,5374,3677,4647,6410,5005,11.8852,7.88868,8.85611,48.0807
82884,3386,3979,6103,9250,3327,3964,5556,7800,3278,3546,4084,4400,3025,3105,3532,3542,-17.1609,21.5893,8.84856,47.918
82885,3888,3757,3386,3170,5782,4410,3525,3269,10058,5087,3823,3375,6433,4739,3847,3313,8.16804,-31.6001,8.86539,47.908
82886,4039,6249,9491,5957,3796,4599,5608,4645,3426,3715,3936,3596,3127,3290,3358,3272,-24.047,6.10091,8.98109,48.0693
82887,3126,3199,3426,3322,3236,3561,3759,3952,3444,3796,4988,5914,3435,4251,7518,10954,28.7571,20.1825,8.68772,47.9207
82888,3760,4705,5532,4538,3913,5696,7955,5095,3687,4305,4999,4091,3387,3587,3729,3556,-8.73442,5.27803,8.65977,48.3567
82889,4216,3912,3405,3206,6826,4704,3702,3312,9515,5223,3917,3388,5759,4473,3697,3215,4.40651,-31.0328,8.93659,48.3133
82890,3321,3508,4107,4262,3451,3769,5417,6346,3469,4019,6397,7680,3199,3783,4703,4944,3.28352,18.1607,8.54235,48.25
82891,5695,9636,6265,4138,4579,5174,4404,3851,3713,3842,3697,3452,3290,3529,3234,3196,-31.8212,-5.81743,8.73822,47.7967
82892,7608,5021,3750,3345,9811,5179,3773,3426,5160,4250,3524,3211,3798,3542,3358,3135,-11.468,-30.2928,8.99562,47.9273
82893,3413,4052,6078,7680,3395,4084,6211,7574,3303,3647,4201,4658,2992,3342,3563,3581,-14.5401,18.8853,8.56989,47.8493
82894,3211,3342,3466,3291,3503,3833,4105,3838,3926,5181,6711,4748,4113,5839,7905,5187,17.2941,4.68382,8.79054,48.1327
82895,3286,3571,4137,4812,3292,3804,4925,8112,3420,3703,5084,8260,3305,3567,4175,4803,0.255085,26.1261,8.54374,48.1707
82896,3488,4207,7801,10477,3540,3985,5023,5770,3238,3547,3868,3871,3094,3209,3239,3399,-33.4527,18.5358,8.82275,47.8373
82897,4791,8148,8243,4807,4084,4960,5002,4230,3514,3833,3708,3531,3286,3476,3321,3250,-31.8759,0.105189,8.6969,48.1227
82898,3112,3418,3422,3310,3476,3573,3901,3847,3695,4641,6119,5059,3894,5702,9066,6195,21.5479,7.82816,8.78866,48.2867
82899,3459,3513,3318,3262,3958,4084,3740,3327,5419,6624,4623,3629,6393,8122,5071,3711,18.1013,-10.0658,8.66823,48.1687
82900,3346,3690,4807,6741,3371,3792,5211,9990,3304,3611,4232,5698,3118,3480,3772,4002,-8.95806,30.2919,8.63013,48.11
82901,6515,9952,5795,3860,4801,5187,4414,3787,3706,3837,3469,3440,3273,3389,3316,3188,-31.8996,-7.99426,8.79389,47.9527
82902,3792,5010,7599,5978,3642,4723,7342,5522,3419,3773,4239,3988,3134,3351,3560,3358,-15.9073,9.36554,8.98071,48.2867
82903,3097,3296,3355,3394,3224,3427,3889,3933,3336,3901,5067,5804,3424,4207,7847,10813,33.5212,19.127,8.91464,48.0093
82904,6656,4966,3795,3426,9906,5116,3845,3320,5524,4372,3516,3406,3832,3738,3333,3252,-9.06117,-32.8603,8.844,48.002
82905,9005,8779,4572,3568,5771,5305,4001,3471,3903,3927,3463,3259,3450,3390,3227,3087,-24.5908,-15.6922,8.76737,48.1187
82906,4519,7522,8050,4738,4155,5524,5505,4314,3562,3827,3888,3704,3170,3382,3385,3300,-21.1472,0.9084,8.84808,48.3633
82907,3243,3486,3801,3599,3438,3887,4895,4577,3538,4579,8020,6550,3483,4086,5693,5411,9.46925,12.5917,8.82183,48.1907
82908,3332,3384,3245,3264,3935,3715,3459,3148,5985,4713,3741,3390,12366,6527,3954,3362,32.886,-25.2243,8.8726,47.68
82909,3412,3842,5017,6282,3405,3792,6093,9001,3445,3652,4539,5627,3145,3341,3637,3952,-8.63155,21.0184,8.60819,48.1213
82910,3064,3227,3448,3367,3137,3495,3774,3849,3360,3699,4701,5982,3471,3997,6657,12203,31.3193,23.3449,8.89734,47.6207
82911,3756,3940,3828,3586,4274,5838,5156,3931,4487,6970,6061,4159,3909,4578,4367,3745,2.56607,-2.28521,8.8102,48.39
82912,3377,3374,3076,3115,3941,3745,3422,3346,5807,4798,3771,3390,12694,6051,3956,3362,28.5529,-32.7683,8.89683,47.4833
82913,3386,3388,3208,3028,4043,3866,3534,3148,6679,5266,3839,3370,10787,6901,4130,3424,22.3795,-20.9144,8.92783,47.998
82914,3439,3944,6098,12492,3459,3831,4761,6084,3168,3487,3790,3966,3159,3245,3356,3397,-28.5628,30.6299,8.56978,47.784
82915,3313,3885,6208,11101,3207,3724,5167,7363,3164,3413,4011,4115,3092,3296,3416,3411,-20.7789,25.5252,8.69512,47.924
82916,3361,3895,4966,6402,3329,3830,5956,9294,3263,3638,4608,5641,3189,3327,3755,3894,-8.34232,22.1998,8.96856,48.232
82917,9178,5955,3962,3363,8171,5422,3845,3240,4545,4010,3568,3236,3501,3513,3283,3075,-16.3745,-23.3681,8.91741,47.9113
82918,5425,4473,3529,3247,9101,5370,3779,3373,6778,4908,3753,3326,4262,3958,3576,3191,-3.85192,-24.5562,8.72721,48.0327
82919,3375,3769,4968,5552,3505,4128,6742,8133,3251,3711,4981,5689,3204,3374,3851,3914,-6.6791,17.9919,8.71121,48.098
82920,3199,3308,3415,3479,3272,3509,3798,4019,3401,3982,5232,5711,3497,4301,8037,10236,32.2209,17.8172,8.60986,48.264
82921,3956,5084,5894,4592,4009,6200,7374,4717,3666,4373,4568,3817,3281,3627,3604,3471,-10.8622,2.63746,8.96056,48.1553
82922,3320,3902,6047,12387,3224,3752,4705,6242,3254,3517,3773,3968,3246,3316,3355,3488,-33.5648,27.6473,8.79931,47.664
82923,3180,3235,3413,3442,3255,3365,3893,3908,3458,3873,4914,5875,3399,4093,7013,11634,30.2421,22.2162,8.51848,47.9667
82924,7256,6269,4190,3490,7562,6410,4225,3425,4596,4405,3739,3348,3557,3502,3324,3063,-14.1614,-17.6205,8.75735,48.2407
82925,3227,3396,3256,3353,3492,3751,3754,3580,4061,4915,5241,4397,4652,7700,8546,5010,25.6884,1.7353,8.6856,48.2207
82926,4070,6057,7660,5078,4174,5422,6480,4605,3580,3934,4083,3734,3207,3407,3477,3343,-17.1794,3.96657,8.70658,48.2073
82927,3311,3364,3384,3272,3392,3795,3805,3744,3974,4858,5499,4547,4373,6901,8795,5216,23.2863,3.65786,8.74435,48.1533
82928,7603,5101,3761,3335,9674,5291,3881,3339,5256,4173,3613,3247,3715,3677,3336,3062,-11.2123,-26.7393,8.78537,48.0427
82929,5005,6997,5089,3969,5056,7433,5356,3922,3814,4447,3951,3499,3571,3518,3432,3255,-14.091,-5.9764,8.89044,48.2093
82930,3180,3229,3429,3344,3147,3498,3742,4150,3325,3779,4854,6492,3396,3921,6516,12048,25.2316,24.7203,8.88417,48.0333
82931,3159,3455,3407,3303,3598,3768,3927,3546,3998,5084,5855,4347,4353,6976,8494,5077,21.3609,2.67725,8.9416,48.2313
82932,3256,3668,3622,3534,3598,4085,4751,4056,3880,5510,7814,5218,3789,4692,6003,4649,10.1326,6.10756,8.55039,48.0833
82933,3240,3236,3394,3514,3135,3335,3696,3918,3357,3682,4827,6074,3265,3924,6081,12509,32.3688,27.7671,8.63323,47.458
82934,3270,3475,3727,4187,3255,3720,4545,6487,3356,3736,5284,9524,3366,3647,4522,5861,5.3683,29.6118,8.59662,47.9747
82935,3521,3549,3229,3110,4250,4005,3566,3178,7313,5659,3978,3391,9407,6471,4087,3413,18.2712,-20.834,8.73134,48.0847
82936,3311,3553,3994,4365,3308,3757,4870,7688,3384,3800,5120,9018,3244,3537,4256,5060,2.243,32.4208,8.8653,48.1767
82937,4261,5210,4762,3844,4546,7541,6394,4138,3997,5004,4578,3842,3638,3670,3726,3444,-7.82504,-2.41329,8.9638,48.3967
82938,3119,3380,3271,3397,3455,3672,3730,3544,3990,4822,5243,4412,4454,7198,9282,5322,27.3783,3.30288,8.7474,48.194
82939,3357,4103,7380,10919,3371,3816,5182,6069,3242,3424,3864,4017,3120,3122,3396,3391,-25.2566,20.4838,8.93974,47.8487
82940,3321,3509,3435,3145,3546,3727,3946,3648,4193,5604,5927,4379,4530,6852,7308,4739,18.8931,1.18534,8.76828,47.8727
82941,4250,4664,4063,3615,5224,7658,4981,3771,4833,6245,4553,3697,3904,4101,3797,3450,-2.59142,-7.87406,8.95604,48.5373
82942,3151,3336,3584,3520,3242,3498,4005,4597,3328,3853,5269,8344,3423,3877,5721,9497,16.6648,25.0685,8.77503,48.1633
82943,5167,8075,6606,4399,4527,5933,5241,3920,3656,3942,3877,3569,3336,3377,3392,3248,-19.705,-3.32787,8.50053,48.1767
82944,3375,3424,3351,3049,4093,3923,3577,3391,6028,5526,4053,3528,8979,8156,4514,3677,22.3709,-16.4703,8.63641,48.4293
82945,4061,6312,9861,6040,3817,4470,5140,4655,3464,3753,3736,3531,3167,3317,3353,3256,-28.2728,5.98427,8.92062,47.9553
82946,3106,3344,3537,3273,3471,3700,3992,3758,3744,4617,6370,5036,3958,5486,8776,6099,20.1127,8.10079,8.65714,48.178
82947,3622,4776,8104,7105,3657,4347,6370,5910,3235,3604,4043,4035,3121,3400,3490,3451,-18.707,12.7931,8.81691,48.18
82948,5292,7635,5619,4030,4820,6987,5118,3839,3816,4098,3877,3601,3359,3475,3393,3223,-16.7952,-5.72881,8.69312,48.1213
82949,3242,3266,3299,3236,3289,3596,3786,3828,3607,4274,5089,5197,3706,5031,9862,7557,33.2421,11.5616,8.96123,47.91
82950,12251,6880,4073,3440,5860,4898,3737,3436,3915,3783,3371,3117,3400,3363,3235,3008,-30.1401,-23.472,8.95164,47.8447
82951,3417,4030,5896,12627,3388,3789,4779,6361,3251,3400,3710,3928,3117,3204,3258,3299,-26.4454,32.0791,8.81939,47.636
82952,5663,9605,6633,4167,4599,5448,4653,3905,3756,3857,3708,3400,3348,3320,3353,3100,-24.4795,-4.8499,8.99914,48.3433
82953,4283,3950,3478,3171,6512,5019,3802,3400,8677,5959,3931,3383,5314,4514,3643,3304,4.10231,-21.604,8.94161,48.2267
82954,6114,6107,4208,3491,6964,7487,4438,3607,4570,4467,3726,3321,3693,3619,3351,3196,-11.8292,-14.2912,8.51456,48.2393
82955,3137,3261,3514,3552,3199,3411,4019,4537,3523,3926,4972,8210,3369,3871,5578,9832,17.2386,31.7191,8.5321,47.9407
82956,3367,3430,3368,3207,3783,4040,3778,3405,5119,6557,4730,3793,5935,8475,5311,3914,18.8921,-8.38152,8.7494,48.1413
82957,3124,3326,3526,3503,3405,3698,4326,4092,3702,4428,7224,5881,3677,4670,6960,6184,14.9602,11.7924,8.52877,47.8173
82958,8265,9251,4831,3549,5261,5290,4184,3605,3747,3937,3610,3322,3428,3390,3195,3129,-31.8214,-13.4819,8.60952,47.996
82959,4258,6787,9142,5388,4006,4779,5561,4555,3468,3718,3900,3577,3190,3407,3290,3197,-24.49,3.78219,8.99555,48.1487
82960,9358,5471,3913,3283,8796,5173,3833,3345,4598,3979,3572,3243,3521,3474,3301,3164,-15.7869,-28.6639,8.64498,48.016
82961,3149,3335,3410,3433,3099,3459,3807,3839,3441,3781,5021,5845,3394,4174,7266,11352,32.4642,20.595,8.78014,47.87
82962,7558,9601,5148,3705,4892,5170,4215,3690,3758,3801,3678,3332,3360,3364,3258,3224,-30.5259,-11.491,8.55395,47.836
82963,6585,10018,5740,3903,4842,5305,4398,3656,3662,3728,3716,3299,3236,3342,3183,3074,-27.9918,-8.73496,8.79264,47.7913
82964,3165,3452,3808,4216,3328,3733,4971,6208,3397,3903,5891,8940,3359,3723,4626,5572,5.02093,21.9036,8.70312,48.1947
82965,3646,3781,3516,3073,4550,4741,3883,3397,6785,7585,4416,3611,5729,5796,4113,3422,9.99039,-13.6875,8.74338,48.0293
82966,8340,6225,4101,3385,8055,5766,3906,3345,4664,4204,3608,3280,3582,3484,3279,3066,-15.5981,-20.3497,8.97324,48.1933
82967,6519,8289,4923,3798,5559,6595,4479,3658,3976,4056,3785,3358,3457,3504,3354,3101,-18.2513,-11.1104,8.54076,48.274
82968,10015,5560,3867,3519,8398,4980,3786,3414,4376,4036,3499,3355,3501,3485,3250,3058,-17.4794,-32.2046,8.92679,48.066
82969,3485,4071,5151,5340,3483,4431,7292,7241,3423,3913,5087,5258,3307,3464,3779,3846,-6.80457,15.0607,8.53064,48.3807
82970,4099,5619,6635,4637,4063,5739,7095,4704,3690,3946,4322,3808,3343,3417,3485,3385,-13.9317,3.48203,8.55682,47.9913
82971,3148,3321,3381,3380,3410,3678,3785,3748,3789,4456,5559,4618,3977,6068,9593,6270,25.2179,6.73834,8.60271,48.1207
82972,3430,3918,5935,12314,3445,3733,4829,6770,3261,3416,3911,3965,3144,3197,3313,3388,-23.5293,32.6507,8.96341,47.9793
82973,3279,3616,3989,4443,3415,3973,5480,6778,3400,3932,6023,7758,3256,3690,4439,5027,2.23113,19.4287,8.81692,48.332
82974,3779,3630,3322,3118,5409,4314,3609,3218,9901,5311,3849,3361,7154,4968,3675,3377,10.479,-27.2433,8.64144,47.9967
82975,4205,5972,7472,4870,4019,5437,6494,4501,3499,4041,4064,3761,3334,3425,3473,3347,-17.2938,3.10099,8.57912,47.9427
82976,3365,3942,6610,11167,3450,3826,5028,6768,3220,3502,3864,4109,3026,3411,3461,3460,-22.5408,23.3788,8.79744,48.1393
82977,3542,4647,8470,8661,3535,4096,5481,5742,3226,3455,3983,3937,3113,3173,3466,3352,-23.0645,15.5062,8.65363,47.9193
82978,3178,3358,3439,3423,3467,3823,4182,3910,3926,5026,6740,4925,4063,5606,7951,5352,17.5761,6.30252,8.56444,48.246
82979,3146,3513,4148,4666,3240,3818,5163,7813,3385,3852,5321,8373,3344,3462,4233,4871,0.607935,23.8794,8.5227,48.232
82980,3644,3525,3331,3163,4613,4162,3486,3249,9005,5283,3818,3392,8717,5283,3831,3348,14.8214,-30.7192,8.56549,47.9
82981,4044,6396,9697,6132,3780,4549,5292,4634,3491,3680,3821,3728,3215,3408,3321,3179,-28.9262,6.26861,8.53404,48.2447
82982,3868,3592,3316,3221,5726,4339,3635,3349,9818,5256,3754,3381,6675,4802,3703,3420,8.49786,-32.5445,8.6103,47.9033
82983,4495,7741,8706,5086,4015,4784,5104,4328,3499,3665,3727,3650,3260,3387,3307,3301,-32.2867,1.6428,8.90605,48.0367
82984,3425,3987,5576,9153,3307,3811,5272,8598,3223,3546,3949,4613,3048,3312,3515,3613,-16.1654,24.7956,8.94153,47.9653
82985,6525,6725,4373,3544,6661,7067,4300,3503,4399,4281,3687,3465,3447,3479,3422,3082,-14.3085,-14.0863,8.73421,47.9733
82986,6285,6255,4251,3522,7222,7141,4365,3509,4555,4458,3798,3338,3680,3635,3365,3221,-12.219,-15.111,8.50412,48.4
82987,3102,3309,3540,3493,3454,3768,4059,3970,3723,4596,6838,5388,3788,5142,7989,6409,17.8249,9.73133,8.57283,48.3787
82988,3440,3464,3211,3023,4345,4007,3602,3234,7106,5552,4032,3410,9223,6724,4186,3492,18.607,-19.7249,8.82716,48.034
82989,3175,3381,3558,3443,3402,3625,4104,3914,3754,4551,6291,5281,3809,5330,8545,6370,19.6149,9.03877,8.75946,48.3553
82990,3212,3306,3446,3269,3727,3900,3928,3626,4345,6005,5795,4185,4706,7349,6940,4505,18.3011,-0.728006,8.90513,48.1627
82991,6868,9815,5472,3864,4925,5226,4282,3676,3709,3740,3681,3300,3317,3376,3307,3138,-31.6491,-9.65782,8.89386,47.7973
82992,3718,4233,4443,3891,3984,5472,6906,4608,3828,4899,6225,4423,3539,3997,4161,3823,-1.91723,4.18379,8.60234,48.1
82993,10684,7486,4208,3484,6090,5180,3969,3421,4011,3866,3452,3256,3365,3369,3138,3033,-24.7046,-19.9209,8.85645,48.008
82994,4018,4166,3805,3480,5030,6623,4387,3626,5494,7193,4704,3628,4361,4490,3852,3526,1.5457,-9.53477,8.74772,48.2553
82995,3494,3835,4232,4149,3564,4466,6797,5264,3598,4560,7052,5408,3409,3730,4300,4212,0.691329,10.1944,8.57055,48.0467
82996,3409,3683,3987,3753,3675,4473,5680,4338,3836,5452,7857,5027,3667,4335,4881,4248,4.92611,6.15956,8.91152,48.2007
82997,3364,3431,3348,3257,3819,4021,3691,3390,4858,6778,5127,3990,5415,7810,5754,4118,17.7053,-5.3998,8.73368,48.114
82998,8624,7729,4481,3530,6233,5852,4023,3491,4054,3963,3469,3268,3416,3479,3242,3070,-20.2033,-16.285,8.86175,47.9493
82999,3558,3478,3320,3074,4470,4027,3479,3238,8199,5111,3810,3410,9881,5370,3782,3409,17.1338,-29.7823,8.71674,47.744
83000,3774,3753,3523,3136,5413,4506,3705,3361,8942,6067,3877,3388,6447,5029,3825,3311,9.12729,-20.7941,8.7332,48.038
83001,3092,3337,3486,3376,3421,3601,4030,4033,3656,4369,6256,5703,3720,4948,8481,6934,19.3217,11.8966,8.86728,48.2953
83002,3821,5000,8654,6687,3592,4579,6277,5225,3342,3714,4120,3924,3012,3313,3386,3402,-20.2251,10.2896,8.69551,48.032
83003,3202,3331,3396,3296,3554,3860,3695,3671,3978,4653,5064,4265,4392,7338,9165,5288,28.3308,3.15297,8.65112,48.0987
83004,3168,3282,3668,3797,3303,3691,4421,4638,3472,4240,6817,7412,3593,4145,6018,6631,12.6292,16.5914,8.59831,48.1973
83005,4345,6755,9736,5656,3912,4612,5234,4424,3432,3645,3785,3659,3156,3296,3339,3233,-28.4542,4.8048,8.91038,48.146
83006,3124,3217,3397,3449,3242,3700,3854,3953,3355,4245,5519,5540,3666,4762,8711,8541,23.6723,14.6942,8.62731,48.1833
83007,3327,3937,5448,9048,3264,3916,5240,8948,3334,3532,4096,4559,3125,3250,3507,3624,-15.2978,28.6383,8.60763,48.1033
83008,3946,3670,3401,3126,5881,4428,3730,3229,9972,5453,3899,3455,6436,4783,3673,3293,7.84642,-26.9107,8.96631,48.25
83009,3430,3882,5837,12753,3456,3675,4686,6209,3302,3353,3828,3942,3168,3163,3242,3542,-26.1705,31.9232,8.85596,47.6453
83010,3320,3576,3653,3643,3530,4274,5017,4135,3829,5536,8067,5194,3692,4543,5519,4669,9.04562,6.41358,8.60846,48.1313
83011,4188,4848,4268,3794,4926,7869,5456,3941,4425,5599,4785,3743,3692,3947,3705,3443,-4.6956,-5.44704,8.73326,48.4193
83012,3258,3512,3820,3691,3498,4078,5251,4668,3660,4744,8017,6172,3513,4180,5458,4987,7.40748,10.6968,8.60033,48.338
83013,3603,4373,8010,9944,3462,3917,5217,5936,3255,3431,3797,3965,3067,3199,3327,3320,-24.3628,17.8834,8.92673,47.882
83014,3645,3563,3266,3135,4565,4069,3542,3297,8221,5837,3972,3427,8087,5951,3884,3492,14.6272,-20.8931,8.65329,47.9687
83015,3266,3663,4307,4656,3410,4094,6332,6705,3434,4035,6055,6551,3319,3720,4334,4388,-0.724856,16.3902,8.88307,48.1793
83016,3289,3334,3304,3281,3633,3800,3647,3390,4471,5169,4594,3827,5768,9730,6478,4117,31.2765,-5.49421,8.98143,47.888
83017,3168,3516,4125,4307,3498,3758,5465,6440,3392,4020,6226,7962,3313,3656,4508,5108,2.73424,19.1337,8.97395,48.308
83018,5102,4228,3627,3229,8813,5138,3818,3365,7591,4821,3813,3244,4530,4100,3398,3116,-2.00778,-25.3126,8.62026,47.9553
83019,3274,3699,5042,6258,3431,3957,5990,9149,3318,3696,4628,5725,3091,3265,3752,3993,-7.96154,21.9219,8.86176,48.1787
83020,4237,4650,3931,3469,5440,7503,4733,3718,4972,6394,4337,3686,3992,4181,3731,3454,-1.94811,-9.29499,8.88964,48.2853
83021,3359,3395,3184,3151,3762,3892,3591,3377,5164,5229,4169,3532,7830,9353,5005,3696,30.1406,-12.1381,8.56371,47.7927
83022,3851,3980,3706,3370,4485,5761,4417,3650,5316,7875,5195,3795,4354,4941,4087,3534,4.97838,-7.23652,8.64497,48.2113
83023,3370,3413,3284,3134,3970,3810,3486,3123,5352,5238,4063,3502,8791,9088,4794,3662,28.0388,-14.9374,8.72629,48.0533
83024,5828,7340,4853,3568,5664,7424,4661,3680,4123,4317,3694,3452,3521,3511,3387,3135,-14.8108,-10.2019,8.70115,48.1053
83025,3217,3529,4629,5777,3327,3986,5404,9598,3285,3600,4577,6519,3226,3432,3963,4061,-5.43692,25.9057,8.99197,48.0867
83026,3160,3456,3718,3779,3418,3800,4929,5164,3505,4218,7200,7533,3518,4035,5431,5803,8.85458,15.8917,8.95533,48.4447
83027,4415,4245,3649,3251,6561,5784,4028,3450,7095,6226,4052,3414,4760,4418,3674,3396,1.27712,-17.5095,8.60161,48.2787
83028,3327,3394,3314,3196,3590,3717,3845,3459,4084,5040,5018,4183,4746,8348,8080,4689,25.5843,-0.0700555,8.72885,48.02
83029,3234,3375,3566,3595,3292,3604,4327,4485,3456,4136,6559,7499,3439,4109,6257,7493,14.6832,17.7078,8.65773,48.284
83030,9333,6626,4040,3487,7361,5645,3914,3296,4419,4048,3541,3243,3505,3433,3261,3119,-18.209,-20.4322,8.97896,48.1807
83031,3576,4535,8485,8493,3528,4111,5722,5871,3393,3531,3907,3925,3154,3249,3325,3441,-22.209,15.2891,8.84908,48.164
83032,4065,6260,9730,5705,3871,4582,5209,4609,3416,3717,3721,3577,3268,3230,3380,3250,-32.9981,6.0215,8.7217,47.7267
83033,5818,4520,3639,3338,9711,5178,3731,3439,6356,4573,3640,3266,4048,3902,3347,3186,-5.76205,-33.3571,8.84639,47.7947
83034,3456,3368,3168,3127,3889,3786,3419,3245,5890,4931,3716,3408,11950,6713,4002,3405,31.1164,-23.0787,8.74972,47.6487
83035,3046,3261,3456,3544,3320,3480,4115,4566,3300,3874,5301,8407,3381,4022,5702,9505,16.338,25.6539,8.83163,48.1867
83036,3043,3315,3291,3432,3196,3469,3865,3964,3462,3949,4981,5659,3428,4448,8101,10150,31.1435,17.7509,8.63316,47.8353
83037,3340,3394,3336,3174,3860,3612,3366,3318,5982,4817,3783,3349,12631,6048,3987,3362,30.6708,-32.314,8.75319,47.5727
83038,3702,4992,8822,7382,3650,4308,6022,5381,3313,3586,3884,3871,3194,3314,3399,3398,-21.8133,12.1125,8.57401,48.1453
83039,3225,3619,4322,5179,3272,3777,5241,8831,3409,3734,4927,7412,3317,3491,4101,4417,-2.21685,25.8019,8.69301,48.1827
83040,12759,6106,3969,3413,6135,4739,3791,3318,3935,3840,3429,3239,3404,3432,3230,3071,-29.3838,-28.7174,8.53561,47.8733
83041,3388,3437,3238,3153,4121,3771,3574,3219,7054,4898,3732,3387,11579,5746,3864,3293,22.3576,-30.0052,8.62331,47.636
83042,7606,9840,5156,3710,4964,5246,4201,3634,3786,3827,3498,3409,3258,3367,3185,3060,-32.2791,-11.4885,8.87375,47.8313
83043,3580,4077,4364,4065,3934,5375,6889,4643,3794,5184,6419,4466,3499,3935,4272,3925,-1.03484,4.55869,8.57352,48.2807
83044,3333,3653,4495,5648,3437,3871,5165,9554,3419,3691,4646,6412,3253,3471,3856,4153,-5.41315,33.0439,8.66315,48.038
83045,3404,3884,5904,8990,3390,3907,5524,8161,3250,3599,4050,4573,3048,3311,3574,3551,-16.2604,23.3922,8.82554,48.08
83046,12510,5908,3851,3511,5871,4761,3769,3369,3901,3752,3397,3217,3549,3345,3339,3213,-31.723,-31.3302,8.81802,47.5087
83047,3324,3960,5854,7979,3446,3908,5848,8153,3211,3504,4243,4653,3185,3338,3594,3525,-14.3478,21.2103,8.5267,47.8167
83048,3196,3316,3528,3635,3232,3483,4088,4749,3355,3808,5102,9214,3310,3752,5194,8698,14.3071,28.8343,8.94749,47.7733
83049,5981,9593,6325,4144,4579,5180,4639,3933,3667,3861,3722,3412,3306,3341,3261,3195,-27.414,-5.94507,8.72511,48.0927
83050,4032,3717,3231,3208,6135,4564,3465,3305,9868,5156,3828,3332,6359,4665,3689,3338,7.44658,-29.3493,8.54254,47.928
83051,10698,6411,4058,3392,7070,5276,3815,3441,4162,3954,3505,3231,3460,3480,3183,3089,-21.4146,-23.3654,8.61011,48.15
83052,3227,3622,4256,4843,3342,4001,6041,7489,3515,3986,5674,6859,3224,3639,4219,4466,-1.32111,18.9045,8.78788,48.2687
83053,3577,3460,3237,3206,4656,4182,3549,3226,9011,5120,3744,3346,8721,5523,3787,3339,14.4253,-32.6492,8.94883,47.7893
83054,11916,6715,4015,3415,5937,4891,3787,3338,3899,3818,3598,3182,3367,3279,3206,3183,-29.8741,-22.9983,8.92275,47.6973
83055,3372,3472,3598,3310,3765,4255,4173,3726,4370,6567,6322,4432,4462,6139,6148,4468,14.2728,-0.384758,8.6902,48.386
83056,5001,4345,3570,3318,9047,5099,3744,3285,7469,4737,3661,3437,4540,4129,3569,3187,-2.3487,-29.6489,8.71844,48.092
83057,12576,5999,3834,3409,6174,4868,3742,3299,3855,3808,3514,3242,3290,3435,3187,3234,-27.6316,-31.4208,8.62922,47.644
83058,12372,6247,3917,3396,6204,4677,3924,3371,3849,3898,3552,3212,3351,3398,3352,3080,-27.0213,-27.2907,8.56668,47.8667
83059,3234,3281,3437,3345,3448,3782,3878,3778,3725,4283,5233,4901,3817,5444,9821,7051,31.3937,9.77252,8.57723,48.3053
83060,3308,3310,3405,3301,3548,3732,3802,3622,4177,4792,4959,4227,4591,7968,8717,4959,32.2942,1.15606,8.80245,48.2787
83061,4706,5251,4066,3577,6083,8002,4726,3594,4765,5547,3926,3425,3875,3880,3611,3325,-6.07993,-10.5397,8.76667,48.2393
83062,3151,3360,3496,3348,3488,3702,4006,3730,3876,4769,6259,4847,4067,5879,8597,5690,19.9082,6.29037,8.69963,48.1767
83063,6330,4651,3619,3274,9919,5398,3788,3383,6233,4416,3610,3148,3956,3826,3387,3274,-6.98085,-27.7563,8.96189,48.1413
83064,3008,3309,3399,3453,3299,3353,3832,4286,3304,3902,5154,7285,3389,3974,6324,10621,20.186,23.557,8.8212,47.928
83065,4021,6139,9861,6121,3671,4538,5225,4592,3413,3764,3769,3573,3107,3316,3324,3288,-27.7164,6.38716,8.70758,47.8147
83066,3122,3161,3275,3371,3244,3478,3785,3890,3297,3806,4756,6118,3368,3915,6062,12590,26.9945,28.7747,8.77712,47.492
83067,3146,3088,3360,3366,3409,3503,3937,3831,3520,4171,5389,5146,3687,5172,9900,7673,28.745,11.9063,8.91092,48.1987
83068,3495,4455,8232,9521,3505,4003,5468,5735,3346,3463,3856,3838,3078,3131,3429,3370,-24.3255,16.6811,8.90535,47.95
83069,3921,6161,9731,6162,3794,4578,5522,4612,3388,3609,3861,3763,3198,3296,3378,3328,-25.3931,7.18961,8.71887,48.2013
83070,4397,6188,6180,4411,4229,6376,6415,4341,3700,4230,4126,3711,3250,3460,3579,3387,-14.0495,0.203807,8.51407,47.9867
83071,3374,3347,3482,3401,3675,4038,4348,3917,4229,6096,6839,4503,4237,5851,6657,4528,14.2212,1.62373,8.87982,48.348
83072,3211,3197,3401,3395,3446,3715,3855,3746,3839,4703,5935,4857,4007,5838,9190,6129,22.3097,7.23381,8.85243,48.3093
83073,3016,3236,3419,3586,3283,3550,3992,4068,3452,4095,5723,6092,3527,4421,7791,8767,21.3136,16.8582,8.70341,48.012
83074,3375,3891,5328,8856,3321,3801,5167,8923,3201,3475,4168,4692,3180,3252,3483,3562,-14.6267,30.8469,8.97091,47.7833
83075,11865,6938,4023,3424,5803,5010,3812,3328,3967,3763,3439,3159,3410,3303,3323,3104,-32.4657,-22.3051,8.88869,47.7807
83076,3474,3642,3427,3244,4394,4646,3888,3464,6090,8044,4687,3728,5323,5963,4397,3716,10.6763,-10.9497,8.81724,48.0847
83077,3603,4045,4364,4076,3889,4893,6709,4810,3744,4752,6617,4704,3580,3940,4318,4119,-0.260706,6.16153,8.55336,48.1087
83078,7467,5113,3802,3373,9639,5212,3753,3360,5309,4193,3558,3268,3701,3572,3286,3169,-11.0912,-29.6287,8.57597,47.85
83079,3641,5032,9283,8014,3585,4277,5500,5241,3213,3524,3914,3911,3059,3274,3312,3310,-26.5009,12.5687,8.62998,48.06
83080,3350,3709,4319,4614,3465,4230,6430,6774,3387,4073,6031,6362,3264,3691,4246,4413,-0.950369,15.8486,8.85204,48.2387
83081,8228,6012,4064,3492,7999,5985,3919,3399,4559,4019,3591,3265,3592,3583,3286,3134,-14.8987,-20.4672,8.74379,48.0847
83082,3524,3406,3306,3129,4543,4091,3630,3331,8598,5200,3742,3448,9461,5495,3799,3482,16.0971,-30.6748,8.59522,48.1233
83083,5118,6904,4998,3907,5030,7571,5184,3896,4133,4539,4015,3497,3389,3481,3484,3252,-13.6624,-6.6357,8.51945,48.2653
83084,5315,6787,4996,3884,5333,7586,5045,3795,3998,4469,3902,3515,3470,3530,3400,3208,-13.8854,-7.4058,8.75036,48.1553
83085,3380,3478,3284,3100,3992,3804,3468,3257,6590,4854,3976,3433,11816,6372,4055,3344,24.6669,-25.3685,8.55579,48.1353
83086,3803,4813,6056,4835,3843,5358,8172,5189,3560,3944,4641,4120,3171,3522,3510,3606,-10.8631,6.91047,8.78045,48.0953
83087,11619,6902,3968,3342,6045,4819,3764,3359,3943,3811,3500,3200,3475,3387,3303,3202,-33.3836,-22.7739,8.80532,47.7593
83088,3429,4016,6556,11957,3356,3896,5054,5838,3262,3388,3778,3989,3047,3237,3301,3448,-33.1432,23.5107,8.70336,47.7013
83089,3299,3477,3426,3353,3455,3944,4222,3868,4163,5937,6617,4568,4358,6066,7018,4739,15.846,2.34531,8.79132,48.34
83090,7466,9022,5065,3640,5313,5731,4154,3540,3836,3891,3616,3274,3270,3407,3234,3109,-23.2148,-12.3197,8.67435,47.712
83091,3600,4369,6145,5615,3635,4611,7759,6318,3499,3965,4611,4426,3255,3393,3581,3645,-11.5855,11.6419,8.84292,48.2847
83092,3487,4289,7977,10491,3433,4033,4941,5743,3266,3576,3794,3967,3152,3239,3470,3351,-29.5418,18.5577,8.72689,48.1393
83093,12340,5934,3915,3372,6504,4880,3811,3443,4035,3868,3505,3207,3314,3367,3109,3078,-24.3179,-30.3452,8.65591,47.788
83094,3364,3690,4611,5383,3332,3889,5950,8666,3387,3769,4979,6424,3265,3561,3980,4134,-4.47477,21.0172,8.94966,48.256
83095,3611,4260,5048,4653,3677,4849,8133,5727,3493,4247,5421,4605,3354,3635,3849,3767,-6.26984,9.37503,8.68251,48.2193
83096,3506,4259,8016,10153,3501,4028,5047,5755,3177,3570,3900,3918,3077,3302,3369,3366,-32.4319,18.2215,8.77098,47.9627
83097,3082,3254,3410,3317,3329,3562,3959,3852,3668,4294,5717,5480,3765,4982,9055,7686,23.3412,12.5003,8.81937,48.2747
83098,3129,3397,3750,3948,3243,3534,4389,5868,3386,3865,5200,9926,3301,3787,4757,6623,8.39478,27.0853,8.57384,48.0687
83099,3157,3589,3993,4120,3415,4016,5541,5676,3491,4199,6907,7262,3329,3779,4783,4918,4.0503,15.7281,8.74931,48.1167
83100,3504,4441,7071,7431,3441,4266,6479,6717,3288,3615,4284,4291,3208,3254,3566,3443,-16.108,15.557,8.97405,48.1993
83101,3949,5476,7749,5304,3990,5075,7028,4910,3536,3929,4093,3853,3242,3377,3415,3450,-16.5165,5.76691,8.72589,48.2507
83102,4034,6142,9742,6168,3774,4440,5084,4735,3449,3576,3767,3669,3257,3395,3403,3379,-32.2131,6.71654,8.67385,48.0093
83103,9269,5339,3796,3358,8744,5278,3819,3251,4571,3996,3512,3262,3651,3457,3189,3147,-15.7798,-29.2596,8.77715,47.7593
83104,3992,4518,4321,3851,4395,6578,5894,3975,4304,5755,5336,4062,3715,4075,3926,3650,-2.50025,-1.61367,8.53481,48.2313
83105,3396,3882,5979,12281,3317,3872,4834,6629,3311,3454,3740,3938,3093,3257,3403,3476,-24.5753,28.5263,8.76355,47.908
83106,9878,6265,4109,3429,7749,5308,3870,3329,4235,4086,3476,3286,3498,3517,3334,2988,-18.5251,-22.2624,8.99483,48.238
83107,3345,3656,4262,4067,3557,4383,6607,5478,3576,4447,7013,5852,3401,3842,4640,4337,0.943766,11.7229,8.85107,48.3087
83108,3611,4073,4620,4200,3753,5326,7571,4896,3633,4781,6122,4628,3478,3763,3985,3865,-2.83797,5.95316,8.81458,48.2033
83109,3230,3294,3836,4154,3344,3681,4543,6337,3351,3735,5510,9301,3289,3845,4658,5927,6.20829,24.504,8.56709,48.0233
83110,3768,3523,3388,3109,5395,4298,3565,3224,9673,5449,3934,3285,7103,5083,3808,3419,10.411,-24.9931,8.64927,48.016
83111,3841,4441,4923,4286,3992,6139,7542,4615,3761,4728,5493,4038,3455,3822,3926,3630,-5.97438,3.27489,8.94993,48.4213
83112,9543,8726,4663,3578,5412,5138,3883,3517,3724,3737,3554,3311,3395,3350,3298,3232,-28.5316,-16.0297,8.95337,48.0407
83113,3460,3491,3404,3258,4065,4269,3807,3385,5260,7509,4944,3694,5670,7350,5074,3902,14.974,-8.07009,8.88951,48.3613
83114,4081,5182,4939,4097,4534,7245,6689,4277,3973,4712,4584,3836,3533,3597,3731,3485,-8.09544,-0.760804,8.7148,48.33
83115,3204,3361,3499,3221,3535,3785,3720,3659,4042,4751,5025,4335,4454,7399,8762,5063,32.4751,2.40551,8.81026,47.8767
83116,3306,3471,3795,3767,3428,3836,4811,4522,3505,4551,7960,6545,3554,4236,5552,5332,9.08561,12.4152,8.88051,48.114
83117,3505,3868,5340,6865,3524,3962,6227,8864,3365,3648,4434,5123,3158,3342,3690,3724,-10.6303,20.3857,8.72799,48.426
83118,3003,3348,3611,3680,3288,3550,4232,4972,3358,3832,5400,9138,3298,3873,5273,8226,12.7805,25.599,8.66315,48.0547
83119,3244,3392,3321,3201,3636,3658,3709,3488,4312,5020,4782,4035,5021,8846,7746,4516,30.4593,-1.91252,8.82036,47.9513
83120,3069,3259,3455,3491,3265,3520,4030,4222,3356,3948,5201,7130,3409,4187,6538,10391,20.6403,22.2261,8.67753,48.314
83121,7855,9662,4945,3620,5079,5313,4108,3621,3868,3810,3564,3344,3392,3437,3310,3147,-30.192,-12.2954,8.5181,48.05
83122,3224,3393,3527,3428,3370,3681,4203,4120,3667,4401,7214,6228,3666,4446,7122,6604,15.2069,12.7636,8.68095,48.196
83123,3310,3835,5003,7342,3422,3748,5184,9972,3277,3633,4289,5378,3161,3274,3660,3665,-10.6612,29.3758,8.70239,48.102
83124,3253,3334,3296,3141,3696,3973,3911,3503,4219,5830,5295,4165,4854,8117,7074,4450,20.9082,-1.71104,8.70679,48.074
83125,5554,8435,5781,3835,4957,6485,4852,3855,3825,4141,3756,3513,3356,3388,3405,3200,-18.8095,-6.64059,8.80247,48.2253
83126,3143,3344,3337,3344,3513,3551,3734,3710,3780,4503,5232,4606,4015,6272,10093,6069,28.4489,6.85385,8.85735,48.164
83127,3195,3321,3446,3379,3341,3570,4061,3762,3592,4210,5918,5587,3704,4885,8541,7609,21.0346,12.9856,8.63038,48.0807
83128,3873,5719,10004,6256,3640,4491,5308,4764,3527,3633,3833,3800,3307,3226,3354,3301,-33.8725,7.98327,8.70943,48.024
83129,4551,7678,8367,5035,4170,5013,5314,4252,3502,3796,3789,3457,3177,3297,3363,3335,-23.5258,1.59766,8.73611,48.064
83130,3117,3278,3302,3357,3199,3560,3887,3767,3660,4400,5197,4991,3767,5310,10068,7092,32.3521,10.0841,8.87509,47.968
83131,4214,3896,3464,3216,6731,4561,3537,3292,9648,5213,3847,3274,5655,4410,3636,3377,4.83114,-28.4822,8.82513,47.9807
83132,3555,4456,6932,6782,3614,4315,6974,6354,3470,3790,4297,4306,3197,3347,3594,3534,-15.1273,14.0783,8.76043,48.3447
83133,3812,3542,3376,2971,5241,4246,3648,3267,10008,5529,3951,3333,7075,5105,3794,3298,10.5552,-25.4131,8.80988,48.1307
83134,5107,7794,6574,4433,4419,6102,5332,3995,3651,4057,3812,3631,3337,3428,3323,3271,-19.513,-2.80775,8.79428,48.1773
83135,3383,3269,3194,3110,4031,3858,3530,3207,6415,4830,3792,3291,12326,5988,3996,3398,25.8899,-29.3869,8.64502,47.7453
83136,3431,3382,3425,3029,4092,4138,3658,3441,5924,6876,4508,3632,6434,7771,4776,3631,16.9402,-11.5747,8.8502,48.0987
83137,7398,5663,3861,3354,8361,6040,3936,3478,4873,4397,3538,3377,3664,3569,3341,3190,-12.9074,-20.5089,8.65822,48.0267
83138,3441,3395,3179,3046,4136,3868,3429,3307,6967,4951,3830,3396,11066,6277,4063,3326,21.609,-25.6054,8.52156,47.7847
83139,5536,9492,7032,4198,4396,5243,4794,3963,3650,3911,3614,3491,3283,3363,3404,3133,-27.1793,-4.17027,8.70592,48.3353
83140,4867,8059,7647,4721,4170,5425,5365,4080,3506,3882,3784,3532,3352,3320,3431,3177,-23.7006,-0.933964,8.60823,48.212
83141,9255,5609,3826,3334,8751,5180,3830,3292,4652,4059,3583,3258,3663,3574,3325,3100,-15.6874,-28.0442,8.82081,48.194
83142,4480,4125,3533,3318,6802,5549,3802,3365,7801,5947,3970,3333,4828,4411,3602,3312,2.05517,-19.7849,8.7903,48.1187
83143,3209,3319,3350,3328,3364,3654,3803,3618,3838,4751,5746,4541,4145,6585,9383,5450,23.6293,4.77313,8.84932,48.056
83144,3228,3252,3357,3318,3481,3755,3739,3604,3964,4641,5242,4367,4477,7501,8970,5193,27.6961,2.64382,8.69293,48.0593
83145,3375,3691,3565,3254,3953,4540,4122,3714,4787,7581,6016,3992,4685,6265,5134,3918,11.6848,-3.58869,8.92092,48.3947
83146,5056,7495,5843,4051,4584,6818,5509,3925,3665,4119,3969,3531,3477,3549,3454,3283,-16.4652,-3.62935,8.79655,48.2187
83147,5342,9381,6990,4223,4399,5117,4709,3901,3618,3870,3752,3529,3402,3284,3323,3277,-32.8948,-3.83259,8.98091,48.078
83148,12185,6264,3929,3338,6084,4782,3846,3435,3948,3785,3460,3230,3367,3433,3206,3121,-28.5952,-25.9304,8.58832,47.6087
83149,4151,7130,9379,5063,3939,4788,5056,4411,3469,3741,3766,3643,3291,3363,3317,3249,-33.5761,3.49617,8.81522,47.8373
83150,3059,3188,3364,3274,3178,3463,3830,3941,3353,3860,5078,6366,3410,4153,6960,11529,25.0633,22.2508,8.65059,48.004
83151,6597,4750,3670,3382,9760,5364,3775,3449,5758,4387,3604,3182,3990,3747,3321,3179,-8.49288,-26.7624,8.57487,47.9433
83152,3401,3612,3689,3575,3636,4187,4647,4061,4007,5924,7493,4836,4012,5074,5840,4549,10.5491,3.83225,8.73878,48.362
83153,3081,3320,3663,3667,3262,3505,4116,4764,3366,3860,5558,8593,3324,4007,5585,8234,14.1436,22.2773,8.73394,47.9367
83154,3444,3329,3374,3038,3987,3742,3557,3236,6592,4725,3803,3452,12020,5919,3953,3454,24.7823,-32.3238,8.50636,47.75
83155,3933,3717,3327,3063,5880,4370,3601,3258,9810,5503,3809,3313,6412,4739,3743,3290,7.89323,-26.1716,8.9951,47.8453
83156,3761,4044,4300,3774,4007,5564,6513,4392,4175,5611,6183,4246,3702,4084,4191,3819,-0.520269,2.45939,8.79834,48.244
83157,12786,5995,3917,3306,5897,4773,3733,3334,3826,3793,3438,3281,3368,3401,3211,3121,-30.6194,-27.7747,8.9458,47.4533
83158,3271,3921,5427,7332,3379,3945,6072,8745,3263,3659,4324,4992,3198,3302,3631,3772,-11.8502,21.4359,8.57623,48.1553
83159,3516,3647,3306,3118,4899,4080,3598,3318,9216,5274,3847,3417,8437,5410,3968,3359,13.8744,-26.0742,8.74656,48.2733
83160,4950,4251,3568,3329,8687,5079,3763,3374,7752,4992,3709,3329,4540,4007,3654,3175,-1.63161,-26.2983,8.87137,48.106
83161,3271,3331,3384,3119,3703,3891,3520,3442,4709,5332,4539,3674,6179,9831,6305,4077,28.225,-7.10568,8.96467,48.2047
83162,3518,3944,4820,4595,3682,4740,7671,5803,3584,4211,5738,4816,3364,3723,4036,3936,-4.51077,10.163,8.55041,48.1207
83163,10572,6021,3848,3278,7579,5318,3899,3378,4242,4104,3479,3244,3519,3394,3181,3086,-19.6783,-24.2282,8.77031,48.0947
83164,3598,3511,3221,3073,4567,4093,3503,3261,8415,5470,3758,3313,9113,5794,4036,3326,15.9946,-23.1226,8.70738,48.0347
83165,3551,3582,3248,3171,4569,4075,3374,3269,9131,5180,3738,3333,8864,5430,3880,3371,14.8022,-31.1794,8.91387,47.844
83166,3397,4001,6576,12319,3384,3827,4871,6184,3138,3370,3731,3988,3088,3138,3335,3234,-27.5228,24.529,8.87693,47.7207
83167,3183,3515,3551,3493,3457,3961,4473,4032,3833,5090,7644,5282,3782,4851,6648,5195,13.2389,7.78496,8.55737,47.9933
83168,3385,3869,6302,10712,3433,3920,5055,7413,3286,3461,3943,4225,3027,3184,3373,3377,-20.4527,24.5716,8.82207,47.9767
83169,5544,6816,4601,3732,5598,7799,4733,3739,4179,4608,3733,3443,3542,3530,3495,3293,-13.1949,-9.54302,8.86456,48.2567
83170,3331,3784,4659,6131,3392,3661,5126,9934,3371,3573,4492,6109,3138,3434,3794,3954,-7.2037,31.5697,8.86724,47.922
83171,3363,3803,5043,7322,3447,3911,5308,9647,3199,3637,4284,5227,3154,3348,3684,3790,-11.0255,33.4983,8.82422,48.1113
83172,5675,9026,6355,4148,4678,5825,4781,3862,3686,3794,3662,3436,3310,3425,3259,3148,-22.4904,-5.52897,8.59476,48.0467
83173,5268,8415,6268,4088,4823,6453,4995,4061,3718,4061,3856,3359,3319,3457,3302,3231,-19.4155,-5.14736,8.99816,48.4493
83174,6382,9962,5901,3894,4804,5417,4366,3685,3763,3892,3674,3318,3309,3493,3361,3217,-26.4381,-8.20713,8.88722,48.292
83175,4024,5275,6019,4489,4068,6208,7353,4681,3739,4375,4499,3908,3354,3603,3655,3446,-11.405,2.76853,8.88007,48.464
83176,3345,3307,3310,3274,3532,3825,3879,3611,4185,5234,5286,4158,4608,8023,7826,4881,23.7326,-0.104673,8.64703,48.1893
83177,3193,3315,3384,3462,3222,3484,3893,4028,3277,3918,4970,7100,3427,3885,5914,11749,21.8636,32.2722,8.87356,48.1473
83178,3523,3869,4712,4401,3699,4824,7650,5503,3590,4402,6167,4800,3466,3711,4080,4099,-2.9333,8.89461,8.658,48.3307
83179,3406,3663,3630,3467,3776,4637,4773,3874,4149,6520,7361,4442,4038,5039,5249,4325,8.45253,1.61078,8.53653,48.2327
83180,3544,4768,9175,8513,3594,4120,5185,5385,3374,3406,3773,3854,3212,3261,3398,3428,-31.2579,13.9896,8.91543,47.9933
83181,3290,3342,3362,3156,3635,3682,3827,3610,4164,5193,5085,3919,4838,8523,7868,4763,25.0652,-0.671702,8.78634,48.1713
83182,3152,3314,3367,3345,3447,3634,3886,3780,3986,4740,5620,4521,4223,6306,9108,5732,23.1708,5.26743,8.60022,48.1073
83183,3787,3670,3390,3220,5159,4265,3580,3284,9629,5244,3922,3397,7870,5164,3702,3339,11.8876,-28.2893,8.85622,48.4147
83184,3324,3478,3238,3253,3998,3841,3503,3357,5702,4953,3822,3521,10543,7734,4246,3478,32.482,-18.9882,8.63932,47.994
83185,3186,3371,3510,3232,3421,3784,3944,3654,4048,5357,5898,4354,4473,6833,8114,5009,20.6627,2.51431,8.75564,48.1253
83186,3576,4587,8968,8633,3521,4104,5137,5296,3255,3597,3853,3929,3148,3178,3313,3397,-33.9989,14.8116,8.79192,47.6613
83187,7241,9981,5402,3785,5000,5223,4223,3613,3771,3734,3509,3343,3330,3373,3269,3217,-29.856,-10.5256,8.93459,48.0093
83188,3123,3356,3346,3296,3536,3674,3780,3529,4082,4823,4975,4297,4723,7589,8679,5249,28.8848,1.68527,8.58469,48.038
83189,3307,3378,3304,3130,3739,3848,3598,3297,4971,5234,4390,3735,6996,9849,5563,3799,30.5334,-9.44533,8.92871,48.092
83190,3286,3363,3333,3431,3400,3827,4233,3900,3754,5051,7064,5060,3963,5457,7680,5277,16.4859,6.34103,8.91071,48.0527
83191,3572,3490,3347,3042,4366,4089,3630,3249,7494,5959,3967,3561,8314,6427,4016,3428,16.4875,-19.3517,8.55148,47.9673
83192,5101,4666,3782,3353,7684,6696,4189,3392,5940,5268,3865,3414,4187,3932,3546,3285,-4.39348,-17.6083,8.87105,48.2
83193,6091,9697,6294,4046,4676,5230,4455,3762,3662,3766,3506,3401,3360,3368,3344,3217,-32.0664,-6.56936,8.7739,47.9167
83194,3398,3370,3192,3180,3861,3822,3425,3194,5261,5132,4069,3420,9408,8917,4553,3457,29.1767,-15.6957,8.99315,47.7727
83195,6673,8328,5050,3743,5466,6600,4272,3637,3989,4148,3735,3346,3456,3408,3265,3048,-18.8682,-10.9879,8.80116,48.1093
83196,12464,6138,3938,3427,6034,4751,3770,3292,3962,3735,3431,3325,3461,3429,3254,3183,-28.6767,-29.6183,8.51073,47.7293
83197,3286,3448,3394,3262,3826,4066,3772,3446,5100,6502,4670,3820,5878,8454,5436,3920,19.4666,-7.77023,8.53226,48.1867
83198,3346,3386,3340,3242,3581,3842,3793,3512,4298,5663,5236,4076,5014,8190,7169,4565,21.6576,-1.88566,8.80187,48.1687
83199,3646,3665,3630,3470,3897,4739,4499,3701,4655,7477,6322,4136,4424,5404,4961,3997,9.6942,-2.69417,8.73299,48.4153
83200,3377,3880,4624,4869,3538,4290,7060,6929,3439,4077,5746,5649,3310,3546,4062,4102,-3.66328,14.3987,8.61778,48.332
83201,3368,3906,5392,9456,3394,3837,5118,8617,3217,3524,4050,4583,3180,3263,3484,3504,-16.0333,30.5081,8.57042,47.9287
83202,3397,4128,6373,9518,3424,3870,5409,7347,3235,3531,3971,4280,3126,3233,3475,3569,-18.5602,21.2583,8.55547,47.924
83203,3464,3434,3266,3135,4488,3940,3583,3161,8091,5022,3812,3372,10124,5771,3831,3365,17.9022,-27.4341,8.77978,47.906
83204,11519,6302,4043,3361,7034,4930,3849,3285,4082,4004,3435,3292,3431,3457,3189,3089,-21.6722,-24.5401,8.96702,48.2013
83205,12570,5876,3960,3409,5944,4671,3715,3298,3870,3609,3339,3316,3338,3267,3379,3301,-32.7377,-32.1096,8.74095,47.2413
83206,10475,8059,4321,3431,5599,5038,3944,3453,3845,3794,3444,3299,3344,3356,3314,3172,-30.3972,-18.4804,8.84241,47.9253
83207,3412,3870,5278,8431,3428,3759,5247,9171,3247,3571,4231,4779,3042,3404,3483,3644,-13.4979,28.0836,8.57648,47.998
83208,9063,8596,4651,3516,5615,5340,4198,3584,3937,3800,3522,3274,3377,3449,3231,3115,-26.7299,-15.7447,8.89434,48.1787
83209,4523,4085,3535,3269,6989,5560,3788,3419,7754,5815,3929,3382,4871,4376,3734,3297,1.45084,-20.0934,8.89572,48.2173
83210,10996,6013,3895,3399,7422,5191,3882,3501,4277,3872,3476,3193,3524,3396,3204,3122,-20.3909,-25.9307,8.65896,48.242
83211,3363,3878,5607,9734,3488,3814,5115,8303,3251,3471,3910,4510,3238,3307,3539,3498,-16.8795,32.744,8.73378,48.0173
83212,3264,3498,3955,4285,3316,3736,4885,6711,3363,3686,5691,8791,3250,3716,4482,5415,4.05853,22.3054,8.57793,48.0293
83213,7875,8811,4869,3622,5721,5841,4119,3540,3893,3938,3590,3416,3390,3424,3189,3066,-22.4135,-13.2837,8.98486,48.2027
83214,9371,8233,4499,3450,6018,5468,3952,3385,4021,3830,3523,3268,3459,3387,3201,3085,-23.8008,-16.9136,8.80616,48.1
83215,3124,3198,3411,3417,3262,3491,4032,4260,3463,3915,5482,7010,3527,4113,6830,9456,19.838,20.2567,8.63727,47.994
83216,3070,3464,3812,3948,3267,3683,4506,6055,3417,3893,5629,9562,3286,3668,4721,6113,7.15799,24.2561,8.71578,48.0627
83217,3308,3410,3564,3291,3606,3802,3959,3571,4127,5231,6017,4510,4508,6723,8013,4881,20.0741,2.33787,8.70203,48.3473
83218,3167,3203,3410,3268,3502,3861,3808,3671,4058,4929,5433,4451,4451,7061,8802,5301,23.2529,2.88586,8.6502,48.2507
83219,3398,3364,3178,3124,4119,3784,3411,3335,6751,4979,3975,3440,11827,5995,3845,3319,22.9221,-31.717,8.52664,47.896
83220,3371,3954,5697,9397,3328,3856,5221,8365,3283,3580,3947,4546,3156,3284,3507,3430,-16.9434,25.8356,8.57366,47.948
83221,3948,5848,10033,6737,3763,4377,5353,4829,3276,3587,3691,3732,3162,3209,3395,3329,-28.821,8.58858,8.94394,48.1793
83222,6603,9863,5842,3877,4702,5400,4381,3591,3686,3876,3658,3442,3311,3446,3380,3134,-27.4719,-8.31144,8.7215,48.128
83223,3332,3589,3644,3584,3677,4333,4543,4016,4098,6231,7611,4671,4044,5183,5684,4356,10.3916,2.80754,8.99916,48.3973
83224,3670,3506,3235,3107,4738,3967,3555,3245,8846,5149,3795,3452,9048,5389,3948,3437,15.1973,-28.0535,8.72962,48.058
83225,3800,3669,3429,3179,5193,4678,3661,3281,7906,7056,4197,3427,5997,5419,3972,3396,8.96374,-17.0233,8.9752,48.1733
83226,3595,4359,6314,5694,3645,4545,7930,6439,3318,3815,4519,4492,3135,3305,3680,3619,-12.0102,12.0542,8.97721,48.2693
83227,3346,3456,3219,3097,4021,3781,3405,3143,5986,4767,3767,3391,12702,6157,3868,3273,33.0665,-26.7417,8.89774,47.586
83228,3812,3686,3370,3197,4893,4922,3843,3425,7121,7596,4364,3521,5564,5535,4116,3508,8.86961,-14.0636,8.73371,48.3153
83229,3391,3694,3810,3774,3606,4538,5497,4264,3896,5573,8016,4894,3744,4359,5112,4373,5.95597,5.58915,8.9527,48.3607
83230,3631,4096,4706,4238,3761,5090,7452,4987,3681,4620,6126,4607,3444,3795,4055,3874,-2.77932,6.75738,8.66152,48.1087
83231,3369,3725,3821,3800,3639,4439,5617,4433,3872,5407,7803,5073,3618,4273,4818,4357,5.29539,6.04837,8.52855,48.0427
83232,3275,3707,4580,5878,3286,3769,5201,9862,3308,3575,4585,6547,3167,3355,3923,4089,-5.51306,28.2282,8.8409,48.0713
83233,10937,6525,4114,3432,7002,5154,3732,3389,4177,3907,3435,3225,3376,3391,3282,3106,-21.3806,-23.0326,8.82403,48.1227
83234,3966,5308,6893,5081,4044,5397,7504,4743,3500,3994,4238,3930,3234,3457,3536,3439,-14.0701,5.72366,8.97871,48.176
83235,3125,3254,3373,3389,3228,3420,3828,3993,3386,3711,4842,6547,3363,3989,6043,12371,24.719,27.8679,8.95088,47.908
83236,3913,3762,3520,3219,5124,4983,3924,3451,7325,7530,4235,3480,5592,5299,3891,3354,7.93689,-15.4281,8.96613,48.4013
83237,7283,9234,5133,3668,5211,5727,4267,3774,3841,3949,3658,3325,3370,3303,3223,3127,-23.3198,-11.2812,8.64881,48.062
83238,3570,3512,3349,3134,4620,4136,3629,3194,8782,5349,3793,3503,8799,5327,3966,3374,15.1212,-33.9904,8.53441,48.0247
83239,3050,3201,3248,3314,3215,3501,3878,4065,3471,3996,5367,6292,3502,4242,7524,10014,22.9844,18.8982,8.80318,47.92
83240,3193,3312,3432,3367,3487,3804,3906,3887,3865,4667,6043,4785,4015,5775,9151,5866,21.6616,7.08522,8.68632,48.37
83241,4808,5614,4451,3702,5472,8124,5148,3839,4376,4905,4077,3473,3656,3740,3464,3369,-8.78521,-8.03812,8.90375,48.1453
83242,10467,7316,4230,3544,6335,5136,3957,3393,4077,3869,3473,3105,3410,3384,3200,3116,-23.4458,-19.8383,8.83183,48.008
83243,5928,7909,5052,3766,5460,7044,4735,3710,4031,4265,3761,3445,3384,3454,3423,3052,-17.0635,-9.4865,8.53726,48.2793
83244,4566,4626,3987,3407,5862,7692,4453,3574,5089,6118,4340,3564,3964,4053,3695,3297,-3.62205,-10.8075,8.78107,48.1913
83245,3435,3872,5569,9115,3415,3789,5143,8909,3196,3434,4117,4598,3103,3250,3549,3611,-15.1323,27.4723,8.75253,48.07
83246,3616,3673,3450,3217,4434,4414,3749,3416,6071,7696,4740,3699,5701,6571,4512,3700,12.9374,-10.7288,8.54738,48.4393
83247,3161,3469,3743,4105,3307,3688,4491,6166,3416,3756,5187,9674,3413,3773,4631,6257,7.06634,28.3868,8.55417,48.158
83248,4528,5142,4201,3526,5552,8127,4841,3732,4613,5688,4249,3485,3781,3970,3621,3220,-5.99186,-9.46949,8.82702,48.184
83249,3989,3878,3532,3316,4913,5189,4048,3510,6731,7559,4447,3618,4904,5231,3947,3430,6.55152,-13.2524,8.70143,48.1613
83250,3287,3282,3323,3256,3638,3778,3832,3474,4356,5126,4835,4053,5116,8905,7369,4326,33.9229,-2.57134,8.60154,47.9707
83251,3865,4758,5452,4654,3862,5738,8195,4934,3646,4194,4974,4116,3454,3587,3674,3507,-8.64011,5.43295,8.9966,48.4067
83252,8273,5468,4022,3325,9114,5415,3907,3397,4868,4214,3531,3267,3610,3519,3285,3091,-13.6949,-24.5644,8.62153,48.204
83253,4354,4793,4104,3659,5196,7609,5177,3731,4513,5810,4454,3650,3842,4006,3706,3452,-4.55441,-7.0208,8.76617,48.0373
83254,3096,3286,3576,3596,3261,3518,4255,4754,3387,3937,5738,8635,3395,3925,5808,8282,14.3225,22.1174,8.92779,48.2993
83255,3145,3224,3345,3291,3238,3438,3846,4066,3420,3894,4884,6663,3441,4086,5905,11813,23.0974,33.3763,8.54679,47.7993
83256,8479,7441,4327,3574,6594,5928,4156,3462,4233,4074,3626,3235,3501,3385,3301,3122,-18.7427,-17.2222,8.52258,48.292
83257,3375,3949,6081,12378,3356,3750,4632,6005,3310,3430,3727,3910,3102,3243,3433,3394,-31.2909,28.9797,8.59408,47.3833
83258,5051,5191,4118,3537,6405,7871,4519,3575,4847,5087,3949,3481,3819,3878,3473,3222,-7.29355,-12.5837,8.72366,48.0153
83259,3210,3288,3367,3370,3360,3736,4076,3933,3748,4771,6532,5223,3925,5321,8292,6256,18.903,8.8419,8.68912,48.272
83260,3393,3679,3885,3727,3640,4514,5607,4386,3845,5487,7889,5160,3753,4271,4936,4221,5.30864,5.64819,8.53974,48.262
83261,3396,3419,3239,3119,3887,3813,3542,3464,5083,5866,4519,3829,6444,9328,5621,3881,22.9779,-8.66909,8.82194,48.3
83262,3283,3327,3233,3187,3648,3769,3685,3561,4138,4808,5021,4223,4482,7738,9004,5137,29.9136,1.53847,8.99696,48.1627
83263,5534,4445,3809,3286,9404,5499,3784,3386,6726,4781,3705,3256,4369,3814,3441,3151,-4.18151,-25.2376,8.82376,48.26
83264,3411,3420,3239,3100,4010,3920,3471,3269,6570,5359,3836,3478,10326,7185,4262,3545,22.2729,-19.8985,8.81346,48.2673
83265,4689,4174,3409,3141,8384,5062,3759,3306,8255,5077,3748,3341,4736,4168,3482,3166,-0.0979624,-26.3431,8.95562,47.9313
83266,3445,4356,7988,10382,3353,4045,5050,5694,3206,3485,3895,3813,3101,3241,3300,3512,-28.4104,18.3689,8.76905,47.9107
83267,3317,3418,3303,3124,3771,3895,3510,3440,4936,5311,4348,3682,7036,9924,5531,3711,28.3723,-9.96468,8.80302,48.1713
83268,3119,3233,3356,3525,3301,3521,3890,4345,3371,3815,5026,7766,3405,3892,5834,10454,18.7121,28.831,8.67559,47.902
83269,4112,5251,4973,4008,4489,7178,6433,4163,3982,4853,4524,3779,3513,3683,3714,3415,-8.51909,-1.95521,8.53248,48.0467
83270,4583,4095,3485,3261,7724,4942,3757,3262,8818,5062,3718,3323,5021,4179,3585,3240,1.39306,-31.626,8.9745,48.0367
83271,5913,8423,5302,3795,5172,6706,4936,3706,3892,3997,3646,3325,3402,3431,3321,3152,-18.385,-8.15816,8.76741,48.0793
83272,3261,3564,4508,5690,3399,3767,5166,9650,3292,3764,4661,6768,3198,3457,3841,4400,-4.69314,28.0093,8.73218,48.2573
83273,11227,5966,3761,3431,7241,4959,3898,3357,4228,3894,3517,3146,3356,3382,3312,3062,-21.1965,-30.7985,8.67356,47.8247
83274,5556,9451,7003,4374,4336,5220,4623,3948,3596,3669,3732,3428,3314,3349,3256,3177,-30.7512,-3.95201,8.94882,48.0213
83275,4690,4606,3829,3395,6428,7015,4340,3481,5659,5952,4099,3449,4346,4240,3730,3406,-2.47126,-13.8791,8.74331,48.4433
83276,9270,5686,3895,3310,8749,5183,3755,3401,4673,4082,3517,3323,3565,3612,3225,3195,-15.7196,-25.6856,8.61529,48.294
83277,9287,8497,4648,3535,5537,5281,4128,3560,3878,3946,3453,3161,3369,3337,3225,3189,-26.0097,-15.9875,8.7699,48.0207
83278,3731,4136,4145,3711,4067,5618,6316,4359,4065,5828,6329,4332,3705,4226,4263,3824,0.265138,1.74104,8.65385,48.4367
83279,12387,6033,3846,3425,6384,4852,3824,3307,3941,3816,3406,3322,3367,3342,3086,3063,-25.512,-29.0431,8.68902,47.6007
83280,3490,3465,3217,3198,4080,4064,3689,3408,5999,6278,4318,3528,7645,7694,4584,3652,18.8401,-14.0108,8.69541,48.206
83281,3340,3764,4900,6066,3373,3863,6042,9130,3287,3742,4649,5839,3273,3329,3820,4058,-7.6205,21.9179,8.56364,48.3167
83282,4058,5320,5005,4050,4440,7034,6685,4265,3918,4825,4594,3794,3492,3707,3732,3376,-8.44726,-0.910709,8.62255,48.1967
83283,3564,3762,3751,3465,3907,5059,4852,3899,4449,7092,6603,4285,4152,4868,4669,3963,6.55767,-1.02088,8.50132,48.2267
83284,4510,6133,5780,4322,4464,6980,6228,4212,3785,4252,4132,3689,3408,3485,3480,3294,-13.3129,-1.62222,8.7973,48.1027
83285,3290,3684,4617,6010,3321,3796,5551,9763,3276,3724,4550,6115,3155,3395,3766,4089,-6.3397,24.8295,8.99679,48.068
83286,3225,3318,3577,3511,3509,3716,4153,4103,3547,4832,7161,5476,3685,4876,7363,6060,15.7453,9.88184,8.64862,48.0747
83287,3148,3494,3789,3749,3380,3775,4833,5364,3431,4193,7056,7937,3477,3921,5200,5699,7.77137,17.0555,8.96618,48.2973
83288,5023,8135,6917,4340,4437,5787,5268,4069,3565,3868,3716,3611,3397,3367,3351,3301,-21.242,-2.24675,8.69583,48.1013
83289,3497,4017,5646,10586,3466,3804,4978,7695,3195,3466,3850,4228,3250,3252,3449,3383,-19.0096,32.2053,8.78024,47.8413
83290,3414,3951,5963,10117,3339,3893,5291,7776,3188,3326,3870,4326,3171,3274,3437,3602,-18.336,24.6885,8.98278,47.9587
83291,4900,8743,7665,4551,4417,4945,4832,4051,3623,3739,3763,3515,3347,3388,3346,3251,-33.5502,-1.67933,8.67997,48.0507
83292,4080,4094,3738,3315,5622,6226,4121,3497,6099,7299,4431,3520,4396,4640,3854,3384,1.84502,-12.6413,8.90578,48.2107
83293,3642,3639,3244,3120,4718,4256,3649,3313,8207,5922,3943,3386,7921,5768,4028,3428,14.1173,-20.5554,8.51373,48.1227
83294,4928,4358,3569,3341,8756,5001,3718,3411,7614,4890,3704,3321,4440,4140,3440,3181,-1.81412,-33.1311,8.94073,47.8747
83295,3238,3378,3315,3135,3616,3865,3742,3483,4417,5527,4893,3975,5343,9213,6735,4233,23.5856,-3.92709,8.83254,48.072
83296,3368,3868,6107,11724,3436,3721,4968,6627,3174,3464,3975,4133,3108,3261,3452,3384,-23.4592,26.7228,8.70308,47.8467
83297,9800,6763,4180,3482,6921,5382,3973,3465,4196,3931,3501,3277,3445,3413,3193,3150,-20.1329,-20.5009,8.70372,48.048
83298,5997,9884,6418,4126,4518,5170,4516,4004,3617,3818,3633,3275,3330,3306,3241,3120,-28.8885,-5.97287,8.87105,47.982
83299,3913,3650,3244,3122,5765,4382,3509,3395,9849,5359,3817,3425,6741,4742,3625,3258,8.4407,-26.8251,8.79748,47.864
83300,3219,3179,3430,3329,3198,3340,3771,3963,3496,3757,4813,6048,3334,3944,6630,12214,33.3464,23.8183,8.87956,47.7767
83301,11531,6116,3902,3343,6974,4895,3702,3379,4203,3834,3530,3210,3382,3404,3259,3098,-22.7261,-27.2441,8.57137,47.8413
83302,4503,4019,3506,3262,7481,4858,3770,3281,8596,5208,3809,3358,5063,4319,3633,3312,1.63817,-25.0534,8.90495,47.9853
83303,4172,4344,3851,3469,5024,6881,4648,3633,5148,7052,4740,3769,4120,4400,3892,3497,0.47493,-8.96701,8.86964,48.4267
83304,4532,7373,8444,4974,4139,4980,5398,4318,3566,3677,3874,3639,3155,3330,3379,3347,-23.55,1.79453,8.6369,48.0833
83305,4025,3893,3488,3270,5460,5452,4003,3424,7146,7128,4268,3590,5035,5030,3838,3464,5.0824,-15.1367,8.55243,48.3427
83306,3543,3803,3531,3509,3967,4871,4509,3786,4593,7274,6418,4021,4274,5277,4947,3981,8.12538,-1.91131,8.6639,48.2027
83307,3208,3616,3935,4003,3516,4097,5588,5296,3549,4274,7374,6576,3572,3905,5008,4893,4.72828,13.8628,8.60353,48.2733
83308,3196,3348,3590,3564,3345,3858,4503,4302,3692,4801,7681,5972,3632,4586,6603,5746,12.9167,10.8926,8.56401,48.2793
83309,3538,4074,4698,4120,3729,5147,7523,5067,3724,4679,6500,4561,3598,3812,3984,3871,-2.32785,6.28107,8.81868,48.4167
83310,3139,3292,3456,3487,3182,3503,3990,4507,3312,3853,5315,8625,3473,3815,5606,9559,16.369,26.247,8.81515,48.076
83311,3393,3884,5616,8211,3349,3861,5749,8776,3281,3669,4076,4797,3079,3266,3504,3538,-13.8474,22.2922,8.78221,48.0327
83312,9307,6856,4182,3473,7004,5577,4022,3352,4229,4012,3527,3233,3432,3429,3208,3183,-19.2575,-19.2101,8.95395,48.0173
83313,7736,9492,5042,3766,5189,5721,4345,3645,3792,3837,3541,3229,3316,3454,3293,3233,-24.0034,-12.1422,8.70789,48.4207
83314,4512,5686,4844,3861,4933,7789,5880,4070,4092,4815,4290,3644,3540,3686,3539,3477,-9.99121,-4.31342,8.52609,48.4387
83315,3161,3171,3407,3372,3273,3499,3819,4086,3423,3812,4834,7032,3229,3863,6015,11592,22.3715,28.0475,8.57117,47.7253
83316,10682,7375,4055,3467,5738,4995,3896,3533,3959,3809,3509,3360,3367,3404,3253,3134,-32.5957,-19.6357,8.75026,47.6907
83317,10510,5553,3895,3416,8053,5071,3767,3429,4294,3963,3549,3269,3459,3517,3240,3172,-18.135,-31.9774,8.73732,48.1047
83318,3266,3395,3864,4104,3267,3614,4674,6696,3425,3791,5157,9696,3215,3690,4503,5739,5.17548,28.8787,8.98838,48.064
83319,11358,5858,3917,3473,7019,4989,3793,3457,3987,3904,3551,3305,3440,3361,3247,3149,-21.7598,-32.7786,8.57232,47.872
83320,3116,3281,3339,3457,3246,3576,3871,3938,3496,4130,5193,5482,3646,4588,8774,8884,29.2864,15.1386,8.53792,48.0113
83321,5896,5486,4138,3396,7601,7200,4260,3418,4966,4749,3731,3386,3774,3665,3572,3120,-9.27657,-16.3833,8.87076,48.2387
83322,3259,3594,4211,4786,3454,3754,5194,8227,3364,3778,5244,7899,3199,3514,4112,4732,-0.532311,24.676,8.70549,48.214
83323,5896,6676,4467,3611,6057,7699,4588,3659,4190,4576,3791,3398,3599,3578,3332,3133,-13.0839,-11.3618,8.62541,48.1667
83324,3860,4844,5962,4729,3986,5559,7860,5043,3708,4227,4635,4033,3267,3547,3678,3486,-10.7952,5.58494,8.5598,48.2827
83325,3341,3631,4645,5722,3287,3757,5247,9718,3274,3535,4567,6517,3260,3337,3882,4058,-5.56123,33.1075,8.91615,47.852
83326,7162,5700,4100,3412,8192,6356,3994,3432,4794,4387,3546,3254,3707,3671,3317,3177,-12.3481,-19.1979,8.5684,48.134
83327,7874,6002,3966,3347,8053,6200,4085,3419,4591,4170,3581,3206,3734,3562,3247,3025,-14.3756,-19.72,8.95727,48.0413
83328,3295,3461,3360,3163,3739,3970,3822,3467,4763,6358,4907,3915,5456,8383,5961,4056,19.3653,-5.48051,8.55514,48.0507
83329,3608,3784,3495,3178,4465,4885,3918,3468,6166,8163,4701,3510,5158,5953,4346,3635,9.71033,-11.2022,8.86474,48.2887
83330,3143,3457,3502,3347,3618,4053,4070,3797,4344,5846,6631,4544,4216,6098,6924,4755,15.51,2.00968,8.52095,48.23
83331,3425,3312,3230,3139,3896,4090,3655,3369,5230,6569,4571,3598,6404,8788,5236,3830,19.5911,-9.70423,8.94307,48.228
83332,3250,3423,3202,3118,3766,3944,3556,3376,4676,5410,4329,3833,6484,9973,6017,4012,27.2203,-7.65757,8.86378,48.246
83333,3615,3786,3565,3203,4453,5201,4151,3520,5688,8252,4962,3727,4892,5508,4361,3710,7.89479,-9.48444,8.61411,48.396
83334,3262,3634,4074,4287,3484,4212,6182,5856,3548,4243,6766,6511,3423,3827,4618,4659,2.06898,14.1764,8.6037,48.3907
83335,4533,7789,8542,4908,4091,4894,4988,4239,3522,3895,3806,3508,3208,3488,3310,3251,-32.1819,1.21505,8.60442,47.9813
83336,3653,3591,3332,3152,4661,4121,3494,3300,8798,5303,3781,3330,8884,5438,3763,3419,14.8453,-26.4503,8.71596,48.0133
83337,3479,3667,3870,3514,3733,4391,5038,4037,4198,5996,7462,4666,3936,4594,5308,4314,7.80464,3.27647,8.57761,48.1353
83338,7602,5345,3883,3408,9129,5733,3874,3408,4991,4214,3662,3308,3728,3660,3283,3168,-12.1162,-23.3237,8.83401,48.264
83339,3283,3466,3354,3372,3678,3985,3807,3725,4374,5976,5428,4138,4786,7468,6821,4485,19.195,-1.43731,8.62058,48.0973
83340,8113,9004,4695,3645,5449,5612,4191,3504,4003,3848,3516,3215,3396,3330,3227,3150,-24.0326,-13.4783,8.91943,47.932
83341,3172,3636,3986,4009,3500,3917,5279,5191,3481,4427,7268,6927,3366,3797,5059,5038,5.69457,14.3843,8.57981,48.0353
83342,3256,3382,3368,3187,3419,3711,3746,3656,4063,5033,5317,4280,4613,7710,8614,4990,24.358,1.57355,8.9361,48.23
83343,11695,6779,3915,3288,6020,4946,3807,3406,3925,3738,3377,3203,3476,3352,3276,3137,-33.5742,-22.6358,8.86945,47.56
83344,3177,3362,3740,3919,3322,3649,4550,5421,3520,4001,6104,8893,3340,3853,5110,6320,8.65874,21.2396,8.61975,48.1873
83345,3395,4015,6032,9050,3455,3922,5545,7875,3259,3603,4059,4464,3106,3297,3598,3479,-16.6081,21.2976,8.90824,48.1027
83346,3285,3524,3643,3483,3784,4361,4263,3737,4438,6824,6351,4127,4333,6130,5852,4309,13.195,-1.2022,8.5228,48.296
83347,12639,6390,3979,3426,6125,4965,3752,3442,3983,3916,3349,3134,3420,3378,3186,3142,-28.3741,-25.8917,8.92537,48.1507
83348,3331,3325,3241,3096,3902,3964,3580,3240,5149,5421,4403,3624,7481,9508,5171,3702,25.263,-11.6102,8.80965,48.092
83349,4084,5259,6298,4836,3982,5718,7398,4838,3578,4139,4477,3870,3309,3523,3631,3449,-12.6904,4.22673,8.521,48.2593
83350,4546,7654,8768,5219,4021,4949,5134,4317,3482,3744,3706,3507,3169,3385,3373,3243,-26.7156,2.23879,8.64871,48.1447
83351,4170,4693,4161,3705,5026,7639,5488,3914,4503,5885,4574,3652,3748,3896,3656,3488,-4.13229,-5.62441,8.79266,48.132
83352,11187,7672,4283,3391,5870,5021,3971,3315,3797,3762,3405,3343,3298,3351,3220,3162,-29.1026,-19.9238,8.9603,48.032
83353,3103,3359,3296,3230,3608,3682,3731,3714,4084,4945,5061,4252,4600,7746,8583,4894,30.811,1.34804,8.6933,47.9253
83354,3084,3469,3703,3745,3340,3654,4246,5449,3398,3834,5313,9686,3366,3835,4878,7035,9.84456,28.2861,8.58429,48.0233
83355,8203,9268,4926,3609,5401,5451,4215,3597,3891,3855,3609,3251,3330,3310,3229,3133,-26.3012,-13.0076,8.85511,48.1853
83356,8406,5313,3732,3302,9353,5308,3756,3355,4914,4111,3493,3295,3717,3515,3260,3120,-13.4346,-28.7495,8.9794,47.9667
83357,9190,7336,4320,3502,6612,5601,4141,3408,4037,3927,3435,3239,3356,3554,3222,3088,-20.5487,-18.1074,8.7672,47.9787
83358,3247,3310,3330,3321,3432,3740,3868,3697,3728,4394,5102,4681,3822,5783,9842,6386,33.1692,8.04638,8.62743,47.7887
83359,3936,5791,9468,6437,3805,4505,5537,4871,3420,3569,3912,3747,3119,3306,3309,3387,-24.3767,7.97171,8.64769,48.0793
83360,3146,3306,3439,3364,3423,3647,4126,3812,3755,4570,6197,5158,3876,5430,8708,6445,20.6615,9.34447,8.51046,48.268
83361,4072,5007,5723,4539,4066,5994,7757,4820,3723,4295,4748,3957,3283,3485,3601,3505,-10.2175,4.37752,8.69485,48.3833
83362,3598,4506,8893,9175,3454,4010,5149,5395,3188,3525,3853,3917,3056,3224,3349,3283,-30.0706,15.4814,8.86507,47.7167
83363,3131,3440,3666,3454,3460,3894,4478,4141,3876,4882,7577,5535,3829,4735,6796,5468,13.3131,9.32991,8.54415,48.2413
83364,6989,7979,4598,3564,5991,6532,4365,3707,4033,4113,3702,3311,3522,3437,3390,3231,-18.0564,-13.0095,8.55272,48.3093
83365,3177,3203,3403,3545,3361,3611,4161,4053,3572,4298,6640,6117,3617,4688,7854,6889,17.7181,12.8291,8.83705,48.126
83366,3178,3209,3367,3516,3214,3518,4021,4454,3501,3780,5153,8305,3407,3945,5612,9825,17.0905,33.9996,8.87324,48.0033
83367,3257,3388,3249,3161,3724,3841,3486,3290,4872,5146,4265,3695,6989,9823,5487,3771,31.8437,-10.0567,8.90678,47.6293
83368,3574,3653,3372,3138,4628,4587,3734,3438,7309,7032,4286,3514,6390,6060,4175,3590,12.2363,-15.8095,8.58971,48.32
83369,3393,3992,5500,6908,3421,3923,6077,8926,3173,3573,4387,4977,3176,3368,3665,3737,-11.1414,20.9705,8.88978,48.1307
83370,3265,3332,3730,3808,3422,3787,4618,5114,3491,4160,6416,8618,3520,3880,5134,6172,8.92075,19.2176,8.60883,48.3113
83371,3416,4015,5670,6129,3551,4256,6923,7679,3384,3742,4680,4796,3107,3400,3780,3812,-10.5982,16.8228,8.83131,48.2267
83372,3190,3519,3882,4029,3284,3690,4501,6303,3382,3775,5180,9662,3319,3720,4611,6072,6.32527,30.3929,8.54264,48.0793
83373,3051,3211,3506,3470,3181,3638,3986,4348,3383,3783,4947,7791,3337,3979,5699,10642,18.8246,29.7618,8.57575,47.968
83374,3685,3591,3235,3162,4875,4072,3593,3141,9135,5334,3869,3367,8260,5399,3841,3336,13.7399,-26.8166,8.60012,47.93
83375,3246,3172,3384,3270,3464,3735,3903,3739,3723,4279,5900,5174,3786,5279,9564,7146,23.9,10.5788,8.74252,48.5093
83376,3865,4045,3668,3511,4678,6116,4595,3704,5077,7706,5128,3855,4213,4803,4044,3626,3.50729,-7.26066,8.9246,48.4227
83377,5380,7357,5187,3849,5108,7361,5183,3824,3937,4187,3843,3444,3387,3628,3405,3234,-15.1279,-6.63471,8.70629,48.2093
83378,3138,3364,3489,3666,3205,3534,4158,4693,3438,3848,5309,9202,3352,3826,5434,8490,14.0197,26.9019,8.67022,48.0973
83379,3630,3750,3520,3281,4359,4962,4048,3470,5668,7957,4938,3745,4961,5969,4479,3631,10.2936,-9.25835,8.54652,48.2453
83380,6364,6682,4293,3588,6623,7308,4446,3724,4342,4312,3669,3336,3533,3592,3349,3113,-13.8012,-13.6817,8.82833,48.1827
83381,5693,9559,6362,4135,4609,5223,4624,3754,3657,3888,3719,3356,3250,3453,3429,3238,-33.6407,-5.97247,8.68907,47.966
83382,3269,3455,3475,3488,3450,3970,4413,4019,3802,5127,7810,5216,3813,5143,6865,5298,13.8113,7.28247,8.83103,48.4087
83383,3489,3697,4542,4419,3514,4269,6715,6149,3488,4159,6348,6097,3329,3715,4215,4344,-1.19349,14.0047,8.73793,48.326
83384,3905,5106,7968,6055,3734,4641,6713,5340,3468,3777,4146,3996,3094,3378,3551,3491,-17.7607,9.30828,8.54975,48.242
83385,3340,3667,4604,5564,3406,3672,5450,9087,3271,3812,4826,6737,3188,3426,3861,4338,-4.14286,23.8072,8.82021,48.166
83386,12466,5935,3937,3470,6506,4853,3825,3368,4009,3803,3396,3115,3414,3357,3195,3128,-25.2497,-30.3925,8.73651,47.8513
83387,3106,3316,3436,3553,3202,3625,4092,4178,3581,4262,6464,6540,3585,4460,7352,7361,17.1534,14.6043,8.63572,48.0753
83388,3226,3215,3365,3377,3319,3488,3722,3791,3378,3825,4837,6090,3498,3886,6114,12467,29.0172,32.8377,8.59787,47.732
83389,3809,4661,5912,4727,3732,5474,8077,5080,3529,4128,4775,4202,3211,3645,3673,3596,-9.66971,6.39505,8.7113,48.154
83390,3260,3309,3364,3296,3514,3612,3712,3646,3951,4691,5269,4535,4205,7019,9593,5430,27.5619,4.36293,8.81441,48.2707
83391,3377,3575,3554,3402,3925,4568,4300,3752,4471,6945,6696,4274,4354,5680,5213,4158,11.1684,-0.779983,8.92487,48.1627
83392,3090,3243,3419,3328,3253,3425,3934,4140,3417,3810,4928,6905,3342,3907,5852,11829,22.6598,30.9124,8.73569,47.8813
83393,3412,3475,3218,2984,4260,4178,3593,3374,6962,5870,3962,3412,8458,6850,4349,3527,17.6108,-18.2293,8.83556,47.9227
83394,12639,6288,3931,3444,6162,4699,3765,3340,3900,3766,3461,3193,3398,3340,3185,3146,-27.2697,-28.1748,8.96338,47.7713
83395,5503,4624,3613,3291,8675,5975,3978,3391,6362,5005,3695,3329,4203,3943,3499,3246,-4.88041,-21.2245,8.54705,48.2213
83396,4752,4121,3535,3224,7993,5220,3836,3300,8208,5233,3769,3348,4866,4154,3669,3190,0.430311,-24.2786,8.94061,48.2787
83397,3505,3444,3300,3099,4683,3896,3573,3328,8805,5188,3900,3438,9024,5530,3941,3391,15.4851,-27.1623,8.50261,48.03
83398,9443,5875,3946,3240,8240,5251,3743,3429,4486,4134,3566,3209,3432,3479,3352,3150,-16.8694,-25.0589,8.58166,47.9833
83399,3064,3388,3538,3715,3381,3565,4357,4908,3338,3912,5698,9055,3426,3880,5348,7726,12.6812,23.9708,8.55518,48.1993
83400,4186,4164,3687,3270,5708,6248,4225,3536,5992,7162,4325,3519,4436,4467,3842,3410,1.49225,-12.6145,8.91427,48.118
83401,4058,3826,3389,3141,6374,4506,3690,3391,9937,5174,3659,3384,6132,4547,3828,3316,6.30486,-29.0296,8.82781,48.2347
83402,3275,3463,4000,4349,3315,3814,4911,7066,3249,3811,5627,8653,3306,3683,4346,5187,3.0527,22.5559,8.84938,48.0367
83403,3280,3378,3302,3073,3617,3811,3625,3360,4832,5151,4317,3671,7114,9986,5538,3686,28.225,-9.55038,8.98062,47.8273
83404,10246,8199,4347,3386,5524,5013,3874,3570,3869,3766,3510,3282,3356,3280,3188,3084,-30.7812,-18.0012,8.6334,47.6627
83405,9428,5570,3939,3343,8414,5260,3823,3328,4504,4110,3562,3334,3559,3524,3297,3095,-16.4311,-29.1061,8.50343,48.06
83406,3339,3698,3869,3676,3746,4414,5408,4160,3965,5663,7974,4933,3801,4457,5146,4301,6.08923,5.35047,8.88913,48.3667
83407,2983,3337,3422,3470,3260,3548,4059,4232,3509,4202,5760,6560,3548,4425,7479,8807,19.7267,17.0025,8.75645,48.4007
83408,3143,3220,3404,3384,3262,3400,3721,3940,3340,3785,4831,6154,3292,3817,6015,12753,27.6565,33.0576,8.90758,47.6407
83409,7208,5202,3813,3344,9360,5875,3866,3398,5263,4414,3691,3315,3749,3687,3325,3150,-10.7313,-22.7936,8.74768,48.44
83410,4180,4075,3532,3298,5931,5677,3892,3476,7193,6746,4070,3491,4932,4640,3775,3332,3.31683,-15.8686,8.66026,48.16
83411,4862,4117,3604,3295,8594,4997,3810,3371,7911,4735,3740,3304,4655,4241,3506,3270,-0.894898,-30.9842,8.68999,48.008
83412,3411,3462,3249,3268,3673,3772,3615,3326,5034,5248,4332,3502,7382,9840,5206,3612,31.8314,-10.8172,8.96654,47.9547
83413,3276,3252,3506,3279,3684,3895,4094,3665,4150,5608,6379,4431,4427,6358,7399,4729,17.3164,2.3388,8.82822,48.088
83414,8501,9131,4934,3725,5207,5141,4049,3474,3868,3772,3504,3381,3271,3447,3214,3160,-29.1097,-13.8237,8.58284,47.8527
83415,3240,3542,4065,4479,3361,3736,4818,8033,3310,3690,4829,8636,3179,3652,4394,4986,1.00554,30.0117,8.90405,47.9667
83416,3347,4043,5950,8211,3372,3937,5979,8026,3372,3582,4071,4617,3153,3202,3652,3633,-15.1165,21.1225,8.59664,48.098
83417,3354,3684,4197,4219,3514,4156,6299,5881,3569,4256,6943,6169,3445,3733,4375,4459,1.15436,13.5306,8.57192,48.1687
83418,3818,3633,3257,3201,5478,4308,3536,3336,10111,5422,3802,3385,6936,4869,3754,3314,9.75651,-26.982,8.98167,48.1067
83419,3465,3960,5011,5365,3432,4246,7135,7604,3267,3866,4967,5366,3280,3561,3699,4073,-6.78129,15.9737,8.7449,48.198
83420,4990,8808,7769,4473,4216,5110,4772,4046,3571,3831,3732,3440,3324,3379,3296,3265,-31.5608,-1.70769,8.65689,48.0147
83421,3317,3374,3256,3193,3701,3741,3597,3352,4590,5215,4406,3824,6410,9860,5979,3902,29.621,-8.17721,8.70461,47.8113
83422,11468,5961,3946,3395,7327,4891,3758,3337,4208,3730,3437,3206,3380,3390,3212,3123,-21.568,-29.8482,8.63399,47.846
83423,3738,4575,8294,8361,3543,4102,5852,5990,3301,3685,4017,3978,3060,3251,3442,3349,-20.7369,15.1065,8.92277,48.3587
83424,3275,3765,4794,6873,3373,3778,5359,10024,3276,3567,4424,5624,3097,3383,3679,3875,-9.32266,30.0283,8.8965,48.1107
83425,3378,3644,3742,3567,3871,4587,4579,3841,4254,6557,7213,4558,4118,5139,5510,4210,9.43505,1.29289,8.79643,48.512
83426,9914,5719,3843,3386,8368,5223,3789,3450,4593,3875,3454,3162,3485,3380,3243,3022,-17.4551,-27.6932,8.80234,47.9373
83427,3337,3361,3156,3144,3768,3696,3747,3389,4540,5241,4470,3828,6129,9786,6409,4001,29.233,-6.12607,8.67274,48.0013
83428,3479,4306,7711,9492,3472,4034,5417,6190,3252,3478,3982,3952,3135,3249,3425,3432,-22.4151,17.4956,8.97073,48.004
83429,7764,5846,3995,3505,8301,6064,4044,3316,4729,4293,3642,3270,3472,3497,3317,3086,-13.7809,-19.9885,8.98267,48.094
83430,4663,4362,3815,3308,7093,6230,3956,3487,6539,5776,4003,3364,4443,4284,3521,3346,-1.2037,-16.8776,8.84279,48.1267
83431,4602,7485,8436,5036,4065,5197,5415,4343,3505,3706,3760,3675,3202,3267,3372,3225,-23.0338,1.39728,8.98396,48.194
83432,3608,4061,4722,4317,3766,5019,7533,5248,3720,4558,6145,4744,3461,3648,4053,3962,-3.3,7.74608,8.52848,48.3767
83433,3489,4636,8440,9297,3423,4091,5294,5451,3367,3649,3811,3982,3109,3245,3434,3385,-24.5118,15.964,8.87079,48.0687
83434,3110,3211,3476,3507,3305,3482,3937,4199,3354,3789,5078,7632,3442,4004,5751,10519,19.0952,33.973,8.74765,47.864
83435,6307,4613,3704,3333,9662,5270,3862,3445,6159,4435,3664,3412,4066,3781,3379,3193,-7.07273,-27.3457,8.50562,48.19
83436,3303,3331,3115,3134,3942,3689,3486,3198,6678,4771,3786,3379,12356,6011,3982,3481,24.1381,-32.8674,8.97146,47.7613
83437,3068,3603,4035,4783,3203,3689,4810,8020,3357,3779,4943,8499,3249,3556,4335,4800,0.470575,32.1754,8.83469,47.8193
83438,3077,3289,3324,3315,3295,3653,3930,3769,3766,4245,5569,5218,3741,5329,9377,7686,25.5744,11.4683,8.72142,48.3887
83439,8467,8684,4796,3645,5479,5513,4141,3598,3741,3808,3606,3321,3421,3442,3199,3125,-25.0763,-13.9191,8.74676,47.9907
83440,3581,4343,7154,9056,3432,4087,5798,6678,3190,3441,4004,4181,3085,3220,3392,3413,-19.5318,18.0844,8.80783,48.0367
83441,3399,3903,5956,12615,3330,3802,4825,6113,3190,3441,3740,3780,3080,3181,3372,3414,-27.7709,30.7014,8.61717,47.4273
83442,3206,3370,3442,3458,3396,3771,4276,3947,3627,4622,7002,5479,3742,5034,8024,6065,17.2159,9.70656,8.91123,48.3073
83443,11592,5984,3929,3340,7161,4879,3812,3370,4016,3917,3467,3132,3407,3529,3224,3114,-21.6943,-33.1151,8.75954,47.9153
83444,3607,4899,9328,8138,3544,4128,5132,5220,3292,3537,3920,3962,3162,3251,3372,3292,-29.3454,13.1955,8.59356,47.856
83445,3382,3462,3325,3061,3970,3837,3324,3305,6685,4930,3690,3303,12050,5833,3964,3441,23.9791,-29.4936,8.58458,47.708
83446,3136,3307,3352,3395,3215,3675,3861,3950,3403,3930,5148,5372,3530,4477,8283,9613,32.2142,16.9424,8.5775,47.7647
83447,6146,4691,3735,3366,9622,5250,3871,3414,6054,4447,3592,3297,4080,3815,3379,3175,-6.85176,-30.3598,8.51226,47.956
83448,3595,4606,9103,8885,3564,3996,5121,5456,3323,3504,3761,3898,3158,3282,3362,3301,-32.4186,14.7868,8.98853,47.9433
83449,3654,3940,3736,3391,4208,5430,4844,3678,4598,7498,5962,4081,4124,4788,4471,3768,4.87657,-3.20326,8.95608,48.114
83450,3210,3328,3302,3260,3526,3968,3943,3817,4009,5213,6053,4510,4359,6598,8348,5221,20.3073,3.49509,8.73966,48.4433
83451,4929,5964,4620,3742,5370,8193,5185,3769,4322,4670,4103,3494,3442,3691,3509,3272,-10.1228,-7.70112,8.83144,48.1833
83452,3142,3305,3615,3828,3412,3502,4353,5330,3331,3897,5466,9894,3322,3720,5045,7125,10.1905,26.1012,8.93764,48.1913
83453,3330,3942,5323,6253,3499,4099,6498,8257,3251,3837,4695,5183,3117,3467,3712,3769,-9.29344,18.8185,8.70659,48.1547
83454,3641,3596,3538,3318,4163,4828,4222,3598,5221,7930,5481,4070,4516,5545,4604,3823,9.08928,-6.0485,8.54682,48.0627
83455,3352,3643,4639,6109,3338,3800,5318,9997,3357,3698,4610,6174,3203,3434,3735,3940,-6.76227,27.9913,8.90665,48.2313
83456,3121,3326,3562,3672,3291,3489,4204,4854,3394,3826,5372,9442,3321,3799,5358,8386,13.2817,28.6087,8.73492,48.278
83457,3791,3488,3264,3261,5181,4165,3451,3333,9909,5337,3847,3362,7532,4957,3846,3409,10.9135,-28.8002,8.97432,48.0887
83458,3771,5458,9692,6943,3818,4338,5348,5015,3278,3656,3818,3709,3216,3300,3467,3321,-25.8076,9.93928,8.68033,48.0987
83459,12500,6004,3875,3544,5964,4607,3702,3354,3962,3821,3491,3286,3379,3355,3242,3088,-28.8525,-28.6358,8.73261,47.4493
83460,3292,3977,5901,11779,3408,3707,4813,6959,3219,3419,3909,4028,3068,3257,3291,3391,-21.976,33.8157,8.87752,47.612
83461,3255,3448,3287,3291,3753,3848,3779,3439,4585,5652,4804,3821,5750,9260,6450,4199,23.6547,-5.32272,8.67386,48.414
83462,5991,4706,3840,3304,9233,5761,3797,3316,5956,4806,3621,3314,4175,3901,3378,3223,-6.71717,-22.696,8.54762,48.2147
83463,3562,3975,3785,3524,4332,5693,4879,3813,4672,7229,5784,4089,4060,4713,4373,3861,4.19675,-3.52115,8.66397,48.2293
83464,3310,3392,3182,3050,3957,3969,3420,3230,5910,4840,3865,3304,11784,6716,4032,3538,33.5018,-22.7853,8.78353,47.666
83465,3521,4499,7779,8022,3602,4205,6074,6345,3354,3545,4009,4135,3092,3224,3445,3496,-19.181,15.779,8.89644,48.2313
83466,5329,4466,3724,3318,8923,5696,3886,3384,6797,4904,3618,3229,4357,3897,3511,3140,-3.73505,-22.7027,8.88186,48.1193
83467,3838,3724,3382,3147,5276,4270,3548,3308,9844,5404,3910,3416,7466,5040,3744,3279,10.9923,-26.8655,8.76052,48.3973
83468,3518,4504,8646,9621,3395,4134,5201,5455,3328,3516,3876,3897,3217,3155,3481,3331,-31.5749,16.2464,8.7876,48.1833
83469,6193,10065,6131,3942,4798,5272,4409,3933,3778,3709,3568,3314,3327,3420,3238,3159,-31.8528,-7.21392,8.94574,48.1707
83470,3374,3645,3910,3809,3777,4590,5473,4305,3859,5507,7812,4942,3794,4275,5022,4326,5.5383,5.32099,8.60863,48.28
83471,3119,3288,3505,3552,3188,3541,4222,4568,3311,3955,5946,7888,3340,3980,6225,8454,15.8995,20.2035,8.87602,48.0547
83472,3402,3457,3198,3132,3906,3922,3557,3146,6156,4757,3788,3423,12288,6506,3961,3418,28.3758,-24.623,8.62194,48.0113
83473,3236,3320,3380,3336,3368,3681,3786,3726,3730,4554,5187,4551,4020,6190,9969,6107,30.4887,6.73531,8.85529,48.094
83474,3166,3231,3247,3449,3274,3580,3796,3990,3399,3901,5038,5814,3546,4326,7625,10651,27.6323,19.4242,8.75127,48.022
83475,3487,3696,3867,3669,3817,4805,5327,4100,4094,6171,7364,4528,3805,4531,4891,4161,5.68352,2.32378,8.57367,48.2087
83476,3464,4059,5261,4899,3712,4631,7951,6138,3569,4012,5388,4719,3208,3603,3822,3926,-6.43281,11.2968,8.67247,48.2413
83477,6247,6724,4425,3502,6477,7266,4326,3537,4318,4398,3633,3308,3564,3495,3368,3166,-13.6548,-13.4475,8.96416,47.836
83478,4379,4272,3663,3354,6100,6798,4236,3467,5980,6432,4138,3407,4342,4238,3841,3329,-0.366503,-13.7377,8.82453,47.984
83479,5534,7805,5302,3906,5019,7144,5108,3814,3923,4019,3745,3462,3325,3506,3412,3148,-16.7789,-6.86493,8.95958,48.1147
83480,3218,3516,3951,4017,3447,3923,5519,5417,3562,4315,7233,7013,3410,3867,4913,5007,4.80031,14.8467,8.61711,48.2187
83481,3932,5532,8493,5839,3836,4749,6638,5103,3414,3775,4057,3732,3207,3289,3537,3376,-18.8007,7.72515,8.93748,48.3393
83482,3405,3342,3203,3030,3866,3842,3440,3165,6014,4889,3721,3395,11970,6652,3982,3410,28.7752,-23.82,8.80977,47.5507
83483,3487,3914,6073,12511,3270,3652,4760,5991,3348,3433,3710,3975,3182,3342,3453,3352,-30.9654,29.3207,8.69777,47.6353
83484,9872,5647,3812,3434,8052,5066,3826,3447,4352,4035,3484,3229,3502,3457,3160,3175,-17.2339,-33.4517,8.68808,47.7
83485,3309,3459,3268,3090,3901,3768,3466,3300,5955,4844,3826,3385,12137,6621,4048,3355,31.6393,-23.7849,8.77461,47.8213
83486,3504,4161,6507,6922,3540,4236,6837,7175,3416,3616,4354,4452,3092,3347,3627,3631,-14.0725,15.8217,8.92935,48.278
83487,3343,3287,3329,3093,3860,4055,3562,3297,5022,5960,4655,3768,6277,9053,5602,3901,21.0656,-8.44801,8.76658,48.0427
83488,8390,6701,4213,3496,7176,5972,4064,3641,4323,4152,3582,3212,3464,3432,3320,2994,-17.1319,-18.413,8.52675,48.088
83489,3164,3239,3384,3319,3333,3673,3847,3810,3676,4350,5385,5112,3656,5220,9580,7319,33.5802,10.987,8.69363,48.0447
83490,3018,3276,3410,3296,3322,3569,3932,3834,3671,4362,5784,5147,3803,5478,9484,6796,23.2383,9.79418,8.69867,48.1213
83491,3402,4039,6833,12230,3348,3815,4852,5937,3233,3299,3767,3927,3117,3296,3274,3363,-30.8978,23.5802,8.80429,47.8213
83492,5549,9427,6931,4295,4421,5110,4731,3970,3690,3881,3672,3480,3274,3405,3237,3225,-28.9538,-4.01511,8.7067,48.1987
83493,3112,3243,3438,3438,3202,3546,3898,4153,3363,3785,4983,7373,3265,3916,5838,11170,20.481,31.1833,8.62963,47.8153
83494,3170,3607,4421,5578,3359,3880,5063,9549,3275,3689,4658,6754,3175,3465,3889,4215,-4.92374,32.0837,8.52987,47.8313
83495,4031,5052,5438,4412,3974,6109,7497,4769,3777,4407,4693,4011,3363,3542,3601,3551,-9.85403,2.87636,8.60027,48.1513
83496,3688,3641,3177,3161,5411,4414,3626,3285,9768,5232,3914,3387,7054,4863,3809,3288,9.86172,-32.4029,8.51264,47.812
83497,3178,3219,3454,3372,3314,3702,3995,3859,3794,4614,6191,4965,3814,5452,8948,6275,20.6803,8.58326,8.9978,48.0973
83498,6043,4923,3766,3309,9064,6109,3890,3345,5761,4598,3701,3417,3903,3687,3471,3139,-8.12593,-21.2029,8.67728,48.084
83499,12532,6331,4021,3541,6219,4768,3894,3357,3835,3682,3439,3253,3353,3403,3205,3117,-28.5584,-26.2034,8.64083,47.9667
83500,4981,8009,6377,4279,4484,6312,5422,4112,3787,3976,3847,3573,3294,3468,3395,3188,-18.7748,-2.93663,8.87261,48.336
83501,12740,6052,3816,3288,6122,4618,3744,3340,3885,3716,3280,3228,3382,3453,3303,3159,-32.4691,-28.7186,8.64906,47.4173
83502,10727,7723,4231,3427,5985,5092,4012,3443,3889,3737,3442,3283,3370,3283,3159,3107,-25.1093,-19.7494,8.81046,47.94
83503,3827,4748,7916,6801,3656,4390,6514,5652,3401,3726,4118,3987,3194,3343,3504,3414,-18.1011,12.0431,8.80419,48.1273
83504,3619,3477,3261,3228,4582,4236,3602,3304,7708,6226,4100,3427,7853,6164,3951,3432,15.1665,-18.8829,8.51769,48.1133
83505,3192,3195,3366,3470,3221,3472,3731,3984,3370,3825,4850,6189,3416,3934,6410,12103,27.5718,25.3802,8.67163,47.8187
83506,3361,3372,3134,3163,3817,3781,3455,3248,6044,4826,3916,3352,12246,6403,3897,3379,31.5157,-25.609,8.50583,47.596
83507,3449,3675,5281,7668,3498,3916,5666,9242,3292,3599,4251,5127,3143,3328,3605,3693,-12.3403,24.2552,8.66275,48.2887
83508,3145,3414,3654,3954,3231,3570,4292,5833,3254,3771,5255,9880,3211,3702,4926,6550,8.38963,30.7025,8.64815,47.7613
83509,5464,4778,3995,3360,8482,6164,3925,3376,6024,4876,3818,3280,4194,3891,3555,3202,-5.68164,-20.3904,8.7031,48.256
83510,3905,5485,9646,6909,3747,4307,5543,4977,3349,3606,3989,3700,3130,3333,3316,3352,-24.1903,9.6579,8.91219,48.196
83511,3621,4293,5971,5109,3632,4670,8113,6185,3476,3947,4854,4520,3193,3467,3582,3695,-9.87933,11.0604,8.74419,48.2187
83512,3415,3521,3399,3102,3972,4351,3842,3555,5322,7331,5006,3846,5584,7420,5030,3909,16.0464,-8.42482,8.61353,48.4033
83513,5896,7204,4600,3664,5744,7494,4597,3702,4188,4332,3889,3360,3547,3536,3482,3136,-14.6725,-10.6841,8.88048,48.2473
83514,7654,7712,4452,3597,6295,6304,4182,3516,4168,4016,3591,3359,3385,3536,3325,3169,-18.2127,-14.8091,8.8536,48.174
83515,4018,3716,3332,3188,5866,4435,3594,3236,9969,5230,3789,3381,6713,4783,3688,3301,8.34143,-28.4816,8.84142,48.1593
83516,3252,3754,4836,6818,3327,3808,5320,9937,3258,3629,4349,5583,3196,3297,3657,3896,-9.50773,31.8424,8.82639,47.9447
83517,4159,4277,3805,3410,5370,6467,4332,3618,5696,7000,4619,3542,4276,4574,3887,3419,1.29507,-10.7422,8.60651,48.3007
83518,4112,5482,6448,4819,3998,5946,7457,4945,3679,4108,4364,3841,3216,3372,3541,3346,-13.5466,3.67056,8.55576,48.4493
83519,3270,3581,4304,5021,3254,3831,5267,8903,3301,3810,4822,7669,3199,3463,4050,4389,-1.89402,26.7529,8.91109,48.0893
83520,7011,5369,3944,3430,8584,6287,3922,3434,4890,4384,3605,3245,3714,3628,3324,3135,-11.4444,-19.8578,8.78388,47.9373
83521,12027,6659,3967,3387,6010,4684,3881,3351,3923,3774,3410,3130,3263,3436,3269,3092,-32.5889,-23.3087,8.97754,47.5087
83522,3468,3903,6075,12533,3386,3787,4739,6159,3183,3408,3803,3966,3155,3211,3381,3448,-27.9884,29.4522,8.91817,47.7367
83523,6178,4648,3769,3270,9996,5103,3746,3395,6001,4485,3608,3327,4099,3787,3371,3217,-7.57078,-29.8072,8.70912,48
83524,3324,3647,4563,5854,3385,3886,5248,9781,3269,3739,4554,6410,3261,3494,3943,4154,-5.42756,32.6836,8.90587,48.3413
83525,5146,8565,6848,4314,4470,5744,5157,4020,3666,3851,3854,3407,3351,3351,3265,3187,-22.0172,-2.97687,8.70588,48.1307
83526,3356,3412,3228,3095,4019,3875,3483,3242,6831,4845,3845,3369,11911,5889,3936,3348,22.5613,-30.8441,8.87032,47.7893
83527,3409,3785,5061,7577,3425,3808,5190,9805,3225,3457,4225,5120,3155,3324,3681,3741,-11.6792,29.9908,8.85816,47.992
83528,4698,4114,3512,3207,7700,5006,3776,3336,8635,5182,3604,3398,5048,4428,3649,3228,1.34734,-25.9696,8.79759,48.3473
83529,3463,3504,3283,3170,3875,3829,3582,3218,5383,5289,4070,3553,8588,8910,4617,3548,33.0313,-14.581,8.72116,47.9213
83530,3782,3644,3431,3127,4765,4573,3704,3424,7689,6866,4215,3482,6211,5626,3966,3419,10.7718,-16.6418,8.62184,47.9493
83531,3063,3343,3765,3886,3171,3587,4405,5441,3424,3961,5727,9783,3302,3791,4941,6876,9.45577,23.7802,8.98886,48.3107
83532,3389,3761,5296,8302,3283,3792,5199,9314,3311,3638,4071,4883,3148,3383,3473,3668,-13.111,30.314,8.62701,47.9407
83533,3082,3377,3650,3810,3262,3720,4417,5105,3379,3906,6218,8639,3401,3974,5338,6985,11.1077,20.6574,8.67949,48.1753
83534,3386,3380,3231,3188,3874,3996,3725,3374,5169,5914,4526,3643,6633,9033,5232,3837,21.708,-9.60972,8.61407,48.094
83535,3626,3455,3343,3069,4788,4266,3554,3260,8565,5874,3962,3415,7824,5786,4084,3397,13.5004,-21.3385,8.5118,48.1787
83536,3418,3892,5768,8950,3214,3863,5497,8755,3138,3577,4028,4527,3092,3293,3590,3625,-15.6534,23.6915,8.92295,48.1513
83537,3317,3544,4157,4631,3271,3821,4950,7792,3373,3772,5075,8361,3264,3509,4222,4942,0.489582,26.2771,8.57802,48.0007
83538,3613,3590,3248,3101,4476,3930,3420,3228,8539,5176,3765,3265,9662,5607,3835,3468,16.7527,-28.4035,8.53678,47.9487
83539,11142,6835,4124,3422,6733,5056,3812,3385,4020,3876,3444,3144,3545,3282,3087,3046,-22.854,-22.4854,8.95232,47.9687
83540,4306,6941,9378,5514,4024,4771,5196,4365,3526,3630,3833,3544,3203,3238,3364,3178,-29.0889,3.97838,8.62848,48.0073
83541,3386,3235,3352,3110,3954,3734,3398,3316,6445,4788,3767,3351,12542,5888,3796,3352,26.0855,-31.6566,8.91319,47.6093
83542,4096,3881,3436,3149,6161,4485,3623,3281,9868,5113,3719,3400,6161,4578,3597,3373,6.81353,-30.5102,8.69908,47.9473
83543,3161,3437,3932,4072,3390,3710,4816,5881,3379,3916,6158,8737,3410,3820,4897,5553,6.07256,20.4706,8.60279,48.1793
83544,3746,3658,3490,3163,4716,4895,3766,3307,6796,7534,4349,3515,5726,5868,4157,3468,10.0444,-13.6368,8.81109,48.1027
83545,3513,3353,3221,2954,3992,3809,3393,3219,6392,5025,3893,3432,11396,6869,4067,3444,24.4062,-22.6933,8.62413,47.9813
83546,6061,4612,3716,3468,9890,5179,3858,3358,6260,4448,3599,3318,4009,3803,3291,3132,-6.24022,-31.3119,8.81815,48.0013
83547,3102,3218,3365,3489,3264,3467,3771,3995,3381,3953,4907,5952,3372,4091,7027,11569,30.5254,22.0072,8.7318,47.9487
83548,9263,7625,4315,3528,6261,5595,3981,3440,4122,4040,3498,3383,3419,3404,3267,3061,-21.2512,-17.8233,8.95414,48.1347
83549,3404,4075,5996,11935,3347,3907,4943,6648,3277,3394,3858,4010,3180,3179,3405,3478,-23.3721,33.023,8.73595,48.024
83550,5866,5548,4022,3465,7597,7236,4218,3390,4947,4756,3778,3326,3744,3707,3490,3248,-9.62291,-16.0422,8.8174,48.2253
83551,3084,3223,3442,3529,3241,3537,3857,4272,3404,3743,5037,7655,3431,3915,5766,10961,20.0547,27.018,8.82559,48.0647
83552,5203,5466,4116,3533,6610,7951,4567,3601,4793,5183,3911,3443,3813,3733,3517,3307,-7.74448,-12.4255,8.67685,48.498
83553,3097,3228,3551,3543,3345,3538,4215,4713,3420,3902,5632,8424,3379,3979,5885,8333,15.017,22.0051,8.68892,48.1227
83554,6765,5311,3925,3455,8774,6250,3995,3364,5001,4451,3688,3261,3776,3624,3393,3201,-10.5512,-20.6885,8.77334,48.156
83555,3889,6267,9970,5990,3898,4469,5185,4685,3381,3692,3822,3627,3147,3274,3394,3239,-33.4883,6.51329,8.99736,47.9527
83556,4299,5019,4235,3629,5382,7829,5113,3825,4611,5883,4417,3615,3825,4012,3779,3350,-4.37643,-7.41582,8.51502,48.5487
83557,3689,4164,4858,4392,3719,5152,7789,5262,3555,4322,5754,4670,3342,3751,3897,3855,-4.88999,7.99245,8.5203,48.114
83558,3501,4397,7331,7956,3555,4077,6118,6525,3208,3579,4084,4261,3039,3324,3475,3416,-17.6553,16.443,8.86933,47.8973
83559,3436,3952,6806,11698,3366,3884,4872,6490,3250,3456,3940,3928,3009,3276,3331,3424,-24.9132,23.4922,8.66924,48.0787
83560,3291,3668,4385,5407,3268,3716,5038,9525,3308,3688,4645,7226,3247,3587,3983,4231,-3.47449,31.9443,8.84835,48.142
83561,3333,3453,3274,3038,3752,3851,3647,3314,4921,5353,4319,3664,7154,9742,5395,3902,26.5908,-10.2594,8.5144,48.0747
83562,3388,3722,4519,5854,3424,3856,5209,9889,3304,3630,4570,6384,3170,3376,3757,4154,-5.88909,28.1018,8.77524,48.1373
83563,11971,6050,3902,3404,6610,4831,3816,3425,3915,3707,3422,3245,3331,3366,3160,3068,-24.595,-31.3159,8.59277,47.482
83564,3562,3786,3788,3421,4056,5146,4375,3722,4781,7863,5969,4093,4273,5344,4574,3955,7.33288,-4.06187,8.84272,48.472
83565,7138,7228,4479,3662,6512,6611,4337,3580,4236,4230,3699,3206,3554,3424,3396,3127,-16.4685,-14.5717,8.89794,48.2793
83566,5935,9759,6443,4123,4568,5233,4596,3766,3718,3862,3685,3334,3340,3432,3397,3175,-31.6947,-5.97095,8.53733,48.244
83567,3077,3380,3435,3465,3352,3605,3918,4025,3663,4427,6053,5574,3757,4927,8573,7145,20.4565,11.8695,8.65514,48.2507
83568,4290,6240,7681,5008,4101,5246,6356,4595,3653,3860,3937,3846,3239,3393,3409,3336,-18.3687,3.3334,8.52096,48.1267
83569,3117,3307,3372,3436,3366,3703,4168,3976,3535,4342,6282,5401,3683,4980,8525,6906,20.0053,11.3237,8.66688,48.066
83570,3220,3265,3302,3323,3273,3280,3797,3929,3466,3812,4769,6254,3489,3957,6021,12227,25.9107,33.5635,8.64288,47.5893
83571,3444,3880,6082,12908,3377,3761,4784,6359,3143,3345,3937,3891,3144,3184,3316,3414,-26.6397,29.6609,8.99917,47.9793
83572,3108,3353,3538,3568,3269,3593,4106,4477,3339,3882,5334,7935,3440,3984,6007,9480,16.8996,23.0155,8.72386,48.2753
83573,3353,3428,3219,3079,3952,3802,3569,3140,5572,5147,3931,3493,9998,8291,4456,3522,30.6421,-17.72,8.56769,47.968
83574,4861,5580,4373,3699,5527,8227,4970,3756,4506,5065,4053,3592,3750,3658,3456,3284,-8.20204,-8.82253,8.69938,48.238
83575,7355,7965,4582,3587,5986,6329,4333,3630,4110,4156,3621,3263,3484,3431,3301,3120,-18.9216,-13.7745,8.75092,48.1687
83576,3575,5165,9645,7955,3598,4162,5191,5161,3349,3605,3843,3893,3102,3244,3470,3327,-30.9534,12.2587,8.94923,48.19
83577,12362,6039,3796,3473,6152,4719,3772,3385,3840,3827,3515,3219,3453,3395,3055,3129,-28.0302,-29.4616,8.5322,47.4207
83578,3445,3853,5329,7763,3365,3895,5680,9173,3322,3514,4282,5098,3096,3384,3676,3617,-12.1255,23.8061,8.69575,48.328
83579,3244,3501,4090,4371,3274,3675,5155,6952,3433,3720,5812,8681,3249,3650,4431,5092,2.93205,21.8635,8.86887,48.22
83580,3609,3454,3248,3136,4687,4010,3586,3300,8744,5475,3844,3430,8983,5642,3769,3331,14.8066,-24.3028,8.98924,48.1653
83581,3191,3230,3411,3211,3536,3772,3773,3549,4268,5155,4914,4028,5112,8803,7492,4697,28.0471,-1.82694,8.58574,48.0947
83582,3091,3460,3813,3968,3279,3634,4515,6023,3366,3783,5712,9367,3351,3777,4844,6142,7.53207,24.038,8.56868,48.0833
83583,12307,6493,3914,3447,6030,4722,3723,3379,3973,3763,3329,3233,3402,3483,3219,3143,-30.2245,-25.6426,8.56573,47.7067
83584,3098,3196,3485,3683,3300,3551,4314,4926,3385,3876,5734,9088,3346,3826,5372,7975,12.801,23.3701,8.89454,48.1033
83585,3366,3719,4792,5696,3526,3999,6573,8051,3214,3724,4951,5834,3197,3490,3883,4158,-5.6353,19.0249,8.60162,48.1153
83586,3213,3273,3392,3406,3373,3372,3734,3821,3496,3698,4622,5862,3359,4001,5909,12432,32.018,33.7728,8.69639,47.3087
83587,4185,6985,9469,5543,3882,4660,5202,4423,3432,3664,3750,3720,3151,3303,3379,3215,-30.6331,4.29936,8.85227,47.9753
83588,3691,3763,3514,3360,4234,5075,4350,3651,5147,8074,5487,3920,4448,5350,4614,3704,7.75566,-5.77946,8.68577,48.2547
83589,3128,3296,3491,3383,3504,3610,4045,3861,3719,4635,6384,5151,3787,5358,8630,6294,19.5945,8.99555,8.7594,48.184
83590,3404,3796,5565,9670,3396,3940,5105,8701,3277,3441,4017,4428,3148,3240,3412,3624,-16.3845,31.8515,8.96173,48.1093
83591,5630,9228,7068,4268,4494,5169,4600,3875,3642,3760,3738,3454,3360,3270,3391,3172,-28.4997,-3.91245,8.70177,48.0793
83592,4391,4090,3550,3238,6496,5523,3938,3367,7735,6167,3923,3404,4905,4467,3596,3284,2.32597,-18.7797,8.94808,48.0493
83593,3474,4310,6790,7995,3480,4105,6257,7044,3299,3673,4160,4341,3064,3336,3511,3564,-16.7204,16.9401,8.90134,48.2687
83594,3365,3997,6128,11414,3437,3778,4913,6972,3227,3504,4009,4031,3088,3078,3444,3554,-22.274,25.844,8.91939,47.9593
83595,9892,7098,4249,3407,6684,5395,3902,3442,4192,4066,3544,3168,3415,3381,3189,3135,-21.4811,-19.8759,8.81468,48.106
83596,3317,3492,3252,3022,3905,3829,3432,3236,6022,4906,3832,3360,12222,6574,4046,3351,28.5232,-24.325,8.79428,47.8653
83597,3067,3309,3490,3266,3376,3586,3894,3932,3616,4378,6093,5252,3789,5236,9130,6933,21.5401,10.6458,8.94387,48.2313
83598,3185,3287,3333,3174,3454,3822,3719,3578,4026,4861,5032,4340,4613,7749,8662,5065,27.9213,1.51313,8.55031,47.9333
83599,3173,3202,3394,3405,3249,3474,3702,4027,3479,3712,4745,6219,3409,3963,5953,12490,26.7724,32.8194,8.77135,47.7307
83600,3225,3267,3350,3439,3168,3449,3779,3893,3386,3802,4966,5841,3403,4143,7050,11600,29.9054,22.2789,8.53106,47.8407
83601,3442,3456,3311,3221,3925,4036,3463,3295,5643,5572,4241,3634,7964,8636,4819,3651,22.4748,-13.8889,8.62639,48.206
83602,3469,3339,3219,3210,4001,3842,3538,3230,5367,5158,4108,3520,8905,8855,4755,3572,31.364,-15.043,8.60499,48.0587
83603,3319,3789,5066,7773,3286,3910,5400,9626,3338,3543,4108,4905,3081,3376,3675,3590,-12.1546,31.888,8.81281,47.8567
83604,3383,3848,6051,12484,3333,3778,4660,6125,3334,3414,3837,3970,3071,3303,3515,3368,-33.2834,28.8565,8.59624,47.6493
83605,3666,4469,8007,8671,3559,4085,5708,5983,3307,3591,3939,4098,3101,3319,3459,3453,-21.253,15.8797,8.98262,48.2767
83606,3704,3483,3285,3121,5072,4253,3627,3219,9819,5163,3874,3402,7651,5070,3828,3343,11.7208,-27.5421,8.75008,47.9427
83607,3164,3202,3314,3452,3226,3394,3825,3972,3419,3823,4893,6182,3335,3814,5782,12605,33.6124,28.3932,8.66586,47.6013
83608,3579,3521,3234,3168,4267,4443,3712,3386,6275,7060,4652,3637,6373,7031,4527,3624,15.1742,-12.9011,8.96922,48.326
83609,3531,3577,3250,3168,4557,4021,3469,3264,8667,5140,3803,3318,9591,5507,3938,3383,15.6278,-31.3185,8.93932,48.1227
83610,4088,5234,5131,4089,4349,7103,6792,4383,3720,4743,4621,3986,3444,3767,3706,3378,-8.51925,-0.465583,8.97566,48.356
83611,3378,3342,3238,3045,3955,3807,3371,3250,6198,4834,3875,3508,12530,6180,3929,3395,27.6428,-27.6089,8.79613,47.89
83612,7233,5541,3937,3483,8522,6135,4019,3456,4944,4324,3678,3228,3813,3551,3407,3119,-12.13,-20.9447,8.53172,48.26
83613,4157,6321,8887,5366,3955,4843,6076,4565,3548,3720,3913,3720,3164,3326,3503,3251,-21.3539,5.01767,8.91067,48.21
83614,3452,3657,3546,3294,3895,4691,4305,3526,4642,7554,6180,4143,4374,5634,5033,3998,10.0322,-3.01184,8.92549,47.9493
83615,4429,3971,3525,3247,6961,4619,3719,3266,9562,5057,3643,3296,5435,4366,3726,3251,4.09184,-31.3274,8.89785,48.0487
83616,11787,6947,3959,3346,6118,4826,3754,3288,3995,3940,3494,3269,3487,3324,3251,3098,-26.2755,-22.8615,8.60636,47.922
83617,3388,3558,3362,3209,3884,4217,3763,3554,4871,7018,5219,3848,5267,7337,5548,4078,15.9234,-5.72188,8.63323,48.0807
83618,3977,5861,9648,6378,3718,4515,5383,4791,3388,3615,3810,3759,3247,3337,3383,3394,-26.389,7.93963,8.55455,48.136
83619,3430,4018,6647,10335,3452,3865,5259,6921,3184,3555,3956,4105,3101,3382,3479,3366,-20.8256,21.9738,8.57801,48.0367
83620,3391,3337,3243,3137,3977,3970,3513,3255,5620,4944,4005,3410,10286,7870,4372,3351,32.2318,-18.0392,8.82566,47.7873
83621,3901,5106,7903,5779,3902,4816,6909,5123,3392,3912,4120,4074,3255,3312,3495,3279,-16.8601,8.17966,8.92015,48.1853
83622,3098,3324,3407,3480,3244,3492,4015,4029,3466,3996,5374,6164,3587,4430,7881,9294,22.6931,17.0575,8.62067,48.1873
83623,3209,3188,3375,3377,3301,3603,3934,4165,3398,3798,4950,7481,3360,3929,5844,11044,20.1313,33.0223,8.84842,47.9707
83624,3301,4033,6519,12369,3300,3818,4872,6225,3308,3446,3714,3825,2999,3223,3319,3366,-26.1416,24.8879,8.99576,47.758
83625,12538,6501,3989,3346,6299,4781,3820,3298,3973,3795,3470,3207,3452,3496,3173,3047,-27.3664,-25.4846,8.7685,48.1233
83626,3782,5068,7809,5967,3754,4667,7025,5526,3283,3822,4184,3999,3133,3373,3421,3382,-16.9251,9.51809,8.9419,48.13
83627,3416,3945,4862,4885,3544,4280,7293,6595,3418,4090,5748,5401,3255,3563,4018,3893,-3.97897,13.6968,8.98727,48.1373
83628,9637,5441,3872,3392,8595,5280,3873,3282,4442,4048,3556,3207,3519,3480,3271,3126,-16.5955,-28.2739,8.68061,48.014
83629,4065,4992,5140,4065,4237,6800,7072,4509,3931,4685,4686,3930,3499,3721,3631,3575,-8.2302,0.378403,8.67726,48.3587
83630,5005,6301,5093,3812,4869,7760,5535,3938,4030,4496,4116,3665,3532,3484,3501,3202,-12.3313,-5.21054,8.72742,48.226
83631,3237,3582,4584,5760,3272,3804,5176,9892,3240,3679,4525,6696,3142,3408,3869,4272,-5.2508,30.3302,8.98008,48.092
83632,3322,3346,3196,3129,3876,3811,3482,3275,5141,5237,4220,3609,7867,9723,5013,3701,28.5308,-12.3613,8.86783,47.9653
83633,12401,5979,3770,3403,6561,4912,3769,3394,4000,3860,3386,3217,3325,3427,3321,3178,-24.3996,-30.2219,8.90455,47.9353
83634,4220,3870,3571,3171,6174,4856,3665,3339,9127,5905,3879,3314,5433,4571,3709,3287,5.23177,-21.6713,8.72842,48.0607
83635,3399,3966,5631,6202,3469,4209,6857,7848,3341,3681,4531,4822,3224,3448,3761,3751,-10.5161,16.9737,8.73853,48.0933
83636,3374,3959,5554,9761,3403,3775,5123,8359,3246,3504,3974,4347,3071,3181,3485,3534,-17.1437,28.6517,8.546,47.7667
83637,3214,3340,3691,3781,3293,3638,4369,5035,3381,4044,6036,8709,3418,3936,5359,7008,11.2839,20.4667,8.52749,48.168
83638,7714,7272,4486,3492,6712,6284,4194,3472,4108,4178,3593,3383,3513,3459,3293,3142,-17.8765,-16.0656,8.55709,48.1967
83639,3443,4150,7096,11252,3341,3839,4833,6106,3215,3492,3830,4018,3016,3125,3292,3282,-25.7489,21.8248,8.89797,47.5533
83640,3206,3421,3586,3594,3416,3955,4344,4085,3708,4948,7809,5501,3766,4805,6822,5369,13.5256,8.97001,8.85325,48.2233
83641,3426,3409,3402,3098,3853,3820,3707,3405,4894,5345,4233,3733,6704,9934,5529,3902,27.461,-8.96604,8.52798,48.2627
83642,3393,3446,3283,3261,3986,3786,3498,3275,5924,4972,3803,3390,11858,6950,4025,3299,31.5793,-22.6216,8.79087,48.0993
83643,6887,9795,5454,3781,4977,5541,4584,3656,3644,3908,3613,3346,3268,3290,3202,3037,-24.5784,-9.39486,8.98576,47.9887
83644,3267,3251,3347,3432,3158,3436,3868,3897,3359,3711,4884,5908,3358,4112,6727,12082,32.1556,23.4614,8.86815,47.8647
83645,4284,6808,9358,5699,3930,4600,5097,4502,3493,3604,3777,3691,3167,3371,3351,3217,-27.7817,4.37559,8.53374,47.966
83646,3087,3243,3460,3391,3247,3476,3668,3914,3450,3739,4984,5934,3310,3862,6681,12055,32.4508,23.737,8.82061,47.6673
83647,3450,3892,5465,8710,3330,3779,5193,8982,3216,3570,4041,4849,3117,3199,3508,3675,-14.412,27.0621,8.66565,47.984
83648,3704,3499,3384,3171,4690,4393,3717,3197,7703,6535,4144,3488,7139,5972,4077,3513,13.0361,-17.6176,8.86972,48.2173
83649,3353,3343,3464,3290,3720,3783,3756,3512,4478,5990,5151,3935,5227,8513,6463,4227,20.8237,-3.88911,8.61719,48.1367
83650,3674,3504,3256,3109,4823,4096,3515,3214,8944,5280,3711,3411,8839,5398,3786,3393,14.4848,-27.3376,8.66526,47.9687
83651,3544,4268,5258,4583,3704,5116,8285,5432,3491,4191,5463,4488,3377,3517,3920,3793,-6.69603,7.95719,8.99953,48.2867
83652,3206,3281,3375,3428,3245,3497,3769,3901,3303,3776,4670,5906,3363,4026,5943,12745,31.1561,30.0736,8.71274,47.6227
83653,3553,4138,5329,5098,3720,4695,8109,6201,3450,3982,5082,4654,3320,3511,3778,3831,-7.92272,11.1849,8.9003,48.3007
83654,3797,3763,3467,3238,5164,4959,3833,3346,7545,7309,4218,3504,5416,5153,4043,3482,7.30694,-15.8014,8.95736,48.158
83655,3272,3268,3391,3260,3342,3692,3784,3601,3868,4763,5062,4639,4259,6839,9417,5448,32.4029,4.13544,8.71009,47.9367
83656,5336,5331,4058,3501,6918,7721,4443,3566,4939,4953,3923,3411,3808,3830,3462,3230,-7.94193,-13.9666,8.81479,48.2867
83657,3434,3307,3241,3104,4217,3897,3534,3251,7002,5117,3821,3321,11047,6473,4054,3369,21.3519,-23.6449,8.54244,48.126
83658,5067,8493,7456,4660,4294,5287,5239,3961,3588,3770,3750,3542,3229,3366,3325,3182,-24.0424,-1.66219,8.50099,48.1393
83659,4748,8171,8458,4910,4223,4890,4906,4285,3516,3757,3739,3563,3297,3370,3317,3250,-30.9667,0.336001,8.68599,48.2667
83660,3162,3385,3312,3295,3415,3533,3902,3705,3801,4388,5206,4819,4024,5914,9995,6425,28.2758,7.83707,8.69587,48.1873
83661,3201,3248,3370,3282,3189,3515,3819,3885,3723,4302,5814,5157,3697,5161,9490,7202,23.902,11.1587,8.85741,48.0367
83662,4252,5603,5202,4093,4477,7532,6219,4171,3939,4672,4310,3572,3509,3586,3544,3485,-9.77199,-2.40528,8.90034,48.1107
83663,3126,3474,3669,4065,3363,3498,4468,5762,3290,3820,5673,9493,3269,3755,4822,6483,8.12311,24.8595,8.70256,48.02
83664,3069,3356,3951,4198,3392,3657,4685,6324,3302,3804,5656,9542,3326,3635,4581,5762,5.71758,24.2955,8.95387,48.16
83665,3081,3273,3368,3404,3422,3501,3822,3727,3783,4319,5384,5038,3810,5288,9852,7159,27.0954,10.2571,8.91681,48.154
83666,5672,6754,4672,3765,5863,7523,4696,3629,4299,4424,3780,3506,3534,3646,3379,3285,-13.4528,-10.2595,8.50829,48.2847
83667,3357,3575,3519,3551,3493,3974,4806,4104,3895,5339,7979,5314,3922,4787,6144,4961,11.407,6.55164,8.83499,48.48
83668,3315,3844,5429,6286,3390,3992,6415,8682,3377,3676,4415,5208,3169,3415,3696,3826,-9.36889,19.6462,8.85387,48.09
83669,3147,3432,3721,3944,3330,3718,4441,5423,3429,3953,5931,9029,3363,3909,4904,6377,8.69242,21.7067,8.52996,48.034
83670,3351,3440,3471,3170,3636,4110,4063,3535,4500,6367,5625,4068,4910,7444,6584,4348,18.0245,-2.38101,8.81811,48.4147
83671,12546,6593,3966,3324,5958,4591,3798,3366,3946,3769,3390,3220,3451,3385,3280,3258,-30.1414,-25.8144,8.89524,47.894
83672,4771,5533,4383,3702,5609,8277,5099,3710,4313,4961,4086,3583,3646,3833,3586,3302,-8.46335,-7.96585,8.96367,48.2627
83673,3941,3679,3445,3110,5154,4907,3751,3412,7580,7162,4189,3476,5600,5177,3987,3387,7.80947,-15.9607,8.82763,47.9713
83674,3478,3897,4192,3960,3890,5233,6507,4581,3914,5322,6971,4544,3712,4048,4372,3929,0.823711,4.39743,8.81221,48.3667
83675,6935,4955,3801,3187,9702,5553,3821,3396,5533,4355,3599,3301,3883,3691,3266,3065,-9.38259,-25.1875,8.73258,48.0287
83676,3708,3754,3367,3116,4329,4691,3840,3434,6098,8066,4817,3669,5294,6024,4356,3721,10.5276,-11.3343,8.71307,48.1893
83677,3890,3747,3414,3155,5300,4781,3822,3315,8160,6985,4288,3451,5880,5171,3905,3376,8.31202,-17.3602,8.9918,48.4267
83678,3200,3515,3847,3900,3408,3898,5491,5394,3513,4403,7300,7005,3488,3947,4988,5159,5.5626,14.804,8.77271,48.304
83679,3457,4348,8021,10280,3433,4021,5048,5669,3288,3576,3761,3910,3075,3228,3349,3460,-30.4422,18.5437,8.53885,47.9493
83680,3381,3452,3279,3267,3812,4044,3926,3604,4596,6372,5138,3801,5368,8254,6127,4129,19.1275,-4.64301,8.88694,48.3667
83681,5132,4431,3669,3268,8452,5558,3837,3308,7365,5035,3820,3322,4505,4202,3531,3128,-2.11625,-22.896,8.78892,48.3753
83682,3457,3468,3459,3288,3864,4382,4044,3628,4767,7102,5689,4091,4925,6804,5424,4051,14.6884,-3.81006,8.59155,48.2953
83683,12949,6029,3924,3413,6039,4805,3692,3396,3854,3792,3438,3197,3340,3371,3227,3225,-29.9912,-29.4647,8.95309,47.794
83684,3695,5083,9354,7559,3566,4280,5663,5163,3305,3583,3853,3850,3167,3234,3372,3375,-24.3922,11.9259,8.60409,48.068
83685,3243,3758,4546,4788,3395,4086,6407,7132,3381,3844,5805,6525,3335,3565,4138,4363,-1.55181,17.1906,8.77556,48.2073
83686,3477,3374,3328,3085,3901,3740,3386,3299,6141,4648,3649,3418,12686,5912,3754,3375,33.5597,-30.0182,8.99129,47.4487
83687,5673,4487,3606,3307,9685,5138,3696,3325,6728,4668,3722,3278,4257,3964,3438,3272,-4.9409,-29.4748,8.83321,48.1627
83688,7974,9538,5074,3702,5107,5230,4187,3685,3854,3712,3583,3317,3362,3340,3294,3231,-28.2366,-12.1693,8.74261,48.1267
83689,4514,4151,3524,3304,7101,5434,3892,3517,7938,5692,3879,3385,4833,4365,3669,3307,1.19209,-20.9556,8.57858,48.3367
83690,3226,3344,3332,3213,3565,3737,3655,3611,3789,4779,5030,4476,4485,7128,9171,5349,30.5797,3.29714,8.65371,47.9267
83691,6311,10061,6035,3941,4733,5261,4441,3717,3680,3785,3652,3423,3264,3313,3271,3244,-27.314,-7.56702,8.77972,48.088
83692,3570,3525,3277,3150,4236,4160,3586,3301,6733,6255,4109,3538,7543,7085,4456,3474,16.9629,-16.1518,8.51436,47.9987
83693,6555,7218,4592,3633,6307,6965,4498,3699,4177,4197,3770,3341,3542,3529,3324,3198,-15.8411,-12.6301,8.5177,48.3633
83694,3241,3633,4177,4613,3290,3732,4821,7979,3314,3703,5040,8383,3289,3673,4125,4918,0.695717,30.651,8.8062,47.954
83695,3551,3626,3445,3230,4191,4499,3860,3491,5774,7696,4908,3761,5580,6686,4659,3700,12.8268,-9.75772,8.5489,48.438
83696,3006,3236,3408,3401,3223,3477,3883,4106,3401,3901,5475,6653,3420,4322,7515,9641,21.0676,18.5277,8.78838,48.0453
83697,3512,3521,3498,3300,3655,4310,4078,3751,4660,7238,6035,4073,4604,6498,5526,4086,13.5345,-2.73068,8.82731,48.23
83698,3124,3164,3293,3457,3214,3444,3911,4066,3470,3869,5087,7002,3459,3976,6304,11287,21.853,24.1745,8.9108,48.0847
83699,3155,3252,3349,3327,3258,3395,3874,3922,3426,3945,5030,5822,3432,4268,7729,10633,28.9157,19.1753,8.60518,47.878
83700,3041,3266,3421,3523,3304,3518,3926,4450,3378,3765,5411,8003,3308,4027,6101,9464,17.3126,23.477,8.8818,47.9373
83701,3375,3557,3416,3365,3627,4012,4094,3718,4301,6169,6071,4334,4546,6658,6564,4492,16.1425,-0.231266,8.51058,48.1993
83702,3196,3170,3519,3661,3200,3674,4247,4981,3243,3860,5338,9662,3336,3744,5073,7801,12.1888,31.7762,8.93676,47.8033
83703,3205,3577,4505,5212,3256,3875,5280,8870,3365,3753,4649,7380,3223,3488,3940,4572,-2.74852,25.7906,8.5892,48.1
83704,3168,3301,3253,3257,3468,3789,3703,3484,4088,5000,5109,4238,4651,8051,8445,4817,26.8144,0.938122,8.68872,47.8813
83705,3231,3662,4478,5551,3392,3677,5175,9378,3249,3687,4602,6954,3203,3362,4012,4385,-3.88604,28.5178,8.56795,47.9987
83706,3326,3623,4609,5891,3438,3807,5071,9703,3343,3672,4557,6546,3250,3491,3904,4103,-5.62274,30.1603,8.78634,48.2227
83707,3443,3604,3689,3670,3684,4469,5152,4071,4143,5977,7721,4676,3788,4646,5248,4258,8.00554,3.55595,8.92018,48.1593
83708,3268,3376,3330,3284,3650,3971,3640,3412,4549,5635,4779,3727,5902,9376,6285,4145,23.8652,-5.63534,8.92117,48.2193
83709,6446,4693,3649,3326,10047,5223,3876,3291,5985,4418,3477,3308,3884,3684,3358,3174,-8.37722,-28.146,8.95286,47.8927
83710,3087,3304,3431,3422,3254,3523,3891,4131,3438,3842,5008,6986,3431,4047,6411,10830,21.8027,23.903,8.55032,48.024
83711,3194,3531,4080,4753,3321,3738,5025,8238,3286,3797,4969,8331,3206,3602,4320,4844,0.382702,26.6063,8.87664,48.1567
83712,3137,3243,3343,3364,3376,3686,3849,3738,3682,4207,5214,4982,3738,5424,9705,7412,30.7295,10.6541,8.77462,48.0667
83713,7450,9842,5288,3680,4988,5237,4179,3625,3805,3803,3564,3413,3414,3344,3211,3204,-31.193,-11.0048,8.8233,48.0313
83714,4546,7286,6916,4445,4388,6146,5921,4222,3606,3979,3857,3622,3353,3392,3377,3241,-17.8923,-0.758832,8.76453,48.198
83715,3209,3359,3722,3788,3331,3627,4305,5487,3373,3917,5364,9830,3221,3859,5011,7107,10.0685,28.0665,8.50511,48.34
83716,4281,5324,4967,4013,4557,7282,6589,4144,3927,4523,4508,3799,3476,3762,3616,3440,-9.33599,-1.5472,8.81682,48.1387
83717,5156,5882,4445,3687,5831,8026,4948,3622,4498,4936,3878,3579,3623,3610,3532,3277,-9.96576,-9.6514,8.86889,48.3533
83718,3462,4433,8020,9826,3546,3976,5058,5916,3191,3563,3862,3951,3091,3326,3373,3407,-25.4304,17.6571,8.53618,48.0007
83719,3346,3572,5059,7538,3378,3867,5219,9814,3260,3484,4182,5083,3207,3271,3595,3772,-11.6007,30.1348,8.78087,47.7647
83720,3692,3572,3345,3157,4669,4534,3703,3379,6991,7090,4456,3509,6099,6138,4291,3586,11.9938,-14.5804,8.78093,48.1407
83721,3252,3305,3338,3104,3805,3829,3644,3378,5037,5597,4417,3699,7041,9369,5558,3854,24.9904,-10.0725,8.65321,48.1513
83722,3216,3421,3858,3666,3435,3961,5081,4717,3625,4845,8053,6122,3579,4249,5300,4907,7.84443,10.7463,8.94743,48.0233
83723,4567,7080,7800,4748,4333,5551,5748,4304,3598,3850,3944,3795,3264,3373,3441,3283,-20.0676,1.18335,8.60842,48.4527
83724,3126,3259,3486,3421,3183,3598,3844,4083,3330,3829,5094,7164,3401,3802,6039,11294,21.5455,28.9911,8.55803,47.9687
83725,12535,6077,3911,3374,6069,4704,3821,3302,4022,3690,3362,3162,3353,3460,3302,3241,-32.5201,-28.3325,8.69301,47.59
83726,6975,8542,4913,3782,5607,6140,4601,3569,3975,4088,3661,3389,3477,3446,3352,3039,-19.8474,-11.4922,8.58723,48.3707
83727,3303,3964,5672,9517,3419,3889,5349,8437,3189,3624,4079,4577,3143,3311,3528,3540,-16.3952,25.2077,8.74873,48.3607
83728,3145,3312,3604,3509,3282,3546,4187,4745,3483,4044,6090,8326,3527,3998,5793,7513,13.7377,20.4196,8.73448,48.0693
83729,3082,3239,3406,3382,3240,3477,3872,4152,3453,3893,5015,7413,3355,3975,5839,11000,19.8308,32.8719,8.90434,47.862
83730,3147,3330,3334,3444,3216,3490,3873,3915,3558,4237,5693,5852,3568,4596,8465,8271,21.4504,14.8649,8.76231,47.9927
83731,12231,6424,3854,3345,6050,4721,3698,3354,3967,3810,3441,3240,3413,3366,3143,3053,-32.2961,-25.4719,8.76426,47.4067
83732,5380,4509,3670,3259,9682,5333,3819,3406,6740,4660,3600,3312,4196,3827,3394,3280,-4.72207,-33.914,8.94777,48.0447
83733,3384,4093,6832,10875,3345,3896,5055,6492,3304,3472,3871,3987,3118,3285,3424,3419,-23.1505,21.366,8.69031,47.9013
83734,4036,4297,3851,3561,5009,6705,4874,3712,4923,7101,4966,3668,3983,4401,3933,3625,0.728938,-6.74334,8.79353,48.43
83735,3355,3914,6181,12166,3418,3766,4896,6540,3271,3374,3662,4067,3081,3160,3454,3387,-25.3137,27.0746,8.74652,47.7947
83736,3484,4141,6800,8486,3489,4091,5803,7219,3251,3570,4092,4369,3117,3156,3476,3441,-17.5752,18.6354,8.93835,47.99
83737,5263,7521,5320,3801,5075,7364,5096,3967,3855,4211,3907,3554,3366,3490,3397,3275,-15.0505,-6.44173,8.53641,48.308
83738,3674,4895,7438,6149,3689,4628,7173,5531,3374,3708,4220,4084,3347,3313,3440,3457,-16.5289,10.4463,8.77939,48.08
83739,3796,4899,8680,6897,3608,4411,6347,5496,3456,3509,4035,4084,3157,3347,3417,3456,-19.4302,11.2865,8.98849,48.3967
83740,3318,3398,3295,3101,3746,3841,3753,3453,4605,5783,4747,3864,5789,9248,6108,4101,22.7498,-5.96606,8.98308,48.1
83741,5862,4670,3751,3364,9213,5837,3928,3395,6131,4707,3746,3171,3897,3830,3422,3132,-6.54249,-22.0947,8.64745,48.0373
83742,3863,5274,9757,7110,3647,4273,5349,5087,3306,3524,3800,3840,3193,3319,3436,3355,-33.9593,10.5316,8.52924,48.0887
83743,3466,3516,3372,3120,3898,3784,3568,3239,5734,4766,3953,3405,11405,7131,4138,3402,32.0148,-21.0464,8.66015,47.9313
83744,3142,3268,3299,3373,3103,3644,3717,4155,3307,3705,4753,6014,3403,4035,6179,12774,30.1382,26.5768,8.69603,47.914
83745,3164,3109,3413,3286,3318,3531,3758,3930,3299,3699,4724,6277,3501,3920,6109,12365,26.5692,31.8834,8.69089,47.602
83746,3407,3457,3276,3098,4066,4000,3657,3361,6160,6049,4145,3489,8207,7688,4418,3547,19.5841,-15.4238,8.66487,48.0167
83747,3272,3361,3328,3215,3726,3737,3718,3529,4407,5176,4608,3815,5441,9437,7006,4227,32.7167,-4.09089,8.8063,48.002
83748,3576,3985,4997,4608,3648,4863,7877,5755,3514,4179,5901,4793,3433,3581,3899,3788,-4.31627,9.6568,8.51938,48.2647
83749,4186,3937,3478,3331,6568,4564,3700,3279,9440,5268,3871,3347,5590,4638,3650,3305,4.89676,-33.5216,8.80934,48.1013
83750,7019,6102,4142,3280,7720,6461,4025,3438,4592,4306,3669,3369,3751,3537,3382,3123,-13.301,-17.6946,8.66712,47.944
83751,3408,3427,3215,3212,3961,3763,3492,3211,6020,4688,3720,3363,12538,5963,4009,3329,32.4777,-29.5905,8.61906,47.546
83752,3155,3241,3523,3484,3239,3595,3943,4398,3315,3859,5057,8129,3387,3928,5707,10024,18.0675,27.4515,8.70221,47.9893
83753,7885,5199,3709,3387,9505,5254,3728,3417,5047,4189,3644,3180,3647,3451,3336,3208,-12.3566,-29.342,8.90364,47.8573
83754,3211,3130,3395,3357,3201,3504,3632,3831,3475,3916,4992,5860,3514,4085,7431,11293,31.2385,20.7247,8.82433,47.8847
83755,4097,3900,3417,3141,6532,4517,3658,3327,9703,5127,3804,3455,5764,4421,3767,3345,5.30108,-29.3185,8.74345,47.9833
83756,3613,4485,8099,9464,3428,4013,5466,5881,3340,3645,3925,3862,3117,3271,3440,3428,-23.5244,17.0902,8.90028,48.318
83757,3682,5090,8755,6750,3665,4393,6061,5379,3489,3673,3907,3951,3073,3329,3504,3298,-20.8282,10.9688,8.76793,47.9993
83758,3539,3469,3401,3047,4542,4233,3676,3272,7751,5987,4053,3426,7761,6290,4166,3416,15.0107,-18.8066,8.56793,48.0193
83759,4338,6392,6978,4720,4203,5873,6310,4431,3617,3959,3974,3617,3318,3482,3459,3248,-16.6523,1.5048,8.64768,47.946
83760,5438,4340,3562,3314,9261,5234,3810,3364,7234,4828,3734,3508,4431,4020,3550,3256,-3.06551,-27.8483,8.68768,48.5893
83761,3622,3890,3859,3737,3841,4988,5565,4121,4102,6161,6896,4515,3904,4423,4563,4025,3.92357,1.88567,8.75414,48.1413
83762,3515,3978,4385,4201,3666,4691,7312,5264,3672,4460,6435,5003,3576,3932,4250,3894,-1.46397,8.71153,8.95117,48.156
83763,3746,3603,3349,3226,5086,4328,3712,3305,8632,6256,4087,3403,6741,5430,3928,3263,11.0794,-20.2217,8.74371,48.0633
83764,3376,3730,4346,4975,3322,3871,5868,8439,3345,3804,5143,7073,3229,3555,3973,4387,-2.33973,21.1935,8.87875,48.2907
83765,8654,9025,4568,3613,5317,5192,4167,3401,3903,3894,3537,3204,3358,3453,3411,3260,-33.2945,-14.7449,8.65939,47.9713
83766,3068,3307,3686,3647,3298,3652,4458,4773,3577,4290,6853,7629,3499,4029,5852,6467,12.0348,16.7002,8.84988,48.0567
83767,5033,8670,8121,4530,4273,4967,4878,4043,3553,3784,3677,3556,3236,3401,3366,3204,-27.8766,-1.07032,8.92461,48.1947
83768,7202,6294,4138,3506,7662,6412,4115,3407,4443,4271,3660,3328,3651,3553,3360,3188,-14.4379,-17.5363,8.81678,48.1267
83769,4107,4162,3843,3373,5416,6390,4268,3513,5786,7202,4440,3577,4331,4562,3836,3431,1.56735,-11.3291,8.69853,48.158
83770,5223,5906,4451,3596,6205,7992,4638,3601,4538,4866,3842,3471,3751,3581,3482,3217,-10.0258,-11.236,8.53941,48.24
83771,3541,3539,3262,3042,4352,4064,3558,3223,8465,5150,3784,3406,9740,5654,3950,3438,17.1217,-31.9916,8.50349,48.112
83772,5297,8733,6661,4326,4524,5826,4939,4058,3617,3867,3702,3442,3244,3419,3339,3218,-22.212,-3.95952,8.68558,48.1413
83773,3066,3131,3374,3557,3201,3469,3769,3801,3390,3773,4808,6071,3408,3778,6136,12488,32.9029,26.9423,8.89596,47.48
83774,3248,3262,3383,3376,3203,3494,3826,3927,3549,4001,5167,5535,3633,4458,8673,9415,32.4216,15.9487,8.95511,48.1
83775,3369,3918,6422,12376,3322,3775,4740,5971,3235,3455,3773,3873,3162,3192,3394,3345,-30.8523,25.5074,8.92032,47.548
83776,3180,3219,3290,3383,3218,3493,3880,3967,3348,3891,4888,7138,3408,3939,5810,12076,22.5032,30.0893,8.93343,48.0853
83777,3454,4178,6566,7511,3555,4162,6328,7346,3282,3722,4190,4451,3099,3327,3562,3586,-15.2996,17.386,8.67224,48.2127
83778,3234,3324,3398,3168,3595,3970,3736,3362,4414,5125,4478,3821,5578,9722,6809,4274,30.7037,-4.81643,8.96405,48.0053
83779,6648,5205,3763,3312,9376,5855,3922,3267,5514,4470,3743,3349,3860,3816,3401,3103,-9.39248,-22.7884,8.5419,48.4027
83780,3214,3477,3403,3313,3554,3927,3977,3674,4166,5616,5903,4327,4422,6698,7720,4964,19.1126,2.13898,8.54966,48.2367
83781,4148,3908,3599,3145,6001,5139,3827,3326,8410,6362,3928,3560,5204,4716,3777,3313,4.66022,-19.1532,8.91352,48.242
83782,3245,3589,4420,5343,3459,3668,5033,9290,3311,3768,4734,7197,3279,3493,3999,4269,-3.50385,30.0443,8.52583,48.0647
83783,3378,3991,6053,12798,3404,3805,4676,5881,3220,3326,3807,3882,3218,3194,3339,3301,-29.4678,33.5626,8.84029,47.5153
83784,3327,3398,3279,3161,3936,3889,3530,3167,6200,4812,3754,3315,12690,5906,3849,3491,27.0267,-29.8235,8.74775,47.8027
83785,11087,5700,3804,3253,7512,5043,3756,3414,4137,3969,3486,3251,3409,3359,3201,3134,-20.0865,-29.7196,8.88078,47.6767
83786,6710,9785,5551,3944,4801,5233,4234,3811,3744,3854,3646,3438,3437,3383,3282,3179,-28.1191,-9.13929,8.57116,48.0213
83787,3744,4725,5915,4775,3890,5350,7955,5335,3623,3986,4769,4149,3272,3450,3673,3486,-10.5726,6.68716,8.89053,48.0647
83788,3298,3380,3347,3184,3627,3866,3594,3469,4485,5366,4654,3881,5652,9554,6691,4168,26.6065,-5.1897,8.83609,48.144
83789,3154,3168,3412,3341,3344,3629,3926,3698,3666,4338,5539,4845,3900,5730,9846,6677,25.3998,8.80226,8.83115,48.142
83790,3099,3247,3337,3434,3230,3555,3742,4060,3407,3783,4694,6505,3452,4092,5977,12282,25.237,30.2098,8.60963,47.9307
83791,12192,6462,4042,3358,6192,4900,3767,3383,3903,3849,3506,3193,3445,3376,3275,3048,-26.5856,-25.5158,8.63873,47.9273
83792,8011,5375,3801,3365,9294,5462,3853,3391,5025,4233,3438,3234,3731,3588,3423,3105,-12.85,-24.7735,8.81133,48.2193
83793,3395,3348,3179,3145,3978,3725,3503,3312,6098,4672,3709,3341,12759,5934,3852,3328,29.2878,-29.6065,8.91455,47.5187
83794,3076,3199,3392,3393,3222,3483,3763,4000,3320,3882,4909,7052,3373,3927,5760,11841,22.1525,29.8768,8.79904,47.728
83795,5090,7777,6596,4338,4439,6011,5322,4020,3576,4063,3862,3633,3341,3324,3396,3247,-19.4794,-2.71807,8.61645,48.0233
83796,12363,6106,3923,3290,6279,4876,3759,3397,3913,3728,3442,3274,3398,3459,3351,3131,-27.4829,-29.3223,8.71149,47.7927
83797,3982,6019,9925,6369,3748,4342,5160,4660,3348,3587,3800,3660,3116,3303,3413,3290,-29.8732,7.67574,8.87749,47.8147
83798,3375,3615,4099,3977,3569,4223,6051,5065,3545,4655,7626,5675,3450,3990,4699,4427,3.40348,10.3617,8.7634,48.0273
83799,3364,3792,5925,12795,3292,3762,4674,5983,3164,3502,3739,3939,3210,3184,3345,3511,-32.0314,30.5887,8.93071,47.454
83800,3170,3362,3310,3358,3469,3764,3769,3620,4198,5127,5219,4313,4591,7559,8068,4987,23.5989,0.909583,8.52651,47.9227
83801,3342,3367,3273,3240,3528,3688,3702,3461,4456,4976,4729,3997,5328,9202,7218,4439,29.6398,-3.45554,8.75539,47.964
83802,3248,3404,3258,3117,3805,3808,3666,3309,4883,5783,4651,3731,6209,9434,5801,4017,23.1189,-7.8101,8.68315,48.0827
83803,11232,7447,4212,3387,5796,4997,3860,3391,3875,3880,3619,3139,3387,3353,3268,3189,-28.7724,-20.5745,8.79059,48.0213
83804,3164,3498,3607,3592,3476,3878,4442,4161,3864,5007,7592,5377,3827,4845,6763,5322,13.3383,8.07719,8.56247,48.2767
83805,4066,3828,3384,3155,6104,4607,3649,3232,9601,5365,3809,3448,6179,4666,3670,3217,6.92924,-26.2982,8.58065,47.9867
83806,5767,9873,6374,4017,4561,5323,4553,3832,3655,3779,3731,3402,3398,3366,3237,3228,-33.7274,-5.78849,8.92776,48.064
83807,3255,3244,3355,3374,3427,3593,3850,3812,3533,4009,5157,5329,3452,4665,9210,8682,33.2312,14.4672,8.90056,47.9647
83808,3748,4770,7083,5556,3844,4793,7473,5461,3395,3825,4516,4105,3202,3356,3556,3629,-14.384,9.35903,8.54567,48.208
83809,3387,3886,5685,10212,3363,3822,5009,8248,3267,3468,3934,4329,3137,3243,3458,3542,-17.917,32.8086,8.97457,47.9933
83810,3388,4101,7241,11553,3376,3882,4766,5991,3209,3378,3685,3944,3256,3207,3287,3393,-29.5036,21.3931,8.95483,47.7713
83811,3039,3198,3290,3380,3230,3495,3817,4185,3413,3848,5235,6620,3383,4182,7034,10838,22.8123,21.5723,8.74046,48.1247
83812,3931,5061,5921,4554,4004,5762,7862,4799,3651,4313,4678,3889,3271,3508,3566,3457,-11.1182,4.05813,8.58125,48.1513
83813,3250,3459,3652,3442,3402,4062,4828,4251,3808,5061,8003,5490,3740,4745,6006,4910,10.7681,8.03032,8.86887,48.0727
83814,3799,5229,9726,7322,3519,4257,5318,5023,3339,3586,3779,3878,3129,3225,3410,3376,-32.0978,11.2371,8.7068,47.9433
83815,4798,4234,3645,3322,8445,5026,3777,3217,7937,4781,3747,3464,4557,4141,3605,3218,-0.803212,-32.5514,8.67343,47.9427
83816,3343,3455,3354,3164,3965,3924,3787,3396,5508,6536,4499,3678,6356,8420,5161,3800,18.6349,-10.404,8.94992,48.2307
83817,3701,5036,9455,7787,3573,4161,5474,5174,3350,3450,3875,3844,3202,3207,3338,3416,-30.0242,12.5633,8.52536,48.0287
83818,3883,3767,3269,3223,5699,4389,3601,3226,9983,5446,3760,3334,6741,4757,3679,3344,8.34011,-26.8248,8.97334,48.0673
83819,3745,3580,3306,3171,4923,4524,3726,3266,8316,6199,4006,3471,6863,5546,4020,3434,11.595,-19.637,8.66469,48.064
83820,3159,3189,3464,3485,3227,3497,3888,4470,3425,3869,5072,7621,3257,3906,5951,10477,19.7648,26.4766,8.5368,47.9713
83821,4603,6949,6359,4423,4424,6333,6034,4243,3640,3989,3989,3710,3313,3486,3482,3215,-16.2854,-0.778486,8.85929,48.128
83822,3347,3336,3368,3174,3565,3807,3644,3550,4239,4958,5029,4186,4749,8267,8061,4855,29.0188,-0.43176,8.58397,48.09
83823,3622,4310,6682,6849,3553,4281,6858,6777,3230,3669,4292,4432,3018,3360,3572,3541,-14.7163,15.0952,8.51411,48.0307
83824,4871,7444,6393,4267,4625,6397,5354,4052,3827,4034,3992,3528,3341,3393,3432,3271,-17.5394,-2.75076,8.83419,48.1473
83825,3048,3254,3477,3402,3249,3552,4032,4150,3565,4018,5785,6343,3597,4456,7596,8380,19.6717,16.2884,8.63109,47.936
83826,3238,3514,3832,3873,3334,3869,5083,5277,3528,4147,7397,7186,3460,3966,5177,5228,6.91858,14.6435,8.82368,48.0727
83827,3351,3358,3320,3254,3693,3813,3715,3489,4527,5122,4655,3996,5646,9521,6569,4073,32.1226,-5.24857,8.5378,48.068
83828,3595,4646,8940,9002,3501,4109,5344,5468,3336,3591,3766,3708,3076,3190,3365,3360,-26.9143,14.9694,8.83329,47.998
83829,3529,3516,3296,3189,4579,4042,3599,3256,8692,5271,3884,3462,9070,5347,3838,3371,15.4157,-33.0967,8.61382,47.9607
83830,3906,3726,3391,3161,5443,4506,3766,3328,8501,6408,3981,3475,6230,5150,3802,3423,8.83706,-19.932,8.71595,48.1313
83831,3037,3262,3360,3456,3328,3455,3813,3771,3490,3981,5123,5578,3529,4531,8841,9192,28.1229,15.596,8.50423,47.8313
83832,3138,3220,3424,3360,3164,3488,3815,3772,3395,3800,4873,5982,3429,4245,7436,11471,28.4445,20.8521,8.97734,48.008
83833,3533,3494,3291,3107,4565,4085,3644,3288,8146,5817,3990,3392,8260,6076,3897,3514,15.3389,-20.9664,8.6183,48.066
83834,5475,6908,4713,3674,5546,7617,4825,3758,4127,4503,3801,3450,3515,3553,3454,3277,-13.8548,-9.28338,8.86308,48.1307
83835,3448,3497,3210,3072,3847,3698,3461,3249,5936,4710,3694,3375,12604,5843,3955,3377,33.1262,-28.4184,8.86105,47.3173
83836,3377,4108,7469,10881,3351,3861,4923,5827,3241,3442,3959,3984,3116,3336,3352,3390,-33.0104,20.1292,8.72535,47.7447
83837,5225,8456,6603,4320,4615,5919,5072,3923,3642,3994,3746,3546,3224,3424,3285,3114,-20.8111,-3.87526,8.55145,48.072
83838,5227,4234,3707,3278,8836,5054,3695,3386,7481,4929,3729,3316,4471,4043,3555,3247,-2.2666,-25.8748,8.68029,48.1253
83839,3468,3424,3295,3210,4252,4075,3605,3346,6468,6499,4227,3461,7501,7220,4387,3546,17.1679,-15.2322,8.67725,47.9893
83840,3272,3334,3253,3216,3601,3815,3682,3418,4627,5220,4638,3892,5551,9658,6513,4175,33.3072,-5.01427,8.77934,47.91
83841,3143,3270,3510,3528,3425,3717,4364,4508,3570,4247,6906,7073,3531,4289,6326,6788,13.5854,15.4015,8.9811,48.13
83842,3229,3454,3475,3418,3371,3758,4136,4008,3702,4520,6913,5572,3668,4892,7936,6134,17.3788,10.0744,8.61702,48.124
83843,9319,7502,4284,3555,6528,5605,4019,3373,4124,4047,3537,3179,3394,3392,3346,3093,-20.7176,-17.7471,8.59552,48.198
83844,3070,3331,3410,3641,3322,3567,4062,4691,3366,3835,5090,8925,3338,3923,5407,8990,15.0168,28.1314,8.96017,47.9787
83845,6073,7012,4647,3687,5785,7209,4657,3618,4147,4328,3806,3450,3519,3637,3446,3191,-14.8928,-10.7496,8.57915,48.1413
83846,3621,4167,5396,4759,3716,5083,8262,5587,3529,4151,5165,4473,3325,3577,3865,3737,-7.36554,8.57118,8.97416,48.2753
83847,3394,4089,4204,4050,3863,5313,6524,4644,3816,5118,6691,4636,3720,3954,4274,3843,-0.0904331,4.29307,8.93761,48.0887
83848,3261,3393,3772,3677,3562,3989,5068,4488,3556,4866,8184,5804,3693,4296,5560,5044,8.87644,10.0696,8.96485,48.142
83849,3152,3226,3435,3462,3278,3474,3862,4062,3293,3829,4959,7319,3342,3957,5822,11297,20.6669,33.9208,8.93075,47.846
83850,3188,3355,3883,4151,3286,3646,4738,6009,3316,3999,6002,8931,3241,3708,4588,5687,6.1872,21.8295,8.70427,47.8187
83851,4081,4223,3901,3468,4833,6759,4837,3746,4818,7035,4858,3773,3924,4463,3920,3520,0.394777,-7.07327,8.86237,48.106
83852,8667,6965,4123,3520,7081,6029,4083,3459,4203,4032,3507,3221,3617,3524,3331,3109,-17.7208,-18.0273,8.98307,48.314
83853,3696,3890,3457,3232,4736,5004,3915,3382,6467,8180,4536,3504,5168,5576,4045,3495,8.59986,-12.4361,8.95994,48.1887
83854,6915,8508,5091,3780,5518,6329,4437,3559,3953,3928,3643,3409,3356,3360,3265,3146,-19.6731,-11.5599,8.75397,48.1313
83855,3004,3255,3506,3516,3290,3597,4019,4371,3363,3881,5068,7720,3463,3912,5726,10302,18.3723,28.1136,8.66564,47.9953
83856,3344,4032,6561,10900,3305,3904,5088,6899,3178,3438,3946,4146,3057,3162,3391,3440,-21.874,23.6725,8.54252,47.8607
83857,4694,8009,8514,4945,4111,4941,5003,4247,3482,3649,3654,3497,3269,3337,3368,3262,-30.5569,0.290822,8.86557,47.988
83858,12618,6095,4056,3416,6446,4859,3674,3382,4044,3775,3453,3213,3331,3317,3274,2992,-25.9674,-28.5771,8.97681,47.9633
83859,5312,8102,6079,4048,4675,6360,5062,3999,3807,4041,3861,3547,3341,3514,3354,3185,-18.7558,-4.76019,8.75821,48.1913
83860,3379,3448,3262,3114,4100,4054,3549,3241,6554,5662,4046,3583,8982,7349,4402,3472,19.6531,-17.7603,8.86846,48.1313
83861,7241,9432,5332,3701,4989,5574,4341,3650,3747,3893,3590,3307,3297,3413,3326,3078,-24.1062,-10.741,8.95941,47.9407
83862,8120,5430,3818,3236,9145,5282,3961,3440,4932,4077,3633,3310,3676,3647,3306,3107,-13.4936,-24.8962,8.59628,48.08
83863,5253,8476,7475,4498,4407,5331,4875,4102,3672,3771,3715,3438,3301,3421,3398,3224,-25.2175,-2.12338,8.71948,48.238
83864,3433,4034,5928,12124,3365,3809,4864,6500,3227,3422,3854,3893,3164,3149,3364,3425,-25.5344,30.0093,8.68111,47.7033
83865,4171,6399,9792,5934,3861,4666,5169,4419,3403,3719,3793,3688,3167,3298,3410,3382,-29.4634,6.05451,8.88238,48.1807
83866,3644,3602,3481,3147,4248,4738,4028,3507,5487,7955,5121,3814,5045,6024,4706,3758,11.0951,-7.94377,8.7156,48.2033
83867,3343,3816,5016,6299,3312,3933,5803,9381,3256,3683,4453,5681,3211,3406,3802,3934,-8.42931,22.5724,8.87869,48.2193
83868,4372,3854,3477,3256,6584,4551,3639,3305,9680,5195,3803,3269,5713,4533,3595,3289,4.87414,-27.5287,8.6152,48.0767
83869,3291,3766,4870,7090,3340,3795,5444,9981,3260,3502,4239,5415,3133,3333,3692,3821,-9.9083,28.0613,8.94947,47.9813
83870,3297,3559,4064,4426,3237,3693,4966,7367,3299,3842,5148,9067,3342,3567,4366,5134,2.48459,33.277,8.79332,48.2493
83871,3213,3311,3389,3267,3482,3791,3827,3633,4011,5156,5798,4421,4314,7041,8510,5255,22.1047,2.69413,8.52678,48.2793
83872,3656,4132,4425,4049,3853,5164,7055,4735,3796,4868,6498,4590,3585,3816,4263,3877,-1.14481,5.63984,8.54608,48.2413
83873,8740,8079,4475,3548,6148,5647,4158,3527,3949,3850,3554,3190,3430,3441,3209,3131,-21.3295,-16.3066,8.82827,48.0507
83874,3803,3864,3515,3449,4866,5689,4160,3474,6249,7951,4634,3573,4738,5163,4075,3504,5.53958,-11.127,8.59274,48.4713
83875,3428,4016,6432,12164,3333,3664,4932,6585,3241,3473,3766,3965,3102,3126,3364,3282,-25.0727,25.3333,8.99585,47.9153
83876,3699,3663,3492,3226,4592,5055,3847,3404,6438,7988,4524,3604,5542,5745,4159,3479,9.35933,-12.6219,8.65682,48.3047
83877,3583,4962,8414,6895,3649,4298,6438,5519,3289,3561,4097,3940,3138,3270,3439,3521,-19.0816,11.6713,8.97829,48.0087
83878,3443,3377,3235,3145,4194,3908,3604,3114,7429,4990,3792,3374,11125,5979,3961,3360,20.7105,-26.4527,8.97844,48.02
83879,7053,6033,4212,3554,7476,6688,4035,3392,4618,4480,3679,3372,3704,3523,3360,3152,-13.1747,-17.0851,8.92914,48.2207
83880,3063,3266,3713,3676,3294,3522,4249,4907,3351,3828,5168,9571,3421,3795,4997,7711,12.0659,33.2794,8.68565,47.688
83881,3117,3233,3409,3598,3270,3461,3876,4177,3393,3761,5084,7624,3388,3819,5721,11148,19.9126,29.2036,8.9087,48.0527
83882,3239,3272,3501,3622,3284,3710,4003,4446,3398,3915,5114,8640,3294,3942,5466,9117,15.4385,33.3879,8.52421,47.9753
83883,4680,7413,6805,4476,4373,6122,5827,4216,3727,3996,3863,3649,3339,3414,3330,3321,-17.9174,-1.1029,8.82425,48.3673
83884,3280,3438,3889,3924,3362,3752,4675,4893,3463,4133,7246,7315,3551,4083,5552,5789,9.61522,15.2889,8.53767,48.23
83885,4934,5314,4052,3527,6202,7895,4637,3529,4836,5481,4126,3440,3766,3879,3595,3230,-6.14316,-11.6908,8.82613,48.2953
83886,3572,4467,7790,9557,3591,4131,5256,6076,3222,3571,3855,4003,3098,3305,3464,3379,-22.9958,17.8358,8.5393,48.2247
83887,3385,4007,6909,11992,3356,3840,4888,6029,3072,3514,3733,3925,3239,3213,3386,3449,-28.7285,23.3234,8.68812,47.958
83888,4021,5331,7089,4988,3859,5290,7460,5129,3622,3944,4246,3871,3259,3477,3513,3494,-14.6562,5.87528,8.61496,48.3953
83889,3127,3255,3449,3415,3288,3383,3763,3846,3523,3861,4942,5598,3296,4277,7854,10812,31.115,19.248,8.91959,47.7927
83890,3368,3429,3256,3169,3905,3887,3466,3215,6334,4808,3897,3351,12529,5991,3893,3316,25.259,-32.7101,8.74152,47.876
83891,3322,3761,4779,6229,3363,3944,5389,9804,3273,3597,4526,6097,3194,3346,3840,4085,-7.36642,26.1978,8.8227,48.366
83892,3563,3564,3297,3076,4256,4145,3657,3217,6849,6361,4220,3530,7477,7078,4207,3498,16.3251,-16.2261,8.87583,47.9967
83893,7764,8256,4662,3775,5671,5840,4274,3695,3980,3868,3562,3390,3412,3454,3210,3066,-21.124,-14.161,8.60778,47.9193
83894,3232,3337,3306,3213,3423,3774,3784,3556,3873,4770,5452,4323,4454,7416,8996,5134,25.5537,2.60832,8.85069,48.0287
83895,5739,9755,6479,4050,4508,5127,4517,3745,3601,3776,3695,3533,3295,3310,3406,3202,-32.7977,-5.77008,8.81736,47.8253
83896,4081,5494,5707,4404,4346,6599,7051,4240,3740,4311,4534,3925,3483,3497,3559,3415,-11.1862,1.0452,8.63328,48.2573
83897,3178,3209,3334,3283,3367,3529,3803,3801,3647,4148,5325,5033,3838,5240,9683,7514,32.098,11.6907,8.66685,47.9547
83898,5123,8836,7328,4612,4314,5216,5132,4025,3621,3909,3634,3552,3295,3311,3318,3260,-24.9101,-2.34442,8.56068,48.324
83899,3075,3322,3560,3810,3092,3713,4254,5453,3459,3880,5309,9859,3361,3709,4877,7184,10.5386,30.1858,8.82324,47.9447
83900,3868,4632,4950,4021,4110,6355,7271,4561,3862,4975,5166,4142,3546,3722,3784,3590,-5.85265,2.02117,8.67995,48.37
83901,4078,6615,9595,5653,3827,4674,5194,4632,3356,3558,3880,3656,3222,3415,3460,3203,-33.1636,5.06558,8.68625,48.012
83902,3927,3956,3513,3186,5458,5265,3842,3347,7598,6881,4221,3472,5310,5066,3938,3387,6.20247,-16.1588,8.58616,48.2447
83903,3844,3597,3351,3170,5526,4278,3594,3287,9981,5223,3773,3355,7265,4960,3731,3369,9.95097,-27.9487,8.85248,48.2027
83904,3481,3785,3800,3533,3724,4649,5197,4210,4059,5937,7665,4670,3808,4583,5063,4282,7.199,3.85668,8.55205,48.2973
83905,3338,3884,5595,7776,3388,3888,5707,8802,3337,3715,4286,4833,3097,3371,3559,3689,-13.0324,22.4344,8.62249,48.1767
83906,3163,3292,3287,3277,3464,3765,3784,3784,3958,5081,5225,4295,4585,7734,8571,5043,25.8238,1.44607,8.5918,48.2053
83907,3388,3346,3165,3086,4138,3857,3566,3160,7119,5341,3817,3394,10613,6468,3972,3375,21.1092,-23.1104,8.63472,47.87
83908,3340,3688,4521,5998,3358,3878,5258,9834,3258,3631,4530,6313,3106,3411,3940,4169,-6.03559,27.8611,8.74301,48.1553
83909,3648,4327,7816,9879,3591,4077,5334,5830,3252,3534,3847,3889,3012,3245,3342,3492,-24.0559,17.9853,8.69213,48.0767
83910,3273,3349,3144,3245,3690,3665,3621,3513,4351,5074,4688,3961,5399,9324,7322,4398,29.2744,-3.23826,8.91118,48.0113
83911,3104,3330,3409,3432,3186,3629,3854,4153,3448,3851,5175,7037,3425,4176,6690,10362,20.7433,21.7148,8.7509,48.174
83912,3231,3447,3398,3267,3672,3845,3742,3380,4444,5317,4868,4003,5123,8760,7400,4419,25.4033,-2.52854,8.51565,48.2107
83913,3599,3414,3263,3131,4623,4101,3537,3218,8702,5536,3949,3321,8981,5666,3858,3330,15.5049,-24.9175,8.5831,48.1527
83914,6179,4753,3753,3232,9296,5957,3878,3419,5804,4666,3768,3240,3988,3856,3344,3241,-7.20093,-22.3115,8.98271,48.2493
83915,11885,6016,4027,3282,6926,4978,3865,3396,4102,3790,3447,3154,3345,3298,3229,3138,-22.4752,-27.4042,8.95013,47.9187
83916,3702,4843,9312,8414,3564,4227,5104,5324,3315,3589,3845,3945,3093,3167,3289,3380,-28.5897,13.5343,8.90232,48.0753
83917,3422,3754,4870,6469,3411,3850,5299,9917,3227,3657,4454,5783,3144,3285,3686,4018,-8.54796,27.3567,8.57832,48.164
83918,3453,4073,5839,6208,3633,4317,7266,7191,3469,3763,4646,4462,3160,3416,3690,3735,-11.2303,15.2153,8.73824,48.214
83919,3363,3846,6117,12787,3330,3782,4796,6231,3279,3504,3812,4075,3213,3239,3473,3300,-27.8282,28.6927,8.82204,48.098
83920,5675,9573,6384,4113,4488,5417,4640,3891,3672,3923,3738,3468,3259,3392,3249,3198,-25.5116,-5.4405,8.54183,48.0533
83921,3936,5107,7992,6170,3746,4619,6787,5356,3348,3703,4264,3983,3077,3368,3455,3474,-17.8576,9.49824,8.72697,48.2567
83922,3459,3382,3208,3104,3992,3880,3423,3355,5919,5376,4121,3587,9416,8151,4415,3501,24.2147,-16.6275,8.7187,48.1927
83923,3507,3779,3885,3829,3826,4684,5762,4444,3935,5604,7496,4823,3720,4229,4745,4200,3.90823,4.90638,8.58239,48.312
83924,6958,4995,3825,3330,9895,5242,3803,3380,5553,4247,3521,3292,3795,3697,3388,3246,-9.80194,-31.1679,8.69371,48.1113
83925,3218,3632,4325,5162,3351,3822,5241,8959,3473,3589,4973,7342,3218,3467,3994,4562,-2.7133,25.2196,8.85525,48.2187
83926,3179,3221,3352,3459,3245,3495,4058,4260,3450,4104,5750,6764,3481,4245,7074,8956,19.0081,18.0201,8.9134,48.062
83927,7750,9463,5050,3673,5311,5595,4170,3644,3839,3800,3582,3412,3369,3348,3206,3121,-24.4872,-12.201,8.70145,48.222
83928,5637,9174,6536,4183,4606,5776,4855,3913,3691,3796,3630,3408,3301,3445,3320,3154,-23.0355,-5.32586,8.87632,48.2833
83929,3400,3348,3345,3074,3916,3801,3515,3220,5817,4987,3933,3454,10509,7918,4338,3516,27.7722,-18.2842,8.60187,48.0607
83930,7967,5158,3929,3309,9181,5284,3858,3396,4987,4179,3485,3181,3754,3700,3344,3147,-12.9064,-26.8657,8.61129,47.906
83931,3510,3524,3519,3377,3750,4271,4113,3665,4716,7270,5947,4041,4697,6390,5626,4213,13.4512,-2.9974,8.85735,48.4193
83932,3320,3434,3447,3478,3710,4126,4183,3681,4414,6676,6667,4431,4203,6001,6287,4468,13.77,0.268911,8.98976,48.3507
83933,3888,4210,3786,3412,4685,6520,4684,3638,4958,7211,5031,3790,4206,4611,4014,3486,2.00779,-7.11797,8.5143,48.0867
83934,4269,6485,9688,5744,3749,4577,5268,4473,3478,3711,3770,3677,3187,3422,3395,3388,-28.0158,5.21711,8.81236,48.1873
83935,3355,3325,3170,3025,3976,3850,3428,3161,6682,4822,3793,3406,12052,6221,3898,3401,24.109,-26.4606,8.77806,47.71
83936,3110,3263,3335,3339,3281,3651,3840,3774,3616,4207,5166,5172,3629,4876,9642,7847,33.091,12.3918,8.98538,47.832
83937,3978,3742,3420,3184,6096,4507,3655,3326,9923,5352,3701,3230,6197,4560,3684,3291,7.04417,-27.7038,8.65319,47.8973
83938,3540,3971,4577,3970,3801,5064,7221,4895,3719,4773,6673,4772,3511,3847,4267,4075,-0.844571,7.05748,8.97197,48.4507
83939,3181,3313,3457,3441,3374,3616,3948,3711,3638,4083,5379,5258,3701,4883,9478,8012,26.4975,12.9147,8.51882,48.3153
83940,4503,4859,3963,3598,5713,7875,4855,3695,4813,5672,4261,3551,3850,3886,3571,3415,-5.23548,-9.24406,8.61132,48.0533
83941,5943,4878,3644,3353,8912,6267,3856,3331,5776,4789,3801,3314,4047,3867,3295,3188,-7.16061,-20.1597,8.95788,48.174
83942,3996,3616,3398,3151,5783,4403,3565,3240,9810,5568,3829,3364,6491,4859,3757,3417,8.52061,-26.1001,8.58074,48.1647
83943,3839,4642,5240,4233,3990,6106,7874,4765,3606,4523,5125,4177,3411,3587,3697,3605,-7.09118,3.56484,8.82763,48.28
83944,7708,5594,3962,3387,8659,5872,3975,3467,4865,4269,3543,3202,3800,3704,3306,3093,-13.0211,-21.7037,8.5499,48.2707
83945,3412,4206,7147,9873,3407,3973,5422,6725,3206,3534,3885,4002,3113,3303,3388,3425,-21.0938,19.3283,8.93463,48.014
83946,3675,3580,3285,3063,5105,4319,3639,3379,9108,5703,3909,3418,7331,5372,3846,3352,11.9426,-22.4563,8.80312,48.056
83947,4146,4581,3930,3452,4904,7215,4982,3753,4735,6479,4801,3694,3971,4254,3847,3480,-1.26198,-6.88607,8.61857,48.1493
83948,5576,4422,3685,3247,9567,5270,3752,3282,6940,4640,3783,3267,4186,3900,3470,3267,-4.15034,-31.4453,8.94967,48.1693
83949,3142,3181,3369,3401,3223,3439,3937,3950,3382,3890,4802,5958,3389,4017,6772,11662,29.8669,22.6582,8.6018,47.676
83950,3466,4181,4676,4219,3738,5189,7715,5000,3831,4538,6108,4590,3416,3788,4075,3945,-3.28041,6.79737,8.83942,48.3167
83951,5722,4898,3765,3315,8678,6383,4010,3299,5813,4767,3678,3365,4050,3893,3498,3203,-6.9203,-19.6891,8.59932,48.2247
83952,3883,3724,3350,3256,5795,4896,3817,3334,8888,6121,3900,3346,5929,4740,3813,3428,7.15478,-20.4143,8.74442,48.1467
83953,4973,5753,4615,3636,5564,8031,5023,3758,4232,5004,4061,3552,3602,3711,3532,3251,-9.67131,-8.58972,8.6091,48.1987
83954,5770,4550,3568,3344,9036,5518,3811,3345,6481,4755,3772,3248,4227,4056,3470,3124,-5.11005,-23.5949,8.93739,48.05
83955,3995,5946,7991,5195,3994,5215,6575,4706,3447,3842,4077,3772,3112,3413,3551,3360,-17.9801,4.90384,8.76529,48.1273
83956,3345,3448,3251,3094,3901,3847,3422,3254,5868,4869,3740,3344,12484,6021,4021,3429,28.5924,-32.9181,8.68046,47.5587
83957,3220,3485,3625,3624,3368,3967,4508,4277,3658,4755,8039,5801,3650,4490,6361,5422,11.8666,10.4407,8.71767,48.1667
83958,4463,5755,4697,3930,4846,8162,5807,3941,4101,4809,4187,3685,3521,3597,3467,3415,-9.87701,-4.75188,8.83639,48.2553
83959,3451,4071,6059,6815,3470,4296,6563,7655,3246,3653,4378,4717,3143,3331,3615,3699,-12.3498,17.4425,8.66077,48.108
83960,3054,3259,3413,3412,3340,3409,3820,3919,3488,3957,5323,5893,3402,4428,7850,9949,24.1147,17.9167,8.79542,47.944
83961,3270,3277,3498,3503,3543,3901,4277,3898,3854,5215,7113,5057,3889,5231,7433,5434,15.6582,6.69409,8.73878,48.262
83962,3293,3697,4522,5958,3345,3801,5214,9703,3367,3599,4471,6367,3259,3400,3919,4200,-6.00776,32.8559,8.61078,48.0767
83963,3487,3473,3190,3122,4035,4041,3534,3273,5967,6284,4277,3519,7669,7907,4699,3693,19.3347,-13.8816,8.70025,48.1133
83964,3376,3850,6067,12586,3398,3841,4881,6341,3330,3352,3715,4001,3059,3165,3336,3346,-25.1099,28.5819,8.91226,47.7627
83965,2978,3345,3516,3617,3184,3666,4051,4504,3385,3859,5680,7872,3463,4026,6276,9004,16.7483,21.8845,8.85808,48.284
83966,3240,3497,4500,5184,3392,3773,5361,8767,3392,3706,4850,7246,3158,3528,3960,4454,-2.55898,24.973,8.73027,48.0053
83967,3303,3357,3167,3137,3942,3769,3546,3165,5871,4878,3929,3345,12438,6493,3981,3388,31.2134,-24.742,8.8717,47.806
83968,3706,4448,8501,9901,3495,4088,5114,5618,3288,3428,3775,3848,3071,3160,3406,3417,-26.9632,16.9148,8.9762,48.176
83969,3279,3674,4483,5529,3340,3843,5194,9461,3371,3624,4656,6842,3228,3330,3767,4246,-4.46235,32.9271,8.70656,47.9113
83970,9069,6101,4083,3367,7846,5556,3996,3376,4417,3965,3561,3252,3515,3505,3318,3130,-17.173,-21.8707,8.52785,48.038
83971,3604,4348,5792,5053,3617,5022,8317,5795,3433,4005,4860,4308,3248,3529,3770,3656,-9.03392,9.24436,8.88045,48.238
83972,6924,4941,3753,3355,9706,5394,3901,3341,5558,4351,3541,3243,3718,3733,3288,3129,-9.8737,-27.9809,8.6201,47.9173
83973,3406,3940,5198,5678,3495,4263,7143,7741,3457,3761,4786,5250,3265,3448,3725,3861,-7.92388,16.6471,8.82067,48.278
83974,3694,3616,3317,3142,5020,4180,3624,3245,9602,5130,3809,3417,8026,5196,3748,3509,12.9468,-31.6529,8.79026,48.1833
83975,3481,3463,3444,3292,3711,4237,3972,3612,4688,7034,5892,4056,4790,6647,5602,4223,14.4922,-3.05205,8.72665,48.096
83976,3642,4606,7818,6492,3725,4404,6892,5694,3429,3691,4074,4064,3162,3478,3654,3488,-16.8624,11.4335,8.53029,48.2087
83977,4114,4565,4143,3757,4570,7485,5573,3978,4363,6115,4912,3820,3718,4071,3763,3456,-2.8929,-4.12325,8.95547,48.2687
83978,11282,6655,4064,3469,6593,5005,3858,3326,4046,3886,3376,3196,3337,3330,3208,3060,-23.445,-22.5143,8.94081,47.794
83979,3680,3784,3661,3347,4372,5362,4293,3479,5348,8070,5143,3739,4743,5228,4302,3649,6.83749,-7.88883,8.66058,48.1333
83980,3170,3244,3325,3445,3295,3399,3721,3967,3270,3672,4585,5907,3398,3887,5883,12854,32.3698,32.7278,8.99537,47.348
83981,4447,4528,3764,3384,5838,6878,4285,3393,5583,6490,4316,3589,4276,4281,3816,3455,-1.06753,-12.2351,8.70797,48.2153
83982,5336,5428,3991,3501,6921,7536,4373,3549,5018,4923,3820,3501,3745,3682,3454,3243,-8.03024,-13.9639,8.5899,48.014
83983,3252,3408,3299,3192,3552,3720,3763,3476,4496,5401,4798,3983,5247,8893,7180,4390,24.5752,-3.13323,8.67685,48.0333
83984,12149,6392,4056,3513,6082,4909,3870,3321,3964,3778,3432,3162,3433,3424,3240,3096,-32.9198,-24.7095,8.86057,47.8807
83985,3065,3267,3464,3522,3304,3568,3876,4112,3423,4162,5703,6352,3544,4331,7488,9093,20.3521,17.1521,8.82377,48.1827
83986,3460,4076,6436,10741,3416,3882,5149,7022,3151,3406,4026,4251,3089,3280,3461,3426,-21.2569,23.5203,8.56161,48.1813
83987,5658,9425,6942,4311,4508,5328,4677,3934,3652,3668,3607,3333,3312,3339,3239,3157,-27.4431,-4.68819,8.75225,48.06
83988,3277,3509,3834,3840,3432,4042,5367,4929,3484,4481,7810,6370,3573,4048,5158,4918,5.82115,12.5997,8.88519,48.048
83989,4794,5469,4287,3584,5599,8350,5044,3689,4443,5217,4048,3461,3690,3782,3453,3188,-7.67744,-8.96305,8.88613,48.0653
83990,3933,4722,4996,4120,4235,6627,7034,4522,3874,4762,4784,3851,3581,3656,3743,3589,-7.28967,1.00606,8.69412,48.0193
83991,3232,3284,3400,3351,3234,3590,3924,3905,3653,4274,5674,5341,3600,4892,9201,7602,23.616,12.0861,8.71415,48.1047
83992,3191,3467,3356,3398,3531,3812,4153,3908,3924,5270,6823,4903,4002,5641,7673,5294,17.3854,5.2783,8.5573,48.2307
83993,3176,3220,3468,3516,3347,3519,3937,4440,3451,3760,5037,7986,3357,3836,5634,10246,18.1073,30.7013,8.68203,47.9533
83994,3215,3375,3704,3785,3315,3615,4548,5397,3343,3954,5992,9124,3380,3861,5018,6490,9.17452,21.9984,8.74465,48.0773
83995,4455,4116,3581,3213,7603,4735,3694,3322,8901,5080,3721,3334,5164,4342,3654,3323,2.02251,-29.6151,8.71406,48.1587
83996,3744,4208,4333,3892,4199,5956,6809,4394,3993,5360,5917,4191,3639,4047,4105,3722,-2.25582,1.79417,8.73857,48.3393
83997,5320,6081,4378,3724,5974,8010,4675,3653,4432,4798,3906,3421,3606,3652,3460,3227,-10.9252,-10.4952,8.83511,48.2113
83998,3829,3580,3356,3124,5084,4402,3603,3289,9031,5804,3952,3351,7039,5259,3948,3402,10.489,-22.5318,8.71095,48.0353
83999,3499,3652,3882,3712,3691,4542,5614,4341,3939,5599,7851,4917,3729,4319,4898,4365,5.2243,5.17903,8.83312,48.3667
84000,3115,3193,3382,3378,3273,3494,3754,4176,3372,3845,5134,6835,3423,3983,6705,10989,22.5804,22.668,8.55059,48.034
84001,5052,5546,4158,3548,6349,7958,4651,3693,4603,5037,3937,3474,3864,3765,3468,3188,-8.35651,-11.5066,8.72712,48.194
84002,3186,3318,3494,3402,3400,3609,4130,3916,3624,4408,6173,5347,3788,5116,8653,6743,20.3107,10.7703,8.53845,48.2047
84003,6592,4837,3861,3357,9903,5256,3858,3356,5633,4423,3596,3309,3888,3658,3366,3225,-9.06089,-31.5903,8.5055,48.0787
84004,3306,3774,4932,6952,3403,3893,5261,9826,3401,3680,4281,5431,3153,3392,3646,3797,-10.0537,31.8671,8.50958,48.0853
84005,5525,8303,6104,4187,4750,6359,4934,3926,3793,4058,3804,3550,3261,3405,3194,3082,-19.4679,-5.0681,8.83496,48.1567
84006,5521,7169,4903,3800,5345,7487,5005,3820,4155,4236,3825,3391,3451,3569,3371,3311,-14.8926,-8.46039,8.85115,48.2393
84007,4398,4123,3684,3198,6340,6215,4041,3418,6475,6624,4120,3546,4652,4406,3791,3306,1.31577,-15.0301,8.54383,48.2247
84008,3255,3432,3899,3783,3528,4045,5197,4739,3696,4573,7955,6208,3605,4100,5417,4957,7.49835,11.4332,8.62972,48.2593
84009,7784,7002,4281,3470,6935,6201,4046,3441,4347,4182,3683,3254,3624,3558,3206,3200,-16.64,-16.5064,8.71057,48.1427
84010,3589,3655,3275,3094,4788,4030,3545,3306,8891,5173,3806,3458,8765,5282,3852,3414,14.6325,-30.4633,8.62593,47.9487
84011,3240,3279,3386,3336,3327,3595,3820,3749,3539,4184,5377,5131,3704,4945,9383,7893,33.1111,12.6327,8.71268,47.9253
84012,4345,4153,3619,3245,5843,5897,3988,3422,6903,6584,4132,3479,4710,4592,3692,3348,2.20373,-15.2587,8.99936,47.968
84013,3235,3198,3370,3230,3369,3676,3904,3621,3716,4494,5259,4737,3992,6254,10050,6206,29.6764,6.93069,8.87459,48.2073
84014,4782,6991,6171,4271,4501,6576,5804,4075,3815,4169,3991,3580,3357,3562,3388,3282,-16.2704,-2.01442,8.53993,48.21
84015,3095,3220,3431,3382,3279,3593,3787,3920,3434,3977,5147,5828,3509,4421,7988,10455,27.9386,18.5671,8.61638,48.3107
84016,3367,3762,4480,5597,3436,3732,5165,9686,3347,3653,4618,6695,3184,3439,3876,4195,-4.88285,32.521,8.87425,48.1547
84017,8448,7194,4282,3481,6790,5901,4266,3452,4196,4003,3583,3209,3533,3415,3229,3126,-18.5405,-17.162,8.70269,48.072
84018,12758,5993,3884,3343,6007,4665,3853,3287,3903,3768,3505,3284,3362,3459,3152,3128,-28.3703,-32.0538,8.66958,47.5673
84019,3370,3423,3267,3212,3796,3740,3469,3224,6447,4696,3713,3386,12261,5911,4001,3432,25.1879,-30.9853,8.71192,47.5653
84020,5046,4473,3667,3241,8401,5566,3842,3449,7093,5104,3798,3329,4452,4107,3489,3291,-2.44178,-22.4342,8.50599,48.232
84021,5043,4433,3588,3199,8481,5647,3867,3364,7254,5006,3778,3397,4389,4058,3574,3245,-2.37442,-21.8721,8.93722,48.2153
84022,3337,3392,3294,3141,3949,3913,3682,3264,5454,5291,4048,3529,8690,8913,4716,3669,28.2399,-14.7007,8.59297,48.188
84023,3754,4962,6590,5098,3781,5416,7770,5168,3573,3993,4577,4050,3284,3445,3546,3442,-12.9037,7.04997,8.75591,48.2993
84024,3693,3780,3337,3250,4649,4741,3859,3476,6912,7533,4453,3644,5601,5809,4101,3363,9.70263,-14.0213,8.59787,48.134
84025,3434,3754,5100,7638,3310,3849,5247,9479,3231,3594,4311,5101,3146,3299,3579,3748,-11.8681,30.0962,8.54004,47.88
84026,11148,6515,3990,3412,6912,5015,3737,3406,4101,3917,3529,3201,3504,3483,3206,3075,-22.0795,-23.8477,8.86153,48.1007
84027,7470,6710,4236,3481,7013,6619,4097,3543,4406,4255,3539,3323,3631,3592,3213,3082,-15.5238,-16.4597,8.59263,48.14
84028,12597,6081,3944,3408,5953,4629,3690,3343,3800,3741,3464,3299,3394,3321,3228,3269,-31.7547,-32.7415,8.83357,47.4407
84029,3155,3494,4026,4566,3280,3691,4872,7502,3355,3741,5133,8872,3276,3594,4337,5127,2.25955,26.7897,8.72688,48.014
84030,3863,5448,9041,6238,3749,4489,6142,4972,3361,3705,3924,3894,3077,3277,3499,3420,-21.4496,8.6681,8.58065,48.066
84031,6229,4820,3783,3337,9424,5661,3891,3441,6052,4506,3731,3248,3917,3772,3389,3141,-7.47097,-23.7093,8.78796,48.228
84032,3041,3239,3447,3469,3286,3490,3711,3927,3312,3719,4700,5949,3386,3831,5906,12615,30.8788,29.7398,8.86928,47.352
84033,3438,3362,3110,3089,3876,3795,3409,3284,5717,4979,3943,3500,10786,7839,4197,3573,29.6361,-18.9963,8.76988,47.9313
84034,3225,3601,3889,4075,3426,3870,5193,5659,3405,4191,6751,7636,3473,3751,4786,5295,5.3136,16.8873,8.88856,48.1507
84035,5180,4517,3685,3284,8049,6152,4022,3466,6427,5175,3850,3309,4333,4040,3491,3220,-3.353,-19.0928,8.95451,48.1333
84036,3513,3825,3653,3416,3960,4710,4425,3795,4441,7314,6328,4106,4210,5477,5010,4070,9.22503,-2.02204,8.70631,48.1687
84037,3254,3573,3549,3462,3477,3936,4431,3987,3957,5842,7748,4959,3823,5146,6353,4707,12.6149,4.41503,8.99326,48.136
84038,3736,3759,3336,3199,4624,5043,3890,3475,6341,8110,4674,3642,5125,5560,4305,3737,8.54312,-11.5781,8.85941,48.3707
84039,5570,9407,6666,4285,4497,5107,4643,4054,3596,3796,3718,3535,3287,3347,3379,3176,-30.1731,-4.52097,8.54927,48.042
84040,3346,3693,3915,3709,3687,4422,5288,4222,3919,5469,8057,5138,3741,4339,5164,4362,6.32523,6.33818,8.70818,48.314
84041,3184,3259,3342,3330,3156,3326,3866,3902,3383,3759,4834,6540,3376,4040,6005,12157,24.2176,32.9822,8.84344,47.6393
84042,3542,4467,7566,8297,3488,4076,5979,6367,3341,3553,4003,4184,3092,3296,3485,3529,-19.2472,16.0965,8.979,48.1767
84043,3183,3463,3806,3691,3610,4011,5080,4627,3642,4619,7991,6272,3440,4201,5594,5219,8.77548,11.4833,8.68835,48.2993
84044,5981,7011,4742,3689,5936,7280,4551,3644,4182,4302,3817,3448,3562,3609,3400,3253,-14.754,-10.8927,8.67985,48.2713
84045,3484,3465,3189,3152,4344,4021,3533,3104,7738,5298,3883,3431,9820,6128,3958,3359,18.371,-23.4893,8.58864,47.938
84046,3368,4024,6173,11358,3417,3805,4941,7200,3194,3489,3930,4092,3085,3210,3348,3459,-21.4977,25.6051,8.88852,48.062
84047,3608,4373,7779,10473,3417,3997,5039,5845,3198,3465,3793,3999,3112,3216,3401,3478,-27.289,18.8609,8.57965,48.1287
84048,3182,3263,3365,3444,3296,3447,3746,3745,3433,3747,4622,5815,3467,3975,6010,12572,30.5426,32.3557,8.7718,47.4193
84049,3484,3402,3270,3166,3831,3849,3464,3279,5669,5036,3897,3396,10093,8064,4299,3451,32.1526,-17.9832,8.65249,47.7667
84050,3191,3574,4093,4642,3370,3801,4876,8077,3479,3815,4975,8382,3180,3478,4186,4741,0.516902,32.2224,8.54605,47.9067
84051,6919,7462,4494,3700,6238,6636,4434,3457,4064,4286,3668,3374,3509,3428,3382,3107,-16.6373,-13.6048,8.62783,48.1053
84052,12196,6619,3879,3419,6266,4797,3683,3489,3971,3832,3489,3172,3410,3347,3217,3057,-26.2566,-24.0916,8.74239,47.8953
84053,3175,3451,4236,4702,3445,3837,4990,8174,3350,3770,5074,8193,3206,3607,4124,4716,0.00299027,25.6099,8.89959,48.0333
84054,6586,4734,3716,3289,9816,5274,3765,3379,5823,4387,3635,3190,4028,3811,3305,3221,-8.22171,-26.7756,8.56581,47.9727
84055,3539,3486,3264,3011,4587,4178,3620,3208,7661,5858,4003,3338,8521,6375,4021,3433,16.7678,-19.5807,8.69966,48.0687
84056,3919,4162,3822,3491,4608,6399,4914,3685,4915,7192,5069,3828,4108,4474,4001,3579,1.64942,-6.44208,8.69281,48.1107
84057,3369,3925,5892,11585,3434,3774,4909,6909,3249,3362,3969,4068,3040,3200,3431,3386,-22.7616,27.7827,8.52046,47.668
84058,3278,3632,3876,3815,3618,4338,5697,4573,3717,4800,7976,5654,3570,4084,4913,4549,5.21736,8.97001,8.83863,48.06
84059,3334,3364,3311,3165,3748,3821,3684,3370,4697,5739,4978,3910,5499,8814,6481,4166,22.2027,-4.78121,8.57607,48.054
84060,3189,3177,3408,3377,3235,3474,3806,3944,3461,3903,5003,5859,3496,4258,7915,10298,26.6804,18.5021,8.7133,47.8687
84061,3276,3911,6082,12833,3363,3705,4773,5908,3259,3442,3770,3961,3222,3255,3281,3406,-32.523,28.0645,8.95998,47.6313
84062,4813,8147,7602,4743,4191,5463,5311,4156,3494,3791,3808,3428,3323,3340,3309,3198,-22.5345,-0.861127,8.98149,48.078
84063,7958,5087,3824,3297,9697,5211,3849,3376,5128,4303,3488,3299,3588,3481,3289,3150,-12.3893,-29.4187,8.81904,48.0167
84064,3363,3654,3964,3666,3653,4351,5327,4318,3833,5406,8110,5060,3717,4466,5190,4422,6.56944,6.13968,8.76741,48.3333
84065,3187,3223,3334,3423,3152,3387,3783,3942,3358,3841,4743,6482,3489,3960,5826,12321,24.669,32.0575,8.76726,47.634
84066,3393,3466,3307,3119,4052,3741,3444,3176,6556,4833,3809,3373,12429,6042,4037,3451,24.6788,-27.6868,8.88068,48.152
84067,3242,3234,3397,3346,3415,3560,3822,3676,3833,4479,5429,4612,4153,6118,9794,6008,26.9151,6.73601,8.60817,48.0787
84068,4143,3880,3468,3206,5924,4735,3749,3387,8807,6129,4026,3492,5702,4735,3799,3289,6.54957,-20.2258,8.94955,48.314
84069,3369,3856,4975,6655,3319,3856,5437,9613,3335,3745,4342,5651,3069,3334,3900,3941,-8.97585,25.1641,8.98948,48.2647
84070,3240,3687,4482,5633,3252,3657,5170,9692,3127,3660,4764,6810,3196,3350,3825,4305,-4.45793,27.398,8.96327,47.9
84071,3469,4012,6026,12502,3394,3780,4742,6305,3197,3362,3694,4004,3108,3263,3377,3347,-25.9508,31.8173,8.7532,47.7213
84072,3485,3416,3231,3043,4095,4083,3668,3312,6843,5660,4016,3473,8906,7100,4227,3539,19.5662,-18.3842,8.71563,48.0647
84073,3384,3498,3368,3314,3766,4202,3845,3665,4821,6960,5225,3951,5176,7458,5549,4064,16.0365,-5.43618,8.55645,48.164
84074,3366,3502,3302,3104,3853,3788,3475,3223,5703,5061,3988,3477,10427,7808,4235,3372,32.1217,-18.8158,8.51657,47.7893
84075,3134,3311,3653,3881,3334,3684,4469,5511,3325,3889,5940,9263,3331,3723,5206,6520,9.14318,22.3172,8.75697,48.116
84076,3382,3366,3211,3193,3873,3788,3307,3215,5860,4932,3791,3373,12248,6484,3951,3479,30.6195,-24.4812,8.71001,47.6353
84077,10403,5666,3729,3437,8074,5060,3800,3374,4373,3936,3546,3311,3435,3362,3226,3156,-18.0732,-33.0767,8.9639,47.9253
84078,5516,4425,3619,3230,9474,5288,3771,3405,7028,4674,3663,3312,4284,3966,3373,3153,-4.18179,-27.8781,8.75709,48.1207
84079,5327,6211,4543,3570,5791,8116,4893,3674,4167,4719,3860,3517,3557,3651,3428,3172,-11.244,-10.0261,8.89961,48.1307
84080,12186,6276,3872,3307,6529,4742,3846,3386,3937,3738,3523,3184,3431,3429,3160,3114,-26.1435,-26.5456,8.59808,47.7733
84081,5970,4607,3722,3338,9852,5269,3820,3396,6189,4449,3655,3419,4042,3816,3419,3148,-6.74327,-28.1266,8.50773,48.074
84082,3384,3338,3346,3162,3949,4131,3821,3458,5191,6798,4736,3826,5716,7946,5200,3907,17.2402,-7.97251,8.52904,47.9393
84083,5253,6382,4672,3845,5579,8029,5008,3785,4218,4509,3996,3477,3497,3668,3451,3181,-11.8787,-8.48934,8.97123,48.3667
84084,3157,3164,3433,3320,3212,3340,3881,3984,3315,3875,4823,6766,3474,4109,5815,11759,22.9472,32.3093,8.55222,47.618
84085,3406,4024,5912,12724,3479,3681,4744,6133,3178,3298,3776,3870,3141,3191,3430,3391,-28.9747,30.0504,8.66798,47.5853
84086,3388,3770,5132,8101,3425,3755,5142,9556,3201,3617,4173,4872,3244,3343,3543,3636,-12.512,30.88,8.82026,47.932
84087,3190,3802,5972,12825,3353,3683,4804,5950,3177,3351,3797,3921,3199,3248,3462,3386,-31.7287,28.6336,8.66722,47.4133
84088,3356,3369,3273,3187,3853,3912,3674,3343,5243,6094,4382,3787,6562,9123,5136,3767,21.2163,-9.95725,8.88127,48.0407
84089,7059,9759,5421,3880,4879,5513,4433,3575,3776,3890,3653,3387,3194,3412,3229,3101,-24.8862,-9.49364,8.89772,48.1073
84090,3567,3970,4320,4153,3600,4850,6841,4910,3810,4831,6849,4873,3507,3848,4283,4136,-0.377659,6.99679,8.5581,48.232
84091,3501,3849,4313,3982,3750,4833,7073,5021,3727,4764,7008,5062,3386,3946,4406,4122,-0.0181638,7.65206,8.80906,48.4953
84092,3246,3604,4259,4624,3400,4221,6005,6621,3339,3968,6171,6785,3246,3871,4381,4680,0.405206,17.2647,8.58606,48.2807
84093,3713,4202,4406,3933,4017,5866,6675,4538,3880,5259,5960,4372,3643,4117,4131,3729,-1.78776,2.02732,8.58101,48.294
84094,5408,7742,5329,3906,4960,7206,4944,3896,4048,4190,3724,3519,3402,3511,3458,3231,-16.6719,-6.69724,8.66837,48.316
84095,12474,6474,3944,3443,6057,4705,3751,3340,3974,3783,3422,3204,3440,3381,3218,3086,-31.3825,-24.8136,8.66086,47.7973
84096,3605,3622,3438,3239,4280,4386,3840,3387,6196,7093,4535,3656,6340,6822,4495,3590,14.6367,-12.7352,8.5484,48.3493
84097,5839,4679,3736,3340,9818,5167,3829,3435,6188,4550,3689,3217,4066,3838,3402,3148,-6.24616,-32.9633,8.60859,47.9607
84098,3192,3272,3489,3353,3309,3530,3722,3754,3629,4375,5239,5003,3779,5759,9863,6847,29.6058,9.3003,8.84578,48.0767
84099,3345,3404,3336,3151,3943,3632,3463,3251,6167,4759,3779,3349,12540,5958,3920,3380,32.6166,-28.3886,8.61223,47.5847
84100,3478,3470,3391,3194,4059,4258,3696,3361,5508,6985,4805,3776,5919,7642,4883,3914,16.1088,-9.16687,8.59089,48.226
84101,3092,3211,3527,3373,3205,3522,3941,3995,3551,3999,5311,5995,3491,4425,7990,9570,23.4006,17.3133,8.85058,48.132
84102,3107,3210,3390,3402,3165,3581,3849,3921,3373,3839,4873,5737,3477,4104,7009,11499,30.8064,21.9227,8.6129,47.6907
84103,9251,5500,3846,3384,8511,5053,3826,3381,4514,4181,3616,3292,3554,3551,3321,3070,-15.8215,-31.2047,8.70187,47.9007
84104,3707,4031,3770,3393,4656,5891,4335,3659,5150,7942,5353,3878,4386,4882,4194,3571,4.90046,-6.93274,8.66761,48.532
84105,3729,5068,8540,6601,3555,4455,6566,5558,3355,3579,4110,3966,3088,3253,3413,3428,-18.9255,11.0129,8.99889,48.176
84106,11746,6878,4040,3403,5956,4804,3792,3371,4030,3792,3538,3283,3376,3396,3145,3050,-28.7061,-22.9325,8.57346,47.7333
84107,3262,3272,3363,3080,3716,3747,3808,3513,4487,5200,4642,3914,5573,9172,6900,4339,27.1914,-3.82749,8.63146,47.992
84108,4374,4071,3464,3250,6717,5478,3896,3391,7650,6119,3967,3517,4994,4396,3615,3383,2.06808,-19.1594,8.54213,48.188
84109,3352,3481,3751,3521,3584,4224,4785,3845,3936,5618,7958,4937,3965,4881,5919,4617,10.7403,4.83259,8.86463,48.2493
84110,3242,3560,4133,4119,3553,3919,5574,5826,3474,4254,6915,7006,3387,3807,4652,4966,3.85259,15.614,8.80552,48.258
84111,3153,3278,3448,3431,3307,3500,3986,4448,3376,3705,5126,7936,3339,4029,5815,10494,18.9735,26.6319,8.68311,48.2473
84112,4459,5348,4607,3877,4896,7909,5813,3919,4151,5044,4361,3684,3694,3767,3609,3259,-8.30011,-4.80668,8.82748,48.2647
84113,8776,9043,4865,3668,5304,5360,4106,3592,3911,3875,3565,3312,3334,3379,3231,3005,-28.5135,-14.4001,8.58337,48.2173
84114,5060,4212,3682,3286,8747,4834,3763,3486,7820,4816,3655,3405,4553,4060,3512,3301,-1.498,-30.6256,8.87562,48.128
84115,3410,3676,5018,7505,3354,3749,5375,9616,3181,3498,4328,5194,3259,3397,3658,3789,-11.2199,26.8513,8.78413,48.0047
84116,3535,4472,8004,9661,3475,4034,5423,5889,3316,3412,3868,3979,3003,3218,3445,3405,-24.1988,17.5181,8.59777,48.0927
84117,4179,3885,3391,3234,6482,4608,3768,3253,9848,5205,3668,3310,5804,4557,3627,3405,5.61399,-32.3758,8.73733,48.1493
84118,3532,3629,3754,3449,3904,4832,4858,3811,4266,6716,7159,4342,3988,4913,4972,4062,7.61869,0.66435,8.97738,48.1247
84119,3226,3340,3622,3486,3510,3811,4139,4037,3682,4769,7140,5453,3825,4978,7603,5876,16.4585,9.32719,8.75073,48.3313
84120,11067,7375,4218,3504,6190,5017,3861,3418,3884,3935,3486,3228,3423,3245,3159,3024,-25.5202,-20.6166,8.99,48.0227
84121,3171,3199,3357,3342,3237,3438,3785,3922,3437,3752,4621,6045,3460,3910,6093,12374,28.8481,29.6811,8.53146,47.4287
84122,10372,5736,3824,3465,8085,5010,3817,3381,4333,3917,3566,3166,3412,3410,3281,3082,-18.3641,-31.7308,8.91052,47.9047
84123,3807,3612,3424,3089,5166,4176,3563,3323,9469,5323,3809,3358,7624,4975,3717,3357,11.6526,-30.2541,8.50326,47.8613
84124,3380,4002,5180,5048,3590,4382,7641,6930,3376,3949,5301,5113,3260,3577,3799,3852,-6.40983,13.5915,8.98634,48.2533
84125,3507,4293,7304,9639,3467,3987,5472,6599,3263,3570,3957,4054,2989,3237,3458,3401,-20.9419,18.9176,8.95878,48.1313
84126,9003,8328,4473,3627,5805,5547,4071,3549,3952,3886,3456,3376,3405,3419,3246,3107,-23.5571,-15.924,8.97496,48.1667
84127,6316,9577,6100,3978,4725,5441,4290,3882,3727,3815,3585,3414,3427,3394,3261,3099,-26.4512,-7.14939,8.54262,48.0207
84128,3232,3736,4134,4034,3717,4432,6349,5188,3615,4636,7258,5538,3466,3891,4505,4448,1.68498,10.1823,8.53255,48.1193
84129,3458,3902,5341,9195,3373,3915,5340,8761,3177,3546,4044,4697,3123,3194,3542,3565,-15.2929,27.3037,8.57079,48.1153
84130,3286,3522,4423,5475,3360,3815,5222,9377,3311,3632,4688,7052,3161,3408,3905,4410,-3.60232,27.1308,8.95166,48.0313
84131,3249,3615,4394,5288,3495,3812,4914,9312,3311,3611,4839,7198,3425,3509,3976,4321,-3.14689,33.4975,8.87374,48.1793
84132,3395,3690,4941,7606,3380,3841,5151,9981,3356,3632,4072,5244,3023,3320,3644,3774,-11.2816,30.2724,8.99924,48.0333
84133,3183,3298,3386,3441,3226,3513,3903,4007,3490,3934,5159,5589,3460,4374,8283,9757,32.2973,17.1902,8.55442,48.002
84134,3040,3232,3541,3701,3187,3609,4353,4602,3399,4022,6299,8131,3432,4045,5963,7324,13.5744,18.7812,8.9288,47.92
84135,3089,3301,3365,3429,3220,3477,3930,3904,3332,3855,5245,6184,3436,4226,7449,10541,24.0563,19.9338,8.66048,47.9887
84136,3786,4225,4168,3861,4171,5987,5874,4177,4272,5938,6009,4096,3629,4180,4216,3741,0.0590843,-0.135577,8.63635,48.22
84137,3345,3722,4706,5939,3242,3746,5321,9638,3273,3563,4552,6224,3148,3553,3862,4126,-6.55396,25.9614,8.60454,47.9733
84138,3947,3836,3356,3147,5781,4382,3627,3287,9700,5469,3767,3391,6608,4951,3767,3298,8.53874,-24.9599,8.52444,48.2093
84139,3089,3349,3568,3624,3320,3806,4331,4500,3488,4139,6790,7186,3455,4223,6311,6787,13.3878,15.7482,8.68135,47.9773
84140,3330,3353,3392,3192,3732,3816,3528,3451,4470,5226,4606,3874,5661,9559,6670,4266,33.1498,-4.64713,8.78153,48.084
84141,9502,5449,3901,3381,8762,5059,3986,3299,4613,4039,3467,3218,3606,3502,3210,2997,-15.617,-29.413,8.83949,47.994
84142,3832,3752,3505,3240,4638,4928,3984,3449,6563,7867,4529,3712,5357,5630,4057,3473,8.96673,-12.12,8.65798,48.344
84143,5418,4495,3600,3220,9442,5094,3802,3347,7263,4655,3616,3394,4378,4011,3415,3153,-3.50251,-29.094,8.93913,48.202
84144,3216,3701,4508,5502,3289,3831,5295,9525,3273,3588,4543,6877,3250,3511,3756,4243,-4.60316,26.1219,8.81528,47.9387
84145,4229,6996,9602,5436,3971,4623,5050,4522,3485,3672,3773,3656,3178,3326,3310,3301,-32.1474,3.90443,8.95051,48.0867
84146,3443,4194,5462,4990,3738,4707,8123,6126,3588,4007,5179,4627,3316,3562,3788,3617,-7.73278,10.2856,8.81261,48.3113
84147,12457,6067,3963,3509,5966,4692,3681,3347,3959,3776,3343,3193,3429,3216,3211,3181,-28.6784,-30.3425,8.59703,47.3267
84148,5072,4474,3593,3338,8351,6044,3815,3474,6706,5221,3829,3295,4197,4001,3637,3113,-2.96077,-20.4907,8.92406,48.1067
84149,3815,5024,9139,7395,3638,4289,5679,5297,3340,3604,3932,3874,3166,3255,3381,3367,-22.9094,11.7542,8.57925,48.13
84150,3076,3280,3496,3564,3308,3472,4090,4797,3392,3978,5644,8960,3295,3913,5418,8219,13.8035,23.8779,8.85897,47.9347
84151,7657,5196,3804,3364,9255,5605,4003,3396,4998,4330,3527,3270,3695,3620,3357,3066,-12.1569,-24.0158,8.63228,48.0953
84152,9623,8559,4457,3534,5487,5161,3953,3445,3806,3789,3507,3405,3441,3316,3277,3076,-29.544,-16.439,8.86278,47.8907
84153,3581,4305,7775,10303,3518,4000,4967,5799,3213,3557,3787,4009,3136,3263,3448,3319,-27.2232,18.6979,8.52507,47.9867
84154,3958,3786,3407,3221,5795,4761,3837,3296,8652,6348,4019,3413,5702,4850,3822,3301,6.84988,-19.5029,8.79047,48.112
84155,12762,5942,3850,3335,5940,4787,3789,3246,3989,3746,3440,3219,3426,3370,3254,3151,-30.9121,-29.4128,8.81458,47.4973
84156,3151,3591,4119,4495,3361,3718,4946,7717,3355,3715,4978,8752,3354,3623,4243,4964,1.76783,32.2154,8.53463,48.0547
84157,4416,7179,8015,4930,4166,5292,5478,4345,3535,3907,3892,3668,3195,3358,3454,3277,-21.8425,1.77567,8.60142,48.0713
84158,3580,3882,4361,3963,3813,4943,6974,4857,3675,4843,6816,4766,3592,3958,4314,3939,-0.30801,6.65453,8.56596,48.184
84159,3297,4062,6585,12247,3324,3840,4630,5919,3216,3388,3790,3975,3181,3190,3389,3452,-29.8641,25.0149,8.52381,47.6567
84160,4279,6846,9553,5451,4000,4590,5060,4532,3467,3783,3740,3775,3126,3213,3363,3296,-31.8009,4.59971,8.58771,48.0493
84161,4471,4117,3484,3161,7684,4832,3786,3246,8897,5024,3876,3279,5161,4317,3585,3307,2.32259,-30.6858,8.5863,48.1513
84162,3404,4049,5563,8408,3427,4008,5538,8791,3238,3529,4188,4651,3124,3274,3579,3602,-14.3134,23.3216,8.72106,48.2487
84163,4222,5279,4704,3808,4698,7866,6087,3974,4047,5008,4540,3648,3598,3808,3691,3437,-7.34068,-3.42614,8.98456,48.2767
84164,3600,4667,8630,8582,3470,4121,5717,5741,3367,3640,3816,3908,3029,3301,3366,3279,-23.1427,14.7296,8.67582,48.156
84165,3161,3264,3624,3685,3358,3840,4510,4517,3577,4265,7401,6838,3477,4276,6273,6244,12.0417,14.2041,8.7117,48.2067
84166,3113,3366,3415,3473,3451,3683,4159,4104,3630,4205,6581,5842,3607,4876,7912,6821,17.9541,12.1629,8.76499,48.1587
84167,3352,3570,4403,5340,3324,3807,5094,9158,3367,3731,4794,7102,3268,3402,3918,4377,-3.18102,32.5781,8.6751,48.0047
84168,3191,3521,3392,3263,3541,3737,3656,3535,4268,4778,4944,4092,4677,8338,8416,4686,32.5981,0.381029,8.87334,48.0233
84169,5187,7580,5642,4112,4883,6809,5246,3884,3904,4146,3872,3589,3418,3449,3443,3198,-16.7544,-5.47914,8.57082,48.2413
84170,7162,4828,3842,3300,9868,5234,3762,3357,5363,4376,3607,3267,3908,3616,3411,3206,-10.3128,-30.7093,8.65376,48.0713
84171,3176,3347,3565,3738,3248,3524,4304,4987,3403,4006,6362,8469,3443,4011,5686,6964,12.3839,19.5904,8.89397,48.1553
84172,3359,3954,5934,12689,3310,3822,4627,6042,3193,3342,3730,3866,3092,3294,3440,3439,-31.7758,30.5717,8.77158,47.422
84173,8949,5429,3853,3302,9105,5236,3834,3348,4687,4166,3483,3233,3635,3555,3240,3175,-14.6623,-27.3914,8.98907,48.1533
84174,3456,4000,6337,12334,3302,3819,4715,6126,3229,3471,3806,3997,3119,3205,3308,3533,-27.3037,26.7845,8.59496,47.838
84175,5601,5813,4152,3464,6723,7463,4456,3504,4830,4833,3913,3447,3798,3701,3498,3223,-9.8523,-13.4586,8.51295,48.2793
84176,3171,3300,3369,3280,3516,3675,3886,3710,3896,4379,5447,4644,4134,6281,9524,5926,26.4424,6.36542,8.51999,48.092
84177,3390,3545,3454,3246,3970,4490,3705,3517,5284,7469,4876,3736,5486,7253,4972,3788,14.7222,-7.91872,8.87971,48.1207
84178,12450,6122,4020,3446,5925,4831,3748,3351,3931,3837,3368,3240,3393,3343,3242,3195,-31.1573,-27.752,8.61368,47.628
84179,3419,3982,6548,12303,3311,3808,4734,5978,3207,3428,3829,3974,3134,3254,3380,3461,-31.8649,24.3344,8.96082,47.8333
84180,3095,3282,3318,3371,3269,3509,3779,4097,3429,3785,5013,7251,3436,3949,5865,11043,20.4512,33.7292,8.61647,47.6607
84181,3076,3378,3860,4001,3291,3704,4562,5657,3327,3856,5874,9389,3325,3789,4833,6254,7.59436,22.4274,8.81982,48.1173
84182,3602,4054,4542,4361,3557,4741,7528,5494,3538,4367,6296,4992,3351,3842,4126,3951,-2.53984,9.15477,8.56258,48.228
84183,3352,3890,5328,8876,3369,3886,5172,8725,3232,3545,4101,4623,3274,3282,3504,3651,-15.3059,32.7615,8.62684,47.8733
84184,3436,3453,3194,3073,4135,3943,3414,3314,7609,5033,3819,3412,10999,5805,3964,3555,19.7621,-32.5007,8.89971,48.1053
84185,3279,3654,4118,4258,3454,4032,5824,6005,3425,4153,6645,6913,3326,3799,4485,4661,2.19331,15.6698,8.57845,48.0207
84186,3563,3490,3273,3110,4736,4124,3467,3297,9115,5164,3770,3302,9037,5374,3729,3474,14.7321,-31.68,8.80111,48.0167
84187,3396,3871,6157,12522,3322,3772,4739,6027,3257,3477,3819,3886,3078,3207,3398,3452,-28.8898,28.4619,8.60475,47.5867
84188,6905,9746,5724,3723,4885,5323,4338,3723,3815,3783,3573,3342,3382,3382,3232,3210,-27.0783,-8.94478,8.63786,48.0573
84189,10633,6455,4069,3384,6957,5211,3961,3395,4261,3854,3542,3214,3452,3500,3162,3092,-20.8005,-23.5876,8.67806,48.0947
84190,12930,5961,3894,3436,6002,4550,3704,3315,3892,3809,3535,3239,3225,3327,3288,3142,-29.9014,-30.9277,8.80725,47.4993
84191,6834,6436,4273,3585,7255,6847,4125,3462,4547,4339,3681,3286,3697,3562,3483,3177,-13.5168,-15.7236,8.9021,48.3927
84192,3070,3255,3343,3400,3402,3465,3851,4010,3459,3796,4913,7198,3452,3924,5994,11428,21.8239,28.3671,8.51538,47.9733
84193,3631,4097,4287,3987,3889,5236,6493,4524,4018,5376,6319,4515,3483,4114,4267,3869,0.132651,3.36279,8.52322,48.07
84194,3428,4103,6286,11728,3338,3883,4914,6493,3205,3374,3841,4034,3050,3214,3341,3395,-24.902,24.9523,8.91186,47.7513
84195,12706,6041,3808,3354,6378,4828,3695,3332,3938,3820,3389,3228,3294,3257,3175,3180,-25.9066,-30.0505,8.92738,47.6153
84196,5980,9759,6446,4105,4516,5138,4486,3942,3646,3737,3664,3389,3268,3439,3128,3178,-30.4775,-6.03399,8.58687,47.8807
84197,3286,3681,4430,5411,3408,3736,5142,9515,3329,3604,4718,6878,3249,3454,3957,4249,-3.89795,31.6682,8.52839,48.0313
84198,3175,3292,3382,3359,3245,3583,3680,3804,3301,3760,4671,5961,3413,3865,5999,12680,31.5297,31.1773,8.70339,47.4467
84199,3337,3858,5256,8238,3427,3794,5132,9340,3207,3598,4110,4952,3128,3216,3629,3600,-13.2784,30.7293,8.63448,47.8813
84200,6964,8373,4834,3775,5610,6216,4430,3555,3980,3988,3700,3343,3429,3577,3318,3119,-19.1718,-12.0608,8.51679,48.1407
84201,4994,4929,3925,3442,7035,7504,4252,3559,5280,5380,4020,3383,3980,3760,3569,3245,-5.74365,-14.4106,8.606,48.1713
84202,3143,3271,3326,3415,3456,3606,3846,3798,3667,4288,5462,5109,3694,5308,9793,7260,26.6697,10.8456,8.51577,48.2947
84203,3349,3440,3306,3070,4190,3963,3452,3328,6521,5342,3931,3455,10095,7193,4208,3393,22.0364,-19.3143,8.63831,48.1573
84204,3408,3481,3323,3150,4121,4080,3681,3281,6370,5989,4242,3505,7968,7499,4340,3627,18.5205,-15.457,8.71917,48.0433
84205,3132,3193,3199,3304,3196,3500,3815,3873,3417,3807,4861,6026,3338,4009,6461,12572,29.4957,25.3993,8.85412,47.802
84206,3873,4128,3758,3506,4535,6243,4905,3863,4918,7269,5360,3881,4037,4610,4051,3555,2.3377,-5.6715,8.77282,48.328
84207,3116,3265,3411,3435,3441,3637,4026,3946,3606,4272,6221,5623,3662,4839,8453,7146,19.4888,12.2563,8.7183,48.066
84208,3395,3640,3773,3721,3565,4179,5439,4517,3599,5024,8029,5673,3611,4220,5233,4598,6.83384,8.93491,8.89733,48.144
84209,3394,3914,6060,11484,3349,3752,4965,7348,3190,3439,3788,4256,3076,3231,3398,3386,-21.4185,25.6507,8.96303,48.02
84210,4397,4068,3625,3318,6641,5179,3876,3321,8018,5786,3918,3469,5028,4546,3696,3304,2.5723,-20.3262,8.5399,48.1267
84211,4135,3801,3645,3224,6469,4518,3593,3257,9560,5260,3841,3460,5732,4620,3660,3270,5.60316,-30.3967,8.55746,48.03
84212,3482,3581,3330,3155,4156,4272,3868,3445,5610,7452,4825,3690,5712,7020,4871,3820,14.528,-9.70404,8.62319,48.1927
84213,4825,4944,3927,3430,6472,7683,4347,3539,5176,5534,4064,3502,4015,3937,3569,3293,-5.26461,-12.635,8.57494,48.1713
84214,11599,6607,4103,3326,6745,5042,3925,3396,4025,3805,3474,3229,3386,3320,3150,3161,-23.1271,-23.7072,8.90308,48.1953
84215,3417,3268,3331,3027,3845,3636,3486,3214,6024,4888,3898,3240,11570,7225,4083,3412,29.0371,-21.4633,8.78464,47.7093
84216,3243,3381,3391,3284,3505,3668,3937,3582,3969,4872,5321,4280,4446,7371,8924,5187,24.7143,2.48384,8.78664,48.2407
84217,3845,3771,3313,3103,5066,4331,3701,3325,8935,6304,3982,3362,6774,5386,3719,3342,10.6396,-20.3042,8.89002,48.1727
84218,4819,4354,3667,3447,8002,5709,3886,3406,7080,5387,3793,3347,4460,4122,3541,3223,-1.39724,-20.8076,8.60962,48.162
84219,3560,3904,3752,3485,4251,5291,4685,3907,4679,7326,6072,4125,4178,4845,4521,3760,5.46144,-2.98167,8.52181,48.2273
84220,10822,5641,3949,3342,7726,5042,3723,3348,4353,3926,3392,3161,3433,3469,3187,3094,-19.5157,-28.8319,8.94121,47.7387
84221,3240,3392,3482,3434,3273,3636,4044,4279,3468,3978,6088,6969,3473,4196,6898,8198,17.3855,17.6023,8.55385,48.032
84222,3100,3242,3395,3348,3325,3540,4076,3907,3616,4312,6050,5365,3819,5078,8832,7152,21.5677,11.3357,8.59994,48.1047
84223,4671,5209,4192,3501,5791,7943,4819,3736,4626,5408,3991,3580,3754,3951,3601,3328,-6.30761,-9.48095,8.57287,48.0673
84224,3411,3375,3222,3179,3894,3855,3489,3236,5818,5036,3802,3439,11200,7150,4174,3295,33.6085,-20.5425,8.57319,47.7167
84225,7085,8818,5003,3718,5501,6277,4428,3494,3928,3971,3577,3309,3370,3349,3397,3202,-20.4857,-11.672,8.87371,48.2847
84226,5525,4573,3655,3330,9265,5644,3773,3494,6675,4767,3661,3337,4203,3835,3471,3150,-4.35045,-23.1077,8.83199,48.2387
84227,9444,6273,4054,3391,7588,5331,3920,3341,4418,4016,3489,3186,3513,3454,3278,3138,-18.0509,-22.0488,8.84875,47.8893
84228,3412,3405,3295,3159,3897,3877,3586,3319,5054,5289,4234,3475,7802,9487,4956,3754,33.4048,-12.1309,8.64878,48.0007
84229,3596,3541,3369,3175,4163,4072,3555,3217,6485,6233,4104,3558,7765,7520,4473,3468,18.1575,-15.547,8.80225,48.196
84230,3441,3873,5935,12065,3447,3692,4822,6336,3311,3474,3855,3859,3111,3283,3412,3349,-25.112,31.5798,8.55031,47.51
84231,3422,3330,3233,3040,3887,3803,3577,3180,6280,5266,3967,3460,10104,7502,4336,3512,23.1478,-18.9665,8.81229,47.9327
84232,3491,4475,8560,9650,3498,4072,5156,5303,3300,3617,3741,3894,3133,3181,3465,3375,-30.7882,16.3686,8.99917,47.9407
84233,4062,6170,9990,6069,3696,4411,5291,4681,3315,3500,3856,3691,3117,3219,3339,3278,-31.187,7.01574,8.95083,47.79
84234,9800,5744,3935,3306,8302,4983,3737,3410,4467,4074,3398,3303,3456,3390,3243,3203,-17.0042,-31.8071,8.99717,47.834
84235,3461,3993,5664,7120,3455,4049,6319,8328,3249,3568,4356,4872,3159,3430,3542,3689,-12.5194,19.3451,8.88143,48.1693
84236,3772,3479,3274,3146,4596,4284,3641,3290,8034,6202,4039,3466,7607,5882,4051,3417,13.9691,-19.0623,8.83343,48.12
84237,3335,3632,4227,4288,3455,4175,6017,5947,3439,4167,6705,6416,3333,3714,4497,4694,1.69557,14.7224,8.51027,48.0273
84238,12212,6527,3961,3439,6006,4647,3818,3376,3881,3749,3434,3301,3419,3431,3308,3134,-30.3577,-24.5926,8.514,47.762
84239,3823,4638,5971,4919,3895,5258,8098,5258,3504,4071,4738,4145,3383,3514,3760,3575,-10.3709,6.91607,8.66146,48.3667
84240,6066,9471,6234,4182,4765,5580,4611,3858,3601,3790,3603,3399,3263,3266,3327,3224,-24.2196,-6.44969,8.606,48.16
84241,8944,5338,3773,3466,8862,5099,3874,3434,4700,4093,3601,3293,3597,3441,3235,3137,-14.6783,-29.5587,8.53226,47.9247
84242,3349,3383,3139,3116,3941,3818,3489,3270,5821,4939,3896,3383,11464,7149,4104,3313,33.0575,-21.2001,8.82015,47.716
84243,3403,3769,6127,12421,3417,3836,4739,6048,3283,3418,3653,4013,3283,3179,3457,3394,-30.2874,27.1426,8.7141,47.6267
84244,3527,3358,3244,3034,3915,3783,3450,3186,5889,4845,3898,3462,11102,7407,4090,3480,30.2785,-20.5616,8.5375,47.78
84245,4450,4962,4163,3631,5093,8008,5327,3773,4363,5434,4380,3713,3733,3851,3703,3358,-5.78401,-6.093,8.97335,47.9613
84246,9854,7845,4300,3524,5914,5293,3991,3396,3928,3835,3542,3333,3432,3383,3296,3120,-24.5832,-17.8961,8.75461,47.9907
84247,3112,3341,3586,3461,3411,3785,4336,4038,3645,4584,7278,5594,3727,4896,7325,5767,15.2172,10.1621,8.6175,47.924
84248,3230,3293,3269,3109,3750,3940,3552,3307,5261,5393,4217,3599,8105,9510,4986,3713,25.4133,-12.7481,8.99645,48.156
84249,3057,3300,3404,3496,3288,3449,3722,4009,3403,3697,4736,6028,3284,3857,6145,12475,31.8589,27.4538,8.57052,47.5667
84250,3354,4153,7243,11141,3513,3983,4952,5875,3297,3479,3785,3891,3064,3238,3434,3473,-32.8569,20.5803,8.73316,47.9167
84251,3335,4000,5269,6900,3323,3901,5929,9083,3259,3624,4295,5162,3042,3304,3729,3744,-10.5312,22.5952,8.61485,47.9327
84252,11222,6319,4037,3511,6866,4969,3810,3373,4162,3734,3459,3271,3498,3457,3168,3149,-22.4129,-24.7585,8.5024,48.0033
84253,5995,9025,5805,4010,4776,6178,4654,3771,3779,3945,3734,3492,3362,3413,3413,3165,-20.9673,-7.06759,8.82669,48.3447
84254,3797,5703,9923,6735,3659,4342,5429,4893,3456,3589,3796,3751,3141,3245,3270,3273,-26.751,8.81039,8.58633,48.0013
84255,3347,3420,3332,3100,3743,3811,3746,3504,4525,5511,4658,3959,5461,9221,6834,4377,25.7999,-4.18609,8.62871,48.366
84256,3075,3237,3364,3339,3380,3693,3857,3778,3717,4307,5133,4847,3836,5532,10052,7028,28.8259,9.1396,8.9551,48.1167
84257,3644,4734,7931,6961,3453,4344,6591,5868,3323,3628,4087,3998,3077,3361,3416,3488,-18.3017,13.0597,8.62529,47.936
84258,3212,3645,4355,5422,3333,3731,5297,9107,3323,3813,4824,6934,3102,3501,3972,4373,-3.46664,24.7346,8.63961,47.9627
84259,3255,3496,3742,3663,3523,3915,4895,4448,3588,4729,8088,6038,3595,4219,5694,5090,9.69495,10.6005,8.98677,47.9853
84260,3190,3410,3774,4037,3262,3602,4396,6211,3346,3792,5261,9924,3343,3676,4696,6158,6.83547,30.8564,8.68895,48.052
84261,4314,5746,5272,4106,4589,7300,6385,4084,4009,4551,4370,3664,3545,3613,3529,3361,-10.43,-2.10786,8.67838,48.292
84262,3190,3293,3395,3402,3208,3361,3662,3971,3401,3717,4695,5944,3387,4004,5896,12077,33.8353,33.315,8.56194,47.0687
84263,3372,3853,6076,12711,3365,3717,4834,6074,3317,3428,3775,3947,3140,3292,3434,3350,-29.7056,30.109,8.8368,47.79
84264,3309,3508,4040,4453,3374,3808,5429,6872,3457,3982,5956,7706,3323,3763,4427,4822,1.82756,19.5425,8.78147,48.1527
84265,3208,3463,3581,3541,3433,3872,4507,4063,3750,5118,7955,5330,3715,4828,6902,5256,13.3572,7.83233,8.98013,48.348
84266,4315,4057,3557,3294,6735,5177,3781,3322,8258,5887,3946,3497,4980,4551,3672,3240,2.91109,-20.4704,8.68786,48.1793
84267,3391,4051,6658,9996,3460,4001,5320,7052,3269,3513,3964,4225,3105,3187,3554,3412,-19.8319,21.2271,8.73705,48.1053
84268,3446,3507,3298,3162,4431,4009,3482,3179,7982,5111,3775,3368,10097,5578,3948,3303,17.7987,-31.155,8.57046,47.784
84269,7701,5024,3802,3370,9697,5268,3742,3410,5102,4192,3546,3281,3755,3581,3353,3084,-11.755,-29.2668,8.65119,47.9387
84270,8271,5325,3867,3362,9472,5095,3830,3437,4883,4086,3554,3261,3586,3561,3363,3046,-13.2485,-30.0311,8.83841,47.9993
84271,10326,5824,3830,3402,7832,5141,3725,3430,4359,3937,3536,3182,3474,3454,3227,3073,-18.6835,-26.3403,8.83385,47.8347
84272,3233,3368,3322,3212,3539,3623,3809,3607,4066,4843,5151,4225,4569,7786,8571,5155,26.6408,1.54941,8.62841,48.0527
84273,8189,9337,4814,3559,5305,5284,4016,3559,3737,3820,3591,3268,3467,3359,3232,3084,-33.5408,-13.604,8.93645,47.7473
84274,4942,8554,7944,4612,4194,4982,4994,4154,3551,3794,3731,3498,3302,3345,3464,3250,-32.587,-0.894062,8.61875,48.2073
84275,3900,4842,6095,4605,3863,5501,7891,4943,3641,4021,4728,4006,3313,3541,3632,3485,-11.0958,5.618,8.61081,48.0047
84276,4315,4812,4176,3613,5146,7684,5219,3802,4570,5798,4482,3601,3820,3963,3816,3429,-4.53099,-6.96804,8.72081,48.164
84277,3444,3723,4197,3874,3601,4458,5789,4817,3752,4915,7736,5472,3563,4121,4812,4383,3.81414,8.51909,8.74471,48.438
84278,3211,3295,3387,3293,3541,3707,3860,3572,4002,4883,5104,4261,4518,7674,8705,5127,31.1387,1.79777,8.54325,48.0933
84279,3236,3438,3389,3272,3669,3929,4208,3964,3902,5696,7053,4659,4155,5891,6968,4891,15.4689,3.53707,8.61488,48.2133
84280,5266,5068,3916,3523,7065,7565,4216,3546,5237,5034,3962,3418,3895,3760,3500,3277,-7.05301,-14.5239,8.92663,48.1653
84281,4871,7065,6367,4382,4379,6295,5755,4159,3795,4222,4050,3572,3335,3356,3479,3239,-16.8619,-1.94687,8.65183,48.214
84282,3459,3510,3291,3137,3936,3835,3482,3205,5873,4943,3884,3370,11146,7415,4143,3399,32.6833,-20.4625,8.56236,48.0187
84283,8378,9485,4872,3610,5257,5248,4219,3666,3936,3751,3679,3352,3306,3303,3235,3109,-27.9208,-13.4229,8.87183,48.2707
84284,5450,4640,3596,3275,8650,6051,3966,3417,6363,4952,3740,3394,4218,3902,3345,3168,-4.51095,-20.7622,8.94275,48.0847
84285,3818,4907,5809,4648,3921,5760,7886,4971,3574,4193,4738,4049,3323,3653,3722,3595,-10.3612,5.18713,8.61721,48.378
84286,4404,5013,4345,3695,5048,7982,5593,3901,4307,5437,4405,3688,3666,3789,3602,3456,-6.02774,-5.88135,8.96159,48.2207
84287,3385,3394,3204,3158,3842,3826,3623,3338,5321,5560,4067,3540,8203,9326,4797,3636,24.9982,-13.3188,8.8373,48.1467
84288,3299,3665,4476,5809,3440,3843,5167,9618,3212,3691,4605,6708,3182,3429,3740,4268,-4.91384,28.2279,8.69002,48.1013
84289,5025,4334,3615,3216,9000,4978,3802,3381,7729,4832,3695,3340,4554,3988,3504,3247,-1.76094,-32.6124,8.93999,48.16
84290,3687,4369,6244,5861,3466,4533,7433,6712,3406,3845,4546,4493,3295,3234,3650,3682,-12.0815,13.6039,8.83047,48.304
84291,4522,6536,6013,4368,4613,6623,6113,4192,3766,4139,3982,3657,3270,3433,3507,3309,-15.0126,-1.77139,8.50991,48.0287
84292,11807,5821,3949,3400,6948,4938,3848,3415,3916,3838,3441,3236,3359,3396,3230,3043,-22.6584,-31.7289,8.75335,47.7233
84293,3413,3512,4088,4435,3338,3930,5616,7017,3355,3971,5910,7369,3357,3718,4312,4590,0.950262,18.9475,8.63324,47.954
84294,9617,5517,3926,3448,8505,5200,3854,3391,4520,4014,3436,3285,3500,3561,3230,3129,-16.7303,-27.6193,8.58577,48.0887
84295,3357,3893,6004,12428,3373,3770,4822,5858,3215,3490,3719,3779,3229,3231,3360,3428,-30.2133,33.368,8.85878,47.304
84296,3343,3342,3190,3170,3828,3686,3593,3224,6075,4785,3848,3352,12647,6183,3911,3342,30.6229,-27.3389,8.98563,47.6793
84297,3376,3393,3324,3213,3791,3906,3609,3371,4700,5182,4365,3704,6770,9819,5611,3802,32.1295,-8.89653,8.57131,47.9573
84298,3377,3330,3217,3075,3812,3708,3382,3225,6086,4751,3723,3466,12764,6133,3947,3298,30.6048,-27.5841,8.92539,47.5293
84299,3105,3288,3312,3321,3422,3587,3839,3722,3820,4504,5278,4704,3925,6158,9706,6373,26.1052,7.38285,8.58422,48.0427
84300,6184,9993,6151,3980,4649,5269,4572,3689,3705,3840,3555,3485,3288,3291,3347,3141,-27.4331,-7.23483,8.98254,48.0927
84301,3758,4799,6777,5421,3730,5010,7762,5615,3460,3849,4482,4183,3193,3486,3475,3424,-13.5125,8.86424,8.8973,48.2827
84302,3287,3627,4271,4572,3367,3949,5723,6898,3469,3991,6101,7378,3331,3771,4421,4718,1.03321,18.2743,8.61642,48.5827
84303,3359,3458,3244,3305,3792,3942,3718,3498,4727,6020,4688,3832,5866,9002,5884,3989,21.3299,-6.85137,8.73204,48.216
84304,3077,3161,3535,3459,3267,3458,3939,4425,3402,3864,5498,7872,3418,4123,6362,9114,17.2618,21.0458,8.98938,47.9827
84305,5089,4244,3629,3211,9016,5075,3867,3445,7277,4805,3715,3352,4534,3927,3541,3249,-2.59811,-33.3258,8.64076,47.984
84306,3705,3584,3379,3204,4807,4390,3760,3329,8143,6449,4100,3472,7010,5693,4000,3441,12.4695,-18.6695,8.54375,48.3107
84307,7596,7716,4561,3501,6236,6263,4233,3584,4215,4010,3589,3288,3559,3581,3219,3189,-18.1889,-14.8712,8.99316,48.2267
84308,3112,3319,3838,4002,3292,3689,4531,6487,3420,3767,5315,9541,3381,3677,4602,6031,6.56005,27.7302,8.5912,48.0027
84309,7533,9678,5115,3749,5293,5431,4302,3652,3763,3877,3526,3333,3273,3314,3286,3233,-25.5025,-11.7469,8.81588,48.2387
84310,3816,4505,5469,4350,3944,5527,7961,5050,3618,4316,5061,4191,3332,3617,3839,3623,-8.1149,5.93729,8.6423,48.146
84311,6146,9835,6129,3999,4744,5389,4421,3887,3801,3707,3616,3376,3307,3449,3160,3266,-27.4436,-6.70056,8.67559,48.1547
84312,3425,3441,3205,3133,3884,3801,3374,3367,5763,4860,3957,3273,10669,7876,4177,3518,31.2581,-18.9664,8.77789,47.8153
84313,3286,3542,3519,3515,3473,3928,4272,4073,3642,4871,7661,5532,3725,4835,7120,5527,14.5156,9.12542,8.69919,48.3473
84314,9576,8467,4504,3430,5557,5239,4011,3369,3860,3873,3512,3293,3394,3370,3241,3124,-33.3962,-16.3242,8.64618,47.88
84315,3201,3262,3294,3405,3383,3565,3724,3786,3611,4140,5231,5409,3553,4870,9496,8172,27.6376,13.0509,8.63571,48.068
84316,4136,5000,4701,3959,4579,7245,6383,4187,3950,4926,4685,3917,3556,3709,3676,3538,-6.86619,-1.75166,8.74853,48.098
84317,3127,3327,3385,3389,3209,3612,4040,4087,3550,4138,5938,6052,3644,4597,8112,7921,19.7404,14.631,8.81464,48.0853
84318,3022,3237,3362,3402,3359,3615,3915,3980,3629,4349,5948,5535,3698,4907,9041,7321,21.7651,12.2209,8.98389,48.2133
84319,3349,3874,5938,10588,3404,3794,4974,7916,3222,3657,3841,4383,3126,3192,3411,3532,-19.2381,27.0341,8.64612,48.134
84320,3014,3276,3446,3459,3376,3523,3993,4092,3432,4002,5631,6272,3450,4348,7547,9122,20.7196,17.7584,8.88711,47.9887
84321,6493,9130,5381,3880,5043,6109,4476,3608,3828,3987,3679,3411,3350,3433,3205,3126,-21.3524,-9.4674,8.68381,48.0927
84322,3358,3414,3495,3412,3715,4294,4348,3749,4305,6617,6941,4435,4203,5783,6037,4365,12.9598,0.567411,8.99293,48.314
84323,3308,3542,4001,3906,3514,4029,5404,4905,3723,4653,7639,6327,3486,4043,5034,4965,5.86357,12.6124,8.52589,48.3193
84324,3649,3973,3704,3569,4197,5763,4899,3849,4573,7282,5914,4022,4016,4745,4339,3809,3.83782,-2.9522,8.62032,48.202
84325,3723,3539,3245,3069,4705,4188,3549,3276,9266,5304,3813,3316,8371,5312,3806,3331,13.4813,-26.8919,8.97472,47.8753
84326,4558,5189,4240,3640,5387,8005,5257,3702,4383,5453,4308,3628,3693,3864,3654,3419,-6.24369,-7.34791,8.59042,48.2533
84327,3141,3257,3368,3321,3502,3658,4028,3580,3976,4971,5883,4520,4153,6484,8754,5486,21.2491,4.36004,8.92885,48.0547
84328,10586,7462,4327,3439,6205,5126,4039,3408,3924,3907,3423,3190,3439,3389,3264,3162,-24.1089,-19.7776,8.95159,48.1933
84329,3209,3461,3928,4159,3327,3660,4682,6261,3331,3927,5656,9070,3430,3602,4519,5690,5.25636,22.6606,8.83256,47.9413
84330,5998,4531,3812,3367,9881,5278,3843,3341,6188,4477,3635,3286,4071,3921,3321,3137,-6.53546,-33.5644,8.90887,48.058
84331,3184,3381,3386,3246,3336,3749,3739,3671,3862,4545,5317,4619,4064,6160,9731,6101,27.2064,6.49965,8.6467,48.0607
84332,3466,3743,4128,3791,3619,4576,5980,4634,3724,5282,7680,4989,3725,4089,4749,4210,3.53579,6.75687,8.5059,48.2567
84333,3491,3359,3329,3171,3841,3769,3489,3283,5157,5299,4198,3590,8150,9480,4972,3664,27.0759,-13.0224,8.97748,48.1613
84334,3316,3499,3438,3309,3815,4018,3987,3635,4565,6605,5566,4076,4786,7429,6007,4207,16.6902,-3.27839,8.66335,48.172
84335,10238,5871,4089,3371,7687,5265,3946,3352,4397,3981,3525,3217,3485,3448,3246,3045,-19.2022,-24.2633,8.66886,48.1087
84336,3255,3358,3415,3506,3626,3940,4260,3766,4091,5836,6969,4619,4153,5638,6849,4785,14.7879,3.17089,8.95758,48.044
84337,4775,4345,3548,3291,8396,5030,3777,3400,8261,4811,3773,3455,4674,4138,3503,3267,-0.553382,-27.1139,8.70374,48.296
84338,3233,3404,3310,3315,3576,3793,3739,3579,4184,5141,4941,4146,4828,8418,8120,4834,27.5821,-0.0350512,8.55958,48.374
84339,4206,5294,4782,3830,4657,7839,6186,4017,4096,4941,4538,3719,3608,3822,3563,3368,-7.62408,-3.19873,8.84964,48.3107
84340,3358,3487,3817,3511,3583,4033,4578,4210,3796,5300,7887,5193,3837,4931,6211,4891,11.495,7.28382,8.54442,48.4153
84341,3119,3234,3457,3498,3261,3514,4091,4230,3385,4130,6118,6785,3488,4324,7193,8214,18.0058,16.8327,8.66965,48.0273
84342,3468,4499,8103,9792,3479,3961,5180,6023,3351,3573,3911,3952,3052,3242,3391,3415,-24.5057,17.3964,8.77862,48.2613
84343,3087,3228,3344,3437,3253,3450,3845,3869,3243,3858,4923,5891,3391,4107,6893,11762,31.402,22.3573,8.90653,47.7207
84344,7350,9080,5104,3786,5294,5850,4347,3610,3853,3884,3508,3382,3345,3424,3275,3170,-22.8648,-11.6075,8.70234,48.1747
84345,3190,3457,3915,3858,3396,3909,5186,4848,3517,4465,7937,6349,3453,4017,5220,5005,7.05557,12.0731,8.55474,47.8147
84346,3230,3534,3938,4444,3425,3833,5256,6647,3397,3900,6101,8146,3315,3623,4533,5170,3.12958,19.6305,8.75253,48.328
84347,3571,3540,3316,3157,4585,4067,3479,3250,8982,5140,3757,3355,8774,5339,3880,3328,14.7968,-32.2027,8.9355,47.68
84348,3884,3837,3417,3124,5221,4929,3779,3409,7651,7071,4250,3402,5576,5272,4010,3557,7.90237,-16.1574,8.70523,48.2593
84349,3563,3431,3141,3124,4407,4002,3464,3283,8333,5211,3791,3460,9944,5528,3912,3438,16.847,-31.2385,8.56574,48.0213
84350,3715,4450,5768,4958,3744,5036,8178,5355,3481,4114,4870,4395,3224,3566,3683,3473,-9.51508,8.38521,8.58248,48.0067
84351,4935,4374,3683,3329,8752,5104,3937,3363,7693,4752,3730,3242,4509,3985,3551,3265,-1.81943,-33.4275,8.78459,48.136
84352,4697,6751,6516,4317,4261,6554,6110,4269,3678,4151,4028,3689,3415,3372,3400,3224,-16.1757,-0.866966,8.99599,48.288
84353,3162,3248,3340,3410,3210,3419,3823,4033,3502,3816,4797,5791,3382,4080,7092,11602,29.9555,21.9035,8.77556,47.8047
84354,3368,3810,5910,12589,3426,3721,4715,6104,3258,3370,3771,3841,3208,3288,3423,3337,-31.0463,31.7022,8.73858,47.426
84355,3416,4076,6625,10119,3484,3987,5305,7125,3312,3523,3880,4254,3141,3308,3418,3512,-20.1942,21.654,8.56145,48.3233
84356,5589,7564,5344,3865,5008,7063,5141,3899,3868,4190,3825,3524,3478,3479,3427,3175,-16.1253,-6.95477,8.67931,48.2927
84357,5625,4673,3631,3304,9216,5355,3837,3452,6601,4812,3687,3387,4186,3877,3483,3339,-4.79022,-24.3993,8.89503,48.31
84358,3257,3404,3381,3219,3443,3814,3899,3563,4224,5001,5372,4295,4600,7534,8391,4867,23.8837,1.43624,8.60891,48.176
84359,5055,4658,3759,3344,8105,6277,4003,3516,6351,5276,3857,3313,4323,3998,3626,3149,-3.79064,-18.9763,8.56011,48.4067
84360,3073,3346,3372,3329,3300,3563,3815,3624,3817,4430,5443,4825,4064,6059,9700,6238,25.1819,7.69472,8.70368,47.9987
84361,3367,3866,4617,5086,3403,4115,6409,7973,3438,3864,5245,6041,3226,3563,3926,4125,-4.18133,18.0492,8.65132,48.176
84362,3231,3427,3853,4078,3332,3686,4586,6485,3406,3825,5084,9601,3298,3667,4499,5722,5.52606,33.7921,8.68002,47.8533
84363,4116,6499,9685,5918,3837,4475,5120,4553,3532,3681,3904,3562,3093,3394,3425,3392,-31.5805,5.75116,8.6048,48.124
84364,3518,3373,3284,3207,4480,4015,3507,3229,8296,5294,3906,3342,9663,5753,3901,3319,17.0214,-25.6374,8.84474,48.058
84365,3185,3591,4190,4751,3299,3806,4798,8552,3299,3714,5013,8272,3247,3619,4279,4689,-0.382081,32.9916,8.87157,48.2027
84366,3225,3526,3904,4518,3187,3773,4810,7271,3460,3914,5148,8948,3279,3544,4377,5134,2.3842,26.0774,8.53013,48.012
84367,3093,3071,3332,3290,3262,3436,3916,4001,3424,3832,4890,6532,3465,3950,6472,11870,24.0698,24.9918,8.99872,47.8907
84368,4578,6458,6231,4373,4398,6750,6182,4282,3857,4066,4047,3683,3265,3532,3555,3369,-14.7806,-1.02296,8.88819,48.4173
84369,3566,3562,3258,3055,4642,4024,3562,3253,8714,5247,3714,3347,9251,5368,3864,3544,15.5128,-28.5838,8.51741,47.9807
84370,3313,3595,4274,4956,3325,3995,5888,7774,3433,3830,5432,6825,3244,3612,4185,4530,-1.48355,19.5806,8.53181,48.1407
84371,3733,4938,9467,7954,3569,4307,5262,5037,3255,3518,3843,3796,3170,3356,3356,3303,-32.1998,12.3691,8.8756,47.9093
84372,3638,4047,4318,3871,4007,5720,6347,4355,3914,5625,6172,4292,3652,3978,4234,3768,-0.544586,2.15316,8.61035,47.9587
84373,7108,4859,3743,3365,9984,5199,3724,3373,5571,4308,3697,3221,3886,3588,3414,3106,-10.291,-29.7764,8.79101,48.0973
84374,3389,3354,3143,3039,4185,3925,3552,3216,5889,5799,4112,3528,8677,8248,4600,3664,21.371,-15.6825,8.90166,48.2133
84375,3394,3382,3228,3128,3936,3896,3606,3171,5845,5267,4162,3502,9325,8242,4644,3483,24.5521,-16.4348,8.51,48.1407
84376,6338,4800,3615,3271,9894,5323,3816,3311,5986,4408,3628,3228,3992,3865,3324,3129,-7.52148,-26.6621,8.90871,47.952
84377,8233,9392,4985,3628,5125,5246,4020,3629,3772,3772,3611,3249,3431,3372,3360,3198,-32.9575,-13.129,8.72543,48.0153
84378,3299,3347,3244,3201,3725,3898,3601,3352,5126,5632,4342,3640,7089,9461,5308,3843,24.1327,-10.2143,8.57934,48.072
84379,3406,3833,6034,12135,3280,3730,4859,6698,3253,3382,3874,4005,3152,3242,3339,3302,-24.0921,28.8979,8.7592,47.6827
84380,4373,4114,3457,3156,6728,4887,3619,3315,9082,5750,3873,3426,5370,4558,3697,3234,4.08306,-23.5424,8.97118,48.426
84381,3067,3285,3315,3438,3346,3508,3915,3643,3637,4184,5170,5147,3621,5227,9889,7655,28.1163,11.2728,8.8484,48.0313
84382,11685,5932,3890,3412,6847,4972,3784,3310,4032,3897,3419,3234,3302,3324,3146,3301,-22.3686,-33.078,8.90681,47.658
84383,3932,3983,3887,3472,4572,6337,4807,3862,4819,7174,5323,3752,4158,4508,4102,3548,2.01193,-5.21031,8.73844,48.1573
84384,3384,3347,3437,3210,3903,3719,3500,3250,5768,4785,3815,3409,12399,5972,4071,3388,30.9209,-33.6619,8.56244,47.5713
84385,3082,3337,3443,3595,3321,3550,4059,4200,3434,4148,6001,6422,3520,4387,7661,7977,18.5824,15.7943,8.88407,48.0913
84386,3239,3460,4180,4545,3371,3751,4903,7975,3294,3725,5077,8554,3210,3614,4154,4968,0.843135,25.9139,8.96899,48.0133
84387,3723,4801,7485,6014,3624,4586,7340,5810,3412,3794,4310,4033,3134,3338,3509,3393,-15.6879,10.3191,8.98785,48.204
84388,7050,9710,5220,3655,4919,5339,4354,3680,3763,4014,3632,3271,3430,3443,3270,3093,-33.3524,-10.6267,8.83659,47.8953
84389,3546,4072,4488,3976,3802,5180,7093,4847,3782,4945,6474,4701,3462,3976,4233,3908,-1.19558,5.84916,8.59715,48.3233
84390,3167,3261,3379,3472,3255,3541,3950,4458,3313,3816,5055,8111,3375,3761,5668,10365,18.5521,31.82,8.52969,47.9647
84391,3279,3750,4924,6528,3365,3904,5465,9650,3359,3620,4560,5942,3055,3378,3758,3996,-7.70052,25.2314,8.92441,48.3553
84392,3155,3254,3523,3512,3225,3529,3997,4530,3306,3898,5093,8626,3405,3904,5468,9545,16.1219,27.9751,8.6329,47.98
84393,3340,3370,3246,3186,3755,3843,3508,3261,4903,5136,4249,3663,7229,9937,5300,3753,31.4577,-10.5721,8.9123,47.786
84394,10928,6580,4091,3437,6950,5156,3812,3410,3988,3881,3397,3245,3496,3286,3182,3153,-21.5663,-23.0305,8.93282,47.9947
84395,4577,6932,7183,4668,4201,5753,6057,4294,3668,3957,3922,3736,3299,3375,3367,3237,-18.3899,0.277805,8.6345,48.1507
84396,3262,3208,3563,3329,3247,3529,3921,3868,3692,4312,5785,5193,3778,5251,9149,7081,23.3872,11.0744,8.50729,48.112
84397,3421,3427,3111,3098,3947,3806,3543,3228,6529,4835,3791,3395,12322,6286,3965,3322,24.9819,-26.8947,8.85805,48.0173
84398,6650,6488,4281,3531,6968,6923,4233,3503,4610,4477,3722,3354,3555,3575,3277,3230,-13.5363,-15.1704,8.83214,48.2513
84399,10641,7822,4477,3455,5680,4936,3856,3360,3897,3770,3390,3196,3448,3370,3162,3157,-32.1447,-18.4468,8.82513,47.7447
84400,6972,4965,3926,3420,9813,5204,3852,3414,5531,4353,3557,3207,3835,3666,3242,3062,-9.69678,-26.9626,8.66652,48.0127
84401,3476,3421,3314,3171,3991,3732,3454,3238,5991,5098,3812,3411,11343,6897,4087,3487,26.6807,-22.2409,8.508,47.9487
84402,3143,3479,3732,3791,3344,3848,4876,5168,3455,4259,7178,7647,3390,3941,5252,5771,8.67213,16.5984,8.90282,48.1827
84403,3035,3104,3438,3427,3244,3621,3799,3977,3496,4017,5067,5898,3470,4316,7979,9939,25.8443,18.0178,8.51147,47.8847
84404,3174,3274,3493,3473,3193,3503,3882,3926,3546,3995,5214,5248,3617,4919,9092,8403,33.2237,13.7693,8.51602,47.968
84405,3388,3988,5614,10466,3341,3787,4962,7824,3395,3435,3957,4399,3032,3278,3395,3490,-18.4611,33.2119,8.52641,47.834
84406,3475,3753,3743,3688,3804,4648,5166,4061,4170,6414,7507,4449,3926,4711,5081,4180,6.61381,2.29012,8.92922,48.5173
84407,3309,3577,4342,5089,3305,3752,5034,8881,3386,3684,4732,7512,3290,3448,4132,4339,-2.05007,29.579,8.74533,47.8747
84408,3343,3903,5341,7599,3374,3983,5685,8994,3378,3663,4247,5026,3125,3341,3493,3653,-12.3512,22.408,8.52629,48.0987
84409,3338,3335,3086,3004,3863,3672,3562,3239,5944,4982,3807,3399,11456,7402,4210,3342,27.3586,-21.2115,8.93387,47.7607
84410,3413,3424,3239,3108,4221,3824,3550,3177,7342,5080,3849,3326,10848,6182,3994,3367,20.1862,-24.8665,8.77435,47.9627
84411,4275,5505,5374,4120,4365,6919,6674,4334,3884,4569,4455,3744,3414,3713,3569,3365,-10.5806,-0.754857,8.58672,48.186
84412,3396,3366,3310,3092,3844,3751,3509,3225,5797,4992,3901,3309,11664,6931,4162,3352,31.4703,-21.7713,8.92359,47.734
84413,3414,3414,3281,3142,3824,4082,3684,3395,4950,6125,4573,3753,6017,9157,5790,3910,21.4999,-7.72129,8.87584,48.3407
84414,8692,9145,4866,3491,5249,5225,4024,3560,3893,3857,3559,3288,3351,3396,3277,3154,-27.8704,-13.7941,8.81448,48.018
84415,3222,3325,3522,3675,3196,3505,4123,4663,3328,3810,5082,8697,3200,3808,5507,9137,15.4498,28.289,8.52747,47.8667
84416,3141,3444,3884,4094,3313,3709,4696,6440,3346,3710,5598,9314,3301,3703,4615,5576,4.90895,24.2632,8.86541,47.9227
84417,3116,3336,3453,3311,3340,3640,3869,3775,3737,4331,5426,4699,3929,5902,9793,6309,26.9699,7.56699,8.60312,47.9773
84418,5088,6626,4736,3862,5398,7716,5071,3881,4131,4550,4041,3464,3440,3593,3360,3350,-12.5769,-8.12745,8.53335,48.2047
84419,11377,7267,4137,3369,6176,4982,3790,3468,3979,3827,3505,3316,3322,3345,3189,3094,-25.0284,-21.8085,8.97862,48.0953
84420,3226,3325,3521,3316,3531,3886,3847,3689,3960,5201,6081,4601,4295,6465,8084,5119,19.5977,3.66586,8.91294,48.098
84421,3430,4143,5786,7066,3466,4109,6413,8111,3305,3657,4371,4739,3127,3291,3572,3727,-12.7907,19.007,8.5058,48.2087
84422,3844,3900,3498,3354,4740,5099,4054,3495,6341,7867,4681,3601,4973,5404,4102,3481,7.5208,-11.5968,8.5803,48.2893
84423,3161,3206,3405,3382,3273,3547,3911,3891,3475,3964,5685,6036,3657,4509,8324,8802,21.838,15.9273,8.89176,48.152
84424,9359,5784,3770,3456,8409,5209,3753,3277,4519,3967,3636,3373,3401,3535,3233,3049,-16.658,-25.3685,8.66347,47.82
84425,3273,3416,3409,3257,3553,3803,3754,3543,4220,5168,5203,4115,4902,8209,7636,4594,24.4151,-0.681909,8.68937,48.0367
84426,3820,4026,3939,3661,4204,5700,5397,3923,4438,6629,6100,4171,3836,4355,4384,3819,2.34138,-1.28014,8.69861,48.268
84427,3182,3393,3398,3285,3433,3724,4034,3745,3900,4986,6111,4579,4101,6186,8548,5501,20.3356,4.93399,8.75166,48.0707
84428,3297,3367,3368,3069,3932,3840,3471,3084,5415,5246,4062,3443,9276,8641,4500,3613,26.435,-16.0161,8.6868,47.7493
84429,3171,3706,4373,5217,3377,3799,5269,8937,3367,3779,4858,7343,3236,3484,3828,4377,-2.65641,24.4611,8.93789,48.0807
84430,3330,3636,4483,5531,3369,3662,5165,9315,3278,3630,4637,6866,3193,3396,3850,4322,-4.31241,25.9923,8.92523,47.7753
84431,3364,3520,3716,3475,3571,4175,4447,3878,4093,5862,7454,4991,3963,5243,6132,4629,12.2078,3.97845,8.68425,48.342
84432,5044,7868,6557,4370,4580,6361,5424,4161,3717,3976,3716,3595,3282,3429,3292,3230,-18.6753,-2.93063,8.96591,48.4013
84433,3657,4664,8577,9117,3470,4033,5266,5437,3269,3579,3840,3807,3133,3269,3443,3391,-28.8376,15.5144,8.50841,47.968
84434,3408,3943,4779,5162,3451,4092,6828,7596,3441,3983,5250,5618,3368,3480,4004,3870,-5.63159,16.6498,8.51648,48.182
84435,3328,3868,5602,10084,3310,3734,5053,8271,3157,3437,3891,4462,3034,3295,3526,3483,-17.548,28.165,8.96547,47.69
84436,3396,3618,3524,3272,3811,4373,4276,3679,4485,7216,6277,4190,4489,6028,5619,4106,12.7099,-1.75893,8.76715,48.2393
84437,9378,5694,4008,3400,8581,5286,3837,3381,4511,4012,3454,3232,3558,3531,3355,3155,-16.2152,-24.5852,8.90223,48.2487
84438,8398,5370,3935,3389,9068,5336,3744,3346,4744,4183,3560,3182,3700,3605,3267,3132,-14.1077,-25.857,8.68182,47.9727
84439,3347,3381,3308,3100,3736,3788,3646,3293,5009,5543,4292,3665,7290,9633,5526,3700,24.8556,-10.6061,8.86817,48.1713
84440,3176,3180,3450,3381,3208,3382,3792,3970,3419,3830,4702,6179,3407,3943,6194,12345,30.8282,26.4898,8.61487,47.7053
84441,3140,3250,3359,3500,3277,3592,3926,4027,3524,3972,5412,5725,3543,4553,8517,8925,23.8738,15.6079,8.84472,48.1613
84442,3491,3808,3718,3415,4032,5045,4464,3851,4629,7630,6161,4126,4194,5226,4778,3958,7.8063,-2.76035,8.81745,48.3507
84443,3250,3436,3345,3130,3607,3923,3747,3486,4386,5166,4864,4059,5351,9152,7122,4405,26.3156,-3.20095,8.62366,48.286
84444,3707,4618,5946,5003,3726,5206,7964,5412,3607,4047,4604,4296,3192,3450,3737,3657,-11.1378,8.1942,8.57295,48.1147
84445,3552,3765,3882,3720,3825,4805,5349,4147,3998,6012,7526,4568,3776,4546,4962,4134,5.62619,3.15288,8.7474,48.378
84446,5171,5429,4178,3611,6650,7860,4536,3600,4786,5050,3960,3273,3752,3783,3598,3241,-8.10907,-12.4217,8.72574,48.3187
84447,4069,4719,4469,3896,4334,7112,6304,4079,4117,5294,5068,4038,3761,3985,3781,3446,-4.70224,-1.6052,8.87654,48.3147
84448,3308,3362,3359,3232,3597,3646,3768,3456,4203,5171,4991,4183,4881,8592,7923,4757,26.1123,-0.82746,8.84307,48.286
84449,3404,3871,6295,12176,3298,3856,4768,5978,3219,3512,3686,4016,3086,3321,3354,3439,-31.7788,25.8628,8.51733,47.5193
84450,3484,3241,3116,3175,3945,3941,3543,3183,5935,5015,3788,3446,11225,7271,4105,3433,26.2927,-21.1601,8.67115,47.8973
84451,3400,4320,7478,9451,3432,4049,5421,6203,3307,3509,3851,3988,3047,3302,3415,3447,-21.9106,18.1134,8.72252,47.7467
84452,3689,3584,3368,3186,4573,4588,3624,3358,6978,7433,4505,3548,5993,5891,4295,3479,11.3557,-14.1505,8.68337,48.0613
84453,3260,3638,3993,4095,3371,4122,5663,5277,3527,4387,7443,6576,3373,3914,4821,4886,4.20557,13.4939,8.77191,48.2307
84454,3623,3697,3657,3385,4044,4856,4418,3645,4875,7774,5884,3916,4552,5373,4782,3912,8.46603,-4.0861,8.64296,48.262
84455,3314,3416,3268,3164,3799,3707,3639,3381,4660,5217,4344,3675,6805,9946,5683,3910,29.4982,-8.64297,8.97832,47.952
84456,3202,3616,4169,4941,3306,3788,4992,8518,3314,3779,4933,7894,3216,3480,4101,4691,-0.644367,27.7977,8.89352,47.96
84457,3561,3449,3333,3087,4402,4023,3564,3232,7651,5716,3985,3516,8768,6215,4107,3437,17.0011,-20.8333,8.55626,48.0307
84458,3983,5655,8185,5643,3876,4875,6488,4831,3510,3811,4139,3796,3270,3425,3441,3427,-18.2869,6.52856,8.85045,48.2367
84459,6207,9030,5591,3827,4842,6176,4686,3780,3737,3908,3636,3472,3339,3412,3233,3309,-20.7759,-7.99019,8.73269,48.1233
84460,6638,6341,4148,3386,7231,7042,4236,3521,4480,4468,3587,3345,3586,3556,3358,3020,-13.1247,-15.6248,8.90196,47.962
84461,3510,3456,3163,3166,4352,3950,3497,3253,7808,5204,3861,3416,10119,5948,3975,3346,18.2937,-24.7454,8.55156,48.016
84462,6213,5404,3972,3364,8544,6521,4074,3573,5277,4631,3728,3317,3842,3777,3380,3039,-9.05727,-18.9807,8.85831,48.4373
84463,3330,3528,4084,4453,3333,3857,5307,7160,3402,3871,5724,8112,3276,3607,4316,4978,1.58289,20.7067,8.60785,48.2253
84464,4276,3907,3480,3223,6840,4611,3701,3339,9365,5054,3874,3405,5601,4436,3693,3343,4.23394,-30.9743,8.56267,48.0987
84465,3350,3673,4477,5681,3347,3847,5129,9572,3270,3589,4632,6750,3185,3414,3919,4307,-5.00343,30.1484,8.62592,48.0947
84466,11738,5880,3972,3540,6741,4826,3870,3415,4012,3922,3505,3220,3371,3358,3304,3141,-23.1765,-31.8531,8.56087,47.8767
84467,4739,4093,3536,3273,8520,5026,3778,3380,8292,4858,3775,3261,4691,4089,3566,3282,-0.152635,-32.6567,8.93839,48.106
84468,3708,4415,5844,4988,3736,4814,8149,5830,3584,3986,4968,4362,3283,3520,3829,3611,-9.35297,9.18651,8.87195,48.418
84469,8102,8764,4691,3650,5675,5574,4227,3514,3921,3900,3571,3426,3413,3466,3234,3079,-23.0292,-13.8608,8.77492,48.138
84470,3173,3326,3253,3134,3785,3813,3723,3482,4743,5340,4517,3781,6175,9802,6099,3932,26.5632,-7.05841,8.79735,48.052
84471,4744,8090,8334,4807,4153,4970,5026,4254,3567,3718,3837,3468,3166,3279,3327,3316,-33.3366,0.503371,8.90057,48.0373
84472,4198,3792,3419,3245,6387,4616,3679,3324,9773,5155,3720,3420,5895,4586,3688,3377,5.74554,-30.0875,8.83616,48.1827
84473,9181,8814,4562,3470,5482,5293,4120,3519,3846,3816,3549,3305,3370,3337,3235,2991,-26.4639,-15.6374,8.74341,47.9267
84474,3468,4035,5799,8276,3394,3951,5784,8143,3411,3579,4134,4560,3159,3310,3580,3444,-15.1916,21.05,8.53636,48.018
84475,11751,5907,3978,3463,6684,4873,3691,3392,4025,3819,3435,3193,3450,3404,3257,3168,-23.4435,-31.3359,8.50445,47.66
84476,3238,3395,3944,4310,3209,3660,4614,6902,3330,3813,5145,9326,3313,3700,4621,5509,3.9039,31.8434,8.59604,48.0193
84477,3359,3984,6792,11743,3413,4035,5059,6303,3180,3448,3850,3913,3024,3138,3336,3367,-25.5172,22.7506,8.73015,47.9627
84478,4348,7074,8878,5371,4001,4965,5691,4403,3504,3731,3891,3589,3220,3328,3263,3275,-23.517,3.33037,8.68248,48.3547
84479,3367,3385,3321,3176,3782,4012,3676,3390,5177,6476,4728,3861,5922,8575,5383,3892,19.0766,-7.96943,8.68981,48.082
84480,3094,3255,3423,3393,3360,3561,3894,4047,3524,4085,5992,6117,3639,4618,8121,8018,20.4621,15.0343,8.60319,48.094
84481,3179,3411,3892,3949,3338,3620,4712,5990,3474,4007,5953,8862,3309,3785,4821,5919,6.95397,21.6886,8.70681,48.1473
84482,5428,9409,6834,4305,4537,5085,4589,3952,3650,3850,3821,3470,3329,3436,3349,3167,-29.4684,-4.54461,8.52462,48.1407
84483,4916,8208,7177,4436,4436,5807,5268,4009,3722,3777,3807,3538,3247,3428,3350,3238,-20.9593,-1.92337,8.97895,48.2427
84484,3114,3280,3452,3382,3259,3460,3903,4246,3292,3889,5199,7064,3466,3979,6295,11319,21.5674,24.9844,8.85692,48.3993
84485,5818,7823,5190,3795,5252,6945,4985,3751,3907,4193,3692,3365,3387,3457,3366,3218,-17.0739,-8.40515,8.75253,48.096
84486,4472,4404,3784,3316,6267,7065,4329,3568,5828,6127,4125,3441,4181,4280,3637,3224,-1.64326,-13.3545,8.83033,48.032
84487,6499,9963,6073,3893,4701,5172,4417,3784,3703,3730,3617,3349,3406,3304,3231,3219,-30.3877,-7.63238,8.74253,48.0407
84488,3150,3406,3464,3179,3595,3672,3799,3524,4264,4830,5026,4246,4764,8242,8350,4690,30.5857,0.0401839,8.70323,48.134
84489,6109,4657,3754,3204,9943,5160,3772,3399,6081,4567,3636,3337,4048,3725,3360,3302,-7.24453,-32.128,8.64989,48.036
84490,3272,3374,3207,3125,3916,3818,3646,3322,4952,5332,4378,3572,7190,9883,5342,3623,33.7133,-10.515,8.99631,47.968
84491,12834,6133,3945,3368,6191,4707,3801,3336,3903,3691,3415,3202,3407,3329,3189,3208,-28.1203,-28.994,8.9473,47.7727
84492,5177,6688,4726,3826,5340,7824,5007,3799,4100,4461,3922,3451,3511,3540,3441,3195,-12.7008,-7.80893,8.76595,48.0053
84493,5592,4472,3729,3217,9109,5577,3758,3274,6679,4609,3693,3241,4250,3888,3507,3257,-4.43795,-24.9819,8.50502,47.9013
84494,6155,8255,5293,3769,5212,6606,4602,3785,3771,4069,3668,3451,3367,3577,3325,3208,-18.2667,-9.23124,8.64798,48.0753
84495,3256,3782,5103,7020,3348,3825,5616,9591,3291,3551,4373,5337,3222,3342,3669,3785,-10.1346,24.6309,8.84447,48.074
84496,5120,9078,7566,4499,4361,5010,4698,4038,3661,3813,3745,3532,3206,3322,3496,3221,-29.5048,-2.1962,8.60483,48.244
84497,3168,3563,3927,4072,3417,3781,5099,6170,3397,3984,6420,8335,3314,3651,4684,5276,4.94017,18.8416,8.84336,48.172
84498,3419,3764,4865,6830,3378,3806,5181,9787,3238,3590,4377,5657,3138,3460,3691,3824,-9.28926,31.7002,8.84316,48.0033
84499,8338,8531,4744,3652,5658,5641,4130,3531,4102,3863,3475,3339,3325,3332,3319,3032,-22.5917,-14.3761,8.62144,48.008
84500,3080,3400,3924,4375,3245,3724,4737,7198,3443,3828,5251,9271,3372,3581,4467,5335,3.44008,27.7005,8.76875,48.154
84501,11501,6241,3905,3444,6841,4836,3966,3345,3954,3861,3491,3142,3419,3386,3122,2994,-23.0875,-26.2248,8.70052,47.632
84502,4032,3710,3440,3198,6270,4558,3792,3238,9693,5220,3868,3334,6286,4714,3635,3213,6.71548,-27.0329,8.50975,48.134
84503,5523,4461,3676,3247,9068,5582,3848,3390,6590,4961,3757,3358,4244,3990,3404,3178,-4.21158,-22.6419,8.86255,48.1847
84504,3100,3312,3375,3340,3313,3521,3866,3817,3566,4148,5176,5513,3439,4565,9022,8728,33.7126,14.818,8.65392,47.8673
84505,9300,5612,3934,3356,8533,5299,3817,3336,4712,4087,3521,3221,3499,3473,3406,3168,-16.1718,-24.5482,8.90191,48.1827
84506,4410,6894,8980,5310,3929,4909,5462,4496,3444,3776,3906,3562,3162,3258,3381,3236,-23.4488,3.5642,8.86161,48.0767
84507,3455,3467,3221,3128,4018,3796,3349,3417,6137,4753,3783,3382,12434,6145,3817,3325,33.0723,-27.2355,8.6076,47.7513
84508,3258,3231,3353,3416,3431,3716,3744,3810,3676,4274,5172,4733,3901,5757,9807,6513,31.744,8.46935,8.51625,47.8613
84509,3057,3203,3390,3325,3133,3383,3896,4041,3464,3818,4849,6998,3409,3901,5999,11725,22.6114,31.7993,8.5706,47.7273
84510,3839,5057,8969,7027,3734,4265,6208,5310,3426,3658,3895,3861,3135,3272,3351,3469,-21.4769,11.0236,8.82371,48.3173
84511,4183,3854,3363,3176,6716,4627,3722,3325,9775,5226,3699,3282,5720,4493,3711,3337,4.7478,-27.3796,8.99754,48.1393
84512,9408,5502,3989,3416,8675,5220,3863,3331,4726,3961,3435,3169,3636,3513,3216,3077,-15.6329,-27.7976,8.71764,48.0913
84513,5627,7251,4926,3766,5523,7577,4912,3862,4072,4254,3798,3485,3428,3574,3389,3225,-14.826,-8.83088,8.84619,48.446
84514,11780,6132,3954,3278,6731,4991,3822,3354,4129,3859,3486,3210,3380,3425,3240,3093,-23.5904,-26.2076,8.65776,47.9093
84515,4458,3943,3449,3206,6770,5037,3762,3316,8849,5654,3713,3327,5297,4490,3715,3357,3.68289,-22.4127,8.86229,48.2287
84516,3725,5092,8678,7125,3612,4358,6146,5309,3269,3618,3958,3909,3184,3236,3469,3469,-20.8629,11.3304,8.73641,48.1047
84517,4140,5692,6877,4866,4101,5624,6955,4685,3615,3859,4229,3770,3311,3517,3598,3285,-14.9377,3.79726,8.58364,48.0827
84518,3789,5057,9335,7045,3683,4309,5754,5355,3282,3683,3783,3806,3048,3337,3361,3228,-22.9294,10.9422,8.86609,47.9033
84519,4464,3923,3421,3085,7320,4979,3698,3289,8754,5332,3780,3444,5260,4450,3637,3255,2.80477,-24.3779,8.76365,48.0607
84520,3605,4543,6536,5496,3686,4984,7931,5732,3390,3898,4557,4251,3195,3445,3643,3626,-12.3075,9.67195,8.74864,48.3453
84521,3526,3955,4145,3907,3798,4769,6123,4457,3880,5202,7278,4958,3612,4071,4572,4038,2.22798,5.43166,8.59788,48.194
84522,3916,4316,4047,3693,4506,6658,5366,3904,4515,6380,5285,3956,3957,4276,4046,3617,-0.450921,-3.63893,8.8633,48.292
84523,3246,3284,3342,3337,3370,3542,3790,3658,3728,4337,5282,4767,3854,5734,9887,6788,29.2659,8.78276,8.65244,47.964
84524,3421,3417,3306,3140,3938,3800,3411,3143,5954,4723,3759,3423,12685,6255,3888,3416,30.7189,-27.4461,8.76889,47.786
84525,3128,3487,3895,3979,3397,3727,4499,5989,3452,3944,5899,9088,3254,3782,4724,5927,6.82327,22.9214,8.53715,48.114
84526,3366,3368,3211,3081,3934,3822,3461,3254,6974,4765,3805,3382,11998,5958,3915,3374,22.9537,-32.5181,8.88686,47.7787
84527,4258,3861,3556,3268,6886,4567,3579,3297,9455,5258,3786,3382,5651,4441,3545,3240,4.17109,-28.0128,8.8198,48.02
84528,3311,3683,4025,4040,3536,4128,5901,5445,3557,4516,7318,6321,3432,3828,4689,4663,3.30894,13.0914,8.6829,48.262
84529,3464,3883,5960,12342,3361,3795,4726,6614,3237,3432,3765,4012,3108,3278,3301,3437,-24.1,30.3827,8.79352,47.81
84530,3419,3430,3261,3222,3693,3807,3601,3323,4895,5222,4326,3732,6591,9933,5569,3776,32.4319,-9.11365,8.90362,47.8667
84531,3172,3724,4728,6450,3406,3881,5513,9828,3334,3617,4430,5917,3128,3430,3762,4024,-7.44194,25.2566,8.81564,48.2293
84532,3442,3499,3319,3111,4197,3968,3491,3229,7284,5716,3962,3380,9239,6796,4301,3316,18.543,-19.8305,8.9244,48.1667
84533,11332,7399,4127,3474,5868,4950,3801,3308,3856,3799,3336,3266,3390,3351,3131,3102,-28.1741,-20.8683,8.66918,47.66
84534,3460,3766,4278,4133,3693,4467,6547,5035,3644,4658,7094,5228,3439,4048,4412,4279,1.10304,9.08785,8.54026,48.1207
84535,3693,3773,3375,3147,4880,4534,3642,3361,8205,6738,4081,3525,6309,5554,3999,3427,10.449,-17.633,8.75136,48.162
84536,3965,5981,9644,6207,3745,4498,5516,4763,3362,3574,3864,3830,3081,3320,3414,3287,-25.0906,7.42058,8.69726,48.034
84537,3830,3758,3394,3192,5720,4365,3555,3271,9973,5510,3858,3328,6766,4812,3634,3332,9.09908,-26.0045,8.97384,48.1987
84538,3467,3504,3221,3097,4167,3824,3411,3304,7248,5091,3777,3230,11127,5771,4026,3434,20.2994,-33.1603,8.90035,47.7993
84539,3156,3254,3344,3498,3200,3402,3723,3783,3403,3701,4754,6192,3420,3864,6192,12571,31.2332,27.0579,8.95552,47.638
84540,3337,3365,3288,3167,3717,3886,3712,3212,4725,5105,4392,3818,6408,10028,5936,3897,29.9858,-7.80252,8.80086,47.9953
84541,3561,3462,3365,3220,4429,4089,3461,3181,8379,5030,3837,3283,9996,5410,3908,3392,17.2721,-29.9244,8.7896,48.002
84542,8265,5765,3981,3339,8288,5654,4016,3442,4666,4180,3604,3354,3560,3488,3324,3149,-14.8089,-22.2753,8.50981,48.05
84543,3267,3699,4641,6344,3362,3790,5362,9750,3324,3591,4578,5975,3147,3341,3779,3961,-7.36247,25.7624,8.82077,47.9407
84544,3193,3346,3399,3337,3504,3863,3939,3773,4047,5344,5889,4506,4310,6776,8124,5057,20.206,2.36909,8.9178,48.2713
84545,3370,3500,3746,3497,3680,4495,4881,4039,4054,6128,7495,4752,4052,4930,5424,4420,9.20383,2.94378,8.87114,48.3087
84546,3512,4155,7413,10426,3467,4021,5212,6176,3247,3426,3888,4096,3048,3193,3496,3377,-23.4797,19.5915,8.80453,48.102
84547,5053,4441,3729,3271,8153,5954,3893,3307,6852,5180,3832,3399,4339,3981,3572,3254,-2.70699,-20.1282,8.73428,48.14
84548,3351,3410,3347,3214,3507,3768,3795,3512,4145,5094,5210,4077,4798,8169,8008,4705,24.3828,0.0906535,8.92644,48.0733
84549,5816,7003,4625,3625,5938,7544,4669,3579,4298,4496,3790,3466,3533,3536,3330,3259,-13.6899,-11.1574,8.69468,48.338
84550,4672,4230,3562,3201,7448,5363,3850,3500,7947,5636,3914,3288,4783,4206,3738,3337,0.781872,-21.1863,8.82052,48.45
84551,3424,4184,7477,10251,3447,3953,5144,6222,3208,3548,3880,3894,3121,3154,3405,3531,-24.3784,19.4355,8.64535,47.8953
84552,3093,3297,3730,3438,3356,3684,4175,4405,3517,4170,6717,6578,3529,4384,7006,7146,16.0806,14.9197,8.9239,48.15
84553,3179,3479,3690,3862,3305,3587,4454,5387,3396,3988,5991,9095,3332,3837,5139,6698,9.40016,22.0003,8.82401,48.2793
84554,3196,3391,3480,3494,3646,4062,4322,3896,4037,5585,7369,4849,4006,5412,6623,4892,13.7726,4.11726,8.64003,48.1733
84555,3398,3813,6288,12646,3393,3806,4679,5880,3257,3427,3834,3887,2997,3308,3402,3383,-30.0788,26.6309,8.8856,47.5987
84556,3379,3609,4555,5810,3324,3698,5122,9860,3297,3601,4654,6543,3132,3434,3740,4093,-5.75852,32.7471,8.78157,47.9007
84557,5419,4421,3753,3180,9525,5187,3772,3388,6764,4734,3595,3356,4147,3998,3488,3311,-4.49137,-33.4025,8.55573,48.0253
84558,8971,5408,3794,3419,8991,5206,3866,3407,4693,4060,3543,3345,3698,3449,3218,3139,-14.824,-30.2279,8.62871,48.138
84559,3252,3451,3302,3203,3599,3793,3653,3340,4578,5304,4446,3943,6063,9714,6254,3911,28.9368,-6.36821,8.68504,47.8707
84560,3575,4385,7911,9055,3562,3964,5544,6188,3219,3619,4001,4091,3128,3239,3518,3384,-21.5596,16.8179,8.71818,48.2553
84561,3144,3219,3364,3397,3144,3538,3907,4073,3463,3933,5293,6618,3450,4127,7148,10197,21.6824,20.0417,8.77057,48.01
84562,3070,3306,3492,3489,3329,3565,4131,4567,3486,3924,5849,8110,3382,4072,5957,8711,15.7314,21.5342,8.73919,48.2933
84563,3119,3245,3385,3406,3120,3465,3807,4067,3382,3930,4821,5966,3485,4123,7014,11142,32.1976,21.4079,8.50795,47.6513
84564,3297,3784,6187,12725,3285,3704,4720,6142,3221,3431,3858,3964,3052,3282,3333,3402,-28.3517,27.0818,8.93518,47.5913
84565,3476,3657,3603,3369,3977,4573,4286,3758,4610,7441,6156,4081,4491,5677,5116,4004,10.6129,-2.79189,8.69661,48.1833
84566,3282,3339,3393,3189,3570,3780,3711,3523,4268,5322,4968,4029,5326,8692,7179,4453,24.3255,-2.72871,8.76345,48.016
84567,5302,4227,3547,3261,8974,5183,3749,3382,7364,4778,3660,3297,4406,4101,3442,3211,-2.53107,-30.0927,8.54076,47.9227
84568,3390,3814,5403,7743,3359,3813,5616,9217,3168,3517,4168,4978,3132,3365,3648,3754,-12.6267,23.8428,8.66594,48.0567
84569,6746,8796,5224,3742,5432,6113,4476,3586,3953,3991,3738,3465,3402,3367,3221,3062,-20.7947,-10.4138,8.60817,48.2093
84570,5232,6827,5363,3782,5014,7358,5260,3877,3916,4395,3927,3555,3377,3481,3463,3342,-14.4884,-5.81409,8.67121,48.1127
84571,3148,3381,3399,3294,3523,3557,3867,3880,3577,4116,5266,5019,3729,5000,9587,7906,29.7796,12.3005,8.69913,48.166
84572,3912,4417,4120,3706,4421,6815,5661,4029,4435,6112,5223,4049,3748,4144,4046,3596,-1.83293,-2.53121,8.52517,48.2893
84573,3031,3313,3421,3468,3209,3579,3923,3891,3486,3995,5045,5607,3516,4582,8227,9566,27.2057,16.7531,8.65354,47.906
84574,4075,6357,9851,5845,3806,4579,5141,4541,3424,3713,3763,3681,3291,3241,3422,3362,-30.3628,6.15226,8.74667,48.0613
84575,3116,3277,3640,3805,3318,3584,4182,5049,3481,3831,5316,9336,3371,3828,5056,7909,12.2808,28.5898,8.72213,48.066
84576,3527,4264,6846,7640,3624,4212,6453,7187,3213,3607,4055,4377,3077,3311,3536,3494,-16.2046,16.6986,8.88971,48.282
84577,3193,3564,4168,4705,3295,3689,4922,8225,3431,3589,4895,8488,3161,3594,4277,4716,0.577853,27.3591,8.54018,47.9413
84578,3347,3397,3389,3314,3622,3715,3795,3618,3984,4851,5115,4350,4599,7607,8784,5040,32.8938,1.87687,8.52765,48.3513
84579,3552,4528,8589,9382,3541,3890,5076,5581,3213,3638,3776,3970,3156,3260,3374,3390,-28.0754,16.377,8.63465,47.944
84580,3378,3499,3428,3329,3727,4157,4127,3675,4320,6226,6400,4376,4342,6337,6534,4456,15.2249,0.616,8.78947,48.2073
84581,3501,3525,3227,3126,4364,3871,3558,3259,7966,5319,3797,3387,10088,5921,4055,3303,18.1011,-24.6206,8.91942,48.178
84582,3208,3154,3329,3391,3229,3656,3826,3877,3509,4170,5117,5207,3538,4672,9270,8427,31.1497,14.0839,8.68873,47.72
84583,3513,3883,4115,4068,3559,4279,6343,4968,3573,4747,7371,5496,3529,3942,4776,4330,2.69173,9.66252,8.68181,48.328
84584,8085,5965,3998,3443,8305,5947,3984,3382,4677,4235,3605,3310,3559,3627,3350,3016,-14.5524,-20.4534,8.919,48.3253
84585,6642,9781,5699,3923,4822,5283,4366,3789,3674,3868,3602,3382,3215,3474,3298,3194,-28.6106,-8.86039,8.50518,48.008
84586,3253,3424,3702,3906,3312,3892,4750,5160,3508,4191,6936,7670,3408,3866,5282,5764,8.34638,16.8411,8.5018,48.016
84587,3122,3315,3432,3606,3251,3480,4228,4546,3480,3899,5252,8795,3380,3970,5403,8941,15.3845,27.1631,8.61404,48.0667
84588,3753,3670,3337,3234,5596,4306,3618,3289,9947,5292,3780,3351,7083,4819,3696,3412,9.72658,-30.6658,8.93681,48.122
84589,3700,4090,4657,4292,3815,5400,7560,4956,3635,4757,6205,4634,3395,3771,4032,3815,-3.46535,6.18754,8.79246,48.476
84590,5378,4714,3893,3268,8067,6182,4010,3428,6274,5097,3710,3437,4096,4008,3467,3153,-4.53204,-19.1938,8.69423,48.1213
84591,3356,3822,4718,5263,3472,4211,6853,7686,3354,3951,5282,5684,3336,3501,3971,4090,-5.19089,16.8229,8.53735,48.3667
84592,3278,3434,3596,3462,3677,4015,4530,4042,4035,5559,7854,4965,3872,5191,6302,4841,11.9359,5.27014,8.57494,48.4353
84593,3390,4029,6181,12348,3313,3789,4844,6037,3239,3462,3722,4006,3073,3208,3396,3403,-27.6741,26.5835,8.57376,47.6267
84594,11982,5961,3895,3343,6949,4780,3744,3309,4134,3775,3534,3097,3447,3516,3262,3136,-22.8268,-27.7499,8.90095,47.9093
84595,5963,7218,4670,3692,5953,7424,4649,3693,4137,4331,3859,3390,3382,3537,3299,3151,-14.7785,-10.9739,8.84312,48.232
84596,4283,7092,9207,5469,3912,4776,5109,4417,3515,3694,3832,3618,3086,3312,3326,3361,-28.6397,3.68936,8.6344,48.006
84597,7482,5293,3808,3308,9445,5531,3807,3343,5057,4405,3561,3152,3721,3633,3449,3155,-11.5378,-24.1427,8.96073,48.1
84598,3807,4133,3975,3512,4540,6525,5155,3753,4627,7105,5233,3931,3986,4428,4209,3523,0.957105,-4.80201,8.98182,48.2947
84599,8588,5357,3875,3369,9128,5327,3880,3496,4689,4147,3491,3263,3572,3519,3241,3134,-14.2135,-32.9197,8.62874,48.0507
84600,3203,3309,3319,3229,3560,3777,3919,3574,4159,5201,5384,4266,4625,7634,8190,4817,22.7624,1.1631,8.6158,48.1107
84601,3178,3337,3429,3297,3495,3752,3789,3702,4033,4933,5660,4459,4270,6967,8789,5346,23.1044,3.12506,8.67336,48.2907
84602,3736,3667,3380,3111,4818,4431,3607,3294,8800,6160,3903,3431,7233,5648,3947,3375,12.095,-20.568,8.83967,48.3607
84603,4844,4177,3493,3252,7878,5550,3872,3414,7472,5343,3830,3348,4642,4249,3620,3158,-0.637804,-21.1337,8.95525,48.0947
84604,4399,6050,5522,4082,4461,7064,6336,4271,3776,4342,4261,3701,3424,3591,3460,3352,-12.3031,-1.71275,8.68334,48.0613
84605,3802,5095,8857,7098,3671,4415,6032,5420,3366,3613,3819,3971,3124,3337,3448,3315,-21.0237,11.2162,8.90073,48.2553
84606,3140,3326,3340,3349,3244,3340,3727,3920,3345,3640,4712,6111,3385,3795,6032,12698,33.5837,28.0189,8.97895,47.4027
84607,3393,3369,3331,3378,3584,3796,3971,3748,3955,5122,6187,4608,4178,6387,8100,5146,19.2897,3.73803,8.9303,48.1687
84608,3333,3778,5186,7150,3323,3808,5560,9394,3183,3699,4390,5275,3109,3408,3726,3727,-10.3279,23.6338,8.88858,48.0327
84609,3255,3646,4039,4187,3473,4075,5789,5625,3560,4313,7099,6852,3363,3682,4839,4911,3.60876,14.1108,8.73192,48.472
84610,3126,3504,3881,3936,3177,3644,4372,5961,3414,3904,5294,9745,3354,3769,4711,6531,8.1647,26.8118,8.59167,48.2153
84611,3276,3338,3277,3077,3950,3786,3355,3231,6096,4828,3816,3462,12721,6009,3909,3405,28.6999,-31.7643,8.80787,47.6907
84612,3493,4614,8736,9229,3548,4083,5082,5429,3225,3523,3713,3896,3141,3318,3330,3386,-30.8111,15.9326,8.76825,47.8307
84613,3356,3908,5473,8537,3414,3894,5470,8885,3219,3653,4134,4637,3075,3347,3582,3612,-14.4006,24.376,8.70632,48.1307
84614,3897,6001,9379,5901,3816,4613,6020,4847,3432,3662,3919,3923,3173,3320,3447,3340,-21.8534,6.63023,8.88332,48.46
84615,11045,7376,4258,3333,5728,5031,3993,3382,3833,3961,3439,3271,3468,3374,3227,3116,-31.6312,-19.9756,8.80655,47.89
84616,3050,3357,3615,3761,3280,3540,4192,5164,3416,4002,5768,9104,3324,3865,5321,7650,11.9384,22.7384,8.57188,48.2727
84617,3444,3932,6209,11900,3314,3742,4904,6702,3192,3453,3784,4017,3141,3124,3418,3358,-23.8343,26.9758,8.90495,47.756
84618,3556,4677,9026,8890,3530,4110,5047,5295,3198,3595,3879,3874,3190,3239,3428,3416,-30.6463,14.5313,8.9387,47.9667
84619,3549,3427,3130,3075,4311,3982,3460,3160,7671,5390,3916,3461,9752,6338,4022,3524,18.2993,-22.0794,8.78128,48.112
84620,3119,3221,3291,3440,3285,3406,3735,3905,3436,3864,4777,6108,3420,4029,6208,12388,26.5264,33.9236,8.66421,47.7547
84621,3823,3889,3503,3209,4981,5035,3922,3318,7089,7659,4305,3598,5204,5124,3913,3510,6.96427,-14.1105,8.99133,48.0547
84622,3589,3838,3965,3596,4189,5196,5366,3975,4259,6614,6831,4236,3945,4541,4451,3955,3.7372,0.219626,8.87881,48.364
84623,4948,8025,7312,4528,4340,5585,5271,4126,3617,3829,3829,3538,3242,3459,3334,3230,-21.4458,-1.21568,8.92316,48.142
84624,4133,5608,6859,4816,4171,5568,7000,4808,3645,4011,4148,3739,3257,3522,3397,3447,-15.2808,3.91491,8.68395,48.086
84625,3102,3288,3305,3408,3255,3497,3702,3821,3391,3771,4789,6027,3550,3904,6091,12473,27.6727,32.791,8.86765,47.5827
84626,3393,3555,3379,3108,4358,4184,3730,3211,6579,6569,4238,3592,7092,7066,4312,3561,16.2026,-14.8866,8.6088,47.9513
84627,3211,3495,3837,4004,3316,3744,5095,5902,3471,4173,6381,8282,3325,3833,4801,5300,5.23517,18.7104,8.89266,48.1133
84628,3878,3699,3333,3238,5614,4357,3733,3257,9723,5310,3892,3405,6437,4750,3723,3460,8.9602,-33.8032,8.6103,47.8727
84629,3447,3484,3604,3244,3924,4258,4061,3569,4660,7096,5766,4020,4729,6585,5505,4173,13.5529,-3.20483,8.89949,48.0833
84630,4190,3985,3466,3209,6642,4740,3752,3423,9331,5381,3818,3231,5577,4478,3601,3182,4.83503,-24.9685,8.58983,48.004
84631,3272,3296,3329,3367,3624,3906,3832,3535,4352,5780,5451,4096,4736,7847,7299,4599,20.5952,-0.943868,8.91544,48.214
84632,12464,6132,3814,3277,6184,4732,3734,3426,4035,3847,3435,3216,3386,3346,3285,3094,-33.3629,-27.4688,8.56306,47.6047
84633,3428,3438,3181,3118,3923,3863,3410,3258,5716,5005,3893,3396,11121,7476,4190,3423,32.3037,-20.2477,8.71122,47.8927
84634,4135,3930,3423,3132,6480,4568,3649,3202,9686,5212,3704,3355,5879,4623,3686,3476,6.01261,-29.665,8.53994,48.0933
84635,3592,4752,8367,7336,3585,4290,6259,5794,3312,3713,3939,4007,3126,3295,3445,3535,-19.5339,13.1373,8.98295,48.2313
84636,3054,3247,3447,3551,3303,3422,3844,4265,3399,3761,5247,7499,3318,3996,6233,10431,19.8138,23.8666,8.6293,48.0113
84637,3227,3470,3616,3629,3446,3782,4584,4466,3636,4533,7743,6301,3559,4291,6234,5749,11.6491,12.2796,8.80288,48.1773
84638,3168,3476,3778,3858,3451,3983,5205,4775,3634,4451,8070,6430,3524,4072,5265,5081,7.23911,11.7618,8.71867,48.1473
84639,3317,3305,3346,3196,3658,3854,3738,3503,4079,5097,5104,4127,4801,8362,8047,4723,25.8017,-0.178167,8.79725,48.1713
84640,4809,7086,5981,4189,4618,6857,5788,4157,3834,4283,4025,3751,3348,3441,3555,3280,-15.6546,-2.84296,8.70227,48.668
84641,5173,8100,6146,4215,4705,6269,5135,4120,3698,4035,3829,3590,3365,3405,3421,3196,-19.0194,-4.10071,8.67008,48.268
84642,3136,3171,3291,3398,3196,3425,3866,4040,3341,3736,4819,6612,3348,4090,6006,11975,23.8851,27.7543,8.52132,47.6333
84643,5144,4200,3566,3159,8801,4968,3785,3274,7854,4859,3683,3267,4519,4027,3477,3167,-1.81206,-30.2554,8.98294,47.8333
84644,3177,3452,3626,3445,3342,3895,4461,4189,3784,4881,7709,5697,3745,4575,6830,5540,12.9779,9.38421,8.62278,48.232
84645,12729,5944,3853,3314,6110,4675,3693,3243,3926,3720,3450,3329,3502,3361,3337,3175,-33.1989,-29.0388,8.87067,47.574
84646,11259,5875,3940,3445,7033,4810,3783,3311,4162,3885,3500,3109,3438,3397,3243,3185,-21.7719,-30.7097,8.66485,47.5833
84647,4060,6247,9938,6144,3895,4531,5116,4710,3341,3508,3873,3618,3267,3239,3455,3384,-31.5399,6.64186,8.73357,48.2173
84648,3273,3397,3400,3436,3461,3697,3836,3614,4015,4707,5028,4377,4317,7303,9082,5277,31.2694,2.9857,8.52811,48.1467
84649,3416,3797,5712,10503,3432,3811,5060,7947,3226,3439,3905,4204,3155,3190,3432,3632,-18.5065,31.4082,8.86769,47.9073
84650,5469,6155,4435,3557,5920,7942,4740,3708,4311,4627,3957,3485,3712,3698,3412,3239,-11.3062,-10.3077,8.55078,48.2447
84651,3571,3574,3262,3068,4173,4040,3581,3213,6823,6385,4249,3437,7728,6995,4329,3441,16.9693,-16.3806,8.98171,47.9127
84652,3429,4100,7148,11460,3383,3791,5033,5957,3256,3408,3889,3900,3069,3188,3319,3459,-26.8954,21.3639,8.64784,47.8593
84653,3494,4030,4758,4318,3761,4947,7690,5351,3683,4435,6102,4725,3397,3702,4028,3864,-3.16053,7.88361,8.6666,48.19
84654,7471,6253,4299,3503,7529,6357,4096,3402,4474,4183,3587,3235,3707,3562,3343,3168,-14.9015,-18.1697,8.53382,48.1127
84655,3433,3527,3326,3101,4427,3987,3486,3221,8374,5062,3832,3342,10102,5500,3733,3435,17.114,-31.1041,8.99748,47.9253
84656,5774,5647,4113,3436,6989,7498,4363,3524,4821,4944,3758,3317,3692,3674,3445,3206,-9.3402,-14.5089,8.90209,48.134
84657,3206,3651,3860,3812,3520,4310,5440,4929,3720,4616,7809,6118,3479,3988,4861,4709,5.34573,10.8837,8.65154,48.0187
84658,3629,4379,6984,7024,3656,4245,6783,6601,3379,3629,4387,4229,3052,3260,3591,3566,-16.0271,14.4985,8.70398,48.2627
84659,3098,3347,3697,3860,3286,3552,4303,5634,3320,3746,5425,9809,3357,3840,4785,7098,9.81335,26.3884,8.867,48.1047
84660,3246,3250,3353,3367,3066,3488,3781,3949,3392,3784,4826,6016,3447,3908,6366,12403,31.4196,27.4826,8.66878,47.7613
84661,7964,5870,4009,3360,8251,5966,3933,3472,4648,4249,3650,3192,3591,3675,3262,3169,-14.4561,-21.0696,8.56877,48.174
84662,3180,3430,3387,3346,3694,4024,3958,3651,4276,5862,6216,4238,4500,6661,7255,4656,17.6235,0.794772,8.95852,48.2227
84663,3366,3382,3236,3053,3861,3721,3424,3204,6399,4720,3816,3271,12346,6161,4048,3450,26.3316,-28.1861,8.73489,47.6387
84664,3154,3366,3569,3599,3281,3625,4168,4687,3502,3976,5944,8196,3423,3983,5943,7740,14.2093,20.166,8.76494,48.104
84665,3424,4096,5871,7063,3503,4286,6359,8085,3221,3712,4442,4746,3108,3375,3728,3634,-12.6594,18.2103,8.51972,48.4353
84666,3147,3373,3627,3706,3236,3587,4253,4996,3379,3935,5866,8979,3422,3841,5506,7482,12.1235,22.4656,8.51038,48.2233
84667,3456,3305,3232,3056,3969,3796,3494,3157,6031,4867,3773,3397,12316,6447,3962,3327,33.1356,-25.2387,8.93195,47.7233
84668,3371,3293,3208,3126,3872,3823,3558,3330,6166,4755,3733,3398,12701,6007,3966,3395,27.5763,-33.6906,8.81103,47.8013
84669,3339,3869,5004,7093,3395,3900,5250,9680,3262,3537,4305,5199,3052,3333,3663,3833,-10.4938,27.8163,8.55478,47.8093
84670,3356,3410,3291,3159,4279,3933,3358,3316,7860,5229,3811,3343,10297,5560,3904,3379,18.3462,-30.5602,8.69402,47.6567
84671,3281,3373,3341,3101,3836,3789,3584,3380,5521,5426,4248,3506,8433,8964,4726,3500,24.9775,-14.3598,8.78516,48.006
84672,3104,3424,3286,3228,3543,3733,3860,3713,3923,4811,5205,4420,4152,6752,9413,5459,33.9492,4.18468,8.50993,48.0173
84673,3100,3258,3473,3459,3247,3361,3708,3835,3430,3866,4679,5863,3473,3945,6074,12169,31.5499,33.8525,8.69156,47.2933
84674,3346,3344,3294,3132,3683,3985,3621,3402,4898,5843,4522,3769,6209,9279,5854,3901,22.8024,-7.86497,8.50121,48.0547
84675,3147,3241,3387,3411,3181,3443,3941,3979,3524,3911,5043,6222,3428,4152,7284,10779,24.8406,20.9577,8.68803,48.0487
84676,3961,3837,3590,3203,5913,4897,3792,3372,8616,6449,4063,3400,5557,4790,3752,3337,5.72644,-19.3058,8.86772,48.3527
84677,3434,3267,3260,3092,4019,3735,3413,3284,6026,4760,3852,3368,12432,6361,3935,3373,28.7107,-26.6707,8.6857,47.7407
84678,3370,3331,3189,3071,4068,3843,3416,3232,6840,4836,3720,3368,12260,6047,3975,3404,23.5129,-27.4545,8.99405,47.98
84679,8298,6535,4223,3482,7517,5979,4138,3472,4429,4154,3623,3250,3532,3516,3366,2965,-16.5362,-18.8303,8.81032,48.3193
84680,3330,3640,3990,3920,3615,4413,5995,4685,3746,5066,7904,5298,3583,4135,4783,4367,3.88299,8.15133,8.99465,48.3133
84681,3718,5425,9733,7085,3648,4237,5268,4910,3400,3461,3817,3775,3305,3312,3374,3338,-32.326,10.543,8.85791,47.8707
84682,3354,3322,3334,3111,3798,3864,3616,3440,4734,5351,4389,3802,6664,9607,5624,3862,26.9885,-8.96082,8.70786,47.9147
84683,3482,4280,5963,6105,3422,4279,7542,7212,3418,3639,4514,4604,3078,3417,3635,3668,-11.2702,14.5549,8.99541,48.172
84684,3420,4120,7471,11090,3353,3888,5125,5823,3250,3477,3778,3939,3176,3266,3341,3454,-32.3972,19.7293,8.9736,47.9807
84685,6201,6550,4317,3490,6655,7284,4403,3611,4349,4389,3811,3385,3691,3646,3272,3100,-13.0884,-13.642,8.89259,48.1027
84686,3165,3134,3407,3518,3228,3493,3864,4076,3343,4110,5661,6371,3443,4329,7486,9338,21.1447,17.8321,8.76295,47.9773
84687,3659,3826,3672,3347,4317,5459,4459,3675,5094,7831,5421,3910,4361,5176,4362,3738,6.183,-5.94102,8.58551,48.2047
84688,3279,3484,3782,3964,3307,3862,4998,5290,3600,4116,7092,7332,3506,3968,5186,5286,6.55468,15.9104,8.66596,48.0347
84689,7165,6182,4147,3423,7404,6538,4237,3466,4608,4217,3695,3262,3591,3556,3370,3076,-13.8559,-17.6289,8.57706,47.958
84690,3204,3346,3303,3274,3474,3839,3824,3637,4070,4980,4881,4149,4871,8479,8217,4773,28.2391,-0.385282,8.73169,48.214
84691,6224,4750,3737,3309,9778,5285,3790,3300,6231,4462,3607,3239,4038,3819,3419,3197,-6.86682,-29.8368,8.62403,48.1233
84692,3534,3450,3305,3207,3991,4178,3561,3365,6143,6448,4318,3647,7459,7817,4490,3681,18.5261,-13.8658,8.55492,48.396
84693,3416,3486,3408,3244,3661,4063,3864,3632,4559,6434,5603,4048,4986,7532,5991,4271,17.3157,-3.28589,8.68643,48.132
84694,3638,3509,3230,3031,4566,4072,3527,3272,8698,5079,3695,3336,9539,5401,3867,3370,16.1757,-29.223,8.79324,47.8867
84695,3355,3365,3272,3209,3623,3822,3615,3461,4379,5240,4793,4085,5417,9245,7073,4377,25.7435,-3.44452,8.77357,48.2207
84696,3224,3309,3406,3147,3633,3840,3774,3508,4303,5371,5032,4076,5080,8559,7357,4512,23.679,-1.97654,8.79765,48.0873
84697,3371,3855,5903,10275,3368,3828,5134,7912,3245,3428,3982,4342,3247,3139,3475,3562,-18.3279,33.3411,8.68898,48.044
84698,3237,3412,3636,3682,3291,3420,4185,4977,3461,3842,5372,9143,3316,3797,5161,8152,13.3077,26.0784,8.74553,48.056
84699,3247,3591,4198,4391,3381,3873,5718,6426,3418,4128,6217,7366,3161,3744,4454,4892,1.89377,17.6861,8.53296,48.1367
84700,9275,5238,3900,3347,8882,5239,3871,3321,4554,3967,3464,3198,3522,3575,3376,3122,-15.537,-29.0661,8.8528,47.9007
84701,4617,4166,3506,3258,7840,4913,3737,3326,8555,5109,3741,3321,4796,4182,3535,3258,1.05082,-33.5763,8.98805,47.9067
84702,5713,4711,3621,3282,9320,5613,3901,3460,6235,4708,3615,3324,4165,3924,3490,3110,-5.59999,-23.0623,8.72594,48.128
84703,6793,5549,4049,3372,8535,6417,3878,3417,5033,4374,3634,3237,3734,3611,3349,3148,-11.312,-19.4171,8.89467,48.0867
84704,4085,5904,7359,5077,3959,5401,6675,4768,3510,3889,4272,3771,3303,3319,3504,3485,-16.2026,4.03395,8.64423,48.1873
84705,3448,3347,3243,3083,4026,3813,3457,3220,6599,4867,3836,3344,11947,6258,4004,3364,24.1805,-25.4572,8.74948,47.904
84706,3663,3515,3330,3133,5070,4166,3557,3396,9626,5332,3855,3422,7614,5068,3931,3378,11.8094,-33.935,8.88392,48.0373
84707,3257,3380,3672,3492,3375,3811,4377,4118,3754,4770,7585,5517,3716,4753,7132,5569,14.3632,9.61631,8.69306,48.1853
84708,3206,3462,4066,4292,3251,3701,4571,6912,3308,3846,5188,9626,3253,3629,4436,5322,4.04158,33.0207,8.99198,48.046
84709,3314,3973,5894,10115,3318,3799,5152,7847,3136,3529,3931,4341,3081,3224,3427,3506,-18.1609,25.0691,8.9872,47.7247
84710,3594,4402,7731,8851,3541,4043,5756,6245,3295,3583,4145,4063,3022,3351,3429,3392,-20.5786,16.5232,8.93966,48.2953
84711,10428,7890,4316,3534,5869,5183,3845,3394,3808,3779,3494,3337,3355,3344,3258,3046,-26.0428,-18.5434,8.68037,47.92
84712,3121,3177,3311,3255,3254,3509,3721,3816,3357,3915,4736,6242,3382,3917,5942,12716,27.416,32.0754,8.70267,47.5807
84713,3412,3333,3211,3144,4036,3876,3461,3111,5722,5096,3942,3367,10419,7906,4343,3463,32.9189,-18.4601,8.60075,47.8947
84714,3364,3402,3213,3076,3639,3766,3601,3423,4801,5422,4277,3707,6865,10040,5754,3850,28.4334,-9.16481,8.94554,48.1333
84715,3769,3732,3477,3110,5474,4288,3581,3170,9729,5267,3800,3291,7002,5094,3733,3266,10.2444,-32.3736,8.57834,47.8553
84716,3075,3244,3407,3284,3234,3395,3859,3953,3376,3772,4893,6465,3289,3944,6446,12061,25.9561,24.8516,8.75021,47.798
84717,3881,3764,3478,3128,4748,5246,4028,3455,6471,7969,4609,3586,5099,5236,4046,3546,6.95977,-12.2336,8.78273,48.1933
84718,3745,4132,3769,3482,4700,5972,4312,3755,5252,7683,5098,3732,4307,4700,4054,3496,3.78949,-7.27776,8.79559,48.126
84719,3351,3563,3534,3252,3925,4488,4054,3534,5043,7776,5518,3968,4967,6586,5042,3854,12.6573,-5.86448,8.88109,48.3033
84720,3295,3282,3391,3392,3364,3635,3754,3639,3822,4392,5282,4738,3901,5700,9927,6445,33.8575,8.39831,8.90519,47.9727
84721,3323,3358,3128,3125,3822,3825,3493,3364,5630,5125,3941,3412,9757,8507,4356,3585,30.2028,-16.943,8.90642,47.834
84722,3292,3326,3339,3118,3884,3829,3520,3240,6132,4809,3736,3474,12414,6129,4029,3419,26.8468,-29.0835,8.54003,47.7933
84723,3252,3262,3315,3261,3444,3683,3848,3711,3864,4479,5275,4610,3931,6195,9972,6165,33.0227,6.9763,8.97256,48.178
84724,3225,3353,3371,3286,3632,3761,3762,3492,4348,5171,4761,3939,5274,9234,7445,4491,30.5156,-2.71961,8.66504,48.3633
84725,3442,4042,6077,12499,3349,3781,4696,6417,3215,3583,3842,3926,3109,3199,3412,3383,-25.3475,33.1389,8.67928,47.9813
84726,11374,6437,4084,3412,6548,4983,3743,3516,4071,3822,3466,3197,3389,3391,3193,3065,-23.4093,-24.905,8.52897,47.794
84727,3361,3443,3335,3167,4029,3813,3560,3185,5765,5041,3907,3504,10264,7735,4177,3459,33.9889,-18.6713,8.56898,47.83
84728,3228,3453,3903,4273,3207,3714,4729,6624,3272,3877,5216,9573,3208,3665,4506,5723,4.95769,25.956,8.61056,48.114
84729,3461,4119,5742,5865,3424,4394,7139,7471,3451,3730,4684,4736,3161,3441,3686,3749,-10.1424,15.607,8.82469,48.1687
84730,3158,3258,3409,3319,3252,3517,3842,3766,3521,4334,5237,5046,3808,5175,9692,7693,29.3579,11.6367,8.71347,48.018
84731,3484,4147,7020,11425,3394,3866,4863,6080,3254,3386,3736,3830,3222,3177,3504,3489,-27.94,22.1882,8.63573,47.918
84732,5009,8646,8041,4589,4251,4927,5010,4100,3561,3700,3761,3520,3295,3280,3344,3251,-27.7578,-0.782911,8.9428,48.19
84733,3849,3659,3423,3127,5173,4306,3717,3233,8978,6132,3867,3368,6988,5252,3902,3297,10.2021,-21.6125,8.68436,48.1807
84734,4874,5187,4057,3460,6248,7729,4639,3633,4886,5330,4080,3542,3895,3879,3513,3290,-6.29493,-11.6043,8.60498,48.1613
84735,3700,4960,8685,7198,3579,4308,5945,5549,3387,3581,3975,3967,3051,3254,3422,3399,-21.2216,11.9079,8.74742,47.9733
84736,3212,3531,3701,3630,3572,4239,5026,4185,3868,5429,8143,5212,3713,4457,5686,4692,9.08435,6.67589,8.9783,48.1973
84737,3278,3462,3291,3188,3394,3674,3804,3413,4097,4984,5007,4166,4655,8123,8586,4945,30.7204,0.76358,8.87347,48.0447
84738,3183,3619,4210,4630,3464,3967,5649,7145,3310,3991,5862,7394,3329,3584,4394,4651,0.907886,19.1124,8.63421,48.2547
84739,3506,3350,3200,3172,3946,3678,3531,3261,6098,4815,3765,3373,12363,6458,3936,3403,29.9757,-24.9532,8.82398,47.9033
84740,3591,4272,5568,5014,3678,4761,8103,6119,3459,3935,5078,4617,3135,3337,3715,3643,-8.45173,11.0844,8.99865,48.0167
84741,3014,3138,3429,3456,3193,3505,3925,4126,3391,3944,5239,6694,3474,4159,7111,10593,21.866,21.0361,8.96546,48.2607
84742,3525,3519,3187,3132,4117,3921,3617,3268,6368,6368,4381,3539,7412,7436,4426,3585,17.7288,-14.4401,8.56637,47.8673
84743,3586,3642,3376,3141,4721,4284,3676,3279,8036,6483,4138,3510,7256,5819,4046,3472,13.025,-18.7563,8.59005,48.31
84744,11338,5873,3909,3461,7243,4900,3830,3419,4058,3869,3515,3196,3375,3439,3350,3120,-20.7659,-33.2788,8.87457,47.93
84745,3317,3890,4955,5407,3464,4200,6645,7955,3362,3902,5146,5778,3122,3445,3818,3954,-5.91073,17.7615,8.53618,48.24
84746,3103,3325,3362,3446,3357,3521,3805,3742,3679,4523,5234,4787,4015,5912,9856,6090,32.2189,7.22491,8.54659,47.838
84747,3118,3158,3321,3335,3325,3651,3930,3860,3510,4046,5285,5390,3564,4848,9126,8568,29.0314,14.0932,8.58453,48.0233
84748,3288,3632,3635,3564,3681,4378,4954,3910,3954,5883,7893,4876,3883,4859,5589,4465,9.68053,4.71736,8.7466,48.296
84749,3066,3392,3594,3836,3321,3702,4224,5289,3325,3951,5529,9694,3329,3822,5051,7214,10.5667,24.7754,8.83774,48.226
84750,3408,3342,3144,3101,3773,3754,3538,3301,5044,5232,4149,3606,7790,9742,5195,3725,29.4532,-11.7595,8.83364,47.896
84751,10488,5750,3828,3461,8059,5250,3881,3357,4287,3939,3452,3251,3442,3426,3162,3076,-18.3928,-27.6172,8.69636,48.0727
84752,3536,4227,7702,10741,3433,3793,4956,5779,3186,3527,3828,3960,3154,3186,3370,3397,-28.3927,19.3647,8.85542,47.85
84753,3400,3430,3128,3126,3979,3820,3568,3264,5730,5163,3963,3416,10539,7741,4305,3346,30.5656,-18.8342,8.54059,47.9453
84754,4550,4227,3520,3205,7637,5056,3893,3232,8329,5349,3837,3259,4992,4287,3626,3200,1.21991,-23.9425,8.53402,48.1327
84755,3431,3408,3186,3102,4059,3862,3449,3256,6931,5113,3798,3448,11699,5994,3950,3416,22.1745,-33.6673,8.8803,48.068
84756,3281,3631,4326,4887,3397,3908,6094,8079,3397,3810,5329,6874,3244,3635,4162,4375,-2.47168,19.4991,8.91175,48.286
84757,3418,3339,3290,3198,3701,3692,3850,3423,4340,5316,4757,4039,5301,9184,7037,4266,24.9165,-3.44032,8.94012,48.1007
84758,4107,5934,8328,5620,3864,5031,6305,4748,3466,3758,4042,3802,3235,3358,3454,3405,-19.256,5.54519,8.71075,48.3047
84759,11418,7267,4118,3386,5837,5028,3893,3430,3979,3724,3491,3161,3475,3351,3282,3173,-32.1491,-21.2053,8.86186,48.0087
84760,3097,3253,3406,3537,3243,3431,3781,3911,3485,3797,4656,5965,3333,3891,5898,12659,27.7761,33.4394,8.89432,47.562
84761,5766,9459,6709,4230,4509,5172,4661,3896,3541,3815,3709,3439,3286,3395,3314,3203,-30.3744,-5.01699,8.5837,48.0693
84762,5540,7709,5361,3827,5097,7137,4991,3781,3938,4174,3881,3554,3499,3420,3372,3230,-16.3331,-7.3459,8.9029,48.3407
84763,3256,3494,4000,4329,3338,3964,5442,6432,3499,4121,6308,7771,3306,3675,4519,4991,3.1107,18.7909,8.50059,48.2967
84764,6244,5170,3905,3399,8717,6452,4011,3439,5311,4576,3670,3370,3886,3720,3439,3118,-9.27577,-19.9806,8.6312,48.2847
84765,4652,4268,3649,3258,7948,5503,3741,3420,7658,5379,3864,3331,4677,4118,3546,3230,-0.516784,-21.6784,8.60323,48.1613
84766,3161,3208,3323,3370,3268,3456,3811,3973,3280,3791,4785,6035,3379,3952,6277,12426,28.4417,26.561,8.7001,47.6633
84767,3184,3286,3341,3492,3333,3548,3889,4191,3363,3748,5017,8118,3443,3819,5595,9992,17.8641,33.3748,8.85334,47.5727
84768,3365,3336,3228,3106,3978,3807,3427,3214,6250,4672,3848,3461,12477,5886,4049,3439,25.8513,-32.5365,8.93625,47.6953
84769,3780,5336,9688,7070,3685,4401,5195,4838,3312,3585,3872,3830,3189,3288,3322,3261,-30.5519,9.97524,8.57512,47.768
84770,3108,3350,3648,3972,3296,3663,4424,5905,3388,3850,5261,9862,3294,3626,4649,6643,7.93029,29.7814,8.88796,47.9593
84771,5041,8737,7832,4706,4276,5116,4785,4100,3534,3726,3709,3503,3301,3338,3219,3261,-27.5395,-1.48837,8.70736,48.1227
84772,3142,3413,3799,3879,3121,3531,4478,5774,3409,3801,5443,9901,3378,3676,4853,6661,8.46865,26.631,8.87042,48.1727
84773,3210,3298,3549,3561,3387,3676,3999,4150,3584,4215,6188,6079,3582,4547,7731,7704,18.5156,14.7194,8.82564,48.3067
84774,5596,7306,4985,3802,5350,7581,4930,3782,4064,4288,3846,3552,3453,3474,3465,3248,-14.9651,-7.96277,8.90578,48.4813
84775,3137,3298,3575,3617,3275,3541,4051,4602,3462,3775,5147,9098,3432,3825,5279,8872,14.6619,33.5185,8.92825,47.9907
84776,4068,3835,3516,3222,5627,5122,3766,3253,8100,6638,4074,3413,5342,4802,3725,3328,6.21986,-18.0811,8.68352,47.8873
84777,3956,3890,3593,3375,4558,5641,4347,3628,5190,7941,5219,3842,4381,5004,4223,3613,5.13857,-7.01603,8.82243,48.2673
84778,4946,4732,3748,3456,7257,6974,4067,3504,5857,5554,3808,3438,4067,3942,3655,3240,-3.6928,-16.155,8.98825,48.1633
84779,3047,3278,3332,3427,3145,3562,3715,3982,3348,3871,4714,6287,3354,3934,6240,12489,26.4705,27.0306,8.83311,47.8167
84780,3365,3435,3403,3252,3775,4269,4068,3694,4448,6637,5948,4170,4458,6842,6246,4371,15.9641,-1.29143,8.83926,48.254
84781,3157,3355,3674,3844,3306,3711,4447,5332,3517,3891,5883,9134,3362,3827,5229,6776,9.84481,22.0217,8.61024,48.2967
84782,3689,5002,9014,7728,3547,4291,5807,5366,3352,3565,4008,3933,3046,3301,3344,3351,-22.8972,13.0151,8.71372,48.2293
84783,4470,3952,3478,3219,7493,4850,3756,3372,9028,4969,3767,3345,5258,4420,3652,3200,2.63564,-30.0208,8.50369,48.1527
84784,11123,7319,4116,3453,5809,4835,3826,3452,3953,3847,3422,3154,3481,3427,3270,3118,-31.6573,-20.4238,8.62858,47.7367
84785,3397,4407,8049,10304,3434,3891,5139,5813,3231,3423,3698,3987,3043,3277,3478,3363,-27.0493,18.268,8.84412,47.956
84786,4672,5509,4351,3661,5362,8087,5118,3726,4389,5179,4100,3528,3684,3826,3566,3347,-7.87966,-7.93945,8.51099,48.07
84787,7980,5446,3929,3339,9044,5651,3844,3445,4990,4175,3539,3299,3653,3551,3246,3189,-13.0425,-23.7934,8.5599,48.2133
84788,3485,3887,5895,11526,3412,3813,4928,7207,3147,3453,3875,4070,3208,3255,3297,3422,-21.1328,30.0123,8.83911,47.92
84789,3109,3318,3578,3684,3219,3639,4159,5078,3310,3912,5174,9895,3350,3727,5074,7460,11.4052,32.5561,8.85654,47.7907
84790,3125,3341,3440,3458,3288,3487,3738,3889,3363,3735,4684,6072,3337,3846,6118,12728,32.7163,29.4267,8.66361,47.766
84791,6451,9926,5955,4070,4695,5123,4388,3715,3725,3740,3685,3436,3233,3409,3282,3207,-30.7521,-7.69522,8.69453,48.0267
84792,3476,3360,3249,3081,4061,3895,3500,3281,6747,4996,3784,3409,11099,6575,4076,3498,22.8823,-23.3715,8.5643,48.058
84793,3129,3266,3550,3556,3237,3551,4017,5026,3393,3749,5292,9432,3321,3749,5234,8423,13.4271,26.2531,8.93396,47.95
84794,3275,3338,3397,3365,3500,3696,3716,3636,4055,4806,4988,4454,4541,7390,8967,5062,31.6096,2.04969,8.60889,48.124
84795,3277,3693,4246,4437,3319,4046,5619,6764,3541,3937,5932,7482,3385,3694,4376,4773,1.34138,18.6636,8.53775,48.3473
84796,3482,3634,3275,3214,4603,4021,3531,3161,8872,5306,3910,3483,9197,5552,3789,3367,15.5946,-26.558,8.84027,48.2647
84797,3504,4539,8458,9486,3427,4054,5260,5639,3336,3570,3797,3828,3168,3205,3399,3501,-32.931,16.3809,8.77358,48.114
84798,3030,3303,3477,3374,3303,3691,3827,3797,3504,4357,5268,4955,3764,5239,9640,7169,33.497,10.626,8.63252,47.7987
84799,12151,5892,3905,3518,6563,4954,3717,3400,4029,3797,3442,3301,3416,3379,3253,3042,-24.3616,-30.0824,8.54562,47.8393
84800,6253,8471,5234,3929,5296,6699,4623,3754,3905,3986,3765,3388,3496,3397,3188,3027,-18.7798,-9.32908,8.99814,48.274
84801,3435,3888,5963,12596,3351,3782,4721,5808,3369,3307,3727,3837,3291,3326,3324,3412,-32.6231,33.4117,8.86386,47.4247
84802,3487,3914,6111,12376,3401,3814,4761,6260,3203,3469,3766,4035,3200,3304,3414,3392,-26.9455,29.5993,8.61669,47.938
84803,3285,3357,3224,3126,3713,3797,3597,3273,4873,5398,4278,3792,6832,10056,5634,3962,26.5862,-9.25765,8.80908,48.1313
84804,3195,3211,3507,3442,3302,3498,3781,3913,3428,3980,5028,5592,3506,4434,8415,9715,28.4291,16.9073,8.9075,47.9647
84805,6187,8111,5008,3775,5344,6734,4542,3694,3973,4187,3684,3347,3390,3419,3370,3262,-18.057,-10.133,8.93926,48.018
84806,3397,3764,4064,3704,3824,4782,5761,4239,3949,5870,7700,4720,3758,4263,4789,4108,4.51541,4.00897,8.96797,48.4613
84807,3202,3274,3457,3333,3408,3574,3747,3672,3756,4385,5376,4590,4015,5809,9873,6260,26.1922,7.98729,8.75173,47.8207
84808,3317,4125,6285,12258,3244,3709,4884,6318,3284,3471,3661,4084,3106,3198,3304,3371,-26.8142,26.4688,8.73036,47.746
84809,3282,3310,3606,3435,3392,3786,4306,4104,3592,4513,7204,5815,3593,4644,7271,6132,15.3596,11.3143,8.745,47.99
84810,8168,9525,5016,3702,5230,5165,4167,3474,3807,3826,3536,3276,3362,3449,3279,3020,-29.945,-12.9773,8.89302,48.0013
84811,5275,9084,7194,4438,4380,5214,4820,3986,3579,3871,3540,3421,3287,3469,3279,3115,-26.9881,-3.00875,8.52709,47.968
84812,3090,3294,3608,3635,3289,3629,4250,4637,3420,4158,6378,7471,3434,4310,6258,7196,14.3241,17.4116,8.73471,48.038
84813,3311,3713,4306,4288,3542,4221,6542,5860,3546,4232,6951,5930,3314,3664,4412,4349,0.547005,12.9761,8.62226,48.1207
84814,3099,3393,3617,3627,3432,3851,4585,4377,3582,4665,8010,6262,3427,4454,6413,5616,12.1505,11.3404,8.94413,48.2733
84815,3106,3203,3454,3300,3185,3637,3792,4031,3407,3898,5380,6149,3500,4369,7742,9786,22.8588,18.2192,8.87582,47.9593
84816,3219,3408,3377,3161,3563,3931,3760,3601,4273,5521,5032,3953,5115,8662,7128,4369,23.2217,-2.69722,8.81119,48.0487
84817,9753,5700,3924,3452,8313,5171,3820,3308,4432,3957,3467,3234,3587,3588,3175,3077,-16.9764,-29.5919,8.5325,47.972
84818,3549,4298,5816,5220,3691,4726,8035,6175,3608,3861,4796,4357,3252,3466,3624,3603,-10.7285,10.961,8.68146,48.0513
84819,3247,3674,4395,4858,3388,3806,5831,7592,3303,3892,5665,7176,3243,3603,4145,4568,-0.768365,19.5936,8.62214,48.2573
84820,4518,4104,3552,3181,7438,4798,3711,3283,8926,5057,3796,3399,4989,4263,3627,3353,1.97388,-31.1496,8.68889,47.9967
84821,3367,4022,6218,11070,3340,3830,4935,6914,3201,3445,3865,4272,3204,3260,3356,3467,-21.948,25.4823,8.67025,47.844
84822,3113,3055,3411,3430,3203,3610,3922,3891,3492,4103,5213,5566,3490,4595,8601,9165,27.1607,15.5094,8.69203,47.9067
84823,3021,3110,3321,3358,3211,3374,3741,3916,3351,3843,4778,6075,3456,4026,6408,12447,28.3073,25.5357,8.72514,47.624
84824,3514,3982,5703,8521,3449,3798,5575,8681,3307,3503,4202,4731,3065,3286,3570,3636,-14.6133,23.5268,8.59552,48.3487
84825,3306,3592,4143,4692,3402,3747,4983,7957,3437,3776,5087,8444,3383,3530,4250,4882,0.340318,26.6819,8.6784,48.4073
84826,3817,6147,10035,6181,3819,4492,5289,4556,3266,3508,3802,3635,3145,3153,3343,3270,-28.4469,7.13689,8.91537,47.6387
84827,3486,3969,4637,4457,3741,4708,7380,5504,3536,4273,6348,4885,3455,3790,4042,4038,-3.01102,9.42098,8.59186,48.166
84828,4186,5990,6155,4400,4240,6525,6585,4313,3741,4284,4283,3809,3307,3433,3514,3452,-13.8333,0.374415,8.62855,48.1447
84829,3153,3394,3518,3708,3223,3540,4228,4921,3294,3759,5186,9524,3336,3749,5276,7888,12.3311,30.1255,8.52889,47.798
84830,3228,3352,3339,3350,3365,3708,3749,3697,3949,4728,5141,4379,4307,7068,9294,5399,29.562,3.78603,8.52266,48.0353
84831,3136,3240,3366,3434,3404,3632,3856,3742,3736,4298,5671,4971,3786,5506,9809,6792,24.5934,9.38076,8.73296,48.2527
84832,3438,3930,5260,5720,3481,4253,7111,7320,3463,3722,4871,5197,3213,3509,3835,3803,-8.20814,15.6616,8.74382,48.084
84833,4926,4498,3630,3413,7818,5878,3852,3470,6862,5402,3867,3222,4453,4137,3508,3310,-2.11081,-19.9698,8.6981,48.164
84834,3025,3287,3363,3333,3230,3430,3815,3915,3389,3902,5094,6021,3425,4392,7763,10462,25.6192,18.8121,8.97684,47.8973
84835,3251,3564,3723,3550,3625,4272,4831,3998,4109,5991,7576,4877,3944,5055,5660,4572,10.2127,3.76896,8.60171,48.3987
84836,3801,5127,9786,7233,3600,4138,5125,4983,3296,3718,3945,3834,3239,3322,3322,3302,-33.0826,10.7416,8.93726,47.8473
84837,4646,7598,7260,4588,4317,5679,5767,4290,3655,3926,3974,3529,3190,3435,3315,3289,-19.8947,-0.266763,8.97612,48.3053
84838,3121,3386,3420,3482,3296,3718,4223,4093,3717,4618,6943,5499,3904,5042,8002,6054,16.8576,9.94233,8.81573,48.3453
84839,9118,5246,3877,3400,9273,5116,3758,3282,4585,4121,3542,3296,3578,3390,3234,3147,-14.6163,-29.905,8.98016,47.9753
84840,7837,9289,5022,3608,5319,5620,4264,3550,3864,3807,3482,3238,3395,3380,3196,3180,-23.6685,-12.4902,8.94821,48.034
84841,3160,3339,3721,4006,3317,3691,4543,6230,3257,3716,5351,9952,3235,3677,4616,6318,7.03707,26.4568,8.9272,48.086
84842,3449,3312,3298,3210,4019,3766,3426,3303,6491,4890,3673,3470,12141,5772,3961,3408,24.5229,-31.7165,8.70075,47.726
84843,3288,3395,3949,4187,3350,3670,4750,6519,3355,3901,5065,9668,3260,3655,4549,5656,5.16284,32.7087,8.84605,48.1447
84844,3585,3658,3346,3241,4059,4577,4006,3433,5632,7801,4877,3722,5497,6389,4706,3743,12.5658,-9.32028,8.55561,48.1813
84845,6059,6317,4287,3543,6554,7596,4430,3542,4519,4612,3716,3468,3588,3691,3417,3133,-12.202,-13.2129,8.53359,48.3147
84846,9770,6003,3980,3431,7723,5346,3997,3443,4326,4080,3469,3207,3566,3523,3286,3071,-18.3428,-23.5418,8.61636,48.1473
84847,5743,4781,3864,3330,8809,6011,3857,3490,5958,4794,3654,3384,4090,3900,3372,3161,-6.36064,-21.3119,8.66921,48.132
84848,3679,5107,9576,7787,3573,4159,5160,5102,3267,3557,3905,3773,3160,3271,3380,3355,-29.5399,12.2928,8.72627,47.874
84849,3200,3530,3936,4372,3394,3755,5025,6503,3306,3960,5874,8654,3300,3697,4569,5458,4.02516,21.2038,8.56421,48.3553
84850,4471,4616,3918,3358,5730,7452,4697,3570,5044,6140,4390,3581,4034,4130,3683,3340,-3.09352,-10.3719,8.60835,48.1027
84851,5633,9566,6673,4039,4494,5117,4703,3855,3634,3812,3662,3426,3332,3344,3293,3298,-33.0016,-5.00205,8.8396,47.9207
84852,3340,3569,4390,5219,3253,3775,5186,9064,3314,3747,4798,7458,3209,3448,3995,4386,-2.70984,30.6924,8.90603,48.1007
84853,3321,3449,3871,4071,3304,3675,4551,6496,3338,3838,5119,9793,3299,3676,4559,5868,5.25078,33.2208,8.91834,48.152
84854,10460,6355,4021,3334,7414,5142,3873,3418,4212,3898,3467,3271,3450,3435,3290,3102,-19.8512,-23.0348,8.9874,48.0947
84855,6055,7698,4907,3755,5462,7152,4668,3716,4124,4259,3760,3352,3429,3554,3371,3094,-16.4158,-10.0121,8.64243,48.2373
84856,4646,4083,3436,3263,7921,4829,3771,3457,8660,5120,3642,3317,4863,4180,3573,3287,1.37445,-32.4691,8.94147,48.032
84857,4043,4966,6198,4776,4010,5687,7744,4861,3594,4017,4431,3999,3356,3527,3627,3476,-11.6774,4.79645,8.73586,48.208
84858,3356,3367,3227,3142,3728,3769,3566,3316,5232,5384,4130,3732,7901,9309,4919,3680,24.5679,-12.6101,8.73143,47.8387
84859,3414,3680,3825,3504,3806,4755,5017,3933,4358,6511,7267,4440,3933,4890,5078,4237,7.52396,1.53259,8.52093,48.432
84860,3091,3334,3525,3282,3437,3753,3958,3676,3732,4428,6006,4859,4088,5757,9120,6256,21.6509,7.91173,8.85792,48.2013
84861,12584,6172,3810,3344,6141,4777,3816,3356,3923,3841,3504,3306,3334,3429,3221,3213,-31.5877,-26.462,8.71108,47.8473
84862,3628,4596,8536,8585,3593,4225,5519,5531,3255,3618,3820,3975,3157,3259,3351,3385,-23.8497,14.8135,8.61709,48.022
84863,3552,3696,3596,3536,3797,4478,4795,3918,4230,6662,7144,4486,4040,5091,5155,4114,8.62456,1.23732,8.72778,48.1933
84864,5065,7023,5424,3922,4829,7142,5389,3890,3933,4218,3976,3654,3409,3483,3326,3351,-15.218,-4.91139,8.59697,48.0227
84865,3061,3283,3365,3563,3323,3574,4132,4476,3325,3935,5478,8166,3416,3947,5818,9212,16.7449,23.2424,8.5293,48.0493
84866,3132,3324,3452,3364,3282,3633,3808,3900,3474,4148,5515,5590,3715,4675,8972,8292,24.3226,14.051,8.60018,48.184
84867,3341,3896,5175,7204,3398,3937,5759,9322,3373,3653,4364,5167,3149,3430,3633,3779,-10.994,22.7807,8.65117,48.3867
84868,4400,4755,3987,3533,5779,7714,4566,3509,4978,6106,4344,3549,3967,4099,3734,3403,-3.61821,-10.4232,8.63362,48.282
84869,3539,3595,3433,3161,4096,4519,4101,3562,5001,7774,5378,3863,4940,6603,5171,3957,12.8748,-6.02055,8.99274,48.462
84870,3232,3583,4156,4565,3373,4039,5976,6760,3421,3944,6124,6945,3301,3584,4386,4527,0.434775,17.4177,8.66524,47.944
84871,3541,3774,4396,4058,3714,4931,7090,4964,3598,4680,6838,4981,3531,3869,4366,4011,-0.446037,7.53646,8.88819,48.228
84872,3269,3460,3709,3712,3300,3796,4687,4455,3543,4370,7506,6688,3577,4301,6205,5741,11.3894,13.1925,8.75498,48.2127
84873,9381,9056,4402,3451,5447,5027,4155,3549,3903,3828,3567,3280,3413,3335,3279,3072,-29.8397,-15.8945,8.96587,48.0967
84874,3958,5813,7555,5159,4006,5463,6962,4832,3511,3946,4245,3783,3224,3407,3353,3315,-16.4509,4.77535,8.89697,48.3547
84875,4844,5984,4670,3889,5236,7940,5232,3868,4202,4699,3999,3597,3573,3680,3471,3218,-11.0879,-6.69473,8.55604,48.068
84876,3269,3502,4025,4435,3351,3691,4852,7668,3330,3796,5104,8905,3155,3637,4413,5170,2.04576,27.4764,8.65882,48.202
84877,9659,5650,3971,3434,8347,5258,3844,3406,4538,3940,3485,3257,3579,3465,3315,3062,-16.7747,-25.3261,8.78114,48.14
84878,3318,3990,6767,11723,3385,3838,5088,5967,3224,3431,3932,4037,3178,3263,3339,3438,-33.7425,22.7679,8.79455,47.9453
84879,3703,3496,3402,3212,4827,4228,3708,3177,9146,5445,3734,3381,8083,5414,3862,3380,13.4615,-24.2204,8.92728,48.132
84880,4275,6723,9042,5423,4007,4791,5528,4432,3510,3642,3769,3835,3156,3314,3356,3360,-24.0471,4.31546,8.6673,48.1087
84881,8325,9245,4908,3652,5231,5320,4088,3465,3796,3814,3537,3272,3422,3348,3246,3253,-30.5581,-13.2556,8.51171,47.948
84882,3205,3340,3334,3249,3613,3757,3678,3467,4453,5140,4769,3848,5653,9465,6986,4227,27.6801,-4.17111,8.78331,48.1227
84883,4184,4312,3803,3371,5477,6453,4394,3577,5700,7136,4368,3422,4360,4528,3832,3447,1.11026,-11.6777,8.87395,48.2427
84884,3377,3606,3653,3537,3696,4362,4707,4090,4059,5920,7858,4805,3967,4740,5844,4474,9.88594,4.21182,8.83006,48.4633
84885,3372,3411,3206,3095,3961,3831,3545,3183,5728,5139,3939,3502,10070,8030,4469,3489,26.5893,-17.8373,8.67217,47.98
84886,3682,5110,9740,7681,3566,4148,5322,5066,3492,3660,3836,3746,3236,3321,3311,3296,-32.3997,11.8478,8.91608,48.142
84887,11722,6906,4140,3269,6188,4870,3881,3441,3917,3831,3381,3196,3412,3394,3200,3045,-27.3976,-22.3599,8.73019,47.862
84888,10974,7733,4123,3434,5788,4955,3963,3390,3973,3814,3481,3228,3386,3384,3225,3151,-27.6249,-19.9372,8.96431,48.0013
84889,4324,4073,3542,3191,6485,5264,3844,3343,8000,5951,3979,3470,5191,4591,3725,3335,3.01889,-19.4087,8.6697,48.2053
84890,7643,5078,3661,3262,9499,5286,3734,3382,5186,4227,3573,3301,3706,3637,3299,3060,-11.6879,-30.017,8.62664,47.6893
84891,3272,3365,3316,3277,3538,3757,3683,3532,4213,5235,5573,4373,4658,7557,7991,4816,22.6797,0.50817,8.69568,48.104
84892,3316,3381,3229,3119,3873,3955,3638,3357,5078,5851,4461,3716,6602,9534,5492,3855,22.3694,-9.37951,8.74363,48.3047
84893,3277,3748,5192,7813,3386,3826,5521,9572,3222,3505,4277,5056,3176,3329,3583,3758,-12.1489,25.0003,8.99623,48.1607
84894,3244,3295,3379,3329,3642,3723,3705,3511,4279,4955,4993,4166,4799,8483,7831,4435,33.6393,-1.01895,8.52034,47.846
84895,5437,9230,7474,4479,4270,5054,4625,3942,3575,3726,3582,3474,3321,3350,3283,3171,-30.1979,-2.86672,8.99028,47.9953
84896,4729,7715,6892,4635,4463,5916,5589,4082,3532,3967,3841,3672,3195,3435,3384,3369,-19.5161,-1.31772,8.52157,48.2773
84897,12609,5907,3917,3379,6146,4618,3696,3418,4011,3773,3397,3171,3342,3464,3207,3091,-27.5935,-29.6136,8.63885,47.4307
84898,3137,3217,3384,3420,3238,3493,3908,3949,3368,3785,4801,6052,3346,4095,6744,11877,30.4496,23.5722,8.50542,47.876
84899,4762,6410,5090,3988,4890,7392,5604,3933,3940,4489,4028,3639,3577,3614,3463,3300,-12.6931,-4.88171,8.59984,48.0793
84900,12146,6394,3968,3401,6021,4837,3881,3363,3995,3820,3404,3217,3372,3352,3396,3125,-30.745,-25.6515,8.56383,47.7947
84901,3615,4318,6947,8795,3372,4018,5894,6841,3304,3578,3981,4183,3060,3217,3540,3457,-18.3742,18.7183,8.64625,48.08
84902,3299,3453,3354,3309,3591,4206,4084,3611,4280,6406,5909,4181,4731,7090,6567,4416,16.76,-1.47265,8.92461,48.3247
84903,5328,8863,6971,4472,4545,5569,5032,4020,3738,3844,3811,3427,3246,3338,3311,3210,-22.5539,-3.38754,8.57676,48.4833
84904,6606,10054,5766,3898,4689,5236,4431,3883,3634,3741,3679,3475,3298,3215,3223,3209,-29.2264,-8.07133,8.71993,48.0247
84905,3371,3437,3447,3257,3840,4053,3655,3522,4826,6543,4970,3923,5308,8040,5799,4053,18.112,-5.24208,8.78142,48.0293
84906,3869,5020,6109,4811,3989,5741,7849,4851,3565,4168,4652,4025,3374,3457,3672,3444,-11.4422,4.44043,8.79416,48.3973
84907,8363,7521,4433,3430,6461,5888,4195,3664,4034,3944,3646,3271,3444,3523,3196,2994,-19.4074,-16.2705,8.81348,48.0047
84908,3534,3446,3345,3163,4059,4142,3635,3383,5902,6999,4480,3612,6443,7570,4785,3663,16.424,-11.6193,8.78918,48.1073
84909,3831,4839,5991,4655,4000,5716,7751,4972,3605,4159,4636,4075,3346,3517,3646,3486,-10.8388,5.44012,8.58176,48.15
84910,4445,7470,8926,5312,4082,4833,5060,4233,3446,3684,3743,3505,3176,3362,3421,3254,-28.8968,2.52314,8.54859,47.968
84911,12137,6278,3879,3357,6797,4767,3819,3336,4084,3895,3476,3191,3265,3397,3212,3110,-24.5935,-26.8675,8.85655,48
84912,4772,7036,6121,4266,4508,6795,5895,3995,3784,4168,3954,3692,3346,3523,3410,3232,-15.8475,-2.50347,8.93664,48.3313
84913,3124,3270,3584,3679,3391,3608,4266,4901,3431,3877,5733,8876,3324,4012,5551,7598,13.0475,22.1005,8.7931,48.15
84914,3016,3210,3350,3607,3272,3513,3947,4487,3338,3841,5046,7856,3486,3984,5848,10376,18.2693,25.8446,8.68712,48.118
84915,3340,3404,3611,3608,3452,3782,4389,4109,3735,5058,7534,5347,3745,5006,6959,5546,14.0308,8.13304,8.779,48.4167
84916,3986,5641,8170,5521,3940,5002,6543,4960,3442,3872,4161,3821,3144,3244,3310,3433,-18.546,6.37233,8.52985,48.1267
84917,3142,3199,3429,3427,3201,3401,3933,4321,3270,3828,5011,7667,3345,4049,5724,10662,19.4703,27.6432,8.54487,47.7393
84918,4008,6174,9950,6225,3796,4441,5212,4581,3453,3645,3910,3692,3117,3371,3445,3358,-30.2712,6.98323,8.86692,48.252
84919,4665,6135,5687,4202,4516,7139,6306,4155,3870,4292,4195,3779,3431,3511,3405,3365,-12.7858,-2.04086,8.60759,48.4353
84920,5198,7494,5632,4090,4804,6972,5279,3868,3821,4122,3964,3484,3490,3405,3435,3221,-16.7571,-4.94181,8.78714,48.186
84921,3075,3330,3397,3423,3303,3531,4127,4067,3617,4257,6246,6106,3648,4537,7935,7391,18.598,13.6412,8.97362,47.9933
84922,3472,3579,3920,3743,3653,4433,5771,4409,3680,5217,8155,5228,3570,4210,4941,4400,4.92381,7.52185,8.83801,48.254
84923,6299,5318,3920,3325,8362,6480,4070,3504,5273,4661,3630,3257,3882,3662,3354,3265,-9.62573,-18.6632,8.83792,48.1747
84924,5589,8796,6027,4067,4808,6040,4934,3875,3748,3975,3759,3510,3356,3335,3374,3132,-20.7305,-5.66155,8.91542,48.2167
84925,3866,4812,7146,5503,3783,4867,7563,5587,3370,3767,4364,4016,3182,3375,3543,3539,-13.8469,9.18275,8.73781,48.1887
84926,3185,3206,3390,3470,3248,3407,3771,3901,3329,3911,4957,6060,3330,3959,6960,11735,31.8841,21.8732,8.75494,47.8793
84927,3322,3892,5115,7816,3220,3809,5126,9597,3231,3547,4097,5260,3195,3357,3817,3635,-11.9424,29.946,8.67447,48.024
84928,3109,3443,3553,3583,3455,3773,4353,4056,3776,4884,7565,5459,3647,4795,7190,5561,14.4198,8.794,8.92889,48.1347
84929,3421,3339,3103,3091,4021,3962,3496,3304,6423,5246,4016,3438,10165,7282,4269,3457,22.4197,-19.5818,8.59079,48.022
84930,3323,3696,4818,6447,3370,3830,5649,9466,3316,3741,4529,5758,3117,3445,3826,3904,-8.28748,24.2219,8.61245,48.1567
84931,3292,3832,5133,7274,3346,3915,5330,9846,3244,3635,4134,5370,3159,3307,3587,3856,-10.4449,27.5181,8.77255,48.1733
84932,4889,5022,3922,3418,6407,7831,4478,3541,4990,5583,4075,3432,3840,4021,3565,3215,-5.4367,-12.2418,8.81349,48.1527
84933,3323,3519,3738,3557,3544,4155,5010,4304,3921,5283,7938,5287,3788,4500,5459,4731,8.75471,6.93169,8.51955,48.038
84934,3574,4579,8088,8056,3469,4141,5870,6160,3224,3562,4020,3950,3087,3263,3465,3327,-19.9515,15.0817,8.90949,47.89
84935,6673,10081,5758,3913,4776,5213,4453,3698,3715,3830,3659,3350,3209,3334,3269,3172,-31.5486,-8.3454,8.70224,48.0687
84936,3560,3896,4682,4200,3748,4800,7367,5201,3614,4538,6499,4780,3349,3785,4240,3883,-1.99525,8.17543,8.99867,48.0947
84937,3350,3924,6374,11991,3323,3701,4931,5955,3252,3466,3735,3949,3187,3185,3467,3487,-32.0606,24.584,8.58086,47.518
84938,4292,4718,4020,3552,5509,7660,4867,3778,4757,5900,4454,3708,3950,3996,3669,3305,-3.62178,-8.5414,8.66362,48.09
84939,5464,9400,6936,4366,4436,5417,4782,3950,3640,3847,3616,3496,3285,3382,3182,3131,-24.9296,-4.08593,8.78639,48.22
84940,10249,7844,4305,3512,5872,5136,4048,3420,3993,3764,3604,3227,3430,3397,3154,3058,-26.0296,-18.6361,8.6721,48.0087
84941,3522,4034,5480,6355,3385,4120,6706,7948,3295,3775,4601,4874,3141,3405,3756,3700,-10.6796,17.457,8.52534,48.0647
84942,3686,5144,9543,7351,3678,4394,5586,5133,3280,3527,3862,3875,3132,3239,3393,3375,-25.0961,11.1849,8.82858,48.132
84943,3264,3344,3421,3312,3651,3982,4030,3611,4169,5751,5998,4404,4678,6939,7147,4665,18.1789,0.778946,8.5388,48.244
84944,3731,3689,3329,3318,4619,4766,3835,3373,6866,7568,4471,3553,5672,5733,4111,3561,9.91764,-13.7425,8.64924,48.13
84945,5658,7765,5191,3920,5160,7114,4859,3770,3956,4216,3833,3511,3399,3511,3400,3242,-16.2572,-7.59448,8.953,48.3367
84946,3497,3559,3442,3167,4348,4125,3571,3271,7301,6202,4099,3418,7974,6513,4202,3429,15.8746,-17.996,8.70174,48.0787
84947,2962,3204,3356,3471,3158,3430,3774,3909,3259,3822,4887,6395,3358,3930,6256,12333,26.2184,26.3776,8.64931,47.6693
84948,3362,3431,3123,3140,3918,3738,3465,3237,6070,4949,3909,3397,11587,7173,4133,3404,26.6546,-22.2216,8.65065,48.024
84949,3320,3391,3245,3147,3920,3747,3422,3218,6256,4811,3790,3451,12536,6085,3956,3437,26.671,-27.9865,8.61969,47.8213
84950,3133,3179,3389,3370,3297,3504,3857,3967,3386,3955,5277,5737,3560,4515,8545,9510,26.0227,16.7268,8.86323,48.1207
84951,5711,9533,6873,4294,4447,5107,4708,3884,3536,3857,3685,3401,3222,3426,3408,3205,-27.9711,-4.6497,8.92025,48.198
84952,3442,3819,5867,12800,3322,3793,4681,6030,3263,3408,3887,4015,3178,3255,3387,3411,-31.7499,29.6331,8.78947,47.7053
84953,4478,4063,3441,3306,7638,4766,3709,3268,9109,5033,3715,3317,5103,4288,3545,3347,2.36919,-29.9376,8.9079,48.084
84954,3078,3224,3458,3391,3286,3451,3709,4069,3349,3843,4780,6717,3389,3899,6000,11915,23.3627,30.5598,8.65638,47.7053
84955,4708,4157,3501,3268,7879,5156,3875,3409,7901,5286,3782,3383,4756,4219,3572,3277,0.408937,-23.5638,8.64279,48.086
84956,3117,3397,3520,3686,3358,3592,4427,4570,3494,4311,6954,7356,3574,4195,6128,6511,12.6805,16.3257,8.61455,48.1267
84957,3636,3972,4004,3553,4164,5527,5312,3861,4474,6879,6372,4226,3919,4551,4483,3839,3.84107,-0.874697,8.59156,48.5147
84958,3270,3819,5173,8717,3371,3770,5170,9339,3291,3603,4028,4707,3112,3253,3595,3672,-14.1297,29.329,8.93026,47.9267
84959,12412,6237,3879,3420,6165,4828,3818,3438,3963,3797,3367,3226,3399,3446,3227,3037,-28.2702,-27.6593,8.87997,47.7727
84960,4234,5307,4735,3797,4679,7656,6202,4080,4010,4996,4561,3899,3583,3815,3590,3350,-8.26829,-2.89597,8.75855,48.3293
84961,3146,3291,3345,3448,3243,3603,3905,3939,3686,4163,5955,5505,3743,5034,8918,7358,21.848,11.8059,8.67802,48.188
84962,10862,5744,3920,3430,7452,4979,3683,3419,4225,3944,3501,3223,3459,3446,3235,3200,-19.7505,-32.2848,8.61994,47.8147
84963,3690,3566,3413,3187,4539,4501,3807,3355,6955,7207,4403,3594,6505,6099,4143,3379,12.6151,-15.129,8.70187,48.2287
84964,3393,3305,3296,3180,3810,4049,3559,3369,5123,6037,4515,3746,6678,9032,5401,3765,21.7731,-9.95177,8.64551,48.172
84965,3223,3484,3860,4166,3303,3911,5275,5806,3414,4036,6619,7815,3411,3841,4710,5207,4.88885,17.629,8.61488,48.054
84966,3038,3326,3464,3522,3140,3420,4116,4415,3366,3995,5499,7308,3525,4075,6707,9160,18.3404,20.5788,8.60872,48.0507
84967,10952,5729,3919,3464,7617,5078,3720,3489,4186,3920,3524,3247,3334,3325,3289,3071,-19.8532,-32.8189,8.72185,47.9093
84968,3362,3663,4714,6370,3419,3748,5172,9826,3302,3682,4433,5917,3218,3372,3802,3963,-7.87162,31.0391,8.92659,47.9753
84969,3679,4367,4895,4181,3944,5611,7564,4884,3660,4770,5606,4327,3561,3682,3914,3660,-4.55136,4.92934,8.56343,48.2033
84970,3545,3398,3211,3235,4009,3796,3441,3194,5996,4913,3859,3428,12060,6608,4002,3334,31.8784,-23.5476,8.59287,48.0193
84971,3232,3516,4086,4090,3342,3974,5401,5819,3523,4211,7043,7289,3414,3831,4673,4866,4.36414,15.7858,8.84718,48.2067
84972,3437,4141,6784,11408,3377,3815,5080,6407,3182,3413,3864,3975,2932,3210,3454,3350,-24.2208,22.585,8.81845,47.886
84973,3110,3300,3762,3707,3301,3609,4498,5261,3423,3880,5753,9383,3414,3769,5152,6937,10.3277,23.3215,8.64536,48.1727
84974,3438,3499,3431,3082,4015,4046,3658,3299,5860,6062,4310,3529,7291,8374,4814,3704,20.2799,-13.1008,8.66205,48.2747
84975,3432,3853,4618,4245,3665,4794,7195,5667,3688,4490,6300,5056,3296,3792,4207,3925,-1.79181,9.60598,8.55844,48.1487
84976,3455,3418,3211,3151,3949,3737,3625,3136,5761,5004,3985,3316,10774,7630,4288,3415,28.999,-19.4456,8.55476,47.9033
84977,3584,3574,3335,3185,4904,4207,3589,3212,9375,5302,3833,3511,7881,5258,3885,3372,12.7542,-32.9031,8.62024,48.0047
84978,3362,3895,5445,6713,3401,4074,6201,8669,3273,3736,4513,5199,3089,3398,3679,3738,-10.255,20.0354,8.73397,48.2567
84979,5332,6189,4482,3760,5975,7941,4669,3652,4254,4683,3831,3473,3638,3678,3432,3285,-11.42,-10.0872,8.5338,48.1827
84980,3338,3414,3251,3070,3883,3762,3676,3313,5465,5424,4089,3487,8574,8962,4713,3719,27.1011,-14.1672,8.51343,48.0933
84981,12677,5887,3867,3316,6075,4860,3770,3379,3930,3656,3399,3344,3390,3269,3240,3074,-30.1576,-31.0111,8.61937,47.422
84982,3200,3240,3411,3337,3525,3690,3823,3609,4088,4901,5048,4315,4427,7772,8865,4919,33.1668,1.42042,8.98154,48.1133
84983,3823,3849,3473,3192,4934,4990,3892,3439,6939,7606,4444,3636,5243,5372,4080,3466,7.93205,-13.6297,8.59378,48.252
84984,3490,3988,5683,6679,3467,4100,6775,7787,3260,3677,4573,4903,3134,3454,3700,3622,-11.3284,17.4802,8.84193,48.1947
84985,4191,4427,4004,3499,5181,7332,4831,3729,4962,6741,4643,3601,3979,4282,3798,3604,-1.09094,-8.12904,8.90189,48.536
84986,5300,8854,7052,4325,4535,5378,4995,3965,3660,3789,3797,3460,3207,3313,3361,3241,-23.6864,-3.35781,8.84514,48.1547
84987,3402,3920,5159,7655,3381,3830,5085,9665,3161,3548,4198,5223,3116,3375,3767,3793,-11.3359,29.9048,8.58374,48.1853
84988,3486,3421,3297,3186,4104,4098,3505,3251,6488,5898,4007,3545,8459,7547,4499,3609,19.7144,-16.1959,8.71592,48.2667
84989,3353,3471,3906,3946,3521,4138,5624,4897,3656,4722,7753,5976,3652,4192,4945,4675,5.04858,10.7733,8.73154,48.2847
84990,4572,4192,3707,3344,6950,5729,3910,3399,7258,5819,3913,3411,4804,4273,3614,3346,0.651227,-18.7608,8.77118,48.1607
84991,4768,8247,7988,4707,4183,4988,4970,4217,3485,3773,3821,3679,3262,3471,3340,3262,-32.6067,-0.560197,8.60248,48.1073
84992,3131,3224,3351,3416,3207,3350,3678,3961,3393,3726,4801,6418,3397,3990,6068,12335,26.4386,27.7358,8.67911,47.6307
84993,3264,3267,3337,3362,3498,3847,4006,3674,4134,5082,5845,4520,4436,6620,8457,5163,21.1993,3.27468,8.88221,48.3413
84994,4838,7501,6448,4339,4452,6397,5581,4042,3678,4054,3984,3630,3293,3415,3420,3228,-17.6712,-2.47679,8.56443,48.2
84995,3865,4851,8351,6855,3630,4417,6312,5496,3393,3662,3919,4039,3122,3302,3418,3481,-19.8175,11.7908,8.60046,48.0753
84996,3334,3582,3933,3741,3471,4088,5471,4856,3651,4697,8007,5915,3583,4041,5242,4754,6.32651,10.3078,8.66728,48.244
84997,4229,4955,4558,3831,4656,7637,5911,4047,4167,5226,4594,3700,3693,3800,3639,3409,-6.03616,-3.994,8.57436,48.0347
84998,3639,3667,3686,3377,4045,5060,4463,3706,4682,7513,6132,4113,4417,5201,4687,3932,8.00264,-3.35947,8.53367,48.2133
84999,4482,4463,3750,3311,6251,6326,4144,3457,6315,6311,3997,3368,4522,4422,3770,3409,0.109016,-15.2037,8.87828,48.1987
85000,9575,7066,4261,3436,6634,5492,3997,3429,3999,3783,3566,3291,3396,3411,3173,3102,-20.5978,-19.3093,8.71107,47.7407
85001,3066,3248,3351,3411,3203,3516,3828,4141,3327,3804,4909,7282,3484,3936,5749,11416,20.9292,30.2192,8.78256,47.7807
85002,3635,3442,3432,3124,4439,4163,3624,3361,7343,5999,3943,3427,8147,6467,4060,3500,16.3901,-18.8237,8.50652,48.0707
85003,4058,4020,3506,3092,5512,5747,4120,3454,7013,7187,4200,3456,4917,4727,3815,3402,4.17532,-14.4824,8.97079,48.1507
85004,3345,3417,3287,3228,3713,3833,3700,3392,4896,5249,4383,3693,6514,9887,5648,3973,33.5805,-8.6947,8.57002,48.1053
85005,3860,3682,3431,3172,5676,4506,3654,3234,9390,5832,3916,3314,6502,4923,3843,3319,8.58852,-23.0696,8.82438,48.1693
85006,6592,10043,5916,3912,4580,5376,4314,3688,3670,3782,3578,3405,3296,3317,3268,3201,-30.04,-7.62123,8.98923,47.9587
85007,3083,3154,3350,3366,3278,3476,3760,3936,3330,3756,4775,6514,3447,3922,5823,11989,23.8978,31.7345,8.60623,47.306
85008,6908,9915,5636,3812,4869,5341,4245,3822,3761,3780,3560,3360,3200,3452,3217,3134,-28.3819,-9.44167,8.79106,48.008
85009,3261,3264,3476,3158,3650,3717,3765,3662,3853,4823,5349,4323,4397,7329,9007,5085,25.84,2.60666,8.85252,48.0793
85010,3244,3641,4168,4713,3395,3838,5541,7576,3378,3857,5532,7692,3220,3513,4149,4635,-0.140891,21.5059,8.60593,48.0613
85011,3238,3343,3254,3216,3651,3753,3634,3355,4475,5364,4715,3822,5804,9561,6792,4199,27.5455,-4.85975,8.8099,48.1173
85012,3347,3526,3549,3462,3723,4163,4371,3916,4089,6196,6898,4617,4204,5758,6260,4467,12.8146,1.7267,8.73731,48.364
85013,3353,3978,6162,12617,3230,3724,4751,6051,3197,3582,3735,3958,3098,3298,3486,3388,-31.4548,27.9828,8.66634,47.7387
85014,6187,9907,6206,4076,4650,5330,4441,3850,3596,3697,3619,3405,3171,3392,3301,3108,-27.6781,-6.73425,8.8168,47.9573
85015,3383,3758,4066,3917,3489,4248,6054,5084,3598,4705,7551,5738,3468,3932,4689,4387,3.20136,10.0945,8.71315,48.0447
85016,3351,3526,3389,3085,4172,3869,3470,3210,7582,4818,3723,3357,11194,5734,3996,3351,20.5078,-30.6539,8.93686,47.8847
85017,3413,3906,5326,9069,3326,3764,5193,9079,3336,3575,4060,4709,3146,3181,3580,3485,-15.0453,30.3201,8.97638,48.0987
85018,5120,4324,3543,3275,9114,5015,3817,3331,7344,4825,3722,3456,4304,4032,3449,3343,-2.66032,-32.7728,8.83476,48.0093
85019,3590,4328,5861,5130,3628,4765,8381,5926,3495,3899,4945,4424,3247,3473,3654,3613,-10.0553,10.1417,8.91578,48.2393
85020,3332,3728,4239,4804,3378,3767,5073,8699,3229,3747,4788,7660,3344,3542,4110,4602,-1.36771,33.3166,8.512,48.028
85021,3128,3344,3764,3721,3426,3767,4665,4506,3594,4285,7456,6789,3600,4286,6325,5992,12.0759,13.6786,8.6178,48.432
85022,3447,4221,6706,8844,3511,4029,5894,7371,3213,3468,4007,4138,3092,3215,3338,3477,-17.9166,19.1803,8.99753,47.9807
85023,3256,3211,3434,3329,3276,3647,3660,3659,3933,4701,5205,4686,4275,6807,9542,5508,28.3678,4.52926,8.63041,48.086
85024,3335,3408,3230,3178,4055,3691,3382,3213,6094,4645,3823,3335,12948,6043,3909,3447,28.0528,-31.4327,8.95541,47.824
85025,3114,3175,3318,3393,3245,3433,3834,3902,3299,3875,4615,5959,3483,3962,6053,12490,30.6725,31.9405,8.6119,47.4333
85026,3250,3350,3361,3282,3829,4087,3866,3567,4364,6214,5689,4124,4872,7467,6772,4339,18.5036,-1.49249,8.9504,48.2887
85027,3312,3904,5023,6651,3401,3918,5943,9210,3268,3747,4434,5475,3114,3328,3758,3870,-9.27282,22.4799,8.79895,48.2373
85028,3043,3315,3533,3591,3293,3671,4132,4784,3434,3916,5509,8438,3467,3959,5836,8738,15.2449,23.2518,8.70676,48.4393
85029,3148,3229,3369,3514,3185,3409,3758,3989,3330,3838,4807,6063,3352,3907,6198,12292,33.8902,25.1631,8.84126,47.592
85030,3150,3296,3341,3278,3442,3635,3917,3662,3943,4685,5325,4407,4233,6789,9233,5528,26.0334,4.11072,8.52878,47.9093
85031,6689,7759,4749,3782,5788,6822,4546,3621,4036,4139,3774,3487,3390,3589,3347,3166,-17.3453,-11.6793,8.53365,48.456
85032,4146,4136,3580,3325,5547,6393,4206,3444,6022,7339,4476,3599,4505,4580,3729,3416,1.87992,-12.5808,8.95479,48.2953
85033,4329,6908,9432,5532,3916,4640,5277,4509,3470,3705,3810,3615,3188,3367,3344,3302,-25.6416,4.10726,8.98904,48.2293
85034,3581,3649,3771,3493,3800,4770,4865,3794,4395,6978,7151,4359,3912,4972,5003,4056,7.79445,0.349898,8.96779,48.366
85035,4076,4366,4070,3482,4587,6894,5244,3834,4660,6628,5258,3854,3970,4283,3965,3610,-0.302588,-4.42985,8.76984,48.5207
85036,11343,6394,4001,3458,6960,5077,3820,3414,4043,3790,3466,3214,3493,3484,3174,3072,-22.2314,-23.6985,8.81657,48.1353
85037,3367,4165,7300,11290,3338,3816,4929,5896,3193,3423,3837,3932,3073,3233,3324,3382,-28.2703,21.3642,8.76395,47.6653
85038,3387,3735,5283,7901,3355,3949,5163,9338,3191,3563,4200,5055,3088,3301,3488,3643,-12.6299,33.0003,8.69761,47.76
85039,3281,3455,3391,3249,3583,3885,3627,3431,4515,5087,4811,3884,5367,9246,6793,4231,33.1009,-4.03899,8.50959,47.8907
85040,3265,3594,4075,4333,3374,4101,5937,6128,3510,4165,6625,6661,3410,3815,4476,4701,1.85978,15.6977,8.96339,48.1133
85041,4456,6625,8450,5317,3965,5049,5759,4362,3548,3821,3764,3679,3259,3382,3466,3247,-21.6372,3.17358,8.59045,48.0993
85042,10594,5900,3896,3360,7808,5114,3715,3466,4273,3797,3426,3132,3355,3511,3173,3096,-18.6914,-26.9572,8.7393,47.744
85043,3078,3237,3321,3415,3278,3382,3826,3957,3384,3744,4845,6378,3467,4008,5951,12407,26.0685,31.4834,8.55489,47.7853
85044,12609,6073,3847,3337,6137,4653,3837,3401,3935,3791,3489,3230,3380,3280,3260,3081,-28.2679,-28.7594,8.67097,47.56
85045,3795,4306,5135,4486,3829,5397,8054,5110,3653,4359,5150,4254,3448,3736,3754,3636,-6.82736,6.16482,8.7302,48.068
85046,3133,3215,3398,3428,3306,3551,3842,3792,3503,4185,5244,5197,3712,4999,9522,7745,32.7062,12.193,8.53174,47.848
85047,3214,3857,5177,7456,3339,3862,5543,9287,3292,3663,4297,5130,3132,3295,3615,3812,-11.4856,24.0777,8.56848,47.9807
85048,12181,6077,3939,3438,6282,4726,3786,3497,3884,3889,3415,3209,3388,3305,3329,2959,-25.3582,-32.7195,8.67529,47.536
85049,3354,3694,4146,4220,3470,4063,6163,6335,3486,4128,6406,6714,3339,3749,4503,4704,1.0555,15.7837,8.86054,48.316
85050,6238,4705,3801,3336,9840,5278,3736,3366,6098,4455,3592,3253,4126,3891,3308,3185,-7.09115,-27.3148,8.63151,48.1387
85051,3161,3415,3885,4086,3269,3653,4637,6411,3263,3781,5587,9472,3374,3696,4590,5915,6.01563,24.0599,8.76035,48.13
85052,4381,3883,3403,3224,6991,4705,3623,3286,9393,5269,3751,3388,5470,4432,3664,3359,3.75673,-26.6529,8.6765,48.148
85053,6738,6791,4379,3506,6514,6972,4276,3513,4402,4346,3638,3438,3582,3564,3372,3146,-14.6102,-14.4744,8.63537,48.118
85054,3425,3487,3282,2983,3745,3979,3641,3439,5138,6152,4523,3715,6641,8929,5272,3939,20.9585,-9.90409,8.80412,48.1933
85055,3211,3325,3384,3291,3424,3575,3936,3782,3774,4382,5290,4963,3892,5637,9808,6623,32.3522,8.79522,8.52015,48.198
85056,3168,3299,3324,3064,3638,3765,3818,3405,4445,5304,4747,3848,5460,9463,7155,4356,27.2522,-3.65174,8.98684,48.1727
85057,3440,3999,5598,6924,3416,3902,6192,8525,3205,3620,4387,5018,3135,3339,3686,3690,-11.7846,19.6428,8.70857,48.0507
85058,3302,3476,3936,4310,3363,3851,4825,6398,3337,3808,5756,9185,3193,3595,4567,5539,4.81944,22.98,8.79096,48.294
85059,3129,3258,3358,3416,3168,3428,3810,4020,3330,3737,4709,5998,3317,3812,6203,12493,32.6882,25.8997,8.84072,47.4573
85060,3333,3434,3394,3207,3838,3966,3769,3478,4785,6291,4973,3730,5691,8614,5771,4044,19.5623,-6.19253,8.83068,48.212
85061,4515,4051,3474,3160,7523,4978,3782,3334,8805,5114,3789,3405,5035,4470,3597,3199,1.92445,-24.7483,8.78811,48.154
85062,3551,3453,3249,3051,4587,3987,3569,3239,8504,5068,3717,3463,9670,5596,3867,3357,16.472,-28.5341,8.7698,47.952
85063,3868,4853,6715,5075,3874,5269,7542,5363,3557,3978,4487,4092,3227,3473,3635,3470,-13.2724,7.54224,8.62965,48.3187
85064,3192,3748,4574,6024,3380,3817,5179,9889,3320,3651,4597,6268,3214,3396,3722,4054,-6.40059,28.4249,8.68218,48.0167
85065,3479,4605,7836,8493,3571,4107,5771,6316,3368,3588,3971,3972,3192,3292,3401,3517,-20.4514,15.7154,8.58574,48.3193
85066,3264,3955,5855,11280,3284,3816,4967,7451,3325,3378,3783,4243,3098,3224,3415,3449,-20.3778,30.4632,8.9892,47.858
85067,3437,3893,4738,4560,3565,4518,7315,6435,3412,4071,5909,5359,3299,3637,4048,4031,-3.309,13.4778,8.75303,48.1513
85068,3257,3585,4290,4927,3376,3754,5003,9122,3401,3733,4923,7722,3174,3589,4013,4386,-1.95001,33.2732,8.9512,48.17
85069,4069,6190,9277,5541,3916,4728,5787,4666,3503,3752,3747,3657,3181,3335,3325,3361,-22.5515,5.37142,8.90454,48.0233
85070,4191,3800,3422,3267,6661,4791,3681,3365,9654,5301,3800,3284,5777,4419,3677,3205,4.79175,-27.9317,8.68449,48.1967
85071,3437,3355,3197,3048,4147,3679,3554,3175,7235,4897,3765,3359,11450,5990,3902,3422,21.3754,-27.2657,8.85964,47.7413
85072,3818,3846,3551,3248,4867,5647,4081,3460,6096,8209,4669,3617,4594,5089,4040,3553,5.48137,-10.2057,8.95441,48.2567
85073,3275,3875,5948,10651,3209,3847,4978,7899,3133,3466,3948,4275,3241,3200,3448,3527,-18.7623,27.0617,8.90218,47.9467
85074,3905,5647,8443,5892,3762,4824,6583,5039,3425,3763,3956,3858,3178,3317,3428,3327,-18.9037,7.67539,8.74071,48.2313
85075,3790,4734,6633,5138,3783,5064,7933,5409,3537,3905,4570,4159,3242,3546,3665,3641,-12.4797,8.09781,8.77194,48.4993
85076,3560,3633,3427,3262,4093,4792,4389,3667,4899,8098,5720,3860,4492,5705,4704,3895,9.40688,-5.21122,8.9684,48.1307
85077,3569,3581,3723,3640,3717,4487,5464,4161,3943,5740,7738,4852,3794,4568,5071,4450,5.95349,4.97399,8.79227,48.332
85078,3610,3699,3543,3386,4235,5201,4356,3571,4710,7936,5870,3976,4366,5248,4617,3895,7.38274,-4.37667,8.86811,48.146
85079,3577,4239,5240,4899,3577,4673,7868,6214,3476,4044,5378,4885,3266,3556,3878,3784,-6.53951,11.4596,8.64906,48.3693
85080,3376,3329,3164,3052,4023,3873,3450,3142,6507,5093,3924,3467,10804,7135,4119,3502,23.4836,-20.6536,8.84045,47.9733
85081,3534,4480,7811,8336,3464,4111,5860,6069,3216,3534,4043,4115,3151,3344,3420,3444,-20.2031,15.7465,8.60823,47.9547
85082,3219,3340,3439,3219,3476,3633,3824,3835,3747,4428,5343,4707,3703,5652,9886,6291,33.974,8.57163,8.5239,47.828
85083,3134,3246,3321,3358,3193,3487,3854,3975,3362,3917,5018,5985,3450,4098,7171,11108,33.8432,20.4272,8.59496,47.7847
85084,4286,6239,8185,5133,3868,5337,6239,4543,3608,3785,4162,3713,3223,3331,3352,3305,-19.006,3.80907,8.83296,48.206
85085,3185,3493,4304,5178,3360,3821,5109,8963,3361,3819,4826,7470,3188,3536,4005,4492,-2.36249,30.6949,8.50132,48.0733
85086,3494,3882,4020,3632,3999,5040,5542,4128,4151,6259,7078,4473,3815,4473,4662,4005,4.50396,1.72304,8.78433,48.4353
85087,5321,4972,3775,3274,7998,6586,4154,3430,5738,5167,3821,3440,3952,3922,3553,3246,-5.60662,-18.0244,8.57799,48.2327
85088,12559,6048,3805,3433,6020,4634,3748,3383,3878,3770,3342,3300,3373,3361,3326,3200,-30.1156,-28.2045,8.83973,47.4533
85089,8392,8857,4750,3443,5398,5157,4231,3548,3890,3914,3567,3307,3433,3384,3365,3081,-33.6294,-13.8665,8.54016,47.8113
85090,5400,8881,6411,4210,4587,5845,4911,3915,3720,3791,3660,3486,3225,3318,3351,3300,-21.7957,-4.90077,8.60721,48.0073
85091,3163,3135,3332,3295,3184,3465,3803,3798,3375,3967,4960,5762,3486,4116,7694,10945,29.9449,19.6438,8.63353,47.6533
85092,3396,3920,6135,10620,3282,3814,5287,7526,3260,3527,4031,4348,3119,3341,3335,3491,-19.6029,24.3617,8.76688,48.288
85093,3601,3652,3308,3136,5009,4249,3595,3349,9858,5217,3801,3259,7591,5142,3736,3276,12.0595,-33.2339,8.83705,47.8527
85094,3500,4081,5742,6193,3481,4197,6866,7544,3327,3778,4683,4861,3178,3393,3652,3730,-11.0823,16.8852,8.5118,48.1373
85095,5141,8954,7263,4359,4264,5059,4807,4056,3638,3814,3773,3623,3306,3415,3289,3225,-33.3656,-2.61053,8.55043,47.9907
85096,3498,3443,3298,3078,4201,4036,3532,3137,7174,5180,4034,3503,10393,6490,3997,3465,20.1698,-22.5781,8.54147,48.306
85097,3095,3559,3924,4058,3409,3566,4792,6193,3464,3919,5770,9150,3424,3725,4689,5798,5.78443,22.2391,8.75598,48.3567
85098,3304,3682,4608,5991,3293,3727,5153,10014,3382,3659,4409,6121,3180,3338,3782,3988,-6.72823,31.4918,8.87171,47.754
85099,3455,3482,3453,3231,3996,4264,4029,3481,4979,7393,5601,3999,4933,7101,5324,3963,14.6606,-4.93231,8.90751,48.456
85100,3406,3501,3248,3147,3936,3739,3495,3286,5973,4884,3820,3367,11673,6780,4072,3406,32.8811,-22.8111,8.57542,47.822
85101,6449,4716,3867,3341,9867,5270,3827,3322,5833,4390,3635,3256,3904,3804,3339,3146,-8.44644,-30.3283,8.61829,47.9773
85102,3329,3421,3101,3204,3694,3916,3566,3243,5106,5298,4231,3591,7575,9714,5059,3731,32.9,-11.4938,8.96177,47.8527
85103,4606,4147,3566,3205,7206,5422,3790,3266,8121,5687,3945,3368,4897,4428,3663,3287,1.22744,-20.9984,8.94329,48.4027
85104,3456,3802,3614,3343,4202,4900,4092,3608,5147,7908,5313,3797,4715,5700,4591,3749,9.38827,-6.54025,8.67949,47.958
85105,6646,4879,3639,3328,9733,5338,3842,3392,5793,4390,3665,3297,4034,3763,3367,3042,-8.7613,-28.268,8.59602,48.0987
85106,3415,4112,6285,6777,3450,4181,6904,7431,3345,3643,4284,4559,3193,3474,3594,3556,-13.2233,16.2296,8.96643,48.1353
85107,3095,3181,3404,3553,3400,3705,3899,3656,3708,4579,5886,5056,3936,5502,9297,6411,22.3047,8.68523,8.5996,48.1787
85108,3488,3897,4621,4530,3653,4512,7385,5778,3481,4268,6265,5200,3259,3666,4162,4125,-2.23588,11.2473,8.72835,48.1933
85109,12219,6253,3892,3323,6106,4865,3759,3421,3861,3804,3391,3183,3478,3417,3278,3240,-33.784,-25.7644,8.58527,47.66
85110,3747,4730,8569,7916,3529,4097,5803,5629,3271,3615,4015,3944,3125,3220,3455,3445,-21.9855,13.5234,8.60773,48.0733
85111,6007,9918,6398,4065,4582,5187,4617,3761,3707,3765,3474,3507,3263,3366,3270,3211,-29.2364,-6.35184,8.89342,48.0653
85112,3967,5422,9607,7017,3646,4230,5528,5063,3374,3622,3815,3776,3160,3244,3334,3358,-24.9091,10.1761,8.67086,48.1087
85113,3074,3266,3330,3340,3285,3402,3749,3856,3558,4114,5269,5296,3726,4903,9153,8363,27.8357,13.5413,8.89192,47.7893
85114,6616,6151,4100,3468,7557,6860,4188,3395,4620,4586,3764,3300,3668,3529,3366,3149,-12.6774,-16.2106,8.7965,48.2113
85115,3050,3197,3440,3484,3176,3601,3907,4029,3405,4004,5484,6400,3558,4392,7362,9736,21.3324,18.8543,8.64719,48.15
85116,3274,3374,3387,3285,3464,3752,3909,3583,3949,4918,5125,4280,4426,7499,8774,5188,29.7569,2.26353,8.53377,48.1247
85117,9577,5567,3916,3410,8556,5154,3703,3331,4512,4061,3523,3250,3414,3559,3241,3166,-16.0892,-30.5143,8.79227,47.96
85118,3295,3375,3261,3123,3743,3909,3673,3336,5381,5588,4361,3623,7502,9147,4939,3770,23.701,-12.2697,8.81071,48.0173
85119,4151,4086,3660,3308,5591,6056,4089,3556,6553,7190,4218,3528,4717,4603,3785,3425,2.58468,-13.7761,8.82168,48.344
85120,3936,4453,4308,3698,4280,6686,5995,4174,4270,5986,5395,3873,3746,4114,3995,3513,-1.91459,-1.76384,8.53186,48.2813
85121,3315,3351,3329,3180,3664,3737,3578,3421,4612,5179,4497,3819,5926,9936,6292,4006,30.0804,-6.00119,8.70703,47.8947
85122,3810,4201,4892,4127,3979,5704,7449,4877,3724,4719,5715,4192,3457,3687,3972,3728,-4.58432,4.58264,8.66294,48.1553
85123,3399,3349,3223,3110,4009,3709,3480,3264,6688,4907,3719,3408,12102,6018,3905,3361,24.2877,-29.2364,8.86825,47.7673
85124,12754,5997,3853,3369,5989,4792,3799,3370,3935,3700,3354,3270,3284,3323,3225,3136,-29.0886,-29.2462,8.98812,47.4333
85125,3338,3400,3854,4158,3357,3675,4611,6861,3415,3706,5150,9653,3265,3704,4394,5410,4.48882,32.0029,8.94419,47.9673
85126,4544,5217,4224,3646,5256,7976,5210,3910,4374,5389,4242,3490,3740,3798,3678,3463,-6.47976,-6.91868,8.67482,48.1047
85127,3205,3697,4478,5603,3441,3863,5113,9527,3304,3621,4709,6977,3201,3364,3929,4195,-4.1966,31.9982,8.61679,48.1513
85128,3449,3950,4687,4322,3569,4663,7492,5870,3512,4230,6273,5224,3346,3614,4075,4034,-2.83226,10.823,8.68129,48.2067
85129,3290,3825,5208,5982,3511,4101,6717,8558,3345,3810,4530,5255,3145,3388,3703,3798,-8.81153,18.8593,8.95513,48.1107
85130,4137,3843,3531,3238,6477,4578,3669,3418,9564,5185,3807,3312,5820,4436,3718,3234,5.43913,-29.8245,8.77476,47.978
85131,3314,3336,3228,3126,3673,3976,3542,3445,4780,5218,4444,3661,6516,9803,5819,3827,31.3903,-8.63979,8.82729,47.8053
85132,4577,3897,3352,3159,7493,4866,3661,3275,9167,5183,3708,3338,5129,4370,3570,3252,2.4682,-27.2632,8.95571,47.998
85133,3009,3297,3494,3690,3247,3684,4178,4721,3359,3912,6283,8596,3403,3973,5739,7250,12.8259,19.5172,8.98281,47.89
85134,3298,3558,4077,4200,3373,3848,5421,6020,3497,4108,6558,7742,3404,3707,4696,4999,3.56222,17.589,8.96454,48.3373
85135,3250,3531,3700,3550,3411,4113,4854,4193,3752,5223,8059,5497,3890,4593,5949,5000,10.4111,8.07311,8.7777,48.3767
85136,3372,3966,6843,11366,3356,3818,5028,6466,3171,3420,3913,4081,3107,3321,3442,3463,-23.8843,22.7382,8.84595,48.0887
85137,3236,3485,4068,4587,3481,3626,4844,7923,3403,3737,5048,8871,3338,3614,4187,4847,1.52922,31.4731,8.98825,48.1967
85138,3364,3309,3274,2997,4005,3992,3607,3232,6263,5788,4175,3559,8385,7919,4546,3631,20.4549,-15.662,8.75492,48.0307
85139,3625,3829,3896,3452,3932,4747,4949,3937,4222,6658,6893,4366,3916,4758,4989,4019,6.67298,0.754631,8.56424,48.1253
85140,3682,3667,3249,3246,4759,4393,3681,3268,7871,6469,4154,3525,6921,5807,4097,3418,12.9687,-17.4382,8.50165,48.138
85141,3678,4811,8967,8088,3553,4208,5649,5495,3345,3636,3863,3980,3139,3282,3364,3287,-23.7122,13.5465,8.81898,48.23
85142,3558,4500,8604,9348,3557,3945,5098,5406,3322,3441,3932,3829,3080,3193,3432,3404,-32.8306,16.0852,8.85001,47.766
85143,6842,9601,5440,3787,4966,5927,4337,3633,3802,3930,3680,3408,3297,3383,3292,3148,-23.2505,-9.8826,8.79391,48.3153
85144,3346,3930,5580,6209,3538,4097,6772,8231,3328,3760,4574,4997,3155,3394,3675,3698,-9.76829,18.2089,8.7833,48.1893
85145,3298,3642,4463,5372,3329,3880,5181,9508,3359,3596,4644,7068,3173,3406,4057,4302,-3.60903,27.5431,8.86832,48.1853
85146,3158,3288,3424,3275,3574,3649,3788,3706,3907,4507,5339,4578,3945,6150,9739,6092,29.2813,6.4948,8.56827,48.0793
85147,3149,3149,3361,3268,3296,3469,3811,3871,3281,3886,4853,5861,3357,3998,6610,12387,30.2738,23.4605,8.99306,47.738
85148,3110,3422,3600,3748,3230,3597,4491,5207,3414,3909,5998,9064,3394,3954,5286,6945,10.5789,21.309,8.62516,48.246
85149,4217,6590,9682,5776,3904,4692,5249,4409,3419,3643,3776,3679,3090,3358,3379,3136,-28.3501,5.39691,8.53424,47.9993
85150,3182,3237,3449,3451,3329,3692,3819,3864,3588,4069,5115,5185,3575,4777,9045,8498,32.3474,13.986,8.6313,47.9167
85151,4470,3997,3534,3362,7718,4860,3650,3408,8790,5144,3809,3340,4987,4287,3548,3290,1.69591,-27.8048,8.65296,48.1293
85152,3545,3824,3910,3659,4043,5171,5414,4147,4195,6363,6956,4489,3856,4443,4500,3937,4.13811,1.59045,8.66786,48.3013
85153,4443,7443,9082,5032,4083,4680,5197,4411,3521,3788,3833,3550,3212,3248,3356,3275,-33.2953,2.61227,8.65354,48.1027
85154,3224,3226,3370,3289,3366,3590,3869,3888,3721,4421,5691,4826,3982,5749,9501,6365,24.0203,8.20411,8.5978,48.052
85155,3232,3282,3192,3413,3262,3524,3872,4082,3349,3827,4832,6387,3421,3974,5955,12378,25.3048,32.4662,8.52599,47.988
85156,5556,9448,6959,4262,4462,5123,4567,4019,3670,3776,3718,3443,3255,3384,3337,3206,-30.2721,-4.46133,8.71219,48.1233
85157,11414,7126,4084,3428,5688,4985,3919,3312,3896,3723,3452,3277,3420,3405,3301,3274,-31.9713,-21.3321,8.65198,47.8027
85158,3148,3170,3350,3485,3297,3429,3816,3898,3384,3765,4671,6110,3397,3888,6022,12572,27.1732,31.5121,8.90848,47.6013
85159,3450,3389,3249,3162,3792,3760,3403,3312,6220,4699,3702,3441,12766,6014,3970,3321,27.9862,-30.3639,8.54774,47.7667
85160,3432,3381,3214,3095,3732,3801,3562,3258,5523,5126,3989,3451,9579,8656,4493,3574,31.5641,-16.2281,8.8021,47.9107
85161,3846,4372,4431,3866,4128,6503,6467,4163,4180,5435,5465,4123,3632,3996,3996,3668,-2.58121,0.246203,8.92189,48.1807
85162,3171,3281,3353,3410,3286,3418,3666,3926,3402,3689,4700,5947,3454,3806,5990,12648,30.5628,31.8476,8.82563,47.4313
85163,7014,9952,5458,3831,4993,5166,4283,3846,3695,3788,3736,3407,3453,3440,3264,3189,-31.4547,-9.75836,8.62382,48.3433
85164,3314,3873,5565,7735,3459,3900,5937,8650,3244,3546,4259,4904,3063,3280,3590,3752,-12.9549,21.5834,8.60894,48.0473
85165,3384,3340,3178,3111,3966,3760,3435,3240,6027,4745,3788,3321,12494,6186,3981,3419,28.8166,-27.0749,8.76405,47.5833
85166,3382,3373,3277,3098,3741,3809,3720,3301,4631,5340,4492,3809,6203,9935,6066,4069,28.3894,-7.14753,8.85818,48.164
85167,3209,3388,3882,4346,3336,3656,4676,6970,3397,3812,5192,9282,3160,3706,4437,5524,4.17302,25.9368,8.59258,47.982
85168,3700,4407,5056,4303,3917,5476,7938,4917,3719,4557,5512,4331,3281,3737,3840,3657,-5.73864,5.63071,8.65484,48.232
85169,11295,6643,3906,3407,6787,5029,3871,3335,4131,3853,3482,3193,3375,3293,3173,3111,-23.3208,-23.17,8.60084,47.9227
85170,4026,5466,8507,5801,3793,4710,6571,4956,3417,3731,4004,3773,3234,3277,3520,3392,-18.9981,7.76637,8.8057,48.1187
85171,3106,3301,3543,3558,3422,3913,4394,4199,3665,4666,7455,5793,3738,4634,6910,5923,14.3503,10.7614,8.86973,48.1467
85172,3380,3908,6038,11551,3399,3805,4913,7146,3227,3496,3779,4087,3149,3258,3482,3376,-22.0169,27.0983,8.75837,47.996
85173,3392,3979,6198,12637,3335,3732,4791,6220,3178,3453,3832,3886,3123,3223,3371,3354,-27.3617,26.8146,8.93939,47.8027
85174,3467,3637,3354,3125,4183,4349,3818,3341,6069,7239,4566,3663,5981,7049,4459,3718,14.618,-11.8588,8.5297,48.012
85175,4811,6266,4971,3856,4993,7851,5714,4009,4014,4695,4075,3614,3545,3516,3401,3264,-11.9015,-5.18307,8.83039,48.3967
85176,3624,4144,5027,4509,3715,5168,8072,5229,3591,4208,5619,4518,3401,3538,3932,3824,-5.89089,8.12039,8.7225,48.0793
85177,4125,3765,3285,3244,6223,4683,3781,3387,9654,5542,3808,3226,6114,4670,3692,3218,6.68462,-24.6004,8.78467,48.278
85178,3508,3559,3265,3204,4673,4191,3570,3200,8127,5859,3968,3400,8139,5851,3955,3454,14.4956,-21.0523,8.70425,47.9487
85179,3568,3495,3244,3092,4385,3935,3555,3189,8406,5245,3752,3415,9820,5803,3908,3373,17.1916,-26.9358,8.88421,48.1233
85180,4684,5875,4781,3795,5186,8067,5412,4011,4082,4706,4084,3528,3574,3588,3555,3396,-10.3595,-6.26615,8.74471,48.216
85181,3244,3654,4564,5498,3378,3809,5710,9119,3193,3711,4937,6575,3166,3489,3917,4220,-4.43784,22.1795,8.98142,48.1227
85182,3318,3609,4178,3998,3481,4282,6001,5465,3561,4466,7291,6316,3387,3835,4572,4711,3.15775,12.9155,8.52668,48.314
85183,3436,3425,3307,3098,3832,3920,3560,3236,5780,5330,3967,3453,9356,8067,4537,3478,25.4988,-16.831,8.50684,47.8547
85184,3318,3600,4190,4699,3308,3749,5037,8118,3367,3721,5013,8289,3281,3632,4113,4811,0.0327222,27.0939,8.50352,48.164
85185,5572,4655,3606,3349,9450,5167,3873,3434,6909,4591,3541,3226,4213,3837,3491,3113,-4.56118,-30.3852,8.88742,48.018
85186,3086,3198,3444,3361,3280,3330,3812,3948,3399,3767,4900,6044,3370,4018,6601,12326,28.442,24.952,8.65287,47.9227
85187,3132,3254,3423,3362,3281,3540,3971,4045,3629,4107,5575,5384,3610,4791,9035,8319,23.7576,13.6031,8.67968,48.3053
85188,4449,3956,3516,3273,7352,4673,3635,3420,9322,4885,3725,3354,5184,4205,3536,3264,2.89528,-29.3273,8.93299,47.8327
85189,3670,3457,3252,3145,4936,4041,3577,3244,8833,5720,3866,3548,8174,5492,3936,3430,13.7372,-23.0433,8.84392,48.214
85190,3544,3472,3482,3036,4396,4222,3664,3364,7482,6325,4136,3447,7622,6407,4192,3421,15.2906,-17.7267,8.91415,48.1413
85191,3974,5749,8355,5591,3868,5007,6668,4814,3403,3732,4052,3796,3152,3446,3591,3337,-18.0732,6.05583,8.65768,48.3567
85192,3715,3590,3239,3132,4732,4259,3534,3220,8618,5629,3845,3337,8272,5585,3950,3424,13.9207,-23.4727,8.58172,48.054
85193,3679,4744,8949,8361,3631,4205,5509,5699,3258,3467,3868,3912,3017,3291,3353,3428,-23.7788,14.005,8.89878,48.2473
85194,3415,4003,5980,12780,3421,3740,4769,5996,3290,3367,3736,3992,3099,3191,3277,3327,-29.7221,29.7584,8.87362,47.5887
85195,3408,3948,5620,10834,3339,3751,4892,7670,3288,3457,3988,4201,3062,3276,3535,3421,-19.5367,31.6676,8.94499,47.7933
85196,5461,9242,7059,4322,4444,5160,4877,4015,3715,3728,3671,3505,3286,3260,3303,3183,-26.2292,-3.51894,8.91139,48.154
85197,3093,3148,3373,3364,3307,3523,3788,3928,3499,3932,5113,5629,3538,4319,8022,10429,30.9763,18.5053,8.82748,48.0033
85198,3402,3921,6190,12357,3420,3879,4705,6068,3223,3523,3775,3973,3187,3181,3356,3407,-31.4511,25.8968,8.52878,47.7113
85199,3067,3225,3388,3370,3248,3444,3770,3975,3288,3851,4827,6373,3386,4027,6228,12306,26.1886,27.1912,8.65492,47.8487
85200,4628,7662,7921,4699,4135,5446,5351,4267,3628,3831,3830,3592,3271,3412,3349,3291,-21.9065,0.0731066,8.98906,48.2087
85201,12599,5978,3844,3353,6020,4764,3767,3390,3990,3847,3307,3337,3333,3261,3223,3169,-30.6086,-31.7915,8.91396,47.4547
85202,3166,3246,3379,3416,3347,3471,4056,4646,3396,3918,5098,8912,3367,3919,5477,8941,15.0029,33.7086,8.96407,47.8367
85203,3305,3721,4923,6813,3336,3877,5491,9812,3263,3523,4378,5603,3144,3324,3805,3854,-9.31676,25.9668,8.75849,48.1147
85204,3482,3830,3966,3758,3783,4803,5741,4383,4119,5734,7381,4770,3773,4268,4641,4293,4.20932,3.79256,8.59052,48.4833
85205,3548,3475,3307,3107,4468,4080,3458,3242,8501,5041,3878,3435,9643,5589,3873,3361,16.6436,-29.8393,8.65815,48.004
85206,5218,4266,3547,3248,9037,5026,3702,3284,7413,4826,3701,3448,4560,3917,3402,3230,-2.48607,-27.8976,8.74589,47.8833
85207,3480,3437,3201,3100,4096,4047,3512,3177,7518,5303,3920,3437,10182,6268,3995,3396,18.9495,-22.9025,8.93603,48.046
85208,3319,3277,3295,3169,4129,3753,3370,3273,6490,4928,3754,3364,12180,6311,4055,3395,24.5177,-25.4445,8.94303,48.0413
85209,3308,3676,4284,4742,3488,3783,5751,7723,3271,3879,5500,7211,3312,3529,4128,4507,-0.816027,20.2373,8.51927,48.0613
85210,3167,3403,3405,3377,3305,3422,3953,3859,3578,4250,5109,4868,3794,5068,9612,7882,31.3884,11.8117,8.8063,48.0347
85211,3407,3829,6454,12475,3312,3803,4862,6024,3175,3450,3791,3945,3150,3186,3282,3377,-31.9052,24.7221,8.87835,47.6813
85212,3148,3246,3410,3345,3366,3551,3898,3888,3492,4132,5144,5393,3591,4766,9104,8654,29.5319,14.4034,8.69374,48.0853
85213,4159,6454,8708,5287,3935,4987,5996,4556,3488,3827,4067,3652,3225,3389,3493,3333,-20.9992,4.30274,8.96531,48.3707
85214,3564,3509,3255,3134,4698,4180,3526,3351,8352,5910,3935,3530,8209,5852,3926,3367,14.335,-20.7888,8.94193,48.1987
85215,3118,3478,3966,4304,3285,3632,4755,6930,3337,3792,5003,9517,3378,3628,4459,5391,3.62421,30.5372,8.90671,47.982
85216,3266,3400,3404,3155,3646,3748,3743,3505,4346,5086,4747,3937,5199,9103,7527,4373,30.0332,-2.76537,8.76733,48.1233
85217,3205,3301,3370,3341,3524,3771,3785,3816,3752,4498,5157,4753,4022,6246,9703,5877,32.2882,6.28904,8.58542,48.0807
85218,4050,5100,5799,4412,4147,6259,7466,4752,3618,4387,4534,3783,3279,3531,3573,3563,-10.6103,2.9812,8.95166,48.1687
85219,6932,9722,5555,3867,4936,5535,4365,3559,3768,3904,3589,3351,3350,3396,3315,3212,-25.2837,-9.81754,8.88409,48.2373
85220,6948,7126,4472,3604,6611,6480,4176,3593,4258,4247,3556,3222,3629,3504,3293,3037,-16.0943,-15.0905,8.63244,47.8373
85221,3324,3311,3111,3128,4093,3753,3374,3212,6399,4886,3835,3435,12183,6288,3923,3432,25.5959,-27.4531,8.63842,47.7913
85222,3446,3391,3264,3058,3967,3740,3439,3243,5946,5029,3957,3408,11193,7259,4264,3382,27.4379,-20.962,8.54634,47.9907
85223,3230,3329,3698,3800,3435,3651,4325,5455,3320,3785,5297,9882,3329,3773,5034,7029,9.63025,30.9582,8.54714,48.248
85224,3102,3119,3454,3503,3262,3373,3938,4153,3425,3901,4927,7250,3429,3831,6003,11259,21.0537,26.0341,8.8013,47.9527
85225,3527,4069,4903,4565,3720,4934,7989,5506,3661,4278,5846,4728,3289,3762,3978,3796,-4.74358,8.87702,8.75889,48.3673
85226,3458,3975,6263,8603,3445,3992,5897,7686,3226,3447,4145,4569,3157,3369,3476,3452,-16.4089,20.2435,8.57544,48.1067
85227,11260,5825,3979,3420,7348,4970,3687,3342,4197,3878,3370,3238,3508,3484,3309,3049,-20.5527,-27.8658,8.81832,47.9093
85228,7672,9502,5195,3710,5020,5324,4245,3571,3790,3817,3640,3317,3342,3391,3268,3131,-26.1092,-11.8703,8.73298,47.9567
85229,3853,5353,9762,7314,3606,4362,5465,4988,3223,3638,3858,3849,3163,3205,3407,3373,-27.5132,10.6936,8.53144,48.2793
85230,3204,3484,4233,4877,3317,3684,4902,8766,3302,3720,4832,7921,3251,3476,4131,4613,-1.22074,30.9766,8.92853,47.8087
85231,12258,5949,3919,3392,6809,4869,3797,3459,3996,3839,3457,3294,3362,3279,3240,3164,-23.3509,-32.933,8.91047,48.0553
85232,3075,3376,3452,3718,3221,3595,4166,4972,3387,3999,5654,9039,3295,3849,5533,8165,13.3965,22.9525,8.90286,48.3307
85233,6791,5116,3858,3269,9078,5920,3902,3403,5300,4478,3756,3269,3894,3675,3373,3197,-10.0824,-21.7324,8.5288,48.186
85234,6703,9456,5126,3727,5186,6000,4344,3686,3847,3830,3664,3432,3280,3484,3267,3176,-22.3012,-9.83716,8.91716,48.1387
85235,3201,3288,3417,3397,3129,3434,3838,4080,3333,3808,4929,7129,3469,3890,5914,11445,21.8323,28.1327,8.68003,47.8007
85236,3286,3768,4406,4621,3535,4161,6707,6443,3616,4104,6161,5963,3323,3724,4234,4344,-1.29108,14.3786,8.97271,48.264
85237,3405,3517,3224,3146,4115,4140,3585,3349,6248,6097,4179,3498,7741,7856,4616,3529,19.015,-14.477,8.83515,48.1633
85238,12923,5900,3853,3415,6029,4735,3603,3341,3958,3704,3381,3223,3339,3339,3305,3135,-31.2304,-28.8436,8.96851,47.4553
85239,3734,4173,4286,3793,4086,5836,6168,4302,4100,5650,6101,4144,3678,3969,4225,3850,-0.400938,1.14477,8.60735,48.0633
85240,4455,4109,3480,3182,6872,5010,3790,3262,8741,5609,3925,3314,5143,4387,3642,3282,2.99086,-22.6496,8.70237,48.1353
85241,3136,3250,3573,3560,3249,3492,4098,5011,3334,3898,5300,9248,3365,3787,5266,8244,13.1742,26.5135,8.89663,47.874
85242,5508,4415,3565,3272,9351,5295,3717,3296,6906,4878,3636,3339,4293,3866,3499,3183,-4.0864,-25.6118,8.61716,48.0127
85243,3419,3418,3117,3107,4313,3937,3397,3198,7960,5125,3810,3455,10515,5771,3903,3245,18.6574,-29.5589,8.93662,47.7933
85244,3172,3179,3375,3232,3243,3496,3970,4113,3502,3759,5036,7464,3340,3904,5848,10909,19.9357,33.9444,8.8999,47.6947
85245,3223,3312,3352,3276,3429,3634,3798,3625,3945,4504,5247,4405,4180,6631,9759,5623,32.2468,4.95589,8.76447,47.962
85246,3305,3882,4743,5353,3446,4032,6372,8006,3435,3813,5151,6004,3293,3567,3851,4194,-5.0559,18.8734,8.59001,48.298
85247,7302,4921,3796,3347,9832,5299,3772,3279,5311,4359,3622,3350,3841,3520,3387,3170,-10.7854,-29.9161,8.6484,48.072
85248,3454,3655,3819,3693,3737,4594,5154,4030,4242,6174,7420,4671,3915,4533,4822,4102,6.01894,2.74122,8.65521,48.01
85249,4143,6107,9081,5710,3839,4731,6037,4751,3452,3631,3923,3725,3316,3335,3355,3269,-21.6514,5.90196,8.78439,48.27
85250,3459,3563,3411,3225,4102,4305,3961,3444,5485,7505,4870,3696,5432,7077,4869,3839,14.1877,-8.15914,8.67001,48.162
85251,3441,3928,6097,12389,3396,3749,4725,6515,3300,3451,3829,3932,3095,3227,3300,3372,-25.0801,29.0965,8.67442,47.8307
85252,5471,9387,6945,4261,4550,5280,4692,3938,3708,3755,3747,3453,3344,3318,3246,3269,-27.7951,-4.07304,8.97638,48.2427
85253,3287,3249,3326,3291,3470,3683,3870,3668,3858,4593,5419,4566,4130,6387,9693,5859,25.1831,5.53356,8.98769,48.2327
85254,3302,3810,5135,5771,3327,4030,6749,8348,3427,3783,5058,5690,3059,3431,3848,3885,-6.80256,18.4883,8.98244,48.4353
85255,3829,3608,3371,3196,5286,4458,3493,3227,9178,5968,3981,3381,6787,5375,3942,3398,10.21,-21.6544,8.90606,48.3187
85256,3673,3536,3364,3068,5155,4215,3585,3229,9619,5218,3716,3322,7837,5198,3863,3302,11.9143,-29.1042,8.77619,47.9333
85257,3530,3562,3334,3258,4127,4295,3760,3483,5529,7371,4715,3690,5727,7274,4899,3815,15.3029,-9.5115,8.84052,48.246
85258,4827,8133,8131,4846,4335,4863,4967,4215,3600,3763,3747,3520,3150,3370,3400,3305,-31.2236,-0.0729344,8.61843,48.1147
85259,3292,3527,4086,4033,3465,3962,5577,5335,3660,4406,7414,6729,3442,3920,4912,4917,4.61685,13.7735,8.86515,48.4513
85260,3709,3570,3189,3074,4728,4089,3637,3106,8557,5421,3872,3244,9086,5766,3883,3296,15.7932,-24.3319,8.95477,48.1513
85261,8621,5322,3885,3419,9102,5144,3763,3391,4787,4143,3609,3342,3658,3512,3258,3173,-14.304,-32.9128,8.61457,48.086
85262,3372,3398,3191,3165,3867,3759,3401,3211,6051,4664,3768,3481,12768,6034,3962,3382,30.3089,-29.6033,8.68533,47.6493
85263,7452,5082,3828,3393,9828,5235,3777,3440,5213,4254,3551,3357,3736,3737,3353,3123,-11.223,-31.0972,8.80177,48.2393
85264,4928,6327,4766,3811,5351,8047,5310,3795,4061,4643,4040,3479,3581,3619,3409,3285,-11.17,-7.43098,8.90379,48.3013
85265,3303,3501,3324,3210,3931,4239,3789,3421,5247,7262,4776,3710,5799,7680,5129,3697,16.3966,-8.72873,8.91402,48.012
85266,11591,6063,3981,3381,6910,4995,3748,3338,4071,3834,3493,3201,3352,3478,3260,3174,-22.8387,-26.0395,8.83233,47.9133
85267,4616,5595,4676,3873,5006,7704,5636,4101,4129,5032,4191,3687,3581,3799,3584,3339,-9.03441,-5.25637,8.50703,48.366
85268,3689,4157,4331,3905,3938,5475,6679,4586,3878,5284,6285,4476,3639,4030,4272,3912,-1.04528,3.38537,8.65607,48.3573
85269,3951,3808,3517,3166,5111,5219,3892,3454,6975,7462,4372,3511,5257,5141,4043,3408,6.72526,-14.1737,8.51883,48.1913
85270,3282,3350,3380,3273,3629,3771,3759,3411,4281,5030,4880,4065,5093,8798,7614,4565,30.7373,-1.49287,8.67509,48.1207
85271,3717,4791,8351,7180,3635,4337,6308,5722,3338,3657,3860,3970,3073,3285,3489,3446,-19.2938,12.4225,8.99994,48.106
85272,4291,7209,9022,5478,4000,4757,5282,4423,3366,3597,3842,3530,3164,3408,3360,3250,-26.3819,3.24567,8.51717,47.986
85273,3476,3928,3818,3427,4202,5265,4643,3745,4693,7551,6043,3987,4139,4912,4492,3861,6.10874,-3.22753,8.94018,48.1213
85274,3534,4333,6181,5496,3517,4622,7852,6359,3412,3852,4627,4501,3173,3363,3614,3818,-10.8555,12.1466,8.64214,48.1693
85275,3473,3342,3265,3208,3965,3834,3482,3277,6059,4729,3686,3320,12513,6033,3837,3294,32.9566,-29.7396,8.7116,47.5447
85276,3431,4205,7428,10176,3484,3829,5383,6554,3171,3484,3953,4016,3068,3236,3261,3406,-21.7559,19.3443,8.94849,48.0567
85277,9397,8530,4536,3420,5464,5230,3983,3445,3928,3798,3531,3240,3467,3351,3203,3125,-29.9346,-15.9542,8.6349,47.7653
85278,3120,3241,3439,3468,3218,3484,3949,4174,3343,3895,4980,7742,3316,3864,5807,10775,19.3805,31.2931,8.95002,47.8767
85279,3372,4131,7202,11250,3373,3886,4953,5875,3239,3532,3866,3973,3192,3204,3286,3357,-32.3361,21.1796,8.56468,47.794
85280,3512,4673,8342,9350,3486,4084,5400,5613,3253,3568,3893,3898,2902,3205,3405,3395,-26.1768,16.1091,8.5953,47.986
85281,3431,3414,3276,3025,3969,3984,3475,3228,6193,5035,3923,3406,10964,7168,4129,3424,25.1072,-20.7491,8.7299,48.0293
85282,3341,3451,3733,3446,3532,4075,4599,4067,3985,5545,7932,5094,3885,4720,6060,4828,11.2217,5.8054,8.78974,48.1953
85283,3128,3303,3333,3313,3265,3567,3697,3707,3648,4252,5278,5188,3778,5269,9812,7179,32.676,10.9189,8.86727,47.8113
85284,3670,3939,3839,3496,4343,5511,4948,3891,4529,7081,6144,4046,4027,4690,4409,3722,3.96653,-2.48971,8.74814,48.19
85285,3439,4283,7556,10538,3469,4046,4984,5946,3304,3517,3937,4016,3084,3164,3375,3406,-25.8816,19.7317,8.62047,48.0427
85286,3061,3201,3351,3348,3274,3446,3808,3981,3399,3827,4852,6052,3363,4053,7306,11796,27.2131,21.6153,8.86352,48.0787
85287,3190,3461,3974,4411,3407,3756,5012,6643,3358,3953,5687,8798,3483,3616,4498,5344,3.78061,22.6199,8.62482,48.394
85288,3352,3462,3328,3124,3773,3875,3555,3245,5174,5236,4317,3594,7929,9470,4986,3635,31.6257,-12.3601,8.53811,48.0367
85289,4484,6433,6508,4509,4291,6310,6322,4370,3720,4126,4175,3686,3281,3492,3413,3305,-15.4773,0.502208,8.65109,48.2833
85290,3241,3208,3402,3471,3227,3458,3695,3948,3402,3829,4681,5951,3476,3810,5911,12361,32.6449,31.2173,8.77261,47.3807
85291,3335,3608,4331,4540,3645,3930,6089,6695,3571,3926,6035,6886,3210,3695,4320,4477,0.0317336,16.8346,8.98366,48.1953
85292,3227,3455,3722,3715,3351,3811,4520,4869,3446,4176,6571,8245,3517,3915,5523,6261,10.1934,18.0792,8.59705,48.216
85293,4866,8390,7874,4831,4056,5044,5042,4141,3577,3650,3742,3610,3120,3374,3270,3248,-27.8944,-0.223606,8.77271,47.89
85294,3433,3712,4021,3830,3778,4725,5794,4382,3897,5587,7426,4684,3620,4361,4737,4149,4.02917,4.38897,8.58543,48.0907
85295,9254,5456,3751,3401,8825,5033,3776,3484,4610,4031,3417,3266,3460,3551,3262,3195,-15.4687,-30.7792,8.91033,47.848
85296,3325,3360,3391,3101,3748,3763,3664,3369,4749,5232,4320,3701,6590,9994,5918,3879,29.389,-8.4334,8.62852,48.0693
85297,4102,4222,3806,3422,5386,6644,4373,3570,5493,6967,4555,3583,4183,4463,3746,3459,0.701326,-10.3138,8.91458,47.9827
85298,8700,5451,3897,3396,8716,5407,3850,3364,4608,4185,3526,3202,3595,3556,3262,3162,-14.9363,-25.1142,8.66076,47.918
85299,4907,7327,6087,4259,4712,6754,5672,4060,3736,4106,4045,3518,3416,3436,3413,3165,-16.2012,-3.19666,8.99259,48.4087
85300,9814,5594,3935,3459,8067,5082,3837,3346,4313,4041,3511,3278,3609,3482,3281,3237,-17.5954,-33.9713,8.67293,47.924
85301,3732,4714,7799,6518,3648,4522,6770,5774,3406,3653,4059,4101,3247,3318,3466,3480,-17.2857,12.0012,8.67126,48.138
85302,5502,9441,6748,4314,4567,5352,4698,3869,3595,3925,3719,3526,3140,3271,3350,3141,-26.5916,-4.32355,8.64773,48.1053
85303,3585,3581,3280,3151,4715,4186,3581,3302,8734,5784,3915,3415,7905,5564,3858,3450,13.7398,-21.7657,8.76346,48.004
85304,3470,3406,3218,3262,3873,3709,3471,3345,6007,4827,3708,3408,12551,6066,3878,3471,31.9118,-28.8989,8.6,47.78
85305,6713,6752,4314,3468,6589,7023,4330,3616,4163,4290,3734,3353,3523,3522,3450,3161,-14.4791,-14.0129,8.83648,48.0007
85306,3529,4470,7720,8956,3467,4101,5596,6168,3243,3548,3920,4086,3125,3290,3405,3409,-21.2776,16.7856,8.67811,48.022
85307,7372,5126,3832,3219,9731,5382,3775,3269,5367,4374,3624,3227,3735,3623,3305,3176,-10.652,-26.4396,8.92614,48.0913
85308,3334,3559,3389,3290,4104,4196,3917,3503,5503,7268,4905,3661,5690,7372,4957,3749,15.592,-8.80192,8.57915,48.2647
85309,3448,4044,6805,11455,3449,3856,5071,6116,3184,3525,3902,3951,3033,3248,3346,3442,-27.7456,22.8689,8.54036,47.9167
85310,3595,4431,7139,6970,3532,4345,6912,6433,3421,3723,4276,4145,3144,3326,3488,3500,-16.0426,13.7433,8.9124,48.2533
85311,12643,5949,3800,3378,5918,4758,3775,3420,3922,3756,3485,3270,3396,3407,3292,3211,-31.376,-30.6611,8.73317,47.5867
85312,6896,9960,5362,3807,5014,5288,4281,3645,3851,3818,3674,3337,3374,3498,3354,3100,-33.3977,-10.1041,8.94056,48.1727
85313,3111,3271,3428,3494,3359,3490,3812,3848,3428,4270,5190,5315,3580,4762,8994,8388,32.5842,14.2578,8.51617,47.8267
85314,3374,3337,3249,3073,4042,3733,3373,3158,5990,4849,3872,3392,12562,6546,3937,3314,32.779,-24.3102,8.94345,47.8673
85315,3284,3983,5664,9961,3389,3872,5110,8171,3174,3552,3863,4401,3154,3282,3488,3476,-17.3449,29.4018,8.50958,47.8827
85316,4511,6295,5642,4166,4683,7201,6090,4180,3839,4306,4121,3622,3501,3494,3378,3309,-13.003,-2.54119,8.74415,48.2253
85317,5634,9731,6400,4127,4512,5151,4645,3868,3645,3779,3639,3443,3205,3307,3332,3270,-33.3619,-5.38913,8.78481,47.792
85318,3176,3250,3468,3380,3214,3440,3776,4012,3325,3832,4637,6012,3340,3992,6546,12139,33.8315,24.2854,8.67964,47.6927
85319,3437,3901,6011,11640,3274,3747,4990,6927,3266,3383,3800,3993,3197,3269,3319,3382,-22.7234,33.9186,8.9255,47.6907
85320,11102,7091,4040,3411,6179,5211,3864,3301,3980,3862,3524,3251,3375,3299,3215,3150,-24.7427,-21.0087,8.6955,47.9033
85321,5299,9435,7138,4332,4501,4989,4614,4083,3659,3762,3715,3428,3271,3338,3143,3284,-29.4594,-3.78485,8.81715,47.994
85322,4243,4714,4477,3865,4554,7153,6050,3991,4207,5542,4860,3894,3668,3872,3897,3504,-4.76973,-2.73534,8.5323,48.3273
85323,3112,3208,3689,3770,3241,3478,4216,5199,3362,3823,5214,9977,3208,3859,5072,7415,10.835,29.5146,8.98421,47.8953
85324,3411,3268,3165,3154,3772,3834,3534,3180,5919,4924,3916,3461,11433,7432,4137,3452,29.5706,-21.0243,8.89439,47.9947
85325,3264,3479,3903,3979,3388,3787,5033,5246,3524,4287,7248,7473,3478,3947,5252,5241,7.32439,15.5769,8.62114,48.3527
85326,8636,5453,3916,3408,9050,5205,3833,3500,4724,4162,3585,3231,3567,3545,3195,3133,-14.4798,-31.8501,8.6568,48.0953
85327,3395,4093,7004,10389,3368,3884,5263,6588,3221,3568,3835,4021,3191,3219,3492,3445,-21.9079,20.8461,8.79177,47.984
85328,3287,3413,3353,3194,3784,3880,3651,3375,4765,5171,4377,3708,6556,9988,5708,3860,31.2269,-8.56437,8.85774,48.0467
85329,3706,3786,3544,3340,4797,5175,4030,3510,6301,8164,4691,3564,5089,5293,3899,3452,7.29926,-11.6814,8.76248,48.2273
85330,3234,3384,3548,3338,3470,3765,4386,3997,3670,4932,7241,5163,3858,5269,7674,5438,16.0356,7.65865,8.54024,48.2447
85331,5019,4250,3625,3182,8664,5195,3787,3246,7754,4855,3727,3358,4513,4047,3486,3178,-1.96554,-28.0767,8.74066,47.924
85332,3300,3382,3247,3199,3822,3757,3615,3261,4580,5199,4461,3783,6483,10122,5972,3907,29.5479,-7.86152,8.69808,48.06
85333,3701,3658,3329,3191,4835,4315,3663,3118,8515,6191,3991,3388,7344,5640,3911,3408,12.6329,-19.9365,8.9713,48.132
85334,3519,3478,3136,3156,4078,3796,3453,3230,6637,5012,3886,3421,11085,6661,3983,3340,22.888,-22.5148,8.71335,47.914
85335,9431,6486,4072,3440,7494,5363,4033,3374,4403,3991,3611,3267,3496,3582,3197,3127,-18.2671,-21.5588,8.65619,48.2447
85336,3352,3725,4428,5320,3485,3837,5062,9161,3268,3818,4866,6967,3212,3431,3987,4280,-3.44432,33.9447,8.7333,48.1327
85337,5254,7210,5194,3919,5041,7471,5190,3791,4012,4399,3946,3571,3417,3575,3535,3196,-14.7917,-6.41307,8.88698,48.4807
85338,3840,4379,4079,3753,4253,6292,6145,4236,4083,5949,5655,3988,3757,4171,4231,3718,-1.08798,-0.551822,8.71837,48.3527
85339,3121,3255,3472,3522,3257,3613,3977,4583,3355,3748,5124,8744,3422,3845,5398,9452,16.1185,29.429,8.95135,47.9253
85340,4751,4464,3623,3329,7244,6117,3969,3421,6858,5656,3888,3442,4463,4212,3671,3329,-0.896493,-18.3006,8.58977,48.2913
85341,3153,3256,3367,3288,3379,3651,3822,3730,3758,4520,5164,4616,4144,6416,9840,5710,32.2918,5.94008,8.73712,47.876
85342,3421,3937,6320,12408,3338,3742,4685,6015,3216,3623,3892,3979,3034,3228,3337,3412,-30.0337,26.2197,8.55377,47.7247
85343,3852,3600,3264,3192,5354,4418,3640,3290,9180,6065,3806,3305,6836,5236,3821,3285,10.5325,-21.6516,8.96065,48.096
85344,3429,3914,5727,10116,3495,3771,5079,8339,3346,3403,3965,4338,3105,3296,3524,3460,-17.4402,27.4198,8.95008,48.2047
85345,3283,3711,4155,4254,3538,4000,5575,6028,3517,4168,6517,7181,3368,3778,4579,4989,3.06966,16.3734,8.53349,48.4273
85346,3152,3371,3421,3280,3291,3723,3985,3830,3785,4578,6101,5082,3907,5588,9049,6343,21.5651,8.633,8.78052,48.324
85347,3053,3395,3552,3782,3276,3670,4184,5233,3400,3870,5257,9625,3365,3814,5112,7717,11.4982,30.7921,8.81395,48.2033
85348,12255,6024,3797,3326,6392,4787,3753,3366,4133,3770,3540,3210,3403,3352,3215,3180,-24.6678,-30.0556,8.63229,47.6687
85349,6354,9935,5801,4025,4949,5558,4399,3871,3742,3854,3569,3299,3280,3435,3236,3188,-24.466,-7.93262,8.99075,48.33
85350,3142,3335,3238,3410,3227,3498,3872,4079,3379,3849,4809,7117,3406,3931,6081,11511,22.1518,26.4808,8.79482,47.9227
85351,3208,3397,3403,3227,3595,3883,3790,3447,4188,5043,4866,4131,4753,8416,8294,4721,28.771,-0.335438,8.81446,48.2413
85352,4368,4816,4158,3502,5383,7890,5059,3643,4734,5849,4362,3671,3950,3919,3780,3453,-3.80075,-8.03076,8.89192,48.358
85353,3385,3707,4183,4710,3317,3751,5212,7797,3351,3799,5400,7951,3243,3503,4204,4850,0.454578,23.2325,8.56228,48.242
85354,3235,3592,4133,4815,3283,3741,4946,8151,3386,3819,4988,8215,3131,3574,4201,4819,0.238237,29.5916,8.9405,48.0193
85355,3415,3808,4646,5026,3431,4102,6862,7615,3361,3829,5358,5965,3199,3497,4038,4044,-4.24309,16.9755,8.94297,48.1307
85356,3375,3377,3172,3056,4195,3840,3492,3289,6745,4806,3731,3337,12057,6209,4035,3367,23.6025,-26.6236,8.82105,48.0553
85357,3397,3421,3232,3131,4019,3903,3540,3301,6376,5350,3964,3468,9834,7324,4204,3395,22.3607,-19.331,8.54927,47.906
85358,10671,7485,4103,3400,6218,5097,3909,3334,4106,3854,3454,3182,3416,3385,3217,3102,-24.1725,-20.0231,8.86065,47.9553
85359,3127,3266,3471,3432,3248,3582,4103,4236,3583,4262,6108,6530,3389,4449,7328,7854,18.1664,16.0498,8.57184,47.9787
85360,4289,4099,3691,3326,5860,6084,4112,3506,6447,6843,4227,3549,4627,4562,3741,3468,2.00784,-13.7416,8.65209,48.2873
85361,3200,3521,3799,3988,3396,3727,4893,5917,3398,3940,6130,9061,3334,3705,4770,5784,6.62701,21.1181,8.76579,48.3753
85362,7832,5109,3759,3369,9719,5171,3775,3347,5058,4256,3582,3180,3688,3540,3304,3122,-11.9989,-31.8158,8.77418,47.874
85363,3630,4689,8405,7995,3748,4258,5909,5722,3285,3618,3895,3914,3156,3237,3411,3393,-21.0222,14.2142,8.98922,48.1767
85364,3372,3372,3247,3057,3882,3788,3540,3278,5927,4845,3880,3436,11618,7172,4170,3485,31.762,-22.0329,8.66628,48.046
85365,5115,4996,3970,3490,7042,7352,4254,3376,5517,5411,3903,3483,4037,3841,3506,3150,-5.39811,-14.6396,8.91736,48.2953
85366,4726,4383,3789,3302,6567,6551,4055,3431,6420,6179,4073,3458,4441,4208,3695,3297,-0.835685,-15.3837,8.85314,48.3833
85367,4481,5284,4483,3699,5060,7900,5449,3868,4239,5196,4326,3710,3662,3719,3659,3446,-7.51775,-5.93161,8.5297,48.1207
85368,3435,3922,6045,12695,3364,3766,4673,6067,3205,3427,3681,3956,3099,3201,3377,3473,-28.4327,30.5042,8.9873,47.5907
85369,3439,3438,3208,3121,4019,3958,3476,3227,6586,5060,3904,3285,11110,6884,3944,3441,23.4104,-22.3412,8.78879,48.0667
85370,8850,5483,3853,3355,8970,5141,3795,3332,4702,4171,3598,3155,3652,3553,3357,3170,-14.8984,-33.3526,8.94788,48.0913
85371,3305,3361,3265,3206,3899,3839,3395,3270,6102,4902,3909,3403,12347,6128,4038,3472,27.0222,-33.6316,8.64583,47.894
85372,5058,4297,3501,3170,8874,5108,3638,3399,7854,4703,3678,3362,4552,4061,3672,3237,-1.7489,-29.3045,8.95284,48.1093
85373,3247,3333,3351,3295,3300,3430,3630,3938,3414,3786,4642,5953,3510,3957,5880,12634,31.7369,33.3879,8.84003,47.5333
85374,3367,4218,6402,7788,3403,4067,6305,7568,3347,3667,4342,4451,3204,3321,3495,3515,-15.5509,18.2961,8.93025,48.3067
85375,3376,3477,3201,3064,3957,3806,3527,3182,5917,5073,3968,3400,10311,7991,4381,3504,26.6897,-18.3891,8.67191,48.09
85376,3216,3338,3383,3490,3384,3633,4169,4061,3618,4508,6717,5791,3758,4850,7862,6464,17.3785,11.3488,8.73511,48.1613
85377,3665,3659,3457,3217,4242,4598,3852,3439,5794,7876,4905,3634,5338,6355,4515,3761,11.6164,-9.51656,8.92239,48.2047
85378,6945,5412,3938,3469,8767,6226,3977,3385,4933,4352,3586,3364,3659,3615,3376,3136,-11.101,-20.1783,8.90693,48.0933
85379,3217,3270,3377,3347,3362,3608,3873,3669,3827,4354,6118,4965,3942,5400,9361,6425,22.0576,8.995,8.99363,48.0767
85380,3125,3179,3335,3288,3178,3376,3735,3950,3339,3684,4698,6240,3445,4016,6178,12490,27.9358,27.8358,8.83334,47.504
85381,3210,3308,3712,3972,3279,3630,4412,5720,3385,3736,5271,9948,3291,3679,4843,6742,8.82793,30.6722,8.90533,48.092
85382,8641,5510,3863,3263,8872,5423,3927,3352,4701,4200,3627,3264,3560,3462,3374,3091,-14.6719,-25.307,8.63013,48.0867
85383,5033,7931,6004,4091,4463,6656,5273,4005,3759,4096,3778,3581,3361,3541,3393,3175,-17.876,-3.79882,8.97579,48.0933
85384,3412,4078,6867,12128,3338,3769,4958,5940,3226,3472,3736,3946,3172,3131,3418,3316,-28.43,22.8877,8.90764,47.938
85385,4364,3851,3382,3107,6596,4788,3728,3307,8970,5517,3867,3355,5593,4568,3673,3236,4.36064,-23.3047,8.56132,47.9347
85386,3290,3304,3300,3148,3578,3672,3762,3556,4175,4822,4978,4141,4825,8544,8213,4687,30.1076,-0.337507,8.96392,47.9967
85387,3577,3672,3663,3223,3960,4613,4256,3662,4854,7634,5869,4022,4599,6013,4883,3981,11.0661,-4.25726,8.57065,48.3207
85388,3875,4903,5632,4449,3968,5930,7808,4677,3743,4271,4864,4075,3323,3637,3712,3496,-9.30337,4.13825,8.69024,48.242
85389,3755,5254,9275,7407,3667,4240,5651,5237,3328,3564,3940,3806,3115,3245,3359,3414,-24.4496,11.7146,8.65663,48.1713
85390,3488,3954,4703,4415,3658,4786,7818,5662,3583,4407,6016,4790,3383,3686,4107,3873,-3.30759,9.44355,8.92382,48.2193
85391,3041,3257,3387,3342,3334,3555,3834,3906,3640,4205,5272,5295,3603,4865,9170,8216,26.4007,13.2331,8.59604,47.948
85392,3289,3275,3460,3288,3690,3911,3912,3520,4300,5751,5704,4217,4665,7527,7225,4593,19.5305,-0.472867,8.58053,48.218
85393,3559,3423,3259,3198,4090,3759,3349,3131,5743,5049,3892,3459,11114,7251,4134,3361,33.4668,-20.7746,8.68904,47.8473
85394,4182,5621,6238,4511,4170,6260,7203,4567,3672,4176,4429,3778,3442,3460,3635,3382,-12.747,1.82515,8.75105,48.484
85395,3104,3354,3649,3721,3211,3729,4539,5130,3467,3868,6123,8992,3366,3882,5206,6722,10.4663,21.2023,8.8356,48.042
85396,4786,8238,8052,4637,4155,5122,5154,4063,3652,3728,3841,3549,3295,3281,3250,3264,-25.8678,-0.192063,8.89062,48.0447
85397,12833,5911,3908,3292,5987,4665,3725,3338,3981,3602,3365,3208,3462,3378,3213,3138,-32.0007,-30.1733,8.89981,47.3373
85398,10639,7893,4277,3437,5623,5060,3997,3628,3818,3815,3538,3234,3354,3337,3183,3169,-31.0966,-18.6228,8.75961,48.0013
85399,3952,5977,9786,6118,3826,4545,5507,4911,3311,3669,3845,3698,3136,3343,3389,3326,-24.3609,7.14698,8.99832,48.226
85400,5155,8751,7719,4526,4159,5215,4848,4061,3687,3780,3658,3487,3136,3283,3305,3179,-26.4971,-2.15953,8.7857,47.966
85401,3295,3995,6006,10913,3312,3871,5032,7490,3232,3495,3919,4282,3087,3266,3514,3411,-20.0949,26.5125,8.63123,48.08
85402,3195,3137,3378,3446,3210,3527,3758,3929,3377,3724,4815,6338,3498,3972,5980,12398,26.3742,30.2131,8.6175,47.788
85403,3285,3872,4811,4909,3449,4099,7108,7339,3409,3834,5482,5661,3228,3527,3951,4099,-4.67618,15.7868,8.78695,48.042
85404,3281,3714,4468,5589,3342,3785,5135,9509,3255,3665,4569,6958,3129,3425,3903,4284,-3.89863,29.6208,8.81898,48.0073
85405,3297,3433,3321,3132,3563,3609,3697,3527,4277,5123,5072,4046,4874,8173,8229,4809,27.1941,-0.103465,8.63192,48.1213
85406,3774,5182,9619,7330,3662,4270,5474,5035,3326,3659,3895,3754,3072,3296,3436,3382,-24.7236,11.2871,8.93222,48.1107
85407,3342,3710,4844,6036,3505,3911,5908,9231,3361,3652,4594,5725,3163,3375,3779,4128,-7.89091,21.7643,8.66715,48.176
85408,7307,9794,5323,3626,4944,5264,4241,3568,3922,3813,3549,3347,3311,3472,3203,3164,-31.7895,-10.8458,8.98485,47.8987
85409,3360,3411,3476,3542,3589,4012,4283,3853,4035,6143,7344,4912,4136,5451,6298,4560,13.0517,2.94753,8.94297,48.27
85410,8391,6777,4212,3467,6984,6021,4164,3419,4358,4172,3601,3237,3511,3487,3420,3221,-17.3299,-18.2976,8.86323,48.2947
85411,3727,4011,4198,3936,3876,5291,6428,4563,3850,5349,6503,4554,3536,4026,4376,3879,0.475907,3.61161,8.50439,48.0687
85412,3320,3943,6407,12303,3280,3857,4852,5934,3264,3371,3785,3972,3089,3134,3415,3315,-31.6245,24.9235,8.6812,47.494
85413,3335,3564,3846,3635,3482,4170,5322,4555,3722,5072,8232,5621,3595,4259,5299,4728,7.47302,8.78079,8.95099,48.2913
85414,3351,3508,3489,3297,3909,4469,4060,3565,4914,7672,5721,4053,4747,6349,5169,3985,12.3995,-4.3511,8.93102,48.172
85415,3258,3415,3492,3347,3567,3823,4000,3788,3865,5225,6710,4805,4066,5655,7671,5143,17.2705,5.1434,8.55952,47.8867
85416,4905,5549,4312,3633,5904,8055,4836,3719,4469,5068,4050,3592,3718,3778,3525,3245,-8.28983,-9.86281,8.65617,48.2387
85417,3493,4111,5614,5308,3607,4544,8007,6591,3315,3938,4972,4526,3196,3449,3657,3837,-8.7826,12.1861,8.93911,48.11
85418,3370,3964,5785,10845,3424,3795,4921,7548,3277,3334,3883,4184,3143,3146,3320,3438,-20.1064,31.1255,8.66677,47.5847
85419,3325,3559,3369,3292,3850,4187,3977,3474,4781,7036,5563,3983,4852,7025,5913,4128,15.4978,-3.90504,8.76046,48.2093
85420,3453,3579,3274,3073,4321,4010,3521,3144,8144,4933,3809,3386,10311,5930,4005,3416,17.9737,-27.0981,8.97754,48.206
85421,7742,6110,4151,3422,8168,5953,4030,3478,4625,4182,3585,3327,3589,3552,3346,3180,-14.29,-20.2718,8.67777,48.2933
85422,3610,4371,5633,5100,3748,4690,8148,5882,3519,3915,5060,4459,3332,3389,3681,3616,-8.93265,10.0269,8.76919,48.102
85423,3590,3694,3512,3349,4332,4727,4064,3487,5421,8137,5170,3801,4888,6024,4628,3688,10.6064,-7.85041,8.86546,48.3413
85424,3551,4584,8985,9304,3587,3992,5143,5402,3237,3559,3843,3766,3103,3249,3280,3409,-30.0049,15.4106,8.98453,47.996
85425,3433,3364,3251,3186,4416,3952,3409,3246,8057,5062,3765,3340,10483,5788,3886,3402,18.5616,-29.891,8.66302,48.0267
85426,3224,3312,3452,3428,3508,3652,4220,3899,3690,4614,6788,5470,3704,4789,8036,6344,17.525,10.3866,8.64347,48.0867
85427,5297,4365,3673,3293,9352,5213,3713,3419,7227,4577,3612,3325,4313,3986,3491,3175,-3.53614,-31.7517,8.93184,48.0207
85428,9201,5455,3779,3431,8907,5158,3790,3437,4637,4107,3430,3163,3513,3444,3315,3043,-15.6874,-31.1544,8.9046,47.8733
85429,3201,3268,3598,3794,3200,3672,4381,5472,3448,3737,5226,9810,3421,3776,5003,7026,10.1505,30.1163,8.62188,48.022
85430,3435,4168,6113,7632,3472,4025,6100,7958,3301,3631,4083,4610,3136,3261,3535,3538,-14.2887,18.8455,8.95106,47.9987
85431,3276,3578,3993,4157,3422,4105,5674,5590,3587,4217,7223,6806,3397,3880,4653,4869,3.84234,14.4801,8.98095,48.2847
85432,3366,3818,5046,5617,3539,4173,6813,7961,3437,3686,5093,5467,3077,3470,3825,4072,-6.60727,17.5455,8.8457,48.3067
85433,10795,7228,4154,3497,6187,5038,3854,3436,4013,3819,3495,3318,3432,3351,3229,3132,-24.5322,-20.8846,8.50266,47.9853
85434,5315,9353,7104,4319,4333,5106,4714,4024,3648,3744,3657,3439,3265,3342,3344,3171,-31.8633,-3.68243,8.8052,47.9187
85435,3150,3360,3798,4055,3306,3714,4662,5996,3399,3836,5723,9473,3336,3705,4763,6105,7.0812,23.915,8.85279,48.254
85436,3128,3392,3663,3755,3378,3617,4320,5534,3422,3885,5195,10113,3267,3790,4844,6735,9.21359,31.972,8.8599,48.0253
85437,3348,3826,4745,5293,3408,4053,6550,8108,3322,3796,5126,6159,3121,3525,3948,4137,-4.60986,17.9968,8.85852,48.31
85438,3164,3500,3781,4382,3344,3656,4646,7008,3392,3728,5119,9449,3178,3648,4546,5580,3.78143,29.3338,8.89219,48.0807
85439,4622,4106,3506,3238,7992,4917,3684,3302,8775,5186,3732,3221,5035,4324,3522,3222,1.05969,-27.7726,8.97773,48.256
85440,3366,3856,6183,12636,3297,3785,4666,6006,3244,3433,3709,3909,3092,3253,3375,3361,-31.7831,27.9179,8.93214,47.4473
85441,4167,5265,5365,4210,4409,6954,6856,4436,3777,4640,4513,3797,3499,3661,3707,3445,-10.0101,-0.00402739,8.66484,48.4673
85442,3413,3445,3322,3135,3938,4011,3538,3199,6179,5341,3988,3453,10068,7656,4218,3563,22.8413,-18.8024,8.91069,48.3113
85443,3397,3997,5696,7599,3405,3996,5876,8706,3302,3604,4270,4720,3246,3295,3500,3716,-13.282,20.7505,8.8987,48.2167
85444,3307,3738,5031,6995,3327,3762,5209,10012,3396,3619,4335,5437,3214,3323,3672,3789,-10.011,32.2586,8.81139,48.1107
85445,3399,3733,4537,6035,3337,3777,5208,9812,3219,3590,4546,6375,3154,3329,3823,4023,-6.37266,32.431,8.93127,47.9313
85446,3601,4172,5169,4503,3863,4872,8111,5623,3677,4221,5490,4657,3349,3648,3932,3772,-5.57958,8.72362,8.59196,48.44
85447,3175,3259,3405,3295,3403,3677,3899,3726,3747,4390,5207,4881,3847,5823,9835,6320,33.8065,7.77294,8.76286,47.926
85448,3397,3387,3222,3165,3950,3828,3482,3320,5942,4769,3860,3322,12383,6352,3937,3388,29.9977,-26.4571,8.75375,47.8027
85449,4002,4619,4262,3781,4421,7282,6046,4061,4156,5807,4963,3851,3589,4000,3856,3401,-3.5367,-2.38511,8.91774,48.0647
85450,4384,4757,4171,3645,5122,7926,5109,3715,4457,5883,4501,3706,3766,4029,3672,3517,-4.36795,-6.94172,8.87645,48.24
85451,7813,5155,3933,3365,9414,5391,3881,3331,5083,4200,3620,3094,3588,3702,3326,3135,-12.3914,-25.8678,8.65399,48.0207
85452,3697,3715,3480,3163,4435,4922,3954,3455,5826,8002,4958,3689,5237,5866,4360,3646,9.80189,-9.82821,8.51391,48.27
85453,9743,8408,4454,3550,5584,5247,4121,3536,3924,3775,3522,3294,3399,3377,3276,3173,-26.7794,-16.9446,8.79856,48.2553
85454,5953,5420,4085,3331,7760,6951,4206,3524,4926,4633,3697,3443,3711,3750,3327,3221,-9.58753,-16.6571,8.90599,47.9587
85455,3336,3807,4874,6928,3454,3771,5431,9630,3326,3702,4274,5476,3248,3357,3787,3870,-9.59845,26.6197,8.72863,48.1807
85456,3579,4348,7698,8688,3510,4047,5768,6405,3395,3629,4002,4112,3100,3276,3533,3493,-20.0766,16.8353,8.67182,48.3887
85457,3772,5218,9134,7084,3646,4300,6046,5306,3259,3537,3930,3864,3177,3216,3465,3373,-22.0787,10.9711,8.76776,48.218
85458,4539,6322,5558,4171,4597,7232,6024,4148,3880,4477,4269,3693,3524,3488,3528,3359,-12.7933,-2.39685,8.80714,48.5393
85459,3282,3511,3570,3501,3635,4347,4611,3963,4059,6161,7579,4592,4037,5067,5844,4474,10.8534,3.09297,8.79953,48.1553
85460,3079,3296,3465,3219,3233,3517,3767,3769,3568,4184,5232,5118,3713,5245,9608,7977,29.2823,12.0571,8.6878,47.9933
85461,6091,9375,6130,3974,4626,5533,4608,3795,3709,3886,3751,3435,3268,3338,3324,3130,-24.2852,-7.1697,8.92371,47.982
85462,3065,3253,3335,3435,3186,3480,3839,3983,3240,3750,4853,6509,3348,4023,6450,11745,24.0822,24.0449,8.88456,47.6627
85463,3501,3954,4508,4257,3753,4954,7308,5111,3689,4832,6567,4679,3433,3809,4248,4044,-1.42804,7.18748,8.66837,48.4313
85464,3423,4058,6657,12067,3412,3728,4810,5864,3192,3501,3690,3921,3031,3209,3386,3399,-33.5733,23.8158,8.69602,47.5653
85465,3429,3862,5955,10851,3320,3872,5205,7685,3128,3469,3792,4266,3085,3335,3348,3454,-19.82,27.5515,8.93194,48.0373
85466,3092,3248,3404,3314,3270,3517,3857,4080,3343,3726,4702,5998,3333,3959,6436,12308,31.6097,24.3744,8.93148,47.7247
85467,4343,3997,3536,3236,7319,4748,3601,3353,9123,5226,3764,3286,5323,4416,3603,3409,2.86078,-29.8689,8.55719,48.1887
85468,4063,4042,3705,3300,5311,6283,4152,3484,5907,7306,4491,3571,4569,4742,4030,3429,2.49044,-12.0417,8.69235,48.2567
85469,4566,4485,3780,3460,6273,6764,4191,3434,5846,6317,4233,3613,4328,4211,3604,3399,-1.04091,-14.0602,8.76069,48.336
85470,5160,4545,3765,3270,8315,6131,4011,3348,6380,5226,3731,3281,4297,3996,3577,3204,-3.89873,-19.4879,8.99725,48.158
85471,3704,4111,4332,3893,3949,5531,6695,4458,3924,5249,6527,4342,3586,3981,4114,3906,-0.747584,3.21014,8.93653,48.2013
85472,5352,9261,6810,4185,4465,5136,4721,3987,3625,3792,3775,3529,3255,3344,3287,3222,-33.6483,-4.02543,8.75335,47.8307
85473,4450,7500,9042,5165,4009,4938,5098,4305,3493,3766,3825,3609,3169,3344,3334,3172,-33.0037,2.16612,8.90817,48.146
85474,3188,3194,3426,3283,3270,3528,3720,3817,3422,3798,4602,5787,3338,3853,5849,12666,32.269,31.7507,8.93763,47.1607
85475,4582,4154,3555,3219,7736,4977,3786,3380,8747,5015,3666,3338,4861,4248,3529,3373,1.37154,-26.9075,8.86602,48.1107
85476,3296,3642,4358,4969,3357,3843,5540,8176,3286,3807,5214,7615,3287,3507,4211,4704,-1.18311,22.5639,8.54109,48.5413
85477,3126,3155,3337,3359,3185,3433,3844,3980,3423,3842,4915,5897,3432,4228,7474,11197,28.4175,20.4403,8.79884,47.8847
85478,4006,4440,4402,3860,4445,6908,6606,4269,4056,5120,5211,3985,3646,3823,3756,3461,-4.4792,-0.596716,8.88091,47.996
85479,3242,3310,3461,3454,3190,3797,4213,4199,3633,4180,6652,6830,3362,4374,6785,7154,15.3529,15.5186,8.93449,47.8907
85480,3137,3185,3377,3410,3215,3492,3881,4261,3309,3921,5032,7706,3426,3931,6087,10388,19.0515,24.7915,8.69551,47.8387
85481,3205,3447,3524,3572,3389,3859,4424,4393,3675,4511,7515,6208,3632,4463,6704,5885,13.5008,12.3715,8.9408,48.2707
85482,5770,4453,3686,3358,9754,5151,3705,3310,6839,4542,3692,3268,4185,3844,3373,3132,-4.84967,-28.1615,8.91025,48.0413
85483,3486,3972,5941,12075,3333,3678,4859,6520,3254,3549,3843,3907,3092,3164,3353,3427,-24.2915,32.1777,8.6573,47.6353
85484,5165,4278,3690,3224,8852,4999,3701,3341,7528,4857,3705,3341,4471,4078,3514,3206,-2.13237,-30.2271,8.60675,47.9667
85485,3646,3648,3335,3131,4351,4233,3647,3301,7059,6480,4238,3606,7295,6680,4275,3441,15.0977,-16.4744,8.5029,48.244
85486,3420,3501,3758,3500,3609,4182,4847,4202,3886,5611,8104,5119,3810,4632,5780,4696,9.68711,6.11986,8.84453,48.438
85487,3253,3400,3518,3412,3581,3904,4274,4020,3897,4975,7324,5300,3888,5157,7322,5209,15.2051,7.59901,8.79504,48.2893
85488,5124,5550,4250,3558,6188,7959,4618,3636,4618,5161,3974,3385,3765,3848,3541,3299,-7.99809,-11.2475,8.72131,48.316
85489,3511,4356,7369,7688,3470,4181,6247,6490,3329,3662,4044,4155,3124,3348,3584,3472,-17.4744,15.106,8.81774,48.02
85490,4019,5621,9090,6122,3752,4642,6151,4813,3302,3707,3871,3775,3184,3299,3431,3368,-21.2365,7.41541,8.98648,48.098
85491,3082,3296,3274,3461,3601,3691,3622,3463,4271,4955,4739,4132,5050,8774,7917,4557,30.257,-1.41963,8.97556,47.9233
85492,3183,3295,3476,3371,3355,3521,3889,3787,3738,4347,5517,4963,3801,5379,9734,7036,25.0339,9.92188,8.81456,48.2613
85493,3309,3769,4725,5928,3363,3836,5961,9029,3286,3672,4686,5976,3264,3431,3758,4179,-6.79572,21.9291,8.68018,48.1147
85494,3406,3862,5935,11409,3330,3828,4988,7228,3264,3517,3950,4089,3093,3176,3310,3501,-21.5369,27.7955,8.82062,47.924
85495,3311,3754,3848,3767,3662,4324,5716,4709,3715,5043,8192,5222,3502,4154,5030,4452,5.0176,7.76256,8.8303,48.2673
85496,8115,5197,3836,3328,9480,5194,3805,3307,4873,4179,3569,3297,3595,3554,3234,3245,-13.0025,-33.7515,8.89654,47.872
85497,3976,5584,10026,6822,3629,4324,5128,4804,3324,3497,3888,3740,3209,3224,3432,3413,-30.6339,9.2379,8.92345,48.0133
85498,8755,8328,4517,3674,5643,5539,4111,3558,3957,3996,3487,3265,3441,3401,3277,3181,-23.6489,-15.3523,8.51366,48.0867
85499,3635,5007,9400,8123,3526,4189,5256,5290,3199,3586,3815,3768,3073,3250,3475,3386,-31.3254,13.085,8.64262,47.9853
85500,3428,4253,7482,10521,3449,4045,5079,5937,3268,3403,3862,3930,3131,3234,3354,3502,-24.8086,19.8625,8.63022,47.9187
85501,3968,3880,3352,3183,6242,4664,3654,3318,9273,5923,3795,3324,5918,4846,3820,3312,6.77272,-22.4313,8.61939,48.3147
85502,6648,9671,5571,3949,4908,5649,4430,3827,3799,3896,3515,3442,3335,3368,3309,3043,-23.2875,-8.80727,8.86831,48.24
85503,3433,3259,3162,3063,3999,3910,3644,3381,5789,5923,4166,3534,7886,8455,4822,3641,21.3729,-13.5184,8.84057,48.0447
85504,3346,3273,3268,3261,3614,3731,3789,3541,4370,4993,4742,4004,5129,8956,7590,4407,32.1986,-2.52067,8.86311,48.0093
85505,3147,3186,3369,3480,3171,3475,3793,4048,3452,3810,4836,6021,3268,3876,6350,12363,33.487,25.656,8.68718,47.7633
85506,3747,3522,3318,2953,5061,4236,3639,3204,9499,5553,3891,3350,7701,5068,3814,3404,11.6609,-24.7135,8.84134,47.9733
85507,3321,4158,7265,11164,3267,3951,5057,5996,3192,3511,3750,3895,3109,3254,3293,3475,-33.269,20.5869,8.58003,47.772
85508,12584,5836,3878,3408,6094,4573,3732,3287,3897,3760,3478,3253,3546,3351,3283,3208,-32.905,-29.5464,8.89588,47.4453
85509,3105,3369,3306,3380,3512,3768,3770,3682,3814,4535,5306,4563,3987,6170,10028,6253,27.1079,6.54916,8.99407,48.3653
85510,3383,3801,5311,8284,3406,3803,5254,9132,3233,3582,4210,4881,3134,3319,3581,3671,-13.39,26.4933,8.67396,47.99
85511,3164,3259,3389,3377,3227,3445,3919,4011,3376,3989,5088,5685,3473,4160,7751,10663,33.8176,18.7758,8.9429,47.984
85512,3573,3972,4504,4261,3605,4858,7488,5226,3570,4639,6591,4842,3418,3760,4201,3932,-1.81512,8.01085,8.97582,48.2933
85513,9424,6221,3931,3477,7770,5478,3867,3427,4477,3956,3473,3262,3578,3475,3229,3146,-17.4783,-21.8484,8.92218,48.1273
85514,5297,5999,4249,3651,6326,7986,4726,3602,4411,4731,3862,3402,3711,3704,3521,3254,-10.1213,-11.2934,8.90689,48.288
85515,4338,3942,3559,3214,6714,5001,3688,3324,8412,5801,4006,3331,5240,4582,3748,3324,3.21362,-21.6965,8.93402,48.1493
85516,3239,3397,3530,3343,3523,3829,4352,3843,3855,4955,7212,5154,3904,5278,7634,5455,16.0727,7.26071,8.90533,48.3353
85517,4376,4291,3605,3221,7281,5407,3828,3351,7939,5654,3938,3420,4934,4375,3581,3291,1.16513,-21.3741,8.55199,48.328
85518,3357,3394,3465,3370,3672,4141,4089,3656,4215,6034,6447,4518,4418,6314,6686,4550,15.6668,0.716559,8.7403,48.2173
85519,5227,4394,3607,3238,9100,5193,3817,3420,7129,4784,3622,3318,4302,3935,3557,3280,-3.26615,-33.6652,8.66387,47.9487
85520,3199,3404,4009,4346,3257,3694,4719,7397,3294,3732,5223,9331,3146,3623,4441,5258,2.87676,31.6184,8.96037,48.0487
85521,3785,3567,3373,3206,5365,4252,3536,3199,9742,5129,3744,3466,7317,5033,3806,3266,10.7287,-33.0995,8.96763,47.8573
85522,3592,4305,6891,6863,3531,4342,6831,6621,3443,3696,4215,4368,3091,3338,3528,3527,-15.2232,14.7733,8.70626,48.1213
85523,3367,3397,3178,3108,3901,3958,3538,3382,5598,5630,4151,3388,8346,8901,4743,3674,23.0708,-14.1294,8.90316,48.1733
85524,3711,4852,9398,8080,3602,4223,5268,5054,3317,3499,3828,3675,3178,3239,3323,3453,-30.2818,12.8016,8.60187,47.8
85525,3454,4183,6401,7822,3490,4184,5989,7403,3303,3638,4276,4439,3075,3317,3587,3521,-15.9188,18.2021,8.8265,48.0547
85526,3458,4268,7464,9326,3423,4028,5400,6470,3305,3593,3976,4131,3043,3272,3433,3407,-20.9145,18.0925,8.86585,47.998
85527,5131,7134,5364,3906,4953,7242,5279,3874,3792,4217,4044,3515,3415,3503,3331,3204,-15.3514,-5.83658,8.52821,47.936
85528,3656,3891,3953,3550,3952,5429,5618,4028,4220,6522,6584,4436,3887,4362,4426,3832,3.22383,0.109479,8.8011,48.2307
85529,9223,5497,3855,3436,8723,5089,3790,3501,4551,4105,3516,3252,3607,3513,3253,3044,-15.7641,-30.1801,8.59613,47.97
85530,4629,3931,3619,3201,7810,4830,3677,3308,8655,5046,3803,3464,4917,4186,3506,3333,1.35246,-30.7398,8.61604,47.9433
85531,3329,3794,4249,4162,3618,4498,6529,5321,3639,4622,7196,5425,3435,3829,4515,4344,1.08722,10.5438,8.88538,48.3367
85532,5589,9566,6855,4185,4473,5277,4648,3945,3669,3868,3757,3377,3256,3286,3239,3166,-32.6393,-4.49103,8.75358,48.104
85533,5394,6790,4717,3705,5591,7807,5017,3772,4093,4495,3816,3392,3522,3492,3378,3342,-13.2345,-8.96431,8.7098,48.2153
85534,10075,8085,4366,3632,5650,5226,3980,3400,4032,3804,3561,3226,3312,3427,3203,2998,-31.5527,-17.7519,8.50153,47.9847
85535,3708,4627,8147,7281,3558,4344,6324,5903,3315,3600,3984,4083,3140,3322,3531,3402,-18.8411,13.3925,8.8636,48.1793
85536,4347,6942,9384,5471,3913,4705,5345,4355,3494,3642,3809,3637,3133,3260,3404,3266,-27.6998,3.98194,8.62773,48.0713
85537,5066,8351,7271,4436,4363,5443,5129,4109,3635,3986,3750,3540,3200,3352,3388,3167,-23.0698,-2.29754,8.54043,48.124
85538,3175,3252,3337,3324,3387,3593,3816,3693,3591,4217,5266,4927,3845,5424,9831,7236,29.3902,10.6837,8.74883,47.9427
85539,9827,5441,3820,3356,8480,5083,3852,3344,4460,3975,3446,3294,3593,3430,3274,3136,-16.753,-31.1217,8.9247,47.874
85540,3455,3565,3352,3122,4144,3905,3549,3271,6257,5750,4157,3527,8663,7549,4398,3490,20.1248,-16.4564,8.76283,48.1027
85541,3256,3755,4625,4821,3487,4232,6751,7045,3491,3942,5738,6048,3292,3662,3991,4210,-2.75074,15.7851,8.98885,48.2307
85542,3251,3339,3326,3193,3807,3805,3660,3256,5009,5212,4317,3591,7246,10108,5280,3771,33.7109,-10.5142,8.96804,48.114
85543,3291,3681,4738,6631,3352,3760,5297,10028,3259,3628,4443,5864,3151,3364,3846,3953,-8.50464,27.9138,8.60424,48.1907
85544,3085,3352,3375,3354,3229,3563,3883,3952,3594,4185,5880,5493,3723,5019,9106,7287,22.3962,11.9155,8.87034,48.0533
85545,3161,3279,3364,3360,3393,3511,3974,3790,3718,4418,5705,5046,3932,5477,9443,6740,23.9692,9.74351,8.77688,48.2073
85546,5593,7066,4874,3745,5546,7550,4921,3833,4117,4399,3824,3492,3533,3539,3364,3238,-14.4754,-8.97751,8.73106,48.4227
85547,6800,7091,4469,3526,6565,6851,4301,3636,4278,4333,3630,3226,3562,3588,3320,3100,-15.3727,-14.3725,8.70434,48.184
85548,3229,3449,3943,4429,3272,3689,4830,7404,3363,3750,5063,9109,3300,3671,4362,5301,2.65783,29.5459,8.86642,48.1093
85549,3473,3548,3328,3246,3986,4467,3865,3564,5303,7754,5063,3798,5279,6881,4884,3789,13.5338,-7.85095,8.88328,48.152
85550,3348,3706,4263,4167,3586,4480,6318,5064,3680,4629,7331,5629,3487,3878,4670,4379,2.05234,10.0765,8.60133,48.41
85551,4164,4845,4295,3690,4885,7761,5531,3982,4330,5656,4594,3680,3728,3924,3760,3493,-4.92507,-5.25227,8.80025,48.212
85552,3189,3420,3502,3533,3389,3845,4264,4054,3682,4792,7454,5525,3655,4932,7187,5697,15.08,9.04006,8.69108,48.08
85553,3204,3439,3873,4104,3263,3763,4914,6094,3429,3864,6214,8570,3321,3790,4828,5707,5.83864,20.1103,8.59972,48.2513
85554,5307,8222,5887,4091,4732,6551,5140,3817,3789,4092,3759,3405,3379,3510,3371,3303,-18.4511,-5.21006,8.88742,48.2367
85555,3365,4048,6405,11492,3408,3844,4879,6615,3193,3465,3822,4031,3101,3306,3468,3403,-24.065,24.3009,8.54405,47.8967
85556,3647,4117,4232,3986,3847,5310,6908,4622,3889,5103,6535,4641,3499,3988,4362,3884,-0.544736,4.41554,8.69958,48.38
85557,7299,8336,4839,3706,5865,6480,4288,3536,4134,4031,3669,3319,3357,3369,3242,3102,-18.9998,-12.8824,8.99196,48.3813
85558,9457,8027,4406,3460,5894,5302,4115,3493,4035,3971,3517,3312,3386,3345,3217,3168,-22.9309,-17.2901,8.72291,48.07
85559,3619,4445,7481,8835,3502,4078,5675,6500,3207,3512,3999,4125,3048,3335,3434,3459,-19.9592,17.322,8.53134,48.1693
85560,3481,3877,5019,6923,3300,3836,5237,9867,3312,3666,4299,5428,3217,3331,3637,3754,-9.57616,33.1672,8.86117,48.1227
85561,3125,3271,3441,3606,3082,3430,4113,4581,3456,3844,5269,8856,3323,3733,5398,9167,15.498,31.672,8.9447,47.7967
85562,6222,4680,3724,3374,9424,5721,3858,3351,6030,4517,3589,3245,4068,3862,3515,3201,-7.03005,-24.1535,8.77972,48.254
85563,3666,3567,3340,3113,4693,4184,3616,3415,7879,6352,4010,3399,7423,6097,4150,3370,13.6643,-18.7972,8.60479,48.1827
85564,10345,8190,4426,3451,5769,4935,4004,3361,3883,3898,3462,3202,3438,3327,3221,3167,-30.0136,-18.1759,8.80555,48.0527
85565,3261,3463,3957,3769,3505,4002,5203,4709,3607,4566,8054,6289,3537,4115,5316,5139,7.98764,11.8086,8.92469,48.328
85566,3124,3345,3590,3665,3406,3735,4647,4438,3498,4552,7616,6650,3633,4289,6321,5795,12.1788,12.9818,8.79507,48.2027
85567,4134,4823,4393,3651,4654,7258,5780,3979,4452,5817,4730,3888,3685,3990,3874,3609,-3.80509,-3.84623,8.57014,48.478
85568,3411,3422,3337,3097,3829,3959,3596,3339,5315,5857,4309,3635,6797,8895,5172,3858,21.7952,-10.4215,8.76949,47.8853
85569,5181,4284,3558,3243,9032,5141,3879,3370,7537,4703,3812,3385,4443,4032,3514,3170,-2.58006,-29.9178,8.82391,48.1893
85570,3350,3930,6194,12295,3372,3865,4824,6603,3185,3398,3807,4062,3077,3158,3285,3315,-24.1697,27.131,8.97138,47.8133
85571,3140,3268,3312,3311,3439,3618,3834,3635,3885,4683,5507,4354,4057,6901,9358,5842,26.2953,4.61605,8.86598,48.096
85572,3409,3832,5144,8217,3353,3871,5260,9340,3236,3473,4239,4833,3119,3295,3550,3680,-13.2537,33.4469,8.84003,47.9007
85573,5323,4337,3638,3254,9483,5270,3690,3395,7337,4698,3670,3285,4333,4029,3555,3294,-3.09987,-30.2069,8.80865,48.394
85574,3815,4313,4135,3701,4238,6291,5828,4143,4278,6105,5556,4153,3805,4121,4089,3748,-0.451676,-1.19443,8.54316,48.2127
85575,3200,3385,3339,3308,3410,3638,3711,3669,3932,4783,5148,4438,4251,6911,9454,5510,30.7284,4.08031,8.71088,48.058
85576,3435,3447,3224,3086,4110,4048,3596,3373,6063,6176,4177,3388,7788,7923,4510,3590,18.9814,-14.7144,8.58073,47.956
85577,4056,3852,3373,3135,6091,4649,3829,3280,9027,6133,3956,3426,5777,4765,3703,3316,6.4874,-21.2203,8.72492,48.2453
85578,3052,3293,3450,3543,3305,3480,4018,4072,3533,4078,5728,6286,3526,4419,7769,8812,20.8452,16.7381,8.56226,48.2427
85579,4368,6107,6860,4681,4110,5952,6766,4616,3734,3999,4095,3787,3281,3348,3461,3311,-15.5193,2.08744,8.93223,48.3173
85580,3291,3720,4568,4954,3421,4037,6221,7688,3374,3913,5301,6474,3273,3492,4040,4280,-2.83725,18.5535,8.52073,48.0313
85581,3202,3573,4127,4676,3348,3743,4800,8161,3320,3761,5117,8501,3310,3507,4371,4794,0.739754,28.14,8.89762,48.2073
85582,8046,5194,3840,3436,9601,5170,3768,3335,5157,4057,3617,3221,3614,3681,3299,3061,-12.609,-31.4942,8.79331,48.0647
85583,5433,9060,6655,4156,4535,5790,4947,3895,3724,3780,3606,3510,3317,3326,3404,3188,-23.1391,-4.24765,8.71688,48.2173
85584,3053,3216,3705,3742,3293,3588,4187,4955,3269,3889,5105,9461,3397,3716,5175,8022,12.8903,29.744,8.6867,47.8487
85585,4014,5688,9765,6635,3703,4439,5382,4750,3368,3611,3888,3693,3158,3273,3409,3328,-26.1522,8.56366,8.7593,48.0693
85586,5750,4862,3832,3433,8331,6462,3990,3457,5559,4959,3742,3357,4024,3826,3480,3180,-6.57949,-19.1844,8.55801,48.1627
85587,12642,6036,3783,3496,5892,4830,3763,3416,3990,3704,3528,3183,3371,3270,3260,3183,-29.2164,-33.31,8.65613,47.5647
85588,3468,3544,3693,3558,3813,4712,4807,3889,4308,6786,7037,4365,4002,4949,4984,4084,7.84407,0.291525,8.89276,47.9993
85589,4016,4983,5596,4339,4059,6403,7772,4553,3729,4445,4695,3887,3360,3473,3644,3518,-9.11964,2.44916,8.99462,48.3147
85590,8568,5177,3844,3479,9122,5205,3848,3382,4790,4124,3620,3293,3720,3633,3390,3095,-13.9098,-30.0841,8.55333,48.1933
85591,3310,3380,3308,3258,3508,3649,3665,3447,4028,4737,4941,4331,4420,7473,9120,5146,29.1718,2.28535,8.97552,47.814
85592,3155,3164,3277,3296,3227,3544,3754,3965,3387,3896,4951,6275,3360,3915,6518,12293,26.8505,25.1574,8.93214,47.9847
85593,3373,3897,6375,12197,3418,3740,4865,6045,3241,3485,3807,4040,3132,3260,3365,3425,-32.9594,25.2803,8.73709,47.7767
85594,3472,4362,6458,7170,3535,4106,6570,6994,3292,3549,4254,4357,3185,3316,3635,3587,-15.131,16.0659,8.54394,47.8947
85595,4043,5644,6212,4445,4084,6230,7117,4641,3694,4230,4353,3726,3430,3490,3529,3460,-13.1345,1.84928,8.55241,48.2187
85596,3613,4257,5325,4686,3720,5029,8178,5555,3640,4110,5225,4519,3357,3685,3797,3810,-7.32224,8.48086,8.63411,48.3373
85597,11349,6089,4029,3348,6971,4984,3756,3354,4195,3865,3475,3276,3425,3430,3240,3148,-21.8331,-28.6081,8.63013,47.956
85598,3411,3692,3855,3777,3687,4429,5401,4359,3891,5587,7848,5027,3805,4532,5135,4322,6.31477,5.54834,8.51621,48.5053
85599,3423,3434,3215,3086,3969,3956,3643,3113,6527,5369,4029,3405,9825,7298,4228,3544,21.7055,-18.8926,8.95964,48.0427
85600,4456,5150,4386,3678,5351,8249,5178,3791,4338,5462,4253,3551,3684,3808,3640,3299,-6.50978,-7.35102,8.74229,48.1827
85601,3275,3679,4656,6226,3211,3737,5493,9941,3302,3488,4444,6082,3138,3424,3819,4012,-6.96358,27.0253,8.90223,47.9513
85602,6939,4919,3723,3263,10043,5299,3836,3304,5546,4220,3568,3304,3837,3700,3362,3191,-9.47137,-29.7056,8.74955,48.036
85603,3428,3385,3321,3192,4007,3881,3457,3304,5971,4791,3820,3345,12344,5968,3771,3215,33.3048,-28.8109,8.5278,47.4667
85604,8785,6387,4275,3467,7482,5713,3861,3472,4432,4049,3594,3219,3587,3365,3221,3133,-17.0314,-20.2089,8.75245,48.028
85605,3761,3603,3379,3036,5170,4228,3561,3300,9382,5291,3829,3332,7728,5270,3771,3394,12.3511,-27.3779,8.53773,48.0233
85606,4173,5844,7138,4958,3942,5333,7035,4766,3504,3901,4190,3733,3313,3484,3515,3383,-16.0858,4.02112,8.57283,48.1413
85607,3813,3881,3644,3421,4390,5502,4382,3671,5101,8031,5420,3788,4338,5039,4265,3647,5.43784,-6.26257,8.90716,48.222
85608,3143,3414,4000,4259,3227,3682,4643,6820,3292,3818,5431,9411,3259,3660,4450,5689,4.5321,25.5832,8.65033,48.132
85609,3096,3294,3477,3402,3219,3412,3962,4193,3363,3789,4961,7550,3461,3957,5714,10615,19.7409,32.4371,8.5318,47.6433
85610,3366,3605,4585,5739,3337,3694,5239,9660,3284,3748,4556,6574,3118,3427,3903,4187,-5.56817,29.0434,8.65341,48.0147
85611,3105,3200,3405,3461,3248,3489,3873,4133,3313,3828,4982,6274,3401,4017,6996,11269,25.3374,22.1124,8.63028,47.996
85612,3379,3449,3335,3179,4092,4042,3569,3341,5524,6253,4384,3693,6755,8432,4896,3761,19.4163,-11.0213,8.71168,48.056
85613,3551,3602,3381,3162,4116,4410,3739,3422,5744,7350,4725,3651,5656,7216,4709,3723,14.6511,-9.95022,8.80922,48.1047
85614,3373,3834,4585,4613,3438,4335,6838,6517,3466,4061,6062,6012,3274,3579,4167,4244,-1.58198,14.2581,8.74538,48.2653
85615,3206,3406,3323,3269,3511,3746,3700,3565,4194,4919,5247,4266,4644,7969,8686,4951,25.4989,0.927261,8.99092,48.4013
85616,3509,3625,3827,3534,3751,4736,5399,4284,3917,5975,7614,4734,3755,4490,5027,4181,5.89702,3.8922,8.77201,48.2387
85617,3147,3382,3511,3512,3470,3801,4232,4036,3673,4592,7085,5523,3652,4846,7678,6068,16.2963,10.2354,8.90638,48.1387
85618,3703,3481,3396,3133,4690,4241,3571,3289,8597,5654,3902,3410,8167,5778,3919,3345,14.275,-22.0268,8.74913,48.184
85619,3324,3379,3293,3279,3558,3718,3622,3591,4210,5000,4918,4102,4856,8620,8115,4506,31.3329,-0.804703,8.84173,48.0607
85620,6500,4832,3693,3370,9743,5345,3808,3406,5825,4480,3634,3308,3922,3800,3467,3145,-8.33882,-26.7976,8.54341,48.1853
85621,12776,5953,3818,3337,6015,4803,3741,3364,3967,3671,3422,3279,3486,3343,3214,3156,-29.2077,-29.6732,8.8205,47.5633
85622,3184,3241,3366,3512,3205,3350,3763,3950,3367,3760,4798,5942,3399,4029,6227,12653,31.1479,26.1475,8.97709,47.8307
85623,3254,3353,3252,3104,3627,3890,3700,3499,4631,5667,4991,3852,5712,8999,6447,4266,22.1906,-4.87993,8.79763,48.1627
85624,3389,3944,6279,12172,3393,3704,4748,5979,3219,3477,3792,3944,3113,3258,3406,3483,-32.2495,25.2828,8.78263,47.5333
85625,3369,3505,3388,3261,3728,4262,4009,3598,4749,7022,5548,3968,4868,7219,5648,4177,15.6386,-4.3805,8.94292,48.2127
85626,6183,5492,3965,3375,8017,6814,4030,3460,5112,4600,3749,3284,3879,3734,3365,3157,-9.67735,-17.5152,8.80615,48.144
85627,3177,3735,4969,7320,3252,3918,5253,9909,3291,3666,4252,5182,3178,3369,3575,3778,-10.6392,33.2118,8.99886,47.8827
85628,3497,3486,3201,3140,4482,4112,3513,3248,8329,5144,3732,3395,10059,5519,3828,3364,17.1925,-30.1198,8.8664,48.0327
85629,4279,3906,3369,3135,6408,4772,3729,3337,9354,5716,3792,3392,5572,4533,3649,3349,5.29859,-23.4816,8.82284,48.1947
85630,3622,4863,9259,8309,3728,4228,5290,5213,3290,3568,3859,3795,3208,3264,3479,3371,-26.7963,13.4413,8.71677,48.2307
85631,3446,3382,3352,3214,3625,3797,3700,3544,4236,4978,4836,4059,4963,8466,7612,4615,31.6295,-1.39561,8.52109,47.8833
85632,4006,3700,3371,3125,5734,4804,3624,3384,9163,5890,3901,3409,5981,5025,3650,3389,7.47627,-22.0325,8.58756,48.104
85633,3147,3170,3409,3449,3290,3441,3712,3970,3422,3804,4782,6329,3458,3973,6015,12242,26.0318,28.741,8.75051,47.742
85634,3789,4743,5856,4612,3896,5625,7910,5094,3648,4170,4900,4091,3334,3595,3637,3557,-9.96882,5.6945,8.81145,48.3047
85635,3398,3318,3217,3058,3955,3855,3403,3219,6439,4830,3735,3390,12200,6305,4045,3450,25.0263,-25.7578,8.9529,47.878
85636,3064,3222,3479,3461,3431,3774,4115,3945,3611,4452,6103,5559,3762,4914,8430,6988,19.5493,12.2812,8.8332,48.2067
85637,3367,3259,3253,3099,3683,3923,3795,3380,4726,5337,4412,3787,6262,9628,6174,4046,27.0407,-6.78663,8.59326,48.0873
85638,3046,3171,3381,3621,3216,3486,3762,3926,3339,3801,4752,6098,3438,3956,6232,12459,28.6541,26.6559,8.70442,47.7893
85639,3354,3359,3263,3223,3701,3797,3676,3384,4664,5212,4380,3772,6493,10243,5755,3908,29.5153,-8.17926,8.98769,48.1227
85640,3507,4377,7894,10470,3443,3880,5240,5774,3267,3508,3830,3830,3093,3260,3438,3386,-26.6785,18.6616,8.66763,48.1313
85641,3255,3443,3223,3193,3607,3840,3563,3453,4697,5459,4471,3756,6170,9893,5945,3985,26.1163,-7.24241,8.85008,47.9687
85642,5576,7448,5023,3916,5321,7339,4883,3743,4131,4239,3807,3515,3621,3450,3219,3193,-15.6638,-8.54184,8.8054,48.2827
85643,3214,3479,3806,3816,3282,3878,4781,5345,3411,4174,6613,8195,3378,3720,5197,5958,8.10605,18.1806,8.56597,48.1647
85644,3383,3444,3210,3008,4105,3823,3491,3133,6480,4782,3888,3309,12352,6178,3905,3395,25.6607,-27.1167,8.70007,47.924
85645,4092,6198,7952,5167,3958,5334,6351,4755,3541,3852,4059,3758,3250,3423,3484,3252,-18.6305,3.72911,8.63614,48.284
85646,9670,6816,4145,3374,7096,5419,4002,3398,4160,3953,3541,3208,3369,3417,3218,3070,-19.3549,-20.507,8.77261,47.904
85647,3189,3257,3377,3283,3563,3794,3698,3580,4176,4975,4952,4153,4675,8033,8308,4917,27.638,0.336646,8.62465,47.9533
85648,3491,3365,3159,3050,4220,3803,3404,3258,7582,4804,3821,3358,11210,5808,4005,3392,20.6358,-28.9256,8.68626,47.82
85649,3232,3377,3720,3616,3424,3734,4426,4478,3515,4494,7379,6621,3620,4369,6383,6117,12.8347,13.365,8.76082,48.3367
85650,3726,3555,3306,3191,4620,4403,3815,3298,7732,6706,4143,3454,6616,5947,4176,3436,12.5409,-16.8845,8.64359,48.0827
85651,3694,3591,3312,3104,4986,4178,3533,3222,9591,5233,3790,3327,7654,5139,3792,3331,12.1558,-30.7788,8.5946,47.6513
85652,3060,3263,3545,3462,3211,3499,3885,4352,3400,3878,5452,7812,3394,3982,6234,9664,17.9704,22.8712,8.80698,48.062
85653,9017,9238,4694,3649,5422,5170,4108,3476,3830,3776,3531,3278,3348,3437,3264,3087,-28.0518,-14.6721,8.92478,48.2167
85654,5135,4295,3775,3265,8710,5126,3775,3453,7420,4873,3678,3322,4430,3996,3487,3202,-2.47074,-33.808,8.58575,47.9613
85655,3357,4173,6861,9916,3389,3913,5266,7138,3154,3553,3909,4290,3032,3263,3353,3430,-19.8973,21.0262,8.74479,47.998
85656,3288,3209,3311,3144,3983,3785,3380,3214,6360,4736,3661,3381,12535,6000,3965,3433,26.1139,-31.056,8.587,47.59
85657,3361,3346,3156,3065,3823,3889,3538,3323,5372,5287,4156,3527,8832,9045,4625,3686,28.0614,-14.8713,8.76115,48.0207
85658,4097,4744,4526,3851,4588,7061,6147,4113,4022,5474,4875,3833,3698,3734,3841,3550,-4.87609,-2.32101,8.95392,48.1027
85659,3372,3332,3124,3267,3800,3796,3581,3231,5403,4986,4087,3443,9638,8881,4590,3502,29.0726,-16.0349,8.9996,48.022
85660,5187,9013,7529,4328,4246,5108,4776,4003,3691,3772,3723,3459,3341,3365,3381,3161,-31.0353,-2.5243,8.61854,48.0553
85661,3379,4045,6267,8086,3509,3934,5880,7832,3407,3580,4204,4543,3083,3334,3582,3531,-15.6407,19.8308,8.55541,48.1307
85662,3128,3299,3481,3333,3165,3373,3871,3890,3539,3863,4941,5706,3436,4131,7434,11386,30.2772,20.3248,8.68738,47.984
85663,3323,3965,6382,12394,3295,3896,4734,6037,3282,3484,3799,3904,3120,3163,3328,3334,-29.0939,25.0971,8.85255,47.6267
85664,3339,3318,3388,3223,3733,3715,3666,3433,4300,5119,4739,3995,5262,9168,7061,4231,32.2282,-3.43276,8.51786,47.7933
85665,3986,5292,5913,4348,3979,6226,7533,4756,3678,4228,4537,3842,3452,3510,3612,3463,-11.0964,2.92372,8.86734,48.2367
85666,3252,3582,4142,4768,3365,3779,5021,8409,3370,3717,4813,8199,3251,3449,4028,4945,-0.319119,28.2327,8.63502,48.06
85667,3410,3711,4525,5406,3292,3884,5717,8825,3189,3737,4865,6607,3199,3594,3916,4314,-4.21311,22.3775,8.55459,48.1273
85668,3356,3373,3357,3171,3737,3842,3511,3476,4836,5279,4499,3656,6442,9919,5788,3910,31.3244,-8.01181,8.57481,48.1013
85669,5707,9675,6563,4277,4569,5271,4563,3972,3620,3773,3598,3390,3348,3359,3253,3182,-31.0069,-5.03623,8.62673,48.08
85670,3298,3569,3875,3740,3493,4053,5434,4825,3540,4610,7937,6128,3568,4030,5147,4792,6.42916,10.8688,8.8103,48.026
85671,3408,3873,4551,4631,3462,4386,7220,6058,3401,4269,6253,5452,3330,3702,4178,4154,-2.37271,12.4199,8.68688,48.2187
85672,5867,4575,3647,3369,9895,5055,3684,3342,6509,4467,3803,3306,4116,3902,3440,3023,-5.58806,-28.8738,8.78824,48
85673,3819,3727,3401,3206,5730,4396,3615,3295,9990,5252,3816,3409,6435,4683,3719,3340,8.69862,-27.9583,8.71504,47.8887
85674,12184,5993,3958,3448,6478,4886,3895,3350,3999,3690,3538,3241,3277,3352,3282,3171,-25.8269,-30.894,8.50847,47.828
85675,3237,3478,3848,4369,3336,3646,4956,7019,3427,3689,5120,9108,3312,3677,4422,5358,3.32352,32.3487,8.50547,48.0013
85676,3406,3817,5930,11256,3430,3786,4995,7344,3211,3325,3791,4126,3040,3275,3453,3541,-21.1931,28.5754,8.69256,47.8173
85677,3371,3917,5548,8044,3470,3965,5644,8735,3261,3568,4154,4738,3114,3295,3619,3586,-14.0784,22.9026,8.57118,48.0193
85678,4271,4259,3866,3463,5447,6941,4490,3727,5394,6759,4557,3568,4148,4199,3771,3417,-0.488485,-10.1005,8.59517,48.1847
85679,3057,3122,3424,3440,3183,3400,4002,4077,3226,3855,4906,6826,3361,3929,6257,11628,22.8182,25.0886,8.8523,47.7953
85680,3749,3702,3468,3306,4251,4903,4004,3474,5800,8087,4833,3740,5146,6014,4431,3651,10.4805,-9.52785,8.69674,48.3727
85681,3347,3640,4086,4305,3486,4076,5625,6320,3416,4042,6528,7176,3282,3706,4493,4719,2.22352,16.6806,8.88001,48.1647
85682,4171,4759,4175,3652,4873,7722,5378,3870,4579,5923,4700,3752,3816,4025,3800,3540,-3.45568,-5.42472,8.89524,48.49
85683,3429,3502,3248,3219,3957,4075,3778,3409,5561,6729,4660,3626,6407,7942,5021,3671,17.4835,-10.853,8.69422,48.156
85684,5281,4591,3664,3387,8493,5854,3980,3483,6405,5091,3787,3323,4392,4099,3384,3251,-4.12604,-20.5537,8.7482,48.31
85685,3419,3470,3221,3051,3975,3928,3381,3202,6029,5130,3888,3460,10367,7652,4342,3526,25.093,-18.7892,8.81544,48.0273
85686,3414,3840,4266,4304,3482,4226,6689,5720,3586,4391,6881,5663,3418,3826,4386,4288,0.401778,12.0987,8.93961,48.2533
85687,3431,3863,5117,5429,3437,4148,6866,7675,3396,3941,5037,5391,3197,3450,3869,3911,-6.54874,16.2735,8.77833,48.1053
85688,3438,4100,6710,7635,3490,4086,6296,7289,3395,3689,4191,4356,3087,3298,3577,3570,-15.3808,16.8426,8.91542,48.138
85689,3375,3366,3250,3152,3915,3797,3456,3186,6037,4744,3869,3429,12164,6420,4007,3449,30.1564,-25.0726,8.68318,47.744
85690,3209,3240,3584,3636,3249,3590,4254,5150,3383,3945,5232,9788,3312,3818,5027,7525,11.4003,32.6707,8.89052,47.9613
85691,3506,4309,6151,5815,3563,4457,7502,6676,3459,3671,4650,4555,3235,3451,3725,3668,-11.3212,12.9605,8.72279,48.262
85692,8819,5439,3825,3337,8888,5191,3831,3439,4696,4058,3564,3303,3672,3481,3341,3176,-14.4282,-32.8769,8.52652,48.04
85693,3200,3475,4063,4510,3259,3662,4823,7465,3386,3742,5397,8904,3264,3626,4368,5184,2.33858,24.8081,8.9136,48.2187
85694,3184,3408,3436,3524,3361,3656,4254,4366,3415,4180,6666,6669,3566,4369,6835,7123,15.8831,15.2106,8.8137,48.008
85695,3400,3532,3781,3547,3689,4201,4869,4113,3901,5740,7983,4883,3711,4859,5637,4459,9.56724,4.68648,8.85946,48.2033
85696,3127,3262,3401,3445,3250,3471,3770,3856,3364,3858,4988,5728,3424,4239,7619,10855,31.2051,19.7336,8.65964,47.7713
85697,3251,3466,3840,4164,3245,3800,4876,6613,3453,3801,5594,9224,3268,3690,4485,5509,4.67759,23.4192,8.53385,48.186
85698,3179,3398,3639,3787,3354,3757,4774,4540,3631,4465,7618,6876,3531,4213,5821,5581,10.3099,13.0831,8.57645,48.1093
85699,3414,4110,5924,8457,3545,4013,5899,8201,3239,3494,4162,4606,3146,3239,3485,3502,-14.821,20.8778,8.90847,48.2907
85700,4123,3892,3451,3193,6321,4611,3717,3207,9480,5271,3768,3308,5897,4561,3690,3294,5.72373,-32.5491,8.50049,47.856
85701,3446,4212,5864,6483,3422,4245,6892,7596,3380,3708,4428,4689,3121,3489,3662,3689,-11.938,16.5512,8.59607,48.2173
85702,3545,4326,7260,9085,3466,3972,5670,6597,3274,3652,3883,4140,3164,3174,3531,3580,-20.1292,18.144,8.55707,48.2127
85703,7750,9462,5062,3685,5071,5186,4270,3599,3878,3905,3688,3278,3391,3518,3330,3108,-31.6748,-11.7996,8.53478,48.1207
85704,4223,5287,4680,3888,4749,7709,6196,3973,4071,4968,4444,3670,3510,3648,3627,3409,-7.87751,-3.04837,8.98006,48.0347
85705,3513,3895,6040,12722,3271,3704,4772,5954,3222,3490,3785,3876,3253,3266,3347,3437,-28.2747,30.8984,8.73584,47.698
85706,3465,3418,3415,3277,3758,3839,3611,3283,4975,5164,4388,3662,6852,9635,5280,3706,33.4723,-9.80786,8.74898,47.8187
85707,3258,3269,3345,3251,3394,3745,3788,3716,3944,4688,5190,4424,4235,6739,9475,5709,30.2614,5.04575,8.53166,48.1133
85708,3147,3305,3441,3304,3618,3751,3929,3592,4057,5323,5982,4393,4404,6914,8185,4922,20.2456,2.28507,8.61518,48.178
85709,4027,4542,4426,3820,4364,6949,6084,4071,4158,5818,5186,3937,3760,4037,3818,3500,-2.88872,-1.92515,8.62911,48.3313
85710,4613,6278,5302,4038,4778,7470,5828,4100,3901,4558,4189,3559,3413,3566,3494,3411,-12.2143,-3.46364,8.64855,48.332
85711,3231,3467,3845,4195,3312,3700,4455,6423,3399,3793,5097,9794,3320,3644,4586,5841,5.66075,30.6157,8.72977,48.068
85712,3470,4110,6743,11631,3400,3820,5043,6268,3241,3427,3898,3777,3068,3224,3405,3462,-25.297,22.9974,8.71111,47.9913
85713,3320,3788,4671,6290,3358,3768,5454,10090,3162,3743,4489,6058,3232,3489,3746,4004,-7.46587,26.1127,8.79486,48.4413
85714,3235,3226,3322,3172,3590,3755,3644,3614,4238,4904,5042,4176,4722,8455,8082,4658,28.087,-0.641124,8.84298,47.89
85715,3654,4644,7618,6713,3611,4381,6752,6024,3351,3718,4142,4116,3314,3346,3441,3502,-16.8797,12.6996,8.66724,48.218
85716,3896,3708,3360,3184,5730,4653,3602,3322,9084,6029,3998,3379,6190,4801,3834,3347,8.10528,-21.9851,8.52002,48.078
85717,5979,5250,3981,3356,8072,6666,3941,3467,5211,4728,3661,3349,3863,3734,3447,3263,-8.92142,-18.0716,8.63721,47.9787
85718,3851,4850,6516,4863,3754,5340,7875,5114,3570,4124,4484,3978,3252,3556,3572,3499,-12.1822,6.29297,8.74351,48.132
85719,3310,3674,4199,4176,3427,4023,6008,5948,3563,4105,6734,6678,3507,3769,4532,4629,2.20045,15.1785,8.74398,48.188
85720,3419,4597,8009,8888,3567,4062,5766,6071,3293,3619,3993,4071,3152,3213,3558,3296,-21.464,16.1488,8.58545,48.3827
85721,8682,6491,4137,3460,7449,5727,3953,3457,4447,3986,3644,3323,3516,3523,3207,3136,-17.1454,-20.108,8.67224,48.092
85722,3828,3677,3397,3275,4741,4418,3633,3319,7584,6823,4087,3404,6434,5850,4206,3402,11.7222,-16.5004,8.64173,48.052
85723,3230,3296,3350,3175,3494,3756,3824,3461,4288,5157,5009,4091,4917,8557,7841,4650,26.7414,-1.10359,8.77517,48.064
85724,6408,5596,4012,3420,8109,6741,4151,3511,4944,4623,3766,3335,3862,3612,3489,3111,-10.3762,-17.5953,8.80753,48.46
85725,3401,4030,5809,7610,3433,3926,6036,8319,3180,3638,4233,4698,3143,3217,3620,3577,-13.3459,20.209,8.88494,47.9133
85726,3493,4144,6545,8164,3373,4196,6029,7260,3302,3597,4225,4457,3109,3310,3618,3539,-16.4281,18.3187,8.54308,48.2407
85727,8080,8358,4633,3643,5802,5908,4161,3556,4090,4062,3590,3388,3380,3400,3284,3002,-21.4264,-14.2122,8.59422,48.2247
85728,3085,3319,3685,3911,3338,3630,4551,5318,3483,3932,6194,9139,3243,3830,4963,6433,9.347,21.432,8.80358,48.036
85729,3734,4636,5987,4861,3833,5315,8141,5240,3607,4142,4791,4183,3253,3530,3616,3520,-10.4285,7.12977,8.6063,48.2593
85730,3091,3275,3357,3398,3222,3398,3732,3931,3478,3711,4613,6129,3407,3891,6165,12353,33.5602,26.5803,8.59924,47.434
85731,4250,5206,4681,3943,4730,7809,6161,4094,4008,4936,4528,3692,3543,3790,3740,3412,-7.20374,-3.24105,8.8857,48.3487
85732,3510,3919,4621,4513,3435,4524,7506,5974,3496,4176,6096,5206,3309,3626,4108,3948,-2.98775,11.5515,8.54015,47.978
85733,3887,4419,4108,3647,4694,7068,5395,3987,4407,6485,5212,3760,3778,4048,3924,3508,-1.52037,-3.94666,8.97019,48.218
85734,3367,3838,5466,8915,3395,3812,5086,8849,3205,3495,4060,4657,3065,3240,3484,3596,-14.9348,33.4446,8.85918,47.6867
85735,3347,3602,3507,3416,3789,4471,4588,3913,4122,6402,7369,4555,4093,5255,5667,4262,10.2716,1.99743,8.87584,48.2387
85736,3320,3809,4961,7453,3367,3842,5252,9594,3224,3592,4263,5276,3083,3426,3600,3804,-11.0957,29.5281,8.72833,47.9107
85737,3551,4073,4898,4684,3643,4747,7868,5812,3520,4217,5726,4924,3326,3625,4006,3833,-5.22051,10.4826,8.58947,48.302
85738,6016,4880,3739,3368,9130,6015,3914,3367,5930,4535,3639,3298,4030,3837,3405,3146,-7.08835,-21.9488,8.7522,48.166
85739,3151,3759,4454,4745,3419,4010,6191,7143,3486,3865,5903,6631,3364,3647,4269,4408,-1.13594,17.6802,8.85941,48.2967
85740,4878,5427,4156,3632,6047,8048,4862,3605,4630,5230,4084,3461,3763,3893,3539,3264,-7.79515,-10.5536,8.58747,48.346
85741,5148,7605,6008,4143,4744,6554,5208,4014,3822,4149,3902,3521,3358,3529,3357,3240,-17.6181,-4.20825,8.65425,48.2013
85742,3155,3538,4033,4658,3277,3697,4840,7910,3346,3741,4987,8806,3221,3598,4148,5193,1.3647,27.5366,8.66806,48.0987
85743,3181,3326,3670,4023,3254,3635,4367,5638,3487,3864,5281,10110,3346,3666,4785,6632,8.93588,27.3231,8.94452,48.1767
85744,3306,3627,4031,3855,3648,4130,5789,4638,3609,4783,7846,5722,3557,4202,5018,4548,5.38314,9.91498,8.5715,48.206
85745,3494,3678,3658,3479,4041,4698,4476,3849,4428,7315,6522,4166,4246,5283,5071,4007,9.08178,-1.36734,8.64467,48.274
85746,6373,5603,4084,3479,7934,6839,4285,3503,4960,4627,3763,3223,3748,3565,3318,3123,-10.2505,-17.2393,8.84988,48.2847
85747,3778,5076,7644,5744,3694,4920,7076,5427,3460,3638,4260,4015,3087,3307,3470,3437,-16.2426,8.94124,8.8558,48.022
85748,3167,3379,3550,3609,3325,3645,4169,4630,3358,4148,6488,7851,3533,4126,6076,7165,13.5033,18.2108,8.7912,48.146
85749,3453,4005,5165,6043,3432,4008,6708,8173,3365,3780,4811,5100,3167,3368,3636,3675,-8.78478,17.7815,8.56355,47.926
85750,3285,3629,4302,4781,3311,3747,5500,8277,3267,3882,5077,7608,3145,3522,4072,4675,-1.40739,23.6309,8.68759,48.0533
85751,3487,3400,3141,3095,4200,3848,3535,3137,6935,4987,3842,3438,11613,6181,3952,3333,22.3944,-25.945,8.66593,48.0827
85752,3419,3550,3851,3652,3743,4563,4985,4067,3966,6015,7745,4809,3889,4631,5302,4293,7.55053,3.70188,8.86629,48.32
85753,3750,3668,3311,3035,5043,4215,3653,3326,8890,5736,3826,3324,7684,5347,3925,3252,12.2953,-22.6213,8.79829,47.99
85754,3117,3353,3923,3974,3345,3715,4494,6032,3328,3830,5221,9991,3347,3720,4734,6023,6.67048,33.5739,8.89998,48.098
85755,3423,3911,5782,11302,3369,3793,5027,7244,3197,3417,3981,4137,3179,3137,3402,3567,-20.6157,27.1304,8.88292,47.912
85756,3228,3200,3446,3438,3308,3352,3753,3983,3405,3797,4849,6694,3339,3918,5878,11955,23.6638,30.6719,8.57956,47.6953
85757,3044,3285,3473,3351,3290,3704,3940,3953,3616,4262,5891,5876,3501,4589,8709,7829,20.9124,14.0081,8.97547,48.2087
85758,12572,6222,3958,3368,6091,4877,3772,3361,3905,3766,3305,3219,3368,3460,3159,3081,-32.4176,-26.5835,8.99207,47.656
85759,3214,3179,3448,3363,3264,3528,3823,3905,3615,4173,5328,5097,3558,4968,9573,7855,33.9674,12.5387,8.93944,47.9273
85760,8714,5368,3919,3356,9215,5046,3871,3365,4706,4095,3502,3284,3693,3643,3236,3088,-14.1642,-30.8692,8.91209,48.0673
85761,6558,6859,4426,3605,6739,6995,4343,3597,4205,4414,3697,3318,3517,3643,3420,3053,-14.384,-14.1876,8.72775,48.2593
85762,3489,3829,3514,3208,4480,4715,4041,3563,6140,8048,4742,3496,5212,5976,4420,3573,10.166,-11.1893,8.62772,48.2973
85763,4096,4581,4158,3582,4760,7255,5336,3721,4488,6318,4922,3786,3811,4038,3872,3504,-2.399,-5.18733,8.78754,48.152
85764,3050,3281,3401,3299,3318,3708,3856,4010,3698,4272,5580,5099,3749,5234,9567,7287,25.0957,11.0509,8.81169,48.2727
85765,4081,4168,3677,3296,5090,6320,4396,3642,5463,7778,4758,3614,4222,4755,3978,3521,2.71636,-9.69519,8.98305,48.506
85766,3310,3488,3576,3377,3516,4135,4410,3991,4149,5870,7283,4746,3968,5177,6267,4803,12.488,3.79663,8.53338,48.044
85767,3468,4306,7733,10468,3380,3958,4996,5700,3250,3517,3792,4003,3129,3253,3420,3379,-28.5111,19.3555,8.65687,47.8347
85768,3338,3749,5595,10514,3458,3826,5060,8056,3144,3477,3997,4386,3128,3319,3514,3359,-18.2878,31.8482,8.91054,47.9467
85769,12574,6019,3967,3459,6104,4718,3779,3358,3979,3800,3481,3192,3384,3377,3327,3095,-29.4039,-27.1673,8.89918,47.742
85770,5156,7889,5872,4178,4780,6633,5370,3945,3768,4024,3771,3487,3357,3450,3284,3292,-17.9639,-4.52537,8.85599,48.1707
85771,4772,5418,4356,3616,5479,8096,5054,3755,4441,5258,4232,3469,3804,3686,3502,3286,-7.56536,-8.12483,8.73543,48.1493
85772,3486,4050,4952,4509,3692,4800,7773,5694,3525,4185,5791,4730,3359,3679,4029,3964,-4.31101,10.0186,8.79445,48.1453
85773,3474,4409,8269,9894,3404,4013,5117,5491,3306,3559,3859,3874,3107,3308,3374,3331,-31.6335,17.0906,8.82182,47.8593
85774,3309,3745,4978,7313,3395,3791,5297,9710,3284,3470,4314,5466,3202,3260,3562,3804,-10.4999,27.4428,8.76553,47.9333
85775,3176,3728,4588,5686,3445,3820,5690,9178,3415,3625,4798,6364,3245,3382,3925,4120,-5.33789,23.059,8.84062,48.1233
85776,3946,5287,6490,4682,3975,5812,7488,4892,3696,4011,4412,3879,3282,3478,3603,3338,-13.0478,4.12998,8.87236,48.1807
85777,3561,4340,7700,9047,3466,3958,5646,6330,3209,3596,3966,4011,3106,3287,3428,3480,-21.1008,17.8659,8.60266,48.0873
85778,3097,3295,3416,3291,3251,3450,3789,3830,3457,4025,5160,5658,3357,4391,8218,10150,29.2058,17.6328,8.98831,47.89
85779,4222,3990,3454,3138,6426,5190,3781,3418,7974,6007,3943,3446,5155,4497,3775,3341,3.40982,-19.9483,8.53217,47.838
85780,10562,5905,3919,3404,7828,5042,3902,3365,4267,3948,3484,3284,3569,3400,3210,3042,-19.1173,-31.881,8.72573,48.0873
85781,9807,5918,3966,3366,8005,5352,3945,3420,4371,3980,3575,3177,3524,3460,3224,3075,-17.367,-24.7822,8.62145,48.11
85782,3108,3333,3536,3561,3192,3618,4260,4776,3518,3985,6203,8179,3424,3969,5832,7730,13.8952,20.2775,8.59732,48.1493
85783,3309,3437,3446,3343,3552,3880,4114,3814,4118,5352,6500,4649,4159,6070,7701,5168,17.6081,4.00707,8.82276,48.408
85784,3646,3450,3419,3084,4484,4089,3545,3279,8501,5620,3807,3298,8559,5786,3953,3512,15.257,-22.2321,8.76431,48.0213
85785,3424,3721,4051,3977,3670,4492,6014,4728,3625,5028,7625,5345,3578,4147,4819,4384,3.64313,7.82549,8.54781,48.4187
85786,3568,3751,3833,3506,3934,4860,4727,3909,4519,6945,6597,4290,4005,5020,4879,3937,7.15111,-0.69984,8.52714,48.1867
85787,3415,3436,3182,3147,3887,3874,3447,3167,6251,4870,3738,3465,12249,6437,3908,3380,26.9623,-26.6891,8.52351,47.902
85788,3374,3415,3297,3033,3864,3876,3692,3281,5352,5652,4358,3625,7982,8886,4920,3666,24.006,-12.757,8.74357,48.182
85789,3617,4849,9588,8160,3623,4052,5156,5077,3267,3518,3839,3772,3233,3210,3393,3315,-32.5897,12.6815,8.92864,47.7793
85790,3100,3286,3302,3281,3393,3648,3914,3647,3845,4421,5267,4720,4003,5913,9996,6418,29.1357,7.8819,8.86927,48.1027
85791,3161,3219,3207,3284,3233,3559,3972,4051,3483,3907,5183,6226,3528,4262,7560,10520,24.5919,19.8678,8.70278,48.2367
85792,3360,3455,3208,3068,3927,3821,3424,3213,6262,4729,3759,3405,12427,6092,3900,3348,27.291,-28.7,8.54895,47.5987
85793,3352,4018,7190,11647,3347,3803,4945,5852,3204,3448,3905,3859,3101,3176,3376,3315,-30.4845,21.8361,8.76964,47.692
85794,3416,4384,7651,10939,3320,4049,4952,5680,3233,3493,3648,3944,3158,3156,3361,3360,-29.9903,19.7072,8.80452,47.8293
85795,3362,3381,3223,3129,4052,3776,3375,3277,5989,4895,3813,3373,11899,6743,4047,3514,28.8963,-22.9577,8.66118,47.8987
85796,4600,7395,7863,4893,4225,5399,5585,4242,3559,3807,3829,3724,3271,3497,3439,3317,-21.08,0.995072,8.5484,48.43
85797,3368,4016,6552,11745,3313,3842,4793,6703,3224,3527,3895,3925,3068,3276,3473,3351,-23.865,24.788,8.81733,48.0473
85798,3140,3200,3305,3379,3178,3561,3693,3956,3296,3759,4666,6408,3377,3821,5957,12758,25.4225,29.8148,8.95454,47.636
85799,3324,3505,3340,3089,4030,3946,3454,3305,6296,5392,4042,3482,9446,7638,4342,3499,22.2122,-17.9927,8.62327,48.0867
85800,3135,3308,3614,3747,3300,3641,4298,5040,3386,3957,6131,8588,3398,3991,5319,6945,11.5268,20.6896,8.74514,47.8653
85801,3787,4204,4010,3687,4230,5952,5498,4038,4282,6595,5811,3981,3882,4368,4110,3776,1.02342,-1.71997,8.76852,48.1407
85802,3114,3288,3443,3516,3256,3632,4271,4173,3550,4426,6536,5865,3698,4771,7771,6874,17.273,13.0629,8.64303,48.1227
85803,4468,6569,7175,4600,4159,5782,6293,4442,3642,3944,4135,3860,3225,3330,3482,3325,-17.0538,1.71084,8.90104,48.2873
85804,3283,3360,3454,3383,3475,3858,4044,3810,4007,5473,6655,4748,4129,5935,7618,5066,17.3065,4.06826,8.56094,48.1987
85805,3012,3232,3330,3398,3164,3496,3928,3945,3420,3874,5221,6060,3444,4303,7731,10459,25.7695,19.1727,8.85542,48.0113
85806,3136,3335,3476,3459,3285,3698,3947,3954,3517,4330,6129,6038,3545,4630,7908,7812,19.8394,14.9214,8.8587,48.1327
85807,3415,4042,5683,5499,3604,4365,7435,6868,3469,3768,4853,4838,3298,3486,3688,3597,-9.40575,13.7566,8.6592,47.9387
85808,4028,5103,5956,4689,4114,5744,7829,4764,3678,4136,4543,3923,3342,3582,3499,3500,-11.4356,4.42166,8.92809,48.2867
85809,3478,3589,4251,4280,3338,4100,5904,6152,3410,4088,6409,6748,3300,3719,4519,4741,1.95053,15.8602,8.55819,48.0173
85810,3364,4294,7514,11025,3456,3925,4949,5936,3305,3463,3875,4004,3049,3196,3439,3368,-28.6567,20.1329,8.63689,48.108
85811,4066,4831,5199,4202,4190,6625,7319,4525,3934,4600,4817,3973,3556,3583,3699,3626,-8.02385,1.58422,8.63934,48.4967
85812,4180,4235,3689,3414,5839,5931,4056,3477,6707,6821,4280,3586,4648,4488,3815,3227,2.2271,-14.5031,8.77133,48.262
85813,3169,3287,3638,3685,3201,3724,4227,4901,3440,3971,5873,8692,3462,3933,5682,7491,12.9821,21.231,8.91124,48.2507
85814,4243,3938,3560,3222,7143,4745,3770,3317,9187,5119,3689,3350,5260,4366,3573,3308,3.29274,-32.4119,8.57293,47.86
85815,3104,3367,3678,3726,3274,3566,4340,5200,3346,3836,5490,9658,3293,3792,5061,6913,10.5944,24.6663,8.97585,47.7627
85816,11731,6969,4098,3381,6020,4862,3848,3301,4114,3782,3470,3136,3332,3401,3238,3133,-32.3985,-22.0867,8.87617,47.8773
85817,4305,5300,4658,3857,4868,7798,5849,3982,4246,5026,4376,3789,3545,3715,3624,3283,-8.02001,-4.13957,8.78174,48.1473
85818,8766,9104,4680,3603,5341,5217,4108,3429,3838,3750,3532,3289,3389,3449,3202,3074,-29.7085,-14.0693,8.97558,47.8473
85819,4600,4115,3667,3245,7364,5379,3727,3331,7935,5633,3898,3249,4773,4363,3580,3265,1.09691,-20.8348,8.95223,48.0827
85820,3719,5225,9669,7499,3568,4319,5228,5025,3320,3486,3785,3896,3163,3306,3386,3306,-29.5358,11.1405,8.55393,47.9333
85821,3392,4080,7097,11820,3449,3844,4846,5960,3284,3475,3893,3913,3119,3143,3348,3377,-28.2437,21.8675,8.58235,48.0267
85822,4487,7246,9268,5204,3881,4779,5035,4440,3567,3729,3822,3637,3248,3298,3264,3320,-31.4781,3.026,8.91323,48.15
85823,3759,3490,3284,3084,5290,4237,3638,3254,9807,5139,3785,3395,7468,5069,3823,3341,11.3254,-31.4986,8.91182,47.9087
85824,4416,7214,9019,5225,3946,5020,5222,4542,3613,3674,3855,3631,3115,3250,3256,3229,-25.2638,2.77909,8.81322,48.1513
85825,4068,4789,4895,4145,4173,6611,7145,4360,3829,4736,4913,3947,3487,3835,3720,3564,-6.83702,1.07292,8.57847,48.1447
85826,3230,3302,3396,3297,3428,3661,4012,3679,3873,4774,5797,4561,4217,6382,9146,5601,21.8706,5.29961,8.95709,48.2373
85827,3352,4035,5461,6313,3421,4105,6710,8325,3325,3695,4571,5050,3110,3354,3724,3804,-9.96513,17.9755,8.84787,48.2367
85828,10496,6992,4249,3492,6524,5240,3964,3439,4063,3902,3384,3277,3399,3344,3156,3107,-22.7186,-20.7886,8.57776,48.0187
85829,3210,3528,3893,4379,3299,3616,4779,7073,3365,3735,5457,9305,3400,3568,4326,5433,3.98095,25.4323,8.88791,48.244
85830,5498,4487,3742,3316,9481,5221,3854,3447,6650,4526,3550,3417,4215,3924,3554,3320,-4.56298,-31.7394,8.54011,48.1347
85831,3124,3275,3561,3544,3272,3551,4041,4504,3351,3954,5604,8049,3344,4016,6164,8852,16.2561,22.0232,8.64666,48.1373
85832,3596,3574,3374,3097,4440,4002,3530,3169,8179,5318,3934,3354,9598,5781,3886,3453,17.2927,-25.1772,8.61189,48.19
85833,4426,6202,5761,4307,4511,6938,6479,4196,3745,4272,4340,3609,3481,3499,3413,3370,-13.1511,-1.2551,8.81013,48.366
85834,3360,3869,5794,12545,3362,3630,4781,6144,3237,3383,3762,3972,3145,3225,3377,3476,-32.8212,31.6165,8.90548,47.3747
85835,3343,3600,3809,3720,3517,4185,5538,4688,3734,4907,7978,5888,3556,4195,5061,4641,6.16318,9.34743,8.58973,48.24
85836,3969,5766,9755,6299,3721,4525,5330,4745,3362,3690,3815,3793,3193,3349,3377,3305,-33.7226,7.81614,8.62568,47.996
85837,3368,3392,3354,3168,3867,3847,3453,3350,5106,5460,4240,3515,7340,9619,5067,3686,33.9647,-11.0255,8.66459,47.888
85838,3234,3304,3412,3360,3465,3554,3923,3843,3930,4676,6038,4735,4131,6047,8780,5665,20.9733,5.87226,8.61228,48.0647
85839,3343,4108,6512,11018,3314,3848,5148,6872,3194,3470,3983,4009,3116,3296,3419,3526,-21.8262,23.211,8.75342,48.1173
85840,3641,3865,3554,3254,4639,5346,4079,3594,5616,8312,4986,3745,4765,5242,4128,3576,6.47751,-9.05591,8.96529,48.228
85841,3392,4069,7131,11020,3376,3921,5071,6423,3194,3510,3848,3982,3043,3252,3361,3537,-23.19,20.9826,8.88897,48.0867
85842,3339,3861,5708,10241,3390,3939,4950,8006,3147,3483,3882,4374,3137,3253,3524,3458,-18.5546,30.4789,8.5049,47.7947
85843,3819,3853,3610,3283,4575,5611,4227,3535,5558,8222,4905,3640,4684,5032,4141,3483,5.67331,-9.38262,8.85949,48.1187
85844,3650,3700,3660,3493,4153,5079,4561,3762,4779,7793,6027,4071,4226,5154,4727,3799,7.21661,-3.497,8.88782,48.4227
85845,3506,3364,3298,3152,3883,3841,3350,3320,5367,5149,4111,3500,9259,8700,4479,3546,31.8983,-15.7331,8.73875,47.8833
85846,3160,3305,3294,3343,3272,3428,3712,3986,3360,3641,4662,6070,3385,3931,5956,12663,29.6919,29.9981,8.63914,47.4453
85847,5039,8934,7479,4412,4351,5084,4796,4015,3630,3721,3758,3399,3238,3438,3231,3234,-32.1087,-2.24219,8.76282,47.8393
85848,3098,3277,3393,3388,3321,3582,3774,3929,3512,4065,5124,5497,3506,4501,8643,9485,27.5508,16.2994,8.95432,48.0633
85849,3368,3348,3137,3125,3947,3797,3318,3180,6722,4790,3758,3348,12476,5975,3947,3314,24.9911,-28.6921,8.99746,47.7
85850,3283,3954,5525,9164,3426,3821,5359,8812,3172,3620,3905,4663,3112,3298,3483,3592,-15.7405,27.056,8.89865,48.126
85851,4429,4068,3520,3302,6515,5651,3997,3414,7418,6424,3996,3356,4759,4430,3805,3348,2.43834,-17.4745,8.94698,48.288
85852,3696,4559,6575,5645,3705,4700,7929,6029,3402,3761,4496,4323,3241,3364,3505,3637,-12.3445,10.3721,8.98725,48.378
85853,3621,4361,7418,8161,3458,4108,6029,6438,3337,3688,4007,4096,3088,3351,3461,3519,-18.5451,16.4193,8.53675,48.094
85854,3162,3520,4190,4841,3306,3796,4980,8102,3328,3647,4909,8413,3272,3505,4175,4869,0.222798,29.6734,8.52323,48.01
85855,3361,3832,4966,5738,3377,3936,6244,8617,3324,3700,4865,5940,3179,3481,3959,4039,-6.39787,20.2003,8.8407,48.372
85856,5225,5053,4016,3550,7191,7472,4282,3467,5250,5135,3796,3430,3859,3808,3572,3209,-6.81458,-14.9646,8.98098,48.21
85857,7038,7836,4704,3558,6086,6576,4483,3665,4063,4129,3676,3249,3488,3525,3292,3041,-17.2911,-12.9477,8.88921,48.2727
85858,3470,3881,4249,4225,3527,4345,6817,5417,3564,4297,7202,5497,3336,3849,4296,4215,0.393256,11.3972,8.95073,48.1247
85859,4235,7102,9534,5372,3887,4791,5087,4371,3511,3582,3845,3549,3247,3319,3403,3284,-33.6738,3.34296,8.91781,48.0793
85860,9267,7467,4316,3481,6392,5571,4044,3376,4036,3888,3571,3379,3390,3415,3357,3026,-20.8993,-17.8476,8.64633,47.984
85861,9884,8456,4494,3489,5596,5174,3884,3452,3917,3879,3534,3359,3425,3394,3240,3066,-31.2547,-16.8594,8.99562,48.162
85862,2977,3150,3387,3435,3211,3430,3825,3900,3381,3941,4851,6363,3386,3953,6421,12191,27.0863,25.6249,8.54308,47.868
85863,3696,3504,3335,3081,4968,4231,3464,3369,9666,5206,3857,3360,8018,5125,3707,3369,12.4163,-30.7156,8.6206,47.9707
85864,3479,4441,7403,9827,3572,3976,5219,6271,3288,3511,3938,4092,3083,3242,3496,3388,-22.5834,18.8629,8.52707,48.1507
85865,3088,3239,3393,3421,3260,3456,3804,4254,3292,3912,5126,7613,3388,3958,5740,11085,19.5353,32.8907,8.94613,48.0193
85866,4019,6091,10155,6277,3733,4426,5280,4659,3448,3581,3770,3666,3201,3298,3296,3372,-29.9656,7.20566,8.88839,48.1813
85867,3618,4902,9148,8518,3507,4103,5353,5474,3296,3554,3806,3887,3120,3268,3337,3351,-27.4641,14.0901,8.75187,48.1613
85868,5921,5588,4125,3388,7281,7311,4286,3500,4867,4717,3817,3377,3620,3781,3379,3241,-9.87773,-15.114,8.73709,48.1327
85869,3201,3870,5142,7335,3369,3828,5477,9333,3357,3635,4228,5108,3183,3271,3630,3671,-11.535,24.6672,8.5448,47.7587
85870,3730,4012,3778,3469,4407,5900,4914,3661,4874,7519,5547,3837,4152,4669,4242,3591,3.9263,-5.01237,8.80471,48.2013
85871,6449,9844,5870,3925,4867,5283,4542,3658,3690,3856,3535,3376,3243,3371,3299,3138,-31.1184,-8.08464,8.71433,47.964
85872,3085,3331,3393,3279,3165,3399,3742,4173,3322,3943,4815,7169,3328,4018,5921,11634,21.7146,29.1185,8.78937,47.8113
85873,8534,7458,4427,3406,6457,5866,4102,3457,4157,4027,3689,3309,3379,3529,3336,2989,-19.3379,-16.5607,8.9517,48.0813
85874,4208,5760,6436,4452,4348,6148,7125,4506,3746,4139,4329,3819,3275,3459,3531,3344,-13.4962,1.61602,8.86151,48.4167
85875,3894,3940,3736,3510,4685,5996,4435,3500,5344,7744,5134,3783,4276,4688,4118,3540,3.66234,-8.00879,8.91479,48.2153
85876,3434,3937,6012,12545,3415,3754,4707,5757,3278,3478,3704,3941,3234,3278,3224,3462,-30.6563,33.2326,8.73162,47.44
85877,3450,3818,4473,4213,3745,4519,6902,5373,3513,4444,6893,5399,3432,3810,4407,4109,-0.115532,10.4719,8.57776,48.3333
85878,3680,4541,5598,4592,3752,5205,8152,5393,3530,4049,5095,4317,3418,3518,3759,3737,-8.70681,7.72791,8.78457,48.224
85879,3806,4591,5297,4204,3953,5852,7862,4873,3772,4407,5104,4088,3429,3672,3748,3571,-7.71779,4.29965,8.76266,48.1527
85880,3260,3504,3917,3934,3491,4029,5604,5257,3415,4399,7604,6783,3520,3803,4855,4897,4.85402,13.8343,8.9126,48.1813
85881,4556,5986,4932,3917,5066,7619,5748,4047,4035,4613,4230,3662,3516,3694,3509,3310,-10.6536,-4.89339,8.50253,48.2933
85882,4032,3795,3409,3223,5838,4962,3797,3299,8637,6378,3854,3390,5656,4759,3803,3433,6.17868,-20.0609,8.77039,48.1767
85883,3790,3712,3334,3144,5320,4342,3567,3192,9422,5887,3960,3335,6969,4996,3875,3285,9.96212,-23.1965,8.98659,48.0867
85884,3190,3469,3820,4188,3340,3678,4635,6807,3368,3786,5120,9537,3256,3659,4507,5663,4.91557,29.2237,8.70101,48.0153
85885,5153,4357,3627,3275,8785,5559,3858,3499,7077,5034,3692,3283,4407,3961,3452,3272,-2.91165,-23.9321,8.69139,48.194
85886,3284,3528,3728,3606,3502,4213,5014,4273,3670,5150,8279,5575,3676,4312,5638,4888,8.70972,8.15901,8.82823,48.224
85887,3157,3250,3416,3349,3156,3399,3761,3808,3400,3724,4588,6014,3430,3947,6020,12885,29.2244,31.583,8.75176,47.536
85888,3307,3494,3266,3220,3852,3714,3462,3341,5766,4578,3825,3350,12590,6023,3908,3458,31.7849,-33.4241,8.71256,47.436
85889,3863,5023,7355,5639,3768,4874,7364,5411,3394,3739,4230,3991,3152,3503,3517,3406,-15.2617,8.35231,8.73508,48.1527
85890,3287,3737,5009,7172,3419,3843,5378,9641,3293,3659,4274,5384,3138,3322,3701,3799,-10.447,26.7668,8.73723,48.0373
85891,11131,5954,3907,3227,7193,5122,3759,3435,4207,3967,3414,3321,3473,3414,3333,3075,-20.4251,-27.3384,8.50385,47.9547
85892,3330,3741,4693,6430,3383,3698,5213,10030,3233,3561,4297,5721,3187,3276,3726,3880,-8.49063,31.1872,8.81073,47.5993
85893,3080,3173,3515,3675,3231,3620,4012,4511,3293,3849,5324,8810,3336,3939,5694,9353,15.7235,25.72,8.91385,48.2767
85894,3645,3483,3207,3177,4292,3981,3483,3192,7800,5006,3805,3409,10569,5570,3926,3282,18.8001,-29.8977,8.5179,47.8847
85895,3132,3551,3746,4109,3383,3570,4481,5928,3277,3842,5252,9721,3292,3742,4886,6443,7.5326,27.1647,8.59959,48.2367
85896,3340,3897,4963,5189,3493,4273,7264,7351,3499,3902,5190,5257,3177,3485,3840,3979,-6.14149,15.7569,8.66691,48.066
85897,3371,3389,3193,3100,4008,3841,3433,3218,5928,4820,3845,3349,11786,7123,4097,3486,28.2066,-22.1683,8.90987,47.9913
85898,3586,4170,5486,4753,3650,4695,8348,5997,3380,3963,5143,4669,3259,3562,3832,3707,-7.41873,10.7993,8.98248,48.1333
85899,3508,3717,3524,3407,4019,4776,4204,3676,4873,7855,5784,3993,4700,5750,4949,3869,10.0869,-4.49682,8.76659,48.4027
85900,3432,3779,5526,6903,3381,3973,6363,8633,3424,3636,4428,5128,3206,3431,3663,3693,-11.1611,19.8192,8.9309,48.3993
85901,3149,3414,3531,3521,3073,3572,4097,4758,3480,3820,5322,8820,3365,3868,5606,8630,14.6383,24.6416,8.95269,48.0173
85902,3383,3358,3292,3184,3851,3895,3594,3361,4883,5115,4254,3682,7323,9914,5185,3799,30.6833,-10.5275,8.93224,48.0487
85903,3337,3607,3496,3285,4039,4611,4112,3649,4778,7822,5737,3958,4737,6133,5161,3981,12.0193,-4.35543,8.89893,48.2953
85904,3103,3376,3363,3335,3341,3567,3804,3839,3595,4247,5245,5024,3687,5493,9934,7005,33.3862,10.0652,8.74777,47.972
85905,3278,3610,3696,3876,3328,3844,4988,5191,3493,4335,7586,7171,3458,3962,5172,5242,7.20287,14.32,8.79393,48.1533
85906,3990,6170,9283,5993,3790,4707,6104,4692,3446,3671,3907,3637,3176,3244,3432,3272,-22.174,6.73978,8.88303,48.3427
85907,4377,5853,5541,4117,4530,7146,6331,4211,3905,4452,4252,3742,3420,3589,3547,3363,-11.9633,-1.4234,8.72717,48.2507
85908,3476,3562,3312,3113,3845,4017,3565,3463,5563,6295,4258,3704,6969,8607,5020,3729,19.8395,-11.4521,8.63232,48.332
85909,2979,3277,3437,3480,3337,3466,4147,4317,3432,3809,5389,7545,3503,4041,6559,9616,18.6565,21.6095,8.91838,48.2227
85910,3430,4248,7094,10397,3402,3907,5174,6524,3221,3591,3975,4038,3027,3300,3295,3357,-21.9636,20.1152,8.92233,47.9867
85911,3249,3431,3808,3897,3271,3616,4562,5828,3413,3851,5150,9942,3245,3620,4712,6502,8.45224,31.9428,8.62559,48.0647
85912,3272,3556,3449,3260,3739,4226,4184,3661,4331,6711,6345,4343,4504,6420,6070,4267,14.3875,-1.02038,8.72426,48.2253
85913,3420,3476,3247,3099,4181,3969,3578,3245,6649,5588,4068,3459,9663,7054,4269,3434,20.5214,-19.2813,8.69355,48.266
85914,6316,5394,3901,3299,8604,6557,3900,3412,5201,4586,3754,3295,3790,3885,3486,3085,-9.75578,-19.0781,8.91537,48.31
85915,7508,9797,5258,3762,5033,5467,4238,3504,3754,3777,3619,3338,3364,3394,3306,3044,-27.6539,-11.1974,8.90583,48.1087
85916,3280,3277,3361,3228,3486,3803,3921,3770,4002,4894,5753,4479,4245,6536,8594,5482,21.5402,4.06727,8.58717,48.074
85917,3346,4072,6932,11723,3366,3833,4943,5887,3246,3428,3724,4027,3183,3266,3340,3489,-28.7124,22.3787,8.63246,47.87
85918,3738,3976,3888,3547,4307,5765,4878,3688,4733,7462,5562,3860,4131,4830,4329,3763,4.00236,-4.73731,8.5525,48.3047
85919,8755,5345,3825,3469,9122,5172,3910,3370,4744,4004,3550,3300,3487,3450,3274,3132,-14.4873,-31.6167,8.83477,47.9393
85920,7483,8073,4754,3615,5940,6270,4310,3558,4018,4039,3645,3291,3543,3419,3317,3199,-19.8036,-13.3847,8.81659,48.316
85921,3420,3883,6053,12336,3327,3831,4726,6039,3232,3449,3736,3944,3174,3249,3498,3359,-32.911,26.676,8.52045,47.504
85922,3182,3430,3689,3839,3329,3634,4742,5179,3552,4074,6821,8299,3465,3833,5385,6060,8.90331,17.7342,8.93608,48.342
85923,3488,4322,7745,9623,3503,3936,5478,6352,3275,3489,3898,3999,3148,3306,3465,3391,-22.3689,18.3167,8.95242,48.2787
85924,5257,4646,3845,3288,8258,6086,3941,3471,6288,5146,3733,3348,4089,3958,3453,3258,-4.46725,-19.7944,8.64855,48.0433
85925,3963,4447,4150,3451,4804,7001,5230,3924,4722,6381,5133,3808,3880,4172,3965,3504,-1.06493,-5.43028,8.60375,48.3567
85926,3356,3802,6176,12854,3304,3743,4775,6029,3241,3460,3807,3944,3065,3257,3403,3386,-32.1031,26.6577,8.93816,47.7347
85927,3448,3429,3161,2951,4026,3800,3409,3194,6256,5097,3802,3232,11423,7129,4159,3422,24.3031,-21.4254,8.97159,47.9587
85928,11213,5999,3811,3354,7431,5062,3761,3312,4190,3991,3432,3263,3505,3329,3292,3126,-20.4515,-28.7079,8.62773,48.0473
85929,3783,5330,9625,7047,3730,4233,5315,4947,3490,3633,3921,3802,3082,3350,3498,3421,-32.3436,10.2371,8.55972,48.138
85930,4922,8855,7585,4455,4283,5012,4913,4078,3842,3783,3688,3596,3255,3378,3336,3215,-32.0006,-1.68378,8.82419,48.1307
85931,3545,3924,5962,12201,3436,3830,4755,6399,3228,3464,3872,3993,3168,3239,3391,3344,-24.76,31.5962,8.57973,47.834
85932,7471,5171,3884,3291,9343,5567,3849,3366,5293,4199,3590,3197,3721,3627,3297,3089,-11.7336,-24.423,8.63327,47.97
85933,4026,4111,3639,3304,4998,6394,4374,3559,5530,7640,4739,3630,4346,4643,3937,3487,2.61014,-9.38758,8.98602,48.238
85934,9606,8674,4486,3607,5625,5104,3952,3450,3793,3818,3459,3277,3398,3408,3207,3076,-29.8022,-16.3243,8.98942,47.96
85935,3918,3637,3327,3145,5439,4486,3627,3222,9285,5904,3956,3427,6614,5024,3811,3343,9.25474,-22.5243,8.72067,48.11
85936,7701,7191,4407,3503,6637,6277,4106,3600,4264,4068,3600,3258,3463,3523,3226,3164,-17.4182,-15.8936,8.74704,47.992
85937,5075,4980,3915,3435,7381,7251,4370,3441,5265,5306,3830,3375,4069,3848,3502,3218,-5.84737,-15.2372,8.77114,48.174
85938,3320,3377,3310,3182,3834,3706,3464,3276,6092,4750,3818,3417,12529,5983,3883,3421,28.7858,-32.2635,8.6285,47.5747
85939,4351,4716,4007,3462,5474,7553,4953,3735,4889,6112,4304,3726,3996,4073,3708,3402,-3.16948,-8.94963,8.56263,48.3073
85940,3135,3309,3806,3896,3317,3661,4631,5403,3401,3964,6238,8991,3311,3841,5230,6556,9.38043,21.2406,8.87298,48.46
85941,3380,3568,3849,3719,3594,4165,5378,4568,3719,5042,8322,5501,3635,4303,5137,4605,6.60719,8.50538,8.85787,48.3233
85942,9915,5866,3930,3417,8151,5147,3855,3331,4391,4035,3501,3227,3490,3563,3253,3129,-17.366,-26.1257,8.54817,48.134
85943,4487,4674,3826,3451,5871,7177,4529,3574,5400,6419,4178,3407,4127,4171,3726,3323,-2.28473,-11.5206,8.68429,48.2267
85944,3279,3483,3638,3568,3399,3778,4533,4404,3619,4541,7489,6468,3566,4296,6236,5894,11.8677,12.8158,8.75321,48.1273
85945,3386,3731,4956,7259,3385,3845,5351,9823,3326,3570,4232,5267,3244,3285,3645,3813,-10.5399,31.0423,8.92454,48.0787
85946,4135,6896,9394,5478,3915,4644,5243,4537,3458,3709,3812,3642,3333,3324,3409,3231,-33.861,4.23553,8.86893,48.1067
85947,7062,7285,4453,3524,6377,6584,4269,3550,4182,4190,3752,3322,3545,3533,3319,3080,-16.7018,-14.0352,8.5995,48.018
85948,11489,6273,3889,3378,6880,4933,3805,3534,4096,3829,3514,3175,3540,3376,3213,3085,-22.2545,-25.1437,8.82581,48.006
85949,3490,4399,6960,6653,3592,4319,7027,6551,3402,3673,4259,4251,3105,3296,3565,3536,-15.1465,13.5303,8.81447,48.052
85950,3142,3239,3419,3437,3169,3452,3896,4071,3412,3882,5063,6444,3347,4109,6931,10858,22.8986,21.5746,8.8171,47.914
85951,3189,3426,3517,3443,3215,3621,4063,4489,3546,4101,6206,7146,3375,4308,6392,7718,15.9605,17.5281,8.528,47.8367
85952,6681,10060,5507,3752,4792,5276,4369,3667,3698,3844,3619,3357,3214,3328,3317,3182,-33.3408,-9.33341,8.95996,47.7753
85953,3345,3445,3355,3309,3596,3864,3994,3638,4207,5585,5912,4410,4575,6759,7605,4783,19.0348,1.50202,8.54686,48.2547
85954,12636,6126,3799,3332,5900,4829,3830,3279,3980,3798,3409,3330,3429,3272,3233,3100,-31.9676,-28.418,8.57549,47.5213
85955,3889,3793,3399,3185,5584,4779,3819,3325,8716,6164,3934,3413,6019,5023,3772,3289,7.91361,-20.4798,8.67392,48.0687
85956,7544,7417,4533,3556,6417,6387,4216,3591,4156,4197,3678,3319,3473,3507,3218,3162,-17.5766,-15.26,8.71582,48.2473
85957,3417,3535,3469,3171,3830,4133,3823,3446,5060,6895,4923,3796,5708,7961,5300,3806,17.2897,-7.87475,8.59477,48.182
85958,12330,6687,4078,3405,5859,4697,3741,3257,3943,3846,3374,3160,3524,3445,3143,3122,-30.4577,-24.318,8.97049,47.7407
85959,6412,7306,4722,3782,5912,7037,4450,3644,4149,4270,3675,3462,3528,3549,3268,3188,-15.8037,-11.9139,8.56789,48.236
85960,6478,4823,3751,3298,9794,5230,3799,3327,5755,4483,3663,3241,3864,3709,3339,3095,-8.37773,-27.1217,8.61601,47.766
85961,3064,3224,3359,3430,3274,3480,3899,4073,3390,3797,4953,6652,3417,4044,6829,11428,23.4935,22.4432,8.92015,48.2087
85962,3088,3293,3563,3483,3251,3658,4222,4650,3404,3963,5585,8215,3456,3885,5762,8757,15.0309,22.9011,8.69518,48.1567
85963,3235,3537,4073,4676,3308,3833,5220,7818,3389,3723,5284,8194,3130,3576,4214,4786,0.445829,23.5896,8.90348,47.9973
85964,5572,9614,6627,4235,4592,5121,4627,3962,3718,3935,3661,3503,3352,3299,3228,3138,-33.7922,-5.10745,8.82348,48.1227
85965,3063,3383,3566,3663,3253,3610,4193,4892,3338,3911,5679,8893,3380,3899,5575,7841,13.2921,23.3756,8.53533,48.0927
85966,6259,8874,5444,3877,5028,6323,4608,3767,3870,4039,3695,3355,3426,3364,3329,3107,-20.1073,-8.48129,8.62437,48.2433
85967,12397,5893,3804,3431,6276,4783,3804,3422,3834,3861,3499,3249,3360,3358,3215,3094,-25.3827,-31.5023,8.7114,47.52
85968,3399,3309,3301,3222,3855,3912,3579,3351,5103,5143,4104,3462,7616,9737,5138,3760,31.0951,-11.5359,8.82616,47.994
85969,3496,3433,3209,3167,3864,3876,3487,3203,5383,5175,4012,3485,8975,8819,4606,3531,31.8864,-15.3325,8.55938,47.814
85970,3526,3755,3419,3244,4140,4664,4143,3641,4995,7918,5516,3973,4739,5922,4936,3878,10.9915,-5.39976,8.75945,48.2727
85971,3082,3219,3322,3304,3164,3425,3803,3893,3214,3850,4862,5965,3397,4071,6494,12372,28.6614,25.1068,8.77886,47.6247
85972,6280,5413,3967,3394,8216,6629,4146,3432,5092,4635,3641,3263,3840,3738,3491,3179,-9.97887,-17.9458,8.59399,48.2373
85973,3302,3372,3326,3354,3541,3783,3859,3651,3922,4909,5836,4518,4200,6580,8769,5435,21.8818,4.55473,8.99535,48.238
85974,3101,3443,3573,3736,3254,3471,4186,4964,3457,3812,5565,9087,3357,3934,5490,7980,13.1698,24.0679,8.59229,48.2733
85975,3362,3640,3849,3576,3648,4261,5094,4272,3909,5485,8104,5016,3753,4503,5377,4495,7.72469,6.23699,8.54054,48.2293
85976,4559,4129,3467,3175,7452,5186,3773,3338,8438,5528,3897,3392,4909,4318,3635,3248,1.73523,-22.821,8.62264,48.296
85977,3202,3464,3543,3587,3534,3854,4421,4028,3829,4948,7535,5387,3846,4825,6933,5434,14.2433,8.30169,8.64632,48.2467
85978,12587,6025,3786,3344,6246,4694,3783,3287,3950,3912,3382,3265,3401,3325,3205,3186,-33.4399,-27.6564,8.83112,47.5853
85979,3790,4576,5347,4606,3940,5531,7930,4979,3728,4286,5020,4203,3444,3670,3755,3557,-8.3231,5.13597,8.61663,48.2413
85980,3673,4970,9645,7869,3641,4152,5182,5219,3105,3489,3776,3847,3151,3189,3389,3362,-32.7315,12.2798,8.90243,47.7727
85981,3176,3325,3421,3336,3573,3723,3855,3629,3938,4728,5106,4524,4160,6909,9431,5616,29.3488,4.33009,8.54682,48.3
85982,3702,3970,3785,3451,4321,5363,4544,3635,4779,7712,5670,4028,4327,4967,4509,3688,5.88576,-4.37565,8.56479,48.3007
85983,4047,4926,5260,4393,4175,6395,7510,4594,3707,4506,4782,4054,3359,3596,3719,3408,-8.80296,2.42507,8.73813,48.2873
85984,3931,3904,3379,3158,5845,4812,3673,3298,8693,6194,3871,3363,5664,4826,3767,3317,6.29164,-20.3749,8.64332,47.7967
85985,3862,3639,3323,3139,5276,4268,3683,3220,9583,5771,3778,3395,7105,5135,3781,3333,10.5512,-23.4746,8.9678,48.194
85986,4597,4061,3546,3211,7978,4941,3675,3399,8857,5178,3679,3370,4841,4110,3464,3255,1.11735,-28.0023,8.95555,48.108
85987,3263,3416,3244,3241,3636,3780,3739,3425,4597,5236,4496,3854,6166,10141,5947,3955,29.3069,-7.32827,8.98002,48.0907
85988,3426,3405,3359,3142,4336,4014,3485,3131,7752,5788,3986,3414,8947,6195,4064,3492,17.0408,-21.2038,8.68755,47.9573
85989,3464,3490,3195,3164,4097,4122,3734,3201,6225,6297,4190,3634,7481,7617,4509,3703,18.0397,-14.2327,8.73534,48.082
85990,5326,7339,5167,3933,5282,7214,5087,3907,3883,4234,3891,3581,3307,3544,3450,3201,-15.1108,-7.16778,8.50542,48.2307
85991,9958,5782,3898,3402,8099,5238,3911,3407,4372,4049,3505,3197,3532,3475,3271,3025,-17.5955,-26.3322,8.61144,48.0807
85992,3434,4129,6601,8506,3417,4099,5929,7231,3390,3527,4045,4397,3070,3257,3473,3498,-17.3661,18.248,8.99003,48.002
85993,3146,3266,3576,3692,3361,3620,4178,4941,3391,3856,5325,9613,3321,3798,5207,8029,12.6282,27.8592,8.87494,48.2133
85994,3372,3701,4270,4046,3750,4484,6825,5176,3612,4710,7474,5347,3481,3859,4479,4166,1.09294,9.0682,8.9779,48.5013
85995,3269,3442,3538,3470,3582,4065,4266,3916,4003,5872,7078,4483,4084,5751,6833,4894,14.6548,3.53252,8.79713,48.364
85996,10848,7386,4349,3388,5810,5055,3855,3467,3958,3897,3464,3230,3366,3365,3250,3137,-27.5837,-20.0775,8.71527,47.8833
85997,12709,5874,3829,3387,5903,4648,3642,3424,3862,3762,3448,3219,3519,3366,3243,3165,-32.6551,-30.4576,8.89927,47.3333
85998,4953,8485,7999,4580,4202,5063,4780,4086,3577,3782,3676,3639,3301,3316,3404,3226,-29.6052,-0.977797,8.69052,48.046
85999,3669,3747,3539,3149,4533,4919,3935,3361,6216,8050,4719,3768,5121,5801,4332,3629,9.52345,-11.213,8.80924,48.3253
86000,6327,4752,3801,3217,9813,5364,3814,3367,5949,4392,3711,3179,4067,3702,3388,3174,-7.68862,-26.0093,8.82357,48.0113
86001,3330,3365,3264,3246,3769,3862,3616,3404,4599,5141,4524,3745,6097,9769,6339,4171,31.1746,-6.44155,8.50028,48.1607
86002,4782,7730,7248,4649,4338,5605,5394,4130,3673,3869,3866,3609,3215,3420,3389,3175,-19.8599,-1.0529,8.60932,48.0613
86003,3542,3557,3481,3145,4581,4436,3660,3262,7559,6704,4206,3486,6686,6103,4214,3433,13.0386,-16.8368,8.72963,48.0367
86004,6552,7037,4536,3611,6422,7064,4344,3516,4299,4273,3693,3347,3472,3553,3319,3200,-14.8903,-13.0995,8.72838,48.1587
86005,3297,3380,3327,3105,3552,3948,3874,3532,4398,5683,5312,4127,4968,8186,7204,4446,21.7139,-1.61424,8.9043,48.226
86006,11918,6784,4050,3354,6210,4833,3891,3336,3971,3720,3331,3158,3420,3328,3205,3164,-27.5187,-23.3706,8.82711,47.782
86007,3152,3285,3454,3538,3364,3788,4291,4224,3606,4546,7408,6083,3562,4643,7170,6348,14.9191,11.8644,8.98043,48.308
86008,3508,3369,3247,3072,3860,3755,3384,3246,6532,4710,3737,3344,12345,6013,3861,3433,25.1533,-29.9155,8.87112,47.6107
86009,4224,3963,3509,3195,6982,4811,3687,3313,9225,5150,3934,3271,5393,4390,3661,3383,3.7134,-27.1643,8.71928,48.0607
86010,3478,4273,7596,10610,3491,3939,5119,6131,3195,3527,3794,3793,3073,3189,3406,3404,-25.0274,19.7054,8.8489,48.012
86011,3155,3346,3614,3676,3335,3645,4258,5113,3363,3818,5444,9527,3227,3784,5015,7678,12.0155,29.3341,8.68759,47.9987
86012,11803,6320,3957,3449,6722,4931,3838,3476,4115,3817,3411,3158,3338,3288,3128,3117,-23.3386,-25.7495,8.82778,47.912
86013,3223,3186,3330,3347,3179,3429,3603,3747,3441,3654,4787,6067,3381,4013,6198,12793,28.0281,32.5816,8.91829,47.5853
86014,3443,4221,7689,10545,3488,3986,5140,6003,3217,3463,3873,3834,3044,3254,3342,3376,-25.7261,19.4835,8.72264,47.9453
86015,3436,3516,3533,3538,3670,4230,4466,3886,4165,5810,7360,4822,4062,5186,6107,4734,11.6553,3.70079,8.52231,48.3473
86016,3938,6160,9725,6281,3748,4427,5540,4771,3475,3546,3874,3600,3142,3344,3275,3372,-26.2139,7.11131,8.84974,48.1453
86017,3440,3981,5906,12836,3381,3764,4916,6023,3275,3330,3849,3856,3048,3199,3326,3385,-28.6918,32.4344,8.92084,47.6767
86018,5489,9121,6912,4291,4467,5634,4704,4022,3626,3919,3609,3400,3264,3363,3482,3191,-24.2123,-4.00943,8.53507,48.3293
86019,4024,4493,4904,4205,4099,6114,7410,4686,3875,4738,5253,3981,3516,3616,3843,3569,-6.04066,2.80449,8.56601,48.2173
86020,11950,6017,3925,3399,6538,4814,3763,3232,4058,3866,3441,3230,3454,3287,3220,3179,-23.2872,-31.3147,8.68795,47.582
86021,3384,3996,6369,12082,3376,3746,4928,6476,3219,3408,3720,3986,3060,3236,3259,3552,-25.5963,25.1073,8.71846,47.8647
86022,3499,3423,3409,3161,4090,4058,3668,3307,5861,6421,4397,3665,6979,7987,4717,3691,18.537,-12.7986,8.67335,48.222
86023,3315,3492,3357,3131,3724,3809,3788,3559,4413,6012,5350,4052,5094,8179,6768,4276,20.1749,-3.01111,8.83167,48.2127
86024,3724,3573,3285,3250,4528,4433,3795,3329,7429,6652,4170,3589,6794,6242,4242,3496,13.3047,-16.602,8.6693,48.354
86025,3410,3759,4861,5315,3466,4112,6765,7971,3338,3881,5068,5730,3256,3488,3825,4021,-5.46321,17.9828,8.69155,48.1773
86026,4947,6361,4908,3854,5302,7985,5411,3791,4181,4452,3951,3642,3421,3481,3399,3282,-12.2456,-6.95925,8.97911,48.2453
86027,3762,5435,9830,7053,3505,4331,5216,4948,3304,3647,3927,3801,3206,3317,3294,3361,-31.7087,10.0275,8.6559,47.958
86028,3367,3280,3373,3077,3764,3903,3647,3172,5609,5098,4020,3447,9547,8709,4440,3494,30.0139,-16.4128,8.99623,47.9647
86029,3233,3560,4316,5395,3250,3847,5091,9063,3316,3661,4751,7446,3315,3498,3947,4463,-2.74052,28.7102,8.56796,48.1013
86030,3324,3328,3257,3108,3843,3767,3475,3265,5696,4917,4007,3466,9836,8313,4426,3511,30.5042,-17.187,8.53714,47.6927
86031,3616,4604,8206,8777,3455,3964,5591,5686,3328,3542,4001,3984,3105,3232,3523,3490,-22.7341,15.5936,8.50604,48.0693
86032,3393,3423,3256,3104,3874,3873,3671,3269,5177,5321,4044,3583,7816,9455,5019,3639,25.5562,-12.4606,8.8227,47.9447
86033,4033,6246,9654,5753,3882,4446,5154,4519,3480,3743,3828,3704,3230,3276,3383,3314,-32.8786,5.71625,8.50929,47.7633
86034,3210,3186,3320,3335,3408,3725,3838,3713,3811,4765,5720,4616,4184,6459,9249,5609,23.922,5.30509,8.67516,48.0987
86035,3243,3668,4367,4563,3510,4039,6512,6678,3451,4042,5996,6309,3265,3587,4255,4369,-1.27666,15.8672,8.51833,47.9027
86036,3214,3195,3322,3238,3352,3556,3899,3825,3620,4388,5591,5010,3698,5261,9461,7130,24.5432,10.1816,8.757,47.84
86037,3583,3589,3394,3211,4625,4403,3669,3338,7305,6597,4092,3511,6937,6148,4151,3575,13.7723,-16.9687,8.55026,48.0853
86038,3471,3554,3415,3142,4028,4343,3767,3341,5820,6917,4515,3633,6202,7633,4743,3817,16.4114,-10.979,8.74657,48.2273
86039,6073,8786,5588,3876,5013,6564,4661,3801,3956,3911,3769,3492,3417,3343,3323,3153,-19.7292,-7.66874,8.95888,48.484
86040,7028,10126,5485,4031,4763,5218,4434,3666,3777,3798,3573,3339,3376,3447,3252,3209,-28.6408,-9.27335,8.90133,48.348
86041,3102,3203,3312,3516,3344,3535,3804,3864,3441,3941,5174,5498,3513,4602,8708,9286,30.1019,15.7989,8.7664,47.8953
86042,3606,4181,6018,5503,3678,4509,7801,6495,3534,3782,4763,4635,3260,3458,3672,3791,-10.1392,12.4497,8.93121,48.4573
86043,3375,3308,3357,3137,3836,3789,3611,3395,4805,5181,4264,3644,6898,10012,5441,3992,30.8269,-9.71388,8.87719,48.03
86044,3610,4886,9044,8533,3575,4075,5306,5233,3344,3545,3920,3834,3224,3193,3395,3460,-32.6858,14.1444,8.56485,48.118
86045,3178,3232,3402,3388,3202,3535,3790,3989,3445,4007,4990,5466,3516,4555,8734,9544,29.1787,16.4104,8.91791,47.982
86046,12796,5955,3910,3423,6094,4755,3734,3306,3916,3811,3368,3208,3395,3344,3226,3187,-29.973,-30.6003,8.6068,47.6187
86047,3161,3391,3702,3827,3169,3609,4447,5395,3430,3844,5762,9728,3298,3724,5096,6857,9.81482,23.7478,8.79851,48.2933
86048,3426,3416,3312,3062,4296,3846,3401,3331,7492,5044,3964,3435,10437,6282,4051,3416,19.6552,-23.5223,8.84567,48.1407
86049,3340,3388,3165,3091,3785,3846,3432,3217,6072,4753,3718,3347,12739,5958,3877,3371,29.3507,-31.9943,8.57069,47.3993
86050,10010,5897,3937,3386,7734,5163,3802,3437,4415,4064,3498,3205,3524,3562,3352,3039,-18.3151,-24.8606,8.51922,48.0167
86051,4110,3852,3353,3186,6467,4602,3643,3372,9638,5186,3899,3440,5694,4478,3717,3358,5.5388,-32.5767,8.58911,47.9967
86052,3263,3299,3358,3331,3590,3816,3780,3583,4231,4945,4919,4151,4798,8268,8216,4680,31.536,-0.182111,8.91441,48.152
86053,5363,4381,3597,3221,8699,5651,3888,3374,7003,4934,3615,3338,4358,3941,3517,3267,-3.28157,-22.4816,8.96116,48.098
86054,12045,6294,3946,3437,6681,4860,3918,3345,4000,3654,3371,3181,3343,3454,3176,3072,-23.7312,-25.679,8.91336,47.8513
86055,3306,4157,7311,11069,3493,3927,5009,5853,3245,3487,3834,4064,3219,3222,3376,3333,-28.1041,20.5223,8.54768,47.9367
86056,3022,3196,3292,3296,3266,3677,3793,3905,3656,4263,5292,5038,3787,5316,9934,7292,28.2323,10.5363,8.91461,48.0167
86057,3594,4354,5151,4693,3751,4833,8175,5691,3502,4170,5540,4581,3344,3558,3901,3671,-6.51994,9.09653,8.80439,48.3393
86058,3277,3303,3256,3223,3786,3741,3673,3426,4593,5711,4644,3825,5781,9493,6222,4051,23.1531,-5.64804,8.98501,48.0033
86059,4495,7716,8886,5044,4025,4788,5045,4219,3619,3791,3761,3610,3180,3332,3291,3282,-28.1048,1.80717,8.81553,48.056
86060,3208,3306,3156,3172,3861,3787,3395,3218,5926,4956,3845,3393,11294,7316,4223,3455,30.5136,-20.745,8.71157,47.674
86061,3220,3355,3665,3845,3322,3552,4372,5553,3364,3845,5166,10019,3356,3655,4872,7005,9.46049,30.3225,8.93731,48.1107
86062,3449,4056,5899,9365,3480,3914,5450,7958,3062,3576,3976,4389,3175,3319,3512,3636,-17.1502,23.5648,8.504,48.144
86063,3758,3764,3357,3087,4886,4551,3787,3376,7480,7152,4194,3525,5987,5625,4033,3556,10.0253,-15.7733,8.76498,48.0787
86064,3720,5151,9486,7864,3564,4173,5210,5210,3302,3547,3879,3786,3008,3242,3336,3249,-29.7906,11.9926,8.83872,47.818
86065,3454,4063,6996,11393,3376,3900,5006,6101,3267,3421,3861,3988,3011,3191,3406,3393,-26.2813,22.7178,8.55418,47.8847
86066,3870,3683,3377,3171,5499,4519,3590,3345,9098,6009,3952,3325,6455,5228,3912,3363,9.16218,-21.2236,8.82094,48.264
86067,4097,5851,7629,5252,3929,5296,6760,4803,3544,3863,4130,3905,3288,3388,3549,3315,-17.2141,4.80694,8.91344,48.3993
86068,11669,6627,4017,3313,5903,4904,3835,3348,4040,3817,3488,3263,3401,3346,3250,3125,-32.891,-23.2237,8.54091,47.564
86069,3383,3371,3338,3110,3645,3791,3631,3567,4189,5253,4821,4103,5044,9161,7331,4331,33.0633,-2.71004,8.94377,48.046
86070,4696,6046,4976,4005,4779,7749,5742,3956,3973,4644,4232,3581,3521,3471,3470,3353,-11.48,-4.33508,8.84194,48.1293
86071,7400,5083,3758,3346,9665,5327,3821,3476,5314,4329,3679,3258,3716,3712,3318,3108,-11.1028,-26.5456,8.6795,48.2067
86072,3206,3185,3440,3400,3262,3559,3772,4119,3392,3757,4945,7626,3396,3948,5810,10925,19.9721,29.9171,8.81545,47.828
86073,10480,7986,4410,3448,5649,5040,3928,3458,3903,3928,3485,3262,3311,3318,3214,3156,-28.368,-18.4831,8.56478,47.984
86074,3014,3289,3545,3441,3414,3652,3999,3937,3624,4536,6407,5319,3691,5105,8567,6533,19.6835,10.617,8.71487,48.0487
86075,3335,3645,3979,3807,3516,4340,5725,4672,3778,4923,7955,5561,3615,4060,5105,4450,4.93919,8.80027,8.84275,48.3107
86076,3427,3420,3183,3042,4054,3857,3514,3248,6309,4901,3929,3380,11352,6840,4113,3426,25.5875,-22.5454,8.57536,47.9967
86077,3065,3286,3422,3508,3269,3633,3938,4107,3514,4106,5722,6006,3571,4570,8198,8139,20.6039,15.1026,8.94583,48.036
86078,5362,4459,3711,3217,8476,6131,4006,3374,6371,5115,3700,3308,4197,3976,3545,3174,-3.98084,-20.4049,8.55495,48.0813
86079,3093,3281,3476,3393,3281,3379,3699,3854,3555,4129,5210,5505,3490,4658,8886,9101,28.3167,15.3624,8.94349,47.9933
86080,3394,4006,6616,12123,3324,3831,4864,6156,3242,3513,3811,3922,3133,3212,3278,3488,-27.7813,24.1367,8.85064,47.942
86081,3980,3672,3409,3042,5510,4304,3611,3245,9896,5693,3831,3298,6631,4837,3854,3234,9.33649,-24.1105,8.7663,48.0313
86082,3801,4184,4329,3812,4086,5866,6592,4406,3961,5451,5916,4287,3552,3958,4184,3756,-1.29553,1.64997,8.7483,48.094
86083,10525,5792,3917,3401,7985,4926,3761,3363,4277,3839,3475,3270,3478,3441,3222,3109,-18.8815,-29.8194,8.67645,47.854
86084,3852,4960,6251,4757,3870,5552,7858,5151,3643,3978,4560,4125,3331,3619,3696,3521,-11.4024,5.9762,8.58057,48.4827
86085,4127,4433,3905,3547,5172,6830,4594,3722,5183,6941,4662,3646,4185,4381,3807,3454,0.00708149,-8.99905,8.80297,48.3927
86086,9060,8463,4715,3582,5695,5350,4046,3345,3924,3789,3662,3249,3343,3305,3255,3197,-24.1023,-15.7796,8.79295,47.9867
86087,3566,3796,5513,9169,3339,3806,5141,8582,3301,3437,4170,4528,3171,3282,3453,3567,-15.7636,33.3999,8.67369,47.8807
86088,3290,3509,3600,3460,3572,4082,4507,3984,3957,5551,7804,4913,4004,5182,6338,4745,12.0958,5.01869,8.95628,48.332
86089,3398,3760,4866,6402,3290,3882,5505,9798,3228,3559,4296,5821,3200,3348,3707,4001,-8.11265,25.5143,8.85477,48.0407
86090,3196,3307,3332,3267,3379,3676,3784,3544,3990,4781,5251,4458,4281,7054,9247,5333,28.0889,3.76609,8.71093,47.92
86091,3399,3472,3293,3062,3836,3810,3369,3281,5893,4569,3744,3365,12742,5928,3979,3460,31.0569,-33.0707,8.77327,47.468
86092,3276,3577,4507,5311,3317,3834,5118,9136,3307,3607,4774,7395,3180,3524,3915,4390,-3.0537,28.9738,8.6308,48.112
86093,3253,3536,4419,5313,3359,3762,5109,9434,3289,3680,4585,7251,3280,3511,3974,4492,-3.26522,32.098,8.86738,48.1647
86094,3147,3120,3419,3460,3223,3565,3839,3901,3504,4064,5076,5960,3501,4269,7795,10210,25.4334,18.8986,8.61898,48.0353
86095,3560,3946,4104,3719,3886,5220,6050,4332,4114,5696,7018,4477,3733,4160,4443,3948,2.4015,3.62673,8.73319,48.2707
86096,3537,3541,3284,3172,4103,4294,3772,3415,5762,7180,4535,3621,6099,7368,4765,3679,15.3737,-11.0879,8.92357,48.0847
86097,3487,4062,5590,8436,3357,3972,5625,8752,3317,3656,4055,4591,3095,3265,3460,3525,-14.6658,23.1632,8.58618,48.1633
86098,3701,3599,3331,3200,5452,4227,3630,3203,9910,5230,3790,3355,7264,5049,3649,3358,10.7313,-31.6936,8.75235,47.9653
86099,6540,5046,3681,3370,9140,5919,3899,3320,5537,4519,3665,3140,4030,3758,3510,3107,-8.59482,-22.2576,8.65817,48.1207
86100,3239,3304,3511,3335,3480,3820,3943,3858,3791,4978,6291,4823,4097,5874,8429,5594,19.4844,5.81135,8.54152,48.2447
86101,4367,4634,4068,3486,5280,7603,4763,3705,4929,6318,4377,3579,3903,4136,3835,3405,-2.43497,-8.75989,8.7761,48.2587
86102,3320,3414,4092,4560,3442,3767,4821,7805,3347,3696,5074,8782,3206,3552,4213,4924,1.3213,32.984,8.79445,48.01
86103,3480,3491,3352,3088,4261,4083,3550,3316,6927,6094,4129,3419,8281,7015,4232,3505,17.691,-17.1659,8.99255,48.1487
86104,3440,3449,3275,3067,4204,3897,3471,3167,7416,5324,3877,3405,10066,6213,3936,3480,19.1311,-22.7244,8.9259,47.7913
86105,5730,4668,3684,3357,9021,5750,3995,3377,6319,4862,3706,3375,4240,3803,3553,3064,-5.35878,-22.6253,8.76012,48.336
86106,3600,3939,4081,3791,3907,5282,6104,4351,3911,5722,6936,4495,3759,4088,4350,3925,1.66615,2.81984,8.96918,48.1607
86107,4567,5246,4203,3730,5444,8215,5293,3786,4462,5296,4298,3650,3773,3812,3521,3339,-6.80227,-7.17583,8.78221,48.4233
86108,3314,3323,3313,3119,3752,3873,3608,3286,5369,5520,4243,3641,7985,9358,4957,3602,24.2265,-12.8217,8.89912,48.1753
86109,3589,3481,3264,3167,4723,4164,3529,3242,9179,5110,3778,3348,8802,5343,3852,3316,14.5244,-30.857,8.99913,47.9247
86110,5216,4324,3650,3246,8865,5493,3874,3346,7067,4896,3700,3374,4346,4057,3437,3244,-3.04114,-23.9436,8.66575,48.09
86111,3459,4198,7270,10898,3444,3962,4967,6002,3306,3418,3841,3856,3124,3208,3350,3411,-30.0219,20.4706,8.56044,47.8093
86112,3637,4362,4906,4374,3763,5189,7854,5369,3611,4390,5692,4542,3341,3726,3872,3766,-5.18165,7.15835,8.63569,48.2627
86113,3049,3266,3458,3575,3262,3535,4193,5014,3399,3875,5339,9299,3306,3808,5402,8310,13.5085,26.2231,8.61635,48.06
86114,9643,8006,4540,3518,5770,5092,3966,3561,3880,3844,3494,3191,3379,3494,3189,3148,-26.076,-17.6002,8.53516,47.81
86115,3762,4699,5434,4504,3958,5622,7909,4935,3714,4229,5137,4230,3314,3568,3816,3597,-7.89157,5.58402,8.64708,48.2853
86116,3033,3340,3773,3893,3343,3678,4655,5218,3510,4016,6237,8705,3380,3824,5206,6309,9.44963,19.6868,8.86929,48.08
86117,3160,3208,3485,3391,3155,3384,3869,3891,3253,3745,4777,6055,3413,3942,5836,12576,32.3969,29.0141,8.55601,47.4267
86118,3253,3473,4026,4281,3381,3729,4738,7224,3295,3818,5042,9165,3314,3629,4434,5099,2.9229,33.3638,8.67799,47.934
86119,4316,5699,5484,4168,4447,6932,6681,4409,3826,4483,4397,3744,3483,3625,3479,3398,-11.1284,-0.824448,8.72048,48.3807
86120,3283,3716,3655,3562,3602,4331,5060,4189,4100,5767,7863,4825,3884,4584,5525,4451,8.45714,4.3992,8.79775,48.2647
86121,3772,4859,6598,5286,3837,5072,7650,5354,3580,3938,4436,4091,3245,3522,3594,3493,-13.1511,7.74214,8.62538,48.218
86122,3281,3715,4477,5642,3387,3841,5079,9508,3340,3623,4675,6719,3233,3462,4016,4286,-4.44209,30.0008,8.55753,48.1893
86123,4727,4202,3391,3244,8348,4842,3791,3401,8379,4838,3727,3351,4921,4199,3583,3311,0.0494094,-31.4342,8.93819,48.17
86124,3463,3413,3179,3118,3876,3769,3496,3242,6012,4884,3778,3356,12469,6225,3983,3360,28.5791,-27.6726,8.56454,47.7487
86125,3149,3226,3412,3393,3381,3617,3830,3631,3623,4324,5192,4984,3798,5338,9647,7318,30.9889,10.9329,8.56826,47.9087
86126,3395,3557,4233,5234,3367,3920,5317,8798,3381,3764,4938,7289,3255,3444,4038,4458,-2.8077,23.9533,8.50831,48.2587
86127,3406,3717,4789,5265,3488,4059,6836,7726,3400,3853,5254,5658,3167,3587,3969,4039,-5.57017,16.953,8.79062,48.142
86128,4259,3890,3491,3314,6112,5115,3876,3407,8090,6280,4015,3423,5167,4603,3808,3348,4.34992,-19.1161,8.65633,48.132
86129,11469,5898,3982,3409,7153,4891,3794,3331,4059,3816,3496,3271,3365,3371,3213,3093,-21.363,-33.9604,8.96347,47.7407
86130,3789,3765,3561,3285,4941,5288,3841,3468,6521,7910,4480,3688,4954,5217,4087,3479,6.65837,-12.2292,8.67568,48.1827
86131,6281,4816,3770,3404,9326,5872,3849,3383,5929,4621,3672,3266,3933,3701,3472,3126,-8.0805,-22.8018,8.73974,48.2807
86132,3363,3473,3417,3197,3726,4022,3946,3499,4697,6556,5558,4043,5023,7656,6308,4156,17.3931,-2.78192,8.97675,48.4267
86133,3533,3397,3262,3056,4250,3965,3438,3317,7915,4940,3783,3268,10357,5773,3897,3445,18.577,-28.6166,8.57121,47.7307
86134,3316,3279,3238,3091,3935,3790,3470,3203,6116,4865,3867,3443,12018,6545,4025,3546,27.4619,-24.6661,8.65309,47.8313
86135,5179,8513,7328,4531,4421,5377,5210,4071,3644,3758,3681,3548,3152,3380,3416,3307,-23.7665,-2.16534,8.80349,48.344
86136,3328,3589,4260,5098,3256,3884,5146,8904,3349,3683,4898,7426,3237,3407,4043,4570,-2.51815,26.4075,8.70398,48.052
86137,3468,3442,3309,3106,4108,4014,3612,3412,6167,6233,4177,3516,7722,7701,4628,3593,18.7244,-14.97,8.68822,48.1387
86138,3023,3244,3304,3334,3318,3460,3805,3948,3392,3755,4867,6631,3508,3802,6040,12278,24.5539,33.3562,8.59336,47.806
86139,11744,6847,4010,3334,6031,4778,3728,3374,4015,3715,3400,3177,3377,3336,3271,3087,-27.3932,-23.4277,8.7039,47.4827
86140,3762,4309,4095,3649,4568,6578,5362,3883,4333,6550,5341,3927,3897,4219,4039,3605,-0.472681,-3.16787,8.78534,48.078
86141,4751,4807,3815,3418,6440,7325,4307,3582,5325,5799,4032,3453,4010,4084,3536,3291,-3.42982,-13.2951,8.72013,47.9833
86142,3361,4039,7054,11912,3364,3896,4917,6005,3306,3493,3874,3934,3082,3365,3285,3434,-29.3929,22.3375,8.93162,48.214
86143,3359,3516,3891,3748,3542,4258,5228,4314,3780,4921,8267,5440,3576,4198,5260,4725,7.35708,8.46693,8.7598,48.0153
86144,12117,6557,4124,3371,6187,4886,3784,3384,3889,3833,3452,3355,3433,3394,3098,3106,-26.5659,-24.2593,8.99743,47.98
86145,3379,3812,3900,3816,3661,4501,5827,4610,3718,5275,7775,5092,3609,4226,4880,4262,4.36386,6.57344,8.73121,48.2287
86146,12248,6554,3844,3339,5962,4908,3852,3328,3879,3700,3462,3256,3405,3386,3257,3214,-33.6093,-24.1176,8.95553,47.7293
86147,3496,3447,3116,3061,3948,3787,3482,3202,6063,5022,3864,3445,11530,6888,4133,3322,26.1223,-22.9922,8.60019,47.8707
86148,12359,6083,3912,3459,6353,4638,3833,3353,3888,3752,3485,3284,3389,3399,3215,3138,-25.4737,-29.9348,8.6789,47.6933
86149,3388,3357,3221,3015,3927,3875,3498,3220,6020,4988,3918,3406,11229,7391,4165,3390,25.8928,-20.8191,8.83817,48.0053
86150,3396,3409,3121,3155,3904,3868,3441,3195,6911,4795,3814,3378,11799,5912,3896,3364,22.1762,-32.5567,8.75519,47.572
86151,3463,3685,3863,3657,3821,4816,5214,4165,4166,6360,7233,4505,3926,4489,4862,4147,5.93923,2.15949,8.66267,48.248
86152,9538,5902,3935,3440,8152,5314,3840,3326,4510,3943,3549,3273,3441,3468,3291,3130,-17.0376,-24.2116,8.8134,48.0347
86153,6575,10016,5805,3959,4634,5278,4487,3687,3693,3871,3543,3348,3250,3483,3273,3257,-28.4659,-8.31216,8.95597,48.106
86154,3886,5793,9960,6649,3657,4380,5173,4654,3516,3619,3803,3756,3122,3379,3358,3280,-29.7423,8.20153,8.60711,47.99
86155,3098,3209,3542,3515,3199,3594,4029,4363,3390,4002,5632,7697,3391,4003,6291,9344,17.8022,21.4931,8.74628,48.1993
86156,3460,4251,7843,10770,3400,4024,4978,5782,3187,3424,3846,3867,3192,3215,3420,3421,-28.4757,19.2036,8.97308,48.0533
86157,3155,3332,3498,3426,3361,3736,4130,4039,3707,4661,6977,5374,3806,5077,7903,5941,16.92,9.60024,8.88027,48.082
86158,3116,3207,3385,3423,3255,3427,3833,4030,3332,3802,4825,6890,3414,4035,6003,11882,23.3781,28.0106,8.61655,47.906
86159,3419,3710,3979,3953,3654,4258,5965,4781,3743,4917,7798,5346,3614,4174,4918,4525,4.02693,8.26999,8.53716,48.5027
86160,3718,4759,7241,5723,3640,4724,7466,5749,3287,3796,4450,4128,3234,3421,3525,3364,-14.5627,10.2485,8.79813,48.15
86161,4371,5538,4626,3920,4952,8037,5707,4007,4128,4903,4274,3539,3557,3720,3539,3386,-8.80799,-4.95255,8.62643,48.136
86162,3122,3282,3450,3413,3186,3564,3841,3873,3362,3824,5083,5776,3340,4112,7053,11595,29.7494,21.96,8.75681,47.9173
86163,3452,4214,7046,10097,3327,3895,5381,6575,3300,3623,3804,4151,3039,3252,3408,3504,-21.7955,20.0087,8.60868,48.0453
86164,3367,3388,3333,3077,3864,3868,3704,3425,5181,5923,4282,3665,7107,9138,5162,3755,22.3254,-10.745,8.66304,48.1593
86165,3017,3287,3388,3423,3310,3592,4044,3974,3508,4298,5891,6016,3688,4603,8185,7952,20.7886,14.7479,8.535,48.1173
86166,3742,4175,4299,3764,4076,6055,6171,4346,4217,5861,5885,4187,3708,4142,4124,3800,-0.57241,0.357964,8.52281,48.368
86167,3429,3455,3207,3067,4058,3908,3576,3194,6343,5617,3908,3447,9545,7401,4387,3488,21.8019,-18.339,8.75924,48.02
86168,4660,4889,3917,3528,6200,7548,4394,3515,5259,5791,4083,3580,4037,4010,3687,3283,-3.87017,-12.1002,8.79273,48.254
86169,10383,8101,4447,3466,5809,5209,3864,3397,3859,3933,3497,3240,3419,3454,3181,3045,-27.1642,-18.3053,8.88685,48.2027
86170,3419,3459,3343,3257,4082,4448,3923,3505,5113,7574,5198,3950,5232,6925,5090,3794,13.9394,-6.47906,8.869,48.208
86171,3319,3889,5921,12824,3238,3736,4780,5908,3267,3496,3796,4026,3073,3164,3325,3456,-30.705,29.9603,8.91971,47.4787
86172,7198,4898,3781,3504,10040,5048,3718,3397,5410,4246,3573,3307,3881,3584,3347,3199,-10.4261,-30.9316,8.79811,48.0873
86173,3488,3548,3338,3160,4698,4125,3463,3358,9042,5221,3876,3371,8577,5328,3798,3470,14.0847,-33.035,8.83255,47.9073
86174,3249,3311,3281,3236,3648,3859,3610,3572,4412,5271,4841,3986,5214,8922,7360,4391,25.1882,-2.5158,8.62345,48.1087
86175,3512,4434,8674,9108,3463,4061,5319,5676,3270,3554,3848,3969,3089,3285,3380,3396,-24.8397,15.7269,8.89856,48.0253
86176,3118,3503,3908,3898,3363,3874,5093,5448,3371,4205,7013,7699,3507,3845,4861,5495,6.52282,16.9768,8.91768,48.134
86177,3219,3644,4278,5005,3421,3763,5509,8312,3282,3824,5095,7390,3154,3448,4139,4607,-1.42137,22.8814,8.81463,48.06
86178,3676,4175,4710,4070,3754,5487,7615,4974,3678,4723,5978,4460,3474,3684,3947,3783,-3.77563,5.52802,8.65744,48.1253
86179,3438,3895,4439,4046,3584,4632,6906,5156,3596,4730,6730,5112,3467,3898,4409,4071,-0.208408,8.6604,8.56775,48.0727
86180,3980,3801,3368,3190,5865,4468,3660,3287,9826,5075,3849,3399,6432,4786,3794,3349,8.14197,-29.5886,8.51548,48.086
86181,3315,3302,3166,3146,3947,3795,3473,3216,6136,4781,3828,3428,12818,5949,3857,3313,27.404,-32.5502,8.90475,47.6467
86182,5673,4520,3685,3367,9605,5221,3773,3414,6433,4580,3636,3323,3996,3872,3400,3140,-5.38259,-33.9013,8.97194,47.7587
86183,9886,5814,3998,3380,8251,5141,3902,3319,4447,4065,3426,3191,3565,3411,3258,3127,-17.2547,-25.0177,8.93247,48.1207
86184,8126,6713,4059,3577,7221,6008,4135,3493,4334,4094,3534,3294,3486,3489,3323,3132,-16.7122,-18.177,8.78416,48.012
86185,3390,3402,3330,3036,3915,3818,3376,3179,6415,4771,3820,3289,12281,6160,3905,3399,25.9399,-27.5882,8.6926,47.6573
86186,3612,4534,8581,9459,3460,3994,5220,5497,3258,3628,3889,3928,3107,3254,3456,3298,-26.2866,16.2256,8.95474,48.1167
86187,3773,4978,7729,5932,3711,4627,6969,5447,3482,3771,4245,3949,3186,3378,3393,3443,-16.6883,9.19793,8.78648,48.0087
86188,3450,3410,3226,2989,4039,3887,3410,3151,6558,5017,3854,3189,11829,6616,4145,3342,24.1236,-23.9347,8.96603,48.0747
86189,4166,4926,4379,3752,4728,7758,5694,3913,4204,5598,4627,3817,3579,3845,3852,3416,-5.29132,-4.26758,8.6314,48.1693
86190,7641,6903,4221,3496,6978,6298,4223,3560,4298,4143,3665,3356,3475,3498,3293,3237,-16.0275,-16.5482,8.87306,48.19
86191,5469,9015,6897,4323,4399,5387,4817,3929,3704,3720,3738,3431,3293,3368,3304,3152,-23.9595,-3.58692,8.65697,47.964
86192,3223,3702,4882,7102,3360,3831,5362,10036,3290,3534,4236,5557,3207,3268,3808,3847,-9.45562,28.2401,8.79815,48.1633
86193,10331,8083,4394,3427,5852,5133,3916,3571,3937,3880,3523,3145,3400,3417,3158,3076,-26.2818,-18.8933,8.73726,48.162
86194,3410,3397,3255,3219,3878,3795,3409,3200,5999,4648,3664,3367,12547,5963,3898,3323,31.5472,-31.9247,8.79803,47.3147
86195,3292,3453,3367,3034,3833,3843,3608,3417,4702,5830,4631,3713,6120,9654,5888,3897,23.0682,-7.3528,8.96174,48.188
86196,3335,3480,3451,3275,3713,4188,4089,3655,4500,6745,6170,4206,4624,6504,5946,4229,14.5776,-1.34388,8.84214,48.0733
86197,3226,3456,3786,3784,3349,3652,4619,5094,3530,4119,6635,8119,3451,4036,5397,6298,9.79432,18.0602,8.64281,48.3673
86198,3899,4955,5979,4639,3923,5495,7936,4969,3659,4123,4775,4101,3402,3564,3711,3581,-10.7183,5.76168,8.77812,48.474
86199,3637,3855,3761,3461,4099,5158,4551,3753,4676,7767,5934,3942,4281,5096,4589,3783,6.68812,-3.70544,8.65557,48.2287
86200,4341,4615,3780,3540,6223,6898,4305,3541,5511,6278,4174,3540,4306,4120,3651,3325,-1.66142,-12.9646,8.82752,48.0987
86201,4244,4109,3368,3125,6842,4811,3700,3369,9354,5165,3884,3401,5521,4428,3590,3210,4.30387,-26.7456,8.68148,48.0807
86202,3273,3339,3464,3370,3455,3783,3789,3491,4020,4784,5075,4380,4511,7699,8589,5017,32.0042,1.86821,8.68327,48.026
86203,3711,3768,3507,3179,4359,4990,3969,3567,5831,8187,4938,3697,4958,5704,4452,3669,8.96762,-9.51066,8.6157,48.324
86204,3425,3476,3430,3460,3654,4066,4272,3702,4348,6309,6513,4388,4476,6187,6334,4389,14.4663,0.204323,8.67205,48.286
86205,3315,3677,4285,4282,3511,4210,6580,5898,3626,4219,6874,5911,3388,3860,4425,4343,0.749047,12.8863,8.94871,48.2693
86206,3460,3682,3490,3321,3864,4447,3930,3625,4828,7377,5638,3893,4734,6499,5289,3981,12.893,-4.94051,8.57352,48.0387
86207,11654,6790,4131,3416,6078,4879,3931,3363,3897,3835,3475,3176,3309,3400,3230,3033,-27.8728,-22.821,8.6435,47.7313
86208,4191,3874,3462,3166,6531,4555,3633,3288,9799,5140,3836,3332,5754,4557,3670,3324,5.56871,-30.1054,8.88455,48.0747
86209,3386,3535,3775,3624,3454,4248,5048,4378,3781,5167,8292,5494,3632,4231,5631,4840,8.72704,8.29415,8.81074,48.344
86210,4362,3903,3496,3100,6772,4820,3693,3207,9241,5399,3712,3318,5422,4573,3658,3371,4.37612,-24.928,8.71788,48.0313
86211,3214,3240,3234,3429,3359,3297,3707,3863,3411,3688,4779,6124,3432,3989,6102,12592,26.6095,32.7842,8.73419,47.64
86212,3149,3303,3506,3348,3392,3560,3900,3906,3670,4271,5230,5115,3715,5219,9638,7291,32.1266,11.0937,8.58018,48.142
86213,3293,3992,6027,9157,3518,3883,5464,8128,3183,3648,4015,4385,3141,3265,3537,3517,-16.6692,22.9187,8.71521,48.102
86214,3156,3451,4095,4372,3380,3790,4986,7224,3442,3979,5481,8466,3256,3663,4330,5130,2.55803,23.0856,8.62423,48.134
86215,3836,4884,5729,4640,3852,5770,7806,4854,3598,4246,4677,4075,3313,3589,3671,3514,-10.0553,4.84401,8.60604,48.036
86216,3829,4181,3995,3597,4480,6341,5152,3720,4620,7215,5390,3959,3974,4349,4039,3567,1.15849,-4.13118,8.87826,48.272
86217,3360,3951,5791,11073,3415,3857,5042,7349,3177,3460,3912,4174,3185,3230,3265,3420,-20.6524,28.0916,8.83666,47.774
86218,3474,3254,3278,3139,4164,3880,3520,3213,7119,4899,3692,3241,11845,5960,3852,3287,22.4629,-27.4771,8.97561,47.878
86219,3413,3404,3223,3144,4039,3947,3493,3322,5997,5911,4126,3534,8275,8093,4558,3665,20.9855,-14.9817,8.69425,48.096
86220,4949,8785,7992,4573,4232,4991,4906,4069,3556,3765,3673,3404,3219,3363,3284,3340,-32.4016,-0.944128,8.90195,48.0673
86221,3373,3387,3309,3076,3863,3887,3589,3366,5210,5304,4056,3661,8285,9301,4894,3584,27.1207,-13.5065,8.87605,48.0967
86222,3495,3527,3280,3108,4867,4228,3580,3213,9175,5111,3852,3437,8287,5273,3743,3421,13.6033,-32.3578,8.53024,47.7313
86223,3298,3906,6462,12474,3452,3743,4717,6063,3292,3394,3844,3965,3100,3348,3411,3351,-28.8973,25.3382,8.72414,47.88
86224,3425,3774,5334,8969,3404,3901,5226,8894,3282,3512,3891,4692,3049,3302,3543,3698,-15.0373,27.7104,8.97651,47.9307
86225,4805,6075,4827,3826,4979,7987,5416,3888,4195,4637,4053,3520,3428,3679,3518,3250,-10.9834,-5.701,8.81486,48.0553
86226,3091,3292,3494,3425,3175,3409,3707,3970,3399,3733,4698,6082,3284,3924,5951,12729,26.5389,32.7081,8.99012,47.5753
86227,4704,4164,3563,3250,7847,5529,3738,3335,7508,5432,3835,3433,4616,4139,3582,3291,-0.190328,-21.1594,8.82483,47.9773
86228,3379,3833,5575,9588,3398,3849,5241,8377,3258,3579,4105,4632,3086,3324,3317,3589,-16.7532,26.9373,8.7918,48.0867
86229,3380,4044,5177,5909,3486,4151,6947,8072,3354,3632,4950,5277,3168,3324,3871,3848,-8.35063,17.3963,8.92172,48.3933
86230,3142,3322,3386,3418,3202,3420,3967,4245,3357,3872,4961,7504,3399,3882,5935,10892,20.1275,29.5731,8.74386,47.936
86231,3411,3462,3214,3058,3862,3871,3551,3166,6051,4994,3794,3356,11254,7175,4176,3337,26.8007,-21.5184,8.73405,47.8213
86232,4044,3870,3422,3221,6097,4574,3642,3250,9519,5487,3833,3390,5990,4616,3693,3250,6.39618,-24.7843,8.61777,47.932
86233,3569,3397,3234,3086,4249,3896,3539,3218,6820,5506,4011,3595,9932,6922,4082,3411,20.0661,-19.9077,8.96596,48.3113
86234,3173,3344,3482,3528,3301,3681,4280,4028,3771,4562,6773,5581,3693,4901,7722,6523,17.1893,11.1129,8.50292,48.2287
86235,3109,3268,3743,4045,3402,3497,4531,6070,3417,3823,5534,9896,3296,3681,4683,6514,7.50963,26.1296,8.77598,48.3393
86236,3333,3726,4855,5096,3414,4116,6819,7739,3488,3733,5206,5933,3231,3470,4093,4157,-4.58266,17.1652,8.92798,48.2727
86237,3160,3120,3399,3452,3155,3352,3551,4019,3284,3819,4883,6382,3354,4018,6327,12392,25.0819,25.9391,8.97665,47.778
86238,3930,3785,3441,3227,5136,5046,3768,3436,7333,7318,4283,3603,5370,5158,4037,3426,7.5189,-15.0543,8.99235,48.198
86239,3396,3388,3321,3065,4037,3835,3481,3230,5992,4916,3849,3334,11620,7004,4090,3288,28.5921,-22.3333,8.95917,47.8973
86240,10145,5522,3865,3448,8392,5063,3738,3321,4382,3908,3498,3307,3553,3487,3231,3021,-17.6814,-30.2139,8.92658,47.9207
86241,3434,3868,6123,11383,3426,3745,4866,7376,3298,3424,3804,4210,3121,3219,3363,3300,-20.8823,27.079,8.91123,47.9733
86242,4458,4350,3544,3255,6639,6116,3913,3381,7062,6150,3921,3392,4532,4304,3634,3293,0.680984,-17.082,8.98958,47.9627
86243,3367,3359,3175,3109,3962,3915,3563,3207,6107,5239,4007,3369,9611,7837,4316,3488,23.6705,-17.9197,8.5684,47.754
86244,3351,3991,5275,8005,3459,3887,5294,9239,3244,3581,4312,4844,3109,3296,3530,3592,-12.7586,33.3783,8.69225,48.006
86245,3381,3445,3219,3161,3981,3802,3512,3135,5898,5045,3957,3412,11145,7480,4194,3359,30.2456,-20.2484,8.86814,48.084
86246,3266,3455,3775,4254,3218,3529,4523,6573,3307,3729,5125,9765,3303,3642,4537,5858,5.54887,29.0838,8.99544,47.906
86247,3836,4960,6716,5201,3760,5179,7590,5172,3494,4010,4421,3986,3146,3489,3617,3539,-13.3223,7.20712,8.87463,48.0773
86248,3090,3278,3417,3418,3381,3626,3860,3945,3703,4288,5466,5198,3745,5025,9511,7608,25.9892,11.8376,8.77443,48.3727
86249,3491,4247,7540,11118,3403,3905,4941,5770,3221,3536,3800,3982,3130,3247,3375,3422,-29.4665,20.0725,8.74787,48.0853
86250,3107,3239,3349,3300,3534,3730,3705,3693,4035,4906,5041,4242,4684,7957,8586,4848,31.0699,1.19395,8.76182,47.9707
86251,6128,8737,5436,3946,5143,6386,4614,3782,3856,3984,3709,3415,3323,3464,3360,3151,-19.8149,-8.66663,8.7879,48.2893
86252,3170,3345,3353,3257,3411,3589,3935,3781,3674,4254,5264,5008,3635,5169,9519,7823,29.6021,12.1426,8.52738,48.1247
86253,3408,3343,3153,3083,4148,3828,3346,3204,7329,5040,3805,3371,11383,5742,3925,3431,20.8338,-32.5209,8.91393,47.6927
86254,4571,8070,8689,4922,4027,4828,4919,4185,3571,3760,3777,3492,3205,3299,3427,3236,-31.4613,0.855016,8.8061,47.9853
86255,3883,3756,3401,3235,4999,4705,3858,3412,7660,7270,4329,3451,5557,5483,4017,3523,8.54861,-15.6632,8.64702,48.3593
86256,3332,3888,5890,11137,3485,3811,4877,7232,3194,3472,3951,4237,3108,3227,3467,3468,-20.6281,27.497,8.66961,47.8507
86257,3599,3569,3291,3062,4653,4128,3673,3255,8049,6197,3958,3432,7681,6058,3976,3487,14.3862,-19.6163,8.75763,48.0453
86258,3179,3353,3390,3295,3475,3724,3843,3587,3825,4615,5159,4562,4132,6303,9826,5852,32.2247,5.79163,8.67434,48.08
86259,12982,5922,3895,3488,5934,4867,3831,3330,3790,3723,3399,3337,3370,3380,3248,3153,-30.08,-32.7164,8.84447,47.766
86260,3671,4120,3987,3684,4124,5721,5483,4107,4161,6504,6319,4140,3818,4472,4368,3744,2.21692,-0.398075,8.80712,48.282
86261,3801,4847,6381,5035,3927,5353,7904,5180,3641,3898,4643,4032,3236,3514,3679,3519,-11.9717,6.4841,8.79821,48.3933
86262,3428,4058,6113,11365,3396,3794,5009,6888,3177,3487,3782,4095,3110,3226,3437,3440,-22.0405,26.341,8.85295,47.87
86263,3396,3458,3250,3195,4077,3890,3512,3227,7012,4989,3881,3374,11383,5924,3901,3459,21.7145,-33.8926,8.50773,47.952
86264,3391,3526,3472,3298,4032,4539,4002,3493,5021,7811,5255,3915,4993,6617,4925,3898,12.5858,-6.52718,8.86057,48.1253
86265,3424,3968,4742,4237,3834,4881,7406,5529,3703,4474,6253,4857,3393,3721,4174,3961,-3.01107,8.3654,8.71118,48.3713
86266,3697,3635,3347,3065,5044,4405,3541,3267,8872,6161,3937,3314,7118,5401,3935,3375,11.2285,-20.9753,8.91117,48.076
86267,3513,3621,3304,3276,4072,4216,3783,3369,6057,7023,4528,3668,6474,7396,4649,3520,15.6782,-12.2597,8.67475,48.3127
86268,3194,3351,3359,3303,3360,3658,3698,3664,3679,4544,5235,4707,4063,6170,9891,6199,30.0087,7.26385,8.71716,48.05
86269,3519,3733,3568,3358,4277,5065,4155,3683,4991,8167,5616,3875,4624,5554,4612,3812,8.67212,-5.84576,8.82783,48.406
86270,3188,3317,3713,3839,3374,3680,4686,4772,3478,4307,7177,7547,3447,4089,5749,5967,10.3047,15.5786,8.97366,48.22
86271,3351,3338,3387,3230,3382,3743,3743,3640,3890,4616,5214,4533,4078,6624,9553,5603,33.5542,4.59508,8.82284,47.95
86272,3169,3317,3522,3305,3362,3740,4011,3938,3692,4578,6619,5238,3821,5142,8439,6276,18.6313,9.39737,8.88658,48.1127
86273,3186,3389,3966,4207,3278,3858,5055,6261,3478,3915,6032,8751,3279,3836,4558,5348,4.5469,20.8711,8.8013,48.2647
86274,3196,3339,3633,3540,3559,3978,4362,4072,3886,5159,7440,5096,3957,4947,6892,5237,14.5127,7.29878,8.51244,48.1953
86275,5638,5455,4088,3424,7174,7388,4271,3581,5015,4808,3807,3476,3829,3886,3377,3146,-9.17691,-14.7289,8.85613,48.242
86276,3215,3433,3896,4299,3395,3740,4668,6866,3377,3804,5010,9281,3325,3550,4524,5705,4.16662,29.3303,8.52101,48.0587
86277,3523,4201,6638,8506,3465,3951,5786,7112,3266,3449,4180,4440,3133,3338,3389,3659,-17.7634,18.7575,8.57048,48.024
86278,4063,4894,4487,3944,4419,7149,6256,4097,3993,5312,4814,3876,3603,3864,3810,3541,-5.34259,-2.06896,8.92488,48.0813
86279,3349,3418,3252,3131,3866,3854,3556,3328,5236,5765,4151,3678,7460,9182,5008,3727,22.9926,-11.5157,8.85038,47.974
86280,3183,3260,3471,3435,3243,3672,4034,4297,3459,4210,5998,6401,3419,4364,7608,8092,18.7668,15.8476,8.63875,48.0973
86281,3387,3491,3375,3147,4411,3962,3547,3215,8070,5112,3737,3447,10435,5593,3759,3324,18.2054,-28.9232,8.51937,48.008
86282,5603,4343,3577,3235,9634,5084,3693,3394,7042,4727,3690,3244,4361,3796,3400,3277,-4.11592,-28.4717,8.99189,48.0667
86283,5176,9126,7392,4452,4375,4953,4732,4007,3599,3858,3690,3478,3243,3320,3272,3260,-31.6863,-2.73934,8.65669,47.9553
86284,3562,3624,3344,3155,4997,4190,3487,3406,9447,5236,3814,3376,7896,5218,3833,3352,12.3538,-31.4305,8.65617,47.958
86285,3074,3314,3521,3609,3248,3615,4174,5095,3416,3997,5466,9246,3293,3845,5433,7959,12.9464,24.7415,8.97752,48.2033
86286,4045,5218,5728,4406,4198,6459,7212,4546,3691,4247,4604,3908,3400,3668,3635,3467,-10.9682,1.89535,8.76746,48.288
86287,11500,5856,3910,3337,7237,4994,3876,3330,4135,3841,3427,3344,3457,3405,3200,3007,-21.1816,-26.9352,8.90934,47.904
86288,6828,6483,4396,3609,6908,6907,4361,3430,4382,4180,3637,3334,3529,3546,3326,3134,-14.4396,-15.0839,8.65424,47.9933
86289,5428,7230,4990,3840,5494,7344,4901,3791,4098,4382,3799,3430,3583,3570,3316,3256,-14.7889,-8.52766,8.52234,48.3013
86290,3396,4145,5606,6179,3511,4195,7052,7698,3448,3731,4628,4897,3164,3500,3674,3858,-10.6162,16.508,8.77859,48.4547
86291,3337,3616,4797,6240,3356,3794,5141,9788,3248,3695,4567,5977,3171,3443,3679,3856,-7.56417,33.276,8.82771,47.8033
86292,12859,6137,3838,3253,6076,4571,3661,3429,3861,3746,3451,3292,3394,3361,3351,3073,-29.4771,-29.4271,8.96031,47.5687
86293,4049,3874,3360,3119,6315,4452,3610,3250,9677,5312,3817,3303,6034,4659,3727,3396,6.32992,-28.4809,8.76969,47.9693
86294,3174,3218,3362,3396,3231,3465,3752,3976,3308,3795,4795,6322,3358,3962,6006,12543,25.93,31.4122,8.81526,47.7753
86295,3224,3530,4091,4451,3372,3702,5129,6993,3238,3878,5725,8416,3296,3668,4375,5152,2.51206,22.4767,8.64207,48.16
86296,3628,4726,7970,6921,3623,4476,6546,5868,3315,3783,4218,4112,3142,3286,3469,3289,-17.8728,12.2346,8.889,48.248
86297,3174,3350,3348,3273,3365,3568,3799,3699,3702,4462,5203,4797,3911,5651,9742,6627,30.9883,8.20729,8.65408,47.7807
86298,3222,3358,3486,3487,3304,3730,4408,4147,3514,4357,7191,6306,3679,4644,7022,6389,14.9275,12.4204,8.65793,48.1627
86299,5980,5862,4234,3527,7079,7443,4438,3494,4624,4679,3770,3257,3710,3658,3367,3227,-10.7694,-14.7393,8.58272,48.2327
86300,4467,3988,3476,3290,7051,4880,3746,3287,8954,5356,3772,3410,5236,4435,3589,3203,3.04519,-23.7558,8.78861,48.0933
86301,3370,3838,5064,6080,3380,3955,6551,8465,3393,3784,4535,5345,3121,3371,3639,3912,-8.61536,18.6528,8.90153,47.8687
86302,3446,3885,5288,7924,3398,3928,5512,9318,3266,3585,4137,5037,3030,3343,3596,3751,-12.8812,25.0104,8.79494,48.296
86303,3645,4788,8608,8615,3512,4137,5321,5432,3207,3647,3820,3959,3140,3278,3338,3344,-25.7532,14.6557,8.51947,47.8607
86304,12701,6164,3807,3403,6032,4902,3779,3256,3993,3870,3350,3175,3384,3352,3263,3189,-30.9327,-27.2619,8.66655,47.7467
86305,3673,3602,3317,3091,4775,4249,3594,3147,9384,5450,3802,3337,8178,5393,3890,3230,13.3631,-25.4391,8.78361,48.0747
86306,3415,3969,6382,12312,3310,3844,4898,5944,3229,3501,3707,3948,3146,3192,3404,3394,-31.9649,25.1272,8.6758,47.73
86307,10010,5628,3897,3263,8095,5200,3778,3464,4519,4003,3534,3336,3442,3531,3214,3044,-17.6557,-27.6399,8.75248,47.972
86308,4529,6666,7694,4934,4107,5478,5908,4510,3661,3839,3960,3638,3305,3404,3449,3255,-19.2899,2.06394,8.88123,48.2247
86309,3737,4958,7234,5341,3863,4992,7742,5254,3461,3825,4404,3930,3357,3339,3519,3256,-14.5472,7.84011,8.91155,48.1413
86310,4534,7090,7448,4694,4191,5644,5829,4431,3508,3908,3826,3661,3306,3341,3386,3379,-19.4001,0.497295,8.6969,48.1173
86311,7875,9369,5002,3670,5129,5555,4159,3514,3826,3953,3561,3285,3360,3412,3147,3104,-25.5578,-12.7637,8.9659,47.9473
86312,5759,7099,4866,3629,5687,7339,4689,3798,4175,4316,3765,3548,3531,3526,3417,3153,-14.5157,-9.8046,8.5193,48.198
86313,3205,3398,3709,4012,3323,3673,4661,5767,3376,4035,6085,8825,3358,3833,4853,6025,7.38055,20.9312,8.60857,48.092
86314,3428,3368,3275,3090,3928,3919,3470,3146,5795,5076,3894,3397,10202,7927,4360,3569,26.3473,-18.4933,8.59384,47.896
86315,8179,5260,3809,3320,9478,5216,3798,3360,5016,4114,3608,3270,3800,3563,3343,3061,-13.0332,-28.4256,8.71836,48.13
86316,3425,4103,6996,11162,3367,3853,4966,6315,3204,3455,3864,4164,3123,3261,3359,3385,-24.1099,21.3181,8.91358,48.0013
86317,9807,8433,4506,3377,5699,5168,3912,3415,3963,3884,3503,3293,3363,3368,3277,3220,-32.3961,-16.9321,8.78206,48.1253
86318,3132,3351,3672,3909,3295,3711,4282,5448,3330,3849,5281,9830,3271,3812,4864,7004,9.62156,27.7531,8.70151,48.0273
86319,3056,3233,3338,3386,3238,3430,3860,3865,3420,3998,5155,5901,3494,4401,8119,10132,26.3546,17.8961,8.77372,48.0173
86320,5716,5821,4152,3640,6857,7509,4542,3583,4706,4690,3776,3364,3713,3735,3419,3148,-10.5887,-13.6454,8.5494,48.2473
86321,3533,3879,4916,4885,3569,4529,7872,6586,3436,4024,5529,5103,3268,3480,3886,3941,-5.69915,12.8133,8.92151,48.2907
86322,10247,6727,4106,3480,7138,5262,3849,3314,4236,3889,3436,3127,3493,3350,3262,3003,-20.3712,-21.3456,8.75529,47.946
86323,3723,4684,6361,5234,3790,5129,7998,5494,3553,3883,4595,4142,3308,3566,3646,3530,-11.8206,7.83719,8.88431,48.424
86324,3292,3582,4412,5518,3439,3753,5324,9332,3303,3636,4684,6908,3235,3441,3996,4348,-3.80815,26.7683,8.97998,48.1353
86325,3264,3530,3688,3705,3720,4386,5186,4137,3820,5662,8114,4975,3816,4553,5445,4429,7.85198,5.30908,8.95633,48.2867
86326,3681,4292,4595,3927,3947,5733,7027,4520,3924,5228,5898,4282,3583,3896,4048,3827,-2.49184,3.03674,8.76028,48.272
86327,3547,3510,3193,3152,4451,4297,3591,3263,7719,5690,3898,3314,8717,6216,4125,3422,16.4296,-20.923,8.75599,48.07
86328,3366,3647,4108,4380,3459,4064,5904,6367,3467,4133,6233,6779,3393,3748,4511,4663,1.16518,16.2895,8.58941,48.148
86329,7253,9677,5086,3765,4895,5306,4369,3618,3945,3843,3596,3340,3500,3390,3186,3138,-33.0008,-10.8952,8.84296,47.938
86330,3247,3518,3157,3176,3681,3759,3684,3477,4656,5202,4704,3900,5617,9575,6467,4139,33.6883,-5.15856,8.77014,47.9727
86331,3618,4093,5691,5685,3595,4410,7673,7066,3435,3819,4735,4692,3241,3376,3662,3699,-9.94043,13.8903,8.90326,48.3267
86332,12604,6197,3888,3376,6079,4745,3738,3334,3944,3759,3364,3248,3368,3383,3222,3159,-29.9177,-27.4949,8.68569,47.6053
86333,10509,5625,3903,3380,8100,5076,3741,3433,4352,3911,3493,3105,3564,3428,3238,3103,-18.5736,-28.5617,8.94028,47.974
86334,3650,3605,3369,3115,4648,4227,3709,3386,8087,6440,4015,3535,7010,5889,4039,3441,12.9476,-18.7493,8.75925,48.11
86335,4309,7033,9492,5443,3934,4732,5170,4432,3483,3673,3826,3803,3214,3170,3349,3327,-28.1785,3.87826,8.8772,48.26
86336,3899,4382,4202,3817,4346,6519,5964,4056,4208,5859,5422,4034,3776,4020,3894,3605,-1.55543,-1.41344,8.73116,48.002
86337,6216,9848,5981,3930,4802,5270,4491,3682,3595,3821,3629,3380,3313,3355,3353,3107,-33.4953,-7.51683,8.63783,47.8487
86338,6404,9823,5927,3988,4613,5207,4434,3949,3642,3813,3609,3395,3334,3379,3363,3155,-32.7637,-7.68057,8.87846,48.0233
86339,3259,3407,3319,3231,3638,3842,3821,3396,4463,5765,5254,4113,5037,8564,6896,4370,21.2677,-2.79834,8.93965,48.25
86340,6196,6999,4546,3642,5956,7358,4513,3592,4272,4292,3868,3399,3570,3500,3441,3196,-14.5497,-11.5842,8.71856,48.2267
86341,3095,3307,3727,3657,3308,3668,4492,5047,3363,3992,6378,8532,3374,4017,5625,6718,10.9834,19.4851,8.56418,48.2
86342,8497,5265,3748,3314,9354,5144,3933,3322,4792,4177,3527,3338,3585,3574,3212,3121,-13.6807,-31.1706,8.91634,47.9353
86343,3378,3636,4064,3922,3581,4316,6076,4972,3721,4747,7752,5721,3580,4006,4694,4283,3.37993,9.87163,8.81284,48.2993
86344,5179,8910,7536,4424,4190,5098,4791,4121,3533,3782,3711,3520,3336,3359,3298,3330,-28.2045,-2.06776,8.58484,48.0787
86345,3130,3298,3497,3343,3491,3735,3787,3627,3795,4633,5126,4439,4331,6940,9255,5613,27.7501,4.08322,8.70433,48.0267
86346,3512,4050,5415,5259,3599,4436,7677,6653,3484,3982,5109,4907,3220,3423,3785,3764,-7.67949,12.9392,8.7766,48.1833
86347,3290,3764,4390,4241,3603,4243,6777,5867,3459,4273,6502,5894,3360,3784,4384,4266,-0.169107,12.9778,8.64225,48.0647
86348,5240,4449,3629,3272,8999,5166,3829,3401,7379,4636,3716,3413,4407,4004,3513,3169,-2.8056,-26.4102,8.71069,48.148
86349,12246,6051,3877,3294,6336,4810,3905,3387,3999,3774,3513,3342,3296,3344,3219,3096,-25.1353,-32.3454,8.62499,47.6593
86350,3272,3432,4014,4325,3400,3691,4724,7292,3443,3636,5018,9308,3267,3584,4342,5237,3.08271,31.1859,8.74216,47.99
86351,3217,3558,4193,4941,3394,3798,5093,8449,3272,3626,4968,8139,3257,3574,4176,4637,-0.694621,27.119,8.7698,48.1947
86352,4664,5442,4291,3599,5431,8226,5098,3761,4465,5194,4207,3503,3675,3746,3615,3307,-7.64157,-8.04306,8.92923,48.1493
86353,3135,3336,3529,3539,3340,3649,4190,4126,3655,4351,6505,6226,3522,4616,7340,6979,17.0652,13.8354,8.55292,48.0253
86354,3385,3215,3272,3411,3255,3454,3719,3845,3269,3710,4632,5983,3387,3851,5971,12474,31.1485,31.9015,8.55592,47.222
86355,3343,3647,4498,5276,3416,4009,6048,8093,3369,3823,5124,6442,3178,3533,4174,4306,-3.66834,19.7406,8.71059,48.186
86356,3419,3721,3548,3406,4159,4873,4253,3623,4957,8044,5608,3991,4474,5620,4779,3846,9.36297,-5.69516,8.83254,48.214
86357,3254,3263,3289,3313,3312,3334,3805,3894,3419,3763,4743,5864,3390,3983,6030,12395,31.4241,33.1751,8.7468,47.3673
86358,3629,4498,7174,7383,3598,4219,6378,6684,3324,3635,4168,4340,3215,3281,3436,3523,-16.8164,15.5218,8.51566,48.3233
86359,3155,3307,3458,3547,3199,3551,3931,4511,3450,3843,5091,8608,3324,3814,5384,9551,16.2825,28.8291,8.73138,47.816
86360,4635,5257,4229,3652,5383,8348,5192,3727,4497,5375,4237,3622,3636,3889,3534,3299,-6.64807,-7.36758,8.99427,48.3413
86361,6381,4762,3795,3337,9895,5485,3709,3352,6009,4438,3604,3282,3983,3822,3353,3158,-7.43482,-25.7317,8.87034,48.2433
86362,3730,4283,4194,3925,4058,6032,6584,4370,4061,5505,5992,4159,3723,3953,3979,3680,-1.52015,1.36154,8.96789,48.152
86363,3345,3973,5683,10986,3442,3738,4916,7509,3178,3469,3915,4156,3144,3277,3347,3441,-20.4385,29.6029,8.67764,47.6793
86364,3082,3401,3528,3678,3198,3525,4175,4713,3204,3827,5635,8915,3319,3990,5469,8247,14.0701,22.8728,8.90463,47.9373
86365,11512,6214,3872,3385,6965,4949,3869,3399,4063,3871,3549,3079,3395,3356,3289,3100,-22.0322,-26.0444,8.51092,47.9113
86366,3362,4011,5853,12755,3384,3781,4729,6050,3359,3490,3663,3811,3157,3205,3419,3383,-29.8788,29.2662,8.93225,47.608
86367,3044,3096,3357,3419,3231,3503,3983,4195,3443,3737,5146,7248,3432,3922,5798,11239,21.0303,33.1009,8.91951,47.862
86368,3277,3736,4564,5246,3319,3782,6148,8455,3361,3754,5117,6655,3145,3642,4070,4159,-4.11335,19.9601,8.97836,48.2867
86369,3324,4053,6861,11705,3382,3808,4983,5835,3239,3460,3849,4050,3087,3236,3314,3462,-31.3798,22.2767,8.68099,47.7653
86370,9381,8051,4479,3528,5936,5560,3984,3633,3970,3768,3457,3335,3359,3385,3206,3170,-23.5301,-16.7401,8.56563,48.1347
86371,3090,3281,3418,3274,3343,3803,3921,3744,3851,4655,6183,4779,4018,6028,9104,5998,21.1638,6.5639,8.86802,48.3267
86372,4334,3893,3471,3135,6555,4986,3748,3347,8824,5704,3913,3334,5278,4491,3801,3301,4.09758,-22.1288,8.59427,48.0767
86373,7920,9471,5099,3666,5197,5416,4067,3574,3791,3777,3573,3258,3319,3427,3316,3123,-25.4633,-12.2329,8.58064,47.996
86374,3203,3220,3362,3268,3585,3810,3811,3516,4137,4964,5257,4409,4678,7640,8606,4957,24.8032,1.26104,8.52636,48.282
86375,4612,6967,7295,4668,4169,5808,5954,4256,3549,3873,3967,3670,3300,3311,3370,3183,-18.811,0.635199,8.67224,47.968
86376,3496,3471,3211,3133,4488,4098,3441,3303,8736,4992,3876,3371,9333,5312,3789,3334,15.8297,-29.9208,8.86281,47.5893
86377,3355,3995,6302,12340,3397,3778,4913,6615,3172,3440,3817,3962,3081,3166,3377,3365,-25.1571,26.0007,8.8471,48.05
86378,3362,3332,3167,3047,4053,3893,3593,3382,5662,5822,4178,3643,7868,8589,4772,3752,21.3789,-13.4875,8.81155,48.0767
86379,4437,4870,4119,3537,5449,7780,4965,3791,4601,5719,4329,3616,3822,4099,3682,3242,-4.5557,-8.39381,8.76352,48.0387
86380,3390,4013,6007,11458,3387,3874,4927,6948,3252,3462,3768,3937,3157,3184,3394,3411,-21.9688,33.9727,8.61155,47.7127
86381,3598,4066,4443,4128,3683,4907,7379,5073,3643,4767,6426,4826,3478,3860,4150,4011,-1.58873,7.49022,8.85843,48.292
86382,3205,3340,3410,3334,3469,3717,3937,3716,4065,5249,6135,4662,4199,6265,8343,5208,19.8967,4.03523,8.92476,48.1693
86383,3615,3601,3379,3134,4546,4700,3778,3297,6715,7696,4429,3596,5765,5954,4269,3533,10.8032,-13.2641,8.86564,48.0047
86384,3546,3558,3295,3165,4608,4118,3421,3341,9009,5149,3690,3373,9017,5337,3819,3441,15.0121,-30.1839,8.62265,47.9247
86385,3374,3352,3188,2996,3965,3907,3468,3291,6504,5188,3872,3496,10628,7157,4214,3310,22.6025,-20.5096,8.95642,47.94
86386,3074,3498,3815,3891,3272,3696,4754,5683,3367,3938,6178,9044,3402,3855,4767,5999,7.56468,20.5726,8.82845,48.1553
86387,3082,3297,3686,3642,3351,3617,4443,4438,3535,4121,6877,7214,3508,4246,6486,6727,13.8332,15.7731,8.91189,48.18
86388,5394,9205,6938,4205,4495,5316,4791,3942,3557,3832,3796,3436,3301,3362,3268,3327,-33.5194,-4.08653,8.5293,48.11
86389,3856,4942,6319,4731,3986,5668,7870,4863,3607,3971,4616,3986,3307,3542,3582,3468,-11.7511,5.05093,8.58639,48.2093
86390,3061,3245,3501,3470,3241,3558,3900,4189,3479,3851,5472,6860,3447,4076,6668,9676,20.0785,20.4725,8.64959,47.796
86391,3155,3408,3926,4132,3255,3713,4837,5741,3367,4019,6252,8741,3316,3859,4864,5818,7.00042,20.0177,8.59927,48.2687
86392,3604,4740,8799,8268,3430,4207,5744,5691,3250,3539,3865,3838,3011,3157,3491,3463,-23.0255,14.1728,8.8062,48.0647
86393,3327,3879,5514,9961,3504,3834,4968,8273,3200,3505,3996,4310,3274,3253,3542,3410,-17.3476,32.1925,8.80626,47.8333
86394,3006,3184,3492,3367,3236,3566,4017,4192,3238,3790,5079,7288,3394,4083,6316,10950,21.0473,24.2736,8.83024,48.132
86395,4575,3991,3487,3196,7667,4850,3771,3276,8933,4960,3690,3349,5097,4181,3604,3251,1.75521,-29.5449,8.95225,47.9187
86396,3350,3320,3258,3119,3945,4024,3548,3249,5568,5402,4213,3603,8251,8958,4753,3680,24.7465,-14.3206,8.50525,48.1607
86397,3240,4027,5951,9586,3282,3900,5333,8184,3172,3515,3951,4429,3097,3345,3425,3418,-16.9239,24.1096,8.72696,47.9033
86398,5380,8601,6477,4172,4634,5935,5091,3818,3762,3899,3718,3497,3285,3363,3354,3271,-21.4863,-4.68834,8.59511,48.1713
86399,3334,4148,6874,11144,3411,3876,5014,6528,3157,3440,3907,4140,3089,3243,3450,3402,-23.7308,22.2167,8.7323,48.1047
86400,12411,6066,3902,3363,6040,4728,3751,3283,3916,3772,3332,3304,3338,3556,3265,3189,-33.8051,-28.7614,8.63891,47.4773
86401,3088,3407,3512,3253,3466,3690,3995,4013,3658,4796,6736,5196,3886,5381,8373,5890,18.043,7.92743,8.90682,48.2267
86402,3979,4921,5311,4167,4170,6339,7513,4419,3759,4465,4960,3984,3444,3678,3656,3619,-7.94087,2.4621,8.91165,48.256
86403,3167,3256,3459,3566,3186,3495,4170,4706,3263,3844,5070,9066,3326,3823,5292,8826,14.3913,32.434,8.92648,47.6767
86404,3394,3393,3246,3180,3872,3848,3517,3286,5408,5127,3946,3464,9449,8652,4666,3522,28.2616,-16.0673,8.7425,47.98
86405,3824,4338,4649,3974,4054,6206,7088,4544,3943,4992,5539,4238,3457,3901,3954,3610,-4.33326,2.19415,8.72579,48.2073
86406,3490,3729,3794,3591,3634,4618,5372,4337,3892,5661,7679,4806,3783,4530,4954,4266,6.2886,4.3435,8.61521,48.0907
86407,3160,3283,3559,3499,3238,3536,4130,4772,3342,3789,5326,9510,3301,3830,5143,8318,12.9944,29.1506,8.94221,47.824
86408,3186,3285,3343,3417,3376,3701,3845,3824,3572,4261,5701,4821,3787,5567,9734,6669,23.9969,8.91324,8.888,48.0593
86409,3289,3921,6020,11844,3327,3794,4929,6749,3126,3494,3930,4025,3205,3176,3358,3434,-23.3418,28.0295,8.51824,47.7473
86410,3801,3647,3300,3124,5394,4286,3618,3276,9883,5452,3773,3278,7121,4978,3780,3381,10.1732,-26.174,8.9578,48.0613
86411,3540,3570,3387,3153,4345,4675,3901,3487,6392,7846,4607,3651,5610,6297,4420,3577,11.9234,-12.0278,8.76677,48.3053
86412,3788,4611,7071,5878,3793,4834,7565,5584,3388,3685,4228,4108,3223,3347,3520,3491,-14.4729,9.72922,8.66253,48.076
86413,4185,4115,3616,3331,5730,6077,4186,3475,6156,7115,4405,3489,4423,4454,3810,3386,1.86435,-12.9831,8.92636,47.9687
86414,3763,5606,10277,6991,3638,4310,5370,4837,3301,3513,3910,3765,3164,3221,3421,3328,-26.6734,9.49181,8.99195,48.2767
86415,3220,3495,4273,4886,3374,3663,5017,8548,3315,3676,5074,7896,3263,3407,4286,4669,-0.717042,25.3052,8.93141,48.0413
86416,3130,3472,3710,3582,3397,3800,4723,4444,3767,4565,7502,6319,3557,4370,6207,5590,11.7015,12.1513,8.64646,48.09
86417,3352,3279,3366,3003,3977,3782,3385,3260,5993,4715,3806,3376,12571,5917,4174,3397,29.4499,-33.3472,8.92792,47.5687
86418,6970,9828,5530,3771,4853,5238,4333,3564,3687,3807,3707,3405,3320,3286,3338,3219,-29.8706,-9.57071,8.75547,47.904
86419,4153,5756,7279,5070,3920,5491,6943,4754,3450,3935,4234,3896,3261,3476,3427,3248,-16.0113,4.48573,8.88229,48.1953
86420,9915,6228,3940,3345,7483,5358,3881,3367,4348,3962,3540,3302,3438,3592,3215,3132,-18.7097,-22.4293,8.6852,48.0307
86421,3615,4162,5082,4733,3623,4774,7986,6085,3520,4046,5564,4818,3204,3482,3816,3810,-6.32981,10.9969,8.83535,48.2133
86422,3075,3228,3461,3433,3305,3503,3799,3832,3487,4146,5229,5370,3577,4660,8819,8877,28.5176,14.979,8.85868,47.8673
86423,4601,4315,3725,3331,7382,5991,3973,3381,6942,5753,4058,3380,4606,4272,3582,3222,-0.676348,-18.8851,8.55358,48.3427
86424,3358,3545,3540,3323,3903,4240,4178,3666,4469,6807,6188,4099,4406,6351,5798,4306,13.5219,-1.65701,8.56934,48.118
86425,3141,3296,3705,3783,3287,3441,4306,5384,3351,3845,5408,9641,3374,3791,4866,7209,10.6502,27.6179,8.68348,47.8853
86426,4318,3818,3402,3215,6689,4627,3718,3319,9625,5203,3810,3409,5586,4534,3617,3250,4.71281,-32.4628,8.61148,48.0933
86427,4691,5960,4700,3928,5382,8137,5430,3848,4216,4759,4047,3642,3475,3614,3532,3291,-10.4912,-6.48242,8.70928,48.4347
86428,3373,3360,3260,3239,3780,3716,3542,3313,5253,5136,4187,3585,8257,9395,4944,3745,30.4902,-12.8987,8.8944,48.0567
86429,3758,4630,6306,5144,3807,5012,7997,5632,3437,4014,4686,4166,3264,3432,3756,3521,-11.5169,8.73676,8.60217,48.3747
86430,4047,4592,4207,3660,4843,7387,5300,3734,4526,6170,4800,3733,3958,4103,3837,3484,-2.76222,-5.74571,8.64239,48.254
86431,3836,5593,8875,6171,3757,4711,6211,5145,3381,3712,3931,3791,3160,3328,3355,3219,-19.9177,8.13473,8.68961,48.1173
86432,3208,3380,3387,3277,3514,3858,3773,3568,4269,5125,4775,4033,5468,9006,7202,4437,28.2297,-3.05073,8.57957,48.1867
86433,3604,4646,8911,8312,3538,4235,5580,5553,3318,3461,3803,3937,3040,3237,3517,3352,-24.2251,14.1917,8.60639,48.0293
86434,3431,3381,3301,3086,4000,3788,3311,3185,6135,4896,3695,3369,11837,6890,4038,3468,27.0766,-23.2296,8.63753,47.874
86435,3129,3470,3813,4024,3389,3679,4544,6121,3478,3797,5617,9355,3386,3721,4700,5855,6.74351,23.8706,8.83511,48.052
86436,3678,3846,3552,3356,4897,5027,3904,3418,6496,7897,4630,3626,5199,5580,4071,3566,8.01563,-12.718,8.89696,48.4953
86437,3573,4100,6468,9875,3362,3863,5444,7351,3243,3537,4013,4240,3105,3247,3430,3465,-19.0906,21.6907,8.95779,48.2107
86438,3100,3270,3369,3354,3208,3526,3846,3828,3549,4091,5183,5518,3535,4685,8692,9614,29.0454,16.405,8.64152,48.2453
86439,9549,5554,3891,3357,8687,5159,3753,3361,4528,4028,3496,3225,3448,3379,3306,3135,-16.259,-32.0271,8.97032,47.904
86440,3436,3432,3362,3137,3973,4045,3617,3315,5823,6287,4288,3547,7468,8207,4619,3622,19.7913,-13.3124,8.6987,48.1187
86441,3116,3293,3703,3869,3337,3651,4433,5573,3366,3885,5661,9522,3336,3767,4978,6857,9.65943,24.185,8.57194,48.2313
86442,3283,3313,3432,3177,3638,3707,3466,3436,4352,5169,4753,3990,5425,9253,7219,4350,29.8454,-3.43425,8.66623,47.9753
86443,3332,3824,5089,8127,3332,3846,5216,9540,3307,3570,4082,5047,3154,3320,3530,3612,-12.7849,30.114,8.65974,47.952
86444,5949,4808,3787,3283,9384,5654,3825,3418,6009,4585,3586,3313,3938,3858,3493,3126,-6.80003,-23.317,8.6924,48.0107
86445,3578,4690,6848,5705,3662,4745,7413,5859,3445,3766,4418,4191,3170,3407,3681,3439,-13.9999,10.2266,8.53736,48.0113
86446,5179,4282,3476,3244,8848,4963,3724,3476,7662,4643,3755,3358,4518,3978,3538,3285,-1.89297,-31.4213,8.57038,47.9527
86447,4058,3734,3517,3238,6270,4640,3606,3185,9627,5288,3850,3396,5905,4695,3637,3354,6.06336,-33.5231,8.6652,48
86448,3456,4133,6449,7693,3523,4077,6305,7496,3315,3714,4260,4530,3069,3352,3538,3566,-15.0983,18.1504,8.80043,48.3173
86449,4121,3944,3374,3306,6482,4600,3746,3303,9264,5465,3784,3351,5761,4540,3780,3338,5.28451,-25.2635,8.55161,48.106
86450,3342,3344,3224,3154,3733,3757,3599,3318,4977,5432,4266,3723,7139,9701,5449,3844,28.2033,-10.2673,8.64643,48.0013
86451,3144,3354,3342,3336,3451,3898,3983,3734,3924,4900,6366,4911,4109,5802,8616,5715,19.2554,6.16859,8.87159,48.39
86452,3385,3738,5079,7154,3343,3914,5495,9669,3302,3496,4353,5308,3112,3475,3572,3865,-10.8932,24.6848,8.72847,48.1733
86453,8021,5222,3818,3384,9590,5358,3847,3405,5001,4215,3662,3157,3737,3593,3322,3148,-12.7386,-26.7196,8.95836,48.32
86454,7924,5101,3910,3393,9560,5183,3901,3306,5029,4202,3533,3316,3710,3714,3253,3294,-12.232,-31.623,8.82548,48.2193
86455,5264,4487,3697,3324,9268,5197,3906,3414,6914,4800,3728,3345,4302,3894,3391,3163,-3.91266,-33.429,8.62018,48.0627
86456,3400,3933,5492,9514,3296,3816,5057,8618,3194,3552,4036,4575,3128,3218,3416,3552,-16.2179,30.8012,8.90583,47.8647
86457,5758,9468,6266,4084,4698,5668,4642,3814,3683,3814,3766,3448,3368,3303,3302,3190,-23.2038,-5.90917,8.85857,48.1813
86458,3129,3536,3758,4306,3255,3626,4566,7205,3396,3784,5149,9497,3323,3668,4314,5504,4.01815,29.0733,8.95513,48.0107
86459,5391,4510,3554,3360,9194,5079,3881,3314,6889,4771,3680,3355,4354,3870,3571,3222,-3.68937,-31.1969,8.56867,47.9967
86460,3487,3257,3300,3141,3899,3783,3540,3297,5677,5169,4057,3486,10156,8066,4294,3447,30.3181,-18.1442,8.71792,48.0373
86461,3215,3382,3312,3250,3744,3671,3696,3541,4474,5283,4717,3860,5485,9168,7060,4264,24.831,-3.91661,8.50447,48.0813
86462,6073,10001,5909,4060,4646,5339,4431,3759,3653,3966,3610,3415,3393,3440,3364,3223,-33.8345,-7.18824,8.82397,48.188
86463,3761,4215,4099,3778,4312,5920,5921,4247,4238,6163,5879,4180,3709,4084,4149,3772,0.220325,0.00513993,8.60686,48.2847
86464,3195,3282,3465,3413,3218,3504,3845,3702,3559,4133,5060,4906,3780,5349,9971,7590,29.7787,11.0213,8.71756,47.9813
86465,3072,3252,3391,3487,3196,3481,3788,4137,3340,3804,4836,6726,3460,4004,5965,11952,23.5306,29.0198,8.66915,47.9273
86466,3232,3560,4430,5235,3363,3818,5183,9020,3324,3664,4791,7127,3190,3500,3962,4481,-2.92193,25.7077,8.51503,47.92
86467,4978,8497,7900,4646,4223,4986,4895,4036,3522,3833,3693,3531,3227,3316,3291,3253,-28.7156,-0.964856,8.6793,47.8847
86468,4284,5146,4864,3860,4668,7444,6339,4171,4004,4930,4532,3758,3613,3744,3619,3354,-7.64469,-2.46871,8.66839,48.22
86469,3247,3205,3390,3255,3288,3363,3706,3730,3369,3593,4817,6023,3377,3973,6071,12736,28.4287,33.5604,8.78636,47.4287
86470,6946,9985,5574,3908,4886,5512,4288,3625,3757,3868,3674,3272,3181,3433,3252,3169,-26.1312,-9.50788,8.78654,48.22
86471,3501,4084,5602,5202,3523,4655,7932,6429,3473,4001,4987,4599,3268,3544,3844,3796,-8.95068,11.9898,8.80417,48.2933
86472,3510,3458,3361,3067,4115,4099,3607,3347,6388,6568,4299,3509,7483,7572,4522,3545,17.4798,-14.4873,8.94907,48.3
86473,3185,3574,3922,4191,3290,3584,4693,6672,3442,3832,5653,9199,3235,3622,4518,5654,5.08667,24.0791,8.7506,48.1773
86474,5443,9575,6919,4176,4309,5114,4621,3831,3648,3718,3701,3492,3334,3301,3371,3272,-31.2727,-4.11188,8.99819,47.8833
86475,3322,3664,4560,5315,3307,3939,5865,8765,3270,3841,5134,6524,3162,3501,4059,4146,-4.25759,21.2487,8.53395,48.2493
86476,4075,4384,4037,3426,4935,7005,4673,3742,5152,6924,4591,3648,4156,4261,3830,3478,-0.508585,-8.39775,8.68606,48.2113
86477,5154,8848,7522,4567,4371,5004,4819,4034,3611,3810,3601,3518,3257,3354,3200,3198,-30.8243,-2.25451,8.60544,47.912
86478,3113,3398,3563,3426,3302,3428,3839,4286,3443,3824,5468,7895,3394,4089,6186,9840,18.0839,22.7029,8.89972,48.3293
86479,12449,6277,3911,3408,6068,4736,3845,3398,3890,3767,3393,3185,3274,3382,3372,3208,-31.4699,-26.2782,8.60041,47.7087
86480,3368,3781,5886,12533,3333,3628,4680,6160,3274,3466,3734,3949,3223,3233,3375,3500,-33.4802,31.0149,8.62807,47.4153
86481,12231,6651,3927,3420,5940,4728,3855,3347,4105,3776,3387,3152,3462,3365,3206,3118,-31.385,-23.9348,8.8882,47.78
86482,3088,3245,3451,3308,3337,3658,3843,3912,3721,4297,5782,5330,3724,5077,9045,7062,22.288,11.2559,8.5087,47.92
86483,5465,5725,4276,3446,6611,7681,4494,3600,4652,4889,3835,3443,3748,3856,3482,3247,-9.5806,-13.2061,8.72677,48.3
86484,3281,3454,3761,3839,3371,3804,5100,4957,3582,4377,7474,7046,3511,3936,5413,5208,7.45552,14.0705,8.8651,48.076
86485,4376,7072,9228,5301,3949,4832,5443,4475,3482,3673,3805,3560,3167,3404,3386,3206,-25.5175,3.64045,8.86743,48.2393
86486,3091,3232,3480,3578,3198,3519,4141,4450,3326,3838,5184,8796,3402,3818,5405,9434,15.6735,28.8531,8.79029,47.928
86487,10667,5703,3906,3436,7838,4957,4001,3396,4086,3819,3566,3249,3513,3385,3278,3116,-19.2246,-32.6646,8.861,47.944
86488,3284,3448,3206,3117,3874,3902,3622,3281,5036,5956,4453,3743,6591,9430,5461,3853,21.6042,-9.05377,8.93646,48.1713
86489,3380,3354,3263,3122,3856,3840,3607,3324,5381,5155,4200,3475,9000,8889,4638,3542,32.1803,-15.2221,8.6276,48.0173
86490,11481,6489,4016,3355,6812,4947,3825,3366,4006,3856,3597,3190,3372,3395,3278,3107,-23.3251,-23.9746,8.98678,48.0613
86491,5793,7863,5279,3860,5281,7064,4995,3718,3923,4078,3866,3459,3473,3582,3364,3155,-16.7865,-7.97444,8.78169,48.502
86492,4793,4049,3488,3277,7715,4915,3605,3209,8678,5130,3695,3308,5003,4299,3657,3216,2.03802,-27.5095,8.66485,48.0247
86493,12438,6269,3990,3388,6232,4795,3825,3381,3889,3766,3462,3295,3350,3338,3274,3023,-28.6192,-27.0891,8.65303,47.81
86494,10094,5997,3955,3361,7931,5254,3961,3486,4367,3914,3411,3229,3470,3453,3305,3104,-18.5891,-25.2963,8.90693,48.1947
86495,3342,3752,4533,4663,3518,4200,6702,6564,3506,3931,6014,6064,3315,3625,4179,4368,-1.59632,15.1958,8.51567,48.184
86496,11047,5904,3895,3402,7504,5039,3804,3447,4164,3823,3422,3236,3477,3417,3244,3131,-20.1759,-31.6411,8.61912,47.9707
86497,3863,4977,8265,6451,3687,4491,6590,5554,3292,3799,4093,3969,3205,3298,3422,3403,-18.1615,10.5529,8.59718,48.2393
86498,12540,6073,3937,3359,6209,4797,3807,3342,4015,3695,3459,3185,3405,3514,3240,3116,-31.9085,-27.8994,8.53685,47.7953
86499,3395,4248,7800,10652,3320,3916,5119,5713,3278,3601,3707,3920,3164,3332,3450,3336,-29.9628,19.069,8.78885,47.9673
86500,3233,3344,3381,3238,3785,3827,3774,3433,4581,5744,4802,3962,5316,9057,6494,4311,21.9838,-4.36333,8.85267,48.188
86501,4679,7888,8198,4814,4265,5106,5148,4368,3537,3729,3719,3546,3213,3368,3450,3289,-24.5999,0.673365,8.76946,48.2113
86502,3885,3656,3357,3173,5380,4452,3641,3375,8754,6349,3953,3436,6495,5124,3797,3479,9.52167,-20.4066,8.6649,48.204
86503,4175,4118,3608,3277,5781,5750,3951,3447,7114,7070,4216,3482,4806,4676,3721,3393,3.34715,-15.4384,8.81159,48.39
86504,3782,3987,3860,3486,4257,6081,5112,3729,4596,7268,5567,4013,4089,4695,4210,3647,2.64189,-3.99348,8.70777,48.2527
86505,3279,3444,3459,3236,3589,3752,3732,3600,4092,4829,4976,4416,4592,7708,8607,4972,32.0377,1.68532,8.50494,48.1887
86506,4247,4016,3499,3238,5540,5417,4174,3428,7048,6987,4241,3466,5069,4816,3934,3391,4.61888,-15.5017,8.58687,48.3407
86507,3182,3382,3709,3874,3360,3542,4369,5653,3456,3856,5278,9752,3322,3792,4895,6810,8.99125,32.0949,8.56676,48.1547
86508,3213,3717,4706,6220,3374,3771,5195,9940,3215,3641,4429,6043,3182,3431,3779,4019,-7.11637,31.214,8.9502,47.9167
86509,4482,3975,3415,3147,7361,4681,3653,3269,9188,5197,3772,3345,5122,4416,3716,3299,3.02053,-30.8249,8.60536,48.0253
86510,11687,7025,4084,3331,5975,5082,3761,3346,3893,3780,3511,3148,3430,3305,3184,3119,-33.8732,-21.3298,8.989,47.774
86511,3777,3674,3430,3102,5475,4315,3573,3178,9801,5642,3880,3299,6937,5083,3680,3302,10.2094,-25.4989,8.58198,48.0987
86512,4482,7195,8786,5205,3929,4953,5493,4510,3342,3730,3779,3635,3206,3252,3343,3340,-24.4641,2.83756,8.89655,48.12
86513,3372,3431,3224,3158,3817,3835,3369,3440,6403,4799,3810,3376,12200,6060,3930,3385,25.6808,-31.5622,8.55176,47.7393
86514,7317,6113,4089,3404,7666,6440,4135,3539,4524,4356,3615,3309,3508,3541,3317,3262,-14.2381,-17.7726,8.53123,48.09
86515,3675,3803,3484,3147,4580,5070,4114,3497,5878,8147,4837,3697,4870,5560,4225,3662,7.97252,-9.93743,8.94292,48.164
86516,3478,4276,8183,10261,3549,3905,5051,5760,3286,3525,3805,3876,3069,3186,3478,3358,-31.1789,17.925,8.93284,48.0307
86517,3381,3299,3181,3103,3947,3817,3459,3230,6381,4916,3795,3366,12129,6013,3959,3391,25.2287,-30.5611,8.5977,47.578
86518,12070,6626,3967,3281,5900,4799,3810,3337,3956,3880,3376,3294,3381,3343,3310,3089,-32.7735,-24.0229,8.59761,47.6127
86519,9142,5708,3925,3376,8512,5546,3834,3406,4603,3994,3543,3352,3566,3507,3272,3125,-15.8855,-23.8545,8.90736,48.274
86520,3233,3473,3308,3158,3743,3806,3713,3500,4319,5505,5010,4006,5207,8957,6969,4334,23.5832,-3.00825,8.83209,48.1607
86521,5995,4695,3635,3360,9767,5268,3906,3382,5990,4591,3625,3381,3888,3817,3491,3187,-7.03896,-33.756,8.56794,47.9853
86522,3903,5443,8419,5911,3705,4790,6640,5062,3379,3727,4141,3746,3232,3262,3361,3412,-19.0268,7.85581,8.9344,48.0887
86523,3385,3920,6015,12597,3251,3724,4671,6193,3332,3520,3856,3795,3066,3255,3420,3393,-27.276,32.0088,8.79859,47.5953
86524,5954,6342,4376,3625,6475,7688,4507,3696,4315,4472,3743,3401,3508,3636,3470,3133,-12.2586,-12.5239,8.95701,48.2273
86525,3427,4150,6940,11768,3457,3762,4972,6039,3106,3587,3845,3916,3013,3102,3391,3475,-27.8354,22.0082,8.63062,47.9667
86526,6111,10000,6143,4108,4632,5148,4509,3731,3674,3775,3489,3371,3319,3430,3301,3138,-28.9837,-6.80553,8.98713,47.9193
86527,3343,3374,3225,3240,3561,3759,3808,3376,4493,5155,4709,4076,5289,9555,7161,4201,32.3349,-3.50999,8.92588,48.2167
86528,3453,3588,3302,3191,4318,4404,3783,3308,6602,7250,4360,3598,6268,6582,4368,3673,13.9197,-13.5609,8.67687,48.032
86529,3065,3104,3413,3435,3254,3498,3889,3831,3398,3718,4730,5886,3398,3913,6055,12764,30.2124,29.0382,8.76105,47.5673
86530,3846,5283,8241,5885,3737,4794,6670,5028,3469,3741,4207,3763,3237,3256,3397,3314,-18.3487,7.56567,8.85927,47.912
86531,3237,3604,3733,3485,3564,4019,5012,4252,3701,5023,8165,5654,3722,4504,5933,5021,9.94922,8.6648,8.71766,48.4193
86532,7722,5084,3819,3179,9715,5308,3784,3280,5115,4311,3525,3285,3753,3599,3270,3140,-11.9011,-28.4205,8.92235,47.926
86533,3234,3453,3753,3940,3234,3661,4429,5879,3268,3862,5199,9799,3298,3704,4823,6407,7.77527,31.5808,8.51182,47.962
86534,3698,4981,8946,7803,3621,4218,5550,5337,3288,3619,3789,3878,3119,3254,3426,3307,-23.9317,12.7534,8.557,47.8893
86535,3318,3441,4249,5151,3432,3800,5078,9060,3327,3647,4773,7536,3239,3482,3952,4430,-2.18782,29.5077,8.89948,47.9433
86536,12670,6063,3966,3379,6088,4782,3910,3369,3893,3774,3463,3216,3291,3210,3276,3180,-26.7529,-33.6371,8.93749,47.6867
86537,3656,3880,3837,3594,4310,5629,5167,3807,4415,7203,6115,4124,3896,4563,4289,3837,3.83332,-2.0652,8.90059,48.2147
86538,3790,3869,3635,3254,4783,5328,4049,3448,6416,8113,4587,3547,4973,5256,4152,3604,6.82163,-11.5091,8.8008,48.536
86539,3344,3488,3493,3273,3845,4198,4059,3496,4770,7123,5650,3976,4756,7064,5726,3998,15.5616,-3.70668,8.86264,48.1727
86540,3397,3860,5671,9472,3406,3753,5131,8617,3266,3511,4068,4517,3224,3222,3428,3563,-15.9898,28.1323,8.80201,48.0707
86541,7097,8974,4934,3707,5451,6236,4404,3724,3882,3947,3715,3198,3371,3387,3265,3118,-20.7655,-11.4815,8.9313,48.2733
86542,3240,3459,3397,3305,3256,3586,3730,3751,3648,4182,5259,4935,3730,5297,10120,7341,30.3635,10.4321,8.78612,48.1573
86543,3312,3362,3344,3109,3920,3823,3604,3387,5274,5434,4347,3499,7604,9718,5127,3625,33.7549,-11.9178,8.90806,48.326
86544,3495,3679,3979,3719,3820,4937,5606,4278,4008,5956,7369,4755,3732,4370,4624,4043,4.21531,3.13537,8.85725,48.2467
86545,6333,8109,4992,3778,5651,6683,4563,3701,3909,4121,3700,3428,3470,3509,3329,3183,-17.8412,-10.6583,8.70518,48.306
86546,3260,3490,3790,3896,3430,3790,4996,5392,3501,4222,6746,7838,3466,3843,5079,5601,7.31755,17.3585,8.611,48.2267
86547,3141,3362,3377,3389,3443,3655,4004,3752,3769,4490,5855,4987,3980,5690,8960,6317,21.5798,8.00063,8.65326,48.114
86548,3951,4327,4113,3723,4443,6753,5496,3896,4350,6335,5261,3948,3868,4267,3992,3624,-0.390021,-3.58115,8.7197,48.2313
86549,4056,4193,3790,3450,5200,6365,4389,3697,5742,7181,4628,3619,4349,4529,3903,3385,1.66898,-10.5636,8.82541,48.3173
86550,3108,3363,3291,3169,3562,3708,3765,3616,4193,5025,5011,4138,4751,8312,8113,4745,32.2997,-0.0992723,8.57657,47.9133
86551,3453,3621,4749,6134,3343,3788,5229,9997,3267,3616,4410,6214,3126,3480,3722,4022,-6.85132,28.8445,8.9357,48.114
86552,3240,3319,3341,3304,3404,3554,3811,3701,3759,4561,5259,4714,4066,6003,9859,6214,30.8205,7.37758,8.67819,48.0727
86553,3155,3309,3384,3267,3381,3726,3799,3691,3963,4387,5165,4607,4035,6395,9733,5933,29.5458,5.90793,8.61155,47.9533
86554,3779,5363,10080,7304,3710,4253,5237,5002,3346,3600,3688,3783,3149,3223,3259,3323,-28.3396,10.5216,8.99665,48.066
86555,6115,4648,3689,3364,9971,5088,3910,3257,6299,4615,3490,3306,3933,3717,3393,3169,-6.70939,-30.4025,8.99422,47.976
86556,3381,3510,3403,3204,3854,4231,4041,3545,4641,6875,5582,3913,4947,7326,5798,4196,16.1172,-4.41914,8.56486,48.298
86557,3652,4422,6541,5722,3661,4684,7685,6097,3462,3712,4421,4280,3191,3365,3616,3658,-12.6622,11.0974,8.80773,48.1127
86558,3162,3241,3475,3423,3315,3551,3954,4265,3385,3894,5061,7643,3404,3922,5646,10994,19.5533,30.5401,8.89493,48.2233
86559,3149,3156,3509,3395,3156,3496,3818,3930,3398,3907,4993,5613,3485,4283,7657,10913,32.5252,19.0829,8.94144,47.9053
86560,8105,9524,4941,3718,5356,5437,4185,3499,3812,3727,3506,3265,3297,3367,3096,3016,-26.0302,-13.0865,8.91649,47.9007
86561,3326,3747,5132,7531,3396,3896,5157,9534,3231,3492,4254,5273,3170,3373,3680,3819,-10.8724,27.3433,8.62214,48.0073
86562,4757,6155,5185,4083,4927,7480,5696,3956,3903,4645,4043,3632,3461,3516,3492,3271,-12.048,-4.32374,8.51378,48.1347
86563,3270,3389,3744,4077,3288,3606,4420,6207,3361,3747,5205,9998,3321,3702,4717,6177,7.20534,31.5967,8.8848,48.1527
86564,5125,4199,3548,3194,8841,5040,3759,3355,7641,4776,3726,3358,4753,4001,3491,3313,-1.85393,-31.0442,8.75599,48.08
86565,3456,3934,5737,9988,3362,3939,5096,8263,3209,3594,3953,4470,3176,3214,3451,3460,-17.3183,26.9878,8.9156,48.2013
86566,3290,3375,3302,3097,3840,3865,3727,3284,5139,5597,4161,3702,7548,9297,5143,3765,24.6657,-11.5233,8.75165,48.088
86567,8968,8565,4655,3536,5683,5347,4036,3520,3945,3884,3541,3411,3262,3329,3279,3136,-24.9264,-15.4825,8.81937,48.0647
86568,4649,5424,4225,3635,5436,8179,5432,3719,4275,5284,4289,3503,3512,3882,3685,3366,-7.64999,-7.31141,8.9433,48.33
86569,3391,3279,3201,2984,4055,3803,3442,3272,6705,4980,3753,3411,11859,6468,4051,3354,23.4003,-25.4918,8.82192,48.0053
86570,3355,4004,6123,12531,3428,3803,4750,5912,3237,3375,3758,3830,3226,3312,3329,3306,-30.1548,33.7282,8.6732,47.5193
86571,4458,4084,3547,3198,7817,4775,3708,3224,8787,5169,3727,3341,5084,4263,3612,3284,1.53375,-26.3928,8.96062,48.052
86572,3752,3575,3281,3031,5044,4237,3520,3391,9490,5232,3811,3466,7904,5184,3735,3338,12.29,-30.1606,8.66543,47.994
86573,3140,3236,3340,3286,3228,3395,3761,3966,3371,3751,4800,6435,3453,3967,5986,12395,25.8764,30.4221,8.58458,47.6733
86574,3429,3393,3296,3082,4039,3960,3497,3212,6186,5220,3962,3326,10159,7795,4359,3565,24.0774,-18.8308,8.73493,48.32
86575,3350,3887,4964,7288,3384,3775,5319,9657,3292,3511,4346,5255,3161,3409,3668,3749,-10.7704,30.6657,8.79293,48.01
86576,3200,3372,3459,3202,3617,3665,3714,3513,4109,4902,4946,4230,4518,7987,8548,4915,30.2844,0.879575,8.98462,47.9313
86577,4055,4244,3752,3310,4802,6428,4449,3584,5405,7587,4805,3691,4315,4501,3995,3541,2.53738,-8.94013,8.68816,48.3093
86578,11991,6253,3967,3369,6421,4913,3774,3314,3866,3882,3496,3223,3475,3343,3177,3066,-25.4311,-26.6675,8.50026,47.6867
86579,3278,3418,3296,3286,3511,3743,3693,3435,4230,5120,4857,4039,5008,8785,7703,4561,30.3227,-1.58682,8.80004,47.9753
86580,3505,3630,3431,3318,4093,4658,3993,3529,4974,8003,5410,3849,4861,6354,4840,3764,11.695,-6.46019,8.86858,48.1413
86581,5973,4516,3689,3301,9820,5125,3667,3362,6483,4621,3667,3315,4165,3809,3352,3132,-5.93378,-29.7143,8.79384,47.998
86582,3152,3357,3703,3678,3307,3564,4385,5179,3254,3779,5460,9572,3294,3952,5053,7605,11.3469,24.9127,8.95668,48.196
86583,7074,9288,5297,3715,5151,5656,4372,3650,3882,3850,3608,3346,3373,3364,3398,3095,-23.531,-10.9908,8.50551,48.0793
86584,4784,4296,3594,3224,8497,4924,3689,3331,8048,4940,3829,3413,4642,4045,3527,3224,-0.758945,-33.2715,8.90107,48.0047
86585,3302,3410,3269,3099,3906,3841,3454,3252,6144,4674,3750,3318,12404,6533,3993,3403,26.966,-25.2265,8.57268,47.8347
86586,3402,3381,3213,3060,3944,3634,3471,3207,6084,4706,3726,3419,12424,6498,3901,3354,28.3662,-25.5024,8.92084,47.616
86587,5788,9684,6407,3986,4566,5222,4445,3768,3741,3786,3759,3466,3352,3295,3281,3187,-31.6319,-6.00376,8.58011,47.822
86588,3530,3743,3605,3459,4034,4963,4602,3729,4600,7717,6057,4127,4353,5173,4630,3844,7.1818,-3.21144,8.85487,48.1107
86589,4514,5026,4426,3667,5313,7990,5127,3747,4464,5500,4344,3581,3733,3911,3686,3383,-5.91519,-7.14306,8.79882,48.2747
86590,3677,3868,3485,3284,4529,5190,4068,3440,5867,8247,4965,3636,4862,5610,4399,3550,8.04509,-9.5606,8.76035,48.4513
86591,3231,3579,4084,4425,3310,3704,4991,7126,3306,3856,5483,8602,3310,3606,4401,5050,2.49367,23.0588,8.6807,48.0427
86592,5878,9793,6412,4103,4734,5458,4500,3859,3611,3754,3578,3462,3266,3296,3312,3119,-25.2379,-6.14899,8.91361,48.09
86593,3640,4799,9016,8548,3609,4105,5111,5320,3244,3561,3789,3915,3206,3257,3391,3373,-32.1578,13.9214,8.81543,47.9227
86594,3027,3301,3374,3425,3218,3405,4008,4229,3379,3848,5419,7293,3446,4035,6525,10225,20.0121,21.6593,8.97016,48.1047
86595,3142,3243,3364,3408,3170,3389,3811,3941,3326,3805,4659,6110,3395,3890,6102,12666,28.8254,26.7323,8.95812,47.614
86596,3510,3426,3195,3187,3905,3727,3560,3255,5942,4592,3758,3291,12607,5860,3829,3353,32.3295,-31.0571,8.97135,47.3313
86597,7108,9897,5347,3853,4974,5278,4383,3604,3749,3836,3592,3401,3359,3346,3354,3097,-28.7717,-10.321,8.84996,48.1187
86598,3210,3365,3412,3345,3361,3518,3781,3735,3699,4289,5182,4847,3810,5503,9945,6730,31.7099,9.38335,8.77865,47.8213
86599,9307,7523,4396,3536,6431,5538,4007,3468,4096,3850,3569,3262,3397,3394,3319,3055,-21.1684,-17.759,8.61435,48.0987
86600,12058,5938,3995,3453,6509,4747,3861,3365,4046,3904,3444,3255,3296,3310,3224,3159,-23.8702,-31.3108,8.5525,47.7093
86601,3701,4285,6026,5167,3697,4904,8160,6002,3462,3854,4804,4423,3194,3517,3708,3550,-10.2897,10.3804,8.67794,48.3027
86602,3584,4451,8271,9911,3434,3924,5183,5668,3269,3507,3749,3970,2998,3221,3483,3442,-25.7168,17.8582,8.50057,48.0433
86603,3564,4875,9377,8502,3618,4176,5381,5315,3125,3481,3793,3905,3204,3167,3459,3346,-26.7938,13.528,8.95438,48.192
86604,3397,3333,3244,3122,3834,3775,3470,3175,5881,4950,3804,3315,12270,6648,3963,3453,30.8884,-24.1178,8.98534,47.756
86605,4135,4945,4656,3838,4549,7147,6442,4082,3982,5088,4752,3946,3646,3788,3786,3480,-6.39443,-1.7106,8.54237,48.1747
86606,3323,3274,3300,3185,3745,3872,3601,3234,4628,5289,4274,3832,6194,9893,6049,3999,27.5611,-7.16908,8.59714,47.7947
86607,4149,3809,3362,3188,6471,4624,3653,3233,9940,5229,3772,3370,5929,4595,3553,3351,5.7229,-30.6601,8.87679,48.152
86608,3761,3895,3445,3334,4625,5279,4194,3558,5990,8149,4766,3668,4741,5356,4171,3549,7.015,-10.0619,8.79605,48.3207
86609,4272,4214,3688,3287,5915,6094,4142,3413,6496,6784,4214,3562,4653,4358,3834,3337,1.67684,-14.0581,8.68535,48.1753
86610,3123,3379,3609,3643,3245,3673,4347,4333,3463,4235,6664,7006,3475,4335,6712,7007,14.9167,15.8664,8.72646,48.166
86611,3748,3624,3321,3169,5044,4115,3468,3338,9538,5274,3884,3355,7847,5236,3805,3437,12.2663,-27.1635,8.70498,48.1353
86612,3657,4883,9483,8252,3456,4130,5176,5320,3299,3604,3814,3840,3173,3231,3408,3378,-30.7783,13.0721,8.97159,48.0693
86613,6748,5196,3935,3396,9120,6023,3929,3407,5278,4397,3741,3305,3987,3664,3418,3149,-10.3258,-21.8441,8.50104,48.462
86614,3253,3369,3196,3188,3619,3788,3580,3463,4583,5279,4755,4071,5762,9553,6790,4104,27.1451,-4.87552,8.84054,48.2353
86615,3727,3607,3388,3115,4851,4554,3742,3264,7960,6748,4165,3515,6408,5711,4027,3467,10.9686,-17.3116,8.95067,48.166
86616,3208,3333,3569,3583,3256,3712,4395,4591,3506,4306,7083,7171,3597,4235,6211,6486,12.7123,15.6174,8.72516,48.1613
86617,3644,3514,3184,3121,4804,4102,3479,3219,8980,5127,3917,3426,8977,5330,3898,3377,14.6802,-30.6572,8.82461,48.066
86618,7005,8465,4937,3682,5327,6458,4414,3682,4036,4073,3531,3357,3355,3333,3382,3153,-19.5934,-11.7673,8.81113,48.1267
86619,5701,9333,6683,4335,4478,5577,4740,3977,3712,3878,3650,3418,3254,3368,3260,3207,-23.8124,-5.03292,8.89244,48.3807
86620,4085,5920,10008,6303,3742,4439,5133,4739,3321,3698,3828,3677,3131,3367,3344,3353,-30.8388,7.54877,8.93714,48.0587
86621,3810,4380,4474,3920,4256,6402,6632,4302,3986,5403,5388,4119,3676,4022,3876,3610,-3.30026,0.271146,8.53497,48.1707
86622,4266,4703,4358,3742,4898,7676,5379,3930,4405,5774,4715,3785,3779,4065,3700,3442,-4.09052,-5.00646,8.69144,48.4113
86623,3444,4169,6443,9888,3392,3947,5234,7517,3360,3542,3954,4136,3026,3250,3362,3459,-19.3773,22.3076,8.6945,48.082
86624,3207,3226,3409,3416,3464,3554,3905,3882,3818,4761,6482,5042,3918,5421,8761,6030,19.7155,8.28032,8.99593,48.1973
86625,3663,3864,3683,3546,4089,5118,4985,3831,4373,6904,6688,4204,4039,4718,4703,3876,5.30021,-0.811096,8.64323,48.1893
86626,3310,3534,4161,4828,3393,3754,4926,8505,3386,3690,4963,8082,3208,3637,4052,4687,-0.600534,29.2057,8.70621,48.0773
86627,3756,3740,3354,3141,5023,4313,3568,3297,9018,5837,3964,3432,7451,5605,3923,3352,12.2154,-22.5464,8.5716,48.516
86628,11371,5909,3932,3469,7246,4875,3847,3328,4180,3825,3418,3191,3490,3366,3242,3131,-21.3246,-30.686,8.6885,47.88
86629,4741,5232,4108,3590,5959,8239,4940,3747,4583,5404,4105,3564,3744,3897,3585,3280,-6.70689,-9.46877,8.75834,48.4787
86630,5665,7773,5261,3861,5173,7060,4884,3796,3954,4157,3822,3397,3397,3530,3331,3168,-16.6717,-7.69049,8.87473,48.1527
86631,3154,3282,3436,3448,3416,3654,4124,4043,3591,4438,6756,5613,3880,4978,8159,6541,18.1498,10.7962,8.96408,48.342
86632,3379,3987,6200,10571,3401,3843,5190,7315,3169,3587,3915,4326,3114,3299,3388,3587,-19.8393,23.5768,8.86164,48.1807
86633,3220,3328,3285,3302,3658,3815,3755,3508,4519,5275,4673,4061,5349,9304,7011,4269,32.5487,-4.08994,8.7018,48.2213
86634,3144,3320,3310,3285,3520,3734,3829,3753,3816,4685,5102,4496,4193,6809,9482,5475,27.6439,4.47946,8.7914,47.9687
86635,3221,3352,3513,3401,3445,3751,3992,3702,3680,4589,6180,5048,3912,5620,8808,6155,20.9184,8.56222,8.58716,48.246
86636,5100,6351,4484,3626,5581,8051,5003,3873,4177,4642,3958,3476,3535,3721,3408,3258,-11.4262,-8.69456,8.80741,48.1627
86637,3942,5151,5627,4267,4227,6523,7326,4619,3581,4428,4619,3854,3402,3577,3613,3433,-10.3413,1.95578,8.88351,48.126
86638,4506,6903,7554,4785,4131,5655,5893,4403,3501,3867,3968,3620,3291,3490,3423,3287,-19.5393,1.12353,8.54652,48.1847
86639,3066,3303,3579,3332,3337,3604,3983,4073,3497,4117,6028,6446,3483,4378,7419,8274,19.1939,16.4603,8.50912,47.946
86640,3567,4170,4297,3838,3892,5620,6603,4437,3966,5448,6350,4432,3669,3994,4280,3823,-0.630298,2.73439,8.62668,48.2573
86641,4048,6498,9923,5973,3764,4569,5249,4576,3327,3609,3764,3702,3118,3220,3310,3345,-28.7884,6.36607,8.91619,47.9967
86642,3437,3390,3152,3245,3997,3740,3490,3254,5906,4686,3850,3446,12385,6082,3871,3273,32.7394,-26.9977,8.62998,47.4693
86643,3775,5206,9722,7403,3535,4281,5141,5183,3345,3647,3874,3702,3145,3312,3336,3404,-30.9672,11.1916,8.95144,48.0073
86644,3275,3565,4526,5520,3327,3821,5473,9155,3203,3711,4802,6772,3180,3585,3925,4147,-4.58442,23.7631,8.64034,47.9913
86645,3755,4092,3934,3573,4535,6316,4965,3812,4621,7154,5453,3856,4019,4417,4170,3764,1.92402,-4.61201,8.73699,48.2907
86646,3710,3732,3530,3335,4393,4951,4032,3497,5910,8010,4980,3650,5018,5877,4354,3726,9.74482,-9.45188,8.57233,48.47
86647,3162,3282,3687,3757,3170,3634,4123,5076,3388,3894,5364,9917,3309,3800,4993,7629,11.5655,27.8044,8.71225,48.1233
86648,4210,5923,6070,4485,4289,6554,6770,4450,3721,4113,4245,3694,3491,3506,3575,3335,-13.4367,0.64897,8.74263,48.2873
86649,3710,5201,9540,7662,3564,4357,5333,5107,3324,3592,4008,3825,3044,3322,3381,3339,-27.8911,11.6016,8.872,48.206
86650,3319,3848,5589,7028,3486,3998,6269,8500,3278,3646,4418,4921,3183,3427,3666,3686,-11.7818,19.7622,8.7712,48.1747
86651,4939,8819,7845,4520,4306,4866,4778,4163,3490,3774,3576,3417,3337,3418,3349,3161,-31.0885,-1.60152,8.98005,47.8387
86652,6470,9403,5814,3957,4881,5675,4387,3688,3823,3837,3622,3406,3293,3393,3349,3077,-23.53,-8.21522,8.61942,48.05
86653,3090,3227,3268,3343,3247,3437,3874,3880,3382,3757,4829,5811,3429,4076,6807,12096,31.3172,23.8077,8.80214,47.702
86654,3057,3173,3384,3452,3233,3518,3858,4022,3429,3847,5142,6457,3510,4054,6945,11261,23.6958,21.9675,8.89235,48.228
86655,3387,3419,3284,3144,3941,3736,3401,3216,6561,4779,3694,3287,11848,6557,3949,3410,25.0811,-24.8045,8.68613,47.742
86656,3351,3707,4682,6452,3374,3765,5220,9697,3308,3610,4651,6018,3064,3419,3768,3970,-7.86209,30.0371,8.51475,48.0373
86657,3450,3804,5797,9176,3363,3915,5403,8349,3204,3511,4047,4547,3146,3263,3527,3574,-16.3481,24.5862,8.56891,48.0507
86658,3969,5490,9766,6904,3679,4321,5371,5037,3357,3470,3931,3716,3106,3202,3217,3237,-26.4282,9.78829,8.70253,47.8487
86659,3132,3273,3360,3219,3304,3632,3807,3859,3689,4085,5274,5088,3682,4763,8912,8821,28.8117,14.2961,8.9166,47.9333
86660,3337,3970,6036,12732,3374,3784,4686,5962,3200,3392,3820,4045,3058,3317,3431,3406,-31.7666,27.0675,8.81464,47.7
86661,10406,6597,4069,3400,7044,5153,3963,3463,4247,3868,3478,3281,3439,3490,3240,3032,-20.9057,-22.3791,8.58276,48.1133
86662,3026,3399,3394,3376,3296,3335,3883,3886,3440,3848,5213,6034,3476,4210,7607,10413,25.8323,18.9852,8.96033,47.8907
86663,3045,3197,3421,3341,3219,3510,3834,3875,3372,3738,4784,6522,3317,4015,6184,12627,25.9559,28.872,8.95066,48.0007
86664,3540,3595,3305,3153,4790,4225,3443,3289,9296,5402,3948,3400,8476,5374,3929,3420,13.6457,-33.7821,8.79062,48.39
86665,3384,3340,3305,3196,4149,3890,3491,3137,7624,4948,3910,3387,10978,5844,3945,3403,19.9232,-31.669,8.88961,47.954
86666,3273,3594,4146,4750,3361,3685,4863,8001,3357,3812,4899,8439,3297,3646,4246,5004,0.778311,27.4644,8.53343,48.2487
86667,3715,4485,5842,5152,3786,4974,7922,5836,3515,3971,4904,4392,3208,3559,3564,3599,-9.96442,9.60966,8.59046,48.2827
86668,4020,5241,5397,4335,4260,6534,7287,4431,3761,4498,4543,3871,3551,3652,3583,3472,-9.89682,1.08808,8.79699,48.2907
86669,5963,6673,4373,3587,6310,7557,4590,3634,4239,4467,3835,3392,3426,3563,3456,3087,-12.9558,-11.9834,8.76903,48.1013
86670,3581,4039,4634,4105,3843,5228,7451,5008,3885,4920,6194,4564,3416,3690,4101,3826,-2.5509,5.52907,8.99436,48.3233
86671,5888,9793,6323,4067,4616,5118,4656,3682,3714,3878,3616,3474,3363,3374,3270,3169,-31.4655,-6.07273,8.5103,48.0007
86672,3435,3487,3329,3101,4487,3946,3523,3104,8148,5061,3742,3295,10316,5630,3890,3464,17.938,-28.0114,8.86104,47.972
86673,7504,4987,3797,3440,9731,5171,3952,3417,5259,4067,3484,3401,3671,3588,3359,3057,-11.225,-32.6832,8.89016,47.9233
86674,3231,3324,3296,3226,3550,3841,3777,3524,4329,5231,5194,4156,4796,8235,7645,4604,23.305,-0.8323,8.57959,47.9727
86675,3382,3395,3221,3093,4041,3920,3386,3217,6254,5240,3936,3599,10175,7516,4228,3538,23.4303,-19.0844,8.56377,48.094
86676,12672,6090,3927,3415,5931,4839,3724,3289,3924,3715,3433,3263,3275,3298,3236,3163,-28.8367,-30.9272,8.96629,47.4627
86677,3072,3140,3409,3449,3218,3483,3730,3952,3316,3829,4742,6128,3382,3920,6174,12733,29.5439,28.6153,8.80969,47.7847
86678,3287,3299,3277,3325,3324,3530,3809,3650,3650,4391,5232,4823,3911,5560,9897,6749,31.2611,9.11232,8.76864,47.8093
86679,3373,3519,3152,3067,3851,3856,3518,3340,5621,5499,4105,3573,8697,8605,4780,3595,24.3673,-15.0069,8.50423,48.1007
86680,3164,3277,3407,3383,3329,3630,3971,3940,3685,4286,6432,5666,3718,4812,8293,7184,19.4419,12.2947,8.67369,48.118
86681,3641,3490,3274,3146,4267,4324,3656,3207,7194,6708,4186,3521,7098,6550,4297,3449,14.8414,-16.2957,8.90673,48.0053
86682,11999,6048,4086,3474,6358,4832,3784,3385,3949,3716,3400,3286,3399,3299,3158,3182,-24.4816,-33.7047,8.75234,47.57
86683,3685,3557,3360,3061,4505,4441,3690,3409,7055,7167,4363,3527,6285,6353,4225,3578,12.7716,-14.5688,8.69937,48.174
86684,3318,3646,4677,6010,3322,3879,5431,9655,3332,3584,4479,6342,3121,3459,3769,4060,-6.28983,26.7534,8.55207,48.056
86685,5711,4558,3654,3323,9433,5654,3836,3416,6416,4733,3751,3269,4164,3977,3437,3078,-5.71601,-23.4802,8.97529,48.2733
86686,3358,3350,3245,2950,4157,3943,3510,3258,7132,5337,3973,3486,9866,6651,4301,3441,19.6346,-21.1922,8.6423,47.972
86687,3321,3343,3292,3225,3600,3876,3789,3576,4352,5408,5244,4074,4858,8391,7591,4583,23.1613,-1.11324,8.95735,48.3487
86688,3141,3333,3348,3301,3545,3744,3895,3682,4000,4618,5469,4624,4291,6660,9287,5558,24.7781,4.75648,8.55018,48.3307
86689,6095,9667,6095,4118,4699,5450,4477,3768,3731,3799,3637,3384,3315,3366,3299,3319,-25.2415,-6.78212,8.64522,48.146
86690,4621,6243,4918,3890,4829,7640,5667,3999,3954,4565,4319,3596,3509,3692,3552,3294,-11.3272,-4.48246,8.52272,48.192
86691,3415,3502,3428,3178,3853,4161,3820,3430,4941,6686,4947,3804,5568,8145,5563,4036,18.487,-6.58322,8.67844,48.318
86692,3095,3497,3883,4132,3265,3770,4885,6232,3343,3877,5966,8998,3296,3705,4620,5620,5.37847,21.2381,8.89831,48.1227
86693,3465,4014,6814,11624,3332,3831,4915,6187,3257,3386,3764,4008,3113,3190,3483,3478,-26.8792,23.5998,8.58026,47.9073
86694,3334,3467,3218,3152,3785,3892,3711,3325,4918,5288,4257,3663,7046,9747,5304,3681,32.3089,-10.2973,8.55142,47.8587
86695,3236,3747,5032,7289,3413,3808,5374,9739,3260,3626,4319,5337,3156,3265,3644,3754,-10.961,25.5784,8.91216,47.9993
86696,3352,3967,6347,12278,3385,3809,4804,5982,3236,3450,3874,4025,3160,3237,3469,3403,-30.0234,25.9257,8.61025,47.852
86697,3396,3460,3244,3047,4167,3904,3455,3098,6988,5382,3977,3424,10402,6670,4132,3335,20.6761,-21.5487,8.95845,48.054
86698,3747,5343,9764,7087,3580,4388,5290,4864,3353,3601,3855,3827,3177,3237,3356,3409,-30.2555,10.3298,8.52478,47.9187
86699,5665,8536,5848,3976,4909,6381,4983,3786,3820,3984,3748,3564,3323,3414,3293,3118,-19.6549,-6.44636,8.96706,48.232
86700,3437,3853,4191,4013,3667,4559,6586,4842,3917,4943,7345,5068,3461,3965,4585,4029,1.92505,7.29967,8.90661,48.3073
86701,3446,3353,3242,3056,4171,3906,3551,3160,6871,5100,3810,3391,11110,6357,4152,3419,22.3736,-23.9805,8.52605,48.0633
86702,4992,5904,4539,3670,5627,8187,4927,3599,4399,4932,3967,3468,3814,3667,3540,3286,-9.27275,-9.72564,8.82447,48.3453
86703,3256,3319,3398,3157,3394,3531,3843,3755,3571,4398,5206,4922,3744,5318,9955,6998,33.6806,10.2415,8.9724,47.8433
86704,3468,4002,5936,12103,3336,3798,4826,6518,3287,3503,3674,3993,3087,3138,3217,3422,-23.4797,33.5583,8.77989,47.5387
86705,3118,3298,3450,3432,3221,3356,3811,3994,3497,3763,4663,6483,3375,3895,5964,12261,25.3277,30.8547,8.60368,47.7207
86706,3529,3321,3294,3202,4063,3736,3360,3270,6094,4815,3776,3442,12351,6302,3912,3327,32.5211,-25.8278,8.62685,47.8627
86707,4066,4945,5393,4161,4305,6608,7115,4483,3813,4532,4572,4021,3472,3673,3705,3478,-8.9561,0.90501,8.55234,48.228
86708,3092,3117,3461,3386,3118,3440,3854,4187,3358,3801,4915,7119,3300,3952,6057,11554,22.2586,26.9627,8.7811,47.8073
86709,4063,5798,8421,5415,3896,5004,6588,4740,3553,3734,4045,3803,3218,3384,3487,3518,-18.3186,5.98307,8.95516,48.4447
86710,3061,3121,3449,3451,3269,3534,3939,4072,3319,3774,4866,7430,3485,3940,5706,11131,20.4743,30.0387,8.56756,47.698
86711,3115,3346,3404,3203,3485,3693,3857,3615,3966,4868,5537,4415,4330,7124,8880,5072,23.8346,2.93509,8.66482,47.94
86712,3905,5282,8722,6130,3645,4578,6313,5109,3433,3652,3999,3916,3159,3269,3461,3349,-19.5038,9.21998,8.83008,47.948
86713,3915,4046,3806,3429,4729,6063,4411,3666,5321,7631,5042,3748,4228,4727,4016,3453,3.24268,-7.52605,8.58326,48.154
86714,9632,6832,4173,3393,7112,5408,4051,3422,4105,3873,3588,3184,3485,3431,3266,3096,-19.4868,-20.2201,8.84846,48.034
86715,4137,6052,8775,5590,3831,4913,6160,4625,3357,3733,4018,3777,3181,3317,3329,3285,-20.6033,5.81752,8.98873,48.0533
86716,3594,3621,3417,3229,4247,4760,3905,3595,5696,7986,4908,3729,5149,6042,4568,3637,10.7252,-9.5739,8.65489,48.0553
86717,3130,3265,3419,3382,3305,3488,3910,3792,3573,4144,5182,5366,3640,4820,9070,8723,29.0363,14.19,8.61325,48.1393
86718,3241,3424,3389,3414,3559,3910,4082,3595,4030,5394,6350,4572,4277,6245,7798,4892,18.2247,3.51329,8.65457,48.1147
86719,12505,6116,3995,3423,5929,4692,3766,3308,3985,3646,3416,3213,3420,3503,3243,3097,-28.9772,-32.4586,8.56876,47.5047
86720,3106,3274,3404,3430,3213,3410,3830,4081,3318,3715,4843,7130,3357,3998,5988,11967,21.8822,28.6139,8.84236,48.0427
86721,3717,3363,3124,3125,4530,4165,3639,3313,7830,6117,3959,3521,7804,6125,4073,3473,14.9806,-19.2114,8.94373,47.9187
86722,3423,3847,6274,12647,3302,3795,4767,6040,3253,3433,3743,3930,3178,3336,3412,3466,-30.9063,26.3239,8.96649,47.8973
86723,3342,3493,3271,3117,3777,3817,3531,3216,5418,5235,4170,3457,9014,8870,4767,3511,30.7251,-14.9988,8.80684,48.004
86724,3911,4786,5546,4716,3946,5491,8069,5071,3608,4252,4835,4083,3373,3531,3611,3469,-9.63945,5.87776,8.73159,48.1987
86725,6401,4828,3870,3345,9865,5238,3922,3396,5703,4388,3620,3272,3947,3796,3390,3191,-8.4751,-33.1964,8.55157,48.1147
86726,3321,3825,5112,8035,3410,3785,5087,9385,3264,3546,4235,5021,3160,3352,3596,3707,-12.4952,30.331,8.78634,47.894
86727,9412,5452,3764,3340,8639,5139,3754,3438,4514,3944,3494,3326,3581,3549,3365,3084,-16.1917,-32.3875,8.57593,47.8633
86728,3296,3864,5045,7122,3371,3927,5771,9512,3262,3620,4355,5334,3166,3335,3621,3706,-10.4346,23.7247,8.94303,48.2047
86729,3328,3730,4844,5951,3381,3846,5952,9160,3434,3632,4787,6063,3259,3411,3756,4027,-6.68786,21.619,8.67742,48.374
86730,5714,4881,3804,3327,8615,6282,3887,3423,6021,4786,3753,3297,4044,3982,3479,3219,-5.89203,-19.6833,8.94518,48.3427
86731,3702,4494,5432,4780,3890,5210,8091,5343,3534,4108,4943,4213,3293,3499,3780,3579,-8.71993,7.16011,8.5933,47.9273
86732,3119,3330,3551,3603,3241,3541,4003,4842,3421,3877,5268,9205,3378,3813,5293,8610,13.7359,28.2172,8.79097,48.0633
86733,3157,3449,3538,3392,3492,3838,4311,4007,3761,4980,7211,5094,4013,5179,7355,5389,15.3575,6.62732,8.6137,48.1107
86734,11338,7221,4226,3450,6098,4882,3829,3409,3920,3822,3451,3124,3472,3418,3264,3135,-26.9308,-21.2543,8.82755,48.0393
86735,9158,7790,4362,3445,6141,5437,4174,3468,4036,3909,3537,3287,3405,3340,3212,3141,-22.6061,-17.0713,8.5499,47.8947
86736,3442,3906,5417,7989,3370,3864,5424,9066,3283,3551,4154,4973,3202,3368,3627,3592,-13.0723,24.8514,8.69091,48.152
86737,3320,3817,6347,12322,3416,3684,4787,5996,3229,3439,3855,3927,3137,3196,3390,3386,-32.4248,25.958,8.55939,47.4987
86738,3484,3802,3891,3695,3762,4573,5493,4270,3966,5814,7677,4840,3740,4373,4837,4177,5.38194,4.33093,8.5364,48.2627
86739,3690,3670,3350,3003,4831,4174,3568,3302,9054,5663,3734,3336,8152,5511,3984,3221,13.3583,-24.0286,8.59445,48.162
86740,4608,7632,8576,5049,4111,4782,5188,4284,3556,3674,3789,3548,3170,3348,3317,3243,-26.6576,1.58103,8.68043,47.9167
86741,11995,6667,3961,3261,6010,4854,3866,3363,3980,3669,3487,3309,3434,3412,3194,3197,-32.4687,-23.8644,8.79675,47.7727
86742,3189,3373,3873,4012,3287,3767,4633,5867,3325,3909,6003,9185,3313,3648,5062,6070,7.36807,21.42,8.96882,48.344
86743,3399,3932,5076,5010,3595,4438,7195,7051,3448,3853,5504,5286,3214,3595,3854,3847,-5.73238,14.2412,8.60728,48.198
86744,3378,3362,3218,3225,3843,3602,3446,3290,6351,4966,3769,3321,12439,6372,3925,3450,25.7996,-26.1514,8.72545,47.9713
86745,4460,4397,3713,3390,6122,6799,4293,3353,5973,6471,4089,3467,4327,4148,3637,3385,-0.650534,-13.4029,8.90283,48.016
86746,3327,3693,4724,6200,3379,3814,5268,9840,3326,3541,4416,5981,3177,3410,3801,3949,-7.47914,32.431,8.83612,47.8973
86747,3339,3898,5678,10781,3427,3856,5045,7502,3248,3509,3860,4343,3193,3190,3622,3445,-18.9878,30.2689,8.56776,47.9573
86748,3108,3335,3624,3702,3280,3597,4161,4939,3442,3895,5299,9296,3240,3845,5290,7836,12.5111,33.985,8.54494,47.926
86749,3058,3279,3376,3507,3258,3483,3759,3910,3411,3898,4916,5973,3467,4147,6842,11537,28.4039,22.3674,8.5671,47.8807
86750,3546,3525,3215,3208,4810,4016,3487,3300,9380,5176,3843,3334,8574,5312,3863,3324,14.002,-30.3535,8.9956,47.942
86751,3220,3432,3201,3181,3950,3828,3410,3218,6585,4811,3736,3318,12277,6021,3872,3419,24.3295,-32.3958,8.75936,47.6527
86752,8322,9397,4939,3590,5128,5222,4233,3505,3978,3914,3647,3398,3333,3362,3216,3162,-31.4645,-13.3669,8.64241,48.2307
86753,3696,4070,4120,3725,4176,6042,5546,4187,4331,6238,5878,4148,3858,4246,4276,3756,0.988749,-0.883365,8.7507,48.1953
86754,7040,8857,5272,3821,5191,5941,4380,3772,3929,3838,3761,3476,3452,3480,3291,3172,-22.4012,-10.703,8.51492,48.4487
86755,3402,3490,3234,3209,4045,3701,3398,3147,6007,4693,3826,3332,12752,5776,3752,3317,33.9337,-29.4965,8.92615,47.3873
86756,3276,3910,6502,12121,3354,3786,4912,6028,3395,3451,3812,3901,3096,3204,3456,3435,-33.583,23.8113,8.58059,47.7593
86757,4637,6553,5839,4317,4421,6722,5969,4164,3838,4279,4040,3682,3280,3590,3512,3381,-14.4795,-1.60282,8.59937,48.1493
86758,4054,5463,7727,5420,3931,5177,6803,4915,3573,3810,4191,3809,3188,3466,3521,3387,-17.0122,6.21631,8.56432,48.29
86759,3355,3389,3195,3140,3908,3962,3545,3216,6185,4879,3923,3439,11933,6467,4073,3404,25.9763,-24.401,8.60251,48.0087
86760,5860,4807,3675,3258,9264,5938,3811,3402,6074,4631,3740,3226,4136,3764,3411,3109,-6.6874,-22.4853,8.74948,48.0707
86761,5993,4764,3643,3266,9816,5137,3807,3371,6087,4482,3580,3360,4045,3933,3491,3337,-6.39294,-33.0092,8.90254,48.0747
86762,5752,9290,6511,4277,4521,5349,4657,3857,3618,3816,3756,3415,3358,3504,3323,3159,-25.1356,-5.25204,8.53895,48.1087
86763,5722,9616,6453,4259,4472,5232,4503,3795,3773,3938,3679,3487,3204,3378,3346,3238,-29.8476,-5.58598,8.68421,48.0633
86764,3383,3374,3247,3067,3997,3851,3501,3111,5927,5100,3813,3435,10540,7823,4163,3605,26.2615,-19.0578,8.96631,47.958
86765,3359,4153,6387,12073,3395,3819,4748,6188,3230,3472,3813,3913,3100,3268,3430,3387,-28.4066,25.0433,8.57282,47.8233
86766,3645,3752,3662,3523,3962,4910,4879,3829,4365,7076,6645,4261,4188,5002,4769,4010,7.09242,-1.24132,8.61435,48.3187
86767,3818,3730,3420,3285,4893,5004,3732,3416,7310,7522,4347,3467,5445,5463,4033,3500,8.43038,-14.4587,8.70824,48.2567
86768,3050,3269,3332,3465,3277,3516,3906,3855,3550,4171,5544,5512,3688,4822,8861,8243,25.5323,13.709,8.63535,48.0407
86769,3601,3496,3351,3099,4424,4385,3635,3302,6976,6790,4140,3472,7074,6418,4391,3533,14.5567,-15.5703,8.73129,48.058
86770,4356,3809,3580,3269,6603,4803,3735,3316,9050,5743,3810,3359,5473,4483,3597,3242,4.49287,-22.7879,8.92841,48.152
86771,3441,4236,7273,10433,3451,3998,5220,6520,3230,3474,3832,3997,3143,3165,3369,3413,-22.7351,20.1838,8.94522,48.13
86772,3396,3817,5215,7969,3345,3785,5206,9385,3298,3614,4169,4954,3092,3377,3644,3632,-12.6386,30.7819,8.6446,47.932
86773,3562,4315,7444,8504,3655,4194,5876,6394,3392,3540,3969,4125,3139,3423,3505,3495,-19.8631,17.1205,8.52915,48.3547
86774,3493,3804,3896,3624,4009,5187,5317,3915,4316,6697,6930,4271,3887,4419,4513,3935,4.37444,0.520863,8.94621,48.142
86775,8518,5650,3848,3390,8700,5596,3852,3353,4568,4133,3643,3284,3533,3419,3361,3076,-14.7509,-23.414,8.74187,47.9493
86776,3315,3701,4813,6366,3351,3852,5523,9501,3335,3693,4493,5877,3111,3316,3777,3999,-7.50003,24.8872,8.59209,48.0153
86777,4960,6281,4708,3847,5459,7922,5162,3930,3969,4722,3983,3567,3593,3570,3410,3254,-12.0551,-7.42488,8.79572,48.2247
86778,3377,3520,3407,3295,3743,4011,4064,3627,4213,6093,6193,4232,4455,6624,6592,4490,16.1701,0.312072,8.54554,47.9573
86779,9042,5461,3772,3399,8826,5252,3901,3369,4600,4102,3533,3239,3612,3493,3288,3068,-15.3213,-27.1062,8.79076,47.9713
86780,4491,4712,3948,3394,6111,7115,4486,3480,5519,6181,4196,3550,4147,4088,3683,3390,-2.03275,-12.35,8.59725,48.3273
86781,3097,3285,3271,3382,3264,3618,3803,4137,3462,3928,5335,6351,3399,4173,7205,10512,22.8967,20.2241,8.6349,48.148
86782,7317,9549,5294,3875,5238,5583,4171,3540,3871,3832,3615,3308,3267,3334,3269,3098,-24.952,-11.3023,8.80878,48.1073
86783,9848,5762,3790,3319,8144,5247,3964,3508,4486,3916,3523,3135,3553,3580,3342,3103,-17.5671,-25.6416,8.58854,48.1467
86784,4377,3993,3461,3192,7298,4944,3617,3346,9097,5301,3843,3206,5462,4344,3514,3230,3.3981,-25.8356,8.91139,48.15
86785,5067,7237,5408,3841,4926,7222,5348,3983,3920,4344,3973,3641,3419,3567,3417,3206,-15.19,-5.5996,8.96773,48.346
86786,12357,6432,3916,3319,6111,4826,3704,3292,4020,3780,3427,3184,3379,3408,3240,3042,-33.9884,-24.3046,8.96843,47.6247
86787,3650,3869,3594,3411,4050,4983,4480,3697,4760,7711,6273,3994,4363,5245,4772,3913,7.95646,-3.40532,8.91592,48.51
86788,3356,3715,4245,4005,3437,4286,6463,5518,3664,4441,7197,5828,3409,3792,4602,4424,1.31513,11.5576,8.7293,48.2547
86789,3501,3608,3456,3156,4148,4761,3939,3580,5368,8109,5155,3778,5003,6186,4723,3814,11.1886,-7.72773,8.66409,48.19
86790,3047,3328,3606,3673,3332,3660,4322,5097,3386,3914,5669,9390,3285,3813,5313,7347,11.4416,23.0699,8.99692,48.1213
86791,3022,3306,3502,3500,3404,3647,4269,4382,3700,4229,6917,7202,3511,4341,6667,6746,14.0585,15.2698,8.88911,48.23
86792,3338,3402,3336,3168,3511,3858,3783,3597,4126,5540,5368,4301,4594,7553,7664,4779,21.076,0.179418,8.55346,47.9453
86793,10114,8257,4415,3478,5632,5125,4033,3434,4027,3769,3434,3331,3370,3276,3313,3225,-29.1927,-17.7668,8.8594,48.1553
86794,3421,4184,7752,10815,3425,3966,5085,5856,3155,3493,3785,3932,3059,3306,3403,3337,-33.7134,19.4713,8.84294,47.9827
86795,3431,3439,3178,3060,4052,3822,3396,3175,7073,4993,3929,3363,11587,5951,3882,3501,21.7977,-30.6142,8.65157,47.888
86796,4331,5792,5146,3925,4699,7729,6151,4086,3995,4682,4341,3744,3464,3680,3448,3312,-10.3574,-2.92216,8.94022,48.35
86797,6562,9785,5751,3818,4947,5505,4356,3769,3755,3826,3549,3426,3364,3331,3313,2993,-25.2725,-8.46065,8.95211,48.0333
86798,3262,3373,3313,3327,3436,3769,3879,3598,3718,4663,5091,4549,4118,6482,9745,5613,33.2056,5.38963,8.88214,47.9573
86799,3075,3275,3304,3315,3351,3669,3817,3663,3817,4592,5253,4615,4046,6278,9983,5990,33.2095,6.16567,8.96812,48.0287
86800,3926,3824,3418,3172,5383,4787,3794,3297,8553,6413,3965,3479,5927,5280,3908,3401,8.0793,-19.283,8.72792,48.3513
86801,3377,3834,5499,7386,3327,3913,5881,8983,3251,3607,4230,5043,3174,3242,3538,3734,-11.8688,21.8544,8.94209,48.0127
86802,3190,3336,3292,3312,3412,3725,3780,3657,3915,5036,5697,4470,4355,6917,8834,5350,22.6832,3.64352,8.90918,48.1853
86803,3430,3398,3340,3137,3789,3825,3632,3316,5202,5149,4146,3531,8578,9081,4774,3627,30.9612,-14.1034,8.8502,47.97
86804,3110,3219,3340,3369,3290,3643,3931,3810,3654,4091,5466,5274,3737,5047,9193,7880,25.1029,12.4518,8.55529,48.036
86805,3488,3739,4416,4245,3684,4430,7104,5641,3502,4464,6689,5498,3426,3787,4259,4186,-0.703184,11.0841,8.84517,48.372
86806,4772,4488,3738,3343,7378,6493,4046,3339,6259,5601,3938,3433,4394,4022,3580,3380,-2.45711,-17.0787,8.94588,48.136
86807,3158,3342,3332,3421,3170,3513,3786,4057,3316,3789,4734,6027,3320,3863,6438,12149,32.4029,25.3589,8.70872,47.61
86808,3977,4257,3894,3501,4768,6780,5072,3633,4816,6840,5052,3851,4095,4375,3883,3465,0.411338,-6.02223,8.99418,48.1727
86809,5716,8996,6428,4067,4676,5633,4701,3841,3677,3885,3693,3479,3271,3498,3434,3198,-23.985,-5.5769,8.55251,48.1287
86810,3272,3570,3878,3812,3455,3934,5261,4830,3752,4542,7968,6519,3541,4087,5335,4955,7.09199,12.2886,8.90145,48.474
86811,3314,3428,3292,3298,3701,3764,3655,3385,5210,5262,4171,3642,7476,9644,4980,3679,33.6235,-12.0254,8.9106,47.934
86812,3492,4047,5841,12043,3381,3749,4879,6569,3350,3507,3710,3937,3186,3299,3287,3416,-23.8719,33.7694,8.89652,47.7953
86813,4053,6113,9660,5865,3799,4714,5613,4675,3447,3765,3798,3677,3007,3337,3392,3368,-24.5327,6.53834,8.73603,48.1887
86814,3171,3269,3406,3379,3302,3524,3857,4187,3361,3756,4815,7147,3322,3941,5901,11480,21.0913,33.5732,8.90108,47.8787
86815,11902,6381,4069,3445,6232,4801,3739,3430,4027,3866,3515,3190,3402,3388,3202,3044,-25.9425,-24.9439,8.72334,47.7553
86816,11965,6544,4148,3390,6340,4831,3782,3393,3876,3890,3492,3201,3342,3331,3178,3064,-24.9993,-24.5078,8.99423,47.8447
86817,3436,3938,5693,11092,3417,3783,5045,7366,3290,3406,3946,4177,3193,3223,3377,3394,-19.9979,33.665,8.71179,47.8507
86818,3345,3806,4105,3950,3750,4617,5967,4607,3911,5351,7330,4802,3602,4241,4659,4152,3.49938,5.26461,8.50551,48.13
86819,9441,6038,4001,3325,7878,5351,4020,3299,4515,4101,3521,3212,3563,3487,3366,3080,-17.3784,-23.4042,8.50832,48.132
86820,3123,3434,3693,3625,3352,3490,4056,4937,3405,3852,5266,9592,3445,3797,5203,7874,12.4708,32.0834,8.6172,48.096
86821,3943,3807,3407,3201,5710,4883,3770,3312,8528,6532,4126,3457,5683,4971,3846,3277,7.02933,-19.2318,8.82048,48.302
86822,3846,4156,3850,3362,4608,6426,4741,3699,5059,7204,5203,3849,4211,4614,4103,3537,2.13745,-6.47036,8.87165,48.312
86823,3504,3558,3432,3197,4181,4578,3957,3421,5436,7820,4964,3871,5220,6467,4768,3653,12.6142,-8.56799,8.7295,48.018
86824,3390,3475,3514,3279,3851,4351,4086,3647,4642,7134,5822,4128,4687,6591,5709,4138,14.1277,-3.00789,8.79222,48.296
86825,11463,7092,4055,3334,5909,5035,3905,3302,3932,3685,3458,3215,3346,3390,3434,3169,-33.0352,-21.5055,8.87147,47.816
86826,4068,4646,4449,3784,4543,7356,6269,3994,4138,5383,4935,3835,3643,3838,3838,3534,-4.75883,-2.58177,8.99343,48.1687
86827,8952,5377,3947,3523,8875,5158,3815,3454,4630,4005,3507,3290,3502,3597,3240,3169,-15.0544,-27.767,8.67564,48.0273
86828,3797,4894,6179,5036,3941,5308,7902,5204,3534,4044,4537,4181,3270,3489,3662,3515,-11.7658,7.03214,8.73995,48.3287
86829,3320,3481,3644,3568,3671,4267,4875,4076,3956,5637,8023,5045,3818,4801,5686,4522,9.44551,5.37634,8.71312,48.26
86830,3390,3536,3491,3201,3963,4320,3955,3467,5271,7423,5061,3903,5322,7188,5066,3792,14.4884,-7.30229,8.51324,48.2327
86831,3641,3632,3290,3092,4774,4364,3540,3252,8813,6030,4079,3365,7505,5649,4013,3255,12.7001,-20.9509,8.82017,48.196
86832,3534,3464,3174,3050,4169,3944,3577,3224,7420,4963,3754,3358,11120,5953,3842,3416,20.4206,-30.2262,8.62171,47.9747
86833,3158,3190,3551,3456,3360,3589,4125,4086,3555,4268,6147,6229,3574,4511,7714,7702,18.7933,14.8905,8.55664,48.1433
86834,4150,6377,8179,5064,4079,5212,6183,4562,3479,3850,3943,3747,3247,3399,3353,3269,-19.4737,3.59355,8.84688,48.062
86835,3543,4419,8323,9667,3339,4006,5158,5670,3304,3582,3848,3945,3134,3290,3360,3273,-26.4928,16.9495,8.5645,47.9073
86836,4554,5477,4437,3724,5268,8255,5320,3816,4280,5063,4135,3676,3565,3734,3607,3400,-8.21794,-6.141,8.87032,48.2073
86837,3602,3620,3253,3088,4415,4225,3618,3275,7411,6132,4085,3481,7871,6429,4043,3536,15.5773,-18.3253,8.87037,48.056
86838,3453,4335,7072,9502,3413,4018,5424,6671,3337,3424,4062,4059,3109,3277,3463,3461,-20.4878,19.3849,8.55899,48.0533
86839,4454,6932,8194,4974,4163,5462,5857,4429,3508,3731,3886,3638,3105,3448,3400,3162,-20.2248,2.27483,8.7307,48.2287
86840,3281,3370,3223,3187,3703,3765,3706,3383,4693,5156,4589,3845,5826,9647,6411,4148,31.5519,-5.87371,8.50295,47.9553
86841,4494,4121,3641,3253,7332,5195,3795,3377,7970,5764,3852,3359,5029,4420,3688,3322,1.34308,-21.2765,8.90752,48.408
86842,4223,4359,3672,3451,5462,6746,4380,3559,5665,6969,4383,3578,4261,4336,3740,3411,0.466486,-11.2173,8.98186,48.13
86843,3977,3779,3417,3187,5884,4893,3791,3365,8714,6371,3999,3405,5689,4767,3823,3345,6.48177,-20.0642,8.72822,48.2707
86844,3464,3620,3285,3144,4324,4208,3547,3326,6308,6700,4467,3650,6982,7273,4573,3617,16.7371,-13.8147,8.55567,48.3253
86845,3221,3594,3900,3876,3491,4033,5119,5178,3548,4349,7722,6880,3434,4036,5029,5074,6.16423,13.6531,8.92578,48.3227
86846,3191,3637,3847,3862,3483,3911,5213,4961,3607,4489,7556,6863,3461,4010,5318,5088,6.68795,13.2771,8.92627,48.3313
86847,4286,6232,7157,4771,4203,5703,6537,4462,3552,3971,4065,3763,3127,3412,3393,3306,-16.9229,2.31977,8.52579,47.96
86848,6744,9665,5839,3984,4860,5377,4406,3663,3711,3883,3613,3420,3297,3364,3190,3226,-26.8397,-8.86091,8.67817,48.1613
86849,3118,3224,3483,3509,3201,3584,4071,4250,3417,4015,5307,7304,3421,4008,6489,9614,18.9181,21.4675,8.5129,48.01
86850,3150,3284,3428,3463,3355,3480,3812,3849,3449,3840,4863,5897,3426,4076,7333,11196,27.3553,21.1036,8.57969,47.934
86851,3891,3880,3602,3390,4959,5416,4140,3449,6221,7853,4448,3635,4875,4958,4112,3471,5.56689,-11.6954,8.77931,48.2
86852,3564,3439,3185,3104,4290,3966,3453,3287,8339,5152,3925,3349,9841,5642,3896,3391,17.2704,-33.6313,8.93096,47.882
86853,4467,4151,3542,3186,6448,5811,3900,3376,7067,6285,4063,3433,4768,4430,3666,3283,1.77402,-17.2818,8.55582,47.9173
86854,3472,3913,5534,9345,3459,3957,5192,8536,3161,3587,4061,4603,3075,3200,3516,3600,-16.0931,33.3837,8.60655,48.1407
86855,3562,3859,4158,3850,3730,4942,5943,4291,3921,5645,7170,4574,3662,4231,4559,4119,2.79778,3.59023,8.69555,48.144
86856,3968,6174,10016,6251,3772,4541,5362,4690,3339,3619,3841,3732,3156,3259,3330,3330,-26.3522,7.04207,8.9312,48.2533
86857,3486,3930,4643,4313,3545,4665,7309,5384,3601,4423,6346,4969,3435,3655,4319,4091,-1.98791,9.60273,8.60495,48.076
86858,5554,9523,6791,4219,4484,5439,4624,3794,3635,3900,3753,3435,3297,3286,3337,3205,-25.0949,-4.79212,8.95424,48.184
86859,3368,3873,6023,12779,3283,3742,4725,5928,3272,3485,3754,4002,3142,3170,3339,3455,-31.2406,28.5193,8.82316,47.56
86860,3212,3303,3475,3488,3263,3717,4086,4659,3413,3850,5133,9012,3409,3813,5329,8815,14.759,28.8624,8.64256,47.9847
86861,3556,3821,3883,3522,3937,5052,5050,4042,4402,6844,6855,4411,4006,4640,4697,3995,5.50228,0.217338,8.52796,48.4753
86862,3270,3463,4042,4466,3313,3687,4970,6934,3299,3782,5267,9248,3141,3727,4240,5388,3.45388,25.449,8.61933,48.158
86863,11092,5684,3946,3377,7441,4914,3758,3411,4088,3893,3443,3252,3451,3324,3247,3110,-20.1038,-33.9481,8.97674,47.6207
86864,3707,4545,6199,5348,3726,4773,7871,5900,3489,3995,4600,4421,3220,3521,3694,3574,-11.3804,10.1677,8.50681,48.3887
86865,3134,3221,3391,3514,3215,3529,3969,4130,3359,3801,5299,7564,3384,3921,6273,10099,19.4772,23.1095,8.62036,47.8687
86866,3368,3437,4168,4819,3344,3763,5014,7993,3317,3697,5008,8564,3279,3570,4257,4892,0.512427,27.5277,8.98097,48.3267
86867,3491,3983,6675,11863,3371,3864,4911,5850,3207,3416,3810,3919,3097,3280,3482,3371,-31.4457,23.7212,8.58886,47.7267
86868,3321,3775,5814,12546,3403,3760,4654,6016,3315,3330,3759,3923,3224,3228,3345,3445,-33.8389,31.7686,8.99394,47.2387
86869,3528,3418,3135,3063,4035,3750,3370,3238,5950,4937,3873,3404,11238,7234,4112,3396,33.7948,-20.5928,8.9531,47.7873
86870,8101,9603,4963,3635,5188,5216,4024,3511,3932,3876,3645,3263,3317,3433,3275,3175,-31.0437,-12.8943,8.97067,48.1047
86871,3128,3228,3324,3386,3215,3469,3720,3928,3420,3794,4940,5554,3465,4341,7922,10594,30.8716,18.76,8.97538,47.6187
86872,3278,3342,3523,3621,3448,3875,4475,4355,3597,4573,7349,6283,3658,4477,6651,5897,13.3648,12.2135,8.51589,48.268
86873,3550,3934,4374,4095,3730,4650,6932,4980,3710,4647,6914,5063,3481,3974,4377,4137,0.0111362,8.52448,8.73794,48.3653
86874,3095,3256,3418,3334,3294,3305,3745,3725,3352,3694,4694,6075,3457,3985,6101,12348,28.0562,33.4132,8.52374,47.252
86875,10563,7786,4201,3478,5817,5021,3876,3519,3829,3864,3518,3249,3362,3473,3177,3159,-27.9366,-19.3349,8.53592,47.928
86876,12252,6595,4015,3379,6139,4833,3789,3244,4087,3753,3378,3195,3457,3354,3227,3098,-28.4413,-25.0052,8.67975,47.8633
86877,8779,5047,3860,3382,9206,5218,3915,3363,4675,4113,3561,3275,3611,3624,3318,3077,-14.2698,-32.3843,8.96762,48.016
86878,3303,3419,3329,3203,3584,3867,3887,3375,4392,5574,4954,3947,5338,8881,7091,4327,23.2401,-3.21371,8.884,48.314
86879,3091,3350,3343,3435,3209,3508,3963,4094,3520,4135,5469,5942,3600,4545,8187,8590,21.9417,15.9921,8.59668,47.9873
86880,4052,3817,3280,3153,6222,4614,3690,3297,9785,5338,3894,3365,6242,4686,3664,3261,6.82014,-26.7344,8.78919,48.24
86881,9092,6734,4200,3477,7317,5658,3968,3461,4271,4010,3590,3293,3394,3513,3300,3085,-18.3023,-20.2839,8.53582,48.242
86882,3741,5158,9313,7245,3581,4334,5754,5233,3404,3627,3869,3879,3119,3218,3311,3361,-23.2444,11.2514,8.83219,48.098
86883,3194,3301,3472,3531,3180,3532,3885,4194,3379,3903,5230,7427,3347,3947,6184,10582,19.6946,23.7706,8.79851,48.192
86884,3347,3373,3228,3081,3963,3836,3361,3198,6573,4758,3800,3417,12281,5847,3819,3407,24.6346,-31.9844,8.73888,47.526
86885,3364,3726,4384,4391,3512,4259,6521,6006,3472,4119,6631,6129,3255,3760,4344,4555,-0.0940509,14.1432,8.83085,48.2853
86886,12149,6047,3936,3405,6628,4894,3907,3438,4040,3809,3375,3250,3419,3301,3296,3059,-24.3165,-32.5655,8.59986,47.9687
86887,3171,3358,3458,3352,3240,3687,3949,3759,3555,4155,5214,5012,3613,4949,9452,7996,32.1737,12.6829,8.70419,47.9467
86888,4019,3884,3465,3077,6384,4473,3606,3403,9954,5272,3839,3377,5777,4536,3636,3349,6.16235,-31.1987,8.59129,48.034
86889,3028,3190,3389,3386,3191,3438,3767,3984,3312,3848,4948,6319,3397,4084,6793,11399,24.6596,22.8925,8.87886,47.6487
86890,3574,3768,3663,3330,4133,4964,4248,3593,5098,8045,5509,3860,4394,5601,4705,3822,8.66847,-5.37055,8.8827,48.2047
86891,3938,4084,3851,3481,4647,6494,4791,3732,4893,7455,5010,3798,4128,4444,3993,3636,1.77777,-6.5238,8.87604,48.25
86892,6527,9948,5786,3981,4779,5272,4418,3747,3809,3890,3666,3430,3370,3366,3318,3084,-30.6593,-8.346,8.54492,48.2607
86893,3164,3356,3381,3218,3488,3784,3719,3709,4066,4948,5193,4277,4445,7304,8850,5188,25.6262,2.79186,8.54629,48.06
86894,3409,4157,6607,10200,3320,3873,5253,6994,3242,3518,4075,4246,3068,3221,3429,3539,-20.4891,21.6985,8.6416,48.1007
86895,3701,3677,3348,3145,5276,4275,3578,3345,9658,5239,3749,3262,7540,4957,3713,3352,11.0383,-32.1566,8.73458,47.8767
86896,3790,3635,3353,3244,5195,4489,3699,3217,9053,5728,3921,3477,7074,5305,3921,3287,10.8161,-22.6048,8.59581,48.2587
86897,3676,4032,5032,4537,3802,4859,8066,5644,3534,4229,5523,4554,3359,3541,3899,3725,-5.66541,9.01922,8.72463,48.008
86898,3415,3692,4349,4428,3503,4229,6352,6182,3599,4188,6563,6102,3389,3633,4409,4494,0.207243,13.9153,8.58934,48.3513
86899,3592,4478,7787,8421,3570,4151,5929,6276,3327,3614,3978,4187,3131,3336,3488,3324,-19.4648,15.9702,8.86713,48.3927
86900,3316,3371,3201,3095,4006,3936,3431,3213,6599,4750,3782,3299,12532,6077,4021,3289,24.8561,-28.5664,8.9028,47.9453
86901,3322,3360,3380,3101,4196,3864,3593,3351,7662,4985,3926,3392,10887,5724,3940,3376,19.7532,-31.3578,8.72549,48.0393
86902,3861,3682,3300,3069,5921,4421,3687,3187,9814,5174,3790,3421,6571,4704,3853,3384,8.1567,-27.9872,8.86283,47.8927
86903,7737,5186,3780,3346,9502,5217,3920,3369,4886,4315,3625,3205,3702,3589,3211,3147,-12.1947,-33.9717,8.83518,47.8247
86904,5111,7766,6757,4496,4439,6163,5424,4069,3667,3949,3959,3612,3165,3424,3383,3271,-18.94,-2.20237,8.54234,48.4367
86905,3674,3925,3967,3743,3933,5171,5778,4126,4035,5810,7100,4513,3604,4254,4559,3932,2.66653,2.70002,8.86201,48.0827
86906,3156,3208,3246,3370,3352,3531,3785,3822,3672,4469,5277,4752,3931,5624,10091,6467,31.642,8.53397,8.75851,47.8353
86907,8782,5367,3811,3429,9002,5188,3815,3337,4792,4163,3548,3214,3576,3588,3311,3229,-14.8337,-32.6005,8.60212,48.1013
86908,3471,4051,4729,4223,3734,4954,7600,5368,3646,4416,6240,4719,3357,3781,4120,3925,-2.79988,8.03396,8.61407,48.2227
86909,3535,3488,3207,3128,4478,4053,3572,3253,8495,5159,3854,3427,9414,5632,3921,3371,16.5922,-25.6941,8.67,47.9913
86910,3467,4115,6502,9634,3345,3854,5394,7365,3216,3595,4011,4375,3062,3248,3485,3545,-18.7735,21.2258,8.96618,48.142
86911,3332,3297,3311,3388,3467,3707,3760,3644,3960,4753,5222,4399,4400,7069,9186,5455,27.9081,3.24923,8.63096,48.2333
86912,6069,5944,4118,3573,7285,7191,4338,3465,4732,4593,3805,3431,3723,3751,3379,3136,-10.8704,-15.3283,8.66192,48.3553
86913,3195,3332,3423,3245,3598,3758,3763,3538,4282,5289,5268,4151,4856,8278,7842,4671,23.5848,-0.983412,8.98668,48.326
86914,5766,9545,6693,4195,4450,5165,4619,3859,3615,3879,3623,3433,3237,3397,3348,3140,-30.0902,-4.67212,8.95216,47.976
86915,3478,3650,3523,3302,3841,4467,4035,3615,4744,7352,5782,3976,4750,6326,5463,4066,12.7683,-3.12578,8.7997,48.2467
86916,3380,3974,6026,11021,3349,3820,5064,7387,3226,3298,3980,4106,3075,3224,3465,3453,-20.5995,25.535,8.76846,47.8987
86917,5122,4346,3590,3186,8811,5177,3752,3314,7833,5021,3777,3379,4568,4162,3564,3190,-1.72907,-25.3995,8.96653,48.528
86918,10427,5741,3958,3406,8220,5051,3854,3230,4434,3957,3407,3215,3534,3518,3260,3047,-18.2234,-29.7016,8.89802,48.1727
86919,3622,3746,3305,3159,5191,4238,3503,3318,9706,5077,3805,3362,7762,5080,3746,3355,11.8344,-31.3115,8.88026,47.9833
86920,3165,3336,3494,3644,3446,3668,4302,4421,3467,4215,6922,7056,3512,4409,6432,6761,13.9744,15.3375,8.82364,48.1667
86921,4201,5308,5105,4059,4537,7206,6492,4255,3901,4701,4509,3781,3495,3756,3627,3415,-8.68569,-1.54366,8.81594,48.232
86922,3437,3953,5771,7221,3433,4124,6252,8019,3322,3660,4408,4688,3074,3358,3515,3675,-12.7405,19.0867,8.5388,47.94
86923,4364,5309,4817,3902,4729,7546,5982,4005,4047,4872,4549,3814,3609,3715,3603,3347,-8.53061,-3.17445,8.57431,48.14
86924,3498,3397,3217,3137,4244,4028,3341,3165,7443,4899,3760,3502,11052,5700,3911,3310,20.3393,-31.1725,8.64728,47.736
86925,3290,3292,3405,3219,3663,4031,3781,3578,4519,5929,5014,3928,5353,8764,6577,4226,20.8915,-4.15317,8.88187,48.3793
86926,3501,3801,5384,8859,3361,3820,5350,8924,3323,3683,4127,4688,3107,3214,3554,3630,-14.7709,27.616,8.57899,48.2173
86927,3420,3527,3394,3174,4079,4250,3798,3453,5453,7430,4654,3726,5745,7457,4912,3826,15.2024,-9.13731,8.57486,48.1987
86928,3172,3214,3659,3798,3252,3729,4399,5352,3346,3946,5592,9721,3316,3791,4983,7041,10.5358,25.0914,8.94104,48.2073
86929,3455,4136,7003,10547,3441,3973,5318,6518,3174,3536,3869,3976,3027,3289,3373,3457,-22.1873,20.5134,8.81158,48.0613
86930,6885,9732,5530,3847,4833,5288,4396,3834,3707,3917,3597,3468,3472,3357,3319,3141,-29.4174,-9.41858,8.57634,48.2153
86931,3077,3409,3898,3910,3373,3663,4427,5898,3338,3839,5284,9799,3278,3688,4670,6331,7.39236,28.6169,8.58733,47.9213
86932,6881,5107,3693,3260,9719,5510,3836,3353,5523,4205,3631,3193,3896,3649,3387,3154,-9.8924,-27.1862,8.58547,47.998
86933,5104,8769,7303,4392,4330,5195,5006,3998,3626,3764,3707,3530,3191,3322,3418,3175,-25.4787,-2.44824,8.6572,47.8867
86934,3128,3203,3436,3437,3130,3655,3944,4402,3309,3897,4993,8168,3401,4052,5800,10112,18.1678,27.8599,8.50754,48.0447
86935,3303,3915,6046,12128,3336,3786,4842,6556,3151,3409,3926,4043,3112,3126,3522,3409,-23.7288,30.1436,8.97338,47.74
86936,12509,6103,3888,3476,6061,4650,3818,3404,3911,3679,3497,3190,3311,3398,3263,3181,-29.794,-29.3018,8.66976,47.5593
86937,3386,3932,5289,8487,3397,3894,5144,9331,3314,3519,4248,4849,3131,3369,3447,3531,-13.7266,32.3858,8.61745,48.1787
86938,3284,3319,3254,3230,3660,3877,3851,3544,4547,6236,5420,4122,4926,7727,6594,4356,18.4348,-2.78174,8.69039,47.9647
86939,3616,3856,3957,3822,3854,5102,5537,4267,4180,6075,6975,4494,3827,4196,4571,4020,2.97671,2.66236,8.64753,48.2327
86940,3639,3673,3323,3215,4765,4054,3625,3241,9364,5163,3793,3399,8118,5245,3780,3379,13.5506,-32.1444,8.64779,47.8507
86941,3532,3578,3398,3262,4157,4501,3814,3427,5620,7954,4969,3826,5401,6828,4753,3748,12.9829,-9.03876,8.93532,48.512
86942,3439,4119,5453,5482,3561,4572,7840,6744,3393,3833,4846,4782,3250,3422,3791,3673,-9.02263,13.3353,8.99328,48.1333
86943,3333,3359,3336,3145,3700,3848,3723,3469,4773,5887,4639,3796,6003,9010,5952,4038,22.5818,-7.06864,8.53659,48.0073
86944,3404,3257,3165,3110,4031,3842,3463,3233,6506,4732,3769,3370,12370,6402,3885,3341,25.7719,-25.9826,8.95793,47.92
86945,2989,3321,3625,3559,3281,3555,4165,4781,3384,3848,5701,9034,3340,3860,5545,8023,13.288,23.1025,8.91856,48.0073
86946,3254,3945,5440,9346,3352,3807,5056,8574,3261,3492,4212,4579,3182,3308,3525,3561,-15.7286,28.3325,8.6551,47.9293
86947,3207,3393,3852,4115,3300,3635,4553,6688,3443,3829,5342,9620,3205,3746,4602,5715,5.15288,26.9109,8.80456,48.1633
86948,3395,3307,3239,3142,3778,3682,3456,3259,6073,4597,3624,3284,12849,5899,3952,3358,30.5922,-30.482,8.9973,47.2627
86949,10787,5850,3931,3442,7683,4963,3761,3422,4313,3878,3390,3207,3416,3457,3225,2999,-19.2297,-27.1764,8.93551,47.816
86950,3319,3515,4247,4861,3299,3777,4913,8580,3397,3798,4824,7961,3245,3629,4085,4734,-0.657536,31.6743,8.64395,48.1227
86951,4350,6196,6823,4645,4144,5913,6481,4449,3722,4013,4167,3756,3264,3463,3453,3330,-15.8141,1.91878,8.76618,48.1127
86952,3259,3784,4935,7030,3379,3838,5396,9628,3328,3556,4394,5463,3183,3328,3589,3804,-10.2431,25.9494,8.53255,47.9293
86953,4406,5735,5450,4172,4421,7118,6668,4169,3860,4545,4405,3770,3343,3552,3499,3464,-11.0401,-0.971688,8.86758,48.3847
86954,5210,7143,5344,4048,5002,7244,5380,3909,3879,4338,3874,3460,3437,3550,3344,3239,-15.0521,-5.83052,8.63897,48.2673
86955,5548,5277,3979,3476,7362,7396,4297,3463,5043,4844,3823,3387,3845,3808,3324,3186,-8.16371,-15.2744,8.94449,48.0387
86956,3486,3370,3227,3112,4442,4058,3460,3309,8116,5176,3904,3370,10135,5562,3816,3399,17.6534,-32.5976,8.73644,47.9613
86957,8728,7305,4372,3514,6524,5782,4123,3502,4253,3961,3555,3307,3442,3422,3282,3176,-19.1327,-17.5629,8.63406,48.1653
86958,7807,7080,4441,3550,6657,6413,4226,3619,4282,4213,3646,3328,3513,3459,3324,3074,-17.2317,-15.6782,8.58479,48.4213
86959,3331,3906,5724,9971,3444,3671,5155,8367,3303,3528,3910,4482,3107,3234,3409,3508,-17.3808,29.3508,8.67351,48.0333
86960,3442,3657,3462,3108,4352,4619,3872,3454,6093,7721,4672,3626,5612,6572,4376,3652,12.0062,-11.1629,8.95158,48.1933
86961,2964,3207,3410,3662,3300,3626,4153,4307,3380,4012,5688,7285,3397,4053,6547,9000,17.9735,20.0493,8.70329,47.994
86962,3947,4760,5196,4240,4119,6225,7603,4573,3776,4509,4947,3998,3443,3670,3794,3551,-7.44687,2.522,8.9802,48.234
86963,3308,3496,4051,4396,3352,3688,4684,7274,3437,3746,5016,9229,3209,3637,4289,5144,3.0207,29.78,8.83709,47.9707
86964,12523,5910,3911,3289,6121,4697,3660,3363,3970,3888,3471,3225,3382,3432,3260,3169,-32.5854,-30.4689,8.82946,47.514
86965,3132,3274,3398,3363,3236,3422,3873,4166,3516,3813,5119,7895,3378,3932,5692,10266,18.3362,33.9886,8.8883,47.65
86966,3289,3601,4093,3967,3607,4135,5927,5156,3625,4558,7467,6138,3445,3949,4643,4519,3.55018,11.6334,8.6148,48.0793
86967,12427,6100,4051,3403,6245,4837,3739,3403,3778,3688,3382,3286,3353,3395,3258,3174,-27.1216,-33.8147,8.81827,47.6793
86968,3425,3196,3290,3165,3887,3622,3409,3241,5905,4795,3876,3381,12720,5959,4051,3398,29.5156,-31.4887,8.70514,47.5467
86969,3642,5430,10045,7288,3657,4260,5287,4909,3211,3471,3759,3770,3155,3421,3465,3296,-28.5436,10.4363,8.99718,48.044
86970,5241,8884,7478,4483,4387,5036,4802,3932,3712,3681,3722,3570,3185,3451,3315,3215,-29.2086,-2.53801,8.61668,48.0627
86971,9436,5411,3859,3428,8647,5309,3920,3309,4586,3981,3555,3251,3509,3563,3241,3127,-15.7918,-28.6758,8.87323,48.088
86972,3069,3353,3392,3449,3237,3428,3828,3867,3352,3750,4822,5928,3508,3864,6285,12304,31.5749,25.6615,8.52829,47.624
86973,3117,3236,3355,3366,3233,3437,3866,3914,3429,3948,4866,6011,3420,4060,7216,11577,27.8136,21.6678,8.91948,48.034
86974,3502,3349,3252,3039,4191,3951,3549,3233,7105,5174,3819,3357,10643,6617,4115,3297,20.6666,-22.3694,8.8287,48.1287
86975,10995,7186,4128,3364,5852,5079,3991,3443,3968,3778,3567,3192,3457,3381,3201,3199,-33.3607,-20.3377,8.63476,47.854
86976,7929,5365,3795,3282,9526,5297,3827,3456,5013,4192,3540,3266,3740,3483,3313,3145,-12.5646,-26.7174,8.60641,48.1127
86977,6486,5882,4202,3553,7658,6868,4217,3604,4734,4388,3780,3423,3713,3617,3388,3168,-11.9547,-16.9129,8.5785,48.454
86978,3796,4217,4035,3673,4411,6252,5518,3994,4427,6601,5575,3969,3828,4317,4227,3705,0.826143,-2.16957,8.92714,48.3633
86979,3314,3655,4449,5159,3333,3821,5469,8501,3333,3722,5109,7178,3208,3512,4082,4385,-2.59465,22.877,8.64314,48.1533
86980,3331,3670,4332,4280,3500,4201,6614,5934,3556,4215,6459,5953,3483,3777,4449,4322,0.192865,13.2595,8.84909,48.0507
86981,3186,3618,4199,4814,3353,3906,5314,8095,3375,3774,5255,7732,3215,3573,4084,4687,-0.311176,22.8856,8.771,48.12
86982,3174,3566,4012,4321,3327,3718,5228,6595,3381,3895,5820,8393,3307,3716,4584,5204,3.63802,20.8885,8.56089,48.1607
86983,4254,4637,4126,3595,5010,7689,5182,3814,4557,6095,4702,3644,3893,4033,3768,3482,-3.42453,-6.30045,8.94919,48.3207
86984,3389,3468,3590,3477,3506,4143,4416,3927,3926,5424,7625,5000,3972,5006,6533,5083,13.0583,6.53523,8.63854,48.3233
86985,9320,5987,3990,3395,7847,5500,3938,3417,4463,3996,3574,3216,3510,3433,3276,3105,-17.2174,-22.8027,8.59942,47.978
86986,3936,4143,3755,3309,4955,5888,4321,3533,5700,7786,4731,3685,4432,4738,4076,3416,3.64759,-10.0051,8.84392,48.2693
86987,5013,5366,4235,3470,6175,8071,4683,3736,4625,5080,4002,3339,3653,3822,3499,3281,-8.19193,-10.9122,8.96902,48.0333
86988,3374,3741,5116,8001,3399,3831,5191,9676,3246,3475,4185,5078,3134,3253,3697,3721,-12.1186,28.7207,8.95032,48.0787
86989,3343,3311,3322,3190,3653,3791,3709,3504,4304,5337,4840,3898,5377,9235,7275,4430,25.7646,-3.48669,8.94791,48.346
86990,3646,4418,6543,5890,3710,4579,7695,6359,3272,3940,4501,4312,3154,3452,3483,3457,-12.8295,11.8934,8.542,48.274
86991,3247,3646,4693,5996,3317,3823,5202,9691,3385,3628,4615,6436,3257,3360,3894,4073,-6.05639,29.8601,8.66743,48.1753
86992,11646,6775,4051,3410,5851,4733,3885,3325,3974,3920,3587,3195,3465,3549,3232,3063,-31.2966,-22.722,8.55433,47.774
86993,3347,3448,3231,3156,3914,3854,3600,3334,5530,5888,4311,3459,7671,8949,4969,3675,22.2702,-12.7788,8.9571,48.224
86994,4371,5113,4380,3687,5107,8157,5377,3701,4328,5466,4468,3670,3712,3842,3496,3324,-6.21768,-6.6265,8.82276,48.1327
86995,3748,4028,4030,3671,4046,5402,5976,4184,4062,5956,6745,4404,3767,4243,4399,3877,1.93221,1.95104,8.60306,48.3587
86996,4831,7640,7253,4522,4380,5761,5478,4253,3623,3996,3829,3551,3259,3331,3418,3247,-20.4433,-1.02571,8.55214,48.248
86997,9982,8251,4380,3534,5609,5069,3943,3482,3870,3949,3543,3292,3351,3412,3247,3084,-30.1752,-17.6205,8.50971,47.9987
86998,3116,3358,3352,3381,3385,3645,3822,3785,3765,4282,5159,4714,3898,5821,9956,6465,30.6054,8.31062,8.65534,47.936
86999,3402,3516,3546,3328,3837,4278,4245,3688,4394,6698,6540,4235,4345,6023,5916,4325,12.9365,-0.599143,8.70202,48.2107
87000,5129,5302,3972,3527,6505,7569,4402,3583,4992,5174,4047,3573,3843,4011,3488,3146,-6.74372,-13.1247,8.60577,48.1753
87001,4250,3996,3437,3237,6863,4725,3774,3333,9653,5155,3702,3329,5509,4544,3595,3354,4.12729,-27.8683,8.72783,48.304
87002,3236,3155,3259,3381,3332,3382,3750,3898,3440,3800,4609,6231,3466,3940,5960,12283,25.9315,33.8836,8.57476,47.4147
87003,4217,5768,6688,4703,4160,5958,6948,4610,3610,4060,4248,3821,3360,3399,3517,3304,-14.5118,2.66755,8.64596,48.2473
87004,3421,3864,5424,6138,3392,4054,6721,8162,3355,3737,4716,5217,3154,3464,3742,3856,-9.44207,18.0749,8.79353,48.278
87005,5636,4545,3729,3197,9642,5191,3832,3408,6895,4560,3670,3344,4195,3829,3362,3241,-4.65213,-26.8272,8.90305,48.184
87006,3100,3255,3423,3430,3254,3518,3745,3843,3348,3762,4636,5959,3437,3970,5902,12778,29.8565,30.5423,8.88338,47.5733
87007,3293,3313,3306,3094,3870,3838,3747,3511,4851,6020,4665,3635,6232,9180,5745,4029,21.299,-7.78292,8.95675,48.2193
87008,3818,4317,4672,3978,3953,6095,6930,4616,3889,5078,5702,4180,3442,3829,3999,3549,-3.46984,2.4032,8.83717,48.0313
87009,7811,6695,4162,3597,7081,6185,4071,3559,4294,4128,3562,3293,3592,3535,3230,3245,-16.3856,-17.456,8.5854,48.0267
87010,10035,8231,4343,3391,5697,5128,3945,3374,3923,3833,3557,3335,3421,3399,3252,3142,-33.5612,-17.5229,8.73557,48.004
87011,4814,7270,6109,4235,4600,6696,5637,4112,3775,4161,3929,3572,3323,3562,3480,3247,-16.43,-3.07977,8.85324,48.348
87012,3131,3269,3480,3585,3211,3482,4017,4425,3434,3845,5112,8309,3383,3761,5457,9780,17.0173,30.2437,8.66989,47.7873
87013,3306,3395,3251,3026,3887,3844,3510,3190,6203,4964,3945,3408,11054,7387,4145,3374,25.4394,-20.5201,8.82302,47.926
87014,10899,6035,4045,3439,7529,4984,3798,3423,4299,3969,3505,3247,3485,3325,3188,3036,-20.354,-25.7369,8.7142,48.1373
87015,3411,3380,3114,3140,3963,3857,3538,3304,6645,4749,3699,3286,12231,6039,3988,3325,23.7684,-32.1332,8.96871,47.7793
87016,4041,5487,6676,4846,3956,5754,7378,4748,3582,3992,4414,3957,3242,3427,3482,3478,-13.7559,3.97121,8.9905,48.3067
87017,9442,5856,3968,3471,8572,5340,3823,3449,4545,3978,3552,3152,3526,3367,3214,3079,-16.5819,-24.3768,8.95058,48.2227
87018,12529,5855,3902,3415,6099,4646,3861,3331,3869,3748,3494,3277,3501,3371,3259,3145,-28.7441,-31.9554,8.52181,47.5347
87019,4964,4238,3575,3237,7734,5661,3880,3417,7177,5468,3924,3373,4670,4203,3539,3315,-1.19791,-20.4746,8.51695,48.25
87020,3273,3828,5204,7828,3426,3786,5441,9242,3338,3624,4134,5012,3127,3324,3691,3699,-12.5181,25.6948,8.60588,47.9847
87021,3353,3762,5054,7571,3414,3754,5320,9753,3200,3566,4183,5266,3143,3243,3634,3778,-11.3599,27.7038,8.97085,47.996
87022,3371,4069,6574,12180,3363,3782,4815,6096,3222,3355,3693,3935,3065,3243,3283,3405,-28.7629,24.2257,8.90682,47.634
87023,3391,3448,3263,3122,3939,3988,3427,3156,5668,4991,3969,3518,9919,8296,4378,3393,31.731,-17.4044,8.76959,47.9107
87024,3089,3247,3383,3403,3169,3450,3877,3780,3365,3855,4882,6052,3410,3856,5904,12321,27.9671,33.1501,8.55923,47.362
87025,5640,9186,6826,4357,4503,5213,4686,3996,3612,3805,3678,3395,3353,3400,3382,3205,-27.826,-4.23072,8.50161,48.158
87026,3570,3721,3630,3421,3808,4791,4468,3717,4521,7348,6459,4218,4355,5371,5055,4094,8.79337,-1.68123,8.71005,48.3647
87027,7096,9658,5555,3746,4924,5457,4367,3745,3871,3837,3567,3413,3264,3378,3228,3132,-27.1229,-9.79078,8.50121,48.1587
87028,3150,3337,3457,3326,3270,3524,3905,4194,3432,3947,5482,6594,3463,4351,7305,9400,21.104,18.7049,8.70891,48.0913
87029,3574,3957,4185,3929,3858,5083,6455,4579,3837,5343,7043,4741,3645,3996,4297,3958,1.12268,4.96696,8.8661,48.32
87030,3303,3407,3231,3090,4305,3860,3433,3255,7722,5019,3875,3320,10835,5715,3854,3399,19.509,-32.364,8.74361,47.7487
87031,8000,9497,5000,3729,5191,5239,4092,3623,3806,3825,3575,3334,3355,3372,3250,3125,-31.7579,-12.3993,8.72955,48.0087
87032,3388,3932,5413,8760,3328,3950,5184,8929,3200,3575,4162,4596,3186,3256,3587,3523,-14.6901,33.1518,8.7025,47.9793
87033,3145,3203,3369,3506,3268,3401,3866,4403,3464,3846,5048,7825,3365,3908,5787,10569,18.6766,29.6366,8.62164,47.982
87034,3209,3288,3329,3295,3419,3686,3725,3655,3916,4767,5202,4536,4146,6716,9513,5700,29.3199,5.0652,8.69223,48.068
87035,3435,4008,6054,10651,3375,3831,5129,7168,3244,3529,3904,4256,3127,3236,3381,3445,-20.6657,24.8974,8.53847,47.8487
87036,3887,3729,3448,3070,5826,4359,3643,3294,9977,5237,3836,3381,6558,4735,3626,3403,8.41239,-28.1166,8.56968,48.006
87037,4848,8305,8300,4776,4018,4963,4881,4117,3529,3693,3640,3503,3220,3398,3353,3191,-30.342,0.185587,8.66151,47.8233
87038,3163,3421,3694,3845,3324,3685,4398,5483,3538,3844,5905,9288,3308,3923,5110,6428,9.02817,21.9927,8.66215,48.238
87039,3488,4426,7823,8495,3537,4151,6045,6069,3304,3634,3941,4125,3040,3209,3495,3469,-19.9391,16.0063,8.78276,48.1673
87040,12356,6448,3961,3445,5861,4713,3767,3407,3976,3755,3470,3176,3378,3456,3314,3131,-33.2338,-23.9973,8.93182,47.7427
87041,3224,3475,4088,4308,3299,3712,4811,7329,3394,3787,4900,8934,3292,3706,4409,5203,2.3698,30.861,8.55346,47.914
87042,3175,3453,3276,3332,3622,3998,3808,3761,4075,5458,6226,4503,4338,6400,7675,5006,18.6134,2.99938,8.82598,48.0707
87043,3543,3668,3454,3290,4174,4382,3734,3463,5499,7551,4913,3738,5548,7064,4940,3802,14.3202,-8.93061,8.86695,48.5087
87044,3163,3348,3420,3254,3497,3715,3751,3576,4137,5002,5192,4134,4735,7870,8430,5017,25.9167,0.751766,8.67984,48.1607
87045,3427,3855,4067,3771,3879,4951,5902,4284,4100,5800,7229,4530,3759,4200,4457,4052,2.86075,3.07927,8.64742,48.1753
87046,3382,3382,3241,3223,3978,3801,3519,3242,5486,5003,4123,3415,9840,8130,4340,3489,31.7879,-17.6875,8.5039,47.7293
87047,3173,3191,3332,3382,3186,3385,3858,3964,3365,3825,4782,6219,3391,3971,5935,12532,26.427,33.8343,8.80114,47.6607
87048,6758,4857,3707,3342,10043,5409,3748,3399,5758,4321,3465,3311,3846,3650,3427,3144,-9.42702,-28.7295,8.99928,48.1233
87049,3469,3941,5418,7167,3534,3940,5805,8801,3392,3633,4463,4935,3086,3358,3710,3748,-11.5767,21.7871,8.50735,48.2667
87050,3100,3208,3305,3369,3168,3391,3720,3911,3411,3786,4716,6155,3388,3902,6014,12910,28.7692,31.0528,8.99241,47.636
87051,12571,5968,3880,3285,6445,4773,3787,3428,3895,3789,3437,3300,3325,3332,3269,3091,-26.4352,-29.5942,8.87925,47.7167
87052,6577,6954,4316,3701,6563,6843,4388,3649,4392,4296,3725,3431,3486,3566,3398,3090,-15.0038,-14.2005,8.80583,48.25
87053,5016,7853,6692,4281,4591,6048,5243,3996,3754,4005,3942,3567,3325,3365,3351,3193,-19.7249,-3.02829,8.52725,48.148
87054,3075,3188,3424,3456,3180,3398,3958,4005,3419,3825,4880,6667,3386,3861,6040,11749,22.7677,33.6927,8.6458,47.674
87055,3110,3194,3391,3262,3282,3608,3758,3847,3524,4114,5480,5409,3696,4846,9121,8318,25.2295,13.4763,8.77513,47.9733
87056,4212,4612,4253,3563,5085,7308,5206,3769,4631,6263,4720,3627,3805,4067,3906,3402,-2.39267,-6.42613,8.87102,48.286
87057,4644,4750,3977,3448,6074,7640,4572,3675,5139,5851,4206,3495,3899,3922,3671,3379,-4.03644,-11.8027,8.85298,48.228
87058,3203,3407,3461,3445,3490,3883,4192,3751,3902,5183,6728,4900,4112,5762,7806,5272,17.6166,5.60603,8.6187,48.3313
87059,3919,3723,3318,3155,5475,4453,3541,3233,9384,5850,3874,3375,6539,5011,3858,3299,9.08514,-22.2174,8.66098,48.0047
87060,7148,4874,3709,3395,9755,5276,3808,3277,5414,4343,3542,3297,3716,3556,3260,3177,-10.1853,-31.1344,8.8383,47.698
87061,3385,3396,3312,3163,3921,3781,3590,3380,5163,5149,4229,3598,7874,9666,4971,3674,33.2185,-12.2857,8.93467,48.168
87062,4130,6272,9376,5845,3682,4696,5623,4685,3379,3715,3733,3657,3207,3388,3333,3294,-23.7688,6.17753,8.70047,48.01
87063,4155,6155,8361,5435,3966,5079,6250,4731,3504,3741,4023,3748,3207,3363,3458,3355,-19.6255,4.73916,8.92507,48.354
87064,3229,3392,3352,3140,3833,4045,3875,3507,4856,6694,5001,3914,5492,8212,5839,3989,18.2433,-5.93779,8.88238,48.2467
87065,6439,10010,5890,3949,4748,5202,4384,3833,3634,3821,3594,3396,3429,3421,3239,3084,-28.1558,-8.24017,8.89996,48.0487
87066,5667,5321,4107,3448,7879,6965,4072,3458,5291,4788,3716,3376,3925,3794,3293,3214,-8.1466,-17.4907,8.74517,48.2093
87067,4678,7524,8410,4987,4187,5088,5261,4390,3512,3780,3900,3559,3174,3448,3301,3308,-23.8628,1.29894,8.56633,48.338
87068,3234,3332,3427,3434,3318,3424,3748,4017,3422,3688,4694,6205,3281,3924,6079,12516,28.6133,29.3156,8.69501,47.8287
87069,3112,3275,3394,3300,3371,3554,3936,3864,3716,4419,5258,4669,3855,5736,9945,6609,31.0516,8.73731,8.75654,48.0087
87070,3529,3436,3256,3039,4588,4049,3573,3212,8598,5229,3895,3406,9364,5648,3854,3350,16.2269,-25.6634,8.91863,48.0173
87071,3623,3701,3365,3159,4952,4203,3573,3255,9480,5190,3881,3381,7972,5360,3865,3324,12.6938,-30.7348,8.50847,48.1893
87072,3012,3298,3439,3508,3181,3419,3864,4075,3486,4005,5388,6506,3443,4283,7229,9851,21.5309,19.3912,8.82201,47.9913
87073,3184,3249,3601,3692,3248,3561,4130,4888,3370,3896,5177,9191,3343,3723,5273,8452,13.7146,28.9275,8.57843,47.9853
87074,3668,4549,7257,6810,3696,4425,6866,6179,3406,3721,4175,4259,3153,3321,3426,3483,-15.9775,13.209,8.81697,48.2627
87075,4129,3898,3396,3102,6237,4755,3748,3361,9266,5908,3844,3332,5585,4785,3671,3362,5.67935,-22.2982,8.84529,48.2527
87076,3098,3228,3495,3538,3207,3422,3877,4218,3453,3808,5067,6762,3338,4123,6649,10891,22.4984,22.1805,8.58927,48.116
87077,9127,8960,4722,3634,5365,5255,4040,3445,3839,3785,3494,3233,3338,3349,3301,3085,-27.6607,-14.8089,8.95759,47.9813
87078,3380,3931,5953,10073,3341,3914,5214,8009,3165,3539,3991,4332,3041,3340,3395,3473,-18.2313,24.7941,8.69862,48.0607
87079,5297,5518,4106,3471,6414,7968,4634,3643,4727,5025,3785,3457,3658,3774,3399,3256,-8.77669,-11.813,8.91552,48.088
87080,3479,3555,3610,3455,3887,4403,4376,3740,4457,6728,6801,4330,4193,5645,5485,4299,11.1827,-0.374789,8.58029,48.2953
87081,3656,3572,3311,3193,4625,4459,3763,3337,6805,7295,4509,3554,6207,6318,4321,3529,12.4667,-14.4381,8.87305,48.3027
87082,6393,4785,3746,3336,9724,5516,3827,3379,5832,4349,3642,3336,3928,3804,3330,3188,-8.06719,-24.9149,8.73628,48.0767
87083,5665,5358,4085,3440,7314,7406,4285,3371,4944,4856,3866,3379,3761,3712,3448,3105,-8.92434,-15.2182,8.84069,47.9967
87084,4358,3918,3406,3198,6810,4623,3709,3425,9528,5134,3760,3407,5582,4450,3673,3318,4.25868,-27.7435,8.58431,48.1993
87085,3510,3593,3483,3154,4320,4666,3845,3467,6328,7809,4497,3645,5686,6163,4323,3584,11.4372,-12.0871,8.88088,48.0487
87086,3111,3385,3589,3760,3306,3457,4196,5027,3406,3917,5692,9297,3328,3767,5311,7426,11.7974,23.6298,8.79664,47.9833
87087,4531,3993,3467,3152,7669,4974,3821,3213,8886,5233,3672,3295,5077,4255,3709,3221,1.81792,-26.5792,8.96662,48.112
87088,3834,3665,3467,3030,5044,4651,3842,3412,8271,6676,4234,3486,6260,5179,3944,3426,9.72066,-18.1916,8.65257,48.2807
87089,3233,3164,3369,3521,3253,3517,3906,4095,3326,3790,4913,7142,3375,3970,5878,11484,21.9392,29.7852,8.69922,47.9573
87090,3061,3457,3917,4189,3352,3658,4576,6501,3355,3758,5322,9615,3264,3637,4515,5886,5.51718,26.6788,8.82489,48.042
87091,3434,3513,3402,3222,3943,4273,3787,3498,5095,7037,5210,3930,5322,7453,5313,3902,15.8253,-6.89301,8.57049,48.2227
87092,3181,3235,3380,3408,3269,3490,3765,3879,3286,3722,4801,6172,3328,3815,6202,12610,32.8429,26.7511,8.76028,47.6953
87093,3463,4083,6866,11253,3386,3816,4975,6332,3256,3591,3843,4014,3039,3107,3459,3428,-24.2607,22.1802,8.66466,47.9407
87094,3528,3471,3199,2934,4579,3975,3527,3290,8510,5310,3874,3394,9364,5703,3889,3444,15.8688,-26.6006,8.71785,47.994
87095,5218,4930,3799,3362,7385,6640,4136,3432,5736,5317,3957,3441,4142,3990,3540,3247,-5.19676,-16.7265,8.53226,48.1813
87096,3278,3413,3230,3076,4053,3945,3364,3215,5994,4802,3849,3353,11732,6936,4014,3361,28.055,-22.242,8.86127,47.7433
87097,5393,5765,4259,3437,6667,7928,4516,3616,4743,4946,3957,3380,3635,3662,3474,3133,-9.36695,-12.4074,8.74409,48.3407
87098,3170,3169,3302,3438,3206,3396,3778,3954,3421,3815,4641,6098,3468,4068,6052,12545,27.1252,33.9054,8.68313,47.6807
87099,12472,5936,3941,3230,6402,4701,3727,3360,3912,3832,3469,3202,3394,3393,3208,3178,-25.7527,-29.6391,8.70921,47.5713
87100,3320,3908,6132,12742,3310,3784,4703,6171,3234,3439,3682,3942,3171,3240,3357,3391,-27.2095,30.1739,8.91217,47.684
87101,3389,3445,3488,3340,3645,4102,4248,3767,4417,6427,6526,4318,4371,6154,6264,4362,13.7683,0.401163,8.52799,48.1753
87102,3394,4027,5187,5586,3425,4156,7158,7540,3343,3860,5024,5159,3157,3473,3827,3801,-7.47312,15.849,8.78092,48.078
87103,3209,3244,3419,3380,3239,3557,3829,3867,3427,4018,5143,5467,3539,4509,8302,9767,29.6031,17.0343,8.59239,47.944
87104,3458,3400,3281,3109,3920,3842,3534,3357,5864,5227,3982,3471,9341,8318,4506,3628,25.2577,-16.6724,8.55231,48.1587
87105,3426,3308,3247,3091,3979,3696,3465,3126,6363,4897,3764,3394,12367,6334,3949,3467,26.1687,-25.7382,8.92867,47.9153
87106,3186,3441,3939,4106,3270,3798,4411,6383,3333,3818,5106,9637,3339,3736,4575,5646,5.60746,32.8974,8.63726,47.816
87107,3461,3918,4667,4484,3553,4662,7464,5773,3544,4272,6108,5051,3255,3607,4197,3929,-3.03229,10.0592,8.6601,47.9633
87108,3752,4866,8859,7406,3614,4352,5956,5405,3251,3520,4037,3883,3128,3237,3449,3376,-21.0314,11.8097,8.99878,48.0607
87109,3037,3214,3378,3502,3189,3460,3959,4197,3458,4063,5759,7335,3595,4173,6635,9109,18.3287,20.0399,8.83861,48.042
87110,3656,3967,4083,3863,3972,5302,6335,4285,3896,5564,6984,4535,3624,4157,4420,3887,1.48856,3.27403,8.88956,48.3533
87111,3209,3629,4225,4700,3372,3715,5015,8484,3324,3714,5032,8095,3305,3708,4124,4452,-0.624222,33.8659,8.90808,48.0687
87112,3500,3367,3226,3061,3881,4090,3637,3304,5831,5985,4238,3612,7588,8517,4899,3587,20.4414,-13.2409,8.81158,48.2153
87113,5128,6105,4530,3735,5600,8076,4828,3800,4288,4701,3959,3573,3679,3621,3499,3201,-10.5583,-8.73741,8.72004,48.2153
87114,3339,4236,7238,10626,3572,3890,5096,6230,3260,3488,3884,4062,3082,3335,3377,3357,-24.0443,20.8176,8.54789,48.048
87115,3387,3635,3715,3594,3579,4378,4971,4139,3911,5601,7925,4967,3818,4581,5483,4545,8.71249,5.30681,8.62055,48.1527
87116,3280,3382,3469,3278,3469,3774,3765,3600,4016,4882,5011,4221,4561,7751,8690,4893,33.301,1.52432,8.88321,48.028
87117,3442,3428,3260,3128,3945,3611,3437,3253,6116,4720,3769,3235,12712,6147,3783,3330,33.63,-26.2891,8.96617,47.544
87118,3216,3244,3350,3488,3325,3804,4257,4145,3652,4785,7299,5603,3734,4691,7489,5855,15.4996,9.64505,8.88216,47.958
87119,3109,3214,3393,3402,3161,3504,3788,4069,3427,3899,5085,6777,3396,3954,6598,11053,22.6101,22.7624,8.77639,47.886
87120,10468,7234,4202,3480,6386,5083,3914,3489,4032,3980,3466,3275,3493,3454,3247,2957,-23.4458,-20.3704,8.75477,48.1067
87121,3128,3304,3566,3680,3316,3510,4301,5020,3427,3803,5205,9364,3402,3852,5129,7883,12.4872,31.4258,8.53489,47.9267
87122,3801,5719,10195,6788,3742,4237,5279,4719,3306,3553,3825,3700,3115,3341,3305,3313,-31.0685,8.79998,8.97575,47.9587
87123,3416,3709,4845,6758,3311,3911,5636,9662,3348,3562,4374,5640,3056,3359,3737,3877,-9.03444,25.0951,8.60083,48.134
87124,3354,3686,4323,4600,3261,4005,5918,7233,3376,3877,5854,7300,3225,3665,4280,4690,-0.0579215,18.8211,8.66811,48.4313
87125,3074,3278,3399,3324,3163,3383,3786,3923,3392,3883,4719,6265,3427,3980,5961,12629,27.3376,29.8449,8.88408,47.724
87126,4888,8645,7759,4773,4236,5110,4872,3993,3601,3642,3641,3524,3252,3410,3332,3214,-28.4533,-1.33694,8.69766,47.928
87127,4819,7221,6560,4426,4348,6158,5865,4252,3555,4030,3979,3673,3329,3450,3514,3267,-17.3889,-1.34254,8.50141,48.2973
87128,3423,4015,6299,12311,3348,3903,4782,6113,3288,3443,3809,4032,3103,3225,3358,3383,-29.0367,26.5,8.56739,47.89
87129,5374,4545,3704,3266,9068,5441,3820,3456,6925,4791,3763,3319,4356,3903,3471,3231,-3.95159,-24.9112,8.68924,48.2887
87130,4887,7875,7334,4567,4374,5792,5410,4082,3675,3882,3786,3504,3214,3299,3394,3297,-21.1407,-1.33434,8.5429,48.248
87131,3529,4002,3912,3658,4048,5428,5677,4212,4196,6288,6668,4430,3847,4221,4447,3953,2.91265,1.19116,8.71389,48.344
87132,9198,8612,4653,3544,5392,5117,4079,3549,3849,3863,3594,3292,3313,3410,3134,3162,-28.9275,-15.8499,8.57224,47.8407
87133,3239,3305,3392,3419,3228,3297,3878,3926,3385,3861,4996,6392,3440,4020,6902,11364,25.6095,21.9561,8.85032,48.0293
87134,3250,3353,3451,3207,3490,3739,3847,3665,4067,4974,5804,4588,4341,6838,8699,5177,21.8624,3.25698,8.88976,48.3267
87135,4197,4076,3569,3211,6041,5272,3975,3410,7736,6603,4127,3401,4983,4542,3725,3386,3.83293,-17.7236,8.54994,48.1693
87136,10056,8027,4315,3551,5697,5057,3944,3457,3869,3904,3539,3256,3426,3372,3281,3077,-28.3206,-17.7833,8.72002,47.8853
87137,4284,4387,3834,3491,5334,6957,4477,3662,5255,6921,4640,3588,4322,4284,3733,3450,-0.344435,-9.80797,8.69263,48.4127
87138,3679,3562,3268,3101,4872,4164,3473,3351,8859,5587,3894,3407,8113,5535,3885,3373,13.6578,-23.7812,8.82604,48.082
87139,7555,5890,4104,3490,8022,6223,4032,3444,4688,4230,3584,3283,3664,3658,3331,3122,-13.8531,-19.6611,8.55498,48.2133
87140,3848,4739,4621,3953,4423,6786,6398,4238,4082,5399,5106,3955,3631,3928,3949,3540,-4.4526,-1.05849,8.75372,48.3973
87141,3548,3643,3862,3643,3655,4344,5579,4483,3814,5501,8013,5114,3696,4336,4994,4469,5.96701,6.08507,8.72332,48.4627
87142,3610,4766,8800,8739,3464,4162,5389,5509,3249,3542,3819,3878,3087,3241,3371,3358,-25.098,14.9034,8.7701,47.9893
87143,5071,8940,7670,4399,4324,5109,4817,3981,3592,3588,3664,3572,3304,3358,3330,3212,-32.5059,-2.45727,8.84038,47.954
87144,3355,3480,3882,3730,3508,4035,5346,4284,3786,5308,8127,5259,3765,4374,5309,4632,7.46933,7.32642,8.82051,48.12
87145,3502,3408,3197,3265,4599,4035,3639,3278,8987,5163,3712,3421,9376,5392,3839,3385,15.5627,-29.8277,8.99066,48.132
87146,3206,3479,3958,4258,3346,3702,4616,6999,3398,3757,5042,9429,3351,3670,4363,5458,4.07753,31.1966,8.61781,48.0213
87147,5249,4863,3796,3352,7919,6890,4084,3478,5706,5099,3834,3359,4038,4053,3467,3191,-5.07605,-17.347,8.52101,48.252
87148,5442,4363,3640,3321,9673,5063,3785,3424,7064,4680,3655,3274,4276,3864,3485,3163,-3.49578,-29.7337,8.98365,48.1147
87149,3326,3882,5728,8785,3298,3884,5630,8397,3221,3537,4108,4581,3015,3364,3489,3583,-15.4095,23.5311,8.56969,47.8853
87150,3385,3535,3385,3269,3913,4380,3890,3509,4961,7399,5562,4019,4959,6848,5444,4009,14.0589,-4.72962,8.992,48.3113
87151,12655,6059,3885,3374,6014,4713,3718,3269,3898,3886,3457,3262,3387,3377,3232,3089,-29.3409,-27.63,8.84323,47.5167
87152,3186,3271,3249,3369,3305,3418,3765,3942,3363,3815,4686,5931,3356,3948,6188,12406,28.424,33.8885,8.58987,47.4653
87153,3309,3524,4044,4433,3240,3690,4740,7539,3312,4003,5133,8906,3361,3540,4200,5027,2.1355,33.3291,8.83973,48.0007
87154,4727,5756,4499,3754,5220,8209,5572,3747,4213,4942,4002,3565,3570,3794,3553,3279,-9.53906,-6.64531,8.59983,48.268
87155,3368,3573,4239,4132,3459,4053,6165,5760,3482,4264,7047,6474,3363,3782,4505,4507,1.97998,13.9221,8.96592,48.1153
87156,7183,8980,4986,3751,5490,6024,4399,3731,4013,4008,3570,3371,3348,3309,3286,3069,-21.1731,-11.6742,8.98337,48.3453
87157,4035,4025,3568,3296,5593,5538,3923,3479,7038,7049,4319,3583,4903,4790,3869,3350,4.42098,-14.9843,8.7327,48.2387
87158,3069,3282,3498,3502,3198,3537,3975,4357,3403,3812,5253,7828,3328,3965,5995,10161,18.3977,24.2107,8.93603,48.1087
87159,6518,4857,3745,3318,9888,5340,3824,3360,5667,4363,3636,3242,3820,3765,3391,3203,-8.41726,-32.2466,8.85757,47.958
87160,3090,3286,3351,3334,3251,3585,3917,3872,3447,4141,5384,5279,3473,4673,8878,8898,27.5611,14.6507,8.62234,47.906
87161,3145,3283,3326,3366,3265,3475,3759,3823,3395,3845,4770,6018,3298,3939,5994,12422,28.3941,33.5626,8.65311,47.4153
87162,3299,3859,5285,7687,3353,3991,5601,9017,3297,3728,4253,5067,3184,3457,3473,3835,-12.0317,23.8512,8.54472,48.2573
87163,3374,3913,5093,7881,3389,3745,5205,9508,3238,3674,4047,5012,3084,3354,3563,3706,-12.5572,30.2943,8.57052,47.8573
87164,3182,3396,3425,3431,3196,3573,4067,4029,3550,4156,6281,6073,3509,4645,7880,7812,19.2561,14.5955,8.87088,48.1367
87165,3461,4037,6486,11918,3323,3848,4854,5909,3160,3522,3999,4016,3122,3290,3404,3496,-31.5672,23.5138,8.84965,47.8967
87166,3120,3317,3373,3409,3249,3463,3725,3838,3433,3737,4812,6087,3486,4047,6590,12134,31.7002,24.3496,8.80971,47.88
87167,3321,3300,3454,3295,3497,3733,3877,3537,3966,4867,5015,4272,4308,7324,9111,5317,32.2074,2.8549,8.88025,48.1293
87168,3105,3291,3483,3454,3216,3475,3931,4504,3356,3901,5182,8393,3386,3915,5593,9705,17.1363,26.5785,8.82667,47.9267
87169,3466,4074,6316,8083,3425,4065,6020,7730,3233,3661,4272,4464,3108,3270,3541,3545,-15.4681,18.7488,8.60095,48.182
87170,3739,3586,3297,3186,5071,4327,3751,3257,8738,6014,3901,3439,7078,5341,4020,3367,11.1722,-20.7178,8.81657,48.0747
87171,3242,3360,3797,4102,3298,3667,4469,6313,3403,3716,5222,9819,3338,3679,4681,6060,6.43077,29.7357,8.68596,48.1107
87172,3149,3323,3400,3429,3373,3560,4024,4334,3316,3735,5084,8002,3440,3958,5792,10127,17.777,33.9614,8.80081,48.0307
87173,3245,3618,4316,5071,3378,3786,5239,8424,3248,3790,5074,7615,3135,3575,4010,4595,-1.70433,24.5541,8.59192,48.0793
87174,3431,3592,4578,5671,3438,3793,5155,9538,3293,3645,4553,6739,3295,3332,3797,4250,-5.08335,30.1312,8.86683,48.0667
87175,7099,9836,5307,3833,4899,5263,4224,3560,3713,3865,3638,3431,3261,3387,3308,3183,-32.3009,-10.1179,8.71752,47.8713
87176,3377,3985,5784,8768,3401,3927,5626,8176,3293,3539,4041,4703,3142,3195,3490,3563,-15.7587,22.2589,8.80244,48.0067
87177,5166,6547,4876,3897,5388,7659,5116,3780,4055,4525,3902,3509,3485,3564,3449,3327,-12.8068,-7.914,8.58348,48.1633
87178,3203,3323,3361,3253,3482,3678,3800,3668,3869,4683,5515,4587,4280,6504,9371,5725,24.9997,5.32035,8.70196,48.2013
87179,7268,9456,5145,3565,5141,5848,4336,3642,3766,3905,3669,3234,3197,3422,3369,3147,-22.7895,-11.2045,8.98891,48.0733
87180,3837,3821,3660,3190,4544,5471,4087,3546,5847,8145,4879,3749,4669,5114,4114,3551,6.57403,-9.87137,8.87361,48.1493
87181,3292,3423,3655,3418,3584,4088,4579,3874,4036,5813,7500,4856,3992,5339,6199,4659,12.1555,3.61211,8.77866,48.2047
87182,3371,3806,4411,4404,3508,4263,6564,5877,3483,4191,6600,6007,3328,3816,4179,4375,0.00733091,13.2426,8.80318,48.122
87183,3671,5100,9673,7324,3658,4185,5285,5034,3420,3563,3878,3678,3223,3230,3482,3327,-32.3511,11.0854,8.6657,47.8207
87184,3458,3547,3283,3091,4031,4011,3504,3366,6213,6372,4249,3637,7206,7589,4642,3618,18.2968,-14.1108,8.52902,47.878
87185,5573,8882,6301,4051,4515,5930,4714,3915,3825,3900,3689,3574,3360,3461,3294,3262,-21.466,-5.26021,8.5416,48.164
87186,4426,7277,9101,5220,3968,4689,5178,4309,3531,3633,3759,3590,3253,3346,3296,3261,-30.8353,2.99035,8.67928,47.8913
87187,6513,9835,5776,4056,4746,5082,4540,3681,3768,3735,3614,3469,3266,3456,3295,3261,-31.3429,-8.36237,8.514,48.062
87188,3355,3430,3354,3279,3637,3767,3728,3462,4276,4925,4813,3952,5088,8901,7554,4361,31.9264,-2.0163,8.8811,47.9213
87189,3096,3259,3561,3426,3356,3688,4022,3905,3737,4655,6549,5286,3810,5078,8537,6373,18.8017,9.66628,8.93682,48.2253
87190,3387,3417,3151,3222,3859,3884,3591,3421,5594,5849,4190,3602,7820,8886,4636,3664,22.1231,-13.137,8.78275,48.1153
87191,8712,6129,4077,3456,8021,5704,3861,3510,4569,3981,3610,3254,3628,3437,3283,3154,-16.4947,-21.8459,8.52281,48.2573
87192,11424,5961,3931,3431,6886,4921,3847,3291,4106,3823,3426,3175,3306,3310,3195,3252,-22.1807,-33.1571,8.56735,47.5233
87193,5774,9590,6566,4257,4477,5201,4624,3825,3679,3832,3627,3357,3284,3444,3368,3303,-27.9968,-5.07257,8.70172,48.1387
87194,6743,6597,4286,3432,6763,6695,4219,3489,4444,4266,3692,3399,3628,3525,3311,3243,-14.6335,-15.0998,8.59961,47.8213
87195,3977,3799,3389,3254,5725,4553,3645,3326,9170,5782,3797,3398,6523,4912,3844,3347,8.19858,-23.3457,8.5834,48.294
87196,6700,8304,4999,3810,5471,6511,4514,3707,4060,3945,3689,3374,3472,3399,3275,3104,-19.0808,-11.1015,8.50587,48.2227
87197,3239,3723,5084,7488,3410,3901,5550,9440,3233,3550,4214,5090,3274,3445,3646,3849,-11.2665,25.1251,8.59489,48.0907
87198,3353,3838,5704,10399,3316,3770,5030,7989,3226,3506,3874,4324,3035,3265,3445,3572,-18.2768,28.5363,8.69714,47.764
87199,3295,3331,3402,3223,3639,3916,3713,3431,4335,5639,4875,4108,5194,8809,7087,4369,22.4665,-3.34642,8.77192,48.244
87200,3481,3602,3611,3494,3806,4614,4872,4013,4225,6734,7064,4494,3930,5125,5238,4171,8.22616,0.626043,8.61361,48.316
87201,3200,3235,3415,3397,3278,3451,3826,3989,3395,3715,4771,6031,3371,3900,6216,12184,33.1024,26.2873,8.50214,47.5827
87202,8337,9287,4905,3721,5252,5433,4139,3504,3798,3877,3690,3266,3489,3394,3308,3083,-27.1069,-13.3567,8.54287,48.322
87203,3696,4345,4706,4126,4195,5856,7093,4556,3824,5006,5739,4293,3589,3864,3921,3612,-3.68522,2.76644,8.51185,48.2807
87204,3229,3330,3292,3150,3493,3733,3760,3520,4112,4993,4890,4109,5008,8919,7758,4559,28.7343,-1.44877,8.95046,47.9033
87205,3431,3472,3331,3127,4031,4264,3836,3453,5768,7132,4576,3776,6296,7391,4644,3725,15.9368,-11.5858,8.71727,48.1687
87206,3368,3360,3320,3069,3731,3719,3608,3320,5012,5337,4224,3627,7567,9762,5218,3697,28.7987,-11.311,8.95749,47.9593
87207,3477,3426,3271,3184,3804,3869,3469,3194,5457,5180,4102,3370,8981,8831,4703,3523,30.5546,-15.201,8.71018,47.894
87208,3223,3402,3336,3229,3515,3817,3579,3652,4071,5047,4983,4157,4771,8099,8322,4856,25.9509,0.314148,8.76783,48.0393
87209,3440,3902,4298,4118,3659,4688,6929,5105,3573,4835,6887,4970,3461,3907,4300,4046,-0.267438,8.16063,8.96504,48.0787
87210,3307,3472,3804,3901,3341,3585,4512,5980,3364,3895,5152,9978,3296,3655,4745,5970,6.58709,33.8848,8.8948,47.9713
87211,3504,4145,7543,10700,3339,3927,5132,6138,3183,3454,3936,3937,3012,3208,3362,3410,-25.519,20.1282,8.91825,47.9533
87212,3101,3310,3401,3369,3218,3543,3809,3955,3478,4071,5405,6314,3555,4298,7705,9658,22.0507,18.129,8.99135,48.1267
87213,6547,9325,5509,3968,5008,5735,4445,3779,3897,3836,3650,3347,3441,3398,3360,3164,-23.0967,-8.7882,8.66755,48.2727
87214,3376,3339,3202,3027,3734,3863,3402,3165,5824,5172,3924,3551,10498,8025,4465,3435,26.7766,-18.5689,8.88901,48.0013
87215,4474,7507,8878,4969,4154,4678,5130,4345,3576,3852,3751,3580,3199,3309,3394,3299,-33.3244,1.90358,8.695,48.0633
87216,11714,5836,3997,3334,7163,4864,3844,3494,4002,3781,3478,3226,3416,3313,3123,3143,-21.5637,-32.2423,8.97031,47.8187
87217,3677,3817,3531,3218,4338,4726,4186,3571,5494,8110,5195,3801,4939,5885,4471,3717,9.90778,-7.98322,8.69405,48.4507
87218,3390,3990,5321,5457,3487,4287,7514,7099,3451,3869,5059,5006,3264,3467,3836,3848,-7.76183,14.8914,8.73367,48.23
87219,5046,5465,4103,3523,6141,8206,4594,3633,4524,5092,4015,3546,3792,3720,3500,3304,-8.0208,-11.0283,8.82321,48.136
87220,11054,7600,4022,3380,5825,4960,3931,3442,4005,3829,3478,3146,3414,3370,3195,3146,-27.2579,-20.4027,8.83806,47.8647
87221,3069,3214,3398,3311,3249,3408,3843,3930,3303,3766,4816,6511,3282,3917,6222,12409,25.5162,26.7164,8.76732,47.7653
87222,3112,3430,3766,3847,3363,3735,4780,5422,3557,4013,6800,8311,3360,3874,5096,5867,7.86493,18.5073,8.98823,48.222
87223,3407,3900,5514,9410,3384,3853,5017,8467,3354,3529,3999,4476,3097,3298,3417,3619,-16.3654,28.6986,8.52683,47.8273
87224,4597,7895,8422,4802,4048,4883,4944,4272,3552,3764,3795,3502,3329,3367,3441,3321,-32.9005,0.80155,8.9405,47.956
87225,3993,5666,8028,5427,3810,5120,6723,4867,3378,3851,4185,3888,3298,3389,3351,3366,-17.4361,6.07508,8.81625,48.2267
87226,3466,3992,6080,9004,3493,3859,5669,8048,3169,3581,4093,4472,2995,3316,3462,3510,-16.7421,21.673,8.99953,48.1393
87227,8609,5365,3754,3377,9150,4876,3901,3377,4740,4102,3512,3273,3597,3595,3290,3053,-14.4141,-30.2288,8.93249,47.714
87228,5691,5812,4188,3514,6712,7664,4370,3462,4575,4810,3771,3510,3659,3782,3444,3282,-9.97715,-13.0825,8.68091,48.164
87229,5987,8316,5295,3914,5130,6708,4608,3789,3845,4103,3806,3367,3363,3445,3363,3110,-18.3228,-8.32238,8.99976,48.0993
87230,3617,3868,3723,3615,3988,5196,4965,3982,4371,7177,6474,4227,4121,4729,4472,3898,5.14962,-0.913249,8.87306,48.282
87231,5860,5081,3791,3325,8538,6422,4078,3435,5518,4832,3796,3328,3886,3787,3391,3248,-7.87954,-18.9361,8.81315,48.2107
87232,5813,6865,4651,3640,5882,7587,4686,3700,4069,4465,3728,3446,3569,3616,3495,3156,-14.1233,-10.6842,8.88547,48.2453
87233,8996,8974,4613,3617,5382,5075,4014,3594,3812,3730,3461,3266,3295,3390,3227,3118,-29.5702,-15.0104,8.71401,47.7093
87234,3179,3291,3490,3294,3173,3538,3875,4048,3378,3799,4943,7324,3482,4029,5858,11083,21.0354,31.5563,8.54079,47.856
87235,2997,3266,3465,3329,3287,3470,3865,3821,3502,3982,5071,5680,3468,4333,8312,10102,29.2387,17.5115,8.66669,47.9667
87236,3120,3574,4051,4582,3391,3658,5079,7208,3423,3751,5607,8651,3243,3613,4467,5164,2.57969,22.9993,8.68235,48.388
87237,3150,3235,3360,3311,3441,3723,3760,3693,3963,4732,5255,4380,4482,7141,9129,5275,25.587,3.15731,8.75579,48.02
87238,3457,3618,3523,3368,3613,4156,4145,3846,4300,6215,6739,4597,4204,5749,6240,4665,13.6805,1.74711,8.54285,48.29
87239,3383,4043,6394,12384,3350,3836,4906,6040,3218,3368,3672,3942,3256,3240,3328,3449,-30.1513,25.3381,8.58433,47.8727
87240,3444,3389,3278,3137,4235,3966,3458,3301,7650,4901,3889,3430,10719,5739,3976,3493,19.3421,-33.2839,8.65555,48.0033
87241,3108,3226,3534,3541,3270,3555,4080,4368,3477,4117,6253,6829,3595,4279,6970,7984,17.0915,17.2621,8.61504,48.124
87242,3297,3275,3332,3142,3550,3816,3797,3544,4203,5020,4845,4195,4811,8431,8026,4741,31.1739,-0.589688,8.56232,48.0167
87243,11206,7416,4220,3345,5687,4948,3834,3296,3980,3793,3529,3232,3371,3419,3180,3056,-29.2311,-20.5232,8.80511,47.6747
87244,9867,8049,4387,3537,5646,5175,3978,3425,3915,3920,3480,3397,3376,3372,3237,3163,-27.1377,-17.3777,8.54184,47.9493
87245,3222,3327,3313,3398,3443,3702,3949,3885,3742,4455,6142,5174,3872,5271,8760,6479,20.4922,9.95972,8.52095,48.0893
87246,3283,3917,6177,12403,3352,3802,4842,6125,3224,3405,3817,3904,3183,3156,3474,3344,-27.2714,27.3372,8.645,47.6053
87247,3339,3808,4827,5197,3453,4167,6909,7564,3409,3850,5150,5704,3304,3570,3999,4096,-5.56647,16.7808,8.69256,48.2307
87248,5659,4410,3602,3209,9616,5248,3862,3361,6713,4702,3628,3342,4147,3982,3387,3162,-4.93524,-29.2565,8.77833,48.02
87249,3492,3476,3231,3102,4147,4203,3780,3275,5955,6713,4354,3596,7034,7712,4718,3663,17.5208,-13.125,8.78278,48.3007
87250,3609,4897,9464,8237,3631,4143,5148,5115,3320,3633,3880,3878,3152,3288,3318,3338,-31.8939,12.8071,8.68811,48.034
87251,3208,3420,3632,3810,3239,3742,4346,4966,3472,3953,6464,8237,3419,4085,5477,6722,11.623,19.0572,8.50289,48.128
87252,5028,5410,4126,3592,6073,8024,4650,3691,4737,5062,3848,3508,3797,3801,3656,3194,-7.54362,-10.9314,8.88397,48.1313
87253,3397,4005,6885,11804,3342,3839,4877,5911,3192,3427,3706,3989,3108,3203,3503,3352,-31.4314,22.8981,8.81201,47.6933
87254,3059,3252,3496,3473,3280,3584,4068,4206,3365,3943,5556,6709,3446,4210,7239,9353,20.2013,18.9918,8.66375,48.1593
87255,3455,4077,6272,12632,3400,3661,4751,6103,3186,3540,3744,3742,3147,3196,3428,3430,-28.5203,27.2785,8.69583,47.8427
87256,12706,5967,3877,3312,5939,4797,3618,3422,3868,3703,3394,3244,3442,3430,3333,3237,-32.0698,-30.6286,8.54177,47.526
87257,3536,4002,7049,11206,3471,3809,4957,5977,3218,3493,3848,4021,3048,3203,3370,3510,-26.7338,21.6893,8.57758,47.812
87258,7447,9490,5116,3818,5202,5640,4276,3472,3942,3867,3501,3264,3332,3392,3160,3122,-24.4894,-11.5208,8.84157,48.0273
87259,4947,8433,8174,4687,4153,5158,5036,4089,3498,3654,3682,3563,3216,3310,3357,3262,-26.6472,-0.631626,8.78237,48.146
87260,3694,5084,9572,7787,3628,4236,5188,5139,3314,3587,3833,3792,3041,3181,3436,3392,-31.3057,11.9238,8.79624,47.936
87261,3296,3310,3372,3172,3696,3851,3766,3450,4922,5871,4591,3803,6187,9476,5777,3883,22.5057,-7.71058,8.92939,48.282
87262,3397,3813,5546,10273,3386,3654,5138,8099,3235,3519,3979,4373,3217,3230,3446,3539,-17.9531,28.7568,8.8814,47.896
87263,3216,3216,3475,3436,3263,3440,4095,4251,3542,3927,5604,7061,3434,4284,6861,9279,18.9638,19.7992,8.92049,48.256
87264,3181,3410,3664,3893,3278,3667,4488,5862,3300,3758,5334,9832,3280,3778,4687,6378,8.00606,31.2941,8.58199,47.86
87265,6720,4790,3729,3422,9983,5205,3811,3410,5617,4267,3444,3346,3917,3741,3324,3182,-8.93373,-29.0378,8.9212,47.9387
87266,5134,8255,6592,4399,4499,6013,5207,3928,3760,3899,3686,3564,3280,3410,3314,3155,-20.053,-3.31413,8.80484,48.0633
87267,3260,3693,4311,4884,3431,3824,5589,7911,3320,3775,5337,7270,3382,3547,4135,4542,-1.4366,21.0726,8.50922,48.1407
87268,4033,4585,4387,3792,4591,7203,5885,4118,4175,5680,4969,3813,3729,3997,3768,3600,-3.54245,-2.61071,8.50577,48.2167
87269,3351,3457,3247,3184,3842,3947,3577,3332,5239,5206,4054,3533,8618,9094,4647,3515,33.0824,-14.3238,8.88069,47.8953
87270,3263,3363,3211,3220,3734,3766,3626,3391,4577,5241,4612,3895,6088,9714,6101,4047,27.4989,-6.76569,8.52468,47.8993
87271,3379,3915,5443,8971,3365,3958,5133,8973,3244,3440,4094,4573,3142,3192,3477,3580,-14.9691,33.6548,8.98613,47.9193
87272,3357,3316,3255,3109,3967,3822,3327,3365,5953,4773,3774,3432,12669,5979,3874,3333,31.108,-28.5992,8.7562,47.5367
87273,3839,5274,9794,7224,3728,4301,5228,4865,3321,3635,3832,3726,3151,3267,3411,3445,-27.905,10.4621,8.60605,48.0273
87274,3361,3838,5868,11305,3493,3767,4915,7395,3206,3423,3849,4184,3201,3195,3449,3426,-20.9119,28.527,8.9005,47.9167
87275,6068,4756,3658,3291,9599,5417,3813,3374,6215,4531,3709,3368,4127,3740,3368,3270,-6.71477,-26.0782,8.6643,48.2027
87276,3568,4100,4470,3935,3814,5363,7237,4513,3865,5093,6486,4510,3455,3848,4223,3914,-1.38146,4.65251,8.82676,48.2627
87277,3403,3899,6202,12857,3402,3858,4758,6105,3303,3417,3669,3881,3135,3111,3394,3423,-28.9951,27.2991,8.93314,47.878
87278,5801,8600,5687,3976,4989,6479,4803,3744,3779,4099,3867,3445,3327,3384,3358,3204,-19.5262,-7.33286,8.75691,48.3613
87279,4322,6619,8619,5180,4044,5110,5967,4516,3535,3666,3957,3650,3198,3358,3288,3383,-21.4659,3.77103,8.91668,48.2747
87280,3374,3361,3402,3199,3803,4110,3854,3590,4825,6573,5110,3825,5381,8107,5780,4102,17.7944,-5.72918,8.84756,48.264
87281,3708,3556,3270,3193,4799,4113,3603,3280,8921,5258,3797,3371,8658,5353,3839,3410,14.6036,-29.6411,8.50552,48.086
87282,3949,6000,10132,6191,3733,4555,5486,4774,3303,3672,3730,3701,3173,3268,3389,3332,-26.6248,7.46915,8.98856,48.2587
87283,3448,3906,6162,11779,3446,3851,4927,6926,3276,3374,3898,4013,3054,3169,3393,3504,-22.7733,27.1667,8.71178,48.084
87284,3391,3339,3298,2986,4090,3873,3371,3145,6568,4867,3739,3369,11818,6562,4112,3443,25.3011,-23.9828,8.63849,47.9807
87285,4197,5240,5444,4359,4330,6659,6922,4390,3749,4449,4649,3926,3359,3745,3648,3361,-10.178,0.613073,8.52938,48.2847
87286,3480,3340,3136,3066,3910,3728,3330,3287,6477,4810,3734,3465,12265,6347,4035,3467,26.4522,-26.3495,8.781,47.918
87287,3386,3318,3314,3105,3803,3784,3586,3217,5631,4912,3945,3408,10509,8024,4298,3521,28.737,-18.7175,8.55949,47.8407
87288,4292,3833,3555,3187,6970,4720,3733,3387,9564,5055,3819,3341,5406,4439,3574,3272,4.11665,-33.3579,8.94174,48.098
87289,3409,3613,3532,3409,3799,4440,4198,3741,4473,7238,6356,4167,4411,6016,5651,4211,12.2646,-2.27632,8.86227,48.4427
87290,3349,3388,3319,3079,3975,3767,3512,3243,6122,5185,3759,3447,10628,7729,4182,3548,25.7042,-19.2925,8.83626,48.1547
87291,11455,7044,3958,3400,5896,4964,3730,3343,3965,3825,3390,3191,3391,3446,3222,3131,-32.5661,-22.1966,8.54008,47.5673
87292,3851,3696,3360,3144,5650,4417,3559,3268,9774,5266,3797,3390,6819,4896,3712,3259,9.25093,-28.0134,8.74315,47.9053
87293,3666,4591,6316,5224,3819,4918,8011,5755,3444,3880,4609,4277,3201,3393,3699,3522,-11.2791,9.38673,8.52715,48.2167
87294,3434,3457,3283,3062,4153,3921,3552,3264,7030,5503,3942,3441,9750,6908,4099,3336,19.6757,-20.3378,8.8574,48.09
87295,4307,4384,3845,3348,5903,7006,4407,3610,5568,6531,4264,3625,4266,4123,3762,3360,-0.834043,-11.9465,8.87755,48.206
87296,5989,4532,3779,3256,9704,5191,3738,3403,6439,4644,3600,3319,4105,3844,3474,3089,-6.07377,-28.7755,8.64054,48.0707
87297,6135,9891,6214,3981,4632,5524,4542,3794,3672,3763,3642,3377,3353,3405,3363,3153,-27.8687,-6.61581,8.61896,48.294
87298,10485,7683,4150,3467,5566,5021,3884,3477,4005,3901,3482,3284,3426,3411,3201,3092,-33.3663,-18.8038,8.63262,47.69
87299,3478,3892,4489,4311,3603,4558,6989,5474,3544,4548,6859,5349,3455,3760,4230,4189,-0.527091,10.5383,8.85336,48.4853
87300,9439,5585,3811,3412,8616,5266,3775,3394,4508,3994,3549,3271,3592,3531,3355,3103,-16.1506,-27.9253,8.90731,48.134
87301,3353,3645,4665,5232,3356,3937,6056,8663,3302,3900,4963,6278,3256,3438,3956,4167,-4.65807,20.9348,8.88036,48.1113
87302,3190,3329,3466,3321,3360,3592,3784,3830,3610,4278,5475,5079,3808,5279,9688,7439,25.7527,10.9623,8.91243,48.352
87303,3228,3378,3405,3224,3524,3838,3835,3649,4421,5506,5270,4152,4947,8204,7280,4541,22.0032,-1.67594,8.76817,48.268
87304,3691,3600,3436,3131,5165,4232,3587,3363,9805,5144,3723,3423,7472,4978,3837,3318,11.4184,-29.5898,8.81919,47.9367
87305,3179,3159,3358,3455,3196,3485,3797,3988,3392,3828,5081,6402,3400,4062,6710,11465,24.2946,22.9007,8.50127,47.9713
87306,3102,3309,3406,3439,3265,3412,4001,4018,3426,3894,5390,6588,3417,4097,7086,10031,21.9173,20.0162,8.55951,47.9207
87307,3161,3173,3345,3403,3191,3459,3940,3948,3279,3780,4965,6712,3361,3984,6399,12027,23.9846,25.2718,8.91751,48.0847
87308,3157,3413,3857,4272,3284,3645,4589,6415,3397,3835,5286,9731,3213,3655,4628,5965,5.67836,27.3654,8.67502,48.228
87309,4196,3990,3665,3308,5901,5758,4025,3393,6971,6717,4202,3420,4779,4668,3889,3381,2.8603,-15.5213,8.57303,48.1753
87310,6346,9806,5954,3991,4748,5208,4455,3730,3690,3801,3617,3306,3441,3248,3312,3226,-30.7847,-7.40258,8.75922,47.9193
87311,4071,6263,9741,5909,3916,4541,5208,4635,3438,3704,3872,3652,3138,3233,3429,3281,-29.3243,6.22998,8.53588,48.0207
87312,11242,7009,4109,3392,6201,4992,3978,3475,4061,3713,3467,3329,3414,3322,3227,3097,-24.7869,-22.0091,8.59295,48.0187
87313,4019,4984,5516,4237,4235,6481,7558,4581,3786,4534,4774,3952,3436,3492,3602,3471,-9.35329,1.95173,8.92456,48.4387
87314,3342,3428,3543,3298,3832,4248,4090,3540,4664,7036,5997,4248,4587,6466,5814,4174,14.3973,-2.11416,8.54489,48.2047
87315,3877,5457,9195,6768,3755,4434,5787,5224,3416,3787,3777,3895,3189,3335,3409,3302,-23.0175,10.0117,8.57929,48.4047
87316,8656,6859,4123,3535,6983,5914,4080,3479,4370,4025,3535,3260,3553,3497,3252,3120,-17.6331,-18.4566,8.55205,48.1607
87317,3166,3336,3398,3679,3275,3617,4170,4679,3380,3955,5993,8054,3494,3925,6050,8012,14.9472,20.5926,8.70563,48.122
87318,4386,6145,6495,4526,4213,6254,6457,4339,3691,4089,3993,3680,3411,3587,3425,3360,-15.0893,0.549022,8.88136,48.034
87319,3100,3234,3547,3625,3291,3529,4025,4459,3405,3784,5390,8371,3405,4036,5761,8758,15.4666,23.6342,8.53221,47.8133
87320,3160,3168,3404,3435,3245,3440,3947,4031,3388,3738,4877,6892,3433,3919,5928,11883,22.8452,28.7888,8.9832,47.9253
87321,3299,3817,4696,6388,3262,3870,5241,9913,3299,3634,4265,5736,3121,3383,3759,3877,-8.11144,33.4744,8.82678,47.7067
87322,3471,3366,3122,3103,3951,3738,3432,3274,6067,5091,3852,3409,10979,7432,4102,3415,26.3548,-20.427,8.70619,47.8693
87323,12678,6156,3953,3264,6014,4765,3803,3365,4096,3756,3452,3312,3429,3433,3354,3134,-30.7953,-26.4507,8.95493,47.976
87324,3413,3844,5130,7618,3310,3796,5154,9640,3405,3487,4288,5058,3221,3288,3656,3664,-11.5981,32.8843,8.72144,47.9813
87325,4012,3893,3340,3204,5950,4340,3605,3322,9957,5197,3710,3420,6255,4776,3716,3307,7.31272,-31.7838,8.81668,48.0027
87326,3806,3725,3294,3112,5317,4255,3594,3198,9956,5161,3824,3395,7130,4920,3834,3382,9.83348,-32.6545,8.84023,47.9353
87327,4208,4828,4415,3857,4723,7405,5783,3921,4245,5564,4728,3827,3709,3908,3724,3566,-5.12232,-3.5218,8.57538,48.274
87328,3008,3302,3444,3313,3298,3574,3767,3741,3548,4109,5144,5338,3654,5007,9351,8416,30.1087,13.5556,8.99479,48.0093
87329,10561,6157,3855,3351,7561,5138,3785,3359,4212,3980,3589,3212,3531,3387,3195,3035,-19.2382,-25.1375,8.84239,47.9387
87330,8606,5650,3973,3326,8683,5425,3900,3444,4689,4136,3512,3168,3504,3558,3427,3143,-14.969,-23.4619,8.75331,48.096
87331,10963,7289,4164,3494,6057,5043,3979,3415,3957,3812,3450,3191,3360,3364,3155,3079,-25.3361,-20.9293,8.68916,47.848
87332,10252,5616,3899,3445,8029,4965,3794,3497,4321,3828,3523,3285,3525,3419,3260,3051,-18.3499,-30.1831,8.57545,47.806
87333,3182,3281,3285,3388,3428,3608,3866,3760,3692,4491,5499,5007,3791,5384,9544,7075,24.8763,10.3144,8.62241,48.1873
87334,3354,3377,3224,3167,3931,3849,3418,3175,6825,5009,3853,3373,11590,6251,3996,3372,22.5929,-25.8865,8.58629,47.8427
87335,3298,3745,4674,6201,3389,3773,5254,9874,3345,3579,4297,6060,3291,3427,3759,4056,-7.3477,30.7903,8.84678,48.0147
87336,3097,3205,3377,3350,3252,3603,3895,3879,3517,4141,5377,5350,3644,4845,9061,8292,28.5082,13.4191,8.57264,47.9233
87337,3535,3512,3312,3182,3923,4013,3836,3377,5363,6462,4613,3714,6348,8222,5064,3970,18.3849,-10.021,8.51767,48.2973
87338,5681,8990,6406,4207,4544,5740,4596,3888,3721,3858,3665,3468,3315,3532,3324,3193,-22.7023,-5.23658,8.81158,48.0853
87339,3326,3436,3319,3115,3911,3791,3504,3359,5578,5259,3990,3454,9832,8257,4542,3484,26.8748,-17.1417,8.77358,48.1047
87340,6050,5060,3757,3340,8756,6430,3995,3483,5626,4730,3740,3324,4000,3704,3375,3158,-7.50645,-19.9277,8.60897,48.352
87341,11043,6136,3892,3395,7641,5023,3859,3326,4155,3920,3360,3214,3413,3424,3237,3068,-20.239,-25.3858,8.83675,48.0707
87342,7993,7516,4389,3491,6465,6035,4155,3561,4200,4105,3595,3254,3496,3372,3261,3179,-18.268,-15.8747,8.80605,48.0447
87343,3093,3221,3464,3468,3222,3610,4045,4095,3474,4143,5858,6343,3565,4375,7797,8438,19.7432,16.3056,8.99804,48.1407
87344,3267,3691,4516,5469,3299,3718,5126,9472,3291,3575,4752,6930,3263,3457,3856,4356,-4.13328,31.627,8.78774,48.0253
87345,3809,3651,3550,3256,4984,4594,3856,3415,7710,6881,4258,3310,6177,5600,3920,3484,10.1134,-16.6116,8.58216,48.3033
87346,3599,4046,4432,4133,3704,4964,7203,4962,3637,4841,6530,4659,3564,3688,4296,4034,-1.39019,6.54383,8.52991,48.1947
87347,3148,3282,3435,3377,3410,3724,3863,3808,3657,4645,5328,4707,3998,5974,9413,6248,25.932,7.47693,8.52582,48.0113
87348,3156,3294,3352,3324,3337,3628,3862,3712,3828,4474,5301,4637,3979,6112,9828,6311,28.4074,6.87226,8.60951,48.09
87349,12740,6015,4007,3455,6027,4751,3715,3285,3851,3768,3363,3391,3321,3269,3204,3179,-29.5842,-33.0124,8.88378,47.5607
87350,3098,3239,3669,3769,3187,3512,4109,5126,3437,3848,5300,9831,3432,3719,5192,7761,11.8441,26.5715,8.88281,48.1527
87351,4219,6195,7220,4807,4196,5612,6514,4587,3595,3910,4026,3750,3326,3422,3477,3397,-16.7489,2.43212,8.68065,48.1687
87352,5090,6703,5340,4079,4978,7320,5475,4029,3723,4315,4061,3662,3354,3559,3450,3334,-14.3037,-4.95773,8.51206,48.3147
87353,3498,3425,3248,3248,3949,3685,3436,3378,6030,4740,3729,3368,12499,5951,3844,3307,32.7116,-28.8346,8.66277,47.5567
87354,3150,3234,3303,3326,3181,3430,3868,3877,3329,3839,4829,6281,3394,3943,6132,12385,26.8943,27.4537,8.60202,47.6673
87355,3015,3318,3415,3452,3319,3702,4017,3916,3619,4341,5893,5226,3731,5191,9251,6950,22.1414,10.6877,8.61506,48.2373
87356,9157,8650,4641,3675,5431,5203,4045,3505,3865,3900,3513,3245,3344,3471,3297,3098,-29.4336,-15.9282,8.55111,48.0267
87357,3186,3284,3499,3597,3348,3510,3989,4642,3407,3793,5154,8983,3428,3899,5374,8906,14.7961,31.5986,8.54728,47.9993
87358,3173,3321,3375,3360,3248,3386,3749,3959,3255,3771,4639,6009,3448,3920,5972,12779,30.4918,28.8796,8.83471,47.576
87359,3535,4655,8935,8918,3587,4260,5164,5371,3245,3528,3905,3855,3071,3275,3436,3419,-32.0649,14.4695,8.65121,48.106
87360,3185,3469,3514,3433,3416,3862,4137,3947,3804,4820,6837,5087,3883,5464,7985,5684,17.5206,7.24091,8.65128,48.3513
87361,3093,3323,3491,3396,3283,3517,3960,4492,3355,3863,5044,8339,3389,3879,5780,9647,17.026,26.6512,8.51025,47.9007
87362,3134,3352,3340,3364,3508,3820,3733,3605,4174,4864,5021,4128,4670,8029,8669,4921,30.8881,0.991343,8.96139,48.2213
87363,10461,5986,3844,3548,7635,5144,3684,3453,4257,3935,3436,3248,3578,3413,3253,3097,-19.3943,-26.3439,8.64006,47.9813
87364,4344,5866,6584,4582,4155,6097,6702,4537,3656,4120,4213,3761,3294,3505,3453,3421,-14.3407,1.73895,8.64186,48.1933
87365,3498,4253,7826,10465,3470,3935,5067,5602,3240,3594,3829,3904,3169,3248,3349,3402,-32.5455,18.4906,8.62786,47.9007
87366,3552,3555,3258,3150,4865,4127,3622,3260,9433,5206,3841,3385,8404,5222,3825,3334,13.402,-32.8935,8.97608,48.026
87367,3102,3334,3333,3428,3321,3551,3785,3951,3433,3893,5152,5748,3451,4102,7529,10784,32.3876,19.8457,8.5407,47.9313
87368,3434,3932,5891,12441,3413,3752,4792,5888,3189,3477,3740,3925,3159,3213,3408,3417,-29.9389,31.1321,8.61844,47.3807
87369,3323,3886,5158,7788,3330,3838,5217,9729,3133,3575,4254,4995,3221,3287,3682,3801,-12.1458,28.3558,8.76275,48.1447
87370,3161,3208,3305,3454,3346,3509,3902,3931,3541,4142,5527,5338,3621,4747,9068,8239,24.8852,13.5526,8.76289,48.026
87371,3155,3188,3407,3351,3191,3537,3859,3850,3442,3996,5052,5769,3510,4247,8060,10192,30.5175,18.0126,8.94114,47.8707
87372,10211,5681,3955,3324,8124,5129,3862,3438,4367,3939,3498,3148,3538,3364,3223,3212,-18.0425,-29.9749,8.85736,48.0087
87373,3093,3320,3392,3449,3245,3486,3838,4015,3401,3827,4913,6087,3366,3927,6197,12167,29.8046,25.8111,8.51688,47.8153
87374,3420,3510,3498,3241,3891,4466,3991,3484,4902,7223,5612,4058,4772,6624,5386,4114,13.9525,-4.24723,8.66518,48.128
87375,3092,3226,3478,3366,3242,3453,3653,3874,3433,3766,4678,5994,3459,3901,6024,12748,31.0344,28.7189,8.87136,47.5913
87376,5014,6446,4782,3858,5331,7874,5303,3811,4066,4489,4128,3480,3539,3557,3379,3199,-12.2662,-7.6946,8.74596,48.1707
87377,3274,3517,3803,3760,3434,3892,4933,4749,3598,4438,7720,6713,3406,4235,5538,5311,9.06417,13.3517,8.81724,48.214
87378,3499,3489,3336,3132,4323,3943,3571,3240,7142,5536,3960,3378,9578,6585,4107,3335,19.1065,-20.8844,8.61959,48.1027
87379,3096,3327,3369,3436,3183,3488,3766,3784,3467,3813,4958,5770,3383,4180,7595,10883,31.8168,19.2893,8.98567,47.6653
87380,5134,4417,3622,3246,8500,5455,3887,3472,7279,5120,3622,3263,4494,4021,3473,3187,-2.30269,-22.9472,8.5853,48.128
87381,3363,3311,3334,3107,3742,3852,3613,3369,5067,5667,4436,3613,6814,9914,5367,3770,24.6843,-9.90278,8.81885,48.226
87382,3399,3559,3763,3574,3697,4203,4826,4006,4059,5681,8011,5022,3863,4764,5763,4648,9.70747,5.08665,8.72644,48.5587
87383,3384,3946,4773,4496,3602,4697,7695,6237,3593,4085,5735,5093,3334,3598,3938,3869,-4.27961,11.6912,8.90332,48.05
87384,3132,3296,3518,3583,3282,3758,4369,4630,3418,4037,6203,8154,3548,4016,6023,7567,13.8894,19.254,8.83393,48.356
87385,3233,3386,3390,3107,3797,3863,3545,3172,4893,5278,4374,3742,7000,10038,5576,3884,28.9234,-9.90734,8.97203,48.1853
87386,3129,3283,3495,3515,3204,3416,3773,4027,3289,3746,4842,5884,3413,3873,6145,12460,33.5081,26.1104,8.59662,47.6627
87387,5504,9500,6851,4217,4472,5244,4693,3914,3621,3741,3725,3419,3291,3376,3359,3178,-29.7556,-4.50479,8.67283,48.07
87388,3431,4027,5121,7199,3415,3923,5918,9227,3255,3533,4284,5252,3110,3340,3662,3687,-11.2392,22.6946,8.6581,48.256
87389,4938,4060,3422,3278,8366,4992,3760,3356,8321,4883,3738,3303,4703,4232,3548,3203,-0.109671,-30.5035,8.89992,48.0687
87390,11734,7180,4099,3356,5989,4833,3832,3460,3872,3755,3549,3151,3227,3334,3215,3082,-27.1718,-22.5548,8.96979,47.7787
87391,9333,8824,4609,3699,5342,5126,3970,3533,3830,3908,3501,3339,3391,3353,3233,3058,-30.7595,-15.8297,8.70913,48.0327
87392,3360,3809,4587,4527,3547,4320,7255,6115,3375,4218,6188,5791,3311,3532,4191,4232,-1.94616,12.9623,8.88039,48.2387
87393,3619,4854,8474,7062,3671,4321,6363,5630,3296,3635,3997,3851,3189,3425,3487,3489,-19.4621,12.0952,8.88683,48.242
87394,3077,3418,3653,3840,3332,3671,4446,5284,3403,3984,5923,9095,3379,3825,5121,6772,9.77859,21.8476,8.50998,48.1487
87395,3194,3507,3915,3714,3588,4253,5491,4459,3709,5003,8129,5497,3581,4307,5177,4553,6.44362,8.44943,8.96178,48.0513
87396,3157,3383,3563,3365,3435,4039,4337,3870,3857,5075,7253,4990,3983,5371,7450,5309,15.6243,6.61225,8.64357,48.2913
87397,3576,3466,3268,3173,4400,4069,3628,3297,7622,5846,4009,3464,8348,6610,4102,3401,16.4552,-19.3404,8.68014,48.186
87398,6736,5880,4014,3440,7722,6870,4145,3549,4696,4369,3681,3290,3689,3630,3316,3184,-12.0743,-16.6967,8.81211,48.1407
87399,3240,3531,4065,4720,3425,3726,5127,7744,3311,3772,5220,8244,3352,3558,4118,4786,0.807363,23.5587,8.78318,47.9593
87400,10815,6988,4142,3346,6390,5092,3976,3460,3987,3862,3444,3171,3401,3362,3106,3132,-23.476,-20.9854,8.95609,47.7827
87401,3598,3652,3302,3095,4644,4241,3543,3228,7799,6013,3957,3428,7881,6055,4045,3401,14.6291,-19.4544,8.53147,47.9213
87402,3187,3271,3357,3291,3441,3667,3809,3561,3815,4520,5324,4576,4090,6513,9796,5802,27.67,5.45396,8.91313,48.0133
87403,3657,3931,3709,3366,4392,5457,4276,3711,5124,8006,5456,3924,4353,5050,4363,3629,6.03344,-5.87377,8.94891,48.2693
87404,3353,3882,6026,12648,3370,3834,4583,6003,3336,3453,3928,3912,3217,3228,3387,3376,-29.1507,29.8092,8.55618,47.6907
87405,3679,3854,3880,3374,4138,5447,4714,3939,4506,7110,6288,4192,4160,4659,4628,3877,5.24759,-2.12102,8.61127,48.2967
87406,6208,4830,3722,3375,9737,5600,3825,3384,6040,4564,3572,3298,4171,3732,3323,3226,-7.20507,-25.1139,8.81676,48.4047
87407,3462,4462,8472,9693,3478,3882,5169,5705,3227,3516,3881,3896,3058,3187,3356,3309,-28.1084,16.8526,8.80912,47.8353
87408,3055,3309,3540,3646,3309,3550,4133,4913,3403,3730,5144,9389,3399,3860,5083,8212,13.3702,27.8337,8.74887,47.7833
87409,3379,3394,3393,3123,3650,3865,3708,3468,4615,5425,4522,3735,5897,9704,6373,4103,25.4527,-5.78074,8.81936,48.236
87410,6033,4681,3644,3414,9655,5214,3787,3295,6269,4449,3558,3291,4065,3842,3495,3122,-6.26663,-31.6055,8.69976,47.876
87411,4685,4083,3625,3183,8101,5004,3714,3315,8283,4917,3713,3404,4914,4258,3554,3225,0.475958,-27.9394,8.87058,47.9853
87412,3064,3216,3330,3406,3243,3385,3902,4072,3335,3694,4852,6720,3468,3861,6165,12119,23.5283,27.3309,8.96961,47.888
87413,3299,3785,4913,5493,3325,4070,6688,8310,3270,3744,5104,5823,3149,3548,3851,3879,-6.04227,18.0133,8.95274,48.1673
87414,3169,3383,3666,3507,3541,3859,4521,4232,3702,4612,7578,5983,3796,4602,6711,5673,13.1895,10.8303,8.66858,48.3567
87415,4030,3980,3622,3368,5313,5933,4187,3506,6074,7477,4374,3553,4680,4795,3857,3526,3.4957,-11.7752,8.51813,48.1833
87416,3811,4823,7694,6274,3762,4457,6992,5653,3389,3772,4251,4023,3119,3314,3374,3398,-16.8521,10.6669,8.76708,48.0707
87417,9348,8202,4493,3500,5862,5376,3994,3469,4019,3862,3484,3385,3300,3408,3157,3099,-24.7659,-16.8372,8.57028,47.972
87418,3282,3416,3360,3204,3652,3773,3705,3496,4249,4970,4944,4100,4974,8654,7809,4470,33.0408,-1.32493,8.62507,48.0387
87419,3237,3435,3287,3177,3836,3846,3585,3339,5283,5236,4168,3511,8256,9080,4893,3542,32.2894,-13.8558,8.62827,47.8073
87420,3135,3252,3396,3398,3155,3353,3823,4197,3285,3739,5011,7314,3369,3947,5867,11477,21.0808,28.6561,8.7855,47.812
87421,3590,3450,3315,3144,4419,4029,3519,3251,7908,5519,3922,3335,9351,6112,4038,3406,17.2562,-22.2652,8.96113,48.2053
87422,3642,3551,3333,3097,4712,4059,3520,3184,9106,5116,3839,3357,8716,5340,3883,3345,14.5224,-30.1029,8.7174,47.8667
87423,4560,4008,3622,3248,7481,4969,3652,3321,8946,5262,3678,3378,5124,4279,3684,3325,1.91844,-26.4376,8.81407,48.358
87424,5372,7978,5875,3955,4924,6669,5048,3770,3711,4225,3799,3472,3303,3466,3423,3287,-17.798,-6.08079,8.53947,48.1847
87425,4312,6237,6698,4577,4252,5924,6523,4410,3593,4046,4257,3686,3338,3530,3492,3307,-15.6274,1.34078,8.72915,48.1213
87426,3173,3390,3624,3528,3377,3837,4557,4259,3582,4425,7679,6577,3512,4408,6218,5849,12.1626,13.0876,8.81396,47.9967
87427,3258,3441,3467,3196,3561,3765,3906,3691,4001,5285,5754,4416,4507,7135,7961,4965,20.8041,1.8195,8.93343,48.206
87428,3570,4270,6008,5934,3497,4377,7508,6829,3381,3952,4672,4509,3183,3452,3628,3681,-11.1722,14.2252,8.65245,48.3007
87429,8551,5646,3939,3387,8561,5424,3890,3468,4689,4066,3534,3269,3607,3451,3263,3132,-14.8092,-23.7517,8.5377,47.918
87430,3147,3299,3619,3621,3262,3604,4040,4473,3323,3885,5188,8608,3332,3980,5327,9051,15.6426,32.7347,8.63624,47.8393
87431,3281,3465,3545,3455,3493,4020,4484,3792,3969,5610,7589,4846,3904,5236,6442,4910,12.9497,4.96624,8.76945,48.0273
87432,10689,7816,4361,3339,5911,5052,4001,3477,3986,3847,3402,3269,3444,3381,3176,3063,-26.1171,-19.4327,8.78607,48.1427
87433,4350,4332,3685,3406,5887,6768,4324,3517,5758,6658,4198,3506,4385,4316,3780,3474,-0.0751739,-12.5652,8.61468,48.2293
87434,3563,4574,8637,9214,3506,4065,5291,5759,3343,3629,3823,3860,3048,3329,3303,3358,-25.0806,16.3054,8.97462,48.2013
87435,5467,6727,4555,3714,5727,7621,4951,3744,4210,4335,3794,3472,3527,3672,3456,3286,-12.8884,-9.81757,8.66906,48.172
87436,5028,7415,5774,4122,4782,7019,5585,3940,3859,4174,3984,3510,3386,3466,3513,3131,-16.2072,-4.22179,8.79794,48.4587
87437,7531,5151,3814,3276,9580,5354,3941,3375,5073,4241,3566,3198,3744,3655,3297,3113,-11.9926,-25.4767,8.65563,47.9393
87438,3346,3586,3528,3392,3690,4220,4236,3824,4359,6593,6713,4424,4357,5867,5871,4359,13.0632,0.239597,8.79621,48.2433
87439,3364,4140,7055,10491,3290,4016,5252,6550,3259,3400,3949,4076,3029,3226,3557,3416,-22.2472,20.4608,8.89224,48.0467
87440,3245,3366,3365,3205,3670,3910,3702,3318,4523,5627,4862,3923,5554,9211,6656,4293,23.1698,-4.55812,8.9791,48.2867
87441,3062,3200,3452,3481,3343,3532,4201,4193,3618,4339,6501,6246,3614,4575,7636,7330,17.7414,14.0389,8.81924,48.2153
87442,4470,6282,6800,4616,4179,5881,6639,4454,3679,3981,4105,3788,3266,3444,3393,3274,-16.028,1.31334,8.78512,48.1673
87443,3439,4204,7334,8926,3531,4097,5746,6782,3178,3515,3970,4185,3040,3214,3381,3445,-19.5066,18.3794,8.95315,47.9913
87444,3264,3325,3488,3421,3385,3678,4087,4028,3519,4278,6413,5970,3643,4593,7869,7241,18.8628,13.3815,8.57683,48.1347
87445,3472,3869,5474,8875,3472,3856,5179,8776,3212,3529,4102,4488,3170,3317,3539,3580,-15.1015,32.9042,8.65158,47.94
87446,6437,6221,4245,3597,6827,7006,4232,3544,4539,4416,3709,3396,3700,3715,3404,3150,-13.0621,-15.2115,8.50305,48.092
87447,3131,3342,3474,3531,3279,3485,4135,4397,3461,3994,5941,7961,3346,4030,6200,8261,15.5951,19.9222,8.87919,47.9787
87448,3195,3413,3578,3550,3482,3836,4545,4211,3671,4647,7973,6147,3567,4410,6551,5497,12.0554,10.8336,8.99204,48.182
87449,3709,4145,4133,3759,4115,5881,5829,4121,4276,6113,6089,4089,3816,4355,4178,3696,0.602748,-0.406577,8.76981,48.2027
87450,3608,4522,7986,8788,3461,4255,5784,6095,3257,3586,3781,3994,3017,3305,3348,3453,-21.0898,16.2303,8.99319,48.16
87451,5289,8510,6143,4160,4758,6167,5040,3902,3696,3938,3862,3578,3258,3467,3400,3130,-19.7239,-5.16342,8.62979,48.1987
87452,3359,3813,5581,9913,3424,3875,5071,8486,3256,3465,4008,4480,3116,3203,3376,3508,-16.8774,30.0089,8.89422,47.956
87453,4898,6200,4862,3843,5035,7986,5474,3901,4043,4467,4068,3679,3567,3646,3436,3294,-11.4849,-6.17231,8.79425,48.266
87454,3285,3314,3210,3181,3681,3801,3665,3476,4635,5378,4625,3845,5705,9399,6342,4219,24.66,-5.37761,8.76693,47.8407
87455,3774,5177,9443,7532,3566,4200,5517,5332,3343,3589,3857,3842,3043,3236,3421,3299,-25.1918,11.6653,8.70721,48.114
87456,3440,4129,7833,10784,3421,3826,5026,5915,3302,3449,3848,3792,3177,3370,3372,3422,-29.0881,19.2874,8.89897,48.0707
87457,3345,3443,3509,3200,3708,3898,3735,3545,4454,5989,5247,4039,5129,8126,6650,4291,19.7871,-2.68264,8.8644,48.2053
87458,4302,6584,7561,4814,4088,5525,6189,4471,3619,4068,3908,3694,3188,3407,3408,3244,-17.9944,2.07266,8.63181,48.0467
87459,3218,3322,3352,3254,3373,3530,3859,3781,3549,4402,5463,4903,3857,5553,9794,7162,27.0898,9.93215,8.65577,48.248
87460,5090,6648,5022,3793,5180,7850,5251,3833,3997,4470,3952,3513,3403,3648,3515,3278,-13.1015,-6.90708,8.87122,48.2953
87461,3418,3355,3258,3205,3732,3817,3362,3359,5921,4737,3732,3390,12350,5967,4011,3419,30.4413,-33.2,8.6145,47.3553
87462,6828,4827,3680,3156,9928,5326,3884,3276,5713,4517,3589,3202,3926,3590,3368,3082,-8.99414,-27.3097,8.87071,47.928
87463,3778,3708,3517,3243,5206,4687,3735,3315,8023,7018,4209,3557,5831,5280,3977,3380,8.85708,-17.1677,8.79049,48.3093
87464,3168,3337,3421,3372,3369,3694,3798,3654,3817,4637,5093,4546,4090,6590,9663,5576,31.693,5.15277,8.9093,47.8833
87465,3711,4622,8049,7160,3722,4314,6282,5858,3411,3669,4054,4174,3088,3368,3442,3406,-18.9107,13.2527,8.52354,48.22
87466,3182,3287,3304,3309,3281,3399,3765,3955,3360,3811,4645,5887,3381,3904,5897,12741,33.2128,30.3494,8.72849,47.4053
87467,11600,6126,3998,3374,7086,4930,3953,3336,4099,3978,3359,3211,3433,3351,3191,3147,-22.1052,-26.8513,8.51588,48.1147
87468,3201,3681,4374,5245,3264,3676,5147,9159,3320,3634,4742,7370,3241,3536,3951,4373,-3.18858,27.5754,8.67859,47.9427
87469,3297,3416,3521,3222,3741,4065,3960,3597,4362,6006,5940,4195,4634,7009,6680,4488,17.2784,-0.749948,8.98245,48.0887
87470,3573,4013,3956,3602,4140,5464,5250,3814,4344,6778,6338,4136,3881,4551,4539,3863,3.41486,-1.11383,8.92322,48.1613
87471,3098,3352,3517,3464,3333,3794,4315,4253,3602,4459,7182,6443,3560,4451,6969,6442,14.8969,13.0841,8.97316,48.156
87472,7553,5200,3823,3355,9698,5429,3822,3438,5153,4106,3690,3259,3757,3646,3324,3126,-11.5547,-26.2208,8.97307,48.2527
87473,4222,6866,9303,5496,3935,4710,5270,4502,3470,3724,3882,3557,3188,3283,3328,3309,-28.8234,4.17529,8.57323,48.03
87474,3147,3221,3313,3432,3287,3600,3936,3807,3582,4133,5183,5205,3663,4968,9292,8122,26.8597,12.7883,8.68041,47.9273
87475,3385,3255,3232,3192,3844,3694,3438,3269,5973,4775,3848,3494,12570,6144,3873,3552,28.5104,-33.8279,8.71956,47.692
87476,3838,5518,9684,6916,3750,4309,5512,4887,3376,3663,3799,3697,3124,3197,3371,3229,-26.6376,9.6401,8.55741,47.9133
87477,3469,3616,3426,3140,4146,4352,3736,3499,5745,7587,4639,3684,5831,6982,4759,3713,14.0903,-10.2701,8.98533,48.216
87478,4420,4796,4113,3516,5293,8047,5039,3786,4465,5847,4475,3612,3876,4004,3683,3361,-4.69019,-7.23573,8.7565,48.222
87479,3881,4092,3738,3460,5072,6407,4497,3583,5296,7298,4733,3744,4236,4710,3956,3641,2.05908,-8.68153,8.5193,48.2293
87480,3344,3447,3307,3107,3972,4160,3627,3366,5729,6121,4353,3513,7225,8392,4781,3752,19.455,-12.4393,8.72783,48.1307
87481,4172,4086,3390,3154,5973,4877,3765,3303,8841,6323,3937,3406,5553,4716,3739,3237,5.66821,-20.6643,8.67043,48.3147
87482,3371,3581,3836,3797,3675,4487,5583,4248,3972,5487,7972,4997,3876,4393,4928,4184,5.22944,5.294,8.73425,48.258
87483,6783,5125,4031,3296,9116,5960,3902,3412,5263,4532,3605,3291,3797,3739,3329,3076,-9.85361,-22.0143,8.63855,48.1713
87484,3375,3491,3290,3164,3844,3806,3455,3292,6159,4764,3731,3331,12675,6144,3841,3314,29.3903,-30.5224,8.79597,47.784
87485,4306,3872,3437,3283,6762,4644,3693,3286,9525,5160,3875,3359,5441,4480,3589,3307,4.56075,-33.4979,8.97331,48.0127
87486,3130,3230,3457,3237,3423,3769,3892,3705,3962,4634,5328,4451,4269,6816,9480,5493,25.7967,4.31675,8.80336,48.184
87487,3496,3971,4512,4080,3780,4936,7283,5042,3788,4788,6605,4764,3432,3824,4085,3949,-1.46771,6.9695,8.60684,48.2233
87488,3308,3596,3901,3650,3592,3977,4852,4312,3792,4959,8288,5746,3575,4373,5747,4856,8.92698,8.79694,8.65682,48.3493
87489,4945,8132,7787,4606,4173,5416,5231,4156,3548,3791,3734,3515,3224,3308,3394,3233,-23.1052,-0.653265,8.67294,48.1287
87490,3665,4731,8761,8460,3491,4009,5376,5599,3289,3585,3949,3993,3165,3155,3377,3328,-24.2528,14.4894,8.56979,47.9553
87491,12247,6492,4142,3371,6027,4852,3875,3287,3913,3807,3428,3216,3398,3524,3280,3144,-31.5655,-24.7652,8.58093,48.002
87492,4551,6350,5898,4326,4605,6797,6041,4295,3770,4193,4193,3742,3374,3476,3564,3393,-14.3112,-1.50369,8.64138,48.3787
87493,3064,3243,3491,3538,3255,3449,3868,4066,3345,3896,5064,6929,3409,3993,6413,11193,21.6841,24.7848,8.68677,48.144
87494,3404,3354,3354,3276,3678,3806,3653,3441,4486,5161,4652,3820,5482,9669,6728,4242,33.7359,-4.65045,8.92982,48.1373
87495,3074,3179,3395,3392,3233,3398,3834,3941,3417,3709,4858,6243,3369,3986,6470,12088,26.2217,25.2685,8.78937,47.724
87496,3043,3174,3393,3395,3190,3506,3764,4001,3381,3751,4963,6970,3428,3983,6216,11799,22.4942,27.8635,8.99621,47.9713
87497,3314,3756,5207,8538,3375,3846,5171,9346,3302,3502,4105,4890,3164,3165,3589,3634,-13.8552,30.0933,8.80539,47.936
87498,3099,3332,3404,3316,3321,3694,3808,3778,3748,4433,5243,4820,3872,5690,9995,6823,28.2384,8.94032,8.75835,48.2507
87499,3363,3775,4494,4506,3523,4485,7224,5853,3425,4333,6373,5530,3361,3759,4324,4139,-1.30466,11.9877,8.54152,48.3113
87500,3221,3492,3340,3248,3687,3852,3860,3488,4589,6285,5057,3936,5152,8235,6439,4138,19.6727,-3.82964,8.88014,48.0127
87501,3463,3503,3285,3152,4238,4275,3647,3338,6271,6739,4310,3539,7066,7394,4473,3611,16.4746,-13.5654,8.99094,48.2027
87502,3593,4622,7701,8035,3520,4116,6014,6259,3324,3555,4047,4148,3142,3241,3544,3307,-19.6912,15.4797,8.63129,48.112
87503,3280,3758,5108,7149,3296,3872,5331,9637,3434,3579,4185,5382,3153,3211,3723,3907,-10.3641,26.7752,8.50077,48.0033
87504,3296,3363,3307,3204,3619,3836,3709,3596,4329,5520,4835,4008,5206,8605,7025,4359,23.8623,-2.56686,8.51075,47.878
87505,5402,4467,3607,3224,9334,5145,3774,3367,7139,4641,3765,3351,4273,3920,3479,3231,-3.5831,-29.5326,8.61543,48.0793
87506,3259,3927,6027,12694,3397,3733,4716,6072,3224,3458,3647,3909,3183,3248,3328,3420,-32.3591,28.875,8.84446,47.4947
87507,3801,4380,4551,3915,4085,5885,6939,4480,3974,5201,5808,4337,3617,3917,4099,3634,-2.78819,2.34901,8.70848,48.4153
87508,3255,3219,3434,3451,3151,3484,3800,3871,3438,4063,5105,5602,3503,4487,8487,9718,31.0005,16.885,8.96211,48.0453
87509,11238,7374,4238,3447,5702,5017,3916,3391,3989,3875,3454,3154,3439,3408,3227,3143,-29.2101,-20.5218,8.7546,48.008
87510,3059,3171,3328,3480,3233,3526,3855,4197,3450,3862,4938,7105,3512,3917,5670,11185,20.8107,31.6973,8.73626,47.6587
87511,3293,3333,3376,3124,3753,3878,3631,3460,4864,5260,4326,3678,6634,9910,5586,3818,31.4208,-9.00668,8.71014,47.9493
87512,3295,3317,3254,3365,3669,3819,3587,3452,4343,5045,4727,4006,5158,9169,7424,4378,31.4884,-3.02274,8.75842,48.0053
87513,3481,3355,3243,3153,3942,3747,3463,3231,6015,4733,3697,3330,12583,6099,3874,3479,31.6475,-27.6734,8.91627,47.6167
87514,3447,3427,3139,3097,3734,3918,3615,3422,5172,5464,4204,3688,7531,9336,5106,3682,24.6061,-11.4205,8.60956,47.988
87515,3269,3414,3471,3139,3680,3851,3732,3371,4545,5737,4799,3867,5673,9115,6417,4043,22.793,-5.3526,8.8757,48.082
87516,6341,9646,6007,4031,4740,5348,4506,3758,3749,3763,3663,3480,3335,3363,3354,3111,-26.0332,-7.5053,8.64337,48.13
87517,3095,3282,3397,3395,3303,3555,3799,3700,3636,4300,5252,5054,3729,5427,9673,7249,32.6387,10.7182,8.7425,47.8973
87518,5908,4517,3777,3234,9730,5208,3788,3387,6565,4592,3650,3193,4250,3961,3410,3116,-5.31253,-27.7084,8.94346,48.1907
87519,4483,4487,3780,3334,5905,6889,4376,3505,5668,6556,4368,3565,4084,4240,3755,3405,-0.816677,-12.0588,8.6584,48.2667
87520,8546,9177,4810,3655,5365,5387,4082,3590,3824,3687,3571,3303,3324,3421,3312,3061,-26.672,-13.8974,8.75928,48.0767
87521,3260,3273,3416,3194,3594,3836,3783,3578,4175,4812,5024,4310,4498,7749,8405,4934,32.8362,1.1948,8.62278,47.894
87522,3053,3319,3573,3689,3229,3578,4300,4872,3537,3897,5952,8550,3264,3931,5642,7499,13.1089,21.3338,8.58535,47.9233
87523,4581,5059,4212,3453,5270,8178,5240,3807,4514,5635,4279,3568,3689,3939,3679,3372,-5.74435,-7.59211,8.92515,48.3167
87524,4683,4159,3656,3228,7511,5790,3955,3400,7311,5718,3939,3367,4629,4277,3594,3306,-0.267027,-19.554,8.75035,48.3487
87525,3453,4022,6000,12304,3148,3790,4863,6223,3174,3463,3817,3971,3121,3175,3350,3455,-25.4518,32.6611,8.86216,47.5527
87526,3499,3562,3449,3296,4133,4864,4412,3582,4892,8090,5581,3841,4716,5842,4790,3870,10.0808,-5.43693,8.93694,48.2793
87527,3162,3173,3432,3397,3218,3454,3792,4002,3339,3907,5093,5894,3393,4189,7555,10755,32.8673,19.6951,8.64883,47.8367
87528,3075,3206,3503,3683,3323,3588,4149,4520,3504,4040,5708,7837,3454,4037,6256,8257,15.8147,20.048,8.73777,48.0933
87529,3412,4262,7169,9704,3525,3924,5471,6563,3341,3567,3939,4160,3028,3268,3480,3342,-21.334,19.1795,8.5988,48.1033
87530,3416,3321,3226,3223,3895,3782,3520,3382,5669,5146,4033,3504,9990,7980,4170,3512,33.8132,-18.1286,8.58654,47.846
87531,4770,4225,3604,3227,8177,4997,3791,3257,8122,5056,3780,3305,4785,4270,3547,3291,-0.233588,-25.6996,8.79244,48.136
87532,3181,3781,5003,5514,3423,4103,6482,8496,3355,3691,4965,5822,3121,3467,3795,4077,-6.14463,19.3571,8.74547,48.184
87533,3356,3750,4166,4132,3689,4505,6474,5271,3674,4628,7239,5419,3388,3871,4538,4351,1.60651,10.0108,8.66414,48.3007
87534,4446,6661,6550,4517,4384,6256,6232,4255,3598,4083,4199,3655,3367,3455,3444,3317,-16.2111,0.0885188,8.77451,48.2793
87535,3232,3440,3557,3518,3540,3815,4395,4053,3774,5034,7414,5374,3796,4857,7026,5546,14.2063,8.22397,8.57779,48.2473
87536,4675,5531,4307,3645,5576,8221,5193,3724,4358,5124,4139,3530,3642,3811,3601,3267,-8.05737,-8.48428,8.67406,48.2293
87537,3182,3183,3585,3769,3232,3593,4065,5004,3421,3763,5233,9470,3406,3907,5203,8249,12.7341,27.399,8.79454,48.1767
87538,3347,4066,6625,12238,3388,3761,4691,5987,3196,3348,3771,3947,3175,3176,3469,3418,-31.3353,24.5589,8.84712,47.7353
87539,6813,6559,4261,3459,7275,6618,4287,3511,4469,4353,3750,3279,3580,3623,3280,3113,-14.3753,-16.076,8.54453,48.1533
87540,3207,3496,3569,3405,3508,3888,4163,3914,3994,5483,6858,4801,4169,5877,7378,4972,16.3601,4.06645,8.86118,48.4547
87541,10661,7815,4325,3382,6056,4995,3989,3426,3966,3871,3578,3184,3402,3318,3315,3124,-25.5651,-19.2433,8.83881,48.2713
87542,4238,4074,3604,3236,5683,5635,3965,3506,6845,6950,4277,3450,4963,4609,3869,3395,3.1883,-15.3561,8.9245,48.1993
87543,3448,3858,5334,8408,3296,3770,5192,9534,3212,3582,4101,4908,3181,3201,3572,3688,-13.3852,29.3485,8.96985,48.19
87544,3104,3325,3367,3334,3383,3475,3919,3748,3654,4445,5707,4806,3961,5702,9744,6488,24.6042,8.24953,8.83043,48.108
87545,3027,3194,3405,3359,3311,3605,3916,3881,3727,4387,5623,5033,3766,5412,9355,6850,23.8609,9.66338,8.59949,47.9007
87546,3412,3369,3210,3158,3947,3757,3601,3229,5685,5059,4014,3420,10488,7823,4304,3440,32.08,-18.8314,8.68836,47.944
87547,3310,3380,3257,3247,3572,3791,3737,3574,3957,4790,5193,4300,4396,7475,8969,5126,30.3613,2.41114,8.64496,48.0493
87548,4041,3800,3288,3174,6050,4852,3792,3353,9092,6007,3863,3290,5787,4723,3778,3296,6.16171,-21.4408,8.90477,48.124
87549,3402,3923,4956,5145,3509,4374,7215,6833,3411,4013,5422,5297,3292,3515,3923,4043,-5.13735,14.3933,8.56528,48.182
87550,3351,3677,3950,3733,3532,4321,5744,4481,3678,5004,7993,5406,3540,4153,4953,4461,5.02221,7.78418,8.73824,47.9847
87551,3275,3345,3413,3223,3514,3763,3698,3531,4110,4852,4931,4180,4882,8168,8197,4832,26.1378,-0.034899,8.80047,47.9427
87552,3080,3271,3469,3360,3269,3528,3785,4027,3395,3972,5016,5830,3325,4285,7586,10513,32.248,19.2286,8.6352,47.8073
87553,3463,3496,3295,3125,4184,4170,3624,3432,6454,6197,4191,3478,8047,7378,4296,3410,18.3727,-15.7922,8.72402,48.16
87554,3356,3746,4467,4318,3573,4275,7033,5952,3477,4158,6504,5731,3298,3694,4374,4319,-0.72132,12.4235,8.93178,48.1833
87555,5150,8191,6634,4237,4522,5855,5189,4101,3623,3941,3909,3502,3270,3509,3263,3191,-20.532,-3.04381,8.56048,48.058
87556,3366,3369,3237,3232,3687,3811,3551,3215,5065,5292,4190,3597,7416,9996,5324,3697,30.1026,-10.9761,8.93451,48.03
87557,3332,4073,6662,10782,3387,3866,5122,6877,3149,3491,3923,4144,3115,3195,3331,3397,-21.5363,22.6996,8.83261,47.8973
87558,12691,6037,3979,3441,6031,4816,3773,3449,4011,3734,3366,3235,3366,3295,3216,3161,-28.3997,-31.0423,8.68972,47.734
87559,3165,3570,4157,4797,3249,3799,5026,8189,3345,3798,5087,8155,3226,3576,4187,4831,-0.00748168,25.1032,8.77798,48.1047
87560,3320,3385,3305,3210,3941,3890,3778,3431,5135,6011,4422,3684,6648,9114,5217,3752,21.951,-9.92226,8.62597,48.162
87561,3341,3322,3154,3252,3860,3755,3466,3267,6407,4825,3806,3301,12416,5979,3987,3292,25.1376,-33.699,8.90624,47.62
87562,3233,3242,3434,3398,3269,3408,3701,4004,3345,3792,4684,6005,3254,3813,6096,12712,31.1299,28.5379,8.69139,47.5933
87563,3399,3682,4030,3929,3649,4519,5737,4643,3723,4903,7900,5360,3587,4054,4904,4370,4.44435,7.9431,8.67631,48.2593
87564,3297,3353,3379,3183,3932,3742,3414,3149,5986,4828,3783,3306,12056,6571,3947,3352,32.116,-24.1442,8.82715,47.5187
87565,3556,3431,3352,3227,4533,4026,3541,3244,8660,5130,3875,3368,9389,5453,3833,3309,15.9781,-32.1013,8.91282,47.9513
87566,3346,3397,3229,3141,3931,3779,3445,3320,5897,4923,3840,3328,11718,6790,4143,3315,31.1181,-23.1567,8.52081,47.6947
87567,3551,3896,4935,4715,3621,4596,8051,6095,3488,4126,5534,5005,3255,3638,3945,3825,-5.26166,11.0998,8.73892,48.184
87568,4000,4555,4244,3932,4528,6780,5807,4089,4298,5799,5174,3857,3733,4060,4052,3575,-2.25335,-2.39106,8.60964,48.322
87569,3225,3207,3579,3386,3335,3727,3861,3870,3619,4331,5919,5394,3748,5076,8934,6989,21.2946,11.0678,8.75487,48.1333
87570,4450,7195,9193,5218,3974,4749,5129,4407,3452,3610,3787,3554,3298,3422,3322,3387,-30.0574,2.82027,8.7587,48.098
87571,3581,3781,3646,3378,4388,5160,4327,3635,5035,7875,5570,3948,4430,5203,4474,3734,6.92996,-5.96753,8.62732,48.11
87572,3153,3502,3930,4272,3280,3709,4857,6516,3349,3921,5738,9006,3271,3767,4669,5438,4.69321,22.1561,8.88853,48.252
87573,3413,3445,3176,3021,4260,4211,3576,3332,6444,6550,4300,3561,7533,7565,4474,3534,17.3326,-14.6297,8.92805,48.2633
87574,3382,3362,3277,3260,3833,3725,3359,3196,5951,4749,3745,3302,12857,5939,3862,3437,31.0192,-30.8533,8.97843,47.4907
87575,3472,4187,7608,10935,3340,3947,4884,5808,3216,3538,3968,3917,3157,3194,3305,3437,-29.4833,19.9059,8.74151,47.942
87576,3693,4652,7026,5534,3777,4740,7731,5651,3423,3695,4331,4110,3191,3345,3540,3553,-13.8482,9.41233,8.70607,47.9947
87577,3505,3468,3405,3158,4099,4506,3968,3528,5242,7782,5452,3886,5116,6686,5026,3816,13.2733,-6.78061,8.73106,48.4287
87578,3151,3413,3990,4461,3370,3660,4806,7472,3307,3710,4990,9150,3271,3659,4262,5301,2.38846,28.5029,8.91854,47.982
87579,3993,4584,4859,4094,4135,6265,7336,4517,3820,4771,5257,4081,3457,3790,3883,3610,-6.01269,2.36549,8.73148,48.3013
87580,8940,7000,4212,3460,6929,5781,4013,3456,4351,3981,3632,3229,3520,3501,3268,3051,-18.5871,-18.9911,8.79499,48.216
87581,4029,4617,4523,3821,4510,7141,6211,4114,4197,5435,4984,3927,3652,3989,3817,3538,-4.30966,-1.88471,8.99255,48.3367
87582,3411,3945,5307,9047,3469,3867,5283,8994,3203,3587,4113,4686,3181,3161,3532,3524,-14.7044,27.7896,8.68465,48.2067
87583,3178,3368,3543,3543,3179,3522,4083,4827,3398,3786,5430,9198,3437,3899,5285,8634,13.9081,29.4961,8.83886,48.2067
87584,3219,3614,4207,4606,3359,3756,4929,7758,3275,3803,4986,8467,3279,3648,4130,4991,1.17625,33.5494,8.56331,48.018
87585,5781,9028,5958,3982,4736,6009,4700,3835,3671,3943,3809,3451,3260,3453,3270,3088,-21.7171,-6.52339,8.84118,47.9827
87586,4836,4209,3538,3169,7984,5104,3843,3340,7937,5296,3697,3397,4800,4202,3590,3157,0.0392898,-23.6936,8.62759,48.066
87587,3047,3233,3423,3471,3319,3615,3932,4257,3398,3767,5059,7314,3322,3985,5853,10899,20.2581,28.1679,8.53324,47.9293
87588,4684,4430,3716,3262,7360,6349,4013,3443,6354,5725,3875,3429,4380,4136,3568,3208,-2.2277,-17.3042,8.97403,47.9547
87589,3164,3289,3426,3390,3242,3609,3788,3877,3475,4117,5513,5641,3501,4765,8456,8877,24.2481,15.5495,8.68564,48.0867
87590,3423,4130,5910,7645,3477,4060,5994,8219,3294,3668,4304,4640,3061,3347,3529,3671,-13.7612,20.2508,8.94222,48.248
87591,3229,3320,3393,3465,3215,3564,3802,3855,3421,3947,5051,5707,3435,4340,8052,10118,31.4926,18.021,8.61101,47.9427
87592,3506,3624,3493,3295,4020,4700,4061,3594,5140,7890,5758,3936,4686,6103,4697,4021,11.0814,-5.75161,8.90323,48.3493
87593,3341,3344,3230,3291,3670,3948,3786,3473,4403,5517,4739,3945,5289,9167,7063,4287,23.9783,-3.59886,8.70798,48.3287
87594,7629,9014,4949,3762,5511,5704,4213,3479,3745,3973,3627,3390,3323,3350,3323,3242,-22.5962,-12.5219,8.78999,48.156
87595,12326,6024,3851,3378,6223,4839,3809,3424,3980,3783,3470,3262,3273,3484,3274,3111,-25.5492,-32.0346,8.5469,47.674
87596,4201,3969,3401,3244,6755,4581,3632,3219,9674,5241,3865,3366,5520,4481,3640,3266,4.55154,-31.4048,8.93844,48.0367
87597,3241,3387,3349,3121,3674,3834,3782,3626,4568,5355,4815,3910,5472,9219,6755,4276,24.4758,-3.99194,8.65001,48.256
87598,3160,3323,3550,3458,3363,3632,4208,4145,3747,4380,6974,6046,3628,4748,7692,6719,16.4691,12.3362,8.91286,48.5153
87599,3529,3479,3330,3074,4529,4174,3740,3211,7583,5800,4068,3429,8338,6193,4170,3449,16.1083,-19.8798,8.51385,48.064
87600,4733,4359,3555,3310,7816,5708,3787,3336,7261,5492,3924,3319,4637,4081,3577,3195,-0.76233,-20.3933,8.99233,48.06
87601,4530,5693,4985,4012,4761,7621,5959,4034,3972,4757,4252,3629,3477,3711,3621,3403,-10.239,-3.58147,8.65061,48.278
87602,3416,3429,3196,3162,4076,3990,3464,3201,6450,5387,3898,3484,9497,7421,4298,3574,21.5658,-18.7032,8.57148,47.962
87603,3358,3441,3281,3152,3923,3971,3547,3243,5299,6159,4490,3649,6738,8908,5240,3721,21.1372,-10.2331,8.7875,48.08
87604,10604,5855,3934,3363,7795,5052,3757,3426,4292,3903,3531,3175,3431,3417,3210,3050,-19.1317,-26.9853,8.81432,47.8633
87605,3351,3377,3167,3091,4042,3680,3421,3187,6208,4831,3725,3413,12929,6167,3978,3289,27.9941,-27.2365,8.85906,47.904
87606,7294,9486,5268,3678,5337,5723,4324,3589,3820,3836,3592,3284,3298,3363,3330,3251,-23.7986,-11.2487,8.90623,48.3153
87607,3073,3158,3385,3377,3306,3441,3947,3917,3470,3992,5099,5815,3452,4391,8041,10049,26.3747,18.0834,8.50861,47.942
87608,8287,8976,4918,3742,5501,5422,4140,3499,3861,3972,3583,3298,3309,3272,3205,3039,-24.3015,-13.6504,8.72451,48.016
87609,3985,4815,5163,4145,4158,6476,7422,4475,3798,4642,4972,3939,3396,3733,3720,3651,-7.85981,1.69982,8.77123,48.3267
87610,3280,3315,3427,3267,3503,3675,3876,3563,4051,5148,5430,4222,4442,7352,8354,4968,23.0422,1.8416,8.88793,47.9153
87611,3772,4075,3854,3545,4214,5933,5532,4050,4323,6607,6074,4150,3968,4339,4345,3808,2.05074,-1.12816,8.93503,48.3927
87612,3406,3568,3268,3186,3928,4053,3611,3337,5800,6134,4173,3601,7376,8134,4819,3731,19.6862,-13.0847,8.57666,48.0833
87613,3094,3255,3439,3333,3497,3738,3785,3795,3882,4591,5155,4698,4080,6392,9679,5967,28.1127,6.04237,8.64265,48.2533
87614,3145,3211,3364,3281,3266,3443,3828,3964,3322,3881,4793,6166,3345,3921,6364,12159,27.4936,25.6998,8.50589,47.6353
87615,6385,6421,4239,3535,6746,7221,4392,3607,4471,4406,3726,3426,3502,3508,3364,3166,-13.2848,-14.1897,8.91384,48.0767
87616,4866,4351,3576,3264,8070,5237,3846,3351,7868,5142,3775,3351,4824,4119,3581,3235,-0.00443812,-24.5196,8.51859,48.304
87617,3614,3393,3290,2952,4366,4027,3541,3213,7514,5784,3929,3473,9085,6623,4087,3448,17.614,-20.3881,8.65939,48.226
87618,3199,3506,3815,3787,3527,4193,5407,4923,3679,4422,7742,6507,3447,3856,5234,4925,6.6045,12.4215,8.86984,48.1127
87619,3564,3780,4293,4236,3735,4484,7019,5248,3551,4640,6910,5277,3413,3701,4356,4276,-0.242999,9.80619,8.93175,48.322
87620,11825,6066,3941,3328,6913,4957,3910,3498,4010,3888,3421,3282,3372,3405,3188,3129,-22.7106,-32.0264,8.60442,48.0887
87621,8505,5394,3845,3427,9195,5171,3711,3384,4768,4116,3614,3322,3593,3496,3381,3071,-13.8749,-29.469,8.54368,47.9953
87622,3241,3350,3316,3377,3320,3481,3685,3856,3427,3774,4638,5718,3357,3875,6007,12526,32.3535,33.8786,8.93523,47.2987
87623,3524,3543,3278,3191,4522,4029,3468,3137,8586,5158,3785,3420,9288,5390,3797,3358,15.8908,-29.8214,8.56576,47.6493
87624,5001,4545,3755,3373,7427,6376,4109,3351,6456,5492,3925,3457,4312,3964,3543,3235,-2.77959,-17.7354,8.87916,48.214
87625,3808,3960,3736,3335,4855,5604,4119,3420,5890,8091,4714,3620,4632,4926,3998,3516,5.10757,-10.0178,8.96554,48.1493
87626,3158,3283,3366,3226,3443,3746,3872,3633,4122,5149,5171,4132,4698,7858,8322,4881,24.4549,0.876492,8.54509,48.04
87627,3329,4054,5955,10000,3357,3907,5188,7761,3147,3503,3912,4520,3142,3270,3403,3533,-18.2677,24.0089,8.86384,47.9873
87628,4914,4345,3732,3274,7607,6062,4035,3477,6724,5561,3889,3328,4404,4266,3602,3270,-2.00633,-19.0259,8.80117,48.3267
87629,4264,4061,3506,3173,6850,4646,3699,3233,9323,5274,3786,3285,5502,4348,3713,3267,4.02769,-28.1268,8.56043,47.9533
87630,5852,4500,3635,3257,9355,5513,3754,3311,6474,4681,3763,3322,4177,3703,3440,3138,-5.84901,-24.3498,8.95654,47.9167
87631,7438,6306,4175,3432,7200,6448,4168,3453,4493,4285,3713,3415,3664,3569,3430,3125,-14.8868,-17.0943,8.52968,48.2093
87632,3039,3256,3480,3482,3132,3473,3994,4158,3402,3930,5247,6866,3403,4058,6874,10243,20.8292,20.6195,8.75691,48.0247
87633,3192,3301,3635,3841,3225,3679,4243,5324,3428,3872,5472,9703,3318,3818,4912,7296,10.861,29.6819,8.6607,48.1727
87634,4729,5153,4208,3528,6005,8064,4788,3651,4774,5467,4094,3600,3731,3890,3561,3210,-6.41097,-10.4653,8.61274,48.302
87635,3425,3508,3275,3142,4038,3967,3441,3239,6183,5433,3994,3466,9462,7661,4269,3578,22.3595,-17.7299,8.88523,48.054
87636,3158,3317,3453,3254,3613,3642,3760,3577,4192,5013,4859,4222,4801,8382,8217,4817,27.8517,-0.275624,8.7189,48.1847
87637,3481,4251,7453,11302,3415,3776,4990,6088,3186,3515,3741,3964,3114,3243,3440,3416,-25.4207,20.9906,8.75325,48.25
87638,3148,3251,3337,3467,3199,3382,3779,4030,3543,3765,4743,6049,3266,3962,6159,12340,32.5032,26.1068,8.96022,47.6133
87639,3397,3334,3262,3087,3839,3944,3592,3215,5611,5113,3875,3386,10286,8078,4289,3594,27.3364,-17.9158,8.9633,47.9347
87640,3486,3855,5356,6158,3528,4158,6743,8209,3315,3769,4689,5156,3093,3389,3669,3872,-9.78844,17.8249,8.98486,48.2967
87641,3397,3417,3164,3068,4108,3871,3419,3183,7163,5202,3849,3446,10867,6419,4142,3356,21.0052,-23.1799,8.84275,48.0473
87642,3512,3458,3255,3074,4205,4211,3661,3222,6789,6321,4229,3546,7523,7201,4325,3523,17.2901,-16.0393,8.58848,48.0367
87643,4161,5424,6132,4648,4137,6087,7330,4679,3700,4136,4524,3866,3325,3537,3624,3475,-12.3478,2.82328,8.6881,48.5233
87644,3139,3301,3456,3427,3326,3608,3842,3915,3628,4060,5267,5256,3572,4855,9113,8234,32.3523,13.4616,8.52326,47.9993
87645,3303,3521,4207,4865,3426,3763,4916,8249,3355,3760,4854,8072,3165,3579,4134,4758,-0.44414,26.9267,8.67584,47.9513
87646,5278,9019,6994,4463,4466,5289,4675,3937,3617,3768,3697,3414,3303,3423,3369,3359,-32.2612,-3.64563,8.57516,48.0473
87647,3781,3560,3247,3129,4898,4271,3556,3335,9024,5693,3837,3456,7694,5362,3928,3379,12.7113,-22.7873,8.9246,48.1
87648,3442,3363,3088,3073,4205,3855,3547,3181,7752,4948,3851,3373,10973,5711,3906,3378,19.2356,-30.2512,8.99944,47.764
87649,3258,3308,3388,3307,3441,3611,3913,3674,3745,4544,5310,4592,3841,6171,9778,6173,32.5336,6.80162,8.58416,48.036
87650,3261,3657,4354,5300,3289,3783,5148,9382,3334,3728,4725,7068,3134,3459,4028,4366,-3.55829,28.9907,8.53078,48.0107
87651,5119,8714,7191,4444,4342,5413,4824,4008,3663,3843,3737,3436,3209,3439,3265,3242,-24.2226,-2.45532,8.58874,47.926
87652,3242,3526,4051,4116,3588,3934,5632,5602,3436,4278,7206,6663,3449,3850,4762,4810,3.58641,13.9377,8.89472,48.0967
87653,3321,3512,3203,3102,4160,3945,3367,3189,6583,4833,3842,3415,11960,6113,3920,3319,24.0948,-26.8336,8.58115,47.856
87654,4226,4398,3908,3352,5528,6880,4503,3674,5226,6659,4476,3691,4081,4326,3692,3402,-0.704238,-10.2104,8.51762,48.0147
87655,3289,3547,3951,3827,3479,4110,5637,4726,3793,4737,8167,5801,3528,3913,4926,4602,5.55414,9.77328,8.72938,48.022
87656,4779,6241,5177,4029,4742,7597,5682,4028,4077,4453,4096,3442,3476,3644,3510,3254,-12.1173,-4.35206,8.6979,48.1513
87657,3367,3893,4416,4265,3630,4555,6764,5731,3541,4312,6586,5484,3518,3662,4385,4306,-0.735554,11.1805,8.64307,48.2767
87658,3434,4225,7221,10405,3465,3986,5290,6271,3226,3512,3827,4021,3086,3318,3363,3282,-23.5442,20.1088,8.53327,47.9547
87659,4763,8344,8001,4683,4153,4963,4823,4174,3535,3738,3693,3421,3367,3296,3329,3405,-30.4476,-0.404449,8.56311,47.792
87660,3171,3327,3287,3230,3478,3704,3693,3687,4062,4637,4959,4326,4460,7370,9373,5284,29.1484,2.70807,8.99383,48.032
87661,3432,3605,3601,3494,3673,4540,4707,3870,4264,6469,7128,4458,4094,5109,5443,4300,9.71835,1.688,8.65372,48.1247
87662,4534,7803,8671,4990,4020,4827,5018,4269,3484,3719,3722,3646,3254,3363,3408,3237,-31.9945,1.65034,8.64326,47.9767
87663,5897,4988,3913,3335,8475,6722,4146,3371,5490,4674,3600,3405,3912,3696,3442,3164,-8.09474,-18.7352,8.95775,48.1533
87664,3685,4217,5114,4717,3677,4924,8051,5527,3638,4225,5530,4603,3294,3673,3943,3730,-5.96668,8.64002,8.8651,48.3653
87665,3282,3965,5986,10050,3375,3880,5260,7738,3373,3514,4063,4417,3083,3262,3434,3644,-18.4121,25.303,8.65505,48.2173
87666,3200,3188,3421,3296,3321,3788,3897,3895,3790,4553,5800,4807,4019,5716,9265,6258,22.7986,8.02972,8.74823,48.1427
87667,5761,7270,4871,3782,5642,7353,4770,3708,4017,4268,3765,3422,3527,3570,3444,3223,-14.955,-9.59843,8.8112,48.262
87668,3291,3630,4287,5039,3293,3816,5067,8576,3316,3691,4955,7744,3171,3533,4175,4574,-1.32921,27.2045,8.53267,48.1053
87669,3237,3635,3800,3829,3427,4110,5504,4906,3549,4582,7940,6289,3503,3991,5149,4902,6.26575,11.8942,8.69426,48.2353
87670,5027,6493,4793,3755,5343,7929,5346,3912,4199,4471,3949,3488,3450,3498,3421,3267,-12.1737,-7.51303,8.81986,48.2273
87671,3043,3208,3251,3373,3414,3501,3918,3977,3455,3796,4842,6413,3395,4002,6388,12024,24.8711,26.3687,8.60539,48
87672,3570,3845,3600,3353,3956,4980,4631,3743,4590,7516,6205,4078,4252,5224,4746,3953,7.44333,-2.4092,8.64334,48.1613
87673,6969,5118,3786,3286,9433,5699,3888,3404,5312,4403,3561,3192,3846,3711,3330,3044,-10.4632,-24.0867,8.56856,47.988
87674,3585,3604,3263,3211,4917,4242,3564,3332,9329,5276,3749,3530,7882,5193,3941,3374,12.8384,-32.7946,8.5961,47.9947
87675,6602,4862,3794,3275,9811,5235,3921,3317,5502,4412,3545,3215,3869,3716,3360,3202,-8.82718,-32.3036,8.60856,47.7587
87676,3582,4352,6005,5433,3583,4570,7807,6459,3463,3766,4768,4550,3223,3535,3678,3521,-10.8731,11.8675,8.57733,48.1967
87677,3754,3916,3816,3486,4368,5786,4793,3718,4730,7518,5705,3951,4072,4770,4225,3730,4.15929,-4.2453,8.84402,48.2253
87678,3188,3366,3325,3133,3438,3728,3825,3689,3900,4627,5518,4475,4337,6786,9395,5518,25.5947,4.44193,8.62358,48.1653
87679,7885,9526,4879,3525,5185,5215,4234,3529,3734,3928,3623,3298,3367,3312,3228,3102,-33.8504,-12.3151,8.82881,47.7133
87680,3377,3436,3284,3131,4273,4002,3547,3293,7993,5028,3913,3293,9997,5729,3859,3462,17.7619,-33.9265,8.56697,47.7447
87681,3207,3718,4582,5734,3382,3791,5633,9450,3230,3690,4694,6356,3119,3471,4026,4185,-5.58734,24.3157,8.82415,48.1787
87682,12255,6056,3979,3443,6357,4982,3751,3380,3934,3817,3396,3183,3340,3378,3237,3172,-26.0952,-28.1277,8.60643,47.7733
87683,3367,3749,3842,3716,3560,4312,5347,4463,3724,5195,8127,5319,3711,4212,5248,4603,6.61569,7.67022,8.93555,48.33
87684,3395,3913,6429,12201,3464,3775,4826,5862,3247,3408,3824,3968,3152,3233,3315,3420,-31.2291,25.0186,8.70827,47.6213
87685,3066,3309,3449,3362,3460,3625,4077,4073,3640,4350,6172,5621,3670,4895,8344,7004,19.6018,12.3479,8.52865,48.078
87686,7319,5471,3987,3405,8489,6082,4169,3451,4962,4276,3601,3332,3733,3472,3358,3186,-12.3468,-20.7096,8.71073,48.1953
87687,4834,4855,3877,3386,6524,7410,4423,3522,5275,5908,4021,3397,3986,4089,3546,3309,-3.86123,-13.0172,8.80554,48.2413
87688,4814,4219,3539,3133,8136,5085,3773,3419,8486,5202,3750,3287,4755,4193,3562,3260,0.175073,-25.4755,8.988,48.4087
87689,3056,3344,3378,3391,3217,3337,3822,3908,3297,3834,4913,6718,3355,4059,5839,12292,23.6567,30.7998,8.97801,47.84
87690,3562,3472,3372,3026,4423,3981,3505,3265,7212,5375,3931,3399,9524,6748,4085,3511,18.9626,-20.893,8.52761,48.2607
87691,5398,8872,6744,4275,4353,5867,5019,4020,3629,3793,3772,3472,3341,3367,3373,3132,-22.2116,-3.84752,8.67848,48.2847
87692,5123,4326,3604,3308,8522,5520,3712,3339,7409,5141,3858,3369,4499,3971,3508,3224,-1.99945,-23.0062,8.76854,48.2887
87693,3066,3304,3382,3527,3288,3719,4237,4045,3793,4516,6785,5426,3742,5008,8180,6364,17.8819,10.1308,8.89971,48.2547
87694,3134,3361,3382,3221,3424,3738,3748,3550,3992,4810,5091,4310,4345,7578,8945,5160,33.2158,2.35656,8.93487,47.8593
87695,3488,4039,5957,8107,3421,3934,6024,8285,3270,3531,4180,4820,3026,3234,3491,3557,-14.5732,20.4465,8.78806,48.2427
87696,3443,3578,3369,3178,3736,4169,3877,3508,4937,6854,4952,3865,5450,8044,5544,3976,17.3264,-6.30274,8.82169,48.32
87697,3326,3403,3258,3073,3942,3773,3453,3271,6081,4610,3671,3369,12660,6008,3888,3381,28.597,-31.7188,8.7106,47.4447
87698,5370,5665,4138,3585,6193,7944,4669,3544,4666,4876,4022,3437,3696,3798,3500,3371,-9.21646,-11.8177,8.57064,48.316
87699,3465,4127,6874,10952,3394,3908,5154,6535,3322,3428,3937,3986,3092,3193,3361,3416,-23.1114,21.6022,8.53595,48.096
87700,3256,3511,3515,3584,3418,3907,4376,4136,3740,4827,7456,5608,3763,4780,6939,5372,13.6929,8.77847,8.50789,48.1253
87701,3297,3623,4326,4814,3468,4003,5906,7654,3413,3946,5410,6935,3233,3649,4302,4608,-1.01336,19.4201,8.80335,48.3913
87702,3317,3717,4731,5158,3403,4116,6657,7831,3461,3753,5206,5947,3211,3437,3947,4156,-4.66685,17.468,8.89944,48.032
87703,3304,3606,3979,4028,3438,4031,5601,5260,3573,4485,7818,6309,3410,4036,4901,4809,4.71997,12.2261,8.8395,48.392
87704,7653,5661,3906,3320,8490,6016,3945,3401,4805,4368,3623,3294,3671,3578,3249,3122,-13.1246,-21.3541,8.77143,48.068
87705,3367,3336,3170,3080,3831,3949,3564,3309,5108,5485,4294,3619,7891,9458,4997,3662,25.6238,-12.3645,8.9565,48.08
87706,3535,4013,6015,12944,3296,3739,4599,6172,3275,3403,3755,4017,3201,3165,3357,3350,-28.2405,29.6125,8.97061,47.8907
87707,3354,3266,3281,3107,3956,3719,3403,3342,5834,4825,3788,3492,12741,6043,3846,3517,29.1642,-30.9889,8.70729,47.676
87708,3619,4913,9392,7967,3550,4106,5301,5197,3326,3411,3862,3828,3323,3318,3385,3415,-33.8253,12.8281,8.82238,47.942
87709,7559,8227,4553,3593,6088,6236,4168,3655,4089,4135,3716,3282,3429,3328,3269,3148,-19.2929,-13.6687,8.94613,48.3167
87710,3253,3494,3689,3510,3581,4085,4514,4146,3822,5035,7909,5512,3686,4669,6295,5119,11.3757,8.10242,8.58207,48.2127
87711,7836,8089,4544,3540,5809,6049,4340,3551,3974,3928,3534,3291,3297,3530,3391,3143,-20.3438,-14.1554,8.65223,47.8973
87712,3333,3855,5558,8227,3433,3942,5643,8890,3316,3513,4189,4694,3171,3275,3575,3766,-13.6322,23.2543,8.7233,48.2533
87713,3364,3647,4052,4085,3395,4065,5900,5235,3563,4435,7413,6138,3344,3895,4755,4620,3.30931,12.0999,8.73615,47.9373
87714,3604,4285,6408,6538,3628,4270,6925,7173,3371,3734,4544,4408,3179,3361,3574,3677,-13.4559,15.4095,8.62638,48.4527
87715,5155,5115,4028,3466,6973,7542,4374,3607,5047,5245,4050,3399,3940,3921,3524,3304,-6.23311,-14.0509,8.65939,48.46
87716,3321,3315,3191,3212,3677,3876,3528,3384,5147,5311,4137,3637,7788,9615,5060,3679,28.8026,-12.0099,8.86079,47.9187
87717,3236,3490,4416,5053,3315,3732,5237,8849,3326,3704,4982,7548,3221,3543,4131,4630,-1.95351,25.7879,8.98661,48.2753
87718,4131,3975,3483,3074,6008,5103,3908,3506,8034,6632,4094,3411,5249,4792,3772,3354,4.7904,-18.2797,8.83489,48.3507
87719,3592,4244,5566,4841,3729,5132,8281,5542,3608,4169,5160,4449,3243,3578,3755,3695,-8.19016,8.513,8.82157,48.3893
87720,3126,3264,3350,3428,3455,3559,3959,3773,3666,4286,5972,5616,3782,5015,8884,7127,21.2877,11.6734,8.69681,48.1747
87721,3681,3589,3317,3226,4287,4484,3699,3389,7014,6939,4221,3600,6834,6574,4245,3609,13.8993,-15.1646,8.54753,48.472
87722,5229,4987,3866,3425,7403,7097,4136,3563,5418,5292,3845,3448,4018,3917,3545,3344,-5.98741,-16.0185,8.6784,48.3553
87723,3147,3356,3597,3468,3330,3714,4281,4396,3485,4107,6168,7267,3498,4250,6528,7963,15.995,17.7831,8.55429,48.37
87724,4099,3965,3368,3142,6566,4522,3774,3209,9575,5452,3875,3388,5886,4489,3672,3235,5.66041,-26.9481,8.8706,48.1447
87725,4401,4181,3564,3278,7102,5137,3704,3273,8278,5550,3832,3469,5095,4367,3589,3283,2.35471,-21.9573,8.5843,48.0687
87726,4186,5835,6576,4550,4099,6054,6744,4595,3670,4209,4274,3854,3460,3531,3484,3404,-14.1313,2.24261,8.62974,48.35
87727,3209,3289,3375,3312,3616,3849,4109,3676,4004,5276,6178,4508,4384,6399,8092,5076,19.4601,3.28662,8.95373,48.2347
87728,4299,3936,3451,3209,6914,4726,3622,3299,9360,5143,3815,3359,5544,4425,3612,3321,3.85791,-30.8069,8.61561,48.0233
87729,3416,4065,6855,12173,3467,3698,4879,5913,3243,3414,3745,3936,3135,3311,3507,3443,-30.2305,23.5696,8.88364,48.1333
87730,6532,9903,5994,4017,4648,5298,4425,3687,3650,3779,3642,3375,3222,3340,3198,3196,-26.295,-7.45628,8.89287,47.9373
87731,4131,6189,7300,4829,4104,5872,6594,4604,3548,4058,4059,3804,3248,3478,3351,3380,-16.6064,2.62823,8.76785,48.366
87732,3408,4000,4691,4506,3544,4574,7680,5874,3393,4288,6047,5133,3279,3544,3980,4119,-3.69745,11.042,8.94982,48.04
87733,6440,8025,4854,3763,5666,6809,4417,3620,4071,4147,3651,3379,3410,3436,3393,3133,-17.8905,-11.4506,8.85698,48.1427
87734,3337,3237,3231,3113,3684,3810,3528,3263,4910,5415,4361,3565,7245,9809,5209,3757,27.3215,-10.3417,8.77525,47.6493
87735,7185,7895,4694,3625,5961,6586,4220,3561,4112,4096,3539,3329,3462,3457,3276,3105,-18.0718,-13.4297,8.93663,48.0687
87736,3210,3234,3386,3422,3233,3550,3724,3941,3496,3841,4772,5767,3423,4078,6947,11782,32.3281,21.9312,8.96722,47.8707
87737,3209,3680,4515,5196,3383,3760,5234,8817,3357,3688,5023,7110,3282,3451,4071,4417,-3.08278,24.9294,8.68494,48.1287
87738,3650,3946,4184,3852,3956,5331,6353,4507,3952,5383,6662,4531,3601,4164,4412,3938,0.921858,3.30547,8.65478,48.2813
87739,5007,8704,7436,4445,4326,5164,4858,4020,3627,3877,3722,3527,3376,3344,3263,3288,-33.7024,-1.98195,8.64928,47.9893
87740,3400,3889,5069,6577,3318,3992,5933,9380,3183,3654,4421,5490,3118,3404,3739,3990,-9.45292,22.2912,8.87727,48.3713
87741,8069,9685,4944,3654,5171,5331,4274,3534,3721,3739,3525,3241,3423,3406,3314,3151,-30.8496,-12.7001,8.78011,48.1213
87742,3119,3182,3593,3587,3234,3567,4135,4829,3413,3829,5305,9329,3352,3786,5224,8454,13.5375,29.6304,8.99929,47.9587
87743,7304,7916,4722,3594,5907,6268,4337,3597,4207,4031,3599,3400,3585,3400,3280,3065,-18.5958,-13.3599,8.63703,48.1413
87744,4915,4408,3684,3344,7459,6450,4025,3494,6300,5602,3962,3367,4376,4131,3598,3292,-2.22578,-17.7697,8.58718,48.2713
87745,3179,3237,3460,3565,3292,3511,4173,4411,3461,3928,5546,7977,3456,3926,6123,9154,16.6479,21.9299,8.60016,48.266
87746,4515,6444,6175,4307,4291,6540,6116,4410,3780,4225,4183,3735,3588,3564,3520,3298,-14.8438,-0.783927,8.52002,48.4607
87747,3208,3287,3349,3339,3416,3597,3770,3734,3994,4723,5160,4438,4439,7254,9126,5435,27.4397,3.10514,8.67652,48.1793
87748,4212,4003,3397,3190,6832,4834,3756,3265,9091,5566,3797,3314,5422,4538,3679,3249,3.87855,-23.4444,8.85741,48.0967
87749,3986,3738,3299,3153,5951,4620,3701,3274,9324,5814,3908,3338,6298,4718,3721,3397,7.50796,-23.4235,8.60828,48.16
87750,3128,3240,3434,3570,3317,3506,3997,4582,3366,3856,5313,8781,3305,3870,5653,9401,15.889,25.4127,8.93964,48.2127
87751,4526,6914,7857,4915,4153,5347,5853,4426,3513,3835,3997,3660,3210,3373,3354,3282,-20.1367,1.84664,8.5625,48.1433
87752,3233,3344,3618,3481,3421,3767,4628,4275,3749,4886,7705,5829,3783,4600,6677,5639,12.7754,9.97887,8.80298,48.4233
87753,5400,9347,7272,4403,4339,5178,4761,3959,3712,3852,3717,3538,3219,3378,3298,3115,-28.2617,-3.40231,8.89628,48.3253
87754,3980,5827,9219,5956,3839,4751,5898,4870,3462,3832,3793,3770,3091,3294,3373,3302,-21.3487,6.89804,8.85152,48.1713
87755,3092,3183,3433,3463,3249,3602,4011,3961,3566,4356,6332,5566,3728,4857,8645,7257,19.9933,12.1911,8.99669,48.2007
87756,3360,3418,3339,3166,3782,3891,3658,3336,4820,5105,4494,3784,6325,9806,6059,3912,31.313,-7.50023,8.60965,48.17
87757,5725,8553,5899,4091,4855,6245,4843,3803,3813,3953,3816,3448,3159,3403,3262,3198,-20.0449,-6.44879,8.52543,48.044
87758,3295,3254,3315,3246,3391,3580,3714,3698,3696,4528,5258,4602,4040,6500,9910,5980,29.2177,5.77135,8.98602,48.0047
87759,7168,4893,3808,3239,9858,5179,3748,3352,5393,4418,3580,3317,3857,3593,3385,3217,-9.96133,-32.9365,8.87881,48.0033
87760,11385,6095,3977,3429,7220,4930,3855,3304,4093,3830,3508,3139,3482,3370,3280,3105,-20.9053,-26.9599,8.95161,48.0013
87761,3497,3987,6207,9302,3378,3848,5661,7937,3240,3535,4076,4311,3045,3321,3471,3525,-17.1737,21.5997,8.95596,48.2273
87762,4094,6474,9715,5829,3813,4591,5197,4489,3463,3672,3912,3715,3245,3294,3464,3303,-31.8141,5.42345,8.75237,48.18
87763,12377,5986,3901,3339,6040,4767,3692,3441,4016,3738,3350,3240,3506,3398,3255,3150,-33.1055,-26.925,8.64101,47.464
87764,12663,5885,3956,3467,6305,4722,3716,3418,3990,3892,3323,3224,3390,3456,3205,3191,-26.628,-31.1528,8.96103,47.8687
87765,5610,4527,3690,3301,9639,5319,3780,3367,6745,4621,3572,3368,4279,3896,3410,3124,-4.88465,-26.088,8.65923,48.1653
87766,2988,3198,3430,3478,3265,3482,3860,4267,3421,3742,5056,7635,3363,3784,5756,11149,20.0658,27.2461,8.95724,47.916
87767,3406,3370,3342,3148,3837,3867,3529,3317,5220,5267,4173,3598,7906,9503,5001,3597,27.2496,-12.2832,8.84544,48.054
87768,3194,3330,3714,3825,3255,3757,4514,5027,3447,4085,7133,8024,3429,3957,5432,6137,9.82567,17.1483,8.90205,48.1733
87769,3429,3406,3337,3190,4252,3946,3542,3275,7764,5078,3809,3327,10728,5771,3878,3364,18.9416,-32.9378,8.83471,48.064
87770,3563,3494,3293,3115,4501,4074,3531,3343,8627,5136,3855,3392,9419,5456,3846,3292,16.2292,-32.585,8.96597,47.958
87771,3326,3976,6523,12122,3341,3687,4771,6041,3249,3354,3810,3992,3061,3176,3392,3416,-32.0133,24.275,8.78076,47.4913
87772,3156,3282,3353,3437,3351,3456,3903,3848,3539,4176,5691,5550,3591,4830,8819,8103,22.7793,13.7417,8.88839,48.0567
87773,3626,3741,3623,3281,4313,5152,4266,3664,5129,8089,5246,3869,4633,5513,4465,3813,8.23191,-6.6223,8.92983,48.282
87774,3159,3206,3322,3418,3317,3570,3893,3946,3317,3740,4586,5731,3430,3861,5947,12236,32.8026,33.4451,8.74906,47.1193
87775,8699,5363,3926,3412,9045,5122,3730,3449,4839,4092,3457,3267,3514,3514,3242,3152,-14.3212,-30.5895,8.5592,47.882
87776,3465,3368,3152,3132,4181,3898,3501,3204,7321,5055,3802,3266,11506,5827,3887,3318,20.9534,-30.9098,8.98839,47.922
87777,3413,3327,3304,3232,3910,3837,3623,3221,5753,5147,3970,3549,9944,8021,4322,3440,33.8575,-17.3578,8.76113,48.0087
87778,3250,3232,3361,3180,3290,3649,3871,3694,3990,4827,5541,4533,4426,6957,9038,5322,23.7007,3.55348,8.54934,48.1073
87779,3170,3412,3397,3253,3539,3901,3853,3602,4281,5512,5541,4262,4741,7540,7525,4669,20.4273,0.00584952,8.93706,48.132
87780,3276,3390,3535,3376,3560,3849,4202,3881,3747,4995,7234,5260,3944,5124,7365,5587,15.78,7.57636,8.74291,48.2167
87781,3121,3415,3746,3889,3287,3632,4581,5456,3451,4088,6624,8650,3332,3829,5099,6033,8.17813,19.1888,8.90517,48.1553
87782,7750,5132,3742,3359,9677,5335,3805,3322,5176,4154,3524,3246,3633,3613,3296,3149,-11.8369,-27.561,8.91015,47.942
87783,3418,3383,3271,3143,3944,3682,3512,3257,5981,4748,3787,3262,12210,6036,3897,3427,30.6463,-28.7496,8.52292,47.3053
87784,3387,3412,3363,3155,3564,3776,3638,3470,4281,4973,4789,4069,5094,8895,7485,4380,31.4281,-2.16051,8.87822,47.8207
87785,3264,3476,3261,3109,3679,3801,3571,3419,4732,5309,4451,3778,6175,9920,6103,3997,27.8713,-6.92916,8.83725,48.03
87786,3771,3687,3297,3155,5374,4235,3593,3316,9772,5277,3866,3416,7157,4983,3620,3283,10.1868,-28.3628,8.60902,47.868
87787,4151,5699,7698,5101,3940,5423,6905,4815,3449,3953,4150,3879,3237,3418,3409,3401,-16.9611,4.53737,8.77562,48.4187
87788,3135,3161,3510,3568,3244,3514,4076,4638,3509,3744,5485,8580,3346,3918,5572,8993,15.4038,23.7629,8.84228,47.9953
87789,3347,3400,3233,3166,3899,3880,3386,3160,5969,4788,3789,3345,12104,6813,3930,3369,29.6916,-23.8212,8.68984,47.7187
87790,4730,6433,5281,4136,4585,7347,5853,4024,3887,4465,4029,3666,3399,3571,3405,3260,-12.7385,-3.4838,8.52642,48.0473
87791,3587,3560,3238,3195,4803,4096,3532,3249,8869,5425,3811,3410,8609,5394,3855,3365,14.4207,-26.0939,8.66409,47.9987
87792,3376,3944,5695,10790,3408,3746,5001,7702,3305,3508,3886,4262,3038,3208,3341,3565,-19.253,30.4625,8.6161,47.85
87793,3376,3566,3674,3531,3632,4228,4918,4152,3874,5586,8131,5086,3940,4610,5473,4579,8.65952,5.62199,8.94398,48.2373
87794,3229,3263,3429,3342,3554,3803,3820,3723,3783,4869,5973,4780,4160,6078,9050,5603,21.4113,5.68895,8.70467,48.306
87795,3555,3590,3699,3478,4137,4900,4423,3725,4803,7643,6023,4052,4327,5323,4774,3892,8.26374,-3.46574,8.59182,48.2293
87796,9492,8349,4465,3607,5655,5120,4020,3508,3982,3843,3556,3315,3340,3356,3229,3126,-27.1478,-16.9517,8.62582,47.9753
87797,3251,3512,3346,3219,3619,3905,3657,3412,4382,5572,5056,4059,5226,8769,7033,4359,22.8803,-3.03279,8.94209,48.2513
87798,7681,5101,3681,3421,9841,5250,3800,3438,5071,4302,3554,3240,3770,3503,3190,3085,-11.8339,-31.458,8.91833,47.952
87799,3208,3541,4159,4747,3308,3789,4983,8274,3308,3799,5002,8213,3276,3516,4248,4662,-0.199097,33.4966,8.75304,48.022
87800,3259,3990,6034,11615,3375,3818,4905,6989,3098,3417,3847,3996,3130,3161,3403,3497,-22.9616,27.0121,8.58825,47.6893
87801,3434,3589,4642,5770,3381,3898,5180,9837,3331,3713,4526,6625,3056,3418,3913,4145,-5.45111,27.3069,8.8,48.3053
87802,3072,3239,3612,3773,3282,3658,4223,5318,3351,3759,5330,9955,3298,3645,4947,7225,10.3838,27.3731,8.90368,47.7913
87803,3617,3495,3239,3092,5055,4243,3583,3229,9743,5319,3843,3380,7933,5217,3852,3428,12.3076,-27.5519,8.98372,48.1787
87804,4018,3693,3390,3076,5708,4554,3642,3312,9595,5768,3881,3425,6473,4838,3725,3292,8.25548,-23.429,8.70077,48.26
87805,9509,8666,4661,3563,5397,5141,4091,3566,3849,3752,3435,3275,3351,3385,3291,3306,-27.581,-15.9028,8.89608,48.1587
87806,3532,4042,4689,4712,3470,4393,7302,6405,3473,4142,5914,5458,3206,3664,4071,4096,-3.49618,12.8972,8.63344,48.3793
87807,3325,3319,3326,3231,3767,3936,3730,3365,4761,6307,4773,3846,5918,8788,5808,4060,20.5325,-7.11559,8.60077,48.1733
87808,3361,3387,3301,3147,3712,3814,3591,3345,4968,5213,4333,3709,7049,9903,5335,3877,33.4862,-9.65916,8.79228,48.03
87809,3069,3294,3641,3607,3280,3587,4162,4667,3421,3940,5647,8359,3407,3966,5832,8271,14.5692,22.4545,8.77487,48.1
87810,4167,4699,4120,3562,4900,7458,5470,3861,4564,5901,4700,3685,3920,3987,3748,3476,-3.51361,-5.82653,8.50295,48.1453
87811,3439,4007,6511,11915,3417,3743,4814,5958,3172,3485,3709,4035,3158,3284,3383,3482,-32.6595,24.0919,8.60301,47.6747
87812,11130,7131,4080,3433,5836,4926,3931,3426,3951,3797,3492,3180,3488,3347,3200,3168,-33.2005,-20.8294,8.55617,47.6773
87813,3366,3907,5844,11301,3434,3810,4930,7492,3205,3433,3944,4101,3069,3216,3412,3505,-20.2649,29.4609,8.90321,47.9793
87814,3128,3481,3636,3815,3300,3783,4711,4868,3469,4143,7290,7626,3450,4089,5559,6001,10.2064,16.0117,8.82661,48.2327
87815,3869,3799,3332,3181,5347,4597,3708,3317,8718,6293,4011,3464,6197,5200,3836,3371,9.20975,-19.9857,8.73931,48.16
87816,3140,3421,3389,3352,3277,3448,3770,3902,3391,3812,4638,6001,3369,3778,6063,12453,32.8586,28.1416,8.59961,47.4693
87817,3190,3449,3707,3640,3356,3816,4494,4606,3650,4245,7226,7200,3531,4123,6082,6368,12.0692,14.9546,8.76808,48.4553
87818,3122,3257,3319,3431,3257,3499,3847,3943,3341,3820,4796,5900,3454,3974,6659,11878,33.5232,23.0461,8.85023,47.6647
87819,3354,3381,3308,3093,3773,3902,3609,3373,5141,5737,4400,3684,7199,9288,5186,3651,23.8132,-10.8141,8.94171,48.0527
87820,8827,8706,4724,3639,5712,5405,4092,3539,3871,3924,3380,3311,3404,3470,3284,3058,-24.9442,-15.2187,8.74239,48.2307
87821,3625,4683,8588,8317,3618,4206,5592,5631,3380,3498,3944,3944,3053,3360,3362,3385,-23.5955,14.2915,8.50507,48.124
87822,3313,3271,3390,3280,3559,3728,3784,3632,4201,5069,4991,4253,4690,7969,8346,4914,24.9546,0.491105,8.62782,48.26
87823,3322,3495,3873,3618,3414,4019,4905,4471,3678,4802,8104,5920,3802,4251,5764,5090,8.98992,10.1475,8.5134,48.352
87824,3260,3249,3283,3229,3462,3620,3978,3991,3630,4340,6041,5419,3744,5029,8751,7399,21.1128,12.0483,8.64857,48.2833
87825,3124,3441,3759,3876,3235,3692,4716,5432,3424,4181,6508,8292,3384,3946,5148,6083,8.59046,18.5746,8.72602,48.1607
87826,3511,3402,3102,3042,4253,3969,3537,3296,7261,5130,3898,3441,10584,6374,4130,3453,20.3327,-22.9968,8.7643,48.2553
87827,6633,4762,3678,3270,9844,5368,3711,3345,5882,4403,3611,3227,3904,3744,3359,3150,-8.33546,-28.034,8.83572,47.9273
87828,3424,3698,3864,3708,3668,4641,5562,4424,3915,5617,7745,4848,3724,4377,4930,4130,4.77345,5.01374,8.72257,48.1833
87829,3640,4294,5831,5298,3600,4871,8017,6140,3326,3997,4758,4338,3227,3635,3702,3693,-9.75573,10.4048,8.85072,48.2447
87830,6357,7985,4985,3872,5541,6566,4607,3690,4058,4157,3708,3402,3367,3539,3272,3248,-18.3741,-10.7627,8.55136,48.236
87831,3514,3503,3216,3089,4184,4016,3651,3230,7377,5499,3988,3408,9417,6559,4131,3311,18.5392,-20.7997,8.75345,48.062
87832,3487,3539,3455,3311,4044,4458,3956,3593,5177,7491,5317,3895,5039,6780,5145,3924,13.6201,-6.21423,8.82635,48.4073
87833,3454,3951,5942,8989,3400,3916,5477,8002,3253,3580,4080,4473,3103,3229,3606,3566,-16.7327,22.9008,8.50965,48.014
87834,3241,3244,3429,3406,3368,3683,3890,3747,3748,4753,5671,4516,4129,6477,9341,5703,23.6267,5.42817,8.80416,48.2307
87835,12143,6693,3942,3326,6039,4782,3793,3341,3828,3842,3409,3239,3379,3343,3245,3055,-31.4896,-24.0329,8.91474,47.5993
87836,5327,7055,5043,3807,5108,7439,5051,3830,3954,4471,3800,3490,3459,3614,3332,3278,-14.9846,-7.55533,8.77828,48.0387
87837,3302,3671,4566,5937,3398,3881,5205,9628,3265,3639,4484,6331,3224,3350,3891,4132,-6.19552,32.7864,8.6611,47.936
87838,3704,3535,3321,3176,4878,4314,3587,3198,8565,6064,3905,3416,7621,5630,3849,3284,12.8495,-21.1763,8.87322,48.0313
87839,5334,9281,6769,4237,4436,5444,4736,3939,3652,3721,3836,3483,3333,3302,3269,3273,-24.6373,-3.83253,8.75792,48.03
87840,3473,3795,4332,4227,3636,4441,6950,5538,3545,4355,6929,5563,3392,3744,4492,4259,0.0149594,11.0158,8.99691,48.4473
87841,3569,4561,7464,6892,3504,4347,6891,6130,3382,3660,4133,4117,3177,3412,3438,3471,-16.5652,12.9515,8.90162,48.0987
87842,4426,4464,3845,3332,5974,6843,4288,3603,5766,6498,4156,3513,4290,4215,3706,3272,-1.13975,-13.1055,8.7735,48.1273
87843,5016,8473,7812,4551,4185,5057,4942,4176,3508,3789,3784,3550,3179,3315,3338,3234,-27.4983,-1.2384,8.7358,47.9393
87844,6948,6005,4026,3408,7950,6658,4038,3419,4622,4358,3664,3295,3673,3642,3402,3143,-12.3274,-17.6505,8.71553,48.1673
87845,3262,3237,3237,3348,3596,3777,3825,3484,4232,5088,4836,4051,5153,9007,7536,4504,30.3833,-2.26378,8.90273,48.1153
87846,8503,8827,4676,3745,5539,5382,4149,3578,3906,3974,3527,3350,3400,3262,3307,3112,-23.9312,-14.4005,8.92923,48.158
87847,3694,3575,3471,3192,4975,4191,3639,3228,8957,5594,3843,3387,7843,5500,3893,3413,12.8818,-23.4066,8.63118,48.2633
87848,4545,4041,3500,3249,7665,4846,3730,3385,8742,4905,3816,3401,4992,4224,3444,3303,1.59002,-32.7582,8.74322,47.8587
87849,3312,3704,4856,6481,3421,3772,5193,9840,3252,3698,4330,5800,3264,3412,3698,3911,-8.35456,32.5527,8.61551,47.9627
87850,3660,3539,3368,3115,4651,4031,3500,3177,9037,5121,3905,3363,8879,5365,3909,3359,14.8088,-28.5231,8.56504,47.986
87851,3553,4210,5193,4851,3538,4775,8278,5962,3409,4009,5303,4680,3329,3567,3753,3664,-7.4036,10.8459,8.96939,48.0493
87852,3361,3386,3239,3073,3705,3750,3551,3375,4927,5710,4376,3737,6676,9912,5620,3911,24.5504,-9.08687,8.84025,48.206
87853,3257,3481,3458,3247,3611,3782,3752,3549,4288,5050,4836,4099,5154,8635,7736,4429,29.9348,-1.89491,8.58321,48.2427
87854,3139,3230,3458,3368,3199,3335,3750,3983,3436,3810,4837,6088,3363,4046,6700,12075,28.2923,23.9035,8.65238,47.878
87855,3143,3446,3801,4093,3312,3728,4555,6253,3410,3817,5711,9480,3272,3628,4547,6005,6.11293,25.1718,8.82664,48.134
87856,3792,5006,5950,4565,4084,5784,7667,4880,3656,4293,4572,4008,3446,3535,3597,3510,-10.7877,4.55618,8.51216,48.23
87857,3436,3351,3243,3153,3865,3773,3370,3185,5987,4786,3747,3313,12645,5930,3895,3360,33.4584,-28.5061,8.81121,47.3593
87858,4260,4864,4172,3713,4966,7978,5330,3742,4486,5909,4590,3626,3787,3927,3801,3424,-4.22645,-6.30497,8.89042,48.3833
87859,3202,3260,3404,3273,3513,3712,3772,3657,4054,4777,5060,4297,4255,7282,9289,5225,28.1671,2.71799,8.90878,48.0213
87860,3701,3621,3450,3251,5343,4215,3537,3271,9938,5219,3850,3396,7329,5021,3836,3355,10.9164,-31.2228,8.9227,48.222
87861,3213,3239,3417,3331,3285,3417,3657,3871,3406,3723,4717,6002,3460,3949,6073,12483,32.468,33.4661,8.5959,47.4953
87862,3075,3193,3413,3375,3128,3457,3881,4030,3446,3716,4743,6454,3422,4006,6310,12059,26.1325,25.9387,8.66902,47.8053
87863,3616,3424,3259,3088,4475,3996,3429,3295,8259,5237,3880,3365,9265,5877,4005,3394,16.4252,-24.269,8.76689,47.9093
87864,3624,4689,9105,8579,3555,4101,5196,5344,3311,3469,3931,3796,3209,3260,3480,3424,-30.6959,14.3763,8.55067,48.0487
87865,3370,3361,3289,3136,3931,3928,3453,3287,5727,5304,4072,3477,8974,8653,4640,3576,24.1783,-15.7353,8.6502,48.1187
87866,5430,4495,3614,3316,9508,5317,3763,3389,6839,4576,3683,3258,4134,4016,3478,3279,-4.35266,-32.7118,8.7225,48.0633
87867,12582,6055,3907,3274,6059,4769,3811,3411,3987,3771,3381,3281,3385,3306,3186,3136,-28.0971,-30.9812,8.70275,47.534
87868,4439,3960,3388,3051,7101,4710,3734,3152,9152,5340,3702,3320,5316,4479,3751,3291,3.47603,-25.7222,8.85009,47.924
87869,3124,3201,3393,3299,3187,3425,3742,3961,3377,3780,4696,5956,3376,3969,6009,12847,31.6418,30.0919,8.97228,47.5613
87870,9975,5923,3989,3349,8081,5104,3762,3307,4535,4093,3639,3085,3469,3500,3147,3085,-18.1262,-26.5223,8.65707,48.0287
87871,3937,5586,9799,6636,3601,4472,5584,4997,3358,3591,3846,3753,3191,3207,3429,3316,-24.5623,8.86484,8.68381,48.202
87872,3112,3403,3921,4196,3331,3634,4604,6412,3367,3861,5243,9723,3351,3659,4525,5947,6.02631,26.575,8.95009,48.1927
87873,4082,3821,3433,3205,6285,4511,3640,3180,9704,5351,3766,3318,6034,4610,3664,3185,6.39876,-27.0015,8.6607,47.8593
87874,3080,3146,3446,3408,3209,3426,3836,3881,3358,3709,4869,6050,3466,4012,6786,12020,29.6178,24.1926,8.59761,47.8013
87875,3361,3564,3397,3257,3884,4344,3848,3451,4949,7164,5583,3899,5075,7181,5395,4149,15.3049,-4.75377,8.9317,48.334
87876,11220,7459,4167,3495,5802,4814,3894,3409,3921,3815,3544,3313,3318,3321,3183,3086,-28.829,-20.6222,8.91639,47.8407
87877,3417,3381,3193,3174,4203,3960,3480,3360,7575,4999,3646,3308,10839,5781,4023,3425,19.7952,-31.68,8.79151,47.8427
87878,3303,3345,3348,3168,3840,3863,3501,3334,5102,5621,4235,3594,7398,9601,5212,3742,25.6628,-11.1504,8.69184,48.138
87879,3447,3749,4056,3847,3670,4694,5764,4445,3929,5613,7654,4773,3654,4188,4824,4205,4.00262,5.02057,8.86127,48.3413
87880,10729,5729,3869,3398,8140,5071,3792,3354,4284,3954,3575,3288,3410,3397,3287,3104,-18.7108,-30.6829,8.9619,48.254
87881,4414,5502,4737,3945,4679,7822,5863,4013,4080,4783,4425,3700,3555,3705,3503,3380,-9.17646,-3.79012,8.70931,48.0707
87882,3365,3538,3519,3274,3968,4542,4230,3698,4587,7590,5919,4062,4650,6367,5257,3844,12.2729,-3.70548,8.97564,48.2733
87883,3898,3695,3379,3195,5682,4423,3599,3411,9884,5289,3850,3335,6564,4718,3790,3294,8.54322,-32.6716,8.57507,48.004
87884,3395,3463,3453,3024,4351,4133,3683,3402,6329,6742,4298,3616,6966,7098,4454,3677,16.1351,-14.3234,8.94307,48.056
87885,3139,3330,3386,3370,3455,3717,4024,3924,3906,4837,6681,4910,3967,5602,8259,5705,18.7178,6.68729,8.64004,48.1413
87886,3702,4796,7384,5658,3686,4691,7524,5713,3517,3704,4233,4134,3199,3282,3512,3392,-14.7661,9.73652,8.94104,48.0847
87887,4076,4877,4451,3787,4656,7384,6049,4004,4165,5410,4829,3802,3589,3831,3687,3476,-5.37756,-3.0661,8.64479,48.0487
87888,3445,4158,6451,8195,3463,3949,5951,7367,3319,3663,4128,4428,3067,3251,3534,3577,-16.2248,18.8553,8.71253,47.964
87889,3535,4180,5760,5312,3640,4704,8008,6372,3448,3940,5079,4662,3160,3437,3741,3766,-9.32046,11.6754,8.69464,48.496
87890,3972,3779,3556,3171,5533,5100,3869,3387,8175,6709,4094,3480,5501,5024,3799,3584,6.62746,-17.719,8.90773,48.4887
87891,3747,3811,3647,3332,4558,5455,4338,3659,5406,7909,5094,3825,4432,5118,4258,3731,5.78074,-8.07887,8.63145,48.2133
87892,3602,4589,8704,9289,3420,4125,5191,5413,3242,3458,3768,3952,3106,3345,3378,3218,-29.3756,16.0186,8.59913,47.8667
87893,12761,6049,3980,3524,5842,4654,3853,3295,3780,3708,3433,3284,3394,3295,3143,3246,-29.6736,-33.5143,8.98385,47.494
87894,3372,3896,6314,12348,3297,3756,4829,5958,3268,3446,3780,4053,3045,3294,3416,3431,-31.8521,26.2681,8.55417,47.6687
87895,3530,4506,7995,8060,3554,4199,5939,5980,3237,3660,4020,4105,3066,3321,3561,3410,-19.8867,14.8156,8.89346,48.0953
87896,3166,3248,3435,3475,3303,3505,3776,3834,3416,3911,5117,5589,3425,4460,8109,10089,28.902,17.4015,8.7591,47.9053
87897,3496,3394,3220,3121,4415,3968,3379,3235,8066,5121,3803,3440,10236,5618,3910,3392,18.2432,-31.3157,8.55763,47.876
87898,3239,3386,3235,3132,3908,3844,3568,3307,5138,5780,4457,3655,6844,9602,5342,3816,23.6023,-9.94033,8.91761,48.1687
87899,3254,3637,4051,4357,3531,3887,5772,6153,3528,4252,6357,7094,3359,3752,4481,4754,2.15603,16.2736,8.55533,48.146
87900,3230,3294,3655,3524,3260,3636,4225,4347,3493,4006,6158,7563,3385,4035,6262,7933,15.0988,18.5189,8.95627,48.004
87901,3259,3604,4336,5083,3384,3842,5400,8684,3402,3698,4946,7274,3314,3617,4185,4483,-2.21291,23.3968,8.73801,48.3407
87902,3373,3373,3230,3046,3753,3823,3489,3369,5218,5422,4337,3581,7857,9602,5145,3803,26.6922,-11.9692,8.8639,48.2807
87903,4556,4237,3445,3196,7721,5175,3824,3386,7991,5370,3893,3391,4820,4262,3524,3300,0.70265,-23.463,8.62683,48.0607
87904,3167,3316,3462,3619,3242,3548,4096,4426,3398,3897,5792,7956,3459,3929,6205,8703,16.1176,21.2131,8.77272,48.1433
87905,3286,3650,4227,4970,3446,3769,5047,8539,3382,3733,4841,7832,3278,3468,4127,4728,-0.94464,28.0006,8.55139,48.2153
87906,3249,3755,5029,7563,3411,3800,5233,9689,3255,3616,4259,5245,3168,3282,3530,3715,-11.1472,30.8006,8.76793,47.866
87907,3290,3604,4404,5312,3331,3784,5187,9155,3275,3791,4754,7213,3258,3580,3930,4358,-3.29149,30.8434,8.75202,48.1507
87908,3151,3199,3326,3494,3251,3614,3957,4178,3532,3942,5762,6548,3546,4415,7590,8866,19.8998,16.9872,8.81388,48.2473
87909,4688,5261,4216,3577,5645,8026,4816,3779,4511,5539,4114,3589,3688,3933,3554,3324,-6.24278,-9.13622,8.75656,48.1733
87910,3173,3293,3372,3310,3321,3623,3754,3861,3651,4262,5338,5124,3718,5172,9497,7586,26.2501,11.513,8.67532,48.0367
87911,3254,3422,3491,3399,3530,3841,4036,3907,3862,5195,6506,4840,4048,5852,8188,5271,17.7882,5.33074,8.78306,48.428
87912,4548,6626,6635,4543,4349,6217,6005,4260,3686,4206,3967,3655,3168,3503,3368,3325,-16.5567,-0.738478,8.55051,48.0407
87913,3562,3984,4946,4718,3654,4545,7802,6236,3484,4102,5402,4945,3485,3540,3984,3902,-5.7514,11.733,8.87844,48.194
87914,6154,5477,3970,3366,7955,6989,4140,3383,4940,4676,3750,3281,3918,3653,3357,3141,-9.89834,-16.9486,8.72799,48.1
87915,11237,7619,4140,3469,5671,4918,3934,3420,3975,3889,3544,3224,3451,3338,3276,3149,-31.5884,-20.0766,8.99238,48.1693
87916,4199,3795,3283,3189,6549,4573,3762,3405,9701,5134,3796,3336,5937,4619,3713,3345,5.88132,-27.9648,8.76132,48.224
87917,3626,3500,3341,3181,4784,4130,3599,3190,8754,5657,3951,3380,8275,5651,3962,3409,13.9283,-22.3393,8.82838,48.26
87918,3160,3160,3407,3551,3287,3563,4003,4008,3452,3799,5215,6918,3421,4141,6667,10444,21.7324,21.9066,8.66339,48.1307
87919,3162,3477,3982,4327,3319,3647,4625,6972,3366,3687,5097,9591,3344,3625,4485,5380,3.89107,30.054,8.74804,48.0573
87920,3247,3311,3375,3201,3545,3799,3701,3598,4196,5065,5084,4241,4700,8275,8238,4830,26.3885,0.466784,8.72609,48.2707
87921,3328,3327,3215,3158,3884,3674,3433,3247,6004,4758,3732,3317,12827,5974,3828,3349,28.1635,-31.5169,8.9222,47.37
87922,12347,6641,4074,3341,6136,4839,3736,3270,3886,3658,3390,3320,3369,3358,3122,3090,-30.3356,-24.6182,8.79324,47.718
87923,5214,5704,4300,3620,6287,7838,4720,3660,4653,4968,3978,3433,3755,3747,3526,3161,-8.81744,-11.5645,8.55065,48.376
87924,3520,3584,3416,3102,4659,4144,3623,3213,8795,5746,3780,3362,8458,5582,3881,3378,14.2293,-23.0375,8.99182,48.162
87925,11795,5850,3940,3324,6810,5056,3805,3350,3986,3884,3488,3235,3340,3387,3249,3142,-22.8245,-32.7943,8.57834,47.7607
87926,3379,3277,3286,3063,3917,3797,3492,3197,6132,4602,3784,3353,12600,5987,4026,3367,27.0193,-33.1383,8.74256,47.506
87927,3134,3180,3778,3839,3279,3631,4374,5536,3441,3844,5573,9594,3327,3850,5136,6789,9.52792,23.5752,8.79374,48.2033
87928,3416,3838,4877,6349,3367,3730,5295,9843,3307,3730,4498,5756,3156,3408,3712,3959,-8.40014,33.3008,8.58413,48.1607
87929,5801,4780,3796,3359,8831,6238,4058,3397,5848,4894,3763,3300,4040,3863,3470,3149,-6.52871,-20.0581,8.86043,48.3913
87930,3230,3719,4758,6207,3370,3872,5242,9563,3304,3637,4596,5788,3173,3432,3863,3946,-7.54003,33.1524,8.54795,47.8
87931,12606,6078,3824,3459,5883,4731,3699,3349,3858,3732,3467,3305,3370,3376,3234,3230,-30.4868,-32.3709,8.70664,47.4673
87932,3308,3597,4235,4786,3370,3716,4957,8246,3287,3685,4894,7937,3393,3483,4149,4839,-0.0951496,31.8554,8.53169,47.9213
87933,3163,3127,3468,3462,3258,3609,3848,4040,3440,4023,5263,6236,3530,4402,7594,9856,22.6851,18.4338,8.60972,48.2127
87934,3417,3375,3282,3117,3827,3997,3572,3310,5210,5188,4051,3499,8277,9415,4902,3624,28.5726,-13.5374,8.96773,48.042
87935,3384,3946,5732,11121,3285,3766,4978,7593,3254,3475,3854,4264,3082,3222,3529,3414,-20.1071,29.7504,8.84567,47.9327
87936,7541,5015,3780,3259,9743,5241,3808,3444,5229,4278,3705,3191,3767,3676,3324,3079,-11.0464,-29.1645,8.8162,48.0533
87937,3835,4026,3692,3356,4775,6083,4403,3762,5300,7619,5171,3601,4255,4750,4141,3504,3.22791,-8.14877,8.60916,48.182
87938,9814,8294,4502,3615,5607,5160,4038,3429,3897,3815,3547,3231,3386,3449,3257,3072,-33.083,-16.8969,8.58911,48.0753
87939,3190,3434,3366,3256,3575,3849,3586,3510,4396,4990,4677,3953,5232,9168,7252,4442,31.6022,-2.95234,8.95386,47.9173
87940,3243,3606,4451,5302,3298,3734,5138,9098,3318,3597,4868,7460,3086,3439,4011,4528,-2.75195,29.1349,8.87932,48.118
87941,4217,4266,3715,3338,5881,6581,4183,3585,6073,6733,4212,3478,4323,4395,3768,3377,0.681193,-13.2209,8.93364,48.0833
87942,3389,4197,6558,8938,3430,3935,5773,7252,3329,3510,4060,4369,3137,3166,3501,3511,-17.9702,19.3476,8.82721,48.0367
87943,3401,3445,3210,3137,4133,4021,3621,3251,6099,5859,4014,3465,8394,8233,4453,3510,20.6798,-15.3102,8.86561,48.164
87944,3305,3512,3502,3426,3756,4256,4575,3887,4227,6402,6982,4516,4100,5592,5792,4381,12.0822,1.4831,8.53765,48.1407
87945,3454,4102,5025,4679,3665,4718,7969,5892,3550,4087,5816,4858,3305,3627,3878,3852,-5.11785,10.8314,8.78347,48.318
87946,12513,6157,3926,3407,6000,4722,3774,3369,3941,3948,3350,3217,3466,3403,3276,3154,-32.0607,-27.0544,8.51334,47.7487
87947,3417,3614,4571,5733,3331,3824,5392,9542,3237,3638,4640,6665,3122,3389,3825,4124,-5.2953,27.1384,8.74215,48.0427
87948,3267,3364,3370,3313,3287,3610,3882,3751,3663,4290,5195,4755,3828,5558,10100,6894,32.3927,9.18265,8.90991,48.0847
87949,2998,3286,3368,3479,3243,3501,3896,4035,3491,3948,5281,6732,3388,4057,6880,10463,21.6782,21.4513,8.83292,48.0307
87950,6091,9968,6086,3994,4739,5146,4597,3776,3737,3828,3593,3381,3354,3345,3208,3209,-31.8666,-6.86691,8.91882,48.0347
87951,3578,4095,5493,4952,3701,4608,7947,6208,3433,4005,5215,4583,3183,3622,3779,3751,-8.02849,11.4481,8.75239,48.102
87952,3355,3505,3701,3522,3651,4400,4991,4028,4050,6011,7854,4733,3983,4753,5404,4434,8.64344,3.92219,8.7685,48.25
87953,4985,4436,3585,3240,7707,5676,3966,3440,7038,5405,3780,3405,4349,4158,3554,3309,-1.55987,-19.9903,8.62972,48.022
87954,3400,3885,6297,12448,3386,3761,4747,6048,3235,3422,3731,4006,3191,3168,3422,3452,-31.6483,25.2807,8.98599,47.7327
87955,3188,3486,4210,5083,3268,3777,5174,8662,3357,3765,5098,7931,3128,3476,4064,4580,-1.0197,26.5454,8.92274,48.1647
87956,6398,4844,3770,3229,9662,5644,3772,3357,5824,4533,3615,3337,3876,3695,3356,3209,-8.21281,-24.0351,8.94627,48.0807
87957,3328,3961,6232,12357,3422,3838,4869,6432,3140,3470,3767,3935,3064,3274,3340,3316,-26.3756,27.3751,8.95472,47.83
87958,5279,4959,3782,3382,7845,6960,4047,3461,5625,5272,3870,3353,4150,3803,3380,3178,-5.58693,-16.8874,8.9965,48.2307
87959,3547,3865,3897,3780,3845,4860,6007,4367,3982,5651,7200,4838,3627,4214,4670,4130,3.01062,4.22496,8.51733,48.32
87960,3700,4002,3901,3615,4181,5718,5497,3984,4377,6807,6206,4169,4030,4505,4355,3756,2.60104,-1.43031,8.62327,48.5353
87961,3359,4026,6705,12008,3320,3812,4995,5996,3120,3494,3788,3931,3160,3279,3280,3378,-33.5207,23.1439,8.90699,47.7673
87962,3254,3360,3794,3764,3297,3603,4480,4954,3517,4129,6612,8001,3387,4027,5701,6508,10.6754,17.7257,8.58495,48.2587
87963,3919,3765,3373,3116,5705,4355,3607,3283,9891,5402,3906,3357,6661,4878,3724,3266,8.87384,-27.8158,8.63464,48.1387
87964,3388,4085,5973,12290,3358,3812,4826,6496,3262,3326,3789,4055,3125,3147,3431,3365,-24.7899,29.9816,8.76099,47.8187
87965,3218,3588,3964,4063,3375,3845,5298,5856,3589,4094,6453,7741,3417,3751,4791,5125,4.7407,17.5514,8.71426,48.112
87966,3179,3334,3461,3611,3602,3880,4257,4028,4004,5593,7601,4835,3943,5233,6668,5029,13.5999,5.13687,8.93434,48.172
87967,7152,6114,4109,3594,7758,6527,4101,3458,4597,4338,3731,3331,3655,3607,3331,3080,-13.2263,-17.8124,8.67016,48.322
87968,3084,3253,3359,3283,3422,3700,3904,3759,3811,4510,5432,4512,4129,6132,9523,6121,25.4841,6.50341,8.57021,47.956
87969,3387,3445,3219,3104,4301,3973,3495,3317,7776,5130,3833,3461,10585,5581,3862,3384,18.9311,-31.4197,8.96371,47.902
87970,3149,3323,3376,3356,3406,3629,3651,3645,3819,4647,5204,4554,4067,6482,9639,5768,29.7305,5.18448,8.9,47.81
87971,7596,6464,4307,3526,7420,6295,4069,3631,4381,4214,3584,3287,3540,3541,3255,3178,-15.1939,-17.7711,8.65096,48.192
87972,3123,3458,4015,4281,3374,3745,4831,7119,3266,3665,5044,9368,3302,3600,4300,5152,3.18736,32.637,8.86099,47.762
87973,4975,4503,3697,3326,7858,6228,3958,3457,6474,5341,3792,3204,4290,4101,3485,3300,-3.25177,-19.1644,8.57629,47.9927
87974,5906,9251,6053,4041,4645,5839,4744,3805,3677,3818,3752,3276,3310,3355,3394,3184,-22.9413,-6.31756,8.60036,48.0333
87975,3205,3228,3349,3358,3341,3605,3857,3698,3573,4249,5320,5073,3726,5245,9642,7580,28.3398,11.5005,8.79186,48.0327
87976,3826,4693,5011,4147,4269,6481,7329,4363,3872,4764,5214,4033,3448,3691,3794,3561,-6.17267,1.68348,8.99076,48.3307
87977,3114,3271,3467,3533,3334,3524,3986,4446,3416,3801,5113,8647,3474,3852,5431,9420,16.0536,31.1412,8.75538,47.886
87978,3101,3306,3482,3458,3187,3575,4042,4339,3450,3788,5376,7805,3387,4041,6003,9909,18.4842,23.7061,8.62666,48.166
87979,6874,4981,3877,3287,9498,5760,3917,3378,5339,4310,3627,3288,3840,3651,3340,3118,-9.77389,-23.5101,8.88466,48.0567
87980,3033,3207,3371,3420,3130,3571,3839,4130,3483,3788,4913,7216,3391,3987,6024,11504,21.3841,26.7753,8.88666,48.0047
87981,3702,4479,4905,4286,4049,5857,7753,4703,3724,4490,5429,4219,3485,3744,3793,3638,-5.71897,4.12537,8.99326,48.1707
87982,3290,3400,3573,3627,3367,3647,4507,4535,3487,4226,6818,7212,3511,3957,6230,6684,13.055,16.2558,8.8619,48.0473
87983,4961,4892,3870,3467,6901,7304,4376,3504,5284,5511,3968,3442,3982,4065,3548,3257,-5.22598,-14.3143,8.52405,48.2213
87984,3378,3853,5820,9446,3364,3935,5138,8304,3230,3535,3969,4589,3118,3160,3373,3513,-16.5776,25.7424,8.50607,47.8167
87985,3332,3854,5219,8153,3267,3827,5189,9578,3256,3586,4080,4981,3116,3331,3505,3566,-12.847,31.6085,8.99514,47.8933
87986,3214,3382,3930,3986,3373,3673,4845,5929,3376,3988,6425,8401,3336,3673,4967,5802,6.08637,20.1907,8.50138,48.2
87987,3389,3558,3186,3077,4195,3899,3531,3280,7414,5139,3901,3448,10514,6250,3960,3398,19.9742,-23.8212,8.62954,48.0927
87988,4384,7434,8151,4796,4053,5263,5436,4391,3541,3783,3873,3483,3245,3337,3310,3315,-22.1339,1.32905,8.96465,47.8633
87989,7695,6470,4053,3506,7615,6293,4069,3495,4531,4169,3618,3273,3592,3549,3444,3170,-15.0669,-18.1703,8.91334,48.3613
87990,3398,3562,3481,3257,3741,4213,4089,3759,4302,6516,6470,4367,4582,6246,6095,4319,14.5146,-0.376728,8.76999,48.2647
87991,3027,3263,3540,3600,3231,3587,4117,4826,3354,3968,5288,9204,3467,3782,5398,8638,14.2764,27.8074,8.64658,48.1933
87992,3464,4074,5886,7917,3505,3944,6018,8077,3302,3521,4203,4756,3086,3327,3510,3589,-14.5733,20.317,8.58962,48.1193
87993,3918,5924,9967,6499,3750,4362,5411,4752,3378,3500,3845,3705,3194,3207,3301,3198,-27.2448,7.99695,8.95439,47.9407
87994,3235,3595,4138,4704,3439,3814,4981,8301,3302,3838,4837,8140,3330,3514,4262,4583,-0.299541,30.9949,8.76088,48.0087
87995,12433,6057,3968,3475,5768,4767,3861,3371,3801,3748,3371,3335,3414,3452,3205,3174,-31.1326,-33.5813,8.52162,47.4667
87996,3163,3366,3647,3669,3259,3589,4308,5199,3372,3801,5287,9778,3328,3779,4976,7305,10.9155,32.4929,8.95032,47.884
87997,3295,3699,4193,4229,3477,4222,6324,5494,3656,4344,7043,5996,3433,3905,4496,4375,1.57484,11.9722,8.75669,48.1207
87998,4490,4793,4053,3607,5339,7993,4958,3675,4758,5828,4342,3632,3772,3914,3785,3410,-4.98707,-8.35069,8.82267,48.2327
87999,3264,3261,3322,3253,3540,3774,3747,3473,4337,5149,4828,3969,5173,8934,7386,4514,27.8107,-2.28049,8.63767,47.9493
88000,3325,3418,3234,3146,3935,3837,3478,3219,6014,5208,3899,3481,10508,7716,4180,3437,25.4128,-19.093,8.6535,48.0233
88001,3251,3310,3425,3478,3243,3408,3731,3811,3440,3772,4541,5871,3400,3736,5849,12495,32.8633,33.9014,8.97231,47.174
88002,4104,3808,3396,3196,6547,4776,3753,3311,9619,5170,3827,3411,5663,4493,3651,3331,5.14376,-32.4956,8.75691,48.0373
88003,3324,4176,6032,12198,3353,3800,4740,6439,3206,3439,3702,4004,3066,3290,3334,3366,-25.1148,31.047,8.70583,47.646
88004,4614,4105,3472,3186,7638,4823,3732,3387,8742,5017,3802,3342,5138,4336,3698,3342,1.77126,-30.1828,8.51805,48.2493
88005,4002,3883,3516,3235,6014,4678,3700,3395,9250,5681,3808,3350,6018,4785,3764,3251,6.64513,-24.0694,8.67559,48.22
88006,3450,3758,4356,4494,3462,4128,6442,6436,3406,3995,6374,6408,3259,3669,4330,4511,0.0155075,15.2571,8.60978,48.3187
88007,3622,3779,3566,3363,4229,5116,4366,3602,4986,8106,5636,3950,4449,5338,4446,3815,7.89626,-5.56712,8.80043,48.246
88008,3469,3377,3226,3124,3850,3691,3485,3196,6156,4664,3782,3405,12381,6556,3924,3427,29.3003,-25.5781,8.74252,47.8087
88009,6462,10059,5904,3984,4689,5325,4438,3742,3640,3774,3684,3353,3334,3261,3342,3225,-27.7347,-7.68824,8.99775,48.144
88010,3222,3747,5049,8080,3379,3839,5422,9462,3238,3472,4061,5109,3235,3406,3722,3693,-12.4013,27.3705,8.7167,48.0907
88011,3153,3216,3361,3345,3240,3410,3902,3929,3429,3821,5050,5669,3454,4213,7880,10597,28.2065,18.9422,8.82491,47.7793
88012,3255,3423,3775,3819,3380,3763,4572,4966,3451,4078,6749,8033,3427,3982,5517,6360,10.0633,17.4768,8.54795,48.3667
88013,3505,4096,4861,4426,3680,4782,7726,5692,3658,4203,5851,4855,3464,3759,4114,3925,-3.93492,9.80496,8.58532,48.398
88014,3344,3440,3831,3813,3414,4046,5179,4788,3706,4594,7733,6327,3516,4085,5404,4943,7.42839,11.3559,8.66222,48.1087
88015,3078,3208,3374,3431,3159,3470,3914,4112,3425,3762,5095,6438,3482,4131,7043,10858,23.3326,21.0461,8.85907,47.9867
88016,3064,3398,3559,3672,3274,3523,4262,4993,3479,3908,5770,9129,3233,3859,5375,7446,11.845,22.966,8.8745,47.9627
88017,11726,6738,4007,3312,5855,4937,3821,3364,3879,3924,3485,3081,3440,3355,3330,3163,-33.1739,-22.5001,8.7968,47.6113
88018,3070,3143,3423,3433,3198,3516,3892,4236,3374,3703,5100,7470,3338,4057,6126,10764,19.5645,24.5711,8.94801,47.8953
88019,5264,5021,3874,3416,7231,7441,4221,3532,5255,5118,3830,3430,4006,3899,3519,3273,-6.4452,-15.1614,8.72174,48.22
88020,12721,5995,3923,3373,6321,4723,3744,3406,3954,3758,3370,3222,3342,3248,3183,3059,-25.8628,-30.3973,8.92841,47.5613
88021,12565,5939,3934,3412,5939,4658,3719,3325,3881,3796,3462,3338,3387,3458,3263,3214,-31.3,-32.8437,8.65386,47.5267
88022,3272,3309,3224,3079,3968,3804,3529,3213,6171,5076,3965,3356,11113,7262,4117,3445,25.5385,-21.1148,8.62127,47.9353
88023,3032,3198,3341,3385,3213,3554,3837,4031,3374,3794,4871,6246,3315,3968,6553,11684,25.7903,23.9478,8.54471,47.5973
88024,3262,3542,4128,4274,3357,3902,5560,6481,3405,4017,6277,7616,3326,3738,4521,4864,2.39853,18.3011,8.67464,48.18
88025,3378,3614,4379,4855,3423,3948,5762,7913,3414,3912,5324,7050,3297,3638,4188,4401,-1.75789,20.4163,8.75693,48.3307
88026,3144,3232,3331,3293,3312,3548,3750,3750,3729,4452,5375,4791,3873,5673,9830,6796,27.9,8.60348,8.52435,47.9193
88027,3054,3250,3410,3667,3321,3664,4197,4378,3457,3959,6158,7554,3476,4122,6561,8020,15.8162,18.5096,8.81682,48.1653
88028,3449,3846,6110,10769,3345,3794,5068,7491,3185,3556,3966,4152,3132,3208,3468,3458,-19.9073,26.7341,8.68097,47.998
88029,3777,3787,3470,3296,5190,4708,3670,3333,7858,7141,4161,3390,5798,5297,3917,3471,8.65858,-16.6943,8.80572,48.176
88030,3330,3304,3125,3091,3978,3932,3416,3277,6176,4777,3848,3368,12744,6088,3870,3379,28.1029,-29.7827,8.89446,47.802
88031,3296,3883,4484,4394,3627,4429,6990,5822,3476,4341,6467,5492,3426,3690,4188,4303,-1.12158,11.6179,8.75241,48.2053
88032,3399,3894,6218,12747,3359,3774,4806,6400,3127,3323,3786,4027,3152,3197,3355,3325,-26.2231,28.077,8.97016,47.926
88033,4154,4145,3595,3297,5574,6210,4223,3441,6257,7235,4241,3667,4482,4525,3813,3395,2.42541,-13.1166,8.99106,48.1693
88034,3478,3469,3153,3107,4181,3765,3505,3207,7359,4864,3776,3349,11466,5952,3873,3295,20.8716,-31.2491,8.85994,47.866
88035,3089,3181,3306,3383,3139,3442,3759,3990,3415,3879,5002,6168,3471,4052,6984,11658,26.1895,22.9381,8.67527,47.9453
88036,3371,3450,3385,3268,3751,4026,3895,3456,4639,6615,4941,3971,5195,8285,5946,4168,18.8599,-4.94271,8.82951,48.2413
88037,4813,7292,6338,4341,4550,6366,5730,4164,3755,4050,3860,3570,3293,3385,3353,3279,-17.4887,-2.31497,8.56361,48.0927
88038,3163,3513,4217,4842,3325,3768,5146,8119,3386,3767,5196,8031,3201,3554,4137,4890,-0.216038,24.1744,8.97387,48.17
88039,3244,3414,3380,3299,3387,3670,3740,3662,3932,4593,5303,4658,4082,6453,9469,5869,31.2069,5.8559,8.64717,48.1033
88040,4882,4458,3503,3368,8188,5735,3894,3449,6927,5203,3828,3478,4411,4087,3522,3202,-2.44689,-20.6991,8.53724,48.09
88041,3431,3361,3301,3165,4119,4033,3711,3249,6248,6793,4297,3625,6943,7475,4622,3589,16.8759,-13.4884,8.79483,47.9747
88042,4359,4879,4386,3708,4885,7889,5587,3994,4229,5354,4571,3670,3717,3884,3769,3483,-6.17766,-5.20553,8.77845,48.2427
88043,3228,3419,3361,3265,3555,3632,3736,3614,4266,4989,4983,4006,4844,8638,8039,4633,32.379,-0.697016,8.84737,48.1387
88044,3965,3833,3523,3068,5397,5235,4064,3359,7109,7257,4319,3648,5208,4845,3947,3512,5.92071,-14.8733,8.74856,48.1927
88045,3192,3370,3389,3374,3313,3461,3725,3908,3532,3666,4715,5869,3329,3901,5927,12267,33.4739,33.6761,8.59817,47.292
88046,7249,9578,4996,3695,5026,5170,4305,3673,3822,3929,3673,3290,3489,3329,3260,3173,-33.8773,-11.1241,8.58462,47.7713
88047,3824,5786,9852,6812,3675,4376,5272,4752,3456,3607,3812,3674,3098,3253,3431,3261,-30.4164,8.70299,8.84987,47.9607
88048,3240,3253,3356,3394,3298,3517,4007,4217,3511,4023,5519,6610,3466,4243,7242,9074,20.1104,18.3042,8.6036,47.98
88049,3366,3308,3247,3135,4078,3813,3504,3266,5966,5046,3874,3355,11398,7162,4107,3313,28.0944,-21.6385,8.76684,47.9587
88050,3384,3379,3222,3187,3968,3749,3397,3252,6111,4798,3722,3340,12524,6033,3839,3276,33.8764,-29.2479,8.95535,47.454
88051,6443,5106,3822,3330,8778,6293,3902,3453,5355,4582,3841,3278,3855,3677,3419,3298,-9.07375,-20.6572,8.59918,48.288
88052,3499,3894,4174,3737,3860,4928,6169,4426,4054,5541,6962,4614,3570,4236,4508,4048,2.15074,3.98053,8.67599,48.1467
88053,3103,3380,3648,3493,3380,3830,4837,4469,3529,4641,7887,6456,3451,4426,5948,5551,10.8263,12.1379,8.95221,48.0193
88054,3391,3493,3166,3204,4023,3725,3479,3161,6078,4909,3739,3452,12071,6620,3947,3480,27.8138,-24.7332,8.62671,47.9587
88055,6717,6980,4411,3505,6462,6906,4358,3638,4266,4310,3662,3287,3492,3634,3362,3271,-15.17,-14.2059,8.52004,48.174
88056,3507,3994,6210,12351,3412,3869,4787,6471,3105,3540,3784,4034,3018,3213,3436,3398,-25.0322,27.0254,8.94985,48.086
88057,11609,5999,4034,3266,6958,4921,3838,3361,4120,3888,3512,3279,3359,3372,3161,3060,-22.026,-33.8039,8.55798,47.8247
88058,3602,3874,4023,3695,3809,5162,5815,4211,4030,6056,6948,4591,3739,4355,4454,4026,2.8551,2.66943,8.5668,48.26
88059,8863,6435,4069,3524,7490,5663,3948,3471,4357,4004,3584,3363,3541,3554,3255,3089,-17.6549,-20.3678,8.55215,48.14
88060,3318,4027,6027,12312,3301,3819,4953,6580,3247,3465,3771,4022,3063,3161,3329,3444,-24.2516,32.9359,8.7505,47.8927
88061,3122,3293,3738,3723,3286,3667,4397,5511,3482,3771,5191,9671,3434,3753,4941,6867,9.68457,33.7254,8.52132,47.898
88062,3212,3321,3746,4060,3377,3732,4553,6360,3308,3761,5168,9845,3377,3559,4519,5935,5.96844,33.0552,8.95219,47.8887
88063,3205,3373,3372,3073,3721,3821,3635,3497,4544,5586,4760,3958,5521,9268,6824,4233,24.2711,-4.5422,8.87185,48.2607
88064,6100,9434,5898,4090,4738,5674,4547,3781,3788,3906,3580,3488,3329,3449,3403,3151,-23.8083,-7.05892,8.55622,48.2373
88065,3358,3908,5741,10465,3373,3853,5133,7758,3232,3471,4029,4214,3129,3324,3447,3440,-18.8954,31.3776,8.71358,47.9167
88066,3341,3215,3258,3143,3792,3793,3497,3193,5922,4797,3795,3410,12534,6121,3978,3464,29.0621,-33.921,8.53621,47.502
88067,5984,9647,6326,4142,4668,5295,4459,3694,3752,3750,3625,3438,3350,3366,3363,3282,-29.6434,-6.15314,8.64797,48.094
88068,3351,3408,3220,3215,3701,3991,3672,3367,4881,6064,4494,3890,6258,9039,5624,3948,21.5077,-7.90911,8.66712,48.082
88069,3253,3722,4200,4494,3374,3855,5527,6915,3345,3922,5922,7704,3277,3681,4315,4805,1.61943,19.3678,8.98112,48.2073
88070,6365,8413,5332,3908,5236,6390,4532,3671,3959,4093,3704,3401,3401,3489,3414,3205,-19.3424,-9.25987,8.60199,48.342
88071,9804,7947,4323,3472,6060,5141,3965,3469,3935,3970,3598,3237,3448,3468,3240,3100,-24.2939,-17.7176,8.74526,48.118
88072,3205,3354,3599,3790,3391,3872,4795,4908,3581,4209,7132,7669,3454,4089,5476,5867,9.7171,16.2454,8.87268,48.2607
88073,3205,3432,3329,3197,3559,3883,3725,3530,4204,5369,5012,3941,4963,8664,7396,4598,23.0363,-1.51445,8.99007,48.0047
88074,3289,3415,3463,3325,3465,4013,4186,4016,3844,5398,7213,5062,3991,5525,7280,5193,15.8765,5.52116,8.92773,48.452
88075,10008,5711,3873,3376,8219,5099,3831,3385,4390,4020,3494,3226,3507,3515,3194,3110,-17.5362,-26.8979,8.91688,47.972
88076,3075,3383,3656,3555,3379,3603,4358,4728,3531,4047,6275,7779,3490,4061,6088,7159,13.2942,18.0075,8.50315,48.1113
88077,3572,3886,4772,4481,3671,4530,7581,5459,3569,4313,6261,5039,3392,3756,3995,4029,-2.69994,9.85213,8.65872,48.204
88078,3410,3800,4747,5975,3258,3857,5208,9803,3362,3593,4417,6245,3196,3516,3866,4067,-6.50543,30.6111,8.66199,48.2133
88079,3200,3246,3515,3467,3210,3438,3719,4176,3390,3795,4865,7089,3347,3855,6009,11613,21.5013,30.2158,8.88013,47.956
88080,4798,7412,6647,4349,4384,6095,5560,4128,3593,4109,4017,3675,3309,3442,3502,3237,-18.2992,-1.77745,8.51837,48.1713
88081,3636,4732,6492,5264,3731,4976,7891,5599,3466,3845,4660,4283,3313,3380,3623,3551,-12.2126,8.61723,8.54073,48.2947
88082,3132,3296,3328,3313,3372,3741,3784,3711,3699,4362,5328,4812,3890,5776,10106,6367,32.6213,8.04709,8.89642,48.0113
88083,3594,3818,3962,3659,3858,4975,5996,4332,4016,5775,7227,4665,3690,4288,4545,4015,3.02235,3.45835,8.73098,48.2767
88084,3634,4302,7068,6955,3494,4334,6701,6254,3377,3610,4218,4191,3125,3330,3506,3601,-16.1926,13.9924,8.73901,47.8
88085,4263,4019,3608,3229,6349,5205,3915,3321,8130,6189,3982,3410,4990,4696,3660,3266,3.47222,-19.2586,8.99743,48.1547
88086,3518,3871,3998,3705,3722,5073,5870,4322,4022,5773,7064,4615,3813,4418,4610,3936,2.94216,2.93425,8.78817,48.22
88087,6851,9771,5435,3864,4885,5314,4394,3657,3770,3902,3668,3331,3343,3356,3328,3221,-33.9514,-9.93163,8.79868,48.06
88088,3295,3833,5047,7674,3362,3969,5273,9574,3332,3618,4072,5158,3126,3378,3558,3661,-11.9031,31.6949,8.74126,47.9533
88089,3488,4083,5595,5995,3419,4132,6939,7877,3383,3737,4722,5070,3200,3457,3824,3753,-9.72396,16.8773,8.66491,48.4493
88090,3562,3905,4363,3749,3879,5279,6321,4406,4027,5607,6819,4568,3685,4128,4430,3980,1.24095,3.21874,8.91527,48.472
88091,3472,3650,3628,3401,3960,4409,4315,3750,4578,7245,6535,4301,4399,5520,5328,4192,10.6386,-1.2956,8.55839,48.4553
88092,3197,3277,3297,3313,3587,3592,3774,3630,4172,4854,4997,4255,4577,7769,8640,4961,32.8306,1.40609,8.78537,47.928
88093,3224,3154,3403,3349,3322,3425,3744,3921,3307,3766,4695,6076,3443,3987,6060,12535,28.5126,32.2527,8.58062,47.6073
88094,3302,3682,5142,7536,3368,3928,5222,9694,3271,3538,4227,5226,3120,3277,3546,3811,-11.4996,28.7251,8.71631,47.9267
88095,3156,3493,3580,3554,3325,3791,4572,4354,3653,4719,7738,6230,3632,4346,6416,5647,12.2724,11.2033,8.76757,48.1373
88096,3474,4217,7502,9386,3415,3932,5446,6386,3309,3560,3997,4160,3046,3278,3409,3510,-21.7132,18.4568,8.67035,48.018
88097,4324,7178,9116,5364,3961,4811,5316,4417,3458,3775,3947,3758,3125,3368,3436,3297,-25.1713,3.50416,8.73441,48.434
88098,3311,3537,4031,3944,3502,3973,5779,5274,3559,4401,7572,6427,3470,4046,4884,4810,4.61539,12.5474,8.92517,48.3467
88099,3274,3674,4942,6852,3386,3866,5280,10020,3332,3638,4322,5616,3068,3367,3714,3765,-9.59209,32.5258,8.74356,48.0773
88100,3492,4558,8784,9341,3505,4090,5120,5503,3237,3539,3833,3955,3166,3185,3409,3336,-32.5883,15.5313,8.99006,48.0353
88101,3322,3970,6966,11643,3436,3815,4847,5842,3177,3432,3685,3989,3092,3192,3397,3414,-32.3365,21.9267,8.79007,47.4793
88102,3757,3674,3321,3123,5187,4194,3613,3197,9320,5275,3915,3353,7898,5237,3782,3421,12.1726,-26.4821,8.53464,48.178
88103,3455,3779,3911,3719,3849,4852,5743,4206,3878,5963,7482,4643,3681,4319,4805,4161,4.5128,3.66317,8.97634,48.2973
88104,3366,3446,3390,3265,3785,4037,3700,3518,5124,6634,4862,3727,5897,8276,5329,3945,18.5506,-7.91315,8.61904,48.2007
88105,3551,4730,8907,8740,3497,4010,5252,5483,3310,3553,3900,3799,3190,3271,3387,3340,-32.5978,14.7095,8.67302,47.9467
88106,3331,3978,5647,10248,3351,3820,5110,8059,3250,3413,3888,4416,3105,3270,3497,3433,-18.288,27.6758,8.67717,47.8773
88107,3406,3444,3327,3140,3836,3715,3560,3236,5485,5104,4063,3408,9143,8981,4733,3517,28.3798,-15.2664,8.84731,48.0653
88108,3167,3379,3403,3297,3412,3842,3976,3867,3922,4939,6567,5098,3903,5553,8532,5633,18.8511,7.20033,8.83522,48.3267
88109,3472,3454,3207,3078,4043,3823,3483,3158,6245,4845,3761,3467,11772,6437,4154,3280,26.5133,-24.9056,8.50046,47.786
88110,4485,5849,5370,4178,4510,6951,6549,4214,3882,4498,4335,3731,3334,3602,3627,3286,-11.2617,-1.28748,8.59221,48.2673
88111,3440,3292,3144,3070,3965,3812,3463,3184,6286,4975,3956,3250,11658,6907,4144,3304,25.7173,-22.7381,8.82254,47.9
88112,3424,3587,3389,3290,4045,4478,3977,3503,5418,7793,5034,3865,5197,6577,4800,3897,12.6375,-8.1798,8.83549,48.1827
88113,3238,3409,3239,3127,3815,3772,3624,3501,4976,5519,4293,3735,7035,9663,5352,3789,25.4623,-10.1309,8.74261,48.058
88114,4705,5742,4867,3900,4954,7763,5598,3988,3928,4684,4092,3740,3491,3764,3524,3290,-10.4826,-4.97826,8.639,48.02
88115,4239,4841,4133,3649,5059,7754,5412,3872,4404,5953,4657,3679,3860,3956,3607,3498,-3.70386,-5.98113,8.67921,48.382
88116,4514,5007,4061,3662,5651,8159,4898,3800,4500,5663,4270,3666,3804,3872,3681,3231,-5.37183,-8.46326,8.91057,48.2927
88117,3911,5763,9973,6568,3700,4373,5262,4897,3376,3676,3809,3784,3072,3345,3273,3297,-30.6959,8.56378,8.87728,48.0527
88118,4447,5157,4346,3657,5268,8328,4995,3826,4420,5393,4380,3493,3580,3939,3583,3332,-6.40306,-7.81048,8.8606,48.096
88119,3598,4353,5843,5176,3696,4700,8200,5957,3544,3961,4881,4421,3313,3365,3620,3708,-10.0331,10.5828,8.83831,48.224
88120,3389,3896,5925,12767,3339,3660,4764,5928,3325,3373,3796,3740,3222,3260,3385,3313,-30.887,33.0002,8.91608,47.388
88121,3302,3455,3449,3307,3683,4052,3993,3602,4432,6014,5838,4252,4724,6911,6671,4429,17.4765,-0.682665,8.59326,48.076
88122,3184,3336,3380,3258,3324,3407,3727,3690,3686,4375,5292,4898,3885,5671,9788,6763,29.7649,9.44492,8.70964,47.776
88123,3104,3293,3427,3543,3344,3498,4013,4192,3360,3952,5525,7417,3512,4105,6583,9780,18.8367,21.0466,8.74923,48.432
88124,5318,4363,3657,3345,9182,5206,3775,3358,7056,4803,3722,3363,4412,3961,3426,3166,-3.3502,-25.3998,8.83296,48.0753
88125,12372,6269,3959,3202,5986,4763,3766,3286,3960,3882,3506,3223,3420,3445,3127,3198,-30.3869,-26.1239,8.78818,47.576
88126,6795,7624,4511,3767,6042,6683,4353,3672,4158,4188,3656,3331,3502,3463,3305,3095,-17.1886,-12.7497,8.60755,48.0967
88127,5397,9233,7259,4461,4436,5192,4779,3953,3635,3820,3692,3376,3261,3255,3321,3246,-30.0154,-3.32967,8.54823,48.2107
88128,6330,5648,4090,3543,7764,6824,4130,3464,4873,4580,3769,3422,3806,3743,3419,3211,-10.8495,-17.218,8.58922,48.4107
88129,3766,4600,6472,5478,3710,4669,7721,5736,3389,3866,4694,4240,3116,3441,3679,3521,-12.5046,9.94635,8.66978,48.0653
88130,3363,3304,3189,3175,3887,3907,3401,3192,6245,4801,3766,3340,12510,6068,4024,3370,26.9611,-28.3455,8.65009,47.6947
88131,3403,3390,3294,3149,3813,3806,3646,3450,4630,5202,4405,3779,6436,9928,5946,3957,31.1482,-8.12202,8.93102,48.156
88132,3067,3222,3414,3304,3389,3601,3792,3708,3812,4511,5323,4642,4113,5954,9971,6268,28.9991,7.71216,8.74147,48.0607
88133,3027,3208,3575,3612,3205,3596,4214,4515,3421,3917,5800,7940,3410,4030,6039,8548,15.6614,20.7488,8.82938,48.038
88134,3123,3215,3403,3449,3181,3533,4018,4146,3370,4079,5344,6784,3383,4081,6854,9849,20.4289,20.4332,8.54953,47.8747
88135,3963,3729,3366,3131,6047,4566,3667,3249,9285,5931,3966,3471,5963,4820,3672,3373,7.09743,-21.9812,8.95372,48.1327
88136,3367,3436,3233,3050,3847,3998,3605,3446,5262,6104,4289,3654,6872,8738,5169,3830,21.226,-11.0812,8.66576,47.9333
88137,3380,3417,3254,3057,4203,3834,3457,3189,7436,4893,3746,3402,11325,5754,3947,3363,20.7864,-31.0567,8.9213,47.7713
88138,3914,5481,9704,6660,3744,4423,5552,4946,3437,3655,3837,3744,3241,3222,3372,3232,-25.7615,9.3308,8.74015,48.1093
88139,3271,3392,3255,3018,3757,3881,3619,3338,5086,5211,4223,3564,7858,9580,4973,3669,30.7262,-12.4132,8.84513,47.7967
88140,3222,3410,3313,3183,3627,3912,3640,3484,4364,5308,4874,3867,5231,9007,7265,4386,25.1274,-3.18213,8.75521,48.062
88141,3265,3678,4454,5373,3444,3824,5107,9309,3346,3637,4608,7091,3213,3459,3892,4257,-3.56569,32.0217,8.75499,47.9713
88142,3897,3662,3270,3136,5663,4250,3572,3279,9802,5470,3813,3288,6863,4992,3631,3389,9.48217,-26.2617,8.79757,47.9847
88143,12584,6279,3948,3321,6180,4719,3790,3328,4083,3742,3408,3269,3389,3255,3241,3071,-32.1134,-26.1827,8.65625,47.738
88144,3232,3282,3363,3342,3353,3587,3776,3880,3596,4262,5272,5049,3819,4968,9530,7450,33.018,11.2464,8.53765,47.8407
88145,3304,3343,3547,3563,3410,3852,4571,4268,3844,4823,8197,5822,3736,4512,6120,5194,11.2365,9.67886,8.83928,48.0707
88146,3725,5488,9756,6914,3716,4441,5656,4946,3369,3652,3888,3792,3150,3311,3387,3271,-24.4775,9.70279,8.65309,48.308
88147,4081,6182,8043,5165,4020,5269,6254,4580,3510,3939,3991,3811,3189,3301,3458,3387,-18.8711,4.00342,8.55997,48.12
88148,3403,3939,6330,11869,3428,3836,5012,6609,3181,3484,3836,4098,2973,3253,3331,3446,-23.9737,24.7871,8.76763,48.0187
88149,4156,4081,3464,3361,5705,5638,4041,3485,7030,6899,4153,3435,4893,4579,3796,3521,3.19549,-15.166,8.93294,48.158
88150,3306,3310,3434,3243,3457,3808,3683,3449,3934,4751,5027,4241,4492,7718,8952,5023,32.4845,1.95397,8.92145,47.8853
88151,3291,3371,3311,3099,3797,3775,3594,3434,4924,5395,4281,3769,6843,9594,5700,3908,28.7094,-9.52708,8.5138,48.0573
88152,4792,4090,3668,3294,8298,5018,3813,3262,8270,4927,3753,3283,4755,4123,3572,3062,-0.205333,-27.0933,8.88542,47.9867
88153,3204,3291,3369,3322,3240,3498,3813,4031,3321,3697,4868,6711,3360,3944,5892,12060,23.6175,29.9277,8.66785,47.7473
88154,3509,3881,5872,12528,3363,3887,4706,6258,3231,3469,3853,3868,3173,3271,3337,3313,-26.137,31.9397,8.74695,47.6793
88155,5458,5240,3924,3424,7246,7285,4441,3599,5039,5113,3924,3347,3887,3879,3552,3113,-7.52836,-15.0121,8.58359,48.314
88156,3370,3854,5981,12786,3461,3704,4806,6023,3195,3458,3720,3842,3192,3256,3309,3481,-32.6132,29.5606,8.92346,47.6253
88157,8002,9220,4954,3773,5290,5402,4174,3617,3803,3872,3509,3292,3364,3389,3254,3103,-26.1355,-12.9237,8.63722,48.012
88158,3237,3835,5692,10670,3464,3782,5135,7629,3253,3449,3915,4170,3147,3301,3394,3441,-19.5132,32.0646,8.8686,47.676
88159,4246,3915,3521,3344,5661,5271,3991,3390,7461,6950,4153,3399,5130,4808,3830,3407,4.7349,-16.3447,8.50729,48.318
88160,4605,4581,3770,3286,6340,6865,4220,3435,5897,6178,4215,3457,4249,4147,3624,3290,-1.74504,-14.0117,8.5632,48.106
88161,3291,3347,3312,3292,3625,3818,3786,3563,4237,5030,4910,4118,4651,8264,8306,4645,32.5092,0.191609,8.90091,48.13
88162,3446,3585,3737,3544,3701,4358,4920,4134,3961,5536,7726,5129,3860,4671,5576,4512,8.86937,5.46354,8.64122,48.264
88163,4914,4241,3604,3336,8508,5156,3680,3395,8049,5079,3638,3390,4744,4254,3514,3160,-0.500302,-27.0632,8.53151,48.4413
88164,5703,8261,5625,3975,4887,6490,4886,3934,3882,4014,3769,3478,3350,3502,3278,3178,-18.5602,-6.44739,8.72494,48.1413
88165,4709,8231,8131,4905,4124,5086,5072,4238,3432,3679,3712,3645,3222,3421,3252,3318,-26.2062,0.260055,8.81743,48.118
88166,3280,3315,3353,3266,3572,3855,3819,3569,4211,5429,5366,4279,4703,7616,7703,4769,22.0463,0.332549,8.74494,48.07
88167,3391,3912,5661,9672,3389,3812,5223,8375,3307,3495,4087,4429,3068,3194,3495,3541,-16.9843,26.1391,8.82521,48.034
88168,3086,3207,3431,3363,3250,3454,3687,3876,3384,3680,4858,6374,3296,3880,5969,12880,28.2404,29.1014,8.78913,47.7833
88169,3725,4586,7837,7074,3500,4338,6534,6001,3315,3738,4089,4175,3143,3385,3432,3553,-17.4727,13.2003,8.74135,48.2833
88170,3440,3355,3332,3037,4108,3840,3482,3240,6269,4919,3863,3370,11719,6711,3942,3339,26.2158,-23.3954,8.54336,47.9773
88171,4547,7113,8365,5039,4014,5071,5522,4346,3589,3788,3881,3590,3269,3248,3328,3243,-22.5312,2.11362,8.8119,47.9687
88172,6737,8366,5017,3732,5624,6389,4393,3591,3919,4061,3573,3433,3300,3467,3257,3065,-19.2807,-11.445,8.92892,47.9493
88173,3381,3416,3341,3169,3997,3758,3410,3357,6038,4585,3697,3306,12402,5825,3861,3405,33.5888,-31.0645,8.64459,47.2987
88174,3543,3509,3304,3099,4594,4007,3525,3130,8668,5201,3760,3381,9791,5433,3788,3388,16.518,-28.9982,8.83496,48.0807
88175,3213,3298,3489,3441,3317,3619,3908,3877,3568,4170,5668,5649,3613,4841,8479,8219,22.2876,14.2739,8.52458,48.246
88176,4188,4087,3503,3251,5958,5410,4065,3336,7545,6678,4118,3401,4973,4744,3743,3356,4.072,-17.053,8.6825,48.2373
88177,3650,3511,3279,3088,4631,4134,3644,3332,8791,5590,3930,3482,8484,5765,3870,3433,14.369,-23.2657,8.95505,48.4093
88178,9288,5971,3885,3400,8260,5360,4047,3489,4429,3918,3397,3171,3491,3510,3302,3161,-16.703,-23.5117,8.89051,48.0527
88179,5755,9544,6573,4084,4609,5322,4512,3768,3617,3847,3726,3424,3227,3346,3239,3257,-27.5953,-5.32185,8.52556,47.9
88180,3109,3335,3377,3340,3241,3629,3850,3792,3501,4230,5332,5014,3846,5264,9634,7391,27.2411,11.0782,8.52183,47.9233
88181,3293,3474,3478,3287,3802,3999,3808,3452,4749,6361,5066,4004,5228,8191,6150,4051,19.0265,-4.38963,8.86742,48.262
88182,3195,3272,3399,3455,3278,3453,3698,3981,3406,3721,4706,6135,3370,3759,5924,12592,32.9899,29.2568,8.80874,47.5627
88183,5437,5586,4193,3440,6608,7736,4590,3656,4796,4886,3894,3453,3745,3735,3362,3218,-8.99469,-12.9452,8.77235,48.2233
88184,3298,3535,3487,3338,3831,4358,4203,3751,4436,6819,6317,4229,4481,6292,5849,4256,13.6651,-1.03129,8.6833,48.32
88185,3182,3269,3388,3377,3221,3391,3677,3810,3298,3759,4785,6038,3383,3926,5907,12590,30.4069,33.7363,8.57246,47.334
88186,4539,7660,8836,5186,4040,4905,5118,4246,3506,3720,3869,3582,3141,3278,3317,3281,-27.1688,1.81829,8.70366,48.1493
88187,3115,3353,3511,3473,3291,3508,3869,3775,3606,4165,5332,4963,3734,5168,9686,7324,33.53,10.8284,8.57674,47.9153
88188,3390,4012,6061,10241,3421,3753,5171,7771,3194,3599,3960,4310,3147,3231,3507,3487,-18.9872,25.6997,8.51987,48.17
88189,6049,9370,6014,3970,4766,5634,4662,3824,3808,3895,3639,3301,3356,3505,3335,3193,-23.4929,-7.06125,8.51819,48.214
88190,3423,3375,3288,3143,3959,3771,3413,3239,6034,4944,3826,3367,12226,6274,3912,3494,29.5414,-25.6668,8.56876,47.792
88191,4438,3978,3474,3175,7344,5047,3713,3244,8761,5423,3867,3319,5182,4455,3611,3245,2.30889,-24.512,8.95838,48.184
88192,3821,3770,3540,3204,5124,4808,3782,3315,7749,7057,4244,3413,5785,5262,3993,3425,8.56317,-16.3464,8.89919,48.1947
88193,3101,3495,3908,4314,3305,3646,4668,6945,3320,3766,5363,9466,3264,3571,4625,5609,4.10519,25.7082,8.71377,48.244
88194,3374,3352,3199,3082,3935,3769,3408,3112,6123,4815,3693,3425,12876,6161,3872,3321,28.086,-28.4343,8.91939,47.678
88195,3543,3817,3580,3420,4000,4966,4476,3730,4676,7829,5991,4054,4325,5349,4683,3937,8.30451,-3.5932,8.94663,48.2507
88196,3419,3292,3286,3121,3948,3796,3398,3296,5828,4795,3685,3301,12464,6002,4019,3444,32.6596,-33.0879,8.72377,47.396
88197,3384,3431,3194,3195,4092,4176,3608,3295,6113,6002,4107,3555,7910,7959,4654,3560,19.541,-15.1904,8.64299,48.1567
88198,4576,5549,4396,3686,5043,8119,5372,3785,4247,5126,4301,3626,3672,3690,3684,3354,-8.04134,-6.01296,8.88821,48.1507
88199,4347,3956,3406,3181,7191,4743,3709,3439,9328,5214,3780,3376,5424,4446,3582,3271,3.56773,-27.0267,8.6145,48.262
88200,4470,4054,3518,3193,7641,4836,3729,3329,8988,5101,3671,3312,5266,4330,3662,3354,2.00446,-28.8849,8.6913,48.3027
88201,3905,5250,9143,6754,3608,4433,6083,5208,3352,3700,3992,3843,3149,3332,3332,3384,-21.3613,10.2988,8.71318,48.312
88202,4390,7167,9106,5366,4069,4853,5246,4289,3514,3715,3838,3655,3142,3298,3404,3236,-25.6204,3.22004,8.95527,48.192
88203,3407,3327,3304,3077,3978,3868,3549,3219,5547,5062,4054,3554,9946,8304,4492,3497,30.0324,-17.3238,8.93678,48.1233
88204,3410,3928,5834,11121,3416,3900,4955,7106,3241,3478,3862,4011,3212,3228,3421,3390,-21.0196,33.8945,8.64054,47.6753
88205,3555,3571,3222,3117,4252,4288,3733,3457,6252,6930,4424,3664,6417,7062,4580,3652,15.4657,-12.7725,8.90211,48.1173
88206,3549,4738,9393,8275,3446,4192,5147,5296,3180,3552,3942,3873,3166,3195,3442,3390,-33.6366,13.4791,8.88026,47.8507
88207,3183,3164,3371,3347,3154,3475,3734,4068,3310,3730,4804,6487,3350,3877,6105,12328,24.9852,29.8932,8.8375,47.658
88208,3034,3261,3383,3395,3290,3476,3816,4176,3323,3637,4933,7611,3439,3861,5873,11265,20.4933,28.0459,8.82825,47.8487
88209,3139,3326,3417,3516,3218,3518,4050,4602,3340,3845,5137,8627,3319,3956,5450,9563,16.111,32.4418,8.8932,48.0153
88210,3682,4860,9240,8085,3575,4249,5359,5114,3234,3604,3869,3922,3113,3244,3462,3384,-33.4608,13.0742,8.51629,47.9973
88211,3973,3813,3406,3208,5304,5070,3817,3408,7176,7394,4252,3418,5479,5145,3922,3353,6.93469,-15.1525,8.71088,48.092
88212,4450,4237,3722,3363,6210,6180,4128,3544,6517,6501,4156,3572,4560,4318,3694,3338,0.69299,-15.1471,8.79295,48.3267
88213,3375,4073,6043,11867,3324,3828,4930,6768,3161,3471,3847,4148,3224,3094,3329,3442,-23.2824,26.6756,8.71913,47.9493
88214,10273,5789,3935,3393,7896,5175,3819,3379,4264,3934,3529,3208,3561,3345,3196,3111,-18.141,-27.8108,8.7863,47.8713
88215,4871,4541,3910,3416,7384,6555,4040,3451,6406,5542,3936,3373,4240,4061,3559,3288,-2.8804,-17.2888,8.74874,48.382
88216,3439,3348,3183,3208,3961,3828,3401,3316,6262,4826,3803,3396,12429,5979,3896,3443,25.4757,-31.5534,8.6628,47.812
88217,4303,4237,3590,3354,5770,5989,4078,3475,6671,6888,4270,3467,4617,4536,3815,3331,2.39139,-14.0268,8.91119,48.2607
88218,3314,3803,5189,7570,3274,3878,5432,9649,3248,3530,4428,5113,3164,3192,3593,3742,-11.2444,25.691,8.95271,48.0793
88219,3249,3263,3352,3163,3787,3771,3595,3407,4576,5260,4849,3816,5577,9553,6740,4216,26.8031,-4.70169,8.56642,48.116
88220,3330,3525,3551,3327,3757,4317,4503,3892,4235,6566,7099,4379,4163,5473,5889,4467,11.8976,1.40446,8.90743,48.3153
88221,3341,3633,4076,4034,3418,4031,5577,5597,3451,4246,7439,6792,3413,3807,4683,4830,4.17984,14.2152,8.94732,48.2453
88222,4242,6938,9181,5575,3904,4487,5149,4471,3531,3753,3749,3587,3357,3392,3347,3196,-27.9054,3.98413,8.51938,47.906
88223,4032,6524,9883,5699,3809,4479,5203,4593,3413,3746,3757,3571,3150,3450,3264,3323,-32.2538,5.36203,8.88194,47.9307
88224,3348,3787,4103,3919,3659,4177,5809,4952,3671,4678,7557,5777,3631,3969,5016,4514,3.96593,10.0843,8.5364,48.378
88225,3253,3507,3651,3547,3520,4067,4818,4209,3645,4947,8308,5607,3746,4522,6209,5151,10.6932,8.70733,8.96878,48.4713
88226,4509,7015,7639,4775,4193,5606,5767,4276,3660,3867,3842,3703,3284,3421,3452,3223,-19.4252,0.857362,8.98266,48.1547
88227,3346,3339,3565,3291,3624,3845,3794,3588,4340,5476,5400,4181,4873,7629,7287,4632,20.7573,-0.754254,8.54401,48.14
88228,3227,3329,3372,3355,3338,3599,3861,3857,3542,4043,5128,5567,3588,4557,8852,8919,30.5832,15.0434,8.7235,48.0893
88229,3270,3610,4191,4725,3377,3780,5104,7857,3309,3724,5120,8443,3178,3594,4066,4796,1.04068,26.2648,8.76434,48.096
88230,3418,3365,3255,3220,3881,3823,3561,3204,5157,5254,4284,3640,7914,9279,5018,3755,26.9786,-12.3299,8.54249,48.0187
88231,3440,3621,3764,3642,3752,4413,5127,4264,3770,5528,7860,5022,3796,4539,5307,4606,7.83888,6.0082,8.57111,48.3007
88232,4228,5980,5828,4065,4444,7041,6587,4202,3794,4289,4265,3739,3384,3615,3562,3329,-12.1682,-1.08366,8.98837,48.2347
88233,3295,3430,3634,3653,3426,3924,4617,4501,3657,4577,8077,6235,3507,4400,6185,5516,11.122,11.4586,8.93164,48.4227
88234,3073,3197,3394,3455,3354,3505,4025,4257,3367,3993,5520,6970,3533,4269,6893,9261,19.1607,19.6842,8.77484,48.044
88235,3654,3604,3410,3192,4431,4331,3669,3388,6966,6760,4157,3524,6807,6472,4279,3578,14.0931,-15.7645,8.55981,48.148
88236,3550,3535,3199,2986,4531,3927,3453,3278,8917,5137,3768,3314,9580,5427,3826,3288,15.9937,-29.825,8.9831,47.8107
88237,3141,3384,3801,4081,3266,3584,4379,6022,3404,3906,5281,9827,3330,3710,4872,6544,7.95381,31.7597,8.67419,48.3547
88238,10879,7700,4381,3449,5890,4962,3849,3416,3942,3823,3479,3256,3245,3449,3159,3058,-26.935,-19.6455,8.96901,47.958
88239,3359,3388,3241,3236,3887,3711,3371,3338,5986,4706,3704,3363,12845,5927,3760,3448,32.6784,-30.7132,8.98523,47.5133
88240,11815,5912,3882,3531,6747,4986,3829,3366,3996,3767,3440,3216,3385,3438,3230,3113,-22.9152,-31.2426,8.54691,47.7687
88241,3319,3378,3254,2938,3907,3955,3428,3267,5829,4960,4021,3438,11059,7598,4315,3562,26.625,-19.9909,8.93795,48.152
88242,3028,3269,3366,3384,3193,3464,3811,3995,3335,3968,5010,5698,3464,4269,7751,10890,29.2156,19.3893,8.98067,47.93
88243,3505,3399,3373,3154,3927,3794,3400,3209,6027,4809,3748,3323,12709,5718,3820,3300,33.8199,-31.2894,8.94679,47.4767
88244,3196,3414,3639,3665,3427,3614,4463,4803,3480,4131,6802,8034,3415,4066,5744,6812,11.6595,17.8404,8.86244,48.47
88245,4073,3585,3324,3216,6078,4377,3698,3301,9919,5320,3723,3332,6358,4739,3683,3308,7.94989,-27.6255,8.62335,48.0227
88246,3149,3292,3293,3293,3300,3731,3713,3645,3872,4545,5302,4749,4042,6082,9721,6234,28.2833,7.06795,8.84454,47.9753
88247,3771,3713,3299,3105,5065,4411,3705,3382,8516,6425,4032,3392,6691,5358,4025,3461,10.4253,-19.8279,8.80741,48.234
88248,3332,3326,3205,3135,3775,3877,3522,3323,5308,5420,4012,3600,8193,9349,5052,3564,25.6479,-13.0591,8.97173,47.9953
88249,12050,6543,4010,3322,6213,4873,3781,3327,4001,3839,3398,3187,3424,3350,3175,3100,-26.4214,-24.2002,8.62357,47.7287
88250,4335,4730,4093,3660,5275,7758,5122,3752,4591,6028,4492,3683,3958,3901,3723,3431,-3.71607,-7.42311,8.64285,48.3547
88251,4784,5290,4276,3534,5553,8144,5022,3767,4500,5072,4207,3529,3760,3864,3525,3339,-7.40109,-8.96138,8.55048,48.1107
88252,3450,3394,3223,3041,4157,3985,3481,3211,6456,5278,4135,3439,9650,7506,4377,3557,22.4171,-18.3424,8.57497,48.2267
88253,5587,7916,5166,3959,5236,7177,4870,3887,3968,4097,3865,3411,3458,3441,3344,3143,-16.6163,-7.86277,8.98872,48.35
88254,3359,3348,3428,3284,3907,4036,4007,3505,4525,6805,5631,4112,4914,7156,6034,4128,16.1712,-3.67784,8.64165,48.1193
88255,3455,3949,5974,12344,3342,3785,4720,6655,3165,3510,3802,4055,3126,3203,3350,3364,-23.7418,30.2255,8.81974,47.866
88256,3085,3350,3562,3672,3208,3592,4231,4940,3396,3918,5272,9285,3347,3743,5315,8252,13.4123,28.6377,8.62734,48.112
88257,3140,3195,3383,3378,3256,3406,3688,4032,3427,3762,4844,6089,3363,4032,6041,12377,26.6712,33.843,8.53639,47.6087
88258,3458,3333,3232,3162,3946,3829,3431,3283,6194,4836,3837,3391,12404,6199,3953,3418,26.2224,-27.7789,8.8164,47.9373
88259,3780,4999,7774,6082,3629,4814,6989,5500,3419,3797,4165,4054,3221,3257,3459,3428,-16.608,9.783,8.74569,48.2447
88260,3615,4257,5603,5292,3571,4452,7696,6732,3372,3813,4932,4720,3228,3402,3714,3806,-8.96042,12.9984,8.60594,48.1367
88261,3589,4587,7030,6332,3593,4409,7424,6202,3363,3831,4434,4284,3071,3402,3556,3461,-14.7127,12.6487,8.86135,48.3787
88262,3864,5496,9716,7204,3760,4276,5225,5018,3296,3623,3847,3703,3129,3336,3440,3305,-29.9538,9.99068,8.63662,48.1587
88263,7377,5061,3908,3377,9733,5106,3840,3370,5288,4245,3544,3351,3617,3648,3275,3229,-11.1186,-31.6358,8.721,47.9793
88264,6322,10078,5912,3987,4788,5222,4353,3730,3683,3788,3616,3406,3394,3298,3240,3216,-31.7074,-7.71973,8.74845,48.022
88265,12685,5849,3839,3284,5882,4694,3697,3370,3939,3835,3497,3209,3358,3295,3252,3210,-32.6364,-30.1626,8.94254,47.2633
88266,9894,6104,3991,3327,7698,5224,3799,3394,4385,3975,3580,3327,3582,3395,3316,3111,-18.4241,-24.3527,8.55674,48.068
88267,3076,3428,3862,3679,3311,3858,4805,4570,3586,4541,7701,6731,3475,4339,5859,5578,10.1639,13.5593,8.93219,48.266
88268,3623,3687,3534,3213,4463,4833,3930,3525,5826,7864,4822,3701,5115,5883,4593,3648,9.82523,-9.57831,8.51942,48.1733
88269,3782,3630,3348,3133,5313,4257,3510,3305,9750,5154,3816,3294,7494,5049,3813,3367,11.1333,-29.7241,8.66785,48.01
88270,3148,3199,3459,3383,3291,3422,3787,4020,3264,3801,4957,6556,3452,3926,6163,12384,25.0536,28.5377,8.73846,48.1413
88271,9724,5345,3946,3474,8517,5123,3866,3455,4457,3930,3456,3257,3468,3478,3256,3271,-16.5043,-33.1579,8.75317,48.0153
88272,3347,3842,5826,11060,3438,3707,4929,7458,3192,3554,3826,4271,3159,3308,3431,3385,-20.4668,30.9495,8.73782,47.822
88273,3002,3220,3504,3444,3191,3551,4085,4209,3411,3981,5683,7029,3475,4150,6895,9086,18.8609,18.9287,8.95771,47.944
88274,3121,3394,3705,3924,3388,3721,4336,5664,3335,3844,5678,9745,3318,3809,4930,6625,9.00792,24.5204,8.7198,48.358
88275,3365,3484,3387,3253,3692,4255,3929,3662,4730,6905,5398,4045,5050,7390,5791,4170,16.0986,-4.0114,8.79906,48.3373
88276,3847,3843,3578,3259,4969,5225,3964,3364,6634,7935,4440,3535,4927,5257,3998,3504,6.69604,-12.931,8.98248,48.186
88277,4031,6255,9954,6029,3802,4609,5294,4622,3444,3736,3863,3816,3181,3307,3244,3389,-26.0879,6.91089,8.92151,48.384
88278,4768,6244,4799,3829,5234,7989,5424,3859,4097,4640,4001,3432,3571,3684,3497,3267,-11.1477,-6.80913,8.82297,48.2233
88279,3213,3520,4004,4159,3380,3750,5094,6318,3492,3832,6043,8461,3286,3687,4719,5238,4.36727,20.2289,8.53781,48.1307
88280,5264,4804,3778,3302,7867,6534,3961,3469,5918,5396,3980,3420,4175,4033,3503,3204,-4.6213,-17.9585,8.74062,48.4053
88281,3861,4362,4317,3666,4464,6610,5901,4134,4172,6102,5550,3971,3752,4137,3855,3694,-1.52584,-1.69746,8.93617,48.3653
88282,12586,6127,3887,3391,6057,4703,3848,3347,3896,3774,3477,3227,3331,3412,3270,3176,-29.7579,-27.5567,8.5455,47.6727
88283,4696,7924,8528,5026,4075,4821,4897,4377,3509,3741,3828,3619,3219,3341,3334,3227,-27.8297,0.863272,8.57608,48.108
88284,3103,3441,3701,3787,3354,3747,4494,5239,3386,3970,6030,9003,3284,3887,5184,7054,10.7878,22.164,8.66632,48.4427
88285,6468,7268,4631,3486,5943,6984,4374,3676,4219,4348,3732,3397,3461,3502,3314,3211,-15.842,-12.5968,8.68659,48.0093
88286,3433,4256,7880,10605,3422,3932,5106,5747,3157,3454,3808,4001,3116,3224,3315,3405,-31.7004,18.8584,8.51476,47.9073
88287,4078,4899,5217,4167,4244,6449,7348,4519,3766,4600,4853,4036,3455,3632,3742,3567,-8.23458,1.80002,8.65986,48.3813
88288,4527,8143,8527,4736,4097,4836,4893,4201,3570,3703,3789,3548,3271,3374,3382,3299,-31.8639,0.662598,8.97006,47.9307
88289,3607,3709,3364,3106,4657,4387,3659,3282,8037,6243,4094,3526,7205,5818,4098,3354,12.9397,-18.8953,8.71954,48.0973
88290,3166,3356,3477,3410,3236,3478,3992,4454,3401,3800,5226,8550,3364,3886,5516,9829,17.1131,28.0843,8.67457,48.094
88291,3408,3309,3290,3163,4042,3816,3575,3345,5985,5416,4124,3465,9536,7683,4417,3441,23.0547,-17.7834,8.74364,48.01
88292,3216,3351,3280,3282,3497,3809,3819,3542,4238,4879,5053,4220,4694,8003,8526,4900,29.3055,0.808556,8.53297,48.206
88293,4568,6344,5938,4341,4568,6901,6146,4145,3837,4282,4129,3715,3281,3623,3594,3398,-14.2485,-1.61157,8.77651,48.54
88294,4452,6670,6808,4572,4263,6102,6236,4388,3638,4039,4129,3669,3248,3411,3263,3330,-16.7579,0.577831,8.93595,48.1453
88295,3135,3318,3629,3711,3354,3687,4414,4510,3496,4291,7247,7092,3574,4241,6295,6532,12.9089,15.1796,8.67508,48.3507
88296,6954,6267,4059,3566,7388,6589,4112,3616,4504,4315,3734,3392,3685,3580,3312,3148,-13.4563,-16.511,8.59828,48.1473
88297,3168,3272,3572,3670,3205,3620,4052,4849,3346,3786,5074,9338,3377,3841,5279,8657,13.9565,31.1019,8.87855,48.0707
88298,11759,6944,4065,3441,6182,4913,3798,3356,3835,3830,3418,3226,3386,3360,3230,3159,-26.2993,-22.5466,8.80826,47.9347
88299,3448,3679,4881,5554,3438,4078,6467,8245,3271,3737,5029,5776,3278,3320,3889,4067,-6.34486,18.6733,8.51735,48.1047
88300,3542,3636,3518,3221,4258,4633,3859,3446,5671,7959,4856,3718,5209,6490,4515,3730,12.156,-9.37607,8.5824,48.174
88301,3672,3537,3334,3064,4765,4049,3631,3201,8811,5341,3819,3464,8493,5502,3859,3400,14.1699,-26.0901,8.6055,47.9613
88302,3520,3591,3453,3233,4084,4419,3866,3558,5567,7944,4818,3671,5383,6827,4774,3705,13.0875,-8.95065,8.93153,48.2753
88303,9706,8299,4351,3571,5439,5189,3987,3427,3811,3789,3404,3293,3356,3320,3240,3186,-32.5197,-16.7454,8.78833,47.5787
88304,3109,3246,3485,3401,3131,3502,3904,4299,3352,3886,5482,7191,3494,4130,6654,9975,20.1318,20.7268,8.85809,48.1607
88305,3845,4750,5394,4384,3969,6030,7818,4786,3641,4368,5067,4092,3383,3660,3800,3507,-8.18197,3.71065,8.88377,48.3293
88306,3277,3730,4230,4626,3469,3861,6198,6941,3358,4130,5808,6954,3338,3709,4199,4468,-0.292234,17.8462,8.6005,48.1973
88307,8960,8567,4526,3578,5626,5354,4019,3598,3918,3869,3555,3302,3405,3281,3259,3117,-25.7821,-15.7588,8.62948,47.956
88308,12287,6151,3925,3356,6073,4740,3784,3316,3933,3648,3472,3274,3419,3470,3188,3116,-29.3543,-29.777,8.53964,47.4347
88309,3895,4827,5773,4496,4031,6003,7687,4800,3650,4366,4793,3986,3419,3613,3615,3540,-9.52288,3.62353,8.64159,48.3293
88310,3265,3580,3757,3694,3479,4086,5320,4336,3763,5193,8325,5605,3665,4412,5587,4748,7.89567,8.23812,8.98423,48.5433
88311,11405,7164,4121,3398,5768,5012,3807,3401,3956,3905,3406,3236,3385,3307,3300,3114,-32.0029,-22.0023,8.67394,47.79
88312,3436,3474,3265,3043,3845,3922,3648,3344,5206,5677,4257,3551,7335,9264,5343,3707,24.4203,-10.9578,8.52264,48.2113
88313,3298,3795,4849,6638,3388,3890,5139,9788,3369,3649,4368,5709,3231,3214,3646,3949,-8.6297,32.2463,8.65162,47.9467
88314,12504,6023,3901,3358,6117,4777,3778,3370,3944,3842,3432,3270,3352,3303,3260,3108,-27.8193,-28.381,8.52052,47.5593
88315,3117,3314,3847,4199,3416,3643,4663,6839,3430,3796,5288,9540,3293,3725,4448,5622,4.55618,28.0503,8.76765,48.12
88316,4284,4099,3684,3255,5648,6128,4248,3445,6316,7156,4324,3478,4577,4614,3864,3354,2.30748,-13.2472,8.74091,48.316
88317,3240,3556,4118,4591,3300,3782,5051,7624,3284,3934,5347,8659,3194,3680,4338,4907,1.51316,24.1564,8.95381,48.4033
88318,3420,3576,3405,3324,4091,4517,3966,3528,5056,7430,5315,3962,4999,6731,5143,3954,13.5269,-5.79796,8.71968,48.278
88319,3800,3760,3461,3075,4989,4599,3695,3280,8213,6555,4046,3408,6263,5433,3986,3431,10.3456,-18.2688,8.60624,47.996
88320,6415,9839,5959,3959,4814,5335,4398,3860,3699,3859,3591,3263,3249,3445,3329,3140,-27.7474,-8.28726,8.84474,48.1027
88321,4927,4160,3612,3214,8429,5176,3772,3315,8041,4874,3764,3303,4693,4144,3581,3210,-0.581666,-26.8495,8.6444,48.1433
88322,3101,3490,3874,4133,3301,3672,4624,6283,3298,3833,5246,9799,3318,3690,4579,6033,6.70042,29.6135,8.57521,48.1827
88323,3131,3503,3910,4068,3336,3796,5151,5952,3385,4040,6695,8223,3371,3741,4763,5294,5.47888,18.186,8.95091,48.2393
88324,3141,3436,3751,3982,3296,3683,4629,5739,3408,3893,6187,8883,3300,3812,4907,5919,7.50201,20.7913,8.53394,47.9773
88325,3469,3852,5867,12870,3375,3679,4755,5956,3167,3491,3714,3954,3143,3191,3397,3372,-31.6252,29.1232,8.93445,47.5013
88326,3143,3467,4026,4133,3351,3765,5160,6108,3337,4110,6473,8262,3348,3712,4756,5411,5.00269,18.8863,8.9735,48.3747
88327,3393,3760,4446,4200,3594,4398,6795,5597,3462,4402,6795,5612,3360,3772,4414,4244,-0.135857,11.337,8.7852,48.1627
88328,3217,3358,3477,3374,3530,3691,4169,3751,3934,5131,6437,4885,4125,5837,8182,5311,18.2823,5.14437,8.91566,48.2727
88329,5922,9687,6134,3975,4648,5483,4690,3798,3731,3753,3597,3503,3264,3287,3276,3269,-24.5106,-6.11206,8.85105,48.0113
88330,5301,4670,3700,3364,8364,6153,3972,3443,6393,5146,3793,3412,4226,4019,3417,3084,-4.16664,-19.9079,8.782,48.3047
88331,3523,4158,6259,9954,3505,3848,5217,7465,3170,3445,4045,4156,3092,3330,3433,3433,-18.7503,23.4575,8.51947,48.022
88332,3449,4033,5051,5092,3462,4417,7420,6937,3367,3856,5312,5326,3238,3609,3892,3929,-5.87365,14.5542,8.77822,48.26
88333,3325,3491,3353,3243,3821,3981,3803,3399,4824,6362,4854,3771,5821,8414,5764,3964,19.4238,-6.73973,8.71051,48.1267
88334,3368,3468,3697,3507,3565,4127,4769,4179,3805,5470,7921,5287,3852,4710,6016,4890,10.8307,6.88034,8.6662,48.4207
88335,3145,3260,3511,3573,3293,3511,4172,4663,3408,3829,5065,8895,3296,3696,5422,9003,14.6422,30.7316,8.52284,47.828
88336,3281,3289,3365,3184,3746,3778,3636,3451,4254,5318,4881,3968,5259,8889,7239,4453,25.2109,-2.77369,8.70241,47.994
88337,3129,3390,3338,3278,3558,3699,3859,3598,4170,4900,4871,4060,4751,8190,8245,4672,33.8086,0.107186,8.77709,47.8053
88338,3210,3323,3404,3440,3550,3745,3770,3554,4139,4758,5040,4419,4292,7383,9118,5185,32.2167,2.87105,8.64781,48.22
88339,3535,3766,3923,3619,3915,4854,5168,4048,4175,6604,6919,4316,3988,4686,4788,4052,5.44455,0.638397,8.62534,48.2373
88340,3394,3833,5992,12779,3373,3758,4651,6118,3257,3335,3781,3915,3127,3295,3480,3373,-29.2389,30.7059,8.96799,47.6407
88341,3395,3837,5405,9096,3569,3768,5132,8897,3191,3472,4067,4700,3146,3238,3397,3602,-15.1314,30.7885,8.64808,47.9413
88342,3398,3415,3295,3194,4040,3722,3373,3199,5878,4701,3594,3394,12538,5739,3874,3384,33.2745,-31.646,8.9872,47.1587
88343,3967,6045,9875,5962,3780,4432,5174,4675,3390,3672,3827,3759,3157,3317,3344,3365,-32.9493,6.5721,8.94898,47.8273
88344,6158,5239,3810,3363,8409,6634,3971,3393,5251,4629,3708,3306,3914,3679,3351,3253,-9.26631,-18.6464,8.75512,48.0453
88345,8723,7865,4461,3517,6237,5652,4070,3494,4003,3979,3550,3309,3375,3442,3256,3037,-20.8328,-16.2808,8.63973,47.98
88346,10359,6729,4004,3472,6864,5352,3961,3304,4190,3844,3459,3169,3413,3334,3211,3114,-21.1682,-21.9616,8.54885,47.8527
88347,3257,3810,5214,7833,3388,3871,5464,9313,3141,3501,4109,5114,3169,3404,3620,3724,-12.4565,25.7523,8.53382,47.9547
88348,3678,3553,3369,3089,4783,4381,3619,3340,8408,6126,3944,3496,7586,5761,3929,3366,12.9702,-20.1332,8.91152,48.2853
88349,3378,3366,3477,3441,3658,3998,4361,3839,3950,5536,7263,4793,4019,5398,7131,4920,14.6535,4.86934,8.80217,48.352
88350,4862,8080,7544,4511,4302,5443,5331,4193,3544,3778,3803,3552,3321,3449,3395,3300,-22.3195,-1.13243,8.73299,48.272
88351,3874,4883,5646,4351,4084,6170,7796,4864,3755,4364,4721,3963,3386,3521,3721,3526,-9.35125,3.77544,8.7954,48.4167
88352,4811,8504,8056,4560,4270,4984,4865,4057,3622,3808,3762,3572,3193,3413,3337,3192,-30.0617,-0.788344,8.53498,48.004
88353,3143,3496,3864,4003,3336,3877,5101,5851,3402,4007,6815,7709,3422,3910,4802,5307,5.1071,17.4537,8.57744,48.03
88354,8190,9270,4866,3732,5259,5362,4228,3549,3800,3832,3465,3248,3232,3417,3236,3155,-26.0085,-13.1594,8.56336,47.894
88355,3047,3240,3404,3370,3388,3599,3817,3886,3553,4300,5411,5182,3617,4934,9376,8244,26.2019,13.2075,8.96595,48.2453
88356,3663,3708,3471,3227,4233,4538,3866,3493,5586,8175,5059,3774,5102,6165,4546,3699,11.2429,-8.91453,8.6236,48.2033
88357,3302,3556,4070,4477,3268,3618,4840,7538,3273,3768,5170,8883,3201,3567,4335,5155,2.28047,26.3751,8.86385,48.014
88358,4492,6436,5953,4332,4392,6824,6377,4128,3821,4182,4068,3683,3285,3518,3527,3391,-14.3567,-1.08952,8.81113,48.2727
88359,9203,7216,4382,3556,6492,5513,3949,3553,4050,4003,3567,3214,3408,3481,3315,2998,-20.7505,-18.4386,8.63633,47.9333
88360,3335,3720,4129,3821,3593,4368,6194,4752,3795,4846,7821,5466,3585,4002,4734,4321,3.30035,8.69936,8.72379,48.3213
88361,3384,3833,5993,12349,3272,3764,4609,5980,3229,3423,3700,3956,3057,3265,3464,3456,-32.7126,32.5677,8.64678,47.156
88362,3373,3416,3248,3299,3742,4027,3603,3391,4615,5653,4449,3703,6186,9488,5914,4061,24.4545,-7.37581,8.57496,48.112
88363,3769,3871,3661,3203,4660,5802,4224,3513,5682,8056,4857,3692,4476,4982,4084,3505,5.2408,-9.13878,8.96026,48.0247
88364,3228,3540,4061,4627,3384,3764,5113,7720,3346,3856,5346,8420,3204,3607,4254,4933,1.15146,23.8075,8.60261,48.2687
88365,4471,4259,3574,3343,6698,5760,3948,3372,7041,6179,4041,3403,4722,4427,3805,3266,0.936059,-17.2057,8.80789,48.206
88366,6327,4822,3690,3306,9624,5708,3758,3333,5783,4451,3608,3433,4065,3814,3346,3168,-8.08136,-24.8075,8.89933,48.1573
88367,3340,3776,5048,5698,3508,3935,6337,8568,3321,3754,4800,5713,3164,3460,3872,4005,-7.03295,19.5517,8.51841,48.1993
88368,3791,3732,3438,3177,4822,4774,3864,3360,7193,7293,4236,3380,5662,5701,4157,3470,9.74527,-15.0475,8.64449,48.0333
88369,3226,3260,3447,3478,3234,3373,3740,4033,3326,3762,4728,5967,3325,3822,6053,12412,33.7793,29.5706,8.59054,47.4573
88370,3249,3440,3277,3232,3574,3837,3860,3553,4156,5561,5624,4301,4664,7580,7561,4712,20.1284,0.250826,8.89943,48.1207
88371,3087,3320,3347,3328,3264,3541,3756,3943,3483,4047,5240,5430,3576,4632,8642,9253,30.2314,15.1021,8.80144,47.926
88372,10405,7686,4158,3448,6107,5206,3970,3495,4012,3814,3455,3296,3408,3426,3091,3047,-24.8713,-19.1267,8.65905,48.016
88373,5294,4856,3819,3356,7518,6866,4085,3502,5678,5296,3730,3397,4153,4008,3532,3179,-5.4214,-16.9219,8.65674,48.1793
88374,3791,4311,4170,3828,4191,6018,6005,4228,4186,5981,5984,4154,3804,4219,4147,3714,-0.21096,-0.0626659,8.70813,48.4873
88375,3102,3255,3378,3428,3213,3541,3874,3929,3372,3973,4995,5712,3415,4311,7728,10929,28.821,19.7292,8.93622,48.1033
88376,3721,3722,3507,3151,4932,4936,3768,3459,7067,7587,4462,3692,5525,5494,3960,3419,8.18231,-14.2245,8.7047,48.268
88377,11882,5903,3910,3350,6882,4852,3776,3469,4237,3854,3414,3226,3363,3439,3236,3065,-23.329,-29.155,8.53951,47.9053
88378,3114,3364,3767,3912,3182,3612,4531,5881,3373,3755,5453,9864,3262,3701,4774,6489,8.23332,26.3089,8.91866,48.0227
88379,5844,8181,5317,3776,5296,6646,4674,3774,4055,4070,3697,3498,3403,3497,3343,3254,-17.9891,-8.66598,8.6795,48.2167
88380,3426,3243,3201,3280,3893,3863,3412,3306,6296,4772,3870,3239,12628,5877,3861,3332,25.8719,-30.8104,8.94467,47.666
88381,2952,3260,3494,3403,3289,3609,3943,3829,3662,4335,5999,5512,3657,4828,8769,7532,21.2842,12.5909,8.87232,48.0487
88382,3689,4104,4128,3593,4170,5921,5547,4118,4332,6258,6063,4139,3786,4307,4360,3727,1.56597,-0.512059,8.58389,48.1613
88383,3197,3359,3634,3764,3177,3524,4242,5192,3492,3832,5229,9762,3381,3868,5006,7454,11.1639,31.4114,8.5318,48.0753
88384,6903,9621,5625,3926,4884,5419,4354,3653,3802,3836,3642,3427,3289,3333,3313,3103,-26.3267,-9.53006,8.60934,48.0867
88385,11669,5912,3851,3337,7336,4983,3714,3324,4158,3843,3487,3250,3439,3465,3198,3099,-21.2268,-30.5421,8.83331,48.0433
88386,3261,3417,3916,4106,3393,3842,5113,5510,3344,4060,6685,7893,3417,3829,4846,5543,5.91596,17.8336,8.70634,48.1167
88387,3112,3411,3820,3929,3395,3599,4496,5918,3384,3825,5141,9571,3307,3752,4817,6111,7.30296,33.4508,8.6284,47.7253
88388,3927,4260,3889,3589,4598,6635,5195,3852,4862,6718,5179,3811,3967,4276,4103,3666,0.309043,-4.56487,8.68258,48.3513
88389,3182,3298,3369,3301,3222,3434,3718,3991,3414,3835,4896,6460,3431,3916,5910,12361,24.8213,31.8821,8.93729,47.8253
88390,3138,3399,3671,3918,3310,3641,4441,5927,3283,3872,5648,9703,3318,3693,4844,6279,7.67307,24.1905,8.99695,48.0567
88391,3414,3329,3245,3069,4000,3913,3550,3264,6029,5637,4077,3532,8511,8450,4559,3576,22.0815,-15.3061,8.96214,48.1033
88392,3368,3643,4327,5293,3340,3700,5141,9042,3337,3793,4774,7346,3219,3461,4030,4475,-2.68133,27.2222,8.86053,48.1927
88393,3595,4519,7437,6302,3545,4501,7147,6076,3273,3770,4348,4235,3167,3416,3536,3548,-15.0965,12.2327,8.91246,48.2767
88394,12522,6136,3886,3454,6004,4724,3752,3333,3967,3739,3474,3228,3334,3379,3278,3089,-29.8104,-28.605,8.61366,47.5327
88395,3360,3388,3604,3661,3613,4283,4624,4030,4072,6048,7716,4696,4042,5057,5891,4472,10.596,3.77279,8.94977,48.3713
88396,3081,3313,3335,3391,3272,3462,3814,4014,3407,3783,5048,6053,3438,4217,7399,10956,26.1441,20.5147,8.61141,47.9887
88397,4936,4309,3575,3193,8425,5328,3721,3337,7783,5140,3712,3432,4459,3990,3624,3166,-1.25911,-24.1492,8.99477,48.0867
88398,10229,5743,3916,3365,7923,5193,3790,3352,4298,3916,3628,3373,3436,3451,3237,3113,-18.0136,-33.2417,8.65999,47.9753
88399,7095,5187,3707,3356,9294,5847,3896,3341,5142,4393,3657,3278,3827,3582,3280,3112,-10.6761,-22.9569,8.67954,47.996
88400,3461,4124,5395,5576,3541,4278,7452,7261,3386,3824,5069,4951,3217,3420,3777,3829,-8.359,14.6193,8.68411,48.374
88401,3992,5981,8290,5435,3888,5024,6396,4796,3471,3791,4010,3777,3115,3362,3510,3298,-18.7042,5.16941,8.98821,48.0907
88402,3247,3453,3990,4813,3249,3757,5048,8243,3381,3706,5017,8421,3162,3517,4163,4771,0.149204,27.386,8.93159,47.9587
88403,4668,4658,3835,3414,6402,7185,4413,3539,5622,5931,4086,3409,4112,4094,3583,3300,-2.95685,-13.6673,8.61123,48.1673
88404,5520,4614,3509,3164,9289,5451,3827,3351,6495,4814,3639,3316,4111,3922,3471,3237,-4.83691,-24.0392,8.7415,47.82
88405,3166,3219,3369,3331,3577,3690,3896,3740,3933,4743,5553,4564,4344,6607,9011,5543,23.0845,4.56948,8.64491,48.1907
88406,3541,3836,4075,3791,3749,4931,6165,4325,3955,5386,7287,4723,3743,4085,4612,4120,2.41205,4.54697,8.55344,48.216
88407,3079,3298,3331,3417,3256,3522,3883,4235,3283,3774,5040,7835,3407,3950,5688,10548,18.7417,32.3219,8.64562,47.6973
88408,5100,6261,4625,3815,5393,8003,5237,3740,4140,4630,3891,3555,3575,3630,3449,3239,-11.5356,-8.28715,8.70508,48.1887
88409,7345,5351,3901,3432,9084,5866,3952,3358,5084,4243,3606,3248,3656,3748,3386,3157,-11.6185,-22.2387,8.89445,48.278
88410,3221,3546,4037,4347,3379,3931,5495,6486,3500,3882,6350,7891,3296,3674,4546,4971,2.5596,18.5113,8.9927,48.368
88411,3266,3258,3353,3140,3615,3768,3582,3499,4477,5225,4617,3949,5603,9610,6838,4206,29.6457,-4.67235,8.94796,48.004
88412,3322,3444,3264,3062,3654,3902,3595,3379,5078,5244,4374,3709,6963,9987,5233,3767,33.8553,-10.023,8.71405,47.9847
88413,3662,4522,7092,6888,3607,4289,6689,6465,3317,3708,4118,4282,3164,3411,3675,3421,-16.1387,14.3,8.56245,48.2067
88414,4929,6406,4756,3885,5128,7916,5248,3742,4100,4604,4052,3517,3570,3536,3425,3359,-11.6811,-6.49541,8.70471,48.1153
88415,3781,3535,3391,3075,4952,4193,3518,3330,9130,5555,3914,3264,7780,5219,3970,3310,12.5318,-23.3764,8.9496,47.9447
88416,5086,5770,4429,3607,5715,7922,4758,3631,4406,4871,4051,3538,3651,3780,3514,3390,-9.58509,-9.84985,8.59611,48.0793
88417,3336,3319,3246,3132,3891,3768,3376,3268,5930,4688,3836,3413,12620,6044,3872,3440,29.4768,-33.2098,8.79675,47.4527
88418,3138,3219,3357,3316,3429,3798,4026,3638,3805,4674,6226,4968,4046,5659,8791,6037,20.3789,7.55323,8.57062,48.0847
88419,3619,3592,3388,3231,4593,4285,3733,3343,7054,6944,4288,3567,6739,6220,4343,3444,13.0144,-15.7571,8.88676,48.2553
88420,3036,3211,3391,3442,3276,3606,3939,4173,3373,4054,5677,6597,3493,4221,7370,9209,20.459,18.3383,8.98779,48.0453
88421,3364,3889,4522,4429,3543,4378,7065,6280,3449,4082,6161,5611,3318,3690,4211,4328,-1.88087,13.4018,8.89522,48.2133
88422,11051,7284,4059,3367,5750,4926,3894,3409,3959,3904,3487,3241,3446,3456,3270,3246,-32.9965,-20.833,8.69958,47.8327
88423,11917,6436,3976,3319,5913,4898,3846,3474,3982,3848,3442,3227,3447,3403,3293,3129,-31.9414,-24.3656,8.7066,47.7
88424,3350,3647,4480,5633,3362,3889,5151,9578,3295,3666,4512,6727,3199,3479,3865,4102,-5.17787,32.8933,8.61581,47.9567
88425,3381,3580,4361,5305,3389,3807,5124,9327,3256,3621,4586,7067,3288,3584,3999,4366,-3.63669,32.0289,8.77559,48.0273
88426,3110,3238,3544,3698,3232,3589,4123,5049,3388,3823,5486,9578,3405,3812,5262,7922,12.8794,26.1339,8.79725,48.1727
88427,3088,3371,3535,3524,3176,3359,4015,4276,3416,3784,5116,7496,3387,3981,6199,10286,19.0829,23.2832,8.84937,48.006
88428,3208,3509,3951,3877,3364,3882,5168,5130,3584,4320,7558,6791,3522,3921,5132,5028,6.27092,13.884,8.81659,47.9633
88429,4659,7088,7174,4577,4196,5826,5840,4210,3601,3938,3923,3622,3271,3387,3516,3308,-18.9002,0.133212,8.72719,48.0907
88430,4688,4424,3753,3351,6729,6543,4151,3401,6355,5997,3916,3552,4483,4243,3708,3244,-1.08464,-16.01,8.92468,48.3587
88431,6256,4671,3737,3375,9944,5157,3848,3431,5867,4456,3605,3414,3779,3701,3332,3166,-7.71968,-33.2133,8.67515,47.826
88432,3208,3444,3413,3283,3495,3784,3763,3546,4141,5255,5313,4181,4706,7750,8053,4888,23.2697,0.697077,8.67286,48.1487
88433,5163,4237,3597,3210,8941,4990,3769,3306,7722,4749,3807,3280,4583,4092,3404,3270,-1.96546,-28.1488,8.62278,48.08
88434,3116,3258,3368,3406,3370,3459,3887,4022,3405,3719,4952,6955,3369,3801,5943,12021,22.9685,30.6669,8.98317,48.034
88435,3212,3308,3458,3432,3157,3503,4108,4211,3466,4112,5796,6814,3497,4286,7140,8633,18.698,17.7888,8.76225,48.0887
88436,4740,4464,3645,3365,6973,6321,4138,3516,6287,5865,4026,3422,4382,4109,3546,3307,-1.40811,-16.6724,8.70301,48.0707
88437,3362,3833,4455,4303,3621,4462,6738,5817,3511,4347,6492,5642,3528,3803,4132,4230,-0.638857,12.3276,8.58469,48.184
88438,3123,3231,3383,3492,3289,3488,4052,4242,3488,4053,5793,6915,3511,4225,7024,8642,18.548,18.2467,8.57059,47.9673
88439,9272,8394,4506,3592,5627,5310,3956,3464,3892,3948,3542,3364,3482,3393,3259,2989,-26.2595,-16.2071,8.66734,47.9933
88440,4178,6504,9521,5813,3807,4588,5299,4551,3424,3596,3828,3725,3271,3245,3382,3302,-26.6801,5.71471,8.77675,48.0227
88441,3349,3655,4588,5804,3367,3730,5237,9463,3311,3495,4680,6659,3152,3570,3928,4187,-5.40146,27.2481,8.51562,48.1167
88442,3216,3795,5036,7490,3483,3858,5504,9457,3303,3501,4355,5035,3114,3341,3720,3684,-11.5931,24.5101,8.79813,47.928
88443,4028,4904,4652,3905,4432,7417,6260,4201,4189,5226,4834,3662,3584,3816,3835,3585,-6.33528,-1.85835,8.94583,48.3533
88444,3264,3880,5376,6866,3404,3987,6266,8845,3309,3635,4478,5127,3182,3330,3609,3872,-10.8012,20.482,8.69993,48.2867
88445,3374,3336,3351,3085,4039,3822,3480,3258,6803,4769,3783,3344,12333,5877,3902,3357,23.3248,-29.7857,8.92977,47.942
88446,6327,7218,4778,3661,5996,7263,4692,3662,4133,4237,3844,3334,3478,3505,3363,3129,-15.6027,-10.9348,8.61456,48.4133
88447,4350,5737,5331,4047,4500,7381,6294,4114,3862,4438,4385,3684,3454,3648,3516,3411,-10.9402,-1.9212,8.97516,48.1013
88448,3110,3531,4003,4392,3212,3653,4808,7711,3311,3805,5016,9146,3195,3676,4316,5070,2.01307,30.5823,8.87016,47.97
88449,3195,3446,3352,3254,3397,3593,3800,3675,3758,4448,5153,4822,3913,5896,9784,6380,30.8295,7.96319,8.74775,47.9107
88450,3097,3258,3495,3462,3205,3453,4059,4433,3267,3924,5103,8455,3396,3783,5560,9934,16.876,30.8434,8.93158,47.9227
88451,3776,4517,6220,5294,3716,4897,8036,5647,3465,3977,4603,4096,3211,3531,3575,3543,-11.4904,9.25134,8.75415,48.0693
88452,4154,4692,4490,3803,4881,7279,5635,3950,4412,5715,4790,3663,3799,3939,3767,3504,-4.25411,-4.64244,8.53632,48.3153
88453,8879,8264,4588,3606,6039,5552,4024,3526,4068,3911,3514,3245,3464,3424,3237,3018,-22.625,-15.6541,8.58491,48.2393
88454,3399,3913,5251,8941,3416,3810,5242,8878,3235,3574,4037,4631,3114,3232,3585,3607,-15.2032,31.6443,8.7295,47.91
88455,3434,3956,5253,6616,3402,4028,6142,8802,3215,3537,4466,5182,3145,3346,3724,3868,-10.0049,20.4123,8.84875,48.0773
88456,3384,3357,3440,3149,3819,3986,3695,3380,5027,5807,4511,3824,6707,9355,5368,3817,23.0186,-9.64193,8.51935,48.4173
88457,3421,3454,3214,3045,3963,3914,3508,3167,5970,5656,4060,3426,9101,8108,4617,3509,22.0439,-16.5182,8.8441,48.0887
88458,3341,3862,5266,8494,3371,3821,5331,9094,3268,3442,4216,4808,3067,3276,3608,3691,-13.8103,27.1714,8.81805,47.9707
88459,3362,3971,5825,12576,3362,3766,4795,5880,3279,3416,3694,3878,3165,3216,3399,3420,-31.9252,32.9057,8.66643,47.336
88460,4781,5068,4112,3516,5883,8137,4816,3705,4841,5628,4129,3535,3736,3891,3624,3294,-5.88491,-10.3864,8.92034,48.464
88461,3798,4392,4434,3872,4175,6703,6436,4345,4074,5553,5418,4043,3625,3985,4065,3641,-2.93792,-0.267293,8.95581,48.3727
88462,4116,3817,3541,3079,6058,4462,3655,3187,9732,5454,3799,3348,6185,4690,3790,3241,6.5714,-25.5467,8.77544,48.1027
88463,4574,4025,3542,3166,7833,4910,3729,3318,8791,4974,3823,3350,5208,4253,3729,3141,1.61066,-27.8615,8.89416,48.244
88464,3087,3204,3355,3461,3326,3377,3848,3993,3344,3675,4820,6220,3547,3951,5990,12349,27.7647,29.9069,8.64308,47.698
88465,3366,3695,4192,4930,3299,3821,5378,7864,3268,3726,5168,7600,3293,3648,4091,4651,-0.858544,22.6491,8.52187,47.9933
88466,4384,4281,3716,3352,6706,6222,3944,3526,6938,6236,3965,3544,4614,4246,3664,3411,0.609103,-16.9608,8.86418,48.4993
88467,3241,3513,4144,4636,3267,3846,5544,7249,3508,3873,5771,7696,3310,3723,4324,4851,1.1857,19.9176,8.8537,48.3307
88468,4280,6434,7372,4889,4205,5726,6276,4494,3601,3866,3997,3728,3283,3403,3412,3240,-17.7296,2.092,8.61491,48.1373
88469,3271,3311,3644,3748,3443,3746,4548,4789,3508,4265,7256,7162,3536,4134,5950,5966,11.1273,14.9272,8.84893,48.1847
88470,3336,3382,3218,3187,3777,3796,3683,3291,4810,5308,4312,3792,6509,9957,5708,3893,32.8875,-8.65966,8.79958,47.9727
88471,8786,5353,3795,3335,9064,5127,3759,3437,4753,4093,3594,3194,3606,3463,3255,3185,-14.7653,-29.3206,8.67332,47.866
88472,12679,6058,3806,3309,6027,4791,3781,3406,3965,3860,3543,3282,3343,3244,3164,3140,-29.1511,-29.0438,8.95098,47.5987
88473,3550,4666,6598,5603,3680,4677,7643,6014,3441,3840,4530,4333,3270,3387,3563,3597,-12.9012,10.8222,8.84383,48.2613
88474,4127,5343,6501,4764,3931,5789,7442,4707,3700,4048,4533,3831,3287,3441,3531,3446,-13.0876,3.73441,8.60372,48.2807
88475,3321,3413,3230,3110,3845,3953,3689,3495,4611,6263,4896,3928,5385,8816,6308,4087,20.6461,-4.85402,8.87188,48.2333
88476,3227,3416,3867,4226,3295,3677,4715,6990,3295,3769,5167,9499,3239,3607,4513,5589,4.06779,30.791,8.61747,48.0607
88477,6132,4646,3717,3331,9901,5097,3863,3345,6080,4482,3672,3344,3891,3805,3472,3185,-6.96659,-31.2308,8.65843,47.9753
88478,6444,4702,3745,3308,9860,5462,3742,3339,5997,4604,3575,3324,4001,3872,3362,3180,-7.93906,-26.5024,8.79399,48.3447
88479,3202,3564,4132,4836,3286,3749,4939,8471,3315,3769,4896,7988,3231,3551,4141,4753,-0.826597,27.478,8.65475,47.882
88480,5342,8000,5661,3977,4715,6492,5108,3949,3851,4145,3951,3545,3378,3411,3372,3207,-18.0683,-5.97351,8.52332,48.0693
88481,3158,3378,3632,3821,3368,3511,4155,5285,3463,3954,5258,10018,3324,3803,4942,7204,10.5476,32.1902,8.94264,48.1827
88482,6192,6723,4460,3560,6283,7355,4471,3576,4235,4374,3804,3391,3581,3607,3334,3060,-13.7228,-12.2124,8.56173,48.004
88483,3148,3276,3509,3458,3275,3596,4028,4320,3414,3884,5739,7443,3381,4117,6640,9308,18.4805,20.2979,8.86962,48.3573
88484,3803,4925,6959,5367,3751,5016,7474,5324,3533,3856,4515,4131,3213,3425,3572,3472,-14.0086,8.50255,8.63267,48.224
88485,3307,3401,3294,3165,3727,3710,3733,3378,4635,5372,4594,3789,5764,9958,6405,4187,27.0768,-5.71233,8.92669,48.2793
88486,4850,7210,6223,4277,4546,6519,5755,4154,3876,4095,3925,3540,3327,3510,3394,3320,-16.8227,-2.35929,8.7525,48.3473
88487,3283,3618,4273,4908,3293,3715,5351,8419,3302,3773,5128,7928,3196,3476,4096,4588,-0.791737,24.1323,8.92826,48.2313
88488,4557,4064,3650,3183,6574,5688,3899,3313,7194,6155,3939,3415,4754,4339,3701,3336,1.5537,-18.061,8.65057,47.8407
88489,8561,7912,4463,3577,6082,5731,4047,3524,3858,3919,3653,3261,3414,3350,3331,3186,-21.0786,-16.7871,8.50209,47.9127
88490,6149,5200,3786,3318,8714,6558,3999,3374,5498,4573,3615,3438,3875,3711,3442,3117,-8.49135,-19.6116,8.85658,48.2447
88491,3244,3284,3447,3449,3317,3528,3778,3783,3680,4296,5255,5147,3713,5403,10029,6883,33.4564,10.1321,8.91344,48.1573
88492,4416,3928,3435,3128,6986,4646,3750,3195,9602,5286,3811,3325,5371,4345,3582,3265,4.11484,-26.3061,8.96397,48.0473
88493,4533,7127,7639,4724,4129,5580,5718,4291,3575,3810,3962,3698,3167,3378,3369,3251,-20.2676,0.790102,8.87744,47.9673
88494,4478,4080,3542,3169,7529,4759,3659,3393,9134,4976,3778,3389,4966,4342,3634,3264,2.42348,-32.1758,8.77755,48.0613
88495,3499,3401,3282,3019,4248,3905,3423,3251,7252,5280,3842,3343,10561,6341,4030,3356,19.9477,-23.9382,8.9276,48.022
88496,3429,3910,4610,4432,3509,4545,7359,5726,3540,4181,6142,5250,3428,3741,4097,3877,-2.47624,11.1955,8.95591,47.8507
88497,3352,3492,3472,3280,3611,4020,3909,3548,4298,6064,5979,4096,4724,7158,6776,4490,17.9165,-0.428792,8.88705,48.1793
88498,3162,3310,3350,3390,3227,3428,3957,4314,3457,3752,5068,7723,3442,3827,5857,10551,18.7898,33.0189,8.87036,47.8767
88499,3547,3564,3313,3058,4568,4312,3655,3347,7099,6463,4106,3476,7463,6533,4317,3431,15.5817,-17.0879,8.56084,48.168
88500,3346,3427,3208,3144,4049,3782,3484,3285,6652,5220,3938,3391,10465,7136,4176,3392,22.195,-20.6006,8.69686,48.0633
88501,6457,4649,3761,3240,9965,5262,3729,3401,6125,4399,3572,3266,4029,3736,3332,3208,-7.47709,-28.5178,8.7678,48.0873
88502,3123,3300,3299,3269,3393,3571,3892,3874,3637,4261,5159,4857,3771,5357,9899,7269,30.5611,10.5081,8.60908,47.954
88503,3144,3321,3812,3780,3384,3815,4900,4572,3596,4588,7937,6712,3547,4174,5732,5384,9.68983,12.7171,8.96639,48.2653
88504,3025,3227,3438,3363,3276,3571,3742,3960,3504,4173,5249,5470,3644,4665,8843,8743,25.3554,14.8366,8.88434,47.9287
88505,3471,3311,3242,3006,4069,3986,3409,3224,6431,5471,3961,3370,9798,7561,4223,3526,22.294,-18.525,8.86617,48.0393
88506,3332,3923,5827,9593,3269,3838,5311,8182,3368,3617,4007,4497,2991,3300,3498,3499,-16.9219,25.7153,8.54292,48.0347
88507,3427,3720,4218,4251,3555,4251,6658,5553,3581,4309,6767,5873,3428,3792,4404,4278,0.423842,12.2762,8.83665,48.0433
88508,3260,3771,4762,6689,3445,3797,5308,9986,3285,3604,4400,5734,3168,3332,3763,3938,-8.72227,26.9065,8.99982,48.1613
88509,4481,4549,3882,3319,5947,7244,4396,3595,5483,6144,4291,3459,4213,4260,3736,3436,-2.12584,-12.2716,8.67147,48.29
88510,4370,5887,5262,3987,4587,7622,6120,4089,3964,4472,4246,3650,3408,3591,3577,3414,-11.411,-2.67302,8.94417,48.164
88511,3231,3201,3334,3254,3505,3597,3849,3713,3724,4549,5320,4675,3976,6072,9938,5950,33.3541,6.44619,8.75308,47.9253
88512,4124,6287,8847,5419,3892,4851,5998,4618,3415,3775,3975,3808,3221,3382,3382,3240,-21.8858,4.7274,8.55773,48.156
88513,3357,4054,6476,11248,3355,3923,4942,6746,3213,3523,3900,4038,3047,3328,3471,3410,-22.9689,23.7326,8.61526,48.0207
88514,3345,3988,6188,11826,3348,3866,4920,6889,3181,3482,3916,4053,3018,3098,3419,3359,-22.7972,26.3115,8.88893,47.9307
88515,6798,5523,3909,3407,8326,6422,3978,3450,4891,4495,3689,3372,3727,3635,3339,3154,-11.3559,-19.3202,8.51809,48.0767
88516,3072,3441,3872,4177,3294,3684,4704,6432,3441,3903,5682,9286,3251,3666,4552,5874,5.54744,23.7296,8.71715,48.2207
88517,4337,5726,5966,4281,4384,6545,6749,4366,3692,4273,4352,3771,3281,3550,3483,3328,-12.66,0.255943,8.7603,48.056
88518,3425,3375,3166,3135,4266,3947,3472,3203,7606,4951,3913,3300,10832,5639,3910,3456,19.5297,-31.9457,8.81617,47.7307
88519,5084,4288,3578,3274,9035,4964,3790,3273,7485,4557,3662,3326,4368,4080,3394,3196,-2.60248,-30.9999,8.98201,47.5693
88520,3386,3423,3218,3130,3859,3854,3647,3352,5199,5846,4440,3728,6965,9283,5196,3816,22.7257,-10.0556,8.92902,48.228
88521,3400,3359,3285,3192,3759,3669,3476,3301,5911,4736,3661,3293,12877,5984,3915,3299,32.1868,-29.4161,8.85155,47.4113
88522,3178,3217,3381,3440,3279,3512,3899,4014,3468,4188,5322,5649,3628,4566,8096,9156,24.6102,16.8666,8.5213,47.9953
88523,3433,4092,6373,9982,3368,3801,5367,7253,3236,3648,4006,4221,3019,3221,3423,3499,-19.5469,22.086,8.71605,47.9613
88524,3327,3300,3239,3247,3612,3811,3744,3434,4288,4905,4806,3889,5039,8907,7767,4506,32.3486,-1.39419,8.95488,47.8807
88525,3423,3412,3234,3126,4065,3818,3427,3257,6203,4812,3745,3451,12014,6588,4193,3335,26.3011,-23.9598,8.99579,48.0687
88526,3171,3442,3843,4022,3377,3899,4927,5155,3400,4190,7253,7548,3349,3885,5057,5506,7.25084,16.1957,8.83078,48.016
88527,3410,3361,3324,3183,3615,3869,3670,3475,4470,5180,4733,3955,5295,9124,7083,4318,32.6524,-3.27294,8.5615,48.0433
88528,4354,5269,4740,3771,4876,7726,5909,3986,4175,5052,4428,3578,3584,3695,3654,3333,-7.7523,-4.47844,8.76109,48.0867
88529,3405,4029,6716,11576,3326,3865,4936,6499,3337,3425,3891,3947,3122,3163,3351,3453,-23.7383,23.2931,8.83059,48.0273
88530,3228,3307,3333,3253,3593,3751,3698,3603,4170,4938,4907,4196,4858,8584,8014,4771,29.7578,-0.658692,8.76252,48.136
88531,3462,3604,3508,3224,3935,4299,4095,3554,4737,6998,5579,4168,4684,6680,5516,4140,14.2437,-3.66403,8.57591,48.122
88532,3413,3311,3238,3178,3882,3656,3388,3221,6031,4651,3757,3380,12632,6056,3980,3383,30.738,-30.3734,8.79669,47.438
88533,3312,3414,3302,3076,3920,3813,3519,3240,5690,4993,3957,3432,10667,7625,4257,3453,30.4632,-19.0148,8.61218,47.78
88534,3428,4098,7134,10650,3358,3956,5204,6579,3277,3622,3817,4152,2993,3208,3397,3442,-22.3623,20.903,8.98562,48.21
88535,3904,3841,3387,3134,5970,4615,3607,3256,9424,5652,3859,3313,6236,4979,3758,3348,7.63208,-23.8784,8.57738,48.1887
88536,3513,3799,4228,4150,3665,4596,6671,4970,3719,4745,7151,5126,3516,3809,4320,4173,0.918524,8.24575,8.75202,48.1007
88537,4579,4010,3444,3282,7809,4757,3822,3322,8683,4950,3835,3235,5042,4280,3671,3147,1.77376,-28.3465,8.70634,47.912
88538,3112,3303,3313,3441,3125,3418,3721,4015,3385,3754,4874,6334,3496,4021,5898,12557,27.2244,29.1645,8.66086,47.8447
88539,3444,3384,3224,3102,3874,3791,3426,3327,5943,4767,3723,3358,12705,5839,3808,3374,32.9768,-30.2761,8.88564,47.3927
88540,3281,3740,4194,4544,3337,3981,5871,6619,3462,4096,6149,7035,3306,3600,4396,4650,0.751892,16.9684,8.68409,48.174
88541,3347,3919,5697,10061,3349,3816,5027,8457,3336,3468,4011,4342,3131,3184,3403,3479,-17.5419,30.335,8.96787,48.018
88542,3510,4576,7975,8183,3481,4049,5846,6232,3259,3530,3948,4114,3122,3337,3451,3485,-19.9415,15.7783,8.90061,48.0653
88543,3147,3370,3744,4026,3300,3630,4438,6142,3407,3821,5204,10020,3297,3709,4742,6220,7.25838,31.6811,8.89288,48.1447
88544,3076,3360,3714,3854,3304,3524,4186,5246,3304,3838,5189,9811,3321,3957,4973,7520,11.1965,28.5689,8.71897,48.118
88545,3469,3766,5524,9461,3506,3780,5129,8475,3230,3521,4127,4469,3164,3351,3481,3595,-16.0627,33.4295,8.69636,48.032
88546,4305,6981,8276,5182,4099,5026,5763,4386,3597,3772,3954,3774,3154,3275,3406,3300,-21.5733,2.49766,8.9083,48.1667
88547,3186,3249,3303,3356,3238,3470,3795,4054,3416,3817,4797,6396,3328,4007,6361,12070,25.2385,25.3604,8.51859,47.8953
88548,3736,4353,4816,4202,3915,5560,7706,4791,3698,4624,5655,4329,3461,3841,4004,3738,-4.8524,4.92723,8.73264,48.286
88549,3317,3862,5665,10001,3310,3808,5118,8464,3292,3600,3914,4375,3037,3194,3431,3556,-17.1428,28.0665,8.99139,47.9627
88550,3881,5432,9829,7048,3705,4237,5277,4846,3348,3663,3807,3779,3119,3183,3392,3364,-31.9963,9.98469,8.90781,47.94
88551,3137,3416,3560,3481,3485,3788,4436,4156,3807,5074,7508,5206,3761,4994,7069,5424,14.5502,8.16947,8.75635,48.2013
88552,12402,6114,3886,3343,6098,4731,3788,3377,3948,3776,3508,3289,3349,3422,3182,3157,-31.2522,-26.8722,8.79777,47.58
88553,8997,5375,3841,3329,8943,5363,3977,3372,4700,4004,3500,3268,3577,3520,3271,3067,-15.329,-26.1241,8.76705,48.0693
88554,4209,4178,3726,3329,5754,6181,4305,3453,6162,7141,4241,3559,4482,4631,3887,3352,1.60836,-12.8889,8.95442,48.3933
88555,3222,3678,4473,5654,3384,3739,5165,9510,3220,3709,4620,6982,3172,3436,3935,4287,-4.30183,29.3923,8.65802,48.124
88556,3182,3266,3415,3538,3283,3538,3970,4197,3453,3855,5335,7022,3389,3993,6658,10082,20.1768,20.9252,8.80869,48.1173
88557,3350,3659,4352,4806,3394,3923,5859,7520,3425,3822,5754,6751,3217,3683,4207,4359,-1.34801,18.8459,8.52074,48.054
88558,3314,3522,3633,3639,3455,3978,5109,4570,3791,4942,8013,5789,3565,4294,5432,5045,7.98923,9.78621,8.50874,48.0607
88559,3127,3265,3380,3393,3314,3623,4010,4035,3533,4127,5759,5960,3479,4510,8317,8640,21.9496,15.4994,8.77093,48.3147
88560,4961,4671,3783,3416,7164,6925,4148,3504,5749,5544,3850,3539,4262,4116,3554,3344,-3.54799,-16.0363,8.91178,48.3533
88561,3102,3274,3450,3404,3216,3500,3797,4002,3369,3887,4999,6089,3478,4257,7230,11081,26.0871,20.8893,8.62309,48.09
88562,4200,3937,3447,3185,6964,4659,3652,3357,9402,5140,3756,3328,5462,4398,3677,3263,3.9494,-27.1137,8.92844,47.8847
88563,3142,3260,3416,3345,3393,3713,3989,3739,3813,4815,5870,4799,4098,6154,9085,5793,22.091,6.14179,8.94762,48.2827
88564,3369,3463,3533,3302,3754,4306,4171,3653,4354,6942,6255,4269,4398,6052,5839,4341,13.4347,-1.20343,8.67003,48.0007
88565,3614,4646,8891,9079,3640,4035,5182,5446,3320,3641,3770,3856,3089,3193,3398,3350,-31.5135,15.0277,8.50976,48.1
88566,3634,4285,5597,5095,3738,4770,8076,6000,3491,4026,4958,4405,3291,3599,3706,3630,-8.85337,10.1222,8.57115,48.2007
88567,8284,5275,3746,3222,9362,5217,3848,3395,5018,4145,3486,3292,3776,3631,3343,3073,-13.0969,-28.6975,8.62829,48.0753
88568,4803,5277,4166,3574,6303,7758,4666,3652,4904,5172,4119,3523,3847,3838,3480,3285,-6.90698,-11.8807,8.50362,48.2447
88569,3383,3436,3192,3021,4093,3796,3430,3215,6384,4852,3790,3307,12022,6443,4163,3399,25.3668,-24.7024,8.8215,47.9507
88570,3250,3628,4044,4000,3367,3997,5537,5338,3560,4442,7645,6695,3415,3880,4878,4875,5.32356,13.5522,8.50218,48.3673
88571,4278,4036,3504,3217,6436,5477,3905,3413,8002,6165,4014,3410,5078,4456,3727,3379,3.09604,-19.1997,8.7144,48.3313
88572,3813,5465,9829,7202,3642,4324,5235,4855,3426,3637,3754,3807,3158,3297,3443,3365,-27.23,10.1072,8.68333,48.168
88573,3162,3441,3441,3306,3735,3952,3912,3570,4501,6318,5410,4092,4761,7566,6461,4280,18.1909,-2.44311,8.53843,47.9387
88574,3613,3416,3214,3163,4535,4229,3563,3290,7866,6015,4089,3498,8188,6201,4037,3404,15.5284,-20.1683,8.71186,48.214
88575,3082,3336,3443,3479,3298,3515,3777,4063,3461,3700,4964,6948,3326,3950,5886,11673,21.8845,29.1424,8.66252,47.934
88576,3417,3430,3433,3216,3817,4160,3803,3413,5263,6474,4691,3714,6081,8367,5114,3857,18.6538,-9.13968,8.62512,48.1667
88577,3362,3485,3219,3013,3818,3727,3588,3339,5147,5271,4202,3741,7926,9653,5089,3661,33.2124,-12.2716,8.67858,48.1607
88578,3392,3338,3233,3181,3884,3690,3585,3208,5635,5033,3961,3533,10041,8227,4315,3427,32.2871,-17.5183,8.94669,47.7887
88579,3239,3381,3399,3296,3624,3930,4063,3738,4013,5365,6328,4545,4362,6343,7806,5022,18.6078,2.91594,8.86438,48.3027
88580,4131,5660,7163,4925,4025,5780,7093,4642,3540,3921,4289,3841,3225,3506,3452,3326,-15.1424,3.9453,8.87409,48.346
88581,3165,3319,3612,3625,3227,3611,4310,4695,3493,3949,5922,7991,3448,4059,5929,7513,14.0845,19.7683,8.56458,47.912
88582,12828,5882,3852,3421,5985,4743,3888,3388,3892,3752,3386,3210,3333,3328,3288,3178,-28.6674,-30.4175,8.96855,47.5693
88583,3152,3239,3710,3585,3363,3579,4409,4626,3494,4271,6983,6984,3628,4331,6313,6652,13.2556,15.4537,8.55751,48.2127
88584,6860,9853,5622,3917,4789,5161,4358,3622,3680,3854,3472,3375,3251,3383,3197,3228,-29.3967,-9.08012,8.80425,47.748
88585,3623,3575,3473,3260,4278,4541,3955,3413,5747,7959,4813,3727,5457,6589,4644,3559,12.5493,-10.3367,8.83197,48.4087
88586,3567,4012,4789,4147,3829,5331,7588,5095,3742,4582,5998,4538,3373,3822,3953,3835,-3.59102,6.58994,8.55573,48.134
88587,3418,3480,3241,3142,4102,3893,3493,3183,6223,5433,3998,3458,9592,7560,4310,3491,22.3795,-18.3971,8.63149,48.0113
88588,4361,7006,9249,5421,3939,4757,5083,4326,3551,3676,3846,3744,3209,3324,3412,3264,-28.3577,3.62827,8.52802,48.112
88589,3491,3535,3218,3081,4571,4072,3549,3222,8747,5461,3862,3443,8864,5566,3840,3392,15.5324,-24.7728,8.93383,47.9427
88590,4053,5205,5678,4485,4081,6114,7554,4630,3713,4344,4652,3863,3433,3559,3650,3502,-9.89301,2.793,8.7973,48.344
88591,3150,3489,3694,3726,3382,3770,4733,4734,3653,4416,7385,7036,3507,4118,5735,5753,9.57576,14.3686,8.74031,48.1873
88592,4513,4018,3484,3248,7519,4760,3755,3391,9025,4899,3794,3352,5032,4257,3574,3289,1.93449,-32.6019,8.55205,47.94
88593,3363,3396,3284,3057,3958,3717,3408,3212,6196,4816,3727,3322,12707,6167,3911,3391,28.5327,-27.7589,8.94179,47.7547
88594,3395,3980,6387,11662,3248,3833,5063,6808,3316,3532,3833,4118,2997,3145,3380,3547,-23.4057,24.6537,8.8216,48.1627
88595,3266,3207,3312,3258,3618,3600,3821,3617,4155,5083,5026,4258,4951,8511,7929,4765,28.0931,-0.597552,8.56441,48.2513
88596,3090,3222,3468,3429,3291,3307,3709,3862,3405,3797,4693,6104,3421,3966,6061,12460,28.4579,26.714,8.58337,47.5233
88597,3292,3289,3396,3263,3400,3659,3869,3535,3990,4718,5232,4491,4242,6926,9296,5581,27.3257,4.19739,8.57437,48.1193
88598,3012,3268,3568,3648,3250,3613,4196,5072,3406,3873,5461,9355,3325,3763,5291,7972,12.4866,25.9044,8.54714,48.0487
88599,4351,3883,3387,3179,6915,4683,3701,3178,9514,5207,3870,3406,5580,4590,3621,3264,4.41078,-26.3397,8.87399,48.2193
88600,3900,3887,3536,3223,4943,5268,3916,3494,6452,7783,4497,3499,4903,5250,4095,3500,6.83079,-12.3763,8.62156,48.0973
88601,3431,4164,6906,9791,3365,3960,5351,7136,3257,3582,3925,4219,3121,3339,3498,3479,-19.5016,20.4662,8.91655,48.3493
88602,4088,5989,8270,5413,3924,5069,6456,4685,3477,3773,4024,3808,3208,3349,3392,3424,-18.9632,5.32812,8.64842,48.2327
88603,12626,6273,3923,3374,6036,4712,3781,3439,3966,3829,3420,3267,3478,3365,3194,3137,-29.4616,-26.7154,8.87303,47.88
88604,5109,4346,3580,3255,9221,5047,3776,3391,7332,4752,3668,3244,4286,4013,3515,3218,-3.16626,-30.6187,8.78193,47.8353
88605,3469,4193,6806,10658,3419,3912,5137,6723,3216,3564,4018,4120,3143,3225,3469,3423,-22.0282,21.8036,8.66857,48.33
88606,4656,4060,3448,3312,7608,4973,3779,3326,8522,5132,3772,3364,5074,4274,3511,3381,1.17576,-25.793,8.58477,48.128
88607,3679,4363,5296,4524,3880,5477,7946,5143,3692,4302,5505,4277,3421,3547,3811,3610,-7.25218,6.31478,8.79557,48.3153
88608,3626,3930,4160,3922,3633,5026,6525,4598,3852,5043,6994,4841,3673,4074,4412,4076,1.03367,5.6951,8.54319,48.2567
88609,3122,3300,3489,3681,3367,3543,4077,4269,3420,4056,5880,7064,3468,4280,6940,8181,17.0283,18.0817,8.73457,48.0913
88610,3980,4548,4199,3671,4472,7425,5733,3974,4341,5755,4884,3961,3728,4011,3820,3589,-3.42245,-3.47121,8.80866,48.0607
88611,3948,4070,3587,3193,5413,5483,3869,3482,7064,7223,4173,3511,5057,4784,3927,3347,5.01757,-14.7978,8.82156,48.0873
88612,5123,4335,3594,3234,9228,5046,3748,3354,7123,4821,3763,3298,4284,3992,3532,3204,-3.24754,-32.9583,8.92085,47.786
88613,3053,3267,3372,3323,3389,3488,3827,3833,3617,4173,5592,5200,3616,4962,9371,7848,24.914,12.4556,8.60894,47.954
88614,6129,5179,4007,3463,8025,6972,4165,3491,5251,4699,3683,3352,3828,3798,3410,3076,-9.12347,-17.4534,8.92254,48.352
88615,4029,3810,3424,3101,6323,4494,3705,3291,9978,5221,3713,3344,6145,4574,3673,3350,6.76941,-28.3544,8.84137,48.1167
88616,4149,6494,9745,5820,3812,4515,5155,4509,3354,3546,3782,3763,3129,3312,3481,3278,-31.1742,5.75448,8.97841,47.896
88617,11373,7346,4103,3409,5890,4983,3851,3326,4054,3810,3535,3222,3339,3391,3232,3079,-31.6912,-21.1387,8.75671,47.962
88618,3176,3266,3459,3636,3258,3539,4024,4492,3363,3807,5194,8358,3463,3911,5684,9757,17.012,27.8213,8.74667,48.258
88619,4418,3997,3381,3215,7391,4836,3720,3298,9151,5182,3623,3450,5281,4439,3624,3295,2.89885,-26.5579,8.92853,48.2007
88620,3347,3784,5401,8950,3293,3851,5100,8923,3222,3597,4054,4602,3166,3360,3524,3478,-15.1215,31.3354,8.83491,47.768
88621,2985,3278,3517,3356,3370,3642,4161,3909,3670,4458,6663,5590,3854,5120,8142,6384,17.57,10.0094,8.92379,48.066
88622,3252,3327,3296,3204,3511,3683,3803,3498,4135,5027,5088,4131,4714,8124,8411,4894,27.7259,0.451843,8.85786,48.0653
88623,3315,3901,5583,9555,3457,3709,5110,8514,3277,3540,4098,4589,3171,3208,3333,3455,-16.5716,28.5046,8.76113,47.8767
88624,3624,4941,9226,8400,3502,4009,5169,5188,3287,3573,3919,3815,3250,3300,3409,3380,-30.8198,13.5974,8.80142,47.9947
88625,5006,7794,6349,4399,4679,6228,5461,4048,3768,4068,3954,3666,3365,3359,3454,3197,-18.6668,-2.96706,8.82428,48.53
88626,3374,3420,3373,3182,3707,3950,3681,3439,4974,5887,4454,3683,6355,9332,5502,3912,22.2722,-8.49353,8.51588,48.15
88627,3602,4974,9213,7957,3504,4176,5300,5207,3323,3498,3815,3753,3062,3329,3291,3434,-26.3858,12.8737,8.5394,47.6253
88628,3234,3542,4174,4582,3314,3827,5435,7146,3396,3985,5835,7755,3266,3553,4329,4898,1.07202,20.1033,8.8482,48.1807
88629,4191,4610,4137,3622,4802,7206,5280,3923,4361,6044,4859,3733,3885,4163,3721,3469,-2.81529,-4.70801,8.55744,48.004
88630,4310,5848,5701,4196,4351,6710,6667,4307,3867,4316,4407,3871,3436,3546,3536,3390,-12.0541,-0.276386,8.65624,48.306
88631,4258,4068,3419,3282,7099,4646,3647,3306,9258,5137,3720,3435,5330,4483,3611,3384,3.38161,-31.8266,8.7185,48.0553
88632,4115,4056,3559,3358,5677,6048,4071,3408,6447,6997,4374,3505,4559,4666,3857,3386,2.48113,-14.154,8.62551,48.0553
88633,3138,3328,3444,3417,3468,3841,4268,4046,3823,4863,7281,5388,3841,5065,7369,5624,15.5052,8.66599,8.81503,48.136
88634,3384,3807,6207,12598,3364,3818,4844,5890,3216,3488,3856,3914,3114,3298,3418,3318,-33.1416,25.5098,8.97024,47.6893
88635,3404,4040,6783,11899,3409,3808,4844,5905,3205,3391,3720,3999,3128,3184,3298,3458,-30.987,22.7759,8.72974,47.65
88636,3237,3475,3415,3270,3728,4102,4102,3609,4468,6471,5991,4079,4699,6857,6224,4321,15.8276,-1.52552,8.85143,48.032
88637,3453,3410,3208,3196,3839,3770,3323,3232,6194,4808,3792,3429,12027,6907,4062,3433,27.6961,-23.6532,8.8536,48.0553
88638,3643,4347,7939,10133,3403,3978,5118,5596,3305,3530,3818,3867,3188,3210,3436,3485,-32.0149,17.9641,8.76318,47.9973
88639,3402,3891,5322,5921,3422,4042,6838,8057,3419,3643,4706,5161,3154,3515,3789,3836,-8.94093,17.3537,8.76236,48.0787
88640,3034,3215,3462,3454,3236,3641,3846,3906,3462,4084,5313,5867,3604,4487,8475,9257,24.4901,16.1599,8.72465,48.2287
88641,8033,6134,4117,3506,7843,6064,4094,3452,4578,4204,3585,3234,3553,3637,3381,3045,-15.5087,-19.7149,8.5517,48.3067
88642,3409,3367,3278,3121,3930,3946,3484,3271,5911,5410,3986,3541,9579,8046,4419,3458,23.5642,-17.2905,8.80676,48.104
88643,3162,3278,3644,3734,3297,3585,4255,5292,3451,3841,5184,9654,3289,3783,5107,7523,11.4747,30.1639,8.59715,48.0527
88644,12686,6095,3988,3457,5994,4723,3795,3351,3804,3733,3507,3262,3298,3235,3212,3202,-28.4547,-33.9673,8.72435,47.5613
88645,5020,9063,7474,4493,4330,5082,4719,3975,3591,3762,3767,3462,3181,3328,3318,3136,-31.2231,-2.27396,8.88284,47.8007
88646,12637,5972,3902,3440,6215,4688,3719,3359,3998,3785,3389,3340,3373,3298,3232,3099,-26.8878,-31.2221,8.68307,47.6307
88647,3319,3556,3713,3545,3586,4234,4962,4189,3756,5480,8112,5175,3776,4520,5560,4694,8.83756,6.35385,8.58736,48.118
88648,7068,8460,4908,3786,5662,6404,4334,3588,3959,4035,3694,3271,3319,3487,3253,3139,-19.3846,-11.8929,8.85131,48.2447
88649,3517,3663,3753,3440,3866,4760,4758,3951,4347,6950,6684,4217,4180,5113,4838,4029,7.56644,-0.461311,8.55942,48.044
88650,3210,3399,3363,3290,3566,3758,3718,3388,4482,5125,4678,3888,5307,9419,7228,4378,30.2412,-2.97934,8.7281,48.1313
88651,7400,9406,5162,3734,5149,5558,4128,3667,3823,3839,3704,3407,3356,3454,3247,3220,-25.1998,-11.1876,8.50175,48.1693
88652,3405,3988,5965,6916,3412,4176,6567,7781,3264,3615,4253,4838,3062,3375,3628,3760,-12.7511,17.6277,8.66874,48.0033
88653,5659,8283,5481,3987,4902,6625,4795,3810,3897,3983,3770,3470,3441,3452,3455,3153,-18.365,-6.73834,8.90198,48.1087
88654,3863,5352,9849,7200,3592,4313,5135,5150,3289,3633,3599,3744,3106,3297,3389,3264,-31.119,10.5528,8.8483,47.85
88655,6646,4973,3724,3296,10001,5329,3845,3367,5616,4411,3575,3237,3954,3637,3327,3129,-8.94472,-26.5021,8.53072,48.0447
88656,4601,4144,3635,3291,7128,5476,3928,3474,7538,5853,3873,3400,4678,4320,3597,3369,0.917443,-19.4406,8.69302,48.2033
88657,3960,3678,3414,3063,5671,4531,3609,3316,9530,5948,3908,3399,6467,4980,3751,3279,8.62035,-22.3244,8.98292,48.336
88658,3489,3350,3271,3130,4297,4022,3543,3161,7164,5288,3967,3439,9983,6366,4145,3510,19.8487,-22.2425,8.52642,48.0833
88659,3535,3734,3617,3242,4072,4729,4235,3672,5054,7851,5678,3953,4673,5798,4777,3873,10.0735,-5.30851,8.59095,48.3287
88660,3318,3494,3257,3119,3949,4157,3702,3349,5247,6692,4605,3698,6297,8537,5078,3802,18.8085,-9.59859,8.95022,48.2007
88661,3301,3263,3435,3327,3397,3508,3878,3811,3861,4600,5279,4543,3968,6408,9564,5784,33.2059,5.38711,8.5867,47.9513
88662,4003,5439,9971,7264,3702,4155,5401,4948,3329,3591,3784,3675,3155,3208,3316,3365,-26.9868,10.4163,8.92617,48.204
88663,3310,3411,3334,3139,3735,3906,3702,3441,5107,5844,4627,3699,6191,9221,5647,3876,21.7432,-8.33442,8.89724,48.1267
88664,3247,3344,3284,3206,3584,3726,3664,3498,4436,5180,4616,3934,5500,9791,6795,4101,28.7982,-4.85176,8.97793,47.9373
88665,3698,4748,6867,5733,3625,4682,7577,5873,3509,3722,4227,4185,3159,3366,3653,3545,-14.1658,10.662,8.69693,48.1127
88666,4124,4397,3723,3542,4878,6692,4675,3710,5173,7186,4791,3642,4254,4484,3955,3531,1.26908,-8.35381,8.51521,48.5047
88667,3278,3813,4801,5155,3440,4081,6741,7934,3296,3880,5226,5740,3162,3498,3874,4089,-5.16445,17.2417,8.97267,48.0053
88668,3271,3321,3389,3336,3350,3457,3667,3859,3360,3801,4713,5935,3318,4003,5988,12334,32.2581,33.5977,8.51173,47.4013
88669,3250,3660,4400,5421,3419,3964,5413,9002,3309,3741,4687,6988,3161,3489,4098,4208,-3.51546,24.5288,8.55643,48.14
88670,4417,5559,4545,3785,5054,7911,5607,3989,4162,4984,4253,3644,3492,3746,3610,3373,-8.62772,-5.13776,8.50947,48.0873
88671,3394,3367,3191,3101,3983,3878,3567,3266,6062,5148,3811,3345,10527,7380,4242,3535,24.5204,-19.509,8.5065,47.8647
88672,3137,3139,3348,3281,3217,3388,3775,3956,3341,3748,4670,6362,3385,3786,6190,12620,26.8589,30.1278,8.84363,47.562
88673,4338,5357,4503,3730,5078,8109,5778,3938,4236,5079,4358,3794,3682,3849,3638,3291,-7.07197,-5.40039,8.98157,48.5053
88674,3394,3540,3254,3229,3701,3800,3636,3354,5197,5621,4317,3742,7157,9461,5183,3733,24.0363,-11.2978,8.64419,48.2127
88675,4144,4271,3724,3282,5381,6824,4349,3580,5374,7172,4485,3706,4365,4455,3830,3476,0.730943,-10.3656,8.96481,48.2787
88676,3663,3862,3815,3517,4090,5249,5302,3931,4346,6772,6437,4295,3902,4637,4466,3883,3.71257,-0.775241,8.64892,48.1113
88677,11079,6859,4137,3458,6720,5072,3745,3354,4168,3819,3519,3195,3390,3323,3082,3120,-22.7497,-22.1377,8.9306,48.0267
88678,3097,3303,3294,3336,3165,3469,3780,3935,3329,3837,4854,6365,3570,3854,6307,12309,26.02,26.1381,8.69093,47.8693
88679,3090,3341,3389,3254,3644,3733,3729,3442,4301,5233,5137,4087,4836,8264,7777,4727,23.8544,-0.679884,8.95463,47.9893
88680,3515,4289,7608,10727,3434,3859,5015,5783,3286,3430,3801,3858,3117,3236,3297,3452,-26.4497,19.8276,8.62571,47.8047
88681,3508,4496,8442,9704,3376,3975,4987,5445,3246,3493,3845,3855,3106,3251,3382,3333,-30.8558,16.827,8.80918,47.6293
88682,3203,3355,3810,4142,3231,3647,4604,6406,3265,3764,5133,9633,3408,3703,4443,5969,5.83793,29.2281,8.79182,47.8107
88683,3163,3385,3363,3324,3389,3797,4257,3959,3695,4675,7011,5497,3796,5016,7816,6111,16.7842,9.57712,8.86141,48.1693
88684,4740,8148,8445,4961,4089,4862,5163,4143,3505,3654,3706,3558,3223,3336,3322,3283,-27.2523,0.586779,8.9344,48.092
88685,3494,3991,5645,10725,3353,3912,5074,7728,3273,3489,3895,4250,3127,3235,3358,3480,-19.554,31.8918,8.57382,48.0193
88686,3791,5306,9582,7008,3602,4302,5778,5072,3371,3512,3909,3852,3112,3280,3395,3401,-23.6914,10.58,8.91449,48.182
88687,4627,7591,8367,5065,4062,5104,5347,4277,3575,3780,3811,3466,3164,3307,3312,3290,-24.0888,1.26144,8.96947,48.0967
88688,3188,3302,3396,3385,3180,3610,3784,4000,3413,4251,5287,5436,3591,4726,9266,8134,33.251,13.3041,8.79364,47.966
88689,3470,3707,3682,3447,3993,4866,4609,3752,4653,7454,6392,4115,4140,5204,4828,4040,8.10991,-2.01529,8.73222,48.2347
88690,3209,3566,4041,4288,3420,3904,5537,6432,3441,4027,6248,7866,3287,3769,4603,5045,2.88949,18.6949,8.70711,48.4553
88691,3381,3382,3256,3066,4121,3935,3502,3287,6679,5182,3905,3482,10955,6834,4026,3429,22.2364,-22.1117,8.56851,48.2813
88692,3312,3386,3262,3139,3877,3839,3547,3281,5339,5122,4233,3646,8271,9082,5004,3595,28.6414,-13.5006,8.50912,47.9567
88693,4850,4202,3591,3194,8475,4937,3744,3421,7956,5009,3687,3409,4660,4069,3589,3313,-0.409576,-32.2822,8.62991,48.0707
88694,3874,4244,3876,3658,4509,6657,5278,3889,4576,6787,5196,3978,3838,4265,3817,3573,-0.0498585,-4.37972,8.98303,48.01
88695,3481,3593,3322,3085,4059,4289,3818,3481,5525,7069,4770,3787,5901,7495,5015,3794,15.9782,-9.2723,8.54142,48.3227
88696,3108,3304,3428,3416,3336,3478,3862,4024,3262,3683,4986,6524,3435,4076,6541,11325,23.7446,23.6376,8.55969,47.8587
88697,5753,4840,3828,3320,8704,6348,3928,3354,5837,4737,3579,3344,3998,3886,3440,3237,-6.45625,-19.918,8.80435,48.0887
88698,4848,4223,3521,3338,8511,5035,3766,3276,8111,4930,3733,3374,4671,4175,3564,3274,-0.789963,-28.0638,8.73057,48.2333
88699,3331,3791,4587,5146,3453,4230,6929,7262,3427,3895,5329,5892,3259,3630,3929,4131,-4.32417,16.3604,8.57061,48.1473
88700,4586,7337,9115,5059,4028,5003,5130,4315,3562,3655,3776,3651,3190,3271,3341,3263,-26.374,2.3528,8.59782,48.188
88701,3232,3328,3336,3259,3467,3603,3829,3685,3724,4614,5489,4583,3910,6116,9711,6144,25.939,6.90004,8.61877,48.02
88702,2997,3293,3278,3304,3188,3413,3858,4075,3480,3917,4951,6606,3550,4062,6880,11138,23.8283,22.265,8.75984,47.9933
88703,3203,3350,3757,3782,3337,3695,4580,4856,3542,4070,6820,7906,3488,4023,5729,6355,11.0976,17.3814,8.52318,48.3287
88704,3216,3360,3394,3272,3429,3860,3794,3712,3957,5126,5687,4344,4427,7082,8533,5104,22.2625,2.5082,8.96247,48.198
88705,3382,4050,7373,11414,3373,3805,4944,5745,3164,3413,3850,3891,3187,3232,3476,3366,-32.3587,20.5518,8.92525,47.7767
88706,6340,9072,5496,3906,5008,6136,4531,3712,3845,3952,3596,3286,3348,3360,3387,3205,-21.8246,-8.99148,8.79177,48.12
88707,3455,3447,3305,2975,4319,3977,3442,3291,7730,5152,3876,3290,10218,6062,3769,3447,19.0395,-24.8184,8.54069,47.8367
88708,3093,3209,3314,3434,3326,3375,3760,3837,3236,3792,4775,6061,3366,4161,6552,12097,31.7255,24.4525,8.70375,47.592
88709,3406,4224,7721,10711,3416,3970,5026,5797,3289,3487,3855,3888,3128,3232,3356,3253,-28.0752,19.216,8.80858,47.8393
88710,3135,3265,3344,3381,3318,3476,3842,3927,3405,3756,4945,6124,3397,3937,5895,12605,27.1538,31.6442,8.75588,47.8347
88711,4420,4386,3794,3296,6285,6408,4049,3435,6501,6262,4174,3545,4500,4340,3650,3206,0.316135,-15.3843,8.86032,48.1673
88712,3092,3359,3408,3367,3258,3563,3890,4010,3479,4035,5290,5902,3480,4458,8006,9490,24.0647,17.2792,8.87963,48.058
88713,5718,8973,5869,3970,4910,6127,4958,3793,3823,3941,3732,3451,3382,3392,3304,3195,-20.6803,-6.54284,8.89294,48.3587
88714,3353,3871,6431,11497,3339,3722,4956,6825,3221,3499,3836,4147,3108,3161,3313,3322,-22.8425,25.222,8.6246,47.734
88715,3421,3586,3327,3191,4129,4314,3891,3424,5407,7204,4870,3678,5762,7495,4950,3775,15.7279,-8.73706,8.90963,48.2827
88716,3324,3378,3265,3117,4049,3902,3485,3173,7075,4880,3763,3390,11464,6132,3891,3347,21.4444,-25.5743,8.89609,47.7567
88717,3165,3424,3341,3343,3615,3839,3715,3530,4217,5032,4808,3979,5073,9066,7542,4525,30.2302,-2.32475,8.86665,48.1427
88718,3311,3496,3706,3722,3506,3914,5266,4685,3647,4851,7983,5914,3613,4230,5425,4886,7.44316,10.1967,8.63028,48.1033
88719,3336,3561,4350,5134,3316,3740,5265,8530,3367,3807,5025,7509,3128,3487,4157,4602,-1.63436,25.2993,8.69301,48.2093
88720,3228,3542,3920,4069,3287,3747,5012,5879,3429,4032,6518,8501,3316,3790,4840,5427,5.44807,19.1987,8.90975,48.358
88721,3352,3434,3378,3109,3820,3788,3392,3255,6261,4682,3841,3384,12440,6164,3957,3428,27.1208,-27.7816,8.65578,47.79
88722,3244,3326,3606,3770,3217,3586,4202,5383,3448,3851,5469,9915,3286,3729,4937,7054,10.1044,27.4276,8.85633,48.0153
88723,3273,3506,3321,3155,3943,4130,3744,3406,5189,6463,4707,3723,6284,8633,5316,3870,19.2873,-9.10712,8.87474,48.442
88724,12273,5893,3849,3340,6617,4772,3990,3379,3915,3746,3530,3238,3254,3367,3201,3133,-24.4847,-30.7835,8.63843,47.6647
88725,3135,3199,3370,3480,3257,3400,3766,3965,3445,3784,4756,5963,3456,3937,5978,12596,29.4574,32.8729,8.55756,47.658
88726,3719,4058,3960,3540,4353,6012,5318,3938,4507,6813,5847,4051,3878,4531,4229,3736,1.65522,-2.46691,8.8807,48.3267
88727,3365,4010,6074,8662,3463,3785,5806,8095,3110,3574,4050,4611,3115,3279,3529,3569,-15.9148,21.3527,8.86854,48.0647
88728,6170,9540,5844,3916,4811,5744,4591,3767,3804,3908,3701,3413,3292,3373,3301,3145,-22.7399,-7.44868,8.73211,48.2133
88729,3498,4380,6352,6195,3540,4390,7404,6739,3375,3807,4522,4427,3226,3420,3526,3687,-12.533,13.7009,8.98409,48.3253
88730,3335,3770,5400,8538,3240,3778,5207,9367,3186,3528,4114,4675,3102,3372,3475,3727,-13.804,33.4315,8.9994,47.876
88731,4123,4179,3821,3508,4976,6409,4430,3469,5521,7292,4607,3669,4355,4538,3940,3436,2.06573,-9.26211,8.958,48.182
88732,5056,4260,3528,3210,8658,5336,3799,3419,7521,4862,3800,3309,4453,4048,3443,3155,-2.03437,-24.6372,8.80283,47.9047
88733,7811,6391,4169,3389,7476,6299,4088,3485,4504,4181,3751,3308,3718,3581,3252,3160,-15.1671,-17.9425,8.68533,48.3753
88734,3322,3842,4456,4470,3633,4408,6971,6155,3488,4090,6473,5838,3363,3612,4113,4240,-1.3632,13.2275,8.98395,48.316
88735,3599,4982,9117,7499,3614,4236,5544,5333,3430,3560,3948,3809,3024,3205,3268,3413,-24.0571,12.0174,8.77123,47.7207
88736,4426,3967,3423,3271,7372,4753,3743,3236,9026,5113,3852,3320,5329,4422,3554,3290,2.61094,-29.0797,8.68988,48.0647
88737,3705,5022,9336,7854,3669,4166,5478,5126,3373,3619,3899,3772,3093,3289,3382,3344,-25.2683,12.1598,8.65618,48.0847
88738,4832,7424,6678,4439,4611,6401,5610,4081,3733,3933,3980,3509,3322,3567,3384,3187,-17.8991,-2.1433,8.79508,48.4607
88739,7462,5563,3998,3366,8817,5957,3938,3498,4889,4237,3636,3165,3673,3614,3495,3145,-12.5283,-21.3822,8.68813,48.302
88740,3723,5424,9904,7251,3727,4402,5230,4981,3417,3560,3888,3643,3084,3288,3337,3369,-26.5378,10.2153,8.87648,48.152
88741,3564,3818,3594,3162,4294,5156,4008,3456,5497,8299,5215,3805,4801,5490,4409,3720,8.13269,-8.07462,8.97743,48.192
88742,6526,4843,3810,3256,9979,5372,3805,3416,5800,4353,3652,3204,3869,3782,3391,3209,-8.58809,-28.5397,8.77374,48.178
88743,3163,3253,3251,3463,3195,3480,3731,3944,3363,3732,4770,6125,3388,3997,6048,12690,30.1098,27.2795,8.78429,47.7287
88744,3253,3374,3812,4000,3379,3681,4434,6072,3396,3703,5201,9642,3331,3759,4713,6189,6.87487,28.5138,8.58785,47.9593
88745,3387,3999,5549,8668,3406,3777,5619,8768,3202,3542,4166,4734,3120,3265,3493,3743,-14.6531,23.5765,8.6916,48.292
88746,3066,3289,3393,3498,3305,3603,3932,3920,3677,4260,5742,5168,3679,5072,9208,7404,23.6319,11.2212,8.5483,48.144
88747,3256,3382,3556,3418,3490,3866,4108,3913,3739,4920,6442,4972,3994,5534,8112,5674,18.5265,6.92145,8.54042,48.2507
88748,3688,4663,5532,4615,3808,5476,8033,5000,3578,4171,5019,4107,3345,3473,3656,3650,-8.50106,6.42398,8.87831,47.876
88749,3612,3626,3310,3118,4530,4418,3723,3393,6775,7466,4413,3614,6308,6415,4344,3544,13.1281,-13.662,8.93366,48.406
88750,3859,4252,4566,3963,4092,5921,7078,4472,3924,4996,5961,4202,3591,3944,3992,3628,-2.92708,2.70463,8.78381,48.294
88751,8717,5208,3930,3310,9280,5195,3789,3354,4704,4074,3429,3353,3690,3594,3223,3072,-14.2428,-28.5401,8.96716,47.948
88752,3513,3767,3512,3318,4195,5006,4220,3564,5197,8267,5400,3841,4564,5553,4597,3643,8.87725,-6.40662,8.99366,48.1047
88753,3173,3255,3412,3406,3231,3489,3798,3966,3414,3919,4978,5936,3465,4050,6865,11860,28.639,22.544,8.80031,48.1447
88754,4450,6431,7390,4743,4099,5720,6191,4547,3628,3873,4163,3663,3226,3392,3511,3393,-17.7911,1.57374,8.65754,48.28
88755,3771,3758,3523,3294,4721,4958,3957,3359,6684,7787,4451,3639,5261,5520,4131,3528,8.50749,-13.0319,8.77846,48.228
88756,8555,8001,4392,3683,6101,5700,4088,3527,3961,3961,3546,3301,3392,3500,3222,3007,-21.1468,-15.8479,8.96763,47.958
88757,3190,3364,3347,3249,3346,3707,3832,3628,3939,4729,5479,4486,4206,6930,9411,5370,24.9388,4.46672,8.83653,48.142
88758,4858,4259,3584,3328,8810,4997,3796,3388,7701,4790,3686,3335,4514,3970,3578,3178,-1.47408,-32.487,8.93177,47.848
88759,3465,3365,3176,2984,4296,3928,3511,3243,7196,5038,3784,3408,10863,6248,3927,3457,20.9696,-24.6337,8.93018,47.926
88760,4013,4040,3923,3525,4727,6362,4793,3664,4891,7489,5071,3808,4073,4509,4021,3547,1.69263,-6.47475,8.87761,48.304
88761,3478,3439,3286,3090,4174,3940,3505,3288,7609,5095,3958,3401,10317,6103,3974,3488,19.2195,-24.3095,8.62129,48.0967
88762,8760,8887,4778,3611,5366,5449,4004,3510,3845,3784,3557,3230,3321,3406,3276,3106,-27.0037,-14.5983,8.66489,47.9267
88763,3201,3236,3344,3345,3299,3535,3976,3878,3537,4070,5173,5385,3592,4547,8772,9092,31.053,15.3413,8.67112,47.988
88764,4768,7966,8574,4869,4066,4802,4957,4251,3617,3820,3701,3564,3176,3413,3418,3284,-28.8682,1.12353,8.51,48.164
88765,4825,5983,4716,3711,5260,7896,5354,3770,4123,4803,4095,3498,3589,3667,3585,3377,-10.1637,-6.915,8.70727,48.168
88766,3005,3221,3400,3486,3369,3649,3947,3949,3642,4067,5379,6029,3531,4440,8181,8992,23.0327,16.1163,8.55244,48.1913
88767,3240,3660,4462,5175,3429,3910,5541,8521,3357,3764,5105,7119,3233,3572,3983,4418,-2.47917,22.9175,8.54778,48.326
88768,2979,3229,3435,3493,3290,3611,4125,4095,3590,4080,6114,6625,3452,4325,7360,8072,18.5892,16.4696,8.73283,47.9167
88769,7203,8185,4745,3614,5785,6373,4314,3530,4093,3989,3554,3358,3571,3407,3186,3147,-19.0635,-12.9157,8.90857,48.036
88770,3464,3538,3513,3251,3975,4526,4095,3515,5109,7773,5440,3979,4887,6273,5054,3991,12.0762,-5.63536,8.63374,48.2553
88771,3478,3440,3265,3112,3998,3894,3396,3234,5825,4886,3963,3318,11009,7347,4130,3405,33.5985,-20.1399,8.78324,47.8
88772,3521,3499,3308,3042,4524,4045,3492,3237,8424,4993,3811,3443,9536,5573,3902,3479,16.4637,-32.9992,8.79773,47.886
88773,3120,3213,3406,3388,3268,3573,3793,3863,3421,3845,5067,5467,3513,4265,7794,10654,32.2131,19.2747,8.78141,47.7667
88774,3232,3614,3828,3798,3519,4123,5173,4423,3763,5067,8050,5503,3671,4193,5498,4675,7.35855,8.6217,8.56077,48.0867
88775,3126,3404,3422,3536,3256,3470,3978,4236,3327,3910,5528,7421,3412,4083,6346,9433,18.0635,21.4569,8.8916,47.9253
88776,5629,4874,3849,3374,8016,6833,4067,3583,5646,5054,3715,3385,3980,3741,3557,3223,-6.38288,-18.1576,8.6009,48.3507
88777,2971,3245,3296,3548,3156,3433,3806,4003,3365,3792,5169,6488,3370,3992,6696,11667,25.0313,23.4875,8.78303,47.998
88778,3238,3467,3795,3642,3570,4150,4931,4167,3799,5417,8070,5196,3842,4569,5653,4785,9.06924,6.62189,8.70262,48.194
88779,3526,4147,7115,10976,3476,4054,5018,6183,3228,3438,3824,3874,3199,3235,3415,3406,-24.7527,20.9016,8.50251,48.076
88780,4472,4238,3607,3323,6170,5959,3991,3411,6657,6517,4219,3471,4541,4435,3764,3332,1.35366,-15.7096,8.56892,48.0713
88781,3261,3464,3875,4146,3265,3543,4556,6685,3312,3841,5308,9710,3299,3627,4477,5770,5.35901,26.8645,8.83926,48.0927
88782,3910,4558,4568,3990,4215,6675,6503,4232,4093,5403,5532,3986,3640,3986,3829,3637,-3.48568,0.0594681,8.98864,48.5047
88783,3247,3519,3713,4126,3217,3667,4469,6209,3288,3691,5206,10092,3323,3627,4669,6056,6.7641,28.7367,8.98652,48.0793
88784,3149,3301,3621,3683,3321,3537,4293,4993,3502,3899,6045,8961,3323,3913,5403,7061,11.5659,21.5086,8.73363,48.0033
88785,4009,5396,6114,4597,3974,6187,7408,4581,3661,4162,4548,3883,3307,3544,3522,3481,-11.8598,2.69141,8.96524,48.2493
88786,9945,5609,3824,3405,8422,5133,3794,3498,4461,3992,3460,3166,3554,3350,3214,3137,-17.0771,-33.5623,8.88037,47.976
88787,3479,3541,3569,3362,3824,4372,4154,3544,4791,7137,5927,4023,4614,6367,5475,4306,13.1156,-3.00821,8.52428,48.3233
88788,3548,4298,6170,6374,3540,4216,7452,7050,3439,3692,4513,4503,3179,3364,3632,3612,-12.1729,14.4504,8.8762,48.388
88789,3504,3519,3334,3167,4177,4038,3733,3286,6065,6458,4407,3672,6982,7540,4633,3680,17.5368,-13.6271,8.50136,48.13
88790,3498,3358,3317,3154,4174,3815,3550,3254,7256,4994,3881,3343,11021,5880,3914,3347,20.5369,-33.3886,8.55221,47.8373
88791,7921,5288,3783,3321,9368,5532,3790,3343,4947,4069,3555,3168,3813,3770,3343,3134,-12.5253,-26.0931,8.52318,48.0967
88792,10053,6141,3932,3339,7756,5210,3922,3351,4299,3920,3614,3321,3520,3406,3335,3102,-18.3122,-23.1942,8.87069,48.1473
88793,6874,5212,3761,3307,9370,5924,3925,3510,5322,4347,3536,3197,3704,3773,3311,3248,-10.0405,-22.5604,8.65318,48.214
88794,5029,9006,7422,4327,4325,5140,4877,3969,3610,3848,3724,3522,3264,3378,3297,3239,-33.468,-2.43168,8.80195,47.9847
88795,6722,5521,3899,3321,8611,6367,4020,3449,4982,4397,3791,3336,3699,3670,3389,3165,-11.1369,-19.676,8.95746,48.226
88796,3332,3428,3257,3098,3954,3785,3444,3192,5671,5012,4070,3369,10364,8104,4384,3437,29.8759,-18.0648,8.88872,47.934
88797,5464,4488,3584,3334,9267,5170,3762,3348,6872,4710,3677,3365,4306,3879,3417,3239,-4.08427,-32.5724,8.61111,47.9213
88798,10878,5889,3932,3428,7607,5119,3825,3318,4142,3897,3506,3346,3394,3576,3148,3071,-19.7862,-26.3488,8.82958,48.0507
88799,5046,4446,3686,3352,8197,5829,3900,3437,6937,5207,3868,3493,4273,3956,3555,3220,-2.58097,-20.5077,8.7813,48.268
88800,3638,3542,3402,3151,4496,4203,3657,3307,7331,6661,4161,3623,7295,6457,4231,3503,14.4132,-16.7767,8.68245,48.4387
88801,3408,3933,5652,7964,3391,3953,5813,8464,3279,3583,4265,4702,3106,3441,3684,3679,-13.7933,21.7969,8.65098,48.2113
88802,3376,3433,3335,3090,3951,3849,3432,3212,6044,4726,3704,3348,12633,5856,3882,3310,33.2968,-28.7398,8.87048,47.454
88803,11374,7346,4092,3395,5737,4913,3863,3344,3923,3900,3425,3228,3490,3356,3385,3104,-33.3551,-20.9704,8.67177,47.9167
88804,3268,3628,4564,5471,3520,3916,5842,8763,3277,3794,4804,6502,3146,3487,3894,4171,-4.69063,21.7792,8.5505,48.0313
88805,5910,5526,3965,3534,7428,7026,4373,3519,4877,4753,3745,3394,3745,3688,3439,3138,-9.54472,-15.7858,8.65556,48.04
88806,3136,3321,3463,3329,3474,3589,3818,3607,3929,4606,5228,4518,4217,6690,9572,5638,29.1103,4.60361,8.60835,48.09
88807,3251,3382,3602,3891,3317,3546,4458,5514,3326,3735,5198,10034,3318,3779,4828,6469,8.72024,33.8384,8.88622,47.7653
88808,3100,3263,3326,3429,3256,3491,3821,3912,3309,3864,4741,6064,3474,3898,6237,12505,28.6165,27.6566,8.51806,47.7933
88809,4069,3859,3423,3189,5731,5124,3793,3333,7943,6705,4134,3329,5417,4861,3796,3388,6.14568,-17.6953,8.69138,48.0627
88810,3377,3343,3194,3131,3915,3754,3435,3181,6474,4813,3710,3426,12470,6033,3970,3439,25.1876,-27.4051,8.9641,47.7767
88811,3193,3329,3911,3804,3316,3943,4856,5150,3602,4134,7293,7572,3391,3969,5252,5727,8.23749,16.1307,8.65351,48.2947
88812,3434,4248,6104,6404,3535,4438,7184,7128,3398,3735,4423,4505,3089,3305,3643,3752,-12.5983,15.2606,8.70956,48.2167
88813,3372,3795,4365,4745,3433,4067,6421,6988,3414,4061,6001,6436,3251,3625,4248,4414,-1.28912,16.4716,8.95519,48.424
88814,3212,3374,3419,3262,3528,3723,3825,3747,4000,4587,5135,4476,4221,6993,9266,5361,32.7961,3.91329,8.69248,48.086
88815,3119,3200,3423,3433,3323,3609,3864,4063,3510,4110,5118,5256,3667,4750,8976,8972,31.2344,14.9306,8.69737,48.262
88816,3116,3297,3405,3439,3163,3484,3822,4268,3399,3824,4964,7888,3401,3885,5850,10804,19.6593,27.1947,8.83415,48.006
88817,3732,4477,6481,5488,3674,4621,7792,5924,3422,3874,4674,4327,3180,3474,3664,3609,-11.9792,10.723,8.70149,48.2753
88818,3311,3411,3442,3366,3560,3837,4302,3928,3880,5333,7093,4868,4111,5469,7197,5208,15.2457,5.20694,8.75168,48.2107
88819,6127,4782,3620,3180,9960,5124,3738,3392,6118,4663,3608,3260,4064,3866,3452,3161,-6.49325,-32.2081,8.87819,48.0767
88820,4911,4325,3528,3289,8739,5073,3754,3418,7773,4784,3669,3394,4529,4057,3476,3313,-1.57997,-33.4912,8.65783,48.0213
88821,3299,3449,3416,3233,3592,3897,3997,3631,4222,5939,6007,4262,4424,6787,7292,4625,18.1742,0.853731,8.73153,48.048
88822,3159,3447,3638,3621,3448,3751,4641,4664,3543,4302,7313,7259,3453,4107,5804,6116,11.1513,15.0072,8.56168,48.1773
88823,3088,3289,3732,3776,3220,3606,4440,5314,3326,3875,5564,9526,3426,3788,5053,7269,10.4025,25.1505,8.72171,48.1947
88824,3240,3275,3359,3289,3471,3782,3901,3628,4000,5032,5727,4504,4318,7049,8406,5221,22.054,3.015,8.79544,48.1347
88825,3218,3636,4339,4888,3270,3900,5154,8580,3290,3699,4976,7826,3167,3603,4091,4620,-1.14462,26.3626,8.57089,48.1713
88826,3465,3395,3189,3129,3888,3836,3367,3278,5726,4843,3915,3375,11931,7004,4092,3375,31.2232,-22.126,8.79576,47.872
88827,3488,3615,3260,3091,4240,4189,3522,3180,6853,6073,4148,3466,8112,7168,4336,3594,17.9781,-17.0446,8.78439,48.2233
88828,5208,4534,3628,3236,8738,5927,3823,3257,6659,5123,3830,3375,4237,3901,3544,3199,-3.70026,-20.9949,8.98165,48.146
88829,12466,5956,3729,3309,5987,4673,3871,3441,3915,3733,3486,3244,3441,3486,3281,3276,-31.4023,-31.3354,8.55922,47.5293
88830,3100,3271,3411,3540,3246,3637,3899,3959,3478,3902,5214,6060,3462,4352,7424,10284,23.876,19.4759,8.74406,48.1593
88831,3026,3210,3449,3389,3229,3489,3880,3984,3493,3903,5312,6214,3505,4286,7561,10167,23.6736,19.1587,8.60259,48.0647
88832,3420,3569,3630,3403,3855,4507,4351,3777,4411,7163,6574,4193,4310,5815,5408,4097,11.1154,-1.41814,8.91566,48.322
88833,3367,3523,3239,3151,4262,3992,3526,3305,6625,5598,4074,3480,9289,7294,4342,3456,20.1604,-18.7417,8.71155,48.3487
88834,3682,5148,9724,7978,3549,4165,5227,5048,3231,3504,3850,3894,3115,3257,3317,3293,-29.0716,11.8183,8.9909,47.988
88835,3378,3286,3167,3231,4037,3819,3403,3221,6298,4825,3864,3380,12324,6131,3975,3386,25.4321,-32.0135,8.63847,47.8167
88836,7558,5639,3939,3494,8188,6167,3909,3471,4878,4141,3589,3257,3780,3611,3381,3120,-12.7857,-20,8.5407,48.0813
88837,3132,3233,3377,3484,3233,3460,3854,3973,3285,3816,4911,5813,3378,4262,7161,11163,33.0903,20.8207,8.69978,47.69
88838,3213,3559,4081,4681,3340,3704,5009,8294,3340,3709,4902,8407,3293,3499,4291,4841,0.330555,29.3717,8.94302,48.1087
88839,3066,3226,3420,3489,3306,3479,3826,4158,3427,3823,5058,6818,3377,3958,6350,11183,22.2855,24.4094,8.62293,47.976
88840,4006,4721,4941,4191,4204,6537,7209,4480,3721,4759,5067,3915,3486,3659,3816,3592,-6.93921,1.40479,8.5459,48.2027
88841,3717,4308,4731,4026,3995,5779,7182,4648,3802,4839,5785,4354,3584,3820,3974,3792,-3.72543,3.77433,8.65272,48.224
88842,3547,4193,6159,7009,3440,4107,6325,7591,3387,3645,4354,4562,3183,3378,3561,3481,-13.5737,17.5736,8.72445,47.948
88843,3342,3407,3178,3306,3767,3795,3619,3336,4779,5174,4383,3748,6262,9999,5964,3992,30.8291,-7.61656,8.63541,48.034
88844,3357,3412,3316,3209,3801,3929,3557,3224,5261,5286,4209,3465,8506,9292,4714,3595,33.8405,-13.9984,8.96353,48.0887
88845,5600,4528,3683,3213,9443,5508,3890,3302,6796,4674,3622,3211,4315,3839,3287,3094,-5.01101,-25.0705,8.95547,48.0033
88846,4892,8590,7504,4445,4282,5384,5076,4020,3663,3845,3850,3502,3343,3304,3344,3141,-23.3106,-1.59193,8.70808,48.1233
88847,3413,4119,7054,10804,3424,3975,5055,6705,3210,3435,3903,4051,3137,3183,3408,3456,-23.2979,21.4276,8.64044,48.2213
88848,3198,3557,4080,4549,3415,3813,4934,7603,3328,3753,5337,8343,3365,3633,4282,5045,1.29847,25.168,8.58792,48.1567
88849,3338,3678,5112,7340,3388,3872,5328,9584,3322,3653,4241,5196,3222,3311,3499,3742,-10.6507,26.6474,8.51646,47.884
88850,4218,5650,5311,4059,4517,7284,6478,4206,3926,4503,4572,3710,3319,3718,3549,3434,-10.3605,-1.57903,8.57906,48.3027
88851,3388,3447,3310,3126,4004,3903,3419,3116,6252,4867,3721,3341,12057,6528,4073,3428,26.1723,-25.0751,8.53677,47.9867
88852,3383,3428,3241,3100,3930,3940,3538,3367,5572,5775,4097,3453,8072,8849,4713,3630,22.3903,-13.5557,8.78076,48.0587
88853,4437,7367,9092,5264,3928,4804,5148,4304,3482,3622,3747,3646,3300,3297,3323,3280,-32.7396,2.62886,8.83745,48.0273
88854,3319,3272,3305,3192,3753,3778,3684,3297,4635,5514,4423,3714,6464,9737,5927,3930,24.9842,-8.07556,8.91946,47.9627
88855,3693,4441,5488,4583,3726,5477,8235,5155,3636,4264,5103,4310,3365,3521,3702,3585,-8.38437,6.34334,8.99189,48.1893
88856,3073,3237,3350,3382,3324,3637,3832,3826,3639,4081,5172,5379,3451,4629,8823,8944,29.2451,15.1181,8.59257,47.8527
88857,3412,3438,3214,3071,3888,3818,3527,3273,5548,5417,4075,3583,8904,8542,4573,3600,26.66,-15.4799,8.52557,47.922
88858,3422,3955,6006,12357,3463,3754,4712,5843,3290,3411,3644,3851,3222,3217,3299,3324,-30.8414,33.8565,8.74787,47.18
88859,7964,6219,4124,3389,7672,5989,4002,3482,4451,4177,3707,3276,3492,3598,3266,3122,-15.2877,-19.3264,8.55703,47.9533
88860,3396,3899,5687,9822,3471,3887,5233,8245,3220,3446,3974,4477,3049,3418,3332,3632,-17.3124,26.8978,8.68516,48.1253
88861,3604,4549,8559,9595,3552,3910,5160,5396,3389,3474,3833,3847,3187,3212,3384,3386,-29.5887,16.4126,8.60924,48.0247
88862,3321,3357,3548,3437,3590,4000,4352,4022,3886,5300,7198,4842,3950,5354,7233,5055,15.326,5.70021,8.73352,48.2967
88863,3392,3318,3227,3180,3986,3866,3542,3212,6500,5126,3777,3472,10751,7014,4172,3349,23.3498,-21.8739,8.53788,47.9227
88864,5105,6526,4873,3702,5439,7710,5027,3782,4107,4421,3907,3411,3388,3508,3508,3287,-13.1027,-8.3547,8.56698,47.8007
88865,3200,3357,3623,3533,3273,3664,4186,4488,3466,4092,6187,7610,3375,4184,6337,7422,14.9239,17.8424,8.67795,47.998
88866,7244,9726,5443,3874,5045,5387,4232,3575,3664,3843,3607,3329,3301,3297,3290,3158,-27.6634,-10.5042,8.78149,48.01
88867,3893,3725,3400,3071,5269,4513,3527,3346,9024,5885,3918,3497,6791,5190,3825,3506,10.4281,-21.99,8.54595,48.2533
88868,5226,8394,6431,4298,4506,6060,5030,3971,3678,3974,3826,3468,3260,3389,3306,3178,-20.0437,-4.09988,8.93664,47.9967
88869,3242,3672,4215,4516,3405,3954,5755,6621,3509,4024,6155,7114,3341,3707,4434,4675,1.0357,17.4702,8.68605,48.226
88870,3335,3673,4082,3964,3478,4175,6038,5177,3617,4723,7617,6159,3459,4020,4656,4528,3.57933,11.4647,8.92636,48.4673
88871,6986,4940,3730,3237,9877,5332,3847,3455,5501,4239,3527,3348,3756,3624,3320,3171,-10.2473,-26.8285,8.69464,47.9267
88872,9107,8202,4633,3421,5992,5489,4016,3608,4009,3894,3437,3312,3377,3379,3245,3095,-23.5281,-16.4113,8.75578,48.144
88873,3384,3861,5496,10185,3381,3807,5047,8400,3237,3506,3960,4273,3152,3282,3487,3439,-17.4929,31.6844,8.89543,47.9313
88874,4448,4044,3411,3125,6974,4733,3696,3378,9137,5458,3827,3276,5274,4473,3739,3260,3.11269,-25.2177,8.80201,48.1687
88875,4181,3856,3373,3200,6414,4795,3647,3337,9330,5749,3875,3310,5705,4537,3650,3327,5.09713,-23.4909,8.99102,48.1907
88876,3336,3884,4861,4968,3561,4251,6973,7166,3408,3836,5414,5814,3212,3562,3970,4012,-4.20472,15.9026,8.52599,48.152
88877,3182,3302,3777,3914,3230,3703,4417,6069,3378,3793,5150,10028,3377,3573,4700,6290,7.34711,30.2463,8.99056,47.922
88878,3109,3231,3418,3489,3213,3490,3858,4087,3398,3881,4903,6830,3334,4072,6218,11316,22.9398,24.3295,8.53956,47.898
88879,4016,4681,4693,3984,4297,6880,6528,4394,3838,5059,5061,3993,3517,3838,3875,3594,-5.64884,-0.262137,8.58004,48.1653
88880,3361,3754,5132,6186,3429,4048,6488,8495,3353,3742,4642,5375,3175,3409,3843,3817,-8.55576,19.216,8.75038,48.166
88881,3515,4040,6578,10016,3411,4034,5379,7193,3165,3492,3852,4206,3111,3261,3359,3434,-19.5577,21.7893,8.58065,48.0307
88882,9427,5477,3932,3377,8777,5129,3873,3386,4632,3991,3526,3255,3503,3490,3235,3069,-15.8892,-29.2733,8.83354,48.0527
88883,3405,3769,5154,8406,3349,3813,5257,9333,3281,3501,3975,4823,3113,3337,3601,3766,-13.8181,30.4951,8.868,47.922
88884,3410,3422,3469,3317,3908,4288,4115,3626,4649,7144,5754,4045,4752,6713,5563,4250,14.2047,-3.2372,8.58512,48.2833
88885,3292,3869,6154,12509,3281,3750,4805,5873,3147,3413,3803,4018,3104,3279,3459,3393,-31.5016,26.897,8.60156,47.4327
88886,3327,3866,6031,12605,3336,3747,4699,6133,3233,3407,3814,4005,3197,3263,3452,3341,-30.0049,30.5157,8.60444,47.6373
88887,3522,3557,3495,3260,4143,4680,3989,3524,5367,7986,5260,3880,4856,6409,4764,3842,11.6248,-7.18395,8.6983,48.356
88888,5623,9613,6477,4115,4634,5412,4715,3914,3735,3786,3728,3413,3320,3364,3233,3381,-33.5062,-5.02718,8.61141,48.3087
88889,4003,6168,9791,6223,3755,4449,5313,4727,3409,3583,3797,3718,3179,3274,3303,3355,-26.0363,6.90936,8.99822,48.0313
88890,8123,5242,3884,3261,9483,5189,3833,3443,4999,4137,3538,3106,3724,3584,3264,3132,-13.0598,-28.6868,8.57788,47.9613
88891,3250,3243,3401,3347,3368,3700,3762,3572,3889,4624,5058,4387,4245,7042,9581,5562,28.8365,4.41918,8.80475,48.0207
88892,3432,3434,3335,3065,4131,4027,3638,3361,6274,6125,4190,3508,7719,7660,4506,3536,18.3601,-14.822,8.99663,47.9607
88893,3697,5025,9162,7958,3691,4232,5522,5419,3358,3561,3818,3696,3077,3139,3384,3400,-24.7338,12.8688,8.849,48.0927
88894,4096,3974,3533,3146,6153,4911,3821,3210,8294,6307,4127,3383,5465,4781,3735,3357,5.30898,-19.3603,8.79114,48.1953
88895,4373,3967,3481,3207,6774,5059,3758,3489,8393,5817,3925,3378,5248,4413,3712,3259,3.24014,-21.155,8.5891,48.1687
88896,3130,3205,3268,3380,3246,3479,3719,4051,3337,3796,4709,6152,3375,3859,6200,12551,32.1164,26.5658,8.86761,47.638
88897,3139,3242,3425,3364,3382,3689,3767,3868,3890,4891,6001,4716,4100,6114,9154,5774,21.686,5.89553,8.78263,48.344
88898,3519,4269,7046,7856,3389,4012,6489,6986,3189,3583,4198,4265,3104,3231,3531,3477,-16.6756,16.3269,8.92338,48.096
88899,3189,3343,3396,3309,3192,3614,3892,3814,3548,4148,5195,5185,3676,4959,9385,8368,30.5391,13.2682,8.70014,48.142
88900,4185,4632,3999,3580,5178,7566,4955,3681,4839,6503,4531,3712,3951,4106,3758,3416,-2.63126,-7.95303,8.8238,48.3947
88901,4455,7602,9103,5176,3996,4723,5050,4290,3413,3766,3880,3617,3300,3292,3309,3146,-29.6769,2.37557,8.97054,48.0787
88902,3950,3811,3368,3162,5615,4712,3697,3269,8944,6239,4105,3408,5952,4898,3791,3339,7.13813,-20.3783,8.86145,48.1733
88903,3253,3932,5327,7743,3358,3928,5854,9184,3202,3595,4264,5067,3149,3266,3603,3647,-12.3645,23.4097,8.87813,48.248
88904,3531,4220,5829,5556,3573,4589,7810,6587,3356,3832,4718,4606,3150,3459,3647,3687,-10.1637,12.6607,8.71185,48.1
88905,3865,4188,3988,3603,4352,6385,5164,3801,4731,6948,5310,3790,4099,4457,4035,3638,1.38555,-4.41972,8.63117,48.236
88906,4450,6516,6539,4507,4270,6168,6393,4312,3760,4113,4115,3553,3351,3516,3519,3283,-15.3387,0.131724,8.89496,48.2433
88907,3137,3215,3560,3328,3303,3491,3842,3807,3597,4317,5253,4919,3834,5607,9972,7065,31.3097,9.67956,8.94604,48.1647
88908,12180,6133,3946,3453,6468,4914,3856,3369,3881,3875,3397,3352,3374,3449,3189,3119,-24.3144,-33.9243,8.87747,47.97
88909,12042,6066,4025,3401,6356,4725,3674,3385,3999,3918,3441,3233,3423,3425,3206,3067,-24.3096,-31.0194,8.53434,47.5907
88910,3374,3788,4887,6883,3268,3807,5405,9778,3237,3571,4303,5518,3194,3322,3646,3837,-9.63964,25.9154,8.74062,47.8787
88911,3739,3700,3281,3237,5255,4154,3656,3253,9860,5326,3666,3312,7562,5116,3759,3386,11.4325,-29.9524,8.87049,48.1747
88912,3341,3925,6168,12419,3352,3735,4685,6184,3327,3446,3839,3879,3133,3194,3372,3381,-29.0435,28.1134,8.58527,47.5867
88913,3337,3423,3542,3286,3686,4219,4170,3689,4508,6579,5968,4133,4671,6720,6141,4259,15.7381,-1.26989,8.58604,48.2207
88914,6798,4963,3821,3316,9906,5324,3876,3503,5464,4363,3625,3167,3776,3703,3353,3114,-9.94067,-33.3604,8.67439,48.048
88915,3330,3704,5088,7699,3399,3775,5268,9531,3336,3502,4236,5096,3112,3389,3673,3781,-11.6512,27.8706,8.75344,47.946
88916,3132,3211,3227,3540,3268,3588,3754,3795,3468,3962,4978,5733,3391,4214,7753,10769,30.8143,19.3096,8.69338,47.8553
88917,5460,9301,7001,4417,4391,5066,4575,4054,3557,3906,3730,3506,3221,3405,3312,3245,-30.9619,-3.62367,8.58604,48.098
88918,3586,3786,3920,3652,3956,5169,5682,4074,4114,6075,7050,4721,3740,4374,4601,3994,3.72485,2.03166,8.71928,48.3293
88919,3074,3132,3375,3416,3253,3529,3742,3993,3288,3866,4797,6625,3509,3877,6016,12334,24.7541,30.0708,8.72331,47.884
88920,6018,4650,3725,3258,9482,5169,3890,3333,6369,4456,3701,3436,4119,3883,3391,3162,-6.4625,-28.0677,8.52622,48.028
88921,4341,4422,3706,3363,6193,6723,4289,3614,5809,6518,4137,3648,4267,4305,3638,3383,-1.03333,-13.3797,8.67086,48.2373
88922,3338,3370,3180,3056,3852,3861,3516,3270,6392,4696,3803,3381,12312,6059,3898,3432,25.9964,-33.9444,8.87948,47.6107
88923,3394,3483,3388,3184,3941,4154,3745,3414,5064,6827,4800,3788,5904,7965,5226,3821,17.8278,-8.09439,8.7227,48.0653
88924,3431,3902,5605,9881,3374,3888,5115,8186,3258,3496,4010,4555,3128,3178,3466,3383,-17.3126,28.9326,8.74491,47.904
88925,3152,3310,3649,3937,3257,3648,4461,5807,3402,3836,5260,9922,3331,3789,4578,6560,8.11434,31.1186,8.54569,47.9327
88926,11649,5931,3852,3343,7085,4942,3855,3260,4095,3866,3488,3192,3468,3473,3120,3019,-21.9122,-28.8953,8.81798,47.7587
88927,3404,3958,4682,5193,3481,4166,6803,7561,3399,3984,5290,5723,3172,3565,3997,4063,-4.67815,16.7123,8.58208,48.294
88928,12535,6115,4015,3462,6060,4713,3848,3379,3889,3738,3455,3198,3348,3359,3294,3156,-28.6699,-30.5154,8.54051,47.7093
88929,3107,3204,3398,3474,3308,3479,3770,4038,3410,3599,4864,6975,3437,3991,6085,11928,22.9028,28.4163,8.994,48.0447
88930,11067,5724,3963,3374,7552,5009,3876,3402,4098,3825,3525,3209,3464,3447,3153,3211,-19.9939,-28.4486,8.85593,47.9327
88931,5773,6414,4527,3644,6134,7746,4538,3661,4373,4547,3782,3456,3609,3565,3465,3135,-12.5082,-11.5505,8.56069,48.246
88932,5070,4549,3664,3244,8019,6154,3979,3324,6553,5319,3772,3313,4303,3993,3497,3200,-3.32747,-19.4057,8.6458,47.9687
88933,5232,4293,3584,3259,8978,5110,3839,3408,7488,4808,3680,3420,4412,4004,3461,3197,-2.49299,-28.3925,8.52224,48.1153
88934,9236,8473,4425,3458,5541,5281,4025,3462,3974,3879,3557,3250,3434,3323,3169,3161,-33.6182,-15.9558,8.86366,47.7653
88935,3156,3291,3616,3657,3345,3577,4212,4430,3500,4005,6151,7494,3464,4171,6195,7908,15.2616,18.7807,8.56358,48.1147
88936,3306,3362,3389,3150,3837,3866,3681,3274,4772,5196,4360,3706,6477,9920,5708,3976,30.8292,-8.06867,8.9301,47.9867
88937,3438,3422,3285,3030,4360,3996,3471,3202,7629,5478,3939,3381,9763,6367,4082,3383,18.0451,-22.1432,8.97734,48.1507
88938,3087,3287,3424,3421,3236,3511,3738,3908,3377,3855,4835,6071,3387,3877,5998,12872,31.0543,28.593,8.85724,47.9227
88939,3150,3244,3348,3316,3283,3464,3824,3880,3350,3954,4926,5949,3477,4055,7196,11284,28.5553,21.2757,8.58628,47.8
88940,3384,3885,3673,3476,4042,4831,4606,3844,4529,7112,6605,4165,4173,5096,4806,4058,8.32831,-1.07001,8.78937,48.19
88941,3066,3274,3410,3291,3330,3602,3861,3804,3613,4188,5443,4945,3758,5299,9768,7418,28.8307,11.3151,8.95865,48.0467
88942,3350,3764,4391,4276,3578,4345,6648,5972,3508,4180,6573,5730,3347,3776,4283,4301,-0.354599,12.6634,8.76337,48.0147
88943,9027,5437,3852,3498,9019,5148,3872,3319,4597,4095,3600,3357,3470,3440,3261,3120,-14.8998,-32.7971,8.97446,48.0747
88944,4212,5816,6361,4593,4157,5988,6791,4471,3635,3971,4359,3880,3335,3518,3542,3246,-13.9771,2.29446,8.51074,47.9167
88945,3931,5427,8064,5516,3786,4847,7008,5079,3463,3748,4134,3841,3202,3351,3520,3299,-17.5099,6.9862,8.86928,48.144
88946,3347,4043,6759,12283,3378,3807,4782,6096,3187,3438,3884,3869,3050,3122,3306,3361,-27.3476,24.6937,8.88322,47.808
88947,3475,4137,6365,8154,3416,4075,6086,7452,3273,3644,4178,4457,3050,3281,3515,3548,-16.212,18.5861,8.7124,48.0707
88948,4220,3883,3398,3166,6688,4526,3556,3321,9613,5127,3858,3403,5706,4546,3679,3203,5.17348,-31.3865,8.57916,47.9287
88949,4075,4781,4755,4106,4410,6766,6925,4436,3905,4950,4982,3854,3634,3747,3720,3505,-6.06158,0.0466543,8.83756,48.3673
88950,3486,4079,5342,5202,3661,4357,7543,6860,3424,3922,4982,4823,3229,3510,3762,3848,-7.64736,13.6257,8.76803,48.02
88951,3484,3831,5755,10963,3267,3788,5009,7541,3340,3427,3975,4222,3111,3132,3348,3416,-19.6771,30.3539,8.70825,47.7393
88952,4574,7190,7246,4719,4102,5607,5684,4319,3659,3848,3947,3687,3353,3397,3459,3201,-19.3939,0.412854,8.55647,47.9947
88953,3161,3316,3372,3436,3399,3751,4129,3991,3570,4356,6579,5565,3672,4932,8465,6950,19.0928,11.8891,8.9313,48.4293
88954,3421,4249,8232,9675,3457,4031,5209,5653,3332,3589,3883,3865,3068,3319,3464,3468,-32.372,16.8836,8.55004,47.9433
88955,5780,5112,3919,3339,8222,6632,4045,3500,5363,4672,3711,3302,4023,3797,3455,3182,-7.79156,-18.4319,8.68992,48.036
88956,5256,6843,4913,3837,5197,7826,5032,3778,3977,4536,3925,3516,3419,3689,3308,3355,-13.5114,-7.10878,8.94703,48.2713
88957,3293,3592,4109,4138,3503,4046,5661,5330,3486,4345,7214,6731,3377,3799,4760,4732,4.04147,14.3289,8.81851,48.0773
88958,3398,3941,6501,12101,3405,3817,4780,6015,3121,3561,3859,3960,3137,3215,3369,3442,-29.8208,24.9269,8.51634,47.748
88959,3282,3912,5407,8374,3413,3828,5431,9281,3263,3476,4153,4914,3079,3315,3531,3636,-13.8037,24.8811,8.98281,48.1967
88960,4362,5013,4291,3721,5012,8187,5683,3882,4410,5477,4532,3703,3791,3945,3690,3270,-5.7387,-5.89987,8.98178,48.646
88961,8218,8990,4916,3674,5554,5701,4191,3498,3931,3900,3550,3219,3388,3303,3169,3056,-23.0142,-13.7069,8.58475,48.172
88962,4815,6607,5508,4066,4745,7431,5754,4045,3932,4364,4101,3468,3475,3643,3459,3349,-13.6674,-3.84353,8.84754,48.508
88963,3420,4054,6169,9218,3371,3878,5628,7875,3224,3602,4043,4364,3155,3165,3565,3504,-17.0868,22.1645,8.72714,48.1567
88964,3442,3957,6245,12590,3321,3779,4692,5982,3214,3460,3768,3992,3199,3270,3364,3437,-33.0554,25.8292,8.98405,47.808
88965,3341,3816,5231,8164,3425,3726,5290,9535,3264,3655,4162,5001,3176,3380,3560,3655,-12.6815,27.6894,8.87976,48.254
88966,3233,3239,3343,3063,3681,3752,3867,3454,4266,4978,4922,4096,4859,8500,7813,4642,26.7941,-0.735203,8.68085,47.8053
88967,3067,3247,3490,3583,3337,3647,4213,4449,3357,3932,6110,7703,3437,4015,6359,8351,16.2495,19.2974,8.76634,48.198
88968,3849,5668,9373,6467,3722,4523,6088,4893,3334,3562,3907,3828,3183,3231,3417,3338,-21.9154,8.66362,8.88982,48.2553
88969,3492,3353,3240,2990,4267,3942,3349,3212,7105,4969,3849,3371,11372,6137,3953,3468,21.6561,-26.1446,8.69032,48.046
88970,5203,4728,3684,3418,7728,6804,4077,3407,5597,5350,3918,3398,4034,3976,3533,3276,-5.32343,-16.8734,8.85232,48.0873
88971,3317,3374,3282,3162,3700,3842,3648,3363,4524,5418,4892,3896,5457,9376,6930,4295,26.3423,-4.29531,8.74528,48.3173
88972,3085,3204,3313,3489,3263,3495,3809,3993,3459,3844,4911,6036,3367,4111,7197,11421,27.6562,21.4379,8.61156,47.998
88973,3251,3769,4462,5649,3385,3800,5254,9870,3307,3729,4538,6539,3195,3476,4001,4174,-5.37288,28.8889,8.89015,48.266
88974,3468,3499,3294,3088,4571,3931,3480,3326,8358,5320,3874,3371,9617,5714,3943,3359,17.0351,-25.093,8.98787,48.142
88975,3555,3712,3478,3501,3763,4714,4539,3837,4351,6795,6818,4449,4172,5115,5312,4247,9.29132,0.420709,8.50255,48.2387
88976,3744,5368,10033,7271,3608,4168,5184,4972,3292,3580,3829,3711,3198,3224,3312,3344,-30.5414,10.1341,8.95401,47.892
88977,3441,3521,3315,3143,4343,4181,3692,3170,6558,6993,4400,3748,6702,6860,4440,3600,15.0587,-13.6664,8.57124,48.0713
88978,6504,5526,3994,3316,8366,6409,4014,3535,5076,4480,3677,3284,3682,3646,3299,3132,-10.3768,-18.8966,8.58551,47.96
88979,3151,3247,3299,3156,3543,3693,3781,3591,4142,5065,5069,4169,4519,8111,8432,4887,26.6612,0.869756,8.76094,47.9033
88980,4135,6748,9386,5768,3897,4693,5133,4569,3364,3610,3784,3711,3131,3221,3286,3243,-28.2192,4.89952,8.53965,47.786
88981,6423,4799,3722,3345,9731,5454,3805,3396,5967,4515,3660,3235,4021,3826,3342,3235,-7.61487,-25.5313,8.78809,48.3173
88982,3483,3898,4068,3896,3756,4977,6190,4386,4027,5467,7015,4671,3759,4071,4541,4057,2.23386,4.15203,8.69156,48.1747
88983,4483,5291,4318,3747,5320,8318,5355,3803,4271,5278,4188,3540,3650,3832,3522,3424,-7.60487,-7.15364,8.98657,48.2267
88984,3945,3990,3638,3338,5106,5694,4030,3495,6410,7716,4493,3470,4722,4959,3992,3474,4.87001,-12.3115,8.88295,48.3147
88985,4835,6186,5054,3802,4949,7714,5746,3978,4027,4606,4221,3680,3503,3662,3402,3373,-11.5517,-5.04856,8.5911,48.492
88986,4280,6067,6691,4628,4219,6048,6695,4498,3770,4105,4220,3819,3195,3466,3432,3218,-14.9608,1.49928,8.85103,48.234
88987,8287,9252,4897,3606,5198,5418,4307,3433,4025,3914,3546,3200,3366,3288,3273,3146,-27.4366,-13.4752,8.56401,48.104
88988,3202,3252,3384,3314,3440,3684,3706,3622,3960,4769,5200,4484,4306,7334,9336,5162,33.9395,3.12541,8.99413,48.1033
88989,3521,4869,9036,8722,3614,4103,5114,5344,3346,3566,3867,3874,3047,3288,3289,3369,-27.4526,14.5304,8.70747,47.9793
88990,3129,3265,3323,3404,3396,3476,3861,3789,3581,4228,5388,5135,3760,5320,9809,7486,26.19,10.8894,8.93228,48.2333
88991,3183,3255,3264,3229,3383,3683,3786,3712,3709,4558,5431,4691,3947,6141,10000,6179,26.3906,6.96597,8.94603,48.1007
88992,6284,4919,3820,3373,9103,5930,3901,3353,5731,4406,3614,3199,4137,3767,3344,3140,-7.83177,-21.7404,8.76336,48.014
88993,4898,5115,4070,3718,6017,7898,4523,3660,4872,5246,4035,3470,3893,3884,3515,3219,-6.49881,-11.3985,8.79397,48.022
88994,4641,8038,8551,4820,3995,4870,4917,4244,3488,3734,3727,3466,3210,3317,3417,3276,-29.9777,0.673055,8.66289,47.8073
88995,3131,3275,3421,3466,3301,3561,3850,3914,3406,3803,4918,5803,3397,4059,7110,11184,33.8148,20.6793,8.68417,47.7327
88996,3395,3960,5013,5739,3354,4017,6484,8464,3337,3760,4843,5455,3208,3387,3724,3976,-7.55066,19.0292,8.55985,48.0773
88997,3360,3326,3262,3313,3825,3874,3672,3357,4583,5078,4440,3798,5848,9801,6134,4023,33.6735,-6.3202,8.81855,47.796
88998,10011,6675,4007,3384,7095,5302,3917,3406,4241,4092,3583,3219,3472,3436,3302,3114,-19.8886,-21.4464,8.87563,48.1707
88999,3443,4261,7984,10604,3479,3927,5049,5782,3158,3557,3921,3794,3096,3232,3341,3366,-28.0811,18.7593,8.52246,47.996
89000,3342,3712,4852,6607,3327,3824,5216,10013,3235,3601,4433,5829,3115,3406,3719,3949,-8.37087,31.5739,8.94042,48.12
89001,3341,3646,4245,4885,3273,3815,5288,8462,3387,3764,5058,7794,3182,3501,4101,4732,-1.1096,23.9193,8.60418,48.316
89002,3424,3362,3193,3114,3889,3795,3429,3159,6191,4726,3817,3392,12752,5815,3914,3447,27.7387,-33.1264,8.95581,47.6127
89003,3399,4104,5942,8644,3417,4037,5641,8080,3247,3615,4070,4472,3112,3326,3550,3544,-15.7492,21.9895,8.60378,48.1333
89004,4084,3810,3467,3237,6268,4549,3623,3292,9759,5276,3674,3429,6053,4613,3735,3363,6.68928,-29.0397,8.54274,48.1547
89005,7626,9691,5208,3748,4957,5249,4307,3584,3841,3782,3541,3364,3389,3361,3327,3092,-29.5832,-11.6167,8.86544,48.0447
89006,3382,3857,6112,12631,3339,3749,4790,6205,3250,3393,3764,3863,3146,3163,3350,3351,-26.7229,28.8368,8.67583,47.5633
89007,6017,5402,3939,3388,7848,6972,4164,3459,5049,4629,3816,3429,3834,3773,3435,3238,-9.21319,-17.3043,8.65339,48.2613
89008,3595,4415,7811,8511,3538,4066,5970,6134,3277,3541,4059,3916,3118,3260,3455,3394,-20.3841,15.8638,8.95428,48.04
89009,3370,3307,3268,3083,3600,3889,3761,3416,4320,5292,4823,4109,5080,8937,7553,4356,26.334,-2.11327,8.9184,48.1093
89010,3996,5063,5768,4440,4090,6081,7499,4764,3666,4356,4643,3923,3332,3583,3603,3588,-10.3718,3.17058,8.72986,48.2633
89011,3382,3619,3861,3834,3771,4322,5555,4439,3791,5529,7897,5023,3697,4251,5092,4346,5.42703,5.91113,8.60166,48.2727
89012,3379,3301,3175,3163,3974,3761,3502,3325,6087,4633,3689,3370,13018,6053,3869,3343,31.4172,-28.8677,8.96515,47.7613
89013,3296,3740,4623,5595,3434,3971,5881,8943,3408,3798,4824,6174,3243,3431,3819,4092,-5.35934,22.2292,8.70454,48.1813
89014,3081,3236,3369,3389,3330,3421,3779,3913,3361,3816,4794,5937,3335,3885,6609,11906,30.1283,24.1332,8.50963,47.4407
89015,3314,3557,4114,4477,3349,3876,5680,6799,3399,3980,5997,7458,3366,3562,4508,4749,1.50632,18.3926,8.79256,48.1233
89016,3210,3315,3397,3153,3615,3817,3677,3538,4242,5147,5191,4077,4784,8195,7935,4705,24.4744,-0.428205,8.67321,47.9987
89017,3569,3507,3214,3181,4517,3987,3502,3199,8739,5151,3945,3459,8986,5561,3887,3383,15.6689,-32.3728,8.6451,47.858
89018,6135,4678,3637,3335,9709,5221,3778,3354,6488,4445,3690,3324,4091,3884,3484,3128,-6.39733,-30.4893,8.60884,48.254
89019,3529,3816,3718,3425,3949,4949,4681,3728,4433,7132,6476,4152,4286,5092,4880,3891,7.56187,-1.57792,8.61224,48.0913
89020,4606,5566,4841,3895,4710,7768,5848,3967,4109,5039,4270,3767,3583,3687,3583,3377,-8.87234,-4.11238,8.97613,48.4107
89021,4624,5699,4771,3889,5020,7861,5769,3927,3982,4821,4188,3643,3528,3601,3600,3293,-9.57981,-5.22502,8.55529,48.144
89022,3166,3153,3283,3340,3264,3521,3860,4025,3436,3912,5185,5759,3494,4412,8021,10397,26.3989,18.3768,8.84966,48.152
89023,3360,3465,3360,3139,3900,4047,3788,3430,5259,6539,4607,3719,6233,8444,5299,3781,18.9415,-9.10736,8.80191,48.2467
89024,3326,3394,3317,3216,3641,3832,3674,3518,4373,5054,4626,3894,5287,9349,7217,4370,31.2909,-3.57112,8.66957,48.0587
89025,4356,4275,3667,3340,5867,6472,4372,3571,6065,6838,4273,3569,4514,4350,3779,3335,0.464732,-12.951,8.64076,48.4287
89026,3132,3147,3416,3418,3191,3509,3869,4063,3366,3924,5180,6570,3363,4109,6910,10804,23.1194,21.6427,8.75195,47.9807
89027,3289,3517,3358,3124,3845,3862,3766,3401,4883,5985,4622,3803,6182,9049,5743,4056,21.8345,-7.69945,8.6182,48.3233
89028,5658,9692,6586,4225,4666,5290,4596,3801,3643,3793,3694,3354,3298,3320,3330,3289,-29.8706,-5.22935,8.76348,48.1567
89029,3927,4092,3990,3466,4640,6449,4854,3894,4857,7055,5024,3885,4092,4476,4039,3658,0.943239,-6.30905,8.56249,48.2653
89030,3389,3954,5990,12160,3369,3866,4781,6653,3240,3440,3862,3953,3072,3231,3356,3424,-24.0083,29.6103,8.96544,47.8267
89031,3385,4150,7181,10331,3388,3941,5224,6519,3206,3496,3850,4072,3081,3255,3394,3351,-22.0429,19.9825,8.9711,47.8827
89032,3434,3542,3322,3154,4085,4267,3676,3400,5290,7338,4903,3800,5749,7578,5043,3830,15.7021,-8.35684,8.95486,48.274
89033,3382,3417,3483,3492,3687,4227,4364,3828,4113,6236,7185,4620,4091,5642,6328,4542,13.0158,2.64566,8.88452,48.4247
89034,6415,4870,3687,3292,9366,5912,3849,3422,5686,4428,3841,3224,3836,3790,3518,3124,-8.09733,-22.1469,8.75372,48.1733
89035,8992,8640,4712,3704,5564,5231,4170,3528,3819,3955,3499,3351,3333,3439,3245,3157,-25.7363,-15.33,8.56702,48.226
89036,6018,9862,5996,3869,4762,5281,4522,3778,3790,3842,3628,3357,3359,3331,3414,3234,-33.492,-7.06277,8.82039,48.0287
89037,3158,3250,3319,3460,3228,3665,3812,3865,3474,4096,5115,5605,3637,4554,8417,9216,28.8747,16.25,8.53255,47.914
89038,4843,7959,7974,4780,4042,5219,5211,4205,3597,3777,3797,3604,3378,3383,3415,3236,-24.2733,-0.174483,8.69228,48.28
89039,3480,3982,4487,4127,3747,4949,7159,5110,3711,4796,6556,4796,3550,3905,4153,3944,-1.17484,6.91354,8.88545,48.3013
89040,3120,3289,3404,3371,3110,3559,3905,4151,3308,3812,5045,7168,3447,3919,6324,11226,20.9685,25.3297,8.57565,48.1053
89041,4177,6530,9466,5722,3802,4626,5217,4430,3386,3639,3849,3678,3203,3319,3257,3359,-28.6105,5.47533,8.60376,47.7733
89042,3469,3484,3191,3102,4250,3915,3584,3194,7205,5076,3803,3286,10883,6228,4018,3439,20.3744,-24.6128,8.93262,48.0847
89043,3256,3542,4025,4726,3329,3807,4938,7640,3381,3704,5005,8772,3254,3553,4228,4900,1.30137,31.9847,8.70347,48.04
89044,3120,3311,3348,3451,3338,3513,3802,3756,3536,4131,5165,5271,3729,4844,9290,8508,27.2418,13.9595,8.81158,48.0753
89045,3403,3486,3244,3066,3898,3699,3419,3254,6009,4662,3911,3501,12498,5947,3972,3409,27.9923,-32.9951,8.75676,47.5853
89046,3750,4259,4682,3996,3875,5715,7318,4761,3716,4906,5924,4384,3529,3822,4035,3730,-3.44961,4.87228,8.50922,48.268
89047,4622,4048,3464,3251,7784,5171,3706,3320,8517,5187,3745,3488,5011,4179,3530,3266,1.2162,-25.3419,8.88348,48.1927
89048,3213,3234,3429,3336,3263,3510,3727,3891,3319,3794,4734,5944,3372,3935,5955,12591,31.3036,28.3749,8.795,47.498
89049,3434,4106,6452,9268,3292,3941,5645,7612,3222,3491,3960,4357,3084,3291,3513,3544,-17.9729,21.3506,8.70042,48.1413
89050,3222,3514,4031,3915,3504,3899,5279,5725,3510,4191,7009,7443,3315,3797,4854,5087,4.99265,16.2325,8.90962,48.1967
89051,3095,3242,3460,3463,3396,3578,4071,4425,3387,3940,5222,7868,3380,4025,5933,9672,17.7251,24.4424,8.55195,48.1047
89052,3262,3881,5750,11463,3300,3820,4890,7454,3266,3454,4028,4247,3105,3215,3438,3364,-20.9777,28.5669,8.87848,47.958
89053,4273,3870,3468,3192,6745,4669,3677,3299,9461,5373,3893,3403,5692,4541,3683,3199,4.71073,-24.9347,8.88675,48.292
89054,3201,3178,3330,3305,3366,3653,4004,3842,3638,4405,5525,4936,3921,5536,9726,6710,24.2853,9.12664,8.97577,48.184
89055,3641,3843,3452,3277,4726,4950,3942,3435,6273,8073,4614,3618,5129,5595,4206,3443,8.26734,-11.4927,8.87044,48.1447
89056,3515,3332,3219,3175,3845,3783,3508,3279,6045,4585,3604,3412,12424,5889,3981,3353,32.6308,-33.3263,8.86985,47.2993
89057,3002,3195,3364,3446,3239,3550,3820,3999,3459,4043,5194,6234,3450,4393,7626,10356,23.981,19.07,8.95989,48.2467
89058,3579,4180,4635,4329,3764,5215,7728,5256,3634,4535,6013,4633,3358,3747,3966,3752,-3.73168,6.97242,8.96307,48.216
89059,3060,3199,3372,3467,3277,3468,4020,4200,3478,3832,4930,7132,3383,3952,5626,11561,21.6757,30.5712,8.77734,47.9713
89060,4183,4500,4163,3630,5044,7420,5220,3845,4492,6285,4550,3827,3922,4161,3776,3360,-2.64257,-6.18377,8.69432,48.252
89061,5187,7776,5704,3909,4852,6807,5153,3824,3928,4160,3782,3509,3300,3612,3352,3336,-17.0526,-5.38108,8.82922,48.1273
89062,3497,4016,6424,7363,3428,4084,6527,7326,3265,3634,4154,4468,3047,3262,3549,3690,-14.9665,17.3331,8.71517,47.8227
89063,3534,3479,3263,3222,4477,4160,3504,3267,7624,5794,4084,3362,8554,6224,4068,3459,16.1531,-19.7542,8.91292,48.05
89064,3054,3154,3505,3415,3176,3441,3895,3897,3369,3883,4998,5875,3433,4210,7446,11277,29.3962,20.5392,8.65653,48.0187
89065,4965,6444,4718,3884,5251,7948,5142,3804,4031,4551,3965,3539,3581,3624,3523,3178,-11.7375,-7.10105,8.9119,48.0987
89066,3015,3234,3375,3472,3192,3449,3835,4063,3500,3765,5068,7247,3385,3946,6276,11157,21.0336,25.1226,8.83502,47.986
89067,3206,3395,3549,3613,3430,3769,4526,4352,3594,4401,7352,6493,3579,4375,6619,6114,13.4522,13.1892,8.59412,48.2447
89068,7596,5022,3743,3548,9353,5310,3796,3350,5193,4243,3558,3361,3687,3536,3291,3184,-11.6744,-30.4012,8.73169,47.8473
89069,5936,7390,4975,3814,5465,7185,4649,3854,4076,4227,3815,3465,3506,3610,3369,3116,-15.5516,-9.88137,8.6657,48.3013
89070,4052,3776,3588,3186,6476,4535,3671,3313,9629,5241,3884,3359,5838,4549,3667,3338,5.51546,-32.1745,8.54652,48.068
89071,3177,3308,3347,3345,3242,3647,3881,3807,3702,4363,5213,4840,3782,5401,9910,7005,32.0054,10.0193,8.76694,47.98
89072,4355,7457,9047,5360,3994,4818,5067,4299,3458,3773,3913,3644,3199,3313,3304,3294,-27.2493,3.09259,8.63668,48.1967
89073,3350,3686,4914,7307,3416,3857,5305,9778,3248,3589,4235,5483,3095,3213,3648,3866,-10.2362,27.9702,8.7346,47.9933
89074,3254,3306,3351,3350,3414,3684,3790,3689,3919,4771,5123,4481,4215,6716,9499,5752,29.8849,5.0109,8.71918,48.2093
89075,3204,3207,3352,3334,3336,3703,3735,3711,3795,4524,5150,4606,4064,6160,10100,5924,31.97,6.26037,8.84139,47.9367
89076,5004,4591,3725,3389,7453,6477,4043,3555,6194,5566,3984,3259,4212,4089,3653,3236,-2.9946,-16.9668,8.94048,48.2867
89077,3108,3277,3578,3741,3293,3614,4365,5296,3328,3881,5672,9431,3308,3824,5241,7244,11.253,23.7731,8.98922,48.134
89078,3296,3393,3453,3428,3562,3863,4288,3863,3889,5310,7307,4914,3985,5339,7155,5168,14.7153,5.46896,8.84251,48.142
89079,3104,3336,3426,3280,3244,3606,3880,3968,3558,4266,5890,5404,3873,4913,8850,7448,21.9178,12.2948,8.78625,48.0307
89080,3241,3369,3352,3283,3545,3674,3680,3621,4137,4878,5037,4191,4540,7953,8789,4793,32.5915,0.973957,8.98481,48.0553
89081,3363,4151,6640,12043,3388,3800,4964,6304,3127,3438,3855,3945,3109,3105,3374,3336,-25.7388,23.5217,8.96712,47.9613
89082,6452,9342,5640,3970,4891,6126,4645,3716,3827,3832,3554,3264,3349,3391,3294,3093,-21.6372,-8.40358,8.92207,48.2573
89083,10679,7592,4287,3448,5666,4995,3881,3422,3976,3816,3492,3246,3456,3441,3398,3112,-27.9155,-19.4438,8.5485,47.938
89084,8007,8561,4654,3609,5784,5915,4274,3467,3961,3880,3570,3293,3435,3342,3263,3188,-21.469,-13.9045,8.99637,48.1353
89085,3460,3429,3206,3103,4076,3865,3350,3229,6981,5029,3774,3340,11648,5994,3918,3342,22.5665,-28.7728,8.59437,47.8293
89086,3181,3452,3383,3255,3903,4173,3978,3620,4679,6856,5436,4008,4928,7303,5933,4191,16.5038,-3.62462,8.64255,48.186
89087,3430,3439,3217,3165,4072,3861,3500,3267,7087,4775,3779,3380,11346,5890,3872,3381,21.5417,-31.21,8.69838,47.6407
89088,6283,6248,4188,3425,7305,7133,4367,3511,4572,4399,3806,3376,3698,3637,3467,3291,-12.1464,-15.3083,8.55382,48.4707
89089,4290,6858,9104,5115,4009,4739,5165,4388,3452,3707,3750,3556,3302,3337,3408,3293,-33.877,3.26397,8.64719,47.6487
89090,3617,3586,3400,3084,4424,4476,3719,3363,6811,7252,4492,3615,6245,6323,4357,3598,12.9968,-13.7952,8.63465,48.2413
89091,3468,3506,3489,3249,4019,4365,3912,3512,4958,7732,5341,3889,4906,6908,5280,3991,13.8611,-5.82755,8.91148,48.35
89092,11125,5831,3904,3321,7238,4995,3793,3362,4180,3863,3523,3189,3438,3346,3220,3064,-20.6249,-30.2261,8.78869,47.5947
89093,4190,5772,5406,4184,4559,7102,6463,4271,3954,4515,4339,3686,3478,3653,3610,3345,-10.9195,-1.34519,8.67878,48.3513
89094,3246,3771,4609,5428,3369,3995,5941,8772,3424,3738,5145,6168,3232,3452,3923,4192,-5.02688,20.9953,8.75847,48.27
89095,3499,3679,3349,3251,4211,4374,3879,3323,5941,7653,4689,3681,5826,6860,4639,3662,13.9004,-10.9614,8.9086,48.344
89096,3121,3207,3309,3376,3234,3443,3665,3954,3358,3720,4758,6146,3449,3939,6181,12427,26.1699,33.5627,8.62798,47.5247
89097,4145,6535,9413,5619,3858,4761,5645,4610,3479,3706,3745,3666,3155,3333,3376,3233,-24.3199,5.10383,8.88385,48.186
89098,3396,3676,4136,4167,3508,4188,5981,5515,3569,4401,7103,6138,3490,3881,4641,4483,2.41487,12.7385,8.61036,48.182
89099,3151,3277,3299,3300,3226,3502,3880,4047,3545,3992,5326,6468,3475,4130,7381,10256,21.7655,19.673,8.86798,48.17
89100,3429,4152,7735,11088,3467,3875,4834,5907,3182,3521,3732,3890,3052,3173,3321,3451,-28.8519,19.2467,8.97351,47.8727
89101,3587,4086,4684,4161,3904,5313,7577,4920,3644,4868,6032,4349,3442,3795,4059,3880,-3.27788,6.0635,8.91369,48.2007
89102,4019,6144,9595,5865,3948,4600,5499,4558,3396,3642,3921,3747,3190,3292,3318,3245,-24.6215,6.33057,8.70582,47.986
89103,4174,6066,7650,5201,4015,5387,6354,4754,3435,3936,4131,3733,3296,3538,3432,3334,-17.465,4.06522,8.54553,48.2907
89104,6546,4843,3766,3187,9921,5415,3729,3316,5841,4285,3605,3409,3942,3656,3373,3167,-8.42664,-26.902,8.89322,48.0007
89105,4697,5844,5031,3884,4774,7542,5954,4058,4037,4673,4260,3726,3572,3622,3627,3415,-10.527,-3.60631,8.50689,48.4773
89106,5027,5860,4226,3683,5977,8193,4700,3704,4338,5034,3885,3591,3623,3723,3571,3273,-9.14714,-10.1258,8.92395,48.272
89107,3429,3866,4706,4375,3675,4683,7276,5511,3689,4424,6255,4977,3497,3796,4223,4016,-2.39662,9.22322,8.51481,48.2653
89108,3390,4008,6773,11889,3377,3841,5036,6361,3221,3474,3853,4006,3011,3179,3306,3316,-24.7203,24.0366,8.9063,48.0273
89109,3986,3830,3389,3199,6057,4826,3722,3400,9081,5712,3870,3369,5887,4630,3631,3246,6.21604,-22.5611,8.66937,47.89
89110,3479,3408,3290,3065,4266,3894,3548,3251,7336,4994,3707,3448,11009,5828,3861,3590,20.2179,-28.7638,8.52273,47.9827
89111,3171,3697,4769,6046,3382,3924,6025,9126,3308,3706,4759,5956,3145,3435,3880,4085,-6.60457,22.2591,8.65619,48.276
89112,3701,5127,8786,7392,3695,4333,6072,5352,3350,3608,3990,3970,2911,3154,3541,3381,-21.6826,11.8394,8.69247,48.242
89113,3720,4814,8493,7602,3680,4274,6016,5678,3434,3621,4027,4038,3136,3233,3440,3317,-20.4252,13.1301,8.92688,48.3487
89114,3415,4031,5785,11509,3295,3845,4975,6989,3257,3449,3858,4049,3153,3189,3372,3334,-21.7581,33.0936,8.68106,47.67
89115,8305,5254,3808,3411,9530,5417,3794,3451,4921,4103,3546,3334,3772,3465,3357,3166,-13.2009,-26.6137,8.88915,48.4227
89116,3362,4288,7552,10968,3397,3915,4909,6096,3243,3416,3714,3972,3070,3127,3298,3361,-26.0217,20.3167,8.88754,47.792
89117,3504,3933,4166,4121,3604,4392,6308,5193,3657,4501,7154,5622,3489,3835,4462,4367,1.25886,10.894,8.55086,48.2053
89118,3229,3388,3693,3949,3344,3584,4447,5828,3335,3707,5151,10036,3315,3702,4672,6507,7.84846,32.1056,8.93698,47.9247
89119,4837,4147,3588,3155,8198,4791,3649,3371,8327,5146,3731,3281,4950,4179,3489,3225,0.468689,-26.8589,8.84249,48.0427
89120,9148,5428,3866,3334,8974,5254,3808,3348,4709,3890,3460,3279,3569,3504,3307,2986,-15.0381,-28.811,8.90151,47.9093
89121,3049,3113,3403,3508,3291,3508,3999,4349,3322,3817,5249,7729,3417,4033,6163,10180,18.8172,23.8109,8.87518,48.0867
89122,3560,4377,6719,6031,3623,4639,7584,6131,3411,3820,4469,4320,3117,3406,3571,3521,-13.456,11.9527,8.82158,48.1993
89123,3297,3597,4828,6814,3416,3790,5105,9990,3170,3560,4418,5719,3079,3356,3769,3942,-8.88398,31.291,8.8336,47.9
89124,3108,3285,3369,3470,3352,3609,3899,4065,3607,4096,5815,6079,3467,4485,8029,8369,21.0231,15.6311,8.57917,48.0693
89125,3696,3500,3297,3222,5227,4343,3524,3328,9738,5327,3816,3283,7238,4909,3815,3310,10.8893,-32.2493,8.77054,47.7153
89126,3022,3150,3411,3265,3283,3487,3803,3884,3409,3641,4821,6535,3493,4067,5988,12337,24.4645,32.1291,8.97074,47.7307
89127,3055,3367,3496,3580,3233,3636,4150,4355,3465,4087,6152,7195,3570,4038,6642,7968,16.1096,17.7685,8.80108,47.9927
89128,3270,3668,5113,7541,3300,3890,5481,9691,3202,3607,4144,5180,3119,3400,3628,3774,-11.8939,25.3029,8.90611,48.0053
89129,4082,4164,3639,3366,5138,6247,4394,3645,5627,7400,4757,3649,4326,4538,4010,3458,2.4758,-9.83127,8.58468,48.2933
89130,5979,9830,6544,3995,4571,5165,4502,3939,3626,3709,3743,3413,3246,3256,3352,3236,-28.8311,-5.84381,8.77241,48.0707
89131,3315,3771,5032,7152,3356,3859,5221,9833,3258,3601,4341,5211,3308,3448,3669,3765,-10.3786,32.5432,8.61462,48.0933
89132,3371,3304,3254,3122,3914,3766,3393,3214,6173,4677,3808,3347,12520,6338,4067,3345,29.6318,-25.8444,8.77047,47.742
89133,3761,4776,7394,6293,3598,4514,6922,5960,3380,3762,4164,4120,3211,3309,3522,3574,-16.0487,11.5419,8.51533,48.1733
89134,9928,5940,3928,3351,7831,5297,3891,3501,4354,3968,3477,3271,3479,3519,3212,3111,-17.9881,-23.9513,8.86048,48.0387
89135,3877,5593,9991,6764,3637,4404,5186,4789,3357,3628,3838,3785,3189,3246,3445,3333,-30.531,9.11589,8.87569,48.0413
89136,3152,3404,3283,3276,3484,3754,3737,3595,4000,4886,5248,4293,4529,7462,8733,5179,25.5645,2.11129,8.82962,48.01
89137,7705,5552,3864,3420,8690,5897,3853,3400,4925,4177,3660,3376,3788,3518,3341,2997,-12.7407,-21.9921,8.63819,48.1087
89138,3422,3541,3944,3702,3608,4210,5430,4569,3764,5230,8078,5367,3596,4284,5138,4539,6.23057,7.70537,8.7206,48.2813
89139,3491,3749,4321,4048,3665,4732,6837,4938,3694,4843,7036,5085,3514,3919,4454,4209,0.290729,8.1431,8.92449,48.3567
89140,5914,8282,5268,3764,5307,6613,4611,3717,3853,4114,3824,3367,3338,3434,3415,3135,-18.296,-8.61973,8.87453,47.9707
89141,8379,9378,4914,3711,5207,5137,4034,3474,3901,3907,3662,3274,3372,3388,3255,3123,-27.0558,-13.6322,8.8138,48.0773
89142,3353,3541,3467,3286,3883,4382,4057,3497,4815,7289,5700,4035,4812,6565,5475,4043,13.8925,-4.26225,8.76935,48.1333
89143,4925,4316,3723,3218,8793,5084,3814,3369,7528,4745,3614,3388,4398,3989,3642,3212,-2.17512,-33.6623,8.52945,47.8387
89144,3461,3657,3957,3867,3640,4493,6120,4601,3785,5174,7838,5110,3589,4031,4635,4226,3.34056,6.82074,8.93844,48.1227
89145,7656,6763,4202,3447,7147,6364,4179,3430,4304,4207,3591,3279,3511,3619,3280,3169,-16.0079,-17.2547,8.90123,48.0987
89146,6534,5596,3924,3390,8264,6408,4081,3466,4906,4485,3691,3343,3700,3680,3412,3082,-10.9421,-18.7639,8.72201,47.9747
89147,3047,3235,3391,3482,3306,3666,3848,4122,3468,4007,5646,6261,3602,4315,7803,9061,20.9481,17.092,8.80552,48.1733
89148,3333,3942,4878,5351,3565,4191,6807,7712,3416,3918,5069,5562,3190,3503,3939,4020,-6.19578,17.0589,8.5026,48.264
89149,3415,3913,5533,9830,3447,3828,5208,8074,3256,3570,3966,4347,3184,3278,3562,3423,-17.3497,33.203,8.64647,47.8893
89150,3311,3656,4934,6235,3377,3928,5570,9736,3179,3599,4493,5937,3208,3384,3832,3932,-7.66151,24.8452,8.76953,48.2073
89151,10135,5743,3890,3443,8087,5102,3754,3369,4335,3943,3385,3238,3497,3488,3241,3088,-18.0586,-27.5626,8.78218,47.8253
89152,3551,4292,6968,6977,3458,4339,6742,6631,3327,3685,4280,4304,3158,3291,3462,3572,-15.6227,15.1322,8.97333,48.0247
89153,9302,8328,4518,3460,5808,5466,3956,3519,3965,3904,3519,3271,3346,3343,3241,3115,-23.3671,-16.3483,8.67611,48.0407
89154,3163,3391,3393,3382,3541,3683,4010,3737,3978,5229,6084,4657,4230,6481,8282,5142,19.6175,3.9267,8.9949,48.2553
89155,3556,3618,3539,3292,3966,4577,4091,3540,4866,7683,5599,3970,4741,6381,5140,3808,12.485,-4.67257,8.88531,48.2447
89156,3169,3514,3776,3938,3321,3670,4618,5826,3385,3939,6007,9066,3265,3846,4811,5988,7.25458,21.7402,8.76725,48.0927
89157,11247,5822,3963,3307,7495,5001,3707,3386,4158,3857,3470,3246,3379,3463,3222,3105,-20.8291,-28.8681,8.66543,47.8853
89158,3348,3410,3157,3244,3783,3839,3535,3402,5300,5089,4149,3526,7844,9693,5006,3742,32.1667,-12.2042,8.62607,48.0447
89159,3727,3660,3337,3235,5214,4314,3546,3199,9833,5222,3767,3380,7415,4947,3769,3400,11.4166,-30.6168,8.64786,47.9767
89160,8653,9333,4806,3487,5283,5168,4102,3589,3800,3740,3531,3190,3291,3402,3210,3230,-32.752,-14.1522,8.88627,47.8767
89161,3079,3255,3345,3333,3180,3493,3687,4023,3346,3805,5074,5938,3376,4041,7159,11533,26.5219,22.1615,8.78878,47.778
89162,8153,8494,4676,3657,6028,5780,4015,3604,4014,3915,3563,3124,3282,3365,3305,3219,-21.1928,-14.8151,8.90707,48.1293
89163,3091,3223,3347,3371,3133,3494,3835,3964,3408,4003,4824,5949,3303,4010,7067,11690,30.2309,22.2201,8.62266,47.808
89164,3000,3187,3436,3477,3319,3784,4086,3962,3708,4435,6747,5518,3735,5006,8295,6559,18.7956,10.6424,8.69913,48.1693
89165,3398,3837,4756,4589,3599,4508,7525,6282,3551,4224,6009,5362,3280,3653,4045,4164,-3.3213,12.0964,8.75957,48.5213
89166,3413,3990,5914,12604,3448,3623,4640,5925,3124,3413,3775,3958,3196,3355,3366,3370,-32.8138,31.3496,8.61634,47.4093
89167,3456,4010,5982,12250,3387,3775,4737,6385,3326,3508,3721,3937,3051,3246,3325,3389,-24.455,33.9379,8.71561,47.6567
89168,3181,3413,3775,3971,3324,3621,4336,5810,3344,3856,5401,9803,3228,3799,4789,6683,8.44736,26.8847,8.73115,48.2227
89169,11644,7314,3974,3451,5947,4909,3928,3347,3913,3798,3421,3190,3341,3381,3408,3178,-30.2159,-21.4258,8.68008,48.096
89170,3498,3333,3127,3149,4161,3749,3520,3236,7044,4927,3863,3390,11328,6403,3991,3382,22.2336,-24.9816,8.60202,48.0673
89171,3587,4566,8588,9691,3473,3937,5161,5529,3243,3476,3771,3867,3148,3198,3361,3403,-28.3978,16.3611,8.69106,47.9993
89172,3489,3601,3486,3305,4139,4422,3885,3525,5313,7624,5126,3758,5321,6997,4981,3818,13.7671,-7.81712,8.8809,48.5267
89173,3099,3296,3332,3425,3204,3516,3719,4031,3385,3852,4839,5934,3376,4031,6807,11896,31.4298,23.3488,8.80494,47.828
89174,4238,6754,8922,5412,3901,4931,5693,4533,3473,3812,3832,3594,3243,3461,3427,3328,-22.4858,3.94565,8.65766,48.3693
89175,3944,4927,5452,4387,4120,6331,7812,4675,3754,4462,4835,3960,3371,3625,3635,3441,-9.23923,2.99697,8.99486,48.4873
89176,3358,3574,4140,4351,3418,3953,5510,6449,3414,4083,6367,7500,3379,3706,4451,4831,2.02137,17.7681,8.90125,48.3227
89177,3033,3268,3423,3310,3269,3529,3770,3911,3431,3936,5197,5775,3565,4422,8035,10054,26.0467,17.9736,8.62163,47.952
89178,3196,3516,3909,4144,3326,3566,4708,6693,3313,3836,5142,9596,3304,3621,4459,5932,5.26523,27.9933,8.55321,48.174
89179,5565,4622,3660,3271,8900,5819,3794,3345,6664,4855,3676,3364,4336,3917,3344,3206,-4.14358,-22.6064,8.76459,48.2253
89180,3239,3261,3343,3309,3493,3653,3781,3600,4031,4906,5030,4272,4343,7620,9021,5128,33.4854,2.18346,8.95375,48.02
89181,3401,3439,3332,3152,3916,3757,3426,3288,6093,4630,3671,3392,12580,6014,3869,3300,33.2501,-28.1367,8.57867,47.5067
89182,3144,3286,3532,3522,3443,3634,4247,4325,3578,4300,6730,6477,3598,4538,7014,6961,15.9458,14.4388,8.53328,48.2193
89183,5782,9148,5998,4019,4782,6061,4749,3895,3683,3848,3799,3443,3294,3334,3278,3149,-21.32,-6.50548,8.81377,48.1747
89184,3128,3274,3449,3300,3323,3540,3803,3978,3527,4116,5283,5343,3557,4713,8713,8807,31.4982,15.0379,8.72652,47.9027
89185,3377,3639,4326,4312,3515,4076,6106,6563,3498,4033,6304,6777,3346,3731,4475,4530,0.650924,16.0987,8.73308,48.4053
89186,3395,3395,3263,3191,3550,3725,3711,3487,4452,5021,4708,3973,5338,9243,7030,4259,32.8622,-3.36528,8.57811,47.8273
89187,3974,3836,3491,3174,5776,4858,3833,3333,8581,6504,3864,3366,5462,4807,3828,3369,6.33602,-19.3111,8.98914,48.0373
89188,3346,3443,3170,3204,3811,3707,3421,3246,5882,4754,3650,3344,12687,6146,3998,3465,28.4525,-33.8,8.83047,47.516
89189,3482,3757,3837,3429,3935,4777,4887,4021,4249,6549,7131,4445,4018,4881,4986,4185,7.21927,0.821292,8.82259,48.3793
89190,4019,5889,8410,5628,3762,4925,6289,4863,3482,3729,3975,3842,3219,3331,3374,3346,-19.273,6.10419,8.72837,48.0553
89191,3227,3539,4083,4782,3388,3762,4871,8045,3358,3840,5022,8490,3254,3573,4209,4797,0.537144,30.1179,8.53736,48.16
89192,3336,3309,3305,3180,3668,3761,3581,3478,4409,5133,4649,4107,5468,9515,6888,4336,28.6765,-3.85999,8.85794,48.082
89193,4929,5441,4161,3586,6266,8029,4754,3572,4689,5301,3992,3424,3797,3922,3512,3303,-7.47311,-11.0203,8.60962,48.452
89194,3333,4037,6447,12262,3448,3892,4862,6218,3161,3344,3890,3943,3076,3174,3378,3523,-28.0552,25.8668,8.62042,47.992
89195,5249,4510,3621,3266,9370,5111,3681,3404,7301,4754,3664,3363,4378,3952,3473,3111,-2.86412,-32.2998,8.97482,48.1387
89196,3582,3430,3256,3144,4215,3979,3644,3272,7945,5015,3837,3386,10331,5753,3912,3455,18.3248,-33.4156,8.68149,48.104
89197,6868,9724,5480,3822,4852,5285,4284,3601,3788,3912,3590,3348,3292,3210,3359,3142,-31.6388,-9.59662,8.58256,47.7047
89198,3624,4026,4467,3917,3882,5183,6801,4717,3858,5145,6601,4587,3577,4010,4263,3961,-0.0750716,4.86236,8.77658,48.4127
89199,3449,4026,6849,11689,3387,3895,4859,6016,3253,3457,3805,3961,3029,3207,3435,3354,-29.0879,22.355,8.71677,47.7807
89200,3237,3719,4480,5187,3302,3758,5134,9088,3312,3685,4890,7275,3199,3536,3948,4468,-2.61358,25.7214,8.72724,48.1453
89201,3923,4027,3711,3392,4539,6266,4755,3621,5015,7655,5090,3748,4319,4639,4114,3522,2.82051,-6.6567,8.9734,48.224
89202,4007,5794,8727,5930,3732,4821,6155,4894,3508,3941,3966,3848,3145,3265,3352,3308,-20.2949,6.77219,8.77428,48.262
89203,3487,4023,4905,4445,3768,4893,7876,5813,3460,4285,5753,4856,3303,3552,3904,3949,-4.46501,10.1719,8.88823,48.1813
89204,10611,5774,3932,3391,7764,5017,3763,3423,4315,3928,3598,3264,3491,3413,3278,3170,-18.7402,-28.8263,8.73481,48.088
89205,3146,3151,3385,3329,3284,3495,3883,3845,3540,4192,5109,5459,3581,4730,8941,8931,28.3981,14.9768,8.501,48.0007
89206,3613,4229,6355,6222,3654,4390,7324,6948,3375,3767,4609,4449,3172,3348,3684,3607,-12.305,14.2621,8.55234,48.4973
89207,3308,3582,4390,5403,3360,3761,5164,9299,3425,3773,4844,7436,3152,3525,3946,4435,-2.82006,28.3203,8.92497,48.5353
89208,3258,3783,4789,6392,3390,3837,5714,9566,3253,3682,4408,5863,3128,3348,3739,4005,-8.06591,24.0318,8.68246,48.1033
89209,3352,3718,4507,5119,3391,3951,6577,7672,3334,3928,5449,6149,3267,3651,3990,4151,-3.57291,17.8607,8.76948,48.1373
89210,3036,3251,3342,3420,3340,3554,3919,4195,3403,3988,5466,6697,3390,4306,7037,9693,20.6556,19.5419,8.72656,48.0247
89211,3159,3457,3739,3936,3370,3575,4499,6174,3326,3758,5433,9953,3305,3734,4531,6090,6.80323,26.7347,8.99059,48.026
89212,3258,3433,3433,3350,3597,3884,4258,3836,4006,5575,6943,4774,4135,5700,7156,5000,15.405,4.1431,8.89584,48.2253
89213,3134,3151,3370,3542,3121,3466,3707,3792,3333,3729,4846,6267,3407,4021,6106,12603,27.581,29.2569,8.78889,47.73
89214,3618,4563,6409,5575,3553,4743,7822,5773,3405,3917,4559,4239,3253,3411,3682,3438,-12.5088,10.1107,8.80306,47.9733
89215,3379,3454,3348,3075,4035,3921,3493,3199,6280,5120,3912,3460,10982,6906,4112,3385,24.3068,-21.674,8.61386,48.0407
89216,3055,3230,3427,3335,3273,3506,3874,3901,3352,3801,4995,6757,3402,3930,5847,11917,23.3685,30.2455,8.85089,47.7347
89217,3458,3793,4331,4215,3569,4448,7001,5498,3583,4507,7062,5353,3441,3820,4384,4140,-0.115881,10.1532,8.84185,48.402
89218,3474,3876,4291,3862,3778,4852,6726,4657,3814,5084,6951,4723,3583,4109,4329,4077,0.74196,5.53212,8.74098,48.124
89219,8540,7588,4418,3450,6441,6012,4108,3472,4119,3937,3551,3231,3367,3446,3357,3124,-19.3418,-16.6209,8.7544,48.1073
89220,3506,3989,4451,4207,3562,4935,7388,5099,3807,4520,6476,4824,3487,3812,4128,3899,-1.63835,7.58223,8.92051,48.06
89221,10226,5788,4080,3451,8033,5328,3839,3459,4286,4000,3419,3243,3400,3412,3192,3145,-18.0456,-25.3141,8.90862,48.2007
89222,9872,5599,4023,3409,8382,4995,3729,3353,4329,3856,3600,3250,3482,3423,3350,3111,-17.3457,-31.1309,8.99137,47.842
89223,6851,7450,4564,3614,6260,6623,4377,3671,4169,4175,3801,3354,3507,3568,3341,3255,-16.5552,-13.6629,8.55016,48.3867
89224,4022,4241,3751,3422,5109,6728,4597,3707,5107,7228,4745,3601,4195,4542,4006,3420,0.745509,-8.70279,8.5071,48.2807
89225,3385,3286,3284,3185,3867,3848,3527,3293,5681,5091,3963,3411,10622,7821,4350,3419,29.4655,-19.0193,8.56111,48.022
89226,3258,3539,4109,4157,3480,4082,6045,5555,3602,4432,7236,6415,3453,3747,4635,4611,2.69184,13.5901,8.7269,48.2373
89227,11500,6224,3973,3418,6974,4998,3833,3318,4085,3811,3478,3101,3411,3356,3310,3117,-22.2746,-25.1259,8.66463,47.938
89228,5343,4680,3776,3222,8369,6158,4070,3398,6160,5142,3803,3349,4127,3854,3408,3232,-4.49273,-19.6867,8.66235,48.0607
89229,3467,3834,5364,8642,3371,3754,5288,9040,3310,3451,4000,4644,3236,3351,3533,3609,-14.2596,29.5632,8.62407,47.9293
89230,9615,8403,4559,3605,5386,5082,4018,3540,3870,3769,3468,3214,3438,3494,3276,3230,-31.702,-16.7615,8.56501,47.978
89231,4799,4479,3673,3267,7584,5859,3898,3411,7023,5572,3882,3447,4492,4285,3606,3237,-1.2876,-19.7266,8.71643,48.3427
89232,3393,3249,3249,3120,4001,3740,3482,3189,6270,4577,3850,3363,12238,6084,4003,3479,26.8284,-28.6842,8.53917,47.5247
89233,9409,8554,4576,3474,5538,5280,3978,3427,3836,3801,3556,3250,3363,3396,3323,3119,-31.6123,-16.3098,8.63823,47.92
89234,3785,4378,4049,3617,4579,6844,5579,3830,4503,6509,5292,3840,3843,4304,4049,3612,-0.676974,-3.54783,8.877,48.4087
89235,3500,4013,5243,4844,3569,4603,8005,6519,3495,4026,5421,4860,3347,3606,3891,3817,-6.24352,12.1597,8.89762,48.506
89236,3251,3292,3352,3324,3307,3478,3877,3828,3340,3713,4685,5873,3486,3955,5999,12455,28.7557,32.5943,8.50595,47.4767
89237,12667,6331,4001,3378,6364,4715,3831,3363,3916,3814,3351,3213,3342,3395,3215,3127,-26.1411,-26.139,8.9807,48.0153
89238,4037,5818,7381,5171,3957,5333,6918,4900,3496,3878,4147,3915,3180,3388,3472,3429,-16.2955,5.21391,8.71216,48.28
89239,3332,3965,6825,11846,3390,3785,4912,5977,3168,3445,3752,3871,3070,3276,3382,3409,-31.0287,22.7533,8.96851,47.6033
89240,3618,3413,3263,3040,4457,4127,3554,3248,7824,5815,4070,3481,8551,6183,4194,3395,16.391,-20.4727,8.83402,48.1553
89241,3477,3877,4812,4670,3584,4451,7343,6216,3563,4060,5870,5093,3302,3655,4011,4019,-3.56114,12.4599,8.66642,48.002
89242,3410,3470,3319,3177,4032,3980,3637,3341,6224,6122,4184,3564,7727,7776,4575,3649,18.8341,-14.572,8.96828,48.1247
89243,3370,3806,5197,6184,3480,4038,6689,8480,3367,3724,4612,5276,3160,3362,3826,3825,-9.19799,18.7944,8.89903,48.264
89244,3335,3480,3398,3163,3733,3906,3863,3592,4628,6327,5251,4019,5149,8063,6076,4073,18.9832,-4.44882,8.60212,48.0373
89245,12565,6204,3991,3430,6074,4958,3733,3319,3995,3777,3511,3159,3354,3300,3304,3134,-28.0474,-27.4454,8.55754,47.872
89246,3117,3452,3625,3514,3441,3768,4360,4238,3753,4588,7499,6079,3734,4609,6657,6009,14.0528,11.5753,8.84442,48.2953
89247,6951,5375,3971,3371,8973,6150,3836,3362,5116,4430,3597,3293,3833,3710,3334,3156,-10.8606,-20.8599,8.87765,48.3053
89248,3225,3520,4188,4909,3243,3799,5124,8537,3276,3825,4852,7921,3311,3647,4187,4660,-1.16054,27.2665,8.63336,48.1493
89249,11582,6068,3924,3414,6927,4856,3839,3291,3977,3915,3430,3223,3386,3417,3235,2987,-22.3713,-27.0359,8.68496,47.6473
89250,4558,5784,4932,4012,4752,7683,6044,4083,3885,4604,4288,3672,3581,3698,3590,3312,-10.298,-3.57921,8.71565,48.3187
89251,7585,9840,5210,3647,4954,5192,4187,3765,3820,3794,3587,3386,3354,3395,3282,3138,-31.1193,-11.36,8.69694,48.0907
89252,4420,3938,3448,3143,6908,4972,3685,3336,9077,5491,3915,3396,5395,4510,3633,3285,3.65154,-23.5919,8.77833,48.368
89253,3173,3311,3365,3351,3446,3578,3787,3801,3614,4236,5143,5018,3622,5231,9645,7651,29.4376,11.445,8.69827,47.9813
89254,3446,4052,7359,11458,3358,3942,5079,5791,3095,3433,3840,3968,3042,3274,3318,3416,-28.855,21.1235,8.76298,47.914
89255,3124,3377,3768,4007,3325,3625,4504,6013,3363,3848,5703,9553,3373,3689,4739,6142,7.32647,25.0385,8.55869,48.102
89256,6198,5354,3835,3419,7970,6865,4147,3543,5064,4655,3676,3372,3843,3742,3493,3102,-9.42686,-17.5471,8.71392,48.1853
89257,3275,3575,4262,4731,3324,3819,4930,8595,3372,3745,4823,7980,3211,3623,4092,4563,-0.792514,33.3654,8.61677,47.9467
89258,3317,4040,6751,12408,3425,3767,4753,5971,3207,3425,3767,3957,3041,3141,3348,3331,-29.1672,24.1931,8.9714,47.766
89259,3108,3361,3423,3475,3417,3872,4260,4006,3740,4925,7227,5389,3843,5087,7484,5560,15.6269,7.80237,8.95407,48.118
89260,3200,3616,4423,4656,3412,3943,6037,7416,3396,4010,5598,7015,3221,3669,4200,4520,-1.07463,18.9903,8.74242,48.2213
89261,3296,3593,4626,5761,3389,3848,5136,9684,3408,3642,4653,6668,3152,3618,3880,4094,-4.95663,33.2425,8.98226,48.2987
89262,3134,3327,3572,3635,3411,3613,4545,4696,3461,4212,7004,7453,3411,4220,5995,6392,12.002,16.1655,8.78769,48.054
89263,3156,3322,3326,3263,3418,3725,3811,3705,3879,4640,5310,4530,4334,6999,9392,5583,26.3239,4.06091,8.74262,48.262
89264,3342,3357,3336,3131,3875,3882,3560,3157,5491,5168,4088,3619,8995,8942,4850,3530,30.1109,-14.7815,8.68229,48.2153
89265,3707,3626,3284,3150,4806,4151,3416,3178,9425,5180,3807,3425,8375,5243,3700,3321,13.3704,-27.9499,8.96927,47.8627
89266,3342,3793,4679,4659,3535,4286,7017,6424,3457,4052,5891,5545,3348,3632,4124,4264,-2.2995,13.7444,8.50436,48.032
89267,4543,3953,3576,3304,7578,4736,3785,3357,9124,5121,3712,3372,5133,4186,3669,3263,2.24827,-29.9441,8.81658,48.2747
89268,3135,3244,3341,3467,3341,3413,3661,3881,3350,3879,4644,5892,3278,3887,5919,12721,31.608,30.6576,8.71892,47.3687
89269,3415,3470,3281,3141,4046,3934,3549,3203,6405,5471,3944,3497,9707,7612,4268,3528,22.8549,-18.552,8.50276,48.314
89270,4012,6170,9777,6070,3838,4604,5620,4748,3387,3640,3752,3666,3046,3197,3317,3401,-24.4528,6.62644,8.91091,48.1633
89271,3243,3501,3559,3577,3425,4004,4585,4280,3635,4881,7626,5475,3768,4602,6469,5377,12.8372,9.31842,8.71596,48.0047
89272,3078,3493,4068,4532,3334,3812,5217,7137,3274,3891,5604,8343,3315,3602,4438,4924,2.04188,21.8734,8.64719,48.0413
89273,5491,4670,3602,3341,8679,6265,3961,3286,6114,5044,3696,3425,4107,3892,3518,3209,-5.28436,-19.7416,8.89433,48.2
89274,6537,4717,3708,3355,9855,5271,3707,3368,5916,4563,3521,3308,3977,3794,3387,3109,-7.97467,-28.7054,8.57105,48.062
89275,4638,4114,3549,3300,7904,4830,3694,3400,8680,5026,3703,3240,4793,4241,3545,3218,0.980019,-29.6106,8.50337,47.9167
89276,3441,3819,4238,4099,3649,4435,6685,5195,3659,4602,7131,5357,3433,3835,4493,4214,1.00329,9.33432,8.84792,48.19
89277,3486,3307,3157,3150,3833,3837,3483,3263,5389,5158,4013,3482,8947,8900,4698,3569,31.8111,-15.0703,8.57983,47.7813
89278,3358,3387,3261,3198,3902,3816,3495,3240,5702,5054,3950,3470,10802,7679,4189,3505,30.9822,-19.5951,8.82659,48.0053
89279,3828,3670,3559,3123,5601,4681,3624,3337,8995,6257,3986,3422,5979,4890,3755,3341,7.98033,-20.3493,8.85625,48.032
89280,3181,3226,3355,3442,3256,3351,3849,3966,3417,3914,4903,5755,3397,4195,7376,11166,29.8987,20.6693,8.57239,47.8327
89281,3170,3370,3304,3433,3340,3681,3776,3561,4039,4850,5185,4456,4374,7094,9187,5373,26.1828,3.31708,8.73334,48.1287
89282,3551,4589,6848,5940,3707,4592,7554,5871,3430,3748,4346,4193,3231,3398,3584,3485,-13.7759,11.1662,8.52359,48.0447
89283,3390,3895,5930,12357,3512,3771,4829,6111,3278,3402,3806,3872,3203,3170,3403,3296,-32.877,33.1749,8.61124,47.4833
89284,6718,4839,3714,3242,9676,5272,3824,3381,5606,4469,3586,3327,3841,3654,3393,3189,-9.14371,-30.6904,8.65205,47.8207
89285,4664,7521,8081,4855,4173,5205,5571,4343,3611,3822,3790,3599,3084,3482,3363,3218,-21.53,0.691859,8.96325,48.2547
89286,3509,3348,3210,3123,4468,4007,3588,3311,8026,5446,3806,3400,9439,5773,3908,3446,16.6494,-24.3945,8.90188,47.872
89287,3303,3569,3927,4384,3298,3609,4884,7559,3408,3669,5062,8968,3286,3625,4293,5170,2.46099,32.2683,8.77082,48.0093
89288,5784,5917,4213,3431,6769,7884,4467,3639,4631,4643,3720,3470,3541,3690,3332,3132,-10.5125,-13.3432,8.94588,48.1753
89289,4934,6326,4757,3821,5154,7875,5168,3886,4156,4545,3989,3579,3463,3575,3525,3192,-11.8285,-6.81597,8.76084,47.9633
89290,3068,3123,3458,3445,3287,3706,4074,4194,3574,4240,5841,6128,3553,4527,7905,8217,19.9277,15.5181,8.77762,48.2267
89291,3115,3274,3393,3366,3195,3396,3815,3883,3367,3764,5063,5789,3417,4268,7349,11251,29.9633,20.5724,8.77438,47.8033
89292,3101,3265,3388,3463,3311,3495,3748,3711,3439,4026,5107,5448,3462,4342,8562,9744,33.1467,16.548,8.92342,47.7413
89293,12830,5883,3877,3405,6158,4679,3769,3386,3887,3735,3454,3201,3329,3347,3167,3193,-30.3472,-29.5545,8.96218,47.5333
89294,3490,3780,5002,5006,3523,4319,7156,6983,3397,4000,5152,5370,3230,3544,3885,4054,-5.54371,14.9432,8.57452,47.9273
89295,3372,3718,3936,3876,3580,4284,6079,4692,3838,4875,7798,5395,3613,4113,4724,4329,3.7798,8.55413,8.69043,48.148
89296,6660,5585,3924,3465,7962,6560,4202,3484,4778,4495,3708,3277,3742,3644,3403,3222,-11.5345,-18.173,8.55648,48.074
89297,3392,3933,5850,12679,3443,3831,4855,6175,3156,3383,3749,4007,3189,3197,3319,3319,-28.6767,31.8111,8.56612,47.6513
89298,3330,3388,3194,3048,4043,3941,3515,3287,7248,4978,3839,3356,11145,5935,3909,3305,20.8697,-30.4682,8.53021,47.6407
89299,3190,3658,4477,5308,3324,3795,5617,9100,3369,3614,4794,6802,3308,3465,3900,4179,-4.14793,23.6961,8.85526,47.9333
89300,5122,4324,3613,3251,9035,5185,3753,3306,7539,4830,3654,3424,4431,3972,3530,3270,-2.17343,-26.2103,8.97958,48.1593
89301,7054,5121,3845,3314,9693,5749,3852,3330,5234,4416,3579,3326,3787,3610,3366,3081,-10.3355,-23.9257,8.97327,48.238
89302,3404,3442,3256,3018,4069,3734,3412,3195,5986,4771,3680,3389,12305,6658,3949,3408,33.8062,-24.0981,8.93432,47.784
89303,3208,3227,3292,3287,3263,3435,3856,4107,3412,3742,4862,7151,3515,3920,5928,11578,22.083,31.6854,8.64181,47.8553
89304,3404,3462,3292,3096,4049,3852,3523,3203,6835,5112,3894,3462,11113,6539,4076,3338,22.3859,-23.3538,8.52901,48.1667
89305,4856,5033,3923,3517,6447,7491,4481,3548,4973,5499,4044,3402,4022,3949,3546,3332,-5.08175,-12.8483,8.50928,48.042
89306,5888,8884,5747,4026,4760,6121,4731,3816,3755,4037,3634,3411,3399,3434,3222,3210,-20.8404,-6.76793,8.85562,48.05
89307,3720,4999,9444,7364,3686,4305,5697,5273,3306,3650,3853,3942,3102,3341,3368,3384,-24.4171,11.3755,8.6306,48.2893
89308,11800,6356,4066,3398,6451,4729,3854,3281,4048,3843,3475,3211,3394,3396,3152,3077,-25.3095,-24.6306,8.68134,47.6873
89309,3459,4029,6943,9612,3487,3914,5422,6938,3373,3428,3957,4237,3152,3210,3406,3507,-20.1173,20.0832,8.56652,48.0493
89310,3608,4848,8636,7968,3421,4202,5699,5542,3331,3469,3933,4062,3207,3254,3433,3411,-22.3519,13.6067,8.51369,48.016
89311,3081,3303,3541,3525,3164,3395,3996,4420,3424,3722,5092,8082,3398,3926,5782,10166,17.5638,26.868,8.61027,48.0113
89312,5154,5921,4303,3604,6006,8055,4874,3639,4428,4799,3958,3424,3611,3737,3531,3262,-10.0248,-10.6829,8.84739,48.204
89313,3391,4017,6519,12324,3476,3854,4616,6113,3265,3427,3760,3949,3207,3269,3338,3369,-28.1063,25.3837,8.58183,47.9293
89314,3396,3762,6061,12810,3394,3760,4660,6030,3323,3417,3730,4029,3102,3210,3314,3389,-29.6157,29.5516,8.62735,47.5913
89315,3437,4063,6661,11956,3346,3827,4893,5907,3238,3416,3742,3925,3157,3327,3347,3400,-30.4887,23.1796,8.72853,47.7613
89316,3472,3407,3260,3108,4155,3821,3370,3209,7414,4962,3885,3377,11028,5787,3861,3447,20.3382,-28.524,8.66797,47.7087
89317,3608,3698,3618,3464,4043,4959,4685,3815,4519,7315,6491,4129,4138,5000,4812,3884,7.23474,-1.6893,8.66876,48.1187
89318,5851,4586,3686,3322,9671,5200,3763,3352,6272,4490,3694,3328,4093,3889,3380,3205,-5.92307,-33.4682,8.86224,47.8547
89319,3931,5645,9434,6628,3700,4405,5551,4951,3374,3674,3870,3730,3106,3283,3334,3282,-24.7803,8.7179,8.73683,47.932
89320,3250,3291,3190,3186,3887,3754,3413,3234,6229,4811,3685,3437,12456,6002,3982,3426,27.0576,-33.1196,8.84268,47.4887
89321,3336,3286,3347,3129,3574,3819,3592,3360,4725,6040,4651,3887,5941,9294,6064,3969,21.8505,-6.4178,8.96715,48.0093
89322,3522,3466,3255,3149,4347,4163,3632,3316,6591,6865,4273,3578,6977,7080,4332,3549,15.5716,-14.4306,8.84453,48.0633
89323,12302,6254,3973,3419,6284,4763,3772,3354,3818,3792,3463,3226,3567,3284,3275,3054,-27.3631,-27.2493,8.50809,47.7333
89324,3845,4830,8135,6535,3610,4550,6696,5717,3234,3721,4039,4100,3105,3249,3538,3393,-17.6466,11.2337,8.79258,48.198
89325,3379,3608,3712,3575,3650,4342,5031,4217,3959,5823,8000,4941,3769,4625,5542,4440,8.42932,5.01874,8.64742,48.4087
89326,3202,3437,3383,3396,3403,3605,3771,3709,3860,4587,5133,4553,4204,6648,9487,5805,31.666,5.1554,8.51039,48.122
89327,3074,3260,3503,3399,3333,3574,3925,4153,3382,3887,4977,7734,3379,3891,5720,10655,19.4442,31.987,8.86988,47.8973
89328,3855,5057,7846,5754,3708,4904,7053,5236,3510,3818,4251,4006,3256,3336,3511,3422,-16.5353,8.37934,8.79342,48.3487
89329,3136,3131,3430,3513,3274,3467,4023,4113,3430,3904,5101,7571,3400,3918,5665,10717,19.34,33.4021,8.56244,47.862
89330,11759,6354,3924,3527,6552,5089,3801,3407,3956,3907,3555,3212,3301,3469,3269,3131,-24.9041,-26.4465,8.63528,48.142
89331,3176,3344,3479,3613,3297,3535,4095,4687,3370,3858,5347,8491,3405,3864,5549,9054,15.6561,26.3519,8.5156,48.1093
89332,3303,3359,3293,3184,3946,3743,3414,3260,6220,4730,3642,3291,12675,6156,3878,3369,27.2846,-31.914,8.99119,47.642
89333,3341,3429,3267,3117,3910,3834,3581,3316,5365,5298,4201,3553,8917,8794,4656,3647,26.2837,-15.0774,8.58998,48.1507
89334,8494,5382,3928,3311,9285,5273,3818,3264,4786,4049,3568,3230,3579,3552,3309,3040,-13.7076,-28.9762,8.97665,47.912
89335,4094,4222,3747,3309,5125,6179,4305,3526,5560,7529,4676,3625,4337,4567,3784,3477,2.47122,-10.0468,8.64824,48.0413
89336,3529,4328,7988,10561,3432,3825,5005,5672,3246,3632,3858,3894,3019,3275,3323,3383,-31.7668,18.403,8.99808,47.98
89337,4152,4219,3762,3403,5554,6797,4412,3584,5578,6884,4392,3670,4382,4401,3827,3499,0.536868,-10.9237,8.67396,48.344
89338,3611,4872,8925,7753,3591,4227,5637,5290,3381,3635,3942,3888,2996,3413,3384,3325,-23.0168,12.8246,8.71145,47.9133
89339,3151,3375,3872,3783,3295,3580,4340,5476,3335,3898,5304,9864,3329,3786,4853,6848,9.69057,32.4761,8.64059,48.0593
89340,3321,3402,3300,3302,3706,4041,3898,3439,4664,6279,5209,3989,5127,7908,6228,4201,18.969,-4.08729,8.64214,48.0093
89341,3484,3378,3205,3024,4240,3921,3504,3245,7630,5157,3788,3409,10642,6083,4060,3349,19.3707,-24.8678,8.95699,48.0793
89342,3240,3479,4004,4412,3316,3860,4865,7434,3332,3832,5170,8994,3287,3611,4317,5180,2.53776,32.4129,8.80208,48.222
89343,3357,3651,4432,5528,3350,3828,5248,9264,3350,3630,4695,6885,3215,3471,3983,4217,-4.36793,30.3488,8.56887,48.0693
89344,4367,5526,5073,4043,4524,7399,6452,4168,3879,4650,4338,3791,3495,3604,3582,3374,-10.1074,-1.91678,8.78462,48.1767
89345,3765,4260,4328,3721,4191,6196,6046,4056,4147,5846,6045,4103,3802,4098,4247,3722,-0.561979,-0.365335,8.83627,48.382
89346,3636,3707,3404,3257,4393,4795,3879,3560,5967,8097,4859,3692,5285,5971,4312,3711,10.7525,-10.3831,8.98685,48.35
89347,3351,3278,3241,3104,3978,3768,3451,3254,6383,4755,3786,3343,12516,5947,3849,3416,26.4613,-30.5563,8.80242,47.6133
89348,12535,6219,4018,3373,6295,4838,3767,3375,3917,3834,3493,3130,3293,3333,3211,3111,-26.2105,-27.5824,8.81452,47.828
89349,4431,3965,3569,3234,7021,4878,3698,3336,8814,5559,3812,3412,5137,4472,3622,3223,3.13531,-22.5485,8.84451,48.122
89350,3548,3786,3629,3418,3952,4916,4521,3709,4819,7525,6119,4091,4312,5325,4693,3960,8.43019,-3.11614,8.52942,48.2153
89351,3172,3374,3503,3380,3534,3915,4282,3925,3881,5358,7275,5083,4025,5331,7340,5259,15.0882,6.20455,8.9192,48.4247
89352,3124,3428,3747,4022,3235,3702,4575,5737,3391,3861,6097,9126,3391,3850,5003,6244,7.94454,21.027,8.76925,48.3553
89353,10807,5710,3972,3472,7442,4863,3799,3428,4317,3865,3491,3234,3518,3432,3149,3153,-20.0023,-30.7203,8.58737,47.768
89354,5994,4894,3817,3349,8888,6259,3960,3498,5624,4671,3673,3232,3985,3813,3367,3175,-7.66351,-20.2309,8.5984,48.1327
89355,10777,7148,4182,3474,6331,5029,3984,3298,4097,3942,3511,3162,3548,3318,3140,3100,-23.9393,-21.215,8.59858,48.0273
89356,8925,5266,3830,3413,9006,5137,3869,3411,4582,4105,3387,3203,3604,3587,3285,3090,-14.8431,-31.3724,8.7052,47.8
89357,5229,4402,3682,3362,8539,5715,3912,3404,7093,5031,3694,3237,4396,3987,3412,3139,-2.96035,-22.216,8.86805,48.156
89358,3101,3413,3397,3569,3368,3760,4433,4273,3586,4386,7254,6211,3628,4514,7120,6299,14.7918,12.4278,8.92132,48.208
89359,4246,4005,3466,3195,7024,5171,3795,3269,8185,5873,3918,3373,5011,4575,3663,3318,2.50247,-20.6572,8.87966,48.058
89360,4719,4092,3503,3239,7636,5232,3798,3373,8220,5198,3878,3354,4963,4260,3602,3291,0.804961,-23.1402,8.75047,48.2387
89361,3405,3338,3290,3252,3624,3929,3537,3319,5048,5193,4294,3689,7083,9767,5283,3692,32.2618,-10.4157,8.84505,47.8287
89362,3411,3972,5899,10781,3443,3804,5124,7473,3275,3476,3872,4215,3139,3262,3344,3500,-19.992,33.9236,8.63502,47.9933
89363,4632,8134,8361,4976,4155,5021,5003,4103,3550,3717,3794,3515,3325,3412,3307,3239,-26.1465,0.466306,8.98607,48.1627
89364,3179,3265,3369,3366,3358,3711,4015,3816,3713,4530,6443,5226,3806,5381,8738,6473,19.7031,9.25024,8.88881,48.2593
89365,3054,3202,3429,3487,3340,3499,3912,4315,3432,3896,5442,7326,3403,4096,6449,10062,19.5303,22.0201,8.69184,48.2293
89366,4261,4885,4364,3739,4813,7894,5706,3922,4221,5640,4585,3829,3685,3908,3801,3339,-5.01966,-4.68348,8.97732,48.3947
89367,3012,3310,3568,3658,3251,3586,4174,4792,3300,3941,5647,8751,3486,3851,5731,8202,14.1547,22.4644,8.60621,48.1733
89368,3150,3370,3347,3309,3517,3721,3741,3571,4066,4668,5071,4462,4407,7305,9053,5300,29.029,2.91689,8.61805,48.0387
89369,12524,6080,3838,3455,6437,4801,3728,3323,3859,3817,3450,3234,3442,3346,3180,3187,-25.3692,-28.9685,8.94457,47.8007
89370,3699,4838,7392,6179,3618,4532,7018,5690,3473,3753,4295,4086,3186,3333,3513,3559,-15.9391,11.1137,8.58237,48.1093
89371,7383,4964,3826,3377,9768,5394,3804,3481,5229,4270,3533,3295,3865,3717,3422,3147,-10.8748,-26.624,8.57932,48.3167
89372,3594,3594,3327,3197,4378,4147,3766,3296,7205,6138,4275,3499,7757,6554,4261,3398,16.04,-17.595,8.55827,48.2573
89373,3466,3514,3352,3096,4383,4162,3643,3232,7323,6437,4113,3486,7546,6579,4148,3493,15.3006,-17.2548,8.96293,47.982
89374,3338,3550,3592,3473,3636,4209,4617,3779,4066,6060,7407,4756,4064,5337,6073,4483,11.7737,2.89268,8.59279,48.2933
89375,3406,3781,4437,4254,3511,4421,7015,5688,3657,4444,6615,5508,3469,3775,4276,4192,-0.663838,11.4328,8.57646,48.2993
89376,3227,3650,4722,5840,3411,3848,5555,9258,3244,3610,4745,6484,3260,3510,3741,4213,-5.48788,24.8703,8.65144,48.212
89377,4577,6297,5572,4239,4505,6908,6194,4200,3808,4330,4229,3716,3395,3470,3522,3408,-13.3613,-1.56188,8.54166,48.2467
89378,3412,3875,5920,12280,3308,3842,4898,6371,3281,3538,3800,3892,3148,3201,3401,3351,-24.4175,33.5137,8.74089,47.6787
89379,3921,5228,9045,6605,3702,4600,6082,5157,3372,3651,3990,3789,3106,3330,3374,3425,-20.571,9.5955,8.60536,48.2513
89380,4440,3970,3436,3207,7282,4737,3653,3303,9148,5078,3693,3365,5201,4512,3626,3295,2.68738,-28.7948,8.73195,47.964
89381,3262,3461,3792,3659,3606,4111,5136,4408,3819,5286,8038,5426,3638,4486,5404,4689,8.02985,7.62261,8.87969,48.1473
89382,11346,6805,3987,3408,6298,4914,3823,3375,4042,3805,3482,3229,3376,3398,3179,3063,-24.7575,-22.843,8.59016,47.6867
89383,4009,3901,3617,3191,5305,5464,3944,3401,6873,7303,4237,3486,4981,4970,3962,3408,5.36958,-14.0516,8.57526,48.0347
89384,9061,8711,4453,3651,5416,5159,3967,3496,3920,3771,3651,3361,3341,3330,3172,3192,-31.4386,-15.108,8.59999,47.768
89385,3435,3406,3353,3070,3967,3896,3485,3246,6102,5156,4087,3476,10546,7513,4219,3466,24.3929,-19.7868,8.5893,48.282
89386,3814,3699,3361,3213,5493,4351,3534,3358,9865,5060,3859,3420,7011,4853,3764,3371,9.736,-30.9623,8.74466,48.0173
89387,3862,3696,3419,3118,5295,4426,3637,3288,8816,6188,4007,3396,6307,5158,3966,3415,9.35609,-20.4492,8.89475,47.996
89388,11925,6067,4006,3391,6744,5002,3812,3338,3953,3830,3390,3248,3461,3423,3239,3109,-23.944,-26.7779,8.73134,47.9587
89389,3271,3276,3436,3291,3417,3686,3846,3645,3740,4408,5217,4668,3930,5886,9873,6445,30.6482,8.00767,8.64374,48.0233
89390,3219,3190,3380,3250,3423,3680,3951,3665,3966,4916,5706,4515,4360,6793,8896,5305,23.0537,3.64546,8.74264,48.1433
89391,3375,3467,3200,3139,3864,3835,3691,3352,5239,5129,4228,3485,7917,9515,4931,3555,32.8427,-12.5957,8.83351,47.948
89392,3047,3232,3383,3435,3267,3497,3849,3798,3499,4080,5305,5537,3538,4524,8785,9138,25.9684,15.8814,8.84655,47.9427
89393,3783,3765,3362,3141,5680,4274,3660,3315,9817,5194,3756,3316,6852,4925,3768,3304,9.35874,-30.4007,8.57598,47.9413
89394,4226,3943,3495,3148,6647,4655,3699,3325,9497,5157,3744,3391,5536,4404,3633,3370,4.99871,-33.078,8.58723,47.9133
89395,3524,3954,6672,12100,3380,3872,4747,6016,3127,3408,3669,4009,3054,3252,3371,3323,-27.4338,24.3927,8.80213,47.652
89396,3614,4631,7671,7353,3541,4251,6395,6047,3361,3630,4024,4108,3183,3433,3464,3468,-17.8457,13.8026,8.75259,48.116
89397,3443,3492,3426,3263,3926,4196,3869,3347,5259,7308,4989,3759,5461,7352,5025,3882,15.3732,-8.26977,8.66129,47.998
89398,11568,7432,4091,3396,5553,4848,3857,3256,4090,3775,3514,3225,3433,3377,3195,3189,-30.7739,-20.5988,8.92593,47.866
89399,6075,5874,4027,3487,7359,7391,4240,3364,4708,4563,3707,3313,3690,3681,3359,3112,-10.9094,-15.5711,8.89151,47.9667
89400,3329,3860,5060,5783,3369,4077,6738,8289,3268,3845,4929,5430,3132,3376,3759,3957,-7.30086,18.2454,8.93007,48.134
89401,3333,3353,3173,3211,3852,3666,3368,3187,6097,4800,3876,3317,12675,6184,3859,3384,29.8093,-28.5978,8.77905,47.5567
89402,3115,3387,3586,3532,3311,3628,4281,4438,3602,4410,6708,7234,3520,4226,6259,7103,14.4281,16.5335,8.60825,48.2267
89403,4786,6342,4921,3913,4986,7522,5582,4018,3913,4515,4057,3485,3498,3598,3477,3377,-12.2115,-5.07575,8.58789,47.9933
89404,3544,4518,8103,9522,3539,3940,5212,5815,3289,3517,3773,3954,3136,3235,3527,3392,-25.3745,16.6807,8.58625,48.0107
89405,3400,3427,3246,3040,4293,3880,3518,3236,7277,5181,3785,3403,10587,6439,4052,3353,20.5161,-23.8587,8.56474,48.078
89406,3491,3413,3226,3097,4132,3795,3482,3243,7380,4975,3745,3377,11277,5785,3798,3306,20.8981,-30.4666,8.58405,47.6813
89407,3431,3346,3099,3048,4099,3901,3382,3197,6807,4857,3882,3395,12133,5969,3963,3339,23.3088,-29.1192,8.82128,47.8987
89408,3337,3432,3295,3187,3666,3814,3619,3444,4638,5342,4423,3672,6020,9854,6208,4091,32.6062,-6.66666,8.89805,48.028
89409,3041,3203,3458,3394,3201,3433,3784,4057,3380,3847,4894,6721,3383,3926,6124,11765,23.9261,27.1984,8.59484,47.7407
89410,4356,7324,9199,5324,3960,4740,5046,4406,3471,3726,3707,3729,3273,3393,3374,3235,-28.7622,2.62774,8.73596,48.1753
89411,3043,3239,3289,3332,3245,3412,3825,4018,3376,3762,4943,6050,3431,4097,6800,11885,27.7692,23.4581,8.60541,47.8313
89412,3404,4329,7560,10609,3464,3850,5221,6122,3169,3432,3840,3814,3035,3310,3291,3421,-24.8719,19.645,8.98961,47.914
89413,4520,4617,3911,3278,6249,7297,4473,3471,5476,6062,4087,3514,4047,4075,3689,3243,-3.05422,-12.685,8.70896,48.006
89414,5984,9437,5839,4060,4744,5796,4746,3729,3666,3873,3585,3374,3267,3377,3354,3193,-22.1282,-6.75873,8.98167,48.016
89415,3619,3574,3487,3400,4093,4745,4101,3560,5190,7961,5500,3855,4698,5752,4731,3816,9.93144,-5.84187,8.80755,48.0547
89416,3167,3326,3515,3669,3400,3708,4514,4664,3603,4228,7066,7201,3475,4254,6064,6344,12.233,15.5566,8.53927,48.132
89417,3379,3298,3236,3073,4068,3847,3525,3268,5952,5187,4100,3348,9914,7931,4339,3543,25.2431,-17.7823,8.72864,48.0053
89418,3158,3336,3886,3979,3413,3713,4624,5998,3426,3998,5711,9290,3397,3789,4691,5912,6.70094,23.6078,8.55518,48.214
89419,4220,4781,4724,3870,4655,7298,6370,4021,4029,5210,4720,3879,3537,3756,3690,3610,-5.73901,-2.20644,8.58242,48.2467
89420,3994,4052,3689,3526,4777,6490,4675,3656,4999,7506,4968,3816,4164,4637,3972,3611,1.94189,-6.77514,8.87279,48.3547
89421,3484,4025,6024,9024,3411,3962,5523,7872,3278,3504,4109,4401,3111,3356,3529,3461,-17.3206,22.0639,8.53918,48.0493
89422,5927,9572,6393,4100,4486,5317,4607,3816,3808,3692,3694,3419,3230,3299,3453,3194,-26.2931,-6.02341,8.97019,48.0047
89423,3480,3979,5456,6333,3467,4044,6653,8119,3305,3734,4635,4982,3059,3399,3763,3774,-9.88622,17.9326,8.95154,48.1213
89424,10540,7920,4435,3442,5888,5058,3957,3480,3890,3785,3536,3295,3306,3382,3243,3012,-26.2377,-18.3185,8.94454,48.1127
89425,7641,6272,4078,3366,7637,6258,4019,3509,4512,4195,3472,3266,3629,3610,3239,3000,-15.0374,-18.2838,8.6572,47.802
89426,5359,6748,4681,3759,5564,7857,4921,3825,4073,4484,3906,3488,3476,3606,3349,3273,-13.1964,-9.00893,8.91448,48.246
89427,6078,9055,5770,3886,4746,6133,4623,3804,3883,3948,3758,3298,3362,3353,3350,3094,-21.2134,-7.56617,8.74273,48.094
89428,5527,5879,4263,3535,6531,7859,4567,3583,4463,4921,3803,3377,3765,3715,3493,3220,-10.1151,-12.4292,8.76318,48.334
89429,3076,3219,3450,3450,3147,3600,3811,4069,3320,3868,4961,7225,3354,3958,6399,11284,21.655,24.3202,8.81509,48.1273
89430,3367,3355,3288,3155,3764,4050,3727,3431,5128,6154,4505,3719,6519,9050,5121,3754,20.7878,-10.1005,8.8017,48.058
89431,4263,6129,6311,4529,4094,6238,6582,4470,3690,4205,4123,3749,3364,3538,3555,3317,-14.175,0.818115,8.79815,48.1047
89432,3228,3465,4101,4137,3451,3960,5389,6586,3359,4113,6190,7904,3325,3793,4554,5026,2.87951,18.8617,8.65476,48.3873
89433,4344,5564,5069,4059,4541,7527,6248,4181,3912,4614,4332,3738,3570,3586,3577,3415,-10.0407,-2.52802,8.69845,48.1847
89434,3408,3795,5037,6067,3418,3965,6509,8569,3347,3622,4691,5397,3178,3462,3810,3937,-8.21609,18.936,8.87266,48.1413
89435,3500,3713,4721,4990,3543,4372,7053,6843,3488,4067,5722,5689,3293,3582,3940,4043,-3.67484,14.7252,8.7574,48.3727
89436,11144,7080,4054,3363,5939,4914,3951,3311,4061,3835,3439,3292,3408,3358,3302,3081,-33.6818,-21.3658,8.59094,47.688
89437,3523,4359,7909,10232,3264,3860,5025,5815,3209,3544,3891,3980,3160,3292,3294,3374,-31.8762,18.4565,8.78402,47.8207
89438,9989,8325,4516,3531,5545,5089,3949,3497,3925,3845,3518,3264,3317,3404,3203,3158,-28.688,-17.2253,8.97035,48.05
89439,10716,6416,4033,3458,7136,5138,3834,3444,4101,3999,3436,3257,3414,3355,3281,3089,-20.6521,-23.1757,8.88849,48.0713
89440,3516,3433,3232,3082,3861,3788,3520,3325,5344,5136,4091,3598,9044,8780,4605,3504,33.5268,-15.1084,8.86211,47.906
89441,11827,6627,3901,3364,5963,4689,3731,3398,3952,3849,3432,3212,3387,3431,3249,3138,-32.647,-23.6444,8.591,47.4333
89442,3336,3760,4207,3891,3646,4402,6105,4853,3717,5041,7701,5240,3610,4032,4711,4357,3.33312,8.30259,8.98633,48.406
89443,4253,4775,4036,3583,5190,7747,5054,3760,4546,6048,4675,3627,3849,4192,3736,3420,-3.64866,-6.99788,8.85437,48.3273
89444,10567,7733,4234,3505,5786,5003,3973,3447,3875,3902,3533,3317,3424,3238,3180,3144,-28.0243,-18.9965,8.61126,47.9073
89445,3762,4415,4749,4086,3991,6059,7255,4642,3868,4921,5557,4240,3391,3874,3879,3596,-4.3185,2.9598,8.79232,48.19
89446,3438,3543,3337,3234,4432,4241,3619,3412,7166,6673,4282,3537,6962,6515,4324,3434,14.3971,-15.8196,8.54169,48.0993
89447,3455,3442,3293,3121,4251,4164,3601,3180,6415,6091,4202,3537,8095,7372,4382,3652,18.3695,-16.068,8.76912,48.1687
89448,4099,3855,3470,3156,6391,4679,3754,3297,9390,5532,3735,3416,5739,4670,3731,3230,5.62201,-24.1122,8.68922,48.096
89449,3116,3246,3408,3501,3274,3531,3876,3951,3401,4014,5399,6247,3407,4395,7787,9376,22.5777,17.8181,8.66172,47.9527
89450,3442,3425,3152,3150,4177,3898,3434,3261,7348,4981,3840,3320,10991,5925,3861,3410,20.4812,-28.7736,8.56557,47.7433
89451,3055,3418,3583,3548,3343,3707,4508,4364,3609,4372,7351,6601,3597,4435,6627,6133,13.3028,13.3897,8.68216,48.1673
89452,6406,9718,5614,3902,4807,5295,4465,3768,3860,3946,3644,3438,3330,3403,3307,3240,-33.9069,-8.37576,8.56562,48.0953
89453,4301,7141,8803,5229,3982,4972,5726,4542,3499,3771,3923,3589,3214,3324,3365,3283,-22.741,3.15987,8.99084,48.4427
89454,4444,7813,8599,5030,4117,5066,5135,4311,3485,3676,3782,3579,3191,3401,3325,3269,-27.46,1.49199,8.72113,48.1487
89455,5526,9669,6765,4180,4550,5178,4706,3836,3659,3768,3646,3510,3276,3328,3299,3196,-26.8129,-4.5272,8.77523,48.0613
89456,3300,3533,4142,4549,3316,3786,4856,7972,3224,3708,5016,8838,3153,3605,4216,5003,1.0406,31.3852,8.97729,48.1447
89457,5287,9134,6933,4327,4344,5286,4878,4044,3637,3765,3764,3517,3230,3325,3344,3249,-25.128,-3.39587,8.61552,48.0427
89458,3925,5858,9974,6564,3720,4346,5266,4596,3440,3640,3853,3726,3109,3359,3337,3216,-31.2067,7.96281,8.86476,47.9527
89459,3647,3632,3277,3163,4888,4277,3638,3386,9308,5235,3844,3404,8548,5350,3773,3349,13.4012,-26.0484,8.79318,48.4793
89460,7507,6792,4251,3494,6988,6391,4182,3604,4399,4285,3602,3207,3556,3510,3293,3123,-15.773,-16.9406,8.659,48.1227
89461,5677,9212,6384,4171,4601,5767,4721,3948,3690,3893,3705,3429,3341,3433,3360,3086,-22.9322,-5.55226,8.67232,48.2787
89462,3324,3693,4681,5788,3490,3838,5609,9382,3184,3673,4691,6231,3243,3343,3972,4152,-6.10826,23.4332,8.88394,48.196
89463,3150,3243,3397,3442,3191,3472,3860,3902,3532,3891,5079,5682,3399,4371,7885,10708,28.3788,18.945,8.74152,48.136
89464,3559,4321,6132,5455,3596,4611,8025,6207,3359,3855,4734,4335,3192,3440,3719,3651,-10.9959,11.5671,8.97441,48.1273
89465,3133,3470,3862,3967,3386,3855,4906,5805,3385,4075,6233,8530,3348,3822,4826,5568,6.12372,19.5283,8.823,48.114
89466,3009,3271,3328,3320,3215,3430,3897,3988,3419,3813,5053,6366,3443,4129,6727,11153,24.2402,22.7175,8.69664,47.7073
89467,8154,6851,4190,3536,6847,6212,4204,3491,4213,4089,3532,3182,3500,3455,3266,3199,-17.3797,-17.4197,8.84954,47.9473
89468,6590,6906,4468,3644,6391,6870,4352,3516,4287,4398,3722,3412,3575,3605,3358,3173,-14.9573,-13.6821,8.62409,48.178
89469,4437,7178,9090,5232,3967,4805,5366,4374,3419,3796,3707,3606,3164,3282,3346,3241,-24.8469,3.3842,8.88317,48.0067
89470,3450,4059,6689,9017,3399,3987,5751,7335,3267,3583,4039,4156,3109,3271,3464,3599,-17.9636,19.1162,8.91421,48.1167
89471,3458,3906,6030,10142,3397,3801,5199,7764,3155,3488,3946,4291,3062,3261,3569,3391,-18.6307,24.764,8.76353,47.9067
89472,3111,3196,3382,3358,3280,3421,3725,3930,3407,3857,4711,6079,3450,3941,6073,12612,27.1684,27.7346,8.82687,47.6887
89473,11289,5721,3934,3359,7165,4904,3783,3349,4049,3869,3585,3372,3394,3332,3151,3117,-21.3891,-30.8639,8.67756,47.582
89474,3971,3844,3388,3172,5832,4671,3641,3305,9451,5775,3893,3445,6178,4863,3745,3407,7.36467,-22.4477,8.99734,48.3873
89475,3632,3659,3656,3311,4268,5292,4289,3644,5226,8091,5572,3760,4574,5177,4455,3663,7.16917,-6.10313,8.83217,48.1793
89476,7493,6347,4129,3479,7625,6494,4094,3385,4438,4244,3592,3206,3561,3577,3324,3119,-14.3371,-17.9479,8.93572,48.0713
89477,3274,3836,6185,12803,3387,3754,4826,6083,3278,3429,3846,3826,3122,3307,3345,3375,-29.6434,28.1044,8.94668,47.784
89478,3726,3652,3401,3227,5131,4315,3666,3353,9874,5243,3827,3371,7241,4976,3779,3359,10.5528,-32.5052,8.68231,48.094
89479,12501,6119,3803,3513,6007,4681,3800,3365,3983,3618,3511,3172,3465,3450,3217,3126,-30.351,-30.8893,8.50414,47.554
89480,3407,4013,6236,9331,3368,3839,5543,7703,3252,3549,3916,4433,2993,3184,3576,3487,-17.583,22.1118,8.80197,47.8867
89481,3110,3268,3394,3281,3325,3585,4011,3908,3688,4398,5792,5093,3624,5212,9349,6980,23.6878,10.6656,8.7861,48.012
89482,12180,6492,3932,3315,6432,4943,3800,3336,3981,3843,3402,3258,3368,3440,3182,3112,-25.5063,-24.9702,8.90694,48.0107
89483,3115,3338,3412,3466,3268,3460,3757,3986,3391,3784,4919,7064,3422,3894,5952,11771,22.4237,32.8473,8.96171,47.9993
89484,3509,3480,3322,3101,4410,3958,3502,3211,8332,5192,3883,3352,9836,5613,4022,3394,17.5771,-26.8248,8.862,48.078
89485,12724,6219,3997,3322,5943,4826,3698,3352,3919,3773,3409,3354,3424,3356,3336,3121,-32.1874,-27.3191,8.97948,47.8487
89486,3336,3310,3301,3170,3909,3848,3540,3283,5007,5387,4174,3484,7766,9470,5062,3676,31.6459,-12.1634,8.78395,47.8153
89487,3037,3257,3327,3503,3254,3458,3843,3932,3475,3983,5333,5973,3472,4332,7986,10181,24.6912,18.2252,8.99302,48.2307
89488,4783,7177,5984,4311,4567,6608,5677,3994,3859,4079,4080,3515,3386,3490,3425,3194,-16.2872,-3.25114,8.75497,48.086
89489,3236,3282,3418,3225,3494,3792,3725,3566,4162,5094,5088,4245,4787,8072,8335,4822,25.1674,0.672019,8.77502,48.2287
89490,3294,3420,3800,3556,3580,4036,4956,4176,3896,5535,8192,5274,3727,4516,5650,4574,9.16274,6.74487,8.72869,48.1213
89491,4653,7357,7178,4633,4278,5801,5650,4264,3529,3992,3773,3596,3236,3396,3431,3314,-19.4159,-0.0583782,8.69651,48.054
89492,3583,4251,5604,5150,3632,4734,7986,6162,3424,3873,5054,4368,3236,3504,3680,3827,-8.90829,11.1118,8.59505,48.0453
89493,7165,4939,3770,3405,10071,5348,3769,3332,5281,4233,3661,3261,3740,3681,3278,3206,-10.431,-33.6468,8.84933,48.0933
89494,3400,3366,3206,3126,3909,3937,3509,3312,5662,5258,3953,3367,9422,8467,4601,3473,25.4099,-16.1147,8.65324,47.9787
89495,3142,3280,3542,3462,3263,3622,4338,4563,3493,4170,6925,7314,3523,4168,6306,6871,13.5681,16.2234,8.94944,47.988
89496,9630,7478,4378,3537,6225,5614,3973,3473,4126,3876,3503,3297,3379,3332,3283,3084,-22.2954,-18.4106,8.50603,48.1253
89497,3407,3957,5118,5480,3438,4197,7093,7616,3387,3835,4978,5476,3166,3498,3745,3908,-6.59392,16.3522,8.51526,48.1993
89498,3469,3478,3360,3212,4139,4123,3718,3332,5848,6840,4486,3612,6708,7634,4775,3630,17.0831,-12.0207,8.74512,48.2427
89499,4488,4774,4067,3673,5622,7774,4693,3577,4921,5865,4246,3449,3912,3952,3671,3365,-4.07141,-10.0501,8.94577,48.0327
89500,3201,3212,3309,3295,3348,3578,3818,3773,3767,4345,5524,4966,3800,5640,9880,6773,25.8758,9.0588,8.56983,48.1527
89501,3485,4030,6203,9730,3404,3776,5253,8010,3245,3535,4035,4335,3108,3408,3387,3473,-17.6315,23.717,8.89248,48.278
89502,3256,3494,3983,4321,3394,3787,4688,7007,3419,3778,5236,9341,3279,3534,4348,5545,4.0314,27.7756,8.62077,48.2733
89503,9297,7022,4210,3452,6663,5662,4023,3358,4152,3974,3525,3209,3493,3468,3288,3170,-19.697,-19.1017,8.60973,47.9773
89504,10411,7331,4222,3495,6110,5138,3869,3457,3985,3870,3367,3281,3446,3387,3381,3061,-24.811,-20.1143,8.50409,47.874
89505,3150,3221,3402,3413,3301,3458,3868,3959,3355,3854,4822,6006,3325,3864,6422,12048,33.4385,24.2575,8.64442,47.6453
89506,3296,3310,3458,3439,3408,3714,4135,3938,3734,4758,6758,5073,3812,5406,8334,5827,18.1409,7.75814,8.81505,48.2667
89507,3337,3956,5158,5607,3443,4186,7035,7749,3239,3734,4865,5143,3217,3497,3729,3882,-7.50753,16.4937,8.56668,47.8513
89508,3340,3666,4504,6082,3155,3738,5294,9811,3307,3585,4531,6499,3122,3428,3934,4093,-5.99372,29.0771,8.94798,48.0593
89509,3439,3964,6388,8444,3381,4020,6040,7698,3271,3585,4170,4416,3215,3324,3561,3549,-16.5063,19.2235,8.65102,48.31
89510,12645,6005,3872,3326,6018,4794,3763,3448,3873,3801,3381,3220,3477,3468,3183,3049,-32.1657,-28.8481,8.55857,47.5487
89511,10495,6185,3928,3406,7400,5171,3753,3523,4272,3934,3418,3237,3368,3479,3285,3081,-19.7592,-24.1331,8.90578,47.9567
89512,3460,4379,8270,10324,3589,3896,4873,5515,3258,3473,3861,3791,3207,3298,3445,3377,-29.6342,17.6927,8.88719,48.0107
89513,3673,4741,8983,8391,3700,4204,5575,5538,3343,3561,3746,3867,3100,3331,3351,3390,-24.1124,13.9801,8.85253,48.3293
89514,5932,7043,4601,3517,5915,7448,4585,3702,4175,4392,3868,3413,3482,3585,3300,3170,-14.6228,-10.9426,8.56522,48.0853
89515,3619,4145,4878,4327,3745,5048,7963,5304,3689,4398,5909,4563,3347,3787,3983,3843,-4.46916,7.2229,8.99107,48.3653
89516,3239,3766,4325,5300,3477,3736,4983,9135,3360,3743,4770,7252,3234,3519,3981,4467,-2.96809,31.5583,8.50994,48.1913
89517,3534,3457,3225,3024,4436,4051,3576,3317,8631,5070,3680,3405,9527,5482,3929,3414,16.4285,-31.7358,8.91307,47.8387
89518,3957,3999,3599,3381,5069,5923,4197,3584,5924,7601,4669,3558,4567,4870,4047,3526,4.07145,-10.7108,8.60793,48.314
89519,3363,3525,3380,3137,4164,4262,3701,3468,6279,7068,4413,3675,6438,7177,4654,3676,15.3595,-12.1464,8.79675,48.2533
89520,5302,9081,7181,4469,4363,5276,4797,3947,3696,3979,3702,3494,3270,3225,3268,3130,-26.5218,-2.90072,8.55929,48.12
89521,8811,9108,4776,3583,5275,5241,4073,3600,3863,3840,3524,3252,3378,3325,3279,3180,-28.3686,-14.7462,8.8056,48.072
89522,7028,9925,5524,3858,4769,5403,4381,3689,3695,3825,3585,3326,3344,3355,3204,3215,-28.2474,-9.92583,8.92734,48.084
89523,4394,5543,4939,4026,4664,7763,6274,4078,3975,4744,4392,3683,3545,3714,3567,3392,-9.28511,-3.00997,8.92075,48.462
89524,2973,3390,3678,3877,3274,3536,4221,5682,3384,3756,5305,9797,3336,3693,4910,6952,9.62593,26.0102,8.7604,47.8427
89525,3775,3891,3631,3361,4461,5711,4320,3669,5177,7917,5217,3880,4357,4984,4226,3709,5.34697,-7.0062,8.69054,48.1907
89526,3907,5391,9555,6566,3758,4427,5947,5068,3277,3706,3927,3738,3066,3249,3339,3446,-22.9131,9.32068,8.76234,48.2447
89527,3264,3630,4329,5373,3388,3825,5143,9352,3271,3649,4729,7471,3135,3481,3950,4362,-3.16522,29.0664,8.79346,48.2347
89528,11450,6037,3933,3340,7414,4992,3806,3379,4170,3975,3456,3182,3447,3341,3215,3090,-20.9748,-26.5401,8.98441,48.1513
89529,11204,7451,4072,3291,5810,4994,3814,3499,3962,3844,3393,3112,3420,3394,3240,3119,-32.4534,-19.9258,8.82951,47.746
89530,7289,6336,4193,3380,7514,6542,4122,3551,4501,4230,3582,3324,3593,3487,3372,3117,-14.1419,-17.4116,8.92515,48.0887
89531,3268,3497,3577,3517,3523,4202,4366,3986,4011,5622,7320,4873,3895,5337,6605,4839,13.3289,4.78563,8.62341,48.292
89532,3384,3802,4152,4419,3429,4143,6246,6011,3523,4179,6643,6262,3322,3771,4497,4486,0.608963,14.2736,8.60632,48.1793
89533,3075,3336,3457,3486,3266,3633,4043,4221,3438,4138,5980,7109,3558,4177,7186,8280,17.5619,17.5096,8.88165,48.2553
89534,6831,4815,3886,3343,9754,5221,3685,3470,5635,4306,3490,3218,3874,3624,3332,3164,-9.34822,-32.6495,8.92468,47.7653
89535,3289,3647,3761,3689,3651,4230,5203,4275,3944,5399,8130,5136,3641,4540,5500,4481,7.59224,6.17476,8.86105,48.344
89536,3392,3370,3338,3257,3917,3766,3567,3235,5487,5141,3900,3520,9630,8248,4476,3474,31.3345,-16.9767,8.64113,47.812
89537,5616,4766,3730,3274,8766,6200,4031,3403,6165,4774,3801,3273,4124,3902,3377,3273,-5.98569,-20.2581,8.91859,48.3167
89538,3193,3448,3687,3939,3251,3637,4352,5651,3399,3799,5384,9845,3349,3808,4797,6728,9.09804,25.2482,8.73502,48.178
89539,3108,3229,3245,3324,3299,3512,3847,3990,3521,3931,5196,5705,3595,4582,8408,9647,27.2703,16.6693,8.53174,48.0927
89540,5705,4507,3590,3339,9898,5144,3801,3447,6512,4537,3612,3304,4113,3757,3376,3274,-5.73727,-32.2849,8.87431,47.944
89541,3313,3617,4619,4907,3479,3996,6562,7289,3399,4005,5560,6109,3221,3555,4127,4293,-2.90651,16.3316,8.92402,48.034
89542,3464,4240,7521,10755,3467,3991,4864,5697,3259,3574,3785,3960,3146,3239,3358,3347,-29.683,19.7563,8.85346,47.778
89543,4278,3961,3659,3283,6655,5222,3752,3214,8765,5701,3803,3379,5296,4522,3622,3263,3.62361,-21.9688,8.96358,48.25
89544,3337,3357,3500,3328,3512,3976,4120,3640,3993,5521,6602,4762,4156,6112,7330,4897,16.8737,3.23867,8.73302,48.0953
89545,3275,3494,4018,4666,3294,3741,4948,7882,3349,3780,5094,8799,3253,3528,4269,4939,1.31577,27.5263,8.9914,48.2193
89546,3787,4191,3981,3787,4245,5830,5641,4097,4435,6326,5929,4108,3882,4243,4300,3788,0.856405,-1.0282,8.68614,48.38
89547,3331,3375,3532,3295,3559,3936,4006,3717,4232,5948,6430,4498,4328,6513,7064,4677,16.7676,1.65901,8.94844,48.294
89548,3126,3150,3279,3314,3339,3514,3846,3934,3434,3911,4995,5658,3530,4346,7783,10559,31.1045,18.5331,8.57498,47.812
89549,3177,3274,3208,3244,3185,3454,3880,3964,3434,3981,5019,6093,3424,4199,7261,11107,26.0278,20.8438,8.5967,47.936
89550,8124,5212,3813,3362,9433,5329,3825,3301,4906,4224,3493,3324,3760,3553,3339,3131,-12.7372,-27.2857,8.51522,48.086
89551,3236,3872,5601,9059,3429,3793,5364,8857,3178,3523,4125,4692,3119,3271,3528,3531,-15.3299,26.3427,8.70697,48.1187
89552,3468,4074,6784,8647,3477,3908,5955,7102,3267,3700,4035,4311,3242,3309,3473,3535,-17.6345,18.4,8.75984,48.1913
89553,3522,4398,8081,8801,3493,3952,5837,5916,3296,3607,3839,3924,3040,3230,3466,3367,-21.9316,15.8026,8.81749,47.846
89554,4547,5726,4711,3813,4988,7883,5780,3908,4008,4793,4239,3643,3576,3660,3547,3224,-9.37049,-4.67399,8.66943,48.0307
89555,3126,3222,3347,3398,3259,3452,3908,3965,3494,4059,5060,5744,3473,4432,8039,9957,27.0217,17.8061,8.64442,47.9567
89556,3617,4761,8532,8172,3505,4250,5601,5694,3334,3594,3878,3963,3066,3311,3493,3428,-22.6156,14.0166,8.53047,48.1327
89557,3617,3923,3934,3616,4152,5395,5343,3991,4388,6728,6558,4215,3906,4486,4384,3789,3.33298,-0.654049,8.90551,48.2833
89558,3398,3515,3585,3434,3678,4337,4134,3718,4402,6979,6514,4330,4435,5942,5742,4295,12.4208,-0.637328,8.90494,48.292
89559,3448,3394,3208,3141,4390,4078,3618,3242,7691,5308,3791,3485,9532,6170,3912,3400,18.2806,-22.9272,8.61396,47.872
89560,9560,7358,4451,3460,6164,5410,3947,3444,3994,3921,3567,3256,3464,3401,3331,3107,-21.8643,-18.0956,8.56959,47.89
89561,3645,4574,8837,9039,3499,4020,5180,5474,3276,3546,3784,3813,3091,3412,3396,3338,-28.4267,15.5149,8.7961,47.9493
89562,3323,3671,4211,4149,3461,4077,5875,5748,3532,4218,7066,6658,3379,3828,4626,4552,2.57742,14.5727,8.76865,48.2493
89563,3801,3592,3290,3156,4932,4467,3655,3283,8200,6576,4034,3482,6656,5578,4051,3353,10.8792,-18.5108,8.89144,48.0707
89564,4129,4424,4006,3544,5000,7159,5047,3829,4836,6547,4853,3762,3985,4205,3709,3451,-1.22135,-7.10822,8.76152,48.324
89565,3757,4571,7333,6046,3672,4637,7286,5785,3406,3800,4289,4090,3276,3351,3540,3467,-15.3638,10.7922,8.57274,48.204
89566,5775,5998,4228,3621,6411,7686,4483,3609,4533,4665,3824,3392,3683,3653,3469,3203,-11.0263,-12.4407,8.56179,48.1553
89567,3238,3654,4420,5701,3433,3855,5063,9791,3286,3587,4601,6790,3166,3524,3868,4248,-4.79957,30.8526,8.83546,48.15
89568,3397,3969,5638,7840,3322,3951,5828,8469,3304,3617,4190,4849,3204,3347,3528,3628,-13.6228,21.903,8.63011,48.054
89569,3341,3755,4705,6485,3372,3818,5288,9751,3334,3583,4325,5835,3083,3447,3805,3847,-7.86733,28.4264,8.50477,47.8493
89570,3163,3465,3534,3455,3482,3875,4107,3906,4019,5106,6841,4917,3893,5703,7582,5134,16.3135,5.33408,8.8352,48.1213
89571,3275,3265,3276,3202,3539,3741,3790,3614,3990,4840,4960,4294,4676,7876,8720,4970,31.7055,1.2125,8.70953,48.0187
89572,5057,8242,6924,4386,4417,5624,5239,4168,3640,3834,3789,3433,3218,3562,3312,3234,-21.1099,-2.27707,8.66706,48.0527
89573,6284,9808,6127,3998,4733,5302,4454,3735,3753,3742,3748,3345,3196,3468,3319,3185,-29.2895,-7.43453,8.68559,48.1313
89574,3299,3748,5158,8013,3263,3877,5227,9494,3271,3526,4133,4971,3142,3341,3689,3722,-12.6221,26.7148,8.72861,47.916
89575,5803,4582,3659,3266,9640,5247,3783,3443,6342,4536,3686,3247,4038,3814,3367,3194,-6.01941,-31.6438,8.59599,47.7647
89576,3385,3665,3760,3745,3566,4247,5126,4391,3810,5258,8218,5282,3759,4410,5430,4444,7.71115,6.91516,8.83259,48.3307
89577,4508,5530,4382,3696,5231,8368,5410,3852,4428,5111,4252,3574,3552,3656,3511,3272,-8.41677,-6.89907,8.87254,48.222
89578,3371,3313,3329,3145,3624,3773,3580,3362,4808,5288,4278,3678,6703,9914,5773,3974,29.0228,-8.4354,8.74357,47.942
89579,3066,3262,3406,3404,3272,3643,3815,3905,3574,4168,5291,5567,3660,4746,8645,8820,25.5565,15.331,8.55553,48.1627
89580,3306,3342,3418,3298,3547,3823,3752,3684,4101,4830,4872,4224,4702,7919,8486,4927,27.9786,0.859883,8.52963,48.154
89581,4051,4698,4028,3596,5286,7468,5103,3750,4788,6026,4568,3691,3845,4152,3783,3468,-2.96887,-7.34518,8.59856,48.2007
89582,3238,3235,3386,3379,3383,3728,3792,3751,3576,4452,5223,4895,3749,5736,9947,6887,31.5751,8.97319,8.9173,48.238
89583,3324,3815,5967,12585,3367,3708,4763,6357,3294,3407,3804,3803,3160,3163,3370,3262,-26.4951,30.5034,8.92116,47.4327
89584,8187,5164,3883,3372,9564,5216,3729,3365,4887,4160,3416,3203,3661,3563,3266,3201,-12.8102,-31.5211,8.97058,47.8913
89585,3793,3769,3605,3369,4316,5326,4271,3510,5307,8107,5254,3831,4580,5269,4372,3687,7.15155,-7.21847,8.52032,48.244
89586,8114,9197,5047,3545,5208,5123,4147,3581,3826,3858,3614,3325,3373,3516,3297,3225,-28.2939,-12.8769,8.59971,47.9973
89587,8127,9226,4899,3632,5327,5573,4134,3486,3853,3858,3489,3378,3409,3335,3310,3182,-25.7655,-13.1823,8.98372,48.1453
89588,3400,3457,3230,3131,3889,3930,3468,3258,6216,4779,3825,3495,11066,7321,4185,3420,25.2963,-21.0463,8.7477,48.0467
89589,3502,3438,3234,3038,4099,3868,3642,3140,6882,5111,3869,3373,10843,6646,4036,3447,21.8583,-22.3468,8.85488,48.112
89590,3346,3336,3163,3103,4006,3743,3484,3168,6141,4943,3864,3376,11651,7015,4092,3387,27.1221,-22.3688,8.67372,47.8787
89591,7234,5822,4022,3424,8395,6192,4055,3271,4764,4402,3683,3220,3659,3629,3350,3121,-12.6621,-19.7867,8.80422,48.162
89592,3439,3966,6170,12302,3453,3756,4783,6095,3251,3376,3769,3864,3072,3170,3364,3421,-27.041,32.0351,8.53116,47.5007
89593,4119,6423,10001,6058,3870,4515,5165,4506,3380,3559,3762,3702,3106,3371,3511,3290,-32.0224,5.80288,8.94731,48.2253
89594,3285,3363,3292,3247,3556,3679,3707,3446,4409,5151,4671,4013,5488,9279,6968,4276,31.1331,-3.92647,8.70944,47.8867
89595,4093,5907,9810,6411,3831,4476,5232,4617,3455,3600,3917,3672,3216,3277,3316,3386,-30.191,7.88403,8.60622,48.144
89596,3815,4390,4262,3797,4103,6381,6387,4202,4127,5593,5704,4000,3758,4002,3902,3758,-1.70903,0.0886888,8.63677,48.1207
89597,3079,3300,3376,3331,3317,3576,3770,3769,3649,4437,5656,5143,3829,5084,9433,7447,23.9242,11.0417,8.85661,48.1307
89598,10762,5740,3995,3470,7506,4943,3818,3482,4062,3891,3425,3202,3466,3593,3211,3139,-19.7426,-33.5418,8.65143,47.8033
89599,3337,3771,5012,5763,3443,4065,6634,8208,3204,3915,4825,5448,3190,3417,3773,3934,-7.47942,18.5001,8.80443,47.9593
89600,3423,3998,5947,9394,3529,3886,5299,8278,3251,3623,4012,4540,3070,3316,3505,3615,-16.7783,24.0165,8.71865,48.4573
89601,3443,3846,6037,10624,3441,3895,5088,7644,3181,3418,3854,4256,3128,3297,3458,3424,-19.0776,24.9994,8.95588,48.0227
89602,3425,3495,3308,3075,4390,3928,3496,3248,7676,5326,3831,3322,10091,6041,3991,3310,18.5725,-24.1925,8.81003,47.9687
89603,8248,8795,4825,3610,5468,5646,4142,3625,4016,3893,3450,3350,3407,3465,3218,3154,-23.5346,-13.6691,8.6725,48.208
89604,11935,5947,3948,3394,6885,4935,3731,3421,4080,3919,3415,3188,3295,3365,3203,3152,-22.7604,-32.2431,8.79492,47.8753
89605,3408,4049,7152,11499,3349,3898,4959,5811,3173,3518,3736,3997,3134,3374,3453,3492,-33.7374,21.7219,8.70235,48.0013
89606,3349,3298,3182,3131,3948,3807,3439,3251,6166,4882,3675,3343,12541,6035,3880,3410,26.4453,-30.7922,8.86845,47.558
89607,4720,8007,8279,4817,4085,4885,4881,4225,3510,3655,3768,3558,3259,3336,3241,3323,-31.1134,0.295964,8.74575,47.6993
89608,3447,3565,3664,3385,3791,4411,4252,3604,4433,7021,6519,4324,4336,5922,5594,4131,12.0165,-0.972366,8.98437,48.266
89609,3740,4404,5853,4919,3697,5123,8388,5628,3412,4040,4928,4385,3196,3439,3648,3652,-9.57853,8.92627,8.97783,48.3013
89610,3521,3490,3205,3181,4192,3920,3495,3186,7926,5031,3819,3364,10774,5715,3904,3476,19.2039,-29.3364,8.8327,48.1327
89611,5893,4603,3686,3364,9535,5150,3752,3388,6273,4597,3653,3319,4062,3860,3436,3035,-6.20848,-29.8745,8.5367,47.7373
89612,3377,3672,4437,4832,3463,4020,6265,7900,3299,3907,5367,6687,3173,3528,3992,4563,-2.3896,18.6715,8.96087,48.3213
89613,12377,5771,3864,3411,5872,4774,3742,3397,3843,3723,3526,3319,3401,3370,3303,3300,-33.75,-33.7246,8.82956,47.3287
89614,3184,3309,3415,3250,3529,3606,3966,3809,3775,4632,5604,4696,4123,6204,9571,6045,23.9669,6.7057,8.81851,48.4787
89615,3360,3466,3268,3186,3998,4072,3766,3357,5882,6744,4372,3635,6555,7874,4791,3722,17.4114,-11.7426,8.96843,48.032
89616,3102,3222,3441,3409,3296,3506,3934,3812,3619,4246,5300,5398,3599,4967,9184,8265,26.6213,13.6263,8.55435,48.2
89617,3911,3715,3303,3193,5446,4549,3734,3327,8849,6253,4100,3376,6333,5105,3785,3324,8.77715,-20.5407,8.60707,48.202
89618,3127,3180,3361,3442,3240,3374,3720,3913,3448,3911,4654,6048,3364,3968,5977,12826,29.2073,31.3271,8.77449,47.702
89619,3951,4209,4123,3658,4602,6476,5240,3890,4575,6918,5134,3901,3966,4288,4029,3658,0.439483,-4.31135,8.72858,48.412
89620,6130,8872,5603,3823,4915,6259,4785,3737,3739,3958,3743,3327,3386,3391,3313,3224,-20.5996,-7.97507,8.75764,48.1367
89621,4464,4153,3535,3234,7058,5152,3784,3250,8160,5732,3982,3471,5004,4362,3720,3249,2.08017,-21.3069,8.82094,48.2067
89622,3448,4226,6978,8116,3486,4073,6136,7064,3304,3623,4106,4216,3092,3249,3527,3411,-17.3032,17.3474,8.87912,48.0367
89623,3377,3867,5998,12635,3398,3798,4635,6046,3276,3533,3747,3907,3106,3283,3356,3358,-29.5698,32.6592,8.76982,47.5467
89624,3561,3573,3446,3250,4127,4681,3952,3473,5343,8035,5167,3859,5079,6520,4798,3755,12.0833,-7.31934,8.93219,48.4127
89625,3099,3207,3521,3460,3334,3718,3962,4131,3485,4157,6157,6006,3504,4562,7819,7776,19.3321,14.8082,8.63911,47.932
89626,3189,3301,3348,3298,3380,3740,3930,3817,3617,4162,5639,5370,3704,5065,8845,7592,23.0158,12.1842,8.59168,47.998
89627,10838,5905,3883,3479,7336,4924,3813,3327,4123,3982,3448,3376,3446,3568,3250,3113,-20.307,-33.3207,8.6477,47.874
89628,6009,9358,5861,3930,4888,5884,4582,3783,3736,3922,3629,3486,3306,3531,3294,3021,-22.2999,-7.19472,8.93341,48.1467
89629,3883,5472,9739,7149,3797,4247,5264,4948,3456,3556,3833,3796,3127,3247,3474,3476,-30.4631,10.1707,8.67191,48.3093
89630,6971,8178,4742,3713,5663,6581,4347,3623,3915,4068,3725,3309,3477,3630,3187,3112,-18.1209,-12.174,8.86245,48.1607
89631,3456,3897,6091,12276,3486,3770,4749,6266,3178,3449,3867,3828,2998,3245,3388,3486,-25.946,32.4104,8.51459,47.62
89632,11171,7352,4042,3413,5803,4967,3863,3299,3978,3839,3429,3299,3302,3475,3202,3239,-33.2939,-20.6157,8.579,47.782
89633,3061,3234,3382,3397,3373,3426,3850,4106,3360,3891,5008,6664,3381,4085,6410,11577,23.7127,24.8712,8.60574,48.1367
89634,3395,3505,3321,3169,3842,4136,3726,3571,5070,6406,4966,3884,5589,8401,5648,3993,19.1626,-7.06153,8.68428,48.4147
89635,3347,3413,3177,3208,4018,3800,3513,3177,5847,5093,3874,3396,10828,7564,4158,3518,27.1728,-19.9539,8.72972,47.954
89636,3228,3343,3402,3282,3426,3635,3755,3623,3806,4638,5265,4646,4098,6299,9625,5971,27.028,5.89027,8.90832,48.028
89637,3826,4291,4292,3765,4301,6203,6331,4001,4080,5868,5688,4053,3761,4113,4037,3618,-1.6387,-0.195182,8.91715,48.152
89638,3272,3611,4530,5777,3345,3879,5178,9508,3268,3649,4608,6460,3205,3503,3758,4159,-5.33669,27.1789,8.55097,47.8067
89639,3210,3528,4320,5217,3366,3781,5535,8922,3269,3761,5068,7008,3193,3634,3983,4403,-2.71917,24.0179,8.87929,48.132
89640,4519,7432,8822,5074,4113,4913,5415,4488,3572,3779,3812,3673,3152,3385,3221,3188,-25.2087,2.33815,8.82995,48.372
89641,3606,3703,3414,3245,4454,4622,3805,3552,6125,7758,4682,3694,5466,6260,4368,3618,11.4197,-11.491,8.61985,48.248
89642,3400,3297,3226,3237,4160,3905,3460,3244,7401,4940,3812,3336,11180,5880,3823,3376,20.1541,-32.8027,8.92556,47.7847
89643,7853,9434,5068,3742,5158,5397,4275,3659,3791,3918,3741,3355,3301,3314,3261,3038,-28.5741,-12.1081,8.61332,48.2033
89644,3166,3321,3665,3619,3215,3570,4237,4990,3416,3777,5359,9418,3343,3858,5140,7824,12.4123,27.1157,8.8707,47.9453
89645,3352,3879,5988,12091,3333,3773,4799,6733,3205,3422,3731,3899,3205,3265,3402,3397,-24.2046,29.1958,8.84119,47.6493
89646,3330,3420,3454,3216,3774,4157,4115,3716,4351,6249,6687,4332,4442,6142,6383,4537,14.4879,0.704718,8.99559,48.2033
89647,12775,6016,3949,3358,5775,4675,3674,3476,3829,3716,3474,3276,3353,3414,3140,3175,-30.4432,-32.9392,8.88018,47.3833
89648,3606,4767,9051,8847,3582,4094,5225,5355,3332,3491,3720,3752,3111,3270,3356,3381,-28.5483,14.4506,8.78379,47.96
89649,3318,3806,5538,7516,3396,4001,5854,9100,3225,3595,4232,5024,3048,3349,3545,3690,-12.5068,22.2872,8.70003,48.158
89650,3090,3276,3402,3444,3302,3413,3721,3894,3450,3763,4890,5960,3396,3982,6154,12349,30.4353,27.1097,8.69815,47.6573
89651,3247,3405,3582,3447,3480,3760,4237,3948,3853,5039,7136,5246,3938,5218,7410,5526,15.6144,7.63118,8.71602,48.3147
89652,9762,5511,3826,3295,8318,5098,3805,3459,4654,3995,3569,3126,3540,3376,3152,3067,-17.2362,-31.1342,8.61131,47.702
89653,3454,3385,3190,3102,3898,3843,3515,3276,5746,4895,3876,3430,10581,7697,4225,3536,28.7241,-19.2494,8.61022,47.766
89654,3290,3365,3363,3204,3811,3761,3687,3307,4523,5377,4558,3949,5963,9642,6472,4128,27.336,-6.03238,8.67311,48.2667
89655,3548,4364,7600,9232,3538,3918,5613,6186,3318,3440,3947,4146,3032,3286,3498,3416,-20.8982,17.4034,8.88219,48.0547
89656,3472,3420,3197,3037,4060,3921,3570,3262,7202,5228,3813,3372,10637,6491,4174,3443,20.6152,-23.3708,8.72655,48.1993
89657,12284,6314,3978,3430,6270,4750,3737,3346,4011,3814,3369,3271,3376,3350,3172,3078,-25.6839,-25.2737,8.83166,47.7
89658,3225,3373,3472,3244,3606,3858,4032,3711,4012,5483,6432,4456,4320,6267,7568,4928,17.6692,2.99457,8.56748,47.9913
89659,3314,3818,5898,9910,3360,3927,5170,8058,3348,3448,3886,4457,3122,3278,3494,3480,-18.0889,25.6029,8.82378,47.9787
89660,3285,4017,6560,12231,3320,3884,4929,5870,3226,3454,3756,3989,3107,3245,3403,3388,-32.4811,23.819,8.70721,47.776
89661,3052,3263,3547,3568,3320,3522,3811,4276,3436,3841,5233,7243,3346,4050,6403,10392,20.1312,23.0305,8.74531,48.202
89662,3281,3417,3389,3151,3818,3811,3667,3311,4995,5336,4279,3630,7181,9688,5181,3661,33.2447,-10.6333,8.95663,47.864
89663,3359,4086,6052,12670,3392,3710,4685,6154,3181,3373,3794,3928,3183,3230,3317,3339,-28.0487,29.0949,8.72514,47.6353
89664,4256,3958,3306,3164,6652,4960,3713,3410,8788,5710,3863,3398,5379,4579,3677,3333,4.26212,-21.8403,8.57966,48.0973
89665,3202,3269,3447,3477,3379,3624,4082,4270,3546,4254,6443,6380,3682,4337,7353,7175,16.9969,14.7587,8.58715,47.9467
89666,3485,3487,3204,3021,4462,4139,3591,3228,8330,5822,3892,3437,8761,5944,4074,3461,15.7754,-21.7971,8.89294,48.2253
89667,3010,3142,3448,3442,3230,3395,3910,4127,3353,3884,5079,7588,3356,4046,6056,10781,19.8112,26.0429,8.90085,47.898
89668,3297,3420,4025,4251,3327,3695,4768,7073,3267,3717,5039,9513,3231,3576,4349,5498,3.53658,28.9725,8.99266,48.0307
89669,3116,3124,3239,3343,3245,3585,3693,3980,3347,3768,4920,6155,3441,4071,6462,12077,27.0752,25.8737,8.52241,47.7107
89670,3435,3798,5239,8015,3449,3865,5295,9444,3281,3548,4238,4740,3166,3335,3493,3568,-12.8586,32.2244,8.65747,47.9393
89671,3271,3442,3519,3246,3607,4028,4007,3687,4295,6199,6117,4260,4531,6805,6807,4528,16.872,-0.133834,8.66326,48.2327
89672,5876,5136,3941,3340,8363,6625,3991,3383,5414,4795,3744,3352,3839,3757,3530,3070,-7.98573,-18.7266,8.90276,48.104
89673,4744,7316,6912,4593,4325,6171,5781,4104,3737,3852,3968,3631,3322,3486,3313,3236,-18.1174,-0.993154,8.92214,48.3273
89674,4840,7701,6199,4247,4620,6467,5639,4053,3692,3950,3906,3480,3443,3439,3455,3323,-17.4479,-3.00622,8.87604,48.3027
89675,4020,4756,5107,4173,4213,6768,7261,4439,3834,4727,4915,3978,3447,3552,3722,3456,-7.73879,1.43873,8.90377,48.2453
89676,3058,3396,3506,3509,3283,3643,4147,4165,3626,4148,6117,6482,3517,4341,7430,7839,18.0305,15.8729,8.65419,48.138
89677,6776,6561,4289,3536,6996,7063,4161,3433,4348,4401,3581,3279,3650,3644,3344,3169,-13.8795,-15.4239,8.93419,48.154
89678,3450,3414,3243,3146,4003,3700,3331,3147,6153,4887,3828,3316,12014,6783,3943,3513,26.4449,-23.5183,8.92278,47.914
89679,3389,3917,4743,4615,3528,4433,7273,6186,3478,4138,5956,5373,3347,3581,4111,4105,-3.20641,12.541,8.58904,48.1153
89680,9079,5443,3898,3357,8667,5264,3952,3361,4709,4052,3480,3186,3505,3503,3289,3096,-15.4249,-27.6961,8.71622,47.894
89681,3322,3749,4784,6681,3360,3861,5436,10040,3309,3601,4353,5506,3201,3390,3693,3820,-8.96437,33.8214,8.86626,48.0707
89682,3852,5641,9764,6980,3797,4307,5503,4954,3351,3515,3723,3842,3116,3215,3380,3307,-25.5545,9.65995,8.6819,48.1647
89683,3101,3296,3388,3211,3413,3813,3705,3615,4083,4901,5158,4222,4665,7378,8822,5103,25.3381,2.41966,8.95738,47.916
89684,3360,3736,5256,7292,3345,3783,5895,9220,3305,3737,4314,5119,3161,3290,3651,3771,-11.6016,22.8315,8.78741,48.1567
89685,3138,3372,3666,3447,3484,3904,4509,4118,3844,5255,7664,5262,3811,4954,6672,5170,12.8051,7.01121,8.54201,48.18
89686,3200,3513,3887,3939,3298,3840,4758,5405,3532,4022,6496,8236,3485,3959,4938,5783,7.57101,18.5719,8.58974,48.194
89687,3899,5547,9669,6832,3622,4311,5663,5021,3482,3582,3850,3703,3170,3273,3383,3242,-24.2592,9.46154,8.96696,48.166
89688,4113,5830,7188,4942,4122,5643,7006,4646,3633,4016,4249,3784,3307,3361,3465,3375,-15.4318,3.87551,8.96604,48.4533
89689,3218,3308,3331,3411,3254,3421,3814,3939,3359,3738,4734,6172,3389,3967,5908,12351,32.1549,30.9998,8.60649,47.5427
89690,3290,3842,5569,9124,3401,3886,5302,8816,3189,3448,4034,4664,3040,3183,3522,3636,-15.3763,26.8855,8.87273,47.964
89691,10165,8185,4264,3425,5810,5141,4000,3428,4030,3841,3390,3271,3326,3332,3231,3153,-26.4104,-18.0933,8.92273,47.9947
89692,5110,8476,6946,4294,4459,5849,5282,4026,3766,3805,3819,3528,3248,3345,3280,3144,-20.8202,-2.78736,8.97157,48.2513
89693,3396,3460,3234,3147,3815,3848,3419,3190,5897,4859,3776,3350,12268,6463,3930,3356,30.4069,-25.3084,8.54758,47.6053
89694,3500,4182,8257,9988,3523,4068,5110,5506,3227,3464,3941,3869,3168,3310,3422,3468,-33.2483,17.4733,8.75196,48.002
89695,5301,8385,6503,4237,4641,6052,4909,4005,3703,3939,3919,3433,3254,3316,3400,3186,-20.489,-4.08171,8.57807,48.122
89696,3825,5506,10075,6797,3684,4326,5298,4847,3408,3572,3781,3677,3097,3264,3320,3343,-28.9625,9.08156,8.80582,47.88
89697,12278,5896,3898,3388,6454,4896,3624,3463,3944,3874,3431,3318,3469,3353,3215,3108,-25.3606,-31.734,8.73073,47.7393
89698,3149,3253,3397,3427,3443,3764,3790,3719,3715,4526,5183,4603,3928,6100,9919,6042,32.9472,6.9607,8.9134,47.972
89699,3550,3764,3698,3585,3979,4991,4939,3989,4286,7096,6674,4242,4005,4850,4801,3938,6.14794,-0.629574,8.7297,48.258
89700,5978,9242,6091,4093,4636,5725,4714,3777,3681,3846,3735,3514,3265,3469,3239,3236,-23.4271,-6.48075,8.62724,48.1607
89701,3113,3166,3424,3400,3230,3438,3922,4078,3423,3942,5114,6386,3527,4184,7006,10777,23.5009,21.2755,8.67905,48.0867
89702,3467,3326,3208,3209,4000,3774,3454,3279,7157,4882,3781,3407,11662,5972,3913,3289,22.1924,-29.8318,8.85123,47.8533
89703,3105,3386,3448,3330,3439,3644,4106,3940,3671,4667,6738,5491,3746,5060,8201,6407,18.0854,10.4114,8.82916,48.2527
89704,3508,4286,6397,6898,3550,4239,6837,7004,3323,3653,4373,4368,3165,3431,3584,3612,-13.9753,15.5941,8.77298,48.152
89705,3535,3357,3312,3065,3922,3767,3398,3295,5483,5043,4025,3482,9588,8420,4432,3547,32.2842,-16.3441,8.59969,47.7807
89706,6674,8309,4911,3715,5507,6554,4497,3706,3986,4078,3615,3279,3428,3419,3479,3182,-18.7141,-11.4021,8.98188,48.226
89707,3730,5155,9624,7500,3602,4307,5174,5049,3283,3608,3825,3809,3131,3359,3421,3396,-32.6107,11.3371,8.89461,47.982
89708,3183,3314,3461,3504,3206,3445,3732,4084,3325,3743,4731,6148,3393,3795,6026,12669,29.637,29.6518,8.83946,47.8393
89709,3492,3368,3274,3080,4158,3888,3559,3289,7430,5055,3799,3289,11272,5756,3942,3519,20.6422,-30.7715,8.5331,48.1133
89710,4787,6099,4710,3718,5258,7928,5325,3812,4194,4747,4117,3578,3467,3719,3505,3331,-10.3323,-6.90361,8.61273,48.1967
89711,4702,5427,4177,3611,5645,8229,4803,3622,4560,5314,4095,3499,3745,3814,3557,3225,-7.46226,-9.53596,8.92285,48.0167
89712,4872,4119,3482,3157,8074,5144,3707,3339,7948,5175,3844,3266,4816,4345,3562,3199,-0.0698996,-23.9375,8.99437,48.0327
89713,3373,3862,5964,12796,3433,3857,4713,5840,3310,3434,3714,3896,3216,3267,3421,3236,-30.5331,31.6274,8.79763,47.5547
89714,3440,4078,5323,5365,3659,4438,7738,6674,3427,3769,5085,4959,3288,3632,3803,3712,-7.90872,13.2985,8.68761,48.26
89715,4454,7578,9087,4987,3963,4730,5121,4206,3624,3734,3862,3584,3258,3423,3314,3303,-31.7074,2.33801,8.91986,48.152
89716,3814,4153,3877,3720,4363,6085,5648,4036,4369,6514,5657,4093,3986,4346,4030,3783,0.717994,-2.07977,8.56358,48.316
89717,3132,3574,3847,4056,3331,3653,4464,6029,3486,3789,5356,9725,3269,3697,4554,6105,6.97709,32.4857,8.6451,48.0447
89718,3065,3318,3389,3222,3338,3661,3851,3824,3656,4290,5665,5154,3769,5160,9811,7077,25.0585,10.629,8.91345,48.1667
89719,4339,6689,8758,5354,3921,5096,5809,4509,3495,3747,3853,3595,3220,3308,3408,3312,-21.2617,3.69251,8.98863,48.2753
89720,3379,3308,3313,3219,3553,3735,3813,3539,4318,5073,4833,3958,4983,8998,7602,4403,33.4156,-2.00951,8.72116,48.018
89721,3069,3236,3383,3376,3156,3479,3787,3763,3424,3823,4613,6101,3474,3901,6110,12809,28.017,29.6066,8.95332,47.6693
89722,3363,3875,6178,12471,3350,3696,4735,6086,3298,3488,3776,3974,3101,3348,3338,3377,-32.0192,27.4951,8.58471,47.636
89723,3091,3229,3364,3320,3204,3408,3717,3956,3355,3758,4766,6507,3346,3901,6080,12460,24.9231,29.5876,8.93373,47.6413
89724,3288,3782,4625,5954,3301,3830,5350,9569,3346,3669,4569,6343,3115,3469,3859,4100,-5.88047,26.4858,8.76206,48.1127
89725,6147,9946,6178,3996,4620,5242,4512,3742,3672,3738,3650,3431,3342,3341,3330,3181,-32.3772,-6.77996,8.81423,48.0453
89726,3690,3923,4384,3848,3862,5338,6722,4507,3806,5190,6622,4617,3629,4037,4177,3913,-0.420435,4.31186,8.901,48.1767
89727,3983,4121,3769,3464,4922,6382,4412,3726,5208,7154,4822,3604,4228,4480,3929,3497,2.02529,-8.6913,8.64199,47.8007
89728,3373,4142,7310,11476,3405,3994,5025,5912,3227,3496,3687,3807,3287,3202,3282,3410,-27.7108,20.9113,8.96727,48.0233
89729,3503,3825,4021,3858,3754,4514,6112,4701,3854,5113,7661,5088,3550,4058,4735,4232,2.94263,7.14141,8.60911,48.386
89730,3366,3853,5138,7825,3357,3917,5498,9237,3272,3669,4204,4940,3082,3338,3667,3777,-12.5471,25.4326,8.64514,48.0933
89731,3435,3977,5269,6802,3365,4018,6228,8811,3202,3602,4501,5163,3065,3407,3720,3757,-10.802,21.1572,8.50541,48.2147
89732,5784,9612,6537,4254,4515,5187,4511,3771,3669,3788,3698,3480,3226,3322,3331,3270,-30.961,-5.64626,8.78211,47.97
89733,3470,3477,3217,3132,3935,3772,3426,3154,6106,4952,3832,3375,11686,7111,4106,3415,27.2163,-21.5605,8.98746,48.1107
89734,7811,9681,5100,3715,5304,5092,4135,3591,3757,3779,3582,3358,3473,3486,3245,3157,-29.6238,-12.0822,8.58708,48.1773
89735,3317,3424,3243,3072,3918,3855,3475,3339,5340,5211,4113,3512,8738,9044,4669,3526,31.5588,-14.3568,8.83286,47.864
89736,3348,3764,5886,11621,3339,3853,4961,7327,3187,3517,3935,4187,3079,3150,3497,3530,-21.341,28.9649,8.75907,48.1207
89737,3469,3992,6149,12305,3357,3772,4916,6424,3255,3359,3848,3964,3165,3141,3340,3438,-25.1649,32.5683,8.76059,47.9293
89738,5365,6736,4933,3837,5293,7672,4945,3768,4192,4418,3803,3521,3503,3627,3413,3244,-13.8918,-8.46309,8.59406,48.18
89739,3336,3350,3261,3162,3869,3648,3285,3201,6004,4750,3941,3362,12818,5899,3922,3409,28.102,-33.2121,8.78081,47.478
89740,3314,3376,3245,3034,3943,3833,3521,3207,6944,5014,3864,3380,11609,6035,3921,3435,22.1481,-33.7481,8.55425,47.7833
89741,3453,3958,5631,9587,3400,3892,5131,8214,3346,3522,4136,4469,3211,3277,3419,3444,-17.2137,32.5592,8.564,48.06
89742,3287,3624,3878,3819,3518,4134,5368,4545,3750,5027,8180,5711,3554,4098,5073,4817,6.71965,9.17043,8.63341,48.2553
89743,4460,6279,5484,4121,4568,7200,6156,4121,3901,4336,4174,3627,3438,3602,3479,3399,-12.7756,-2.54954,8.82332,48.23
89744,5874,8571,5906,4060,4878,6224,4813,3781,3753,3974,3673,3469,3319,3452,3236,3219,-20.3853,-6.53724,8.53342,48.1347
89745,3909,4840,5747,4501,3928,5844,7649,4910,3713,4288,4807,4100,3359,3647,3705,3492,-9.38847,4.37612,8.6182,48.2927
89746,3153,3265,3551,3316,3400,3707,3853,3892,3649,4420,5798,5092,3791,5569,9291,6594,23.1012,9.25486,8.58873,48.2273
89747,3221,3295,3400,3360,3367,3574,3834,3750,3758,4261,5281,4845,3829,5634,9939,6826,30.7967,9.2518,8.79563,48.116
89748,8284,5966,3940,3357,8104,6035,4093,3402,4668,4177,3650,3243,3526,3571,3379,3205,-14.2076,-20.3776,8.92434,48.4
89749,3211,3393,3303,3108,3665,3724,3747,3514,4493,5314,4782,3885,5398,9050,7356,4349,26.4956,-3.06204,8.68744,48.1947
89750,4776,7639,6651,4265,4585,6367,5586,4019,3666,3999,3822,3473,3415,3433,3320,3267,-18.3501,-2.78913,8.90714,48.1887
89751,3484,3887,5983,12631,3445,3900,4646,5889,3229,3465,3652,3867,3087,3291,3344,3316,-31.2541,32.2702,8.61877,47.4107
89752,3209,3219,3240,3350,3324,3587,3852,3924,3324,3771,4773,6378,3397,3898,6121,12221,25.7352,33.0841,8.61144,47.7253
89753,3148,3342,3696,3750,3271,3573,4192,5254,3284,3773,5563,9501,3391,3887,5125,7720,12.2796,24.7613,8.98109,48.3133
89754,4710,4024,3580,3206,7885,5010,3791,3382,8627,5013,3788,3309,4913,4140,3514,3278,0.878872,-25.4999,8.62912,48.1133
89755,3600,4996,9560,7720,3701,4212,5067,5076,3322,3619,3834,3770,3165,3302,3382,3454,-31.2526,12.125,8.60996,47.8533
89756,7290,7764,4563,3587,6194,6533,4240,3467,4167,4060,3578,3297,3545,3477,3253,3180,-17.7385,-14.121,8.99298,48.13
89757,10399,6980,4194,3431,6816,5246,3842,3407,4072,4030,3550,3249,3305,3314,3183,3066,-21.5745,-21.4413,8.69688,48.056
89758,3221,3504,4047,4529,3249,3678,4947,7758,3255,3731,5133,8677,3254,3632,4240,5073,1.44338,31.5677,8.59769,47.952
89759,3380,3844,5563,9319,3403,3857,5248,8811,3241,3443,4116,4583,3069,3207,3466,3599,-15.9319,26.0777,8.8468,48.0993
89760,4868,4085,3608,3202,8114,5219,3819,3318,8056,5106,3682,3364,4757,3989,3583,3297,-0.290025,-24.1377,8.9597,48.0447
89761,5168,9345,7189,4305,4473,4941,4794,3997,3606,3803,3711,3553,3343,3333,3396,3205,-33.4436,-3.21211,8.95173,48.108
89762,10199,5766,3954,3393,8067,5197,3790,3399,4381,3944,3562,3203,3499,3404,3303,3047,-18.3277,-27.9775,8.60016,48.072
89763,10992,5922,3843,3386,7407,4951,3804,3401,4139,3915,3498,3201,3507,3415,3205,3048,-20.0274,-27.865,8.67484,47.756
89764,3394,3312,3155,3170,3915,3799,3568,3232,5383,5135,4176,3557,8967,8833,4814,3553,28.78,-15.2322,8.5108,47.9753
89765,3626,4665,8876,8791,3639,4114,5171,5302,3181,3553,3721,3934,3222,3291,3466,3454,-30.8408,14.6847,8.79803,48.004
89766,7123,9835,5352,3765,4965,5317,4337,3628,3749,3855,3554,3382,3269,3313,3282,3228,-28.8012,-10.5795,8.54339,47.9693
89767,3112,3263,3628,3684,3284,3608,4353,4899,3466,3955,6149,8606,3407,3986,5576,7299,12.397,20.3069,8.77186,48.1833
89768,3104,3139,3355,3407,3210,3453,3819,3988,3430,3984,5061,6359,3482,4179,7042,11050,23.6788,21.9178,8.79855,48.0413
89769,4540,3994,3494,3217,7385,4792,3665,3245,9101,5145,3840,3315,5453,4421,3508,3177,2.68494,-27.1988,8.68546,48.1947
89770,3820,4941,6841,5320,3847,5005,7694,5401,3461,3734,4335,4133,3239,3461,3573,3495,-13.6532,7.80073,8.69483,48.2
89771,11232,5774,3939,3385,7242,4964,3807,3346,4211,3905,3435,3263,3397,3420,3245,3135,-20.9316,-31.3608,8.71372,47.8
89772,6108,5540,3920,3463,7767,6804,4172,3400,4942,4699,3694,3256,3894,3767,3514,3176,-9.66306,-17.1407,8.57461,48.0773
89773,3336,3350,3271,3207,3652,3785,3649,3474,4543,5222,4548,3803,5785,9747,6418,4010,32.8209,-5.49541,8.99304,47.8667
89774,3300,3661,3792,3751,3622,4272,5201,4306,3835,5309,7942,5264,3705,4313,5483,4581,7.86745,6.74879,8.58338,48.2247
89775,3484,3435,3301,3124,4038,4354,3789,3486,5234,7234,4857,3716,5760,7633,5086,3858,16.1031,-8.42461,8.875,48.2593
89776,3113,3423,3407,3451,3307,3637,3947,4037,3617,4256,5985,5708,3696,4835,8534,7536,20.5092,13.3315,8.75423,48.326
89777,3392,3764,5969,12501,3388,3761,4812,6104,3290,3445,3790,4066,3098,3269,3402,3508,-33.6294,28.3206,8.74583,47.706
89778,3341,3530,3620,3598,3509,4081,4937,4134,3706,5344,8278,5263,3811,4461,5850,4744,9.70618,6.96042,8.96841,48.138
89779,5660,9405,6691,4255,4526,5272,4695,3917,3626,3757,3774,3456,3387,3268,3336,3079,-26.8409,-4.61843,8.62929,48.0693
89780,3524,3512,3372,3145,4588,4068,3507,3228,8652,5172,3851,3367,9216,5512,3987,3377,15.9654,-28.0196,8.53291,48.052
89781,3169,3236,3323,3292,3310,3634,3945,3716,3840,4304,5308,4791,3977,5894,10016,6525,29.3184,8.18054,8.88696,48.1867
89782,3118,3302,3305,3371,3205,3570,3742,3750,3464,4174,5253,5335,3662,4583,8986,8672,27.3462,14.4804,8.73477,47.6613
89783,3357,3537,3538,3361,3596,4118,4374,3890,4034,5976,6989,4581,4173,5737,6536,4688,13.8302,2.73789,8.50411,48.3233
89784,3360,3796,5608,10036,3366,3816,5148,8501,3265,3532,4160,4528,3110,3339,3400,3518,-17.3241,28.4077,8.87661,48.322
89785,3630,3767,3485,3259,4172,4821,4072,3569,5393,8076,5344,3737,4833,5882,4540,3667,9.86767,-7.45996,8.62636,48.1647
89786,4162,3730,3458,3052,6431,4491,3703,3326,9662,5196,3807,3377,5854,4486,3670,3357,5.66584,-32.8903,8.54783,47.8413
89787,3502,3868,3910,3565,3859,4958,5595,4215,4015,6120,7356,4622,3776,4412,4784,3907,4.27601,2.4832,8.83274,48.3093
89788,11545,6902,4136,3365,5903,4975,3772,3412,3975,3755,3427,3223,3333,3467,3266,3137,-31.5436,-22.7271,8.57553,47.7287
89789,3647,3586,3278,3222,4484,4095,3545,3336,7617,6304,4069,3498,7493,6274,4127,3446,14.7445,-18.2861,8.88867,48.014
89790,3400,3418,3170,3117,3957,3829,3447,3174,5631,5151,4076,3353,9669,8366,4331,3551,30.3107,-17.1906,8.57234,47.76
89791,3907,3880,3505,3344,4843,5339,4118,3549,6073,7822,4718,3701,4824,5258,4155,3521,6.29945,-10.8565,8.55812,48.3713
89792,3148,3293,3292,3289,3293,3404,3765,3901,3378,3687,4754,6028,3372,3865,5961,12859,30.3403,31.9445,8.95688,47.526
89793,3517,4110,5537,5236,3554,4574,7764,6540,3495,3924,4946,4804,3257,3464,3848,3699,-8.36757,12.6935,8.56992,48.1793
89794,8496,8711,4703,3657,5798,5718,4160,3600,3934,3915,3570,3271,3360,3430,3287,3026,-22.2377,-14.443,8.92721,48.424
89795,3425,3329,3318,3057,3897,3879,3467,3226,5866,4920,3767,3449,11537,6835,4035,3224,33.4913,-22.3298,8.5718,47.4873
89796,3603,3647,3459,3198,4473,4711,3843,3326,6187,7922,4687,3530,5602,6109,4456,3712,11.4382,-11.6478,8.81554,48.31
89797,3477,3405,3298,3219,3835,4013,3627,3377,5071,6153,4552,3744,6275,8769,5338,3791,20.5263,-9.16149,8.5624,47.9627
89798,6767,10250,5690,3905,4814,5234,4403,3677,3729,3811,3546,3460,3291,3361,3214,3132,-31.1464,-8.99941,8.97337,48.1893
89799,3351,3837,6415,12074,3477,3818,4969,6005,3220,3428,3839,3976,3116,3187,3463,3370,-32.3406,24.4309,8.81996,47.6967
89800,4876,4303,3511,3251,8264,5185,3839,3289,7762,5259,3773,3424,4555,4020,3578,3313,-0.903153,-23.4129,8.86221,48.1347
89801,3138,3271,3447,3537,3131,3357,3982,4331,3357,3849,5024,8058,3423,3938,5639,10124,17.8619,31.3289,8.74296,47.7373
89802,3216,3317,3310,3205,3557,3761,3723,3506,4055,4757,5002,4192,4645,7833,8864,5069,27.3726,1.53541,8.79989,48.008
89803,3378,3841,4794,6131,3482,3880,5768,9173,3289,3660,4629,5941,3176,3429,3777,3958,-7.31233,22.771,8.78946,48.204
89804,4096,4660,4176,3812,4722,7424,5526,3903,4417,5875,4803,3747,3686,3907,3779,3602,-3.54326,-4.30462,8.94471,48.09
89805,3107,3610,3984,3943,3484,4002,5403,4960,3609,4550,7610,6429,3457,3950,5161,5053,5.93562,12.5321,8.55406,48.208
89806,3816,3657,3281,3177,5270,4325,3575,3292,9683,5191,3757,3399,7529,5063,3697,3443,11.2797,-29.6651,8.74907,48.1033
89807,3180,3260,3330,3286,3506,3686,3865,3762,3781,4497,5367,4607,4041,6427,9709,5928,26.1783,6.57868,8.61483,48.1547
89808,3322,3313,3229,3248,3674,3961,3656,3393,4809,5293,4351,3684,6457,9882,5845,3827,32.8771,-8.2169,8.67265,47.9627
89809,3948,6179,9820,6255,3833,4457,5137,4761,3355,3568,3787,3660,3253,3270,3367,3394,-29.7826,7.45128,8.53331,48.0293
89810,12055,6837,3991,3254,6145,4824,3788,3301,4074,3762,3498,3172,3359,3407,3087,3090,-28.9452,-23.5364,8.83261,47.7627
89811,5464,8608,6300,4060,4699,6071,4929,3971,3699,3954,3800,3458,3293,3478,3351,3215,-20.8679,-4.95459,8.73446,48.2333
89812,11600,5892,3904,3291,7042,4999,3726,3391,4110,4003,3440,3215,3465,3276,3337,3160,-21.665,-30.9283,8.58981,47.9007
89813,5395,5625,4069,3533,6906,7588,4366,3561,4808,4841,3923,3322,3775,3803,3566,3179,-9.09721,-13.8737,8.84745,48.1733
89814,3161,3533,3854,3858,3392,3846,5014,5247,3518,4123,7118,7744,3417,3834,5302,5633,7.81907,16.3897,8.61577,48.396
89815,8889,8858,4527,3558,5422,5097,4139,3497,3775,3863,3524,3201,3344,3443,3361,3227,-32.6308,-15.0408,8.61345,47.8167
89816,6191,9877,5965,4029,4776,5263,4501,3795,3745,3813,3631,3336,3267,3405,3319,3201,-32.51,-7.49329,8.53659,48.076
89817,3348,3384,3314,3310,3905,3705,3432,3306,5978,4681,3597,3416,12527,5881,3961,3428,33.808,-32.2366,8.69795,47.4487
89818,3386,3844,4455,4646,3366,4207,6976,6718,3407,4108,5826,5714,3256,3679,4037,4221,-3.19391,14.4924,8.58156,47.8973
89819,11427,7081,4049,3361,5900,4908,3958,3411,3923,3839,3487,3149,3390,3347,3313,3128,-30.9571,-21.9313,8.52383,47.7807
89820,3678,4469,7026,6347,3517,4322,7286,6360,3453,3728,4333,4209,3247,3392,3558,3584,-14.8898,12.872,8.73765,48.3393
89821,3162,3200,3456,3343,3195,3511,3875,3924,3332,3865,4845,6003,3363,4085,6950,11700,30.9183,22.6514,8.6013,47.8727
89822,3317,4094,6466,11583,3402,3906,4959,6713,3196,3395,3807,4017,3046,3152,3212,3423,-22.9127,24.0796,8.84033,47.792
89823,3236,3373,3211,3251,3730,3806,3566,3371,4817,5324,4405,3732,6874,9998,5661,3885,27.6641,-8.90595,8.82239,48.16
89824,3747,3639,3321,3052,5223,4341,3557,3205,9477,5906,3979,3396,7014,5263,3915,3385,11.2062,-22.612,8.94193,48.28
89825,3277,3398,3471,3298,3585,3967,4304,3783,3910,5392,6929,4669,4125,5737,7184,5172,15.6548,4.39078,8.70535,48.134
89826,4027,3792,3356,3262,6132,4534,3631,3316,9585,5532,3805,3309,6067,4704,3751,3270,7.09296,-24.7536,8.62599,48.0487
89827,3387,3970,6429,11821,3387,3810,4786,6273,3148,3542,3744,3997,3165,3365,3394,3312,-25.1994,25.1628,8.62215,47.6867
89828,8150,5453,3926,3328,9150,5573,3688,3364,4884,4197,3546,3208,3613,3572,3291,3112,-13.6045,-24.4719,8.56165,48.0367
89829,3428,3426,3176,3083,4181,4116,3574,3147,6375,6019,4090,3546,8213,7602,4429,3428,19.3736,-16.1993,8.86609,47.8887
89830,3437,3944,6003,12242,3381,3962,4782,6377,3191,3516,3743,4132,3151,3209,3278,3430,-25.1515,28.906,8.54639,47.852
89831,3274,3433,3289,3250,3841,4042,3851,3512,4916,6610,4983,3765,5611,8173,5601,4015,18.3562,-6.53743,8.73234,48.1107
89832,3358,3389,3430,3152,3804,3888,3669,3576,4857,5987,4628,3746,5923,8938,6088,4167,21.6106,-6.69428,8.66799,48.4
89833,3384,3992,6064,12408,3276,3703,4918,6347,3280,3310,3818,4054,3114,3186,3406,3438,-25.3027,30.8519,8.69113,47.7987
89834,3387,4009,5943,9775,3308,3845,5336,8027,3174,3457,4023,4301,3135,3271,3477,3466,-17.6266,23.9932,8.79576,47.956
89835,3467,3368,3123,3218,4082,3755,3549,3187,6677,5024,3828,3452,12005,5990,3900,3364,23.7066,-30.588,8.55638,47.9927
89836,3084,3300,3504,3466,3333,3712,4202,4094,3592,4321,6807,5872,3687,4656,7742,6842,17.2599,12.8644,8.802,48.1427
89837,4580,5203,4290,3552,5444,8161,5131,3749,4473,5400,4342,3521,3650,3710,3659,3310,-6.72021,-7.73356,8.87838,48.1167
89838,4878,8705,7728,4660,4208,5131,5010,4161,3639,3722,3800,3528,3307,3300,3336,3266,-27.954,-1.47433,8.5289,48.2527
89839,3346,3966,6252,12639,3307,3784,4856,6233,3171,3435,3742,4034,3126,3246,3371,3347,-27.1824,27.3265,8.80053,47.9033
89840,3859,3995,3725,3374,4730,5989,4512,3525,5287,7768,5062,3732,4294,4726,3982,3632,3.89737,-7.7011,8.61982,48.128
89841,3287,3419,3329,3323,3598,3791,3572,3399,4430,5187,4711,3998,5438,9562,6817,4227,32.3683,-4.17339,8.8894,48.0587
89842,3353,3938,5283,8053,3325,3753,5359,9406,3247,3551,4206,4852,3104,3211,3559,3729,-13.0011,25.9121,8.84257,47.9527
89843,3255,3312,3207,3212,3833,3892,3603,3280,4947,5361,4228,3658,7480,9994,5286,3752,29.2934,-11.153,8.92436,48.2
89844,5378,8509,6688,4251,4469,5911,4982,4022,3752,3900,3807,3482,3187,3334,3420,3227,-21.0625,-4.03544,8.53329,48.2127
89845,3438,4007,6117,9541,3356,3916,5442,7791,3255,3522,3841,4368,3137,3372,3437,3441,-18.2408,22.9504,8.53799,47.9873
89846,5178,4419,3743,3242,8999,5394,3824,3239,7050,4996,3647,3358,4351,4045,3444,3158,-3.21134,-23.561,8.93806,48.058
89847,4575,4147,3505,3200,7493,5072,3734,3261,8487,5234,3758,3457,4961,4297,3557,3244,1.44135,-25.0811,8.64417,47.988
89848,3112,3199,3344,3312,3326,3600,3812,3837,3688,4360,5385,4858,3832,5646,9864,6798,27.5642,9.23681,8.5099,47.982
89849,4003,5956,9037,6070,3754,4708,6041,4810,3385,3668,3876,3811,3117,3373,3405,3331,-21.5367,6.85567,8.86823,48.23
89850,5425,4916,3753,3348,8201,6610,4030,3407,5857,5134,3749,3338,4029,3956,3512,3141,-5.6923,-18.4475,8.69583,48.2707
89851,3926,4137,3779,3505,4744,6177,4622,3700,5016,7455,5139,3722,4120,4510,4086,3671,2.28757,-6.25826,8.94787,48.206
89852,6296,9450,5867,4029,4843,5696,4479,3786,3606,3858,3738,3467,3300,3373,3346,3219,-24.2564,-7.51256,8.52752,48.2353
89853,3240,3418,3381,3126,3679,3722,3543,3489,4834,5275,4527,3782,6355,9737,5872,3982,28.0476,-7.75133,8.64147,47.9747
89854,3403,3393,3216,3202,3850,3925,3555,3242,5461,5190,4084,3557,8970,8838,4538,3529,27.0459,-15.209,8.65972,47.9687
89855,4239,4185,3687,3356,5656,6507,4114,3422,6189,7083,4216,3468,4586,4438,3812,3403,1.47663,-12.8927,8.94712,48.2407
89856,3900,4399,4406,3928,4296,6735,6449,4126,4015,5604,5299,4048,3620,3885,3905,3704,-3.61008,-0.695221,8.61257,48.2127
89857,4028,3858,3421,3226,6382,4540,3715,3332,9820,5215,3756,3381,5970,4638,3634,3349,5.9924,-31.88,8.85492,48.1767
89858,6954,6486,4164,3504,7335,6779,4153,3471,4480,4380,3677,3355,3617,3484,3369,3102,-13.9711,-16.1201,8.97474,48.2067
89859,3124,3337,3584,3654,3339,3573,4319,4945,3418,3830,5556,9137,3352,3811,5447,7788,12.814,24.1962,8.52605,48.1427
89860,3341,4030,6008,8950,3325,3923,5600,8134,3252,3620,4044,4455,3199,3281,3452,3612,-16.0204,22.2981,8.81035,48.1507
89861,12367,6362,3920,3386,6210,4814,3753,3402,3946,3742,3525,3236,3418,3456,3175,3037,-26.8468,-26.6503,8.77343,47.8327
89862,3962,3637,3354,3163,5862,4405,3627,3287,10025,5141,3828,3327,6534,4830,3772,3270,8.29891,-29.6188,8.58864,48.016
89863,3893,4665,6135,5051,3686,5159,7972,5469,3502,4057,4647,4142,3229,3524,3649,3517,-11.2956,7.75441,8.60252,48.198
89864,4249,6458,8612,5320,4036,4882,5958,4566,3529,3679,4029,3695,3152,3284,3445,3280,-20.9345,4.10169,8.53883,48.116
89865,6471,9762,5843,3970,4864,5133,4495,3866,3754,3750,3575,3342,3295,3382,3199,3157,-31.8369,-7.9738,8.52166,47.9053
89866,4175,3925,3443,3327,5215,5212,3872,3425,6975,7445,4237,3512,5147,5088,3988,3462,6.18126,-14.5464,8.57149,48.2987
89867,3700,4199,4497,4015,4013,5966,6794,4460,3995,5279,5808,4192,3583,3958,4043,3723,-2.31343,2.67925,8.83761,48.15
89868,3414,3365,3333,3208,3692,3900,3701,3377,4676,5109,4525,3802,6002,9741,6379,4066,29.078,-6.38175,8.57621,48.1933
89869,3350,3881,6051,12714,3280,3705,4797,5999,3339,3503,3801,3869,3122,3280,3219,3477,-29.435,31.7849,8.7184,47.5913
89870,7012,9816,5408,3661,4973,5267,4326,3591,3680,3973,3602,3436,3265,3460,3271,3173,-28.9452,-10.1412,8.8578,47.9427
89871,11773,6748,4040,3366,5990,4928,3746,3305,3911,3822,3400,3209,3456,3409,3248,3080,-33.0881,-22.938,8.67027,47.6207
89872,3258,3688,4350,4880,3300,3954,5901,7972,3455,3850,5394,6765,3164,3612,4167,4505,-1.92781,19.9756,8.59542,48.1433
89873,3412,3425,3192,3138,4192,4035,3636,3219,6530,5860,4187,3566,8412,7508,4417,3480,19.3399,-16.4543,8.73178,48.1393
89874,3296,3537,3643,3458,3610,4086,4705,4071,3869,5670,7928,5101,3828,4683,5772,4768,9.81951,5.59441,8.87301,48.0167
89875,3552,3426,3157,3184,4436,4013,3554,3202,7399,5947,3941,3511,8410,6693,4243,3454,17.2829,-18.408,8.84026,48.0813
89876,6038,9805,6364,4052,4629,5157,4420,3913,3672,3783,3595,3429,3328,3305,3216,3159,-28.7537,-6.36708,8.91191,47.91
89877,3985,3790,3435,3252,6037,4440,3618,3248,9674,5228,3740,3428,6246,4687,3581,3380,7.327,-28.7,8.50923,47.846
89878,5132,9449,7044,4438,4333,5163,4820,3925,3630,3790,3720,3558,3355,3314,3331,3179,-26.8988,-3.13994,8.87392,48.1207
89879,3287,3850,5787,10690,3378,3873,4948,7774,3228,3457,3929,4267,3192,3282,3375,3541,-19.2987,30.8327,8.68501,47.9053
89880,3199,3609,4014,4206,3337,4087,5479,5762,3399,4116,6875,7318,3402,3799,4814,4993,4.37148,16.069,8.64266,48.2727
89881,2952,3124,3358,3406,3263,3491,3954,4148,3381,3763,4967,6722,3401,4146,6667,11146,22.4871,22.6051,8.89478,47.926
89882,3486,3928,4210,3864,3883,5324,6375,4413,3877,5546,7036,4504,3598,4058,4295,3937,0.882009,3.54072,8.96331,48.2227
89883,2994,3254,3268,3435,3222,3464,3734,3843,3493,3836,5094,6093,3448,4148,7083,11294,26.1254,21.2629,8.78594,47.802
89884,3369,4088,6162,9516,3416,3920,5300,7826,3289,3578,4061,4305,3058,3269,3543,3484,-17.9452,22.0992,8.92366,48.1227
89885,7729,9118,5044,3685,5456,5695,4119,3592,3817,3847,3682,3337,3435,3397,3320,3162,-23.8046,-12.3873,8.76904,48.29
89886,3521,3794,4096,3889,3821,5097,5911,4235,4036,5867,6873,4473,3857,4206,4531,4023,2.66296,3.01403,8.50047,48.1533
89887,3270,3400,3274,3215,3617,3800,3559,3344,4763,5378,4434,3707,6213,9940,5979,4021,26.9435,-7.42124,8.92348,47.9427
89888,3648,3555,3376,3109,4890,4068,3490,3243,9360,5143,3800,3387,8296,5255,3799,3426,13.4816,-30.4849,8.72686,47.8967
89889,3146,3230,3412,3298,3213,3533,3716,3944,3420,3862,5007,6020,3451,4233,7480,11176,25.935,20.4169,8.98778,48.094
89890,3415,3762,4198,4109,3617,4378,6534,4886,3596,4749,7429,5495,3525,4020,4549,4372,2.35826,9.82795,8.98842,48.4227
89891,3100,3367,3753,4016,3340,3670,4354,6145,3399,3695,5094,9888,3282,3656,4785,6289,7.31454,31.3638,8.74362,47.8887
89892,3390,3720,4865,7004,3423,3996,5357,9883,3264,3541,4386,5339,3154,3443,3611,3723,-9.99067,33.7727,8.58853,48.066
89893,3616,4863,8733,7590,3478,4194,5831,5556,3360,3575,3914,3944,3242,3264,3461,3385,-21.6563,13.0645,8.66086,48.004
89894,3893,5232,7572,5605,3744,4814,7136,5241,3475,3827,4295,4050,3215,3343,3592,3486,-15.9933,7.96212,8.65255,48.3467
89895,3428,3877,5182,7171,3381,3817,5716,9494,3203,3686,4327,5293,3093,3343,3621,3758,-10.8373,23.4975,8.7848,48.26
89896,3293,3430,3286,3236,3699,3869,3696,3349,4431,5149,4577,3886,5567,9682,6719,4200,31.8312,-4.75179,8.78279,48.046
89897,3613,4167,5086,4467,3687,5046,8155,5618,3536,4072,5616,4749,3324,3597,3876,3764,-5.58605,9.02087,8.56905,48.2487
89898,12421,5995,3890,3293,6091,4748,3866,3341,3963,3695,3442,3305,3314,3415,3333,3103,-28.334,-30.5206,8.52265,47.4767
89899,4059,5477,8126,5402,3945,4979,6801,4863,3470,3920,4123,3835,3198,3426,3409,3310,-17.6185,5.95791,8.7471,48.2287
89900,3114,3256,3413,3358,3221,3546,3790,3960,3425,4032,5204,5636,3555,4498,8430,9620,26.8262,16.6354,8.81145,48.0387
89901,3548,4061,5467,6094,3366,4217,6934,7646,3327,3797,4723,4873,3140,3409,3701,3749,-9.5909,16.6606,8.90647,48.0347
89902,3174,3242,3455,3359,3415,3712,3957,3782,3727,4787,6243,4968,3930,5620,8822,5975,19.9131,7.51861,8.99293,48.112
89903,3878,4509,4411,3787,4310,6518,6088,4147,4167,5775,5444,4029,3705,4163,4051,3750,-2.05416,-1.00292,8.70731,48.488
89904,3383,3419,3268,3080,4335,3911,3534,3253,7984,5136,3865,3391,10174,5546,3912,3435,17.9608,-30.2847,8.62673,47.7507
89905,3321,3360,3419,3363,3493,3801,3996,3599,4098,5168,6186,4695,4197,6273,8040,5191,19.5283,4.15966,8.59259,48.1333
89906,4312,3855,3390,3075,6952,4758,3736,3335,9353,5276,3814,3465,5584,4492,3675,3258,4.15658,-26.8724,8.81809,48.22
89907,3694,4678,8805,8180,3554,4204,5695,5690,3271,3561,3975,3859,3051,3262,3487,3392,-22.567,14.0076,8.93413,48.2387
89908,3198,3193,3364,3340,3318,3441,3764,3950,3415,3856,4722,6034,3302,3984,6014,12675,31.6186,30.2283,8.56665,47.7133
89909,4024,4180,3566,3296,5125,6134,4154,3436,5957,7461,4475,3715,4623,4860,3899,3433,3.20088,-11.4116,8.80079,48.2253
89910,3917,4907,6085,4855,3895,5520,8003,5116,3620,4075,4610,4108,3273,3464,3690,3639,-10.5584,5.67108,8.52371,48.518
89911,3347,3881,6126,10217,3360,3785,5255,7602,3236,3432,3941,4217,3101,3308,3544,3492,-19.0413,24.1417,8.68253,47.896
89912,3276,3499,3968,4410,3270,3667,4623,7136,3408,3800,5146,9245,3273,3641,4461,5249,3.20188,29.3331,8.59763,48.048
89913,3513,3824,3929,3730,3882,5031,5806,4272,4032,5859,7382,4533,3752,4325,4670,3981,3.59872,3.3288,8.85616,48.3473
89914,3057,3307,3632,3807,3277,3589,4401,5229,3323,4003,5933,9018,3399,3847,5154,7058,10.9776,21.8832,8.57694,48.0227
89915,4011,3911,3463,3279,5050,5537,3996,3488,6357,7754,4567,3561,4780,4915,3988,3426,5.06777,-12.417,8.97699,48.0553
89916,8398,5522,3865,3405,8771,5429,3798,3416,4705,4141,3676,3162,3664,3557,3369,3025,-14.4018,-24.5935,8.68979,47.9353
89917,3397,4177,7054,11712,3342,3843,4900,5954,3277,3391,3809,3963,3123,3138,3424,3358,-28.9986,21.9107,8.78891,47.908
89918,3433,4162,6665,8538,3479,4286,5987,7411,3273,3566,4050,4430,3093,3390,3459,3565,-16.6455,19.0574,8.89226,48.5247
89919,3360,3998,6702,11594,3350,3749,4945,5941,3366,3491,3915,4098,3155,3246,3464,3333,-32.8972,22.7931,8.61962,47.8047
89920,5633,4398,3566,3315,9401,5213,3770,3261,6706,4764,3722,3441,4222,3966,3435,3294,-4.33573,-31.9677,8.50795,48.0713
89921,5575,4277,3667,3219,9657,5128,3830,3348,7090,4642,3626,3284,4283,3963,3456,3177,-4.34137,-29.5443,8.89339,48.148
89922,3298,3575,4504,5432,3394,3765,5124,9441,3450,3706,4633,7175,3263,3512,3934,4271,-3.47141,30.0747,8.96558,48.318
89923,3167,3591,4137,4713,3313,3732,4982,8109,3344,3777,4951,8563,3402,3465,4255,4753,0.480507,29.5377,8.8469,48.1693
89924,3912,4329,4234,3677,4556,6607,5593,3904,4511,6467,5350,3860,3971,4276,3964,3616,-0.666442,-3.37014,8.83528,48.5513
89925,8060,7900,4462,3478,6286,6040,4223,3532,4189,3971,3596,3258,3416,3366,3260,3046,-19.4556,-15.4796,8.84416,48.0553
89926,4473,5753,5287,4239,4437,7118,6502,4305,3843,4541,4308,3675,3459,3620,3604,3394,-11.1247,-1.59448,8.62566,48.372
89927,3477,3997,4968,4683,3691,4774,8065,5809,3525,4173,5602,4734,3417,3620,3842,3861,-5.23695,10.4132,8.86292,48.1587
89928,3681,4391,7308,7091,3534,4164,6641,6532,3448,3603,4143,4112,3089,3399,3521,3544,-16.4894,14.3558,8.71601,48.134
89929,3407,3377,3244,3069,3897,3756,3535,3233,5736,5141,3994,3495,10286,8259,4378,3471,27.7936,-17.9995,8.7644,48.1853
89930,3441,3510,3234,3038,4302,4048,3540,3177,7337,5616,4005,3532,9134,6697,4198,3504,18.3463,-19.6847,8.99114,48.2087
89931,3373,3436,3306,3140,3936,3767,3606,3386,5319,5086,4028,3429,9214,8768,4564,3388,30.384,-15.6265,8.94167,47.8307
89932,4413,4646,3958,3519,5535,7673,4970,3734,4909,6288,4395,3581,4034,4050,3771,3429,-2.85793,-9.17519,8.75838,48.6033
89933,3418,3994,5762,11013,3317,3873,4992,7288,3274,3497,3933,4185,3127,3235,3479,3460,-20.4998,29.6449,8.67133,47.898
89934,3987,3646,3415,3197,5921,4464,3620,3275,9513,5757,3867,3332,6209,4877,3799,3388,7.79332,-23.4201,8.79591,48.178
89935,3353,3648,3770,3713,3573,4351,5161,4280,3877,5541,7963,5139,3822,4556,5342,4488,7.62382,5.7186,8.80136,48.3847
89936,3230,3316,3467,3301,3391,3687,4004,3856,3704,4422,6151,5116,3896,5306,9033,6569,20.8866,9.61428,8.83206,48.2993
89937,3154,3283,3365,3296,3365,3660,3819,3782,3864,4427,5172,4592,3977,5911,9910,6286,33.0721,7.36338,8.593,47.9087
89938,3754,3598,3342,3145,5064,4214,3524,3259,9051,5613,3898,3300,8115,5348,3917,3333,12.8724,-23.8015,8.59494,48.3167
89939,3256,3694,4489,5634,3463,3909,5138,9672,3308,3698,4665,6797,3188,3507,3925,4254,-4.71096,28.2981,8.74584,48.398
89940,3506,3643,3610,3285,4193,5021,4437,3597,5007,8069,5723,3872,4456,5496,4692,3794,8.22995,-5.06146,8.94058,48.2673
89941,11161,7432,4140,3420,5780,4910,3850,3431,3944,3797,3523,3233,3397,3378,3260,3096,-31.8876,-20.6085,8.67549,47.8347
89942,3308,3421,3319,3106,3761,3786,3615,3293,4850,5497,4452,3660,6411,9853,5782,3893,25.9463,-8.27324,8.98684,48.0047
89943,3447,3726,4728,4778,3509,4032,6881,7230,3444,4029,5530,5782,3256,3522,4101,4231,-3.81121,15.4506,8.69679,48.1507
89944,3417,3378,3308,3066,3986,4104,3734,3432,5662,6630,4391,3671,6679,8085,4605,3688,17.8922,-11.9981,8.89525,47.8907
89945,3381,3905,5942,12289,3412,3829,4673,6279,3284,3433,3907,3997,3100,3223,3292,3343,-26.4317,31.4012,8.74703,47.526
89946,6027,4729,3606,3292,9832,5600,3862,3325,6048,4521,3683,3213,4042,3797,3424,3103,-7.10737,-24.5213,8.86604,48.0693
89947,3582,4579,9050,9032,3544,4114,5236,5411,3234,3461,3744,3841,3048,3340,3419,3465,-30.2631,15.1391,8.75423,48.0667
89948,3616,3755,3460,3269,4189,4639,4002,3541,5337,8151,5256,3777,4778,5891,4716,3809,10.4462,-7.05657,8.54381,48.124
89949,3361,4043,5583,5933,3546,4298,7074,7470,3361,3738,4757,4948,3205,3493,3701,3711,-10.1361,15.9309,8.65452,48.148
89950,4180,3793,3392,3221,6468,4416,3620,3321,9584,5116,3774,3416,5813,4603,3691,3311,5.59991,-30.0946,8.608,47.8127
89951,3616,3538,3469,3067,4286,4127,3604,3335,6537,6265,4258,3555,7763,7269,4419,3553,17.4009,-16.4644,8.59909,48.4407
89952,5270,9291,6953,4266,4524,5143,4745,3953,3673,3668,3770,3577,3307,3342,3372,3325,-33.8965,-3.41835,8.77846,48.1193
89953,8258,5377,3880,3338,9155,5418,3844,3345,4872,4194,3688,3270,3671,3590,3267,3159,-13.6726,-25.573,8.59743,48.2173
89954,3330,3243,3252,3281,3620,3872,3696,3442,4407,5242,4845,3939,5410,9089,6950,4366,25.7204,-3.55737,8.69015,47.9893
89955,3274,3735,4992,7313,3306,3893,5306,9759,3337,3631,4261,5052,3190,3260,3651,3718,-10.9537,33.2002,8.88124,47.7853
89956,3352,3442,3311,3142,3699,3913,3696,3493,4464,5138,4587,3921,5453,9381,6989,4319,31.3357,-4.03778,8.73749,48.2
89957,3240,3197,3321,3316,3566,3750,3724,3606,4066,4794,4937,4350,4498,7891,9004,5008,29.9287,1.78041,8.98216,48.1787
89958,5056,7143,5283,3936,4922,7285,5255,3881,3890,4433,3905,3552,3405,3600,3396,3137,-14.4609,-5.92329,8.74269,48.0527
89959,3097,3151,3474,3469,3270,3499,3847,3893,3381,3812,4973,5985,3539,4106,7152,11091,26.2555,21.0631,8.5937,47.826
89960,3106,3335,3469,3343,3430,3811,3972,3831,3929,4860,6264,4910,3940,5846,8677,5682,19.7472,6.52082,8.9546,48.27
89961,3453,3305,3256,3138,3820,3950,3516,3387,5495,5400,4034,3480,8383,9017,4936,3656,24.6914,-13.7803,8.86483,48.1507
89962,7146,5034,3808,3344,9723,5241,3783,3392,5350,4327,3473,3284,3736,3603,3359,3120,-10.3549,-33.9192,8.76119,47.8153
89963,4243,4253,3757,3345,5503,6701,4470,3605,5547,6846,4384,3613,4364,4387,3814,3458,0.316731,-11.0787,8.74561,48.1933
89964,3345,3673,4087,3847,3583,4311,6058,5043,3693,4712,7611,5715,3566,4080,4733,4433,3.05009,9.99916,8.55543,48.3267
89965,3367,3611,3787,3638,3543,4328,5470,4496,3919,5171,8314,5221,3573,4301,5039,4360,5.66752,7.19219,8.90727,48.092
89966,8585,5679,3958,3218,8888,5358,3763,3421,4684,4156,3619,3229,3559,3463,3295,3178,-14.637,-24.8846,8.83751,48.0353
89967,3666,3726,3444,3386,4428,5031,3916,3449,5820,8121,4708,3723,5001,5742,4412,3685,8.75428,-9.8885,8.65753,48.172
89968,4488,4342,3796,3310,6340,6595,4144,3382,6363,6348,4021,3548,4492,4244,3776,3345,-0.268674,-14.948,8.78257,48.356
89969,7689,7882,4616,3582,6104,6104,4287,3514,4072,4045,3562,3354,3509,3391,3326,3097,-19.3225,-14.4534,8.54976,48.0893
89970,3275,3383,3404,3207,3560,3708,3785,3614,4132,5089,5512,4381,4454,7188,8558,5027,22.4845,2.06332,8.7997,48.1847
89971,3319,3505,3480,3398,3856,4276,4268,3817,4418,6543,6296,4361,4473,6312,6032,4292,13.9542,-0.609187,8.70072,48.4307
89972,3220,3385,3784,3884,3254,3602,4560,5526,3231,3966,5865,9377,3376,3880,4960,6537,8.84835,22.3402,8.64604,48.2713
89973,3326,3406,3248,3102,3660,3819,3585,3440,4692,5266,4544,3679,6258,9985,6117,3994,27.4356,-7.5613,8.81559,48.0807
89974,3319,3371,3173,3178,3945,3762,3449,3312,5748,4948,3983,3369,10711,7776,4209,3374,30.4311,-18.9098,8.84273,47.7513
89975,3288,3845,4839,6221,3365,3953,5926,9291,3307,3745,4574,5725,3183,3402,3727,3921,-7.50885,22.0401,8.77794,48.208
89976,3327,3436,3169,2996,4006,3838,3400,3253,6593,4855,3853,3382,11840,6455,4000,3433,23.8897,-24.9625,8.88331,47.8907
89977,4369,4013,3573,3191,7294,4651,3673,3273,9400,5176,3594,3401,5179,4316,3650,3266,3.13813,-28.8238,8.9317,48.0127
89978,3035,3365,3743,3749,3262,3745,4592,4973,3356,4069,6621,8179,3442,4008,5404,6546,10.6373,18.3616,8.71692,48.0593
89979,3172,3483,3713,3710,3449,3767,4777,4496,3614,4659,8278,6335,3579,4293,5953,5247,10.3408,11.4921,8.97528,48.35
89980,4591,4301,3552,3311,7745,5269,3755,3319,7847,5368,3853,3342,4807,4179,3601,3226,0.222422,-22.578,8.62593,48.044
89981,3371,3818,4890,6790,3396,3842,5148,9756,3310,3591,4393,5510,3199,3380,3600,3745,-9.50671,33.4819,8.58572,47.826
89982,3154,3262,3316,3427,3149,3441,3773,3984,3402,3769,4881,5984,3349,3988,6482,12239,30.9966,24.6614,8.78319,47.7333
89983,3134,3336,3401,3366,3379,3710,4077,3935,3677,4457,6205,5107,3995,5344,8759,6426,21.0406,8.97119,8.52091,48.2053
89984,3651,4861,9478,8111,3507,4158,5191,5279,3197,3559,3784,3834,3110,3290,3442,3414,-30.8481,13.0996,8.69027,47.9107
89985,3089,3386,3322,3256,3364,3609,3768,3732,3778,4581,5193,4455,4043,6593,9805,5780,30.5692,5.69607,8.68485,47.836
89986,4973,8572,7930,4858,4260,5040,4885,4102,3450,3697,3719,3430,3316,3370,3244,3193,-27.3434,-0.783731,8.94088,48.026
89987,3217,3648,4105,3924,3537,3848,5321,5298,3578,4296,7344,6944,3436,3987,5013,5134,5.26796,14.1056,8.57751,48.42
89988,4212,4176,3652,3320,5357,6282,4408,3569,5899,7279,4517,3632,4278,4450,3842,3442,1.5745,-11.3891,8.7935,48.21
89989,5442,5252,4032,3506,7592,6982,4224,3485,5425,4868,3858,3396,3914,3733,3449,3174,-7.5476,-16.959,8.70935,48.2213
89990,3492,3950,5967,11976,3433,3767,4793,6734,3123,3475,3853,4058,3112,3205,3483,3343,-23.9902,30.1088,8.6285,47.8427
89991,4297,4423,3821,3341,5496,7074,4523,3509,5292,6867,4480,3668,4158,4285,3814,3483,-0.731178,-10.206,8.76685,48.354
89992,3152,3215,3249,3338,3193,3499,3762,3941,3386,3843,4742,6211,3432,3924,5926,12652,27.7432,30.5857,8.85306,47.6433
89993,3174,3468,4165,4604,3383,3692,4881,7830,3346,3843,4894,8540,3254,3700,4218,4864,0.810826,29.0059,8.51383,47.904
89994,3321,3410,3393,3183,3813,3942,3688,3409,4883,5870,4565,3728,6054,9359,5913,4012,22.8527,-7.46657,8.89611,48.362
89995,3749,5005,8988,7755,3629,4214,5656,5351,3335,3553,3863,3887,3217,3313,3464,3393,-23.6115,12.5655,8.7999,48.248
89996,3244,3520,3739,3655,3529,4102,5074,4413,3796,5328,8157,5390,3590,4482,5516,4679,8.56957,7.45696,8.86681,48.1427
89997,3197,3380,3343,3126,3615,3928,3819,3555,4336,5383,5059,3990,5078,8626,7218,4401,22.9634,-2.77522,8.63556,48.036
89998,5814,8225,5420,4052,5053,6684,4761,3717,3964,4086,3783,3525,3335,3502,3376,3106,-18.5511,-7.63908,8.74099,48.2687
89999,4986,4862,3784,3424,7283,7059,4176,3535,5676,5455,3888,3368,4088,3928,3599,3338,-4.49335,-15.9229,8.86598,48.2993
90000,3120,3407,3844,4055,3451,3726,4762,5757,3423,3961,5985,8868,3252,3771,4934,5763,6.85729,21.0015,8.74449,48.0527
90001,4009,4701,4306,3646,4582,7177,5806,4045,4245,5841,4965,3952,3612,4037,3881,3553,-3.27984,-3.30034,8.81141,48.2387
90002,6827,10096,5516,3823,4807,5187,4288,3778,3746,3870,3715,3328,3350,3333,3348,3209,-30.9574,-9.21639,8.75641,48.1473
90003,3452,3753,4335,4333,3596,4369,6547,5405,3515,4334,6957,5693,3465,3876,4498,4310,0.722958,11.4804,8.56681,48.292
90004,7019,5664,3984,3458,8241,6223,4071,3443,4982,4394,3703,3296,3665,3603,3389,3106,-12.0959,-19.4024,8.54843,48.1607
90005,5583,9564,6789,4176,4496,5220,4585,3978,3691,3828,3696,3494,3249,3399,3304,3178,-27.0744,-4.71688,8.98138,48.1533
90006,3404,3396,3460,3342,3650,4251,4043,3716,4385,7115,6111,4119,4566,6526,5925,4145,14.3052,-2.24683,8.84744,48.1027
90007,12528,6288,3935,3381,6052,4739,3773,3363,3875,3754,3467,3207,3313,3482,3249,3145,-30.6172,-26.1953,8.97339,47.7007
90008,5557,5768,4249,3555,6893,7542,4388,3540,4664,4777,3743,3404,3679,3758,3474,3201,-10.2544,-13.4099,8.94037,48.128
90009,5818,6670,4383,3684,6072,7687,4581,3557,4453,4494,3879,3393,3659,3637,3338,3241,-12.8159,-11.5759,8.84062,48.364
90010,3348,3414,3258,3284,3500,3855,3749,3539,4355,5157,4602,3918,5358,9106,7078,4378,31.3593,-3.54172,8.57832,47.9327
90011,4196,3956,3456,3301,6877,4507,3809,3203,9420,5164,3904,3344,5324,4476,3656,3307,3.97599,-32.8901,8.7735,47.9333
90012,3290,3392,3232,3248,3760,3750,3643,3313,4796,5325,4376,3694,6610,9886,5827,3727,32.2208,-8.53469,8.95081,47.9127
90013,3998,3727,3530,3158,5726,4459,3594,3280,9756,5323,3843,3358,6583,4892,3647,3287,8.4229,-28.1256,8.65032,48.1073
90014,3099,3291,3563,3641,3341,3619,4062,4593,3494,3934,6250,7945,3445,4041,6098,7701,14.0616,19.2981,8.62389,48.078
90015,4852,4507,3724,3353,7242,6615,4072,3445,6160,5557,3938,3454,4238,4017,3640,3248,-2.61413,-17.1132,8.68692,48.0413
90016,4149,4262,3702,3377,5449,6366,4399,3558,5824,7077,4374,3606,4514,4636,3821,3502,1.26175,-11.9209,8.59899,48.4107
90017,4853,4470,3593,3312,7738,6057,3997,3389,6724,5444,3955,3501,4477,4107,3540,3225,-1.89712,-19.1266,8.69009,48.2547
90018,4813,7905,8497,4821,4204,4951,4999,4114,3707,3706,3834,3533,3315,3431,3397,3205,-29.6122,0.273622,8.61157,48.288
90019,7568,6668,4238,3462,7196,6429,4039,3426,4368,4146,3702,3326,3614,3544,3365,3068,-15.2712,-16.9824,8.99729,48.106
90020,9939,7786,4325,3479,5924,5279,3976,3451,3923,3846,3351,3247,3366,3339,3291,3124,-24.9965,-17.8993,8.74645,47.764
90021,3472,3365,3280,3147,4090,3879,3512,3264,7157,5122,3879,3324,10669,6364,4075,3418,20.7309,-24.0765,8.53701,48.0113
90022,3167,3293,3399,3546,3367,3611,4216,3993,3546,4208,6245,5658,3620,4822,8243,7362,19.5814,13.0017,8.7676,48.1973
90023,3828,3796,3500,3342,4697,5177,3867,3460,6027,8057,4777,3595,4938,5446,4255,3572,7.53442,-10.881,8.65675,48.2227
90024,3468,3961,6353,12161,3411,3785,4883,5921,3249,3419,3805,4062,3143,3268,3490,3456,-31.7182,24.2481,8.6551,47.89
90025,3279,3542,3908,3738,3451,4090,5444,4874,3681,4692,7980,5914,3717,4231,5071,4679,6.19147,10.6626,8.69211,48.194
90026,3207,3296,3299,3232,3494,3714,3804,3665,4054,4861,5061,4257,4474,7656,8753,5213,30.1955,2.20763,8.72688,48.0267
90027,9357,5449,3852,3291,8680,5216,3869,3355,4619,4030,3504,3207,3537,3518,3333,3263,-15.7387,-27.4645,8.998,48.0533
90028,3413,3518,3289,2977,4181,4034,3507,3335,7600,5204,3757,3373,10280,6210,3983,3415,19.6652,-23.812,8.50209,48.0507
90029,3701,3696,3387,3083,5346,4238,3602,3349,9586,5463,3810,3349,7070,5096,3829,3295,10.4583,-25.3988,8.971,47.9333
90030,3257,3368,3321,3331,3509,3747,3661,3659,3961,4706,5202,4487,4431,7117,9219,5201,31.2168,3.47198,8.50537,48.118
90031,3203,3265,3511,3636,3303,3651,4195,4375,3387,4025,6041,7425,3454,4101,6666,8190,16.4624,18.6397,8.864,48.2853
90032,8147,9320,4901,3739,5208,5200,4200,3565,3760,3859,3503,3246,3246,3409,3230,3242,-31.8954,-12.9669,8.72154,47.85
90033,5109,4381,3615,3245,9105,5098,3853,3365,7228,4814,3786,3334,4292,3914,3442,3336,-2.9328,-33.5566,8.77257,47.9447
90034,3337,3422,3315,3159,3941,3918,3462,3291,6217,4786,3731,3307,12427,6206,3965,3368,27.0359,-28.0437,8.61581,47.9013
90035,4305,4111,3568,3345,6338,5983,4003,3348,6858,6533,4165,3623,4690,4602,3728,3387,1.60752,-15.9982,8.84129,48.3913
90036,6253,9801,5930,4008,4810,5275,4516,3816,3668,3840,3686,3380,3248,3307,3412,3227,-28.4901,-7.568,8.55514,48.118
90037,3153,3266,3327,3362,3276,3508,3991,3791,3421,4047,5149,5240,3599,4656,9189,8765,33.0705,14.3854,8.95997,47.8267
90038,3606,3851,3749,3454,4160,5378,4596,3808,4741,7610,6054,4018,4262,4944,4556,3834,6.18004,-3.67368,8.73148,48.414
90039,4394,7262,9155,5277,3962,4868,5236,4286,3391,3734,3830,3624,3115,3402,3306,3304,-27.4244,3.06849,8.66094,48.0973
90040,12091,6509,4037,3407,6384,4904,3766,3327,3914,3831,3458,3168,3410,3319,3150,3053,-25.2326,-24.8273,8.82858,47.8187
90041,6121,4898,3739,3289,9248,5877,3741,3366,5790,4614,3749,3298,3887,3756,3404,3102,-7.62215,-22.3294,8.66703,47.9193
90042,3123,3343,3607,3651,3309,3610,4220,4828,3347,3879,5532,8963,3348,3795,5511,8218,13.7059,24.2276,8.67233,48.1893
90043,3547,4503,8811,9212,3512,4091,5089,5435,3205,3633,3903,3881,3190,3168,3397,3553,-29.6416,15.8717,8.71412,48.0867
90044,10548,6650,4191,3309,6940,5207,3911,3309,4140,3911,3624,3207,3442,3437,3155,3113,-21.0117,-22.2351,8.86093,48.0627
90045,12692,6170,3878,3407,6290,4765,3723,3309,4011,3742,3411,3049,3370,3372,3181,3026,-26.754,-27.8734,8.88931,47.5973
90046,3273,3713,4958,7500,3447,3796,5256,9595,3286,3575,4139,5306,3220,3236,3625,3726,-11.389,30.9428,8.78861,47.7673
90047,4123,4823,4650,3903,4500,7015,6309,4147,4146,5246,4926,3847,3713,3829,3717,3423,-6.04792,-1.9714,8.68385,48.2113
90048,8977,7970,4393,3631,6084,5699,4080,3328,4057,3929,3490,3228,3467,3437,3211,3132,-21.6711,-16.8241,8.72414,48.0753
90049,10892,5760,3975,3369,7501,4900,3854,3435,4171,3993,3472,3262,3383,3399,3229,3158,-20.1648,-30.3596,8.62351,47.8353
90050,4074,3921,3530,3217,6360,4664,3604,3298,9513,5144,3656,3247,5890,4643,3717,3368,5.77234,-31.4338,8.63382,47.8973
90051,5799,9096,6286,4215,4791,5726,4587,3951,3673,3837,3725,3506,3348,3428,3383,3119,-22.8852,-5.75728,8.5714,48.3133
90052,3410,4021,6933,12083,3415,3735,4823,5868,3315,3411,3793,3825,3157,3371,3369,3370,-32.3684,22.7737,8.95638,47.9327
90053,3763,4123,4058,3609,4197,5972,5462,4009,4399,6687,5893,4115,3846,4298,4228,3756,1.83195,-1.67968,8.71558,48.2767
90054,3129,3258,3536,3626,3207,3498,3982,4754,3356,3815,5349,8701,3333,3794,5515,8944,15.2111,25.65,8.74038,47.8647
90055,3150,3260,3307,3265,3390,3508,3863,3686,3744,4250,5224,4892,3838,5429,9988,7131,29.5161,10.3423,8.96151,47.95
90056,3412,3469,3267,3146,4111,3870,3461,3172,7747,5057,3835,3377,10600,5849,3954,3331,19.5742,-26.2922,8.55744,47.772
90057,4326,5532,5140,4046,4589,7393,6518,4182,3876,4796,4363,3654,3459,3723,3612,3475,-9.7298,-1.7513,8.81108,48.456
90058,3413,3600,3841,3722,3602,4137,5397,4505,3831,4904,8278,5704,3586,4241,5150,4573,6.67404,8.52864,8.82822,48.3227
90059,6410,7259,4710,3658,6049,7000,4365,3578,4071,4325,3659,3441,3503,3551,3349,3254,-15.8118,-12.0048,8.5138,48.1213
90060,3325,3503,3552,3516,3546,3979,4512,4075,3908,5384,7611,5192,3875,5057,6518,4982,12.8424,6.00873,8.51837,48.3567
90061,9181,7394,4410,3470,6472,5548,3974,3501,4060,3921,3533,3273,3509,3329,3206,3124,-20.6854,-18.2356,8.78207,47.9367
90062,5914,4539,3710,3366,9564,5220,3773,3365,6429,4484,3671,3319,4098,3846,3483,3101,-5.98443,-29.8065,8.5179,47.9213
90063,3416,3815,3918,3707,3731,4675,5652,4306,3832,5537,7754,4846,3631,4291,4910,4240,4.93186,5.0354,8.90019,48.174
90064,5497,9226,6567,4113,4552,5500,4760,3977,3612,3780,3750,3386,3243,3455,3331,3262,-24.3923,-4.82112,8.98109,48.0073
90065,3058,3185,3432,3462,3297,3486,3856,3910,3391,3809,4866,6180,3302,3887,6469,12379,33.5667,24.5835,8.8893,47.9793
90066,3791,4680,6337,5043,3779,5104,8141,5414,3415,4061,4696,4202,3232,3421,3617,3468,-11.4063,7.77737,8.99752,48.2673
90067,3889,3636,3388,3167,5472,4588,3618,3189,9435,5646,3927,3418,6927,5024,3725,3345,9.82757,-24.8822,8.8771,48.2627
90068,8132,9411,4865,3661,5077,5177,4223,3612,3965,3804,3696,3353,3218,3366,3347,3150,-31.8174,-12.9517,8.53197,48.038
90069,5404,4453,3648,3233,9081,5338,3817,3278,7224,4878,3666,3301,4386,4031,3550,3115,-3.35561,-26.353,8.58981,48.2687
90070,9807,7040,4222,3430,6818,5353,3981,3431,4166,4031,3563,3294,3507,3350,3199,3114,-20.6577,-20.2188,8.597,48.204
90071,3160,3322,3465,3338,3361,3633,3828,3838,3768,4751,5932,4862,3945,5655,9137,6346,21.7497,7.9869,8.69007,48.2273
90072,3200,3386,3385,3099,3659,3735,3710,3430,4494,5309,4523,3793,5867,9395,6629,4379,27.359,-5.04296,8.55095,47.9953
90073,3384,3909,5820,11605,3435,3806,4893,7054,3192,3589,3933,4042,3166,3192,3340,3471,-22.3487,30.5376,8.64072,47.8873
90074,3312,3714,4169,4573,3382,3976,5644,6806,3264,4113,5888,7422,3326,3734,4303,4733,0.950248,19.1272,8.50944,48.2393
90075,4258,3825,3406,3197,6450,4798,3712,3361,9236,5678,3917,3310,5615,4513,3585,3254,4.68418,-23.4157,8.95999,48.0767
90076,3425,3946,4618,4399,3516,4534,7368,6055,3613,4156,6104,5199,3356,3664,4165,4067,-2.88816,11.4143,8.93205,48.1233
90077,3122,3207,3417,3305,3517,3758,3907,3851,3777,4791,6077,5011,3959,5675,8973,5977,21.2863,7.43128,8.52097,48.216
90078,3086,3359,3438,3383,3220,3517,3886,3989,3525,4078,5624,5888,3533,4480,8171,9033,22.7778,16.2365,8.74871,48.14
90079,3334,3403,3194,3180,4026,3780,3427,3246,6056,4730,3781,3240,12299,6405,3965,3366,29.5705,-26.0046,8.5065,47.6213
90080,3177,3180,3362,3521,3321,3554,3832,3899,3501,4060,5124,5447,3615,4653,8773,9326,29.3428,15.3353,8.87901,48.23
90081,6762,10107,5726,3847,4821,5187,4258,3747,3675,3745,3687,3440,3313,3305,3330,3063,-31.0897,-9.14772,8.96829,48.0087
90082,3349,3347,3049,2954,4073,4002,3503,3247,6731,4853,3832,3198,12000,6205,3947,3433,23.8328,-26.459,8.83443,47.8153
90083,4372,3979,3562,3132,7323,4624,3776,3336,9186,5182,3859,3269,5360,4471,3622,3324,3.19421,-32.1111,8.71418,48.2513
90084,3108,3385,3431,3507,3238,3536,4053,4288,3395,3935,5612,7390,3444,4086,6287,9376,18.4138,20.715,8.69246,48.0473
90085,3496,4307,7225,8301,3501,4080,5863,6689,3336,3577,4081,4187,3070,3270,3532,3529,-18.7469,17.2907,8.74743,48.0293
90086,3152,3341,3601,3629,3348,3765,4343,4492,3594,4268,7183,6788,3542,4209,6452,6570,13.6301,14.5353,8.87164,48.1847
90087,3253,3718,4547,5779,3317,3761,5400,9806,3357,3632,4643,6660,3182,3331,3896,4090,-5.52329,26.1803,8.91245,48.248
90088,3186,3452,3765,3699,3501,3859,4984,4782,3569,4435,8035,6777,3460,4171,5511,5350,8.3797,12.8941,8.98993,48.3573
90089,3371,3366,3219,3170,4054,3800,3453,3182,7032,4852,3807,3405,11446,5934,3947,3406,21.5465,-33.8032,8.77132,47.6293
90090,5834,9340,6241,4175,4591,5637,4667,3889,3712,3892,3665,3411,3397,3366,3328,3244,-23.9459,-6.03082,8.85771,48.2593
90091,3331,3498,4335,5244,3464,3882,4999,9089,3366,3688,4781,7427,3313,3522,3945,4312,-2.49277,32.5193,8.57016,48.1307
90092,4424,4094,3581,3256,6612,5508,3780,3335,7743,6069,3998,3398,4907,4476,3777,3422,2.26921,-18.9897,8.50048,48.2533
90093,8045,6082,4077,3330,7938,6152,4022,3562,4623,4087,3639,3288,3522,3548,3314,3038,-14.9973,-19.9418,8.76467,48.178
90094,3178,3229,3261,3383,3214,3493,3769,3867,3462,4017,5164,5622,3412,4284,8150,10503,32.3796,18.3014,8.81721,48.0053
90095,3214,3450,3957,4283,3287,3696,4577,6800,3371,3822,5115,9717,3358,3782,4373,5678,4.76121,27.8964,8.99029,48.32
90096,10823,5803,3953,3451,7676,5116,3768,3408,4300,3937,3544,3192,3458,3497,3184,3134,-19.696,-27.4166,8.77197,48.1627
90097,3216,3693,4783,6799,3424,3756,5237,9774,3278,3580,4433,5592,3164,3360,3802,3806,-9.02771,33.5028,8.82453,47.798
90098,3643,3649,3368,3107,5062,4248,3514,3222,9648,5131,3948,3466,8015,5069,3844,3281,12.4528,-28.4399,8.87141,48.1433
90099,7540,5125,3835,3267,9330,5692,4029,3337,5181,4229,3655,3108,3820,3527,3286,3115,-11.1903,-25.4658,8.50705,48.0507
90100,4229,7099,9134,5338,3927,4653,5145,4408,3388,3806,3933,3638,3182,3309,3508,3285,-33.25,3.82388,8.79995,47.988
90101,3314,3614,4325,5420,3459,3788,5140,8919,3297,3710,4712,7342,3195,3540,4139,4413,-2.94081,31.2639,8.54481,48.218
90102,4394,5085,4208,3626,5638,8232,5027,3833,4595,5472,4244,3493,3723,3774,3538,3367,-6.09472,-8.34562,8.74208,48.166
90103,3167,3396,3628,3874,3158,3679,4371,5887,3471,3791,5481,9829,3379,3640,4829,6533,8.4625,25.7627,8.95719,48.0753
90104,3267,3560,3576,3481,3807,4183,4485,3985,4093,5996,7304,4630,4164,5334,6115,4488,12.0692,2.81583,8.74368,48.312
90105,3539,4286,7645,10668,3482,3978,5025,5877,3276,3533,3767,3884,3125,3259,3481,3385,-26.0952,18.8191,8.6165,48.14
90106,3287,3786,5439,9333,3429,3821,5187,8798,3255,3431,3982,4615,3169,3326,3542,3512,-15.6103,30.5793,8.67485,47.9413
90107,3099,3318,3473,3458,3259,3430,3910,4463,3411,3894,5208,8259,3318,3885,5493,10151,17.6292,30.505,8.9765,48.0193
90108,3092,3364,3648,3704,3354,3561,4300,4812,3358,4024,6060,8525,3378,3962,5538,7383,12.9468,20.5476,8.66733,48.042
90109,6328,9908,5932,4025,4677,5274,4517,3928,3636,3904,3620,3436,3168,3374,3243,3097,-30.0709,-7.4139,8.59188,48.0447
90110,3365,3358,3167,3103,4009,3775,3534,3264,6538,5081,3914,3422,11249,6648,4073,3456,23.3736,-23.1875,8.58405,47.9707
90111,4588,6657,6483,4600,4515,6377,6073,4258,3651,4165,3967,3693,3266,3500,3484,3224,-16.1287,-0.679603,8.65256,48.334
90112,3287,3534,3889,3963,3303,3846,5097,5240,3412,4202,7129,7453,3357,4028,5049,5406,6.79925,15.7999,8.74181,48.13
90113,3767,3851,3520,3386,4713,5212,4084,3434,6134,8002,4642,3620,5024,5254,4104,3619,7.26655,-11.251,8.54329,48.244
90114,8037,9574,4868,3710,5323,5468,4078,3626,3747,3858,3571,3455,3342,3373,3144,3048,-25.6762,-12.5988,8.97704,48.148
90115,3126,3303,3301,3309,3317,3595,3780,3628,3881,4598,5163,4701,4007,6188,9614,6075,31.8609,6.33139,8.61026,47.724
90116,12578,6177,4076,3339,6187,4848,3906,3411,3979,3743,3427,3240,3375,3377,3226,3150,-27.6744,-28.5492,8.85085,48.026
90117,3474,3443,3187,3170,3904,3842,3616,3353,5318,5273,4169,3542,7948,9410,4899,3627,32.8135,-12.6663,8.77846,48.1167
90118,3479,4339,7846,9675,3473,3894,5422,6076,3230,3533,3792,3996,3052,3257,3356,3482,-23.3729,17.9606,8.70492,47.9347
90119,12527,5998,3946,3429,6317,4736,3763,3394,3962,3762,3389,3297,3344,3378,3246,3135,-25.7041,-32.6922,8.92913,47.7487
90120,3453,3522,3253,3160,4618,4070,3552,3266,8452,5228,3798,3513,9462,5336,3735,3428,16.0017,-31.3678,8.61202,47.8973
90121,3256,3501,4119,4525,3316,3667,4994,7937,3316,3702,5218,8637,3294,3522,4346,4936,1.23277,25.9902,8.97939,48.1907
90122,3404,3987,5744,10660,3441,3900,5031,7567,3244,3555,4007,4200,3076,3112,3413,3450,-19.5949,28.0471,8.65821,47.8607
90123,3796,5446,9020,6753,3657,4419,6160,5088,3417,3714,3988,3823,3109,3267,3444,3391,-21.7038,9.67023,8.60951,48.328
90124,3255,3552,4533,5577,3282,3856,5333,9429,3327,3678,4668,6833,3162,3500,4001,4274,-4.4508,26.5833,8.65795,48.1733
90125,3424,3452,3356,3252,3936,3682,3428,3369,6043,4676,3805,3342,12589,5851,3854,3343,33.4664,-32.2555,8.77303,47.6013
90126,3666,4545,5810,4796,3882,5196,8245,5425,3511,4015,4832,4219,3264,3400,3727,3536,-9.6119,7.95246,8.81946,48.046
90127,3903,4342,4387,3670,4356,6526,6181,4120,4149,5612,5556,4008,3684,4034,3905,3749,-2.48348,-0.740451,8.53594,48.1213
90128,5927,4384,3604,3268,9701,5273,3865,3328,6363,4609,3568,3340,4025,3926,3402,3222,-5.77345,-31.863,8.64091,47.87
90129,3713,4705,7795,6906,3589,4381,6610,5923,3319,3704,4122,4008,3059,3297,3487,3426,-17.6961,12.6209,8.78417,48.0293
90130,3106,3201,3357,3464,3298,3506,3798,3962,3471,3892,5200,5953,3458,4422,7991,10351,26.0639,18.2222,8.72216,48.2867
90131,3205,3582,4249,4872,3286,3851,4998,8631,3354,3807,4825,7873,3166,3516,4117,4717,-0.886268,29.7091,8.55401,48.0327
90132,4033,5922,9893,6283,3700,4350,5470,4726,3369,3748,3880,3717,3118,3378,3353,3355,-26.1958,7.69009,8.79778,48.1967
90133,5397,8942,6768,4410,4427,5633,4810,4009,3811,3856,3705,3423,3303,3463,3282,3134,-23.4152,-4.00906,8.62621,48.2487
90134,3169,3229,3523,3427,3368,3682,4105,3853,3690,4590,6381,5215,3893,5287,8311,6279,19.6138,9.69819,8.59486,48.0013
90135,3189,3285,3355,3403,3341,3697,4034,4000,3514,4192,6145,6072,3640,4573,7960,7646,19.5336,14.264,8.59991,48.0307
90136,3458,3673,3861,3664,3823,4592,5480,4190,3946,5633,7801,4823,3631,4436,4914,4293,5.69185,5.21647,8.64051,48.1453
90137,3403,4062,6018,7915,3308,4065,6043,8053,3266,3714,4146,4713,3203,3324,3512,3590,-14.2705,19.8318,8.84906,48.2233
90138,3590,4262,5639,5047,3696,4751,8021,6159,3410,4001,5153,4610,3276,3544,3673,3692,-8.58853,11.0362,8.53789,48.3493
90139,4285,4822,4152,3547,5049,7879,5205,3778,4580,5878,4606,3610,3735,4106,3805,3469,-4.04238,-6.84967,8.69613,48.3373
90140,4060,4722,4389,3759,4602,7532,5743,3935,4362,5675,4822,3822,3657,4011,3836,3498,-3.98273,-3.60511,8.89416,48.2833
90141,10107,5566,4009,3422,7916,5020,3774,3416,4254,4026,3539,3320,3463,3428,3184,3173,-18.1939,-31.4131,8.5154,47.7447
90142,10420,6276,3955,3475,7799,5278,3841,3273,4282,3906,3492,3217,3474,3464,3342,3115,-18.9533,-24.0045,8.96031,48.406
90143,5467,4335,3674,3384,9554,5061,3728,3303,7034,4625,3636,3337,4375,3882,3600,3125,-3.75564,-30.7358,8.97675,48.08
90144,3625,4977,9254,8187,3663,4179,5407,5402,3286,3474,3946,3888,3163,3252,3396,3336,-24.8455,13.3833,8.98881,48.29
90145,11281,6324,4118,3423,6883,4981,3851,3404,4107,3858,3414,3224,3439,3415,3235,3095,-21.8928,-24.769,8.85967,48.0347
90146,3531,4480,6654,5975,3624,4544,7645,6409,3408,3750,4369,4426,3266,3416,3599,3609,-13.4505,12.3931,8.78575,48.47
90147,4830,8239,8307,4763,4150,4946,4883,4117,3461,3708,3748,3517,3272,3296,3312,3299,-31.5742,-0.0876088,8.71029,47.8987
90148,3645,3618,3559,3450,4029,4936,4657,3728,4567,7354,6163,4200,4203,5234,4743,4039,7.68713,-2.18603,8.52973,48.0833
90149,3339,3555,3833,3651,3542,4170,5109,4376,3817,5275,8164,5380,3711,4329,5399,4590,7.90555,7.62662,8.72707,48.16
90150,5983,4515,3740,3193,9792,5211,3734,3394,6500,4750,3686,3301,4072,3762,3363,3151,-5.51699,-27.6334,8.80193,48.098
90151,3183,3499,3584,3542,3547,3996,4611,4096,3906,5319,7830,5226,3788,4850,6405,4869,12.2382,6.81475,8.79851,48.1673
90152,4472,4725,4008,3453,5584,7628,4642,3704,4972,6110,4312,3567,4060,4002,3657,3278,-3.31508,-9.66437,8.91817,48.116
90153,3144,3275,3345,3242,3282,3596,3779,3821,3543,4112,5217,5216,3837,5021,9489,8014,29.6101,12.641,8.96916,47.9553
90154,3501,3937,4158,3812,3753,5053,6031,4456,3930,5678,7084,4639,3744,4288,4524,3955,2.1654,3.64348,8.97075,48.362
90155,3297,3392,3283,3061,3837,3753,3618,3322,4879,5266,4383,3621,6935,9938,5454,3883,30.613,-9.76499,8.99016,47.948
90156,7939,9611,5102,3754,5164,5277,4154,3595,3748,3947,3560,3232,3388,3377,3200,3101,-26.9798,-12.063,8.7988,48.0993
90157,3100,3281,3501,3235,3255,3521,3816,3845,3710,4315,5338,4873,3675,5435,9755,7353,28.4021,10.5947,8.92453,48.0053
90158,3578,3847,3732,3429,4150,5197,4673,3710,4780,7563,5948,3952,4160,5089,4475,3855,6.16777,-3.46034,8.7072,48.092
90159,3740,5197,9660,7403,3695,4329,5316,5046,3365,3480,3861,3737,3250,3198,3266,3251,-28.9781,11.1538,8.54517,47.8627
90160,3123,3286,3379,3376,3163,3457,3698,4062,3312,3630,4889,6686,3395,3927,6189,12068,23.479,33.3365,8.92328,47.76
90161,3321,3308,3261,3340,3638,3726,3582,3478,4421,5225,4606,4035,5500,9481,6852,4331,27.1536,-4.12122,8.87034,48.07
90162,3361,3914,5379,6954,3349,3935,5988,8655,3174,3694,4531,5053,3197,3361,3643,3707,-11.4385,20.6514,8.51254,47.93
90163,3302,3698,4675,6327,3379,3794,5281,10031,3251,3572,4529,6008,3182,3355,3699,3859,-7.4913,31.6746,8.87879,47.9613
90164,3405,3535,3501,3296,3830,4448,4303,3640,4596,7387,6201,4031,4508,6098,5243,4124,11.8144,-2.69991,8.9151,48.0973
90165,3236,3480,3948,4540,3393,3681,4993,7362,3299,3768,5376,8770,3403,3622,4349,5065,2.53276,24.8246,8.52309,48.19
90166,3142,3169,3417,3485,3345,3451,3903,4204,3333,3759,5106,7961,3303,4001,5624,10208,18.1952,33.6456,8.65343,47.6073
90167,3292,3807,5131,7937,3331,3753,5446,9563,3300,3561,4284,5013,3169,3350,3658,3684,-12.2157,25.4158,8.87816,48.186
90168,3345,3387,3176,3167,3885,3884,3493,3207,5917,5001,3920,3452,11251,7415,4069,3515,27.2874,-20.6856,8.92106,48.056
90169,3357,4043,5899,8177,3372,3854,5925,8345,3300,3621,4026,4653,3078,3378,3515,3608,-14.5594,20.9967,8.69868,48.1007
90170,3565,3980,3868,3638,4146,5376,5048,3990,4349,6965,6357,4215,3964,4551,4515,3816,4.0029,-1.34266,8.6662,48.2287
90171,3380,3829,5900,12602,3451,3677,4577,6147,3255,3473,3730,3923,3114,3139,3381,3427,-28.1568,30.4701,8.79395,47.3367
90172,3742,3699,3342,3128,5091,4516,3711,3298,8749,6212,3936,3464,6796,5334,3911,3357,10.6727,-20.8493,8.52726,48.1907
90173,3338,3371,3348,3384,3634,3859,4031,3663,4203,5523,6163,4415,4422,6618,7468,4742,18.1365,1.73122,8.52283,48.1213
90174,3305,3405,3353,3158,3896,3749,3562,3274,5437,5221,4038,3579,8976,9116,4645,3537,29.0003,-14.4574,8.74651,48.1673
90175,12332,5932,3898,3403,6525,5009,3695,3298,3998,3793,3454,3192,3432,3300,3192,3138,-24.5956,-33.4621,8.72435,47.7273
90176,3273,3661,4227,4238,3442,4026,6066,5969,3521,4126,6846,6662,3401,3708,4319,4565,1.48826,14.7271,8.8915,48.0333
90177,3048,3354,3559,3636,3288,3520,4184,4750,3481,3878,5792,8575,3349,3847,5681,8015,14.0051,22.5954,8.52824,47.9713
90178,5780,4786,3745,3331,8974,5798,3877,3386,6292,4623,3714,3318,4145,3858,3472,3249,-5.77701,-22.5471,8.55956,48.232
90179,3383,3418,3314,3228,3820,3857,3786,3452,4797,5932,4541,3797,6064,9198,5888,4054,22.4656,-6.90762,8.81028,48.3527
90180,3647,4357,5563,4752,3804,5009,8281,5389,3592,4185,5201,4363,3251,3573,3770,3622,-7.90121,8.62514,8.623,48.2393
90181,4176,7098,9453,5518,3953,4665,5261,4423,3476,3663,3689,3651,3220,3313,3433,3276,-25.2248,4.17513,8.8833,48.1787
90182,3122,3159,3552,3435,3456,3696,3951,3894,3750,4470,6045,5256,3665,5125,8916,6893,20.8137,10.7272,8.78708,48.2567
90183,3449,4271,6577,7067,3494,4242,6734,6988,3332,3627,4284,4433,3197,3335,3578,3585,-14.706,15.8723,8.65933,48.1287
90184,3840,3690,3290,3115,5534,4594,3629,3306,9140,6073,4006,3413,6280,5009,3786,3355,8.43207,-21.1772,8.96955,48.04
90185,3710,4806,8246,7430,3563,4296,6247,5776,3193,3600,3927,4025,3116,3239,3570,3368,-19.6225,13.0246,8.61662,48.0747
90186,3320,3543,3244,3093,3840,4142,3841,3361,5242,6584,4717,3679,5918,8408,5470,3825,18.3273,-8.33138,8.79662,48.1513
90187,3144,3319,3586,3588,3436,3785,4387,4169,3636,4475,7198,6161,3697,4533,7240,6267,15.098,11.6681,8.87084,48.414
90188,3220,3294,3375,3227,3607,4014,4109,3613,4058,5521,6346,4465,4298,6482,7648,4915,18.3072,2.6579,8.87782,48.128
90189,6477,6842,4504,3535,6450,7228,4234,3579,4297,4417,3634,3336,3562,3641,3253,3201,-14.2319,-13.4915,8.91139,48.1267
90190,3097,3236,3448,3383,3250,3474,3835,3843,3569,3981,5251,5362,3471,4695,8923,8981,28.5412,14.7536,8.76187,47.866
90191,3253,3376,3263,3165,3719,3858,3733,3497,4633,6043,4916,3921,5555,9174,6263,4192,21.594,-5.26021,8.67741,48.374
90192,4558,5559,4580,3655,5232,8248,5457,3864,4288,4906,4183,3544,3490,3717,3546,3355,-8.62632,-6.68088,8.74804,48.1213
90193,3508,3540,3480,3153,4111,4243,3886,3367,5797,7195,4635,3705,5996,7296,4764,3669,15.3022,-11.0474,8.6509,48.23
90194,4590,7466,7255,4587,4226,5743,5679,4321,3756,3812,3932,3499,3213,3445,3470,3220,-19.4943,-0.624156,8.76691,48.1427
90195,4654,4314,3750,3283,7059,6052,4004,3510,6690,5975,4040,3405,4370,4205,3647,3236,-0.728361,-17.1236,8.70537,48.1293
90196,3191,3384,3471,3340,3563,3730,4067,3726,4040,5208,6263,4674,4194,6387,8061,5063,19.1455,3.9452,8.81017,48.2413
90197,3895,4931,5448,4326,4043,6235,7534,4595,3717,4565,4876,3887,3305,3687,3761,3683,-8.87326,2.56528,8.54337,48.3253
90198,8879,6140,4022,3494,7849,5619,3942,3363,4468,4101,3565,3215,3568,3396,3302,3152,-16.5978,-21.327,8.69662,48.05
90199,4361,6290,6835,4630,4138,6097,6408,4291,3649,4034,4178,3780,3340,3472,3435,3408,-16.1854,0.866504,8.53251,48.2307
90200,3033,3208,3474,3411,3190,3466,3821,4026,3374,3745,4843,6584,3301,3951,5941,12139,23.8311,30.7427,8.60555,47.6713
90201,3402,3606,3948,3762,3531,4381,5666,4522,3698,5072,7793,5394,3544,4176,5060,4558,5.04158,7.8874,8.68392,48.0753
90202,3309,3691,3609,3425,3722,4445,4420,3923,4284,6567,7025,4539,4195,5297,5476,4305,10.7542,0.812126,8.63314,48.1547
90203,7622,9611,4978,3806,5096,5192,4137,3708,3839,3923,3477,3411,3255,3379,3317,3129,-30.0127,-11.7518,8.67914,47.92
90204,4074,3738,3420,3108,5963,4481,3654,3245,9800,5202,3898,3326,6477,4699,3645,3225,7.57716,-27.6444,8.76613,47.97
90205,6518,4735,3736,3309,9896,5238,3742,3523,5608,4342,3597,3246,3873,3787,3358,3306,-8.82969,-33.8574,8.81741,47.876
90206,3342,3891,5585,10271,3432,3804,5121,8106,3247,3447,3931,4301,3166,3278,3315,3402,-18.3049,32.5178,8.70367,47.7593
90207,3634,3648,3331,3217,4603,4485,3717,3355,7582,6778,4067,3442,6405,5955,4197,3498,11.6838,-16.4347,8.69619,47.9427
90208,5190,8732,7695,4689,4234,5197,4828,4188,3599,3742,3767,3521,3208,3340,3344,3164,-26.399,-1.54626,8.70978,48.292
90209,3159,3435,3231,3153,3726,3862,3693,3537,4694,5394,4708,3742,6349,9762,5996,3999,26.5809,-7.2849,8.68041,48.2933
90210,4723,7446,7219,4702,4316,5724,5796,4219,3666,3860,3882,3609,3332,3382,3416,3301,-19.52,0.00233435,8.79494,48.3953
90211,4319,4004,3428,3179,6613,5116,3889,3346,8258,5946,3968,3404,5077,4485,3580,3199,3.24996,-20.6478,8.52045,47.874
90212,3419,3551,3316,3116,3937,3988,3729,3386,5175,5975,4432,3773,6390,8815,5452,3801,21.0237,-9.26675,8.58339,48.17
90213,4850,7212,6404,4418,4420,6299,5710,4076,3757,4094,3943,3554,3406,3376,3377,3204,-17.2103,-1.97177,8.76276,48.0667
90214,3323,3625,4459,5282,3281,3739,5071,9490,3271,3547,4753,7246,3165,3515,3865,4428,-3.35506,30.1018,8.97157,48.04
90215,3460,3881,5565,10073,3397,3815,5030,8455,3285,3405,3955,4420,3149,3205,3376,3424,-17.3023,29.7111,8.6423,47.93
90216,3606,4251,5531,4805,3675,4769,8209,5775,3492,3985,5125,4481,3206,3554,3774,3695,-7.87961,9.55883,8.85425,47.9553
90217,3340,3700,5105,7273,3376,3835,5423,10065,3350,3601,4300,5392,3165,3199,3671,3786,-10.5826,28.6419,8.89218,48.3873
90218,3613,3542,3211,3189,4527,4092,3454,3294,8799,5189,3785,3473,9172,5318,3885,3417,15.5001,-30.6364,8.68689,47.9733
90219,7090,4767,3653,3276,10073,5319,3825,3508,5421,4277,3602,3243,3818,3628,3350,3160,-10.0149,-30.5893,8.98366,48.0067
90220,3385,3784,4532,4480,3518,4353,7019,6089,3477,4150,6381,5547,3306,3787,4258,4290,-1.49231,12.343,8.65731,48.2373
90221,3099,3267,3359,3313,3172,3489,4050,4275,3594,4194,5841,7149,3372,4175,6814,8624,17.9356,18.7917,8.8249,47.858
90222,12803,6028,3860,3439,5783,4812,3751,3377,4007,3842,3439,3200,3412,3357,3276,3167,-33.1422,-30.8162,8.82852,47.702
90223,4530,6518,6049,4361,4515,6618,6056,4245,3799,4177,4140,3651,3302,3457,3506,3287,-14.8128,-1.30496,8.54235,48.1407
90224,3148,3511,3812,4005,3304,3744,4435,6158,3386,3930,5140,9941,3265,3590,4652,6275,6.71297,29.468,8.91364,48.1973
90225,7189,7088,4387,3656,6538,6514,4208,3518,4257,4081,3679,3289,3410,3571,3310,3245,-15.9081,-14.8001,8.7545,47.96
90226,3694,4805,8753,7870,3610,4336,5785,5633,3290,3577,3902,4008,3198,3316,3407,3392,-22.2609,13.5139,8.9547,48.384
90227,3376,3600,3908,3728,3665,4584,5599,4266,4064,5637,7869,4934,3657,4353,4999,4208,5.59731,4.99125,8.96065,48.298
90228,3692,4834,7310,5924,3675,4611,7420,5578,3419,3839,4262,4145,3216,3416,3522,3471,-15.5123,9.87396,8.71327,48.2227
90229,3295,3358,3209,3213,3709,3857,3631,3406,4771,5279,4435,3763,6858,10088,5684,3994,28.1406,-9.0158,8.89157,48.3667
90230,4656,4174,3502,3228,7993,4978,3704,3326,8668,4966,3748,3359,4847,4206,3460,3132,0.732414,-28.5397,8.79309,47.9647
90231,3628,3515,3371,3121,4498,4397,3601,3272,7000,6725,4220,3516,7113,6526,4187,3485,14.6012,-16.138,8.61141,48.1167
90232,3141,3289,3442,3406,3134,3347,3925,4209,3374,3788,4981,7445,3458,3833,5976,11094,20.2855,25.6486,8.80309,47.8947
90233,3083,3240,3396,3341,3372,3671,3948,3728,3624,4098,5244,5225,3671,4964,9394,8337,28.1977,13.3801,8.73929,48.224
90234,3371,3909,6028,12510,3364,3636,4724,5914,3205,3426,3753,3867,3161,3196,3324,3398,-30.6325,32.38,8.60421,47.1907
90235,3640,3592,3289,3121,4615,4075,3456,3259,8954,5388,3892,3386,8528,5577,3957,3324,14.244,-25.4191,8.81294,48.0353
90236,3241,3289,3347,3290,3690,3856,3889,3575,4105,5169,5492,4328,4594,7217,8123,4947,21.8475,1.396,8.68444,48.1013
90237,5258,4406,3601,3300,9184,5351,3768,3206,7219,4981,3638,3228,4397,4049,3485,3139,-3.02405,-25.1922,8.82,48.14
90238,6913,7836,4745,3707,5858,6487,4344,3690,4107,4110,3747,3367,3339,3478,3267,3124,-17.8568,-12.4033,8.531,48.0793
90239,4093,4082,3748,3318,4946,6297,4453,3606,5287,7342,4759,3725,4256,4639,3991,3469,2.06239,-8.80915,8.70231,48.0073
90240,3561,3672,3606,3375,4139,4972,4222,3659,5009,8123,5561,3924,4613,5611,4712,3795,8.94006,-5.5068,8.96419,48.3693
90241,3183,3229,3306,3459,3208,3412,3743,3892,3310,3736,4771,5939,3331,3921,6214,12602,32.3682,27.1748,8.82656,47.504
90242,3206,3300,3478,3274,3476,3710,3701,3673,3919,4640,5160,4496,4284,6613,9454,5671,29.3687,5.03477,8.56979,48.0367
90243,3289,3748,4625,5972,3399,3859,5719,9540,3380,3664,4510,6088,3202,3416,3857,4071,-6.67952,23.2679,8.7773,48.226
90244,3494,3473,3609,3452,3660,4330,4287,3738,4404,6767,6695,4181,4397,5762,5874,4234,12.3001,-0.261519,8.6007,48.238
90245,3492,4405,8046,10158,3469,4014,4907,5611,3302,3600,3870,3930,3066,3189,3344,3393,-30.26,18.4176,8.55841,47.864
90246,3541,4331,7292,9724,3458,3988,5348,6486,3232,3560,3931,4117,3182,3160,3443,3505,-21.338,19.1161,8.66043,48.1987
90247,3138,3596,3936,4167,3339,3700,4682,7010,3471,3882,5106,9203,3287,3684,4461,5204,3.53649,33.6663,8.55377,47.9107
90248,3473,3668,3794,3641,3771,4695,5055,4073,4260,6833,7173,4463,3852,4746,4863,3953,6.37001,0.901693,8.78691,48.2087
90249,6216,4832,3658,3206,9689,5506,3753,3436,6074,4513,3786,3156,3973,3830,3408,3189,-7.32246,-26.5818,8.54998,48.15
90250,11983,6544,4118,3432,6045,4758,3818,3459,3909,3783,3464,3232,3476,3367,3179,3021,-27.7136,-24.1205,8.63916,47.7253
90251,4166,6255,8952,5658,3965,4777,6021,4670,3360,3636,3900,3820,3144,3376,3382,3330,-21.7829,5.59569,8.58684,48.2747
90252,4006,4357,4063,3570,4438,6583,5306,3858,4589,6578,5238,3839,3960,4380,4102,3525,-0.322667,-3.79449,8.52091,48.2613
90253,3215,3355,3718,3852,3224,3630,4390,5614,3352,3773,5447,10130,3287,3747,4844,6646,8.94281,27.1646,8.85998,48.1493
90254,3031,3257,3426,3386,3305,3516,4049,3893,3655,4340,5844,5439,3686,5028,8818,7534,21.6405,12.4074,8.53725,48.138
90255,3402,3415,3312,3054,4235,4133,3707,3333,6567,6369,4318,3438,7472,7375,4445,3610,17.0777,-15.0424,8.86423,48.1233
90256,3810,3798,3354,3205,5331,4659,3725,3374,8178,6833,4090,3411,5905,5231,3953,3360,8.82269,-17.473,8.99548,48.1447
90257,3096,3453,3860,4227,3366,3676,4603,6765,3259,3547,5211,9803,3241,3654,4495,5710,4.83825,29.3942,8.84091,47.9773
90258,7919,8205,4637,3577,5945,5847,4152,3488,4018,4085,3551,3312,3343,3486,3276,3155,-20.6583,-14.238,8.56084,47.9973
90259,5007,4669,3834,3328,7469,6601,4080,3379,6001,5478,3939,3438,4126,4081,3708,3235,-3.64076,-16.991,8.85093,48.2487
90260,9526,8249,4482,3421,5623,5218,4013,3432,3945,3894,3465,3317,3401,3355,3214,3197,-33.9818,-16.586,8.76139,47.8347
90261,3538,3592,3330,3107,4440,4397,3782,3379,6731,7288,4172,3538,6529,6409,4445,3606,13.725,-14.4463,8.54202,48.1887
90262,4396,5158,4618,3843,4717,7703,5962,4035,4209,5170,4428,3712,3472,3739,3569,3508,-7.21664,-3.97595,8.68198,48.1593
90263,3710,3800,3318,3291,4474,5375,4091,3612,5765,8211,5076,3824,4667,5396,4257,3680,7.2252,-9.40075,8.79785,48.3647
90264,10310,5787,3985,3483,7895,5114,4026,3456,4391,3947,3569,3275,3525,3478,3226,3013,-18.3539,-26.5862,8.71283,48.32
90265,3041,3237,3390,3540,3256,3506,4028,4505,3501,3810,5229,8388,3373,3916,5563,9857,16.7556,30.3567,8.64966,48.0933
90266,3540,3938,6126,12054,3378,3907,4844,6625,3113,3361,3860,3907,3245,3244,3280,3394,-23.8639,31.9738,8.7456,47.8773
90267,3284,3768,4261,4380,3563,4178,6660,5974,3455,4278,6704,6273,3314,3652,4427,4330,0.63419,13.9592,8.96898,48.334
90268,7660,6018,4029,3460,8280,6114,3984,3382,4748,4213,3547,3301,3572,3490,3317,3003,-13.9181,-20.2116,8.86002,48.0787
90269,3196,3393,3454,3304,3334,3496,3882,3709,3658,4173,5191,5085,3674,5003,9287,8216,31.4379,13.2276,8.55767,48.0367
90270,7032,4936,3733,3338,10059,5249,3751,3362,5389,4305,3503,3330,3708,3571,3373,3152,-10.0437,-31.0406,8.99978,47.8607
90271,12801,6071,3907,3374,5967,4752,3783,3384,4027,3826,3435,3197,3368,3321,3364,3180,-31.3798,-28.6738,8.82136,47.838
90272,5943,4711,3852,3281,9284,6052,3877,3332,6210,4789,3657,3343,3959,3889,3303,3113,-6.31293,-22.3301,8.95848,48.3967
90273,3956,4045,3466,3207,5405,5747,4032,3574,6466,7537,4497,3573,4660,4799,3891,3483,4.30729,-12.9434,8.5878,48.2253
90274,3361,3389,3322,3175,3823,3862,3448,3341,5593,5180,4005,3486,9462,8489,4447,3514,27.8211,-16.6279,8.61811,47.9313
90275,3737,4063,4225,3508,4098,5659,5585,4022,4432,6476,6282,4201,3829,4416,4305,3871,2.13815,-0.601383,8.78454,48.4727
90276,3861,5475,10044,6841,3692,4375,5235,4926,3271,3568,3794,3674,3146,3324,3341,3373,-29.1136,9.58128,8.93086,47.96
90277,3130,3223,3468,3518,3282,3599,3939,4338,3429,3955,5319,7880,3373,3954,6109,9699,18.3,23.2158,8.56118,48.1433
90278,4067,5060,5190,4202,4303,6699,6992,4479,3820,4512,4710,3742,3473,3589,3617,3390,-8.82706,0.446105,8.50579,47.8967
90279,3407,3902,6008,12719,3377,3721,4917,6194,3316,3411,3831,3893,3124,3170,3368,3404,-28.269,29.5227,8.54775,47.8413
90280,3143,3240,3457,3389,3299,3453,3709,4016,3326,3833,4683,6188,3362,3957,6071,12655,28.9986,29.8722,8.69369,47.854
90281,7594,8397,4608,3682,5683,5992,4338,3638,3945,3893,3703,3299,3443,3480,3274,3139,-20.7938,-13.6074,8.53288,48.072
90282,3113,3210,3443,3331,3219,3500,3758,3954,3282,3807,4916,6869,3410,4077,5710,11670,22.7495,29.2258,8.81929,47.5127
90283,3153,3195,3452,3503,3309,3567,4199,4271,3424,4111,5812,7156,3599,4085,6805,8585,17.9078,18.8306,8.73448,48.1507
90284,3478,3464,3403,3423,3807,4225,4006,3583,4721,7207,5825,3999,4805,6730,5862,4022,14.3315,-3.2413,8.92769,48.3733
90285,3420,3441,3369,3197,4043,4185,3737,3491,5490,6893,4785,3704,5970,7762,5228,3920,16.9686,-8.8264,8.57359,48.4233
90286,3509,3427,3183,3104,4140,3854,3519,3278,7297,5088,3869,3270,11008,6056,4110,3458,20.8334,-25.7775,8.57022,48.1133
90287,3495,3639,3177,3110,4762,4102,3504,3361,9178,5212,3823,3351,8891,5321,3862,3338,14.5986,-29.1899,8.90003,48.084
90288,3341,3578,3962,3841,3418,4136,5888,4947,3607,4650,7944,5920,3540,4041,4915,4660,4.93188,10.6986,8.9333,48.2587
90289,3349,3894,6541,12153,3411,3849,4823,5916,3256,3517,3928,3969,3072,3297,3323,3395,-33.4885,24.4152,8.84538,47.7953
90290,10631,7260,4301,3401,6183,5158,3947,3400,3987,3831,3440,3329,3264,3311,3179,3111,-24.2224,-20.1481,8.60629,47.822
90291,3314,3730,4983,6314,3447,3951,5914,9122,3294,3672,4464,5653,3140,3460,3685,3993,-8.5264,22.0945,8.60509,48.0907
90292,3175,3356,3502,3491,3378,3759,4227,3992,3559,4493,6877,5880,3697,4733,7547,6500,16.4614,11.6936,8.7597,48.1107
90293,3502,4146,6045,7036,3482,4222,6600,7717,3274,3623,4426,4529,3175,3313,3634,3617,-13.093,17.448,8.86143,48.2273
90294,4339,4033,3483,3227,7073,4646,3630,3317,9190,5232,3738,3314,5335,4349,3580,3308,3.21916,-29.2109,8.5294,47.8627
90295,4320,4709,3969,3508,5219,7563,4940,3803,4792,6190,4472,3561,3865,4020,3713,3445,-2.99314,-8.20821,8.63433,48.0593
90296,3091,3310,3478,3472,3232,3402,3938,4079,3385,4076,5581,6573,3480,4396,7266,9168,20.1468,18.158,8.75804,47.9513
90297,10057,7987,4410,3505,5625,5080,3930,3463,3939,3829,3452,3222,3444,3424,3252,3068,-26.5674,-17.9545,8.70646,47.7913
90298,7081,9368,5333,3840,5185,5523,4363,3646,3734,3923,3661,3347,3349,3340,3281,3108,-24.2196,-10.2812,8.67275,48.0547
90299,11292,7268,4158,3384,5930,4951,3844,3455,3848,3889,3414,3235,3347,3360,3208,3194,-29.9293,-20.5936,8.56353,47.8513
90300,3697,3600,3292,3168,5097,4200,3629,3235,9649,5398,3779,3389,7993,5278,3819,3319,12.5043,-26.0131,8.9896,48.3613
90301,3343,3876,6420,12091,3362,3809,4901,6424,3226,3391,3763,3954,3025,3184,3418,3360,-26.123,25.357,8.85443,47.698
90302,3508,3808,5625,9989,3345,3778,4904,8298,3242,3494,3940,4413,3203,3238,3462,3429,-17.1913,30.2701,8.95219,47.784
90303,3219,3570,4356,5223,3364,3870,5694,8702,3326,3735,5043,7017,3197,3544,3949,4493,-2.88262,22.7484,8.74058,48.2013
90304,4290,3969,3482,3238,6860,4760,3727,3337,9139,5233,3875,3421,5415,4451,3631,3299,4.06427,-26.08,8.57463,48.0847
90305,3390,3741,4442,5239,3322,3930,5835,8322,3420,3709,5073,6807,3267,3512,4076,4323,-3.06709,21.2258,8.54592,48.272
90306,3315,3422,4212,4447,3426,3936,5866,6683,3482,3987,6140,7108,3236,3697,4419,4770,1.0344,17.3485,8.88367,48.0973
90307,10992,7546,4220,3434,6007,5073,3895,3355,3901,3850,3494,3333,3403,3409,3182,3002,-27.6797,-19.8094,8.94421,48.064
90308,3779,5141,7623,5703,3729,4790,7286,5394,3402,3730,4237,4020,3157,3441,3489,3435,-15.9724,8.66597,8.94854,48.2373
90309,4009,5079,5540,4361,4182,6097,7643,4692,3734,4379,4721,3837,3485,3685,3643,3488,-9.64835,2.79324,8.97779,48.3833
90310,3151,3232,3396,3380,3257,3604,3892,3894,3702,4486,6384,5224,3863,5083,9007,6679,20.3,9.86784,8.97882,48.156
90311,4153,3774,3426,3082,6027,4622,3646,3281,9279,5741,3919,3431,6008,4645,3856,3320,7.06822,-23.0962,8.58535,48.14
90312,3101,3314,3392,3405,3377,3589,3911,3663,3873,4663,5917,4839,4004,6083,9189,5906,21.6028,6.81562,8.95894,48.1507
90313,9014,6620,4079,3439,7364,5703,4048,3496,4428,4097,3596,3191,3456,3435,3291,3060,-18.0973,-20.2254,8.72566,48.2113
90314,7280,9861,5179,3660,4896,5264,4351,3566,3713,3866,3682,3358,3402,3550,3323,3228,-32.4184,-10.6117,8.86494,48.1193
90315,3189,3802,4777,5613,3429,4017,6088,8673,3398,3753,4778,6106,3140,3422,3766,4105,-5.85275,20.6207,8.92873,48.0373
90316,10710,5583,3915,3364,7812,4886,3773,3430,4213,3950,3477,3373,3438,3461,3377,3169,-19.342,-31.8746,8.66824,47.954
90317,3253,3363,3228,3257,3732,3994,3857,3477,4660,6131,5013,3960,5363,8772,6184,4162,20.6236,-4.71342,8.8635,48.2707
90318,3425,4270,7081,8920,3428,4153,5821,6863,3261,3473,4003,4199,3044,3249,3539,3506,-18.9856,18.3581,8.55572,48.1567
90319,3157,3495,3937,4378,3376,3807,4939,6736,3325,3927,5691,8705,3292,3676,4502,5254,3.59385,22.2147,8.58338,48.1313
90320,3037,3252,3436,3310,3211,3500,3936,3915,3559,4071,5242,5579,3597,4623,8594,9137,25.7061,15.7832,8.5343,47.9993
90321,3304,3938,5081,5408,3514,4245,7075,7348,3372,3782,5171,5263,3227,3517,3952,3865,-6.88038,15.9195,8.5532,48.0413
90322,5980,9574,6007,4092,4738,5768,4663,3787,3762,3815,3611,3455,3287,3443,3197,3154,-23.1206,-6.6714,8.88564,48.222
90323,3463,4425,8330,10254,3525,3967,4987,5644,3292,3424,3851,3953,3147,3175,3339,3386,-30.5849,17.8299,8.89332,48.108
90324,4323,6343,7061,4744,4206,5906,6295,4570,3612,4065,4064,3714,3346,3387,3462,3376,-16.483,1.89364,8.56933,48.316
90325,6187,4823,3737,3287,9401,5656,3749,3461,5922,4610,3755,3191,4012,3820,3450,3100,-7.54629,-23.7848,8.65463,48.1073
90326,4165,5536,6017,4477,4261,6262,7223,4545,3796,4276,4437,3902,3443,3534,3599,3423,-12.258,1.918,8.79044,48.5973
90327,3190,3226,3316,3479,3139,3496,3892,3889,3537,3806,5034,5747,3500,4189,7972,10603,31.0908,18.7396,8.80193,48.01
90328,5299,4365,3614,3298,8618,5409,3732,3387,7298,4895,3734,3390,4478,4020,3563,3240,-2.36989,-24.6172,8.62456,48.2267
90329,5095,5125,4021,3454,6857,7707,4511,3598,5013,5199,3816,3434,3735,3884,3538,3182,-6.83584,-13.4956,8.74902,48.1127
90330,5931,9797,6416,4132,4511,5198,4578,3831,3701,3726,3648,3410,3339,3372,3340,3188,-28.4766,-5.90263,8.60535,48.0787
90331,3865,3781,3393,3092,4949,4810,3807,3363,7668,7128,4204,3401,5827,5531,3959,3486,9.53011,-16.1993,8.75133,48.176
90332,3125,3324,3370,3415,3284,3580,3989,3887,3533,4111,5858,5471,3667,4931,9004,7668,22.5227,12.4644,8.94219,48.1447
90333,3906,5518,9455,6485,3714,4569,5934,4954,3331,3542,3906,3769,3212,3237,3405,3318,-22.6654,9.06056,8.94174,48.17
90334,3794,3771,3779,3528,4189,5446,4955,3809,4472,7181,6103,4132,4071,4528,4460,3769,4.24485,-2.53234,8.7173,47.9913
90335,5088,4356,3509,3182,8999,4914,3838,3289,7464,4792,3771,3358,4434,4053,3620,3294,-2.41624,-32.6689,8.88801,47.974
90336,4109,3820,3546,3308,5646,5462,3942,3401,7069,7174,4252,3465,5031,4785,3904,3348,4.54902,-15.4636,8.87275,48.1747
90337,3195,3453,3971,4182,3284,3592,4590,6633,3363,3673,5197,9940,3241,3681,4587,5679,5.44401,28.537,8.8356,48.174
90338,4641,7052,6256,4451,4361,6508,5793,4135,3646,4015,4006,3625,3257,3459,3489,3266,-16.7835,-1.84792,8.56637,47.9733
90339,3369,3876,5104,5859,3450,4012,6625,8122,3290,3845,4898,5426,3256,3461,3887,4022,-7.26728,18.5673,8.64088,48.3347
90340,3307,3688,4084,3910,3447,4192,6236,5114,3645,4670,7391,5820,3446,3931,4838,4407,3.0319,10.7935,8.51162,48.084
90341,4327,6995,8527,5148,4005,5167,5658,4457,3548,3747,3868,3649,3189,3326,3405,3186,-22.5242,2.83374,8.77954,48.1347
90342,4753,4187,3634,3314,7951,5331,3876,3305,7775,5097,3812,3368,4736,4199,3691,3288,-0.143719,-22.7474,8.7093,48.2113
90343,8216,5109,3842,3363,9370,5130,3862,3392,4944,4162,3532,3306,3674,3512,3307,3172,-12.642,-33.0088,8.833,47.9287
90344,3598,3428,3431,3115,4746,4204,3531,3274,8571,5887,3943,3317,8188,5684,4005,3382,14.2962,-21.695,8.90977,48.2027
90345,3414,3851,5661,10355,3370,3834,5064,8033,3241,3547,3965,4321,3117,3223,3471,3381,-18.4061,29.8033,8.80996,47.8987
90346,3408,3577,3729,3581,3647,4530,4789,4017,4122,6245,7413,4710,3930,4811,5384,4247,8.89535,2.64451,8.62289,48.0933
90347,3083,3317,3560,3621,3361,3645,4338,4600,3566,4175,6683,7415,3496,4172,6154,6936,13.5706,16.7938,8.78902,48.0813
90348,3183,3442,3617,3473,3397,3672,4420,4248,3758,4597,7287,5771,3699,4736,7022,5962,14.7636,10.532,8.51093,48.1893
90349,3251,3550,4045,3986,3278,3827,5426,5572,3555,4165,6976,7393,3464,3858,4832,5273,5.65961,16.3027,8.80568,48.3007
90350,3493,3418,3472,3174,4305,4233,3608,3403,6644,6573,4362,3539,7001,7018,4446,3608,16.3928,-14.9699,8.65195,48.198
90351,6873,9198,5316,3883,5193,5772,4306,3676,3655,3899,3568,3343,3288,3493,3272,3234,-22.5112,-9.85432,8.57234,47.9793
90352,3442,3740,5904,12701,3317,3712,4797,6151,3292,3434,3830,3958,3121,3120,3391,3438,-33.1753,30.8911,8.98677,47.5653
90353,3059,3255,3580,3747,3291,3575,4215,5109,3359,3953,5306,9715,3338,3845,5041,7634,11.951,32.5306,8.95302,48.0147
90354,3303,3894,5389,8364,3361,3767,5201,9362,3287,3576,4281,4914,3034,3349,3439,3618,-13.1942,27.6038,8.98469,48.0927
90355,5107,8839,7723,4545,4341,4988,4802,3987,3499,3683,3747,3567,3448,3325,3365,3258,-32.4451,-1.56402,8.86636,48.1493
90356,4574,5376,4482,3673,5166,8188,5305,3938,4317,4996,4277,3538,3606,3761,3540,3400,-7.88242,-6.77106,8.94669,48.0913
90357,5048,4201,3578,3287,8576,4949,3729,3365,8159,4924,3735,3331,4668,4099,3451,3246,-0.732178,-28.6892,8.63377,48.2307
90358,3307,3390,3301,3225,3438,3817,3834,3688,4100,5046,5282,4277,4551,7732,8379,4913,24.0215,0.986946,8.76287,48.1867
90359,2970,3313,3371,3568,3172,3626,3827,4028,3486,4028,5209,5849,3478,4438,8089,9869,24.7092,17.6617,8.83703,48.214
90360,7087,4930,3739,3379,9735,5265,3743,3416,5369,4242,3734,3394,3768,3708,3379,3171,-10.1338,-32.8386,8.75616,48.0393
90361,3379,3780,5056,7578,3349,3830,5295,9606,3165,3613,4340,5296,3243,3381,3587,3783,-11.4522,27.0101,8.8331,48.1873
90362,4822,4797,3823,3423,6749,7202,4360,3435,5628,5766,4120,3400,4088,4048,3572,3206,-3.78693,-14.234,8.52312,48.2927
90363,4620,4273,3497,3184,7134,5750,3897,3395,7221,5907,4004,3386,4704,4269,3600,3254,-0.122882,-18.6145,8.98563,48.0633
90364,4341,7058,8745,5177,4004,4998,5528,4399,3563,3691,3774,3676,3206,3406,3437,3301,-23.4692,2.7799,8.68406,48.2027
90365,3395,3829,4552,4891,3492,3948,6167,7329,3351,3972,5598,6423,3266,3608,4076,4417,-1.90579,17.8401,8.8676,48.2093
90366,3488,3444,3457,3243,4033,4359,3937,3479,5066,7222,5044,3875,5271,7217,5185,3913,14.8915,-7.16847,8.77631,48.1553
90367,3451,3701,3349,3211,4406,4549,3702,3406,6469,7596,4391,3548,5938,6385,4371,3662,12.3749,-12.6292,8.88541,48.09
90368,3019,3264,3333,3424,3212,3584,3891,4028,3426,3934,4987,6366,3308,4078,6948,11438,25.1438,22.2885,8.51965,48.16
90369,6351,9846,6054,4039,4853,5328,4447,3888,3589,3762,3763,3428,3282,3311,3364,3232,-27.3979,-7.47697,8.58896,48.358
90370,6343,5046,3832,3345,9097,5966,4014,3294,5456,4537,3673,3381,3908,3750,3412,3186,-8.65265,-21.3241,8.89226,48.16
90371,4146,6488,8864,5400,3959,4829,5744,4612,3552,3657,3909,3846,3339,3394,3451,3296,-22.242,4.60617,8.65541,48.324
90372,5647,9453,6821,4221,4472,5239,4598,3898,3621,3815,3684,3515,3361,3348,3383,3339,-31.4262,-4.37665,8.6962,48.2767
90373,3447,3925,6484,12197,3414,3828,4881,6210,3221,3461,3829,3968,3117,3211,3385,3412,-27.6092,25.3122,8.79181,47.9933
90374,3731,4658,4808,4135,4205,6150,7248,4623,3809,4799,5432,4191,3430,3730,3811,3596,-5.66562,2.36005,8.6717,48.2373
90375,4718,7728,7529,4683,4243,5671,5511,4315,3508,3908,3714,3537,3316,3318,3321,3197,-20.7471,-0.0686804,8.93962,48.1447
90376,3581,4581,8591,9357,3408,3974,5198,5534,3317,3510,3844,3760,3127,3263,3271,3396,-28.2321,16.0799,8.58264,47.808
90377,3461,3556,3417,3216,3953,4419,3998,3629,5079,7770,5259,3972,5110,6753,5161,3840,13.7858,-6.20038,8.98268,48.3953
90378,8141,9332,4887,3626,5198,5191,4061,3579,3937,3893,3540,3346,3294,3391,3297,3108,-31.1702,-12.887,8.6331,47.8807
90379,3440,3429,3238,3094,3884,3903,3575,3237,5741,5797,4137,3572,8019,8733,4661,3674,21.7943,-14.0529,8.99614,48.0893
90380,3509,4042,4432,3983,3834,5134,7056,4905,3708,4903,6444,4726,3501,3957,4063,3944,-1.32995,6.38705,8.74496,48.094
90381,4348,4172,3476,3313,7311,5054,3815,3313,8757,5332,3738,3424,5130,4312,3737,3256,2.50584,-23.3333,8.8763,48.3253
90382,3524,3466,3249,3088,4073,3867,3495,3243,6987,4937,3732,3388,11423,5896,3986,3462,21.8766,-28.725,8.57079,47.8773
90383,3436,3482,3649,3362,3646,4198,4534,3847,4234,6482,7110,4512,4163,5492,5701,4448,11.3955,1.31672,8.86962,48.1973
90384,3334,3966,5968,11187,3352,3778,4943,7274,3360,3445,3855,4201,3190,3166,3427,3400,-21.2801,26.8172,8.6131,47.8973
90385,3203,3213,3426,3295,3532,3661,3776,3571,3988,4818,5243,4337,4455,7228,9037,5216,24.6078,2.80755,8.89228,47.9993
90386,6573,8666,5171,3883,5360,6309,4426,3640,3912,3929,3693,3347,3441,3436,3198,3120,-19.8692,-10.1997,8.81725,48.0693
90387,3265,3638,3951,4220,3456,4072,5723,5972,3477,4120,6490,7082,3396,3882,4686,4740,2.79395,16.085,8.63814,48.1133
90388,3449,3954,6985,11561,3393,3807,4718,5982,3282,3517,3918,3978,3162,3245,3421,3358,-28.5046,22.5438,8.50667,47.82
90389,3200,3356,3346,3259,3416,3784,3802,3647,4024,4784,5101,4351,4535,7470,8669,5003,31.1484,1.68726,8.8299,47.8313
90390,3362,4002,6921,12028,3422,3703,4876,5902,3229,3424,3757,3845,3085,3101,3432,3371,-29.417,22.8592,8.86679,47.64
90391,3452,4481,8293,9374,3523,4069,5400,5881,3271,3564,3729,4044,3086,3167,3449,3393,-23.4439,17.2585,8.97222,48.1173
90392,3981,6478,9830,5635,3820,4501,5171,4655,3301,3666,3833,3692,3177,3250,3466,3440,-33.3499,5.66829,8.79158,47.9307
90393,4327,6387,8796,5547,3823,4959,6030,4491,3423,3778,3831,3695,3179,3314,3433,3276,-21.4192,4.84613,8.70811,48.1927
90394,3033,3400,3578,3573,3358,3639,4302,4564,3403,4086,6776,7654,3370,4266,6201,6778,13.2329,16.8311,8.69867,47.9873
90395,3829,4763,6360,5163,3837,5034,7950,5542,3584,3904,4646,4156,3190,3412,3550,3436,-11.7847,8.43963,8.67898,48.2373
90396,3404,3467,3210,3110,3961,3964,3630,3383,5057,6043,4565,3695,6460,9004,5409,3890,21.3177,-9.18883,8.69251,48.168
90397,5340,7848,5714,4074,4994,6891,5021,3900,3932,4163,3833,3555,3418,3425,3326,3201,-17.2927,-5.81064,8.88192,48.4233
90398,6558,10014,5975,4056,4750,5265,4499,3734,3667,3876,3617,3500,3358,3380,3378,3150,-27.9344,-7.7758,8.74816,48.518
90399,3492,3420,3180,3088,4265,4051,3468,3278,7192,5162,3876,3384,10419,6114,3995,3371,20.1498,-23.7278,8.64906,47.8367
90400,3332,3395,3372,3337,3635,3703,3715,3487,4267,5089,4786,4176,4959,8829,7698,4603,31.8973,-1.70357,8.66527,48.2553
90401,3440,4051,5288,5415,3450,4445,7825,7058,3480,3764,5205,4904,3214,3467,3687,3751,-8.31312,14.0522,8.98649,48.296
90402,3349,4017,7010,11589,3265,3932,4720,6026,3279,3477,3830,3900,3161,3165,3386,3468,-27.4784,22.0819,8.6474,47.716
90403,3700,5388,9772,7185,3776,4305,5342,4996,3316,3588,3845,3812,3104,3213,3403,3332,-31.367,10.2841,8.54579,48.0513
90404,3423,4041,5370,5782,3547,4257,7293,7487,3312,3772,4830,4973,3277,3444,3589,3824,-9.4596,15.6388,8.87671,48.1473
90405,3235,3518,3658,3429,3489,4055,4472,4042,3792,5107,7754,5282,3858,4800,6559,5147,12.7995,7.01769,8.61252,48.1313
90406,3591,4464,8412,9717,3531,3964,5276,5606,3183,3473,3808,4002,3129,3240,3415,3406,-26.4397,16.9141,8.77363,48.1447
90407,3342,3794,4958,6930,3385,3779,5312,9774,3304,3557,4342,5490,3228,3369,3652,3864,-9.5399,29.5205,8.50617,48.0533
90408,3323,3411,3373,3265,3749,3859,3779,3521,4393,5741,5289,4114,4914,7931,7122,4453,20.8748,-1.66278,8.5152,48.158
90409,3179,3618,3916,4149,3334,3851,5324,5961,3583,4023,6565,7761,3328,3876,4786,5183,4.5478,17.7608,8.60045,48.2913
90410,6184,4710,3790,3297,9656,5089,3754,3321,6156,4521,3700,3316,4039,3713,3376,3136,-6.52622,-31.3028,8.58855,47.8387
90411,3485,3912,5881,11416,3422,3910,4894,6995,3255,3373,3884,4147,3096,3222,3342,3367,-21.8461,31.2519,8.54186,47.734
90412,7371,9085,5122,3812,5294,5928,4334,3675,3781,3921,3623,3349,3413,3385,3262,3133,-23.1146,-11.5157,8.55636,48.3253
90413,12484,6139,3986,3449,6369,4829,3800,3354,3912,3760,3474,3172,3239,3341,3191,3194,-25.4291,-33.7788,8.98449,47.7953
90414,3246,3404,3473,3193,3644,3945,3941,3690,4126,5699,6154,4372,4497,6922,7195,4700,18.3684,0.805467,8.80889,48.134
90415,3238,3416,3126,3232,3833,3883,3608,3226,5582,5071,3964,3556,9445,8784,4637,3537,29.6228,-16.2477,8.78532,48.092
90416,3604,4705,9096,9039,3465,4163,5154,5494,3296,3452,3671,3879,3077,3258,3415,3338,-28.0002,14.855,8.98396,48.0707
90417,3103,3403,3477,3378,3338,3577,4016,4140,3472,4226,6111,6129,3618,4415,7781,7903,19.164,14.9396,8.5871,48.058
90418,4115,5119,4940,4027,4416,6938,6617,4293,4029,4774,4667,3828,3460,3717,3639,3528,-8.00397,-0.832412,8.55092,48.0713
90419,3456,3472,3457,3453,3553,3987,4223,3896,4022,5592,7010,4657,4141,5728,6810,4758,14.6392,3.74493,8.65934,48.1433
90420,3318,3571,3614,3475,3903,4379,4124,3770,4498,7293,6258,4134,4407,5940,5411,4241,12.0478,-2.32454,8.92559,48.224
90421,3900,4547,4640,3802,4218,6639,6748,4308,4008,5233,5308,4096,3455,3910,3862,3636,-4.55625,0.258621,8.59525,48.2067
90422,3452,3521,3401,3238,4230,4456,3858,3417,5742,7564,4648,3755,5687,7016,4620,3679,13.833,-10.2954,8.69668,48.1893
90423,3604,3667,3421,3238,4494,4601,3869,3347,6781,7605,4484,3601,5842,6144,4219,3506,11.6009,-13.4992,8.87482,48.282
90424,3231,3600,4125,4464,3315,3848,5375,6765,3413,4002,5964,7812,3252,3721,4440,4860,2.3098,19.2406,8.78646,48.1247
90425,4742,6649,5733,4174,4641,6947,5930,4129,3719,4256,4102,3652,3369,3605,3469,3286,-14.3639,-2.32057,8.56512,48.2687
90426,3377,3959,5980,12254,3465,3891,4768,6831,3191,3427,3709,3882,3094,3180,3331,3403,-23.3391,29.4133,8.96227,47.828
90427,3440,3373,3174,3069,3968,3719,3510,3157,6440,4881,3760,3431,12693,6029,4006,3360,25.8262,-29.8423,8.80499,48.0067
90428,3378,3871,5512,9337,3423,3798,5165,8854,3243,3516,4006,4453,3039,3286,3582,3547,-15.8967,29.624,8.94362,48.0067
90429,4437,4498,3934,3485,5743,7274,4535,3601,5242,6384,4364,3488,4110,4192,3728,3386,-1.92831,-11.2566,8.69557,48.2673
90430,3231,3453,3384,3180,3651,3829,3778,3360,4577,5825,4719,3842,5726,9229,6308,4113,22.8261,-5.46081,8.8362,48.1367
90431,5792,4699,3764,3246,9400,5664,3801,3243,6442,4548,3569,3250,4103,3808,3400,3165,-6.16308,-25.0811,8.6866,47.9293
90432,3386,3992,6025,11961,3325,3927,4870,6756,3180,3500,3675,4080,3136,3277,3348,3361,-23.4848,29.4648,8.71285,47.866
90433,3230,3458,4068,4284,3226,3882,5164,6546,3368,3969,5985,8476,3212,3647,4640,5135,3.79404,20.5115,8.7462,48.1933
90434,3300,4055,6075,9365,3392,3891,5623,7963,3233,3483,4081,4496,3148,3204,3470,3484,-17.2927,22.3046,8.9897,48.1753
90435,3764,3752,3348,3137,5010,4511,3476,3311,8955,6148,4017,3373,6941,5392,3864,3331,10.9269,-20.4176,8.99503,48.22
90436,3136,3264,3423,3329,3371,3562,3790,3866,3493,4080,5149,5348,3626,4694,9128,8519,31.3592,14.4578,8.60618,47.852
90437,5870,9550,6300,3966,4751,5231,4684,3900,3665,3928,3766,3364,3209,3351,3354,3198,-33.7632,-6.00056,8.6844,48.058
90438,3562,3985,4540,4228,3642,4930,7391,5231,3583,4635,6659,4863,3381,3778,4226,3870,-1.86946,8.11643,8.90484,48.336
90439,3940,3744,3252,3124,5623,4400,3576,3233,10019,5280,3895,3404,6753,4878,3607,3307,8.79802,-32.753,8.64089,48.0233
90440,3570,3975,4635,4132,3680,4973,7157,4878,3650,4668,6354,4756,3436,4058,4196,3935,-1.61094,6.62605,8.67233,48.0353
90441,3593,4378,6683,6842,3646,4247,6905,6758,3348,3597,4373,4322,3244,3343,3596,3561,-14.6731,14.7772,8.70109,48.2907
90442,3462,4302,6516,6457,3574,4292,7099,6902,3340,3730,4330,4355,3097,3487,3588,3572,-13.3711,14.5207,8.87211,48.0687
90443,3480,3864,4424,4222,3600,4754,7046,5305,3643,4570,6701,5104,3399,3755,4335,4104,-0.85333,9.18585,8.73534,48.204
90444,3971,5411,7967,5493,3949,4928,6821,4953,3466,3835,4046,3941,3088,3419,3534,3257,-17.3693,6.86347,8.50027,48.0527
90445,4319,6633,8483,5096,3962,5180,5933,4453,3432,3741,3989,3728,3251,3352,3470,3369,-20.6831,3.54623,8.69562,48.2607
90446,3408,3868,5777,10762,3548,3679,4960,7606,3292,3524,3935,4303,3067,3227,3400,3517,-19.6345,28.4045,8.61703,47.9153
90447,4603,4188,3558,3226,7496,5536,3827,3450,7762,5696,3858,3387,4670,4238,3555,3244,0.214222,-20.6147,8.84117,48.196
90448,7792,5188,3850,3396,9847,5263,3809,3338,5052,4189,3584,3337,3647,3550,3284,3105,-11.5962,-33.1892,8.93577,48.154
90449,3484,4402,7359,8465,3588,4109,5931,6463,3381,3530,3995,4119,3191,3344,3445,3395,-19.5416,16.9352,8.52614,48.134
90450,8283,7338,4304,3485,6721,5963,4072,3562,4199,4013,3549,3326,3433,3468,3201,3172,-19.0484,-16.9678,8.62159,48.0593
90451,3361,3366,3196,3118,3964,3844,3436,3178,6201,5023,3992,3425,11216,7266,4200,3365,25.8274,-21.006,8.85742,48.1007
90452,4395,5151,4346,3667,5234,7946,5312,3958,4372,5335,4313,3689,3722,3865,3518,3318,-6.31241,-6.76709,8.68943,48.094
90453,3219,3440,4009,4358,3395,3658,4633,7005,3470,3836,5182,9263,3327,3584,4394,5456,4.07624,31.9164,8.77613,48.1527
90454,3585,3565,3351,3184,4399,4135,3636,3278,7679,6119,4061,3531,7768,6481,4138,3455,15.4858,-18.2154,8.94701,48.2433
90455,4252,6506,8222,5125,4068,5298,5996,4557,3464,3724,3951,3624,3168,3313,3254,3339,-20.1949,3.34452,8.72025,47.9073
90456,3364,3406,3246,3131,3869,3876,3512,3213,6407,4882,3686,3372,12417,5973,3959,3417,25.6431,-32.0529,8.56812,47.82
90457,3502,3615,3639,3338,3934,4493,4427,3850,4587,7157,6396,4254,4314,5531,5147,4114,10.4699,-1.56834,8.50314,48.1987
90458,3011,3266,3524,3587,3272,3700,4191,4857,3437,3965,5751,8504,3332,3898,5656,7899,13.686,21.7694,8.57326,47.9
90459,3358,3840,4783,4615,3573,4541,7545,6211,3528,4151,5997,5376,3377,3640,3958,4074,-3.58269,12.2579,8.73898,48.378
90460,8695,7170,4247,3582,6709,5764,4068,3464,4113,4075,3615,3278,3459,3438,3433,3087,-19.1341,-17.984,8.77692,48.1313
90461,3722,3566,3262,3128,4972,4197,3542,3309,9463,5182,3698,3416,8281,5255,3795,3213,12.9952,-30.2766,8.6897,48.0007
90462,3243,3638,4664,6236,3492,3738,5183,10053,3256,3527,4521,6200,3187,3383,3801,4038,-6.8145,29.1611,8.9366,48.1067
90463,3056,3337,3508,3583,3215,3535,4056,4354,3445,3928,5468,7882,3451,4130,6222,9035,16.9251,22.0819,8.78648,48.1367
90464,3900,4394,4322,3757,4524,6792,5861,3997,4275,5921,5342,4025,3786,4095,3970,3656,-2.19588,-2.13844,8.77654,48.4113
90465,7822,9843,5113,3774,5022,5249,4184,3572,3714,3828,3596,3313,3333,3320,3197,3211,-29.6303,-11.5952,8.8942,48.0607
90466,3192,3547,3885,4216,3278,3949,5024,6186,3428,3921,6162,8364,3323,3789,4625,5274,4.35328,19.5371,8.70843,48.1087
90467,3314,4039,5349,6512,3448,4027,6626,8454,3233,3621,4498,5031,3200,3512,3635,3758,-10.4708,18.8525,8.75338,48.1713
90468,5303,9361,6583,4100,4443,5307,4608,4010,3776,3765,3760,3509,3381,3367,3345,3265,-33.4048,-4.38737,8.69543,47.922
90469,3454,3657,3393,3194,4456,4440,3675,3402,6403,7318,4476,3638,6193,6650,4362,3598,13.3807,-13.1634,8.79082,48.206
90470,4030,4042,3508,3274,5892,5304,3941,3436,7568,6882,4231,3470,5224,4756,3823,3386,4.60039,-16.6069,8.7979,48.5113
90471,3201,3440,4065,4166,3347,4015,5562,5840,3533,4153,6978,7044,3449,3865,4773,4911,3.7602,15.6939,8.85152,48.228
90472,3079,3219,3381,3368,3324,3513,3681,4041,3415,3820,4984,6351,3454,4071,6519,11678,25.6781,24.2323,8.55797,47.932
90473,3503,3484,3406,3074,4506,4146,3587,3261,7840,5840,3929,3458,8864,6228,3958,3324,16.1991,-20.691,8.8477,48.272
90474,3327,3440,3265,3179,3791,3826,3544,3331,5083,5323,4150,3610,7673,9758,5174,3724,28.4622,-11.1979,8.67452,48.132
90475,3802,5176,9678,7296,3573,4361,5449,5193,3360,3622,3826,3947,3169,3221,3430,3215,-24.975,11.2946,8.85967,48.212
90476,11368,5997,3857,3474,7052,4984,4004,3364,4041,3862,3485,3237,3445,3440,3237,3123,-21.9515,-26.761,8.58896,47.98
90477,3549,4083,4927,4440,3659,4956,7859,5672,3627,4260,5717,4791,3371,3698,4049,3863,-4.87187,9.31322,8.52523,48.3473
90478,3064,3378,3443,3426,3365,3633,4145,4145,3541,4236,6208,6462,3610,4324,7319,7660,17.4813,15.4003,8.74168,47.9727
90479,4461,4002,3484,3217,7516,4760,3675,3411,8698,5029,3737,3461,5022,4323,3725,3333,2.07295,-32.6471,8.52825,47.9027
90480,3553,4983,9410,8162,3537,4154,5228,5220,3337,3580,3907,3925,3122,3270,3454,3288,-33.8894,13.2245,8.86034,48.0867
90481,3666,3567,3403,3160,4133,4432,3790,3425,5813,7564,4779,3603,5668,6912,4711,3757,13.7012,-10.1045,8.83584,48.2553
90482,3403,3825,4352,4300,3551,4371,6930,5523,3597,4407,6725,5530,3308,3808,4408,4258,-0.345274,11.5964,8.8057,48.1973
90483,3345,3428,3264,3143,3916,3920,3605,3347,5587,5610,4064,3480,8145,8808,4665,3673,23.9428,-13.9163,8.55019,48
90484,4768,8257,8328,4939,4110,4871,4898,4210,3417,3790,3835,3687,3294,3352,3325,3210,-28.9531,0.308716,8.85649,48.194
90485,3388,3778,4620,4498,3582,4457,7476,5953,3578,4299,6112,5273,3381,3771,4141,4167,-2.4435,11.5223,8.82288,48.316
90486,3687,3737,3308,3209,4534,4420,3782,3333,6929,7073,4157,3575,6541,6349,4329,3556,13.0463,-15.1961,8.87012,48.346
90487,4058,3818,3364,3119,6145,4488,3668,3274,9738,5443,3876,3310,6114,4761,3625,3390,7.10385,-28.374,8.56359,48.1273
90488,3922,3808,3578,3325,5315,4998,3830,3311,7833,6857,4140,3382,5546,5106,3886,3402,7.39381,-17.1158,8.93865,48.1593
90489,3183,3366,3327,3151,3457,3705,3781,3615,3888,4739,5417,4524,4214,6950,9200,5509,24.5223,4.29641,8.72424,48.0173
90490,11784,6969,4042,3362,5979,4968,3858,3301,3920,3737,3408,3246,3402,3405,3190,3222,-28.7075,-22.263,8.63699,47.862
90491,5145,8048,6197,4250,4626,6262,5171,4098,3798,3919,3911,3498,3350,3361,3363,3214,-19.1857,-4.02044,8.54549,48.1407
90492,3313,3353,3355,3180,3705,3983,3987,3572,4496,6028,5324,4052,4980,7834,6777,4422,19.4071,-2.29158,8.72587,48.2407
90493,3451,3450,3407,3267,4070,4459,3846,3458,5467,7538,4876,3779,5555,7169,4925,3862,14.7336,-8.73882,8.57751,48.386
90494,3437,4002,5907,12567,3340,3726,4677,5981,3241,3437,3814,3869,3071,3265,3396,3457,-29.9608,31.1603,8.53175,47.458
90495,5192,4387,3726,3373,8588,5750,3894,3404,6717,5104,3728,3355,4296,4015,3583,3235,-3.50434,-21.9275,8.93336,48.2313
90496,3168,3360,3633,3871,3275,3557,4471,5468,3438,3817,5481,10009,3293,3797,4952,6867,9.51442,25.207,8.79796,48.3047
90497,11052,6772,4042,3385,6552,5022,3835,3415,4002,3853,3505,3266,3409,3333,3187,3050,-23.7296,-22.4595,8.78986,47.7867
90498,7958,5472,3848,3303,9253,5705,3912,3561,4906,4059,3514,3333,3611,3656,3270,3060,-12.9815,-23.5913,8.92471,48.2807
90499,4334,4266,3789,3444,5617,6817,4318,3461,5622,6767,4297,3584,4213,4371,3807,3413,-0.133461,-11.7012,8.98828,48.08
90500,5631,9335,6884,4268,4471,4984,4618,3938,3705,3808,3744,3434,3370,3425,3295,3099,-30.9743,-4.39592,8.52805,48.006
90501,3351,3395,3365,3141,3925,3995,3618,3361,4941,5779,4484,3678,6776,9356,5492,3839,22.8275,-9.77923,8.57486,48.3307
90502,3374,3969,5417,6745,3435,4084,6297,8511,3370,3523,4348,5008,3098,3392,3678,3689,-10.9761,19.5621,8.54,47.9587
90503,3956,3679,3470,3180,5698,4439,3681,3301,9360,5666,3779,3376,6666,4959,3736,3326,8.96732,-24.4787,8.56889,48.1813
90504,3636,4390,6097,5336,3572,4681,7967,6228,3399,3892,4714,4528,3164,3446,3841,3604,-10.385,11.3264,8.87915,48.33
90505,7798,9436,4993,3716,5308,5221,4102,3632,3780,3901,3610,3264,3383,3326,3378,3204,-33.6358,-12.595,8.70105,48.0347
90506,4180,5834,7418,4968,3907,5587,6853,4715,3483,3927,4252,3687,3246,3418,3405,3403,-16.4279,3.68584,8.6978,48.1887
90507,3359,3462,3214,3117,4049,3773,3525,3289,6759,5251,3810,3353,10756,6571,4150,3456,21.7308,-22.3,8.57194,47.9293
90508,3141,3445,3937,3980,3348,3805,4828,6072,3434,3904,6041,8886,3335,3720,4609,5572,5.6498,20.8341,8.86456,48.038
90509,3249,3827,5006,7274,3289,3816,5342,9881,3321,3547,4256,5455,3093,3314,3650,3861,-10.2018,26.9226,8.8676,48.1207
90510,4038,6139,9881,5977,3822,4476,5327,4672,3453,3571,3753,3562,3208,3284,3372,3350,-30.1635,6.60189,8.52706,47.9233
90511,4060,4256,3814,3365,5017,6680,4508,3722,5173,7197,4724,3821,4239,4456,3815,3494,1.22298,-8.6129,8.94646,48.2273
90512,4674,6739,6050,4253,4517,6709,6009,4154,3756,4149,4050,3703,3402,3564,3463,3314,-15.2535,-1.6176,8.80047,48.3373
90513,3193,3272,3300,3189,3419,3613,3775,3623,3899,4544,5499,4534,4286,6670,9697,5737,26.5713,5.46544,8.90504,48.1667
90514,3475,3467,3521,3252,4015,4502,3853,3520,5112,7604,5217,3889,5267,6771,4995,3995,13.8113,-6.89002,8.51382,48.3033
90515,3113,3288,3448,3343,3355,3553,3855,3879,3580,4176,5501,5134,3771,5057,9483,8036,26.1799,12.3678,8.72315,48.3813
90516,3652,3941,3804,3588,4313,5713,5031,3756,4547,7445,5690,3934,4068,4740,4413,3779,4.00055,-3.10209,8.77259,48.276
90517,3615,4557,6837,6006,3577,4360,7360,6096,3380,3855,4419,4367,3242,3392,3609,3414,-13.9662,11.9864,8.51644,48.0573
90518,3373,3946,6316,11320,3314,4004,5018,7026,3290,3505,3900,4102,3025,3124,3337,3429,-22.0395,24.6927,8.86127,48.0193
90519,3406,3403,3336,3112,3872,4004,3739,3405,5227,6796,4673,3803,5939,8500,5342,3840,18.729,-8.52933,8.88152,48.2647
90520,3231,3340,3526,3584,3309,3658,4260,4519,3504,3938,6196,7102,3573,4239,6549,7551,15.4726,17.3152,8.57895,48.0527
90521,8849,7194,4229,3441,6761,5668,4090,3499,4223,3949,3565,3418,3509,3494,3156,3098,-19.2877,-18.3717,8.53272,48.0953
90522,3394,3394,3183,2973,4034,3852,3426,3220,6142,4986,3914,3456,11094,7156,4299,3532,24.7469,-20.7901,8.81563,48.0367
90523,3148,3425,3824,3906,3338,3863,4850,5325,3453,4084,6843,7918,3332,3955,5144,5821,7.94145,17.2208,8.56397,48.1527
90524,4070,5941,8051,5309,3897,5009,6677,4950,3472,3876,3948,3821,3263,3364,3487,3341,-18.2749,5.5077,8.53027,48.3173
90525,3807,4067,3949,3710,4341,6357,5457,3938,4421,6706,5471,4040,3926,4283,4169,3636,0.80693,-3.00395,8.83196,48.1853
90526,7469,5018,3752,3453,9822,5216,3975,3413,5247,4180,3532,3184,3745,3594,3253,3172,-11.1667,-30.7325,8.75676,48.0167
90527,3114,3213,3299,3524,3186,3403,3912,3963,3336,3854,5035,6649,3477,3968,6565,11387,23.6222,23.0682,8.76854,47.9233
90528,4062,5875,9895,6252,3734,4499,5423,4754,3341,3696,3851,3662,3170,3206,3439,3368,-25.7273,7.11952,8.97445,48.1513
90529,11668,6246,4002,3394,6924,5052,3786,3330,4026,3766,3429,3217,3428,3301,3218,3132,-22.6521,-25.917,8.71403,47.946
90530,10742,7015,4167,3418,6587,5190,3874,3421,4070,3862,3530,3197,3437,3318,3240,3068,-22.9454,-21.025,8.86955,48.0907
90531,3323,3949,5624,9525,3460,3885,5237,8421,3303,3620,4080,4491,3096,3310,3376,3637,-16.2371,27.2245,8.71742,48.2247
90532,7369,9668,5274,3756,4980,5313,4260,3602,3735,3973,3547,3424,3333,3458,3309,3188,-28.9547,-10.5251,8.81948,48.126
90533,3450,4079,6290,8206,3409,4129,5986,7965,3275,3403,4102,4473,3074,3258,3500,3442,-15.6989,19.5983,8.89076,48.0273
90534,3533,3606,3375,3199,4663,4469,3764,3411,7617,6974,4101,3463,6494,5886,4126,3434,11.9095,-16.4889,8.80641,48.0767
90535,3374,3722,5133,7241,3403,3884,5163,9737,3159,3599,4256,5182,3219,3321,3592,3705,-11.1131,33.6159,8.75391,47.7933
90536,5194,4517,3735,3441,8019,6162,3881,3463,6363,5182,3871,3412,4357,4092,3605,3357,-3.45208,-19.5826,8.61232,48.434
90537,3147,3108,3255,3466,3346,3490,3748,4006,3388,3737,4825,6303,3411,3957,6123,12176,25.2065,33.9775,8.98895,47.6573
90538,5667,7559,5172,3751,5417,7105,4762,3738,3940,4395,3783,3415,3416,3540,3279,3237,-16.2223,-8.78528,8.53946,48.1173
90539,3445,3450,3409,3150,3967,4147,3820,3559,4930,7031,4885,3803,5429,7710,5520,3930,17.0096,-6.79786,8.846,48.1233
90540,3417,3886,6185,12367,3421,3804,4839,6472,3211,3301,3685,3940,3101,3266,3378,3444,-25.5908,27.7645,8.67354,47.8113
90541,7783,5087,3750,3337,9776,5080,3863,3414,5101,4259,3570,3222,3749,3655,3327,3115,-11.7899,-30.962,8.77726,48.0587
90542,3241,3554,4228,4509,3323,3787,5241,7724,3338,3792,5287,8119,3268,3651,4241,4778,0.671839,23.5905,8.64656,48.054
90543,6141,5775,4063,3417,7683,6869,4216,3518,4779,4473,3719,3322,3774,3691,3376,3197,-10.9162,-16.7284,8.61961,48.0087
90544,5233,8304,6583,4240,4554,5874,5101,4028,3655,3925,3851,3554,3366,3412,3418,3235,-20.5244,-3.72182,8.79287,48.222
90545,3751,3620,3252,3172,5056,4174,3556,3230,9588,5207,3922,3275,8022,5119,3826,3299,12.3356,-31.0117,8.67046,48.046
90546,3514,3466,3201,3075,4124,3589,3478,3229,6845,4959,3851,3401,11660,6033,3867,3313,22.2816,-27.0337,8.89696,47.7367
90547,6621,7066,4648,3526,6463,6968,4352,3549,4315,4321,3773,3277,3477,3629,3385,3215,-15.1522,-13.519,8.51875,48.39
90548,4904,4618,3815,3480,7001,7058,4274,3537,5719,5551,3975,3354,4165,3963,3559,3287,-3.72494,-15.3349,8.84765,48.1733
90549,3182,3670,4086,4143,3462,4076,6003,5720,3516,4296,7043,6608,3381,3730,4524,4574,2.4182,14.0492,8.73346,48.0093
90550,8373,6280,4069,3374,7815,5902,4026,3437,4546,4102,3605,3280,3509,3531,3276,3030,-15.9526,-20.4118,8.51147,48.1033
90551,3317,3387,3505,3342,3654,3983,4172,3781,4252,5840,6687,4537,4333,6182,6823,4628,15.6988,2.19914,8.68311,48.282
90552,3465,3833,5497,7911,3377,3962,5640,9079,3351,3728,4206,4931,3021,3349,3621,3652,-12.8736,24.0126,8.63477,48.4153
90553,3455,3376,3159,3060,4075,3854,3564,3248,6271,5605,3997,3555,9711,7586,4335,3550,22.0939,-18.4117,8.86983,48.2673
90554,3294,3786,4281,4508,3353,4191,6250,6836,3458,4010,6223,6455,3277,3625,4248,4420,-0.665771,16.0052,8.72965,48.1433
90555,3922,3671,3400,3188,5771,4478,3647,3328,10016,5250,3776,3422,6737,4859,3669,3358,8.39309,-31.8251,8.63309,48.328
90556,5401,9232,6948,4192,4557,5304,4647,3930,3702,3803,3697,3517,3215,3321,3347,3270,-26.8072,-4.14797,8.56477,48.0553
90557,3367,3299,3277,3117,4019,3851,3401,3224,6534,4817,3896,3360,12200,5922,3992,3433,23.9969,-32.8589,8.83426,47.806
90558,3109,3163,3298,3428,3229,3339,3847,3843,3371,3763,4783,6144,3414,3948,6103,12546,26.5366,33.1524,8.94017,47.552
90559,4212,4096,3602,3278,5831,5755,3935,3478,6981,6947,4191,3505,4809,4732,3749,3373,3.00666,-15.4087,8.95437,48.316
90560,6623,4865,3861,3239,10075,5237,3782,3410,5685,4298,3666,3179,3834,3700,3369,3208,-8.85765,-30.0841,8.96521,48.0207
90561,3375,3869,5997,12513,3315,3733,4590,6161,3308,3475,3796,3960,3170,3246,3245,3325,-28.4884,29.8335,8.74909,47.3853
90562,3219,3550,3527,3561,3703,4001,4659,3879,3925,5568,7697,4975,3854,5039,6153,4802,12.0051,5.33675,8.7898,48.0747
90563,3603,3855,3936,3676,4094,5457,5678,4103,4126,6570,6450,4246,3714,4366,4471,3963,2.94081,0.454282,8.8975,48.2053
90564,3406,3356,3340,3147,3883,4056,3657,3459,5386,6406,4507,3599,6871,8516,5023,3727,19.355,-11.133,8.79982,48.226
90565,3458,3397,3205,3070,4076,3967,3473,3347,6566,5155,4005,3398,10549,7105,4061,3377,22.5909,-20.9805,8.79735,48.1393
90566,3348,4064,5952,12311,3446,3730,4711,6403,3185,3335,3797,3880,3127,3278,3337,3361,-26.4198,31.998,8.91959,47.51
90567,3418,3847,6071,10152,3339,3825,5291,7922,3341,3479,3969,4380,3005,3303,3441,3485,-17.9143,24.3131,8.87322,48.1787
90568,3138,3419,3404,3341,3552,3604,3771,3653,3860,4620,5254,4560,4189,6708,9336,5468,29.2367,4.75066,8.51415,47.918
90569,4110,5187,5350,4171,4389,6881,6950,4436,3929,4501,4644,3895,3470,3636,3543,3528,-9.19699,0.347164,8.68995,48.4133
90570,3484,4011,6497,8555,3438,3954,5844,7435,3266,3537,4079,4379,3043,3229,3553,3589,-17.1798,19.6199,8.55311,47.9287
90571,3397,4590,8434,9335,3468,3998,5255,5613,3240,3557,3896,3973,3003,3364,3486,3418,-25.3666,16.055,8.70643,48.018
90572,7740,6202,4082,3372,7732,6387,4050,3487,4509,4272,3641,3300,3612,3426,3304,3181,-14.8677,-18.3334,8.72164,48.198
90573,3414,3453,3285,3200,3883,3957,3655,3393,5062,6398,4616,3708,5946,8571,5530,3957,19.8556,-7.8389,8.53372,48.0187
90574,3364,4129,6547,9975,3357,3916,5427,7350,3282,3574,4028,4234,3151,3247,3340,3380,-19.4457,21.2407,8.89805,48.2007
90575,3163,3437,4023,4399,3304,3715,4972,6783,3358,3927,5712,8701,3321,3603,4460,5448,3.44995,22.8031,8.54369,48.2173
90576,3486,3466,3198,3075,4192,3946,3505,3180,7087,5317,4012,3449,10172,6564,3960,3375,19.5534,-22.3217,8.72987,47.9893
90577,7884,5047,3727,3332,9775,5248,3796,3314,5143,4295,3610,3293,3676,3583,3384,3109,-11.8176,-29.5017,8.69962,48.144
90578,4289,7120,9369,5314,4021,4727,5105,4419,3486,3668,3728,3567,3205,3272,3391,3373,-31.0252,3.3726,8.87637,48.036
90579,3153,3351,3524,3525,3387,3560,4317,4388,3452,4082,6528,7067,3403,4277,6771,7171,15.6458,15.6352,8.53899,47.9707
90580,6360,8874,5455,3911,5063,6274,4554,3668,3885,4088,3594,3317,3383,3302,3352,3102,-20.4497,-8.89054,8.87717,48.1213
90581,3309,3924,6130,12683,3259,3758,4787,5923,3227,3439,3823,3937,3126,3130,3419,3322,-31.9381,27.6757,8.97093,47.464
90582,9291,6225,4009,3441,7763,5573,3927,3325,4341,4034,3528,3161,3489,3416,3326,3029,-17.6016,-21.9135,8.854,47.9187
90583,3912,4640,4868,4075,4162,6334,7274,4551,3854,4984,5174,4057,3568,3822,3913,3561,-5.5064,1.76994,8.58994,48.4993
90584,3163,3386,3504,3427,3495,3720,4419,4103,3625,4692,7345,5762,3697,4900,7406,6046,15.2819,10.6743,8.86533,48.46
90585,12713,6011,3978,3474,5994,4676,3718,3366,3779,3802,3508,3110,3438,3427,3195,3032,-29.4389,-32.3153,8.84426,47.4807
90586,3238,3781,5002,7454,3294,3867,5326,9773,3263,3616,4248,5335,3303,3232,3719,3715,-11.0102,29.1201,8.73546,48.1107
90587,8019,5846,3952,3397,8344,5758,3879,3354,4769,4115,3542,3283,3677,3611,3335,3115,-14.299,-21.315,8.94343,47.9973
90588,7722,6704,4261,3517,7028,6219,4154,3575,4320,4262,3591,3338,3578,3493,3359,3087,-16.4255,-16.9988,8.78758,48.1387
90589,3742,3505,3249,3099,4821,4141,3598,3281,8973,5615,3826,3385,8190,5538,3859,3409,13.7932,-23.3065,8.998,48.154
90590,9688,5568,3928,3300,8472,5180,3811,3427,4411,4000,3500,3192,3483,3433,3217,3145,-16.6198,-30.9611,8.85525,47.8367
90591,6042,9793,6231,4109,4704,5424,4495,3850,3692,3852,3593,3476,3350,3247,3300,3197,-27.104,-6.64765,8.51395,48.2367
90592,12466,6138,3936,3464,6071,4825,3793,3395,3858,3748,3367,3247,3298,3356,3168,3238,-26.7099,-33.7055,8.70445,47.5787
90593,3100,3233,3449,3480,3354,3588,3955,3811,3499,3960,5156,5548,3510,4487,8663,9360,32.4699,16.1358,8.82692,48.102
90594,3155,3341,3575,3643,3300,3542,4297,5146,3456,3857,5641,9039,3395,3911,5355,7389,11.8678,23.0618,8.57717,48.028
90595,8863,7389,4498,3539,6589,5692,4006,3445,4234,4013,3499,3167,3504,3404,3273,3190,-19.8414,-17.7209,8.70805,48.2033
90596,3409,3958,5756,10817,3342,3860,5057,7756,3181,3523,3859,4164,3022,3252,3396,3456,-19.5068,27.3761,8.84736,47.872
90597,3535,3454,3207,3139,4424,3989,3488,3209,7670,5531,4044,3380,9536,6364,3998,3406,17.7304,-21.3205,8.74547,48.2493
90598,5443,4332,3745,3463,9329,5087,3763,3374,6970,4759,3708,3368,4278,3910,3357,3193,-3.66483,-31.4064,8.67266,48.0527
90599,3389,3572,3829,3417,3744,4453,4874,4116,4048,6117,7516,4648,3989,5049,5440,4441,9.13837,3.03985,8.60967,48.428
90600,3587,3850,3535,3349,4343,5019,4138,3402,5326,8215,5200,3742,4749,5826,4469,3600,9.09046,-7.96367,8.73998,48.2333
90601,3741,4101,4116,3707,4304,6235,5739,3977,4263,6401,5779,4126,3808,4244,4173,3703,0.747508,-1.61872,8.87641,48.278
90602,3124,3372,3347,3255,3537,3726,3669,3605,3981,4660,4919,4281,4456,7862,9154,5163,29.4455,2.11306,8.97315,48.074
90603,3492,3617,3233,3097,4422,3927,3512,3209,7937,5183,3866,3469,10068,5934,3792,3332,18.5161,-26.2476,8.55888,48.06
90604,3767,3581,3435,3127,4673,4519,3787,3330,7372,7126,4283,3483,6259,5813,4101,3514,11.4049,-15.9042,8.77709,48.1133
90605,11082,5830,3998,3337,7180,4911,3873,3461,4215,3834,3390,3235,3449,3490,3242,3080,-20.9637,-29.1211,8.53222,47.738
90606,3861,3753,3433,3239,5623,4384,3565,3362,9835,5363,3749,3201,6881,4935,3573,3368,8.99504,-26.8924,8.78177,48.0833
90607,3916,3564,3385,3148,5273,4375,3657,3374,8785,6085,4056,3308,6796,5214,3951,3331,10.7721,-21.3743,8.51,48.1453
90608,3297,3378,3316,3263,3526,3753,3800,3668,3939,5141,5872,4621,4270,6798,8598,5168,21.4074,3.33822,8.90289,48.272
90609,3456,3641,3512,3338,3936,4586,4319,3640,4675,7388,6136,4159,4510,5985,5118,3978,11.5323,-3.02611,8.64477,48.2513
90610,4359,3874,3402,3111,6752,4658,3730,3348,9663,5124,3773,3316,5616,4467,3673,3347,4.59353,-30.3702,8.88606,48.142
90611,3182,3377,3306,3257,3631,3735,3976,3565,4169,5337,5688,4393,4507,7072,8058,4978,20.7141,1.63138,8.55182,48.154
90612,5391,4505,3622,3412,8770,5585,3881,3393,6793,4879,3800,3375,4284,3941,3494,3127,-3.72802,-22.9201,8.80168,48.168
90613,3249,3397,3453,3334,3459,3716,4066,3906,3731,4811,6545,5034,3934,5417,8377,5868,18.4812,7.92619,8.57902,48.198
90614,4253,4448,3864,3404,5621,6919,4470,3568,5399,6576,4320,3643,4245,4169,3805,3468,-0.873559,-10.8047,8.58946,48.1147
90615,3167,3296,3373,3403,3232,3519,3727,3934,3377,3747,4703,6012,3420,3853,6086,12671,30.7482,29.0436,8.57311,47.68
90616,6041,9981,6129,3999,4718,5275,4428,3847,3618,3764,3653,3352,3313,3388,3247,3237,-32.2276,-7.25218,8.80286,47.9933
90617,3323,3767,5860,12569,3426,3693,4682,5841,3350,3442,3705,3857,3069,3267,3535,3371,-31.6078,31.4327,8.84058,47.1713
90618,3550,3624,3367,3160,4332,4234,3655,3390,6880,7135,4275,3660,6527,6275,4346,3540,13.6187,-14.766,8.8402,47.9667
90619,3364,3416,3271,3130,4121,3844,3412,3329,6991,5138,3752,3436,11373,6161,4021,3292,22.0384,-26.5574,8.56007,48.034
90620,10480,5744,3970,3381,7766,4918,3865,3413,4407,3993,3513,3234,3454,3475,3246,3100,-19.2852,-28.2341,8.54397,47.9727
90621,12419,5862,3718,3365,5939,4706,3741,3372,3981,3806,3397,3216,3375,3394,3175,3169,-33.9262,-31.3446,8.79642,47.09
90622,4775,8381,8078,4601,4185,4988,4932,4057,3497,3678,3726,3555,3198,3351,3371,3233,-30.2069,-0.492772,8.62888,47.7373
90623,9530,8301,4535,3499,5707,5329,3975,3474,3992,3842,3440,3233,3369,3365,3202,2993,-25.0177,-17.0642,8.68727,47.8573
90624,5221,4326,3525,3226,8771,5223,3738,3288,7454,4753,3684,3464,4446,4080,3565,3259,-2.32878,-29.9552,8.57535,48.0153
90625,3454,4109,4810,4578,3688,4726,7787,5747,3504,4261,6030,5023,3250,3554,3980,4005,-4.00057,10.3803,8.63694,48.3373
90626,4098,3804,3425,3143,5613,4775,3689,3283,8603,6414,3983,3427,5727,4838,3804,3297,6.70583,-19.8593,8.60951,47.9487
90627,3136,3208,3410,3472,3255,3401,3853,3998,3455,3712,4760,6284,3373,3837,5924,12508,26.4539,29.8944,8.94591,47.724
90628,3414,4019,6643,8670,3481,3909,5632,7543,3231,3616,4057,4373,3089,3278,3627,3556,-17.3216,19.5121,8.90773,48.092
90629,6394,8571,5270,3843,5335,6353,4579,3588,3920,3985,3680,3299,3470,3489,3256,3103,-20.2923,-9.5635,8.50858,48.09
90630,3506,3495,3372,3109,4344,3938,3404,3240,8111,4970,3887,3387,10103,5661,3872,3550,17.5784,-31.2654,8.76119,47.966
90631,8905,5576,3764,3364,8742,5314,3765,3327,4780,4073,3580,3239,3565,3654,3387,3093,-14.833,-25.1521,8.87575,48.0853
90632,3659,4639,8982,8903,3479,3940,5209,5504,3314,3476,3840,3841,3091,3288,3375,3464,-31.5004,14.8493,8.71697,48.0027
90633,3091,3330,3325,3456,3242,3485,3885,3923,3485,4081,5081,5468,3497,4634,8733,9003,31.4285,15.5933,8.62427,47.8127
90634,7706,9675,5066,3631,5079,5194,4165,3641,3749,3804,3601,3303,3362,3391,3251,3126,-32.2363,-12.0459,8.82787,47.8293
90635,12335,6038,3861,3394,6412,4789,3682,3381,3988,3742,3386,3309,3270,3450,3201,3096,-26.2969,-29.5705,8.54438,47.556
90636,4005,3840,3466,3222,5160,5040,3813,3375,7395,7274,4201,3589,5416,5275,3992,3422,7.62065,-15.1927,8.91591,48.3233
90637,6275,8044,4737,3770,5625,6869,4482,3731,3997,4125,3803,3405,3361,3471,3295,3127,-17.2106,-10.5169,8.74391,48.078
90638,3385,3693,3830,3573,3647,4442,5243,4225,4019,5893,7897,4694,3852,4552,5095,4185,6.74497,3.83213,8.94997,48.15
90639,3204,3365,3443,3366,3403,3669,3746,3600,3765,4469,5330,4685,3991,6078,9951,6234,32.0332,7.25453,8.65407,48.1993
90640,3750,4248,4719,4185,3934,5443,7390,4847,3700,4791,6043,4368,3516,3749,3933,3775,-3.04346,5.20857,8.82412,48.2607
90641,3080,3427,3692,3838,3210,3601,4234,5085,3409,3829,5825,9129,3372,3894,5163,7140,11.1187,22.0986,8.67202,47.952
90642,4487,7337,7636,4684,4182,5535,5848,4257,3626,3992,3886,3633,3206,3357,3529,3287,-19.9538,0.565534,8.92471,48.3213
90643,3341,3685,4779,6870,3360,3826,5113,9836,3283,3584,4491,5797,3121,3385,3627,3960,-8.82405,27.8732,8.68979,48.0387
90644,3232,3273,3412,3206,3578,3694,3661,3601,3978,4941,5249,4236,4501,7530,8913,5182,26.2511,2.18976,8.92313,48.1247
90645,3708,3491,3226,3143,4488,4340,3644,3416,7479,6866,4236,3508,6887,6473,4196,3325,13.7428,-16.2927,8.85926,48.284
90646,5618,5382,4027,3328,7383,7250,4202,3547,5039,4958,3799,3378,3842,3957,3474,3250,-8.23142,-15.8225,8.73861,48.2893
90647,3315,3426,3416,3289,3643,3966,4109,3780,4214,6000,6452,4500,4416,6289,6930,4657,16.121,1.41993,8.88455,48.268
90648,7045,10000,5420,3926,4985,5306,4231,3548,3829,3818,3501,3376,3328,3333,3182,3140,-27.206,-9.98161,8.93126,47.9787
90649,11761,6242,3945,3401,6809,4753,3721,3355,4222,3859,3478,3117,3486,3413,3131,3149,-23.3751,-25.9836,8.69903,47.8947
90650,3231,3476,3926,4174,3333,3744,4792,6227,3301,3886,5891,9261,3272,3650,4680,5870,5.72464,22.6295,8.98065,48.476
90651,3178,3246,3423,3600,3255,3723,4218,4270,3575,4256,6641,6732,3547,4291,7048,7021,15.7615,15.1383,8.8451,48.016
90652,5936,7691,5152,3779,5348,7011,4809,3691,3937,4069,3821,3324,3446,3488,3439,3138,-16.6824,-9.06033,8.89196,48.0527
90653,4033,3827,3487,3331,5364,4864,3766,3297,7883,6827,4187,3470,5542,5188,3902,3437,7.20449,-17.1754,8.50083,48.27
90654,3351,3386,3159,3034,3807,3701,3385,3199,6123,4765,3673,3326,12846,6036,3917,3330,28.9826,-29.7872,8.9774,47.3587
90655,4465,4621,3884,3471,5874,7218,4464,3599,5379,6095,4271,3547,4066,4200,3644,3324,-2.41081,-11.3278,8.65298,48.0813
90656,3990,3947,3537,3229,5661,4711,3751,3452,8600,6280,4105,3372,5880,4718,3770,3373,7.01927,-20.1531,8.71478,48.2507
90657,3245,3331,3430,3296,3399,3787,3751,3772,3802,4792,5086,4665,4071,6573,9452,5573,33.7417,5.33732,8.52845,48.0167
90658,3405,3382,3257,3115,3919,3715,3477,3249,5891,4823,3871,3369,12734,5983,3899,3364,30.4222,-29.4632,8.87708,47.6353
90659,3607,3628,3348,3038,4535,4291,3580,3387,7049,7106,4281,3556,6549,6296,4199,3650,13.1992,-14.9669,8.80841,48.0667
90660,3320,3677,4960,7165,3368,3837,5466,9991,3154,3644,4276,5538,3154,3341,3614,3777,-10.106,27.1093,8.99465,48.188
90661,3587,4236,6630,7316,3593,4054,6589,7079,3407,3584,4268,4333,3099,3334,3635,3658,-15.2813,16.2841,8.95362,48.268
90662,3506,4345,8206,10063,3421,4104,5128,5637,3290,3639,3665,3699,3099,3203,3381,3403,-28.3991,17.5286,8.81402,47.8593
90663,3546,3516,3257,3171,4403,4072,3587,3296,7625,5542,3884,3410,9152,6422,4086,3453,17.6287,-20.7667,8.80548,48.2813
90664,3373,3398,3209,3082,3983,3858,3450,3127,6651,5058,3837,3425,11527,6556,3979,3458,23.2119,-24.1434,8.77601,47.9807
90665,4216,5588,5691,4397,4344,6558,6921,4259,3746,4244,4457,3772,3373,3530,3700,3355,-11.6681,0.65764,8.55948,48.1007
90666,3084,3341,3558,3750,3191,3607,4220,4980,3386,3757,5357,9404,3366,3760,5206,8143,12.904,27.2072,8.98514,48.0733
90667,4592,5376,4390,3677,5291,7878,5238,3902,4454,5207,4194,3585,3733,3758,3629,3351,-7.88254,-7.2462,8.57615,48.17
90668,3641,3650,3266,3054,4734,4213,3736,3299,8217,6375,4028,3327,7302,6042,3970,3544,13.3392,-18.8843,8.86413,48.2653
90669,4028,4026,3477,3248,5722,5102,3848,3410,8130,6655,4083,3425,5509,4878,3821,3441,5.87763,-18.195,8.64067,48.5353
90670,12841,5878,3837,3407,6193,4690,3832,3352,3922,3703,3386,3158,3386,3420,3151,3103,-28.2821,-31.1972,8.92697,47.506
90671,3189,3466,3907,4259,3318,3800,4910,6464,3370,3816,5697,8942,3349,3609,4639,5672,4.77673,22.5685,8.80604,48.2713
90672,3272,3362,3261,3200,3859,3882,3687,3379,4973,5130,4255,3686,7192,9734,5396,3742,32.009,-10.4992,8.59746,48.0067
90673,3104,3262,3357,3276,3445,3500,3841,3717,3784,4302,5420,4934,3857,5599,9778,6951,26.3949,9.5915,8.6888,48.0847
90674,3291,3626,4494,5623,3321,3760,5488,9459,3390,3689,4667,6664,3201,3475,3905,4207,-4.84501,26.2123,8.75136,48.1733
90675,3344,3796,4525,5159,3386,3848,5891,8100,3353,3847,5086,6565,3222,3545,4037,4370,-3.26366,20.583,8.54208,48.0493
90676,5722,6062,4335,3616,6467,7530,4434,3520,4455,4759,3817,3410,3708,3772,3424,3142,-10.8528,-12.6737,8.64304,48.1153
90677,3206,3483,3923,4492,3254,3800,4730,7601,3297,3808,5115,8958,3250,3618,4399,5124,1.80801,29.2061,8.85774,48.0387
90678,3307,3401,3394,3352,3662,4050,4054,3650,4392,6203,6525,4318,4494,6484,6888,4681,16.1637,1.03231,8.91248,48.57
90679,12169,6406,3922,3430,6077,4865,3741,3323,3935,3730,3398,3255,3401,3473,3251,3125,-29.9499,-25.7246,8.5272,47.6673
90680,4801,5799,4566,3715,5153,8113,5371,3841,4197,4791,3942,3535,3591,3702,3565,3314,-10.199,-6.59826,8.73513,47.9973
90681,3284,3700,4770,6331,3321,3925,5224,9937,3330,3627,4414,5825,3033,3434,3676,3904,-8.05225,33.9948,8.77709,47.8233
90682,3355,3452,3284,3180,3856,4038,3641,3315,5151,5297,4241,3614,7469,9597,5197,3725,25.7515,-11.5095,8.74998,48.2747
90683,3246,3299,3463,3468,3178,3641,4146,4494,3314,3756,5253,8769,3528,3959,5403,9013,15.4423,33.3332,8.62864,47.9533
90684,7823,6084,4059,3382,7829,6181,4057,3529,4776,4197,3607,3288,3673,3499,3297,3081,-14.6296,-19.3055,8.90066,48.2413
90685,3598,4789,8853,8220,3498,4197,5508,5610,3314,3473,4008,3925,3036,3275,3371,3372,-24.4148,13.9912,8.64707,48.0313
90686,3090,3219,3429,3419,3300,3637,3797,3972,3438,4001,5122,5900,3561,4419,8007,9637,25.2407,17.1747,8.54295,47.9653
90687,4077,6071,9402,6021,3815,4662,5718,4641,3343,3757,3856,3811,3243,3174,3424,3327,-23.3622,6.75999,8.88811,48.228
90688,3547,4135,4718,4128,3893,5411,7673,4912,3746,4698,5975,4416,3477,3899,3977,3694,-3.2642,5.20732,8.786,48.1993
90689,3348,3328,3354,3114,3788,3863,3744,3316,4700,5208,4379,3772,6306,9822,5892,3949,32.7385,-7.90494,8.61078,47.922
90690,3029,3321,3584,3656,3237,3549,4139,5153,3333,3718,5225,9648,3324,3764,5009,7806,11.995,30.247,8.91773,47.6633
90691,3003,3259,3440,3342,3352,3676,4088,3915,3529,4225,6028,5705,3667,4738,8498,7796,20.6554,13.5538,8.9342,48.174
90692,5161,9070,7351,4419,4298,5164,4835,4053,3582,3777,3646,3519,3268,3300,3313,3198,-26.4862,-2.32214,8.73754,47.9693
90693,3307,3305,3277,3153,3704,3793,3676,3414,4492,5228,4677,3993,5617,9316,6931,4262,26.1957,-4.2119,8.55292,48.0967
90694,6546,6600,4235,3581,6859,7168,4299,3455,4418,4458,3809,3383,3723,3587,3337,3071,-13.2934,-14.4211,8.9168,48.3527
90695,3350,3943,6507,12638,3382,3771,4817,6052,3177,3478,3869,3825,3112,3143,3284,3379,-29.446,25.1251,8.91828,47.818
90696,3441,3480,3326,3055,4398,4195,3675,3308,7236,6411,4116,3387,7550,6468,4222,3434,15.6569,-17.3072,8.624,47.8013
90697,3434,3299,3224,3130,3916,3809,3355,3219,6072,4721,3672,3261,12734,6109,3896,3362,28.4554,-31.1566,8.81668,47.4753
90698,3820,3957,3582,3424,4701,5754,4214,3560,5686,7922,4795,3632,4559,5020,4169,3580,5.08678,-9.43046,8.72699,48.25
90699,3465,3885,3982,3651,4125,5410,5557,4164,4086,6427,6648,4161,3918,4515,4473,3857,3.18848,0.447979,8.85269,48.216
90700,3194,3192,3429,3329,3255,3455,3800,3875,3434,3777,4704,6091,3358,3917,5939,12708,29.5123,29.1309,8.87052,47.638
90701,3210,3387,3462,3397,3609,3868,4020,3690,4170,5525,6464,4590,4255,6183,7545,4939,17.6056,3.24717,8.8294,48.2093
90702,4653,7985,8406,4896,4072,4743,5056,4306,3645,3900,3760,3642,3183,3355,3384,3200,-33.4399,0.855453,8.72837,48.124
90703,4040,3637,3255,3195,6308,4519,3529,3327,9861,5386,3858,3324,6209,4645,3702,3317,7.08012,-28.6817,8.99612,48.0747
90704,3153,3223,3290,3320,3241,3413,3787,3956,3457,3788,4749,6596,3370,3950,5892,12319,24.4658,31.7807,8.77448,47.6693
90705,12413,6456,4003,3358,6141,4866,3793,3328,3947,3780,3351,3172,3474,3248,3321,3095,-27.3362,-25.2607,8.65217,47.8307
90706,3638,4162,4066,3656,4140,5994,5908,4069,4160,6057,6229,4208,3823,4287,4286,3721,0.59368,-0.0622348,8.87618,48.2693
90707,4133,3895,3433,3132,6458,4986,3613,3362,8775,6107,3878,3355,5350,4624,3771,3299,4.45749,-21.1025,8.82526,48.114
90708,3626,4021,4969,4855,3656,4652,7760,6108,3548,4110,5390,4783,3293,3557,3867,3876,-6.41471,10.9383,8.56764,48.0473
90709,3382,3567,3284,3045,4576,4036,3559,3275,8405,5106,3777,3342,9612,5481,3945,3297,16.6066,-29.5764,8.56496,47.7927
90710,10208,8288,4379,3603,5597,5221,3959,3390,3818,3807,3471,3215,3363,3452,3217,3111,-28.0018,-17.5965,8.75097,48.066
90711,3157,3764,4594,6244,3410,3695,5307,10043,3378,3643,4412,5871,3240,3337,3840,3992,-7.32873,33.6688,8.93033,47.9513
90712,3765,3715,3383,3232,4826,4667,3822,3387,7197,7367,4326,3644,5699,5592,4054,3426,9.63568,-14.494,8.60388,48.068
90713,3164,3431,3848,3932,3254,3576,4562,6082,3379,3821,5197,9853,3395,3738,4691,6233,6.90837,29.9838,8.68978,48.104
90714,4348,4015,3475,3278,7359,5111,3748,3403,8300,5583,3806,3436,5025,4322,3663,3253,1.95155,-21.8428,8.88441,48.0833
90715,5521,9327,6813,4089,4462,5169,4629,3885,3641,3795,3703,3481,3327,3395,3372,3200,-28.7664,-4.22296,8.5407,47.8727
90716,3272,3455,3350,3145,3738,3922,3609,3452,5127,5889,4359,3641,6939,9398,5412,3888,22.6992,-9.92213,8.94176,48.3973
90717,3347,3413,3388,3230,3776,3905,3889,3620,4367,5837,5562,4131,4792,7571,7031,4503,19.5226,-1.00265,8.722,48.2413
90718,3393,3433,3214,3092,4032,3852,3491,3208,5904,5610,4211,3476,8755,8374,4539,3570,22.7539,-15.6517,8.90815,48.1027
90719,3380,3464,3244,3165,4288,3873,3447,3264,7404,4930,3632,3305,11301,5767,3837,3369,20.6061,-30.4523,8.73972,47.78
90720,3008,3198,3341,3405,3092,3499,3808,3976,3422,3874,5193,6190,3418,4140,7052,11167,24.8193,21.7481,8.90538,47.8553
90721,3385,4075,7388,10964,3498,3791,4940,5906,3222,3306,4046,4043,3114,3205,3338,3392,-33.5986,19.6888,8.70562,47.742
90722,3437,3448,3303,3099,4410,3998,3492,3245,7906,5158,3896,3370,10283,5860,3981,3408,18.3196,-26.6335,8.81774,48.196
90723,3515,4082,6238,7562,3515,4150,6304,7631,3190,3623,4281,4581,3153,3294,3477,3616,-14.6264,18.3236,8.71751,48.1413
90724,3619,4943,9263,8221,3590,4158,5144,5242,3303,3644,3829,3862,3101,3290,3432,3424,-29.3076,13.4061,8.63482,48.0433
90725,3185,3210,3314,3310,3467,3656,3714,3610,3831,4598,5266,4455,4234,6559,9685,5784,28.6785,5.40599,8.772,47.9187
90726,3351,4131,7235,11329,3377,3965,4814,5873,3239,3521,3738,3979,3032,3231,3326,3410,-31.6289,21.2847,8.64113,47.7007
90727,3320,3235,3296,3343,3357,3757,3761,3680,4051,4972,5020,4229,4651,8084,8108,4724,33.3673,0.223457,8.61721,47.7253
90728,4342,6961,9297,5391,3870,4726,5311,4454,3381,3651,3832,3693,3309,3352,3341,3309,-25.4792,4.01122,8.77496,48.1467
90729,3212,3209,3435,3487,3310,3647,3805,3990,3485,3886,5070,5541,3480,4360,8033,9962,31.6616,17.6133,8.55246,47.9413
90730,3326,3941,6164,12602,3353,3770,4761,6280,3125,3447,3784,3997,3132,3286,3236,3371,-29.6738,27.8926,8.756,47.7167
90731,7582,6134,4129,3462,7732,6245,4079,3518,4672,4247,3586,3320,3639,3583,3329,3048,-14.3624,-18.5328,8.8178,48.2033
90732,8330,9310,4845,3699,5269,5129,4117,3627,3756,3806,3572,3475,3376,3493,3304,3172,-30.7587,-13.419,8.68727,48.1867
90733,5605,5885,4306,3482,6482,7859,4506,3521,4720,4853,3806,3407,3632,3734,3459,3211,-10.0539,-12.5569,8.74843,48.312
90734,3158,3464,3970,4232,3429,3939,5721,5716,3433,4212,6921,7126,3386,3854,4791,4910,3.65094,15.3076,8.96774,48.1747
90735,5800,9703,6754,4141,4516,5010,4427,3881,3597,3795,3679,3406,3310,3393,3341,3211,-32.1785,-5.01376,8.95556,47.976
90736,4461,4065,3502,3119,7452,5019,3760,3406,8442,5301,3903,3346,5080,4210,3687,3239,1.79115,-24.3296,8.51793,47.9947
90737,3104,3185,3445,3491,3198,3479,4081,4586,3372,3887,5142,8583,3404,3845,5437,9458,16.229,29.268,8.54556,47.798
90738,3661,3644,3627,3315,4111,4914,4117,3630,4980,8147,5617,3862,4589,5804,4789,3757,9.64012,-5.36952,8.68746,48.376
90739,12251,6253,3941,3252,6005,4791,3790,3419,4051,3839,3312,3313,3364,3347,3249,3214,-32.8588,-26.9186,8.59121,47.594
90740,12771,5906,3865,3404,6106,4790,3728,3422,3986,3705,3375,3134,3368,3329,3162,3151,-30.676,-29.6114,8.95348,47.468
90741,3270,3314,3503,3526,3383,3690,4284,4080,3659,4514,6828,5727,3759,4748,7769,6345,16.9302,11.0514,8.78383,48.266
90742,3389,3826,5899,12157,3354,3708,4910,6763,3117,3464,3852,3869,3131,3148,3340,3441,-23.6895,30.9902,8.94696,47.5787
90743,3093,3261,3508,3525,3238,3596,3978,4536,3497,3781,5034,8751,3391,3813,5394,9484,15.9756,27.6532,8.6729,47.92
90744,3407,3308,3239,3248,3909,3767,3392,3175,6113,4727,3675,3405,12473,6201,3932,3276,30.189,-26.8796,8.93974,47.498
90745,3451,3346,3303,3061,3971,3826,3389,3162,5931,4919,3834,3306,12193,6724,3995,3300,31.4085,-24.0261,8.80697,47.8073
90746,3824,5112,9148,7292,3633,4308,5685,5365,3310,3527,3864,3784,3176,3134,3407,3360,-23.6853,11.3119,8.63961,47.9527
90747,3149,3478,3731,3874,3386,3662,4392,6032,3449,3790,5376,9716,3307,3726,4646,6136,7.50668,32.2659,8.5483,47.9
90748,3472,3986,4639,4327,3679,4726,7804,5483,3560,4389,6478,4894,3445,3763,4175,3916,-2.55876,9.16512,8.96816,48.4907
90749,3371,3718,5217,7605,3387,3978,5527,9446,3203,3578,4316,5250,3039,3390,3583,3755,-11.7003,24.2503,8.71434,48.242
90750,7902,9388,4856,3565,5102,5194,4269,3540,3886,3871,3468,3356,3437,3411,3242,3052,-33.727,-12.4847,8.8353,47.6927
90751,10188,7562,4335,3479,6109,5155,3999,3400,4014,3748,3498,3326,3437,3321,3162,3069,-25.1029,-18.9711,8.61366,47.868
90752,5764,4561,3753,3244,9554,5396,3720,3422,6425,4685,3661,3283,4185,3916,3327,3180,-5.44459,-25.3944,8.62034,48.0507
90753,3236,3455,3882,4247,3235,3587,4759,6760,3258,3741,5236,9661,3288,3549,4402,5673,4.46398,27.7081,8.89828,47.9793
90754,3768,5388,9019,6782,3578,4516,5804,5107,3305,3695,3792,3978,3113,3353,3438,3475,-22.8468,10.0827,8.68463,48.074
90755,3028,3339,3437,3415,3371,3543,3786,3729,3762,4480,5265,4735,3811,5754,9942,6497,33.3331,8.36723,8.73508,47.9293
90756,6007,9317,6040,4019,4732,5719,4642,3767,3651,3886,3695,3503,3376,3315,3254,3201,-23.129,-6.59131,8.93431,48.0827
90757,4510,4891,4041,3479,5848,7677,4685,3669,4991,5875,4247,3515,3983,4091,3685,3385,-4.21719,-10.7468,8.61898,48.3813
90758,12522,5998,3872,3457,5924,4829,3706,3514,3714,3646,3495,3317,3440,3455,3343,3145,-31.5181,-32.9637,8.7344,47.5847
90759,3832,4919,8189,6133,3645,4550,6860,5609,3303,3780,4184,4000,3013,3344,3379,3278,-17.6295,10.2883,8.61739,48.012
90760,3403,3451,3256,3102,3970,3779,3477,3277,5897,4969,3878,3367,11650,7097,4063,3407,31.2056,-22.1418,8.68503,48.0287
90761,3096,3358,3494,3536,3216,3599,3890,3967,3398,4022,5333,5761,3599,4462,8382,9240,24.0147,16.0041,8.68739,48.2353
90762,3435,3484,3263,3090,4142,3944,3534,3252,7398,4860,3673,3389,11250,5844,3842,3384,20.5034,-29.3297,8.85021,47.856
90763,3554,4438,8045,9691,3465,4032,5258,5704,3239,3442,3925,3916,3079,3247,3373,3317,-25.6673,17.0454,8.51082,47.8167
90764,5553,9093,6325,4129,4552,5763,4893,3879,3696,3932,3703,3421,3267,3301,3286,3166,-22.0919,-5.42256,8.87863,47.9727
90765,4545,4118,3572,3084,7213,5050,3769,3341,8797,5273,3757,3350,5294,4294,3687,3326,2.70079,-24.6906,8.61145,48.3133
90766,3373,3403,3162,3164,3979,3727,3427,3207,6586,4903,3870,3377,11919,6317,4010,3458,24.7979,-25.6925,8.66626,47.9213
90767,3404,3476,3328,3199,4107,4109,3691,3368,5751,6523,4492,3616,6816,8002,4729,3615,17.9192,-12.1497,8.55496,48.1507
90768,5473,4329,3638,3221,9371,5110,3799,3342,7273,4642,3672,3275,4378,3856,3443,3189,-3.71631,-28.7465,8.96869,48.0073
90769,3727,3651,3316,3118,5155,4175,3609,3269,9464,5327,3885,3345,7717,5101,3778,3361,11.7725,-26.2283,8.5329,47.9987
90770,6179,4890,3805,3299,8966,6050,3905,3452,5780,4781,3659,3345,3954,3747,3396,3127,-7.63611,-21.695,8.64973,48.2233
90771,3294,3274,3510,3434,3436,3710,4083,3897,3869,4917,6869,5173,3913,5367,7885,5698,17.0224,7.31963,8.73649,48.2193
90772,4582,4673,3997,3454,5755,7555,4462,3614,5167,6154,4248,3475,4033,3934,3694,3418,-3.28879,-10.9675,8.68826,48.1433
90773,8777,7867,4364,3491,6258,5755,4158,3444,4026,3835,3439,3299,3399,3473,3173,3092,-20.8769,-16.4951,8.73098,47.9
90774,3089,3235,3375,3296,3243,3623,3786,3795,3524,4151,5234,5172,3712,4955,9352,8498,29.4816,13.6706,8.85427,48.0267
90775,3055,3302,3278,3407,3245,3340,3876,4004,3477,3781,4747,6073,3359,3846,5981,12621,28.4037,28.5203,8.7592,47.5947
90776,3139,3203,3423,3549,3245,3488,4131,4580,3393,3926,5161,8753,3439,3866,5394,9049,15.365,33.4947,8.60026,47.826
90777,3490,4089,5804,6616,3468,4102,6938,8025,3395,3628,4488,4876,3176,3332,3586,3687,-11.5281,17.1274,8.97445,48.4667
90778,7779,5242,3725,3271,9561,5342,3789,3425,4945,4169,3580,3261,3744,3590,3372,3236,-12.0422,-33.5032,8.77075,48.0207
90779,6199,9857,6339,3998,4657,5201,4439,3692,3674,3816,3643,3382,3180,3342,3260,3174,-29.9202,-6.95316,8.76836,47.902
90780,3199,3428,3869,4163,3375,3695,4582,6625,3362,3812,5242,9696,3185,3727,4553,5641,5.08441,33.1122,8.83169,48.1027
90781,3638,3495,3216,3127,4784,4127,3478,3327,9442,5227,3838,3404,8355,5223,3818,3437,13.547,-32.635,8.85387,47.9573
90782,3399,3887,6134,12549,3346,3812,4712,5951,3211,3327,3846,3859,3200,3313,3433,3493,-30.9746,27.6649,8.50049,47.648
90783,3510,3508,3403,3195,3870,4384,3934,3470,5223,7605,5004,3799,5490,6923,4930,3828,14.5269,-7.35647,8.87421,48.0507
90784,6891,6570,4283,3494,7016,6816,4302,3489,4357,4366,3641,3358,3606,3526,3306,3192,-14.4138,-15.3731,8.88133,48.142
90785,4761,5833,4453,3735,5207,7928,5418,3946,4152,4917,4132,3536,3520,3710,3488,3213,-9.19843,-6.5433,8.63281,47.966
90786,7206,5108,3930,3266,9337,5722,3866,3360,5277,4356,3733,3314,3772,3614,3369,2981,-10.9926,-23.401,8.80797,48.1407
90787,3584,3968,4217,3894,3954,5194,6588,4560,3909,5286,6872,4570,3607,3936,4294,4128,0.62593,4.46835,8.66622,48.374
90788,3516,4021,6484,11202,3446,3779,4987,6866,3200,3403,3922,4210,3042,3148,3447,3344,-22.1653,24.5297,8.62477,48.0113
90789,3345,3487,3271,3244,3941,3748,3390,3210,5884,4891,3832,3463,11680,6864,4002,3373,30.8806,-22.0407,8.74202,47.75
90790,4104,3883,3396,3213,6494,4689,3672,3246,9750,5263,3799,3329,5987,4484,3625,3304,5.82775,-27.7746,8.86161,48.1587
90791,4493,4715,4123,3547,5775,7713,4645,3671,4811,5926,4201,3496,4073,3957,3597,3387,-4.3474,-10.0403,8.69388,48.0867
90792,4895,4280,3598,3279,8774,4974,3813,3437,7853,4802,3722,3359,4577,4106,3411,3204,-1.62665,-31.2178,8.94831,48.056
90793,3364,4096,6820,11954,3400,3722,4929,5882,3152,3503,3772,3997,3115,3233,3518,3464,-32.1789,22.6808,8.83936,47.9473
90794,3585,3876,3775,3555,4011,5258,5300,3898,4402,6750,6503,4259,4009,4525,4740,3926,4.86073,-0.521986,8.59581,48.248
90795,4143,6522,9139,5517,3802,4871,5711,4474,3459,3756,3881,3741,3232,3317,3338,3377,-22.4736,5.03472,8.93268,48.1867
90796,8315,5327,3928,3461,9153,5345,3873,3336,4733,4200,3497,3161,3589,3502,3341,3168,-13.865,-26.6302,8.54725,47.9527
90797,12418,6487,3863,3385,6027,4794,3763,3395,3882,3677,3514,3296,3492,3375,3227,3062,-30.8116,-25.6903,8.86884,47.7713
90798,3175,3162,3410,3381,3177,3496,3736,3814,3293,3881,4761,6282,3337,3957,5913,12670,25.9435,32.3166,8.97982,47.63
90799,3455,3872,4264,3998,3845,4743,6860,4799,3706,4885,6940,4960,3554,3900,4462,4039,0.2984,7.01615,8.55822,48.188
90800,3863,3991,3837,3518,4549,6044,4832,3873,4666,7238,5583,3917,4127,4538,4267,3607,2.66408,-4.62907,8.75262,48.3
90801,9087,7086,4152,3532,6737,5652,3963,3444,4134,4001,3629,3274,3427,3394,3285,3062,-19.5828,-18.6973,8.66886,47.906
90802,3285,3365,3417,3105,3521,3884,3793,3492,4146,5190,5496,4381,4659,7561,8193,4832,22.8501,1.13703,8.92352,48.2133
90803,4285,6499,7859,4877,4046,5498,6165,4554,3493,3877,4126,3661,3246,3439,3444,3365,-18.5539,2.48758,8.84637,48.2893
90804,3591,3377,3287,3111,4276,4128,3549,3287,7241,5693,4024,3490,9056,6862,4110,3409,18.774,-19.3524,8.67102,48.3273
90805,3400,3332,3161,3019,4011,3816,3493,3201,6066,5020,3822,3397,11117,7479,4093,3556,25.8245,-20.4902,8.84602,47.9887
90806,3287,3395,3476,3298,3550,3863,4124,3788,4063,5592,6655,4704,4131,5933,7509,4961,17.5003,3.77925,8.51085,48.2193
90807,3640,3926,3723,3359,4321,5497,4519,3727,4977,8038,5495,3886,4394,5081,4209,3641,5.35519,-5.476,8.73219,48.2887
90808,3397,4010,5770,10156,3491,3845,5072,7868,3318,3646,3994,4219,3046,3196,3385,3570,-18.4236,27.0287,8.55136,47.9887
90809,4207,7364,9374,5397,3910,4621,5166,4431,3354,3638,3752,3555,3172,3326,3413,3265,-29.0724,3.58232,8.88244,47.9633
90810,3220,3718,4522,5319,3344,3769,5069,9238,3298,3655,4800,7286,3282,3451,3919,4337,-3.33535,30.2817,8.82263,48.1513
90811,3158,3199,3416,3341,3207,3531,3969,4062,3471,3795,4879,7014,3428,3848,6014,11724,22.3152,27.2196,8.96932,48.0373
90812,4717,4529,3677,3378,6984,6426,4131,3490,6395,5933,3847,3413,4445,4294,3615,3352,-1.47459,-16.6882,8.67764,48.4173
90813,3856,4016,3586,3308,4617,5857,4514,3589,5151,7773,5109,3809,4297,4894,4242,3647,4.0164,-7.3194,8.77076,48.1767
90814,3304,3870,5902,11887,3333,3747,4745,7108,3133,3429,3838,4052,3090,3235,3472,3457,-22.7289,29.2685,8.88381,47.7347
90815,3392,4228,7490,11079,3268,3967,4812,5722,3189,3553,3696,3857,3170,3249,3423,3364,-30.1222,19.8893,8.89014,47.6393
90816,4118,4866,4670,3964,4396,7286,6433,4227,4194,5202,4734,3852,3678,3812,3703,3496,-5.92501,-1.46391,8.94979,48.4207
90817,3725,3896,3456,3277,4668,5428,4386,3553,5701,7983,4937,3711,4780,5272,4191,3644,6.69823,-9.48496,8.52817,48.4053
90818,3397,3996,5973,12201,3400,3828,4835,6474,3268,3378,3875,3968,3113,3209,3275,3366,-24.5652,28.8393,8.79174,47.704
90819,3415,3361,3204,3050,3947,3823,3434,3232,6773,4828,3828,3365,12106,6196,3815,3416,23.7292,-26.8764,8.86954,47.862
90820,3645,3696,3562,3339,4207,5216,4391,3632,4985,7952,5622,3841,4514,5317,4554,3758,7.72572,-5.22117,8.94759,48.154
90821,3271,3429,3162,3087,3995,3842,3581,3197,6429,4989,3908,3413,11193,6803,4217,3379,23.796,-22.2888,8.59747,47.93
90822,4103,4142,3679,3349,5712,5679,4090,3408,6901,7096,4267,3501,4732,4686,3909,3242,3.78938,-14.646,8.52471,48.3307
90823,3323,3403,3367,3215,3700,3890,3771,3458,4520,5132,4667,3939,5696,9577,6582,4200,29.463,-4.82505,8.60218,48.2933
90824,3259,3396,3672,3997,3225,3632,4340,5872,3375,3781,5286,9956,3357,3637,4808,6465,8.34915,27.5158,8.80492,48.0387
90825,3832,4503,4892,4095,4122,5946,7624,4712,3868,4657,5397,4146,3348,3697,3856,3571,-5.96575,3.16091,8.77573,48.1773
90826,3194,3355,3387,3267,3455,3636,3779,3708,3767,4515,5309,4633,4078,6361,9841,6068,28.0021,6.31763,8.80198,48.2353
90827,3119,3137,3365,3509,3210,3510,3889,3929,3413,3883,5043,6317,3402,4118,6861,11442,25.1967,22.3951,8.80084,48.098
90828,3131,3241,3444,3574,3282,3588,3884,4030,3453,4021,5580,6390,3604,4316,7698,9297,21.4678,17.7505,8.65179,48.3553
90829,4647,7332,6531,4501,4394,6345,5771,4104,3626,3996,3926,3576,3340,3304,3408,3239,-17.4123,-1.53915,8.8306,48.0267
90830,3084,3479,3844,3943,3398,3665,4621,6081,3372,3836,5808,9301,3269,3690,4845,6176,6.7636,22.8454,8.99756,48.2747
90831,3126,3273,3261,3417,3342,3563,3869,3839,3343,3750,4738,6013,3395,3810,6042,12594,29.8312,30.097,8.52725,47.5833
90832,3710,4321,5162,4353,3809,5317,8056,5312,3604,4215,5391,4266,3361,3656,3937,3634,-6.41665,6.84118,8.72906,48.0693
90833,3140,3243,3393,3302,3180,3540,3839,3874,3459,3908,5119,5369,3434,4526,8454,9800,30.1786,17.0148,8.87194,47.72
90834,4143,6270,9927,5990,3763,4454,5317,4695,3417,3682,3912,3631,3262,3254,3321,3282,-26.5332,6.25856,8.98199,48.2133
90835,5727,9528,6443,4112,4455,5265,4662,3885,3796,3927,3615,3440,3346,3348,3294,3218,-33.9797,-5.53432,8.5468,48.0407
90836,3099,3319,3315,3536,3170,3380,3767,4031,3413,3889,5044,6427,3343,4050,6814,11427,24.1337,22.2946,8.85484,48.016
90837,3142,3386,3391,3331,3323,3632,3716,3813,3594,4152,5110,5213,3553,4964,9494,7828,33.6025,12.5035,8.723,47.7613
90838,3203,3388,3344,3129,3862,3850,3687,3429,5067,5810,4319,3715,6826,9353,5369,3875,23.2401,-10.1335,8.5785,48.1507
90839,3458,4037,6109,10324,3314,3939,5218,7670,3172,3511,3999,4316,3098,3134,3479,3493,-19.4278,23.9246,8.84076,48.1807
90840,8963,5765,3934,3326,8405,5492,3857,3433,4540,4057,3484,3207,3615,3548,3393,3095,-15.8624,-23.6651,8.72072,48.076
90841,3249,3443,3318,3323,3512,3778,3718,3474,4096,4891,4943,4179,4730,8241,8429,4737,30.2638,0.386656,8.86635,48.0407
90842,3869,3928,3601,3388,4919,5660,4084,3475,6083,7712,4666,3615,4677,5095,3966,3458,5.36473,-11.4477,8.6508,48.1307
90843,5017,4575,3787,3328,7471,6901,4283,3395,5896,5332,3865,3483,4160,4055,3574,3337,-4.21459,-16.5102,8.59229,48.306
90844,6557,6081,4062,3456,7181,6947,4157,3535,4732,4440,3693,3315,3676,3553,3387,3159,-12.6597,-15.9379,8.83214,47.954
90845,3254,3590,4226,4655,3365,3809,5183,7948,3357,3791,5353,7879,3117,3544,4426,4914,0.369028,23.1869,8.69961,48.274
90846,4148,3896,3308,3327,6425,4637,3699,3300,9674,5214,3814,3349,5711,4631,3613,3234,5.20434,-33.1079,8.69668,47.9867
90847,6004,4555,3597,3231,9654,5500,3841,3338,6274,4559,3741,3322,4143,3824,3367,3205,-6.02322,-25.9983,8.71068,48.1033
90848,3513,3354,3291,3145,3948,3727,3304,3232,6096,4582,3645,3359,12664,5976,3777,3365,33.8342,-29.8789,8.81526,47.3187
90849,11804,6075,3967,3359,6793,4982,3765,3404,4034,3856,3395,3326,3336,3343,3207,3212,-22.9094,-32.7516,8.60041,47.9053
90850,3157,3322,3577,3591,3402,3611,4237,4414,3539,4291,6739,7094,3464,4203,6322,6873,13.8574,15.9704,8.50558,47.8907
90851,4154,3942,3436,3171,6558,4576,3538,3217,9718,5295,3730,3463,5810,4450,3761,3306,5.37698,-31.8934,8.66127,48.0833
90852,6916,4970,3760,3333,9783,5523,3848,3447,5424,4389,3578,3198,3911,3744,3306,3143,-9.55806,-24.8705,8.8812,48.182
90853,3744,4581,5612,4407,3845,5644,8044,5046,3637,4218,5122,4222,3306,3626,3614,3567,-8.47563,5.55753,8.99676,48.1567
90854,12217,5912,3844,3365,6569,4824,3825,3349,4012,3801,3469,3216,3285,3353,3230,3157,-24.96,-28.8398,8.71531,47.6187
90855,3369,3751,4518,4440,3500,4304,6678,6225,3520,4137,6335,6061,3439,3661,4256,4379,-1.14243,14.0942,8.53937,48.382
90856,4566,4178,3555,3273,7891,4896,3658,3232,8657,5076,3852,3426,4966,4211,3607,3206,1.26287,-26.7421,8.88766,48.1667
90857,3110,3220,3460,3406,3247,3519,3774,3805,3436,4137,5340,5355,3604,4868,9116,8499,32.5017,14.1307,8.63678,47.9307
90858,4816,4703,3861,3435,6311,7254,4403,3495,5490,5767,4077,3424,4001,4079,3582,3400,-3.46333,-12.9766,8.65902,48.0653
90859,3590,4513,7946,8930,3542,4018,5479,6204,3316,3611,4050,3980,3021,3251,3319,3407,-21.9375,16.3619,8.56752,48.118
90860,8804,5199,3794,3376,9119,5297,3825,3300,4647,4001,3608,3203,3486,3496,3320,3195,-14.4519,-33.6571,8.85949,47.78
90861,3321,3827,5185,7710,3368,3842,5576,9542,3264,3593,4208,5054,3186,3360,3581,3710,-12.0244,25.1811,8.7997,48.218
90862,3200,3329,3337,3313,3334,3566,3694,3774,3600,4244,5334,5154,3739,5241,9671,7516,31.8491,11.3139,8.82092,48.0307
90863,3424,4228,7627,10567,3510,3778,5078,5769,3266,3454,3807,4114,3136,3336,3454,3475,-32.7627,19.171,8.62904,48.0153
90864,3259,3571,3602,3434,3630,4058,4493,3910,4049,5785,7252,4740,3984,5340,6486,4662,13.2458,3.64362,8.62339,48.17
90865,3975,4282,3895,3394,4770,6763,4817,3721,4866,7126,4861,3702,4003,4268,4033,3482,0.653785,-6.53181,8.94538,47.972
90866,3693,4954,9380,8320,3510,4240,5188,5244,3319,3488,3796,3891,3068,3224,3385,3358,-27.3939,12.8772,8.84198,48.0387
90867,6261,4754,3824,3330,9466,5612,4010,3442,5931,4572,3619,3237,4094,3775,3374,3086,-7.50769,-23.8396,8.81145,48.258
90868,3365,3342,3141,3011,4028,3847,3509,3270,6356,4827,3874,3442,11967,6724,3942,3311,25.9139,-24.2979,8.78568,47.9707
90869,3478,4508,8393,9925,3527,3877,5193,5695,3229,3579,3752,3968,3083,3339,3316,3381,-27.3349,17.0584,8.87523,48.162
90870,3029,3218,3361,3300,3393,3578,3887,3882,3537,4123,5263,5203,3633,4829,9267,8454,29.7013,13.6471,8.93428,47.9713
90871,3352,3507,3294,3208,3862,3756,3629,3352,5247,5298,4211,3674,7786,9448,4806,3612,33.8999,-12.3886,8.61804,48.028
90872,5007,4877,3901,3380,6905,7412,4330,3529,5617,5428,3934,3547,4011,4057,3566,3258,-4.62041,-14.3885,8.95712,48.506
90873,3535,4267,6867,7836,3548,4132,6259,6985,3307,3621,4127,4345,3101,3288,3502,3531,-16.6607,16.7732,8.71835,48.1673
90874,3400,3252,3181,3152,3914,3802,3497,3267,6591,4841,3707,3355,12141,6003,3928,3362,24.4389,-32.8621,8.98855,47.5953
90875,3423,3798,4081,3853,3778,4731,6065,4521,3820,5188,7510,5160,3584,4052,4819,4267,3.3465,6.75348,8.64507,48.4333
90876,3023,3155,3467,3394,3284,3484,3976,4025,3474,4012,5248,6576,3473,4243,7114,10167,22.273,20.1505,8.56918,48.0767
90877,3146,3354,3502,3448,3196,3611,4014,4219,3529,4074,5939,6999,3568,4208,6766,8339,17.6618,18.163,8.60327,47.9413
90878,3359,3343,3266,3127,3917,3601,3463,3188,5914,4705,3804,3376,12948,5984,3915,3513,30.5037,-29.7292,8.98401,47.6153
90879,3170,3289,3332,3461,3190,3406,3713,3976,3365,3836,4813,6007,3268,4002,6108,12856,29.4915,26.6617,8.83839,47.8613
90880,3078,3313,3403,3476,3285,3615,4126,3965,3519,4214,5956,6174,3535,4590,7980,8158,19.772,15.0866,8.90191,48.258
90881,3510,3506,3250,3088,4540,3983,3539,3174,8643,5105,3780,3438,9712,5511,3944,3446,16.361,-27.6339,8.74428,48.1127
90882,3371,3400,3225,3195,3749,3770,3600,3390,4981,5197,4155,3645,7589,9777,5250,3784,30.0772,-11.3834,8.7096,48.052
90883,3159,3192,3357,3506,3238,3538,3874,3894,3463,4093,5082,5530,3549,4434,8334,9402,33.6908,16.6015,8.65055,47.7633
90884,3411,4026,5151,5508,3577,4284,7355,7460,3395,3904,4931,5295,3076,3397,3867,4000,-7.21672,15.2868,8.89883,48.4247
90885,3092,3304,3632,3769,3375,3636,4388,5655,3328,3734,5179,10001,3285,3753,4916,6770,8.6589,32.8859,8.89243,47.878
90886,5273,4374,3610,3285,9286,5093,3696,3334,7146,4734,3811,3427,4367,4021,3571,3163,-3.26163,-33.2213,8.88002,48.1273
90887,3328,3908,6266,12498,3388,3835,4821,6418,3126,3526,3783,4013,3130,3156,3389,3319,-25.8155,26.4182,8.88951,47.936
90888,3274,3400,3441,3444,3464,3731,3912,3863,3892,4988,6104,4625,4254,6211,8510,5512,20.3145,4.75055,8.65122,48.4167
90889,3730,4978,9781,7603,3568,4300,5317,5057,3368,3687,3809,3841,3224,3250,3312,3311,-33.9915,11.6794,8.88123,48.0907
90890,4782,8181,7834,4556,4236,5293,5107,4193,3572,3745,3851,3577,3202,3350,3314,3229,-23.738,-0.639793,8.83482,48.0147
90891,4145,4611,3994,3587,4863,7296,5285,3865,4658,6264,4833,3717,3834,4204,3724,3465,-2.45745,-5.69952,8.71116,48.23
90892,3223,3349,3560,3664,3343,3621,4364,4946,3542,4040,6508,7945,3540,4050,5740,6729,12.2612,18.4233,8.59639,48.1093
90893,3511,3354,3181,3103,4148,3780,3465,3238,7207,4995,3905,3398,11344,5933,3930,3369,21.1873,-28.9395,8.77315,47.9073
90894,4638,4078,3529,3091,8149,4819,3800,3344,8728,4900,3718,3362,5020,4248,3562,3194,0.989158,-29.0631,8.96674,48.12
90895,6786,4883,3831,3274,9689,5676,3851,3367,5571,4374,3607,3259,3826,3707,3430,3137,-9.57374,-24.0529,8.79577,48.1787
90896,3410,3895,6098,12580,3309,3764,4797,5950,3192,3401,3797,3930,3106,3366,3428,3441,-32.9802,26.3158,8.90358,47.6427
90897,3095,3355,3553,3689,3293,3655,4325,4455,3512,4207,6097,7335,3495,4223,6524,7527,15.4199,17.5891,8.51215,48.2267
90898,3245,3227,3508,3494,3216,3350,3847,3972,3330,3783,4651,6143,3310,3864,6151,12556,33.832,27.1507,8.78375,47.7647
90899,3064,3270,3501,3606,3263,3558,4123,4640,3349,3747,5075,8741,3379,3848,5240,8989,15.3411,30.2766,8.61168,47.5953
90900,3989,6015,8915,6006,3897,4733,5943,4787,3425,3666,3901,3769,3159,3307,3468,3371,-21.6462,6.76785,8.51504,48.234
90901,4251,6102,6354,4531,4196,6181,6704,4552,3604,4121,4264,3811,3231,3501,3537,3337,-14.4667,1.24314,8.72054,48.1847
90902,3872,4706,5633,4623,3948,5717,7967,4894,3610,4284,4906,4071,3229,3474,3707,3626,-9.35136,5.30928,8.66967,48.178
90903,3795,5284,9500,7494,3551,4350,5402,5041,3272,3622,3922,3789,3155,3318,3441,3312,-26.0713,11.1947,8.5181,48.1653
90904,3300,3340,3284,3104,3790,3826,3489,3235,5546,5121,4055,3411,9661,8624,4717,3552,28.3808,-16.3841,8.94832,48.0367
90905,12528,6216,3923,3291,6126,4808,3821,3357,3914,3792,3471,3221,3464,3393,3227,3147,-28.055,-27.8417,8.97478,47.7993
90906,3408,3341,3279,3121,4091,3792,3614,3166,6926,5054,3979,3334,10829,6440,4103,3443,21.5461,-23.315,8.74131,47.9467
90907,3801,3851,3735,3396,4320,5706,4545,3665,4847,7778,5486,3913,4193,4881,4289,3633,4.25425,-5.82403,8.80802,48.026
90908,3682,3636,3399,3082,4887,4193,3671,3293,8966,5632,3900,3332,7799,5325,3878,3253,12.9524,-23.3031,8.59025,47.952
90909,3111,3230,3684,3836,3308,3757,4401,5613,3390,3808,5374,9878,3308,3813,4904,7062,9.53269,28.6005,8.8013,48.318
90910,3106,3252,3394,3482,3163,3373,3816,3938,3493,3900,4910,5826,3372,4193,7372,11238,32.8362,20.0533,8.96298,47.8853
90911,3262,3331,3338,3287,3535,3679,3837,3543,4066,5068,4882,4124,4879,8587,8036,4541,31.9282,-0.960905,8.80142,47.9967
90912,3411,3519,3457,3428,3707,4311,4201,3817,4259,6319,6699,4439,4284,5926,6205,4531,13.4242,1.17695,8.58646,48.342
90913,3932,4116,3818,3483,4796,6192,4538,3772,5241,7612,4915,3630,4244,4685,4056,3584,2.59732,-7.79933,8.73941,48.4093
90914,5729,8025,5508,3911,5088,6758,4889,3745,3873,4141,3891,3513,3440,3579,3351,3077,-17.3052,-7.22765,8.76091,48.3453
90915,3316,3566,3516,3256,3811,4313,4020,3592,4505,6998,5974,4094,4726,6568,5892,4262,14.4528,-2.47113,8.52172,48.2727
90916,3457,3891,4784,4970,3522,4279,7044,6970,3528,3816,5513,5515,3289,3503,4099,4180,-4.3664,14.9874,8.62997,48.24
90917,3898,4035,3634,3430,4926,6066,4226,3606,5646,7710,4732,3760,4369,4707,3944,3540,3.30772,-9.94782,8.93211,48.1527
90918,3146,3176,3599,3672,3281,3639,4190,5210,3313,3848,5167,9686,3337,3728,5142,7720,11.8168,27.1883,8.91726,47.9027
90919,5607,4372,3735,3221,9399,5194,3765,3384,6617,4799,3630,3310,4226,3901,3389,3210,-4.66559,-31.2952,8.56824,47.8393
90920,3080,3256,3432,3268,3234,3504,3787,3999,3361,3673,4819,6496,3462,3984,6022,12288,24.4889,28.9587,8.57378,47.7767
90921,3277,3438,3638,3607,3566,4000,4771,4272,3773,5027,8143,5649,3671,4493,6067,5107,10.4356,9.10077,8.97245,48.3327
90922,5970,8860,5645,4152,4953,6219,4806,3846,3842,3866,3738,3470,3438,3337,3339,3216,-20.5079,-7.01158,8.59361,48.4647
90923,10113,5637,3881,3392,8097,5209,3857,3309,4400,3980,3577,3253,3546,3518,3216,3041,-17.7997,-26.8931,8.80682,48.0173
90924,3286,3566,3426,3344,3668,4260,4168,3760,4164,6329,6402,4417,4402,6179,6285,4503,15.1795,0.14458,8.54263,48.106
90925,3432,3799,4014,3770,3828,4838,5982,4395,3895,5489,7693,4685,3704,4128,4500,4079,3.17941,4.97238,8.80534,48.154
90926,6172,9244,5728,3945,4915,5858,4601,3714,3740,3909,3644,3424,3344,3519,3324,3161,-22.1599,-7.6948,8.72843,48.1613
90927,3037,3231,3369,3424,3179,3507,3831,4128,3466,3907,5369,6494,3518,4224,7262,10502,22.6543,20.0426,8.9777,48.2987
90928,3163,3399,3502,3531,3244,3619,4152,4371,3498,4183,6283,6956,3519,4291,6846,7612,16.2602,16.8363,8.71751,48.1127
90929,9778,8242,4288,3547,5890,5342,4003,3419,3865,3978,3476,3172,3419,3349,3216,3157,-24.3656,-17.2225,8.8818,48.094
90930,3337,3356,3352,3122,3760,3828,3570,3405,4603,5316,4417,3706,6318,9976,5953,4021,27.9265,-7.65918,8.93065,48.0267
90931,3429,3384,3157,3262,3626,4056,3678,3505,4832,6195,4937,3827,5706,8693,5917,4046,20.1944,-6.11379,8.80372,48.1667
90932,4682,4083,3474,3224,8117,4841,3725,3345,8549,4973,3684,3295,4739,4245,3527,3386,0.480542,-33.107,8.9594,47.926
90933,6948,9692,5536,3848,5011,5369,4314,3576,3867,3858,3555,3323,3332,3429,3255,3148,-25.5919,-10.1042,8.62862,48.0407
90934,3392,4023,6569,11948,3368,3794,4907,6502,3142,3456,3733,4052,3106,3218,3276,3367,-25.1022,24.7169,8.92062,47.902
90935,6327,9871,5949,3795,4748,5249,4354,3656,3730,3773,3613,3485,3266,3313,3331,3172,-29.5992,-7.94914,8.80428,47.7547
90936,3464,3396,3239,3108,3850,3653,3384,3306,6002,4683,3806,3455,12536,6038,4007,3364,28.9906,-32.1069,8.70815,47.5273
90937,3359,3413,3301,3134,3629,3907,3589,3399,4692,5339,4406,3795,6305,9928,6018,3992,28.8588,-7.58253,8.70084,48.1373
90938,3813,3904,3402,3280,5558,4867,3715,3340,7808,6638,4156,3523,5667,5128,3801,3427,7.26227,-17.3679,8.70355,48.018
90939,3231,3438,3603,3558,3368,3905,4445,4165,3560,4785,7519,5946,3680,4604,6590,5634,13.0311,10.7311,8.66188,48.0207
90940,3367,3908,5670,6984,3363,3923,6452,8600,3337,3529,4442,4990,3205,3296,3626,3663,-11.7933,19.5007,8.89083,48.2367
90941,3399,3226,3251,3126,3990,3704,3477,3281,6458,4924,3735,3366,12234,6089,4028,3533,25.2938,-26.335,8.934,47.8807
90942,3296,3444,3309,3372,3617,3839,3679,3411,4395,5262,4739,3970,5466,9309,7146,4241,29.3161,-3.52381,8.60105,48.33
90943,3681,4422,6841,6226,3667,4495,7388,6085,3391,3798,4349,4277,3179,3403,3622,3411,-14.0603,12.3998,8.62954,48.1567
90944,3678,3779,3480,3152,4797,4872,3879,3378,6985,7556,4427,3569,5564,5609,4216,3479,9.15927,-13.7777,8.62818,48.28
90945,3180,3656,4475,5946,3354,3851,5348,9691,3289,3715,4682,6432,3140,3448,3871,4094,-5.79416,27.206,8.82928,48.1147
90946,4000,4633,4377,3775,4405,7009,6430,4182,3968,5374,5097,3878,3731,3885,3861,3570,-4.4585,-1.23007,8.60781,48.1167
90947,4268,5732,5993,4319,4183,6609,6729,4429,3658,4314,4318,3730,3333,3510,3552,3422,-12.6869,0.74814,8.5364,48.066
90948,3340,3364,3371,3062,3833,3772,3629,3328,5384,5432,4193,3523,8114,9126,4902,3687,26.0061,-13.0735,8.60879,48.04
90949,3777,4226,4292,3910,4073,6021,6668,4335,4019,5352,5909,4316,3658,3935,4031,3741,-1.81417,1.80438,8.92582,48.1753
90950,3536,3931,4386,3900,3858,5346,7053,4726,3752,4959,6468,4596,3575,3936,4187,3850,-1.2433,5.01151,8.50361,48.0393
90951,3536,3333,3298,3198,4303,4035,3542,3222,8411,5100,3886,3321,9601,5559,3912,3541,16.5924,-33.6227,8.74494,47.8653
90952,3519,3444,3229,3056,4364,4066,3598,3166,7975,5200,3875,3420,9697,5878,3907,3419,17.8302,-26.0481,8.50675,47.8753
90953,11514,6521,4068,3468,6660,4977,3754,3560,3979,3931,3521,3266,3457,3352,3144,3025,-23.312,-23.1235,8.7932,48.1313
90954,4977,5255,4078,3439,6347,7868,4563,3596,4747,5339,3990,3513,3896,3901,3544,3309,-7.23046,-11.9714,8.75972,48.2413
90955,3156,3385,3562,3462,3362,3665,4371,4450,3615,4278,6710,7070,3504,4208,6386,6710,13.9057,15.6732,8.61607,47.9293
90956,12402,6826,3996,3306,6170,4825,3878,3383,3841,3728,3370,3262,3361,3362,3186,3137,-27.6095,-24.1893,8.96615,48.022
90957,3164,3260,3370,3384,3290,3405,3734,3820,3432,3741,4620,5928,3475,3993,6105,12460,29.1169,32.4038,8.64068,47.454
90958,3827,3668,3435,3143,5337,4533,3665,3314,8973,6036,3958,3427,6468,5195,3821,3358,9.2788,-21.1957,8.59547,48.1053
90959,3163,3438,3856,4045,3320,3640,4622,6282,3399,3872,5458,9412,3285,3714,4566,5816,5.91567,24.1349,8.54868,47.9253
90960,3440,3851,6103,12233,3301,3751,4758,6433,3204,3489,3799,4052,3119,3218,3407,3351,-25.4706,27.7135,8.56351,47.6727
90961,3422,3853,5853,12701,3216,3727,4728,6102,3393,3364,3726,4005,3158,3324,3482,3476,-33.7916,29.5488,8.89913,47.6867
90962,3224,3352,3790,3721,3347,3627,4332,5310,3285,3873,5226,9898,3331,3816,4993,7152,10.6579,31.721,8.7681,48.1847
90963,8149,8781,4831,3625,5573,5776,4164,3593,4004,3922,3640,3332,3340,3358,3236,3149,-22.7196,-13.6095,8.66029,48.3153
90964,3389,4100,5643,5406,3542,4444,7598,6846,3327,3826,4868,4751,3280,3572,3833,3716,-8.9021,13.6474,8.55223,48.094
90965,3466,3602,3376,3282,4142,4508,3835,3560,5670,7700,4636,3739,5530,6916,4712,3716,13.9153,-9.76019,8.98958,48.26
90966,4353,5595,5281,3970,4441,7242,6633,4073,3911,4603,4547,3768,3393,3553,3581,3508,-10.4523,-1.45974,8.79186,48.3013
90967,3676,4438,7228,7110,3552,4350,6569,6404,3336,3620,4183,4285,3134,3398,3485,3534,-16.7182,14.4372,8.51264,48.2013
90968,3195,3351,3535,3448,3325,3433,4046,4620,3376,3769,5239,8796,3265,3837,5344,9305,15.4888,33.05,8.97261,47.9227
90969,3762,4763,8316,7563,3572,4256,6137,5651,3315,3571,4006,4012,3138,3301,3407,3558,-20.4657,13.2976,8.57478,48.2187
90970,3598,4392,7872,9551,3425,4007,5562,6137,3187,3444,3925,4032,3123,3219,3410,3330,-22.0173,17.8033,8.86551,48.1427
90971,3604,3570,3420,3169,4767,4234,3626,3174,8671,5743,3872,3436,7966,5544,3911,3334,13.4905,-22.576,8.6023,48.0273
90972,3625,4730,8030,7329,3567,4283,6156,5865,3400,3660,3904,4004,3111,3310,3441,3433,-19.3161,13.3108,8.64734,47.8987
90973,3269,3357,3451,3168,3489,3628,3796,3608,4063,4911,5014,4197,4512,7865,8819,5009,30.0862,1.54993,8.83571,48.104
90974,3171,3292,3398,3206,3485,3731,3753,3522,3876,4644,5255,4433,4236,6838,9647,5672,28.0143,4.69337,8.81805,48.106
90975,3223,3354,3727,3719,3234,3628,4365,5062,3386,4067,6514,8686,3401,3937,5471,6748,11.0493,19.1179,8.94888,48.348
90976,3593,4726,8719,8061,3572,4197,5640,5589,3292,3558,3885,3953,3227,3235,3475,3446,-23.103,14.1123,8.52046,48.112
90977,3148,3441,3303,3341,3488,3699,3709,3730,3953,4826,5067,4356,4381,7374,8980,5133,33.5252,2.6384,8.53947,47.9527
90978,3045,3181,3494,3375,3272,3458,3740,4169,3409,3921,5149,6767,3510,4088,6715,10866,22.2241,22.7799,8.86082,48.106
90979,3182,3355,3532,3507,3377,3787,4229,4447,3524,4336,6859,6929,3520,4431,6673,6530,14.1658,14.6638,8.76944,48.1453
90980,3425,4020,6078,7028,3473,4178,6680,7780,3279,3669,4412,4776,3142,3301,3607,3657,-12.8319,17.4382,8.95039,48.3367
90981,9053,8588,4562,3620,5670,5362,4054,3497,4044,3882,3594,3215,3384,3388,3285,3002,-25.217,-15.7266,8.50253,48.1333
90982,4759,4253,3615,3352,8531,4947,3675,3398,8301,4818,3708,3303,4737,4186,3568,3248,-0.321993,-28.6139,8.87074,48.266
90983,4995,8744,7687,4497,4189,5041,4882,4001,3610,3756,3715,3569,3301,3281,3450,3156,-32.9454,-1.67249,8.90681,47.916
90984,4303,6665,8958,5383,4050,4944,5773,4481,3398,3690,3764,3644,3208,3262,3425,3269,-22.6097,4.04738,8.59003,48.1447
90985,4037,4446,3938,3535,5028,7092,4912,3761,4923,6708,4782,3688,3950,4166,3858,3472,-0.826652,-7.08719,8.52246,48.1973
90986,3125,3395,3886,4311,3420,3748,4613,7009,3319,3731,5070,9430,3303,3798,4444,5457,4.04614,32.2898,8.64047,48.0393
90987,3462,3400,3205,3201,3913,3796,3428,3289,5996,4625,3688,3402,12714,6047,3846,3351,31.5585,-29.6799,8.50714,47.5753
90988,10082,8101,4370,3518,5529,5150,3996,3479,3883,3841,3510,3346,3435,3436,3326,3017,-29.9078,-17.567,8.79237,48.0127
90989,3881,3760,3526,3253,5475,4909,3735,3298,8219,6732,4046,3452,5580,4904,3868,3417,7.00124,-17.9333,8.80824,48.0367
90990,4273,4008,3492,3112,7274,4616,3606,3344,9381,5053,3795,3278,5465,4412,3651,3322,3.22567,-32.9428,8.93222,48.0547
90991,3113,3312,3462,3485,3350,3608,4102,4355,3467,4090,6228,6399,3617,4371,7312,7710,17.9501,15.5922,8.55885,47.9873
90992,3244,3258,3408,3365,3393,3552,3762,3669,3684,4348,5233,4921,3999,5543,10044,6809,29.1932,9.37034,8.9324,48.1547
90993,3255,3377,3293,3227,3472,3750,3686,3700,4049,4813,5175,4278,4415,7545,8931,4991,31.5171,2.36066,8.762,47.9713
90994,3692,4597,8153,7705,3444,4282,6060,5986,3272,3637,3943,3924,3099,3233,3478,3535,-20.4671,13.7328,8.57719,48.0267
90995,5137,9189,7420,4483,4316,5085,4780,3960,3535,3865,3650,3499,3218,3368,3381,3186,-28.5246,-3.00984,8.59036,48.048
90996,3381,4017,6479,12199,3351,3852,4856,6226,3294,3443,3844,3916,3068,3245,3369,3383,-26.767,24.9075,8.65514,47.9487
90997,4979,4866,3853,3398,7195,7247,4084,3460,5443,5408,3907,3421,4095,3933,3568,3319,-4.91901,-15.0902,8.86343,48.1173
90998,3337,3917,5977,11766,3523,3832,4856,6882,3309,3516,3808,4070,3119,3191,3338,3286,-22.7395,30.9292,8.78324,47.818
90999,4848,4373,3642,3264,8021,5479,3867,3334,7441,5245,3875,3431,4546,4124,3578,3304,-1.25101,-21.7208,8.71777,48.248
91000,4246,4374,3692,3266,5781,6603,4208,3518,6012,6646,4359,3470,4358,4382,3825,3510,0.539922,-12.68,8.65152,48.1667
91001,3992,4770,4682,3805,4369,7160,6644,4084,3949,5149,4880,3948,3514,3752,3593,3617,-5.39366,-1.03205,8.90219,47.9387
91002,3475,3745,3821,3357,3994,4760,4452,3875,4514,7248,6464,4201,4157,5375,5005,4075,8.7631,-2.10762,8.56462,48.3453
91003,3424,3449,3428,3296,3769,4212,4056,3686,4408,6844,6109,4200,4530,6476,5995,4180,14.61,-1.50632,8.78577,48.0413
91004,4143,6439,9932,5934,3911,4677,5071,4568,3342,3604,3813,3722,3279,3343,3246,3334,-32.2799,5.55695,8.98026,48.2387
91005,3439,3487,3259,3093,4251,3915,3588,3270,6791,6004,4047,3458,8597,7292,4253,3453,18.5423,-17.5489,8.6585,48.1313
91006,5223,5632,4348,3545,6438,8041,4585,3611,4645,4951,3912,3493,3787,3763,3400,3212,-8.89176,-11.7345,8.95015,48.3907
91007,3097,3187,3459,3522,3217,3555,3802,3984,3459,3934,5517,6239,3534,4500,7800,9219,21.877,17.143,8.77041,48.0167
91008,3125,3241,3309,3457,3269,3400,3830,3932,3403,3817,5022,5841,3471,3996,7033,11434,32.8217,21.1799,8.87369,47.72
91009,3417,3733,4905,7165,3386,3750,5183,10166,3165,3659,4388,5439,3105,3245,3534,3901,-9.93489,30.9276,8.98249,48.094
91010,3379,3762,3944,3795,3661,4535,5869,4581,3775,5173,8011,5122,3667,4137,4763,4234,4.10728,6.836,8.94094,48.272
91011,3427,3567,3775,3604,3705,4396,5097,4175,3818,5728,7908,4966,3735,4585,5046,4435,7.02156,4.76399,8.95955,47.978
91012,3138,3513,3923,4184,3306,3710,4648,6789,3389,3830,5196,9527,3217,3711,4469,5645,4.34923,31.0562,8.77082,48.13
91013,9423,5457,3834,3342,8795,5132,3721,3377,4631,4152,3451,3239,3549,3429,3239,3047,-15.9929,-27.6325,8.86627,47.8787
91014,5088,4320,3397,3294,9205,5105,3792,3251,7401,4695,3644,3296,4419,3907,3509,3200,-2.60668,-32.4871,8.84099,47.682
91015,3437,3569,3224,3144,4280,3956,3618,3225,7546,5174,3758,3376,10266,6187,3934,3386,19.48,-23.81,8.58348,48.0533
91016,3358,3402,3364,3284,3686,4181,3966,3619,4448,6713,5896,4099,4785,6949,6143,4266,15.8411,-2.17974,8.82866,48.106
91017,3364,3396,3354,3168,3716,3826,3751,3481,4667,5538,4679,3805,6034,9236,6310,4142,24.3571,-6.09842,8.53977,48.3113
91018,3446,3991,5820,9956,3499,3835,5150,8008,3261,3561,3922,4352,3158,3148,3558,3466,-17.9635,25.9088,8.67855,48.0873
91019,3446,4416,8205,9898,3445,3925,5136,5589,3250,3461,3770,3938,3093,3189,3410,3405,-29.9835,17.2253,8.6054,47.7173
91020,3382,4291,7545,10801,3442,3996,5050,5891,3212,3385,3896,3977,3095,3341,3373,3358,-33.976,19.8463,8.7925,48.0233
91021,3238,3268,3300,3385,3322,3518,3810,3861,3493,4222,5303,5303,3546,4839,9175,8401,27.9979,13.4654,8.62946,47.9893
91022,4417,4521,3872,3510,5908,7136,4412,3633,5242,6309,4257,3597,4107,4265,3769,3479,-2.01022,-11.1099,8.55863,48.2893
91023,12408,6596,3914,3438,6121,4798,3770,3480,3943,3750,3419,3262,3369,3389,3263,3103,-27.6653,-24.8419,8.9367,48.0153
91024,3471,3343,3149,3071,4018,3935,3605,3251,6816,5921,4048,3439,8897,7165,4312,3558,19.071,-17.593,8.96807,47.9993
91025,5218,6589,4860,3887,5367,8019,5201,3744,4154,4471,3866,3496,3558,3718,3498,3204,-12.7519,-7.76648,8.92676,48.5667
91026,3443,3370,3177,3025,4032,3765,3486,3176,6064,4601,3816,3333,12502,6210,3959,3370,33.1542,-27.0984,8.75128,47.5527
91027,3299,3430,3560,3209,3509,3739,3697,3471,4210,5055,5047,4075,4822,8248,8241,4708,26.9246,-0.184804,8.5373,48.2133
91028,3171,3266,3511,3440,3250,3398,3984,4315,3428,3916,4922,7841,3335,3949,5754,10658,18.7066,30.0368,8.66124,48.092
91029,3072,3231,3341,3395,3206,3514,3878,4053,3392,3777,5114,6586,3412,4062,7002,11002,23.4141,21.5755,8.77896,48.0247
91030,3611,4214,4796,4129,3909,5426,7745,4850,3694,4726,5793,4540,3449,3741,3971,3731,-3.85701,5.27263,8.87086,48.2167
91031,3125,3411,3883,4131,3305,3751,4520,6345,3254,3794,5172,9934,3251,3705,4516,6073,6.58948,29.1565,8.65748,48.1133
91032,6595,7338,4650,3653,6021,7109,4407,3630,4319,4234,3720,3346,3485,3681,3315,3089,-15.8774,-12.5975,8.80775,48.3947
91033,3239,3546,4514,5727,3373,3800,5107,9558,3296,3753,4556,6665,3207,3478,3728,4168,-5.08596,31.7825,8.64286,47.81
91034,3346,3573,3492,3431,3804,4318,4198,3722,4212,6638,6655,4291,4437,5905,5896,4494,12.9267,0.193075,8.77848,48.2747
91035,6814,9703,5456,3834,4892,5457,4389,3603,3782,3843,3630,3360,3370,3403,3318,3058,-26.1841,-9.60313,8.64108,47.9413
91036,3527,3659,3853,3645,3616,4511,5172,4126,3987,5984,7496,4745,3803,4617,5164,4284,6.9635,3.55691,8.51038,48.126
91037,3402,3926,6356,11357,3457,3776,5020,6945,3171,3403,3883,4114,3122,3230,3335,3413,-22.4566,25.0493,8.58129,47.94
91038,3426,3982,6912,11841,3323,3745,4924,5906,3156,3560,3829,3934,3160,3265,3273,3403,-30.414,22.7536,8.66587,47.7593
91039,4056,3779,3510,3148,6020,4928,3668,3333,8925,6039,3995,3386,5792,4811,3782,3328,6.25411,-20.804,8.84702,48.3333
91040,3549,4052,4846,4417,3717,4929,7715,5523,3542,4216,6028,4795,3284,3652,3936,3811,-3.87832,8.94783,8.8277,48.008
91041,3972,3795,3440,3200,5088,4912,3755,3324,7990,6850,4182,3455,5828,5202,3977,3405,8.26951,-17.0929,8.68733,48.25
91042,5658,5593,4021,3471,7161,7348,4407,3558,4852,4830,3772,3377,3732,3707,3449,3219,-9.17778,-14.6957,8.89302,48.1033
91043,3088,3295,3572,3587,3197,3567,4217,4754,3424,3996,5803,8362,3370,4052,5987,7858,14.3067,20.5789,8.58121,48.086
91044,4966,4355,3549,3199,8710,5325,3767,3433,7614,4919,3704,3249,4508,4091,3534,3280,-1.85716,-24.639,8.71294,48.1353
91045,4240,6371,9129,5774,3896,4843,5769,4723,3403,3682,3836,3641,3234,3255,3430,3325,-23.1427,5.70833,8.59389,48.3673
91046,3079,3202,3672,3582,3353,3463,4161,4831,3327,3893,5343,9117,3371,3879,5314,8578,14.1776,26.4473,8.82952,48.11
91047,3439,3424,3306,3039,4497,4001,3614,3211,8042,5241,3821,3453,9870,5818,3878,3504,17.609,-25.2195,8.58069,48.1053
91048,3433,3871,5660,8365,3409,3877,5814,8623,3316,3527,4162,4751,3156,3285,3580,3511,-14.5496,22.1926,8.93714,48.2267
91049,12558,6091,3956,3477,6080,4797,3800,3253,3865,3760,3384,3227,3400,3353,3274,3093,-29.2968,-29.8365,8.62388,47.5787
91050,4478,7695,8969,5218,3958,4693,5135,4349,3436,3626,3770,3571,3216,3329,3370,3261,-32.0681,2.2028,8.86867,48.0493
91051,4368,5825,5334,4078,4572,7209,6510,4116,3904,4523,4323,3652,3465,3630,3637,3405,-10.6118,-1.7365,8.594,48.3673
91052,3273,3363,3376,3303,3402,3771,4023,3795,3864,4861,6048,4788,4119,6213,8903,5543,20.5728,5.47751,8.98298,48.43
91053,4524,7207,8646,5099,4062,5007,5486,4225,3494,3742,3951,3687,3244,3347,3338,3252,-23.6391,2.31244,8.595,48.2073
91054,3878,3602,3411,3098,5647,4431,3657,3280,9593,5562,3766,3485,6696,4899,3796,3371,9.0438,-25.0277,8.68787,48.1147
91055,12623,6404,4003,3347,5977,4814,3762,3324,3990,3784,3349,3179,3330,3313,3147,3156,-30.6303,-26.0463,8.97706,47.668
91056,3495,3887,6129,12124,3342,3655,4758,6060,3138,3380,3794,4077,3210,3359,3353,3430,-33.1522,26.5107,8.54964,47.4607
91057,4427,6362,5989,4366,4495,6862,6251,4257,3858,4263,4110,3574,3295,3504,3340,3335,-13.8489,-1.17994,8.72554,48.192
91058,9287,5457,3826,3412,8577,5190,3853,3359,4630,3974,3467,3264,3558,3502,3213,3054,-15.9098,-31.0387,8.67015,47.7487
91059,3141,3407,3765,3933,3275,3592,4435,5783,3418,3921,5419,9888,3448,3745,4768,6449,7.88807,25.3954,8.80102,48.258
91060,3163,3580,3812,4020,3314,3748,5225,5511,3479,4077,6925,8124,3454,3853,4959,5544,6.5862,17.4327,8.90774,48.5253
91061,4396,4009,3528,3207,6951,4821,3728,3263,8993,5303,3840,3372,5419,4485,3692,3364,3.57835,-24.448,8.59387,48.2473
91062,3426,3458,3293,3069,4279,3837,3496,3349,7102,5243,3901,3317,10450,6532,4121,3452,20.6886,-22.4233,8.95711,48.2167
91063,3480,4220,5985,6408,3534,4245,6962,7312,3213,3702,4436,4697,3211,3424,3639,3698,-12.3685,16.1241,8.5283,48.1107
91064,6335,5857,4156,3439,7380,7086,4232,3400,4638,4466,3717,3360,3758,3671,3450,3078,-11.8028,-15.8608,8.56193,48.0153
91065,3358,4143,6317,10094,3410,3956,5340,7360,3283,3493,4052,4157,3127,3195,3463,3341,-19.3777,21.78,8.87658,48.0593
91066,3445,3333,3303,3190,3841,3785,3439,3358,5885,4746,3769,3356,12278,6071,3949,3442,31.5019,-32.9348,8.51091,47.46
91067,3392,3421,3493,3200,3634,4023,3704,3591,4681,6488,5084,4012,5407,8175,5990,4194,18.8776,-4.46453,8.68877,48.326
91068,7905,7368,4427,3539,6613,6090,4065,3514,4285,4024,3617,3270,3551,3500,3339,3074,-18.1437,-16.1338,8.81813,48.1207
91069,8257,6561,4249,3473,7313,5962,4021,3572,4457,4036,3681,3264,3552,3444,3285,3167,-16.4427,-18.8034,8.74544,48.196
91070,3594,4500,7027,6624,3494,4385,6927,6538,3295,3667,4360,4252,3160,3352,3540,3595,-14.9934,13.6502,8.89271,48.2067
91071,3288,3464,3193,3012,3781,3912,3552,3235,5470,5440,4038,3419,8728,9172,4685,3577,25.7915,-14.3442,8.9825,47.9773
91072,7341,8979,5002,3830,5468,5928,4187,3648,3868,3874,3609,3314,3407,3474,3244,3159,-21.7246,-12.1932,8.91905,48.2213
91073,3247,3334,3418,3219,3483,3822,3849,3617,4123,5555,5553,4388,4575,7564,7944,4763,21.497,0.689128,8.79699,48.3027
91074,3164,3081,3482,3350,3216,3385,3762,3886,3359,3834,4614,6096,3439,3891,6205,12698,30.2199,27.2786,8.68241,47.6413
91075,3173,3164,3419,3422,3233,3486,3867,3801,3549,4068,5226,5442,3574,4692,9067,8890,31.1533,14.6874,8.98575,48.0487
91076,3180,3400,3842,3856,3235,3752,4548,5118,3451,4040,6412,8702,3336,3960,5214,6431,9.79263,19.7726,8.8074,48.318
91077,3145,3240,3475,3529,3281,3556,4036,4150,3381,3989,5625,6734,3441,4204,7238,9432,20.2526,18.9532,8.87035,48.304
91078,4804,8654,8156,4648,4288,4922,4887,4134,3510,3762,3729,3505,3347,3252,3321,3158,-28.6904,-0.684415,8.99004,48.0513
91079,6644,8168,5128,3821,5336,6557,4603,3711,3928,4170,3594,3440,3416,3392,3244,3166,-18.9136,-10.3639,8.78269,48.212
91080,3114,3198,3456,3578,3296,3422,3919,4172,3431,3876,5103,7229,3379,3874,5890,10842,20.0325,33.5846,8.62035,47.8527
91081,3738,3649,3511,3224,4201,4801,4084,3549,5697,8260,4956,3761,4995,5798,4440,3674,10.088,-9.06767,8.9357,48.2253
91082,5249,7721,5976,4103,4763,6805,5329,3930,3792,4104,3899,3508,3433,3348,3413,3087,-17.4553,-4.64093,8.97584,48.3067
91083,3221,3935,5534,8444,3404,3935,5458,9130,3275,3524,4191,4874,3097,3236,3530,3621,-13.6878,24.72,8.94639,48.2727
91084,3134,3362,3442,3542,3266,3719,4040,4051,3704,4603,6686,5682,3762,4661,7938,6509,17.5906,11.2447,8.86346,48.0673
91085,3710,4912,8460,6847,3596,4462,6305,5535,3335,3732,4013,3990,3103,3326,3394,3448,-19.4114,11.4689,8.54043,48.112
91086,5411,5220,4032,3446,7443,7313,4160,3374,5117,5016,3851,3382,3881,3906,3510,3201,-7.48284,-15.6825,8.98629,48.1753
91087,3477,3539,3284,3142,4638,4042,3629,3282,8599,5513,3837,3407,8805,5683,3921,3415,15.4636,-24.176,8.65091,48.142
91088,3649,4200,4816,4549,3743,5026,7941,5353,3651,4337,5791,4670,3357,3741,3957,3917,-4.73209,8.11205,8.67251,48.4653
91089,3647,3546,3438,3313,4206,4550,3999,3504,5525,7946,5051,3717,5006,6226,4725,3818,11.2342,-8.21912,8.61707,48.1447
91090,6054,5715,4072,3582,7819,7036,4075,3455,4914,4615,3668,3403,3543,3653,3483,3183,-10.6117,-16.8286,8.60854,48.18
91091,3682,3528,3230,3072,4755,4302,3620,3336,8092,6075,3992,3431,7698,5968,4036,3436,13.561,-19.8688,8.56208,48.1687
91092,7760,6984,4283,3602,6905,6261,4271,3465,4165,4125,3599,3211,3538,3486,3282,3129,-16.6365,-16.5548,8.81187,48.044
91093,3478,4321,8055,9905,3426,4072,5200,5550,3248,3606,3801,4106,3137,3251,3377,3414,-32.9355,17.3233,8.59315,47.9647
91094,12225,6107,3910,3509,6486,4897,3848,3327,3911,3848,3341,3290,3351,3420,3325,3185,-24.7932,-32.7902,8.52351,47.9867
91095,3296,3660,3615,3502,3707,4307,4566,3825,4160,6350,7372,4513,4018,5278,5716,4410,10.7222,2.53095,8.61703,48.1967
91096,3258,3709,4401,5466,3355,3802,5074,9760,3330,3593,4679,7002,3244,3450,3932,4130,-3.99022,32.0365,8.92921,48.1233
91097,3309,3394,3322,3230,3604,3757,3740,3505,4509,5065,4819,3892,5613,9324,6593,4294,33.6143,-4.32206,8.58019,47.98
91098,3046,3341,3434,3423,3196,3453,3854,4061,3357,3845,4927,6590,3424,4001,6503,11441,23.8866,23.2939,8.9033,47.9307
91099,4748,6642,6087,4185,4403,6733,5997,4118,3744,4222,4138,3621,3347,3380,3499,3334,-14.9333,-1.49671,8.96496,48.132
91100,3332,3403,3146,2988,4038,3908,3415,3277,6181,4887,3789,3254,12104,6596,4060,3480,26.7354,-24.8189,8.68237,47.9053
91101,4160,6434,8216,5260,3910,5315,6118,4530,3495,3733,3926,3686,3309,3383,3411,3316,-19.6969,3.9958,8.77614,48.1347
91102,3069,3179,3337,3351,3225,3430,3772,3970,3387,3900,4768,6005,3417,4036,7062,11912,27.9336,22.7056,8.95558,47.88
91103,3150,3316,3365,3320,3461,3890,3863,3700,4018,4843,5376,4374,4265,6929,8950,5412,23.5942,3.88492,8.65917,48.1547
91104,3497,3930,4394,4099,3798,4691,7116,5085,3637,4669,6701,4912,3428,3806,4256,4030,-0.684968,8.0843,8.77745,48.0327
91105,3320,3404,3277,3008,4125,3899,3524,3071,7169,4889,3807,3483,11497,5908,3813,3419,21.595,-29.9143,8.97304,47.742
91106,3254,3407,3265,3120,3763,3876,3601,3324,5203,5220,4177,3727,7367,9652,5117,3719,33.1551,-10.9182,8.67781,47.8613
91107,6779,6974,4371,3537,6525,7037,4433,3597,4380,4323,3781,3276,3412,3493,3350,3085,-15.3302,-14.1026,8.62364,48.2353
91108,3074,3210,3408,3360,3352,3532,3744,4052,3343,3749,4764,6386,3380,3930,6037,12395,26.3773,29.5878,8.68613,47.8107
91109,4796,4577,3780,3391,6925,6991,4260,3507,5831,5798,3939,3418,4175,3969,3649,3124,-3.15992,-15.0354,8.93846,48.0867
91110,4330,4723,4116,3614,5392,7803,4878,3821,4779,6047,4446,3584,3920,4092,3648,3409,-3.4087,-8.22649,8.89729,48.4013
91111,8281,5414,3860,3452,8807,5530,3915,3426,4776,4120,3558,3290,3615,3635,3391,3063,-14.095,-24.6681,8.54962,48.0887
91112,3619,3462,3382,3116,4768,4152,3627,3352,9123,5327,3813,3442,8504,5423,3822,3358,13.7143,-25.8891,8.76318,48.1933
91113,3374,3894,5851,12686,3410,3651,4599,5820,3202,3414,3727,3820,3216,3235,3462,3443,-30.7278,33.3309,8.89342,47.2027
91114,3451,3312,3265,3064,3917,3739,3504,3251,5893,4987,3816,3432,11261,7332,4140,3455,28.4614,-20.7597,8.87316,47.8793
91115,3439,3884,6170,12513,3350,3755,4812,6303,3212,3479,3794,3834,3106,3201,3461,3370,-26.6384,29.7711,8.68529,47.7887
91116,4287,4014,3376,3136,6991,4893,3729,3335,9319,5153,3890,3379,5404,4381,3750,3230,3.46636,-25.9306,8.79272,48.178
91117,7337,9811,5337,3768,5037,5151,4135,3641,3646,3764,3613,3218,3503,3499,3229,3125,-30.215,-10.6155,8.84867,47.876
91118,3644,3518,3455,3244,4155,4505,3809,3433,5622,7690,4994,3834,5481,6589,4746,3849,12.8866,-9.01142,8.63171,48.3787
91119,5913,4606,3825,3248,9087,5709,3961,3431,6153,4834,3737,3376,4091,3836,3404,3101,-6.24833,-22.9982,8.61769,48.208
91120,3297,3260,3303,3203,3907,3793,3462,3177,6116,4792,3789,3355,12564,6152,3878,3415,28.6782,-27.5445,8.58453,47.642
91121,3421,3329,3231,3106,3674,3873,3479,3341,5497,5032,4034,3373,10046,8100,4319,3475,32.2025,-17.582,8.75725,47.5533
91122,10397,8122,4113,3512,5736,4989,3922,3470,3919,3769,3488,3189,3428,3460,3272,3121,-32.4304,-18.6923,8.95116,47.938
91123,3610,3612,3397,3190,4353,4437,3718,3432,6173,7534,4603,3676,5904,6597,4449,3695,13.1478,-12.2661,8.8038,48.2533
91124,3365,4019,6196,12685,3356,3698,4887,6051,3183,3350,3765,3942,3127,3262,3424,3422,-33.1217,26.8975,8.90548,47.8213
91125,3302,3873,5183,6171,3337,3972,6096,8824,3365,3781,4511,5490,3130,3371,3744,3814,-8.83554,20.5554,8.54553,47.976
91126,3319,3516,4442,5455,3348,3860,5201,9227,3323,3689,4708,6902,3176,3587,3899,4321,-4.02409,27.8081,8.51395,47.982
91127,3409,3415,3312,3152,3929,3803,3425,3244,6112,4712,3803,3382,12475,6038,3830,3336,27.2573,-32.1585,8.60916,47.5847
91128,3174,3300,3480,3388,3165,3602,3838,3855,3478,4008,5237,5400,3411,4666,8925,9083,29.508,15.2788,8.80239,48.0067
91129,3105,3225,3377,3379,3269,3652,4012,3905,3525,4426,5928,5274,3817,5130,9053,7317,21.945,11.7615,8.91049,48.2627
91130,3436,3396,3235,3078,4192,3877,3465,3208,7098,4925,3751,3352,11551,5898,4030,3360,21.8939,-29.4453,8.61525,47.9013
91131,5574,4662,3734,3326,8818,6364,4024,3453,6089,4870,3740,3397,4025,3914,3505,3121,-5.93094,-20.1347,8.94956,48.4107
91132,5733,4793,3675,3307,8963,6135,3869,3374,6019,4702,3675,3305,4121,3870,3536,3135,-6.28582,-21.133,8.71058,48.1413
91133,6088,9827,6158,3986,4625,5578,4635,3771,3819,3917,3481,3456,3322,3363,3338,3041,-24.991,-6.84233,8.81725,48.27
91134,9521,8429,4316,3461,5624,5242,4083,3436,3912,3907,3548,3317,3261,3387,3233,3095,-33.5235,-16.5549,8.82132,47.848
91135,3166,3260,3495,3750,3227,3489,4149,4929,3362,3862,5204,9574,3433,3840,5039,7973,12.2905,28.4518,8.65927,47.8347
91136,3791,4628,8585,7636,3657,4199,5995,5634,3242,3655,3994,3894,3142,3263,3455,3400,-21.0764,13.0355,8.84487,48.1133
91137,5810,7698,5080,3808,5327,7125,4820,3738,4001,4257,3858,3441,3477,3474,3329,3136,-16.1924,-8.58009,8.55959,48.2527
91138,3447,3493,3107,3070,4162,3804,3443,3185,6577,5261,3963,3417,10392,6972,4216,3418,22.2258,-20.4986,8.9526,47.9513
91139,3370,3746,4045,4138,3549,4292,6320,4954,3720,4590,7404,5547,3609,3916,4721,4468,2.17318,9.9598,8.72921,48.2593
91140,3521,3429,3299,3104,3961,3895,3468,3229,6515,5489,3924,3430,9549,7298,4216,3411,21.2328,-19.0519,8.65088,47.8253
91141,3599,4218,5529,5013,3604,4790,8209,6040,3552,4081,5005,4491,3307,3572,3754,3791,-8.25208,10.2903,8.65335,48.37
91142,11651,5787,3936,3363,7134,4935,3742,3394,4170,3874,3376,3178,3462,3481,3348,3043,-21.4379,-29.1763,8.80898,47.916
91143,3273,3435,3493,3416,3450,3892,4430,4161,3810,4828,7662,5512,3763,4885,6940,5608,13.8932,9.23488,8.74423,48.372
91144,3513,4337,7499,9731,3478,3971,5302,6076,3228,3553,3826,4009,3105,3329,3269,3409,-22.7508,18.6363,8.5136,47.7567
91145,3737,4364,4604,4107,3997,5725,7111,4646,3900,5098,5777,4229,3472,3866,4040,3751,-3.15796,3.43611,8.80913,48.2827
91146,6605,4942,3856,3235,9855,5379,3826,3456,5833,4332,3648,3314,3949,3689,3358,3146,-8.5519,-27.5157,8.57515,48.282
91147,4089,3908,3513,3303,5685,5623,3941,3446,7039,7146,4193,3451,5040,4811,3846,3378,4.26796,-14.931,8.98317,48.2747
91148,3800,3598,3397,3134,5025,4467,3570,3288,8661,6252,3968,3413,6853,5559,3977,3359,11.3246,-20.2447,8.72182,48.214
91149,3124,3175,3367,3422,3171,3467,3741,3934,3487,3976,5073,5763,3518,4374,7955,10412,27.7519,18.2677,8.71322,47.9727
91150,3958,4134,3982,3620,4414,6146,5450,3905,4397,6579,5826,3905,3818,4274,4232,3602,0.773196,-2.19818,8.87265,48.1613
91151,3222,3686,4143,4475,3407,3833,5516,7169,3463,3848,5806,7887,3283,3633,4326,4864,1.5704,20.285,8.7745,48.374
91152,3401,3840,3746,3534,3884,4753,4840,3847,4445,7123,6588,4300,4033,5007,4700,4132,7.61714,-0.884419,8.66497,48.1153
91153,12599,5991,3842,3399,5889,4742,3720,3309,3949,3847,3539,3124,3411,3495,3141,3155,-31.6803,-27.8325,8.93704,47.4347
91154,3394,3585,3871,4019,3473,3995,5485,5138,3548,4465,7673,6431,3472,3953,5033,4896,5.90635,12.9568,8.67724,48.2873
91155,3845,4389,4157,3629,4446,6586,5703,3962,4405,6303,5342,3928,3757,4175,3976,3608,-0.791418,-2.70831,8.82106,48.1407
91156,3904,3766,3335,3139,5496,4612,3675,3287,9270,5902,3896,3316,6516,5018,3780,3365,8.91823,-22.2866,8.84769,48.1847
91157,3559,3744,3636,3447,4034,5255,4707,3941,4611,7501,6209,4056,4233,4933,4609,3918,6.4375,-2.62574,8.77411,48.262
91158,3317,3703,4828,6893,3318,3717,5336,10246,3285,3538,4181,5477,3033,3380,3640,3739,-9.44935,28.0398,8.99319,47.754
91159,3185,3309,3451,3337,3421,3721,3931,3852,3553,4661,6331,5067,3870,5442,8668,6350,19.9715,9.1352,8.72064,48.0993
91160,4201,3939,3533,3204,6894,4519,3598,3217,9579,5226,3687,3358,5718,4538,3627,3325,4.53872,-27.596,8.96768,48.1087
91161,3362,3930,5272,6770,3417,4047,6303,8808,3273,3778,4396,5176,3192,3361,3672,3823,-10.3128,20.3624,8.60993,48.3867
91162,3389,3809,5125,7874,3371,3897,5220,9689,3219,3564,4287,5067,3159,3299,3595,3714,-12.222,31.9403,8.90098,48.1853
91163,10008,6947,4139,3413,6961,5304,3879,3407,4117,3988,3555,3196,3477,3464,3245,3076,-20.956,-20.5957,8.75319,48.1173
91164,3773,4685,7133,5946,3730,4844,7639,5497,3258,3646,4389,4132,3213,3449,3516,3476,-14.8774,9.75251,8.81989,48.2173
91165,3394,3388,3406,3266,3587,3923,3908,3523,4336,5945,5555,4146,4843,7542,7012,4457,19.3225,-1.21621,8.66008,48.154
91166,3522,4305,6184,6119,3545,4321,7351,6823,3477,3790,4472,4502,3186,3332,3627,3660,-12.2953,13.8465,8.54912,48.144
91167,3246,3661,4497,4715,3453,3965,6576,7244,3392,4009,6006,6181,3309,3607,4222,4317,-1.97787,16.3996,8.82274,48.2667
91168,5585,9561,6661,4230,4455,5060,4604,4016,3610,3875,3745,3397,3286,3400,3373,3173,-30.3504,-4.60103,8.72196,48.0207
91169,4230,4520,4033,3508,5232,7111,4846,3616,4961,6567,4536,3667,3902,4323,3807,3416,-1.0527,-8.49926,8.8906,48.1833
91170,3246,3218,3729,3809,3280,3519,4261,5223,3358,3783,5327,9779,3404,3832,5047,7436,10.9239,30.2336,8.87394,48.1673
91171,3329,4070,7266,11390,3478,3864,4838,5921,3213,3480,3773,3959,3039,3246,3388,3426,-29.5964,21.52,8.60371,47.7867
91172,9605,6167,4017,3419,7778,5259,3977,3455,4356,4030,3484,3172,3573,3413,3254,3151,-17.8636,-23.7632,8.5531,48.0733
91173,3252,3682,4630,5627,3242,3806,5238,9475,3261,3627,4785,6910,3127,3506,3911,4330,-4.35985,26.6498,8.66394,48.2727
91174,3408,3917,5491,8967,3417,3736,5148,9033,3223,3647,4183,4652,3098,3347,3479,3543,-14.9438,29.76,8.78028,48.1927
91175,3395,3414,3242,3163,4158,3838,3469,3153,7075,5074,3739,3346,11589,6055,3921,3380,22.1898,-27.1962,8.56155,48.0073
91176,9912,6141,4027,3467,7666,5258,3848,3390,4504,3912,3544,3186,3467,3497,3138,3155,-18.3054,-23.5387,8.85472,48.0747
91177,4249,5721,5915,4311,4379,6472,6830,4383,3775,4300,4399,3833,3367,3690,3565,3437,-12.47,0.644161,8.53346,48.4173
91178,12382,6121,3953,3388,6369,4855,3810,3333,3942,3812,3466,3124,3310,3353,3222,3119,-25.3539,-30.1528,8.60491,47.706
91179,3164,3291,3569,3684,3347,3582,4150,4823,3374,3974,5478,9208,3320,3773,5267,7973,13.0529,25.7328,8.53826,47.9847
91180,12584,5951,3834,3229,5914,4702,3750,3415,3909,3694,3421,3243,3380,3448,3297,3227,-33.1722,-31.7004,8.81418,47.332
91181,3831,4721,6118,4861,3949,5476,7785,5045,3442,4169,4649,4114,3296,3489,3656,3691,-11.0177,6.03167,8.56616,48.1947
91182,3523,3638,3495,3382,3925,4734,4241,3612,4826,7800,6057,4061,4593,5609,4941,3937,9.79081,-3.89205,8.94374,48.2493
91183,3524,3823,3867,3554,3907,4990,5150,4081,4257,6630,7024,4367,3911,4568,4759,4013,5.32521,0.864855,8.6661,48.2833
91184,3307,3723,4522,4812,3374,4042,6481,7641,3401,3952,5550,6223,3292,3674,4035,4194,-2.75937,17.3752,8.96484,48.1487
91185,3246,3430,3331,3138,4061,3908,3487,3222,6813,4976,3828,3336,11702,5773,3889,3474,22.7948,-31.8748,8.65887,47.7427
91186,3123,3485,3788,4036,3270,3700,4779,5690,3434,3980,6602,8667,3453,3817,4879,5749,6.92956,19.186,8.96699,48.3013
91187,3496,3458,3286,3083,4365,3998,3536,3207,7955,5218,3814,3461,9933,5763,3924,3404,17.9378,-25.7283,8.71519,47.934
91188,4243,3941,3499,3203,7041,4645,3692,3343,9379,5198,3828,3221,5409,4482,3639,3279,3.95211,-29.4181,8.65025,48.028
91189,6151,4706,3706,3414,9545,5515,3779,3466,6168,4617,3707,3276,4082,3737,3395,3183,-6.34237,-24.7775,8.54429,48.298
91190,3430,3414,3187,3136,3796,3841,3557,3159,5417,5220,4049,3404,9579,8471,4460,3636,29.2985,-16.6184,8.83185,47.8373
91191,3117,3301,3436,3574,3258,3587,4064,4432,3392,3844,5189,8663,3379,3827,5579,9327,16.2547,33.8686,8.95745,47.9793
91192,3299,3404,3306,3083,3628,3789,3631,3459,4579,5003,4685,3791,5583,9758,6728,4042,32.7777,-4.98841,8.76925,47.8453
91193,3693,4639,7545,6628,3612,4437,6993,5848,3431,3724,4126,4141,3224,3411,3464,3454,-16.5214,12.1368,8.89465,48.2467
91194,3744,3997,4251,3777,3937,5521,6060,4144,4103,5906,6414,4314,3766,4223,4247,3810,0.607815,1.37463,8.69226,48.1427
91195,6716,9851,5455,3866,4851,5159,4474,3546,3731,4013,3670,3348,3372,3357,3213,3162,-32.8944,-9.1889,8.69391,47.856
91196,3357,3461,3234,3067,3955,3816,3550,3216,5937,4974,3851,3354,12024,6856,3967,3347,29.4155,-22.095,8.9939,47.9773
91197,3226,3197,3376,3387,3289,3438,3675,3833,3357,3693,4647,6099,3376,3895,6122,12742,28.4533,31.0935,8.85189,47.568
91198,4328,3810,3484,3166,6869,4539,3741,3340,9534,5230,3738,3297,5633,4450,3610,3299,4.56518,-28.0405,8.86421,48.0453
91199,4730,4188,3557,3283,7344,5567,3849,3384,7617,5642,3826,3354,4822,4211,3511,3253,0.616837,-21.447,8.52006,48.092
91200,3288,3696,4475,5325,3405,3767,5299,9100,3372,3729,4786,7007,3273,3456,3918,4369,-3.61686,24.4839,8.82552,48.1767
91201,3198,3398,3382,3301,3518,3865,4041,3637,3898,4983,6050,4665,4087,6366,8446,5312,19.9656,4.43479,8.57942,48.098
91202,6667,9232,5411,3800,5134,5789,4507,3705,3844,3918,3662,3431,3346,3349,3222,3112,-22.6016,-9.56846,8.52434,48.086
91203,3610,4555,7102,6579,3556,4464,7083,6272,3506,3738,4283,4235,3126,3420,3473,3539,-15.0536,12.9865,8.68948,48.3607
91204,3175,3451,3766,3666,3517,4078,4994,4438,3844,5071,7935,5703,3605,4344,5787,5082,9.28791,9.26866,8.53328,48.304
91205,3243,3353,3329,3311,3638,4086,4086,3579,4417,6190,6295,4450,4688,6666,6570,4347,16.425,0.21968,8.78112,48.1653
91206,4558,5420,4602,3815,4982,7982,5707,3911,4079,5192,4375,3725,3604,3668,3545,3394,-7.38279,-5.31248,8.85724,48.3727
91207,3640,3495,3132,3218,4427,4019,3518,3257,8142,5087,3858,3336,10160,5573,3861,3281,17.6493,-31.1315,8.57868,48.0027
91208,3952,4119,3630,3391,5103,6184,4301,3665,5603,7597,4844,3711,4411,4622,4027,3507,3.04286,-9.60573,8.80504,48.4447
91209,3171,3538,3966,4150,3479,3803,5099,5629,3420,4082,6643,7919,3372,3850,4868,5369,5.95432,17.6313,8.64239,48.2387
91210,4006,3800,3392,3146,6202,4566,3663,3249,9464,5705,3898,3460,5959,4614,3683,3352,6.45947,-24.2424,8.64679,48.106
91211,3344,3753,4656,4807,3452,4195,6837,7180,3466,4033,5522,5937,3260,3552,4171,4170,-3.49889,16.1958,8.76682,48.2233
91212,5521,9402,6742,4271,4401,5155,4791,3919,3549,3829,3689,3462,3346,3362,3346,3167,-32.9064,-4.43197,8.66955,47.968
91213,3578,4002,4826,4521,3580,4635,7811,5967,3507,4255,5953,5092,3315,3635,4028,3856,-4.03112,11.0302,8.95085,48.374
91214,8983,8833,4628,3517,5463,5125,4048,3419,3916,3779,3497,3369,3410,3393,3306,3149,-29.6416,-15.3503,8.73004,47.89
91215,3837,4580,6330,4992,3776,5191,8163,5406,3499,4038,4657,4036,3292,3419,3602,3574,-11.0899,7.74137,8.85498,48.2613
91216,3582,4722,8988,9067,3549,3966,5148,5264,3293,3533,3740,3772,3209,3279,3316,3367,-31.338,15.1226,8.92445,47.8633
91217,3061,3324,3414,3306,3339,3570,3962,3802,3523,4056,5502,5478,3708,4725,8731,8440,25.1872,14.7587,8.51967,47.9607
91218,3405,3998,6433,10731,3385,3911,5241,7097,3191,3556,3909,4162,3088,3293,3414,3422,-20.4356,22.7748,8.94461,48.1573
91219,11469,6911,4033,3384,6489,5026,3845,3418,4007,3759,3464,3248,3355,3348,3276,3107,-24.3001,-22.7836,8.75063,48.0927
91220,3391,3602,3840,3789,3602,4357,5517,4480,3667,5356,8164,5315,3651,4317,5024,4448,5.8048,7.84381,8.92655,48.3467
91221,3610,3684,3749,3448,3926,4692,4616,4023,4373,6848,6973,4362,4013,5001,5048,4002,7.95161,0.107451,8.78521,48.2453
91222,3345,3901,5921,12434,3416,3733,4856,6643,3123,3441,3700,3942,3120,3205,3383,3249,-24.2146,32.2056,8.98926,47.608
91223,4189,6076,7209,4857,4026,5637,6855,4506,3579,3926,4047,3758,3249,3469,3471,3432,-16.092,2.89,8.97691,48.1907
91224,3783,5197,9327,7133,3726,4405,5796,5291,3326,3541,3843,3806,3096,3265,3410,3317,-22.8754,10.8437,8.99525,48.1747
91225,3104,3226,3412,3312,3216,3504,3939,4025,3467,4113,5421,5905,3621,4589,8435,8901,22.6505,15.8847,8.93004,48.1267
91226,3663,3462,3249,3114,4496,3955,3585,3246,8073,5470,3960,3377,9389,5953,3880,3504,17.017,-23.2079,8.78913,48.2507
91227,3179,3378,3436,3486,3379,3540,4116,4251,3421,4243,6227,6827,3423,4378,7029,7600,17.2644,16.127,8.52869,47.942
91228,3419,3270,3284,3036,3881,3796,3530,3338,6133,4884,3742,3380,12587,6047,3847,3378,28.3174,-29.7903,8.67849,47.7013
91229,3439,3340,3256,3166,3783,3888,3612,3211,5128,5320,4167,3604,8218,9543,4934,3608,28.2231,-12.9129,8.93689,48.1447
91230,7764,9365,4919,3633,5286,5336,4152,3683,3883,3914,3645,3188,3337,3358,3264,3244,-33.9197,-12.3464,8.62562,47.9807
91231,3354,3545,3875,3738,3453,3967,5182,4483,3705,4953,8053,5995,3613,4287,5612,4808,7.99802,9.63449,8.73529,48.4153
91232,3473,3857,5850,12549,3346,3775,4808,6047,3299,3494,3714,4029,3146,3230,3439,3353,-33.0587,28.9879,8.71741,47.606
91233,12908,6003,3775,3349,5899,4656,3662,3361,3977,3783,3364,3296,3375,3409,3199,3145,-33.3669,-28.9471,8.91512,47.4407
91234,4089,4510,4589,3975,4374,7056,6650,4308,3977,5300,5042,3994,3551,3866,3788,3545,-5.07826,-0.603596,8.66422,48.4093
91235,3498,3415,3257,3106,4169,3844,3467,3224,6982,5448,3949,3392,10015,6739,4055,3366,20.4383,-21.1712,8.75508,47.9507
91236,3983,4118,3794,3326,4703,5998,4313,3542,5541,7633,4908,3655,4384,4818,4058,3536,3.92361,-8.74102,8.64848,48.2067
91237,3229,3255,3361,3467,3328,3382,3784,4014,3406,3872,4644,5820,3338,3876,5839,12314,33.297,33.04,8.67965,47.286
91238,3447,3458,3335,3077,3831,3877,3579,3316,5111,5764,4358,3810,6711,9557,5621,3884,23.4064,-9.34829,8.90335,48.4907
91239,7049,10091,5482,3782,4933,5322,4351,3776,3676,3746,3652,3328,3226,3463,3176,3214,-28.0576,-10.1536,8.9551,48.178
91240,3346,3582,3537,3472,3802,4406,4509,3798,4415,6715,6936,4324,4293,5443,5712,4233,11.1338,0.389077,8.63746,48.3487
91241,3407,3976,6255,12630,3365,3796,4675,6024,3138,3552,3685,3976,3128,3284,3323,3421,-27.7966,26.2568,8.9737,47.7567
91242,3047,3139,3362,3425,3318,3446,3901,4145,3315,3855,5130,7066,3361,3982,6501,11160,21.4021,23.346,8.85891,48.102
91243,8857,7168,4210,3514,6682,5812,4048,3474,4251,4079,3478,3313,3434,3422,3268,3112,-18.783,-18.242,8.97828,48.0813
91244,4082,5409,6092,4445,4088,6115,7461,4633,3564,4242,4431,3936,3349,3528,3699,3492,-12.1293,2.97355,8.76882,48.3773
91245,3404,4260,7217,11401,3397,3869,4970,6021,3251,3451,3728,3923,3039,3312,3373,3377,-29.0864,21.2722,8.55642,47.9953
91246,3596,4458,7925,8895,3510,4119,5422,6163,3206,3544,3923,4075,3046,3333,3455,3392,-22.3465,16.6085,8.54792,48.0413
91247,3295,3624,4214,4625,3459,3815,5853,7178,3317,3946,5733,7185,3284,3642,4314,4659,-0.122415,19.2471,8.77602,48.0953
91248,3896,5541,7876,5536,3888,4971,6983,4978,3379,3814,4137,3887,3142,3363,3451,3398,-17.3164,6.24039,8.90281,48.16
91249,3631,3638,3298,3139,4906,4162,3547,3226,8772,5602,3823,3428,8325,5599,3825,3366,13.946,-23.3919,8.84524,48.1913
91250,3474,3521,3496,3272,3847,4432,4154,3551,4718,7548,5892,4017,4642,6179,5170,4024,12.2011,-3.49482,8.89456,47.958
91251,3724,5111,9675,7326,3637,4425,5278,5004,3345,3576,3830,3689,3233,3354,3319,3382,-33.7758,10.5768,8.82898,47.9387
91252,3227,3309,3406,3237,3551,3842,3765,3466,4192,4883,4978,4122,4791,8192,8241,4762,32.2171,-0.0917197,8.55397,47.976
91253,5337,9092,7232,4350,4470,5194,4768,4092,3584,3767,3726,3503,3099,3415,3392,3267,-25.5397,-3.15693,8.90234,48.192
91254,3426,4137,7247,11013,3397,3869,5074,6149,3247,3485,3925,3994,3009,3313,3371,3381,-24.8717,20.8746,8.66522,48.0247
91255,6348,4723,3723,3371,9479,5617,3895,3463,5737,4502,3550,3338,4080,3784,3406,3175,-7.76457,-24.6258,8.57182,48.1273
91256,3015,3515,3712,3824,3269,3573,4310,5430,3434,3891,5231,10075,3305,3790,4902,7299,10.3091,28.1016,8.92937,48.3833
91257,4700,4477,3691,3331,7172,6411,3969,3447,6340,5560,3985,3563,4407,4029,3481,3290,-2.32335,-17.1392,8.7101,47.902
91258,3247,3584,4420,5008,3342,3771,5276,8316,3266,3538,4890,7971,3217,3509,4161,4706,-0.926455,26.4353,8.68423,48.148
91259,4305,7176,9316,5411,3903,4748,5135,4425,3509,3651,3718,3603,3175,3308,3376,3308,-30.1188,3.55178,8.92343,48.0447
91260,12499,5868,3989,3414,5971,4568,3834,3355,3817,3714,3442,3356,3393,3334,3259,3234,-32.0592,-31.5576,8.59617,47.3647
91261,3366,3527,3250,3204,3907,3719,3429,3249,5942,4792,3822,3353,11914,6917,4078,3408,31.3903,-22.9236,8.67036,47.918
91262,8343,9450,4919,3677,5254,5265,4202,3598,3793,3689,3473,3319,3372,3378,3285,3069,-28.0744,-13.0043,8.93039,48.0573
91263,5821,9572,6271,4152,4655,5637,4632,3836,3749,3814,3786,3394,3242,3374,3266,3214,-23.7941,-6.30047,8.89239,48.2767
91264,3827,3954,3728,3321,4798,5732,4193,3626,5672,7840,4836,3667,4563,4990,4067,3580,5.02025,-9.5556,8.84734,48.2627
91265,3641,3556,3314,3157,4865,4097,3586,3251,9165,5191,3816,3345,8594,5313,3889,3427,13.9551,-26.9725,8.71667,48.138
91266,3344,3943,5737,9495,3395,3808,5292,8458,3168,3445,4068,4470,3133,3331,3554,3597,-16.7937,25.4262,8.79832,48.1587
91267,4731,8078,7832,4703,4159,5340,5168,4072,3594,3778,3790,3601,3228,3373,3401,3221,-23.609,-0.699336,8.65539,48.046
91268,3582,3579,3360,3114,4805,4135,3529,3246,8921,5598,3883,3351,8260,5580,3869,3331,13.965,-23.2069,8.72293,48.0953
91269,3183,3196,3481,3270,3529,3690,3778,3724,3899,4770,5096,4421,4226,7167,9377,5333,30.5989,3.60888,8.98652,48.0933
91270,3125,3316,3617,3860,3430,3634,4434,5350,3471,3894,6086,8977,3415,3902,5134,6741,9.91555,21.702,8.65018,48.2573
91271,3159,3351,3335,3170,3405,3737,3753,3720,3924,4598,5549,4544,4230,6569,9454,5683,25.5157,5.04828,8.71063,48.1207
91272,5858,4580,3711,3280,9726,5287,3843,3465,6399,4524,3729,3210,4080,3777,3485,3162,-5.96538,-32.5821,8.56715,48.0773
91273,3326,3372,3285,3116,3800,3822,3550,3273,5149,5555,4283,3626,7652,9547,5169,3700,26.1212,-11.9256,8.51948,48.15
91274,3903,4826,5066,4140,4227,6586,7243,4564,3793,4653,4931,4045,3468,3699,3817,3558,-7.31403,1.55996,8.68872,48.346
91275,3398,3562,3731,3742,3708,4453,5201,4339,3874,5455,8005,5271,3750,4419,5380,4560,7.54314,6.15147,8.906,48.5653
91276,3673,4615,6094,4940,3711,5268,8115,5334,3482,4052,4666,4139,3348,3382,3653,3522,-10.8661,7.52436,8.82831,47.996
91277,3126,3119,3372,3456,3228,3497,3922,3981,3369,3863,5012,6155,3466,4128,7264,10955,26.2007,20.7696,8.67029,47.942
91278,3061,3313,3362,3531,3169,3603,4097,4373,3488,4045,5932,7130,3454,4220,6791,8674,17.6671,18.6176,8.52058,48.162
91279,3245,3534,3816,3800,3290,3796,4819,4942,3443,4117,7239,7609,3516,3984,5337,5662,8.6536,16.1467,8.50945,48.0993
91280,12292,6174,3971,3326,6474,4888,3816,3364,3980,3836,3463,3268,3346,3430,3306,3048,-25.2787,-27.1086,8.64175,47.988
91281,3502,3971,4452,4084,3823,4815,6920,5010,3768,4687,6668,4937,3501,3905,4237,4026,-0.414195,7.15556,8.70034,48.204
91282,7713,9691,5106,3741,5110,5256,4204,3656,3777,3830,3556,3368,3409,3441,3203,3098,-27.8281,-11.8312,8.95105,48.106
91283,3879,5653,8953,6249,3729,4594,6150,4929,3409,3742,4018,3858,3148,3343,3352,3324,-21.2283,8.12874,8.64017,48.22
91284,5093,6239,4738,3851,5239,8147,5210,3742,4176,4742,3964,3611,3514,3613,3370,3314,-11.1307,-7.47772,8.88965,48.3753
91285,3522,4321,8100,10245,3368,3955,5214,5830,3188,3462,3779,3955,3056,3180,3396,3296,-26.2165,18.101,8.88615,47.9113
91286,2987,3325,3446,3489,3214,3507,3828,4028,3386,3820,5235,6530,3421,4242,6969,10322,21.9514,20.4045,8.82083,47.8327
91287,5346,9050,7549,4414,4194,5117,4724,3963,3492,3824,3605,3501,3296,3415,3310,3149,-27.8489,-2.52693,8.85437,47.966
91288,12108,6331,4013,3399,6453,4872,3839,3453,4046,3854,3519,3115,3437,3355,3211,3064,-23.8419,-25.4816,8.9779,48.046
91289,3432,3420,3261,3209,4024,3842,3382,3244,6103,4636,3718,3310,12644,5970,3896,3286,32.5476,-29.9144,8.82882,47.5847
91290,4145,6845,9251,5547,3965,4804,5393,4534,3555,3702,3808,3639,3192,3305,3454,3397,-26.0264,4.38376,8.51455,48.3573
91291,3063,3381,3769,3720,3233,3568,4283,5030,3359,3912,5598,9715,3360,3737,5132,7356,11.061,24.1193,8.81176,48.144
91292,3375,3549,3827,3691,3577,4211,5244,4384,3814,5075,8060,5421,3645,4386,5270,4635,7.15818,7.68272,8.58954,48.1093
91293,5556,4449,3637,3282,9519,5237,3869,3429,6608,4566,3754,3294,4043,4059,3370,3265,-4.69896,-33.5471,8.7448,47.958
91294,3103,3423,3715,3880,3255,3615,4427,5311,3371,3842,5266,9580,3332,3802,5022,7025,9.98113,30.6097,8.50103,47.9793
91295,4651,7160,6307,4344,4595,6455,5722,4130,3700,4101,4031,3678,3284,3496,3396,3319,-16.7725,-2.15912,8.70297,48.246
91296,3373,3586,3858,3695,3604,4212,5397,4430,3971,5132,8084,5288,3643,4275,5272,4676,6.83148,7.88426,8.70112,48.3307
91297,4284,5874,5780,4261,4247,6655,6930,4418,3775,4287,4273,3796,3445,3536,3543,3394,-12.2186,0.371698,8.86103,48.332
91298,3798,5302,8888,6458,3620,4673,6127,5202,3409,3710,3990,3849,3246,3324,3451,3441,-20.8485,9.36311,8.72343,48.3253
91299,3170,3431,3742,4024,3399,3677,4440,6127,3279,3771,5106,9904,3223,3638,4601,6367,7.42346,29.1066,8.81746,47.9327
91300,3903,5401,7721,5416,3866,4953,6948,5051,3511,3891,4283,3844,3202,3393,3445,3374,-16.6988,6.86633,8.61517,48.1347
91301,3358,3388,3209,3153,3863,3840,3435,3321,5607,5131,3995,3448,9719,8504,4532,3529,28.6226,-16.6624,8.85893,48.0213
91302,3509,3336,3145,3085,4038,3786,3522,3253,6353,4835,3840,3376,11724,6839,4086,3325,25.3408,-23.4304,8.93939,48.0347
91303,3589,3676,3449,3042,4517,4397,3591,3344,7321,6789,4279,3393,6720,6036,4295,3462,13.1095,-16.345,8.87103,47.9333
91304,3854,5772,9617,6897,3721,4335,5643,4982,3360,3692,3881,3718,3146,3272,3304,3347,-24.8647,9.51207,8.76801,48.3607
91305,4737,4543,3727,3345,7113,6481,4071,3492,6153,5848,4011,3328,4207,4169,3643,3274,-1.86017,-16.5603,8.97935,48.0947
91306,3502,3845,5805,10309,3384,3834,5113,7983,3200,3561,4023,4375,3126,3347,3428,3503,-18.2711,27.1228,8.62774,48.2253
91307,3947,4111,3625,3340,4858,5882,4300,3617,5875,7862,4759,3523,4519,4881,3991,3485,4.10128,-10.2054,8.84964,48.3833
91308,3288,3631,4424,5326,3438,3730,5302,9284,3208,3686,4728,7252,3147,3383,3825,4430,-3.13484,26.7997,8.72407,48.0547
91309,3132,3255,3300,3275,3424,3610,4019,3622,3816,4624,5867,4700,4098,6050,9359,5922,23.2967,6.51277,8.66093,48.0487
91310,3226,3377,3792,4323,3349,3803,4749,6576,3443,3827,5623,9195,3274,3605,4423,5585,4.70029,24.465,8.7091,48.1133
91311,3153,3304,3384,3323,3401,3690,3942,3731,3695,4581,5751,4923,3877,5640,9276,6426,23.6709,8.39484,8.55775,48.0647
91312,3255,3309,3348,3097,3763,3909,3630,3455,4820,5895,4586,3652,6394,9361,5606,3980,23.1712,-8.26766,8.9196,48.04
91313,3390,3765,3846,3696,3741,4792,5327,4071,3984,6093,7383,4593,3896,4599,5119,4236,6.15093,2.84837,8.82206,48.354
91314,4220,4415,3930,3496,5354,7270,4648,3686,5055,6582,4450,3671,4117,4272,3784,3392,-1.34829,-9.18741,8.82163,48.228
91315,3461,3946,5967,12877,3410,3718,4617,6142,3149,3405,3840,3945,3118,3223,3387,3492,-29.1379,30.3649,8.95513,47.798
91316,3291,3465,3571,3485,3558,4003,4502,3855,3920,5509,7527,4939,4030,5296,6563,4893,13.3647,4.88979,8.65882,48.2713
91317,3279,3240,3253,3193,3602,3780,3692,3429,4553,5341,4857,3933,5685,9462,6832,4228,26.911,-4.48334,8.85223,48.2393
91318,9479,6592,4066,3361,7556,5594,3966,3356,4291,3956,3528,3288,3471,3514,3252,3050,-18.3535,-21.206,8.90741,48.2133
91319,3408,3538,3596,3513,3686,4216,4460,3803,4287,6473,7147,4432,4121,5483,5745,4306,11.5858,1.41206,8.69814,48.1427
91320,3104,3372,3669,3701,3215,3653,4521,4711,3483,4247,6967,7316,3497,4273,5931,6619,11.9973,16.4257,8.9831,48.186
91321,3563,3448,3269,3081,4182,3985,3529,3227,7482,5453,3898,3426,9965,6347,4174,3283,18.8492,-22.601,8.6686,48.208
91322,3694,5142,9506,7843,3453,4127,5337,5205,3410,3525,3796,3810,3040,3322,3453,3314,-27.1911,12.4341,8.55622,47.9847
91323,3484,3432,3259,2994,4173,4020,3702,3227,6682,5909,4112,3552,8602,7289,4376,3479,19.0797,-17.1637,8.95293,48.1947
91324,3470,4148,7110,10811,3486,3961,5004,6261,3278,3533,3920,4025,3092,3187,3437,3386,-24.2415,20.824,8.60492,48.0727
91325,3542,4003,6233,10732,3362,3797,5195,7222,3204,3451,3831,4255,3088,3238,3471,3494,-20.5321,23.9208,8.63983,48.0787
91326,3166,3220,3341,3472,3245,3375,3838,3935,3380,3745,4849,5924,3436,3982,6618,12050,28.6213,23.7591,8.73104,47.7173
91327,3933,3798,3524,3209,5854,4360,3578,3271,9816,5285,3807,3360,6592,4845,3777,3234,8.17414,-28.6593,8.52175,48.162
91328,4157,3849,3342,3178,6609,4547,3545,3321,9681,5138,3866,3415,5881,4491,3667,3290,5.63033,-30.7911,8.65504,47.9847
91329,11274,7146,4138,3401,6167,5080,3848,3364,3898,3846,3500,3227,3493,3404,3316,3113,-27.2433,-21.5113,8.58891,48.1433
91330,3114,3301,3504,3380,3453,3697,3922,3836,3831,4735,5949,4669,4021,5904,8796,5723,20.9508,6.27528,8.51415,47.89
91331,3336,3676,4181,4080,3591,4331,6237,5063,3647,4607,7405,5657,3506,4051,4687,4416,3.2989,10.4302,8.80724,48.314
91332,12886,5965,3823,3356,6086,4773,3657,3467,3849,3658,3442,3269,3411,3380,3217,3215,-28.3408,-31.1465,8.98402,47.636
91333,10585,6441,4138,3504,7123,5147,3838,3439,4210,3969,3522,3161,3332,3450,3209,3059,-20.5379,-22.9783,8.73714,48.0847
91334,4111,3783,3493,3098,6293,4608,3689,3366,9174,5528,3821,3346,5916,4827,3777,3260,6.1041,-24.7488,8.51443,48.06
91335,3532,3563,3367,3182,4199,4324,3701,3285,6114,7295,4556,3546,6264,7080,4489,3710,14.8065,-12.1961,8.79542,48.138
91336,9043,5384,3839,3342,8671,5150,3830,3482,4653,4114,3532,3296,3587,3501,3387,3043,-15.3693,-30.015,8.79528,47.9027
91337,3201,3312,3516,3509,3252,3789,4367,4117,3699,4519,7476,5893,3755,4628,7100,6171,15.0357,11.547,8.80382,48.2027
91338,3539,3408,3329,3073,4490,3862,3564,3236,8121,5246,3919,3439,10149,5886,3695,3372,17.8377,-25.8932,8.8785,48.2187
91339,3681,4005,4657,4292,3884,5202,7759,5142,3731,4609,6080,4506,3412,3721,4031,3878,-3.61896,6.92451,8.82524,48.3933
91340,3103,3162,3401,3329,3173,3337,3826,3938,3356,3827,4830,6112,3447,4064,6209,12110,27.4899,25.9655,8.50245,47.4827
91341,3434,3887,6045,12575,3411,3792,4807,6132,3156,3450,3733,3937,3132,3311,3430,3338,-29.0808,27.7934,8.64805,47.7133
91342,10382,6224,4100,3405,7504,5344,3746,3304,4373,3959,3480,3272,3419,3560,3162,3091,-19.4288,-23.493,8.69946,48.2167
91343,3355,3836,4909,7116,3369,3790,5330,9827,3201,3628,4261,5360,3125,3253,3597,3854,-10.329,28.293,8.76323,47.874
91344,3911,5500,8592,6057,3711,4726,6550,5086,3374,3726,4000,3856,3195,3347,3410,3306,-19.4877,8.01614,8.70833,48.2313
91345,3240,3205,3329,3364,3292,3465,3815,3910,3555,4042,5176,5544,3507,4455,8669,9758,28.9445,16.8274,8.90124,48.2173
91346,8499,7072,4348,3497,6766,5953,4159,3414,4134,4006,3587,3310,3535,3428,3238,3021,-18.4033,-17.4371,8.72498,47.978
91347,3350,3878,5875,11228,3393,3792,4830,7456,3232,3488,3836,4033,3097,3351,3419,3509,-20.7505,29.4271,8.95432,47.8447
91348,5952,9619,6336,4106,4684,5185,4622,3787,3592,3842,3641,3394,3318,3444,3264,3192,-27.6452,-6.28749,8.76441,47.9853
91349,7998,5462,4015,3295,9022,5590,3917,3295,4806,4254,3561,3265,3772,3611,3382,3163,-13.4036,-23.5446,8.81237,48.272
91350,3589,4711,9206,8606,3648,4095,5204,5291,3188,3534,3904,3860,3216,3228,3336,3417,-33.3513,14.1911,8.75901,48.022
91351,3062,3318,3384,3287,3217,3626,3832,3840,3568,4157,5136,5137,3742,5003,9454,7829,29.0613,12.3353,8.65415,47.728
91352,3200,3407,3682,3691,3269,3687,4314,4594,3574,4165,6722,7434,3612,4122,6260,6822,13.0615,16.8924,8.79128,48.37
91353,3297,3542,4406,5407,3326,3805,5008,9252,3319,3676,4787,7457,3226,3418,3954,4287,-3.16125,31.1541,8.89864,48.1113
91354,3164,3394,3465,3460,3252,3774,4121,3993,3677,4486,6802,5693,3746,4832,7837,6416,17.5067,11.0692,8.94256,48.0747
91355,3609,3714,3373,3114,4798,4238,3505,3184,9285,5257,3847,3343,8484,5431,3869,3418,13.8169,-25.7346,8.96545,48.3127
91356,3141,3201,3392,3375,3202,3467,3733,3954,3281,3735,4891,5844,3454,3988,6479,12450,31.484,24.7263,8.78074,47.7247
91357,3233,3305,3287,3374,3155,3435,3728,4028,3352,3812,4653,5969,3349,3899,5968,12735,31.0795,29.0525,8.59907,47.5213
91358,3433,4050,6049,12583,3445,3738,4854,6079,3242,3417,3765,3875,3033,3285,3410,3307,-27.3212,33.7113,8.73917,47.71
91359,3658,4646,7784,7505,3471,4320,6409,6307,3191,3617,4102,4077,3111,3387,3421,3397,-18.4483,14.287,8.88516,48.2687
91360,3449,3393,3276,3161,4079,3850,3364,3199,6258,5087,3954,3310,10866,7269,4225,3399,24.3479,-20.644,8.77207,48.0927
91361,4332,5618,5474,4176,4492,7278,6514,4227,3813,4547,4454,3712,3418,3532,3438,3473,-10.8662,-0.997416,8.98755,48.332
91362,3241,3312,3398,3262,3401,3576,3786,3773,3824,4406,5283,4795,4076,5833,10011,6330,30.6643,7.70989,8.85451,48.2047
91363,9064,6454,4207,3380,7356,5568,4040,3325,4231,3936,3564,3242,3494,3580,3310,3061,-17.8216,-20.3127,8.6047,47.8747
91364,9842,5681,3890,3366,8139,5175,3783,3386,4492,4063,3588,3170,3553,3420,3224,3036,-17.8489,-27.2276,8.69857,47.872
91365,3487,3955,4057,3784,3903,5216,5627,4245,4131,6169,6889,4306,3966,4341,4508,3850,2.7849,1.55405,8.88035,48.2893
91366,3987,5469,8790,6094,3692,4634,6391,5092,3458,3673,4023,3732,3184,3259,3514,3411,-20.3497,8.45417,8.60958,48.2687
91367,3327,3462,3303,3102,3961,3757,3417,3234,5836,4936,3894,3438,10781,7560,4223,3424,27.6169,-19.4836,8.86226,47.77
91368,3057,3282,3477,3487,3346,3612,4014,4433,3429,3959,5664,7703,3314,3998,6272,9062,17.272,21.1433,8.65649,48.0727
91369,3173,3096,3416,3461,3381,3562,3759,3849,3381,3882,5097,5618,3462,4290,7721,10514,30.7898,18.9717,8.52896,47.7747
91370,3192,3284,3488,3502,3359,3748,4293,4247,3507,4297,6908,6680,3492,4391,7079,6913,15.5422,14.4689,8.75925,48.2533
91371,3172,3319,3406,3354,3211,3477,4016,4155,3381,3804,4900,7235,3422,4010,5763,11339,20.8655,30.349,8.60268,47.976
91372,3304,3731,4929,6413,3336,3895,5908,9430,3216,3635,4527,5735,3171,3470,3753,3942,-8.47012,22.2622,8.95303,48.2633
91373,8255,5461,3908,3352,8981,5443,3942,3423,4845,4169,3644,3279,3702,3533,3223,3071,-13.8235,-25.5381,8.6542,48.154
91374,11558,5812,3862,3403,6998,4957,3705,3518,4041,3853,3550,3314,3473,3369,3227,3179,-21.961,-33.0923,8.82066,47.8793
91375,3455,3497,3218,3201,4155,4106,3661,3380,5955,6596,4351,3637,6873,7687,4647,3598,17.295,-12.6958,8.70749,48.0113
91376,3420,3756,4706,5685,3390,3986,6092,8974,3348,3655,4890,6258,3109,3302,3897,4054,-5.6642,21.2886,8.95013,48.348
91377,3147,3364,3504,3474,3474,3698,4113,4078,3574,4290,6484,6118,3515,4696,7761,7117,17.8773,13.4958,8.5141,48.2713
91378,12822,5821,3954,3377,6074,4619,3656,3376,3936,3682,3406,3254,3482,3361,3352,3180,-32.6624,-30.26,8.74422,47.568
91379,3365,3442,3227,3137,3857,3832,3600,3237,5785,5158,3889,3409,9832,8309,4552,3458,27.0612,-17.0511,8.67341,48.0593
91380,3264,3406,3264,3210,3614,3701,3748,3524,4402,5261,5038,4005,5029,8866,7387,4436,25.2147,-2.3389,8.57522,48.1033
91381,3500,4349,7580,10757,3420,3934,5109,5777,3240,3508,3904,4010,3015,3188,3427,3360,-27.0742,19.5842,8.5598,48.052
91382,3714,4324,5013,4308,3946,5540,7930,4968,3633,4399,5397,4257,3332,3661,3878,3716,-6.12083,6.07825,8.63548,48.0107
91383,3439,3445,3247,3108,4157,3992,3558,3301,6196,5826,4109,3537,8359,7758,4497,3478,20.1373,-16.1657,8.97427,48.0047
91384,3098,3292,3507,3584,3187,3605,3948,4388,3468,3911,5429,7406,3266,4122,6278,9527,18.1757,21.7128,8.56565,48.0107
91385,4306,3851,3407,3082,6813,4679,3662,3280,9475,5362,3902,3343,5713,4540,3682,3247,4.54123,-25.085,8.96806,48.2293
91386,3601,3691,3447,3205,4744,4654,3810,3346,7264,7124,4355,3523,6061,5826,4144,3490,10.5832,-15.3123,8.76096,48.19
91387,3510,3354,3272,3101,4536,4058,3378,3128,7845,5228,3889,3330,9958,6129,4017,3319,18.0576,-24.0705,8.93559,48.0347
91388,3277,3910,5385,8497,3331,3774,5252,9231,3181,3544,4043,4899,3049,3246,3637,3734,-13.4303,28.2763,8.88272,47.9933
91389,4878,7418,6441,4369,4454,6316,5476,4204,3626,4024,3879,3426,3378,3396,3397,3305,-18.0644,-2.45602,8.52868,47.9913
91390,5523,9473,6872,4276,4445,5095,4648,3915,3625,3912,3742,3387,3308,3371,3324,3189,-32.158,-4.54154,8.81302,48.07
91391,9921,5531,3866,3359,8062,5046,3927,3389,4419,3891,3590,3220,3538,3571,3246,3197,-17.3489,-29.117,8.53386,47.8487
91392,3988,4093,3890,3586,4521,6152,4859,3820,4987,7080,5228,3856,4066,4542,4031,3621,2.06007,-5.49715,8.62713,48.2133
91393,3510,4258,7867,10824,3385,3924,5076,5720,3286,3406,3829,3903,3083,3181,3417,3425,-31.4145,18.9965,8.96194,48.0627
91394,3338,3950,5684,8543,3468,3893,5637,8306,3222,3575,4164,4569,3125,3323,3602,3530,-14.8412,22.9016,8.55209,47.9527
91395,3897,3805,3501,3141,5364,4973,3777,3379,7618,7158,4244,3654,5594,5100,3896,3290,7.50042,-16.6059,8.90012,48.2607
91396,3174,3255,3569,3441,3371,3819,4249,4272,3587,4574,7090,6033,3694,4665,7300,6398,15.751,11.8754,8.59985,48.3273
91397,3229,3408,3683,3743,3217,3630,4188,5259,3386,3826,5197,9968,3357,3738,4964,7397,10.8642,31.1828,8.63566,48.1267
91398,5214,8867,7339,4425,4332,5332,5127,3925,3501,3806,3749,3435,3295,3302,3308,3299,-24.862,-2.46575,8.9066,48.1707
91399,3372,3348,3323,3220,3739,3904,3617,3334,4685,5357,4688,3853,5600,9549,6546,4026,25.6641,-5.43926,8.80766,48.1073
91400,3334,3436,3373,3193,3906,4035,3796,3468,5089,6949,4952,3803,5506,8174,5338,3982,17.22,-7.25022,8.95863,48.2227
91401,7178,8273,4787,3592,5809,6168,4274,3636,4060,4101,3651,3296,3412,3400,3391,3087,-19.3889,-13.1147,8.68235,48.0767
91402,3392,4000,5874,9423,3351,3866,5422,8263,3252,3447,3934,4376,3083,3245,3452,3573,-16.8008,23.771,8.7782,47.9687
91403,3318,3327,3236,3173,3788,3771,3707,3409,4835,5613,4505,3800,6240,9658,5895,4030,24.6042,-7.57135,8.83908,48.2033
91404,3106,3291,3455,3448,3212,3434,3975,4476,3380,3913,5179,8015,3366,3837,5697,10029,17.9677,25.5274,8.90471,47.8753
91405,5236,4476,3578,3188,8868,5475,3914,3302,7190,4790,3768,3336,4416,4164,3464,3170,-2.80738,-23.5291,8.86084,48.2233
91406,3547,3836,4461,4115,3741,4783,7174,5130,3565,4458,6575,4927,3443,3893,4235,3980,-1.19303,8.0978,8.60197,47.9087
91407,3279,3653,3809,3768,3518,4261,5472,4362,3832,5256,8099,5356,3672,4336,5189,4518,6.506,7.28769,8.66661,48.2533
91408,3206,3174,3387,3380,3450,3692,3688,3513,4043,4773,4952,4301,4572,7578,9086,5099,30.7662,2.15206,8.94506,47.9293
91409,4036,4686,4133,3561,4933,7672,5228,3850,4437,6125,4819,3725,3765,4126,3796,3527,-3.06424,-5.63863,8.81022,48.2793
91410,3347,3301,3188,3218,3927,3827,3407,3278,6041,4817,3808,3315,12709,6165,3792,3317,30.5517,-28.0796,8.87131,47.638
91411,6726,5104,3824,3468,9219,6223,3954,3427,5382,4393,3627,3253,3729,3664,3289,3158,-9.7592,-21.7375,8.98443,48.2933
91412,3226,3368,3333,3292,3440,3795,4018,3696,3974,4816,5911,4632,4183,6448,8716,5422,21.2119,4.75428,8.7932,48.18
91413,3330,3799,5122,7723,3413,3886,5289,9252,3324,3670,4288,5007,3273,3394,3673,3639,-11.8014,33.9016,8.54656,48.0547
91414,3601,4136,5527,4986,3727,4813,7840,5874,3452,4166,5087,4450,3366,3644,3811,3784,-7.87609,9.92977,8.56219,48.176
91415,3175,3471,3911,4557,3231,3764,4785,7638,3460,3822,5126,8915,3256,3599,4276,5235,2.30276,26.7769,8.77395,48.1473
91416,3338,3444,3181,3145,3793,3815,3513,3361,5318,5198,4070,3491,9224,8928,4581,3537,31.3381,-15.1808,8.7798,47.958
91417,3551,3652,3240,3030,4625,4338,3602,3360,8076,6518,4121,3444,7224,5935,4163,3516,13.4124,-18.4334,8.90607,48.2633
91418,3252,3512,3524,3580,3670,3972,4735,4132,3832,5090,7992,5314,3739,4719,6209,5032,11.5421,7.75923,8.71864,48.2027
91419,3844,3690,3321,3164,4640,4522,3555,3194,7377,7166,4180,3537,6348,6073,3998,3521,11.9602,-15.8122,8.71148,48.0867
91420,4896,5075,4047,3412,6384,7718,4520,3631,4864,5534,4087,3412,3935,3974,3594,3196,-5.34968,-12.4605,8.89983,48.186
91421,3279,3634,4027,3954,3512,4026,5595,5145,3515,4387,7393,6506,3411,3833,4830,4944,4.59038,13.7836,8.50251,47.994
91422,4291,5043,4706,3918,4642,7549,6059,4091,4239,5058,4595,3763,3589,3772,3660,3418,-6.94496,-3.04067,8.55971,48.262
91423,12490,6028,3984,3507,6121,4807,3769,3422,3819,3715,3270,3275,3391,3367,3154,3183,-28.0613,-33.16,8.74702,47.5347
91424,3158,3216,3310,3452,3189,3371,3734,3987,3328,3870,5077,5988,3409,4078,6924,11381,33.8532,21.636,8.64795,47.648
91425,3808,3866,3463,3263,5305,4600,3800,3345,8029,6731,4156,3534,5752,5208,3859,3483,8.47517,-17.7165,8.81289,48.1347
91426,3443,3358,3224,3133,3855,3687,3400,3305,6083,4792,3829,3364,12644,6069,3912,3451,28.0986,-28.0867,8.73986,47.6993
91427,4748,4245,3632,3233,8543,4825,3926,3241,8194,4976,3709,3336,4647,4087,3416,3320,-0.596217,-32.5462,8.93441,48.052
91428,4075,5592,6218,4462,4167,6160,7259,4649,3620,4255,4394,3841,3391,3476,3533,3503,-12.0732,2.11096,8.72763,48.3967
91429,9959,8333,4438,3452,5692,5184,4030,3502,3850,3909,3463,3234,3353,3344,3270,3074,-29.2386,-17.2968,8.87507,48.058
91430,3365,3333,3316,3085,3976,4001,3612,3192,5918,5842,4236,3553,8062,8446,4704,3620,21.4939,-14.366,8.64429,48.174
91431,3049,3289,3391,3400,3202,3463,3846,3927,3389,3927,5241,5938,3466,4355,7813,10292,25.7356,18.4558,8.69036,47.992
91432,3240,3254,3550,3311,3331,3652,4149,4062,3524,4450,6783,5946,3689,4755,7685,6731,17.3131,12.2801,8.69539,48.0747
91433,5499,4654,3640,3336,9312,5490,3825,3359,6820,4711,3843,3318,4279,3959,3452,3213,-4.35012,-24.628,8.68779,48.4733
91434,4430,4026,3432,3283,7239,4635,3670,3278,9086,5229,3929,3312,5282,4249,3584,3211,3.21837,-27.9401,8.7671,47.9167
91435,3202,3308,3342,3510,3281,3399,3731,3926,3305,3758,4709,5987,3408,3869,6193,12544,30.4615,29.0698,8.64605,47.648
91436,3108,3324,3432,3365,3149,3422,3731,3855,3614,4044,5019,5569,3505,4280,8223,10278,30.6769,17.6983,8.86095,47.9453
91437,3090,3320,3445,3533,3274,3541,3912,4601,3408,3797,5117,8479,3408,3835,5572,9683,16.6898,27.3108,8.9952,48.01
91438,3394,3406,3423,3322,3745,3972,3844,3505,4479,6122,5330,4057,4968,7908,6610,4355,19.2421,-2.75999,8.89923,48.2933
91439,3768,4265,4588,3931,4017,5750,7343,4671,3808,5006,5941,4277,3412,3824,3952,3868,-3.06504,3.78781,8.64478,48.2807
91440,4629,7469,8343,4848,4124,5090,5359,4428,3613,3778,3896,3612,3280,3327,3426,3304,-24.0701,1.33192,8.58141,48.3507
91441,3498,3450,3338,3114,4293,4002,3451,3336,8072,4922,3806,3366,10178,5613,3919,3426,18.4066,-31.6319,8.56756,47.856
91442,3488,3823,5956,12673,3384,3740,4743,6159,3186,3370,3805,3940,3209,3301,3439,3429,-32.9448,29.7911,8.73765,47.7633
91443,3407,3367,3330,3009,4165,3855,3526,3151,7121,4999,3880,3365,11189,6330,3922,3452,21.2203,-24.7999,8.84736,48.0453
91444,3085,3192,3307,3499,3186,3550,3945,3952,3412,3964,5291,6790,3491,4129,6984,10524,22.0466,21.1362,8.75183,48.2007
91445,3161,3376,3616,3708,3220,3492,4222,5004,3357,3873,5334,9412,3372,3783,5210,7893,12.3817,26.3915,8.55968,48.022
91446,4392,3966,3445,3203,7000,4910,3685,3421,9095,5123,3749,3340,5365,4415,3699,3276,3.44868,-25.1727,8.80621,48.056
91447,3516,4084,5400,5306,3551,4367,7605,6828,3434,3931,5091,4985,3224,3489,3769,3850,-7.75709,13.8262,8.57714,48.2867
91448,3361,3369,3234,3204,3668,3789,3710,3280,4500,5420,4682,3837,5893,9685,6282,4157,26.0702,-5.86579,8.88266,48.0473
91449,11492,7000,4034,3552,6274,4950,3878,3315,3883,3814,3443,3190,3266,3436,3283,3161,-25.3275,-22.1517,8.89837,47.9807
91450,3921,4163,3784,3479,4693,6129,4411,3565,5359,7782,5012,3678,4237,4696,4096,3590,3.49001,-8.24107,8.8428,48.3967
91451,3467,3642,3570,3491,3803,4481,4572,3946,4205,6413,7078,4475,4234,5316,5425,4428,10.5134,1.16937,8.57552,48.364
91452,8387,6320,4190,3430,7446,5914,3974,3465,4356,4199,3568,3251,3534,3462,3333,3210,-16.6468,-19.3394,8.52968,48.026
91453,3035,3206,3442,3281,3334,3583,3879,3858,3636,4214,5738,5553,3638,4858,9038,8045,23.4664,13.6192,8.69513,48.2253
91454,3260,3319,3378,3494,3503,3725,4208,3969,3766,4652,6768,5416,3857,4982,7997,6076,17.6656,9.52177,8.73555,48.2467
91455,3332,3984,6032,9899,3331,3958,5516,7894,3166,3615,3884,4277,3061,3243,3449,3452,-17.8765,23.0004,8.91276,48.062
91456,9441,5659,3890,3320,8390,5320,3874,3410,4504,4074,3601,3319,3545,3406,3319,3062,-16.3629,-24.6675,8.95473,48.0893
91457,3292,3204,3544,3414,3437,3960,4233,3964,3756,4931,7494,5375,3856,5017,7313,5586,15.4105,8.7286,8.70652,48.2507
91458,4122,4503,4232,3648,4663,7234,5533,3965,4359,5990,4885,3875,3807,4015,3814,3495,-3.03395,-4.31255,8.85482,48.0933
91459,3147,3259,3802,3848,3226,3656,4460,5780,3304,3947,5720,9501,3303,3804,4914,6600,8.72866,24.3211,8.57673,48.1807
91460,3102,3285,3451,3452,3276,3366,3871,4267,3289,3761,4969,7133,3385,3936,6012,11337,21.1182,26.0993,8.79672,47.928
91461,3212,3419,3378,3182,3726,3987,3815,3551,4199,5129,5153,4037,4898,8264,7885,4746,24.539,-0.81458,8.58058,48.3873
91462,3027,3239,3452,3453,3194,3479,3920,3958,3429,3962,4999,5938,3390,4198,7518,10862,28.2778,20.1512,8.57995,48.012
91463,7961,9660,4942,3745,5120,5163,4220,3498,3757,3805,3683,3376,3430,3319,3348,3208,-32.0801,-12.5808,8.50326,48.1567
91464,3305,3726,4526,5643,3370,3820,5620,9368,3298,3642,4878,6386,3187,3373,3811,4157,-5.24638,23.7166,8.71163,48.0733
91465,9912,5612,3962,3355,7859,5066,3915,3416,4295,4004,3398,3342,3489,3506,3297,3215,-17.8673,-32.9057,8.52765,47.762
91466,6711,9266,5490,3905,5018,5795,4490,3673,3820,3954,3653,3445,3443,3421,3214,3165,-23.262,-9.45518,8.56619,48.3087
91467,4488,3987,3525,3224,7387,4702,3773,3339,9000,5069,3743,3340,5219,4255,3604,3323,2.46696,-31.755,8.90829,47.9853
91468,3345,3968,5752,11354,3236,3760,5003,7617,3260,3509,3813,4173,3158,3213,3429,3434,-20.6372,31.5402,8.99946,48.016
91469,3245,3209,3330,3389,3229,3344,3779,3945,3400,3831,4815,5954,3368,3980,6421,12368,32.4269,24.4857,8.92149,47.738
91470,3365,3838,5876,10851,3335,3872,5015,7576,3114,3515,4045,4233,3031,3201,3469,3490,-19.5215,28.38,8.95859,47.884
91471,10857,6533,4005,3592,7279,5258,3791,3262,4113,3820,3466,3231,3454,3455,3172,3066,-20.8184,-23.5628,8.80683,48.236
91472,4075,3753,3458,3253,5450,4985,3846,3329,7767,6797,4100,3425,5657,5106,3861,3388,7.09164,-17.2885,8.72034,48.1667
91473,3377,3810,6296,12576,3413,3743,4727,5998,3095,3476,3811,3838,3139,3342,3456,3513,-32.053,26.9631,8.82511,47.74
91474,3346,3395,3297,3125,3696,3873,3669,3336,4559,5352,4568,3790,5864,9538,6403,4304,26.0149,-6.01911,8.71768,48.0767
91475,3420,3775,4162,4050,3568,4286,6289,5144,3686,4672,7476,5617,3492,3960,4508,4272,2.65892,10.0566,8.72207,48.2513
91476,3426,3916,5932,11552,3422,3777,5001,7134,3226,3420,3868,4072,3160,3226,3438,3397,-21.7164,31.675,8.82201,47.978
91477,4663,4178,3562,3324,8213,4932,3746,3453,8282,4859,3728,3448,4729,4124,3620,3255,0.0757416,-32.3558,8.69987,48.0773
91478,3335,4040,6673,11654,3408,3996,4947,6282,3144,3430,3769,3959,3074,3104,3382,3483,-25.1637,23.801,8.85761,47.7867
91479,10016,7658,4355,3479,6058,5271,3876,3556,3908,3884,3475,3278,3537,3424,3277,3148,-23.9123,-18.5833,8.72278,48.1333
91480,4447,7160,8955,5193,4073,4821,5067,4469,3395,3730,3817,3593,3310,3358,3337,3312,-32.1198,3.18315,8.52318,48.0247
91481,4774,7742,7350,4555,4294,5590,5652,4243,3642,3890,3912,3597,3200,3407,3409,3222,-20.3388,-0.416386,8.81196,48.3193
91482,3786,5447,9797,7130,3610,4260,5307,4971,3321,3656,3807,3698,3134,3259,3273,3345,-28.9602,10.1494,8.79389,47.8673
91483,3237,3612,4036,4160,3526,3835,5783,5741,3571,4309,7144,6618,3580,3698,4662,4814,3.16617,14.2956,8.69427,48.2173
91484,3091,3451,3845,4037,3408,3799,5059,5707,3502,3953,6587,8170,3313,3863,4835,5586,6.26833,18.2752,8.5978,48.1373
91485,4979,5392,4195,3573,6271,7984,4628,3593,4817,5206,3952,3399,3705,3812,3460,3297,-7.49324,-11.847,8.91321,48.1753
91486,3064,3125,3457,3424,3229,3524,3682,3949,3407,3893,4977,6350,3388,4058,7088,11677,25.6074,22.339,8.80868,48.1947
91487,5194,8447,6862,4260,4556,5887,4975,3909,3686,3968,3797,3501,3329,3483,3411,3217,-20.9356,-3.38677,8.77987,48.3213
91488,3343,3551,3597,3434,3674,4470,4629,4049,4129,6075,7456,4672,3997,5194,5790,4514,10.818,2.65555,8.74891,48.3827
91489,4659,4403,3655,3419,6760,6440,4057,3418,6409,5973,3924,3549,4347,4252,3575,3480,-1.05505,-16.1052,8.93797,48.2133
91490,4707,7578,7392,4691,4255,5514,5473,4255,3696,3886,3861,3539,3271,3383,3380,3367,-20.7006,-0.20313,8.53022,48.1653
91491,4208,5129,4647,3890,4627,7535,6273,3975,3976,5191,4644,3759,3689,3729,3688,3525,-6.79301,-2.48409,8.97536,48.3233
91492,3836,3777,3482,3274,4955,5314,4017,3484,6540,7876,4554,3420,4931,5072,3943,3500,6.50491,-12.7861,8.77555,47.9833
91493,4402,3873,3488,3171,7192,4789,3647,3297,9280,5301,3824,3292,5405,4456,3648,3264,3.56512,-25.7773,8.85222,48.2193
91494,3495,3397,3148,3048,4075,3833,3532,3276,6447,4713,3876,3392,12477,5936,3813,3491,25.4683,-30.4115,8.66068,47.966
91495,3154,3323,3601,3464,3396,3765,4363,4065,3667,4804,7343,5581,3740,4805,7181,5791,14.9763,9.8084,8.64981,48.0287
91496,3160,3353,3456,3475,3282,3608,4052,4405,3397,3735,4986,8303,3396,3976,5624,9725,17.1667,32.9319,8.848,47.9553
91497,3195,3238,3296,3229,3497,3768,3851,3654,3783,4630,5201,4527,4250,6532,9655,5654,28.6413,4.74155,8.52489,47.9733
91498,5262,5713,4219,3631,6312,8090,4621,3579,4558,4882,3896,3459,3821,3738,3474,3246,-8.98886,-11.8926,8.89586,48.334
91499,6798,9956,5699,3885,4758,5124,4399,3688,3779,3824,3626,3313,3358,3335,3355,3100,-32.0956,-8.92602,8.92441,47.998
91500,3201,3402,3342,3451,3235,3444,3758,3927,3402,3841,4688,6011,3361,3840,5770,12420,33.4899,32.9664,8.76708,47.3953
91501,3204,3282,3348,3401,3329,3330,3741,3914,3394,3717,4628,5763,3400,3784,6042,12324,33.5255,33.1901,8.82683,47.0673
91502,3319,3356,3237,3139,3847,3737,3673,3210,5328,5264,4052,3511,8627,9154,4887,3571,30.0143,-13.7977,8.82383,47.9413
91503,3175,3549,4235,4976,3389,3802,5020,8627,3399,3732,4876,7846,3184,3462,4002,4711,-1.00767,30.3918,8.58248,47.99
91504,4172,6700,9706,5788,3825,4530,5232,4522,3309,3630,3849,3578,3082,3393,3387,3292,-29.4716,5.15676,8.67029,47.9967
91505,3002,3208,3437,3549,3230,3489,3935,4243,3369,3863,4938,7591,3364,3942,5686,11066,20.0706,28.8857,8.71238,47.9413
91506,4359,7366,8902,5313,4089,4840,5342,4284,3510,3840,3769,3693,3100,3332,3237,3231,-26.0905,2.80045,8.56832,48.138
91507,4513,4212,3561,3226,7965,4954,3744,3396,8559,5015,3680,3325,4887,4157,3522,3282,0.782242,-29.2876,8.72898,47.9987
91508,3331,3491,3308,3180,3845,4031,3868,3530,4756,6673,5149,3850,5176,8027,5878,4092,17.7871,-5.13546,8.91324,48.1233
91509,3433,3930,5912,12363,3359,3729,4777,5978,3248,3369,3854,3907,3141,3267,3438,3464,-33.6462,29.0521,8.57137,47.446
91510,3199,3451,4040,4290,3415,3781,5019,7237,3317,3687,5530,8847,3215,3659,4387,5103,2.59978,23.8371,8.90928,48.118
91511,3464,3490,3194,3098,4004,4061,3583,3319,5796,6246,4362,3623,7027,8342,4801,3704,18.9789,-12.4871,8.88858,48.076
91512,3839,4081,3657,3318,4638,5986,4445,3468,5307,7699,4906,3817,4280,4733,4119,3598,4.15235,-7.62578,8.71367,47.9273
91513,4036,4403,3994,3562,4798,7093,5000,3751,4833,6738,4749,3593,4005,4264,3930,3495,-0.632181,-6.55086,8.73778,48.1627
91514,3926,5494,9527,6668,3660,4316,5701,4970,3451,3574,3843,3769,3162,3295,3400,3368,-23.6809,9.40458,8.81528,48.0827
91515,3294,3602,4353,5565,3218,3765,5389,9265,3262,3707,4724,7108,3162,3500,3849,4268,-3.9452,25.9245,8.7793,48.0207
91516,6633,5155,3767,3391,9149,5847,3982,3285,5525,4519,3649,3308,3915,3693,3430,3147,-9.22462,-22.4595,8.79687,48.2633
91517,3301,3952,5965,12820,3332,3793,4787,5958,3253,3584,3872,4027,3159,3164,3292,3330,-29.3725,29.9386,8.7486,47.726
91518,3287,3989,5619,8068,3411,4047,5934,8736,3297,3591,4154,4686,3082,3279,3516,3680,-13.6146,21.7259,8.58795,48.2507
91519,3118,3175,3344,3320,3261,3561,3779,3916,3495,4009,5325,5654,3681,4592,8321,9221,25.6026,16.0972,8.52525,47.848
91520,3268,3443,3420,3436,3396,3718,4021,3969,3795,4611,6448,5184,3817,5292,8542,6297,19.4735,8.60165,8.51093,48.438
91521,3378,3736,4529,5677,3402,3817,5224,9649,3291,3703,4675,6142,3272,3430,3827,4012,-5.96617,33.4183,8.50348,47.8427
91522,4180,4517,3981,3578,5063,7293,4888,3589,4837,6344,4742,3682,3941,4182,3797,3576,-1.72932,-7.26029,8.59405,48.1267
91523,3129,3362,3447,3337,3202,3649,3959,3973,3532,4026,5400,5844,3555,4349,8013,9387,23.4299,16.8384,8.83603,48.1093
91524,4177,3806,3469,3120,6432,4726,3737,3326,9434,5479,3942,3337,5586,4500,3810,3285,5.15691,-24.4849,8.79019,48.1107
91525,4559,4233,3561,3244,6905,5649,3941,3356,7329,6099,3982,3270,4775,4424,3704,3367,1.24283,-18.2874,8.75215,48.2653
91526,3371,3928,6065,12589,3400,3786,4867,5855,3172,3383,3647,3914,3064,3367,3335,3358,-29.8568,33.0945,8.68559,47.4007
91527,3709,5078,8246,6579,3628,4433,6578,5492,3351,3497,4123,3944,3162,3317,3468,3475,-18.5835,10.57,8.92227,48.0533
91528,3188,3420,3787,4021,3337,3714,4397,5733,3403,3728,5566,9612,3354,3850,4795,6463,8.40101,25.402,8.64367,48.2453
91529,3403,3426,3345,3205,3750,4042,3739,3351,4808,6533,5043,3934,5361,8103,6015,4148,18.6805,-5.11607,8.88443,48.1373
91530,5341,4484,3686,3278,9495,5081,3721,3431,6839,4855,3677,3368,4242,3956,3433,3319,-3.9495,-33.533,8.97409,48.1373
91531,3494,3918,5518,9968,3398,3848,5062,8270,3224,3515,3924,4344,3087,3244,3345,3459,-17.2431,32.8022,8.98579,47.7453
91532,4916,6273,4816,3881,5180,7945,5358,3823,4173,4640,3927,3579,3484,3654,3354,3282,-11.5254,-6.67947,8.72491,48.19
91533,4025,6147,7492,4999,4059,5421,6800,4651,3656,3917,4173,3662,3291,3306,3423,3351,-16.7389,4.06989,8.89303,48.2487
91534,3292,3620,3802,3939,3480,4168,5399,4639,3703,4714,8056,5998,3559,4177,5234,4816,6.70361,10.7003,8.60841,48.3973
91535,3358,3362,3261,3143,4031,3825,3533,3169,6001,4817,3753,3399,12152,6795,4063,3306,29.6285,-23.3458,8.82709,47.9787
91536,3177,3301,3626,3532,3288,3691,4324,4420,3528,4122,6680,7241,3550,4271,6451,7228,14.479,16.5972,8.72746,48.2867
91537,10352,5700,3927,3403,7684,4998,3901,3408,4305,3910,3434,3256,3489,3454,3152,3162,-18.7363,-33.3629,8.67376,47.69
91538,3339,3609,4385,5085,3276,3960,5555,8539,3318,3800,4982,7526,3223,3410,4124,4474,-1.92067,23.3309,8.86439,48.4033
91539,3071,3255,3312,3403,3228,3454,3681,3794,3426,3754,4757,5986,3456,3965,6105,12936,28.9869,29.6277,8.92911,47.722
91540,3164,3180,3328,3348,3193,3494,3929,3897,3351,3969,4904,5938,3334,4055,7110,11362,32.9261,21.3233,8.91083,47.704
91541,8255,9026,4884,3634,5197,5301,4095,3679,3740,3688,3527,3379,3385,3383,3269,3128,-29.5268,-13.5196,8.59154,47.7133
91542,3338,3383,3305,3316,3730,3882,3738,3595,4497,5633,5009,4005,5161,8672,6845,4286,21.8696,-3.24185,8.80469,48.2633
91543,3485,4302,5886,5564,3715,4530,7821,6690,3422,3903,4649,4567,3255,3369,3703,3693,-10.3832,12.8305,8.83424,48.3693
91544,8384,5541,4056,3273,8645,5623,3902,3451,4552,4174,3420,3307,3724,3648,3335,3065,-14.1873,-22.386,8.87923,48.0667
91545,3516,4026,6190,8091,3463,4101,5987,7681,3332,3486,4067,4544,3164,3245,3500,3636,-15.504,19.8339,8.50298,48.0193
91546,3661,4580,7688,6862,3645,4296,6790,6164,3418,3470,4139,4146,3148,3288,3528,3599,-16.9117,13.1986,8.95094,48.2813
91547,12577,6062,3768,3357,6021,4714,3794,3383,3897,3847,3433,3276,3419,3401,3240,3165,-30.4926,-29.0674,8.63576,47.5693
91548,4172,3920,3465,3202,6145,5010,3735,3423,8388,6359,4122,3389,5258,4706,3819,3395,4.5325,-19.4186,8.77427,48.3387
91549,3237,3535,3696,3512,3640,4101,4871,4249,3743,5177,7976,5402,3749,4450,5943,4864,10.2522,7.83491,8.53222,48.0967
91550,12550,6036,3894,3430,5936,4677,3776,3343,3867,3722,3432,3334,3316,3454,3161,3239,-28.8538,-32.8193,8.62413,47.4447
91551,3153,3265,3589,3525,3262,3635,4374,4455,3572,4100,6480,7701,3410,4134,6329,7235,13.9778,17.6161,8.66047,48.146
91552,3328,3910,5829,7771,3393,3933,6073,8385,3183,3605,4210,4648,3109,3305,3614,3695,-13.3879,19.8899,8.96315,47.994
91553,6113,7535,4846,3788,5494,7155,4638,3769,3968,4153,3801,3371,3469,3543,3414,3156,-16.0421,-9.73128,8.74488,48.142
91554,3150,3354,3589,3547,3200,3618,4223,4943,3307,3854,5133,9475,3405,3698,5078,8041,12.8653,31.9322,8.8125,47.7433
91555,3433,4377,7701,10561,3386,3878,5084,5893,3094,3447,3785,3964,3131,3283,3516,3455,-26.4659,19.1008,8.53551,47.992
91556,3175,3174,3372,3357,3310,3507,3885,3957,3411,4013,5218,5958,3512,4446,7986,10094,25.6926,18.1452,8.61558,48.25
91557,9919,8192,4473,3486,5731,5031,3943,3470,3921,3823,3510,3269,3274,3365,3212,3048,-27.3848,-17.8563,8.86798,47.778
91558,4911,8651,8119,4627,4214,5007,4896,4128,3689,3877,3635,3640,3280,3519,3321,3240,-31.4096,-0.832726,8.67859,48.5027
91559,3386,4147,5901,9557,3401,3960,5444,7904,3179,3560,4073,4410,3180,3193,3444,3492,-17.672,23.4587,8.57692,48.154
91560,5142,8845,7517,4479,4172,5072,4770,3991,3534,3882,3695,3482,3180,3315,3288,3153,-27.6137,-2.00528,8.75618,47.678
91561,3680,3519,3329,3085,4956,4258,3484,3216,8759,6072,3989,3368,7782,5510,3955,3321,12.2604,-21.275,8.79277,48.1887
91562,3822,3898,3632,3304,4360,5190,4051,3671,5629,8057,5068,3757,4767,5321,4086,3559,7.46222,-8.57517,8.70602,48.1147
91563,11295,6018,3966,3329,7280,4971,3829,3428,4151,3880,3462,3229,3395,3405,3309,3144,-21.1431,-27.4497,8.65234,48.0607
91564,6268,9549,5851,3917,4865,5459,4499,3722,3747,3858,3627,3361,3392,3443,3335,3169,-24.5496,-7.94802,8.52374,48.0413
91565,3250,3306,3270,3300,3615,3846,3861,3552,4180,5042,5093,4116,4937,8461,7993,4628,27.381,-0.693786,8.6005,48.3
91566,5036,5054,3947,3395,7231,7350,4228,3482,5420,5223,3943,3356,4013,3908,3502,3298,-6.13374,-15.1349,8.83599,48.2573
91567,3645,4162,4987,4356,3686,4981,7813,5467,3744,4471,5642,4517,3430,3663,3968,3827,-5.47389,8.03717,8.54549,48.2393
91568,4277,6612,7826,5013,4090,5521,6179,4419,3621,3833,3995,3623,3220,3397,3349,3332,-18.9536,2.39028,8.82222,48.2047
91569,3261,3354,3855,4045,3324,3490,4451,5998,3401,3789,5574,9676,3261,3832,4775,6301,7.93663,24.9229,8.54294,48.258
91570,3191,3263,3396,3317,3408,3684,3851,3574,3905,4709,5106,4540,4355,7076,9423,5418,28.594,3.50818,8.75989,48.144
91571,4687,7907,8282,4733,4153,5066,5288,4289,3587,3714,3787,3616,3168,3390,3279,3263,-23.2903,0.639345,8.6638,48.1393
91572,3336,3489,3242,3219,3963,3825,3423,3317,5951,4946,3782,3369,10984,7545,4344,3422,27.7908,-20.1408,8.66435,48.1047
91573,3123,3215,3383,3512,3192,3560,3895,3920,3531,4180,5615,6055,3565,4586,8160,8638,21.4716,15.7073,8.88784,48.0867
91574,3296,3718,4849,6499,3356,3857,5219,9789,3319,3694,4442,5721,3206,3302,3757,3928,-8.25854,32.4711,8.57541,47.968
91575,6177,9898,6302,4100,4615,5276,4421,3849,3659,3826,3531,3511,3385,3346,3254,3123,-28.7873,-6.83072,8.78524,48.182
91576,3253,3457,4273,4833,3403,3769,5146,8418,3419,3768,5059,7975,3256,3525,4173,4609,-0.693781,25.1624,8.81324,48.224
91577,4050,4434,3879,3505,4884,6713,4853,3745,4962,7006,4863,3727,3969,4309,3878,3570,0.0930923,-7.00567,8.79716,48.2313
91578,5996,4604,3666,3237,9763,5206,3835,3379,6621,4469,3572,3264,4131,3709,3273,3264,-6.16045,-28.0994,8.8005,47.9927
91579,3865,5907,10056,6437,3648,4398,5233,4851,3439,3671,3809,3784,3172,3230,3417,3319,-29.1291,8.53205,8.83186,48.1573
91580,3189,3658,4227,4636,3454,3908,5658,7662,3362,3936,5605,7268,3230,3595,4195,4710,-0.400356,19.981,8.99156,48.1953
91581,3391,3402,3160,3171,4346,3931,3465,3234,7881,5079,3933,3432,10330,5712,3943,3409,18.9918,-27.968,8.50577,47.8793
91582,3672,4371,5067,4176,4010,5702,7661,4927,3752,4614,5401,4350,3411,3688,3838,3683,-6.31373,4.75662,8.54683,48.2153
91583,3242,3501,4046,4830,3395,3841,4929,8406,3367,3756,4928,8116,3300,3529,4091,4619,-0.752129,33.2823,8.75832,47.9307
91584,3145,3208,3334,3451,3169,3428,3905,4200,3374,3672,4884,7398,3341,3922,5772,11459,20.9621,30.6708,8.77311,47.7747
91585,3173,3251,3254,3444,3070,3505,3891,3921,3386,3783,4985,6932,3377,3947,5905,11714,22.9781,29.226,8.59565,47.692
91586,3266,3187,3420,3338,3386,3732,3754,3654,3943,4668,5131,4507,4311,6959,9487,5420,32.7391,4.14157,8.65366,48.1087
91587,3235,3373,3352,3306,3499,3775,3845,3573,4012,5047,5244,4278,4529,7640,8393,4955,24.5721,1.6988,8.96212,48.0373
91588,3256,3428,3571,3526,3469,4086,4416,4190,3974,5253,7683,5116,3942,4973,6647,4958,12.9044,6.72344,8.58473,48.3253
91589,3118,3285,3511,3327,3351,3643,3692,3758,3607,4260,5260,4982,3729,5395,10072,7222,30.649,10.1891,8.97116,48.1413
91590,3202,3486,4028,4231,3402,3809,5433,6183,3413,4091,6672,7659,3283,3748,4511,5055,3.28555,17.3981,8.99362,48.1373
91591,12600,5970,3922,3486,5787,4607,3789,3420,3998,3660,3421,3269,3374,3396,3324,3205,-31.1191,-32.0571,8.78437,47.4853
91592,5489,4381,3622,3195,9312,5184,3739,3426,7002,4680,3686,3355,4329,3928,3482,3154,-3.94768,-27.9728,8.75117,47.976
91593,11871,6904,4047,3405,6157,4873,3859,3445,4049,3683,3408,3162,3369,3441,3204,3139,-26.2632,-22.7809,8.95951,48.0107
91594,3695,5042,9412,7605,3660,4329,5641,5308,3283,3589,3831,3830,3160,3277,3337,3370,-25.1587,12.1826,8.58751,48.246
91595,3272,3643,4477,5464,3396,4005,5476,9063,3431,3733,4699,6859,3259,3410,4000,4312,-4.22379,24.5582,8.59593,48.3327
91596,3378,3282,3290,3303,3961,3745,3424,3288,5962,4770,3695,3421,12598,6006,3821,3504,29.0563,-32.7503,8.64656,47.632
91597,3201,3277,3507,3462,3214,3525,4009,4430,3266,3963,5116,8596,3456,3910,5452,9350,16.2698,33.6999,8.91134,47.8227
91598,3457,3393,3152,3017,4015,3867,3490,3138,6710,4947,3707,3347,11916,6284,4017,3452,23.7811,-25.1513,8.79447,47.9393
91599,3135,3230,3343,3379,3255,3357,3789,4020,3304,3763,4662,6034,3349,3870,6126,12714,33.1856,28.4863,8.61201,47.5533
91600,3094,3429,3866,4070,3309,3764,4886,5809,3401,3917,6281,8937,3375,3821,4758,5797,6.71958,20.2013,8.78832,48.3427
91601,3048,3437,3852,4080,3156,3791,4619,6215,3299,3820,5544,9668,3256,3725,4606,5927,6.3382,26.0773,8.77523,48.0287
91602,3857,3665,3461,3075,5681,4491,3756,3203,9897,5244,3849,3404,6481,4728,3743,3315,8.55372,-32.6719,8.57458,47.9
91603,4566,5779,4975,3782,4844,8074,5679,3940,4005,4771,4238,3592,3719,3676,3471,3380,-9.78447,-4.85711,8.92022,48.3273
91604,3508,3484,3304,3249,4582,3982,3548,3266,8465,5263,3780,3476,9432,5513,3841,3416,16.4782,-27.7081,8.55525,48.0727
91605,3355,4203,7317,11057,3520,3769,4912,5836,3194,3425,3803,3949,3127,3324,3373,3396,-32.7601,20.7354,8.50132,47.7067
91606,3395,3462,3207,3127,3844,3837,3621,3309,5116,5303,4299,3625,7771,9532,5099,3796,29.4495,-11.8687,8.53336,48.2287
91607,3362,4024,6223,12559,3243,3829,4781,5995,3187,3388,3745,3881,3074,3230,3452,3332,-28.4112,26.5945,8.85043,47.5367
91608,3514,4042,6924,11179,3393,3985,5198,6441,3253,3586,3874,4005,3046,3259,3436,3359,-23.6416,21.9383,8.83967,48.3293
91609,3661,3723,3539,3192,4340,5133,3986,3430,6036,8174,4824,3684,4918,5551,4286,3579,8.31883,-9.98714,8.91603,48.0373
91610,3425,3360,3295,3235,3818,4043,3837,3470,5004,6580,5083,3836,5550,8258,5751,3906,18.0418,-6.47841,8.96052,48.3007
91611,3217,3658,4597,6245,3434,3930,5292,10095,3198,3549,4499,6130,3133,3347,3778,3948,-7.06854,27.2558,8.93579,48.0333
91612,5941,4970,3732,3284,8868,6325,4026,3419,5670,4695,3794,3335,3915,3757,3410,3142,-7.44936,-20.2363,8.85568,48.1887
91613,3094,3200,3431,3382,3277,3411,3706,3928,3396,3894,4887,5851,3412,3997,6759,12131,30.7221,23.505,8.69469,47.8373
91614,12503,6038,3924,3396,6075,4763,3793,3498,3902,3818,3395,3260,3392,3367,3255,3148,-31.5409,-28.3792,8.65262,47.6847
91615,3230,3230,3290,3227,3369,3483,3912,3760,3830,4413,5263,4642,4014,6039,9765,6279,26.9688,7.47347,8.72874,47.8307
91616,3382,3825,5023,6011,3375,4123,6683,8556,3333,3667,4760,5366,3164,3388,3766,3904,-8.02589,18.9817,8.91473,48.2173
91617,5955,10048,6126,3993,4756,5101,4504,3835,3638,3797,3745,3397,3273,3451,3221,3141,-32.9322,-6.4196,8.95523,47.9873
91618,3081,3319,3449,3358,3215,3565,3808,3834,3482,4188,5345,5511,3654,4731,8739,9114,26.8434,15.3691,8.55197,48.262
91619,10771,7910,4225,3499,5617,5077,4005,3347,3864,3823,3500,3187,3380,3394,3295,3079,-31.4607,-18.8398,8.91842,47.982
91620,3437,3947,6391,12162,3395,3738,4871,6369,3284,3520,3780,3967,3124,3171,3297,3378,-25.4145,26.4742,8.60582,47.8873
91621,3282,3300,3200,3091,3716,3776,3505,3159,5928,4891,3871,3514,11571,6992,4171,3480,28.9215,-22.5658,8.5629,47.6313
91622,3191,3184,3421,3369,3262,3436,3673,3840,3271,3764,4647,6112,3374,3946,6157,12743,30.8855,28.7474,8.9382,47.5933
91623,3361,3882,4421,4332,3594,4401,7255,5757,3543,4272,6333,5528,3321,3838,4149,4204,-1.53201,11.804,8.73289,48.1273
91624,3274,3314,3220,3254,3694,3885,3652,3445,4800,5860,4781,3784,5882,9191,6159,4080,22.2415,-6.45709,8.68221,48.1833
91625,3449,3809,4972,6374,3420,3960,6007,9037,3217,3772,4419,5516,3032,3417,3726,3887,-8.77571,21.5003,8.73844,48.0093
91626,3496,3572,3497,3389,4256,4539,3971,3531,5805,8013,4828,3800,5222,6193,4506,3714,11.2952,-9.62612,8.85537,48.2213
91627,5085,4218,3693,3282,8748,5120,3779,3365,7530,4889,3664,3345,4533,4098,3453,3291,-1.89851,-25.7667,8.59508,48.062
91628,3094,3309,3477,3652,3258,3556,3980,4739,3471,3781,5208,8638,3369,3922,5294,9037,15.2287,27.4189,8.86479,47.8567
91629,4981,8867,7767,4508,4234,5000,4767,4090,3670,3722,3606,3512,3230,3433,3297,3300,-29.8143,-1.90706,8.79476,47.9893
91630,3947,4872,6108,4753,3819,5413,7879,5061,3530,3978,4687,3997,3275,3494,3610,3648,-11.1218,6.21061,8.81001,48.0473
91631,3813,3627,3359,3157,5516,4393,3627,3283,9887,5132,3802,3399,6729,4860,3795,3351,9.24034,-32.1232,8.81302,47.82
91632,3888,5612,6789,4830,4057,5745,7122,4599,3562,3978,4300,3810,3286,3456,3560,3495,-14.174,3.73447,8.8727,48.0593
91633,6802,4997,3778,3353,9934,5260,3748,3332,5449,4291,3558,3333,3835,3560,3340,3082,-9.56302,-32.8379,8.87023,47.768
91634,3969,5622,8807,5836,3851,4765,6301,4961,3432,3767,3919,3911,3138,3368,3439,3383,-19.9016,7.09418,8.90107,48.3127
91635,5302,4384,3627,3318,9001,5173,3751,3365,7512,4830,3708,3350,4456,4011,3349,3110,-2.74778,-26.4087,8.80399,48.1647
91636,7613,9126,5013,3633,5346,5903,4343,3661,3835,3984,3699,3343,3373,3378,3260,3197,-22.3587,-11.9995,8.66593,48.4713
91637,3447,3510,3357,3194,3976,4146,3813,3459,5386,7119,4661,3830,5906,7913,5177,3766,16.7127,-9.14673,8.96832,48.44
91638,3413,3610,3945,3895,3525,4010,5753,5254,3565,4515,7578,6303,3415,4049,4760,4659,4.19159,12.108,8.77339,48.166
91639,3503,3356,3219,3168,3955,3915,3583,3238,5637,5510,4025,3511,8521,8593,4693,3713,23.8127,-14.9754,8.59121,48.0933
91640,4764,5215,4155,3650,5823,7926,4801,3581,4648,5387,4068,3549,3735,3863,3615,3292,-6.58481,-9.94322,8.51288,48.048
91641,3748,5124,9616,7567,3651,4251,5147,5218,3291,3660,3765,3824,3213,3212,3274,3243,-29.5648,11.56,8.54474,47.8693
91642,3649,3947,4136,3749,3873,5139,6447,4456,3938,5463,6712,4647,3561,4040,4466,3901,0.822799,3.82071,8.68942,48.0827
91643,3297,3428,3601,3401,3463,3816,4437,3938,3811,5112,7432,5129,3925,5086,7100,5329,14.7522,6.98958,8.55664,48.2033
91644,4022,3816,3591,3298,6002,5447,4022,3410,7466,6589,4204,3578,5019,4615,3863,3390,3.69187,-16.8078,8.56701,48.2213
91645,3315,3571,4185,4663,3331,3793,4934,8257,3372,3758,4827,8244,3312,3640,4262,4708,-0.058619,32.1025,8.63702,48.1147
91646,3298,3885,5354,8484,3318,3849,5181,9254,3314,3516,4092,4818,3136,3356,3685,3603,-13.6281,28.5111,8.64248,48.0953
91647,3320,3523,4238,4991,3477,3867,5430,8558,3355,3619,5109,7405,3324,3596,4075,4507,-1.61639,23.9424,8.66639,48.2627
91648,3432,4029,5377,6828,3359,4014,6341,8603,3284,3637,4406,5168,3168,3441,3760,3783,-10.6524,19.8599,8.74087,48.42
91649,3568,3507,3285,3106,4367,4009,3513,3179,7521,5537,3997,3393,9431,6341,4061,3360,18.0953,-21.0581,8.72073,48.1167
91650,10896,6768,4064,3509,6711,5100,3778,3510,4031,3985,3365,3270,3460,3465,3179,3083,-22.3061,-22.1028,8.76714,48.116
91651,3173,3279,3452,3263,3331,3696,3759,3746,3741,4359,5145,4690,3933,5995,9915,6414,29.7931,7.92183,8.74177,47.9273
91652,6074,5358,3807,3357,8333,6404,4027,3413,5243,4535,3748,3456,3939,3760,3429,3232,-9.47556,-18.9735,8.58538,48.0767
91653,3143,3234,3406,3422,3440,3600,4079,3942,3523,4439,6426,5775,3619,4835,8032,6964,18.5109,12.5288,8.8543,47.9193
91654,3479,4583,7949,7976,3519,4211,6049,6000,3344,3580,3908,4042,3108,3316,3506,3418,-19.8129,14.7674,8.54521,47.992
91655,3883,3740,3310,3130,5605,4373,3559,3329,10082,5266,3743,3346,6888,4773,3674,3241,9.25396,-28.2059,8.85004,47.9613
91656,3109,3122,3424,3313,3309,3413,3747,3874,3323,3800,4700,6002,3374,3891,6009,12755,30.7485,30.4541,8.79855,47.4433
91657,6191,8401,5111,3812,5260,6669,4580,3730,3921,4089,3699,3339,3360,3514,3355,3094,-18.4627,-9.54807,8.95309,48.0833
91658,3482,3346,3245,3104,3990,3857,3436,3300,6145,4738,3734,3363,12471,5846,3904,3352,33.1803,-30.1154,8.53655,47.542
91659,6068,9857,6096,4007,4667,5296,4539,3792,3701,3902,3562,3561,3349,3363,3200,3116,-32.9816,-6.58383,8.87429,48.0507
91660,3198,3304,3538,3463,3216,3609,4116,4104,3451,4097,6004,6558,3713,4277,7336,8067,18.5356,16.2203,8.51804,48.034
91661,9063,5311,3885,3393,8868,5194,3889,3312,4633,4098,3611,3295,3576,3488,3282,3135,-15.3138,-30.5607,8.58329,48.022
91662,3368,3337,3226,3187,3946,3752,3522,3210,5970,4714,3802,3395,12480,6030,3976,3430,29.2087,-32.0981,8.72617,47.5633
91663,3406,3416,3237,3121,3938,3732,3425,3272,6087,4540,3697,3368,12678,6205,3929,3319,31.1891,-27.446,8.71738,47.58
91664,3448,4157,7686,10707,3422,4048,4905,5751,3189,3557,3704,3933,3150,3197,3420,3396,-31.8547,19.7423,8.66584,47.78
91665,3656,3555,3389,3187,4744,4220,3692,3369,8211,6181,3943,3382,7472,5797,4013,3501,13.4499,-19.9244,8.83077,48.208
91666,3143,3199,3539,3478,3353,3716,3957,4005,3599,4334,6317,5480,3799,5062,8430,6733,19.3578,11.2736,8.763,48.096
91667,4575,7792,7770,4660,4307,5352,5600,4236,3550,3911,3817,3687,3144,3396,3348,3232,-21.3087,0.57479,8.8488,48.2513
91668,3597,3715,3243,3073,4510,4305,3508,3309,7427,6355,4137,3482,7498,6375,4147,3398,14.8373,-17.8608,8.56295,48.0527
91669,3448,3565,3783,3556,3785,4778,4913,4101,4243,6415,7235,4512,3970,4728,5032,4279,6.97005,1.42944,8.76575,48.2287
91670,3064,3254,3478,3409,3240,3551,3853,4181,3463,3999,5525,6703,3472,4248,7218,9369,20.4853,18.7322,8.65806,48.018
91671,3735,3994,3832,3646,4032,5662,5415,4000,4359,6759,6258,4166,3749,4352,4344,3823,2.96983,-0.77911,8.99151,48.084
91672,3552,3694,3463,3229,4265,4716,3972,3522,5378,8073,5250,3748,5026,6080,4839,3783,11.236,-6.86289,8.77058,48.3933
91673,4199,4229,3774,3402,5229,6615,4347,3546,5577,7200,4555,3637,4352,4545,3829,3373,1.07611,-10.5235,8.75113,48.2727
91674,11422,5959,3824,3428,7225,4896,3870,3341,4133,3933,3487,3118,3387,3395,3198,3154,-21.1439,-27.7064,8.82073,47.8467
91675,5572,9630,6889,4235,4503,5165,4777,3854,3554,3831,3689,3468,3269,3301,3174,3223,-26.6426,-4.38149,8.59445,48.0893
91676,12495,6249,3966,3371,6095,4718,3793,3545,3906,3820,3412,3326,3378,3420,3220,3111,-30.039,-26.3359,8.73287,47.8833
91677,5585,4530,3652,3257,9550,5494,3893,3375,6668,4763,3572,3361,4237,3876,3486,3237,-4.87635,-24.8727,8.93083,48.3573
91678,3389,3913,6182,12565,3444,3750,4805,6444,3205,3337,3732,3927,3135,3160,3247,3378,-26.2527,28.0504,8.91233,47.742
91679,3349,3883,5934,12532,3406,3796,4763,5996,3218,3427,3744,3861,3115,3303,3349,3318,-28.8181,30.7177,8.9814,47.3293
91680,3150,3144,3389,3381,3215,3429,3888,4047,3385,3837,4985,7094,3374,3932,5846,11636,21.866,32.844,8.65916,47.8213
91681,3333,4013,6220,12260,3326,3866,4685,6029,3245,3452,3778,3956,3134,3263,3272,3429,-30.1154,27.4003,8.68995,47.5073
91682,4711,5174,4197,3652,5556,8157,5033,3771,4399,5234,4221,3582,3808,3802,3677,3316,-7.20858,-8.69622,8.82333,48.1933
91683,3085,3259,3611,3557,3147,3670,4053,4277,3472,3908,5668,7357,3407,4051,6457,8964,17.8079,20.7658,8.5238,47.962
91684,3999,6149,10042,6121,3816,4518,5379,4823,3363,3581,3866,3738,3193,3195,3267,3225,-27.7343,7.5434,8.6755,48.1833
91685,8569,9233,4913,3687,5336,5248,4167,3596,3828,3797,3537,3210,3195,3439,3113,3079,-26.8027,-13.6457,8.96657,47.9647
91686,4374,5714,5198,4139,4601,7321,6461,4204,3973,4584,4282,3780,3464,3695,3513,3357,-10.5161,-1.66706,8.81175,48.44
91687,3132,3342,3538,3641,3249,3687,4254,4744,3363,4124,5973,8193,3368,4043,5991,8216,14.5423,20.9118,8.57705,48.572
91688,5764,4602,3767,3444,9830,5209,3780,3363,6504,4482,3542,3298,4046,3912,3414,3194,-5.53634,-32.7,8.91783,48.1007
91689,3321,3261,3508,3287,3496,3774,3896,3640,4059,5111,5641,4487,4507,7294,8213,4953,22.6177,1.91317,8.56906,48.2987
91690,3223,3260,3509,3439,3324,3364,3777,3884,3269,3802,4645,5978,3387,3816,5897,12223,33.6747,32.431,8.66379,47.198
91691,3280,3406,3505,3479,3602,3913,4251,3882,3816,5098,7315,5101,3950,5467,7166,5131,15.35,6.11505,8.74451,48.2413
91692,3390,3928,5978,11774,3360,3664,4933,6898,3205,3399,3754,4115,3042,3207,3435,3413,-22.3449,30.2682,8.69252,47.6633
91693,3419,4220,6088,6162,3487,4363,7411,6978,3340,3735,4383,4553,3180,3325,3702,3722,-12.2598,14.4823,8.75441,48.0453
91694,3409,3355,3199,2998,4176,3911,3476,3204,7347,5106,3846,3374,11035,6251,4053,3372,20.692,-24.1456,8.9895,48.0747
91695,3673,3539,3309,3142,4510,4217,3534,3186,8107,5817,3993,3413,8177,6093,3986,3436,15.1775,-20.4357,8.64499,48.088
91696,4104,4078,3546,3312,5257,5851,4170,3405,6493,7294,4467,3496,4622,4695,3983,3413,3.70559,-12.7631,8.72737,48.124
91697,6415,4830,3717,3349,10030,5149,3853,3259,5883,4342,3651,3320,3950,3838,3458,3136,-8.01535,-32.9316,8.83943,48.12
91698,9636,7777,4386,3660,6230,5524,4030,3447,4050,3904,3606,3157,3410,3440,3288,2940,-22.2317,-17.4588,8.8892,48.3233
91699,3005,3219,3495,3473,3247,3577,3923,4094,3433,4106,5509,6073,3518,4405,7807,9316,22.1385,17.406,8.80367,48.1333
91700,3445,3483,3253,3159,4044,3996,3572,3316,5900,5856,4181,3589,8002,8360,4550,3638,21.1273,-14.5257,8.58077,48.2293
91701,6034,4879,3764,3406,9277,5904,3854,3412,5909,4652,3696,3290,4057,3760,3350,3072,-7.73554,-22.2958,8.93332,48.2107
91702,3858,4552,5515,4556,4015,5821,7855,4942,3676,4341,4755,4042,3413,3621,3778,3518,-8.94487,4.50797,8.52511,48.172
91703,3342,3383,3249,3217,3989,4018,3581,3334,5689,6269,4299,3546,7210,8481,4929,3710,19.9517,-12.2346,8.63953,48.164
91704,3416,3447,3229,3104,3919,3792,3329,3178,6137,4727,3880,3305,12340,6583,3985,3397,29.1,-24.6608,8.96984,47.8453
91705,3187,3371,3437,3427,3351,3722,4038,4003,3604,4469,6548,5337,3756,5199,8445,6399,19.3115,10.1536,8.59124,48.1953
91706,3119,3280,3260,3420,3293,3410,3740,4000,3368,3718,5056,5995,3372,4126,6996,11725,27.9009,22.215,8.98612,47.9187
91707,3586,4281,6678,6951,3515,4331,6743,6980,3326,3607,4265,4418,3228,3354,3741,3536,-14.4371,15.4225,8.90783,48.36
91708,5055,7699,6346,4310,4691,6342,5449,3997,3614,4042,3914,3558,3349,3457,3362,3251,-17.9739,-2.89804,8.63615,48.2907
91709,3234,3398,3490,3378,3555,3959,4007,3569,4247,5854,6170,4406,4346,6829,7036,4600,17.5413,1.1001,8.76398,48.052
91710,3359,3468,3428,3250,3651,4098,3954,3572,4467,6483,5969,4211,4684,6873,6207,4349,16.3226,-1.27461,8.64638,48.0153
91711,3551,3652,3279,3228,4616,4277,3593,3201,8392,5636,3951,3386,8422,5708,3952,3414,14.8321,-21.8366,8.50612,48.172
91712,3540,3908,3828,3628,3877,5111,5440,4027,4174,6403,6858,4498,3812,4479,4709,3964,4.49765,1.20119,8.74681,48.1707
91713,3397,3429,3294,3314,4160,3914,3543,3147,7287,4954,3826,3393,10712,5691,4073,3535,20.449,-32.542,8.529,47.7793
91714,8326,5199,3712,3473,9296,5243,3747,3410,4847,4348,3550,3229,3604,3585,3349,3077,-13.4024,-28.5773,8.95704,47.9967
91715,4341,4013,3493,3330,7018,4829,3622,3292,9320,5219,3831,3300,5445,4504,3715,3288,3.98468,-28.933,8.51206,48.3733
91716,3197,3671,4557,5726,3269,3741,5053,9648,3312,3669,4686,6591,3317,3522,3791,4152,-5.31101,27.6979,8.73305,47.9347
91717,3823,4343,4135,3738,4510,7133,5762,4049,4232,6113,5091,3876,3844,4025,3841,3410,-2.04147,-3.2757,8.969,47.95
91718,5075,4218,3598,3314,9086,4885,3730,3401,7769,4717,3694,3322,4510,3957,3537,3201,-1.99698,-30.8383,8.96363,48.0093
91719,6395,5937,4180,3435,7223,7273,4229,3427,4697,4567,3778,3438,3632,3699,3375,3109,-11.5976,-15.3414,8.71471,48.2627
91720,3662,3563,3466,3181,4351,4626,3857,3370,6011,7881,4626,3724,5501,6413,4565,3731,11.8847,-10.539,8.94731,48.352
91721,12396,6471,3904,3418,6020,4716,3673,3338,4038,3853,3392,3241,3266,3352,3197,2999,-29.5454,-26.1232,8.73505,47.516
91722,4873,5962,4756,3894,5259,8088,5327,3898,4091,4757,4068,3585,3437,3634,3453,3246,-10.8576,-6.74857,8.75547,48.2187
91723,5822,4509,3656,3259,9772,5255,3767,3280,6614,4589,3650,3278,4169,3846,3373,3145,-5.28005,-27.4734,8.93906,47.9893
91724,4352,4390,3674,3433,6160,6342,4214,3529,6449,6635,4134,3383,4423,4428,3734,3382,0.381862,-14.6166,8.92121,48.4413
91725,11729,6406,4033,3329,6761,5037,3809,3407,4053,3811,3392,3226,3361,3448,3169,3067,-23.2363,-24.5204,8.9202,48.0253
91726,3574,3569,3300,3187,4876,4108,3570,3308,9213,5194,3826,3443,8479,5305,3948,3347,13.9913,-33.5929,8.61368,48.1647
91727,8013,6057,3905,3460,7988,5890,4039,3456,4756,4219,3556,3391,3554,3583,3388,2986,-15.0032,-20.5755,8.60533,48.1607
91728,3341,3882,5653,9732,3412,3762,5121,8165,3236,3493,3975,4443,2999,3242,3525,3630,-16.8992,26.7533,8.85964,47.7407
91729,3140,3317,3491,3482,3392,3807,4299,3993,3658,4654,6938,5518,3846,4964,7775,5955,16.4714,10.1121,8.84823,48.1527
91730,11104,5702,3904,3344,7706,4913,3682,3315,4232,4003,3547,3195,3404,3332,3301,3138,-19.7541,-31.988,8.99174,47.8813
91731,3198,3224,3411,3432,3384,3577,4027,3875,3718,4448,6009,4977,3818,5450,9295,6591,21.9242,8.90876,8.69589,48.2893
91732,3383,3963,6277,11997,3347,3793,4805,6648,3266,3512,3742,4004,3112,3272,3315,3398,-24.3703,25.8912,8.98136,47.8893
91733,4708,4263,3697,3318,8112,5261,3840,3312,7674,5221,3845,3423,4576,4130,3536,3194,-0.794129,-23.1697,8.74323,48.0733
91734,3819,3724,3354,3232,5007,4666,3753,3303,8020,6832,4099,3434,6055,5468,3943,3462,9.19508,-17.3745,8.86111,48.114
91735,6395,9979,6027,4093,4668,5243,4493,3659,3743,3747,3530,3253,3281,3306,3332,3064,-28.9403,-7.91646,8.94065,47.8753
91736,3421,3397,3221,3042,3862,3913,3721,3453,4686,5626,4669,3748,6048,9283,6124,4089,23.9063,-6.7579,8.63873,48.202
91737,3053,3351,3492,3617,3343,3532,4011,4458,3436,4007,5707,7961,3411,4138,6193,8382,16.1081,20.3174,8.61546,48.0613
91738,3343,4006,7023,11618,3353,3814,4886,5962,3191,3454,3884,3963,3205,3179,3370,3393,-32.8797,22.2711,8.59601,47.7627
91739,6381,4707,3729,3351,9619,5412,3919,3411,5924,4494,3631,3328,4001,3821,3298,3186,-7.75767,-26.2712,8.68494,48.1413
91740,11976,6659,4114,3378,6112,4863,3892,3341,4030,3841,3543,3272,3389,3363,3251,3093,-26.5595,-23.9275,8.63947,48.078
91741,3475,3349,3253,3126,3985,3837,3438,3196,5974,4914,3856,3308,11825,6824,3998,3302,33.9187,-22.8533,8.58674,47.7733
91742,4285,3940,3490,3156,7121,4636,3702,3367,9507,5164,3689,3346,5555,4367,3557,3261,3.92051,-29.9427,8.75451,48.0953
91743,3495,4311,6837,8763,3528,4075,5778,7193,3230,3521,4130,4254,3012,3241,3432,3495,-17.8998,18.9322,8.73967,48.1967
91744,3094,3238,3411,3376,3227,3445,3602,3866,3457,3697,4818,6409,3376,3794,6166,12720,27.3661,28.3405,8.96144,47.7973
91745,3124,3270,3586,3870,3338,3714,4360,5322,3349,3863,5452,9540,3433,3758,5065,7150,10.5589,25.1631,8.61241,48.1293
91746,3243,3361,3738,4000,3354,3655,4605,6292,3375,3834,5215,9725,3318,3772,4722,5812,6.42442,33.6663,8.65142,48.014
91747,4168,3958,3468,3163,6109,4764,3798,3250,8967,6006,3837,3291,5808,4741,3745,3311,6.32925,-22.2866,8.66377,48.256
91748,3061,3492,3891,4172,3288,3749,4938,6542,3395,3758,5794,8857,3318,3643,4549,5625,4.87897,22.5422,8.7687,48.048
91749,3034,3275,3487,3593,3280,3503,4106,4492,3440,3788,5158,8598,3422,3910,5495,9249,15.596,29.4366,8.68687,47.8867
91750,4362,4106,3602,3319,7837,4793,3766,3401,8469,4994,3795,3381,4869,4219,3524,3295,1.29052,-33.3053,8.51982,47.8213
91751,3741,4780,7221,5690,3623,4849,7438,5540,3462,3920,4351,4222,3284,3424,3545,3443,-14.241,9.82832,8.70017,48.3553
91752,3450,3997,6830,11824,3376,3803,4835,5955,3114,3442,3788,3974,3123,3276,3405,3457,-30.456,22.9335,8.56393,47.766
91753,3097,3334,3602,3754,3417,3625,4489,4982,3477,4171,6690,8267,3433,3944,5400,6492,10.4986,17.9942,8.97623,48.116
91754,3339,3467,3273,3148,3838,3792,3551,3307,5102,5138,4063,3522,8234,9534,4973,3623,28.4233,-12.9549,8.99481,47.936
91755,3409,4055,6657,11588,3364,3779,4854,5894,3213,3497,3861,3982,3177,3323,3532,3362,-33.9279,22.6202,8.62253,47.698
91756,10691,7809,4300,3539,5863,5040,3847,3428,3899,3910,3590,3272,3298,3437,3188,3175,-26.8819,-19.2061,8.8252,48.1907
91757,3182,3348,3332,3413,3394,3647,4216,4297,3602,4277,6611,6302,3513,4460,7448,7206,16.5898,14.2822,8.89509,48.1653
91758,9848,7007,4186,3435,6809,5498,3991,3448,4112,3972,3524,3126,3418,3449,3235,3143,-20.3606,-20.0566,8.89533,48.134
91759,3638,5191,9501,7962,3664,4270,5435,5084,3373,3482,3718,3724,3073,3368,3299,3426,-27.8302,12.2549,8.60075,48.1387
91760,3766,4306,4815,4160,3869,5560,8041,4781,3731,4598,5613,4361,3569,3755,3850,3596,-4.83805,5.03799,8.96184,48.2473
91761,12569,6070,3999,3353,6202,4743,3783,3285,4062,3743,3412,3241,3431,3352,3196,3135,-29.4368,-27.2655,8.75892,47.7173
91762,5252,4300,3611,3236,9078,5264,3787,3339,7278,4900,3717,3320,4496,3911,3450,3167,-2.66909,-27.0245,8.53657,48.0707
91763,7791,5142,3811,3325,9346,5563,3816,3273,5171,4202,3491,3168,3858,3579,3380,3178,-11.8768,-25.4971,8.67384,48.0627
91764,5299,4390,3659,3251,9010,5368,3883,3358,7162,4874,3747,3241,4468,3836,3450,3120,-2.85047,-24.8119,8.95817,48.0773
91765,12752,6146,4029,3312,6045,4738,3711,3323,3918,3767,3395,3239,3507,3368,3286,3135,-32.0538,-26.6816,8.92079,47.7807
91766,5201,6154,4471,3657,5894,8010,4866,3702,4244,4581,3950,3507,3597,3543,3573,3359,-11.2785,-9.25141,8.56925,48.206
91767,11971,6960,4147,3346,6060,4867,3779,3459,3916,3768,3352,3203,3401,3333,3208,3052,-27.7686,-22.9732,8.81479,47.8813
91768,4051,5468,7177,5177,3962,5318,7114,4936,3516,3881,4106,3972,3289,3442,3585,3489,-15.6247,5.52332,8.89036,48.322
91769,3767,5584,10117,6821,3650,4289,5255,4909,3366,3647,3801,3762,3156,3311,3391,3333,-30.4986,9.75438,8.80372,48.106
91770,3551,4549,8526,9424,3577,4072,5133,5445,3337,3516,3837,3872,3166,3277,3395,3406,-30.1626,16.1946,8.74026,48.0553
91771,3498,3810,3985,3800,3858,5211,5306,4107,4177,6389,6986,4498,3844,4639,4777,3957,4.71765,1.10663,8.61697,48.5613
91772,3361,3778,5281,8562,3476,3796,5199,9125,3258,3561,4223,4824,3087,3370,3415,3542,-14.068,27.753,8.69914,47.9053
91773,3727,4699,6568,5198,3731,4943,7951,5573,3525,4117,4623,4242,3298,3454,3615,3588,-11.9003,8.643,8.8823,48.568
91774,5271,8561,6514,4368,4563,5900,5031,3967,3745,3843,3785,3465,3226,3350,3381,3261,-21.1109,-3.86506,8.77176,48.154
91775,3173,3382,3847,3876,3340,3675,4438,5834,3365,3813,5517,9576,3375,3673,4848,6316,7.6575,25.9348,8.52701,48.032
91776,5133,9194,7090,4346,4435,5090,4725,3909,3755,3769,3653,3464,3354,3260,3362,3318,-33.5889,-3.06578,8.88818,47.9047
91777,4152,6369,8645,5283,3970,5015,6305,4605,3589,3755,3836,3723,3159,3358,3374,3343,-20.2499,4.4378,8.98932,48.3207
91778,4191,4350,3901,3373,5326,7342,4672,3667,5071,6576,4540,3699,3987,4324,3718,3374,-1.1872,-9.18125,8.70602,48.074
91779,4077,5088,5107,4104,4216,6892,7192,4352,3833,4690,4700,4001,3539,3658,3633,3522,-8.2865,0.636368,8.99016,48.4027
91780,4686,6042,4986,3872,4940,7876,5712,3928,4002,4622,4067,3649,3473,3612,3462,3272,-11.0054,-4.80134,8.82883,48.134
91781,3377,3452,3187,3024,3958,3825,3598,3283,6182,5128,3974,3426,10602,7196,4236,3386,24.4755,-20.3323,8.54508,47.8893
91782,3702,3629,3386,3159,5151,4145,3472,3179,9699,5249,3795,3348,7741,5147,3914,3293,11.8677,-30.5063,8.79092,48.006
91783,3409,3843,5508,6537,3489,4075,6626,8128,3319,3779,4639,4949,3062,3404,3739,3793,-10.7972,17.7615,8.57095,48.1993
91784,12227,6657,4087,3465,5970,4918,3883,3243,3986,3872,3422,3222,3423,3358,3259,3015,-28.4379,-24.2485,8.86524,48.0047
91785,3387,3440,3218,3105,3843,3904,3562,3194,5288,5398,4152,3561,8012,9262,4912,3675,26.3951,-12.7904,8.60796,47.942
91786,3344,3532,3502,3388,3655,4206,4003,3665,4518,6689,6178,4112,4511,6702,6132,4282,15.3432,-1.56844,8.71878,48.2793
91787,3363,4006,6818,11918,3398,3824,4860,6044,3141,3449,3712,4062,3035,3198,3413,3464,-28.1894,22.8766,8.88396,47.8033
91788,3314,3975,6251,12521,3332,3833,4770,5974,3270,3452,3766,3920,3193,3273,3316,3434,-31.625,26.4281,8.72299,47.7293
91789,3581,3919,5229,5277,3476,4279,7455,7260,3313,3810,5081,5180,3188,3416,3901,3897,-6.94416,15.2384,8.88402,48.1747
91790,4120,6272,8826,5540,3928,4785,5941,4713,3568,3741,3960,3764,3086,3340,3462,3264,-21.7331,5.32001,8.69471,48.2067
91791,3280,3327,3207,3042,3666,3756,3664,3347,4590,5639,4647,3890,5671,9373,6599,4180,24.9472,-5.26152,8.63219,47.9187
91792,3226,3339,3643,3676,3298,3683,4408,4565,3466,4222,7003,7386,3358,4160,6156,6408,12.7136,15.792,8.85419,47.998
91793,3823,4330,4405,3851,4185,6308,6574,4245,3987,5396,5747,4075,3642,3942,4070,3694,-2.72955,0.694742,8.66568,48.1827
91794,3056,3237,3376,3421,3263,3540,4059,3961,3534,4052,5561,6085,3485,4358,7951,8919,21.5582,16.7419,8.75291,47.9053
91795,3084,3328,3365,3339,3250,3607,3894,3878,3557,4115,5333,5585,3638,4767,8788,8597,25.1014,14.6523,8.53931,48.0833
91796,3226,3310,3272,3311,3286,3516,3938,3724,3603,4200,5554,5053,3750,5207,9643,7442,26.0933,11.1601,8.76094,48.0233
91797,4147,5251,5827,4543,4148,6330,7345,4611,3692,4289,4524,3813,3322,3559,3655,3459,-11.1026,2.3646,8.86919,48.3433
91798,4079,4151,3504,3222,6027,5445,3826,3406,7561,6534,4017,3451,5106,4681,3776,3298,4.16647,-17.3611,8.82434,48.056
91799,3313,3311,3373,3270,3377,3719,3948,3645,3828,4600,5165,4568,4076,6431,9821,5745,33.5466,5.92899,8.69923,48.1267
91800,4192,4006,3530,3251,6452,4751,3710,3452,8963,5802,3868,3405,5521,4605,3670,3257,4.312,-21.9574,8.93072,48.29
91801,3467,3381,3182,3162,4182,4051,3638,3308,6635,6011,4170,3450,8341,7409,4291,3423,19.0102,-16.6139,8.89531,48.0673
91802,5858,6278,4325,3597,6490,7485,4431,3548,4352,4530,3852,3423,3631,3664,3434,3187,-12.2495,-12.8875,8.64444,48.0567
91803,3313,3400,3265,3196,3961,3859,3569,3216,5424,5282,4158,3475,8426,9070,4608,3611,33.55,-14.3882,8.54259,47.8887
91804,3676,4506,7098,6645,3547,4335,7017,6330,3400,3705,4270,4201,3111,3294,3559,3442,-15.4433,12.9166,8.9718,48.0907
91805,3159,3550,3919,4012,3421,4003,5161,5613,3500,4201,6768,7840,3347,3810,4816,5307,5.66642,17.3875,8.73825,48.2847
91806,3582,3579,3357,3061,4590,4101,3592,3284,8366,5960,4000,3450,8255,5935,4036,3354,14.597,-20.8164,8.68294,48.3347
91807,3115,3429,3731,3816,3278,3655,4420,5862,3395,3899,5563,9670,3291,3722,4821,6506,8.25054,25.7222,8.69103,48.1153
91808,3387,3717,4832,5814,3508,3873,6093,9161,3274,3725,4712,5820,3092,3550,3756,4049,-6.82544,21.4497,8.64731,48.242
91809,4829,5230,4035,3483,6372,8004,4556,3632,4869,5314,4024,3529,3828,3885,3504,3144,-6.88119,-11.8839,8.86286,48.1587
91810,4854,7762,6803,4302,4423,6067,5488,4040,3792,3972,3809,3530,3226,3505,3389,3252,-18.5735,-2.36445,8.97077,48.1427
91811,3371,3490,3870,3942,3315,3880,5180,5435,3599,4177,7084,7369,3439,3906,5056,5285,6.29703,15.8268,8.70808,48.2653
91812,4653,8028,8757,4923,4119,4853,4943,4192,3487,3693,3828,3529,3245,3303,3343,3233,-27.9703,0.919542,8.98241,48.086
91813,3267,3424,3575,3692,3372,3798,4420,4411,3578,4463,7581,6509,3508,4375,6367,6069,12.3814,13.3738,8.75368,48.2727
91814,3098,3296,3436,3316,3416,3669,3882,3719,3893,4639,5125,4547,4244,6737,9663,5528,30.8493,4.43037,8.77606,48.1387
91815,4325,3772,3443,3254,6371,4708,3777,3298,9662,5516,3856,3274,5814,4582,3533,3380,5.60758,-24.902,8.77987,48.3767
91816,10994,6791,4211,3297,6773,5034,3846,3326,4106,3874,3528,3351,3382,3391,3169,3060,-22.0027,-22.2136,8.86384,48.0887
91817,3376,3842,5566,8130,3386,3789,5566,8946,3356,3584,4229,4786,3189,3315,3709,3558,-13.8063,23.405,8.71359,48.218
91818,3093,3230,3396,3430,3174,3482,3726,4034,3300,3676,4774,6325,3330,3926,6279,12405,26.6963,26.9575,8.80164,47.72
91819,3072,3221,3434,3340,3268,3528,3861,3931,3389,3836,4994,6619,3356,3960,6600,11148,23.4665,23.3796,8.57977,47.7047
91820,11033,7347,4184,3465,5850,4878,3922,3360,4010,3803,3513,3247,3293,3356,3245,3152,-31.8479,-20.0412,8.7237,47.772
91821,3427,3598,3761,3527,3564,4225,5061,4275,3802,5341,8031,5263,3727,4542,5525,4671,8.22764,6.70156,8.50107,48.2267
91822,3127,3284,3377,3385,3313,3366,3745,3774,3349,3695,4750,5984,3327,3878,5986,12855,27.8816,33.9442,8.97522,47.4633
91823,3237,3337,3409,3367,3333,3473,3961,3971,3556,4007,5200,5229,3619,4774,8938,8718,32.2652,14.1989,8.73376,48.086
91824,4032,3762,3407,3273,6117,4528,3673,3384,9893,5147,3741,3390,6121,4727,3600,3368,7.04335,-32.7983,8.61175,48.1087
91825,3049,3294,3576,3434,3398,3704,4128,3920,3726,4689,6728,5332,3872,5266,8170,5825,17.7427,8.69085,8.65729,48.074
91826,3218,3258,3549,3687,3229,3604,4108,4581,3439,3884,5144,8668,3306,3796,5379,9424,15.6736,30.7878,8.51621,48.1827
91827,3352,3839,5868,12843,3344,3729,4696,5857,3307,3435,3794,3981,3274,3252,3246,3325,-31.0333,32.4474,8.96737,47.428
91828,3250,3628,4407,5144,3413,3875,5590,8440,3290,3766,5066,7208,3293,3489,4138,4463,-2.24756,21.8435,8.97223,48.3067
91829,3247,3661,4079,3851,3539,4008,5702,5107,3619,4487,7752,6462,3432,4068,4893,4742,5.05978,12.6738,8.55342,48.4327
91830,3646,3582,3380,3111,4889,4432,3679,3349,8306,6444,4056,3495,6858,5575,3963,3476,11.8154,-18.7824,8.87291,48.1607
91831,7074,5005,3876,3351,9810,5282,3893,3427,5290,4325,3592,3292,3763,3769,3377,3121,-10.3594,-33.2938,8.5231,48.1647
91832,8360,5465,3895,3337,9081,5365,3894,3268,4734,4020,3488,3201,3575,3687,3317,3043,-14.1821,-25.5422,8.84572,47.82
91833,4101,3873,3466,3254,6257,4614,3463,3353,9843,5315,3827,3467,5842,4608,3691,3408,5.87678,-31.8901,8.66696,48.2547
91834,4099,3887,3508,3189,6498,4756,3719,3222,9437,5858,3747,3345,5582,4478,3620,3202,5.26029,-23.1072,8.99457,48.098
91835,7203,5490,3972,3435,8677,6241,4100,3376,4869,4361,3622,3167,3768,3604,3430,3093,-11.9865,-19.9602,8.77741,48.272
91836,3606,4758,9300,8845,3524,4050,5273,5241,3244,3548,3770,3925,3188,3210,3242,3388,-28.1299,14.194,8.8327,48.0747
91837,6305,4760,3640,3236,9809,5279,3829,3325,6130,4609,3563,3273,4064,3833,3410,3258,-7.04555,-29.7083,8.89711,48.2153
91838,3389,3768,4063,3761,3694,4474,5876,4644,3712,5052,7921,5296,3493,4193,4766,4363,3.962,7.76573,8.81324,48.31
91839,3224,3326,3353,3203,3615,3768,3694,3378,4430,5495,4739,3853,5341,8940,6926,4286,24.5209,-3.84935,8.51011,47.714
91840,3083,3227,3433,3505,3253,3486,3977,4400,3355,3683,4959,8660,3353,3924,5395,9880,16.7961,30.482,8.98288,47.7153
91841,3103,3178,3428,3313,3189,3439,3904,3816,3450,3977,4935,5728,3433,4343,7772,10539,30.9181,19.0324,8.78294,47.698
91842,3792,4486,5688,4687,3788,5413,7966,5330,3464,4169,5044,4285,3370,3567,3783,3560,-8.87699,7.12895,8.64225,48.2613
91843,5429,4453,3607,3372,9591,5050,3660,3287,6905,4644,3634,3298,4343,3746,3413,3181,-4.23495,-30.3505,8.71029,47.742
91844,3958,4759,5458,4386,3985,6018,7735,4784,3635,4381,4968,3897,3407,3573,3712,3540,-8.75229,3.35472,8.79879,48.1307
91845,3188,3292,3374,3368,3253,3546,3777,4232,3360,3857,5073,7315,3374,3931,6022,11256,20.7388,25.8143,8.75716,48.1453
91846,7584,8423,4646,3583,5665,5988,4315,3630,3945,3909,3726,3324,3340,3460,3291,3100,-20.1857,-13.4252,8.792,47.9527
91847,3327,3468,3620,3338,3714,4016,4361,3912,4053,5742,7152,4757,4040,5355,6567,4764,13.4042,3.88054,8.5913,48.124
91848,5078,4748,3679,3450,7681,6677,4088,3494,5957,5377,3924,3281,4261,4028,3559,3223,-4.2272,-17.2739,8.98348,48.3367
91849,9015,5489,3894,3472,8990,5071,3809,3309,4589,4055,3496,3254,3646,3592,3312,3215,-14.8107,-28.8305,8.90609,48.1387
91850,9531,7401,4341,3518,6321,5573,3952,3474,4195,3960,3485,3282,3487,3444,3213,3073,-21.5499,-18.418,8.71227,48.1667
91851,7327,9919,5171,3760,4929,5237,4305,3578,3786,3787,3515,3330,3328,3361,3197,3223,-32.0784,-10.6052,8.76332,47.8353
91852,3678,3722,3280,3125,4947,4200,3562,3285,9328,5284,3821,3373,8031,5175,3797,3411,12.7334,-29.8454,8.5154,48.0127
91853,10961,6508,4069,3393,6735,5124,3802,3401,4091,3857,3464,3267,3438,3338,3287,3168,-22.2204,-23.1966,8.90189,47.9353
91854,5411,8993,6626,4288,4541,5728,4856,3905,3672,3860,3698,3445,3250,3378,3382,3203,-22.6238,-4.08845,8.90005,48.1573
91855,4322,7155,8906,5151,4081,4831,5337,4433,3381,3672,3869,3583,3226,3400,3292,3256,-25.3159,2.94201,8.54943,47.93
91856,3103,3378,3469,3592,3231,3487,4081,4737,3366,3876,5616,8976,3278,3930,5611,8521,14.7274,23.5258,8.87259,48.168
91857,3413,3960,4493,4164,3749,4891,7032,5180,3617,4685,6553,4973,3479,3828,4263,4023,-0.970989,8.20205,8.58342,48.202
91858,3262,3786,4778,5950,3425,3804,5733,9454,3353,3739,4512,6219,3188,3401,3796,4132,-6.70764,23.3904,8.90689,48.3547
91859,3705,4307,5152,4317,3905,5546,7649,5033,3745,4432,5301,4224,3520,3608,3849,3654,-5.92464,5.13981,8.57248,47.9647
91860,3400,3463,3390,3234,3987,4168,3767,3344,5204,7271,4797,3701,5656,7787,5223,3918,16.2956,-8.29216,8.97787,48.2067
91861,3587,4261,4658,4208,3925,5321,7675,4921,3670,4783,6036,4550,3579,3827,3981,3792,-3.25795,5.38326,8.97722,48.516
91862,9471,6359,4016,3349,7658,5613,3909,3427,4393,4000,3365,3216,3478,3515,3179,2962,-17.8908,-21.7295,8.9248,47.94
91863,3252,3477,3424,3403,3602,3964,4339,3754,3971,5596,7194,4783,4207,5678,6910,4971,14.7364,4.43748,8.79415,48.35
91864,3432,3496,3205,3167,3877,3809,3428,3205,5770,4910,3894,3345,11359,7498,4152,3446,29.9134,-20.5619,8.87149,47.9953
91865,3142,3283,3418,3537,3179,3443,3816,4330,3308,3744,4894,7827,3336,3810,5773,10741,19.2657,28.5064,8.89884,47.7207
91866,3502,3998,6394,12278,3444,3689,4840,6389,3115,3355,3772,3968,3086,3214,3394,3419,-25.7232,25.2606,8.95579,47.9047
91867,3577,3921,5815,12640,3405,3707,4802,5885,3302,3319,3777,3863,3171,3284,3314,3270,-31.8951,33.325,8.75786,47.368
91868,4175,6304,9659,5772,3839,4649,5216,4593,3453,3689,3862,3676,3192,3315,3451,3400,-32.859,5.7276,8.58734,48.1633
91869,3271,3896,5784,11809,3467,3649,4874,7186,3310,3406,3885,4112,3059,3327,3359,3297,-21.3437,29.7769,8.95407,47.794
91870,8023,5455,3874,3393,8978,5675,3856,3370,4889,4081,3534,3251,3621,3553,3321,3204,-13.2,-23.7186,8.66929,48.052
91871,4822,6521,4937,3835,5069,7752,5619,3960,3943,4586,4045,3578,3600,3631,3529,3353,-12.0579,-5.78463,8.65708,48.52
91872,3329,3353,3271,3287,3768,3953,3750,3608,4437,6204,5034,4055,5261,8469,6519,4201,20.4098,-3.81896,8.87513,48.3327
91873,7960,5945,4018,3497,8261,5999,3977,3386,4607,4251,3598,3272,3624,3590,3323,3139,-14.2495,-20.8107,8.7361,48.298
91874,3131,3367,3688,3750,3294,3621,4258,5270,3282,3863,5246,9900,3401,3826,5036,7232,10.4359,31.6555,8.74387,48.11
91875,4747,7352,7221,4650,4214,5674,5742,4261,3741,3869,3851,3643,3287,3320,3375,3348,-19.5231,-0.440419,8.55391,48.1967
91876,3155,3152,3400,3504,3331,3559,3940,4214,3352,3892,5225,7522,3453,4008,6120,10346,19.5934,23.7459,8.55209,48.1153
91877,3341,4196,7460,11213,3395,4039,4933,5856,3132,3512,3836,3894,3112,3201,3454,3328,-31.9007,20.3988,8.89467,47.9347
91878,5717,5912,4279,3559,6376,7828,4578,3667,4455,4626,3979,3244,3669,3716,3514,3234,-10.8672,-12.5371,8.87961,48.2353
91879,6045,5314,3802,3512,8229,6461,4038,3463,5194,4599,3768,3456,3815,3798,3388,3234,-9.21037,-18.867,8.51406,48.0773
91880,5092,8984,6997,4346,4423,5511,4995,3996,3554,3949,3709,3477,3279,3323,3337,3113,-24.0157,-2.98248,8.60968,48.0567
91881,3064,3163,3319,3372,3293,3534,3870,4027,3426,3748,4878,6364,3428,3995,5924,12210,25.8081,27.9825,8.53454,47.7433
91882,3217,3278,3560,3352,3591,3837,3999,3756,4073,5509,5849,4350,4421,6813,7777,4828,19.5752,1.76884,8.64165,48.14
91883,3637,3560,3376,3144,4504,4028,3576,3310,8038,5657,3964,3392,8704,6003,4016,3506,15.8372,-21.4868,8.76383,48.2767
91884,7051,9796,5415,3781,4980,5205,4301,3769,3853,3777,3588,3319,3314,3369,3276,3155,-29.5139,-10.1652,8.57204,47.966
91885,3192,3349,3312,3109,3791,3827,3699,3476,4836,6056,4610,3814,6074,9183,5960,4019,21.8249,-7.14393,8.96927,48.2047
91886,3267,3408,3286,3220,3658,3913,3630,3449,4549,5216,4522,3911,5813,9596,6604,4113,28.1345,-5.11572,8.80342,48.1033
91887,3712,4133,3988,3627,4265,6168,5322,3947,4464,6612,5675,3939,3982,4381,4174,3642,1.0218,-2.45677,8.59429,48.0207
91888,4843,8539,8129,4645,4201,4965,4949,4132,3592,3754,3824,3472,3156,3467,3339,3275,-31.8064,-0.777067,8.83867,48.188
91889,3381,4157,6787,11385,3512,3829,4936,6457,3285,3450,3842,3937,3071,3273,3380,3512,-24.5215,22.725,8.94889,48.1293
91890,3325,3919,5495,9194,3369,3786,5193,8882,3233,3498,4113,4488,3145,3268,3410,3664,-15.5319,28.691,8.96245,47.988
91891,3694,3852,3831,3564,3967,4887,5368,4081,4116,6256,7353,4425,3789,4543,4768,4137,5.36989,2.2405,8.62748,48.4207
91892,10171,5604,3938,3373,8248,5010,3836,3446,4440,3975,3439,3226,3473,3498,3263,3059,-17.546,-29.2837,8.81227,47.9993
91893,4168,4929,4979,4078,4329,6809,6946,4259,3994,4851,4763,3884,3586,3759,3829,3496,-7.571,-0.128078,8.83572,48.4393
91894,4444,3934,3542,3226,7092,4855,3752,3418,9035,5176,3842,3371,5239,4348,3682,3269,3.10382,-25.4634,8.57693,48.15
91895,3276,3580,3627,3531,3679,4489,4695,3962,4142,6217,7394,4543,4016,5003,5575,4355,9.35559,2.16059,8.54849,48.056
91896,4230,5792,7724,5110,3966,5426,6799,4616,3552,3947,4132,3742,3125,3475,3444,3307,-16.9584,4.1569,8.97419,48.258
91897,5410,4970,3876,3447,7455,7127,4087,3508,5417,5115,3839,3434,4088,3831,3480,3201,-6.798,-16.2728,8.75169,48.19
91898,3986,4659,5152,4306,4036,6120,7458,4580,3681,4638,5063,3975,3449,3637,3778,3543,-7.36263,2.63503,8.54197,48.0407
91899,10525,7813,4191,3572,5970,4994,3949,3357,3900,3841,3494,3226,3415,3370,3232,3223,-25.4407,-19.1717,8.85107,48.048
91900,3330,3382,3268,3151,3903,3807,3334,3261,6115,5009,3835,3312,12424,6426,3899,3272,32.7962,-25.4794,8.69467,47.8187
91901,3436,3449,3240,3103,3994,4066,3683,3298,5934,5931,4184,3573,8313,8144,4530,3561,20.2078,-14.9395,8.93668,48.2927
91902,3619,4508,8684,9132,3638,3958,5311,5612,3282,3488,3861,3963,3113,3269,3390,3419,-24.7686,15.6263,8.92172,48.1647
91903,3619,4256,6905,7783,3533,4168,6183,6878,3329,3633,4279,4172,3107,3308,3519,3433,-16.9915,16.8617,8.51929,48.07
91904,3545,3640,3404,3269,4346,4531,3788,3399,6307,7942,4714,3651,5588,6437,4409,3542,12.0551,-11.2975,8.88828,48.3413
91905,4957,8770,7990,4668,4263,5114,4916,4061,3482,3640,3825,3518,3305,3327,3296,3265,-27.155,-0.982861,8.97634,48.2647
91906,4804,5489,4259,3695,5690,8204,5027,3671,4483,5195,4044,3465,3808,3730,3673,3297,-7.36671,-8.9087,8.70308,48.356
91907,4310,5042,4486,3672,5015,7888,5741,4009,4244,5529,4535,3522,3619,3873,3613,3416,-6.07985,-4.48034,8.98276,48.3427
91908,3405,3338,3200,3108,3940,3795,3375,3177,6014,4893,3801,3486,11955,7066,4084,3410,28.0868,-22.1971,8.93928,48.0313
91909,3214,3352,3444,3315,3196,3429,3745,3886,3388,3852,4639,6099,3297,4026,5912,12588,28.8743,31.3162,8.73262,47.588
91910,3241,3300,3346,3270,3278,3623,3715,3670,3820,4349,5420,4734,3822,5940,9944,6358,27.7997,7.60903,8.65763,47.8867
91911,3282,3473,4304,4901,3391,3716,5132,8808,3317,3771,4853,7602,3283,3605,4119,4551,-1.75209,33.7395,8.54282,48.072
91912,3614,3705,3711,3636,3898,4993,5137,4082,4261,6690,6894,4379,3896,4734,4769,4077,5.52962,0.466881,8.54649,48.3173
91913,3546,3907,3781,3538,4164,5608,5054,3974,4600,7130,6152,3993,4122,4579,4419,3663,3.73844,-2.57957,8.98799,48.1533
91914,3721,3581,3278,3196,5003,4125,3544,3257,9249,5619,3803,3283,7894,5359,3925,3355,12.583,-24.0952,8.82264,48.128
91915,3128,3557,3978,4756,3269,3712,4819,7649,3365,3723,5028,8792,3255,3644,4300,5220,1.86244,27.1019,8.60425,48.13
91916,4997,4261,3609,3281,8373,5044,3715,3348,8111,4736,3741,3323,4613,4137,3596,3170,-0.760431,-30.09,8.79088,48.0367
91917,3143,3224,3448,3429,3402,3666,4003,3739,3773,4633,6270,5060,3817,5445,8802,6279,20.2201,8.53437,8.62834,48.0887
91918,3147,3324,3595,3726,3212,3652,4512,5043,3422,4138,6507,8566,3406,4003,5415,6451,10.1297,18.85,8.98199,48.0793
91919,3908,4622,4969,4065,3981,6312,7307,4538,3900,4768,5208,4104,3528,3732,3788,3647,-6.32419,2.0991,8.55949,48.2513
91920,3286,3338,3151,2958,3984,3819,3644,3212,6327,5223,3964,3380,10293,7328,4283,3522,22.9968,-19.6904,8.61865,47.808
91921,3465,3471,3284,3175,4080,4104,3721,3300,5740,6450,4403,3589,6983,8189,4790,3755,18.969,-12.0963,8.57594,48.3327
91922,3500,4595,9089,8531,3553,4130,5294,5227,3269,3566,3882,3920,3079,3239,3431,3453,-26.1207,13.9255,8.69017,47.8387
91923,3387,3972,5387,6216,3485,4131,6586,8488,3368,3714,4531,5243,3015,3430,3662,3799,-9.98671,18.4378,8.98935,48.276
91924,3315,3456,3349,3319,3736,3935,3936,3556,4703,6499,5179,3890,5288,7916,5974,4073,18.1612,-4.7517,8.6498,48.0827
91925,3782,3938,3635,3394,4630,5765,4434,3546,5162,7808,5174,3797,4144,5019,4177,3597,4.71114,-7.29532,8.92251,48.0013
91926,6463,4669,3620,3290,9950,5169,3852,3537,5756,4389,3761,3278,3792,3735,3425,3222,-8.52577,-32.5357,8.8044,47.9387
91927,3456,3938,4658,4449,3704,4559,7545,5685,3601,4236,6109,5071,3391,3655,4124,4040,-3.03125,10.9405,8.84674,48.1473
91928,3089,3278,3575,3468,3319,3517,3914,4272,3279,3837,5046,7455,3441,4046,6123,10376,19.3955,24.6464,8.5544,48.0233
91929,8733,6551,4109,3285,7496,5703,4078,3417,4252,4168,3516,3289,3462,3584,3292,3234,-17.1769,-19.55,8.82311,48.1127
91930,3157,3235,3502,3367,3208,3517,3844,3930,3353,3798,4972,6005,3408,4090,7040,11671,31.6539,21.7803,8.88113,48.0647
91931,9925,7944,4521,3464,5776,5181,4013,3449,3942,3836,3605,3333,3398,3247,3127,3153,-26.2408,-17.3901,8.65268,47.9427
91932,3352,3909,6022,12133,3445,3814,4904,6606,3131,3453,3646,4012,3103,3248,3493,3300,-24.3308,28.7997,8.64863,47.714
91933,4901,4299,3500,3257,8332,5293,3817,3308,7797,5215,3683,3272,4698,4095,3490,3204,-0.828901,-23.991,8.89161,48.1073
91934,4301,3958,3381,3231,6725,4878,3708,3302,9235,5500,3800,3427,5407,4481,3717,3419,3.92218,-23.99,8.72548,48.3133
91935,4113,5546,7954,5347,3903,5031,6823,4900,3490,3911,4018,3879,3162,3354,3465,3377,-17.8636,6.18609,8.55162,48.182
91936,3367,4020,6419,12307,3457,3872,4725,6218,3183,3503,3854,3885,3180,3207,3407,3393,-28.1512,26.156,8.60708,47.998
91937,3384,3358,3190,3086,4054,3784,3504,3168,6111,4721,3831,3430,12116,6621,4023,3350,27.2744,-24.9854,8.73623,47.8207
91938,3436,4026,5918,8170,3397,4055,6012,7979,3278,3645,4195,4582,3110,3374,3587,3539,-15.1825,20.2642,8.80994,48.202
91939,4939,4234,3503,3262,8533,4800,3710,3297,8071,4897,3650,3373,4579,4193,3582,3287,-0.566261,-29.8497,8.86594,47.94
91940,3222,3288,3380,3440,3195,3445,3909,4230,3418,3879,4973,7850,3389,3995,5759,10375,18.7243,33.5118,8.79947,47.8313
91941,3417,3394,3307,3155,3640,3923,3548,3391,4806,5259,4411,3821,6479,9800,5750,3955,32.7843,-8.41125,8.67382,48.0373
91942,3538,3646,3684,3343,3911,4576,4356,3745,4468,7310,6449,4231,4342,5418,5158,4146,9.9595,-1.18162,8.80264,48.214
91943,3558,4476,7149,7241,3470,4179,6580,6660,3380,3665,4170,4125,3120,3247,3551,3525,-16.4768,14.9749,8.9706,48.064
91944,3527,4190,5540,5234,3566,4554,7963,6146,3504,3941,4994,4641,3295,3512,3701,3656,-8.32196,11.5241,8.66433,47.976
91945,3705,4942,8469,7354,3722,4326,6093,5621,3294,3653,3978,3954,3067,3293,3414,3381,-20.6567,12.1687,8.56151,48.1773
91946,3352,3411,3275,3132,3902,3856,3621,3315,5594,5683,4113,3551,8197,8862,4753,3609,23.5137,-13.8258,8.8234,48.1507
91947,3129,3527,3607,3748,3378,3837,4633,4454,3618,4465,7421,6814,3417,4221,5817,6056,11.648,13.6712,8.51491,48.0947
91948,3136,3377,3428,3308,3418,3730,4027,3772,3786,4587,6045,5160,3895,5448,9026,6348,21.0227,8.55604,8.55336,48.3273
91949,3057,3262,3356,3422,3263,3459,3762,3867,3338,3974,5046,5883,3377,4162,7165,11164,32.4097,21.1292,8.73863,47.7047
91950,3301,3385,3271,3075,3791,3830,3515,3349,5042,5238,4279,3618,7333,9898,5268,3748,28.9563,-10.6491,8.75723,47.9607
91951,3563,3652,3523,3320,3913,4513,4244,3654,4653,7744,6049,4070,4606,5928,5048,3895,10.8948,-3.53493,8.73955,48.25
91952,3327,3944,6747,10871,3479,3924,5171,6915,3254,3531,3871,4111,3082,3335,3349,3409,-21.8019,22.3877,8.78916,48.2133
91953,3401,4158,7175,11264,3404,3935,4912,5855,3168,3548,3718,4033,3171,3265,3384,3471,-29.7356,21.1645,8.52525,47.908
91954,3254,3449,3317,3273,3529,3853,3694,3483,4375,5290,4641,3853,5374,9162,6960,4363,26.2936,-3.78391,8.7002,47.9133
91955,3094,3170,3487,3526,3210,3660,3884,4353,3329,3750,5201,7713,3334,3999,5950,10337,18.5921,25.0045,8.8508,47.998
91956,3079,3316,3581,3388,3263,3499,3859,4184,3386,3896,5038,7771,3340,4014,5767,10748,19.2428,28.4371,8.83578,48.086
91957,3212,3426,3848,4281,3426,3738,4756,6936,3414,3871,5223,9256,3288,3687,4400,5482,4.03493,30.7673,8.5546,48.1627
91958,3454,4355,7367,9413,3461,3863,5671,6650,3251,3578,3958,4171,3089,3298,3377,3504,-20.4857,18.2581,8.98564,48.3067
91959,3042,3241,3421,3396,3177,3495,3747,3964,3386,3969,5280,5903,3520,4247,8199,10218,25.3696,17.8616,8.87809,48.1367
91960,3387,3673,3626,3530,3612,4310,4644,3978,4064,5937,7626,4704,3883,5060,5769,4439,10.4769,3.42419,8.5476,48.1613
91961,3346,3762,5296,8452,3442,3866,5356,9305,3224,3436,4086,4874,3080,3293,3580,3665,-13.9209,26.8473,8.87717,48.042
91962,3243,3287,3424,3598,3299,3482,3872,4332,3402,3758,5254,7965,3360,3997,5840,9922,18.0313,24.5956,8.67552,48.0233
91963,3128,3457,3711,3800,3367,3658,4722,5121,3481,4077,6687,8216,3373,3860,5391,6038,8.69609,18.1744,8.6485,48.058
91964,3962,4081,3487,3202,5739,5242,3912,3312,7484,7047,4234,3607,5201,4787,3864,3345,5.35168,-16.4711,8.63996,48.3373
91965,3614,4646,6638,5275,3718,4966,7857,5617,3485,3876,4422,4132,3305,3445,3539,3645,-12.7428,8.95504,8.88997,48.12
91966,3315,3462,3279,3151,3580,3800,3764,3534,4370,5330,4864,4003,5243,8825,7412,4393,24.6702,-2.21592,8.96817,48.2167
91967,3262,3686,4015,4062,3343,3932,5555,5309,3398,4538,7532,6694,3412,3958,4869,4709,4.62428,13.5652,8.79973,48.1827
91968,3407,3390,3247,3025,4168,3813,3505,3167,6791,5043,3900,3414,11052,6427,4072,3425,22.0257,-23.547,8.65756,47.8973
91969,3817,3656,3473,3224,4685,4579,3732,3413,7223,7224,4280,3448,6169,6226,4163,3324,11.727,-15.0179,8.83641,48.424
91970,3433,4308,7959,10523,3443,3933,5201,5870,3216,3487,3852,4016,3114,3185,3371,3314,-26.6733,18.5876,8.91531,48.15
91971,3268,3288,3272,3281,3672,3771,3735,3499,4312,5108,4873,3834,5149,9072,7209,4436,31.1729,-2.74264,8.57169,47.8527
91972,3405,3923,5780,11438,3459,3743,4980,7212,3268,3517,3843,4086,3146,3278,3388,3323,-21.1747,33.5938,8.88097,47.8593
91973,3824,3906,3854,3473,4342,5813,4803,3863,4737,7233,5665,4022,4111,4750,4270,3721,3.64493,-4.27871,8.52125,48.258
91974,4337,6784,9212,5555,3957,4794,5514,4536,3467,3718,3789,3630,3238,3282,3328,3385,-24.3555,4.53686,8.66554,48.3507
91975,3106,3218,3574,3713,3335,3422,4159,5012,3451,3875,5492,9396,3343,3831,5121,8127,12.5089,28.3597,8.92506,48.1167
91976,4277,3873,3495,3114,6587,4872,3826,3256,9240,5568,3828,3331,5525,4527,3542,3265,4.73272,-23.6324,8.87383,48.084
91977,3723,5354,9653,7379,3738,4266,5613,5080,3324,3655,4022,3701,3109,3247,3467,3283,-24.8925,10.8299,8.90549,48.4093
91978,9085,8918,4543,3531,5333,5247,4083,3507,3825,3910,3542,3171,3404,3385,3200,3134,-31.8375,-15.2209,8.99458,47.8787
91979,3158,3282,3388,3299,3216,3579,3708,3970,3561,3933,5105,5510,3477,4373,8341,9885,33.0189,16.7905,8.92622,47.8567
91980,3408,3419,3213,3013,3944,3887,3423,3255,6339,5166,3769,3407,11596,6747,3955,3413,24.1399,-23.3274,8.61886,47.9693
91981,3351,3426,3229,3040,3929,3888,3405,3178,6329,4888,3898,3469,12258,6520,4036,3330,26.2825,-25.0367,8.8356,48.116
91982,3149,3418,3431,3346,3558,3861,4109,3828,4024,5326,6806,4717,4184,6058,7645,5119,16.8797,4.21151,8.93942,48.386
91983,3292,3516,3584,3437,3524,3940,4598,4113,3790,5061,7944,5338,3807,4626,6635,5077,12.9328,7.57798,8.74025,48.188
91984,12347,6095,3818,3363,6243,4883,3788,3433,3917,3829,3443,3337,3295,3445,3294,3211,-26.3853,-33.1983,8.63639,47.8273
91985,3471,3862,6130,12529,3375,3724,4631,6024,3206,3457,3720,3849,3233,3173,3482,3303,-28.6585,29.0597,8.64173,47.446
91986,3253,3415,3885,4245,3355,3577,4382,6264,3368,3865,5172,9803,3280,3684,4646,6026,6.56679,27.4267,8.69653,48.1467
91987,3365,3377,3453,3294,3581,3867,3955,3651,4220,5475,5996,4322,4587,6981,7448,4763,18.9801,1.17218,8.69133,48.2233
91988,4559,4346,3713,3334,6597,6377,4090,3451,6457,6269,4179,3445,4328,4277,3702,3256,-0.38407,-15.6538,8.92005,48.2533
91989,9197,7436,4283,3555,6508,5598,4072,3520,4033,3903,3558,3250,3513,3361,3288,3150,-20.7756,-18.003,8.75272,48.15
91990,3373,3724,4935,6776,3321,3804,5230,10092,3187,3718,4402,5751,3103,3305,3608,3950,-9.16205,29.4265,8.95464,48.186
91991,10376,6288,4063,3362,7109,5248,4009,3378,4358,3962,3552,3189,3403,3394,3344,3126,-19.8527,-23.2865,8.52449,48.1073
91992,10947,7386,4218,3566,5926,4990,3929,3433,3878,3790,3564,3298,3472,3286,3168,3082,-26.6153,-20.2905,8.89403,47.9553
91993,3199,3383,3538,3684,3342,3740,4329,4901,3549,4169,7011,7665,3443,3998,5736,6330,10.9786,16.8651,8.57126,48.0113
91994,3490,4098,5366,5409,3613,4329,7380,7134,3513,3913,4982,5002,3196,3458,3750,3727,-7.82324,14.5991,8.68822,48.24
91995,10931,7611,4124,3432,5749,5040,3850,3314,4053,3804,3432,3192,3441,3509,3255,3142,-29.7257,-19.6143,8.53531,47.9193
91996,3123,3245,3450,3608,3152,3486,3965,4357,3385,3828,5154,8104,3290,3972,5668,10348,18.3418,27.9387,8.79786,48.09
91997,7369,9875,5305,3840,5037,5312,4250,3581,3727,3745,3593,3415,3302,3363,3361,3188,-29.2696,-10.7589,8.84486,48.1753
91998,3049,3232,3416,3375,3202,3494,3791,3771,3537,3998,5114,5632,3514,4322,7941,10234,29.6595,18.2425,8.58992,47.748
91999,5552,4475,3550,3239,9649,5081,3765,3563,6905,4622,3755,3240,4236,3770,3439,3195,-4.84194,-28.6137,8.98657,48.024
92000,4045,4602,4125,3562,4696,7215,5341,3846,4435,6315,4989,3792,3750,4280,3770,3515,-2.06577,-4.62542,8.53621,48.1853
92001,3327,3273,3306,3250,3829,3786,3587,3297,4951,5232,4346,3726,7094,9907,5403,3725,32.0506,-10.1227,8.79161,48.026
92002,3370,3853,5022,6669,3420,3868,5827,9477,3294,3669,4316,5512,3238,3370,3738,3976,-8.96338,23.1384,8.74459,48.4127
92003,3306,3753,4683,6385,3486,3776,5203,9888,3292,3679,4530,6158,3079,3361,3685,3890,-7.23652,30.7989,8.75878,48.1027
92004,3117,3211,3330,3405,3117,3436,3777,3884,3382,3741,4774,6303,3405,4024,6077,12368,25.4255,33.1482,8.69392,47.5673
92005,7383,7908,4613,3804,5929,6353,4333,3582,4027,4044,3674,3344,3421,3420,3342,3138,-18.6596,-13.5113,8.53903,48.21
92006,3696,4004,3716,3392,4459,5637,4466,3686,5208,7943,5391,3756,4337,5031,4186,3589,5.1174,-6.53544,8.70311,48.3313
92007,3402,3435,3334,3123,3895,3769,3540,3202,5276,5166,4005,3523,9227,8916,4574,3523,31.1887,-15.463,8.6632,47.94
92008,3314,3315,3427,3292,3340,3688,4044,3916,3743,4760,6347,5283,3836,5462,8506,5982,19.5194,8.65791,8.51594,48.17
92009,4504,4957,3934,3483,5983,7672,4581,3608,5030,5783,4207,3499,3910,4103,3648,3407,-3.95169,-11.5606,8.82181,48.206
92010,3133,3389,3602,3574,3175,3478,4203,4831,3329,3745,5308,9327,3344,3837,5299,8508,13.7296,27.0073,8.92836,48.0547
92011,5180,4358,3662,3365,8906,5204,3781,3373,7395,4942,3672,3278,4544,4024,3511,3262,-2.14746,-26.2437,8.80832,48.3047
92012,4067,3901,3564,3128,5722,5109,3828,3415,7761,6840,4134,3465,5330,4868,3790,3359,5.60869,-17.6485,8.63079,48.1873
92013,6112,4698,3714,3322,9249,5536,3927,3383,6187,4705,3633,3316,4080,3895,3319,3244,-6.87377,-24.7254,8.53196,48.2133
92014,3383,3424,3271,3153,3776,3673,3471,3261,5577,5433,4128,3520,9029,8924,4726,3680,26.4681,-14.9499,8.83306,48.286
92015,3319,3416,3322,3148,3985,3852,3662,3265,5656,5608,4106,3500,8480,8810,4754,3570,23.2108,-14.6761,8.94764,48.302
92016,3105,3296,3348,3410,3309,3569,3878,3834,3667,4268,5561,5098,3698,5088,9291,7557,25.2861,11.9033,8.52446,47.9847
92017,6377,9685,5713,3926,4789,5520,4477,3713,3771,3910,3655,3538,3456,3446,3226,3181,-24.5125,-8.0906,8.80452,48.2553
92018,3370,3343,3216,3110,3944,3741,3527,3205,5761,5059,3897,3356,10876,7638,4303,3478,32.1406,-19.529,8.64374,47.8827
92019,4061,5923,6731,4759,4086,5841,7077,4724,3628,4126,4280,3773,3306,3535,3431,3357,-14.6538,3.10638,8.90815,48.4253
92020,3806,5646,10096,6866,3845,4365,5140,4780,3347,3539,3751,3715,3173,3224,3352,3210,-31.1804,9.07263,8.943,47.9033
92021,3341,3710,4290,4505,3341,3986,6004,6688,3477,4003,6062,7098,3306,3693,4259,4698,0.464981,17.5701,8.70294,48.3073
92022,3551,3530,3586,3239,4186,4740,4043,3561,5475,8024,5269,3883,4944,5980,4581,3620,10.5319,-7.77963,8.7131,48.1413
92023,4196,3981,3479,3191,6403,5165,3799,3379,8328,6277,3986,3377,5281,4551,3720,3268,4.17575,-20.1225,8.68156,48.254
92024,3371,3284,3293,3152,3912,3660,3424,3175,6203,4725,3822,3428,12853,6010,3878,3379,28.3964,-31.6363,8.86028,47.7127
92025,4587,4235,3575,3342,7267,5692,3848,3369,7423,5802,3880,3412,4692,4363,3659,3307,0.404895,-19.4899,8.96734,48.302
92026,3105,3265,3314,3305,3477,3582,3744,3724,3797,4479,5466,4720,3917,6021,9612,6208,26.5958,7.23539,8.55116,47.824
92027,3314,3721,4353,4448,3493,4040,6331,6641,3496,4187,6306,6535,3332,3658,4309,4418,0.00880402,15.6347,8.85688,48.388
92028,4215,5957,7496,5031,3972,5454,6772,4575,3655,3881,4123,3737,3255,3467,3547,3332,-16.9484,3.18305,8.76976,48.3127
92029,3376,3372,3191,3071,4117,3885,3493,3209,6759,4890,3845,3484,11421,6388,3963,3345,22.6242,-24.062,8.83603,47.8727
92030,3349,3328,3285,2932,4059,3843,3473,3187,6509,4973,3914,3428,11487,6662,3919,3402,24.2527,-23.7233,8.74858,47.8333
92031,11752,5853,3964,3344,7163,4899,3694,3406,4139,3881,3596,3266,3296,3414,3229,3114,-22.0418,-33.0761,8.7631,48.0067
92032,3052,3204,3403,3468,3219,3519,3789,3959,3480,3866,4892,5917,3393,4021,7029,11832,28.8081,22.3684,8.6531,48.0287
92033,4239,3856,3391,3197,6445,4697,3611,3259,9443,5441,3739,3334,5904,4544,3734,3261,5.9469,-24.8866,8.80906,48.0633
92034,3051,3274,3515,3514,3237,3416,3936,4137,3400,3993,5137,6628,3505,4112,6885,10455,22.3479,21.0348,8.53283,48.13
92035,3856,3935,3387,3324,4790,5516,3976,3483,6110,7984,4675,3720,4711,5124,4088,3615,5.72011,-11.0293,8.91889,48.196
92036,3341,3668,4859,6639,3404,3825,5280,9965,3305,3664,4450,5674,3141,3391,3805,3823,-8.68247,31.0834,8.57162,48.156
92037,3059,3168,3328,3377,3260,3464,3962,4101,3452,3789,4907,6997,3346,3937,5823,11433,22.049,28.4195,8.52814,47.602
92038,3515,3616,3581,3372,4074,4744,4272,3712,4611,7623,6269,4108,4384,5549,4887,3970,9.53306,-2.70322,8.73397,48.1913
92039,3067,3346,3366,3374,3371,3614,3846,3858,3717,4483,5630,4898,3923,5516,9495,6669,23.5478,9.22788,8.84241,48.1153
92040,7580,7513,4438,3635,6429,6440,4267,3545,4087,4174,3565,3260,3548,3563,3359,3037,-17.4781,-14.9301,8.98519,48.2933
92041,3587,4681,8905,8597,3614,4074,5382,5431,3251,3525,3832,3874,3122,3233,3309,3353,-27.338,14.253,8.62293,47.8467
92042,4755,8224,8355,4861,4111,4906,5045,4137,3475,3733,3757,3520,3260,3324,3366,3232,-28.1523,0.429521,8.76296,48.0407
92043,4200,5924,6968,4738,4040,5850,6877,4533,3666,3980,4197,3829,3283,3421,3346,3341,-15.2409,2.55024,8.86104,48.1287
92044,6749,9146,5348,3864,5280,5904,4462,3655,3828,3953,3598,3289,3153,3303,3267,3115,-21.8757,-9.29524,8.85,47.9427
92045,3211,3400,3279,3173,3518,3731,3716,3535,4238,5069,4997,4044,5034,8584,8017,4645,26.3446,-1.10012,8.884,48.1273
92046,3561,3560,3291,3230,4788,4172,3496,3303,8941,5381,3833,3464,8224,5342,3921,3351,13.7887,-33.6775,8.51702,47.9053
92047,3306,3902,5718,9766,3456,3864,5209,8426,3185,3513,3966,4477,3154,3213,3464,3536,-17.2054,26.7189,8.90113,48.1033
92048,3603,3684,3562,3350,4137,5000,4407,3694,4771,7721,5909,4050,4342,5484,4895,3906,8.76425,-3.93534,8.51138,48.3433
92049,6216,4685,3718,3364,9864,5156,3862,3340,6029,4449,3661,3365,4081,3689,3402,3192,-7.32843,-28.2549,8.52337,48.0487
92050,4070,4425,3927,3491,5038,6914,4891,3618,5059,6834,4674,3715,3962,4196,3849,3382,-0.555695,-7.73499,8.55001,48.03
92051,3139,3291,3443,3514,3216,3569,3946,4640,3358,3814,4981,8636,3389,3812,5440,9112,15.9449,32.3045,8.8751,47.5333
92052,4138,5521,6625,4693,4083,5881,7309,4620,3722,4032,4312,3813,3348,3485,3488,3387,-13.9498,3.37686,8.78543,48.3047
92053,3603,3712,3810,3520,4051,4979,4897,3857,4515,7125,6585,4116,4062,4923,4620,4044,6.41256,-1.31508,8.50967,48.2793
92054,3141,3250,3398,3243,3427,3567,3694,3735,3806,4495,5218,4677,3933,6081,9929,6208,31.0494,7.16563,8.6459,47.868
92055,3102,3273,3405,3409,3236,3397,3844,4055,3369,3816,4894,7260,3429,4009,5955,11660,21.4367,31.2324,8.79921,48.0753
92056,3279,3631,4469,5409,3366,3856,5543,8929,3313,3775,4800,6817,3202,3541,3968,4231,-4.04795,22.8914,8.73024,48.086
92057,3050,3489,3788,3938,3249,3588,4451,5886,3329,3759,5403,9740,3354,3625,4825,6656,8.31699,26.376,8.67098,48.0867
92058,4862,6065,4760,3774,5125,8006,5409,3973,4029,4591,4116,3500,3467,3576,3445,3385,-10.9897,-6.31152,8.81618,48.0553
92059,3815,4754,6938,5676,3746,4874,7484,5497,3403,3895,4460,4106,3222,3442,3515,3498,-14.1456,9.17433,8.63037,48.2167
92060,11439,5893,3941,3383,6950,4984,3794,3428,4088,3869,3387,3241,3479,3287,3277,3163,-22.2411,-30.8689,8.58489,47.7353
92061,5665,4486,3663,3213,9232,5603,3977,3375,6501,4590,3762,3302,4105,3909,3433,3155,-5.15491,-23.9386,8.63696,47.9807
92062,4130,4209,3681,3353,5539,6364,4138,3514,6113,7147,4365,3535,4518,4542,3815,3312,1.80338,-12.4617,8.94166,48.1833
92063,7016,8245,4786,3680,5971,6593,4361,3597,4066,3982,3703,3271,3473,3490,3240,3106,-18.4725,-12.8073,8.83188,48.3867
92064,4034,3775,3549,3151,6199,4461,3636,3407,9787,5261,3867,3409,5937,4540,3690,3379,6.20944,-32.6435,8.97163,48.0547
92065,3322,3657,4712,6237,3400,3714,5156,9882,3273,3771,4544,6039,3217,3354,3868,4058,-6.78166,31.7644,8.94407,48.136
92066,6352,6171,4185,3413,7011,7233,4289,3556,4448,4522,3767,3332,3627,3702,3349,3297,-12.5071,-14.5224,8.75694,48.1693
92067,3561,3490,3322,3181,4153,4246,3686,3319,6096,6659,4331,3542,7042,7422,4498,3611,16.9607,-13.6713,8.6407,48.106
92068,5117,6627,5116,3842,5116,7624,5369,3945,3945,4407,3953,3406,3448,3534,3548,3322,-13.3193,-6.40998,8.67857,48.2127
92069,3338,3741,5908,12419,3429,3706,4728,6184,3268,3456,3676,3885,3185,3275,3437,3427,-33.6356,31.6647,8.7167,47.3747
92070,3416,3506,3674,3615,3709,4280,4878,4272,3939,5587,7929,5144,3806,4526,5641,4541,9.10051,5.84001,8.55792,48.3087
92071,3051,3321,3513,3469,3236,3528,3978,4621,3424,3884,5485,8079,3366,3955,5804,9009,16.5178,22.7886,8.66722,47.8153
92072,3712,3921,3564,3379,4734,5519,4261,3540,5968,8152,4766,3611,4774,5080,4109,3595,6.23861,-10.369,8.94323,48.4567
92073,5970,9264,6108,4020,4791,5885,4813,3877,3681,3803,3658,3356,3339,3413,3280,3100,-22.6845,-6.22624,8.9967,48.2387
92074,3079,3280,3451,3587,3197,3529,4068,4745,3251,3774,5195,9058,3264,3855,5392,9197,14.9841,27.5144,8.99408,47.948
92075,3334,3879,5792,11372,3221,3883,4905,7220,3205,3490,3864,4145,3164,3290,3396,3435,-21.3569,27.4826,8.93386,47.73
92076,3379,3323,3285,3112,3923,3784,3601,3236,5564,4944,4027,3486,10423,7931,4401,3500,29.2916,-18.7128,8.64224,47.946
92077,6691,5824,4069,3539,7954,6695,4123,3419,4759,4362,3640,3229,3671,3575,3369,3083,-12.0076,-17.8267,8.92994,48.0013
92078,3045,3279,3324,3353,3202,3512,3813,3867,3366,3946,5002,5720,3423,4388,7838,10709,27.4954,18.7606,8.97831,47.858
92079,4022,4820,4331,3855,4452,6965,6332,4123,4098,5478,5120,3905,3588,3931,3852,3642,-4.36527,-1.36368,8.75251,48.3427
92080,3319,3411,3317,3099,3792,3957,3735,3431,4809,6402,4926,3810,5573,8765,5888,3936,19.5211,-6.00666,8.97362,48.1133
92081,3193,3649,4182,4643,3366,3690,5218,7528,3318,3770,5383,8319,3237,3626,4239,4928,1.33577,23.3992,8.91112,48.1927
92082,3628,4355,7408,8167,3482,4142,6185,6580,3272,3536,4116,4163,3095,3267,3517,3380,-18.4114,16.2595,8.85369,48.1953
92083,3459,3402,3276,3108,4135,3857,3429,3253,7083,4940,3847,3271,11597,5977,4066,3389,22.0042,-29.9232,8.57946,48.0593
92084,8970,8733,4584,3491,5477,5323,4138,3495,3891,3879,3580,3255,3452,3350,3176,3140,-32.3954,-15.044,8.54339,47.956
92085,3433,3326,3238,3288,4211,3789,3492,3186,7397,4798,3794,3426,10898,5785,3894,3518,20.2641,-31.57,8.5688,47.6487
92086,3488,3390,3187,2983,3975,3907,3421,3250,6316,4940,3721,3344,12312,6339,3978,3439,25.634,-26.4733,8.6763,47.9933
92087,3384,3739,4442,4618,3355,4015,6250,6791,3413,4096,6129,6639,3270,3682,4218,4486,-0.537807,16.3191,8.7476,48.3513
92088,5478,5561,4179,3558,6591,7796,4509,3543,4787,4977,3848,3548,3767,3704,3500,3145,-8.64425,-13.2562,8.95476,48.3273
92089,3250,3743,6207,12503,3256,3602,4810,6063,3260,3521,3801,3914,3166,3287,3486,3469,-33.5625,26.338,8.89512,47.5587
92090,3799,4024,3695,3424,4479,5974,4585,3618,5042,7844,5281,3838,4173,4782,4191,3558,4.19344,-6.51442,8.9127,48.2047
92091,5426,9715,7128,4362,4277,5112,4626,3900,3659,3855,3608,3472,3278,3363,3320,3165,-28.546,-4.13792,8.95533,48.1773
92092,3162,3427,3969,3986,3417,3731,4833,5925,3385,3975,6101,8689,3330,3781,4794,5618,6.19077,20.2669,8.57183,48.082
92093,3192,3246,3432,3416,3145,3548,3715,4016,3516,3840,4800,5849,3400,4073,7180,11722,31.5147,21.664,8.81527,48.06
92094,4698,7582,7601,4688,4200,5482,5642,4275,3597,3869,3856,3619,3268,3291,3286,3302,-20.5457,0.0429491,8.62584,48.1707
92095,12536,6006,3942,3462,6050,4767,3691,3370,3798,3739,3376,3174,3414,3372,3205,3186,-28.6729,-33.5328,8.87788,47.392
92096,3428,3718,4694,5418,3371,4024,6231,8191,3273,3771,5139,6022,3291,3524,4006,4216,-4.9019,18.8927,8.64566,48.2113
92097,3517,4184,7661,10256,3518,4074,5200,6065,3259,3417,3886,3969,3101,3197,3288,3390,-24.3036,19.1056,8.82673,47.988
92098,3746,3772,3467,3200,5506,4333,3543,3241,10139,5264,3712,3335,7127,4901,3852,3365,10.1593,-29.6821,8.978,48.3353
92099,3316,3328,3436,3306,3394,3683,3965,3782,3695,4641,6333,5150,3958,5337,8737,6315,20.4592,8.99134,8.62748,48.2507
92100,3127,3206,3429,3362,3215,3495,3846,3848,3450,3844,5064,5824,3402,4388,7976,10476,26.7233,18.5738,8.81911,47.968
92101,4930,5079,3914,3491,6661,7713,4506,3563,5081,5512,3987,3505,3918,3886,3449,3289,-5.54051,-13.1488,8.9792,48.3227
92102,3366,3633,3773,3612,3695,4607,5134,4098,4112,6332,7463,4656,3790,4816,4990,4122,7.25859,2.61044,8.77737,48.1327
92103,8399,5248,3828,3386,9393,5282,3882,3425,4718,4052,3432,3119,3586,3556,3253,3194,-13.9532,-29.3696,8.79308,47.8353
92104,3145,3254,3386,3310,3139,3518,3841,3927,3368,3791,4812,6526,3396,3917,6195,12031,25.2837,30.2662,8.58288,47.704
92105,3546,3434,3210,3117,4255,3884,3501,3179,7853,5235,3850,3304,10348,6007,3919,3415,18.547,-24.327,8.82104,48.038
92106,12533,6133,3977,3413,6060,4675,3698,3359,3909,3627,3432,3256,3469,3466,3298,3138,-30.06,-27.2547,8.73342,47.6287
92107,3236,3496,4067,4435,3454,3845,4777,7455,3389,3742,5000,8814,3353,3561,4338,5141,1.89805,31.7128,8.59535,48.0687
92108,3139,3336,3533,3598,3308,3508,4055,4764,3396,3747,5333,8853,3293,3885,5402,9017,15.2965,27.9255,8.95789,48.1113
92109,3494,4144,5362,5020,3594,4511,8029,6509,3427,3982,5142,4727,3192,3455,3957,3727,-7.68015,12.269,8.93774,48.1813
92110,3321,3968,6314,11722,3426,3811,4947,6666,3274,3464,3904,4098,3089,3205,3386,3384,-23.7857,24.9622,8.90393,47.986
92111,3461,3580,3536,3258,3970,4486,4299,3607,4742,7571,6237,4106,4392,5813,5258,3868,10.7605,-3.07858,8.96779,48.1227
92112,3068,3220,3382,3298,3331,3573,3686,4018,3404,3814,4936,6623,3465,4011,6032,12147,23.0538,32.6874,8.89018,48.0053
92113,3745,3891,3618,3352,4539,5619,4435,3642,5560,8092,4943,3743,4527,5042,4147,3569,5.3895,-8.63854,8.71226,48.3093
92114,3281,3514,3238,3195,3715,3957,3548,3396,4878,5491,4400,3749,6747,9680,5590,3925,26.2115,-9.27463,8.57747,48.2027
92115,3101,3260,3397,3277,3370,3552,3778,3818,3512,4055,5346,5177,3620,5094,9748,7814,28.8946,12.1624,8.92379,47.946
92116,3094,3239,3374,3386,3297,3453,3811,4049,3336,3828,4774,6437,3411,4044,6486,12024,25.3241,24.3139,8.8955,48.0287
92117,3016,3333,3434,3402,3176,3458,3961,3985,3491,3877,5253,6303,3492,4169,7244,10685,23.27,20.0474,8.89377,48.186
92118,5835,4542,3685,3161,9386,5626,3923,3405,6358,4751,3662,3244,4071,3703,3375,3181,-5.86276,-24.933,8.59684,47.9387
92119,3520,4311,6967,9432,3435,3948,5596,6874,3261,3476,3824,4138,3069,3346,3444,3370,-20.0765,19.3573,8.66865,48.0073
92120,3320,3310,3325,3280,3567,3876,3648,3496,4165,5250,4956,4100,5007,8650,7641,4581,25.8973,-1.63257,8.72509,48.1147
92121,3364,4055,5951,12478,3399,3719,4699,5905,3193,3396,3847,3943,3206,3235,3383,3346,-32.3214,32.9957,8.78037,47.4127
92122,5697,9553,6870,4208,4476,5103,4593,3869,3708,3803,3610,3415,3323,3426,3228,3115,-29.4619,-4.4735,8.93839,47.998
92123,3084,3328,3489,3381,3473,3608,4006,3740,3780,4535,6073,4997,3982,5483,9060,6336,21.8775,8.50301,8.82755,48.2367
92124,5455,4421,3670,3211,9229,5201,3789,3458,7328,4655,3724,3285,4436,3944,3481,3174,-3.53424,-28.8432,8.85475,48.3073
92125,3146,3274,3355,3325,3152,3404,3791,4034,3353,3845,4799,6200,3317,3974,6687,12265,28.5592,24.2813,8.76178,47.9473
92126,3264,3392,3754,3681,3434,3984,4913,4279,3777,4937,8211,5540,3622,4492,5816,4961,9.65083,9.20178,8.97465,48.038
92127,11929,6355,4004,3446,6457,4838,3861,3449,4007,3752,3388,3045,3450,3362,3254,3071,-25.8805,-24.8615,8.55874,47.7787
92128,3132,3296,3357,3297,3226,3477,3864,3892,3454,3911,5210,5780,3468,4297,8101,10350,30.3272,18.2504,8.95497,48.0747
92129,6125,5947,4216,3468,7013,7222,4301,3615,4617,4554,3738,3295,3745,3633,3425,3230,-11.6961,-14.5224,8.57447,48.096
92130,5622,8570,5782,4037,5030,6463,4897,3892,3868,4099,3723,3386,3352,3441,3296,3180,-19.5259,-6.53897,8.89985,48.4253
92131,3954,6244,9864,6162,3854,4407,5300,4585,3395,3713,3886,3623,3195,3211,3310,3267,-32.773,6.83293,8.80687,47.98
92132,4107,6494,9547,5883,3840,4666,5238,4553,3426,3553,3781,3738,3163,3386,3355,3254,-28.7291,5.51533,8.69533,47.9893
92133,3322,3603,4810,5862,3449,3839,5732,9489,3228,3636,4716,6189,3244,3340,3824,4031,-6.15617,22.837,8.96459,48.2093
92134,3741,5193,9958,7213,3584,4286,5226,5132,3316,3578,3835,3702,3134,3257,3319,3279,-33.9757,10.7862,8.9019,47.8353
92135,3409,3435,3237,3120,4093,3789,3468,3175,7055,4941,3748,3328,11250,6360,3943,3406,21.8768,-24.4652,8.70612,47.838
92136,3667,3656,3435,3158,4612,4430,3784,3333,7361,7145,4346,3448,6408,6076,4133,3492,12.0507,-15.8567,8.81755,48.3227
92137,7011,5747,4090,3499,7858,6467,4024,3392,4860,4445,3723,3451,3781,3673,3411,3148,-12.262,-18.2636,8.51265,48.3867
92138,3373,3284,3200,3056,3823,3881,3596,3197,5888,5228,3974,3499,10070,7950,4418,3428,25.4902,-17.8761,8.88016,47.91
92139,4178,5651,6152,4529,4075,6322,7210,4690,3703,4096,4366,3914,3359,3543,3545,3337,-12.8424,1.92382,8.84707,48.4467
92140,3785,3566,3348,3147,5255,4479,3617,3313,9753,5257,3792,3396,7340,4973,3803,3360,10.7363,-30.4614,8.64252,48.1227
92141,3868,5199,9012,6648,3594,4403,6222,5218,3352,3605,4006,3902,3218,3218,3432,3350,-21.1361,9.84163,8.83036,48.1647
92142,3210,3230,3380,3268,3438,3789,3894,3700,3904,4938,5993,4685,4170,6486,8854,5409,21.0947,4.581,8.97249,48.232
92143,3376,3941,5859,7812,3390,4047,6107,8311,3334,3594,4303,4577,3162,3340,3628,3679,-14.0036,19.9247,8.99058,48.3067
92144,3145,3335,3321,3298,3311,3408,3746,3829,3442,3823,4665,5968,3410,3943,6118,12543,28.2214,33.9236,8.62343,47.5367
92145,7827,7611,4507,3611,6278,6189,4284,3531,4155,4086,3668,3296,3449,3435,3255,3109,-19.2739,-14.8749,8.55251,48.194
92146,11258,5975,3851,3359,7290,5045,3869,3275,4212,3860,3360,3210,3498,3342,3204,3111,-20.8009,-27.4653,8.70244,47.8127
92147,3860,3771,3506,3047,5113,4794,3746,3350,7606,7088,4250,3547,5895,5402,3889,3489,9.20666,-16.1522,8.62553,48.2353
92148,3205,3539,3987,4077,3453,3865,5009,5411,3420,4226,6932,7547,3390,3849,5019,5533,6.67655,16.5504,8.54199,48.308
92149,5670,4528,3599,3283,9520,5140,3753,3333,6765,4604,3567,3386,4222,3795,3592,3384,-4.75187,-32.1878,8.77262,48.094
92150,3081,3279,3704,3524,3214,3685,4176,4791,3269,3783,5360,9256,3322,3936,5579,8115,13.5831,23.9311,8.91814,48.0493
92151,3366,4037,5539,6148,3557,4244,7132,7672,3341,3731,4549,4845,3144,3358,3678,3710,-10.2749,16.811,8.77843,48.034
92152,3250,3215,3304,3221,3635,3761,3721,3573,4229,5097,4922,4035,5058,8856,7853,4459,27.5059,-1.80726,8.83678,48.126
92153,3175,3290,3549,3441,3282,3544,3899,4261,3404,4010,5572,7117,3505,4183,6578,9180,18.1111,20.1418,8.66233,47.9933
92154,3396,3445,3300,3083,3953,3842,3514,3175,6310,4808,3772,3258,12379,6348,3990,3340,26.4316,-26.1716,8.92928,47.942
92155,9393,5698,4021,3398,8647,5223,3723,3289,4576,3956,3592,3195,3670,3509,3340,3113,-15.9147,-26.1433,8.99699,48.2287
92156,5290,6388,4495,3700,5640,7853,4774,3746,4352,4795,3779,3493,3446,3605,3482,3186,-12.1372,-9.51763,8.51355,48.016
92157,3646,4207,5518,4957,3627,4767,8105,6099,3473,3983,5124,4541,3211,3514,3797,3782,-8.31858,10.9345,8.68657,48.234
92158,3169,3263,3374,3378,3341,3535,3830,3844,3488,4160,5110,5218,3726,4940,9498,7845,32.8699,11.9808,8.79752,47.8127
92159,3480,3370,3240,3072,3855,3798,3517,3257,5710,5016,3903,3424,10489,7746,4244,3493,31.7112,-18.9687,8.52777,47.7427
92160,3357,3950,5582,8281,3437,3893,5650,8944,3236,3523,3972,4737,3171,3315,3500,3783,-13.7235,23.0798,8.96411,48.2207
92161,3394,3479,3316,3107,3941,3969,3604,3326,5831,6267,4286,3544,7526,8407,4667,3711,19.6219,-13.1161,8.94106,48.25
92162,3050,3178,3482,3467,3132,3500,3910,4144,3294,3790,5188,7608,3424,3921,6209,10929,19.7947,24.6107,8.99182,48.1507
92163,3192,3566,4312,5210,3339,3772,5191,8977,3384,3709,4782,7665,3270,3566,4051,4567,-1.96979,26.6706,8.97466,48.3687
92164,12084,6038,3942,3429,6804,4979,3783,3383,4003,3828,3307,3200,3381,3351,3271,3132,-24.0464,-29.023,8.7091,47.9433
92165,3477,3496,3432,3339,4069,4169,3775,3414,5577,7207,4729,3587,5896,7617,4943,3735,15.9711,-10.0506,8.54763,48.308
92166,3381,3943,5338,8419,3356,3878,5300,8980,3248,3537,4171,4829,3132,3305,3428,3633,-13.6743,26.1106,8.77151,47.9187
92167,3432,3287,3230,3033,4132,3957,3385,3302,7123,4962,3840,3411,11406,6155,3984,3390,21.5964,-26.3055,8.71246,48.0193
92168,3849,4115,3882,3577,4677,6405,4809,3861,4788,7215,5144,3687,3973,4477,3925,3496,1.66674,-5.73322,8.86922,47.92
92169,5081,8757,7514,4482,4299,5026,4787,3995,3540,3762,3729,3608,3291,3368,3249,3255,-31.2312,-2.04948,8.52328,47.8287
92170,3452,3918,5985,12790,3316,3785,4653,5905,3218,3426,3808,3878,3138,3209,3354,3331,-31.2846,29.0923,8.93817,47.444
92171,3076,3193,3555,3575,3258,3602,4213,4754,3448,3988,5995,8321,3465,3988,5779,7625,13.345,20.076,8.82309,47.89
92172,9271,8787,4623,3657,5407,5274,4088,3442,3738,3802,3523,3273,3443,3453,3263,3072,-29.1894,-15.534,8.82414,48.0773
92173,3735,3582,3488,3149,4530,4632,3711,3457,6645,7684,4441,3545,5725,6066,4128,3568,11.0286,-13.3606,8.89006,48.0573
92174,3205,3384,3268,3241,3625,3788,3706,3534,4059,5033,4946,4259,4734,8168,8326,4734,30.713,0.154687,8.53136,48.0067
92175,3031,3281,3588,3631,3209,3532,4174,4755,3378,3849,5102,9188,3416,3891,5434,8481,14.1336,29.0894,8.54218,47.96
92176,3277,3305,3361,3199,3628,3868,3676,3572,4251,5182,4760,4147,4799,8491,7771,4541,32.9534,-1.17203,8.60447,47.8853
92177,5358,8824,6447,4187,4503,5932,5065,3975,3696,3863,3729,3410,3342,3496,3416,3186,-21.1032,-4.28302,8.96546,48.286
92178,4227,4075,3703,3333,5797,5932,4165,3372,6851,6929,4185,3518,4833,4442,3744,3418,2.54596,-14.7529,8.77715,48.3493
92179,3415,3967,6059,13146,3394,3773,4679,6167,3139,3413,3736,3826,3161,3211,3455,3361,-28.9412,27.4809,8.92446,47.9347
92180,3693,3648,3455,3127,4305,4797,3980,3517,5689,8183,4950,3769,5108,5958,4547,3677,10.7018,-9.34759,8.66183,48.2687
92181,4702,6808,5968,4257,4535,6979,5844,4134,3853,4299,4143,3559,3336,3429,3384,3309,-14.8363,-2.64516,8.84192,48.3593
92182,3303,3626,3751,3567,3626,4416,4893,4008,3966,6011,7999,4765,3842,4831,5497,4345,9.07742,3.72544,8.98291,48.2973
92183,3478,3415,3197,3184,4053,3821,3539,3230,6168,5070,3949,3570,10860,7182,4109,3467,24.1789,-20.7364,8.6578,48.1947
92184,3220,3473,3679,3732,3516,4084,4926,4305,3756,4923,8207,5797,3650,4404,5744,4998,9.34306,9.11554,8.71979,48.276
92185,11101,7390,4220,3454,5654,4978,3884,3288,3908,3931,3504,3240,3457,3385,3192,3010,-31.1678,-20.4938,8.87249,47.7307
92186,4685,4161,3443,3210,8035,4931,3786,3246,8660,5021,3683,3381,5014,4155,3549,3202,0.935444,-28.0632,8.83321,48.108
92187,3616,3873,3509,3396,4235,5293,4416,3705,4790,7959,5730,4109,4426,5241,4510,3887,7.27264,-4.88236,8.83285,48.4633
92188,6928,9939,5407,3861,4916,5278,4386,3626,3813,3895,3542,3411,3328,3442,3178,3201,-28.6727,-9.66933,8.75571,48.1007
92189,3312,3541,3914,3874,3590,4105,5338,4560,3799,4942,7987,5526,3559,4154,5175,4774,6.89926,9.24161,8.60444,48.1
92190,4206,3973,3454,3206,7026,4607,3719,3245,9541,5137,3831,3412,5385,4485,3595,3220,3.77725,-31.9428,8.86021,48.028
92191,3164,3322,3315,3177,3637,3789,3750,3445,4535,5340,4708,3870,5463,9404,6957,4298,26.4493,-4.15142,8.91302,48.116
92192,3064,3315,3414,3271,3239,3495,3777,3837,3359,3877,4968,5791,3465,4210,7742,10683,30.9635,19.2096,8.88951,47.6713
92193,4254,4901,4224,3722,4940,7688,5630,3944,4399,5445,4506,3761,3686,3792,3767,3435,-5.63521,-5.17225,8.54056,48.0627
92194,3752,3985,3732,3391,4406,5746,4766,3789,4660,7433,5794,4035,4217,4802,4240,3822,4.21893,-4.27806,8.58406,48.38
92195,3253,3494,4139,4574,3385,3905,5511,7571,3357,3859,5486,7701,3212,3585,4348,4742,-0.0850651,21.2466,8.90153,48.0813
92196,3088,3358,3361,3447,3203,3394,3756,3906,3314,3628,4837,6017,3376,3793,6164,12663,33.8939,27.0875,8.77025,47.5367
92197,5625,4778,3766,3322,8700,6361,3982,3358,5799,4902,3728,3262,4029,3934,3425,3276,-6.29911,-19.8521,8.85479,48.1647
92198,3220,3372,3326,3202,3510,3938,3821,3486,4419,5824,5416,4116,4876,8072,7444,4547,20.9871,-1.05146,8.82862,48.3927
92199,3394,4009,6608,12374,3422,3790,4876,6080,3108,3305,3807,4012,3140,3218,3295,3448,-31.5374,23.8754,8.96674,47.924
92200,3378,3200,3207,3109,4126,3906,3495,3261,6432,5144,3911,3349,10879,7071,4171,3383,23.5334,-21.175,8.76631,48.0147
92201,3235,3821,5112,7964,3410,3840,5316,9548,3341,3587,4158,4939,3176,3417,3491,3638,-12.6606,33.8226,8.77773,47.9953
92202,3453,3920,4428,4073,3687,4666,6957,5432,3709,4582,6899,5242,3443,3819,4308,4166,-0.347679,9.28739,8.51938,48.5227
92203,3755,3504,3379,3193,5275,4395,3636,3345,9495,5285,3956,3414,7603,4967,3802,3374,11.6905,-29.6953,8.58266,48.252
92204,3378,3436,3209,3221,3825,3806,3358,3279,5827,4793,3749,3304,12691,5956,3850,3401,33.3948,-31.8983,8.94202,47.3887
92205,3847,5054,5451,4356,4079,6299,7470,4508,3705,4523,4870,3992,3490,3675,3679,3431,-9.08101,2.5403,8.65878,48.286
92206,4531,4289,3605,3226,6770,5865,3846,3358,7175,6189,4024,3394,4679,4357,3580,3422,1.11777,-17.581,8.71851,48.2067
92207,5859,6366,4427,3668,6211,7733,4473,3619,4434,4468,3738,3350,3690,3674,3393,3282,-12.4344,-11.8809,8.80651,48.2567
92208,3823,5329,8474,5981,3689,4597,6624,5152,3338,3778,4162,3952,3060,3276,3396,3387,-18.5226,8.78439,8.90332,48.012
92209,6012,7480,4848,3898,5717,7129,4647,3622,4043,4337,3601,3479,3447,3538,3345,3147,-15.957,-10.442,8.51977,48.1933
92210,3160,3258,3483,3518,3262,3507,3968,4238,3354,3698,4850,7192,3368,3898,5934,11519,22.0343,30.9387,8.68696,48.138
92211,3490,4201,6151,5609,3606,4569,7813,6437,3459,3857,4673,4500,3127,3372,3688,3635,-10.6933,12.4036,8.9363,48.1247
92212,3972,3899,3552,3258,4898,5882,4169,3549,5895,7739,4709,3626,4722,4873,4013,3569,4.47818,-10.7292,8.67158,48.2167
92213,3415,3333,3348,3090,3828,3823,3550,3232,5512,5073,3936,3471,9344,8790,4520,3596,30.5085,-15.6122,8.75437,47.9073
92214,3392,3561,3538,3430,3706,4441,4361,3806,4276,6554,6945,4364,4310,5661,5883,4393,12.1297,0.622837,8.74106,48.414
92215,5602,4712,3766,3377,8998,6029,3889,3376,6067,4739,3716,3295,4065,3891,3428,3075,-5.77255,-21.2588,8.62552,48.0167
92216,11321,7210,4059,3367,5989,5019,3869,3499,3821,3848,3445,3181,3457,3365,3328,3205,-26.99,-21.6327,8.70982,47.9887
92217,3115,3339,3509,3501,3233,3475,3915,4235,3444,3756,5130,8002,3351,3962,5669,10187,18.2218,32.5466,8.62844,47.882
92218,9752,5409,3900,3454,8370,5050,3856,3404,4458,4119,3446,3377,3504,3475,3158,3079,-16.8331,-32.279,8.69827,47.874
92219,3309,3447,3452,3297,3567,4050,4011,3612,4403,5856,5781,4257,4698,7198,7053,4534,18.4879,-0.428735,8.68627,48.35
92220,3446,4233,7686,10398,3465,3776,5000,5804,3307,3537,3865,3878,3165,3315,3402,3424,-33.3039,18.7202,8.88117,47.8007
92221,3441,3440,3189,3122,4034,3867,3343,3250,7241,4931,3754,3396,11660,5836,3926,3448,21.8554,-30.6225,8.94821,47.9187
92222,5237,4661,3718,3363,7955,6468,4074,3405,6103,5241,3947,3361,4245,4041,3480,3177,-4.2726,-18.2917,8.57855,48.3173
92223,3211,3527,3871,4255,3284,3635,4729,6451,3386,3924,5634,9522,3247,3718,4645,5756,5.41261,24.4835,8.81243,48.53
92224,3095,3225,3458,3396,3296,3434,3862,4300,3370,3894,5143,7056,3345,4142,6442,10522,21.1128,23.0208,8.50571,47.9867
92225,3192,3203,3348,3359,3232,3380,3836,3937,3355,3811,4792,6381,3314,3932,5925,12471,25.2515,31.852,8.83497,47.6453
92226,3219,3620,4359,4888,3370,3946,5838,7717,3387,3965,5521,6938,3336,3591,4091,4551,-1.54962,19.7169,8.84847,48.2247
92227,3695,3574,3311,3223,5249,4211,3699,3302,9829,5148,3751,3341,7414,5065,3816,3404,11.0175,-31.8002,8.72134,48.0213
92228,3694,5056,9830,7327,3606,4217,5081,5080,3410,3573,3773,3825,3131,3341,3315,3372,-32.305,11.1511,8.5402,47.754
92229,4499,4115,3432,3221,7418,5072,3792,3333,8878,5330,3760,3320,5124,4165,3687,3245,1.85471,-24.8174,8.77914,48.2607
92230,7827,9635,5096,3664,5047,5240,4237,3606,3693,3869,3558,3293,3295,3457,3252,3157,-28.3287,-11.9979,8.77417,47.9507
92231,4615,4441,3638,3284,7081,6169,3937,3445,6774,5840,3977,3313,4460,4081,3626,3182,-0.920221,-17.5862,8.89724,47.9087
92232,3092,3262,3440,3697,3291,3446,4129,4554,3373,3878,5442,8192,3292,4050,5886,9149,16.2261,23.5496,8.59704,48.1153
92233,5224,6014,4446,3612,5676,8221,4939,3824,4243,4696,4116,3433,3540,3776,3420,3127,-10.7089,-9.3125,8.92534,48.2047
92234,3328,3423,3262,3119,3666,3761,3635,3427,4895,5393,4380,3730,6537,9785,5991,3918,25.6868,-8.10173,8.99394,48.1667
92235,3349,3336,3127,3224,3826,3697,3505,3331,5960,4948,3927,3386,11456,7504,4173,3442,29.0615,-20.5831,8.92537,48.1273
92236,5152,9023,7263,4410,4367,4993,4763,4042,3606,3768,3710,3524,3294,3476,3390,3282,-32.6987,-2.61359,8.9093,48.042
92237,4088,5160,5465,4358,4171,6365,7465,4577,3639,4453,4705,3826,3343,3613,3707,3466,-9.18369,1.90453,8.5383,48.2673
92238,3336,3800,4633,5811,3310,3780,5723,9397,3333,3773,4743,6276,3075,3466,3793,4115,-5.83839,23.2657,8.75907,48.2427
92239,3084,3321,3620,3785,3204,3735,4391,5033,3411,4022,6243,8564,3346,3864,5597,7036,11.6784,20.7245,8.63142,48.1707
92240,3353,3404,3262,3151,3728,3943,3489,3348,4908,5283,4455,3611,7047,9645,5191,3790,32.6482,-10.4327,8.5626,47.7387
92241,3044,3349,3341,3425,3208,3403,3926,3950,3334,3790,4790,6097,3419,4011,6387,12083,28.1378,25.8269,8.55168,47.7047
92242,3211,3419,3291,3195,3439,3776,3790,3593,4145,4910,5057,4267,4639,8052,8610,4839,29.6959,0.616199,8.81384,48.1553
92243,4221,6566,9444,5853,3822,4602,5218,4487,3360,3606,3781,3641,3162,3249,3363,3349,-29.7887,5.21872,8.59873,47.816
92244,3433,3430,3252,3190,4198,4101,3763,3301,5946,6684,4465,3646,6791,7649,4741,3662,17.418,-13.0263,8.95828,48.168
92245,3430,4074,5567,5538,3571,4305,7455,7053,3380,3891,4809,4718,3206,3381,3958,3588,-8.90936,14.2788,8.51942,47.9493
92246,3108,3216,3395,3327,3285,3487,3825,3959,3423,3784,4827,6181,3478,4072,6287,12282,26.6217,25.9912,8.78642,47.9573
92247,6056,9513,6210,4084,4644,5400,4540,3968,3802,3867,3588,3432,3328,3446,3209,3161,-25.8482,-6.50991,8.56774,48.1653
92248,3357,3514,3245,3144,4051,4030,3633,3336,5801,6448,4347,3614,7200,8187,4805,3573,18.952,-12.5651,8.56058,48.19
92249,3219,3528,3685,3625,3392,3876,4746,4504,3647,4588,7685,6472,3566,4303,5833,5532,10.422,12.3975,8.70119,48.134
92250,5531,4948,3850,3357,8233,6484,4085,3400,5666,4993,3848,3222,3950,3799,3392,3213,-6.32378,-18.7933,8.518,47.9807
92251,4227,3866,3389,3214,6727,4690,3678,3272,9572,5209,3774,3225,5733,4474,3674,3347,4.57679,-27.1592,8.71042,48.0473
92252,3254,3211,3340,3232,3265,3575,3915,3750,3740,4511,5398,4799,3709,5577,9991,6699,32.273,8.97272,8.82772,47.9773
92253,3405,3881,5979,12161,3309,3789,4838,6469,3173,3587,3935,4060,3068,3301,3406,3428,-24.2827,28.7047,8.70439,47.8593
92254,5969,4927,3853,3436,9043,6115,3968,3342,5580,4597,3626,3452,4005,3715,3440,3132,-7.70881,-20.8925,8.96447,48.1333
92255,3328,3630,4654,5687,3331,3851,5636,9319,3251,3782,4784,6515,3218,3385,3957,4151,-5.0131,23.0025,8.96932,48.3193
92256,3041,3201,3355,3413,3198,3515,3949,3889,3544,4009,5111,5408,3541,4471,8645,9505,32.8442,16.385,8.93002,47.8633
92257,3379,3394,3218,3106,3866,3965,3629,3479,5211,6139,4318,3591,6924,9075,5175,3936,21.8352,-10.7835,8.98406,48.27
92258,3926,3796,3441,3198,5811,4510,3706,3369,9889,5226,3804,3430,6353,4647,3719,3443,7.74931,-32.6891,8.94394,48.1787
92259,3344,3955,5428,8590,3288,3770,5264,9144,3231,3524,4167,4780,3024,3288,3615,3582,-14.0244,26.3357,8.78629,47.996
92260,3682,3815,3608,3400,4187,5258,4500,3791,4743,7825,6048,3942,4167,5001,4508,3747,6.1488,-3.73971,8.994,48.148
92261,3414,3405,3249,3189,4089,3742,3381,3186,6039,4850,3786,3368,12367,6221,3978,3424,26.8658,-26.232,8.80445,47.792
92262,3177,3472,3603,3411,3557,3895,4391,4068,3915,5281,7639,5094,3897,5133,6805,5072,13.589,6.28216,8.83523,48.2733
92263,9022,8451,4561,3580,5767,5504,4061,3412,3942,3759,3442,3349,3273,3309,3363,3134,-23.3186,-15.7329,8.82787,47.9527
92264,3495,3502,3435,3257,4076,4451,3818,3445,5702,7662,4838,3714,5693,6678,4767,3672,13.3281,-9.32407,8.5704,48.1367
92265,3347,3845,5091,6123,3375,3938,6576,8736,3435,3742,4746,5532,3265,3364,3780,3873,-7.94834,19.6566,8.9912,48.512
92266,3387,3290,3258,3181,3973,3819,3431,3229,6071,4739,3758,3337,12380,6402,3860,3487,29.1697,-26.1227,8.58076,47.7347
92267,3347,3843,5392,8286,3351,3872,5264,9354,3257,3603,4174,5020,3069,3324,3551,3750,-13.12,28.2847,8.56493,48.3047
92268,3228,3577,3954,3989,3524,4072,5591,5280,3491,4355,7561,6473,3484,4067,4873,4849,4.94667,12.888,8.84732,48.2453
92269,4430,3904,3494,3208,7438,4894,3756,3309,8902,5091,3937,3362,5190,4229,3578,3295,2.04239,-27.5123,8.78714,48.0113
92270,3620,3553,3295,3159,4903,4291,3543,3254,8758,6043,3991,3423,7619,5605,3889,3400,12.5288,-21.5303,8.89666,48.2307
92271,3073,3163,3461,3438,3193,3419,3777,3983,3335,3819,4731,6178,3333,3945,6366,12282,30.7767,25.8154,8.52932,47.664
92272,3589,3886,3716,3565,4095,4919,4551,3793,4545,7291,6412,4106,4140,5101,4775,3923,7.40915,-2.12362,8.6608,48.2713
92273,4143,3877,3493,3250,6273,4852,3905,3279,8775,5995,3846,3438,5516,4653,3633,3420,5.00888,-20.6697,8.82841,48.232
92274,3186,3442,3475,3382,3300,3772,4114,3961,3624,4516,6876,5473,3726,4904,8178,6240,17.5987,10.2996,8.80819,48.1127
92275,3404,3642,3792,3586,3840,4481,5020,3971,3998,6103,7742,4666,3956,4704,5164,4227,7.56943,3.16844,8.74805,48.1973
92276,3600,4034,4661,4221,3725,5286,7697,4890,3712,4630,6252,4617,3471,3719,4021,3875,-2.6826,6.63811,8.93264,48.274
92277,3412,4112,5805,5653,3586,4394,7653,6935,3318,3824,4728,4842,3036,3460,3678,3685,-10.1982,14.1878,8.60656,48.0807
92278,4661,7647,7431,4638,4320,5755,5556,4182,3589,3898,3873,3578,3280,3332,3381,3228,-20.1458,-0.36833,8.88514,48.2327
92279,4084,3805,3403,3280,6231,4581,3716,3259,9769,5192,3895,3372,6193,4551,3734,3318,6.47062,-30.1149,8.53404,48.2553
92280,3518,4287,6148,6000,3569,4369,7652,6681,3462,3680,4617,4541,3114,3278,3630,3610,-11.6555,13.3654,8.62723,48.104
92281,3572,4259,6235,6302,3544,4314,7205,6957,3414,3726,4458,4461,3223,3409,3665,3649,-12.4989,14.9472,8.66782,48.262
92282,3410,3840,5797,10977,3391,3696,5059,7532,3203,3451,3985,4191,3061,3317,3401,3469,-19.6115,33.0722,8.62305,47.8533
92283,3699,3811,3589,3374,4524,5390,4348,3565,5201,7904,5349,3883,4577,5064,4234,3622,6.31691,-6.67891,8.74862,48.0893
92284,3604,3551,3359,3106,4293,4510,3837,3407,6026,7632,4672,3675,5671,6671,4468,3673,12.9085,-11.1139,8.62723,48.1033
92285,3647,3595,3266,3104,5081,4190,3567,3306,9641,5332,3772,3298,7916,5237,3775,3385,12.3403,-27.3312,8.8552,48.0747
92286,4230,4322,3730,3363,5767,6091,4002,3524,6264,6984,4217,3491,4556,4478,3783,3453,1.51657,-13.5964,8.99461,48.17
92287,3953,5766,8929,6035,3808,4676,6168,4940,3497,3694,3938,3646,3210,3341,3478,3246,-21.4368,7.38923,8.62225,48.2167
92288,6193,9799,6061,3997,4658,5471,4517,3838,3636,3933,3652,3400,3440,3340,3255,3146,-26.2736,-7.27629,8.65697,48.224
92289,3135,3475,3903,4170,3394,3710,5027,6601,3469,3843,5883,8494,3177,3624,4577,5323,4.2272,21.1489,8.70296,47.87
92290,3699,3581,3287,3220,4643,4110,3485,3191,8771,5343,3873,3405,8803,5415,3954,3238,15.0439,-25.6888,8.57876,48.012
92291,3280,3533,4201,4789,3321,3689,5004,8267,3440,3774,4943,8225,3239,3615,4146,4640,-0.091114,32.5364,8.89782,48.0707
92292,3824,5447,9476,6518,3669,4532,5898,4921,3339,3629,3858,3880,3129,3344,3359,3309,-22.1064,8.88441,8.97354,48.088
92293,7324,6912,4275,3576,6943,6761,4328,3624,4300,4224,3561,3330,3479,3573,3225,3086,-15.6874,-15.6334,8.90903,48.3473
92294,5731,9715,6627,4119,4487,5308,4498,3818,3709,3788,3702,3344,3377,3451,3279,3123,-27.5532,-5.18086,8.83351,48.0507
92295,3561,3401,3271,3213,4332,4060,3581,3335,6827,6224,4174,3472,7624,7199,4317,3573,16.8708,-16.2542,8.8335,48.1093
92296,3402,4030,6449,11088,3328,3727,5127,7094,3202,3449,3916,4169,3037,3188,3329,3430,-21.6473,23.9623,8.74625,47.9767
92297,4454,5119,4348,3611,5416,8045,5128,3635,4560,5535,4244,3623,3753,3869,3739,3412,-6.25527,-7.78203,8.7156,48.3273
92298,3288,3526,3471,3140,3574,3952,4015,3612,4319,6106,6230,4251,4601,6770,6729,4464,16.3601,-0.429768,8.99016,48.032
92299,5245,7349,5625,4075,4777,7157,5479,3948,3871,4112,3867,3552,3314,3454,3500,3311,-15.8804,-4.66334,8.87646,48.424
92300,3378,3909,6798,11717,3369,3817,4918,5952,3225,3427,3897,3907,3068,3322,3386,3438,-29.2142,22.748,8.71226,47.6853
92301,3095,3352,3630,3699,3330,3629,4308,4507,3432,4109,6745,7235,3572,4110,6461,7012,14.1906,16.2272,8.8875,48.1507
92302,3470,3977,6278,10411,3507,3919,5231,7245,3270,3557,4007,4247,2930,3259,3445,3518,-20.485,23.622,8.60663,48.1807
92303,3174,3168,3439,3387,3170,3580,3875,3905,3500,4096,5234,5375,3448,4553,8805,9335,31.5438,15.5707,8.90761,48.0293
92304,3486,3967,5267,5151,3609,4398,7838,6722,3478,3908,5275,5079,3242,3497,3897,3861,-6.84019,13.0371,8.70398,48.45
92305,3108,3323,3356,3467,3238,3457,3920,3788,3405,4138,5183,5550,3536,4395,8416,9793,28.0355,16.6169,8.96426,48.0487
92306,3358,3924,5999,12865,3365,3765,4639,5917,3177,3353,3845,3906,3190,3194,3293,3463,-31.2002,30.0058,8.88131,47.502
92307,3208,3512,4157,4643,3390,3710,4926,8139,3411,3777,4984,8227,3145,3532,4274,4905,0.294942,30.3624,8.57957,47.96
92308,3476,3436,3186,3204,3887,3887,3479,3235,5849,5368,4071,3559,9555,8159,4402,3510,23.8376,-17.2387,8.91716,48.1753
92309,7009,6762,4256,3554,6813,6635,4138,3511,4324,4181,3631,3333,3481,3542,3241,3182,-15.2445,-15.221,8.63772,47.7287
92310,3260,3481,3605,3409,3634,4112,4462,3947,4017,5530,7434,4912,4018,5380,6596,4950,13.5291,4.6385,8.57503,48.498
92311,3193,3466,3864,4159,3323,3714,4816,6259,3396,3855,6102,8861,3333,3824,4732,5520,5.7413,20.9298,8.83991,48.278
92312,3292,3425,3364,3330,3669,3810,3734,3407,4453,5143,4674,3952,5452,9335,6943,4326,26.3446,-4.0247,8.74044,48.206
92313,4602,4037,3576,3250,7853,4959,3732,3359,8557,4907,3760,3411,4943,4328,3610,3232,1.08384,-32.4268,8.80664,48.0773
92314,3418,3402,3181,3094,3821,3912,3573,3352,5716,5352,3921,3501,9135,8578,4690,3626,25.0993,-15.8742,8.80672,48.1813
92315,12148,6020,3801,3447,6445,4842,3648,3460,4039,3815,3466,3236,3340,3358,3312,3143,-25.4048,-28.9187,8.64631,47.68
92316,4367,4231,3648,3353,6683,6253,4004,3443,6622,6260,3963,3444,4475,4258,3695,3354,0.063921,-15.9162,8.79932,48.0353
92317,12282,6369,3898,3324,6334,4805,3824,3334,3972,3783,3507,3225,3336,3429,3263,3024,-25.8136,-25.7667,8.91768,47.806
92318,4498,6275,6433,4421,4226,6357,6541,4423,3623,4061,4087,3684,3354,3484,3486,3376,-14.6733,0.592409,8.64505,48.2193
92319,3635,4681,7736,7167,3546,4305,6326,6065,3409,3651,4193,4211,3105,3203,3479,3335,-18.2761,13.463,8.65339,48.0313
92320,3384,3629,4415,5238,3529,3884,5068,9494,3319,3651,4697,7050,3252,3391,3928,4342,-3.74327,30.8781,8.87108,48.1807
92321,3040,3371,3755,3873,3191,3723,4524,5867,3383,3980,5615,9649,3272,3825,4813,6301,7.90487,23.9836,8.88247,48.1213
92322,6888,9824,5469,3832,4846,5278,4315,3670,3816,3782,3603,3312,3237,3292,3280,3149,-28.7302,-9.55683,8.55386,47.7287
92323,3213,3810,4616,5596,3419,3735,5800,9159,3281,3714,4844,6397,3168,3444,3858,4213,-5.04688,22.5573,8.90528,48.178
92324,3193,3372,3356,3308,3472,3829,4146,3714,3773,4832,6396,4989,3950,5684,8549,5858,19.5722,7.01732,8.52234,48.2807
92325,11850,6825,3925,3351,6014,4968,3919,3332,3870,3739,3398,3265,3373,3444,3288,3093,-33.5965,-22.4349,8.92863,47.7693
92326,3349,3420,3331,3163,3678,3997,3560,3506,4742,6188,4817,3928,5855,9061,5782,4075,21.2387,-6.82144,8.82162,48.3013
92327,3894,3728,3507,3201,4822,4852,3843,3391,7017,7416,4536,3632,5577,5408,4127,3485,8.56489,-14.378,8.60415,48.2907
92328,3650,4585,6439,5286,3923,5118,8140,5692,3551,3861,4587,4126,3225,3376,3697,3583,-11.9414,9.0437,8.98514,48.5593
92329,3443,3523,3535,3365,3939,4674,4096,3739,4590,7472,6162,4158,4488,6053,5252,4053,11.7199,-2.81313,8.76081,48.3613
92330,3338,3364,3234,3108,3893,3634,3442,3250,6058,4845,3719,3422,12449,6320,3918,3499,28.8851,-26.565,8.72681,47.662
92331,3506,3473,3279,3116,4159,3949,3528,3322,5975,6316,4287,3422,7416,8079,4725,3549,19.0587,-13.5659,8.94971,48.0673
92332,3217,3394,3369,3290,3340,3677,3790,3674,3906,4824,5472,4497,4190,6839,9069,5421,23.8384,4.3249,8.56843,47.9793
92333,3063,3223,3305,3426,3163,3426,3799,3962,3309,3725,4847,6229,3392,3937,6595,12295,26.5902,25.0995,8.96994,47.7973
92334,4250,5617,6396,4625,4216,5950,7149,4553,3626,4162,4390,3871,3238,3496,3555,3368,-13.2962,2.67335,8.50936,48.308
92335,3504,4132,6584,8439,3416,4004,5821,7178,3237,3644,4084,4255,3142,3324,3422,3572,-17.0822,18.758,8.89644,47.8387
92336,3114,3298,3564,3705,3216,3638,4349,5153,3499,3794,5391,9464,3341,3754,5110,7717,11.9655,26.6696,8.59323,48.0713
92337,3293,3418,3468,3143,3769,3977,3777,3389,4913,6609,4982,3924,5510,8487,5720,4119,18.7519,-6.33356,8.99857,48.332
92338,3050,3273,3443,3289,3247,3451,3749,3896,3384,3814,4742,6129,3388,3887,6052,12797,28.6816,30.0525,8.80401,47.7273
92339,3360,3292,3431,3194,3820,3998,3732,3420,4708,6060,4844,3823,5623,8701,5932,4114,21.1398,-5.84527,8.67047,48.0347
92340,5925,5186,3858,3386,8023,6840,4138,3584,5345,4710,3779,3389,3943,3842,3405,3167,-8.39645,-17.7503,8.53144,48.3467
92341,3463,3376,3259,3199,4012,3829,3493,3225,6450,4914,3781,3408,11677,6588,4017,3358,24.6055,-24.1165,8.60264,48.0327
92342,4465,7328,8367,5109,4035,5124,5524,4373,3476,3708,3966,3680,3268,3351,3331,3273,-22.6526,1.80472,8.61243,48.252
92343,3791,5088,8371,6055,3715,4517,6805,5229,3364,3720,4169,3941,3180,3383,3453,3433,-18.0335,9.42616,8.94483,48.1427
92344,3158,3319,3453,3330,3167,3426,3763,3932,3343,3776,4843,6007,3412,3886,5949,12873,30.8717,29.903,8.87371,47.758
92345,3129,3321,3676,3991,3254,3566,4270,5839,3417,3863,5137,10248,3346,3807,4783,6453,8.29135,32.1361,8.99337,48.0667
92346,3170,3289,3403,3367,3450,3641,3831,3804,3766,4452,5350,4661,3900,6146,9942,6287,28.974,6.98684,8.70534,48.306
92347,3057,3291,3359,3493,3258,3551,3884,4101,3603,4106,5449,6034,3448,4476,8088,9169,22.4188,17.0097,8.74339,48.2447
92348,3421,3396,3190,3019,4120,3860,3478,3198,7093,4894,3803,3395,11526,5856,3901,3340,21.7546,-29.4452,8.98222,47.66
92349,3443,3615,4346,4460,3554,4217,6748,6222,3501,4244,6397,6028,3321,3697,4261,4244,-0.565485,13.627,8.97367,48.1987
92350,10970,6562,3987,3391,6871,5021,3770,3469,3996,3922,3339,3219,3408,3421,3225,3123,-22.4066,-23.7402,8.67624,47.796
92351,3447,3429,3204,3246,3825,3702,3329,3245,5880,4685,3767,3431,12824,5932,3871,3312,29.9107,-30.4378,8.90029,47.4193
92352,4017,3665,3333,3137,5999,4476,3657,3241,9605,5622,3865,3328,6180,4769,3683,3310,7.42628,-24.912,8.85167,47.9247
92353,5837,9355,6596,4195,4417,5360,4673,3907,3681,3831,3689,3547,3303,3319,3345,3182,-26.497,-5.15365,8.62777,48.158
92354,3167,3685,4914,6612,3393,3774,5218,9985,3270,3496,4405,5802,3127,3265,3719,3975,-8.18753,29.4006,8.81481,47.8713
92355,6006,9567,6238,4025,4662,5475,4528,3835,3625,3819,3565,3582,3308,3358,3307,3171,-25.2761,-6.36481,8.68214,48.0473
92356,3335,3732,4939,7123,3368,3837,5416,9810,3285,3636,4214,5451,3173,3385,3654,3795,-10.4054,30.6104,8.59043,48.102
92357,3352,4052,5677,6395,3467,4129,6896,8033,3396,3691,4527,4971,3115,3440,3789,3842,-11.004,17.685,8.99972,48.5147
92358,7810,7419,4464,3493,6741,6197,4233,3429,4192,4045,3548,3324,3504,3453,3311,3088,-17.3346,-15.7616,8.88477,48.1673
92359,3207,3221,3341,3377,3248,3402,3825,3912,3408,3810,4668,6275,3430,3884,5985,12439,27.0238,30.0737,8.50292,47.6213
92360,3413,4132,6396,9662,3495,3998,5458,7522,3254,3533,3887,4287,3057,3236,3518,3487,-18.3805,22.1583,8.86477,48.2233
92361,3468,4205,6503,11379,3423,3755,4972,6599,3254,3470,3864,4051,3049,3149,3441,3397,-23.7973,23.9983,8.50431,47.986
92362,8093,6059,3980,3310,8180,5989,3838,3462,4708,4120,3622,3387,3619,3535,3236,3114,-14.7427,-20.3854,8.99958,48.168
92363,3393,3356,3334,3179,3805,4124,3936,3527,4889,6950,5196,3846,5138,7640,5668,4023,16.8031,-5.48681,8.76722,48.0027
92364,4030,3895,3410,3170,6148,4727,3678,3303,9313,5830,3914,3317,5743,4665,3755,3271,6.22719,-22.8696,8.84245,48.1127
92365,3346,3621,3545,3304,3753,4187,4111,3710,4434,6605,5947,4237,4479,6632,6069,4321,14.8672,-1.53809,8.82996,48.2007
92366,3509,3534,3351,3175,4396,4335,3659,3438,6421,7113,4449,3568,6290,6803,4439,3584,14.2213,-13.4255,8.58148,48.0427
92367,8170,7234,4401,3578,6764,6072,4156,3479,4299,4225,3543,3371,3458,3435,3262,3191,-17.7939,-16.8437,8.88972,48.4253
92368,3418,3321,3044,3108,3912,3773,3392,3205,5796,4923,3965,3376,11166,7535,4502,3449,29.8325,-20.0481,8.89103,47.9233
92369,3228,3542,4208,4920,3235,3770,5004,8598,3360,3789,4930,8061,3327,3580,4048,4680,-0.946507,29.1492,8.93225,48.1867
92370,3281,3388,3342,3224,3592,3879,3642,3476,4451,5382,5091,3943,5095,8772,7470,4429,23.7721,-2.03405,8.97867,48.3047
92371,3326,3783,4635,6928,3321,3781,5221,10012,3247,3560,4511,5715,3186,3353,3687,3820,-9.16761,30.2251,8.91834,48.0573
92372,3363,3300,3244,3130,3821,3847,3624,3316,5215,5201,4223,3573,7906,9498,5153,3751,32.6505,-12.3029,8.92087,48.11
92373,3383,3900,6021,12579,3391,3698,4676,5944,3272,3438,3732,3846,3150,3252,3282,3466,-30.9028,30.4895,8.54608,47.3533
92374,5615,4951,3875,3347,8034,6901,4035,3476,5467,5045,3768,3368,4002,3789,3376,3211,-6.88257,-17.9427,8.74188,48.1733
92375,6371,6082,4232,3429,7219,7224,4321,3548,4520,4491,3947,3339,3633,3558,3474,3112,-12.413,-15.1928,8.92633,48.3333
92376,3750,3632,3404,3220,5043,4278,3713,3258,9748,5275,3792,3428,7461,4934,3812,3314,11.3044,-31.3458,8.82554,48.0413
92377,3350,3908,5256,5855,3476,4162,6466,8116,3381,3772,4705,5267,3100,3398,3757,3968,-8.37415,18.1262,8.59867,47.958
92378,3666,3848,3741,3491,4209,5324,4549,3605,4775,7725,5959,4055,4176,4974,4626,3806,6.12894,-3.624,8.95165,48.3527
92379,4791,4739,3907,3419,6593,7091,4267,3587,5628,5746,4107,3426,4087,4149,3634,3267,-3.51618,-13.985,8.69776,48.292
92380,4084,4163,3788,3424,5362,6420,4318,3491,5549,7248,4612,3653,4339,4571,3878,3433,1.60633,-10.5629,8.61384,48.222
92381,3205,3386,4012,4099,3330,3722,4721,6496,3375,3838,5304,9527,3305,3724,4472,5660,4.92873,33.9044,8.79444,48.1173
92382,3285,3956,6174,12735,3266,3857,4779,6243,3173,3507,3729,3879,3042,3277,3475,3510,-26.8372,27.0593,8.99693,47.9247
92383,4078,3632,3427,3223,5996,4517,3668,3364,9805,5427,3841,3389,6188,4718,3643,3271,7.43913,-25.0284,8.73658,48.1247
92384,3076,3190,3334,3455,3276,3339,3788,3960,3372,4019,5125,5623,3614,4430,8203,9905,31.7411,17.3449,8.78724,47.806
92385,3251,3903,6133,12122,3456,3779,4979,6562,3201,3528,3802,4048,3000,3276,3374,3468,-23.9918,30.6451,8.79459,47.9213
92386,3161,3228,3351,3429,3257,3537,3739,3766,3436,3928,5236,5648,3668,4601,8671,9290,27.8484,16.2399,8.55075,47.964
92387,6406,9766,5803,3972,4760,5705,4344,3715,3720,3901,3599,3429,3431,3269,3250,3108,-24.339,-8.17177,8.88567,48.1187
92388,3580,4231,5969,5359,3636,4727,8132,6359,3447,3929,5011,4523,3137,3341,3697,3770,-9.92651,10.9412,8.94454,48.5653
92389,6683,8589,5083,3766,5296,6594,4523,3568,3881,3935,3552,3310,3358,3449,3294,3197,-19.3133,-10.4087,8.86011,48.052
92390,7872,9567,5055,3690,5098,5246,4241,3566,3790,3788,3568,3267,3335,3403,3286,3169,-30.4723,-12.2269,8.74263,47.9607
92391,3971,3735,3296,3221,5971,4338,3683,3309,9961,5303,3837,3471,6261,4675,3607,3411,7.52093,-29.1834,8.59425,48.0333
92392,3421,4151,6000,6955,3469,4123,6529,7818,3327,3700,4313,4624,3211,3248,3541,3713,-12.9809,17.979,8.55357,48.0953
92393,5035,4737,3710,3344,7825,6561,4053,3442,6223,5399,3923,3469,4194,3869,3536,3296,-3.70706,-17.9189,8.70108,48.4107
92394,7002,8719,4880,3651,5557,6211,4362,3622,3961,3972,3642,3319,3341,3444,3347,3182,-20.3037,-11.5926,8.90708,48.1413
92395,3711,3654,3396,3152,4803,4823,3865,3442,7067,7218,4353,3504,5787,5639,4210,3508,10.1792,-14.6951,8.62448,48.088
92396,3335,3962,5162,5411,3557,4316,7519,7239,3420,3865,5020,5084,3207,3416,3855,3938,-7.39853,14.6027,8.62514,48.204
92397,3270,3499,4306,5124,3383,3713,5112,8717,3262,3731,4945,7967,3221,3573,4039,4665,-1.19645,26.3446,8.9312,48.3513
92398,3338,3309,3336,3364,3382,3541,3791,3679,3686,4382,5293,4816,3878,5640,9857,6906,30.4356,9.23615,8.67368,48.132
92399,3234,3472,3775,3596,3512,4203,4970,4258,3723,5224,8404,5357,3787,4448,5668,4706,8.96472,7.44509,8.88207,48.2247
92400,3822,3757,3361,3133,5166,4688,3780,3297,8099,6695,4034,3494,5972,5408,3915,3355,9.22875,-17.9449,8.50534,47.984
92401,9030,5821,3965,3434,8286,5497,3907,3428,4560,4129,3564,3271,3654,3522,3230,3203,-16.5272,-23.2435,8.86006,48.334
92402,3873,3727,3418,3163,5771,4270,3599,3280,9891,5208,3844,3474,6592,4840,3846,3336,8.50879,-31.6123,8.67522,48.088
92403,3503,3439,3198,3091,4049,3812,3526,3235,6105,4972,3832,3306,12092,6544,3948,3317,33.4142,-23.8423,8.68615,47.9793
92404,10926,7474,4332,3470,5651,5039,3882,3452,3958,3898,3521,3296,3367,3445,3252,3147,-29.6738,-19.9526,8.58848,48.0733
92405,3573,4330,5892,5503,3638,4481,7728,6388,3372,3884,4786,4674,3224,3411,3768,3667,-10.0727,12.265,8.51452,48.2127
92406,4187,6192,8200,5375,3893,5013,6169,4674,3392,3903,3946,3753,3240,3359,3464,3350,-19.654,4.69587,8.62887,48.0733
92407,3598,3636,3345,3196,4456,4299,3776,3435,6806,7348,4442,3638,6258,6414,4313,3657,13.2045,-14.028,8.93038,48.4113
92408,3259,3471,3981,4191,3302,3705,4910,6565,3358,3842,5641,9014,3284,3753,4527,5417,4.44137,22.6406,8.72039,48.1467
92409,3184,3312,3286,3321,3184,3490,3780,3803,3481,4165,5345,5389,3701,4715,9139,8638,28.3916,14.0955,8.68527,47.9553
92410,3976,4560,4155,3584,4871,7145,5233,3821,4648,6364,4912,3879,3856,4095,3983,3484,-1.95676,-5.34483,8.84261,48.3773
92411,3176,3364,3544,3744,3370,3617,4416,5195,3459,3937,5903,8944,3341,3889,5403,7078,11.0874,21.7,8.7935,48.2533
92412,3638,3658,3351,3153,5420,4229,3515,3253,9844,5189,3878,3418,7266,4899,3724,3410,10.6338,-31.7001,8.7937,47.8967
92413,5826,4665,3699,3249,9488,5567,3803,3311,6308,4621,3676,3318,4140,3764,3369,3229,-5.80786,-25.924,8.50138,48.022
92414,6904,9867,5626,3687,4977,5131,4328,3774,3737,3890,3641,3316,3322,3290,3362,3205,-32.5975,-9.5359,8.73753,48.038
92415,3338,3819,5011,5703,3399,4154,6494,8628,3301,3776,4757,5636,3169,3408,3791,3964,-7.48995,19.1455,8.69227,48.232
92416,3331,3840,3905,3634,3661,4545,5652,4455,3895,5560,7665,5046,3712,4284,4917,4299,4.9432,5.4966,8.73442,48.2673
92417,6065,9049,5730,4064,4950,6016,4689,3778,3715,3901,3699,3304,3296,3338,3233,3226,-21.8251,-7.46869,8.60103,48.0353
92418,3500,3485,3222,3078,4405,4138,3570,3201,7537,6264,4139,3500,8045,6538,4087,3488,15.6985,-18.1875,8.85817,48.1313
92419,3704,3631,3478,3203,4476,4687,3824,3391,6406,7949,4655,3597,5468,5970,4254,3544,10.1248,-11.8903,8.96028,48.158
92420,3341,3431,3319,3258,3675,3864,3710,3370,4577,5276,4472,3781,5782,9680,6269,4071,32.7943,-5.86971,8.51716,47.9173
92421,3479,4502,8676,9341,3453,4002,5042,5435,3382,3438,3770,3841,3083,3337,3364,3435,-32.6947,15.7659,8.89228,47.72
92422,3694,4927,9487,7875,3549,4263,5083,5167,3425,3485,3851,3799,3256,3457,3237,3382,-31.9226,12.6663,8.84133,47.958
92423,3614,3642,3513,3410,4227,4962,4233,3629,5102,8117,5622,3951,4552,5680,4601,3714,8.89464,-5.58188,8.96404,48.3793
92424,3859,3655,3421,3124,5435,4287,3599,3262,9766,5280,3917,3360,7157,4988,3868,3312,10.2901,-28.2176,8.62333,48.1933
92425,5363,7583,5516,4064,5038,6926,5249,3952,3881,4126,3879,3482,3340,3416,3401,3324,-16.4406,-6.1292,8.73361,48.36
92426,3244,3559,3922,3787,3397,3951,5305,5097,3511,4421,7767,6771,3475,4017,5077,5049,6.42655,13.5785,8.90127,48.2333
92427,3438,3900,6020,12442,3392,3823,4804,6191,3223,3425,3896,3907,3137,3279,3336,3312,-27.523,29.7845,8.5915,47.6833
92428,3506,3665,3542,3385,4076,4654,4357,3735,4761,7667,6290,4027,4415,5541,5050,3883,9.81005,-2.95627,8.9182,48.3693
92429,3348,3385,3261,3126,3772,3807,3646,3413,4798,5314,4312,3537,6959,9891,5588,3857,28.2075,-9.75455,8.98385,48.0093
92430,3083,3261,3408,3446,3205,3665,4038,3963,3556,4024,5785,5889,3724,4507,8115,8338,21.4699,14.8644,8.96132,48.0047
92431,3293,3697,4091,3900,3520,4372,6317,4954,3580,4757,7562,5507,3490,4079,4761,4396,2.86912,9.90449,8.73886,48.184
92432,4673,8275,8495,4806,4241,4809,5087,3996,3530,3747,3783,3534,3205,3327,3425,3299,-31.4628,0.425952,8.9586,48.1547
92433,3164,3382,3769,3949,3238,3612,4543,5819,3398,3929,6010,9327,3281,3817,4873,6217,7.61889,22.1759,8.9834,48.2187
92434,6881,8529,5103,3653,5416,6197,4519,3582,3922,4073,3594,3368,3366,3535,3333,3133,-19.9523,-10.9458,8.69737,48.136
92435,3200,3410,3922,3908,3409,4003,5137,5295,3447,4054,7348,7444,3357,3950,5262,5425,6.86214,15.6356,8.94087,48.3807
92436,3778,3966,3781,3347,4366,5702,4461,3619,4996,7928,5286,3831,4267,4969,4330,3696,5.05362,-5.91716,8.71694,48.2153
92437,3743,3599,3385,3306,5215,4269,3584,3255,9805,5255,3843,3444,7091,4910,3823,3365,10.699,-33.6826,8.89959,47.928
92438,3528,4356,7863,10566,3510,3979,4947,5756,3301,3491,3781,3838,3125,3192,3430,3357,-31.3294,18.6233,8.59144,48.0133
92439,5703,9620,6459,4120,4540,5169,4598,3820,3730,3871,3742,3471,3249,3420,3379,3289,-32.7366,-5.14461,8.71915,48.12
92440,7321,5125,3771,3428,9814,5385,3772,3348,5306,4348,3671,3241,3720,3598,3295,3092,-10.748,-27.6364,8.71858,48.1567
92441,6927,4994,3844,3342,9869,5177,3764,3307,5395,4255,3667,3339,3803,3645,3381,3096,-10.1944,-32.9558,8.70301,47.87
92442,5479,8813,6449,4236,4610,5776,5045,3910,3688,3948,3725,3427,3300,3401,3395,3236,-21.4317,-4.59486,8.92502,48.292
92443,3119,3285,3513,3710,3184,3584,4180,5034,3366,3859,5181,9500,3379,3897,5230,8156,13.0167,28.1527,8.6739,48.118
92444,3394,3454,3285,3028,4080,4035,3502,3285,6216,6087,4271,3391,8211,7829,4476,3563,19.1926,-15.5142,8.9105,48.0713
92445,3252,3331,3327,3138,3671,3896,3614,3512,4540,5393,4522,3829,6099,9734,6230,4083,25.8422,-6.62448,8.73906,48.114
92446,3241,3596,3608,3459,3666,4077,4364,3960,3898,5787,7197,4730,4138,5525,6499,4809,13.6021,3.53803,8.75229,48.3693
92447,3395,3857,5413,9002,3395,3755,5170,9119,3232,3582,3960,4693,3164,3411,3555,3506,-14.8024,31.2223,8.89998,48.1393
92448,4239,3872,3572,3221,6576,4673,3709,3197,9252,5414,3892,3428,5753,4567,3658,3318,5.00816,-24.3421,8.75233,48.2273
92449,3161,3410,3291,3332,3291,3628,3878,3660,3682,4379,5633,4983,3929,5625,9657,6881,24.5325,9.17909,8.92973,48.28
92450,3596,4580,8875,9085,3486,4082,5246,5334,3300,3583,3807,3895,3164,3190,3402,3376,-28.346,15.2918,8.99178,48.0007
92451,3451,3373,3253,3121,3883,3821,3431,3159,6105,4813,3909,3417,12402,6291,4018,3324,27.8206,-26.5494,8.64198,47.8473
92452,3290,3823,5179,6945,3370,3762,5680,9669,3281,3662,4217,5371,3168,3301,3770,3936,-9.96872,25.5554,8.53208,48.2827
92453,4825,4241,3563,3345,7794,5487,3872,3370,7391,5461,3900,3324,4764,4056,3548,3194,-0.498744,-21.2422,8.75575,48.09
92454,8353,5516,3831,3291,8954,5407,3867,3419,4852,4244,3562,3156,3597,3576,3285,3049,-14.1263,-25.0991,8.91523,47.9727
92455,4179,3819,3302,3244,6003,4854,3677,3474,8677,6243,3948,3425,5658,4884,3821,3327,6.25083,-19.4455,8.84555,48.3567
92456,3232,3634,4273,5105,3352,3841,5475,8630,3375,3778,4916,7536,3194,3514,4107,4468,-1.75885,23.9055,8.99904,48.2867
92457,9543,8593,4542,3453,5518,5053,4003,3370,3813,3744,3524,3253,3394,3378,3181,3097,-29.7878,-16.4131,8.84592,47.6393
92458,3168,3317,3608,3887,3283,3680,4344,5364,3441,3819,5937,9408,3382,3875,5075,6746,9.34345,22.881,8.93995,48.2227
92459,3481,4191,6445,7398,3601,3999,6428,7337,3262,3658,4199,4343,3135,3281,3534,3728,-14.9487,17.4315,8.7702,48.0133
92460,3306,3371,3381,3243,3453,3730,3734,3647,4162,4874,4939,4197,4769,8230,8077,4724,33.4407,-0.313441,8.61099,47.8913
92461,3110,3295,3562,3805,3273,3560,4368,5006,3420,3890,5918,9128,3425,3885,5328,7403,11.3975,22.6564,8.884,48.2507
92462,3432,4268,7295,11311,3327,3746,4963,6026,3142,3448,3790,3909,3082,3229,3369,3414,-28.3686,20.9113,8.71481,47.834
92463,3512,3961,5713,9283,3386,3889,5321,8507,3256,3568,4088,4488,3111,3222,3430,3572,-15.8675,24.8062,8.52554,48.2047
92464,10587,6666,3986,3339,6941,5332,3827,3473,4092,3857,3576,3250,3405,3489,3307,3147,-21.0007,-22.1726,8.89997,48.1827
92465,3173,3217,3407,3436,3236,3430,3798,4096,3369,3750,4882,6997,3434,3971,5879,11407,21.6413,31.3494,8.85687,47.6547
92466,3410,3336,3216,3058,3876,3735,3427,3197,6159,4779,3711,3319,12653,6254,3857,3476,29.6312,-26.5795,8.79604,47.642
92467,3091,3263,3379,3281,3268,3674,3856,3841,3673,4384,5538,4999,3803,5662,9819,6778,24.9713,8.989,8.92553,48.206
92468,3480,3461,3243,3094,4185,3929,3564,3256,6840,5595,4081,3481,9205,7251,4253,3514,19.8117,-18.4101,8.80759,48.288
92469,3015,3290,3349,3469,3251,3539,3941,3957,3398,3875,5128,6173,3362,4291,7319,10806,23.9671,20.2913,8.84597,48.1087
92470,5111,4413,3667,3182,8618,5379,3826,3310,7326,5076,3863,3389,4562,4051,3542,3159,-2.16953,-24.1051,8.93379,48.316
92471,3936,5954,9817,6200,3806,4538,5183,4784,3360,3609,3836,3676,3198,3225,3423,3335,-32.9955,7.31037,8.84365,47.92
92472,3306,3719,4880,6994,3378,3952,5265,9866,3156,3619,4253,5404,3264,3324,3734,3756,-9.73862,31.133,8.99547,47.9133
92473,3287,3485,3685,3553,3648,4220,4633,3981,4135,5851,7424,4743,4082,5200,5908,4524,11.1117,3.66489,8.52255,48.2393
92474,9393,8569,4575,3569,5544,5226,4078,3513,3851,3809,3553,3293,3446,3293,3235,3186,-28.8295,-15.65,8.71161,48.0887
92475,3605,3957,4189,3942,3894,5193,6329,4452,3903,5288,6714,4573,3686,4005,4202,3956,0.547401,3.74114,8.70911,47.9253
92476,3267,3383,3222,3157,3938,3720,3284,3240,6111,4744,3732,3504,12742,6066,3823,3368,30.0207,-28.0386,8.94068,47.534
92477,3205,3452,3452,3349,3564,3984,4140,3787,3946,5545,6540,4597,4295,5924,7434,5019,16.6606,3.77504,8.52969,48.1553
92478,3538,3491,3263,3199,4613,4108,3582,3218,8132,5696,3877,3416,8794,5948,4106,3454,16.139,-21.1479,8.9871,48.29
92479,3011,3217,3339,3324,3206,3359,3663,4038,3403,3768,4679,6078,3489,3899,6046,12806,30.1995,30.1874,8.91429,47.55
92480,4266,6960,9471,5569,3916,4607,5213,4371,3473,3681,3767,3675,3231,3310,3482,3326,-30.3943,4.03778,8.62978,48.212
92481,3917,5393,6820,4830,3977,5560,7451,4881,3523,3998,4403,3871,3254,3448,3666,3247,-14.0539,4.89803,8.64387,48.1593
92482,3168,3563,4295,5050,3313,3761,5030,9008,3287,3748,4866,7514,3311,3473,4086,4484,-2.09191,32.7274,8.81686,47.9713
92483,3373,3838,5152,7750,3378,3813,5229,9694,3316,3537,4274,5101,3082,3345,3595,3683,-11.8259,30.9689,8.96898,48.1067
92484,4522,7721,8679,4901,4023,4766,5077,4313,3559,3789,3820,3575,3293,3381,3389,3219,-33.9579,1.53915,8.92226,48.018
92485,7168,8871,4820,3719,5389,6175,4319,3641,3939,3966,3643,3264,3482,3425,3267,2990,-20.6021,-11.7955,8.83545,48.052
92486,3343,3382,3533,3355,3734,4144,4160,3785,4272,6296,6750,4568,4299,5842,6309,4499,13.866,1.19266,8.50228,48.1807
92487,4008,5878,8244,5308,3905,4988,6585,4777,3531,3787,4059,3762,3094,3330,3535,3411,-18.6622,5.43502,8.9073,48.1347
92488,4692,7945,8384,4820,4114,5129,5267,4262,3584,3815,3711,3643,3208,3323,3424,3218,-25.1036,0.456085,8.75779,48.3593
92489,7704,5058,3884,3440,9599,5435,3869,3432,5285,4224,3560,3159,3768,3551,3184,3082,-11.9354,-27.0179,8.74563,48.156
92490,3352,3979,6456,11416,3381,3872,5147,6876,3176,3516,3846,4032,3087,3277,3481,3393,-22.2169,24.3999,8.75824,48.1913
92491,3452,3869,5634,10155,3371,3857,5166,8039,3381,3389,3966,4349,3161,3342,3401,3441,-18.2024,29.3947,8.55151,47.982
92492,5707,6511,4359,3581,6203,7653,4675,3744,4298,4649,3747,3449,3571,3588,3472,3105,-12.1073,-11.5076,8.8737,48.208
92493,3173,3381,3310,3289,3609,3876,3747,3397,4296,5349,4954,4026,5351,8943,7206,4497,25.8973,-2.79973,8.659,48.2693
92494,7693,5308,3698,3363,9561,5406,3800,3417,5130,4106,3543,3374,3640,3712,3272,3116,-11.9175,-25.4793,8.87421,48.0927
92495,3337,3409,3306,3136,3739,4050,3818,3468,4567,6153,5055,3910,5382,8466,6372,4145,20.0394,-4.39264,8.75109,48.2087
92496,3446,3413,3271,3156,4015,3736,3409,3335,5892,4997,3812,3404,11344,6971,4086,3431,33.2939,-21.4722,8.65561,47.812
92497,3400,3893,5959,11906,3329,3710,4866,6819,3216,3426,3750,4145,3179,3285,3385,3466,-22.9741,29.9986,8.95732,47.8227
92498,3537,4170,6054,6479,3511,4241,6790,7330,3312,3819,4463,4681,3117,3326,3597,3749,-12.2616,15.9707,8.50171,48.1173
92499,4255,6823,9062,5449,4015,4836,5489,4408,3424,3731,3906,3675,3114,3324,3370,3195,-23.9482,4.06826,8.72749,48.0507
92500,5034,8703,7792,4466,4307,4972,4890,4062,3667,3790,3721,3462,3296,3342,3275,3190,-30.3382,-1.85518,8.64454,47.9793
92501,3473,3837,4678,4637,3552,4528,7512,6118,3510,4146,5859,5349,3333,3607,4152,4137,-3.47524,12.2207,8.67141,48.2853
92502,5278,5424,4049,3504,7112,7357,4268,3532,5021,5045,3798,3465,3806,3748,3473,3206,-7.9771,-14.5604,8.58527,48.0573
92503,12313,6000,3893,3384,6554,4837,3811,3328,3849,3762,3454,3268,3408,3483,3160,3209,-25.6075,-30.5513,8.60178,47.8087
92504,5024,4489,3561,3259,7899,5607,3940,3408,7094,5205,3795,3341,4456,4164,3541,3222,-1.72351,-20.6622,8.70702,48.0033
92505,4010,3931,3487,3097,5341,5436,4051,3519,6916,7523,4370,3611,4973,5061,3956,3443,5.56258,-14.0499,8.77927,48.4833
92506,3638,3858,3849,3522,4076,5359,5137,3798,4484,7135,6271,4113,4020,4753,4477,3822,4.43834,-1.5868,8.88689,48.208
92507,9705,5557,3775,3356,8316,5205,3822,3374,4504,3932,3512,3280,3479,3370,3338,3154,-16.873,-30.969,8.7491,47.786
92508,3708,4937,9214,8643,3566,4152,5362,5219,3238,3524,3760,3805,3024,3204,3341,3334,-27.7151,13.6897,8.86105,48.0207
92509,7016,5046,3772,3304,9918,5308,3804,3409,5493,4304,3728,3229,3768,3611,3273,3039,-9.7457,-26.2881,8.92778,48.0147
92510,5004,6937,5332,3933,4845,7369,5449,3996,3954,4323,4071,3550,3451,3505,3442,3252,-14.3412,-5.33387,8.78429,48.2753
92511,5177,5005,3961,3363,7524,7049,4191,3604,5515,5069,3909,3394,3985,3924,3507,3143,-5.94523,-16.365,8.67608,48.2133
92512,3010,3555,3908,4176,3313,3791,4991,6144,3469,4088,6175,8509,3326,3814,4684,5395,5.41852,20.2303,8.68176,48.232
92513,3697,4231,4078,3734,4143,5869,5969,4161,4147,6086,6056,4227,3893,4155,4160,3682,-0.0717272,0.0222552,8.59484,48.192
92514,3585,3498,3244,3124,4919,4202,3553,3292,9462,5139,3866,3387,7966,5320,3819,3329,12.823,-33.6205,8.80994,47.8033
92515,3892,4122,3638,3374,4852,6134,4340,3524,5438,7804,4900,3768,4546,4840,4014,3576,3.65121,-9.19029,8.82374,48.508
92516,3135,3333,3411,3358,3419,3612,3891,3801,3895,4525,5832,4825,3957,5827,9476,6156,22.5771,7.40743,8.72298,48.302
92517,3409,3345,3207,3131,3925,3880,3389,3244,5854,5025,3950,3378,10805,7503,4258,3413,29.5399,-20.2957,8.59493,47.8107
92518,4037,4241,4021,3630,4492,6675,5615,3936,4357,6416,5327,3847,3922,4309,4060,3623,-0.596555,-2.82097,8.98728,48.3387
92519,3667,4874,8477,7232,3545,4404,6143,5628,3348,3680,4092,4018,3075,3230,3445,3430,-19.9367,12.4673,8.57559,48.192
92520,3398,3386,3193,3135,3804,3885,3453,3179,5716,5071,4048,3507,10248,8063,4374,3469,29.9958,-17.7518,8.95567,47.9527
92521,3507,4003,5724,6285,3547,4117,6937,7652,3348,3767,4555,4807,3112,3399,3769,3755,-11.07,16.374,8.75586,48.1893
92522,3180,3286,3298,3447,3221,3421,3803,3796,3462,3702,4742,6135,3376,3783,6060,12609,32.9062,28.2918,8.89447,47.5473
92523,3142,3308,3367,3412,3240,3539,3960,3807,3593,4149,5310,5274,3678,5060,9330,8142,27.6407,12.4252,8.62305,48.2073
92524,3401,3498,3260,3152,4142,4035,3451,3330,7420,5113,3878,3363,10824,5848,3920,3465,20.05,-33.7056,8.55698,48.0667
92525,3856,3750,3400,3125,5172,4241,3566,3201,9493,5353,3907,3339,7596,5173,3867,3399,11.7799,-26.2392,8.54874,48.292
92526,3085,3215,3341,3422,3278,3501,3817,3907,3346,3849,4767,6124,3333,3961,6482,12589,28.093,26.4435,8.67746,48.0113
92527,6611,7822,4730,3663,5895,6788,4408,3657,4131,4240,3654,3405,3450,3419,3345,3117,-17.3061,-12.1152,8.61296,48.2233
92528,3544,3938,3686,3402,4141,4994,4437,3653,4764,7961,6142,3977,4347,5236,4577,3812,7.78397,-4.01299,8.97507,48.4073
92529,3212,3478,3726,3695,3445,3946,4851,4614,3681,4663,7947,6216,3592,4265,5797,5526,9.88623,11.5857,8.8321,48.436
92530,6540,9775,5835,3904,4821,5386,4376,3746,3703,3765,3549,3234,3405,3327,3303,3182,-26.6929,-8.32752,8.53903,47.9007
92531,3212,3447,3962,4160,3318,3636,4777,6975,3358,3640,5091,9375,3227,3775,4473,5370,3.82026,33.2726,8.87598,47.864
92532,3098,3234,3411,3436,3261,3599,3969,3849,3537,4003,5261,5350,3514,4710,8757,9226,28.551,15.4232,8.72455,48.1433
92533,5648,5736,4241,3550,6907,7664,4471,3566,4632,4769,3969,3347,3575,3609,3499,3247,-10.0149,-13.4264,8.78171,48.2867
92534,3320,3683,4107,4102,3509,4027,5699,5627,3485,4273,7333,6576,3338,3806,4817,4699,3.67607,13.7793,8.91315,48.2673
92535,3128,3248,3450,3242,3256,3466,3937,4127,3429,3982,5324,6686,3327,4124,6790,10574,21.928,21.788,8.72255,48.06
92536,3428,3534,3671,3496,3704,4349,4844,3874,4142,6201,7666,4667,3981,4874,5433,4374,9.11962,3.24714,8.91354,48.1587
92537,3690,4272,4482,4117,4004,5926,6990,4476,3854,5113,5954,4369,3456,3905,3948,3830,-2.87772,3.22026,8.64726,48.2573
92538,3176,3323,3440,3257,3447,3621,3793,3798,3694,4365,5411,4973,3864,5552,9559,6798,26.9465,9.22626,8.55801,48.0473
92539,3167,3577,4098,4725,3408,3769,4864,7992,3480,3796,5023,8230,3344,3683,4239,4921,0.6044,29.2382,8.57707,48.2107
92540,3359,3426,3224,3152,3792,3718,3382,3258,6164,4767,3631,3331,12469,6147,3960,3382,29.7054,-28.5455,8.63695,47.4413
92541,4585,6431,5917,4317,4418,6562,6265,4259,3810,4318,4217,3738,3419,3479,3491,3342,-14.2048,-1.09466,8.74211,48.3787
92542,3192,3276,3444,3258,3501,3722,3951,3612,4157,5266,5621,4451,4525,7058,8398,5079,21.8922,2.36187,8.90641,48.3407
92543,4012,4940,5412,4258,4086,6201,7725,4731,3802,4333,4912,3997,3401,3564,3619,3557,-9.33869,2.90667,8.65545,48.3667
92544,3332,3945,6088,12580,3340,3800,4862,6160,3269,3402,3785,4021,3105,3303,3328,3443,-31.1655,27.2875,8.79556,47.842
92545,10057,5923,3957,3247,8064,5247,4012,3392,4258,4003,3576,3167,3408,3510,3138,3074,-17.9465,-24.2094,8.96923,48.022
92546,6956,4944,3759,3247,9746,5556,3884,3399,5467,4248,3691,3172,3916,3595,3340,3163,-9.80858,-25.0613,8.9461,48.0553
92547,3108,3238,3389,3302,3306,3719,3762,3768,3622,4265,5315,4876,3770,5464,9973,7105,28.3322,9.94622,8.79361,47.988
92548,10354,6734,4136,3378,7210,5236,3906,3322,4188,3847,3538,3203,3521,3360,3251,3083,-20.9944,-22.1375,8.62279,48.178
92549,3452,3431,3252,3140,4069,4036,3548,3365,6731,5603,3965,3463,9250,6915,4193,3500,19.6465,-19.2906,8.66837,47.942
92550,3774,3943,3776,3370,4412,5604,4437,3598,5173,7986,5194,3939,4190,4785,4241,3615,5.00331,-6.49689,8.72902,48.0247
92551,3233,3331,3372,3243,3536,3743,3675,3680,4124,4981,5003,4185,4730,8328,8212,4703,32.8572,-0.172614,8.992,48.0527
92552,9003,8747,4616,3584,5433,5354,3994,3547,3935,3800,3618,3298,3453,3374,3317,3055,-27.8431,-15.4601,8.55586,48.0853
92553,12458,5998,3947,3391,5963,4719,3830,3525,3793,3765,3482,3279,3377,3333,3186,3119,-29.3493,-33.6715,8.56557,47.4433
92554,3238,3501,3339,3174,3910,4031,3725,3459,5083,5998,4347,3694,6756,8988,5277,3762,21.6739,-10.6346,8.53568,48.188
92555,3182,3401,3823,3991,3242,3569,4574,6383,3290,3721,5261,9987,3322,3639,4646,6189,6.83168,30.4333,8.76938,48.1467
92556,3256,3596,4380,5373,3474,3688,5068,9292,3355,3764,4597,7147,3282,3469,3865,4387,-3.61827,30.5126,8.68687,47.9953
92557,6993,5073,3698,3354,9600,5638,4013,3362,5298,4326,3502,3226,3881,3611,3262,3118,-10.7582,-23.9801,8.78701,47.97
92558,9501,5753,3969,3354,8100,5343,3814,3398,4548,3995,3543,3270,3569,3441,3205,3020,-16.9698,-24.8392,8.56382,47.882
92559,3319,3366,3386,3431,3603,3916,4185,3957,4040,5433,6922,4761,4042,5660,7203,4992,15.7115,4.34493,8.92801,48.144
92560,3097,3238,3452,3570,3231,3558,4051,4375,3375,3893,5133,8341,3362,3951,5750,9689,16.7574,27.1536,8.63309,48.044
92561,7578,5036,3774,3313,9794,5373,3849,3350,5085,4187,3566,3234,3611,3611,3369,3164,-11.2492,-27.6911,8.92683,47.9293
92562,3234,3421,3345,3355,3473,3842,4020,3657,3871,4982,6123,4687,4228,6249,8500,5338,20.2846,4.81058,8.55821,48.2167
92563,3193,3513,3847,4204,3353,3694,4460,6653,3385,3821,5130,9469,3323,3639,4543,5766,5.18798,27.5244,8.55536,47.9953
92564,3282,3443,3301,3128,3860,3852,3552,3252,5145,5387,4243,3586,7944,9639,5002,3567,28.8421,-12.3178,8.74935,48.122
92565,3144,3206,3603,3466,3461,3710,4252,4114,3576,4591,6733,5559,3752,4906,7911,6210,17.667,10.583,8.57934,48.1293
92566,5589,9518,7173,4416,4348,5068,4564,3990,3504,3825,3675,3403,3247,3375,3262,3156,-29.1887,-3.9062,8.9912,48.0753
92567,3479,3813,4010,3899,3682,4758,5837,4338,4016,5406,7511,4880,3642,4348,4589,4226,3.44989,5.15307,8.79065,48.2893
92568,3431,3476,3245,3221,4323,3973,3576,3227,7150,5662,3970,3393,9033,6821,4178,3413,18.6477,-19.3066,8.65874,48.0613
92569,3189,3210,3605,3653,3288,3615,4346,4990,3384,3955,5780,9210,3322,3862,5216,7410,11.9171,23.0392,8.68316,48.0233
92570,3992,4189,3804,3566,4826,6602,4766,3706,4988,7118,5052,3817,4008,4462,3859,3663,1.2069,-7.1849,8.88112,48.2787
92571,10879,5833,3811,3428,7712,5029,3924,3318,4140,3923,3517,3212,3405,3352,3237,3175,-19.5611,-29.989,8.80751,47.93
92572,3682,3825,3631,3534,4279,5460,4317,3587,5109,8064,5359,3926,4386,5058,4460,3798,6.2535,-6.20487,8.69371,48.3167
92573,3233,3400,3339,3168,3806,3950,3657,3370,4635,5567,4531,3763,5671,9763,6406,4072,24.5945,-5.77267,8.99463,48.2207
92574,3460,3595,3670,3371,4060,4898,4375,3724,4647,7641,6104,4033,4375,5478,4887,4011,8.46211,-3.01393,8.6655,48.2193
92575,3600,3378,3265,3219,4470,3978,3518,3262,8321,5095,3811,3396,9586,5588,3960,3345,16.7737,-33.8385,8.79506,47.8613
92576,3181,3197,3408,3304,3312,3591,3982,3831,3739,4440,6305,5318,3862,5093,8968,6564,20.3217,10.0439,8.95434,48.0633
92577,3646,3879,3859,3553,4149,5166,5009,3861,4420,7161,6316,4250,4017,4787,4472,3882,5.20135,-1.95527,8.74374,48.2847
92578,3674,4227,4618,4045,3914,5593,7391,4815,3924,4912,5880,4357,3495,3857,3936,3816,-3.26952,4.11552,8.83918,48.3027
92579,3121,3399,3650,3735,3231,3624,4359,4857,3332,3933,6277,8497,3420,4050,5539,7337,12.6561,20.0938,8.65286,48.2407
92580,3237,3410,3517,3514,3615,3946,4391,3926,3976,5277,7325,5137,3878,5209,6804,5051,14.03,6.35237,8.63876,48.142
92581,3135,3391,3846,4090,3287,3768,4805,6065,3390,3904,5975,9084,3288,3729,4657,5775,6.33083,21.237,8.84012,48.126
92582,3390,3337,3230,3121,3733,3731,3599,3365,4813,5127,4255,3680,6994,9991,5498,3854,31.357,-9.37154,8.9645,47.812
92583,3392,3538,4320,4173,3546,4190,6383,5877,3389,4313,6745,6307,3309,3786,4448,4328,0.845327,14.1559,8.92913,48.0293
92584,3373,3737,4341,4575,3408,3993,6278,7164,3335,3997,5820,6746,3449,3559,4255,4406,-1.05782,17.5188,8.60824,48.2907
92585,12345,5918,3870,3488,6772,4824,3715,3350,4086,3741,3492,3192,3402,3334,3177,3216,-23.8534,-29.9778,8.78497,47.948
92586,7720,5879,4133,3456,8127,6070,3989,3421,4583,4198,3727,3388,3703,3647,3391,3085,-13.848,-19.9609,8.74006,48.3447
92587,3357,3455,3592,3642,3488,3927,4932,4329,3721,4966,8213,5731,3681,4423,5984,4951,9.58757,8.90661,8.9574,48.2613
92588,3162,3283,3420,3458,3209,3584,3922,4076,3380,3932,5471,6410,3565,4237,7490,9293,20.9835,18.1973,8.79806,47.928
92589,3219,3505,3771,3902,3410,3928,5200,5109,3522,4349,7576,6813,3429,3915,5162,5248,6.64053,14.0744,8.65569,48.0387
92590,4331,4276,3562,3315,6405,5637,4124,3437,7269,6218,4085,3465,4840,4483,3544,3290,2.03439,-17.5185,8.53232,48.1873
92591,3785,5161,9758,7748,3673,4218,5318,5020,3317,3551,3783,3813,3086,3250,3318,3328,-27.6559,11.3583,8.8645,48.0847
92592,5020,6738,5004,3801,5001,7621,5384,3926,3943,4446,4045,3559,3414,3590,3529,3242,-13.3003,-6.05013,8.67578,48.1753
92593,7251,9760,5102,3984,4780,5322,4370,3684,3732,3908,3604,3370,3347,3319,3309,3219,-30.9966,-10.7079,8.5062,48.0407
92594,3321,3465,4246,4292,3456,3974,5927,6225,3427,4093,6631,7070,3292,3618,4499,4726,2.04654,16.2999,8.68118,48.1747
92595,4644,7602,7740,4648,4262,5406,5613,4252,3619,3878,3801,3554,3284,3312,3402,3258,-20.9422,0.152826,8.92408,48.1833
92596,3432,3679,3993,3677,3638,4666,5978,4453,3923,5563,7661,4896,3738,4195,4797,4260,3.94969,5.36254,8.81323,48.366
92597,3515,3318,3225,3138,4054,3879,3516,3262,6262,5175,3897,3443,10774,7034,4222,3420,23.8398,-20.7554,8.56174,48.0893
92598,4087,6179,9662,6099,3761,4568,5248,4678,3452,3650,3840,3613,3155,3294,3556,3306,-31.4773,6.67414,8.50485,48.0987
92599,3239,3827,5069,7616,3417,3856,5230,9523,3281,3584,4384,5223,3062,3297,3639,3773,-11.2767,27.9304,8.50505,48.0133
92600,3388,4007,6405,12092,3402,3806,4911,6305,3246,3397,3834,3992,3124,3313,3341,3320,-27.0536,24.9647,8.66266,47.922
92601,3867,5000,5960,4558,4075,5639,7772,4974,3536,4312,4594,3942,3252,3585,3608,3520,-11.109,4.70983,8.97309,48.1293
92602,3204,3248,3387,3358,3244,3456,3887,4014,3413,3719,4829,7089,3435,3871,5888,11689,21.8916,30.718,8.85287,47.8207
92603,3653,4623,7672,7283,3557,4290,6484,6000,3408,3709,4220,4085,3161,3248,3547,3446,-17.7458,13.5493,8.84148,48.2573
92604,3992,4195,3874,3447,4970,6670,4617,3675,5104,6990,4871,3769,4049,4457,4034,3643,1.2048,-7.59623,8.70975,48.238
92605,10656,5758,3938,3453,7765,5064,3823,3291,4150,3924,3477,3251,3577,3465,3160,3078,-19.1829,-30.5834,8.79471,47.8867
92606,3252,3667,4555,5933,3445,3793,5284,9652,3380,3675,4536,6440,3131,3500,3927,4196,-5.72582,27.0068,8.53139,48.244
92607,3490,3484,3341,3125,4355,4056,3517,3188,8330,5199,3843,3472,9491,5587,4015,3363,16.5652,-33.9474,8.75021,47.904
92608,7135,5248,3769,3311,9164,5535,3827,3462,5339,4337,3737,3284,3790,3663,3384,3063,-10.4141,-23.8707,8.54819,48.032
92609,7379,9276,5181,3739,5214,5475,4275,3770,3683,3856,3669,3407,3386,3371,3298,3175,-24.9975,-11.3403,8.6077,48.1027
92610,3822,4902,6819,5092,3883,5080,7690,5142,3495,3936,4440,4003,3203,3388,3566,3514,-13.4315,7.01642,8.68807,47.9833
92611,3528,3797,4129,3708,3752,4789,6266,4541,3770,5045,7368,4862,3595,4131,4597,4210,2.15379,6.37146,8.80723,48.0587
92612,5195,7782,5961,4128,4831,6642,5272,3998,3802,3971,3865,3462,3334,3464,3452,3205,-17.7727,-5.14939,8.83611,48.2427
92613,6515,8838,5278,3881,5307,6284,4492,3646,3812,3964,3618,3354,3368,3352,3311,3214,-20.4186,-9.65063,8.81634,48.156
92614,3312,3960,5351,9246,3402,3878,5142,8684,3278,3376,3996,4600,3228,3301,3586,3575,-15.991,30.0633,8.51747,47.9433
92615,3449,3403,3168,3207,4051,3901,3441,3102,6032,5102,3913,3580,10551,7737,4176,3465,25.7867,-19.4795,8.94998,48.1853
92616,5838,5661,4266,3472,7100,7452,4344,3516,4860,4715,3855,3383,3784,3732,3362,3127,-10.1103,-14.5091,8.70153,48.3113
92617,3218,3555,4446,5532,3365,3750,5244,9438,3314,3623,4662,6843,3244,3375,3942,4271,-4.27813,27.2985,8.72765,47.8813
92618,5682,6161,4205,3529,6755,7653,4446,3523,4494,4589,3779,3386,3744,3691,3400,3229,-11.1831,-13.0545,8.99204,48.1773
92619,3180,3303,3455,3532,3240,3521,3942,4414,3246,3859,5210,8531,3185,3929,5557,9822,16.5962,29.7717,8.9456,47.9507
92620,3140,3242,3468,3370,3349,3695,4085,4024,3679,4443,6575,5688,3663,4839,7965,6816,18.1496,12.0922,8.97855,48.0273
92621,3232,3346,3297,3234,3488,3700,3725,3682,3979,4780,5127,4398,4504,7471,9094,5036,30.8371,2.68807,8.99199,48.062
92622,3490,3543,3516,3361,3975,4562,4266,3705,4693,7568,5936,4051,4511,5728,5155,4038,10.6968,-3.27955,8.54164,48.0653
92623,3289,3563,4286,5124,3438,3718,5107,8916,3314,3766,4975,7378,3161,3579,3996,4433,-2.07173,26.1885,8.76984,48.0287
92624,3414,3417,3175,2997,4163,3933,3509,3251,6978,5092,3808,3465,11056,6273,4027,3335,21.4818,-24.27,8.67335,47.9287
92625,4875,6882,5975,4129,4741,6781,5788,4099,3742,4182,3955,3552,3368,3511,3434,3268,-15.5734,-2.93171,8.56872,48.188
92626,4713,4601,3867,3495,6393,7044,4310,3522,5619,5930,4061,3469,4237,4161,3679,3229,-2.97293,-14.0295,8.72648,48.22
92627,3560,3552,3401,3253,4041,4511,4044,3422,5311,7848,4967,3848,5238,6630,4933,3816,13.1861,-8.11127,8.68889,48.25
92628,4502,4159,3530,3279,7580,5052,3732,3394,8342,5418,3743,3372,4944,4366,3632,3379,1.4469,-23.4921,8.89397,48.2827
92629,3126,3259,3397,3344,3215,3528,3887,4201,3354,3750,4973,7646,3505,3881,5803,11067,19.8079,31.0741,8.84605,47.9573
92630,3253,3368,3459,3327,3464,3813,4088,3850,3925,5071,6679,4828,4038,5790,8143,5537,18.0295,5.85391,8.74233,48.422
92631,3107,3242,3361,3374,3439,3797,4196,3884,3858,4769,6839,5383,3881,5194,7926,5836,16.8953,8.7325,8.66293,48.0573
92632,6112,9957,6057,3893,4838,5132,4462,3699,3825,3805,3668,3318,3331,3416,3331,3230,-33.3183,-7.44739,8.90979,48.0493
92633,3099,3323,3591,3748,3238,3571,4114,5073,3355,3877,5248,9653,3433,3864,5122,7824,11.7091,30.6927,8.61549,48.0887
92634,3478,3386,3225,3108,4070,3903,3544,3225,6833,4930,3736,3354,11784,6012,3942,3301,22.9043,-28.7764,8.54166,47.8873
92635,3360,3325,3322,3122,3650,3723,3662,3412,4654,5263,4651,3801,5689,9775,6567,4126,27.1907,-5.56966,8.77188,48.068
92636,5645,4559,3717,3287,9549,5061,3941,3355,6678,4682,3681,3384,4116,3912,3470,3167,-4.88522,-30.0721,8.59231,48.136
92637,3298,3368,3429,3393,3642,3966,3950,3657,4150,5536,5838,4312,4545,7093,7606,4765,19.4632,0.974215,8.65916,48.3653
92638,3110,3288,3366,3196,3398,3632,3848,3614,3877,4533,5359,4746,4138,6336,9709,5977,26.7425,6.24129,8.82554,48.0847
92639,8771,7030,4365,3520,6874,5811,4150,3449,4175,3986,3639,3228,3416,3393,3337,3069,-19.2814,-18.0171,8.82463,48.142
92640,3227,3433,4033,4420,3391,3704,4803,7248,3331,3878,5167,9121,3275,3667,4410,5177,2.73963,33.0505,8.78111,48.19
92641,3330,3334,3362,3189,3680,3724,3716,3351,4350,5226,4604,3957,5383,9422,7034,4327,28.7566,-3.83635,8.81211,47.9927
92642,3456,3958,5369,6475,3442,4206,6724,8017,3298,3738,4600,5048,3128,3332,3776,3763,-10.6901,17.8333,8.67021,48.22
92643,3332,3342,3247,3100,3816,3971,3443,3203,5196,5367,4230,3532,7841,9517,4961,3887,26.6164,-12.3564,8.97498,47.99
92644,3390,4011,6641,12138,3299,3790,4863,6354,3202,3465,3828,3967,3014,3171,3436,3268,-25.9927,25.0704,8.88785,47.8913
92645,4859,4160,3548,3262,8240,5044,3726,3283,8213,5009,3784,3394,4820,4104,3564,3223,-0.231616,-25.8011,8.92439,48.1553
92646,3362,3996,6242,11382,3366,3720,4996,6782,3267,3490,3831,4080,3145,3272,3301,3477,-22.6908,25.0296,8.69719,47.806
92647,3523,4169,4793,4415,3714,4718,7963,5424,3594,4395,5936,4704,3303,3763,3868,3881,-4.21399,8.50242,8.90813,48.1087
92648,3335,3386,3317,3259,3618,3854,3680,3470,4406,5187,4403,3809,5711,9625,6678,4117,30.7514,-4.91573,8.62307,47.9033
92649,3159,3285,3696,3722,3316,3733,4513,5106,3379,4050,6567,8432,3303,3893,5470,6487,10.41,19.2182,8.57541,48.074
92650,3420,3287,3198,3066,3942,3819,3389,3154,6111,4862,3855,3359,12053,6331,3888,3383,28.836,-26.3799,8.53397,47.4113
92651,3198,3202,3328,3446,3282,3474,3959,4375,3465,3781,5351,7674,3402,4017,6301,10116,18.8334,22.869,8.93484,48.2473
92652,3295,3440,3229,3107,3789,3835,3511,3325,4971,5381,4312,3635,7121,9911,5557,3834,29.0787,-9.98814,8.72711,48.1687
92653,3100,3254,3400,3451,3240,3408,3795,3951,3397,3949,4980,5909,3481,4085,7145,11187,32.8708,21.1195,8.68697,47.8213
92654,4233,4561,3772,3452,5772,7205,4560,3573,5353,6722,4428,3588,4092,4301,3766,3321,-0.890342,-10.6539,8.99857,48.466
92655,4124,6642,9747,5803,3956,4526,5172,4371,3484,3712,3848,3696,3279,3295,3377,3330,-29.2337,5.23624,8.52315,48.2413
92656,3665,3783,3620,3493,4373,5310,4482,3633,5076,7906,5523,3884,4436,5182,4343,3629,6.68577,-5.96437,8.56533,48.2253
92657,4292,7005,9293,5511,3985,4671,5114,4401,3401,3693,3848,3761,3263,3275,3276,3249,-27.4916,3.98499,8.8205,48.0253
92658,3373,3639,3546,3345,3883,4525,4465,3773,4554,7193,6569,4232,4387,5482,5416,4165,10.1776,-0.900811,8.93673,48.3647
92659,6216,8507,5297,3844,5163,6440,4635,3717,3779,4056,3648,3444,3395,3400,3355,3146,-18.9555,-8.95432,8.96659,48.028
92660,3112,3207,3311,3329,3192,3512,3875,3981,3343,3804,4782,6876,3349,3936,5849,11967,22.6597,29.3484,8.86373,47.6167
92661,3329,3324,3290,3153,3778,3763,3579,3279,4797,5278,4490,3789,6819,9928,5774,3768,28.9485,-8.77318,8.84248,48.092
92662,3821,4770,6812,5535,3727,4723,7604,5688,3640,3948,4313,4102,3186,3424,3692,3497,-13.937,9.37993,8.56513,48.3213
92663,3094,3313,3433,3548,3242,3501,4023,4502,3417,3870,5073,8051,3386,3906,5721,9692,17.416,27.1247,8.62411,47.848
92664,2994,3215,3474,3439,3232,3532,3907,4302,3468,3953,5593,7101,3507,4123,6794,9440,19.0422,20.0256,8.69463,48.0493
92665,5073,8533,7752,4664,4254,5135,4980,4132,3584,3799,3671,3584,3342,3325,3336,3230,-26.968,-1.15979,8.76591,48.2627
92666,5113,5380,4260,3563,6543,7764,4508,3612,4750,5104,3992,3484,3857,3953,3346,3228,-7.62057,-12.3221,8.5317,48.3047
92667,3048,3357,3315,3504,3054,3470,3873,4166,3361,3835,4899,7158,3330,3822,6205,11421,21.9131,25.9047,8.80848,47.8787
92668,7370,9839,5300,3700,4996,5353,4175,3581,3796,3717,3592,3371,3388,3429,3303,3116,-27.8085,-10.7992,8.83041,48.0173
92669,4080,3954,3467,3139,6430,4895,3789,3308,8734,6068,3995,3390,5375,4524,3696,3469,4.6321,-20.9089,8.80678,48.2087
92670,3644,3865,3888,3526,4026,5600,5199,3834,4355,7019,6390,4158,3926,4609,4454,3758,3.70407,-1.16646,8.90022,48.1673
92671,4709,4538,3673,3482,7110,6582,4133,3409,6244,5684,4100,3504,4309,4241,3547,3348,-1.96511,-16.172,8.9344,48.4087
92672,3861,5633,9889,6684,3628,4449,5251,4836,3321,3560,3838,3739,3240,3391,3330,3446,-32.7922,9.27126,8.61143,48.064
92673,3316,3346,3272,3188,4030,3987,3501,3225,6821,4912,3839,3411,11944,5936,3854,3335,23.1767,-29.2891,8.84922,47.9447
92674,3565,3601,3213,3113,4701,3995,3528,3243,8661,5144,3814,3366,9417,5435,3903,3334,15.9217,-28.7688,8.86857,48.022
92675,3336,3301,3223,3067,3999,3860,3578,3173,6420,4918,3842,3423,11870,6474,4011,3310,24.9022,-25.1267,8.51885,47.87
92676,3215,3279,3409,3299,3547,3650,3804,3640,3832,4724,5326,4549,4199,6748,9517,5735,28.3747,4.70131,8.57818,48.3153
92677,10090,5615,3833,3391,8100,5051,3854,3472,4339,3976,3478,3234,3501,3453,3157,3072,-17.4011,-32.99,8.76451,47.744
92678,11717,6185,3854,3414,6833,4889,3811,3448,4155,3771,3364,3277,3500,3372,3203,3117,-23.2304,-27.5696,8.62082,47.94
92679,4046,5760,7160,4980,3997,5389,7112,4779,3580,4031,4162,3782,3127,3449,3568,3361,-15.6801,4.24679,8.55827,48.1887
92680,3161,3530,3631,3556,3322,3774,4798,4239,3572,4527,7946,6148,3538,4398,6268,5661,11.5543,11.6244,8.9715,48.046
92681,3335,3677,4929,7529,3348,3812,5235,9768,3262,3695,4287,5294,3181,3330,3526,3652,-11.0291,27.5642,8.90147,47.9067
92682,3248,3501,3852,3869,3413,4204,5273,4962,3511,4350,7728,6771,3475,3974,5137,4946,6.4234,13.2822,8.75375,48.1427
92683,3292,3322,3293,3208,3759,3877,3517,3453,4943,5394,4250,3644,7412,9651,5178,3746,28.5682,-10.7211,8.64775,47.9593
92684,5079,4485,3760,3228,7924,6222,3999,3352,6568,5513,3872,3349,4223,4116,3501,3227,-2.91206,-19.3018,8.81837,48.2787
92685,3068,3204,3391,3383,3267,3500,3837,3887,3398,3962,4878,5922,3323,4033,7237,11136,32.4518,20.6152,8.72373,47.6173
92686,3232,3400,3422,3399,3641,3825,4159,3689,4097,5465,6447,4566,4234,6173,7341,5065,17.2585,2.91407,8.79397,48.1033
92687,3148,3555,3694,3869,3260,3576,4300,5596,3350,3848,5330,9899,3323,3687,4735,6784,9.10529,31.0753,8.94814,47.9693
92688,3140,3530,4027,4518,3285,3714,5017,7676,3377,3772,5289,8602,3271,3548,4205,4982,1.52066,24.8896,8.77566,47.9687
92689,4705,8132,7904,4727,4171,4992,5048,4142,3535,3816,3859,3526,3271,3449,3449,3326,-33.8099,-0.00335229,8.52835,48.0347
92690,5874,4542,3741,3304,9747,5136,3734,3377,6390,4594,3641,3394,4078,3788,3384,3019,-5.9829,-27.6036,8.79928,47.8287
92691,3290,3346,3397,3269,3571,3937,3979,3760,4076,5460,6011,4421,4478,6733,7572,4996,19.3542,1.98845,8.60755,48.1973
92692,3465,4288,8016,9761,3460,4021,5323,5944,3239,3551,3883,3928,2998,3154,3479,3446,-24.6125,17.5543,8.94622,47.9707
92693,10442,7950,4295,3497,5701,4960,3937,3450,3974,3818,3543,3166,3356,3377,3217,3048,-29.7839,-18.5993,8.78619,47.8207
92694,3287,3574,4521,5298,3348,3822,5441,8976,3251,3671,4954,7059,3285,3377,4040,4420,-3.16831,23.5143,8.87558,48.216
92695,3247,3355,3360,3194,3549,3661,3827,3564,4258,5375,4969,4178,4960,8330,7685,4564,24.8734,-1.29375,8.57353,48.0507
92696,6175,5696,4138,3361,7498,7114,4238,3581,4701,4690,3682,3295,3778,3708,3453,3178,-11.0926,-16.19,8.86545,48.1907
92697,3564,4115,5481,5053,3626,4619,7963,6359,3479,4091,5019,4589,3258,3453,3794,3761,-8.2467,11.6185,8.56322,48.1493
92698,5595,8265,5621,3969,5072,6590,4847,3858,3885,4168,3635,3448,3342,3371,3333,3346,-18.345,-6.52594,8.84416,48.23
92699,3462,3473,3204,3018,4409,4018,3569,3257,7760,5103,3791,3359,10314,5877,3883,3509,18.6598,-27.335,8.5288,48.004
92700,3000,3215,3482,3467,3275,3536,4098,4454,3412,3963,5452,8296,3453,3889,5739,9475,16.6026,24.284,8.65972,48.1373
92701,4402,6692,7620,4796,4219,5434,6002,4459,3628,3806,3933,3655,3239,3376,3384,3245,-18.9945,1.9449,8.80757,47.9267
92702,3515,4191,7280,11306,3352,3871,4906,6158,3256,3464,3836,3915,3141,3235,3277,3290,-25.485,20.7623,8.9668,47.9953
92703,3099,3185,3483,3383,3398,3465,3927,4052,3474,4029,5185,5492,3633,4369,8613,9393,32.528,16.2794,8.57209,48.12
92704,3404,3972,6246,10587,3376,3813,5112,7377,3183,3449,3960,4271,2990,3330,3440,3387,-20.3219,24.1664,8.62299,47.9313
92705,3229,3365,3665,3783,3195,3610,4183,5060,3351,3908,5790,9219,3323,3848,5326,7392,12.0822,23.113,8.77587,48.1647
92706,3898,4683,4734,4143,4229,6659,6941,4227,4015,4921,5118,3950,3559,3809,3839,3460,-5.63296,0.611578,8.87878,48.1233
92707,3087,3246,3493,3522,3221,3593,4173,4230,3558,4213,6354,6459,3654,4310,7211,7484,17.0824,15.3304,8.64143,47.872
92708,3311,3474,3417,3249,3843,4218,3863,3633,4584,7018,5334,4085,5050,7417,5599,4042,16.2231,-4.47598,8.67696,48.0913
92709,7416,9899,5311,3796,4925,5338,4315,3601,3726,3807,3590,3414,3333,3337,3258,3122,-28.2179,-10.9531,8.69045,48.1253
92710,7043,9819,5631,3859,4835,5221,4390,3788,3745,3781,3605,3394,3415,3460,3270,3258,-31.2494,-9.65607,8.6175,48.3427
92711,3517,4162,6206,9109,3445,4047,5651,7643,3281,3603,4118,4280,3044,3224,3516,3524,-17.6055,21.2052,8.62542,48.2467
92712,3111,3388,3720,3927,3281,3457,4182,5384,3363,3816,5344,10010,3345,3730,4948,7103,9.82182,30.2217,8.94455,48.0727
92713,3269,3629,4021,4667,3406,3797,4975,7737,3268,3784,4957,8257,3284,3559,4271,5001,0.863843,33.9527,8.60626,47.9213
92714,10610,5652,3882,3425,7834,4790,3782,3244,4263,4130,3494,3235,3394,3428,3292,3056,-19.2029,-31.4316,8.57211,47.674
92715,5180,8605,7497,4560,4355,5272,4922,4074,3635,3667,3755,3390,3183,3409,3278,3227,-25.7481,-1.87288,8.79952,48.006
92716,3101,3324,3426,3587,3214,3599,3977,4482,3386,3946,5493,7790,3381,4057,6044,9254,17.2486,22.5329,8.53429,48.0407
92717,3824,3633,3297,3207,5202,4273,3586,3180,9508,5686,3854,3358,7136,5055,3879,3287,10.6176,-24.2596,8.81052,47.9767
92718,3277,3539,3729,3545,3402,3856,4896,4555,3662,4812,7980,6176,3624,4315,5881,5284,9.79957,10.7287,8.67818,48.3553
92719,3977,5137,6478,4762,3903,5732,7817,4787,3528,4200,4579,4094,3216,3468,3436,3456,-12.4261,4.63228,8.90932,48.38
92720,4865,5047,4039,3604,6292,7780,4665,3644,5026,5383,4086,3497,3790,3822,3605,3284,-5.97201,-12.0463,8.71157,48.286
92721,5316,4604,3696,3331,8771,5550,3831,3363,6658,5032,3796,3310,4171,3909,3570,3203,-3.81124,-21.8686,8.90997,48.074
92722,3390,3364,3296,3073,3808,3807,3469,3298,6085,4717,3690,3327,12884,6040,3829,3452,29.9177,-30.0614,8.78484,47.686
92723,6936,6754,4322,3476,6838,6824,4294,3634,4368,4193,3660,3425,3593,3444,3376,3233,-14.7916,-15.0254,8.92588,48.2467
92724,4188,4686,4253,3493,5132,7715,5181,3813,4613,5742,4585,3700,3779,4020,3784,3448,-3.79372,-6.32084,8.85325,48.088
92725,3325,3264,3370,3285,3438,3756,3886,3594,3956,4932,5869,4594,4209,6380,8565,5382,21.3201,4.08995,8.66903,47.87
92726,5258,5366,4124,3441,6629,7785,4495,3569,4821,5119,3968,3506,3921,3853,3359,3181,-7.84664,-13.338,8.56062,48.2633
92727,3330,3781,4917,5249,3483,4231,6756,7935,3366,3965,5259,5817,3261,3450,4034,4074,-5.86397,17.2479,8.73256,48.6053
92728,3265,3463,3519,3361,3741,4335,4327,3783,4295,6451,7161,4417,4221,5819,6089,4430,12.7803,0.918373,8.87733,48.4513
92729,3495,4301,7579,10571,3429,3920,5140,5869,3270,3533,3813,3978,3163,3201,3411,3286,-29.8711,19.3921,8.51035,47.9727
92730,3906,3602,3322,3146,5604,4332,3678,3288,10089,5135,3824,3354,7024,4913,3799,3399,9.7477,-28.0634,8.99376,48.2767
92731,3710,4175,4129,3844,4202,5933,5945,4203,4085,5884,6152,4262,3788,4231,4158,3755,-0.00839134,0.873279,8.9089,48.304
92732,4576,4192,3562,3299,7459,5854,3954,3362,7333,5700,4016,3331,4540,4256,3520,3274,-0.421939,-19.2012,8.77373,48.152
92733,7975,9371,4961,3749,4962,5195,4207,3601,3829,3832,3618,3359,3358,3368,3268,3135,-29.6087,-12.3739,8.60198,47.8587
92734,3223,3445,3418,3172,3711,3819,3826,3636,4352,5455,5453,4183,4810,7688,7402,4727,21.5652,-0.608686,8.54886,48.2133
92735,3792,3884,3475,3274,4980,4868,3847,3394,7200,7370,4375,3528,5678,5493,3978,3431,8.8911,-15.0276,8.58214,48.378
92736,3714,3492,3285,3093,4799,4239,3604,3228,8868,5511,3809,3338,8254,5563,3895,3431,13.9975,-24.0879,8.5598,48.082
92737,3210,3364,3384,3227,3533,3732,3688,3571,4212,4935,4850,4154,4957,8648,7933,4640,30.9014,-1.12238,8.59893,48.0253
92738,3198,3406,3917,4269,3263,3587,4591,7079,3425,3678,4988,9615,3337,3572,4339,5568,3.87703,30.6397,8.96666,47.888
92739,3332,3600,4112,4378,3370,3891,5778,6467,3479,4031,6264,7454,3358,3738,4373,4745,1.79541,17.3823,8.92189,48.2467
92740,3285,3501,4044,4356,3423,3840,5205,6519,3483,3863,5975,8167,3362,3644,4473,5176,3.25073,20.3762,8.75823,48.2107
92741,3128,3589,4168,4656,3467,3829,5018,7869,3404,3896,5099,8032,3289,3610,4175,4921,0.355879,24.7127,8.55338,48.1
92742,3206,3318,3366,3369,3522,3765,3906,3712,3846,4678,5210,4613,4122,6454,9474,5587,33.954,5.26254,8.55709,48.0987
92743,6754,8208,4899,3777,5579,6268,4561,3671,3999,4142,3692,3329,3388,3425,3308,3174,-19.1789,-11.4474,8.55111,48.116
92744,3200,3486,3806,3851,3403,3633,4615,4934,3495,4092,7006,7576,3443,3994,5351,5965,9.6209,16.4129,8.75295,47.9
92745,3062,3212,3301,3297,3233,3640,3805,3889,3527,4045,5302,5262,3733,4873,9377,8286,30.2556,13.6592,8.96185,47.896
92746,3130,3319,3365,3324,3394,3735,3837,3723,3838,4895,5853,4685,4183,6387,9119,5556,22.1043,5.28561,8.71888,48.2287
92747,3465,3415,3213,3199,4260,3951,3555,3162,7992,5211,3878,3382,10161,5851,3880,3330,18.585,-24.9754,8.97214,47.9367
92748,3151,3244,3377,3309,3275,3634,3861,3854,3574,4252,5254,5122,3765,5118,9492,7760,28.6879,12.2686,8.69202,48.028
92749,3938,3772,3464,3241,5082,4925,3914,3404,7492,7251,4341,3508,5507,5209,3979,3514,7.78203,-15.6016,8.80337,48.3607
92750,4613,5637,4532,3636,5471,8152,5234,3874,4286,4834,4027,3589,3776,3791,3618,3317,-8.94536,-7.78792,8.6588,48.258
92751,3523,3474,3204,3106,4443,4001,3475,3210,8199,5152,3737,3303,9670,5937,4016,3491,17.0122,-25.2967,8.93788,47.9607
92752,3516,3422,3219,3107,4219,3989,3536,3211,6820,6113,4007,3528,8658,7176,4392,3528,18.6506,-17.2963,8.81175,48.294
92753,4164,5631,6796,4916,4151,5575,7029,4662,3678,4004,4187,3840,3259,3379,3430,3406,-14.9507,3.51607,8.85701,48.0713
92754,3788,4077,3756,3380,4933,6101,4485,3648,5406,7615,4927,3708,4376,4720,4043,3528,2.88366,-8.44426,8.62591,48.3273
92755,3461,3412,3100,3192,3993,3655,3424,3219,5886,4751,3795,3285,12862,6092,3713,3384,32.6221,-27.5976,8.98332,47.4827
92756,10518,5735,3931,3473,8200,4994,3943,3321,4199,3940,3526,3254,3504,3422,3215,3229,-18.6809,-26.5931,8.7398,48.2693
92757,4127,6248,7860,5114,4040,5367,6479,4601,3504,4016,4051,3788,3332,3344,3488,3355,-18.2396,3.42836,8.76965,48.476
92758,3540,4120,6887,11376,3369,3833,5031,6449,3257,3462,3888,3910,3013,3273,3389,3353,-24.3764,21.9735,8.77972,48.1
92759,3212,3289,3350,3259,3540,3734,3655,3657,4036,4653,5017,4196,4596,7612,8919,5016,28.1427,1.4921,8.60953,47.8273
92760,8776,8946,4697,3521,5382,5312,4082,3705,3806,3857,3552,3280,3490,3439,3273,3059,-28.1723,-14.3179,8.6854,48.118
92761,3411,3322,3262,3120,3880,3909,3495,3181,6044,5043,3893,3434,10721,7493,4237,3549,25.964,-19.8425,8.69627,47.996
92762,5846,7509,5109,3802,5374,7304,4746,3764,3882,4282,3779,3426,3437,3507,3340,3203,-16.1369,-9.05875,8.86674,48.2067
92763,3340,3941,6474,12191,3456,3670,4813,6232,3288,3469,3775,3953,3095,3235,3485,3439,-27.2537,24.98,8.81708,47.904
92764,3921,4392,4198,3749,4544,6777,5688,4006,4196,5976,5352,4009,3730,4025,4050,3668,-1.71299,-2.40904,8.76772,48.1873
92765,3315,3969,5687,10247,3315,3807,5092,8146,3189,3495,3958,4337,3121,3324,3387,3416,-18.0696,32.717,8.90923,47.87
92766,3337,3713,3756,3737,3665,4449,5341,4310,3855,5342,8026,5191,3672,4411,5278,4455,6.96288,6.26628,8.63558,48.3587
92767,3295,3488,4054,4205,3439,3848,5636,6653,3367,3913,6011,7529,3262,3838,4563,5016,2.23331,18.4788,8.86042,48.078
92768,3136,3233,3429,3393,3331,3694,3807,3835,3510,4079,5217,5393,3692,4641,8890,8431,28.2522,14.5308,8.54988,47.8073
92769,3374,3642,4624,5005,3458,4088,6622,7675,3368,3933,5530,5890,3293,3549,4015,4211,-4.00578,17.1458,8.61804,48.1847
92770,3305,3666,4300,5146,3400,3758,5118,9059,3309,3719,4849,7239,3295,3415,3938,4410,-2.70952,32.8799,8.5807,47.9507
92771,3007,3155,3425,3549,3182,3495,3746,4110,3394,3851,5229,6546,3427,4131,6973,10493,21.9799,20.8959,8.65489,47.8087
92772,3132,3462,3854,3627,3519,3897,4751,4765,3484,4473,7790,6844,3366,4119,5600,5494,8.88233,13.7299,8.98604,48.118
92773,3676,3811,3421,3214,4463,5000,4061,3604,5870,7998,4934,3676,5022,5651,4338,3635,8.53879,-10.0836,8.51561,48.2493
92774,3167,3373,3687,3838,3222,3688,4518,5246,3466,4120,6153,8737,3373,3920,5176,6299,9.56967,20.1678,8.89068,47.9887
92775,7326,8914,4950,3745,5496,5984,4363,3644,3904,3946,3625,3278,3399,3403,3320,3144,-21.4345,-11.9435,8.84018,48.294
92776,3443,3390,3224,3030,4041,3919,3510,3278,7090,4990,3846,3403,11840,5827,3876,3420,22.3298,-28.0868,8.6025,48.0847
92777,3322,4100,6730,11931,3363,3882,4756,5909,3215,3378,3917,3987,3114,3225,3514,3490,-29.8514,23.4777,8.60234,47.8887
92778,3396,3836,6134,12271,3349,3747,4856,6446,3189,3410,3841,4020,3117,3314,3322,3428,-25.5411,29.0589,8.59358,47.784
92779,3006,3309,3602,3662,3252,3465,4199,4649,3413,3922,5636,8405,3355,4031,5764,8541,15.1467,22.4689,8.93524,48.1407
92780,3176,3347,3424,3384,3401,3604,4076,3898,3610,4332,6172,5360,3721,4947,8593,6984,20.1689,11.436,8.78174,48.0193
92781,10306,8007,4342,3540,5607,5070,3949,3388,3879,3892,3463,3311,3409,3354,3210,3156,-30.538,-18.6251,8.62429,47.922
92782,4184,3901,3479,3130,6395,4740,3660,3304,9142,5819,3839,3342,5568,4691,3796,3258,5.27904,-22.386,8.96423,48.1653
92783,3498,3528,3463,3045,4258,4358,3869,3561,5900,7686,4706,3728,5633,6769,4611,3665,13.4305,-10.6522,8.89443,48.1853
92784,3348,3323,3265,3254,3675,3811,3726,3489,4493,5216,4638,3985,5321,9522,6583,4120,33.8287,-4.71871,8.61887,47.846
92785,3318,3808,4893,6595,3336,3782,5401,9726,3316,3691,4433,5890,3102,3378,3841,3890,-8.49286,27.6812,8.72011,48.2667
92786,3227,3153,3369,3337,3300,3528,3889,3908,3342,3794,4950,5711,3393,4322,7766,10737,29.4833,19.0638,8.52443,47.8173
92787,3556,3773,3657,3330,4151,4957,4454,3759,5009,8010,5843,3942,4401,5360,4610,3764,7.88063,-4.81119,8.7866,48.384
92788,3183,3391,3950,4188,3331,3652,4709,6408,3347,3945,5754,9233,3276,3584,4575,5650,5.05623,22.857,8.9676,48.1173
92789,3885,4119,3661,3323,5047,6258,4364,3584,5497,7687,4752,3560,4427,4752,4033,3414,3.14817,-9.61072,8.96669,48.242
92790,3166,3204,3368,3355,3226,3509,3939,3964,3330,3908,4923,5835,3353,4107,7108,11441,30.9044,22.047,8.60977,47.824
92791,3249,3317,3569,3621,3343,3563,4114,4850,3356,3728,5090,8924,3398,3787,5241,8933,14.6989,31.6594,8.9873,48.0553
92792,9251,8173,4471,3400,5992,5635,4003,3466,4097,3926,3616,3247,3280,3454,3264,3148,-22.6603,-16.4043,8.98825,48.282
92793,6753,9649,5449,3715,4963,5222,4350,3664,3777,3862,3594,3388,3448,3481,3294,3201,-32.4329,-9.86182,8.52674,47.8733
92794,3668,4228,5382,4609,3856,5000,8062,5516,3589,4173,5300,4480,3371,3565,3893,3712,-7.04547,8.5806,8.70265,48.2693
92795,3038,3324,3305,3349,3169,3404,3853,3708,3512,3833,5083,5797,3390,4262,7859,10747,29.7847,19.0748,8.98519,47.7553
92796,5415,9417,6562,4095,4508,5230,4719,3869,3600,3824,3798,3461,3434,3386,3363,3159,-33.7226,-4.41178,8.71733,47.8933
92797,3408,3486,3241,3057,4381,3980,3578,3305,8021,5016,3817,3488,9903,5599,4048,3430,17.59,-32.4454,8.58376,47.8387
92798,3980,5243,6152,4663,4128,5720,7435,4901,3655,4148,4423,3882,3325,3572,3663,3352,-12.5479,4.01828,8.64002,48.1613
92799,5563,9048,6447,4272,4514,5749,4740,3843,3644,3924,3754,3480,3306,3338,3299,3211,-22.4677,-4.98646,8.73124,48.088
92800,3151,3371,3394,3294,3576,3685,3787,3547,3924,4811,4998,4368,4373,7456,9156,5099,32.9305,2.68444,8.86916,47.9933
92801,3951,5580,9504,6208,3748,4499,6058,5015,3293,3660,3866,3690,3117,3307,3440,3312,-21.8554,8.22806,8.97552,48.1653
92802,11655,7109,4054,3439,5864,4896,4041,3299,3916,3919,3418,3230,3517,3352,3305,3141,-31.1514,-21.5337,8.64722,48.1033
92803,3466,3910,6481,12310,3374,3694,4762,6156,3183,3459,3808,3882,3122,3199,3414,3475,-27.8974,25.1082,8.81584,47.7967
92804,3918,4030,3728,3437,4803,6137,4258,3631,5466,7608,4737,3634,4534,4741,4048,3489,3.14244,-9.56657,8.58112,48.1327
92805,5515,8619,5981,4007,4809,6245,4901,3930,3766,3878,3799,3560,3291,3406,3321,3086,-20.0198,-5.82924,8.7366,48.076
92806,3065,3430,3451,3628,3327,3597,4400,4527,3525,4249,6690,7543,3424,4134,6130,6872,13.1716,16.7384,8.99203,47.9947
92807,2978,3263,3423,3297,3198,3555,3886,3773,3577,4156,5190,5085,3634,5012,9728,8186,28.6324,12.5783,8.92574,47.9607
92808,4708,8270,8409,4763,4294,5024,4815,4238,3547,3852,3814,3510,3299,3298,3309,3264,-32.5606,-0.144924,8.79344,48.276
92809,3160,3259,3373,3465,3324,3508,4049,4396,3296,3741,5009,7981,3316,3997,5757,10347,18.1828,28.7249,8.75659,47.9853
92810,5322,8480,6756,4271,4633,5792,5052,3899,3625,3910,3766,3547,3387,3347,3382,3223,-21.9976,-3.446,8.58811,48.2613
92811,3259,3379,3293,3089,3728,3836,3689,3398,4689,5334,4493,3751,6210,9629,6133,4055,25.6654,-6.8926,8.91521,47.9767
92812,10085,8164,4249,3492,5635,4976,3993,3508,3924,3898,3522,3215,3390,3392,3178,3070,-32.509,-17.3503,8.76679,47.794
92813,7302,5802,4173,3428,8031,6298,4046,3421,4813,4274,3493,3362,3608,3612,3364,3041,-13.1926,-18.7232,8.87384,48.0453
92814,3152,3419,3857,4101,3349,3751,4723,6176,3349,3923,5854,9131,3300,3694,4655,5800,5.70767,22.77,8.62032,48.156
92815,3245,3476,4062,4280,3395,3874,4725,6953,3310,3756,5105,9332,3275,3678,4348,5271,3.52315,33.4289,8.76626,48.0567
92816,11663,6136,4027,3396,6743,4954,3811,3405,4159,3886,3427,3232,3376,3446,3203,3055,-22.7012,-26.061,8.67697,47.946
92817,12232,6624,3962,3399,5954,4759,3828,3365,3927,3825,3484,3106,3445,3422,3132,3138,-28.2497,-24.3783,8.87568,47.7347
92818,3465,4034,5988,12152,3372,3721,4944,6633,3255,3430,3866,3993,3077,3244,3397,3349,-24.0279,29.5699,8.58514,47.9467
92819,3482,4170,6366,9170,3423,3888,5591,7654,3222,3581,3975,4420,3121,3238,3424,3449,-17.3718,20.7092,8.91162,48.116
92820,3703,3621,3297,3034,5046,4110,3543,3264,9606,5375,3878,3401,7933,5053,3820,3468,12.1647,-27.9415,8.69223,48.1013
92821,3310,3525,3740,3658,3686,3989,4793,4102,3820,5145,8014,5263,3701,4593,5885,4744,10.1943,7.03086,8.56379,47.9787
92822,3547,4391,6918,7904,3495,4132,6219,6833,3276,3548,4178,4376,3164,3247,3544,3502,-17.0118,16.7417,8.53773,48.1827
92823,3384,3428,3505,3442,3529,3909,4353,3821,4065,5556,7329,4732,4099,5450,6875,5002,14.3686,4.58303,8.80242,48.3193
92824,3466,3668,3715,3429,3965,4953,4633,3818,4495,7317,6634,4226,4063,4958,4973,4050,7.42567,-1.23239,8.9432,48.242
92825,3856,4146,3923,3625,4379,6247,5185,3922,4555,7070,5469,3955,4075,4407,4110,3600,1.48102,-3.68654,8.95106,48.3493
92826,3662,3767,3719,3488,3968,5138,4850,3823,4532,7400,6418,4142,4037,4974,4754,3934,6.43671,-1.76091,8.85981,48.404
92827,3457,3416,3306,3152,3708,3791,3692,3409,4759,5151,4479,3793,6198,9706,5829,3954,32.785,-7.74697,8.54401,47.8667
92828,3386,3350,3325,3176,3673,3830,3518,3401,4695,5204,4452,3880,5972,9798,6202,4053,32.9107,-6.15768,8.81702,47.9433
92829,3282,3441,3621,3518,3591,4220,4686,4033,4139,5817,7742,4846,3766,5008,5921,4518,10.4742,4.3773,8.70736,48.0993
92830,3349,3696,4836,6307,3355,3880,5450,9687,3243,3623,4521,5909,3128,3530,3772,4025,-7.63401,25.0012,8.83132,48.2073
92831,3459,3659,3511,3221,4082,4542,4058,3607,5056,7815,5432,3786,4947,6328,4916,3904,12.6053,-6.39812,8.82759,48.2153
92832,3198,3172,3409,3372,3283,3387,3686,3989,3356,3762,4803,6153,3494,3992,6109,12324,25.667,33.1714,8.6887,47.6593
92833,3134,3274,3375,3337,3256,3636,3952,4239,3390,4103,5734,6337,3581,4335,7532,8978,20.2801,17.4583,8.81301,48.1287
92834,5026,6033,4479,3738,5691,8259,5061,3600,4353,4658,4010,3560,3473,3655,3348,3132,-10.493,-9.18468,8.94664,48.0507
92835,3328,3369,3280,3132,3769,3765,3607,3392,5044,5313,4173,3470,7400,9715,5257,3783,31.7944,-11.1602,8.91472,47.8647
92836,3796,4591,5783,4739,3669,5320,8343,5351,3408,4185,4771,4127,3386,3622,3657,3538,-9.57824,7.26777,8.88336,48.1907
92837,4242,6669,9403,5689,3862,4688,5357,4569,3540,3653,3870,3651,3202,3222,3357,3317,-24.9442,5.03935,8.7472,48.194
92838,3294,3535,3581,3369,3721,4050,4160,3663,4219,6198,6719,4392,4414,5930,6456,4571,14.773,1.60463,8.53184,48.1813
92839,4877,5007,3937,3440,6676,7310,4291,3489,5352,5503,3979,3500,4060,3957,3444,3260,-5.15293,-13.8049,8.8826,48.0547
92840,3306,3709,4195,4521,3364,3931,5797,6643,3440,4117,6160,7021,3331,3760,4325,4677,0.999966,17.2571,8.73745,48.198
92841,3469,3631,3605,3366,4169,4795,4123,3500,5351,8032,5382,3867,4847,6029,4587,3789,10.2642,-7.22519,8.51317,48.3613
92842,3367,3290,3247,3097,3972,3797,3352,3185,6507,4934,3830,3443,12056,5967,4035,3397,24.8269,-30.5185,8.54242,47.6507
92843,3198,3243,3316,3328,3468,3690,3822,3651,3831,4610,5278,4473,4173,6811,9768,5538,26.9644,4.43496,8.99985,48.132
92844,3504,3534,3180,3174,4553,4184,3706,3181,8058,5917,4098,3414,8261,6036,4045,3467,15.3276,-20.5461,8.90295,48.208
92845,3087,3242,3325,3374,3259,3472,3675,3827,3493,3657,4770,5947,3407,3987,5990,12580,31.3114,31.8813,8.92709,47.3947
92846,3145,3290,3539,3552,3321,3620,4202,4558,3495,3984,6346,7963,3507,4124,5995,7256,13.6064,18.7009,8.76026,47.9313
92847,3220,3455,3644,3612,3371,3987,4578,4148,3775,5032,8050,5539,3743,4657,6436,5085,12.2278,8.53163,8.83379,48.2213
92848,3249,3699,4141,4848,3310,3786,5067,8424,3538,3687,4887,7771,3292,3533,4155,4663,-0.925475,33.401,8.60797,48.0333
92849,12328,5779,3890,3403,5990,4814,3753,3343,3967,3703,3433,3207,3525,3431,3298,3112,-33.1946,-32.3973,8.68061,47.3173
92850,3305,3299,3318,3114,3362,3732,3911,3599,3878,4931,5487,4459,4239,6955,9133,5496,23.759,3.84825,8.99266,48.1453
92851,3737,3930,3811,3451,4410,5738,4680,3766,4875,7783,5491,3946,4231,4976,4175,3612,4.25149,-5.39804,8.84726,48.408
92852,3194,3430,3937,4238,3330,3648,4813,6842,3400,3839,5297,9452,3328,3632,4421,5461,4.27559,26.5508,8.77693,48.1747
92853,12428,6239,3915,3408,6375,4810,3833,3328,4021,3715,3480,3230,3412,3393,3220,3143,-25.0566,-26.5548,8.99648,47.9667
92854,7421,5196,3787,3331,9893,5189,3821,3350,5164,4197,3590,3274,3711,3631,3369,3212,-11.2231,-30.8672,8.63947,48.0907
92855,3300,3390,3452,3331,3752,3928,3822,3650,4389,6373,5635,4261,4962,7416,6332,4264,17.3644,-2.37275,8.76481,48.1713
92856,3584,4555,8239,9693,3361,3935,5389,5617,3381,3470,3842,4036,3175,3275,3403,3432,-25.9302,17.1644,8.626,48.258
92857,4239,3931,3427,3147,6912,4721,3785,3299,9283,5190,3872,3356,5477,4499,3551,3322,3.98428,-33.8273,8.568,48.0073
92858,9735,6455,4076,3469,7406,5357,3906,3484,4234,4008,3522,3233,3503,3375,3283,3153,-19.2335,-21.4764,8.85753,48.1327
92859,5157,8550,6908,4485,4416,5684,5023,4109,3662,3885,3802,3491,3256,3387,3402,3150,-22.2125,-2.9708,8.54186,48.2447
92860,3326,3596,4061,4347,3399,3923,5600,6308,3553,4068,6240,7342,3313,3768,4465,4712,2.41586,17.9923,8.53578,48.014
92861,4165,5548,5791,4323,4317,6394,7111,4609,3840,4288,4387,3870,3379,3563,3720,3448,-11.2654,1.4746,8.50827,48.502
92862,3383,3911,6150,12758,3261,3801,4806,6108,3132,3430,3871,3995,3070,3310,3324,3388,-28.1969,29.2293,8.77412,47.7987
92863,3339,3365,3232,3037,3900,3702,3530,3305,5379,5631,4235,3549,8102,9471,4833,3609,24.759,-13.0673,8.99352,48.146
92864,4852,6110,4725,3805,5255,8215,5306,3860,4208,4673,4022,3543,3488,3642,3292,3279,-11.0113,-7.22425,8.98462,48.1833
92865,5431,9109,6746,4227,4465,5513,4955,3942,3658,3811,3705,3452,3156,3423,3352,3261,-23.9775,-4.25104,8.63296,48.1373
92866,6803,4891,3726,3360,9815,5238,3744,3397,5617,4267,3502,3217,3906,3756,3321,3052,-9.16603,-32.3467,8.59179,47.7413
92867,5704,9446,6562,4156,4519,5474,4724,3934,3701,3817,3714,3403,3225,3313,3358,3207,-24.6007,-5.19298,8.87728,48.1713
92868,8119,9274,4862,3626,5155,5279,4212,3509,3867,3897,3563,3310,3291,3421,3134,3103,-33.4585,-12.9667,8.57329,47.748
92869,4688,6663,5491,3982,4651,7173,5870,4065,3910,4390,4094,3736,3428,3486,3352,3360,-13.7533,-3.38563,8.86636,48.226
92870,3650,3797,3576,3272,4373,5308,4308,3624,5302,8336,5342,3770,4425,5232,4318,3767,7.17997,-7.09716,8.96451,48.2667
92871,3191,3322,3450,3469,3312,3550,4005,4335,3473,4075,5797,7241,3431,4095,6510,9005,17.9127,19.5438,8.59318,48.174
92872,3369,3496,3553,3423,3745,4228,4373,3877,4080,6321,7020,4575,4260,5635,6000,4541,12.1643,1.59816,8.9279,48.3307
92873,4120,6542,9789,5933,3947,4562,5222,4596,3301,3692,3682,3705,3168,3332,3331,3229,-29.2107,5.7574,8.89015,48.1007
92874,3368,3817,5766,9829,3365,3837,5170,8225,3332,3587,3887,4364,3142,3329,3471,3567,-17.3287,24.8146,8.78054,48.0373
92875,5099,6954,5170,3926,5100,7458,5122,3922,4069,4460,4006,3456,3506,3541,3405,3160,-14.2145,-6.53728,8.73248,48.236
92876,3309,3827,5222,7765,3291,3829,5070,9598,3196,3606,4107,5015,3089,3409,3626,3686,-12.0454,29.4013,8.8579,47.7633
92877,10707,7081,4208,3341,6718,5290,3936,3470,3947,3861,3541,3261,3414,3394,3277,2976,-22.2509,-21.312,8.92374,48.2813
92878,3512,3804,4239,3998,3652,4727,6651,4914,3700,4849,7095,5188,3430,3949,4475,4163,1.21472,8.24054,8.80298,48.2307
92879,3324,3496,4124,4708,3329,3677,4919,8217,3294,3617,4961,8321,3306,3559,4281,4790,0.46681,31.5143,8.88731,47.9487
92880,7348,5596,3997,3391,8486,6106,3926,3399,4782,4425,3591,3323,3731,3590,3295,3093,-12.775,-20.4364,8.5274,48.0527
92881,3168,3407,3910,4108,3276,3617,4688,6479,3370,3905,5535,9308,3302,3654,4596,5791,5.62437,23.9943,8.65717,48.076
92882,4038,5955,9142,6036,3714,4622,5870,4806,3387,3698,3849,3735,3167,3412,3279,3263,-23.0252,6.96998,8.51526,47.982
92883,3535,4257,7982,10159,3453,4059,5169,5569,3222,3535,3967,3909,3084,3140,3333,3384,-32.6842,17.692,8.6604,47.838
92884,7736,6562,4139,3524,7346,6201,4172,3522,4376,4225,3497,3295,3489,3579,3306,3095,-15.9575,-17.9204,8.87988,48.0427
92885,3179,3304,3215,3308,3578,3658,3644,3449,4225,5083,5013,4209,4897,8521,8035,4652,26.1333,-0.560421,8.58579,47.98
92886,3156,3398,4179,4527,3318,3605,4869,7564,3336,3772,5230,9104,3199,3622,4310,5175,2.45461,26.9532,8.9763,48.2427
92887,6266,9724,5839,3883,4704,5598,4330,3828,3773,3879,3550,3408,3411,3298,3255,3135,-24.6853,-7.97602,8.9857,47.9207
92888,3279,3856,5397,8417,3353,3822,5115,9230,3203,3560,4237,4887,3135,3249,3582,3664,-13.4373,32.4098,8.80456,47.9907
92889,3074,3213,3373,3395,3211,3384,3805,3997,3354,3850,4812,6342,3420,3826,6092,12504,25.2761,29.9418,8.78292,47.768
92890,3607,4466,5406,4793,3781,5077,8198,5627,3465,4127,5158,4450,3287,3589,3900,3693,-8.21464,8.71789,8.75955,48.416
92891,3275,3454,3453,3342,3521,3943,3872,3749,4070,5281,5967,4415,4363,6789,8052,4953,19.8517,2.55589,8.83879,48.3327
92892,3438,3533,3562,3380,3878,4349,4057,3644,4725,7275,5692,3933,4798,6555,5368,4067,13.5448,-3.61889,8.55985,48.1693
92893,3081,3208,3438,3491,3240,3434,3894,4283,3478,3875,4959,7489,3428,3818,5863,10635,19.7273,29.089,8.63042,47.7427
92894,3190,3426,3995,4385,3429,3567,4794,7229,3382,3716,5220,9304,3198,3566,4373,5271,3.72179,27.5111,8.8758,48.03
92895,3177,3326,3417,3386,3278,3515,3728,3948,3265,3768,4715,6061,3387,3956,5933,12650,30.5921,30.4564,8.67211,47.6733
92896,3533,4280,6585,6855,3445,4268,6739,7195,3176,3689,4142,4357,3133,3304,3426,3575,-14.4668,15.376,8.86319,47.8013
92897,3182,3255,3635,3691,3256,3587,4116,4985,3268,3820,5181,9580,3345,3738,5214,8162,13.2215,27.7969,8.84804,48.01
92898,3089,3294,3418,3396,3325,3509,3871,3929,3440,4073,5220,6346,3502,4112,7212,10609,24.0361,21.2033,8.72469,48.23
92899,3143,3441,4122,4222,3333,3705,4917,6516,3419,3976,5966,8870,3265,3649,4530,5477,4.45877,21.2337,8.97026,48.3673
92900,3548,4250,7237,8617,3456,4063,5773,6910,3224,3560,3948,4242,3102,3337,3496,3517,-18.7845,17.9769,8.67389,48.1867
92901,3457,3813,5779,10871,3393,3766,4919,7505,3315,3541,3992,4160,3193,3268,3393,3483,-19.9476,32.0635,8.66519,47.8987
92902,3384,4065,5837,7954,3487,4039,6030,8248,3198,3572,4107,4739,3092,3431,3462,3670,-14.2533,21.0901,8.51128,48.21
92903,5036,4192,3571,3242,8693,5117,3801,3275,7689,4915,3724,3408,4730,4084,3574,3109,-1.49342,-26.2176,8.80074,48.1067
92904,3463,3847,4464,4245,3715,4736,7336,5360,3688,4590,6700,4919,3362,3742,4202,4017,-1.4004,8.67917,8.99064,48.2573
92905,3977,4144,3841,3443,5055,6406,4404,3690,5406,7472,4662,3630,4319,4590,4052,3514,2.36909,-9.63811,8.66075,48.4033
92906,3573,3512,3246,3095,4398,3906,3564,3305,8136,5175,3682,3420,9985,5823,3859,3369,18.114,-25.9934,8.86813,48.032
92907,4633,7111,7145,4670,4354,5649,5865,4323,3658,3961,3870,3581,3363,3310,3470,3213,-18.5294,0.273006,8.55427,48.1173
92908,5277,4748,3700,3343,8289,6251,4051,3349,6079,5166,3778,3331,4161,3903,3581,3196,-4.90478,-19.2382,8.80023,48.1353
92909,4674,7993,8700,4807,4152,4984,4987,4141,3551,3732,3709,3532,3255,3349,3358,3180,-30.579,0.624686,8.88184,48.0693
92910,3276,3213,3547,3434,3382,3758,4242,4232,3634,4547,7102,5809,3784,4791,7345,6114,15.2519,10.6675,8.62913,48.14
92911,3751,5001,7967,6270,3680,4602,6747,5651,3399,3637,4134,4014,3142,3296,3518,3516,-17.4114,10.5082,8.62524,48.2167
92912,3073,3240,3499,3407,3239,3378,4018,4184,3400,3855,5227,7462,3288,3975,6447,10135,19.3445,22.8001,8.89448,47.8847
92913,3582,4993,9267,7839,3594,4095,5655,5405,3377,3588,3859,3806,3218,3258,3411,3297,-24.1389,12.3983,8.70181,48.1627
92914,3185,3382,3344,3215,3334,3681,4071,3793,3550,4345,5669,5091,3759,5365,9505,6994,24.3436,10.18,8.56472,48.1887
92915,12118,6558,4093,3380,6344,4845,3806,3393,3986,3862,3467,3181,3277,3377,3235,3065,-26.3646,-23.9634,8.95674,47.9913
92916,4864,4334,3707,3309,8273,5706,3803,3472,7154,5196,3877,3441,4554,4307,3530,3251,-1.90904,-21.6484,8.96513,48.5187
92917,6076,4607,3730,3404,9795,5460,3909,3261,6141,4496,3775,3259,4074,3860,3356,3102,-6.69437,-26.865,8.7444,48.2033
92918,3325,3899,5345,6409,3480,3994,6652,8479,3470,3762,4633,5094,3064,3347,3766,3818,-10.0102,18.9998,8.58839,48.358
92919,4317,3906,3406,3243,7060,4797,3707,3397,9405,5157,3823,3330,5479,4518,3645,3178,3.65431,-31.2008,8.88223,48.2453
92920,12951,6010,3922,3393,6041,4745,3849,3274,3735,3624,3483,3169,3385,3360,3269,3207,-28.0349,-31.1565,8.89178,47.6113
92921,4382,4109,3519,3138,7339,4915,3650,3263,9220,5128,3747,3385,5204,4300,3439,3265,2.94435,-27.256,8.77823,48.002
92922,3407,4203,7468,10983,3426,3967,4994,5801,3333,3512,3811,3984,3084,3264,3351,3315,-30.1143,20.2941,8.65735,47.9353
92923,3058,3189,3319,3348,3301,3548,3855,3976,3472,3995,5310,5431,3681,4554,8618,9064,26.5361,15.1121,8.65786,47.8127
92924,12519,5845,3876,3374,6200,4837,3759,3460,3898,3831,3450,3274,3388,3434,3197,3223,-33.2597,-29.499,8.64299,47.71
92925,3273,3618,3755,3657,3496,4053,5034,4454,3715,4778,8094,5924,3561,4271,5658,4941,8.51628,10.1566,8.50792,48.188
92926,3238,3452,3905,4159,3295,3553,4772,6450,3284,3815,5401,9485,3308,3609,4629,5813,5.51532,24.6293,8.91793,48.112
92927,8616,8021,4494,3615,6136,5666,4107,3579,4122,3877,3578,3355,3313,3469,3182,3053,-21.2733,-16.4022,8.78575,48.122
92928,5007,8310,6681,4355,4437,5978,5206,4104,3674,3962,3836,3510,3336,3380,3330,3212,-20.297,-2.86325,8.78797,48.212
92929,3454,3557,3425,3331,3955,4461,4035,3573,5013,7340,5309,3851,5134,6630,5224,3869,13.5226,-5.96558,8.63734,48.1073
92930,3659,3658,3300,3118,5243,4265,3627,3203,9522,5439,3871,3444,7459,5113,3837,3416,11.5901,-25.9133,8.72267,48.116
92931,3337,3444,3205,3177,3955,3957,3545,3225,5802,5193,3978,3500,9752,8116,4385,3589,26.615,-17.1346,8.54866,48.1067
92932,3223,3469,3726,4201,3370,3756,4583,6534,3376,3851,5197,9558,3326,3625,4520,5717,5.62994,32.4318,8.60968,48.0213
92933,3657,3835,4077,3732,3890,4961,5733,4285,4028,5796,7154,4562,3581,4257,4459,4094,3.33956,2.86831,8.84234,48.0673
92934,3577,4577,8130,7602,3610,4333,6172,6093,3222,3579,4004,4106,3197,3221,3363,3481,-19.287,14.2008,8.63322,48.178
92935,3180,3313,3392,3407,3432,3699,4068,3925,3745,4812,6396,5008,3889,5451,8786,5883,19.28,7.81515,8.85438,48.2573
92936,3284,3953,5909,11518,3547,3876,4971,7183,3135,3441,3803,4148,3026,3117,3370,3467,-21.6165,28.1676,8.91864,47.832
92937,3277,3400,3987,4444,3333,3708,4826,7136,3343,3807,5152,9236,3242,3575,4415,5411,3.38107,29.2036,8.74007,48.1947
92938,3496,3722,4255,3995,3562,4520,6590,5173,3586,4473,7232,5444,3459,3944,4418,4231,1.20468,9.58751,8.81702,48.0667
92939,9521,8208,4528,3519,6077,5281,4061,3425,4003,3881,3547,3203,3325,3415,3162,3055,-23.6372,-17.0843,8.85837,48.1407
92940,3283,3334,3281,3149,3573,3886,3737,3435,4500,5230,4696,3979,5564,9419,6733,4268,27.6878,-4.41783,8.56384,48.0447
92941,3231,3245,3568,3711,3256,3629,4344,4451,3553,4248,6538,7267,3528,4256,6548,7382,14.7738,17.1525,8.77739,48.5033
92942,3469,4048,5732,6127,3516,4101,6974,7797,3257,3690,4548,4776,3192,3436,3610,3802,-10.5404,16.1669,8.85732,48.05
92943,3363,3441,3250,3026,4085,3855,3484,3248,6236,4853,3711,3305,12457,6244,3964,3356,26.5698,-26.7951,8.91874,47.9187
92944,5854,8222,5393,4058,5025,6677,4849,3823,3909,4090,3713,3434,3300,3441,3279,3138,-18.1314,-7.83718,8.56117,48.1367
92945,3380,3900,6031,12837,3387,3718,4707,6025,3164,3380,3784,3881,3166,3245,3444,3334,-31.1167,29.1405,8.83408,47.5887
92946,5563,8732,6006,4125,4685,6067,4833,3888,3845,3957,3827,3438,3294,3369,3355,3291,-20.5209,-5.71698,8.81588,48.1833
92947,3640,3807,3681,3401,4323,5365,4483,3730,4806,7743,5875,3995,4322,4946,4553,3731,6.33045,-4.46179,8.59826,48.2673
92948,3934,6026,9921,6399,3765,4417,5265,4727,3304,3560,3755,3757,3150,3231,3508,3248,-28.5882,7.69598,8.57637,47.978
92949,7122,8429,4852,3653,5634,6276,4404,3547,4004,4107,3595,3416,3423,3360,3224,3080,-19.2849,-12.3105,8.97882,48.084
92950,3796,3975,3924,3654,4185,5681,5295,3975,4365,6671,6079,4086,4000,4397,4304,3750,2.33815,-1.56095,8.61598,48.0913
92951,5065,4270,3607,3263,8998,5013,3718,3495,7559,4749,3725,3363,4415,3970,3479,3236,-1.98574,-30.227,8.77678,47.95
92952,3437,3912,5368,6292,3372,4052,6587,8619,3317,3755,4588,5111,3186,3471,3774,3860,-9.83081,18.8175,8.92922,48.4673
92953,3331,3772,4937,7502,3386,3779,5256,10016,3356,3655,4171,5362,3177,3336,3520,3720,-11.0164,30.7437,8.85703,48.184
92954,3158,3353,3466,3586,3384,3703,4172,4279,3599,4266,6774,6680,3470,4443,6946,6969,15.2273,14.8336,8.70859,48.1653
92955,3412,4004,5981,9903,3429,3848,5350,7798,3205,3440,3923,4364,3110,3280,3384,3455,-18.0954,24.2967,8.63202,47.924
92956,3526,3784,3993,3583,3769,4862,5449,4253,4049,6111,7479,4658,3689,4361,4882,4153,5.1694,3.20217,8.71081,48.4007
92957,4508,7703,9130,5041,4047,4751,4969,4293,3540,3669,3670,3603,3298,3329,3410,3190,-29.257,1.84671,8.89544,48.1007
92958,3116,3227,3380,3408,3329,3587,3903,4010,3558,4118,5897,5569,3712,4720,8576,7819,21.0591,13.2565,8.9856,47.9527
92959,5990,9567,6276,4073,4597,5599,4562,3843,3685,3799,3570,3385,3356,3369,3311,3166,-24.9896,-6.19589,8.75651,48.0987
92960,4895,8101,7330,4585,4370,5616,5221,4131,3543,3856,3765,3517,3316,3376,3360,3249,-21.8206,-1.73152,8.80109,48.154
92961,3032,3258,3537,3535,3280,3550,3988,4405,3470,3789,5100,8594,3439,3730,5523,9790,16.5294,33.3859,8.89641,48.0133
92962,3348,3802,4741,6450,3391,3907,5330,10099,3353,3692,4402,5670,3149,3460,3583,3739,-8.2062,33.6623,8.86406,48.0773
92963,4906,5509,4449,3580,5831,8305,4752,3688,4520,5079,3958,3528,3638,3704,3538,3191,-8.3654,-9.8707,8.78187,48.1173
92964,3389,3396,3223,3224,4023,3763,3428,3194,5965,4667,3865,3381,12458,6031,3977,3491,29.9329,-28.1805,8.62388,47.65
92965,4888,8371,8063,4636,4260,5049,4886,4162,3561,3811,3853,3548,3270,3290,3310,3200,-27.0764,-0.566405,8.78781,48.1053
92966,5949,5065,3829,3292,8703,6599,4073,3376,5645,4654,3663,3351,4004,3756,3361,3141,-8.04012,-19.4567,8.88556,48.3073
92967,5454,7261,5279,3907,5064,7148,5188,3887,3841,4420,3862,3570,3388,3507,3383,3175,-15.4486,-6.72023,8.67272,48.2227
92968,4255,3876,3519,3184,6420,4483,3713,3249,9773,5283,3729,3354,5770,4526,3655,3326,5.56005,-30.2178,8.53318,48.0767
92969,3646,3565,3312,3107,4769,4119,3468,3280,9461,5162,3831,3427,8241,5261,3787,3336,13.1498,-29.467,8.80401,47.848
92970,3443,3748,3624,3439,3813,4684,4628,3818,4461,7133,6760,4273,4149,5263,5079,4103,8.77566,-0.710876,8.99395,48.2787
92971,3349,3357,3282,3197,3840,3870,3640,3366,5017,5508,4355,3616,7056,9488,5359,3791,24.5323,-10.6464,8.85333,48.0607
92972,3338,3823,5695,9934,3352,3788,5231,8190,3264,3466,4007,4480,3176,3308,3559,3548,-17.506,29.4507,8.5385,48.106
92973,3221,3413,3974,4098,3197,3779,4586,6225,3367,3860,5569,9169,3338,3767,4653,5722,6.02475,24.2334,8.57391,47.9587
92974,3406,3373,3073,3082,3924,3740,3542,3209,6264,4754,3668,3460,12165,6454,3927,3471,25.7167,-24.4406,8.80225,47.6747
92975,3149,3312,3428,3566,3440,3640,4128,4221,3484,4328,6476,6361,3648,4404,7282,7378,16.9586,15.061,8.92567,48.1633
92976,3421,3458,3193,3177,3997,3756,3559,3231,5581,5070,3880,3435,10568,7796,4113,3487,31.3286,-18.9138,8.88457,47.8147
92977,3129,3204,3458,3382,3347,3590,4133,4122,3464,4069,5807,6594,3527,4346,7429,8374,19.1653,16.4588,8.5348,47.9833
92978,3396,3925,5798,12230,3412,3673,4721,6000,3300,3450,3729,3838,3270,3318,3399,3498,-33.5572,33.477,8.5798,47.3047
92979,3463,4342,7070,8874,3551,4090,5843,6763,3283,3481,4089,4155,3099,3270,3374,3440,-18.8583,18.175,8.81293,48.1247
92980,9508,5480,3820,3343,8732,5197,3784,3368,4544,4062,3400,3302,3505,3501,3339,3087,-16.0234,-32.8316,8.8973,47.9813
92981,4619,4341,3634,3241,7608,5388,3891,3357,7749,5463,3830,3354,4622,4273,3684,3261,0.193359,-21.2663,8.91724,48.21
92982,3115,3309,3333,3373,3338,3577,3942,3843,3572,4412,6072,5432,3708,5179,8924,7007,20.8553,11.261,8.95332,48.0907
92983,3097,3214,3454,3365,3191,3482,3894,3970,3363,3794,4822,6009,3390,4037,6667,11933,30.8097,23.7395,8.55846,47.788
92984,4231,4113,3502,3281,6441,5545,3813,3331,7864,6226,3906,3456,5074,4605,3659,3373,3.12157,-18.5323,8.75756,48.28
92985,11078,6312,3962,3444,6921,4975,3845,3377,4283,3997,3454,3115,3580,3421,3213,3127,-21.3692,-24.0189,8.71732,48.0693
92986,3080,3167,3448,3448,3440,3711,3942,4032,3542,4321,6123,5958,3753,4647,8217,7782,20.3224,14.0584,8.62359,48.4073
92987,3064,3286,3424,3463,3248,3477,4068,4459,3362,3757,5029,8761,3346,3887,5602,9574,16.1446,31.1241,8.98156,47.8713
92988,3943,4797,4763,3728,4233,6870,6814,4336,3957,4979,5125,3981,3527,3773,3862,3522,-5.68732,-0.562465,8.55386,48.14
92989,8523,9039,4619,3578,5446,5205,3946,3511,3972,3925,3504,3381,3370,3342,3308,3133,-33.6257,-13.974,8.80276,47.868
92990,10976,7736,4276,3343,5770,5091,3826,3355,3939,3828,3523,3169,3346,3269,3212,3064,-27.2643,-19.4512,8.9993,47.8153
92991,3272,3572,4365,4751,3410,3766,5429,7853,3311,3729,5439,7714,3317,3608,4201,4750,-0.0460866,21.5883,8.94942,48.3247
92992,4521,5005,4201,3569,5390,7973,5104,3865,4460,5664,4269,3666,3796,3928,3680,3352,-5.3276,-7.89411,8.78963,48.2953
92993,3375,3819,5465,9501,3356,3818,5197,8903,3218,3537,4008,4649,3127,3182,3438,3537,-15.9403,30.3076,8.91388,48.0867
92994,3381,3835,5238,8169,3398,3776,5363,9219,3219,3545,4114,4852,3272,3296,3613,3564,-13.4454,32.1692,8.53983,47.9027
92995,3139,3392,3819,4026,3308,3684,4655,5592,3462,3989,6161,9028,3286,3800,4942,6176,7.9371,21.2267,8.6336,48.306
92996,8260,8549,4713,3517,5620,5633,4093,3515,3888,3850,3574,3201,3418,3384,3306,3068,-22.4441,-14.6044,8.63076,47.726
92997,4021,3844,3496,3282,5237,5547,3996,3542,6980,7405,4467,3525,5024,4981,3923,3474,5.18441,-14.054,8.84239,48.496
92998,3432,3402,3284,3128,4151,3853,3447,3241,7344,5003,3854,3407,11224,6023,3977,3501,21.261,-27.1145,8.8554,48.1807
92999,3176,3226,3372,3339,3233,3559,3816,3786,3458,4036,5119,5371,3534,4749,9151,8462,30.2922,13.7248,8.8192,47.5913
93000,7969,5630,4056,3424,8479,5868,4018,3463,4748,4205,3565,3142,3648,3465,3389,3195,-13.8555,-21.4931,8.59746,48.176
93001,3260,3393,3411,3162,3605,3881,4113,3754,4106,5668,6218,4546,4318,6486,7373,4831,18.0244,1.92518,8.89625,48.0833
93002,4251,5756,5732,4251,4324,6696,6818,4392,3788,4419,4287,3799,3374,3472,3468,3435,-12.1836,0.365335,8.82366,48.1747
93003,4963,4059,3650,3307,8625,4936,3800,3371,7958,4880,3804,3388,4569,4059,3550,3243,-1.14254,-30.5514,8.71649,48.108
93004,3389,4034,5965,12200,3434,3713,4964,6670,3209,3457,3705,3884,3096,3238,3403,3373,-24.7764,31.4997,8.60721,47.8227
93005,3439,4112,5999,6314,3542,4194,6947,7272,3318,3854,4449,4560,3156,3348,3673,3782,-12.1723,15.5172,8.51255,47.9727
93006,4548,4439,3840,3442,6073,6825,4361,3555,5607,6075,4107,3574,4308,4113,3801,3345,-1.64761,-12.9219,8.52065,48.0087
93007,3006,3237,3429,3480,3235,3456,3832,4169,3327,3889,5213,6740,3356,4099,6714,10774,21.9294,22.1476,8.56749,47.9707
93008,6724,4977,3821,3253,9781,5567,3735,3256,5517,4416,3578,3248,3944,3632,3459,3178,-9.05449,-25.7009,8.74619,48.0573
93009,4313,5292,4849,3904,4632,7626,6119,4111,3948,4995,4512,3668,3519,3805,3662,3441,-8.16331,-3.01251,8.69535,48.264
93010,3388,3427,3536,3378,3575,4032,4209,3812,4197,6084,6805,4411,4441,5765,6396,4466,14.1015,1.61011,8.75331,47.948
93011,3408,3369,3184,3140,3992,3782,3433,3285,6274,4762,3836,3348,12374,6372,3919,3317,26.8115,-25.772,8.80884,47.8633
93012,3053,3271,3447,3472,3255,3480,3912,4176,3291,3901,5101,7407,3495,4006,6311,10695,20.3136,24.2852,8.77153,48.182
93013,7088,5110,3886,3332,9315,5693,3937,3438,5228,4321,3592,3266,3788,3565,3297,3085,-10.8338,-23.4832,8.69172,47.9607
93014,4559,4046,3579,3175,7811,4912,3733,3238,8723,5000,3740,3312,4898,4223,3627,3280,1.17914,-27.954,8.93392,47.904
93015,3471,4011,7020,10601,3469,3913,5314,6713,3216,3494,3825,3974,3121,3138,3345,3335,-22.087,20.7617,8.80227,47.9733
93016,3254,3274,3526,3425,3351,3802,4287,4022,3567,4442,6755,5852,3796,4706,7572,6556,16.6492,11.9999,8.87642,48.1247
93017,4024,3712,3386,3199,5971,4387,3644,3265,10153,5257,3832,3354,6305,4584,3743,3261,7.65321,-32.1921,8.93037,48.0513
93018,3256,3361,3361,3326,3474,3582,3841,3740,3726,4357,5542,4880,3839,5491,9740,6863,25.1156,9.72309,8.7045,48.2527
93019,6217,9717,6092,3995,4671,5493,4536,3818,3779,3845,3648,3348,3339,3401,3304,3143,-25.5725,-7.01068,8.68989,48.2307
93020,3345,3816,5254,8497,3382,3819,5277,9350,3207,3530,4194,4763,3163,3213,3517,3650,-13.6358,28.9935,8.85729,47.9847
93021,3056,3259,3352,3373,3180,3435,3714,3892,3301,3743,4738,6182,3400,3939,5873,12838,27.7384,30.7059,8.96151,47.5167
93022,3398,3430,3211,3059,3805,3929,3605,3355,5531,5777,4218,3625,7592,9080,5039,3628,22.7205,-12.7313,8.93006,48.188
93023,3879,4178,3955,3603,4377,6261,5143,3797,4631,6976,5403,3916,3952,4405,4170,3666,1.73162,-4.10143,8.91128,48.208
93024,3456,3603,3299,3111,4237,3942,3434,3276,7424,5102,3838,3408,10551,6368,4085,3408,19.7986,-22.883,8.96627,48.3613
93025,5755,5064,3795,3398,8618,6508,4075,3477,5509,4690,3672,3331,3915,3838,3476,3193,-7.49403,-18.7135,8.96852,48.2093
93026,2974,3233,3414,3533,3253,3573,3788,4157,3374,3830,5228,7085,3466,4153,6688,10285,20.4035,21.6811,8.97623,48.0227
93027,3416,3562,3734,3519,3763,4603,4921,4004,4176,6387,7538,4525,3948,4913,5214,4279,8.05806,2.39238,8.68438,48.3347
93028,5340,8402,6197,4112,4660,6228,5141,3980,3766,4104,3879,3495,3421,3425,3341,3185,-19.7188,-4.80701,8.83291,48.4507
93029,4714,8281,8390,4769,4151,4938,4924,4216,3463,3697,3836,3675,3226,3336,3437,3304,-33.2025,0.300367,8.56358,48.238
93030,3274,3540,3434,3280,3974,4155,3980,3485,5013,7289,5216,3855,5247,7333,5412,3886,15.7081,-6.01074,8.91498,48.2487
93031,3336,3758,4804,6843,3299,3844,5439,9722,3293,3635,4403,5536,3182,3407,3688,3882,-9.27666,26.4257,8.57858,48.0473
93032,3858,3834,3446,3175,5159,4856,3765,3395,7546,7362,4249,3578,5543,5314,3845,3424,7.83053,-15.5516,8.77519,48.2327
93033,3304,3302,3342,3219,3630,3798,3650,3358,4554,5307,4620,3884,5702,9564,6483,4161,30.8946,-5.23332,8.53648,47.9187
93034,3722,4717,7580,6794,3657,4391,6679,5943,3325,3721,4158,4102,3131,3252,3430,3490,-17.6482,12.4826,8.94255,48.0613
93035,3629,3608,3474,3152,4308,4528,3834,3412,6019,7622,4649,3688,5827,6456,4595,3675,12.705,-11.4865,8.84146,48.3173
93036,3491,3408,3278,3286,3916,3813,3397,3245,5992,4713,3700,3348,12422,5721,3780,3370,33.9455,-30.744,8.66739,47.2533
93037,3339,3455,3515,3420,3592,4019,4239,3789,4123,5851,6889,4648,4211,6003,6799,4712,15.0888,2.53822,8.82886,48.4027
93038,4654,7956,8733,4995,4134,4893,4939,4223,3548,3757,3791,3565,3152,3349,3407,3305,-29.7624,1.0627,8.62313,48.2673
93039,3378,4000,6138,12386,3374,3862,4827,6190,3205,3513,3829,3959,3094,3212,3368,3501,-28.1341,26.8428,8.52724,47.8907
93040,7042,4973,3825,3335,9712,5367,3915,3423,5730,4463,3574,3179,3786,3634,3398,3041,-9.88974,-24.8878,8.97761,48.2647
93041,3352,3328,3197,3205,3990,3842,3449,3185,6250,4886,3956,3450,11779,6782,4010,3426,26.8983,-23.4173,8.80343,48.058
93042,3327,3380,3186,3046,3945,3873,3621,3190,6121,4890,3865,3460,11895,6677,4093,3381,28.1629,-23.0514,8.55215,47.9667
93043,3704,5154,9802,7620,3679,4116,5005,5048,3316,3544,3886,3813,3092,3196,3239,3488,-31.1029,11.5628,8.98452,47.8013
93044,4147,3844,3442,3161,6178,4856,3685,3295,8899,6070,4000,3357,5608,4684,3749,3504,5.50358,-21.145,8.68128,48.3193
93045,3305,3760,4679,4678,3459,4151,7027,6910,3421,4022,5812,5742,3259,3756,4107,4193,-2.87532,14.8105,8.8838,48.1873
93046,5780,10046,6407,3979,4519,5015,4566,3879,3724,3846,3580,3429,3258,3429,3341,3319,-33.9675,-5.5947,8.95782,48.078
93047,6839,4911,3789,3263,9893,5197,3747,3391,5712,4278,3595,3342,3906,3690,3285,3222,-9.0863,-30.9666,8.75335,48.04
93048,3217,3311,3291,3351,3551,3718,3795,3604,4149,4948,4971,4184,4970,8099,8228,4911,27.2235,0.146125,8.72764,48.1987
93049,4027,3954,3578,3287,5084,5693,4240,3417,6203,7571,4624,3566,4764,4899,3830,3495,4.68981,-11.8357,8.64158,48.1547
93050,3140,3359,3829,4115,3330,3577,4451,6316,3320,3875,5292,9819,3318,3754,4537,6024,6.54005,26.6244,8.80116,48.0373
93051,4921,4593,3816,3377,7198,6823,4133,3453,5809,5606,4076,3527,4201,3970,3521,3272,-3.67641,-16.0355,8.60437,48.1973
93052,3595,3960,3701,3492,4253,5573,4554,3693,4996,7983,5455,3846,4345,4948,4215,3694,5.28903,-5.6808,8.72211,48.202
93053,3038,3201,3413,3390,3315,3317,3808,3988,3368,3679,4782,6417,3423,3869,6215,12518,26.6078,26.9667,8.51278,47.8273
93054,3425,4091,7227,11312,3425,3837,4892,5902,3122,3436,3724,3945,3077,3230,3373,3391,-30.7714,21.518,8.5616,47.606
93055,3283,3301,3298,3472,3216,3364,3698,3898,3347,3768,4701,5967,3394,3985,5867,12600,30.3251,30.8192,8.97963,47.4393
93056,4962,8483,8153,4819,4053,4966,4868,4096,3541,3784,3923,3445,3166,3416,3285,3288,-29.3684,-0.498807,8.91202,48.1653
93057,3700,3649,3375,3152,4497,4376,3643,3239,7641,6659,4161,3439,7066,6047,4112,3391,13.2344,-17.5234,8.64593,48.098
93058,3075,3248,3435,3466,3225,3591,3767,3857,3431,4073,5166,5584,3462,4559,8527,9597,26.7081,16.5266,8.61404,48.042
93059,3051,3191,3370,3380,3256,3376,3804,3922,3432,3960,5038,5580,3586,4581,8679,9524,29.1551,16.2731,8.8031,47.82
93060,3161,3250,3417,3301,3334,3633,3844,3823,3754,4446,5276,4638,3892,5863,9864,6287,28.0035,7.9062,8.51184,47.8553
93061,3156,3319,3396,3229,3564,3712,3624,3531,4057,4911,4938,4141,4725,8444,8385,4745,30.5531,-0.134547,8.78619,47.918
93062,7754,6684,4310,3427,7074,6217,4086,3479,4514,4287,3609,3235,3586,3465,3255,3153,-16.1667,-17.3746,8.5693,48.09
93063,3595,4423,7599,7547,3615,4189,6279,6137,3247,3707,4112,4140,3144,3239,3528,3489,-17.9318,14.4539,8.72049,47.9933
93064,3547,3526,3316,3158,4330,4053,3568,3315,7065,5926,4123,3514,7976,6805,4220,3640,16.939,-17.6334,8.68353,48.0547
93065,5859,4600,3641,3261,9759,5250,3858,3371,6463,4656,3653,3279,4153,3870,3391,3212,-5.70901,-26.0928,8.67045,48.184
93066,4828,5286,4112,3632,6058,7954,4632,3555,4645,5352,4108,3510,3711,3845,3536,3341,-6.86658,-10.3355,8.52057,48.07
93067,3299,3297,3411,3339,3429,3750,3811,3659,3887,4877,5025,4263,4547,7684,8864,5089,28.9137,1.83926,8.60231,48.154
93068,3129,3334,3655,3899,3179,3678,4234,5208,3379,3852,5487,9547,3332,3924,5171,7294,11.1852,24.1974,8.94411,48.2013
93069,3456,4546,8532,9609,3394,4000,5133,5435,3236,3513,3932,3940,3049,3227,3335,3346,-28.5769,16.2688,8.74453,47.7887
93070,6345,4612,3733,3384,9823,5425,3745,3294,6049,4507,3659,3270,4117,3799,3349,3193,-7.4152,-27.3612,8.57334,48.2027
93071,3502,4219,7232,10870,3416,3864,5015,6097,3266,3493,3892,3970,3168,3227,3374,3336,-26.1736,20.9321,8.55597,47.9607
93072,3678,4582,6426,5401,3698,4914,8067,5629,3447,3846,4593,4300,3282,3379,3627,3562,-12.0724,9.48683,8.93114,48.2873
93073,5418,5591,4174,3540,6753,7769,4445,3574,4679,5005,3885,3413,3736,3670,3399,3235,-9.05045,-13.4693,8.93398,48.1907
93074,11399,5853,3936,3383,7012,4884,3810,3329,4223,3843,3504,3261,3444,3430,3303,3136,-22.1046,-29.4052,8.63641,47.8333
93075,9642,8277,4499,3516,5806,5358,3978,3486,3990,3904,3514,3299,3338,3275,3160,3145,-25.0148,-16.9091,8.99654,48.1247
93076,3249,3476,3909,4171,3389,3738,4758,6861,3377,3759,5157,9387,3189,3521,4514,5482,4.25465,32.2386,8.69743,47.958
93077,3201,3343,3584,3801,3252,3641,4465,5236,3377,3929,6186,8930,3460,3940,5268,6763,10.0168,20.8385,8.71765,48.2507
93078,3645,3622,3274,2990,4751,4278,3593,3192,8810,5914,4003,3453,7836,5545,3922,3332,13.422,-21.6013,8.84249,48.1067
93079,3069,3154,3332,3393,3322,3414,3872,4107,3356,3833,4911,6729,3414,4064,6318,11307,22.4186,24.4868,8.75912,47.73
93080,3072,3270,3330,3411,3221,3489,3861,4001,3344,3750,4697,6639,3352,3887,6044,12131,24.1774,29.7705,8.75392,47.666
93081,3132,3423,3643,3850,3355,3687,4474,5277,3432,3900,5859,9261,3361,3747,5161,6857,10.2809,22.7255,8.66166,48.2793
93082,12319,6003,3981,3433,6509,4873,3860,3259,3876,3842,3423,3209,3400,3282,3294,2979,-24.4937,-30.8378,8.69028,47.6947
93083,4051,6033,9865,6180,3691,4532,5345,4718,3469,3621,3860,3726,3207,3254,3401,3356,-27.5877,6.89704,8.5052,48.206
93084,8440,5566,3911,3421,8648,5567,3906,3366,4670,4018,3564,3352,3647,3612,3320,3085,-14.6562,-23.1584,8.80936,48.062
93085,5430,4963,3849,3445,8243,6532,4022,3477,5731,4920,3761,3411,4043,3866,3504,3215,-6.45636,-18.8601,8.50565,48.2747
93086,3070,3293,3708,3684,3329,3551,4442,4742,3316,3937,6187,8242,3466,3945,5884,7362,13.2125,19.7489,8.67622,48.1053
93087,4815,6956,6015,4210,4516,6895,5770,4146,3763,4193,3980,3550,3408,3464,3510,3303,-15.3144,-2.75927,8.94463,48.3293
93088,4526,4053,3630,3316,7173,5397,3828,3373,7939,5813,3908,3385,4980,4203,3564,3321,1.27015,-20.6632,8.96688,48.2727
93089,4655,4033,3497,3139,7865,5150,3719,3282,8613,5117,3720,3366,4991,4194,3539,3303,1.14458,-26.4075,8.95554,48.122
93090,3089,3170,3516,3433,3221,3506,3784,3951,3387,3978,5039,5770,3425,4306,7750,10577,28.4944,19.454,8.56523,47.9347
93091,5598,8760,6217,4139,4734,6130,4804,3876,3794,3959,3755,3330,3300,3407,3258,3209,-20.3356,-5.36249,8.72376,48.18
93092,3965,4736,4474,3811,4402,7026,6454,4232,4039,5536,5105,3988,3659,3814,3752,3589,-4.43802,-1.1321,8.95224,48.388
93093,4183,5100,5554,4301,4181,6530,7280,4543,3798,4344,4590,3914,3398,3588,3653,3427,-10.2361,1.79761,8.71975,48.256
93094,10362,5708,3880,3495,7921,4878,3836,3449,4289,3976,3544,3319,3515,3402,3285,3142,-18.5582,-30.0208,8.50541,48.0007
93095,10767,7790,4282,3557,5769,5165,3951,3374,3987,4058,3459,3205,3353,3347,3318,3100,-27.7029,-19.3423,8.56301,48.3213
93096,3568,4872,9328,8250,3526,4040,5324,5370,3313,3526,3847,3887,3146,3308,3348,3355,-28.6716,13.437,8.84041,48.0053
93097,3486,4046,6171,8313,3484,3975,5783,7985,3220,3573,4126,4556,2990,3336,3446,3569,-15.7878,20.8165,8.62885,48.0393
93098,4981,4254,3669,3241,8509,4976,3697,3434,7780,4870,3793,3370,4562,3961,3536,3300,-1.62993,-32.6588,8.53556,47.9553
93099,3987,4203,4023,3519,4661,6634,5333,3864,4633,6768,5270,3932,3956,4235,3981,3574,0.0856232,-4.30774,8.99321,48.382
93100,5082,6669,4901,3793,5274,7761,5229,3869,4128,4541,4048,3425,3424,3559,3452,3219,-12.6285,-7.28479,8.97457,48.2493
93101,3172,3205,3309,3388,3207,3470,3861,4178,3327,3752,5040,7357,3448,3744,5871,11301,20.6734,30.5891,8.99013,47.7533
93102,4675,5475,4414,3700,5548,8271,5157,3804,4346,5194,4174,3591,3556,3634,3623,3212,-8.39862,-8.06044,8.96978,48.2493
93103,4650,4216,3523,3259,7700,4877,3708,3344,8486,5062,3688,3329,5083,4236,3673,3274,1.33235,-25.9003,8.6112,48.072
93104,3281,3348,3196,3185,3896,3747,3499,3337,6020,4759,3723,3321,12726,6030,3882,3294,31.8835,-29.2761,8.76969,47.496
93105,3980,5157,6912,5211,3833,5218,7459,5206,3613,3861,4339,3963,3265,3365,3610,3485,-14.3863,6.71758,8.81625,48.318
93106,11868,6037,3749,3399,6961,4819,3798,3418,4172,3822,3438,3219,3487,3328,3223,3156,-22.698,-29.5791,8.78002,47.9293
93107,3401,3370,3251,3162,3772,3810,3455,3253,6241,4775,3712,3424,12722,6048,3917,3366,27.6665,-30.938,8.88436,47.786
93108,3280,3325,3454,3512,3235,3711,4246,4267,3561,4106,6465,6941,3493,4229,6824,7616,16.1302,16.5868,8.93132,48.1767
93109,4000,4310,3823,3502,5045,7061,4840,3682,4980,6867,4697,3742,3982,4293,3954,3483,-0.235706,-7.93759,8.81896,48.174
93110,3801,3680,3362,3192,5323,4241,3598,3198,9858,5297,3775,3389,7230,4988,3732,3311,10.6536,-32.0016,8.90547,47.9833
93111,3638,4200,4954,4536,3802,5297,8191,5318,3651,4388,5489,4501,3399,3547,3964,3769,-5.65861,7.21395,8.8841,48.4293
93112,3381,3862,5098,7238,3415,3928,5650,9536,3264,3658,4380,5324,3183,3263,3563,3714,-10.6009,23.1865,8.82969,48.3047
93113,3263,3954,5064,5388,3453,4315,7165,7457,3381,3751,5131,5310,3280,3469,3876,3864,-6.92108,15.6023,8.62356,48.0807
93114,3106,3567,3809,3781,3341,3824,4740,4748,3676,4466,7726,6693,3442,4307,5743,5469,9.28073,12.9813,8.58398,48.292
93115,3156,3226,3364,3300,3382,3596,3860,3887,3645,4376,5304,4937,3800,5509,9916,7018,26.9704,9.69669,8.5369,48.184
93116,6025,8695,5564,3923,5085,6302,4591,3791,3814,4039,3787,3381,3418,3402,3390,3187,-19.9086,-8.42269,8.51768,48.2627
93117,3181,3265,3508,3462,3255,3442,4060,4371,3353,3843,5164,8440,3369,3825,5703,9907,17.0059,26.6372,8.93018,48.0987
93118,8646,5953,4001,3378,8078,5699,3867,3559,4495,4104,3597,3259,3511,3552,3208,3078,-15.765,-21.3541,8.94781,47.99
93119,4880,4055,3546,3148,8471,5268,3790,3312,8141,4977,3642,3306,4706,4032,3636,3209,-0.59926,-26.2893,8.96465,48.0793
93120,3235,3360,3763,3760,3392,3922,5018,4850,3631,4376,7505,7038,3493,4065,5560,5478,8.96106,14.1737,8.77142,48.2973
93121,3762,4746,6729,5287,3756,4873,7783,5532,3528,3815,4511,4255,3194,3342,3433,3534,-12.7586,9.02681,8.86501,48.0533
93122,3344,3490,3396,3075,3615,3873,3706,3376,4515,5762,4756,3901,5709,9358,6159,4065,23.0857,-5.71058,8.87052,48.0667
93123,3070,3376,3354,3277,3489,3685,3832,3668,3657,4562,5353,4677,4037,6116,9875,6163,32.7163,6.55398,8.91449,48.1273
93124,3298,3382,3452,3358,3767,4004,3854,3420,4607,6163,5410,3940,5029,7801,6512,4313,18.7891,-3.02169,8.72206,48.2067
93125,3300,3547,3821,3727,3407,3971,5346,4638,3616,4818,8018,5873,3475,4208,5369,4817,7.29893,9.84494,8.65748,47.9673
93126,3278,3269,3508,3671,3389,3471,4151,4986,3419,3863,5116,9383,3398,3792,5319,8211,13.0427,30.8167,8.69222,48.1493
93127,4643,8111,8473,4738,4178,4926,4974,4090,3531,3799,3708,3485,3235,3401,3353,3163,-30.4983,0.295836,8.81517,47.872
93128,3098,3299,3404,3395,3179,3566,3866,4092,3468,3833,5257,6522,3392,4055,7140,10488,22.9757,20.1982,8.78473,48.036
93129,12130,6638,3974,3403,6137,4724,3656,3304,3872,3713,3387,3341,3318,3381,3306,3015,-27.9703,-24.1782,8.92353,47.5327
93130,3512,3484,3171,3126,4266,3960,3486,3188,7890,5089,3867,3368,10354,5875,3850,3425,18.7842,-27.072,8.71116,47.9407
93131,4403,4901,4165,3587,5357,7832,5156,3693,4662,5803,4449,3571,3856,3911,3765,3366,-4.29762,-7.76446,8.85617,48.318
93132,5461,6445,4391,3597,6365,7727,4665,3615,4381,4693,3812,3358,3633,3646,3404,3288,-11.921,-11.5488,8.64603,48.3207
93133,8783,9160,4817,3734,5415,5162,4052,3487,3937,3996,3494,3224,3380,3346,3131,3081,-26.0973,-14.4643,8.98444,48.1327
93134,4309,6359,8104,5220,4083,5243,6162,4483,3488,3748,3973,3652,3168,3352,3377,3311,-19.5037,3.28033,8.98819,48.0213
93135,12312,6398,3915,3314,6123,4787,3754,3375,3914,3724,3362,3267,3445,3373,3203,3214,-32.6443,-24.6427,8.85119,47.6533
93136,4475,7230,7548,4686,4207,5601,5861,4169,3578,3859,3940,3660,3328,3293,3492,3266,-19.4226,0.781009,8.82163,48.1287
93137,3242,3346,3260,3165,3871,3815,3439,3283,6319,4654,3921,3429,12284,6003,4129,3309,25.8885,-33.5555,8.68557,47.646
93138,3294,3388,3183,3220,3779,3905,3591,3275,5041,5319,4241,3603,7590,9645,5013,3699,30.964,-11.3888,8.50678,47.8573
93139,3375,3834,5688,9697,3372,3967,5369,8230,3230,3550,4145,4681,3072,3176,3530,3466,-16.9564,25.0379,8.79151,48.2547
93140,3152,3454,3831,4086,3360,3731,4540,6284,3367,3876,5388,9792,3158,3662,4696,5969,6.54559,27.0759,8.75734,48.2307
93141,7626,8846,4902,3711,5464,5765,4237,3685,3863,4009,3599,3337,3312,3459,3159,3080,-22.408,-12.8866,8.93208,48.036
93142,3123,3095,3424,3408,3181,3605,3679,3998,3405,3696,4609,6040,3416,3926,6116,12815,30.7861,27.4149,8.95069,47.6907
93143,3189,3410,3705,3606,3437,3806,4563,4154,3780,4693,7857,5710,3604,4591,6648,5585,12.726,10.3838,8.62153,48.2253
93144,3411,3625,3580,3477,3713,4256,4352,3718,4362,6642,6841,4396,4175,5545,5579,4408,11.5526,0.54947,8.66073,48.0533
93145,3357,3461,3512,3263,3625,3945,4136,3694,4221,5945,6552,4468,4292,6326,6757,4705,15.6466,1.64057,8.52271,48.1727
93146,4061,4904,4694,3983,4577,7334,6234,4076,4060,5131,4735,3762,3705,3789,3749,3449,-6.64646,-2.22196,8.51377,48.162
93147,9189,8835,4668,3508,5370,5167,4009,3503,3896,3726,3454,3239,3382,3378,3280,3099,-30.8596,-14.9559,8.95428,47.802
93148,3882,3623,3408,3175,5305,4243,3563,3286,10015,5218,3882,3333,7229,4934,3787,3288,10.4965,-29.3518,8.86918,48.114
93149,3467,3341,3389,3156,3902,3855,3539,3209,5660,5096,4067,3499,9855,8289,4470,3449,27.8721,-17.3604,8.57644,48.162
93150,3196,3361,3475,3346,3462,3704,4061,3777,3913,4863,6228,4695,4098,5956,8617,5517,19.8946,5.93664,8.69853,48.1793
93151,4275,3866,3405,3125,6895,4592,3665,3183,9434,5181,3724,3286,5597,4460,3584,3345,4.64699,-28.2269,8.66424,47.7447
93152,4213,6028,6522,4624,4147,5849,6897,4569,3652,4259,4190,3724,3278,3517,3467,3415,-14.9062,2.12615,8.87105,48.234
93153,10209,7972,4259,3497,5974,5310,3932,3496,3852,3821,3527,3274,3360,3416,3180,3127,-24.1774,-18.2786,8.90737,48.1373
93154,3355,3366,3204,3055,3979,3709,3431,3221,5909,4731,3661,3289,12746,5973,3812,3334,32.0989,-28.0247,8.9513,47.1833
93155,9719,7847,4361,3425,6198,5413,4026,3343,3934,3836,3576,3287,3401,3411,3233,3040,-22.6034,-17.7785,8.97289,48.0333
93156,3408,3968,6206,12389,3307,3826,4983,6169,3143,3376,3736,3958,3007,3265,3276,3478,-26.3891,26.048,8.97146,47.6633
93157,3365,4013,6921,11693,3354,3802,4883,6267,3196,3459,3777,3924,3070,3097,3437,3359,-25.6754,22.7764,8.80369,47.7447
93158,11331,7397,4040,3447,6012,4937,3869,3403,3898,3689,3635,3151,3321,3313,3133,3113,-26.9981,-20.889,8.91422,47.7927
93159,3574,3885,3606,3442,4090,5024,4008,3599,5254,8262,5290,3786,4717,5530,4382,3825,8.77846,-7.01432,8.50917,48.1827
93160,3304,3411,3351,3204,3653,3908,3812,3634,4528,5767,5084,4051,5268,8496,6761,4281,21.4164,-3.30147,8.65888,48.342
93161,3371,3766,5858,12543,3368,3777,4564,5900,3177,3452,3772,3974,3125,3262,3333,3411,-33.5832,32.0145,8.77033,47.102
93162,11517,6170,4070,3285,6930,4991,3769,3300,4181,3849,3494,3192,3447,3370,3200,3110,-23.0654,-25.6061,8.55477,47.9167
93163,3265,3461,3244,3060,3957,3873,3546,3181,5479,5100,4002,3438,9542,8438,4535,3519,29.9066,-16.8273,8.52723,47.76
93164,7844,9617,4983,3674,5062,5299,4167,3520,3792,3828,3517,3293,3382,3521,3361,3108,-30.8911,-12.5765,8.76004,47.9787
93165,4825,7541,7070,4584,4383,5901,5583,4170,3656,3931,3842,3635,3393,3318,3389,3212,-19.527,-0.845574,8.77288,48.2887
93166,4511,5344,4515,3755,5039,8105,5510,4067,4204,5070,4290,3713,3712,3750,3647,3410,-7.45606,-5.97065,8.63636,48.428
93167,3315,3775,5222,7445,3337,3757,5316,9775,3258,3495,4372,5290,3034,3269,3680,3786,-10.8972,27.1978,8.94147,48.084
93168,4735,7338,7587,4733,4219,5523,5761,4215,3567,3881,3935,3638,3273,3403,3326,3273,-20.2309,0.56565,8.67161,48.2713
93169,3626,4157,4346,3909,4062,5898,6428,4286,4123,5726,6179,4249,3548,4039,4385,3802,-0.605599,1.45814,8.8167,48.5087
93170,3558,3485,3238,3003,4442,4050,3493,3203,8545,5130,3837,3394,9590,5469,3882,3354,16.4319,-29.8102,8.70825,47.782
93171,3831,4153,4156,3681,4320,6482,5612,3938,4381,6386,5449,4064,3856,4243,4021,3615,-0.0362001,-2.66446,8.81424,48.1253
93172,9606,8490,4458,3485,5595,5203,3975,3454,3849,3715,3476,3297,3358,3344,3259,3059,-28.0098,-16.8078,8.6486,47.7487
93173,3032,3160,3301,3304,3246,3517,3792,4148,3444,3717,5158,7568,3350,3816,5749,11090,20.2487,33.624,8.77602,47.5947
93174,3544,4061,5199,5141,3498,4313,7532,7060,3446,3902,5293,5184,3209,3503,3866,3861,-6.38676,14.1103,8.75355,48.408
93175,3360,3770,4976,7654,3344,3852,5271,9610,3223,3547,4233,5093,3110,3338,3615,3692,-11.5921,32.1413,8.92889,47.792
93176,3141,3364,3398,3543,3190,3463,4014,4486,3480,3829,5180,8429,3368,3932,5460,9704,16.5022,31.7859,8.69565,47.9873
93177,6767,9828,5654,3859,4875,5318,4472,3673,3709,3848,3710,3321,3264,3356,3253,3237,-29.4391,-9.03957,8.62392,48.096
93178,5423,5913,4456,3660,6256,7830,4792,3628,4439,4770,3900,3449,3606,3730,3433,3152,-10.8876,-11.4956,8.70262,48.2913
93179,9915,8283,4502,3434,5623,5105,3954,3488,3881,3818,3513,3332,3387,3384,3282,3060,-29.3565,-16.9981,8.76338,47.974
93180,3550,3536,3319,3043,4572,4096,3493,3244,8824,5072,3764,3371,9433,5561,3864,3252,15.9226,-28.3026,8.86615,47.996
93181,3327,3467,3290,3288,3709,3993,3779,3492,4912,6814,4919,3847,5773,8172,5551,3926,18.5481,-6.94096,8.70782,48.1727
93182,3391,3886,5475,8641,3421,3772,5392,8944,3353,3514,4103,4716,3081,3285,3496,3717,-14.5515,26.7915,8.65867,48.1247
93183,4371,7035,9008,5215,3970,5000,5595,4554,3481,3593,3748,3595,3201,3256,3462,3345,-23.6102,3.36239,8.97413,48.286
93184,3147,3354,3762,4035,3274,3535,4356,6036,3353,3829,5279,9996,3300,3668,4603,6402,7.56527,29.897,8.73229,47.9527
93185,4126,6100,9363,6118,3761,4595,5574,4731,3418,3597,3884,3830,3094,3258,3335,3374,-23.9393,7.10906,8.56869,48.1053
93186,3381,4103,6476,12545,3307,3785,4762,6087,3125,3351,3770,3865,3156,3247,3384,3335,-28.0099,25.3788,8.98359,47.786
93187,5977,9704,6385,3948,4651,5391,4483,3798,3663,3814,3597,3480,3345,3348,3294,3090,-26.4885,-6.15456,8.70564,47.9787
93188,3271,3706,4703,6534,3438,3735,5186,9898,3272,3667,4423,5789,3192,3426,3662,3994,-8.20789,30.5842,8.91699,47.9307
93189,12401,6357,4029,3363,6001,4840,3695,3456,4034,3772,3315,3277,3403,3420,3128,3175,-30.2377,-26.2251,8.72758,47.7773
93190,3301,3687,4003,3908,3544,4207,5785,4863,3562,4703,8022,5781,3568,4103,4921,4557,4.50046,10.2274,8.9108,48.3433
93191,3369,3775,5895,11534,3449,3876,4842,7187,3277,3446,3842,4118,3082,3259,3372,3439,-21.2378,31.3486,8.72748,47.8413
93192,3084,3247,3398,3442,3163,3505,3898,4075,3355,3844,4840,7275,3366,3927,5831,11459,21.0643,31.3464,8.90796,47.806
93193,3054,3268,3332,3337,3305,3485,3852,3776,3661,4259,5448,5086,3815,5536,9529,7227,27.4792,10.4154,8.59111,47.98
93194,3432,3974,5550,6600,3334,3970,6409,8605,3270,3716,4439,5109,3200,3353,3707,3725,-10.543,19.4686,8.66586,48.262
93195,3438,3469,3474,3267,3878,4392,4044,3549,4835,7349,5695,3992,4761,6581,5260,4105,13.4232,-4.65779,8.78229,48.0593
93196,3215,3368,3582,3307,3479,3855,4052,3933,3872,5021,6779,4764,4091,5678,7823,5284,17.6301,5.30541,8.89979,48.0687
93197,3914,4819,5650,4419,3885,5808,7724,4966,3636,4270,4851,4056,3353,3749,3588,3424,-9.76343,4.14639,8.58382,48.0747
93198,4325,3937,3448,3244,6977,4690,3731,3385,9376,5221,3793,3338,5450,4334,3623,3253,3.85301,-28.8743,8.50774,48.0833
93199,3109,3384,3719,3514,3376,3638,4236,4724,3359,3963,6109,8303,3351,3987,6052,7461,13.6014,19.9879,8.99432,48.19
93200,3504,3464,3294,3181,3895,3750,3448,3269,6106,4727,3712,3369,12183,6002,3899,3299,33.7289,-28.8989,8.6294,47.4013
93201,3443,3689,3573,3383,3796,4557,4662,3875,4504,6986,6820,4275,4252,5146,5202,4077,9.18916,-0.110183,8.52168,48.16
93202,3303,3398,3348,3190,3629,3864,3660,3499,4678,5193,4516,3861,5996,9741,5961,4112,33.1489,-7.13221,8.54785,47.966
93203,3505,4301,8170,10223,3483,3891,4950,5750,3156,3429,3812,3919,3092,3214,3477,3363,-28.7974,18.2324,8.65526,47.8233
93204,3321,3858,5149,6515,3373,3951,6148,8897,3312,3725,4534,5458,3174,3404,3759,3845,-9.66794,21.0614,8.79372,48.282
93205,3079,3223,3439,3320,3245,3627,3931,3982,3488,3944,5060,5639,3419,4358,8350,9874,33.2126,17.1503,8.85342,47.9853
93206,3032,3216,3447,3456,3214,3456,3995,4293,3314,3826,5123,7823,3388,3965,6032,10730,18.8542,25.6964,8.95965,48.2067
93207,3531,3559,3585,3449,3862,4585,4460,3809,4491,7316,6516,4225,4258,5465,5104,4154,9.35645,-1.26024,8.84676,48.246
93208,3248,3516,3945,4036,3305,3907,5234,5891,3504,4108,6605,7993,3442,3825,4752,5274,4.69966,17.506,8.84895,48.39
93209,5336,4387,3664,3301,9195,5108,3731,3380,7164,4812,3701,3384,4472,3969,3550,3216,-3.16819,-28.7618,8.78059,48.2467
93210,3262,3487,3210,3166,3817,3913,3537,3220,5788,5086,3988,3473,10520,7903,4330,3421,30.2931,-18.5523,8.65656,48.0807
93211,3228,3265,3332,3353,3487,3695,3811,3604,3895,4664,5083,4450,4361,6570,9571,5735,30.2697,5.08038,8.54543,48.0693
93212,3307,3323,3480,3382,3524,3882,3955,3821,3873,5092,6566,4737,4181,5660,7938,5387,18.1732,5.60227,8.52472,48.072
93213,5055,4899,3832,3446,7263,7162,4394,3537,5521,5346,3892,3342,3977,3955,3400,3206,-5.01563,-15.4638,8.75094,48.1513
93214,4836,7695,6664,4419,4551,6169,5551,4006,3725,4011,3965,3590,3275,3413,3434,3285,-18.4027,-2.15023,8.89817,48.3927
93215,4682,4378,3594,3336,7834,5679,3991,3275,7195,5422,3843,3359,4461,4315,3605,3188,-1.0694,-20.3655,8.63654,48.1047
93216,3663,4599,5931,5076,3675,5065,8076,5624,3511,4124,4849,4294,3205,3481,3676,3577,-10.3941,8.53334,8.91708,48.284
93217,3173,3216,3357,3284,3378,3641,3735,3709,3655,4385,5240,4918,3901,5610,9738,7030,28.0342,10.0827,8.82573,47.98
93218,3403,3505,3374,3162,4001,4105,3650,3377,5868,6514,4345,3568,6773,7877,4777,3691,17.9407,-12.4051,8.67769,47.9933
93219,4412,7069,9026,5233,3988,4844,5581,4468,3469,3660,3877,3646,3197,3420,3355,3368,-23.5471,2.90805,8.88262,48.4087
93220,4088,3887,3452,3177,6265,4828,3763,3283,9159,5656,3837,3447,5995,4580,3706,3220,6.12582,-22.6871,8.77182,48.2287
93221,4682,5150,4065,3548,6034,8098,4615,3576,4880,5473,4159,3565,3793,3773,3561,3215,-6.26623,-10.7189,8.8546,48.1247
93222,6673,5903,4162,3530,7694,6786,4015,3351,4611,4416,3656,3235,3627,3695,3284,3134,-12.4449,-17.3944,8.96431,47.848
93223,3852,3664,3312,3200,4799,4487,3847,3283,7488,7106,4279,3403,6020,5572,4088,3502,9.94381,-15.7656,8.53068,47.9347
93224,3235,3228,3409,3392,3266,3542,4038,3974,3520,4201,5619,5824,3642,4653,8262,8462,22.2322,14.9269,8.6455,48.178
93225,3680,4689,8042,7339,3571,4253,6380,6060,3401,3661,4057,4081,3142,3316,3369,3450,-18.6044,13.5773,8.80393,48.3273
93226,7406,7123,4421,3507,6577,6695,4291,3555,4283,4243,3713,3290,3457,3449,3323,3126,-16.7549,-15.2711,8.72584,48.306
93227,3441,3939,4311,4176,3728,4608,6809,5031,3641,4674,6875,5254,3594,3895,4269,4086,0.323254,9.3743,8.58732,48.2207
93228,3463,4444,8289,9935,3552,4045,5295,5540,3261,3530,3882,3879,3068,3267,3455,3356,-27.5774,17.1029,8.61441,48.174
93229,4802,6729,5333,4065,4814,7230,5779,4006,3853,4302,4070,3584,3430,3548,3400,3289,-13.8205,-4.16613,8.91018,48.156
93230,6182,9762,6032,3988,4695,5235,4475,3705,3639,3845,3603,3384,3341,3430,3258,3169,-30.1965,-6.99078,8.6224,47.8287
93231,8578,6851,4241,3479,7159,5887,3982,3560,4195,4114,3584,3227,3455,3552,3331,3056,-18.1113,-18.6728,8.67958,48.1673
93232,4839,7923,6805,4619,4407,5959,5443,4093,3658,3944,3851,3704,3299,3418,3347,3239,-19.7002,-1.78467,8.5497,48.3653
93233,3358,3826,6027,12544,3389,3764,4833,5989,3160,3484,3751,3949,3183,3233,3377,3471,-33.9835,27.8304,8.66107,47.5587
93234,4003,4461,4102,3590,4701,7082,5437,3895,4583,6480,5003,3802,3925,4098,3895,3541,-1.44997,-4.10042,8.89959,48.3987
93235,5612,6070,4284,3648,6382,7688,4582,3595,4469,4634,3828,3362,3742,3664,3254,3289,-11.086,-12.2198,8.60205,48.0687
93236,6978,6094,4099,3585,7745,6633,4172,3474,4666,4281,3596,3287,3673,3534,3442,3107,-12.8796,-17.6752,8.97767,48.244
93237,4135,5748,8028,5320,3957,5184,6714,4755,3441,3701,4130,3850,3148,3382,3369,3270,-17.7826,5.43795,8.95964,48.088
93238,9263,5405,3894,3469,8822,5116,3820,3400,4550,4033,3464,3178,3479,3544,3412,3224,-15.5372,-30.7462,8.7609,48.0487
93239,3523,4009,4997,4834,3503,4538,7455,6565,3472,4053,5571,4987,3288,3501,3989,4003,-5.26975,12.7989,8.54802,48.192
93240,3342,3362,3212,3071,3887,3783,3409,3376,6382,4646,3805,3454,12405,5985,3885,3372,26.1788,-29.782,8.77485,47.584
93241,3359,3422,3346,3137,3972,3817,3492,3179,6630,4694,3798,3320,11975,6444,3938,3410,24.9698,-25.2257,8.8441,47.9553
93242,3240,3286,3296,3309,3135,3459,3712,3798,3407,3662,4733,6109,3477,3879,6009,12596,27.9012,31.443,8.84065,47.4047
93243,3069,3249,3408,3531,3162,3479,3785,3909,3342,3766,4732,5871,3386,3884,6156,12795,29.1118,29.7482,8.67496,47.6827
93244,3253,3486,3614,3591,3405,3957,4566,4051,3760,5038,7862,5562,3686,4698,6491,5289,12.3699,8.68094,8.75859,48.206
93245,3140,3249,3276,3273,3356,3673,3896,3804,3599,4319,5742,5084,3848,5355,9322,7262,23.7941,11.0785,8.70731,48.132
93246,3182,3381,3357,3302,3499,3735,3843,3673,3935,4878,5605,4485,4261,6629,8937,5331,22.736,4.16379,8.86964,48.022
93247,3313,3458,3411,3274,3690,4004,3868,3679,4327,5792,5601,4208,4945,7530,6854,4598,19.399,-1.29563,8.51853,48.368
93248,3234,3289,3412,3214,3513,3717,3635,3637,4033,4704,5047,4322,4594,7843,8685,4956,30.5564,1.36967,8.73234,47.89
93249,3346,3842,4752,6644,3364,3858,5191,10042,3147,3628,4441,5798,3259,3260,3750,3804,-8.7802,30.8574,8.9698,48.084
93250,4508,3998,3538,3293,7262,4990,3761,3357,8519,5556,3850,3469,5216,4408,3612,3269,2.46868,-22.7309,8.84784,48.404
93251,3399,4256,6229,7237,3426,4168,6375,7614,3262,3706,4316,4580,2996,3308,3616,3729,-13.8267,17.7579,8.55526,48.1447
93252,3117,3406,3750,3876,3325,3773,4493,5502,3428,3859,6159,8896,3411,3766,5178,6366,8.76561,20.2169,8.83111,48.2033
93253,3395,3359,3229,3063,4018,3883,3448,3235,6037,4815,3773,3315,12384,6180,3792,3417,29.3615,-27.4617,8.50273,47.562
93254,3502,3387,3304,3066,3959,3779,3504,3203,5480,5051,3933,3450,9897,8309,4356,3437,33.0267,-17.512,8.72099,47.7447
93255,3411,4433,8460,9815,3566,3884,5034,5620,3241,3493,3835,3749,3140,3233,3333,3443,-31.7117,16.6953,8.89613,47.7933
93256,3185,3357,3350,3209,3595,3627,3657,3467,4253,5222,5126,4104,4978,8884,7713,4671,25.4717,-1.8056,8.97191,48.2653
93257,5312,4386,3711,3265,9253,5085,3808,3275,7289,4776,3627,3371,4504,4019,3404,3198,-2.70481,-28.1862,8.85407,48.1887
93258,11272,6949,4030,3345,6360,4852,3910,3342,3988,3778,3514,3177,3424,3491,3290,3151,-24.2419,-21.9333,8.78585,47.9153
93259,3023,3132,3465,3513,3312,3465,3832,4060,3326,3752,4782,6808,3298,3796,6217,11892,23.4065,26.5681,8.56401,47.782
93260,3375,3426,3329,3163,3787,3908,3559,3221,5080,5117,4264,3563,7867,9485,4898,3641,31.7552,-12.6343,8.56127,47.7887
93261,6732,4909,3782,3278,9525,5802,3909,3362,5536,4459,3609,3225,3843,3628,3393,3160,-9.54375,-23.7885,8.97396,48.1013
93262,3381,3451,3675,3525,3572,4240,4703,4095,3961,5955,7963,4927,3757,4852,5756,4637,9.89396,4.36634,8.9748,48.3
93263,3375,3625,4312,4960,3338,3666,5052,8705,3331,3746,4809,7585,3264,3486,4076,4587,-1.77309,30.5454,8.65526,47.9447
93264,3736,5266,9528,7329,3519,4357,5334,5085,3355,3654,3937,3781,3114,3315,3412,3149,-30.9604,11.0597,8.57657,47.914
93265,3541,3913,3452,3131,4238,4863,4033,3564,5410,8151,4960,3821,5062,6035,4593,3721,10.5952,-8.4137,8.70843,48.3253
93266,3572,3775,3470,3286,4513,4671,3734,3354,6330,7684,4449,3647,5597,6074,4218,3592,11.2692,-12.2173,8.53389,47.9773
93267,3196,3312,3406,3232,3474,3815,3882,3617,4131,5386,5770,4469,4499,7019,8202,5015,20.5316,1.92148,8.94885,48.2833
93268,3535,4116,6572,11848,3329,3877,4803,6464,3184,3488,3875,3975,3043,3187,3402,3440,-25.3039,23.9028,8.74824,48.092
93269,4088,3785,3405,3168,6208,4486,3576,3202,9859,5433,3837,3339,6135,4620,3591,3309,6.81493,-26.4935,8.79619,48.0273
93270,4422,3998,3424,3190,6713,4899,3753,3371,8918,5689,3817,3310,5421,4445,3626,3237,3.93907,-22.8301,8.5346,48.1553
93271,3139,3296,3557,3650,3144,3456,4131,4878,3423,3811,4979,9170,3394,3887,5222,8993,14.5048,29.8106,8.75509,48.0867
93272,5174,9130,7442,4295,4313,5140,4974,3933,3651,3855,3733,3476,3245,3370,3322,3151,-31.3665,-2.64709,8.6141,48.136
93273,3408,3396,3308,3155,3976,3813,3440,3249,5780,4957,3861,3412,11367,6971,4039,3415,33.8383,-21.2967,8.73759,47.698
93274,12193,5990,3969,3522,6230,4715,3811,3390,3932,3856,3389,3131,3357,3461,3217,3166,-25.815,-32.5792,8.53584,47.5527
93275,4511,4656,3822,3479,6018,7321,4449,3568,5368,6116,4240,3523,4189,4090,3672,3249,-2.45038,-12.1891,8.61698,48.1807
93276,3496,4440,6783,6643,3633,4456,6953,6738,3348,3667,4269,4323,3169,3324,3523,3435,-14.8476,14.3852,8.61688,48.1333
93277,3111,3382,3669,3876,3290,3624,4485,5731,3459,3816,5317,9992,3341,3685,4794,6455,8.16155,32.0613,8.70394,48.018
93278,3591,3554,3416,3134,4242,4410,3796,3488,6269,7575,4533,3641,5939,6765,4487,3683,13.5588,-12.2022,8.87714,48.3487
93279,3406,3310,3274,3181,3686,3876,3674,3356,4821,5175,4446,3730,6528,10116,5595,3840,31.8982,-8.54782,8.61605,48.0093
93280,4457,3949,3417,3113,7280,4661,3659,3342,9181,5021,3810,3360,5396,4365,3534,3257,3.16029,-29.6882,8.81462,47.868
93281,3362,3626,4032,3977,3566,4401,6198,5111,3639,4685,7568,5640,3544,4080,4661,4422,2.96219,9.94158,8.51622,48.3413
93282,3686,3696,3398,3221,5214,4267,3585,3347,9769,5349,3739,3426,7324,4897,3777,3320,10.9016,-28.57,8.89765,48.01
93283,7404,4994,3670,3344,9848,5191,3945,3351,5160,4256,3571,3253,3730,3636,3434,3112,-11.0495,-29.7392,8.95085,47.9327
93284,3329,3796,4882,6774,3393,3860,5343,9817,3183,3640,4444,5670,3096,3287,3660,3856,-9.08529,26.4546,8.68538,48.02
93285,3166,3242,3310,3357,3408,3551,3975,3786,3712,4588,5894,5066,3949,5442,9369,6435,22.6219,8.97513,8.72386,48.1667
93286,3385,3981,6644,11631,3302,3772,4936,6460,3205,3457,3798,4001,3031,3157,3380,3355,-24.7094,23.3108,8.8847,47.6633
93287,5458,4461,3761,3257,9829,5099,3770,3266,6815,4557,3709,3241,4248,3843,3480,3276,-4.64564,-31.1416,8.89914,48.0467
93288,3305,3295,3333,3301,3558,3794,3816,3592,4075,5154,5365,4285,4595,7666,8407,4875,23.2873,1.25164,8.72679,48.2773
93289,4177,3901,3421,3229,6574,4667,3614,3289,9632,5347,3679,3396,5824,4633,3596,3252,5.27626,-27.7891,8.73486,48.154
93290,5981,6792,4569,3595,6284,7474,4495,3564,4203,4362,3779,3392,3558,3523,3369,3185,-13.5652,-11.9886,8.59023,48.0833
93291,3303,3684,4899,5245,3334,4172,6734,8197,3297,3872,4983,5978,3145,3405,3894,4103,-5.29854,17.9675,8.88628,48.1633
93292,5646,8943,6423,4124,4504,5825,4925,3855,3644,3965,3672,3421,3260,3381,3382,3186,-22.048,-5.21436,8.93149,48.104
93293,3091,3176,3493,3387,3372,3483,3940,4258,3348,3831,4977,7489,3324,3926,5872,10947,20.4851,27.0028,8.56881,47.9427
93294,3532,4122,5344,4964,3571,4504,8018,6584,3439,3932,5290,4796,3249,3483,3817,3766,-7.42169,12.2602,8.99839,48.274
93295,3448,3806,5020,5825,3469,3912,6466,8437,3319,3829,4789,5680,3168,3360,3780,3985,-7.10712,19.4135,8.54024,48.1953
93296,3324,3546,3878,3789,3388,3854,5265,4931,3621,4508,7948,6449,3497,4022,5192,4992,7.04106,12.7388,8.95466,48.136
93297,3532,3857,3870,3662,3821,4661,5324,3988,4131,6076,7305,4620,3908,4642,4844,4173,5.74439,2.89385,8.61808,48.276
93298,3305,3711,4556,4877,3574,4026,6483,7371,3528,3955,5439,6167,3258,3569,4038,4378,-2.79715,17.2656,8.6826,48.1567
93299,12513,5831,3860,3341,6112,4775,3780,3296,4159,3785,3442,3230,3413,3335,3398,3215,-33.7357,-29.4962,8.56905,47.6567
93300,3335,3688,4453,4723,3403,3873,6115,7090,3373,3931,5897,6665,3285,3583,4366,4464,-0.841976,17.1519,8.92552,48.1627
93301,3381,3277,3310,3161,3899,3768,3458,3292,6109,4698,3798,3375,12489,6027,3893,3409,31.4069,-27.9835,8.58142,47.5627
93302,3364,3963,5359,8866,3354,3794,5186,8779,3285,3474,4130,4587,3187,3272,3534,3610,-14.8671,31.9623,8.63034,47.8293
93303,3159,3609,3991,4040,3416,3961,5448,5612,3573,4265,6967,7292,3312,3832,4721,5055,4.44841,15.7962,8.76038,48.1687
93304,3331,3357,3195,3143,4011,3887,3501,3190,6167,4718,3831,3326,12499,6347,3931,3315,27.1112,-26.8121,8.96356,47.8327
93305,6336,5666,3968,3443,7879,6887,4113,3530,4798,4560,3637,3403,3791,3683,3394,3255,-11.1699,-17.0677,8.60177,48.2287
93306,3900,4154,3852,3562,4462,6456,4933,3864,4768,7354,5336,3782,4055,4585,4053,3603,2.05663,-5.22085,8.76447,48.4793
93307,3440,3481,3103,3120,3948,3792,3480,3181,6665,4858,3822,3312,12157,5976,4027,3406,23.6023,-32.3958,8.86348,47.8453
93308,3224,3293,3477,3578,3299,3477,4199,4412,3471,4043,5859,7467,3367,4130,6547,8917,17.3813,19.918,8.58284,48.5067
93309,3254,3195,3498,3490,3233,3493,3994,4444,3365,3826,4916,8123,3387,3891,5499,10003,17.7207,30.7676,8.57236,47.7407
93310,3222,3352,3669,3847,3242,3585,4378,5139,3451,3944,6074,8910,3357,3787,5212,6933,10.6323,20.878,8.79899,48.068
93311,3367,4007,6240,12753,3409,3702,4858,6078,3320,3397,3786,3930,3009,3132,3355,3316,-27.6785,27.7168,8.99448,47.7727
93312,3150,3146,3440,3433,3140,3440,3845,4128,3456,3910,5125,7270,3443,3860,6033,10844,21.1288,25.6731,8.57469,47.7753
93313,4553,4132,3511,3259,7860,4799,3830,3389,8666,5007,3712,3345,4813,4212,3578,3248,1.28233,-33.3742,8.78103,47.9427
93314,3519,4009,6281,7525,3411,4140,6372,7468,3242,3648,4320,4539,3134,3406,3553,3586,-14.7065,17.8367,8.79935,48.102
93315,3497,4448,8534,9635,3453,3973,5010,5626,3276,3616,3801,3756,3180,3215,3406,3376,-30.9837,16.6692,8.72002,47.868
93316,3322,3309,3305,3121,3652,3898,3659,3452,4384,5540,5016,4023,5247,8676,7156,4537,22.9654,-2.43863,8.87004,48.198
93317,3371,3632,4550,5398,3369,3823,5303,9486,3450,3723,4766,6730,3222,3457,4044,4077,-4.4272,33.6834,8.69155,48.2673
93318,3240,3340,3464,3453,3432,3838,4203,4035,3721,4659,7184,5758,3746,4749,7459,5815,15.7547,10.7381,8.93031,48.064
93319,3245,3281,3356,3348,3305,3660,3743,3693,3676,4233,5375,4876,3748,5599,9819,7042,27.3188,9.98603,8.70662,47.9993
93320,3148,3249,3480,3580,3260,3544,4149,4729,3325,3810,5177,9207,3406,3901,5311,8683,14.4084,31.3887,8.79666,47.9727
93321,5725,4672,3693,3333,9744,5271,3816,3303,6354,4455,3591,3280,4037,3916,3514,3259,-5.85627,-32.1538,8.68074,47.9753
93322,4687,5814,5002,3835,4791,7917,5690,3908,4097,4770,4257,3719,3462,3654,3499,3380,-10.2186,-4.89198,8.55215,48.3213
93323,3333,3417,3259,3034,3871,3937,3692,3259,5305,5811,4404,3643,7134,8890,5113,3839,22.1115,-11.3943,8.58083,47.9607
93324,3177,3366,3850,3929,3295,3669,4381,5935,3348,3721,5159,9935,3341,3637,4669,6364,7.54037,30.506,8.73933,47.8507
93325,4491,7755,8743,4991,4077,4813,4970,4271,3489,3767,3731,3576,3273,3301,3290,3259,-28.7193,1.30547,8.7632,47.8647
93326,3922,3781,3363,3149,5460,4517,3566,3177,9263,5929,3923,3382,6455,4920,3867,3361,9.30825,-22.4493,8.61676,48.0233
93327,3134,3340,3304,3327,3304,3683,3928,3724,3651,4532,5277,4730,3920,5613,10010,6517,33.6371,8.4481,8.94454,47.996
93328,3813,4873,8299,7079,3544,4423,6628,5666,3428,3640,4043,3963,3074,3171,3420,3412,-19.1729,12.2712,8.91284,48.3173
93329,3193,3364,3654,3537,3461,3712,4507,4614,3501,4370,7431,7004,3606,4117,6212,6102,11.9955,14.1282,8.80179,48.2567
93330,3809,3743,3401,3051,5258,4669,3705,3397,8102,6782,4115,3494,6122,5257,4033,3494,9.19842,-17.6916,8.92927,48.288
93331,3514,3518,3359,3163,4084,4317,3654,3465,6143,7325,4604,3586,6251,7104,4546,3699,14.7698,-11.7723,8.96115,48.2213
93332,3389,3380,3407,3137,3765,4027,3731,3447,4769,5853,4759,3762,5623,8927,6271,4042,21.6502,-5.85191,8.63779,48.1927
93333,4006,3982,3603,3355,5166,5394,4020,3590,6572,7654,4294,3506,4868,4776,4029,3391,4.71604,-13.1892,8.64912,48.1373
93334,6379,8180,5104,3782,5430,6660,4599,3653,3964,4042,3785,3388,3421,3450,3300,3116,-17.9872,-10.1627,8.5651,48.1687
93335,3404,3738,4433,4373,3522,4238,6431,6176,3430,4151,6370,6116,3417,3785,4365,4501,-0.341739,14.1703,8.64585,48.3
93336,3116,3434,3562,3594,3243,3708,4412,4524,3475,4238,6617,7319,3517,4171,6366,6738,13.3335,16.4506,8.52517,48.0227
93337,12112,6381,4048,3409,6195,4881,3901,3397,3917,3735,3496,3290,3435,3501,3154,3048,-25.8042,-25.5028,8.70414,47.9333
93338,4348,4363,3816,3461,5863,6962,4252,3477,5726,6604,4376,3535,4255,4400,3732,3356,-0.325871,-12.6026,8.8544,48.3507
93339,3448,3634,3573,3311,4117,4838,4130,3645,5086,8104,5418,3804,4759,5874,4620,3813,9.87291,-6.0777,8.93011,48.116
93340,3392,3441,3346,3111,3853,4006,3704,3423,5401,6101,4400,3750,7074,8812,5085,3694,21.3473,-11.0696,8.50092,48.3953
93341,3183,3576,4104,4471,3359,3790,4998,7346,3317,4036,5482,8392,3297,3583,4350,5006,2.08119,22.5424,8.61552,48.1933
93342,4914,5484,4267,3711,5806,8151,4866,3617,4614,5190,4029,3593,3682,3813,3590,3343,-7.4405,-9.98167,8.50418,48.4467
93343,3210,3245,3393,3466,3393,3715,4120,3994,3644,4377,6141,5528,3754,4809,8592,7251,20.5075,12.2357,8.783,48.4213
93344,3918,3960,3358,3220,5636,4600,3623,3338,8729,6323,4023,3374,5974,4912,3934,3396,7.5823,-20.0894,8.81114,48.212
93345,5386,5607,4103,3392,6969,7614,4351,3577,4762,4929,3844,3466,3741,3663,3455,3296,-8.96155,-13.9311,8.99076,48.1033
93346,3092,3283,3466,3294,3331,3545,3790,3712,3718,4257,5426,4857,3929,5524,9887,6913,26.8796,9.7529,8.68438,48.016
93347,4138,3836,3389,3228,6729,4585,3631,3275,9765,5233,3771,3300,5720,4525,3605,3303,5.44465,-31.0722,8.97012,48.022
93348,5028,5705,4293,3515,5996,8057,4849,3631,4452,4935,4047,3465,3528,3720,3598,3312,-9.28196,-10.3602,8.77928,48.0873
93349,4053,5246,5879,4512,4033,6290,7496,4541,3669,4231,4607,4011,3354,3503,3533,3380,-10.6837,2.67513,8.97746,48.2253
93350,3170,3291,3337,3450,3335,3532,3789,3795,3561,4077,5231,5211,3609,4861,9175,8415,32.4593,13.7128,8.81115,47.8927
93351,3189,3393,3531,3510,3358,3799,4504,4229,3729,4757,7711,5872,3613,4689,6711,5605,12.9797,10.2622,8.81985,48.1333
93352,4903,8663,7864,4498,4259,5127,4853,4182,3621,3736,3763,3635,3227,3391,3397,3273,-32.8857,-0.942378,8.73043,48.2613
93353,6386,9786,6108,4032,4737,5244,4378,3676,3717,3825,3647,3336,3267,3308,3234,3190,-28.2405,-7.86724,8.72262,47.914
93354,3143,3259,3398,3361,3141,3504,3772,3935,3284,3794,4734,6037,3397,4045,6452,12396,30.4192,25.0559,8.87607,47.768
93355,3453,3943,6209,12318,3431,3819,4728,5780,3233,3349,3678,3921,3254,3271,3397,3312,-30.5292,33.1138,8.50022,47.3973
93356,3402,3843,5839,12509,3367,3707,4712,5868,3296,3496,3772,3958,3053,3294,3472,3384,-32.0287,31.298,8.71887,47.3147
93357,3477,3412,3283,3141,4468,3894,3468,3234,8259,5033,3783,3340,9995,5659,3848,3352,17.5897,-30.2722,8.90257,47.764
93358,3546,4030,5335,5338,3663,4504,7759,6756,3310,3838,5105,4865,3245,3400,3881,3856,-8.01776,13.5324,8.93135,48.2873
93359,3355,3301,3246,3104,3928,3879,3429,3208,6325,4780,3744,3318,12422,6249,3909,3369,25.5631,-27.8828,8.86,47.7107
93360,5094,4335,3626,3291,8405,5427,3852,3476,7225,5067,3886,3406,4543,4108,3636,3223,-2.20983,-22.7251,8.7091,48.4
93361,3383,3397,3215,3183,4031,3788,3413,3212,6155,4824,3777,3446,12708,6221,3943,3311,27.7835,-29.5538,8.50033,48.0047
93362,3365,3323,3205,3107,4177,3812,3414,3271,6886,4759,3690,3384,11888,5882,3965,3480,22.9286,-30.781,8.8341,47.7387
93363,3295,3305,3336,3285,3463,3637,3857,3648,4005,4642,5122,4437,4348,6882,9587,5505,30.2268,4.26058,8.8167,48.236
93364,3021,3216,3343,3441,3239,3513,3844,4007,3359,3853,4858,5741,3403,4220,7400,10929,29.9174,20.7733,8.53145,47.5913
93365,3301,3437,3560,3425,3629,4136,4216,3729,4164,6065,6766,4470,4338,6000,6695,4639,14.811,2.03326,8.80192,48.38
93366,3871,3904,3736,3410,4615,5599,4323,3574,5224,8019,5202,3764,4441,5009,4133,3640,5.16207,-7.55018,8.68167,48.3093
93367,3149,3222,3448,3339,3392,3564,3887,3911,3568,4237,5432,5105,3658,4972,9545,7630,33.4259,12.1396,8.73711,48.0393
93368,3485,3588,3492,3315,4137,4662,4001,3361,5355,8038,5139,3867,4996,6362,4546,3787,11.3331,-7.47572,8.82717,48.0873
93369,3825,4922,8237,6767,3712,4495,6561,5462,3335,3616,4189,3958,3099,3230,3396,3447,-19.0385,11.0813,8.94725,48.1673
93370,5628,9239,6405,4225,4547,5628,4814,3919,3689,3862,3644,3499,3168,3370,3313,3194,-23.5484,-5.10559,8.57288,48.096
93371,3210,3574,3913,4422,3308,3661,4751,7332,3487,3758,5062,9159,3227,3644,4278,5093,2.90845,32.2499,8.85651,47.9193
93372,3183,3203,3457,3313,3230,3378,3785,3965,3424,3861,4790,6510,3429,3897,5903,12307,25.4025,32.6791,8.81485,47.7567
93373,3241,3418,3498,3329,3503,3777,4028,3774,4018,5290,6287,4476,4150,5948,8106,5154,18.4256,4.28461,8.78676,47.998
93374,3356,3371,3228,3159,3702,3799,3647,3402,4833,5257,4392,3739,6704,10016,5722,3795,30.7658,-8.62861,8.7851,48.0813
93375,3251,3426,3356,3302,3710,3758,3781,3484,4325,5165,4791,4097,5108,8698,7582,4497,33.9954,-1.84047,8.54421,48.2207
93376,7022,5811,4044,3417,8010,6478,4017,3418,4809,4334,3598,3284,3708,3532,3344,3130,-12.7713,-18.599,8.8484,47.9707
93377,3277,3380,3432,3280,3728,3956,3911,3540,4487,6140,5264,3897,5018,8023,6482,4247,19.2637,-3.19412,8.64375,48.0413
93378,3289,3340,3420,3279,3560,3806,3629,3567,4181,5117,4950,4073,5145,8547,7766,4490,28.2275,-1.6557,8.53157,48.106
93379,3377,3535,3701,3594,3579,4094,4603,4076,3991,5576,7801,5010,3884,4948,6134,4686,11.1281,5.02016,8.52445,48.3927
93380,3436,3890,5554,8200,3374,3879,5795,8965,3252,3638,4088,4905,3016,3317,3442,3725,-13.5476,23.433,8.8583,48.3173
93381,3342,3432,3339,2987,3943,4048,3690,3313,5720,5974,4176,3560,7854,8440,4702,3643,21.2769,-14.1046,8.61012,48.1087
93382,3652,3913,3985,3683,4020,5277,5382,3992,4262,6546,6605,4200,3844,4538,4588,3934,3.83873,0.127764,8.59174,48.2807
93383,5781,4620,3643,3271,9906,5313,3728,3467,6545,4528,3593,3296,4004,3898,3570,3143,-5.59564,-27.9333,8.76147,48.204
93384,3308,3477,4065,4556,3312,3852,5280,7458,3287,3878,5514,8254,3201,3573,4360,4950,1.25344,22.4169,8.84908,48.2167
93385,3614,3505,3367,3147,4922,4169,3584,3309,9123,5584,4077,3423,7634,5370,3873,3327,12.2961,-23.5512,8.74148,48.0187
93386,3348,3453,3499,3233,3650,3888,4030,3587,4319,6164,5848,4134,4701,6995,6819,4429,17.5958,-0.54996,8.65244,48.0647
93387,6511,8435,5011,3843,5394,6519,4533,3692,4041,4078,3696,3432,3496,3454,3298,3134,-19.0356,-10.3239,8.82503,48.378
93388,10469,7013,4119,3387,6451,5212,3946,3459,4072,3942,3638,3240,3308,3371,3276,3024,-22.0624,-20.2534,8.58087,47.9513
93389,4373,4736,4041,3569,5738,7655,4733,3610,4918,6058,4233,3573,3916,4028,3655,3427,-3.42359,-10.2441,8.5795,48.1753
93390,3302,3614,4066,4277,3428,3965,5423,6234,3549,3980,6539,7529,3426,3639,4631,4919,3.49045,17.362,8.83747,48.3473
93391,3585,3862,4031,3877,3884,5292,6126,4396,3929,5512,6798,4466,3694,4299,4404,3947,1.54054,3.22999,8.63839,48.068
93392,3209,3270,3481,3449,3265,3671,4104,4061,3597,4435,6486,5813,3700,4748,7910,7303,18.8814,12.9931,8.58109,48.3347
93393,3338,3407,3537,3442,3508,3966,4381,3858,3911,5193,7379,5156,3871,5111,7181,5318,14.5145,7.2425,8.80071,48.3713
93394,3422,3958,5984,11958,3389,3877,4933,6822,3278,3428,3820,4080,3092,3299,3414,3406,-23.4842,31.8462,8.52307,48.1067
93395,3154,3244,3344,3446,3407,3551,4162,4131,3551,4271,6075,6257,3629,4508,7831,7541,18.6557,14.2398,8.8135,48.068
93396,3098,3324,3527,3417,3321,3609,4013,4010,3655,4117,5815,5803,3678,4500,8088,8349,21.2164,15.4064,8.62567,48.216
93397,4161,3937,3484,3115,6320,4494,3683,3120,9903,5140,3778,3357,5988,4603,3661,3283,6.08327,-32.3054,8.97713,48.018
93398,4332,7123,9177,5325,3991,4804,5038,4445,3515,3534,3775,3562,3256,3446,3403,3262,-31.0335,3.12029,8.59873,47.992
93399,3711,3812,3501,3241,4628,5048,3925,3468,6527,8094,4427,3651,5258,5588,4023,3553,8.43228,-12.2784,8.98425,48.3033
93400,4336,4099,3464,3287,7419,4847,3693,3389,9127,5147,3797,3356,5102,4311,3634,3127,2.51151,-33.7455,8.80309,48.09
93401,3506,4194,5272,4969,3612,4691,8044,6203,3450,4051,5239,4717,3241,3585,3760,3852,-7.43476,11.099,8.77125,48.2573
93402,4161,6582,9691,5714,3892,4486,5103,4518,3432,3737,3776,3776,3264,3246,3377,3264,-30.6365,5.18444,8.70315,48.0127
93403,3489,4435,8124,8955,3452,4086,5705,5960,3306,3543,3954,4067,3103,3253,3389,3350,-22.4028,16.3999,8.78884,48.114
93404,3053,3331,3489,3308,3254,3619,4012,3876,3639,4403,5785,5151,3760,5333,9350,6948,23.2592,10.1235,8.74866,48.2073
93405,5335,4410,3585,3329,9240,4986,3782,3374,7373,4765,3640,3413,4356,3925,3517,3309,-3.02787,-30.1512,8.90655,48.226
93406,4892,5660,4403,3760,5627,7986,4945,3802,4322,5085,4064,3474,3657,3704,3628,3213,-8.66707,-8.76404,8.55415,48.148
93407,5405,6872,4673,3764,5639,7670,4945,3802,4114,4401,3874,3411,3526,3514,3399,3088,-13.6396,-9.55347,8.82284,48.0647
93408,3350,3874,5734,12023,3438,3760,4856,6718,3188,3482,3801,3968,3178,3319,3424,3467,-22.9584,31.2714,8.98794,47.72
93409,3299,3318,3240,3149,4037,3907,3502,3290,6446,4851,3870,3442,12091,6028,4085,3352,24.1789,-32.5198,8.72256,47.938
93410,4337,5473,5173,4066,4530,7165,6557,4106,3955,4649,4532,3743,3512,3733,3593,3397,-9.677,-1.48946,8.76963,48.3473
93411,3173,3387,3665,3786,3222,3534,4277,5292,3356,3694,5172,9922,3377,3801,4996,7407,10.7359,30.5426,8.82787,48.0407
93412,10877,7404,4224,3448,6245,5100,3948,3426,3974,3926,3605,3208,3444,3283,3168,3088,-24.5805,-20.2571,8.91103,48.2453
93413,3072,3430,3665,3847,3270,3635,4279,5322,3408,3894,5785,9494,3389,3744,5031,6810,10.1113,23.991,8.79198,48.05
93414,3103,3238,3381,3419,3224,3460,3762,3858,3490,3975,4922,5759,3441,4284,7899,10465,29.6814,18.8593,8.64231,47.7867
93415,3221,3260,3400,3103,3678,3772,3696,3415,4379,5059,4709,4015,5344,9357,7317,4266,32.6958,-3.44301,8.9197,47.994
93416,4048,4046,3653,3429,5303,5988,4234,3480,6087,7260,4501,3683,4548,4821,3887,3426,3.42229,-11.8296,8.50046,48.2627
93417,7492,9272,5026,3758,5292,5742,4260,3434,3899,3821,3506,3347,3247,3513,3255,3108,-23.1167,-11.7232,8.88105,47.9813
93418,3799,3824,3442,3262,5330,4925,3919,3399,7286,7345,4111,3390,5417,5187,3940,3414,7.57426,-15.3335,8.93317,47.9933
93419,3314,3401,3208,3123,4062,3827,3479,3231,5924,5247,4035,3421,9698,8029,4384,3474,25.0736,-18.0378,8.78754,47.9047
93420,3497,4112,6546,10875,3366,3936,5107,6872,3227,3505,3884,3992,3062,3226,3542,3447,-21.6098,22.6745,8.7927,48.1307
93421,3194,3473,3340,3232,3449,3759,3870,3668,4033,5136,5946,4571,4239,6781,8403,5119,20.8239,3.15185,8.74528,48.142
93422,8281,5363,3915,3383,9045,5169,3886,3360,4664,4118,3628,3320,3569,3571,3346,3120,-13.6867,-33.6953,8.50665,47.8253
93423,3512,3616,3750,3432,3844,4792,4638,3842,4377,7265,6695,4156,4127,5230,4999,4051,8.44898,-0.868776,8.68505,48.2173
93424,3399,3413,3254,3047,3779,3735,3649,3353,5086,5276,4109,3647,7751,9805,5207,3700,27.7577,-11.7106,8.82505,48.14
93425,3218,3400,3818,3699,3387,3729,4629,4861,3494,4294,7180,7454,3394,3955,5670,5924,10.1281,15.7247,8.6532,48.0707
93426,3293,3429,3832,3617,3585,4177,5206,4394,3826,5146,8002,5467,3690,4326,5540,4701,8.12599,8.27098,8.50977,48.154
93427,3251,3283,3372,3188,3698,3696,3712,3494,4313,5308,5014,4062,5040,8679,7815,4573,25.4898,-1.32042,8.98318,48.332
93428,7498,5054,3849,3361,9334,5503,3840,3361,5224,4367,3581,3223,3801,3654,3248,3109,-11.5832,-24.8409,8.66639,48.0047
93429,4510,7841,8663,5040,4171,4808,4916,4154,3538,3719,3759,3477,3292,3448,3310,3275,-30.6649,1.25152,8.85239,47.9473
93430,3364,3411,3163,3065,3854,3760,3506,3106,6522,4867,3752,3417,12165,6004,3930,3416,25.2022,-31.3282,8.54224,47.5347
93431,4289,4092,3797,3376,5862,6045,4127,3521,6502,6800,4197,3527,4583,4428,3763,3444,2.05698,-14.0894,8.60551,48.2353
93432,3719,4489,5896,5184,3708,4820,8005,5878,3509,3994,4630,4381,3223,3469,3702,3649,-10.8733,10.0899,8.66111,48.1707
93433,3127,3164,3367,3395,3293,3462,3848,3968,3485,3850,4991,5774,3407,4092,7300,10900,33.7867,20.421,8.63456,47.6153
93434,3324,3450,3361,3187,3848,3986,3735,3443,4965,6048,4489,3833,6237,9091,5585,3884,21.1838,-8.47325,8.80824,48.3107
93435,3381,4059,7005,11713,3462,3893,4895,5881,3231,3401,3947,3952,3112,3163,3404,3369,-33.5909,21.8628,8.85118,47.912
93436,3151,3318,3506,3416,3246,3434,3791,4020,3413,3795,4775,6011,3368,3852,6256,12249,33.0479,25.281,8.57969,47.734
93437,3319,3343,3251,3158,3914,3847,3575,3284,5142,5506,4381,3675,7540,9292,5101,3672,24.87,-11.8869,8.69805,48
93438,3281,3581,4301,5080,3358,3724,5363,8855,3346,3665,5058,7341,3286,3474,3998,4486,-2.26516,24.304,8.96093,48.1313
93439,3076,3230,3394,3422,3238,3506,3885,4053,3504,4050,5367,5779,3500,4320,8041,9744,24.9117,17.5449,8.82537,48.0727
93440,4738,7870,7632,4689,4330,5545,5353,4315,3636,3905,3867,3561,3305,3352,3264,3284,-21.0665,-0.374415,8.98723,48.4307
93441,11321,6925,4173,3442,6142,4935,3842,3358,3978,3774,3424,3210,3384,3535,3217,3050,-25.4342,-22.0905,8.85561,47.8067
93442,7102,7915,4573,3591,6124,6663,4378,3521,4121,4214,3608,3178,3349,3543,3318,3130,-17.8602,-13.2857,8.99329,48.2187
93443,5131,4370,3765,3153,8719,5165,3793,3370,7583,4822,3624,3379,4520,4050,3508,3179,-1.92231,-25.6538,8.78788,48.0873
93444,3346,3734,4830,6454,3394,3811,5724,9668,3239,3703,4483,5750,3179,3294,3598,3726,-8.72508,24.2403,8.81562,47.9553
93445,3301,3289,3286,3266,3447,3725,3839,3577,4103,4861,4921,4172,4566,7731,8720,4922,32.4366,1.33795,8.8942,47.8173
93446,3129,3287,3426,3276,3367,3671,3770,3531,4111,5026,5305,4342,4610,7677,8723,5073,25.2329,1.58678,8.92452,48.216
93447,5790,9672,6260,4026,4644,5226,4575,3910,3705,3792,3658,3439,3326,3423,3290,3243,-33.1831,-6.18277,8.57872,47.986
93448,3281,3410,4110,4348,3315,3716,4760,7286,3352,3788,5020,8982,3343,3657,4418,5215,2.78643,33.8845,8.81857,48.0007
93449,3420,3953,6067,12513,3327,3816,4778,6239,3226,3509,3741,3952,3132,3140,3410,3393,-26.3777,32.6349,8.67815,47.744
93450,3460,3389,3266,3083,4204,3909,3525,3263,7238,4932,3850,3361,11079,6168,3991,3435,20.813,-26.0298,8.69617,48.102
93451,10132,7668,4407,3569,5916,5064,4031,3439,4039,3913,3461,3240,3446,3354,3207,3061,-25.3097,-18.6754,8.58394,47.9647
93452,4151,5026,4686,3822,4628,7496,6143,4081,4127,5133,4852,3788,3604,3928,3752,3444,-6.49974,-2.73662,8.83554,48.4407
93453,3382,3640,3821,3487,3733,4388,4760,4028,3996,6154,7623,4657,3869,4855,5374,4390,9.08257,3.02991,8.80305,48.1047
93454,3745,4601,6502,5442,3715,4834,7867,5816,3518,3797,4638,4215,3249,3447,3602,3550,-12.3572,9.79612,8.70656,48.3587
93455,3347,3652,4393,5534,3355,3692,5141,9529,3402,3705,4517,6898,3240,3538,3920,4232,-4.33148,29.3513,8.96456,48.0633
93456,3390,3969,6734,11697,3446,3872,5006,6316,3197,3445,3713,3951,3109,3194,3340,3388,-24.4872,23.3368,8.70619,47.8447
93457,3306,3534,3963,3957,3299,3946,5153,5809,3430,4092,6882,7625,3458,3842,4839,5213,5.23084,16.7583,8.84779,48.232
93458,4946,8163,6567,4387,4492,5952,5346,4066,3634,3947,3920,3580,3297,3409,3404,3247,-19.9312,-2.7421,8.58382,48.238
93459,3987,3725,3331,3143,5501,4737,3724,3178,8864,6033,3975,3432,6114,5012,3821,3437,8.16589,-20.972,8.52443,48.0093
93460,3409,3879,5235,8763,3313,3837,5327,9113,3200,3466,4058,4763,3117,3265,3598,3626,-14.5231,28.0878,8.6755,47.9793
93461,3438,3409,3192,3142,3949,3803,3542,3238,5818,5196,3910,3531,10166,7892,4368,3611,25.9741,-18.0764,8.92225,48.1367
93462,3188,3240,3428,3294,3164,3404,3752,4043,3393,3787,4796,6338,3401,4004,5930,12502,25.8883,29.6544,8.75315,47.776
93463,4067,3857,3477,3193,5669,4836,3720,3318,8714,6267,3955,3467,5763,4809,3855,3341,7.12966,-20.1336,8.83661,48.2053
93464,7281,9673,5233,3781,4974,5351,4351,3594,3776,3849,3624,3220,3337,3323,3263,3203,-33.1617,-11.0073,8.56266,47.8887
93465,4002,4627,4363,3868,4489,6839,6174,4226,4143,5421,5181,3882,3660,4022,3975,3621,-3.85612,-1.65935,8.62724,48.3287
93466,3328,3882,5457,8204,3408,3821,5642,8930,3259,3591,4162,4786,3063,3289,3567,3595,-13.8057,23.7977,8.76721,47.9893
93467,3884,5855,10064,6451,3727,4389,5291,4650,3302,3734,3790,3740,3305,3230,3378,3357,-31.3838,8.11918,8.9529,48.098
93468,3419,3445,3279,3059,3895,3839,3501,3172,6119,4965,3927,3361,11188,7044,4139,3388,26.7175,-21.4166,8.62176,47.8267
93469,3457,4202,6990,9206,3397,3950,5687,7050,3135,3457,3935,4239,3107,3198,3515,3419,-18.9258,19.3431,8.98163,47.9627
93470,4363,5207,4297,3650,5120,7745,5503,3838,4307,5362,4387,3656,3738,3873,3622,3317,-6.33097,-5.82905,8.54897,47.99
93471,3270,3294,3277,3305,3445,3811,3793,3565,4001,4870,5459,4439,4445,6839,9044,5493,24.714,3.7697,8.53977,48.2333
93472,3687,5791,9887,6559,3565,4326,5219,4830,3414,3663,3758,3785,3190,3408,3418,3321,-33.022,8.75899,8.95002,47.8807
93473,3215,3193,3316,3337,3259,3502,3895,4031,3366,3748,5002,7344,3419,3913,5796,11284,20.8713,30.6988,8.5727,47.7467
93474,4702,4177,3598,3270,8296,4781,3734,3411,8250,4880,3677,3473,4864,4254,3528,3267,-0.21061,-30.2515,8.66201,48.108
93475,3297,3610,4169,4661,3425,3908,5983,7359,3461,3923,5845,7047,3238,3609,4308,4529,-0.294592,18.5661,8.85414,48.248
93476,4242,6277,7599,4885,4017,5459,6495,4519,3543,3978,4093,3765,3103,3291,3401,3278,-17.698,3.07254,8.68948,47.9633
93477,3806,4287,4282,3712,4390,6645,5954,4076,4194,6024,5636,4133,3759,4044,4015,3724,-1.35369,-1.50437,8.99922,48.454
93478,3051,3270,3454,3529,3277,3513,3971,4325,3463,3936,5612,7439,3422,4170,6518,9303,18.5828,20.8837,8.98951,48.1687
93479,3942,4767,4886,4092,4192,6790,6986,4369,3865,4937,5004,3785,3512,3800,3704,3608,-6.3577,0.413775,8.91495,48.1593
93480,3537,3590,3380,3269,4255,4372,3808,3431,5680,7526,4895,3590,5615,6922,4605,3802,13.4615,-10.012,8.66154,48.1847
93481,6595,4913,3731,3294,9370,5802,3851,3415,5671,4464,3649,3296,3735,3793,3440,3163,-8.84871,-23.7552,8.83601,48.1213
93482,3453,4164,6878,8926,3432,4101,5689,7188,3163,3567,4004,4223,3089,3282,3493,3543,-18.7945,19.6631,8.68062,48.13
93483,3194,3196,3329,3422,3218,3471,3721,3880,3385,4044,5327,5462,3544,4535,8739,9422,31.5203,15.8735,8.87749,47.926
93484,3793,4898,9287,7581,3509,4189,5752,5436,3375,3616,3901,3756,3094,3288,3377,3355,-22.8819,12.5767,8.81875,48.138
93485,4397,4063,3564,3199,7410,5031,3813,3240,8706,5425,3790,3287,5170,4375,3618,3174,2.60189,-23.6234,8.98178,48.1747
93486,12039,6891,3974,3392,6054,4924,3749,3370,3954,3848,3439,3264,3347,3347,3177,3053,-28.4198,-22.4776,8.98764,47.8813
93487,6504,5662,4028,3442,8058,6713,4099,3480,5035,4486,3634,3155,3878,3618,3384,3120,-10.5244,-18.0523,8.79409,48.1973
93488,3189,3208,3398,3267,3510,3566,3875,3758,3742,4533,5238,4764,4108,6026,9894,6165,28.0738,7.35564,8.56244,48.1607
93489,4082,6357,9723,5903,3889,4596,5506,4585,3478,3606,3808,3695,3105,3310,3431,3311,-25.8966,5.97771,8.8784,48.2567
93490,3386,3313,3329,3099,3991,3849,3541,3121,7215,4817,3754,3349,11598,5823,3998,3474,21.1466,-32.416,8.87926,47.7713
93491,3475,3375,3207,3119,3898,3855,3362,3170,5944,4938,4003,3364,11344,7145,4227,3463,28.1862,-20.9951,8.53733,47.926
93492,3632,4325,6773,7858,3426,4009,6082,7126,3262,3497,4120,4371,3140,3264,3489,3504,-16.5835,17.7655,8.61855,47.9187
93493,3523,3559,3147,3121,4395,4055,3464,3303,8298,5206,3829,3403,9677,5521,3941,3427,16.7814,-31.6185,8.75745,47.9127
93494,3072,3272,3408,3330,3300,3606,3843,3750,3618,4307,5112,5205,3855,5000,9637,7914,28.809,12.262,8.939,48.1527
93495,12760,6026,3950,3440,5892,4691,3741,3345,3956,3742,3414,3254,3334,3390,3305,3243,-29.2277,-31.9741,8.90817,47.6553
93496,3350,3443,3266,3088,3776,3825,3610,3322,4897,5119,4530,3774,6469,9969,5841,3866,33.0786,-7.90094,8.60372,48.0967
93497,3837,3674,3361,3155,5273,4322,3623,3362,9559,5415,3857,3343,7084,4876,3778,3351,10.3228,-27.2894,8.59174,47.9133
93498,3318,3936,5701,7641,3407,3943,5949,8385,3344,3474,4272,4780,3205,3318,3634,3783,-13.3256,20.7397,8.64663,48.06
93499,3808,3541,3371,3045,4921,4269,3652,3271,8853,6123,3991,3477,7420,5466,3899,3499,12.3706,-21.1916,8.964,48.404
93500,6676,8341,4954,3718,5534,6382,4430,3660,3955,4065,3569,3297,3413,3474,3444,3190,-19.2303,-11.0773,8.60422,48.068
93501,3589,3972,3852,3526,4224,5349,4676,3766,4558,7502,6003,4043,4167,4896,4598,3924,5.97488,-2.89119,8.8249,48.43
93502,3003,3307,3424,3342,3221,3565,3916,4059,3390,3900,5189,6637,3443,4198,7167,10468,22.2243,20.2078,8.91963,48.1527
93503,3557,3467,3257,3151,4537,4044,3582,3237,8447,5444,3780,3494,9007,5864,4003,3396,15.8395,-23.6544,8.83238,48.178
93504,3580,3597,3356,3169,4882,4133,3521,3340,9049,5806,3819,3396,8003,5504,3942,3324,13.2942,-22.8953,8.94768,48.2807
93505,4913,6422,4881,4007,5111,7795,5353,4004,4007,4534,3968,3499,3421,3627,3459,3372,-12.4815,-6.25068,8.858,48.2487
93506,3409,4150,7323,10457,3397,4003,5250,6458,3256,3579,3834,3976,3062,3243,3285,3418,-22.301,19.9489,8.79907,48.0667
93507,3434,3977,6666,11885,3471,3865,4871,5951,3343,3420,3765,3893,3081,3269,3415,3406,-28.8104,23.4019,8.62466,47.808
93508,11832,6474,3938,3400,6607,4828,3738,3275,3939,3872,3527,3224,3350,3347,3079,3163,-24.3733,-25.0555,8.54192,47.7287
93509,3437,4130,7757,10685,3470,3860,5007,5771,3246,3463,3887,3848,3216,3181,3403,3418,-32.0087,18.9544,8.58251,47.8527
93510,3434,3315,3288,3209,3956,3843,3457,3252,5764,4989,3868,3514,10630,7757,4214,3431,31.9906,-19.3645,8.5989,47.9473
93511,3297,3681,4370,4929,3362,3791,5699,8134,3306,3804,5198,7062,3175,3558,4079,4514,-1.7271,21.0037,8.77853,47.9727
93512,12895,6033,3972,3406,5964,4635,3694,3405,3787,3746,3472,3273,3391,3334,3267,3186,-30.8535,-28.7995,8.92741,47.64
93513,3220,3535,3462,3338,3503,3894,4406,4092,3858,5149,7276,5151,3873,5031,7204,5366,14.7043,7.20091,8.51634,48.2387
93514,3324,3654,4538,5512,3371,3889,5802,9080,3335,3687,4806,6505,3206,3434,3929,4226,-4.77346,22.9842,8.65377,48.1987
93515,3381,3447,3245,3171,3892,3850,3550,3415,5162,5170,4058,3530,8042,9323,4973,3626,31.932,-12.8547,8.56882,47.89
93516,3256,3579,4223,5075,3296,3757,5299,8723,3371,3647,5009,7667,3218,3390,4146,4575,-2.15001,25.1765,8.74537,48.154
93517,6165,9172,5561,3949,4915,5918,4598,3815,3827,3969,3762,3450,3396,3422,3362,3061,-21.9308,-7.88456,8.6247,48.228
93518,3143,3333,3483,3571,3231,3555,4039,4687,3446,3899,5157,8811,3397,3841,5297,9121,15.5723,29.9222,8.71223,48.0073
93519,3555,3460,3285,3125,4330,3972,3588,3204,7772,5214,3897,3416,9856,6049,3881,3346,18.4272,-23.8803,8.52158,47.9667
93520,3446,3460,3214,3057,4134,3968,3583,3289,6143,5277,3983,3365,10351,7294,4158,3401,22.4024,-19.9487,8.89247,48.082
93521,3262,3652,4537,5466,3287,3878,5750,9114,3320,3612,4954,6708,3190,3520,3821,4272,-4.44157,23.047,8.81339,48.2287
93522,8204,9551,5040,3707,5229,5110,4242,3629,3952,3855,3455,3321,3366,3294,3336,3202,-31.8162,-12.8663,8.92791,48.3287
93523,3563,3577,3528,3356,4054,4539,4096,3535,4983,7861,5499,3769,4880,6194,4928,3700,11.4409,-6.21978,8.54582,48.0413
93524,10615,6558,4029,3421,7159,5167,3857,3372,4113,3896,3385,3276,3388,3429,3185,3014,-21.1524,-22.6964,8.66552,47.9093
93525,3466,3399,3199,3141,4146,4063,3695,3304,6305,6212,4191,3456,7844,7720,4543,3655,18.7353,-14.8556,8.68288,48.226
93526,3434,3342,3185,3075,3913,3866,3539,3259,6147,4789,3936,3269,12192,6612,3959,3390,26.946,-23.8397,8.69089,47.938
93527,8001,5633,3820,3395,8607,5741,3982,3433,4777,4125,3580,3285,3632,3717,3359,3130,-13.7723,-22.0867,8.58138,48.1447
93528,3327,3442,3533,3536,3453,4025,4395,3954,3996,5778,7479,4763,3945,5391,6483,4834,13.0814,4.20491,8.9013,48.2227
93529,3301,3355,3253,3070,3934,3833,3414,3250,6094,4857,3891,3427,11649,6920,4098,3546,27.4268,-22.4192,8.60365,47.928
93530,3969,6217,9894,6154,3755,4534,5274,4613,3504,3737,3831,3611,3103,3285,3500,3265,-26.473,6.88279,8.64329,48.164
93531,3410,3359,3237,3072,3928,3805,3350,3259,6524,4817,3655,3479,12448,5869,3945,3312,25.1018,-30.5623,8.88733,47.646
93532,3377,3377,3329,3149,4150,3967,3743,3268,6497,5988,4167,3594,8093,7444,4495,3574,18.7753,-15.9396,8.60795,48.1413
93533,3381,3314,3228,3145,3987,3793,3528,3182,6088,4770,3752,3361,12621,6161,3908,3477,28.7064,-28.6816,8.92823,47.7973
93534,10253,7956,4307,3458,5870,5050,3967,3370,3802,3838,3619,3205,3445,3379,3245,3211,-27.8531,-18.4147,8.97352,47.9833
93535,3861,5371,7698,5540,3834,4909,6981,5217,3393,3791,4255,4039,3208,3248,3443,3502,-16.9502,7.52753,8.50151,48.1933
93536,11206,7241,4214,3361,5969,5182,3835,3354,3925,3799,3468,3235,3376,3345,3207,3097,-26.4918,-20.9072,8.73445,47.876
93537,4725,4362,3750,3412,6947,6239,4121,3524,6498,5913,3939,3364,4475,4211,3578,3379,-0.957756,-17.0738,8.58074,48.2913
93538,4130,6239,9607,5969,3861,4578,5426,4631,3412,3660,3810,3706,3094,3260,3359,3294,-25.9487,6.04484,8.53264,48.024
93539,3470,3943,5985,12356,3402,3788,4769,6257,3152,3417,3804,3956,3032,3351,3314,3364,-26.3343,32.1822,8.61702,47.5733
93540,3081,3337,3456,3551,3178,3541,3820,4270,3361,3733,4960,7965,3263,3975,5839,10666,18.6239,27.9885,8.91077,47.9973
93541,3263,3404,3311,3253,3582,3710,3559,3480,4341,5149,4745,3919,5228,9249,7555,4575,27.6779,-2.31421,8.97258,48.2153
93542,5051,8586,7919,4604,4267,5116,4930,4027,3607,3827,3677,3494,3351,3446,3344,3162,-27.0675,-1.40136,8.84442,48.272
93543,3423,3402,3159,2985,4017,3829,3435,3173,6784,4864,3797,3379,11997,5935,3905,3312,23.4969,-28.4865,8.92345,47.5973
93544,12666,6014,3922,3469,6258,4668,3777,3254,3928,3699,3436,3254,3375,3305,3244,3112,-28.051,-29.0466,8.60582,47.5873
93545,3098,3223,3351,3354,3242,3652,3916,3896,3433,3803,4960,5932,3374,4012,7336,11288,32.6182,20.7023,8.91939,47.9133
93546,3696,3676,3360,3211,5468,4270,3610,3318,9669,5481,3825,3346,6950,5027,3674,3287,10.3258,-25.3041,8.90824,47.912
93547,3561,3884,3997,3557,4001,5528,5562,3954,4291,6553,6506,4181,3857,4430,4422,3899,3.1773,-0.0291522,8.96737,48.122
93548,3327,3381,3348,3267,3600,3809,3777,3440,4467,5212,4613,4018,5478,9225,6927,4249,30.1804,-4.05006,8.51615,48.092
93549,4512,5874,5340,4092,4622,7290,6085,4146,3827,4478,4251,3695,3436,3489,3508,3375,-11.7418,-2.34091,8.89038,48.0133
93550,3320,3876,5004,7849,3375,3822,5246,9332,3184,3510,4192,5147,3164,3393,3588,3775,-12.1939,29.6374,8.65159,47.8513
93551,3368,3412,3361,3139,3669,3923,3860,3560,4600,6018,5087,3980,5202,8626,6553,4103,20.2033,-4.01009,8.97999,48.3073
93552,3477,3363,3361,3126,3953,3828,3512,3252,5488,5109,3991,3408,10808,7618,4138,3421,31.9391,-19.4199,8.97867,47.902
93553,3552,4444,7671,8252,3430,4168,5917,6333,3205,3562,3991,4223,3065,3249,3461,3479,-19.4057,16.0898,8.61759,48.0013
93554,3266,3356,3459,3427,3392,3787,4265,4000,3885,4922,7222,5504,3839,5208,7408,5475,15.5088,8.53971,8.65255,48.2767
93555,5065,5011,3910,3407,7361,7238,4153,3509,5395,5425,3898,3291,3894,3891,3500,3304,-6.08422,-15.2349,8.93853,48.168
93556,12274,6478,3984,3378,6105,4794,3871,3345,3974,3812,3366,3288,3419,3346,3269,3098,-33.5008,-24.7072,8.58965,47.8673
93557,3297,3309,3333,3276,3401,3742,3775,3596,3944,4787,5766,4659,4173,6397,9209,5601,23.113,5.18258,8.79681,48.1767
93558,3317,3544,4020,4139,3501,3957,5497,5853,3424,4187,6857,7051,3384,3819,4442,4922,3.63461,15.8102,8.56888,47.9427
93559,3246,3238,3378,3222,3697,4034,3797,3636,4525,5980,4925,3943,5342,8753,6377,4126,20.7246,-4.64169,8.9868,48.146
93560,3064,3282,3462,3401,3345,3634,4090,4077,3644,4244,6289,6449,3557,4541,7602,7705,18.3875,15.0437,8.54071,48.2573
93561,3636,4610,8699,9242,3513,4140,5459,5544,3205,3475,3854,3801,3123,3210,3358,3393,-25.2371,15.8375,8.74598,48.1747
93562,7066,9869,5209,3785,5034,5343,4474,3651,3770,3962,3493,3302,3376,3407,3225,3266,-31.296,-10.3404,8.50901,48.1547
93563,3860,4638,5425,4412,3936,5884,7751,4707,3704,4419,4964,4114,3355,3604,3829,3503,-8.08465,4.09747,8.65089,48.07
93564,4507,7179,7306,4762,4200,5778,5772,4268,3563,3908,3951,3698,3300,3380,3532,3251,-19.3214,0.454079,8.81306,48.2367
93565,3866,4062,3901,3434,4517,6137,4846,3689,4791,7369,5327,3870,4040,4621,4012,3622,2.5435,-5.13855,8.7798,48.0693
93566,9158,6515,4010,3533,7613,5584,3910,3303,4376,4015,3593,3130,3586,3480,3282,3062,-17.5911,-20.5451,8.96655,48.1
93567,3313,3368,3282,3179,3697,3763,3683,3496,4625,5442,4630,3953,5582,9580,6443,4285,25.4761,-5.44097,8.52084,48.214
93568,3261,3863,5927,12042,3444,3778,4895,6912,3224,3392,3870,4130,3111,3257,3355,3389,-22.5252,29.1226,8.98964,47.9
93569,4510,6961,8006,4958,4040,5449,5679,4449,3579,3788,3891,3621,3288,3369,3346,3363,-20.8159,1.3396,8.74597,48.198
93570,3085,3436,3528,3577,3253,3587,4162,4478,3526,3936,5978,7783,3375,4096,6234,8230,15.9804,19.6314,8.66186,48.176
93571,3503,3513,3311,3212,4234,4189,3719,3309,6370,7104,4363,3564,6476,7384,4503,3696,15.8595,-12.7889,8.95859,48.3
93572,7705,8802,4888,3585,5660,5863,4219,3649,3948,4037,3592,3256,3362,3406,3193,3081,-21.5528,-13.1203,8.76343,48.164
93573,4463,7241,7536,4866,4305,5526,5781,4261,3708,3848,3824,3619,3173,3405,3385,3304,-20.3575,0.770797,8.83179,48.1633
93574,4325,6617,8604,5088,3961,5037,5943,4434,3567,3945,3920,3744,3175,3348,3400,3330,-21.2741,3.63506,8.97497,48.292
93575,5373,4431,3793,3203,8874,5804,3905,3313,6727,5017,3706,3304,4280,3952,3510,3244,-3.78687,-22.2988,8.98615,48.2907
93576,3847,5596,8889,6161,3830,4624,6231,4930,3417,3785,3914,3735,3023,3220,3453,3415,-20.712,7.99921,8.91203,48.0467
93577,4175,5262,5702,4327,4184,6578,7151,4583,3778,4438,4548,3811,3390,3561,3539,3466,-10.7017,1.61315,8.74653,48.3287
93578,3122,3537,3887,4227,3317,3563,4643,6765,3348,3805,5142,9686,3247,3631,4563,5756,5.01945,30.815,8.80385,48.1593
93579,5106,4442,3636,3275,9065,5139,3831,3369,7205,4746,3802,3344,4330,3964,3508,3230,-2.71656,-33.9843,8.53312,47.9947
93580,12630,6113,3853,3333,6355,4736,3759,3364,3904,3713,3382,3210,3405,3332,3177,3120,-27.3613,-28.468,8.90468,47.5907
93581,7810,6826,4432,3472,7026,6233,4087,3450,4306,4212,3588,3197,3522,3444,3367,3171,-16.5893,-16.7487,8.79207,48.0953
93582,3080,3465,3593,3528,3344,3831,4460,4406,3539,4504,7625,6672,3540,4355,6502,6000,12.8217,13.3249,8.75682,48.296
93583,9808,5552,3918,3490,8279,5113,3850,3438,4408,4030,3470,3334,3622,3401,3174,3146,-16.9587,-31.7598,8.92788,48.022
93584,6709,8995,5415,3868,5181,5958,4448,3642,3793,3849,3668,3266,3323,3395,3259,3188,-21.5059,-9.52036,8.5472,47.9713
93585,3446,3706,3934,3802,3492,4349,5627,4586,3771,5053,8129,5373,3498,4044,4882,4543,4.84907,7.84843,8.84221,48.1567
93586,3883,4109,3792,3362,4627,6241,4754,3689,4891,7412,5163,3886,4151,4618,4026,3495,2.37238,-6.25182,8.53572,48.066
93587,3150,3574,3933,4247,3346,3788,4837,6726,3341,3805,5486,8993,3300,3532,4583,5409,4.15974,24.1729,8.52756,48.0333
93588,4610,7912,8502,4952,4304,4901,5133,4248,3523,3710,3760,3580,3263,3363,3303,3220,-26.3125,1.01093,8.75713,48.1893
93589,4481,4002,3465,3286,7603,4736,3678,3337,8959,4980,3859,3405,5068,4213,3557,3321,2.14711,-29.4454,8.76191,47.9667
93590,6404,4646,3683,3414,9978,5262,3834,3355,6089,4419,3597,3269,3910,3781,3357,3206,-7.49396,-30.2726,8.90776,48.136
93591,3717,5630,10052,6794,3682,4235,5188,4894,3411,3648,3829,3772,3127,3368,3369,3371,-32.973,9.46132,8.82135,48.058
93592,3030,3303,3423,3357,3132,3351,3858,4072,3390,3874,4999,5739,3436,4109,7297,11545,32.6042,20.9594,8.95855,47.9433
93593,3347,3557,3380,3068,3887,4083,3704,3414,5077,6842,4940,3690,5583,7882,5468,3984,17.4215,-7.27063,8.52661,47.9373
93594,3958,3783,3498,3129,6271,4513,3720,3278,9823,5339,3738,3243,6071,4682,3794,3326,6.31336,-27.8254,8.63219,48.1107
93595,3373,3973,6721,11688,3374,3893,4875,6393,3276,3425,3813,4073,3072,3200,3278,3342,-24.3999,23.5041,8.97428,47.846
93596,3221,3312,3306,3273,3624,3808,3791,3533,4229,5019,4850,4110,4924,8608,7852,4628,31.0029,-1.06031,8.57861,48.0587
93597,3383,3965,5887,12339,3454,3820,4730,6429,3299,3460,3705,3851,3104,3312,3423,3259,-25.8395,31.5057,8.59197,47.6133
93598,3095,3173,3380,3382,3301,3547,3899,3996,3543,3951,5492,6219,3532,4321,7740,9424,22.0071,17.5298,8.84395,47.9967
93599,3195,3698,4762,5860,3290,3958,5916,9266,3283,3760,4784,6165,3263,3471,3815,4101,-6.23175,22.1224,8.7389,48.3913
93600,3274,3458,3261,3145,3719,4005,3912,3477,4565,6441,5236,4157,5152,7941,6309,4235,18.2743,-3.8549,8.73253,48.1913
93601,3126,3338,3738,3958,3357,3834,4993,5234,3391,4098,6966,8020,3467,3935,5130,5684,7.72223,17.0839,8.60681,48.1793
93602,3337,3848,5931,12547,3285,3813,4822,6317,3294,3465,3689,3902,3097,3296,3348,3490,-27.0607,30.9734,8.58327,47.654
93603,3248,3205,3383,3247,3211,3567,3882,3828,3654,4335,5231,5070,3589,5090,9551,7754,32.4995,12.0171,8.61381,47.8967
93604,3460,3830,5449,9264,3422,3813,5160,8518,3285,3588,4031,4498,3250,3239,3575,3513,-16.0746,33.8225,8.66293,47.93
93605,3120,3261,3648,3668,3272,3498,4300,4856,3426,3821,5339,9249,3314,3847,5269,8130,13.1693,33.7024,8.54865,48.012
93606,3448,3499,3249,3221,4034,4248,3735,3460,5407,7177,4893,3786,5779,7495,4937,3849,15.9538,-9.29011,8.56573,48.1447
93607,3378,3396,3262,3259,3617,3739,3698,3390,4515,5310,4563,3750,5869,9800,6566,4145,30.4523,-5.9449,8.84386,48.1713
93608,3139,3242,3525,3480,3281,3515,4144,4590,3317,3801,5339,8896,3383,3784,5396,9045,15.4972,31.5396,8.66604,47.918
93609,3516,4225,6443,7294,3496,4155,6584,7203,3337,3753,4305,4617,3159,3313,3559,3631,-14.8295,17.0996,8.75111,48.3933
93610,12435,6209,3981,3307,6110,4689,3759,3297,4000,3877,3384,3278,3446,3495,3336,3077,-33.4612,-26.0687,8.59452,47.7867
93611,3325,3289,3277,3233,3962,3713,3343,3254,5825,4694,3762,3486,12516,5968,3980,3406,32.3542,-33.4607,8.80407,47.3553
93612,3407,3321,3194,3172,3919,3721,3391,3267,6049,4826,3774,3454,12710,5938,3879,3457,29.3513,-29.6236,8.67367,47.6527
93613,9381,5954,3925,3330,8043,5450,3858,3338,4446,4071,3648,3236,3600,3336,3249,3012,-16.9026,-23.124,8.99729,47.918
93614,3188,3217,3407,3254,3566,3656,3827,3704,4032,4804,5539,4414,4297,6929,9060,5282,24.1871,3.67444,8.66921,48.1173
93615,3428,3645,3894,3838,3631,4432,5517,4513,3892,5253,8072,5230,3566,4309,4893,4466,5.2862,6.96376,8.77035,48.386
93616,3283,3812,4471,4557,3598,4102,6412,6479,3497,3999,6199,6187,3353,3636,4255,4412,-1.03438,15.4452,8.54879,48.168
93617,3271,3361,3337,3278,3459,3858,3886,3659,3977,4910,5402,4417,4371,6962,8770,5274,24.0873,3.32393,8.51352,48.128
93618,3210,3418,3939,4327,3334,3693,4634,6908,3348,3786,5147,9449,3191,3577,4294,5551,4.29779,31.2676,8.7655,47.8707
93619,3388,4082,6877,11836,3345,3992,4865,5875,3262,3481,3766,3990,3040,3219,3378,3370,-28.3638,22.6658,8.75698,47.844
93620,3580,4080,4063,3723,4036,5518,5904,4332,4120,5881,6354,4322,3687,4294,4422,3818,1.3372,1.08696,8.7677,48.0893
93621,3249,3421,3868,3858,3383,4007,5074,4905,3551,4478,7559,6658,3496,4110,5398,5169,7.696,13.0666,8.53739,48.1227
93622,3140,3284,3551,3651,3312,3537,4085,4908,3388,3831,5128,9295,3348,3704,5262,8417,13.5167,30.01,8.784,47.894
93623,3300,3420,3403,3306,3638,3917,3825,3549,4467,6148,5512,4091,4924,7809,6554,4299,18.5778,-2.63458,8.96891,48.108
93624,3695,4581,6037,4925,3733,5110,8158,5495,3464,3991,4813,4256,3289,3557,3638,3533,-10.0187,7.55189,8.84192,48.1833
93625,3334,3749,4975,6702,3451,3782,5508,9626,3383,3650,4350,5453,3151,3453,3662,3993,-9.07881,24.7477,8.80946,48.148
93626,3827,3683,3315,3104,5408,4300,3594,3218,9844,5259,3845,3419,7137,4935,3832,3289,10.1783,-29.152,8.64288,48.006
93627,3401,3897,6139,12768,3299,3674,4620,6011,3259,3399,3702,3913,3149,3221,3421,3409,-31.2808,27.7224,8.86314,47.5213
93628,4655,7781,8695,5034,4124,4845,5148,4206,3391,3766,3700,3636,3161,3320,3270,3174,-26.7012,1.6047,8.73983,47.9373
93629,3449,3422,3234,3089,4054,3873,3422,3257,6935,4940,3899,3366,11596,6075,3849,3395,22.1392,-27.6547,8.73593,47.9033
93630,3241,3569,3873,3805,3606,4226,5319,4513,3791,5058,7992,5381,3650,4321,5230,4545,6.80863,8.1748,8.71625,48.08
93631,3357,3789,4965,6994,3316,3859,5495,9737,3293,3633,4325,5531,3156,3340,3615,3928,-9.98489,25.4609,8.7343,48.222
93632,12238,5970,3925,3367,6577,4816,3724,3353,3971,3810,3548,3194,3422,3314,3262,3173,-24.7973,-29.3943,8.73908,47.776
93633,7205,5601,4057,3423,8236,6315,3955,3420,4811,4487,3619,3225,3664,3679,3245,3198,-12.4008,-19.6136,8.5099,48.0933
93634,3093,3331,3576,3588,3214,3438,4032,4449,3414,3851,5240,8614,3367,3922,5586,9390,16.436,26.498,8.67287,48.07
93635,4798,4834,4034,3456,6169,7749,4485,3683,5075,5618,4095,3503,3953,4092,3654,3348,-4.81787,-11.8709,8.67107,48.364
93636,3108,3276,3363,3278,3292,3495,3823,4149,3354,3723,4947,7104,3438,3940,6025,11196,21.1206,33.9808,8.73383,47.674
93637,3179,3298,3522,3658,3226,3587,4121,4900,3432,3809,5435,9222,3321,3894,5177,8177,13.5526,26.7085,8.6274,47.972
93638,3223,3691,3966,4194,3510,3970,5577,5764,3477,4160,6999,6857,3359,3947,4636,4800,3.20889,15.0414,8.60692,48.0867
93639,3382,3445,3304,3149,3977,3776,3445,3179,6041,4682,3841,3282,12405,6173,3882,3399,31.6123,-27.0835,8.56273,47.5747
93640,6588,10069,5709,3771,4886,5250,4296,3711,3677,3800,3647,3346,3309,3359,3333,3167,-31.3211,-8.53124,8.83075,47.9453
93641,5410,4427,3667,3114,9585,5167,3811,3363,6991,4680,3703,3306,4274,3992,3419,3230,-3.84211,-26.0971,8.99952,48.0927
93642,3071,3294,3432,3544,3239,3703,4147,4107,3551,4341,6274,5880,3713,4688,8066,7235,19.0027,13.2963,8.61697,48.19
93643,3528,3383,3327,3096,4423,4011,3430,3236,8430,5088,3901,3390,9861,5517,3885,3390,16.957,-31.0545,8.67778,47.9307
93644,3246,3246,3451,3206,3471,3704,4019,3696,3860,4742,5949,4681,4136,6154,8916,5783,21.3254,6.19141,8.98668,48.1733
93645,3537,4369,6218,5276,3640,4687,7974,6065,3446,3815,4768,4401,3224,3381,3718,3667,-11.0973,10.9634,8.73058,48.124
93646,11381,6782,3946,3423,6359,4962,3839,3304,3958,3764,3401,3314,3438,3298,3203,3094,-24.6212,-22.4644,8.78293,47.644
93647,3370,3961,6800,12007,3470,3870,4869,6116,3226,3462,3822,3973,3096,3139,3358,3432,-27.5483,23.9252,8.5611,47.9807
93648,3326,3700,4620,5825,3411,3902,5278,9827,3341,3663,4444,6309,3209,3313,3775,4043,-6.41894,32.9643,8.82678,47.9907
93649,9912,8042,4347,3499,5651,5153,3941,3460,3873,3919,3507,3275,3546,3344,3228,3167,-33.2969,-17.7105,8.61509,47.9093
93650,8909,5424,3966,3385,8883,5375,3812,3363,4896,4050,3650,3198,3668,3483,3260,3235,-14.8126,-26.1804,8.5078,48.3713
93651,4207,4474,4030,3545,4838,7229,5242,3842,4668,6458,4845,3722,3890,4241,3928,3524,-1.55288,-5.67551,8.89361,48.4553
93652,3159,3306,3678,3689,3250,3611,4180,5109,3314,3875,5364,9599,3378,3715,5126,7807,12.0476,25.9234,8.93831,48.1067
93653,4171,5006,5158,4079,4316,7022,7014,4313,3880,4717,4580,3794,3532,3616,3749,3557,-8.13417,-0.321573,8.88793,48.336
93654,3122,3341,3611,3606,3290,3571,4145,4995,3294,3914,5514,9506,3296,3798,5212,7926,12.5935,24.836,8.82629,48.094
93655,4424,4227,3666,3364,6718,5903,4018,3374,6899,6223,4083,3430,4561,4381,3638,3396,0.967775,-17.276,8.53332,48.2033
93656,3242,3357,3323,3410,3336,3704,3938,3763,3976,4550,5958,4827,3923,5860,9061,5940,22.0769,7.45308,8.68238,48.112
93657,4767,4121,3527,3268,8451,4937,3863,3384,8058,4797,3700,3342,4827,4106,3562,3270,-0.384827,-29.627,8.6114,47.9867
93658,11921,5980,3908,3503,6862,4741,3776,3372,4145,3793,3443,3197,3360,3423,3121,3128,-22.3953,-29.6476,8.83899,47.782
93659,4010,3864,3509,3284,4836,5440,4103,3654,6402,7741,4477,3571,4885,4899,4065,3490,5.5385,-12.0301,8.56127,48.1533
93660,3418,4117,6945,11716,3316,3839,4730,6075,3192,3565,3811,3958,3105,3164,3382,3480,-28.3769,22.8194,8.61734,47.8753
93661,4119,4909,5052,3960,4336,6826,6922,4294,3800,4761,4752,4002,3484,3729,3831,3470,-7.79,0.532706,8.77583,48.1647
93662,3533,3513,3359,3216,4536,3975,3579,3333,8166,5267,3788,3396,9645,5584,3820,3386,16.5939,-33.2478,8.65178,48.064
93663,3190,3252,3342,3341,3247,3422,3786,3931,3353,3756,4659,5942,3426,3858,5962,12647,31.8492,31.4262,8.95516,47.4093
93664,3313,3445,3817,3950,3353,3822,5141,5111,3515,4271,7465,6929,3554,4038,5196,5309,7.18437,14.3997,8.72346,48.1527
93665,3768,4865,7453,5997,3762,4593,7280,5421,3438,3745,4197,4206,3241,3339,3484,3465,-15.881,10.0291,8.93871,48.1693
93666,7776,9572,5247,3650,4985,5206,4104,3609,3772,3774,3590,3306,3372,3476,3289,3140,-30.4217,-11.8309,8.85061,47.912
93667,3292,3498,3962,4266,3379,3702,4758,6622,3451,3764,5613,9012,3240,3660,4508,5455,4.24572,23.4334,8.55659,48.1213
93668,3126,3316,3346,3479,3302,3707,3884,3951,3406,3932,5301,5870,3554,4324,8096,9609,25.2527,17.32,8.8912,48.1353
93669,4191,5988,8805,5664,3814,4878,6003,4731,3532,3722,3954,3719,3100,3212,3365,3265,-20.9154,6.03655,8.57593,47.962
93670,3100,3328,3530,3511,3268,3640,4231,4579,3493,3959,6259,7695,3404,4133,6246,7746,15.1024,18.2057,8.8286,48.0813
93671,3640,4552,8287,7886,3484,4164,5915,5925,3389,3653,3996,3936,3183,3315,3417,3373,-20.7534,14.2206,8.74073,48.0767
93672,3255,3609,4300,4625,3449,3933,5902,7070,3379,3969,5857,7059,3278,3655,4107,4620,-0.117263,18.2439,8.81225,48.0447
93673,3275,3842,4589,5774,3372,3880,5403,9657,3325,3589,4623,6468,3098,3522,3782,4160,-5.76423,25.9314,8.94745,48.2393
93674,3451,4253,7041,11225,3482,3789,4993,5794,3149,3369,3808,4048,3114,3255,3351,3393,-33.4635,21.5914,8.52099,47.6767
93675,5457,7920,5590,4008,5058,6795,5073,3879,3865,4103,3907,3615,3415,3483,3377,3179,-17.1643,-5.93684,8.71421,48.4827
93676,3107,3384,3477,3412,3289,3739,4158,4026,3629,4576,7159,5389,3952,5125,7789,6020,17.1332,9.20888,8.85186,48.154
93677,3401,3364,3316,3142,4018,4156,3673,3415,5535,6596,4571,3690,6414,8246,5045,3739,18.2573,-10.4793,8.59243,48.214
93678,9508,5521,3823,3422,8721,5040,3744,3271,4665,3908,3507,3259,3556,3501,3259,3159,-15.9922,-28.4887,8.77034,47.9093
93679,3119,3268,3395,3419,3216,3432,3767,4006,3240,3835,4867,6684,3369,3980,6308,11898,24.4953,25.056,8.79454,47.8687
93680,3308,3455,3277,3147,3852,3808,3540,3310,5329,5104,4196,3424,9171,8619,4707,3589,31.1088,-15.4134,8.60798,47.8907
93681,8397,8840,4685,3669,5712,5604,4088,3501,3908,3780,3590,3202,3346,3437,3127,3080,-23.1291,-14.283,8.75279,47.9773
93682,12224,6408,3962,3375,5969,4810,3869,3421,3953,3756,3551,3205,3369,3425,3247,3209,-32.9625,-25.4322,8.54881,47.8353
93683,3214,3223,3493,3718,3305,3540,4102,4698,3441,3963,5182,8914,3330,3944,5305,8771,14.8132,27.5883,8.62313,48.0953
93684,3782,3768,3532,3179,5044,4719,3711,3435,7759,7068,4130,3428,5935,5237,4001,3421,9.00374,-16.4726,8.77797,48.0993
93685,3106,3297,3452,3409,3174,3403,3855,3946,3416,3947,4851,5783,3510,4383,7570,10959,29.212,19.705,8.62594,48.0407
93686,10916,7403,4126,3446,5779,5040,3889,3447,3957,3868,3313,3192,3278,3468,3248,3189,-33.0203,-20.2589,8.5491,47.706
93687,4366,6042,6182,4458,4453,6612,6666,4287,3674,4188,4212,3777,3383,3435,3489,3343,-13.9412,0.165692,8.78324,48.378
93688,10591,7631,4296,3392,5945,4997,3882,3433,3882,3938,3431,3233,3280,3253,3121,3090,-27.2451,-19.4542,8.65152,47.5967
93689,3313,3367,3392,3294,3581,3847,3905,3621,4053,5334,5631,4389,4545,7297,7942,4779,20.9661,0.927116,8.92486,48.1933
93690,3282,3990,6084,12461,3430,3813,4831,6330,3170,3428,3833,3830,3216,3325,3438,3312,-26.3313,29.5779,8.57803,47.8487
93691,3828,3832,3560,3276,4664,5033,4112,3401,6434,7876,4480,3608,5078,5344,4075,3541,7.91623,-12.2153,8.79596,48.0947
93692,3343,3418,3250,3102,3845,3963,3595,3383,5134,5392,4276,3700,7552,9483,5220,3688,26.3296,-11.421,8.56233,48.2293
93693,3586,3588,3377,3211,4771,4142,3534,3229,9138,5498,3780,3364,8286,5392,3699,3328,13.4568,-24.954,8.96854,47.9487
93694,3518,3501,3421,3085,4193,4312,3648,3356,5797,7143,4613,3720,6125,7556,4784,3675,16.0818,-11.1438,8.96059,48.298
93695,4128,5620,7272,5058,4024,5485,6862,4664,3532,3906,4168,3898,3213,3451,3508,3396,-16.2279,4.55013,8.50657,48.1233
93696,4240,5555,5340,4057,4520,7073,6631,4199,3958,4435,4384,3848,3468,3630,3583,3384,-10.5417,-1.28856,8.91197,48.2033
93697,3398,3876,5982,11968,3323,3677,4953,6884,3185,3513,3863,4098,3105,3211,3476,3461,-22.5946,29.1895,8.76746,47.982
93698,3226,3154,3407,3384,3330,3433,3789,3837,3603,4175,5291,5318,3466,4838,9163,8709,27.821,14.2324,8.66308,48.082
93699,4234,5885,6378,4658,4233,6076,6903,4581,3616,4124,4247,3786,3282,3493,3431,3457,-14.326,1.76437,8.52726,48.256
93700,4335,4354,3700,3367,6103,6320,4194,3440,6325,6733,4280,3482,4484,4344,3677,3413,0.730796,-14.0843,8.98071,48.3673
93701,3172,3438,3925,4153,3365,3675,5073,5873,3411,3940,6294,8077,3386,3770,4866,5415,5.32073,18.807,8.60794,47.8887
93702,3458,4059,6693,11940,3386,3779,4846,5952,3144,3394,3827,3888,3192,3291,3330,3388,-33.3198,23.3614,8.63726,47.7113
93703,3262,3527,3588,3647,3554,4049,4827,4239,3764,4966,8020,5635,3594,4534,6154,5104,10.7995,9.19625,8.51894,48.3093
93704,3960,4862,5072,4165,4210,6480,7275,4520,3757,4614,4797,3895,3434,3710,3776,3521,-7.62592,1.44879,8.69363,48.032
93705,3326,3334,3346,3173,3648,3737,3661,3434,4602,5188,4528,3861,5896,9895,6522,4186,28.6686,-5.62781,8.98032,48.2247
93706,3575,3612,3434,3219,4258,4487,3878,3365,5874,7716,4773,3764,5534,6772,4527,3722,13.0297,-9.96615,8.54207,48.34
93707,3669,3414,3109,3135,4318,3962,3599,3210,7748,5458,3864,3402,9490,6191,3977,3425,17.8514,-22.2171,8.77137,47.9807
93708,3774,5152,9817,7564,3536,4053,5261,5037,3256,3584,3869,3763,3109,3282,3383,3269,-29.5839,11.168,8.95942,47.806
93709,3437,3347,3106,3173,3934,3857,3479,3173,5919,4921,3806,3336,11847,6913,4014,3454,29.9899,-22.77,8.69069,47.8107
93710,3258,3284,3278,3439,3277,3365,3701,3883,3354,3716,4715,6063,3415,3980,5885,12590,32.087,33.1288,8.54675,47.4687
93711,3182,3590,4392,5479,3282,3717,5162,9197,3408,3709,4777,7191,3207,3515,4004,4328,-3.57206,28.414,8.59264,48.0933
93712,3268,3492,3942,3939,3479,4063,5682,5232,3458,4475,7474,6420,3476,4008,5026,4798,4.90437,12.8677,8.66879,48.1547
93713,3352,4184,7510,11120,3535,3899,4955,5797,3215,3568,3862,3961,3083,3234,3397,3483,-29.0992,20.1993,8.69982,48.1033
93714,3462,3428,3197,3170,3769,3833,3571,3238,5293,5188,4160,3527,8502,9319,4855,3713,30.3069,-14.1973,8.69954,48.15
93715,9744,5624,3959,3354,8228,5188,3813,3422,4466,4000,3566,3233,3556,3426,3265,3203,-17.433,-33.3372,8.53404,48.0313
93716,12498,6460,3978,3364,6114,4728,3839,3294,3957,3770,3427,3190,3325,3396,3261,3089,-29.3409,-25.8497,8.84389,47.7933
93717,4007,5181,7412,5389,3921,5099,7349,5052,3427,3859,4366,3929,3204,3404,3496,3466,-15.3038,6.76573,8.77776,48.374
93718,5016,4519,3709,3267,8578,5792,3909,3418,6850,5120,3786,3302,4363,4007,3419,3064,-2.97951,-21.6551,8.89306,48.0793
93719,3866,3938,3746,3294,4891,5836,4334,3549,5550,7856,5080,3806,4450,4972,4096,3631,4.67728,-8.79417,8.59775,48.5967
93720,6017,4898,3795,3398,8862,6249,3958,3401,5714,4700,3754,3283,4060,3735,3381,3117,-6.9982,-20.9033,8.83959,48.2147
93721,3350,3966,6103,9618,3386,3865,5411,7975,3371,3448,3965,4375,3082,3249,3377,3523,-17.6515,24.0094,8.77834,48.0427
93722,3796,4332,4569,4057,4059,5713,7328,4592,3703,5014,5745,4391,3564,3850,4106,3767,-3.47325,3.53084,8.59723,48.3907
93723,3359,3736,3669,3541,3713,4396,5024,4182,3904,5953,7845,4798,3764,4638,5402,4381,7.92675,4.15566,8.72171,48.2033
93724,3181,3425,3734,3914,3361,3730,4560,5564,3303,3965,6030,9209,3391,3788,4965,6211,8.42948,21.8152,8.59397,48.2207
93725,3077,3239,3372,3358,3253,3523,3774,3975,3448,3857,5022,5940,3552,4274,7561,10807,26.6444,19.9208,8.89545,48.0213
93726,4431,7021,8878,5241,4082,4884,5396,4368,3587,3784,3875,3639,3272,3286,3357,3286,-23.9636,3.26208,8.56642,48.258
93727,3323,3518,3592,3311,3768,4219,4377,3781,4217,6476,7051,4500,4350,5751,6093,4431,13.1357,1.54754,8.81973,48.5053
93728,6596,4798,3685,3299,9677,5176,3816,3243,5855,4484,3559,3367,4021,3763,3482,3149,-8.25753,-29.2203,8.50392,47.98
93729,12741,6021,3889,3320,5877,4762,3726,3217,3826,3832,3474,3269,3448,3397,3292,3180,-30.2326,-30.9552,8.72912,47.514
93730,5777,8909,6135,4092,4632,6127,4833,3905,3822,3969,3859,3504,3290,3441,3308,3140,-20.3866,-5.83276,8.76402,48.4953
93731,7463,5244,3900,3198,9454,5664,3838,3407,5060,4292,3638,3158,3669,3592,3220,3017,-11.9395,-23.7394,8.70225,47.876
93732,3360,3880,5551,9291,3418,3799,5170,8923,3289,3488,4128,4654,3095,3238,3470,3573,-15.6856,28.6748,8.9403,48.218
93733,3084,3131,3516,3332,3234,3540,3753,4026,3368,3773,4801,6096,3338,3979,6051,12488,27.3454,28.4261,8.62035,47.6733
93734,3334,3370,3373,3218,3653,3911,3707,3505,4321,5363,5215,4112,4982,8312,7606,4639,23.0853,-1.30823,8.94713,48.414
93735,6905,5075,3742,3375,9711,5621,3869,3415,5361,4434,3655,3280,3819,3681,3295,3170,-9.8988,-23.5253,8.86433,48.272
93736,6053,5036,3744,3361,8702,6129,3982,3461,5587,4658,3812,3366,4010,3750,3501,3107,-7.33409,-20.5169,8.59364,48.1727
93737,9122,5417,3814,3356,8858,5106,3787,3450,4478,4088,3483,3232,3599,3480,3232,3259,-15.4185,-31.2845,8.67538,47.8407
93738,5037,7125,5758,4075,4697,7106,5591,4044,3920,4197,3984,3411,3386,3425,3405,3254,-15.5445,-4.47885,8.96065,48.2767
93739,3340,3489,3524,3446,3671,4315,4467,3986,4135,6078,7476,4628,4051,5164,5806,4428,11.069,3.05204,8.52299,48.0027
93740,3246,3342,3300,3362,3388,3587,3885,3723,3787,4437,5634,4942,3843,5643,9686,6595,24.2425,8.9163,8.81164,48.2667
93741,3669,5246,9290,7118,3574,4314,5776,5085,3297,3540,3948,3835,3115,3278,3406,3289,-23.8178,10.6854,8.55845,47.8533
93742,3615,3797,3642,3453,4016,4939,4658,3818,4555,7171,6513,4192,4119,5057,4884,4000,7.27428,-1.78544,8.57895,48.286
93743,3415,3902,5386,6365,3371,4002,6398,8491,3292,3701,4525,5073,3180,3389,3719,3853,-10.0743,18.8626,8.8205,48.0413
93744,3123,3384,3432,3345,3293,3435,3777,3829,3425,3806,4750,6009,3387,3925,6185,12431,28.9019,30.016,8.61274,47.6907
93745,3481,3475,3270,3110,4012,3903,3608,3331,5766,5497,4234,3482,8422,8404,4540,3616,21.7665,-15.133,8.57837,48.1007
93746,3324,3601,3785,3829,3546,4077,5454,4547,3681,4965,8163,5713,3641,4144,5153,4679,6.59138,9.32713,8.81225,48.2013
93747,3790,3834,3563,3343,4354,5113,4283,3627,5526,8020,5038,3729,4808,5175,4297,3661,7.0972,-8.3362,8.73564,48.1073
93748,3344,3881,4958,4785,3470,4317,7454,6651,3498,4128,5746,5268,3219,3617,3859,3935,-4.53981,13.2716,8.96134,48.0867
93749,9481,6452,4073,3429,7370,5523,3926,3382,4238,3993,3611,3197,3495,3474,3252,3097,-18.3315,-21.3625,8.74622,47.9953
93750,3152,3488,3812,4104,3232,3800,4729,6428,3320,3878,5695,9227,3299,3776,4695,5566,5.42196,23.3202,8.66698,48.134
93751,4179,5070,5226,4148,4234,6619,7222,4357,3790,4659,4692,3894,3472,3657,3738,3499,-8.68085,1.02708,8.72641,48.304
93752,5651,9614,6897,4140,4503,5318,4777,3820,3638,3685,3575,3388,3291,3385,3320,3214,-26.8641,-4.73316,8.97905,48.144
93753,4282,4192,3587,3334,5773,6072,4070,3408,6716,6746,4204,3407,4629,4576,3753,3361,2.11506,-14.4279,8.93505,48.0733
93754,3639,3574,3420,3143,4443,4329,3808,3394,7095,7038,4231,3562,6597,6361,4245,3491,13.2685,-15.0155,8.57841,48.2467
93755,3147,3231,3340,3373,3196,3406,3820,3840,3259,3576,4815,6134,3291,4013,6391,12351,31.5355,25.4235,8.5467,47.4553
93756,11302,6169,3976,3388,7291,4891,3723,3299,4109,3833,3528,3214,3330,3387,3202,3170,-21.5061,-25.8578,8.89009,47.8747
93757,3256,3386,3209,3165,3806,3875,3542,3275,5402,5437,4192,3520,8119,9401,4845,3806,28.905,-12.9304,8.88277,48.1573
93758,4510,3921,3543,3269,7266,4852,3713,3216,8958,5189,3842,3410,5098,4358,3747,3358,2.63521,-32.1775,8.68273,48.1667
93759,3264,3356,3841,4303,3322,3781,4694,6671,3305,3911,5379,9480,3268,3686,4547,5696,5.02312,25.3352,8.66226,48.336
93760,4800,6496,5317,3906,4831,7502,5690,4049,3786,4379,4063,3627,3384,3557,3452,3304,-13.2388,-3.99818,8.77518,48.0953
93761,3527,3568,3355,3106,4596,4251,3650,3304,7242,6867,4250,3478,6792,6493,4106,3442,13.8735,-15.7862,8.94876,48.018
93762,5510,5661,4154,3499,6793,7602,4404,3440,4992,4873,3780,3414,3729,3738,3526,3245,-9.0582,-13.634,8.56255,48.24
93763,3448,4451,8131,10143,3507,4057,5095,5368,3245,3557,3751,3917,3188,3267,3451,3300,-31.1277,17.8633,8.5576,47.9173
93764,3257,3563,3886,4266,3391,3814,4772,6799,3352,3748,5639,8964,3260,3607,4486,5598,3.96499,24.2907,8.57856,48.268
93765,6427,9691,5989,3913,4765,5309,4354,3843,3602,3886,3674,3407,3321,3341,3283,3185,-28.6714,-7.97825,8.55487,47.9933
93766,3827,5647,9867,6675,3685,4402,5170,4852,3452,3729,3670,3786,3143,3235,3475,3438,-30.7477,8.83377,8.77607,48.0353
93767,3440,3797,4452,4414,3721,4610,7570,5585,3547,4437,6240,5047,3437,3638,4188,4192,-2.3531,9.56816,8.55034,48.21
93768,3052,3235,3343,3363,3293,3489,3767,4005,3379,3972,4840,6513,3454,4024,5974,12103,24.5312,30.1501,8.5764,47.8707
93769,3467,3556,3515,3186,3984,4456,4014,3551,5116,7461,5322,3916,5128,6939,5099,3836,13.8611,-6.6271,8.50227,48.364
93770,6364,8231,4966,3768,5529,6905,4422,3702,4097,4077,3618,3333,3412,3486,3394,3129,-17.4094,-10.7888,8.98656,48.2887
93771,3458,3897,5197,5678,3522,4265,6965,7731,3339,3860,4829,5213,3269,3446,3885,3862,-8.08005,16.4211,8.60635,48.2773
93772,3444,3448,3241,3104,4207,3836,3442,3261,7419,4843,3744,3435,11356,5655,3979,3437,21.1909,-30.0447,8.83981,47.9007
93773,5320,5046,3938,3369,7615,6766,4235,3437,5482,4983,3979,3456,3951,3993,3474,3150,-6.48561,-17.323,8.5304,48.1293
93774,3344,3825,5731,10548,3361,3752,4983,7782,3255,3596,3880,4181,3171,3295,3344,3366,-19.0424,31.6418,8.96105,47.6093
93775,4902,8276,7980,4672,4185,4902,5078,4155,3617,3869,3749,3551,3419,3307,3424,3209,-28.313,-0.320434,8.60021,48.1967
93776,6334,9329,5685,3871,4984,5840,4496,3847,3820,3897,3781,3411,3262,3380,3246,3205,-22.0824,-8.04712,8.53147,48.2587
93777,3483,4448,7770,9579,3460,4041,5309,6089,3240,3548,3871,3972,3198,3176,3416,3416,-23.4969,18.0023,8.65583,48.0107
93778,3359,3713,4342,4311,3535,4148,6159,5885,3553,4205,6698,6286,3348,3667,4428,4553,1.11992,14.1196,8.58373,48.1267
93779,7441,5149,3836,3367,9609,5263,3857,3383,5385,4236,3564,3192,3764,3742,3229,3255,-11.2116,-26.8089,8.80165,48.1813
93780,3041,3224,3378,3366,3151,3404,3826,3979,3275,3856,4818,6302,3407,4001,6330,12318,25.9019,25.4354,8.70466,47.784
93781,3527,4664,7279,6802,3571,4429,6797,6320,3321,3638,4216,4317,3208,3403,3474,3435,-16.1468,13.5331,8.556,48.2673
93782,3325,3554,3248,3049,4063,3995,3576,3346,6510,5747,4180,3396,8801,7287,4472,3486,19.7176,-17.2931,8.80647,48.0233
93783,3978,4000,3773,3304,4539,6120,4712,3696,5174,7612,5109,3746,4269,4749,4040,3610,3.34305,-7.05582,8.70326,48.2873
93784,3067,3379,3527,3400,3132,3537,4081,4324,3472,3779,5312,8229,3294,3894,5850,9825,17.2203,25.6191,8.69269,48.068
93785,5077,8678,7619,4616,4174,5140,4907,4190,3699,3845,3733,3595,3235,3326,3270,3174,-26.6186,-1.80819,8.55831,48.1853
93786,12232,5952,4010,3439,6270,4821,3703,3350,3936,3795,3384,3243,3381,3368,3233,3153,-26.4175,-30.4044,8.5311,47.5133
93787,3807,4902,6914,5250,3847,5060,7572,5324,3416,3947,4339,4020,3306,3487,3567,3472,-14.0027,7.41966,8.79144,48.1533
93788,3069,3294,3466,3482,3250,3527,4023,4387,3335,3847,5041,7937,3340,3916,5712,10310,18.2184,28.5695,8.50599,47.9573
93789,3781,3864,3591,3382,4682,5447,4117,3579,5681,7958,4991,3612,4630,5110,4286,3614,6.13114,-8.96829,8.60564,48.2167
93790,4102,4723,4165,3519,4947,7657,5369,3827,4468,6097,4580,3692,3861,4126,3728,3420,-3.10103,-5.92838,8.92974,48.1873
93791,3169,3229,3689,3906,3262,3644,4364,5781,3402,3846,5301,9777,3341,3682,4827,6812,8.68541,28.0902,8.64392,48.0213
93792,3704,3525,3180,3101,4619,4084,3372,3221,8350,5299,3877,3372,9253,5693,4064,3369,16.2427,-25.3763,8.5206,48.0553
93793,3131,3249,3726,3927,3203,3628,4429,5576,3279,3788,5465,9833,3318,3864,4878,6787,9.42075,26.3015,8.76171,48.054
93794,3142,3332,3528,3379,3367,3641,3810,3903,3672,4434,6084,5398,3783,5147,8736,6877,20.9899,10.8634,8.59229,48.1553
93795,3209,3707,4908,6871,3316,3860,5643,9435,3389,3706,4362,5481,3068,3368,3703,3926,-10.0582,24.2832,8.72722,47.968
93796,3180,3230,3354,3244,3166,3456,3814,4025,3415,3867,4945,6914,3440,3923,5968,11536,21.9097,32.5323,8.63161,47.6513
93797,10252,8266,4327,3602,5688,5075,4013,3427,3804,3656,3474,3199,3370,3303,3156,3151,-28.5162,-17.9077,8.8258,47.842
93798,4208,6294,8648,5515,3897,4914,6221,4631,3484,3695,3916,3701,3274,3355,3399,3270,-20.4415,4.99513,8.76947,48.2813
93799,3094,3219,3534,3532,3270,3660,4171,4293,3619,4503,6792,6333,3809,4572,7239,6909,16.2187,13.5504,8.88383,48.366
93800,3976,3860,3392,3101,6011,4484,3587,3115,10072,5205,3790,3390,6451,4721,3749,3376,7.44581,-28.7921,8.81939,48.1867
93801,4972,8966,7326,4406,4282,5239,4844,3975,3549,3752,3796,3499,3245,3298,3367,3289,-33.8738,-2.36478,8.71302,47.87
93802,4808,8037,7898,4815,4222,5316,5303,4273,3552,3805,3666,3529,3227,3330,3289,3302,-23.0056,0.0443945,8.9881,48.248
93803,3578,4079,5284,4862,3759,4669,7928,6095,3471,4064,5307,4710,3348,3575,3840,3935,-6.5144,10.6931,8.6182,48.336
93804,4731,7259,6722,4605,4391,6114,5743,4258,3596,4095,3922,3562,3233,3332,3435,3172,-18.0415,-1.14805,8.56504,48.1133
93805,3156,3387,3553,3511,3319,3595,4035,4487,3404,3948,5138,8633,3350,3836,5441,9233,15.5196,30.7075,8.78032,48.0173
93806,4695,4082,3456,3303,7946,4869,3703,3287,8533,5127,3693,3345,4931,4209,3566,3311,0.913829,-27.5381,8.51519,48.0373
93807,3528,3317,3255,3125,3842,3899,3473,3243,6133,4786,3739,3390,12834,5975,3863,3405,28.8664,-29.9291,8.70366,47.8713
93808,3372,3448,3279,3148,3873,4009,3629,3236,5145,5818,4407,3560,6913,9501,5220,3671,22.8084,-10.0993,8.85006,48.1527
93809,11141,7493,4209,3354,5857,5015,3924,3430,3864,3775,3388,3313,3524,3233,3240,3229,-29.3424,-20.2737,8.60909,47.9927
93810,6594,5610,4085,3423,8100,6879,4078,3435,4998,4596,3584,3267,3723,3708,3332,3214,-10.8976,-17.6009,8.82632,48.4173
93811,3038,3241,3443,3319,3273,3484,3779,3930,3413,4010,4937,5765,3531,4159,7364,11202,29.6603,20.7684,8.61102,47.9253
93812,3336,3374,3320,3245,3754,3856,3701,3403,4658,5673,4663,3747,5778,9311,6127,4024,23.0849,-6.18929,8.7001,47.98
93813,3531,3507,3340,3068,4316,3993,3600,3163,8156,5017,3912,3469,9858,5707,3926,3398,17.3894,-32.9047,8.72241,47.974
93814,4885,6300,4901,3789,5234,8043,5604,3876,4032,4683,4133,3526,3554,3635,3559,3217,-11.194,-6.04889,8.9867,48.6473
93815,3177,3500,3805,3981,3339,3791,4831,5460,3377,4215,7232,7864,3347,3939,5048,5668,7.2611,16.6461,8.99622,48.3827
93816,3582,4091,4822,4222,3810,5310,7731,5015,3703,4539,5978,4516,3339,3718,4075,3864,-3.86724,6.74801,8.57111,48.21
93817,8794,6108,3944,3501,7920,5748,3963,3311,4418,4052,3645,3340,3553,3542,3210,3100,-16.3547,-21.3313,8.70835,48.0993
93818,3126,3373,3648,3491,3340,3724,4466,4535,3501,4297,6797,6843,3531,4274,6626,6751,14.6439,14.9714,8.91505,48.2153
93819,12450,6369,3912,3205,6201,4807,3893,3472,3894,3744,3432,3187,3476,3371,3298,3247,-28.1536,-26.3533,8.78462,47.972
93820,11749,5957,3922,3481,6900,4771,3943,3345,4036,3849,3532,3261,3344,3465,3243,3136,-22.4767,-32.0401,8.61038,47.956
93821,4284,5169,4914,3918,4498,7448,6360,4144,3942,4837,4631,3645,3453,3699,3746,3494,-7.81228,-2.15828,8.85952,48.1213
93822,3670,3749,3628,3173,4308,5080,4114,3520,5391,8211,5094,3695,4682,5649,4537,3616,8.81425,-7.84111,8.90273,48.078
93823,3165,3385,3349,3359,3555,3739,3750,3651,3970,5042,5469,4394,4383,7175,8636,5124,23.6173,2.68453,8.71819,48.0973
93824,5362,5025,3947,3314,7468,7105,4318,3382,5385,5088,3886,3398,3986,3839,3492,3234,-6.0098,-16.1074,8.72022,48.1527
93825,3245,3668,4545,5220,3423,3882,5856,8703,3459,3916,5139,6555,3223,3510,3963,4245,-3.87818,20.2852,8.87364,48.368
93826,11098,7520,4216,3410,5738,4887,4006,3414,3767,3692,3565,3233,3388,3320,3325,3100,-31.462,-19.959,8.77953,47.786
93827,3176,3128,3360,3418,3288,3415,3819,4108,3399,3921,4827,6755,3372,3966,6042,11743,23.2794,27.9123,8.62591,47.8247
93828,10254,5587,3947,3423,7925,4964,3835,3390,4299,3969,3493,3217,3408,3502,3341,2981,-18.5902,-30.2837,8.57813,47.69
93829,3376,4084,6132,11093,3465,3900,5112,7249,3125,3499,3785,4303,3045,3118,3413,3458,-20.4616,25.1945,8.66841,48.1047
93830,3449,3465,3519,3223,3684,4165,3945,3605,4729,6773,5385,3915,5027,7679,5832,3909,16.8456,-4.41277,8.89301,48.2027
93831,6465,5249,3897,3324,8898,6178,4018,3374,5377,4550,3598,3307,3906,3668,3380,3105,-9.48713,-20.2578,8.78142,48.196
93832,9520,5474,3827,3431,8562,5175,3900,3389,4578,4004,3516,3114,3572,3453,3215,3163,-16.3919,-30.4068,8.7769,47.9287
93833,3351,3753,4861,6441,3421,3799,5088,10122,3264,3668,4406,5821,3167,3296,3695,3946,-8.10044,31.9667,8.81816,48.066
93834,3119,3216,3319,3330,3208,3417,3845,3971,3367,3916,4840,6201,3363,4004,6609,11851,27.7291,23.6164,8.59363,47.7173
93835,3527,3438,3295,3120,4362,4026,3585,3101,8096,5158,3798,3433,10006,5824,3873,3464,17.9686,-25.262,8.91392,48.0707
93836,3127,3287,3330,3530,3240,3542,3734,3963,3496,3873,4918,5676,3460,4234,7588,10850,29.5335,19.5581,8.88325,47.8987
93837,3344,3320,3112,3185,3886,3837,3568,3332,5662,5174,3972,3532,9637,8411,4539,3439,27.0601,-16.4853,8.73085,47.9667
93838,12706,6089,3952,3473,6124,4747,3753,3402,3864,3670,3448,3244,3352,3426,3212,3182,-29.789,-30.2388,8.63987,47.7627
93839,4150,5272,5374,4214,4314,6922,7106,4352,3816,4491,4603,3862,3474,3562,3737,3346,-9.44693,0.656686,8.86784,48.3967
93840,3285,3362,3628,3546,3486,3789,4474,4474,3572,4570,7749,6448,3613,4388,6317,5643,11.6631,11.9352,8.59931,48.2293
93841,3284,3588,3976,3998,3538,4088,5615,5172,3486,4511,7523,6327,3467,3959,4848,4795,4.56349,12.7152,8.85183,48.1167
93842,3089,3263,3428,3586,3278,3672,4288,4558,3499,4070,6317,7882,3418,4017,6080,7515,14.0323,18.5567,8.90003,47.9733
93843,3044,3257,3552,3455,3200,3523,3864,4384,3468,3974,5574,7197,3535,4130,6750,9409,18.7168,20.3098,8.73478,48.2107
93844,3573,4309,6128,5826,3559,4487,7581,6810,3399,3674,4552,4442,3272,3417,3566,3707,-11.5047,13.4496,8.55084,48.2013
93845,3372,3672,3677,3590,3663,4553,4868,4046,4067,6417,7427,4635,3941,4914,5271,4215,8.54887,2.52369,8.71903,48.2187
93846,4587,5446,4621,3774,5122,8110,5490,3838,4269,5085,4279,3614,3610,3625,3561,3207,-8.44281,-6.10206,8.99034,48.1587
93847,4400,6813,7776,4851,4158,5450,5894,4401,3574,3885,3933,3710,3297,3413,3435,3290,-19.6686,1.60843,8.52474,48.1867
93848,3327,3635,4518,5331,3339,3770,5212,9585,3310,3636,4654,6949,3133,3419,3928,4102,-4.12033,33.2504,8.98259,47.8987
93849,3276,3484,3674,3809,3306,3634,4287,5634,3380,3929,5222,9830,3349,3718,4971,6809,9.30818,30.7478,8.57143,48.208
93850,4666,4254,3493,3223,7589,5195,3720,3413,8364,5222,3818,3415,4953,4191,3514,3260,0.736379,-24.0921,8.65834,48.1933
93851,3474,4260,7274,9816,3502,4057,5300,6279,3264,3516,3919,4094,3148,3245,3456,3434,-21.8304,19.4797,8.57461,48.0253
93852,3443,3488,3243,3034,4220,3975,3515,3178,6788,5752,4063,3481,8877,7336,4262,3443,19.3137,-17.9319,8.98814,48.0653
93853,12546,5960,3847,3449,6201,4610,3786,3366,3897,3682,3461,3295,3300,3331,3209,3104,-27.6808,-32.6532,8.87444,47.3627
93854,4034,6111,9166,5909,3785,4627,5920,4808,3449,3694,3897,3713,3096,3387,3342,3317,-22.6885,6.73472,8.5631,48.17
93855,3714,3479,3337,3148,4689,4162,3501,3263,9085,5152,3880,3254,9031,5277,3730,3404,14.652,-28.9951,8.87692,48.0707
93856,4892,8329,8246,4741,4155,5071,4997,4049,3551,3718,3669,3599,3209,3385,3292,3272,-31.4025,-0.520858,8.72567,48.1167
93857,3219,3392,3780,3927,3288,3599,4518,5515,3435,3913,6003,9378,3387,3845,5019,6384,8.50714,22.0598,8.99135,48.4013
93858,3288,3865,5300,7817,3353,3855,5561,9202,3209,3534,4143,4947,3144,3432,3472,3666,-12.4582,25.0421,8.98008,47.8587
93859,3140,3321,3456,3522,3278,3537,4113,4530,3493,3851,5243,8332,3305,4006,5613,9697,17.1017,25.4246,8.88423,48.2913
93860,3128,3274,3342,3299,3305,3593,3955,4026,3513,4226,5796,5799,3622,4687,8709,7763,21.5785,13.5801,8.80943,48.0247
93861,3464,3637,3624,3551,3898,4541,5003,3996,4179,6659,7317,4356,3871,4851,5048,4190,7.57021,1.6779,8.87903,48.1233
93862,3375,3430,3241,3131,4060,3857,3430,3247,6435,4966,3862,3329,11693,6506,4102,3303,24.6031,-24.0305,8.76201,47.978
93863,3085,3311,3485,3400,3450,3740,4252,4161,3540,4616,7196,6049,3562,4606,7472,6376,15.7212,11.7856,8.79504,48.2007
93864,3112,3232,3426,3406,3246,3529,3869,4124,3273,3711,4945,7449,3257,3911,5840,11053,20.2994,30.7569,8.65282,47.5887
93865,3342,3387,3258,3037,4031,3885,3382,3330,6343,4823,3769,3369,12669,5950,3921,3418,26.5026,-30.0474,8.76907,47.9427
93866,4196,4375,3808,3520,5397,6496,4371,3563,5475,7158,4343,3654,4293,4431,3814,3460,0.760835,-10.7429,8.52669,48.236
93867,3513,3733,3639,3490,4001,4768,4645,3775,4413,7180,6480,4239,4201,5179,4927,4037,8.40662,-1.28914,8.56096,48.1467
93868,3154,3257,3388,3278,3463,3718,3932,3640,3887,4776,5615,4524,4218,6562,9261,5519,23.4692,4.29186,8.93167,48.128
93869,3169,3472,3706,3887,3289,3618,4293,6090,3418,3862,5299,9825,3337,3735,4565,6213,7.38728,32.9187,8.72934,47.852
93870,10942,5845,3947,3412,7711,5029,3812,3382,4250,3891,3446,3252,3433,3482,3211,3006,-19.7413,-26.2629,8.9854,48.034
93871,3131,3273,3277,3374,3244,3535,3930,4022,3467,3786,5074,7330,3355,4013,5821,11384,20.9895,32.6848,8.78672,48.0107
93872,6030,4739,3734,3223,9571,5655,3907,3353,6117,4630,3639,3319,4063,3760,3288,3233,-6.80065,-24.1488,8.66311,48.174
93873,5058,5282,4113,3648,6351,7814,4563,3640,4712,5267,3964,3489,3784,3898,3535,3285,-7.53497,-11.9343,8.55245,48.2687
93874,4687,7119,6766,4527,4391,6106,5909,4226,3639,4090,3980,3610,3313,3375,3340,3267,-17.4702,-0.901265,8.89492,48.23
93875,3240,3585,3976,4065,3445,3952,5368,5658,3516,4177,7218,7173,3345,3742,4875,5043,4.56205,15.372,8.8929,48.252
93876,3640,3691,3256,3199,4385,4524,3751,3328,7022,7551,4274,3581,6212,6147,4295,3490,11.9313,-14.2352,8.91416,48.2307
93877,3035,3354,3409,3594,3322,3569,4125,4367,3460,4154,6200,7236,3462,4124,6601,7954,16.3542,18.2794,8.74359,47.9773
93878,3239,3691,4871,6671,3351,3776,5180,10037,3318,3651,4264,5783,3228,3353,3674,3875,-8.7814,30.3422,8.867,47.9747
93879,3656,3862,3514,3385,4476,5511,4262,3571,5593,7981,5200,3807,4567,5174,4171,3589,6.1533,-8.07091,8.57363,48.2127
93880,3258,3894,4853,6906,3384,3844,5314,9797,3352,3583,4502,5585,3169,3400,3653,3796,-9.4019,31.1302,8.62593,48.1933
93881,3624,4623,8985,8982,3473,3886,5082,5418,3351,3540,3818,3906,3020,3233,3435,3388,-32.1726,15.202,8.99759,47.8427
93882,3416,3537,3426,3295,3669,4175,4182,3672,4285,6620,6540,4379,4494,6300,5943,4295,13.9592,-0.564403,8.8625,48.152
93883,3524,3977,5986,6167,3479,4293,7090,7402,3384,3773,4598,4750,3200,3357,3797,3733,-11.2293,15.586,8.82848,48.34
93884,3342,4208,6643,8950,3395,4079,5774,7154,3272,3575,4050,4425,3129,3246,3438,3421,-18.1483,19.5183,8.7146,48.0673
93885,3517,3627,3558,3335,4083,4606,4029,3523,4860,7740,5524,3982,4782,6435,4983,3908,12.3498,-5.72874,8.50302,48.328
93886,3480,4105,7060,11622,3379,3776,4903,5977,3215,3334,3732,3933,3113,3231,3373,3413,-28.5246,22.3955,8.6137,47.764
93887,3944,6066,9943,6237,3646,4501,5273,4726,3456,3700,3852,3780,3193,3261,3430,3349,-32.3109,7.31523,8.68548,48.238
93888,12258,6050,3961,3464,6228,4895,3837,3430,3823,3793,3357,3188,3388,3349,3232,3068,-26.2053,-33.5779,8.79608,47.5473
93889,7782,8633,4869,3618,5627,5978,4216,3621,3974,3871,3674,3277,3417,3419,3299,3037,-22.0544,-13.2834,8.65469,48.208
93890,3216,3284,3334,3436,3182,3411,3778,3870,3407,3767,4674,6053,3419,3749,6001,12663,31.5433,29.9877,8.72351,47.496
93891,3200,3305,3348,3271,3194,3453,3792,3977,3351,3824,4897,6962,3424,3829,6116,12055,22.528,32.3119,8.96785,47.9987
93892,2982,3108,3391,3492,3280,3496,3850,4282,3382,3879,5092,7060,3432,4135,6536,10675,21.7331,23.1187,8.74181,48.048
93893,6639,7373,4753,3615,5892,6839,4504,3690,4053,4344,3745,3349,3449,3523,3279,3139,-16.5115,-12.1269,8.51557,48.124
93894,10484,7763,4356,3521,5962,5113,3853,3506,3867,3867,3542,3211,3323,3352,3278,2941,-25.0522,-18.7937,8.81256,47.9593
93895,3545,4442,7846,8629,3537,4143,5780,6170,3234,3601,4007,3949,3075,3246,3421,3478,-20.8734,15.9483,8.57958,48.0687
93896,3567,3493,3274,3173,4666,4124,3483,3185,8852,5184,3803,3341,9057,5455,3874,3338,15.2731,-31.086,8.79511,47.9127
93897,3065,3426,3285,3483,3146,3424,3650,3776,3367,3885,4735,6065,3403,3912,6331,12387,32.5705,25.5986,8.84259,47.56
93898,4596,4099,3551,3239,8049,4980,3745,3386,8445,4999,3766,3285,4793,4221,3503,3285,0.359179,-32.9074,8.63202,47.9613
93899,3277,3563,3919,3947,3329,3884,5297,4934,3514,4482,7819,6630,3372,4052,5177,4996,6.33264,12.886,8.81385,48.128
93900,3086,3266,3431,3393,3296,3621,3913,3777,3534,4187,5262,5103,3564,4717,9338,8228,33.5657,13.179,8.58315,47.8107
93901,3419,3359,3229,3199,3881,3837,3426,3244,5854,4904,3823,3362,10962,7642,4326,3458,29.3213,-19.8538,8.84475,47.95
93902,3456,3905,6054,12128,3441,3732,4758,6451,3234,3432,3754,3958,3121,3166,3341,3488,-25.5452,29.5813,8.5299,47.6127
93903,3457,4282,6991,8940,3495,4112,5817,6976,3275,3516,4029,4250,2995,3187,3504,3527,-18.9779,18.3309,8.65591,48.2353
93904,3429,4125,7156,9638,3388,3981,5425,6860,3187,3569,3936,4153,3142,3244,3387,3397,-19.9709,19.4555,8.95293,48.0113
93905,3567,4123,4929,4420,3912,5118,8058,5348,3573,4285,5716,4672,3410,3650,3956,3792,-4.87723,7.581,8.94745,48.3527
93906,4107,6348,8890,5696,3853,4728,5861,4726,3447,3709,3937,3663,3198,3457,3385,3385,-22.3468,5.31075,8.64264,48.26
93907,4511,7118,8285,4921,4083,5292,5743,4419,3477,3808,3875,3626,3305,3401,3509,3251,-21.2897,1.9305,8.9721,48.416
93908,5638,5608,4074,3457,6920,7573,4412,3541,4737,4828,3862,3467,3747,3936,3398,3195,-9.89543,-13.8637,8.62669,48.262
93909,5063,8993,7753,4422,4324,5131,4858,3967,3652,3790,3816,3521,3211,3292,3316,3128,-26.5683,-2.0013,8.97724,48.158
93910,3386,3412,3212,3055,4028,3911,3473,3327,6322,5288,3973,3484,9918,7388,4334,3463,22.8031,-18.6504,8.68086,47.9827
93911,3877,3889,3352,3165,5736,4768,3637,3432,8936,6306,3993,3426,5889,4993,3756,3428,7.12768,-20.566,8.77176,48.3887
93912,3439,3912,5317,6136,3600,4151,7002,7642,3388,3709,4667,5114,3202,3430,3704,3801,-9.58029,16.8523,8.55863,48.1427
93913,3254,3535,4072,4517,3325,3659,4972,7893,3311,3808,5010,8628,3353,3529,4234,4856,1.32636,26.3851,8.97581,47.9707
93914,3516,4545,8767,9151,3575,4047,5102,5390,3340,3514,3838,3912,3131,3155,3430,3406,-33.9278,15.3749,8.88987,47.8793
93915,4876,4254,3582,3246,8594,4897,3725,3347,8042,4872,3559,3336,4729,4173,3640,3182,-0.672444,-31.0475,8.71746,48.036
93916,3425,3882,4347,4278,3557,4518,7016,5490,3602,4489,6672,5348,3470,3835,4323,4185,-0.652236,10.4937,8.72232,48.2913
93917,6668,4975,3670,3288,9471,5941,3921,3336,5558,4424,3666,3303,3775,3684,3422,3143,-9.48433,-22.6731,8.97188,48.1633
93918,3412,3998,6031,12208,3276,3788,4715,6283,3288,3485,3769,4046,3159,3163,3404,3307,-26.2066,31.1614,8.77542,47.5547
93919,3037,3344,3588,3572,3278,3635,4082,4571,3505,3877,5711,8384,3432,4034,5876,8372,15.2821,21.8621,8.80317,48.1987
93920,3797,4732,6008,4674,3984,5602,7991,5089,3512,4224,4841,4125,3274,3530,3669,3543,-10.2771,5.57803,8.59213,48.3967
93921,4266,6866,9189,5404,3998,4986,5573,4518,3505,3651,3883,3775,3214,3329,3358,3253,-23.5204,3.82015,8.93623,48.512
93922,3454,3532,3255,3083,4185,4006,3587,3238,6725,5874,4049,3397,8796,7181,4205,3494,19.053,-17.9976,8.84843,48.0407
93923,4231,4623,3999,3501,5469,7482,4771,3725,5067,6397,4437,3610,4038,4129,3708,3441,-1.98617,-9.31443,8.8199,48.4187
93924,10460,7660,4228,3425,5676,5074,3946,3498,3952,3835,3491,3228,3440,3452,3269,3137,-31.6174,-18.5845,8.71414,47.8473
93925,3494,4312,7472,8213,3419,4185,5915,6595,3244,3625,4140,4104,3077,3315,3441,3476,-18.6107,16.7577,8.96308,48.018
93926,3771,3694,3282,3086,5562,4172,3573,3177,9896,5234,3818,3335,7162,4979,3743,3175,9.91472,-27.4229,8.99145,47.7727
93927,3472,3937,6012,12651,3460,3726,4688,5972,3255,3393,3728,3871,3218,3290,3312,3339,-29.2728,32.3725,8.85947,47.5493
93928,11267,5822,3929,3375,7463,4950,3806,3426,4201,3923,3420,3203,3404,3287,3258,3122,-20.7938,-29.4434,8.58857,47.904
93929,4243,5324,5043,3980,4414,7353,6618,4177,3873,4682,4616,3807,3499,3594,3714,3427,-8.76503,-1.42456,8.84404,48.2427
93930,9045,5366,3859,3330,8815,5009,3873,3373,4625,4008,3547,3260,3633,3584,3313,3108,-15.2926,-29.1985,8.75803,47.832
93931,11022,7557,4155,3371,5757,5027,3900,3432,3974,3803,3465,3289,3483,3441,3281,3060,-29.34,-20.4368,8.66883,48.0113
93932,3156,3302,3393,3413,3248,3438,3651,3916,3336,3764,4780,5990,3425,3883,5972,12661,32.453,32.1059,8.73825,47.552
93933,6117,4756,3711,3356,9439,5879,3944,3357,5921,4620,3652,3329,4122,3829,3398,3051,-6.91581,-22.5356,8.91375,48.3207
93934,3524,3922,6307,11802,3413,3847,4909,6780,3172,3408,3734,4084,3190,3192,3377,3437,-22.9085,26.0382,8.69267,48.0653
93935,3475,3902,4084,3890,3623,4723,5989,4495,3885,5401,7598,4947,3578,4123,4688,4118,3.18411,5.45574,8.86268,48.346
93936,3143,3551,4107,4401,3298,3659,4930,6922,3367,3940,5763,8771,3334,3607,4428,5201,3.08842,21.8228,8.86982,48.2813
93937,4456,4042,3519,3204,7368,4980,3744,3258,8688,5420,3866,3309,5087,4300,3743,3289,2.41072,-23.696,8.7723,48.182
93938,3319,3482,3668,3451,3565,4086,4756,4155,3790,5332,8250,5064,3918,4671,5874,4787,10.1995,6.7981,8.77996,48.112
93939,3318,3352,3310,3214,4046,3728,3469,3239,6556,4681,3693,3425,12272,6034,3962,3407,24.7791,-31.4847,8.52642,47.804
93940,4622,6566,6263,4465,4364,6469,6242,4170,3794,4218,4158,3657,3324,3531,3445,3345,-15.1296,-1.09067,8.56119,48.422
93941,7677,9896,5260,3802,4959,5359,4221,3619,3785,3883,3582,3398,3295,3432,3293,3204,-28.5795,-10.9159,8.92925,48.4433
93942,3328,3388,3207,3058,3913,3880,3426,3232,5799,5029,3987,3453,10865,7513,4196,3452,31.3814,-19.905,8.73789,47.8173
93943,3283,3660,5155,7339,3391,3856,5164,9615,3313,3599,4301,5197,3077,3289,3663,3754,-10.7873,33.3459,8.96177,47.7707
93944,12038,6312,3975,3387,6626,4939,3796,3284,3922,3754,3402,3278,3331,3442,3149,3072,-23.2666,-26.1385,8.96205,47.8047
93945,4352,6523,7718,4963,4088,5573,6086,4477,3539,3828,4039,3695,3139,3402,3449,3285,-18.6015,2.4258,8.60168,48.104
93946,6207,9644,6023,3967,4701,5584,4389,3763,3762,3776,3568,3434,3223,3265,3291,3216,-25.4848,-7.45102,8.59487,47.8753
93947,3178,3368,3621,3754,3310,3655,4258,5434,3413,3784,5535,9607,3291,3832,5042,7043,10.0053,24.8036,8.70913,48.0833
93948,3791,3710,3331,3196,5605,4263,3611,3292,9799,5406,3739,3368,6720,4841,3632,3335,9.56265,-26.4475,8.80536,47.7593
93949,9880,7710,4362,3546,6001,5310,4109,3489,3947,3776,3555,3187,3327,3334,3214,3032,-23.5547,-18.2798,8.72092,47.8527
93950,3965,4394,4129,3662,4663,7056,5631,4009,4275,6100,5059,3866,3804,4072,3865,3646,-2.08046,-3.22771,8.68397,48.1307
93951,3151,3460,4166,4651,3304,3680,5046,7559,3301,3736,5290,8367,3267,3491,4293,5063,1.33001,24.0826,8.60369,47.8833
93952,3345,3447,3301,3188,3805,3795,3524,3255,5105,5192,4196,3528,8251,9471,4797,3571,31.2031,-13.3006,8.87205,47.8473
93953,3250,3397,3354,3228,3711,3818,3754,3478,4488,5389,4974,3990,5180,9129,7076,4258,24.344,-3.1102,8.87398,48.316
93954,3204,3397,3407,3369,3346,3756,4035,3968,3658,4591,6627,5232,3758,5236,8529,6207,18.3355,9.65218,8.95036,48.2133
93955,3166,3357,3459,3346,3325,3706,4136,4045,3603,4408,6466,5647,3819,4942,8028,6793,18.6684,11.5748,8.54608,48.164
93956,3818,3705,3348,3169,5677,4392,3580,3291,9990,5173,3718,3387,6727,4767,3835,3330,8.82569,-31.8842,8.75861,47.938
93957,3345,3517,3397,3247,3681,4098,3804,3463,4635,6434,5316,4076,5136,7743,6216,4239,18.0366,-3.66813,8.59836,48.2313
93958,4201,4215,3632,3320,5611,6604,4400,3525,5790,7004,4294,3658,4329,4372,3698,3321,0.372996,-11.901,8.94012,47.9827
93959,4774,8561,8059,4487,4184,4941,4842,4020,3551,3772,3768,3478,3234,3307,3421,3362,-31.9207,-0.597083,8.88253,47.8407
93960,3219,3210,3300,3502,3232,3371,3804,4019,3339,3821,4771,6242,3327,3824,6208,12232,33.6239,25.7079,8.6462,47.614
93961,3175,3599,4136,4689,3379,3692,4838,8162,3357,3805,5100,8442,3270,3530,4295,4741,0.376414,27.696,8.55146,48.14
93962,3320,3378,3289,3142,3883,3933,3573,3319,5559,5539,4094,3604,8069,9016,4896,3693,23.6017,-13.2438,8.98974,48.2047
93963,3273,3454,3961,3836,3463,3877,5068,4620,3619,4461,8074,6336,3609,4009,5453,5186,8.12064,11.5519,8.84322,48.1993
93964,3142,3470,3489,3456,3452,3828,4413,4075,3789,4980,7512,5221,3891,5098,7225,5273,14.772,7.3484,8.99521,48.2093
93965,3684,4138,4772,4458,3792,5191,7758,5197,3697,4447,5915,4573,3416,3667,4003,3741,-3.85532,6.79418,8.97328,48.2993
93966,3162,3254,3449,3499,3298,3538,3926,4139,3330,3754,4924,7446,3379,3946,5750,11229,20.828,30.3458,8.69244,48.0153
93967,10877,7560,4270,3394,5785,5078,4013,3373,3799,3894,3330,3240,3508,3337,3231,3206,-31.5268,-19.1861,8.83847,47.93
93968,3403,3916,5988,12466,3426,3835,4746,6306,3206,3309,3790,3944,3100,3216,3357,3373,-26.9764,31.2436,8.64327,47.5873
93969,3123,3208,3429,3538,3290,3493,3812,4384,3297,3824,5179,8009,3410,3848,5753,10606,18.1923,27.37,8.88288,48.1353
93970,12278,6200,3954,3446,6251,4731,3715,3505,3968,3818,3579,3128,3275,3389,3246,3115,-26.0643,-26.5561,8.80147,47.732
93971,3308,3507,4223,4542,3371,3757,4887,7901,3348,3687,5007,8664,3200,3626,4266,4953,1.22369,31.9986,8.73399,48.1647
93972,3443,3974,5835,9100,3410,3828,5431,8182,3441,3561,4076,4410,3225,3308,3547,3661,-16.3845,23.4577,8.55061,48.288
93973,3463,3956,5216,5288,3501,4266,7173,7266,3437,3910,5192,5280,3210,3471,3849,3980,-6.48298,15.2669,8.52301,48.3053
93974,3666,4926,9595,8142,3581,4185,5112,5109,3231,3621,3830,3775,3161,3323,3392,3346,-29.6636,12.9445,8.97252,47.9967
93975,3468,4556,7818,8081,3520,4199,5999,6010,3256,3645,4020,4162,3128,3345,3365,3413,-19.9523,15.3238,8.56814,47.99
93976,3288,3642,4096,4055,3336,3882,5543,5649,3373,4143,6948,7163,3336,3802,4776,5065,3.91272,15.9513,8.82333,48.0647
93977,4012,4843,4769,3995,4466,7017,6555,4213,3904,5009,5005,3838,3568,3657,3731,3512,-5.84268,-0.549101,8.66374,48.0627
93978,3379,3362,3214,3235,3660,3774,3555,3418,4852,5164,4601,3778,6185,9845,6007,3870,33.0745,-7.43646,8.82099,47.9327
93979,7960,5705,3959,3412,8568,5819,3842,3443,4865,4311,3527,3375,3532,3607,3320,3111,-13.635,-21.2006,8.92431,48.2373
93980,4667,8328,8141,4782,4057,4918,4935,4340,3644,3749,3786,3512,3337,3377,3368,3359,-32.6183,-0.3382,8.81259,48.2
93981,3287,3711,4643,6028,3393,3751,5398,9946,3407,3653,4435,6123,3253,3367,3786,4067,-6.70319,26.1796,8.81488,48.1653
93982,3933,4424,4284,3763,4589,7004,5766,3966,4259,5989,5031,3912,3766,4013,3899,3574,-2.10414,-3.46203,8.81669,48.1147
93983,3327,3482,3360,3309,3643,3929,3847,3588,4326,5981,5663,4038,4791,7611,6971,4420,18.9278,-1.39227,8.95798,48.1907
93984,3310,3326,3453,3311,3490,3611,3869,3620,3856,4697,5445,4626,4234,6397,9480,5797,25.1667,5.48617,8.6625,48.348
93985,3769,3883,3574,3358,4422,5510,4420,3533,5380,8185,4980,3751,4593,5112,4238,3695,6.05241,-7.98035,8.90587,48.2687
93986,3361,3661,3980,3761,3687,4265,5666,4659,3776,4976,7928,5422,3646,4093,4912,4405,4.98017,8.13643,8.97077,48.132
93987,4742,4294,3696,3401,6981,6169,3993,3500,6779,5882,4040,3312,4483,4308,3633,3389,-0.763251,-17.5485,8.66619,48.4013
93988,3719,4733,8411,7216,3637,4232,6205,5813,3354,3686,3984,3999,3121,3250,3433,3344,-19.6979,12.4367,8.87604,48.0913
93989,3453,4303,8099,10264,3383,3930,5120,5780,3240,3489,3882,3928,3041,3224,3375,3361,-27.6788,18.086,8.83569,47.9147
93990,4027,5734,7726,5229,3959,5319,6923,4853,3464,4010,4216,3834,3230,3406,3441,3313,-16.918,4.86643,8.89458,48.456
93991,3136,3292,3432,3659,3252,3500,4020,4519,3394,3955,5308,8419,3392,3945,5732,9558,16.6524,26.2876,8.51514,48.342
93992,3432,3376,3245,3046,4184,3955,3481,3218,7715,4989,3855,3323,10743,5981,4053,3433,19.6495,-26.5818,8.91261,48.0193
93993,5912,4673,3770,3281,9619,5184,3800,3454,6205,4530,3621,3256,4001,3759,3496,3320,-6.29045,-33.0708,8.53595,47.9207
93994,3680,5168,9513,7426,3600,4164,5374,5112,3400,3600,3869,3844,3125,3331,3415,3339,-26.2545,11.3718,8.70314,47.9733
93995,3249,3311,3317,3267,3495,3774,3693,3555,4325,4956,4792,4026,4868,8565,8079,4669,30.448,-0.840123,8.92614,47.9607
93996,3224,3330,3563,3538,3243,3589,4173,5018,3493,3831,5215,9724,3247,3758,5088,7764,11.7028,32.2465,8.70731,47.8653
93997,5685,9356,6285,4153,4575,5623,4701,3782,3669,3877,3703,3474,3294,3396,3351,3251,-23.7617,-5.72776,8.77126,48.1167
93998,4586,7405,8423,4980,4105,5080,5598,4332,3517,3763,3875,3625,3131,3388,3348,3350,-22.3783,1.34858,8.75422,48.3373
93999,3291,3492,3270,3231,3996,3904,3626,3247,5315,4982,4116,3574,8580,9291,4680,3595,30.872,-14.1689,8.62656,48.1267
94000,3182,3209,3327,3483,3134,3435,3785,3846,3351,3776,4917,5805,3380,4138,6728,12065,30.9091,23.7685,8.95163,47.7073
94001,3433,3958,4304,4063,3777,5032,6721,4776,3757,5077,6902,4782,3612,3944,4344,4064,0.170881,5.79964,8.70747,48.364
94002,3144,3305,3485,3311,3393,3595,3788,3682,3835,4485,5467,4706,4048,6320,9624,6008,25.5133,6.49148,8.79671,48.1307
94003,4133,3746,3446,3214,6611,4557,3708,3247,9640,5289,3768,3330,5857,4531,3633,3211,5.51233,-28.1424,8.62598,47.9473
94004,3405,3535,3569,3312,3814,4513,4353,3753,4395,6888,6716,4331,4294,5634,5447,4276,11.4494,-0.550863,8.87984,48.1567
94005,11196,6187,4009,3365,7190,4969,3829,3442,4209,3907,3445,3274,3485,3463,3225,3144,-21.2047,-25.0135,8.88793,48.226
94006,3412,3418,3381,3134,4095,3859,3512,3274,6189,5332,3951,3419,9686,7610,4334,3562,22.7696,-18.2435,8.5188,48.112
94007,8815,5321,3916,3336,8930,5210,3797,3445,4597,4113,3543,3315,3661,3564,3251,3034,-14.518,-33.0266,8.7368,47.8987
94008,3100,3405,3286,3340,3291,3320,3794,3780,3430,3763,4793,5791,3393,3971,6133,12481,30.297,33.9041,8.72349,47.3807
94009,3294,3450,3315,3172,3590,3765,3744,3514,4440,5635,5056,4212,5121,8485,7191,4427,22.2205,-2.26513,8.95862,48.274
94010,10933,5815,3817,3312,7459,5110,4000,3486,4221,3881,3536,3175,3378,3407,3299,3156,-19.7256,-30.007,8.9264,47.99
94011,6713,8582,4934,3787,5409,6321,4567,3774,4041,4006,3716,3365,3382,3447,3354,3156,-19.7165,-10.8571,8.72696,48.3693
94012,4153,5277,5856,4389,4226,6518,7205,4455,3658,4366,4505,3856,3419,3505,3680,3377,-11.0524,1.59343,8.50852,48.2967
94013,3169,3288,3761,4055,3251,3633,4502,6121,3384,3810,5080,9990,3350,3697,4520,6149,6.40982,28.5399,8.98431,47.84
94014,4718,5123,4105,3532,5844,7968,4679,3724,4746,5585,4060,3525,3718,3946,3690,3294,-5.66513,-9.8337,8.57289,48.1713
94015,3571,3931,6138,11824,3262,3797,4929,6596,3239,3561,3780,3931,3162,3206,3340,3371,-23.9466,27.1561,8.59582,47.7587
94016,4052,3957,3540,3356,5767,5399,3913,3440,7351,6906,4207,3516,4984,4667,3798,3465,4.39432,-16.5333,8.62156,48.212
94017,3644,3796,3813,3512,4027,5228,4672,3892,4470,7182,6457,4064,4157,5026,4648,3967,6.23129,-1.56528,8.8872,48.37
94018,6144,10035,6254,4050,4604,5190,4443,3831,3667,3791,3651,3256,3159,3387,3310,3162,-29.571,-6.69518,8.86063,47.956
94019,3370,3319,3323,3130,3869,3753,3527,3288,5661,4991,3951,3411,10657,7734,4191,3459,33.9865,-18.8768,8.98105,47.756
94020,3643,3723,3358,3261,4716,4377,3648,3347,7644,6841,4243,3527,6511,5752,4035,3545,12.2994,-16.3767,8.53848,48.114
94021,3870,5647,9958,6521,3709,4447,5167,4746,3306,3597,3849,3642,3334,3313,3294,3373,-32.6212,8.49155,8.57506,47.8487
94022,3355,3245,3246,3060,3886,3823,3725,3332,5121,5222,4201,3615,7929,9586,4900,3704,31.362,-12.3937,8.9335,47.9667
94023,3251,3737,4550,5704,3502,3834,5235,9689,3247,3605,4563,6382,3293,3405,3816,4147,-5.47811,33.9931,8.84458,47.9733
94024,3231,3680,4577,5699,3422,3729,5259,9750,3379,3669,4586,6269,3243,3431,3955,4038,-5.76937,33.6035,8.94025,47.9447
94025,3179,3582,3673,3804,3394,3843,4819,5016,3513,4322,7279,7330,3468,3986,5422,5738,9.10691,15.4084,8.72665,48.2453
94026,3389,3337,3204,3195,3801,3917,3540,3336,5268,5261,4210,3437,7930,9451,4850,3573,33.7684,-12.7105,8.75252,47.7993
94027,3424,3346,3221,3023,3995,3898,3478,3308,6538,4996,3834,3435,11766,6397,3965,3352,24.644,-24.9307,8.74003,47.984
94028,3266,3441,3327,3190,3786,3853,3741,3365,4624,5300,4606,3784,5709,9518,6507,4265,26.8615,-5.36,8.63573,48.188
94029,3417,3475,3448,3288,3890,4258,4207,3739,4561,6902,6194,4133,4597,6346,5827,4248,13.8196,-1.94564,8.6652,48.3533
94030,3278,3947,5812,10830,3311,3783,5081,7579,3281,3530,3919,4256,3102,3153,3336,3408,-19.8628,29.3493,8.57777,47.7373
94031,3435,3384,3240,3130,3785,3811,3599,3331,5397,5266,4061,3438,8819,8737,4863,3581,26.3825,-14.9843,8.51477,47.918
94032,3398,3463,3234,3080,4004,3818,3466,3282,5881,5039,4059,3518,10209,7956,4366,3550,27.7313,-18.7011,8.56567,48.2153
94033,3513,4029,5267,5462,3596,4408,7209,7465,3293,3772,4863,5053,3194,3403,3798,3729,-8.29421,15.5101,8.95974,48.036
94034,4499,3984,3505,3173,7474,4840,3697,3283,8880,4970,3860,3328,5126,4368,3720,3293,2.35093,-30.1617,8.5486,48
94035,3264,3470,4051,4546,3343,3744,4875,7834,3321,3761,4868,8945,3310,3567,4232,4962,1.45854,29.7842,8.97769,48.062
94036,11839,6394,3970,3433,6371,4951,3788,3407,3931,3876,3431,3183,3457,3369,3176,3059,-24.6596,-24.4819,8.74917,47.7567
94037,3197,3516,4067,4528,3318,3677,4967,7489,3433,3803,5380,8743,3256,3591,4374,5043,2.0998,24.0978,8.9379,48.2547
94038,4055,4368,4012,3535,4889,6973,4952,3767,4863,6577,4716,3713,4049,4253,3895,3499,-0.574432,-6.90963,8.7346,48.0773
94039,3634,4241,6633,6291,3567,4344,7192,6644,3310,3710,4442,4406,3270,3311,3655,3595,-13.6361,13.6527,8.6929,48.1633
94040,4285,6383,8550,5353,3922,4963,6050,4758,3481,3732,3986,3754,3199,3483,3364,3207,-20.5386,4.55724,8.80241,48.3133
94041,3152,3426,3787,3886,3360,3824,4805,5287,3460,4136,6732,8215,3351,3872,5237,5956,8.28096,17.7716,8.98669,48.324
94042,11871,6262,4019,3383,6673,4783,3787,3324,4101,3836,3499,3270,3290,3407,3246,3143,-24.4508,-27.0702,8.63455,47.9293
94043,3239,3541,4180,4664,3275,3768,4792,8167,3358,3856,4937,8335,3268,3569,4195,4831,0.343936,29.0526,8.54241,47.9833
94044,7566,5068,3759,3370,9674,5283,3861,3350,5206,4264,3568,3251,3722,3644,3357,3118,-11.0324,-28.4864,8.59852,48.0407
94045,3282,3418,3364,3237,3719,3691,3634,3537,4452,5188,4623,3923,5485,9680,6800,4156,31.9532,-4.71581,8.85726,48.126
94046,4097,5885,9009,6087,3836,4607,6008,4842,3405,3743,3879,3889,3104,3305,3403,3261,-22.0287,7.3673,8.69714,48.24
94047,7510,5426,3760,3374,9053,5832,3838,3315,4965,4275,3578,3257,3704,3564,3452,3184,-12.2316,-22.4315,8.78759,48.058
94048,3436,4065,6808,11940,3373,3891,4837,5986,3204,3578,3784,3930,3108,3216,3416,3436,-30.6309,23.477,8.5563,48.0053
94049,3251,3446,3395,3244,3818,4025,3874,3711,4393,6111,5768,4295,4645,7079,6638,4410,17.2835,-1.19441,8.68238,48.0687
94050,3873,3641,3329,3164,4596,4722,3802,3433,6908,7584,4295,3500,5759,5845,4229,3490,10.6842,-13.9822,8.74458,48.1133
94051,3778,3671,3237,3224,5531,4238,3624,3232,10023,5264,3868,3350,7173,4984,3667,3354,10.1782,-29.7775,8.8029,48.1453
94052,3347,3425,3238,3214,3589,3835,3701,3376,4539,5225,4641,3911,5679,9569,6650,4207,31.0998,-4.85996,8.71541,48.0973
94053,3908,3970,3617,3287,5194,5224,3966,3419,6656,7752,4398,3563,5005,5007,3954,3476,5.93246,-13.2427,8.65835,48.264
94054,3227,3315,3802,3873,3172,3604,4342,5530,3424,3890,5267,9881,3255,3734,4863,6833,9.62562,28.7601,8.59591,48.008
94055,4534,4793,3980,3437,6011,7490,4493,3561,5202,6037,4190,3647,4043,3989,3693,3405,-3.44235,-11.307,8.50636,48.3367
94056,5455,9255,6942,4386,4435,5241,4804,3964,3631,3796,3782,3452,3246,3323,3333,3137,-28.7802,-3.67303,8.56941,48.1213
94057,10188,6594,3959,3469,7269,5148,3920,3379,4194,3941,3512,3231,3462,3395,3148,3009,-20.2657,-22.7704,8.72686,47.8787
94058,3430,3403,3297,3270,3939,3980,3542,3240,5490,5665,4219,3562,7915,9020,4765,3680,22.7321,-12.9113,8.75122,48.278
94059,7255,7325,4467,3635,6397,6559,4261,3667,4229,4165,3622,3367,3465,3479,3379,3084,-16.7679,-14.4981,8.85713,48.2373
94060,3300,3979,6268,12532,3459,3675,4784,5959,3334,3366,3782,3909,3210,3322,3486,3367,-32.5096,25.7617,8.82438,47.8213
94061,3146,3171,3381,3348,3439,3609,3836,3740,3720,4379,5164,4834,3915,5624,9894,6759,30.2351,8.81857,8.72134,47.9727
94062,3650,4315,5141,4423,3760,5421,8214,4999,3542,4345,5315,4439,3370,3712,3898,3657,-6.5924,6.65263,8.92883,48.134
94063,5294,4716,3693,3237,7926,6238,3954,3334,6242,5153,3785,3363,4146,4033,3588,3253,-4.00314,-18.6052,8.91705,47.97
94064,3209,3466,3662,3689,3459,3871,4967,4511,3511,4478,8000,6536,3601,4220,5675,5373,9.54672,12.683,8.84488,48.152
94065,6726,4857,3874,3261,9999,5258,3798,3355,5520,4365,3561,3359,3929,3698,3297,3133,-9.39276,-31.4097,8.74022,47.9933
94066,3378,3437,3247,3068,3985,3739,3435,3202,6204,4834,3711,3385,12694,6154,3875,3359,28.321,-27.3315,8.91421,47.8047
94067,3074,3272,3434,3432,3295,3478,3908,3921,3408,4052,5108,5561,3549,4434,8537,9454,30.4103,16.5911,8.67722,47.9447
94068,3451,3662,3556,3363,3945,4561,4276,3578,4699,7720,6139,3952,4468,5939,5163,3967,11.0104,-3.32552,8.75922,48.2927
94069,4631,7496,8886,5090,4029,4793,5189,4389,3493,3778,3921,3641,3168,3304,3237,3254,-25.3568,2.15209,8.89073,48.1993
94070,3169,3299,3531,3668,3226,3539,4165,5118,3448,3871,5233,9681,3363,3924,5161,7536,11.563,33.7905,8.97896,47.9547
94071,3646,4922,9191,8406,3530,4118,5254,5349,3344,3500,3776,3815,3134,3198,3305,3372,-27.7799,13.5893,8.84886,47.9067
94072,3301,3337,3316,3073,3643,3769,3584,3378,4845,5398,4369,3643,6478,10108,6023,3928,28.8187,-8.03332,8.83639,48.1287
94073,3526,3506,3342,3183,4320,4588,3697,3347,6430,7213,4575,3679,6193,6766,4554,3630,14.044,-12.7332,8.55908,48.366
94074,3160,3086,3393,3385,3232,3482,3649,3991,3325,3843,4841,6157,3461,3961,6912,11727,25.1326,22.9517,8.81952,47.7367
94075,4408,4507,3722,3373,5894,6898,4288,3526,5766,6540,4319,3521,4228,4274,3686,3374,-0.645912,-12.1638,8.51488,48.216
94076,8081,9515,5098,3696,5106,5314,4254,3527,3887,3860,3651,3297,3285,3432,3134,3114,-28.3354,-12.4859,8.73534,48.1673
94077,6502,5135,3790,3436,8858,6309,4008,3442,5380,4481,3733,3363,3890,3595,3477,3058,-9.35099,-20.4659,8.86937,48.3047
94078,3868,5221,7223,5367,3788,5206,7339,5042,3591,3837,4340,3881,3144,3473,3634,3432,-15.2409,6.81391,8.60079,48.2573
94079,3255,3552,3907,4052,3450,4036,5336,5717,3534,4079,6801,7522,3317,3800,4714,5223,4.76013,16.7307,8.51919,48.1967
94080,3426,4046,6814,12155,3494,3817,4871,6019,3296,3472,3743,3971,2990,3272,3398,3183,-27.8794,23.4425,8.97205,47.978
94081,3432,3434,3280,3253,3999,3926,3617,3341,5751,5391,4090,3540,8652,8367,4573,3543,23.6352,-15.2144,8.56238,48.126
94082,9765,8425,4379,3541,5699,5096,4012,3487,3958,3872,3396,3276,3333,3340,3345,3099,-29.1669,-17.1003,8.719,48.0153
94083,3156,3345,3483,3217,3495,3770,3770,3534,3831,4764,5432,4759,4308,6623,9584,5686,25.2798,5.09375,8.90196,48.5047
94084,3454,4411,8286,9795,3503,3946,5074,5426,3248,3489,3833,3882,3197,3264,3460,3395,-32.3282,17.2751,8.82523,47.7753
94085,3543,3685,3597,3410,4205,5061,4017,3611,5311,8095,5210,3814,4691,5570,4485,3698,9.02393,-7.51252,8.60847,48.002
94086,10700,5831,3955,3281,7544,4943,3763,3444,4218,3939,3624,3259,3535,3434,3259,3117,-19.3167,-29.2698,8.51441,47.8973
94087,3156,3515,3904,3937,3273,3701,4754,5697,3317,3944,6269,8562,3334,3736,4909,5977,7.21385,19.9752,8.63133,47.99
94088,3211,3416,3465,3611,3452,3876,4452,4149,3751,4927,7773,5674,3672,4726,6692,5318,13.1343,8.71709,8.56886,48.11
94089,3374,3261,3238,3119,3919,3737,3507,3154,6341,4872,3792,3271,12635,6331,4062,3304,26.6101,-27.0288,8.83684,47.9447
94090,4242,3922,3467,3235,6821,4602,3573,3265,9565,5169,3770,3435,5639,4588,3593,3206,4.8114,-30.0849,8.72782,48.0613
94091,3557,4114,5693,5954,3539,4237,7235,7342,3416,3754,4622,4784,3295,3376,3575,3717,-10.4835,15.3823,8.60714,48.14
94092,3258,3845,5442,7761,3427,3864,5586,9170,3265,3492,4126,4989,3075,3172,3683,3686,-12.5506,23.6527,8.98835,47.894
94093,4580,4079,3533,3218,7199,4849,3671,3295,8728,5367,3827,3392,5002,4339,3554,3237,2.25786,-25.2918,8.52616,47.9133
94094,3271,3546,4098,4941,3240,3742,5157,8535,3356,3624,4877,8242,3112,3472,4120,4744,-0.484281,27.1558,8.93701,48.0513
94095,3157,3265,3323,3434,3167,3523,3720,3931,3335,3739,4805,6230,3330,3955,6190,12587,29.6822,27.7558,8.75909,47.794
94096,4091,5944,8352,5328,3952,5022,6525,4718,3396,3904,4075,3824,3278,3272,3406,3462,-19.0512,5.4211,8.80745,48.366
94097,3132,3306,3652,3655,3241,3510,4139,4984,3355,3901,5015,9547,3328,3843,5221,7980,12.6654,30.7278,8.9024,47.8727
94098,3341,3811,4974,6463,3467,3767,5696,9526,3312,3609,4529,5657,3129,3333,3599,3873,-8.86989,23.4086,8.74392,48.0573
94099,3207,3590,4182,4857,3272,3586,5026,8076,3315,3644,4959,8523,3155,3521,4133,4824,0.269874,29.5208,8.77247,47.9133
94100,4440,7377,8622,5005,4042,5012,5549,4275,3424,3854,3749,3498,3243,3326,3300,3225,-23.1093,2.18207,8.67113,47.9607
94101,3311,3888,5915,12363,3314,3769,4745,6056,3100,3474,3698,4069,3208,3307,3348,3405,-33.6979,26.6264,8.9741,47.3133
94102,3152,3230,3317,3397,3208,3468,3870,4003,3328,3822,4916,6554,3304,3913,6154,12285,24.49,28.3125,8.87949,47.9473
94103,8189,5388,3889,3430,9153,5463,3834,3399,4856,4203,3582,3209,3684,3513,3254,3124,-13.4013,-24.3275,8.9839,48.1133
94104,3308,3401,3270,3193,3680,3734,3511,3530,4572,5208,4572,3800,6055,9893,5940,4043,32.7019,-7.01429,8.82368,47.8067
94105,4359,6385,7003,4802,4231,5794,6436,4446,3582,3953,4076,3690,3274,3471,3477,3368,-16.7819,1.68932,8.60133,48.2313
94106,3374,3995,6343,12087,3326,3875,4784,6506,3248,3308,3761,4025,3140,3252,3455,3373,-25.1749,25.9515,8.83504,47.9013
94107,4036,3859,3456,3142,6029,4828,3726,3422,9035,5974,3990,3365,5767,4595,3788,3284,6.05947,-21.7485,8.79011,48.1973
94108,4246,4261,3617,3247,6287,5775,4029,3367,7029,6487,4257,3415,4640,4474,3680,3375,2.07868,-16.2078,8.57027,48.124
94109,3501,3454,3332,3041,4646,4097,3592,3300,8203,5408,3978,3477,9119,6048,3928,3343,16.3236,-23.3581,8.64895,48.3113
94110,3110,3275,3412,3343,3450,3690,3896,3798,3720,4448,5809,4985,3766,5510,9473,6793,23.8395,9.51141,8.54118,48.3187
94111,3233,3519,3792,3685,3350,3977,5136,4736,3657,4580,8143,6331,3504,4170,5536,5033,8.26939,11.7915,8.99501,48.2547
94112,3290,3700,4612,5310,3436,3985,6067,8256,3441,3715,5059,6305,3082,3555,4040,4167,-4.57027,19.8246,8.60155,48.0133
94113,4357,3961,3447,3153,6376,4948,3775,3225,8490,5937,3958,3318,5358,4594,3735,3356,4.38009,-20.7736,8.68927,47.992
94114,3445,3477,3314,3235,3928,4127,3966,3635,4716,6993,5527,3958,5035,7165,5633,4055,15.8,-4.4585,8.6502,48.1393
94115,3380,3343,3265,3031,4025,3722,3408,3178,6369,4913,3804,3319,12016,6816,4154,3394,26.1489,-23.5464,8.79771,48.0913
94116,4928,4154,3576,3210,8365,5189,3740,3311,8044,5036,3692,3207,4754,4169,3535,3302,-0.484681,-26.6745,8.92048,48.1413
94117,12336,6219,3876,3308,6132,4791,3818,3331,3952,3720,3558,3275,3396,3483,3198,3099,-33.6667,-25.9219,8.60499,47.6613
94118,3235,3688,4905,6944,3388,3822,5390,9938,3240,3629,4350,5556,3065,3425,3754,3908,-9.43079,26.3715,8.59797,48.158
94119,3428,3871,6004,12474,3307,3850,4697,6352,3165,3391,3785,4037,3076,3152,3333,3365,-25.8399,29.4374,8.72252,47.5247
94120,4610,6658,6257,4294,4426,6501,6289,4282,3691,4262,3944,3682,3371,3456,3440,3295,-15.182,-1.3625,8.88464,48.3053
94121,8556,7472,4298,3451,6605,5758,4076,3472,4192,4037,3659,3316,3543,3444,3299,2946,-19.1304,-17.0654,8.85673,48.0827
94122,6969,8417,4807,3717,5644,6382,4241,3550,4011,4087,3648,3324,3424,3389,3319,3135,-19.4405,-11.9846,8.94186,48.0427
94123,3412,3300,3370,3155,3850,4011,3763,3409,4993,6360,4869,3896,5645,8556,5612,4119,19.3083,-7.12117,8.50305,48.2133
94124,5513,5070,3968,3340,7953,6811,4150,3523,5382,4985,3711,3389,3912,3882,3455,3239,-6.87838,-17.2417,8.61961,48.1887
94125,6509,6143,4016,3487,7400,6894,4237,3497,4625,4346,3742,3258,3767,3753,3373,3230,-12.4987,-16.3531,8.65523,48.1847
94126,3398,3877,6054,12938,3427,3741,4616,5869,3256,3407,3719,3907,3176,3240,3247,3413,-30.3995,33.3794,8.99218,47.5233
94127,3397,3459,3227,3158,4120,3923,3419,3258,7346,5019,3898,3377,11178,5871,4085,3402,20.0848,-33.743,8.99419,48.0913
94128,4174,6125,8126,5226,3924,5177,6244,4786,3463,3899,4031,3764,3207,3368,3391,3263,-18.9779,4.59841,8.71862,48.112
94129,4484,4657,3923,3346,6121,7554,4467,3414,5250,6110,4091,3478,4090,4149,3714,3270,-3.11734,-12.2868,8.99595,48.0787
94130,3463,3450,3351,3160,3924,3984,3614,3319,5569,6516,4335,3628,6588,8361,4980,3778,18.9804,-11.0755,8.79256,48.0133
94131,3668,5273,9570,7504,3592,4221,5262,4973,3297,3568,3926,3804,3126,3268,3358,3432,-29.7973,11.2001,8.54365,47.8947
94132,7687,9512,5073,3812,5190,5439,4197,3682,3909,3835,3511,3336,3346,3313,3354,3089,-25.6597,-12.0339,8.9275,48.19
94133,3002,3189,3421,3317,3153,3481,3896,4012,3322,3792,4965,6705,3399,3987,6461,11825,23.9508,25.3305,8.82702,47.9513
94134,3385,4038,5721,10768,3383,3733,5072,7764,3338,3440,3914,4160,3137,3233,3399,3451,-19.4303,32.4497,8.82571,47.9573
94135,5191,5326,4043,3478,6625,7856,4532,3562,4880,5063,3827,3491,3910,3940,3411,3212,-8.08439,-12.9767,8.87537,48.2313
94136,10386,7853,4318,3303,5830,5232,3906,3332,3948,3803,3480,3247,3498,3368,3208,3062,-26.9342,-18.7882,8.57178,47.8493
94137,5580,4453,3674,3274,9458,5269,3755,3402,6596,4556,3796,3315,4173,3877,3562,3125,-4.69992,-31.1302,8.67361,47.91
94138,3372,3347,3385,3232,3661,4115,3792,3565,4487,6595,5459,4003,4908,7732,6146,4210,17.1015,-3.48354,8.93284,48.006
94139,3443,4230,6787,7804,3461,4074,6342,7114,3339,3543,4246,4305,3221,3302,3538,3486,-16.1881,17.2079,8.867,48.1567
94140,3548,3574,3193,3149,4399,4012,3494,3234,8402,5001,3832,3502,9742,5433,3811,3419,16.6768,-30.9647,8.79666,47.83
94141,4269,6269,7673,5074,4095,5385,6371,4692,3579,3923,4076,3668,3261,3417,3420,3261,-17.9751,3.37468,8.73608,48.2887
94142,5673,4475,3712,3322,9641,5031,3814,3526,6740,4578,3770,3320,4250,3874,3380,3161,-4.98612,-31.8835,8.93045,48.178
94143,3415,4024,5657,7027,3406,4119,6351,8362,3281,3676,4368,4913,3144,3212,3647,3637,-11.9019,19.2133,8.62383,48.1593
94144,3495,3491,4049,3894,3542,4424,6083,4812,3663,4928,7748,5499,3466,4078,4688,4535,3.43281,8.80756,8.88782,48.2633
94145,3583,3542,3454,3204,4247,4319,3627,3469,6329,7334,4455,3679,6154,6641,4517,3595,13.8045,-12.6068,8.58925,48.0993
94146,3442,3564,3296,3079,4216,4298,3757,3332,6435,7178,4380,3643,6695,7036,4527,3582,15.3566,-13.233,8.80595,48.3067
94147,7442,9186,5153,3703,5410,5845,4362,3573,3808,3882,3589,3273,3298,3269,3259,3111,-23.2579,-11.5118,8.65015,48.1087
94148,3268,3348,3341,3243,3325,3772,4010,3828,3756,4745,6138,4798,4023,5811,8941,5996,20.4908,6.88769,8.68573,48.2287
94149,4215,4307,3732,3237,5736,6436,4227,3580,5924,6844,4519,3538,4389,4490,3941,3445,1.14281,-12.123,8.52189,48.3733
94150,3536,4369,6043,5766,3520,4471,7568,6751,3392,3817,4621,4386,3309,3423,3597,3647,-11.5016,13.1525,8.71685,48.144
94151,3586,3730,3631,3511,3875,4669,4928,3853,4239,6602,6924,4308,3991,5035,5161,4084,8.07101,0.566154,8.56136,48.0847
94152,3458,3557,3283,3083,4343,4001,3449,3219,8346,5133,3882,3400,9883,5537,3880,3390,17.1177,-31.7031,8.74533,47.896
94153,3476,3976,5027,4725,3683,4766,7768,6119,3581,4148,5659,4718,3323,3608,3989,3853,-5.31654,10.924,8.70594,48.2793
94154,3780,4897,9138,8370,3543,4061,5473,5279,3262,3625,3876,3845,3133,3241,3317,3351,-25.4124,13.3435,8.5185,48.1273
94155,3392,3617,3680,3539,3806,4419,4783,4038,4068,6153,7823,4753,3885,4798,5460,4437,9.15064,3.82529,8.77804,48.434
94156,3272,3447,3729,3588,3626,4066,4931,4176,3885,5362,8095,5302,3823,4791,5799,4830,9.96944,6.5213,8.814,48.4813
94157,3653,4522,6239,5307,3704,4896,7854,5957,3489,3849,4639,4316,3182,3425,3695,3660,-11.5804,10.3315,8.61177,48.258
94158,3141,3194,3335,3353,3210,3543,3799,3928,3434,3958,5132,5496,3567,4604,8603,9362,28.7621,16.029,8.72844,47.7727
94159,3102,3301,3373,3353,3310,3626,3877,4027,3581,4052,5496,5878,3510,4508,8302,9049,23.5406,16.0687,8.58896,48.23
94160,6389,9604,5587,3928,4844,5866,4429,3814,3803,3883,3609,3378,3374,3400,3274,3109,-23.4141,-8.75557,8.93056,48.194
94161,3472,3754,4384,4411,3593,4233,6944,5918,3620,4286,6450,5666,3406,3689,4168,4321,-1.02202,12.861,8.55773,48.21
94162,6534,9713,5840,3951,4773,5242,4459,3813,3774,3843,3623,3359,3298,3448,3291,3054,-27.3758,-7.82317,8.53723,48.01
94163,4590,4755,3885,3443,6338,7231,4420,3505,5328,5929,4218,3481,4079,4001,3658,3351,-3.10545,-12.6347,8.7368,48.1413
94164,3365,3432,3163,3187,3939,3736,3422,3194,6082,4762,3843,3424,12703,6177,3940,3448,27.3707,-28.0148,8.81283,47.878
94165,3232,3573,3682,3624,3487,3985,5225,4396,3729,4895,8377,5855,3697,4392,5604,4999,8.86503,8.92619,8.87606,48.5013
94166,3365,3916,6237,12483,3347,3725,4843,5969,3193,3358,3912,3844,3160,3242,3406,3378,-30.3809,25.7579,8.71366,47.5853
94167,3418,3934,6574,12246,3355,3781,4979,6017,3155,3431,3728,3781,3150,3267,3398,3445,-31.9118,23.1182,8.97016,47.7727
94168,11109,6707,4118,3379,6936,5071,3856,3522,4104,3869,3438,3179,3337,3335,3188,3076,-22.1416,-22.9221,8.78513,48.1493
94169,3017,3184,3362,3339,3249,3546,3820,4054,3468,3982,5260,6623,3420,4068,7044,10688,22.5303,21.412,8.74233,48.0827
94170,3177,3332,3561,3330,3412,3663,3714,3817,3697,4345,5281,4804,3909,5754,9834,6553,32.4802,8.28054,8.59546,48.122
94171,4149,3980,3631,3253,5504,5752,4026,3439,6535,7283,4305,3595,4685,4786,3815,3537,3.927,-13.9475,8.82908,48.1833
94172,3217,3448,3923,4515,3217,3678,4766,6987,3409,3718,5114,9286,3259,3520,4322,5474,3.51979,28.3127,8.82425,47.902
94173,3804,4638,5842,4663,3880,5354,8109,5311,3591,4079,4850,4006,3374,3525,3678,3690,-9.8432,6.83113,8.54606,48.2627
94174,3388,3351,3277,3093,3857,3873,3521,3333,5106,5157,4247,3622,8320,9190,4866,3774,29.666,-13.5469,8.55725,47.9833
94175,3396,3534,3395,3224,4007,4176,3857,3418,5369,7347,4958,3785,5837,7555,4929,3591,15.7895,-9.24898,8.7044,48.252
94176,3401,4149,6834,9035,3396,4081,5727,7082,3269,3608,4203,4262,3074,3232,3480,3441,-18.3703,19.3344,8.83443,48.1827
94177,3280,3488,3242,3252,3571,3839,3737,3405,4307,5211,4797,3919,5283,8931,7314,4391,26.8733,-2.75707,8.65325,47.978
94178,3408,3306,3192,3063,4024,3941,3430,3236,5918,5288,3928,3430,10043,7792,4355,3519,24.2705,-18.3689,8.90882,47.9153
94179,7130,9671,5489,3804,5014,5085,4291,3724,3738,3799,3753,3391,3320,3395,3369,3173,-31.0235,-9.97277,8.59073,48.0973
94180,3654,4788,9183,8655,3635,4085,5141,5188,3308,3537,3794,3797,3215,3237,3405,3383,-28.9803,14.0289,8.63862,48.0033
94181,3331,3528,3759,3755,3453,4164,5466,4706,3637,4813,8191,5978,3550,4112,5147,4928,6.94896,10.4552,8.78762,48.3453
94182,6237,4901,3758,3233,9636,5527,3774,3475,5980,4424,3646,3281,3952,3803,3405,3071,-7.93875,-25.1317,8.70186,48.0687
94183,5473,5321,4044,3548,7145,7424,4332,3575,5094,5174,3792,3391,3912,3884,3548,3301,-7.71451,-14.5374,8.73988,48.6387
94184,3105,3196,3438,3466,3225,3504,3904,3963,3478,4043,5121,5555,3459,4395,8247,9955,27.2259,17.0561,8.75281,48.036
94185,3191,3345,3581,3640,3276,3413,4127,4846,3412,3894,5157,9360,3296,3819,5343,8433,13.6403,30.1223,8.92846,48.0887
94186,3464,4020,6120,9792,3344,3913,5192,7734,3141,3448,3872,4286,3175,3252,3413,3558,-18.6497,23.8546,8.52406,47.816
94187,3313,3388,3349,3223,3782,4099,3822,3512,4724,6667,4996,3919,5605,8224,5803,3987,18.6167,-6.15969,8.84864,48.2753
94188,5542,6852,4726,3769,5693,7433,4737,3644,4065,4419,3774,3399,3515,3654,3471,3248,-13.5962,-9.94975,8.52643,47.9607
94189,3365,3358,3214,3185,4037,3794,3517,3243,6579,4858,3747,3357,11977,6162,3834,3355,24.859,-31.1489,8.70945,47.7213
94190,5590,4849,3803,3388,8282,6587,4039,3390,5699,5042,3734,3391,4031,3798,3453,3176,-6.06578,-18.4611,8.78162,48.168
94191,3173,3205,3362,3517,3226,3604,4098,4452,3376,3808,5238,8626,3436,3833,5430,9570,16.0948,29.7657,8.88173,47.9693
94192,3234,3378,3343,3181,3496,3731,3656,3425,4346,4999,4831,4036,5028,9063,7781,4516,30.6347,-1.8314,8.95611,48.0293
94193,8453,5249,3766,3356,9396,5113,3834,3321,4838,4140,3491,3295,3625,3394,3305,3126,-13.6552,-31.3989,8.81444,47.8013
94194,8968,5458,3821,3409,8867,5190,3774,3391,4497,4144,3537,3218,3573,3583,3295,3117,-15.306,-32.1125,8.8415,47.8947
94195,3371,3619,4927,6993,3371,3935,5265,9997,3266,3509,4404,5516,3158,3305,3607,3903,-9.70469,27.818,8.88074,48.0973
94196,3244,3304,3272,3158,3778,3792,3616,3384,5006,5084,4253,3628,7147,9862,5516,3790,30.0823,-10.2304,8.83225,47.8893
94197,4526,4146,3590,3261,6841,5071,3859,3257,8413,5799,3854,3392,5109,4506,3527,3186,3.20482,-21.5146,8.73948,48.2247
94198,3975,3977,3703,3319,5347,5926,4122,3485,5934,7634,4538,3670,4523,4746,3983,3609,3.65314,-11.6146,8.94318,48.3273
94199,3313,3430,3303,3121,3722,3748,3671,3325,4712,5358,4423,3750,6206,9753,6278,4010,27.2681,-6.92623,8.77529,48.082
94200,3787,3547,3299,3078,5280,4384,3527,3295,9593,5619,3922,3392,7315,5014,3874,3380,10.8851,-24.963,8.74768,48.204
94201,4418,4580,3801,3342,5803,7630,4607,3574,5156,6310,4341,3557,4075,4219,3616,3302,-2.54095,-10.5576,8.98772,48.2207
94202,10937,6693,4066,3533,6589,5045,3913,3420,4059,3867,3509,3310,3432,3356,3175,3089,-22.9799,-22.7713,8.59334,47.9953
94203,4156,4786,4509,3834,4481,7116,6376,4130,4117,5398,4912,3834,3688,3869,3826,3505,-4.83743,-1.67195,8.79275,48.358
94204,3193,3122,3342,3490,3181,3479,3779,3983,3280,3860,4851,5953,3434,3931,6917,12068,32.2514,22.6737,8.90062,47.9087
94205,3352,3402,3318,3083,3859,3835,3507,3303,4981,5399,4376,3537,6908,9903,5554,3817,28.1202,-9.64374,8.80641,48.0893
94206,4146,3844,3376,3072,6283,4532,3597,3338,9702,5225,3872,3298,6029,4678,3756,3306,6.34166,-29.3762,8.64108,48.036
94207,8140,9321,4843,3565,5242,5219,4096,3571,3842,3784,3551,3286,3339,3386,3303,3169,-33.6551,-13.4535,8.95219,47.7713
94208,4020,5002,5473,4213,4250,6342,7509,4473,3760,4313,4762,3891,3373,3513,3685,3471,-9.12605,2.15259,8.63791,48.0333
94209,3855,3796,3371,3103,5944,4477,3532,3331,9810,5222,3860,3294,6472,4707,3639,3349,7.71815,-31.5314,8.7134,47.8413
94210,3311,3611,4148,5078,3339,3696,5078,8861,3358,3711,4882,7539,3203,3547,4129,4413,-2.03604,32.741,8.59597,47.936
94211,3203,3243,3363,3478,3192,3449,3786,3930,3395,3779,4651,6061,3398,3883,6034,12389,33.4829,32.5003,8.52633,47.4893
94212,5120,4166,3693,3224,8707,5264,3855,3397,7615,4868,3701,3318,4536,3992,3412,3313,-1.88047,-25.6818,8.78971,48.1207
94213,3458,3388,3291,3095,4113,3868,3583,3191,6471,4966,3742,3356,11738,6553,3986,3324,24.0428,-24.5829,8.78073,48.082
94214,3117,3432,3943,4340,3254,3789,4983,6729,3379,3829,5606,8567,3384,3654,4452,5300,3.64975,22.6706,8.57022,47.8387
94215,11965,6900,4028,3301,5900,4947,3919,3283,3897,3713,3554,3243,3517,3353,3245,3161,-33.0782,-22.3837,8.87409,47.9507
94216,3371,3635,3640,3535,3959,4847,5084,3984,4279,6743,7243,4473,3914,4722,4970,4060,6.90787,1.35012,8.61094,48.306
94217,3493,3932,4759,4373,3851,4884,7512,5345,3547,4368,6237,4870,3414,3916,4137,3925,-2.77791,8.88239,8.51464,48.3753
94218,3367,3358,3335,3114,3873,3728,3490,3201,6526,4831,3805,3263,12260,5955,3928,3467,24.4534,-30.5078,8.72677,47.6673
94219,10940,7535,4245,3451,5854,5145,3967,3444,3913,3796,3494,3295,3390,3387,3207,2995,-33.2169,-19.6187,8.90536,48.0387
94220,7552,5836,3995,3353,8411,6097,4065,3475,4703,4334,3585,3288,3785,3724,3363,3170,-13.2197,-20.2115,8.52925,48.4907
94221,4135,3860,3357,3223,6406,4622,3613,3137,9789,5274,3723,3339,6075,4610,3548,3299,6.28028,-28.2517,8.5502,48.0067
94222,3407,3885,5023,4913,3491,4345,7524,6736,3505,4024,5695,5498,3248,3645,3939,3902,-4.61968,13.5642,8.95384,48.52
94223,6808,9643,5396,3855,4911,5145,4374,3630,3727,3866,3585,3313,3375,3470,3355,3101,-31.3692,-9.75557,8.57456,47.7027
94224,3101,3100,3408,3376,3250,3466,3787,4017,3443,3854,4720,6702,3281,3870,6077,11954,23.302,29.0861,8.79273,47.604
94225,6903,9861,5550,3843,4850,5376,4272,3578,3794,3787,3543,3433,3353,3382,3263,3100,-28.8139,-9.77422,8.79527,47.9253
94226,3107,3240,3387,3257,3393,3561,3768,3753,3755,4406,5517,4819,3927,5906,9792,6290,25.8326,7.55494,8.50775,47.9187
94227,3448,4105,6680,10267,3270,3882,5178,7005,3145,3586,4093,4199,3076,3298,3433,3462,-20.2975,21.4315,8.78798,48.0847
94228,11707,6807,3913,3510,5929,4883,3752,3334,3904,3682,3436,3231,3321,3447,3249,3179,-29.3937,-23.099,8.81894,47.5227
94229,4289,4916,4352,3667,5002,7940,5327,3907,4447,5699,4480,3594,3726,4008,3805,3346,-4.69925,-6.21305,8.8609,48.3367
94230,4051,6111,10093,6243,3733,4319,5208,4794,3410,3673,3714,3683,3160,3314,3317,3307,-29.0992,7.63407,8.97449,48.0867
94231,3291,3358,3263,3104,4013,3813,3459,3210,5829,4868,3806,3412,10779,7933,4216,3368,29.1899,-19.099,8.88394,47.8147
94232,8874,5392,3823,3403,8985,5096,3663,3387,4677,4112,3615,3287,3612,3514,3305,3119,-14.7658,-31.5823,8.63858,47.9093
94233,3465,4201,7446,11282,3313,3864,5081,5743,3268,3474,3839,3988,3090,3137,3362,3465,-31.2458,20.2914,8.9196,48.012
94234,5188,8215,6867,4362,4403,5999,5194,4089,3617,3960,3677,3453,3369,3382,3383,3194,-20.3403,-2.68077,8.78471,48.2347
94235,3823,5601,10114,6739,3703,4294,5100,4778,3423,3661,3828,3623,3273,3339,3335,3383,-32.0616,8.84001,8.96467,48.0113
94236,3204,3369,3328,3314,3513,3759,3792,3500,3931,4782,5191,4427,4400,7031,9254,5391,27.5737,3.78455,8.5252,48.124
94237,4003,4804,5051,4181,4104,6465,7315,4480,3736,4616,5042,4089,3459,3700,3880,3532,-7.36935,1.88696,8.96393,48.3047
94238,3153,3273,3523,3673,3205,3661,4353,4984,3427,3955,6014,8720,3400,3984,5636,7384,12.3584,21.1278,8.51744,48.23
94239,3584,4855,8495,8087,3615,4094,5805,5704,3224,3607,3924,3910,3130,3313,3527,3376,-22.0852,14.1369,8.57953,48.1667
94240,3434,3544,3427,3203,3965,4290,3908,3437,5061,7204,5140,3832,5268,7311,5357,4014,15.5618,-6.48574,8.68832,48.2633
94241,6391,9743,5851,3886,4776,5380,4365,3727,3735,3853,3645,3371,3241,3351,3242,3183,-33.2597,-8.04112,8.70118,47.8267
94242,3557,4207,6541,7312,3437,4170,6544,7043,3290,3647,4146,4391,3163,3311,3570,3638,-15.4672,16.4196,8.50145,47.978
94243,3423,4111,7221,11055,3349,3880,5070,5815,3353,3433,3873,4011,3067,3358,3362,3388,-33.4419,20.4997,8.76514,47.846
94244,5639,7685,5181,3948,5371,7110,4799,3766,3905,4168,3806,3481,3431,3468,3310,3114,-16.3007,-8.33029,8.74399,48.1213
94245,4108,4180,3819,3327,5316,6299,4301,3450,6026,7321,4441,3694,4499,4532,3916,3451,2.14975,-11.7212,8.70841,48.4533
94246,3710,4785,8618,7989,3519,4388,5883,5616,3336,3543,4032,4006,3173,3321,3338,3329,-21.6018,13.8039,8.64267,48.3907
94247,3315,3612,3851,3789,3564,4071,5379,4617,3776,4752,8350,5877,3571,4051,5187,4661,6.63897,9.91468,8.8723,48.282
94248,3118,3218,3480,3347,3272,3453,3829,3938,3461,3853,5025,5715,3457,4134,7948,10475,33.8643,18.439,8.97437,47.8153
94249,3360,3308,3201,3167,3840,3971,3523,3295,5384,5536,4249,3549,7948,8978,4892,3721,23.4643,-13.2703,8.78268,47.948
94250,3549,3632,3326,3028,4789,4248,3490,3291,8669,5864,3884,3423,7765,5565,4010,3420,13.1481,-22.5874,8.51152,47.9687
94251,3377,3319,3281,3089,3951,3752,3406,3207,5913,4799,3771,3346,12915,5997,3806,3372,30.1254,-30.8001,8.83341,47.534
94252,8550,5248,3913,3380,9125,5213,3825,3368,4780,4222,3618,3306,3547,3483,3314,3210,-13.8131,-31.0358,8.73635,48.068
94253,3372,3980,6285,10759,3361,3845,5077,7379,3263,3470,3738,4254,3029,3126,3429,3519,-19.9802,24.1969,8.88482,47.924
94254,5183,4343,3632,3247,9178,5199,3783,3338,7180,4895,3751,3193,4465,4008,3570,3232,-2.74951,-25.5821,8.94391,48.1313
94255,3392,3408,3239,3107,4105,4012,3597,3362,6337,6055,4305,3525,7968,7680,4397,3647,19.0696,-15.3662,8.52073,48.0907
94256,3163,3261,3251,3422,3150,3441,3815,3873,3310,3926,4762,6097,3394,3923,6291,12562,30.3884,26.1792,8.81582,47.7607
94257,3217,3237,3491,3442,3391,3730,4005,3938,3682,4441,6403,5493,3793,4974,8485,6755,19.1417,10.865,8.84652,48.318
94258,3159,3286,3464,3354,3456,3635,3889,3658,3906,4859,5092,4384,4357,7229,9076,5161,33.6863,2.74011,8.7278,47.9767
94259,6385,5546,4080,3469,7999,6860,4170,3544,4747,4545,3708,3324,3702,3615,3345,3123,-11.0647,-17.1709,8.93117,48.108
94260,7037,8556,4934,3631,5542,6328,4396,3627,3980,4017,3566,3274,3391,3485,3288,3118,-19.9615,-11.6805,8.92136,48.1133
94261,3356,4212,6370,7407,3538,4003,6327,7397,3375,3530,4286,4547,3207,3382,3549,3528,-14.577,17.3977,8.71598,48.0093
94262,5607,9330,6589,4292,4651,5579,4613,3803,3729,3900,3707,3401,3355,3465,3139,3188,-24.5606,-5.07209,8.64373,48.232
94263,3977,4077,3747,3563,4938,6296,4563,3633,5323,7481,4817,3714,4403,4498,4000,3487,2.36932,-8.53299,8.86629,48.3447
94264,3320,3305,3336,3186,3925,3850,3390,3203,5950,4742,3556,3377,12601,6053,3989,3486,30.7393,-33.5849,8.86958,47.5127
94265,3094,3254,3492,3557,3237,3544,3886,4227,3431,3784,4980,7855,3432,3794,5619,10677,18.9793,30.7466,8.97009,47.9087
94266,3794,4260,4901,4331,3724,5636,8136,4982,3643,4427,5461,4223,3399,3748,3867,3672,-6.09508,5.2592,8.97487,48.136
94267,4015,5218,6439,4841,3976,5611,7337,4945,3648,3983,4433,3875,3277,3488,3455,3562,-13.1408,4.70133,8.53145,48.0687
94268,3536,3648,3708,3458,4035,4812,4283,3583,4661,7727,6243,3951,4348,5408,4888,3977,8.97866,-2.9834,8.75587,48.1773
94269,5295,9381,7246,4443,4354,5217,4782,3960,3638,3797,3670,3416,3273,3459,3267,3203,-27.3751,-3.32823,8.85929,48.2673
94270,4798,6302,5147,3950,4986,7744,5428,3870,4049,4563,3986,3625,3459,3641,3530,3245,-11.7267,-5.78422,8.69835,48.2153
94271,3255,3585,4454,5181,3323,3763,5069,9258,3180,3697,4832,7118,3285,3484,3962,4405,-3.30148,32.2119,8.56564,47.9007
94272,5145,8914,7435,4418,4409,5013,4707,4037,3521,3680,3614,3512,3282,3354,3384,3218,-32.0561,-2.50059,8.80871,47.762
94273,3607,3433,3357,3332,4059,4335,3823,3465,5317,7410,5032,3880,5460,7031,4828,3869,14.2946,-8.01772,8.5086,48.1587
94274,5419,4564,3633,3256,9358,5108,3726,3479,6958,4803,3706,3282,4314,3768,3409,3156,-3.93373,-33.587,8.78618,47.9593
94275,4164,3907,3495,3168,6553,4692,3695,3311,9221,5561,3817,3340,5663,4671,3663,3282,5.28588,-24.1171,8.92594,48.1353
94276,3973,4717,5600,4467,3972,5936,7737,4822,3655,4372,4784,4114,3270,3540,3810,3473,-9.68094,4.14297,8.82404,48.1613
94277,4084,3842,3381,3100,6446,4578,3640,3252,10236,5364,3664,3301,6075,4641,3695,3265,6.59397,-27.5478,8.97077,48.376
94278,3032,3288,3445,3522,3436,3572,3980,4383,3424,3938,5001,8227,3394,3933,5623,9836,17.3402,32.6044,8.68016,48.0227
94279,3144,3567,3914,4127,3303,3816,5222,5994,3439,3940,6359,8173,3512,3711,4663,5424,5.11755,19.0733,8.57318,48.2053
94280,8086,5137,3809,3384,9484,5259,3841,3389,4790,4061,3538,3222,3637,3570,3241,3224,-12.9666,-33.3167,8.73354,47.7813
94281,3214,3302,3459,3322,3545,3897,4185,3812,3899,5443,6660,4815,4139,6023,7695,5127,17.1335,3.97194,8.86871,48.358
94282,3644,4290,4940,4369,3842,5474,7792,5187,3769,4472,5574,4370,3271,3764,4035,3729,-5.30909,6.02372,8.53873,48.348
94283,3312,3449,3295,3063,4166,3959,3493,3249,6465,5575,4028,3460,9590,7455,4289,3427,21.2782,-18.2214,8.84247,48.1833
94284,3636,3660,3327,3051,5010,4119,3544,3295,9081,5498,3916,3311,8104,5285,3879,3345,13.2265,-25.8364,8.54107,48.0407
94285,3447,3579,3658,3362,3916,4549,4392,3652,4607,7327,6183,4182,4527,5811,5192,4139,10.9102,-2.53362,8.59277,48.3487
94286,3110,3238,3358,3291,3241,3372,3837,4045,3502,3788,4795,6531,3356,3959,6075,12332,25.2922,27.5472,8.81989,47.8867
94287,3477,3512,3332,3108,4140,4055,3563,3289,6288,6161,4152,3480,7930,7689,4415,3439,19.0419,-15.3766,8.98234,48.02
94288,7395,4910,3776,3418,10065,5078,3821,3372,5328,4262,3528,3308,3793,3624,3316,3198,-10.6856,-30.9668,8.83039,48.128
94289,3457,3677,3614,3408,3799,4601,4440,3901,4324,6922,6756,4326,4224,5382,5326,4215,10.2479,-0.489093,8.60652,48.248
94290,3336,3455,3256,3270,3899,3938,3732,3372,5119,6418,4712,3718,6113,8639,5489,3868,19.9664,-8.46201,8.77826,48.2227
94291,12433,5881,3989,3371,5895,4786,3782,3380,3809,3794,3389,3238,3438,3378,3208,3118,-30.8694,-31.292,8.68172,47.2593
94292,3622,3656,3304,3164,4934,4179,3535,3228,9323,5203,3824,3418,7963,5116,3798,3338,12.5868,-30.0244,8.62024,47.7367
94293,3034,3279,3393,3490,3230,3446,3865,4311,3464,4037,5416,6947,3500,4129,6900,9724,19.3974,19.7958,8.9784,48.11
94294,11354,7374,4250,3463,5852,4847,3902,3454,3842,3732,3563,3249,3358,3339,3106,3150,-28.933,-21.2873,8.77239,47.89
94295,4021,4196,3809,3463,5232,6708,4358,3581,5420,7175,4576,3661,4330,4507,3844,3524,0.955031,-10.0078,8.8424,48.27
94296,3170,3528,4008,4213,3431,3906,5120,5994,3453,4127,6591,7968,3323,3825,4796,5383,4.82834,17.9202,8.81855,48.5573
94297,12576,6008,3955,3269,6010,4690,3765,3432,3917,3819,3502,3256,3356,3315,3276,3103,-32.3868,-29.6187,8.76383,47.4993
94298,5856,9569,6735,4101,4617,5118,4534,3908,3594,3848,3745,3503,3261,3381,3328,3069,-29.8326,-4.88484,8.84577,48.1113
94299,4198,5181,5560,4262,4205,6523,7112,4448,3835,4461,4549,4002,3381,3664,3721,3435,-10.1247,1.07235,8.70041,48.358
94300,3325,3323,3279,3195,3918,3763,3437,3299,6213,4726,3752,3343,12503,5938,3965,3342,27.6622,-31.2267,8.66565,47.5473
94301,3375,4007,5959,11331,3421,3853,5041,7184,3170,3507,3883,4131,2973,3236,3462,3365,-21.5002,26.3038,8.61587,47.932
94302,3456,4295,8012,10215,3497,3920,5102,5702,3228,3522,3807,3824,3095,3197,3414,3361,-27.5547,18.3955,8.57576,47.7647
94303,5969,4487,3701,3353,9609,5580,3733,3365,6416,4586,3692,3313,4175,3869,3407,3141,-5.76809,-24.8292,8.88891,48.264
94304,4135,3914,3536,3196,6207,4880,3677,3333,8901,5933,3960,3417,5418,4755,3792,3278,4.94486,-21.3067,8.75995,48.2213
94305,3384,3359,3271,3156,3726,3736,3731,3422,4720,5290,4496,3732,6608,9796,5838,3840,31.8913,-8.30685,8.64776,48.07
94306,4639,4416,3661,3299,7236,5996,4018,3429,6760,5655,3977,3484,4560,4151,3652,3248,-1.05046,-18.3245,8.58097,48.1207
94307,4691,4055,3519,3192,8157,4861,3679,3256,8697,5057,3854,3406,5028,4198,3537,3220,1.1906,-27.1796,8.83024,48.2713
94308,4651,7628,8094,4957,4185,5094,5223,4228,3550,3851,3887,3578,3258,3360,3416,3231,-23.5371,1.04079,8.53587,48.1273
94309,3100,3354,3596,3678,3196,3503,4288,5013,3254,3942,5222,9348,3295,3757,5148,8066,12.5913,27.9323,8.67071,47.84
94310,3343,3347,3250,3074,4320,3882,3463,3331,6435,5405,3946,3551,10214,6975,4145,3431,21.6859,-20.5318,8.71068,48.0747
94311,3530,3541,3370,3175,4378,4420,3676,3383,7304,6614,4000,3533,6955,6273,4222,3529,14.0803,-16.6699,8.61779,47.9353
94312,3245,3646,4366,5005,3347,3827,5057,8761,3370,3673,4834,7625,3175,3452,4054,4556,-1.87172,28.1733,8.72095,47.9953
94313,4632,4262,3552,3232,8250,4905,3781,3361,8303,4919,3850,3378,4854,4066,3677,3133,0.552931,-30.9351,8.92154,48.1033
94314,4134,3811,3392,3268,6035,4573,3660,3207,9687,5558,3861,3429,6228,4723,3679,3383,7.24762,-25.3601,8.82608,48.4187
94315,3467,4310,7865,10040,3474,3973,5277,6034,3255,3466,3854,3894,3035,3268,3391,3461,-25.0381,18.2799,8.52283,48.0427
94316,3269,3443,3289,3168,3782,3822,3656,3304,5003,5341,4321,3559,7421,9725,5282,3751,28.3074,-11.1202,8.57673,48.0907
94317,3359,4008,5611,7327,3424,4004,6175,8416,3338,3744,4420,4849,3085,3288,3605,3621,-12.7634,20.6039,8.6841,48.1827
94318,3643,3705,3652,3428,4042,5022,4387,3686,4711,7627,6078,4140,4270,5313,4789,3863,8.32717,-2.97652,8.53812,48.2373
94319,5085,8563,7274,4395,4307,5570,5045,4048,3681,3867,3684,3402,3225,3462,3379,3216,-23.1132,-1.97144,8.72148,48.1353
94320,3167,3204,3482,3332,3321,3637,3857,3701,3747,4484,5363,4804,3894,5992,9843,6405,25.9075,7.5034,8.67439,48.1553
94321,3752,4782,5520,4669,4013,5753,7782,5026,3744,4340,5016,3997,3348,3502,3695,3464,-8.96684,4.85449,8.55025,48.2687
94322,3118,3258,3382,3275,3274,3641,3729,3873,3691,4237,5299,5076,3668,5101,9607,7598,31.699,11.4663,8.75408,47.8847
94323,4262,3923,3483,3187,7158,4801,3715,3196,9056,5204,3828,3335,5466,4521,3540,3306,3.38756,-27.1129,8.66595,47.9873
94324,3498,3367,3250,3008,4106,3957,3568,3301,6684,5230,3974,3373,10441,6863,4104,3485,21.3443,-20.9557,8.70815,48.1393
94325,3318,3433,3461,3168,3879,3964,3600,3390,5092,6510,4529,3713,6251,9008,5379,3910,20.2395,-8.7629,8.95856,48.4033
94326,3259,3326,3349,3360,3596,3758,3780,3582,4331,5388,5219,4045,5034,8575,7425,4668,22.8737,-1.32282,8.95277,48.4633
94327,4300,4014,3503,3325,7051,4615,3587,3317,9374,5146,3717,3388,5382,4329,3599,3244,3.44779,-29.0391,8.71604,47.9273
94328,11513,7058,4124,3390,5942,4950,3881,3369,3960,3900,3430,3121,3309,3441,3241,3094,-30.8614,-21.2184,8.92287,47.8153
94329,3419,3423,3239,3026,4236,3946,3581,3256,6879,5475,4026,3419,9699,6952,4225,3428,19.9329,-19.8994,8.7764,48.1527
94330,3598,3565,3506,3219,4066,4384,3875,3477,5635,7725,4995,3861,5399,6973,4733,3745,13.5825,-8.85725,8.89717,48.504
94331,7577,9196,4959,3643,5314,5738,4303,3569,3848,3952,3538,3497,3401,3376,3268,3061,-23.352,-11.9196,8.77198,48.16
94332,12885,5893,3863,3381,6226,4739,3751,3281,3984,3740,3410,3218,3428,3301,3207,3187,-26.3635,-31.2141,8.69368,47.6627
94333,3941,3801,3359,3281,5600,4467,3559,3318,9839,5679,3862,3401,6535,4858,3740,3444,8.67887,-24.6482,8.94504,48.456
94334,12424,6447,3989,3282,5875,4821,3729,3329,3995,3739,3460,3202,3334,3369,3219,3140,-31.5812,-25.1538,8.71332,47.5693
94335,3498,3708,3692,3403,3925,4912,4663,3819,4422,6907,6610,4304,4083,5174,4939,4182,7.97279,-0.996451,8.51617,48.1607
94336,3454,3843,4976,5806,3474,4115,6864,8193,3317,3805,4810,5294,3226,3470,3864,3882,-7.73198,17.7234,8.79635,48.262
94337,3137,3214,3408,3494,3068,3518,3768,3980,3345,3719,5018,6023,3401,4065,6791,11872,31.2799,23.2303,8.78578,47.8807
94338,3454,3979,5899,10456,3363,3761,5231,7820,3202,3436,3951,4373,3147,3243,3448,3400,-18.8039,26.9544,8.78563,48.1087
94339,3323,3385,3343,3156,3580,3739,3826,3434,4694,5042,4456,3810,5807,9770,6590,4233,30.4034,-5.31643,8.79749,48.1253
94340,5124,4233,3693,3287,8995,5072,3629,3345,7445,4631,3594,3287,4489,4081,3600,3301,-2.21446,-31.2704,8.75017,47.8707
94341,5936,4583,3633,3417,9707,5278,3861,3360,6480,4469,3650,3378,4103,3934,3413,3206,-6.01435,-28.3841,8.8023,48.272
94342,3284,3531,3958,3828,3392,4147,5383,5303,3524,4587,7560,6695,3376,3969,5013,4996,5.54755,13.336,8.90862,48.364
94343,3437,3507,3388,3285,3997,4250,3795,3474,5210,7370,5172,3899,5128,7122,5189,3821,14.7998,-6.81681,8.56537,48.0293
94344,4424,6814,7912,5112,3980,5513,5876,4410,3498,3847,3971,3660,3242,3330,3332,3252,-19.9912,2.36321,8.76811,48.1153
94345,3451,4097,7356,11337,3389,3850,4898,5780,3252,3489,3731,3959,3175,3257,3460,3431,-32.5379,21.2364,8.77536,47.9413
94346,3655,4798,8761,8430,3342,4119,5615,5657,3299,3652,3897,3857,3034,3148,3446,3338,-23.9436,14.3827,8.9774,48.032
94347,3519,3943,5311,6387,3452,4151,6621,8419,3331,3754,4660,5162,3108,3375,3778,3775,-9.91672,18.4915,8.80351,48.4973
94348,3559,4292,6711,8380,3403,4095,5945,7157,3341,3599,3999,4314,3186,3338,3552,3417,-17.3583,18.6831,8.6977,48.192
94349,9639,5588,3882,3490,8371,5100,3785,3413,4608,4051,3524,3194,3551,3519,3319,3146,-16.9486,-30.1273,8.65665,48.12
94350,3094,3228,3461,3297,3368,3644,3710,3704,3756,4416,5267,4641,3936,5995,9974,6321,29.3401,7.52562,8.9136,47.8747
94351,8207,6643,4301,3562,7170,5978,3961,3509,4325,4250,3599,3226,3634,3455,3237,3149,-16.544,-18.2011,8.79689,48.1373
94352,4760,6897,6294,4386,4382,6486,5822,4286,3656,4045,4070,3670,3344,3553,3426,3368,-16.4104,-1.55613,8.54324,48.2967
94353,5070,4379,3549,3299,9074,5046,3802,3438,7574,4702,3656,3267,4459,3908,3534,3262,-2.40934,-31.1433,8.72285,48.0127
94354,3955,3932,3549,3204,5600,5088,3852,3469,7643,6828,4054,3509,5417,4956,3798,3491,6.02355,-17.0541,8.53128,48.23
94355,3640,4926,9050,7776,3605,4322,5467,5280,3322,3606,3823,3882,3122,3313,3328,3403,-24.1904,12.6706,8.7061,47.91
94356,9833,6496,4030,3450,7191,5497,3929,3396,4246,3905,3619,3298,3576,3482,3197,2993,-19.3862,-21.4383,8.79665,48.092
94357,9691,7868,4358,3471,6058,5349,4017,3509,3999,3757,3539,3210,3359,3343,3304,3177,-23.2855,-17.9949,8.62908,48.006
94358,3357,3747,6405,12381,3368,3761,4915,6398,3289,3455,3755,3960,3141,3228,3297,3466,-27.0825,25.869,8.9788,47.9487
94359,3490,3781,3586,3357,4027,4768,4315,3658,4558,7442,6510,4121,4358,5514,4999,3936,9.92203,-2.22073,8.69912,48.28
94360,3531,3577,3332,3153,4706,4013,3577,3260,8799,5269,3780,3345,8954,5505,3884,3294,15.2139,-25.9399,8.74888,47.986
94361,3409,3356,3262,3062,3991,3955,3563,3215,6770,5387,3954,3393,10241,7022,4192,3362,21.2679,-20.6365,8.78327,48.0893
94362,10389,5842,3886,3346,8088,5078,3791,3316,4213,3967,3405,3238,3544,3458,3258,3143,-18.2212,-28.2205,8.96651,47.9747
94363,3125,3471,4056,4490,3378,3711,4728,7384,3414,3752,5029,9121,3289,3529,4270,5197,2.54365,30.0665,8.63368,47.9627
94364,3234,3421,3769,3752,3331,3662,4667,5275,3462,4129,6610,8353,3446,3909,5326,6252,9.58624,18.7324,8.64552,48.3987
94365,4533,4121,3493,3157,7544,5073,3795,3349,8476,5273,3885,3348,4935,4249,3684,3218,1.42997,-23.1148,8.93147,48.0887
94366,3230,3617,4554,5871,3455,3866,5478,9710,3269,3607,4633,6427,3169,3400,3741,4161,-5.91914,24.3862,8.94444,48.1253
94367,3402,3944,5670,10327,3239,3795,5109,8176,3170,3557,3953,4331,3138,3198,3467,3639,-17.9063,28.3483,8.97798,48.0767
94368,3563,3434,3115,3032,4307,3902,3419,3222,8035,5048,3803,3445,10267,5693,3958,3473,18.2378,-28.7883,8.6892,47.8107
94369,3866,5640,9972,6484,3807,4416,5222,4753,3404,3585,3791,3837,3214,3287,3348,3370,-32.8368,8.62591,8.598,47.9973
94370,3564,3901,4010,3582,3914,5295,5407,4249,4260,6309,6719,4398,3841,4485,4546,3942,3.51414,0.574506,8.61114,48.2813
94371,3782,4477,5438,4569,3868,5575,8284,5182,3642,4266,4949,4307,3284,3625,3810,3600,-8.16792,6.10187,8.96444,48.4387
94372,3721,3662,3350,3142,4933,4310,3611,3222,8824,6110,4076,3470,6974,5316,3798,3540,11.3205,-21.1417,8.65113,48.0393
94373,3382,3778,4049,3938,3408,4456,6442,5127,3624,4466,7594,5614,3549,4012,4575,4517,1.98401,10.4429,8.96562,48.354
94374,3448,4051,6878,11774,3356,3873,4899,5894,3189,3507,3779,3951,3157,3230,3357,3407,-31.0046,22.7306,8.72249,47.8333
94375,3641,4171,4730,4297,3850,5176,7688,5048,3664,4590,6109,4531,3439,3799,3951,3857,-4.0721,6.87263,8.76441,48.3607
94376,3745,4123,4070,3654,4305,6076,5348,3876,4299,6630,5805,4048,3941,4516,4279,3670,1.30637,-2.31219,8.96882,48.2567
94377,3887,4337,4312,3720,4332,6584,6253,4183,4109,5862,5503,4023,3726,4081,3911,3651,-1.95911,-0.947458,8.97173,48.316
94378,3445,4006,5392,6028,3457,4207,6783,8045,3412,3756,4693,5169,3104,3463,3795,3885,-8.84984,17.4611,8.70499,48.4267
94379,3534,4605,8523,9330,3497,4056,5138,5516,3234,3452,3910,3891,3100,3224,3398,3479,-30.4785,16.4327,8.70612,47.9247
94380,3347,3390,3339,3178,4461,3912,3405,3163,8323,5182,3739,3364,9580,5607,3947,3429,16.7473,-31.6438,8.9096,47.5773
94381,3383,3405,3265,3106,3750,3765,3695,3286,4730,5288,4351,3744,6780,10186,5706,3847,29.7737,-8.91109,8.91265,48.1913
94382,3694,3522,3285,3100,4873,4129,3582,3230,9000,5233,3885,3327,8531,5335,3811,3333,14.0253,-27.8359,8.5756,47.9133
94383,10197,7922,4339,3399,5838,5231,3982,3468,3995,3861,3404,3237,3409,3411,3239,3061,-25.3029,-18.6283,8.59908,47.9953
94384,3434,3604,3562,3326,3970,4625,4005,3660,4952,7665,5614,3885,4715,5978,5064,3991,11.3119,-4.62892,8.5628,48.0333
94385,4059,3811,3351,3222,6159,4537,3640,3223,9691,5234,3735,3251,6183,4707,3621,3352,6.86436,-28.0152,8.87466,47.8507
94386,4596,3926,3392,3297,7659,4869,3736,3266,8785,4984,3708,3316,5044,4318,3621,3316,1.88802,-32.2531,8.75791,47.8887
94387,3289,3726,4549,5418,3370,3944,6226,8551,3267,3799,4954,6257,3208,3459,3844,4174,-4.94874,20.3088,8.57854,48.0233
94388,3523,3480,3240,3172,4128,3887,3497,3161,7329,5306,3907,3405,10055,6433,4012,3426,19.626,-22.099,8.98981,47.974
94389,5514,8946,6732,4220,4573,5628,4927,3959,3641,3829,3702,3450,3198,3311,3298,3204,-23.1301,-4.14374,8.91615,48.088
94390,3227,3299,3525,3490,3347,3526,4116,4287,3466,4298,6604,6548,3535,4570,7221,7308,16.7323,14.8784,8.77607,48.2447
94391,3326,3426,3516,3326,3683,4064,4077,3621,4130,5835,6746,4576,4226,5982,6763,4775,15.5788,2.51663,8.75692,48.048
94392,3255,3204,3450,3400,3278,3477,3786,3839,3318,3831,4897,6035,3369,3962,6733,12000,30.4339,23.42,8.71747,47.8893
94393,10628,5775,3977,3289,7665,5087,3797,3415,4301,3944,3502,3358,3400,3298,3209,3138,-19.2377,-28.4833,8.5852,47.8553
94394,3353,3822,5113,7170,3318,3848,5458,9544,3297,3464,4370,5353,3169,3355,3665,3751,-10.9422,25.3712,8.69938,48.0333
94395,3422,3514,3440,3414,3616,4100,4149,3811,4174,6011,6258,4460,4272,6391,6758,4733,15.9824,1.29359,8.57926,48.3487
94396,9812,7071,4200,3357,7092,5501,3975,3353,4163,3874,3547,3152,3436,3421,3200,3066,-19.9419,-19.7392,8.97345,48.1467
94397,3100,3261,3393,3448,3248,3504,4034,4026,3491,3944,5602,6372,3455,4310,7492,9327,21.0371,18.286,8.55243,48.0047
94398,8377,6136,3992,3502,7931,5772,3908,3521,4420,4055,3622,3192,3526,3573,3228,3113,-16.0756,-20.5927,8.5917,47.912
94399,3567,4320,5918,5402,3634,4468,7758,6495,3402,3837,4715,4571,3202,3432,3668,3636,-10.0429,12.2516,8.61039,48.0167
94400,3120,3343,3717,4102,3219,3650,4377,5946,3348,3786,5596,9699,3295,3812,4686,6249,7.47138,24.9386,8.89163,47.9633
94401,3392,3369,3177,3060,3917,3906,3487,3316,6255,5643,3968,3597,9258,7751,4417,3561,21.102,-17.174,8.76469,48.0493
94402,4552,4000,3523,3152,7508,4833,3676,3379,9110,5074,3809,3403,5120,4279,3625,3230,2.25143,-27.2288,8.83768,48.182
94403,10375,6174,4036,3412,7585,5261,3828,3409,4337,3944,3493,3335,3453,3415,3183,3043,-19.1726,-24.2692,8.92047,48.1887
94404,3379,3408,3228,3061,4051,3741,3507,3265,5986,4991,3907,3383,11424,7143,4096,3440,27.261,-21.3466,8.53348,48.0067
94405,3236,3340,3300,3419,3477,3727,3998,3771,3932,4973,6226,4540,4090,6263,8463,5453,20.2943,4.77786,8.82417,48.1387
94406,3178,3475,3938,4200,3202,3682,4634,6607,3309,3883,5489,9470,3237,3591,4399,5725,5.25134,24.7308,8.82328,48.0127
94407,3202,3324,3630,3637,3232,3563,4141,5010,3386,3910,5260,9567,3501,3738,5115,7663,11.8262,27.3639,8.55629,47.9193
94408,3383,3963,5278,5919,3439,4104,6835,7956,3339,3787,4688,5136,3152,3393,3795,3925,-8.91102,17.4453,8.52692,48.0613
94409,3264,3872,5276,7209,3426,3926,6067,8915,3359,3620,4297,5002,3154,3377,3765,3768,-11.3027,21.7992,8.62023,48.198
94410,3476,3752,4507,4638,3492,4242,6850,6688,3473,4001,5790,5819,3296,3686,4115,4269,-2.26336,15.2273,8.54234,48.0627
94411,3508,3384,3214,3083,3854,3870,3566,3179,5482,5163,3994,3468,8764,8918,4733,3658,32.5077,-14.4687,8.71562,47.892
94412,4249,4596,4007,3530,5044,7326,5021,3718,4790,6449,4704,3681,3963,4130,3928,3480,-2.38487,-7.35778,8.60361,48.4107
94413,3319,3375,3180,3095,3816,3853,3656,3318,5215,5293,4213,3589,8113,9260,5064,3698,27.2495,-12.8084,8.77084,48.038
94414,3284,3821,4878,6179,3407,3871,5603,9261,3265,3670,4617,5954,3127,3416,3735,4130,-7.11179,23.3689,8.56717,48.1453
94415,3088,3429,3771,4083,3288,3735,4829,5705,3399,4106,6651,8523,3378,3661,5065,5788,7.32387,18.8036,8.71395,48.3327
94416,3288,3530,3960,3998,3349,3957,5497,5480,3462,4379,7288,6981,3389,3792,5025,4993,4.86185,14.5759,8.79714,48.2453
94417,7590,9611,4972,3602,5076,5228,4233,3558,3932,3725,3590,3275,3342,3392,3293,3137,-33.872,-11.9697,8.90393,47.704
94418,6523,6527,4272,3469,6610,7050,4384,3581,4465,4372,3750,3343,3662,3666,3304,3155,-13.6953,-14.2182,8.60239,48.0887
94419,3383,3439,3262,3121,4139,3923,3370,3184,6065,5307,4064,3462,9830,7896,4398,3440,24.0339,-17.6378,8.81863,48.1887
94420,5424,5384,4127,3460,7064,7651,4379,3531,4913,4938,3851,3370,3760,3793,3395,3326,-8.71596,-13.9857,8.98641,48.244
94421,3394,3871,5864,10079,3215,3915,5359,7882,3240,3477,3958,4399,3006,3133,3450,3494,-17.917,25.2141,8.71793,47.824
94422,3367,3456,3335,3198,3978,4144,3559,3303,5967,6262,4170,3609,7644,8036,4653,3626,19.5499,-13.7774,8.73045,48.2047
94423,3826,5300,8730,6169,3710,4598,6503,5156,3384,3774,4076,3831,3171,3352,3528,3340,-19.7331,9.0317,8.67858,48.2987
94424,3276,3427,3244,3257,3678,3826,3724,3371,4578,5274,4663,3888,5894,9774,6444,4113,29.1706,-5.95644,8.54691,48.2873
94425,3166,3436,3424,3219,3463,3751,3964,3732,4001,5197,6106,4606,4159,6225,8473,5267,19.8622,4.18004,8.7307,48.126
94426,3819,3662,3378,3184,5011,4230,3672,3130,8929,5652,3766,3383,7624,5368,3896,3451,12.4635,-23.6077,8.50902,48.1033
94427,3137,3376,3365,3221,3338,3535,3852,3738,3662,4465,5414,5007,3850,5640,9927,6942,26.7711,9.13227,8.94264,48.3127
94428,3253,3391,3269,3295,3562,3823,3684,3575,4288,5189,4847,3939,5123,8815,7432,4532,25.3588,-2.35285,8.73061,48.0113
94429,3291,3423,3190,3128,4094,3780,3545,3147,7155,4932,3860,3386,11305,5818,4059,3409,21.5005,-32.7995,8.68922,47.6813
94430,3901,5589,8208,5752,3842,4828,6804,5068,3427,3691,4120,3893,3127,3312,3518,3308,-18.2252,7.53685,8.69726,48.2587
94431,7017,5308,3839,3294,9282,5957,3803,3420,5099,4274,3649,3291,3768,3579,3329,3062,-11.0926,-22.2154,8.98306,47.9807
94432,3870,3876,3391,3210,5801,4416,3747,3299,9904,5339,3880,3474,6160,4586,3702,3383,7.70166,-33.0737,8.85986,48.0253
94433,3383,3904,5270,8529,3395,3800,5497,9005,3298,3529,4164,4837,3083,3214,3592,3634,-13.7032,25.1767,8.95756,48.0893
94434,3367,3934,5860,10902,3398,3840,5032,7567,3253,3571,3831,4218,3167,3314,3408,3514,-20.1844,30.9292,8.57801,48.1173
94435,4604,5883,4664,3827,5224,8125,5478,3870,4185,4769,4157,3521,3617,3732,3480,3440,-10.0543,-6.3893,8.77547,48.384
94436,3391,3384,3321,3060,4311,4012,3515,3247,7249,5590,3961,3349,9365,6804,4090,3400,18.9132,-20.276,8.67754,48.0327
94437,7806,9414,4944,3694,5159,5588,4223,3618,3838,3813,3516,3372,3383,3401,3289,3195,-24.6374,-12.4138,8.67417,48.1687
94438,7863,9507,4992,3631,5172,5302,4109,3638,3905,3857,3600,3261,3363,3331,3329,3113,-30.7943,-12.3814,8.69342,47.982
94439,3372,3900,6430,12557,3433,3737,4765,6025,3209,3543,3803,3966,3056,3237,3375,3416,-28.927,26.8828,8.8394,47.8827
94440,3453,3360,3205,3108,3872,3710,3518,3276,6038,4592,3704,3471,12794,6077,3873,3440,28.9023,-30.7851,8.75288,47.6607
94441,9022,5393,3979,3275,8929,5202,3795,3403,4650,4020,3478,3166,3527,3451,3271,3152,-15.1307,-31.1267,8.52977,47.8087
94442,4675,4067,3544,3270,7705,4858,3741,3223,8849,5165,3730,3201,5014,4311,3582,3230,1.81756,-27.9452,8.82723,48.11
94443,3547,3590,3219,3168,4589,4155,3415,3258,8927,5128,3788,3287,9202,5408,3846,3380,15.1298,-30.4023,8.96624,47.938
94444,4368,6737,7610,4865,3981,5486,6185,4461,3555,3885,3928,3764,3307,3403,3394,3367,-18.4868,1.87478,8.87356,48.1973
94445,3471,3879,5972,12516,3267,3719,4748,5953,3270,3406,3947,3922,3338,3259,3430,3368,-33.1644,28.4416,8.70793,47.6433
94446,3249,3534,3994,3968,3469,4077,5630,4958,3607,4567,7635,6190,3486,4064,5047,4810,5.06348,11.8611,8.56612,48.19
94447,3029,3203,3274,3291,3208,3435,3699,3956,3428,3787,4765,6251,3412,4025,6235,12638,27.52,26.756,8.85598,47.7573
94448,3482,3516,3381,3182,3792,4250,3839,3563,4687,7093,5502,3915,4863,7255,5789,4096,15.7142,-4.13871,8.71952,48.1367
94449,3406,3913,5748,11173,3521,3774,4995,7541,3306,3491,3843,4143,3134,3196,3397,3459,-20.7831,30.4463,8.63167,48.0267
94450,7391,9736,5257,3844,5033,5374,4198,3563,3777,3750,3527,3298,3288,3363,3301,3221,-27.4772,-11.1246,8.74035,47.9473
94451,3543,3425,3282,3063,4436,4017,3474,3203,8453,5061,3619,3444,9985,5473,3953,3392,17.0692,-31.5545,8.97522,47.882
94452,3566,4056,5163,4748,3675,4870,8183,5858,3494,4220,5331,4664,3313,3563,3944,3664,-6.85923,9.7232,8.78145,48.208
94453,12691,6015,3909,3375,5853,4795,3760,3386,3792,3675,3460,3344,3327,3341,3161,3179,-30.6953,-33.5737,8.81885,47.3753
94454,3372,4363,8043,10300,3481,4002,5088,5638,3231,3510,3781,3887,3089,3236,3395,3414,-29.1311,18.1241,8.87789,47.8867
94455,3076,3436,3688,3854,3347,3754,4495,5048,3485,4161,6550,8426,3406,3856,5473,6432,10.1929,18.7287,8.94756,48.3247
94456,3145,3398,3523,3678,3321,3662,4206,5045,3395,3876,5219,9581,3420,3890,5232,7805,12.222,32.735,8.67925,48.264
94457,3764,3627,3329,3106,4692,4674,3718,3422,7087,7231,4263,3675,6061,6040,4217,3475,11.0594,-14.9462,8.62372,48.254
94458,3337,4090,6108,9613,3464,3841,5322,7850,3298,3564,4113,4345,3049,3186,3475,3558,-17.7928,23.0161,8.58082,48.142
94459,3652,4600,8149,7688,3579,4202,6304,6056,3319,3603,4115,4006,3164,3275,3403,3414,-18.9918,14.2084,8.8773,48.3527
94460,5585,9555,6578,4043,4449,5165,4625,3952,3692,3778,3761,3440,3307,3426,3225,3196,-33.9285,-4.94291,8.57799,47.8513
94461,12004,6630,4033,3391,5967,4741,3828,3270,3938,3673,3417,3139,3548,3411,3222,3139,-31.8303,-23.5562,8.86157,47.5673
94462,3025,3237,3281,3481,3178,3541,3846,4202,3386,3800,5045,7929,3406,3887,5788,10821,19.1148,28.3992,8.8948,47.902
94463,3480,3400,3189,3151,4173,3871,3546,3224,6863,4836,3825,3324,11266,6205,4006,3379,22.4254,-24.6268,8.85972,47.8253
94464,3619,4321,5842,5319,3518,4735,7877,6228,3515,3954,4796,4552,3178,3515,3722,3688,-9.81646,11.315,8.53369,48.2527
94465,3406,3920,6131,12813,3403,3720,4832,5937,3243,3502,3734,3938,3055,3251,3277,3365,-30.1595,29.9838,8.80741,47.6847
94466,3110,3289,3447,3344,3440,3594,3863,3795,3770,4495,5236,4745,3947,5868,9690,6511,28.8688,7.89645,8.65642,48.096
94467,12673,5963,3909,3467,6299,4704,3671,3395,3892,3803,3415,3284,3336,3400,3322,3046,-26.5481,-30.2455,8.73213,47.7193
94468,3481,3552,3404,3232,4059,4324,3776,3404,5428,7284,4751,3751,5706,7585,5068,3787,15.8842,-9.20932,8.59283,48.3947
94469,3849,3780,3345,3220,4989,4909,3775,3501,7272,7323,4256,3572,5594,5459,4131,3442,8.60625,-15.3386,8.70565,48.278
94470,3282,3304,3411,3036,3785,3844,3570,3284,5059,5312,4195,3689,7973,9532,4892,3635,28.4694,-12.4339,8.81099,47.8687
94471,8796,6396,4186,3413,7542,5656,3991,3501,4316,4096,3535,3288,3572,3446,3280,3163,-17.0593,-20.4092,8.62412,48.118
94472,3122,3236,3285,3399,3201,3401,3677,3875,3267,3835,4839,5953,3352,4053,7045,11830,29.7537,22.8816,8.74387,47.58
94473,3350,3445,3309,3252,3620,3897,3771,3433,4496,5023,4557,4020,5547,9333,6828,4205,30.084,-4.27964,8.51671,48.0573
94474,12681,5951,3999,3361,5912,4665,3798,3326,3815,3717,3307,3250,3384,3411,3299,3168,-31.0427,-31.681,8.87122,47.3627
94475,6117,4746,3733,3356,9548,5524,3848,3263,6191,4573,3805,3214,4008,3844,3365,3176,-6.78656,-25.0138,8.71373,48.2073
94476,4966,4663,3894,3273,7316,6482,4105,3502,6109,5501,3916,3475,4355,3996,3526,3211,-2.9224,-16.787,8.76306,48.1933
94477,3524,3585,3351,3305,4151,4517,3913,3562,5480,8078,5189,3698,5081,6298,4688,3651,11.4818,-7.705,8.93296,48.0473
94478,4563,4364,3672,3220,6591,6086,3958,3493,6733,5914,4051,3522,4691,4346,3766,3235,0.135658,-16.919,8.5188,48.1367
94479,9914,6719,4128,3463,7099,5407,3930,3312,4146,4014,3438,3222,3369,3438,3159,3183,-20.0263,-21.836,8.67864,47.9607
94480,3756,3697,3288,3094,5162,4358,3613,3285,9282,5747,3777,3399,7095,5297,3888,3391,11.1281,-23.4863,8.5757,48.086
94481,5418,4525,3709,3359,9181,4967,3788,3326,6788,4636,3610,3295,4206,3884,3565,3299,-4.10641,-32.5898,8.53214,47.704
94482,3380,3389,3267,3197,3943,3839,3456,3203,5743,5179,3968,3378,10550,7810,4109,3436,32.9172,-18.8234,8.91294,47.898
94483,5240,4412,3777,3405,9203,5081,3820,3383,7191,4871,3569,3284,4200,3905,3471,3209,-2.8921,-33.861,8.95675,48.014
94484,3880,3658,3471,3247,4849,4968,3860,3368,7033,7280,4419,3527,5630,5579,4039,3299,9.4554,-14.5784,8.67834,48.0713
94485,4050,5301,5914,4549,4048,6205,7286,4635,3692,4297,4606,3908,3358,3527,3544,3489,-11.1341,2.33763,8.77492,48.2727
94486,3091,3258,3401,3453,3300,3539,3953,3986,3467,3985,5616,6419,3559,4395,7554,9045,20.7555,17.4591,8.69656,48.014
94487,3506,4356,6413,6275,3572,4501,7265,6442,3385,3762,4496,4372,3232,3410,3677,3631,-13.1403,13.4055,8.7296,48.1967
94488,3237,3414,3973,4429,3294,3816,4856,7331,3487,3824,5475,8678,3224,3636,4320,5305,2.57042,24.1209,8.61318,48.1993
94489,6626,4769,3686,3310,10103,5253,3849,3381,5826,4300,3605,3243,3947,3763,3251,3059,-8.49472,-27.4624,8.97145,47.9807
94490,3478,3516,3307,3159,4247,4069,3695,3390,6863,5964,3959,3325,8480,7291,4223,3500,18.4481,-17.0779,8.82491,48.3107
94491,3464,3508,3208,3077,4105,4023,3567,3266,6809,5739,4079,3568,8774,7296,4257,3480,19.4864,-17.8048,8.63632,48.1467
94492,3110,3365,3567,3472,3337,3875,4236,4243,3798,4671,7143,5683,3666,4719,7620,6076,16.0374,10.4017,8.50991,48.3873
94493,3217,3192,3390,3362,3241,3449,3782,3929,3380,3752,4666,6168,3338,3950,5951,12629,28.2995,29.9779,8.66882,47.5973
94494,3380,3393,3265,3177,3845,3964,3676,3335,5235,6107,4558,3807,6046,9005,5347,3861,20.6568,-8.74453,8.68713,48.0007
94495,8965,8360,4499,3489,5701,5398,4096,3432,4056,3917,3482,3360,3390,3429,3259,3026,-23.9707,-15.8874,8.61978,47.906
94496,3708,3604,3261,3126,4971,4221,3650,3349,8961,5682,3825,3526,7929,5237,3897,3370,12.8889,-24.1291,8.6086,48.2113
94497,7054,5274,3866,3375,9162,5862,3852,3355,5165,4372,3676,3273,3878,3591,3428,3054,-10.8963,-22.6402,8.57565,48.158
94498,3392,3930,5915,11930,3398,3805,4932,6634,3286,3449,3758,4132,3148,3294,3418,3506,-23.7933,31.0831,8.53865,47.9513
94499,5493,6736,4740,3686,5837,7724,4747,3638,4125,4587,3803,3428,3559,3611,3503,3254,-13.0226,-10.0382,8.71833,48.314
94500,3556,3602,3721,3524,3694,4418,4520,3813,4165,6306,7383,4628,4069,5146,5563,4488,9.92384,2.35268,8.57204,48.3973
94501,3471,3440,3317,3159,3814,3807,3673,3224,4999,5222,4390,3620,7005,9802,5488,3936,27.4247,-9.66443,8.74549,48.2447
94502,3035,3237,3404,3361,3200,3510,3930,3931,3492,3859,5048,6134,3431,4357,7540,10671,25.9469,19.7207,8.72746,48.0933
94503,7360,4856,3850,3249,9856,5223,3757,3315,5311,4398,3640,3324,3715,3670,3308,3269,-10.8575,-30.26,8.70446,48.0673
94504,3163,3306,3409,3402,3270,3564,3858,3823,3545,4246,5815,5472,3630,4918,9135,7649,22.9368,12.8823,8.73009,48.1367
94505,3269,3455,3299,3115,3886,3897,3653,3317,4697,5501,4401,3699,6606,9899,5736,4005,25.9297,-8.52889,8.83405,48.29
94506,12546,5973,3869,3416,6330,4840,3764,3276,4011,3668,3481,3185,3349,3387,3249,3034,-25.9676,-28.6494,8.74791,47.5853
94507,3326,3424,3258,3189,3693,3801,3589,3386,5043,5307,4253,3648,7076,9983,5308,3733,31.8127,-10.65,8.99328,48.0113
94508,3281,3427,3261,3126,3854,3910,3665,3311,5045,5853,4405,3682,6676,9553,5502,3820,23.3836,-9.18909,8.84185,48.2473
94509,8394,7720,4353,3442,6350,5943,4134,3453,4133,3896,3589,3345,3514,3487,3290,3017,-19.8988,-16.4705,8.68812,48.04
94510,3409,4176,7226,11261,3582,3971,5017,6065,3157,3424,3829,3857,3255,3210,3357,3415,-26.154,21.0442,8.75199,48.1407
94511,5606,6970,4798,3854,5540,7397,4824,3670,4009,4305,3832,3505,3526,3485,3512,3216,-14.1988,-9.2458,8.77499,48.0327
94512,3850,3580,3363,3219,5360,4246,3699,3283,9708,5384,3713,3367,7111,5035,3647,3331,10.211,-26.5087,8.83774,47.9307
94513,3521,4325,7597,11043,3392,3813,4996,5814,3242,3480,3853,3966,3068,3228,3311,3464,-28.6662,20.1677,8.64543,48.0753
94514,3774,4762,6316,5053,3801,5289,7902,5266,3578,3938,4714,4157,3318,3505,3561,3480,-11.613,6.88959,8.64352,48.276
94515,3317,3451,3585,3392,3576,3835,4106,3810,3900,5258,6706,4672,4070,5898,7607,5200,17.2818,4.53621,8.80445,48.2553
94516,3208,3609,4213,4775,3338,3746,5223,7873,3375,3794,5285,7932,3119,3580,4086,4723,0.184311,23.434,8.69628,47.9193
94517,3047,3423,3641,3783,3387,3658,4383,5108,3301,3999,6214,8737,3366,4045,5360,6717,10.6452,20.2314,8.77818,48.1127
94518,12564,6038,4035,3355,6021,4733,3837,3321,3787,3758,3288,3255,3392,3474,3305,3205,-32.2634,-32.9272,8.76957,47.5787
94519,4001,5479,7153,5120,3948,5381,6970,4781,3477,4007,4129,3916,3259,3475,3513,3434,-15.3937,5.04724,8.70647,48.0287
94520,3992,6021,9160,6030,3877,4695,5758,4827,3440,3723,3880,3729,3188,3286,3404,3334,-22.8958,6.94212,8.68097,48.2293
94521,4124,3744,3450,3129,6191,4510,3680,3342,9628,5506,3792,3387,6144,4598,3859,3349,7.13592,-25.8551,8.55123,48.2887
94522,3528,3474,3331,3236,4501,4063,3455,3300,8404,5195,3749,3380,9577,5566,3892,3478,16.5478,-31.6491,8.72953,48.086
94523,4669,4089,3612,3251,8056,4866,3792,3396,8528,4966,3810,3292,5068,4169,3596,3240,0.986192,-27.8291,8.68086,48.2667
94524,3303,3340,3225,3075,3985,3841,3488,3180,5953,4893,3768,3427,11462,7169,4073,3452,29.6324,-21.1996,8.6063,47.756
94525,3878,4301,3979,3724,4632,6662,4969,3909,4669,7001,5218,3825,4058,4292,4010,3526,0.743689,-5.0284,8.82283,48.4353
94526,3649,3504,3339,3089,4250,4250,3702,3371,6947,6792,4281,3559,7015,6794,4415,3511,15.145,-15.4442,8.64701,48.312
94527,3639,3502,3207,3109,4382,4159,3649,3278,7184,6313,4111,3457,7915,6764,4193,3436,16.2944,-17.2196,8.99287,48.1987
94528,11441,7053,4092,3436,6236,5014,3838,3378,3941,3811,3472,3229,3365,3325,3254,3172,-25.699,-21.7687,8.5468,48.038
94529,3306,3402,3552,3369,3325,3730,4226,4087,3665,4475,7068,6136,3651,4563,7035,6442,15.4837,12.5426,8.84982,48.0213
94530,4302,6615,8575,5319,3949,4944,5722,4634,3541,3809,3867,3621,3236,3378,3317,3403,-21.7792,3.8033,8.51287,48.1547
94531,3411,3909,5250,6956,3332,3811,5673,9239,3274,3656,4339,5171,3095,3408,3714,3730,-10.3619,23.5032,8.50189,47.9787
94532,6177,8675,5337,3756,5240,6699,4616,3744,3996,4052,3674,3357,3379,3377,3332,3229,-19.2275,-9.072,8.8416,48.4267
94533,4132,6619,9725,5660,3862,4598,5176,4525,3462,3682,3788,3569,3206,3333,3407,3388,-29.9319,5.06092,8.94736,48.088
94534,9231,8752,4609,3580,5406,5200,4121,3366,3810,3846,3487,3292,3490,3480,3340,3059,-32.4549,-15.675,8.80867,48.046
94535,3406,3824,5399,9323,3366,3740,5116,8925,3353,3531,4080,4481,3211,3241,3440,3536,-15.1255,30.4099,8.9707,47.9813
94536,3030,3370,3479,3526,3301,3628,4085,4392,3519,4096,6218,7553,3464,4178,6367,7966,15.6801,18.4279,8.68932,48.1147
94537,12098,6615,4084,3389,6102,4714,3768,3408,4001,3792,3556,3284,3410,3375,3238,3149,-30.1766,-24.0522,8.52988,47.9887
94538,3403,4078,6595,10218,3395,3790,5208,7331,3223,3484,3934,4180,3235,3316,3403,3510,-19.6741,22.2908,8.96683,48.202
94539,3185,3267,3334,3349,3446,3609,3837,3742,3915,4596,5176,4656,4090,6229,9787,5806,33.7967,5.66986,8.89103,48.016
94540,3101,3401,3542,3758,3350,3482,4232,5214,3347,3824,5334,9678,3359,3685,5127,7363,10.9747,31.938,8.76474,47.8647
94541,3416,3386,3295,3126,4103,3727,3439,3330,5922,4757,3721,3384,12517,6130,3858,3342,29.9103,-28.6125,8.65415,47.6353
94542,3539,3581,3561,3331,3839,4454,4416,3678,4433,6960,6688,4333,4319,5575,5405,4295,10.6574,-1.05028,8.92768,48.2713
94543,3465,3443,3313,3147,4312,4011,3535,3237,7893,5092,3871,3416,10093,5591,3926,3393,18.1177,-31.4424,8.53765,47.8253
94544,4197,3859,3411,3154,6534,4616,3726,3331,9605,5033,3758,3349,5633,4607,3758,3270,5.08653,-32.698,8.74826,47.894
94545,3103,3468,3665,3945,3276,3665,4582,5631,3392,3912,6034,9116,3388,3798,5034,6353,8.7656,21.9968,8.73616,48.2413
94546,3225,3311,3287,3289,3546,3787,3723,3563,4312,5040,4925,4112,4773,8580,7806,4606,33.5202,-1.34642,8.78289,47.9233
94547,3481,3967,5913,11195,3363,3826,5051,7430,3243,3505,3887,4228,3107,3331,3341,3459,-20.6066,26.1153,8.93478,48.218
94548,5933,6568,4561,3649,6029,7424,4503,3728,4300,4557,3912,3412,3470,3572,3456,3186,-13.7138,-11.6836,8.51161,48.1733
94549,7013,4968,3884,3310,9343,5822,3815,3561,5409,4345,3732,3265,3749,3731,3301,3096,-10.2745,-23.4237,8.68698,48.2293
94550,3137,3248,3451,3378,3256,3456,3925,3930,3430,3896,5083,5687,3396,4166,7809,10717,32.4681,18.734,8.93814,47.9767
94551,3120,3221,3710,3721,3242,3491,4090,4924,3316,3896,5204,9636,3341,3791,5174,8081,12.6217,28.5585,8.71166,47.972
94552,3736,4688,8938,8668,3506,4241,5269,5260,3336,3536,3812,3837,3162,3373,3327,3341,-28.8152,14.5377,8.54018,48.02
94553,3112,3420,3572,3701,3204,3811,4450,4806,3457,4061,6256,8508,3394,3912,5543,6873,11.8028,19.5997,8.72762,48.0533
94554,3458,3389,3312,3144,3885,3770,3509,3305,6000,4878,3685,3370,12575,5936,3827,3330,32.4546,-29.5423,8.64107,47.582
94555,3184,3446,3746,3607,3356,3707,4406,4256,3472,4367,7027,6787,3604,4390,6468,6543,13.7208,14.746,8.67522,48.244
94556,4706,4206,3597,3228,8013,5004,3779,3246,8221,4943,3760,3401,4881,4158,3532,3333,0.339803,-32.1285,8.5279,48.0053
94557,4532,4925,3989,3600,5567,7889,4813,3693,4682,5687,4275,3470,3861,3980,3824,3332,-4.88207,-9.30127,8.86561,48.0793
94558,3138,3292,3366,3330,3177,3541,3955,3905,3443,3992,5075,5456,3364,4503,8370,9878,29.7066,17.118,8.76729,47.8567
94559,3434,4453,7978,10151,3387,3948,5290,5778,3198,3461,3806,3855,3117,3257,3358,3209,-25.2821,18.0491,8.9858,47.7867
94560,3381,3698,4949,6309,3448,3948,5746,9321,3386,3645,4549,5749,3231,3382,3718,3954,-7.95772,22.4126,8.76416,48.276
94561,3327,3805,6073,12343,3247,3713,4825,6632,3226,3374,3840,3969,3146,3077,3423,3338,-24.4258,30.9411,8.95337,47.572
94562,5571,9016,6202,4167,4764,5881,4872,3877,3816,3872,3671,3530,3277,3307,3397,3193,-21.609,-5.48479,8.78578,48.2753
94563,3408,3323,3200,3146,4083,3817,3552,3151,6963,4923,3775,3404,11838,6163,4025,3453,23.0924,-26.714,8.8917,48.1493
94564,10957,7395,4227,3452,5700,4925,3970,3448,4062,3871,3514,3269,3410,3364,3299,3126,-31.6769,-19.9756,8.58749,47.9927
94565,3158,3333,3419,3361,3272,3342,3877,3946,3380,3924,4919,6206,3304,4022,6644,12007,26.1396,23.3389,8.84903,48.076
94566,3969,5672,9512,6513,3773,4355,5627,4930,3404,3656,3808,3817,3124,3336,3427,3319,-24.6048,8.55851,8.53222,48.1613
94567,3497,3584,3419,3147,4218,4244,3758,3448,6005,7290,4579,3584,6083,7123,4678,3665,14.6802,-11.5957,8.90436,48.2147
94568,4989,7837,7112,4550,4343,5777,5145,4218,3685,3884,3837,3653,3276,3465,3321,3286,-20.8439,-1.61023,8.51402,48.252
94569,3395,3967,4961,7606,3338,3819,5133,9714,3340,3534,4141,5136,3149,3263,3652,3733,-11.5365,31.7324,8.91735,47.9207
94570,5729,7169,4897,3709,5521,7387,4789,3818,4088,4390,3750,3413,3433,3593,3326,3106,-14.7503,-9.3737,8.68954,48.0787
94571,3136,3303,3439,3418,3368,3715,3761,3668,3791,4483,5374,4753,4097,6056,9700,6220,26.6615,7.6656,8.52884,48.188
94572,3157,3543,4146,4699,3202,3771,4972,7840,3265,3855,4976,8426,3325,3613,4188,4979,0.938147,28.0354,8.50078,47.9713
94573,3003,3283,3346,3424,3408,3654,3868,3856,3680,4313,5535,4922,3865,5541,9594,6697,25.2222,9.30253,8.5381,47.9927
94574,4329,6856,8233,5285,4093,5262,5812,4497,3603,3704,3879,3598,3191,3295,3404,3320,-20.659,2.88737,8.5252,48.2407
94575,3585,3551,3319,3099,4510,4238,3583,3451,6959,6762,4278,3577,6980,6722,4267,3508,14.6747,-15.5161,8.58025,48.2593
94576,3046,3181,3431,3394,3235,3478,3869,4046,3369,3942,5162,6416,3360,4207,7075,10546,23.0489,21.1347,8.66857,47.838
94577,3274,3285,3485,3386,3515,3623,3791,3681,3701,4483,5204,4765,3857,5749,10018,6389,33.5117,8.00879,8.86344,48.1373
94578,3270,3819,5525,9558,3394,3804,5161,8359,3183,3483,4082,4518,3017,3358,3495,3591,-16.5185,28.6894,8.53958,47.7447
94579,3428,3513,3634,3513,3561,4017,4734,4191,3823,5405,8038,5228,3730,4764,5951,4844,10.6639,6.6031,8.86339,48.2493
94580,3223,3277,3335,3198,3609,3699,3757,3585,4162,4934,5156,4309,4562,7557,8662,5006,25.9709,1.57686,8.64884,48.0207
94581,3735,4815,7404,6042,3629,4534,7302,5837,3358,3775,4327,4120,3158,3378,3508,3416,-15.2768,10.9527,8.78844,48.2253
94582,3601,3607,3260,3175,4818,3991,3499,3276,9557,5089,3847,3423,8560,5354,3784,3269,14.0344,-28.8102,8.94536,48.0733
94583,4783,6951,5631,4077,4684,7000,5728,4069,3835,4248,3999,3664,3489,3416,3477,3329,-14.7117,-3.6582,8.8244,48.2533
94584,3225,3316,3256,3245,3540,3716,3764,3462,4250,4964,4783,4119,4801,8596,8219,4729,32.0671,-1.04214,8.94512,47.99
94585,3199,3580,4301,4665,3304,3771,5254,7690,3391,3904,5400,7976,3105,3578,4242,4869,0.652776,21.9336,8.71327,48.1527
94586,3226,3454,3837,4087,3336,3657,4387,6342,3349,3802,5127,9866,3388,3839,4674,6008,6.48214,29.1948,8.74881,48.2527
94587,3814,4291,4108,3691,4221,6309,5864,4028,4213,6269,5845,3991,3892,4236,4122,3748,-0.128292,-1.20467,8.9761,48.428
94588,4284,5818,6057,4389,4219,6290,6904,4457,3715,4165,4285,3863,3401,3475,3453,3408,-13.1689,1.1939,8.5779,48.122
94589,3098,3243,3371,3483,3222,3558,3850,4119,3391,3811,4985,7291,3404,3978,5804,11303,20.6613,32.4857,8.79946,47.9407
94590,3505,3385,3304,3299,3896,3828,3412,3254,6113,4682,3739,3309,12529,5860,3815,3383,33.5752,-29.3156,8.60888,47.542
94591,3420,3930,4367,4285,3601,4591,6963,5578,3673,4418,6707,5326,3467,3864,4138,4141,-0.611526,10.3921,8.80236,48.3127
94592,7951,5256,3796,3295,9585,5266,3766,3341,5001,4052,3488,3248,3757,3494,3413,3180,-12.4942,-28.2904,8.99345,47.926
94593,5129,4238,3463,3236,8772,5411,3871,3436,7412,4791,3732,3420,4559,4010,3459,3213,-2.22533,-25.044,8.65921,48.1013
94594,5045,4511,3784,3298,7982,6321,3997,3346,6388,5260,3900,3346,4169,3963,3549,3259,-3.32784,-18.6021,8.93184,48.0787
94595,3544,4388,8162,9142,3544,4016,5302,5815,3205,3548,3772,3913,3209,3168,3400,3495,-24.3269,16.6051,8.62916,47.7487
94596,6237,9976,5892,4041,4816,5248,4415,3737,3648,3756,3675,3364,3346,3380,3243,3276,-27.964,-7.68167,8.87547,48.0333
94597,3393,3908,5504,8373,3422,3780,5574,8862,3242,3635,4140,4658,3158,3162,3534,3763,-14.3259,24.3393,8.92223,48.072
94598,3423,4242,5675,5426,3574,4500,7962,6447,3463,3944,4836,4559,3206,3500,3725,3792,-9.42363,12.1475,8.72499,48.1827
94599,3028,3324,3366,3428,3282,3473,3882,3940,3566,4080,5428,5717,3494,4446,8546,9035,24.2825,15.768,8.97148,48.0233
94600,3209,3235,3372,3387,3363,3590,3760,3813,3749,4392,5214,4866,3844,5412,9874,6801,32.677,9.40295,8.68569,47.9207
94601,3310,3644,4681,6133,3362,3910,5216,9863,3212,3694,4485,6430,3152,3469,3791,4191,-6.27299,29.6254,8.7253,48.362
94602,3178,3324,3568,3760,3316,3676,4326,4835,3373,3981,6160,8412,3438,3969,5661,7255,12.2253,20.2073,8.63397,48.1547
94603,9215,8554,4551,3475,5525,5200,4067,3541,3857,3814,3580,3241,3371,3371,3246,3220,-33.3456,-15.7838,8.70759,47.8853
94604,3386,3403,3296,3065,4190,3992,3538,3262,6851,5388,4034,3445,10002,6821,4031,3516,20.6186,-20.8701,8.7305,48.1467
94605,3307,3378,3332,3312,3538,3869,3638,3526,4224,5121,4918,4133,5072,8541,8041,4612,28.7229,-0.884473,8.91615,48.3747
94606,3291,3962,6034,11444,3387,3836,4903,7167,3285,3516,3898,4052,3145,3244,3350,3359,-21.3723,33.3803,8.89751,47.9153
94607,3201,3387,3539,3539,3554,3982,4700,4118,3817,5003,7973,5510,3677,4635,6536,5177,11.6394,8.14856,8.61156,48.232
94608,9148,8590,4567,3543,5489,5173,4240,3542,3811,3756,3540,3321,3289,3462,3280,3020,-28.6402,-15.6836,8.56358,47.8473
94609,3499,4227,5321,5039,3651,4694,8024,6306,3390,3981,5218,4839,3191,3442,3785,3844,-7.42041,11.217,8.90895,48.3007
94610,3514,3624,3570,3399,3925,4842,4332,3769,4764,7554,6268,4073,4387,5456,4993,4018,9.23293,-3.18313,8.64684,48.3253
94611,3195,3429,3558,3449,3503,3997,4445,4179,3873,5315,7839,5243,3810,4855,6269,4938,12.3163,6.77654,8.78331,47.9313
94612,3059,3265,3348,3390,3203,3436,3809,3871,3358,3743,4671,6313,3455,3868,5933,12556,26.2514,30.5779,8.63516,47.5187
94613,3466,3333,3282,3108,3844,3807,3513,3301,5751,4894,3875,3370,11117,7400,4110,3380,30.1039,-20.631,8.61755,47.7007
94614,5748,4781,3787,3373,9053,5887,3817,3433,6199,4876,3632,3211,3984,3781,3408,3079,-6.0232,-22.0869,8.79789,48.0327
94615,6691,4888,3723,3300,9724,5284,3925,3454,5763,4404,3663,3325,3956,3836,3252,3216,-9.05781,-26.7945,8.5882,48.2693
94616,11881,6819,4026,3297,6014,4945,3982,3444,3917,3833,3459,3060,3370,3439,3208,3084,-30.7226,-23.0505,8.59763,47.852
94617,7429,5092,3751,3383,9687,5377,3821,3368,5198,4195,3611,3263,3835,3651,3259,3214,-11.0639,-29.3447,8.6706,48.0893
94618,10109,6275,3939,3465,7502,5459,3790,3424,4149,4016,3479,3249,3452,3570,3220,3029,-18.9341,-22.2961,8.97974,48.0847
94619,8220,8753,4834,3696,5526,5814,4260,3573,4056,3880,3636,3297,3376,3531,3277,3059,-22.3329,-13.7411,8.84634,48.5253
94620,3208,3270,3438,3362,3343,3581,3797,3714,3637,4353,5296,4832,3892,5687,9874,6752,29.9403,8.86274,8.72874,48.024
94621,3424,3949,5943,12735,3364,3786,4886,6125,3274,3365,3837,3864,3083,3231,3397,3370,-27.691,32.0278,8.68316,47.7553
94622,4898,4159,3586,3250,8243,5364,3877,3430,7587,5096,3854,3357,4572,4248,3484,3256,-0.917763,-23.2352,8.85729,48.174
94623,3669,3733,3653,3383,4429,5053,4309,3576,5383,8026,5399,3787,4562,5537,4359,3762,7.55013,-7.04297,8.693,48.4133
94624,6783,6643,4316,3601,6922,6819,4247,3664,4371,4356,3664,3313,3607,3525,3273,3212,-14.3511,-14.9108,8.57311,48.2107
94625,3724,4553,6416,5634,3582,4623,7797,6117,3545,3861,4482,4453,3178,3469,3601,3499,-12.4847,11.3264,8.98773,48.356
94626,3344,3806,4959,6795,3404,3949,5392,9674,3220,3489,4357,5607,3047,3365,3706,3852,-9.42201,25.5547,8.6141,47.9773
94627,12106,6113,3918,3331,6571,4740,3838,3302,4030,3778,3390,3233,3236,3397,3291,3139,-24.511,-33.5176,8.8353,47.6087
94628,4336,5564,5136,4225,4608,7420,6420,4163,3888,4686,4379,3647,3445,3716,3574,3426,-10.3026,-1.40693,8.84534,48.422
94629,9467,6171,4044,3306,7824,5332,3918,3410,4332,4111,3590,3261,3482,3406,3301,3141,-17.4552,-22.6785,8.77054,48.064
94630,3477,3993,6712,11107,3273,3962,5182,6815,3247,3489,3808,4026,2999,3195,3330,3522,-22.4562,22.3477,8.82433,48.0913
94631,3203,3443,3374,3157,3731,3832,3659,3409,4453,5206,4415,3819,5667,9783,6702,4195,31.0201,-5.26016,8.97996,48.032
94632,3556,4877,9116,8592,3523,4041,5180,5386,3315,3538,3856,3793,3151,3262,3420,3411,-29.4189,13.8726,8.89421,48.0113
94633,10052,8164,4413,3505,5724,5180,4055,3490,3923,3823,3538,3268,3475,3303,3241,3111,-27.0408,-17.7591,8.85393,48.1767
94634,3602,4215,4394,3993,3993,5681,6970,4424,3840,5288,6067,4367,3628,3999,4026,3779,-1.88376,3.05757,8.74357,48.1773
94635,3314,3731,4281,4726,3553,4020,6526,6806,3386,3924,6237,6432,3261,3643,4156,4374,-1.00773,16.0364,8.98759,48.2467
94636,3187,3381,3545,3715,3277,3552,4162,5063,3309,3845,5342,9754,3443,3860,5031,7666,11.7177,28.4458,8.88572,48.088
94637,6012,4588,3768,3254,9686,5329,3769,3409,6362,4383,3697,3271,4064,3840,3424,3136,-6.39084,-27.9681,8.96631,47.9947
94638,3205,3381,3456,3329,3310,3537,3765,3886,3439,3775,4742,5850,3352,3826,5910,12670,31.4247,32.2985,8.96084,47.622
94639,3290,3417,3313,3134,3858,3848,3600,3340,4937,5387,4153,3579,7061,9588,5405,3735,26.4208,-10.0059,8.5515,47.7633
94640,3302,3294,3321,3217,3557,3920,3941,3567,4270,5653,5398,4196,4814,7833,7716,4621,21.1118,-0.214737,8.84042,48.4133
94641,3376,3947,5920,10695,3286,3784,5106,7612,3220,3408,3958,4283,3127,3250,3500,3415,-19.5114,26.0193,8.77758,47.9247
94642,3265,3320,3419,3163,3561,3779,3882,3565,4071,5032,5228,4233,4797,7898,8047,4755,24.5251,0.425813,8.50701,48.01
94643,3132,3268,3291,3333,3374,3581,3816,3704,3744,4490,5162,4570,4000,6187,10056,6284,30.2196,7.28687,8.93517,47.9947
94644,6743,6856,4551,3591,6623,6683,4332,3610,4389,4252,3706,3320,3596,3438,3367,3157,-15.1907,-14.4007,8.64398,48.1427
94645,11940,6495,4088,3481,6237,4714,3751,3366,3989,3756,3480,3244,3350,3560,3163,3070,-27.2012,-24.9309,8.74691,47.7893
94646,3366,3930,6010,12383,3425,3773,4689,6106,3383,3412,3677,3925,3179,3285,3369,3307,-27.0909,33.547,8.5351,47.4793
94647,3131,3333,3718,3834,3308,3581,4286,5455,3359,3846,5228,9721,3347,3738,4759,7094,9.66602,30.5378,8.53276,47.8253
94648,3385,3490,3154,3128,4058,3955,3509,3274,7261,4907,3777,3372,11380,5855,3896,3464,20.9209,-32.7252,8.82924,47.91
94649,3393,3535,3336,3173,3905,4187,3767,3459,5059,6961,4971,3767,5539,8021,5326,3934,17.076,-7.6203,8.94567,48.222
94650,5774,4517,3626,3299,9580,5490,3742,3296,6413,4538,3764,3310,4215,3866,3500,3171,-5.62674,-25.0223,8.67192,48.0673
94651,3095,3360,3316,3426,3181,3508,3826,3964,3438,3962,5060,5674,3424,4300,7974,10102,33.2545,18.2989,8.86413,47.74
94652,3647,3852,3688,3342,4348,5374,4380,3721,5153,7922,5342,4023,4260,4925,4280,3772,5.73927,-5.82452,8.50207,48.0193
94653,3179,3449,3896,3915,3377,3929,5163,5178,3509,4128,7372,7131,3506,3891,5129,5263,6.91821,14.8114,8.57683,48.01
94654,6970,4927,3787,3304,9919,5206,3884,3350,5591,4420,3522,3295,3787,3595,3383,3220,-9.77493,-31.2474,8.57971,48.1067
94655,4178,4437,3856,3349,5471,7107,4635,3697,5098,6550,4568,3610,4213,4331,3808,3395,-1.15126,-9.58641,8.70649,48.202
94656,3920,5181,8277,6117,3778,4701,6569,5394,3338,3813,4055,3876,3173,3276,3528,3403,-18.3099,9.38645,8.55373,48.266
94657,3319,3373,3468,3222,3621,3896,3860,3576,4281,5701,5502,4224,4594,7631,7341,4603,20.3161,-0.557224,8.74704,48.1413
94658,3410,3969,6053,12506,3360,3747,4615,5888,3201,3441,3759,3786,3194,3318,3295,3416,-31.2217,33.2894,8.74557,47.3053
94659,8198,9319,4976,3571,5261,5244,4125,3551,3820,3914,3519,3295,3393,3369,3233,3145,-32.2015,-13.157,8.57208,47.9553
94660,4770,4576,3850,3382,7236,6672,4007,3438,6254,5620,3883,3460,4310,3996,3649,3284,-2.88084,-16.5671,8.98225,48.258
94661,7647,9476,5210,3672,5121,5262,4244,3589,3913,3923,3577,3295,3452,3385,3296,3078,-28.0277,-11.7579,8.55769,48.0933
94662,3371,3774,5069,7768,3440,3751,5239,9742,3406,3589,4173,5096,3092,3309,3623,3692,-11.6955,30.7636,8.95886,48.0893
94663,3408,3346,3216,3109,3853,3857,3629,3198,4763,5209,4482,3804,6510,9799,5880,3843,33.421,-7.93707,8.73105,47.9373
94664,3444,3985,6341,10045,3434,3822,5291,7149,3232,3549,4070,4236,3105,3226,3434,3534,-19.7844,22.5876,8.72601,47.9313
94665,4204,4273,3739,3280,5517,6205,4142,3598,6164,7139,4359,3517,4443,4517,3751,3356,1.91452,-12.7543,8.58717,48.136
94666,3840,4610,4798,4156,4108,6365,7341,4545,3710,4774,5174,4097,3523,3738,3698,3672,-5.97514,2.05517,8.6559,48.0993
94667,3801,4605,4543,3860,4421,6777,6817,4286,4001,5085,5170,4034,3585,3837,3970,3558,-4.77661,-0.0182404,8.90698,48.2333
94668,3856,5210,8203,5848,3791,4782,7037,5207,3391,3823,4155,3801,3082,3365,3547,3397,-17.4616,8.6409,8.94343,48.33
94669,3418,3936,5541,10119,3473,3795,4997,8187,3201,3601,3949,4448,3129,3186,3484,3490,-17.7019,29.2611,8.656,47.9693
94670,3523,3373,3222,3007,4286,3885,3429,3233,7233,4940,3847,3401,11549,5799,3795,3417,21.2573,-30.0845,8.93573,47.9593
94671,4459,6799,8016,4901,3998,5307,5809,4514,3577,3895,3953,3723,3241,3384,3393,3324,-20.2976,2.15995,8.71792,48.1953
94672,3448,3310,3169,3089,4239,3971,3520,3157,7266,5078,3985,3259,11048,6064,4029,3468,20.7547,-25.2723,8.87796,48.0667
94673,3807,4029,3780,3492,4589,6095,4601,3767,4853,7414,5214,3788,4300,4716,4091,3602,3.00795,-6.36187,8.68438,48.092
94674,3618,4526,6144,5222,3714,4820,7947,5769,3445,3742,4704,4428,3192,3542,3722,3632,-11.2766,9.63228,8.58476,48.1113
94675,3486,3734,3779,3574,3730,4470,5007,3934,4018,6289,7641,4841,3830,4736,5298,4256,8.53346,3.26795,8.79891,48.4153
94676,3886,5877,9762,6737,3691,4476,5305,4825,3310,3675,3810,3745,3167,3317,3330,3366,-28.5555,8.6207,8.78233,48.186
94677,3453,3927,6142,12550,3334,3699,4746,5996,3275,3502,3764,3707,3208,3257,3353,3257,-29.624,32.3576,8.81394,47.4467
94678,6455,4607,3817,3237,9859,5186,3840,3374,5749,4402,3631,3450,3892,3756,3363,3222,-8.40175,-30.2549,8.52085,47.8933
94679,3673,4724,8235,7172,3717,4394,6436,5577,3343,3732,4036,4071,3254,3222,3363,3350,-19.2031,12.4528,8.84053,48.1993
94680,9260,6015,3980,3338,8110,5361,3977,3389,4406,4119,3387,3312,3587,3359,3244,3041,-17.1659,-23.0814,8.56543,47.9233
94681,3480,3702,3389,3247,4234,4827,3888,3448,6025,7908,4750,3740,5327,6147,4331,3650,11.1103,-10.2071,8.67942,48.062
94682,4729,6658,6050,4254,4463,6620,5890,4074,3628,4306,4024,3614,3393,3486,3478,3242,-15.4282,-2.02256,8.51305,47.9393
94683,5709,4404,3664,3375,9350,5197,3813,3331,6862,4729,3724,3295,4221,3994,3525,3152,-4.45553,-31.558,8.6939,48.23
94684,4662,4210,3722,3250,7516,5843,3970,3337,7187,5750,3883,3327,4703,4268,3578,3274,-0.334555,-19.3291,8.63476,48.32
94685,3140,3168,3487,3405,3302,3446,3904,4295,3472,3944,4974,7555,3370,3971,5707,10782,19.6612,29.3121,8.58053,47.948
94686,3324,3512,3367,3200,3950,4213,4061,3614,4824,7056,5691,3962,4898,6934,5626,4198,15.0976,-4.22207,8.82327,48.2867
94687,3616,4768,9009,9016,3545,4079,5168,5374,3291,3545,3754,3823,3059,3225,3313,3388,-28.87,14.8249,8.87181,47.982
94688,3195,3299,3405,3257,3582,3682,3857,3563,4083,5044,4896,4083,4822,8404,8112,4756,27.9258,-0.173569,8.82378,48.0267
94689,5243,8702,7108,4266,4470,5566,5005,4021,3636,3781,3746,3581,3300,3533,3297,3194,-23.332,-2.75996,8.77361,48.2993
94690,7762,8550,4788,3617,5740,6159,4217,3557,3941,4146,3556,3293,3315,3463,3166,3096,-20.4779,-13.3657,8.97525,48.244
94691,3439,3743,5798,12468,3415,3797,4616,6059,3278,3459,3779,3932,3191,3376,3388,3441,-32.4805,31.8956,8.61158,47.4527
94692,9706,8619,4410,3449,5495,5112,3944,3543,3849,3772,3571,3251,3363,3403,3241,3050,-29.979,-16.2476,8.89102,47.852
94693,3446,3513,3184,3162,4098,3963,3525,3131,7446,4984,3809,3373,10910,6003,3987,3430,20.3222,-27.1163,8.60475,47.976
94694,3417,3849,4702,4410,3594,4574,7429,5734,3495,4364,6175,5109,3285,3757,4095,4136,-2.62686,10.5306,8.74969,48.0833
94695,6692,6279,4235,3500,7135,7142,4227,3598,4507,4475,3651,3280,3552,3567,3271,3119,-13.415,-15.1856,8.89845,48.1533
94696,3179,3310,3342,3268,3412,3782,3783,3543,3975,4718,5302,4414,4317,7076,9550,5510,26.6976,4.09869,8.9773,48.3207
94697,5975,8737,5613,3989,4920,6131,4729,3857,3761,4048,3745,3312,3311,3453,3299,3159,-20.6348,-7.92408,8.52275,48.026
94698,3293,3434,3375,3249,3585,3918,4049,3692,4049,5829,6192,4404,4457,6717,7259,4771,17.8007,1.39076,8.60517,48.182
94699,3789,4321,4673,4069,4116,5933,7136,4539,3865,4989,5668,4229,3477,3835,4052,3707,-3.71198,2.5966,8.72766,48.2653
94700,4523,4715,3983,3514,6005,7693,4646,3602,5212,5934,4223,3601,3992,3946,3527,3353,-3.5516,-11.4577,8.92754,48.3127
94701,3197,3207,3403,3346,3143,3369,3671,3961,3387,3808,4794,6146,3476,3991,6058,12376,26.6265,32.5342,8.55445,47.5553
94702,3146,3205,3535,3550,3265,3533,4079,4616,3398,3766,5226,8713,3394,3917,5587,9061,15.5956,32.6442,8.78866,47.994
94703,3400,4155,5994,7269,3481,4162,6545,7989,3270,3620,4396,4685,3089,3243,3521,3540,-13.4324,17.9779,8.90754,48.2393
94704,3413,3875,4849,4891,3455,4275,7194,7053,3520,3994,5615,5412,3295,3526,3858,4219,-4.42519,14.7291,8.80098,48.296
94705,3120,3338,3372,3384,3476,3799,4122,3804,3663,4581,6183,5062,3911,5623,8661,6190,20.5645,8.17638,8.52228,48.1927
94706,3238,3843,5107,8049,3326,3760,5241,9546,3221,3560,4218,5046,3079,3347,3548,3656,-12.5746,29.4313,8.99419,47.8567
94707,3150,3400,3659,3639,3188,3645,4243,5205,3293,3878,5181,9689,3393,3778,4979,7737,11.5042,31.2474,8.8248,48.038
94708,3368,4008,6156,11815,3281,3774,4880,7019,3192,3417,3957,4007,3099,3201,3389,3402,-22.8602,26.7288,8.88989,47.9767
94709,3147,3348,3395,3322,3426,3774,3714,3613,3985,5010,5243,4232,4632,7685,8589,5113,25.6459,1.44416,8.8367,48.152
94710,3360,3797,5898,11096,3338,3799,4841,7647,3222,3386,3925,4187,3120,3263,3368,3416,-20.0189,30.7665,8.81388,47.7753
94711,3097,3261,3470,3357,3404,3679,3831,3711,3755,4657,6076,4775,3962,5711,9194,6016,21.6651,7.80819,8.93674,47.9707
94712,3373,3462,3394,3285,3634,3762,3558,3412,4408,5309,4519,3972,5494,9574,6764,4150,29.6477,-4.77781,8.65611,48.0467
94713,7382,9072,5069,3734,5456,5916,4232,3569,3806,3941,3644,3375,3356,3423,3335,3062,-22.0064,-11.809,8.79275,48.248
94714,3127,3296,3316,3335,3490,3674,3762,3469,4074,4830,5240,4253,4667,8049,8484,4919,28.1885,0.721859,8.54911,47.99
94715,3350,3852,6002,12787,3377,3772,4636,5976,3264,3347,3614,3812,3140,3304,3472,3315,-30.4365,31.1684,8.93759,47.3467
94716,4192,4689,4064,3461,5260,7777,5021,3791,4920,6094,4487,3574,3786,3967,3823,3378,-3.07816,-7.3554,8.84075,48.1893
94717,3259,3297,3372,3357,3537,3957,3969,3667,4061,5577,6233,4471,4428,6605,7473,4757,18.3848,1.80601,8.57358,48.0133
94718,12863,6074,3877,3455,5955,4785,3787,3473,3850,3800,3420,3247,3332,3301,3157,3159,-30.3026,-31.3813,8.89587,47.69
94719,3399,3998,6829,11095,3533,3974,5018,6640,3133,3432,3878,3914,3131,3246,3391,3487,-22.9049,21.9452,8.84222,48.0653
94720,3381,3662,4594,5386,3387,3932,5805,9105,3229,3671,4866,6385,3243,3371,3972,4167,-5.02158,21.7738,8.87433,48.104
94721,3341,3456,3176,3153,3955,3836,3427,3261,6063,4868,3717,3288,12326,6295,4010,3428,30.0333,-25.8905,8.54838,47.7333
94722,3307,3623,4260,5131,3322,3804,5216,8898,3369,3559,4771,7581,3244,3478,4042,4565,-2.26553,26.3612,8.61613,48.1133
94723,3356,3745,4825,5872,3443,3906,5966,9194,3308,3647,4665,5996,3129,3381,3918,4099,-6.00574,21.5811,8.98064,48.3
94724,8247,5220,3839,3447,9421,5213,3761,3349,4990,4080,3567,3285,3675,3526,3242,3149,-12.8517,-30.8903,8.84059,48.0073
94725,3513,4274,8140,10013,3567,3924,5082,5691,3333,3346,3847,4103,3169,3240,3372,3520,-33.7124,17.4263,8.69538,48.0893
94726,3516,3409,3237,3137,4256,4155,3525,3343,6244,6380,4276,3590,7415,7568,4636,3562,18.0619,-14.726,8.79626,48.166
94727,4578,6716,6430,4549,4448,6378,6165,4214,3623,4131,4031,3569,3388,3404,3421,3309,-15.8509,-0.556461,8.91373,48.236
94728,3163,3298,3537,3767,3299,3541,4279,5261,3333,3924,5278,9652,3440,3809,5002,7558,11.3766,31.2346,8.72791,48.094
94729,3076,3487,3624,3821,3349,3684,4476,5029,3403,4148,6441,8316,3378,3958,5538,6489,10.9929,18.5985,8.69783,48.1447
94730,7447,9631,5213,3763,5024,5432,4354,3687,3723,3809,3680,3252,3283,3366,3453,3135,-27.1856,-11.0973,8.74245,48.168
94731,11889,6324,4010,3313,6842,4886,3760,3365,3977,3755,3436,3262,3447,3453,3167,3135,-24.097,-26.3029,8.55687,48.014
94732,3060,3451,3778,3960,3232,3601,4431,6100,3378,3801,5228,10174,3380,3685,4651,6091,7.12432,31.0828,8.93322,48.0007
94733,3197,3498,3502,3396,3442,4038,4290,3875,3921,5511,7061,4869,4213,5608,7044,5020,15.0422,4.5131,8.60788,48.3233
94734,3611,5013,9536,7905,3567,4143,5185,5124,3322,3545,3821,3803,3148,3331,3383,3374,-28.9638,12.4234,8.84787,47.874
94735,3324,3353,3211,3283,3765,3745,3684,3432,4685,5242,4459,3815,6253,9865,5993,3960,31.0422,-7.27482,8.76778,48.046
94736,3188,3229,3602,3751,3264,3565,4280,5523,3503,3904,5349,9739,3377,3693,4844,6831,9.45323,28.0377,8.50882,47.7613
94737,3407,4020,6361,9253,3430,4002,5591,7604,3200,3551,4059,4409,3084,3238,3425,3398,-17.9251,20.8352,8.83323,48.0213
94738,3543,3985,4354,4064,3757,4914,7094,5071,3696,4762,6803,4869,3525,3851,4409,3947,-0.596987,7.23798,8.73613,48.4293
94739,9242,8619,4606,3625,5651,5235,4058,3532,3916,3785,3477,3218,3447,3373,3247,3100,-25.1916,-16.0678,8.75402,48.0873
94740,3402,3342,3321,3229,3851,3747,3395,3157,5907,4696,3797,3434,12286,6076,4025,3427,29.3693,-33.6225,8.52919,47.3947
94741,3243,3666,3936,3708,3848,4714,5646,4462,3790,5642,7692,4873,3764,4356,4811,4098,4.86257,4.82333,8.93585,48.166
94742,3540,3765,4373,4090,3611,4460,6952,5341,3580,4641,7064,5498,3420,3875,4416,4163,0.143261,9.85662,8.96257,48.526
94743,9624,6465,4024,3429,7359,5308,4042,3396,4231,4012,3542,3130,3442,3426,3230,3124,-18.6931,-21.0587,8.95665,47.856
94744,3146,3214,3361,3488,3260,3477,3880,4317,3392,3816,5038,7676,3300,3966,5789,10754,19.0805,28.7127,8.67039,47.916
94745,3216,3572,3847,3722,3543,3855,5006,4799,3669,4549,7858,6483,3612,4148,5516,5180,8.54271,12.2582,8.92518,48.3833
94746,5317,8871,7008,4324,4567,5695,4925,4000,3617,3842,3689,3585,3187,3310,3494,3186,-22.7268,-3.51419,8.96729,48.4113
94747,3400,3397,3277,3090,3933,3940,3581,3393,5658,5803,4165,3538,7670,8910,4783,3771,22.1196,-13.2319,8.72738,48.206
94748,3458,3565,3509,3302,3995,4539,4351,3631,4610,7291,6197,4130,4293,5845,5353,4135,11.5041,-2.46984,8.74153,48.136
94749,4960,4566,3852,3363,7343,6677,4139,3488,5992,5546,3902,3415,4158,4173,3528,3256,-3.55643,-16.5799,8.88187,48.2387
94750,4558,8023,8477,4981,4287,4931,4994,4255,3494,3739,3708,3633,3149,3322,3275,3302,-32.035,0.682548,8.78928,48.0853
94751,3671,4262,5060,4315,3775,5241,7990,5178,3587,4397,5740,4483,3372,3617,3901,3825,-5.17288,6.47708,8.75319,48.276
94752,3346,3840,4792,6103,3458,3909,6078,9166,3241,3734,4522,5915,3155,3397,3784,4025,-7.56481,22.2953,8.52008,48.31
94753,4873,5232,4099,3549,6272,7825,4685,3537,4781,5196,3988,3527,3897,3862,3528,3314,-6.53725,-11.5715,8.52994,48.11
94754,3077,3335,3441,3523,3181,3527,4057,4713,3375,3813,5195,8914,3262,3895,5461,9324,15.7589,28.1837,8.70735,48.062
94755,3450,3826,5076,6576,3354,3903,6026,9253,3293,3535,4416,5437,3218,3250,3718,3837,-9.06549,21.933,8.84842,48.112
94756,3254,3440,3626,3756,3285,3592,4373,5472,3409,3784,5203,10192,3202,3808,4798,6881,9.49729,32.55,8.99688,48.05
94757,12244,6457,3865,3376,6155,4938,3875,3454,3856,3901,3366,3252,3356,3324,3203,3155,-27.3273,-25.3701,8.6102,47.8513
94758,3642,3959,3709,3406,4375,5486,4530,3720,5002,7706,5510,3917,4347,4946,4341,3754,5.49278,-5.15244,8.61443,48.2333
94759,11952,6268,3823,3362,6647,4838,3872,3371,4065,3841,3511,3270,3570,3479,3130,3205,-24.7552,-28.5429,8.62083,48.136
94760,3952,5063,6913,5067,3902,5404,7404,5061,3628,3885,4262,3971,3216,3366,3582,3505,-14.3495,6.78406,8.58804,48.1207
94761,3419,3833,5787,10957,3344,3908,5070,7655,3234,3443,3981,4190,3093,3146,3389,3393,-19.5134,27.2814,8.96808,47.8947
94762,3195,3318,3338,3345,3450,3540,3755,3738,3758,4370,5222,4701,4028,6147,9898,6266,29.5206,7.19533,8.87775,48.046
94763,5076,9054,7500,4511,4306,4970,4754,4125,3593,3682,3675,3584,3217,3342,3431,3175,-32.2154,-1.91973,8.95198,47.9967
94764,12421,5854,3846,3414,5975,4826,3780,3442,3984,3740,3470,3270,3415,3362,3268,3270,-33.7677,-30.73,8.53996,47.558
94765,3335,3464,3324,3088,3880,3855,3606,3280,5198,5490,4255,3613,7843,9285,5120,3822,25.6264,-12.4379,8.7694,48.3053
94766,3553,3536,3283,3048,4801,4085,3464,3187,8858,5315,3927,3355,8714,5469,3868,3463,14.6819,-25.737,8.53976,47.9507
94767,6620,4719,3706,3290,10001,5371,3710,3293,5735,4400,3508,3337,4057,3725,3328,3136,-8.36832,-30.0536,8.97143,47.9573
94768,9952,5787,3895,3408,7978,5205,3872,3361,4369,4015,3602,3245,3471,3473,3209,3078,-17.9465,-25.9455,8.56778,47.9467
94769,3431,3939,6178,10484,3337,3891,5122,7395,3210,3610,3930,4286,3070,3230,3367,3440,-20.0917,24.0194,8.67438,47.9467
94770,3632,4422,6823,6268,3605,4483,7393,6447,3355,3771,4405,4309,3273,3357,3492,3497,-14.0574,12.541,8.90131,48.3547
94771,3199,3318,3341,3402,3345,3633,3900,3871,3616,4465,6302,5670,3669,4906,8652,7116,20.2796,11.8664,8.89808,48.27
94772,6301,4793,3746,3367,9300,5779,3895,3427,5885,4471,3645,3301,4024,3787,3370,3050,-8.0399,-23.9707,8.54732,48.094
94773,3487,4453,8152,10215,3370,3967,5072,5592,3241,3526,3876,3887,3197,3194,3370,3314,-30.7624,17.9361,8.72557,47.942
94774,3617,3525,3240,3152,4597,4000,3569,3187,8801,5314,3789,3280,9053,5561,3883,3270,15.0179,-27.2548,8.73894,47.892
94775,3240,3363,3697,3925,3167,3720,4343,5697,3359,3793,5333,10058,3319,3690,4724,6490,8.54829,31.2562,8.81126,47.9453
94776,6872,4812,3689,3293,9997,5395,3810,3320,5484,4378,3704,3412,3815,3648,3399,3091,-9.82371,-28.5485,8.8555,48.0793
94777,3448,4027,5030,4840,3602,4672,7988,6034,3510,4198,5463,4818,3277,3443,3874,3916,-5.7081,10.7426,8.93734,48.0933
94778,4022,4726,4679,3966,4429,6929,6681,4342,3986,5002,5054,4038,3630,3820,3760,3533,-5.71214,-0.442531,8.51049,48.398
94779,3488,3981,6061,12183,3376,3723,4805,6367,3193,3337,3849,3978,3084,3315,3355,3309,-25.6965,33.5495,8.53833,47.6027
94780,3131,3203,3404,3450,3269,3417,3887,4174,3345,3934,5348,6740,3461,4013,6799,10779,21.9357,22.0048,8.64718,48.236
94781,3021,3247,3455,3524,3251,3610,3940,4364,3442,3844,5048,8147,3392,3768,5685,10527,18.5437,27.921,8.67558,48.1767
94782,3350,3412,3233,3120,3705,3818,3617,3327,4836,5321,4307,3744,6649,10026,5787,3852,31.7712,-8.99242,8.83431,48.0693
94783,3585,4381,7490,8962,3587,4137,5642,6455,3227,3577,4046,4051,2965,3248,3407,3449,-20.4686,17.3124,8.58121,48.1393
94784,12583,6032,3955,3387,6012,4833,3801,3388,3835,3745,3370,3233,3366,3465,3223,3195,-28.0879,-32.1674,8.72105,47.6153
94785,5384,9072,6609,4289,4556,5681,4832,3951,3735,3987,3827,3488,3371,3446,3321,3175,-23.035,-4.48374,8.76787,48.4827
94786,3733,5044,8380,6494,3661,4562,6465,5456,3356,3629,4095,3918,3101,3289,3434,3359,-18.7235,10.5312,8.77854,47.984
94787,3261,3517,3445,3292,3650,3918,3944,3692,4400,5802,5458,4213,4800,7561,7168,4490,19.5919,-1.00654,8.79194,48.4073
94788,3425,3472,3233,3044,4270,3910,3512,3198,7275,4955,3816,3429,11121,5957,4053,3392,20.6047,-27.5466,8.76172,48.0413
94789,3095,3341,3615,3732,3268,3626,4258,5297,3375,3765,5399,9653,3247,3836,5031,7432,11.0728,27.564,8.76025,47.98
94790,3311,3371,3224,3176,3555,3797,3830,3490,4284,5216,4974,4117,4995,8732,7585,4483,25.9516,-2.17356,8.53789,48.0933
94791,3345,3319,3203,3025,3947,3761,3487,3277,5901,4968,3867,3456,12082,6793,4026,3391,30.028,-23.4509,8.95001,47.8987
94792,3253,3436,3989,4160,3344,3698,4577,6847,3390,3770,5116,9523,3380,3584,4518,5512,4.24603,31.7489,8.81089,48.0647
94793,3160,3232,3339,3378,3314,3670,3728,3806,3534,3953,5160,5168,3571,4870,9266,8648,29.8001,14.26,8.99866,47.8647
94794,3248,3409,3245,3095,3963,3881,3593,3371,5560,6138,4246,3648,7254,8808,4984,3722,21.0858,-11.9202,8.90091,48.11
94795,3495,4404,7571,9874,3430,3965,5414,6456,3282,3521,3959,4021,3011,3196,3407,3387,-22.6289,18.58,8.88118,48.262
94796,3267,3426,3267,3332,3599,3850,3834,3651,4128,5370,5481,4239,4520,7280,8073,4949,21.3828,1.15334,8.78354,48.1773
94797,3424,3650,3909,3728,3646,4389,5455,4336,3789,5431,8026,5167,3683,4365,5171,4383,6.16951,6.2987,8.82774,48.368
94798,4668,5030,4032,3514,5847,7795,4659,3648,4798,5735,4214,3565,3907,3885,3577,3322,-5.14249,-10.661,8.80367,48.1307
94799,3182,3077,3407,3309,3132,3409,3670,3918,3318,3660,4957,6451,3433,3872,6067,12628,25.8091,29.5157,8.98931,47.66
94800,3052,3293,3310,3305,3285,3558,3795,3890,3381,3900,5171,6130,3361,4116,7264,11139,25.6128,20.6718,8.94445,47.9667
94801,3484,3868,4835,4608,3687,4585,7467,5954,3485,4247,6017,4954,3376,3657,4067,3926,-3.61392,10.5025,8.56112,48.1447
94802,4435,4004,3434,3162,7040,4690,3737,3330,9316,5326,3809,3303,5354,4383,3664,3147,3.56379,-25.0769,8.68942,48.0893
94803,3459,3608,3244,3178,4126,4201,3618,3315,5867,6339,4404,3479,7113,7960,4771,3637,18.4394,-12.9626,8.6017,48.2127
94804,4105,5052,4837,3911,4571,7220,6475,4175,3937,4983,4685,3850,3502,3742,3590,3445,-7.59282,-1.26501,8.5178,48.0533
94805,3524,3363,3262,3058,4327,3980,3457,3138,7922,5200,3839,3328,10322,5868,3948,3374,18.601,-26.2396,8.5249,47.94
94806,4183,6966,9453,5586,3907,4677,5251,4454,3489,3657,3750,3613,3280,3261,3220,3256,-28.3013,4.32516,8.65823,48.002
94807,4747,7872,7272,4604,4235,5694,5492,4241,3500,3954,3839,3550,3174,3412,3367,3215,-20.7056,-0.690191,8.73552,48.112
94808,3697,3876,3704,3311,4387,5173,4323,3670,5136,8126,5294,3933,4509,5420,4356,3620,7.26542,-6.79343,8.67578,48.3567
94809,4266,4043,3397,3126,7044,4726,3811,3307,9210,5389,3790,3421,5431,4452,3626,3333,4.06105,-24.9579,8.71677,48.248
94810,9117,8414,4568,3552,5761,5443,4117,3505,3851,3899,3508,3221,3423,3280,3355,3201,-23.862,-16.0205,8.78423,48.1433
94811,6461,8996,5532,3895,5083,6176,4464,3683,3773,3944,3605,3363,3398,3368,3344,3204,-20.6322,-8.79783,8.84069,48.1927
94812,3440,4242,7584,10747,3381,3841,5153,5618,3244,3537,3723,3914,3207,3247,3385,3397,-33.5419,19.4373,8.62875,47.7733
94813,4724,8206,8442,4830,4123,4902,4949,4088,3543,3735,3713,3604,3302,3252,3288,3244,-27.6687,0.424116,8.9608,47.9633
94814,3157,3420,3714,3725,3513,3747,4681,4517,3656,4553,7946,6386,3518,4261,6212,5533,10.9267,12.0498,8.97332,48.3593
94815,4711,4079,3567,3181,7900,5158,3791,3266,8183,5248,3772,3345,4791,4248,3625,3331,0.671212,-23.6329,8.70082,48.1307
94816,12569,6038,3920,3400,6113,4825,3827,3350,3965,3884,3435,3226,3326,3376,3287,3111,-27.3164,-28.3866,8.76202,47.768
94817,3131,3245,3336,3429,3205,3625,3912,4001,3494,4089,5218,5385,3574,4666,8968,9037,27.8529,15.2963,8.7746,48.21
94818,3419,3439,3220,3151,3955,3757,3485,3200,6083,4831,3806,3360,12029,6408,3882,3338,31.9117,-24.3874,8.72892,47.5753
94819,3130,3296,3378,3331,3308,3539,3786,3858,3582,4225,5724,5387,3699,4971,9172,7636,23.5747,12.3967,8.98574,48.0147
94820,3424,3661,3679,3529,3689,4410,4844,4133,4008,6076,7594,4730,3865,4795,5347,4379,8.31684,3.16207,8.84675,48.1087
94821,4173,3818,3431,3162,6467,4603,3707,3259,9781,5195,3695,3319,5755,4695,3643,3389,5.42895,-30.1433,8.82407,48.0613
94822,4471,6512,6498,4505,4443,6267,6368,4227,3735,4085,4080,3663,3295,3429,3456,3413,-15.6544,-0.0722931,8.7581,48.298
94823,3293,3496,3799,3991,3492,3859,5025,5664,3459,4165,6876,7821,3374,3886,4958,5405,6.2519,17.1384,8.97331,48.3753
94824,6718,7413,4661,3609,6280,6798,4365,3494,4236,4101,3773,3289,3512,3467,3413,3131,-16.2859,-13.5506,8.89555,48.1733
94825,3044,3121,3436,3517,3167,3499,3866,4100,3416,3778,4985,7040,3448,4177,6315,10895,21.3989,23.9742,8.91725,47.8693
94826,3644,4073,3858,3634,4122,5789,5188,4039,4398,6807,6095,4073,3970,4642,4376,3723,3.08274,-1.53556,8.73219,48.2873
94827,3436,3412,3361,3162,3557,3801,3705,3344,4334,4976,4764,4119,5144,9029,7378,4407,32.7496,-2.46921,8.5469,47.9527
94828,6103,4581,3666,3347,9988,5247,3800,3314,6313,4463,3549,3182,4056,3760,3371,3113,-6.61427,-29.6501,8.99849,47.902
94829,4183,6558,8741,5288,3988,5030,5913,4612,3494,3716,3855,3669,3176,3200,3402,3331,-21.525,4.05394,8.58026,48.104
94830,3314,3654,4216,4471,3377,4049,5722,6823,3399,3879,6057,7505,3261,3666,4237,4714,1.31508,18.482,8.93961,48.2293
94831,3476,4136,7335,11139,3357,3832,4982,5808,3224,3530,3894,3927,3039,3212,3348,3388,-29.0701,20.7191,8.54177,47.7513
94832,4038,6090,9847,6304,3850,4423,5255,4648,3345,3588,3836,3552,3165,3304,3482,3260,-30.8205,7.1234,8.82179,47.9913
94833,3072,3200,3371,3410,3254,3484,3697,4036,3357,3762,4857,6407,3381,3967,6231,12184,26.1804,25.9665,8.96078,47.78
94834,3204,3364,3389,3242,3580,3740,3833,3486,4156,4832,4767,4201,4649,7997,8656,4843,29.1558,0.774774,8.98833,47.9593
94835,3186,3176,3370,3430,3147,3482,3849,3920,3419,4067,5130,5799,3385,4293,7986,9996,25.2403,17.9358,8.65509,47.7567
94836,3500,4208,5556,5235,3637,4619,7971,6340,3457,3981,4867,4702,3330,3457,3721,3785,-8.84906,11.8003,8.73448,48.244
94837,3422,4055,6812,11600,3379,3846,4934,6226,3220,3453,3880,4042,3104,3272,3410,3371,-25.3793,22.7455,8.99614,48.0173
94838,10223,7223,4162,3473,6402,5292,4004,3496,4188,3802,3547,3267,3410,3379,3186,3134,-22.1112,-20.293,8.61372,48.1253
94839,9769,7317,4274,3515,6595,5364,3962,3416,4096,3938,3564,3174,3448,3390,3255,3020,-21.635,-19.3318,8.59022,48.0647
94840,4197,6084,7114,4707,4136,5739,6519,4503,3589,4025,4170,3646,3212,3408,3380,3512,-16.2843,2.29901,8.8596,47.9607
94841,3263,3343,3289,3158,3744,3850,3662,3324,4695,5684,4474,3782,5993,9685,6210,4025,24.0799,-6.63545,8.96347,48.1207
94842,3613,5011,9662,7864,3507,4213,5245,5037,3364,3614,3813,3811,3063,3221,3466,3316,-29.4161,12.1463,8.94912,47.88
94843,10110,7918,4321,3434,5953,5125,4004,3419,3997,3850,3489,3197,3373,3456,3183,3093,-25.3026,-18.5162,8.8844,47.948
94844,3364,3683,3576,3486,3752,4406,4459,3779,4353,7102,6851,4319,4321,5617,5485,4212,11.1114,-0.378063,8.92261,48.51
94845,4933,4202,3548,3299,8281,5031,3725,3361,8245,5016,3682,3273,4909,4109,3560,3268,-0.329378,-27.1784,8.68527,48.2947
94846,3500,4180,6890,9860,3367,3938,5181,7046,3194,3491,3998,4122,3181,3279,3456,3376,-20.3234,20.8789,8.87039,48.0393
94847,3494,3339,3234,3015,4589,4047,3653,3187,9205,5116,3920,3389,9037,5375,3899,3388,14.8521,-32.6459,8.97718,47.9247
94848,3133,3343,3547,3769,3228,3451,4327,4852,3258,3751,5190,9440,3366,3855,5307,8396,13.5553,29.3425,8.83893,48.142
94849,4148,6158,8408,5251,3902,5096,6416,4696,3537,3900,4001,3703,3131,3330,3471,3133,-19.2559,4.69056,8.94704,48.1873
94850,3382,3444,3228,3152,3851,3911,3510,3260,5262,5137,4095,3431,8899,9179,4700,3587,30.5312,-14.4458,8.84155,48.0187
94851,7217,5092,3807,3457,9920,5296,3880,3289,5269,4350,3592,3179,3783,3551,3332,3096,-10.7249,-32.6096,8.69922,48.0733
94852,3214,3651,3748,3601,3621,3934,5306,4558,3606,4619,7871,6383,3446,4033,5324,4915,7.06769,11.9694,8.73236,47.8867
94853,3040,3286,3430,3282,3345,3538,3992,3712,3590,4355,5265,4890,3922,5618,9958,6831,28.5392,9.18432,8.81724,48.036
94854,5115,5563,4197,3418,6312,8080,4696,3591,4718,5016,4082,3458,3809,3762,3557,3182,-8.29158,-11.4487,8.91996,48.3707
94855,12222,6657,3973,3364,6175,4773,3792,3362,3908,3822,3365,3279,3331,3445,3327,3112,-29.0071,-24.1759,8.60455,47.938
94856,3350,3705,4221,5081,3355,3776,4997,8896,3212,3763,4767,7556,3289,3548,4124,4477,-1.91536,32.6664,8.62475,48.078
94857,3544,3561,3269,3037,4448,4149,3515,3187,7852,5761,4116,3458,8588,6349,4026,3421,16.1471,-20.2641,8.99212,48.1873
94858,4727,5535,4318,3696,5431,8162,5286,3807,4235,5097,4225,3486,3793,3674,3555,3215,-8.46279,-7.71647,8.65115,48.1613
94859,3119,3499,3826,3956,3272,3661,4472,6203,3257,3845,5184,10060,3439,3565,4607,6225,6.86054,31.0788,8.72868,48.1267
94860,3377,3858,4688,5102,3499,4099,6670,7639,3335,3813,5296,5825,3287,3597,4015,4131,-4.70776,17.5096,8.65434,48.154
94861,3340,3332,3237,3113,3982,3789,3406,3234,6269,5014,3918,3430,11382,7115,4092,3369,25.2398,-22.0291,8.98976,48.0147
94862,3423,3743,3834,3498,3871,4826,5200,4122,4052,6366,7359,4531,3930,4647,4991,4147,6.03103,1.90971,8.51946,48.36
94863,3291,3608,3641,3420,3731,4298,4451,3920,4180,6258,7252,4669,4142,5456,5718,4355,11.2761,1.86615,8.99285,48.26
94864,3360,3495,3798,3831,3390,3945,5200,5097,3564,4503,7716,6823,3455,4017,5274,5014,6.77388,13.1594,8.90536,48.3213
94865,3151,3144,3379,3389,3178,3486,3968,3897,3400,3720,4808,5937,3447,4013,6450,12344,32.3441,24.1447,8.79571,47.8073
94866,6974,4827,3794,3422,10030,5341,3846,3320,5421,4308,3664,3267,3751,3620,3370,3193,-9.44426,-33.4896,8.94138,48.0987
94867,3517,3537,3226,3059,4308,4115,3570,3234,7046,6226,4217,3531,8187,6805,4157,3571,16.9252,-17.2749,8.95146,48.204
94868,4133,5438,5388,4278,4209,6779,7213,4456,3776,4467,4432,3826,3418,3628,3553,3378,-10.2781,0.52663,8.8958,48.248
94869,3291,3949,6133,12677,3256,3757,4695,5975,3220,3406,3767,4009,3025,3154,3432,3402,-29.7374,28.3748,8.83366,47.432
94870,3209,3352,3360,3323,3430,3668,3900,3682,3931,4710,5180,4562,4158,6802,9239,5411,33.1799,4.14727,8.54878,47.9447
94871,3422,3615,3615,3496,3803,4725,4508,3856,4435,6927,6806,4341,4109,5360,5221,4231,9.72443,-0.0777366,8.52923,48.3133
94872,3534,3583,3225,3051,4423,4246,3669,3292,7217,5944,4012,3385,8045,6701,4224,3419,16.3014,-18.1445,8.68096,47.98
94873,9860,5645,3869,3275,8533,5131,3801,3336,4545,3962,3506,3231,3613,3499,3261,3094,-17.0142,-27.4741,8.97905,48.1073
94874,4229,5853,6123,4421,4297,6511,6890,4448,3755,4210,4400,3784,3426,3361,3600,3263,-13.2305,0.985607,8.93481,48.3807
94875,5257,8882,7220,4218,4421,5436,4904,4011,3548,3790,3758,3468,3208,3381,3398,3182,-24.0176,-3.124,8.96764,48.0547
94876,5046,8485,7685,4541,4241,5062,5091,4130,3580,3699,3799,3492,3251,3423,3285,3241,-26.3316,-1.11684,8.63336,48.034
94877,4364,4005,3511,3133,6673,5004,3866,3381,8681,5751,3913,3427,5229,4401,3637,3289,3.7623,-22.1584,8.60226,48.1767
94878,3706,5056,7797,6381,3611,4475,6955,5781,3363,3719,4089,3980,3200,3320,3474,3402,-16.9659,10.9935,8.74149,48.206
94879,12368,5799,4013,3381,5893,4735,3741,3451,3964,3751,3315,3229,3378,3382,3221,3147,-32.395,-31.7931,8.59628,47.1787
94880,3380,4154,7552,10896,3468,3942,4913,5652,3305,3441,3774,3895,3142,3377,3395,3398,-30.7255,19.689,8.83014,47.7893
94881,3950,4787,5469,4330,4147,6167,7692,4721,3721,4245,4715,4045,3307,3628,3747,3573,-9.07881,3.14366,8.76983,48.1627
94882,5025,4584,3854,3300,7197,6687,4005,3495,6165,5722,4023,3336,4126,4135,3603,3253,-3.00854,-16.3303,8.94567,48.34
94883,3325,3807,4773,5133,3462,4004,6696,7771,3425,3772,5351,5953,3178,3558,4013,4121,-4.55353,17.05,8.89849,48.228
94884,3099,3215,3513,3460,3423,3620,3798,3977,3526,4183,5652,5406,3707,4665,8653,8270,23.8486,14.273,8.68229,48.1113
94885,6394,4744,3726,3287,9871,5160,3754,3406,5928,4380,3514,3370,3769,3787,3344,3317,-7.91431,-32.2171,8.78202,47.834
94886,3121,3342,3390,3364,3415,3646,3921,3778,3642,4199,5306,5129,3792,5152,9643,7502,28.0641,11.6323,8.54041,48.228
94887,3485,3426,3089,3030,4166,3873,3495,3195,6816,5039,3800,3347,11257,6444,4107,3351,22.0464,-23.5886,8.90974,47.9467
94888,3130,3260,3399,3477,3285,3436,3923,3937,3427,4059,5168,5949,3398,4370,7995,9971,24.9548,18.6416,8.54851,48.1227
94889,3237,3704,4668,5730,3348,3940,5395,9351,3279,3709,4701,6511,3294,3426,3947,4202,-5.15991,25.3524,8.51064,48.2947
94890,4066,3935,3545,3205,5624,5044,3845,3429,7725,7003,4216,3469,5260,4942,3784,3411,5.84665,-16.8438,8.77298,48.3353
94891,3544,3912,4756,4650,3669,4438,7635,6312,3475,4166,5796,5177,3265,3707,3902,3979,-4.27744,11.9901,8.89833,48.2553
94892,3157,3226,3389,3258,3508,3632,3870,3707,4034,4721,5146,4432,4379,7015,9219,5435,29.5141,3.49882,8.77186,48.0853
94893,3274,3463,3502,3426,3551,3937,4238,3741,4110,5623,7184,4854,4016,5495,6902,4898,14.409,4.10076,8.67966,48.1427
94894,3522,3502,3277,3070,4332,4090,3488,3290,7439,5487,4040,3430,9778,6541,4094,3499,18.9668,-21.3991,8.88888,48.586
94895,4147,6080,7542,5016,3965,5476,6504,4530,3633,3945,4014,3767,3275,3416,3531,3358,-17.0019,3.62961,8.58323,48.1327
94896,3366,3830,4312,4095,3667,4632,6868,5183,3598,4578,7101,5156,3577,3868,4340,4081,0.592002,9.2807,8.84263,48.168
94897,12637,6376,3914,3374,5967,4728,3782,3392,3919,3791,3377,3228,3280,3345,3256,3180,-29.18,-25.4013,8.84294,47.6973
94898,9743,5693,3892,3300,8251,5037,3805,3452,4453,4057,3567,3311,3596,3407,3341,3130,-17.0525,-31.4807,8.79373,48.0233
94899,3066,3146,3387,3491,3379,3477,3826,3921,3364,3773,5116,5787,3482,4249,7851,10869,26.5345,19.0642,8.97244,48.1227
94900,3372,3502,3249,3157,4142,3982,3493,3141,6739,5542,3860,3360,9806,7222,4130,3409,21.173,-19.6748,8.89576,48.0707
94901,3256,3505,4323,5220,3262,3765,5080,9152,3284,3699,4749,7455,3287,3367,3976,4406,-2.60542,31.1154,8.93157,47.8573
94902,3449,3324,3285,3135,4098,3876,3517,3215,6003,5711,4113,3490,8738,8202,4561,3528,21.7659,-15.8138,8.92074,48.1633
94903,4207,4439,3801,3398,5627,7081,4497,3522,5609,6595,4377,3628,4202,4144,3748,3343,-0.94955,-11.1556,8.94477,48.1453
94904,3193,3288,3415,3157,3458,3697,3849,3745,3953,4701,5611,4525,4175,6590,9053,5683,23.2131,4.69057,8.80039,48.062
94905,3512,3550,3337,3101,4344,4196,3717,3316,6371,6654,4276,3490,7028,7120,4561,3592,16.2928,-14.1187,8.65818,48.11
94906,3394,3455,3373,3254,4001,4217,3771,3493,5308,7405,4814,3837,5535,7691,5089,3800,15.9756,-7.97441,8.98424,48.2913
94907,3132,3204,3420,3389,3107,3410,3750,4038,3388,3772,4813,6450,3440,3938,6253,12247,26.5204,26.7762,8.62806,47.834
94908,3694,4241,5320,4513,3787,5132,8062,5383,3734,4326,5407,4455,3414,3676,3778,3715,-6.51716,7.27433,8.92807,48.4247
94909,3236,3311,3341,3513,3247,3555,3807,3927,3413,3902,5018,5726,3373,4529,8542,9950,27.5079,17.262,8.93359,48.26
94910,3443,3456,3293,3106,4553,3918,3471,3181,8506,5173,3766,3363,9872,5718,3877,3355,16.96,-26.6789,8.902,48.034
94911,3312,3319,3333,3159,3502,3748,3688,3536,4186,5220,4809,4154,5160,9059,7321,4551,26.999,-2.41937,8.82954,48.038
94912,3489,3850,3918,3730,3811,4806,5921,4336,3829,5840,7403,4832,3725,4407,4691,4213,3.86847,4.22981,8.95515,48.534
94913,5623,7905,5500,3931,5042,6846,4953,3778,3837,4231,3865,3580,3390,3470,3389,3092,-17.1731,-6.87827,8.54226,48.288
94914,3101,3198,3423,3472,3191,3433,3924,4025,3390,3974,5066,6092,3412,4280,7508,10589,24.9521,20.0238,8.57583,48.052
94915,3609,3674,3564,3354,4049,4578,4043,3461,5202,8019,5385,3904,4978,6302,4744,3699,11.4982,-6.59403,8.95049,48.3767
94916,3325,3367,3268,3101,3695,3789,3672,3464,4392,5191,4635,3787,5991,9763,6472,4190,29.8429,-5.80813,8.94955,48.068
94917,3142,3204,3452,3548,3287,3475,3974,4398,3328,3825,5095,7915,3374,3888,5699,10309,18.3566,31.5111,8.57595,47.942
94918,5812,8331,5534,3914,5143,6612,4745,3789,3877,4062,3780,3515,3338,3339,3292,3173,-18.7155,-7.56762,8.66463,48.1707
94919,3303,3388,3364,3357,3513,3691,3761,3653,3906,4751,5036,4415,4411,7342,9140,5145,30.8552,2.70309,8.6622,48.1173
94920,3333,3876,5261,8277,3390,3760,5286,9238,3185,3594,4126,4713,3065,3316,3532,3527,-13.3765,27.4408,8.68604,47.6527
94921,3482,3898,5473,9588,3528,3830,5096,8489,3296,3470,4043,4380,3020,3383,3481,3513,-16.5825,31.2564,8.88137,47.98
94922,4319,6381,7926,4986,4042,5387,6314,4555,3530,3851,4031,3729,3076,3416,3434,3322,-18.6087,2.84751,8.795,48.1993
94923,3093,3366,3695,3768,3310,3748,4328,5442,3457,3891,5785,9304,3255,3769,5020,6744,9.62385,23.1694,8.50558,47.9833
94924,7300,9948,5295,3738,5065,5136,4215,3678,3843,3768,3688,3278,3300,3465,3237,3168,-30.7718,-10.6423,8.79932,48.0813
94925,3287,3252,3379,3180,3725,3826,3613,3301,4831,5367,4406,3674,6579,9952,5853,3858,30.8982,-8.35156,8.89359,48.0553
94926,6075,8436,5272,3766,5352,6535,4638,3758,4070,4107,3670,3310,3344,3334,3383,3168,-18.4534,-8.6105,8.95884,48.1453
94927,3339,3931,6105,11196,3435,3784,5041,7067,3200,3428,3908,4106,3121,3245,3362,3462,-21.4286,26.5105,8.59457,47.82
94928,3154,3346,3417,3503,3181,3327,3938,4266,3346,3833,5042,7922,3318,3908,5850,10581,18.9245,27.0783,8.83861,47.9547
94929,10380,7090,4281,3440,6567,5304,3862,3364,4139,3967,3510,3240,3372,3424,3185,3164,-22.2392,-20.4726,8.66901,48.1927
94930,3295,3498,4073,4594,3350,3748,4895,8012,3376,3754,4947,8690,3289,3547,4208,4886,0.971272,29.834,8.84216,48.108
94931,3253,3275,3525,3507,3525,3798,4417,4002,3819,5198,7570,5195,3872,5165,7065,5301,14.4782,7.68532,8.95607,48.3247
94932,3390,3443,3418,3252,3778,4136,3929,3531,4915,6992,5179,3842,5169,7734,5796,4064,16.7543,-5.37826,8.85082,48.3787
94933,4996,4284,3535,3261,8770,4976,3649,3389,7811,4827,3813,3431,4548,4156,3522,3114,-1.40663,-31.6575,8.72967,48.0547
94934,4611,7707,8076,4840,4237,5229,5362,4217,3586,3698,3829,3576,3249,3430,3292,3209,-24.0108,0.34989,8.80549,48.0987
94935,3290,3306,3397,3423,3582,3653,3846,3545,4137,4904,4926,4160,4632,8331,8188,4838,29.6019,0.37558,8.72143,48.1053
94936,5818,5062,3809,3310,8560,6301,3988,3418,5795,4694,3729,3329,3954,3810,3559,3217,-6.8653,-19.824,8.5614,48.2353
94937,4111,4737,4211,3668,5038,7640,5341,3865,4520,5806,4725,3580,3733,3919,3829,3400,-3.8562,-6.09449,8.52881,48.082
94938,11876,6317,3963,3420,6722,4920,3839,3343,3997,3915,3442,3167,3359,3357,3141,3135,-23.6348,-25.6756,8.72846,47.942
94939,3393,3418,3304,3057,3799,3870,3619,3294,5297,6023,4457,3702,6853,9041,5243,3895,21.4478,-10.2599,8.64133,48.1767
94940,3802,3750,3405,3109,5672,4298,3564,3276,9750,5384,3904,3294,6938,4770,3789,3297,9.49786,-25.4816,8.85998,48.0013
94941,3098,3227,3502,3507,3323,3515,4124,3999,3635,4184,6008,6110,3634,4600,7918,8079,19.9205,15.2354,8.68424,48.3087
94942,3409,3556,3390,3222,4051,4477,3965,3497,5180,7628,5223,3900,5180,6817,5018,3847,13.9533,-6.74413,8.84462,48.24
94943,4279,3892,3408,3239,6784,4611,3661,3344,9481,5188,3905,3349,5660,4434,3699,3270,4.75745,-31.1061,8.52611,48.136
94944,3595,3742,3755,3534,4106,5050,4652,3780,4580,7155,6177,4118,4075,4943,4709,3878,6.77555,-2.37262,8.5084,47.8993
94945,3228,3370,3387,3157,3524,3673,3780,3507,4241,5071,4862,4124,5091,9053,7604,4534,31.3364,-2.1059,8.78738,48.1373
94946,3880,4563,5462,4595,3899,5777,7958,5037,3549,4463,5062,4161,3407,3569,3671,3541,-8.47298,5.28886,8.768,48.396
94947,3192,3803,4911,7182,3346,3915,5315,9983,3182,3595,4315,5393,3124,3340,3660,3879,-9.98743,30.7786,8.79861,48.09
94948,3167,3345,3375,3259,3340,3679,3856,3735,3829,4523,5177,4531,3946,6225,9965,6177,30.8663,6.67428,8.6851,48.086
94949,3447,3492,3288,3133,4032,3695,3461,3213,6071,4698,3637,3240,12493,6226,3998,3230,32.4359,-26.8453,8.75826,47.5693
94950,3557,3996,4024,3894,3735,5143,6215,4496,3876,5395,6945,4582,3672,4152,4571,4120,1.58147,3.90125,8.51428,48.2487
94951,3662,3826,3512,3306,4488,5268,4219,3560,5438,8288,5187,3699,4639,5476,4362,3624,7.38835,-7.82979,8.87116,48.3693
94952,3394,3878,5412,6688,3528,4019,6427,8671,3230,3716,4382,5039,3077,3343,3626,3792,-10.9805,19.629,8.99748,48.148
94953,3361,3364,3312,3133,3790,3872,3677,3305,4786,5706,4406,3692,6266,9738,5792,4040,24.2719,-8.15627,8.73025,48.16
94954,3458,3885,6243,12389,3390,3668,4792,6367,3135,3469,3759,4035,3096,3268,3335,3501,-25.7597,26.6994,8.52383,47.86
94955,4749,8169,8368,4812,4226,5129,5086,4072,3579,3789,3745,3497,3182,3311,3399,3278,-26.9883,0.267956,8.82286,48.2607
94956,3056,3225,3361,3347,3362,3510,3807,3683,3734,4238,5250,4986,3701,5518,10053,7153,31.5669,9.85629,8.80144,47.9893
94957,4355,7035,9471,5533,3934,4728,5232,4417,3416,3676,3817,3669,3311,3242,3402,3229,-27.0367,3.93969,8.78031,48.3113
94958,9190,7819,4341,3513,6251,5606,3983,3431,4159,3904,3517,3251,3322,3398,3179,3068,-21.1973,-17.4464,8.99195,47.9547
94959,3252,3333,3601,3814,3321,3498,4297,5345,3340,3715,5325,9948,3291,3856,4983,7135,10.054,31.0637,8.81139,48.036
94960,8514,9040,4766,3697,5352,5288,4057,3518,3930,3900,3595,3310,3269,3380,3232,3159,-26.5115,-13.9163,8.71692,48.0047
94961,4349,7246,9206,5213,3968,4823,5134,4320,3497,3720,3643,3665,3213,3332,3277,3308,-31.336,3.09314,8.52523,47.9427
94962,3139,3194,3352,3375,3249,3336,3778,3937,3373,3761,4706,6066,3386,4000,6130,12421,27.7222,31.0401,8.58514,47.4687
94963,4657,5067,4102,3530,5879,7867,4656,3689,4776,5617,4253,3518,3865,3952,3553,3411,-5.57986,-10.3818,8.67143,48.2613
94964,3269,3458,3732,3541,3422,3874,4622,4554,3586,4563,8091,6186,3592,4319,6124,5429,10.76,11.2344,8.87444,48.2413
94965,3061,3231,3393,3444,3214,3510,3813,3954,3581,4120,5444,5413,3676,4755,9065,8361,27.4564,13.8543,8.58645,48.0233
94966,3278,3385,3246,3135,3745,3919,3667,3311,4843,5278,4329,3666,6929,9848,5540,3745,31.2677,-9.29615,8.79367,47.9093
94967,3382,3767,4874,6864,3341,3882,5265,9825,3207,3706,4350,5649,3205,3350,3865,3811,-9.08136,28.0799,8.54457,48.2287
94968,3452,3935,3810,3651,3914,4845,5352,4035,4210,6390,7221,4442,3981,4515,4709,4184,5.18475,1.67956,8.85422,48.4307
94969,3192,3204,3321,3557,3213,3456,3908,3951,3553,4021,5126,5563,3542,4386,8391,9480,33.482,16.7,8.53498,47.9093
94970,3311,3482,3429,3285,3638,3937,3928,3518,4372,6030,5395,4120,4880,7862,6693,4422,19.3201,-2.03601,8.66775,48.2013
94971,4080,4016,3478,3268,5903,5583,4003,3329,7249,6956,4115,3381,5055,4741,3781,3324,4.16195,-16.0853,8.99594,48.1747
94972,6741,9341,5450,3905,5091,5671,4461,3683,3742,3945,3651,3411,3478,3410,3230,3211,-23.5027,-9.74063,8.69333,48.2807
94973,3644,4003,3905,3581,4235,5711,5248,3994,4401,6934,6236,4059,4036,4603,4297,3863,2.92733,-1.79832,8.97557,48.5
94974,5658,9597,6617,4133,4570,5280,4619,3873,3681,3789,3615,3408,3319,3347,3285,3177,-32.3312,-5.08328,8.52699,47.9787
94975,12053,6235,3930,3374,6486,4936,3907,3311,3955,3781,3480,3198,3376,3313,3190,3210,-24.4795,-26.1391,8.64226,47.8233
94976,8205,9191,4910,3541,5418,5745,4203,3650,3946,3818,3536,3351,3252,3425,3228,3081,-23.721,-13.3875,8.90541,48.3333
94977,3316,3903,4453,4395,3508,4430,6947,5544,3561,4398,6641,5270,3409,3833,4308,4129,-0.928151,11.1513,8.61445,48.03
94978,3930,4993,6132,4591,4051,5644,7629,4937,3605,4154,4623,4121,3222,3551,3605,3612,-11.4124,4.81231,8.67586,48.2667
94979,3111,3417,3729,3955,3197,3583,4292,5598,3344,3928,5708,9344,3398,3698,4941,6692,9.17456,23.9522,8.54073,47.9567
94980,3192,3263,3405,3460,3162,3481,3862,4149,3341,3821,5091,7741,3392,3979,5657,11014,19.7843,31.4453,8.95735,48.0067
94981,3254,3396,3393,3173,3760,3758,3867,3622,4501,5491,4696,3935,5376,8893,6864,4332,23.3979,-3.51705,8.51464,48.2073
94982,3445,4052,5958,8572,3451,3984,5607,8188,3236,3546,4149,4521,3071,3339,3558,3596,-15.3625,22.2462,8.55616,48.182
94983,8716,5482,3896,3374,9072,5244,3797,3349,4859,3989,3497,3243,3627,3551,3141,3103,-14.4861,-27.5527,8.77682,47.96
94984,7764,5185,3738,3419,9567,5338,3796,3333,4996,4175,3634,3371,3611,3602,3256,3204,-12.2232,-32.5406,8.54856,47.9927
94985,4335,3860,3526,3225,6795,4712,3801,3387,9348,5031,3785,3366,5432,4552,3635,3188,4.31096,-30.15,8.59716,47.9853
94986,3154,3445,3971,4412,3285,3689,4758,6868,3278,3927,5568,9035,3260,3701,4499,5370,3.94529,24.683,8.65954,48.1467
94987,5089,4084,3485,3206,8449,4878,3861,3392,8129,4820,3717,3253,4714,4022,3536,3155,-0.656021,-30.8898,8.9226,47.86
94988,9216,5336,3842,3356,8982,5042,3899,3295,4649,3971,3592,3354,3573,3638,3223,3103,-15.135,-30.9145,8.98245,48.0473
94989,3127,3256,3389,3323,3447,3615,3763,3836,3786,4398,5563,4928,3843,5579,9626,6834,25.8028,9.48592,8.82571,48.2087
94990,10654,5599,3944,3375,7862,5025,3803,3352,4286,3914,3428,3193,3548,3461,3229,3143,-18.8411,-29.2692,8.82076,47.8773
94991,3228,3291,3358,3268,3411,3666,3797,3778,3762,4582,5134,4573,4122,6337,9656,6086,28.9351,6.27406,8.60713,48.0327
94992,3582,3571,3218,3154,4708,4313,3586,3342,8634,5775,3953,3390,8218,5538,3990,3410,13.9115,-22.4486,8.62792,48.2547
94993,3017,3172,3455,3301,3137,3471,3884,4006,3432,3821,4834,6358,3361,4078,6348,12331,25.3736,25.3791,8.80679,48.004
94994,2982,3257,3352,3398,3400,3566,3858,3955,3580,4116,5124,5559,3515,4560,8580,9501,28.0709,16.2512,8.54654,48.202
94995,3628,3559,3385,3134,5023,4199,3597,3358,9173,5871,3935,3500,7420,5466,3873,3345,12.2021,-22.0846,8.87702,48.3107
94996,3070,3286,3381,3382,3423,3591,3942,3879,3599,4261,5875,5439,3708,4984,9103,7400,22.3136,11.9157,8.67712,48.2153
94997,3278,3345,3234,3129,3645,3732,3690,3473,4517,5482,4709,4031,5370,9251,6871,4236,25.1869,-3.96793,8.64689,47.9953
94998,3311,3545,3991,4100,3442,3942,5613,5680,3574,4294,6962,7031,3378,3789,4696,4991,3.72602,15.5036,8.52941,48.226
94999,3721,4083,4045,3559,4333,6130,5529,3970,4396,6701,5632,4099,3932,4360,4091,3674,1.1168,-2.39284,8.55371,48.17
95000,3145,3298,3546,3499,3219,3544,4186,4601,3476,3891,5028,8712,3375,4037,5330,9140,15.6367,32.8127,8.70724,48.018
95001,9399,7951,4399,3415,6149,5521,4097,3433,3989,3912,3507,3285,3486,3395,3283,3059,-22.1342,-17.1351,8.98663,48.1867
95002,7205,9771,5323,3759,4891,5382,4428,3682,3771,3773,3588,3349,3301,3316,3303,3134,-27.2651,-10.1633,8.6483,47.984
95003,3100,3209,3363,3562,3234,3485,3779,3975,3287,3853,4939,5855,3474,4089,6905,11835,32.1958,22.9615,8.55126,47.9627
95004,5789,6940,4639,3656,5783,7527,4863,3659,4178,4414,3811,3420,3431,3550,3400,3174,-13.8908,-10.583,8.63324,48.156
95005,11865,6120,4010,3380,6515,4977,3766,3478,4031,3812,3541,3284,3440,3307,3218,3026,-23.5158,-32.8389,8.63021,47.8467
95006,4035,3786,3320,3235,5282,4583,3697,3371,8514,6404,3938,3410,6071,5096,3961,3328,8.36061,-19.2568,8.65351,48.0207
95007,3921,4958,6224,4798,4046,5540,7772,5086,3477,4110,4394,4031,3285,3448,3600,3518,-11.9786,5.64039,8.82672,48.1387
95008,4590,7014,6925,4589,4268,6121,5868,4168,3648,3902,3967,3587,3363,3493,3491,3275,-17.8942,-0.538978,8.50731,48.1793
95009,3388,3443,3250,3114,4187,3968,3554,3309,6706,5766,4126,3573,8772,7347,4511,3460,19.5109,-17.18,8.55381,48.316
95010,3009,3260,3464,3475,3409,3611,4250,4313,3515,4176,6293,7163,3551,4291,6742,7813,16.0915,17.16,8.91491,48.2233
95011,3561,3730,3579,3448,3994,4674,4405,3792,4574,7332,6372,4097,4421,5589,5081,3988,9.74967,-2.13304,8.52997,48.4247
95012,3191,3343,3844,3892,3336,3723,4728,5157,3560,4171,7030,7718,3347,3887,5234,5930,8.99369,17.1486,8.5376,48.0607
95013,4548,3964,3583,3206,7429,4848,3709,3447,8810,5044,3739,3269,4982,4369,3661,3200,2.07347,-33.2343,8.65723,47.872
95014,4297,4081,3518,3282,6710,5220,3860,3454,8038,5956,3934,3381,5098,4433,3716,3280,2.68243,-19.7294,8.67997,48.172
95015,3205,3265,3398,3343,3275,3406,3784,3953,3573,4024,5070,5421,3540,4362,7984,10313,28.3644,18.2262,8.83252,47.944
95016,3584,3465,3342,3174,4286,4373,3707,3277,6280,7055,4346,3530,6634,6936,4548,3621,15.2043,-13.0835,8.76363,48.1053
95017,4390,5658,5345,4112,4604,6991,6370,4180,3853,4551,4467,3713,3480,3634,3656,3310,-10.5692,-1.56478,8.65533,48.2093
95018,5188,4529,3559,3251,8379,5974,3863,3375,6721,5295,3677,3354,4358,3946,3635,3148,-3.1949,-20.8718,8.93773,48.168
95019,3438,3347,3255,2924,4132,3919,3523,3113,6588,4930,3680,3302,12127,6096,3943,3417,23.4374,-27.4391,8.81472,47.8227
95020,3047,3198,3407,3427,3268,3384,3768,3910,3411,3818,4745,6129,3398,3872,6362,12435,29.393,25.9351,8.54528,47.7193
95021,3127,3534,3939,4133,3408,3899,5227,5948,3525,4117,6468,7941,3265,3942,4693,5255,4.93919,18.2452,8.69159,48.2807
95022,6721,7517,4677,3589,6153,6940,4459,3481,4047,4065,3778,3275,3421,3489,3312,3234,-16.5356,-12.5005,8.8238,48.1053
95023,4302,4075,3472,3206,5920,5340,3909,3463,7438,6635,4159,3424,4988,4815,3741,3243,3.94632,-16.7995,8.52918,48.0867
95024,3082,3316,3298,3336,3236,3479,3909,3769,3544,4170,5141,5373,3588,4612,9003,8925,30.5009,14.9689,8.86309,47.854
95025,3162,3399,3917,4006,3323,3763,4970,5795,3496,3960,6408,8818,3391,3743,4818,5783,6.48154,19.6013,8.95029,48.5013
95026,3362,3348,3256,3183,3972,3791,3403,3326,6143,4711,3767,3402,12611,5967,3880,3405,30.4378,-29.0845,8.53727,47.6847
95027,3261,3356,3467,3463,3487,3840,4159,3885,3969,5211,7094,4869,4056,5592,7393,5227,16.0469,5.49475,8.8556,48.2193
95028,3941,5827,10263,6517,3751,4366,5182,4711,3245,3605,3875,3754,3020,3301,3375,3344,-30.8381,8.14041,8.94111,48.0513
95029,3107,3303,3419,3333,3262,3578,3854,3844,3559,4231,5727,5345,3641,4952,9093,7806,23.7558,12.7809,8.74362,48.036
95030,3806,4246,4409,3866,4062,5929,6749,4569,3930,5328,5777,4300,3616,3905,4099,3792,-2.01118,2.10894,8.72665,48.2553
95031,4802,4534,3704,3263,7095,6466,4115,3443,6383,5971,3996,3418,4231,4058,3568,3290,-2.06496,-16.8824,8.91306,48.2247
95032,3916,4704,4294,3768,4481,6782,6112,4110,4090,5648,5307,3870,3755,3843,3926,3638,-3.29668,-1.60041,8.75527,48.1627
95033,5053,4691,3911,3297,6856,7157,4198,3534,5513,5601,4042,3446,4228,3980,3615,3301,-4.05537,-14.683,8.55215,48.282
95034,4105,3899,3453,3076,6166,4894,3742,3315,9020,5955,3910,3364,5538,4629,3745,3312,5.40487,-21.3848,8.90761,48.082
95035,3266,3338,3742,3814,3269,3861,4857,5337,3479,4267,7065,7791,3388,3967,5151,5675,7.82504,16.6598,8.61352,48.178
95036,3189,3196,3288,3367,3188,3343,3812,3858,3424,3793,4766,6031,3427,3893,6240,12307,30.3353,27.9381,8.55598,47.4147
95037,10287,7655,4298,3596,6180,5273,3937,3428,3972,3980,3497,3220,3288,3426,3196,3034,-24.2528,-19.0659,8.59105,48.178
95038,3694,4612,6917,6207,3660,4487,7362,6171,3316,3745,4288,4114,3224,3323,3601,3430,-14.6336,12.0698,8.92983,48.1007
95039,6202,9294,5740,3844,4971,6081,4617,3874,3773,3934,3586,3475,3284,3404,3306,3161,-21.3722,-7.94597,8.79671,48.364
95040,3109,3419,3678,3809,3329,3629,4275,5473,3488,3719,5250,10093,3417,3669,4822,6853,9.59155,33.8988,8.87492,48.0213
95041,3203,3244,3373,3406,3360,3572,3737,3821,3457,4100,5096,5157,3503,4631,8649,9004,32.2678,14.9047,8.51959,47.542
95042,3799,4365,4231,3835,4358,6679,6023,4179,4212,5783,5513,3981,3690,4048,3993,3574,-2.25891,-1.33123,8.90894,48.1753
95043,3316,3653,4228,4388,3551,4087,6333,6242,3487,4184,6497,6420,3377,3790,4358,4546,0.392927,15.0811,8.60218,48.3047
95044,3181,3643,4060,4670,3279,3723,4839,7912,3412,3681,5020,8715,3122,3609,4228,4975,1.26795,27.6226,8.57943,48.046
95045,4452,3858,3550,3163,7090,4598,3702,3236,9434,5227,3916,3237,5490,4483,3572,3273,3.70515,-29.2667,8.62101,48.1873
95046,7472,5789,4038,3367,8185,6334,4110,3435,4757,4252,3635,3327,3647,3518,3251,3098,-13.3171,-19.6109,8.7724,48.1433
95047,3377,3860,5057,7110,3296,3949,5536,9381,3364,3511,4359,5313,3147,3255,3789,3838,-10.6986,25.1525,8.62569,48.0947
95048,3212,3318,3403,3184,3538,3784,3783,3563,4070,4993,5277,4259,4589,7515,8583,5107,25.1553,1.98682,8.50888,48.1187
95049,3209,3176,3405,3424,3290,3497,3830,4272,3379,3839,5092,7028,3393,3938,6228,11311,22.1575,25.3872,8.82386,48.2073
95050,3493,4311,8248,9794,3564,4077,5327,5823,3216,3551,3913,4008,3070,3185,3384,3395,-24.9981,17.5004,8.86151,48.2393
95051,3267,3266,3392,3129,3643,3713,3724,3486,4314,5338,4903,4040,5203,8613,7407,4540,25.1042,-2.30476,8.51455,47.9853
95052,3096,3269,3496,3474,3227,3452,3889,4143,3378,3868,5028,7598,3506,3882,5708,11072,19.8736,31.8224,8.77939,48.0573
95053,3299,3315,3319,3212,3523,3817,3841,3415,4346,5159,4847,3985,5357,9371,7193,4372,26.3861,-3.32766,8.75833,48.2473
95054,3138,3266,3284,3415,3272,3419,3816,4116,3310,3812,4892,6896,3360,3911,5852,11859,22.6908,31.0682,8.77028,47.7453
95055,3112,3433,3674,3712,3313,3729,4537,4964,3506,4007,6514,8505,3464,3958,5344,6740,10.8819,19.4379,8.75061,48.3413
95056,3827,4036,3740,3462,4471,5978,4643,3755,4930,7642,5278,3813,4221,4668,4101,3714,3.10489,-5.93628,8.52596,48.186
95057,5218,4459,3705,3332,9184,5145,3791,3330,7264,4699,3730,3351,4405,4094,3455,3165,-3.28931,-33.2318,8.73496,48.218
95058,4086,6497,9752,5773,3911,4709,5186,4591,3436,3645,3789,3619,3081,3227,3484,3218,-26.7862,5.55996,8.7379,48.0027
95059,7168,5829,4025,3407,7907,6412,4062,3458,4688,4333,3688,3327,3651,3551,3352,3214,-12.7467,-18.2195,8.91203,48.048
95060,3232,3383,3302,3175,3784,3794,3620,3288,5030,5199,4239,3565,7415,9847,5289,3754,28.9342,-10.8745,8.69125,47.944
95061,10059,7269,4253,3408,6508,5298,3850,3418,4111,3879,3428,3228,3401,3396,3336,3162,-21.8288,-19.3997,8.91179,48.0027
95062,7868,7925,4634,3510,5975,6077,4162,3462,4071,3966,3577,3323,3413,3470,3311,3134,-20.1993,-14.8041,8.67281,47.9187
95063,3442,3774,4616,4710,3532,4283,7123,6755,3481,4029,5815,5805,3255,3733,4188,4122,-3.12907,14.53,8.78294,48.442
95064,3646,4788,9144,8591,3549,4141,5177,5354,3331,3621,3757,3864,3129,3254,3422,3433,-28.3112,14.0719,8.80538,48.134
95065,3077,3268,3474,3388,3218,3333,3798,4017,3413,3810,4785,6517,3384,3966,5983,12238,25.0541,31.1038,8.66643,47.7793
95066,3195,3466,3793,3823,3311,3745,4591,5503,3350,3990,6504,8703,3441,3808,5051,5869,7.76435,19.419,8.78601,48.0953
95067,3455,3542,3685,3292,3902,4651,4246,3717,4593,7417,6225,4228,4469,5778,5101,4140,10.7756,-2.3564,8.60682,48.294
95068,5076,8075,6891,4371,4425,5848,5282,4098,3615,3939,3771,3709,3232,3339,3429,3241,-20.6065,-2.2133,8.57717,48.2273
95069,11401,5893,3977,3429,6955,4950,3818,3346,4134,3960,3528,3350,3342,3477,3183,3239,-21.6365,-30.3544,8.50625,47.988
95070,3097,3453,3812,4085,3316,3603,4590,6056,3472,3851,5403,9820,3313,3687,4785,6164,6.90659,26.6237,8.57253,48.338
95071,6582,4913,3847,3320,9490,5663,3864,3367,5708,4353,3664,3236,3853,3631,3381,3132,-8.95907,-24.6728,8.61165,48.0027
95072,11969,6876,4087,3372,6116,5018,3840,3499,3888,3723,3500,3203,3449,3364,3197,3049,-26.634,-22.6883,8.81568,48.1
95073,3945,4117,3878,3595,4542,6470,5225,3880,4701,7005,5238,3959,4013,4432,3976,3675,0.987058,-4.40382,8.93051,48.434
95074,12461,6002,3873,3436,6353,4831,3654,3367,3961,3718,3408,3214,3401,3368,3230,3128,-25.3694,-29.9353,8.63934,47.6033
95075,4579,4134,3525,3211,7358,5122,3865,3361,8428,5370,3919,3318,4897,4459,3629,3357,1.89693,-22.4124,8.71687,48.3547
95076,3379,3392,3268,3105,4122,3760,3364,3287,6640,4806,3780,3398,12030,5898,3972,3394,23.7531,-31.8553,8.80851,47.73
95077,3217,3333,3756,4167,3267,3721,4542,6287,3245,3858,5552,9554,3243,3604,4783,5929,6.28772,25.3184,8.70479,48.0387
95078,3406,3357,3174,3228,3999,3831,3456,3281,6341,4802,3781,3372,12198,5927,3897,3474,24.5808,-32.0915,8.62411,47.6827
95079,3383,3416,3222,3012,4141,3962,3449,3308,6955,4942,3717,3334,11637,6081,3892,3440,22.3206,-28.1115,8.7975,47.9273
95080,8264,9488,4842,3661,5214,5228,4109,3645,3856,3721,3643,3300,3352,3309,3296,3216,-31.2179,-13.3351,8.91928,48.096
95081,3459,3388,3266,3134,4285,3977,3606,3236,6653,6220,4129,3532,7964,7174,4515,3535,18.0442,-16.0035,8.53357,48.0487
95082,4216,7067,9422,5469,3870,4610,5242,4516,3515,3586,3829,3670,3161,3346,3433,3220,-28.4591,4.02558,8.80984,48.1147
95083,3349,4045,6159,7769,3514,4008,6407,7705,3238,3638,4292,4496,3095,3334,3673,3631,-14.6161,18.4157,8.97319,48.2353
95084,4681,5050,4119,3585,5682,7980,4827,3621,4714,5693,4306,3581,3839,3897,3598,3374,-5.53101,-9.49826,8.50933,48.3647
95085,4511,5861,5396,4092,4690,7330,6108,4133,3876,4524,4113,3725,3333,3684,3563,3414,-11.9137,-2.55317,8.87264,48.2353
95086,4169,4786,4157,3675,4937,7485,5297,3854,4512,5945,4663,3742,3879,4048,3851,3428,-3.40626,-5.4431,8.54645,48.2853
95087,4545,4080,3444,3254,6911,5425,3806,3360,7769,5970,3973,3442,4981,4255,3770,3341,1.93847,-19.4039,8.83162,48.2173
95088,6624,5110,3791,3400,9069,6047,3993,3413,5459,4447,3594,3236,3864,3583,3373,3098,-9.73757,-21.2055,8.74363,48.0673
95089,3120,3224,3337,3311,3247,3406,3806,3944,3379,3713,4799,6208,3355,3986,6289,12512,27.8279,26.7163,8.87149,47.7573
95090,7790,5036,3811,3353,9797,5082,3785,3370,5103,4215,3637,3259,3609,3639,3264,3067,-12.0192,-31.1506,8.97666,47.878
95091,10118,7017,4157,3548,6681,5182,3993,3443,4128,3953,3431,3300,3488,3331,3171,3018,-21.4808,-20.3206,8.55803,47.9727
95092,3606,3962,4195,4007,3714,5155,6846,4658,3836,5107,6945,4672,3544,4070,4244,3977,0.588446,5.22627,8.92076,48.3587
95093,3259,3484,4060,4806,3281,3816,4972,8160,3317,3637,4973,8450,3277,3517,4305,4804,0.347569,27.7099,8.93645,48.0787
95094,3846,5393,9903,6591,3647,4490,5314,4734,3336,3572,3888,3821,3108,3277,3428,3293,-33.992,8.98115,8.96348,47.7607
95095,6910,8535,4827,3683,5669,6396,4417,3624,3917,4052,3643,3316,3332,3474,3297,3148,-18.9577,-11.8678,8.88373,48.16
95096,6015,4642,3687,3342,10131,5147,3762,3353,6213,4477,3679,3191,4038,3817,3334,3184,-6.66548,-29.1476,8.86738,48.008
95097,7381,7250,4243,3607,6665,6412,4288,3590,4168,4126,3726,3430,3422,3478,3342,3147,-16.751,-15.0391,8.59357,48.1833
95098,3093,3234,3436,3378,3241,3514,3762,4002,3366,3711,4751,6021,3422,3848,5959,12719,31.0704,29.9067,8.8638,47.638
95099,4070,3849,3371,3121,6336,4562,3699,3242,9706,5377,3695,3362,6294,4644,3611,3231,6.6839,-27.2645,8.72911,48.1133
95100,3051,3272,3350,3494,3270,3481,3827,3936,3282,3843,4751,6048,3340,3880,6366,12573,28.4973,26.5161,8.81465,47.8427
95101,3802,5064,8491,6565,3627,4472,6290,5387,3373,3654,4055,4011,3191,3231,3489,3420,-19.7931,10.5607,8.62731,48.0813
95102,4283,4201,3658,3345,5956,6228,3997,3524,6526,6829,4279,3530,4546,4401,3698,3291,1.37083,-14.2639,8.7292,48.1947
95103,3488,3525,3507,3353,4075,4506,4058,3665,4890,7546,5930,4079,4589,6120,5215,3880,11.6749,-3.88836,8.55878,48.284
95104,4502,3931,3600,3216,7242,5081,3801,3305,8466,5583,3736,3369,5133,4462,3646,3331,2.41615,-22.3742,8.70642,48.2693
95105,3121,3278,3486,3551,3303,3492,3884,4415,3409,3837,5015,8269,3341,3968,5550,10163,17.8121,28.5474,8.72003,48.0547
95106,3653,3428,3307,3119,4727,4127,3492,3319,8797,5648,3858,3439,8384,5678,3903,3374,14.1129,-23.4458,8.71184,48.1687
95107,9695,8585,4550,3607,5575,5066,3974,3568,3850,3882,3566,3427,3358,3275,3216,3141,-30.8096,-16.6822,8.83783,48.2233
95108,4347,6721,7915,5129,4070,5319,6041,4315,3621,3667,3958,3700,3252,3402,3445,3305,-20.0615,2.75389,8.58277,48.138
95109,3399,4076,7001,12003,3359,3896,4898,6003,3144,3463,3750,3888,3133,3153,3419,3388,-28.0976,23.2571,8.86368,47.982
95110,3198,3247,3359,3369,3309,3625,3819,3775,3617,4239,5367,5063,3853,5346,9666,7116,25.5431,10.1907,8.74139,47.9787
95111,3178,3291,3485,3321,3306,3780,3686,3792,3805,4696,5628,4602,4050,6128,9357,5893,23.896,6.40504,8.60622,47.9987
95112,3460,3880,5752,10617,3380,3838,4935,7682,3368,3470,3843,4290,3133,3156,3493,3530,-19.1606,30.9397,8.88312,47.8847
95113,3644,3458,3225,3130,4710,4089,3575,3356,8991,5141,3869,3406,8830,5277,3863,3366,14.6131,-29.5929,8.70374,47.9533
95114,3219,3826,4811,5948,3475,3908,5736,9629,3299,3722,4518,5982,3143,3357,3701,3912,-6.83347,23.3024,8.95032,48.124
95115,5697,4648,3594,3395,8760,6104,3962,3388,6188,4835,3700,3254,4173,3799,3552,3231,-5.48444,-21.0454,8.77231,48.1867
95116,7594,5352,3957,3430,9175,5519,3871,3495,5049,4090,3574,3341,3792,3632,3379,3045,-12.1821,-24.1499,8.66415,48.1967
95117,3413,3979,5244,6157,3402,4001,6300,8588,3377,3700,4747,5336,3156,3436,3678,3870,-8.96315,19.2961,8.59525,48.256
95118,3235,3340,3485,3257,3531,3707,3781,3684,4038,4719,4971,4242,4478,7771,8811,5011,31.509,1.78882,8.65625,48.0407
95119,5932,9744,6490,4193,4590,4985,4636,3751,3718,3898,3631,3341,3217,3441,3235,3220,-31.3303,-5.73242,8.68224,48.0147
95120,3353,3428,3335,3133,3717,3994,3614,3350,4980,5982,4629,3768,6157,9165,5695,3980,21.5786,-8.04492,8.92831,48.1867
95121,3352,3304,3326,3122,3798,3658,3439,3254,5946,4717,3799,3400,12822,5925,4038,3427,29.2554,-33.1989,8.77887,47.5513
95122,3200,3322,3570,3390,3359,3673,3942,3718,3678,4498,6012,5000,3773,5498,9047,6559,21.8313,9.1065,8.65881,48.1593
95123,3243,3494,3994,4642,3347,3671,4924,7874,3395,3636,4978,8716,3196,3497,4266,5001,1.22262,27.2661,8.89116,47.916
95124,3406,3366,3309,3264,3857,3702,3436,3291,5931,4735,3742,3385,12682,5904,3780,3318,32.531,-29.776,8.84399,47.4053
95125,3127,3253,3544,3478,3210,3463,3995,4536,3401,3820,5584,7943,3278,4103,6096,9079,16.7351,21.8288,8.73006,47.94
95126,3471,3425,3357,3056,4003,3849,3437,3260,5997,4935,3768,3422,11017,7451,4242,3563,27.7451,-20.1443,8.64351,48.1687
95127,3116,3141,3235,3416,3161,3458,3723,3938,3344,3840,4889,6099,3404,4169,6951,11788,27.4073,22.1838,8.88439,47.7813
95128,3418,4055,5676,11408,3438,3831,4929,7372,3233,3521,3895,4334,3063,3188,3476,3526,-20.8112,29.2406,8.54612,48.242
95129,3866,4223,4370,3929,4167,6278,6650,4205,3920,5472,5690,4121,3679,3999,4038,3545,-2.50686,1.08723,8.88016,48.1013
95130,3487,3247,3291,3111,4038,3777,3395,3379,5947,4810,3652,3300,12744,6025,3841,3358,31.0043,-29.063,8.92171,47.6013
95131,3349,3291,3318,3188,3775,3810,3720,3464,4815,5360,4382,3755,6531,9840,5812,4143,26.4827,-8.23469,8.7198,48.3687
95132,3359,3999,6252,12158,3352,3896,4834,6348,3339,3470,3884,4036,3081,3196,3294,3306,-24.8347,26.8846,8.54793,47.8693
95133,6047,4542,3619,3216,9931,5196,3711,3306,6356,4503,3559,3346,4109,3811,3409,3137,-6.31592,-28.0029,8.75427,47.8653
95134,3563,3497,3387,3115,4626,4078,3619,3228,8774,5194,3887,3382,8957,5345,3798,3511,15.1801,-31.0655,8.50035,47.974
95135,3589,3964,4143,3711,3982,5290,5745,4186,4110,6022,6899,4423,3911,4391,4488,3884,2.64877,1.84657,8.96211,48.492
95136,4149,3830,3506,3039,6407,4864,3738,3324,9329,5691,3834,3244,5653,4577,3820,3256,5.38846,-22.5917,8.872,48.174
95137,3363,3556,3889,3692,3485,4096,5163,4698,3722,4658,8024,6187,3510,4070,5435,4970,7.40737,11.0672,8.81892,48.3453
95138,6782,10139,5471,3926,4902,5255,4258,3642,3653,3842,3611,3338,3317,3350,3285,3149,-30.9899,-9.32143,8.97465,47.9467
95139,5439,6533,4685,3697,5816,7639,4974,3654,4345,4504,3816,3344,3544,3544,3420,3167,-12.7188,-9.80169,8.57825,48.0807
95140,3396,3489,3327,3147,4574,4005,3406,3186,8236,5144,3823,3351,9902,5640,3964,3385,17.2865,-28.9783,8.56882,47.9833
95141,4286,5554,5377,4038,4475,7078,6487,4202,3841,4452,4439,3740,3621,3661,3510,3413,-10.5359,-1.23309,8.5881,48.116
95142,4922,7257,5680,4087,4759,7255,5406,3997,3910,4155,3819,3593,3480,3425,3401,3272,-15.6274,-4.67168,8.96896,48.2787
95143,3531,4440,7396,9012,3584,3963,5580,6686,3255,3514,3986,4047,3160,3248,3515,3409,-19.9403,17.9335,8.81781,48.2173
95144,11316,6241,4026,3502,7029,4990,3865,3307,4014,3920,3439,3195,3341,3387,3204,3104,-22.1011,-24.876,8.7846,47.92
95145,3320,3414,3163,3095,3960,3836,3534,3204,7246,5110,3811,3402,11518,5923,4109,3440,21.5287,-27.2371,8.76118,48.0567
95146,3363,3564,3572,3188,3791,4097,3979,3636,4413,6399,6134,4258,4628,6632,6378,4371,15.9216,-0.686495,8.92943,48.2687
95147,5408,4396,3561,3311,9349,5188,3718,3328,6847,4705,3713,3495,4364,3833,3634,3112,-4.25195,-29.3714,8.55133,47.9747
95148,4339,6271,6878,4673,4113,5994,6497,4383,3557,4036,4115,3922,3323,3442,3495,3342,-15.977,1.80314,8.89691,48.2533
95149,3931,3731,3259,3243,5763,4442,3655,3251,9523,5705,3789,3345,6481,4991,3841,3327,8.50846,-24.3963,8.81343,48.1847
95150,7705,5148,3805,3497,9473,5161,3750,3393,5077,4184,3533,3261,3677,3652,3371,3205,-12.1928,-31.3355,8.67621,47.928
95151,6588,9639,5818,3833,4783,5389,4437,3743,3703,3846,3573,3440,3398,3385,3310,3135,-26.9121,-8.2943,8.66884,48.0133
95152,11758,5906,3831,3319,6915,4946,3757,3318,4108,3763,3458,3284,3412,3435,3206,3104,-22.1939,-31.1635,8.77316,47.68
95153,3712,3752,3470,3201,4403,5018,4054,3548,6017,8161,4705,3681,5077,5816,4222,3608,9.17135,-10.2453,8.86783,48.2967
95154,3324,3269,3305,3204,3667,3888,3741,3511,4130,5105,4935,4125,5058,8642,7579,4495,26.4815,-1.67344,8.64284,47.9853
95155,3282,3713,4963,7325,3390,3864,5211,9668,3353,3642,4351,5275,3219,3341,3496,3891,-10.7797,31.642,8.55368,47.9893
95156,3381,3385,3345,3185,3649,3720,3538,3379,4918,5262,4290,3617,7280,9785,5221,3734,31.8564,-10.8617,8.9585,47.7927
95157,5967,6557,4439,3675,6064,7650,4662,3693,4317,4509,3946,3289,3568,3655,3495,3150,-13.0057,-11.7219,8.56891,48.424
95158,3490,4054,4542,4107,3775,5213,7162,4886,3693,4862,6420,4532,3464,4004,4233,3808,-1.6365,5.98624,8.50223,48.1633
95159,8478,5315,3869,3323,9420,5201,3868,3267,4986,4073,3547,3204,3656,3620,3395,3191,-13.6481,-27.8653,8.8497,48.2753
95160,3124,3201,3343,3275,3220,3484,3782,4128,3442,3798,5033,7282,3420,4010,5745,11319,20.9568,33.8527,8.75613,47.7373
95161,3108,3366,3525,3526,3300,3511,4120,4215,3483,3992,5782,6368,3483,4454,7674,8572,19.9354,16.6057,8.71674,48.3193
95162,3454,3529,3513,3370,3832,4394,4293,3588,4702,7414,5893,4070,4589,6012,5372,4009,11.942,-3.09433,8.61695,48.0227
95163,3610,4155,5814,5670,3600,4470,7682,6610,3539,3930,4749,4718,3169,3366,3580,3707,-10.2556,12.8482,8.79483,48.246
95164,3662,3611,3358,3166,5273,4278,3597,3308,9768,5211,3891,3349,7301,5055,3856,3359,10.8003,-32.9697,8.50204,48.0287
95165,3649,4511,6930,6132,3547,4524,7240,6037,3435,3723,4451,4242,3143,3383,3577,3482,-14.9386,12.2355,8.55748,48.004
95166,3168,3268,3442,3392,3348,3574,3851,3839,3607,4237,5289,5219,3657,4858,9266,7923,31.8156,12.6179,8.52673,47.9587
95167,12507,6041,3939,3389,6246,4722,3746,3406,3841,3797,3479,3291,3388,3280,3173,3191,-27.0733,-29.793,8.57761,47.624
95168,3317,3311,3293,3326,3591,3732,3721,3584,4101,4836,4932,4146,4618,7867,8640,4886,30.9225,0.809031,8.79338,47.934
95169,3646,5150,9325,7493,3570,4239,5801,5289,3300,3587,3982,3883,3076,3309,3416,3298,-24.14,11.8431,8.77677,48.2427
95170,3400,3815,5079,7711,3369,3737,5180,9861,3254,3599,4178,5282,3091,3356,3550,3742,-11.3404,29.8873,8.96095,48.136
95171,7997,9007,4913,3719,5316,5610,4244,3617,3748,3922,3605,3337,3442,3318,3257,3082,-23.4711,-12.9509,8.88179,48.0893
95172,7990,7367,4416,3541,6587,6054,4201,3591,4198,4045,3573,3292,3353,3435,3324,3025,-18.1569,-16.253,8.56041,47.9947
95173,5602,5786,4132,3610,6847,7476,4347,3657,4650,4687,3927,3332,3709,3722,3444,3273,-9.82915,-13.8005,8.59993,48.134
95174,3357,3466,3332,3173,3803,3924,3666,3308,5044,6120,4469,3567,6329,9232,5562,3887,21.9902,-8.5796,8.96219,48.1593
95175,6898,9583,5326,3691,4986,5310,4294,3692,3799,3786,3641,3335,3389,3418,3264,3214,-32.5113,-10.0168,8.68282,47.7507
95176,3216,3256,3374,3296,3399,3623,3786,3735,3650,4463,5139,4739,3920,5969,9874,6486,31.1302,7.89955,8.8274,47.95
95177,12517,5759,3891,3497,6071,4825,3640,3328,3875,3733,3400,3198,3418,3376,3345,3195,-33.5776,-31.8666,8.51083,47.3787
95178,3206,3287,3442,3356,3408,3788,3920,3990,3868,4679,6333,5006,3990,5705,8632,5811,20.1912,7.50023,8.62749,48.2807
95179,4918,4288,3552,3375,8869,5061,3710,3302,7700,4801,3715,3267,4530,4000,3539,3255,-1.79006,-29.2879,8.80199,47.9213
95180,3399,3727,5262,8217,3423,3820,5130,9471,3289,3637,4160,4838,3144,3258,3557,3706,-13.4723,27.7951,8.80408,48.0253
95181,3136,3305,3449,3445,3363,3626,4095,4154,3493,4246,6095,6183,3553,4415,7802,7745,19.5302,14.9242,8.54535,48.07
95182,3144,3345,3340,3302,3228,3533,3886,4000,3450,4080,5521,5802,3498,4724,8658,8752,23.2594,15.2531,8.93083,48.1753
95183,5849,4939,3941,3303,8549,6259,4084,3433,5666,4655,3761,3349,3939,3870,3366,3137,-7.10082,-19.799,8.66861,48.0667
95184,3942,5979,9854,6326,3671,4483,5306,4805,3252,3650,3776,3670,3202,3276,3316,3356,-27.0808,7.81226,8.74247,47.9093
95185,7111,4835,3822,3365,9796,5305,3810,3296,5385,4358,3611,3350,3832,3709,3315,3187,-10.0289,-31.807,8.6022,48.058
95186,3780,5013,7627,5880,3748,4612,6892,5650,3376,3689,4262,4067,3186,3383,3552,3454,-16.2921,9.68995,8.61152,48.114
95187,3956,3718,3366,3178,5556,4258,3537,3248,9867,5286,3734,3387,6884,4967,3725,3418,9.33889,-27.7191,8.77627,48.0567
95188,9240,5297,3884,3370,8731,5181,3850,3373,4720,4054,3517,3257,3570,3400,3319,3030,-15.341,-29.0693,8.57063,47.862
95189,3247,3564,4006,4646,3275,3825,4787,7951,3255,3780,4970,8617,3310,3602,4205,4946,0.742889,28.3278,8.71699,47.9907
95190,3396,3886,5122,5509,3436,4234,6915,7811,3405,3847,4857,5444,3074,3438,3863,3935,-7.35556,17.2701,8.61783,48.1147
95191,10692,5751,3937,3501,7518,4940,3846,3513,4248,4051,3408,3213,3403,3397,3200,3131,-19.8002,-32.9159,8.58997,47.8327
95192,3244,3553,4202,4845,3421,3805,5105,8100,3316,3615,4923,8352,3142,3626,4177,4882,0.0288347,28.8332,8.70567,48.2053
95193,6451,4671,3664,3221,10069,5156,3749,3450,6055,4430,3583,3258,3937,3729,3405,3192,-7.51226,-28.1195,8.93503,48.0133
95194,3180,3296,3587,3722,3261,3709,4136,5157,3396,3883,5375,9370,3392,3825,5236,7705,12.2115,26.3085,8.5567,48.1533
95195,12549,5962,3850,3453,6172,4764,3752,3401,3887,3669,3505,3290,3383,3430,3255,3190,-28.4298,-32.2738,8.63453,47.6747
95196,3058,3130,3270,3356,3220,3540,3738,3960,3404,3642,4875,6179,3464,3897,6019,12799,27.7019,30.7185,8.64263,47.7007
95197,3315,3293,3189,3208,3964,3880,3468,3314,5743,5358,3935,3446,9271,8456,4611,3621,25.0974,-16.1179,8.66148,48.048
95198,8519,8168,4512,3727,6110,5717,4123,3595,4042,4018,3562,3310,3456,3419,3240,3044,-21.2907,-15.7967,8.61641,48.3747
95199,3365,3332,3195,3108,3794,3890,3516,3422,4692,5339,4468,3794,6499,9931,5753,4023,27.2467,-8.23698,8.60682,48.0807
95200,3180,3378,3519,3596,3381,3681,4321,4088,3603,4875,7315,5342,3885,4876,7321,5548,15.1065,8.88182,8.57247,47.9393
95201,3363,4159,7504,11361,3335,3869,4858,5800,3240,3458,3794,3971,3083,3225,3356,3369,-31.4631,20.9917,8.64474,47.83
95202,5318,4492,3686,3250,8583,5782,3912,3341,6626,5058,3748,3387,4253,4014,3514,3217,-3.6999,-21.8238,8.80717,48.1207
95203,4720,8239,8122,4637,4157,4947,4908,4117,3593,3846,3852,3543,3337,3329,3317,3421,-33.546,-0.138036,8.55739,48.0567
95204,3301,3521,3861,3769,3486,4186,5500,4683,3620,4989,8303,5528,3614,4251,5181,4699,6.02666,8.81374,8.81191,48.328
95205,4362,4331,3646,3299,5809,6360,4163,3409,6239,6472,4237,3519,4407,4402,3876,3294,0.678587,-13.4859,8.81002,47.8833
95206,11945,5838,3931,3262,6878,4881,3758,3430,4034,3870,3492,3172,3381,3413,3266,3076,-23.5159,-30.5369,8.78761,47.7513
95207,3102,3287,3431,3404,3358,3720,3955,3666,3688,4583,5622,4788,3961,5869,9377,6401,23.6836,7.79164,8.83565,48.1413
95208,3616,4705,8152,7364,3722,4304,6456,5707,3339,3633,3971,3983,3135,3257,3419,3431,-18.7327,12.992,8.78098,48.1293
95209,4508,7508,8699,5143,4045,5091,5393,4386,3523,3600,3827,3648,3239,3405,3253,3290,-23.5487,2.12325,8.97578,48.372
95210,3114,3494,3741,3830,3385,3764,4745,4950,3516,4145,7041,7252,3494,4136,5623,5976,10.0582,16.0024,8.56783,48.1373
95211,6689,9125,5464,3709,5106,5907,4349,3712,3696,4008,3588,3370,3258,3300,3401,3168,-21.5226,-9.8815,8.99475,47.9
95212,3236,3480,4031,4293,3254,3674,4828,7370,3351,3733,5011,9264,3290,3565,4431,5218,2.7148,29.6111,8.67469,48.0193
95213,3201,3676,4345,5347,3258,3795,5262,9397,3308,3782,4756,7218,3140,3452,3927,4453,-3.31219,26.6155,8.984,48.2113
95214,3201,3287,3392,3357,3405,3477,3834,3948,3401,4075,5263,5344,3640,4572,8796,9328,26.9312,16.0018,8.68933,48.2133
95215,3669,3643,3259,3123,4677,4090,3582,3346,7962,5974,4070,3439,8069,5834,3941,3388,14.4911,-20.4869,8.50069,48.044
95216,3385,3639,4657,5858,3342,3692,5156,9697,3296,3665,4551,6397,3258,3328,3849,3981,-6.01654,33.0851,8.9233,47.834
95217,11885,6869,4096,3371,5919,4829,3836,3284,4003,3858,3489,3257,3403,3435,3249,3008,-28.3327,-23.0817,8.5682,47.8607
95218,3387,3349,3218,3161,3947,3804,3669,3224,5221,5085,4085,3643,8231,9267,4819,3670,29.0421,-13.4631,8.51961,47.8533
95219,3745,5148,9782,7502,3479,4345,5304,5059,3309,3557,3770,3751,3239,3298,3344,3280,-29.8792,11.384,8.98364,47.9413
95220,3370,3987,6138,12357,3389,3819,4647,6064,3209,3455,3764,3897,3158,3277,3367,3390,-29.0553,28.0901,8.50827,47.5253
95221,3960,4786,5110,4068,4213,6571,7054,4526,3839,4871,4923,3856,3473,3657,3706,3629,-7.12548,1.00491,8.70048,48.1613
95222,3312,3854,5290,6114,3492,4104,6526,8594,3371,3611,4655,5279,3120,3391,3760,3898,-9.25644,19.0912,8.65207,48.2473
95223,6849,5113,3883,3450,9299,5793,4009,3396,5400,4485,3666,3241,3783,3692,3427,3136,-10.1678,-22.546,8.6178,48.4147
95224,4314,5590,5267,4147,4464,7196,6471,4385,3917,4467,4469,3823,3447,3566,3535,3355,-10.295,-1.07328,8.97686,48.2753
95225,6130,5198,3739,3405,8917,6409,3962,3368,5471,4650,3639,3264,3920,3769,3434,3196,-8.73661,-19.8318,8.87416,48.314
95226,3340,3407,3323,3086,3853,3689,3453,3273,5967,4892,3715,3321,12180,6548,3840,3361,32.9198,-24.0548,8.95973,47.4987
95227,3252,3496,4097,4697,3399,3710,4877,8053,3398,3804,4980,8542,3312,3617,4289,4931,0.713082,30.5089,8.8451,48.3027
95228,8408,8781,4724,3606,5608,5609,4095,3555,4001,3927,3637,3211,3476,3418,3246,3157,-23.4991,-14.1555,8.69565,48.306
95229,3491,4142,5667,5405,3600,4486,7759,6530,3494,3818,4812,4540,3370,3499,3732,3690,-9.43018,12.3408,8.64891,48.0233
95230,4493,3995,3696,3207,6519,5548,3944,3449,7337,6264,3890,3507,4888,4409,3740,3333,1.92982,-17.8106,8.77238,48.146
95231,3412,3458,3422,3044,4003,4174,3617,3400,6154,6460,4316,3567,7030,7739,4404,3552,17.7296,-13.9033,8.64639,47.8347
95232,3225,3312,3449,3303,3286,3656,3893,3655,3866,4593,5327,4627,4025,6143,9804,6019,33.5642,6.62273,8.68,48.122
95233,4121,3994,3672,3198,5722,5645,3959,3495,7008,7100,4300,3584,4716,4676,3865,3395,3.63747,-14.7396,8.88837,48.3
95234,3115,3230,3529,3553,3306,3661,4250,4543,3399,4247,6552,7162,3518,4197,6581,7300,14.8184,16.4444,8.75648,48.0953
95235,3341,3355,3293,3152,3815,3775,3492,3066,6144,4780,3784,3393,12528,6133,4003,3318,28.245,-28.1723,8.74728,47.5813
95236,3591,3477,3320,3121,4080,4097,3530,3337,6396,6043,4089,3538,8015,7447,4383,3577,18.6161,-15.8952,8.69602,48.0273
95237,3435,4188,6159,7263,3489,4118,6432,7712,3295,3645,4369,4470,3172,3294,3561,3599,-13.7582,17.7753,8.54027,48.134
95238,3584,4601,8832,8980,3473,4072,5159,5401,3329,3473,3755,3767,3161,3297,3482,3454,-33.721,15.0891,8.93042,47.88
95239,4371,6956,8792,5260,4104,5167,5587,4352,3477,3659,3896,3687,3139,3456,3410,3310,-22.685,2.75236,8.78278,48.4153
95240,5969,9843,6337,4072,4647,5216,4539,3855,3679,3744,3692,3361,3404,3291,3362,3245,-27.8806,-6.49086,8.93011,48.1707
95241,3178,3301,3339,3243,3386,3495,3886,3801,3749,4392,5461,4662,3973,5736,9881,6735,26.8314,8.53766,8.97256,48.1453
95242,3314,3483,3354,3248,3741,4095,3791,3590,4707,6566,5261,3885,5200,7755,5903,4218,17.2993,-4.5457,8.76447,48.074
95243,3190,3395,3730,3901,3172,3614,4392,5917,3356,3789,5178,9866,3258,3620,4679,6534,8.5211,30.4751,8.84379,47.7273
95244,3388,3976,6670,12201,3460,3726,4924,5951,3278,3539,3776,3977,3096,3350,3314,3250,-30.3486,23.5179,8.76796,47.9173
95245,3489,3732,3635,3457,3997,5160,4243,3593,4947,8134,5678,3971,4444,5400,4627,3794,8.24811,-5.08922,8.94579,48.2007
95246,3469,3934,5689,8062,3461,3929,5700,8628,3444,3589,4156,4739,3122,3324,3521,3711,-14.2621,22.2381,8.61585,48.3187
95247,3212,3514,3606,3492,3564,4029,4716,4173,3779,5088,7955,5368,3776,4686,6251,5097,11.2903,7.6974,8.81595,48.204
95248,3148,3551,4188,4813,3439,3752,4950,8268,3306,3758,5012,8193,3169,3534,4305,4810,0.104964,26.2515,8.85846,48.1307
95249,3500,3588,3579,3281,3905,4491,4222,3623,4578,7506,6252,4099,4479,5740,5188,4091,10.8845,-2.61431,8.55582,48.0813
95250,12540,5896,3861,3483,6374,4734,3720,3393,3866,3731,3392,3303,3366,3409,3160,3155,-26.3251,-29.092,8.93594,47.5887
95251,2997,3249,3455,3245,3273,3421,3761,3986,3280,3672,4731,5991,3454,3995,6363,12580,28.4447,25.8605,8.78735,47.6353
95252,3457,3918,5212,5517,3540,4356,7229,7739,3368,3846,4797,5293,3236,3503,3728,3851,-7.50795,16.2461,8.93511,48.3933
95253,3158,3223,3329,3279,3329,3525,3846,3849,3962,4780,5980,4649,4214,6484,9025,5470,21.9445,5.03866,8.94309,48.068
95254,6511,9745,5629,3739,4848,5317,4450,3677,3692,3847,3628,3449,3311,3396,3242,3110,-33.4979,-8.73196,8.5614,47.7273
95255,3312,3456,3780,3926,3489,3910,5038,5088,3498,4222,7260,7231,3519,4016,5295,5373,7.61948,15.2199,8.51388,48.2753
95256,3210,3297,3466,3737,3203,3531,3973,4901,3363,3854,5291,9464,3373,3759,5195,8502,13.6332,27.6626,8.8504,48.0793
95257,3494,3909,4719,4401,3577,4470,7398,5784,3541,4281,6178,5188,3294,3673,4026,3959,-2.54774,11.1421,8.8117,47.928
95258,3408,3910,4512,4476,3482,4444,6794,6219,3481,4126,6260,5820,3227,3656,4337,4311,-1.00317,13.429,8.5278,48.3087
95259,3745,3663,3377,3272,4482,4731,3827,3442,6569,7402,4461,3525,5630,6060,4275,3585,10.8191,-12.9324,8.5173,48.0307
95260,3294,3372,3327,3210,3786,3949,3584,3394,5151,5700,4337,3781,6731,9274,5313,3903,23.8049,-9.71714,8.55873,48.0707
95261,12172,6311,3861,3375,6559,4843,3786,3359,4029,3838,3361,3302,3386,3356,3092,3098,-25.851,-25.9678,8.67634,47.8187
95262,3661,4030,4353,4120,3943,5307,6912,4659,3723,5245,6638,4454,3589,3988,4119,4012,-0.934513,4.43129,8.90747,48.502
95263,3006,3127,3343,3372,3259,3491,3777,3945,3398,3681,4849,6687,3423,3914,6060,12344,25.0953,29.7517,8.98631,47.784
95264,3599,3477,3244,3169,4733,4141,3589,3103,9155,5308,3832,3435,8780,5252,3857,3348,14.1879,-28.1704,8.89718,48.0147
95265,3151,3216,3424,3472,3216,3314,3845,4013,3394,3687,4687,6006,3375,3831,5915,12833,32.9152,29.7176,8.95936,47.586
95266,6132,9894,5974,3961,4713,5176,4440,3805,3722,3871,3731,3450,3363,3359,3271,3240,-32.9353,-7.30774,8.76542,48.068
95267,3712,4797,6986,5608,3662,4985,7838,5508,3372,3887,4330,4185,3197,3412,3570,3476,-13.9212,9.06487,8.76316,48.35
95268,5610,9204,6592,4211,4543,5687,4765,3869,3625,3865,3744,3445,3262,3271,3381,3222,-22.9016,-5.03986,8.82416,48.1973
95269,4034,5796,9656,6350,3772,4544,5631,4740,3419,3612,3854,3735,3157,3324,3344,3339,-23.9929,7.74965,8.98791,48.2047
95270,3167,3418,3363,3244,3433,3776,3849,3690,4072,5048,5366,4471,4472,7332,8647,5217,23.9345,2.14359,8.72961,48.3767
95271,3371,3556,3589,3332,3699,4222,4103,3671,4485,6822,6593,4229,4490,6222,5821,4314,13.3439,-0.896292,8.94177,48.346
95272,3484,3729,3691,3704,3711,4542,5321,4104,3999,5706,7631,4904,3840,4425,5156,4342,6.33748,4.02278,8.52299,48.1927
95273,3067,3232,3621,3706,3268,3601,4330,4589,3645,4102,6237,8239,3449,3926,5807,7166,13.4838,18.9769,8.74337,47.99
95274,3372,3982,5897,11191,3482,3797,4962,7227,3324,3552,3833,4137,3117,3249,3436,3353,-21.1099,31.6088,8.58183,47.9407
95275,3197,3353,3443,3382,3452,3975,4041,3756,3920,5114,6237,4705,4116,6182,8343,5290,19.2531,4.77606,8.58157,48.3373
95276,6546,6288,4173,3463,7149,7106,4254,3581,4493,4518,3738,3359,3673,3683,3343,3122,-12.686,-15.7168,8.8268,48.326
95277,3186,3313,3627,3742,3184,3654,4451,5065,3371,3974,6016,9047,3325,3862,5326,7118,11.2541,21.7066,8.83508,48.174
95278,3543,4071,5055,4971,3565,4403,7689,6567,3472,3890,5480,4922,3244,3680,3950,3772,-6.23763,12.6757,8.53335,48.1827
95279,3960,5123,5790,4711,4027,6019,7400,4624,3699,4193,4532,3905,3243,3543,3598,3524,-11.29,2.8932,8.64895,47.9273
95280,3547,3880,3614,3532,4291,5422,4566,3769,4933,7809,5734,3909,4274,4886,4387,3715,5.8817,-4.64985,8.73355,48.1787
95281,3131,3403,3754,4096,3426,3632,4467,6237,3332,3757,5111,9708,3317,3796,4689,6186,6.386,30.9606,8.53755,48.028
95282,4699,8196,8390,4868,4069,4929,4932,4107,3522,3694,3792,3499,3243,3440,3230,3222,-27.4619,0.544028,8.81989,47.888
95283,3373,3585,3958,3829,3491,4155,5644,4866,3698,4766,7870,5757,3535,3950,4986,4657,4.81957,10.2408,8.81772,48.08
95284,9022,8744,4616,3469,5346,5116,4076,3490,3976,3850,3483,3178,3361,3279,3246,3154,-30.4651,-15.239,8.63613,47.604
95285,3221,3348,3570,3529,3468,3632,4137,4094,3648,4584,7106,5792,3639,4828,7399,6212,16.0567,10.9176,8.80506,48.138
95286,3523,3468,3523,3234,4083,4246,3771,3468,5302,7038,4746,3795,5672,7697,5096,3705,16.1587,-8.46597,8.57869,48.2447
95287,3487,3453,3316,3190,4457,3974,3438,3300,8135,5065,3824,3331,9730,5634,3919,3479,16.7795,-33.5398,8.69826,47.8213
95288,3389,3377,3336,3168,3957,3739,3472,3265,6049,4731,3814,3248,12375,5935,3844,3424,33.4103,-30.6884,8.62972,47.4153
95289,5519,5302,3966,3436,7229,7292,4373,3610,5079,4863,3873,3402,3767,3709,3393,3201,-7.97707,-15.2257,8.84294,48.0093
95290,3302,3374,3230,3228,3818,3886,3576,3265,5133,5368,4242,3537,7789,9521,4851,3611,33.907,-12.5104,8.78656,47.8207
95291,8974,5762,4021,3361,8372,5545,3877,3439,4528,4084,3564,3249,3608,3517,3278,3089,-16.1836,-23.8824,8.55992,48.1787
95292,4893,4265,3541,3223,8606,5036,3914,3282,7853,5031,3706,3391,4714,4093,3587,3245,-0.89869,-26.6529,8.58445,48.2533
95293,3459,3757,3912,3660,3656,4446,5416,4283,3931,5531,8103,4991,3793,4447,5191,4323,6.28605,5.49704,8.83755,48.5993
95294,4705,4644,3939,3354,6338,7423,4333,3603,5347,5786,4157,3562,4018,4049,3530,3415,-3.48788,-13.0389,8.6207,48.1353
95295,6271,9508,5866,4014,4910,5736,4626,3715,3772,3869,3672,3417,3264,3457,3396,3079,-23.7426,-7.83824,8.55209,48.3813
95296,3253,3215,3444,3468,3203,3446,3744,3925,3330,3816,4543,5992,3353,3824,5743,12564,33.7495,31.0182,8.61239,47.242
95297,4308,6928,8837,5309,3979,4890,5652,4360,3472,3710,3949,3685,3237,3374,3374,3309,-23.0329,3.45282,8.58452,48.2487
95298,3129,3288,3540,3774,3401,3506,4251,4810,3320,4012,5925,8855,3404,3844,5539,7493,12.5086,21.4165,8.98542,48.0607
95299,3445,3818,4352,4399,3518,4266,6523,6138,3628,4129,6500,5906,3334,3650,4214,4299,-0.390165,13.4647,8.57962,48.0793
95300,5397,6605,4703,3709,5506,7863,4915,3810,4107,4567,3816,3419,3477,3535,3351,3260,-12.5031,-8.74335,8.9676,48.0267
95301,3291,3733,4902,6586,3384,3798,5185,9628,3313,3603,4456,5720,3202,3283,3765,3939,-8.12379,28.5538,8.51299,47.8587
95302,4101,5854,7117,4751,4087,5635,7138,4633,3501,3935,4146,3843,3304,3489,3509,3387,-15.2516,3.75202,8.7753,48.2867
95303,3358,3855,5765,11319,3340,3868,4996,7268,3259,3417,3862,4085,3013,3230,3411,3471,-20.9858,32.3638,8.76288,47.678
95304,3623,3522,3412,3262,4262,4593,3811,3366,6096,7594,4535,3642,5798,6477,4530,3587,12.666,-11.5628,8.59675,48.0733
95305,3609,3487,3285,3049,4535,3991,3533,3163,8063,5235,3858,3420,9761,5903,3988,3528,17.5569,-25.0192,8.60046,48.272
95306,3401,3300,3175,3186,3889,3846,3486,3221,5895,5057,3892,3427,11212,7414,4147,3590,31.3081,-20.8003,8.69178,48.092
95307,3499,4119,6426,9929,3414,3852,5315,7125,3261,3467,3965,4311,3117,3156,3426,3486,-19.6723,21.9432,8.63226,47.912
95308,3622,3611,3450,3266,4397,4606,3865,3493,6437,7859,4505,3733,5765,6138,4283,3611,11.4224,-12.0719,8.73155,48.4273
95309,5865,7049,4767,3722,5940,7402,4714,3706,4173,4339,3747,3308,3520,3623,3388,3155,-14.3359,-11.0447,8.60532,48.2787
95310,3146,3300,3313,3341,3222,3563,3867,4058,3516,4024,5109,5372,3579,4608,8825,9110,32.2205,15.5958,8.84859,47.9687
95311,3712,3590,3321,3055,4825,4104,3677,3249,9198,5147,3758,3380,8861,5198,3849,3355,14.3145,-29.0563,8.67816,48.186
95312,3442,4334,6350,6976,3478,4132,6610,7379,3324,3718,4340,4529,3093,3320,3617,3529,-13.9632,16.8854,8.89477,48.114
95313,3352,3952,6435,11856,3302,3767,4728,5993,3229,3465,3899,3870,3177,3408,3487,3421,-31.9942,24.021,8.5408,47.5607
95314,3291,3594,3835,3703,3618,4278,5359,4459,3690,4930,8185,5577,3728,4232,5236,4631,6.78024,8.52185,8.83107,48.2307
95315,3125,3270,3310,3427,3200,3443,3897,4082,3211,3862,4986,5993,3214,4050,6617,11996,33.9317,23.2901,8.73165,47.7887
95316,3167,3362,3547,3561,3376,3651,4450,4402,3619,4342,7466,6824,3636,4253,6388,6429,12.8191,14.1284,8.77492,48.3153
95317,3274,3528,3812,3688,3579,4294,5005,4258,3735,5447,7937,5222,3743,4574,5608,4580,8.38149,6.69144,8.76428,48.1893
95318,5481,4425,3631,3308,9025,5142,3823,3468,7304,4591,3713,3270,4401,3951,3451,3216,-3.47501,-27.7529,8.54135,48.1333
95319,3454,4215,7695,10332,3486,3895,4991,5717,3247,3545,3915,3933,3079,3288,3337,3495,-32.4219,18.6981,8.50277,47.7493
95320,3434,3950,6636,11801,3417,3815,4868,5899,3250,3477,3822,3988,3144,3285,3331,3397,-33.6296,23.338,8.76106,47.676
95321,5380,7893,5542,3963,4887,6893,5109,3972,3799,4138,3835,3553,3347,3413,3360,3184,-17.37,-6.12667,8.72093,48.1787
95322,3324,3871,5490,9563,3404,3855,5129,8561,3181,3498,4066,4382,3049,3222,3503,3498,-16.3712,33.5221,8.82789,47.7307
95323,3116,3315,3603,3724,3314,3533,4320,5292,3474,3828,5768,9302,3377,3866,5255,7376,11.2349,23.7382,8.68718,48.3087
95324,3313,3671,4373,5420,3377,3747,5299,9368,3241,3707,4816,6850,3125,3395,3920,4309,-4.03212,25.0312,8.76264,47.954
95325,3359,4343,7560,8577,3471,4073,5775,6354,3236,3585,3932,4111,3066,3341,3532,3374,-19.5396,16.9123,8.9429,47.7927
95326,3431,3857,5359,6011,3455,4149,6874,8055,3327,3709,4708,5105,3185,3425,3878,3827,-9.21414,17.1418,8.73608,48.2367
95327,3580,4736,7794,6510,3672,4443,6766,5919,3359,3697,4122,4095,3130,3321,3511,3451,-17.3869,11.9399,8.75383,48.0707
95328,3249,3581,3824,3734,3514,3971,5138,4668,3581,4595,7798,6314,3636,4050,5616,5052,8.02719,11.6861,8.58552,48.214
95329,5541,5437,4097,3515,7382,7331,4261,3506,4963,5053,3730,3375,3819,3673,3548,3169,-8.59961,-15.1022,8.72151,48.2667
95330,3553,3427,3311,3151,4192,4005,3549,3315,7939,5161,3843,3290,10097,5721,3949,3416,18.3365,-33.382,8.56712,47.946
95331,3130,3166,3369,3435,3173,3454,3767,3989,3363,3748,4836,6273,3366,4141,6760,11760,25.865,23.4515,8.76854,47.82
95332,3664,4547,6916,5913,3668,4512,7540,6171,3416,3864,4327,4191,3106,3436,3561,3501,-13.9767,11.7692,8.92864,48.222
95333,3179,3280,3380,3360,3368,3409,3848,3817,3452,3678,4711,5896,3357,3895,6065,12597,30.3131,32.2469,8.52496,47.528
95334,4233,4027,3408,3112,6882,4743,3623,3358,9313,5216,3768,3338,5497,4454,3684,3322,4.54989,-27.0917,8.67106,47.9853
95335,3371,3341,3258,3059,3885,3851,3615,3326,5197,6072,4382,3619,6734,9174,5370,3882,21.6168,-10.0032,8.96477,48.0907
95336,3060,3198,3389,3370,3278,3458,3770,3864,3369,3749,4766,5944,3402,3952,6075,12864,30.5992,29.1254,8.99646,47.672
95337,3446,3514,3369,3166,4054,4241,3823,3412,5438,7193,4930,3808,5665,7582,5124,3847,16.1717,-8.3647,8.55727,48.408
95338,3449,3327,3229,3127,3995,3898,3389,3267,6065,4945,3837,3306,11498,7071,4074,3350,33.5622,-21.3722,8.73644,47.8847
95339,4320,3956,3617,3106,6954,5009,3769,3361,8864,5680,3856,3487,5189,4475,3658,3294,3.57219,-22.3396,8.71796,48.3967
95340,3949,4530,4378,3772,4396,7031,5909,4161,4167,5701,5155,3820,3687,4037,3848,3575,-3.44418,-2.39459,8.92707,48.0773
95341,3106,3346,3476,3553,3160,3474,4098,4521,3416,3842,5200,8588,3478,3917,5477,9287,15.8299,25.165,8.94261,47.9593
95342,3456,4311,6573,7789,3557,4016,6255,7289,3252,3600,4130,4450,3131,3329,3525,3597,-16.1512,17.7722,8.62109,48.1733
95343,5038,4279,3511,3287,9124,4947,3773,3309,7507,4697,3669,3283,4501,3994,3410,3260,-2.51078,-31.1222,8.87044,47.726
95344,3480,3459,3215,3054,3957,3836,3506,3221,6742,5171,3841,3473,10396,6725,4217,3390,21.6411,-21.7382,8.55857,47.7887
95345,5025,4351,3568,3306,8799,5455,3845,3311,7194,4915,3745,3455,4346,4087,3501,3272,-2.50389,-23.0854,8.89064,48.1167
95346,5028,5036,3833,3384,7149,7390,4307,3524,5384,5310,3848,3391,4018,3911,3555,3223,-5.65964,-14.5909,8.67378,48.194
95347,3507,3683,3331,3132,4272,4603,3905,3423,6146,7762,4621,3598,5666,6466,4419,3659,12.1832,-11.5492,8.88178,48.1287
95348,3203,3354,3757,3701,3252,3690,4372,5151,3445,3950,5935,9228,3326,3995,5413,7076,10.9096,21.9849,8.81382,48.5653
95349,5118,8869,7529,4471,4283,5219,4921,4043,3622,3687,3662,3575,3269,3284,3373,3105,-26.6123,-2.0993,8.7199,48.02
95350,4926,4216,3550,3331,8517,5016,3863,3290,7938,4898,3809,3364,4483,4081,3501,3273,-1.11246,-32.4241,8.83034,48.0373
95351,3477,3457,3294,2983,4006,3853,3591,3271,5495,5732,4160,3447,8285,8858,4692,3644,23.1186,-14.2841,8.8044,48.1633
95352,3451,4139,6515,8487,3517,3955,5901,7337,3277,3556,4096,4248,3166,3229,3530,3579,-16.6545,19.3481,8.81438,47.9887
95353,3334,3829,6010,12695,3355,3775,4604,5865,3341,3386,3787,3827,3201,3253,3460,3460,-30.99,30.1572,8.73014,47.4547
95354,3202,3551,4043,4539,3351,3606,4816,7578,3536,3797,5114,8840,3293,3565,4346,5209,2.37132,30.6215,8.74063,48.2573
95355,3289,3700,4122,4033,3546,4204,6143,5437,3705,4341,7256,6174,3414,3876,4602,4473,2.46339,12.4791,8.93264,48.21
95356,4149,3794,3417,3206,6659,4529,3612,3278,9660,5243,3763,3375,5989,4440,3702,3315,5.71281,-28.4987,8.56809,48.0873
95357,10220,5641,3931,3581,7847,5167,3875,3381,4270,4066,3515,3332,3418,3444,3262,3088,-17.9581,-33.3561,8.97089,48.0253
95358,4053,5793,8365,5518,3876,4939,6499,4864,3347,3760,4063,3841,3283,3458,3481,3324,-18.8448,6.0015,8.68019,48.3093
95359,3299,3313,3233,3065,3732,3800,3579,3557,4518,5192,4573,3917,5679,9728,6627,4152,30.6978,-5.16112,8.95406,47.976
95360,3126,3388,3561,3755,3294,3453,4286,5322,3295,3808,5212,9946,3424,3837,4875,7384,10.8031,29.3777,8.7027,47.9773
95361,3434,3445,3373,3263,3664,3840,3825,3406,4485,5797,5000,3962,5082,8726,6632,4317,21.5568,-3.70801,8.80871,48.1673
95362,3399,3821,6086,12636,3397,3918,4759,5864,3190,3411,3777,3986,3168,3192,3397,3464,-30.1903,32.2923,8.59468,47.6433
95363,12200,5994,3888,3306,6612,4857,3800,3321,3980,3810,3426,3262,3464,3383,3203,3118,-24.821,-29.6964,8.6252,47.7493
95364,3406,3445,3178,3220,3949,3917,3505,3326,5747,5225,3899,3343,9879,8001,4305,3419,33.2353,-17.6969,8.53156,47.8427
95365,3721,3639,3333,3132,5269,4267,3526,3384,9963,5206,3764,3397,7255,4950,3760,3395,10.7338,-31.653,8.78516,47.974
95366,3230,3548,3977,4218,3364,3845,5172,6475,3411,3961,6011,8567,3404,3590,4654,5257,4.17263,20.0414,8.72825,48.456
95367,11482,7188,4115,3388,5978,4992,3961,3448,3835,3811,3600,3209,3433,3439,3284,3051,-27.7869,-21.7641,8.69911,48.1427
95368,3279,3504,3487,3473,3636,3963,4303,3767,4019,5796,7006,4444,4088,5774,6802,4721,14.9302,2.99815,8.74429,48.0413
95369,3141,3250,3413,3216,3396,3787,3861,3752,3949,4785,5707,4497,4417,6448,9080,5529,23.4705,4.87366,8.61624,48.152
95370,3277,3883,4794,5453,3461,3919,6329,8795,3402,3656,4999,6232,3181,3473,3884,4074,-5.47074,20.2459,8.99385,48.5413
95371,3380,4383,8324,9918,3486,4047,5016,5570,3299,3608,3801,4026,3171,3254,3347,3367,-32.1497,16.8754,8.94944,47.998
95372,3432,4419,7232,10175,3544,4025,5466,6365,3333,3435,3921,4018,2966,3159,3420,3493,-22.5864,19.5429,8.61972,48.2687
95373,4172,6104,7110,4704,4063,5862,6835,4545,3559,3903,4179,3761,3197,3386,3463,3314,-15.6306,2.64485,8.99088,48.1047
95374,3398,3859,6034,12857,3310,3690,4668,6116,3141,3433,3722,3966,3144,3239,3230,3489,-32.6239,29.6018,8.94677,47.5307
95375,12820,5895,3877,3347,5808,4773,3716,3445,3820,3689,3368,3299,3303,3400,3337,3153,-32.3922,-33.0358,8.93875,47.3667
95376,4301,5945,5878,4216,4370,6622,6657,4383,3849,4286,4379,3649,3348,3548,3485,3424,-12.9068,-0.208778,8.96019,48.2267
95377,3220,3439,3440,3349,3565,3966,4102,3791,4050,5635,6473,4543,4360,6229,7220,4961,17.3339,2.89068,8.51593,48.2287
95378,3355,3400,3378,3259,3845,4092,3773,3474,4635,6270,5260,4019,5248,7974,6012,4186,18.6279,-3.92455,8.6176,48.12
95379,3697,3981,3863,3587,4120,5390,5322,4129,4287,6558,6473,4318,3834,4605,4504,3780,3.14889,-0.164099,8.68575,48.2987
95380,3316,3635,3652,3441,3740,4423,4853,4079,4087,6135,7562,4847,3964,4957,5428,4406,9.08399,3.42987,8.82093,48.35
95381,3413,3948,6463,12501,3466,3759,4698,5972,3204,3383,3849,4002,3083,3246,3369,3341,-29.3774,25.2932,8.77773,47.798
95382,3369,3833,5115,8498,3375,3726,5197,9426,3212,3456,4066,5056,3212,3355,3555,3653,-13.3923,29.4182,8.98752,48.0693
95383,3277,3282,3279,3281,3629,3737,3603,3481,4459,5179,4513,3888,5476,9631,6942,4142,29.0433,-4.55219,8.98756,47.866
95384,3464,3470,3131,3156,4133,4092,3630,3416,6182,6048,4182,3565,8169,7620,4439,3564,19.0957,-15.4779,8.5449,48.174
95385,3647,3529,3305,3128,4721,4126,3427,3289,9268,5060,3865,3386,8487,5210,3897,3361,13.8205,-31.0664,8.8427,47.804
95386,6504,5258,3936,3361,8683,6186,3923,3473,5205,4513,3670,3287,3824,3687,3410,3143,-9.97397,-20.1474,8.53071,48.042
95387,4111,4214,3668,3241,5332,6223,4196,3523,5940,7660,4452,3544,4563,4504,3860,3468,2.58879,-11.7033,8.94574,48.3327
95388,3602,4483,8561,9642,3511,3960,5195,5639,3256,3446,3815,3880,3178,3187,3428,3370,-27.6253,16.6606,8.96362,48.102
95389,4094,5803,7057,4864,3963,5693,6927,4606,3549,4121,4240,3819,3262,3572,3584,3444,-15.4559,3.57265,8.73096,48.3987
95390,3227,3407,3692,3774,3286,3712,4588,4994,3467,4121,6782,8159,3388,3997,5539,6345,10.2783,18.0165,8.7215,48.3187
95391,4283,4345,3918,3431,5840,7120,4438,3610,5555,6479,4175,3524,4194,4187,3685,3360,-1.02603,-11.7927,8.95508,48.096
95392,8587,5568,3984,3315,8838,5342,3903,3403,4614,4176,3568,3234,3432,3508,3289,3128,-14.6722,-33.9531,8.58418,47.926
95393,3454,4071,4764,4876,3444,4374,7437,6846,3356,4088,5503,5294,3230,3595,4072,3992,-4.95772,13.8628,8.53618,48.264
95394,3576,4878,9234,8381,3520,4201,5207,5321,3280,3477,4000,3814,3185,3281,3395,3336,-29.5144,13.395,8.52315,48.0573
95395,4763,6296,5254,3957,4888,7429,5900,4026,3902,4423,4070,3623,3434,3601,3513,3318,-12.6198,-3.92055,8.65715,48.2647
95396,5930,9242,6128,4125,4682,5840,4651,3762,3740,3864,3702,3461,3372,3364,3362,3123,-22.7129,-6.39159,8.67045,48.232
95397,3095,3236,3492,3506,3305,3744,4368,4235,3597,4609,6992,6099,3615,4667,7362,6445,15.484,12.2259,8.89671,48.2447
95398,3353,3722,4375,4689,3517,4071,6294,7282,3389,4038,5708,6475,3217,3646,4174,4441,-1.59696,17.2332,8.87486,48.2607
95399,3811,4274,4488,3937,4140,6019,6667,4443,3976,5418,5957,4221,3760,3918,4089,3704,-2.11049,1.54008,8.56321,48.548
95400,3369,3941,5621,10247,3374,3731,5020,8032,3236,3459,3990,4310,3108,3200,3532,3496,-18.3546,29.8611,8.65668,47.7773
95401,7336,8409,4865,3680,5669,5937,4236,3633,3920,3995,3549,3293,3453,3472,3324,3153,-20.7154,-13.1998,8.61594,47.9493
95402,3397,3409,3357,3075,4289,3974,3484,3237,7313,5153,3926,3386,10302,6284,4048,3394,19.8357,-23.9375,8.77458,48.0187
95403,3198,3282,3934,4091,3214,3726,4616,6601,3349,3822,5029,9732,3278,3713,4518,5758,5.45148,29.791,8.72281,47.9073
95404,4693,7279,7657,4793,4134,5480,5577,4221,3620,3770,3814,3704,3309,3448,3357,3271,-21.1627,0.479484,8.87045,48.0847
95405,3339,3880,6258,12468,3342,3791,4823,6043,3234,3348,3754,3970,3099,3313,3404,3441,-33.7227,26.1019,8.87357,47.6713
95406,3835,4024,3684,3429,4575,5999,4685,3684,5048,7693,5228,3779,4255,4834,4160,3572,3.81258,-6.29808,8.81534,48.3227
95407,3426,3850,5773,10966,3319,3754,5127,7620,3144,3468,4020,4295,3103,3184,3420,3444,-19.8649,28.3169,8.77855,47.942
95408,3241,3390,3358,3304,3614,3891,3915,3629,4123,5565,5827,4155,4468,7548,7670,4784,20.1288,0.525468,8.97602,48.3213
95409,3116,3349,3553,3508,3252,3545,4107,4688,3331,3863,5280,9076,3327,3861,5305,8668,14.3609,33.4204,8.96652,47.886
95410,3707,4464,5455,4654,3887,5410,8058,5099,3618,4211,5116,4283,3342,3615,3746,3586,-8.08696,6.54209,8.82564,48.1673
95411,3058,3389,3605,3762,3318,3548,3992,4578,3324,3921,5435,8843,3307,3884,5689,8722,15.1684,24.3088,8.64337,48.25
95412,3298,3321,3272,3254,3524,3725,3714,3405,4129,5026,5042,4270,4748,8430,8084,4744,28.3644,-0.379195,8.76612,47.9907
95413,3095,3460,3869,4191,3251,3745,4648,6412,3396,3892,5445,9449,3194,3665,4638,5600,5.11639,23.7821,8.79174,47.9667
95414,8457,5335,3702,3360,9228,5242,3854,3406,4741,4078,3551,3268,3573,3601,3316,3154,-13.8489,-33.1029,8.79391,47.9107
95415,4638,4077,3504,3217,7728,4881,3657,3364,8982,4976,3733,3326,5112,4278,3441,3204,1.73756,-32.2233,8.77156,48.0787
95416,4081,5214,5899,4493,4209,6043,7342,4712,3732,4285,4509,3961,3388,3475,3637,3525,-11.1635,2.86423,8.68197,48.3367
95417,3168,3430,3633,3751,3352,3625,4506,4584,3549,4249,6823,7595,3484,4097,5993,6434,11.8759,16.6195,8.64649,48.182
95418,3687,3539,3255,3166,5109,4179,3572,3212,9682,5281,3892,3503,7587,5223,3668,3431,11.6496,-33.4628,8.98748,47.9907
95419,3555,3553,3395,3137,4424,4380,3682,3396,6411,7312,4303,3452,6324,6718,4470,3548,13.9194,-13.0472,8.82031,48.04
95420,3194,3206,3406,3354,3344,3653,3858,3714,3709,4264,5649,4996,3799,5296,9392,7268,24.2555,10.8886,8.64815,48.068
95421,4883,4701,3767,3358,6735,6948,4262,3638,5728,5877,4134,3454,4147,4103,3591,3289,-3.43007,-14.8393,8.64083,48.41
95422,3764,4263,4858,4350,3655,5209,7906,5085,3537,4452,5685,4509,3339,3741,3969,3699,-4.89526,6.83392,8.59272,48.014
95423,3818,3697,3348,3200,5503,4336,3549,3253,9869,5229,3782,3460,7118,4946,3768,3303,9.62455,-30.1963,8.79609,48.1193
95424,3317,3417,3216,3072,3954,3723,3566,3176,6311,4703,3779,3437,12611,5993,3881,3345,28.163,-28.5385,8.74623,47.6673
95425,3360,4100,5151,5135,3523,4486,7632,6614,3444,3994,5302,4811,3300,3528,3967,3922,-6.71928,12.7686,8.62061,48.1793
95426,6843,5058,3849,3226,9400,5732,3993,3281,5598,4316,3643,3252,3928,3709,3498,3115,-9.41742,-24.227,8.99588,48.294
95427,4285,3955,3435,3174,6415,4876,3728,3334,8769,5869,3966,3368,5537,4587,3722,3317,4.75782,-21.2758,8.78066,48.2247
95428,3700,4882,8408,7016,3728,4430,6301,5546,3362,3702,4120,3994,3071,3267,3433,3341,-19.7124,11.893,8.52948,48.2007
95429,3472,3943,4818,4602,3710,4761,8004,5699,3605,4266,5734,4791,3301,3620,3942,3938,-4.54185,9.79868,8.69439,48.1373
95430,3340,3432,3660,3477,3499,3993,4568,4273,3690,5036,7927,5635,3736,4608,6442,5215,11.9324,9.08102,8.58052,48.354
95431,3278,3553,4141,4859,3424,3754,4963,8606,3352,3782,4881,7908,3283,3530,4157,4546,-0.868677,32.5725,8.97072,48.0113
95432,3733,5122,8982,7034,3635,4375,6120,5273,3229,3672,3985,3832,3240,3317,3404,3426,-21.5392,10.9653,8.85441,48.2527
95433,3456,3523,3214,3210,3955,3802,3542,3273,6045,5265,4025,3482,9857,7800,4363,3489,23.2853,-18.0122,8.73533,48.2007
95434,3399,3498,3500,3355,3835,4418,4130,3773,4506,6759,6485,4286,4348,5820,5770,4326,12.258,-0.402242,8.53806,48.1387
95435,10879,6378,4001,3415,7174,5102,3871,3430,4170,3931,3560,3182,3370,3325,3200,3117,-20.9769,-23.8205,8.93083,48.07
95436,3255,3255,3452,3316,3317,3573,3960,3941,3626,4472,6033,5247,3804,5308,9022,6660,21.2438,9.86728,8.97278,48.1607
95437,3414,3322,3166,3141,3758,3706,3457,3332,6006,4794,3730,3397,12495,6024,3909,3414,28.2362,-33.8154,8.82944,47.3767
95438,4733,8306,8566,4704,4198,4971,5018,4203,3552,3777,3719,3575,3207,3227,3376,3306,-33.6379,0.17161,8.99443,48.292
95439,4787,6910,6277,4371,4471,6532,5885,4164,3735,4206,3954,3481,3457,3594,3482,3321,-16.0632,-1.83677,8.64319,48.418
95440,3148,3310,3736,3695,3331,3630,4347,5112,3361,3867,5696,9261,3380,3755,5161,7295,11.5909,23.2266,8.82326,48.0567
95441,3246,3691,4191,4229,3418,3799,5475,6749,3454,3953,6255,7671,3295,3636,4516,4936,2.11402,18.9685,8.58635,48.3427
95442,4801,4141,3492,3288,8110,4894,3824,3228,8180,5016,3785,3264,4891,4212,3549,3306,0.380717,-26.5346,8.65819,47.9873
95443,3192,3175,3371,3346,3248,3469,3919,4228,3358,3810,5125,7335,3351,3868,5744,11069,20.1083,33.6261,8.81489,47.7387
95444,3766,4828,9064,8031,3670,4164,5419,5347,3308,3492,3982,3987,3220,3263,3413,3366,-24.9137,13.124,8.50984,48.2133
95445,7125,4863,3728,3260,9791,5209,3718,3246,5474,4422,3585,3328,3851,3700,3433,3167,-9.76248,-28.7755,8.75508,47.9333
95446,3357,3925,6324,9451,3338,3933,5634,7491,3247,3556,4023,4357,3166,3185,3477,3440,-18.3226,21.4238,8.8735,47.936
95447,4003,3710,3339,3330,5714,4634,3665,3322,9062,5914,3879,3385,6276,4894,3765,3419,8.25237,-22.5427,8.55302,48.2073
95448,5269,4326,3571,3256,9197,5310,3710,3325,7220,4787,3785,3314,4420,4045,3446,3139,-2.88913,-25.9131,8.84047,48.08
95449,3079,3288,3276,3428,3350,3503,3890,3966,3609,4063,5305,5404,3678,4893,9014,8198,27.163,13.6323,8.50092,47.9627
95450,3986,6004,9848,6367,3564,4409,5584,4847,3398,3609,3828,3827,3123,3217,3341,3301,-24.8867,7.39279,8.79742,48.1687
95451,4697,7378,6957,4481,4445,5984,5679,4189,3698,3999,3940,3587,3348,3416,3330,3251,-18.9521,-1.26585,8.61859,48.2527
95452,3265,3478,4244,5005,3220,3768,4961,8656,3265,3707,4815,7899,3251,3569,4166,4686,-1.11676,30.0482,8.67905,47.97
95453,3265,3248,3351,3262,3524,3794,3725,3584,4201,4946,5005,4030,5056,8638,7902,4714,28.7692,-1.2394,8.6141,48.1633
95454,3116,3178,3442,3492,3304,3419,3837,4267,3400,3857,5099,7918,3432,3970,5823,10754,18.732,27.063,8.94267,48.2053
95455,9096,5398,3718,3464,9024,5260,3797,3440,4635,4086,3557,3276,3563,3463,3285,3144,-15.1132,-31.7951,8.85145,48.1373
95456,3181,3338,3334,3269,3564,3865,3721,3536,4077,4978,5056,4297,4477,7785,8670,4940,33.789,1.4604,8.75667,48.0587
95457,3268,3520,3525,3348,3777,4340,4301,3788,4267,6447,6811,4486,4274,5720,5892,4434,12.8588,0.697132,8.63685,48.132
95458,3410,3822,4994,7623,3397,3718,5391,9807,3343,3611,4048,5181,3096,3313,3559,3748,-11.6916,28.0015,8.87962,48.0407
95459,4674,4092,3528,3343,8194,5028,3714,3296,8257,5004,3731,3315,4888,4144,3531,3283,0.279434,-27.5304,8.85134,48.0147
95460,10904,7481,4258,3384,5939,5112,3902,3448,3886,3833,3552,3288,3470,3346,3144,3096,-26.0129,-20.1743,8.81382,48.0287
95461,3526,3726,4326,4054,3713,4884,6491,4766,3824,5028,7142,4885,3566,3984,4420,4127,1.00657,6.31974,8.65617,48.308
95462,3424,3819,5914,12397,3347,3787,4712,5934,3224,3313,3694,3921,3216,3280,3564,3428,-32.5274,30.7698,8.51807,47.316
95463,4091,3969,3587,3368,5285,5736,3976,3558,6620,7278,4375,3513,4699,4972,3826,3493,4.28774,-13.5922,8.57976,48.2307
95464,5241,4355,3644,3298,9039,5033,3730,3411,7278,4757,3735,3351,4364,4035,3504,3278,-2.54429,-28.1497,8.55947,48.0353
95465,3313,3416,3378,3193,3845,3906,3620,3303,5023,5923,4365,3657,6684,9291,5357,3876,23.1095,-10.027,8.87375,48.1
95466,3234,3463,3385,3192,3713,3867,3698,3414,4615,5130,4428,3845,6121,9932,6077,4068,31.9513,-6.69177,8.65818,48.1213
95467,8384,9374,4801,3567,5246,5133,4183,3484,3697,3913,3461,3227,3378,3394,3356,3127,-33.1767,-13.3604,8.98819,47.8167
95468,3474,3546,3255,3049,4308,3989,3575,3344,6948,5931,3949,3563,8516,6990,4194,3480,18.1714,-18.0432,8.74219,48.074
95469,4724,6880,6270,4431,4498,6338,5919,4170,3601,4057,4022,3684,3335,3437,3513,3273,-16.2322,-1.39068,8.56116,48.1013
95470,5708,4540,3616,3299,9382,5691,3750,3336,6533,4765,3750,3194,4209,3884,3504,3210,-5.36342,-23.4414,8.84404,48.2473
95471,4773,5077,3970,3574,6086,7781,4706,3610,4954,5462,4021,3536,3881,3977,3583,3329,-5.8516,-10.9105,8.52903,48.2133
95472,5288,5290,3950,3501,7117,7471,4411,3465,4954,5180,3929,3466,3910,3838,3578,3301,-7.51912,-14.6638,8.78526,48.4327
95473,3360,3321,3261,3159,3930,3880,3443,3146,6441,4914,3713,3305,12163,6115,4002,3370,25.7726,-29.8093,8.56635,47.682
95474,4351,4159,3538,3157,6606,5530,3782,3363,7504,6098,3959,3441,4813,4534,3726,3347,1.90317,-18.7165,8.99611,47.9387
95475,3305,3362,3382,3045,3701,3928,3607,3306,4811,5309,4296,3789,6598,10115,5609,3857,32.8104,-8.91198,8.90701,48.0133
95476,5027,6592,4925,3818,5111,7725,5397,3928,4022,4623,4048,3492,3579,3507,3502,3233,-12.5626,-6.5647,8.68666,48.3527
95477,3844,5656,8765,5946,3821,4774,6356,4972,3255,3685,3928,3763,3117,3305,3428,3388,-19.6804,7.22752,8.82594,48.002
95478,11239,5795,3925,3322,7431,5114,3803,3263,4060,3822,3459,3226,3471,3421,3236,3188,-20.2194,-32.7218,8.96111,47.85
95479,5428,9346,6931,4344,4502,5136,4777,4002,3529,3681,3636,3527,3296,3358,3268,3242,-29.7513,-3.97397,8.57009,48.002
95480,3255,3342,3431,3240,3477,3673,3808,3451,4058,4858,4963,4199,4607,8027,8631,5030,28.1274,0.943875,8.68307,48.0333
95481,3723,3592,3292,3127,4457,4292,3632,3364,7784,6746,4071,3397,6949,6149,4161,3587,13.3272,-17.1717,8.88904,48.2153
95482,3955,4778,5593,4636,3813,5670,8004,4900,3594,4232,4908,4098,3312,3519,3768,3435,-9.7668,5.3984,8.64854,48.1433
95483,5282,7323,5218,3871,5093,7129,5012,3931,3898,4178,3903,3510,3459,3388,3492,3209,-15.3084,-6.2454,8.55889,47.9307
95484,3839,5034,9031,6942,3657,4316,5983,5276,3315,3591,3887,3818,3098,3379,3426,3393,-21.8371,11.0063,8.54216,47.99
95485,4213,6708,9689,5621,3823,4456,5233,4502,3484,3649,3782,3574,3112,3356,3379,3355,-28.8421,4.95219,8.85702,47.9573
95486,3280,3436,3448,3263,3645,3863,4100,3709,3996,5502,5931,4545,4425,6708,7790,4916,18.9577,2.07984,8.92726,48.3713
95487,3666,4736,8719,8388,3600,4084,5543,5556,3237,3703,3935,3857,3155,3345,3308,3524,-24.2295,14.4554,8.52412,48.2373
95488,3187,3277,3831,4122,3288,3647,4617,6188,3317,3816,5377,9588,3368,3711,4660,6019,6.47934,25.5599,8.7991,48.0087
95489,4867,8265,7677,4676,4200,5290,5251,4022,3506,3919,3878,3580,3219,3341,3397,3249,-23.5635,-0.678611,8.70944,48.2247
95490,3362,3321,3275,3323,4394,4064,3481,3283,8520,5066,3890,3290,9732,5470,3913,3363,16.9453,-32.4272,8.94568,47.8313
95491,3077,3470,3595,3694,3283,3761,4671,4524,3605,4435,7368,6733,3530,4245,6146,5903,11.7817,13.3698,8.57962,48.0267
95492,5194,7372,5669,3921,4937,7146,5182,3924,3944,4181,4003,3471,3475,3435,3358,3267,-15.735,-5.51086,8.86757,48.3193
95493,3034,3320,3522,3653,3293,3566,4287,4499,3595,4300,6684,6938,3563,4291,6672,6985,14.6995,15.4971,8.5558,48.1347
95494,6899,5340,4028,3396,8991,5945,3924,3446,4999,4422,3604,3228,3721,3623,3462,3061,-10.6857,-21.553,8.72592,48.0593
95495,3472,3456,3185,3228,4595,4095,3532,3233,8664,5269,3730,3320,9389,5659,3873,3389,15.9773,-26.7975,8.86951,48.0593
95496,3726,3930,3979,3574,4002,5483,5552,3994,4107,6462,6661,4364,3816,4498,4365,3960,3.00164,0.46767,8.83861,48.3153
95497,3383,3810,5540,9347,3430,3840,5177,8598,3173,3599,4006,4518,3077,3225,3444,3538,-16.1164,31.2461,8.90697,47.8033
95498,3060,3269,3386,3427,3238,3513,3805,3863,3410,3862,4568,5978,3402,3850,5878,12487,30.5163,32.7175,8.65067,47.3307
95499,2936,3419,3565,3652,3297,3441,4106,4770,3419,3942,5915,8634,3393,4013,5553,7806,13.5477,21.7701,8.88866,47.9073
95500,6255,9489,5962,3857,4802,5906,4537,3833,3888,3898,3735,3431,3367,3301,3310,3138,-22.8757,-7.75042,8.9763,48.4727
95501,5057,4417,3725,3266,7732,6165,3968,3265,6759,5444,3917,3313,4244,4063,3457,3263,-2.51559,-18.9631,8.91841,48.0367
95502,9689,5452,4026,3368,8588,5210,3769,3377,4422,4010,3568,3200,3488,3518,3229,3109,-16.6859,-32.8087,8.93437,48.0153
95503,3755,4532,4882,4154,4012,6027,7433,4542,3714,4768,5349,4141,3568,3728,3963,3656,-5.38213,3.03125,8.99031,48.1493
95504,3170,3215,3501,3560,3137,3525,4170,4447,3355,3784,5165,8694,3428,3858,5606,9294,15.8805,32.2511,8.63863,47.9393
95505,7318,7826,4506,3480,6104,6585,4326,3471,4164,4101,3691,3307,3552,3468,3277,3162,-17.8121,-14.0423,8.88334,48.2253
95506,3342,3338,3247,3211,3505,3829,3642,3686,4288,5055,4731,4052,5023,8775,7734,4596,29.5097,-1.83926,8.63576,48.036
95507,3303,3903,5316,8828,3417,3886,5174,8956,3265,3562,4133,4803,3146,3272,3550,3563,-14.682,30.5383,8.72426,48.0513
95508,12319,6318,3781,3264,5987,4865,3760,3474,3951,3866,3476,3239,3457,3390,3181,3166,-33.2592,-26.1438,8.60357,47.6627
95509,3334,3687,4160,4454,3317,3967,5876,6448,3513,4092,6420,7017,3411,3732,4388,4718,1.60374,17.1422,8.61047,48.356
95510,3584,3388,3289,3261,4768,4085,3510,3317,8933,5339,3809,3383,8761,5387,3849,3502,14.542,-25.8519,8.90979,48.11
95511,4974,4188,3671,3255,8618,4871,3713,3386,7943,4906,3692,3325,4591,4032,3494,3311,-1.01229,-30.043,8.56174,47.98
95512,7847,6009,3968,3377,8075,6246,4103,3353,4682,4205,3633,3244,3639,3549,3386,3084,-14.2018,-19.5904,8.91417,48.2667
95513,3416,3384,3145,3245,3886,3686,3343,3284,6294,4745,3773,3460,12037,6010,4001,3444,25.378,-33.17,8.50268,47.4353
95514,3178,3426,3876,3863,3374,4113,5285,4664,3772,4683,8271,6145,3502,4088,5271,4821,7.10571,10.3558,8.9981,48.2213
95515,3648,4890,8838,8160,3624,4187,5674,5553,3422,3543,3840,3852,3125,3272,3397,3325,-23.7865,13.8641,8.59043,48.2333
95516,3692,3561,3421,3025,4886,4202,3546,3338,9240,5270,3800,3402,8373,5128,3839,3357,13.7218,-29.9906,8.50472,48.0533
95517,10088,6397,4059,3256,7447,5401,3883,3399,4189,3956,3586,3200,3474,3556,3259,3122,-19.25,-22.239,8.58685,48.1813
95518,3312,3263,3189,3229,3552,3767,3903,3591,4035,4954,5476,4391,4382,6901,8673,5191,23.429,3.22864,8.59616,47.8727
95519,3237,3504,4115,4632,3421,3654,4870,7701,3308,3656,4908,8488,3182,3661,4243,5106,1.521,27.8935,8.54207,47.7907
95520,3364,3919,5850,12450,3458,3787,4776,6014,3156,3461,3668,4012,3177,3194,3323,3384,-32.6234,31.1126,8.52126,47.3287
95521,12717,6173,3867,3395,6072,4704,3711,3304,3907,3834,3457,3268,3373,3366,3151,3092,-29.4748,-28.4875,8.84115,47.594
95522,3358,3355,3229,3169,3906,3812,3603,3230,5683,4993,3950,3443,10115,8212,4413,3418,28.8118,-17.7083,8.64105,47.926
95523,3588,4093,5187,4753,3677,4798,7960,5776,3614,4192,5405,4737,3309,3618,3871,3666,-6.28328,9.90468,8.58335,48.1627
95524,3412,3300,3279,3058,4020,3846,3390,3184,6070,4637,3832,3327,12395,6277,3871,3359,30.8069,-27.0611,8.5486,47.5047
95525,10898,7257,4144,3279,6353,5185,3952,3368,4011,3744,3489,3231,3313,3291,3267,3061,-24.0603,-20.4061,8.91035,47.8953
95526,3423,3802,4980,7111,3389,3826,5096,9683,3318,3542,4306,5414,3222,3339,3544,3754,-10.3228,31.1221,8.60013,47.8327
95527,3585,3860,3701,3463,4001,4936,4938,3996,4199,6866,6813,4232,4119,4821,4784,4038,6.47344,-0.287514,8.72082,48.2347
95528,12635,6154,3950,3353,6301,4740,3601,3381,3997,3810,3413,3238,3493,3329,3238,3092,-27.3068,-27.6131,8.87826,47.8167
95529,3081,3184,3388,3468,3275,3462,3755,4064,3327,3832,4921,6683,3453,4054,6305,11809,24.1489,24.9429,8.98977,48.0407
95530,3683,3695,3425,3116,4557,4629,3739,3342,7010,7394,4379,3584,6033,6105,4188,3584,11.5197,-14.4781,8.79026,48.3087
95531,4220,3966,3459,3226,6330,4941,3688,3445,8411,6156,3922,3461,5333,4615,3665,3311,4.52077,-19.8395,8.76104,48.0993
95532,3469,3589,3909,3677,3545,4268,5211,4374,3843,5352,7871,5177,3697,4360,5302,4627,7.11594,6.75907,8.52153,48.1807
95533,3251,3718,4581,5621,3371,3868,5678,9312,3346,3652,4729,6418,3110,3405,3871,4229,-5.044,23.4918,8.90433,48.1067
95534,4794,4743,3918,3491,6873,7086,4332,3511,5469,5740,4000,3409,4135,4010,3637,3317,-4.13491,-14.4732,8.83744,48.31
95535,3407,4094,5563,6018,3472,4234,7091,7410,3378,3838,4847,4855,3223,3514,3756,3652,-9.85129,15.8366,8.58905,48.2347
95536,3586,3456,3261,3188,4679,4105,3473,3323,9340,5160,3735,3442,8271,5265,3956,3323,13.5379,-33.1197,8.97265,47.7087
95537,3190,3359,3575,3603,3434,3789,4431,4234,3550,4461,7582,6172,3741,4504,6811,6089,13.5663,11.5635,8.8569,48.35
95538,3338,3527,4018,4706,3404,3792,5025,8150,3375,3756,4948,8549,3273,3588,4064,4803,0.346081,32.0669,8.77561,48.2107
95539,3266,3587,4028,4358,3141,3743,5027,6796,3310,3869,5541,8532,3395,3750,4369,5365,3.34248,22.4948,8.65375,48.0513
95540,3194,3423,3439,3353,3554,3890,4100,3829,3961,5221,6603,4778,4193,5952,7713,5212,17.4498,4.41699,8.65926,48.2767
95541,3290,3325,3369,3309,3593,3757,3993,3727,3930,5236,5979,4539,4311,6722,8167,5275,20.6881,3.247,8.56631,48.348
95542,3904,5649,9784,6661,3799,4331,5526,4789,3298,3628,3803,3782,3140,3206,3449,3237,-25.5135,8.82647,8.97943,47.9907
95543,5066,8154,6575,4375,4455,6044,5376,4156,3874,3877,3789,3515,3168,3280,3279,3243,-20.0508,-2.90442,8.99853,48.1507
95544,3413,3330,3292,3136,3988,3947,3653,3270,5806,6075,4227,3509,7582,8191,4790,3684,19.9938,-13.7185,8.72598,47.9287
95545,7152,4952,3804,3381,9881,5233,3846,3393,5419,4247,3653,3274,3801,3708,3266,3197,-10.2616,-30.533,8.73483,48.138
95546,5740,7422,4978,3852,5508,7230,4635,3823,3985,4317,3857,3462,3474,3428,3348,3225,-15.4792,-9.09142,8.85697,48.1893
95547,4837,5589,4208,3632,5855,8040,4833,3723,4479,5099,4015,3542,3785,3758,3419,3227,-8.52554,-9.6193,8.86306,48.0273
95548,3544,4053,5057,4635,3664,4987,8041,5710,3447,4218,5475,4628,3321,3614,3923,3816,-6.26441,9.3069,8.81348,48.0887
95549,3163,3464,3595,3621,3205,3753,4444,4506,3427,4213,7178,7192,3511,4173,6176,6581,12.5254,15.5023,8.84869,48.1347
95550,3333,3184,3392,3360,3322,3616,3816,3735,3625,4433,5236,4837,3845,5758,9907,6592,28.551,8.65694,8.53836,47.994
95551,3332,3672,4372,4336,3488,3966,6145,6234,3463,4117,6528,6560,3425,3592,4331,4558,0.472463,15.2761,8.77255,48.0793
95552,4547,6313,5408,4147,4679,7044,6145,4100,3847,4340,4196,3638,3409,3492,3478,3296,-12.8793,-2.65834,8.72766,48.0527
95553,3543,3481,3342,3063,4436,3908,3477,3354,7958,4988,3829,3386,10380,5684,3869,3457,18.4254,-29.9243,8.68832,48.1033
95554,3401,3351,3226,3127,4007,3851,3391,3168,6015,4784,3812,3379,12202,6330,3928,3264,33.5857,-25.105,8.52716,47.4907
95555,3153,3281,3492,3491,3274,3503,4088,4495,3417,3905,5613,8050,3350,3950,5890,9069,16.5575,22.1216,8.79078,48.014
95556,3265,3945,5740,10458,3279,3901,5068,7890,3177,3469,3907,4330,3041,3269,3397,3535,-18.5081,27.1554,8.68604,47.7807
95557,3483,3965,5663,7175,3406,4080,6281,8414,3316,3609,4262,4929,3115,3396,3648,3678,-12.3462,19.4468,8.79662,48.28
95558,3222,3275,3419,3331,3524,3709,3777,3655,3876,4698,5176,4500,4020,6587,9661,5777,29.0948,5.37502,8.5451,48.138
95559,3201,3237,3369,3359,3415,3626,3870,3746,3610,4362,5093,5000,3772,5498,9866,6835,32.0308,9.4489,8.53831,47.906
95560,4019,5122,5042,4218,4354,6826,7005,4363,3812,4656,4706,3938,3430,3673,3666,3544,-8.14306,-0.0303662,8.73036,48.2493
95561,3491,4558,8558,9481,3556,3921,5046,5564,3313,3553,3845,3789,3115,3250,3397,3443,-30.4043,16.3455,8.63698,47.92
95562,8006,9437,4886,3595,5196,5337,4119,3543,3813,3891,3656,3392,3368,3431,3256,3091,-33.4421,-12.8865,8.85516,48.0113
95563,3210,3186,3272,3442,3229,3502,3923,3955,3424,3899,4952,5776,3460,4273,7912,10495,33.465,18.8265,8.75051,47.94
95564,3119,3343,3827,3963,3279,3620,4499,5819,3430,3901,5691,9310,3311,3889,4811,6283,8.19686,23.2224,8.50644,48.0633
95565,3830,4059,3536,3336,4898,5669,4326,3637,5754,7807,4807,3575,4520,4886,4017,3580,4.57889,-10.0738,8.71055,48.158
95566,3180,3299,3370,3370,3427,3621,3748,3724,3864,4410,5175,4737,4047,6109,9868,6171,31.2275,6.981,8.64666,48.08
95567,4567,4088,3481,3230,7983,4771,3722,3365,8698,4927,3808,3368,5068,4225,3473,3258,1.13892,-29.0294,8.83152,48.0213
95568,9745,5560,3849,3394,8117,5091,3809,3377,4393,3923,3469,3203,3400,3373,3304,3162,-17.5553,-28.3351,8.71206,47.446
95569,3758,4515,4610,3987,4027,6193,6911,4474,3907,5260,5536,4123,3606,3793,3895,3674,-3.81075,1.8524,8.87839,48.1793
95570,10030,7952,4465,3456,5790,5129,4026,3370,3960,3720,3554,3280,3532,3423,3246,3027,-27.7062,-17.9353,8.58124,47.9733
95571,3452,3768,4719,5763,3382,3884,5849,8963,3392,3674,4640,6072,3251,3448,3927,4088,-5.96567,21.9154,8.50851,48.1813
95572,8974,5685,3874,3517,8574,5391,3899,3273,4610,3968,3532,3209,3655,3523,3231,3105,-15.6129,-23.8893,8.9933,48.0133
95573,4164,3878,3447,3230,6651,4588,3609,3173,9704,5217,3863,3278,5726,4573,3601,3305,5.19044,-26.9043,8.88049,48.0047
95574,3665,3545,3378,3121,4951,4111,3565,3169,9518,5337,3754,3242,8143,5130,3977,3315,12.5358,-30.0285,8.62823,47.9473
95575,10447,7839,4250,3490,5584,5086,4031,3369,3858,3737,3449,3282,3410,3387,3238,3172,-32.6271,-18.6745,8.90139,47.7527
95576,3844,3721,3437,3130,5491,4332,3593,3113,9841,5179,3820,3349,7260,4884,3809,3346,10.161,-29.2489,8.65232,48.0993
95577,4777,7609,6853,4562,4489,5889,5566,4195,3629,3941,3978,3650,3319,3473,3296,3241,-19.0712,-1.21351,8.72743,48.3113
95578,3568,3513,3331,3157,4849,4248,3594,3229,9564,5183,3914,3329,8039,5222,3722,3279,12.7749,-33.3043,8.91452,47.8273
95579,3532,4257,7881,10621,3410,3981,4996,5764,3174,3392,3903,3940,3131,3178,3387,3345,-28.3552,18.6816,8.80714,47.928
95580,3556,4108,5039,4502,3722,5013,8120,5462,3512,4305,5509,4544,3328,3515,3931,3867,-5.55292,8.31285,8.7838,48.022
95581,3945,3855,3569,3209,5461,4964,3813,3413,7599,6931,4219,3555,5437,4944,4016,3454,6.65639,-16.7431,8.59163,48.256
95582,3588,4455,8114,10216,3529,4128,5057,5623,3292,3573,3677,4007,3074,3162,3432,3385,-27.6999,17.7978,8.84065,48.208
95583,5421,4481,3633,3252,9327,5433,3819,3369,6973,4735,3727,3249,4354,3853,3488,3187,-3.75109,-24.4293,8.95506,48.2007
95584,3882,3688,3331,3256,5117,4915,3814,3307,7442,7203,4248,3544,5767,5328,3995,3453,8.95369,-16.0112,8.80065,48.1933
95585,3380,3450,3240,3219,3951,3797,3406,3237,5881,4987,3981,3365,10936,7484,4106,3428,33.5663,-19.8326,8.90645,47.8987
95586,3405,3967,6891,11740,3358,3693,4969,5902,3215,3491,3812,3953,3118,3272,3366,3387,-31.8283,22.4857,8.5751,47.6927
95587,12756,6104,3976,3411,6014,4716,3764,3360,3860,3820,3406,3191,3396,3371,3292,3190,-28.4585,-31.0375,8.53943,47.7513
95588,3814,4877,6507,5086,3887,5239,8012,5058,3520,3991,4587,4058,3180,3456,3587,3425,-12.6192,6.68751,8.91279,48.1893
95589,10691,5683,4058,3389,7970,4984,3781,3376,4304,3911,3464,3240,3435,3421,3203,3113,-18.8692,-30.2201,8.94854,48.0153
95590,3302,3787,4818,5897,3418,3813,5870,9133,3232,3697,4691,6084,3129,3420,3914,4170,-6.34322,22.1332,8.74971,48.25
95591,3228,3342,3784,3819,3266,3634,4350,5832,3442,3960,5221,10042,3315,3701,4829,6334,7.99499,32.9101,8.88398,48.066
95592,10458,6584,4130,3375,7213,5153,3865,3413,4174,3860,3504,3310,3500,3398,3255,3061,-20.0908,-22.456,8.78543,48.1687
95593,3404,4011,4809,4587,3633,4718,8027,6023,3592,4164,5774,4907,3252,3596,3999,3952,-4.52473,10.6933,8.95301,48.2987
95594,3364,3764,5962,12752,3421,3652,4709,6117,3212,3460,3728,3903,3138,3360,3404,3450,-33.6948,28.4503,8.7448,47.5973
95595,3541,4056,5875,6010,3628,4441,7436,7059,3472,3757,4643,4698,3176,3456,3727,3728,-10.7407,14.3854,8.63168,48.4687
95596,3391,3301,3231,3187,3893,3701,3531,3290,5418,4950,3973,3535,9627,8671,4413,3415,30.9335,-16.3721,8.85334,47.6847
95597,4320,4494,3985,3482,5368,7258,4538,3649,5291,6565,4358,3605,4128,4164,3775,3354,-1.07312,-10.2657,8.54355,48.2227
95598,3200,3287,3488,3703,3322,3567,4095,4928,3383,3720,5473,9249,3254,3848,5210,8217,13.2881,25.8047,8.91347,47.9627
95599,3361,3771,4826,6752,3378,3928,5543,9801,3245,3704,4331,5598,3156,3370,3753,3900,-9.25361,24.7828,8.89791,48.278
95600,3183,3306,3404,3262,3363,3559,3737,3701,3657,4387,5478,4708,3869,5698,9820,6707,26.121,8.69182,8.7602,47.8927
95601,3409,3292,3278,3138,4032,3707,3459,3170,6476,4853,3799,3393,12362,6131,3947,3397,25.0479,-28.1026,8.84652,47.8953
95602,3565,3502,3277,2987,4879,4067,3541,3284,8946,5318,3798,3392,8764,5486,3885,3379,14.4109,-26.7269,8.68818,48.0467
95603,3248,3638,4416,5161,3388,3865,5571,8742,3328,3681,5014,7098,3233,3519,4090,4201,-2.73734,22.6057,8.9309,48.1287
95604,8494,5193,3878,3445,9251,5421,3793,3374,4917,4081,3569,3182,3628,3450,3405,3099,-13.5319,-27.1027,8.88145,48.12
95605,4644,4150,3568,3357,7706,4979,3646,3252,8504,4997,3786,3361,5007,4258,3663,3330,1.30168,-27.8486,8.55065,48.1387
95606,3405,3907,6118,12433,3284,3754,4760,6387,3106,3464,3957,3852,3190,3299,3351,3363,-25.8277,29.7652,8.93572,47.7533
95607,3385,3701,3448,3445,3750,4312,4206,3862,4389,6758,6584,4453,4331,5920,5684,4344,12.5455,-0.495311,8.69722,48.3813
95608,3665,3540,3338,3118,4670,4116,3463,3278,9194,5242,3727,3292,8915,5206,3927,3364,14.4911,-29.0103,8.81552,48.0367
95609,3482,4498,7073,6854,3565,4420,6760,6367,3442,3819,4169,4225,3201,3218,3534,3588,-15.6518,13.9447,8.75027,48.1433
95610,3302,3298,3430,3518,3281,3565,3867,4011,3351,3909,4922,7074,3441,3994,5863,11592,21.7625,29.9363,8.53532,48.2787
95611,3311,3347,3462,3360,3588,3733,4156,3882,3933,5049,6984,4968,4029,5535,7858,5398,17.1074,6.22744,8.98214,48.3953
95612,3321,3817,5589,9322,3317,3855,5347,8842,3201,3407,3983,4459,3146,3208,3546,3441,-15.8007,26.5632,8.7971,47.8673
95613,3148,3459,3741,3925,3359,3632,4558,5224,3450,3940,6299,8766,3452,3886,5171,6560,9.88942,19.9808,8.79681,48.38
95614,4279,4117,3557,3233,6577,5528,3906,3481,7570,6260,3931,3455,4978,4614,3626,3302,2.43824,-18.1088,8.93519,48.276
95615,4285,3993,3459,3192,6633,5040,3824,3304,8576,5891,3876,3333,5357,4529,3559,3363,3.90392,-21.3999,8.51479,48.1427
95616,3614,3926,4062,3598,3896,5307,5347,4084,4236,6598,6752,4198,3854,4568,4512,3878,3.46662,0.345904,8.75345,48.2867
95617,3369,3405,3329,3080,3835,3783,3414,3097,6072,4690,3821,3331,12969,6045,3897,3300,28.4539,-30.9673,8.99503,47.6247
95618,3255,3610,4246,4669,3412,3862,5485,7562,3405,3947,5537,7512,3338,3502,4231,4638,-0.280106,20.1509,8.97989,48.1407
95619,3800,5320,9499,7173,3776,4377,5740,4930,3353,3577,3927,3846,3108,3258,3373,3287,-24.5036,10.2949,8.7022,48.2293
95620,3492,3336,3304,3124,3995,3774,3363,3238,6057,4784,3852,3296,12246,6305,3949,3308,33.3205,-26.201,8.76576,47.6153
95621,3564,3626,3598,3460,3789,4493,4550,3882,4261,6918,6986,4291,4165,5367,5371,4207,9.62849,0.440492,8.93096,48.352
95622,3313,3453,3559,3483,3714,4221,4284,3845,4333,6230,7067,4381,4278,5639,6086,4429,12.7414,1.59129,8.64965,48.21
95623,3317,3729,4694,5723,3496,3832,5749,8966,3224,3708,4728,6283,3160,3473,3849,4139,-5.87079,22.4945,8.59971,48.0467
95624,5530,5840,4210,3460,6540,7729,4674,3648,4519,4836,3753,3422,3679,3754,3424,3109,-10.4491,-12.1805,8.5242,48.0847
95625,7139,8204,4784,3616,5631,6282,4366,3606,3994,4046,3630,3428,3396,3451,3282,3138,-19.4706,-12.1575,8.53721,47.9953
95626,3150,3570,4287,4878,3452,3789,5499,7932,3442,3780,5377,7663,3173,3624,4130,4611,-0.328845,22.4189,8.69061,48.238
95627,5606,8392,5866,3932,4861,6468,4943,3946,3831,4043,3793,3500,3330,3519,3340,3154,-19.0094,-6.54806,8.74173,48.3493
95628,7190,9867,5280,3885,4966,5351,4306,3656,3774,3955,3618,3325,3349,3378,3272,3129,-28.6599,-10.3081,8.75911,48.2007
95629,3325,3743,4972,7125,3322,3956,5660,9693,3207,3593,4312,5285,3140,3382,3719,3709,-10.8795,25.2372,8.82793,48.0953
95630,3027,3378,3584,3548,3319,3739,4283,4272,3577,4172,6352,7066,3586,4197,6674,7505,16.0759,16.6277,8.76331,48.186
95631,4431,3874,3571,3240,7099,4877,3728,3376,8981,5252,3819,3336,5364,4444,3602,3226,3.27356,-24.5846,8.62145,48.1467
95632,3421,3742,4676,5084,3475,4158,6366,8112,3388,3750,5316,6116,3208,3577,3924,4236,-4.33906,18.5682,8.84755,48.366
95633,3510,3577,3720,3439,3726,4363,4863,3958,4020,6311,7552,4671,3953,4861,5521,4446,9.44008,2.76722,8.75432,48.3273
95634,3667,3520,3231,3156,4443,3975,3549,3259,8220,5417,3872,3510,9346,5832,3931,3352,16.6237,-23.484,8.5215,48.1867
95635,3152,3260,3438,3350,3257,3603,3830,3840,3552,4128,5434,5288,3692,4967,9103,8246,25.3671,13.7125,8.91463,48.0933
95636,3576,4106,5531,5151,3535,4687,8022,6557,3287,3875,4989,4693,3240,3476,3679,3772,-8.52601,12.2552,8.91485,48.1173
95637,3062,3273,3280,3549,3202,3537,3932,4194,3379,3783,5046,7688,3510,3967,5807,10840,19.5826,26.9102,8.79475,48.0327
95638,3685,3623,3352,3086,4826,4387,3664,3230,8738,6122,4017,3454,7181,5515,3944,3390,12.0511,-20.1541,8.99089,48.1427
95639,6888,6802,4338,3649,6619,6760,4317,3563,4322,4157,3676,3329,3582,3473,3390,3124,-15.0974,-14.8714,8.92004,47.9927
95640,3536,3695,3729,3563,3804,4761,4866,3874,4256,6643,6919,4484,4026,4968,5097,4026,7.49783,0.43363,8.74591,48.1647
95641,7507,5227,3827,3377,9417,5804,3840,3381,5012,4141,3544,3176,3712,3687,3377,3191,-12.0858,-24.6011,8.57907,48.1467
95642,3547,3611,3209,3223,4303,4336,3692,3397,6887,6971,4284,3513,6886,6804,4336,3604,14.7239,-14.7945,8.95724,48.402
95643,3325,3835,6088,12575,3354,3784,4675,6016,3244,3389,3903,3918,3165,3253,3410,3346,-32.3252,27.3626,8.74813,47.52
95644,3255,3926,5965,12792,3426,3756,4728,6165,3253,3378,3757,3941,3158,3230,3406,3366,-29.8601,29.6812,8.87474,47.668
95645,3069,3344,3331,3306,3488,3661,3851,3723,3833,4514,5600,4641,4095,6301,9649,5854,25.2112,6.37671,8.7417,48.1733
95646,5080,6896,5223,4111,4748,7405,5452,3876,3886,4362,4051,3619,3442,3645,3448,3311,-14.2249,-5.59045,8.65037,48.37
95647,3819,3727,3390,3057,5504,4420,3645,3272,10113,5338,3810,3407,6778,4720,3743,3264,9.15463,-28.1147,8.93448,48.0047
95648,3434,3341,3269,3086,3923,3813,3473,3229,6525,4952,3818,3375,12168,6511,4012,3338,26.0935,-24.6942,8.77693,48.178
95649,4794,4215,3484,3303,8143,5208,3817,3274,8075,5074,3659,3382,4751,4330,3536,3076,0.0110317,-24.6818,8.73456,48.0807
95650,3085,3291,3363,3385,3276,3505,3857,3891,3473,4056,5270,5377,3536,4603,8790,9014,31.9488,15.1088,8.70131,47.848
95651,3892,3638,3433,3149,5186,4699,3747,3383,8166,6760,4099,3428,6178,5186,3874,3514,9.30853,-18.0093,8.75598,48.2213
95652,6500,8776,5206,3849,5302,6334,4555,3588,4003,3982,3705,3413,3435,3420,3265,3181,-20.1203,-9.8424,8.91041,48.3427
95653,3348,4110,6837,10580,3437,3860,5240,6636,3266,3542,3937,4078,3071,3236,3446,3442,-22.2327,22.2515,8.51572,48.044
95654,3413,3369,3206,3016,3907,3831,3428,3210,6543,4986,3786,3416,11736,6503,4137,3396,24.161,-23.9384,8.81983,47.922
95655,3152,3407,3655,3943,3275,3622,4342,5791,3437,3755,5533,9792,3327,3784,4806,6809,9.02569,26.8102,8.59647,48.2867
95656,4098,5186,5973,4484,4106,6159,7509,4686,3694,4199,4459,3877,3414,3587,3683,3405,-11.3201,3.05287,8.91802,48.346
95657,3439,4052,5876,12439,3393,3806,4580,5857,3192,3381,3619,3739,3300,3374,3392,3362,-31.565,33.8333,8.94273,47.2007
95658,3375,3874,5283,8621,3364,3902,5222,8912,3296,3563,4083,4773,3096,3376,3494,3632,-14.4988,28.8896,8.53332,47.9107
95659,3207,3561,4045,4561,3266,3709,4855,7747,3405,3756,5198,8843,3302,3569,4302,5114,2.06825,27.8224,8.64007,48.2933
95660,3295,3357,3280,3159,3818,3758,3627,3449,4776,5358,4583,3763,6182,9774,6180,4061,27.5847,-6.79141,8.65127,48.28
95661,3113,3243,3399,3303,3250,3614,3858,4026,3446,4196,5477,5894,3598,4683,8022,8743,22.9361,15.9385,8.50857,47.91
95662,7722,5091,3664,3411,9690,5317,3914,3269,4923,4305,3640,3207,3655,3620,3330,3243,-11.7307,-33.481,8.89327,48.0007
95663,3724,3847,3450,3200,4984,4925,3879,3327,6930,7534,4389,3556,5506,5519,4057,3555,8.81119,-13.8757,8.72778,48.2547
95664,3255,3345,3337,3210,3410,3764,3795,3623,3814,4766,5364,4470,4256,6900,9314,5546,26.0789,4.18818,8.90583,48.1127
95665,3152,3328,3690,3697,3350,3530,4232,5119,3343,3870,5196,9703,3335,3839,5100,7456,11.5248,32.5542,8.71923,47.96
95666,3064,3203,3491,3438,3228,3620,3937,4419,3481,3993,5946,7713,3437,4193,6207,8760,16.8279,20.2218,8.59678,48.0867
95667,4849,7103,5801,4102,4839,6901,5576,3984,3895,4154,3984,3521,3349,3606,3438,3208,-15.4906,-3.74397,8.56238,48.2067
95668,3129,3187,3288,3318,3278,3445,3846,3891,3319,3900,4981,6093,3405,4180,7376,11246,26.5946,20.3278,8.94527,47.9213
95669,3448,3766,3996,3692,3767,4606,5557,4347,3825,5375,7741,4988,3718,4261,4941,4208,4.88438,5.21988,8.78793,48.1573
95670,11825,6172,4026,3294,7102,4928,3830,3286,4000,3803,3374,3252,3403,3363,3207,3128,-22.2069,-28.5425,8.55948,47.9953
95671,4434,5403,4898,4014,4811,7524,6219,4000,4065,4745,4402,3742,3468,3683,3514,3396,-9.32215,-2.84791,8.54472,48.212
95672,3335,3790,5610,9980,3303,3787,5077,8213,3219,3582,3973,4396,3124,3141,3374,3459,-17.2368,30.7508,8.99829,47.5753
95673,12465,6393,3948,3250,6232,4763,3739,3260,4121,3816,3464,3195,3355,3480,3221,3123,-27.39,-26.9099,8.72056,47.8833
95674,3537,3733,3764,3539,3820,4805,5050,3923,4123,6522,7257,4439,3918,4899,4998,4062,6.69518,1.14832,8.84567,48.2593
95675,5736,9589,6634,4149,4597,5312,4667,3848,3673,3735,3713,3504,3269,3362,3328,3139,-28.63,-5.3511,8.8095,48.17
95676,3179,3485,4106,4569,3344,3746,4924,7082,3376,3867,5371,8728,3256,3624,4326,5281,2.50535,24.4448,8.53885,48.176
95677,3332,3346,3254,3184,3881,3704,3424,3194,6076,4788,3775,3426,12688,6027,3856,3393,29.806,-31.5663,8.68016,47.5653
95678,3391,3722,4565,6061,3302,3762,5268,9966,3308,3658,4331,6205,3206,3356,3800,4021,-6.65536,30.2807,8.63131,47.948
95679,3320,3476,3440,3268,3661,4057,4022,3777,4209,5935,6690,4477,4178,6069,7075,4816,15.9942,2.4076,8.90806,48.3133
95680,12128,6134,3923,3344,6518,4864,3722,3442,4168,3868,3442,3262,3445,3350,3164,3128,-24.1609,-27.6035,8.63289,47.9347
95681,8834,9193,4615,3465,5363,5259,4020,3612,3891,3798,3589,3318,3289,3469,3233,3169,-26.3738,-14.4614,8.96083,48.078
95682,6709,8587,5084,3793,5379,6460,4541,3741,3951,4066,3636,3344,3347,3350,3308,3168,-19.7666,-10.5877,8.59827,48.3093
95683,3549,4515,8229,9211,3450,4005,5484,5964,3320,3450,3911,4036,3150,3294,3363,3435,-22.9693,16.6666,8.74165,48.244
95684,3528,4454,7793,10073,3396,3964,5060,5861,3370,3514,3834,3950,3247,3190,3388,3304,-26.5345,18.465,8.50027,47.9507
95685,5342,4362,3704,3281,9262,4921,3776,3376,7068,4789,3668,3345,4392,4000,3314,3274,-3.71499,-32.6528,8.96317,47.916
95686,3140,3519,4113,4611,3432,3599,4787,7454,3318,3836,5164,8808,3183,3643,4395,5141,2.35322,26.4647,8.56442,48.0953
95687,6106,9697,6249,4050,4610,5497,4608,3852,3782,3923,3585,3373,3314,3441,3281,3088,-25.2494,-6.54533,8.89816,48.304
95688,3330,3465,3316,3060,3998,3779,3389,3257,6319,4732,3745,3443,12412,6062,3993,3396,27.0078,-28.6982,8.62183,47.7973
95689,3205,3819,5406,7499,3395,3849,5714,9160,3318,3612,4407,5033,3100,3263,3624,3710,-12.0437,23.3667,8.7517,48.076
95690,3439,3329,3193,3031,3915,3734,3583,3327,5612,5162,4052,3344,9688,8422,4512,3536,26.2074,-16.6621,8.87642,47.9193
95691,3030,3261,3422,3428,3229,3457,3893,4226,3322,3728,5031,7930,3315,3917,5834,10839,18.976,30.7083,8.89894,47.908
95692,3380,3405,3280,3201,4416,3963,3570,3219,7859,5189,3837,3304,9935,5869,4050,3339,18.2762,-25.7443,8.51267,47.8773
95693,3134,3284,3401,3511,3244,3442,3789,4096,3461,3784,4989,7373,3393,3978,5974,11389,20.8911,33.0278,8.66719,48.1613
95694,3466,3894,5596,9493,3423,3761,5184,8531,3252,3525,4029,4455,3153,3192,3515,3582,-16.3201,26.6926,8.95072,48.034
95695,4021,3854,3397,3203,6274,4589,3745,3368,9960,5243,3853,3427,5848,4703,3697,3224,6.11072,-32.8343,8.79968,48.2707
95696,3429,3321,3117,3174,3937,3845,3417,3166,5990,4958,3858,3397,11787,7070,4116,3438,26.2694,-22.1895,8.87853,48.0133
95697,3899,5902,10184,6350,3782,4547,5168,4602,3362,3600,3745,3675,3142,3317,3403,3304,-32.7401,7.53279,8.83523,47.988
95698,3437,3512,3238,3127,4039,3938,3500,3279,5998,6095,4209,3470,8030,8012,4552,3564,19.8525,-14.8596,8.80554,48
95699,3116,3360,3732,3898,3277,3657,4348,5719,3313,3765,5328,10236,3251,3739,4873,6585,8.26067,29.7659,8.97872,48.1313
95700,3367,3871,5422,9432,3285,3822,5139,8484,3305,3540,4029,4518,3112,3238,3578,3516,-16.1063,32.9561,8.91926,47.772
95701,4339,4186,3601,3245,6543,5659,3920,3386,7405,6317,4032,3409,4818,4429,3787,3344,2.14788,-17.4954,8.89611,48.28
95702,3410,4279,5944,5742,3560,4508,7755,6790,3468,3886,4689,4535,3211,3416,3707,3667,-10.7278,13.3388,8.93537,48.378
95703,3680,4773,9134,8441,3461,4074,5427,5531,3384,3588,3777,3931,3092,3286,3417,3348,-24.8421,14.1044,8.80003,48.2293
95704,4154,4698,4106,3577,5233,7618,5007,3809,4554,6014,4599,3688,3962,4022,3835,3423,-3.08856,-7.03106,8.54973,48.1993
95705,3365,3342,3266,3140,3930,3760,3454,3246,5876,4762,3739,3359,12742,6123,3845,3315,33.9205,-26.7686,8.98909,47.5093
95706,3421,3854,4959,7090,3366,3881,5228,9793,3190,3653,4312,5350,3229,3255,3673,3723,-10.4232,33.2764,8.62695,47.9847
95707,3718,4869,8662,7231,3516,4418,6247,5584,3337,3610,3962,3932,3141,3282,3454,3343,-20.1416,12.0652,8.82354,48.204
95708,3935,5793,10121,6638,3767,4409,5243,4657,3288,3732,3798,3654,3220,3251,3373,3385,-28.3898,8.32044,8.83787,48.176
95709,3698,3476,3336,3104,4836,4177,3528,3305,9056,5243,3771,3339,8527,5293,3802,3193,14.0708,-28.1583,8.74327,47.7893
95710,3057,3261,3373,3530,3097,3535,3971,4371,3431,3841,5105,8079,3370,3967,5881,10168,18.2827,26.4755,8.59279,48.0247
95711,4336,5254,4471,3740,4930,8046,5684,3898,4283,5301,4450,3578,3607,3766,3618,3359,-6.87375,-5.08161,8.92926,48.214
95712,3338,3372,3276,3381,3571,3778,3790,3532,4069,4992,4928,4093,4767,8728,7834,4677,33.6634,-1.09427,8.8529,48.084
95713,3475,4519,8263,9150,3542,4097,5555,6002,3344,3527,3864,3884,3014,3391,3390,3490,-22.6734,16.5278,8.91305,48.338
95714,3182,3324,3304,3409,3243,3398,3800,3986,3327,3778,4712,6077,3375,3930,6177,12606,33.5743,26.7529,8.99121,47.752
95715,3378,3402,3268,3120,3765,3879,3683,3373,5017,5186,4270,3611,6806,10157,5427,3785,32.4448,-9.56133,8.80844,48.0847
95716,3118,3159,3333,3319,3144,3476,3799,3966,3357,3709,4836,6811,3388,4081,6181,11972,23.2215,26.1042,8.89819,47.766
95717,3305,3763,5128,7918,3436,3823,5248,9403,3248,3600,4205,4828,3145,3222,3607,3655,-12.7439,32.8006,8.53368,47.6893
95718,4671,4669,3789,3434,6037,7201,4490,3635,5339,6026,4212,3580,4145,4136,3669,3369,-2.56848,-12.0183,8.77027,48.268
95719,12193,5971,4035,3377,6399,4774,3800,3527,4042,3821,3374,3307,3342,3328,3082,3184,-25.5958,-33.7078,8.57468,47.704
95720,5933,4499,3853,3342,9669,5233,3870,3403,6182,4502,3562,3241,4038,3939,3397,3310,-6.41467,-33.617,8.65417,47.982
95721,3227,3824,5384,8412,3537,3844,5314,9199,3271,3558,4141,4769,3180,3320,3475,3607,-13.6742,33.0261,8.7304,48.0413
95722,4323,6844,9423,5479,4004,4659,5177,4530,3380,3589,3878,3607,3091,3315,3305,3270,-27.8475,4.28546,8.56086,47.916
95723,8167,5309,3780,3388,9288,5163,3768,3301,4905,4219,3606,3290,3696,3640,3340,3222,-12.9541,-30.6467,8.50125,48.0547
95724,3112,3244,3415,3460,3345,3510,3791,3944,3576,4030,5281,5318,3490,4733,8895,8996,26.3227,14.9333,8.57115,48.0933
95725,3544,3784,3631,3386,4153,5094,4467,3540,4958,7856,5801,3997,4454,5227,4575,3883,7.62137,-4.53696,8.96029,48.2333
95726,3277,3458,3602,3480,3578,4162,4250,3815,4034,5735,7321,4774,3984,5484,6695,4857,14.0796,4.10996,8.78202,48.3373
95727,3505,4220,7647,10431,3447,3924,5159,6160,3204,3524,3822,3966,3132,3167,3459,3398,-24.5558,19.1679,8.84927,48.11
95728,6941,5235,3832,3326,9037,5844,3973,3392,5425,4370,3555,3331,3762,3573,3476,3123,-10.5692,-22.3887,8.51806,48.13
95729,3210,3273,3430,3486,3597,3834,3966,3783,3988,5206,6242,4574,4311,6281,8172,5243,19.2124,4.23787,8.72581,48.3973
95730,3564,3407,3350,3174,4438,3921,3393,3287,7983,5031,3776,3477,10305,5657,3924,3427,18.1163,-29.9569,8.60724,48.076
95731,3118,3371,3271,3290,3357,3619,3825,3786,3575,4273,5461,4978,3815,5163,9775,7368,26.0058,11.081,8.83156,48.03
95732,4475,5084,4284,3581,5475,7904,4913,3866,4650,5478,4375,3532,3744,3910,3706,3315,-5.66329,-8.18151,8.66019,48.1947
95733,4751,4144,3616,3274,8532,4873,3698,3388,8090,4891,3777,3325,4726,4081,3534,3245,-0.481107,-31.9962,8.87949,47.9633
95734,4660,4385,3786,3334,7072,6131,4048,3537,6585,5827,3961,3480,4315,4311,3545,3247,-1.09813,-17.6416,8.84043,48.1493
95735,3364,3747,4929,6073,3394,3838,5790,9401,3149,3672,4462,5810,3122,3450,3787,4171,-7.38072,22.4341,8.9689,48.106
95736,9878,5723,3740,3411,7966,5172,3913,3411,4450,4039,3522,3149,3426,3398,3226,3133,-17.9889,-26.0539,8.61807,47.7047
95737,3499,3548,3392,3142,4143,4231,3784,3529,6010,7117,4527,3745,6293,7102,4590,3752,15.0295,-11.7877,8.67925,48.2693
95738,3365,3507,3466,3296,3651,3894,4051,3528,4260,5931,5971,4332,4550,7006,6867,4677,17.672,-0.103291,8.66103,48.2347
95739,3832,5566,10064,6902,3684,4393,5246,4886,3345,3502,3780,3621,3251,3190,3241,3465,-31.8726,9.48962,8.9413,47.9787
95740,3444,3474,3218,3056,4223,3969,3537,3301,7114,5613,3995,3361,9326,6837,4101,3360,19.1275,-19.7495,8.88271,47.9527
95741,3230,3450,3858,4025,3433,3617,4474,5995,3382,3843,5266,9677,3309,3714,4651,6229,6.90115,33.1453,8.61871,48.102
95742,3355,3320,3313,3305,3624,3883,3712,3457,4682,5263,4674,3791,5960,9871,6088,3864,33.5576,-6.68404,8.68965,48.108
95743,3006,3350,3278,3361,3283,3363,3764,3901,3511,3868,4995,6437,3442,4025,6064,12080,24.6925,33.7901,8.60161,47.8187
95744,3345,3359,3185,3049,3896,3832,3426,3219,6115,4709,3735,3302,12440,6054,3922,3404,27.8923,-29.8851,8.53499,47.328
95745,3057,3409,3590,3537,3315,3534,4237,4927,3399,3985,6131,8578,3375,4066,5774,7568,12.9801,20.6181,8.95683,48.3213
95746,3664,3635,3252,3131,5093,4179,3586,3165,9467,5199,3881,3386,7829,5373,3888,3360,12.4047,-29.664,8.54132,48.0587
95747,3247,3543,3792,4061,3324,3702,4584,6497,3280,3715,5202,9743,3280,3708,4629,5683,5.41584,33.7849,8.73808,47.9933
95748,3845,3800,3478,3258,5763,4452,3717,3124,9865,5356,3870,3368,6249,4692,3833,3276,8.15167,-33.1254,8.55482,47.964
95749,6087,7208,4788,3751,5860,7247,4494,3678,4100,4358,3819,3396,3614,3526,3487,3147,-15.1498,-10.9994,8.70856,48.3733
95750,3483,3473,3469,3194,4152,4574,3994,3465,5729,8001,4957,3638,5402,6597,4667,3690,12.6275,-8.9722,8.97459,48.3233
95751,3349,3547,3981,4026,3394,3899,5330,5131,3519,4460,7318,6976,3405,3982,4950,5111,6.43433,14.3935,8.61217,48.252
95752,4321,4344,3666,3363,6130,6298,4225,3544,6257,6510,4254,3567,4322,4373,3756,3402,0.523351,-14.5599,8.57837,48.2213
95753,7294,5417,3894,3250,8952,6053,3913,3382,4974,4308,3678,3216,3679,3678,3443,3116,-11.7893,-21.0938,8.75063,48.1647
95754,4947,8773,7981,4696,4201,4891,4692,4039,3601,3790,3748,3556,3227,3284,3294,3139,-30.5469,-1.16221,8.89379,47.906
95755,3285,3414,3411,3181,3626,3700,3723,3460,4306,5335,4891,4033,5328,8950,7414,4340,25.303,-2.57623,8.89851,48.2647
95756,3559,3514,3383,3147,4335,4539,3801,3481,6257,7260,4452,3629,6166,6732,4377,3701,13.609,-12.5087,8.56625,48.222
95757,3058,3246,3393,3333,3122,3536,3818,4022,3310,3957,4882,6616,3323,3887,6032,12221,23.7969,29.1304,8.91888,47.8373
95758,8489,7462,4470,3592,6387,5863,4092,3441,4132,3938,3533,3354,3439,3540,3300,3088,-19.6114,-16.4872,8.79435,48.08
95759,3187,3322,3413,3350,3354,3643,4014,3931,3771,4614,6544,5096,3855,5349,8498,6166,19.1498,8.5438,8.57577,48.0713
95760,7221,4752,3665,3300,10012,5435,3792,3351,5651,4313,3533,3151,3913,3789,3305,3140,-9.62302,-27.6099,8.89068,48.2153
95761,3354,3938,5360,7121,3370,3987,5960,8585,3298,3612,4348,5045,3274,3456,3654,3691,-11.6804,21.515,8.5023,48.0353
95762,10441,6284,4111,3376,7334,5295,3900,3338,4336,3947,3470,3210,3442,3522,3219,3144,-20.1226,-23.4012,8.6349,48.246
95763,3238,3612,4579,5421,3426,3978,5670,8707,3403,3777,4908,6621,3232,3552,3968,4282,-3.85529,23.1526,8.5588,48.2493
95764,3232,3315,3396,3247,3597,3754,3767,3545,4147,4886,5057,4274,4617,7862,8394,4873,32.1528,0.927273,8.56701,47.9753
95765,3415,3545,3514,3361,3929,4354,4487,3883,4420,6855,6829,4454,4172,5642,5499,4317,11.1293,-0.0590077,8.78953,48.4507
95766,3666,4406,5513,4867,3669,5006,8321,5636,3439,3978,5096,4487,3208,3641,3799,3613,-8.11038,9.09954,8.96716,48.23
95767,3045,3222,3361,3450,3263,3541,3923,4459,3348,3771,5129,8216,3353,3957,5642,10251,17.7872,29.8764,8.95467,47.954
95768,3767,4122,3982,3458,4397,6041,5216,3949,4597,6745,5683,4027,3868,4406,4184,3652,1.60824,-2.73599,8.51584,48.0627
95769,10812,7684,4214,3481,5947,4991,3960,3432,3890,3830,3499,3252,3360,3424,3165,3082,-27.2168,-19.5133,8.58204,48.0153
95770,3566,4351,7264,8619,3494,4293,5905,6478,3236,3556,4042,4214,3141,3336,3450,3441,-19.1712,17.1255,8.88491,48.2573
95771,3491,3511,3420,3177,4137,4302,3688,3360,5953,7184,4478,3620,6243,7352,4671,3712,15.3545,-11.6483,8.65625,48.1993
95772,5161,8200,6366,4182,4597,6212,5213,3934,3800,4059,3767,3465,3396,3398,3404,3210,-19.7847,-3.98265,8.72003,48.2427
95773,10787,7555,4217,3465,5980,5083,4051,3373,3896,3791,3469,3203,3229,3352,3158,3149,-25.6655,-19.9124,8.87603,47.8387
95774,3178,3336,3358,3383,3189,3564,3796,3915,3197,3871,4914,5933,3374,4217,7347,11164,33.3799,20.4859,8.80075,47.824
95775,3238,3540,4324,5035,3502,3624,5084,8864,3276,3652,4876,7755,3154,3429,4114,4516,-1.54955,27.3781,8.7162,47.9887
95776,3137,3471,4225,5076,3396,3871,4965,8713,3189,3750,4892,7941,3230,3459,4089,4675,-1.34032,27.6474,8.98081,48.0527
95777,5679,4900,3836,3372,8775,6517,4033,3385,5682,4742,3722,3362,3910,3788,3445,3213,-7.35094,-19.2755,8.87055,48.2407
95778,8206,5203,3711,3259,9323,5206,3779,3342,5024,4234,3518,3282,3680,3569,3283,3196,-13.2107,-29.6812,8.53779,47.8767
95779,3402,3904,5928,12423,3334,3714,4762,5708,3287,3426,3793,3997,3313,3332,3381,3450,-33.4147,33.5265,8.59489,47.436
95780,3526,3877,4206,3978,3780,5057,6583,4664,3843,5113,7155,4855,3604,3972,4395,3999,0.980311,5.73699,8.79863,48.4047
95781,3904,3878,3416,3280,4870,5141,3836,3469,6834,7640,4409,3612,5194,5262,3988,3616,8.00498,-13.5503,8.82754,48.2327
95782,3665,3575,3342,3135,4944,4150,3578,3274,8873,5786,3987,3446,7423,5390,3875,3255,12.0616,-22.5698,8.77727,47.7987
95783,12272,6204,3909,3308,5928,4807,3763,3376,4013,3830,3427,3208,3414,3367,3211,3101,-32.846,-26.5212,8.69192,47.4253
95784,3318,3483,3519,3221,3757,4080,4001,3625,4587,6732,5942,4151,4725,6969,6130,4292,15.4032,-1.94862,8.93691,48.3547
95785,3499,4059,5896,6000,3440,4333,7188,7485,3352,3815,4587,4750,3200,3449,3657,3679,-10.8342,15.0794,8.88746,48.2593
95786,3152,3240,3356,3287,3195,3600,3814,3768,3577,4140,5289,5187,3676,4913,9459,8007,29.8789,12.8497,8.99403,47.7733
95787,4787,8054,8423,4935,4144,5080,5165,4206,3574,3724,3772,3540,3241,3334,3321,3185,-25.5715,0.332782,8.99602,48.3233
95788,3177,3194,3365,3408,3298,3433,3897,4085,3396,3826,4895,7298,3301,3895,5782,11399,20.5738,31.9383,8.80601,47.766
95789,3576,3691,3665,3471,3936,4735,4371,3682,4554,7458,6312,4087,4308,5523,5025,4090,9.32084,-2.04322,8.54331,48.3227
95790,9634,6800,4196,3452,7039,5459,3981,3490,4133,3956,3478,3286,3389,3487,3170,3114,-19.7987,-20.1743,8.85706,48.0427
95791,5211,4504,3767,3444,7941,6324,4045,3415,6262,5187,3859,3427,4193,4022,3535,3165,-3.86831,-18.5623,8.68137,48.2007
95792,12194,6629,3908,3398,6090,4943,3889,3389,3868,3762,3378,3152,3366,3361,3274,3055,-29.8442,-23.9981,8.73847,47.7707
95793,3113,3476,4055,4179,3362,3870,5302,6184,3440,3996,6331,7745,3439,3808,4632,5220,4.1652,18.079,8.62778,48.1013
95794,7657,5553,3853,3437,8909,5890,3816,3444,4856,4285,3589,3335,3712,3615,3267,3086,-12.5425,-22.1629,8.80665,48.2027
95795,3049,3267,3518,3468,3266,3442,4094,4748,3265,3964,5404,8898,3437,4014,5547,8486,14.611,23.6946,8.97272,47.9113
95796,5939,5620,4083,3416,7464,7135,3981,3501,4804,4721,3833,3432,3766,3742,3407,3158,-9.79051,-15.9203,8.7993,48.0013
95797,3426,3393,3352,3093,3987,3921,3418,3314,6335,4815,3740,3334,12428,6050,3997,3393,25.5662,-27.2406,8.599,47.9973
95798,3453,3295,3311,3145,4051,3679,3461,3207,6464,4804,3895,3457,12299,6015,3852,3393,25.4558,-30.0568,8.84917,47.854
95799,7315,5167,3907,3324,9451,5675,3840,3355,5240,4282,3614,3257,3788,3631,3378,3148,-11.0535,-24.4346,8.66451,48.248
95800,3831,5185,9600,7351,3546,4194,5158,5043,3405,3571,3885,3890,3217,3378,3429,3307,-29.1947,11.3694,8.5599,47.9933
95801,3415,3890,5939,12441,3362,3747,4695,6041,3216,3420,3798,3959,3262,3306,3297,3423,-32.779,30.3389,8.50122,47.474
95802,3480,3919,6122,11443,3355,3829,4943,7189,3244,3492,3832,4143,3218,3274,3300,3420,-21.2307,26.3164,8.84738,48.1353
95803,3070,3274,3332,3414,3204,3480,3800,3917,3241,3788,4859,6154,3395,4043,6506,12098,27.9159,24.4904,8.75069,47.7167
95804,3841,4059,3860,3411,4573,6070,4638,3759,4819,7384,5378,3831,4133,4605,4172,3568,2.71795,-5.3937,8.77939,48.0673
95805,7263,5610,4070,3387,8062,6204,4061,3417,4901,4294,3644,3322,3675,3580,3279,3151,-12.8242,-19.6991,8.50583,47.9467
95806,8400,8287,4642,3742,5983,5734,4097,3511,4032,3819,3562,3280,3517,3368,3213,3107,-21.0169,-15.1779,8.97556,48.196
95807,4728,4117,3585,3236,7597,4976,3624,3400,8808,5040,3675,3337,5079,4265,3563,3276,1.45457,-27.9209,8.9741,48.204
95808,3829,3931,3759,3392,4652,5905,4361,3665,5469,7494,4953,3700,4431,4828,4092,3530,4.39272,-7.86528,8.50993,47.994
95809,3595,3528,3388,3186,4306,4242,3742,3345,6271,7101,4422,3519,6371,7140,4485,3581,15.192,-13.1055,8.92144,48.148
95810,3550,3742,3720,3610,3763,4784,5199,4030,4117,6189,7454,4599,3791,4664,5142,4230,6.89378,2.33885,8.56281,48.3893
95811,12781,6071,3957,3460,5880,4726,3807,3353,3837,3751,3350,3252,3330,3348,3173,3109,-30.2379,-29.0758,8.81839,47.4567
95812,3106,3233,3332,3344,3405,3684,3696,3652,3780,4547,5173,4471,4067,6470,9838,5695,30.2382,5.94801,8.99068,47.662
95813,9946,8040,4466,3513,5721,5243,3916,3457,4010,3823,3536,3221,3360,3400,3194,3037,-25.6044,-17.6376,8.69548,47.922
95814,3403,4150,7505,11523,3405,3850,5041,5859,3250,3387,3798,3871,3047,3253,3267,3305,-29.0757,21.0016,8.95748,47.9427
95815,7936,7194,4259,3583,6666,6292,4104,3422,4207,4242,3681,3318,3588,3433,3298,3134,-17.2781,-16.4923,8.63061,48.238
95816,5708,4602,3467,3328,9765,5120,3864,3462,6725,4630,3591,3250,4148,3813,3427,3207,-5.12583,-30.7464,8.97256,48.0713
95817,3096,3241,3321,3446,3405,3437,3738,3786,3603,4309,5395,4814,3826,5636,9935,6848,29.7396,9.10834,8.64619,47.8907
95818,4256,3849,3484,3233,7308,4830,3717,3401,9188,5127,3780,3270,5276,4343,3614,3363,3.00897,-31.5734,8.97639,48.026
95819,12439,5944,3960,3322,6574,4850,3754,3411,3949,3833,3505,3280,3338,3321,3209,3023,-24.6793,-32.0763,8.95613,47.808
95820,3809,4331,4701,3960,3983,6168,7146,4542,4000,5044,5707,4043,3453,3879,3912,3617,-3.59732,2.12189,8.85848,48.1967
95821,3251,3298,3568,3684,3365,3741,4376,4606,3538,4248,7049,7480,3510,4180,5991,6520,12.2903,16.239,8.75372,48.27
95822,3216,3421,3276,3232,3571,3839,3595,3453,4594,5296,4540,3877,5703,9664,6647,4244,28.7298,-5.32832,8.72578,48.112
95823,4012,3877,3512,3275,5716,5091,3831,3448,7962,6534,4056,3386,5491,4971,3819,3402,6.01437,-17.778,8.59184,48.2553
95824,3340,3305,3338,3268,3470,3596,3770,3625,4003,4788,5029,4404,4357,7248,9198,5164,32.3255,3.22284,8.74593,47.9353
95825,3683,3627,3353,3093,4728,4241,3670,3226,8190,6300,4066,3446,7254,5892,4050,3487,12.9003,-19.0194,8.60741,48.204
95826,3971,3948,3572,3312,5050,5292,3974,3434,6692,7417,4392,3544,5066,5053,3980,3432,5.97801,-13.6186,8.61781,48.086
95827,3434,3571,3598,3445,3772,4437,4283,3796,4297,6663,6714,4394,4208,5563,5818,4351,12.0219,0.169046,8.52782,48.2293
95828,3280,3479,3403,3205,3882,4079,3922,3609,4827,7028,5501,4025,4983,7508,5690,4150,16.339,-4.2567,8.75579,48.3807
95829,3603,3456,3258,3134,4403,4130,3639,3297,7306,6068,4018,3445,8209,6529,4186,3413,16.1341,-18.7171,8.54851,48.0627
95830,4138,4168,3581,3319,5317,6057,4249,3442,6050,7423,4423,3546,4499,4580,3945,3414,2.56315,-12.0055,8.80354,48.1007
95831,3253,3306,3332,3226,3489,3718,3650,3503,4248,4917,4959,4158,4955,8673,7956,4704,27.4795,-1.10094,8.91328,48.0313
95832,3206,3305,3548,3373,3435,3662,4066,3928,3734,4637,6706,5224,3794,5133,8114,6024,17.87,8.76354,8.58558,47.926
95833,3210,3711,4766,6526,3365,3918,5255,9874,3253,3619,4356,5827,3158,3361,3724,3871,-8.60315,27.8705,8.88924,47.8627
95834,3631,4136,5113,4663,3733,5040,8180,5566,3534,4248,5632,4627,3298,3599,3901,3619,-6.24005,8.54886,8.9571,48.3467
95835,10720,6787,4139,3353,6766,5136,3799,3457,4124,3915,3473,3259,3461,3365,3181,3113,-21.6243,-21.9305,8.80226,48.032
95836,3298,3496,3299,3251,3666,3929,3932,3617,4415,5759,5162,3945,5076,8359,6767,4408,21.1089,-3.03848,8.86709,48.2527
95837,3277,3300,3516,3374,3373,3767,4037,3991,3743,4365,6167,5776,3658,4874,8255,7105,19.5559,12.5309,8.55754,48.3853
95838,3188,3427,4006,4300,3308,3707,4890,6862,3421,3732,5545,9051,3372,3613,4317,5403,3.92842,24.0834,8.82466,48.0947
95839,3535,4198,5525,5411,3550,4487,7834,6584,3468,3830,4979,4713,3180,3465,3765,3667,-8.74853,12.9666,8.77908,48.1273
95840,5746,4858,3683,3289,8753,6155,4068,3362,5847,4648,3857,3284,4100,3835,3401,3199,-6.43212,-20.9062,8.50954,48.0567
95841,3198,3435,4031,4627,3397,3628,4875,7739,3363,3776,5060,8898,3333,3591,4281,5059,1.9198,26.2929,8.99832,48.194
95842,3094,3317,3390,3434,3336,3419,3804,4154,3375,3775,5015,7152,3384,3835,5856,11570,21.4751,31.4612,8.65213,47.94
95843,3624,4472,7194,7368,3649,4297,6375,6370,3314,3710,4128,4113,3229,3310,3498,3495,-17.0626,14.878,8.53417,48.0973
95844,4832,4942,3902,3455,6373,7440,4541,3536,5210,5748,4106,3429,4058,4092,3628,3339,-4.37996,-12.6963,8.54847,48.4207
95845,6459,9542,5966,3909,4851,5495,4575,3859,3704,3850,3514,3413,3392,3312,3223,3226,-24.3706,-7.59637,8.75264,48.1933
95846,3968,3765,3398,3235,5306,5100,3915,3497,7392,7241,4189,3622,5437,4930,3942,3380,6.68668,-15.8395,8.88493,48.2113
95847,3134,3309,3349,3252,3492,3614,3916,3726,3803,4621,5587,4629,4172,6326,9468,5829,23.3473,6.09057,8.74572,48.1513
95848,3168,3304,3374,3234,3497,3688,3847,3634,4064,4907,5443,4407,4357,7137,9023,5116,24.9919,2.8172,8.76098,48.1333
95849,5946,4952,3722,3333,8964,6112,3936,3349,5915,4678,3696,3416,4087,3818,3399,3200,-7.47105,-20.8021,8.81667,48.3487
95850,4020,6193,9908,6200,3624,4544,5278,4634,3527,3670,3725,3639,3178,3333,3432,3313,-30.9783,6.73526,8.86504,48.1453
95851,3238,3429,3932,4535,3372,3610,4775,7012,3372,3804,5403,9078,3193,3665,4405,5329,3.38251,25.4903,8.81767,48.1013
95852,3219,3580,4177,4731,3202,3722,5365,8022,3289,3793,5316,8112,3263,3461,4195,4762,-0.00750123,23.0473,8.84128,48.1393
95853,8737,8469,4581,3386,5893,5516,4074,3462,3882,3931,3481,3222,3420,3421,3259,3113,-23.4898,-15.8398,8.87945,47.898
95854,5287,8859,7308,4439,4343,5377,5010,3895,3520,3763,3708,3552,3324,3428,3359,3232,-24.974,-2.581,8.94173,48.2693
95855,6833,9313,5476,3969,5026,5634,4348,3716,3839,3908,3645,3393,3251,3483,3261,3158,-24.1891,-9.48031,8.51093,48.1687
95856,4462,6226,6062,4441,4404,6512,6359,4272,3782,4221,4103,3781,3373,3475,3522,3423,-14.099,-0.713221,8.7833,48.2787
95857,3046,3180,3298,3386,3294,3466,3828,3873,3422,4060,5237,5400,3569,4719,9308,8757,28.3254,14.4885,8.89585,47.8953
95858,4288,5512,5443,4196,4424,6932,6638,4336,3923,4429,4441,3738,3425,3612,3548,3393,-10.7893,-0.663441,8.5613,48.1853
95859,5410,6908,4999,3899,5295,7462,5073,3778,4019,4245,3875,3361,3488,3559,3474,3199,-14.3031,-7.66456,8.54916,48.0293
95860,11458,5904,3884,3424,7072,4819,3827,3436,4087,3806,3482,3218,3463,3406,3280,3220,-22.0754,-27.7615,8.52195,47.8573
95861,3132,3192,3432,3428,3320,3492,3721,3829,3448,3798,4832,5736,3280,4115,6999,11845,31.7673,22.0616,8.98233,47.7327
95862,3379,3867,4742,5037,3337,4183,6846,7194,3470,4018,5573,5724,3240,3450,4082,4041,-3.72354,15.9522,8.62586,48.122
95863,3052,3297,3481,3559,3246,3539,4000,4464,3387,3913,5614,8094,3451,4000,6258,8841,16.3397,21.4029,8.97503,48.1307
95864,3338,3918,6177,12450,3383,3776,4694,6263,3215,3493,3806,3947,3100,3240,3285,3427,-26.7283,26.9735,8.85822,47.6747
95865,3483,3414,3238,3015,4260,3901,3518,3225,7365,5253,3920,3427,10597,6242,4033,3453,20.1831,-23.4794,8.83871,48.2293
95866,3864,4239,4039,3722,4413,6262,5435,3998,4367,6543,5621,3976,3819,4409,4136,3683,0.704771,-2.66609,8.56171,48.3507
95867,4441,7301,9018,5017,3997,4861,5110,4358,3554,3682,3794,3583,3311,3370,3361,3206,-30.284,2.33198,8.50115,47.976
95868,3486,3528,3127,3143,4517,3954,3420,3202,7986,5253,3918,3400,9763,5952,3850,3353,17.7931,-24.0232,8.60129,47.9013
95869,3148,3177,3283,3465,3253,3486,3695,3945,3302,3871,5016,5853,3436,4103,7257,11409,32.872,21.142,8.89964,47.7993
95870,3266,3487,3406,3331,3558,3808,3875,3654,4025,4899,5090,4338,4472,7574,8501,4972,32.6782,1.52836,8.50766,48.1707
95871,4919,5200,4015,3528,6380,7889,4561,3640,4970,5402,3936,3492,3757,3823,3425,3329,-6.29485,-12.431,8.68757,48.1773
95872,3285,3407,3296,3161,3793,3815,3545,3292,4925,5286,4346,3759,7540,9828,5255,3673,28.3152,-11.2323,8.69,48.1373
95873,3387,3689,4011,4093,3617,4344,6182,4834,3642,4864,7742,5498,3530,3969,4712,4339,2.87487,9.13636,8.85307,48.302
95874,2982,3125,3384,3374,3383,3483,3824,3881,3303,3815,4742,6283,3358,3982,5943,12642,26.2484,31.1581,8.75865,47.6693
95875,3165,3290,3744,3564,3379,3704,4493,4445,3494,4238,6886,7115,3495,4281,6280,6511,13.2071,15.2851,8.71555,48.056
95876,3173,3294,3373,3403,3227,3544,3972,4286,3388,3745,4916,7771,3373,3832,5855,10564,19.2013,30.8849,8.68862,47.8107
95877,3155,3410,3332,3083,3693,3862,3743,3542,4361,5306,4814,3924,5292,9222,7119,4298,26.1606,-3.39535,8.65008,48.104
95878,3292,3253,3368,3450,3232,3371,3810,3869,3458,3651,4860,5992,3327,3899,5957,12565,31.2208,31.57,8.62196,47.5693
95879,3275,3608,4181,3957,3447,4099,6330,5378,3591,4542,7348,6108,3455,3799,4527,4583,2.64451,11.7433,8.62458,48.152
95880,12102,6634,3992,3369,5972,4729,3887,3341,3931,3898,3413,3174,3325,3423,3192,3142,-28.1391,-24.0361,8.57063,47.6827
95881,8362,5271,3808,3400,9214,5370,3815,3318,4787,4069,3513,3232,3620,3539,3263,3136,-13.4967,-27.8296,8.55581,47.8113
95882,3335,3874,5221,8416,3463,3933,5205,8973,3227,3593,4097,4868,3145,3315,3503,3566,-14.1752,32.573,8.55869,47.8227
95883,3293,3662,4703,6230,3434,3743,5453,9832,3371,3566,4561,6091,3196,3478,3759,4031,-6.94235,26.6039,8.70212,48.2687
95884,3524,4268,5848,5892,3593,4370,7369,6934,3378,3804,4581,4748,3204,3489,3729,3651,-10.8837,14.1922,8.79507,48.2547
95885,3164,3418,3897,4200,3359,3663,4562,6588,3417,3821,5285,9651,3323,3631,4598,5782,5.39622,27.4048,8.9077,48.2393
95886,3591,3828,4399,4123,3748,4546,6600,4988,3646,4635,7038,5197,3513,3920,4397,4144,0.488069,8.73715,8.68159,48.2087
95887,8908,5945,4084,3458,8206,5665,3901,3497,4411,4165,3656,3215,3533,3458,3359,3022,-16.1318,-21.9966,8.92286,48.322
95888,4307,3933,3601,3052,6796,4798,3752,3299,8999,5531,3814,3329,5505,4538,3700,3230,4.24771,-24.1984,8.71815,48.1227
95889,3786,4107,3935,3640,4315,6077,5232,3806,4468,6882,5613,3974,4065,4399,4131,3791,1.64067,-3.18731,8.59062,48.1473
95890,3360,3579,3801,3518,3672,4505,5051,4135,4071,6044,7632,4652,3890,4643,5270,4208,7.92845,3.2414,8.93022,48.0207
95891,3172,3282,3296,3368,3248,3444,3823,3946,3320,3718,4696,6043,3311,3957,6136,12695,30.7664,29.3165,8.58076,47.6367
95892,3204,3234,3435,3531,3362,3511,4127,4628,3361,3819,5240,8638,3445,3967,5423,9178,15.5539,32.8541,8.76116,48.0687
95893,3192,3333,3505,3724,3259,3529,4189,4981,3409,3919,5158,9701,3400,3916,5097,7721,12.1286,32.0779,8.97908,48.022
95894,3205,3319,3687,3752,3311,3669,4371,5699,3327,3752,5342,10047,3374,3777,4882,6988,9.24437,30.4564,8.94696,48.3347
95895,3682,4691,7337,6647,3604,4526,6785,6181,3333,3751,4273,4147,3133,3324,3554,3500,-16.331,12.826,8.58675,48.312
95896,3309,3897,6065,12329,3419,3658,4871,5925,3279,3464,3774,3887,3173,3270,3455,3403,-33.1305,26.1307,8.78916,47.452
95897,3170,3479,3665,4000,3376,3722,4618,5833,3432,3910,6170,9155,3382,3796,4907,6110,7.55923,21.2342,8.81281,48.4833
95898,3478,4031,4835,4525,3714,4729,7937,5704,3522,4113,5806,4967,3302,3708,4115,3840,-4.03575,9.86389,8.89942,48.2173
95899,4091,6367,9829,5742,3860,4562,5303,4658,3488,3545,3826,3696,3086,3356,3250,3234,-28.7525,5.81922,8.76653,47.9287
95900,3259,3448,3387,3321,3601,4113,4105,3725,4107,5899,7031,4546,4148,5890,6699,4754,14.8642,2.57077,8.78524,48.022
95901,4367,3861,3537,3182,6853,4593,3716,3317,9502,5200,3821,3375,5533,4439,3557,3289,4.19362,-31.4897,8.72455,48.0947
95902,3399,3367,3259,3091,3930,3834,3555,3361,5256,5131,4034,3501,8152,9544,4928,3608,29.0427,-12.7067,8.85844,47.9667
95903,3636,5015,9724,7639,3616,4278,5253,4973,3273,3642,3860,3812,3094,3297,3416,3343,-32.7337,11.7902,8.74432,47.914
95904,3837,4568,7522,6174,3647,4742,7091,5701,3493,3721,4309,4103,3250,3191,3536,3398,-15.9817,10.9362,8.71541,48.1887
95905,12389,6100,3923,3385,6511,4725,3858,3299,3980,3811,3451,3234,3448,3418,3226,3124,-25.2448,-28.5048,8.7874,47.9213
95906,3264,3363,3204,3101,3961,3770,3510,3262,6508,4846,3819,3375,12416,6052,3949,3326,25.5472,-29.6717,8.67895,47.8173
95907,3248,3430,3749,3565,3422,3832,4615,4473,3564,4378,7574,6744,3568,4287,6051,5829,11.5932,13.527,8.7445,48.2193
95908,3422,3375,3301,3151,3867,3860,3525,3242,5592,5151,3964,3477,9454,8560,4356,3527,29.1904,-16.4095,8.69248,47.8827
95909,5407,4372,3665,3304,9410,5287,3816,3351,6964,4712,3791,3272,4412,4011,3416,3268,-3.95073,-25.6113,8.90275,48.3053
95910,4271,3862,3475,3243,6717,4640,3564,3215,9540,5430,3787,3249,5662,4444,3715,3274,4.65673,-26.2295,8.94385,48.0587
95911,3130,3230,3324,3370,3222,3584,3968,4138,3408,3839,5028,7264,3298,3926,5980,11511,21.3193,27.6093,8.74791,48.1467
95912,3968,5485,7241,5105,4034,5232,7087,4821,3559,3946,4257,3803,3244,3421,3474,3533,-15.6971,5.13521,8.75471,48.14
95913,3515,3399,3343,3098,4281,3915,3450,3237,7168,5349,3877,3379,10052,6692,4137,3485,19.803,-21.7298,8.61937,48.2513
95914,3440,4220,7507,10800,3375,3989,5032,5980,3178,3541,3752,3964,3162,3269,3295,3306,-27.3915,20.212,8.82325,47.8733
95915,3649,5053,9380,8181,3641,4202,5309,5388,3248,3615,3786,3715,3011,3258,3374,3305,-25.613,12.8673,8.85843,48.0767
95916,8704,8970,4748,3480,5539,5405,4086,3542,3806,3959,3545,3284,3349,3370,3296,3097,-26.0124,-14.8016,8.77849,48.12
95917,3168,3317,3321,3339,3396,3552,3871,3777,3703,4444,5398,4694,4016,6242,9656,6232,26.6254,6.67826,8.5952,48.084
95918,3391,3912,6024,12722,3397,3624,4722,6013,3242,3469,3749,4016,3142,3194,3293,3387,-29.5872,30.4996,8.72343,47.5313
95919,3349,3793,4936,6600,3323,3816,5229,9817,3297,3619,4329,5689,3196,3266,3727,3877,-8.93542,32.437,8.72101,47.9087
95920,3440,3347,3247,3181,3854,3806,3543,3288,5677,5017,3958,3490,10239,7904,4330,3482,28.7053,-18.6999,8.55236,47.8687
95921,7999,5268,3864,3419,9185,5267,3754,3557,4844,4149,3604,3253,3659,3458,3210,3104,-13.1178,-33.8216,8.58311,47.7293
95922,3314,3471,3414,3331,3613,4004,4132,3716,4252,5753,6534,4527,4346,6305,6847,4548,16.1151,1.49859,8.52567,48.0713
95923,4760,6063,4981,3815,4921,7878,5785,4016,3889,4645,3957,3501,3509,3677,3603,3312,-11.1209,-5.33889,8.778,48.208
95924,6251,9746,5870,3888,4745,5427,4470,3922,3727,3813,3671,3483,3342,3430,3219,3187,-33.2786,-7.36123,8.60322,48.1273
95925,3310,3329,3355,3173,3646,3774,3604,3550,4480,5246,4584,3901,5783,9846,6545,4059,29.0688,-5.5149,8.96186,48.1233
95926,4166,5292,5380,4082,4154,6832,7108,4381,3952,4492,4513,3922,3354,3584,3659,3461,-9.57261,0.577833,8.84002,48.2213
95927,3770,3709,3326,3218,5405,4307,3568,3267,10050,5293,3718,3416,6736,4980,3608,3333,9.41063,-33.0091,8.84904,47.8027
95928,7735,7426,4423,3497,6489,6183,4038,3647,4222,4171,3593,3244,3543,3411,3300,3135,-17.6451,-15.7831,8.73184,48.038
95929,3316,3456,4014,4279,3413,3981,5686,6123,3443,4176,6658,7269,3385,3738,4555,4988,2.9821,16.8372,8.90213,48.32
95930,3884,5623,9874,7006,3670,4294,5264,4761,3298,3609,3827,3685,3166,3249,3310,3253,-30.0686,9.80058,8.89248,47.8487
95931,9820,8124,4404,3509,5688,5176,3978,3384,3969,3856,3534,3354,3445,3330,3157,3104,-27.0591,-17.6023,8.57193,47.888
95932,3244,3343,3352,3156,3594,3795,3748,3489,4425,5094,4724,3920,5387,9249,7226,4292,29.2326,-3.27071,8.76311,48.0253
95933,3593,3967,4176,3876,3919,5140,6438,4465,3870,5421,6949,4570,3597,4114,4336,4030,1.12705,4.16317,8.718,48.3073
95934,3059,3297,3401,3371,3431,3607,3902,3822,3689,4288,5568,4880,3975,5483,9660,6594,25.4453,9.18823,8.62208,48.018
95935,3168,3510,4041,4569,3372,3703,4815,7925,3380,3735,5087,8775,3221,3558,4394,5003,1.48677,30.1835,8.7663,48.1707
95936,3193,3248,3740,3792,3357,3594,4363,5669,3365,3735,5228,9981,3376,3663,4914,6752,8.60643,31.1912,8.80048,47.98
95937,3526,3367,3232,3105,3884,3816,3472,3193,5982,4794,3755,3446,12527,6432,3964,3294,29.175,-25.6768,8.85678,47.8593
95938,3395,3510,3233,3048,3926,3841,3597,3190,5635,5596,4152,3480,8430,8782,4738,3612,23.0401,-14.2864,8.98015,48.11
95939,4081,4934,4871,4048,4299,6842,6938,4399,3891,4760,4977,3898,3490,3713,3735,3485,-7.50138,0.488092,8.96061,48.2407
95940,3775,3647,3309,3155,5258,4531,3659,3249,9119,6109,4036,3364,7000,5070,3897,3411,10.3423,-22.1542,8.61798,48.3927
95941,7060,4959,3708,3423,9739,5367,3910,3341,5391,4283,3538,3315,3808,3664,3408,3096,-10.003,-30.679,8.50043,48.0067
95942,3385,3721,4993,6987,3298,3814,5366,9873,3328,3637,4298,5692,3118,3381,3663,3870,-9.37338,27.2975,8.64289,48.2827
95943,4556,7438,7975,4901,4092,5382,5545,4331,3537,3772,3933,3700,3171,3299,3335,3240,-21.4849,1.23346,8.8129,48.138
95944,3548,4134,4515,4131,3752,5083,7523,5079,3690,4609,6252,4552,3395,3734,4060,3919,-2.63253,6.50825,8.96884,47.984
95945,3652,3674,3482,3375,4467,5213,4258,3607,5270,7992,5310,3836,4558,5359,4362,3716,7.23965,-7.09253,8.59544,48.0873
95946,3263,3582,4248,5242,3317,3869,5063,9140,3319,3747,4818,7563,3184,3324,4107,4394,-2.38144,30.39,8.96647,48.12
95947,3314,3621,4445,5536,3372,3800,5149,9491,3394,3619,4685,6727,3180,3374,3899,4277,-4.39371,30.1908,8.61028,47.922
95948,3335,3438,3224,3153,3875,3848,3538,3436,4867,5222,4279,3681,7302,9782,5318,3825,28.4928,-10.4401,8.60375,48.082
95949,3065,3433,3521,3474,3383,3644,4144,4341,3458,4307,6697,6881,3508,4213,6805,7228,15.5448,15.4293,8.98423,48.068
95950,3364,3271,3153,3040,4094,3815,3437,3176,6510,4913,3819,3308,11813,6638,4056,3447,25.2461,-24.0581,8.86138,47.9027
95951,3398,3318,3267,3117,4011,3873,3500,3160,6590,4866,3669,3487,12131,5968,3881,3401,24.4514,-28.4839,8.69376,47.758
95952,3324,3789,4935,7601,3325,3854,5273,9661,3306,3493,4286,5122,3133,3299,3663,3852,-11.1881,32.5518,8.58509,47.944
95953,3561,3974,4200,3796,3897,5061,6819,4697,3752,5164,6893,4760,3564,4116,4278,3892,0.162242,5.34609,8.87277,48.2827
95954,3166,3380,3532,3434,3415,3673,4157,3910,3794,4657,6306,5204,3784,5227,8506,6202,19.6502,8.52405,8.5002,48.2313
95955,6308,6589,4409,3633,6518,7300,4372,3682,4303,4425,3744,3457,3550,3526,3349,3200,-13.7099,-12.894,8.65684,48.2433
95956,3434,3536,3520,3225,3839,4399,4284,3749,4467,7323,6506,4193,4356,5853,5451,4125,11.7025,-1.85529,8.94499,48.1733
95957,3686,3530,3346,3118,4820,4091,3518,3218,9140,5161,3879,3314,8592,5340,3899,3374,14.056,-30.4499,8.56668,48.0173
95958,3790,3655,3353,3145,4897,4167,3506,3313,9530,5318,3937,3361,8010,5126,3736,3340,12.3941,-30.2309,8.85984,48.1227
95959,5101,8860,7735,4349,4362,4986,4666,3975,3630,3836,3744,3505,3185,3415,3358,3306,-30.701,-2.16481,8.77344,48.0087
95960,3446,3672,3715,3507,3953,4586,4663,3880,4233,6765,7174,4299,4003,4996,5382,4152,8.87572,0.564246,8.97194,48.284
95961,3066,3136,3295,3420,3256,3522,3859,3882,3408,3916,4986,5983,3437,4209,7495,11028,27.3969,20.3166,8.58768,47.932
95962,3564,3461,3218,3234,4423,4148,3447,3280,8336,5164,3875,3423,9681,5457,3939,3388,16.8809,-31.0328,8.50102,48.0253
95963,3072,3365,3771,3615,3234,3575,4378,5002,3367,3735,5841,9077,3307,3725,5303,7618,11.8368,23.2773,8.71427,47.99
95964,3342,3351,3280,3095,3634,3863,3541,3456,4629,5263,4454,3664,6247,9895,6260,4051,29.1219,-7.22054,8.82428,48.0167
95965,4359,3906,3375,3292,6859,4556,3679,3402,9506,5163,3671,3286,5480,4451,3608,3324,3.92694,-30.8461,8.82039,47.9447
95966,3779,4935,9481,8029,3574,4121,5270,5099,3285,3588,3825,3904,3072,3249,3369,3472,-27.6343,12.7796,8.55187,48.0347
95967,3366,3455,3258,3013,3961,3819,3555,3269,5526,5235,4051,3486,8950,8618,4689,3636,26.2917,-15.4933,8.57917,47.9247
95968,3116,3306,3592,3687,3235,3507,4013,4697,3384,3865,5531,8764,3417,3847,5567,8277,14.411,23.5311,8.89382,47.87
95969,3121,3220,3634,3800,3250,3493,4367,5169,3426,3804,5526,9780,3268,3756,5036,7175,10.8428,26.0675,8.89958,47.8833
95970,3942,5752,9963,6319,3805,4505,5262,4857,3332,3597,3765,3667,3039,3310,3366,3315,-32.6273,8.02918,8.86661,47.864
95971,12531,5997,4015,3453,6373,4751,3722,3372,3998,3732,3439,3259,3438,3288,3257,3197,-26.14,-33.3007,8.52554,47.8813
95972,5356,4521,3646,3382,8952,4972,3731,3348,7015,4766,3761,3346,4373,4004,3594,3227,-3.29455,-32.6693,8.64118,47.996
95973,3230,3219,3363,3342,3384,3558,3700,3837,3477,3981,5108,5634,3416,4400,8487,9736,28.1823,16.8015,8.7121,47.9147
95974,3552,4198,6612,6591,3537,4339,6905,7056,3300,3765,4377,4434,3162,3357,3488,3558,-13.9399,15.181,8.85961,48.154
95975,4837,6256,4970,3850,5105,7759,5474,3952,3945,4573,3983,3612,3435,3568,3457,3236,-12.0362,-5.7069,8.90689,48.008
95976,3292,3339,3360,3333,3442,3651,3874,3705,3953,4796,5343,4500,4306,6581,9365,5527,25.3176,4.84262,8.82045,48.2447
95977,3349,3432,3321,3085,3866,4083,3703,3460,5182,6384,4664,3719,6102,8586,5302,3742,19.3418,-8.6861,8.65087,47.9867
95978,3174,3308,3539,3597,3464,3737,4332,4067,3675,4749,7603,5793,3823,4703,7037,5804,14.2007,10.1071,8.79637,48.27
95979,3337,3406,3712,3633,3529,4107,5394,4577,3688,5035,8155,5643,3648,4182,5546,4761,7.46698,8.75102,8.92808,48.2353
95980,3147,3420,3675,4037,3237,3666,4352,5613,3493,3825,5184,9969,3415,3701,4766,6480,8.40222,32.1574,8.77797,47.9867
95981,4108,3863,3373,3253,6308,4625,3685,3272,9685,5387,3730,3307,6075,4732,3652,3229,6.57526,-27.0183,8.79922,48.1893
95982,4430,5715,5263,4147,4526,7240,6476,4277,3812,4466,4331,3680,3416,3521,3542,3423,-11.1652,-1.36049,8.79813,48.1767
95983,3501,3673,3472,3222,4320,4631,3823,3373,6103,7336,4540,3660,6048,6540,4450,3588,13.2952,-12.0914,8.5446,48.1867
95984,11290,7261,4114,3364,5843,4888,3862,3349,3831,3833,3472,3269,3380,3355,3336,3173,-29.2263,-20.7944,8.94226,47.7467
95985,6600,4693,3751,3203,9983,5255,3770,3307,5902,4363,3641,3289,3970,3702,3351,3198,-8.12166,-28.7867,8.76124,47.9853
95986,6177,6313,4411,3507,6613,7309,4462,3611,4571,4522,3787,3332,3575,3620,3455,3216,-12.8763,-13.7113,8.68399,48.3207
95987,3222,3280,3476,3250,3168,3552,3939,3927,3215,3827,4795,5971,3385,3938,6506,11895,33.5522,23.5553,8.6518,47.564
95988,3086,3354,3524,3313,3247,3597,3885,3942,3536,4057,5604,5945,3596,4601,8166,8407,22.3906,15.1959,8.67308,47.9067
95989,6057,4658,3665,3327,9957,5214,3845,3380,6183,4454,3692,3310,3953,3857,3436,3277,-6.83958,-31.4491,8.79717,48.1767
95990,7503,4989,3784,3315,9851,5301,3828,3329,5242,4209,3711,3296,3757,3591,3389,2969,-11.2194,-28.5217,8.95281,48.0427
95991,3138,3265,3512,3638,3207,3440,4066,4881,3413,3931,5370,9254,3404,3875,5422,8521,14.1884,26.3372,8.98517,48.2247
95992,3531,4553,8280,8391,3531,4128,5823,6065,3351,3583,3894,3986,3102,3236,3351,3254,-20.8301,15.407,8.95716,48.0393
95993,4798,4568,3698,3306,6972,6652,4047,3419,6281,5852,4012,3450,4368,4249,3580,3319,-1.90779,-15.826,8.90154,48.3807
95994,5190,4274,3450,3306,8973,5062,3812,3392,7586,4791,3732,3295,4497,4057,3482,3292,-2.03177,-29.8222,8.68186,48.1273
95995,3155,3277,3499,3527,3175,3517,3899,4602,3374,3746,4945,8680,3362,3862,5540,9742,16.4106,30.4484,8.88555,47.9347
95996,7360,5256,3877,3409,9282,5804,3933,3342,5151,4277,3599,3285,3742,3526,3431,3167,-11.6761,-23.1594,8.96797,48.294
95997,4910,4429,3644,3334,7520,6083,3977,3374,6801,5561,3885,3287,4419,4137,3633,3293,-1.89965,-18.6339,8.85102,48.1913
95998,3397,4173,7304,11531,3419,3844,4832,5753,3313,3442,3844,3881,3039,3253,3259,3370,-28.2876,21.1644,8.83337,47.7693
95999,4694,4353,3682,3156,7901,5125,3785,3425,8191,5309,3767,3295,4853,4258,3599,3251,0.512958,-23.4498,8.90327,48.4293
96000,4834,6262,5159,3921,5091,7830,5579,3902,3928,4685,3957,3511,3559,3647,3425,3285,-12.1727,-5.26543,8.99545,48.3833
96001,7991,5065,3689,3341,9641,5222,3871,3307,4946,4147,3535,3346,3683,3668,3285,3109,-12.5085,-28.7938,8.95727,47.8973
96002,5518,9452,6685,4273,4591,5523,4741,3876,3634,3730,3693,3379,3194,3414,3368,3210,-25.1284,-4.34607,8.96116,48.1873
96003,3172,3215,3321,3467,3219,3382,3920,4247,3395,3775,4951,7510,3415,3920,5737,11042,19.8891,32.4221,8.96688,47.792
96004,11354,7087,4125,3372,6094,4927,3829,3454,3887,3706,3337,3190,3387,3427,3221,3010,-28.5501,-22.0265,8.58202,47.6047
96005,3304,3431,3858,3939,3374,3838,5376,5414,3679,4287,7361,7053,3432,3883,5005,5181,5.92205,14.5935,8.95277,48.2767
96006,5869,4513,3646,3363,9460,5425,3750,3364,6417,4561,3633,3341,4143,3940,3431,3263,-5.5863,-24.5756,8.68089,48.0793
96007,3394,3521,3373,3103,3813,4317,3937,3598,4850,7415,5309,3774,5020,7285,5428,4083,15.2014,-5.33258,8.86609,48.1467
96008,3462,4462,8115,9703,3555,4031,5124,5826,3193,3563,4023,3881,3101,3334,3368,3311,-25.3421,17.414,8.53402,48.0347
96009,3198,3276,3507,3758,3388,3497,4246,4876,3472,3784,5145,9204,3454,3792,5198,8084,13.0113,32.9516,8.64902,47.9193
96010,3250,3220,3278,3114,3650,3784,3748,3447,4320,5210,4663,4041,5381,9188,7141,4419,27.1744,-3.505,8.71536,47.9027
96011,3443,3953,7151,11679,3240,3807,4790,5811,3255,3594,3788,3941,3082,3327,3415,3353,-32.0577,22.1674,8.73742,47.7527
96012,3182,3291,3304,3350,3291,3559,3809,3835,3595,4162,5271,5192,3636,4998,9483,8149,32.875,12.7779,8.72488,48.0713
96013,2977,3429,3554,3439,3407,3710,4018,3925,3586,4528,6555,5282,3888,4981,8346,6457,18.8038,10.3385,8.69531,48.0547
96014,3442,3651,3654,3221,3996,4371,4239,3523,4809,7644,5716,4015,4737,6301,5221,3920,12.4096,-4.78815,8.83056,48.3067
96015,3430,3382,3259,3141,3986,3752,3357,3158,6082,4646,3748,3348,12841,6120,3867,3420,28.4068,-28.2688,8.88727,47.6913
96016,3699,4020,4222,3955,3970,5469,6519,4491,3968,5409,6551,4354,3726,4109,4275,3778,-0.300244,2.91887,8.7756,48.3433
96017,3100,3241,3728,3862,3345,3547,4296,5076,3311,3834,5347,9709,3264,3739,5057,7145,10.6278,33.4453,8.51038,47.734
96018,4326,5314,5694,4400,4315,6436,7284,4475,3673,4252,4508,3870,3283,3541,3577,3427,-10.9774,1.55725,8.8162,48.25
96019,3907,4953,6193,4875,3930,5294,7638,5142,3730,4026,4524,4055,3330,3416,3580,3459,-12.223,6.02228,8.5501,48.0347
96020,3419,3801,6147,12396,3264,3737,4795,6057,3278,3440,3738,4024,3102,3246,3325,3533,-33.0692,27.3241,8.63935,47.5347
96021,5461,9353,6693,4220,4581,5625,4755,3864,3754,3841,3645,3430,3302,3357,3302,3200,-24.4625,-4.43817,8.73043,48.2553
96022,5622,7272,4825,3713,5576,7500,4731,3704,4160,4339,3809,3445,3477,3519,3463,3142,-14.6185,-9.39633,8.89562,48.198
96023,10847,5850,3884,3437,7404,4895,3774,3359,4198,3935,3476,3228,3378,3394,3240,3209,-20.4699,-30.6993,8.53955,47.672
96024,3144,3344,3661,3659,3335,3637,4367,4888,3431,4018,6421,8250,3422,3942,5744,7079,12.4417,18.8876,8.94233,48.228
96025,3363,3732,4820,5755,3489,3977,6291,8774,3270,3701,4745,5948,3152,3333,3849,4050,-6.17637,20.6527,8.74588,48.166
96026,3504,3444,3279,3057,3866,3849,3537,3265,5607,5141,3893,3409,9913,8379,4325,3569,29.3435,-17.4419,8.5143,48.0247
96027,7172,9062,5039,3803,5329,5928,4334,3712,3898,3945,3644,3274,3383,3315,3264,3124,-21.8311,-11.7543,8.89996,48.1507
96028,3290,3594,4112,4573,3347,3794,5261,7303,3403,3728,5564,8113,3263,3593,4397,5045,1.61404,22.1707,8.904,48.2533
96029,3353,3640,4035,3752,3674,4560,5575,4549,3762,5390,8080,5056,3614,4328,4847,4380,5.0907,6.29581,8.91964,48.3967
96030,3396,4291,7459,10807,3474,3995,5074,5746,3256,3537,3870,3948,3063,3216,3479,3254,-30.2576,19.887,8.5221,47.91
96031,4066,3979,3540,3354,5425,5513,3934,3301,7200,7040,4308,3501,4991,4917,3837,3342,4.59154,-15.1426,8.66685,48.1653
96032,3303,4090,5618,7723,3535,3964,5892,8467,3218,3684,4300,4675,3048,3368,3729,3539,-13.5959,21.1359,8.55358,48.102
96033,5223,7402,5441,3971,5027,7064,5021,3828,3865,4216,3935,3544,3425,3547,3396,3264,-15.5647,-5.76549,8.68345,48.1127
96034,3440,3515,3376,3223,4166,4479,3837,3364,5872,7840,4765,3678,5617,6831,4719,3682,13.0099,-10.3653,8.93875,48.2693
96035,10983,5720,3869,3375,7561,5033,3752,3473,4250,3973,3345,3268,3408,3438,3264,3097,-20.3735,-26.9851,8.74502,47.8727
96036,3138,3242,3439,3399,3166,3379,3701,3930,3398,3961,4877,5849,3450,4024,6972,11797,31.3394,22.2062,8.83948,47.8147
96037,7156,6264,4132,3562,7420,6587,4175,3303,4524,4247,3607,3344,3560,3599,3249,3127,-13.7271,-17.1097,8.86442,47.904
96038,3192,3458,3822,4065,3294,3725,4727,6130,3402,3960,6050,9040,3275,3691,4630,5760,5.79855,21.3904,8.94003,48.1473
96039,3428,4005,5950,9297,3456,3880,5394,8115,3256,3563,4114,4359,2960,3183,3475,3469,-16.7646,23.5225,8.70348,47.936
96040,3433,3688,3682,3527,3690,4417,5010,4013,4195,6027,7595,4664,3960,4822,5393,4285,8.12473,3.25222,8.76479,48.2673
96041,4520,5052,4193,3703,5621,8002,5057,3781,4530,5570,4221,3592,3807,3837,3713,3251,-5.75163,-8.58192,8.903,48.3
96042,3766,5109,9887,7832,3566,4177,5230,5115,3359,3596,3837,3768,3133,3412,3470,3366,-28.2752,11.9015,8.89086,48.4153
96043,3065,3271,3301,3370,3121,3436,3782,3850,3383,3935,5115,5778,3457,4305,7795,10751,29.5143,19.3179,8.76608,47.81
96044,3334,3322,3401,3062,3889,3905,3643,3373,5163,5569,4162,3633,7885,9453,5105,3710,24.8991,-12.1489,8.82034,48.406
96045,4449,7087,8270,4982,4101,5224,5570,4388,3581,3923,3919,3706,3190,3349,3336,3275,-21.5066,1.96225,8.61952,48.2333
96046,3552,3410,3276,3128,4177,4008,3498,3334,6168,6226,4241,3636,7657,7900,4457,3674,19.3941,-14.5397,8.85017,48.228
96047,4334,4712,4049,3473,5339,7391,4870,3583,4812,6243,4545,3580,3996,4154,3791,3502,-2.72494,-8.04076,8.59994,48.2493
96048,3382,3317,3223,3022,4162,3896,3444,3191,7017,4911,3765,3434,11569,6062,4009,3381,21.9172,-26.358,8.78967,47.8567
96049,3107,3300,3364,3375,3265,3453,3937,3817,3316,3950,5057,5877,3412,4171,7414,11066,33.988,19.9938,8.68805,47.9207
96050,12424,6032,3888,3547,6040,4769,3797,3401,3879,3789,3520,3232,3367,3307,3230,3159,-28.25,-33.9345,8.55345,47.5873
96051,3188,3254,3396,3292,3150,3465,3871,4057,3295,3835,4906,6744,3463,3976,5822,11910,22.9826,31.8151,8.82987,47.7493
96052,3318,3479,3248,3271,3716,3830,3733,3443,4839,5320,4511,3746,6253,9553,6069,3995,31.9403,-6.93354,8.62173,48.216
96053,3364,3418,3209,3106,4034,3851,3381,3182,6714,4958,3855,3436,11467,6468,3983,3472,23.0968,-24.6122,8.51666,47.932
96054,3433,3831,5767,10118,3349,3808,5244,8056,3177,3433,3876,4334,3139,3206,3350,3472,-18.1331,26.8046,8.80167,47.7287
96055,3206,3339,3334,3314,3352,3690,3859,3683,3637,4458,5355,4791,3946,6035,9899,6242,33.3675,7.47888,8.71971,48.0933
96056,3883,4522,4450,3886,4371,6578,6472,4165,4168,5399,5318,4113,3567,3918,3956,3701,-3.18256,-0.429629,8.72391,48.3113
96057,3495,3520,3364,3146,3837,4046,3716,3472,5395,6570,4602,3684,6472,8392,5152,3751,19.5303,-10.033,8.78532,48.4093
96058,4688,6603,5490,4069,4681,7268,5789,4010,3833,4397,3981,3663,3446,3501,3561,3232,-13.8351,-3.67803,8.86999,48.1413
96059,3317,3744,5185,8143,3301,3813,5125,9697,3295,3529,4253,5033,3105,3253,3622,3698,-12.8262,29.4567,8.91741,48.0753
96060,4587,6486,7248,4941,4033,5603,6234,4401,3708,4073,4056,3743,3347,3457,3376,3271,-17.5667,1.97863,8.5018,48.376
96061,3539,4238,5776,5216,3636,4566,8156,6222,3446,3851,4875,4739,3189,3538,3727,3715,-9.28149,11.8973,8.77615,48.286
96062,4454,4244,3687,3277,6711,5805,3938,3367,7307,6138,4006,3464,4619,4514,3615,3257,1.16801,-18.0077,8.86628,48.2687
96063,3188,3362,3499,3456,3470,3741,4295,4216,3681,4801,7583,5729,3807,4687,7061,5745,14.3111,9.71961,8.86123,48.214
96064,5141,4401,3683,3257,8110,5704,3921,3355,7076,5199,3761,3347,4509,4066,3485,3195,-1.9056,-20.5258,8.90858,48.14
96065,4495,4032,3481,3210,7566,4832,3745,3357,8920,4964,3803,3309,5001,4249,3648,3256,1.95763,-30.2104,8.81709,47.912
96066,4612,7638,8106,4855,4223,5290,5345,4245,3597,3877,3760,3633,3204,3356,3350,3235,-22.9171,0.637437,8.87849,48.2173
96067,3379,3286,3250,3097,3991,3752,3484,3211,5717,4940,3893,3245,11308,7545,4107,3436,32.2835,-20.1188,8.94954,47.7607
96068,3627,3514,3306,3102,4527,4056,3558,3272,8699,5145,3793,3420,9314,5298,3950,3369,15.7317,-28.3382,8.7813,47.9667
96069,4805,4135,3525,3353,8285,5087,3666,3325,8259,5125,3781,3345,4699,4065,3541,3229,0.106766,-26.1952,8.95368,48.15
96070,4185,5219,4826,4095,4421,7312,6424,4205,3934,4731,4709,3887,3483,3689,3718,3638,-8.24429,-1.46351,8.56679,48.3173
96071,3637,3898,3836,3453,4340,5722,4914,3866,4647,7288,5948,4017,4155,4722,4386,3731,4.54489,-3.30772,8.57082,48.3733
96072,3524,4062,5641,5157,3627,4600,7822,6417,3416,3935,4967,4635,3268,3450,3862,3762,-8.57341,12.2186,8.51484,48.0967
96073,3946,4264,4023,3566,4390,6391,5103,3847,4593,7053,5419,3923,3929,4475,3921,3635,1.34577,-4.27537,8.75739,48.3187
96074,3230,3238,3347,3437,3259,3633,3958,3831,3603,4168,5485,5289,3653,5016,9220,7772,23.8638,12.0321,8.84358,48.0927
96075,5135,9035,7505,4586,4302,5086,4772,3919,3642,3815,3762,3509,3217,3247,3291,3206,-30.4758,-2.09315,8.79197,48.0193
96076,3438,3443,3288,3154,3980,3829,3471,3250,5859,5158,3820,3411,10022,7961,4340,3512,25.8348,-17.9333,8.88869,47.9573
96077,3034,3294,3599,3631,3304,3428,3921,4941,3246,3738,5414,9519,3388,3874,5196,8509,13.6363,26.7409,8.96024,48.024
96078,4358,5709,4890,3927,4929,7814,5994,3930,3938,4727,4337,3694,3481,3679,3421,3300,-9.84252,-4.00501,8.93989,48.0853
96079,5470,4509,3687,3200,9316,4959,3978,3520,6862,4629,3744,3286,4253,3871,3479,3384,-4.2613,-32.3955,8.5355,48.098
96080,3156,3338,3337,3291,3308,3572,3774,3911,3535,3927,5123,5611,3532,4211,8138,9911,33.0887,17.4737,8.63651,47.7833
96081,4064,4507,3860,3555,5098,7427,4979,3751,4893,6554,4608,3731,3954,4212,3825,3391,-1.97971,-7.19581,8.81545,48.2727
96082,3210,3728,4583,5130,3324,3902,6156,8225,3384,3801,5365,6448,3184,3544,3989,4370,-3.14534,19.4599,8.74954,48.2287
96083,6461,4915,3732,3389,9667,5664,3899,3274,5712,4569,3573,3301,3938,3723,3316,3095,-8.20463,-23.9143,8.91364,48.152
96084,6009,4835,3755,3437,9223,5895,3920,3470,5992,4730,3689,3228,4032,3804,3426,3136,-7.11262,-21.9458,8.98685,48.3873
96085,3260,3253,3384,3367,3508,3614,3873,3676,3785,4638,5142,4477,4191,6581,9616,5616,33.7554,4.77841,8.79867,47.9873
96086,3398,3579,4793,6092,3370,3891,6021,9039,3392,3782,4546,5773,3144,3379,3724,3993,-7.36848,21.6318,8.65531,47.944
96087,3199,3239,3372,3374,3277,3461,3736,3858,3287,3872,4728,6209,3394,3891,6131,12933,26.9053,28.9167,8.95577,47.974
96088,4535,3902,3511,3208,7644,4820,3807,3249,8808,5066,3917,3416,5177,4349,3504,3263,2.12171,-27.7269,8.87501,48.1173
96089,3500,3396,3209,3177,3842,3760,3545,3358,5325,5151,3931,3474,9183,8849,4607,3589,30.5161,-15.7262,8.89085,47.9307
96090,4428,6684,7171,4663,4126,5861,6209,4422,3646,3988,4145,3498,3258,3508,3389,3226,-17.2672,1.19303,8.6882,48.148
96091,3201,3351,3707,3771,3269,3634,4440,5844,3312,3820,5164,10039,3345,3672,4824,6435,8.28414,32.1842,8.88789,47.8853
96092,3311,3271,3348,3127,3650,3729,3697,3445,4450,5143,4598,4016,5354,9239,6981,4550,30.1396,-3.70784,8.62953,47.9393
96093,3574,3503,3388,3245,4348,4270,3654,3405,6631,7041,4387,3574,6714,6932,4317,3610,15.3632,-14.0398,8.76912,48.3953
96094,8214,5185,3805,3275,9195,5333,3830,3407,4961,4259,3658,3218,3701,3551,3346,3155,-13.3011,-26.6912,8.57793,48.062
96095,3378,3399,3177,3106,3978,3811,3510,3260,6449,4862,3842,3422,11979,6191,3858,3401,25.0085,-26.1245,8.58913,47.7487
96096,3201,3304,3363,3243,3567,3808,3818,3634,4174,4871,5125,4173,4656,7741,8780,4931,26.5709,1.45035,8.50252,48.2593
96097,12480,5998,3903,3334,6118,4669,3728,3376,3851,3747,3374,3368,3438,3396,3237,3308,-33.8722,-27.7559,8.93599,47.55
96098,3438,3409,3198,3119,4146,3908,3506,3280,7130,4997,3901,3544,11155,5925,3852,3434,20.7662,-31.2548,8.54072,47.9613
96099,3153,3266,3560,3651,3310,3608,4284,5240,3399,3875,5535,9570,3339,3695,5242,7427,11.1672,23.8419,8.99858,48.1027
96100,8654,8819,4666,3572,5474,5338,4142,3526,3834,3810,3443,3376,3426,3546,3234,3159,-24.8113,-14.7014,8.84811,48.0127
96101,3333,3644,4322,5129,3333,3863,4959,8846,3395,3711,4812,7705,3160,3464,4021,4492,-1.91219,28.7744,8.5367,48.126
96102,3359,3342,3373,3217,3733,4103,3730,3420,5009,6344,4833,3779,5871,8668,5624,3983,19.5564,-7.51788,8.71739,48.2587
96103,3492,3262,3166,3118,3884,3833,3523,3281,5483,5236,4024,3458,9737,8519,4470,3446,32.3927,-16.6375,8.71561,47.9547
96104,5661,5399,3834,3460,7451,7150,4259,3564,5002,4864,3824,3374,3814,3778,3433,3243,-8.53806,-15.7532,8.97154,48.0733
96105,3516,3422,3264,3234,4203,3915,3433,3316,7581,4953,3885,3371,10830,5687,4053,3381,19.7101,-30.7794,8.80618,48.0293
96106,3415,3893,5984,12670,3421,3760,4776,5992,3249,3452,3686,3929,3171,3271,3305,3390,-29.3534,28.6174,8.50956,47.576
96107,3700,3628,3381,3208,5179,4410,3599,3224,9179,5997,3970,3367,7128,5319,3797,3336,11.0644,-22.6789,8.77288,48.2813
96108,8217,9381,4713,3551,5174,5208,4062,3410,3923,3875,3556,3314,3343,3380,3304,3241,-31.7908,-13.4065,8.89258,47.768
96109,8999,8803,4619,3510,5407,5193,4074,3579,3866,3904,3557,3256,3320,3406,3334,3194,-31.4514,-15.3294,8.63905,48.014
96110,5666,5167,3923,3464,7960,6924,4118,3408,5342,4871,3785,3405,4004,3809,3407,3223,-7.71349,-17.2474,8.84666,48.3173
96111,3545,3536,3299,3117,4269,4180,3612,3370,6877,6403,4191,3483,7535,6976,4368,3569,16.37,-16.4894,8.521,48.22
96112,3596,4877,9245,8049,3605,4204,5213,5325,3287,3538,3849,3872,3205,3336,3359,3378,-33.8596,13.3414,8.66182,47.9587
96113,3374,3490,3376,3166,3999,4013,3694,3393,5453,6658,4544,3774,6229,8179,4982,3735,17.8699,-10.3975,8.91643,48.0393
96114,3449,4121,6338,10519,3485,3922,5270,7237,3205,3404,3937,4156,3037,3159,3428,3554,-20.4828,23.7037,8.51998,48.1473
96115,3275,3446,3601,3575,3495,3828,4793,4358,3715,4871,7856,5856,3684,4385,6110,5192,10.5672,9.86874,8.51219,48.0267
96116,3319,3373,3699,3675,3496,3858,4718,4410,3658,4623,8114,6092,3734,4371,5846,5375,10.2212,10.9369,8.79264,48.2407
96117,3408,3858,6234,12317,3417,3826,4628,6011,3162,3366,3819,4012,3176,3315,3369,3345,-30.8512,27.1023,8.55621,47.5087
96118,3447,3423,3388,3245,3887,4111,3704,3532,4867,6791,5097,3860,5415,8099,5697,4120,17.9286,-6.19435,8.82329,48.4553
96119,3180,3170,3446,3415,3175,3483,3946,4259,3327,3820,5040,7575,3387,3952,5778,11012,19.7125,32.4873,8.98511,47.9767
96120,3125,3324,3446,3274,3312,3531,3884,3907,3526,4186,5692,5208,3759,5110,9304,7603,23.527,11.9515,8.63093,48.1273
96121,12702,5885,3906,3367,6077,4784,3684,3353,3910,3743,3477,3201,3368,3374,3204,3160,-29.0743,-30.5867,8.53468,47.4633
96122,6333,5226,3848,3294,8624,6430,4013,3460,5249,4645,3646,3410,3856,3656,3337,3030,-9.37641,-19.9118,8.66456,48.038
96123,3266,3315,3258,3190,3724,3835,3622,3365,4768,5254,4237,3758,6474,10030,5841,3893,28.5733,-8.22019,8.99315,47.8867
96124,3341,3948,6673,11811,3419,3844,4948,5993,3263,3484,3733,4052,3097,3248,3430,3356,-33.9555,22.8576,8.58873,47.76
96125,3460,4169,4630,4062,3767,5361,7297,4801,3795,4767,6112,4486,3511,3932,4070,3760,-2.46185,5.09149,8.83019,47.9867
96126,4319,4411,3858,3474,5706,7021,4422,3641,5629,6760,4359,3467,4278,4296,3813,3416,-0.87673,-11.4812,8.84865,48.58
96127,3374,3652,3847,3533,3699,4612,5354,4179,3971,5854,7771,4659,3930,4561,4988,4232,6.14383,3.87551,8.88056,48.144
96128,3473,4382,8030,10092,3407,3917,5080,5513,3254,3493,3830,3877,3143,3258,3390,3420,-30.4379,17.916,8.97374,47.706
96129,3424,3504,3431,3145,4002,4178,3724,3398,5644,6781,4558,3700,6052,7995,5000,3809,17.5663,-10.0283,8.77591,48.23
96130,3404,3394,3171,3097,3932,3766,3476,3217,6521,4930,3715,3379,12096,6371,3895,3430,25.4843,-25.8248,8.8399,47.8627
96131,3626,4532,8562,9093,3412,4015,5207,5675,3253,3506,3896,3887,3225,3200,3332,3338,-27.6421,15.8639,8.55946,47.8393
96132,3081,3275,3395,3400,3379,3635,4124,4201,3484,4276,6107,6106,3648,4570,8126,7704,19.749,14.2775,8.67721,48.3407
96133,3171,3246,3448,3397,3189,3537,4039,4141,3389,3894,5608,6917,3523,4302,7042,9299,19.6993,18.6717,8.96106,48.0947
96134,3249,3335,3501,3398,3276,3387,3649,3935,3420,3737,4756,6172,3401,3890,5936,12335,33.4554,30.9855,8.59474,47.5847
96135,3267,3447,3227,3128,3929,3808,3620,3224,5538,5095,3921,3472,9781,8571,4489,3400,31.9799,-16.8754,8.85507,47.9447
96136,3124,3346,3459,3558,3326,3471,3879,4242,3308,3809,5020,7420,3391,3966,5952,10506,19.6829,25.1117,8.62484,47.8513
96137,8200,9600,4979,3710,5147,5176,4080,3529,3803,3802,3488,3275,3321,3448,3368,3130,-28.7416,-12.8556,8.94024,48.0373
96138,5694,6001,4326,3505,6445,7907,4584,3592,4499,4755,3811,3376,3605,3697,3441,3166,-11.1481,-12.2014,8.80544,48.2693
96139,3482,3988,4646,4684,3574,4314,7065,6541,3490,4102,5930,5453,3364,3747,3951,4107,-2.75519,13.567,8.63837,48.292
96140,3516,3456,3319,3147,4529,3949,3501,3142,8362,4954,3880,3309,9903,5540,4000,3351,16.8931,-30.2402,8.99398,47.9053
96141,3350,3544,3353,3316,3823,4092,3768,3532,4777,6914,5234,4009,5259,7558,5682,4020,16.5206,-5.24932,8.78584,48.154
96142,3698,3718,3616,3182,4604,5104,4018,3483,6132,8112,4779,3721,4916,5552,4186,3524,7.75459,-10.9109,8.54901,48.23
96143,3782,4516,4574,3949,4206,6606,6763,4318,3991,5232,5264,4007,3567,3930,3935,3592,-4.11576,0.201658,8.74752,48.1547
96144,4007,3775,3359,3175,5925,4529,3691,3288,9355,5846,3799,3406,6253,4816,3778,3233,7.62214,-23.3355,8.61125,48.1567
96145,3840,3712,3328,3223,5057,4521,3868,3310,7986,6851,4162,3471,6015,5226,3925,3453,9.43663,-17.4599,8.62154,47.9653
96146,3350,3333,3286,3059,4018,4008,3627,3341,5955,5899,4040,3579,8292,8191,4626,3590,21.197,-14.8299,8.81922,48.1293
96147,5406,6288,4493,3721,5929,8020,4760,3797,4348,4516,3950,3495,3552,3586,3487,3169,-11.8246,-10.2868,8.84742,48.3447
96148,5049,8495,7535,4367,4390,5562,5029,4130,3624,3792,3662,3467,3294,3329,3304,3241,-23.9257,-1.83716,8.8429,48.18
96149,3236,3426,3869,4383,3176,3645,4680,6983,3445,3731,5313,9299,3258,3716,4494,5528,4.28081,26.3486,8.81693,48.1213
96150,4540,6258,5531,4185,4524,7109,6095,4143,3854,4381,4146,3584,3314,3707,3564,3378,-12.7021,-2.05075,8.77128,48.2087
96151,3444,3817,4585,4581,3514,4449,7132,6388,3456,4171,5933,5572,3320,3615,4111,4186,-2.66534,13.4914,8.54118,48.1827
96152,3137,3251,3421,3367,3226,3458,3857,4188,3311,3713,4894,6987,3345,3963,5978,11753,22.3963,26.869,8.81127,47.8993
96153,3447,3396,3531,3273,3863,4092,3980,3646,4580,6911,5824,4180,4841,6925,5789,4064,15.2838,-2.73135,8.57558,48.228
96154,11002,5828,4025,3347,7350,5012,3807,3393,4263,3906,3472,3327,3427,3416,3141,3074,-20.2233,-33.2231,8.68376,47.86
96155,4731,4248,3494,3207,8424,4931,3802,3410,8229,4877,3799,3434,4643,4139,3593,3220,-0.163968,-32.8331,8.9473,48.1207
96156,3263,3158,3445,3212,3543,3741,3819,3735,3929,4767,4955,4449,4253,7125,9145,5218,32.8908,3.14041,8.54022,47.838
96157,12556,5985,3920,3385,6165,4677,3765,3341,3976,3705,3538,3292,3343,3322,3262,3069,-26.4389,-32.0988,8.80721,47.534
96158,3668,3592,3417,3225,4891,4435,3522,3303,8238,6484,4113,3447,7017,5709,4029,3358,12.1682,-19.1027,8.79316,48.2987
96159,3286,3854,5191,7454,3400,3850,5506,9440,3176,3637,4337,5237,2980,3397,3665,3755,-11.2433,24.8293,8.69184,48.11
96160,10685,5990,3860,3354,7763,5218,3814,3389,4279,3904,3590,3249,3518,3382,3270,3050,-19.4248,-26.1745,8.83023,48.21
96161,3159,3260,3451,3344,3299,3598,3900,4012,3676,4107,5769,5586,3643,4816,8808,8006,22.1525,13.4259,8.99936,48.2893
96162,6135,6660,4428,3552,6386,7356,4509,3618,4339,4392,3792,3413,3488,3589,3383,3128,-13.7014,-12.7519,8.95559,48.112
96163,6307,9853,6010,3919,4729,5224,4441,3849,3651,3910,3650,3348,3437,3450,3372,3188,-32.2967,-7.60307,8.50848,48.2253
96164,12304,5877,3957,3456,6630,4805,3863,3409,3899,3792,3351,3214,3445,3299,3267,3158,-24.6479,-32.5759,8.76822,47.8173
96165,2982,3274,3303,3520,3226,3494,3849,4253,3481,3862,5104,7146,3290,3947,6293,11141,21.3332,25.0894,8.61785,48.11
96166,3755,3487,3328,3177,4685,4207,3609,3234,8448,5975,3925,3345,7714,5833,3919,3428,13.7427,-20.5916,8.78162,48.046
96167,3836,3903,3604,3398,4745,5530,4064,3533,5960,7962,4684,3694,4769,5142,4003,3578,5.86258,-11.0721,8.90058,48.27
96168,3272,3534,3919,3906,3336,4024,5262,5206,3481,4428,7518,6792,3494,4016,5069,5138,6.19009,14.0289,8.75925,48.2633
96169,3064,3181,3372,3362,3239,3444,3819,4073,3442,3817,4792,6678,3483,3927,6124,11785,23.4208,27.6558,8.78467,47.7347
96170,3738,3544,3419,3246,4770,4235,3718,3235,7871,6584,4245,3460,6874,5905,4097,3387,12.5108,-17.6984,8.98496,48.2187
96171,7808,5153,3786,3289,9390,5265,3818,3262,5146,4198,3541,3232,3749,3676,3251,3168,-11.8978,-28.4608,8.78686,47.8213
96172,3214,3288,3706,3879,3192,3667,4344,5702,3307,3784,5196,10070,3332,3679,4702,6476,8.23222,32.1035,8.99463,47.692
96173,7321,9868,5327,3725,4987,5183,4213,3750,3790,3896,3499,3334,3378,3450,3262,3144,-33.205,-10.6098,8.87573,48.0847
96174,6339,4784,3653,3280,9823,5346,3762,3340,6119,4486,3641,3321,3923,3694,3320,3219,-7.35324,-27.2395,8.72819,48.0333
96175,7282,7567,4366,3603,6376,6298,4308,3576,4221,4164,3693,3408,3468,3506,3376,3179,-17.645,-14.5521,8.52879,48.2607
96176,7518,5073,3571,3410,9794,5386,3864,3417,5197,4239,3531,3166,3704,3655,3343,3103,-10.9361,-26.7848,8.57241,47.9807
96177,3369,3820,5045,7815,3429,3722,5167,9553,3329,3607,4317,5041,3148,3264,3645,3769,-12.2199,29.2753,8.71213,48.0267
96178,3124,3251,3354,3414,3276,3424,3875,3982,3415,3822,4962,5803,3406,4124,7105,11431,33.0382,21.0062,8.94124,47.8453
96179,9104,5792,3887,3307,8414,5256,3816,3405,4605,4035,3421,3349,3521,3480,3240,3052,-15.9893,-23.9371,8.80962,47.7893
96180,3711,4255,4327,3901,4004,5783,6644,4437,3969,5317,6182,4291,3518,4023,4152,3703,-1.25593,2.3395,8.7492,48.1447
96181,3492,3592,3323,3196,4520,4296,3619,3196,7623,6174,4034,3358,8117,6259,4093,3511,15.2354,-18.9203,8.8962,48.2687
96182,3495,3573,3365,3158,4147,4237,3708,3371,6032,6933,4461,3520,6612,7282,4546,3668,15.8686,-12.6906,8.57012,48.072
96183,3435,3850,4189,4008,3792,4637,6626,4730,3763,4991,7386,5005,3561,4026,4464,4127,1.30077,6.93599,8.75578,48.3933
96184,3042,3406,3236,3380,3280,3607,3840,3893,3506,4179,5356,5130,3637,5164,9532,7653,26.2565,11.8355,8.79425,47.894
96185,12349,6066,3977,3407,6406,4855,3790,3433,3875,3899,3373,3253,3289,3339,3315,3159,-24.8708,-33.2358,8.90653,47.8567
96186,3722,3863,3557,3308,5120,5686,4207,3508,6177,7871,4501,3591,4727,4926,4003,3460,4.87283,-11.312,8.99895,48.1513
96187,3566,3422,3324,3153,4515,3971,3596,3166,8810,5134,3717,3378,9351,5449,3854,3362,15.5734,-32.0796,8.7351,47.8453
96188,3115,3208,3388,3340,3354,3551,3960,3868,3504,4110,5420,5218,3710,4881,9130,8164,26.0573,13.2153,8.56018,47.9473
96189,8606,5591,3700,3428,8875,5333,3788,3389,4662,4157,3569,3222,3708,3562,3187,3246,-14.7556,-24.1868,8.83729,48.0153
96190,12396,6214,3854,3426,6585,4681,3799,3427,3968,3740,3447,3218,3426,3329,3276,3077,-25.6292,-27.6148,8.87641,47.9087
96191,4813,4236,3497,3288,8261,4946,3773,3318,8377,4911,3752,3357,4798,4205,3565,3187,-0.00121571,-29.4547,8.61826,48.1893
96192,3292,3392,3239,3106,3883,3908,3473,3215,5671,5056,3984,3552,10365,8148,4264,3499,33.1277,-17.7459,8.78483,48.0313
96193,3365,3684,4430,5343,3328,3766,5065,9081,3325,3839,4672,6927,3237,3468,3954,4271,-3.4603,33.6517,8.51599,47.8367
96194,4517,4013,3540,3153,7256,4970,3723,3310,8808,5361,3839,3366,5170,4315,3629,3256,2.60491,-24.422,8.61667,48.1507
96195,3916,3735,3433,3192,5368,4287,3695,3302,9768,5065,3879,3325,6984,4932,3810,3381,9.66668,-31.3398,8.53572,48.048
96196,3094,3442,3531,3742,3306,3465,4254,5036,3314,3867,5375,9332,3304,3897,5349,7855,12.5241,26.1952,8.52043,48.1087
96197,3446,3380,3338,3143,3983,3841,3400,3183,6032,4786,3802,3335,12399,6116,3870,3419,33.1228,-26.8388,8.84196,47.6487
96198,4937,8288,7317,4532,4178,5444,5242,4161,3528,3886,3742,3546,3242,3355,3272,3314,-21.9867,-1.24399,8.86822,47.9893
96199,3572,4396,7448,7572,3542,4203,6448,6309,3422,3772,4110,4173,3168,3246,3432,3383,-17.6466,15.1955,8.5954,48.1307
96200,3330,3852,6024,12462,3378,3778,4846,6143,3223,3470,3684,3911,3154,3248,3418,3500,-27.5405,28.3605,8.67533,47.614
96201,3406,3399,3153,3102,3957,3873,3679,3212,6000,5486,4085,3533,8962,8063,4459,3535,22.067,-16.4188,8.64328,47.936
96202,5518,8737,5851,3971,4748,6318,4867,3800,3754,3958,3707,3407,3302,3470,3287,3201,-19.9127,-5.96407,8.9473,47.9307
96203,6207,4623,3740,3243,9773,5470,3869,3315,6159,4543,3646,3346,4014,3803,3414,3100,-6.76733,-26.2503,8.63121,48.1767
96204,3127,3281,3422,3402,3275,3558,3847,3995,3576,4067,5157,5386,3575,4496,8797,9146,31.5988,15.3924,8.54318,48.0713
96205,3424,3565,3374,3211,3905,4342,3824,3525,5029,7483,5080,3815,5323,7358,5156,3927,15.2641,-6.97272,8.92852,48.2273
96206,3852,5221,8707,6259,3723,4678,6248,5128,3454,3621,3926,3942,3142,3354,3381,3394,-19.9563,9.37303,8.60774,48.02
96207,3323,3686,4331,4748,3411,3951,6194,7320,3430,3977,5830,6794,3261,3611,4349,4422,-1.12919,18.2372,8.8347,48.4253
96208,6672,9556,5636,3784,4813,5451,4382,3642,3780,3899,3698,3458,3309,3372,3288,3094,-25.8021,-8.98704,8.55773,47.8893
96209,3893,4345,4169,3830,4302,6530,6119,4121,4187,5879,5509,3968,3664,4194,3899,3627,-1.68978,-1.21962,8.88861,48.1573
96210,4138,4589,3948,3660,5049,7421,4948,3777,4823,6586,4482,3768,3852,4130,3740,3487,-1.85542,-7.24698,8.74245,48.2653
96211,3240,3302,3601,3489,3328,3906,4377,4242,3698,4554,7568,6053,3659,4559,6751,5878,13.4054,11.8702,8.7874,48.1367
96212,12842,5941,3859,3351,5824,4616,3747,3420,3867,3836,3496,3201,3319,3327,3161,3152,-31.7698,-32.2198,8.91733,47.306
96213,6860,5395,3887,3398,8315,6241,4014,3370,4999,4399,3612,3300,3789,3703,3357,3031,-10.996,-20.06,8.74156,47.78
96214,3137,3360,3695,3661,3433,3678,4574,4970,3378,4183,6775,7961,3386,4123,5665,6319,10.7493,17.6276,8.60079,48.1987
96215,3493,3417,3373,3151,3963,4149,3701,3299,6286,6376,4326,3433,7450,7615,4640,3633,17.695,-14.5229,8.75189,48.2033
96216,7973,8027,4640,3539,6001,6005,4243,3511,4028,4041,3526,3278,3529,3529,3354,3043,-20.0796,-14.3364,8.916,48.178
96217,5423,8328,6019,4139,4832,6331,5069,4003,3695,3995,3745,3629,3353,3366,3451,3227,-19.4014,-4.80489,8.57737,48.4033
96218,3415,4161,6065,7201,3458,4184,6441,7681,3348,3716,4354,4645,3163,3249,3508,3697,-13.6379,17.6695,8.55027,48.1907
96219,3854,3952,3630,3363,4505,5483,4244,3585,5405,7950,5145,3726,4393,5214,4216,3616,6.15117,-8.13821,8.64178,48.1873
96220,3636,3867,3878,3686,3990,5335,5634,4056,4221,6303,6775,4383,3826,4449,4395,3884,3.07333,0.907695,8.85408,48.212
96221,6061,9507,6213,4106,4622,5438,4602,3877,3737,3840,3757,3396,3364,3391,3287,3210,-25.7402,-6.4034,8.59158,48.272
96222,5196,4807,3843,3299,7825,6570,4021,3504,5902,5394,3761,3412,4059,4081,3615,3138,-4.72488,-17.889,8.5415,48.2847
96223,3342,3337,3329,3095,3878,3730,3416,3280,6050,4845,3782,3274,12732,6177,3830,3355,27.9024,-28.4131,8.98449,47.6347
96224,3310,3452,3297,3166,3661,3836,3600,3444,4615,4882,4621,3928,5854,9706,6619,4164,31.1839,-5.63762,8.59773,48.1033
96225,3661,4819,9452,8432,3565,4181,5283,5121,3276,3513,3874,3840,3149,3197,3375,3343,-28.9018,13.6462,8.95162,48.054
96226,3532,4713,9165,8427,3551,4071,5216,5247,3351,3477,3876,3823,3143,3259,3452,3412,-29.5814,14.2797,8.56365,47.81
96227,3412,3312,3246,3138,4281,3997,3569,3240,6696,5392,3971,3404,9768,7059,4282,3437,21.0899,-19.653,8.70659,48.136
96228,7091,5057,3722,3314,9478,5688,3949,3390,5357,4404,3628,3209,3794,3571,3479,3133,-10.4789,-24.0316,8.81626,48.176
96229,3139,3202,3377,3324,3267,3482,3768,3942,3500,4199,5308,5419,3681,4769,9214,8987,26.9624,14.3514,8.95952,48.3853
96230,3151,3296,3538,3618,3251,3568,4002,4702,3313,3828,5256,9135,3318,3903,5402,8883,14.82,27.4165,8.63468,48.1093
96231,8698,8326,4662,3595,5907,5497,4108,3483,4001,3783,3663,3265,3524,3412,3334,3114,-22.905,-15.9125,8.69693,48.248
96232,11121,6201,4061,3336,7301,5099,3932,3411,4189,3897,3423,3135,3535,3356,3212,3083,-21.0392,-24.9397,8.69761,48.1947
96233,6995,4948,3694,3395,9905,5373,3864,3346,5474,4301,3594,3275,3804,3642,3397,3163,-9.74514,-26.6431,8.97923,48.1133
96234,6146,7043,4596,3627,6142,7231,4528,3642,4233,4324,3736,3336,3554,3676,3435,3202,-14.6813,-11.8543,8.72282,48.3007
96235,3286,3417,3281,3140,3730,3815,3687,3354,4574,5124,4687,3770,5945,9768,6406,4065,29.8976,-6.03194,8.68576,48.0327
96236,3619,4602,7781,7281,3509,4248,6362,6161,3337,3697,4135,4118,3139,3303,3555,3414,-18.1758,13.7652,8.84227,48.174
96237,4338,4081,3520,3267,7160,4731,3719,3262,9338,5151,3725,3431,5195,4348,3491,3356,3.25969,-33.7778,8.98796,48.0753
96238,3338,3832,4509,4835,3548,4034,6281,7558,3372,4016,5744,6428,3165,3553,4141,4233,-2.34986,17.6949,8.84656,48.3913
96239,3437,4054,5878,9168,3422,3847,5424,8256,3232,3660,4022,4358,3000,3228,3501,3557,-16.4538,23.0716,8.85543,48.0293
96240,3494,4587,8430,9372,3473,3982,5347,5569,3266,3543,3849,3856,3136,3195,3353,3386,-25.4969,16.5406,8.73331,47.892
96241,3030,3250,3604,3649,3228,3687,4271,4651,3364,4001,6128,8254,3393,4046,5980,7564,13.9725,19.5698,8.91128,48.0667
96242,5408,9477,7012,4231,4346,5110,4660,3938,3729,3783,3733,3472,3203,3378,3246,3280,-32.7603,-3.90117,8.90491,48.004
96243,6277,4713,3762,3260,9862,5412,3734,3387,6227,4384,3616,3213,4025,3720,3368,3106,-6.91461,-26.3855,8.69512,48.044
96244,5469,7473,5265,3847,5088,7142,5064,3816,3963,4197,3757,3507,3415,3637,3360,3219,-15.8845,-6.97226,8.58747,48.146
96245,3415,4106,6846,10700,3392,3886,5129,6914,3257,3399,3823,4159,3155,3203,3435,3408,-22.1175,21.8139,8.79667,48.1513
96246,4450,7124,9236,5311,3906,4969,5449,4355,3449,3804,3872,3604,3254,3286,3326,3287,-25.2013,3.40446,8.83675,48.4547
96247,6241,9939,5988,3906,4586,5238,4572,3867,3816,3799,3723,3329,3334,3356,3151,3112,-33.7644,-7.53026,8.83867,47.9713
96248,7347,5081,3880,3279,9539,5673,3935,3329,5106,4304,3462,3158,3869,3583,3248,3059,-11.3007,-23.8853,8.8443,47.9013
96249,3339,3774,4818,5966,3374,3969,6078,8935,3250,3786,4656,5890,3143,3417,3685,4025,-6.89375,21.5001,8.59963,48.07
96250,3386,3378,3208,3118,4257,3918,3480,3207,7414,4879,3879,3337,11181,5776,3836,3405,20.7883,-28.5695,8.52343,47.7727
96251,3268,3441,3299,3237,3615,3888,3832,3501,4303,5473,5207,4183,4883,8375,7393,4562,22.5559,-1.52279,8.7376,48.3067
96252,3648,4698,8528,8716,3583,4052,5537,5651,3276,3448,3879,3930,3082,3215,3340,3373,-24.1105,15.137,8.74597,47.9707
96253,4088,3818,3439,3153,6034,4602,3636,3215,9495,5585,3732,3360,6025,4726,3676,3296,6.87321,-23.9511,8.83235,47.92
96254,3435,3625,3697,3606,3649,4573,4941,4097,4056,6093,7665,4815,3862,4778,5027,4329,7.55956,3.13022,8.53737,48.1653
96255,3447,4328,7118,8187,3505,4128,6116,6835,3197,3616,4072,4278,3090,3197,3567,3549,-17.6071,17.1329,8.87653,48.1533
96256,3119,3229,3433,3769,3236,3638,4250,4879,3466,3870,5518,9212,3393,3845,5349,8088,12.8562,25.0528,8.82062,48.196
96257,3860,3996,3734,3396,4653,5987,4535,3674,5164,7691,5118,3876,4244,4838,4196,3626,3.65653,-7.08254,8.59915,48.392
96258,5434,5609,4158,3484,6479,7699,4423,3709,4772,4922,3894,3344,3725,3930,3393,3196,-8.6693,-12.8061,8.56078,48.114
96259,12015,5943,3911,3327,6725,4827,3787,3351,3914,3774,3478,3233,3449,3392,3266,3105,-23.7201,-29.6986,8.60849,47.6647
96260,3419,3526,3638,3452,3794,4606,4510,3846,4407,6998,6710,4341,4397,5319,5411,4079,9.99115,-0.609344,8.77507,48.302
96261,3365,3445,3381,3215,3878,4017,3832,3468,5087,6416,5037,3795,5534,8337,5655,3968,18.675,-6.65758,8.69816,48.2867
96262,3466,3416,3241,3034,3894,3870,3426,3100,5887,4923,3884,3347,11374,7194,4171,3482,29.5379,-21.097,8.93453,47.806
96263,3447,4302,6818,8330,3566,4049,5995,7005,3297,3689,4260,4256,3100,3304,3543,3407,-17.4353,18.0435,8.8925,48.2453
96264,4552,4638,3972,3457,6047,7357,4460,3498,5433,6150,4238,3518,4024,4149,3644,3245,-2.37631,-12.0218,8.77511,48.2547
96265,3243,3492,3881,3897,3370,3448,4630,6497,3420,3668,5334,9682,3328,3670,4635,5746,5.45264,33.7382,8.86192,47.9607
96266,3220,3244,3412,3327,3277,3515,3865,3978,3413,3950,5028,5687,3437,4353,8055,10268,31.0116,18.1196,8.66171,48.0193
96267,3318,4053,6402,12597,3426,3784,4854,6086,3174,3397,3789,4084,3152,3262,3336,3369,-29.9616,25.3043,8.90727,48.0553
96268,3382,3926,5745,10502,3262,3768,4966,8044,3213,3425,3889,4389,3117,3271,3538,3481,-19.0456,28.4341,8.99609,47.9453
96269,3713,4071,3958,3659,4265,5894,5265,3836,4404,6808,5983,4114,3955,4557,4374,3798,2.31592,-1.77024,8.87609,48.436
96270,3150,3259,3342,3429,3347,3488,3809,4001,3305,3772,4970,6934,3472,4068,5966,11634,21.785,32.9927,8.78851,47.964
96271,3269,3659,4386,4660,3490,4026,5861,7253,3475,3942,5631,6874,3244,3678,4175,4577,-0.992049,18.6213,8.60447,48.1333
96272,3182,3381,3928,4172,3267,3554,4510,6465,3381,3765,5486,9639,3264,3627,4641,5811,5.67519,25.4221,8.96038,48.0487
96273,4347,4194,3643,3233,6175,6185,4078,3554,6472,6568,4236,3407,4501,4405,3705,3309,0.881914,-14.9689,8.77034,48.008
96274,3579,3486,3273,3074,4489,4126,3668,3385,7590,6280,4192,3499,7596,6384,4005,3457,14.9509,-18.1329,8.91381,48.0553
96275,3296,3642,4138,4664,3381,3928,5989,7186,3420,4046,6012,6869,3322,3695,4270,4565,-0.397277,17.9821,8.85834,48.282
96276,3136,3265,3394,3406,3302,3525,3751,3826,3431,4021,5100,5626,3531,4352,8436,9855,32.8465,16.9909,8.91978,47.9713
96277,3220,3377,3172,3076,3834,3711,3371,3295,6215,4946,3831,3394,12451,5914,4029,3370,25.0261,-33.7424,8.94105,47.4707
96278,3262,3673,4095,4033,3407,4062,5662,5382,3595,4250,7284,6607,3511,3831,4865,4848,3.99833,13.8309,8.81843,48.2447
96279,3245,3363,3472,3408,3604,3844,3992,3659,4216,5577,5856,4321,4527,7084,7551,4740,19.2828,1.00238,8.76275,48.306
96280,3879,4496,4856,4134,4138,6269,7178,4518,3993,4880,5530,4118,3575,3721,3789,3479,-4.78741,1.63816,8.85411,48.3687
96281,3778,4950,6447,4980,3867,5332,7749,5105,3612,4053,4589,4098,3315,3497,3607,3508,-12.2021,6.59205,8.61145,48.3247
96282,3514,3476,3248,3143,4754,4041,3579,3200,8744,5459,3967,3303,8676,5674,4000,3342,14.9138,-24.1434,8.78992,48.08
96283,3160,3298,3428,3331,3382,3692,3812,3728,3760,4462,5636,4724,4025,5972,9533,6253,25.0048,7.47129,8.61761,48.1307
96284,5284,8811,7095,4306,4372,5530,4909,3939,3678,3815,3673,3521,3259,3379,3430,3217,-23.6222,-3.26869,8.54289,48.1453
96285,3633,4360,7283,6753,3577,4395,6834,6445,3420,3677,4227,4215,3217,3348,3558,3368,-15.7492,13.818,8.85996,48.2067
96286,11948,6124,4003,3470,6715,4819,3759,3349,4048,3856,3520,3254,3360,3417,3183,3103,-23.3037,-26.252,8.7352,47.952
96287,3924,3665,3411,3295,5952,4475,3771,3239,9739,5243,3757,3577,6154,4632,3739,3299,7.19465,-31.0407,8.5199,47.9147
96288,4313,3880,3373,3263,7036,4824,3716,3343,8805,5387,3855,3308,5353,4430,3588,3470,3.57773,-24.2661,8.68647,47.9627
96289,3512,3572,3384,3108,4389,4131,3584,3259,7666,5864,3912,3518,8549,6238,4062,3381,16.0657,-19.921,8.64774,48.086
96290,3245,3504,3809,3799,3325,3912,5016,4982,3568,4442,7430,7211,3470,4025,5219,5467,8.19404,14.2881,8.60553,48.2827
96291,3785,4803,6263,4979,3812,5351,7971,5178,3505,4048,4577,4098,3279,3572,3561,3503,-11.5842,7.06259,8.71028,48.19
96292,3528,4264,7676,10158,3352,3881,5197,6056,3155,3453,3855,4009,3058,3219,3466,3377,-24.2986,19.1129,8.81838,47.8027
96293,6547,5266,3934,3360,8641,6453,4049,3451,5190,4480,3684,3399,3832,3616,3378,3181,-9.85182,-19.6781,8.60301,48.3073
96294,5165,4312,3583,3236,8913,5046,3704,3356,7355,4776,3727,3313,4474,4102,3362,3282,-2.36903,-33.8019,8.818,47.804
96295,3120,3441,3386,3203,3476,3674,3798,3690,4014,4884,5227,4244,4521,7513,8784,5258,26.517,1.9588,8.59404,48.1553
96296,3413,3276,3203,3134,3908,3813,3454,3375,5361,5298,4086,3482,8647,9113,4711,3578,26.6633,-14.4105,8.82468,47.9013
96297,3293,3942,5826,8368,3292,3991,5641,8443,3231,3530,4232,4701,3116,3255,3512,3671,-14.9788,22.3381,8.80568,48.0293
96298,3348,3883,5944,11659,3382,3765,4971,7278,3304,3307,3833,4184,3003,3160,3285,3422,-21.0702,29.4671,8.92497,47.8187
96299,3126,3341,3411,3353,3310,3716,4157,3947,3680,4474,6656,5763,3586,4650,8081,6843,18.2582,12.312,8.88858,48.0627
96300,3812,5208,8114,5977,3655,4760,6784,5196,3316,3829,4214,3922,3138,3327,3425,3497,-17.6323,8.83646,8.52977,48.116
96301,3087,3173,3495,3393,3226,3455,3792,4045,3475,3892,5004,6492,3329,4093,6752,11552,24.194,23.0379,8.71499,48.17
96302,3736,4409,5411,4659,3878,5409,8262,5193,3562,4327,5205,4250,3347,3579,3600,3588,-7.58477,6.69121,8.83821,48.2767
96303,3103,3265,3273,3344,3304,3403,3747,3817,3457,3822,4696,5820,3439,3890,6132,12646,29.8423,33.6619,8.53992,47.4387
96304,3591,3840,3849,3664,3931,5108,5369,4101,4153,6373,6980,4435,3905,4388,4602,4032,4.22971,1.22736,8.85548,48.214
96305,3460,4260,6821,8623,3419,3875,5788,7117,3266,3511,4083,4317,3064,3234,3469,3505,-18.1438,18.9028,8.8513,47.8747
96306,12504,6061,3883,3351,6244,4855,3752,3304,3862,3730,3480,3220,3399,3437,3098,3146,-26.5123,-29.2652,8.63822,47.5507
96307,3872,3862,3401,3254,5075,5162,3832,3261,7043,7740,4235,3473,5359,5277,4077,3544,7.65102,-14.1228,8.94312,48.3113
96308,3596,3497,3292,3110,4718,4117,3478,3320,8531,5403,3849,3353,8671,5562,3870,3391,15.0029,-25.2771,8.63489,47.8387
96309,3184,3369,3514,3328,3480,3838,4160,3857,3862,5067,7062,5025,3929,5529,7673,5391,16.595,6.35982,8.83565,48.1787
96310,3415,3944,5429,9369,3362,3861,4986,8449,3155,3605,4004,4616,3143,3306,3566,3571,-16.0479,30.2142,8.62716,47.854
96311,7857,9510,5061,3651,5113,5338,4292,3606,3849,3804,3610,3276,3386,3342,3182,3170,-27.903,-12.2321,8.67346,48.0313
96312,3230,3504,3650,3518,3544,3991,4722,4107,3888,5069,8133,5376,3687,4581,6012,5025,10.6798,8.03669,8.56386,48.0247
96313,5141,4368,3661,3173,8867,5435,3817,3348,7121,5065,3715,3334,4425,4162,3520,3104,-2.4592,-23.9064,8.7493,48.1707
96314,12043,6498,3969,3422,6139,4876,3848,3402,3853,3847,3365,3270,3234,3415,3199,3178,-29.8669,-24.4812,8.61876,47.7053
96315,3185,3283,3632,3735,3260,3649,4588,4978,3427,4060,6726,8043,3402,4120,5529,6647,11.1533,18.0512,8.71647,48.176
96316,3454,4094,6893,11837,3390,3899,4878,5931,3164,3415,3768,3924,3130,3173,3356,3419,-27.3311,22.9048,8.79627,47.8167
96317,7048,4831,3658,3309,10090,5194,3696,3398,5582,4313,3580,3290,3939,3668,3272,3093,-9.48913,-29.1508,8.97403,47.974
96318,11063,6405,4008,3372,6920,5005,3852,3424,4126,3926,3564,3185,3445,3419,3247,3070,-22.1449,-23.3591,8.62,48.0207
96319,3084,3281,3367,3338,3189,3377,3714,3801,3396,3769,4755,5884,3523,4033,6076,12549,29.2094,33.9536,8.63022,47.424
96320,9607,6003,4028,3309,7981,5347,3871,3431,4547,4053,3420,3238,3516,3504,3270,3084,-17.4014,-24.2284,8.54732,48.1393
96321,3416,3363,3271,3072,3942,3766,3537,3184,5962,4893,3766,3374,12064,6685,4047,3387,29.2323,-23.982,8.54833,47.8193
96322,3543,3899,3844,3510,4288,5477,4935,3831,4508,7216,6202,4043,4079,4726,4410,3871,4.84211,-2.31595,8.8082,48.2547
96323,3123,3440,3707,3743,3344,3835,4638,4712,3566,4248,7175,7471,3454,4108,5596,6037,10.5316,15.632,8.73791,48.1313
96324,3419,3695,3685,3487,3818,4765,4735,3928,4293,6809,7066,4439,3998,5166,5047,4042,8.30684,0.71959,8.74177,48.2613
96325,3028,3241,3570,3462,3217,3530,4020,4356,3372,3854,5222,7971,3392,3914,6048,9765,17.7107,24.0425,8.77532,47.9747
96326,3726,3592,3345,3044,4612,4209,3559,3389,7617,6366,4175,3537,7177,6162,4122,3487,14.0114,-17.611,8.62897,48.0793
96327,3774,5147,8528,6944,3639,4294,6040,5495,3360,3781,3945,3844,3101,3279,3476,3365,-20.7871,11.1365,8.50765,48.008
96328,3219,3495,3789,3544,3436,3839,4610,4400,3626,4788,7975,6117,3582,4427,6132,5504,11.2695,10.8214,8.71142,48.322
96329,3463,3960,5786,11218,3373,3822,5149,7124,3145,3449,3776,4166,3052,3238,3367,3389,-21.004,33.9755,8.70576,47.6513
96330,4456,4887,4006,3550,5470,7980,4910,3712,4685,5844,4403,3565,4019,3919,3627,3358,-4.62714,-8.37402,8.75055,48.2607
96331,3358,4227,7543,10737,3418,3961,5161,5619,3293,3448,3840,3929,3121,3237,3460,3462,-33.8159,19.4454,8.73103,47.876
96332,3073,3288,3349,3370,3271,3499,3821,3983,3384,3962,5364,5826,3531,4365,8071,9625,23.6263,17.7476,8.74452,47.8547
96333,3780,3688,3353,3113,4931,4524,3782,3355,7690,6865,4063,3518,6407,5741,4039,3405,11.0398,-17.1843,8.63005,48.1693
96334,3419,3860,5938,12431,3462,3954,4800,6207,3196,3452,3824,3857,3169,3240,3340,3375,-27.4975,29.2578,8.64175,47.6827
96335,3458,3412,3314,3186,3972,3777,3419,3285,7271,5068,3784,3273,11091,5864,3985,3385,20.8027,-33.0993,8.774,47.696
96336,3714,4986,8900,6995,3589,4337,6148,5415,3404,3608,3955,3952,3170,3329,3296,3380,-20.7292,11.1149,8.78037,48.1187
96337,3855,4280,4040,3630,4385,6468,5790,4037,4310,6378,5595,3982,3842,4215,4004,3687,-0.313076,-2.26082,8.77715,48.332
96338,5774,4546,3729,3191,9438,5474,3971,3423,6356,4702,3652,3412,4214,3852,3394,3151,-5.88646,-24.1183,8.75731,48.186
96339,6061,4709,3623,3245,9789,5607,3832,3324,6227,4582,3626,3181,4054,3789,3361,3121,-7.02436,-24.1605,8.86048,48.0873
96340,3353,3579,3238,3101,3869,3964,3658,3246,6124,5645,4229,3469,8482,8108,4511,3546,21.2527,-15.6413,8.80603,48.0813
96341,3990,3725,3420,3180,5669,4399,3577,3221,9887,5489,3941,3334,6645,4837,3840,3224,8.61367,-25.7754,8.72088,48.252
96342,3338,4046,5807,8415,3350,3910,5595,8330,3265,3613,4216,4802,3045,3305,3612,3632,-14.7214,22.4148,8.70377,48.1873
96343,4537,6198,5708,4204,4414,7002,6101,4237,3856,4409,4192,3642,3348,3632,3552,3313,-12.971,-1.80966,8.82694,48.23
96344,2954,3253,3496,3300,3291,3436,3713,4067,3331,3878,4909,6561,3399,4151,6390,11587,23.8861,24.1498,8.87717,47.8107
96345,3168,3381,3367,3403,3368,3634,4041,4065,3480,4236,6240,6392,3510,4333,7420,7928,18.5604,16.0174,8.80036,47.9773
96346,3474,3914,6312,12395,3268,3721,4793,6213,3203,3454,3787,3963,3078,3288,3362,3467,-28.5282,26.1661,8.55009,47.7947
96347,11989,6044,3992,3391,7006,4858,3722,3329,4135,3792,3485,3394,3442,3311,3232,3105,-22.7829,-29.0705,8.91591,48.1513
96348,3263,3406,3889,3836,3459,3976,5065,4767,3609,4647,7715,6880,3579,4057,5345,5106,7.81925,12.4362,8.75042,48.3993
96349,3251,3346,3702,3800,3232,3540,4315,5617,3306,3854,5210,9939,3331,3694,4780,6808,8.85653,31.1373,8.90374,47.8167
96350,3156,3337,3515,3526,3369,3616,4175,4213,3592,4220,6473,6869,3601,4407,7079,7219,15.9055,15.543,8.5011,48.2447
96351,4222,4625,4316,3721,4840,7441,5813,4010,4325,5656,4852,3720,3633,4047,3920,3554,-3.79407,-4.06943,8.60846,48.4633
96352,4609,7758,8629,5178,4148,5005,5290,4139,3524,3650,3748,3602,3273,3304,3342,3126,-27.2461,1.46465,8.74044,48.2167
96353,8786,5325,3808,3420,9082,5084,3864,3328,4843,4046,3545,3268,3614,3555,3256,3041,-14.1755,-29.8697,8.86699,47.91
96354,3044,3228,3327,3563,3328,3579,4139,4448,3395,3994,5594,7859,3351,4036,6178,9048,16.723,21.887,8.87171,48.074
96355,3564,3909,4090,3879,3835,4924,6042,4430,3985,5560,7035,4720,3671,4263,4524,4062,2.81101,4.31985,8.67541,48.3287
96356,5274,8942,6901,4405,4389,5466,4812,4009,3686,3870,3735,3393,3301,3335,3227,3380,-23.766,-3.42045,8.79506,48.0833
96357,3452,3376,3385,3076,4152,4023,3536,3291,6224,5882,4153,3528,8481,7775,4389,3378,20.3564,-16.1214,8.84317,48.0673
96358,3376,3792,5095,8455,3420,3866,5273,9382,3252,3568,4009,4787,3101,3259,3633,3533,-14.0789,26.9539,8.99444,47.8673
96359,4153,4567,3889,3508,5068,6963,4680,3697,5127,6779,4702,3675,4157,4311,3886,3364,-0.296331,-8.27329,8.56042,48.3507
96360,3350,3499,3268,3159,3977,4100,3676,3269,5676,6333,4233,3663,7496,8220,4734,3678,19.7298,-13.5575,8.70534,48.2207
96361,6133,4624,3761,3406,9678,5335,3811,3481,6208,4408,3672,3333,3919,3765,3346,3206,-6.76926,-33.4511,8.69628,48.0573
96362,4256,6722,9510,5836,3854,4639,5239,4522,3425,3724,3791,3644,3138,3311,3335,3366,-27.5157,5.08698,8.81875,48.208
96363,9605,7868,4405,3563,6064,5315,3869,3465,4004,3959,3636,3292,3232,3419,3240,3037,-23.5159,-17.5445,8.61795,47.982
96364,3559,3691,3523,3382,3991,4855,4408,3782,4698,7397,6007,3986,4516,5439,4967,3986,9.59403,-3.28833,8.51366,48.1247
96365,3510,3830,4712,4490,3611,4521,7541,6102,3583,4261,6128,5246,3281,3677,4004,4092,-2.90707,11.8466,8.87051,48.3927
96366,4322,7298,9193,5340,3981,4744,5123,4319,3433,3716,3831,3603,3175,3237,3382,3372,-30.8359,3.03348,8.97554,48.046
96367,3207,3410,3692,3790,3420,3719,4469,4829,3495,4255,6616,7983,3469,3906,5666,6652,11.4962,17.9504,8.73727,48.3853
96368,3373,3459,3267,2970,4057,4034,3609,3276,6229,5662,4011,3450,8908,7874,4380,3560,21.1053,-16.9871,8.70634,48.0793
96369,12753,6011,3838,3360,6027,4768,3746,3420,4087,3925,3398,3177,3494,3320,3194,3160,-28.7998,-28.4274,8.69254,47.7853
96370,3219,3321,3390,3238,3503,3760,3893,3653,4092,5156,6142,4572,4387,6585,8097,5198,19.8561,3.1943,8.85936,48.1373
96371,3094,3212,3385,3417,3161,3421,3789,3962,3294,3845,4869,6097,3292,3943,6340,12271,33.9535,24.6486,8.91302,47.5947
96372,3814,3761,3344,3193,5156,4232,3534,3174,9627,5501,3811,3346,7436,5135,3690,3352,11.1935,-26.1035,8.99116,48.0707
96373,4367,4925,4334,3764,4742,7766,5845,3937,4260,5293,4541,3885,3644,3801,3752,3355,-5.94594,-4.1572,8.85022,48.1407
96374,8367,8298,4601,3483,6006,5780,3984,3536,4005,3978,3632,3296,3454,3407,3285,3059,-21.1906,-15.169,8.98955,48.114
96375,4155,6224,9373,5835,3986,4740,5567,4489,3567,3822,3936,3752,3110,3353,3362,3341,-23.8822,5.73088,8.85003,48.408
96376,3998,6184,9939,6213,3778,4537,5347,4670,3408,3602,3709,3657,3167,3323,3304,3350,-26.5167,6.78195,8.89474,48.124
96377,3600,3828,3895,3721,3922,5263,5522,4055,4160,6297,6686,4365,3861,4689,4470,4005,3.87186,0.754282,8.71287,48.226
96378,4536,4984,4293,3637,5126,7953,5270,3905,4376,5426,4442,3642,3710,3942,3718,3313,-5.74071,-6.93557,8.56076,48.182
96379,4151,4315,3817,3379,5154,6671,4587,3571,5265,7034,4624,3618,4222,4309,3743,3580,0.402352,-9.16192,8.61906,48.0267
96380,4242,6646,9195,5580,3863,4687,5789,4585,3483,3680,3787,3657,3057,3286,3385,3266,-23.3415,4.97239,8.82504,48.1253
96381,3723,4670,5860,4901,3768,5290,7904,5355,3432,4080,4877,4140,3298,3529,3737,3472,-10.0795,7.13989,8.71895,48.024
96382,3361,3375,3239,3168,3860,3944,3579,3240,5170,5254,4205,3551,8277,9370,4863,3706,32.2964,-13.361,8.95131,48.108
96383,3758,5101,9389,7712,3559,4340,5425,5320,3344,3525,3840,3676,3073,3274,3319,3388,-25.5629,12.5499,8.60586,48.0287
96384,3335,3328,3405,3281,3718,4169,3824,3554,4760,6550,5173,3836,5322,8119,5776,4015,18.0267,-5.40227,8.99199,48.11
96385,3784,4392,5848,5155,3646,4874,8034,5755,3484,3936,4814,4403,3268,3468,3606,3652,-9.79217,9.14715,8.70463,48.0793
96386,3414,3866,6039,12320,3508,3876,4779,6223,3204,3417,3681,3955,3177,3268,3463,3327,-27.4381,32.7162,8.50372,47.678
96387,3164,3454,3725,3728,3410,3700,4504,4842,3544,4252,7299,7343,3458,4127,5906,6034,10.9166,15.5489,8.66823,48.3267
96388,3609,3597,3418,3252,4325,4625,3842,3537,6097,7918,4593,3692,5515,6455,4424,3745,11.9712,-11.1414,8.81981,48.4293
96389,3185,3254,3325,3427,3385,3481,3814,3882,3478,3892,4969,5647,3510,4368,7998,10038,30.1623,18.1868,8.65671,47.7687
96390,3463,4008,5812,11324,3413,3694,4991,7160,3267,3477,3825,4227,3012,3288,3425,3426,-21.216,30.1142,8.52781,47.8747
96391,6606,6490,4292,3432,7027,6983,4268,3646,4583,4429,3734,3297,3555,3552,3369,3112,-13.504,-15.1048,8.68653,48.25
96392,3186,3373,3650,3600,3395,3754,4672,4586,3550,4423,7728,6744,3528,4373,6089,5867,11.279,13.1933,8.92548,48.3453
96393,3469,3504,3279,3122,4011,3853,3515,3240,5979,4870,3800,3463,11842,6439,3864,3419,30.746,-24.8584,8.56809,47.7793
96394,3268,3840,4965,6825,3398,3982,5630,9551,3296,3614,4348,5478,3101,3408,3609,3908,-9.4822,24.2113,8.97689,48.1473
96395,3937,3863,3359,3139,6151,4497,3654,3391,9902,5176,3676,3370,6299,4700,3758,3334,7.29834,-31.5452,8.97896,48.1373
96396,3166,3259,3494,3640,3299,3700,4377,4415,3632,4246,6789,7295,3521,4163,6504,6777,13.4618,16.0808,8.90125,48.1847
96397,4573,5790,4834,3892,5098,7896,5631,3919,4096,4833,4165,3605,3522,3763,3557,3318,-10.1055,-5.52217,8.54193,48.328
96398,3155,3396,3201,3446,3329,3505,3831,3856,3546,4115,5309,5475,3551,4704,9032,8801,26.9914,14.6771,8.87449,48.168
96399,7649,9705,5071,3640,5183,5255,4158,3575,3776,3904,3517,3362,3409,3528,3317,3137,-28.2567,-11.6761,8.719,48.124
96400,3195,3298,3357,3227,3399,3732,3824,3569,4208,5191,5549,4425,4492,7398,8340,4873,22.8542,1.80659,8.66496,48.0513
96401,3336,3375,3240,3151,3773,3873,3604,3468,5156,5993,4449,3625,6812,9385,5321,3745,22.1789,-10.2227,8.94494,48.204
96402,3412,3383,3302,3038,3727,3859,3589,3227,4987,5410,4181,3689,7318,9765,5316,3675,27.589,-10.9222,8.71224,47.9187
96403,3701,5078,9657,7621,3516,4170,5169,5032,3303,3637,3831,3918,3111,3196,3399,3425,-32.9378,11.7603,8.79255,47.8427
96404,3908,4554,4906,4159,3983,6190,7391,4707,3791,4853,5334,4120,3516,3858,3769,3636,-5.6341,2.43439,8.92492,48.45
96405,3398,3706,4948,6103,3430,4042,6215,8711,3220,3760,4706,5729,3088,3409,3801,3943,-7.67494,20.5721,8.55993,48.1393
96406,3212,3281,3379,3331,3346,3463,3729,3887,3408,3764,4870,5967,3389,3807,6001,12419,29.5607,32.8732,8.61276,47.502
96407,3993,4720,4048,3632,4607,7097,5633,4048,4350,6210,5009,3805,3748,3978,4016,3486,-1.94736,-3.89022,8.89534,48.2533
96408,6217,9681,5889,4103,4800,5704,4521,3776,3685,3845,3616,3425,3362,3321,3248,3160,-24.3873,-7.4643,8.57018,48.2353
96409,3294,3496,3563,3315,3584,3910,4013,3654,4202,5929,6307,4403,4477,6516,7143,4676,16.9592,1.19861,8.69938,48.3213
96410,3442,4001,5971,12185,3329,3752,4756,6304,3334,3447,3820,3860,3187,3223,3301,3345,-26.2604,33.1251,8.67797,47.5047
96411,3960,5796,9034,5831,3720,4797,6252,4815,3347,3764,3909,3753,3242,3340,3488,3326,-20.7324,6.56432,8.99266,48.2493
96412,3645,4201,4502,4033,3850,5560,7166,4707,3817,4898,6170,4449,3494,3765,4023,3857,-2.22781,4.6199,8.68115,48.0913
96413,3231,3756,4235,4602,3318,3751,5566,7737,3284,3753,5479,7735,3280,3589,4164,4751,0.245761,21.3491,8.87618,48.154
96414,3704,4607,5972,4917,3749,5197,8160,5410,3600,4265,4822,4183,3319,3469,3696,3545,-10.2215,7.71148,8.6755,48.41
96415,3296,3452,3392,3302,3560,3841,3783,3541,4130,5332,5014,4214,4891,7881,7915,4780,24.4564,-0.379721,8.68307,48.216
96416,3336,3751,6240,12362,3418,3818,4705,6143,3181,3475,3800,4093,3015,3273,3349,3399,-33.3334,26.3856,8.69595,47.572
96417,6183,9585,6153,4028,4677,5664,4660,3773,3767,3874,3679,3415,3309,3239,3288,3106,-24.3447,-6.88363,8.68784,48.2667
96418,3418,3846,4784,6348,3396,3915,6059,9377,3235,3641,4580,5682,3063,3574,3752,3689,-8.78264,22.2076,8.90473,48.2393
96419,3551,3607,3269,3153,4439,4192,3636,3252,7305,6368,4114,3412,7698,6728,4121,3397,15.7501,-17.73,8.76305,48.1613
96420,3152,3346,3453,3519,3307,3604,4225,4265,3539,4283,6489,7061,3511,4273,6673,7250,15.1654,16.2263,8.6257,47.9667
96421,3191,3448,4060,4368,3454,3814,4855,7138,3337,3823,5482,8660,3214,3598,4370,5147,2.85187,23.8704,8.64593,47.9727
96422,3371,3968,5888,12368,3373,3633,4740,5865,3178,3421,3733,3926,3325,3242,3281,3369,-31.8311,33.4837,8.57664,47.1207
96423,7417,5147,3984,3437,9042,5995,3859,3422,4959,4277,3648,3315,3693,3743,3255,3100,-11.7277,-22.0301,8.69844,48.1953
96424,4695,7822,8309,4820,4262,4965,4914,4195,3467,3734,3802,3559,3202,3451,3389,3297,-33.29,0.7035,8.60137,47.922
96425,4831,4207,3608,3179,8540,4855,3778,3319,8011,4835,3655,3354,4592,4119,3593,3235,-0.842037,-31.5239,8.97143,47.8073
96426,3218,3353,3566,3501,3337,3642,3988,4493,3487,4181,5954,7510,3381,4088,6353,8105,15.8557,18.9306,8.57056,48.1047
96427,4240,5524,5974,4323,4239,6308,7123,4589,3755,4397,4595,3854,3378,3408,3647,3366,-11.6586,1.73107,8.77897,48.48
96428,4623,7087,7299,4587,4296,5899,5872,4356,3489,3939,4091,3542,3240,3324,3359,3280,-18.7911,0.124241,8.87463,48.1887
96429,9216,6089,3940,3396,7749,5567,4016,3377,4370,4080,3587,3279,3538,3415,3271,3153,-17.3002,-21.8139,8.62257,48.0287
96430,3411,3425,3495,3381,3888,4340,3996,3555,4801,6920,5703,4121,4770,6698,5730,4218,14.7669,-3.20859,8.61931,48.3013
96431,3293,3430,3663,3837,3213,3574,4234,5552,3388,3837,5321,9916,3311,3757,4860,6867,9.64522,33.4171,8.61368,48.0353
96432,3924,4391,4182,3635,4630,6771,5457,3947,4463,6268,5243,3876,3826,4240,3995,3677,-1.26444,-3.49228,8.77005,48.35
96433,3320,3793,4935,7185,3351,3854,5217,9726,3281,3586,4356,5341,3258,3280,3632,3759,-10.8671,32.5407,8.87357,47.916
96434,3280,3329,3293,3373,3328,3430,3771,3873,3307,3773,4517,5852,3355,3937,5952,12572,32.805,33.885,8.81664,47.2947
96435,2977,3226,3471,3388,3219,3536,4014,4341,3396,3875,5195,7317,3304,4006,6349,10375,19.6493,23.552,8.80137,47.9927
96436,3049,3353,3496,3441,3267,3549,4068,4130,3507,4083,5776,6076,3629,4352,7655,8423,20.3742,16.0111,8.53869,47.9027
96437,3718,3690,3522,3234,4279,4846,4021,3654,5484,8027,5118,3694,4969,5833,4470,3640,9.77632,-8.68309,8.60592,48.1327
96438,3443,3762,3888,3688,3778,4621,5786,4280,3913,5721,7528,4798,3670,4396,4737,4217,4.4107,4.30436,8.61431,48.1507
96439,3307,3386,3987,4617,3222,3688,4821,7615,3402,3689,5092,8804,3331,3517,4561,5017,1.76766,26.9675,8.86932,48.0373
96440,3375,3963,6585,12243,3233,3791,4833,5998,3200,3439,3743,3863,3060,3185,3421,3409,-31.4017,24.8904,8.77947,47.5607
96441,4203,5109,5033,4057,4513,7182,6543,4186,4028,4898,4648,3795,3507,3716,3562,3409,-8.03212,-1.24884,8.78308,48.2593
96442,3627,4427,5969,4980,3834,4921,8059,5626,3537,3996,4728,4310,3232,3442,3696,3479,-10.7178,9.09442,8.6232,47.9087
96443,9262,5520,3932,3362,8501,5137,3920,3383,4507,4132,3622,3248,3412,3464,3283,3058,-16.1669,-33.9771,8.72606,47.8287
96444,3473,3441,3475,3085,3982,4004,3701,3398,5576,6265,4433,3627,7199,8301,4958,3724,19.7256,-12.1191,8.54344,48.428
96445,8310,9317,4899,3630,5231,5190,4163,3582,3836,3853,3530,3270,3388,3464,3206,3105,-28.997,-13.3352,8.96023,47.9827
96446,5615,9135,6447,4105,4605,5812,4809,3848,3744,3891,3727,3552,3284,3279,3323,3184,-22.9097,-5.2977,8.71528,48.24
96447,3503,3744,3612,3285,4205,5172,4488,3644,4899,7847,5948,3975,4338,5152,4533,3884,7.65497,-4.11098,8.93988,48.1527
96448,3586,3959,4440,4108,3759,4874,7449,5216,3632,4457,6510,4820,3448,3738,4107,4058,-1.74489,8.11001,8.71914,48.1073
96449,3136,3437,3817,3807,3312,3645,4753,5403,3413,4043,6555,8569,3285,3841,5193,6205,8.57778,19.0304,8.68608,48.276
96450,8198,8509,4724,3534,5751,5592,4113,3543,3915,4021,3703,3287,3403,3415,3313,3059,-22.266,-14.7527,8.717,48.0533
96451,8613,9238,4689,3526,5264,5216,4242,3500,3894,3810,3470,3319,3277,3503,3232,3052,-32.1241,-13.8842,8.55988,47.8967
96452,3098,3186,3495,3384,3231,3432,3765,3942,3300,3739,4700,6083,3317,3951,5954,12771,28.0095,28.113,8.71341,47.5653
96453,3671,3772,3634,3309,4307,5165,4179,3496,5168,8191,5344,3882,4715,5398,4463,3783,8.31358,-6.76558,8.61822,48.318
96454,3263,3394,3763,3977,3302,3765,4814,5345,3511,3987,6861,8151,3395,3864,5105,5981,8.17497,17.8694,8.84104,48.3187
96455,3698,4628,7743,6452,3637,4355,6906,5907,3491,3698,4168,4154,3104,3377,3430,3506,-17.1056,11.9958,8.63456,48.1693
96456,3324,3574,4101,3889,3416,4047,5581,5200,3613,4526,7544,6671,3459,3928,4906,4864,5.28021,12.9985,8.52411,48.4287
96457,3184,3243,3372,3414,3399,3558,3910,3752,3739,4473,5841,4841,3892,5677,9577,6563,23.0881,8.65274,8.88734,48.29
96458,8870,6747,4131,3515,7185,5716,4083,3404,4322,4068,3624,3279,3575,3556,3342,3109,-17.7024,-19.0123,8.69271,48.3507
96459,3313,3339,3289,3086,3935,3861,3538,3278,5732,5091,4109,3337,10453,7863,4222,3549,31.1418,-18.6748,8.74873,47.9967
96460,6170,8289,5123,3878,5391,6511,4742,3698,3834,4126,3745,3473,3342,3510,3356,3148,-18.35,-9.23253,8.65823,48.224
96461,3521,4677,9284,8258,3565,4163,5279,5209,3232,3596,3787,3919,3172,3301,3340,3422,-33.4909,13.4306,8.67502,47.8167
96462,3375,3871,4354,4344,3755,4393,6732,5636,3598,4449,6856,5391,3377,3730,4273,4302,0.172113,11.0657,8.59287,48.2907
96463,5187,4382,3724,3376,8799,5698,3990,3470,7066,4959,3784,3340,4350,4006,3486,3124,-3.38504,-22.8796,8.7133,48.494
96464,3226,3580,3691,3549,3589,4084,4771,4277,3846,5184,8054,5419,3806,4549,6071,4873,10.6386,7.49766,8.59457,48.3793
96465,4762,8238,8286,4874,4196,4863,4961,4176,3517,3597,3799,3618,3189,3253,3320,3230,-32.0404,0.206777,8.92974,47.9193
96466,3454,3482,3283,3154,4024,3761,3504,3253,5966,4705,3831,3388,12587,5864,3859,3343,32.9256,-31.0726,8.61982,47.6387
96467,4122,4723,4395,3717,4574,7451,5745,3955,4282,5713,4801,3872,3848,3969,3721,3531,-3.9655,-3.99733,8.9192,48.2793
96468,5401,6087,4303,3657,6119,7924,4612,3650,4430,4825,3893,3360,3776,3578,3332,3286,-10.9882,-10.9366,8.55765,48.1553
96469,3322,3981,6348,12327,3291,3862,4713,6043,3177,3489,3722,3972,3154,3310,3442,3440,-30.6932,25.804,8.56398,47.7287
96470,3303,3810,5504,8709,3406,3854,5480,8896,3230,3430,4222,4763,3115,3283,3555,3581,-14.6031,24.7879,8.61837,48.094
96471,3423,3937,5521,6973,3360,4002,6209,8381,3281,3654,4344,4880,3261,3350,3645,3813,-12.0957,20.0973,8.59894,48.0227
96472,3374,3867,4772,5306,3421,4043,6384,8000,3367,3658,4990,6031,3122,3573,3927,4181,-4.71587,18.8236,8.61594,48.0107
96473,8368,9269,4854,3649,5187,5264,4166,3561,3879,3860,3564,3317,3395,3388,3271,3067,-28.6059,-13.5446,8.5316,48.0393
96474,3403,3947,5480,9999,3414,3873,5023,8118,3204,3524,4139,4357,3208,3173,3509,3489,-17.5686,30.9046,8.55522,47.9067
96475,3897,5809,9860,6499,3716,4433,5593,4799,3355,3609,3803,3712,3162,3379,3420,3329,-25.7783,8.60183,8.7801,48.25
96476,3118,3315,3396,3418,3297,3703,3959,4031,3651,4208,5949,5736,3540,4835,8472,7728,21.125,13.7637,8.69295,48.2373
96477,3361,3440,3235,3202,3789,3794,3460,3329,5859,4649,3777,3357,12653,6111,3936,3408,29.355,-32.7569,8.87201,47.5733
96478,3652,4711,8933,8652,3517,4152,5215,5267,3282,3413,3816,3858,3146,3302,3319,3326,-33.8861,14.3597,8.75555,47.7073
96479,4170,5238,4980,3971,4633,7312,6620,4154,4025,4801,4547,3753,3522,3815,3701,3398,-8.29563,-1.25937,8.80274,48.4267
96480,4066,4956,5286,4215,4202,6534,7263,4560,3808,4601,4701,3936,3447,3514,3752,3566,-8.60341,1.56594,8.64505,48.2713
96481,3480,3407,3352,3222,3912,3629,3329,3260,5975,4684,3729,3249,12414,5842,3904,3331,33.0398,-31.2212,8.52953,47.146
96482,11963,6492,3978,3387,6250,4844,3790,3380,3997,3758,3507,3337,3393,3380,3165,3151,-26.6244,-25.0709,8.52628,47.848
96483,3653,3830,3382,3223,4578,4787,3900,3309,6291,8216,4570,3638,5338,5893,4274,3570,10.1072,-11.7183,8.80744,48.3013
96484,3971,4327,4040,3712,4523,6832,5700,4000,4413,6259,5460,3915,3775,4094,3879,3538,-1.1765,-3.07047,8.87158,48.292
96485,3913,3773,3589,3211,5180,4968,3815,3463,7383,7341,4239,3593,5505,5195,3970,3546,8.07176,-15.3608,8.8686,48.456
96486,3575,4588,8259,8681,3545,4146,5587,5744,3341,3506,3905,4005,3106,3215,3412,3517,-22.9001,15.7316,8.73991,48.088
96487,3158,3530,4021,4305,3285,3707,4741,7634,3243,3847,5091,9110,3301,3506,4271,5219,2.85874,33.885,8.97316,47.9793
96488,6428,4654,3727,3358,10101,5281,3753,3404,5820,4328,3590,3308,3876,3678,3394,3115,-8.12108,-30.2761,8.96107,47.8767
96489,4230,3901,3483,3060,7003,4583,3752,3319,9503,5211,3700,3408,5427,4382,3667,3372,4.13778,-30.3776,8.68015,48.0007
96490,3219,3535,3918,4251,3341,3650,4756,6936,3413,3793,5119,9415,3321,3590,4403,5317,3.72437,33.6774,8.82526,47.9847
96491,12670,6196,3938,3315,6020,4694,3638,3414,3925,3724,3511,3123,3387,3347,3182,3102,-30.1222,-28.8348,8.51309,47.4573
96492,4093,5675,8232,5392,3852,5088,6710,4836,3499,3850,4033,3755,3238,3497,3344,3275,-18.3111,6.09071,8.9249,48.246
96493,3406,3452,3202,3123,3915,3814,3503,3234,5825,4960,3855,3391,11751,6896,3985,3439,30.5881,-22.5047,8.97658,47.834
96494,3863,3873,3633,3393,4659,5184,4095,3360,6092,7947,4830,3650,4795,5289,3996,3492,7.07986,-11.0423,8.57816,48.1007
96495,7441,9755,5325,3772,5004,5343,4225,3644,3735,4001,3607,3387,3384,3418,3181,3026,-26.7204,-11.1778,8.85035,48.1653
96496,3350,3394,3200,3060,4137,3878,3413,3251,6971,5010,3853,3384,11533,5812,3860,3438,21.5637,-33.3382,8.95176,47.696
96497,5063,4242,3573,3262,8361,5238,3819,3292,7644,5254,3806,3414,4495,4117,3540,3194,-1.02793,-23.0052,8.98326,48.2093
96498,3354,3550,4299,4335,3452,3987,6122,6033,3486,4170,6683,6367,3578,3823,4399,4525,1.20725,14.8039,8.65033,48.1087
96499,3073,3238,3302,3290,3226,3478,3847,3889,3461,4152,5207,5648,3615,4337,8087,10006,29.2935,17.943,8.54487,47.904
96500,6490,8999,5494,3805,5086,6234,4497,3760,3894,4013,3662,3368,3324,3413,3235,3100,-21.2331,-9.37739,8.73018,48.2493
96501,5625,6085,4245,3535,6547,7983,4537,3600,4446,4769,3816,3508,3610,3802,3416,3127,-10.7939,-12.5474,8.9237,48.434
96502,3358,3338,3226,3098,4096,3789,3558,3245,5671,5261,4148,3472,9571,8451,4374,3454,25.4957,-16.7772,8.5959,48.0733
96503,3426,3452,3196,3179,4067,3813,3483,3168,6737,4842,3816,3375,11971,5898,3955,3474,22.7917,-32.0922,8.78336,47.9013
96504,3183,3337,3241,3434,3333,3641,3735,3839,3532,4234,5187,4995,3841,5251,9585,7389,30.5109,11.2024,8.78525,47.838
96505,3526,3307,3242,2937,4310,3901,3517,3251,7661,5021,3832,3358,10589,5794,4013,3319,18.9563,-27.8311,8.73581,47.7187
96506,4437,7519,8589,5207,4044,4996,5146,4251,3515,3781,3837,3625,3180,3415,3375,3231,-25.1203,1.72106,8.87284,48.0987
96507,3278,3773,4845,4938,3481,4097,7163,7343,3502,3956,5435,5564,3261,3601,3960,4081,-4.59741,15.505,8.93323,48.1853
96508,3209,3325,3459,3344,3382,3732,4160,3913,3852,4848,6698,5161,3822,5379,8156,5920,18.2474,8.05627,8.52797,48.24
96509,3692,4454,6805,6374,3633,4327,7203,6389,3436,3603,4356,4268,3123,3390,3463,3544,-14.5594,13.4597,8.71522,48.04
96510,7419,5030,3760,3267,9913,5205,3786,3410,5311,4165,3571,3260,3848,3527,3391,3249,-10.6109,-27.8574,8.88029,48.0747
96511,3388,3343,3233,3159,4031,3920,3382,3306,7644,4924,3818,3454,11294,5830,3865,3339,20.1298,-32.2756,8.93669,47.9533
96512,3210,3333,3325,3402,3535,3831,3772,3688,3867,5029,5677,4587,4270,6809,8772,5263,22.4282,3.75803,8.76421,48.2467
96513,3907,5374,7358,5213,3921,5168,7256,4962,3433,3873,4221,3999,3283,3308,3510,3374,-15.3873,6.20881,8.76393,48.1067
96514,5527,8756,6535,4220,4515,5891,4986,3921,3718,3972,3737,3458,3332,3395,3378,3175,-21.4487,-4.68419,8.69812,48.344
96515,8293,8659,4861,3592,5573,5670,4107,3604,3845,4018,3511,3408,3229,3394,3286,3159,-23.1405,-13.8021,8.73418,48.1393
96516,3676,4309,5980,5213,3708,4737,8063,5870,3436,3931,4815,4377,3295,3452,3750,3703,-9.95413,10.4981,8.7591,48.21
96517,3509,4171,5609,5163,3617,4685,8213,6170,3387,3928,5150,4718,3268,3501,3724,3788,-8.18142,11.5466,8.94646,48.4007
96518,3300,3798,5293,8428,3358,3727,5278,9487,3326,3659,4169,4740,3143,3257,3457,3521,-13.2332,32.2233,8.9836,47.9607
96519,3430,4370,8124,10339,3328,3960,5092,5617,3282,3517,3742,3792,3118,3121,3521,3409,-29.708,17.8792,8.95488,47.8413
96520,3316,3882,6295,12758,3383,3734,4686,6197,3143,3426,3855,3972,3020,3245,3322,3355,-28.6023,27.3359,8.78124,47.726
96521,3325,3731,4508,5736,3488,3762,5191,9632,3338,3653,4675,6862,3279,3427,3811,4099,-4.76822,29.7877,8.78935,48.3447
96522,3291,3524,3894,3818,3397,4026,5493,4989,3640,4486,7879,6426,3414,3924,5176,4926,5.62687,12.403,8.89811,48.202
96523,4913,7945,6904,4511,4349,5863,5450,4064,3710,3937,3810,3681,3270,3404,3390,3329,-20.5623,-1.55345,8.62427,48.3533
96524,4863,4230,3594,3262,8307,5163,3859,3375,8038,4996,3735,3352,4695,4141,3522,3229,-0.421894,-25.6622,8.72432,48.2407
96525,3482,4476,8548,9462,3489,4008,5137,5627,3385,3442,3772,3840,3175,3306,3365,3331,-32.5834,16.5587,8.89615,47.8967
96526,3178,3316,3669,3818,3374,3710,4423,5359,3370,3985,6031,9094,3377,3936,5032,6474,9.44195,21.4684,8.61502,48.0973
96527,3275,3333,3340,3379,3450,3811,3852,3789,3937,4797,5646,4565,4210,6487,8943,5466,23.083,4.57209,8.61839,48.1867
96528,3532,3923,4177,3805,3933,5091,6312,4481,3933,5470,7040,4518,3645,4250,4365,3977,1.55748,3.97716,8.50236,48.3013
96529,5125,4508,3668,3360,8136,5806,3962,3391,6898,5210,3794,3440,4437,4051,3563,3182,-2.8731,-20.9404,8.58635,48.354
96530,4037,4455,4065,3560,4906,7319,5212,3892,4705,6395,4801,3824,3854,4177,3779,3496,-1.9679,-5.71637,8.80335,48.318
96531,10209,5419,3873,3421,8136,5101,3768,3468,4424,3994,3560,3233,3530,3512,3187,3178,-17.915,-32.0288,8.61087,48.0087
96532,10755,6304,4021,3421,7216,5060,3862,3277,4197,3928,3554,3254,3354,3378,3285,3200,-20.697,-23.4065,8.75098,48.044
96533,3409,4013,6371,8981,3463,3978,5766,7626,3305,3569,4169,4392,3062,3305,3494,3433,-17.1277,20.2715,8.65872,48.224
96534,3409,3259,3307,3157,3717,3927,3810,3375,4624,5869,4945,3908,5536,9084,6383,4141,22.0752,-4.87119,8.73763,48.3007
96535,3172,3454,3847,4053,3254,3764,4826,6027,3312,3884,6048,8993,3281,3735,4828,5846,6.35811,21.4752,8.5576,48.216
96536,5874,4629,3607,3337,9573,5276,3802,3425,6381,4569,3654,3407,4097,3830,3569,3203,-5.97116,-29.2209,8.50577,48.1553
96537,3371,3886,6115,12524,3372,3738,4740,6140,3217,3473,3715,3941,3117,3225,3292,3507,-27.0895,31.177,8.63084,47.582
96538,3278,3427,3604,3669,3413,3974,4675,4131,3688,4934,8070,5573,3708,4704,6081,5206,10.8031,8.72262,8.82999,48.09
96539,3258,3533,3643,3421,3582,4134,4204,3717,4222,6218,6982,4458,4273,5781,6444,4530,13.8998,2.17017,8.62889,48.2667
96540,3613,4487,8206,9501,3475,4072,5296,5635,3251,3554,3838,3978,3106,3217,3370,3368,-26.5283,16.6085,8.53298,47.978
96541,3112,3373,3481,3499,3352,3627,4219,4096,3659,4390,6849,6084,3650,4648,7326,6897,16.5695,13.4311,8.53134,48.1747
96542,3323,3981,6009,10790,3340,3877,5032,7555,3267,3461,3891,4309,3129,3198,3475,3439,-19.6228,25.3549,8.9212,48.0507
96543,4547,7013,7234,4776,4230,5713,5895,4210,3592,3863,4069,3712,3338,3356,3442,3213,-18.4268,0.673205,8.70755,48.1353
96544,3123,3458,3615,3571,3364,3836,4442,4334,3690,4505,7668,6005,3563,4630,6646,5904,13.287,11.3259,8.78936,48.236
96545,3419,4105,5884,6232,3543,4308,7039,7407,3392,3800,4553,4875,3277,3407,3641,3628,-11.1424,15.7677,8.93099,48.34
96546,4192,4076,3527,3362,5458,5714,4019,3428,6739,7281,4253,3516,4900,4618,3839,3432,3.92678,-14.0143,8.68866,48.236
96547,4092,6090,9271,5796,3923,4797,5911,4676,3429,3672,4004,3682,3180,3352,3312,3339,-22.5604,6.00138,8.63239,48.3507
96548,4703,4201,3672,3208,8515,4978,3781,3380,8083,5112,3803,3316,4588,4020,3608,3325,-0.67822,-33.9314,8.89328,48.1953
96549,9429,5544,3782,3287,8758,5181,3900,3351,4617,4119,3509,3214,3634,3405,3242,3145,-15.9283,-26.8075,8.95709,48.078
96550,12645,6081,3996,3440,6267,4821,3736,3364,3912,3849,3421,3288,3369,3290,3181,3050,-25.6838,-33.7607,8.97478,47.8067
96551,9589,7097,4277,3411,6641,5444,3926,3556,4128,3905,3528,3189,3542,3443,3191,3165,-20.8507,-19.5304,8.57798,48.0213
96552,3336,3435,3521,3252,3740,3978,4046,3777,4275,6046,6014,4302,4444,6727,6855,4739,17.0869,0.220616,8.54837,48.3247
96553,3108,3373,3359,3320,3325,3548,3860,3808,3505,4089,5514,5355,3634,5053,9332,7884,24.5494,12.4291,8.8717,48.0447
96554,3251,3706,4580,5687,3395,3775,5196,9476,3266,3647,4730,6718,3195,3425,3855,4246,-4.96755,28.1505,8.642,48.0987
96555,3754,3777,3599,3242,4781,5023,4002,3413,6543,7920,4565,3595,5122,5365,4119,3482,8.06015,-12.3564,8.7964,48.2013
96556,3316,3608,4143,4329,3415,4144,5884,5992,3502,4253,6850,6679,3329,3810,4491,4722,2.03065,15.0639,8.95871,48.3113
96557,3197,3280,3584,3682,3267,3624,4162,5011,3466,3900,5200,9324,3316,3806,5149,7951,12.4927,32.466,8.57727,47.946
96558,6727,5804,3896,3380,7811,6848,4039,3424,4761,4513,3686,3265,3662,3726,3271,3154,-11.8974,-17.4053,8.77923,47.978
96559,5428,4522,3762,3113,9165,5379,3806,3387,6872,4736,3712,3216,4293,3784,3430,3214,-4.19314,-25.5739,8.55501,47.8793
96560,4130,6384,10006,5978,3819,4358,5184,4476,3377,3656,3704,3723,3122,3313,3480,3215,-29.4094,6.22462,8.84421,47.95
96561,3161,3322,3612,3814,3339,3585,4287,5053,3368,3857,5195,9667,3304,3818,5085,7760,11.8997,32.4007,8.8072,48.1513
96562,3489,3792,4185,3954,3745,4596,6404,4647,3853,5068,7418,5073,3636,4124,4515,4121,2.19436,6.9941,8.55244,48.4133
96563,3168,3320,3292,3241,3545,3666,3810,3742,3947,4574,5174,4530,4139,6357,9897,5814,32.7446,5.96166,8.93394,48.144
96564,3060,3251,3322,3359,3131,3404,3843,4073,3380,3701,4870,6778,3302,3872,5952,12165,23.7755,29.0653,8.98065,47.642
96565,4618,5310,4254,3793,5313,7960,5125,3720,4433,5220,4044,3579,3779,3937,3658,3310,-7.45844,-8.08897,8.52567,48.0353
96566,3159,3248,3441,3344,3222,3479,3703,4010,3372,3686,4720,6240,3447,3954,6135,12606,26.9905,28.1091,8.71348,47.844
96567,3648,5128,9440,7857,3674,4173,5089,5141,3419,3609,3824,3911,3184,3206,3322,3454,-29.851,12.3503,8.50353,48.0527
96568,3130,3248,3326,3253,3252,3437,3752,3836,3318,3883,4766,6068,3541,3936,5999,12426,28.0322,33.1957,8.5079,47.4473
96569,3575,3562,3363,3133,4592,4266,3675,3389,7729,6264,4071,3429,7634,6119,4099,3475,14.2359,-18.872,8.51248,48.25
96570,3873,4350,5341,4593,3911,5384,8105,5148,3609,4328,5093,4323,3293,3634,3739,3725,-7.49627,6.38951,8.64301,48.2993
96571,3400,3796,5034,7544,3375,3889,5430,9769,3302,3432,4173,5041,3136,3320,3746,3543,-11.3264,33.2899,8.86179,47.9533
96572,5392,8871,7120,4373,4339,5479,4997,3918,3595,3816,3760,3507,3234,3421,3293,3180,-24.2975,-3.36109,8.66009,48.1967
96573,3717,3615,3420,3100,4912,4195,3587,3346,8960,5726,3840,3418,7990,5562,3765,3354,13.1572,-23.3961,8.61112,48.338
96574,5388,4646,3763,3258,8476,6192,3850,3379,6171,4879,3908,3337,4359,3970,3477,3089,-5.04175,-20.1416,8.88746,48.0947
96575,3503,3428,3245,3086,4018,3968,3568,3340,6724,5823,4049,3556,8770,7342,4326,3514,19.6476,-17.7625,8.67071,48.1733
96576,4314,5478,5147,4080,4504,7502,6138,4214,3894,4685,4431,3738,3389,3764,3612,3386,-9.9671,-2.54249,8.51917,48.184
96577,3444,4255,7071,9208,3447,4030,5616,6713,3269,3488,4023,4105,3060,3263,3486,3472,-19.7867,18.8684,8.90966,47.9667
96578,4828,8133,7691,4547,4291,5258,5097,4211,3583,3891,3721,3593,3215,3482,3426,3202,-23.3903,-0.714504,8.64326,48.1127
96579,3639,4948,9343,7991,3570,4179,5242,5249,3241,3488,3840,3847,3197,3286,3394,3333,-32.617,12.6575,8.76321,47.858
96580,4666,4771,3705,3395,6388,7508,4515,3505,5472,5881,4151,3434,4066,4004,3610,3310,-3.82324,-12.4766,8.82343,48.254
96581,3542,3723,3533,3338,4241,5002,4317,3678,5070,7951,5891,3977,4367,5395,4639,3799,8.35137,-4.80591,8.85849,48.3087
96582,3896,5572,7530,5296,3912,5262,7035,4918,3502,3771,4080,3759,3266,3411,3514,3308,-16.4982,5.36092,8.77167,48.0213
96583,3293,3928,5208,6379,3474,4112,6627,8488,3352,3761,4699,5071,3183,3463,3612,3826,-9.87296,18.8187,8.85795,48.3173
96584,5366,5491,4020,3504,7029,7467,4362,3594,4790,4900,3829,3450,3781,3707,3336,3147,-8.54344,-14.3468,8.89774,47.8487
96585,3313,3512,3918,4276,3311,3761,4716,7267,3373,3783,5118,9144,3351,3590,4337,5311,2.97924,30.3832,8.69024,48.054
96586,3381,3282,3294,3252,3810,3743,3492,3220,6147,4675,3741,3361,12769,5895,3942,3362,29.9513,-30.8158,8.50263,47.5773
96587,3311,3872,4646,4883,3424,4215,6773,6963,3420,4048,5762,5871,3254,3612,4033,4191,-3.42818,15.2082,8.78107,48.1853
96588,3347,3333,3220,3277,3860,3747,3486,3204,6292,4705,3824,3361,12361,6190,3941,3430,27.7266,-26.3884,8.81379,47.7187
96589,3379,3367,3253,3146,3976,3778,3514,3332,6297,4981,3895,3311,11387,6958,4008,3465,25.3134,-22.9379,8.60458,48.0313
96590,3557,3629,3313,3116,4451,4151,3618,3335,7790,5841,3971,3428,8235,6340,4056,3432,15.6766,-19.7387,8.55632,48.1753
96591,3211,3305,3325,3377,3266,3507,3900,3925,3362,3835,5015,5991,3464,3992,6664,12078,27.4386,23.7769,8.56052,48.1447
96592,3104,3225,3390,3354,3372,3511,3767,3792,3580,4198,5603,5334,3596,4840,9178,8411,24.869,13.4543,8.96692,48.17
96593,3244,3463,3296,3195,3543,3736,3623,3454,4316,5214,4844,3966,5253,9239,7310,4417,30.6262,-3.10422,8.85718,48.0753
96594,3338,3359,3126,3111,3895,3843,3465,3255,6297,4866,3780,3415,12570,6013,3967,3411,25.8634,-31.7575,8.85969,47.8073
96595,3354,3966,5869,12871,3459,3734,4543,5870,3292,3338,3671,3904,3210,3359,3336,3408,-32.9136,32.4213,8.92734,47.456
96596,3228,3410,3357,3214,3687,3914,3802,3537,4264,5583,5648,4301,4572,7572,7656,4767,20.7136,-0.0435712,8.58861,48.3413
96597,8484,8004,4496,3547,6104,5750,4208,3551,3971,3980,3638,3186,3237,3408,3251,3130,-21.3051,-15.8952,8.57521,47.9633
96598,4254,3954,3416,3214,6754,4660,3608,3341,9650,5199,3863,3265,5446,4521,3764,3199,4.45269,-32.9689,8.90393,48.072
96599,3290,3551,4108,4092,3362,3771,5309,6062,3449,4028,6496,7604,3363,3710,4671,5152,4.29979,17.7896,8.7185,48.012
96600,3435,3967,5617,10287,3454,3792,5037,7845,3395,3565,3903,4205,3076,3184,3526,3535,-18.8026,30.5875,8.62156,47.882
96601,3512,3450,3242,3146,4628,4052,3493,3318,8382,5143,3864,3450,9506,5760,3933,3408,16.9395,-26.572,8.58957,48.1913
96602,3928,4311,4032,3714,4684,6833,5109,3800,4733,6533,5223,3811,3868,4207,3968,3570,-0.234174,-4.96098,8.63378,48.216
96603,3370,3403,3235,3106,4230,3900,3453,3206,7384,5152,3720,3382,10825,6135,4022,3455,20.172,-24.3105,8.95658,47.9853
96604,3038,3251,3407,3394,3183,3562,3846,3827,3404,3935,5058,5935,3387,4342,7695,10644,27.0238,19.0528,8.85753,47.9387
96605,12009,5972,4000,3383,6573,4700,3746,3454,3959,3857,3440,3291,3337,3361,3230,3164,-24.1463,-33.3603,8.5339,47.6507
96606,3349,3319,3209,3039,3943,3843,3503,3219,5527,5211,4059,3546,9274,8788,4577,3503,26.973,-15.5604,8.8836,47.9393
96607,3150,3389,3600,3845,3317,3554,4248,5272,3300,3765,5276,9700,3362,3800,5133,7653,11.562,28.0861,8.52562,48.2427
96608,11195,5668,3961,3342,7545,4986,3764,3364,4254,3912,3423,3139,3447,3404,3320,3141,-20.2387,-32.2717,8.95155,47.91
96609,3771,4433,5360,4639,4014,5399,8166,5121,3492,4177,5195,4333,3326,3642,3805,3729,-8.23409,6.4229,8.82163,48.4013
96610,5139,4553,3623,3339,8646,5707,3867,3428,6729,4921,3843,3320,4296,3941,3467,3211,-3.77749,-21.801,8.75088,48.02
96611,3252,3266,3506,3610,3443,3573,4092,4732,3386,3818,5133,9098,3399,3900,5240,8466,14.1498,33.802,8.73658,47.9427
96612,3323,3495,4077,4517,3383,3661,4941,7890,3413,3704,4999,8644,3338,3516,4236,4797,1.16232,33.5879,8.93699,47.956
96613,3243,3724,4852,6382,3441,4042,5743,9587,3266,3524,4509,5661,3081,3372,3814,3926,-8.14954,23.6773,8.82505,48.1113
96614,9891,8355,4541,3547,5526,5229,3917,3586,3878,3743,3498,3277,3469,3391,3299,3051,-28.5311,-17.0228,8.94552,48.132
96615,3259,3344,3523,3518,3596,4077,4326,4079,3876,5288,7355,5017,3900,5189,6819,5090,13.961,5.76631,8.70402,48.1707
96616,3155,3190,3307,3265,3195,3488,3842,3941,3359,3856,4879,6157,3489,4139,7249,11320,25.1319,21.4255,8.93267,47.8873
96617,5767,9446,6385,4054,4573,5587,4616,3927,3744,3872,3775,3379,3350,3418,3245,3112,-24.2045,-5.67407,8.77518,48.1667
96618,8094,9167,4806,3748,5508,5395,4158,3509,4005,3838,3623,3303,3391,3420,3311,3062,-23.7741,-13.4239,8.92897,48.2253
96619,3144,3542,4015,4261,3517,3852,5821,6035,3387,4150,6880,7196,3297,3685,4503,4827,2.84361,15.777,8.95709,48.0747
96620,3133,3263,3411,3398,3385,3622,3883,3923,3646,4121,5707,5604,3615,4752,8671,7941,22.1125,13.3846,8.88666,48.05
96621,6391,6357,4219,3539,6849,7243,4316,3552,4513,4362,3718,3352,3683,3508,3511,3199,-12.7361,-14.7259,8.74238,48.208
96622,3438,3447,3288,3112,4214,4153,3649,3378,6587,5961,4103,3631,7818,7533,4421,3583,18.5138,-16.1688,8.53819,48.2107
96623,10067,5581,3882,3368,8300,5095,3864,3244,4327,3879,3514,3109,3547,3389,3232,3203,-17.1893,-29.4391,8.92172,47.734
96624,9661,5594,3965,3377,8300,5097,3829,3314,4308,3977,3413,3265,3422,3542,3298,3069,-16.9641,-31.2604,8.60513,47.6207
96625,6332,8500,5274,3842,5390,6398,4486,3706,4064,4036,3707,3469,3349,3506,3249,3230,-19.3787,-9.70818,8.70836,48.3587
96626,5468,9284,7195,4316,4347,5160,4796,3991,3576,3789,3592,3391,3197,3382,3331,3168,-25.7704,-3.50502,8.93276,47.9887
96627,3482,3622,3387,3233,4007,4388,3769,3278,5688,7908,4847,3685,5559,6916,4778,3758,13.7814,-9.29443,8.97175,48.2033
96628,3081,3154,3382,3392,3248,3477,3700,3839,3436,3841,4736,6042,3427,3855,6301,12668,29.7903,27.989,8.98961,47.7193
96629,3770,3643,3409,3157,5035,4443,3786,3283,8582,6471,4140,3373,6613,5423,3930,3359,10.776,-19.0426,8.6442,48.278
96630,3931,5639,9724,6853,3664,4322,5184,4883,3323,3674,3837,3786,3157,3300,3429,3284,-31.3044,9.26969,8.69349,47.9933
96631,3159,3313,3541,3686,3270,3577,4202,4998,3439,3900,5308,9254,3369,3905,5212,8283,13.2035,26.1942,8.73281,48.2773
96632,3387,4022,5593,8464,3369,3986,5549,8588,3245,3525,4123,4656,3077,3345,3636,3567,-14.9054,23.0189,8.60389,48.088
96633,3314,3632,4509,5604,3468,3803,5166,9779,3290,3713,4650,6557,3237,3456,3826,4114,-5.37782,33.8477,8.96372,48.0787
96634,4576,5372,4261,3683,5337,8147,5381,3806,4414,5285,4346,3576,3725,3694,3533,3421,-7.09952,-6.77828,8.93581,48.3713
96635,3190,3353,3349,3243,3562,3593,3870,3656,4038,4603,5342,4317,4247,6786,9273,5646,26.182,4.43813,8.65723,48.0453
96636,3327,3453,3693,3529,3513,3988,4679,4050,3806,5254,8082,5146,3796,4843,6190,4761,11.4269,6.56442,8.91408,48.0733
96637,3199,3418,3754,3853,3391,3742,4641,4967,3400,4434,7193,7555,3465,4091,5453,6046,9.33353,16.3166,8.9844,48.4013
96638,4200,4742,4231,3517,5017,7686,5309,3794,4480,5899,4662,3658,3728,4018,3694,3516,-3.84337,-6.25774,8.72739,48.1007
96639,3524,4206,6071,6063,3568,4423,7588,6746,3305,3836,4574,4491,3203,3429,3598,3730,-11.6395,13.7998,8.79573,48.2367
96640,3666,3531,3337,3131,4394,4443,3725,3474,6610,7284,4336,3557,6308,6474,4373,3473,13.2323,-13.5431,8.73606,48.0773
96641,3791,3546,3403,3159,5423,4314,3511,3237,10016,5044,3801,3349,7090,4841,3810,3365,10.1718,-30.2768,8.92282,47.8
96642,3823,3616,3441,3027,5077,4457,3658,3278,8501,6484,4073,3395,6541,5322,3956,3440,10.133,-19.1223,8.91632,48.0593
96643,3764,4319,4994,4379,3756,5495,8000,5076,3722,4488,5431,4335,3299,3752,3914,3716,-5.61059,5.63231,8.85462,48.2933
96644,5765,4459,3614,3212,9659,5274,3804,3462,6593,4613,3665,3315,4209,3828,3472,3147,-5.27937,-26.7346,8.93555,48.0607
96645,3148,3237,3410,3354,3208,3337,3919,4007,3267,3755,4826,6167,3367,3992,6479,12586,27.2052,25.3506,8.92272,48.0393
96646,3446,3868,5942,12563,3380,3733,4732,5804,3332,3332,3721,3912,3230,3214,3435,3362,-32.8065,33.5615,8.98139,47.3373
96647,4391,3947,3530,3192,7424,4808,3740,3388,8983,5208,3800,3326,5049,4267,3642,3216,2.4297,-32.582,8.6519,47.9407
96648,4216,4549,4073,3525,5061,7318,4949,3718,4771,6313,4684,3711,3982,4097,3777,3434,-2.29013,-7.13858,8.83225,48.1187
96649,4783,8327,7787,4723,4317,5332,5218,4150,3725,3772,3704,3521,3248,3406,3272,3295,-23.2794,-0.832582,8.84793,48.3867
96650,5037,4315,3649,3246,8840,5259,3713,3289,7498,4798,3643,3294,4636,4120,3474,3213,-1.9646,-25.7948,8.68025,48.016
96651,5151,8359,6863,4193,4452,5723,5073,3944,3695,3950,3822,3557,3316,3298,3331,3209,-21.9257,-2.78204,8.52093,47.9573
96652,4583,4782,4010,3393,6152,7776,4530,3740,5140,5963,4233,3485,4056,4085,3623,3302,-3.75406,-11.3085,8.99419,48.5687
96653,3406,3666,3788,3598,3610,4217,5151,4371,3854,5231,8052,5265,3687,4345,5481,4465,7.74228,7.16533,8.63549,48.1247
96654,3288,4293,7739,10772,3496,3943,5013,5818,3186,3557,3890,3838,3096,3240,3396,3469,-29.1479,18.9463,8.84031,48.0227
96655,5987,9427,5977,3877,4858,5902,4668,3716,3773,3974,3694,3359,3321,3438,3198,3204,-22.921,-6.88658,8.92477,48.2487
96656,3266,3609,4579,5828,3258,3837,5216,9704,3357,3585,4436,6542,3163,3435,3940,4219,-5.72023,29.2045,8.93735,47.9827
96657,3375,3746,4773,6002,3333,3896,5602,9315,3347,3813,4704,6159,3071,3317,3836,3944,-6.83263,23.8663,8.69722,48.1553
96658,3188,3514,4109,4438,3332,3827,5066,7479,3302,3783,5239,8708,3321,3613,4310,5122,1.89608,24.9308,8.71087,48.234
96659,3336,4093,6108,12545,3414,3799,4778,6180,3246,3579,3804,3913,3155,3272,3344,3394,-26.9793,27.4811,8.66671,47.9733
96660,3260,3685,4136,4320,3472,4115,6284,5726,3536,4300,7060,6423,3425,3745,4494,4620,1.69569,13.6533,8.89992,48.4007
96661,4455,5971,5543,4090,4578,7068,6284,4129,3874,4341,4198,3622,3419,3520,3527,3306,-12.2495,-1.75906,8.84463,47.95
96662,6043,7973,5212,3820,5285,6772,4640,3763,4038,4031,3783,3416,3416,3467,3448,3136,-17.8442,-9.19562,8.61701,48.162
96663,3384,3877,6087,12542,3399,3739,4763,6137,3214,3520,3673,3855,3224,3314,3344,3496,-31.7902,28.177,8.53444,47.712
96664,3118,3242,3406,3423,3276,3617,3681,3779,3849,4538,5325,4802,4046,6162,9901,6165,31.6371,6.82474,8.75604,48.22
96665,3167,3596,4177,4464,3390,3966,5705,6778,3347,3993,5920,7265,3273,3819,4560,4782,0.983883,18.3841,8.83584,48.1347
96666,3182,3239,3386,3452,3199,3494,3679,3910,3381,3719,4784,6167,3457,3944,6216,12653,30.1913,27.6414,8.73446,47.908
96667,3912,3831,3565,3319,4826,5396,4018,3583,6228,7793,4546,3546,4836,5123,4091,3571,6.15192,-11.3441,8.74479,48.1227
96668,10968,7577,4283,3495,5846,5129,3860,3390,3889,3832,3488,3333,3388,3407,3297,3058,-28.6559,-19.8073,8.96596,48.16
96669,3031,3249,3396,3430,3263,3391,3963,4208,3366,3815,5158,7365,3303,3959,6075,10695,20.332,25.0445,8.92517,47.778
96670,3187,3243,3226,3253,3427,3697,3723,3710,3873,4584,5270,4632,4058,6281,10005,6129,27.1663,6.6846,8.84695,48.1987
96671,3096,3202,3411,3393,3229,3397,3736,4003,3349,3671,4680,6121,3380,3897,6148,12512,29.5765,28.8768,8.68045,47.4833
96672,5140,4504,3670,3296,8638,5718,3947,3300,6911,5014,3872,3311,4402,3985,3406,3236,-2.97377,-21.7856,8.6841,48.2333
96673,8482,5303,3877,3316,9295,5319,3894,3263,4888,4100,3609,3242,3626,3546,3297,3103,-13.346,-31.4753,8.78455,48.1067
96674,4327,5262,4631,3838,4782,7781,5983,3873,4017,5168,4492,3732,3533,3687,3663,3306,-7.25739,-3.77115,8.95897,48.05
96675,3199,3123,3208,3409,3287,3449,3721,3886,3396,3908,4942,6120,3484,4180,7053,11641,26.006,21.9415,8.86712,48.004
96676,3186,3489,3597,3480,3450,3880,4382,4072,3634,4890,7460,5562,3801,4905,7090,5539,14.2453,9.08663,8.66574,48.278
96677,3181,3303,3662,3719,3330,3556,4128,5111,3387,3766,5369,9486,3333,3847,5165,7923,12.3372,27.4285,8.72614,48.1773
96678,3768,4011,3918,3521,4416,6176,4879,3683,4680,7310,5358,3930,4092,4558,4149,3690,2.39844,-4.97005,8.65603,48.0927
96679,3491,3843,4503,4349,3584,4664,7414,5706,3635,4384,6276,5262,3217,3740,4225,3985,-2.27596,10.4693,8.60586,48.1853
96680,3542,3413,3160,3127,4156,3833,3409,3224,7174,4961,3734,3350,11577,5924,3912,3452,21.3717,-27.9513,8.65904,47.9653
96681,3352,3772,4218,3972,3581,4360,6402,5063,3644,4615,7587,5622,3487,3957,4595,4209,2.24765,10.0467,8.99091,48.2907
96682,3250,3616,4451,5188,3430,3844,5893,8549,3319,3806,5100,6845,3154,3461,3949,4330,-3.4146,20.9197,8.95444,48.1233
96683,3478,3532,3725,3458,3825,4686,4585,3698,4338,7042,6953,4250,4163,5319,5148,4083,8.85241,-0.232586,8.97518,48.1887
96684,5474,5085,3887,3413,7413,7119,4132,3585,5357,5161,3878,3325,4056,3829,3396,3210,-6.66922,-16.1064,8.74018,48.2133
96685,3998,4014,3604,3281,5077,5804,4186,3521,5984,7564,4610,3631,4617,4968,4012,3384,4.55214,-11.4056,8.55199,48.17
96686,3847,4337,4855,4327,3938,6036,7744,4682,3645,4667,5390,4294,3278,3652,3890,3678,-5.3615,3.63335,8.92316,48.1733
96687,4808,4200,3569,3328,7948,5195,3816,3234,8059,5231,3853,3369,4779,4166,3622,3226,-0.0070614,-24.1808,8.83224,48.2687
96688,3304,3646,4245,4602,3350,4028,6056,6478,3478,4048,6400,6696,3348,3747,4350,4582,0.543583,15.9654,8.78187,48.2387
96689,3278,3796,4821,6572,3325,3813,5610,9770,3303,3669,4413,5754,3122,3408,3682,3825,-8.59958,25.082,8.63092,48.1073
96690,3795,3740,3350,3172,5458,4363,3653,3238,9591,5289,3821,3239,7061,5006,3801,3400,9.83288,-32.5404,8.52098,47.9847
96691,8630,9166,4687,3579,5116,5269,4183,3647,3902,3762,3601,3336,3418,3372,3237,3104,-29.6,-14.1573,8.88677,48.006
96692,3231,3342,3405,3262,3463,3714,3746,3682,4013,4920,5375,4438,4364,6950,9037,5255,24.263,3.48108,8.53415,48.1313
96693,2992,3210,3424,3453,3275,3383,3781,4011,3513,3889,4974,6616,3350,4071,6297,11793,23.8583,25.4148,8.50848,48.0213
96694,5548,6076,4331,3569,6442,7939,4740,3656,4569,4706,3773,3286,3531,3683,3452,3223,-10.7254,-12.4098,8.55463,48.3493
96695,3653,4746,8022,7011,3629,4343,6460,5832,3411,3724,4099,4091,3104,3368,3490,3347,-18.3924,13.0132,8.63263,48.22
96696,4328,4416,3924,3371,5976,7105,4290,3629,5686,6365,4167,3479,4169,4223,3669,3395,-1.48754,-12.407,8.91246,48.128
96697,3542,4572,8850,9206,3453,4070,5176,5432,3223,3538,3782,3823,3159,3168,3437,3406,-33.8085,15.6,8.89989,47.8913
96698,7022,8387,4746,3590,5633,6516,4338,3648,4045,4097,3705,3382,3352,3503,3297,3168,-18.7315,-11.8194,8.97613,48.286
96699,3716,4139,4835,4162,3836,5534,7411,4747,3763,4695,6008,4638,3494,3810,3959,3735,-3.53872,5.39635,8.89432,48.3213
96700,3060,3208,3455,3467,3214,3514,3848,4056,3355,3922,5059,6584,3456,4038,6752,11092,22.8582,22.3704,8.78224,48.0533
96701,3334,3398,3550,3424,3534,3944,4402,3979,3964,5237,7234,4935,3894,5293,7039,5197,14.7945,5.87405,8.56617,48.2387
96702,7802,9549,5205,3727,5078,5202,4215,3641,3761,3886,3438,3353,3397,3336,3198,3099,-28.0084,-11.8403,8.69217,47.9247
96703,8896,8349,4516,3542,5706,5512,4121,3437,4000,3872,3588,3326,3389,3380,3282,3114,-23.7271,-15.9107,8.78305,48.02
96704,3122,3292,3342,3412,3166,3456,3830,3967,3361,3834,4840,6035,3457,4095,7213,11400,26.7995,21.2931,8.75167,47.8813
96705,3252,3317,3186,3121,3663,3800,3602,3526,4683,5254,4614,3954,5785,9575,6531,4182,27.635,-5.43915,8.66956,48.03
96706,3109,3239,3324,3373,3208,3468,3969,3816,3335,3863,4783,6096,3425,3875,5993,12667,26.7382,32.9275,8.61875,47.6953
96707,3313,3888,5089,6037,3348,3922,6118,8558,3308,3653,4629,5644,3097,3413,3789,3979,-7.64336,20.2588,8.57049,47.8567
96708,3195,3207,3378,3225,3498,3771,3713,3541,4073,4936,4840,4302,4768,8569,8021,4795,27.8958,-0.659612,8.74137,47.888
96709,3567,4483,8974,9118,3606,4037,5116,5262,3077,3365,3876,3833,3250,3179,3365,3375,-30.861,15.1337,8.93022,47.6553
96710,3285,3425,3227,3221,3676,3929,3730,3490,4390,5818,5074,3926,5157,8398,6791,4339,21.7324,-3.3141,8.68329,47.9173
96711,3116,3504,4008,4363,3255,3856,5082,7039,3355,3838,5817,8425,3240,3686,4375,5271,2.73711,21.864,8.72061,48.1533
96712,3350,3294,3190,3087,4032,3751,3454,3286,6233,4731,3797,3389,12547,5982,3933,3423,26.0533,-30.8174,8.61821,47.6527
96713,4316,4296,3642,3303,6070,6219,4260,3476,6442,6646,4193,3502,4377,4623,3724,3323,0.957208,-14.5029,8.88238,48.2747
96714,4091,5977,9281,5952,3760,4550,5854,4723,3390,3725,3894,3705,3114,3345,3478,3409,-22.7484,6.98879,8.50431,48.1653
96715,3490,3417,3267,3172,4595,3997,3510,3289,8599,5240,3807,3466,9313,5585,3940,3442,16.0389,-25.5682,8.99866,48.086
96716,3152,3202,3364,3419,3211,3325,3654,3893,3342,3767,4670,6147,3320,3858,5825,12765,33.1419,29.9017,8.94366,47.276
96717,4190,4069,3485,3207,6184,5169,3795,3346,8243,6326,3947,3466,5189,4765,3714,3462,4.30132,-18.609,8.90016,48.3713
96718,12086,6639,3964,3524,6117,4740,3838,3382,3848,3850,3414,3220,3488,3347,3153,3192,-30.1643,-24.6969,8.71357,47.868
96719,3748,3612,3315,3234,5107,4363,3660,3250,8640,6179,3952,3443,6996,5480,3985,3370,11.3199,-20.5567,8.81295,48.2227
96720,3515,4444,8026,9619,3463,3929,5201,5840,3245,3517,3940,3868,3139,3154,3419,3408,-25.7328,17.3439,8.562,47.818
96721,3592,4326,7080,7178,3613,4235,6682,6694,3282,3653,4165,4221,3068,3325,3582,3414,-16.1366,14.876,8.9513,48.0733
96722,13034,6044,3927,3382,6091,4772,3862,3423,3883,3672,3325,3242,3401,3229,3201,3119,-28.5918,-32.1613,8.90715,47.738
96723,3191,3412,3934,4332,3432,3653,4653,6450,3420,3794,5477,9373,3224,3621,4484,5645,4.89929,24.7612,8.80891,48.0633
96724,11872,5767,3950,3415,6969,4847,3653,3394,4033,3839,3441,3267,3395,3466,3213,3151,-22.2249,-30.5211,8.98172,47.7813
96725,4782,4175,3505,3189,8155,4935,3694,3318,8457,4801,3717,3449,4846,4056,3535,3353,0.313529,-30.3649,8.80912,47.978
96726,9402,5883,3990,3373,8499,5381,3773,3362,4483,3988,3593,3251,3529,3431,3245,3089,-16.2793,-23.7191,8.92002,48.1813
96727,3452,3658,3854,3605,3831,4620,5481,4156,4048,5769,7777,4794,3748,4245,4933,4240,5.73606,4.74148,8.62314,48.1407
96728,3289,3327,3395,3136,3773,3718,3432,3258,5872,4623,3791,3492,12712,6014,4034,3463,29.898,-33.9312,8.78388,47.5527
96729,11610,6541,4087,3382,6419,4770,3917,3381,3892,3887,3519,3264,3402,3389,3227,3023,-24.2929,-24.1097,8.59348,47.8067
96730,3257,3799,5002,7392,3363,3773,5277,9905,3254,3424,4248,5567,3122,3397,3579,3765,-10.4021,29.0357,8.75118,48.0827
96731,3369,3633,3598,3309,3828,4520,3971,3590,4833,7543,5507,3983,4819,6463,5035,3930,12.5757,-5.34805,8.60549,47.954
96732,3742,4318,4725,4292,3973,5865,7600,4755,3703,4717,5745,4195,3436,3779,3968,3662,-4.59604,4.18328,8.79217,48.3167
96733,3590,4598,7692,7470,3502,4272,6180,6216,3347,3599,4067,4187,3098,3387,3412,3418,-18.2703,14.3345,8.74015,48.0233
96734,4139,3938,3348,3224,6741,4696,3705,3298,9459,5146,3826,3241,5519,4507,3729,3371,4.67572,-33.638,8.79552,47.9247
96735,3157,3353,3557,3511,3273,3789,4270,4332,3614,4364,6928,6563,3645,4305,6758,6725,15.0686,14.0623,8.81759,48.096
96736,3314,3623,4850,6542,3397,3876,5209,9822,3357,3543,4393,5721,3218,3319,3725,3809,-8.40345,31.3278,8.51629,47.812
96737,3645,5170,9857,7578,3671,4236,5152,4972,3359,3634,3953,3892,3191,3269,3380,3357,-31.5574,11.2913,8.97297,48.2107
96738,7925,9631,4888,3486,5091,5161,4139,3614,3914,3931,3469,3298,3287,3344,3387,3134,-33.2463,-12.5151,8.89124,47.7993
96739,4221,3904,3538,3163,7114,4777,3750,3313,9600,5157,3689,3340,5540,4369,3631,3176,3.96154,-30.3077,8.94662,48.188
96740,3303,3449,3412,3225,3859,4045,3822,3569,4809,6370,5213,4024,5281,7931,5955,4140,18.2545,-4.361,8.74271,48.2713
96741,3193,3206,3465,3459,3284,3497,3930,4159,3503,3961,5668,6802,3496,4185,7185,9236,19.7852,18.6432,8.57081,48.1527
96742,5192,4488,3532,3258,9267,5016,3807,3321,7288,4753,3654,3337,4293,4085,3419,3152,-3.08825,-31.4563,8.91969,47.908
96743,5305,5829,4340,3435,6196,7967,4612,3733,4435,4798,3927,3338,3614,3772,3325,3156,-10.2166,-11.2776,8.71076,47.8547
96744,3367,3371,3205,3029,3875,3836,3403,3231,6325,5078,3937,3424,10978,7200,4091,3491,24.0415,-20.9701,8.80077,47.894
96745,3074,3237,3471,3354,3053,3524,3761,4142,3424,3824,4979,6517,3359,3973,6395,11686,23.6769,25.4637,8.5906,47.8487
96746,5495,4475,3659,3211,9381,5234,3798,3402,6950,4755,3621,3360,4421,3885,3424,3209,-4.10864,-26.2086,8.91923,48.1867
96747,3486,3616,3706,3668,3783,4526,5119,4060,4044,5867,7673,4908,3820,4500,5009,4319,6.95355,4.01123,8.50236,48.0693
96748,6399,5411,3914,3505,8209,6463,4214,3408,5069,4504,3880,3288,3763,3633,3499,3170,-9.80439,-18.3703,8.60278,48.2193
96749,4087,4204,3845,3453,5165,6549,4497,3666,5317,7151,4696,3694,4243,4400,3860,3455,0.915974,-8.78205,8.84049,48.188
96750,3533,3631,3597,3280,3843,4788,4329,3640,4634,7643,6092,4083,4428,5575,5108,4167,9.88031,-3.12088,8.76701,48.2473
96751,4589,6196,5485,4043,4513,7222,6154,4119,3962,4302,4284,3640,3466,3570,3516,3335,-12.5412,-2.82375,8.69101,48.264
96752,3424,3401,3396,3097,3792,4033,3721,3303,5171,6281,4593,3623,6333,8884,5329,3881,20.1378,-9.09864,8.89545,48.1747
96753,3592,3573,3493,3256,4205,4354,3759,3468,6005,7511,4599,3627,5991,6879,4624,3616,14.1641,-11.2193,8.76394,48.368
96754,4465,6737,7793,4913,4125,5502,5961,4528,3409,3840,3905,3631,3207,3315,3418,3305,-19.2546,2.12709,8.73704,48.036
96755,3369,3365,3181,3176,3831,3815,3361,3233,6222,4738,3844,3305,12539,5975,3912,3469,26.4991,-32.8314,8.749,47.5567
96756,3181,3251,3402,3287,3306,3593,3782,3715,3728,4311,5489,4907,3792,5378,10001,6982,25.7578,9.67928,8.96997,48.07
96757,3397,3475,3257,3192,3855,3999,3665,3480,5305,6747,4629,3630,6134,8442,5243,3944,18.3549,-8.80355,8.87848,48.2627
96758,3369,3442,3170,3173,3976,3917,3520,3288,5462,5166,4072,3555,9031,9008,4589,3629,27.1277,-15.2146,8.82529,48.2447
96759,4373,6851,7484,4797,4178,5728,5962,4363,3608,3901,4112,3689,3248,3429,3419,3208,-18.5935,1.31305,8.73277,48.2333
96760,3841,5150,7096,5486,3808,4964,7428,5228,3481,3791,4264,3918,3333,3419,3536,3423,-14.653,7.35898,8.51381,48.1107
96761,3139,3331,3304,3418,3177,3493,3872,4191,3261,3894,4905,7315,3429,3913,5928,11243,20.8359,26.83,8.52507,47.8753
96762,3445,3524,3304,3209,3828,3888,3807,3452,4771,6148,4700,3832,5813,8860,5675,3997,20.6458,-6.80258,8.83197,48.1687
96763,3018,3261,3361,3377,3168,3524,3868,4070,3379,3991,5135,6756,3264,3969,6579,11425,22.5856,23.4634,8.78165,48.0967
96764,3335,3603,3793,3585,3518,4212,5158,4434,3833,5191,8259,5349,3672,4391,5435,4619,7.83352,7.37832,8.86469,48.258
96765,6302,9454,5670,3844,4900,5813,4576,3827,3704,3851,3632,3433,3347,3330,3377,3083,-23.4055,-7.95079,8.84114,48.0953
96766,4593,6875,7181,4807,4203,5671,5985,4336,3651,3865,4001,3712,3375,3376,3407,3353,-18.4968,0.92508,8.50312,48.2607
96767,6109,4705,3650,3250,9437,5402,3853,3310,6402,4497,3711,3273,4148,4026,3410,3186,-6.09229,-25.7653,8.68596,48.246
96768,3236,3367,3327,3130,3743,3711,3867,3474,4721,5793,4831,3840,5707,9052,6220,4085,22.6527,-5.44127,8.78203,48.0693
96769,3364,3626,3879,3852,3564,4210,5331,4445,3787,5031,7991,5501,3547,4239,5159,4599,6.38624,8.31316,8.52367,48.0833
96770,3275,3456,3192,3207,3758,3825,3794,3379,4519,5777,4777,3822,5640,9372,6491,4299,24.1758,-4.91857,8.71996,48.3887
96771,3310,3409,3295,3278,3680,3749,3779,3600,4337,5284,4902,4030,4976,8600,7541,4463,24.9635,-1.90807,8.7445,48.1553
96772,3568,3622,3400,3215,4121,4550,3990,3482,5397,7802,5126,3803,5363,6518,4709,3790,12.4174,-8.07063,8.91276,48.304
96773,3156,3181,3357,3387,3302,3467,3790,3826,3389,3746,4880,5971,3437,3852,5955,12587,26.5466,33.3006,8.91775,47.522
96774,5716,7073,4744,3747,5665,7705,4747,3657,4159,4344,3885,3513,3485,3527,3411,3273,-14.0344,-9.79444,8.78083,48.434
96775,12606,6072,3920,3376,6374,4737,3742,3459,3885,3809,3523,3221,3341,3274,3235,3059,-26.0833,-28.8729,8.7661,47.7553
96776,3280,3343,3408,3265,3565,3814,3833,3448,4373,5521,5466,4139,4711,7774,7425,4507,20.8169,-0.568582,8.73945,47.9147
96777,3306,3282,3368,3228,3557,3852,3741,3552,4304,5319,5107,4084,5068,8433,7648,4481,24.0519,-1.3181,8.66886,48.22
96778,3297,3907,6059,12861,3417,3758,4690,6218,3142,3461,3632,3951,3159,3203,3384,3411,-28.6088,30.8882,8.96815,47.7
96779,3388,3922,5954,12655,3416,3821,4607,6030,3288,3443,3682,3950,3214,3138,3360,3402,-28.6241,33.0146,8.90357,47.5133
96780,3565,3520,3151,3078,4812,4162,3541,3327,9000,5277,3779,3349,8979,5444,3830,3276,14.8216,-26.5662,8.63539,48.06
96781,3617,3641,3551,3309,4203,4999,4277,3549,5230,8061,5314,3941,4661,5594,4607,3675,8.78986,-6.72176,8.54792,48.1527
96782,3125,3214,3432,3330,3263,3331,3865,3943,3395,3917,5017,5921,3506,4353,7857,10604,26.1729,18.8235,8.93349,48.0487
96783,3246,3360,3276,3287,3544,3840,3726,3460,4284,4991,4854,4025,4836,8884,7771,4302,33.9832,-1.75187,8.92466,47.7907
96784,3237,3350,3277,3257,3458,3636,3790,3649,4054,4863,5062,4257,4657,7757,8695,4884,28.7311,1.32015,8.62764,47.922
96785,3170,3395,3555,3513,3448,3805,4408,4231,3579,4608,7711,6119,3489,4604,7063,5843,13.8096,11.1191,8.98372,48.3607
96786,3667,3694,3371,3048,4862,4312,3617,3311,8522,5846,3942,3419,7629,5610,4014,3506,13.2631,-21.3412,8.56489,48.2467
96787,3468,4045,6043,8018,3331,4040,6056,8088,3283,3507,4153,4553,3160,3243,3519,3578,-14.8541,20.0369,8.58263,48.0567
96788,3526,4369,7849,10512,3480,3918,5078,5963,3201,3419,3895,3798,3073,3219,3530,3300,-27.4106,19.0899,8.53363,48.0867
96789,7648,9717,5218,3755,4965,5245,4201,3574,3887,3833,3592,3237,3277,3383,3234,3208,-30.1384,-11.6145,8.85083,47.9827
96790,3412,3413,3283,3051,3971,3911,3576,3364,5666,5923,4365,3663,7492,8436,4935,3711,21.0325,-12.8403,8.69341,48.1147
96791,5274,8603,7521,4510,4277,5229,4897,4103,3559,3810,3682,3469,3201,3383,3279,3140,-25.7565,-2.18156,8.77881,47.958
96792,3641,4934,9416,8442,3574,4145,5444,5322,3285,3639,3755,3798,3131,3209,3382,3338,-25.7796,13.5863,8.99211,48.3033
96793,3254,3671,4630,4947,3532,4014,6410,7540,3347,4063,5461,6206,3198,3572,4040,4259,-3.19838,17.5741,8.76495,48.096
96794,3741,4797,5716,4611,3993,5673,8029,4988,3621,4194,4842,4117,3280,3510,3749,3530,-9.17167,5.43708,8.86096,48.2607
96795,3124,3178,3442,3359,3252,3437,3846,3870,3346,3791,4830,6343,3327,3958,6173,12272,25.6112,28.2277,8.58693,47.6987
96796,8419,5419,3903,3341,9081,5256,3785,3478,4950,4123,3516,3241,3633,3581,3354,3062,-13.3769,-25.8779,8.90461,48.0947
96797,5195,8201,6357,4218,4564,6164,5172,3946,3711,3958,3850,3558,3266,3428,3384,3348,-19.6328,-4.11887,8.64223,48.2133
96798,3394,3831,5686,9395,3386,3898,5542,8434,3159,3491,4125,4516,3098,3334,3490,3431,-16.1505,24.7026,8.92221,48.14
96799,3538,4296,7612,9953,3392,4069,5329,6065,3127,3529,4007,3934,3118,3239,3307,3460,-23.2257,18.8607,8.8939,47.9833
96800,3391,3960,5961,12672,3400,3714,4738,6049,3238,3394,3749,3925,3196,3283,3430,3520,-31.2212,30.1499,8.71485,47.7467
96801,3399,3976,5895,12779,3366,3769,4636,5875,3262,3407,3687,3892,3111,3197,3471,3398,-29.8418,33.8957,8.95085,47.4133
96802,12563,5994,3907,3470,6384,4834,3719,3483,3966,3790,3434,3232,3332,3326,3251,3133,-25.6486,-31.5661,8.73932,47.8787
96803,3918,4872,5778,4531,4063,5968,7714,4756,3638,4275,4701,4011,3336,3592,3682,3519,-9.69079,3.88636,8.66493,48.236
96804,3219,3347,3515,3487,3360,3763,4322,4103,3621,4891,7585,5665,3774,4773,7163,5763,14.607,9.99573,8.91548,48.234
96805,2979,3295,3354,3410,3196,3635,4000,4231,3341,3958,5188,7372,3397,4089,6367,10059,19.9186,22.3463,8.69577,47.914
96806,3350,3747,4782,6682,3233,3796,5266,9648,3266,3579,4416,5866,3226,3346,3714,3886,-8.16192,27.1708,8.73468,47.8687
96807,3188,3436,3677,3635,3387,3768,4506,4387,3503,4582,7601,6669,3501,4277,6151,5915,11.8169,13.4824,8.61695,48.122
96808,3175,3454,3748,3867,3315,3691,4650,5055,3512,4064,6819,8135,3387,3931,5497,6037,9.54557,18.0048,8.5127,48.2247
96809,12421,6079,3954,3380,6175,4875,3884,3359,3843,3709,3372,3144,3412,3357,3282,3149,-27.4451,-32.3886,8.74462,47.5967
96810,3085,3292,3546,3561,3236,3593,3976,4480,3415,3791,5287,8298,3382,4023,5747,9625,16.7412,24.5453,8.79855,48.2247
96811,8469,9036,4823,3543,5392,5417,4048,3549,3790,3785,3585,3159,3308,3432,3235,3138,-25.7892,-14.1816,8.76425,47.806
96812,3399,3374,3248,3153,3915,3745,3548,3301,5238,5177,4109,3554,8343,9566,4941,3593,30.4833,-13.1112,8.89036,48.136
96813,7994,8081,4549,3576,6015,5848,4192,3617,4026,3990,3531,3362,3434,3579,3288,3137,-20.328,-14.7614,8.57682,48.146
96814,4436,3938,3476,3196,6941,4713,3609,3376,9303,5080,3783,3303,5311,4498,3594,3330,3.5215,-33.2442,8.79031,47.9247
96815,3423,3434,3218,3157,3954,3761,3436,3350,6134,4642,3787,3331,12563,5973,3980,3303,33.5278,-28.1584,8.74273,47.6307
96816,9036,6525,3998,3422,7320,5631,4005,3480,4250,4006,3493,3260,3361,3436,3296,3028,-17.828,-20.4597,8.63326,47.698
96817,6306,8914,5702,3861,4938,6151,4607,3661,3897,4019,3676,3264,3234,3430,3473,3116,-20.9965,-8.48267,8.5854,48.166
96818,3537,3718,3588,3430,4090,5091,4636,3843,4676,7701,5902,4066,4201,5167,4724,3966,7.31797,-3.52316,8.59164,48.224
96819,7413,9274,5125,3692,5166,5556,4272,3649,3827,4029,3609,3245,3373,3444,3214,3099,-24.6094,-11.4535,8.60706,47.9913
96820,3685,4859,8939,7674,3603,4219,5780,5493,3293,3479,3882,3925,3014,3349,3428,3356,-22.2941,12.5167,8.6343,47.9853
96821,3232,3252,3358,3362,3233,3529,3793,3942,3337,3810,4738,6002,3479,3854,5956,12334,28.7137,30.9806,8.55529,47.474
96822,4472,3960,3418,3214,7505,4963,3760,3279,9078,5083,3736,3291,5234,4320,3563,3350,2.2369,-26.3399,8.92753,48.1507
96823,3382,3367,3230,3088,3928,3851,3491,3475,5243,5807,4265,3659,7504,9294,5028,3709,23.5791,-11.8272,8.91417,48.214
96824,3359,3390,3262,3212,3808,3995,3723,3477,4599,5924,4839,3938,5617,9095,6281,4127,21.4257,-5.26551,8.83365,48.4307
96825,3332,3478,3907,4111,3293,3825,4787,5947,3476,3907,6207,8539,3388,3734,4872,5652,6.23866,19.979,8.69028,48.3033
96826,3312,3503,4637,5311,3335,3770,5540,9081,3383,3631,4857,6898,3199,3387,3946,4374,-3.75963,23.7865,8.65059,48.1093
96827,3556,4101,5646,5416,3650,4470,7961,6671,3349,3957,4841,4626,3230,3434,3682,3710,-9.54338,12.6422,8.6876,48.2
96828,3246,3467,3874,4195,3267,3648,4588,6757,3400,3773,5071,9554,3324,3687,4433,5541,4.56464,32.4163,8.98777,47.8833
96829,3371,3311,3195,3140,3881,3924,3616,3315,5376,5626,4230,3648,7786,9117,4871,3742,23.6366,-12.5274,8.65714,48.0993
96830,12454,5889,3959,3309,5879,4711,3754,3322,3901,3771,3443,3241,3432,3378,3256,3248,-32.5633,-31.9843,8.6627,47.298
96831,3245,3570,3962,4509,3345,3770,4765,7396,3417,3785,5108,8944,3285,3527,4421,5180,2.38768,27.1035,8.57564,48.1527
96832,3388,3277,3388,3110,3893,3729,3354,3212,5969,4640,3734,3259,12948,5956,3840,3484,29.6619,-31.4675,8.82905,47.454
96833,4944,4275,3651,3242,8517,5525,3689,3384,7356,5169,3816,3444,4623,4024,3536,3246,-1.60968,-23.2613,8.67876,48.294
96834,3335,3301,3239,3094,3805,3747,3593,3354,4643,5365,4368,3670,6440,10013,5850,3986,27.3678,-8.07223,8.89223,47.8687
96835,3163,3592,4183,4636,3387,3800,5094,7874,3348,3915,5366,8249,3305,3456,4167,4887,0.450982,23.6322,8.63182,48.2813
96836,5128,4435,3812,3258,7633,6346,3919,3423,6410,5482,3918,3447,4319,4021,3568,3193,-3.02412,-18.2767,8.59162,48.208
96837,3247,3224,3429,3420,3268,3400,3915,4189,3268,3809,5067,7552,3295,3910,5798,11050,20.1218,28.358,8.86602,47.894
96838,3154,3350,3567,3742,3323,3676,4291,4770,3348,3892,5706,8883,3373,3921,5464,7782,12.8151,23.2419,8.59112,48.1613
96839,11887,6382,3901,3240,6575,4856,3738,3396,4036,3925,3418,3221,3401,3374,3260,3148,-24.3013,-25.7496,8.82654,47.8387
96840,3342,4002,6083,12736,3337,3817,4653,5910,3272,3418,3755,3913,3156,3193,3361,3391,-28.9255,30.2656,8.77105,47.5593
96841,3352,3424,3271,3086,3975,3801,3534,3191,5913,4948,3891,3444,10800,7521,4126,3505,33.1646,-19.5769,8.79993,47.8547
96842,3597,3747,3419,3234,4933,4528,3623,3257,8232,6561,4063,3440,6579,5627,4012,3438,10.7956,-18.4382,8.88327,48.1933
96843,3381,3655,4466,5177,3474,3844,5840,8255,3374,3796,5199,6770,3224,3553,4086,4341,-2.88392,20.9182,8.6954,48.29
96844,3412,3376,3155,3062,4084,3742,3443,3364,6885,4977,3810,3530,11701,5833,3879,3369,21.8495,-31.6434,8.81743,47.748
96845,3063,3199,3310,3327,3188,3489,3910,3898,3625,4087,5134,5492,3547,4521,8566,9488,27.3694,16.3409,8.83821,47.896
96846,3123,3241,3325,3409,3195,3463,3851,4112,3398,3796,5038,7209,3368,3909,5895,11435,20.9306,33.6677,8.9858,47.8447
96847,4327,5221,4725,3824,4727,7635,5864,4073,4207,5119,4379,3816,3574,3673,3660,3312,-8.002,-3.57041,8.62295,48.0907
96848,3298,3337,3550,3401,3370,3726,4555,4201,3740,4715,7644,5727,3716,4750,7034,5661,14.3258,9.82206,8.68579,48.2833
96849,7605,9153,5055,3685,5324,5634,4145,3604,3941,3857,3624,3397,3552,3371,3220,3117,-24.1562,-12.4756,8.71094,48.1893
96850,3395,3947,5057,4931,3497,4362,7644,6812,3439,3927,5346,5135,3349,3571,3927,3997,-5.8801,13.5356,8.80274,48.224
96851,3111,3149,3355,3329,3300,3511,3587,3904,3478,3933,4901,6143,3515,4177,7302,11075,26.4565,20.9619,8.70245,47.8467
96852,9121,8985,4592,3558,5508,5133,4094,3492,3950,3966,3584,3189,3321,3402,3180,3075,-29.7955,-15.4642,8.82488,48.1
96853,3471,3330,3296,3088,4193,4121,3721,3394,6143,6787,4400,3534,7092,7649,4689,3550,17.1902,-13.3302,8.63557,48.3053
96854,3281,3727,4853,6572,3384,3888,5272,9937,3210,3583,4387,5852,3242,3325,3756,3867,-8.19797,28.5055,8.5517,48.0907
96855,3407,3339,3308,3206,4215,3890,3504,3183,6382,5638,4072,3574,8979,7597,4357,3573,20.5494,-17.3843,8.63793,48.1493
96856,3346,3461,3682,3605,3445,3975,4921,4407,3607,5067,8020,6017,3549,4319,6008,5178,9.99024,10.3734,8.72909,48.4047
96857,3473,3447,3240,3160,4228,4043,3624,3313,6811,5823,4077,3488,8714,7042,4250,3534,19.0529,-17.9941,8.53976,48.178
96858,3443,3322,3268,3159,3873,3864,3528,3310,5852,5227,4093,3489,9870,8046,4361,3502,25.3825,-17.8413,8.66531,48.138
96859,3386,3996,7529,11259,3308,3872,5111,5768,3377,3493,3806,3883,3080,3252,3473,3367,-32.0682,20.3967,8.81921,47.9733
96860,3406,3636,3598,3468,3979,4936,4617,3686,4456,7263,6603,4137,4255,5181,4955,4085,8.31494,-1.32334,8.96135,48.174
96861,3106,3300,3677,3756,3126,3694,4278,5203,3433,3757,5435,9690,3320,3803,4948,7563,11.5761,28.3277,8.63598,48.0593
96862,11156,6168,3965,3449,7137,4941,3844,3385,4152,3901,3573,3197,3432,3333,3171,3136,-21.0639,-26.031,8.68999,47.96
96863,12552,6009,4036,3446,6000,4795,3709,3440,3839,3730,3505,3225,3358,3296,3214,3154,-29.3517,-33.9188,8.6427,47.5387
96864,3273,3518,3770,3675,3397,3927,5236,4699,3624,4793,8295,6195,3496,4154,5567,5079,8.01962,11.0446,8.94151,48.4653
96865,3357,3931,5970,11847,3376,3776,4905,6888,3136,3479,3842,4113,3061,3251,3425,3453,-22.3979,28.9852,8.73731,47.8733
96866,3413,3927,5963,12442,3337,3795,4782,6516,3228,3461,3757,3925,3037,3189,3313,3352,-25.3969,30.5588,8.54207,47.6247
96867,9101,5709,3924,3427,8541,5517,3774,3469,4503,3915,3537,3275,3589,3442,3270,3069,-15.8974,-24.9458,8.73537,48.0413
96868,3114,3313,3423,3466,3330,3567,4049,4174,3584,4191,6226,6496,3511,4376,7454,7903,17.9783,15.8617,8.99474,48.118
96869,3557,4528,8783,9060,3430,4046,5221,5563,3290,3481,3850,3832,3173,3196,3387,3407,-33.7861,15.5718,8.84378,47.8693
96870,6346,9222,5527,4034,4913,5911,4455,3752,3840,3907,3650,3445,3384,3366,3298,3143,-22.2085,-8.79954,8.50781,48.1287
96871,3639,5374,9963,6907,3604,4177,5296,4812,3302,3589,3861,3784,3277,3232,3557,3337,-32.5332,10.0209,8.5989,47.8073
96872,4125,4338,3856,3446,5126,6633,4324,3565,5392,7237,4635,3649,4357,4553,3876,3312,1.08691,-9.83398,8.89959,48.2827
96873,5864,9185,6352,4271,4637,5770,4668,3858,3731,3758,3611,3457,3253,3402,3293,3263,-23.8553,-5.68015,8.73203,48.2487
96874,3429,3574,3384,3192,4098,4396,3800,3381,5481,7316,4746,3783,5847,7150,4824,3737,15.1755,-9.66762,8.65927,48.092
96875,3317,3340,3253,3283,3925,3875,3604,3266,5344,5096,3980,3506,9285,8715,4535,3568,31.0899,-15.8762,8.65018,47.928
96876,3220,3308,3260,3249,3610,3886,3758,3575,4277,5615,5199,4067,5106,8491,7274,4520,22.6506,-1.86296,8.81803,48.2767
96877,3090,3278,3352,3501,3242,3417,3806,4184,3460,3764,4835,7251,3347,3957,5812,11530,21.4178,31.377,8.91761,47.884
96878,3101,3268,3334,3490,3191,3529,3989,4316,3259,3882,5103,7438,3333,3909,6082,10900,20.0538,26.9331,8.52612,48.0827
96879,3565,3945,4340,4027,3858,4980,6743,4788,3734,4940,6830,4778,3559,3929,4380,4033,0.0227592,6.31229,8.71974,48.286
96880,12649,6318,3862,3405,6052,4737,3805,3347,4014,3763,3498,3171,3426,3322,3304,3129,-29.1483,-26.7738,8.93154,47.868
96881,3109,3399,3382,3238,3682,3877,3854,3602,4159,5256,5749,4341,4545,7185,7855,4885,20.5367,1.49051,8.53874,48.0787
96882,3356,3315,3268,3112,3912,3682,3539,3286,5209,5191,4127,3591,8427,9162,4882,3712,30.518,-13.8148,8.87867,47.8473
96883,3336,3677,3731,3627,3622,4538,5083,4148,3961,5818,7770,4836,3883,4689,5338,4277,7.89968,4.19376,8.72103,48.2227
96884,3595,3488,3379,3102,4427,4105,3585,3364,7119,6057,4138,3533,7782,6629,4221,3443,16.162,-17.6892,8.55191,47.978
96885,3896,3674,3489,3034,5668,4313,3488,3232,9997,5256,3757,3321,6753,4881,3698,3443,8.6751,-32.4057,8.76313,47.9333
96886,5333,8955,7176,4306,4390,5180,4751,3975,3501,3807,3697,3514,3220,3371,3391,3309,-27.0872,-3.09211,8.66867,47.9173
96887,3896,5620,8465,5683,3710,4978,6405,4873,3496,3751,4130,3868,3249,3380,3478,3332,-18.8523,6.6171,8.75848,48.2093
96888,3106,3281,3371,3345,3270,3549,3901,3837,3536,4229,5681,5333,3715,5026,9408,7733,23.3056,12.5859,8.98465,48.214
96889,3334,3781,4453,4701,3383,4099,6114,7534,3490,3910,5584,6682,3229,3610,4140,4375,-1.73346,18.3058,8.71701,48.2793
96890,3191,3353,3433,3346,3512,3891,4061,3716,4077,5467,6237,4629,4368,6523,7758,4875,18.4074,2.80308,8.64866,48.2913
96891,3293,3633,4611,5788,3304,3882,5146,9466,3163,3612,4598,6573,3109,3479,3889,4195,-5.12129,29.9553,8.6438,47.8273
96892,3318,3583,4779,6325,3385,3823,5820,9742,3259,3705,4566,5672,3156,3387,3764,3902,-7.8815,23.3421,8.89958,48.124
96893,3205,3308,3655,3730,3396,3695,4662,4641,3605,4310,7366,6923,3470,4202,6004,6048,11.5158,14.5086,8.96429,48.1467
96894,4808,4781,3852,3461,6613,7198,4457,3496,5482,5717,4076,3472,3989,4026,3619,3444,-3.73379,-13.6368,8.84867,48.3273
96895,3575,3706,3519,3214,4427,5055,3897,3371,5652,8406,4981,3693,5056,5667,4420,3565,9.39235,-9.31432,8.96901,48.136
96896,3858,4878,5859,4520,4029,5611,8139,5049,3530,4054,4832,4198,3267,3541,3654,3565,-10.2462,5.38481,8.9295,48.3893
96897,5290,6052,4313,3575,6048,8064,4849,3797,4431,4765,3930,3453,3558,3633,3471,3284,-10.566,-10.2503,8.61722,48.342
96898,12457,6053,4056,3364,6356,4738,3764,3329,3816,3754,3392,3261,3464,3305,3250,3207,-26.0591,-31.7431,8.81262,47.7107
96899,4473,4174,3461,3143,7414,4972,3818,3332,8434,5300,3805,3383,4983,4431,3703,3270,1.21948,-23.0427,8.58601,48.064
96900,4800,4086,3580,3165,8342,5008,3826,3421,8058,4788,3754,3485,4639,4187,3613,3189,-0.66784,-30.6487,8.54923,47.9607
96901,3334,4064,7221,11585,3326,3857,4952,5815,3211,3487,3729,4011,3067,3148,3395,3426,-28.9886,21.4379,8.9958,47.752
96902,4076,3683,3391,3211,5916,4394,3498,3284,10063,5235,3798,3343,6285,4723,3734,3275,7.14303,-32.5914,8.90997,47.9393
96903,3221,3215,3270,3321,3305,3345,3701,3964,3380,3700,4668,5880,3395,4038,6089,12599,30.4496,32.0372,8.91409,47.394
96904,3460,4269,7537,9032,3475,4105,5621,6516,3284,3491,4038,4149,3169,3262,3523,3450,-20.6152,17.714,8.62812,48.254
96905,3262,3565,4310,5013,3437,3811,5409,8532,3298,3650,5130,7637,3284,3543,4037,4586,-1.46606,24.261,8.8931,48.336
96906,11974,6406,4045,3407,6405,4806,3825,3473,4007,3805,3449,3246,3466,3366,3241,3122,-25.4414,-24.4569,8.72396,48.0287
96907,3401,4049,5185,5394,3441,4260,7456,7102,3386,3776,5166,5153,3169,3553,3802,3886,-7.48086,14.4398,8.82409,48.1193
96908,3880,3711,3292,3131,5954,4554,3697,3169,9780,5114,3867,3434,6308,4676,3896,3308,7.82646,-33.2506,8.68926,47.8473
96909,4613,4190,3670,3208,6774,6021,4032,3369,6859,6030,3969,3429,4497,4299,3693,3389,-0.159807,-17.2707,8.70312,48.028
96910,3307,3767,4650,6490,3352,3729,5464,9843,3196,3696,4442,5944,3116,3315,3729,3928,-8.14384,26.125,8.88003,47.9787
96911,3047,3130,3340,3368,3239,3517,3837,3925,3528,4063,5237,5469,3610,4693,8952,8934,27.5368,15.0214,8.77129,47.926
96912,3144,3349,3382,3358,3207,3415,3712,3917,3350,3745,4658,5848,3522,3907,6038,12679,30.271,32.4158,8.52838,47.4873
96913,3910,5327,9698,7078,3700,4223,5234,4993,3316,3594,3839,3820,3148,3307,3421,3335,-30.9867,10.2462,8.53494,47.962
96914,3342,3706,4134,4057,3428,4114,5762,5488,3592,4384,7168,6436,3469,3881,4753,4696,3.387,13.5246,8.51514,48.2733
96915,3624,4303,5055,4580,3719,5098,8160,5327,3613,4292,5583,4507,3360,3680,3860,3775,-5.97209,7.73399,8.90095,48.3573
96916,3408,3856,5970,11967,3430,3912,4786,6987,3181,3410,3788,4045,3140,3224,3423,3389,-22.1644,29.9087,8.9897,47.944
96917,7669,5176,3886,3292,9451,5405,3841,3396,5153,4144,3588,3281,3746,3653,3345,3141,-11.6276,-26.0864,8.57133,48.1113
96918,4527,3989,3486,3342,7499,4788,3669,3252,9288,5051,3721,3288,5192,4311,3639,3197,2.86825,-33.2911,8.98251,48.1593
96919,3253,3973,5653,10082,3338,3810,5040,8061,3342,3443,4074,4329,3119,3175,3404,3464,-17.843,31.8899,8.58061,47.7067
96920,3333,3698,4443,4998,3428,3870,5835,7956,3338,3837,5372,6910,3233,3520,4223,4403,-1.96654,20.719,8.56992,48.2647
96921,7049,4975,3766,3325,9927,5268,3852,3293,5366,4392,3615,3321,3761,3671,3430,3166,-10.231,-32.516,8.90139,48.118
96922,4103,5898,6497,4660,4205,6180,6938,4541,3701,4210,4372,3645,3348,3419,3415,3454,-14.0088,2.03165,8.78052,48.3907
96923,3212,3315,3209,3314,3610,3610,3789,3457,4289,5140,4936,3921,5115,8775,7621,4613,26.6132,-2.09323,8.69399,47.9507
96924,3468,3418,3199,3146,4323,3894,3507,3169,8408,5143,3749,3394,10090,5648,3968,3366,17.4164,-27.5798,8.96975,47.9267
96925,4592,4763,3994,3462,5429,7778,4976,3715,4738,5782,4210,3666,3904,4084,3679,3379,-4.2717,-8.75919,8.71805,48.1007
96926,5205,9212,7242,4368,4395,5019,4758,4021,3629,3847,3691,3483,3269,3260,3321,3213,-30.9227,-2.94402,8.87475,47.9553
96927,3158,3350,3311,3225,3659,3868,3714,3533,4090,5125,5001,4122,4916,8205,8380,4792,27.1857,-0.193533,8.72371,48.2993
96928,3480,4112,6145,5996,3525,4339,7220,7069,3262,3751,4603,4566,3170,3410,3778,3698,-11.5151,14.6594,8.64579,48.0827
96929,3165,3197,3346,3337,3279,3528,3761,3878,3475,4041,5144,5493,3532,4592,8446,9950,28.699,17.5649,8.64623,48.1093
96930,4649,5146,4155,3537,5610,8013,4917,3832,4711,5494,4181,3603,3816,3785,3625,3375,-6.06424,-9.1253,8.51634,48.2993
96931,3148,3237,3426,3400,3274,3611,3951,3854,3647,4282,5805,5277,3742,4965,9034,7418,22.573,11.8893,8.74944,48.0473
96932,11960,6739,4027,3316,5939,4762,3816,3323,3888,3716,3532,3268,3369,3350,3288,3117,-30.7729,-23.269,8.7425,47.6067
96933,3237,3911,4861,6951,3370,3776,5308,9916,3212,3646,4321,5384,3267,3350,3600,3801,-9.86558,30.9725,8.66361,47.9407
96934,3413,3432,3283,3082,4054,3954,3518,3282,6354,5483,4079,3454,9195,7826,4457,3455,21.4735,-17.2426,8.80445,48.214
96935,3025,3244,3260,3430,3328,3680,3860,3851,3547,4196,5519,5250,3818,5257,9715,7519,25.4076,11.8049,8.83862,48.3327
96936,5910,4685,3676,3344,9602,5169,3912,3294,6431,4595,3595,3287,4109,3914,3451,3220,-6.03535,-30.2441,8.52107,48.1293
96937,3484,4195,7272,10328,3393,3923,5242,6247,3295,3507,3799,4043,3063,3175,3444,3454,-23.5603,19.9638,8.72846,47.9093
96938,3832,3696,3343,3280,5578,4340,3559,3266,10278,5325,3953,3363,6860,4931,3691,3355,9.09677,-29.4716,8.992,48.4333
96939,4490,5802,5066,4033,4704,7640,6037,3961,3982,4622,4268,3653,3469,3610,3606,3403,-10.5848,-3.28837,8.97696,48.2307
96940,4488,4182,3602,3337,6910,5736,3944,3463,7229,6045,4015,3578,4698,4410,3592,3259,0.860169,-17.9275,8.58135,48.3253
96941,11739,5965,3984,3380,6868,4886,3736,3473,4033,3810,3507,3232,3381,3369,3293,3246,-22.9425,-33.1123,8.77255,47.9347
96942,4630,5840,4466,3810,5396,8135,5330,3806,4236,4965,4171,3681,3605,3781,3561,3406,-8.53619,-6.99097,8.71178,48.546
96943,3418,3347,3263,3133,4017,3962,3527,3187,6425,5176,3880,3325,10400,7310,4145,3366,22.4401,-20.1977,8.75722,47.9207
96944,3616,3971,4818,4390,3665,4795,7866,5561,3648,4258,6194,4775,3397,3672,3907,3889,-3.54356,9.38296,8.99365,48.2813
96945,3575,3766,3927,3713,3837,4692,5630,4230,3931,5758,7365,4661,3792,4436,4679,4073,3.85279,3.78759,8.77508,48.0433
96946,3452,4326,7623,10824,3341,3905,5141,5798,3228,3460,3871,3821,3033,3131,3397,3465,-29.1941,19.4233,8.69573,47.8773
96947,7638,8313,4863,3776,5750,6065,4250,3607,3998,3983,3594,3328,3479,3408,3248,3138,-20.3903,-13.3999,8.82843,48.292
96948,3098,3274,3465,3448,3308,3600,4075,4000,3487,4152,5697,6279,3603,4464,7883,8541,20.9905,16.0807,8.53954,48.2493
96949,3418,3759,4071,3953,3645,4331,6353,5138,3529,4613,7324,5654,3425,3950,4569,4405,2.64076,10.3639,8.53228,48.0913
96950,3148,3123,3420,3433,3291,3512,3928,4173,3330,3905,4927,7175,3347,3878,5899,11366,21.267,30.5378,8.5826,47.9033
96951,3464,3566,3182,3090,4473,4002,3563,3251,8126,5345,3919,3456,9502,5860,3960,3404,17.3672,-23.5928,8.64875,48.1087
96952,3381,3515,3629,3367,3664,4211,4603,3991,4142,6275,7223,4558,4115,5376,5993,4406,11.6484,2.08536,8.81945,48.2993
96953,3141,3355,3830,4139,3318,3771,4744,5989,3391,3885,6036,8845,3412,3726,4731,5869,6.3945,21.6773,8.7127,48.1213
96954,4452,7391,8707,5168,3994,5057,5279,4346,3538,3759,3809,3659,3307,3245,3357,3272,-23.8929,1.95244,8.96575,48.2267
96955,3559,3778,3721,3480,4115,5204,4548,3779,4562,7470,6256,4203,4153,5163,4758,3973,6.78589,-2.64558,8.73256,48.4813
96956,3148,3290,3371,3319,3300,3434,3866,3833,3524,4158,5143,5230,3709,5081,9677,8087,29.1523,12.8104,8.87227,48.1133
96957,3933,5970,9693,6183,3870,4508,5179,4664,3382,3696,3781,3689,3207,3185,3505,3388,-32.9521,7.04099,8.66067,47.8887
96958,4671,7840,8677,4965,4109,4921,5030,4227,3442,3696,3736,3543,3295,3352,3369,3314,-30.1899,1.22796,8.91112,48.1247
96959,3126,3455,3815,3940,3307,3637,4502,5769,3274,3747,5550,9583,3384,3724,4910,6509,8.54809,24.5873,8.68068,48.1547
96960,3189,3253,3359,3295,3462,3696,3965,3813,3841,4768,5921,4697,4193,6111,9014,5582,21.5975,5.81514,8.72627,48.106
96961,3397,4116,6005,7372,3464,4028,6445,7692,3151,3563,4422,4607,3151,3323,3504,3659,-14.0056,18.2546,8.68125,47.9327
96962,3914,3683,3407,3205,5354,4548,3675,3334,8934,6221,3926,3480,6209,4979,3817,3343,8.388,-20.1674,8.79723,48.0193
96963,3199,3262,3411,3345,3441,3661,3793,3694,3815,4630,5150,4413,4418,7146,9300,5520,30.2328,3.57936,8.65855,48.132
96964,3252,3593,3638,3685,3510,3892,4777,4411,3731,4751,8109,5903,3663,4479,5864,5123,9.91563,10.1283,8.75333,48.254
96965,3137,3313,3431,3348,3156,3476,3818,4020,3396,3723,4895,5984,3386,3896,6451,12059,33.4829,23.9916,8.57561,47.6593
96966,3226,3437,3417,3271,3604,3715,3888,3684,4021,5258,5803,4403,4429,6726,8594,5157,21.0395,3.06627,8.87324,48.422
96967,6632,4762,3841,3374,9705,5418,3760,3426,5868,4395,3571,3181,3996,3769,3436,3076,-8.58012,-25.5697,8.50676,48.14
96968,3086,3256,3294,3287,3442,3695,3724,3794,3870,4570,5340,4547,4099,6601,9654,5872,26.0454,5.51304,8.95292,48.0873
96969,4005,6126,9910,6173,3851,4509,5465,4704,3480,3551,3863,3683,3188,3277,3406,3329,-26.2666,6.9908,8.69473,48.3467
96970,4672,5706,4732,3817,4953,8046,5638,3893,4034,4818,4284,3635,3529,3709,3564,3463,-9.67079,-5.235,8.76801,48.3287
96971,4586,5502,4516,3711,5138,7955,5526,3936,4185,5021,4302,3583,3653,3814,3644,3353,-8.16226,-5.82653,8.50131,48.2833
96972,4100,5852,7330,4947,4068,5592,6786,4659,3591,3855,4140,3796,3324,3454,3522,3266,-16.5563,3.78707,8.74089,48.188
96973,11227,7126,4160,3377,5815,4966,3762,3478,3873,3866,3503,3211,3426,3503,3289,3179,-28.9274,-21.3671,8.60336,47.8407
96974,6532,9309,5668,3952,4862,5792,4433,3703,3749,3944,3531,3350,3389,3381,3266,3131,-23.3824,-8.99779,8.58675,47.9947
96975,7155,8820,4909,3649,5457,6050,4390,3607,3924,3986,3559,3330,3447,3471,3393,3043,-20.9318,-11.8001,8.78675,48.1267
96976,3349,3385,3298,3079,3846,3865,3608,3308,4996,5189,4222,3637,7539,9656,5210,3729,29.8207,-11.3162,8.77981,47.944
96977,3612,3485,3391,3262,4195,4328,3800,3378,5943,7354,4530,3687,6051,7044,4671,3726,14.5429,-11.2027,8.75111,48.3047
96978,3455,3476,3224,3052,3937,3801,3410,3250,5922,4873,3752,3388,12219,6655,3906,3380,32.5899,-23.9997,8.99396,47.8
96979,4358,7295,8934,5243,3988,4839,5090,4442,3509,3755,3713,3595,3203,3335,3305,3366,-29.2052,2.66279,8.57684,47.98
96980,3162,3341,3403,3352,3272,3586,4027,4054,3463,4142,5836,6244,3544,4371,7567,8756,20.7796,16.9812,8.56869,48.08
96981,3390,3566,3348,3172,4089,4459,3699,3389,5927,7463,4642,3684,5660,7078,4752,3733,14.1619,-10.2126,8.83593,48.034
96982,3461,3500,3280,3074,4193,3839,3430,3087,7328,4906,3830,3341,11571,6011,3866,3397,21.4287,-27.4671,8.93909,48.076
96983,3173,3368,3470,3685,3399,3803,4409,4647,3516,4190,6889,7830,3497,4104,5936,6679,12.068,16.984,8.92466,48.3967
96984,7163,9761,5332,3785,5004,5331,4351,3714,3820,3750,3647,3260,3448,3435,3267,3127,-32.5413,-10.3767,8.57193,48.13
96985,8816,6712,4208,3545,7193,5730,4048,3481,4273,4036,3609,3312,3458,3398,3247,3095,-18.3782,-19.1637,8.55677,48.1073
96986,3356,3422,3216,3011,4009,3903,3468,3225,5592,5138,3903,3557,9766,8626,4422,3531,28.2855,-16.6717,8.8834,48.0967
96987,4256,4561,3851,3438,5618,6940,4342,3521,5545,6637,4320,3677,4214,4342,3798,3433,-0.70927,-11.585,8.66403,48.3287
96988,3197,3413,3861,4071,3240,3733,4614,6564,3352,3974,5215,9901,3284,3652,4620,5825,5.50682,31.2683,8.96174,48.344
96989,3160,3310,3424,3457,3180,3508,3985,4208,3352,3833,5141,7955,3424,3916,5667,10212,18.3522,31.8012,8.63118,47.8213
96990,5252,5030,3865,3389,7430,7126,4192,3388,5493,5215,3836,3400,4130,3896,3406,3169,-5.9816,-15.8794,8.97656,48.1447
96991,5460,5333,3952,3407,7387,7231,4210,3621,5015,4922,3924,3337,3775,3628,3496,3206,-8.16495,-15.3519,8.96716,47.936
96992,3459,3982,5963,12560,3315,3754,4825,5914,3291,3483,3762,3815,3179,3297,3417,3315,-28.5758,33.4626,8.53686,47.554
96993,7745,6808,4276,3535,7150,6263,4179,3511,4351,4012,3691,3387,3560,3352,3324,3078,-16.2828,-17.3129,8.7901,48.148
96994,3303,3637,4838,6792,3400,3701,5191,9919,3388,3550,4356,5645,3279,3407,3763,3818,-9.09339,31.7754,8.82074,47.9913
96995,3248,3358,3315,3255,3755,3783,3800,3400,4385,5116,4722,3950,5170,9274,6998,4275,32.4707,-3.1583,8.73069,47.8693
96996,3341,3757,4563,6092,3358,3903,5176,10066,3314,3722,4428,6124,3172,3429,3764,4065,-6.7095,32.652,8.9978,48.1827
96997,3779,3674,3379,3159,4978,4663,3681,3409,7612,7054,4247,3468,6204,5605,4068,3453,10.0844,-16.5409,8.5633,48.2887
96998,3460,3474,3423,3306,3778,4344,4097,3497,4713,7033,5934,4198,4737,6643,5694,4211,14.4352,-2.93668,8.8766,48.3613
96999,3195,3302,3244,3233,3470,3744,3768,3624,3711,4623,5427,4607,4142,6282,9824,5855,25.4341,6.26144,8.80358,48.034
97000,3404,4061,5944,12021,3433,3854,4872,6413,3333,3403,3721,3926,3120,3083,3317,3342,-24.4514,33.5366,8.50985,47.498
97001,3427,3978,6043,12398,3365,3912,4761,6090,3191,3498,3830,4003,3156,3284,3429,3337,-29.5806,28.3332,8.52664,47.8013
97002,4133,6226,9104,5700,3783,4781,5742,4651,3546,3680,3946,3755,3190,3269,3465,3216,-22.0298,5.81737,8.87769,48.1247
97003,3124,3185,3383,3235,3329,3662,3825,3727,3755,4446,5319,4722,4128,6363,9795,6099,27.9807,6.68354,8.83637,48.0647
97004,3508,4370,8288,10214,3392,3966,5069,5596,3270,3530,3761,3889,3222,3203,3418,3352,-29.154,17.875,8.91971,48.032
97005,3474,4272,7155,9571,3455,4011,5445,6555,3219,3505,4006,4114,3174,3361,3448,3423,-20.9514,19.1723,8.55202,48.1253
97006,3291,3868,6110,12694,3482,3846,4723,5931,3247,3484,3662,4050,3214,3201,3316,3463,-30.4567,26.9841,8.98315,47.7213
97007,5845,9735,6302,4047,4494,5230,4492,3765,3674,3776,3660,3522,3320,3485,3302,3284,-30.7867,-5.94066,8.60567,47.9553
97008,4649,8087,8551,4904,4136,4928,4907,4284,3506,3782,3738,3616,3265,3202,3349,3346,-30.105,0.728749,8.83858,48.1667
97009,3326,3942,5345,6708,3327,3908,6057,8915,3277,3615,4563,5153,3193,3288,3700,3823,-10.42,21.1378,8.77393,48.0933
97010,8669,9153,4733,3591,5305,5185,4008,3481,3797,4010,3471,3324,3394,3326,3237,3144,-30.692,-14.2495,8.78887,47.8853
97011,3155,3374,3779,3904,3234,3711,4603,5610,3305,3925,6035,9395,3311,3728,4876,6415,8.64574,22.1468,8.9493,48.24
97012,3225,3305,3423,3578,3355,3498,4052,4886,3312,3887,5211,9180,3433,3787,5338,8438,13.6955,31.614,8.6272,47.9387
97013,3141,3178,3406,3289,3178,3500,3805,4135,3313,3783,4840,6550,3459,3812,6005,12102,24.8589,28.6218,8.84633,47.664
97014,3356,3381,3193,3107,3897,3877,3433,3249,5365,5093,4096,3540,9313,8666,4682,3518,30.2397,-15.8189,8.70558,47.844
97015,3441,3539,3319,3174,4257,4320,3833,3501,5946,7250,4561,3720,5933,7114,4598,3621,14.6931,-11.471,8.91549,48.0847
97016,3402,3777,4705,5209,3474,4004,6397,7746,3350,3960,5235,6055,3359,3534,4052,4127,-4.39304,18.2282,8.50692,48.2573
97017,3330,3954,5356,7338,3438,3875,5973,9232,3312,3541,4319,4985,3154,3289,3552,3693,-11.5501,22.4438,8.79836,48.2273
97018,6390,5042,3837,3350,9346,6078,3981,3388,5554,4386,3673,3300,3809,3728,3407,3093,-8.80357,-21.6852,8.92276,48.2413
97019,4182,3910,3413,3274,6584,4546,3608,3254,9890,5387,3805,3200,5714,4545,3593,3284,5.06852,-30.5096,8.72026,48.126
97020,3095,3203,3402,3330,3325,3509,3876,3972,3531,4062,5629,5964,3534,4536,8280,8746,22.0618,15.7188,8.89048,47.996
97021,3323,3840,6106,12610,3511,3808,4755,5954,3194,3473,3726,3910,3108,3236,3320,3396,-30.1365,28.5998,8.7564,47.5133
97022,3194,3331,3274,3302,3412,3748,3811,3525,3963,4809,5358,4322,4551,7539,8850,5129,25.3095,2.10084,8.87108,48.0787
97023,3123,3283,3358,3380,3431,3739,3851,3655,3962,4753,5750,4663,4015,5946,9332,6019,23.158,6.62806,8.80242,48.1733
97024,3366,3921,5732,10514,3434,3864,5070,7742,3303,3475,4008,4170,3209,3246,3369,3417,-18.8946,33.1629,8.50225,47.8933
97025,6400,4848,3677,3255,9894,5329,3836,3294,5944,4401,3664,3268,3900,3776,3402,3229,-8.08968,-28.7835,8.51003,48.078
97026,12739,5912,3811,3317,6008,4709,3652,3397,3920,3736,3416,3095,3470,3416,3235,3268,-33.7477,-29.8469,8.94957,47.4007
97027,3088,3274,3389,3587,3254,3496,3941,4205,3417,3854,5279,7804,3339,3877,6002,10286,18.6455,25.17,8.78065,48.0613
97028,5140,4293,3511,3240,8953,5034,3688,3225,7818,4823,3786,3355,4679,4040,3464,3184,-1.84074,-27.5098,8.99,48.1553
97029,3080,3273,3514,3435,3285,3601,3878,4181,3366,3897,5099,7449,3263,4038,5958,10506,19.5894,25.6298,8.55193,47.882
97030,3396,3395,3345,3087,3996,3988,3725,3317,5803,6460,4347,3547,7119,8094,4862,3752,19.1196,-12.5269,8.55906,48.1553
97031,4197,3919,3470,3153,6484,4615,3644,3365,9652,5108,3791,3413,5624,4489,3744,3260,5.27045,-32.395,8.70232,47.952
97032,3082,3248,3351,3433,3134,3511,3785,3907,3351,3609,4740,6203,3390,3880,5999,12813,30.7451,29.4352,8.94378,47.624
97033,3238,3550,4189,4664,3393,3744,4810,8145,3458,3707,4873,8536,3341,3530,4179,4871,0.82022,32.4505,8.74477,48.152
97034,3417,3367,3235,3151,3614,3802,3655,3394,4572,5061,4583,3850,5785,9800,6334,4119,31.7855,-5.92528,8.83544,47.826
97035,6506,9640,5737,3887,4776,5412,4308,3923,3742,3906,3656,3465,3233,3437,3282,3307,-27.1449,-8.20224,8.55111,48.1447
97036,3345,3407,3262,3096,3701,3746,3474,3289,5148,5300,4172,3584,8019,9578,5015,3622,31.0301,-12.1565,8.96293,47.8387
97037,4213,3833,3372,3162,6862,4616,3780,3259,9588,5139,3810,3435,5551,4438,3697,3223,4.37726,-30.6956,8.91338,47.9853
97038,4889,4185,3494,3237,8183,4943,3817,3253,8154,5114,3780,3302,4769,4124,3591,3271,0.0667792,-25.6492,8.72057,48.0707
97039,3136,3335,3409,3319,3326,3373,3862,4038,3289,3807,5008,6908,3345,3951,5982,11846,23.0209,33.9768,8.61236,47.956
97040,3315,3761,5091,7892,3395,3867,5219,9680,3207,3456,4216,5162,3046,3316,3716,3740,-12.1774,26.8286,8.91113,48.0527
97041,3451,4057,5520,6078,3409,4191,7084,7759,3335,3767,4582,4901,3192,3427,3720,3684,-10.235,16.7199,8.93238,48.1047
97042,3291,4016,6045,11794,3317,3821,4891,7034,3392,3392,3833,3902,3158,3188,3301,3507,-22.0963,33.6684,8.85394,47.9213
97043,3173,3501,3808,3674,3305,3856,4799,4525,3540,4686,7877,6507,3561,4227,5814,5602,10.1556,12.3624,8.77982,48.3033
97044,5408,6381,4389,3744,6028,7963,4789,3685,4271,4571,3877,3370,3586,3638,3417,3250,-11.6972,-10.7989,8.78232,48.2447
97045,3251,3337,3394,3331,3444,3843,3818,3651,4157,5104,5359,4194,4611,7606,8110,4818,22.8046,0.693494,8.73398,48.0187
97046,3317,3394,3267,3131,3926,3824,3356,3288,6146,4755,3837,3476,12390,6059,3897,3314,33.7194,-26.8185,8.67161,47.5847
97047,4959,6425,4845,3940,5122,7976,5269,3872,4084,4618,3939,3579,3516,3603,3436,3243,-11.8501,-6.42528,8.87154,48.284
97048,4335,6039,7558,4932,3991,5441,6494,4629,3466,3910,4051,3794,3291,3462,3404,3330,-17.0357,3.10332,8.83751,48.0847
97049,3421,4045,7277,10986,3418,3968,5014,5997,3187,3391,3765,3877,3030,3264,3430,3428,-26.8256,20.684,8.71758,47.6653
97050,3080,3206,3426,3491,3211,3509,3922,4043,3442,3812,4823,6831,3374,3930,6082,11767,22.5073,30.3152,8.78464,47.966
97051,3165,3457,3590,3570,3352,3751,4507,4329,3584,4532,7400,6366,3620,4385,6617,6116,13.3579,12.5447,8.55714,48.2273
97052,5976,8045,4994,3803,5208,6956,4799,3688,3912,4151,3819,3403,3455,3360,3353,3251,-17.5027,-8.85866,8.6938,48.1153
97053,3185,3211,3317,3341,3286,3582,3803,3865,3578,4173,5189,5262,3708,4834,9526,8780,28.7685,13.8741,8.81317,48.4267
97054,3415,4029,5928,12416,3392,3781,4814,5970,3264,3407,3799,3967,3192,3207,3398,3545,-31.5987,30.224,8.57064,47.6827
97055,3399,4026,6267,7797,3482,4150,6118,7802,3203,3610,4220,4680,3059,3318,3608,3614,-14.7082,19.0505,8.81959,48.2353
97056,3495,4102,5900,12543,3481,3739,4678,5950,3246,3472,3816,3968,3191,3300,3331,3320,-29.0415,32.6183,8.67519,47.688
97057,3090,3405,3495,3758,3313,3634,4325,5363,3332,3851,5645,9428,3352,3817,5085,7219,10.7205,24.687,8.71535,48.0747
97058,3166,3280,3308,3399,3429,3721,4007,3735,3764,4423,5286,4781,3815,5948,9755,6160,33.6482,7.69219,8.52521,47.9847
97059,3472,4059,4969,4875,3560,4533,7742,6639,3529,4143,5466,5026,3272,3571,3965,3878,-5.79817,13.0689,8.69952,48.466
97060,3772,4246,4290,3716,4241,6225,6273,4170,4094,5800,5803,4147,3591,3971,4015,3633,-1.78867,0.121475,8.9976,47.9913
97061,6777,4857,3777,3308,9961,5248,3829,3379,5614,4350,3680,3275,3816,3659,3407,3201,-8.96305,-32.9631,8.76941,48.092
97062,7454,7249,4432,3598,6549,6426,4234,3549,4266,4195,3608,3350,3516,3537,3271,3067,-17.1289,-14.9459,8.73409,48.2007
97063,3396,3366,3285,3225,3795,3985,3630,3338,4972,6135,4729,3727,6164,9062,5620,3908,20.84,-8.52421,8.97219,48.2247
97064,5848,9995,6493,4034,4524,5187,4430,3775,3624,3798,3691,3409,3346,3314,3464,3164,-30.5313,-5.99252,8.87924,48.064
97065,3088,3195,3440,3317,3210,3520,3998,4113,3554,4035,5643,6467,3518,4256,7428,9269,20.4993,18.2138,8.7795,48.034
97066,5470,4543,3667,3336,8844,5587,3907,3440,6784,4916,3691,3298,4273,3813,3421,3167,-4.08482,-22.9598,8.54712,48.1047
97067,3329,3542,3475,3244,3677,3992,3784,3477,4480,6245,5473,4095,4894,7529,6731,4376,18.5783,-2.31616,8.55331,48.2287
97068,3475,3650,3375,3277,4071,4747,4114,3440,4995,7902,5611,3897,4612,6090,4979,3963,10.912,-5.55742,8.81892,48.132
97069,4925,4841,3894,3413,6782,7300,4307,3667,5413,5556,3935,3439,4062,3970,3584,3305,-4.68361,-14.2735,8.79206,48.262
97070,4672,7755,8179,4807,4216,5293,5396,4235,3520,3793,3865,3518,3231,3307,3426,3283,-22.9525,0.43648,8.84784,48.3307
97071,5215,9095,7503,4431,4179,5086,4833,4153,3648,3673,3525,3514,3325,3351,3238,3339,-30.1359,-2.4993,8.6971,48.072
97072,4205,5102,4433,3623,4950,7958,5506,3937,4317,5435,4386,3703,3689,3856,3706,3505,-6.07021,-5.00445,8.67939,48.2073
97073,6553,4817,3784,3260,9687,5294,3816,3404,5883,4369,3620,3334,3918,3759,3491,3157,-8.15226,-28.2145,8.50806,48.0973
97074,3298,3431,3818,4089,3379,3854,5098,5426,3480,4234,7196,7418,3368,3794,4963,5322,6.379,15.7654,8.72782,48.112
97075,8033,5174,3888,3308,9532,5409,3751,3326,5071,4184,3560,3211,3736,3561,3279,3172,-12.4335,-26.3026,8.85868,48.13
97076,3272,3334,3342,3095,3684,3777,3765,3524,4589,5055,4628,3830,5637,9555,6796,4185,27.5098,-4.93041,8.81646,48.0453
97077,3310,3175,3368,3229,3420,3652,3711,3845,3850,4559,5136,4533,3945,6232,10070,6011,31.9825,6.3748,8.94298,48.0307
97078,3652,4252,5419,4824,3734,4883,8281,5855,3498,4002,5182,4441,3226,3506,3716,3652,-7.87435,9.99215,8.95419,48.082
97079,3512,3861,4392,4192,3636,4593,7050,5195,3663,4612,6955,5148,3428,3800,4333,4182,-0.0946619,9.00777,8.54997,48.368
97080,12556,5931,3821,3342,6086,4743,3723,3362,3986,3790,3422,3200,3493,3391,3205,3207,-33.683,-30.1992,8.53085,47.5053
97081,3350,3331,3295,3080,3913,3739,3410,3126,6358,4801,3812,3373,12514,6027,3852,3259,26.2737,-29.1406,8.92779,47.4933
97082,3458,3382,3196,3256,3694,3912,3616,3409,4494,5396,4458,3802,5855,9625,6403,4237,28.0005,-5.98959,8.69496,48.1287
97083,5070,8114,6248,4190,4599,6479,5330,3942,3773,3930,3933,3544,3309,3447,3458,3143,-18.6792,-3.80983,8.8217,48.3393
97084,5806,5481,3947,3464,7851,7059,4118,3512,5103,4669,3881,3372,3719,3672,3464,3106,-9.28018,-16.6969,8.93314,48.1493
97085,3555,3442,3268,3127,4622,4075,3545,3288,8552,5693,3967,3315,8590,5779,4004,3425,15.0615,-22.0371,8.96603,48.1647
97086,3855,5549,10016,7097,3618,4143,5278,4917,3319,3489,3791,3620,3102,3285,3436,3236,-30.2199,9.8904,8.7994,47.834
97087,3306,3338,3350,3277,3418,3633,3804,3687,3582,4410,5302,4739,3959,5833,9807,6143,32.7293,7.64435,8.74682,47.7253
97088,3365,3906,5917,12683,3325,3773,4717,6010,3257,3440,3802,3893,3177,3162,3316,3412,-27.9715,32.5232,8.77187,47.4367
97089,3293,3455,3356,3264,3758,3974,3920,3540,4514,6339,5290,3987,4957,7919,6524,4260,19.0862,-3.38711,8.83829,48.2333
97090,3235,3363,3529,3536,3490,3976,4098,3729,4115,5593,6676,4609,4294,6072,7229,4756,16.4527,2.96909,8.53368,48.2
97091,3509,4335,8425,9977,3430,4080,5174,5631,3258,3435,3765,3945,3111,3304,3379,3341,-27.992,17.2142,8.86515,48.066
97092,10814,7457,4151,3490,5885,5002,3926,3464,3947,3815,3527,3211,3324,3345,3339,3113,-25.9894,-20.0732,8.76284,47.8733
97093,4604,7708,8798,5113,4113,5007,5033,4423,3488,3636,3812,3645,3165,3324,3269,3304,-27.1831,1.83978,8.73005,48.2947
97094,3793,3638,3421,3161,4873,4523,3810,3312,7444,7323,4329,3437,5927,5638,4141,3464,10.1283,-15.8776,8.845,48.156
97095,5030,8483,7191,4559,4415,5613,5173,3978,3638,3737,3733,3547,3227,3302,3332,3304,-22.0678,-1.89035,8.84547,48.1747
97096,3549,3366,3300,2978,3919,3898,3594,3273,5945,5615,4157,3618,8570,8099,4663,3571,22.072,-15.4792,8.5744,48.0767
97097,3529,3450,3270,3163,4474,3979,3501,3170,8594,5336,3694,3435,9435,5666,4009,3381,16.1659,-25.4686,8.99564,48.0573
97098,3648,4734,8087,6941,3582,4362,6398,5840,3317,3761,4064,4116,3166,3268,3527,3399,-18.354,12.2743,8.86063,48.14
97099,4654,5894,4993,3989,4873,7753,5822,4038,3834,4570,4141,3734,3416,3751,3624,3416,-11.2456,-4.13466,8.75655,48.3347
97100,4010,5885,9544,6305,3743,4416,5572,4835,3271,3681,3939,3714,3155,3314,3298,3327,-25.0495,8.00027,8.77531,48.006
97101,5548,8345,5644,4020,5040,6696,4987,3767,3904,4016,3763,3426,3399,3464,3318,3045,-18.6017,-6.58029,8.90326,48.2547
97102,3324,3930,6062,11430,3433,3750,4996,7006,3309,3458,3860,4046,3138,3210,3468,3354,-21.8465,32.5277,8.52767,47.8493
97103,3337,3980,5874,9545,3276,3804,5387,8252,3196,3467,4060,4553,3067,3263,3451,3503,-16.5766,24.1603,8.94644,48.01
97104,3568,3782,3316,3226,5339,4344,3520,3272,9628,5253,3904,3405,7163,4974,3721,3407,10.4552,-32.7862,8.51454,47.8813
97105,3077,3272,3540,3439,3112,3466,3681,3963,3409,3891,4975,5855,3356,4112,7346,11308,32.1852,20.8525,8.61784,47.868
97106,3282,4120,5990,7973,3375,3938,6028,7882,3269,3576,4284,4503,3066,3339,3612,3632,-14.8466,19.6936,8.73849,47.9127
97107,3933,5891,9761,6453,3705,4217,5249,4835,3465,3614,3821,3703,3179,3308,3504,3397,-28.3088,8.65988,8.53112,48.0233
97108,6183,4958,3866,3394,8739,6246,3954,3454,5426,4632,3652,3257,3864,3775,3419,3087,-8.32572,-20.2522,8.88532,47.9373
97109,4893,5737,4338,3631,5582,8355,5009,3829,4457,4855,4078,3519,3673,3751,3421,3354,-8.75937,-8.97876,8.91072,48.3213
97110,3200,3563,4141,4244,3425,4002,5981,6234,3434,4153,6536,7098,3336,3721,4480,4758,1.68032,16.0069,8.9077,48.204
97111,3486,4178,7559,10920,3398,3829,4952,6197,3192,3460,3892,3996,3028,3270,3342,3361,-25.9087,19.9601,8.88808,48.04
97112,3358,3265,3281,3118,3875,3727,3484,3190,6372,4846,3785,3379,12607,6098,3849,3369,26.5822,-28.0889,8.91568,47.7353
97113,4861,8528,8039,4648,4260,5015,4962,4080,3520,3776,3829,3512,3241,3297,3463,3262,-27.4135,-0.710634,8.61713,48.1953
97114,3997,5534,7986,5406,3865,5093,6910,4977,3490,3920,4070,3871,3218,3308,3495,3282,-16.9808,5.91205,8.98153,48.2813
97115,3160,3237,3308,3373,3265,3352,3839,3877,3394,3762,4775,6131,3414,3916,6051,12490,26.4329,33.6397,8.62297,47.5627
97116,4311,5039,4422,3693,5005,8089,5448,3759,4395,5535,4433,3597,3766,3926,3635,3323,-5.48012,-5.93807,8.85745,48.2507
97117,11479,5860,4019,3383,7104,4937,3758,3459,4055,3807,3489,3273,3479,3332,3160,3142,-21.2751,-31.7184,8.57087,47.824
97118,3468,3907,6603,12167,3330,3755,4875,5873,3165,3340,3790,3926,3123,3323,3387,3365,-30.8401,24.3679,8.77706,47.598
97119,6210,9880,5958,4111,4628,5414,4399,3692,3691,3966,3741,3452,3267,3377,3236,3150,-27.4435,-7.41481,8.5784,48.1147
97120,3850,4149,3674,3468,4785,6239,4446,3726,5407,7709,4911,3763,4356,4627,4094,3618,3.26393,-8.36201,8.99806,48.548
97121,3482,4147,7383,11617,3402,3690,4977,5954,3176,3358,3759,4021,3100,3204,3335,3389,-27.8198,21.461,8.77284,47.996
97122,3196,3383,3564,3829,3264,3609,4358,5682,3478,3814,5647,9766,3305,3723,4849,6863,9.31961,25.2431,8.88158,48.22
97123,3120,3353,3598,3442,3399,3760,4367,4188,3680,4514,7580,5879,3592,4539,7072,6164,14.6692,11.2602,8.88518,48.1647
97124,3511,3982,4513,4189,3696,4789,7226,5262,3607,4397,6258,5050,3430,3801,4277,4006,-1.73384,8.86681,8.51681,47.996
97125,3291,3451,3777,3549,3460,3817,4811,4273,3665,4638,7958,6132,3586,4352,6062,5209,10.5614,11.0804,8.97401,48.0207
97126,4431,3909,3416,3127,7255,4640,3672,3378,9427,5240,3721,3368,5175,4481,3553,3244,3.32024,-27.8852,8.77289,48.0247
97127,4445,6562,6348,4486,4343,6315,6251,4352,3531,4213,4136,3670,3345,3482,3489,3280,-15.8119,-0.233908,8.51754,48.1653
97128,4298,3992,3467,3194,7101,4855,3688,3332,9085,5279,3789,3358,5315,4513,3534,3267,3.32249,-25.6321,8.54275,48.0447
97129,4931,4282,3577,3254,8459,5109,3817,3342,7776,4887,3813,3339,4622,4099,3623,3213,-1.10809,-33.9045,8.61123,48.0953
97130,3094,3243,3498,3420,3362,3728,3942,3985,3626,4307,6337,5518,3752,4886,8441,6942,19.4885,11.389,8.60355,48.054
97131,3237,3491,3912,3996,3373,3811,5051,5586,3501,4224,6917,7705,3321,3919,5028,5302,5.95593,17.0071,8.55821,48.2493
97132,3279,3474,3754,3674,3321,3768,4752,4532,3559,4544,7795,6503,3414,4296,5880,5555,10.1686,12.4547,8.95964,48.0667
97133,3412,3560,3381,3052,4004,4151,3616,3279,5742,6556,4446,3647,6710,8078,4807,3789,18.0943,-11.3777,8.59065,48.1533
97134,3938,3706,3344,3200,5728,4403,3657,3291,10100,5326,3819,3309,6376,4711,3666,3351,8.39334,-29.3167,8.94865,47.95
97135,3268,3546,3612,3392,3470,4091,4309,3861,4049,5643,7192,4659,3981,5573,6932,4813,14.5111,4.06072,8.70618,48.2607
97136,3261,3325,3240,3327,3367,3666,3803,3538,4033,4690,5135,4248,4324,7373,9265,5218,31.3744,2.716,8.93107,47.8753
97137,3264,3471,3474,3545,3512,3940,4372,4039,3834,4831,7645,5354,3685,4854,6815,5466,13.7002,8.3257,8.50517,48.0673
97138,4569,4865,3893,3546,5902,7819,4696,3590,4990,5903,4275,3500,3969,4027,3688,3242,-4.15588,-10.4898,8.92502,48.316
97139,4536,6564,6224,4342,4279,6510,6195,4202,3687,4195,4051,3683,3354,3499,3380,3290,-15.3152,-0.612818,8.92878,47.994
97140,10166,6089,3949,3367,7774,5333,3784,3425,4252,3909,3532,3202,3452,3561,3230,3030,-18.6249,-23.8289,8.93066,48.0367
97141,3973,5665,9755,6538,3675,4506,5241,4902,3380,3687,3763,3657,3244,3283,3423,3440,-32.9863,8.52664,8.60595,48.088
97142,3655,4546,7642,7493,3548,4155,6446,6206,3362,3586,4118,4007,3077,3360,3366,3552,-17.9968,14.3131,8.69932,48.0793
97143,3648,4504,7343,7220,3523,4459,6548,6313,3357,3714,4098,4211,3142,3290,3472,3508,-17.0619,14.2949,8.84217,48.2333
97144,3883,3894,3478,3133,5416,5019,3676,3290,7817,6931,4183,3436,5582,4982,3865,3510,6.96678,-17.4424,8.66793,48.0633
97145,3856,3665,3367,3185,5491,4343,3570,3317,9735,5444,3848,3393,6870,5044,3756,3357,9.51499,-25.0208,8.86532,48.1607
97146,3325,3501,3508,3428,3690,4090,4388,3861,4037,5932,7208,4727,4094,5633,6517,4737,13.3129,3.12204,8.54849,48.4507
97147,3506,3810,4128,3725,3712,4711,5724,4399,3929,5526,7584,4774,3641,4379,4666,4256,4.07782,4.66942,8.71932,48.3133
97148,3815,4573,6328,5099,3718,5074,8123,5474,3638,3925,4621,4136,3249,3525,3613,3495,-11.5574,8.68227,8.98556,48.2707
97149,3706,4411,6291,5896,3596,4483,7592,6282,3364,3824,4457,4392,3105,3383,3585,3631,-12.1072,12.3281,8.56883,47.9987
97150,3376,3902,5910,12539,3265,3853,4674,6160,3201,3461,3825,4092,3120,3321,3348,3378,-28.029,29.6081,8.61858,47.6167
97151,5893,9574,6716,4180,4551,5215,4727,3860,3634,3713,3655,3446,3261,3314,3378,3240,-27.7762,-4.9361,8.56505,48.238
97152,7760,9083,4903,3755,5407,5620,4205,3562,3846,3893,3665,3271,3276,3470,3221,3119,-23.5809,-12.773,8.66925,48.0373
97153,3923,4301,4255,3706,4250,6459,6052,4192,4269,5828,5591,3876,3654,4089,4020,3652,-1.61785,-0.761804,8.57522,48.078
97154,4209,5290,4988,4024,4440,7139,6634,4236,3985,4761,4410,3779,3505,3787,3612,3484,-8.70212,-1.41922,8.77467,48.1887
97155,8870,5363,3801,3490,8943,5169,3783,3409,4690,4075,3454,3250,3652,3446,3271,3128,-15.0618,-32.3569,8.66841,47.8627
97156,3341,3707,4391,4569,3516,4089,6386,6784,3432,4038,5883,6393,3348,3545,4207,4369,-1.39358,16.233,8.59645,47.9987
97157,3156,3228,3489,3575,3301,3687,4092,4458,3589,4090,6031,7561,3553,4085,6412,8056,16.206,19.1142,8.78278,48.242
97158,3295,3349,3267,3122,3798,3730,3616,3304,4979,5291,4326,3691,7314,9895,5290,3758,32.6109,-10.7095,8.76519,48.0167
97159,3093,3405,3650,3599,3354,3737,4613,4571,3495,4472,7476,6912,3499,4207,6127,5983,11.8987,14.0657,8.65803,48.1287
97160,10817,6139,4019,3410,7215,5205,4002,3387,4091,3820,3517,3164,3535,3326,3295,3117,-20.696,-25.4859,8.50313,48.0393
97161,3512,3408,3256,3214,4343,4061,3499,3203,7764,5461,3836,3464,9486,6385,4022,3472,18.1214,-22.774,8.96007,48.2573
97162,3367,3674,3895,3856,3643,4262,5588,4775,3660,4915,7873,5651,3530,4111,4941,4612,5.26998,9.32311,8.55364,48.2353
97163,6070,9682,6062,3972,4615,5373,4538,3767,3797,3971,3590,3386,3150,3395,3325,3227,-33.5052,-6.7082,8.80518,47.9467
97164,4940,7405,5916,4210,4766,6810,5394,3957,3777,4168,3939,3569,3322,3490,3458,3273,-16.4457,-3.86096,8.70756,48.2627
97165,3251,3614,4029,4032,3473,4249,5594,5223,3557,4564,7438,6206,3595,4001,4854,4778,4.22236,11.9634,8.5946,48.3053
97166,3562,3467,3347,3024,4372,4098,3532,3319,6822,6097,4100,3446,8120,7043,4188,3502,17.3299,-17.0087,8.79377,48.026
97167,3020,3193,3441,3527,3232,3421,3934,4334,3348,3909,5215,7306,3342,4085,6083,10150,19.6407,23.3158,8.91856,47.6933
97168,3327,4203,7238,11490,3319,3844,5061,5884,3213,3481,3833,3968,3227,3309,3329,3300,-30.2188,21.0397,8.74668,48.0173
97169,4384,7031,9336,5474,3905,4751,5200,4502,3536,3721,3885,3594,3142,3334,3353,3228,-28.2318,4.016,8.53676,48.2507
97170,9076,5427,3852,3411,8750,5201,3956,3378,4674,3984,3524,3273,3509,3505,3277,3140,-15.2786,-30.1064,8.87915,47.958
97171,4710,7899,8528,4983,4031,4940,4948,4210,3545,3727,3691,3557,3358,3314,3317,3291,-30.3706,1.08223,8.86029,48.0327
97172,3299,3881,5532,9512,3426,3768,5109,8621,3276,3533,4042,4512,3211,3306,3582,3468,-16.3395,28.9351,8.61048,48.052
97173,5923,4687,3682,3335,9533,5476,3773,3426,6326,4603,3598,3269,4172,3829,3469,3168,-6.40945,-24.4827,8.85475,48.1793
97174,10074,5728,3909,3379,8279,5267,3738,3446,4366,3993,3504,3183,3470,3402,3188,3058,-17.9785,-27.9134,8.51432,47.9893
97175,3694,4544,8223,8438,3567,4193,5792,5912,3291,3545,3864,3823,3156,3264,3413,3376,-21.8602,15.0492,8.54402,48.0633
97176,7763,9721,5232,3714,5040,5168,4172,3622,3929,3876,3610,3389,3316,3304,3231,3085,-29.5809,-11.6198,8.63361,48.1147
97177,3284,3392,3288,3252,3685,3874,3844,3490,4416,5515,5316,4106,4950,8246,7311,4476,21.8407,-1.636,8.95598,48.2967
97178,12223,6359,3952,3359,6016,4820,3861,3375,3989,3906,3407,3060,3385,3440,3213,3225,-31.6503,-25.2771,8.70133,47.7267
97179,3340,3318,3182,3112,3959,3916,3489,3279,6144,5259,3915,3412,10105,7956,4342,3389,24.0457,-18.4395,8.9312,48.078
97180,3452,3547,3463,3302,3677,4084,4289,3825,4015,5989,7043,4529,4197,5612,6463,4720,13.559,2.62411,8.60215,48.138
97181,3190,3635,4541,6095,3498,3816,5461,9656,3287,3652,4537,6190,3101,3433,3893,4029,-6.58441,25.6471,8.89588,48.0093
97182,3837,5695,10033,6800,3697,4349,5344,4803,3299,3672,3761,3676,3143,3302,3349,3309,-27.7453,8.81822,8.85328,48.046
97183,3782,5349,9758,7412,3619,4219,5252,5025,3344,3632,3905,3814,3111,3194,3365,3366,-28.8958,11.1596,8.66134,48.098
97184,3106,3248,3271,3198,3176,3461,3805,3950,3336,3792,4803,6078,3493,3952,6117,12611,28.7518,28.5566,8.70206,47.598
97185,3347,3351,3357,3021,3908,3933,3571,3409,5882,5664,4243,3565,8206,8352,4573,3717,22.1607,-14.8032,8.5286,48.066
97186,4361,4547,3853,3347,5988,6940,4378,3503,5561,6495,4217,3578,4191,4256,3628,3305,-1.25325,-12.5138,8.6806,48.0987
97187,3505,3782,3657,3465,4003,5003,4840,3828,4490,7230,6410,4239,4173,4884,4651,4028,6.51164,-1.71013,8.58255,48.1253
97188,3174,3405,3652,3749,3388,3808,4559,5166,3451,4185,6939,7875,3352,4019,5403,6084,9.59003,17.2774,8.61391,48.1393
97189,3554,4507,6241,5211,3849,4933,7911,5802,3508,3888,4666,4189,3146,3386,3587,3558,-11.2935,9.39796,8.69586,47.9573
97190,3291,3302,3408,3532,3610,3788,4073,3832,3845,5093,6564,4752,4134,5989,7819,5123,17.8621,4.95985,8.77337,48.1033
97191,3334,3424,3268,3234,3843,3803,3570,3344,5303,5241,4135,3432,8578,9221,4712,3666,32.1296,-13.8751,8.7866,48.072
97192,3503,3404,3254,3119,3866,3890,3459,3143,6247,4906,3709,3382,12110,6524,3947,3422,26.3526,-24.1089,8.92222,47.9233
97193,3702,4520,5935,5150,3613,4854,8116,5806,3494,3862,4823,4458,3346,3394,3763,3664,-10.1078,9.90582,8.66348,48.3333
97194,3299,3450,4001,4541,3274,3703,4849,7386,3295,3773,5268,9043,3229,3585,4337,5139,2.43395,26.8875,8.66357,48.1147
97195,3482,4356,8197,10061,3450,4019,5048,5655,3168,3430,3844,3879,3133,3197,3423,3367,-29.1961,17.5613,8.80197,47.806
97196,6380,9501,5530,4012,4954,5774,4539,3517,3894,3830,3554,3468,3295,3305,3298,3195,-23.2602,-8.97141,8.73161,48.0307
97197,3381,3920,4520,4530,3626,4375,6964,6048,3367,4210,6171,5507,3274,3759,4161,4127,-1.87818,12.2511,8.63212,47.96
97198,3228,3503,3566,3391,3571,4207,4550,3954,4062,5432,7680,5011,3980,5126,6260,4859,12.5858,4.95154,8.68149,48.2533
97199,3204,3358,3955,4240,3282,3674,4413,6486,3341,3739,5181,9712,3269,3687,4461,5866,5.55132,29.4897,8.77449,47.912
97200,3252,3390,3439,3289,3589,3796,3916,3501,4146,5100,5298,4245,4609,7728,8184,4844,24.4765,0.871176,8.65603,48.2173
97201,4360,3955,3543,3257,7484,4771,3779,3359,9004,5081,3765,3394,5257,4348,3566,3245,2.37465,-30.2897,8.96529,48.112
97202,12479,6277,4062,3355,5928,4710,3744,3329,3941,3653,3481,3203,3538,3331,3208,3239,-29.9567,-27.3389,8.55941,47.652
97203,3371,3821,5137,8301,3417,3806,5208,9368,3224,3629,4027,4929,2979,3275,3531,3682,-13.5691,30.6634,8.6674,47.8033
97204,3146,3305,3354,3329,3349,3634,3782,3821,3549,4261,5273,5421,3520,4722,9223,8088,33.9081,13.1653,8.72886,47.8513
97205,3217,3241,3338,3334,3310,3456,3709,3848,3420,3719,4727,5968,3458,3907,6054,12420,28.9792,33.7657,8.69405,47.4173
97206,3132,3473,3845,4213,3341,3772,4920,6691,3294,3842,5529,9284,3212,3604,4438,5627,4.81972,23.7309,8.87429,48.1447
97207,3307,3306,3195,3193,3917,3876,3593,3273,4860,5619,4447,3769,6963,9508,5433,3911,24.8854,-9.43044,8.57574,48.1133
97208,4769,5104,4108,3534,6135,7701,4607,3674,4897,5569,4161,3548,3782,3891,3580,3414,-5.44579,-11.2112,8.54749,48.316
97209,3322,3613,4725,6275,3341,3799,5540,9711,3371,3717,4619,5865,3256,3470,3830,3950,-7.64717,24.8624,8.53918,48.2693
97210,4210,4157,3737,3310,5955,6371,4215,3462,6138,6588,4198,3528,4452,4505,3729,3422,0.883908,-13.1548,8.81797,47.9847
97211,3154,3332,3410,3277,3493,3687,3836,3686,3965,4770,5015,4368,4424,7127,9221,5343,30.3326,3.31815,8.65555,48.072
97212,3444,3361,3182,3027,4037,3744,3484,3249,6944,4929,3864,3219,11913,6283,3859,3371,22.6303,-26.226,8.99654,47.94
97213,4140,4991,4590,3995,4459,7300,6296,4145,4146,5124,4781,3882,3588,3811,3750,3567,-6.2007,-2.05033,8.53733,48.3767
97214,6404,7869,4909,3723,5707,6655,4433,3716,4036,4143,3734,3313,3432,3464,3374,3061,-17.383,-10.7019,8.72894,47.982
97215,3181,3228,3325,3449,3251,3499,3754,3800,3337,3942,5197,5791,3553,4221,7881,10493,27.2948,18.3973,8.8876,47.9347
97216,3364,3855,5229,6487,3473,4085,6392,8703,3209,3765,4427,5060,3233,3359,3744,3848,-10.2627,19.9139,8.68731,48.1553
97217,3506,3830,3806,3662,3895,5124,5200,4091,4210,6638,7004,4265,4035,4620,4671,3854,5.03894,0.454077,8.9222,48.274
97218,3212,3175,3432,3378,3221,3557,3937,4132,3359,3839,4924,7553,3361,3994,5737,10568,19.1109,33.2798,8.67586,47.586
97219,3181,3388,3439,3478,3484,3871,4237,3768,3942,5172,6810,4844,3965,5616,7690,5218,16.8772,5.482,8.6282,48.0687
97220,3144,3323,3390,3413,3214,3393,3825,3877,3313,3904,4705,6120,3349,3942,6074,12581,29.6081,29.3677,8.55593,47.7113
97221,3744,5084,8791,6829,3711,4446,6218,5328,3349,3663,4050,3823,3118,3204,3529,3571,-20.2273,10.9648,8.79178,48.3053
97222,4878,7394,6129,4273,4730,6709,5542,4072,3718,4070,3954,3531,3377,3426,3368,3303,-16.7659,-3.48011,8.7224,48.316
97223,3344,4073,5954,10474,3421,3961,4981,7650,3276,3507,3839,4223,3073,3296,3474,3448,-19.1683,25.6348,8.52734,47.996
97224,3101,3343,3620,3715,3270,3629,4308,4892,3511,3950,6141,8604,3324,3936,5604,7470,12.6304,20.1511,8.994,48.2787
97225,4833,4966,3955,3397,6360,7770,4621,3508,5015,5665,3983,3491,3964,3821,3579,3307,-5.38438,-12.1152,8.90704,48.1567
97226,3781,3594,3250,3135,4812,4303,3689,3369,8877,6077,4005,3405,7324,5477,3784,3392,11.8927,-21.4032,8.7773,48.1827
97227,8083,5682,3982,3460,8419,5702,3978,3429,4726,4184,3689,3328,3587,3535,3201,3118,-14.0028,-21.7881,8.66955,48.0687
97228,3872,3811,3361,3194,6091,4529,3713,3260,9833,5145,3768,3430,6134,4586,3731,3261,6.88564,-32.626,8.60235,47.8127
97229,3351,3295,3208,3177,3993,3878,3577,3220,6304,5360,3932,3557,9448,7714,4429,3344,22.0019,-18.239,8.6587,47.858
97230,6619,9928,5848,3904,4748,5358,4374,3668,3719,3792,3631,3343,3257,3388,3341,3174,-26.9725,-8.57243,8.67908,48.0613
97231,3570,3625,3265,3158,4545,4030,3542,3303,8520,5040,3730,3320,9520,5517,3839,3373,16.4771,-28.3566,8.64516,47.9313
97232,3327,3802,5300,7017,3337,3807,5789,9334,3243,3636,4375,5413,3171,3266,3719,3804,-10.6137,22.7728,8.73838,48.2267
97233,4759,5263,4236,3546,5835,8113,4806,3660,4586,5226,4226,3484,3737,3884,3495,3188,-7.00287,-9.64693,8.77035,48.0293
97234,3454,3370,3245,3187,4050,4018,3516,3285,7354,4925,3943,3415,10799,5839,3925,3459,20.0905,-32.4601,8.6444,47.856
97235,7018,6013,4079,3398,7815,6507,4077,3460,4676,4353,3670,3303,3597,3617,3271,3094,-13.1921,-17.6878,8.931,47.9653
97236,2996,3436,3742,3626,3355,3724,4389,4563,3499,4339,7087,6889,3566,4266,6308,6336,12.9887,14.3076,8.73691,48.0807
97237,3592,3638,3476,3328,4234,5040,4152,3536,5408,8174,5369,3759,4883,5556,4485,3767,8.96078,-6.80602,8.90614,48.2647
97238,3506,3434,3161,3173,4172,3836,3476,3323,8053,5097,3759,3321,10640,5830,3900,3375,18.3669,-32.7036,8.80661,48.0373
97239,8336,6643,4211,3506,7050,5970,4042,3461,4365,4140,3556,3264,3498,3559,3324,3117,-16.9734,-18.3881,8.66659,48.028
97240,4198,4132,3411,3212,6489,4998,3748,3289,8775,5785,3887,3379,5481,4589,3629,3220,4.20199,-21.7177,8.91381,48.148
97241,3337,3791,4325,4366,3501,4186,6518,5965,3629,4156,6521,6032,3332,3707,4359,4382,-0.265388,13.8427,8.91924,48.0713
97242,4582,7740,8341,4958,4222,5148,5321,4182,3478,3797,3776,3551,3107,3405,3302,3317,-23.5837,1.09787,8.9864,48.1513
97243,4044,5820,8593,5727,3792,4861,6323,4798,3506,3712,3990,3770,3120,3383,3435,3377,-19.8381,6.40051,8.89378,48.1673
97244,12580,5808,3767,3407,5940,4736,3727,3359,3956,3835,3424,3235,3487,3327,3305,3189,-33.113,-29.1015,8.99458,47.388
97245,3440,3379,3213,3105,4123,3890,3604,3231,6545,5654,4044,3477,9161,7471,4247,3461,20.4017,-17.7638,8.97159,48.03
97246,11288,7214,4156,3286,6022,5029,3898,3380,3906,3847,3515,3291,3401,3376,3205,3058,-33.8248,-20.9435,8.93586,47.9147
97247,3099,3287,3689,3890,3379,3682,4473,5305,3280,3948,5964,9249,3341,3938,4989,6908,9.61554,22.3858,8.89177,48.2807
97248,4768,4228,3693,3193,7420,5639,3864,3350,7364,5675,3793,3420,4657,4227,3618,3260,-0.304419,-20.139,8.82126,48.1127
97249,3233,3372,3341,3298,3545,3767,3772,3640,3935,4795,5171,4421,4390,7135,9080,5200,33.2485,3.19799,8.50145,48.0633
97250,3337,3525,4231,5309,3350,3818,5289,9203,3347,3714,4888,7388,3011,3428,4026,4406,-2.96452,25.0266,8.93046,48.18
97251,3316,3636,4707,6073,3263,3772,5148,9799,3351,3679,4292,5911,3230,3309,3765,4048,-7.08475,31.8618,8.71485,47.5327
97252,3316,3442,3454,3214,3675,4074,3847,3539,4428,6231,5532,4087,4911,7756,6519,4413,18.633,-2.28187,8.77394,48.292
97253,3092,3225,3384,3404,3309,3454,3975,3972,3397,4033,5023,5843,3380,4261,7585,10565,33.3813,19.3939,8.67615,47.9347
97254,3349,3362,3196,3079,3947,3764,3368,3263,6371,4954,3856,3430,12124,6028,4027,3456,24.8776,-32.7862,8.56094,47.716
97255,3133,3224,3292,3333,3288,3472,3721,3917,3384,3763,4793,6154,3393,3953,6191,12418,28.3182,27.8864,8.62096,47.6193
97256,4205,4086,3552,3211,6148,5298,3859,3409,7806,6446,4029,3371,5082,4710,3849,3434,3.72035,-17.7561,8.64579,48.33
97257,3223,3789,4963,7215,3324,3770,5470,9821,3311,3675,4234,5420,3254,3334,3658,3727,-10.1596,26.1404,8.98803,48.1253
97258,3435,3377,3257,3116,3933,3859,3488,3173,5983,4861,3875,3451,12100,6488,3921,3330,30.0598,-25.1136,8.52638,47.7647
97259,3304,3528,3777,3620,3617,4352,5068,4351,3684,5188,8033,5451,3739,4436,5565,4644,8.26981,7.55102,8.50817,48.238
97260,3124,3177,3316,3405,3169,3477,3865,4068,3356,3881,5212,6245,3322,4137,7319,10715,23.781,20.6028,8.96782,47.8587
97261,3546,3417,3307,3117,4518,3910,3523,3194,8264,5171,3926,3407,9844,5564,3891,3400,17.3049,-31.206,8.65059,47.9993
97262,3287,3638,4310,4662,3395,4009,6058,7211,3486,3802,5739,6866,3216,3690,4271,4587,-0.380538,18.0681,8.94063,48.1513
97263,3604,3616,3510,3334,4382,4710,3859,3560,5997,8132,4779,3709,5356,6071,4421,3623,11.059,-10.4588,8.92191,48.442
97264,4284,5713,5534,4170,4464,7029,6713,4283,3744,4362,4393,3792,3415,3650,3565,3348,-11.8154,-0.693895,8.93697,48.306
97265,3076,3356,3533,3354,3472,3742,4303,4006,3673,4686,7093,5492,3764,4794,7813,5962,16.3259,10.189,8.86432,48.0793
97266,3949,3719,3502,3165,5690,4349,3633,3330,10037,5223,3838,3392,6824,4885,3678,3235,8.84392,-29.2494,8.79749,48.2993
97267,3387,3916,6183,12370,3318,3764,4773,6140,3252,3448,3714,3881,3068,3176,3290,3472,-28.5189,27.2662,8.54025,47.4347
97268,3407,3322,3222,3131,3738,3845,3480,3438,4988,5240,4185,3615,7674,9834,5191,3802,28.4188,-11.6721,8.7953,48.0747
97269,3281,3437,3828,4337,3258,3687,4760,6734,3283,3788,5239,9456,3241,3627,4540,5456,4.16229,31.624,8.66005,47.968
97270,7983,5131,3820,3302,9438,5238,3877,3349,5001,4277,3642,3283,3667,3642,3349,3098,-13.1012,-26.5356,8.72091,48.0647
97271,9428,7409,4250,3547,6609,5603,4033,3451,4114,3929,3591,3235,3394,3452,3257,3148,-20.7457,-18.3806,8.88955,48.3
97272,4454,4645,3963,3435,5971,7596,4642,3620,5255,6159,4284,3536,4070,4120,3517,3304,-3.19007,-11.3805,8.57663,48.3807
97273,7359,7330,4410,3497,6319,6482,4275,3628,4246,4090,3675,3322,3355,3554,3359,3140,-17.2649,-15.0505,8.64825,48.0273
97274,3324,3333,3335,3212,3760,3786,3623,3423,4727,5264,4380,3773,6205,9904,6054,3963,28.8265,-7.44806,8.68681,48.044
97275,7143,4952,3665,3248,9745,5181,3863,3331,5479,4286,3687,3280,3774,3631,3338,3219,-10.4331,-32.7028,8.84368,47.8813
97276,3185,3289,3449,3274,3440,3803,3945,3831,3946,5161,6544,4718,4061,5770,8233,5455,18.2182,5.63289,8.99439,48.0693
97277,3286,3706,4553,5913,3460,3860,5454,9852,3324,3710,4485,6029,3285,3350,3752,3950,-6.70537,33.5482,8.83202,47.9793
97278,4536,7052,7345,4516,4215,5743,5902,4374,3540,4005,3883,3603,3161,3407,3400,3297,-18.1768,0.567572,8.89449,47.986
97279,3532,3352,3285,3284,3953,3804,3424,3244,6034,4815,3828,3295,12290,6235,3785,3314,33.1935,-25.6793,8.83296,47.6493
97280,3333,3549,3760,3650,3774,4348,5048,4208,3937,5502,8073,5138,3794,4448,5351,4530,7.97585,5.80595,8.53395,48.2953
97281,5844,4659,3752,3272,9206,5853,3822,3392,6264,4677,3708,3295,4089,3768,3513,3148,-6.3954,-22.4108,8.80541,48.1747
97282,8336,8951,4844,3638,5632,5431,4102,3496,3956,3907,3451,3325,3370,3453,3239,3040,-24.2398,-14.0858,8.80705,48.114
97283,4326,3958,3512,3204,7176,4698,3657,3333,9277,5010,3708,3411,5430,4390,3632,3318,3.54505,-29.7215,8.97064,48.0267
97284,3291,3595,4746,6605,3422,3875,5276,9758,3370,3659,4461,5969,3077,3466,3754,3965,-8.13703,28.2035,8.54476,48.1927
97285,3271,3663,4057,4420,3282,3870,5377,6922,3496,3907,5825,8043,3319,3705,4577,4780,2.20858,19.8683,8.99573,48.3427
97286,6300,5669,4024,3381,7710,7114,4062,3474,4837,4621,3785,3363,3708,3681,3478,3114,-10.7325,-16.4545,8.98506,48.214
97287,3458,3524,3735,3579,3744,4509,5200,4054,4027,6033,7686,4738,3877,4585,5167,4317,7.42197,3.60459,8.89826,48.1553
97288,8590,5887,3919,3463,8430,5584,3867,3344,4588,3999,3669,3307,3536,3549,3336,3011,-15.6323,-22.5657,8.59262,48.0527
97289,3178,3173,3451,3408,3279,3532,3880,3945,3404,3811,5000,6407,3379,4048,5992,12323,25.1923,28.2347,8.50958,48.14
97290,3372,3703,4385,4761,3410,4009,6165,7274,3372,3929,5757,6691,3242,3571,4100,4535,-1.25309,18.2767,8.75135,48.184
97291,3677,3614,3332,2991,4755,4122,3577,3313,8717,5654,3857,3437,8234,5626,3947,3477,14.362,-22.7852,8.5993,48.22
97292,3859,3755,3494,3156,5831,4471,3611,3272,10015,5247,3863,3316,6558,4642,3769,3390,8.34367,-27.9709,8.84752,48.166
97293,3135,3317,3327,3399,3323,3531,3943,3759,3682,4111,5243,5238,3730,4787,9592,7976,31.765,12.6701,8.53357,48.062
97294,3721,5156,9632,7735,3657,4173,5370,5134,3257,3564,3815,3869,3092,3340,3510,3294,-26.9408,11.9596,8.78756,48.2127
97295,3520,3391,3205,3084,4178,4055,3614,3264,6531,5797,4051,3495,8641,7297,4293,3532,19.4736,-17.3347,8.77511,47.9653
97296,3605,3480,3246,3094,4677,4094,3544,3171,8598,5157,3711,3559,9224,5513,3755,3449,15.7103,-31.005,8.73898,47.918
97297,4802,8156,8321,4727,4228,5138,4938,4136,3479,3613,3803,3600,3134,3263,3334,3189,-25.7644,0.147289,8.78451,47.9073
97298,3936,4043,3717,3428,4726,6330,4619,3757,5269,7402,4917,3722,4263,4755,3917,3580,3.03945,-7.75691,8.57412,48.254
97299,4170,4298,3795,3370,5487,6393,4206,3569,6012,6911,4424,3605,4377,4614,3765,3410,1.34671,-11.8953,8.75872,48.2707
97300,3195,3203,3431,3468,3302,3473,3853,4198,3304,3660,4921,7441,3501,4028,5967,10892,20.6595,31.4394,8.5608,47.8913
97301,3286,3543,3872,3782,3480,4032,5599,4770,3646,4605,7896,6202,3581,4065,5102,4775,5.82623,11.1814,8.94443,48.1573
97302,3185,3242,3532,3635,3157,3753,4081,4808,3428,3775,5405,9549,3349,3882,5243,8077,12.9177,33.6149,8.95784,48.0673
97303,4075,4057,3580,3303,5122,6075,4209,3515,5885,7516,4648,3553,4442,4769,3967,3441,2.89782,-10.746,8.87782,48.1047
97304,3956,4577,4210,3676,4548,7133,5564,4017,4384,6102,5052,3875,3762,4224,3899,3593,-1.97769,-3.4864,8.7812,48.3813
97305,3238,3369,3138,3224,4021,3787,3355,3233,7042,4959,3868,3331,11784,5914,3923,3402,21.9023,-33.0334,8.91278,47.7253
97306,6872,7010,4465,3672,6601,6966,4382,3549,4227,4295,3732,3298,3415,3546,3408,3141,-15.4189,-14.0884,8.93467,48.386
97307,3162,3309,3279,3261,3429,3559,3840,3580,3872,4589,5196,4693,4146,6449,9543,5798,29.4266,5.50825,8.57312,47.8033
97308,3515,3845,5707,8833,3284,3838,5353,8505,3263,3516,4262,4725,3081,3316,3488,3542,-15.2883,24.7845,8.55539,48.0487
97309,3571,4346,5609,4871,3801,4964,8167,5675,3584,4117,5075,4208,3275,3558,3792,3662,-8.62345,8.46449,8.90011,48.1833
97310,3568,4210,5910,6213,3631,4264,6989,7281,3463,3819,4507,4600,3189,3330,3623,3702,-11.7771,15.2564,8.50612,48.1993
97311,12330,6396,3907,3439,6368,4874,3793,3277,3944,3771,3388,3203,3463,3242,3284,2968,-26.5132,-26.7545,8.6918,47.7647
97312,3132,3286,3438,3283,3307,3695,3774,3757,3619,4224,5354,4897,3742,5354,9739,7135,27.8013,10.6357,8.8258,47.824
97313,5273,8812,6545,4241,4491,5938,5191,4008,3677,3791,3754,3461,3266,3310,3401,3252,-20.8954,-3.63041,8.9726,48.274
97314,6171,4737,3813,3359,9408,5680,3867,3423,6058,4505,3621,3303,4004,3735,3431,3161,-7.06309,-23.6722,8.78505,48.184
97315,3427,3486,3336,3025,4005,4117,3691,3350,6113,6421,4233,3538,7526,7697,4424,3663,17.8953,-14.2323,8.77975,48.0347
97316,3363,3991,6176,11843,3278,3839,4968,6898,3194,3443,3838,4024,3037,3223,3380,3484,-23.0041,25.6625,8.86917,47.986
97317,3551,3702,3541,3391,3963,4612,4545,3641,4735,7596,6207,4067,4307,5571,5145,4047,10.1463,-2.78487,8.50673,48.414
97318,3187,3317,3401,3396,3375,3631,4053,3907,3552,4335,6408,5747,3746,4776,8357,6947,18.9355,11.9705,8.7426,48.09
97319,4161,4737,4164,3776,4678,7518,5622,3932,4332,5871,4941,3806,3618,3843,3773,3528,-3.66992,-3.99864,8.98594,48.2
97320,3230,3435,3425,3338,3603,3926,3886,3642,4035,5394,6278,4518,4176,6340,7823,5190,18.5522,3.43901,8.78443,48.1593
97321,3668,3586,3297,3169,4963,4117,3578,3284,9277,5308,3840,3284,8267,5391,3766,3428,13.1464,-25.7826,8.98789,48.1487
97322,3816,5026,6952,5361,3629,4970,7481,5358,3440,3986,4367,4004,3320,3480,3525,3468,-14.0422,8.14685,8.66868,48.122
97323,3237,3343,3732,3806,3314,3574,4313,5349,3394,3792,5255,9924,3348,3823,5128,6926,10.0145,32.2991,8.70116,48.172
97324,4355,6983,8894,5362,3923,4998,5684,4441,3411,3629,3800,3712,3368,3332,3439,3179,-22.3723,3.3147,8.94472,48.34
97325,4449,6579,6936,4733,4264,5822,6268,4306,3582,3988,4177,3619,3342,3382,3498,3304,-17.1063,1.25885,8.56874,48.166
97326,3445,4237,7952,10532,3390,3971,4977,5776,3278,3561,3783,3893,3158,3289,3551,3322,-29.6004,18.6935,8.72415,48.0767
97327,4892,4531,3680,3308,7042,6462,4100,3390,6393,5858,4046,3436,4400,4101,3556,3327,-1.92601,-16.7286,8.55427,48.348
97328,3262,3326,3632,3745,3204,3600,4256,5550,3338,3851,5174,9917,3306,3800,4892,7241,10.0247,29.9864,8.68174,48.0627
97329,11681,6597,4030,3358,6573,4921,3747,3449,4001,3832,3446,3215,3434,3419,3207,3067,-24.1218,-23.9263,8.83772,47.9847
97330,3760,3590,3337,3142,4765,4215,3552,3256,9078,5219,3852,3384,8232,5265,3901,3410,13.5152,-32.3134,8.66525,47.972
97331,3484,4194,7563,10760,3421,4008,5060,5940,3118,3449,3850,4045,3078,3192,3397,3535,-25.9101,19.789,8.60597,48.0627
97332,3316,3401,3382,3197,3882,4030,3727,3460,4904,6488,4762,3764,5822,8410,5681,4000,19.1839,-7.11287,8.69869,48.1507
97333,3359,3744,5154,7938,3315,3938,5302,9394,3217,3615,4197,4932,3172,3252,3557,3583,-12.7799,33.5646,8.80709,47.7793
97334,3733,4997,9481,7799,3572,4218,5293,5029,3327,3452,3860,3781,3119,3278,3351,3433,-31.4272,12.1969,8.74951,47.8153
97335,3336,3365,3317,3288,3819,3755,3590,3411,4762,5334,4350,3674,6518,9699,5867,3928,28.8718,-8.2682,8.56626,48.0087
97336,3216,3276,3278,3073,3925,3772,3520,3236,5388,5554,4153,3493,8233,9349,4991,3667,24.8758,-13.4204,8.90487,48.0827
97337,3139,3178,3450,3388,3258,3420,3841,3982,3477,3946,4976,6178,3465,4095,7112,11153,25.8019,21.1472,8.76298,48.0387
97338,5494,5720,4215,3597,6671,7737,4440,3561,4761,4714,3754,3471,3726,3740,3422,3174,-9.71917,-13.2843,8.82121,48.1313
97339,3636,4594,6976,6421,3617,4492,7225,6133,3397,3751,4236,4186,3200,3301,3436,3553,-14.9595,12.6342,8.56578,48.1027
97340,3066,3212,3482,3486,3371,3619,4263,4384,3398,4133,6000,6829,3540,4211,7061,8236,17.393,17.2937,8.51312,48.194
97341,4149,5589,6231,4456,4207,6170,7193,4406,3563,4186,4343,3816,3312,3570,3627,3495,-12.9725,2.04619,8.75776,48.2087
97342,3416,3559,3448,3426,3784,4299,4111,3671,4554,6976,6415,4167,4475,6163,5758,4177,12.7768,-1.57883,8.88055,48.266
97343,7974,9377,5056,3724,5164,5358,4184,3511,3848,3948,3612,3313,3371,3366,3268,3155,-26.4562,-12.3864,8.81896,48.1527
97344,3164,3314,3410,3303,3392,3644,3803,3751,3748,4225,5396,4705,3819,5749,9960,6774,27.0091,8.86768,8.77052,48.1047
97345,3177,3332,3775,3917,3270,3659,4449,5703,3321,3750,5601,9345,3283,3770,4722,6457,8.29013,23.1349,8.73918,47.6873
97346,3394,4028,6064,9291,3401,3960,5407,7957,3315,3465,4017,4434,3080,3169,3525,3569,-17.2595,22.7446,8.85163,48.0507
97347,3560,3476,3267,3058,4196,3941,3352,3227,6963,5224,3952,3398,10592,6670,4143,3392,21.2656,-21.7189,8.92626,48.274
97348,3528,4503,8067,9960,3460,3955,5269,5671,3224,3456,3875,3901,3124,3231,3389,3401,-27.573,17.8945,8.52042,48.0093
97349,3352,3393,3063,3164,3997,3810,3385,3209,6286,4895,3842,3432,11397,7033,4057,3324,25.0616,-22.474,8.88017,47.7593
97350,3515,4367,8063,9587,3472,3962,5419,5998,3178,3539,3908,3893,3037,3232,3327,3335,-23.5515,17.4224,8.79641,47.888
97351,3718,3940,3808,3563,4217,5645,5254,3860,4395,7044,6177,4176,4077,4586,4372,3810,3.65237,-1.70325,8.67647,48.428
97352,3196,3336,3360,3268,3540,3751,3805,3563,4238,5085,4898,4069,5034,8834,7619,4653,27.9422,-1.82386,8.64436,48.166
97353,5346,5008,3978,3319,7267,7064,4268,3424,5391,5339,3835,3384,4065,3905,3438,3234,-5.64406,-15.8796,8.62537,48.1767
97354,3147,3433,3834,3903,3186,3678,4564,5686,3421,3919,5751,9442,3104,3902,4920,6522,8.60401,23.0227,8.9823,48.2747
97355,3506,4085,7059,10581,3397,3903,5127,6737,3165,3434,3996,4069,3038,3282,3433,3407,-21.733,20.9039,8.97822,48.146
97356,3705,3865,3504,3168,4660,5121,3910,3445,6458,7929,4656,3597,5179,5656,4113,3519,8.53026,-12.2601,8.97168,48.3233
97357,12460,6354,3992,3394,6034,4853,3822,3381,3894,3928,3393,3211,3401,3268,3281,3112,-29.4374,-26.3205,8.73555,47.852
97358,3403,3277,3258,3046,3960,3805,3572,3225,5662,5272,4085,3422,9313,8574,4615,3549,26.5933,-16.0785,8.89436,48.0253
97359,3025,3495,3735,3835,3418,3827,4819,5124,3501,4161,6916,8038,3503,4001,5257,5794,8.27245,17.1628,8.95573,48.2993
97360,3120,3355,3350,3337,3472,3749,4100,3916,3807,4765,6454,5146,3920,5343,8630,6059,19.3769,8.52216,8.72386,48.3487
97361,3232,3430,3700,3664,3435,3836,4729,4322,3634,4758,7843,6217,3689,4486,6007,5450,11.1471,11.5495,8.59019,48.288
97362,4366,6265,6638,4571,4176,6076,6585,4441,3661,4189,4007,3741,3439,3468,3522,3347,-15.5093,1.13007,8.68362,48.328
97363,3462,3395,3295,3071,3971,3742,3472,3302,5985,5093,3856,3436,11279,7113,4125,3385,26.2842,-21.4156,8.80516,47.988
97364,8849,9002,4623,3562,5379,5282,4139,3481,3755,3939,3571,3199,3225,3392,3229,3180,-27.804,-15.0085,8.88216,47.8713
97365,3865,4087,3703,3539,4715,5891,4372,3616,5257,7837,4953,3771,4307,4819,4227,3566,4.21195,-8.08821,8.61187,48.35
97366,3628,3780,3619,3405,4067,5098,4539,3770,4665,7449,6137,4029,4205,5135,4757,3890,7.22562,-2.85602,8.55674,48.1153
97367,3908,4008,3786,3537,4663,6132,4472,3643,5069,7566,5274,3791,4137,4667,4190,3591,3.11254,-6.30532,8.52749,48.2893
97368,3313,3500,3819,3645,3609,4029,5177,4551,3693,4908,8314,6038,3561,4193,5271,4865,7.43423,9.88514,8.96073,48.324
97369,4209,4120,3615,3296,5871,6276,4084,3611,6226,6916,4290,3518,4529,4617,3872,3311,1.40596,-13.3963,8.7441,48.2407
97370,3834,4532,5192,4393,3900,5722,7888,5045,3633,4417,5159,4194,3327,3634,3722,3576,-6.79443,5.12697,8.70129,48.112
97371,7934,5481,3918,3238,8987,5641,3911,3352,4831,4162,3598,3234,3677,3603,3201,3073,-13.1897,-22.6458,8.83694,47.894
97372,4560,7469,8906,5072,3998,4926,5233,4393,3481,3687,3650,3644,3226,3272,3399,3251,-26.6611,2.12117,8.7918,48.1113
97373,3277,3293,3336,3238,3456,3805,3743,3614,4338,5060,4735,3966,4982,8969,7659,4607,28.5793,-1.96237,8.75114,48.052
97374,3286,3387,3317,3046,3853,3916,3540,3392,4999,5724,4514,3743,6666,9519,5407,3863,23.7027,-9.095,8.53941,48.1147
97375,3485,3552,3749,3584,3632,4302,5121,4196,3866,5461,7980,5067,3677,4408,5355,4440,7.83137,6.47249,8.89224,47.9167
97376,5822,4827,3671,3340,8469,6427,4122,3475,5889,4817,3714,3336,4027,3841,3454,3166,-6.72105,-19.9284,8.60201,48.2647
97377,4416,7435,8331,5057,4061,5106,5634,4415,3526,3697,3835,3571,3183,3471,3364,3331,-22.3349,1.67146,8.87687,48.2887
97378,3153,3437,3722,3869,3319,3753,4809,5163,3371,4074,6839,8213,3362,3931,5106,5844,8.4937,18.0017,8.73596,47.9767
97379,3103,3292,3422,3486,3259,3527,3854,4354,3284,3680,5113,7885,3279,4026,5684,10602,18.8584,26.6085,8.76747,47.9
97380,3645,4340,4725,4128,3932,5637,7532,4687,3681,4799,5908,4323,3487,3778,3959,3661,-3.99,4.48679,8.92263,48.148
97381,5690,9651,6663,4206,4506,5157,4601,3862,3693,3811,3626,3355,3343,3451,3390,3214,-31.2183,-4.92334,8.93257,48.146
97382,3816,4059,3678,3337,4784,5619,4183,3468,5816,8021,4791,3685,4535,5043,4030,3397,4.76103,-9.71474,8.92477,48.1747
97383,5170,6123,4552,3669,5613,8094,5012,3736,4231,4653,4095,3504,3661,3640,3472,3343,-10.681,-9.01732,8.79043,48.3787
97384,4962,8362,7865,4727,4258,4938,4977,4186,3647,3843,3790,3522,3215,3375,3329,3216,-28.7287,-0.584218,8.59176,48.1413
97385,9387,8587,4496,3407,5552,5168,3962,3520,3790,3920,3445,3287,3247,3301,3198,3074,-31.3448,-15.9084,8.60695,47.5607
97386,3263,3339,3305,3252,3638,3817,3543,3448,4676,5167,4662,3797,6093,10109,6164,4091,30.6213,-6.49001,8.76366,48.2427
97387,3461,4018,5819,11437,3394,3775,4928,7279,3259,3476,3827,4002,3082,3176,3388,3370,-20.818,33.314,8.75471,47.794
97388,3362,3620,3759,3508,3752,4388,5015,3994,3974,5999,7830,4756,3917,4830,5660,4404,8.80463,3.85251,8.90997,48.512
97389,3209,3325,3256,3229,3490,3661,3771,3603,4228,5027,5027,4254,4781,8132,8343,4950,28.5678,0.459917,8.84142,48.1907
97390,3278,3925,6054,12876,3379,3754,4772,6080,3138,3489,3743,3792,3153,3280,3441,3331,-31.1984,28.5099,8.93197,47.6567
97391,3415,3766,3674,3607,3735,4655,4786,4014,4123,6204,7379,4621,4030,4857,5174,4280,8.2218,2.23799,8.51119,48.2133
97392,7884,6343,4059,3444,7564,6247,4013,3421,4418,4129,3628,3278,3626,3440,3501,3065,-15.6262,-18.5921,8.79685,48.04
97393,3829,3876,3526,3263,4979,5320,3999,3393,6445,7847,4545,3679,4924,5067,3964,3412,5.96582,-12.5572,8.76654,48.0453
97394,3465,4338,6061,5526,3592,4497,7792,6441,3599,3850,4618,4412,3258,3376,3702,3726,-10.9969,12.2698,8.72,48.1687
97395,11119,7123,4121,3479,6352,5145,3889,3372,4011,3906,3535,3219,3400,3389,3208,3095,-24.2025,-20.9947,8.83982,48.242
97396,3085,3180,3446,3436,3174,3588,3910,3988,3424,3899,4787,5738,3475,4243,7469,11068,29.5448,20.2376,8.50058,47.94
97397,3732,3749,3632,3163,4305,4906,3953,3536,5761,8040,5006,3688,5060,5944,4511,3593,10.1755,-8.88777,8.72342,48.386
97398,3306,3467,3223,3039,4021,3915,3453,3154,6128,4733,3739,3300,12449,6532,3968,3313,28.7839,-25.4202,8.75983,47.8267
97399,4693,4205,3548,3245,7770,5450,3859,3355,7421,5327,3922,3293,4582,4077,3690,3280,-0.619838,-21.5213,8.52943,47.8113
97400,3107,3178,3299,3360,3180,3545,3740,3973,3368,3747,4867,6648,3402,3856,6115,12246,24.2775,30.8979,8.90421,47.754
97401,3411,3358,3328,3252,4022,3715,3393,3298,5843,4572,3805,3429,12473,5861,3873,3396,33.4666,-32.5891,8.75683,47.3527
97402,3200,3341,3202,3178,3631,3810,3730,3339,4744,5133,4483,3839,6036,9787,6253,3902,32.6162,-6.85518,8.79833,47.7387
97403,3411,3368,3277,3207,3870,3916,3435,3228,6891,4952,3808,3463,11488,5911,4040,3375,22.5111,-33.861,8.5281,47.76
97404,3894,4351,4073,3704,4429,6497,5635,3931,4440,6293,5392,4028,3804,4106,4075,3609,-0.663565,-2.68466,8.66076,48.174
97405,7064,9898,5482,3863,4947,5302,4308,3673,3757,3774,3567,3343,3365,3338,3250,3075,-29.396,-10.0312,8.6607,48.004
97406,3341,3348,3390,3188,3640,3831,3627,3539,4757,5668,4714,3804,5769,9427,6243,4132,23.8472,-5.53526,8.53682,48.2787
97407,3073,3317,3473,3533,3092,3438,3878,4289,3414,3813,5342,7495,3344,4030,6294,10095,19.2008,23.3577,8.68779,47.9467
97408,3092,3405,3603,3728,3351,3601,4210,4874,3340,3956,6070,8571,3361,3956,5613,7402,12.5366,20.3916,8.94556,48.0887
97409,8209,5904,3989,3445,8064,5871,4113,3443,4510,4188,3556,3235,3514,3502,3235,3115,-15.2695,-20.9302,8.80937,47.9287
97410,4296,4763,4230,3655,4861,7401,5643,3922,4495,5665,4703,3866,3758,4045,3701,3588,-4.01152,-4.5916,8.53576,48.3947
97411,5798,4843,3690,3378,9124,6026,3954,3342,6100,4829,3780,3325,4045,3850,3394,3218,-6.12477,-21.4985,8.98808,48.464
97412,3511,3375,3229,3074,4408,4056,3461,3250,7868,5392,4021,3465,9107,6192,4027,3505,17.1972,-21.4213,8.82977,47.9607
97413,3328,3399,3278,3113,3736,3787,3602,3303,4683,5267,4567,3816,6041,9896,6173,4006,30.9975,-6.67321,8.88258,47.9967
97414,3441,3887,6718,12120,3519,3798,4913,6068,3289,3453,3715,3974,3154,3243,3384,3328,-28.413,24.3467,8.68685,48.0027
97415,7442,8019,4595,3633,5887,6073,4289,3499,4132,4072,3659,3443,3325,3417,3325,3097,-19.4267,-13.9726,8.54627,47.938
97416,3392,3438,3212,3120,3955,3878,3499,3153,6232,5124,3821,3427,10542,7473,4252,3373,24.7587,-19.5147,8.92331,47.9273
97417,3624,3717,3421,3397,4079,4746,4086,3454,5309,8063,5171,3855,4926,6113,4603,3787,10.7308,-7.36408,8.69506,48.234
97418,3527,4445,8117,9403,3465,4083,5274,5870,3295,3481,3855,3889,3078,3209,3468,3444,-24.564,16.7736,8.70427,47.9353
97419,3133,3353,3420,3551,3223,3448,4108,4342,3456,3942,5503,7535,3461,4051,6425,9188,17.7388,21.3118,8.50595,48.0927
97420,3362,4067,6603,12002,3364,3774,4852,6213,3245,3543,3755,3954,3150,3119,3546,3382,-26.1968,25.042,8.78497,47.954
97421,3913,5421,8687,6218,3832,4623,6498,5163,3406,3747,4154,3818,3192,3183,3455,3356,-19.5958,8.46887,8.9079,48.444
97422,3198,3212,3407,3405,3205,3511,3761,3883,3361,3818,4853,5761,3369,4187,7633,10994,29.5969,20.0039,8.9462,47.7053
97423,4821,4121,3547,3272,8714,4983,3662,3437,8079,4858,3859,3288,4647,4158,3565,3255,-0.585933,-30.6128,8.82179,48.1773
97424,3319,3269,3306,3118,3945,3903,3629,3284,5259,5828,4360,3683,7217,9157,5163,3735,23.1337,-11.5983,8.68716,48.1167
97425,3361,3377,3253,3165,3766,3774,3588,3458,4797,5247,4178,3689,6983,9849,5502,3990,30.1001,-9.45652,8.56271,47.9847
97426,3200,3418,3443,3527,3203,3661,3982,4292,3472,4197,6047,6862,3535,4277,6961,8130,17.5472,17.3258,8.72224,48.138
97427,5642,4585,3645,3147,9510,5417,3637,3400,6583,4692,3679,3387,4188,3869,3511,3215,-4.97083,-26.2536,8.75235,48.0713
97428,3718,3857,3614,3406,4386,5370,4304,3582,5410,7859,5162,3652,4633,5250,4361,3687,6.52343,-7.90355,8.57459,48.1673
97429,3304,3894,5412,6618,3345,3902,6296,8784,3343,3695,4522,5266,3141,3405,3674,3809,-10.3605,20.1292,8.88527,48.2733
97430,3064,3238,3297,3435,3266,3459,3863,3921,3358,3909,4908,5840,3309,4214,7184,11579,27.9312,21.6463,8.90076,47.896
97431,3872,4436,4992,4168,4024,6060,7308,4571,3852,4715,5274,4220,3528,3742,3823,3566,-6.01067,2.87432,8.54669,48.1007
97432,4552,5613,5257,4049,4658,7685,6189,4136,4022,4554,4356,3718,3578,3692,3572,3284,-10.0927,-3.19907,8.91124,48.61
97433,4328,3992,3546,3378,6694,5362,3917,3198,8167,6044,4018,3278,5101,4456,3657,3267,2.90966,-19.8768,8.79735,48.2687
97434,6419,10169,5935,3888,4719,5233,4514,3803,3730,3808,3576,3518,3266,3346,3390,3161,-29.74,-7.71325,8.99286,48.3167
97435,8320,5249,3854,3276,9316,5112,3801,3399,4915,4165,3624,3182,3625,3499,3222,3125,-13.4525,-32.5278,8.93828,47.7893
97436,3964,5102,7052,5355,3879,5219,7523,5134,3577,3822,4371,3893,3374,3448,3503,3474,-14.4769,7.09751,8.73997,48.46
97437,4778,4173,3658,3258,8450,5255,3774,3373,7844,5095,3842,3353,4749,4061,3561,3242,-0.580615,-24.7622,8.85529,48.3107
97438,7534,4988,3715,3350,9831,5277,3943,3357,5231,4210,3687,3261,3806,3610,3368,3082,-11.2546,-27.2762,8.53415,48.1667
97439,3802,5306,9471,6938,3674,4535,5796,5063,3323,3552,3902,3891,3242,3245,3284,3228,-22.7487,10.0512,8.96354,48.168
97440,3791,3645,3413,3175,5307,4345,3552,3213,9760,5235,3883,3307,7344,4923,3728,3392,10.6473,-29.5764,8.75041,48.0087
97441,3667,4250,4712,4089,3995,5704,7202,4760,3806,4994,5935,4335,3518,3863,3947,3694,-2.89472,3.84284,8.87525,48.314
97442,3110,3380,3809,3724,3437,3821,4835,4937,3596,4248,7271,7353,3527,4070,5549,5640,8.95351,15.456,8.80639,48.2047
97443,4888,5092,4043,3573,6145,7969,4621,3658,4824,5468,4053,3445,3850,3837,3643,3317,-6.00795,-11.3008,8.89835,48.284
97444,3923,5379,7765,5506,3812,4934,7214,5083,3523,3777,4076,3977,3189,3404,3567,3368,-16.5348,7.02903,8.9377,48.3313
97445,3276,3309,3439,3374,3278,3670,3990,4113,3517,4116,6281,6272,3547,4529,7755,7612,18.4129,14.7329,8.82591,48.052
97446,4068,3730,3511,3221,6226,4598,3586,3301,9842,5176,3859,3363,5901,4560,3686,3308,6.41949,-31.146,8.56212,47.9573
97447,3987,3773,3519,3250,5487,5064,3846,3298,8022,6885,4125,3415,5650,5090,3867,3276,7.28216,-17.3618,8.90701,48.3693
97448,3308,3740,4809,6411,3377,3852,5397,9813,3331,3625,4449,6069,3177,3318,3733,3947,-7.78197,26.6251,8.58778,48.2373
97449,3865,3771,3316,3271,5894,4539,3686,3223,10021,5236,3738,3360,6431,4743,3728,3349,7.82768,-29.1574,8.84783,48.114
97450,3297,3517,3915,4203,3299,3789,4945,6512,3317,3885,5976,8615,3413,3803,4615,5178,3.91219,20.7287,8.8332,48.186
97451,3086,3336,3365,3493,3236,3492,3914,4069,3518,4031,5301,6178,3538,4295,7572,9850,23.1541,18.9315,8.5842,48.1827
97452,7690,9076,4819,3667,5454,5828,4184,3676,3951,3826,3665,3253,3439,3323,3247,3107,-22.2438,-12.5839,8.94381,48.1367
97453,3426,3455,3343,3169,4202,4144,3606,3425,6827,5590,4062,3487,9042,6841,4270,3454,19.3666,-18.7607,8.59482,48.2287
97454,3190,3398,3643,3843,3264,3578,4341,5455,3338,3914,5305,9540,3306,3817,4922,7137,10.4057,26.1354,8.58479,47.994
97455,3347,3325,3246,3126,4037,3678,3447,3226,6772,4955,3820,3359,12413,6134,4020,3433,24.0199,-26.425,8.96967,48.2253
97456,3430,3921,5919,11426,3381,3796,4880,7179,3256,3407,3780,4111,3150,3388,3354,3343,-21.2589,29.6035,8.54354,47.814
97457,3148,3410,3673,3741,3295,3839,4654,4503,3656,4525,7218,6548,3552,4348,6307,5872,12.262,13.1801,8.63102,48.1927
97458,3672,3896,3781,3411,4181,5499,4618,3655,4703,7419,6013,4047,4247,4949,4516,3849,5.49571,-3.5449,8.5219,48.304
97459,3130,3367,3660,3601,3338,3631,4383,4407,3459,4129,6768,7318,3364,4224,6213,7150,13.9404,16.8246,8.8353,48.0947
97460,3314,3885,5667,9479,3401,3794,5124,8464,3237,3497,4054,4699,3088,3266,3464,3549,-16.3915,27.0893,8.80588,47.988
97461,5626,4842,3737,3375,8742,6318,3996,3448,5908,4957,3686,3322,4153,3746,3554,3176,-6.13991,-19.7072,8.7324,48.3907
97462,3297,3403,3338,3177,3808,4084,3747,3434,4754,6217,4962,3840,5366,8680,6219,4098,20.3908,-5.47644,8.55203,48.2827
97463,5869,4687,3650,3217,9917,5131,3718,3437,6479,4497,3582,3367,4078,3784,3431,3254,-6.02187,-30.7213,8.89843,48.0653
97464,3262,3922,5190,6858,3338,3991,6077,9000,3274,3672,4364,5250,3154,3312,3706,3803,-10.742,21.5398,8.95422,48.1153
97465,3333,3576,3288,3169,3747,3835,3741,3413,4611,5585,4537,3715,6160,9611,5960,4044,24.8174,-7.36713,8.86555,48.2167
97466,3578,3843,3821,3524,4011,5230,5006,4052,4392,6812,6472,4224,4026,4735,4710,3907,5.14193,-0.914605,8.56061,48.2287
97467,3443,3830,6072,12519,3392,3787,4733,6454,3227,3418,3776,3972,3130,3222,3328,3326,-25.719,29.2,8.91394,47.7527
97468,3197,3691,3853,3834,3609,4189,5679,4377,3810,5192,7942,5296,3615,4163,5029,4516,5.73363,7.67984,8.84231,47.9947
97469,3658,5220,9643,7654,3639,4202,5186,5096,3307,3650,3847,3954,3230,3335,3445,3315,-28.6237,11.67,8.54209,48.254
97470,3382,3885,5322,7780,3380,3825,5540,9112,3170,3524,4214,5024,3196,3358,3506,3785,-12.4018,23.6206,8.74452,48.002
97471,8780,5371,3911,3295,9100,5263,3812,3318,4687,4032,3539,3200,3588,3525,3393,3149,-14.3336,-31.5385,8.67904,47.9753
97472,3494,3455,3264,3263,4258,4190,3635,3203,7138,6340,4089,3578,7926,6879,4259,3555,16.6362,-17.1949,8.99195,48.3507
97473,8557,7069,4339,3449,6760,5952,3995,3487,4214,4052,3600,3305,3426,3460,3271,3163,-18.6967,-17.5571,8.8028,48.066
97474,3357,3564,3700,3623,3705,4194,4835,4234,3915,5486,8060,5083,3817,4640,5717,4603,9.21408,6.03068,8.7655,48.3553
97475,3095,3269,3355,3427,3251,3414,3926,4130,3393,3846,4980,6995,3354,3936,5924,11569,21.6708,32.1501,8.61844,47.9093
97476,3358,3590,4446,5068,3377,3897,5600,8373,3313,3681,5100,7319,3197,3498,4031,4440,-1.90744,22.8832,8.90674,48.192
97477,3271,3470,3386,3274,3677,3817,3650,3406,4523,5073,4597,3835,5731,9596,6619,4148,29.4224,-4.85894,8.8889,48.0487
97478,3068,3281,3431,3567,3232,3440,4136,4915,3350,3771,5268,9206,3336,3833,5482,8419,13.6609,26.7035,8.72709,47.8233
97479,4149,6330,9475,6163,3806,4601,5306,4639,3462,3593,3823,3656,3189,3321,3356,3244,-26.7412,6.67004,8.55614,48.0753
97480,3379,4093,7019,12034,3393,3860,4806,5993,3253,3403,3710,4034,3090,3213,3270,3370,-30.6109,22.7327,8.86314,47.9467
97481,3713,4066,4347,3993,3914,5206,6688,4613,3859,5172,6450,4566,3558,4077,4244,3817,-0.441297,4.34095,8.63814,48.1887
97482,3758,3627,3443,3162,4927,4759,3755,3338,7172,7516,4339,3426,5833,5742,3990,3461,9.83445,-15.0873,8.97691,48.1653
97483,3191,3493,3749,4053,3279,3575,4516,6190,3326,3772,5494,9613,3397,3762,4677,6006,6.93839,25.3161,8.62871,48.062
97484,3041,3216,3469,3451,3257,3502,3937,4424,3334,3857,5049,8116,3326,3859,5605,10149,17.7457,29.7332,8.6881,47.728
97485,3840,4985,8419,6509,3760,4539,6449,5442,3320,3726,4011,3998,3225,3313,3407,3464,-18.8281,10.6251,8.81235,48.2713
97486,3545,4223,6041,5803,3663,4478,7704,6668,3403,3705,4587,4513,3184,3368,3692,3633,-11.0813,13.2936,8.93089,48.14
97487,3077,3208,3447,3468,3174,3475,3734,3969,3374,3693,4879,5898,3304,3891,6797,12047,33.4926,23.2684,8.97281,47.6233
97488,9314,7720,4488,3673,5954,5625,3995,3487,4123,3887,3578,3288,3302,3397,3233,2968,-22.2075,-17.0339,8.92708,48.0213
97489,4337,5968,5845,4236,4399,6848,6560,4265,3723,4386,4244,3739,3262,3490,3526,3256,-13.0221,-0.704399,8.80362,48.056
97490,3606,3538,3304,3165,4454,4392,3808,3378,6710,7250,4303,3652,6302,6633,4362,3527,13.9812,-13.4118,8.69083,48.256
97491,4625,7557,7884,4785,4226,5380,5531,4193,3539,3992,3788,3531,3254,3389,3373,3278,-21.6343,0.597822,8.73155,48.2167
97492,3414,3725,4583,5817,3410,3845,5184,9640,3283,3595,4550,6541,3077,3430,3851,4180,-5.69763,29.0252,8.57151,48.0833
97493,3110,3269,3335,3450,3366,3540,3961,3834,3808,4465,6018,5113,3822,5271,8883,6825,21.4775,10.201,8.68835,48.0467
97494,3368,3791,5050,7176,3429,3880,5626,9522,3203,3595,4280,5284,3129,3294,3647,3771,-10.2867,23.7812,8.93298,48.03
97495,12792,6126,4055,3393,6095,4612,3784,3486,3854,3719,3374,3184,3370,3381,3252,3102,-30.7623,-28.4911,8.79974,47.7193
97496,3425,3376,3217,3018,3885,3963,3457,3270,5643,5196,4125,3454,9938,8187,4382,3537,26.9086,-17.1561,8.77396,48.0487
97497,3196,3192,3477,3469,3212,3552,3975,4158,3408,3916,5308,6817,3360,4133,6954,9900,20.8108,20.5326,8.60734,48.018
97498,3180,3308,3663,3592,3353,3816,4269,4542,3566,4234,6848,7159,3479,4220,6098,6739,13.4595,15.6702,8.54539,48.044
97499,3388,3845,6111,12747,3319,3749,4749,5994,3210,3444,3726,4096,3292,3173,3410,3451,-33.4229,27.5631,8.88,47.8027
97500,4681,4096,3554,3231,7476,5240,3815,3366,8281,5467,3830,3290,4865,4317,3649,3252,0.972086,-22.7949,8.75818,48.2733
97501,3455,3372,3270,3163,3899,3727,3494,3015,5987,4822,3800,3338,12591,6542,3935,3439,32.3466,-24.7481,8.91553,47.8993
97502,3209,3703,4291,4997,3374,3720,4974,8499,3275,3666,4921,8028,3294,3481,4012,4691,-0.956374,29.0415,8.55201,48.09
97503,3225,3549,4058,4369,3471,4017,5523,6574,3407,3887,6026,7963,3314,3739,4491,4830,2.48305,18.9801,8.82788,48.2953
97504,3046,3386,3425,3463,3206,3469,3993,4490,3409,3724,5179,8293,3276,3871,5579,9942,17.2992,30.3621,8.77173,47.834
97505,3545,4395,6722,6530,3577,4375,7094,6612,3364,3702,4298,4483,3224,3377,3539,3611,-14.4283,13.7229,8.66923,48.2987
97506,3593,3784,3949,3632,4062,5449,5429,4113,4249,6545,6644,4328,3866,4410,4551,3951,3.79032,0.449081,8.67286,48.37
97507,3556,4415,6710,6810,3571,4165,6861,6758,3330,3771,4364,4444,3149,3314,3512,3557,-14.5807,14.9314,8.53042,48.1913
97508,3643,4883,9052,7860,3544,4220,5560,5491,3295,3619,3844,3935,3140,3209,3502,3393,-23.5211,12.9986,8.68297,48.1267
97509,3386,3548,3628,3346,3605,4012,4310,3874,4136,5732,7104,4708,4123,5701,6744,4817,14.5477,3.49378,8.61034,48.516
97510,8626,6097,4016,3429,7947,5734,3889,3467,4390,4103,3583,3195,3527,3620,3379,3187,-16.1439,-21.0696,8.59897,48.126
97511,3312,3625,4439,5163,3362,3722,4996,9165,3237,3674,4704,7412,3320,3413,4033,4430,-2.61745,32.8669,8.96219,48.0047
97512,3129,3192,3572,3634,3205,3516,4089,4576,3546,3946,5712,8130,3426,4062,5944,8317,14.877,21.4374,8.96963,47.9973
97513,3334,3752,5089,7246,3332,3796,5444,9910,3313,3533,4274,5169,3215,3331,3638,3747,-10.63,33.2875,8.83393,48.082
97514,3061,3277,3430,3327,3257,3316,3804,3933,3434,3800,4927,5613,3474,4267,7691,11162,30.1586,19.7034,8.88756,47.8487
97515,6677,4847,3802,3300,9737,5374,3697,3277,5845,4340,3476,3245,3959,3752,3379,3147,-8.84611,-28.2557,8.56519,47.9027
97516,3153,3212,3272,3298,3150,3432,3811,3972,3281,3750,4755,6130,3412,3934,6061,12767,28.4637,27.1604,8.88025,47.5933
97517,3677,3877,3857,3483,4048,5262,5018,3832,4465,6988,6392,4167,4056,4672,4543,3999,4.80554,-1.66417,8.64991,48.224
97518,3522,3616,3295,3118,4232,4445,3787,3511,5905,7212,4574,3679,5952,7184,4788,3652,15.1643,-10.8233,8.71535,48.3147
97519,4822,7429,7004,4683,4286,5868,5596,4243,3667,3843,3933,3614,3112,3386,3372,3348,-19.3244,-0.860074,8.54371,48.1373
97520,8890,5304,3758,3381,9204,5159,3763,3376,4750,4029,3593,3303,3567,3623,3223,3135,-14.1857,-30.0847,8.97954,48.0387
97521,3573,4295,5167,4488,3825,5214,8056,5406,3623,4215,5525,4560,3397,3614,3885,3711,-6.12497,7.72797,8.51276,48.3693
97522,3466,3444,3283,3057,4002,3739,3503,3182,6344,5040,3788,3367,11775,6629,4037,3372,25.8782,-23.5671,8.61131,48.0187
97523,5311,6931,5044,3866,5152,7499,5059,3867,4047,4348,3827,3575,3421,3563,3386,3268,-14.4157,-7.03071,8.74515,48.1093
97524,7420,5100,3790,3314,9558,5501,3935,3421,5158,4304,3610,3259,3706,3653,3340,3211,-11.6305,-25.1377,8.66105,48.1867
97525,11553,6045,3938,3375,6837,5007,3946,3380,4011,3726,3544,3196,3352,3367,3158,3241,-22.1496,-33.4897,8.55936,47.784
97526,4710,8138,8443,4845,4181,4895,4896,4193,3495,3642,3826,3502,3189,3408,3427,3177,-27.7631,0.293599,8.81907,47.978
97527,3464,4203,6363,8259,3335,4074,6041,7574,3190,3557,4216,4419,3107,3353,3617,3623,-16.0664,19.0624,8.7902,48.2633
97528,9889,5520,3853,3448,8462,5079,3776,3278,4323,3957,3384,3256,3468,3419,3232,3145,-16.9524,-32.0011,8.88877,47.6593
97529,3434,3354,3227,3112,3944,3815,3586,3220,5685,4939,3949,3421,10358,8070,4300,3534,29.264,-18.0357,8.77638,47.9653
97530,3284,3372,3253,3195,3778,3740,3330,3246,5992,4744,3774,3351,12540,6054,3977,3397,32.0224,-33.4938,8.91197,47.3513
97531,5805,4781,3773,3326,8656,6300,4070,3239,5904,4809,3741,3298,4029,3910,3455,3135,-6.21595,-20.1966,8.69964,48.154
97532,3414,3647,4381,5161,3432,3785,5125,9104,3398,3629,4852,7382,3179,3395,3915,4460,-2.74968,33.3637,8.71661,48.1727
97533,4673,7457,8351,4888,4210,5288,5362,4236,3557,3831,3875,3548,3244,3312,3464,3200,-22.9427,1.13885,8.80782,48.3307
97534,8360,7760,4475,3610,6364,5889,4061,3474,4124,4083,3544,3256,3419,3452,3321,3174,-20.115,-15.8687,8.78928,48.244
97535,4415,6888,8600,5195,4046,5010,5688,4453,3387,3627,3912,3605,3247,3375,3482,3284,-21.8804,3.19527,8.85603,48.1427
97536,3151,3481,3503,3207,3450,3792,3937,3639,3935,4986,5914,4573,4272,6738,8574,5217,21.6928,3.41885,8.75605,48.246
97537,3886,3808,3513,3147,5721,4742,3762,3353,8889,6032,4005,3432,6102,4872,3818,3307,7.63767,-20.8239,8.56891,48.2593
97538,3575,3499,3269,3068,4159,4048,3668,3304,6729,6458,4216,3577,7391,7168,4539,3516,16.7135,-15.2535,8.65976,48.1227
97539,4117,3964,3634,3268,5858,5502,3943,3497,7168,6700,4260,3448,4932,4751,3739,3300,3.48103,-16.0172,8.55178,48.054
97540,11049,5859,3899,3462,7394,5079,3763,3301,4129,3890,3562,3190,3332,3360,3190,3212,-20.1176,-31.9204,8.54604,47.7807
97541,4759,6587,5600,4105,4659,7181,5921,4124,3824,4178,4040,3588,3423,3573,3516,3309,-14.0616,-3.19893,8.7806,48.258
97542,3303,3446,3232,3020,3840,3883,3415,3339,5989,4718,3693,3299,12690,6159,3884,3448,29.5061,-32.5997,8.86689,47.572
97543,6306,9487,5804,3998,4789,5644,4438,3804,3769,3857,3591,3344,3282,3354,3340,3128,-24.3945,-7.77412,8.50003,47.9567
97544,7103,9811,5388,3902,4845,5242,4274,3709,3720,3886,3616,3487,3375,3307,3275,3036,-28.9575,-10.208,8.50566,47.984
97545,3177,3574,4283,4770,3346,3915,5343,8141,3307,3835,5110,7777,3163,3594,4099,4610,-0.681768,22.4078,8.94569,48.0293
97546,3759,3941,3551,3331,4541,5643,4304,3575,5210,7938,5328,3829,4372,4954,4102,3699,4.89606,-6.84314,8.56349,48.0513
97547,4137,3952,3463,3295,5389,5484,3877,3503,7066,7082,4316,3586,4947,4961,3771,3327,4.98027,-15.2558,8.71357,48.104
97548,11243,5934,3945,3249,7426,4970,3831,3375,4097,4018,3439,3264,3424,3232,3194,3116,-20.732,-31.9098,8.61047,47.838
97549,3370,3354,3179,3041,4011,3879,3572,3137,6233,5202,3948,3418,10665,7220,4168,3501,23.9083,-20.1205,8.88947,47.932
97550,12676,6082,3870,3366,6036,4746,3646,3414,3896,3769,3449,3175,3425,3391,3343,3100,-31.2833,-28.8552,8.7555,47.5893
97551,2995,3157,3328,3436,3217,3411,3723,3925,3361,3725,4857,6508,3338,3912,6126,12441,25.2639,28.2073,8.86507,47.64
97552,3870,3722,3420,3206,5259,4505,3643,3263,8861,6113,4005,3471,6501,5061,3836,3427,9.69847,-20.7214,8.7363,48.1087
97553,3440,3363,3317,3067,3993,3748,3447,3228,6436,4821,3915,3335,12120,6258,3890,3466,25.4247,-26.519,8.67922,47.896
97554,3434,4029,6050,12380,3363,3598,4739,5981,3218,3420,3751,4017,3133,3270,3310,3372,-30.3204,28.0717,8.5702,47.3767
97555,3405,3927,5704,10011,3354,3700,5272,8250,3275,3417,4075,4447,3087,3241,3434,3489,-17.5742,27.2364,8.78858,48.0587
97556,4077,5594,8595,5777,3801,4819,6256,4871,3529,3612,4024,3788,3182,3261,3503,3384,-19.8678,7.26465,8.5221,48.0487
97557,3320,3353,3380,3260,3607,3905,3841,3550,4643,5993,5026,4033,5402,8544,6233,4221,20.6574,-4.32141,8.68375,48.2073
97558,3189,3404,3402,3357,3543,3916,3928,3570,4164,5587,5961,4461,4532,6895,7370,4815,19.3393,0.965739,8.86773,48.0627
97559,6493,9995,5664,3813,4864,5223,4396,3645,3799,3878,3644,3384,3347,3391,3301,3163,-30.2896,-8.27636,8.91452,48
97560,3363,3346,3120,3115,3929,3689,3495,3162,5715,5045,3756,3545,11139,7709,4408,3304,29.4785,-20.2028,8.98173,47.8933
97561,3414,3430,3261,3050,4136,3767,3487,3254,6575,4904,3756,3395,11970,6030,3913,3298,23.8826,-27.9117,8.52452,47.76
97562,3261,3258,3359,3201,3519,3698,3805,3543,4201,5194,5197,4083,4891,8218,7894,4691,24.7497,-0.588013,8.60243,48.0087
97563,3437,3949,6043,13017,3247,3703,4826,5943,3221,3306,3777,3951,3153,3159,3272,3478,-30.2418,28.983,8.91003,47.6547
97564,3558,3483,3266,3135,4467,4101,3508,3249,8055,5571,3904,3476,8918,6283,3997,3325,16.6106,-21.2958,8.97083,48.1973
97565,3321,3395,3383,3167,3973,3705,3361,3318,5815,4594,3620,3394,12646,6009,3855,3540,32.3733,-33.588,8.85654,47.3973
97566,5483,6298,4430,3492,6134,7737,4712,3624,4365,4539,3834,3468,3638,3634,3399,3190,-11.5762,-11.3652,8.60114,47.9847
97567,6892,9219,5220,3800,5253,5970,4255,3630,3881,4040,3542,3383,3395,3493,3229,3041,-22.4358,-10.6568,8.50268,48.162
97568,4458,6674,7892,5040,4127,5272,5995,4388,3462,3830,4080,3781,3160,3337,3484,3306,-19.6115,2.76272,8.66802,48.1907
97569,6204,9805,6055,3907,4667,5129,4458,3815,3634,3813,3721,3492,3419,3331,3360,3178,-31.3396,-6.98514,8.61052,47.992
97570,3348,3416,3243,3120,3821,3809,3623,3287,5483,5079,4146,3399,9158,8646,4540,3444,32.6264,-15.8029,8.69645,47.708
97571,3323,3274,3320,3189,3931,3718,3559,3318,5813,4985,3879,3441,11042,7665,4204,3483,28.35,-19.7728,8.7977,48.096
97572,3869,3635,3327,3130,5509,4352,3579,3326,9751,5581,3940,3372,6772,5059,3707,3312,9.39045,-24.7996,8.87914,48.1473
97573,3469,3737,4413,4380,3576,4415,7047,5906,3600,4189,6445,5608,3361,3668,4271,4142,-1.00353,12.1384,8.65041,48.1513
97574,3166,3550,3809,3849,3263,3944,4922,5290,3564,4088,7010,7771,3371,3898,5212,5467,7.32222,16.4025,8.84505,48.116
97575,8209,7537,4333,3635,6597,5880,4204,3549,4116,3964,3734,3252,3506,3517,3326,3052,-19.2115,-16.6293,8.75936,48.274
97576,3150,3250,3450,3371,3239,3517,3779,3870,3528,4182,5268,5233,3666,4809,9209,8534,29.0483,14.1042,8.73242,48.0367
97577,4417,6649,8898,5403,4047,4854,5811,4451,3520,3631,3851,3733,3203,3333,3305,3415,-22.8483,4.13736,8.88756,48.3473
97578,3085,3342,3534,3683,3231,3613,4412,4770,3395,3936,5936,8587,3322,3880,5686,7555,13.31,20.7643,8.97061,47.978
97579,11898,6312,4007,3369,6746,4915,3832,3365,3924,3857,3556,3204,3381,3283,3233,3144,-23.6824,-25.2698,8.99832,48.0173
97580,3109,3327,3436,3475,3254,3514,3918,4107,3362,4029,5561,6727,3577,4218,7070,9345,20.3665,19.137,8.57138,48.0193
97581,3482,3450,3227,3023,4004,3954,3513,3394,5666,5280,3964,3500,9418,8198,4479,3488,25.579,-16.5475,8.58939,48.0267
97582,3190,3450,3659,3366,3537,3852,4283,3879,3884,5104,7022,4915,4053,5503,7346,5483,16.0164,6.14262,8.5085,48.3507
97583,3346,3337,3247,3136,3920,3872,3528,3198,5704,5133,3856,3399,10426,7990,4267,3329,32.1103,-18.5844,8.96967,47.792
97584,3506,3328,3274,3078,3975,3788,3480,3114,6322,5046,3892,3380,11143,7120,4160,3471,24.5219,-21.6904,8.80547,48.0513
97585,4303,3943,3484,3123,6669,4780,3727,3378,9091,5560,3896,3360,5540,4529,3634,3345,4.91247,-23.6702,8.69754,48.2413
97586,3437,3862,5982,12695,3373,3743,4761,6196,3356,3365,3828,3917,3048,3162,3358,3428,-29.4707,30.0876,8.86544,47.674
97587,3981,4705,4605,3907,4470,6863,6475,4100,4034,5362,5099,3887,3663,3882,3842,3655,-4.32201,-1.15215,8.75837,48.3533
97588,3234,3563,3923,4192,3488,3939,5230,5959,3498,4192,6570,7647,3428,3757,4664,5167,4.54299,18.0028,8.53331,48.3007
97589,3141,3550,3874,4015,3377,3807,4932,5584,3481,3976,6872,7836,3411,3921,4928,5608,6.48326,17.4641,8.78847,48.2087
97590,3191,3320,3353,3412,3075,3435,3857,3974,3433,3690,4745,6073,3428,3833,6001,12379,33.0889,29.227,8.55588,47.466
97591,3846,4295,4320,3857,4187,6658,6476,4128,4229,5610,5438,4103,3708,3993,3949,3531,-2.53691,-0.412313,8.97348,48.2187
97592,3109,3268,3382,3429,3261,3443,3878,4188,3410,3778,4997,7306,3341,3830,5778,11250,21.193,30.6419,8.56724,47.7653
97593,3590,4344,5888,5384,3584,4617,7691,6578,3509,3903,4720,4544,3251,3395,3734,3597,-10.132,12.253,8.57391,48.2193
97594,3119,3253,3495,3586,3298,3665,4047,4749,3323,3771,5100,8939,3344,3854,5233,9098,15.0843,30.0953,8.68471,47.916
97595,3398,3956,6192,12308,3336,3765,4912,6219,3363,3414,3739,3993,3105,3177,3372,3437,-26.0126,27.3845,8.58518,47.7907
97596,12210,6057,3914,3401,6311,4813,3738,3545,3905,3770,3368,3258,3481,3439,3202,3089,-25.8794,-27.9747,8.60808,47.6673
97597,3291,3383,3252,3128,3786,3744,3597,3372,5009,5485,4395,3663,6883,9752,5571,3888,25.2857,-9.50952,8.67792,48.1327
97598,3032,3137,3340,3490,3193,3463,3824,3980,3443,3812,4978,6066,3327,4057,6907,11689,27.9487,22.5944,8.74078,47.8253
97599,3108,3363,3545,3554,3190,3550,4017,4210,3556,4070,5769,6928,3444,4383,6967,8361,17.9818,18.1242,8.6212,48.01
97600,12310,5875,4005,3422,5873,4619,3743,3389,3975,3737,3455,3193,3384,3442,3253,3236,-31.1622,-32.063,8.78484,47.274
97601,3268,3376,3397,3148,3566,3816,3579,3391,4740,5186,4497,3758,5903,9733,6474,3989,29.4092,-5.9588,8.51321,47.8807
97602,12403,6254,3945,3377,6148,4680,3793,3423,3945,3695,3494,3273,3432,3322,3280,3231,-29.8758,-27.1565,8.59956,47.7967
97603,3654,3621,3497,3183,4334,4336,3751,3417,6093,7525,4512,3746,5927,6706,4593,3587,13.5604,-11.665,8.64359,48.3213
97604,3109,3283,3405,3384,3381,3693,4195,3905,3812,4748,6491,5175,3881,5479,8448,5983,18.9079,8.11659,8.70783,48.248
97605,3401,3396,3235,3149,3949,3825,3471,3186,6045,4963,3743,3351,11829,6755,3947,3367,32.2126,-23.7347,8.65894,47.7413
97606,3185,3340,3665,3775,3296,3614,4521,5412,3389,3910,5563,9546,3340,3775,5060,6780,9.66459,25.0233,8.53889,48.114
97607,3208,3372,3411,3288,3367,3784,4019,3840,3919,4868,6221,4950,4002,5814,8718,5854,19.8514,6.98412,8.50382,48.4233
97608,3452,4221,7267,10615,3484,3930,5194,6476,3268,3456,3896,4114,3197,3113,3316,3385,-23.2525,20.1662,8.71041,48.256
97609,3324,3419,3525,3340,3648,3983,4148,3726,4188,5852,6890,4569,4287,6063,6595,4757,14.874,2.08099,8.53622,48.2093
97610,3309,3352,3380,3240,3741,3937,3729,3487,4645,5913,4872,3941,5456,8896,6330,4067,21.9239,-4.96146,8.67791,48.1967
97611,4481,5014,4152,3574,5537,8042,5071,3661,4513,5687,4315,3524,3831,3955,3715,3387,-5.37042,-8.35863,8.96878,48.306
97612,3613,3523,3354,3139,4444,4158,3515,3130,8130,5668,3958,3366,8893,5890,4081,3370,16.2083,-21.68,8.60754,48.1547
97613,3980,3836,3561,3197,5357,5309,3768,3412,7266,7204,4217,3406,5230,4974,3995,3377,6.09716,-15.4283,8.99326,48.0593
97614,3252,3306,3322,3275,3468,3597,3770,3682,3950,4670,5220,4418,4115,6686,9678,5502,31.2559,4.83194,8.76718,47.9407
97615,3174,3296,3978,4144,3308,3639,4574,6618,3358,3782,5094,9784,3255,3701,4605,5711,5.34126,28.7912,8.88545,48.014
97616,3602,3954,4307,3932,3861,5028,6892,4645,3796,5118,6833,4594,3535,3935,4367,4117,0.0755786,5.44816,8.77844,48.344
97617,3238,3595,4226,4972,3246,3711,5014,8670,3398,3851,4942,7950,3212,3437,4034,4664,-0.997922,27.2825,8.75837,48.1067
97618,8090,5200,3794,3226,9471,5266,3783,3387,5003,4126,3650,3146,3627,3468,3409,3148,-12.9213,-27.7464,8.76771,47.8627
97619,4484,6423,6834,4598,4266,5916,6329,4394,3684,4037,4090,3634,3266,3444,3442,3315,-16.4145,0.980598,8.70135,48.104
97620,5189,8743,7539,4507,4279,5273,4904,4081,3699,3800,3762,3440,3377,3350,3269,3187,-25.2743,-2.08999,8.87867,48.266
97621,3158,3213,3511,3249,3361,3445,3817,3869,3515,4066,5308,5282,3660,4865,9194,8408,27.1063,13.744,8.51193,47.9473
97622,10637,7737,4150,3359,5867,5080,3914,3466,3888,3895,3396,3191,3417,3375,3196,3158,-27.6829,-19.3495,8.79878,47.8173
97623,3280,3437,3399,3206,3786,4254,4082,3681,4613,6982,6129,4113,4528,6538,5760,4195,13.8722,-2.31254,8.94222,47.9887
97624,12488,6508,4001,3390,6233,4791,3734,3377,4057,3696,3485,3150,3382,3284,3237,3035,-26.2934,-25.5334,8.68216,47.8987
97625,3692,5250,9500,7502,3613,4107,5620,5266,3372,3601,3861,3866,3096,3141,3371,3350,-24.2262,11.4512,8.95023,48.1387
97626,6481,6126,4133,3535,7284,6980,4272,3536,4511,4490,3843,3282,3674,3643,3380,3094,-12.4805,-15.6988,8.64807,48.176
97627,6350,9599,5790,3989,4832,5590,4497,3784,3734,3836,3700,3400,3349,3361,3273,3139,-24.1199,-8.21948,8.65932,48.1487
97628,3074,3304,3442,3709,3358,3499,4095,4587,3393,3869,5488,8550,3347,3886,5672,8574,15.3117,24.4846,8.61651,47.898
97629,6998,5174,3890,3413,9056,6018,3947,3279,5321,4471,3707,3180,3751,3749,3369,3155,-10.1555,-21.487,8.73491,48.3187
97630,3276,3209,3490,3441,3479,3638,4160,4031,3588,4499,6285,5459,3828,4906,8470,6767,19.5006,11.1433,8.6611,48.3507
97631,7964,9261,4938,3668,5339,5454,4203,3594,3848,3835,3511,3251,3302,3346,3202,3243,-25.3373,-12.8831,8.83807,47.9727
97632,3500,4216,6910,9140,3544,4052,5688,6913,3254,3458,3985,4209,3074,3297,3494,3471,-18.9915,18.903,8.84612,48.1367
97633,3072,3232,3431,3405,3285,3602,4005,3781,3601,4452,6048,5357,3848,5028,8757,7029,20.7659,10.9592,8.62154,47.9553
97634,3082,3187,3361,3446,3281,3507,3889,3880,3462,3995,5166,5567,3452,4423,8472,9550,33.1003,16.5514,8.85096,47.8133
97635,6233,4861,3772,3149,9113,5995,3995,3327,5762,4569,3775,3324,4012,3809,3361,3139,-7.71315,-22.2324,8.51637,48.1307
97636,3183,3160,3473,3531,3296,3642,4125,3962,3698,4431,6525,5425,3770,4947,8512,6705,19.6024,10.873,8.7587,48.2567
97637,3200,3595,4111,4518,3310,3751,4806,7223,3360,3892,5040,8812,3287,3617,4324,5092,2.52389,33.6674,8.55474,47.9587
97638,11538,7281,4029,3327,5811,4899,3891,3398,4003,3814,3490,3222,3397,3260,3250,3139,-31.38,-21.6458,8.72828,47.8327
97639,3298,3711,4641,5141,3508,4017,6440,7704,3435,3836,5235,6213,3223,3573,4043,4286,-3.91483,18.1458,8.55847,48.2027
97640,3375,3416,3323,3255,4083,3826,3500,3284,6890,4913,3951,3444,11586,5929,3925,3276,22.1939,-32.4718,8.6265,47.984
97641,3265,3287,3333,3357,3173,3518,3786,3867,3508,4089,5107,5309,3517,4780,9260,8683,32.2339,14.1572,8.98571,47.8927
97642,3425,3408,3280,3215,3723,3754,3624,3466,4743,5440,4463,3836,6289,9475,6004,3935,24.931,-7.33664,8.65871,48.0533
97643,11585,5965,3962,3394,7066,4942,3756,3324,4085,3948,3450,3218,3432,3331,3279,3151,-22.2617,-26.7438,8.63597,47.9253
97644,3236,3281,3255,3152,3628,3760,3800,3401,4234,5271,4924,4198,5085,8725,7481,4491,25.4022,-1.88616,8.58267,47.948
97645,3369,3814,5586,9599,3389,3832,5221,8612,3126,3478,4060,4543,2993,3354,3559,3524,-16.9143,27.028,8.79667,48.0393
97646,4139,4744,4545,3751,4633,7382,5881,4057,4206,5609,4704,3809,3682,3878,3917,3560,-4.60478,-3.60388,8.54609,48.3313
97647,8365,8954,4779,3553,5460,5362,4136,3652,3934,3909,3658,3327,3344,3335,3279,3131,-25.5064,-14.035,8.59748,48.1187
97648,12722,6070,3932,3401,6312,4845,3796,3318,3806,3694,3336,3116,3492,3352,3261,3091,-26.8499,-28.2372,8.8117,47.696
97649,3418,3571,3499,3080,4588,4274,3628,3278,7570,6637,4073,3555,7129,6097,4218,3500,13.897,-17.3126,8.71539,48.0767
97650,5698,4591,3623,3257,9625,5506,3744,3369,6551,4620,3601,3227,4209,3891,3463,3148,-5.37563,-25.5897,8.82968,48.082
97651,3571,4640,8292,7843,3481,4212,6123,5999,3347,3585,3975,4043,2973,3333,3429,3454,-20.1549,14.0917,8.98752,48.2
97652,7817,8473,4811,3661,5726,5954,4267,3633,3989,3908,3637,3333,3403,3493,3351,3106,-21.166,-13.6337,8.55742,48.3747
97653,3626,4834,7968,6852,3605,4527,6698,5908,3347,3678,4133,4221,3149,3322,3366,3382,-17.6707,12.3758,8.82791,48.4107
97654,3343,3877,5980,12378,3351,3727,4805,6162,3304,3436,3830,3898,3196,3245,3314,3406,-32.3462,28.7987,8.59135,47.5013
97655,3640,3533,3213,3152,5102,4258,3617,3233,9409,5181,3869,3394,8193,5150,3721,3315,12.6044,-31.3132,8.78928,47.9867
97656,5558,4788,3887,3224,8562,6333,4031,3471,5783,4967,3778,3243,4082,3826,3499,3165,-5.88263,-19.6127,8.58955,48.1313
97657,12589,5954,4015,3261,6119,4797,3840,3329,3887,3616,3521,3204,3389,3387,3215,3175,-30.0898,-28.8901,8.56027,47.532
97658,5418,6234,4374,3661,5988,7874,4787,3745,4363,4847,3874,3434,3586,3655,3444,3092,-11.4114,-10.6596,8.63487,48.2507
97659,3049,3257,3318,3298,3352,3614,3854,3862,3684,4440,5710,4992,3785,5346,9654,6970,23.9858,10.1558,8.75889,48.1233
97660,7304,6933,4264,3615,6808,6445,4319,3583,4195,4272,3674,3240,3583,3502,3398,3154,-15.8963,-15.5429,8.57153,48.1927
97661,3418,3727,4553,5532,3371,3858,5375,9059,3317,3703,4675,6448,3290,3365,3931,4222,-5.10388,24.3508,8.74574,47.896
97662,3171,3341,3342,3456,3459,3647,4054,3923,3686,4614,6652,5152,3830,5163,8446,6278,18.9717,9.5001,8.5663,48.1427
97663,3180,3165,3300,3254,3171,3431,3857,3888,3481,3738,4893,6090,3430,3904,6178,12325,27.7463,29.6576,8.50293,47.5233
97664,3134,3322,3412,3275,3292,3553,3917,3875,3604,4363,5136,5210,3587,4821,9552,8040,33.7828,12.5305,8.81218,48.062
97665,3383,3587,3783,3643,3537,4145,5294,4517,3597,4828,8138,5843,3556,4171,5519,4832,7.48089,9.9577,8.89703,48.2487
97666,3428,3899,6095,11623,3347,3739,4855,7272,3210,3433,3906,4085,3111,3184,3443,3319,-22.0215,26.8826,8.81019,47.966
97667,4410,4891,4214,3551,5244,7809,5148,3760,4516,5954,4426,3693,3696,4047,3705,3324,-4.62177,-7.62362,8.59649,48.2587
97668,4434,6114,6925,4592,4083,5801,6586,4498,3578,3956,4235,3891,3261,3381,3590,3329,-15.9729,2.25562,8.50417,48.1693
97669,3332,3733,4681,5229,3456,4113,6402,8171,3400,3862,5100,6219,3129,3501,3919,4072,-4.55763,19.1915,8.89709,48.2127
97670,3107,3308,3504,3480,3253,3679,4191,4333,3578,4094,6384,6921,3479,4509,7053,7637,17.0517,16.0382,8.79307,48.34
97671,3224,3686,4854,6687,3317,3875,5538,9846,3372,3628,4504,5744,3194,3346,3826,3900,-8.57958,24.76,8.83577,48.3607
97672,3371,3346,3244,3142,4018,3923,3558,3263,6051,4888,3793,3456,11546,6874,4101,3357,27.7903,-22.4662,8.52426,47.954
97673,3088,3275,3532,3405,3310,3676,3922,3807,3631,4270,5879,5198,3874,5206,9134,6938,22.2317,10.7025,8.6476,48.0967
97674,3746,3815,3652,3424,4164,5153,4390,3649,5078,8088,5551,3795,4515,5327,4418,3686,7.24037,-5.72699,8.57139,48.3007
97675,3384,3235,3142,3080,3895,3877,3449,3159,6471,4832,3811,3413,12125,6585,4025,3474,24.9567,-25.074,8.82707,47.9713
97676,3404,4056,5944,12282,3409,3737,4638,5910,3308,3436,3867,3844,3179,3208,3324,3350,-30.5822,33.0608,8.54083,47.264
97677,3135,3421,3920,4321,3323,3634,4732,6995,3390,3747,5087,9533,3273,3612,4529,5311,3.83619,28.0207,8.96413,47.9753
97678,7783,7823,4540,3558,6082,6268,4171,3623,3966,4024,3580,3413,3435,3423,3314,3118,-18.7629,-14.3853,8.85064,48.0807
97679,3443,3633,3486,3415,3928,4431,4178,3625,4679,7492,5843,4014,4610,6011,5270,4104,11.9439,-3.01042,8.84103,48.108
97680,8100,9378,4839,3570,5189,5236,4135,3592,3846,3809,3545,3315,3416,3374,3302,3095,-32.6045,-13.4392,8.80629,47.8273
97681,5421,9519,6947,4215,4451,5227,4701,3975,3591,3752,3774,3420,3349,3304,3406,3254,-33.6549,-3.95864,8.91919,48.204
97682,6701,5391,3881,3347,8781,6353,3992,3339,5164,4542,3602,3280,3872,3615,3336,3045,-10.2738,-20.1637,8.96239,48.1607
97683,3338,3353,3202,3135,3886,3788,3331,3292,5993,4749,3789,3355,12584,5960,3892,3482,32.6628,-31.4976,8.74649,47.4193
97684,3323,3404,3360,3021,3761,3828,3552,3310,5362,5270,4046,3490,8630,9106,4796,3571,29.3,-14.3948,8.78871,47.8867
97685,3173,3564,3841,3920,3345,3777,4827,5583,3486,4027,6516,8237,3367,3861,4955,5620,6.85077,18.4718,8.53485,48.066
97686,12465,6169,4032,3394,6001,4687,3742,3449,3774,3747,3449,3253,3419,3400,3187,3108,-28.7048,-33.2479,8.99629,47.5173
97687,3372,3843,6023,12577,3317,3824,4792,6140,3255,3359,3777,3996,3167,3297,3429,3559,-33.076,28.0811,8.56727,47.818
97688,3443,3393,3242,3083,4200,3923,3427,3212,8004,5140,3808,3436,10326,5748,3889,3385,18.4794,-28.9553,8.6334,47.7727
97689,3806,5112,7336,5475,3821,5120,7230,5290,3493,3816,4276,4001,3246,3328,3504,3309,-15.1457,7.6754,8.63236,48.1087
97690,3360,3888,5338,8473,3477,3898,5117,9006,3280,3590,4169,4668,3218,3310,3510,3645,-14.3978,33.6026,8.63543,47.9647
97691,4515,7588,9137,5257,3872,4842,4984,4462,3442,3818,3697,3577,3161,3306,3305,3220,-30.1034,2.11064,8.87861,48.122
97692,3278,3614,3554,3419,3707,4097,4478,4023,3963,5694,7576,4842,3963,5185,6229,4565,11.6256,3.90648,8.71757,48.1247
97693,3446,3396,3162,3178,3900,3943,3608,3191,5896,5072,3877,3354,10494,8038,4244,3383,32.5882,-18.175,8.97648,48.1213
97694,3315,3800,4646,4962,3639,4292,6895,7171,3483,3893,5683,5882,3261,3592,3926,4107,-3.60967,15.3911,8.76639,48.3647
97695,6155,4690,3737,3333,9651,5537,3824,3427,6062,4478,3675,3267,4080,3842,3446,3193,-6.8908,-25.4626,8.56723,48.2647
97696,3359,3895,5661,6878,3439,4129,6285,8393,3382,3597,4298,4837,3209,3359,3588,3716,-11.5985,19.3635,8.68532,48.0167
97697,3137,3347,3798,3863,3306,3594,4581,5800,3318,3944,6012,9351,3260,3842,4904,6282,7.68264,22.4127,8.94452,48.226
97698,3369,3454,3297,3261,3492,3817,3756,3585,4146,5002,4925,4230,4627,8042,8208,4798,33.6258,0.258411,8.52778,48.006
97699,4109,4070,3574,3296,5611,6070,4120,3431,6506,7170,4263,3595,4707,4734,3917,3434,3.18968,-13.7634,8.75661,48.4047
97700,9590,5914,3929,3462,7710,5392,3896,3403,4246,3951,3641,3268,3568,3431,3269,3085,-17.6781,-23.3901,8.64078,47.8367
97701,8892,5442,3893,3306,8863,5281,3744,3405,4819,4079,3529,3127,3576,3505,3343,3161,-14.6833,-27.6679,8.69839,47.9767
97702,3411,4149,6202,7175,3408,4166,6561,7615,3385,3590,4414,4646,3052,3336,3572,3599,-13.4092,17.3968,8.87067,48.1873
97703,3402,3322,3239,3066,3864,3677,3533,3334,5582,5064,3971,3429,10437,8279,4256,3434,30.6329,-18.0116,8.99314,47.926
97704,3329,4110,6549,11013,3378,3840,5085,6936,3140,3583,3940,4110,3066,3280,3490,3396,-21.9087,23.6905,8.63791,48.1633
97705,3099,3231,3452,3487,3286,3536,3839,4346,3353,3711,5061,8176,3312,3848,5615,10359,18.3117,30.6082,8.70364,47.8073
97706,4303,6085,6402,4614,4163,6206,6603,4478,3739,4108,4319,3807,3295,3460,3528,3410,-14.7009,1.06964,8.5011,48.3467
97707,3516,4220,6995,9085,3494,4033,5814,6734,3370,3528,3905,4219,3011,3269,3464,3377,-19.1776,18.498,8.79863,48.0227
97708,6200,4655,3815,3222,9452,5545,3862,3349,6085,4575,3585,3258,4106,3757,3316,3140,-6.89334,-24.8685,8.73309,47.948
97709,3273,3405,3456,3437,3447,3902,4126,3834,3922,4890,7012,5062,3911,5306,7951,5562,17.0832,7.27667,8.74422,48.3307
97710,6231,7077,4658,3675,5953,7340,4584,3641,4241,4228,3678,3284,3483,3573,3328,3166,-14.9028,-11.7992,8.63759,48.0933
97711,5327,7274,5244,3894,5010,7215,5101,3816,3948,4329,3861,3456,3445,3534,3356,3275,-15.2995,-6.98926,8.52751,48.0567
97712,3105,3363,3337,3377,3475,3701,3733,3734,3697,4436,5455,4770,3846,5581,9858,6840,26.3483,8.75405,8.76963,48.2053
97713,3422,3580,3483,3480,3776,4229,4322,3683,4446,6904,6637,4270,4478,5849,5608,4196,12.0489,-0.358624,8.80182,48.242
97714,3524,4301,5957,6210,3520,4331,7130,7155,3358,3677,4680,4583,3145,3422,3580,3647,-11.8048,14.8479,8.56801,48.1467
97715,3437,3358,3229,3080,4040,3785,3436,3190,6711,4883,3765,3323,11971,6183,3955,3514,24.3467,-27.3558,8.90207,47.9067
97716,3365,3769,4554,4584,3504,4177,6982,6525,3467,4097,5997,5697,3348,3636,4337,4247,-2.51158,14.1509,8.82725,48.1907
97717,3381,3947,6578,12093,3401,3774,4753,6186,3166,3383,3839,3924,3133,3244,3299,3366,-27.0997,24.9,8.90486,47.6447
97718,3887,4012,4035,3603,4032,5729,5605,4131,4237,6372,6243,4143,3840,4262,4312,3816,1.97555,-0.410853,8.97598,48.1727
97719,3237,3284,3327,3227,3580,3712,3840,3628,4016,5048,5569,4359,4453,7207,8787,5118,23.7462,2.57162,8.99268,48.2613
97720,3388,3591,4307,5094,3356,3782,5040,8835,3297,3666,4859,7710,3252,3497,4109,4543,-1.69554,29.7469,8.98296,48.2173
97721,12932,6011,3917,3473,6008,4666,3887,3369,3913,3833,3426,3131,3316,3378,3310,3120,-30.1133,-32.9742,8.98987,47.7933
97722,3350,3227,3410,3248,3532,3756,3713,3531,4140,4944,5018,4138,4752,8492,8381,4734,28.7156,-0.136748,8.81644,48.244
97723,3456,4252,6521,8274,3504,4121,6083,7433,3250,3526,4059,4215,3095,3342,3459,3554,-16.4622,18.3437,8.97881,48.096
97724,3229,3318,3419,3245,3372,3550,3784,3859,3791,4426,5417,4707,3985,5964,9891,6555,27.0843,8.1285,8.77475,48.3413
97725,3217,3291,3581,3647,3294,3770,4319,4589,3547,4222,6641,7884,3454,4061,5825,6904,12.5685,17.7206,8.97926,48.164
97726,3576,3525,3221,3091,4778,4015,3540,3306,8941,5312,3897,3436,8626,5600,3987,3292,14.5315,-24.5275,8.89304,48.0953
97727,3417,3619,3519,3398,3997,4614,4349,3788,4793,7609,6120,4036,4603,5763,4995,3981,10.3384,-3.55023,8.54776,48.4007
97728,3152,3361,3519,3764,3318,3578,4221,5108,3382,3906,5271,9730,3324,3720,4878,7887,11.7879,30.034,8.8471,48.0793
97729,3249,3723,4946,7124,3319,3815,5392,9862,3182,3583,4332,5386,3118,3294,3691,3849,-10.3112,26.7291,8.80954,47.91
97730,9160,5441,3930,3352,8833,5250,3905,3477,4682,4082,3424,3265,3710,3546,3319,3220,-15.3457,-26.3921,8.86271,48.3973
97731,3039,3334,3295,3366,3248,3553,3919,3873,3384,3948,5157,5677,3629,4369,8269,9985,27.625,17.5026,8.72121,48.03
97732,4047,4691,4675,4054,4372,6838,6675,4233,3965,5173,5069,4024,3580,3908,3801,3681,-5.16628,-0.491557,8.7413,48.524
97733,4203,5637,6833,4890,4062,5808,6962,4620,3502,4032,4270,3834,3254,3416,3472,3370,-14.15,3.15005,8.78409,48.11
97734,9429,5480,3811,3348,8579,5167,3719,3435,4598,4122,3585,3205,3509,3468,3213,3135,-15.9991,-28.0885,8.68599,47.8687
97735,4006,3846,3537,3264,5465,4835,3833,3361,8322,6506,4098,3392,5673,5072,3840,3341,7.44298,-18.8713,8.5234,48.2607
97736,5472,4618,3666,3314,8668,5952,3885,3435,6384,4961,3729,3354,4240,3988,3511,3223,-4.05347,-21.1685,8.75988,48.2667
97737,3141,3273,3414,3370,3343,3588,3843,3831,3551,4175,5305,5545,3571,4788,8734,8821,24.8979,14.9964,8.66928,48.1953
97738,5374,7475,5316,3962,5028,7115,5202,3933,3988,4349,3806,3403,3438,3333,3341,3363,-15.6754,-6.6801,8.5074,48.284
97739,3224,3275,3555,3729,3204,3608,4181,4940,3462,3935,5237,9464,3434,3784,5105,8116,12.8184,27.8307,8.65866,48.1687
97740,3309,3421,3305,3286,3716,3804,3673,3465,4586,5090,4711,3900,5738,9670,6596,4005,32.3837,-5.37499,8.61781,48.1833
97741,5517,5247,4035,3348,7246,7331,4383,3469,4817,4945,3872,3423,3921,3752,3385,3246,-8.43389,-14.9879,8.66613,47.958
97742,3537,3605,3434,3184,4048,4477,3843,3464,5632,7864,4903,3689,5363,6656,4647,3862,12.9704,-9.10053,8.86768,48.1387
97743,3261,3630,4441,5042,3256,3763,5306,8803,3361,3708,4829,7397,3243,3509,3939,4570,-2.03412,25.6673,8.56082,48.0387
97744,3138,3221,3371,3454,3368,3579,3963,4113,3466,3926,5408,6328,3466,4328,7369,9895,22.1056,18.727,8.83932,48.262
97745,4018,3895,3654,3364,5271,5828,4121,3533,6284,7720,4603,3547,4828,4876,3927,3450,4.62077,-12.211,8.76512,48.6127
97746,4470,5253,4176,3700,5354,8095,5113,3802,4501,5349,4314,3526,3731,3876,3675,3224,-6.14154,-8.03319,8.70162,48.106
97747,3292,3433,3479,3488,3599,4094,4252,3831,4157,5976,7336,4670,4186,5634,6371,4596,13.4017,3.02704,8.86521,48.2627
97748,3839,3530,3366,3153,5232,4190,3604,3325,9746,5202,3882,3450,7388,4907,3765,3321,11.2276,-32.4232,8.76677,47.9333
97749,3540,4411,7921,9744,3443,3963,5161,5944,3332,3450,3982,4019,3028,3302,3365,3397,-24.4008,17.6877,8.79737,48.0013
97750,5091,8939,7765,4372,4241,4978,4801,4079,3525,3771,3642,3514,3212,3416,3328,3376,-33.5398,-1.73083,8.99945,48.0333
97751,12295,6094,3959,3308,5960,4838,3757,3338,4014,3818,3418,3165,3428,3317,3232,3284,-33.9519,-26.6745,8.71074,47.4833
97752,6153,9799,6173,4014,4633,5446,4498,3831,3667,3796,3690,3411,3360,3540,3373,3118,-25.0061,-6.95361,8.94618,48.3347
97753,3341,3923,5511,9518,3299,3770,5160,8641,3112,3375,3812,4501,3070,3395,3452,3557,-16.464,29.0359,8.93995,47.6247
97754,3318,3853,5312,7662,3391,3950,5730,9188,3266,3545,4297,4984,3179,3372,3605,3698,-12.3789,23.961,8.62589,48.2333
97755,3827,4610,5189,4160,4120,6234,7525,4661,3742,4648,5117,3930,3501,3652,3670,3588,-7.20561,2.78429,8.83277,48.116
97756,3172,3290,3555,3582,3368,3765,4365,4117,3539,4368,7037,6500,3538,4467,6856,6442,14.8426,13.5398,8.68638,47.974
97757,5321,5279,4149,3520,6876,7697,4360,3572,4935,5107,3922,3254,3771,3837,3472,3165,-7.71593,-13.4462,8.89442,48.158
97758,3427,3813,5526,10046,3389,3751,5045,8254,3256,3517,3938,4490,3075,3248,3423,3398,-17.8485,31.6224,8.58474,47.7307
97759,5428,9284,7074,4229,4359,5062,4751,4008,3538,3837,3690,3631,3331,3304,3346,3195,-30.8501,-3.70755,8.71143,48.0447
97760,9251,5850,3931,3409,8156,5483,3796,3438,4467,4145,3546,3186,3584,3535,3225,3095,-16.218,-23.4147,8.78377,48.0647
97761,5460,9445,6704,4205,4508,5243,4636,3788,3748,3732,3794,3398,3359,3380,3243,3244,-31.2518,-4.37992,8.60316,47.9247
97762,3361,3289,3377,3331,3508,3773,3777,3719,4006,4823,5308,4387,4495,7269,9084,5276,25.6113,2.95471,8.62932,48.522
97763,3494,3376,3255,3032,4205,3920,3531,3268,7102,5232,3857,3348,10992,6230,3987,3377,21.0163,-24.4973,8.57511,48.1373
97764,6348,4849,3651,3310,9990,5324,3701,3329,5719,4518,3697,3280,3923,3911,3356,3204,-7.97555,-30.575,8.74815,48.0733
97765,3683,4164,4638,4122,3968,5662,7630,4659,3800,4773,5794,4324,3466,3814,4010,3766,-3.36402,4.2238,8.8566,48.182
97766,3222,3515,3772,3919,3330,3699,4736,4897,3498,4278,7308,7403,3498,4099,5500,5923,9.47625,15.6193,8.65706,48.398
97767,3458,4054,7208,11502,3464,3975,4932,5888,3190,3407,3825,4031,3075,3204,3266,3304,-27.2503,21.619,8.9737,47.8553
97768,4266,3884,3442,3179,6294,4924,3698,3238,8780,6093,3940,3419,5510,4642,3726,3364,5.19965,-21.0796,8.95635,48.266
97769,7758,5771,3944,3503,8343,6033,4053,3488,4698,4225,3622,3287,3564,3537,3197,3079,-13.6867,-19.9946,8.88027,48.068
97770,4746,7483,7341,4462,4444,5852,5556,4192,3604,4007,3910,3639,3257,3393,3344,3210,-20.343,-0.681873,8.73488,48.2933
97771,3355,3405,3255,3139,3854,3916,3553,3296,5420,5519,4096,3479,8163,9206,4844,3759,24.882,-13.1041,8.87814,48.1727
97772,4278,4220,3748,3485,5275,6825,4332,3539,5534,6895,4533,3514,4144,4374,3751,3557,-0.13826,-10.7481,8.70939,48.0027
97773,3864,5366,8004,5825,3848,4822,6881,4964,3435,3808,4070,3977,3201,3377,3479,3391,-17.608,7.64023,8.6622,48.208
97774,10157,6283,3993,3459,7419,5343,3955,3355,4250,3922,3536,3145,3561,3469,3321,3030,-19.4868,-23.6527,8.62587,48.132
97775,3516,3411,3155,3160,4200,4157,3595,3257,6896,5759,4048,3571,8504,7171,4150,3546,18.1163,-17.9184,8.98646,48.064
97776,5196,4462,3698,3340,8632,5375,3733,3366,7106,4876,3799,3253,4370,4197,3479,3210,-2.67238,-23.2967,8.73602,48.0613
97777,3189,3326,3439,3306,3235,3606,3828,3884,3641,4199,5215,5234,3595,4869,9288,8665,31.1499,13.9711,8.86182,48.346
97778,3847,5056,8805,6447,3665,4685,6486,5283,3396,3647,3992,3853,3152,3338,3479,3467,-19.6846,9.52932,8.98553,48.3987
97779,5821,5902,4338,3477,6779,7649,4480,3575,4755,4624,3863,3395,3633,3638,3380,3199,-10.7025,-13.5851,8.90259,48.3387
97780,3414,3880,4321,3861,3820,4807,6601,4710,3791,5065,7040,4897,3561,3948,4404,4058,0.939843,6.15128,8.58823,48.1187
97781,6521,9928,5744,3894,4633,5059,4417,3678,3705,3739,3662,3421,3397,3417,3238,3103,-31.4191,-8.36015,8.70008,47.704
97782,3526,4373,6410,6120,3668,4319,7443,6606,3370,3755,4528,4418,3171,3383,3729,3641,-12.8566,13.1933,8.66117,48.3067
97783,3460,3911,5801,10187,3462,3765,5142,8008,3174,3600,3947,4366,3032,3205,3454,3462,-17.8809,26.9475,8.6697,47.984
97784,4085,4709,4530,3931,4478,6874,6349,4178,4121,5333,4914,3808,3579,3847,3821,3493,-4.87623,-1.69059,8.55438,48.0333
97785,4891,7596,7678,4720,4203,5538,5386,4220,3560,3746,3794,3586,3254,3289,3409,3298,-21.4274,-0.309823,8.55208,48.112
97786,12264,6393,3976,3387,6540,4853,3789,3355,3939,3797,3464,3140,3363,3343,3165,3101,-25.105,-25.1758,8.8944,47.9127
97787,3517,4133,5540,5389,3707,4455,7614,6641,3449,3928,5044,4767,3188,3501,3793,3802,-8.64461,13.454,8.53691,48.312
97788,3357,3394,3184,3038,3927,3805,3486,3263,6218,5024,3958,3445,10907,7402,4179,3483,24.6025,-20.6221,8.78777,48.0467
97789,3387,3416,3158,3076,4096,3950,3451,3210,6585,5233,3916,3442,10177,7180,4080,3381,21.8077,-20.016,8.72799,47.8253
97790,7366,10049,5384,3699,5021,5283,4153,3524,3845,3828,3612,3304,3390,3331,3103,3057,-27.4688,-10.8725,8.99523,47.966
97791,5547,6649,4589,3580,5778,7703,4709,3680,4208,4483,3845,3436,3551,3581,3341,3136,-12.9992,-10.3715,8.58337,47.8773
97792,4632,4701,3965,3527,5829,7843,4653,3634,4864,5873,4186,3591,3908,4001,3643,3453,-4.18871,-10.2055,8.75397,48.202
97793,3391,3911,5577,9564,3320,3835,5125,8497,3250,3566,4117,4429,3297,3178,3476,3410,-16.5988,33.0404,8.79847,47.962
97794,3199,3419,3560,3541,3489,3717,4227,4167,3736,4575,7174,5939,3685,4609,7073,6110,14.9615,11.3878,8.52992,48.1467
97795,3173,3325,3351,3352,3330,3618,3859,3741,3657,4189,5310,5175,3706,5002,9593,7722,29.523,11.823,8.67913,48.0687
97796,5933,6211,4315,3540,6792,7355,4456,3531,4612,4493,3815,3336,3642,3711,3356,3128,-11.8184,-13.6942,8.60256,48.1507
97797,3717,3557,3231,3039,5014,4222,3707,3295,9571,5072,3807,3227,8017,5293,3790,3317,12.9058,-29.3627,8.91425,47.9173
97798,12495,6525,3975,3341,5976,4790,3752,3310,3908,3771,3507,3218,3433,3427,3192,3132,-29.2798,-25.0324,8.82326,47.8347
97799,4831,4526,3813,3353,7146,6520,4124,3493,6171,5834,4021,3413,4278,4060,3579,3281,-2.36602,-16.5107,8.77191,48.2953
97800,10490,7923,4294,3474,5753,5039,4003,3481,3860,3886,3535,3245,3452,3363,3275,3053,-27.7089,-18.8052,8.64968,48.084
97801,4213,6810,9612,5603,3952,4569,5251,4457,3431,3618,3825,3688,3064,3279,3400,3373,-28.9589,4.84367,8.83495,48.0967
97802,3076,3198,3344,3392,3318,3561,3748,3801,3548,4348,5519,5048,3840,5363,9630,7024,24.6607,9.83593,8.78035,47.8387
97803,6158,9789,6264,4115,4490,5243,4592,3814,3610,3745,3657,3448,3444,3369,3335,3195,-31.8148,-6.62812,8.59898,48.1787
97804,3143,3152,3433,3353,3166,3488,3903,4211,3389,3792,4941,7744,3376,3968,5675,10755,19.2258,33.2457,8.92847,47.6593
97805,3253,3622,4486,6246,3334,3745,5312,10187,3318,3536,4536,6222,3218,3360,3821,4102,-6.82697,28.3292,8.99276,48.1987
97806,3317,3313,3363,3156,3813,3864,3534,3308,5101,5505,4181,3599,7325,9622,5264,3607,25.9963,-10.9728,8.8642,47.9147
97807,3602,4228,5342,4738,3749,4830,8262,5793,3535,4055,5237,4566,3250,3516,3848,3716,-7.28963,9.00933,8.97545,48.178
97808,3468,4026,4549,4227,3791,5210,7582,5029,3683,4695,6254,4718,3503,3812,4149,3990,-2.76577,6.76464,8.80272,48.4573
97809,3392,3793,4853,5715,3452,4042,6390,8419,3309,3657,4940,5824,3143,3455,3972,4000,-6.40141,19.7502,8.83869,48.2373
97810,5948,4607,3706,3293,9839,5137,3896,3344,6353,4548,3652,3321,4043,3864,3416,3023,-6.11775,-30.2088,8.68347,47.9933
97811,4894,4646,3765,3317,6933,7055,4155,3424,5789,5656,3912,3397,4223,4070,3659,3304,-3.5236,-15.08,8.9689,48.1327
97812,3145,3206,3343,3436,3132,3442,3731,3946,3320,3844,4668,5887,3354,3919,6154,12799,30.5933,27.6087,8.89071,47.5507
97813,3322,3634,4473,5128,3417,3864,5859,8547,3350,3827,5106,6927,3221,3600,3968,4404,-2.7249,21.8114,8.65358,48.4313
97814,3427,4077,6930,12062,3513,3869,4853,5897,3296,3401,3797,4031,3047,3237,3380,3456,-29.3145,23.269,8.72013,48.182
97815,3945,5954,9465,6445,3746,4544,5664,4903,3417,3655,3850,3691,3133,3317,3404,3389,-24.6373,7.95718,8.70863,48.348
97816,3104,3291,3307,3465,3169,3428,3740,4149,3346,3812,5021,7581,3367,3996,6039,11071,20.2954,27.5425,8.8238,47.924
97817,3462,3345,3330,3264,3999,3717,3424,3356,5819,4619,3855,3476,12286,5887,4111,3359,32.8861,-32.8915,8.57243,47.5393
97818,3323,3825,4848,5387,3437,4077,6677,8011,3363,3854,5173,5884,3199,3418,3912,4124,-5.42827,17.6659,8.86795,48.3413
97819,3293,3864,4481,4845,3504,4020,6591,7288,3427,3919,5677,6155,3228,3587,4012,4292,-2.58052,16.7463,8.7366,48.122
97820,4704,5176,4053,3594,5841,8205,4749,3706,4721,5533,4221,3452,3816,3814,3535,3322,-5.73322,-9.9904,8.93339,48.2947
97821,4429,5375,4593,3978,4823,7813,5888,3933,4080,5064,4499,3676,3538,3800,3616,3291,-7.91258,-4.1403,8.91682,48.264
97822,10937,5689,3825,3346,7589,5068,3818,3472,4341,3839,3416,3245,3372,3461,3239,3027,-19.799,-29.5862,8.95772,47.7893
97823,3070,3278,3688,3728,3300,3745,4425,5031,3413,3939,6434,8610,3358,3947,5486,6796,11.3548,19.2156,8.67701,48.1653
97824,3474,3402,3209,3107,4127,3847,3537,3257,7516,5051,3780,3407,11165,5674,3939,3299,20.3438,-28.7318,8.79555,47.8607
97825,4027,4106,3547,3373,5035,6028,4224,3504,5876,7493,4695,3551,4505,4827,3780,3415,3.22515,-10.7986,8.63433,47.9907
97826,3550,3755,3509,3312,4388,4856,4010,3517,5628,8208,5077,3631,4922,5773,4620,3619,9.16211,-8.48213,8.713,48.25
97827,3147,3400,3679,3854,3235,3643,4234,5314,3220,3728,5481,9644,3323,3637,5054,7369,11.1972,26.3622,8.88843,47.9747
97828,8800,5605,3956,3391,8595,5404,3806,3372,4722,3994,3545,3245,3587,3491,3332,3069,-15.3452,-24.337,8.50117,47.9427
97829,3776,5387,9741,7208,3719,4375,5368,4924,3310,3586,3856,3743,3136,3334,3414,3288,-33.0051,10.4715,8.70587,48.11
97830,11652,6904,3960,3372,5899,4954,3818,3375,3936,3895,3471,3250,3376,3391,3187,3204,-33.8497,-22.246,8.95596,47.7627
97831,3880,4041,3970,3538,4576,6470,4873,3818,4782,7242,5416,3775,3986,4461,4103,3674,1.54935,-5.61427,8.87117,48.4033
97832,3448,3510,3576,3453,3879,4431,4471,3940,4395,6796,6754,4325,4213,5374,5479,4257,10.5475,0.276119,8.56119,48.2007
97833,4700,7756,7334,4536,4279,5645,5475,4139,3578,3960,4025,3584,3235,3363,3387,3247,-20.4582,-0.562289,8.74327,48.162
97834,3167,3687,4073,4900,3271,3858,5109,8111,3249,3763,5148,8008,3280,3591,4223,4872,-0.159699,24.9102,8.82809,48.2067
97835,3993,3764,3494,3140,5773,4528,3732,3286,9339,5709,3821,3463,6284,4713,3769,3248,7.98294,-23.9309,8.68815,48.0373
97836,3321,3428,3249,3242,3811,3883,3494,3403,5081,5249,4296,3699,7363,9842,5124,3596,33.7693,-11.126,8.88891,48.054
97837,3347,3378,3323,3273,3785,3957,3883,3710,4133,5570,5787,4266,4587,7065,7340,4591,19.1834,0.511747,8.52169,47.9967
97838,3525,3482,3297,3084,4307,3964,3608,3302,6890,5733,3952,3518,8936,6889,4239,3555,18.4482,-18.5669,8.68739,48.1873
97839,3036,3119,3317,3305,3103,3433,3791,3954,3380,3788,4882,6938,3430,3934,5888,12176,23.1008,28.5653,8.95353,47.6493
97840,3658,3433,3326,3023,4635,4198,3610,3250,8061,5905,4137,3411,8017,6109,4064,3440,15.1065,-20.4323,8.5394,48.1847
97841,5969,6174,4207,3535,6928,7487,4395,3623,4515,4643,3878,3292,3697,3645,3406,3231,-11.3874,-14.2539,8.66163,48.4167
97842,3378,3263,3211,3160,4034,3726,3481,3157,6182,4747,3687,3347,12819,5851,3773,3378,33.8094,-29.0519,8.97856,47.4627
97843,3385,3886,5589,10180,3411,3837,5076,8122,3225,3429,4043,4498,3125,3285,3455,3472,-17.9648,28.4622,8.60203,48.012
97844,3420,3662,4298,4543,3569,4205,6617,6422,3376,4088,6224,6192,3258,3813,4276,4370,-0.694118,14.4876,8.81738,48.222
97845,3760,4198,4084,3598,4139,5778,5593,4059,4264,6415,6041,4027,3869,4347,4331,3817,1.66835,-1.04406,8.53553,48.2133
97846,3304,3564,3905,3899,3494,4250,5673,4989,3611,4637,7967,5942,3511,4014,4979,4569,4.87963,10.689,8.64887,48.2053
97847,3553,3852,3705,3397,4061,5379,4549,3662,4832,7909,5767,3981,4311,5005,4503,3770,6.50816,-4.52651,8.90744,48.1573
97848,3366,3379,3260,3027,4088,3827,3410,3201,7164,4954,3900,3308,11694,5917,3895,3395,21.95,-29.1245,8.97377,47.8567
97849,3590,3524,3328,3116,4572,4137,3586,3273,8983,5172,3852,3455,8740,5496,3854,3318,14.8372,-32.428,8.59256,47.9973
97850,3511,3365,3273,3144,4075,3854,3491,3230,5926,4834,3772,3378,12237,6228,3885,3363,33.3485,-25.5846,8.63269,47.7107
97851,3089,3435,3902,3936,3380,3802,4830,5468,3420,3992,6641,8405,3298,3861,5114,5777,7.75767,18.517,8.79921,48.2333
97852,3349,3411,3142,3045,3836,3861,3632,3292,5355,5285,4098,3573,8932,8863,4848,3634,28.3416,-15.1936,8.75585,48.104
97853,3472,3591,3508,3338,3899,4638,4317,3712,4454,7378,6678,4131,4430,5609,5021,3997,10.0882,-2.00822,8.82754,48.1153
97854,3230,3633,4206,4938,3301,3808,5356,8359,3324,3693,5154,7834,3206,3600,4072,4694,-0.848042,24.0486,8.81924,48.272
97855,6647,9847,5644,3806,4878,5545,4536,3710,3832,3852,3515,3473,3251,3390,3344,3043,-25.2798,-8.97903,8.91688,48.2087
97856,3077,3248,3305,3261,3275,3475,3820,3927,3293,3810,4842,6411,3296,3970,5985,12137,25.5493,32.8096,8.51475,47.4213
97857,3672,4127,4452,4090,3847,5412,7280,4826,3727,4933,6149,4510,3447,3946,4122,3822,-1.91251,4.92677,8.97305,48.2413
97858,3431,3864,5389,9547,3412,3761,5094,8495,3300,3590,4070,4489,3125,3310,3363,3529,-16.4037,32.0305,8.87488,47.846
97859,6690,8919,5301,3791,5361,6305,4555,3587,3890,4108,3658,3393,3363,3335,3255,3169,-20.3897,-10.4259,8.94618,48.4533
97860,2976,3240,3433,3336,3324,3515,3835,3903,3391,3678,4854,6050,3466,3994,6916,11894,26.8291,23.4131,8.65397,47.87
97861,6811,5089,3772,3332,9442,5491,3905,3428,5401,4330,3630,3285,3773,3747,3342,3226,-9.67916,-23.6346,8.60124,48.0027
97862,4068,6108,9550,5972,3756,4750,5641,4650,3404,3681,3939,3652,3163,3233,3386,3214,-23.2275,6.68546,8.86411,48.1113
97863,3435,3901,5631,9791,3404,3878,5147,8102,3207,3461,3978,4449,3244,3329,3472,3473,-17.3512,32.7908,8.51769,47.9347
97864,3411,4071,6493,12090,3384,3811,4771,5908,3270,3545,3740,4013,3086,3254,3397,3524,-32.6854,24.1998,8.71423,47.8453
97865,3156,3129,3354,3390,3346,3628,3723,3702,3636,4332,5188,4808,3972,5618,9984,6680,32.6743,8.86441,8.95245,47.764
97866,3369,3347,3423,3215,3732,4052,3949,3483,4617,6328,5432,4006,5074,7784,6374,4287,18.2191,-3.30848,8.87584,48.3147
97867,3131,3331,3591,3594,3288,3682,4295,4553,3516,4223,6842,7645,3514,4184,6201,6681,13.1424,16.5318,8.71857,48.1807
97868,3301,3333,3310,3114,3810,3824,3635,3227,5311,5157,4072,3499,8321,9226,4906,3645,31.2843,-13.3962,8.85908,47.794
97869,3397,3366,3309,3166,3924,3751,3456,3230,6569,4914,3723,3394,11812,6092,3992,3488,23.8521,-33.072,8.63736,47.722
97870,3416,3364,3276,3073,3975,3693,3380,3212,5989,4602,3823,3474,12560,6304,3833,3305,29.5325,-26.8568,8.92238,47.5193
97871,3338,3458,3237,3195,3869,3742,3491,3256,6016,4817,3741,3277,12004,6648,3954,3480,28.9185,-23.86,8.90178,47.682
97872,11574,7239,4099,3309,5806,5009,3847,3272,3921,3865,3417,3187,3370,3411,3254,3106,-32.5872,-21.2307,8.92668,47.7907
97873,8136,5778,3918,3342,8614,5740,3895,3376,4767,4139,3588,3181,3646,3621,3237,3132,-14.1277,-23.0075,8.83269,48.0733
97874,4121,3922,3457,3266,6616,4560,3713,3314,9593,5201,3838,3384,5625,4504,3590,3258,4.84717,-33.4371,8.96927,47.9747
97875,4146,3978,3455,3178,6079,4947,3651,3384,8572,6138,3952,3303,5679,4681,3682,3382,5.51837,-20.4994,8.55315,48.138
97876,3448,3363,3302,3120,3989,3754,3382,3173,5987,4814,3858,3335,12536,6283,3948,3544,30.267,-25.8766,8.70633,47.8907
97877,3425,4152,6949,10517,3362,3877,5150,6789,3231,3481,4028,4114,3034,3359,3477,3381,-22.5625,21.4354,8.51237,48.2173
97878,4258,5643,5406,4126,4384,6971,6861,4246,3798,4503,4428,3783,3482,3620,3541,3398,-10.8664,-0.148991,8.6259,48.2987
97879,3153,3213,3299,3386,3256,3510,3832,3857,3516,4158,5558,5424,3752,4941,8877,8197,24.3203,13.5831,8.52199,47.9527
97880,3580,3606,3489,3228,4235,4637,3939,3449,5649,7934,5047,3765,5071,6297,4648,3639,11.0886,-8.83114,8.57776,48.142
97881,8252,9344,4933,3607,5289,5094,4173,3526,3800,3852,3593,3272,3366,3446,3337,3112,-33.8306,-13.4731,8.88999,47.9973
97882,3324,3594,4060,4457,3235,3616,4740,7597,3338,3700,5038,9209,3283,3678,4187,5118,2.50685,31.2818,8.95255,48.116
97883,3321,3935,5938,10264,3384,3848,5164,7733,3208,3525,3974,4349,3052,3207,3466,3477,-18.5845,25.4949,8.82504,47.8967
97884,3204,3293,3313,3392,3305,3537,3888,3902,3422,4188,5253,5252,3592,4967,9508,7884,33.8472,12.4803,8.91903,47.9333
97885,3228,3362,3323,3204,3448,3664,3849,3533,4029,4783,5053,4392,4328,7252,9072,5231,33.872,2.7811,8.90723,47.834
97886,3215,3458,4077,4378,3381,3833,5070,6758,3432,3834,5739,8303,3196,3718,4448,5174,3.41911,21.4161,8.56532,48.0093
97887,3240,3420,3202,3213,3936,3729,3380,3246,6035,4624,3778,3425,12707,5911,3822,3283,31.844,-31.4624,8.83959,47.3007
97888,3167,3498,3827,3746,3445,3826,4728,5109,3383,4167,7109,7911,3460,3939,5253,5714,8.36283,16.4594,8.72095,48.188
97889,3059,3198,3389,3327,3244,3444,3810,3791,3495,3780,4905,5801,3501,4261,7353,11451,28.3702,21.3185,8.77674,47.8727
97890,3459,3809,4623,4469,3618,4407,7234,5982,3456,4209,6078,5471,3300,3643,4292,4133,-2.12852,12.181,8.66358,48.122
97891,5066,7102,5448,3957,4833,7218,5427,4001,3959,4223,4037,3587,3366,3565,3455,3309,-14.9654,-5.0139,8.55235,48.3687
97892,3301,3277,3243,3297,3651,3737,3759,3588,4361,5032,4770,4032,5061,8993,7448,4511,29.8159,-2.4535,8.53254,48.0407
97893,4880,6600,5269,3912,4947,7661,5456,3924,3939,4360,3922,3656,3533,3535,3462,3274,-13.5944,-5.25178,8.80373,48.22
97894,3359,3365,3318,3170,3947,3773,3693,3303,5515,5931,4198,3581,7769,8915,4813,3619,23.1134,-13.0125,8.63214,48.1793
97895,3222,3230,3369,3265,3405,3520,3921,3758,3613,4291,5581,5202,3866,5382,9540,7227,24.7219,10.6769,8.68854,48.2613
97896,7481,5429,3874,3434,9146,5784,3940,3418,4949,4268,3539,3249,3664,3628,3415,3069,-12.1396,-22.9595,8.81617,48.1913
97897,5921,9595,6418,4065,4477,5368,4705,3906,3749,3867,3686,3448,3262,3321,3297,3358,-27.2136,-5.79391,8.64483,48.2953
97898,3394,4278,6755,7406,3442,4169,6355,7079,3258,3625,4287,4422,3206,3353,3540,3493,-15.7761,16.5204,8.67217,48.0413
97899,3389,3406,3217,3059,4322,3951,3533,3234,7390,5055,3772,3310,10848,6201,4006,3384,20.2315,-24.7787,8.96813,48.0513
97900,3702,3740,3445,3268,4489,4846,3973,3445,6020,8099,4755,3684,5119,5954,4302,3562,9.79191,-10.7054,8.91502,48.2687
97901,3648,3961,4112,3662,4183,5847,5695,3959,4297,6296,6177,4134,3849,4300,4223,3703,1.4032,-0.364248,8.88912,48.0307
97902,3722,3854,4003,3675,3960,5183,5711,4179,4212,6180,6855,4334,3790,4394,4546,3932,3.16738,1.32897,8.56194,48.3533
97903,3502,3392,3205,3181,3894,3770,3458,3295,5939,4739,3769,3314,12528,6444,3865,3426,31.387,-25.6075,8.89925,47.814
97904,3911,4809,4764,4007,4192,6615,7131,4561,3847,4848,5154,3944,3493,3685,3802,3555,-6.37011,1.0463,8.94315,48.212
97905,3637,4091,4783,4481,3759,4944,7940,5404,3614,4345,6009,4592,3345,3760,3980,3846,-3.99752,8.82383,8.99663,48.3533
97906,5019,5882,4399,3699,5658,8312,5048,3824,4314,4820,4026,3481,3718,3721,3477,3325,-9.83704,-9.02274,8.89782,48.482
97907,6449,4736,3667,3223,10099,5090,3807,3359,5875,4443,3598,3258,4059,3764,3368,3180,-8.00526,-29.8848,8.79197,47.9833
97908,5233,4367,3536,3300,9096,5032,3783,3392,7391,4749,3662,3336,4477,3987,3574,3195,-2.51564,-28.5165,8.77968,48.0733
97909,5278,7159,5052,3882,5121,7705,5195,3855,3932,4257,3972,3516,3490,3560,3387,3243,-14.449,-6.77463,8.84877,48.4027
97910,3072,3208,3554,3418,3251,3495,3967,4421,3410,3851,5126,7972,3409,3815,5706,10346,18.4404,33.2152,8.7098,48.014
97911,6701,9217,5275,3842,5146,6019,4419,3641,3752,3917,3655,3285,3440,3274,3380,3068,-22.422,-10.0025,8.59891,48.0207
97912,3169,3562,4075,4114,3320,3811,5271,5676,3424,4129,6949,7558,3427,3819,4725,5170,4.94992,16.1449,8.77528,48.1327
97913,3774,3663,3450,3263,5057,4691,3762,3297,7866,6806,4128,3474,6095,5439,3925,3396,9.08577,-17.4721,8.55669,48.0573
97914,3848,4668,6015,4817,3779,5369,7886,5147,3591,4195,4790,4147,3377,3529,3687,3487,-10.6274,6.34463,8.57649,48.2213
97915,3017,3140,3371,3507,3257,3427,3891,4136,3464,3790,5134,7414,3321,3869,6226,11167,20.5747,26.6218,8.89127,48.0873
97916,9870,8504,4377,3485,5381,5209,3912,3382,3943,3866,3549,3299,3442,3432,3259,3148,-27.6111,-17.0309,8.67554,48.0387
97917,3219,3238,3621,3548,3117,3517,4065,4332,3455,3914,5309,7755,3420,3889,5803,10001,18.028,24.2242,8.61145,48.1353
97918,4107,4461,4018,3505,4927,7203,5097,3894,4708,6325,4796,3710,3981,4211,3871,3599,-1.39789,-6.85301,8.55346,48.2753
97919,3572,4605,8310,8505,3566,4125,5674,5783,3272,3590,3927,3958,3016,3249,3467,3412,-22.6608,15.1756,8.6033,48.0207
97920,5408,4414,3602,3288,9158,5070,3802,3354,7183,4711,3623,3389,4294,4084,3452,3208,-3.4072,-31.2648,8.56337,48.0267
97921,3616,3362,3353,3146,3933,3902,3404,3253,6505,4861,3854,3373,12084,5988,3980,3471,24.572,-33.1444,8.61795,48.0567
97922,3287,3495,3410,3186,3794,3974,3700,3473,4572,5970,5063,3984,5316,8630,6524,4224,21.2956,-4.08368,8.68781,48.4013
97923,4893,4379,3733,3358,7565,6198,4056,3420,6542,5487,3833,3337,4481,4091,3529,3332,-2.0711,-18.1,8.92257,48.156
97924,3302,3410,3466,3225,3548,3830,3763,3544,4316,5621,5222,3954,5133,8216,7357,4554,22.5168,-1.87796,8.75343,48.3073
97925,3502,4110,6577,9824,3364,3947,5490,7039,3191,3587,3952,4220,3017,3331,3449,3419,-20.0002,21.217,8.76338,48.0127
97926,3431,3899,5795,9548,3383,3833,5366,8255,3306,3509,3961,4561,2971,3340,3471,3491,-17.0011,25.5509,8.50265,48.08
97927,3520,4760,8519,8019,3649,4152,5800,5721,3220,3602,4003,3920,3170,3268,3518,3343,-21.6499,13.8779,8.77913,48.1227
97928,9629,5421,3836,3358,8438,5140,3789,3307,4605,3969,3515,3291,3600,3494,3157,3201,-16.2059,-29.381,8.84626,47.8333
97929,4114,4346,3808,3443,5259,7095,4725,3598,5081,6788,4624,3620,4122,4190,3717,3261,-0.602393,-8.64244,8.84976,47.8607
97930,3065,3187,3509,3342,3173,3542,3759,3972,3405,3855,4884,6414,3407,4044,6171,12400,26.8255,27.0592,8.59314,48.086
97931,3228,3381,3269,3293,3271,3365,3744,3706,3484,3816,4647,5873,3388,3924,6031,12598,30.465,32.6809,8.90905,47.3453
97932,3111,3210,3333,3414,3251,3544,3772,3974,3395,4020,5577,6058,3630,4380,8051,9386,22.1539,17.0592,8.91483,48.0707
97933,3778,4596,6040,4724,3988,5378,7894,5143,3546,4106,4875,4175,3455,3477,3672,3542,-10.0386,6.45484,8.53427,48.2593
97934,3464,3857,5115,7368,3407,3870,5539,9351,3323,3638,4273,5135,3162,3423,3505,3684,-11.4203,23.8372,8.55918,48.076
97935,3788,4669,6271,4789,3715,5180,8041,5273,3543,4019,4704,4127,3261,3469,3669,3634,-11.2266,7.07473,8.988,48.1013
97936,4142,5912,6823,4778,4020,5655,6871,4612,3696,3997,4272,3764,3298,3432,3545,3388,-15.1297,3.29622,8.83965,48.1367
97937,3341,3561,4132,4900,3315,3699,5127,8352,3365,3688,5050,8008,3365,3543,4111,4694,-0.496718,27.0422,8.61856,48.1673
97938,6394,6653,4377,3610,6355,7345,4410,3614,4247,4256,3684,3381,3433,3505,3291,3102,-13.7436,-13.1224,8.84565,47.7713
97939,9762,5790,3927,3328,8563,5316,3840,3430,4468,3945,3478,3183,3537,3421,3206,3078,-16.8088,-26.2744,8.95287,48.1813
97940,4944,5155,4068,3511,6076,8026,4702,3627,4795,5380,3884,3535,3916,3913,3527,3326,-6.57713,-11.3326,8.87474,48.2567
97941,3098,3299,3365,3371,3359,3536,3694,3764,3711,4553,5209,4752,3872,5818,9751,6737,29.1542,8.46309,8.61331,47.926
97942,3337,3328,3263,3203,3902,3773,3459,3193,5681,4990,3923,3353,10954,7646,4329,3431,30.4614,-19.5555,8.7417,47.8433
97943,3514,3542,3174,3198,4864,4099,3623,3267,9221,5167,3829,3374,8093,5226,3929,3417,13.3695,-33.0009,8.71622,47.6913
97944,8561,5319,3842,3297,9039,5275,3830,3375,4853,4145,3572,3189,3752,3512,3332,3145,-14.233,-26.8498,8.71914,48.0253
97945,4179,4543,4049,3628,5161,7370,4949,3782,4858,6362,4633,3676,3933,4148,3795,3442,-2.43894,-7.34407,8.51605,48.3387
97946,3073,3213,3311,3419,3260,3503,3799,3976,3471,3924,5162,5717,3530,4384,8378,9946,26.7385,17.2597,8.7202,48.044
97947,3384,3471,3250,3076,4162,3868,3567,3248,7260,4953,3725,3506,11077,5885,3997,3378,20.8768,-32.2472,8.55149,47.8713
97948,3980,3775,3434,3181,5851,4648,3655,3275,9305,5808,3961,3397,6161,4757,3680,3373,7.51906,-21.986,8.80764,48.1607
97949,4294,6474,8702,5277,3936,5016,5992,4609,3480,3734,3910,3636,3232,3371,3421,3240,-21.4162,3.96096,8.86782,48.216
97950,3131,3239,3316,3408,3418,3666,3923,3668,3758,4333,5636,4899,3924,5630,9590,6601,24.5006,8.7778,8.73683,48.0933
97951,5124,9030,7327,4386,4320,5209,4786,4026,3653,3890,3666,3565,3338,3348,3304,3255,-25.7488,-2.66709,8.59015,48.1513
97952,3766,3660,3315,3163,4867,4332,3702,3365,8781,6269,3894,3527,6905,5477,3966,3440,11.7102,-20.2129,8.90608,48.286
97953,3510,3470,3338,3085,4142,3867,3626,3279,6408,5461,4076,3429,9322,7617,4382,3429,21.4456,-18.04,8.54087,48.294
97954,12178,6585,3946,3377,5994,4910,3929,3384,3874,3832,3462,3306,3358,3382,3232,3123,-30.1207,-24.4222,8.53834,47.9147
97955,3385,3825,4626,5763,3359,4019,6256,8877,3258,3665,4899,5895,3103,3440,3938,3996,-6.65855,20.083,8.90782,48.2027
97956,3078,3163,3346,3535,3196,3529,3847,3907,3358,3915,5087,6071,3422,4137,7298,11296,27.2346,21.1299,8.60318,48.1233
97957,4065,4919,5390,4210,4166,6530,7346,4573,3776,4503,4889,3904,3551,3534,3698,3488,-8.82612,1.65432,8.76862,48.3613
97958,4186,4367,3828,3571,5231,6808,4471,3677,5339,6897,4563,3583,4250,4374,3779,3398,0.463055,-10.1542,8.51529,48.2147
97959,3404,4090,7048,11304,3362,3823,4854,5901,3279,3542,3743,3927,3162,3260,3366,3466,-33.2147,20.9816,8.57564,47.6873
97960,3128,3184,3373,3374,3249,3380,3748,3995,3304,3854,4804,5923,3314,3877,6443,12540,32.1549,25.1534,8.99634,47.66
97961,3146,3192,3311,3361,3198,3443,3780,4020,3407,3784,5041,6701,3482,3947,6183,11851,23.3777,25.9362,8.56883,47.898
97962,3142,3301,3309,3440,3346,3550,3818,3797,3595,4126,5253,5279,3520,4762,9303,8859,29.4102,14.6058,8.98471,48.2667
97963,3631,3541,3344,3171,4648,4134,3614,3226,8210,5538,3917,3387,8640,5868,4028,3379,15.5136,-22.4555,8.84059,48.184
97964,3306,3963,6044,10957,3420,3787,5177,7278,3152,3480,4017,4127,3052,3182,3475,3483,-20.0993,24.913,8.67928,47.9333
97965,7874,9612,5096,3741,5014,5222,4255,3635,3776,3862,3503,3378,3389,3445,3270,3100,-30.6027,-11.807,8.8428,48.1147
97966,3448,3462,3714,3631,3555,4213,4668,4114,3878,5671,7870,4901,4049,4854,6053,4657,10.8585,4.89266,8.65138,48.492
97967,3220,3310,3529,3562,3251,3573,4033,4386,3521,4086,6101,7038,3480,4334,6877,8053,17.2662,17.5227,8.55404,48.236
97968,6278,9922,6075,3970,4652,5217,4527,3790,3627,3835,3627,3437,3340,3317,3275,3177,-32.665,-7.25871,8.70763,48.044
97969,5923,4585,3678,3275,9967,5154,3843,3307,6346,4560,3550,3287,4147,3843,3352,3150,-5.86106,-30.4795,8.68519,47.978
97970,3239,3504,4201,4925,3373,3767,4847,8427,3354,3667,4850,8064,3174,3466,4194,4594,-1.06614,31.1621,8.73406,47.764
97971,4175,4076,3586,3321,5580,6048,4109,3555,6213,7107,4362,3559,4605,4726,3864,3341,2.75137,-13.1807,8.79808,48.1513
97972,3274,3820,5106,7442,3461,3916,5227,9892,3368,3657,4218,5053,3154,3281,3602,3657,-11.2165,32.9428,8.99766,48.0853
97973,3513,3580,3912,3825,3738,4544,5789,4442,3819,5010,7777,5181,3714,4196,4851,4392,4.33673,7.1928,8.79862,48.1887
97974,9597,6489,4121,3390,7492,5492,3982,3422,4328,4050,3619,3275,3530,3563,3183,3139,-18.7647,-21.1486,8.94579,48.448
97975,3338,3972,6651,11927,3453,3819,4836,6229,3283,3417,3768,4034,3158,3234,3294,3248,-28.1497,24.0834,8.52548,47.774
97976,3420,3574,3484,3385,3677,4196,4405,3688,4256,6369,6902,4416,4297,5795,6177,4512,13.3617,1.3264,8.93893,48.3687
97977,3123,3449,3934,4284,3260,3697,4793,6849,3336,3848,5205,9411,3361,3528,4486,5603,4.40857,26.7306,8.85493,48.1113
97978,3116,3273,3422,3332,3265,3525,3831,3998,3431,3868,5027,6083,3468,4274,7642,10622,25.0741,19.4387,8.82827,48.118
97979,10057,5657,3963,3316,8185,4928,3774,3365,4479,3834,3446,3209,3547,3522,3139,3058,-17.8519,-30.2776,8.93979,47.6527
97980,3430,3483,3260,3094,3919,3846,3355,3256,5762,4898,3880,3444,11147,7334,4101,3446,32.8775,-20.3066,8.61661,47.77
97981,4119,5201,5236,4291,4315,6766,7109,4396,3825,4609,4665,3991,3459,3611,3663,3441,-9.03342,0.706406,8.6876,48.4647
97982,12595,6040,3892,3365,6435,4801,3735,3302,3941,3882,3434,3209,3448,3438,3240,3040,-25.8425,-29.6956,8.95552,47.8647
97983,3351,3377,3258,3215,4028,3837,3584,3178,6297,5146,3938,3450,10722,7134,4248,3475,23.4941,-20.6099,8.81952,48.1587
97984,3292,3329,3384,3188,3610,3759,3760,3517,4176,4980,4904,4025,4974,8552,7936,4650,30.6413,-1.05391,8.84268,48.024
97985,3205,3289,3568,3661,3288,3560,4175,5011,3303,3807,5347,9263,3329,3814,5359,7954,12.6013,33.836,8.64525,47.9553
97986,3166,3238,3315,3226,3413,3592,3812,3682,3833,4574,5542,4762,4069,6008,9735,6093,25.4424,7.0043,8.61833,48.04
97987,3113,3465,4009,4477,3260,3693,5026,7106,3344,3882,5523,8990,3210,3558,4374,5270,2.88069,23.8323,8.84445,48.2
97988,3637,3988,3928,3547,3855,4971,5459,4326,4067,6202,7265,4498,3754,4480,4641,4034,4.59422,2.344,8.98079,48.4347
97989,3577,4210,5173,4787,3606,4723,7807,6125,3548,4092,5467,4776,3245,3483,3956,3814,-6.60928,11.2533,8.6754,48.2593
97990,9404,6999,4170,3465,6685,5650,4008,3402,4178,4003,3514,3259,3519,3397,3260,3076,-20.2349,-19.4722,8.6298,47.9927
97991,3339,3453,3319,3171,3768,3871,3578,3295,5000,5230,4153,3599,7548,9791,5247,3654,30.4794,-11.4254,8.89767,48.0107
97992,3163,3454,3955,4127,3325,3685,4644,6732,3412,3892,5359,9497,3348,3651,4498,5536,4.87026,26.2229,8.72234,48.1853
97993,7339,8892,4927,3795,5476,6005,4350,3575,3877,3952,3591,3301,3353,3482,3258,3087,-21.4652,-11.9459,8.88516,48.1733
97994,3110,3314,3607,3796,3290,3647,4374,4995,3391,3976,5787,8986,3362,3976,5393,7188,11.6348,22.0015,8.57828,48.128
97995,3493,4000,6190,10243,3385,3835,5220,7426,3191,3484,4012,4240,3080,3322,3443,3428,-19.6181,23.9091,8.52259,47.9947
97996,6926,4963,3819,3232,9936,5224,3797,3436,5495,4355,3544,3310,3916,3643,3396,3175,-9.37417,-31.7341,8.76926,48.1113
97997,11022,7494,4176,3514,6099,4970,3970,3535,3913,3703,3415,3253,3399,3497,3194,3190,-27.0406,-20.4401,8.82216,48.2293
97998,3219,3332,3480,3612,3283,3559,4177,5022,3450,3695,5199,9415,3343,3825,5009,7932,12.2669,30.4977,8.66793,47.7013
97999,3607,4548,7949,9335,3622,4036,5397,6210,3312,3519,3920,4017,2994,3190,3335,3490,-22.7168,17.2779,8.57462,48.3207
98000,10251,7219,4054,3452,6398,5182,4005,3405,4051,4050,3577,3151,3299,3508,3346,3036,-22.2912,-20.0355,8.66133,47.9893
98001,3405,3340,3315,3037,3843,4067,3634,3388,5076,5979,4367,3680,6950,9103,5240,3810,22.4316,-10.558,8.87212,48.156
98002,3517,3903,5471,8799,3347,3834,5063,9115,3221,3544,4138,4719,3122,3295,3544,3614,-14.7229,28.5337,8.72883,48.164
98003,7021,4934,3835,3354,9934,5241,3790,3433,5511,4277,3641,3254,3816,3622,3337,3196,-10.0104,-32.3945,8.8482,48.1307
98004,5431,4706,3765,3252,8670,6234,3947,3399,6126,4976,3720,3373,4149,3882,3525,3138,-5.50962,-20.4701,8.64537,48.1953
98005,8603,9083,4664,3645,5449,5346,4050,3637,3881,3925,3501,3274,3395,3390,3190,3106,-26.6268,-14.2757,8.81722,48.0927
98006,3972,3718,3481,3147,5427,4577,3654,3309,9471,5929,3787,3472,6537,4910,3871,3260,8.26031,-22.3704,8.99543,48.348
98007,3408,3769,5434,9369,3494,3787,5102,8742,3247,3476,3986,4713,3066,3264,3462,3503,-15.6273,29.259,8.76466,47.8813
98008,3151,3345,3478,3482,3413,3646,4092,4076,3746,4279,6666,5963,3652,4709,7814,6926,17.7213,13.2606,8.74105,48.292
98009,3272,3391,3150,3136,3925,3778,3520,3247,6252,4806,3679,3282,12654,6163,3970,3452,26.4858,-29.3552,8.84563,47.7847
98010,3404,3361,3256,3113,3961,3597,3432,3197,5941,4848,3744,3325,12700,5913,3828,3303,32.7888,-30.985,8.93213,47.282
98011,3725,4769,7527,6471,3652,4525,6868,5858,3395,3719,4244,4118,3122,3359,3533,3459,-15.8996,11.8701,8.78454,48.2293
98012,3445,3423,3345,3078,4000,3862,3459,3210,6880,5014,3722,3380,11528,5971,3886,3457,22.1137,-32.0256,8.5702,47.7733
98013,3966,3899,3580,3307,5141,5643,4111,3488,6575,7627,4430,3538,4824,4883,3983,3443,4.87751,-12.9492,8.74549,48.292
98014,5643,4495,3594,3412,9829,5117,3748,3409,6633,4530,3624,3306,4214,3813,3475,3208,-5.43274,-33.0484,8.99481,48.0333
98015,3138,3249,3366,3241,3336,3586,3759,3721,3768,4323,5406,4942,3874,5670,9919,6822,26.7501,9.22291,8.96062,48.08
98016,3088,3250,3378,3451,3251,3535,3793,3955,3463,3979,5277,6373,3532,4254,7284,10099,22.0786,19.564,8.88417,47.9747
98017,3330,3355,3319,3210,3693,3888,3752,3318,4903,5345,4391,3724,6524,9796,5828,3991,28.6304,-8.26542,8.63884,48.2447
98018,12480,6195,3917,3368,6237,4899,3791,3344,4013,3729,3421,3238,3405,3413,3340,3174,-26.7319,-27.7619,8.6669,47.976
98019,3440,4135,7213,11439,3392,3856,4866,5954,3225,3511,3760,3804,3068,3227,3322,3363,-28.5403,21.5543,8.97934,47.7167
98020,5352,5813,4386,3545,6298,7867,4640,3647,4422,4888,3759,3480,3664,3736,3461,3269,-9.75582,-11.425,8.59999,48.1513
98021,3138,3251,3389,3457,3179,3520,3936,4244,3291,3779,5085,8020,3446,3959,5648,10501,18.4983,31.7349,8.92461,47.8953
98022,4858,4624,3885,3341,7363,6997,4199,3569,5788,5556,3983,3453,4291,4064,3505,3218,-3.62817,-16.1484,8.53095,48.4627
98023,5454,4449,3706,3308,8843,5662,3893,3286,6969,4917,3692,3396,4394,3953,3520,3226,-3.39671,-23.6448,8.67344,48.4453
98024,3146,3402,3338,3155,3709,3770,3730,3407,4481,5168,4702,3896,5588,9427,7005,4276,28.6152,-4.00687,8.64354,48.1333
98025,3443,3825,3968,3694,3811,4742,5534,4173,3954,5881,7476,4566,3691,4392,4907,4081,4.79129,3.25157,8.56291,48.092
98026,3235,3273,3162,3321,3580,3703,3814,3644,4046,4850,5195,4375,4568,7472,8869,5140,27.9705,2.07559,8.61199,48.1647
98027,10694,6708,4062,3554,6806,5162,3907,3473,4087,3894,3539,3285,3380,3433,3281,3087,-21.4913,-21.7437,8.61579,48.2347
98028,4028,6274,9916,6193,3784,4567,5354,4580,3416,3556,3781,3749,3200,3259,3320,3278,-27.5413,6.67549,8.83724,48.17
98029,3304,3695,5040,7590,3365,3755,5267,9807,3378,3558,4188,5227,3204,3389,3529,3800,-11.283,30.8848,8.81096,48.064
98030,4305,4025,3588,3106,7413,4666,3584,3427,9287,5078,3688,3334,5306,4365,3586,3307,3.15025,-31.8393,8.69986,48.0433
98031,3072,3366,3520,3564,3281,3591,4260,4610,3468,4097,6505,7575,3460,4176,6210,7281,13.7064,17.7196,8.9606,48.024
98032,3918,3677,3448,3102,5140,4370,3675,3325,9196,5914,3874,3436,6738,5124,3783,3394,9.96254,-22.2071,8.71747,48.076
98033,3111,3502,3627,3725,3230,3586,4180,5040,3338,3804,5497,9412,3372,3787,5220,7502,11.7753,24.0236,8.68553,47.9553
98034,3054,3296,3412,3404,3219,3342,3925,4169,3297,3717,5101,6910,3392,4022,6313,11196,21.9656,25.0435,8.58879,47.846
98035,3949,4283,4098,3590,4451,6670,5291,3829,4590,6779,5340,3894,3882,4399,3972,3636,-0.0299778,-4.03428,8.85605,48.4353
98036,8052,5078,3830,3290,9661,5406,3689,3262,5077,4058,3545,3242,3728,3565,3206,3160,-12.543,-29.3794,8.97754,47.8993
98037,9142,5334,3848,3425,8750,5241,3842,3425,4655,4068,3515,3245,3560,3531,3240,3062,-15.2553,-27.6349,8.69694,47.922
98038,3281,3369,3355,3267,3394,3797,3635,3539,3943,4684,5042,4307,4372,7471,8997,5245,31.4161,2.67317,8.55363,47.7987
98039,4876,7228,6240,4244,4521,6571,5738,4149,3740,4132,3888,3580,3358,3349,3373,3308,-16.9719,-2.51801,8.52453,48.1967
98040,12285,6388,4034,3452,6096,4864,3811,3300,3971,3880,3364,3165,3495,3324,3248,3091,-28.6846,-24.6964,8.92653,47.8453
98041,3340,3821,5449,8208,3377,3837,5707,8947,3220,3581,4068,4752,3165,3331,3648,3681,-13.4854,24.2397,8.55518,48.088
98042,5055,4407,3746,3242,8302,5914,3839,3550,6956,5394,3665,3268,4506,4070,3522,3228,-2.5864,-20.6345,8.97634,48.4427
98043,3726,3468,3325,3170,4744,4120,3577,3207,8635,5376,3892,3449,8926,5438,3844,3361,15.0245,-25.475,8.51307,48.172
98044,3592,3738,3746,3404,4318,5060,4341,3735,4929,7849,5738,4015,4318,5342,4469,3807,7.25312,-4.89283,8.76575,48.2673
98045,6269,5689,4010,3577,7659,6996,4175,3437,4988,4472,3765,3323,3754,3668,3308,3220,-10.6302,-16.6924,8.66024,48.2067
98046,3233,3536,3838,3875,3401,3805,4928,5207,3435,4173,7073,7685,3390,3973,5288,5632,8.23309,16.465,8.64739,48.3147
98047,2979,3108,3461,3427,3275,3478,3933,4019,3362,3938,4989,6845,3435,3956,6515,11500,22.5587,25.2048,8.63124,48.1467
98048,6479,4830,3734,3301,9847,5271,3776,3345,5958,4456,3590,3217,3934,3886,3376,3137,-7.79854,-28.4454,8.64313,48.0913
98049,6901,6261,4157,3452,7665,6653,4179,3550,4607,4338,3645,3328,3697,3588,3291,3144,-13.2251,-16.8246,8.94862,48.304
98050,3396,3407,3487,3123,3598,3793,3729,3455,4391,5486,4686,3839,5501,9280,6758,4328,25.1432,-4.62314,8.76398,48.1713
98051,4834,4154,3628,3224,8172,4882,3817,3351,8283,5020,3732,3389,4746,4080,3599,3134,0.291918,-27.3685,8.96919,48.03
98052,3955,4466,4087,3637,4495,6594,5456,3925,4438,6534,5326,3880,3881,4199,4034,3636,-0.514407,-3.46627,8.80207,48.362
98053,4096,3786,3364,3116,6025,4533,3659,3265,9999,5159,3755,3270,6231,4674,3729,3185,6.67433,-32.2637,8.91501,47.8973
98054,3827,5454,9809,7232,3609,4231,5310,4926,3334,3593,3838,3770,3168,3235,3441,3378,-27.2971,10.3262,8.54652,48.1033
98055,5463,4797,3791,3430,8185,6456,4077,3431,5640,5131,3812,3411,4065,3891,3530,3183,-5.43689,-18.6497,8.50554,48.1953
98056,3215,3400,3276,3116,3837,3708,3525,3330,5199,5121,4173,3479,8110,9548,4919,3668,31.5904,-12.9445,8.96589,47.7493
98057,3128,3253,3310,3448,3194,3398,3733,3882,3421,3867,4704,6052,3376,3850,6142,12515,28.7416,32.9769,8.69777,47.5153
98058,3279,3418,3381,3318,3522,3892,3787,3527,4315,5745,5403,4048,4904,7687,7207,4602,20.5013,-1.15838,8.68093,48.0233
98059,3402,3710,4451,4717,3484,4192,6535,7124,3445,3869,5801,6363,3307,3621,4094,4285,-2.17032,16.1995,8.93136,48.2667
98060,3091,3276,3391,3346,3215,3602,3849,3910,3551,4188,5145,5232,3550,4957,9533,7984,32.7548,12.8368,8.92361,47.88
98061,3160,3282,3399,3411,3170,3498,3894,4134,3421,3850,4967,6966,3436,3916,6129,11250,22.0275,25.8873,8.50571,47.922
98062,3518,4024,6859,11379,3403,3765,4982,6284,3226,3402,3749,3991,3067,3199,3394,3385,-26.3036,22.5379,8.68231,47.7513
98063,4510,4273,3613,3362,7052,5657,3909,3499,7308,5935,4043,3287,4710,4285,3652,3281,0.448952,-18.6511,8.88207,48.2507
98064,3525,4415,7928,8381,3530,4252,6090,6129,3259,3613,4023,3970,3087,3229,3397,3384,-19.9354,15.3026,8.89927,48.1413
98065,3477,4083,5265,5039,3584,4401,7834,6668,3458,4082,5246,4978,3246,3565,3742,3798,-7.04171,13.2123,8.80318,48.3107
98066,6491,5638,4013,3471,8187,6676,4073,3517,4926,4337,3679,3253,3703,3536,3243,3045,-11.2381,-18.2924,8.65872,47.8587
98067,3373,3346,3139,3116,3970,3700,3464,3204,6195,4979,3767,3341,12319,6669,3960,3433,28.6246,-23.961,8.93163,47.9833
98068,3356,3649,4620,5686,3372,3858,5347,9486,3365,3742,4706,6686,3222,3412,3800,4205,-5.02236,25.1739,8.7051,48.3413
98069,3551,3355,3335,3217,4237,4117,3454,3316,7149,6056,3933,3495,8532,6743,4188,3543,17.5871,-18.6217,8.85711,48.1473
98070,3296,3411,3272,3189,3744,3841,3571,3389,4919,5904,4327,3715,6399,9634,5703,3954,22.8064,-8.40015,8.98805,48.1787
98071,3442,3926,5913,12573,3344,3726,4671,5978,3322,3449,3774,3941,3141,3226,3388,3309,-30.2206,32.3752,8.50309,47.4153
98072,3916,4056,3693,3273,4625,5708,4206,3578,5746,8120,4758,3694,4467,5045,3974,3615,5.151,-9.5245,8.99874,48.316
98073,3624,4395,7824,8675,3519,3972,5745,6147,3298,3703,4054,4059,3052,3287,3553,3489,-21.1209,16.4584,8.71432,48.264
98074,3490,3998,6200,12405,3328,3762,4696,6273,3215,3476,3682,3910,3128,3223,3454,3365,-27.9631,27.6338,8.63131,47.7367
98075,3506,4157,6932,11219,3334,3838,5094,6485,3264,3491,3832,4123,3024,3190,3295,3341,-23.9717,22.2381,8.57193,48.0833
98076,4669,7639,8245,4900,4206,5152,5426,4244,3603,3942,3824,3518,3237,3289,3389,3137,-22.642,0.914577,8.93696,48.28
98077,12531,5957,3868,3386,6065,4619,3715,3350,4071,3769,3388,3148,3439,3377,3280,3176,-33.0384,-31.9537,8.55547,47.426
98078,3340,3394,3169,3087,3977,3809,3340,3207,6713,4807,3700,3357,12400,5900,3910,3440,25.1918,-31.8908,8.79521,47.7
98079,3092,3380,3338,3362,3429,3548,3828,3793,3780,4547,5586,4867,3817,5539,9443,6911,24.5646,9.42362,8.60449,48.1733
98080,3263,3600,4419,5400,3314,3751,5247,9160,3299,3738,4812,7090,3086,3508,3912,4302,-3.48464,25.0627,8.90666,47.934
98081,4081,3854,3428,3158,6506,4648,3629,3362,9575,5295,3834,3434,5850,4561,3687,3345,5.3779,-26.5812,8.549,48.1647
98082,3222,3559,4072,4784,3388,3811,5088,8596,3221,3662,4949,8137,3320,3536,4170,4551,-0.411255,27.8315,8.97548,48.044
98083,10123,5604,3789,3406,8078,5060,3890,3498,4308,3873,3439,3255,3457,3403,3305,3159,-17.9653,-32.051,8.55483,47.7647
98084,6946,8222,4871,3743,5719,6375,4288,3704,4042,4114,3719,3222,3429,3453,3241,3156,-18.9873,-11.9333,8.76943,48.1627
98085,3136,3281,3438,3370,3327,3500,3650,3892,3449,3807,4648,6029,3317,3943,5983,12471,28.6508,32.0361,8.79064,47.494
98086,3434,3902,5897,10702,3383,3639,5075,7748,3319,3477,3819,4264,3078,3288,3414,3451,-19.3506,27.1615,8.56041,47.9267
98087,3828,5149,8187,5976,3819,4791,6671,5467,3447,3718,4201,3907,3168,3386,3483,3463,-17.9183,8.88437,8.76392,48.4407
98088,4939,7506,6231,4258,4526,6486,5445,4018,3746,4082,3949,3638,3458,3421,3419,3345,-17.7724,-2.55941,8.57603,48.3113
98089,3413,3909,5820,10996,3391,3752,4938,7685,3278,3445,3868,4253,3083,3120,3419,3615,-19.8409,29.0473,8.81035,47.99
98090,3321,4243,7700,10776,3372,3849,5108,5721,3259,3466,3795,3958,3183,3176,3445,3276,-33.1607,19.3207,8.95442,47.7653
98091,5880,4846,3752,3331,9245,5752,3902,3354,5894,4706,3552,3220,4040,3903,3504,3153,-7.05085,-22.6279,8.86206,48.0227
98092,3889,3726,3403,3168,5569,4244,3532,3259,9994,5261,3751,3349,6759,4875,3787,3258,9.17602,-30.7267,8.84633,47.8827
98093,3379,4029,5907,12325,3415,3750,4803,6652,3177,3458,3873,3992,3181,3177,3335,3349,-24.2827,30.5305,8.79079,47.868
98094,5563,7456,5032,3857,5377,7452,4976,3798,3940,4391,3851,3445,3420,3542,3412,3224,-15.2378,-8.37629,8.75094,48.4907
98095,3322,3579,4302,5006,3467,3793,5049,9097,3323,3722,4722,7542,3248,3526,4063,4428,-2.45413,30.3277,8.79396,48.126
98096,3420,3419,3231,3162,3794,3893,3540,3282,5707,5178,4143,3457,9423,8672,4642,3557,27.5048,-16.1688,8.74199,48.3467
98097,3871,3717,3390,3226,5234,4834,3776,3389,8016,6696,4055,3570,5937,5265,3864,3397,8.59576,-17.4248,8.54906,48.158
98098,3291,3516,3836,3909,3418,3929,5224,5125,3643,4420,7832,6601,3484,3975,5254,5250,6.99597,12.876,8.80054,48.4713
98099,3122,3355,3554,3546,3303,3772,4179,4047,3632,4501,7009,5790,3715,4724,7626,6385,16.385,11.1984,8.67249,48.1733
98100,3439,3414,3343,3210,4139,4150,3704,3337,5940,6543,4476,3487,6909,7556,4698,3617,17.823,-12.9195,8.50627,47.9747
98101,3729,4954,7178,5417,3761,4952,7467,5470,3435,3838,4475,4008,3177,3388,3542,3378,-14.3262,8.52621,8.91087,48.1127
98102,3351,3352,3364,3203,3738,4055,3707,3520,4824,6709,5174,3946,5233,8035,5981,4139,18.1241,-5.04228,8.8308,48.2207
98103,4784,4556,3761,3227,6956,6844,4093,3450,6049,5699,4008,3430,4284,4154,3652,3309,-2.55763,-15.9693,8.83014,48.1707
98104,6365,7458,4677,3686,6095,7093,4333,3539,4109,4267,3648,3287,3383,3484,3343,3183,-16.1315,-11.6143,8.95958,47.9667
98105,6597,4863,3789,3191,9901,5444,3781,3351,5846,4397,3617,3380,3866,3737,3279,3197,-8.47392,-27.7346,8.73322,48.1573
98106,3431,3406,3249,3132,4366,3923,3617,3173,6818,5504,3944,3337,9349,6953,4155,3444,19.3851,-19.3691,8.60727,47.8673
98107,3340,3561,3298,3287,3785,4206,3839,3500,4617,6414,5485,4047,4937,7668,6214,4214,17.5442,-3.21696,8.83109,48.2747
98108,3111,3248,3350,3542,3324,3455,3860,4031,3253,3796,4807,6177,3353,3877,6124,12309,28.2208,26.747,8.68156,47.7447
98109,3278,3709,4258,4955,3413,3686,5077,8482,3310,3760,4780,7864,3142,3534,4217,4550,-1.13849,30.3158,8.59731,48.01
98110,3189,3302,3700,3974,3226,3692,4505,5949,3279,3836,5191,10106,3302,3612,4633,6470,7.7866,29.1799,8.89843,47.9773
98111,6857,5184,3766,3335,9189,5892,3875,3514,5371,4419,3598,3274,3744,3696,3381,3112,-10.3019,-22.8279,8.59533,48.138
98112,5670,6467,4537,3664,5890,7818,4771,3750,4202,4526,3847,3442,3478,3606,3393,3161,-12.9349,-11.0545,8.83823,48.148
98113,3231,3230,3383,3347,3445,3743,3711,3642,3959,4777,5449,4577,4259,6877,9210,5587,25.1046,4.17925,8.53315,48.2847
98114,3853,5484,9850,7284,3608,4189,5251,5000,3265,3493,3842,3767,3050,3368,3276,3258,-27.8416,10.7782,8.92779,47.892
98115,3415,4337,6682,6819,3603,4319,6951,6895,3185,3716,4344,4427,3082,3315,3623,3646,-14.217,14.774,8.85015,48.2393
98116,3425,4226,7657,10578,3480,3829,5292,5766,3295,3523,3746,3940,3092,3257,3384,3447,-33.4712,19.1512,8.58818,47.958
98117,3761,3825,3730,3428,4247,5595,4609,3679,4961,7825,5592,4004,4226,4949,4324,3794,5.33421,-4.99074,8.80437,48.366
98118,5959,8920,5797,3974,4780,5951,4643,3835,3778,3938,3600,3349,3365,3395,3187,3075,-21.4285,-6.85418,8.65397,47.6973
98119,4989,8207,7227,4346,4410,5616,5115,3983,3698,3854,3830,3683,3248,3374,3371,3270,-21.5797,-2.07004,8.6266,48.1473
98120,3681,4418,4873,4141,4026,5791,7531,4695,3708,4752,5551,4162,3541,3669,3875,3623,-4.63022,3.76534,8.81903,48.0247
98121,3559,3544,3401,3245,4048,4596,4141,3543,5172,7843,5307,3868,4863,6331,4933,3918,12.0835,-6.21954,8.88171,48.208
98122,3355,3523,3884,4229,3453,3859,5023,6504,3333,3987,5992,8356,3271,3711,4524,5309,4.04911,20.1828,8.59923,48.2087
98123,4054,5359,8629,5954,3783,4903,6403,4910,3303,3710,4031,3907,3170,3362,3389,3342,-19.1632,7.70244,8.86634,48.1393
98124,3403,3416,3253,3031,3918,3859,3382,3245,5965,4943,3781,3364,11223,7162,4204,3484,28.4718,-21.5042,8.60188,47.7553
98125,3753,3624,3259,3235,5094,4282,3496,3303,9656,5311,3819,3321,7724,5110,3771,3358,12.0764,-30.1261,8.59688,48.0773
98126,8429,8408,4573,3571,5810,5728,4195,3481,3991,3988,3554,3194,3474,3422,3286,3157,-22.0939,-15.0069,8.9622,48.174
98127,3345,3569,4443,5277,3406,3807,5134,9278,3366,3787,4766,6937,3141,3466,3819,4264,-3.65165,33.0229,8.65171,47.87
98128,3914,5132,6851,5116,3929,5435,7729,5060,3549,3970,4499,3975,3327,3332,3540,3497,-13.1958,6.40298,8.96175,48.57
98129,8802,5209,3818,3405,9078,5306,3873,3397,4738,4063,3556,3195,3681,3424,3401,3176,-14.5117,-27.3803,8.77799,48.0813
98130,3569,3682,3537,3434,4142,5028,4572,3767,4676,7695,6150,4099,4185,4962,4739,3867,6.77438,-3.23898,8.85111,48.0693
98131,3578,3508,3324,3108,4699,4290,3519,3306,8541,5941,4058,3473,7881,5753,3996,3309,14.1295,-21.2217,8.53968,48.1893
98132,3164,3385,3531,3483,3428,3762,4425,4598,3549,4464,7271,6495,3752,4461,6609,6181,13.2783,13.0892,8.59194,48.372
98133,4004,5793,9910,6276,3798,4427,5349,4627,3354,3607,3793,3700,3097,3322,3313,3261,-25.883,7.80719,8.92781,47.754
98134,3704,4337,4259,3768,4148,5971,6271,4232,4043,5737,5891,4285,3609,4014,4247,3815,-0.594033,0.908292,8.77333,48.2207
98135,4498,5404,4468,3774,5183,8255,5342,3830,4310,5076,4179,3621,3748,3757,3538,3425,-7.69411,-6.78925,8.98695,48.272
98136,3158,3179,3436,3448,3308,3593,3900,4139,3397,3936,5086,6265,3552,4231,6935,10684,22.9867,21.0588,8.62508,48.1647
98137,3379,3414,3210,3076,3874,3910,3618,3239,5408,5234,4252,3569,8421,9131,4792,3589,27.2824,-13.9732,8.55494,48.0773
98138,3126,3149,3343,3344,3433,3626,3916,3880,3573,4312,5863,5351,3657,5095,9070,7307,22.5932,11.7391,8.78975,48.03
98139,4665,6267,5324,4028,4865,7587,5919,3978,3850,4486,4051,3573,3455,3492,3581,3279,-12.3943,-3.66161,8.92698,48.2667
98140,3316,3487,3211,3169,3762,3932,3617,3428,5226,6150,4404,3725,6855,9335,5140,3694,21.4781,-10.4861,8.98023,48.3007
98141,3232,3693,4648,5136,3340,3916,6163,8191,3406,3945,5237,6536,3179,3418,3937,4347,-3.64735,19.933,8.62154,48.216
98142,3195,3577,3892,4057,3493,3905,5195,5477,3527,4137,7281,7332,3365,3845,4958,5319,5.39413,15.8872,8.94109,48.37
98143,3272,3801,5067,6632,3429,3798,6054,9259,3311,3586,4432,5433,3052,3342,3674,3910,-9.43869,22.1279,8.85247,48.0347
98144,7778,9447,5013,3700,5248,5291,4226,3601,3898,3869,3529,3329,3400,3470,3297,3128,-33.5588,-12.2285,8.66419,48.1493
98145,5871,4709,3672,3337,9711,5162,3816,3473,6138,4524,3749,3308,4100,3792,3426,3167,-6.28776,-33.4252,8.6676,47.97
98146,11972,6946,4105,3342,6148,4851,3917,3299,3929,3800,3405,3130,3411,3348,3208,3083,-26.9044,-22.9596,8.99766,47.9293
98147,4301,3943,3537,3213,7059,4711,3756,3326,9051,5015,3760,3421,5375,4358,3592,3383,3.23001,-31.6495,8.51457,47.8673
98148,5771,4619,3653,3226,9402,5736,3849,3333,6297,4658,3721,3302,4085,3873,3440,3210,-5.71955,-22.9862,8.87999,48.1167
98149,3559,4558,8437,9519,3457,3952,5054,5635,3316,3591,3775,3877,3180,3277,3377,3433,-30.2372,16.548,8.61027,47.998
98150,3132,3225,3491,3393,3216,3365,3810,3839,3375,3907,5051,5570,3496,4487,8719,9919,30.0446,16.5062,8.94295,47.9967
98151,3606,3719,3686,3371,4219,5227,4185,3582,5331,8022,5439,3830,4559,5321,4501,3607,7.45947,-6.94561,8.70012,48.1367
98152,3260,3257,3443,3605,3250,3471,3905,4482,3382,3875,5109,8210,3440,3968,5675,9919,17.265,33.2249,8.73108,48.1673
98153,4339,4466,3751,3419,5323,7377,4730,3668,5122,6612,4627,3619,4042,4221,3777,3596,-1.36741,-9.31323,8.97933,48.4593
98154,3189,3252,3419,3388,3514,3713,3858,3694,4048,4974,5580,4460,4459,6988,8811,5029,22.9033,3.41673,8.72846,48.2507
98155,3214,3350,3841,4193,3307,3669,4743,6671,3390,3770,5138,9587,3207,3487,4569,5780,5.1197,28.9244,8.67169,47.944
98156,4483,6185,6564,4603,4190,6174,6754,4400,3504,4102,4194,3660,3306,3399,3569,3302,-14.7673,0.839066,8.86371,48.2593
98157,3605,3572,3295,3094,4921,4075,3500,3283,9234,5290,3795,3367,8442,5289,3894,3318,13.5538,-30.667,8.65036,47.9827
98158,3286,3576,4334,5215,3278,3792,5049,8872,3460,3660,4748,7368,3329,3481,4015,4496,-2.29931,30.9147,8.5904,47.9727
98159,6336,7904,4965,3786,5603,6732,4556,3699,4043,4162,3799,3384,3485,3493,3294,3206,-17.1819,-10.8064,8.54375,48.298
98160,3031,3283,3374,3400,3226,3549,3775,3987,3408,3921,4936,5871,3455,4220,7185,11169,27.3399,21.1468,8.59382,47.86
98161,5048,8120,6532,4338,4556,6092,5249,4079,3652,4054,3790,3543,3336,3392,3363,3226,-19.4739,-3.22596,8.9164,48.2467
98162,3349,3438,3162,3207,4006,3899,3444,3200,5943,4919,3897,3342,11442,7134,4246,3393,27.6134,-21.6605,8.75964,48.014
98163,4594,4320,3496,3329,7260,5999,3899,3425,7111,5792,3810,3418,4504,4242,3676,3288,-0.362139,-18.6565,8.87303,48.1087
98164,9940,6293,3936,3343,7497,5245,3893,3482,4153,4023,3608,3199,3461,3486,3360,3093,-19.1084,-23.2219,8.52524,48.008
98165,3492,4255,7873,10293,3463,3939,5065,5647,3325,3535,3843,3910,3009,3236,3445,3476,-31.4128,18.5888,8.86352,47.8707
98166,3097,3415,3423,3354,3449,3753,3899,3676,3876,4704,6024,4835,4138,5928,8972,5896,21.6374,6.65578,8.589,48.2927
98167,6830,5002,3862,3260,9737,5579,3806,3374,5529,4449,3549,3269,3841,3584,3279,3146,-9.6595,-24.2214,8.90362,48.064
98168,5224,8559,7122,4448,4350,5544,5078,3994,3593,3933,3874,3485,3135,3382,3320,3174,-22.6232,-2.77583,8.64302,48.1433
98169,3386,4013,6758,11795,3340,3886,4880,5959,3304,3533,3798,3968,3075,3228,3364,3353,-29.3364,23.0335,8.59472,47.76
98170,3290,3310,3233,3174,3747,3859,3590,3416,4937,5402,4232,3648,7145,9971,5445,3801,29.842,-9.83723,8.75084,48.1333
98171,12575,6041,3923,3419,5929,4862,3764,3430,3895,3774,3354,3107,3369,3397,3250,3225,-31.1295,-30.0483,8.59664,47.5427
98172,5044,4202,3399,3387,8700,5234,3812,3402,7697,5002,3665,3294,4531,4170,3462,3272,-1.5972,-25.1615,8.8353,48.182
98173,3283,3730,4334,4409,3492,3986,6435,6547,3419,4002,6189,6467,3300,3728,4346,4553,-0.061263,15.6945,8.59261,48.1467
98174,5104,5482,4214,3538,6228,7895,4565,3632,4590,5023,3921,3562,3756,3840,3590,3270,-7.97476,-11.3541,8.64543,48.14
98175,3246,3229,3255,3310,3434,3543,3890,3744,3735,4472,5784,4822,3952,5851,9616,6201,23.4722,7.99502,8.91044,48.056
98176,3359,4158,6994,11132,3444,3974,5092,6233,3309,3483,3816,3940,3041,3333,3418,3323,-25.3481,21.9784,8.51735,48.0327
98177,6097,8987,5582,3853,4806,6230,4704,3784,3737,3972,3556,3385,3373,3331,3230,3239,-20.8772,-8.13876,8.71719,47.9107
98178,7331,5479,3980,3368,8513,6060,4003,3405,4939,4315,3545,3253,3766,3624,3397,3222,-12.2736,-20.5397,8.86991,48.1333
98179,3235,3354,3330,3181,3831,3709,3344,3288,6066,4792,3861,3484,12088,5963,3861,3360,33.2191,-33.9455,8.6581,47.1647
98180,12569,5829,3955,3455,5892,4817,3814,3413,3822,3646,3409,3457,3296,3457,3193,3212,-32.6486,-32.282,8.76329,47.4907
98181,3772,3630,3336,3150,5141,4415,3686,3211,8816,6334,4076,3476,6660,5166,3795,3491,10.2048,-20.1638,8.79336,48.1033
98182,5993,4719,3793,3330,9766,5396,3799,3338,6146,4464,3708,3289,4079,3764,3392,3209,-6.70546,-26.3921,8.82045,48.1233
98183,3699,3724,3443,3168,4699,4699,3676,3351,7507,7206,4225,3507,6026,5722,4070,3499,10.3505,-15.7784,8.84862,48.1473
98184,4258,3960,3509,3191,6741,4696,3679,3397,9466,5042,3813,3353,5566,4382,3594,3206,4.48005,-32.367,8.56269,47.902
98185,3408,3472,3268,3142,3874,3948,3615,3336,5299,5206,4135,3487,8395,9343,4743,3585,33.574,-13.5641,8.91399,48.1707
98186,3352,3527,3320,3092,3886,3984,3772,3431,5490,6133,4445,3682,6834,8521,4959,3795,20.3189,-10.7894,8.79031,48.1487
98187,3801,5006,8609,7020,3627,4281,6294,5592,3302,3648,4061,3957,3169,3301,3419,3445,-19.5775,11.9966,8.71701,48.3547
98188,12055,6816,4116,3354,6099,4763,3948,3350,3959,3878,3485,3244,3334,3333,3167,3122,-27.6978,-23.0851,8.91365,48.0153
98189,3442,3308,3306,3166,3940,3826,3472,3334,5429,5205,3972,3448,9287,8757,4439,3525,31.1536,-15.9154,8.85617,47.904
98190,3326,3286,3268,3203,3840,3751,3501,3397,5461,5292,4258,3648,8357,9037,4840,3686,25.9422,-13.7929,8.59607,48.1007
98191,3412,3776,4529,4844,3528,4043,6551,7443,3523,4045,5477,6069,3254,3557,4024,4218,-3.65299,16.6988,8.70318,48.1953
98192,3397,3397,3306,3024,4328,3785,3473,3272,7313,5030,3857,3425,10846,6054,3917,3426,20.3573,-25.9385,8.59056,47.9
98193,3406,3880,5972,10376,3374,3802,5059,7830,3206,3557,3839,4395,3226,3329,3437,3615,-18.6005,26.6043,8.91127,48.202
98194,3476,3531,3292,3012,4249,4129,3630,3246,7256,6175,4098,3516,8289,6706,4282,3348,16.9515,-17.88,8.98551,48.1567
98195,3562,3600,3459,3272,4165,4708,3930,3596,5219,8165,5365,3778,4875,6200,4788,3752,11.113,-6.73063,8.85924,48.2893
98196,3562,4150,5516,5300,3551,4415,7852,6604,3441,3899,5130,4835,3184,3491,3834,3660,-8.56832,12.3655,8.81122,48.2827
98197,3707,3959,4055,3692,3953,5599,5889,4343,4160,5992,6562,4324,3733,4279,4345,3847,1.45027,1.3424,8.6152,48.2927
98198,3373,3409,3275,3158,3653,3874,3759,3499,4507,5711,4898,3998,5491,8897,6602,4296,22.8209,-4.38195,8.66953,48.2667
98199,3234,3612,4637,5945,3344,3852,5330,9584,3208,3645,4637,6432,3208,3537,3836,4020,-6.07204,26.351,8.89257,48.0407
98200,3341,3992,6173,12493,3351,3785,4779,6122,3088,3489,3821,3970,3043,3230,3361,3331,-29.0261,30.6923,8.62826,47.5793
98201,3380,3971,5482,8111,3496,3878,5797,8811,3284,3499,4241,4703,3189,3295,3535,3658,-13.6718,22.7571,8.64607,48.22
98202,7779,5176,3732,3406,9654,5217,3897,3339,5037,4292,3647,3275,3723,3491,3369,3112,-11.8778,-33.4588,8.7154,48.0973
98203,3608,3863,3761,3552,4138,5251,4774,3783,4654,7499,6147,4030,4042,4854,4464,3865,5.69928,-2.7964,8.90871,48.19
98204,3950,5895,9472,6238,3648,4538,5724,4897,3486,3703,3761,3839,3208,3304,3444,3250,-24.1206,7.97384,8.59222,48.238
98205,4447,7380,8986,5270,3972,4877,5086,4377,3507,3681,3706,3558,3201,3296,3319,3360,-28.6024,3.07883,8.86909,48.0153
98206,3512,3312,3178,3064,4346,3854,3449,3230,8243,5192,3712,3447,10266,5924,3995,3330,18.0424,-25.8496,8.91091,48.036
98207,3122,3402,3382,3367,3172,3475,3892,4031,3459,3893,4991,7097,3323,4026,5889,11260,21.4266,32.4983,8.69933,47.854
98208,3278,3939,5930,12682,3316,3687,4652,5984,3282,3411,3800,3836,3155,3321,3370,3369,-29.9688,29.9229,8.8549,47.3413
98209,8532,6853,4228,3454,7215,5837,4053,3483,4300,4050,3631,3190,3562,3488,3328,3100,-17.4773,-18.4778,8.5467,48.2027
98210,3354,3590,3997,3810,3631,4275,5365,4369,3784,5301,8394,5283,3686,4301,5173,4352,6.56628,6.86549,8.85176,48.4433
98211,4146,6693,9241,5631,3981,4688,5553,4610,3349,3639,3910,3717,3239,3308,3429,3315,-24.4314,5.22864,8.66832,48.2993
98212,7301,4961,3856,3336,9962,5178,3841,3341,5336,4372,3587,3258,3789,3548,3298,3102,-10.5519,-31.4897,8.95699,48.044
98213,4345,4431,3734,3403,6159,6756,4144,3433,5901,6377,4029,3447,4367,4299,3726,3324,-0.897991,-13.892,8.64276,47.9167
98214,3323,3661,4578,5674,3253,3923,5197,9484,3216,3731,4583,6647,3166,3342,3862,4176,-5.02607,32.6717,8.77212,47.8773
98215,3041,3143,3430,3421,3250,3526,3838,4018,3364,3840,4883,5870,3451,4253,7285,11125,30.2655,20.4545,8.71593,47.8253
98216,3391,3500,3519,3273,3681,4170,4191,3781,4347,6308,6352,4274,4448,6217,6371,4446,14.9299,0.220724,8.64364,48.1793
98217,3214,3256,3446,3288,3318,3543,3840,3858,3582,4247,5105,5198,3791,5041,9168,8273,28.8708,13.3761,8.56688,48.112
98218,4159,5885,7086,4854,4074,5557,6824,4731,3548,3940,4206,3883,3280,3470,3498,3403,-16.0495,3.44891,8.5784,48.2653
98219,3762,3607,3318,3128,5014,4153,3564,3320,9469,5291,3882,3427,7631,5193,3813,3342,11.7745,-25.833,8.62067,47.9427
98220,4325,7276,9171,5240,3972,4792,5117,4286,3459,3585,3788,3636,3131,3378,3317,3355,-32.5027,2.96311,8.76848,47.8853
98221,3278,3741,4576,6077,3315,3750,5055,9880,3284,3590,4429,6511,3232,3403,3752,3929,-6.26025,30.7385,8.94721,47.868
98222,5195,8850,7206,4447,4506,5340,4857,4006,3665,3766,3742,3489,3293,3325,3334,3167,-23.9139,-2.69463,8.73727,48.1253
98223,3517,3474,3312,3056,4209,4170,3629,3274,7231,6116,4243,3336,8086,6787,4251,3528,16.4949,-17.6966,8.9874,48.146
98224,3284,3433,3685,3763,3514,4025,4726,4544,3639,4562,7895,6482,3495,4254,5740,5493,10.3362,12.3453,8.71381,48.356
98225,3696,3682,3429,3292,4799,4688,3742,3350,7287,7427,4346,3427,6019,5750,4106,3552,10.4632,-15.103,8.77937,48.3947
98226,4049,4674,4392,3763,4687,7347,5840,3938,4205,5620,4814,3884,3740,4091,3792,3499,-4.12945,-3.50001,8.8751,48.2233
98227,3296,3411,3425,3325,3678,3955,4150,3733,4165,5550,6437,4611,4175,6197,7313,4818,16.9219,2.55579,8.58257,48.1593
98228,3218,3424,3765,3885,3250,3652,4638,5274,3445,4013,6468,8324,3391,3874,5290,6249,9.22762,19.0284,8.57158,48.1067
98229,3423,3443,3240,3153,3939,3888,3469,3268,6308,4926,3982,3418,10603,7362,4190,3496,23.9006,-20.2076,8.94988,48.072
98230,4846,7141,5887,4165,4512,6915,5834,4041,3749,4264,3873,3526,3289,3448,3471,3344,-15.6516,-3.36666,8.5631,48.2033
98231,4703,5896,4991,3892,4887,7649,5674,4036,4008,4772,4160,3590,3463,3689,3452,3309,-11.0266,-4.71099,8.68077,48.114
98232,3409,3635,4111,3912,3680,4415,6471,4967,3573,4705,7439,5363,3467,3985,4541,4299,2.24051,9.34025,8.6752,47.9813
98233,3101,3377,3376,3488,3255,3354,3771,3997,3464,3859,4737,6228,3438,3936,5928,12419,25.6988,32.6917,8.70758,47.8187
98234,3322,3411,3357,3118,3962,3833,3548,3305,5515,5282,4064,3569,8973,8817,4705,3529,26.4799,-15.2981,8.91935,48.2067
98235,3186,3321,3381,3338,3452,3755,3878,3632,3806,4410,5217,4548,4075,6122,9827,6176,27.5668,7.16897,8.52894,48.0827
98236,3251,3208,3385,3337,3394,3540,3909,3766,3735,4402,5385,4866,3829,5447,9831,6648,31.3953,9.39147,8.71435,47.9553
98237,4685,4078,3561,3268,8028,5154,3789,3296,8198,5213,3788,3399,4671,4276,3517,3298,0.11666,-24.5575,8.86259,48.146
98238,3577,3783,3776,3666,3893,4759,5477,4119,4133,6078,7322,4629,3910,4453,4853,4188,5.234,2.87678,8.53674,48.4107
98239,3044,3270,3361,3400,3336,3572,3864,4010,3499,3999,5505,5876,3597,4522,8097,9059,23.7776,16.2246,8.54886,48.0073
98240,3402,3493,3275,3095,4163,4028,3505,3244,6695,5445,3909,3524,10075,6921,4152,3456,20.7692,-20.1204,8.8194,48.2547
98241,5689,9134,6135,4179,4556,5846,4815,3943,3725,3999,3714,3428,3356,3342,3271,3167,-22.2343,-5.60276,8.7715,48.1993
98242,5252,4350,3620,3306,8688,5537,3841,3332,7196,4975,3795,3330,4340,4020,3464,3105,-2.79898,-23.4979,8.68603,48.1007
98243,3167,3320,3375,3332,3290,3559,3878,3779,3589,4140,5637,5446,3661,4866,9230,7727,24.0695,12.8069,8.73225,47.9973
98244,4637,4066,3610,3269,7743,4868,3698,3344,8434,5025,3866,3391,4995,4115,3508,3266,1.16576,-32.8533,8.61057,47.89
98245,3187,3539,4073,4662,3355,3639,4872,8101,3406,3747,4792,8413,3288,3564,4188,4964,0.469665,30.5639,8.5837,47.86
98246,3144,3299,3719,3725,3317,3548,4204,5465,3241,3769,5228,9747,3308,3808,4966,7450,10.6199,27.722,8.70765,47.9587
98247,3298,3399,3295,3267,3614,3738,3654,3412,4677,5151,4484,3805,6053,10004,6295,4052,29.8293,-6.08295,8.88785,48.132
98248,3385,3428,3274,3088,4232,3882,3516,3146,7346,5571,3869,3406,9858,6708,4138,3342,19.4271,-21.4196,8.96764,48.126
98249,3327,3810,4891,6809,3327,3862,5415,9910,3174,3516,4408,5530,3092,3178,3680,3917,-9.52684,25.9889,8.83829,47.8973
98250,8501,5384,3831,3376,9297,5360,3702,3319,4931,4146,3632,3278,3594,3607,3255,3172,-13.9272,-26.4502,8.72926,48.2567
98251,3154,3414,3648,3495,3340,3668,4219,4333,3435,4293,6900,6530,3460,4468,7051,6809,15.4385,14.026,8.97951,48.1447
98252,3219,3407,3585,3559,3474,3895,4164,3836,3903,5285,6707,4960,4004,5621,7684,5140,16.6644,5.43108,8.82675,48.2953
98253,8172,8942,4685,3714,5620,5641,4054,3571,3938,3944,3579,3256,3406,3460,3276,3103,-23.2584,-13.816,8.66822,48.2407
98254,3520,3494,3256,3084,4660,4025,3506,3230,8840,5222,3859,3345,8979,5376,3863,3383,15.0415,-31.8293,8.74128,47.7613
98255,4165,5757,6997,4943,4033,5570,6905,4637,3542,4102,4367,3827,3349,3457,3568,3455,-15.1499,3.78799,8.58667,48.4493
98256,3123,3211,3266,3491,3238,3416,3749,3929,3425,3657,4820,6296,3411,3958,6335,12637,27.355,25.808,8.98298,47.9747
98257,3395,3532,3538,3401,3655,4323,4417,3777,4265,6403,6839,4385,4193,5767,5920,4493,13.03,1.14662,8.62384,48.202
98258,3384,3871,5756,10619,3499,3794,5043,7958,3227,3518,3891,4255,3101,3243,3462,3451,-18.9471,32.7535,8.82624,48.048
98259,3186,3161,3476,3496,3158,3510,3902,4319,3406,3725,4920,7991,3382,3885,5667,10446,18.477,28.8765,8.89395,47.7533
98260,3442,3393,3223,3046,4148,3964,3490,3247,6767,5284,3949,3482,10156,6917,4114,3402,20.8224,-20.6405,8.86316,48.016
98261,3341,3552,3907,3918,3435,4029,5520,5035,3626,4580,7824,6272,3448,4010,4925,4803,5.15421,11.8497,8.94101,48.15
98262,3146,3269,3353,3293,3348,3514,3813,3851,3706,4381,5324,4918,3835,5700,9937,6662,27.1152,9.18357,8.771,48.0333
98263,3120,3444,3888,4356,3226,3694,4875,6563,3394,3801,5519,9403,3309,3622,4595,5681,4.80181,24.0884,8.93748,48.3267
98264,10690,7583,4330,3511,5994,5111,3865,3392,3904,3884,3467,3219,3399,3349,3154,3140,-26.6171,-19.3677,8.76144,47.9947
98265,3103,3533,4071,4206,3460,3801,5291,6195,3426,4089,6531,7795,3290,3749,4709,5189,4.04268,17.9124,8.89406,48.292
98266,6195,9874,6156,4050,4672,5225,4573,3877,3671,3858,3535,3458,3306,3306,3275,3193,-31.2324,-6.90848,8.61648,48.1493
98267,3762,3855,3650,3265,4786,5600,4109,3508,5854,8144,4744,3635,4732,5047,4158,3487,5.77958,-9.9391,8.98067,48.224
98268,3515,3508,3312,3114,4493,3964,3616,3147,8598,4982,3877,3365,9685,5413,3832,3384,16.5362,-30.7612,8.9721,47.87
98269,3667,3880,4042,3653,4105,5440,5495,3997,4248,6657,6289,4193,3900,4383,4424,3833,3.09781,-0.635013,8.95202,48.1373
98270,7643,9548,4961,3700,5119,5283,4229,3622,3789,3905,3545,3421,3351,3520,3290,3239,-32.3729,-11.8345,8.68755,48.11
98271,3327,3354,3213,3138,3981,3723,3455,3163,6103,4857,3735,3329,12513,5997,4017,3458,27.9469,-31.1607,8.51095,47.5753
98272,5382,4345,3691,3246,9138,5163,3799,3360,6859,4768,3644,3393,4423,3930,3448,3219,-3.77327,-26.6561,8.51234,47.872
98273,3107,3240,3523,3345,3336,3619,3948,3898,3549,4380,6311,5584,3752,4950,8543,7091,20.0265,11.7226,8.86781,48.1173
98274,3356,3671,4477,4700,3472,4153,6656,6861,3431,4088,5905,6231,3313,3631,4243,4328,-1.73668,15.2967,8.99065,48.344
98275,3219,3261,3385,3359,3230,3436,3851,3926,3466,3994,5071,5922,3438,4264,7875,10155,26.2776,18.4875,8.7178,47.9013
98276,12015,6465,3992,3405,6043,4808,3831,3347,3857,3842,3485,3214,3410,3491,3330,3134,-29.7885,-24.3461,8.507,47.7793
98277,3124,3277,3255,3391,3208,3413,3730,3763,3379,3806,4901,6189,3505,3937,6020,12498,26.2708,32.0982,8.93105,47.5973
98278,9312,7787,4400,3475,6177,5495,3999,3488,3968,3985,3537,3199,3465,3446,3382,3064,-22.0751,-17.7451,8.52817,48.1193
98279,3871,5755,10054,6599,3759,4398,5333,4825,3336,3557,3715,3928,3085,3303,3397,3298,-28.8472,8.45866,8.91763,48.142
98280,7844,5147,3775,3321,9860,5114,3856,3330,5157,4201,3480,3241,3646,3536,3378,3113,-11.7431,-27.6535,8.96421,47.9993
98281,5378,9419,7034,4213,4435,5386,4772,3930,3612,3842,3643,3498,3318,3305,3207,3184,-25.7107,-3.87434,8.95084,48.1173
98282,4831,4253,3668,3287,7810,5478,3869,3233,7620,5434,3806,3325,4604,4262,3635,3252,-0.752751,-21.5687,8.57232,48.2447
98283,3242,3408,4080,4614,3257,3789,4912,8049,3248,3817,5196,8711,3248,3533,4163,4989,0.883831,25.8879,8.98463,48.1707
98284,5095,4627,3734,3394,7198,6679,4198,3371,5711,5478,3972,3400,4094,3992,3543,3230,-4.24365,-16.3759,8.53576,47.8107
98285,4019,4114,3631,3325,4967,6049,4258,3631,5717,7594,4658,3737,4467,4822,3831,3471,3.20318,-10.5012,8.94817,48.194
98286,8064,5419,3883,3285,9068,5688,3829,3361,4945,4120,3621,3331,3697,3536,3348,3103,-13.1495,-23.8306,8.70041,48.1987
98287,2972,3242,3397,3375,3205,3368,3837,3963,3441,3646,4877,6686,3330,3895,6124,12137,23.8965,27.8056,8.9801,47.6633
98288,3368,3969,5458,6450,3333,3835,6599,8514,3314,3745,4552,5190,3098,3330,3709,3885,-9.71182,19.0632,8.7835,48.2327
98289,3574,4655,8687,8880,3518,4101,5320,5376,3256,3554,3938,3930,3189,3207,3403,3337,-26.977,15.0912,8.51588,47.95
98290,8372,7922,4450,3633,6103,5833,4150,3514,4088,3832,3598,3290,3487,3424,3249,3118,-20.9262,-15.7484,8.55117,48.042
98291,3394,3620,3699,3565,3895,4777,4862,3990,4242,6653,7184,4530,4085,4773,5012,4075,7.26611,1.02053,8.83759,48.2373
98292,3894,3849,3475,3186,5291,4578,3739,3281,8712,6257,4097,3526,5981,5094,3837,3405,8.40794,-19.6263,8.56883,48.1347
98293,3295,3574,3709,3671,3435,3803,4780,4267,3759,4802,8200,5701,3729,4512,6216,5159,10.7881,9.36348,8.91268,48.408
98294,11431,7474,4147,3458,5850,4934,3704,3289,3865,3751,3494,3176,3359,3456,3190,3178,-29.4083,-20.8083,8.90692,47.8373
98295,3475,3397,3235,3211,4428,3948,3489,3312,8334,5076,3688,3388,9987,5641,3917,3371,17.1734,-31.5413,8.81607,47.9313
98296,3319,3642,4152,3967,3617,4405,6114,4894,3746,4843,7680,5482,3561,3910,4703,4380,3.08575,9.09588,8.73712,48.2767
98297,4545,4627,3798,3505,6236,7061,4239,3409,5612,6013,4249,3556,4150,4170,3717,3308,-2.40872,-13.2479,8.72111,48.13
98298,7507,4972,3819,3314,9651,5439,3732,3464,5333,4337,3661,3249,3770,3604,3381,3072,-10.6638,-26.1567,8.65393,48.2033
98299,3383,3523,3289,3141,3754,3768,3486,3301,5515,5158,4049,3467,9036,8655,4635,3419,33.8241,-15.5642,8.74618,47.7193
98300,11433,6654,3951,3467,6688,5100,3869,3295,4025,3844,3478,3148,3325,3396,3168,3047,-23.6912,-23.91,8.67194,47.9253
98301,4020,5515,8088,5613,3815,4912,6674,4928,3496,3796,4164,3834,3253,3248,3488,3410,-18.0456,6.81129,8.83603,48.1693
98302,8124,8067,4624,3572,6044,5855,4053,3468,4004,4020,3580,3330,3337,3460,3276,3151,-20.3746,-14.879,8.82078,47.9767
98303,3287,3576,4562,5962,3378,3798,5553,9535,3364,3722,4622,6236,3235,3424,3852,4099,-6.59674,26.5806,8.58793,48.1367
98304,3103,3245,3356,3276,3406,3703,3950,3694,3838,4666,6036,4813,3972,6203,9305,5752,22.2836,5.94019,8.98076,48.212
98305,10487,7870,4285,3621,5769,5154,3934,3466,3850,3716,3509,3233,3449,3382,3345,3093,-29.3859,-19.1138,8.6994,48.1087
98306,3328,3658,4055,4320,3519,3889,5590,6043,3459,4047,6692,7073,3400,3829,4524,4836,3.0965,16.5156,8.69902,48.1747
98307,3182,3414,3641,3492,3435,3867,4388,4165,3766,4881,7658,5722,3739,4698,6964,5578,13.8213,9.23381,8.65543,48.3933
98308,3453,4122,6211,7406,3419,3942,6116,7765,3380,3631,4255,4496,3172,3373,3508,3637,-14.5376,18.2858,8.6912,47.924
98309,4556,4043,3414,3161,7524,4922,3829,3327,8652,5227,3857,3278,5097,4275,3542,3260,1.43627,-27.0734,8.51946,47.976
98310,12400,6404,3869,3329,6234,4679,3829,3353,3870,3814,3532,3209,3426,3404,3308,3166,-28.8539,-26.3831,8.87659,47.884
98311,3481,4085,6176,10520,3338,3850,5167,7452,3262,3596,4012,4137,3060,3259,3481,3512,-20.0273,23.5782,8.58213,48.2587
98312,3798,3668,3389,3109,5289,4099,3675,3405,9598,5280,3770,3346,7603,5001,3831,3310,11.0785,-28.9532,8.55175,48.114
98313,3100,3422,3797,4206,3338,3660,4746,6365,3435,3777,5729,9123,3333,3643,4742,5760,5.87736,23.1675,8.70758,48.1173
98314,12582,6199,3908,3384,6002,4734,3686,3321,3900,3670,3375,3265,3501,3372,3188,3071,-29.3566,-27.1199,8.79076,47.4387
98315,3974,4033,3639,3212,5197,5959,4156,3584,6074,7539,4558,3559,4572,4752,4033,3475,3.77801,-11.4874,8.77126,48.2107
98316,3397,3321,3136,3118,3774,3954,3450,3345,5176,5253,4128,3554,8173,9707,4940,3815,30.1523,-12.8589,8.91198,48.1607
98317,3648,3616,3343,3182,4587,4502,3755,3325,7448,6982,4142,3441,6739,6217,4135,3407,12.805,-16.5964,8.63118,48.3127
98318,3741,4066,4008,3688,4224,6045,5816,4084,4369,6217,6015,4165,3753,4324,4255,3771,0.442292,-0.714043,8.65756,48.3607
98319,6183,9668,5893,4096,4627,5391,4411,3727,3661,3850,3615,3424,3304,3354,3286,3130,-26.8979,-7.12606,8.52917,47.7467
98320,3845,3803,3319,3160,5240,4679,3626,3380,8360,6852,4193,3476,6024,5084,3913,3412,8.43406,-18.3172,8.97523,48.244
98321,4180,3879,3395,3232,6505,4587,3839,3352,9635,5259,3687,3315,5947,4560,3670,3264,5.77644,-28.7566,8.81092,48.204
98322,3379,3849,4981,5465,3480,4087,6855,7967,3325,3902,5126,5617,3179,3549,3877,4022,-6.15341,17.0903,8.94864,48.44
98323,3301,3495,3530,3421,3458,3905,4335,3908,3932,5409,7546,4905,4090,5174,6966,5040,14.28,5.61673,8.97087,48.2767
98324,3899,3680,3480,3142,5484,4383,3652,3230,9412,5772,3884,3427,6669,5084,3757,3260,9.29959,-22.9684,8.8872,48.1433
98325,3356,3950,5947,12396,3399,3735,4766,6154,3288,3433,3808,3987,3165,3240,3406,3451,-33.4895,29.3215,8.52629,47.654
98326,3052,3184,3389,3355,3249,3495,3816,3924,3252,3915,5020,6108,3420,4129,7321,11121,25.3592,20.6623,8.99141,47.8333
98327,5600,4924,3772,3391,8501,6607,4153,3357,5784,4848,3789,3293,4046,3760,3447,3099,-6.60818,-18.6261,8.96491,48.2473
98328,3417,3974,5899,11355,3421,3734,4853,7196,3272,3426,3972,4137,3158,3213,3471,3480,-21.0855,30.2589,8.60611,47.9853
98329,3304,4040,6399,9443,3442,3887,5555,7722,3187,3514,3957,4291,3079,3259,3448,3557,-17.9993,21.5971,8.81355,48.056
98330,3314,3457,3417,3320,3677,3999,3981,3717,4198,5538,6440,4672,4416,6247,7230,4767,17.0455,2.55179,8.74711,48.26
98331,3680,3962,3694,3375,4430,5576,4563,3724,5013,7820,5293,3844,4227,4935,4240,3632,4.98172,-5.82862,8.77121,48.0053
98332,4342,4980,4327,3653,5227,8011,5214,3727,4527,5826,4378,3657,3793,3883,3623,3475,-4.85191,-7.13354,8.90075,48.4287
98333,6618,4709,3812,3391,9862,5229,3801,3343,5724,4314,3663,3339,3928,3722,3351,3120,-8.71462,-32.5499,8.59114,47.9507
98334,12231,6285,3843,3380,6450,4787,3833,3349,3947,3769,3442,3204,3350,3467,3151,3064,-25.999,-26.2748,8.81085,47.7013
98335,5032,8141,6344,4441,4584,6084,5307,3973,3640,3919,3908,3523,3197,3453,3397,3280,-19.4807,-3.64038,8.52189,48.1487
98336,3177,3400,3722,3883,3390,3872,4716,5169,3422,4104,6906,8307,3502,3830,5149,5779,8.61765,17.9419,8.9234,48.2187
98337,6808,5274,3873,3281,8791,6271,4062,3457,5118,4381,3699,3330,3703,3535,3484,3114,-10.6196,-21.1098,8.629,48.1207
98338,3560,3791,3738,3493,3974,5105,4931,3937,4366,7190,6533,4081,4063,4775,4696,3894,6.22203,-0.841332,8.54444,48.0847
98339,3396,3935,6795,12110,3380,3888,4973,5796,3233,3386,3795,3933,3113,3243,3416,3423,-30.2286,23.5926,8.64745,47.8767
98340,12198,6155,3878,3352,6462,4828,3908,3396,3968,3829,3523,3260,3474,3415,3222,3115,-24.8015,-26.3383,8.82171,47.9887
98341,5098,8335,6750,4323,4383,5907,5103,4029,3657,3905,3753,3582,3255,3475,3300,3238,-21.0515,-2.82675,8.79299,48.062
98342,3327,3314,3286,3143,3843,3713,3497,3244,6123,4703,3766,3324,12504,5897,3916,3345,26.4051,-31.4518,8.62017,47.2967
98343,5691,8763,5753,4074,4743,6135,4968,3810,3880,4033,3806,3464,3391,3463,3293,3192,-20.1952,-6.48835,8.63502,48.306
98344,10473,6019,4053,3538,7550,5063,3741,3386,4311,3984,3415,3260,3427,3419,3269,3051,-19.135,-24.1563,8.91195,47.9727
98345,3458,3642,3613,3458,3780,4473,4542,3853,4256,6825,6777,4222,4182,5340,5340,4138,10.1881,-0.164596,8.51755,47.9327
98346,3471,3403,3367,3263,3936,4089,3681,3336,5703,6219,4348,3595,7209,8148,4854,3712,19.4746,-12.5991,8.52867,48.2227
98347,4059,3898,3487,3212,5920,4629,3683,3195,8985,5993,3968,3328,5934,4842,3746,3268,6.94984,-21.8501,8.50385,48.098
98348,3169,3374,3425,3410,3285,3561,3808,3699,3498,4141,5146,5328,3560,4732,9166,8682,30.9084,14.4289,8.67794,47.9893
98349,5818,4721,3692,3372,9184,5820,3847,3358,5998,4707,3638,3312,4104,3798,3366,3155,-6.49876,-22.7445,8.69335,47.9267
98350,3518,3675,3908,3657,3748,4502,5499,4236,4019,5789,7662,4793,3822,4593,4972,4210,5.66316,3.89511,8.98919,48.402
98351,3243,3623,4495,5596,3368,3721,5252,9485,3408,3747,4687,6878,3174,3532,4018,4269,-4.13007,30.4033,8.50117,48.3307
98352,3381,3958,6097,9708,3380,3872,5429,7774,3244,3562,3968,4369,3098,3163,3530,3489,-18.0318,22.6251,8.66481,48.0147
98353,4018,4199,3709,3427,5119,6282,4337,3623,5511,7516,4722,3670,4363,4596,3965,3513,2.66188,-10.0317,8.72012,48.38
98354,6680,4692,3792,3343,9986,5384,3756,3383,5824,4401,3601,3291,3944,3688,3375,3148,-8.34839,-27.6457,8.92699,48.192
98355,9948,5688,3822,3424,8110,5070,3765,3381,4407,3969,3451,3147,3547,3434,3259,3101,-17.3957,-33.2574,8.87351,47.682
98356,3269,3618,4213,4858,3315,3764,5013,8574,3381,3793,4913,7932,3132,3534,4131,4712,-1.17233,31.4103,8.50817,48.1013
98357,12586,6278,3905,3427,6017,4783,3708,3290,3979,3891,3494,3264,3352,3302,3245,3089,-29.3351,-26.8975,8.68316,47.74
98358,3177,3366,3304,3202,3843,4055,3751,3496,5004,6778,4889,3795,5559,8188,5478,4027,17.8933,-7.16024,8.61499,47.9413
98359,12877,5975,3926,3425,6092,4597,3771,3393,3812,3615,3466,3204,3374,3396,3182,3170,-28.4696,-32.5436,8.97306,47.5167
98360,8906,8832,4769,3471,5388,5166,4104,3525,3869,3819,3430,3358,3391,3472,3227,3112,-28.0324,-15.2329,8.81388,47.8927
98361,3114,3224,3318,3258,3423,3624,3687,3690,3654,4234,5317,4836,3894,5597,10064,7047,29.4868,9.69114,8.99817,47.9873
98362,7012,9166,5057,3888,5336,5974,4414,3595,3865,3999,3688,3329,3411,3373,3245,3147,-22.0948,-10.6859,8.8385,48.3327
98363,3531,4376,6385,6072,3576,4562,7257,6598,3410,3831,4465,4358,3106,3446,3565,3522,-12.8015,13.5076,8.61117,48.04
98364,3482,3667,3432,3304,3856,4409,3993,3776,4655,7237,6068,4118,4420,6088,5456,4084,12.4353,-2.94714,8.59718,48.03
98365,3256,3486,3657,3653,3465,3731,4662,4592,3617,4408,7481,7023,3546,4234,5934,5900,11.0133,13.9165,8.64098,48.43
98366,3398,3439,3270,3174,3983,3812,3500,3242,6102,4810,3723,3335,12167,6260,3964,3248,33.8714,-25.0254,8.64005,47.618
98367,3234,3377,3425,3378,3327,3754,4090,4052,3676,4651,6814,5344,3821,5177,8099,6099,17.6316,8.97408,8.61211,48.212
98368,3384,3660,4411,5107,3442,3880,5820,8346,3285,3859,5197,6936,3275,3575,3966,4437,-2.4468,21.0706,8.90426,48.3867
98369,3396,3996,5931,9723,3358,3905,5282,8060,3118,3514,3975,4339,3157,3278,3450,3503,-17.7015,23.4607,8.5682,47.99
98370,3310,3336,3240,3187,3949,3828,3629,3282,4996,5641,4306,3575,7331,9619,5208,3747,25.301,-10.8766,8.75274,48.1227
98371,3519,3595,3423,3190,3981,4159,3726,3504,5315,6928,4755,3775,5985,7809,5023,3905,16.9843,-9.28904,8.54142,48.3947
98372,3310,3809,4919,5960,3400,3974,5869,8933,3311,3612,4621,5920,3219,3374,3689,4009,-7.11623,22.0099,8.77725,47.9527
98373,5035,4141,3623,3309,8628,5290,3798,3424,7440,4950,3775,3274,4586,4062,3570,3236,-1.90288,-25.2072,8.55483,48.094
98374,3062,3304,3460,3526,3342,3405,3941,4608,3370,3810,5064,8383,3470,3956,5352,9588,16.4689,28.9315,8.65591,47.7607
98375,7665,5080,3807,3427,9661,5372,3926,3375,5106,4186,3600,3276,3641,3573,3279,3074,-11.7073,-32.3125,8.96059,48.032
98376,3406,4009,5928,11602,3423,3826,4914,6755,3173,3500,3842,4042,3132,3202,3444,3468,-22.7034,31.2478,8.5437,47.7773
98377,3639,4067,4183,3761,4052,5662,5921,4245,4229,6035,6423,4397,3817,4277,4281,3699,1.42512,1.01761,8.55447,48.4587
98378,5329,5439,4006,3510,6675,7989,4551,3669,4742,5078,3753,3420,3767,3815,3536,3260,-8.39976,-12.8682,8.81607,48.3593
98379,6382,8176,4941,3828,5333,6670,4672,3651,3927,3991,3690,3412,3473,3376,3313,3327,-18.439,-10.2392,8.94227,48.108
98380,3198,3154,3411,3440,3288,3516,3862,3823,3363,3724,4760,6127,3354,3890,5966,12706,32.1869,29.4829,8.58675,47.7213
98381,3157,3308,3498,3632,3164,3553,3972,4488,3404,3929,5271,8285,3327,3874,5823,9444,16.9634,24.5575,8.51617,48.086
98382,3258,3226,3422,3272,3404,3557,3938,3702,3705,4358,5293,4968,3814,5598,9894,6662,30.6044,9.00743,8.64024,48.0473
98383,5241,4330,3654,3316,9009,5322,3805,3406,7273,4824,3653,3308,4298,4013,3431,3057,-2.96768,-25.4119,8.80146,47.96
98384,3202,3265,3366,3404,3340,3405,3768,3970,3406,3770,4782,6139,3313,3927,6042,12392,26.9274,30.8167,8.50502,47.6607
98385,5916,6311,4195,3492,6741,7479,4504,3649,4368,4567,3750,3409,3686,3650,3318,3108,-11.9776,-13.4911,8.59356,48.0953
98386,3303,3349,3256,3120,3943,4057,3478,3251,6951,4945,3778,3305,11854,5955,3927,3366,21.8784,-33.1648,8.96134,47.892
98387,9299,8081,4495,3525,6002,5495,4002,3461,4049,3865,3574,3247,3363,3445,3254,3118,-22.5759,-16.9887,8.99766,48.1833
98388,3325,3486,3554,3565,3424,4030,4542,4042,3677,5195,7738,5418,3820,4800,6456,5057,11.9648,7.33793,8.66914,48.086
98389,7949,5091,3832,3365,9568,5164,3815,3348,4976,4228,3558,3301,3617,3427,3274,3202,-12.804,-32.5841,8.96114,47.81
98390,3263,3522,4133,4230,3419,3794,5425,6727,3316,4008,5991,7831,3283,3699,4475,5108,2.57043,19.458,8.79947,48.1493
98391,6705,5718,4049,3501,7977,6848,4004,3457,4840,4434,3763,3324,3657,3691,3431,3239,-11.4157,-17.8498,8.55589,48.4253
98392,4632,5593,4459,3669,5264,8144,5387,3791,4254,5088,4223,3607,3510,3624,3571,3344,-8.78332,-6.45583,8.57575,48.1067
98393,3097,3225,3382,3425,3296,3609,3887,3794,3507,3937,5300,6000,3516,4530,8102,9705,23.8157,17.4232,8.93208,48.208
98394,3119,3259,3386,3423,3346,3437,3680,4036,3290,3985,4960,5822,3443,4254,7673,10857,29.5726,19.7803,8.76181,47.98
98395,11568,7051,4098,3345,6115,4940,3871,3404,4036,3835,3477,3234,3259,3469,3253,3112,-25.8261,-22.0682,8.62043,48.0447
98396,3936,4301,4183,3807,4344,6522,5945,4028,4182,5801,5514,4000,3665,4206,4004,3594,-1.83205,-1.26051,8.72281,48.0213
98397,3460,3455,3272,3183,4492,4060,3441,3232,8571,5249,3823,3345,9570,5567,3930,3295,16.278,-29.2628,8.557,47.9633
98398,3413,3370,3260,3098,4268,3934,3578,3122,7610,5017,3876,3310,10964,6049,3968,3372,19.9657,-26.2346,8.8923,48.1393
98399,3292,3288,3345,3309,3179,3485,3924,3955,3448,4087,5535,5616,3644,4744,9077,8313,24.0114,13.9494,8.99692,48.1607
98400,4718,7131,6748,4388,4297,5996,5907,4223,3669,4040,3962,3730,3388,3457,3540,3402,-17.5166,-0.785027,8.74612,48.3973
98401,8278,6692,4120,3445,7313,5954,3997,3451,4290,4208,3591,3325,3467,3516,3326,3051,-16.9546,-18.5963,8.66353,48.016
98402,6787,4937,3701,3359,9630,5719,3905,3380,5580,4312,3650,3233,3842,3749,3358,3092,-9.46423,-24.9623,8.75811,48.156
98403,3167,3241,3493,3303,3349,3612,3834,4064,3569,4085,5932,6216,3523,4448,7482,8457,19.7515,16.2987,8.55422,47.85
98404,4825,5486,4352,3716,5410,8484,5163,3701,4429,5006,4153,3496,3675,3747,3501,3298,-8.2492,-7.80773,8.90339,48.2947
98405,3305,3422,3262,3092,3810,3896,3488,3361,4748,5244,4340,3727,6924,10102,5606,3822,28.3089,-9.38712,8.81167,48.0993
98406,3730,3604,3391,3117,5134,4254,3488,3223,9554,5175,3752,3411,7579,5079,3821,3325,11.6912,-30.1097,8.58127,47.758
98407,12571,6145,3919,3375,5924,4718,3868,3377,3879,3709,3438,3308,3335,3374,3262,3068,-31.0265,-31.6987,8.76,47.5133
98408,3243,3354,3769,3572,3393,4000,4939,4320,3734,5028,8251,5585,3748,4432,5903,4988,9.28111,8.49981,8.99379,48.1727
98409,3259,3295,3328,3354,3628,3906,3880,3536,4366,5648,5370,4132,4787,7892,7234,4613,21.1009,-1.42719,8.71226,48.152
98410,3206,3206,3411,3240,3485,3632,3925,3808,3722,4578,5971,4925,3941,5749,9362,6237,22.3663,7.82811,8.94345,48.2653
98411,3213,3518,3914,4072,3411,3797,5120,5559,3518,4013,6813,7852,3366,3789,4806,5279,5.6268,17.1466,8.9353,48.0267
98412,3427,3818,6028,12246,3417,3790,4641,5861,3260,3434,3761,3872,3275,3360,3416,3508,-33.3705,32.4548,8.72559,47.4093
98413,3097,3317,3473,3427,3226,3483,3837,3908,3325,3706,4745,6104,3385,4030,6653,11943,27.5205,23.0953,8.99254,47.7727
98414,3157,3230,3318,3550,3195,3486,3852,4132,3449,3797,5102,7574,3379,3919,5826,10778,19.4926,33.3377,8.66106,47.8293
98415,3526,3588,3419,3191,4219,4404,3813,3463,6097,7589,4599,3641,5900,6559,4558,3666,13.3716,-11.5282,8.81304,48.1547
98416,11330,5922,3777,3394,7410,4819,3905,3382,4125,3876,3509,3213,3428,3482,3249,3159,-20.7279,-28.7921,8.81841,47.9867
98417,10014,5921,4018,3390,7809,5266,3861,3335,4385,4014,3509,3197,3581,3465,3333,3214,-18.4654,-24.3762,8.67991,48.208
98418,3617,3450,3339,3119,4751,4072,3470,3194,9281,5150,3808,3399,8685,5348,3778,3348,14.1503,-29.7475,8.99172,47.8727
98419,3180,3340,3322,3381,3440,3880,4040,3674,4047,5389,6372,4635,4221,6389,7883,5140,18.1225,3.33142,8.86333,48.222
98420,6035,4724,3741,3319,9190,5762,3922,3357,5948,4803,3769,3315,4039,3737,3468,3139,-7.06953,-22.0715,8.9754,48.1787
98421,3216,3351,3508,3616,3455,3811,4406,4304,3741,4729,7311,5739,3764,4705,6850,5722,13.8425,10.1947,8.5979,48.152
98422,3825,3709,3369,3163,5054,4664,3738,3279,7541,7223,4172,3500,6043,5464,4111,3531,9.8581,-16.0519,8.77655,48.2573
98423,6001,4667,3643,3321,9618,5139,3825,3385,6243,4540,3703,3266,4171,3792,3441,3256,-6.16613,-32.6829,8.50271,48.0073
98424,3456,3425,3260,3160,3914,3889,3598,3295,5647,5062,3892,3451,10590,7706,4098,3382,33.9731,-18.9252,8.69527,47.8833
98425,4141,4380,3789,3551,5176,6791,4725,3691,5213,7013,4533,3489,3988,4358,3951,3431,0.234967,-9.26344,8.50995,48.1467
98426,3388,3523,3305,3193,3840,4124,3867,3434,4932,6790,5048,3999,5517,7678,5726,3987,17.0995,-5.93462,8.55777,48.234
98427,5608,4534,3691,3253,9596,5127,3812,3370,6584,4602,3652,3309,4166,3885,3439,3186,-5.10006,-29.6867,8.78061,47.876
98428,7643,9142,4964,3699,5247,5837,4233,3541,3782,3900,3496,3430,3351,3422,3333,3178,-22.952,-11.8936,8.76376,48.132
98429,3339,3326,3272,3127,3909,3898,3632,3276,5318,5584,4109,3524,7846,9197,4986,3773,24.2575,-12.8128,8.89572,48.0773
98430,3314,3413,3228,3164,4242,3861,3566,3173,7170,5155,3886,3302,10594,6746,4030,3396,20.9658,-21.8548,8.87644,48.16
98431,5183,4485,3716,3295,8225,6087,4030,3452,6397,5210,3809,3346,4348,3911,3487,3184,-3.64469,-19.8268,8.70064,48.11
98432,3316,3642,4237,4741,3389,3760,5212,8349,3370,3695,5050,8132,3210,3550,4201,4792,-0.363146,26.1309,8.66338,48.4307
98433,10306,8230,4390,3489,5601,5023,4093,3538,3934,3718,3477,3215,3475,3344,3278,3090,-31.8472,-17.6361,8.83181,48.134
98434,3309,3442,3308,3181,3712,3811,3457,3409,4923,5309,4437,3760,6254,10038,5781,3845,33.3365,-7.85935,8.95858,47.984
98435,3395,3372,3254,3131,3810,3902,3636,3446,5008,5604,4450,3602,6560,9580,5608,3690,24.356,-9.11447,8.67671,48.032
98436,3307,3365,3262,3066,3984,3733,3428,3184,6011,4945,3876,3292,11523,7270,4078,3290,27.784,-21.7747,8.99833,47.7427
98437,3109,3252,3378,3374,3265,3565,3870,3993,3428,3868,4969,5802,3373,4246,7579,10803,33.2121,19.431,8.763,47.916
98438,3389,4068,4980,4972,3634,4480,7788,6579,3472,4082,5488,5021,3236,3533,3841,3979,-5.6387,12.6033,8.74391,48.3613
98439,3528,4471,7980,8699,3489,4072,5651,6067,3191,3538,3909,4037,3157,3277,3464,3415,-21.4742,16.0324,8.68609,47.9633
98440,3319,3368,3194,3300,3672,3733,3589,3380,4774,5232,4336,3772,6403,10015,5860,3957,30.3196,-8.10611,8.89523,47.936
98441,3408,4116,6582,11571,3412,3863,5027,6547,3190,3456,3870,4001,3071,3179,3381,3372,-23.7695,23.0695,8.74896,48.0307
98442,3750,4894,8130,6646,3484,4459,6517,5740,3363,3627,4173,3967,3206,3321,3469,3459,-18.1267,11.5885,8.79254,48.1367
98443,3218,3540,3953,4553,3357,3724,4829,7813,3314,3802,5144,8811,3238,3623,4278,5045,1.44923,28.3771,8.92488,48.1613
98444,3227,3484,3372,3387,3610,3958,4042,3789,4250,5827,6486,4423,4249,6278,7060,4747,16.363,2.19184,8.7103,48.126
98445,3966,5984,9882,6149,3754,4464,5297,4751,3294,3668,3816,3745,3158,3333,3381,3385,-31.5637,7.54413,8.69849,48.018
98446,12518,5906,3877,3336,5878,4675,3759,3409,3937,3653,3522,3294,3392,3420,3194,3206,-32.5689,-33.0753,8.65762,47.3173
98447,3094,3143,3375,3435,3197,3525,3889,4003,3340,3717,4910,7015,3338,3980,5952,11679,22.3901,29.7939,8.68911,47.728
98448,4255,4649,3987,3575,5304,7497,4844,3568,4889,6262,4366,3792,3930,4226,3877,3392,-2.48026,-8.78318,8.70743,48.2753
98449,7760,5009,3907,3210,9536,5530,3842,3475,5010,4155,3551,3260,3737,3702,3383,3150,-12.0564,-25.8967,8.91251,48.1447
98450,3607,4140,4485,4017,3850,4988,7117,4860,3750,4869,6426,4504,3627,3949,4271,3923,-1.0922,6.24644,8.74087,48.2553
98451,3381,3524,3233,3160,3985,3699,3402,3231,5838,4961,3824,3371,11380,7195,4223,3384,31.1288,-21.3438,8.50051,47.8607
98452,3499,4182,6032,7461,3297,4110,6302,8003,3371,3564,4250,4649,3153,3276,3582,3593,-14.043,18.6893,8.82504,48.216
98453,3320,3367,3333,3035,3984,3833,3498,3183,6021,5146,3826,3339,10992,7466,4142,3374,25.8362,-20.3749,8.7626,47.906
98454,3155,3393,3563,3675,3240,3657,4335,4807,3406,4012,5946,8503,3407,3944,5471,7483,13.0527,21.2797,8.56057,47.998
98455,8657,8936,4765,3568,5523,5393,3937,3473,3929,3831,3587,3300,3407,3382,3142,3136,-25.1466,-14.5642,8.92857,47.9773
98456,3457,3840,4482,4133,3848,4776,7204,5080,3860,4700,6584,4932,3419,3879,4214,4004,-0.855258,7.99546,8.71755,48.2747
98457,3648,3674,3453,3250,4203,4786,3914,3558,5398,8047,5132,3847,4818,6081,4567,3769,10.4189,-7.65876,8.66312,48.0967
98458,3625,3520,3311,3109,4733,4090,3557,3224,8909,5121,3907,3382,9134,5641,3925,3319,15.1983,-26.7179,8.956,48.338
98459,7303,4877,3836,3295,10035,5288,3837,3427,5377,4313,3551,3354,3841,3597,3307,3021,-10.4999,-29.8162,8.76235,48.1727
98460,3258,3345,3336,3215,3658,3812,3532,3363,4545,5287,4628,3943,5791,9782,6601,4190,28.3017,-5.80537,8.66463,48.1907
98461,4053,4431,4045,3580,4597,7066,5254,3912,4662,6368,5068,3781,3856,4172,4072,3641,-1.17025,-4.78472,8.94027,48.372
98462,3469,4380,7513,11074,3436,4036,5132,5705,3170,3502,3747,3856,3032,3290,3513,3392,-30.4365,19.671,8.75251,48.1647
98463,3107,3203,3322,3406,3268,3520,3772,3982,3464,3941,5218,6258,3396,4419,7451,10298,23.9558,19.1959,8.82006,48.0167
98464,3114,3209,3283,3373,3413,3553,3899,3851,3508,4284,5546,5219,3664,4937,9261,7756,24.6196,12.4981,8.91764,47.9133
98465,5490,8782,6109,4204,4746,5905,4832,3911,3792,3927,3755,3406,3294,3379,3337,3174,-21.3364,-5.7333,8.51463,48.0287
98466,3333,3386,3370,3145,3833,3775,3604,3310,4881,5197,4348,3690,6647,9664,5704,3850,30.7218,-8.58075,8.51412,47.8247
98467,4144,4965,4357,3631,4880,7606,5717,4079,4166,5550,4670,3783,3672,3961,3807,3504,-5.57741,-4.38638,8.51741,48.328
98468,3353,3820,5267,8589,3385,3878,5213,8993,3228,3623,4083,4833,3196,3168,3562,3724,-14.1705,28.321,8.51379,47.9433
98469,3512,3470,3177,3150,4083,3871,3488,3280,6655,5253,3947,3462,10068,7214,4240,3464,21.6664,-20.0735,8.64849,48.2227
98470,3288,3966,5839,9838,3383,3745,5228,8028,3308,3605,4024,4315,3161,3270,3569,3610,-17.6579,25.3645,8.66572,48.118
98471,3422,3357,3208,3210,3783,3815,3541,3275,5261,5258,4180,3535,7673,9773,5136,3588,27.9787,-11.8639,8.93567,48.01
98472,4642,4375,3680,3371,7321,6056,3909,3430,7038,5682,3913,3414,4502,4252,3596,3236,-0.90405,-18.4273,8.52784,48.278
98473,2959,3171,3423,3378,3119,3353,3852,3878,3299,3842,4877,6085,3327,3863,5984,12859,32.4894,27.629,8.86148,47.5127
98474,3429,3449,3346,3078,4146,4076,3526,3309,6702,6047,4129,3551,8350,7372,4348,3496,18.9397,-17.0386,8.58484,48.236
98475,3165,3532,4084,4649,3366,3747,5233,7644,3316,3849,5462,8349,3270,3504,4263,4814,1.02007,23.1533,8.85846,48.1647
98476,4763,6953,6143,4252,4525,6581,5963,4183,3737,4081,4107,3706,3366,3444,3353,3280,-16.168,-1.829,8.66195,48.2913
98477,3245,3380,3359,3198,3574,3748,3817,3558,4153,5018,4906,4190,5005,8656,7784,4565,31.7708,-0.925508,8.70561,48.104
98478,4083,5191,6631,4901,3922,5247,7653,4998,3493,4106,4472,3863,3275,3355,3528,3467,-13.1069,5.58935,8.72989,48.1233
98479,3201,3085,3381,3348,3163,3351,3822,3988,3348,3790,4901,6067,3248,3919,6546,12451,28.8837,25.2336,8.58263,47.7393
98480,10392,7773,4288,3589,5909,5185,3875,3482,4051,3822,3457,3178,3349,3350,3210,3149,-25.7142,-18.9945,8.84171,48.0393
98481,3074,3323,3322,3343,3376,3601,3780,3740,3658,4410,5181,4851,3877,5638,10008,6632,29.595,8.68444,8.96228,47.876
98482,8173,5818,4066,3390,8539,5757,3840,3401,4620,4182,3541,3289,3621,3527,3359,3259,-14.5621,-21.5238,8.77724,48.2547
98483,3217,3499,4040,4506,3396,3660,4764,7600,3325,3844,4999,8966,3333,3424,4238,5151,2.3496,28.7577,8.7295,47.9747
98484,3346,3267,3270,3118,3697,3845,3692,3509,4578,5609,4675,3848,5824,9368,6465,4095,24.6928,-5.69896,8.70474,48.1373
98485,8274,9401,4925,3647,5417,5339,4108,3541,3788,3856,3563,3232,3286,3234,3294,3221,-32.4466,-13.1464,8.90489,48.084
98486,5379,4929,3833,3331,8240,6671,4019,3477,5751,5125,3731,3270,4003,3893,3437,3306,-5.70125,-18.5644,8.76141,48.2633
98487,3870,4706,4987,4022,4246,6633,7047,4335,3965,4882,4998,4008,3474,3827,3832,3575,-6.134,0.817567,8.66851,48.2713
98488,5942,5877,4199,3476,6906,7524,4417,3510,4651,4770,3785,3346,3652,3626,3426,3184,-10.8342,-14.2668,8.83046,48.194
98489,3471,3458,3289,3101,4544,4122,3476,3212,8431,5169,3864,3398,9726,5635,3888,3388,16.8906,-26.4197,8.80286,48.1147
98490,3278,3285,3481,3432,3457,3738,4058,3811,3885,5170,6577,4705,4222,5939,8047,5252,18.274,5.19077,8.84458,48.2247
98491,3126,3321,3480,3604,3347,3584,4417,4527,3479,4393,6880,6930,3587,4218,6487,6919,14.0484,14.9954,8.69596,48.1993
98492,3436,3865,5281,5323,3446,4256,7543,7133,3394,3744,5058,4956,3283,3437,3805,3933,-7.40205,14.6234,8.93621,47.9287
98493,3279,3707,4626,6001,3356,3838,5295,10030,3304,3533,4487,6375,3175,3346,3818,4009,-6.18277,28.0426,8.93347,48.1193
98494,3663,3723,3452,3240,4308,4790,3916,3630,6006,8032,4801,3715,5199,5901,4356,3641,9.71496,-10.2957,8.50777,48.2487
98495,3313,3800,5150,8083,3360,3792,5235,9700,3271,3559,4137,4987,3129,3349,3479,3617,-12.6483,29.8545,8.81855,47.974
98496,12374,6126,3973,3435,6275,4710,3869,3392,3890,3838,3362,3214,3313,3335,3329,3140,-27.1605,-29.4953,8.52752,47.7167
98497,3204,3264,3485,3478,3300,3336,3767,3856,3404,3905,4683,5830,3391,3825,5868,12425,32.3967,32.3881,8.77504,47.3473
98498,3291,3740,5766,12599,3348,3676,4665,6047,3333,3468,3818,3948,3207,3246,3350,3441,-33.5618,30.7513,8.74914,47.2953
98499,12616,5965,3877,3296,6048,4847,3722,3474,3841,3757,3374,3109,3450,3367,3314,3142,-30.8568,-30.6723,8.53434,47.466
98500,3680,3475,3328,3056,4779,4260,3571,3277,8626,5666,3861,3318,8289,5506,3889,3400,14.0197,-22.8107,8.76486,47.9873
98501,3567,4064,5744,5639,3555,4427,7600,7048,3386,3915,4805,4750,3175,3453,3799,3715,-9.78183,14.2911,8.99119,48.428
98502,4096,3921,3526,3355,5312,5477,4159,3365,6653,7506,4396,3557,4875,4959,3901,3493,5.01231,-13.4873,8.68104,48.3673
98503,5003,8769,7812,4523,4274,4973,4801,4037,3542,3735,3645,3581,3240,3361,3287,3219,-31.2637,-1.84344,8.82809,47.868
98504,3334,3515,3590,3251,3679,4225,4265,3599,4425,6566,6522,4307,4432,6266,6103,4263,14.0951,-0.471845,8.91215,48.228
98505,3420,3405,3349,3207,3811,3816,3749,3392,4813,5155,4321,3715,6799,9838,5647,3787,30.3456,-8.82036,8.50292,48.1493
98506,3337,3998,6138,9063,3496,3938,5654,7823,3347,3642,3985,4393,3058,3215,3418,3709,-16.9127,21.3147,8.60481,48.1427
98507,10805,7964,4359,3417,5645,4980,4006,3483,3828,3685,3537,3168,3328,3382,3243,3132,-27.7059,-18.7554,8.98545,47.9747
98508,3275,3335,3389,3212,3606,3645,3763,3555,4119,4794,5060,4281,4684,7779,8802,4982,27.2792,1.53804,8.87225,48.1873
98509,4326,6082,7172,4826,4052,5790,6585,4592,3628,4015,4135,3778,3292,3483,3466,3382,-16.4865,2.52793,8.73277,48.4027
98510,3073,3321,3427,3390,3421,3819,3829,3740,3916,4791,5993,4721,4141,5997,8995,5900,21.1921,6.78903,8.88993,48.316
98511,3468,3943,5193,5869,3441,4167,6889,7989,3337,3769,4731,5094,3143,3419,3701,3865,-8.93269,17.3773,8.72422,48.012
98512,3139,3372,3655,3708,3275,3545,4404,4747,3497,4168,6633,8075,3413,3980,5802,6978,12.1719,18.1348,8.96936,48.2607
98513,3944,5514,8012,5577,3793,4973,6840,5005,3488,3765,4041,3866,3221,3370,3370,3420,-17.5593,7.16122,8.76415,48.1327
98514,3382,3380,3368,3067,3688,3811,3607,3453,4705,5720,4549,3798,5919,9467,6168,4125,24.1707,-6.36227,8.566,48.138
98515,3633,4558,8715,8560,3676,4040,5497,5470,3259,3473,3860,3877,3129,3300,3345,3317,-25.6741,14.6543,8.54084,47.806
98516,3899,3721,3366,3267,5726,4348,3626,3211,10077,5223,3843,3354,6596,4873,3666,3315,8.39404,-29.4338,8.95122,48.074
98517,3303,3792,4817,5092,3644,4203,6907,7756,3361,3830,5414,5635,3223,3526,3963,4096,-4.80844,16.7835,8.77154,48.3747
98518,3150,3185,3272,3461,3169,3519,3832,3949,3393,3860,4999,6576,3438,4136,6893,11299,23.5741,22.5895,8.87318,48.0873
98519,5621,4557,3716,3315,9209,5540,3826,3248,6612,4801,3685,3326,4303,3969,3522,3177,-4.47406,-23.8206,8.75429,48.2847
98520,4465,4134,3571,3256,7458,4836,3580,3265,9056,5143,3678,3380,5312,4171,3604,3371,2.37866,-28.4807,8.78027,48.1867
98521,6895,4796,3673,3288,10061,5306,3726,3371,5699,4179,3592,3285,3902,3757,3333,3096,-9.10046,-27.1395,8.94358,47.9727
98522,3248,3338,3374,3355,3418,3631,3806,3645,3791,4667,5051,4529,3986,6394,9821,5801,32.7768,5.34552,8.89961,47.9033
98523,3491,3396,3224,3105,4134,3900,3547,3284,6556,5372,3933,3394,9777,7202,4248,3453,21.2564,-19.3062,8.83584,48.0107
98524,11591,7055,3963,3362,5875,4991,3880,3309,3972,3786,3448,3183,3520,3397,3116,3167,-32.5033,-21.5738,8.65509,47.7433
98525,4530,5952,5266,4016,4750,7592,5919,4024,3887,4604,4242,3650,3528,3576,3621,3446,-11.3754,-3.4374,8.77794,48.402
98526,5293,7445,5244,3936,5082,7042,5154,3879,3926,4366,3846,3561,3495,3475,3417,3290,-15.5505,-7.04196,8.55396,48.3007
98527,3608,3643,3322,3133,4355,4297,3667,3411,6699,7082,4202,3614,6681,6643,4259,3524,14.4959,-14.3987,8.9254,48.0933
98528,3264,3374,3615,3772,3259,3724,4252,5136,3448,3813,5371,9699,3394,3745,4938,7308,10.8672,33.7799,8.90349,48.0747
98529,4563,5859,4740,3761,5029,7957,5529,3932,3973,4720,4101,3640,3573,3620,3513,3359,-10.4097,-5.38453,8.95893,47.9127
98530,3157,3339,3513,3555,3307,3684,4049,4119,3470,4143,5957,6159,3557,4462,7818,7995,19.6379,15.6275,8.6805,48.1893
98531,8382,9223,4582,3549,5375,5224,4134,3594,3981,3862,3535,3284,3370,3449,3227,3118,-33.547,-13.925,8.55542,47.926
98532,3270,3376,3585,3719,3303,3576,4252,4684,3485,4064,5945,8180,3527,3949,5915,7647,14.0832,20.0316,8.5668,48.318
98533,3776,5243,9315,7282,3697,4446,5493,5160,3326,3540,3936,3789,3156,3347,3383,3297,-25.6105,11.1887,8.54766,48.124
98534,3155,3275,3412,3436,3241,3423,3815,4019,3369,3946,4942,6946,3321,3895,6152,11795,23.1309,26.137,8.80907,48.0947
98535,5823,9905,6409,3948,4712,5234,4611,3850,3838,3842,3584,3403,3202,3404,3356,3157,-31.2348,-6.20359,8.62797,48.1853
98536,3351,4051,6724,9197,3417,3930,5732,7199,3200,3598,3945,4218,3070,3325,3540,3426,-18.0422,19.5979,8.66994,47.9487
98537,3153,3382,3732,3738,3249,3657,4252,5285,3431,3870,5744,9451,3329,3873,5131,7181,10.7975,23.7561,8.80204,48.3053
98538,9954,6123,4093,3442,7784,5387,3978,3481,4207,4019,3547,3182,3535,3549,3232,3156,-18.6856,-22.9979,8.53646,48.446
98539,12665,6025,3913,3367,6293,4848,3765,3384,3833,3814,3556,3220,3291,3378,3223,3290,-26.7859,-30.545,8.61789,47.91
98540,3352,3346,3155,3097,3924,3737,3430,3188,6329,4850,3778,3386,12605,6337,3858,3494,25.6294,-26.85,8.91829,47.9107
98541,3484,3458,3226,3092,4239,3856,3528,3170,7463,5126,3782,3331,10574,6177,4036,3438,20.0763,-24.1493,8.8536,47.9867
98542,6127,9960,6137,3983,4731,5484,4465,3744,3783,3827,3606,3418,3241,3259,3167,3216,-26.622,-6.86917,8.98678,48.0987
98543,5251,8797,7295,4445,4408,5425,4901,4141,3520,3730,3754,3449,3241,3384,3252,3092,-24.3143,-2.43579,8.6038,48.0567
98544,3066,3354,3542,3733,3321,3681,4319,4824,3463,3915,6243,8590,3385,3855,5472,7064,11.6093,19.9006,8.94605,47.8847
98545,4186,6334,8595,5365,3956,4951,5893,4502,3527,3849,3887,3786,3223,3327,3396,3316,-21.3807,4.53199,8.55818,48.062
98546,10014,8117,4572,3574,5485,5265,3941,3463,3811,3852,3507,3329,3367,3324,3299,2991,-28.0544,-17.2512,8.889,47.9407
98547,3145,3258,3464,3410,3161,3365,3776,3870,3408,3637,4691,6056,3384,3935,5894,12727,31.2901,30.4295,8.78699,47.454
98548,3072,3341,3450,3397,3422,3595,3924,3844,3609,4334,6270,5676,3731,5000,8540,6988,20.0064,11.6517,8.6317,48.1287
98549,3446,4000,5944,12586,3432,3715,4807,6061,3237,3536,3773,3882,3220,3223,3285,3264,-28.9925,33.3109,8.56211,47.6073
98550,3388,3831,5064,7487,3425,3880,5238,9751,3350,3563,4217,5205,3183,3252,3557,3669,-11.0571,28.6327,8.76328,48.04
98551,3293,3315,3292,3076,3923,3691,3437,3301,5852,4705,3847,3416,12609,5984,3924,3417,28.0562,-33.3609,8.84076,47.388
98552,3310,3610,4523,5234,3421,3749,5278,9272,3329,3843,4803,7168,3123,3422,3970,4517,-3.35406,25.2285,8.89539,48.3813
98553,3501,3855,4271,3808,3750,4962,6256,4521,3800,5274,7242,4830,3642,4002,4471,4010,1.77829,5.34386,8.9737,48.13
98554,3565,3709,3712,3579,3961,4881,4607,3777,4550,7446,6372,4190,4130,5172,4694,3975,7.72962,-1.98414,8.80839,48.2133
98555,4476,4798,4017,3507,5553,7888,4790,3718,4825,5938,4361,3507,3961,4039,3588,3343,-3.9753,-9.10137,8.58385,48.206
98556,4276,4252,3686,3365,5640,6473,4270,3560,5896,6681,4392,3532,4369,4413,3904,3376,0.333321,-12.4125,8.51364,48.0567
98557,3448,3699,3594,3540,3782,4652,4715,3971,4330,6633,7095,4403,3953,5137,5346,4204,9.40123,0.794205,8.71285,48.3347
98558,3331,3708,4864,7215,3353,3900,5296,10062,3255,3628,4242,5731,3096,3441,3694,3766,-10.0408,27.2733,8.95507,48.388
98559,3191,3271,3390,3257,3471,3643,3813,3676,3792,4569,5194,4571,4216,6387,9893,5912,31.6552,6.00719,8.63497,48.164
98560,8000,9601,4892,3685,5249,5255,4132,3504,3744,3796,3633,3348,3416,3354,3343,3176,-33.7948,-12.879,8.98662,48.0853
98561,4344,6705,8512,4977,4129,5185,5800,4555,3448,3710,3938,3740,3210,3298,3385,3189,-20.6126,3.11229,8.96382,48.0833
98562,4054,3922,3459,3251,6110,4778,3789,3397,8873,6026,3931,3369,5795,4756,3684,3330,5.62951,-21.1348,8.80163,48.3493
98563,4442,5266,4546,3744,5102,7877,5659,4048,4104,5067,4387,3597,3609,3907,3539,3243,-7.65863,-5.41561,8.75605,48.0913
98564,3382,3406,3166,3213,3896,3753,3469,3406,5478,5236,4054,3586,8438,9188,4734,3748,27.1128,-13.9282,8.90469,48.102
98565,3343,3656,4118,4543,3244,3716,4845,8063,3356,3778,4929,8655,3289,3578,4044,4929,0.800543,32.4812,8.88706,48.0573
98566,3566,4605,8732,8803,3388,4102,5142,5528,3211,3556,3862,3802,3155,3269,3426,3344,-32.3037,14.9483,8.58688,47.6607
98567,3432,3463,3383,3229,4018,4130,3717,3487,5407,7241,4780,3698,5977,7868,4834,3643,16.6921,-9.5589,8.95013,48.2047
98568,3073,3315,3605,3607,3252,3553,4177,4833,3413,3932,6106,8661,3452,3875,5732,7578,13.1855,20.8686,8.9678,48.1093
98569,4641,4597,3883,3342,6363,7088,4386,3562,5641,6040,4225,3558,4214,4109,3689,3314,-2.60963,-13.4442,8.57959,48.4347
98570,3365,3482,3222,3120,4326,3963,3568,3156,7161,5354,4057,3484,10058,6508,3946,3459,20.0173,-21.6946,8.74102,48.1527
98571,3413,3413,3471,3270,3941,4282,3898,3559,4920,7333,5511,3988,4997,6939,5322,4004,14.3157,-5.07442,8.99434,48.174
98572,3774,4027,3902,3574,4224,5921,5311,3993,4367,6764,5970,4222,3906,4384,4213,3730,2.19813,-1.83718,8.99718,48.188
98573,3411,4028,6032,12690,3490,3832,4893,5978,3206,3410,3768,3838,3160,3219,3294,3276,-28.1009,33.7472,8.82451,47.6833
98574,3245,3490,3307,3192,3717,3741,3753,3570,4313,4964,4659,4022,5377,9211,7265,4508,30.7572,-2.87722,8.70352,48.2227
98575,3603,3517,3199,3126,4680,4064,3517,3217,9123,5186,3756,3419,8811,5299,3903,3326,14.291,-29.3432,8.78755,47.8307
98576,3720,4435,5636,4807,3735,5156,8046,5448,3536,4191,4961,4429,3340,3552,3731,3682,-8.86401,8.20497,8.65586,48.27
98577,3049,3317,3487,3342,3363,3572,3795,3820,3627,4252,5519,5262,3698,5077,9280,7690,24.3351,11.9269,8.73832,48.1
98578,3316,3327,3312,3246,3604,3741,3686,3573,4412,5154,4732,3948,5175,9131,7324,4533,27.4203,-2.76827,8.75943,48.1427
98579,4126,4020,3376,3264,6412,4598,3812,3353,9885,5210,3740,3389,5583,4548,3654,3276,5.11149,-33.7479,8.98292,48.164
98580,3473,3301,3205,3070,4194,3902,3542,3268,6856,5483,3980,3303,10176,6794,4104,3467,20.2126,-20.9492,8.98521,48.0787
98581,3941,3734,3444,3111,5241,4588,3720,3424,8625,6366,4011,3414,6420,5160,3866,3343,9.35834,-19.6683,8.51925,48.272
98582,3462,3572,3650,3379,3872,4372,4458,3805,4318,6681,7001,4386,4302,5383,5421,4035,10.4563,0.213188,8.53229,48.0647
98583,4690,4211,3670,3258,7801,5830,3846,3427,7400,5405,3900,3416,4616,4103,3561,3265,-0.730184,-20.5503,8.80216,48.266
98584,3981,5176,6650,4973,3950,5568,7531,4931,3559,4004,4431,4092,3288,3389,3594,3482,-13.1889,5.32815,8.67193,48.3993
98585,3417,3814,4184,4159,3662,4239,6528,5549,3531,4315,6834,5968,3451,3766,4492,4533,1.06589,12.4585,8.56182,48.2947
98586,9771,5687,3956,3455,8136,5137,3843,3366,4482,3863,3464,3218,3668,3573,3290,3098,-17.5605,-27.1147,8.56791,48.0047
98587,4482,4566,3759,3566,5755,7262,4567,3683,5195,6267,4286,3512,4124,4221,3670,3370,-2.21421,-10.9983,8.76281,48.19
98588,5306,6856,4794,3940,5310,7606,5134,3863,3994,4279,3912,3546,3496,3536,3292,3228,-13.6326,-7.32691,8.63087,48.0613
98589,3428,3502,3467,3373,3625,4043,4138,3762,4136,6033,6570,4428,4414,6138,6532,4711,15.2833,1.32427,8.72437,48.2
98590,3223,3321,3457,3441,3207,3417,3833,4297,3369,3842,4977,7660,3368,3912,5989,10690,19.2993,25.7244,8.99875,48.002
98591,6145,7414,4799,3678,5963,7278,4642,3627,4078,4234,3776,3439,3495,3533,3320,3210,-15.6401,-11.0907,8.92699,48.4207
98592,8355,7654,4547,3573,6180,5901,4122,3512,4072,3947,3631,3203,3397,3492,3433,3086,-19.9416,-16.0128,8.56069,48.07
98593,3790,4266,4413,3961,3974,5777,6983,4508,3983,5224,5975,4348,3533,3985,4039,3845,-2.14517,3.02526,8.83218,48.4027
98594,3493,4008,6074,12661,3374,3821,4833,6032,3266,3427,3675,3811,3207,3130,3242,3305,-28.2283,33.2756,8.92936,47.5727
98595,3513,3554,3273,3150,4658,4068,3459,3286,9278,5150,3891,3407,8720,5430,3843,3376,14.0306,-32.8164,8.89465,48.0373
98596,3748,5423,9901,7021,3601,4359,5221,4846,3382,3575,3762,3770,3181,3278,3323,3354,-29.5918,10.1126,8.951,47.83
98597,3206,3597,4561,6171,3374,3856,5498,9728,3346,3675,4536,6200,3193,3414,3728,4027,-6.8401,25.5814,8.90328,48.0733
98598,3112,3235,3373,3362,3123,3547,3852,3908,3470,3945,5223,5688,3605,4550,8562,9460,27.1458,16.1656,8.76962,48.01
98599,3402,3969,5643,6850,3299,4200,6476,8211,3282,3773,4560,4702,3156,3382,3657,3789,-11.9142,18.583,8.60229,48.234
98600,3356,3440,3150,3154,4206,3876,3455,3184,6898,4890,3763,3432,12065,5831,3816,3344,22.8024,-29.7256,8.75138,47.9067
98601,9434,6397,4096,3450,7335,5572,3997,3432,4456,3986,3502,3212,3364,3497,3193,3096,-18.4519,-21.1019,8.79241,48.0127
98602,7073,5590,3946,3433,7992,6402,4126,3554,4790,4404,3553,3368,3718,3604,3245,3084,-11.9817,-18.7856,8.80162,47.9213
98603,3237,3423,3241,3112,3864,3752,3279,3257,6302,4744,3809,3387,12603,6168,3987,3447,27.258,-27.6737,8.75069,47.7413
98604,5298,6219,4549,3649,5697,7871,4975,3734,4304,4650,3900,3383,3646,3690,3490,3329,-11.348,-9.65154,8.51483,48.256
98605,3263,3470,3804,3907,3318,3822,4860,5040,3518,4321,7172,7517,3313,4058,5295,5665,8.32677,16.0968,8.66186,48.2287
98606,3179,3642,4325,4812,3478,3896,5781,7757,3471,3901,5358,7130,3097,3547,4239,4565,-1.08946,20.0718,8.67203,48.1187
98607,7614,4979,3625,3379,9877,5142,3794,3333,5106,4177,3675,3337,3564,3512,3395,3214,-11.8127,-30.7627,8.73896,47.8153
98608,4002,5957,9457,6190,3799,4684,5551,4830,3352,3712,3924,3737,3175,3324,3415,3308,-24.6147,7.3025,8.56283,48.278
98609,3725,5282,9649,7374,3683,4230,5419,5050,3287,3582,3978,3862,3220,3296,3355,3402,-26.0364,11.0555,8.87294,48.2627
98610,6907,9770,5424,3816,4865,5228,4343,3613,3798,3863,3591,3449,3280,3418,3292,3229,-31.7347,-9.33486,8.66183,47.924
98611,3190,3311,3437,3324,3340,3699,3957,3808,3604,4300,5606,5034,3811,5292,9793,7144,25.0114,10.0064,8.92918,48.4333
98612,3508,3993,5310,5296,3588,4491,7892,6630,3459,3879,5093,4833,3187,3477,3724,3786,-7.98033,13.0167,8.56748,48.0973
98613,3391,3732,4468,4968,3390,3921,6027,7681,3440,3867,5415,6480,3245,3657,4073,4423,-2.10443,19.0378,8.80939,48.1187
98614,3180,3377,3447,3375,3484,3806,3973,3589,3925,4748,5765,4782,4122,6458,8956,5512,21.909,5.48013,8.50589,48.3327
98615,3274,3464,3390,3358,3495,3873,4126,3767,3901,5309,6885,4871,4060,5620,7619,5164,17.0313,5.05408,8.98009,48.1173
98616,3530,3839,5606,9703,3351,3805,5138,8519,3377,3555,3895,4382,3110,3353,3616,3547,-16.7475,31.9201,8.5377,48.2173
98617,3087,3243,3449,3521,3207,3529,3945,4378,3315,3901,5051,8005,3344,3886,5667,10277,18.4263,27.7193,8.76426,47.87
98618,3266,3528,3532,3471,3582,3988,4550,3990,3899,5552,7807,4978,3922,5079,6426,4771,12.5683,5.39814,8.80871,48.2273
98619,8371,9328,4628,3602,5385,5318,4192,3493,3850,3805,3511,3175,3419,3453,3292,3145,-33.9307,-13.6317,8.98966,47.978
98620,3274,3641,4478,5615,3301,3897,5546,9103,3255,3705,4811,6675,3196,3634,4047,4263,-4.48715,23.2936,8.91412,48.294
98621,3509,3452,3128,3069,4399,3962,3484,3159,7682,4935,3863,3455,10773,5861,3886,3303,19.2641,-27.3045,8.77675,47.9467
98622,5213,4685,3822,3400,8138,6317,4032,3392,6128,5091,3872,3356,4180,3984,3563,3183,-4.32152,-18.9148,8.72993,48.2373
98623,3429,3988,5717,6557,3419,4151,6771,8013,3336,3676,4455,4779,3151,3253,3618,3688,-11.2003,17.7382,8.74641,48.0007
98624,3088,3401,3594,3701,3171,3554,4193,5190,3433,3842,5384,9661,3361,3777,5114,7549,11.7729,26.7878,8.81227,48.0087
98625,3834,3957,3608,3374,4951,5293,4078,3536,6291,7735,4607,3544,4880,5186,4080,3453,6.3203,-11.8356,8.5365,48.2713
98626,12428,6015,3784,3436,6109,4861,3629,3346,3912,3730,3473,3198,3422,3295,3216,3214,-32.3297,-27.1608,8.65756,47.3787
98627,4619,6088,4873,3985,4935,7918,5653,3954,3955,4642,4094,3604,3465,3632,3594,3333,-10.8179,-4.85683,8.91884,48.2293
98628,10378,5726,3990,3418,7869,5055,3827,3319,4446,3958,3464,3267,3487,3447,3180,3162,-18.7028,-26.0241,8.67703,47.9953
98629,3462,3349,3207,3109,3887,3939,3539,3334,5428,5877,4255,3656,7455,9014,4978,3570,21.6779,-12.4098,8.77023,48.0393
98630,3545,3551,3384,3400,3938,4510,4044,3447,4954,7732,5474,4033,4896,6588,5044,3908,12.5978,-5.56807,8.75133,48.2987
98631,3363,3368,3197,3079,3846,3691,3492,3136,5873,5169,4020,3506,10488,7892,4259,3442,24.9117,-18.7641,8.80536,47.8807
98632,3977,6223,10091,6197,3775,4425,5126,4568,3547,3607,3912,3621,3224,3275,3366,3335,-30.785,6.76822,8.98426,48.1793
98633,3504,3432,3279,3176,4421,4073,3507,3408,8360,5191,3834,3380,9671,5543,3825,3343,16.8645,-33.7931,8.98178,47.9647
98634,3254,3580,4011,4287,3318,3702,4732,7058,3398,3848,5119,9348,3380,3581,4308,5342,3.891,30.6504,8.64916,48.1773
98635,4363,3982,3530,3257,6929,4848,3686,3245,8946,5440,3815,3435,5237,4325,3693,3361,3.4254,-24.4478,8.60757,48.0613
98636,3402,3792,5059,7877,3422,3802,5430,9625,3252,3586,4261,4979,3223,3295,3570,3616,-12.1422,27.2085,8.91746,48.1273
98637,3618,4817,7639,5957,3728,4556,7291,5659,3511,3757,4278,4063,3037,3460,3487,3316,-15.8626,9.95098,8.85356,48.116
98638,4066,5110,4731,3920,4522,7453,6447,4126,3971,5188,4666,3974,3558,3745,3722,3555,-6.73555,-1.93722,8.81309,48.5027
98639,3193,3420,3696,3813,3239,3775,4801,5216,3494,4149,7031,7652,3469,3915,5306,5807,8.32968,16.2807,8.78875,47.984
98640,3391,3368,3397,3213,3895,3544,3350,3231,5880,4696,3791,3393,12545,6001,3845,3341,32.4547,-33.3321,8.80865,47.254
98641,3320,3802,4990,7112,3467,3863,5397,9803,3260,3606,4261,5251,3182,3345,3577,3658,-10.5813,33.8553,8.82756,47.9293
98642,3187,3439,3378,3346,3615,3730,3707,3510,4161,4872,5041,4229,4647,8211,8221,4776,32.747,0.31846,8.66004,48.0467
98643,3176,3186,3497,3400,3283,3338,3673,3881,3423,3772,4749,6042,3480,3864,6085,12736,29.3223,31.3305,8.80138,47.7233
98644,3172,3210,3378,3353,3225,3560,3814,3843,3457,4116,5174,5247,3694,4920,9237,8255,31.0798,13.3685,8.5735,47.77
98645,4629,5254,4097,3526,5740,8012,4777,3752,4679,5623,4077,3595,3841,3828,3670,3260,-6.06516,-9.89524,8.52696,48.24
98646,3091,3394,3639,3919,3298,3861,4523,5297,3448,3884,6232,8832,3313,3860,5146,6602,9.66488,20.5084,8.65308,48.226
98647,3332,3408,3202,3050,3899,3724,3457,3290,5761,5007,3942,3505,11363,7415,4142,3481,31.3298,-20.9275,8.6797,47.9853
98648,3558,4212,6285,6435,3685,4161,7136,7066,3420,3649,4483,4507,3337,3232,3730,3658,-12.8357,14.8819,8.85854,48.3693
98649,3276,3317,3317,3206,3663,3799,3726,3511,4513,5341,4600,3880,5660,9564,6494,4053,33.7937,-5.49315,8.6352,47.9467
98650,5085,7171,5651,4017,4770,6998,5468,3938,3930,4191,4039,3567,3296,3479,3389,3221,-15.1078,-4.52735,8.69624,48.14
98651,3210,3251,3644,3658,3174,3497,4185,4676,3415,3815,5100,8938,3402,3876,5302,8786,14.3294,31.7862,8.62908,47.9527
98652,3586,4374,7765,9019,3474,4127,5615,6327,3296,3552,3810,4033,3030,3305,3385,3381,-21.3563,16.8677,8.51223,48.0527
98653,4218,6303,9179,5928,3913,4541,5837,4741,3278,3643,3926,3717,3191,3271,3341,3428,-23.6412,5.90802,8.61116,48.3033
98654,5828,9390,5982,4131,4695,5623,4730,3817,3787,3746,3577,3416,3350,3470,3306,3134,-23.1525,-6.49549,8.96605,47.988
98655,3642,4411,7049,6609,3452,4309,6936,6466,3399,3688,4284,4275,3171,3334,3561,3614,-15.4083,13.9676,8.83021,48.1333
98656,12160,6746,3925,3359,6060,4891,3843,3370,3947,3797,3382,3158,3425,3322,3112,3132,-33.9634,-22.9258,8.86946,47.7527
98657,3394,3538,3711,3632,3544,4134,4902,4224,4050,5362,7994,5270,3755,4590,5648,4593,9.07419,6.87033,8.79977,48.2273
98658,4924,4301,3707,3273,7931,5799,3970,3406,7199,5315,3852,3366,4599,4112,3488,3200,-1.41755,-20.7453,8.75195,48.2947
98659,3568,4406,6894,7056,3536,4308,6635,6752,3293,3673,4157,4327,3102,3309,3412,3505,-15.8141,14.9241,8.63485,47.9553
98660,4019,3992,3467,3341,5372,5211,3911,3383,7261,7158,4191,3452,5204,4981,3921,3499,5.72907,-15.7235,8.58984,48.242
98661,5114,8693,7477,4356,4303,5140,4812,4035,3591,3759,3794,3590,3294,3461,3396,3197,-31.3063,-2.24279,8.63712,48.008
98662,7844,7830,4545,3586,6269,6222,4183,3614,4106,4026,3610,3244,3466,3587,3339,3091,-18.9126,-14.925,8.72299,48.3747
98663,3079,3390,3643,3668,3187,3502,4174,5099,3399,3826,5276,9257,3317,3788,5151,8006,12.5191,28.555,8.50898,47.8413
98664,4412,5734,5071,3907,4846,7712,6086,4081,3988,4772,4383,3658,3470,3736,3558,3399,-10.03,-3.53934,8.93925,48.542
98665,5768,7275,4861,3844,5367,7349,4877,3713,4049,4260,3792,3511,3420,3472,3382,3158,-15.3982,-9.13741,8.82049,48.0653
98666,12612,5930,3853,3368,5975,4868,3844,3338,3793,3725,3548,3279,3402,3414,3229,3145,-28.8919,-32.5408,8.5701,47.5487
98667,4120,3974,3421,3063,6356,4803,3643,3420,9163,5678,3956,3472,5574,4647,3755,3347,5.18536,-22.8369,8.51147,48.2613
98668,3868,3702,3508,3265,5642,4402,3674,3318,9904,5229,3734,3409,6516,4848,3710,3348,8.58544,-32.2255,8.9318,48.0513
98669,3526,3494,3293,3165,4244,4070,3547,3248,7129,6088,4157,3532,8406,6982,4134,3448,17.419,-17.6985,8.89411,48.3087
98670,3912,4119,4013,3589,4452,6171,4977,3873,4555,7009,5602,4025,3864,4417,4188,3655,1.47927,-3.59603,8.78053,48.2807
98671,3515,4246,5809,6028,3543,4241,7011,7385,3436,3796,4526,4838,3365,3460,3627,3667,-10.835,15.2045,8.65086,48.3287
98672,12654,6001,3921,3417,5908,4689,3751,3297,3901,3717,3517,3236,3385,3327,3202,3206,-31.6971,-28.4581,8.76165,47.4193
98673,5908,5238,3913,3453,8143,6892,4127,3455,5119,4795,3720,3413,3746,3756,3454,3194,-8.44212,-17.5545,8.54264,48.2173
98674,3860,5372,8091,5758,3692,4785,6895,5168,3520,3724,4122,3971,3106,3271,3489,3349,-17.5037,8.29786,8.89701,48.1153
98675,3113,3307,3453,3331,3482,3601,3859,3805,3607,4361,5204,4970,3772,5357,9776,7097,32.6796,10.3365,8.6978,48.0633
98676,3025,3274,3514,3456,3255,3613,3891,4174,3420,4110,5708,6409,3642,4325,7700,8665,20.5492,16.5672,8.82776,48.1207
98677,4009,3915,3469,3186,5965,4859,3714,3345,8695,6166,3973,3269,5643,4869,3681,3299,6.07823,-20.0741,8.72191,48.038
98678,3417,3656,3635,3535,3640,4486,4441,3898,4204,6762,6768,4359,4425,5402,5691,4164,11.2587,0.34002,8.69681,48.322
98679,3274,3375,3886,4182,3421,3601,4425,6421,3361,3631,5114,9775,3299,3669,4564,5700,5.67063,30.4647,8.79703,47.7987
98680,8749,5561,3801,3318,8954,5463,3857,3382,4751,4188,3563,3221,3673,3492,3352,3114,-14.7351,-25.1654,8.94497,48.2927
98681,3453,3416,3257,3046,3937,3823,3559,3235,5621,5136,3976,3418,10319,8062,4330,3546,30.8636,-18.0936,8.56204,48.0893
98682,3410,3991,5979,12565,3444,3729,4804,6299,3197,3472,3734,3895,3139,3196,3368,3359,-26.3011,31.2396,8.96425,47.7207
98683,3345,3849,4300,4168,3605,4494,6562,5089,3596,4794,7306,5395,3535,3865,4472,4335,1.30463,9.06404,8.93685,48.4733
98684,3557,4522,8686,9366,3489,4035,5277,5439,3258,3479,3869,3822,3128,3302,3373,3453,-27.1406,16.0383,8.5238,48.0367
98685,3210,3293,3446,3228,3409,3607,3790,3644,3810,4498,5315,4866,4008,5911,9906,6174,33.3781,7.27209,8.86836,48.0767
98686,9936,8538,4463,3478,5447,5146,3937,3435,3877,3849,3390,3248,3393,3411,3246,3133,-30.4334,-16.9598,8.89816,47.9513
98687,5055,7610,6069,4188,4713,6506,5285,4126,3731,4197,3808,3601,3310,3477,3375,3376,-17.6536,-4.10569,8.50371,48.2847
98688,3003,3231,3397,3527,3157,3501,3749,3985,3501,3996,5203,6206,3509,4206,7325,10598,24.1987,20.0117,8.84077,48.0627
98689,3360,3856,5305,6617,3391,3974,6132,8924,3354,3626,4415,5293,3164,3337,3759,3906,-9.8941,21.4751,8.56332,48.2753
98690,4197,4030,3526,3242,6108,5218,3774,3321,8037,6318,3907,3467,5221,4690,3755,3301,4.26846,-18.802,8.82612,48.0747
98691,3362,3596,3790,3763,3575,4232,5362,4621,3672,4854,8170,5765,3559,4215,5296,4755,6.47126,9.56817,8.93229,48.3913
98692,3973,5950,9813,6403,3702,4510,5398,4850,3383,3585,3713,3826,3257,3353,3452,3279,-30.9833,7.91446,8.61985,48.298
98693,3211,3174,3480,3364,3295,3573,3814,3935,3554,4051,5406,5733,3539,4537,8152,9434,24.23,16.6105,8.68932,48.168
98694,5237,4504,3631,3196,8703,5823,3855,3331,6855,5037,3722,3199,4297,3905,3486,3280,-3.46569,-22.2621,8.83951,48.0407
98695,3083,3267,3402,3402,3405,3567,4113,4045,3511,4147,6140,5837,3697,4788,8129,7522,20.1921,13.7192,8.61646,48.0367
98696,3458,3949,6031,12205,3417,3837,4955,6340,3232,3440,3823,3949,3183,3187,3382,3401,-24.9829,32.0744,8.64646,47.8593
98697,3621,4372,6544,6002,3637,4514,7479,6519,3394,3811,4626,4513,3173,3304,3525,3671,-12.5565,12.3418,8.75625,48.47
98698,4088,3875,3495,3210,6668,4675,3696,3298,9636,5237,3728,3353,5706,4469,3709,3212,5.15403,-29.7444,8.79699,48.0367
98699,3195,3152,3450,3460,3251,3487,3916,4188,3393,3875,5178,7265,3327,3959,6231,10622,20.1563,24.0194,8.57891,47.966
98700,3925,4183,3866,3534,4672,6498,4726,3712,4880,7178,5068,3801,4217,4653,4073,3544,1.46836,-6.22788,8.54116,48.3533
98701,3091,3317,3349,3429,3164,3549,3761,3807,3636,4168,5262,5198,3725,5105,9503,8071,27.6649,12.3748,8.55178,48.09
98702,3757,3863,3578,3341,4455,5316,4162,3464,5562,7967,4973,3629,4991,5353,4287,3654,7.76698,-9.155,8.56862,48.2347
98703,3771,4198,4220,3924,4117,5755,6285,4245,4093,5857,6208,4264,3686,4124,4278,3715,0.0663628,1.29505,8.59477,48.4933
98704,3248,3640,4429,4877,3434,3919,5800,7786,3433,3856,5406,6978,3321,3589,4107,4416,-1.76216,20.1371,8.80749,48.1593
98705,3340,3359,3209,3009,3999,3803,3553,3313,6221,5012,3774,3469,11355,6870,4165,3450,25.7036,-22.1516,8.5297,47.934
98706,3385,3350,3224,3134,3773,3837,3538,3421,4923,5237,4316,3703,7356,9901,5274,3863,28.844,-11.0718,8.85755,48.1567
98707,3322,3415,3438,3367,3625,3998,4105,3741,4168,6125,6512,4417,4409,6477,6768,4734,15.9678,0.967331,8.83003,48.414
98708,3314,3529,3500,3210,3888,4103,3768,3492,5146,6668,4803,3828,5804,8194,5313,3775,17.9679,-8.12431,8.60467,48.2233
98709,8389,5282,3764,3278,9221,5141,3799,3344,4897,4137,3479,3178,3734,3585,3317,3059,-13.2629,-29.6669,8.81264,47.736
98710,3326,3969,6593,11920,3484,3786,4760,5993,3252,3383,3863,4004,3152,3268,3379,3465,-31.8389,23.5797,8.55914,47.7313
98711,3241,3735,4503,5313,3371,3817,5714,8749,3283,3736,5222,6676,3245,3550,4089,4228,-3.64831,21.7559,8.75626,48.3147
98712,4743,4182,3617,3226,8123,4850,3820,3308,8330,5101,3709,3353,4824,4237,3517,3213,0.396646,-28.4146,8.51201,48.102
98713,3264,3249,3332,3362,3386,3582,3828,3761,3581,4227,5384,5006,3844,5172,9928,7164,33.818,10.5535,8.90223,48.0467
98714,3440,3364,3235,3151,3821,3937,3525,3221,5618,5055,4008,3510,9410,8575,4607,3575,28.7178,-16.144,8.75526,48.0347
98715,3307,3380,3380,3320,3526,3750,3745,3518,4081,4939,5098,4222,4574,7811,8822,5029,27.5396,1.4346,8.84947,48.3347
98716,4839,4208,3626,3239,8619,5317,3801,3328,7839,5014,3668,3350,4573,4136,3410,3071,-1.44566,-24.9839,8.92656,48.0253
98717,3857,3545,3349,3085,5534,4424,3535,3248,9740,5595,3818,3349,6785,5028,3701,3252,9.46855,-24.9782,8.89225,47.8967
98718,3360,3992,5861,8731,3443,3944,5446,8382,3230,3544,4134,4530,3041,3316,3621,3632,-15.609,23.6014,8.54731,48.138
98719,3288,3652,4731,6686,3342,3873,5260,9870,3291,3568,4417,5844,3040,3352,3820,3966,-8.54749,28.4545,8.88437,48
98720,8909,5666,3967,3376,8631,5425,3827,3448,4628,4070,3549,3287,3625,3532,3234,3022,-15.3525,-24.6368,8.92807,48.1307
98721,3925,3789,3436,3230,5611,4750,3700,3286,8305,6581,4163,3402,5685,4955,3843,3413,7.54199,-18.7925,8.5812,48.0493
98722,3156,3131,3435,3344,3283,3551,3748,3965,3380,3969,5108,5800,3459,4224,7659,10498,26.6877,19.2157,8.55341,47.8067
98723,3253,3811,4598,5693,3250,3816,5342,9608,3443,3681,4695,6539,3201,3507,3766,4169,-5.11488,26.2053,8.52243,48.248
98724,3554,3951,3903,3579,4100,5467,5033,3943,4511,7114,6476,4064,4071,4774,4517,3853,4.6917,-1.73105,8.91786,48.6067
98725,8215,6384,4018,3393,7857,5870,4044,3452,4525,4175,3624,3241,3458,3461,3405,3147,-15.5445,-19.9566,8.71407,48.1793
98726,3180,3225,3419,3362,3197,3451,3845,3978,3341,3704,4885,6040,3462,3995,6775,11899,28.3545,23.732,8.7212,47.8387
98727,3404,3353,3182,3178,3774,3753,3541,3378,4949,5115,4229,3580,7128,9962,5536,3824,29.8941,-9.72035,8.95856,47.924
98728,3167,3201,3449,3412,3362,3567,3913,3858,3639,4473,5736,5182,3744,5480,9250,6911,23.3613,10.265,8.53883,48.2293
98729,3476,4294,7680,10732,3389,3913,5128,5840,3306,3534,3777,3858,3043,3265,3471,3343,-29.8131,19.3499,8.63784,48.0327
98730,3409,3986,5900,8025,3495,4035,6131,7942,3347,3618,4272,4541,3118,3242,3619,3546,-14.9957,20.4315,8.57999,48.1507
98731,3406,3836,4321,3951,3646,4761,6688,4957,3771,4918,7133,4969,3587,3928,4409,4095,0.915731,7.46992,8.95244,48.2507
98732,11489,7018,4098,3447,5840,5033,3880,3413,3965,3779,3415,3144,3389,3469,3262,3071,-29.3882,-22.4112,8.58511,47.808
98733,3519,3536,3187,3166,3878,3872,3552,3199,5828,4981,3991,3386,11031,7357,4317,3486,29.474,-19.8779,8.58648,48.1907
98734,3639,3583,3393,3202,4637,4413,3827,3405,7133,7302,4263,3484,6246,6225,4282,3561,12.2706,-14.4409,8.75127,48.3967
98735,3432,3554,3946,3720,3645,4267,5586,4628,3692,4915,8180,5640,3501,4166,4963,4583,5.90834,8.9981,8.75525,48.2787
98736,3440,3842,5809,12367,3488,3647,4677,5993,3349,3416,3727,3944,3266,3209,3522,3456,-33.016,32.5152,8.61969,47.4347
98737,3488,3765,3851,3501,3789,4633,5004,4030,4094,6384,7461,4466,3977,4795,5183,4188,7.50497,2.24399,8.92203,48.406
98738,4097,3681,3471,3161,6326,4643,3719,3289,9601,5304,3662,3394,5896,4527,3595,3406,5.46739,-26.6855,8.71535,47.848
98739,4780,4537,3832,3294,6794,6478,4118,3428,6352,5847,3948,3493,4351,4132,3552,3329,-1.69447,-16.1466,8.51635,48.1767
98740,3301,3391,3291,3085,4270,3996,3487,3236,7020,5614,3964,3313,9304,6901,4202,3438,19.1341,-19.3997,8.9741,47.8753
98741,9846,8407,4494,3519,5774,5174,4004,3497,3909,3796,3509,3186,3251,3344,3266,3091,-26.7468,-17.1091,8.92508,48.0447
98742,3335,3397,3190,3124,3952,3873,3483,3243,6402,4863,3814,3296,12492,5898,4028,3387,26.0379,-29.7406,8.56015,47.8513
98743,3385,3268,3351,3149,3812,3838,3614,3376,4893,5160,4388,3582,6823,9796,5586,3951,30.5272,-9.23933,8.7998,47.9813
98744,3254,3554,3336,3287,3725,3818,3792,3520,4393,5739,4984,3943,5489,9014,6537,4178,22.031,-4.57655,8.89169,48.3753
98745,3145,3265,3367,3406,3244,3414,3883,4192,3347,3798,4921,7488,3391,3840,5925,11379,20.6358,30.3362,8.97129,48.0033
98746,4496,5603,4869,3963,4799,7697,5906,3983,4048,4884,4232,3662,3583,3630,3520,3480,-9.51798,-3.97974,8.68108,48.2367
98747,3034,3299,3569,3759,3220,3634,4274,5203,3486,3949,5558,9566,3312,3819,5057,7368,11.4229,25.2677,8.68058,48.0713
98748,3191,3471,3748,3910,3467,3823,4979,5486,3581,4141,7044,7723,3327,3999,5130,5359,7.07732,16.6515,8.80063,48.2527
98749,5455,7640,5298,3969,5063,7055,4999,3879,3884,4166,3873,3428,3308,3472,3326,3279,-16.3306,-6.98934,8.92742,48.0627
98750,3385,4216,6907,8589,3521,4026,5755,7160,3259,3641,4074,4260,3014,3354,3444,3588,-17.7503,18.314,8.66723,48.1287
98751,3104,3303,3341,3305,3360,3725,3742,3901,3660,4569,5839,4921,3928,5623,9313,6655,23.4039,9.10605,8.5196,48.1927
98752,3367,3957,6165,10913,3447,3805,5180,7236,3276,3478,3936,4235,2998,3170,3377,3481,-20.2211,24.6496,8.96753,48.014
98753,3288,3617,4484,5491,3264,3761,5206,9448,3293,3688,4593,6812,3228,3408,3901,4145,-4.68228,32.6712,8.69864,47.7513
98754,4046,4947,6027,4732,3911,5713,7795,4909,3615,4159,4647,3977,3309,3469,3552,3516,-10.9854,4.59958,8.87577,48.216
98755,3624,4976,9526,7890,3646,4206,5197,5241,3257,3592,3733,3814,3151,3221,3466,3341,-30.8457,12.6565,8.87921,47.9207
98756,3239,3348,3401,3261,3452,3735,3884,3576,4042,5090,5507,4385,4467,6813,8827,5197,22.7421,2.99389,8.94065,48.1493
98757,3240,3521,3890,3864,3478,4102,5328,4647,3670,4702,8007,5910,3536,4228,5360,4841,7.20753,10.611,8.51446,48.216
98758,3158,3218,3428,3386,3229,3400,3779,3890,3460,3725,4631,5974,3444,3940,6038,12621,31.1564,29.1834,8.84897,47.5473
98759,3083,3275,3402,3379,3282,3387,3838,3897,3334,3822,4839,6123,3455,3979,6089,12488,27.8893,28.3967,8.60194,47.7813
98760,3245,3355,3349,3214,3716,3692,3726,3470,4542,5566,4809,3914,5529,9230,6808,4288,23.2812,-4.28111,8.98397,48.302
98761,3498,4009,4768,4301,3781,4808,7544,5338,3542,4461,6303,4878,3428,3760,4092,3958,-2.90946,8.36233,8.72057,48.3127
98762,3475,4742,8804,9109,3494,4087,5155,5459,3366,3515,3854,3761,3167,3305,3362,3419,-27.8496,15.1549,8.8508,48.0493
98763,3134,3201,3437,3311,3485,3720,3835,3671,3853,4757,5473,4499,4276,6733,9364,5628,24.828,4.90896,8.59512,48.2513
98764,3626,3606,3405,3175,4240,4449,3768,3399,5929,7331,4565,3607,6043,6988,4631,3584,14.1039,-11.6907,8.52412,48.2307
98765,3086,3149,3467,3402,3215,3570,3956,4377,3293,3832,4952,7632,3391,3923,5851,10796,19.894,28.3824,8.86007,47.928
98766,3769,4020,3954,3469,4383,6073,5205,3808,4579,6859,5656,3925,4007,4548,4319,3790,2.22303,-3.12859,8.69318,48.2427
98767,4303,4271,3611,3354,5899,6322,4134,3501,6472,6733,4229,3522,4535,4491,3722,3398,1.25422,-14.2745,8.64415,48.3313
98768,3428,4244,7714,9265,3547,4029,5613,6201,3370,3529,3972,4018,3061,3202,3409,3391,-21.5707,17.5619,8.77025,47.9953
98769,3383,3386,3228,3115,4012,3709,3421,3181,5787,4831,3831,3322,12148,6702,3976,3356,31.6318,-24.3247,8.65161,47.592
98770,3336,3773,6095,12524,3430,3812,4726,6066,3302,3406,3738,3886,3040,3267,3325,3396,-33.5804,28.7707,8.53699,47.4147
98771,3082,3297,3530,3334,3498,3807,4027,3832,3799,4924,6401,5162,3869,5406,8407,5828,18.7547,7.86395,8.58774,48.1353
98772,3377,3850,4425,4080,3695,4484,6756,5253,3635,4544,7038,5454,3414,3817,4399,4151,0.867069,9.71241,8.7269,48.248
98773,3321,3697,3743,3510,3816,4632,5167,4028,4195,6367,7314,4565,4023,4610,4992,4082,6.39883,1.81569,8.81657,48.0413
98774,3314,4127,7280,11520,3374,3963,4943,5738,3180,3463,3783,3865,3099,3182,3296,3532,-28.0671,21.0949,8.93865,47.7727
98775,3704,4362,5520,4741,3723,5205,8104,5330,3637,4072,5051,4370,3341,3488,3793,3691,-8.66575,8.00092,8.56727,48.088
98776,3788,5269,9515,7200,3674,4329,5295,5078,3416,3659,3875,3928,3154,3227,3270,3457,-25.8814,10.5755,8.68993,48.0893
98777,3105,3366,3392,3252,3513,3627,3856,3716,3819,4595,5213,4534,4064,6298,9759,5955,31.9745,6.13223,8.67914,48.0427
98778,4307,6725,9638,5582,3905,4715,5329,4413,3464,3606,3809,3652,3109,3243,3376,3254,-26.4702,4.7132,8.97208,48.0847
98779,4732,4137,3520,3211,8148,4812,3867,3340,8613,5047,3634,3354,4912,4268,3575,3269,0.64583,-27.3378,8.83265,48.2927
98780,4558,7746,8456,4794,4044,4886,4950,4316,3597,3633,3845,3540,3323,3295,3342,3339,-33.7096,1.1844,8.54294,47.776
98781,9362,5646,3920,3407,8346,5151,3889,3373,4454,3928,3549,3285,3603,3445,3304,3209,-16.572,-32.4044,8.64202,47.914
98782,3022,3203,3381,3610,3254,3464,3872,4137,3411,3804,4926,7373,3453,3924,5703,11157,20.3677,30.4919,8.73777,47.796
98783,3173,3340,3628,3770,3308,3661,4330,4924,3442,3951,6045,8784,3302,3831,5468,7464,12.4193,20.9198,8.95138,48.2807
98784,3293,4076,6502,11857,3338,3879,4873,6577,3266,3457,3823,4064,3061,3299,3397,3309,-23.8588,23.9524,8.98344,48.0473
98785,3275,3722,4456,5553,3407,3827,5379,9322,3314,3721,4704,7029,3193,3448,3994,4232,-4.04752,26.5288,8.75859,48.384
98786,3339,3556,3897,3534,3696,4289,5028,4010,3961,5871,7957,4897,3951,4765,5487,4429,8.91535,4.35174,8.68494,48.4447
98787,7139,8233,4835,3720,5791,6379,4411,3584,3989,4060,3718,3283,3503,3394,3312,3081,-19.0765,-12.6041,8.99621,48.288
98788,3485,4105,6942,11379,3405,3908,4824,6231,3268,3409,3841,3994,3090,3235,3330,3507,-25.3197,22.3989,8.67007,47.9687
98789,4074,3680,3441,3104,6181,4456,3603,3345,9646,5377,3767,3404,6236,4735,3687,3342,6.79833,-25.9207,8.58976,48.052
98790,3400,3890,6114,12597,3354,3779,4794,6121,3269,3344,3695,4030,3083,3318,3370,3371,-28.7659,27.5396,8.93827,47.686
98791,4416,6250,5777,4151,4415,7053,6361,4294,3828,4235,4227,3645,3462,3611,3470,3322,-13.3786,-1.25582,8.80923,48.3447
98792,3417,3999,5630,11189,3310,3805,4981,7467,3252,3381,3866,4288,3187,3229,3422,3470,-19.9749,31.718,8.97549,47.9287
98793,3205,3234,3495,3632,3262,3612,4262,4638,3437,3995,5972,8348,3459,3974,5979,7628,13.6007,19.9015,8.79723,48.088
98794,3476,3377,3199,3168,4191,3862,3478,3144,6745,5379,3968,3434,10294,6760,4069,3370,20.7457,-21.5821,8.76499,47.9427
98795,3283,3467,3861,4230,3369,3683,5034,6352,3389,4012,6284,8587,3301,3602,4513,5318,4.41043,20.1047,8.9751,48.19
98796,3053,3132,3381,3223,3102,3388,3742,4099,3357,3844,4900,5886,3224,4084,6931,12122,31.7487,22.7415,8.89718,47.6453
98797,3369,3566,4073,4393,3449,3937,5808,6280,3318,4132,6487,7007,3417,3713,4528,4637,1.67408,16.5606,8.98526,48.076
98798,3410,3921,6199,11696,3361,3839,5038,6958,3208,3416,3859,4144,3123,3248,3403,3389,-22.3906,25.7025,8.79182,48.1413
98799,3763,3655,3417,3199,4604,4696,3830,3484,6534,7592,4427,3545,5627,5866,4257,3550,10.9505,-12.9716,8.63278,48.0307
98800,3140,3188,3389,3379,3325,3405,3861,3978,3417,3874,4857,7106,3514,3906,5893,11501,21.5098,31.789,8.52556,47.822
98801,10967,7622,4120,3437,5782,4962,3776,3364,3972,3840,3436,3163,3340,3398,3223,3072,-31.4776,-19.8383,8.90027,47.6493
98802,3826,5164,7566,5489,3845,5014,7179,5117,3527,3892,4184,3942,3249,3364,3533,3316,-15.7635,7.32789,8.89931,48.138
98803,3914,4823,5616,4372,4032,5843,7854,4754,3688,4301,4765,4004,3328,3556,3713,3570,-9.58799,4.34698,8.78598,48.0887
98804,9756,5413,3863,3345,8314,5027,3797,3467,4460,4017,3562,3237,3498,3437,3292,3123,-17.0672,-32.9362,8.8546,47.7387
98805,3594,3548,3324,3166,4875,4174,3633,3268,9255,5217,3906,3461,8145,5278,3858,3422,13.3298,-33.0016,8.67888,48.0827
98806,8912,5521,3935,3350,8997,5300,3870,3389,4732,4153,3489,3199,3550,3568,3293,3133,-15.0053,-26.1991,8.70339,48.2607
98807,3594,4575,6617,5775,3685,4644,7417,6142,3405,3951,4454,4387,3157,3397,3697,3651,-12.9604,11.7784,8.53356,48.3653
98808,3435,4602,8690,8955,3573,4075,5103,5529,3155,3584,3862,3797,3138,3365,3383,3461,-33.7998,15.1683,8.58005,47.8047
98809,3447,3849,5509,8622,3262,3834,5307,8995,3179,3559,4005,4707,3105,3232,3533,3695,-14.497,26.2017,8.5445,47.8933
98810,8218,7735,4393,3658,6422,5976,4137,3547,4100,4017,3656,3308,3595,3407,3174,3129,-19.0284,-15.7002,8.8053,48.3147
98811,4399,4097,3616,3256,6981,5164,3859,3386,8138,5768,3948,3403,4976,4429,3667,3322,2.10801,-21.0751,8.54496,48.2727
98812,7046,4987,3815,3299,9988,5208,3820,3398,5437,4242,3565,3296,3865,3528,3300,3210,-10.0971,-32.5872,8.95768,48.0027
98813,3017,3361,3570,3590,3300,3614,4255,4623,3422,3885,5888,8379,3412,3962,6004,8021,14.5451,20.2504,8.90231,48.202
98814,8498,5268,3785,3335,9251,5117,3796,3432,4771,4153,3533,3305,3659,3531,3261,3165,-13.9369,-32.4978,8.87413,47.9067
98815,5172,4695,3755,3430,7505,6691,4099,3390,5849,5372,4028,3407,4135,4125,3618,3141,-4.2808,-16.7835,8.5275,48.2747
98816,3384,3933,5693,9402,3297,3882,5299,8235,3187,3525,4055,4527,3212,3311,3544,3565,-16.7077,24.5342,8.6412,48.034
98817,12298,5962,4009,3409,6343,4784,3717,3305,3954,3715,3409,3374,3358,3416,3262,3193,-25.3584,-31.9802,8.94971,47.672
98818,3367,3670,4737,6056,3436,3801,5445,9676,3311,3679,4568,6033,3196,3380,3795,4080,-6.98832,24.9381,8.83209,48.1533
98819,3530,4409,7971,9981,3508,4005,5163,5944,3283,3445,3859,3876,3098,3285,3302,3450,-26.342,18.1505,8.536,48.0727
98820,4089,3709,3480,3233,6010,4492,3567,3349,9984,5178,3818,3308,5827,4698,3696,3307,6.5989,-33.5711,8.91734,47.83
98821,3114,3294,3393,3294,3437,3569,3878,3607,3941,4503,5659,4801,4072,5920,9486,6070,23.7908,7.22403,8.73613,48.0253
98822,6557,7827,4893,3711,5613,6830,4409,3686,4065,4110,3714,3363,3393,3517,3273,3145,-17.2269,-11.3053,8.70587,48.0707
98823,4381,7133,9385,5356,3919,4804,5170,4458,3390,3619,3716,3586,3204,3296,3392,3242,-31.8119,3.65997,8.92243,48.034
98824,3820,4132,3736,3387,4794,5961,4401,3658,5416,7733,4990,3604,4418,4727,4019,3639,3.95343,-8.61804,8.66934,48.29
98825,3198,3238,3449,3457,3253,3541,3925,4150,3420,3879,5555,6332,3436,4264,7613,9654,21.2874,18.3816,8.89856,48.2427
98826,10175,8268,4451,3482,5590,5158,3924,3443,3885,3817,3533,3209,3487,3405,3246,3121,-28.0922,-17.8115,8.73682,48.1293
98827,3888,6044,9653,5951,3760,4470,5182,4594,3444,3798,3903,3809,3184,3437,3363,3356,-33.1903,6.81057,8.5232,47.8907
98828,6222,9602,5882,3991,4773,5761,4497,3746,3653,3824,3731,3284,3317,3339,3340,3176,-22.9706,-7.35604,8.87573,48.092
98829,3925,3782,3461,3123,5744,4705,3592,3170,9387,5697,3884,3419,6408,4870,3786,3290,7.81497,-22.9334,8.73881,48.162
98830,4593,4218,3573,3267,6957,5628,3821,3343,7429,5910,4025,3347,4861,4385,3580,3210,1.15027,-19.0278,8.50612,48.098
98831,3115,3353,3384,3271,3231,3538,3847,3820,3512,4082,5185,5250,3684,4719,9394,8669,29.3063,14.0052,8.95041,48.036
98832,3430,3422,3265,3078,3959,3767,3451,3248,6169,4843,3683,3389,12549,6004,3905,3426,27.6226,-30.5347,8.62238,47.7253
98833,3358,3339,3369,3142,3832,3882,3766,3486,4714,6176,4993,3942,5411,8487,6247,4175,20.0709,-4.95895,8.69551,48.2127
98834,3737,3819,3590,3283,4534,5424,4276,3695,5382,8227,5034,3703,4512,5362,4275,3551,6.63589,-8.08792,8.95518,48.2693
98835,3485,3347,3298,2986,4277,3931,3438,3290,6761,5410,3886,3359,9926,6873,4006,3388,20.6991,-20.6625,8.73878,47.774
98836,3661,3446,3326,3072,4489,4023,3619,3291,8470,5004,3733,3396,9696,5501,3847,3412,16.7777,-29.7494,8.87091,47.9907
98837,3644,4328,5013,4171,3833,5491,7811,4956,3736,4511,5600,4345,3339,3742,3839,3686,-5.06891,5.51646,8.97138,48.03
98838,3335,3463,3332,3171,3875,4133,3659,3327,5528,6638,4642,3576,6512,8268,5071,3813,18.1425,-10.4647,8.90704,48.2287
98839,12666,5900,3799,3406,6044,4767,3718,3437,3915,3764,3449,3354,3400,3407,3127,3108,-32.3626,-30.2032,8.76876,47.5073
98840,3203,3387,3303,3207,3832,3887,3697,3363,4842,5725,4483,3727,6585,9312,5798,3913,23.6598,-8.40071,8.54543,48.176
98841,4932,7715,6702,4299,4340,6194,5703,4023,3700,3961,3898,3524,3286,3375,3465,3276,-18.8221,-2.05526,8.92142,48.262
98842,10711,5673,3860,3445,7771,5057,3846,3396,4295,4015,3505,3235,3490,3423,3162,3038,-18.8913,-28.7481,8.7004,47.948
98843,3222,3325,3393,3185,3532,3807,3769,3498,4386,5084,4930,4140,5151,8689,7756,4570,26.9765,-1.58425,8.71979,48.2913
98844,3183,3255,3480,3412,3209,3445,3740,3928,3428,3956,5062,5798,3354,4284,7741,10790,28.9373,19.1536,8.7707,48.0433
98845,3211,3539,4089,4504,3321,3807,5138,7054,3424,3802,5861,8234,3266,3631,4344,5066,2.22017,21.6313,8.7399,48.194
98846,3719,4369,4824,4101,3947,5949,7374,4636,3754,4986,5858,4367,3498,3762,3793,3719,-4.13243,3.33723,8.99645,48.4373
98847,3492,3430,3292,3073,4121,3908,3347,3137,6735,4914,3795,3406,11704,6583,3995,3409,23.1573,-24.3476,8.99838,48.2273
98848,3301,3346,3293,3252,3610,3779,3727,3498,4343,5374,4883,4054,4999,8629,7567,4679,24.6415,-1.63515,8.76166,48.2227
98849,3235,3566,4128,4519,3269,3662,5000,7479,3364,3769,5517,8554,3284,3602,4394,4987,1.84886,23.8433,8.67505,48.2193
98850,10195,5987,3984,3395,7964,5087,3859,3428,4435,4011,3439,3195,3479,3453,3232,3175,-18.0586,-25.0535,8.99643,48.212
98851,3251,3607,4176,4879,3309,3603,4969,8404,3418,3804,4891,8125,3213,3565,4182,4654,-0.560267,32.7025,8.56742,48.0333
98852,3083,3167,3389,3349,3211,3515,3788,3955,3395,3854,4968,6423,3374,4202,6810,11331,24.9135,22.1895,8.93536,47.876
98853,3854,4781,5247,4278,4133,6121,7653,4788,3767,4547,4987,3998,3371,3683,3767,3609,-7.68468,3.29035,8.51867,48.3893
98854,3706,3614,3345,3089,4549,4402,3835,3376,7124,7159,4218,3496,6338,6266,4271,3498,12.4473,-14.7627,8.8672,48.1907
98855,3537,3665,3430,3210,4205,4535,3919,3429,5774,7831,4871,3795,5289,6539,4823,3735,12.5636,-9.30169,8.51595,48.3913
98856,3110,3272,3475,3386,3183,3418,3953,4081,3371,3961,5419,6320,3455,4381,7449,9792,21.7759,18.3832,8.93683,48.0173
98857,3181,3335,3352,3228,3517,3700,3808,3664,3766,4675,5175,4440,4062,6864,9489,5446,31.2843,4.40379,8.8553,47.8013
98858,3166,3174,3378,3437,3282,3699,3885,3839,3664,4240,5677,5098,3705,5004,9210,7644,23.4877,12.2409,8.86305,48.068
98859,3355,3905,6183,12476,3367,3826,4736,5974,3288,3344,3764,3904,3121,3201,3367,3556,-29.959,28.293,8.54408,47.578
98860,3076,3361,3652,3512,3411,3693,4181,4291,3626,4337,6997,6160,3528,4694,7249,6638,16.0285,12.8619,8.70542,48.2707
98861,3985,3923,3417,3258,5486,5123,3866,3422,7705,7047,4085,3513,5327,5035,3861,3443,6.19196,-16.3492,8.89937,48.3307
98862,3435,3416,3193,3149,4107,3803,3477,3145,7038,4966,3894,3271,11497,6068,3917,3236,21.6507,-27.8823,8.84502,47.7413
98863,4190,4556,4091,3554,5153,7351,4770,3745,4919,6328,4644,3721,3931,4228,3806,3471,-2.13129,-7.8966,8.98505,48.3053
98864,3530,3422,3265,3137,4546,3868,3438,3268,8475,5069,3855,3459,9606,5610,3941,3436,16.7517,-28.5043,8.56238,47.95
98865,5920,4621,3714,3334,9818,5151,3693,3265,6401,4644,3613,3250,4143,3744,3444,3249,-6.08877,-30.5893,8.88591,48.0027
98866,4037,6485,9939,5917,3806,4626,5086,4570,3357,3633,3903,3739,3239,3264,3395,3329,-31.1149,5.91858,8.91908,48.2167
98867,5089,8347,7180,4352,4282,5515,4924,3939,3683,3999,3806,3525,3315,3396,3249,3196,-23.0505,-2.54507,8.61275,47.8647
98868,3440,4088,6119,10206,3388,3869,5349,7687,3195,3535,3871,4281,3186,3112,3321,3382,-19.4843,23.7525,8.82578,48.0193
98869,3873,3754,3395,3186,4980,4789,3742,3383,7924,6869,4144,3547,5914,5265,3918,3352,8.75741,-16.8014,8.56138,48.0233
98870,4830,8240,8233,4769,4276,4940,5036,4178,3560,3773,3799,3476,3365,3273,3335,3317,-33.5871,-0.069067,8.81694,48.2667
98871,3262,3623,4534,5247,3369,3744,5060,9269,3381,3540,4773,6997,3150,3557,4053,4361,-3.4732,32.0122,8.58979,47.9467
98872,10629,7523,4234,3492,6194,5088,3851,3523,3928,4033,3448,3165,3329,3391,3214,3097,-25.5154,-19.798,8.51061,48.0927
98873,3132,3484,3945,4156,3271,3730,4759,6459,3383,3814,6011,8804,3214,3775,4655,5547,4.78569,21.765,8.81097,48.0927
98874,3799,3725,3344,3059,5304,4429,3511,3332,9288,5849,3957,3334,6608,5201,3937,3451,10.0647,-22.554,8.6114,48.0853
98875,3271,3628,4497,5605,3416,3771,5226,9473,3394,3682,4544,6422,3266,3542,3883,4102,-5.43209,32.2441,8.59121,47.8147
98876,3366,3978,6284,12290,3363,3733,4755,6095,3242,3410,3832,3965,3099,3314,3455,3496,-30.1927,26.516,8.50275,47.7847
98877,3321,3792,4873,7066,3256,3772,5250,9930,3323,3594,4257,5430,3101,3441,3635,3755,-10.1418,30.0685,8.88188,47.864
98878,3127,3345,3439,3351,3230,3300,3737,3930,3318,3769,4824,5972,3425,3854,6062,12657,30.4417,30.4604,8.60864,47.56
98879,9344,6886,4162,3445,7159,5495,4071,3342,4203,3964,3520,3186,3452,3476,3413,3001,-19.2762,-19.9022,8.58916,48.0793
98880,3525,3843,3791,3527,3995,5074,4654,3773,4404,7400,6436,4221,4180,4978,4776,3816,6.78208,-1.8753,8.86532,48.262
98881,8109,6773,4158,3414,7084,6231,4124,3460,4365,4157,3473,3231,3609,3498,3292,3146,-16.7339,-17.7297,8.9429,48.0827
98882,4236,3961,3522,3211,6791,4680,3627,3203,9355,5190,3826,3341,5498,4491,3737,3352,4.08773,-32.375,8.61947,48.014
98883,6032,4613,3749,3397,9390,5629,3867,3306,6104,4590,3761,3221,4025,3813,3363,3202,-6.42262,-24.2283,8.52697,48.0413
98884,3023,3153,3363,3445,3231,3574,3926,4024,3449,3890,5282,6672,3543,4152,6920,10404,21.9699,20.9672,8.56458,48.034
98885,12424,5992,3968,3348,6244,4819,3748,3395,3860,3777,3368,3279,3388,3332,3201,3087,-25.3492,-32.3475,8.95836,47.4867
98886,3019,3266,3402,3401,3502,3712,3936,4034,3635,4389,6287,5400,3726,4990,8694,6796,20.1449,10.9984,8.60021,48.126
98887,4904,4166,3494,3297,8493,4973,3750,3254,8022,4924,3644,3275,4899,4108,3496,3246,-0.530928,-29.1415,8.93402,47.9633
98888,4201,4336,3854,3397,5559,6943,4629,3506,5454,6897,4487,3646,4270,4292,3756,3391,-0.13825,-10.191,8.94393,48.412
98889,3286,3531,4077,4191,3363,3919,5378,6263,3486,4126,6493,7754,3380,3671,4510,5103,3.50076,18.027,8.7391,48.354
98890,3301,3427,3262,3263,3585,3687,3754,3458,4387,5046,4886,3984,5050,8633,7787,4595,27.4919,-1.62554,8.77209,48.07
98891,8690,5309,3939,3366,8930,5260,3837,3373,4712,4085,3453,3296,3535,3433,3349,3175,-14.3781,-30.3643,8.67633,47.828
98892,5050,9018,7450,4560,4165,5070,4714,3949,3625,3775,3785,3580,3302,3336,3233,3262,-29.2606,-2.21612,8.62188,47.916
98893,3230,3541,3780,3716,3469,3922,4973,4607,3620,4645,8099,6313,3559,4216,5661,5170,8.78128,11.5516,8.93993,48.3473
98894,3955,5419,9700,7088,3647,4325,5410,4949,3323,3574,3796,3747,3154,3411,3400,3372,-26.727,9.7722,8.61731,48.18
98895,3062,3354,3719,3835,3298,3612,4310,5690,3292,3792,5045,10048,3429,3820,4860,6831,9.32548,32.1922,8.90544,47.998
98896,7406,5104,3900,3500,9533,5227,3760,3314,5260,4265,3609,3342,3759,3678,3358,3142,-11.2671,-29.7039,8.54568,48.1047
98897,3529,4469,7350,7521,3587,4238,6329,6387,3267,3678,4210,4169,3075,3334,3469,3563,-17.5401,15.4066,8.56891,48.1167
98898,11502,7139,4080,3477,6033,4953,3789,3232,3991,3720,3533,3220,3376,3481,3074,3174,-33.3763,-21.5413,8.99852,47.8493
98899,3244,3526,3334,3174,3934,4129,3756,3332,5382,6847,4636,3634,6174,7985,5107,3762,17.5691,-9.29437,8.97693,47.9707
98900,3456,3505,3204,3181,4219,3857,3488,3291,7292,4965,3838,3297,11121,6158,3954,3546,20.8243,-25.1745,8.77213,48.248
98901,3192,3285,3523,3540,3147,3420,3964,4251,3369,4031,5698,6904,3554,4093,6988,9288,19.3974,18.9475,8.96741,48.1647
98902,4202,5885,8485,5637,3872,5044,6059,4784,3471,3827,3973,3804,3276,3326,3324,3264,-20.1417,5.62977,8.56492,48.1553
98903,4488,4126,3478,3261,7020,5084,3835,3339,8430,5648,3854,3406,5127,4518,3637,3215,2.6593,-22.274,8.55467,48.3107
98904,3390,3651,4608,4883,3373,4234,6668,7027,3459,3967,5805,6071,3234,3620,4152,4258,-2.50056,16.033,8.86925,48.2667
98905,3204,3499,3572,3585,3347,3742,4875,4377,3650,4494,7997,6388,3645,4185,6097,5482,10.7596,12.0774,8.91606,48.0927
98906,3316,3495,3387,3418,3749,4022,4054,3635,4286,6333,5737,4158,4749,7041,6465,4437,16.9496,-1.5062,8.56252,48.188
98907,4391,5268,4561,3817,4803,7893,5731,3999,4183,5131,4398,3666,3601,3738,3731,3485,-7.1272,-4.44713,8.5583,48.264
98908,10486,7333,4171,3503,6413,5124,3926,3496,3967,3854,3676,3217,3410,3379,3161,3021,-23.3734,-20.2001,8.56601,48.0913
98909,3949,6133,9588,6062,3739,4388,5459,4662,3445,3653,3853,3766,3248,3399,3344,3285,-26.6599,6.6416,8.52269,47.982
98910,3281,3421,3280,3141,3689,3947,3630,3435,4837,5303,4464,3709,6369,9767,5788,3856,31.4228,-7.89533,8.52653,47.9447
98911,3271,3398,3445,3381,3733,3946,4071,3562,4215,5903,6196,4373,4478,6582,7173,4753,17.0551,0.973908,8.77639,48.32
98912,3518,4124,5237,5045,3504,4453,7708,6393,3440,3911,5296,4963,3311,3575,3890,3858,-6.69735,12.619,8.52949,48.1507
98913,4668,6080,5002,3836,4873,7630,5795,3903,3970,4670,4137,3555,3459,3664,3524,3253,-11.104,-4.72036,8.55289,48.0127
98914,3285,3642,3930,3757,3711,4402,5738,4597,3647,5215,7977,5350,3715,4142,4893,4416,4.99305,7.70375,8.89004,48.278
98915,3608,4875,9426,7978,3582,4078,5116,5258,3260,3530,3972,3899,3159,3223,3379,3379,-33.0172,12.9686,8.69761,47.8147
98916,3231,3344,3278,3187,3586,3655,3754,3553,4215,5027,4902,4177,4766,8243,8201,4753,29.1027,-0.306901,8.56893,47.9147
98917,4337,5038,4225,3708,5120,7770,5291,3841,4442,5641,4398,3726,3743,3835,3719,3351,-5.61499,-6.64703,8.57554,48.1233
98918,4023,4506,4479,3839,4288,6511,6347,4165,4059,5668,5500,4116,3596,4056,3976,3636,-2.51182,-0.588352,8.7252,48.51
98919,5159,4251,3636,3185,8699,4978,3655,3328,7969,4904,3684,3270,4669,4098,3523,3191,-1.12315,-28.0512,8.87135,48.1327
98920,3410,3752,4635,4617,3512,4365,7157,6284,3484,4232,6274,5518,3388,3684,4049,4110,-2.47277,12.7416,8.83904,48.314
98921,8351,7826,4449,3537,6239,5892,4196,3417,3941,3979,3573,3340,3546,3473,3201,3128,-19.7346,-16.1322,8.95215,48.0587
98922,4197,6094,7690,5005,3993,5457,6498,4583,3579,3932,3924,3759,3240,3373,3446,3274,-17.7026,3.40867,8.85451,48.0293
98923,7466,5660,4008,3511,8695,5931,3844,3344,4879,4196,3585,3218,3757,3526,3277,3070,-12.8665,-21.294,8.74411,47.978
98924,9630,8369,4455,3504,5788,5237,4096,3515,3941,3863,3484,3274,3331,3414,3273,3173,-24.5758,-16.7892,8.92879,48.2313
98925,3305,3261,3263,3303,3749,3983,3962,3463,4416,6052,5351,4064,5034,7873,6718,4434,19.0973,-2.71107,8.5989,48.154
98926,3480,3688,3448,3247,4370,4546,3769,3464,6190,7852,4573,3616,5681,6407,4396,3621,12.0893,-11.1019,8.92206,48.232
98927,3280,3506,3483,3614,3530,3961,4775,4296,3828,4828,8263,5700,3706,4466,6090,5198,10.4816,9.53145,8.90657,48.3493
98928,3648,3594,3392,3174,5072,4173,3634,3252,9640,5189,3811,3315,7371,5155,3789,3406,11.2828,-33.3718,8.61972,47.7433
98929,7434,9809,5246,3754,4954,5340,4254,3665,3831,3766,3593,3403,3318,3339,3285,3117,-28.4704,-10.9437,8.79241,48.072
98930,3195,3337,3264,3254,3563,3669,3761,3495,4256,5018,4816,4165,4957,8534,7887,4609,29.3224,-0.766925,8.81091,47.8533
98931,3348,3330,3319,3034,4167,3885,3558,3178,6997,4947,3811,3335,11462,6251,3957,3469,21.807,-25.2717,8.96607,48.032
98932,3115,3274,3346,3342,3273,3583,3784,3757,3646,4246,5460,4948,3833,5418,9849,7011,25.5749,9.96614,8.87582,47.9233
98933,6850,4955,3792,3349,9869,5491,3781,3479,5443,4432,3501,3180,3864,3677,3439,3125,-9.72845,-26.8804,8.54269,48.1513
98934,3343,4047,5887,8330,3410,3941,5892,8250,3318,3608,4170,4467,3122,3185,3524,3486,-15.0569,21.2286,8.9198,47.9867
98935,10745,7358,4215,3428,6369,5150,3923,3393,3955,3847,3418,3217,3424,3402,3328,3062,-24.08,-20.1954,8.69364,48.156
98936,3488,3454,3231,2977,4026,3843,3512,3201,6969,4928,3921,3401,11478,6303,3984,3487,22.0608,-24.9743,8.98218,48.1353
98937,6325,10164,5984,3967,4674,5242,4266,3743,3751,3917,3697,3340,3376,3411,3308,3212,-31.4923,-7.48064,8.99598,48.2513
98938,4298,3810,3447,3266,6749,4632,3661,3259,9573,5421,3870,3276,5718,4483,3559,3226,4.73308,-25.7589,8.99581,48.1653
98939,9403,5460,3838,3266,8619,5292,3754,3425,4638,4213,3553,3344,3649,3459,3270,3068,-15.8339,-27.8632,8.69332,48.1673
98940,3316,3526,4065,4479,3220,3811,4907,7447,3429,3661,5319,8708,3324,3742,4267,5122,1.88849,25.4032,8.80376,48.2287
98941,3349,3367,3243,3212,3920,3720,3419,3232,6066,4721,3783,3274,12890,6075,3936,3377,28.5822,-31.1359,8.9315,47.7227
98942,5673,9289,6478,4099,4625,5692,4793,3899,3639,4000,3640,3486,3223,3384,3261,3149,-23.5299,-5.57194,8.634,48.22
98943,4037,6387,9548,5748,3851,4526,5334,4563,3376,3638,3975,3619,3264,3229,3334,3291,-33.6437,5.55388,8.58284,47.8133
98944,7927,9752,4966,3754,5076,5334,4216,3521,3836,3654,3482,3391,3294,3417,3294,3135,-30.3226,-12.3517,8.8469,48.0327
98945,3414,3425,3218,3132,3931,3827,3409,3187,6560,4873,3678,3303,12223,5951,3832,3412,24.4135,-30.5264,8.67351,47.5833
98946,3199,3369,3260,3283,3395,3682,3761,3547,4109,5088,5234,4274,4587,7688,8617,5006,24.4305,1.80992,8.84597,48.066
98947,3315,3835,4924,5584,3322,4051,6573,8347,3375,3817,4908,5860,3188,3388,3885,3918,-6.41712,18.7984,8.96931,48.1933
98948,3451,3943,6015,11530,3297,3821,4942,7020,3124,3513,3682,4100,3065,3209,3411,3506,-22.1011,27.4812,8.55356,47.7527
98949,3009,3267,3365,3483,3293,3518,3971,4244,3353,3727,5215,7492,3290,3982,6189,10483,19.8189,24.3826,8.7902,47.9207
98950,4520,4276,3666,3309,6535,6212,3960,3495,6566,6332,4162,3442,4519,4272,3603,3398,0.381025,-15.6299,8.94721,48.178
98951,3439,3748,5412,9147,3467,3662,5071,8868,3205,3486,4131,4647,3103,3317,3521,3557,-15.2513,29.302,8.96794,47.854
98952,12101,5860,3964,3455,6628,4768,3781,3383,4095,3912,3451,3300,3398,3306,3194,3145,-23.819,-32.3696,8.75915,47.8273
98953,3256,3301,3271,3163,3824,3798,3616,3382,4904,5379,4249,3623,7502,9732,5297,3726,27.4918,-11.0926,8.61403,48.0153
98954,5432,5953,4257,3590,6207,8086,4816,3623,4356,4775,3801,3412,3680,3735,3401,3155,-10.4899,-11.2581,8.99891,48.186
98955,7323,9805,5305,3791,4966,5216,4286,3667,3893,3808,3490,3320,3336,3426,3280,3092,-30.5217,-10.8594,8.62194,48.0027
98956,3480,3898,5981,11287,3309,3800,4882,7302,3317,3515,3883,4317,3192,3293,3504,3343,-20.6851,28.6534,8.55753,48.202
98957,4747,8301,8252,4871,4143,4709,4990,4265,3524,3782,3789,3487,3319,3213,3312,3321,-27.3953,0.206581,8.7339,48.0167
98958,4505,4961,4036,3462,5674,7986,4854,3736,4826,5571,4285,3547,3738,4035,3609,3176,-5.11872,-9.65553,8.94376,48.0007
98959,3526,3594,3495,3365,3936,4419,4155,3559,4804,7488,5814,3955,4619,6188,5182,4005,12.1617,-3.6609,8.9703,48.0693
98960,3482,4156,5448,4889,3662,4700,7970,6074,3532,4128,5180,4786,3304,3396,3825,3708,-7.53401,10.6639,8.52899,48.16
98961,3435,3951,5513,9436,3462,3744,5081,8384,3257,3491,4058,4527,3132,3259,3429,3487,-16.1422,32.868,8.79279,47.764
98962,4029,4375,4149,3636,4443,6654,5760,3943,4335,6041,5285,3989,3842,4060,4006,3578,-1.50331,-2.62411,8.82951,48.0833
98963,3384,3463,3521,3309,3772,4189,4180,3633,4365,6519,6558,4303,4346,6104,5993,4470,13.6009,0.0579864,8.90065,48.0727
98964,11361,7031,4148,3405,5849,5030,3948,3311,3964,3754,3482,3302,3411,3445,3269,3081,-32.8367,-21.9284,8.52538,47.8607
98965,3764,3656,3332,3122,4943,4103,3492,3134,9644,5266,3833,3387,8275,5211,3808,3368,13.1058,-27.3614,8.96171,48.2253
98966,3406,3591,3773,3523,3640,4274,4849,4148,3929,5637,7939,5007,3862,4672,5571,4483,9.49388,5.02793,8.69766,48.2027
98967,5225,4410,3612,3281,8736,5608,3764,3423,7115,4919,3668,3372,4396,4035,3456,3295,-2.78124,-23.6241,8.80575,48.21
98968,3777,3720,3548,3412,4613,5269,4147,3541,5800,8415,4847,3753,4734,5274,4306,3562,7.16224,-9.36993,8.97637,48.4787
98969,3134,3242,3373,3233,3212,3455,3865,4064,3438,3914,4870,6793,3360,4007,5844,11921,23.3349,33.7851,8.89822,47.8167
98970,3343,3433,3204,3212,3900,3785,3606,3252,5203,5225,4169,3622,7896,9465,4945,3660,32.0366,-12.4013,8.75785,47.9467
98971,3060,3327,3435,3469,3203,3454,3782,3891,3461,3813,4799,5937,3428,4049,6611,12115,30.5533,24.2272,8.80411,47.8893
98972,3416,3392,3279,3150,3977,3781,3421,3236,6651,4854,3784,3436,12416,6162,3989,3372,24.1338,-28.6545,8.65163,48.2107
98973,3488,3943,6046,12726,3381,3877,4713,6073,3258,3458,3759,3861,3188,3259,3393,3433,-28.0015,32.8378,8.80682,47.904
98974,3077,3264,3686,3679,3257,3684,4315,4951,3328,4041,5737,9145,3321,3935,5240,7466,12.0891,23.3289,8.71857,48.084
98975,3444,3737,4217,4046,3695,4594,6273,4844,3718,4810,7398,5151,3412,4069,4524,4182,2.10744,7.74327,8.68138,48.076
98976,3219,3378,3633,3465,3583,4049,4271,3853,4045,5535,7129,4832,4066,5511,6828,4924,14.3669,4.07164,8.85116,48.214
98977,3572,4165,6291,5820,3514,4528,7900,6425,3423,3826,4592,4430,3215,3415,3653,3659,-11.6251,12.6671,8.97685,48.2853
98978,10828,5772,3913,3350,7849,5057,3773,3394,4257,3932,3481,3264,3501,3360,3155,3100,-18.982,-32.1201,8.97985,47.9907
98979,4799,4163,3517,3190,8466,5022,3683,3323,8351,4972,3782,3400,4757,4111,3525,3135,0.0102496,-29.0719,8.9591,48.1307
98980,7985,8837,4879,3677,5554,5672,4176,3482,3830,3984,3639,3344,3407,3417,3312,3075,-22.5355,-13.618,8.97703,48.18
98981,3348,3784,4835,5435,3474,4096,6603,8036,3352,3784,5054,5540,3184,3506,4002,4121,-6.31844,17.8108,8.72281,48.1027
98982,3225,3305,3376,3320,3253,3414,3761,3902,3385,3861,4699,5958,3396,3851,5949,12628,28.7733,32.8627,8.93498,47.522
98983,3400,3324,3222,3017,3994,3784,3481,3220,6121,4983,3950,3354,11584,7206,4093,3441,27.2072,-21.2354,8.92339,48.116
98984,3514,4294,6991,8577,3433,4055,5975,6930,3265,3575,4107,4288,3052,3181,3490,3384,-18.0688,17.6047,8.99717,48.074
98985,3179,3319,3562,3489,3482,3712,4344,4067,3721,4815,7291,5489,3827,4934,7528,5846,15.6206,8.98839,8.65087,48.4033
98986,3248,3316,3398,3305,3509,3717,4005,3741,3950,4872,5786,4641,4187,6388,8840,5619,22.3637,5.12552,8.73274,48.348
98987,4022,4733,4961,4089,4350,6977,7127,4389,3937,4817,4921,3833,3476,3699,3718,3373,-7.31937,0.322092,8.8864,48.2813
98988,3915,3814,3351,3072,5832,4543,3688,3295,9360,5743,3882,3347,6248,4882,3764,3207,7.76053,-23.2177,8.65608,47.962
98989,4056,4664,4392,3821,4591,7376,5955,4085,4187,5636,4801,3876,3650,3956,3830,3511,-4.48672,-3.38861,8.60165,48.258
98990,3306,3623,3823,3595,3569,4219,5093,4370,3794,5256,8028,5335,3670,4462,5539,4672,7.90002,7.54919,8.67292,48.236
98991,9956,6761,4122,3407,6857,5419,4018,3373,4155,4022,3497,3167,3520,3394,3253,2958,-20.5858,-20.3986,8.96918,47.9193
98992,6741,4811,3628,3309,10054,5353,3837,3361,5732,4353,3633,3231,3797,3697,3392,3192,-8.71508,-27.5473,8.75512,48.0807
98993,3330,3735,5464,9216,3306,3812,5219,8935,3265,3473,4054,4676,3096,3283,3548,3481,-15.2336,27.0003,8.97911,47.9287
98994,9849,7910,4389,3514,5859,5180,4019,3387,3882,3897,3426,3302,3467,3469,3219,3138,-26.4463,-18.0064,8.57962,47.938
98995,3499,4172,6912,7792,3513,4161,6275,6912,3356,3616,4131,4358,3072,3309,3497,3546,-16.7098,16.8727,8.59018,48.0807
98996,4365,4035,3476,3164,7059,4719,3704,3316,9354,5074,3663,3356,5349,4525,3544,3333,3.55887,-30.4431,8.75732,48.024
98997,10399,7785,4319,3478,6086,5184,3836,3539,3914,3855,3417,3255,3342,3404,3284,2945,-24.9239,-18.6033,8.97094,48.028
98998,3031,3266,3326,3424,3380,3665,4030,4124,3458,4114,5871,6425,3523,4396,7822,8507,19.8934,16.0887,8.95777,48.2413
98999,8000,5111,3841,3245,9679,5224,3804,3279,4997,4178,3528,3232,3697,3552,3271,3101,-12.3862,-28.4511,8.91768,47.826
99000,3391,3475,3290,3137,3914,4208,3614,3333,5409,6748,4604,3649,6247,8238,4907,3812,18.4572,-10.0118,8.80277,47.984
99001,8227,5228,3903,3357,9388,5192,3899,3334,4886,4136,3530,3193,3574,3570,3289,3139,-13.2379,-30.4422,8.89819,47.8967
99002,4606,4118,3518,3305,7978,4862,3734,3280,8492,4879,3723,3279,4808,4298,3554,3232,0.570608,-32.232,8.8753,47.7773
99003,3424,3643,4003,3700,3646,4296,5729,4556,3716,5104,7818,5179,3737,4249,4782,4455,5.04043,7.06387,8.52028,48.0247
99004,3121,3153,3465,3462,3240,3499,3836,3802,3384,3901,5026,5689,3494,4361,8240,10249,28.1267,17.7849,8.8971,47.948
99005,3480,4022,5570,5969,3492,4167,7216,7688,3319,3787,4759,4876,3148,3444,3749,3782,-10.0062,15.9501,8.87503,48.312
99006,3090,3150,3612,3496,3249,3663,4153,4271,3446,3920,5734,7448,3307,4064,6481,9040,17.8093,20.1471,8.81416,48.0827
99007,3173,3284,3433,3451,3114,3456,3807,3921,3359,3849,4832,5928,3409,3938,6652,12134,29.8888,23.6094,8.9878,47.8267
99008,3657,3593,3189,3127,4714,3882,3571,3203,9019,5248,3963,3360,9150,5430,3883,3386,15.2201,-28.5565,8.70246,48.25
99009,4319,7069,9307,5420,3937,4645,5105,4395,3492,3624,3886,3664,3308,3281,3332,3207,-28.001,4.02334,8.57821,47.994
99010,6453,9783,5915,4012,4766,5247,4389,3727,3706,3878,3688,3449,3407,3305,3291,3174,-30.1215,-7.61217,8.71509,48.1267
99011,3837,5819,10191,6414,3744,4247,5212,4848,3460,3648,3854,3714,3153,3276,3345,3395,-32.3539,8.15346,8.9944,48.1047
99012,3481,4000,4911,4645,3487,4615,7732,6185,3469,4088,5685,5117,3298,3602,4028,3944,-4.51519,11.9026,8.69776,48.1913
99013,5100,8583,7769,4592,4316,5172,4942,4075,3580,3746,3755,3433,3299,3389,3229,3235,-33.1438,-1.50314,8.80372,48.1433
99014,3328,3703,4514,4844,3521,4129,6656,7163,3428,3947,5650,6213,3204,3540,4066,4247,-2.61883,16.8745,8.6151,48.102
99015,4432,4781,4083,3600,5490,7937,4749,3743,4801,5967,4302,3687,3919,3995,3541,3452,-4.04554,-9.07578,8.98397,48.3193
99016,3154,3223,3355,3456,3453,3662,3913,3541,3996,4826,5396,4466,4426,7052,9380,5304,24.9002,3.32915,8.89659,48.402
99017,3541,3676,3379,3128,4589,4388,3723,3349,6654,7214,4364,3576,6439,6432,4267,3629,13.2465,-14.3037,8.50964,48.232
99018,3373,3999,6977,11562,3487,3802,4848,5889,3245,3472,3845,3935,3167,3247,3447,3422,-29.0403,22.2559,8.61973,47.8113
99019,3048,3210,3425,3301,3327,3418,3931,4135,3318,3828,4848,6551,3340,4025,5963,11908,23.9045,30.9944,8.62018,47.7173
99020,3599,4500,8165,8462,3481,4157,5699,5953,3258,3493,4004,3980,2993,3388,3397,3392,-21.0174,15.4734,8.84206,47.9473
99021,3422,3373,3326,3215,3572,3984,3885,3654,4338,5911,5482,4230,4889,7641,7101,4462,19.3191,-1.40744,8.8448,48.3233
99022,3388,3807,5340,8861,3502,3817,5078,8776,3288,3539,4014,4814,3160,3266,3529,3551,-14.7768,30.3295,8.57429,47.82
99023,3327,3848,5192,5807,3479,3997,6724,8129,3455,3842,4800,5272,3140,3619,3788,3844,-8.33528,18.3115,8.61911,48.1753
99024,3304,3321,3284,3104,3692,3846,3560,3327,4968,5196,4372,3635,7008,9781,5386,3865,31.0413,-9.56459,8.60491,47.766
99025,3815,3874,3528,3243,4949,5181,4030,3452,6679,7819,4606,3547,4988,5251,3953,3500,6.74604,-12.7709,8.89005,48.2767
99026,11792,6630,4154,3472,6571,4970,3760,3453,4054,3806,3269,3260,3353,3427,3271,3103,-23.7671,-24.146,8.96686,48.23
99027,3502,4449,8154,9885,3556,4002,5112,5939,3242,3481,3883,3842,3079,3353,3454,3367,-25.2342,17.664,8.82983,48.2
99028,3144,3197,3341,3346,3242,3534,3893,3844,3358,3755,4988,5857,3419,4194,7400,11196,26.1942,20.26,8.90244,47.8053
99029,3808,3764,3298,3175,5592,4366,3552,3274,9957,5276,3816,3364,6856,4925,3768,3313,8.92428,-29.4001,8.65957,48.0693
99030,3401,3430,3348,3211,3950,3784,3396,3343,5929,4739,3814,3391,12404,5941,4023,3430,30.5666,-30.8164,8.70722,47.6893
99031,3791,3551,3381,3154,5118,4467,3572,3363,9252,5832,3972,3315,7063,5115,3934,3403,10.795,-22.1507,8.84004,48.1887
99032,4438,5373,4663,3672,4981,8051,5685,3831,4095,4858,4391,3642,3660,3761,3583,3369,-8.43929,-4.82141,8.74587,48.0353
99033,3003,3223,3418,3347,3175,3407,3728,3926,3331,3890,4938,6241,3446,4036,6850,11683,25.4985,22.3599,8.92902,47.7613
99034,3243,3477,3512,3467,3337,3763,4222,4041,3762,4604,7305,5697,3782,4869,7346,5985,15.593,10.4805,8.74182,48.2747
99035,3216,3199,3387,3446,3183,3473,3775,4009,3460,3763,4729,6591,3432,3906,5902,12174,23.7612,31.4499,8.87097,47.7633
99036,3347,3931,5831,12924,3456,3785,4677,6026,3235,3418,3803,3906,3068,3335,3397,3342,-29.2959,31.2674,8.84945,47.654
99037,3363,3550,3957,4124,3497,4137,5848,5355,3569,4456,7493,6206,3396,3949,4737,4681,3.55647,12.6197,8.99394,48.212
99038,3514,3494,3252,3103,4348,4158,3650,3227,6789,6124,4164,3444,8064,7171,4346,3486,17.6717,-16.4775,8.83041,48.2227
99039,3747,4116,3775,3647,4430,6251,5310,3754,4595,6942,5772,4059,3920,4391,4185,3701,1.77893,-3.31074,8.93523,48.3967
99040,3831,4955,7218,5463,3777,4996,7612,5366,3527,3732,4352,4076,3250,3407,3404,3439,-14.7562,8.02752,8.57999,48.27
99041,3471,3494,3195,3063,4131,3917,3591,3218,6840,5615,3910,3365,9310,6988,4349,3585,19.4797,-19.0494,8.68275,48.028
99042,9930,5672,3756,3415,8139,5102,3780,3299,4553,4101,3494,3269,3627,3400,3293,3131,-17.6723,-26.7555,8.67416,47.974
99043,3329,3780,4842,6148,3401,3708,5213,9732,3284,3638,4468,6113,3186,3424,3701,3918,-7.10207,31.7026,8.83088,47.9233
99044,3381,3352,3257,3104,4020,3724,3567,3235,5779,5069,3842,3390,10539,7941,4216,3617,28.5153,-18.6,8.81354,48.022
99045,10888,7477,4233,3497,5938,4911,3924,3368,3906,3779,3461,3263,3393,3475,3187,3191,-28.3536,-20.0177,8.52015,47.9273
99046,3432,3973,6232,12168,3339,3865,4935,6259,3246,3445,3812,3983,3057,3277,3385,3398,-26.3147,26.9878,8.50974,47.8707
99047,3598,4076,6547,9117,3478,3923,5579,7491,3290,3495,4022,4358,3114,3277,3428,3609,-18.2663,21.0494,8.50175,48.268
99048,3174,3447,3725,3851,3348,3777,4858,4899,3489,4174,7332,7595,3358,3880,5406,5632,8.44827,15.8124,8.85236,47.9633
99049,3319,3947,5866,11151,3377,3772,4912,7393,3253,3489,3935,4230,3012,3214,3438,3401,-20.5601,28.5124,8.89363,47.806
99050,3559,3499,3263,3144,4677,4290,3620,3322,8005,5913,3964,3534,7978,5968,4076,3424,14.8646,-20.4571,8.6101,48.1573
99051,8717,5427,3879,3249,9193,5130,3775,3346,4862,4027,3574,3291,3693,3642,3296,3102,-14.8713,-28.2576,8.83109,48.1353
99052,3310,3734,4299,4407,3579,4297,6524,6056,3542,4267,6411,6070,3361,3714,4288,4327,0.1571,13.805,8.62169,48.124
99053,3311,3937,6117,12157,3468,3750,4803,6451,3241,3453,3902,3944,3266,3267,3427,3377,-24.7313,32.428,8.55385,47.914
99054,4032,5937,9045,6122,3641,4686,6184,4826,3434,3676,3871,3689,3131,3291,3363,3319,-20.9862,7.27981,8.86642,48.1647
99055,3528,3647,3839,3644,3888,4770,5367,4183,4141,6152,7443,4665,3819,4365,4838,4104,5.16239,2.95683,8.72372,48.262
99056,4154,3897,3472,3205,6876,4762,3626,3330,9128,5560,3894,3368,5575,4508,3704,3220,4.3344,-23.0974,8.93849,48.186
99057,3599,3705,3238,3082,4577,4147,3518,3226,8296,5343,3908,3463,9079,5857,3883,3320,15.8756,-23.6947,8.64562,48.1607
99058,3802,4712,5557,4692,3884,5541,7973,5056,3588,4328,4875,4159,3269,3589,3706,3646,-9.23292,6.0452,8.61474,48.2513
99059,3369,3906,5845,11367,3387,3837,4894,7242,3141,3489,3800,4144,3059,3299,3365,3467,-21.1168,28.7146,8.56627,47.7407
99060,3581,4676,9183,8645,3531,4000,5373,5303,3307,3563,3891,3777,3090,3297,3328,3380,-28.1343,13.9818,8.66838,47.95
99061,3535,3506,3260,3003,4455,4018,3527,3294,8454,5157,3796,3490,9477,5578,3974,3373,16.5135,-32.1879,8.68877,47.9313
99062,12331,6121,4021,3387,5984,4908,3693,3381,3995,3783,3532,3312,3452,3397,3340,3163,-32.1625,-27.3673,8.53385,47.8667
99063,6817,4864,3777,3372,9801,5491,3947,3479,5485,4399,3609,3215,3791,3587,3353,3186,-9.42689,-25.595,8.66728,48.1153
99064,11279,7297,4269,3446,5760,4948,3929,3420,3902,3797,3472,3182,3440,3323,3365,3060,-32.4412,-20.6928,8.71139,47.926
99065,7068,9813,5346,3789,4924,5359,4385,3675,3776,3792,3634,3395,3446,3413,3220,3187,-30.5117,-10.3618,8.65699,48.148
99066,3299,4057,6590,11998,3365,3888,4909,6296,3229,3434,3806,3915,3165,3239,3277,3486,-26.4998,24.4806,8.88245,47.9687
99067,5451,7578,5655,4075,4767,6877,5028,3902,3838,4145,3851,3516,3407,3489,3375,3214,-17.0027,-5.56281,8.8773,48.112
99068,3766,5192,9521,7379,3627,4173,5595,5283,3235,3580,3924,3815,3121,3209,3310,3436,-24.7473,11.3689,8.6213,48.1107
99069,3454,4059,5607,6475,3529,4110,6589,8263,3348,3757,4512,4875,3105,3410,3704,3853,-11.0443,18.2354,8.69868,48.4333
99070,3265,3473,3892,4181,3365,3685,4832,6630,3359,3867,5546,8942,3364,3710,4514,5414,4.25721,22.7687,8.97013,48.026
99071,3268,3294,3354,3366,3632,3724,3778,3633,3879,4878,5140,4327,4492,7354,8998,5365,30.1203,2.78899,8.6129,48.3213
99072,3318,3990,6559,12116,3344,3851,4771,6008,3221,3421,3725,3990,3226,3271,3380,3475,-32.9915,24.0285,8.62584,47.7773
99073,3422,3896,5717,10290,3198,3789,5130,8027,3169,3553,3960,4296,3159,3205,3396,3539,-18.0221,31.5061,8.81922,47.8307
99074,4126,4914,4770,4017,4499,7160,6520,4273,3964,5044,4810,3903,3541,3672,3884,3455,-7.15741,-1.31325,8.9315,48.368
99075,3767,4926,8436,7072,3544,4434,6158,5528,3308,3605,3980,3913,3212,3303,3456,3416,-20.5023,12.0705,8.59449,48.0387
99076,3282,3419,3357,3218,3605,3651,3847,3609,4088,4878,4936,4205,4585,8094,8548,4754,32.2434,0.71851,8.95257,48.0507
99077,3743,4537,6330,5534,3727,4886,7809,5843,3541,3910,4740,4345,3286,3421,3632,3543,-12.1859,10.256,8.52068,48.5513
99078,3325,4008,6710,12180,3281,3805,4793,5904,3322,3467,3825,3955,2977,3110,3457,3367,-28.5592,23.5006,8.86394,47.6573
99079,7806,7776,4572,3450,6287,6169,4176,3544,4080,4054,3634,3310,3443,3401,3344,3095,-18.8312,-15.2116,8.89213,48.094
99080,3295,3552,3544,3432,3568,4207,4681,3970,3994,5604,7990,5015,3925,4928,6315,4832,11.7268,5.21419,8.97261,48.568
99081,3923,4441,4034,3752,4589,7289,5587,3935,4314,5952,5202,3825,3744,4115,3980,3513,-2.1544,-4.03334,8.62817,48.13
99082,3504,4134,6933,9301,3468,3974,5561,6952,3319,3490,3986,4218,3152,3207,3499,3463,-19.1622,19.4077,8.73909,48.1073
99083,3775,3941,3562,3415,4776,5553,4104,3576,5768,8070,4884,3631,4692,5079,4112,3571,6.38753,-9.63072,8.66355,48.3393
99084,5401,7448,5293,3949,5098,7226,4893,3827,3955,4297,3837,3529,3514,3508,3422,3178,-15.4439,-7.3017,8.82458,48.25
99085,3197,3341,3434,3307,3456,3722,3789,3684,4015,4910,5226,4361,4417,7169,8986,5207,33.8276,2.77634,8.55202,48.1473
99086,9967,7250,4238,3540,6752,5400,3741,3481,4143,3811,3454,3274,3425,3544,3347,3029,-21.0209,-19.7915,8.78818,48.264
99087,3139,3253,3609,3522,3204,3618,4183,4393,3413,3959,6256,7606,3404,4012,6375,8222,16.1716,19.2034,8.61842,48.112
99088,3505,4161,6883,8803,3506,4011,5867,7050,3236,3547,4018,4279,3178,3193,3473,3621,-18.4392,18.822,8.60279,48.2207
99089,3355,3392,3251,3174,3900,3788,3437,3160,5945,4979,3840,3379,12172,6651,4043,3433,30.3353,-23.6278,8.96976,47.9327
99090,4045,4587,4404,3740,4546,7152,6106,4141,4258,5791,4952,3825,3646,3819,3863,3494,-3.28734,-2.30914,8.95894,48.246
99091,3053,3352,3534,3642,3348,3590,4221,4597,3419,3956,6194,7926,3418,4067,6163,7766,14.4197,18.8465,8.72919,48.164
99092,3155,3201,3308,3403,3241,3387,3772,3996,3365,3727,4841,6606,3384,3883,6053,12071,24.4258,29.8313,8.87356,47.5953
99093,3443,3858,6120,12678,3468,3779,4747,6387,3162,3518,3789,3929,3093,3183,3311,3308,-26.8546,29.4013,8.68869,47.8487
99094,3373,3846,5667,9676,3354,3653,5157,8468,3278,3565,4003,4541,3148,3288,3506,3591,-16.432,27.632,8.66807,48.076
99095,3451,4091,7366,11300,3395,3798,4985,5950,3180,3489,3783,3856,3071,3208,3369,3448,-27.8869,20.9437,8.92675,47.8267
99096,3607,3841,4078,3831,3776,4862,6411,4773,3687,5043,7411,5059,3485,4068,4412,4203,1.80675,6.63786,8.65655,48.3647
99097,3424,3920,5487,9761,3376,3723,4914,8417,3266,3498,3997,4592,3142,3344,3446,3512,-16.8763,30.4086,8.90756,47.8793
99098,4111,6698,9148,5467,3832,4769,5537,4440,3386,3791,4004,3685,3163,3254,3377,3323,-24.4828,4.40291,8.67578,47.99
99099,3352,4033,6686,12041,3363,3817,4804,6131,3301,3380,3803,3912,3048,3260,3395,3424,-30.9001,23.9913,8.65523,47.8333
99100,3285,3359,3234,3194,3664,3774,3644,3390,4383,5247,4692,3885,5547,9425,6817,4246,28.3493,-4.23392,8.58652,47.8573
99101,7664,6857,4306,3492,6898,6390,4200,3491,4356,4207,3581,3292,3531,3510,3251,3084,-16.6272,-16.4429,8.67769,48.0733
99102,3160,3363,3362,3326,3493,3795,3830,3557,4120,5082,5093,4288,4563,7806,8424,4840,25.367,1.0691,8.56959,48.068
99103,4406,4078,3489,3223,7407,4781,3647,3289,9003,5097,3864,3311,5194,4383,3621,3242,2.6409,-27.0921,8.69737,48.0233
99104,2980,3242,3365,3444,3215,3479,3824,3972,3395,3659,4946,6050,3471,4106,6876,11896,28.6952,22.7447,8.57837,47.9467
99105,5420,4695,3711,3300,8666,5891,3957,3387,6181,4893,3847,3293,4299,3971,3491,3265,-4.83901,-21.3231,8.61122,48.178
99106,3665,3672,3364,3064,4882,4529,3565,3353,8293,6671,4046,3526,6550,5572,4019,3453,11.3099,-18.4675,8.7612,48.1493
99107,3449,3916,4365,4220,3582,4699,6758,5133,3606,4695,6943,5267,3572,3847,4292,4228,0.34129,9.20902,8.64557,48.3813
99108,3909,5748,9585,6452,3733,4545,5633,4793,3449,3724,3846,3689,3146,3294,3345,3307,-24.2118,8.09519,8.62616,48.132
99109,11303,6043,3886,3365,6899,4885,3820,3324,4029,3878,3413,3249,3485,3498,3181,3166,-22.1496,-25.5973,8.64381,47.616
99110,3280,3523,3424,3262,3834,4074,4074,3553,4428,6419,6275,4233,4612,6493,6315,4406,15.2955,-0.656398,8.60772,48.1367
99111,3290,3711,4604,4878,3406,4093,6041,7524,3370,3900,5453,6590,3265,3595,4113,4279,-2.09526,18.712,8.5749,48.0747
99112,3162,3283,3386,3363,3468,3566,3767,3716,3796,4402,5201,4789,3957,5815,9837,6352,30.4987,7.73448,8.69672,47.9067
99113,5991,6825,4614,3613,5997,7448,4561,3773,4263,4420,3805,3342,3553,3612,3328,3133,-13.609,-11.368,8.73507,48.1853
99114,3496,3628,3424,3402,4052,4565,4152,3567,4862,7527,5654,4026,4644,6092,5112,3989,11.5533,-4.69803,8.61752,48.128
99115,2995,3342,3581,3632,3211,3596,4109,4704,3419,3730,5204,8996,3210,3778,5426,8729,14.6609,28.4746,8.5144,47.7747
99116,3452,3404,3275,3050,4013,3706,3435,3221,6043,4756,3782,3351,12758,6106,3829,3394,30.9686,-29.2686,8.89322,47.7167
99117,10665,7273,4239,3361,6220,5051,4012,3502,4119,3901,3480,3188,3482,3481,3218,3046,-23.9638,-20.0655,8.59106,48.1587
99118,3273,3846,5321,8137,3370,3853,5273,9322,3184,3632,4127,5010,3159,3325,3601,3667,-13.2201,26.4237,8.79687,48.0667
99119,12444,6182,4104,3471,6082,4649,3791,3413,3837,3729,3420,3218,3556,3417,3264,3144,-30.0433,-27.5106,8.59405,47.814
99120,3084,3172,3334,3192,3300,3339,3832,3928,3428,3783,4877,6294,3474,3942,5926,12442,25.6601,33.9229,8.75272,47.5647
99121,6775,9562,5503,3892,4961,5803,4488,3789,3803,3970,3697,3268,3412,3374,3285,3128,-24.0804,-9.18419,8.51536,48.4733
99122,3651,3802,3411,3371,4494,5192,4071,3536,5796,8048,4866,3750,4908,5530,4356,3565,7.98166,-9.62517,8.68487,48.2313
99123,3317,3733,4931,6868,3333,3654,5276,9964,3296,3554,4227,5592,3109,3293,3772,3909,-9.36246,31.8276,8.88403,47.8853
99124,8626,5516,3806,3359,9066,5199,3894,3313,4828,4234,3531,3176,3535,3514,3292,3143,-14.2305,-25.7772,8.89954,48.0213
99125,3073,3188,3357,3318,3265,3454,3749,3835,3336,3731,4740,6009,3420,3867,5960,12788,29.5152,32.7675,8.8965,47.3933
99126,3308,3476,3485,3416,3591,4026,4264,3964,4013,5770,7502,4816,4072,5526,6613,4761,13.464,3.9336,8.95449,48.402
99127,3416,3669,4340,4444,3479,4205,6608,6026,3555,4177,6624,6268,3275,3752,4249,4459,0.338292,13.8916,8.83629,48.364
99128,3161,3441,3918,4110,3308,3678,4857,6276,3394,3888,5951,9040,3328,3677,4604,5551,5.3821,22.3163,8.76425,48.1213
99129,3673,4638,7126,6483,3617,4379,7078,6046,3346,3716,4255,4126,3190,3389,3355,3466,-15.3339,12.7366,8.60039,47.922
99130,4210,5036,4355,3712,5008,7890,5424,3755,4448,5580,4478,3723,3678,3859,3581,3365,-5.43939,-6.23313,8.70261,48.068
99131,3484,3919,6062,12555,3407,3640,4813,5921,3264,3514,3756,3897,3137,3285,3398,3232,-29.438,31.4947,8.56669,47.5227
99132,3465,4250,7366,9732,3455,4041,5525,6547,3340,3503,3900,3975,2978,3228,3403,3346,-21.1048,18.5306,8.76804,48.036
99133,3331,3721,4781,6053,3377,3770,5308,9842,3292,3563,4539,6243,3179,3359,3745,4106,-6.6174,28.5452,8.65875,48.1393
99134,3839,4088,3799,3537,4473,6127,4934,3727,4809,7374,5671,3955,4044,4535,4071,3641,2.73701,-4.55511,8.87261,48.416
99135,4756,4426,3650,3422,7281,6287,3958,3588,6657,5696,3963,3290,4461,4309,3594,3310,-1.20055,-17.7272,8.81271,48.432
99136,3116,3292,3316,3325,3378,3535,3820,3818,3604,4073,5222,5075,3698,4982,9698,8172,27.3792,12.7366,8.95941,48.0827
99137,3936,5174,7131,5442,3703,5125,7389,5181,3475,3845,4372,4125,3235,3408,3497,3495,-15.0823,7.04582,8.80426,48.3553
99138,3412,3896,5572,9433,3334,3872,5068,8646,3202,3483,4052,4547,3087,3338,3557,3497,-15.9602,27.7291,8.78154,47.9973
99139,4299,4004,3503,3152,7365,4693,3687,3334,9260,5062,3592,3501,5292,4169,3559,3212,3.12457,-28.6256,8.90939,47.7893
99140,7005,6568,4306,3573,6905,6723,4230,3581,4330,4265,3564,3294,3535,3621,3345,3098,-14.9093,-15.4406,8.58509,47.962
99141,3247,3354,3357,3268,3554,3619,3855,3694,3846,4669,5054,4310,4369,7115,9200,5345,30.9028,3.38169,8.78164,47.904
99142,3382,3303,3245,3145,3764,3896,3610,3351,4938,5175,4255,3700,6917,10051,5468,3732,30.3853,-9.9815,8.92667,47.9547
99143,8235,8002,4662,3666,6009,6022,4045,3475,4069,4067,3666,3268,3490,3471,3358,3122,-20.14,-14.9623,8.80875,48.418
99144,3594,3925,4250,3819,3844,5238,6476,4532,4106,5358,6921,4572,3698,4078,4286,3927,0.638331,4.47517,8.80427,48.416
99145,3279,3249,3418,3374,3249,3572,3779,3969,3351,3758,4730,5873,3382,3928,6056,12590,27.4969,33.2538,8.81382,47.7047
99146,11921,6360,3865,3362,6777,4972,3797,3399,3965,3826,3529,3183,3257,3366,3151,3141,-22.9233,-25.5117,8.95477,47.914
99147,3184,3187,3327,3302,3436,3611,3941,3728,3734,4682,6033,4834,3994,5813,9288,6129,22.0595,7.34429,8.85731,48.1487
99148,7041,9948,5509,3880,4813,5432,4321,3751,3716,3861,3538,3393,3350,3325,3358,3120,-26.3323,-9.63691,8.54712,48.2373
99149,3061,3224,3451,3375,3236,3611,3927,4095,3477,4013,5524,6704,3474,4230,7167,9636,21.0201,19.2189,8.68438,48.1367
99150,3154,3356,3659,3629,3185,3439,4212,5159,3302,3886,5271,9697,3303,3826,5133,7502,11.5757,31.7437,8.78666,47.8087
99151,3221,3473,3753,3959,3429,3859,4976,5530,3406,4055,6588,8272,3335,3875,5122,5627,7.11731,18.1772,8.55996,48.32
99152,3268,3316,3328,3205,3494,3806,3664,3471,4391,5093,4846,4071,5227,8911,7538,4445,31.143,-2.45887,8.86736,48.0493
99153,4207,3880,3500,3136,6052,4923,3775,3378,8587,6121,4035,3461,5504,4713,3725,3230,5.69182,-20.683,8.50434,48.1513
99154,4631,4086,3584,3148,7775,4792,3718,3379,8675,4893,3786,3388,5084,4241,3428,3185,1.18837,-28.1753,8.89528,47.862
99155,3325,3877,5268,8286,3470,3921,5322,9270,3244,3571,4178,4954,3151,3344,3502,3713,-13.3963,27.958,8.72894,48.264
99156,3073,3338,3591,3762,3238,3565,4065,5049,3380,3976,5501,9470,3379,3954,5186,7544,11.9403,26.2725,8.50289,48.0473
99157,5108,6704,5190,3937,5086,7563,5462,3952,3943,4435,3962,3551,3410,3490,3331,3265,-13.4264,-5.54567,8.78024,48.2593
99158,4244,3933,3446,3139,6508,4658,3632,3339,9271,5496,3742,3462,5796,4626,3640,3278,5.31289,-25.9022,8.52003,48.14
99159,3272,3975,6069,11158,3330,3773,5027,7374,3290,3376,3827,4179,3149,3283,3374,3396,-20.7352,26.5512,8.77173,47.9013
99160,6191,6516,4397,3548,6626,7220,4462,3633,4424,4488,3687,3359,3594,3466,3447,3096,-13.5051,-13.793,8.50496,48.1027
99161,3131,3278,3542,3719,3350,3637,4522,5090,3402,4083,6230,8484,3348,3895,5459,6828,11.251,19.5976,8.70292,47.9987
99162,3303,3355,3102,3033,3798,3771,3536,3246,5343,5117,4056,3447,9216,8953,4754,3579,30.3982,-15.2744,8.91194,47.7393
99163,3261,3415,3270,3236,3476,3588,3631,3504,4072,5015,5085,4185,4521,7655,8914,5136,27.4353,1.45748,8.97546,47.976
99164,7808,4947,3816,3411,9861,5302,3910,3330,5156,4088,3492,3221,3807,3611,3250,3189,-11.5516,-31.2572,8.94734,48.1327
99165,12613,6146,3926,3304,6047,4782,3665,3317,3943,3843,3370,3269,3349,3429,3383,3209,-33.4181,-26.3073,8.76867,47.73
99166,10712,7757,4222,3500,5737,5124,3966,3371,3886,3887,3454,3210,3447,3296,3209,3202,-32.1912,-18.9477,8.99818,47.9867
99167,4865,7854,6531,4415,4452,6103,5448,4037,3648,3981,3760,3532,3287,3405,3415,3268,-18.6606,-2.30818,8.91188,48.0007
99168,9660,8708,4450,3549,5483,5229,4002,3371,3852,3836,3489,3254,3391,3364,3319,3251,-28.5539,-16.6575,8.80097,48.1387
99169,3402,3395,3292,3153,3890,3683,3425,3226,6027,4930,3687,3340,12527,6278,3938,3377,33.2982,-25.6249,8.9199,47.7133
99170,7614,5288,3878,3282,9340,5623,3835,3478,5225,4308,3501,3252,3784,3615,3306,3049,-11.7321,-23.4088,8.8696,48.252
99171,3100,3284,3489,3552,3285,3471,4041,4719,3422,3827,5229,8944,3252,3826,5428,9030,14.8151,30.1473,8.61142,47.9327
99172,3268,3373,3323,3259,3685,4020,3767,3417,4667,6235,4944,3887,5558,8821,6037,4162,19.9358,-5.63853,8.93405,48.282
99173,3400,3362,3209,3076,3955,3799,3460,3151,5949,4909,3866,3516,11342,7139,4118,3431,27.6399,-21.6232,8.68545,47.788
99174,4257,4066,3444,3163,6959,4712,3754,3259,9303,5540,3852,3414,5477,4538,3543,3309,4.01323,-25.0008,8.83344,48.3933
99175,3149,3364,3709,3647,3308,3523,4383,4767,3413,4008,6078,8306,3403,4027,5881,7428,13.2035,19.876,8.76186,48.2627
99176,3868,4459,4317,3815,4379,6640,6308,4134,4131,5674,5252,3989,3701,4018,3907,3581,-3.04212,-1.29751,8.87317,48.1153
99177,7810,7528,4580,3573,6293,6237,4099,3532,4116,4108,3649,3318,3568,3387,3304,3136,-18.5404,-15.4948,8.77139,48.1587
99178,5046,8743,8028,4525,4182,5165,4761,4180,3539,3733,3796,3529,3217,3373,3388,3258,-29.8512,-1.60203,8.88079,48.3087
99179,6822,9756,5499,3803,4896,5423,4297,3571,3727,3881,3693,3348,3411,3356,3203,3094,-27.5627,-9.52651,8.5948,47.8533
99180,3422,3740,4964,6170,3370,3848,5593,9602,3388,3678,4464,5899,3208,3304,3723,3916,-7.75575,23.415,8.75823,48.1927
99181,3113,3340,3476,3375,3231,3366,3755,3880,3396,3690,4864,6026,3400,4014,6380,12282,28.7293,24.4445,8.72245,47.7253
99182,8698,6980,4201,3519,7109,5847,4075,3457,4370,3985,3568,3232,3473,3461,3294,3027,-17.8118,-18.5297,8.82116,48.1973
99183,4062,3868,3508,3121,6220,4436,3568,3331,10102,5198,3763,3259,6087,4642,3608,3235,6.34577,-30.8359,8.99994,48.0053
99184,3401,3520,3386,3307,3802,4091,3865,3582,4522,6426,5601,4124,4827,7123,6315,4250,17.0129,-2.27081,8.66868,48.0947
99185,6441,5739,4059,3475,7696,6787,4071,3483,4795,4657,3718,3298,3795,3630,3362,3250,-11.1192,-17.0769,8.52298,48.1707
99186,3357,3324,3382,3152,4065,3918,3560,3234,5598,5498,4226,3594,8635,8525,4685,3596,23.5739,-14.5768,8.56804,48.2327
99187,3331,3418,3197,3138,3915,3906,3629,3298,5210,5415,4165,3597,7690,9475,5024,3798,25.4546,-12.1254,8.76398,48.1373
99188,3133,3232,3571,3755,3277,3615,4416,5279,3362,3823,5297,10041,3271,3796,5074,7362,10.6961,28.5222,8.82237,48.2027
99189,8229,5094,3724,3404,9526,5217,3856,3346,5126,4154,3552,3279,3633,3611,3297,3065,-12.7262,-29.7374,8.73535,48.0753
99190,3261,3495,3271,3096,3924,3847,3424,3283,5749,5146,4008,3499,10225,7911,4352,3440,27.8072,-18.4816,8.6673,47.954
99191,7170,10010,5505,3841,4797,5323,4192,3572,3753,3833,3721,3347,3302,3364,3226,3095,-27.8198,-10.1952,8.76991,48.034
99192,3498,3918,5646,10454,3406,3840,4984,7824,3140,3488,3812,4258,3207,3155,3449,3420,-18.7924,32.7801,8.87555,47.666
99193,3341,4057,5387,5905,3408,4201,7095,7637,3370,3760,4798,5101,3118,3388,3775,3908,-8.97196,16.4437,8.64156,48.166
99194,3290,3638,4278,5271,3388,3826,5037,8902,3350,3664,4814,7527,3283,3542,3987,4501,-2.33534,31.1575,8.52917,48.1987
99195,10540,7947,4252,3509,5565,5032,4051,3390,3918,3831,3530,3353,3392,3315,3194,3133,-31.4224,-18.7686,8.76868,47.968
99196,3659,3979,4038,3650,4110,5393,5574,3950,4138,6313,6638,4386,3761,4390,4452,3809,2.73784,1.07253,8.90507,48.16
99197,7586,5001,3836,3443,9611,5284,3822,3405,5204,4169,3571,3341,3720,3576,3344,3136,-11.5189,-28.2225,8.63399,48.0327
99198,3353,3338,3375,3290,3516,3778,3793,3516,4255,5098,5231,4116,4826,8206,7990,4759,25.0574,-0.197528,8.59898,48.2933
99199,4371,6672,8799,5362,4029,4944,5653,4462,3538,3719,3969,3735,3187,3392,3357,3295,-22.9481,3.71185,8.59268,48.3227
99200,3393,3394,3329,3072,3916,3728,3534,3267,6170,5020,3866,3421,11013,7220,4250,3352,25.6954,-21.0784,8.54982,47.9633
99201,3412,3450,3270,3120,4038,3861,3452,3254,6848,4929,3786,3452,11829,6322,3965,3353,22.819,-24.0999,8.97237,48.2273
99202,3427,3389,3323,3213,3527,3802,3794,3515,4280,5265,4977,4119,5255,8558,7495,4432,25.5422,-2.24127,8.5257,48.2473
99203,3106,3244,3438,3291,3405,3660,3894,3798,3829,4716,6086,4880,4042,5653,9014,6032,21.2491,7.46399,8.70315,48.0587
99204,9920,5636,4007,3398,8177,5015,3765,3402,4346,3906,3397,3241,3532,3356,3207,3189,-17.5896,-33.0865,8.70852,47.6627
99205,9210,6565,4113,3364,7504,5651,3956,3462,4244,4040,3539,3233,3452,3539,3324,3165,-18.3845,-20.6944,8.61929,48.2407
99206,3338,3428,3187,3117,3862,3794,3375,3264,5957,4827,3899,3430,11886,7121,4013,3441,29.9903,-22.0559,8.90915,47.9593
99207,3230,3503,3890,3718,3566,4146,5264,4491,3663,4962,8206,5765,3512,4190,5339,4792,7.03107,9.59537,8.71173,48.158
99208,5248,8674,7032,4422,4455,5729,5034,4058,3631,3863,3675,3467,3234,3461,3335,3192,-22.8764,-2.89762,8.78877,48.34
99209,3382,4217,7302,11038,3388,3917,4968,6037,3257,3547,3869,3906,3096,3240,3461,3271,-28.3204,20.9714,8.57042,47.9307
99210,10653,7518,4085,3375,5876,5081,4079,3427,3881,3804,3474,3305,3435,3435,3266,3043,-32.8155,-19.7994,8.50205,47.8247
99211,3469,3687,3734,3448,3897,4595,4872,3922,4196,6510,7261,4631,4031,4883,5172,4088,8.05728,1.52724,8.74483,48.264
99212,3566,4861,8627,8513,3598,4033,5516,5433,3316,3654,3813,3769,3069,3224,3469,3403,-25.1781,14.339,8.54003,47.9093
99213,3479,3317,3275,3161,3792,3617,3471,3304,5965,4668,3813,3467,12751,5854,3883,3451,29.4788,-31.182,8.72028,47.512
99214,10232,5875,3897,3372,7916,5130,3816,3416,4316,4015,3541,3244,3509,3448,3210,3125,-18.4161,-25.964,8.54093,48.0413
99215,10219,8297,4412,3506,5673,5247,4033,3443,3785,3859,3493,3254,3271,3448,3224,3208,-27.1648,-17.8538,8.74769,48.248
99216,3484,3534,3334,3175,3987,4189,3738,3389,5548,7379,4716,3632,5902,7714,4921,3738,15.8494,-9.08645,8.8989,48.2533
99217,6616,4901,3681,3306,10064,5140,3786,3419,5733,4378,3726,3219,3852,3710,3282,3087,-8.79942,-30.3502,8.94301,47.9333
99218,3570,4101,7061,9889,3417,4028,5314,6644,3226,3571,3903,4172,3106,3265,3497,3453,-21.4409,19.9493,8.57842,48.1447
99219,3804,3636,3358,3097,5514,4248,3552,3260,9646,5569,3854,3353,6996,5095,3781,3335,10.1935,-25.5777,8.68967,48.0653
99220,4030,3791,3336,3085,6026,4289,3661,3369,9774,5431,3787,3382,6363,4712,3753,3352,7.54142,-27.109,8.54408,48.094
99221,3480,3394,3278,3002,4043,3806,3532,3201,6357,5310,4061,3413,10366,7487,4289,3400,23.418,-19.7,8.91055,48.2793
99222,5358,7727,5622,3969,4880,6765,5189,3978,3810,4246,3769,3465,3393,3471,3364,3253,-16.9448,-5.43234,8.73227,48.1727
99223,3366,3886,6225,12382,3535,3832,4787,6318,3319,3436,3730,3842,3161,3200,3274,3321,-27.6608,27.8063,8.75172,47.7427
99224,3301,3476,3343,3242,3765,4110,3840,3496,4988,6799,5102,3860,5460,7889,5667,4102,17.4908,-5.80237,8.58497,48.2933
99225,3367,3794,5320,8425,3358,3839,5386,9465,3303,3559,4040,4801,3148,3294,3643,3511,-13.7471,29.2211,8.65021,48.1687
99226,12289,5878,3805,3303,6692,4797,3887,3385,4013,3821,3379,3286,3324,3276,3169,3253,-23.8786,-32.2738,8.95416,47.7047
99227,3106,3258,3415,3498,3383,3628,4012,4092,3374,4054,5781,6623,3541,4438,7487,8776,19.6132,17.62,8.72911,48.3107
99228,3393,3405,3266,3175,3910,3835,3564,3277,5095,5770,4340,3663,7081,9344,5326,3779,23.7276,-10.7577,8.53561,48.1487
99229,3807,5271,9917,7171,3648,4308,5358,5131,3291,3612,3808,3834,3094,3282,3307,3380,-31.7904,10.8455,8.88675,48.146
99230,9378,7763,4386,3494,6099,5350,3912,3450,4044,3940,3603,3306,3364,3494,3277,3138,-22.2751,-17.4698,8.64482,47.9987
99231,3432,3749,4170,4254,3501,4420,6495,5485,3581,4592,7029,5795,3481,3836,4466,4374,1.47552,11.6356,8.85566,48.44
99232,3725,5262,10136,7357,3546,4201,5233,4979,3310,3539,3762,3759,3034,3278,3378,3361,-32.6422,10.5376,8.96892,47.9067
99233,3389,3944,5409,5721,3503,4195,7174,7381,3462,3789,4826,5138,3052,3454,3806,3887,-9.45641,15.7507,8.6798,48.0867
99234,3438,4021,6236,11713,3328,3756,4976,6880,3220,3523,3780,4108,3080,3280,3419,3418,-22.3227,25.8809,8.93071,48.1173
99235,3362,4117,7433,11346,3305,3910,4934,5896,3251,3506,3794,3907,3160,3305,3450,3454,-30.3053,20.8962,8.76583,48.0867
99236,3087,3283,3353,3320,3321,3581,3797,3880,3418,3733,4806,5834,3452,3808,6205,12642,28.7945,33.2215,8.74912,47.68
99237,3001,3354,3389,3310,3296,3593,3762,4039,3407,4087,5210,5755,3447,4444,8303,9857,26.2926,17.2227,8.72537,48.1693
99238,3959,5486,8638,6061,3849,4626,6309,5114,3484,3719,3892,3815,3070,3314,3315,3410,-20.0893,8.44235,8.59343,48.0407
99239,3339,3355,3354,3220,3777,3827,3604,3311,5109,5423,4182,3618,7814,9394,5113,3632,27.8132,-11.8386,8.63892,48.048
99240,3286,3334,3301,3176,3836,3866,3448,3285,6247,4584,3778,3320,12625,6142,4005,3432,27.5973,-28.267,8.86997,47.7767
99241,10168,8098,4335,3482,5479,5059,3923,3429,3945,3827,3506,3237,3350,3465,3258,3202,-32.3754,-17.9322,8.69915,47.842
99242,3381,3695,3807,3752,3747,4548,5586,4373,3899,5699,7997,4815,3718,4302,4927,4199,5.49717,5.31098,8.99642,48.2967
99243,3631,3657,3417,3168,4237,4808,3946,3365,5948,8017,4890,3599,5357,6317,4437,3638,11.3555,-10.2721,8.95836,48.288
99244,3464,3948,5823,6209,3517,4126,6948,7855,3278,3752,4385,4838,3196,3238,3682,3705,-10.7521,16.8212,8.91232,47.976
99245,3279,3279,3360,3112,3681,3777,3646,3478,4487,5289,4654,3854,5829,9586,6674,4192,27.0391,-5.52816,8.60888,48.118
99246,3191,3379,3608,3742,3298,3537,4145,4991,3450,3948,5288,9429,3336,3758,5107,7938,12.2394,31.5065,8.69327,48.0967
99247,3396,3583,4156,5096,3307,3853,5062,8697,3336,3702,4899,7740,3256,3473,4120,4600,-1.82799,26.0353,8.73531,48.184
99248,3466,3441,3367,3107,4426,3979,3514,3344,8361,5059,3912,3440,9821,5695,3934,3309,17.3292,-26.8461,8.7449,48.1167
99249,3360,3741,4940,7548,3311,3694,5229,9863,3354,3647,4210,5221,3197,3317,3536,3792,-11.4293,29.2146,8.88155,47.9733
99250,5464,4545,3743,3397,8579,6049,3841,3344,6359,5128,3733,3282,4230,3910,3531,3175,-4.52038,-20.4929,8.90884,48.2067
99251,5870,7699,4924,3830,5342,7201,4743,3657,3986,4190,3692,3520,3561,3500,3324,3257,-16.3371,-9.46212,8.89011,48.1973
99252,3451,3662,3745,3421,3771,4542,4758,3934,4263,6706,7062,4539,3972,5049,5258,4169,8.82161,1.01226,8.56572,48.2013
99253,3182,3228,3533,3553,3277,3603,4011,4550,3381,3837,5099,8569,3340,3849,5521,9397,16.0531,30.3813,8.62032,47.9533
99254,4471,7327,8970,5219,4060,4736,5227,4225,3462,3639,3829,3724,3196,3261,3460,3296,-25.987,2.74072,8.76437,48.068
99255,3889,4787,7099,5789,3765,4713,7482,5786,3543,3793,4384,4058,3088,3455,3578,3498,-14.5024,9.54319,8.58606,48.4713
99256,3407,4164,6826,11830,3424,3754,4965,6325,3080,3466,3770,3945,3028,3294,3233,3485,-25.7068,23.2563,8.90429,47.9973
99257,3481,4069,4957,4716,3601,4490,7774,6286,3428,4140,5524,4974,3260,3612,4012,3995,-5.21566,11.8792,8.73241,48.2127
99258,4576,6864,6447,4439,4195,6395,6204,4243,3607,4020,4092,3614,3400,3396,3438,3264,-16.0175,-0.600263,8.92232,48.1293
99259,3352,3953,5125,6235,3418,3949,6531,8583,3264,3684,4669,5336,3088,3384,3839,3714,-8.8529,19.4681,8.68661,48.0827
99260,3397,3488,3263,3093,3908,3957,3403,3217,6497,4866,3836,3418,11607,6418,4019,3325,24.2863,-25.5399,8.58511,47.808
99261,4271,5094,4498,3847,4848,7508,6015,3963,4181,5318,4639,3772,3545,3851,3701,3375,-6.13681,-3.72862,8.53788,48.284
99262,12805,6080,3915,3277,6061,4921,3807,3374,3869,3738,3466,3155,3394,3453,3216,3167,-31.6383,-28.1459,8.88598,47.7987
99263,5358,9449,6911,4164,4523,5135,4918,3882,3730,3804,3705,3441,3395,3393,3273,3175,-32.9547,-4.04188,8.6555,48.1707
99264,3150,3057,3355,3304,3285,3512,3899,3862,3461,4033,5311,5525,3631,4730,8909,8844,26.036,15.0968,8.64589,47.912
99265,3358,3974,5180,5918,3526,4129,6588,8350,3361,3764,4659,5232,3169,3457,3809,3837,-8.2988,18.441,8.81255,48.2073
99266,3384,3645,4100,4202,3511,4143,6402,5897,3458,4210,6830,6189,3383,3648,4515,4617,1.31325,14.0769,8.77369,48.0893
99267,3380,3852,5076,7614,3362,3855,5167,9707,3293,3563,4231,5180,3120,3256,3645,3834,-11.5337,31.4246,8.59428,48.09
99268,3390,3660,3701,3528,3618,4451,4857,3947,4042,6225,7642,4643,3921,4849,5428,4190,8.55494,2.76461,8.8548,48.0613
99269,3238,3393,3426,3223,3666,3974,3810,3597,4470,6064,5667,4220,4835,7382,6833,4509,18.6461,-1.39393,8.70153,48.2047
99270,7145,7340,4497,3463,6375,6680,4415,3530,4298,4175,3622,3380,3525,3540,3373,3139,-16.9637,-14.1181,8.79942,48.3313
99271,3164,3277,3581,3534,3350,3637,4246,4582,3496,4042,6221,7891,3466,4055,5850,7685,13.9022,19.0929,8.51512,48.0513
99272,3215,3521,3583,3408,3541,3655,4234,3975,3819,4806,7194,5392,3824,4848,7395,5828,15.4334,8.99562,8.58602,48.1587
99273,3320,3652,4386,5135,3310,3675,5007,9066,3358,3709,4846,7691,3192,3446,4040,4517,-2.44061,30.6899,8.69495,48.2333
99274,3152,3156,3401,3369,3159,3452,3875,3909,3390,3877,4983,5813,3638,4355,7874,10347,27.7901,18.4099,8.70644,47.8333
99275,6171,4682,3716,3315,9778,5303,3653,3390,6147,4346,3732,3259,4092,3782,3322,3031,-7.20673,-27.8705,8.66225,47.8127
99276,3203,3252,3427,3461,3329,3671,3794,3810,3389,3995,5243,5458,3614,4793,8669,9350,29.1482,15.8646,8.5629,48.3053
99277,10190,7987,4382,3395,5873,5157,3980,3455,4002,3791,3402,3359,3499,3443,3202,3023,-25.9393,-18.122,8.7717,48.0933
99278,3285,3333,3235,3271,3641,3807,3769,3412,4434,5888,5133,3946,5250,8585,6488,4314,20.9954,-3.81746,8.90189,47.8607
99279,3546,4248,7352,9412,3536,3968,5637,6397,3261,3508,4027,4034,3054,3350,3394,3361,-20.5648,18.3587,8.79574,48.0567
99280,3473,3346,3252,3154,3980,3835,3451,3329,5889,4956,3884,3329,11574,6927,4086,3394,27.7648,-23.0941,8.50062,47.906
99281,4177,5816,6572,4768,4197,6293,6797,4478,3635,4037,4231,3708,3362,3463,3489,3375,-14.2599,1.70316,8.85357,48.2653
99282,4293,5894,7233,4830,4096,5719,6647,4578,3693,4005,4030,3732,3269,3478,3556,3288,-16.4835,2.63379,8.68794,48.2273
99283,3391,3812,5291,7901,3402,3842,5275,9458,3325,3536,4148,5160,3158,3283,3613,3743,-12.1772,27.1174,8.78424,48.2253
99284,3385,3959,5824,9947,3399,3869,5238,8072,3162,3507,3888,4507,3101,3224,3460,3487,-17.8657,26.0647,8.83551,48.0193
99285,3111,3391,3509,3591,3370,3697,4538,4397,3623,4410,7291,6537,3529,4289,6597,6235,13.3707,13.3584,8.79977,48.0767
99286,3168,3338,3414,3407,3149,3359,3795,3946,3357,3675,4863,6014,3241,3906,6280,12641,33.851,26.2834,8.9512,47.702
99287,4032,4894,5311,4218,4226,6492,7482,4380,3746,4443,4887,4045,3413,3663,3720,3520,-8.80297,2.009,8.79869,48.3147
99288,5042,4502,3659,3299,8020,6072,3948,3458,6637,5271,3951,3390,4263,4004,3518,3303,-2.81011,-20.107,8.82864,48.2247
99289,4047,4495,4042,3615,4861,7393,5237,3814,4492,6172,4804,3742,3844,4255,3844,3374,-2.35947,-5.86271,8.53963,48.0207
99290,3356,3396,3306,3039,4204,3815,3458,3094,7289,4908,3869,3400,11374,5936,3933,3364,20.9317,-29.0842,8.6616,47.8273
99291,3169,3207,3419,3337,3271,3644,3928,3885,3576,4065,5645,5817,3550,4584,8621,8527,22.8616,14.9288,8.82358,48.1633
99292,4350,4262,3704,3323,5807,6133,4118,3496,6055,7043,4450,3565,4459,4468,3771,3342,1.60459,-13.2941,8.54529,48.2307
99293,3148,3597,4302,4533,3391,3870,5925,6852,3448,3854,6013,7243,3286,3579,4269,4720,0.582703,18.0225,8.98193,48.02
99294,12557,6119,4041,3393,6218,4678,3799,3382,3896,3757,3298,3176,3358,3353,3105,3124,-27.4663,-32.5476,8.72693,47.5027
99295,3747,4320,5906,4928,3712,4862,8217,5797,3464,4024,4930,4326,3201,3497,3599,3720,-9.64228,9.77491,8.92013,48.1667
99296,8633,9026,4725,3623,5322,5320,4120,3484,3920,3883,3550,3292,3399,3389,3298,3148,-26.34,-14.3558,8.67102,48.088
99297,3243,3464,4104,4598,3362,3872,5084,8000,3429,3733,5138,8561,3225,3475,4283,4894,0.859104,25.7123,8.99264,48.31
99298,3720,5442,10032,6988,3706,4315,5249,4783,3318,3519,3784,3861,3181,3329,3352,3284,-31.9255,10.0873,8.68274,47.9087
99299,3294,3666,4796,6711,3387,3861,5228,10095,3229,3577,4262,5677,3228,3314,3572,3921,-9.0398,29.3523,8.87905,47.8787
99300,3085,3223,3374,3404,3262,3431,3756,4053,3297,3888,4985,6826,3420,4054,6462,11313,21.7026,24.1097,8.91243,47.8887
99301,5090,4357,3584,3268,9006,5037,3821,3310,7826,4724,3631,3361,4504,4005,3429,3182,-1.8373,-29.7739,8.84155,48.09
99302,3883,5364,8975,6362,3718,4618,6248,5123,3380,3693,4007,3893,3101,3295,3382,3434,-20.7597,9.22071,8.65508,48.3173
99303,6388,9910,5973,3997,4786,5377,4400,3704,3756,3769,3621,3422,3279,3422,3364,3134,-27.5984,-7.62231,8.7164,48.2013
99304,3244,3323,3492,3258,3582,3999,4158,3962,3982,5523,6933,4784,4114,5719,7270,4998,15.8549,4.23141,8.56421,48.2273
99305,3371,3928,6047,12013,3340,3910,4814,6699,3144,3384,3695,3993,3075,3155,3435,3427,-24.1046,29.5156,8.54267,47.62
99306,3434,3431,3226,3179,3965,3782,3464,3148,6284,4752,3877,3304,12466,6104,4044,3308,27.101,-30.3174,8.56397,47.8453
99307,3464,3399,3322,3042,4040,3892,3512,3175,6823,5076,3949,3388,10903,6769,3976,3389,22.0189,-21.961,8.9817,48.0793
99308,6358,4846,3739,3465,9154,5933,3921,3404,5804,4649,3559,3288,3904,3752,3497,3129,-8.28586,-22.3972,8.53474,48.268
99309,3234,3476,3972,4121,3248,3680,4811,6318,3417,3889,5809,8923,3337,3720,4773,5534,5.45461,22.045,8.68376,48.1747
99310,3200,3479,3942,4283,3324,3710,4644,6964,3353,3763,5414,9434,3265,3598,4432,5557,4.13324,25.5602,8.99953,48.2413
99311,3478,3405,3195,3110,3892,3839,3452,3221,5441,5151,4036,3546,9546,8679,4472,3481,31.4575,-16.1958,8.90923,47.9627
99312,6627,9838,5776,3972,4905,5156,4369,3706,3721,3759,3594,3366,3217,3332,3251,3171,-31.1411,-8.60212,8.74361,47.84
99313,3977,5385,8288,5778,3777,4837,6782,4968,3441,3810,4073,3796,3176,3366,3427,3347,-17.8139,7.37531,8.93391,48.152
99314,3942,3973,3740,3386,4828,6041,4368,3620,5383,7630,4896,3733,4332,4772,4099,3558,3.48336,-8.64285,8.55889,48.2007
99315,11210,7294,4131,3514,5838,5049,3842,3476,3938,3850,3491,3213,3393,3443,3240,3133,-30.8581,-20.7641,8.7968,48.0367
99316,3332,3326,3281,3104,3981,3790,3477,3241,6164,4644,3736,3423,12761,5963,4020,3398,29.5029,-28.908,8.69902,47.7607
99317,3357,3298,3263,3179,3680,3798,3626,3315,4621,5245,4440,3808,6120,10040,6433,4066,29.7542,-6.39124,8.98843,48.1927
99318,5014,5251,4008,3433,6791,7592,4409,3559,4980,5321,3777,3441,3874,3829,3571,3183,-6.65153,-13.5788,8.59135,48.022
99319,3467,4564,8527,9296,3467,4095,5141,5531,3238,3496,3807,3986,3215,3282,3463,3351,-33.9084,16.0681,8.73903,47.9507
99320,4464,3937,3375,3095,7027,4787,3660,3296,9318,5343,3805,3276,5424,4375,3563,3302,3.91457,-28.1706,8.68197,48.0313
99321,3335,3951,6656,12246,3489,3848,4826,6044,3305,3441,3752,3928,3159,3284,3370,3392,-31.405,24.1053,8.80734,48.0173
99322,3494,3798,3975,3637,3768,5063,5273,4196,4148,6319,7155,4467,3930,4459,4767,4048,4.84349,1.9234,8.96346,48.3313
99323,5811,4481,3496,3338,9634,5215,3767,3368,6519,4608,3746,3355,4121,3889,3417,3202,-5.29163,-29.6427,8.85409,47.978
99324,3402,3786,5973,12582,3359,3738,4851,6025,3303,3411,3870,3928,3190,3236,3353,3481,-32.716,27.7382,8.78085,47.6587
99325,3145,3178,3387,3329,3180,3485,3888,3885,3431,3833,4810,6640,3335,3893,6082,12091,24.948,29.2069,8.62093,47.728
99326,3429,3473,3445,3549,3692,4096,4529,3944,4032,5732,7556,4929,3950,5216,6248,4715,12.5543,4.57459,8.69893,48.3567
99327,3711,4038,3828,3425,4207,5671,5237,3891,4479,7008,5947,4073,4090,4506,4241,3772,2.9757,-2.27364,8.63532,48.0827
99328,5263,4567,3722,3312,8456,6071,4018,3483,6318,5118,3763,3239,4283,3999,3425,3156,-4.2878,-20.0449,8.87724,48.1287
99329,3134,3229,3337,3363,3237,3479,3785,3898,3312,3728,4878,5998,3379,3967,6022,12637,27.9814,30.4045,8.60615,47.5887
99330,6765,10064,5740,3747,4758,5208,4415,3618,3741,3808,3626,3272,3364,3395,3269,3234,-30.5278,-8.82015,8.87552,48.016
99331,3448,3860,6187,12523,3430,3748,4819,5978,3215,3427,3786,3868,3127,3244,3399,3416,-30.5476,26.9757,8.63503,47.65
99332,3382,3781,4757,5336,3384,3938,6573,8063,3401,3833,5080,5968,3361,3587,3941,4140,-5.28163,18.3117,8.79779,48.35
99333,3397,3751,4629,5071,3494,4191,6706,7599,3419,3963,5348,5893,3327,3490,4025,4111,-4.07881,17.1735,8.64044,48.276
99334,3182,3332,3499,3438,3355,3486,4009,4568,3422,3835,5488,8221,3356,3879,5618,9324,16.2321,24.573,8.69008,48.008
99335,3255,3340,3716,4060,3332,3638,4597,5572,3331,3986,5879,9258,3289,3838,4965,6282,8.23138,22.5824,8.66902,48.2253
99336,3353,3944,6065,12665,3423,3689,4677,6060,3309,3401,3829,3864,3195,3203,3303,3336,-28.9561,29.5636,8.86974,47.544
99337,3564,3959,5345,5746,3539,4123,7338,7399,3397,3966,4759,4838,3191,3461,3752,3842,-8.79063,15.357,8.60593,48.146
99338,3338,3572,4023,4241,3246,3773,5252,6583,3433,3869,6066,8114,3298,3683,4513,5305,3.36383,19.527,8.66105,48.206
99339,3460,4088,5699,5411,3638,4654,7644,6548,3479,3857,4973,4761,3254,3431,3810,3641,-8.92799,12.8184,8.64318,48.232
99340,3461,3807,4915,5434,3408,4144,7010,7795,3317,3845,5050,5482,3143,3533,3850,3937,-6.39682,16.9053,8.91189,48.0873
99341,3464,3314,3225,3046,4082,3814,3515,3236,6672,5004,3943,3382,10905,6842,4036,3421,22.5548,-22.1868,8.81887,47.934
99342,4158,5700,6281,4540,4148,6039,7287,4642,3614,4236,4375,3899,3310,3432,3636,3321,-12.9774,2.56669,8.73852,48.412
99343,3215,3320,3638,3644,3327,3676,4372,4954,3478,4033,6350,8485,3454,4001,5435,6790,11.5676,19.7729,8.82361,48.1147
99344,3438,3389,3281,3074,4381,4115,3476,3227,8324,5025,3775,3463,10138,5537,3954,3400,17.5825,-29.8224,8.90782,47.998
99345,3286,3332,3311,3310,3333,3655,3858,3697,3678,4443,5372,4954,3847,5694,9833,6885,30.3855,9.60449,8.66699,48.3253
99346,4021,6288,9932,5944,3717,4496,5353,4637,3377,3682,3879,3527,3181,3257,3378,3182,-27.5636,6.76376,8.9355,47.9007
99347,3235,3286,3483,3285,3584,3865,4050,3659,3958,5217,6610,4702,4188,6047,7979,5151,17.8634,4.33783,8.82599,48.1993
99348,5087,4809,3736,3259,7871,6759,4104,3459,5838,5247,3965,3453,4014,3963,3478,3225,-5.02383,-17.3828,8.89728,48.178
99349,3156,3498,3899,4273,3477,3802,4881,6678,3426,3944,5701,8941,3329,3709,4615,5328,4.20061,22.1726,8.84285,48.438
99350,10475,7732,4280,3489,5896,5005,3801,3509,3944,3783,3505,3265,3433,3401,3217,3046,-26.2581,-19.0693,8.90539,47.854
99351,3325,3455,3246,3154,3672,3955,3819,3373,4918,6423,4873,3888,5779,8575,5784,3979,19.5154,-7.11684,8.95153,48.1453
99352,4043,4003,3656,3352,5335,5889,4099,3436,6571,7239,4389,3484,4801,4675,3898,3388,3.74067,-13.7215,8.71885,48.172
99353,3711,4085,4347,3812,3991,5510,6462,4531,3891,5528,6557,4331,3683,4041,4286,3820,-0.0150565,2.68668,8.96507,48.3907
99354,3249,3273,3225,3166,3847,3788,3457,3267,6351,4804,3731,3349,12234,5984,4009,3457,26.0578,-32.2523,8.60346,47.4607
99355,3237,3584,3942,4067,3544,3820,5473,5411,3464,4195,7268,7101,3488,3842,4899,4998,4.91662,15.1379,8.71794,48.222
99356,3669,4271,4875,4459,3852,5156,8170,5332,3696,4334,5713,4517,3394,3632,3926,3744,-5.21532,7.57619,8.9515,48.4933
99357,3146,3347,3654,3603,3460,3658,4670,4565,3611,4428,7534,6513,3556,4316,6102,5809,11.374,13.2498,8.72164,47.9813
99358,5245,8498,6790,4278,4378,5727,5144,3942,3638,3811,3828,3528,3331,3512,3403,3161,-21.5394,-3.11956,8.96294,48.1427
99359,4645,7892,8506,4942,4169,4790,4940,4296,3604,3863,3686,3605,3283,3441,3324,3243,-32.7023,0.951054,8.71823,48.1527
99360,4972,8755,7691,4610,4180,5083,4868,4093,3573,3755,3757,3558,3300,3300,3396,3249,-28.6353,-0.97891,8.67725,48.0933
99361,3427,3583,3368,3251,4063,4160,3716,3358,5906,6928,4439,3668,6614,7384,4743,3686,16.5647,-11.842,8.6911,48.196
99362,8330,9324,4777,3628,5334,5428,4184,3588,3736,3832,3593,3311,3290,3327,3260,3142,-26.7405,-13.51,8.88462,48.056
99363,5109,7120,5178,3848,5199,7519,5353,3851,3906,4285,3927,3494,3467,3600,3410,3255,-14.3145,-6.34573,8.92468,48.3473
99364,4717,6273,5348,4038,4966,7447,5769,4076,3882,4513,4224,3664,3469,3540,3454,3282,-12.3928,-3.89373,8.52767,48.4413
99365,3302,3438,3244,3189,3664,3937,3733,3465,4768,5691,4513,3793,5998,9467,5966,4065,23.8549,-6.96689,8.58902,48.1553
99366,3729,3798,3272,3265,4852,4921,3833,3282,7296,7524,4451,3562,5645,5415,4046,3597,8.65055,-14.867,8.93949,48.3253
99367,3205,3379,3562,3672,3362,3700,4492,4673,3538,4373,7144,7138,3440,4108,5913,6302,12.2407,15.323,8.7109,48.0007
99368,3056,3271,3473,3356,3273,3586,3847,3900,3513,4079,5519,5791,3656,4566,8440,8309,22.6281,15.1977,8.89548,47.7567
99369,3683,3483,3305,3097,4640,3923,3454,3246,8705,5354,3845,3377,8801,5711,3851,3408,15.1167,-25.2934,8.82516,47.922
99370,11478,6798,4142,3496,5936,4995,3865,3346,3924,3907,3505,3252,3401,3378,3297,3067,-30.8465,-22.3008,8.52435,47.858
99371,3144,3214,3393,3344,3293,3496,3873,4077,3356,3780,5084,7091,3526,3912,5915,11199,20.9912,33.7548,8.74377,47.798
99372,3742,4922,9316,8233,3646,4168,5219,5266,3326,3585,3848,3838,3154,3277,3377,3321,-27.726,13.196,8.77172,48.1587
99373,3456,3946,5537,5908,3464,4321,7236,7528,3350,3825,4755,5056,3168,3512,3713,3779,-8.83226,16.0434,8.51536,48.3693
99374,3355,3492,3527,3480,3635,4019,4274,3867,4176,5949,7124,4703,4152,5430,6534,4589,13.7743,2.96265,8.66316,48.204
99375,3907,4910,4993,4111,4292,6796,7238,4312,3932,4805,4956,3910,3333,3697,3725,3505,-7.05331,0.579041,8.94397,48.2813
99376,3734,4921,8188,6696,3673,4493,6632,5752,3277,3637,3986,4001,3125,3215,3422,3425,-18.1851,11.5908,8.65631,48.118
99377,3373,3393,3192,3070,4173,3881,3566,3274,6902,5198,3845,3438,10105,6947,4098,3399,20.926,-20.7009,8.83608,47.9027
99378,3284,3722,4616,5836,3378,3768,5028,9921,3294,3685,4491,6420,3287,3410,3908,4038,-6.14522,29.4937,8.93206,48.0573
99379,3134,3375,3738,3795,3219,3749,4459,5859,3322,3781,5164,10062,3292,3797,4658,6348,7.93081,31.6263,8.99173,47.8347
99380,3636,4515,7048,6761,3571,4321,6918,6446,3390,3649,4320,4162,3087,3316,3496,3536,-15.4447,13.7981,8.92618,48.1147
99381,4186,5911,8034,5304,3963,5083,6509,4739,3590,3764,4075,3788,3134,3354,3448,3248,-18.3429,5.12955,8.90947,48.0867
99382,3318,3743,4442,4844,3517,4104,6619,7210,3440,4140,5796,6249,3276,3573,4104,4275,-2.41467,16.5397,8.99802,48.4333
99383,3721,4229,4961,4323,3914,5327,7716,5128,3664,4560,5677,4410,3488,3730,3989,3809,-4.99741,6.62633,8.528,48.4307
99384,3489,4357,6455,6734,3506,4224,6762,7263,3260,3741,4245,4493,3252,3371,3691,3601,-13.5458,15.5626,8.55307,48.296
99385,3445,4365,7378,9321,3376,3935,5584,6469,3327,3544,4048,4049,3030,3177,3419,3404,-20.5882,18.226,8.88807,47.914
99386,3253,3366,3446,3238,3606,3795,3903,3530,4328,5383,5411,4222,4842,7799,7641,4677,21.8015,-0.634625,8.54407,48.2933
99387,3329,3369,3324,3218,3612,3774,3732,3500,4279,5071,4842,4024,5197,9078,7484,4529,28.1065,-2.43726,8.81,48.2413
99388,3424,4091,4657,4562,3620,4679,7483,5829,3478,4192,6141,5214,3382,3756,4131,3990,-2.75067,10.7769,8.52741,48.4193
99389,3420,3296,3198,3194,4029,3850,3536,3248,5880,4961,3978,3494,11351,6851,3971,3241,33.7342,-21.8282,8.59793,47.6653
99390,4564,4703,4011,3412,5947,7477,4648,3553,5149,5991,4157,3397,4048,4071,3756,3367,-3.35091,-11.3587,8.58901,48.1673
99391,4202,5354,5450,4141,4312,6728,7090,4453,3714,4472,4570,3868,3478,3686,3624,3473,-9.92172,0.618596,8.75219,48.41
99392,3480,3561,3286,3125,4258,4344,3711,3361,6379,7106,4403,3557,6473,6905,4407,3663,14.4135,-13.2115,8.7071,48.0127
99393,3247,3446,3624,3513,3411,3940,4473,3975,3844,5285,8019,5143,3956,4845,6622,5053,12.566,6.55333,8.82944,48.264
99394,3619,3577,3320,3101,4730,4267,3619,3267,8365,6000,4015,3387,7701,5989,3980,3332,13.7612,-20.9594,8.70549,48.1793
99395,3839,5242,9106,6972,3709,4473,5818,5117,3406,3629,3965,3909,3149,3230,3405,3349,-22.6272,10.3436,8.63191,48.212
99396,3985,3698,3413,3162,5999,4501,3613,3357,9798,5319,3768,3423,6218,4779,3707,3317,7.43638,-29.2925,8.72926,48.038
99397,3121,3267,3332,3310,3324,3517,3867,3914,3319,3799,4792,6371,3381,3988,5986,12416,25.3161,32.1046,8.89439,47.8027
99398,3105,3056,3298,3398,3233,3535,3720,3987,3424,3731,4787,6250,3493,4029,5896,12488,26.3785,33.2782,8.74467,47.62
99399,3255,3300,3325,3447,3505,3865,4065,3611,4074,5209,6051,4448,4399,6625,8063,5107,19.9381,3.22652,8.71121,48.2327
99400,3461,3396,3253,3027,4134,3939,3532,3154,7418,4915,3784,3352,10746,6219,3981,3385,20.4494,-25.0473,8.81375,47.7973
99401,3124,3482,3802,3960,3422,3860,5153,5095,3388,4110,7554,7434,3448,3862,5177,5340,7.62927,15.4026,8.86773,48.1407
99402,3106,3299,3335,3355,3415,3631,3743,3778,3616,4442,5283,4983,3806,5524,9799,6903,28.0054,9.43122,8.761,48.012
99403,6311,8883,5508,3988,5087,6288,4663,3769,3886,3963,3701,3420,3333,3435,3258,3099,-20.9599,-8.35867,8.61664,48.3947
99404,3570,4117,4959,4603,3658,4896,8031,5555,3560,4183,5730,4753,3288,3678,3938,3851,-5.06917,9.09347,8.73372,48.2467
99405,3397,3658,3611,3475,3776,4341,4681,3901,4171,6422,7303,4593,4071,5166,5497,4405,9.47411,1.81103,8.67268,48.312
99406,3329,3792,5042,7620,3421,3739,5311,9693,3228,3626,4170,5268,3206,3456,3657,3652,-11.5441,29.3882,8.51228,48.14
99407,3335,3606,4155,4903,3350,3718,5044,8470,3363,3702,4904,7853,3254,3548,4071,4704,-0.998965,27.2315,8.54809,47.9867
99408,3183,3308,3424,3336,3144,3527,3806,3963,3419,3792,4891,5975,3387,4035,6964,11730,31.812,22.0723,8.88833,47.9227
99409,3326,3355,3316,3066,3844,3823,3608,3355,4905,5471,4360,3644,7111,9847,5609,3818,27.3678,-10.0007,8.90955,48.3053
99410,3469,3422,3218,3154,3940,3752,3427,3269,5945,4690,3746,3448,12568,5857,3910,3366,31.9701,-31.5071,8.77269,47.454
99411,3213,3200,3392,3310,3119,3429,3695,3994,3336,3803,4779,6123,3409,3937,6226,12600,27.376,27.8713,8.96379,47.71
99412,4657,7311,7432,4642,4316,5618,5689,4382,3520,3930,4002,3566,3404,3306,3415,3270,-20.0835,0.261739,8.61569,48.3067
99413,3491,4043,6742,11537,3446,3858,4902,6155,3231,3400,3769,3979,3093,3231,3445,3425,-26.1177,22.5058,8.56551,47.8313
99414,3239,3245,3313,3381,3358,3592,3843,3768,3599,4319,5506,4915,3802,5402,9808,6974,26.3064,10.4175,8.74676,48.0427
99415,11382,5798,3924,3412,7308,4869,3870,3228,4100,3824,3569,3235,3408,3415,3270,3132,-21.1501,-31.5711,8.72583,47.8293
99416,3081,3350,3543,3752,3200,3473,4242,5198,3336,3905,5339,9799,3405,3805,5186,7581,11.693,26.5386,8.92482,48.13
99417,3385,3349,3187,3208,3940,3833,3417,3239,5934,4825,3755,3403,12266,6528,3985,3367,29.7049,-24.4626,8.80665,47.7473
99418,3450,3647,3649,3530,3681,4383,4861,4017,4056,6014,7739,4685,3882,4919,5331,4329,8.79314,3.44992,8.93289,48.1153
99419,3423,3542,3302,3088,4119,3814,3462,3345,6693,5132,3832,3303,10823,6803,4168,3345,22.5908,-22.5941,8.55465,48.1293
99420,3788,4610,5030,4223,4006,5970,7711,4821,3733,4471,5116,4124,3390,3613,3853,3731,-7.25229,4.45406,8.52694,48.1267
99421,6679,4897,3752,3393,9916,5262,3835,3471,5435,4360,3652,3222,3811,3669,3418,3228,-9.40708,-31.9212,8.91064,48
99422,3084,3159,3474,3402,3265,3466,3921,3966,3457,4010,5127,5795,3479,4484,8344,9717,26.4667,17.054,8.88268,48.1
99423,12436,6413,3909,3371,6031,4651,3790,3359,3914,3755,3473,3185,3348,3348,3176,3218,-29.8738,-26.2426,8.82301,47.5847
99424,3239,3666,4465,5938,3401,3840,5360,9962,3340,3520,4439,6283,3176,3408,3859,4110,-6.10497,28.77,8.83503,48.004
99425,3420,3356,3212,3117,3973,3845,3402,3149,6651,4972,3801,3392,11877,6229,3915,3330,23.8522,-26.1995,8.66004,47.7607
99426,3928,4423,4369,3775,4434,6817,6357,4072,4120,5565,5334,4037,3680,4027,3912,3592,-3.25815,-1.1842,8.93106,48.2947
99427,6798,8373,4825,3711,5671,6522,4471,3682,3991,4088,3632,3270,3304,3487,3406,3108,-18.6779,-11.2966,8.97353,48.226
99428,4318,4195,3739,3257,6282,6055,4079,3467,6878,6590,4232,3416,4638,4507,3618,3369,1.59734,-15.8608,8.98415,48.4267
99429,3085,3184,3371,3400,3199,3457,3674,3960,3520,3857,4778,6467,3430,4058,6359,11831,24.6116,25.6111,8.63609,47.7533
99430,3399,3936,5851,12186,3323,3693,4835,6493,3203,3442,3836,3960,3187,3227,3371,3323,-25.2697,31.1273,8.73881,47.51
99431,3987,3828,3402,3068,6060,4454,3627,3202,9614,5552,3857,3486,6278,4779,3772,3352,7.56765,-25.3316,8.72273,48.212
99432,3175,3559,3996,3886,3293,3923,5167,5100,3518,4408,7372,7196,3422,3893,4994,5193,6.27443,14.8796,8.78207,48.0633
99433,8739,8939,4761,3527,5657,5345,4129,3591,3844,3854,3650,3231,3353,3394,3298,3122,-24.7577,-14.6764,8.9971,48.2893
99434,3298,3450,3422,3315,3626,3902,3941,3722,4322,5591,5444,4136,4752,7644,7254,4645,20.2322,-0.642745,8.60346,48.3093
99435,3241,3342,3791,3847,3453,3857,4916,4807,3475,4605,7678,6610,3531,4248,5718,5499,9.32626,12.8435,8.50882,48.412
99436,9609,7636,4290,3513,6192,5346,4038,3360,4145,3818,3505,3303,3416,3494,3198,3116,-22.4227,-18.4287,8.71902,47.986
99437,10894,6396,4075,3477,7165,5146,3784,3397,4169,3797,3557,3151,3489,3390,3246,3112,-20.743,-23.9415,8.99573,48.1633
99438,4012,4677,4645,3839,4365,7063,6422,4138,4176,5419,5092,4027,3591,3941,3901,3471,-4.60875,-1.24758,8.80582,48.5193
99439,3102,3296,3422,3575,3293,3455,4088,4455,3418,3899,5149,8673,3391,3884,5392,9313,15.7979,30.3863,8.80669,47.87
99440,3237,3397,3491,3479,3505,3836,4263,4074,3763,5096,7675,5372,3851,4959,7189,5331,14.5168,7.60286,8.93218,48.3453
99441,7139,8539,4906,3646,5754,6247,4469,3512,4085,3938,3672,3278,3389,3429,3213,3074,-19.427,-12.1527,8.88332,48.1933
99442,3382,3825,6137,12544,3410,3803,4720,6447,3215,3468,3792,3970,3111,3184,3316,3405,-26.1554,28.8663,8.81726,47.8193
99443,3432,3380,3291,3001,4139,3980,3589,3266,6871,5469,3957,3375,9479,7169,4239,3436,19.9707,-19.5517,8.82129,48.0487
99444,4097,5441,6396,4587,4140,6042,7167,4684,3552,4139,4380,3900,3290,3586,3562,3499,-12.8929,3.02104,8.57637,48.308
99445,3121,3267,3362,3468,3350,3647,4189,4013,3531,4455,6331,6106,3611,4709,7694,7449,18.4125,13.6912,8.50284,48.202
99446,3704,5347,9756,7234,3515,4228,5183,4938,3382,3546,3958,3808,3143,3324,3387,3449,-31.5027,10.5954,8.54915,47.9347
99447,3474,3473,3299,3107,3741,3823,3677,3235,5017,5247,4281,3637,7342,9761,5257,3719,30.958,-11.1762,8.56487,48.06
99448,3421,4136,6462,8410,3458,4095,5887,7506,3230,3645,4027,4433,3019,3308,3591,3399,-16.6717,19.5967,8.55689,48.018
99449,3898,4999,7005,5322,3835,5161,7631,5192,3525,3928,4326,4015,3197,3362,3491,3538,-14.2277,7.29724,8.93594,48.2833
99450,3749,4157,4385,4036,3989,5896,6695,4441,4045,5355,5912,4304,3638,3973,4060,3627,-1.82294,1.92849,8.88862,48.1747
99451,4374,3996,3526,3150,6825,5059,3692,3455,8673,5745,3737,3235,5197,4507,3686,3327,3.24098,-22.1069,8.92627,48.1227
99452,4695,4949,4020,3399,6349,7598,4472,3486,5176,5795,4065,3501,4047,4047,3704,3297,-4.31588,-12.3339,8.69874,48.4
99453,3251,3410,3311,3215,3499,3751,3830,3563,4015,4986,5419,4467,4452,7127,8677,5112,23.4124,2.6555,8.75119,48.0567
99454,3419,4180,7183,10978,3319,3915,4998,6273,3249,3462,3823,3949,3054,3255,3363,3418,-24.2176,21.1571,8.59297,47.892
99455,3485,4509,8866,9423,3544,3998,5116,5333,3320,3519,3899,3945,3050,3310,3359,3319,-29.2516,15.7747,8.9337,47.9967
99456,3018,3236,3350,3461,3222,3332,3697,4257,3413,3697,4899,7268,3327,3973,5966,11495,21.086,28.259,8.65668,47.7407
99457,5252,7516,5442,4005,5081,6975,5166,3839,3909,4222,3792,3510,3402,3509,3434,3273,-16.1168,-5.95815,8.6395,48.218
99458,6314,4722,3699,3310,9976,5193,3801,3497,6093,4492,3652,3411,3970,3908,3432,3156,-7.43721,-31.1159,8.81526,48.4173
99459,7661,4943,3804,3386,9612,5246,3774,3395,5313,4265,3602,3257,3876,3602,3402,3181,-11.2308,-30.1524,8.56423,48.2127
99460,3334,3442,3324,3245,3807,3824,3687,3290,4857,5096,4383,3625,7206,9957,5381,3841,29.9927,-10.3625,8.68646,48.1993
99461,3270,3651,3814,3558,3601,4270,4898,4170,3878,5630,8044,5051,3848,4729,5525,4568,8.78788,5.80127,8.76854,48.3367
99462,3145,3198,3393,3376,3402,3487,3866,3889,3528,4081,5227,5495,3500,4634,8424,9624,27.647,16.277,8.90179,48.1793
99463,3934,5573,9632,6854,3662,4297,5465,4931,3353,3667,3809,3684,3242,3311,3331,3295,-25.3168,9.51857,8.74172,48.0267
99464,3493,3439,3222,3028,4445,4008,3574,3239,8076,5464,3818,3360,9416,6017,4035,3398,17.3183,-23.007,8.91273,48.0213
99465,8424,9140,4857,3685,5240,5297,3973,3464,3902,3856,3511,3271,3329,3448,3265,3197,-30.1009,-13.8374,8.62225,47.906
99466,3802,3973,3649,3454,4396,5720,4604,3825,4940,7573,5591,3854,4156,4836,4354,3718,4.61844,-5.4492,8.73626,48.2967
99467,3237,3290,3396,3295,3669,3791,3834,3600,4055,5219,5697,4409,4501,6996,8303,5038,21.7991,2.50214,8.56092,48.22
99468,3581,3855,5798,11929,3419,3690,4847,6985,3279,3485,3774,4037,3161,3276,3360,3427,-22.342,30.7861,8.84593,47.9353
99469,3393,3425,3344,3175,3931,3799,3329,3267,6101,4586,3761,3454,12558,5986,3917,3324,31.1589,-32.2978,8.6106,47.5667
99470,3264,3934,5948,12387,3397,3702,4770,5899,3234,3379,3888,3893,3260,3319,3414,3370,-32.9467,32.7088,8.71816,47.372
99471,3578,4610,8487,8703,3552,4042,5407,5636,3224,3629,3874,3969,3086,3326,3375,3458,-23.6125,15.2227,8.64149,47.9707
99472,3156,3403,3948,4307,3274,3659,4730,6849,3337,3852,5257,9183,3341,3573,4451,5559,4.10923,26.8522,8.72514,47.9193
99473,3205,3667,4527,4755,3422,3990,6459,7421,3424,3928,5654,6444,3274,3589,4156,4375,-1.9906,17.3963,8.88984,48.1933
99474,3190,3328,3338,3246,3557,3821,3765,3554,4185,5241,5009,4258,4830,8154,8142,4870,25.7856,-0.358344,8.68508,48.3253
99475,3440,4391,8576,9262,3549,3897,5074,5525,3182,3582,3889,3861,3191,3296,3455,3461,-32.8278,16.1893,8.58687,47.754
99476,3438,3753,3923,3530,3993,5128,5331,4097,4207,6687,7052,4264,3947,4565,4739,3945,5.04417,0.697971,8.96968,48.3993
99477,6031,7930,5022,3746,5385,6928,4733,3715,3978,4166,3649,3459,3438,3559,3280,3105,-17.3253,-9.0741,8.57639,48.0827
99478,3154,3580,4065,4161,3470,3976,5666,6032,3511,4158,6800,7124,3279,3687,4742,4897,3.46407,16.0453,8.72527,48.2013
99479,12596,6102,3909,3256,6351,4777,3766,3442,3850,3724,3501,3219,3460,3342,3187,3113,-26.2896,-31.4889,8.93589,47.73
99480,3146,3251,3388,3375,3260,3605,3835,3833,3412,4096,5325,5202,3590,4858,9288,8436,29.7107,13.481,8.67817,47.9333
99481,3528,3510,3450,3218,4113,4176,3754,3416,5607,6930,4643,3578,6181,7410,4713,3741,16.1495,-10.161,8.61271,47.9787
99482,11245,7158,4239,3453,5680,4918,3895,3269,4017,3753,3438,3272,3456,3489,3273,3205,-31.6412,-21.2598,8.54611,47.84
99483,3401,3844,5852,10183,3350,3817,5205,7926,3205,3587,3899,4514,3053,3188,3415,3486,-18.2167,28.1628,8.829,47.95
99484,3528,4343,7915,9812,3483,4017,5266,6009,3108,3533,3935,3942,3091,3191,3439,3396,-24.0181,17.9234,8.88741,48.0053
99485,3428,3993,5221,5620,3508,4218,7151,7793,3374,3758,4820,5173,3203,3400,3657,3908,-8.28654,16.0399,8.68441,48.15
99486,3463,3970,4097,3834,3868,5039,6014,4215,4064,5648,7083,4617,3753,4263,4457,4109,3.0108,3.179,8.64872,48.3293
99487,3378,3779,5072,7643,3412,3916,5292,9509,3282,3527,4272,5040,3075,3209,3587,3779,-11.8563,31.4046,8.72682,47.848
99488,3331,3523,3341,3156,3885,4121,3973,3410,4981,6942,4862,3900,5627,7886,5548,3935,17.1818,-6.74118,8.83983,48.2807
99489,3222,3265,3376,3163,3655,3791,3782,3541,4245,5068,4727,4030,5191,8955,7692,4600,31.5804,-2.0242,8.97155,48.202
99490,7639,5995,4056,3407,8122,6041,4061,3376,4699,4191,3580,3287,3569,3540,3345,3125,-14.233,-19.4903,8.94231,48.022
99491,5719,4469,3571,3231,9408,5306,3694,3290,6782,4758,3549,3336,4263,4081,3351,3164,-4.81454,-27.4764,8.77776,47.9813
99492,9305,7741,4356,3507,6090,5427,4087,3574,4012,4015,3636,3305,3438,3408,3262,3134,-22.4729,-17.0992,8.53034,48.198
99493,3385,3498,3252,3144,4054,3966,3494,3352,6388,5589,3976,3528,9524,7308,4305,3480,21.3642,-18.3572,8.80107,48.162
99494,3389,3915,6074,12081,3385,3759,4811,6707,3236,3484,3837,3997,3148,3295,3277,3382,-24.4149,27.945,8.78046,47.8513
99495,3657,3555,3320,3254,4823,4103,3603,3243,9311,5229,3786,3440,8017,5169,3770,3473,13.1635,-32.5049,8.55322,47.8353
99496,8812,7517,4284,3564,6357,5611,4012,3471,4150,4006,3499,3226,3320,3474,3261,3120,-20.5334,-17.3974,8.51102,47.7893
99497,3454,3746,5445,9115,3417,3855,5073,8803,3249,3421,4053,4538,3138,3263,3459,3438,-15.6814,31.2625,8.68226,47.6447
99498,5808,4455,3655,3267,9568,5298,3694,3378,6597,4531,3657,3262,4286,3836,3424,3247,-4.94803,-29.8233,8.67182,47.9753
99499,3476,3828,4110,3858,3730,4995,6260,4553,3854,5374,7187,4788,3653,4138,4559,4068,1.99984,5.0509,8.73113,48.2873
99500,12617,6070,3964,3464,5903,4722,3803,3429,3784,3592,3382,3200,3329,3341,3305,3195,-29.573,-33.2881,8.62419,47.4
99501,3602,3581,3332,3131,4579,4191,3447,3236,8566,5726,3916,3345,8284,5798,3957,3408,14.7348,-22.3584,8.68816,48.066
99502,4035,4314,3750,3493,4987,6482,4551,3698,5197,7270,4784,3753,4162,4456,3990,3563,1.32979,-8.11723,8.51004,48.3233
99503,3272,3841,4371,4898,3433,3913,6220,7504,3352,3851,5601,6426,3271,3725,4160,4411,-1.83366,18.085,8.64841,48.166
99504,3502,3443,3222,3160,3896,3732,3562,3228,5868,4865,3976,3349,11786,6908,4113,3439,29.2802,-22.0732,8.86434,48.0327
99505,3490,3466,3128,3147,4247,3965,3733,3223,7556,5144,3805,3348,10751,5898,3926,3434,20.2049,-27.2247,8.52702,48.174
99506,3308,3458,3197,3149,3929,3884,3434,3336,6466,4916,3746,3328,12238,5913,3955,3433,25.3261,-31.3863,8.59482,47.7933
99507,4739,4225,3569,3241,8185,4898,3736,3295,8148,4955,3707,3389,4845,4156,3481,3266,-0.0263628,-29.7982,8.59444,47.89
99508,3106,3218,3362,3424,3230,3408,3640,3988,3391,3728,4681,6105,3335,3982,6027,12731,31.0334,29.1106,8.66664,47.5707
99509,4282,5831,6494,4566,4119,5999,6849,4635,3685,4093,4335,3868,3370,3489,3465,3467,-14.1696,1.97075,8.51479,48.3647
99510,4300,4624,3931,3560,5079,7408,5113,3859,4648,6212,4709,3853,3798,4107,3765,3483,-2.61673,-6.72439,8.58499,48.2993
99511,11462,5999,3852,3399,7300,5089,3821,3392,4028,3848,3467,3211,3442,3473,3248,3074,-21.1697,-27.444,8.9754,48.07
99512,3290,3452,3528,3376,3647,4219,4303,3860,4154,6241,7262,4518,4179,5676,6187,4482,12.9548,1.9945,8.86639,48.2493
99513,3278,3676,4588,5342,3453,3823,5788,8722,3326,3810,5044,6548,3251,3528,3976,4234,-3.48504,21.6747,8.8925,48.258
99514,3291,3339,3391,3248,3483,3764,3667,3558,4248,5183,5021,4138,4870,8345,7794,4617,24.8006,-0.852528,8.74249,47.9713
99515,8489,9539,4922,3715,4961,5186,4008,3500,3803,3703,3553,3277,3220,3363,3340,3056,-29.8893,-13.3051,8.99505,47.7567
99516,3377,3993,6337,12283,3325,3814,4786,6367,3236,3493,3799,3801,3109,3216,3338,3413,-26.3857,25.2555,8.88505,47.7913
99517,6050,4671,3625,3368,9796,5179,3743,3449,5997,4395,3763,3344,4050,3705,3447,3253,-7.15747,-33.1563,8.77178,47.89
99518,3553,3537,3373,3173,4943,4082,3620,3247,8991,5219,3850,3484,8548,5117,3874,3481,14.0114,-30.5885,8.5316,48.0613
99519,3420,3461,3137,3105,3967,3601,3384,3193,6207,4648,3731,3380,12978,5963,3848,3387,28.6422,-29.1617,8.98711,47.6067
99520,3389,3898,5964,12804,3427,3864,4828,6037,3225,3402,3754,3923,3213,3201,3369,3312,-29.2212,31.6491,8.59495,47.74
99521,5904,4596,3628,3266,9884,5234,3796,3326,6374,4615,3598,3272,4026,3863,3420,3189,-6.08435,-32.9681,8.82683,47.994
99522,3203,3480,3393,3409,3614,3855,4339,3902,3968,5351,7556,5043,3938,5195,6808,5059,13.9835,5.75839,8.66111,48.0753
99523,8286,8888,4772,3671,5550,5408,4226,3551,3880,3799,3734,3408,3366,3384,3224,3146,-24.388,-13.9128,8.60613,48.1953
99524,3107,3258,3404,3292,3314,3548,3857,3910,3580,4186,5576,5259,3719,4901,8938,8091,24.2271,13.3852,8.54508,47.96
99525,10132,7711,4295,3493,5938,5367,3964,3437,3953,3868,3550,3159,3382,3360,3195,3036,-24.5553,-18.4747,8.5691,47.8933
99526,3370,3896,6070,12416,3411,3833,4776,6033,3225,3367,3735,3822,3203,3254,3345,3434,-27.0341,33.5725,8.91342,47.46
99527,3147,3254,3358,3442,3268,3545,3923,3814,3419,4154,5132,5305,3622,4825,9334,8258,32.178,13.231,8.64959,47.8667
99528,3378,3696,3991,4025,3608,4407,5993,4762,3697,4933,7540,5356,3539,4003,4775,4399,3.38419,8.40244,8.60467,48.068
99529,3759,4192,4556,4025,4134,5884,6954,4500,3972,5194,5811,4336,3520,3969,4098,3676,-2.63103,2.46082,8.74967,48.3867
99530,3390,3482,3243,3170,4012,3749,3516,3197,5879,4928,3753,3391,11457,7177,4123,3523,31.6778,-21.5427,8.65348,47.9933
99531,3013,3363,3587,3528,3317,3429,4186,4398,3466,4044,5850,7599,3518,4055,6343,8400,15.9117,19.2886,8.77937,48.064
99532,3806,3709,3388,3203,4993,4752,3702,3474,7570,7367,4214,3426,5637,5478,4108,3418,8.92728,-15.7144,8.638,48.1633
99533,5979,8641,5518,3954,5024,6398,4822,3735,3738,4050,3737,3393,3406,3424,3190,3192,-19.8137,-7.63166,8.51493,48.134
99534,3587,3704,3494,3137,4592,4729,3858,3457,6563,7860,4536,3699,5500,5866,4309,3535,10.2681,-12.3035,8.50673,48.284
99535,3362,3607,3563,3313,3859,4440,4200,3716,4490,7035,6374,4170,4427,5877,5513,4205,12.2157,-1.53833,8.78348,48.1007
99536,5651,9455,6544,4024,4465,5472,4548,3862,3715,3798,3715,3533,3324,3446,3391,3116,-25.0781,-5.02337,8.62874,48.0393
99537,5210,5134,4045,3506,7097,7314,4357,3446,5218,5261,3946,3466,3955,3892,3535,3138,-6.52985,-14.226,8.57139,48.3467
99538,3913,5717,9951,6671,3689,4404,5207,4639,3352,3660,3892,3801,3147,3359,3420,3248,-28.9092,8.53348,8.72928,48.0467
99539,3173,3127,3319,3433,3235,3510,3819,3837,3347,3814,4791,6330,3405,4050,5934,12569,26.9175,31.6726,8.61471,47.7953
99540,3631,4111,5083,4744,3818,5103,8050,5416,3515,4235,5517,4443,3275,3535,3936,3745,-6.61407,8.24727,8.72799,48.1047
99541,8600,5380,3879,3355,8921,5148,3853,3462,4778,4009,3518,3230,3711,3509,3325,3217,-14.2971,-31.5068,8.57366,47.93
99542,3750,4657,5779,4766,3807,5339,8248,5408,3600,4104,4871,4256,3320,3553,3752,3555,-9.70365,7.19524,8.97,48.51
99543,3401,3270,3257,3125,3820,3954,3529,3394,5095,6278,4528,3725,6379,9117,5631,3981,21.2613,-8.49149,8.80439,48.3227
99544,3495,3747,4192,3913,3709,4591,6173,4728,3728,5028,7613,5181,3533,4078,4714,4182,2.86322,7.71422,8.59325,48.4033
99545,4202,6305,8304,5278,4164,5109,6191,4650,3540,3839,3999,3654,3211,3394,3436,3381,-19.461,4.08342,8.91578,48.438
99546,5325,4342,3679,3247,8477,5799,3881,3364,6756,4978,3769,3287,4319,3978,3424,3204,-3.20816,-21.4151,8.69376,47.886
99547,8904,6140,3877,3376,8009,5684,3944,3334,4485,4194,3531,3259,3687,3490,3250,3093,-16.1789,-22.2454,8.81995,48.1713
99548,3325,3290,3220,3204,3560,3749,3712,3549,4297,5181,4980,4019,4988,8694,7735,4552,25.3779,-1.46721,8.87949,48.0367
99549,4019,4621,4750,3935,4294,7044,6534,4264,4049,5131,4990,3898,3564,3811,3773,3506,-5.34922,-0.65873,8.99428,48.122
99550,8664,9229,4784,3619,5418,5226,4157,3530,3794,3870,3497,3245,3240,3406,3201,3085,-29.0329,-14.3022,8.71096,47.9767
99551,3378,4014,5862,12621,3350,3703,4812,5997,3269,3492,3747,3865,3184,3216,3304,3352,-27.8055,32.7278,8.64928,47.444
99552,3162,3448,3590,3682,3386,3562,4326,5247,3295,3763,5493,9570,3345,3809,5094,7224,10.859,24.9496,8.86766,47.9973
99553,3662,4378,5001,4244,3823,5643,7975,4773,3645,4536,5549,4278,3428,3716,3875,3683,-5.67501,4.5921,8.95224,48.1393
99554,3058,3405,3520,3445,3472,3712,4130,3971,3692,4552,6781,5438,3755,4945,8015,6416,17.7406,10.1506,8.81463,48.2047
99555,7712,8430,4780,3711,5678,5940,4174,3678,3857,3988,3610,3287,3395,3504,3337,3098,-21.0784,-13.5341,8.68765,48.1193
99556,3188,3347,3329,3340,3452,3650,3891,3633,3873,4720,5309,4460,4238,6951,9377,5517,26.7022,4.3913,8.58779,48.1833
99557,3433,3348,3157,3057,3994,3768,3556,3283,6674,4817,3774,3326,12239,6102,3942,3372,24.0152,-27.4233,8.86295,47.8947
99558,3277,3588,3990,4413,3370,3723,4709,7473,3316,3689,5121,8715,3306,3510,4245,5198,2.30335,31.9533,8.7118,47.762
99559,3385,3380,3212,3007,4192,3896,3457,3293,6876,5251,3921,3449,10200,6781,4229,3358,20.6707,-20.7692,8.50291,47.9247
99560,3237,3650,4112,4482,3370,3751,5213,7117,3380,3857,5662,8251,3283,3717,4311,4953,1.76768,21.4675,8.83039,48.2307
99561,3137,3201,3340,3379,3206,3314,3761,3917,3441,3812,4631,5966,3216,3939,6308,12432,29.5371,28.6238,8.64348,47.3333
99562,4517,7568,8218,4956,4184,5303,5411,4251,3502,3772,3844,3655,3333,3395,3240,3248,-22.515,1.50204,8.92223,48.2647
99563,3589,4028,5271,4713,3654,4774,7913,5910,3476,4248,5391,4828,3368,3628,3964,3803,-6.00066,10.4225,8.62432,48.372
99564,3219,3711,4363,5165,3330,3838,5767,8365,3324,3724,5129,7024,3181,3455,4005,4440,-2.43688,21.5581,8.80068,48.0267
99565,3148,3179,3396,3288,3160,3458,3817,3883,3376,3771,4698,6242,3375,3892,5857,12809,27.7232,30.9222,8.65658,47.566
99566,5390,4806,3639,3294,7938,6597,4124,3377,5951,5245,3904,3317,4029,3851,3498,3147,-5.00175,-18.0026,8.8996,48.0713
99567,4868,4839,3925,3437,6507,7548,4430,3598,5202,5551,3973,3397,3930,3965,3584,3355,-5.50602,-13.0683,8.62779,48.0727
99568,3556,4555,8364,9720,3498,4028,5085,5530,3252,3460,3881,3871,3104,3238,3327,3473,-27.3637,16.659,8.58779,47.9613
99569,5877,9849,6552,4199,4528,5151,4544,3784,3510,3816,3633,3346,3443,3311,3323,3208,-30.8076,-5.45774,8.81365,48.0493
99570,3126,3411,3711,3683,3336,3735,4358,4658,3607,4015,6734,7643,3449,4102,5878,6716,12.3922,17.0714,8.95601,48.108
99571,3344,4139,6796,11053,3384,3740,5015,6590,3237,3431,3851,4147,3145,3252,3500,3420,-23.0078,22.2602,8.88867,48.0293
99572,3398,3456,3286,3141,3935,3792,3506,3260,6196,4732,3874,3423,12503,6145,3993,3323,28.8294,-28.5917,8.54753,47.9753
99573,3256,3366,3215,3193,3667,3782,3640,3414,4652,5432,4524,3837,6294,9887,6014,3992,26.2571,-7.63236,8.85622,48.11
99574,3121,3218,3340,3427,3319,3539,3932,3927,3452,4108,5445,5894,3480,4382,8171,9252,22.6339,16.6866,8.85178,48.0047
99575,3165,3289,3440,3407,3212,3331,3607,3940,3319,3888,4703,6036,3323,3865,6237,12842,30.6709,27.3145,8.81326,47.736
99576,3343,3793,5367,8187,3334,3790,5133,9247,3210,3607,4148,4773,3192,3342,3570,3681,-13.1871,33.8382,8.72021,47.8113
99577,3769,3682,3301,3111,4967,4302,3497,3271,8609,6112,4037,3547,7260,5681,3914,3454,12.2427,-20.3673,8.71055,48.3427
99578,3445,3889,6381,12090,3343,3875,4990,6394,3177,3453,3922,4070,3064,3221,3350,3448,-24.9125,25.2665,8.8645,48.0747
99579,3407,3287,3262,3144,3901,3816,3503,3207,5798,5145,3904,3420,10787,7767,4263,3365,26.6116,-19.3347,8.76761,47.984
99580,3386,4022,6018,13003,3373,3749,4890,5924,3254,3380,3688,3716,3201,3172,3308,3443,-28.3852,32.7978,8.93783,47.6847
99581,5535,4598,3638,3303,8909,5696,3982,3334,6726,4784,3645,3343,4418,3998,3434,3254,-4.52317,-23.1441,8.52281,48.398
99582,3407,3914,5444,5952,3483,4142,6917,8123,3384,3732,4723,5174,3236,3357,3810,3768,-8.94748,17.3667,8.64366,48.3773
99583,3607,4071,5888,5687,3491,4404,7460,6694,3471,3878,4766,4737,3093,3447,3703,3674,-10.3839,13.488,8.66997,48.0473
99584,3425,3362,3247,3139,3819,3800,3637,3372,4916,6053,4520,3757,6317,9185,5577,3988,21.7065,-8.35222,8.91316,48.076
99585,3461,3486,3215,3046,4287,4044,3480,3272,7377,5405,3906,3441,9811,6666,4027,3346,18.6018,-21.557,8.95679,48.18
99586,3380,3976,6544,10976,3494,3853,5177,6857,3319,3500,3899,4078,3128,3284,3410,3342,-21.7622,22.9002,8.6013,48.1447
99587,10834,6688,4034,3413,7043,5138,3867,3417,4178,3972,3500,3141,3467,3396,3190,3043,-22.0095,-22.3896,8.70676,48.214
99588,4305,4996,4145,3687,5224,7832,5126,3829,4597,5793,4479,3463,3906,4053,3694,3288,-4.53326,-7.24054,8.81431,48.278
99589,3499,3415,3296,3025,4491,4000,3568,3241,7935,5216,3809,3379,10289,5846,3888,3338,18.3469,-27.3512,8.51918,48.1567
99590,3487,3340,3249,3149,3895,3835,3258,3290,5796,4988,3826,3330,11084,7303,4164,3440,29.661,-21.1286,8.56749,47.6227
99591,4057,4349,3919,3450,4708,6816,4849,3684,4878,7073,4920,3861,3963,4292,3892,3505,0.186385,-6.55734,8.72636,48.144
99592,3208,3225,3395,3446,3205,3493,3783,3842,3232,3869,4614,5935,3406,3898,5973,12587,30.2524,31.6014,8.75525,47.4073
99593,3291,3480,3543,3555,3517,3970,4388,3914,3932,5297,7133,5055,3993,5463,7082,5026,14.8259,5.49542,8.63468,48.426
99594,3242,3351,3318,3310,3534,3868,3769,3421,4148,4998,5046,4204,4713,8039,8178,4793,24.8219,-0.0236358,8.56399,47.9547
99595,3506,3284,3304,3093,3787,3735,3421,3251,6197,4689,3788,3423,12397,6075,3940,3477,26.5299,-31.3334,8.51794,47.578
99596,4476,7755,9157,5105,4101,4808,5071,4271,3571,3715,3696,3600,3206,3313,3300,3255,-28.4215,2.0694,8.87571,48.2667
99597,3323,3620,4411,5190,3384,3801,5578,8865,3232,3680,5026,7092,3140,3474,4150,4492,-2.82168,23.3825,8.75916,48.3053
99598,3690,3958,4448,3858,3834,5454,6808,4653,3883,5191,6409,4471,3663,3995,4221,3884,-1.16953,3.9575,8.60126,48.28
99599,3079,3293,3470,3490,3329,3710,4213,4133,3623,4360,6631,6214,3596,4584,7520,6928,16.9184,13.5395,8.89357,48.1153
99600,3101,3207,3402,3369,3417,3570,3900,3916,3582,4474,6023,5283,3842,5192,9143,6843,21.9595,10.3353,8.7656,48.176
99601,3623,4737,7991,7138,3623,4345,6436,5809,3359,3545,4087,4061,3168,3310,3430,3343,-18.6457,12.9298,8.89001,48.0033
99602,3385,3396,3312,3178,3777,3831,3578,3326,5136,5244,4290,3622,7443,9896,5134,3643,32.4915,-11.0128,8.94021,48.1273
99603,11728,6585,4078,3482,6411,4836,3846,3266,4131,3935,3451,3217,3434,3425,3213,3060,-24.6273,-24.1837,8.64425,48.0653
99604,3114,3377,3852,3941,3227,3703,4400,6161,3352,3827,5347,9972,3257,3673,4652,6227,7.14415,26.2785,8.93113,48.0547
99605,3373,3640,4094,5011,3303,3861,5291,8507,3320,3787,5170,7608,3245,3541,4159,4685,-1.18406,24.1341,8.81481,48.3967
99606,3420,3342,3078,3097,3913,3782,3484,3279,5950,5405,3988,3542,9600,8178,4412,3535,24.6871,-17.2229,8.76063,48.0033
99607,3472,3958,6050,11959,3423,3726,4845,6327,3234,3508,3849,3976,3126,3176,3412,3404,-24.867,32.4477,8.54309,47.63
99608,3242,3629,4130,4356,3455,3903,5753,6216,3537,4146,6250,7256,3339,3759,4501,4746,1.88232,17.2125,8.54711,48.1453
99609,3924,3879,3346,3230,5536,4975,3916,3411,7847,6988,4181,3480,5363,5044,4054,3315,6.73224,-17.0458,8.81876,48.326
99610,3250,3319,3392,3183,3555,3730,3686,3516,4387,4956,4732,4037,5189,9302,7379,4409,30.3506,-3.14627,8.97656,48.0147
99611,3059,3304,3496,3629,3247,3638,4206,4846,3366,3740,5329,9343,3300,3951,5202,8211,13.0763,26.317,8.77221,47.9113
99612,3696,5248,10012,7121,3677,4300,5073,4930,3275,3652,3808,3804,3167,3244,3365,3342,-32.9947,10.6549,8.87891,47.8093
99613,3395,3455,3164,3146,4036,3825,3489,3264,6904,4825,3860,3330,11569,5774,3976,3451,22.2431,-33.4549,8.58944,47.642
99614,3171,3381,3648,3955,3253,3529,4325,5716,3363,3783,5284,10124,3179,3620,4924,6773,8.84644,28.3433,8.92709,48.0187
99615,3791,3666,3335,3207,5182,4223,3637,3191,9453,5367,3850,3336,7541,5041,3830,3368,11.2954,-28.6988,8.67232,48.012
99616,3316,3855,5433,9713,3302,3889,5159,8259,3325,3652,3990,4524,3093,3310,3534,3508,-16.7146,28.067,8.52188,47.908
99617,3137,3219,3500,3444,3291,3468,3937,4404,3344,3738,5132,7975,3450,3910,5614,10535,18.6725,29.6711,8.67098,48.0653
99618,6657,8006,4815,3682,5692,6547,4494,3507,4023,4135,3655,3319,3485,3351,3413,3224,-18.0894,-12.0294,8.80821,48.0033
99619,3093,3307,3364,3455,3186,3544,3820,4074,3259,3806,4961,6885,3335,3982,6283,11649,23.2172,25.8417,8.79,48.002
99620,3652,3629,3411,3146,4426,4402,3909,3368,6819,7209,4356,3614,6331,6581,4313,3651,13.1952,-13.9034,8.88962,48.5447
99621,6145,4934,3715,3311,8997,6030,3928,3469,5821,4659,3615,3291,4058,3835,3352,3142,-7.70885,-21.4426,8.80439,48.2013
99622,3505,3464,3298,3032,3921,3890,3699,3277,5460,5705,4142,3491,8132,8749,4810,3688,22.575,-13.5488,8.77745,48.1753
99623,3166,3286,3402,3270,3375,3775,3985,3755,3869,4762,6305,4870,3965,5913,8914,5758,20.411,6.67646,8.75975,48.2467
99624,3174,3647,4291,5229,3283,3741,5223,8865,3428,3707,4783,7460,3245,3571,4092,4381,-2.45945,27.2944,8.58675,48.08
99625,3379,3328,3212,3112,3937,3906,3383,3248,6470,5009,3924,3368,11031,6995,4031,3389,23.2912,-21.8295,8.79885,47.8147
99626,3696,3625,3436,3266,4199,4561,3803,3347,5819,7903,4777,3700,5445,6472,4358,3764,12.1423,-9.93495,8.80772,48.114
99627,3149,3272,3340,3406,3162,3436,3774,3864,3392,3921,5179,5742,3468,4295,8113,10165,28.4118,18.044,8.58001,47.7853
99628,3434,4401,6924,6756,3440,4364,6917,6611,3422,3589,4315,4423,3153,3388,3420,3486,-15.1042,14.4938,8.92162,48.0287
99629,3366,3383,3185,3154,3917,3820,3541,3180,6417,4773,3649,3338,12516,6055,3961,3419,25.6215,-28.4233,8.81877,47.7827
99630,3377,3461,3373,3153,3902,4047,3659,3440,5178,6724,4790,3808,6001,8122,5238,3879,18.3045,-8.70749,8.95318,48.1013
99631,3613,4337,6821,6395,3582,4430,7172,6663,3331,3746,4397,4339,3126,3323,3477,3586,-14.2118,13.62,8.83395,48.2253
99632,9210,7722,4382,3547,6163,5576,4086,3482,4003,4017,3606,3378,3496,3427,3148,3110,-22.1255,-17.3237,8.55659,48.2353
99633,5540,4533,3663,3379,9436,5136,3744,3372,6665,4668,3782,3311,4215,3817,3578,3190,-4.45785,-32.7768,8.79703,48.0193
99634,3074,3264,3406,3346,3211,3529,3763,3961,3336,3837,4879,6071,3398,3959,6602,12022,26.5586,24.3723,8.86702,47.772
99635,4081,3779,3436,3267,6523,4338,3609,3278,9861,5260,3855,3337,5926,4642,3626,3293,5.62139,-30.3234,8.99826,48.074
99636,3433,3556,3332,3166,4116,4374,3882,3379,5819,7750,4883,3752,5486,6707,4773,3779,13.0473,-9.52598,8.78394,48.1247
99637,3806,5068,6818,5125,3871,5248,7521,5083,3558,4006,4329,3930,3276,3534,3576,3456,-13.6094,6.71533,8.69871,48.1367
99638,4108,5452,6260,4519,4193,6142,7252,4692,3609,4212,4399,3845,3324,3435,3570,3387,-12.8546,2.99813,8.92032,48.266
99639,11658,6715,4033,3359,6221,4829,3807,3435,4055,3866,3467,3193,3319,3283,3238,3052,-25.9951,-23.0258,8.76035,47.6867
99640,8253,9287,4850,3645,5475,5607,4214,3509,3855,3769,3673,3324,3262,3361,3153,3157,-23.8841,-13.2756,8.91549,48.2627
99641,3430,3604,3463,3059,4084,4226,3763,3347,5795,6980,4542,3686,6267,7636,4876,3594,16.0839,-10.9324,8.68181,48.2347
99642,3392,3442,3284,3065,3787,3893,3470,3116,5566,5162,3933,3472,9968,8437,4306,3454,33.6927,-17.0911,8.89092,47.8313
99643,4275,3816,3501,3143,6618,4651,3699,3412,9501,5504,3836,3354,5699,4433,3657,3278,5.01954,-25.6152,8.7652,48.2513
99644,3419,3985,6727,10786,3378,3852,5046,6702,3254,3470,3943,4159,3087,3199,3461,3395,-22.1486,22.4685,8.81814,47.9087
99645,11626,5847,3929,3257,7024,4854,3838,3360,4074,3861,3491,3223,3407,3523,3146,3085,-21.8614,-29.2118,8.74291,47.6967
99646,4688,4119,3541,3216,8154,4813,3816,3348,8348,4985,3742,3280,4821,4169,3545,3297,0.49931,-29.9128,8.86093,47.9213
99647,7845,5002,3899,3404,9611,5291,3816,3371,5154,4203,3591,3149,3756,3563,3362,3138,-11.7608,-26.9158,8.99998,48.1033
99648,3468,3437,3257,3070,4297,4000,3440,3216,8198,4983,3791,3412,10238,5767,3855,3286,18.0646,-31.1551,8.87325,47.81
99649,3144,3384,3358,3142,3721,3831,3740,3562,4333,5324,4839,3914,5054,8570,7665,4575,25.0424,-1.849,8.65081,48.104
99650,4460,4005,3520,3264,7680,4881,3731,3271,8803,5183,3746,3353,4993,4235,3691,3323,1.88501,-27.5621,8.67726,48.0927
99651,3773,4653,5804,4818,3903,5396,7966,5257,3518,4066,4897,4119,3277,3495,3816,3597,-9.71616,6.59089,8.53935,48.2367
99652,3165,3378,3904,4184,3310,3669,4503,6411,3363,3832,5238,9571,3269,3660,4526,5911,5.77848,26.7082,8.6633,47.9293
99653,3207,3318,3383,3220,3356,3626,3863,3627,3760,4423,5333,4810,4044,5967,9801,6418,30.5388,7.86354,8.61617,48.104
99654,4639,7842,8616,4897,4101,4953,5052,4256,3552,3659,3830,3642,3347,3287,3361,3281,-25.8803,0.922022,8.72738,48.21
99655,5167,9314,7379,4436,4467,5084,4678,3859,3557,3868,3608,3444,3355,3319,3302,3234,-28.3249,-3.06424,8.94832,48.0473
99656,3088,3204,3399,3494,3210,3419,3785,3842,3372,3804,4841,6681,3407,3914,6073,12307,24.1848,28.4257,8.8219,47.8933
99657,3403,4114,7271,9501,3381,3892,5503,6609,3214,3557,3985,4202,3098,3159,3423,3484,-20.7698,19.3544,8.55311,47.864
99658,6711,9964,5659,3891,4935,5509,4416,3622,3826,3759,3586,3412,3431,3336,3278,3074,-25.8757,-9.30367,8.97837,48.2727
99659,3505,4216,6320,7387,3472,4091,6330,7530,3326,3635,4199,4498,3135,3418,3587,3604,-14.8813,17.6201,8.74873,48.1687
99660,3256,3453,3520,3414,3426,4023,4044,3847,3947,5249,6881,4707,4063,5719,7665,5310,16.9537,5.07236,8.68139,48.3493
99661,3098,3328,3440,3398,3371,3726,4081,4091,3608,4455,6575,5944,3567,4770,7849,6794,17.7826,12.5874,8.66661,48.0633
99662,4855,4923,3917,3501,6395,7714,4454,3535,5298,5682,3981,3417,3900,4047,3523,3279,-4.62759,-12.7109,8.83536,48.2807
99663,3095,3432,3540,3505,3343,3649,4247,4230,3535,4454,7189,6365,3703,4605,7008,6398,14.9046,12.6758,8.61329,48.1987
99664,3512,3637,3416,3223,4295,4610,3892,3394,5856,7775,4751,3704,5635,6512,4517,3639,12.2219,-10.352,8.55252,48.2453
99665,6787,5107,3809,3364,9185,6171,4013,3369,5278,4493,3651,3274,3741,3747,3288,3017,-9.96245,-21.1892,8.94234,48.196
99666,3571,4106,6620,7803,3461,4108,6178,7395,3299,3594,4163,4525,3147,3310,3566,3480,-15.933,17.8731,8.88843,48.2173
99667,3466,3372,3430,3238,3803,3864,3545,3355,5066,5266,4141,3714,7786,9495,4992,3618,31.9734,-12.1578,8.5427,48.1007
99668,4577,7085,7257,4643,4115,5718,6049,4518,3544,3850,4026,3547,3290,3447,3500,3252,-18.8518,0.782844,8.58029,48.2787
99669,3327,3626,3988,4169,3325,3951,5600,6032,3522,4149,6587,7339,3315,3794,4692,5020,3.1143,16.4315,8.61108,48.2907
99670,3348,3647,4960,7130,3305,3858,5273,9996,3309,3591,4301,5451,3117,3338,3611,3875,-10.0968,28.2602,8.73339,48.0733
99671,7307,5871,4119,3391,8329,6355,4106,3489,4827,4294,3709,3250,3701,3477,3366,2991,-12.8459,-19.1315,8.98066,48.388
99672,3212,3444,3781,4047,3361,3658,4491,6423,3365,3750,5171,9464,3361,3698,4667,5907,6.02619,32.9871,8.52895,47.8667
99673,3662,4597,8270,7861,3576,4072,5860,6069,3334,3572,3942,3982,3117,3299,3484,3435,-20.5196,14.4487,8.82997,48.088
99674,3268,3411,3322,3249,3539,4035,4054,3736,4122,5867,6248,4424,4469,6577,6958,4725,17.0044,1.44556,8.5443,48.0027
99675,3196,3493,3566,3353,3588,4113,4462,3875,4021,5470,7280,4857,3997,5361,6711,4859,13.7476,4.54385,8.69014,48.1347
99676,5233,5443,4109,3525,6774,7734,4492,3570,4777,5038,3993,3391,3823,3765,3428,3187,-8.67799,-13.338,8.6824,48.188
99677,4220,4455,3896,3466,5264,7189,4682,3587,5227,6749,4545,3647,4039,4292,3881,3418,-0.633612,-9.00787,8.84844,48.3713
99678,3139,3199,3383,3436,3412,3487,3858,3681,3562,4190,5129,5081,3602,5035,9642,7903,31.7154,12.3935,8.90701,47.826
99679,4925,4226,3507,3256,8028,5264,3822,3262,7762,5155,3733,3307,4909,4157,3643,3347,-0.429714,-23.2408,8.55332,48.202
99680,4657,4117,3568,3281,8071,4898,3800,3387,8603,4885,3687,3308,4865,4146,3601,3111,0.774806,-31.6289,8.76742,47.99
99681,3037,3195,3333,3428,3193,3498,3755,3981,3386,3736,4920,6637,3400,3923,6491,11589,23.3641,24.8376,8.93749,47.668
99682,3581,3781,3609,3368,4297,5370,4573,3711,5094,7902,5543,3851,4359,5185,4407,3703,6.24774,-5.85371,8.75037,48.2227
99683,3164,3213,3505,3439,3226,3409,3739,3880,3363,3721,4831,6143,3442,3914,6290,12346,32.0783,26.4006,8.63953,47.75
99684,11874,5835,4033,3394,6714,4856,3863,3357,4016,3816,3484,3263,3376,3396,3197,3205,-22.9569,-30.2724,8.81274,47.786
99685,3126,3360,3494,3256,3319,3583,3907,3843,3695,4337,5272,4972,3746,5376,9681,7374,33.1078,10.5944,8.59382,48.2273
99686,3372,3832,4957,7068,3293,3722,5159,9691,3263,3670,4410,5491,3188,3327,3738,3871,-9.74555,33.8186,8.53953,48.0347
99687,3345,4082,6208,12396,3359,3758,4740,6084,3198,3372,3831,3998,3178,3267,3419,3344,-32.6494,26.1241,8.67751,47.7193
99688,5966,4633,3626,3443,9883,5262,3807,3315,6158,4583,3598,3222,4033,3864,3417,3195,-6.30386,-33.6864,8.5823,48.0033
99689,3509,4295,5929,5696,3543,4625,7696,6543,3341,3744,4849,4573,3182,3295,3669,3676,-10.5892,12.6503,8.87099,48.11
99690,5853,5230,3894,3322,8396,6664,4017,3414,5337,4724,3797,3376,3894,3760,3484,3192,-8.06623,-18.1349,8.91386,48.236
99691,8787,6281,4060,3367,7842,5862,3985,3381,4427,4059,3610,3283,3544,3516,3257,3082,-16.3858,-20.8457,8.74501,48.2287
99692,3663,3642,3435,3110,4315,4684,3798,3398,6039,8175,4768,3666,5450,6097,4538,3597,10.9614,-10.3774,8.99824,48.25
99693,3580,3876,3998,3715,3911,5231,5771,4194,4192,6048,6785,4432,3760,4269,4452,4032,2.60002,1.9172,8.70755,48.164
99694,3317,3456,3272,3224,3885,4014,3566,3273,5441,6079,4296,3761,6861,9132,5122,3707,21.1038,-10.7136,8.75529,48.2707
99695,3279,3618,4604,6417,3350,3810,5481,9940,3336,3671,4435,6063,3137,3403,3789,4057,-7.67966,25.7727,8.89363,48.26
99696,4422,7380,8786,5199,3991,4823,5338,4361,3457,3655,3917,3609,3185,3367,3255,3351,-25.5172,2.35078,8.61128,48.064
99697,3744,4327,4525,3984,4021,5977,7062,4467,4011,5300,5792,4246,3573,3937,4081,3680,-2.75614,2.02638,8.95509,48.4847
99698,4631,7497,8297,5020,4195,5149,5301,4212,3528,3821,3884,3612,3209,3261,3332,3356,-23.4062,1.55079,8.66706,48.2033
99699,3975,3759,3394,3155,6260,4570,3592,3235,9780,5175,3882,3359,6121,4633,3708,3377,6.76391,-32.0933,8.8609,47.9833
99700,3397,3830,5123,7793,3414,3885,5286,9362,3240,3510,4133,5044,3192,3373,3636,3705,-12.3876,32.8316,8.53784,47.9487
99701,3038,3259,3526,3554,3196,3482,4134,4658,3325,3837,5234,8775,3466,3904,5366,8977,14.9976,26.541,8.56985,47.8207
99702,3576,4548,7928,9149,3481,4058,5522,5897,3234,3488,4002,3965,3127,3309,3404,3466,-22.5379,16.5888,8.68439,48.1027
99703,3065,3274,3363,3438,3292,3477,3905,4028,3361,3810,5075,6094,3437,4186,7165,11249,25.7656,21.0272,8.94345,48.146
99704,4804,4136,3486,3280,7636,5655,3893,3314,7545,5622,3864,3380,4726,4206,3553,3211,-0.0795742,-20.1826,8.80208,48.2073
99705,3999,5790,8972,5844,3853,4695,6042,4904,3397,3775,3937,3788,3165,3198,3375,3336,-20.5768,6.99235,8.83557,48.0467
99706,7918,5191,3848,3338,9622,5138,3853,3338,5126,4248,3593,3355,3668,3539,3283,3041,-12.7101,-31.1172,8.57397,48.066
99707,3316,3482,3348,3178,3766,3879,3751,3533,4508,5741,5008,3891,5417,8736,6482,4162,21.7686,-4.26739,8.50613,48.132
99708,3199,3459,3311,3340,3436,3690,3799,3702,4074,4787,5145,4300,4574,7410,8889,5226,27.4827,2.34359,8.61024,48.2273
99709,3441,3850,5366,7013,3439,4007,6212,8683,3311,3626,4491,5050,3166,3326,3689,3846,-10.993,20.5942,8.79162,48.344
99710,3529,3950,4092,3766,3876,5370,6080,4308,4039,5852,6768,4467,3658,4264,4531,3994,1.79877,2.90045,8.58482,48.3627
99711,3819,3723,3292,3119,5009,4560,3635,3399,7862,6997,4188,3460,6217,5592,3992,3356,10.2583,-17.4433,8.50546,48.1467
99712,3057,3313,3492,3498,3265,3526,3957,4613,3403,3762,5339,8465,3382,3949,5747,9283,16.2776,24.7975,8.8986,48.034
99713,3180,3394,3420,3506,3464,3861,4282,3910,3925,5062,7156,5108,3969,5278,7426,5609,15.7929,6.97029,8.54018,48.3667
99714,3420,3833,3984,3953,3614,4676,6243,4728,3672,4890,7626,5173,3565,4014,4439,4176,2.32649,7.27549,8.99375,48.004
99715,3637,3545,3349,3198,4399,4583,3756,3363,6750,7587,4361,3533,6108,6007,4235,3649,11.847,-14.0122,8.79456,48.04
99716,3468,3987,4929,5605,3464,4110,6615,7961,3478,3824,4802,5530,3191,3471,3870,4052,-7.26658,17.9623,8.70575,48.238
99717,3455,3833,5544,8407,3383,3837,5386,8968,3236,3554,4150,4823,3179,3339,3479,3597,-14.1241,24.3142,8.64315,48.1133
99718,3627,4174,4391,4025,4020,5773,7109,4577,3885,5094,6199,4390,3605,3962,4139,3762,-1.90706,3.236,8.91084,48.488
99719,3141,3242,3524,3530,3267,3558,4049,4222,3334,3874,5112,7541,3372,3983,6049,10218,19.2138,23.938,8.5052,48.0107
99720,3260,3537,3918,4207,3367,3779,4598,6726,3383,3820,5014,9479,3286,3652,4476,5607,5.25125,30.5009,8.51402,48.0727
99721,11912,6960,4071,3434,5959,4856,3890,3307,3866,3763,3479,3276,3449,3316,3128,3228,-32.7384,-22.13,8.98834,47.9293
99722,7680,8258,4809,3584,5884,6083,4116,3491,3916,4077,3691,3297,3448,3505,3214,3157,-20.429,-13.9781,8.67304,48.14
99723,3248,3332,3144,3039,3996,3835,3436,3186,6250,4800,3880,3508,12401,6011,3968,3398,27.1772,-30.5249,8.55134,47.6213
99724,3432,3449,3336,3149,3903,4274,3838,3365,5196,7055,4796,3695,5811,7771,5146,3976,16.796,-8.28784,8.82849,48.128
99725,3467,3973,4557,4317,3660,4634,7297,5450,3684,4522,6513,5105,3423,3767,4076,4018,-1.55782,9.83824,8.52331,48.3087
99726,3393,3929,4592,4598,3497,4378,7267,5962,3617,4229,6147,5441,3406,3717,4227,4216,-2.73263,11.8602,8.7601,48.4107
99727,3075,3299,3429,3420,3203,3568,3937,3784,3542,3975,5143,5485,3617,4466,8699,9181,33.4731,15.5177,8.74792,47.882
99728,3531,4417,8560,9436,3351,4026,5148,5395,3381,3645,3906,3881,3090,3266,3337,3497,-33.4011,15.7943,8.88411,47.9113
99729,3316,3525,3671,3585,3297,4012,4838,4353,3810,5024,8197,5748,3635,4343,5757,5062,9.7364,8.80603,8.81447,48.1153
99730,3119,3246,3334,3299,3257,3409,3746,4003,3368,3758,4661,6421,3336,3906,5858,12394,25.3586,28.8253,8.82397,47.41
99731,3404,3433,3209,3209,3877,3769,3458,3234,5957,4675,3588,3491,12336,5973,3861,3357,32.5707,-32.9564,8.70002,47.2207
99732,3002,3308,3390,3458,3290,3729,4055,3933,3713,4641,6503,5147,3752,4998,8405,6414,19.5162,9.38179,8.66377,47.8253
99733,8125,5279,3940,3347,9344,5208,3743,3451,4875,4239,3569,3268,3704,3573,3265,3132,-13.1757,-32.6763,8.52959,48.0413
99734,3571,4106,6606,6791,3488,4229,6909,7139,3365,3775,4298,4464,3071,3267,3564,3547,-13.9279,15.6054,8.89653,48.1267
99735,3271,3437,3438,3101,3729,3850,3794,3488,4451,5894,5011,3998,5293,8530,6563,4305,21.8276,-3.84363,8.51658,48.102
99736,3310,3382,3225,3206,4082,3814,3524,3274,6882,4811,3821,3388,11856,6045,3854,3429,22.3751,-30.3384,8.94716,47.9353
99737,3479,3426,3136,3120,4101,3851,3452,3180,6568,4861,3782,3388,11864,6301,3976,3539,23.6202,-25.494,8.71604,48.016
99738,4198,6038,6661,4623,4276,6099,6767,4551,3732,4132,4253,3752,3242,3475,3476,3336,-15.1491,1.79244,8.86031,48.4073
99739,3336,3625,4269,5080,3343,3838,4961,8902,3293,3771,4894,7621,3155,3621,4029,4427,-1.93476,32.4232,8.60795,48.11
99740,3162,3177,3322,3471,3275,3426,3740,3984,3451,3878,5007,6233,3488,3994,6924,11686,25.9029,23.2616,8.70014,48.1453
99741,3785,5401,9949,7333,3610,4294,5297,4971,3324,3621,3813,3646,3152,3286,3416,3365,-30.7223,10.5099,8.79903,48.1753
99742,3330,4002,5418,9210,3481,3751,5219,8882,3253,3466,4069,4633,3169,3261,3390,3545,-15.4836,28.5585,8.95106,48.0527
99743,3885,4369,3913,3514,4501,6501,5071,3896,4624,7055,5259,3849,3964,4476,3991,3514,1.1859,-4.94586,8.60489,48.2547
99744,8325,8921,4808,3684,5388,5482,4182,3537,3935,3883,3602,3421,3392,3538,3248,3041,-25.1531,-13.8413,8.77264,48.258
99745,4527,4096,3557,3268,7691,4944,3697,3328,8808,4952,3709,3353,4886,4235,3547,3337,1.58542,-31.8392,8.76209,47.9567
99746,3154,3450,3507,3491,3256,3586,4063,4615,3450,3880,5603,8901,3443,3786,5569,8420,14.4006,23.7514,8.8473,48.116
99747,3665,3815,3556,3350,4359,4718,3971,3426,5991,7783,4655,3621,5384,6141,4388,3561,10.9847,-10.5629,8.50064,48.256
99748,3166,3195,3263,3316,3272,3605,3773,3723,3627,4303,5241,5113,3709,5223,9702,7692,28.4712,11.6571,8.62374,47.9487
99749,3024,3248,3372,3333,3247,3439,3863,4072,3451,3764,4908,6934,3384,4037,6177,11637,22.9806,26.7084,8.51009,47.9267
99750,3192,3480,4136,4533,3259,3626,4801,7563,3321,3776,5139,8769,3207,3600,4294,5126,1.98616,31.2452,8.69883,47.8813
99751,10970,7582,4118,3456,5944,4978,3862,3428,3969,3769,3450,3131,3472,3340,3213,3044,-29.4079,-20.2494,8.71988,47.8173
99752,9409,8563,4548,3562,5536,5134,3997,3380,3839,3886,3492,3246,3409,3476,3192,3125,-28.971,-16.1141,8.73509,47.8627
99753,3900,5509,10102,6804,3624,4330,5248,4956,3350,3628,3878,3773,3061,3301,3362,3362,-30.1455,9.36183,8.93731,48.1253
99754,3812,4310,3993,3658,4548,6571,5507,3910,4362,6643,5323,3751,3906,4228,4022,3631,-0.246884,-3.35565,8.69325,48.1167
99755,3074,3128,3379,3379,3121,3456,3768,3939,3296,3787,4833,6039,3432,4061,6374,12435,28.6853,25.9712,8.75291,47.6673
99756,3176,3241,3617,3522,3156,3725,4230,4670,3400,3957,5733,8153,3426,4008,5869,8289,15.2293,21.106,8.63085,48.1147
99757,3237,3439,3208,3009,3919,3889,3569,3281,5666,5553,4126,3465,8554,8775,4829,3572,23.6288,-14.7327,8.7402,48.0607
99758,4856,8216,7853,4664,4216,5245,5116,4106,3567,3859,3842,3438,3290,3360,3296,3212,-23.9243,-0.660541,8.57998,48.0907
99759,6070,4742,3776,3353,9513,5690,3868,3303,6073,4563,3721,3253,3901,3843,3424,3120,-6.91502,-23.8879,8.88528,48.142
99760,3103,3213,3434,3319,3305,3583,3729,3941,3459,3909,5106,5578,3498,4361,8095,10284,31.3394,18.0158,8.85189,47.9447
99761,3084,3145,3482,3369,3209,3504,3900,4234,3448,3906,5254,7699,3344,4027,6201,10731,19.5597,24.5293,8.95351,48.358
99762,3133,3243,3315,3394,3265,3493,3784,3862,3359,3767,4831,5822,3441,3998,6219,12516,29.4565,33.4895,8.64603,47.628
99763,3352,3431,3315,3137,3840,3869,3469,3273,5504,5213,4073,3466,9236,8698,4487,3584,33.4363,-15.7399,8.67744,47.9647
99764,5476,8024,5535,4118,4871,6641,4985,3917,3761,4143,3743,3557,3378,3488,3414,3225,-17.9185,-6.25926,8.54753,48.184
99765,4316,3901,3459,3235,7030,4569,3646,3326,9675,5211,3768,3444,5625,4487,3615,3179,4.33711,-28.2811,8.95688,48.324
99766,3395,3454,3146,3069,4392,3886,3492,3210,8036,5017,3839,3343,10503,5654,3761,3316,18.2142,-29.6829,8.94812,47.6753
99767,3502,4019,4376,3999,3878,5270,7146,4817,3784,4971,6220,4621,3605,3865,4153,3731,-1.62243,5.10575,8.81172,47.9713
99768,8383,8126,4587,3571,5967,5863,4169,3575,4033,4076,3633,3269,3414,3363,3321,3163,-21.3163,-15.3042,8.72629,48.342
99769,3407,3478,3283,3143,3997,4178,3628,3310,5596,6726,4580,3662,6600,8085,4952,3744,17.7614,-11.2518,8.94295,48.246
99770,3421,3394,3222,3064,4259,3882,3535,3183,7322,5175,3889,3356,10752,6419,4019,3374,20.8163,-23.4366,8.75058,48.1773
99771,9423,6541,4205,3410,7268,5618,3900,3437,4371,3993,3600,3223,3467,3509,3191,3046,-18.2358,-20.8193,8.99566,48.1347
99772,3426,3779,3466,3298,4013,4508,4102,3498,4934,7651,5551,3928,4922,6438,5021,3964,12.3588,-5.28878,8.61262,48.3327
99773,3381,3933,5863,11192,3334,3851,4811,7473,3218,3540,3866,4141,3126,3254,3449,3399,-20.7729,27.4307,8.83966,47.8873
99774,3268,3431,3265,3147,3691,3813,3588,3336,4631,5391,4543,3788,6212,9754,6103,4047,28.0156,-6.79904,8.71663,48.0053
99775,3616,4932,9234,8511,3615,4121,5116,5176,3212,3514,3776,3811,3174,3335,3375,3270,-30.3017,13.7487,8.75476,47.8587
99776,3306,3446,3515,3389,3738,4154,4197,3646,4527,6731,6196,4196,4604,6334,6110,4259,14.2765,-1.0306,8.70272,48.232
99777,4775,4142,3530,3241,8526,5179,3747,3312,7988,5119,3778,3378,4712,4061,3559,3168,-0.926835,-24.5901,8.82254,48.1433
99778,3751,4367,4398,3800,3907,6328,6547,4342,3957,5464,5965,4138,3670,3931,4098,3716,-2.11982,1.27972,8.96481,48.2527
99779,3420,3990,5857,10140,3374,3892,5317,8086,3178,3409,4026,4323,3010,3200,3391,3560,-17.9391,25.2394,8.83032,48.1153
99780,9365,5434,3889,3484,8746,5106,3872,3341,4556,4002,3529,3246,3569,3543,3217,3085,-15.9605,-28.6254,8.9626,47.9893
99781,3167,3260,3255,3256,3631,3749,3614,3598,4247,4860,4873,4226,4756,8662,8143,4594,31.2629,-0.731013,8.94799,47.9273
99782,3772,3835,3570,3433,4459,5334,4267,3605,5283,8155,5044,3809,4420,5245,4280,3614,6.61569,-7.81767,8.83391,48.0833
99783,12234,6323,3862,3412,6055,4810,3759,3426,3951,3768,3397,3318,3442,3458,3139,3175,-31.884,-25.5982,8.65903,47.686
99784,6619,9848,5692,3740,4809,5219,4390,3584,3782,3827,3677,3444,3338,3422,3233,3176,-33.6399,-8.80064,8.64271,47.8667
99785,3369,3327,3267,3101,4078,3884,3463,3275,6686,5190,3967,3389,11116,6327,4076,3402,22.6967,-23.9967,8.51243,47.9447
99786,3537,3835,3848,3480,4167,5192,4742,3961,4574,7274,6383,4161,4054,5032,4587,3823,5.61733,-2.24352,8.59239,48.4333
99787,4544,4023,3521,3129,7465,4679,3790,3303,9045,5020,3677,3425,5190,4284,3633,3301,2.27113,-30.5117,8.93641,48.0193
99788,4064,3821,3373,3115,5769,4792,3697,3290,8747,6157,3981,3410,5965,4938,3866,3283,7.2402,-20.7544,8.5207,48.1787
99789,3425,3716,5057,5539,3523,4124,6950,7913,3337,3858,5014,5337,3142,3545,3871,3953,-7.26722,17.0177,8.83144,48.2027
99790,11873,6736,4128,3381,6127,4905,3913,3385,3880,3766,3452,3229,3393,3475,3118,3115,-27.5935,-23.2941,8.76624,47.9173
99791,3837,4255,4065,3680,4284,6376,5702,4141,4166,6117,5733,4027,3678,4210,4136,3660,-0.354607,-1.6423,8.80837,48.0447
99792,3304,3685,4068,4208,3492,3986,5851,5827,3482,4237,6824,6759,3486,3785,4604,4819,2.84794,14.9951,8.62387,48.278
99793,5480,5337,4073,3393,7724,6983,4252,3496,5280,4815,3724,3412,3911,3883,3507,3242,-7.84827,-16.5796,8.61052,48.3413
99794,3232,3619,4231,5196,3395,3732,5108,9074,3392,3701,4901,7650,3154,3418,4066,4421,-2.39018,29.0575,8.74981,48.1933
99795,4196,5198,4667,3930,4658,7470,6129,4079,4043,5068,4640,3771,3493,3710,3677,3418,-7.71026,-2.69099,8.63949,48.098
99796,8250,5537,3898,3310,8896,5625,3849,3314,4824,4093,3619,3216,3681,3657,3206,3020,-14.1491,-23.9602,8.56188,47.9967
99797,3105,3274,3393,3481,3235,3448,3791,4152,3430,3777,4939,7524,3412,3923,5863,10895,19.4318,33.8697,8.98297,47.7613
99798,3185,3379,3413,3316,3323,3678,4072,3958,3526,4282,6308,5788,3714,4747,8004,7276,19.4975,13.0719,8.77561,47.9793
99799,3415,4122,7068,11542,3428,3910,4849,6019,3154,3481,3757,3886,3142,3199,3355,3380,-28.8128,21.9273,8.59732,47.8047
99800,6328,6289,4245,3585,6770,7234,4281,3692,4494,4527,3829,3368,3553,3531,3451,3167,-12.9413,-14.4226,8.53607,48.2293
99801,3437,3508,3290,3136,4047,4106,3657,3386,5475,6349,4360,3665,6886,8485,5034,3718,19.9528,-11.9117,8.5939,48.3593
99802,3169,3385,3390,3433,3260,3717,4045,4115,3692,4366,6564,5711,3741,4683,8137,6899,18.9892,12.2691,8.51748,48.2047
99803,3128,3153,3465,3363,3325,3557,3852,3896,3603,4165,5210,5211,3645,4962,9248,8210,29.1291,12.9947,8.59824,47.9953
99804,5488,9281,6758,4326,4467,5367,4838,3967,3676,3840,3587,3443,3359,3356,3249,3169,-25.0945,-4.42687,8.83752,48.114
99805,3345,3852,4424,4318,3653,4600,7131,5447,3685,4422,6719,5023,3301,3970,4270,4162,-1.12658,9.781,8.81875,48.2147
99806,3505,3541,3271,3124,4603,4042,3589,3219,8616,5265,3879,3364,9250,5440,3908,3355,15.6714,-27.7356,8.5534,47.9807
99807,3322,3421,3245,3182,3819,3914,3698,3538,4881,6155,4766,3848,5851,8831,5786,3945,21.0766,-7.07037,8.53149,48.1347
99808,5268,7113,5296,3949,4937,7101,5160,3974,3850,4276,3877,3501,3443,3577,3445,3408,-15.4532,-5.88451,8.61495,48.1167
99809,5065,5283,4131,3369,6575,7771,4501,3512,4958,5229,4008,3388,3884,3759,3521,3233,-7.4695,-12.7897,8.75422,48.1247
99810,4598,5726,4748,3772,4948,7799,5720,3901,4111,4867,4319,3599,3586,3705,3568,3331,-9.54811,-4.98955,8.72721,48.1987
99811,3423,3309,3162,3084,3916,3746,3496,3181,5985,4830,3860,3299,12457,6363,3885,3440,30.1962,-27.7287,8.64987,47.624
99812,5198,4319,3657,3215,8901,5251,3752,3256,7538,4883,3664,3268,4538,4012,3602,3149,-2.04111,-24.9216,8.85695,48.1353
99813,3290,3313,3347,3243,3598,3817,3802,3548,4300,5116,4957,4100,4845,8650,7530,4345,33.5636,-1.33549,8.60179,47.8673
99814,12876,5844,3751,3330,5870,4752,3618,3293,3852,3603,3423,3363,3478,3353,3325,3183,-33.2269,-31.6372,8.94883,47.276
99815,4709,8442,8141,4644,4053,5077,4990,4094,3558,3711,3754,3502,3237,3359,3377,3213,-29.3499,-0.678229,8.75883,47.9073
99816,4949,8539,8115,4594,4206,5081,4876,4033,3604,3714,3699,3605,3277,3290,3289,3261,-29.9881,-0.879974,8.80514,48.088
99817,12657,6182,3731,3357,5896,4795,3762,3456,3943,3849,3438,3156,3446,3379,3319,3125,-30.0574,-28.5411,8.88932,47.6607
99818,3254,3839,4984,6429,3435,3928,6049,9058,3229,3774,4520,5443,3178,3403,3740,3921,-8.85949,21.4479,8.65229,48.1227
99819,3947,3874,3550,3226,4986,5409,4039,3512,6380,7730,4544,3612,4930,5200,4016,3493,5.53686,-12.2662,8.69922,48.2987
99820,4160,4744,4517,3775,4727,7433,5806,4058,4386,5629,4732,3755,3673,3847,3816,3534,-4.69551,-3.94786,8.5879,48.3947
99821,4824,4309,3672,3235,8009,5654,3900,3370,7395,5239,3855,3369,4578,4174,3524,3211,-1.07707,-21.83,8.68428,48.212
99822,3334,3368,3365,3242,3777,3802,3571,3422,4760,5386,4468,3703,6369,9913,5851,3802,33.0745,-8.07853,8.83792,48.0887
99823,3167,3156,3449,3335,3319,3464,3896,3892,3481,4052,5219,5514,3595,4657,8763,8970,26.4159,15.4259,8.64056,47.9527
99824,3914,5731,9897,6626,3728,4354,5317,4700,3383,3612,3893,3767,3118,3281,3344,3376,-27.6985,8.28272,8.70863,48.0273
99825,4704,4503,3662,3408,7240,6417,4054,3321,6507,5606,3826,3370,4314,4089,3689,3249,-1.87233,-17.6187,8.7543,47.9727
99826,3124,3329,3240,3357,3398,3548,3900,3772,3531,4090,5131,5352,3569,4740,9227,8677,31.7313,14.4017,8.95776,47.99
99827,4195,5108,4766,3976,4356,6965,6720,4358,3882,4800,4842,3927,3601,3790,3775,3417,-7.07671,-1.0005,8.71121,48.3187
99828,3109,3268,3410,3303,3292,3530,3920,3796,3718,4421,5678,5078,3950,5428,9368,6938,23.391,9.72795,8.64625,48.138
99829,12547,6552,3935,3448,6107,4828,3597,3328,4049,3780,3460,3215,3316,3311,3150,3083,-29.4197,-25.115,8.80986,47.804
99830,4156,4892,4658,3921,4492,7521,6333,4149,4068,5099,4851,3885,3532,3805,3619,3535,-6.44884,-2.18077,8.94592,48.344
99831,6742,8676,5180,3843,5279,6131,4450,3653,3922,4071,3582,3415,3356,3523,3334,3117,-20.5165,-10.6057,8.54141,48.1827
99832,3041,3431,3572,3539,3226,3640,4099,4457,3430,4076,5874,7547,3550,4026,6490,8494,16.4802,20.1169,8.53637,48.328
99833,8312,5292,3829,3378,8964,5391,3855,3401,4744,4217,3419,3320,3794,3659,3220,3023,-13.5683,-25.7386,8.75072,47.8787
99834,3694,3734,3422,3069,5467,4366,3628,3238,9685,5533,3869,3280,7039,4863,3817,3353,9.84398,-25.6037,8.76698,48.038
99835,3277,3471,4126,4723,3351,3757,4860,8458,3243,3818,4823,8420,3235,3538,4229,4681,-0.0402564,32.119,8.79008,48.0067
99836,3330,3706,4563,4837,3426,4123,6317,7509,3452,3868,5663,6627,3237,3507,4065,4223,-2.47304,17.9726,8.95383,48.302
99837,3677,4440,5445,4579,3861,5322,8126,5264,3484,4226,5208,4328,3348,3660,3793,3534,-7.88231,6.77083,8.65454,48.1967
99838,3063,3247,3601,3562,3362,3717,4171,4317,3522,4128,6256,7391,3512,4115,6381,7828,15.7659,18.1901,8.50016,48.1153
99839,7811,5708,4038,3389,8714,5883,4064,3381,4736,4165,3613,3187,3683,3565,3310,3196,-13.2909,-21.6905,8.58303,48.2953
99840,3949,5767,9534,6376,3864,4406,5657,4810,3413,3573,3856,3774,3113,3254,3394,3254,-24.2765,7.95389,8.64515,47.996
99841,3359,3964,6011,11467,3363,3908,4981,7158,3304,3423,3756,4050,3031,3233,3392,3292,-21.5028,33.983,8.62116,47.7947
99842,3181,3279,3279,3241,3506,3753,3821,3489,3938,4606,5082,4484,4251,7082,9615,5407,30.8752,3.93542,8.93581,48.0093
99843,5866,5305,4007,3446,7774,7197,4234,3415,4928,4824,3707,3459,3811,3744,3449,3241,-9.11528,-16.5229,8.98876,48.2713
99844,3446,3989,6319,10957,3345,3798,5059,7153,3189,3435,3901,4196,3122,3170,3424,3503,-21.194,24.57,8.58826,48.004
99845,7213,5208,3819,3396,9044,5942,3891,3484,5184,4275,3668,3354,3887,3636,3329,3082,-11.0593,-22.248,8.74324,48.2747
99846,5245,8169,6353,4190,4573,6158,5178,3988,3646,4060,3820,3624,3354,3426,3458,3138,-20.3257,-3.74539,8.53272,48.2533
99847,3337,3899,5188,7794,3412,3883,5390,9456,3249,3543,4300,5046,3030,3346,3759,3705,-12.2715,25.9036,8.65699,48.2247
99848,6166,4755,3596,3362,9266,5892,3892,3441,5933,4625,3728,3336,4017,3776,3362,3207,-6.98198,-22.9215,8.60612,48.236
99849,3426,3672,3745,3501,3703,4368,4818,3944,4143,6117,7517,4538,4010,4944,5590,4463,9.77856,2.55747,8.62115,48.3327
99850,3232,3415,4009,4241,3217,3739,4718,6976,3388,3876,5233,9238,3386,3567,4427,5190,3.76259,33.9613,8.77033,47.9013
99851,3093,3218,3428,3456,3335,3511,3827,4412,3340,3763,5002,8005,3410,3949,5700,10612,18.7355,27.2833,8.82449,48.0407
99852,4180,6600,9550,5738,3807,4656,5163,4435,3465,3791,3913,3625,3209,3341,3349,3356,-32.6934,5.33499,8.58413,48.1187
99853,4579,5223,4310,3686,5145,8329,5378,3767,4335,5207,4321,3530,3637,3833,3636,3389,-7.02759,-6.76778,8.92722,48.2033
99854,3365,3869,5375,7952,3470,3868,5518,9171,3229,3555,4202,4899,3130,3304,3619,3670,-13.0407,23.9708,8.99826,48.1307
99855,5790,8028,5282,3923,5324,6873,4702,3768,4097,4128,3645,3370,3376,3407,3363,3159,-17.3242,-8.30519,8.97508,48.1567
99856,4157,6335,9739,5916,3906,4644,5328,4588,3454,3691,3835,3777,3102,3299,3381,3229,-25.1059,5.84476,8.80416,48.254
99857,4431,4145,3526,3160,7138,4915,3682,3242,8647,5492,3978,3263,5143,4310,3653,3357,2.38332,-23.1421,8.78995,48.0547
99858,3440,3461,3342,3225,3868,3851,3399,3284,5997,4678,3783,3371,12434,5907,3890,3417,31.6216,-32.5436,8.56343,47.5647
99859,3505,3932,3850,3671,4170,5354,5319,3968,4205,6762,6629,4225,3843,4491,4495,3897,3.90676,0.327304,8.99725,48.2107
99860,3418,3365,3203,3264,4205,3862,3318,3256,7131,4978,3815,3387,11592,5919,3939,3398,21.9343,-29.0086,8.73824,48.0333
99861,5034,8410,8060,4674,4139,4892,4929,4132,3604,3802,3710,3487,3170,3352,3319,3333,-29.3093,-0.738281,8.64209,48.0313
99862,4336,6320,7601,4989,4127,5399,6504,4593,3450,3816,4065,3707,3263,3465,3448,3334,-17.844,2.85144,8.76675,48.278
99863,5732,4452,3697,3262,9530,5293,3796,3383,6771,4626,3659,3314,4294,3872,3360,3179,-4.98369,-27.8079,8.63944,48.1467
99864,3385,4005,5027,6234,3421,3984,6413,8470,3358,3652,4636,5195,3134,3385,3723,3970,-8.91608,19.2428,8.78601,47.9947
99865,3033,3275,3345,3232,3384,3528,3747,3941,3596,4154,5400,5032,3898,5267,9892,7377,25.919,10.9395,8.92054,48.0673
99866,3518,3487,3387,3166,4102,4267,3672,3283,5894,6960,4492,3670,6178,7824,4903,3805,16.2,-10.95,8.89864,48.4053
99867,3459,3414,3210,3080,3911,3773,3459,3205,6082,4976,3828,3354,11283,7056,4170,3461,27.403,-22.1527,8.51154,47.814
99868,3167,3348,3752,3700,3292,3692,4490,4643,3505,4182,6957,7569,3438,4146,5806,6481,12.0033,16.4485,8.54731,48.112
99869,4307,4003,3528,3371,5923,5527,3886,3445,7439,6564,4054,3445,5013,4699,3802,3302,4.25808,-16.476,8.59764,48.2053
99870,6708,9654,5636,3823,4857,5359,4426,3697,3709,3834,3594,3437,3305,3297,3246,3190,-27.3014,-8.99435,8.6116,47.848
99871,3123,3497,3458,3363,3491,3960,4193,3802,3936,5216,7007,4955,4147,5646,7577,5190,16.3776,5.62718,8.88962,48.374
99872,4198,6184,7660,5070,4033,5344,6353,4574,3508,3833,3986,3820,3279,3324,3497,3386,-17.9876,3.26991,8.63236,48.0327
99873,3186,3164,3334,3449,3317,3591,3860,3940,3412,3851,5138,5624,3568,4480,8455,9506,33.5446,16.4854,8.87116,47.9167
99874,3474,4026,4641,4233,3879,5145,7453,5002,3737,4578,6084,4668,3540,3802,4119,3859,-2.87687,6.70359,8.57262,48.16
99875,3445,3407,3150,3114,4109,4082,3692,3338,6580,6321,4306,3538,7693,7313,4458,3652,18.0459,-15.49,8.88164,48.132
99876,3225,3256,3374,3287,3209,3491,3768,3932,3378,3797,4807,6259,3385,3814,6062,12411,27.4806,28.5644,8.68553,47.6367
99877,4929,6347,4847,3817,5124,7974,5391,3989,4014,4584,4043,3581,3448,3555,3496,3355,-11.6241,-6.12694,8.68988,48.3293
99878,3164,3345,3344,3306,3546,3794,3872,3635,4138,5565,5683,4342,4534,7136,7980,5090,20.5828,1.68623,8.72295,48.316
99879,3179,3324,3344,3478,3317,3373,3775,3917,3373,3603,4767,5917,3386,3769,5973,12512,32.929,30.435,8.64981,47.338
99880,7624,9784,5035,3520,4974,5170,4142,3564,3736,3859,3604,3335,3285,3427,3375,3204,-32.5652,-11.7642,8.91278,47.7587
99881,4249,5834,5311,4224,4408,6959,6715,4259,3866,4461,4318,3807,3415,3694,3489,3465,-10.9648,-1.04433,8.68991,48.316
99882,6829,7584,4665,3527,6300,6638,4340,3589,4046,4202,3743,3316,3395,3434,3284,3079,-16.9727,-13.2788,8.81253,47.9807
99883,4559,5671,4719,3778,5267,8134,5521,3908,4135,4852,4131,3598,3562,3787,3518,3482,-9.72086,-5.88664,8.97226,48.4147
99884,3075,3461,3748,4042,3299,3668,4522,5965,3410,3883,5597,9772,3229,3796,4593,6208,7.07101,24.8471,8.85392,48.1787
99885,12444,6552,3973,3354,5993,4696,3792,3373,3933,3735,3478,3325,3385,3411,3195,3121,-31.2107,-24.9827,8.66234,47.84
99886,3376,4161,6441,10084,3385,3868,5443,7028,3281,3388,4049,4197,3122,3296,3530,3379,-19.8957,22.0493,8.51296,48.0187
99887,3445,3875,4561,4359,3655,4515,7034,5647,3547,4455,6440,5285,3409,3649,4249,4146,-1.58259,10.8655,8.84296,48.1807
99888,3165,3269,3296,3392,3128,3379,3863,4113,3311,3880,4930,6594,3378,3955,6168,12029,24.4464,26.6012,8.62211,47.9
99889,3246,3668,4816,6248,3399,3778,5736,9680,3250,3632,4521,5863,3101,3430,3838,3834,-7.61901,24.0698,8.79722,48.0267
99890,4609,4166,3375,3320,7259,5018,3719,3377,8484,5357,3842,3361,5100,4422,3724,3246,2.00656,-23.7528,8.5087,48.2527
99891,3280,3378,3402,3232,3625,3904,3968,3602,4397,5994,5483,4110,4792,7629,6961,4311,19.1373,-1.82229,8.67666,48.0453
99892,8829,5375,3860,3325,8876,5125,3929,3453,4638,3997,3665,3207,3582,3558,3249,3157,-14.8522,-29.6759,8.67904,47.8833
99893,3189,3288,3345,3515,3291,3504,3835,3878,3389,3700,4643,6004,3237,3862,5810,12703,33.0392,31.0297,8.93792,47.462
99894,3524,4235,7051,10932,3479,3924,5110,6330,3276,3411,3860,4081,3074,3118,3356,3332,-23.3127,21.1252,8.71264,48.062
99895,3587,4220,5680,5623,3537,4591,7659,6573,3430,3951,4747,4653,3247,3448,3638,3779,-9.91618,13.1725,8.50187,48.242
99896,3474,3406,3249,3179,4577,3959,3604,3214,8911,5112,3852,3420,9302,5441,3998,3286,15.6227,-28.0251,8.89024,47.9893
99897,3482,3553,3345,3085,4428,4065,3554,3318,7508,5869,4027,3410,8442,6388,4045,3504,16.6756,-20.1033,8.56304,48.0153
99898,4935,6666,5298,4056,4911,7306,5521,3930,3960,4386,3898,3668,3369,3596,3450,3318,-13.7284,-4.79266,8.64379,48.1787
99899,3096,3317,3294,3331,3401,3715,3983,3966,3676,4623,6060,5075,3900,5453,9113,6553,21.3011,9.32038,8.77922,48.3707
99900,3528,3538,3288,3147,4383,4032,3685,3234,6983,6341,4316,3570,7499,6960,4336,3424,16.2461,-16.2628,8.90705,48.176
99901,3358,3897,5433,7720,3445,3876,5812,8952,3211,3569,4108,4891,3044,3296,3442,3666,-13.2077,22.8361,8.98411,47.8133
99902,3339,3751,5032,6778,3331,3881,5844,9414,3286,3598,4354,5508,3118,3437,3726,3736,-9.67172,23.3775,8.82105,48.0887
99903,7778,5389,3993,3262,9355,5601,3866,3333,4926,4137,3501,3244,3657,3530,3311,3167,-12.9373,-23.2248,8.97423,48.0333
99904,3074,3207,3448,3363,3250,3596,3833,3912,3604,4020,5597,5391,3720,4779,8929,8073,23.2188,13.287,8.84717,47.864
99905,5418,4757,3678,3314,8379,6400,4095,3368,6010,5127,3736,3439,4066,3823,3418,3191,-5.37827,-19.3927,8.85024,48.146
99906,3284,3545,4219,4728,3406,3763,5097,7923,3305,3777,5063,8330,3250,3593,4261,4771,0.320119,25.0566,8.6159,48.21
99907,3507,4164,6348,7703,3562,4044,6183,7483,3188,3562,4287,4438,3218,3377,3474,3553,-15.3491,18.2471,8.89958,48.0607
99908,3199,3346,3318,3404,3365,3613,3780,3684,3934,4541,5255,4512,4235,6770,9747,5744,28.9585,4.81949,8.71084,48.298
99909,3951,4300,3953,3521,4675,6890,5109,3876,4744,6615,4922,3827,4148,4413,4047,3491,-0.284588,-5.91576,8.62251,48.3213
99910,3084,3319,3324,3166,3474,3712,3667,3588,3898,4718,5185,4626,4166,6855,9611,5605,29.0309,4.88796,8.79177,47.9987
99911,3358,3678,4375,5666,3353,3718,5178,9684,3257,3673,4537,6629,3168,3365,4014,4157,-4.92497,32.833,8.96675,47.8733
99912,2989,3253,3445,3327,3210,3588,3821,3981,3488,3909,5065,6197,3454,4092,6974,11196,25.1281,21.74,8.56008,47.9927
99913,3292,3379,3433,3117,3760,3920,3772,3342,4673,6085,4962,3945,5521,8800,6176,4150,20.5207,-5.21237,8.83571,48.218
99914,3346,3806,5090,7697,3335,3713,5333,9729,3333,3656,4251,5009,3212,3373,3615,3692,-11.7055,31.7934,8.92111,48.1267
99915,3415,3358,3131,3107,3956,3840,3470,3228,6296,4820,3773,3464,12140,6045,3922,3389,26.0093,-32.4445,8.50861,47.5693
99916,3079,3251,3440,3460,3131,3532,3949,4289,3480,3899,5203,7209,3397,3980,6276,10510,20.0285,23.5001,8.6288,48.0567
99917,3111,3402,3911,4113,3330,3705,4579,6514,3345,3797,5131,9830,3305,3678,4570,5812,5.56257,30.8238,8.76312,48.0887
99918,3296,3516,3743,3649,3593,4182,4797,4053,3922,5568,8015,5149,3750,4695,5563,4668,9.1901,6.11232,8.62128,48.106
99919,3333,3361,3305,3190,3540,3906,3749,3492,4157,5037,4677,4032,4976,8760,7670,4466,31.3008,-2.1805,8.60653,47.7673
99920,3478,4246,8019,10376,3497,3896,5063,5530,3303,3480,3763,3778,3057,3211,3403,3447,-30.77,18.2058,8.91118,47.698
99921,3314,3884,4263,4147,3648,4477,6674,5232,3642,4614,7026,5413,3515,3847,4413,4350,0.958044,9.77846,8.61969,48.306
99922,3363,3961,5551,9497,3430,3812,5064,8713,3275,3527,4038,4508,3185,3275,3408,3633,-15.9405,32.5415,8.70489,48.16
99923,3726,4977,8298,6288,3706,4681,6584,5426,3349,3599,4116,3965,3085,3466,3407,3412,-18.2784,10.2888,8.91997,48.0567
99924,3388,3306,3207,3200,3775,3810,3666,3320,4974,5349,4329,3578,7368,9819,5212,3803,33.4749,-10.8211,8.92443,48.0693
99925,3435,4135,6973,10488,3423,3847,5183,6730,3316,3587,3865,4154,3025,3242,3397,3412,-22.7707,21.9166,8.51365,48.1413
99926,3288,3598,4387,5512,3348,3800,5126,9368,3318,3781,4595,7135,3247,3401,4059,4324,-4.15196,29.2259,8.9465,48.1913
99927,3453,3913,4720,4494,3606,4465,7481,6055,3468,4270,6036,5302,3394,3500,4194,4071,-3.20194,12.2386,8.57028,48.2813
99928,3891,3745,3388,3119,5554,4587,3773,3222,8950,6140,3904,3351,6273,4944,3943,3302,8.35226,-21.0064,8.65138,48.0573
99929,4439,4417,3624,3359,6265,6558,4086,3491,6271,6499,4210,3486,4394,4275,3684,3266,-0.18149,-14.2597,8.92967,48.216
99930,3350,3403,3259,3070,3956,3966,3626,3201,5921,5927,4309,3573,7637,8464,4675,3587,20.3258,-13.626,8.97496,47.9493
99931,3634,3991,4176,3863,3930,5399,6314,4452,4032,5517,6605,4362,3695,4087,4187,3909,0.825039,2.73065,8.62422,48.102
99932,3526,3567,3067,3180,4451,3913,3506,3268,8319,4956,3793,3499,9921,5431,3922,3444,17.0249,-31.9575,8.78457,47.842
99933,5598,8386,5790,4082,4918,6630,4964,3884,3806,4076,3755,3470,3434,3273,3272,3176,-19.4572,-6.37348,8.66385,48.3427
99934,4802,5755,4544,3825,5390,8172,5293,3841,4242,4809,4055,3542,3628,3715,3647,3222,-9.78051,-7.22273,8.72319,48.3213
99935,3114,3296,3359,3381,3286,3656,4074,4050,3543,4308,6191,5741,3605,4852,8361,7354,20.0935,12.7121,8.59084,48.114
99936,4257,6866,9343,5573,3898,4643,5297,4573,3461,3704,3709,3720,3178,3332,3340,3318,-27.8117,4.22072,8.64216,48.1413
99937,3084,3176,3508,3328,3357,3474,3774,3984,3316,3836,4876,6436,3444,3880,6019,12449,25.4116,29.9422,8.82511,47.9607
99938,3296,3666,3972,3720,3634,4499,5678,4456,3774,5212,7968,5182,3670,4177,4986,4398,5.32065,6.95964,8.73815,48.192
99939,3631,4650,7628,7166,3668,4292,6469,6121,3303,3603,4074,4130,3179,3372,3494,3441,-17.7068,13.618,8.58487,48.1473
99940,4160,4795,4394,3709,4791,7558,5913,3959,4231,5544,4694,3736,3655,3831,3765,3502,-5.13682,-3.77222,8.64766,48.158
99941,3450,4098,5235,5157,3446,4458,7582,6517,3521,3910,5213,5096,3269,3514,3867,3867,-6.91931,13.3747,8.50032,48.1333
99942,3893,3983,3580,3203,5179,5846,4090,3471,6345,7599,4452,3521,4773,4909,4022,3484,4.40711,-12.5509,8.79251,48.2333
99943,4321,6924,9050,5329,3953,4677,5675,4520,3585,3773,3846,3659,3227,3250,3367,3259,-23.7266,3.9038,8.74517,48.2767
99944,9998,5733,3897,3433,8022,5178,3886,3439,4406,3889,3515,3247,3440,3475,3317,3174,-17.8114,-28.3819,8.56181,48.0327
99945,3124,3333,3542,3626,3300,3689,4528,4521,3515,4374,7099,7157,3475,4131,6273,6432,12.3876,15.2849,8.90487,48.0793
99946,3443,3814,5794,8954,3331,3948,5398,8586,3316,3575,4091,4674,3181,3246,3504,3685,-15.2873,24.7307,8.66641,48.36
99947,3291,3385,3251,3184,4012,3938,3544,3375,5636,5271,3956,3531,9510,8501,4520,3534,25.8196,-16.5711,8.54536,48.2927
99948,3835,3718,3285,3140,5494,4380,3566,3282,9464,5694,3915,3572,7089,4956,3767,3272,9.81279,-24.2786,8.94592,48.286
99949,12486,5836,3919,3364,6500,4691,3782,3394,3987,3824,3414,3245,3255,3302,3248,3050,-25.2469,-31.6786,8.90908,47.5313
99950,3361,3856,5836,12418,3409,3542,4622,6071,3307,3428,3720,4032,3205,3367,3456,3463,-33.7466,32.5507,8.93065,47.3953
99951,3075,3451,3847,3769,3436,3831,4670,4763,3521,4314,7410,7153,3553,4017,5757,5907,10.6445,14.7956,8.60046,48.316
99952,3501,3281,3239,3063,4020,3712,3459,3145,6498,4815,3753,3468,12527,6030,3861,3448,24.8361,-28.8682,8.71378,47.88
99953,3576,3680,3510,3214,4183,4743,4099,3620,5413,7913,5028,3826,5063,6055,4648,3730,10.8324,-7.98924,8.55752,48.2007
99954,3502,4416,7069,8276,3511,4014,6173,6730,3442,3550,4038,4178,3099,3271,3483,3542,-18.1261,17.0317,8.59508,48.196
99955,4482,6802,8185,5068,4113,5197,5963,4440,3597,3857,3846,3623,3360,3354,3393,3236,-20.6507,2.51976,8.8248,48.344
99956,4373,4958,4456,3742,4697,7698,5696,4000,4326,5425,4618,3749,3638,3877,3748,3431,-5.8018,-4.32921,8.66559,48.288
99957,12783,5879,3853,3474,6075,4668,3672,3436,3954,3816,3509,3273,3347,3462,3261,3151,-28.0943,-30.1525,8.91235,47.742
99958,3538,4107,4975,4732,3627,4559,7675,6206,3458,4071,5503,4847,3306,3768,3907,3859,-5.35097,11.9997,8.72911,48.092
99959,3351,3373,3215,3055,3985,3913,3499,3194,6446,5428,3898,3415,10189,7587,4395,3520,22.5915,-19.0963,8.8985,48.3087
99960,5151,5973,4506,3649,5951,8099,4944,3766,4188,4705,3900,3403,3703,3612,3509,3370,-10.5836,-10.0873,8.83443,48.286
99961,3340,3977,5962,9567,3346,3822,5571,8048,3293,3436,3971,4479,3111,3220,3396,3458,-17.1336,23.3559,8.88763,47.998
99962,3765,4095,4061,3762,4084,5883,5991,4220,4263,6014,6164,4212,3766,4222,4221,3793,0.614857,0.00252302,8.79382,48.344
99963,3208,3392,3553,3363,3374,3766,4212,4121,3569,4696,6891,5511,3730,4992,8016,5928,16.9374,9.74554,8.58736,48.2147
99964,3130,3260,3376,3177,3434,3701,3778,3574,3951,4808,5272,4426,4353,7275,9456,5469,27.2512,3.53808,8.93351,48.2933
99965,9645,6190,4034,3436,7728,5406,3879,3326,4283,3970,3623,3272,3628,3525,3337,3141,-17.9994,-22.7798,8.50609,48.282
99966,3494,3400,3386,3141,3868,4070,3679,3392,5004,6685,4767,3716,5661,8420,5393,3901,18.4362,-7.79473,8.95243,47.9847
99967,3699,3407,3364,3222,4903,4218,3528,3232,9217,5112,3869,3339,8510,5137,3962,3337,13.5806,-30.2931,8.56881,48.0373
99968,4014,4973,6574,4892,3979,5423,7581,4887,3714,4057,4504,3902,3391,3517,3596,3542,-12.856,5.41615,8.7428,48.364
99969,3134,3300,3607,3533,3268,3449,4048,4636,3336,3814,5429,8640,3362,3906,5567,9109,15.955,24.8293,8.81933,48.092
99970,3107,3222,3384,3322,3315,3601,3773,3801,3627,4188,5265,5300,3725,4926,9216,8196,26.7724,13.1994,8.71194,47.9787
99971,9545,8473,4465,3493,5524,5040,3956,3548,3757,3884,3561,3247,3349,3309,3235,3192,-28.8896,-16.3498,8.51901,47.7187
99972,5043,8636,7594,4455,4414,5149,4761,4092,3665,3765,3802,3498,3250,3305,3312,3343,-33.1507,-1.97695,8.55302,48.056
99973,3230,3398,3346,3219,3739,3798,3691,3482,4521,5344,4592,3894,5829,9527,6232,4042,33.7754,-6.20854,8.50673,47.9227
99974,2973,3254,3458,3532,3130,3445,3877,4194,3395,3921,5106,7597,3340,3924,5995,10477,19.1686,25.282,8.59541,47.7453
99975,3216,3331,3562,3756,3349,3604,4442,5450,3348,3796,5246,9997,3321,3726,4882,7040,9.55762,31.5661,8.6889,48.044
99976,6404,7050,4414,3737,6157,7249,4377,3654,4309,4329,3704,3374,3517,3535,3313,3145,-14.9937,-12.7565,8.7474,48.1787
99977,3618,4360,7410,8589,3485,3935,6015,6626,3245,3506,4014,4165,3055,3273,3497,3441,-18.9289,16.9974,8.8435,48.156
99978,3338,3801,4963,6078,3438,4099,6515,8529,3354,3801,4785,5598,3076,3361,3726,3915,-7.42173,19.1035,8.83359,48.2513
99979,3466,4589,8644,9409,3484,3999,5207,5530,3252,3405,3861,3850,3069,3188,3417,3339,-26.9655,16.0107,8.85822,47.806
99980,3397,3725,4183,4134,3372,4345,6358,5557,3606,4407,6916,5870,3435,3869,4511,4448,1.22531,12.1994,8.81242,48.0887
99981,3196,3346,3298,3376,3519,3559,3765,3506,4047,4968,5397,4353,4533,7477,8667,5001,24.3082,2.02866,8.97505,48.0053
99982,5136,8778,7970,4532,4216,4959,4823,3993,3712,3819,3644,3523,3185,3303,3335,3239,-29.5446,-1.28191,8.86516,48.1113
99983,6423,4908,3707,3322,9753,5631,3751,3520,5662,4293,3635,3230,4054,3761,3398,3129,-8.20805,-24.4509,8.90998,48.118
99984,6797,5822,4085,3378,7844,6496,3989,3368,4864,4501,3707,3405,3615,3611,3448,3061,-12.1747,-18.0297,8.61442,47.994
99985,3320,3613,4029,4221,3503,3979,5738,5707,3407,4220,7048,6933,3310,3878,4668,4826,3.38697,14.6645,8.87843,48.2667
99986,2984,3211,3429,3404,3262,3566,3844,3982,3359,3960,5208,5807,3404,4424,8138,9695,24.3129,17.2151,8.64997,47.7847
99987,9176,8519,4543,3680,5517,5336,4080,3516,3979,3897,3489,3302,3420,3389,3286,3171,-24.6768,-15.7405,8.76138,48.2
99988,7499,9707,5177,3681,5066,5427,4250,3782,3916,3786,3538,3318,3377,3456,3378,3088,-33.8047,-11.1513,8.94158,48.2973
99989,6537,4855,3778,3327,9610,5820,3780,3244,5663,4455,3601,3356,3977,3834,3455,3088,-8.46369,-23.138,8.89725,48.2533
99990,4308,4453,3853,3388,5225,7088,4616,3635,5307,6790,4527,3609,4071,4267,3841,3459,-0.564981,-9.29979,8.68925,48.2913
99991,3376,3442,3242,3132,4015,3772,3558,3239,6731,4985,3732,3276,11810,5848,4044,3345,22.6894,-32.4687,8.67406,47.698
99992,4024,6094,9737,6063,3739,4459,5185,4625,3371,3702,3873,3757,3211,3245,3355,3290,-32.6135,6.72249,8.68983,47.82
99993,4442,6902,6998,4747,4224,5888,5990,4324,3649,3921,3935,3729,3270,3542,3425,3220,-17.7825,0.530444,8.51853,48.1373
99994,3476,3808,4167,3751,3877,5091,6091,4366,4048,5813,6921,4486,3732,4223,4595,4031,2.17775,3.53233,8.56841,48.3173
99995,3412,3762,4342,4120,3669,4336,6617,5486,3694,4571,7018,5424,3505,3849,4521,4204,0.95372,10.6712,8.69466,48.3533
99996,3434,4158,6067,6275,3556,4318,7283,7125,3343,3774,4550,4645,3155,3341,3625,3592,-11.9466,14.9608,8.58729,48.1607
99997,3364,3407,3295,3166,3826,3953,3478,3249,5181,5467,4302,3565,7763,9289,5083,3851,24.5394,-12.4965,8.68596,48.1593
99998,3126,3226,3395,3324,3277,3537,3755,3735,3703,4413,5080,4916,3854,5775,10178,6655,31.2222,8.82603,8.98992,47.966
99999,3188,3281,3369,3333,3247,3400,3855,4105,3442,3746,4928,6768,3361,4027,5989,11835,23.3664,30.4801,8.60172,47.916
